[name]
unknown

[dist]
# distance from previous block
# <min> <max>
0	53

[block]
# block no. 0 follows, 42 sequences, length 51
# corresponding to MSA columns:
# 704-713,719-721,723-760
name=unknown_A
#
# <colnr> <probs for GDERKNQSTAVLIFYWHMCP>
#	G	D	E	R	K	N	Q	S	T	A	V	L	I	F	Y	W	H	M	C	P
0	0.00963	0.08186	0.01099	0.01029	0.01192	0.00797	0.00912	0.01215	0.01281	0.01650	0.02772	0.05834	0.03001	0.01453	0.00738	0.00246	0.00526	0.66073	0.00492	0.00537
1	0.01194	0.14341	0.59080	0.01496	0.02197	0.01484	0.01833	0.01727	0.01151	0.01673	0.00950	0.01150	0.00717	0.00569	0.00633	0.00176	0.08189	0.00406	0.00239	0.00795
2	0.01322	0.01562	0.05637	0.02348	0.02925	0.01420	0.72396	0.01802	0.01324	0.01802	0.01134	0.01508	0.00849	0.00476	0.00660	0.00189	0.00945	0.00656	0.00283	0.00761
3	0.01253	0.02663	0.58801	0.01527	0.02212	0.12685	0.01821	0.01793	0.01259	0.01713	0.01175	0.01649	0.00953	0.00638	0.00553	0.00181	0.00829	0.07248	0.00272	0.00775
4	0.00697	0.00571	0.00614	0.00604	0.00780	0.00489	0.00453	0.00870	0.01358	0.01700	0.22925	0.05121	0.59148	0.01358	0.00665	0.00187	0.00280	0.01146	0.00546	0.00489
5	0.84197	0.01088	0.00827	0.00740	0.01088	0.01262	0.00609	0.01654	0.00958	0.02525	0.00784	0.00914	0.00609	0.00522	0.00348	0.00174	0.00435	0.00305	0.00348	0.00609
6	0.01481	0.01119	0.01177	0.01018	0.01320	0.01251	0.00803	0.20444	0.37563	0.02569	0.02027	0.01991	0.03237	0.00731	0.00529	0.00171	0.00440	0.00590	0.20730	0.00808
7	0.00978	0.00489	0.00733	0.00733	0.00733	0.00489	0.00489	0.00733	0.00733	0.00978	0.00978	0.01711	0.00978	0.01955	0.02199	0.83627	0.00489	0.00489	0.00244	0.00244
8	0.01505	0.80561	0.02949	0.00963	0.01444	0.02227	0.00963	0.01685	0.01143	0.01324	0.00782	0.00903	0.00722	0.00481	0.00361	0.00120	0.00602	0.00301	0.00241	0.00722
9	0.02139	0.01576	0.01689	0.01295	0.01745	0.01745	0.01070	0.74835	0.02646	0.03547	0.01351	0.01351	0.00957	0.00676	0.00563	0.00169	0.00619	0.00507	0.00563	0.00957
10	0.00796	0.00575	0.00752	0.00708	0.00841	0.00531	0.00531	0.01062	0.01593	0.02257	0.76415	0.04204	0.05310	0.01150	0.00664	0.00177	0.00265	0.01018	0.00619	0.00531
11	0.00686	0.00490	0.00653	0.00784	0.00816	0.00457	0.00522	0.00784	0.01077	0.01437	0.03102	0.79855	0.03722	0.01763	0.00718	0.00229	0.00326	0.01600	0.00522	0.00457
12	0.00686	0.00490	0.00653	0.00784	0.00816	0.00457	0.00522	0.00784	0.01077	0.01437	0.03102	0.79855	0.03722	0.01763	0.00718	0.00229	0.00326	0.01600	0.00522	0.00457
13	0.01129	0.02911	0.77306	0.01604	0.02436	0.01307	0.02079	0.01782	0.01188	0.01782	0.01010	0.01188	0.00713	0.00535	0.00535	0.00178	0.00832	0.00416	0.00238	0.00832
14	0.02055	0.08878	0.01703	0.01411	0.01716	0.71938	0.01077	0.02202	0.01559	0.01373	0.00863	0.01006	0.00725	0.00572	0.00496	0.00143	0.00982	0.00358	0.00286	0.00658
15	0.00794	0.01079	0.19323	0.00983	0.01211	0.00664	0.00902	0.01027	0.01104	0.01521	0.02592	0.60694	0.02989	0.01464	0.00674	0.00216	0.00450	0.01311	0.00453	0.00548
16	0.02139	0.01576	0.01689	0.01295	0.01745	0.01745	0.01070	0.74835	0.02646	0.03547	0.01351	0.01351	0.00957	0.00676	0.00563	0.00169	0.00619	0.00507	0.00563	0.00957
17	0.01129	0.02911	0.77306	0.01604	0.02436	0.01307	0.02079	0.01782	0.01188	0.01782	0.01010	0.01188	0.00713	0.00535	0.00535	0.00178	0.00832	0.00416	0.00238	0.00832
18	0.01567	0.44452	0.19032	0.01223	0.01735	0.20471	0.01240	0.01843	0.01263	0.01438	0.00854	0.00993	0.00721	0.00517	0.00435	0.00139	0.00753	0.00341	0.00252	0.00729
19	0.01870	0.01431	0.01396	0.01123	0.01479	0.09090	0.00907	0.49649	0.02184	0.02976	0.01421	0.01499	0.01052	0.00661	0.00516	0.00157	0.00572	0.00497	0.20699	0.00821
20	0.00818	0.00546	0.00614	0.00614	0.00614	0.00546	0.00341	0.00818	0.00818	0.01091	0.01773	0.03683	0.02046	0.80222	0.02864	0.00546	0.00546	0.00818	0.00341	0.00341
21	0.00669	0.00570	0.00575	0.00574	0.00762	0.00477	0.00430	0.00814	0.01291	0.01540	0.07570	0.05384	0.74603	0.01418	0.00665	0.00190	0.00285	0.01183	0.00525	0.00477
22	0.02114	0.02319	0.01626	0.01399	0.01742	0.52901	0.01082	0.26115	0.01940	0.02091	0.01028	0.01125	0.00801	0.00611	0.00526	0.00153	0.00885	0.00410	0.00380	0.00753
23	0.02102	0.02682	0.01595	0.01450	0.01740	0.77963	0.01087	0.02247	0.01595	0.01377	0.00870	0.01015	0.00725	0.00580	0.00507	0.00145	0.01015	0.00362	0.00290	0.00652
24	0.00675	0.00530	0.00611	0.00675	0.00788	0.00466	0.00474	0.00796	0.01182	0.01479	0.04420	0.42108	0.40618	0.01592	0.00691	0.00209	0.00305	0.01391	0.00522	0.00466
25	0.01321	0.01391	0.01839	0.01546	0.01619	0.08892	0.07060	0.01474	0.00968	0.01392	0.00783	0.01234	0.00747	0.00906	0.01626	0.00232	0.65593	0.00494	0.00253	0.00630
26	0.01217	0.01341	0.02861	0.02098	0.02575	0.01257	0.61883	0.01627	0.01285	0.01740	0.01477	0.15025	0.01348	0.00697	0.00673	0.00196	0.00841	0.00825	0.00326	0.00707
27	0.01063	0.01000	0.01688	0.78870	0.03876	0.01250	0.01563	0.01438	0.01125	0.01438	0.01000	0.01500	0.00750	0.00563	0.00563	0.00188	0.00750	0.00500	0.00250	0.00625
28	0.00805	0.00598	0.00877	0.00877	0.00968	0.00689	0.00669	0.00987	0.00896	0.01286	0.01532	0.02350	0.01467	0.11390	0.70905	0.00871	0.01417	0.00623	0.00305	0.00487
29	0.01393	0.01337	0.02284	0.03454	0.76712	0.01337	0.01727	0.01727	0.01281	0.01839	0.01059	0.01393	0.00891	0.00501	0.00557	0.00167	0.00669	0.00501	0.00279	0.00891
30	0.01063	0.01000	0.01688	0.78870	0.03876	0.01250	0.01563	0.01438	0.01125	0.01438	0.01000	0.01500	0.00750	0.00563	0.00563	0.00188	0.00750	0.00500	0.00250	0.00625
31	0.01505	0.80561	0.02949	0.00963	0.01444	0.02227	0.00963	0.01685	0.01143	0.01324	0.00782	0.00903	0.00722	0.00481	0.00361	0.00120	0.00602	0.00301	0.00241	0.00722
32	0.01082	0.01033	0.01213	0.01129	0.01168	0.08344	0.00865	0.01184	0.00988	0.01339	0.01609	0.24207	0.01811	0.13097	0.03932	0.00297	0.34980	0.00851	0.00346	0.00529
33	0.00665	0.00570	0.00570	0.00570	0.00760	0.00475	0.00428	0.00808	0.01283	0.01520	0.05701	0.05416	0.76483	0.01425	0.00665	0.00190	0.00285	0.01188	0.00523	0.00475
34	0.00804	0.00603	0.00904	0.00904	0.01005	0.00703	0.00703	0.01005	0.00904	0.01306	0.01507	0.02211	0.01407	0.04221	0.77992	0.00904	0.01507	0.00603	0.00301	0.00502
35	0.01400	0.01209	0.01273	0.01145	0.01463	0.01400	0.00891	0.02990	0.75695	0.02354	0.02291	0.02100	0.01718	0.00764	0.00573	0.00191	0.00445	0.00636	0.00573	0.00891
36	0.00806	0.00594	0.00861	0.00861	0.00947	0.00680	0.00649	0.00977	0.00892	0.01274	0.01547	0.02430	0.01502	0.15563	0.66780	0.00851	0.01364	0.00635	0.00307	0.00478
37	0.00668	0.00558	0.00582	0.00602	0.00769	0.00472	0.00442	0.00804	0.01252	0.01508	0.05313	0.16525	0.65625	0.01476	0.00673	0.00196	0.00291	0.01249	0.00523	0.00472
38	0.84197	0.01088	0.00827	0.00740	0.01088	0.01262	0.00609	0.01654	0.00958	0.02525	0.00784	0.00914	0.00609	0.00522	0.00348	0.00174	0.00435	0.00305	0.00348	0.00609
39	0.01580	0.01298	0.01374	0.01182	0.01532	0.01484	0.00934	0.20489	0.57903	0.02645	0.02062	0.01917	0.01533	0.00742	0.00570	0.00186	0.00488	0.00605	0.00570	0.00907
40	0.01589	0.01235	0.01429	0.01169	0.01398	0.01441	0.00927	0.38481	0.01756	0.02400	0.01307	0.01903	0.01175	0.20586	0.01450	0.00282	0.19739	0.00581	0.00430	0.00720
41	0.00740	0.00539	0.00698	0.00730	0.00825	0.00496	0.00520	0.00926	0.01353	0.01858	0.40459	0.36307	0.09598	0.01429	0.00687	0.00200	0.00293	0.01276	0.00572	0.00496
42	0.00764	0.00574	0.00708	0.00674	0.00821	0.00517	0.00506	0.01000	0.01517	0.02077	0.59191	0.04499	0.22645	0.01217	0.00664	0.00180	0.00270	0.01059	0.00596	0.00517
43	0.02234	0.00955	0.01239	0.00971	0.01343	0.00872	0.00777	0.09256	0.01590	0.58820	0.02071	0.02126	0.01449	0.12563	0.00909	0.00229	0.00502	0.00598	0.00631	0.00866
44	0.00700	0.00516	0.00657	0.00748	0.00819	0.00473	0.00518	0.00828	0.01173	0.01549	0.11808	0.57886	0.15254	0.01636	0.00705	0.00217	0.00318	0.03193	0.00533	0.00470
45	0.02102	0.02682	0.01595	0.01450	0.01740	0.77963	0.01087	0.02247	0.01595	0.01377	0.00870	0.01015	0.00725	0.00580	0.00507	0.00145	0.01015	0.00362	0.00290	0.00652
46	0.01167	0.01000	0.01167	0.00834	0.01334	0.00750	0.00667	0.01417	0.01167	0.01834	0.01000	0.01167	0.00834	0.00417	0.00417	0.00083	0.00417	0.00333	0.00333	0.83663
47	0.00804	0.00601	0.00896	0.00896	0.00994	0.00699	0.00693	0.01000	0.00902	0.01300	0.01515	0.02253	0.01425	0.06396	0.75842	0.00894	0.01480	0.00609	0.00303	0.00498
48	0.01227	0.01086	0.01571	0.01738	0.20037	0.01335	0.01151	0.01437	0.01044	0.01656	0.01086	0.01483	0.00948	0.00784	0.01171	0.00198	0.40387	0.00503	0.20495	0.00662
49	0.01273	0.01216	0.01730	0.01823	0.19777	0.01439	0.01229	0.01587	0.07010	0.01634	0.00985	0.01329	0.00870	0.00753	0.01189	0.00195	0.40426	0.00479	0.00295	0.14761
50	0.00792	0.00655	0.00736	0.00688	0.00914	0.00538	0.00509	0.00950	0.01203	0.01576	0.03908	0.22943	0.39914	0.01264	0.00618	0.00174	0.00327	0.01082	0.00476	0.20732

[dist]
# distance from previous block
# <min> <max>
0	1

[block]
# block no. 1 follows, 42 sequences, length 46
# corresponding to MSA columns:
# 762-807
name=unknown_B
#
# <colnr> <probs for GDERKNQSTAVLIFYWHMCP>
#	G	D	E	R	K	N	Q	S	T	A	V	L	I	F	Y	W	H	M	C	P
0	0.01801	0.01499	0.02045	0.01551	0.02010	0.01602	0.20301	0.43503	0.14724	0.02887	0.01455	0.01522	0.01059	0.00638	0.00591	0.00178	0.00676	0.00570	0.00492	0.00894
1	0.00929	0.01900	0.44173	0.01158	0.01712	0.00948	0.01366	0.01361	0.01229	0.01669	0.03035	0.03014	0.33429	0.00919	0.00591	0.00183	0.00596	0.00749	0.00361	0.00678
2	0.01103	0.01056	0.01451	0.06888	0.01532	0.06285	0.07059	0.01280	0.00975	0.01349	0.01168	0.01888	0.01125	0.12835	0.24013	0.00465	0.28111	0.00576	0.00282	0.00559
3	0.02039	0.01794	0.01615	0.01313	0.01709	0.19822	0.01052	0.48709	0.11415	0.02884	0.01353	0.01364	0.00996	0.00664	0.00551	0.00166	0.00692	0.00488	0.00499	0.00876
4	0.01203	0.00928	0.01081	0.00924	0.01219	0.00869	0.00704	0.18853	0.01487	0.02083	0.01952	0.33676	0.02055	0.01035	0.00576	0.00164	0.00428	0.00898	0.00467	0.29399
5	0.01422	0.63557	0.19231	0.01103	0.01661	0.02025	0.01207	0.01706	0.01153	0.01424	0.00832	0.00965	0.00720	0.00493	0.00399	0.00133	0.00652	0.00326	0.00240	0.00746
6	0.01363	0.01520	0.01699	0.01427	0.01714	0.25582	0.20132	0.01693	0.06764	0.01621	0.05261	0.22244	0.04651	0.00934	0.00622	0.00185	0.00714	0.00847	0.00394	0.00634
7	0.00747	0.00576	0.00684	0.00664	0.00820	0.00513	0.00503	0.00963	0.01456	0.01936	0.44958	0.04776	0.34140	0.01277	0.00669	0.00185	0.00283	0.03767	0.00576	0.00508
8	0.01221	0.01155	0.01685	0.62947	0.03420	0.05424	0.01473	0.07744	0.01263	0.01609	0.01006	0.01444	0.00766	0.00601	0.00645	0.00188	0.05983	0.00493	0.00279	0.00654
9	0.01824	0.01989	0.01758	0.01964	0.23651	0.38544	0.01237	0.14238	0.01663	0.01885	0.01264	0.01417	0.04862	0.00618	0.00540	0.00158	0.00808	0.00472	0.00345	0.00764
10	0.00804	0.00603	0.00904	0.00904	0.01005	0.00703	0.00703	0.01005	0.00904	0.01306	0.01507	0.02211	0.01407	0.04221	0.77992	0.00904	0.01507	0.00603	0.00301	0.00502
11	0.48872	0.01045	0.01032	0.00861	0.01240	0.01105	0.00707	0.02137	0.05199	0.30731	0.01408	0.01356	0.00965	0.00601	0.00443	0.00175	0.00452	0.00421	0.00492	0.00756
12	0.01646	0.21193	0.12379	0.01233	0.01693	0.09748	0.01139	0.20259	0.21082	0.02215	0.01359	0.01379	0.01040	0.00621	0.00506	0.00161	0.00641	0.00462	0.00412	0.00832
13	0.01393	0.01337	0.02284	0.03454	0.76712	0.01337	0.01727	0.01727	0.01281	0.01839	0.01059	0.01393	0.00891	0.00501	0.00557	0.00167	0.00669	0.00501	0.00279	0.00891
14	0.48766	0.01299	0.01199	0.00980	0.01372	0.01471	0.00808	0.33253	0.01687	0.02966	0.01029	0.01103	0.00760	0.00589	0.00441	0.00172	0.00515	0.00392	0.00441	0.00760
15	0.00674	0.00535	0.00606	0.00662	0.00784	0.00467	0.00469	0.00797	0.01194	0.01484	0.04579	0.37558	0.45066	0.01571	0.00688	0.00207	0.00303	0.01366	0.00523	0.00467
16	0.00818	0.00546	0.00614	0.00614	0.00614	0.00546	0.00341	0.00818	0.00818	0.01091	0.01773	0.03683	0.02046	0.80222	0.02864	0.00546	0.00546	0.00818	0.00341	0.00341
17	0.01328	0.01518	0.03321	0.02372	0.02941	0.01423	0.74668	0.01803	0.01328	0.01803	0.01139	0.01518	0.00854	0.00474	0.00664	0.00190	0.00949	0.00664	0.00285	0.00759
18	0.00686	0.00490	0.00653	0.00784	0.00816	0.00457	0.00522	0.00784	0.01077	0.01437	0.03102	0.79855	0.03722	0.01763	0.00718	0.00229	0.00326	0.01600	0.00522	0.00457
19	0.01167	0.01000	0.01167	0.00834	0.01334	0.00750	0.00667	0.01417	0.01167	0.01834	0.01000	0.01167	0.00834	0.00417	0.00417	0.00083	0.00417	0.00333	0.00333	0.83663
20	0.01167	0.01000	0.01167	0.00834	0.01334	0.00750	0.00667	0.01417	0.01167	0.01834	0.01000	0.01167	0.00834	0.00417	0.00417	0.00083	0.00417	0.00333	0.00333	0.83663
21	0.01231	0.01231	0.01724	0.01477	0.01477	0.01724	0.01231	0.01354	0.00862	0.01354	0.00739	0.01231	0.00739	0.00985	0.01847	0.00246	0.79192	0.00492	0.00246	0.00616
22	0.00665	0.00570	0.00570	0.00570	0.00760	0.00475	0.00428	0.00808	0.01283	0.01520	0.05701	0.05416	0.76483	0.01425	0.00665	0.00190	0.00285	0.01188	0.00523	0.00475
23	0.00808	0.00586	0.00819	0.00819	0.00890	0.00657	0.00597	0.00950	0.00879	0.01243	0.01585	0.02642	0.01594	0.26485	0.55984	0.00799	0.01226	0.00666	0.00313	0.00455
24	0.48879	0.01118	0.01087	0.00894	0.01282	0.01202	0.00737	0.12134	0.01383	0.24513	0.01283	0.01268	0.00887	0.00595	0.00442	0.00173	0.00474	0.00409	0.00480	0.00760
25	0.00686	0.00490	0.00653	0.00784	0.00816	0.00457	0.00522	0.00784	0.01077	0.01437	0.03102	0.79855	0.03722	0.01763	0.00718	0.00229	0.00326	0.01600	0.00522	0.00457
26	0.01917	0.01107	0.01298	0.01085	0.01459	0.01155	0.00867	0.04744	0.41014	0.35465	0.02235	0.01999	0.01554	0.00732	0.00569	0.00183	0.00465	0.00602	0.00627	0.00922
27	0.02102	0.02682	0.01595	0.01450	0.01740	0.77963	0.01087	0.02247	0.01595	0.01377	0.00870	0.01015	0.00725	0.00580	0.00507	0.00145	0.01015	0.00362	0.00290	0.00652
28	0.01310	0.01053	0.01092	0.01018	0.01217	0.07522	0.00760	0.26559	0.01665	0.02162	0.02305	0.45930	0.02508	0.01285	0.00646	0.00201	0.00487	0.01116	0.00517	0.00647
29	0.02259	0.00946	0.01255	0.00980	0.01374	0.00847	0.00802	0.07316	0.01677	0.61806	0.12464	0.02196	0.01908	0.00758	0.00579	0.00174	0.00459	0.00625	0.00677	0.00898
30	0.00933	0.00770	0.01057	0.00985	0.01025	0.00955	0.00749	0.01051	0.00866	0.01256	0.01362	0.02368	0.01404	0.26202	0.33021	0.00603	0.23974	0.00636	0.00297	0.00487
31	0.01337	0.01493	0.03177	0.02522	0.13184	0.01411	0.64540	0.01792	0.01322	0.01808	0.01127	0.01501	0.00859	0.00478	0.00649	0.00187	0.00910	0.00642	0.00284	0.00777
32	0.01752	0.01274	0.01374	0.01095	0.01414	0.01394	0.00856	0.53153	0.02111	0.02827	0.01475	0.02034	0.01276	0.23978	0.01237	0.00279	0.00598	0.00598	0.00498	0.00777
33	0.00686	0.00490	0.00653	0.00784	0.00816	0.00457	0.00522	0.00784	0.01077	0.01437	0.03102	0.79855	0.03722	0.01763	0.00718	0.00229	0.00326	0.01600	0.00522	0.00457
34	0.01150	0.01085	0.01886	0.02414	0.41406	0.01059	0.11453	0.01427	0.01228	0.01704	0.01841	0.24545	0.04533	0.00902	0.00623	0.00189	0.00593	0.00871	0.00360	0.00730
35	0.01702	0.54845	0.02502	0.01124	0.01542	0.27235	0.01004	0.01871	0.01293	0.01342	0.00811	0.00940	0.00723	0.00514	0.00409	0.00128	0.00738	0.00321	0.00257	0.00699
36	0.01271	0.01373	0.02195	0.04092	0.04863	0.11848	0.33723	0.01591	0.01207	0.01563	0.01179	0.01630	0.00990	0.01619	0.23355	0.00395	0.05573	0.00584	0.00287	0.00662
37	0.08087	0.02051	0.01583	0.01326	0.01695	0.36901	0.01044	0.36001	0.02038	0.02471	0.01088	0.01164	0.00825	0.00620	0.00522	0.00158	0.00789	0.00425	0.00421	0.00791
38	0.01129	0.02911	0.77306	0.01604	0.02436	0.01307	0.02079	0.01782	0.01188	0.01782	0.01010	0.01188	0.00713	0.00535	0.00535	0.00178	0.00832	0.00416	0.00238	0.00832
39	0.01505	0.80561	0.02949	0.00963	0.01444	0.02227	0.00963	0.01685	0.01143	0.01324	0.00782	0.00903	0.00722	0.00481	0.00361	0.00120	0.00602	0.00301	0.00241	0.00722
40	0.01328	0.01518	0.03321	0.02372	0.02941	0.01423	0.74668	0.01803	0.01328	0.01803	0.01139	0.01518	0.00854	0.00474	0.00664	0.00190	0.00949	0.00664	0.00285	0.00759
41	0.01049	0.00525	0.00525	0.00525	0.00656	0.00525	0.00393	0.01311	0.01180	0.02098	0.01836	0.02098	0.01442	0.00656	0.00393	0.00131	0.00262	0.00525	0.83346	0.00525
42	0.00700	0.00571	0.00619	0.00607	0.00782	0.00490	0.00455	0.00876	0.01366	0.01718	0.24720	0.05090	0.57341	0.01351	0.00665	0.00187	0.00280	0.01142	0.00549	0.00490
43	0.00709	0.00537	0.00654	0.00698	0.00806	0.00482	0.00496	0.00865	0.01277	0.01681	0.23441	0.37016	0.26303	0.01497	0.00688	0.00203	0.00298	0.01319	0.00548	0.00482
44	0.00780	0.00561	0.00759	0.00885	0.00965	0.00540	0.00684	0.00949	0.01179	0.01546	0.03145	0.45476	0.06188	0.01661	0.00742	0.00240	0.00408	0.32289	0.00521	0.00484
45	0.01701	0.01036	0.01211	0.01051	0.01373	0.01087	0.00824	0.04844	0.38181	0.27359	0.02350	0.12810	0.01863	0.00877	0.00590	0.00190	0.00446	0.00742	0.00607	0.00855

[dist]
# distance from previous block
# <min> <max>
0	18

[block]
# block no. 2 follows, 42 sequences, length 28
# corresponding to MSA columns:
# 826-853
name=unknown_C
#
# <colnr> <probs for GDERKNQSTAVLIFYWHMCP>
#	G	D	E	R	K	N	Q	S	T	A	V	L	I	F	Y	W	H	M	C	P
0	0.84197	0.01088	0.00827	0.00740	0.01088	0.01262	0.00609	0.01654	0.00958	0.02525	0.00784	0.00914	0.00609	0.00522	0.00348	0.00174	0.00435	0.00305	0.00348	0.00609
1	0.01141	0.05497	0.74830	0.01583	0.02403	0.01338	0.02042	0.01779	0.01187	0.01767	0.01002	0.01179	0.00713	0.00533	0.00529	0.00176	0.00824	0.00412	0.00238	0.00828
2	0.13582	0.01273	0.01308	0.01045	0.01410	0.01405	0.00854	0.48086	0.02080	0.03079	0.01378	0.01455	0.01015	0.00649	0.00495	0.00161	0.00514	0.00482	0.18917	0.00811
3	0.72754	0.01156	0.00947	0.00817	0.01180	0.01330	0.00674	0.11860	0.01193	0.02667	0.00863	0.00975	0.00658	0.00544	0.00378	0.00173	0.00461	0.00333	0.00378	0.00658
4	0.02294	0.01328	0.01535	0.01177	0.01621	0.01377	0.00972	0.45893	0.02230	0.33076	0.01700	0.01578	0.01132	0.00684	0.00564	0.00171	0.00563	0.00530	0.00617	0.00957
5	0.84197	0.01088	0.00827	0.00740	0.01088	0.01262	0.00609	0.01654	0.00958	0.02525	0.00784	0.00914	0.00609	0.00522	0.00348	0.00174	0.00435	0.00305	0.00348	0.00609
6	0.01393	0.01337	0.02284	0.03454	0.76712	0.01337	0.01727	0.01727	0.01281	0.01839	0.01059	0.01393	0.00891	0.00501	0.00557	0.00167	0.00669	0.00501	0.00279	0.00891
7	0.01400	0.01209	0.01273	0.01145	0.01463	0.01400	0.00891	0.02990	0.75695	0.02354	0.02291	0.02100	0.01718	0.00764	0.00573	0.00191	0.00445	0.00636	0.00573	0.00891
8	0.01129	0.02911	0.77306	0.01604	0.02436	0.01307	0.02079	0.01782	0.01188	0.01782	0.01010	0.01188	0.00713	0.00535	0.00535	0.00178	0.00832	0.00416	0.00238	0.00832
9	0.01884	0.01679	0.01530	0.01276	0.01650	0.17201	0.01013	0.35901	0.26939	0.02703	0.01568	0.01534	0.01165	0.00686	0.00555	0.00171	0.00642	0.00521	0.00510	0.00873
10	0.01292	0.00823	0.00913	0.00795	0.00953	0.00854	0.00560	0.18988	0.01367	0.07290	0.01711	0.02780	0.01655	0.44661	0.01813	0.00373	0.00521	0.00686	0.11406	0.00559
11	0.01283	0.01238	0.02026	0.19980	0.43619	0.01403	0.01580	0.01579	0.01153	0.01641	0.00974	0.01381	0.00826	0.00623	0.00845	0.00189	0.18126	0.00499	0.00265	0.00770
12	0.00907	0.00648	0.00907	0.01036	0.01166	0.00648	0.00907	0.01166	0.01296	0.01684	0.02980	0.06348	0.03239	0.01555	0.00777	0.00259	0.00518	0.72924	0.00518	0.00518
13	0.00687	0.00571	0.00600	0.00593	0.00774	0.00484	0.00445	0.00850	0.01334	0.01643	0.17452	0.05214	0.64656	0.01380	0.00665	0.00188	0.00282	0.01159	0.00539	0.00484
14	0.00770	0.00574	0.00715	0.00680	0.00824	0.00520	0.00510	0.01010	0.01530	0.02106	0.61967	0.04451	0.19851	0.01207	0.00664	0.00180	0.00269	0.01052	0.00600	0.00520
15	0.01700	0.02008	0.01684	0.12383	0.06836	0.43790	0.01230	0.01884	0.01331	0.01410	0.00868	0.01160	0.00743	0.00671	0.00843	0.00177	0.19931	0.00422	0.00273	0.00655
16	0.00818	0.00546	0.00614	0.00614	0.00614	0.00546	0.00341	0.00818	0.00818	0.01091	0.01773	0.03683	0.02046	0.80222	0.02864	0.00546	0.00546	0.00818	0.00341	0.00341
17	0.00685	0.00493	0.00650	0.00776	0.00814	0.00458	0.00519	0.00784	0.01085	0.01440	0.03195	0.77195	0.06322	0.01751	0.00716	0.00227	0.00325	0.01585	0.00522	0.00458
18	0.01551	0.01284	0.01358	0.01176	0.01521	0.01470	0.00927	0.17669	0.60771	0.02598	0.02099	0.01947	0.01562	0.00746	0.00571	0.00186	0.00481	0.00610	0.00571	0.00904
19	0.01246	0.01288	0.02201	0.01960	0.12357	0.01500	0.23034	0.01504	0.01086	0.01566	0.01224	0.01610	0.05706	0.00795	0.01239	0.00215	0.39913	0.00590	0.00280	0.00688
20	0.00670	0.00551	0.00590	0.00622	0.00774	0.00471	0.00451	0.00802	0.01233	0.01500	0.05070	0.23484	0.58822	0.01507	0.00678	0.00199	0.00295	0.01288	0.00523	0.00471
21	0.01638	0.01493	0.02535	0.01853	0.02354	0.01508	0.41734	0.30876	0.01846	0.02512	0.01257	0.01480	0.00924	0.00563	0.00611	0.00179	0.00784	0.00595	0.04434	0.00827
22	0.18250	0.33556	0.31979	0.01171	0.01764	0.01665	0.01333	0.01717	0.01123	0.01751	0.00873	0.01018	0.00695	0.00511	0.00427	0.00154	0.00659	0.00347	0.00261	0.00743
23	0.01121	0.01019	0.01691	0.36858	0.22211	0.01141	0.03044	0.01454	0.01206	0.01609	0.01493	0.02643	0.01393	0.00795	0.00644	0.00201	0.02399	0.18083	0.00323	0.00672
24	0.03374	0.01148	0.01367	0.19920	0.01956	0.03326	0.00988	0.28677	0.01725	0.06815	0.06419	0.02103	0.04972	0.11797	0.00886	0.00225	0.00595	0.00605	0.00448	0.02651
25	0.01076	0.00950	0.01361	0.20090	0.06797	0.01124	0.01065	0.01363	0.04713	0.03660	0.08456	0.09407	0.12054	0.00965	0.00946	0.00203	0.21943	0.00744	0.00376	0.02705
26	0.01402	0.01041	0.02688	0.02586	0.03121	0.01014	0.00768	0.21905	0.05154	0.02408	0.01468	0.01628	0.01136	0.00682	0.02184	0.00154	0.00466	0.00479	0.29764	0.19953
27	0.07539	0.00987	0.01252	0.19854	0.01888	0.01037	0.00934	0.12156	0.03212	0.04021	0.01537	0.17403	0.01454	0.00896	0.02463	0.00187	0.02375	0.00680	0.00400	0.19725

[dist]
# distance from previous block
# <min> <max>
7	29

[block]
# block no. 3 follows, 42 sequences, length 9
# corresponding to MSA columns:
# 883-891
name=unknown_D
#
# <colnr> <probs for GDERKNQSTAVLIFYWHMCP>
#	G	D	E	R	K	N	Q	S	T	A	V	L	I	F	Y	W	H	M	C	P
0	0.28891	0.01212	0.01573	0.01753	0.21165	0.01468	0.01155	0.01552	0.01004	0.01872	0.00838	0.01168	0.00736	0.00704	0.01008	0.00201	0.32293	0.00432	0.00289	0.00686
1	0.10532	0.01291	0.01596	0.32554	0.02535	0.01493	0.01219	0.37331	0.01850	0.02585	0.01148	0.01364	0.00836	0.00613	0.00540	0.00177	0.00652	0.00482	0.00414	0.00786
2	0.01624	0.01678	0.01619	0.32651	0.02578	0.26885	0.01258	0.14437	0.08396	0.01864	0.01136	0.01368	0.00866	0.00606	0.00545	0.00170	0.00788	0.00468	0.00347	0.00716
3	0.01587	0.01149	0.01249	0.00976	0.01411	0.06268	0.00777	0.02089	0.16093	0.19033	0.01525	0.01512	0.01129	0.00561	0.00488	0.00130	0.00478	0.00448	0.00461	0.42637
4	0.01997	0.01961	0.01755	0.01725	0.14599	0.30991	0.01189	0.34378	0.02008	0.02419	0.01116	0.01229	0.00857	0.00609	0.00541	0.00159	0.00780	0.00450	0.00409	0.00829
5	0.02139	0.01576	0.01689	0.01295	0.01745	0.01745	0.01070	0.74835	0.02646	0.03547	0.01351	0.01351	0.00957	0.00676	0.00563	0.00169	0.00619	0.00507	0.00563	0.00957
6	0.01764	0.01365	0.01626	0.24140	0.05236	0.06133	0.01199	0.31537	0.08746	0.10529	0.01388	0.01506	0.00997	0.00640	0.00560	0.00175	0.00653	0.00514	0.00458	0.00832
7	0.01242	0.00952	0.01562	0.01210	0.01517	0.00936	0.25180	0.08233	0.01364	0.02133	0.01559	0.01836	0.01202	0.00597	0.00499	0.00154	0.00524	0.00569	0.48088	0.00642
8	0.02083	0.01548	0.01657	0.01283	0.01724	0.01719	0.01056	0.69349	0.08225	0.03456	0.01423	0.01408	0.01015	0.00682	0.00564	0.00171	0.00606	0.00517	0.00564	0.00952

[dist]
# distance from previous block
# <min> <max>
27	61

[block]
# block no. 4 follows, 42 sequences, length 16
# corresponding to MSA columns:
# 959-974
name=unknown_E
#
# <colnr> <probs for GDERKNQSTAVLIFYWHMCP>
#	G	D	E	R	K	N	Q	S	T	A	V	L	I	F	Y	W	H	M	C	P
0	0.07800	0.01080	0.01871	0.29176	0.11770	0.01154	0.18499	0.01514	0.01251	0.01820	0.12190	0.01878	0.01494	0.00623	0.00574	0.00180	0.00662	0.00601	0.05196	0.00668
1	0.01286	0.01197	0.01977	0.37813	0.39011	0.01321	0.01613	0.05881	0.01290	0.01755	0.01049	0.01440	0.00831	0.00540	0.00560	0.00177	0.00703	0.00501	0.00282	0.00774
2	0.01665	0.01639	0.01433	0.01227	0.01482	0.28327	0.04664	0.14971	0.03600	0.01999	0.01240	0.01437	0.00986	0.00670	0.00675	0.00163	0.11037	0.00470	0.21636	0.00682
3	0.01306	0.01032	0.01382	0.01593	0.18462	0.01064	0.01071	0.20144	0.01655	0.02216	0.06669	0.03731	0.08664	0.01054	0.00656	0.00204	0.00543	0.27358	0.00481	0.00713
4	0.01189	0.01145	0.01848	0.39978	0.21659	0.01394	0.01519	0.01490	0.01097	0.01518	0.00948	0.01404	0.00783	0.00655	0.00891	0.00197	0.20842	0.00498	0.00256	0.00690
5	0.01034	0.02372	0.59852	0.01395	0.02064	0.01120	0.01718	0.01577	0.01217	0.01770	0.06999	0.07652	0.07355	0.00743	0.00568	0.00183	0.00709	0.00610	0.00310	0.00753
6	0.01563	0.01392	0.02149	0.02963	0.59641	0.01430	0.01577	0.18375	0.01592	0.02228	0.01125	0.01383	0.00906	0.00541	0.00558	0.00168	0.00657	0.00503	0.00343	0.00906
7	0.00985	0.00844	0.01061	0.18622	0.01714	0.00917	0.00881	0.01573	0.20337	0.01762	0.05487	0.03779	0.26812	0.01070	0.00635	0.00200	0.00467	0.11756	0.00476	0.00624
8	0.00796	0.00575	0.00752	0.00708	0.00841	0.00531	0.00531	0.01062	0.01593	0.02257	0.76415	0.04204	0.05310	0.01150	0.00664	0.00177	0.00265	0.01018	0.00619	0.00531
9	0.01287	0.35705	0.45903	0.01333	0.02017	0.01695	0.01608	0.01741	0.01169	0.01589	0.00914	0.01068	0.00717	0.00512	0.00461	0.00154	0.00735	0.00367	0.00239	0.00785
10	0.00818	0.00546	0.00614	0.00614	0.00614	0.00546	0.00341	0.00818	0.00818	0.01091	0.01773	0.03683	0.02046	0.80222	0.02864	0.00546	0.00546	0.00818	0.00341	0.00341
11	0.01505	0.80561	0.02949	0.00963	0.01444	0.02227	0.00963	0.01685	0.01143	0.01324	0.00782	0.00903	0.00722	0.00481	0.00361	0.00120	0.00602	0.00301	0.00241	0.00722
12	0.00784	0.00531	0.00624	0.00657	0.00666	0.00523	0.00388	0.00809	0.00885	0.01180	0.02114	0.23213	0.02476	0.60106	0.02314	0.00464	0.00489	0.01019	0.00388	0.00371
13	0.01735	0.01305	0.01388	0.01104	0.01483	0.01407	0.00899	0.53345	0.04848	0.02985	0.02499	0.02419	0.20348	0.00871	0.00589	0.00175	0.00527	0.00686	0.00553	0.00831
14	0.01367	0.01177	0.01528	0.01300	0.01439	0.01497	0.01070	0.20115	0.01329	0.01906	0.01071	0.01485	0.00947	0.01642	0.18857	0.00376	0.41357	0.00521	0.00340	0.00677
15	0.01253	0.01297	0.02087	0.01681	0.01811	0.01655	0.17953	0.01456	0.00968	0.01456	0.00830	0.01297	0.00765	0.00869	0.01578	0.00233	0.61376	0.00532	0.00255	0.00648

[dist]
# distance from previous block
# <min> <max>
0	1

[block]
# block no. 5 follows, 42 sequences, length 6
# corresponding to MSA columns:
# 976-981
name=unknown_F
#
# <colnr> <probs for GDERKNQSTAVLIFYWHMCP>
#	G	D	E	R	K	N	Q	S	T	A	V	L	I	F	Y	W	H	M	C	P
0	0.01231	0.00956	0.01458	0.02079	0.41008	0.00956	0.01101	0.01532	0.01234	0.01960	0.01423	0.01724	0.01150	0.00574	0.00480	0.00150	0.00478	0.00512	0.39274	0.00719
1	0.02122	0.02095	0.01645	0.01368	0.01743	0.37525	0.01078	0.40759	0.02152	0.02528	0.01125	0.01193	0.00848	0.00631	0.00537	0.00158	0.00805	0.00439	0.00435	0.00814
2	0.01655	0.38620	0.02172	0.01110	0.01534	0.05756	0.00976	0.18936	0.20060	0.02096	0.01293	0.01310	0.01024	0.00601	0.00468	0.00150	0.00588	0.00435	0.00400	0.00815
3	0.01185	0.01999	0.41491	0.01254	0.01832	0.01153	0.01423	0.15102	0.01486	0.02036	0.02403	0.02416	0.22227	0.00813	0.00577	0.00180	0.00637	0.00651	0.00379	0.00754
4	0.01822	0.39242	0.02230	0.01221	0.01601	0.42409	0.01029	0.01983	0.01383	0.01352	0.00829	0.00962	0.00724	0.00534	0.00439	0.00133	0.00821	0.00334	0.00267	0.00685
5	0.01229	0.00673	0.00855	0.00788	0.00998	0.00619	0.00601	0.01390	0.01251	0.22860	0.03349	0.14458	0.26762	0.06014	0.15154	0.00343	0.00587	0.00942	0.00521	0.00607

[dist]
# distance from previous block
# <min> <max>
14	34

[block]
# block no. 6 follows, 42 sequences, length 6
# corresponding to MSA columns:
# 1018-1023
name=unknown_G
#
# <colnr> <probs for GDERKNQSTAVLIFYWHMCP>
#	G	D	E	R	K	N	Q	S	T	A	V	L	I	F	Y	W	H	M	C	P
0	0.01243	0.01114	0.01545	0.01721	0.26862	0.00949	0.01026	0.01522	0.01206	0.01835	0.01020	0.01243	0.00853	0.00445	0.00464	0.00112	0.00502	0.00390	0.00315	0.55630
1	0.01340	0.01096	0.01364	0.01513	0.19465	0.01114	0.00959	0.26101	0.01744	0.02284	0.03105	0.03066	0.32620	0.00948	0.00604	0.00177	0.00491	0.00791	0.00477	0.00739
2	0.01240	0.34095	0.01541	0.00708	0.00986	0.01239	0.00632	0.01468	0.01165	0.01773	0.01394	0.01597	0.01140	0.00583	0.00380	0.00127	0.00405	0.00431	0.48488	0.00607
3	0.00722	0.00542	0.00605	0.00637	0.00724	0.00495	0.00421	0.00805	0.01076	0.01355	0.03742	0.22834	0.33674	0.28194	0.01423	0.00320	0.00383	0.01162	0.00461	0.00425
4	0.01298	0.01196	0.01816	0.02355	0.45095	0.01091	0.01282	0.01597	0.01233	0.01837	0.01034	0.01298	0.00867	0.00466	0.00498	0.00132	0.00563	0.00431	0.00302	0.35609
5	0.01148	0.01073	0.01552	0.01585	0.11864	0.01352	0.01157	0.01339	0.01083	0.01594	0.11677	0.02385	0.01749	0.01020	0.01352	0.00227	0.46179	0.10694	0.00341	0.00629

[dist]
# distance from previous block
# <min> <max>
59	103

[block]
# block no. 7 follows, 42 sequences, length 6
# corresponding to MSA columns:
# 1157-1162
name=unknown_H
#
# <colnr> <probs for GDERKNQSTAVLIFYWHMCP>
#	G	D	E	R	K	N	Q	S	T	A	V	L	I	F	Y	W	H	M	C	P
0	0.01570	0.01876	0.26074	0.18930	0.02450	0.01492	0.01507	0.34685	0.01832	0.02501	0.01162	0.01332	0.00832	0.00605	0.00554	0.00176	0.00717	0.00476	0.00387	0.00842
1	0.01093	0.00707	0.00930	0.01187	0.16880	0.00707	0.00704	0.01348	0.01177	0.01930	0.01734	0.02343	0.01486	0.07649	0.00668	0.00183	0.00389	0.04908	0.53392	0.00586
2	0.01322	0.00922	0.00963	0.00819	0.01086	0.00953	0.00650	0.27900	0.01747	0.02439	0.02906	0.02896	0.25466	0.00911	0.00543	0.00164	0.00400	0.00732	0.26517	0.00666
3	0.01492	0.01696	0.01674	0.01443	0.01640	0.31299	0.09106	0.01678	0.01209	0.01402	0.00998	0.01387	0.00888	0.01460	0.17409	0.00341	0.23495	0.00484	0.00279	0.00622
4	0.00855	0.00740	0.01277	0.01127	0.01302	0.00691	0.17285	0.01073	0.01244	0.01694	0.18271	0.46036	0.03412	0.01341	0.00694	0.00209	0.00454	0.01264	0.00489	0.00541
5	0.01450	0.01356	0.01341	0.17684	0.01919	0.18450	0.01026	0.14056	0.05560	0.03984	0.07137	0.09151	0.05743	0.00890	0.00598	0.00185	0.00645	0.07721	0.00433	0.00671

[dist]
# distance from previous block
# <min> <max>
10	24

[block]
# block no. 8 follows, 42 sequences, length 11
# corresponding to MSA columns:
# 1192-1199,1205-1207
name=unknown_I
#
# <colnr> <probs for GDERKNQSTAVLIFYWHMCP>
#	G	D	E	R	K	N	Q	S	T	A	V	L	I	F	Y	W	H	M	C	P
0	0.01772	0.01316	0.01972	0.01480	0.01920	0.01329	0.22831	0.28974	0.01852	0.16432	0.01944	0.01980	0.09870	0.00716	0.00641	0.00181	0.02821	0.00644	0.00492	0.00832
1	0.00867	0.00766	0.01127	0.35264	0.02184	0.00861	0.00981	0.01123	0.01143	0.01444	0.02841	0.03087	0.29001	0.01564	0.15025	0.00322	0.00718	0.00775	0.00361	0.00547
2	0.01578	0.10284	0.01635	0.01112	0.01498	0.00988	0.14469	0.01815	0.01397	0.29622	0.02981	0.02860	0.25609	0.00867	0.00592	0.00176	0.00518	0.00755	0.00510	0.00736
3	0.01284	0.00935	0.01097	0.01026	0.01237	0.00986	0.00804	0.29214	0.01719	0.02291	0.02409	0.36098	0.02573	0.01308	0.00670	0.00211	0.00474	0.14468	0.00537	0.00660
4	0.01392	0.01087	0.01198	0.01073	0.01339	0.01198	0.00825	0.24094	0.29268	0.02418	0.02269	0.27133	0.02138	0.01062	0.00617	0.00196	0.00460	0.00910	0.00553	0.00770
5	0.00891	0.00730	0.01071	0.01021	0.01101	0.00910	0.00810	0.01076	0.00896	0.01316	0.01352	0.02012	0.01271	0.03565	0.62557	0.00771	0.17255	0.00581	0.00290	0.00525
6	0.01557	0.52291	0.15696	0.01137	0.01673	0.01976	0.01178	0.15329	0.01431	0.01818	0.00928	0.01036	0.00764	0.00527	0.00429	0.00140	0.00645	0.00359	0.00300	0.00785
7	0.01662	0.01135	0.01688	0.10779	0.15761	0.01305	0.01231	0.01885	0.01214	0.26063	0.01310	0.01515	0.00981	0.00752	0.01040	0.00201	0.29781	0.00519	0.00399	0.00779
8	0.27981	0.01645	0.01397	0.01224	0.01447	0.24733	0.00981	0.05598	0.01209	0.01850	0.00825	0.01071	0.00705	0.00698	0.00895	0.00188	0.26207	0.00394	0.00309	0.00643
9	0.01593	0.01581	0.01782	0.02228	0.34797	0.19615	0.01306	0.02160	0.18330	0.05254	0.01434	0.01712	0.01169	0.00637	0.00559	0.00172	0.00685	0.03788	0.00378	0.00820
10	0.01088	0.00896	0.01072	0.00962	0.01203	0.00919	0.05002	0.11983	0.18389	0.01998	0.03407	0.21739	0.26682	0.01192	0.00642	0.00196	0.00418	0.01033	0.00526	0.00651

[dist]
# distance from previous block
# <min> <max>
9	31

[block]
# block no. 9 follows, 42 sequences, length 46
# corresponding to MSA columns:
# 1240-1285
name=unknown_J
#
# <colnr> <probs for GDERKNQSTAVLIFYWHMCP>
#	G	D	E	R	K	N	Q	S	T	A	V	L	I	F	Y	W	H	M	C	P
0	0.04748	0.01404	0.01478	0.01295	0.05205	0.11543	0.00988	0.27770	0.01816	0.19010	0.03031	0.08882	0.01334	0.00795	0.00685	0.00180	0.07916	0.00605	0.00503	0.00814
1	0.01569	0.01258	0.01309	0.01080	0.01398	0.05051	0.00872	0.39288	0.04544	0.02621	0.06328	0.02692	0.21312	0.00936	0.00675	0.00181	0.05250	0.02354	0.00522	0.00760
2	0.01769	0.01412	0.01770	0.01504	0.08839	0.01466	0.07895	0.44491	0.04594	0.02842	0.01318	0.03253	0.01013	0.00626	0.00551	0.00158	0.00607	0.00522	0.00471	0.14899
3	0.01644	0.01302	0.01690	0.10253	0.21776	0.03378	0.01206	0.29329	0.01782	0.06866	0.01416	0.08809	0.01190	0.00701	0.00565	0.00170	0.00608	0.00596	0.00435	0.06284
4	0.01240	0.01640	0.21415	0.01236	0.01582	0.09516	0.01165	0.08429	0.11209	0.01832	0.01808	0.25274	0.01790	0.01000	0.00719	0.00197	0.08032	0.00816	0.00406	0.00697
5	0.01130	0.00951	0.01243	0.04746	0.03349	0.01099	0.00888	0.01609	0.15216	0.04126	0.29497	0.02542	0.02666	0.00931	0.00948	0.00193	0.22098	0.00710	0.00467	0.05591
6	0.01117	0.01111	0.05446	0.36816	0.02741	0.01171	0.12629	0.06790	0.01213	0.01631	0.01183	0.01666	0.00954	0.01528	0.21163	0.00377	0.00977	0.00549	0.00291	0.00648
7	0.00901	0.00799	0.01219	0.37605	0.06814	0.00887	0.01062	0.01154	0.01160	0.01481	0.02593	0.21035	0.19022	0.01044	0.00623	0.00197	0.00537	0.00921	0.00380	0.00566
8	0.01321	0.01281	0.01669	0.27693	0.02345	0.08672	0.03322	0.09477	0.01232	0.01633	0.00985	0.01409	0.00827	0.01039	0.07782	0.00264	0.27605	0.00499	0.00292	0.00654
9	0.09325	0.22524	0.02248	0.02316	0.41363	0.09938	0.01348	0.01766	0.01248	0.01716	0.00939	0.01176	0.00802	0.00507	0.00480	0.00153	0.00667	0.00414	0.00276	0.00794
10	0.01394	0.08489	0.01309	0.01020	0.01277	0.05718	0.00798	0.28936	0.01719	0.02225	0.02248	0.33679	0.06596	0.01142	0.00611	0.00189	0.00501	0.00968	0.00498	0.00683
11	0.01149	0.01898	0.36924	0.01195	0.01851	0.01012	0.01330	0.01589	0.01177	0.01810	0.01005	0.01177	0.00777	0.00472	0.00472	0.00128	0.00612	0.00372	0.00288	0.44763
12	0.01110	0.00898	0.00961	0.00921	0.01118	0.03606	0.00692	0.13887	0.14199	0.01977	0.03110	0.32829	0.17610	0.01288	0.00650	0.00202	0.00419	0.03364	0.00530	0.00629
13	0.01368	0.01446	0.03011	0.02490	0.16224	0.01368	0.57459	0.01801	0.01324	0.04366	0.01200	0.03061	0.00936	0.00512	0.00642	0.00186	0.00870	0.00650	0.00302	0.00784
14	0.01326	0.01109	0.01765	0.42969	0.22747	0.01250	0.01464	0.01808	0.09360	0.08794	0.01272	0.01576	0.00954	0.00581	0.00563	0.00181	0.00670	0.00522	0.00335	0.00756
15	0.00818	0.00584	0.00805	0.00935	0.01025	0.00571	0.00752	0.01012	0.01208	0.01585	0.03029	0.35913	0.03433	0.01638	0.00754	0.00247	0.00441	0.44237	0.00520	0.00494
16	0.01130	0.01069	0.01809	0.63504	0.18716	0.01268	0.01596	0.01497	0.01157	0.01519	0.01012	0.01478	0.00779	0.00550	0.00562	0.00183	0.00734	0.00500	0.00256	0.00679
17	0.01164	0.10139	0.70385	0.01544	0.02343	0.01393	0.01975	0.01773	0.01184	0.01740	0.00989	0.01162	0.00714	0.00530	0.00519	0.00173	0.00810	0.00405	0.00238	0.00822
18	0.01055	0.00748	0.01071	0.37317	0.02168	0.00865	0.00943	0.01371	0.01154	0.01788	0.01443	0.01817	0.01117	0.00612	0.00473	0.00158	0.00491	0.00513	0.44322	0.00572
19	0.00765	0.00574	0.00709	0.00675	0.00822	0.00518	0.00506	0.01002	0.01519	0.02082	0.59599	0.04492	0.22235	0.01216	0.00664	0.00180	0.00270	0.01058	0.00596	0.00518
20	0.01927	0.01056	0.01267	0.01057	0.01415	0.01074	0.00842	0.09008	0.27512	0.37477	0.02250	0.09185	0.01685	0.00817	0.00582	0.00185	0.00465	0.00681	0.00625	0.00888
21	0.01133	0.00992	0.01835	0.01413	0.01719	0.00980	0.32808	0.01460	0.01179	0.01788	0.01451	0.01924	0.01194	0.05753	0.10164	0.00279	0.03418	0.00611	0.29282	0.00616
22	0.02525	0.00958	0.01306	0.01001	0.01437	0.00827	0.00827	0.02743	0.01611	0.77102	0.02220	0.01915	0.01393	0.00697	0.00566	0.00174	0.00479	0.00566	0.00697	0.00958
23	0.01328	0.44095	0.37869	0.01264	0.01910	0.01795	0.01487	0.01731	0.01164	0.01539	0.00889	0.01037	0.00718	0.00506	0.00443	0.00148	0.00710	0.00355	0.00239	0.00774
24	0.00750	0.00576	0.00687	0.00668	0.00823	0.00514	0.00506	0.00967	0.01458	0.01943	0.45498	0.04772	0.33183	0.01276	0.00669	0.00186	0.00284	0.04156	0.00577	0.00508
25	0.00818	0.00546	0.00614	0.00614	0.00614	0.00546	0.00341	0.00818	0.00818	0.01091	0.01773	0.03683	0.02046	0.80222	0.02864	0.00546	0.00546	0.00818	0.00341	0.00341
26	0.00686	0.00490	0.00653	0.00784	0.00816	0.00457	0.00522	0.00784	0.01077	0.01437	0.03102	0.79855	0.03722	0.01763	0.00718	0.00229	0.00326	0.01600	0.00522	0.00457
27	0.01129	0.02911	0.77306	0.01604	0.02436	0.01307	0.02079	0.01782	0.01188	0.01782	0.01010	0.01188	0.00713	0.00535	0.00535	0.00178	0.00832	0.00416	0.00238	0.00832
28	0.02525	0.00958	0.01306	0.01001	0.01437	0.00827	0.00827	0.02743	0.01611	0.77102	0.02220	0.01915	0.01393	0.00697	0.00566	0.00174	0.00479	0.00566	0.00697	0.00958
29	0.00894	0.00638	0.00892	0.01021	0.01145	0.00636	0.00884	0.01143	0.01282	0.01669	0.02987	0.10769	0.03268	0.01567	0.00774	0.00257	0.00507	0.68634	0.00518	0.00515
30	0.84197	0.01088	0.00827	0.00740	0.01088	0.01262	0.00609	0.01654	0.00958	0.02525	0.00784	0.00914	0.00609	0.00522	0.00348	0.00174	0.00435	0.00305	0.00348	0.00609
31	0.02003	0.02478	0.01494	0.01362	0.01637	0.70645	0.01022	0.02159	0.01556	0.01445	0.00961	0.01117	0.00793	0.00587	0.00497	0.00144	0.00944	0.00378	0.08138	0.00640
32	0.02525	0.00958	0.01306	0.01001	0.01437	0.00827	0.00827	0.02743	0.01611	0.77102	0.02220	0.01915	0.01393	0.00697	0.00566	0.00174	0.00479	0.00566	0.00697	0.00958
33	0.01359	0.00809	0.00940	0.00806	0.01040	0.00811	0.00634	0.16273	0.01680	0.11695	0.28989	0.02692	0.02749	0.00845	0.00548	0.00161	0.00362	0.00706	0.26232	0.00668
34	0.01330	0.01149	0.01206	0.01091	0.01397	0.01312	0.00847	0.02784	0.68663	0.02275	0.02613	0.02413	0.08783	0.00826	0.00581	0.00191	0.00430	0.00688	0.00568	0.00851
35	0.02850	0.00922	0.08096	0.00931	0.01127	0.00785	0.00768	0.11052	0.01418	0.01978	0.20385	0.39295	0.03292	0.01300	0.00691	0.00202	0.02671	0.01137	0.00513	0.00586
36	0.01362	0.01305	0.02228	0.10581	0.69829	0.01329	0.01712	0.01700	0.01267	0.01801	0.01053	0.01403	0.00878	0.00507	0.00558	0.00169	0.00676	0.00501	0.00276	0.00866
37	0.02102	0.02682	0.01595	0.01450	0.01740	0.77963	0.01087	0.02247	0.01595	0.01377	0.00870	0.01015	0.00725	0.00580	0.00507	0.00145	0.01015	0.00362	0.00290	0.00652
38	0.03501	0.01747	0.01477	0.17058	0.02031	0.34713	0.01080	0.07400	0.04687	0.12181	0.06064	0.01600	0.02731	0.00660	0.00544	0.00165	0.00759	0.00498	0.00397	0.00709
39	0.01980	0.18550	0.01871	0.01351	0.01680	0.62532	0.01062	0.02133	0.01503	0.01366	0.00852	0.00992	0.00724	0.00560	0.00478	0.00140	0.00931	0.00350	0.00280	0.00667
40	0.02139	0.01576	0.01689	0.01295	0.01745	0.01745	0.01070	0.74835	0.02646	0.03547	0.01351	0.01351	0.00957	0.00676	0.00563	0.00169	0.00619	0.00507	0.00563	0.00957
41	0.02139	0.01576	0.01689	0.01295	0.01745	0.01745	0.01070	0.74835	0.02646	0.03547	0.01351	0.01351	0.00957	0.00676	0.00563	0.00169	0.00619	0.00507	0.00563	0.00957
42	0.01063	0.01000	0.01688	0.78870	0.03876	0.01250	0.01563	0.01438	0.01125	0.01438	0.01000	0.01500	0.00750	0.00563	0.00563	0.00188	0.00750	0.00500	0.00250	0.00625
43	0.00808	0.00588	0.00827	0.00827	0.00901	0.00661	0.00607	0.00955	0.00882	0.01249	0.01578	0.02602	0.01577	0.24427	0.58018	0.00809	0.01252	0.00660	0.00312	0.00460
44	0.73899	0.01114	0.00906	0.00795	0.01143	0.01285	0.00654	0.08088	0.01105	0.02570	0.00860	0.01000	0.00669	0.00672	0.03215	0.00200	0.00491	0.00333	0.00365	0.00636
45	0.01352	0.01295	0.02210	0.12874	0.67614	0.01326	0.01707	0.01691	0.01262	0.01788	0.01051	0.01406	0.00874	0.00509	0.00558	0.00170	0.00679	0.00501	0.00275	0.00858

[dist]
# distance from previous block
# <min> <max>
17	159

[block]
# block no. 10 follows, 42 sequences, length 116
# corresponding to MSA columns:
# 1447-1470,1478-1569
name=unknown_K
#
# <colnr> <probs for GDERKNQSTAVLIFYWHMCP>
#	G	D	E	R	K	N	Q	S	T	A	V	L	I	F	Y	W	H	M	C	P
0	0.00741	0.00609	0.00666	0.00728	0.00841	0.02747	0.00512	0.00905	0.03529	0.01498	0.04066	0.44917	0.33085	0.01560	0.00686	0.00209	0.00333	0.01366	0.00517	0.00484
1	0.01321	0.01337	0.02592	0.01918	0.02333	0.01351	0.46933	0.01680	0.01224	0.05022	0.01179	0.03940	0.00961	0.00627	0.00871	0.00192	0.16422	0.00627	0.02721	0.06748
2	0.00751	0.00531	0.00676	0.00769	0.00808	0.00510	0.00506	0.02942	0.01078	0.01437	0.02817	0.64191	0.03347	0.15516	0.01091	0.00283	0.00373	0.01431	0.00492	0.00451
