[name]
unknown

[dist]
# distance from previous block
# <min> <max>
0	42

[block]
# block no. 0 follows, 47 sequences, length 101
# corresponding to MSA columns:
# 589-689
name=unknown_A
#
# <colnr> <probs for GDERKNQSTAVLIFYWHMCP>
#	G	D	E	R	K	N	Q	S	T	A	V	L	I	F	Y	W	H	M	C	P
0	0.00839	0.00599	0.00839	0.00959	0.01079	0.00599	0.00839	0.01079	0.01199	0.01558	0.02757	0.05874	0.02997	0.01439	0.00719	0.00240	0.00480	0.74945	0.00480	0.00480
1	0.02336	0.00886	0.01209	0.00927	0.01329	0.00765	0.00765	0.02538	0.01491	0.78810	0.02055	0.01773	0.01289	0.00645	0.00524	0.00161	0.00443	0.00524	0.00645	0.00886
2	0.01282	0.01230	0.02101	0.04948	0.76752	0.01236	0.01595	0.01592	0.01183	0.01693	0.00978	0.01291	0.00822	0.00465	0.00516	0.00155	0.00620	0.00464	0.00257	0.00819
3	0.01726	0.02098	0.01788	0.01831	0.18093	0.54256	0.09495	0.01931	0.01387	0.01409	0.00870	0.01065	0.00717	0.00510	0.00495	0.00143	0.00864	0.00394	0.00266	0.00662
4	0.01276	0.01273	0.02318	0.02983	0.62326	0.01254	0.17558	0.01613	0.01195	0.01694	0.00995	0.01314	0.00817	0.00459	0.00537	0.00159	0.00674	0.00496	0.00259	0.00799
5	0.01776	0.01330	0.01419	0.01128	0.01502	0.01482	0.00919	0.56638	0.18352	0.02970	0.01461	0.01437	0.01061	0.00641	0.00514	0.00159	0.00520	0.00495	0.05345	0.00850
6	0.01061	0.00885	0.00972	0.00935	0.01140	0.00987	0.00701	0.02044	0.50409	0.01880	0.02459	0.27736	0.04540	0.01025	0.00576	0.00188	0.00372	0.00893	0.00513	0.00683
7	0.00724	0.00532	0.00677	0.00641	0.00770	0.00486	0.00481	0.00957	0.01442	0.02013	0.70106	0.04014	0.13030	0.01093	0.00614	0.00165	0.00248	0.00959	0.00563	0.00486
8	0.00702	0.00518	0.00748	0.00794	0.00863	0.00564	0.00587	0.00852	0.00898	0.01255	0.01957	0.32261	0.02118	0.03039	0.49550	0.00599	0.00979	0.00909	0.00357	0.00449
9	0.00634	0.00453	0.00604	0.00725	0.00755	0.00423	0.00483	0.00725	0.00997	0.01329	0.02870	0.81358	0.03444	0.01632	0.00665	0.00211	0.00302	0.01480	0.00483	0.00423
10	0.85377	0.01007	0.00765	0.00685	0.01007	0.01168	0.00564	0.01531	0.00886	0.02336	0.00725	0.00846	0.00564	0.00483	0.00322	0.00161	0.00403	0.00282	0.00322	0.00564
11	0.00748	0.00541	0.00750	0.00750	0.00813	0.00604	0.00543	0.00874	0.00811	0.01145	0.01474	0.02485	0.01493	0.28994	0.54807	0.00730	0.01108	0.00622	0.00291	0.00417
12	0.01135	0.23260	0.59224	0.01330	0.02016	0.01430	0.01656	0.01626	0.01089	0.01539	0.00880	0.01031	0.00662	0.00482	0.00453	0.00151	0.00714	0.00357	0.00221	0.00743
13	0.01392	0.82012	0.02729	0.00891	0.01337	0.02061	0.00891	0.01559	0.01058	0.01225	0.00724	0.00835	0.00668	0.00446	0.00334	0.00111	0.00557	0.00278	0.00223	0.00668
14	0.01045	0.02694	0.79000	0.01484	0.02254	0.01209	0.01924	0.01649	0.01099	0.01649	0.00935	0.01099	0.00660	0.00495	0.00495	0.00165	0.00770	0.00385	0.00220	0.00770
15	0.01084	0.02006	0.49306	0.01216	0.01855	0.01008	0.01427	0.01542	0.01102	0.04010	0.01018	0.03265	0.00790	0.00494	0.00465	0.00138	0.00623	0.00394	0.00269	0.27987
16	0.00650	0.00529	0.00575	0.00564	0.00724	0.00454	0.00423	0.00814	0.01268	0.01599	0.25863	0.04695	0.57531	0.01247	0.00615	0.00172	0.00259	0.01055	0.00509	0.00454
17	0.01601	0.01041	0.01166	0.00992	0.01314	0.03170	0.00783	0.05651	0.39577	0.25454	0.04038	0.05812	0.01585	0.00720	0.00528	0.00167	0.00432	0.00598	0.00546	0.04828
18	0.04919	0.16287	0.28161	0.01100	0.01626	0.01210	0.01174	0.06744	0.01293	0.24192	0.02717	0.01385	0.02695	0.00562	0.00470	0.00150	0.00573	0.00431	0.00384	0.03925
19	0.01279	0.01234	0.02128	0.05183	0.74205	0.01238	0.03860	0.01593	0.01183	0.01691	0.00980	0.01295	0.00820	0.00465	0.00519	0.00156	0.00628	0.00469	0.00257	0.00815
20	0.01270	0.32051	0.02599	0.01506	0.01880	0.01665	0.30245	0.01531	0.01064	0.01403	0.00842	0.01126	0.00719	0.00551	0.00762	0.00163	0.19274	0.00450	0.00240	0.00659
21	0.06707	0.01349	0.20540	0.20630	0.10303	0.01026	0.02634	0.01606	0.02772	0.13074	0.10516	0.01749	0.03650	0.00616	0.00517	0.00166	0.00579	0.00523	0.00354	0.00689
22	0.01456	0.01177	0.01736	0.01270	0.01729	0.01094	0.20878	0.19044	0.03322	0.09597	0.01174	0.01294	0.00873	0.00488	0.00495	0.00132	0.00566	0.00455	0.00384	0.32835
23	0.00704	0.00512	0.00668	0.00701	0.00760	0.00527	0.00487	0.00808	0.00896	0.01209	0.02276	0.24210	0.10270	0.24070	0.28960	0.00507	0.00737	0.00920	0.00366	0.00410
24	0.00634	0.00453	0.00604	0.00725	0.00755	0.00423	0.00483	0.00725	0.00997	0.01329	0.02870	0.81358	0.03444	0.01632	0.00665	0.00211	0.00302	0.01480	0.00483	0.00423
25	0.01935	0.02021	0.01499	0.01274	0.01602	0.45449	0.00993	0.31983	0.04716	0.02112	0.01033	0.01101	0.00791	0.00578	0.00492	0.00145	0.00773	0.00398	0.00379	0.00725
26	0.01556	0.01184	0.01376	0.01123	0.01406	0.01359	0.00918	0.47881	0.01830	0.02497	0.01221	0.01446	0.00971	0.01521	0.21458	0.00344	0.10257	0.00491	0.00423	0.00738
27	0.01321	0.01000	0.01052	0.00923	0.01188	0.01123	0.00722	0.15596	0.42295	0.02287	0.01842	0.01853	0.01404	0.02581	0.00535	0.00166	0.00399	0.00544	0.22432	0.00735
28	0.01091	0.00911	0.01000	0.00931	0.01160	0.01013	0.00715	0.02122	0.51316	0.02028	0.15446	0.10187	0.05823	0.00907	0.00567	0.00180	0.00368	0.03006	0.00529	0.00701
29	0.01945	0.02482	0.01476	0.01342	0.01610	0.79608	0.01006	0.02079	0.01476	0.01275	0.00805	0.00939	0.00671	0.00537	0.00470	0.00134	0.00939	0.00335	0.00268	0.00604
30	0.01289	0.01237	0.02114	0.03196	0.78450	0.01237	0.01598	0.01598	0.01186	0.01701	0.00980	0.01289	0.00825	0.00464	0.00516	0.00155	0.00619	0.00464	0.00258	0.00825
31	0.00627	0.00526	0.00545	0.00544	0.00711	0.00444	0.00406	0.00769	0.01209	0.01468	0.11986	0.06587	0.69790	0.01302	0.00616	0.00176	0.00263	0.01093	0.00492	0.00444
32	0.85377	0.01007	0.00765	0.00685	0.01007	0.01168	0.00564	0.01531	0.00886	0.02336	0.00725	0.00846	0.00564	0.00483	0.00322	0.00161	0.00403	0.00282	0.00322	0.00564
33	0.85377	0.01007	0.00765	0.00685	0.01007	0.01168	0.00564	0.01531	0.00886	0.02336	0.00725	0.00846	0.00564	0.00483	0.00322	0.00161	0.00403	0.00282	0.00322	0.00564
34	0.01202	0.01059	0.02676	0.01108	0.01291	0.01251	0.00895	0.03489	0.35512	0.04886	0.03614	0.09009	0.03852	0.00876	0.00927	0.00195	0.26400	0.00642	0.00426	0.00688
35	0.01609	0.00909	0.01134	0.00837	0.01274	0.00724	0.00680	0.01828	0.01253	0.34187	0.01401	0.01372	0.00989	0.00495	0.00444	0.00113	0.00410	0.00399	0.00450	0.49493
36	0.01531	0.62055	0.02414	0.01004	0.01405	0.21520	0.00920	0.01690	0.01163	0.01238	0.00744	0.00861	0.00669	0.00468	0.00368	0.00117	0.00653	0.00293	0.00234	0.00652
37	0.00905	0.00452	0.00678	0.00678	0.00678	0.00452	0.00452	0.00678	0.00678	0.00905	0.00905	0.01583	0.00905	0.01809	0.02035	0.84848	0.00452	0.00452	0.00226	0.00226
38	0.01107	0.00925	0.01083	0.00775	0.01236	0.00696	0.00620	0.01338	0.01089	0.03371	0.00950	0.01095	0.00783	0.00391	0.00389	0.00079	0.00387	0.00313	0.00316	0.83058
39	0.05322	0.01163	0.01355	0.28347	0.02140	0.12333	0.01035	0.03693	0.06294	0.30982	0.01415	0.01480	0.00975	0.00583	0.00506	0.00162	0.00600	0.00468	0.00424	0.00722
40	0.49196	0.01096	0.01135	0.00979	0.01193	0.03167	0.02612	0.03076	0.00925	0.01943	0.02356	0.01034	0.00711	0.00644	0.00814	0.00183	0.27694	0.00368	0.00297	0.00576
41	0.01449	0.10035	0.42765	0.01207	0.01814	0.01127	0.01383	0.01864	0.01205	0.23501	0.01230	0.01262	0.00848	0.00523	0.00478	0.00151	0.00624	0.00407	0.00348	0.07779
42	0.00673	0.00528	0.00610	0.00602	0.00747	0.00465	0.00452	0.00854	0.01299	0.01694	0.35786	0.08216	0.41823	0.01230	0.00620	0.00174	0.00264	0.02979	0.00521	0.00462
43	0.01343	0.17712	0.11127	0.01565	0.19334	0.01396	0.01147	0.02103	0.30717	0.06207	0.01425	0.01455	0.01096	0.00568	0.00482	0.00156	0.00534	0.00469	0.00374	0.00790
44	0.00685	0.00530	0.00624	0.00601	0.00746	0.00469	0.00450	0.00882	0.01351	0.01797	0.47030	0.04369	0.36241	0.01173	0.00615	0.00169	0.00253	0.01009	0.00535	0.00469
45	0.01226	0.01053	0.01636	0.01174	0.01649	0.00871	0.21411	0.01512	0.01155	0.08180	0.01056	0.01227	0.00820	0.00422	0.00460	0.00111	0.00525	0.00410	0.00324	0.54777
46	0.01532	0.01006	0.01182	0.00905	0.01300	0.00928	0.00731	0.18469	0.05728	0.18979	0.09210	0.01604	0.01379	0.00583	0.00477	0.00128	0.00427	0.00472	0.00469	0.34491
47	0.00971	0.00485	0.00485	0.00485	0.00607	0.00485	0.00364	0.01213	0.01092	0.01942	0.01699	0.01942	0.01335	0.00607	0.00364	0.00121	0.00243	0.00485	0.84589	0.00485
48	0.01100	0.00856	0.00994	0.00769	0.01138	0.00706	0.00612	0.07029	0.01255	0.05649	0.08106	0.03701	0.12813	0.00660	0.00469	0.00116	0.00373	0.02118	0.00397	0.51139
49	0.00668	0.00469	0.00593	0.00677	0.00703	0.00446	0.00435	0.00734	0.00936	0.01244	0.02590	0.58232	0.04779	0.23534	0.01207	0.00291	0.00357	0.01274	0.00437	0.00394
50	0.00971	0.00485	0.00485	0.00485	0.00607	0.00485	0.00364	0.01213	0.01092	0.01942	0.01699	0.01942	0.01335	0.00607	0.00364	0.00121	0.00243	0.00485	0.84589	0.00485
51	0.85377	0.01007	0.00765	0.00685	0.01007	0.01168	0.00564	0.01531	0.00886	0.02336	0.00725	0.00846	0.00564	0.00483	0.00322	0.00161	0.00403	0.00282	0.00322	0.00564
52	0.01388	0.01052	0.01699	0.01353	0.01697	0.01056	0.24166	0.02007	0.22046	0.17733	0.03225	0.06230	0.01585	0.00758	0.00612	0.00183	0.02340	0.09686	0.00457	0.00726
53	0.01400	0.01023	0.01649	0.01266	0.01604	0.05371	0.25211	0.01690	0.01399	0.22738	0.28111	0.02342	0.02352	0.00718	0.00581	0.00165	0.00544	0.00688	0.00475	0.00673
54	0.00983	0.00926	0.01562	0.80447	0.03587	0.01157	0.01446	0.01331	0.01041	0.01331	0.00926	0.01388	0.00694	0.00521	0.00521	0.00174	0.00694	0.00463	0.00231	0.00579
55	0.01080	0.00926	0.01080	0.00771	0.01234	0.00694	0.00617	0.01311	0.01080	0.01697	0.00926	0.01080	0.00771	0.00386	0.00386	0.00077	0.00386	0.00309	0.00309	0.84882
56	0.00634	0.00453	0.00604	0.00725	0.00755	0.00423	0.00483	0.00725	0.00997	0.01329	0.02870	0.81358	0.03444	0.01632	0.00665	0.00211	0.00302	0.01480	0.00483	0.00423
57	0.00628	0.00528	0.00544	0.00540	0.00711	0.00445	0.00405	0.00771	0.01215	0.01474	0.12508	0.04900	0.70964	0.01294	0.00615	0.00175	0.00262	0.01083	0.00492	0.00445
58	0.00734	0.00530	0.00693	0.00657	0.00777	0.00489	0.00491	0.00975	0.01460	0.02065	0.75878	0.06253	0.04869	0.01082	0.00616	0.00165	0.00247	0.00958	0.00571	0.00489
59	0.01229	0.01405	0.03073	0.02195	0.02722	0.01317	0.76558	0.01668	0.01229	0.01668	0.01054	0.01405	0.00790	0.00439	0.00615	0.00176	0.00878	0.00615	0.00263	0.00702
60	0.00706	0.00538	0.00666	0.00740	0.00861	0.00498	0.00588	0.00871	0.01148	0.01448	0.03743	0.23048	0.31765	0.01438	0.00667	0.00209	0.00356	0.29778	0.00482	0.00451
61	0.00744	0.00558	0.00837	0.00837	0.00930	0.00651	0.00651	0.00930	0.00837	0.01209	0.01395	0.02046	0.01302	0.03906	0.79635	0.00837	0.01395	0.00558	0.00279	0.00465
62	0.02336	0.00886	0.01209	0.00927	0.01329	0.00765	0.00765	0.02538	0.01491	0.78810	0.02055	0.01773	0.01289	0.00645	0.00524	0.00161	0.00443	0.00524	0.00645	0.00886
63	0.01080	0.00926	0.01080	0.00771	0.01234	0.00694	0.00617	0.01311	0.01080	0.01697	0.00926	0.01080	0.00771	0.00386	0.00386	0.00077	0.00386	0.00309	0.00309	0.84882
64	0.00634	0.00453	0.00604	0.00725	0.00755	0.00423	0.00483	0.00725	0.00997	0.01329	0.02870	0.81358	0.03444	0.01632	0.00665	0.00211	0.00302	0.01480	0.00483	0.00423
65	0.01248	0.49012	0.34461	0.01138	0.01718	0.01706	0.01321	0.01597	0.01075	0.01402	0.00812	0.00945	0.00665	0.00466	0.00401	0.00134	0.00645	0.00323	0.00222	0.00710
66	0.01143	0.27217	0.01890	0.31792	0.02239	0.05850	0.06010	0.01393	0.01090	0.01331	0.01178	0.09418	0.01119	0.00664	0.00491	0.00160	0.00622	0.05525	0.00275	0.00595
67	0.01980	0.01459	0.01563	0.01198	0.01615	0.01615	0.00990	0.76713	0.02448	0.03282	0.01250	0.01250	0.00886	0.00625	0.00521	0.00156	0.00573	0.00469	0.00521	0.00886
68	0.01233	0.01394	0.03010	0.02260	0.07667	0.01312	0.71663	0.01664	0.01226	0.01670	0.01049	0.01397	0.00792	0.00441	0.00608	0.00174	0.00861	0.00605	0.00263	0.00710
69	0.00757	0.00505	0.00568	0.00568	0.00568	0.00505	0.00316	0.00757	0.00757	0.01010	0.01641	0.03408	0.01893	0.81698	0.02651	0.00505	0.00505	0.00757	0.00316	0.00316
70	0.01139	0.01139	0.01595	0.01367	0.01367	0.01595	0.01139	0.01253	0.00798	0.01253	0.00684	0.01139	0.00684	0.00911	0.01709	0.00228	0.80745	0.00456	0.00228	0.00570
71	0.00983	0.00926	0.01562	0.80447	0.03587	0.01157	0.01446	0.01331	0.01041	0.01331	0.00926	0.01388	0.00694	0.00521	0.00521	0.00174	0.00694	0.00463	0.00231	0.00579
72	0.01626	0.01429	0.01355	0.01148	0.01481	0.12347	0.00908	0.28643	0.40525	0.02440	0.01631	0.01559	0.01214	0.00654	0.00518	0.00164	0.00542	0.00511	0.00490	0.00815
73	0.00634	0.00453	0.00604	0.00725	0.00755	0.00423	0.00483	0.00725	0.00997	0.01329	0.02870	0.81358	0.03444	0.01632	0.00665	0.00211	0.00302	0.01480	0.00483	0.00423
74	0.00744	0.00557	0.00830	0.00830	0.00920	0.00647	0.00642	0.00925	0.00835	0.01204	0.01402	0.02083	0.01318	0.06008	0.77554	0.00828	0.01371	0.00563	0.00280	0.00461
75	0.00704	0.00526	0.00653	0.00631	0.00760	0.00476	0.00470	0.00915	0.01381	0.01891	0.57383	0.08844	0.21138	0.01156	0.00618	0.00169	0.00253	0.01009	0.00548	0.00476
76	0.00757	0.00505	0.00568	0.00568	0.00568	0.00505	0.00316	0.00757	0.00757	0.01010	0.01641	0.03408	0.01893	0.81698	0.02651	0.00505	0.00505	0.00757	0.00316	0.00316
77	0.28203	0.00924	0.01070	0.00851	0.01229	0.00891	0.00703	0.02224	0.01302	0.54989	0.01640	0.01484	0.01063	0.00594	0.00461	0.00161	0.00431	0.00448	0.00544	0.00786
78	0.00971	0.00485	0.00485	0.00485	0.00607	0.00485	0.00364	0.01213	0.01092	0.01942	0.01699	0.01942	0.01335	0.00607	0.00364	0.00121	0.00243	0.00485	0.84589	0.00485
79	0.00680	0.00487	0.00647	0.00714	0.00780	0.00455	0.00505	0.00830	0.01167	0.01595	0.27989	0.51471	0.03911	0.01432	0.00651	0.00197	0.00293	0.05233	0.00513	0.00449
80	0.01957	0.02128	0.01506	0.01292	0.01612	0.52624	0.01001	0.27901	0.01812	0.01969	0.00959	0.01047	0.00745	0.00567	0.00487	0.00142	0.00812	0.00382	0.00356	0.00701
81	0.01559	0.00911	0.01129	0.00830	0.01270	0.00721	0.00674	0.01779	0.01236	0.31074	0.01356	0.01344	0.00969	0.00484	0.00438	0.00109	0.00408	0.00391	0.00437	0.52883
82	0.01656	0.00907	0.01127	0.00856	0.01254	0.00773	0.00694	0.07589	0.01398	0.35428	0.07720	0.01725	0.03429	0.00596	0.00481	0.00129	0.00411	0.00486	0.00497	0.32842
83	0.00971	0.00485	0.00485	0.00485	0.00607	0.00485	0.00364	0.01213	0.01092	0.01942	0.01699	0.01942	0.01335	0.00607	0.00364	0.00121	0.00243	0.00485	0.84589	0.00485
84	0.01980	0.01459	0.01563	0.01198	0.01615	0.01615	0.00990	0.76713	0.02448	0.03282	0.01250	0.01250	0.00886	0.00625	0.00521	0.00156	0.00573	0.00469	0.00521	0.00886
85	0.01253	0.01279	0.02265	0.01706	0.02138	0.01295	0.44355	0.02106	0.32089	0.01875	0.01482	0.01616	0.01113	0.00546	0.00576	0.00174	0.00679	0.00598	0.00372	0.02482
86	0.01622	0.05456	0.02121	0.01627	0.02003	0.43060	0.29771	0.03549	0.01380	0.01470	0.00997	0.01202	0.02298	0.00513	0.00523	0.00150	0.00877	0.00458	0.00275	0.00647
87	0.01731	0.01360	0.01688	0.01270	0.01699	0.01433	0.11615	0.54059	0.03558	0.02815	0.01211	0.01281	0.00883	0.00572	0.00515	0.00149	0.00583	0.00473	0.02353	0.10753
88	0.01253	0.01288	0.02455	0.06149	0.46369	0.01264	0.30149	0.01613	0.01196	0.01673	0.01005	0.01337	0.00806	0.00457	0.00553	0.00163	0.00721	0.00521	0.00259	0.00768
89	0.02057	0.01334	0.01486	0.01139	0.01553	0.01430	0.00941	0.60564	0.02240	0.19726	0.01425	0.01364	0.00973	0.00629	0.00522	0.00157	0.00545	0.00481	0.00548	0.00886
90	0.00905	0.00452	0.00678	0.00678	0.00678	0.00452	0.00452	0.00678	0.00678	0.00905	0.00905	0.01583	0.00905	0.01809	0.02035	0.84848	0.00452	0.00452	0.00226	0.00226
91	0.01092	0.00766	0.00895	0.00840	0.01029	0.00800	0.00633	0.05391	0.24911	0.08429	0.19386	0.24174	0.02774	0.01027	0.00576	0.00178	0.00346	0.00896	0.05231	0.00628
92	0.00971	0.00485	0.00485	0.00485	0.00607	0.00485	0.00364	0.01213	0.01092	0.01942	0.01699	0.01942	0.01335	0.00607	0.00364	0.00121	0.00243	0.00485	0.84589	0.00485
93	0.00705	0.00527	0.00655	0.00630	0.00761	0.00477	0.00470	0.00919	0.01388	0.01902	0.58520	0.07874	0.20958	0.01148	0.00617	0.00169	0.00252	0.01002	0.00549	0.00477
94	0.00983	0.00926	0.01562	0.80447	0.03587	0.01157	0.01446	0.01331	0.01041	0.01331	0.00926	0.01388	0.00694	0.00521	0.00521	0.00174	0.00694	0.00463	0.00231	0.00579
95	0.01095	0.00939	0.00988	0.00904	0.01160	0.01038	0.00699	0.02165	0.54334	0.01978	0.06720	0.02819	0.21215	0.00880	0.00556	0.00176	0.00366	0.00736	0.00520	0.00710
96	0.01229	0.01405	0.03073	0.02195	0.02722	0.01317	0.76558	0.01668	0.01229	0.01668	0.01054	0.01405	0.00790	0.00439	0.00615	0.00176	0.00878	0.00615	0.00263	0.00702
97	0.01480	0.01228	0.01562	0.01287	0.01445	0.01554	0.01070	0.25746	0.01372	0.06359	0.00946	0.01212	0.00784	0.00804	0.01257	0.00201	0.50195	0.00464	0.00347	0.00690
98	0.00634	0.00453	0.00604	0.00725	0.00755	0.00423	0.00483	0.00725	0.00997	0.01329	0.02870	0.81358	0.03444	0.01632	0.00665	0.00211	0.00302	0.01480	0.00483	0.00423
99	0.01209	0.40227	0.42908	0.01204	0.01820	0.01612	0.01435	0.01607	0.01080	0.01449	0.00835	0.00975	0.00664	0.00471	0.00419	0.00140	0.00669	0.00334	0.00221	0.00722
100	0.01346	0.01368	0.01652	0.01969	0.30752	0.13584	0.01203	0.01853	0.18848	0.01645	0.01257	0.01443	0.02779	0.00644	0.00761	0.00172	0.17188	0.00486	0.00322	0.00728

[dist]
# distance from previous block
# <min> <max>
9	33

[block]
# block no. 1 follows, 47 sequences, length 22
# corresponding to MSA columns:
# 726-747
name=unknown_B
#
# <colnr> <probs for GDERKNQSTAVLIFYWHMCP>
#	G	D	E	R	K	N	Q	S	T	A	V	L	I	F	Y	W	H	M	C	P
0	0.09074	0.01387	0.08778	0.01601	0.17553	0.08309	0.08685	0.11976	0.03559	0.05875	0.10194	0.01540	0.01300	0.00585	0.00528	0.00155	0.02032	0.00497	0.00365	0.06006
1	0.03057	0.01109	0.01542	0.01890	0.32947	0.08586	0.05621	0.01532	0.03050	0.06999	0.22926	0.04993	0.02102	0.00700	0.00547	0.00160	0.00527	0.00636	0.00390	0.00685
2	0.01645	0.01118	0.01484	0.01444	0.15526	0.01132	0.04104	0.27355	0.03848	0.18478	0.12196	0.03261	0.01584	0.00666	0.00535	0.00158	0.00504	0.00568	0.00487	0.03905
3	0.01640	0.01180	0.01545	0.01378	0.09287	0.01236	0.07964	0.31923	0.11078	0.13599	0.06263	0.03912	0.01436	0.00699	0.00550	0.00167	0.00536	0.04321	0.00490	0.00798
4	0.15524	0.01145	0.04788	0.01569	0.17530	0.01070	0.12882	0.05064	0.04453	0.18015	0.07184	0.01541	0.01213	0.00561	0.00501	0.00158	0.00541	0.00500	0.00399	0.05360
5	0.01230	0.17717	0.01347	0.00889	0.01169	0.01105	0.00719	0.09006	0.16028	0.07701	0.04005	0.25184	0.01871	0.00893	0.00516	0.00160	0.00421	0.00755	0.00440	0.08843
6	0.09307	0.01296	0.01876	0.01497	0.05184	0.05538	0.25878	0.12783	0.14189	0.09858	0.01307	0.01407	0.00961	0.00539	0.00523	0.00161	0.00628	0.00507	0.00392	0.06168
7	0.01535	0.01245	0.01631	0.02000	0.35439	0.07219	0.01171	0.04855	0.20312	0.14687	0.01438	0.01498	0.01082	0.00564	0.00513	0.00157	0.00554	0.00491	0.00402	0.03207
8	0.00711	0.00564	0.00627	0.00608	0.00768	0.00505	0.00455	0.04132	0.01310	0.01677	0.25701	0.10183	0.48418	0.01239	0.00615	0.00174	0.00275	0.01055	0.00511	0.00473
9	0.01971	0.01595	0.01461	0.01182	0.01552	0.20208	0.00948	0.42284	0.07854	0.13714	0.01327	0.01305	0.00947	0.00613	0.00510	0.00153	0.00630	0.00454	0.00479	0.00813
10	0.00905	0.00452	0.00678	0.00678	0.00678	0.00452	0.00452	0.00678	0.00678	0.00905	0.00905	0.01583	0.00905	0.01809	0.02035	0.84848	0.00452	0.00452	0.00226	0.00226
11	0.00971	0.00485	0.00485	0.00485	0.00607	0.00485	0.00364	0.01213	0.01092	0.01942	0.01699	0.01942	0.01335	0.00607	0.00364	0.00121	0.00243	0.00485	0.84589	0.00485
12	0.02000	0.01456	0.01539	0.01186	0.01598	0.04016	0.00977	0.69884	0.02360	0.07783	0.01285	0.01272	0.00903	0.00624	0.00520	0.00156	0.00577	0.00468	0.00520	0.00877
13	0.81547	0.01028	0.00802	0.00708	0.01035	0.01189	0.00584	0.04983	0.00958	0.02380	0.00749	0.00865	0.00579	0.00490	0.00331	0.00161	0.00411	0.00291	0.00331	0.00579
14	0.02116	0.00865	0.01156	0.00908	0.01277	0.00770	0.00742	0.02399	0.06083	0.66624	0.09555	0.01991	0.01664	0.00690	0.00533	0.00162	0.00422	0.00569	0.00631	0.00844
15	0.01392	0.82012	0.02729	0.00891	0.01337	0.02061	0.00891	0.01559	0.01058	0.01225	0.00724	0.00835	0.00668	0.00446	0.00334	0.00111	0.00557	0.00278	0.00223	0.00668
16	0.01375	0.78108	0.06483	0.00920	0.01382	0.02019	0.00942	0.01564	0.01060	0.01246	0.00734	0.00848	0.00668	0.00448	0.00342	0.00114	0.00567	0.00284	0.00223	0.00673
17	0.00905	0.00452	0.00678	0.00678	0.00678	0.00452	0.00452	0.00678	0.00678	0.00905	0.00905	0.01583	0.00905	0.01809	0.02035	0.84848	0.00452	0.00452	0.00226	0.00226
18	0.70152	0.13571	0.03151	0.00738	0.01091	0.01307	0.00651	0.01538	0.00918	0.02146	0.00731	0.00851	0.00583	0.00478	0.00329	0.00154	0.00436	0.00284	0.00304	0.00586
19	0.09723	0.35133	0.26199	0.01027	0.01514	0.01446	0.01122	0.01531	0.01051	0.05292	0.01060	0.01198	0.03935	0.00617	0.00537	0.06740	0.00582	0.00372	0.00264	0.00656
20	0.09467	0.30389	0.11742	0.01016	0.01451	0.01541	0.00978	0.20139	0.05301	0.05626	0.06750	0.01298	0.01101	0.00568	0.00439	0.00144	0.00538	0.00416	0.00366	0.00730
21	0.17835	0.22354	0.21100	0.01012	0.01452	0.01326	0.02274	0.04851	0.05771	0.03139	0.09822	0.04545	0.01317	0.00610	0.00445	0.00152	0.00530	0.00466	0.00331	0.00667

[dist]
# distance from previous block
# <min> <max>
4	23

[block]
# block no. 2 follows, 47 sequences, length 10
# corresponding to MSA columns:
# 771-780
name=unknown_C
#
# <colnr> <probs for GDERKNQSTAVLIFYWHMCP>
#	G	D	E	R	K	N	Q	S	T	A	V	L	I	F	Y	W	H	M	C	P
0	0.00923	0.24922	0.01226	0.00682	0.00844	0.00957	0.00524	0.01013	0.00966	0.01228	0.08317	0.09605	0.08403	0.36671	0.01437	0.00304	0.00460	0.00722	0.00339	0.00456
1	0.00936	0.01760	0.44349	0.01217	0.01703	0.00926	0.01408	0.01370	0.01143	0.01597	0.01945	0.03145	0.07762	0.00903	0.00586	0.00193	0.00624	0.27461	0.00335	0.00638
2	0.01417	0.00958	0.01575	0.41753	0.09272	0.01033	0.06342	0.01720	0.01216	0.24323	0.04291	0.01592	0.01053	0.00568	0.00531	0.00168	0.00608	0.00510	0.00371	0.00696
3	0.00794	0.00570	0.00776	0.00824	0.00946	0.00552	0.00685	0.01036	0.01321	0.01793	0.36168	0.04995	0.03846	0.01273	0.00673	0.00206	0.00376	0.42161	0.00521	0.00485
4	0.01392	0.82012	0.02729	0.00891	0.01337	0.02061	0.00891	0.01559	0.01058	0.01225	0.00724	0.00835	0.00668	0.00446	0.00334	0.00111	0.00557	0.00278	0.00223	0.00668
5	0.01073	0.00940	0.01133	0.01008	0.01269	0.01014	0.06856	0.02008	0.45305	0.01878	0.02812	0.07646	0.18614	0.00920	0.00575	0.00182	0.00415	0.05174	0.00492	0.00685
6	0.16180	0.01488	0.11580	0.01108	0.01506	0.05752	0.00985	0.24678	0.27067	0.02418	0.01383	0.01374	0.01023	0.00605	0.00483	0.00164	0.00536	0.00458	0.00435	0.00778
7	0.02063	0.01256	0.01353	0.01117	0.03939	0.11155	0.00874	0.23261	0.01734	0.40193	0.03713	0.01537	0.01163	0.00622	0.00513	0.00153	0.00542	0.00486	0.00535	0.03790
8	0.01152	0.45926	0.01827	0.00788	0.01104	0.01368	0.00715	0.01331	0.01185	0.04829	0.19417	0.06546	0.10456	0.00761	0.00457	0.00138	0.00433	0.00602	0.00366	0.00598
9	0.11831	0.18305	0.28635	0.01072	0.01571	0.01215	0.01161	0.01735	0.01172	0.17848	0.05317	0.01570	0.01139	0.00598	0.00465	0.00157	0.00567	0.04572	0.00356	0.00717

[dist]
# distance from previous block
# <min> <max>
2	10

[block]
# block no. 3 follows, 47 sequences, length 7
# corresponding to MSA columns:
# 791-797
name=unknown_D
#
# <colnr> <probs for GDERKNQSTAVLIFYWHMCP>
#	G	D	E	R	K	N	Q	S	T	A	V	L	I	F	Y	W	H	M	C	P
0	0.01945	0.02482	0.01476	0.01342	0.01610	0.79608	0.01006	0.02079	0.01476	0.01275	0.00805	0.00939	0.00671	0.00537	0.00470	0.00134	0.00939	0.00335	0.00268	0.00604
1	0.85377	0.01007	0.00765	0.00685	0.01007	0.01168	0.00564	0.01531	0.00886	0.02336	0.00725	0.00846	0.00564	0.00483	0.00322	0.00161	0.00403	0.00282	0.00322	0.00564
2	0.01945	0.02482	0.01476	0.01342	0.01610	0.79608	0.01006	0.02079	0.01476	0.01275	0.00805	0.00939	0.00671	0.00537	0.00470	0.00134	0.00939	0.00335	0.00268	0.00604
3	0.00709	0.00527	0.00661	0.00637	0.00764	0.00478	0.00474	0.00926	0.01395	0.01923	0.60809	0.08821	0.17662	0.01144	0.00618	0.00169	0.00252	0.01002	0.00552	0.00478
4	0.00771	0.00684	0.00949	0.31898	0.01842	0.00726	0.00817	0.00998	0.01156	0.01439	0.10230	0.03488	0.41112	0.00982	0.00578	0.00174	0.00431	0.00835	0.00393	0.00499
5	0.12968	0.01145	0.01558	0.14454	0.01927	0.05640	0.16112	0.07520	0.01206	0.01805	0.01034	0.04957	0.00863	0.00520	0.00475	0.00141	0.00583	0.00462	0.00311	0.26319
6	0.04811	0.01486	0.04177	0.01291	0.08409	0.28517	0.03211	0.04673	0.01264	0.06217	0.04054	0.01550	0.03136	0.01408	0.20204	0.00317	0.00885	0.00470	0.00322	0.03598

[dist]
# distance from previous block
# <min> <max>
2	29

[block]
# block no. 4 follows, 47 sequences, length 27
# corresponding to MSA columns:
# 829-855
name=unknown_E
#
# <colnr> <probs for GDERKNQSTAVLIFYWHMCP>
#	G	D	E	R	K	N	Q	S	T	A	V	L	I	F	Y	W	H	M	C	P
0	0.01030	0.20763	0.26855	0.00999	0.01420	0.03959	0.01068	0.01363	0.01233	0.01663	0.26647	0.02216	0.07312	0.00728	0.00503	0.00151	0.00518	0.00590	0.00357	0.00625
1	0.01496	0.34039	0.22624	0.01151	0.01673	0.01686	0.01199	0.26660	0.01533	0.02024	0.00956	0.01044	0.00739	0.00519	0.00439	0.00141	0.00619	0.00370	0.00321	0.00768
2	0.01372	0.77327	0.07234	0.00926	0.01391	0.02010	0.00952	0.01565	0.01061	0.01250	0.00736	0.00851	0.00668	0.00448	0.00344	0.00115	0.00569	0.00285	0.00223	0.00674
3	0.01265	0.53005	0.30621	0.01108	0.01672	0.01749	0.01269	0.01592	0.01073	0.01380	0.00801	0.00932	0.00665	0.00464	0.00393	0.00131	0.00635	0.00317	0.00222	0.00705
4	0.01227	0.44274	0.39017	0.01173	0.01773	0.01656	0.01383	0.01602	0.01078	0.01427	0.00824	0.00961	0.00664	0.00469	0.00411	0.00137	0.00658	0.00329	0.00221	0.00717
5	0.01373	0.77705	0.06870	0.00923	0.01386	0.02014	0.00947	0.01564	0.01060	0.01248	0.00735	0.00850	0.00668	0.00448	0.00343	0.00114	0.00568	0.00284	0.00223	0.00674
6	0.01084	0.11651	0.70387	0.01417	0.02150	0.01306	0.01807	0.01639	0.01095	0.01601	0.00911	0.01070	0.00661	0.00489	0.00477	0.00159	0.00746	0.00373	0.00220	0.00758
7	0.01980	0.01459	0.01563	0.01198	0.01615	0.01615	0.00990	0.76713	0.02448	0.03282	0.01250	0.01250	0.00886	0.00625	0.00521	0.00156	0.00573	0.00469	0.00521	0.00886
8	0.01712	0.01993	0.01369	0.01241	0.01518	0.51524	0.00941	0.02326	0.28742	0.01599	0.01276	0.01299	0.01000	0.00598	0.00491	0.00149	0.00750	0.00426	0.00362	0.00683
9	0.01980	0.01459	0.01563	0.01198	0.01615	0.01615	0.00990	0.76713	0.02448	0.03282	0.01250	0.01250	0.00886	0.00625	0.00521	0.00156	0.00573	0.00469	0.00521	0.00886
10	0.00813	0.00562	0.00772	0.00856	0.00963	0.00546	0.00700	0.01018	0.01204	0.03467	0.14930	0.22616	0.03366	0.01403	0.00685	0.00219	0.00401	0.44500	0.00500	0.00478
11	0.01159	0.28747	0.53947	0.01289	0.01953	0.01489	0.01585	0.01620	0.01086	0.01510	0.00865	0.01013	0.00663	0.00479	0.00442	0.00147	0.00700	0.00350	0.00221	0.00736
12	0.01921	0.02003	0.01382	0.01219	0.01512	0.54895	0.00932	0.04759	0.06805	0.14686	0.04135	0.01277	0.01013	0.00591	0.00490	0.00144	0.00778	0.00413	0.00371	0.00673
13	0.01223	0.43498	0.39763	0.01179	0.01782	0.01647	0.01393	0.01603	0.01078	0.01431	0.00826	0.00964	0.00664	0.00469	0.00412	0.00137	0.00660	0.00330	0.00221	0.00718
14	0.00783	0.00611	0.00763	0.00741	0.00915	0.00513	0.00528	0.00921	0.01025	0.01452	0.02221	0.54572	0.02552	0.01216	0.00572	0.00167	0.00330	0.01089	0.00425	0.28604
15	0.00661	0.00522	0.00596	0.00594	0.00736	0.00457	0.00439	0.00830	0.01272	0.01646	0.31467	0.12245	0.44168	0.01258	0.00620	0.00175	0.00261	0.01080	0.00516	0.00457
16	0.01327	0.00993	0.01129	0.00910	0.01245	0.00978	0.00738	0.28080	0.01557	0.02228	0.01386	0.04296	0.01194	0.00898	0.06595	0.00187	0.00519	0.06821	0.10134	0.28784
17	0.75577	0.01098	0.00856	0.00750	0.01078	0.04090	0.00615	0.07618	0.01034	0.02374	0.00770	0.00882	0.00594	0.00497	0.00344	0.00160	0.00436	0.00299	0.00336	0.00591
18	0.00757	0.00505	0.00568	0.00568	0.00568	0.00505	0.00316	0.00757	0.00757	0.01010	0.01641	0.03408	0.01893	0.81698	0.02651	0.00505	0.00505	0.00757	0.00316	0.00316
19	0.24725	0.03661	0.16720	0.01175	0.01479	0.13381	0.01100	0.01572	0.01008	0.03356	0.00795	0.01025	0.00657	0.00634	0.00831	0.00178	0.26441	0.00372	0.00268	0.00623
20	0.01425	0.01682	0.02582	0.02032	0.07409	0.22281	0.51388	0.01774	0.01292	0.01565	0.00982	0.01272	0.00760	0.00467	0.00569	0.00163	0.00877	0.00530	0.00264	0.00684
21	0.00707	0.00536	0.00667	0.00746	0.00849	0.00505	0.00568	0.00897	0.03704	0.01442	0.03471	0.37308	0.23694	0.01462	0.00661	0.00208	0.00344	0.21291	0.00484	0.00457
22	0.01245	0.44216	0.10921	0.23440	0.02077	0.01657	0.01174	0.01511	0.01054	0.03020	0.00832	0.01058	0.00689	0.00501	0.00480	0.00142	0.04739	0.00357	0.00234	0.00654
23	0.00788	0.00565	0.00770	0.00825	0.00942	0.00547	0.00682	0.01023	0.01300	0.01761	0.33118	0.08749	0.03790	0.01297	0.00674	0.00208	0.00377	0.41584	0.00517	0.00482
24	0.01393	0.28211	0.01786	0.10374	0.01624	0.08531	0.00939	0.06093	0.09930	0.01685	0.04589	0.02130	0.14613	0.00805	0.00603	0.00179	0.04832	0.00581	0.00393	0.00709
25	0.01608	0.01743	0.27305	0.01214	0.01752	0.01276	0.01233	0.34437	0.01731	0.11432	0.01203	0.01242	0.00845	0.00557	0.00497	0.00151	0.00602	0.00429	0.00411	0.10332
26	0.05297	0.01011	0.01322	0.09404	0.01630	0.00983	0.07202	0.01745	0.18519	0.05903	0.01295	0.01475	0.01018	0.00535	0.00502	0.00135	0.02748	0.02152	0.00367	0.36757

[dist]
# distance from previous block
# <min> <max>
0	8

[block]
# block no. 5 follows, 47 sequences, length 7
# corresponding to MSA columns:
# 864-870
name=unknown_F
#
# <colnr> <probs for GDERKNQSTAVLIFYWHMCP>
#	G	D	E	R	K	N	Q	S	T	A	V	L	I	F	Y	W	H	M	C	P
0	0.01945	0.02482	0.01476	0.01342	0.01610	0.79608	0.01006	0.02079	0.01476	0.01275	0.00805	0.00939	0.00671	0.00537	0.00470	0.00134	0.00939	0.00335	0.00268	0.00604
1	0.02336	0.00886	0.01209	0.00927	0.01329	0.00765	0.00765	0.02538	0.01491	0.78810	0.02055	0.01773	0.01289	0.00645	0.00524	0.00161	0.00443	0.00524	0.00645	0.00886
2	0.01945	0.02482	0.01476	0.01342	0.01610	0.79608	0.01006	0.02079	0.01476	0.01275	0.00805	0.00939	0.00671	0.00537	0.00470	0.00134	0.00939	0.00335	0.00268	0.00604
3	0.09824	0.00714	0.00795	0.00680	0.00924	0.00701	0.00542	0.05721	0.01268	0.25840	0.01688	0.01743	0.01220	0.00607	0.00418	0.00139	0.00338	0.00476	0.45723	0.00639
4	0.12578	0.00884	0.01193	0.21758	0.01830	0.00900	0.00890	0.01997	0.01266	0.43146	0.01561	0.01564	0.01043	0.00589	0.00486	0.00162	0.00490	0.00474	0.06455	0.00735
5	0.42028	0.05888	0.01089	0.00809	0.01176	0.01037	0.00677	0.01996	0.01175	0.37476	0.01337	0.01272	0.00904	0.00555	0.00416	0.00158	0.00431	0.00393	0.00465	0.00719
6	0.17180	0.32984	0.01728	0.00868	0.01273	0.01351	0.00778	0.01966	0.01209	0.34121	0.01285	0.01232	0.00911	0.00536	0.00412	0.00141	0.00481	0.00382	0.00419	0.00741

[dist]
# distance from previous block
# <min> <max>
8	23

[block]
# block no. 6 follows, 47 sequences, length 15
# corresponding to MSA columns:
# 894-908
name=unknown_G
#
# <colnr> <probs for GDERKNQSTAVLIFYWHMCP>
#	G	D	E	R	K	N	Q	S	T	A	V	L	I	F	Y	W	H	M	C	P
0	0.22722	0.00728	0.00826	0.00764	0.00981	0.00721	0.00579	0.01479	0.01118	0.24619	0.04337	0.30770	0.02035	0.05194	0.00637	0.00198	0.00378	0.00837	0.00484	0.00593
1	0.01659	0.00769	0.01066	0.00899	0.01173	0.00747	0.00725	0.04467	0.01251	0.43768	0.01751	0.01868	0.01280	0.02005	0.33549	0.00443	0.00845	0.00536	0.00488	0.00710
2	0.01568	0.01215	0.01302	0.01097	0.01436	0.01370	0.00874	0.26418	0.49534	0.06518	0.01838	0.01712	0.01349	0.00677	0.00527	0.00169	0.00465	0.00547	0.00533	0.00847
3	0.01985	0.00976	0.01213	0.00974	0.01346	0.00944	0.00793	0.08138	0.19014	0.50650	0.01993	0.01873	0.01362	0.00673	0.00526	0.00164	0.00445	0.02760	0.00593	0.03577
4	0.01427	0.00971	0.01385	0.21956	0.14025	0.01033	0.01067	0.04439	0.14952	0.20973	0.04298	0.03524	0.03872	0.00677	0.00538	0.00170	0.00521	0.03004	0.00435	0.00735
5	0.01340	0.00678	0.00820	0.00700	0.00968	0.00578	0.00554	0.01506	0.01327	0.33751	0.07287	0.03608	0.42740	0.01026	0.00577	0.00169	0.00338	0.00852	0.00555	0.00628
6	0.03363	0.00865	0.00912	0.00789	0.01019	0.00942	0.00621	0.23402	0.11087	0.02315	0.01582	0.01754	0.01229	0.02765	0.04135	0.00182	0.00424	0.00499	0.41476	0.00642
7	0.02336	0.00886	0.01209	0.00927	0.01329	0.00765	0.00765	0.02538	0.01491	0.78810	0.02055	0.01773	0.01289	0.00645	0.00524	0.00161	0.00443	0.00524	0.00645	0.00886
8	0.01045	0.02694	0.79000	0.01484	0.02254	0.01209	0.01924	0.01649	0.01099	0.01649	0.00935	0.01099	0.00660	0.00495	0.00495	0.00165	0.00770	0.00385	0.00220	0.00770
9	0.00615	0.00528	0.00528	0.00528	0.00703	0.00440	0.00396	0.00747	0.01187	0.01407	0.05276	0.05012	0.78238	0.01319	0.00615	0.00176	0.00264	0.01099	0.00484	0.00440
10	0.01045	0.02694	0.79000	0.01484	0.02254	0.01209	0.01924	0.01649	0.01099	0.01649	0.00935	0.01099	0.00660	0.00495	0.00495	0.00165	0.00770	0.00385	0.00220	0.00770
11	0.85377	0.01007	0.00765	0.00685	0.01007	0.01168	0.00564	0.01531	0.00886	0.02336	0.00725	0.00846	0.00564	0.00483	0.00322	0.00161	0.00403	0.00282	0.00322	0.00564
12	0.01078	0.00817	0.00973	0.00804	0.01122	0.00696	0.00616	0.03827	0.06930	0.06714	0.01669	0.24654	0.01652	0.00799	0.00492	0.00132	0.00373	0.00692	0.00405	0.45555
13	0.05325	0.02608	0.75029	0.01444	0.02191	0.01207	0.01855	0.01643	0.01089	0.01684	0.00924	0.01087	0.00655	0.00494	0.00486	0.00165	0.00751	0.00380	0.00225	0.00759
14	0.08027	0.01135	0.01176	0.01012	0.01338	0.06470	0.00800	0.02559	0.44295	0.24521	0.01905	0.01741	0.01361	0.00660	0.00508	0.00168	0.00456	0.00529	0.00530	0.00808

[dist]
# distance from previous block
# <min> <max>
0	1

[block]
# block no. 7 follows, 47 sequences, length 24
# corresponding to MSA columns:
# 910-933
name=unknown_H
#
# <colnr> <probs for GDERKNQSTAVLIFYWHMCP>
#	G	D	E	R	K	N	Q	S	T	A	V	L	I	F	Y	W	H	M	C	P
0	0.01258	0.51436	0.32130	0.01120	0.01690	0.01732	0.01289	0.01594	0.01074	0.01389	0.00805	0.00937	0.00665	0.00465	0.00396	0.00132	0.00639	0.00319	0.00222	0.00707
1	0.00725	0.00523	0.00686	0.00663	0.00775	0.00484	0.00490	0.00953	0.01420	0.02002	0.69609	0.12702	0.04747	0.01129	0.00620	0.00169	0.00252	0.01003	0.00563	0.00484
2	0.00737	0.00532	0.00696	0.00655	0.00778	0.00491	0.00491	0.00983	0.01474	0.02088	0.78175	0.03890	0.04914	0.01065	0.00614	0.00164	0.00246	0.00942	0.00573	0.00491
3	0.00673	0.00487	0.00636	0.00689	0.00762	0.00450	0.00483	0.00826	0.01191	0.01627	0.32198	0.47858	0.07386	0.01397	0.00643	0.00191	0.00279	0.01254	0.00518	0.00450
4	0.00734	0.00531	0.00686	0.00648	0.00767	0.00490	0.00481	0.00966	0.01436	0.02023	0.72782	0.03904	0.07027	0.04409	0.00699	0.00178	0.00257	0.00939	0.00560	0.00483
5	0.01314	0.64223	0.19834	0.01024	0.01542	0.01870	0.01123	0.01580	0.01067	0.01320	0.00771	0.00895	0.00666	0.00457	0.00370	0.00123	0.00605	0.00302	0.00222	0.00691
6	0.01351	0.01228	0.04762	0.01181	0.04611	0.01320	0.00922	0.09891	0.63575	0.02243	0.01934	0.01810	0.01447	0.00679	0.00527	0.00173	0.00453	0.00563	0.00504	0.00828
7	0.01080	0.00926	0.01080	0.00771	0.01234	0.00694	0.00617	0.01311	0.01080	0.01697	0.00926	0.01080	0.00771	0.00386	0.00386	0.00077	0.00386	0.00309	0.00309	0.84882
8	0.04830	0.01151	0.10348	0.01670	0.24911	0.03775	0.06665	0.01347	0.01270	0.01820	0.28552	0.05948	0.04027	0.00755	0.00554	0.00163	0.00503	0.00683	0.00384	0.00644
9	0.01612	0.01295	0.01851	0.02313	0.45154	0.01344	0.01320	0.29157	0.01668	0.07450	0.01151	0.01307	0.00878	0.00535	0.00518	0.00156	0.00590	0.00470	0.00380	0.00851
10	0.01050	0.00894	0.01048	0.00768	0.01202	0.00676	0.00608	0.01272	0.01074	0.01672	0.01056	0.06462	0.00951	0.00469	0.00404	0.00086	0.00380	0.00387	0.00320	0.79219
11	0.01135	0.02047	0.45673	0.06111	0.31489	0.01217	0.01775	0.01614	0.01130	0.01653	0.00951	0.01187	0.00725	0.00484	0.00504	0.00161	0.00708	0.00419	0.00235	0.00781
12	0.00983	0.00926	0.01562	0.80447	0.03587	0.01157	0.01446	0.01331	0.01041	0.01331	0.00926	0.01388	0.00694	0.00521	0.00521	0.00174	0.00694	0.00463	0.00231	0.00579
13	0.01420	0.78012	0.02666	0.00914	0.01350	0.05960	0.00897	0.01586	0.01079	0.01228	0.00728	0.00841	0.00668	0.00450	0.00341	0.00113	0.00576	0.00281	0.00225	0.00665
14	0.00634	0.00453	0.00604	0.00725	0.00755	0.00423	0.00483	0.00725	0.00997	0.01329	0.02870	0.81358	0.03444	0.01632	0.00665	0.00211	0.00302	0.01480	0.00483	0.00423
15	0.00630	0.00525	0.00550	0.00551	0.00714	0.00445	0.00411	0.00773	0.01210	0.01480	0.13382	0.08520	0.66408	0.01305	0.00618	0.00176	0.00264	0.01099	0.00494	0.00445
16	0.02336	0.00886	0.01209	0.00927	0.01329	0.00765	0.00765	0.02538	0.01491	0.78810	0.02055	0.01773	0.01289	0.00645	0.00524	0.00161	0.00443	0.00524	0.00645	0.00886
17	0.00634	0.00453	0.00604	0.00725	0.00755	0.00423	0.00483	0.00725	0.00997	0.01329	0.02870	0.81358	0.03444	0.01632	0.00665	0.00211	0.00302	0.01480	0.00483	0.00423
18	0.00643	0.00459	0.00614	0.00734	0.00768	0.00430	0.00498	0.00739	0.01005	0.01339	0.02866	0.78346	0.03426	0.01624	0.00667	0.00213	0.00309	0.04413	0.00483	0.00425
19	0.01289	0.01237	0.02114	0.03196	0.78450	0.01237	0.01598	0.01598	0.01186	0.01701	0.00980	0.01289	0.00825	0.00464	0.00516	0.00155	0.00619	0.00464	0.00258	0.00825
20	0.01211	0.01239	0.02179	0.01688	0.01912	0.01458	0.31536	0.01459	0.00992	0.03740	0.00874	0.01265	0.00745	0.00713	0.01232	0.00205	0.46142	0.00522	0.00255	0.00633
21	0.01220	0.01072	0.01143	0.00943	0.01309	0.03160	0.00739	0.02118	0.42344	0.01945	0.01567	0.01542	0.01210	0.00563	0.00466	0.00132	0.00415	0.00461	0.00427	0.37223
22	0.01548	0.01336	0.02116	0.01549	0.02016	0.03031	0.33646	0.25723	0.01623	0.08060	0.01168	0.01325	0.00853	0.00509	0.00541	0.00153	0.00676	0.00509	0.00382	0.13236
23	0.02747	0.00745	0.00875	0.00811	0.00996	0.00769	0.01990	0.07148	0.18455	0.01976	0.28193	0.17552	0.11781	0.01051	0.00586	0.00176	0.00336	0.00914	0.02317	0.00583

[dist]
# distance from previous block
# <min> <max>
0	5

[block]
# block no. 8 follows, 47 sequences, length 21
# corresponding to MSA columns:
# 939-959
name=unknown_I
#
# <colnr> <probs for GDERKNQSTAVLIFYWHMCP>
#	G	D	E	R	K	N	Q	S	T	A	V	L	I	F	Y	W	H	M	C	P
0	0.01118	0.00872	0.01020	0.00794	0.01141	0.00755	0.00628	0.11618	0.01383	0.03770	0.21325	0.03518	0.04772	0.00659	0.00481	0.00119	0.00370	0.00552	0.00424	0.44680
1	0.00771	0.00597	0.00749	0.00736	0.00899	0.00506	0.00523	0.00909	0.01040	0.01468	0.05198	0.54502	0.02706	0.01239	0.00580	0.00170	0.00325	0.01111	0.00435	0.25536
2	0.01725	0.01063	0.01399	0.24641	0.02061	0.01141	0.01025	0.26154	0.01667	0.26778	0.05914	0.01613	0.01194	0.00626	0.00527	0.00163	0.00548	0.00512	0.00477	0.00771
3	0.03299	0.07914	0.03798	0.02246	0.30990	0.11244	0.24275	0.06855	0.01304	0.01722	0.00972	0.01228	0.00777	0.00476	0.00521	0.00155	0.00728	0.00474	0.00277	0.00744
4	0.00655	0.00530	0.00586	0.00616	0.00750	0.00473	0.00445	0.00837	0.04415	0.01443	0.07293	0.28306	0.49047	0.01379	0.00627	0.00186	0.00281	0.01188	0.00489	0.00453
5	0.06418	0.01371	0.08379	0.01866	0.29315	0.01301	0.01222	0.30017	0.01673	0.06218	0.06180	0.01427	0.01110	0.00577	0.00511	0.00157	0.00569	0.00483	0.00398	0.00809
6	0.01357	0.73953	0.10478	0.00951	0.01430	0.01974	0.00996	0.01568	0.01062	0.01268	0.00745	0.00862	0.00667	0.00451	0.00350	0.00117	0.00579	0.00289	0.00222	0.00679
7	0.00685	0.00492	0.00650	0.00691	0.00767	0.00457	0.00487	0.00852	0.01233	0.01704	0.40062	0.43098	0.04170	0.01352	0.00640	0.00188	0.00274	0.01214	0.00528	0.00457
8	0.01338	0.01140	0.01202	0.01069	0.01371	0.01315	0.00835	0.07430	0.72776	0.02248	0.02065	0.01899	0.01545	0.00701	0.00529	0.00175	0.00422	0.00581	0.00529	0.00828
9	0.00630	0.00469	0.00588	0.00684	0.00744	0.00426	0.00465	0.00730	0.01037	0.01346	0.03376	0.65313	0.19164	0.01566	0.00654	0.00204	0.00294	0.01400	0.00483	0.00426
10	0.01216	0.01167	0.01990	0.21016	0.54741	0.01224	0.04749	0.01586	0.04189	0.01633	0.01016	0.01343	0.00823	0.00486	0.00522	0.00161	0.00639	0.00475	0.00263	0.00762
11	0.17528	0.01127	0.01193	0.00909	0.01327	0.01110	0.00742	0.27865	0.01534	0.04436	0.01032	0.01114	0.00786	0.00495	0.00425	0.00123	0.00456	0.00366	0.00395	0.37038
12	0.00713	0.00510	0.00653	0.00682	0.00730	0.00523	0.00461	0.00799	0.00871	0.01175	0.02134	0.22087	0.07700	0.33466	0.24637	0.00507	0.00699	0.00900	0.00358	0.00395
13	0.00749	0.00536	0.00727	0.00727	0.00782	0.00591	0.00514	0.00859	0.00804	0.01127	0.01495	0.02603	0.01544	0.35719	0.48152	0.00701	0.01031	0.00639	0.00294	0.00404
14	0.00629	0.00522	0.00552	0.00566	0.00723	0.00445	0.00422	0.00765	0.01179	0.01431	0.07833	0.12751	0.65367	0.01344	0.00624	0.00181	0.00274	0.03462	0.00487	0.00441
15	0.07444	0.01100	0.01308	0.01009	0.01412	0.01096	0.00833	0.29160	0.01797	0.46816	0.01681	0.01526	0.01098	0.00627	0.00510	0.00159	0.00487	0.00489	0.00580	0.00866
16	0.00737	0.00532	0.00696	0.00655	0.00778	0.00491	0.00491	0.00983	0.01474	0.02088	0.78175	0.03890	0.04914	0.01065	0.00614	0.00164	0.00246	0.00942	0.00573	0.00491
17	0.01338	0.69743	0.14526	0.00983	0.01478	0.01929	0.01051	0.01573	0.01065	0.01291	0.00757	0.00876	0.00667	0.00453	0.00359	0.00120	0.00590	0.00295	0.00222	0.00684
