[name]
unknown

[dist]
# distance from previous block
# <min> <max>
0	300

[block]
# block no. 0 follows, 55 sequences, length 12
# corresponding to MSA columns:
# 300-311
name=unknown_A
#
# <colnr> <probs for GDERKNQSTAVLIFYWHMCP>
#	G	D	E	R	K	N	Q	S	T	A	V	L	I	F	Y	W	H	M	C	P
0	0.00668	0.00679	0.10420	0.00663	0.00766	0.00504	0.00525	0.00773	0.00814	0.01097	0.01924	0.29771	0.05441	0.40023	0.01410	0.00307	0.00410	0.03101	0.00332	0.00373
1	0.00562	0.00422	0.00522	0.00603	0.00663	0.00382	0.00412	0.00653	0.00934	0.01205	0.03114	0.63156	0.22912	0.01386	0.00583	0.00181	0.00261	0.01235	0.00432	0.00382
2	0.01726	0.01247	0.01352	0.01233	0.10728	0.10266	0.00895	0.38973	0.06716	0.20216	0.01256	0.01235	0.00885	0.00541	0.00461	0.00139	0.00518	0.00423	0.00438	0.00753
3	0.00658	0.00480	0.00679	0.00689	0.00750	0.00536	0.00506	0.00782	0.00745	0.01052	0.01408	0.09279	0.01442	0.20029	0.58068	0.00636	0.00994	0.00608	0.00272	0.00384
4	0.00755	0.00736	0.10570	0.00762	0.00924	0.00612	0.00659	0.00937	0.00814	0.04703	0.01512	0.02107	0.06984	0.16029	0.49146	0.00555	0.00935	0.00543	0.00276	0.00442
5	0.01522	0.01968	0.11178	0.01383	0.10309	0.51936	0.01056	0.05979	0.04330	0.01351	0.00813	0.00949	0.00656	0.00492	0.00479	0.00131	0.04278	0.00338	0.00253	0.00600
6	0.00565	0.00413	0.00531	0.00626	0.00669	0.00380	0.00422	0.00650	0.00911	0.01196	0.02828	0.73678	0.12575	0.01423	0.00588	0.00185	0.00266	0.01281	0.00432	0.00380
7	0.00985	0.00582	0.00607	0.00552	0.00686	0.00605	0.00411	0.14037	0.01127	0.01792	0.01442	0.01855	0.01211	0.14740	0.00697	0.00172	0.00306	0.00473	0.57254	0.00467
8	0.00950	0.00827	0.01036	0.14334	0.01453	0.00689	0.00675	0.01174	0.00959	0.01461	0.00827	0.01011	0.00678	0.00365	0.00365	0.00083	0.00390	0.00299	0.00264	0.72160
9	0.00574	0.00472	0.00505	0.00496	0.00643	0.00403	0.00372	0.00714	0.01117	0.01391	0.21448	0.04256	0.63740	0.01128	0.00550	0.00155	0.00232	0.00951	0.00450	0.00403
10	0.01383	0.01566	0.01147	0.00985	0.01279	0.42968	0.00753	0.01703	0.12636	0.01374	0.01040	0.01115	0.03099	0.00481	0.00408	0.00111	0.00602	0.00345	0.00290	0.26712
11	0.01361	0.40916	0.12545	0.01123	0.06102	0.28333	0.00991	0.01561	0.01081	0.01185	0.00710	0.00833	0.00605	0.00432	0.00368	0.00115	0.00640	0.00288	0.00214	0.00598

[dist]
# distance from previous block
# <min> <max>
0	2

[block]
# block no. 1 follows, 55 sequences, length 82
# corresponding to MSA columns:
# 314-395
name=unknown_B
#
# <colnr> <probs for GDERKNQSTAVLIFYWHMCP>
#	G	D	E	R	K	N	Q	S	T	A	V	L	I	F	Y	W	H	M	C	P
0	0.01088	0.43070	0.41934	0.01062	0.01605	0.01460	0.01259	0.01433	0.00964	0.01284	0.00741	0.00865	0.00593	0.00420	0.00370	0.00123	0.00593	0.00296	0.00198	0.00642
1	0.00666	0.00455	0.00517	0.00513	0.00536	0.00446	0.00304	0.00697	0.00772	0.01030	0.10135	0.03192	0.07548	0.68996	0.02045	0.00398	0.00411	0.00716	0.00317	0.00306
2	0.00573	0.00409	0.00543	0.00642	0.00672	0.00382	0.00429	0.00658	0.00904	0.01211	0.05809	0.78474	0.03106	0.02998	0.00626	0.00192	0.00271	0.01290	0.00432	0.00379
3	0.86937	0.00900	0.00684	0.00612	0.00900	0.01044	0.00504	0.01368	0.00792	0.02087	0.00648	0.00756	0.00504	0.00432	0.00288	0.00144	0.00360	0.00252	0.00288	0.00504
4	0.00607	0.00460	0.00565	0.00615	0.00704	0.00424	0.00448	0.00761	0.02886	0.01348	0.15171	0.40044	0.24679	0.01267	0.00576	0.00175	0.00270	0.08150	0.00445	0.00405
5	0.01840	0.01135	0.01285	0.00991	0.01355	0.01200	0.00817	0.52578	0.05185	0.26661	0.01368	0.01285	0.00927	0.00567	0.00466	0.00142	0.00471	0.00438	0.00499	0.00789
6	0.01463	0.04459	0.01313	0.21101	0.01767	0.06176	0.03965	0.10468	0.01241	0.27124	0.01174	0.01243	0.00823	0.00486	0.00439	0.00130	0.00504	0.00399	0.00370	0.15355
7	0.12604	0.72923	0.02205	0.00772	0.01155	0.01735	0.00757	0.01390	0.00925	0.01226	0.00647	0.00748	0.00585	0.00402	0.00297	0.00105	0.00479	0.00249	0.00211	0.00585
8	0.04887	0.02781	0.04340	0.09991	0.21504	0.00801	0.00875	0.01325	0.01100	0.14885	0.19782	0.01976	0.03772	0.06069	0.02516	0.00177	0.00448	0.00543	0.01640	0.00587
9	0.01051	0.28168	0.39257	0.01080	0.02940	0.04483	0.01205	0.01433	0.04128	0.01358	0.02906	0.01190	0.04833	0.00494	0.00417	0.00132	0.01682	0.00368	0.02252	0.00626
10	0.01214	0.07709	0.04108	0.05636	0.26546	0.10810	0.02744	0.06073	0.06036	0.03204	0.00975	0.01130	0.01827	0.00444	0.00421	0.00121	0.00528	0.00373	0.00276	0.19826
11	0.69620	0.01110	0.00818	0.00723	0.01009	0.12389	0.00583	0.06344	0.00954	0.02008	0.00687	0.00790	0.00535	0.00447	0.00318	0.00140	0.00437	0.00269	0.00292	0.00527
12	0.01531	0.01514	0.01122	0.00973	0.01218	0.38611	0.00753	0.23864	0.01483	0.01801	0.01031	0.01140	0.00801	0.00518	0.00409	0.00123	0.00591	0.00367	0.21566	0.00585
13	0.00690	0.00500	0.00617	0.00577	0.00708	0.00457	0.00436	0.02607	0.01282	0.03430	0.61099	0.03594	0.20300	0.00982	0.00545	0.00148	0.00233	0.00854	0.00496	0.00444
14	0.00584	0.00484	0.00513	0.00503	0.00654	0.00419	0.00378	0.00749	0.02960	0.01385	0.18613	0.04228	0.64663	0.01123	0.00548	0.00155	0.00236	0.00945	0.00448	0.00409
15	0.01215	0.01240	0.00978	0.00896	0.01110	0.27457	0.00682	0.01804	0.30848	0.01586	0.08856	0.01849	0.08620	0.00650	0.00453	0.00139	0.00480	0.00511	0.10046	0.00579
16	0.01157	0.00999	0.01052	0.00947	0.01210	0.01157	0.00736	0.02472	0.79908	0.01946	0.01893	0.01736	0.01420	0.00631	0.00473	0.00158	0.00368	0.00526	0.00473	0.00736
17	0.00573	0.00411	0.00553	0.00654	0.00685	0.00391	0.00442	0.00660	0.00881	0.01181	0.02479	0.78058	0.02953	0.01589	0.05863	0.00225	0.00333	0.01269	0.00420	0.00380
18	0.44036	0.00971	0.00962	0.00781	0.01108	0.01049	0.00644	0.20813	0.01275	0.22659	0.01070	0.01058	0.00742	0.00500	0.00378	0.00143	0.00407	0.00349	0.00406	0.00649
19	0.00958	0.00902	0.01501	0.55634	0.24078	0.01026	0.01281	0.01252	0.00967	0.01300	0.00840	0.01198	0.00656	0.00444	0.00456	0.00145	0.00584	0.00405	0.00218	0.06155
20	0.01634	0.02020	0.01419	0.01492	0.15508	0.67471	0.00993	0.01781	0.01272	0.01206	0.00747	0.00894	0.00624	0.00468	0.00427	0.00123	0.00788	0.00320	0.00238	0.00574
21	0.00578	0.00472	0.00510	0.00501	0.00646	0.00405	0.00376	0.00722	0.01127	0.01414	0.24253	0.04219	0.60921	0.01120	0.00550	0.00154	0.00231	0.00946	0.00453	0.00405
22	0.00625	0.00474	0.00576	0.00550	0.00675	0.00425	0.00413	0.00813	0.01238	0.01679	0.57245	0.03783	0.27764	0.01021	0.00549	0.00150	0.00224	0.00884	0.00488	0.00425
23	0.00665	0.00528	0.00711	0.00668	0.00794	0.00499	0.04950	0.02780	0.01065	0.01414	0.22936	0.18523	0.25549	0.06723	0.09816	0.00245	0.00404	0.00897	0.00412	0.00421
24	0.00671	0.00618	0.05836	0.00627	0.00787	0.00497	0.00516	0.00928	0.04348	0.01694	0.53864	0.06419	0.19503	0.00970	0.00541	0.00151	0.00261	0.00843	0.00471	0.00455
25	0.00632	0.00480	0.00584	0.00604	0.00707	0.00446	0.00444	0.00828	0.04398	0.01474	0.29619	0.26223	0.22914	0.02999	0.00605	0.00172	0.00262	0.05733	0.00457	0.00418
26	0.01282	0.01495	0.07398	0.02139	0.42798	0.21914	0.09571	0.01595	0.04673	0.01434	0.00885	0.01096	0.00718	0.00441	0.00459	0.00137	0.00652	0.00399	0.00242	0.00671
27	0.00564	0.00443	0.00510	0.00554	0.00653	0.00389	0.00393	0.00673	0.01004	0.01267	0.08710	0.38193	0.42430	0.01283	0.00569	0.00170	0.00249	0.01119	0.00437	0.00389
28	0.01616	0.04700	0.01426	0.05893	0.04660	0.01391	0.00910	0.62355	0.07046	0.02613	0.01164	0.01190	0.01766	0.00553	0.00460	0.00140	0.00507	0.00425	0.00430	0.00756
29	0.01376	0.04899	0.01209	0.01027	0.01286	0.29544	0.00797	0.06077	0.41643	0.01641	0.01361	0.01351	0.01054	0.00684	0.03855	0.00166	0.00583	0.00428	0.00370	0.00651
30	0.01075	0.01204	0.02551	0.08739	0.02424	0.01179	0.67745	0.01442	0.01060	0.01442	0.00911	0.01239	0.00693	0.00424	0.00601	0.00160	0.05739	0.00529	0.00231	0.00611
31	0.01093	0.01068	0.01880	0.17835	0.55392	0.01101	0.10486	0.01409	0.02491	0.01461	0.00892	0.01191	0.00724	0.00425	0.00472	0.00144	0.00589	0.00432	0.00231	0.00682
32	0.01113	0.01274	0.02518	0.01831	0.02260	0.06822	0.69019	0.01468	0.01102	0.01448	0.01019	0.05945	0.00835	0.00460	0.00542	0.00156	0.00759	0.00576	0.00247	0.00607
33	0.00621	0.00513	0.00663	0.00645	0.00775	0.00464	0.04928	0.00796	0.03676	0.01349	0.13430	0.29654	0.38417	0.01176	0.00561	0.00166	0.00281	0.01034	0.00432	0.00419
34	0.00899	0.00805	0.01170	0.33181	0.12532	0.04084	0.00970	0.01118	0.00930	0.01279	0.01202	0.14920	0.01146	0.02297	0.03250	0.00181	0.08630	0.00569	0.10331	0.00506
35	0.01768	0.01303	0.01396	0.01070	0.01443	0.01443	0.00884	0.79197	0.02187	0.02932	0.01117	0.01117	0.00791	0.00558	0.00465	0.00140	0.00512	0.00419	0.00465	0.00791
36	0.00808	0.00404	0.00606	0.00606	0.00606	0.00404	0.00404	0.00606	0.00606	0.00808	0.00808	0.01414	0.00808	0.01616	0.01818	0.86465	0.00404	0.00404	0.00202	0.00202
37	0.01488	0.01149	0.01223	0.00991	0.01313	0.01281	0.00801	0.48868	0.27675	0.02499	0.01606	0.01538	0.06174	0.00623	0.00473	0.00147	0.00447	0.00491	0.00466	0.00747
38	0.04324	0.00705	0.00808	0.00756	0.00925	0.00745	0.00580	0.11243	0.18905	0.01854	0.27955	0.18677	0.04256	0.00933	0.00525	0.00161	0.00318	0.05324	0.00466	0.00540
39	0.00862	0.00708	0.00971	0.00834	0.01044	0.00656	0.07880	0.09272	0.01085	0.01517	0.05307	0.38780	0.03299	0.00932	0.00531	0.00148	0.02309	0.00835	0.00375	0.22654
40	0.01067	0.37623	0.47199	0.01097	0.01660	0.01409	0.01320	0.01439	0.00966	0.01310	0.00754	0.00880	0.00593	0.00423	0.00380	0.00127	0.00605	0.00303	0.00198	0.00648
41	0.01191	0.01136	0.01674	0.22248	0.47506	0.06820	0.01299	0.09704	0.01166	0.01562	0.00878	0.01148	0.00704	0.00447	0.00459	0.00141	0.00585	0.00407	0.00250	0.00674
42	0.00582	0.00411	0.00535	0.00628	0.00652	0.00388	0.00411	0.00652	0.00861	0.01148	0.02413	0.72271	0.02886	0.12795	0.00838	0.00225	0.00295	0.01233	0.00411	0.00365
43	0.01723	0.01281	0.01371	0.01061	0.01426	0.01422	0.00873	0.73550	0.07908	0.02859	0.01174	0.01162	0.00837	0.00564	0.00466	0.00141	0.00501	0.00427	0.00466	0.00787
44	0.01670	0.01259	0.01271	0.01007	0.01339	0.07832	0.00819	0.57576	0.06678	0.06823	0.01204	0.01209	0.00867	0.00556	0.00451	0.00137	0.00499	0.00420	0.07648	0.00737
45	0.01140	0.01094	0.01868	0.06196	0.77498	0.01102	0.01422	0.01418	0.01054	0.01506	0.00873	0.01155	0.00732	0.00417	0.00461	0.00139	0.00556	0.00414	0.00229	0.00728
46	0.00658	0.00476	0.00622	0.00585	0.00695	0.00439	0.00439	0.00878	0.01317	0.01866	0.80503	0.03475	0.04390	0.00951	0.00549	0.00146	0.00219	0.00841	0.00512	0.00439
47	0.00615	0.00474	0.00561	0.00539	0.00668	0.00420	0.00404	0.00793	0.01213	0.01620	0.49937	0.03879	0.35109	0.01043	0.00549	0.00151	0.00226	0.00898	0.00480	0.00420
48	0.00667	0.00488	0.00696	0.00696	0.00761	0.00553	0.00517	0.00798	0.00732	0.01042	0.01293	0.02090	0.01277	0.20760	0.64692	0.00684	0.01075	0.00537	0.00256	0.00387
49	0.01244	0.83930	0.02438	0.00796	0.01194	0.01841	0.00796	0.01393	0.00945	0.01095	0.00647	0.00746	0.00597	0.00398	0.00299	0.00100	0.00498	0.00249	0.00199	0.00597
50	0.04614	0.00864	0.00954	0.05544	0.07161	0.08156	0.02002	0.04293	0.06073	0.03473	0.01196	0.03041	0.01146	0.30399	0.01116	0.00239	0.00473	0.00491	0.02482	0.16282
51	0.01352	0.01193	0.02467	0.17377	0.16222	0.08721	0.02070	0.23459	0.09970	0.05179	0.01058	0.01200	0.00799	0.00517	0.00504	0.00144	0.04083	0.00416	0.00333	0.02933
52	0.01555	0.01184	0.01383	0.06977	0.09977	0.01303	0.00936	0.58571	0.03626	0.02536	0.01156	0.04424	0.00888	0.00573	0.00467	0.00142	0.00504	0.00457	0.02601	0.00739
53	0.06533	0.01653	0.27849	0.03605	0.14005	0.08658	0.25317	0.01504	0.01051	0.02994	0.00867	0.01082	0.00655	0.00434	0.00483	0.00147	0.01874	0.00413	0.00231	0.00646
54	0.01077	0.01084	0.01924	0.23129	0.40295	0.02596	0.18168	0.01380	0.01030	0.01411	0.00867	0.01188	0.00694	0.00434	0.00508	0.00148	0.02756	0.00441	0.00225	0.00647
55	0.00665	0.00498	0.00748	0.00748	0.00831	0.00582	0.00582	0.00831	0.00748	0.01080	0.01246	0.01828	0.01163	0.03489	0.81807	0.00748	0.01246	0.00498	0.00249	0.00415
56	0.00680	0.00482	0.00621	0.00583	0.00701	0.00441	0.00438	0.00892	0.01300	0.03439	0.73930	0.03502	0.09319	0.00958	0.00547	0.00147	0.00224	0.00843	0.00508	0.00443
57	0.75205	0.00885	0.00738	0.00642	0.00939	0.00994	0.00529	0.01492	0.00866	0.13008	0.00812	0.00870	0.00593	0.00452	0.00313	0.00144	0.00365	0.00282	0.00328	0.00544
58	0.00645	0.00475	0.00603	0.00571	0.00687	0.00433	0.00429	0.00852	0.01286	0.01791	0.71248	0.03597	0.13691	0.00979	0.00549	0.00148	0.00221	0.00858	0.00502	0.00433
59	0.00677	0.00451	0.00507	0.00507	0.00507	0.00451	0.00282	0.00677	0.00677	0.00902	0.01466	0.03044	0.01691	0.83650	0.02368	0.00451	0.00451	0.00677	0.00282	0.00282
60	0.63142	0.00964	0.00850	0.00718	0.01026	0.01087	0.00591	0.15271	0.02695	0.08694	0.00853	0.00907	0.00626	0.00470	0.00338	0.00143	0.00390	0.00305	0.00347	0.00583
61	0.19620	0.01720	0.01241	0.04434	0.08044	0.48562	0.00874	0.07687	0.01238	0.01512	0.00752	0.00885	0.00606	0.00469	0.00401	0.00129	0.00680	0.00313	0.00265	0.00567
62	0.00970	0.00924	0.01434	0.29184	0.19717	0.01128	0.01145	0.01230	0.03825	0.01267	0.00979	0.02298	0.03397	0.00731	0.04207	0.00192	0.26128	0.00449	0.00233	0.00562
63	0.01059	0.00748	0.00974	0.00844	0.01013	0.00818	0.03479	0.15887	0.04649	0.08444	0.01477	0.01906	0.06009	0.12848	0.28685	0.03825	0.05949	0.00528	0.00339	0.00520
64	0.00573	0.00442	0.00526	0.00584	0.00672	0.00395	0.00417	0.00682	0.00987	0.01254	0.06482	0.43510	0.35041	0.01313	0.00577	0.00176	0.00262	0.05284	0.00435	0.00389
65	0.00890	0.00839	0.01416	0.79192	0.06455	0.01037	0.01298	0.01199	0.00936	0.01203	0.00829	0.01237	0.00625	0.00463	0.00465	0.00154	0.00617	0.00413	0.00208	0.00526
66	0.00762	0.00445	0.00496	0.00521	0.00596	0.00438	0.00363	0.02338	0.00938	0.01477	0.02809	0.26134	0.02938	0.12088	0.00690	0.00180	0.00270	0.00742	0.45373	0.00403
67	0.00808	0.00404	0.00606	0.00606	0.00606	0.00404	0.00404	0.00606	0.00606	0.00808	0.00808	0.01414	0.00808	0.01616	0.01818	0.86465	0.00404	0.00404	0.00202	0.00202
68	0.02447	0.52429	0.03627	0.00978	0.04578	0.15113	0.00849	0.03440	0.06427	0.02335	0.00788	0.00879	0.00672	0.00440	0.00363	0.00112	0.01566	0.00295	0.00240	0.02420
69	0.03376	0.02875	0.12577	0.15354	0.04761	0.00877	0.04853	0.07272	0.02606	0.16393	0.19367	0.01870	0.04579	0.00622	0.00480	0.00147	0.00466	0.00534	0.00380	0.00610
70	0.01328	0.47621	0.07730	0.00928	0.01301	0.07964	0.00876	0.15341	0.05822	0.01499	0.00843	0.00961	0.00708	0.02614	0.00444	0.00127	0.02671	0.00321	0.00268	0.00631
71	0.01188	0.03830	0.04784	0.03773	0.01510	0.01105	0.15612	0.03826	0.41082	0.08404	0.06505	0.01628	0.01326	0.00583	0.00511	0.00154	0.02572	0.00519	0.00403	0.00683
72	0.03002	0.04022	0.07528	0.01007	0.03068	0.11646	0.00838	0.17112	0.17655	0.13480	0.05283	0.02575	0.01125	0.00564	0.00460	0.00137	0.01578	0.00440	0.00397	0.08085
73	0.01280	0.76126	0.03442	0.00836	0.01225	0.08356	0.00817	0.01432	0.00976	0.01103	0.00655	0.00757	0.00597	0.00405	0.00310	0.00102	0.00528	0.00254	0.00202	0.00594
74	0.00602	0.00466	0.00550	0.00553	0.00672	0.00414	0.00411	0.00758	0.01140	0.01496	0.34818	0.14962	0.36922	0.01129	0.00558	0.00159	0.00240	0.03277	0.00464	0.00410
75	0.01741	0.01867	0.01316	0.01203	0.04728	0.57592	0.00890	0.10738	0.03594	0.10636	0.00933	0.00995	0.00714	0.00501	0.00434	0.00127	0.00725	0.00344	0.00310	0.00611
76	0.01219	0.01056	0.01568	0.02098	0.50092	0.01088	0.01151	0.10174	0.14622	0.04890	0.01362	0.01480	0.06055	0.00523	0.00469	0.00143	0.00490	0.00473	0.00324	0.00723
77	0.00801	0.00536	0.00622	0.00583	0.00716	0.00525	0.00441	0.07446	0.02522	0.01820	0.38758	0.08042	0.10026	0.00853	0.00482	0.00139	0.00250	0.00732	0.24242	0.00463
78	0.01151	0.01105	0.01888	0.02855	0.80748	0.01105	0.01428	0.01428	0.01059	0.01520	0.00875	0.01151	0.00737	0.00415	0.00461	0.00138	0.00553	0.00415	0.00230	0.00737
79	0.01120	0.01073	0.01831	0.12150	0.71703	0.01097	0.01412	0.01400	0.01044	0.01481	0.00869	0.01162	0.00723	0.00420	0.00461	0.00140	0.00561	0.00414	0.00228	0.00711
80	0.00604	0.00477	0.00586	0.00617	0.00698	0.00460	0.00445	0.00718	0.00997	0.01304	0.14351	0.40012	0.29163	0.01249	0.00633	0.00173	0.05606	0.01079	0.00429	0.00400
81	0.01134	0.01087	0.01856	0.08019	0.75723	0.01101	0.01419	0.01412	0.01051	0.01498	0.00872	0.01157	0.00729	0.00418	0.00461	0.00139	0.00557	0.00414	0.00229	0.00723

[dist]
# distance from previous block
# <min> <max>
0	2

[block]
# block no. 2 follows, 55 sequences, length 9
# corresponding to MSA columns:
# 398-406
name=unknown_C
#
# <colnr> <probs for GDERKNQSTAVLIFYWHMCP>
#	G	D	E	R	K	N	Q	S	T	A	V	L	I	F	Y	W	H	M	C	P
0	0.01113	0.01099	0.01800	0.20368	0.56084	0.04545	0.05451	0.01397	0.01044	0.01429	0.00861	0.01163	0.00704	0.00427	0.00464	0.00142	0.00592	0.00416	0.00226	0.00674
1	0.01351	0.01139	0.01184	0.05648	0.01369	0.08803	0.00806	0.33234	0.17098	0.02057	0.01275	0.05832	0.01036	0.00862	0.07766	0.00196	0.02456	0.00475	0.00389	0.07022
2	0.00689	0.00494	0.00564	0.00535	0.00689	0.00428	0.00405	0.00847	0.01169	0.06717	0.31284	0.03933	0.48446	0.01058	0.00544	0.00152	0.00240	0.00898	0.00470	0.00435
3	0.03372	0.00764	0.01039	0.00868	0.01090	0.00777	0.06050	0.07008	0.06360	0.24256	0.15433	0.10883	0.06370	0.00878	0.03385	0.00177	0.07777	0.00651	0.02269	0.00595
4	0.01213	0.38707	0.14945	0.01058	0.01408	0.05186	0.05032	0.01429	0.00950	0.06441	0.00766	0.00931	0.00641	0.00513	0.00625	0.00137	0.18855	0.00332	0.00228	0.00604
5	0.00578	0.00438	0.00535	0.00595	0.00674	0.00395	0.00421	0.00690	0.00994	0.01286	0.11129	0.47719	0.27245	0.01313	0.00577	0.00176	0.00260	0.04146	0.00440	0.00391
6	0.00638	0.00464	0.00569	0.00561	0.00644	0.00437	0.00394	0.00774	0.01055	0.01437	0.38578	0.09941	0.15757	0.21313	0.05189	0.00257	0.00336	0.00845	0.00423	0.00387
7	0.01303	0.01232	0.09270	0.00963	0.01288	0.10138	0.00833	0.12414	0.19932	0.09410	0.01236	0.01281	0.00933	0.00630	0.03133	0.00153	0.05761	0.00406	0.04141	0.15541
8	0.01004	0.02543	0.00890	0.00798	0.00983	0.05706	0.00606	0.09645	0.27809	0.01735	0.12429	0.19815	0.06573	0.02716	0.00542	0.00162	0.00360	0.00736	0.04382	0.00566

[dist]
# distance from previous block
# <min> <max>
1	5

[block]
# block no. 3 follows, 55 sequences, length 26
# corresponding to MSA columns:
# 412-437
name=unknown_D
#
# <colnr> <probs for GDERKNQSTAVLIFYWHMCP>
#	G	D	E	R	K	N	Q	S	T	A	V	L	I	F	Y	W	H	M	C	P
0	0.27897	0.06975	0.11250	0.11544	0.07343	0.03287	0.13859	0.06269	0.03518	0.01710	0.01835	0.01045	0.00684	0.00449	0.00409	0.00144	0.00547	0.00372	0.00266	0.00597
1	0.07526	0.14162	0.36864	0.07348	0.04867	0.06462	0.12503	0.01472	0.02082	0.01430	0.00816	0.00995	0.00621	0.00433	0.00426	0.00140	0.00644	0.00360	0.00218	0.00632
2	0.01294	0.00847	0.00973	0.00827	0.01109	0.00869	0.00653	0.02033	0.39854	0.22288	0.08950	0.01964	0.06919	0.00655	0.00472	0.00145	0.00351	0.00546	0.00482	0.08769
3	0.00578	0.00428	0.00528	0.00595	0.00653	0.00395	0.00404	0.00664	0.00914	0.01186	0.04422	0.53865	0.20685	0.09315	0.02904	0.00221	0.00304	0.01151	0.00414	0.00374
4	0.00616	0.00467	0.00567	0.00556	0.00672	0.00419	0.00412	0.00790	0.01195	0.01610	0.49362	0.11669	0.27826	0.01071	0.00553	0.00154	0.00229	0.00932	0.00479	0.00419
5	0.00583	0.00423	0.00551	0.00630	0.00680	0.00391	0.00433	0.00690	0.00970	0.01299	0.14539	0.64426	0.08529	0.01358	0.00585	0.00181	0.00263	0.02634	0.00444	0.00389
6	0.00666	0.00494	0.00726	0.00726	0.00801	0.00570	0.00554	0.00817	0.00741	0.01064	0.01266	0.01938	0.01211	0.10755	0.74607	0.00721	0.01174	0.00515	0.00252	0.00403
7	0.01390	0.14664	0.13093	0.02199	0.01411	0.02927	0.00943	0.30876	0.11047	0.06923	0.02705	0.01387	0.00986	0.00663	0.03251	0.00161	0.00535	0.03769	0.00374	0.00693
8	0.01244	0.83930	0.02438	0.00796	0.01194	0.01841	0.00796	0.01393	0.00945	0.01095	0.00647	0.00746	0.00597	0.00398	0.00299	0.00100	0.00498	0.00249	0.00199	0.00597
9	0.86937	0.00900	0.00684	0.00612	0.00900	0.01044	0.00504	0.01368	0.00792	0.02087	0.00648	0.00756	0.00504	0.00432	0.00288	0.00144	0.00360	0.00252	0.00288	0.00504
10	0.01317	0.07346	0.04771	0.02480	0.05473	0.05159	0.00843	0.31578	0.14983	0.02005	0.03742	0.03245	0.01080	0.02487	0.07991	0.03448	0.00561	0.00461	0.00374	0.00656
11	0.00890	0.00502	0.00559	0.00577	0.03100	0.00514	0.00402	0.02266	0.06077	0.01599	0.01426	0.01742	0.01168	0.05357	0.00639	0.10689	0.00278	0.00449	0.61335	0.00431
12	0.01101	0.14543	0.46412	0.01344	0.01917	0.01188	0.18100	0.01523	0.01027	0.07274	0.00902	0.01049	0.00657	0.00434	0.00445	0.00142	0.00658	0.00382	0.00233	0.00668
13	0.01427	0.01050	0.01195	0.05858	0.03872	0.02140	0.00805	0.37219	0.15150	0.08031	0.01349	0.06733	0.01065	0.00634	0.00500	0.02534	0.00452	0.00488	0.02383	0.07117
14	0.00570	0.00411	0.00540	0.00637	0.00674	0.00381	0.00429	0.00659	0.00917	0.01220	0.06054	0.76443	0.06496	0.01423	0.00590	0.00186	0.00266	0.01287	0.00435	0.00381
15	0.01392	0.06960	0.25160	0.01263	0.06096	0.01276	0.06145	0.36588	0.02723	0.04661	0.01021	0.01100	0.00739	0.00496	0.00450	0.00140	0.00571	0.00397	0.02095	0.00726
16	0.01368	0.01290	0.12948	0.01335	0.08759	0.01146	0.13129	0.27191	0.10454	0.09090	0.01200	0.01287	0.00878	0.00640	0.04016	0.00171	0.00578	0.00449	0.03360	0.00711
17	0.01975	0.00763	0.01040	0.00814	0.01150	0.00661	0.00665	0.02148	0.01299	0.75195	0.01889	0.07598	0.01293	0.00641	0.00477	0.00147	0.00387	0.00531	0.00565	0.00761
18	0.00566	0.00427	0.00524	0.00595	0.00662	0.00385	0.00410	0.00663	0.00957	0.01235	0.06391	0.57520	0.25269	0.01357	0.00579	0.00178	0.00258	0.01205	0.00435	0.00385
19	0.01189	0.16848	0.37643	0.01107	0.02947	0.01157	0.02552	0.08578	0.04377	0.10959	0.01228	0.03789	0.04577	0.00533	0.00434	0.00140	0.00554	0.00421	0.00297	0.00671
20	0.07725	0.01124	0.01168	0.01008	0.03518	0.04700	0.00780	0.34022	0.26481	0.04264	0.01408	0.06678	0.01115	0.00617	0.00457	0.00146	0.00447	0.00491	0.00433	0.03418
21	0.00959	0.00893	0.01349	0.52742	0.06177	0.04037	0.03812	0.06722	0.01032	0.01334	0.01072	0.12134	0.00967	0.00615	0.00529	0.00159	0.04143	0.00535	0.00258	0.00532
22	0.04999	0.01253	0.01639	0.07285	0.50176	0.13139	0.01220	0.09357	0.02331	0.01621	0.02108	0.01134	0.00771	0.00454	0.00449	0.00137	0.00579	0.00399	0.00264	0.00684
23	0.04825	0.25607	0.22644	0.04055	0.07308	0.06682	0.07812	0.01451	0.05471	0.01363	0.00960	0.07040	0.00841	0.00516	0.00430	0.00136	0.01584	0.00417	0.00243	0.00613
24	0.08271	0.18570	0.04218	0.01218	0.04968	0.07504	0.19544	0.13253	0.01208	0.01664	0.04691	0.01141	0.00859	0.00507	0.01627	0.00138	0.01474	0.00400	0.01810	0.06935
25	0.01261	0.01142	0.04278	0.09931	0.32600	0.07603	0.02468	0.09979	0.02820	0.08979	0.06326	0.01412	0.03114	0.00540	0.00532	0.00145	0.05438	0.00455	0.00313	0.00664

[dist]
# distance from previous block
# <min> <max>
6	22

[block]
# block no. 4 follows, 55 sequences, length 18
# corresponding to MSA columns:
# 460-477
name=unknown_E
#
# <colnr> <probs for GDERKNQSTAVLIFYWHMCP>
#	G	D	E	R	K	N	Q	S	T	A	V	L	I	F	Y	W	H	M	C	P
0	0.03916	0.29684	0.01852	0.01479	0.22630	0.16144	0.01003	0.08283	0.01128	0.01410	0.00759	0.00929	0.00650	0.00469	0.00487	0.00128	0.07845	0.00332	0.00241	0.00630
1	0.06681	0.00679	0.00860	0.00839	0.07929	0.00606	0.00573	0.01121	0.01079	0.07859	0.26562	0.09886	0.02187	0.05430	0.00565	0.00144	0.00327	0.00606	0.00387	0.25680
2	0.01252	0.01207	0.01537	0.08998	0.17723	0.11614	0.12021	0.11460	0.21173	0.01724	0.01242	0.01360	0.02364	0.00516	0.00469	0.00144	0.00559	0.00458	0.03515	0.00665
3	0.00801	0.00588	0.00677	0.00614	0.00802	0.00540	0.00470	0.01107	0.10694	0.07016	0.28225	0.05601	0.31664	0.00932	0.00518	0.00146	0.00268	0.00794	0.00459	0.08085
4	0.00876	0.01005	0.11790	0.01083	0.10004	0.07160	0.02255	0.02375	0.00939	0.01255	0.04462	0.16216	0.06170	0.16601	0.08434	0.00269	0.07662	0.00663	0.00297	0.00484
5	0.03298	0.01075	0.02086	0.04169	0.03495	0.11099	0.03588	0.10012	0.26469	0.06440	0.06369	0.06797	0.01408	0.05792	0.00588	0.00165	0.00467	0.01327	0.00393	0.04963
6	0.00705	0.03768	0.00699	0.00683	0.00782	0.00567	0.00499	0.00989	0.12382	0.01364	0.07743	0.47075	0.09576	0.03182	0.00598	0.00182	0.00301	0.06231	0.02229	0.00446
7	0.01180	0.20234	0.04749	0.01110	0.08331	0.01056	0.11332	0.04191	0.02539	0.11345	0.04421	0.01521	0.07879	0.02527	0.00472	0.00131	0.00472	0.00448	0.00316	0.15745
8	0.02599	0.11314	0.06321	0.01056	0.01327	0.28202	0.06580	0.09829	0.05181	0.01425	0.01143	0.07818	0.01075	0.07953	0.00634	0.00167	0.01656	0.04865	0.00298	0.00556
9	0.68363	0.06195	0.02791	0.00684	0.00985	0.01110	0.00582	0.01514	0.11023	0.01991	0.00813	0.00887	0.00630	0.00456	0.00316	0.00143	0.00378	0.00289	0.00304	0.00544
10	0.02342	0.13628	0.10677	0.04325	0.06921	0.16101	0.13454	0.02832	0.13775	0.02482	0.03030	0.01223	0.01881	0.00509	0.00500	0.00141	0.04862	0.00416	0.00280	0.00623
11	0.08532	0.00983	0.05905	0.08292	0.05624	0.00890	0.22335	0.01286	0.05630	0.01482	0.01281	0.10655	0.04124	0.00740	0.05110	0.00176	0.00561	0.00546	0.00287	0.15562
12	0.00595	0.00444	0.00554	0.00597	0.00679	0.00404	0.00426	0.00727	0.01055	0.01400	0.24915	0.40236	0.21256	0.01246	0.00573	0.00170	0.00253	0.03615	0.00454	0.00400
13	0.00593	0.00420	0.00538	0.00619	0.00648	0.00397	0.00408	0.00666	0.00872	0.01161	0.04768	0.62316	0.05099	0.16678	0.00921	0.00236	0.00304	0.02587	0.00406	0.00363
14	0.04527	0.01036	0.01107	0.00941	0.01231	0.01163	0.00748	0.22195	0.48251	0.06871	0.05615	0.01618	0.01358	0.00618	0.00468	0.00151	0.00399	0.00501	0.00472	0.00730
15	0.00667	0.00488	0.00695	0.00695	0.00759	0.00553	0.00515	0.00797	0.00732	0.01041	0.01295	0.02097	0.01280	0.21212	0.64244	0.00682	0.01070	0.00538	0.00256	0.00386
16	0.00710	0.00503	0.00562	0.00550	0.00591	0.00509	0.00338	0.00850	0.07750	0.01090	0.07846	0.03044	0.06378	0.65164	0.01955	0.00385	0.00413	0.00693	0.00325	0.00341
17	0.00893	0.01150	0.20357	0.01364	0.19016	0.00817	0.05421	0.01254	0.05104	0.02663	0.26017	0.05589	0.07006	0.00692	0.00501	0.00148	0.00451	0.00619	0.00348	0.00590

[dist]
# distance from previous block
# <min> <max>
0	2

[block]
# block no. 5 follows, 55 sequences, length 17
# corresponding to MSA columns:
# 480-496
name=unknown_F
#
# <colnr> <probs for GDERKNQSTAVLIFYWHMCP>
#	G	D	E	R	K	N	Q	S	T	A	V	L	I	F	Y	W	H	M	C	P
0	0.06613	0.01377	0.24632	0.02587	0.18706	0.01063	0.04629	0.03408	0.04801	0.04345	0.03107	0.04577	0.04511	0.00593	0.00621	0.00156	0.12900	0.00468	0.00274	0.00631
1	0.01348	0.13773	0.20520	0.01057	0.06321	0.02740	0.00973	0.03812	0.05093	0.25414	0.09732	0.04724	0.01320	0.00582	0.00448	0.00140	0.00479	0.00473	0.00378	0.00671
2	0.03546	0.13750	0.09423	0.01124	0.05395	0.21184	0.00926	0.08599	0.28153	0.01640	0.01162	0.01184	0.00900	0.00518	0.00425	0.00136	0.00557	0.00389	0.00329	0.00661
3	0.47590	0.09360	0.08753	0.01095	0.12694	0.10933	0.00830	0.01448	0.00928	0.01734	0.00707	0.00844	0.00566	0.00433	0.00345	0.00136	0.00491	0.00290	0.00256	0.00569
4	0.01128	0.08584	0.43697	0.01194	0.04077	0.01147	0.02461	0.13044	0.08552	0.04407	0.02902	0.01295	0.04434	0.00521	0.00447	0.00143	0.00573	0.00413	0.00294	0.00685
5	0.00781	0.00602	0.00807	0.05046	0.09138	0.00621	0.00631	0.01075	0.09642	0.01431	0.10277	0.20383	0.07067	0.06746	0.06654	0.00226	0.00416	0.08872	0.09110	0.00476
6	0.00967	0.02857	0.23647	0.01150	0.01489	0.03664	0.13126	0.02789	0.09790	0.01418	0.02568	0.01708	0.09128	0.07067	0.04088	0.00204	0.11551	0.00509	0.01705	0.00575
7	0.00592	0.00416	0.00532	0.00615	0.00636	0.00395	0.00397	0.00654	0.00841	0.01121	0.02309	0.64713	0.02755	0.20530	0.01005	0.00250	0.00312	0.01173	0.00397	0.00356
8	0.00886	0.00819	0.00768	0.03947	0.00921	0.14132	0.00560	0.01048	0.01101	0.01430	0.21025	0.02743	0.21286	0.04595	0.00656	0.00159	0.07264	0.02623	0.13590	0.00445
9	0.00730	0.00608	0.00928	0.30986	0.01652	0.00706	0.00787	0.00928	0.00861	0.01150	0.03900	0.06137	0.08153	0.08960	0.31051	0.00404	0.00776	0.00577	0.00270	0.00438
10	0.04236	0.00700	0.00899	0.04233	0.01083	0.00705	0.03187	0.04508	0.12420	0.19232	0.05925	0.24330	0.08408	0.00909	0.00529	0.00163	0.01562	0.04054	0.02352	0.00566
11	0.01135	0.00876	0.01080	0.02105	0.02904	0.00854	0.04210	0.22418	0.05699	0.04434	0.01440	0.20619	0.01377	0.04003	0.00541	0.00146	0.00408	0.00615	0.00382	0.24753
12	0.00571	0.00412	0.00541	0.00636	0.00674	0.00382	0.00429	0.00662	0.00923	0.01229	0.07020	0.75156	0.06814	0.01416	0.00589	0.00185	0.00265	0.01280	0.00436	0.00382
13	0.01392	0.27246	0.12913	0.01221	0.10534	0.12548	0.01016	0.14757	0.06393	0.06409	0.00942	0.01017	0.00732	0.00470	0.00404	0.00127	0.00566	0.00348	0.00294	0.00671
14	0.01212	0.08201	0.13274	0.01178	0.08729	0.16147	0.03000	0.08622	0.11616	0.01600	0.05223	0.04601	0.01065	0.00536	0.00434	0.00130	0.00537	0.00431	0.02430	0.11036
15	0.12843	0.13621	0.11837	0.00963	0.01333	0.03223	0.05214	0.14323	0.06908	0.10668	0.02181	0.03451	0.00980	0.01667	0.00450	0.00143	0.00489	0.04322	0.00346	0.05036
16	0.15521	0.17461	0.03548	0.01013	0.03218	0.11787	0.03380	0.11845	0.20959	0.01752	0.01049	0.01101	0.00821	0.00513	0.00448	0.00138	0.04113	0.00371	0.00325	0.00637

[dist]
# distance from previous block
# <min> <max>
0	6

[block]
# block no. 6 follows, 55 sequences, length 10
# corresponding to MSA columns:
# 503-512
name=unknown_G
#
# <colnr> <probs for GDERKNQSTAVLIFYWHMCP>
#	G	D	E	R	K	N	Q	S	T	A	V	L	I	F	Y	W	H	M	C	P
0	0.00846	0.00697	0.01023	0.24327	0.07532	0.00723	0.03813	0.01063	0.02508	0.03760	0.04474	0.02341	0.15932	0.15022	0.02778	0.00212	0.00472	0.02294	0.03132	0.07052
1	0.04136	0.03062	0.16208	0.23647	0.24227	0.06914	0.10051	0.01398	0.01011	0.01391	0.00830	0.01107	0.00650	0.00447	0.00487	0.00146	0.03043	0.00399	0.00220	0.00624
2	0.01114	0.02855	0.14032	0.18843	0.26673	0.01057	0.01217	0.12598	0.01202	0.03871	0.05046	0.01535	0.04072	0.00542	0.00471	0.00147	0.00543	0.03240	0.00292	0.00650
3	0.00640	0.00487	0.00605	0.00610	0.00702	0.00487	0.00442	0.00806	0.03779	0.01249	0.12936	0.13234	0.23118	0.14636	0.23762	0.00372	0.00561	0.00806	0.00369	0.00399
4	0.02719	0.00940	0.01392	0.10101	0.33976	0.03414	0.02770	0.03103	0.03238	0.10482	0.04577	0.10168	0.01200	0.01860	0.00497	0.00146	0.00482	0.00528	0.00319	0.08090
5	0.00575	0.00438	0.00531	0.00597	0.00676	0.00394	0.00423	0.00681	0.00974	0.01246	0.05953	0.48951	0.29781	0.01334	0.00580	0.00178	0.00266	0.05600	0.00434	0.00388
6	0.05565	0.04087	0.13765	0.01664	0.24695	0.06585	0.12672	0.03109	0.05463	0.03671	0.11442	0.01433	0.01213	0.00518	0.00486	0.00144	0.02090	0.00466	0.00293	0.00642
7	0.00879	0.00827	0.01395	0.82532	0.03204	0.01034	0.01292	0.01189	0.00930	0.01189	0.00827	0.01240	0.00620	0.00465	0.00465	0.00155	0.00620	0.00413	0.00207	0.00517
8	0.11506	0.05246	0.25434	0.03749	0.09817	0.00899	0.00987	0.02687	0.02526	0.03044	0.03643	0.04879	0.16778	0.03441	0.00512	0.00155	0.00470	0.00529	0.00298	0.03397
9	0.32822	0.14183	0.14200	0.00845	0.01200	0.09469	0.00805	0.02974	0.03753	0.06448	0.05681	0.01184	0.03708	0.00509	0.00374	0.00136	0.00477	0.00358	0.00300	0.00575

[dist]
# distance from previous block
# <min> <max>
0	2

[block]
# block no. 7 follows, 55 sequences, length 10
# corresponding to MSA columns:
# 515-524
name=unknown_H
#
# <colnr> <probs for GDERKNQSTAVLIFYWHMCP>
#	G	D	E	R	K	N	Q	S	T	A	V	L	I	F	Y	W	H	M	C	P
0	0.00739	0.00538	0.00668	0.00643	0.00774	0.00518	0.00492	0.01050	0.09288	0.03857	0.51745	0.08483	0.11322	0.00989	0.00549	0.00157	0.00261	0.06967	0.00490	0.00470
1	0.01126	0.02732	0.01464	0.22546	0.24423	0.03101	0.01109	0.09696	0.13956	0.01615	0.05040	0.01355	0.00990	0.00544	0.00564	0.00151	0.08201	0.00447	0.00300	0.00642
2	0.00593	0.00424	0.00567	0.00657	0.00700	0.00398	0.00458	0.00702	0.00959	0.01290	0.12444	0.66984	0.03212	0.01379	0.00592	0.00186	0.00276	0.07347	0.00442	0.00390
3	0.01140	0.00715	0.00895	0.00857	0.04538	0.00721	0.00654	0.09933	0.10467	0.15249	0.23015	0.02737	0.02286	0.00802	0.00507	0.00155	0.00352	0.14890	0.09504	0.00582
4	0.64213	0.00974	0.00853	0.00718	0.01028	0.01100	0.00592	0.17081	0.01108	0.07464	0.00820	0.00883	0.00604	0.00467	0.00335	0.00143	0.00393	0.00300	0.00343	0.00581
5	0.07938	0.00728	0.01004	0.00867	0.01048	0.00778	0.06757	0.07218	0.01019	0.15074	0.01442	0.14394	0.01323	0.05587	0.19845	0.00313	0.08105	0.00598	0.05431	0.00529
6	0.01431	0.00867	0.04004	0.00801	0.01081	0.00839	0.00664	0.09171	0.23661	0.27567	0.01664	0.01599	0.01183	0.00576	0.00431	0.00138	0.00363	0.00466	0.22813	0.00679
7	0.00683	0.00526	0.00631	0.00601	0.00733	0.00501	0.00451	0.00989	0.09414	0.01715	0.52775	0.06805	0.20450	0.00988	0.00543	0.00152	0.00241	0.00859	0.00488	0.00457
8	0.00675	0.00522	0.00623	0.00599	0.00735	0.00492	0.00458	0.00958	0.07892	0.01671	0.47683	0.03716	0.25818	0.01008	0.00548	0.00154	0.00249	0.05268	0.00481	0.00450
9	0.01024	0.26251	0.36497	0.01029	0.01498	0.05266	0.01150	0.01345	0.00959	0.01293	0.00893	0.04679	0.00770	0.00787	0.08857	0.00191	0.00655	0.00369	0.00221	0.06267

[dist]
# distance from previous block
# <min> <max>
1	7

[block]
# block no. 8 follows, 55 sequences, length 20
# corresponding to MSA columns:
# 532-551
name=unknown_I
#
# <colnr> <probs for GDERKNQSTAVLIFYWHMCP>
#	G	D	E	R	K	N	Q	S	T	A	V	L	I	F	Y	W	H	M	C	P
0	0.00968	0.00796	0.00922	0.00696	0.01049	0.00648	0.00548	0.05098	0.03516	0.01586	0.03414	0.05858	0.01011	0.02607	0.00427	0.00096	0.00343	0.00384	0.03743	0.66292
1	0.01291	0.01039	0.01551	0.01211	0.01520	0.01083	0.21783	0.30744	0.01491	0.05754	0.05452	0.04883	0.01294	0.00757	0.03124	0.00176	0.03989	0.09577	0.02642	0.00638
2	0.00574	0.00410	0.00549	0.00656	0.00687	0.00384	0.00445	0.00661	0.00898	0.01196	0.02560	0.80112	0.03060	0.01450	0.00596	0.00190	0.00276	0.04483	0.00432	0.00380
3	0.00609	0.00441	0.00547	0.00606	0.00683	0.00405	0.00436	0.00735	0.01002	0.01340	0.13022	0.44785	0.19550	0.01262	0.00566	0.00174	0.00266	0.07474	0.05699	0.00397
4	0.01258	0.01049	0.01109	0.00967	0.01248	0.01204	0.00761	0.15102	0.67114	0.02108	0.01766	0.01634	0.01317	0.00619	0.00472	0.00155	0.00392	0.00508	0.00472	0.00745
5	0.00567	0.00472	0.00498	0.00505	0.00651	0.00402	0.00381	0.00695	0.01071	0.01302	0.09701	0.07813	0.68376	0.01180	0.00556	0.00160	0.00245	0.04592	0.00437	0.00397
6	0.00808	0.00404	0.00606	0.00606	0.00606	0.00404	0.00404	0.00606	0.00606	0.00808	0.00808	0.01414	0.00808	0.01616	0.01818	0.86465	0.00404	0.00404	0.00202	0.00202
7	0.01746	0.01292	0.01383	0.01066	0.01434	0.01432	0.00879	0.76346	0.05075	0.02895	0.01146	0.01140	0.00815	0.00561	0.00466	0.00140	0.00507	0.00423	0.00466	0.00789
8	0.01244	0.83930	0.02438	0.00796	0.01194	0.01841	0.00796	0.01393	0.00945	0.01095	0.00647	0.00746	0.00597	0.00398	0.00299	0.00100	0.00498	0.00249	0.00199	0.00597
9	0.01301	0.01204	0.01678	0.12814	0.38293	0.07373	0.04660	0.20253	0.01322	0.01770	0.00907	0.01130	0.00717	0.00477	0.00508	0.00143	0.04061	0.00412	0.00284	0.00691
10	0.00879	0.00827	0.01395	0.82532	0.03204	0.01034	0.01292	0.01189	0.00930	0.01189	0.00827	0.01240	0.00620	0.00465	0.00465	0.00155	0.00620	0.00413	0.00207	0.00517
11	0.00587	0.00471	0.00531	0.00568	0.00694	0.00415	0.00435	0.00715	0.01033	0.01268	0.03961	0.18000	0.54001	0.01244	0.00573	0.00172	0.00275	0.14229	0.00431	0.00396
12	0.00677	0.00451	0.00507	0.00507	0.00507	0.00451	0.00282	0.00677	0.00677	0.00902	0.01466	0.03044	0.01691	0.83650	0.02368	0.00451	0.00451	0.00677	0.00282	0.00282
13	0.00975	0.00909	0.01010	0.05775	0.12041	0.12839	0.00803	0.05562	0.03487	0.01403	0.01981	0.17266	0.09167	0.01041	0.03584	0.00190	0.00505	0.20595	0.00358	0.00509
14	0.00660	0.00517	0.00743	0.05520	0.06825	0.00528	0.00601	0.00777	0.00907	0.01221	0.02242	0.64214	0.02624	0.01283	0.00623	0.00185	0.04202	0.05514	0.00393	0.00422
15	0.01361	0.03868	0.01595	0.01319	0.06066	0.30397	0.17512	0.06868	0.04756	0.02839	0.00958	0.04216	0.00799	0.00491	0.00466	0.00128	0.02022	0.00417	0.00281	0.13641
16	0.00582	0.00416	0.00556	0.00656	0.00692	0.00390	0.00450	0.00679	0.00925	0.01238	0.07002	0.74336	0.03129	0.01419	0.00594	0.00188	0.00276	0.05649	0.00436	0.00384
17	0.05078	0.14997	0.01448	0.05694	0.05909	0.09571	0.00843	0.21849	0.06018	0.20128	0.03245	0.01226	0.00929	0.00523	0.00428	0.00134	0.00503	0.00399	0.00389	0.00690
18	0.00829	0.10380	0.25310	0.00879	0.02466	0.00818	0.00851	0.03324	0.00911	0.01245	0.01494	0.21911	0.03012	0.23400	0.00992	0.00235	0.00483	0.00681	0.00291	0.00489
19	0.23045	0.16574	0.01245	0.15025	0.01414	0.07821	0.00757	0.03734	0.06164	0.04524	0.03224	0.01143	0.00831	0.00496	0.00406	0.00134	0.03058	0.00356	0.09495	0.00552

[dist]
# distance from previous block
# <min> <max>
0	6

[block]
# block no. 9 follows, 55 sequences, length 37
# corresponding to MSA columns:
# 558-594
name=unknown_J
#
# <colnr> <probs for GDERKNQSTAVLIFYWHMCP>
#	G	D	E	R	K	N	Q	S	T	A	V	L	I	F	Y	W	H	M	C	P
0	0.01237	0.02839	0.05049	0.16340	0.14644	0.01133	0.08541	0.19830	0.02318	0.05252	0.00967	0.01188	0.00748	0.02142	0.00569	0.00147	0.06458	0.00415	0.00303	0.09878
1	0.01103	0.10255	0.45080	0.01209	0.01701	0.05734	0.04800	0.10102	0.01097	0.01518	0.00863	0.01099	0.00683	0.05248	0.00634	0.00163	0.07460	0.00374	0.00236	0.00641
2	0.01039	0.07600	0.18865	0.22924	0.10030	0.02521	0.02730	0.03734	0.01986	0.05227	0.01012	0.06655	0.00854	0.00648	0.03480	0.00168	0.04857	0.00447	0.00257	0.04967
3	0.23960	0.01132	0.01151	0.00918	0.01258	0.01256	0.00753	0.45777	0.09618	0.06299	0.01101	0.01104	0.00795	0.00529	0.00417	0.00141	0.00449	0.00385	0.00421	0.02535
4	0.00787	0.00643	0.00761	0.00616	0.00879	0.00518	0.00479	0.00984	0.01107	0.01599	0.30098	0.02441	0.15067	0.00699	0.00451	0.00111	0.00282	0.00594	0.00386	0.41499
5	0.86937	0.00900	0.00684	0.00612	0.00900	0.01044	0.00504	0.01368	0.00792	0.02087	0.00648	0.00756	0.00504	0.00432	0.00288	0.00144	0.00360	0.00252	0.00288	0.00504
6	0.01415	0.01556	0.01598	0.01311	0.02505	0.34144	0.20027	0.11522	0.10977	0.01588	0.04856	0.01253	0.00956	0.00619	0.03446	0.00161	0.00708	0.00438	0.00309	0.00610
7	0.00664	0.00448	0.00521	0.00532	0.00541	0.00446	0.00312	0.00684	0.00723	0.00970	0.04214	0.11709	0.01917	0.69809	0.04292	0.00421	0.00446	0.00747	0.00305	0.00301
8	0.00725	0.00612	0.00761	0.00699	0.00801	0.00667	0.00542	0.00927	0.04530	0.01483	0.33642	0.03158	0.26281	0.04715	0.00836	0.00176	0.17818	0.00770	0.00410	0.00446
9	0.01457	0.01495	0.21374	0.01089	0.01513	0.01255	0.01046	0.45804	0.09931	0.04794	0.01165	0.01247	0.00857	0.04183	0.00544	0.00157	0.00535	0.00424	0.00394	0.00737
10	0.00671	0.00495	0.00648	0.00718	0.00822	0.00472	0.00587	0.00846	0.01067	0.01386	0.11683	0.17549	0.17969	0.01255	0.00606	0.00191	0.00342	0.41839	0.00439	0.00415
11	0.00584	0.00437	0.00543	0.00591	0.00668	0.00396	0.00415	0.00706	0.01030	0.01362	0.21177	0.46041	0.21807	0.01273	0.00573	0.00171	0.00250	0.01130	0.00451	0.00396
12	0.01454	0.14925	0.08549	0.01198	0.01584	0.09351	0.17585	0.11289	0.07217	0.17476	0.01121	0.01182	0.00817	0.00497	0.00490	0.00140	0.03692	0.00418	0.00340	0.00675
13	0.01211	0.03481	0.15003	0.01043	0.01353	0.01097	0.04136	0.14986	0.20051	0.08130	0.01350	0.01698	0.01107	0.08868	0.00778	0.00188	0.09523	0.04988	0.00364	0.00645
14	0.00579	0.00438	0.00525	0.00578	0.00655	0.00395	0.00402	0.00680	0.00971	0.01250	0.09485	0.43797	0.29209	0.06650	0.00691	0.00192	0.00269	0.02424	0.00429	0.00382
15	0.01594	0.09331	0.01520	0.01440	0.14997	0.57259	0.00980	0.05135	0.01279	0.01279	0.00757	0.00896	0.00631	0.00464	0.00418	0.00122	0.00745	0.00320	0.00244	0.00589
16	0.00853	0.00606	0.00745	0.00667	0.00822	0.00597	0.00512	0.09485	0.06021	0.04520	0.64791	0.03058	0.03723	0.00878	0.00533	0.00146	0.00265	0.00765	0.00507	0.00506
17	0.01236	0.19708	0.22199	0.05397	0.18935	0.03267	0.01198	0.10477	0.06301	0.05623	0.00951	0.01071	0.00731	0.00461	0.00421	0.00134	0.00561	0.00367	0.00274	0.00687
18	0.01345	0.05361	0.04940	0.06163	0.08044	0.09464	0.25070	0.23613	0.04525	0.01831	0.00962	0.01138	0.00731	0.00484	0.00524	0.00146	0.04249	0.00439	0.00304	0.00667
19	0.01131	0.05720	0.05947	0.01244	0.16364	0.02765	0.04820	0.05044	0.01073	0.05404	0.00892	0.01038	0.00713	0.00393	0.00393	0.00101	0.00457	0.00335	0.00279	0.45886
20	0.00581	0.00424	0.00551	0.00644	0.00693	0.00393	0.00449	0.00680	0.00932	0.01226	0.04545	0.67173	0.11189	0.01403	0.00592	0.00187	0.00278	0.07242	0.00433	0.00385
21	0.01729	0.01198	0.01314	0.01015	0.01370	0.01302	0.00836	0.65548	0.03168	0.11039	0.05752	0.01310	0.01044	0.00584	0.00471	0.00141	0.00481	0.00450	0.00480	0.00770
22	0.00657	0.00487	0.00625	0.00654	0.00765	0.00455	0.00519	0.00842	0.01149	0.01532	0.33582	0.11495	0.18975	0.01148	0.00583	0.00174	0.00293	0.25182	0.00462	0.00421
23	0.01084	0.00736	0.01041	0.04851	0.01165	0.00795	0.05092	0.01366	0.08901	0.18034	0.10869	0.17591	0.04821	0.00988	0.04216	0.00194	0.14393	0.02902	0.00407	0.00554
24	0.51776	0.01001	0.00887	0.00741	0.01049	0.04685	0.00605	0.15340	0.01136	0.10425	0.00897	0.00954	0.00660	0.00471	0.00348	0.00137	0.00407	0.00314	0.03212	0.04956
25	0.00587	0.00466	0.00528	0.00527	0.00655	0.00406	0.00389	0.00735	0.01127	0.01450	0.29370	0.12170	0.47678	0.01132	0.00554	0.00157	0.00234	0.00970	0.00458	0.00406
