[name]
unknown

[dist]
# distance from previous block
# <min> <max>
0	0

[block]
# block no. 0 follows, 47 sequences, length 185
# corresponding to MSA columns:
# 14-198
name=unknown_A
#
# <colnr> <probs for GDERKNQSTAVLIFYWHMCP>
#	G	D	E	R	K	N	Q	S	T	A	V	L	I	F	Y	W	H	M	C	P
0	0.00839	0.00599	0.00839	0.00959	0.01079	0.00599	0.00839	0.01079	0.01199	0.01558	0.02757	0.05874	0.02997	0.01439	0.00719	0.00240	0.00480	0.74945	0.00480	0.00480
1	0.85377	0.01007	0.00765	0.00685	0.01007	0.01168	0.00564	0.01531	0.00886	0.02336	0.00725	0.00846	0.00564	0.00483	0.00322	0.00161	0.00403	0.00282	0.00322	0.00564
2	0.00737	0.00532	0.00696	0.00655	0.00778	0.00491	0.00491	0.00983	0.01474	0.02088	0.78175	0.03890	0.04914	0.01065	0.00614	0.00164	0.00246	0.00942	0.00573	0.00491
3	0.00995	0.00946	0.01605	0.75829	0.03494	0.01175	0.03533	0.01338	0.01039	0.01338	0.00922	0.01381	0.00697	0.00530	0.00560	0.00175	0.03163	0.00467	0.00232	0.00582
4	0.85377	0.01007	0.00765	0.00685	0.01007	0.01168	0.00564	0.01531	0.00886	0.02336	0.00725	0.00846	0.00564	0.00483	0.00322	0.00161	0.00403	0.00282	0.00322	0.00564
5	0.00634	0.00453	0.00604	0.00725	0.00755	0.00423	0.00483	0.00725	0.00997	0.01329	0.02870	0.81358	0.03444	0.01632	0.00665	0.00211	0.00302	0.01480	0.00483	0.00423
6	0.01295	0.01119	0.01178	0.01060	0.01354	0.01295	0.00824	0.02767	0.77509	0.02178	0.02120	0.01943	0.01590	0.00707	0.00530	0.00177	0.00412	0.00589	0.00530	0.00824
7	0.14960	0.01255	0.01271	0.01115	0.03614	0.03786	0.00864	0.26187	0.36705	0.02515	0.01545	0.01496	0.01150	0.00633	0.00492	0.00166	0.00484	0.00490	0.00478	0.00796
8	0.00750	0.00533	0.00712	0.00712	0.00761	0.00583	0.00495	0.00850	0.00800	0.01116	0.01509	0.02680	0.01577	0.40143	0.43774	0.00682	0.00980	0.00651	0.00296	0.00395
9	0.00615	0.00528	0.00528	0.00528	0.00703	0.00440	0.00396	0.00747	0.01187	0.01407	0.05276	0.05012	0.78238	0.01319	0.00615	0.00176	0.00264	0.01099	0.00484	0.00440
10	0.10119	0.01019	0.06373	0.00941	0.01361	0.00833	0.00824	0.02383	0.01407	0.66400	0.01854	0.01640	0.01178	0.00619	0.00503	0.00161	0.00461	0.00491	0.00586	0.00848
11	0.01406	0.01179	0.02007	0.18527	0.08758	0.01219	0.26250	0.10723	0.08920	0.11653	0.03204	0.01535	0.01030	0.00549	0.00555	0.00169	0.00664	0.00546	0.00369	0.00738
12	0.01494	0.01739	0.01543	0.25157	0.04583	0.39856	0.01180	0.01694	0.01217	0.01301	0.00825	0.01120	0.00685	0.00595	0.00704	0.00163	0.14896	0.00399	0.00250	0.00597
13	0.02336	0.00886	0.01209	0.00927	0.01329	0.00765	0.00765	0.02538	0.01491	0.78810	0.02055	0.01773	0.01289	0.00645	0.00524	0.00161	0.00443	0.00524	0.00645	0.00886
14	0.01367	0.02255	0.53426	0.01364	0.02008	0.03809	0.01590	0.14593	0.03584	0.09441	0.01127	0.01210	0.00787	0.00539	0.00502	0.00162	0.00700	0.00417	0.00323	0.00797
15	0.00892	0.00758	0.01200	0.08056	0.07823	0.00721	0.11882	0.01125	0.01232	0.04650	0.19529	0.12810	0.25219	0.01003	0.00601	0.00175	0.00430	0.00908	0.00436	0.00550
16	0.00745	0.00553	0.00814	0.00814	0.00899	0.00638	0.00622	0.00915	0.00830	0.01192	0.01416	0.02164	0.01353	0.10652	0.72958	0.00808	0.01318	0.00575	0.00282	0.00452
17	0.00634	0.00453	0.00604	0.00725	0.00755	0.00423	0.00483	0.00725	0.00997	0.01329	0.02870	0.81358	0.03444	0.01632	0.00665	0.00211	0.00302	0.01480	0.00483	0.00423
18	0.01235	0.13910	0.04152	0.02369	0.50264	0.01292	0.01324	0.01605	0.07440	0.01628	0.01216	0.09037	0.01113	0.00595	0.00502	0.00155	0.00565	0.00541	0.00296	0.00760
19	0.01080	0.00926	0.01080	0.00771	0.01234	0.00694	0.00617	0.01311	0.01080	0.01697	0.00926	0.01080	0.00771	0.00386	0.00386	0.00077	0.00386	0.00309	0.00309	0.84882
20	0.00913	0.00801	0.01138	0.01041	0.01086	0.01041	0.00831	0.01053	0.00814	0.01211	0.01112	0.01772	0.01087	0.09048	0.40106	0.00550	0.35106	0.00531	0.00260	0.00497
21	0.01045	0.02694	0.79000	0.01484	0.02254	0.01209	0.01924	0.01649	0.01099	0.01649	0.00935	0.01099	0.00660	0.00495	0.00495	0.00165	0.00770	0.00385	0.00220	0.00770
22	0.00634	0.00453	0.00604	0.00725	0.00755	0.00423	0.00483	0.00725	0.00997	0.01329	0.02870	0.81358	0.03444	0.01632	0.00665	0.00211	0.00302	0.01480	0.00483	0.00423
23	0.01133	0.01130	0.01583	0.01358	0.01360	0.01580	0.01131	0.01248	0.00798	0.01253	0.00695	0.01154	0.00694	0.00961	0.02993	0.00238	0.79437	0.00457	0.00229	0.00568
24	0.01554	0.59550	0.02397	0.00986	0.01414	0.06976	0.00920	0.17754	0.01384	0.01671	0.00842	0.00931	0.00715	0.00490	0.00383	0.00123	0.00585	0.00323	0.00290	0.00711
25	0.01267	0.00995	0.01044	0.00936	0.01199	0.01130	0.00729	0.07431	0.54743	0.02199	0.01963	0.01896	0.01483	0.00678	0.00491	0.00162	0.00384	0.00557	0.19964	0.00750
26	0.01828	0.08650	0.01585	0.01470	0.15750	0.24723	0.01000	0.05114	0.01401	0.25912	0.01305	0.03520	0.00985	0.00577	0.00487	0.00145	0.00634	0.00450	0.00399	0.04063
27	0.00634	0.00453	0.00604	0.00725	0.00755	0.00423	0.00483	0.00725	0.00997	0.01329	0.02870	0.81358	0.03444	0.01632	0.00665	0.00211	0.00302	0.01480	0.00483	0.00423
28	0.00737	0.00532	0.00696	0.00655	0.00778	0.00491	0.00491	0.00983	0.01474	0.02088	0.78175	0.03890	0.04914	0.01065	0.00614	0.00164	0.00246	0.00942	0.00573	0.00491
29	0.00615	0.00528	0.00528	0.00528	0.00703	0.00440	0.00396	0.00747	0.01187	0.01407	0.05276	0.05012	0.78238	0.01319	0.00615	0.00176	0.00264	0.01099	0.00484	0.00440
30	0.01392	0.82012	0.02729	0.00891	0.01337	0.02061	0.00891	0.01559	0.01058	0.01225	0.00724	0.00835	0.00668	0.00446	0.00334	0.00111	0.00557	0.00278	0.00223	0.00668
31	0.85377	0.01007	0.00765	0.00685	0.01007	0.01168	0.00564	0.01531	0.00886	0.02336	0.00725	0.00846	0.00564	0.00483	0.00322	0.00161	0.00403	0.00282	0.00322	0.00564
32	0.01392	0.82012	0.02729	0.00891	0.01337	0.02061	0.00891	0.01559	0.01058	0.01225	0.00724	0.00835	0.00668	0.00446	0.00334	0.00111	0.00557	0.00278	0.00223	0.00668
33	0.01951	0.02310	0.01490	0.01317	0.01611	0.66495	0.01003	0.14628	0.01639	0.01612	0.00880	0.00991	0.00707	0.00552	0.00478	0.00138	0.00878	0.00358	0.00311	0.00651
34	0.00634	0.00456	0.00602	0.00719	0.00754	0.00424	0.00481	0.00726	0.01003	0.01332	0.02949	0.78855	0.05897	0.01621	0.00663	0.00210	0.00301	0.01468	0.00483	0.00424
35	0.01536	0.00822	0.00922	0.00766	0.01026	0.00834	0.00613	0.20568	0.01525	0.19762	0.01667	0.01729	0.01211	0.00620	0.00440	0.00139	0.00372	0.00490	0.44282	0.00678
36	0.01039	0.00590	0.00673	0.00634	0.00784	0.00578	0.00480	0.06057	0.01262	0.07539	0.16396	0.08478	0.04702	0.05299	0.00601	0.00168	0.00306	0.03030	0.40859	0.00526
37	0.01573	0.01922	0.02307	0.01785	0.02188	0.38880	0.40309	0.01865	0.01347	0.01479	0.00934	0.01181	0.00733	0.00486	0.00545	0.00156	0.00907	0.00481	0.00266	0.00655
38	0.00634	0.00455	0.00603	0.00721	0.00754	0.00423	0.00482	0.00726	0.01001	0.01331	0.02920	0.79773	0.04997	0.01625	0.00664	0.00211	0.00301	0.01473	0.00483	0.00423
39	0.00751	0.00531	0.00703	0.00703	0.00749	0.00578	0.00484	0.00844	0.00797	0.01110	0.01518	0.02725	0.01597	0.42706	0.41237	0.00671	0.00951	0.00657	0.00297	0.00390
40	0.01215	0.01131	0.01873	0.16142	0.55794	0.01173	0.01451	0.04455	0.01236	0.01734	0.07733	0.01532	0.01163	0.00533	0.00525	0.00159	0.00597	0.00506	0.00291	0.00756
41	0.01276	0.39951	0.02401	0.16306	0.20148	0.01625	0.08587	0.01537	0.01102	0.01401	0.00854	0.01101	0.00722	0.00463	0.00439	0.00139	0.00628	0.00390	0.00237	0.00692
42	0.01342	0.00956	0.01088	0.00901	0.01169	0.00999	0.00718	0.32577	0.04853	0.06108	0.34919	0.02691	0.07732	0.00865	0.00568	0.00162	0.00399	0.00722	0.00547	0.00683
43	0.01424	0.09320	0.08643	0.01365	0.01783	0.04419	0.19544	0.12755	0.22210	0.06844	0.01474	0.05414	0.01157	0.00620	0.00531	0.00165	0.00612	0.00560	0.00401	0.00758
44	0.41620	0.03529	0.05479	0.03710	0.07042	0.06847	0.03821	0.01513	0.01001	0.04347	0.00988	0.06213	0.00875	0.03331	0.00603	0.00179	0.07552	0.00439	0.00312	0.00600
45	0.09713	0.01324	0.01299	0.12796	0.04705	0.15009	0.00937	0.20974	0.10470	0.02094	0.03474	0.01539	0.04374	0.00686	0.02119	0.00169	0.00596	0.00479	0.04206	0.03037
46	0.03469	0.00859	0.01019	0.00965	0.03542	0.02366	0.00738	0.21296	0.01365	0.01918	0.01672	0.04843	0.04413	0.04664	0.29409	0.00422	0.00812	0.07077	0.08560	0.00590
47	0.06263	0.01216	0.01304	0.01037	0.01388	0.01317	0.00839	0.49791	0.07395	0.02786	0.08697	0.03633	0.03329	0.02927	0.00576	0.00165	0.00494	0.00551	0.00495	0.05796
48	0.02057	0.00928	0.01203	0.00911	0.01327	0.00801	0.00748	0.06708	0.01463	0.58450	0.01774	0.01599	0.01159	0.00590	0.00495	0.00144	0.00439	0.00476	0.00568	0.18159
49	0.00737	0.00497	0.00574	0.00593	0.00598	0.00492	0.00343	0.00752	0.00796	0.01061	0.01839	0.16002	0.02144	0.68762	0.02330	0.00457	0.00472	0.00874	0.00343	0.00333
50	0.85377	0.01007	0.00765	0.00685	0.01007	0.01168	0.00564	0.01531	0.00886	0.02336	0.00725	0.00846	0.00564	0.00483	0.00322	0.00161	0.00403	0.00282	0.00322	0.00564
51	0.85377	0.01007	0.00765	0.00685	0.01007	0.01168	0.00564	0.01531	0.00886	0.02336	0.00725	0.00846	0.00564	0.00483	0.00322	0.00161	0.00403	0.00282	0.00322	0.00564
52	0.01677	0.36668	0.02026	0.01140	0.01483	0.38442	0.00961	0.06272	0.01327	0.01372	0.00792	0.00921	0.00683	0.00517	0.00463	0.00129	0.03893	0.00324	0.00262	0.00647
53	0.00744	0.00558	0.00837	0.00837	0.00930	0.00651	0.00651	0.00930	0.00837	0.01209	0.01395	0.02046	0.01302	0.03906	0.79635	0.00837	0.01395	0.00558	0.00279	0.00465
54	0.01392	0.82012	0.02729	0.00891	0.01337	0.02061	0.00891	0.01559	0.01058	0.01225	0.00724	0.00835	0.00668	0.00446	0.00334	0.00111	0.00557	0.00278	0.00223	0.00668
55	0.01230	0.39676	0.09713	0.00946	0.01295	0.01442	0.00910	0.01480	0.03012	0.06648	0.14899	0.06660	0.01672	0.00698	0.00559	0.00148	0.07510	0.00524	0.00338	0.00641
56	0.00752	0.00527	0.00682	0.00682	0.00721	0.00567	0.00457	0.00830	0.00791	0.01094	0.01537	0.02832	0.01643	0.48823	0.35184	0.00645	0.00881	0.00673	0.00300	0.00379
57	0.00823	0.00597	0.00854	0.00830	0.00912	0.00691	0.00632	0.00975	0.00843	0.03684	0.01410	0.02198	0.01357	0.16132	0.59722	0.00723	0.06279	0.00582	0.00293	0.00461
58	0.00983	0.00926	0.01562	0.80447	0.03587	0.01157	0.01446	0.01331	0.01041	0.01331	0.00926	0.01388	0.00694	0.00521	0.00521	0.00174	0.00694	0.00463	0.00231	0.00579
59	0.01697	0.00838	0.01126	0.00912	0.01222	0.00783	0.03680	0.01952	0.05564	0.45734	0.02714	0.05053	0.19434	0.00848	0.00631	0.00172	0.05658	0.00693	0.00553	0.00735
60	0.00733	0.00532	0.00690	0.00651	0.00775	0.00490	0.00488	0.00975	0.01464	0.02065	0.75724	0.03928	0.07379	0.01073	0.00614	0.00164	0.00246	0.00947	0.00570	0.00490
61	0.00741	0.03027	0.00744	0.00673	0.00792	0.00529	0.00502	0.00960	0.01386	0.01942	0.63926	0.16002	0.04552	0.01135	0.00614	0.00170	0.00264	0.01006	0.00548	0.00486
62	0.01295	0.31107	0.24932	0.01428	0.01971	0.08012	0.20011	0.01673	0.02257	0.01477	0.00894	0.01079	0.00710	0.00470	0.00465	0.00146	0.00728	0.00402	0.00240	0.00703
63	0.00757	0.00505	0.00568	0.00568	0.00568	0.00505	0.00316	0.00757	0.00757	0.01010	0.01641	0.03408	0.01893	0.81698	0.02651	0.00505	0.00505	0.00757	0.00316	0.00316
64	0.00757	0.00505	0.00568	0.00568	0.00568	0.00505	0.00316	0.00757	0.00757	0.01010	0.01641	0.03408	0.01893	0.81698	0.02651	0.00505	0.00505	0.00757	0.00316	0.00316
65	0.01238	0.15557	0.16625	0.02972	0.04541	0.03887	0.29608	0.04139	0.03332	0.01634	0.05182	0.01358	0.00984	0.00536	0.00603	0.00163	0.06167	0.00499	0.00278	0.00697
66	0.00817	0.00632	0.00911	0.01093	0.12041	0.00607	0.00716	0.01043	0.01292	0.01791	0.38706	0.18170	0.03686	0.01154	0.00629	0.00186	0.00355	0.15153	0.00493	0.00525
67	0.00634	0.00453	0.00604	0.00725	0.00755	0.00423	0.00483	0.00725	0.00997	0.01329	0.02870	0.81358	0.03444	0.01632	0.00665	0.00211	0.00302	0.01480	0.00483	0.00423
68	0.03258	0.03430	0.01653	0.12120	0.19656	0.03273	0.06143	0.06205	0.03822	0.32961	0.01448	0.01494	0.01008	0.00562	0.00517	0.00160	0.00569	0.00490	0.00435	0.00797
69	0.01029	0.01711	0.38600	0.01505	0.10990	0.00981	0.06313	0.01429	0.01116	0.04614	0.01556	0.20053	0.01506	0.00817	0.00560	0.00180	0.00619	0.05421	0.00322	0.00678
70	0.01091	0.00535	0.00590	0.00554	0.00707	0.00517	0.00423	0.01330	0.01182	0.10352	0.11092	0.02161	0.01768	0.00667	0.00412	0.00131	0.00265	0.00545	0.65147	0.00530
71	0.01839	0.04667	0.02910	0.04508	0.03608	0.63815	0.03442	0.06461	0.01483	0.01424	0.00848	0.00998	0.00692	0.00533	0.00477	0.00139	0.00884	0.00360	0.00279	0.00633
72	0.00670	0.00530	0.00603	0.00585	0.00737	0.00463	0.00439	0.00853	0.01316	0.01712	0.37939	0.04509	0.45385	0.01205	0.00615	0.00170	0.00256	0.01029	0.00524	0.00463
73	0.01015	0.01085	0.08925	0.25964	0.06302	0.01026	0.07369	0.01571	0.15417	0.01748	0.19447	0.02164	0.04363	0.00696	0.00552	0.00170	0.00541	0.00624	0.00378	0.00642
74	0.02598	0.00934	0.01095	0.00791	0.01246	0.00725	0.00636	0.02822	0.01137	0.08250	0.01024	0.01138	0.00814	0.00414	0.00399	0.00087	0.00394	0.00329	0.00341	0.74829
75	0.00749	0.00548	0.00816	0.00820	0.00905	0.00630	0.00629	0.00907	0.00832	0.01193	0.01419	0.04602	0.01359	0.04954	0.71578	0.05449	0.01293	0.00585	0.00283	0.00448
76	0.00737	0.00532	0.00696	0.00655	0.00778	0.00491	0.00491	0.00983	0.01474	0.02088	0.78175	0.03890	0.04914	0.01065	0.00614	0.00164	0.00246	0.00942	0.00573	0.00491
77	0.00634	0.00453	0.00604	0.00725	0.00755	0.00423	0.00483	0.00725	0.00997	0.01329	0.02870	0.81358	0.03444	0.01632	0.00665	0.00211	0.00302	0.01480	0.00483	0.00423
78	0.00733	0.00523	0.00717	0.00837	0.00911	0.00508	0.00654	0.00895	0.01094	0.01439	0.02816	0.45142	0.03230	0.01539	0.00691	0.00225	0.00387	0.36728	0.00482	0.00450
79	0.01392	0.82012	0.02729	0.00891	0.01337	0.02061	0.00891	0.01559	0.01058	0.01225	0.00724	0.00835	0.00668	0.00446	0.00334	0.00111	0.00557	0.00278	0.00223	0.00668
80	0.85377	0.01007	0.00765	0.00685	0.01007	0.01168	0.00564	0.01531	0.00886	0.02336	0.00725	0.00846	0.00564	0.00483	0.00322	0.00161	0.00403	0.00282	0.00322	0.00564
81	0.85377	0.01007	0.00765	0.00685	0.01007	0.01168	0.00564	0.01531	0.00886	0.02336	0.00725	0.00846	0.00564	0.00483	0.00322	0.00161	0.00403	0.00282	0.00322	0.00564
82	0.00744	0.00558	0.00837	0.00837	0.00930	0.00651	0.00651	0.00930	0.00837	0.01209	0.01395	0.02046	0.01302	0.03906	0.79635	0.00837	0.01395	0.00558	0.00279	0.00465
83	0.01045	0.02694	0.79000	0.01484	0.02254	0.01209	0.01924	0.01649	0.01099	0.01649	0.00935	0.01099	0.00660	0.00495	0.00495	0.00165	0.00770	0.00385	0.00220	0.00770
84	0.01329	0.01580	0.24872	0.03158	0.10468	0.01178	0.08227	0.13737	0.01356	0.09005	0.01319	0.01837	0.01084	0.00793	0.03737	0.00202	0.05906	0.09127	0.00349	0.00737
85	0.01033	0.00971	0.01534	0.68722	0.07969	0.03657	0.01382	0.01365	0.01067	0.01385	0.00968	0.01398	0.00737	0.00522	0.00510	0.00168	0.00673	0.00460	0.04891	0.00589
86	0.01289	0.01237	0.02114	0.03196	0.78450	0.01237	0.01598	0.01598	0.01186	0.01701	0.00980	0.01289	0.00825	0.00464	0.00516	0.00155	0.00619	0.00464	0.00258	0.00825
87	0.00708	0.00512	0.00685	0.00797	0.00870	0.00489	0.00608	0.00856	0.01084	0.01418	0.02990	0.48636	0.08286	0.01540	0.00681	0.00219	0.00364	0.28329	0.00482	0.00445
88	0.08223	0.01041	0.01614	0.34871	0.16657	0.01143	0.05685	0.07201	0.01231	0.13012	0.01131	0.01393	0.00834	0.00635	0.03003	0.00187	0.00643	0.00470	0.00329	0.00695
89	0.01180	0.01011	0.01071	0.00972	0.01241	0.01143	0.00753	0.02417	0.63643	0.02087	0.07918	0.02421	0.10280	0.00800	0.00545	0.00176	0.00384	0.00670	0.00528	0.00758
90	0.00821	0.00597	0.00750	0.00697	0.00844	0.00575	0.00527	0.01184	0.08929	0.03642	0.67340	0.03684	0.06346	0.01027	0.00604	0.00165	0.00266	0.00903	0.00568	0.00531
91	0.22841	0.01081	0.01471	0.30384	0.09643	0.01223	0.05601	0.13541	0.01272	0.04723	0.01025	0.01345	0.00789	0.00545	0.00480	0.00167	0.00590	0.02290	0.00326	0.00664
92	0.06069	0.03905	0.12202	0.01730	0.24299	0.03476	0.02391	0.08319	0.16352	0.01863	0.01258	0.01452	0.01004	0.01038	0.12121	0.00260	0.00708	0.00474	0.00336	0.00741
93	0.00983	0.00926	0.01562	0.80447	0.03587	0.01157	0.01446	0.01331	0.01041	0.01331	0.00926	0.01388	0.00694	0.00521	0.00521	0.00174	0.00694	0.00463	0.00231	0.00579
94	0.00699	0.00499	0.00678	0.00799	0.00857	0.00478	0.00595	0.00836	0.01060	0.01401	0.02835	0.57674	0.03304	0.01571	0.00682	0.00220	0.00358	0.24531	0.00482	0.00441
95	0.01013	0.00994	0.01571	0.47112	0.05741	0.05710	0.10421	0.01305	0.01087	0.01383	0.01327	0.17416	0.01262	0.00732	0.00558	0.00178	0.00650	0.00678	0.00289	0.00574
96	0.41909	0.01257	0.01683	0.01339	0.03827	0.05742	0.26081	0.06555	0.01165	0.04604	0.00925	0.01107	0.00698	0.00486	0.00454	0.00164	0.00611	0.00422	0.00321	0.00651
97	0.01216	0.01178	0.01894	0.26857	0.50491	0.03740	0.01508	0.01568	0.03557	0.01588	0.00993	0.01329	0.00804	0.00491	0.00516	0.00161	0.00646	0.00463	0.00259	0.00742
98	0.00626	0.00528	0.00543	0.00539	0.00710	0.00444	0.00404	0.00768	0.01213	0.01467	0.11757	0.04912	0.71719	0.01296	0.00615	0.00175	0.00262	0.01085	0.00492	0.00444
99	0.11876	0.01173	0.05329	0.03672	0.03803	0.01173	0.11123	0.17187	0.03553	0.16021	0.01351	0.05354	0.01045	0.00651	0.00622	0.00169	0.08464	0.00524	0.06190	0.00721
100	0.00969	0.00775	0.01128	0.01134	0.10497	0.00758	0.07044	0.08365	0.01418	0.01986	0.42091	0.05190	0.04782	0.07956	0.00765	0.00193	0.00400	0.00798	0.03184	0.00569
101	0.00678	0.00545	0.00614	0.00639	0.00797	0.00481	0.00507	0.00845	0.01215	0.01502	0.11069	0.05113	0.54406	0.01324	0.00639	0.00190	0.00312	0.18180	0.00490	0.00453
102	0.01346	0.01194	0.02016	0.07639	0.68462	0.01199	0.01530	0.01650	0.01199	0.07202	0.01053	0.01329	0.00850	0.00480	0.00516	0.00156	0.00611	0.00468	0.00284	0.00815
103	0.20683	0.01095	0.01447	0.23533	0.19968	0.03735	0.01145	0.05639	0.03511	0.01770	0.00957	0.01260	0.00772	0.00760	0.05727	0.00211	0.06423	0.00427	0.00288	0.00650
104	0.00667	0.00520	0.00567	0.00576	0.00694	0.00463	0.00406	0.00779	0.01099	0.01374	0.10559	0.10034	0.46425	0.19931	0.01093	0.00256	0.00328	0.03361	0.00452	0.00415
105	0.01622	0.03504	0.01471	0.05677	0.04074	0.44220	0.01011	0.09162	0.01421	0.01543	0.06044	0.01360	0.03521	0.00655	0.00672	0.00156	0.12513	0.00441	0.00311	0.00621
106	0.01004	0.00801	0.00967	0.00772	0.01100	0.00656	0.00600	0.01203	0.01101	0.04121	0.07802	0.13007	0.03486	0.03038	0.00570	0.00130	0.02900	0.02449	0.00372	0.53920
107	0.16386	0.01229	0.04047	0.00894	0.01159	0.19192	0.02377	0.03409	0.01214	0.08076	0.03290	0.09235	0.01257	0.00665	0.00446	0.00146	0.00506	0.00516	0.21103	0.04855
108	0.12472	0.06399	0.08938	0.00990	0.01423	0.01070	0.00896	0.13382	0.01492	0.45353	0.01572	0.01452	0.01036	0.00594	0.00483	0.00158	0.00497	0.00456	0.00517	0.00820
109	0.01583	0.01270	0.01258	0.01033	0.01362	0.08093	0.00833	0.43411	0.07385	0.04077	0.02269	0.02300	0.18899	0.00810	0.00545	0.00163	0.00516	0.02961	0.00492	0.00741
110	0.03926	0.01045	0.01074	0.11006	0.03209	0.10831	0.00791	0.13429	0.03253	0.06269	0.02640	0.02672	0.28349	0.01145	0.07854	0.00226	0.00585	0.00683	0.00412	0.00601
111	0.05296	0.00944	0.00997	0.00919	0.01145	0.03510	0.00698	0.06289	0.35985	0.01949	0.08654	0.17584	0.02081	0.03578	0.03725	0.00211	0.00442	0.00755	0.00478	0.04761
112	0.01042	0.00714	0.00834	0.00790	0.00978	0.00711	0.00593	0.05400	0.16437	0.10671	0.12081	0.26618	0.18756	0.01146	0.00597	0.00183	0.00340	0.00993	0.00524	0.00593
113	0.00835	0.00637	0.00764	0.03325	0.03316	0.00631	0.00527	0.01058	0.08417	0.01323	0.02222	0.10668	0.11113	0.39741	0.01572	0.00334	0.00447	0.06001	0.00379	0.06689
114	0.01080	0.00926	0.01080	0.00771	0.01234	0.00694	0.00617	0.01311	0.01080	0.01697	0.00926	0.01080	0.00771	0.00386	0.00386	0.00077	0.00386	0.00309	0.00309	0.84882
115	0.00880	0.00685	0.00902	0.00934	0.03154	0.00633	0.02474	0.02705	0.01116	0.01546	0.03832	0.59159	0.02866	0.01388	0.00690	0.00206	0.03081	0.01218	0.00471	0.12059
116	0.00872	0.00721	0.01000	0.01016	0.01075	0.00849	0.00830	0.01032	0.01022	0.01403	0.02166	0.25571	0.02428	0.01334	0.01001	0.00228	0.24531	0.32025	0.00405	0.00491
117	0.00719	0.00514	0.00700	0.00811	0.00881	0.00495	0.00620	0.00876	0.01103	0.01462	0.07290	0.47866	0.03360	0.01524	0.00683	0.00219	0.00367	0.29577	0.00487	0.00449
118	0.01148	0.01110	0.01809	0.43331	0.37361	0.03383	0.01503	0.01472	0.01119	0.01497	0.00947	0.01331	0.00753	0.00495	0.00517	0.00164	0.00667	0.00460	0.00244	0.00691
119	0.01045	0.02694	0.79000	0.01484	0.02254	0.01209	0.01924	0.01649	0.01099	0.01649	0.00935	0.01099	0.00660	0.00495	0.00495	0.00165	0.00770	0.00385	0.00220	0.00770
120	0.00737	0.00532	0.00696	0.00655	0.00778	0.00491	0.00491	0.00983	0.01474	0.02088	0.78175	0.03890	0.04914	0.01065	0.00614	0.00164	0.00246	0.00942	0.00573	0.00491
121	0.00757	0.00505	0.00568	0.00568	0.00568	0.00505	0.00316	0.00757	0.00757	0.01010	0.01641	0.03408	0.01893	0.81698	0.02651	0.00505	0.00505	0.00757	0.00316	0.00316
122	0.00737	0.00532	0.00696	0.00655	0.00778	0.00491	0.00491	0.00983	0.01474	0.02088	0.78175	0.03890	0.04914	0.01065	0.00614	0.00164	0.00246	0.00942	0.00573	0.00491
123	0.01438	0.71580	0.05073	0.00945	0.01393	0.04463	0.00935	0.06570	0.01165	0.01377	0.00768	0.00875	0.00683	0.00462	0.00356	0.00117	0.00577	0.00296	0.00244	0.00684
124	0.02336	0.00886	0.01209	0.00927	0.01329	0.00765	0.00765	0.02538	0.01491	0.78810	0.02055	0.01773	0.01289	0.00645	0.00524	0.00161	0.00443	0.00524	0.00645	0.00886
125	0.00763	0.00539	0.00706	0.00730	0.00832	0.00511	0.00542	0.00995	0.03776	0.03299	0.40417	0.30398	0.04026	0.01278	0.00638	0.00189	0.00299	0.09043	0.00533	0.00486
126	0.01059	0.01010	0.01718	0.60478	0.14782	0.01185	0.05919	0.01456	0.04536	0.01445	0.00995	0.01399	0.00760	0.00516	0.00526	0.00171	0.00681	0.00478	0.00251	0.00634
127	0.01638	0.39923	0.04075	0.00941	0.01333	0.03959	0.00864	0.06679	0.01297	0.22710	0.05550	0.01348	0.01115	0.00572	0.00470	0.00137	0.03213	0.00413	0.03039	0.00724
128	0.01456	0.00719	0.00820	0.00698	0.00932	0.00707	0.00554	0.11441	0.01382	0.22283	0.03309	0.01847	0.01338	0.00628	0.00432	0.00137	0.00339	0.00503	0.49833	0.00643
129	0.63430	0.01198	0.02374	0.01005	0.07870	0.09023	0.00739	0.01572	0.00987	0.02122	0.02647	0.00982	0.00709	0.00515	0.00408	0.00160	0.03027	0.00327	0.00313	0.00593
130	0.00737	0.00532	0.00696	0.00655	0.00778	0.00491	0.00491	0.00983	0.01474	0.02088	0.78175	0.03890	0.04914	0.01065	0.00614	0.00164	0.00246	0.00942	0.00573	0.00491
131	0.01398	0.01156	0.01366	0.01232	0.11302	0.03567	0.00869	0.20446	0.01455	0.04197	0.01035	0.01166	0.00816	0.00483	0.00481	0.00116	0.02800	0.00380	0.00361	0.45372
132	0.00719	0.00519	0.00648	0.00639	0.00728	0.00492	0.00449	0.00877	0.01192	0.01637	0.40602	0.11243	0.11719	0.20200	0.05807	0.00290	0.00382	0.00944	0.00477	0.00436
133	0.00830	0.00595	0.00839	0.00947	0.01064	0.00604	0.00821	0.01064	0.01163	0.01524	0.02624	0.05499	0.02831	0.01681	0.08463	0.00298	0.00569	0.67645	0.00460	0.00478
134	0.00983	0.00926	0.01562	0.80447	0.03587	0.01157	0.01446	0.01331	0.01041	0.01331	0.00926	0.01388	0.00694	0.00521	0.00521	0.00174	0.00694	0.00463	0.00231	0.00579
135	0.00971	0.00485	0.00485	0.00485	0.00607	0.00485	0.00364	0.01213	0.01092	0.01942	0.01699	0.01942	0.01335	0.00607	0.00364	0.00121	0.00243	0.00485	0.84589	0.00485
136	0.01050	0.00640	0.00827	0.00736	0.00943	0.00557	0.00558	0.01253	0.01312	0.15335	0.36447	0.19612	0.03305	0.01004	0.00573	0.00160	0.00315	0.00883	0.00524	0.13966
137	0.00757	0.00505	0.00568	0.00568	0.00568	0.00505	0.00316	0.00757	0.00757	0.01010	0.01641	0.03408	0.01893	0.81698	0.02651	0.00505	0.00505	0.00757	0.00316	0.00316
138	0.01045	0.02694	0.79000	0.01484	0.02254	0.01209	0.01924	0.01649	0.01099	0.01649	0.00935	0.01099	0.00660	0.00495	0.00495	0.00165	0.00770	0.00385	0.00220	0.00770
139	0.02336	0.00886	0.01209	0.00927	0.01329	0.00765	0.00765	0.02538	0.01491	0.78810	0.02055	0.01773	0.01289	0.00645	0.00524	0.00161	0.00443	0.00524	0.00645	0.00886
140	0.01392	0.82012	0.02729	0.00891	0.01337	0.02061	0.00891	0.01559	0.01058	0.01225	0.00724	0.00835	0.00668	0.00446	0.00334	0.00111	0.00557	0.00278	0.00223	0.00668
141	0.01495	0.67251	0.02496	0.00975	0.01387	0.16454	0.00912	0.01656	0.01136	0.01234	0.00739	0.00855	0.00669	0.00462	0.00359	0.00116	0.00628	0.00289	0.00231	0.00656
142	0.01045	0.02694	0.79000	0.01484	0.02254	0.01209	0.01924	0.01649	0.01099	0.01649	0.00935	0.01099	0.00660	0.00495	0.00495	0.00165	0.00770	0.00385	0.00220	0.00770
143	0.00720	0.00505	0.00641	0.00677	0.00773	0.00459	0.00481	0.00871	0.01199	0.04087	0.27842	0.41171	0.15910	0.01364	0.00636	0.00189	0.00282	0.01212	0.00518	0.00463
144	0.02336	0.00886	0.01209	0.00927	0.01329	0.00765	0.00765	0.02538	0.01491	0.78810	0.02055	0.01773	0.01289	0.00645	0.00524	0.00161	0.00443	0.00524	0.00645	0.00886
145	0.01348	0.00723	0.00862	0.00740	0.01011	0.00651	0.00585	0.01644	0.08728	0.31150	0.08333	0.03403	0.36725	0.00985	0.00572	0.00170	0.00346	0.00819	0.00555	0.00651
146	0.00634	0.00453	0.00604	0.00725	0.00755	0.00423	0.00483	0.00725	0.00997	0.01329	0.02870	0.81358	0.03444	0.01632	0.00665	0.00211	0.00302	0.01480	0.00483	0.00423
147	0.07640	0.00950	0.01214	0.00937	0.01336	0.00874	0.00774	0.09672	0.01545	0.66564	0.01891	0.01662	0.01203	0.00632	0.00510	0.00161	0.00453	0.00503	0.00612	0.00865
148	0.00983	0.00926	0.01562	0.80447	0.03587	0.01157	0.01446	0.01331	0.01041	0.01331	0.00926	0.01388	0.00694	0.00521	0.00521	0.00174	0.00694	0.00463	0.00231	0.00579
149	0.01289	0.01237	0.02114	0.03196	0.78450	0.01237	0.01598	0.01598	0.01186	0.01701	0.00980	0.01289	0.00825	0.00464	0.00516	0.00155	0.00619	0.00464	0.00258	0.00825
150	0.00634	0.00453	0.00604	0.00725	0.00755	0.00423	0.00483	0.00725	0.00997	0.01329	0.02870	0.81358	0.03444	0.01632	0.00665	0.00211	0.00302	0.01480	0.00483	0.00423
151	0.12287	0.10235	0.01512	0.01215	0.01508	0.62094	0.00940	0.01959	0.01361	0.01402	0.00787	0.00917	0.00657	0.00521	0.00438	0.00135	0.00834	0.00323	0.00270	0.00605
152	0.00971	0.00485	0.00485	0.00485	0.00607	0.00485	0.00364	0.01213	0.01092	0.01942	0.01699	0.01942	0.01335	0.00607	0.00364	0.00121	0.00243	0.00485	0.84589	0.00485
153	0.01080	0.00926	0.01080	0.00771	0.01234	0.00694	0.00617	0.01311	0.01080	0.01697	0.00926	0.01080	0.00771	0.00386	0.00386	0.00077	0.00386	0.00309	0.00309	0.84882
154	0.00732	0.00528	0.00692	0.00659	0.00777	0.00488	0.00491	0.00970	0.01450	0.02051	0.74443	0.07729	0.04841	0.01093	0.00617	0.00166	0.00248	0.00968	0.00569	0.00488
155	0.00656	0.00468	0.00628	0.00749	0.00789	0.00441	0.00520	0.00762	0.01018	0.01353	0.02859	0.73576	0.03398	0.01612	0.00670	0.00214	0.00320	0.09055	0.00483	0.00429
156	0.01913	0.01426	0.01525	0.01185	0.01590	0.01584	0.00974	0.69537	0.09733	0.03175	0.01335	0.01318	0.00954	0.00633	0.00522	0.00158	0.00557	0.00480	0.00522	0.00880
157	0.00744	0.00558	0.00837	0.00837	0.00930	0.00651	0.00651	0.00930	0.00837	0.01209	0.01395	0.02046	0.01302	0.03906	0.79635	0.00837	0.01395	0.00558	0.00279	0.00465
158	0.01392	0.82012	0.02729	0.00891	0.01337	0.02061	0.00891	0.01559	0.01058	0.01225	0.00724	0.00835	0.00668	0.00446	0.00334	0.00111	0.00557	0.00278	0.00223	0.00668
159	0.01980	0.01459	0.01563	0.01198	0.01615	0.01615	0.00990	0.76713	0.02448	0.03282	0.01250	0.01250	0.00886	0.00625	0.00521	0.00156	0.00573	0.00469	0.00521	0.00886
160	0.01392	0.82012	0.02729	0.00891	0.01337	0.02061	0.00891	0.01559	0.01058	0.01225	0.00724	0.00835	0.00668	0.00446	0.00334	0.00111	0.00557	0.00278	0.00223	0.00668
161	0.00757	0.00505	0.00568	0.00568	0.00568	0.00505	0.00316	0.00757	0.00757	0.01010	0.01641	0.03408	0.01893	0.81698	0.02651	0.00505	0.00505	0.00757	0.00316	0.00316
162	0.00744	0.00558	0.00837	0.00837	0.00930	0.00651	0.00651	0.00930	0.00837	0.01209	0.01395	0.02046	0.01302	0.03906	0.79635	0.00837	0.01395	0.00558	0.00279	0.00465
163	0.00615	0.00528	0.00528	0.00528	0.00703	0.00440	0.00396	0.00747	0.01187	0.01407	0.05276	0.05012	0.78238	0.01319	0.00615	0.00176	0.00264	0.01099	0.00484	0.00440
164	0.01052	0.01004	0.01400	0.01223	0.01234	0.01370	0.00997	0.01164	0.00799	0.01224	0.00866	0.01475	0.00880	0.09213	0.11539	0.00331	0.62956	0.00498	0.00243	0.00532
165	0.01788	0.25097	0.01832	0.01213	0.01532	0.57556	0.00973	0.01932	0.01357	0.01261	0.00782	0.00910	0.00670	0.00511	0.00431	0.00128	0.00830	0.00319	0.00255	0.00622
166	0.09043	0.00579	0.00703	0.00658	0.00800	0.00558	0.00498	0.01037	0.01416	0.02113	0.70575	0.03591	0.04487	0.01008	0.00586	0.00164	0.00261	0.00877	0.00549	0.00498
167	0.01225	0.01285	0.02513	0.10679	0.32271	0.01275	0.38088	0.01598	0.01184	0.01638	0.01004	0.01353	0.00792	0.00467	0.00588	0.00168	0.02344	0.00537	0.00257	0.00735
168	0.00744	0.00558	0.00837	0.00837	0.00930	0.00651	0.00651	0.00930	0.00837	0.01209	0.01395	0.02046	0.01302	0.03906	0.79635	0.00837	0.01395	0.00558	0.00279	0.00465
169	0.00615	0.00528	0.00528	0.00528	0.00703	0.00440	0.00396	0.00747	0.01187	0.01407	0.05276	0.05012	0.78238	0.01319	0.00615	0.00176	0.00264	0.01099	0.00484	0.00440
170	0.01080	0.00926	0.01080	0.00771	0.01234	0.00694	0.00617	0.01311	0.01080	0.01697	0.00926	0.01080	0.00771	0.00386	0.00386	0.00077	0.00386	0.00309	0.00309	0.84882
171	0.00722	0.00519	0.00695	0.00743	0.00797	0.00539	0.00519	0.02365	0.00929	0.01270	0.02115	0.38702	0.02387	0.17230	0.27456	0.00474	0.00711	0.01017	0.00385	0.00427
172	0.00684	0.00530	0.00622	0.00599	0.00745	0.00469	0.00449	0.00879	0.01348	0.01789	0.46130	0.04383	0.37146	0.01176	0.00615	0.00169	0.00254	0.01011	0.00534	0.00469
173	0.01295	0.01119	0.01178	0.01060	0.01354	0.01295	0.00824	0.02767	0.77509	0.02178	0.02120	0.01943	0.01590	0.00707	0.00530	0.00177	0.00412	0.00589	0.00530	0.00824
174	0.00642	0.00468	0.00606	0.00699	0.00752	0.00431	0.00476	0.00752	0.01061	0.01410	0.10337	0.66428	0.10925	0.01546	0.00655	0.00203	0.00293	0.01391	0.00492	0.00431
175	0.01511	0.01317	0.01293	0.01116	0.01437	0.08220	0.00879	0.19825	0.53482	0.02355	0.01803	0.01695	0.01346	0.00673	0.00523	0.00168	0.00495	0.00539	0.00505	0.00819
176	0.01113	0.01037	0.01106	0.00964	0.01125	0.12242	0.00760	0.03361	0.01294	0.03337	0.36352	0.02384	0.02651	0.00863	0.00840	0.00167	0.20513	0.00649	0.00417	0.08827
177	0.01270	0.01223	0.02102	0.07534	0.72667	0.01234	0.03134	0.01585	0.01179	0.01680	0.00978	0.01297	0.00817	0.00467	0.00518	0.00156	0.00628	0.00467	0.00256	0.00808
178	0.01049	0.00604	0.00780	0.00695	0.00881	0.00541	0.00535	0.01271	0.01441	0.17693	0.53401	0.03599	0.13432	0.01011	0.00596	0.00165	0.00288	0.00876	0.00577	0.00566
179	0.00780	0.00615	0.00854	0.03057	0.00953	0.00714	0.00637	0.00898	0.00870	0.01220	0.01761	0.25949	0.01940	0.16595	0.28124	0.00479	0.12919	0.00852	0.00338	0.00445
180	0.01181	0.01073	0.01419	0.20574	0.09453	0.01286	0.01095	0.02024	0.37701	0.01759	0.01478	0.01623	0.01150	0.00750	0.02698	0.00198	0.12919	0.00525	0.00378	0.00716
181	0.01289	0.01237	0.02114	0.03196	0.78450	0.01237	0.01598	0.01598	0.01186	0.01701	0.00980	0.01289	0.00825	0.00464	0.00516	0.00155	0.00619	0.00464	0.00258	0.00825
182	0.00955	0.00873	0.01479	0.10097	0.01679	0.00876	0.20971	0.01397	0.10202	0.01853	0.35205	0.07641	0.02855	0.00830	0.00597	0.00173	0.00488	0.00793	0.00441	0.00592
183	0.01078	0.00827	0.00967	0.03448	0.02353	0.00863	0.00686	0.18666	0.09400	0.02123	0.24650	0.08631	0.15611	0.01088	0.03456	0.00195	0.00415	0.02900	0.02034	0.00610
184	0.05703	0.32930	0.06422	0.04365	0.29825	0.03152	0.01206	0.01677	0.07258	0.01563	0.00950	0.01127	0.00795	0.00482	0.00434	0.00141	0.00584	0.00385	0.00267	0.00734

[dist]
# distance from previous block
# <min> <max>
16	27

[block]
# block no. 1 follows, 47 sequences, length 15
# corresponding to MSA columns:
# 227-241
name=unknown_B
#
# <colnr> <probs for GDERKNQSTAVLIFYWHMCP>
#	G	D	E	R	K	N	Q	S	T	A	V	L	I	F	Y	W	H	M	C	P
0	0.01262	0.11476	0.04146	0.16692	0.44670	0.04853	0.03742	0.01558	0.01142	0.01537	0.00921	0.01227	0.00764	0.00491	0.00535	0.00155	0.03408	0.00437	0.00247	0.00737
1	0.20728	0.01100	0.03855	0.05510	0.01460	0.03321	0.00830	0.11713	0.01423	0.39564	0.01469	0.01401	0.00980	0.00581	0.00470	0.00157	0.00489	0.00440	0.00494	0.04014
2	0.03291	0.01590	0.01359	0.01438	0.13908	0.35438	0.00961	0.03713	0.01363	0.01586	0.15775	0.01879	0.07258	0.00716	0.00619	0.00155	0.07453	0.00540	0.00345	0.00611
3	0.01186	0.01135	0.01917	0.27308	0.51490	0.01228	0.01530	0.01499	0.01123	0.01565	0.00949	0.01313	0.00778	0.00502	0.00572	0.00164	0.04293	0.00463	0.00248	0.00736
4	0.00788	0.00547	0.00639	0.00613	0.00755	0.00500	0.00451	0.00944	0.01185	0.05891	0.22723	0.03945	0.35036	0.12405	0.07701	0.00272	0.00399	0.00909	0.03832	0.00465
5	0.05546	0.00615	0.00737	0.00751	0.00888	0.00612	0.00576	0.01139	0.09359	0.01792	0.29786	0.20840	0.11061	0.01203	0.00617	0.00189	0.00324	0.12944	0.00511	0.00509
6	0.09506	0.08654	0.01282	0.03160	0.01322	0.05706	0.00774	0.11037	0.06110	0.31154	0.07071	0.06284	0.04290	0.00713	0.00502	0.00159	0.00472	0.00567	0.00499	0.00736
7	0.30370	0.04948	0.11785	0.01464	0.08206	0.02654	0.20875	0.05107	0.04857	0.03687	0.00983	0.01157	0.00745	0.00492	0.00464	0.00163	0.00619	0.00428	0.00309	0.00689
8	0.00732	0.00598	0.00805	0.00735	0.00909	0.00555	0.06848	0.00915	0.01132	0.01490	0.08752	0.08143	0.42295	0.01605	0.13699	0.00281	0.00502	0.00920	0.08611	0.00473
9	0.30375	0.01274	0.09863	0.03117	0.07665	0.01165	0.21163	0.01635	0.07638	0.01977	0.08272	0.01449	0.01155	0.00546	0.00483	0.00167	0.00578	0.00488	0.00330	0.00659
10	0.04560	0.28188	0.08013	0.00993	0.01364	0.04489	0.03033	0.03404	0.17853	0.07283	0.14150	0.01707	0.01629	0.00633	0.00467	0.00148	0.00501	0.00499	0.00392	0.00695
11	0.08471	0.11420	0.21212	0.01431	0.09797	0.11489	0.04849	0.10457	0.07569	0.03117	0.01066	0.02327	0.00835	0.00535	0.00471	0.00151	0.00648	0.00419	0.00315	0.03421
12	0.05937	0.12785	0.12899	0.03552	0.01585	0.17766	0.01039	0.10505	0.09888	0.07352	0.04473	0.01307	0.01026	0.00579	0.00506	0.00149	0.03103	0.00422	0.00356	0.04771
13	0.03309	0.00993	0.08258	0.01255	0.09335	0.00829	0.11289	0.01390	0.06357	0.06027	0.20322	0.15114	0.05758	0.00864	0.00566	0.00169	0.00461	0.00788	0.03049	0.03870
14	0.03536	0.06154	0.33458	0.02564	0.01601	0.01035	0.01189	0.04360	0.07662	0.08780	0.10753	0.04745	0.10534	0.00731	0.00522	0.00165	0.00542	0.00597	0.00380	0.00691

[dist]
# distance from previous block
# <min> <max>
1	8

[block]
# block no. 2 follows, 47 sequences, length 21
# corresponding to MSA columns:
# 250-270
name=unknown_C
#
# <colnr> <probs for GDERKNQSTAVLIFYWHMCP>
#	G	D	E	R	K	N	Q	S	T	A	V	L	I	F	Y	W	H	M	C	P
0	0.18435	0.01410	0.13202	0.06377	0.15126	0.09191	0.01085	0.06932	0.01262	0.06622	0.07576	0.01586	0.05491	0.00602	0.00480	0.00157	0.00564	0.00476	0.00347	0.03080
1	0.17735	0.00997	0.03118	0.00965	0.02759	0.02234	0.03175	0.11312	0.10330	0.08752	0.16312	0.02049	0.02933	0.03002	0.00695	0.05500	0.02829	0.02360	0.00439	0.02502
2	0.03155	0.06999	0.24651	0.01912	0.30095	0.01189	0.01406	0.05571	0.01252	0.07791	0.06807	0.01414	0.01102	0.00537	0.00496	0.00153	0.00601	0.00459	0.00315	0.04096
3	0.01443	0.01189	0.01374	0.01156	0.01491	0.01335	0.05982	0.15462	0.56874	0.04852	0.01895	0.01781	0.01404	0.00672	0.00534	0.00173	0.00473	0.00568	0.00514	0.00829
4	0.00744	0.00558	0.00837	0.00837	0.00930	0.00651	0.00651	0.00930	0.00837	0.01209	0.01395	0.02046	0.01302	0.03906	0.79635	0.00837	0.01395	0.00558	0.00279	0.00465
5	0.01399	0.03030	0.01667	0.02064	0.37981	0.11695	0.01191	0.11985	0.03199	0.01841	0.01110	0.01359	0.00910	0.00768	0.05981	0.00198	0.03295	0.00455	0.09143	0.00732
6	0.00745	0.00553	0.00814	0.00814	0.00899	0.00639	0.00623	0.00915	0.00830	0.01192	0.01416	0.02161	0.01352	0.10476	0.73132	0.00809	0.01320	0.00575	0.00282	0.00452
7	0.00633	0.00458	0.00599	0.00712	0.00752	0.00424	0.00477	0.00727	0.01010	0.01335	0.03033	0.76186	0.08512	0.01610	0.00661	0.00209	0.00300	0.01455	0.00483	0.00424
8	0.01370	0.77024	0.07525	0.00928	0.01394	0.02007	0.00956	0.01565	0.01061	0.01252	0.00737	0.00852	0.00668	0.00449	0.00344	0.00115	0.00570	0.00285	0.00223	0.00675
9	0.00971	0.00485	0.00485	0.00485	0.00607	0.00485	0.00364	0.01213	0.01092	0.01942	0.01699	0.01942	0.01335	0.00607	0.00364	0.00121	0.00243	0.00485	0.84589	0.00485
10	0.01143	0.00652	0.00670	0.00607	0.00779	0.00679	0.00471	0.14127	0.01324	0.02171	0.01622	0.01823	0.01258	0.00610	0.00391	0.00127	0.00299	0.00483	0.70211	0.00554
11	0.00659	0.00507	0.00609	0.00680	0.00784	0.00457	0.00503	0.00790	0.01107	0.01397	0.03845	0.38070	0.34224	0.01472	0.00653	0.00201	0.00314	0.12806	0.00483	0.00439
12	0.00744	0.00558	0.00837	0.00837	0.00930	0.00651	0.00651	0.00930	0.00837	0.01209	0.01395	0.02046	0.01302	0.03906	0.79635	0.00837	0.01395	0.00558	0.00279	0.00465
13	0.01134	0.01023	0.01411	0.42224	0.05389	0.01222	0.01175	0.01980	0.35085	0.01722	0.01459	0.01632	0.01098	0.00601	0.00525	0.00174	0.00566	0.00519	0.00365	0.00697
14	0.00654	0.00522	0.00586	0.00584	0.00731	0.00454	0.00433	0.00817	0.01257	0.01606	0.27158	0.11497	0.49325	0.01270	0.00619	0.00175	0.00262	0.01085	0.00511	0.00454
15	0.01299	0.27513	0.38139	0.01359	0.05124	0.01539	0.04406	0.11767	0.01278	0.01739	0.00917	0.01056	0.00705	0.00493	0.00453	0.00147	0.00674	0.00375	0.00265	0.00753
16	0.01560	0.01775	0.01611	0.01483	0.06373	0.36736	0.03084	0.05748	0.01229	0.01412	0.00797	0.01071	0.00700	0.00686	0.00982	0.00176	0.33282	0.00407	0.00265	0.00622
17	0.00634	0.00453	0.00604	0.00725	0.00755	0.00423	0.00483	0.00725	0.00997	0.01329	0.02870	0.81358	0.03444	0.01632	0.00665	0.00211	0.00302	0.01480	0.00483	0.00423
18	0.00860	0.00639	0.00652	0.00627	0.00812	0.00632	0.00476	0.01305	0.17148	0.01723	0.03583	0.03483	0.39996	0.00985	0.00525	0.00160	0.00289	0.00815	0.24756	0.00533
19	0.52918	0.08676	0.08368	0.00834	0.01227	0.01195	0.00768	0.03624	0.01068	0.15693	0.00993	0.01043	0.00719	0.00513	0.00380	0.00157	0.00463	0.00339	0.00365	0.00658
20	0.11020	0.00968	0.01344	0.36784	0.08243	0.01026	0.01068	0.01430	0.04286	0.01629	0.00957	0.01244	0.00751	0.00478	0.00455	0.00141	0.00546	0.00399	0.00281	0.26954

[dist]
# distance from previous block
# <min> <max>
0	2

[block]
# block no. 3 follows, 47 sequences, length 30
# corresponding to MSA columns:
# 273-302
name=unknown_D
#
# <colnr> <probs for GDERKNQSTAVLIFYWHMCP>
#	G	D	E	R	K	N	Q	S	T	A	V	L	I	F	Y	W	H	M	C	P
0	0.01342	0.01043	0.01402	0.30101	0.02198	0.01180	0.03236	0.17473	0.17095	0.08102	0.10012	0.01785	0.01442	0.00649	0.00536	0.00169	0.00546	0.00553	0.00425	0.00711
1	0.00634	0.00456	0.00602	0.00719	0.00754	0.00424	0.00481	0.00726	0.01003	0.01332	0.02946	0.78944	0.05810	0.01622	0.00663	0.00210	0.00301	0.01468	0.00483	0.00424
2	0.20175	0.04681	0.06886	0.01170	0.06480	0.05615	0.02770	0.28872	0.04151	0.02408	0.01108	0.01210	0.00837	0.00552	0.00448	0.00151	0.00536	0.00411	0.08736	0.02803
3	0.01390	0.01227	0.01623	0.10092	0.33988	0.09846	0.01175	0.01652	0.01209	0.09881	0.01056	0.01258	0.00830	0.00477	0.00478	0.00135	0.00584	0.00416	0.00311	0.22374
4	0.01178	0.24031	0.56031	0.01307	0.01978	0.01425	0.01610	0.01652	0.01100	0.03913	0.00912	0.01049	0.00681	0.00486	0.00452	0.00150	0.00702	0.00360	0.00234	0.00746
5	0.01076	0.00935	0.01511	0.02138	0.41833	0.00935	0.01239	0.01352	0.01192	0.01634	0.01821	0.03459	0.01853	0.00925	0.00612	0.00195	0.00553	0.35713	0.00363	0.00661
6	0.00644	0.00482	0.00600	0.00680	0.00756	0.00438	0.00475	0.00760	0.01082	0.01405	0.08118	0.54401	0.22403	0.01510	0.00651	0.00201	0.00296	0.04176	0.00489	0.00434
7	0.01080	0.00926	0.01080	0.00771	0.01234	0.00694	0.00617	0.01311	0.01080	0.01697	0.00926	0.01080	0.00771	0.00386	0.00386	0.00077	0.00386	0.00309	0.00309	0.84882
8	0.00634	0.00453	0.00604	0.00725	0.00755	0.00423	0.00483	0.00725	0.00997	0.01329	0.02870	0.81358	0.03444	0.01632	0.00665	0.00211	0.00302	0.01480	0.00483	0.00423
9	0.00757	0.00505	0.00568	0.00568	0.00568	0.00505	0.00316	0.00757	0.00757	0.01010	0.01641	0.03408	0.01893	0.81698	0.02651	0.00505	0.00505	0.00757	0.00316	0.00316
10	0.02336	0.00886	0.01209	0.00927	0.01329	0.00765	0.00765	0.02538	0.01491	0.78810	0.02055	0.01773	0.01289	0.00645	0.00524	0.00161	0.00443	0.00524	0.00645	0.00886
11	0.01637	0.00750	0.00980	0.00806	0.01098	0.00666	0.00645	0.01887	0.04021	0.44932	0.24831	0.02766	0.11014	0.00846	0.00561	0.00164	0.00364	0.00714	0.00602	0.00718
12	0.00666	0.00476	0.00640	0.00761	0.00805	0.00450	0.00538	0.00779	0.01028	0.01364	0.02853	0.69803	0.03376	0.01602	0.00673	0.00216	0.00329	0.12727	0.00483	0.00432
13	0.00634	0.00453	0.00604	0.00725	0.00755	0.00423	0.00483	0.00725	0.00997	0.01329	0.02870	0.81358	0.03444	0.01632	0.00665	0.00211	0.00302	0.01480	0.00483	0.00423
14	0.85377	0.01007	0.00765	0.00685	0.01007	0.01168	0.00564	0.01531	0.00886	0.02336	0.00725	0.00846	0.00564	0.00483	0.00322	0.00161	0.00403	0.00282	0.00322	0.00564
15	0.01945	0.02482	0.01476	0.01342	0.01610	0.79608	0.01006	0.02079	0.01476	0.01275	0.00805	0.00939	0.00671	0.00537	0.00470	0.00134	0.00939	0.00335	0.00268	0.00604
16	0.01392	0.82012	0.02729	0.00891	0.01337	0.02061	0.00891	0.01559	0.01058	0.01225	0.00724	0.00835	0.00668	0.00446	0.00334	0.00111	0.00557	0.00278	0.00223	0.00668
