[name]
unknown

[dist]
# distance from previous block
# <min> <max>
0	562

[block]
# block no. 0 follows, 47 sequences, length 34
# corresponding to MSA columns:
# 586-619
name=unknown_A
#
# <colnr> <probs for GDERKNQSTAVLIFYWHMCP>
#	G	D	E	R	K	N	Q	S	T	A	V	L	I	F	Y	W	H	M	C	P
0	0.00768	0.00567	0.00797	0.00798	0.00881	0.00642	0.00601	0.00961	0.03238	0.01216	0.01519	0.02453	0.01490	0.18376	0.59474	0.00730	0.01160	0.03581	0.00302	0.00449
1	0.01251	0.01077	0.01136	0.01026	0.01310	0.01236	0.00797	0.02630	0.72065	0.02145	0.04629	0.02127	0.04769	0.00742	0.00536	0.00176	0.00401	0.00620	0.00529	0.00798
2	0.43126	0.00901	0.00908	0.00767	0.01080	0.00943	0.00624	0.04200	0.01220	0.24629	0.15117	0.01679	0.01572	0.00640	0.00440	0.00161	0.00392	0.00478	0.00468	0.00655
3	0.00749	0.00539	0.00740	0.00740	0.00799	0.00598	0.00530	0.00867	0.00808	0.01137	0.01484	0.02539	0.01516	0.32051	0.51782	0.00717	0.01073	0.00630	0.00292	0.00411
4	0.01924	0.02441	0.01497	0.01402	0.04127	0.77041	0.01026	0.02064	0.01466	0.01289	0.00811	0.00951	0.00676	0.00534	0.00471	0.00135	0.00929	0.00340	0.00268	0.00611
5	0.00625	0.00524	0.00543	0.00547	0.00711	0.00442	0.00407	0.00763	0.01198	0.01452	0.10364	0.08733	0.69276	0.01316	0.00618	0.00177	0.00264	0.01107	0.00490	0.00442
6	0.00960	0.00872	0.01238	0.01114	0.01152	0.01159	0.00902	0.01098	0.00812	0.01224	0.01019	0.01614	0.00992	0.05814	0.33680	0.00490	0.44583	0.00511	0.00253	0.00515
7	0.00620	0.00526	0.00535	0.00537	0.00707	0.00441	0.00401	0.00754	0.01191	0.01426	0.07496	0.06985	0.73974	0.01319	0.00617	0.00176	0.00264	0.01104	0.00486	0.00441
8	0.01945	0.02482	0.01476	0.01342	0.01610	0.79608	0.01006	0.02079	0.01476	0.01275	0.00805	0.00939	0.00671	0.00537	0.00470	0.00134	0.00939	0.00335	0.00268	0.00604
9	0.85377	0.01007	0.00765	0.00685	0.01007	0.01168	0.00564	0.01531	0.00886	0.02336	0.00725	0.00846	0.00564	0.00483	0.00322	0.00161	0.00403	0.00282	0.00322	0.00564
10	0.04431	0.01355	0.01267	0.01040	0.01364	0.13057	0.00832	0.40384	0.05757	0.04972	0.03765	0.01661	0.06426	0.00670	0.00498	0.00152	0.00540	0.00510	0.10582	0.00739
11	0.00800	0.00603	0.00800	0.03537	0.00888	0.00679	0.00554	0.00894	0.00806	0.01128	0.01429	0.02600	0.01509	0.42099	0.30181	0.00580	0.07834	0.00640	0.00292	0.02147
12	0.01127	0.01121	0.01571	0.01350	0.01353	0.01565	0.01124	0.01243	0.00799	0.01252	0.00706	0.01168	0.00703	0.01006	0.04179	0.00247	0.78230	0.00459	0.00229	0.00566
13	0.01228	0.00595	0.00649	0.00588	0.00767	0.00584	0.00456	0.05173	0.01220	0.13676	0.01730	0.01881	0.01305	0.00613	0.00396	0.00129	0.00290	0.00490	0.67662	0.00566
14	0.00942	0.00532	0.00589	0.02823	0.00754	0.00533	0.00439	0.02962	0.01209	0.01989	0.18912	0.02349	0.02113	0.00708	0.00429	0.00133	0.00264	0.00587	0.61234	0.00499
15	0.00634	0.00453	0.00604	0.00725	0.00755	0.00423	0.00483	0.00725	0.00997	0.01329	0.02870	0.81358	0.03444	0.01632	0.00665	0.00211	0.00302	0.01480	0.00483	0.00423
16	0.00983	0.00926	0.01562	0.80447	0.03587	0.01157	0.01446	0.01331	0.01041	0.01331	0.00926	0.01388	0.00694	0.00521	0.00521	0.00174	0.00694	0.00463	0.00231	0.00579
17	0.00744	0.00558	0.00837	0.00837	0.00930	0.00651	0.00651	0.00930	0.00837	0.01209	0.01395	0.02046	0.01302	0.03906	0.79635	0.00837	0.01395	0.00558	0.00279	0.00465
18	0.01289	0.01237	0.02114	0.03196	0.78450	0.01237	0.01598	0.01598	0.01186	0.01701	0.00980	0.01289	0.00825	0.00464	0.00516	0.00155	0.00619	0.00464	0.00258	0.00825
19	0.01229	0.01405	0.03073	0.02195	0.02722	0.01317	0.76558	0.01668	0.01229	0.01668	0.01054	0.01405	0.00790	0.00439	0.00615	0.00176	0.00878	0.00615	0.00263	0.00702
20	0.00634	0.00453	0.00604	0.00725	0.00755	0.00423	0.00483	0.00725	0.00997	0.01329	0.02870	0.81358	0.03444	0.01632	0.00665	0.00211	0.00302	0.01480	0.00483	0.00423
21	0.01139	0.01139	0.01595	0.01367	0.01367	0.01595	0.01139	0.01253	0.00798	0.01253	0.00684	0.01139	0.00684	0.00911	0.01709	0.00228	0.80745	0.00456	0.00228	0.00570
22	0.02098	0.01268	0.01445	0.01108	0.01520	0.01332	0.00915	0.52030	0.02130	0.28415	0.01518	0.01424	0.01020	0.00632	0.00522	0.00158	0.00530	0.00487	0.00562	0.00886
23	0.00634	0.00453	0.00604	0.00725	0.00755	0.00423	0.00483	0.00725	0.00997	0.01329	0.02870	0.81358	0.03444	0.01632	0.00665	0.00211	0.00302	0.01480	0.00483	0.00423
24	0.01493	0.01729	0.01543	0.01356	0.01474	0.35848	0.01081	0.01616	0.01095	0.01263	0.00737	0.01051	0.00678	0.00747	0.01165	0.00187	0.45704	0.00403	0.00246	0.00585
25	0.01081	0.09074	0.69354	0.01468	0.02201	0.01283	0.05236	0.01643	0.01102	0.01616	0.00923	0.01092	0.00666	0.00488	0.00487	0.00161	0.00757	0.00387	0.00222	0.00758
26	0.01255	0.01407	0.03020	0.02160	0.02683	0.01327	0.73911	0.04297	0.01272	0.01725	0.01060	0.01399	0.00794	0.00446	0.00611	0.00175	0.00867	0.00609	0.00272	0.00709
27	0.00644	0.00460	0.00615	0.00736	0.00770	0.00431	0.00500	0.00741	0.01006	0.01340	0.02865	0.77925	0.03424	0.01623	0.00667	0.00213	0.00310	0.04822	0.00483	0.00426
28	0.01086	0.01030	0.01747	0.54501	0.28731	0.01184	0.01497	0.01420	0.01090	0.01455	0.00944	0.01355	0.00738	0.00502	0.00519	0.00167	0.00669	0.00463	0.00240	0.00661
29	0.01021	0.00961	0.01631	0.74806	0.03496	0.01176	0.04852	0.03324	0.01087	0.01397	0.00940	0.01386	0.00704	0.00520	0.00525	0.00173	0.00699	0.00470	0.00240	0.00592
30	0.01385	0.01202	0.01625	0.21215	0.02053	0.01482	0.03648	0.26631	0.01428	0.01968	0.00947	0.01248	0.00758	0.00702	0.00975	0.00188	0.31068	0.00467	0.00328	0.00682
31	0.00847	0.00485	0.00557	0.02647	0.00739	0.00480	0.00436	0.01036	0.01056	0.01700	0.02111	0.31214	0.02096	0.00982	0.00479	0.00156	0.00276	0.00852	0.51386	0.00465
32	0.03501	0.00771	0.00923	0.00807	0.01052	0.00725	0.00624	0.08168	0.06429	0.08703	0.22714	0.18186	0.02630	0.00930	0.00549	0.00158	0.00359	0.03703	0.00487	0.18582
33	0.25559	0.16070	0.06939	0.00996	0.01399	0.11009	0.00884	0.19645	0.02859	0.02129	0.00918	0.01010	0.00716	0.00514	0.00411	0.00141	0.00562	0.00348	0.00341	0.07548

[dist]
# distance from previous block
# <min> <max>
4	9

[block]
# block no. 1 follows, 47 sequences, length 53
# corresponding to MSA columns:
# 630-682
name=unknown_B
#
# <colnr> <probs for GDERKNQSTAVLIFYWHMCP>
#	G	D	E	R	K	N	Q	S	T	A	V	L	I	F	Y	W	H	M	C	P
0	0.01433	0.01329	0.09039	0.01061	0.01487	0.05755	0.02765	0.17611	0.13301	0.07801	0.01282	0.01348	0.00969	0.00689	0.04116	0.00165	0.00563	0.00430	0.00399	0.28456
1	0.00757	0.00505	0.00568	0.00568	0.00568	0.00505	0.00316	0.00757	0.00757	0.01010	0.01641	0.03408	0.01893	0.81698	0.02651	0.00505	0.00505	0.00757	0.00316	0.00316
2	0.01080	0.00926	0.01080	0.00771	0.01234	0.00694	0.00617	0.01311	0.01080	0.01697	0.00926	0.01080	0.00771	0.00386	0.00386	0.00077	0.00386	0.00309	0.00309	0.84882
3	0.01105	0.00940	0.01093	0.00783	0.01245	0.00720	0.00627	0.03393	0.01118	0.01741	0.00935	0.01085	0.00774	0.00392	0.00389	0.00079	0.00391	0.00313	0.00314	0.82563
4	0.01289	0.01237	0.02114	0.03196	0.78450	0.01237	0.01598	0.01598	0.01186	0.01701	0.00980	0.01289	0.00825	0.00464	0.00516	0.00155	0.00619	0.00464	0.00258	0.00825
5	0.01142	0.01088	0.01849	0.40303	0.42490	0.01199	0.01525	0.01470	0.01116	0.01523	0.00954	0.01337	0.00762	0.00491	0.00518	0.00164	0.00655	0.00463	0.00245	0.00707
6	0.00655	0.00462	0.00598	0.00699	0.00724	0.00437	0.00455	0.00730	0.00957	0.01276	0.02666	0.68378	0.03186	0.14965	0.00995	0.00260	0.00336	0.01360	0.00455	0.00405
7	0.00634	0.00453	0.00604	0.00725	0.00755	0.00423	0.00483	0.00725	0.00997	0.01329	0.02870	0.81358	0.03444	0.01632	0.00665	0.00211	0.00302	0.01480	0.00483	0.00423
8	0.01275	0.01048	0.01183	0.00883	0.01320	0.00932	0.00710	0.15967	0.09049	0.02050	0.01108	0.01200	0.00876	0.00464	0.00426	0.00102	0.00424	0.00368	0.00372	0.60244
9	0.00634	0.00453	0.00604	0.00725	0.00755	0.00423	0.00483	0.00725	0.00997	0.01329	0.02870	0.81358	0.03444	0.01632	0.00665	0.00211	0.00302	0.01480	0.00483	0.00423
10	0.01373	0.01157	0.01221	0.01076	0.01384	0.01332	0.00843	0.11180	0.68969	0.02304	0.02021	0.01864	0.01510	0.00697	0.00529	0.00174	0.00430	0.00575	0.00529	0.00831
11	0.01671	0.01856	0.01488	0.01289	0.03885	0.42467	0.04414	0.11262	0.04200	0.01679	0.00947	0.01081	0.00762	0.00525	0.00499	0.00131	0.02711	0.00375	0.00316	0.18441
12	0.29493	0.01715	0.01248	0.01089	0.01393	0.34289	0.00854	0.14804	0.04532	0.02009	0.00905	0.01010	0.00711	0.00554	0.00475	0.00152	0.03427	0.00355	0.00339	0.00647
13	0.01211	0.01535	0.10728	0.02123	0.02675	0.01306	0.69034	0.01666	0.01216	0.01666	0.01042	0.01374	0.00777	0.00445	0.00602	0.00175	0.00867	0.00591	0.00259	0.00709
14	0.00641	0.00482	0.00594	0.00664	0.00744	0.00435	0.00461	0.00761	0.01103	0.01437	0.12112	0.51885	0.23828	0.01482	0.00646	0.00196	0.00285	0.01316	0.00494	0.00435
15	0.01045	0.02694	0.79000	0.01484	0.02254	0.01209	0.01924	0.01649	0.01099	0.01649	0.00935	0.01099	0.00660	0.00495	0.00495	0.00165	0.00770	0.00385	0.00220	0.00770
16	0.01665	0.01191	0.01834	0.01391	0.01805	0.01194	0.24446	0.16014	0.17053	0.22858	0.03895	0.01659	0.01229	0.00602	0.00556	0.00168	0.00591	0.00568	0.00477	0.00804
17	0.00983	0.00926	0.01562	0.80447	0.03587	0.01157	0.01446	0.01331	0.01041	0.01331	0.00926	0.01388	0.00694	0.00521	0.00521	0.00174	0.00694	0.00463	0.00231	0.00579
18	0.00983	0.00926	0.01562	0.80447	0.03587	0.01157	0.01446	0.01331	0.01041	0.01331	0.00926	0.01388	0.00694	0.00521	0.00521	0.00174	0.00694	0.00463	0.00231	0.00579
19	0.01555	0.00929	0.01264	0.01036	0.01331	0.00912	0.08275	0.20020	0.01534	0.25513	0.02043	0.25013	0.03204	0.00920	0.00569	0.00175	0.00466	0.00809	0.03724	0.00708
20	0.11531	0.01199	0.01329	0.01034	0.01432	0.02798	0.00852	0.36978	0.01868	0.33424	0.01505	0.01408	0.01007	0.00615	0.00499	0.00158	0.00509	0.00467	0.00543	0.00844
21	0.00634	0.00453	0.00604	0.00725	0.00755	0.00423	0.00483	0.00725	0.00997	0.01329	0.02870	0.81358	0.03444	0.01632	0.00665	0.00211	0.00302	0.01480	0.00483	0.00423
22	0.01045	0.02694	0.79000	0.01484	0.02254	0.01209	0.01924	0.01649	0.01099	0.01649	0.00935	0.01099	0.00660	0.00495	0.00495	0.00165	0.00770	0.00385	0.00220	0.00770
23	0.01113	0.01138	0.01947	0.26230	0.02391	0.01390	0.19724	0.01379	0.00979	0.01379	0.00850	0.01282	0.00713	0.00674	0.01070	0.00198	0.36203	0.00497	0.00238	0.00605
24	0.00744	0.00558	0.00837	0.00837	0.00930	0.00651	0.00651	0.00930	0.00837	0.01209	0.01395	0.02046	0.01302	0.03906	0.79635	0.00837	0.01395	0.00558	0.00279	0.00465
25	0.00637	0.00473	0.00595	0.00690	0.00754	0.00432	0.00476	0.00740	0.01043	0.01353	0.03374	0.62971	0.19213	0.01560	0.00656	0.00205	0.00299	0.03616	0.00483	0.00428
26	0.01225	0.01394	0.03012	0.02161	0.02666	0.01328	0.73459	0.01651	0.01211	0.01651	0.01038	0.01394	0.00786	0.00458	0.00660	0.00178	0.04160	0.00608	0.00262	0.00697
27	0.01098	0.00654	0.00810	0.00778	0.00953	0.00612	0.00587	0.07926	0.01291	0.16632	0.06109	0.36255	0.17544	0.01254	0.00616	0.00189	0.00354	0.05252	0.00522	0.00564
28	0.00710	0.00519	0.00620	0.00617	0.00744	0.00469	0.00458	0.00903	0.01294	0.01772	0.39507	0.13380	0.26212	0.01176	0.00601	0.00171	0.00262	0.02392	0.07727	0.00467
29	0.85377	0.01007	0.00765	0.00685	0.01007	0.01168	0.00564	0.01531	0.00886	0.02336	0.00725	0.00846	0.00564	0.00483	0.00322	0.00161	0.00403	0.00282	0.00322	0.00564
30	0.01229	0.01405	0.03073	0.02195	0.02722	0.01317	0.76558	0.01668	0.01229	0.01668	0.01054	0.01405	0.00790	0.00439	0.00615	0.00176	0.00878	0.00615	0.00263	0.00702
31	0.01392	0.82012	0.02729	0.00891	0.01337	0.02061	0.00891	0.01559	0.01058	0.01225	0.00724	0.00835	0.00668	0.00446	0.00334	0.00111	0.00557	0.00278	0.00223	0.00668
32	0.11588	0.01194	0.01166	0.00935	0.01306	0.13738	0.00751	0.04558	0.01276	0.22068	0.01247	0.01385	0.00945	0.00551	0.00485	0.00132	0.02919	0.02949	0.00403	0.30402
33	0.02765	0.00771	0.01194	0.46949	0.02410	0.00891	0.01044	0.01188	0.01200	0.01630	0.29013	0.02411	0.04994	0.00745	0.00553	0.00170	0.00510	0.00655	0.00366	0.00542
34	0.00644	0.00488	0.00587	0.00647	0.00733	0.00439	0.00449	0.00759	0.01097	0.01417	0.11117	0.45452	0.27997	0.04763	0.00725	0.00207	0.00292	0.01272	0.00486	0.00431
35	0.01837	0.00972	0.01142	0.00913	0.01246	0.00977	0.00742	0.23460	0.06631	0.34014	0.03710	0.01724	0.01296	0.00646	0.00492	0.00152	0.00431	0.00515	0.18313	0.00787
36	0.01098	0.01043	0.01769	0.51414	0.31722	0.01187	0.01503	0.01431	0.01096	0.01470	0.00946	0.01351	0.00743	0.00499	0.00519	0.00166	0.00666	0.00463	0.00241	0.00671
37	0.01368	0.00985	0.01115	0.00974	0.01217	0.01049	0.00761	0.39398	0.01754	0.03888	0.02046	0.30223	0.03866	0.03488	0.00651	0.00192	0.00459	0.05399	0.00500	0.00668
38	0.01447	0.08135	0.27861	0.01139	0.01652	0.06651	0.01178	0.05245	0.03322	0.17061	0.02494	0.01276	0.00917	0.00537	0.00506	0.00143	0.03012	0.00407	0.00353	0.16663
39	0.00859	0.00748	0.00948	0.00917	0.00977	0.02818	0.00696	0.01028	0.04075	0.01337	0.04705	0.29283	0.08488	0.06965	0.11330	0.00309	0.22744	0.00913	0.00374	0.00487
40	0.00677	0.00474	0.00603	0.00684	0.00712	0.00452	0.00445	0.00752	0.00955	0.01278	0.05624	0.55080	0.03068	0.23623	0.01210	0.00291	0.00359	0.02873	0.00441	0.00397
41	0.01143	0.01227	0.02447	0.26510	0.02849	0.01296	0.45225	0.01519	0.01125	0.01519	0.00975	0.01372	0.00749	0.00514	0.00700	0.00180	0.09198	0.00551	0.00250	0.00650
42	0.01549	0.01260	0.02106	0.04467	0.09765	0.03575	0.31167	0.08365	0.09059	0.18100	0.01356	0.01487	0.00977	0.00552	0.00603	0.00170	0.03739	0.00545	0.00390	0.00769
43	0.00756	0.00509	0.00591	0.00591	0.00599	0.00517	0.00344	0.00772	0.00764	0.01027	0.01620	0.03291	0.01843	0.75039	0.09241	0.00533	0.00581	0.00740	0.00312	0.00328
44	0.00655	0.00462	0.00598	0.00699	0.00724	0.00437	0.00455	0.00730	0.00957	0.01276	0.02666	0.68378	0.03186	0.14965	0.00995	0.00260	0.00336	0.01360	0.00455	0.00405
45	0.00878	0.00839	0.01584	0.01310	0.01531	0.00800	0.29876	0.01104	0.01081	0.01458	0.02110	0.48317	0.02345	0.01152	0.00674	0.00198	0.02699	0.01118	0.00392	0.00535
46	0.01490	0.01717	0.01485	0.34000	0.02404	0.40173	0.01172	0.01832	0.08114	0.01379	0.00973	0.01215	0.00763	0.00545	0.00496	0.00154	0.00791	0.00411	0.00277	0.00613
47	0.02322	0.00910	0.01223	0.00938	0.01341	0.00800	0.00775	0.05568	0.01530	0.75725	0.02022	0.01751	0.01273	0.00644	0.00524	0.00161	0.00448	0.00521	0.00640	0.00886
48	0.01229	0.01405	0.03073	0.02195	0.02722	0.01317	0.76558	0.01668	0.01229	0.01668	0.01054	0.01405	0.00790	0.00439	0.00615	0.00176	0.00878	0.00615	0.00263	0.00702
49	0.00871	0.00831	0.01585	0.01309	0.01537	0.00778	0.30719	0.01100	0.01089	0.01464	0.02148	0.49581	0.02389	0.01158	0.00645	0.00197	0.00531	0.01136	0.00396	0.00534
50	0.01162	0.30937	0.50076	0.01254	0.01894	0.01497	0.01524	0.01603	0.01093	0.01508	0.02556	0.01067	0.00756	0.00490	0.00440	0.00146	0.00682	0.00359	0.00229	0.00727
51	0.01509	0.01225	0.01298	0.01103	0.01435	0.01395	0.00876	0.25826	0.54103	0.02523	0.01849	0.01727	0.01370	0.00681	0.00527	0.00170	0.00462	0.00551	0.00527	0.00843
52	0.02185	0.01078	0.01321	0.01018	0.01422	0.01057	0.00839	0.26313	0.04520	0.51866	0.01799	0.01611	0.01171	0.00641	0.00523	0.00160	0.00484	0.00508	0.00601	0.00884

[dist]
# distance from previous block
# <min> <max>
14	38

[block]
# block no. 2 follows, 47 sequences, length 45
# corresponding to MSA columns:
# 722-766
name=unknown_C
#
# <colnr> <probs for GDERKNQSTAVLIFYWHMCP>
#	G	D	E	R	K	N	Q	S	T	A	V	L	I	F	Y	W	H	M	C	P
0	0.04989	0.05635	0.01468	0.01214	0.01528	0.51617	0.00943	0.09794	0.03464	0.13001	0.01062	0.01112	0.00804	0.00560	0.00473	0.00141	0.00778	0.00379	0.00356	0.00682
1	0.63950	0.08498	0.01061	0.00798	0.01132	0.08766	0.00662	0.05552	0.01051	0.03539	0.00784	0.00892	0.00613	0.00495	0.00351	0.00154	0.00478	0.00301	0.00324	0.00600
2	0.03046	0.00932	0.12426	0.02938	0.01195	0.00781	0.00845	0.01152	0.00962	0.05854	0.06426	0.05953	0.01527	0.08152	0.40866	0.00535	0.04954	0.00601	0.00321	0.00534
3	0.01123	0.01104	0.01918	0.42967	0.02884	0.01268	0.20598	0.04087	0.08032	0.01552	0.01054	0.01414	0.00805	0.00557	0.00659	0.00179	0.08366	0.00513	0.00276	0.00642
4	0.00650	0.00507	0.00594	0.00648	0.00762	0.00451	0.00475	0.00782	0.01132	0.01426	0.07721	0.33097	0.39965	0.01433	0.00643	0.00194	0.00298	0.08293	0.00488	0.00440
5	0.01182	0.00915	0.01306	0.08791	0.07830	0.00932	0.07679	0.13761	0.06033	0.07118	0.06896	0.26113	0.03186	0.00928	0.00575	0.00175	0.00479	0.00835	0.00438	0.04830
6	0.01061	0.00629	0.00794	0.00708	0.00902	0.00575	0.00546	0.01337	0.04923	0.17191	0.48417	0.03553	0.15292	0.01004	0.00593	0.00166	0.00295	0.00867	0.00572	0.00577
7	0.01769	0.06782	0.08995	0.01366	0.05169	0.41969	0.01101	0.19016	0.05760	0.01833	0.00994	0.01090	0.00776	0.00553	0.00481	0.00144	0.00774	0.00387	0.00332	0.00710
8	0.00979	0.00546	0.00602	0.00569	0.00717	0.00528	0.00433	0.03352	0.01246	0.05498	0.19735	0.02618	0.08475	0.00774	0.00455	0.00139	0.00264	0.00643	0.51917	0.00513
9	0.01282	0.01126	0.01281	0.08680	0.01483	0.09950	0.00925	0.15032	0.03581	0.03780	0.01155	0.01559	0.00994	0.05235	0.21175	0.00362	0.18969	0.00492	0.02330	0.00608
10	0.00961	0.00761	0.00871	0.00794	0.00991	0.00792	0.00609	0.05620	0.24737	0.02102	0.42274	0.03282	0.12196	0.00961	0.00584	0.00169	0.00316	0.00826	0.00547	0.00609
11	0.08999	0.01275	0.01913	0.01472	0.01877	0.01349	0.28977	0.15394	0.28882	0.02199	0.01443	0.01521	0.01075	0.00572	0.00541	0.00171	0.00613	0.00549	0.00410	0.00766
12	0.01291	0.42850	0.11707	0.01444	0.01958	0.01685	0.29133	0.01610	0.01126	0.01439	0.00871	0.01078	0.00713	0.00449	0.00457	0.00141	0.00701	0.00416	0.00238	0.00693
13	0.01658	0.01824	0.01187	0.01078	0.01312	0.51188	0.00814	0.06493	0.01423	0.01599	0.01099	0.01257	0.00882	0.00563	0.00441	0.00132	0.00709	0.00388	0.25369	0.00586
14	0.02029	0.01051	0.01270	0.01010	0.01391	0.01052	0.00822	0.16996	0.19069	0.46609	0.01913	0.01710	0.01280	0.00655	0.00525	0.00164	0.00461	0.00528	0.00594	0.00872
15	0.05842	0.01311	0.01411	0.05667	0.01614	0.03113	0.00941	0.49139	0.13730	0.06954	0.01429	0.04074	0.01071	0.00658	0.00517	0.00162	0.00539	0.00512	0.00496	0.00821
16	0.01783	0.01066	0.01541	0.01771	0.29105	0.01040	0.01079	0.08932	0.07176	0.35404	0.01630	0.04604	0.01190	0.00620	0.00526	0.00161	0.00511	0.00539	0.00479	0.00842
17	0.00683	0.00493	0.00647	0.00697	0.00773	0.00457	0.00495	0.00844	0.01209	0.01657	0.34563	0.44250	0.06339	0.01378	0.00644	0.00191	0.00283	0.03422	0.00521	0.00454
18	0.00634	0.00453	0.00604	0.00725	0.00755	0.00423	0.00483	0.00725	0.00997	0.01329	0.02870	0.81358	0.03444	0.01632	0.00665	0.00211	0.00302	0.01480	0.00483	0.00423
19	0.01237	0.01692	0.29434	0.15797	0.20352	0.01181	0.12200	0.01666	0.01164	0.08749	0.01064	0.01300	0.00781	0.00498	0.00524	0.00165	0.00706	0.00462	0.00276	0.00750
20	0.01396	0.01193	0.01746	0.04299	0.46683	0.02429	0.01283	0.16372	0.04542	0.03609	0.01237	0.05335	0.01035	0.00579	0.00515	0.00157	0.00565	0.00521	0.05717	0.00787
21	0.01470	0.00782	0.00984	0.00826	0.01092	0.00742	0.00655	0.06610	0.08801	0.31133	0.34050	0.02782	0.06121	0.00854	0.00566	0.00164	0.00358	0.00726	0.00589	0.00696
22	0.01026	0.00623	0.00667	0.00647	0.00792	0.00646	0.00484	0.08460	0.07296	0.01967	0.01922	0.17616	0.01730	0.00820	0.00452	0.00147	0.00300	0.00689	0.53178	0.00538
23	0.01298	0.01300	0.15931	0.35920	0.02557	0.01121	0.05069	0.05176	0.07498	0.14570	0.03601	0.01516	0.01004	0.00569	0.00525	0.00169	0.00633	0.00491	0.00348	0.00703
24	0.01107	0.08366	0.12182	0.00841	0.01117	0.00788	0.00773	0.03141	0.01174	0.12582	0.02307	0.21672	0.10654	0.00968	0.00532	0.00169	0.00416	0.05653	0.14966	0.00589
25	0.00645	0.00495	0.00591	0.00639	0.00740	0.00441	0.00452	0.00778	0.01151	0.01490	0.16851	0.39139	0.31884	0.01415	0.00637	0.00190	0.00278	0.01243	0.00499	0.00441
26	0.01238	0.30789	0.04132	0.01599	0.06367	0.01530	0.32736	0.01536	0.01106	0.01447	0.00944	0.01234	0.00790	0.00795	0.08105	0.00216	0.04052	0.00467	0.00247	0.00670
27	0.00637	0.00456	0.00607	0.00723	0.00756	0.00425	0.00484	0.00733	0.01011	0.01352	0.05079	0.79086	0.03487	0.01615	0.00663	0.00210	0.00300	0.01465	0.00486	0.00425
28	0.01180	0.00963	0.01118	0.00806	0.01264	0.00762	0.00648	0.06741	0.01189	0.03979	0.00981	0.01112	0.00794	0.00410	0.00399	0.00085	0.00401	0.00326	0.00333	0.76509
29	0.01308	0.15500	0.25881	0.01484	0.13119	0.01330	0.03288	0.07038	0.11915	0.06270	0.02626	0.01376	0.00990	0.02875	0.00543	0.00163	0.00603	0.00446	0.00328	0.02916
30	0.01216	0.27596	0.38739	0.01521	0.09276	0.03356	0.08296	0.01628	0.01115	0.01512	0.00880	0.01058	0.00690	0.00472	0.00456	0.00147	0.00702	0.00378	0.00230	0.00733
31	0.00788	0.00587	0.00832	0.16530	0.01346	0.00626	0.00714	0.00962	0.01012	0.01375	0.02148	0.32234	0.02355	0.11346	0.04492	0.00267	0.00482	0.14126	0.07320	0.00458
32	0.01064	0.00756	0.00939	0.02915	0.01157	0.00789	0.00750	0.02838	0.20945	0.08045	0.17578	0.08035	0.04296	0.01083	0.00620	0.00196	0.00406	0.26461	0.00519	0.00609
33	0.03870	0.00918	0.01506	0.20135	0.04874	0.01002	0.14958	0.01317	0.01032	0.01545	0.01125	0.01518	0.00922	0.01091	0.13419	0.00269	0.08384	0.00491	0.14125	0.07503
34	0.00800	0.00589	0.00809	0.00793	0.00859	0.00682	0.00594	0.00944	0.00848	0.01248	0.01465	0.05258	0.01450	0.18884	0.46499	0.00623	0.08243	0.00617	0.08351	0.00445
35	0.00750	0.00502	0.00570	0.00577	0.00579	0.00500	0.00325	0.00755	0.00771	0.01028	0.01713	0.07960	0.01984	0.77023	0.02535	0.00488	0.00493	0.00800	0.00325	0.00322
36	0.01446	0.00656	0.00762	0.00657	0.00880	0.00625	0.00519	0.05095	0.01280	0.26154	0.01790	0.01857	0.01300	0.00619	0.00421	0.00135	0.00321	0.00497	0.54356	0.00630
37	0.00634	0.00453	0.00604	0.00725	0.00755	0.00423	0.00483	0.00725	0.00997	0.01329	0.02870	0.81358	0.03444	0.01632	0.00665	0.00211	0.00302	0.01480	0.00483	0.00423
38	0.00751	0.00531	0.00698	0.00698	0.00743	0.00576	0.00478	0.00841	0.00796	0.01106	0.01522	0.02749	0.01607	0.44057	0.39900	0.00666	0.00936	0.00661	0.00298	0.00388
39	0.00634	0.00453	0.00604	0.00725	0.00755	0.00423	0.00483	0.00725	0.00997	0.01329	0.02870	0.81358	0.03444	0.01632	0.00665	0.00211	0.00302	0.01480	0.00483	0.00423
40	0.00807	0.00564	0.00747	0.00768	0.00899	0.00533	0.00620	0.01034	0.01332	0.03967	0.39415	0.07279	0.10079	0.01232	0.00653	0.00195	0.00342	0.28513	0.00530	0.00492
41	0.00983	0.00908	0.01518	0.77182	0.03465	0.01130	0.01402	0.01326	0.01043	0.01356	0.00957	0.01411	0.00720	0.00524	0.00514	0.00171	0.00676	0.00464	0.03676	0.00575
42	0.01163	0.01189	0.03703	0.33211	0.35718	0.06144	0.01430	0.01468	0.01134	0.01498	0.01171	0.01499	0.04966	0.00551	0.00555	0.00164	0.03004	0.00488	0.00259	0.00684
43	0.01073	0.02051	0.47400	0.01676	0.08208	0.01152	0.17434	0.01575	0.01167	0.01694	0.07590	0.01515	0.01113	0.00547	0.00535	0.00166	0.00724	0.02030	0.00269	0.02080
44	0.05534	0.04586	0.07026	0.17899	0.03785	0.08585	0.01056	0.11131	0.05058	0.24428	0.01327	0.01383	0.00930	0.00566	0.00492	0.00156	0.00586	0.00447	0.00413	0.04613

[dist]
# distance from previous block
# <min> <max>
1	23

[block]
# block no. 3 follows, 47 sequences, length 21
# corresponding to MSA columns:
# 790-810
name=unknown_D
#
# <colnr> <probs for GDERKNQSTAVLIFYWHMCP>
#	G	D	E	R	K	N	Q	S	T	A	V	L	I	F	Y	W	H	M	C	P
0	0.01422	0.07503	0.32422	0.01458	0.08767	0.01271	0.05113	0.14896	0.05758	0.11301	0.04222	0.01379	0.01017	0.00561	0.00506	0.00159	0.00632	0.00461	0.00361	0.00791
1	0.00715	0.00538	0.00715	0.00738	0.00836	0.00502	0.02530	0.02796	0.01197	0.01608	0.23394	0.45190	0.13057	0.01378	0.00641	0.00192	0.00308	0.02698	0.00503	0.00464
2	0.01077	0.00864	0.01052	0.00955	0.01122	0.00994	0.00746	0.01715	0.28464	0.05608	0.21117	0.09869	0.04173	0.01062	0.03967	0.00212	0.15148	0.00745	0.00475	0.00635
3	0.00629	0.00474	0.00583	0.00671	0.00741	0.00428	0.00459	0.00731	0.01049	0.01351	0.03528	0.60479	0.23899	0.01546	0.00651	0.00202	0.00292	0.01376	0.00483	0.00428
4	0.00791	0.00611	0.03840	0.00728	0.00861	0.00511	0.00565	0.00993	0.01282	0.05541	0.41443	0.29897	0.06692	0.01231	0.00625	0.00182	0.00302	0.02881	0.00527	0.00497
5	0.01067	0.01011	0.01713	0.59320	0.24060	0.01179	0.01488	0.01404	0.01081	0.01432	0.00940	0.01361	0.00730	0.00505	0.00519	0.00168	0.00674	0.00463	0.00239	0.00646
6	0.01085	0.01029	0.01746	0.54750	0.28489	0.01184	0.01497	0.01420	0.01089	0.01454	0.00944	0.01355	0.00738	0.00502	0.00519	0.00167	0.00669	0.00463	0.00240	0.00660
7	0.00634	0.00453	0.00604	0.00725	0.00755	0.00423	0.00483	0.00725	0.00997	0.01329	0.02870	0.81358	0.03444	0.01632	0.00665	0.00211	0.00302	0.01480	0.00483	0.00423
8	0.00819	0.00588	0.00814	0.00931	0.01046	0.00583	0.00802	0.01046	0.01185	0.01539	0.02843	0.10722	0.05360	0.01447	0.00713	0.00236	0.00461	0.67910	0.00480	0.00475
9	0.01391	0.71654	0.06644	0.00940	0.01395	0.05661	0.00943	0.01582	0.01081	0.01264	0.00745	0.00861	0.00671	0.00451	0.00351	0.00114	0.00581	0.00288	0.00227	0.03157
10	0.00757	0.00505	0.00568	0.00568	0.00568	0.00505	0.00316	0.00757	0.00757	0.01010	0.01641	0.03408	0.01893	0.81698	0.02651	0.00505	0.00505	0.00757	0.00316	0.00316
11	0.01045	0.02694	0.79000	0.01484	0.02254	0.01209	0.01924	0.01649	0.01099	0.01649	0.00935	0.01099	0.00660	0.00495	0.00495	0.00165	0.00770	0.00385	0.00220	0.00770
12	0.02082	0.01237	0.01419	0.01094	0.01501	0.01293	0.00902	0.46767	0.05128	0.30693	0.01578	0.01468	0.01061	0.00635	0.00522	0.00159	0.00519	0.00494	0.00566	0.00883
13	0.01080	0.00926	0.01080	0.00771	0.01234	0.00694	0.00617	0.01311	0.01080	0.01697	0.00926	0.01080	0.00771	0.00386	0.00386	0.00077	0.00386	0.00309	0.00309	0.84882
14	0.00769	0.00563	0.00755	0.00744	0.00791	0.00633	0.00527	0.00869	0.00800	0.01123	0.01469	0.02604	0.01533	0.38172	0.41756	0.00660	0.04894	0.00641	0.00293	0.00404
15	0.00627	0.00523	0.00547	0.00552	0.00713	0.00443	0.00410	0.00766	0.01199	0.01460	0.11408	0.10206	0.66719	0.01319	0.00619	0.00177	0.00265	0.01112	0.00491	0.00443
16	0.01685	0.01296	0.01388	0.01129	0.01486	0.01451	0.00910	0.48199	0.27657	0.02818	0.01620	0.05291	0.01244	0.00700	0.00531	0.00166	0.00506	0.00557	0.00522	0.00843
17	0.01169	0.00916	0.01570	0.48239	0.02765	0.01021	0.10561	0.01472	0.01126	0.12922	0.01369	0.12099	0.01161	0.00677	0.00552	0.00177	0.00627	0.00626	0.00331	0.00619
18	0.00866	0.00741	0.01183	0.11997	0.20086	0.00752	0.03213	0.01060	0.01063	0.01439	0.02092	0.46030	0.02344	0.01156	0.00610	0.00193	0.00455	0.03780	0.00388	0.00552
19	0.01082	0.01029	0.01619	0.24366	0.02122	0.01260	0.11044	0.01479	0.11141	0.01435	0.01065	0.01451	0.00884	0.01006	0.07809	0.03925	0.25898	0.00505	0.00278	0.00600
20	0.01527	0.00877	0.01007	0.00876	0.01094	0.07509	0.00677	0.06418	0.03546	0.27651	0.12184	0.03649	0.01744	0.01072	0.00958	0.23325	0.00468	0.04359	0.00465	0.00595

[dist]
# distance from previous block
# <min> <max>
1	5

[block]
# block no. 4 follows, 47 sequences, length 42
# corresponding to MSA columns:
# 817-858
name=unknown_E
#
# <colnr> <probs for GDERKNQSTAVLIFYWHMCP>
#	G	D	E	R	K	N	Q	S	T	A	V	L	I	F	Y	W	H	M	C	P
0	0.04293	0.16223	0.08151	0.00908	0.01383	0.01131	0.00828	0.11294	0.01250	0.01836	0.00924	0.01050	0.00750	0.00441	0.00401	0.00104	0.00476	0.00330	0.00313	0.47913
1	0.00971	0.00485	0.00485	0.00485	0.00607	0.00485	0.00364	0.01213	0.01092	0.01942	0.01699	0.01942	0.01335	0.00607	0.00364	0.00121	0.00243	0.00485	0.84589	0.00485
2	0.01208	0.08657	0.17638	0.04922	0.14445	0.01343	0.40905	0.01632	0.01175	0.01619	0.00985	0.01277	0.00756	0.00457	0.00548	0.00165	0.00781	0.00511	0.00249	0.00727
3	0.00641	0.00489	0.00590	0.00648	0.00741	0.00438	0.00454	0.00767	0.01125	0.01456	0.13581	0.45034	0.29259	0.01450	0.00641	0.00193	0.00282	0.01279	0.00495	0.00438
4	0.00820	0.00700	0.01191	0.01048	0.01225	0.00658	0.16782	0.01052	0.01220	0.01666	0.25668	0.30503	0.03271	0.01177	0.00646	0.00193	0.00431	0.10775	0.00464	0.00511
5	0.00632	0.00489	0.00578	0.00639	0.00735	0.00434	0.00447	0.00749	0.01104	0.01405	0.08196	0.45117	0.34675	0.01469	0.00641	0.00194	0.00283	0.01291	0.00489	0.00434
6	0.00953	0.00878	0.01468	0.70160	0.03243	0.01092	0.01343	0.01279	0.01015	0.01315	0.00986	0.01473	0.00773	0.00958	0.10743	0.00259	0.00785	0.00475	0.00238	0.00564
7	0.01265	0.01145	0.01559	0.08961	0.30092	0.01261	0.01166	0.02206	0.42409	0.01926	0.01591	0.01651	0.01226	0.00600	0.00524	0.00168	0.00514	0.00531	0.00402	0.00802
8	0.16617	0.01243	0.01092	0.00918	0.01210	0.12670	0.00733	0.30155	0.01628	0.02425	0.01222	0.01335	0.00928	0.00581	0.00432	0.00144	0.00500	0.00421	0.25078	0.00669
9	0.00744	0.00558	0.00837	0.00837	0.00930	0.00651	0.00651	0.00930	0.00837	0.01209	0.01395	0.02046	0.01302	0.03906	0.79635	0.00837	0.01395	0.00558	0.00279	0.00465
10	0.00886	0.00459	0.00664	0.00664	0.00664	0.00459	0.00435	0.00689	0.00689	0.00918	0.01000	0.01819	0.01032	0.12132	0.02115	0.73950	0.00459	0.00492	0.00238	0.00238
11	0.01677	0.41018	0.02083	0.01123	0.01477	0.42033	0.00950	0.01827	0.01273	0.01251	0.00766	0.00889	0.00670	0.00492	0.00404	0.00123	0.00754	0.00308	0.00246	0.00635
12	0.01460	0.01050	0.01208	0.00896	0.01332	0.00937	0.00727	0.21067	0.01490	0.11754	0.01256	0.01306	0.02735	0.00503	0.00444	0.00111	0.00439	0.00396	0.00410	0.50480
13	0.05436	0.01061	0.01215	0.10325	0.05666	0.07066	0.02453	0.17601	0.04554	0.11345	0.04540	0.06303	0.01361	0.00692	0.00500	0.00159	0.00503	0.03033	0.15511	0.00676
14	0.00806	0.00595	0.00881	0.10000	0.01182	0.00685	0.00699	0.00948	0.00876	0.01242	0.01497	0.10242	0.02867	0.02665	0.43544	0.11199	0.04143	0.00633	0.04847	0.00448
15	0.01392	0.82012	0.02729	0.00891	0.01337	0.02061	0.00891	0.01559	0.01058	0.01225	0.00724	0.00835	0.00668	0.00446	0.00334	0.00111	0.00557	0.00278	0.00223	0.00668
16	0.01103	0.00646	0.00825	0.00808	0.00967	0.00621	0.00599	0.02821	0.09018	0.17828	0.10699	0.42906	0.04035	0.01238	0.00614	0.00192	0.00348	0.03620	0.00532	0.00580
17	0.07394	0.10686	0.18273	0.01790	0.28185	0.01215	0.01272	0.05783	0.01174	0.01728	0.05883	0.01467	0.01095	0.03466	0.08227	0.00231	0.00673	0.00461	0.00289	0.00707
18	0.00660	0.00483	0.00668	0.00747	0.00799	0.00450	0.02070	0.00778	0.01064	0.01435	0.12562	0.69682	0.03579	0.01533	0.00657	0.00205	0.00307	0.01393	0.00490	0.00438
19	0.00831	0.00620	0.00816	0.00896	0.01013	0.00639	0.00727	0.01173	0.10131	0.01544	0.02643	0.23793	0.04067	0.01596	0.07027	0.00272	0.00498	0.40740	0.00470	0.00504
20	0.24222	0.01099	0.01574	0.25982	0.18535	0.02711	0.08001	0.02809	0.01079	0.01767	0.02377	0.01242	0.00780	0.00517	0.00520	0.00166	0.03840	0.00431	0.00278	0.02070
21	0.01557	0.34488	0.16457	0.01174	0.01620	0.26900	0.01130	0.08315	0.01322	0.01500	0.00835	0.00954	0.00687	0.00500	0.00424	0.00133	0.00721	0.00333	0.00263	0.00685
22	0.02916	0.01125	0.01788	0.24202	0.19880	0.01147	0.12116	0.09417	0.01256	0.01770	0.00987	0.01276	0.00772	0.00477	0.00500	0.00147	0.00618	0.00449	0.00291	0.18867
23	0.00689	0.00530	0.00630	0.00605	0.00749	0.00471	0.00454	0.00890	0.01361	0.01821	0.49564	0.04330	0.33692	0.01164	0.00615	0.00169	0.00253	0.01004	0.00538	0.00471
24	0.02316	0.00919	0.01229	0.00942	0.01346	0.00814	0.00778	0.06798	0.01546	0.74473	0.02008	0.01743	0.01266	0.00643	0.00524	0.00161	0.00451	0.00521	0.00637	0.00886
25	0.00656	0.00455	0.00597	0.00710	0.00746	0.00427	0.00476	0.00756	0.01003	0.01368	0.02796	0.76334	0.03311	0.01567	0.00646	0.00206	0.00298	0.01417	0.05805	0.00427
26	0.01830	0.04598	0.01609	0.01609	0.13239	0.65492	0.01093	0.01992	0.01420	0.01338	0.00829	0.00989	0.00694	0.00523	0.00473	0.00137	0.00880	0.00353	0.00265	0.00639
27	0.00634	0.00456	0.00601	0.00717	0.00753	0.00424	0.00480	0.00726	0.01005	0.01332	0.02966	0.78331	0.06410	0.01619	0.00663	0.00210	0.00301	0.01465	0.00483	0.00424
28	0.00633	0.00457	0.00600	0.00714	0.00753	0.00424	0.00479	0.00726	0.01007	0.01334	0.03000	0.77232	0.07487	0.01615	0.00662	0.00210	0.00300	0.01460	0.00483	0.00424
29	0.00747	0.00548	0.00785	0.00785	0.00860	0.00623	0.00586	0.00896	0.00821	0.01170	0.01443	0.02311	0.01417	0.19041	0.64656	0.00772	0.01222	0.00597	0.00286	0.00436
30	0.01218	0.01251	0.05568	0.01041	0.01284	0.20064	0.04302	0.02767	0.01278	0.07177	0.02555	0.07211	0.20229	0.01005	0.00632	0.00182	0.03599	0.17667	0.00408	0.00565
31	0.01229	0.01405	0.03073	0.02195	0.02722	0.01317	0.76558	0.01668	0.01229	0.01668	0.01054	0.01405	0.00790	0.00439	0.00615	0.00176	0.00878	0.00615	0.00263	0.00702
32	0.01566	0.01060	0.01181	0.01005	0.01330	0.01145	0.00798	0.11056	0.45542	0.20102	0.02238	0.02050	0.07101	0.00728	0.00534	0.00171	0.00427	0.00598	0.00552	0.00817
33	0.00787	0.00529	0.00684	0.00694	0.00807	0.00484	0.00510	0.00966	0.01275	0.06148	0.37904	0.29658	0.11832	0.01271	0.00630	0.00184	0.00288	0.04330	0.00534	0.00485
34	0.06605	0.01141	0.01319	0.01021	0.01415	0.01169	0.00842	0.36715	0.01885	0.36658	0.01597	0.01488	0.01065	0.00625	0.00505	0.00157	0.00493	0.00484	0.03964	0.00852
35	0.01363	0.75318	0.09165	0.00941	0.01414	0.01989	0.00978	0.01567	0.01062	0.01261	0.00742	0.00858	0.00668	0.00450	0.00348	0.00116	0.00575	0.00287	0.00223	0.00677
36	0.00704	0.00533	0.00651	0.00629	0.00767	0.00480	0.00476	0.00916	0.01377	0.01863	0.53298	0.04305	0.26911	0.01156	0.00619	0.00170	0.00260	0.03867	0.00543	0.00475
37	0.01347	0.10221	0.41576	0.01365	0.04629	0.07904	0.01453	0.08605	0.05398	0.07181	0.01085	0.01201	0.00802	0.00632	0.02799	0.00177	0.02160	0.00408	0.00302	0.00757
38	0.01116	0.01137	0.01567	0.62383	0.03140	0.11453	0.03533	0.01427	0.01103	0.01340	0.00978	0.01497	0.00783	0.00568	0.00559	0.00173	0.03070	0.03347	0.00247	0.00581
39	0.26739	0.07953	0.47887	0.01191	0.01793	0.01268	0.01414	0.03295	0.01062	0.01864	0.00863	0.01006	0.00636	0.00491	0.00431	0.00160	0.00638	0.00348	0.00258	0.00702
40	0.00945	0.00561	0.00935	0.00888	0.03141	0.00553	0.07302	0.00794	0.00743	0.00996	0.00920	0.01558	0.00892	0.01647	0.01863	0.74783	0.00495	0.00467	0.00230	0.00286
41	0.00663	0.00532	0.00593	0.00585	0.00742	0.00462	0.00443	0.00835	0.01278	0.01629	0.28269	0.04690	0.52087	0.01243	0.00619	0.00175	0.00266	0.03921	0.00512	0.00458

[dist]
# distance from previous block
# <min> <max>
0	1

[block]
# block no. 5 follows, 47 sequences, length 65
# corresponding to MSA columns:
# 860-924
name=unknown_F
#
# <colnr> <probs for GDERKNQSTAVLIFYWHMCP>
#	G	D	E	R	K	N	Q	S	T	A	V	L	I	F	Y	W	H	M	C	P
0	0.00712	0.00559	0.00616	0.00607	0.00774	0.00495	0.00461	0.00921	0.04148	0.03248	0.18797	0.07854	0.53333	0.01251	0.00616	0.00177	0.00281	0.04169	0.00506	0.00475
1	0.01433	0.00811	0.00914	0.00801	0.01055	0.00843	0.00629	0.02099	0.28173	0.21603	0.01938	0.01899	0.01413	0.00652	0.00463	0.00151	0.00354	0.00532	0.33532	0.00707
2	0.01695	0.01369	0.01354	0.01115	0.01472	0.10039	0.00890	0.30756	0.29608	0.08413	0.01560	0.01498	0.01143	0.00631	0.00510	0.00157	0.00533	0.00492	0.00492	0.06275
3	0.01164	0.01032	0.03054	0.18260	0.01780	0.03851	0.00854	0.04851	0.01151	0.04406	0.01007	0.01273	0.00819	0.03874	0.00528	0.00127	0.00499	0.00379	0.00310	0.50779
4	0.12917	0.22641	0.41075	0.01215	0.01805	0.02875	0.02818	0.06178	0.01151	0.01729	0.00871	0.01009	0.00665	0.00488	0.00433	0.00150	0.00658	0.00352	0.00255	0.00718
5	0.00845	0.02436	0.10471	0.00902	0.01128	0.00723	0.03049	0.01233	0.10058	0.01682	0.18729	0.20803	0.12131	0.01137	0.00612	0.00189	0.00405	0.12453	0.00463	0.00551
6	0.21120	0.00955	0.01149	0.26656	0.01911	0.02412	0.00918	0.13892	0.01253	0.04570	0.01398	0.18853	0.01321	0.00778	0.00505	0.00175	0.00514	0.00645	0.00372	0.00603
7	0.01129	0.03416	0.17121	0.23055	0.13430	0.01294	0.20041	0.01510	0.01090	0.01516	0.00932	0.01278	0.00728	0.00534	0.00681	0.00175	0.10668	0.00480	0.00240	0.00682
8	0.01268	0.01458	0.07058	0.06312	0.19435	0.07414	0.39307	0.01695	0.04434	0.01658	0.01073	0.01366	0.00830	0.00478	0.00556	0.00165	0.00765	0.00531	0.03482	0.00716
9	0.00634	0.00453	0.00604	0.00725	0.00755	0.00423	0.00483	0.00725	0.00997	0.01329	0.02870	0.81358	0.03444	0.01632	0.00665	0.00211	0.00302	0.01480	0.00483	0.00423
10	0.01560	0.01332	0.01392	0.10708	0.06574	0.11911	0.00989	0.24704	0.21412	0.05053	0.01419	0.01485	0.01064	0.00683	0.02231	0.00173	0.00592	0.00486	0.05474	0.00758
11	0.05364	0.03453	0.01410	0.01124	0.01449	0.18110	0.00907	0.39322	0.01849	0.05509	0.01446	0.01488	0.06927	0.00670	0.00578	0.00156	0.05902	0.00479	0.03120	0.00738
12	0.00668	0.00481	0.00641	0.00756	0.00808	0.00453	0.00540	0.00785	0.01039	0.01371	0.02949	0.65579	0.06410	0.01586	0.00672	0.00215	0.00330	0.13801	0.00483	0.00433
13	0.01220	0.01387	0.03017	0.05084	0.02754	0.01311	0.73785	0.01656	0.01222	0.01656	0.01049	0.01404	0.00787	0.00442	0.00611	0.00176	0.00871	0.00609	0.00262	0.00698
14	0.03404	0.01038	0.12106	0.02656	0.07397	0.00795	0.02129	0.02934	0.01279	0.22761	0.11588	0.14829	0.02163	0.00922	0.00577	0.00181	0.00475	0.11628	0.00472	0.00666
15	0.01232	0.01203	0.01947	0.18845	0.02258	0.03288	0.23366	0.10234	0.05225	0.01674	0.01035	0.01380	0.00827	0.00823	0.05843	0.00226	0.19129	0.00516	0.00293	0.00655
16	0.75180	0.01049	0.00855	0.00741	0.01075	0.01204	0.00611	0.09041	0.01056	0.04172	0.00808	0.00907	0.00613	0.00501	0.00347	0.00161	0.00421	0.00306	0.00349	0.00603
17	0.04712	0.01251	0.01342	0.26443	0.04973	0.17115	0.01067	0.12341	0.01332	0.01673	0.01353	0.12750	0.01286	0.00777	0.00577	0.00174	0.03290	0.06595	0.00341	0.00607
18	0.01379	0.01183	0.01921	0.02184	0.37489	0.01158	0.11954	0.06382	0.01258	0.09124	0.01082	0.01304	0.00850	0.00503	0.00585	0.00150	0.05684	0.00465	0.00319	0.15025
19	0.01109	0.00902	0.01229	0.19260	0.09423	0.00993	0.00955	0.14763	0.04099	0.03301	0.03706	0.20130	0.10548	0.00937	0.00632	0.00181	0.04708	0.02103	0.00403	0.00618
20	0.01062	0.02458	0.67049	0.01490	0.02217	0.01180	0.07926	0.01626	0.01109	0.01654	0.00944	0.01123	0.00679	0.00482	0.00497	0.00159	0.00750	0.00398	0.00230	0.06968
21	0.00744	0.00558	0.00837	0.00837	0.00930	0.00651	0.00651	0.00930	0.00837	0.01209	0.01395	0.02046	0.01302	0.03906	0.79635	0.00837	0.01395	0.00558	0.00279	0.00465
22	0.00719	0.00529	0.00690	0.00782	0.00878	0.00500	0.00613	0.00884	0.01133	0.01469	0.06550	0.33887	0.16519	0.01473	0.00676	0.00215	0.00365	0.31180	0.00486	0.00452
23	0.01255	0.25900	0.40678	0.01456	0.07887	0.08577	0.04267	0.01658	0.01133	0.01495	0.00869	0.01033	0.00681	0.00480	0.00451	0.00146	0.00715	0.00364	0.00230	0.00727
24	0.00740	0.00526	0.00655	0.00701	0.00816	0.00479	0.00526	0.00893	0.01175	0.04363	0.14759	0.32292	0.25587	0.01388	0.00646	0.00197	0.00316	0.12975	0.00502	0.00464
25	0.01136	0.00622	0.00817	0.00717	0.00914	0.00558	0.00556	0.01364	0.01463	0.21488	0.55057	0.03413	0.07853	0.00972	0.00591	0.00164	0.00297	0.00844	0.00587	0.00589
26	0.01016	0.00943	0.01562	0.77823	0.03521	0.01172	0.01431	0.03826	0.01088	0.01395	0.00936	0.01384	0.00701	0.00524	0.00521	0.00173	0.00690	0.00463	0.00241	0.00589
27	0.01301	0.04212	0.08543	0.02186	0.19046	0.08416	0.41492	0.01736	0.04745	0.01647	0.01044	0.01319	0.00810	0.00470	0.00557	0.00164	0.00786	0.00526	0.00270	0.00730
28	0.00634	0.00453	0.00604	0.00725	0.00755	0.00423	0.00483	0.00725	0.00997	0.01329	0.02870	0.81358	0.03444	0.01632	0.00665	0.00211	0.00302	0.01480	0.00483	0.00423
29	0.01080	0.00926	0.01080	0.00771	0.01234	0.00694	0.00617	0.01311	0.01080	0.01697	0.00926	0.01080	0.00771	0.00386	0.00386	0.00077	0.00386	0.00309	0.00309	0.84882
30	0.01394	0.01021	0.01147	0.00996	0.01245	0.01096	0.00776	0.43360	0.01816	0.02430	0.01959	0.34691	0.01999	0.01063	0.00585	0.00181	0.00458	0.02596	0.00504	0.00684
31	0.00744	0.00558	0.00837	0.00837	0.00930	0.00651	0.00651	0.00930	0.00837	0.01209	0.01395	0.02046	0.01302	0.03906	0.79635	0.00837	0.01395	0.00558	0.00279	0.00465
32	0.83537	0.01040	0.00781	0.00699	0.01020	0.02898	0.00574	0.01543	0.00899	0.02313	0.00727	0.00848	0.00566	0.00485	0.00326	0.00161	0.00415	0.00283	0.00321	0.00565
33	0.00971	0.00485	0.00485	0.00485	0.00607	0.00485	0.00364	0.01213	0.01092	0.01942	0.01699	0.01942	0.01335	0.00607	0.00364	0.00121	0.00243	0.00485	0.84589	0.00485
34	0.00633	0.00460	0.00597	0.00707	0.00751	0.00424	0.00475	0.00727	0.01014	0.01336	0.03088	0.74434	0.10228	0.01603	0.00660	0.00208	0.00299	0.01446	0.00483	0.00424
35	0.01208	0.01363	0.02930	0.02111	0.02600	0.01305	0.70657	0.01624	0.01197	0.01634	0.01050	0.01417	0.00804	0.00583	0.03492	0.00201	0.04266	0.00606	0.00262	0.00688
36	0.00757	0.00505	0.00568	0.00568	0.00568	0.00505	0.00316	0.00757	0.00757	0.01010	0.01641	0.03408	0.01893	0.81698	0.02651	0.00505	0.00505	0.00757	0.00316	0.00316
37	0.11677	0.13934	0.04009	0.03598	0.01418	0.04848	0.02313	0.19990	0.01410	0.03686	0.01209	0.10919	0.01086	0.00641	0.00457	0.00141	0.00510	0.00503	0.00370	0.17282
38	0.01668	0.01521	0.13630	0.18520	0.02046	0.14341	0.01164	0.09403	0.06316	0.24210	0.01345	0.01401	0.00935	0.00578	0.00509	0.00160	0.00644	0.00455	0.00404	0.00749
39	0.01927	0.00949	0.01187	0.00937	0.01287	0.00911	0.00763	0.18616	0.03289	0.45740	0.16558	0.02069	0.01905	0.00723	0.00541	0.00161	0.00433	0.00594	0.00601	0.00809
40	0.01212	0.05528	0.06610	0.01374	0.01734	0.07397	0.26798	0.07376	0.07671	0.01781	0.06310	0.07987	0.05682	0.00691	0.00568	0.00165	0.02050	0.00648	0.07767	0.00650
