[name]
unknown

[dist]
# distance from previous block
# <min> <max>
0	485

[block]
# block no. 0 follows, 45 sequences, length 16
# corresponding to MSA columns:
# 485-500
name=unknown_A
#
# <colnr> <probs for GDERKNQSTAVLIFYWHMCP>
#	G	D	E	R	K	N	Q	S	T	A	V	L	I	F	Y	W	H	M	C	P
0	0.00904	0.00671	0.00904	0.00958	0.01137	0.00633	0.00829	0.01150	0.01216	0.01629	0.02543	0.05272	0.02726	0.01311	0.00687	0.00221	0.00479	0.62472	0.00466	0.13791
1	0.01767	0.37272	0.02138	0.01108	0.01536	0.09370	0.00977	0.35648	0.01787	0.02237	0.01002	0.01067	0.00791	0.00553	0.00446	0.00138	0.00620	0.00382	0.00375	0.00785
2	0.00724	0.00540	0.00650	0.00650	0.00745	0.00523	0.00455	0.00847	0.01059	0.01397	0.14839	0.07912	0.24979	0.25338	0.16590	0.00414	0.00572	0.00915	0.00421	0.00428
3	0.01625	0.00927	0.01113	0.00976	0.03150	0.00933	0.00745	0.23804	0.01648	0.23310	0.04146	0.19101	0.01796	0.00884	0.00548	0.00170	0.00432	0.00745	0.13215	0.00732
4	0.01439	0.01180	0.01648	0.17135	0.24681	0.01231	0.01212	0.17210	0.07946	0.06116	0.01208	0.01390	0.00921	0.00543	0.00514	0.00153	0.00577	0.00468	0.00370	0.14057
5	0.00930	0.00703	0.00814	0.00790	0.00958	0.00707	0.00587	0.05547	0.15830	0.03872	0.19857	0.26561	0.18314	0.01217	0.00624	0.00188	0.00332	0.01060	0.00535	0.00574
6	0.00941	0.00670	0.00794	0.00756	0.00868	0.00675	0.00532	0.12753	0.01326	0.01806	0.22841	0.23987	0.03072	0.25070	0.01258	0.00286	0.00402	0.00985	0.00478	0.00498
7	0.01464	0.00869	0.01031	0.00864	0.01149	0.00852	0.00687	0.14271	0.09068	0.23168	0.23170	0.02963	0.16335	0.00913	0.00583	0.00170	0.00387	0.00764	0.00581	0.00711
8	0.01608	0.01781	0.01597	0.01831	0.24245	0.37782	0.01134	0.07140	0.01504	0.01727	0.13065	0.01581	0.01448	0.00624	0.00526	0.00151	0.00729	0.00494	0.00342	0.00693
9	0.00713	0.00547	0.00653	0.00626	0.00773	0.00487	0.00470	0.00922	0.01409	0.01890	0.50551	0.04442	0.32181	0.01195	0.00634	0.00173	0.00260	0.01031	0.00556	0.00487
10	0.00805	0.00512	0.00603	0.00603	0.00603	0.00512	0.00348	0.00768	0.00768	0.01024	0.01571	0.03215	0.01790	0.68576	0.02632	0.13807	0.00512	0.00731	0.00311	0.00311
11	0.17412	0.36395	0.01952	0.01039	0.01420	0.23461	0.00898	0.08969	0.01317	0.01699	0.00823	0.00935	0.00691	0.00511	0.00400	0.00136	0.00656	0.00323	0.00292	0.00672
12	0.30198	0.01743	0.34490	0.01089	0.01582	0.01153	0.01190	0.01666	0.08498	0.01946	0.02816	0.01424	0.00963	0.08363	0.00670	0.00204	0.00587	0.00431	0.00313	0.00673
13	0.01273	0.43296	0.07524	0.00964	0.01357	0.05403	0.00900	0.01602	0.08578	0.01458	0.01279	0.13686	0.01246	0.00682	0.00442	0.00140	0.00536	0.00529	0.00314	0.08792
14	0.00797	0.00532	0.00605	0.00604	0.00707	0.00524	0.00428	0.00942	0.01028	0.01476	0.04643	0.03317	0.22382	0.21787	0.15257	0.00375	0.00539	0.00769	0.22850	0.00440
15	0.01006	0.00787	0.00919	0.05308	0.01133	0.00822	0.00630	0.05481	0.19544	0.01705	0.09236	0.14978	0.02198	0.24868	0.01214	0.00277	0.00442	0.00799	0.00438	0.08214

[dist]
# distance from previous block
# <min> <max>
0	45

[block]
# block no. 1 follows, 45 sequences, length 26
# corresponding to MSA columns:
# 546-571
name=unknown_B
#
# <colnr> <probs for GDERKNQSTAVLIFYWHMCP>
#	G	D	E	R	K	N	Q	S	T	A	V	L	I	F	Y	W	H	M	C	P
0	0.03613	0.13619	0.13726	0.08834	0.32332	0.01303	0.05384	0.01542	0.01149	0.01623	0.01109	0.07627	0.00994	0.00578	0.00506	0.00158	0.00629	0.00517	0.00275	0.04482
1	0.00966	0.14483	0.15774	0.04544	0.01445	0.00985	0.04269	0.01236	0.01146	0.01541	0.07292	0.19042	0.12719	0.00921	0.00546	0.00165	0.00494	0.02307	0.00367	0.09758
2	0.01469	0.25300	0.23827	0.09979	0.02021	0.01544	0.04682	0.15381	0.01409	0.08030	0.01057	0.01185	0.00788	0.00533	0.00477	0.00153	0.00661	0.00412	0.00323	0.00769
3	0.01345	0.18839	0.11718	0.05188	0.10241	0.01513	0.21052	0.07497	0.13876	0.01820	0.01182	0.01349	0.00915	0.00528	0.00519	0.00162	0.00679	0.00490	0.00321	0.00768
4	0.00997	0.00718	0.00907	0.01008	0.07815	0.00735	0.00662	0.09883	0.03796	0.01682	0.02083	0.25364	0.02223	0.19537	0.01121	0.02019	0.00443	0.09025	0.09454	0.00528
5	0.10403	0.14448	0.01512	0.01202	0.09735	0.01294	0.00884	0.24411	0.01610	0.02284	0.15406	0.07929	0.01899	0.00779	0.00520	0.00163	0.00486	0.03892	0.00439	0.00703
6	0.09795	0.00565	0.00676	0.00709	0.00794	0.00568	0.00494	0.00920	0.01073	0.01596	0.19423	0.35409	0.03132	0.14841	0.07292	0.00304	0.00435	0.01065	0.00456	0.00453
7	0.01451	0.01125	0.01272	0.01067	0.01352	0.01253	0.00866	0.29403	0.17211	0.02456	0.08408	0.02078	0.01609	0.00780	0.00673	0.00172	0.09057	0.06176	0.07233	0.06356
8	0.07647	0.05562	0.24070	0.08049	0.19307	0.01342	0.01413	0.08552	0.15203	0.01970	0.01201	0.01343	0.00912	0.00554	0.00505	0.00167	0.00626	0.00455	0.00332	0.00790
9	0.01057	0.00983	0.01813	0.01412	0.01677	0.01009	0.32200	0.01334	0.01069	0.01557	0.01353	0.04988	0.01216	0.10535	0.12663	0.00320	0.09352	0.00637	0.14248	0.00578
10	0.00752	0.00563	0.00711	0.00777	0.00900	0.00527	0.00622	0.00937	0.01218	0.01568	0.11633	0.16890	0.25017	0.03723	0.00747	0.00223	0.00376	0.31844	0.00502	0.00470
11	0.08724	0.01179	0.13859	0.00949	0.01304	0.00931	0.00879	0.11155	0.06491	0.13712	0.21777	0.04329	0.10817	0.00841	0.00555	0.00171	0.00447	0.00694	0.00496	0.00690
12	0.00911	0.02962	0.28046	0.00982	0.01369	0.00795	0.01041	0.01237	0.01210	0.04789	0.09674	0.11095	0.26134	0.01032	0.00594	0.00183	0.00488	0.06442	0.00412	0.00603
13	0.00721	0.00547	0.00664	0.00635	0.00778	0.00490	0.00476	0.00939	0.01429	0.01938	0.55479	0.04363	0.27224	0.01177	0.00634	0.00173	0.00259	0.01020	0.00563	0.00490
14	0.26838	0.01194	0.01433	0.24534	0.18579	0.07177	0.01143	0.01713	0.09258	0.01861	0.01026	0.01264	0.00801	0.00534	0.00470	0.00168	0.00595	0.00424	0.00309	0.00676
15	0.01371	0.01281	0.01551	0.04806	0.05209	0.12930	0.12135	0.12811	0.10781	0.03138	0.07466	0.06040	0.01784	0.00841	0.00614	0.00184	0.01765	0.14187	0.00425	0.00682
16	0.00943	0.00534	0.00776	0.00755	0.00755	0.00576	0.00519	0.00759	0.00717	0.00973	0.00970	0.01734	0.00990	0.07843	0.02116	0.70391	0.07648	0.00491	0.00240	0.00272
17	0.00654	0.00467	0.00623	0.00747	0.00779	0.00436	0.00498	0.00747	0.01028	0.01370	0.02959	0.80785	0.03550	0.01682	0.00685	0.00218	0.00311	0.01526	0.00498	0.00436
18	0.01435	0.51595	0.08278	0.01457	0.15875	0.08588	0.01145	0.01698	0.02939	0.01416	0.00854	0.01006	0.00741	0.00481	0.00409	0.00131	0.00634	0.00344	0.00248	0.00725
19	0.08148	0.23330	0.37833	0.01228	0.01815	0.07371	0.01386	0.01798	0.01177	0.09856	0.01002	0.01102	0.00745	0.00516	0.00453	0.00152	0.00682	0.00371	0.00287	0.00748
20	0.01279	0.01225	0.02089	0.15335	0.66134	0.01262	0.01623	0.01604	0.01199	0.01694	0.01001	0.01345	0.00829	0.00487	0.00532	0.00162	0.00650	0.00478	0.00261	0.00810
21	0.00681	0.00488	0.00606	0.00688	0.00729	0.00457	0.00449	0.00757	0.00992	0.01304	0.02936	0.54971	0.11166	0.19805	0.01147	0.00283	0.00355	0.01313	0.00459	0.00413
22	0.01420	0.05662	0.17447	0.01569	0.02028	0.27707	0.23928	0.01752	0.01314	0.01527	0.01428	0.01595	0.09016	0.00596	0.00545	0.00161	0.00821	0.00526	0.00287	0.00673
23	0.01545	0.22753	0.05631	0.01324	0.01741	0.14427	0.15903	0.15355	0.01523	0.04103	0.09485	0.01464	0.01259	0.00587	0.00506	0.00150	0.00680	0.00490	0.00355	0.00717
24	0.00978	0.00952	0.01001	0.00918	0.01023	0.09300	0.00709	0.01089	0.01060	0.01323	0.02797	0.03243	0.31091	0.14433	0.01315	0.00251	0.24808	0.02851	0.00365	0.00492
25	0.01285	0.04151	0.10422	0.01559	0.07682	0.04638	0.24840	0.01643	0.02974	0.08976	0.01695	0.05060	0.09247	0.00633	0.00552	0.00159	0.00643	0.00606	0.00349	0.12885

[dist]
# distance from previous block
# <min> <max>
5	11

[block]
# block no. 2 follows, 45 sequences, length 18
# corresponding to MSA columns:
# 583-600
name=unknown_C
#
# <colnr> <probs for GDERKNQSTAVLIFYWHMCP>
#	G	D	E	R	K	N	Q	S	T	A	V	L	I	F	Y	W	H	M	C	P
0	0.03206	0.01476	0.12952	0.01089	0.01415	0.16828	0.00970	0.06836	0.09581	0.08733	0.10611	0.08092	0.06774	0.00871	0.00568	0.00176	0.00575	0.08140	0.00441	0.00668
1	0.01163	0.09599	0.39477	0.12573	0.02145	0.01180	0.01456	0.01597	0.01133	0.05208	0.01037	0.02909	0.00802	0.00520	0.00481	0.00149	0.00657	0.00413	0.00273	0.17228
2	0.01186	0.01341	0.12285	0.01122	0.01441	0.10953	0.04903	0.01772	0.19083	0.04217	0.12647	0.02994	0.09302	0.00900	0.00592	0.00184	0.00548	0.13423	0.00447	0.00661
3	0.01370	0.08078	0.36647	0.05788	0.02131	0.12451	0.11039	0.01796	0.01257	0.08905	0.04733	0.01350	0.00974	0.00549	0.00520	0.00163	0.00754	0.00457	0.00300	0.00739
4	0.28143	0.01401	0.12253	0.01006	0.01422	0.02713	0.00927	0.26174	0.01566	0.06976	0.01643	0.01657	0.10637	0.00670	0.00480	0.00166	0.00522	0.00494	0.00425	0.00726
5	0.00910	0.00842	0.01319	0.58229	0.02887	0.00991	0.01196	0.01208	0.01114	0.01393	0.02176	0.02449	0.21664	0.00761	0.00563	0.00180	0.00595	0.00656	0.00309	0.00557
6	0.00701	0.00501	0.00590	0.00648	0.00744	0.00455	0.00456	0.00839	0.01137	0.01535	0.09179	0.41894	0.25883	0.01404	0.00626	0.00191	0.00287	0.01233	0.11242	0.00455
7	0.74165	0.01027	0.00831	0.00717	0.01068	0.01141	0.00588	0.01549	0.00939	0.02324	0.00774	0.00903	0.00609	0.00485	0.00341	0.00155	0.00413	0.00294	0.00330	0.11346
8	0.01466	0.00943	0.01149	0.00839	0.01299	0.00736	0.00678	0.01696	0.01228	0.22576	0.01271	0.01308	0.00941	0.00470	0.00436	0.00103	0.00414	0.00378	0.00412	0.61656
9	0.01211	0.15758	0.19840	0.17607	0.22977	0.01378	0.06360	0.01586	0.01146	0.01575	0.00943	0.01217	0.00750	0.00488	0.00494	0.00155	0.00683	0.00427	0.00248	0.05157
10	0.01120	0.00962	0.01383	0.26191	0.02083	0.01096	0.06252	0.11013	0.12156	0.01763	0.01677	0.20224	0.01599	0.03184	0.02867	0.00217	0.04426	0.00765	0.00388	0.00634
11	0.01226	0.00937	0.01053	0.00945	0.01199	0.01023	0.00733	0.02232	0.46543	0.07852	0.26871	0.02648	0.02739	0.00845	0.00574	0.00177	0.00371	0.00721	0.00570	0.00742
12	0.00704	0.00547	0.00641	0.00617	0.00768	0.00483	0.00463	0.00906	0.01389	0.01842	0.45638	0.04521	0.37124	0.01213	0.00634	0.00174	0.00261	0.01042	0.00550	0.00483
13	0.00848	0.00503	0.00606	0.00606	0.00621	0.00503	0.00370	0.00814	0.00799	0.01125	0.01492	0.02821	0.01606	0.49990	0.02280	0.23332	0.00474	0.00662	0.10226	0.00321
14	0.01435	0.81458	0.02813	0.00918	0.01378	0.02124	0.00918	0.01607	0.01091	0.01263	0.00746	0.00861	0.00689	0.00459	0.00344	0.00115	0.00574	0.00287	0.00230	0.00689
15	0.00947	0.00687	0.00862	0.00862	0.04962	0.00662	0.00612	0.01343	0.11122	0.06863	0.46476	0.03672	0.16760	0.01035	0.00611	0.00172	0.00312	0.00899	0.00557	0.00585
16	0.01287	0.34505	0.26959	0.01154	0.01684	0.01596	0.01244	0.03455	0.15094	0.01657	0.01156	0.01316	0.00933	0.00555	0.00452	0.00149	0.00610	0.02352	0.00304	0.03538
17	0.01235	0.21441	0.08288	0.00957	0.01276	0.01262	0.00856	0.15972	0.01271	0.01702	0.01210	0.01737	0.01111	0.15350	0.19316	0.00373	0.00781	0.00491	0.00325	0.05046

[dist]
# distance from previous block
# <min> <max>
2	6

[block]
# block no. 3 follows, 45 sequences, length 85
# corresponding to MSA columns:
# 607-691
name=unknown_D
#
# <colnr> <probs for GDERKNQSTAVLIFYWHMCP>
#	G	D	E	R	K	N	Q	S	T	A	V	L	I	F	Y	W	H	M	C	P
0	0.01422	0.01169	0.01201	0.01069	0.01351	0.05755	0.00827	0.15404	0.43181	0.05150	0.02079	0.15507	0.01775	0.00866	0.00565	0.00181	0.00467	0.00727	0.00525	0.00778
1	0.00784	0.00556	0.00693	0.00661	0.00804	0.00501	0.00495	0.01001	0.01427	0.04603	0.54980	0.08671	0.20480	0.01173	0.00633	0.00174	0.00268	0.01023	0.00568	0.00505
2	0.00984	0.00871	0.01390	0.48224	0.09371	0.01012	0.01214	0.04233	0.01132	0.01486	0.01522	0.23166	0.01512	0.00850	0.00577	0.00187	0.00593	0.00765	0.00324	0.00588
3	0.00700	0.00543	0.00637	0.00621	0.00767	0.00480	0.00463	0.00895	0.01368	0.01809	0.42523	0.07912	0.36876	0.01238	0.00636	0.00176	0.00264	0.01067	0.00546	0.00480
4	0.02065	0.01464	0.01587	0.01216	0.01645	0.01607	0.01005	0.71125	0.02458	0.08348	0.01344	0.01325	0.00940	0.00646	0.00537	0.00161	0.00582	0.00487	0.00545	0.00913
5	0.01647	0.01350	0.01725	0.02015	0.32612	0.06460	0.01212	0.20681	0.10485	0.09682	0.01312	0.01410	0.00992	0.00568	0.00525	0.00157	0.00591	0.00483	0.00410	0.05683
6	0.01435	0.81458	0.02813	0.00918	0.01378	0.02124	0.00918	0.01607	0.01091	0.01263	0.00746	0.00861	0.00689	0.00459	0.00344	0.00115	0.00574	0.00287	0.00230	0.00689
7	0.01114	0.01056	0.01791	0.55480	0.27279	0.01219	0.01541	0.01459	0.01121	0.01493	0.00972	0.01398	0.00758	0.00518	0.00535	0.00173	0.00691	0.00477	0.00247	0.00677
8	0.00654	0.00467	0.00623	0.00747	0.00779	0.00436	0.00498	0.00747	0.01028	0.01370	0.02959	0.80785	0.03550	0.01682	0.00685	0.00218	0.00311	0.01526	0.00498	0.00436
9	0.01891	0.01164	0.01331	0.01083	0.01459	0.01236	0.00874	0.22258	0.31224	0.28566	0.01923	0.01752	0.01339	0.00684	0.00542	0.00171	0.00480	0.00551	0.00584	0.00888
10	0.00664	0.00483	0.00626	0.00722	0.00776	0.00445	0.00491	0.00778	0.01098	0.01461	0.11134	0.65836	0.10326	0.01591	0.00675	0.00209	0.00302	0.01432	0.00508	0.00445
11	0.01068	0.01076	0.02013	0.44919	0.03055	0.01197	0.24762	0.01422	0.01119	0.01477	0.01164	0.08516	0.00999	0.00630	0.00635	0.00186	0.04251	0.00620	0.00272	0.00622
12	0.02041	0.01504	0.01611	0.01235	0.01665	0.01665	0.01020	0.75997	0.02524	0.03383	0.01289	0.01289	0.00913	0.00644	0.00537	0.00161	0.00591	0.00483	0.00537	0.00913
13	0.01303	0.01451	0.03096	0.02215	0.02753	0.01372	0.72387	0.05145	0.01325	0.01796	0.01095	0.01441	0.00819	0.00461	0.00629	0.00180	0.00890	0.00627	0.00284	0.00733
14	0.47776	0.03185	0.01160	0.00974	0.01311	0.20995	0.00780	0.14661	0.01351	0.02277	0.00862	0.00969	0.00669	0.00537	0.00406	0.00157	0.00589	0.00338	0.00352	0.00652
15	0.02093	0.01243	0.01436	0.01096	0.01524	0.01266	0.00903	0.43017	0.02045	0.30275	0.01560	0.01468	0.01053	0.00630	0.00526	0.00156	0.00526	0.00489	0.00564	0.08130
16	0.00781	0.00520	0.00585	0.00585	0.00585	0.00520	0.00325	0.00781	0.00781	0.01041	0.01691	0.03513	0.01952	0.81135	0.02732	0.00520	0.00520	0.00781	0.00325	0.00325
17	0.01960	0.02050	0.01529	0.01288	0.01636	0.44285	0.01004	0.30343	0.01878	0.02134	0.01013	0.01100	0.00783	0.00578	0.00499	0.00143	0.00786	0.00397	0.00379	0.06214
18	0.01352	0.01161	0.01223	0.01096	0.01402	0.01343	0.00854	0.04572	0.75071	0.02272	0.02164	0.01986	0.01622	0.00726	0.00546	0.00182	0.00429	0.00604	0.00546	0.00851
19	0.00725	0.00537	0.00676	0.00663	0.00786	0.00488	0.00489	0.00938	0.01405	0.01933	0.55700	0.14454	0.16782	0.01219	0.00640	0.00177	0.00264	0.01072	0.00563	0.00488
20	0.01194	0.01138	0.01935	0.36055	0.46079	0.01240	0.01580	0.01529	0.01159	0.01590	0.00986	0.01372	0.00793	0.00503	0.00534	0.00168	0.00671	0.00478	0.00254	0.00742
21	0.02352	0.00945	0.01258	0.00971	0.01382	0.00843	0.00800	0.05327	0.04555	0.72398	0.02090	0.01814	0.01326	0.00666	0.00540	0.00167	0.00460	0.00540	0.00655	0.00911
22	0.01978	0.02502	0.01509	0.01371	0.01649	0.75851	0.01030	0.02172	0.04556	0.01351	0.00884	0.01010	0.00730	0.00560	0.00487	0.00140	0.00946	0.00356	0.00287	0.00631
23	0.01206	0.00576	0.00654	0.00600	0.00774	0.00550	0.00462	0.01450	0.01246	0.14846	0.11627	0.02232	0.01846	0.00693	0.00436	0.00138	0.00285	0.00568	0.59240	0.00571
24	0.01031	0.00559	0.00564	0.00553	0.00694	0.00575	0.00418	0.01394	0.07889	0.02023	0.01790	0.02001	0.01399	0.00635	0.00391	0.00130	0.00266	0.00510	0.76648	0.00532
25	0.00749	0.00548	0.00702	0.00664	0.00795	0.00502	0.00498	0.00991	0.01493	0.02090	0.71064	0.04113	0.11543	0.01121	0.00633	0.00170	0.00255	0.00985	0.00583	0.00502
26	0.00757	0.00564	0.00792	0.00792	0.00881	0.00629	0.00595	0.00915	0.00883	0.01233	0.01833	0.02594	0.08245	0.15424	0.60494	0.00750	0.01195	0.00656	0.00312	0.00454
27	0.47818	0.01159	0.01131	0.00989	0.04348	0.01278	0.00772	0.22116	0.01451	0.12766	0.01089	0.01132	0.00783	0.00560	0.00424	0.00164	0.00478	0.00384	0.00430	0.00727
28	0.84927	0.01038	0.00789	0.00706	0.01038	0.01204	0.00581	0.01578	0.00914	0.02408	0.00747	0.00872	0.00581	0.00498	0.00332	0.00166	0.00415	0.00291	0.00332	0.00581
29	0.01041	0.00982	0.01659	0.73309	0.10023	0.01200	0.01504	0.01395	0.01086	0.01404	0.00959	0.01422	0.00727	0.00532	0.00536	0.00177	0.00709	0.00477	0.00241	0.00618
30	0.00911	0.00478	0.00709	0.00709	0.00717	0.00487	0.00478	0.00726	0.00717	0.00965	0.01011	0.01757	0.01014	0.05562	0.08998	0.73212	0.00555	0.00490	0.00242	0.00259
31	0.00865	0.00618	0.00865	0.00989	0.01112	0.00618	0.00865	0.01112	0.01236	0.01606	0.02842	0.06055	0.03089	0.01483	0.00741	0.00247	0.00494	0.74174	0.00494	0.00494
32	0.00767	0.00575	0.00863	0.00863	0.00959	0.00671	0.00671	0.00959	0.00863	0.01246	0.01438	0.02109	0.01342	0.04026	0.79008	0.00863	0.01438	0.00575	0.00288	0.00479
33	0.01077	0.02777	0.78354	0.01530	0.02323	0.01247	0.01983	0.01700	0.01133	0.01700	0.00963	0.01133	0.00680	0.00510	0.00510	0.00170	0.00793	0.00397	0.00227	0.00793
34	0.00719	0.00547	0.00661	0.00633	0.00777	0.00489	0.00474	0.00934	0.01423	0.01925	0.54116	0.04385	0.28595	0.01182	0.00634	0.00173	0.00259	0.01023	0.00561	0.00489
35	0.01185	0.01288	0.02562	0.01915	0.02281	0.01334	0.51008	0.01524	0.01140	0.01585	0.01180	0.09160	0.01057	0.00687	0.00902	0.00197	0.19364	0.00683	0.00285	0.00664
36	0.00654	0.00467	0.00623	0.00747	0.00779	0.00436	0.00498	0.00747	0.01028	0.01370	0.02959	0.80785	0.03550	0.01682	0.00685	0.00218	0.00311	0.01526	0.00498	0.00436
37	0.01144	0.01119	0.01705	0.26320	0.12330	0.01453	0.01337	0.01364	0.00955	0.01379	0.00824	0.01276	0.00728	0.00751	0.01212	0.00207	0.44559	0.00473	0.00240	0.00625
38	0.01745	0.01357	0.01444	0.01175	0.01552	0.01527	0.00949	0.45334	0.33668	0.02906	0.01664	0.01588	0.01217	0.00680	0.00541	0.00170	0.00521	0.00535	0.00541	0.00886
39	0.01329	0.01275	0.02179	0.03295	0.77787	0.01275	0.01647	0.01647	0.01222	0.01754	0.01010	0.01329	0.00850	0.00478	0.00531	0.00159	0.00638	0.00478	0.00266	0.00850
40	0.84927	0.01038	0.00789	0.00706	0.01038	0.01204	0.00581	0.01578	0.00914	0.02408	0.00747	0.00872	0.00581	0.00498	0.00332	0.00166	0.00415	0.00291	0.00332	0.00581
41	0.00760	0.00549	0.00718	0.00675	0.00802	0.00506	0.00506	0.01013	0.01519	0.02153	0.77503	0.04010	0.05065	0.01097	0.00633	0.00169	0.00253	0.00971	0.00591	0.00506
42	0.00865	0.00618	0.00865	0.00989	0.01112	0.00618	0.00865	0.01112	0.01236	0.01606	0.02842	0.06055	0.03089	0.01483	0.00741	0.00247	0.00494	0.74174	0.00494	0.00494
43	0.01267	0.01448	0.03167	0.02262	0.02805	0.01357	0.75837	0.01719	0.01267	0.01719	0.01086	0.01448	0.00814	0.00452	0.00633	0.00181	0.00905	0.00633	0.00271	0.00724
44	0.00667	0.00552	0.00589	0.00600	0.00771	0.00474	0.00463	0.00823	0.01244	0.01513	0.09947	0.05184	0.64843	0.01355	0.00646	0.00187	0.00294	0.08881	0.00504	0.00461
45	0.84927	0.01038	0.00789	0.00706	0.01038	0.01204	0.00581	0.01578	0.00914	0.02408	0.00747	0.00872	0.00581	0.00498	0.00332	0.00166	0.00415	0.00291	0.00332	0.00581
46	0.00912	0.00473	0.00684	0.00684	0.00684	0.00473	0.00447	0.00710	0.00710	0.00947	0.01034	0.01883	0.01069	0.12452	0.02183	0.73182	0.00473	0.00508	0.00245	0.00245
47	0.01484	0.00661	0.00771	0.00667	0.00894	0.00625	0.00527	0.03746	0.01297	0.26623	0.01857	0.01925	0.01348	0.00638	0.00433	0.00139	0.00326	0.00513	0.54879	0.00645
48	0.05571	0.01470	0.01567	0.01206	0.01631	0.01624	0.00996	0.71065	0.02432	0.05146	0.01286	0.01284	0.00909	0.00639	0.00528	0.00161	0.00580	0.00476	0.00531	0.00899
49	0.08324	0.01593	0.01444	0.01290	0.06577	0.25155	0.00961	0.19641	0.01697	0.26072	0.01349	0.01330	0.00946	0.00601	0.00506	0.00156	0.00655	0.00444	0.00463	0.00794
50	0.01436	0.01303	0.01811	0.01923	0.23993	0.03576	0.06035	0.17689	0.07890	0.02003	0.01140	0.02963	0.00949	0.00690	0.00877	0.00184	0.22416	0.00516	0.01846	0.00763
51	0.01001	0.00500	0.00500	0.00500	0.00625	0.00500	0.00375	0.01251	0.01126	0.02001	0.01751	0.02001	0.01376	0.00625	0.00375	0.00125	0.00250	0.00500	0.84115	0.00500
52	0.06866	0.01278	0.02057	0.05635	0.29280	0.04677	0.21379	0.03777	0.08692	0.01881	0.08002	0.01625	0.01268	0.00563	0.00555	0.00169	0.00656	0.00559	0.00335	0.00748
53	0.00781	0.00520	0.00585	0.00585	0.00585	0.00520	0.00325	0.00781	0.00781	0.01041	0.01691	0.03513	0.01952	0.81135	0.02732	0.00520	0.00520	0.00781	0.00325	0.00325
54	0.01705	0.01929	0.01383	0.01253	0.01541	0.44199	0.00953	0.02461	0.35250	0.01731	0.01437	0.01432	0.01116	0.00632	0.00512	0.00158	0.00725	0.00463	0.00397	0.00724
55	0.01165	0.02170	0.44595	0.01811	0.02482	0.01295	0.32044	0.01754	0.04238	0.01730	0.01063	0.01297	0.00773	0.00495	0.00562	0.00175	0.00824	0.00502	0.00258	0.00767
56	0.01750	0.37901	0.02100	0.01175	0.01533	0.44553	0.00984	0.01903	0.01328	0.01291	0.00792	0.00920	0.00690	0.00511	0.00421	0.00128	0.00792	0.00319	0.00256	0.00652
57	0.01725	0.01347	0.01433	0.01171	0.01544	0.01517	0.00944	0.43232	0.35803	0.02873	0.01690	0.01609	0.01238	0.00682	0.00541	0.00170	0.00516	0.00539	0.00541	0.00885
58	0.84927	0.01038	0.00789	0.00706	0.01038	0.01204	0.00581	0.01578	0.00914	0.02408	0.00747	0.00872	0.00581	0.00498	0.00332	0.00166	0.00415	0.00291	0.00332	0.00581
59	0.00760	0.00549	0.00718	0.00675	0.00802	0.00506	0.00506	0.01013	0.01519	0.02153	0.77503	0.04010	0.05065	0.01097	0.00633	0.00169	0.00253	0.00971	0.00591	0.00506
60	0.84927	0.01038	0.00789	0.00706	0.01038	0.01204	0.00581	0.01578	0.00914	0.02408	0.00747	0.00872	0.00581	0.00498	0.00332	0.00166	0.00415	0.00291	0.00332	0.00581
61	0.01435	0.81458	0.02813	0.00918	0.01378	0.02124	0.00918	0.01607	0.01091	0.01263	0.00746	0.00861	0.00689	0.00459	0.00344	0.00115	0.00574	0.00287	0.00230	0.00689
62	0.01382	0.01176	0.01240	0.01102	0.01414	0.01357	0.00861	0.07709	0.71884	0.02321	0.02125	0.01955	0.01590	0.00723	0.00546	0.00181	0.00436	0.00599	0.00546	0.00854
63	0.01248	0.01179	0.01974	0.24163	0.53825	0.01247	0.01562	0.03598	0.01217	0.01688	0.01092	0.01433	0.02371	0.00517	0.00535	0.00165	0.00650	0.00491	0.00270	0.00774
64	0.00962	0.00686	0.00906	0.00862	0.00961	0.00778	0.00653	0.08773	0.01052	0.01505	0.01538	0.11972	0.01519	0.07878	0.32564	0.10610	0.07678	0.00672	0.07939	0.00490
65	0.02041	0.01504	0.01611	0.01235	0.01665	0.01665	0.01020	0.75997	0.02524	0.03383	0.01289	0.01289	0.00913	0.00644	0.00537	0.00161	0.00591	0.00483	0.00537	0.00913
66	0.00767	0.00575	0.00863	0.00863	0.00959	0.00671	0.00671	0.00959	0.00863	0.01246	0.01438	0.02109	0.01342	0.04026	0.79008	0.00863	0.01438	0.00575	0.00288	0.00479
67	0.83079	0.01048	0.00807	0.00718	0.01052	0.01214	0.00591	0.03237	0.00949	0.02430	0.00759	0.00881	0.00589	0.00502	0.00337	0.00166	0.00419	0.00295	0.00337	0.00589
68	0.00716	0.00527	0.00755	0.00811	0.00878	0.00566	0.00594	0.00864	0.00937	0.01302	0.02119	0.37352	0.02331	0.02976	0.43923	0.00574	0.00933	0.01001	0.00382	0.00460
69	0.01435	0.81458	0.02813	0.00918	0.01378	0.02124	0.00918	0.01607	0.01091	0.01263	0.00746	0.00861	0.00689	0.00459	0.00344	0.00115	0.00574	0.00287	0.00230	0.00689
70	0.84927	0.01038	0.00789	0.00706	0.01038	0.01204	0.00581	0.01578	0.00914	0.02408	0.00747	0.00872	0.00581	0.00498	0.00332	0.00166	0.00415	0.00291	0.00332	0.00581
71	0.02041	0.01504	0.01611	0.01235	0.01665	0.01665	0.01020	0.75997	0.02524	0.03383	0.01289	0.01289	0.00913	0.00644	0.00537	0.00161	0.00591	0.00483	0.00537	0.00913
72	0.01329	0.01275	0.02179	0.03295	0.77787	0.01275	0.01647	0.01647	0.01222	0.01754	0.01010	0.01329	0.00850	0.00478	0.00531	0.00159	0.00638	0.00478	0.00266	0.00850
73	0.01275	0.01425	0.03035	0.02400	0.12820	0.01347	0.65928	0.01710	0.01261	0.01724	0.01076	0.01432	0.00819	0.00456	0.00620	0.00178	0.00869	0.00613	0.00271	0.00741
74	0.01154	0.01227	0.02470	0.37015	0.03205	0.01284	0.42534	0.01564	0.01180	0.01564	0.01027	0.01440	0.00770	0.00490	0.00590	0.00180	0.00820	0.00563	0.00257	0.00667
75	0.00742	0.00598	0.00642	0.00629	0.00802	0.00536	0.00470	0.05785	0.01312	0.01634	0.11613	0.14900	0.55771	0.01330	0.00635	0.00184	0.00297	0.01127	0.00510	0.00486
76	0.00932	0.00466	0.00699	0.00699	0.00699	0.00466	0.00466	0.00699	0.00699	0.00932	0.00932	0.01632	0.00932	0.01865	0.02098	0.84382	0.00466	0.00466	0.00233	0.00233
77	0.01174	0.01174	0.01644	0.01409	0.01409	0.01644	0.01174	0.01292	0.00822	0.01292	0.00705	0.01174	0.00705	0.00940	0.01762	0.00235	0.80153	0.00470	0.00235	0.00587
78	0.00691	0.00546	0.00622	0.00603	0.00759	0.00477	0.00452	0.00879	0.01356	0.01765	0.37720	0.04648	0.45091	0.01242	0.00634	0.00176	0.00264	0.01060	0.00540	0.00477
79	0.01478	0.01074	0.01268	0.01062	0.01342	0.01200	0.00859	0.40724	0.01757	0.04117	0.01374	0.01668	0.01114	0.02160	0.35688	0.00475	0.00967	0.00526	0.00428	0.00719
80	0.01335	0.01153	0.01214	0.01092	0.01396	0.01335	0.00850	0.02852	0.76817	0.02245	0.02185	0.02003	0.01639	0.00728	0.00546	0.00182	0.00425	0.00607	0.00546	0.00850
81	0.01426	0.01283	0.02233	0.09906	0.41188	0.01292	0.18427	0.08989	0.01367	0.06942	0.01123	0.01395	0.00867	0.00507	0.00556	0.00167	0.00689	0.00518	0.00318	0.00808
82	0.01419	0.01447	0.02091	0.03039	0.67619	0.11654	0.01566	0.01714	0.01262	0.01695	0.00986	0.01280	0.00829	0.00488	0.00525	0.00157	0.00682	0.00461	0.00267	0.00820
83	0.00767	0.00575	0.00863	0.00863	0.00959	0.00671	0.00671	0.00959	0.00863	0.01246	0.01438	0.02109	0.01342	0.04026	0.79008	0.00863	0.01438	0.00575	0.00288	0.00479
84	0.84927	0.01038	0.00789	0.00706	0.01038	0.01204	0.00581	0.01578	0.00914	0.02408	0.00747	0.00872	0.00581	0.00498	0.00332	0.00166	0.00415	0.00291	0.00332	0.00581

[dist]
# distance from previous block
# <min> <max>
0	1

[block]
# block no. 4 follows, 45 sequences, length 106
# corresponding to MSA columns:
# 693-798
name=unknown_E
#
# <colnr> <probs for GDERKNQSTAVLIFYWHMCP>
#	G	D	E	R	K	N	Q	S	T	A	V	L	I	F	Y	W	H	M	C	P
0	0.01299	0.40015	0.08878	0.00937	0.01432	0.01478	0.00907	0.04245	0.01156	0.01570	0.00867	0.01000	0.00738	0.00446	0.00387	0.00108	0.00525	0.00316	0.00275	0.33420
1	0.01092	0.00961	0.01538	0.02177	0.44844	0.00974	0.01132	0.01302	0.01045	0.01478	0.01265	0.02061	0.01234	0.23905	0.12399	0.00363	0.00719	0.00578	0.00286	0.00648
2	0.00932	0.00466	0.00699	0.00699	0.00699	0.00466	0.00466	0.00699	0.00699	0.00932	0.00932	0.01632	0.00932	0.01865	0.02098	0.84382	0.00466	0.00466	0.00233	0.00233
3	0.01159	0.01237	0.02502	0.35421	0.03187	0.01287	0.44061	0.01571	0.01184	0.01571	0.01030	0.01441	0.00772	0.00488	0.00592	0.00180	0.00824	0.00567	0.00257	0.00669
4	0.01235	0.00954	0.01000	0.00839	0.01127	0.00971	0.00670	0.32922	0.01779	0.02276	0.03665	0.03509	0.44806	0.01054	0.00593	0.00173	0.00408	0.00855	0.00515	0.00650
5	0.84927	0.01038	0.00789	0.00706	0.01038	0.01204	0.00581	0.01578	0.00914	0.02408	0.00747	0.00872	0.00581	0.00498	0.00332	0.00166	0.00415	0.00291	0.00332	0.00581
6	0.01435	0.81458	0.02813	0.00918	0.01378	0.02124	0.00918	0.01607	0.01091	0.01263	0.00746	0.00861	0.00689	0.00459	0.00344	0.00115	0.00574	0.00287	0.00230	0.00689
7	0.00670	0.00545	0.00593	0.00581	0.00747	0.00468	0.00436	0.00839	0.01308	0.01650	0.25909	0.04838	0.56973	0.01285	0.00634	0.00178	0.00267	0.01087	0.00525	0.00468
8	0.00697	0.00534	0.00562	0.00562	0.00665	0.00482	0.00373	0.00775	0.01034	0.01275	0.03837	0.04459	0.45250	0.35456	0.01531	0.00326	0.00378	0.00982	0.00424	0.00398
9	0.81696	0.01056	0.00821	0.00727	0.01063	0.01222	0.00598	0.04479	0.00976	0.02446	0.00769	0.00888	0.00594	0.00504	0.00340	0.00166	0.00422	0.00298	0.00340	0.00594
10	0.00745	0.00548	0.00697	0.00660	0.00793	0.00500	0.00495	0.00984	0.01484	0.02069	0.68912	0.04148	0.13708	0.01129	0.00633	0.00170	0.00255	0.00990	0.00580	0.00500
11	0.01161	0.00837	0.00873	0.00805	0.01025	0.00922	0.00621	0.03974	0.36753	0.02130	0.04128	0.02192	0.05347	0.00723	0.00480	0.00157	0.00343	0.00594	0.36262	0.00673
12	0.00711	0.00529	0.00632	0.00652	0.00776	0.00470	0.00472	0.00869	0.01254	0.03116	0.25329	0.28104	0.32401	0.01370	0.00648	0.00189	0.00282	0.01196	0.00528	0.00472
13	0.01435	0.81458	0.02813	0.00918	0.01378	0.02124	0.00918	0.01607	0.01091	0.01263	0.00746	0.00861	0.00689	0.00459	0.00344	0.00115	0.00574	0.00287	0.00230	0.00689
14	0.00790	0.00578	0.00760	0.00793	0.00925	0.00548	0.00648	0.01026	0.01362	0.01834	0.36877	0.05024	0.12989	0.01294	0.00680	0.00204	0.00359	0.32277	0.00538	0.00495
15	0.01321	0.56335	0.26933	0.01114	0.01680	0.01844	0.01258	0.01637	0.01104	0.01402	0.00816	0.00948	0.00686	0.00475	0.00397	0.00132	0.00644	0.00322	0.00229	0.00722
16	0.07019	0.04027	0.08920	0.11504	0.22023	0.13521	0.08830	0.01858	0.01275	0.14283	0.01136	0.01316	0.00846	0.00529	0.00515	0.00162	0.00695	0.00457	0.00330	0.00753
17	0.31243	0.02028	0.45258	0.06526	0.01954	0.01228	0.01446	0.01634	0.01050	0.01933	0.00885	0.01059	0.00647	0.00508	0.00448	0.00169	0.00652	0.00364	0.00265	0.00704
18	0.01067	0.01093	0.06937	0.18573	0.13038	0.01069	0.05741	0.03498	0.10962	0.01746	0.11904	0.06525	0.09282	0.00792	0.00644	0.00180	0.05222	0.00687	0.00378	0.00661
19	0.00634	0.00544	0.00544	0.00544	0.00725	0.00453	0.00408	0.00770	0.01224	0.01450	0.05438	0.05166	0.77569	0.01359	0.00634	0.00181	0.00272	0.01133	0.00498	0.00453
20	0.01120	0.02673	0.72863	0.01504	0.02266	0.01264	0.01908	0.04322	0.03955	0.01778	0.01019	0.01171	0.00723	0.00523	0.00512	0.00170	0.00773	0.00407	0.00249	0.00800
21	0.00767	0.00574	0.00855	0.00855	0.00949	0.00667	0.00662	0.00954	0.00860	0.01241	0.01445	0.02147	0.01358	0.06098	0.76958	0.00853	0.01413	0.00581	0.00289	0.00475
22	0.00793	0.00604	0.00865	0.00853	0.00925	0.00706	0.00645	0.00947	0.00852	0.01221	0.01475	0.04728	0.01464	0.15971	0.59166	0.00745	0.06652	0.00630	0.00297	0.00461
23	0.01014	0.00954	0.01610	0.79845	0.03697	0.01193	0.01491	0.01371	0.01073	0.01371	0.00954	0.01431	0.00716	0.00537	0.00537	0.00179	0.00716	0.00477	0.00239	0.00596
24	0.02005	0.02558	0.01521	0.01383	0.01659	0.78980	0.01037	0.02143	0.01521	0.01314	0.00830	0.00968	0.00691	0.00553	0.00484	0.00138	0.00968	0.00346	0.00277	0.00622
25	0.84927	0.01038	0.00789	0.00706	0.01038	0.01204	0.00581	0.01578	0.00914	0.02408	0.00747	0.00872	0.00581	0.00498	0.00332	0.00166	0.00415	0.00291	0.00332	0.00581
26	0.01414	0.00988	0.01345	0.30010	0.04520	0.05768	0.01059	0.01674	0.01287	0.21972	0.13714	0.02037	0.04396	0.00721	0.00646	0.00175	0.06593	0.00589	0.00421	0.00670
27	0.01744	0.01260	0.01399	0.01068	0.01501	0.01278	0.00872	0.41570	0.07648	0.09550	0.01332	0.01339	0.00970	0.00579	0.00496	0.00139	0.00508	0.00448	0.00484	0.25816
28	0.00775	0.00553	0.00762	0.00886	0.00970	0.00540	0.00708	0.00956	0.01147	0.01506	0.02892	0.37995	0.03286	0.01568	0.00717	0.00235	0.00416	0.43124	0.00496	0.00469
29	0.84927	0.01038	0.00789	0.00706	0.01038	0.01204	0.00581	0.01578	0.00914	0.02408	0.00747	0.00872	0.00581	0.00498	0.00332	0.00166	0.00415	0.00291	0.00332	0.00581
30	0.00841	0.01265	0.25777	0.00936	0.01282	0.00736	0.00970	0.01192	0.01337	0.01883	0.40289	0.06053	0.13399	0.00964	0.00595	0.00173	0.00432	0.00828	0.00457	0.00589
31	0.02408	0.00914	0.01246	0.00955	0.01370	0.00789	0.00789	0.02616	0.01536	0.78158	0.02118	0.01827	0.01329	0.00664	0.00540	0.00166	0.00457	0.00540	0.00664	0.00914
32	0.00781	0.00520	0.00585	0.00585	0.00585	0.00520	0.00325	0.00781	0.00781	0.01041	0.01691	0.03513	0.01952	0.81135	0.02732	0.00520	0.00520	0.00781	0.00325	0.00325
33	0.01564	0.13270	0.06718	0.01786	0.23223	0.20601	0.01207	0.11150	0.07799	0.01816	0.01091	0.01248	0.00878	0.00601	0.01778	0.00161	0.00696	0.00427	0.03230	0.00757
34	0.01374	0.35546	0.02450	0.02279	0.45129	0.01638	0.01336	0.01630	0.01166	0.01544	0.00897	0.01129	0.00781	0.00470	0.00452	0.00140	0.00610	0.00397	0.00250	0.00781
35	0.00645	0.00503	0.00586	0.00653	0.00754	0.00444	0.00456	0.00758	0.01119	0.01407	0.04108	0.45712	0.37881	0.01532	0.00662	0.00201	0.00293	0.01344	0.00498	0.00444
36	0.01100	0.02615	0.69222	0.01619	0.02382	0.01260	0.10953	0.01702	0.01150	0.01702	0.00978	0.01172	0.00696	0.00503	0.00525	0.00171	0.00807	0.00425	0.00232	0.00785
37	0.01130	0.01065	0.01801	0.47288	0.32206	0.01203	0.01527	0.01468	0.01137	0.01528	0.01047	0.01567	0.00858	0.00550	0.00542	0.00174	0.00677	0.03280	0.00259	0.00690
38	0.84927	0.01038	0.00789	0.00706	0.01038	0.01204	0.00581	0.01578	0.00914	0.02408	0.00747	0.00872	0.00581	0.00498	0.00332	0.00166	0.00415	0.00291	0.00332	0.00581
39	0.01113	0.00954	0.01113	0.00795	0.01272	0.00716	0.00636	0.01352	0.01113	0.01749	0.00954	0.01113	0.00795	0.00398	0.00398	0.00080	0.00398	0.00318	0.00318	0.84417
40	0.82895	0.01050	0.00809	0.00719	0.01053	0.01215	0.00592	0.03402	0.00953	0.02432	0.00761	0.00882	0.00589	0.00502	0.00337	0.00166	0.00420	0.00295	0.00337	0.00589
41	0.00649	0.00517	0.00576	0.00618	0.00740	0.00451	0.00438	0.00768	0.01146	0.01422	0.05951	0.30947	0.47969	0.04391	0.00729	0.00206	0.00294	0.01251	0.00494	0.00444
42	0.01873	0.01171	0.01332	0.01087	0.01460	0.01248	0.00876	0.22576	0.32381	0.27083	0.01921	0.01753	0.01342	0.00685	0.00542	0.00171	0.00480	0.00552	0.00582	0.00887
43	0.00727	0.00498	0.00601	0.00655	0.00668	0.00484	0.00399	0.00766	0.00886	0.01182	0.02233	0.36539	0.02635	0.47177	0.01857	0.00391	0.00431	0.01099	0.00399	0.00373
44	0.00777	0.00536	0.00667	0.00667	0.00695	0.00565	0.00427	0.00833	0.00805	0.01101	0.01617	0.03100	0.01772	0.58465	0.25157	0.00621	0.00790	0.00720	0.00314	0.00371
45	0.01454	0.00943	0.01148	0.00837	0.01298	0.00735	0.00676	0.01685	0.01225	0.21873	0.01261	0.01301	0.00936	0.00468	0.00435	0.00102	0.00413	0.00376	0.00409	0.62425
46	0.02391	0.00942	0.01263	0.00968	0.01384	0.00831	0.00800	0.06114	0.01583	0.74594	0.02078	0.01801	0.01309	0.00663	0.00540	0.00166	0.00463	0.00537	0.00658	0.00913
47	0.00707	0.00547	0.00644	0.00620	0.00770	0.00484	0.00465	0.00911	0.01395	0.01856	0.47105	0.04497	0.35649	0.01208	0.00634	0.00174	0.00261	0.01039	0.00552	0.00484
48	0.02041	0.01504	0.01611	0.01235	0.01665	0.01665	0.01020	0.75997	0.02524	0.03383	0.01289	0.01289	0.00913	0.00644	0.00537	0.00161	0.00591	0.00483	0.00537	0.00913
49	0.00654	0.00467	0.00623	0.00747	0.00779	0.00436	0.00498	0.00747	0.01028	0.01370	0.02959	0.80785	0.03550	0.01682	0.00685	0.00218	0.00311	0.01526	0.00498	0.00436
50	0.49644	0.01008	0.00998	0.00823	0.01192	0.01061	0.00679	0.04882	0.01218	0.31869	0.01301	0.01259	0.00885	0.00568	0.00421	0.00166	0.00438	0.00395	0.00469	0.00723
51	0.00766	0.00551	0.00757	0.00763	0.00823	0.00609	0.00545	0.00888	0.00842	0.01182	0.01595	0.06248	0.01653	0.30281	0.49286	0.00716	0.01072	0.00690	0.00310	0.00425
52	0.05616	0.01971	0.01374	0.01245	0.01534	0.46839	0.00947	0.02378	0.29154	0.01707	0.01324	0.01344	0.01034	0.00615	0.00500	0.00156	0.00743	0.00439	0.00378	0.00704
53	0.01339	0.35644	0.03016	0.01688	0.02195	0.01685	0.43817	0.01672	0.01192	0.01524	0.00941	0.01197	0.00761	0.00455	0.00510	0.00153	0.00764	0.00485	0.00254	0.00709
54	0.43586	0.01270	0.01199	0.00970	0.01351	0.01434	0.00800	0.38695	0.01717	0.02894	0.01017	0.01080	0.00747	0.00571	0.00434	0.00164	0.00503	0.00387	0.00434	0.00747
55	0.00679	0.00510	0.00630	0.00675	0.00772	0.00461	0.00478	0.00830	0.01219	0.01615	0.24997	0.39518	0.22796	0.01432	0.00657	0.00195	0.00285	0.01267	0.00525	0.00461
56	0.03992	0.01573	0.17205	0.01566	0.02049	0.01321	0.26643	0.02195	0.33519	0.01963	0.01520	0.01604	0.01132	0.00583	0.00562	0.00179	0.00662	0.00564	0.00382	0.00787
57	0.02188	0.00865	0.01175	0.00918	0.01294	0.00751	0.00751	0.02401	0.01534	0.67983	0.12210	0.02119	0.01829	0.00722	0.00552	0.00166	0.00430	0.00598	0.00655	0.00859
58	0.02005	0.02558	0.01521	0.01383	0.01659	0.78980	0.01037	0.02143	0.01521	0.01314	0.00830	0.00968	0.00691	0.00553	0.00484	0.00138	0.00968	0.00346	0.00277	0.00622
59	0.00781	0.00520	0.00585	0.00585	0.00585	0.00520	0.00325	0.00781	0.00781	0.01041	0.01691	0.03513	0.01952	0.81135	0.02732	0.00520	0.00520	0.00781	0.00325	0.00325
60	0.84927	0.01038	0.00789	0.00706	0.01038	0.01204	0.00581	0.01578	0.00914	0.02408	0.00747	0.00872	0.00581	0.00498	0.00332	0.00166	0.00415	0.00291	0.00332	0.00581
61	0.37446	0.01909	0.01208	0.01094	0.01394	0.45739	0.00842	0.01902	0.01261	0.01782	0.00795	0.00927	0.00644	0.00530	0.00419	0.00150	0.00732	0.00322	0.00300	0.00605
62	0.01519	0.01236	0.01519	0.30089	0.02346	0.04058	0.01172	0.36047	0.04147	0.02354	0.01337	0.01841	0.01079	0.00690	0.00556	0.00176	0.00635	0.08041	0.00414	0.00742
63	0.01113	0.00954	0.01113	0.00795	0.01272	0.00716	0.00636	0.01352	0.01113	0.01749	0.00954	0.01113	0.00795	0.00398	0.00398	0.00080	0.00398	0.00318	0.00318	0.84417
64	0.00774	0.00518	0.00587	0.00594	0.00596	0.00516	0.00335	0.00779	0.00794	0.01058	0.01759	0.07643	0.02037	0.76888	0.02623	0.00504	0.00509	0.00820	0.00335	0.00331
65	0.01084	0.00963	0.01567	0.16929	0.35516	0.01002	0.01279	0.01384	0.01239	0.01705	0.12303	0.02793	0.01929	0.00804	0.00594	0.00184	0.00565	0.17128	0.00358	0.00673
66	0.00899	0.00769	0.01115	0.01039	0.01104	0.00985	0.00834	0.01066	0.00850	0.01261	0.01201	0.01807	0.01136	0.03029	0.54047	0.00660	0.26873	0.00541	0.00271	0.00514
67	0.01113	0.00954	0.01113	0.00795	0.01272	0.00716	0.00636	0.01352	0.01113	0.01749	0.00954	0.01113	0.00795	0.00398	0.00398	0.00080	0.00398	0.00318	0.00318	0.84417
68	0.00788	0.00557	0.00703	0.00665	0.00807	0.00505	0.00499	0.01016	0.01459	0.04394	0.61410	0.06193	0.16711	0.01142	0.00632	0.00172	0.00264	0.00999	0.00576	0.00509
69	0.01405	0.04865	0.33513	0.01220	0.01759	0.04841	0.02758	0.04186	0.01276	0.16711	0.03374	0.05264	0.01140	0.00629	0.00537	0.00159	0.02165	0.02020	0.00367	0.11810
70	0.59630	0.04018	0.01078	0.18994	0.01686	0.03936	0.00819	0.01551	0.00978	0.02089	0.00798	0.01004	0.00620	0.00508	0.00385	0.00166	0.00510	0.00335	0.00305	0.00590
71	0.00774	0.00549	0.00728	0.00728	0.00778	0.00598	0.00503	0.00872	0.00823	0.01147	0.01561	0.02789	0.01637	0.41391	0.42047	0.00697	0.00993	0.00675	0.00306	0.00405
72	0.01165	0.01163	0.02193	0.10878	0.29123	0.01155	0.27370	0.01507	0.01204	0.01649	0.01384	0.09571	0.01286	0.00683	0.00601	0.00183	0.00695	0.07178	0.00308	0.00706
73	0.01107	0.00930	0.01080	0.00779	0.01238	0.00704	0.00622	0.01346	0.01114	0.01763	0.00997	0.01161	0.00826	0.00410	0.00396	0.00082	0.00390	0.00328	0.04797	0.79931
74	0.00651	0.00480	0.00609	0.00713	0.00769	0.00439	0.00483	0.00751	0.01061	0.01384	0.03381	0.67915	0.16147	0.01627	0.00677	0.00212	0.00305	0.01459	0.00498	0.00439
75	0.01091	0.01084	0.02157	0.01704	0.02063	0.01033	0.42945	0.01453	0.01253	0.01670	0.01856	0.03469	0.01812	0.00905	0.00681	0.00210	0.00725	0.32897	0.00369	0.00623
76	0.01828	0.07248	0.17597	0.01072	0.01543	0.03846	0.01036	0.04063	0.01382	0.41403	0.01687	0.06929	0.01228	0.00665	0.00518	0.00160	0.00545	0.00536	0.00489	0.06225
77	0.01383	0.01049	0.04164	0.28907	0.12434	0.01007	0.02434	0.01709	0.02638	0.18371	0.04047	0.01539	0.01060	0.00552	0.00515	0.00154	0.00572	0.00481	0.00369	0.16616
78	0.01113	0.00954	0.01113	0.00795	0.01272	0.00716	0.00636	0.01352	0.01113	0.01749	0.00954	0.01113	0.00795	0.00398	0.00398	0.00080	0.00398	0.00318	0.00318	0.84417
79	0.00995	0.11421	0.04670	0.00873	0.04029	0.09233	0.00692	0.01221	0.04114	0.02865	0.05049	0.05851	0.44931	0.01050	0.00567	0.00167	0.00435	0.00856	0.00425	0.00557
80	0.00784	0.00629	0.00908	0.01020	0.08889	0.00587	0.03546	0.00978	0.01260	0.01717	0.29975	0.31982	0.13148	0.01256	0.00642	0.00188	0.00342	0.01131	0.00499	0.00518
81	0.01358	0.01161	0.05111	0.12387	0.29692	0.06548	0.01209	0.01619	0.01239	0.14228	0.03001	0.17070	0.01503	0.00772	0.00561	0.00174	0.00578	0.00690	0.00379	0.00720
82	0.00658	0.00470	0.00626	0.00745	0.00779	0.00439	0.00499	0.00757	0.01046	0.01399	0.05690	0.77972	0.03606	0.01660	0.00683	0.00216	0.00309	0.01506	0.00502	0.00439
83	0.01001	0.00947	0.01755	0.26407	0.02349	0.01028	0.22942	0.01319	0.01056	0.01448	0.01199	0.01733	0.01006	0.03839	0.25976	0.00408	0.00981	0.00564	0.03456	0.00585
84	0.01175	0.01219	0.02372	0.33780	0.15807	0.01277	0.33293	0.01567	0.01181	0.01585	0.01020	0.01421	0.00781	0.00491	0.00577	0.00177	0.00783	0.00544	0.00257	0.00694
85	0.02378	0.00933	0.01254	0.00965	0.01378	0.00821	0.00796	0.04419	0.03026	0.74848	0.02099	0.01817	0.01325	0.00665	0.00540	0.00166	0.00459	0.00540	0.00659	0.00912
86	0.01600	0.42652	0.11767	0.01165	0.01599	0.30248	0.01095	0.01816	0.01254	0.01336	0.00804	0.00934	0.00689	0.00500	0.00416	0.00130	0.00746	0.00322	0.00247	0.00677
87	0.00760	0.00489	0.00596	0.00667	0.00740	0.00467	0.00465	0.00910	0.01080	0.01579	0.05542	0.47812	0.07406	0.01431	0.03645	0.00213	0.00333	0.01152	0.24253	0.00460
88	0.00652	0.00474	0.00616	0.00729	0.00774	0.00438	0.00490	0.00750	0.01046	0.01378	0.03186	0.73852	0.10336	0.01652	0.00680	0.00215	0.00308	0.01490	0.00498	0.00438
89	0.00715	0.00513	0.00692	0.00813	0.00875	0.00490	0.00603	0.00855	0.01094	0.01442	0.02990	0.56863	0.05384	0.01615	0.00700	0.00226	0.00364	0.22815	0.00497	0.00454
90	0.13537	0.10108	0.09810	0.01821	0.23282	0.23215	0.04143	0.03791	0.02553	0.01718	0.00919	0.01108	0.00746	0.00511	0.00472	0.00152	0.00714	0.00394	0.00283	0.00722
91	0.00776	0.00572	0.00849	0.00849	0.00946	0.00664	0.00660	0.00970	0.00873	0.01275	0.01450	0.02105	0.01343	0.03897	0.76017	0.00835	0.01393	0.00572	0.03476	0.00480
