[name]
unknown

[dist]
# distance from previous block
# <min> <max>
0	181

[block]
# block no. 0 follows, 50 sequences, length 20
# corresponding to MSA columns:
# 258-277
name=unknown_A
#
# <colnr> <probs for GDERKNQSTAVLIFYWHMCP>
#	G	D	E	R	K	N	Q	S	T	A	V	L	I	F	Y	W	H	M	C	P
0	0.00770	0.00549	0.00708	0.02532	0.00848	0.00536	0.00525	0.00921	0.01121	0.05001	0.26173	0.24655	0.13245	0.09196	0.00842	0.00209	0.04396	0.05427	0.00459	0.01887
1	0.01210	0.01302	0.08192	0.06695	0.61561	0.02567	0.04213	0.01585	0.04832	0.01620	0.00983	0.01252	0.00802	0.00461	0.00495	0.00151	0.00612	0.00447	0.00255	0.00766
2	0.00888	0.00806	0.04773	0.00858	0.01010	0.05190	0.00694	0.06169	0.06686	0.01559	0.07686	0.31863	0.05046	0.03455	0.03223	0.00219	0.00445	0.18486	0.00438	0.00504
3	0.13395	0.00973	0.01392	0.13823	0.17056	0.01038	0.04280	0.05437	0.01157	0.20734	0.02972	0.01485	0.00992	0.05998	0.00702	0.00182	0.06882	0.00468	0.00363	0.00671
4	0.01302	0.01159	0.01739	0.25779	0.39370	0.03329	0.01352	0.15058	0.01323	0.03369	0.00985	0.01256	0.00768	0.00493	0.00495	0.00153	0.00611	0.00442	0.00292	0.00726
5	0.03515	0.01229	0.01412	0.03978	0.14246	0.03876	0.00959	0.44104	0.06435	0.02469	0.01221	0.01393	0.00945	0.05229	0.00598	0.00167	0.00532	0.00463	0.06479	0.00751
6	0.01281	0.40349	0.23580	0.01217	0.01725	0.03781	0.12616	0.01594	0.01079	0.05820	0.00869	0.01009	0.00689	0.00460	0.00439	0.00135	0.02076	0.00360	0.00243	0.00679
7	0.00810	0.00605	0.00768	0.00744	0.00869	0.00629	0.00565	0.06454	0.05563	0.01625	0.24140	0.11848	0.08283	0.07123	0.23221	0.00369	0.00612	0.04859	0.00427	0.00486
8	0.16329	0.01004	0.01345	0.06997	0.28933	0.01060	0.00992	0.11227	0.04526	0.05197	0.06481	0.03267	0.05267	0.04605	0.00577	0.00171	0.00486	0.00516	0.00353	0.00667
9	0.00948	0.00896	0.01497	0.77537	0.03333	0.01127	0.01371	0.01270	0.00986	0.01270	0.00875	0.01318	0.00664	0.00516	0.00552	0.00169	0.04456	0.00443	0.00221	0.00553
10	0.00616	0.00437	0.00576	0.00683	0.00710	0.00410	0.00451	0.00696	0.00938	0.01251	0.02663	0.76522	0.03191	0.07342	0.00772	0.00222	0.00303	0.01368	0.00451	0.00398
11	0.00636	0.00469	0.00592	0.00673	0.00741	0.00434	0.00478	0.00749	0.01020	0.01328	0.06396	0.51110	0.17872	0.05524	0.00727	0.00211	0.00309	0.09861	0.00458	0.00412
12	0.22183	0.01257	0.04841	0.07032	0.01556	0.02937	0.03385	0.30814	0.06617	0.03511	0.01026	0.01143	0.00770	0.00583	0.00588	0.00162	0.10114	0.00410	0.00375	0.00695
13	0.00653	0.00461	0.00601	0.00696	0.00731	0.00440	0.00478	0.00743	0.00938	0.01246	0.02524	0.58276	0.02977	0.15956	0.00982	0.00256	0.00346	0.10869	0.00434	0.00393
14	0.01634	0.00823	0.01048	0.00893	0.01185	0.00796	0.00730	0.04144	0.16123	0.41472	0.11063	0.02565	0.01939	0.00794	0.00542	0.00169	0.00405	0.12383	0.00560	0.00732
15	0.01289	0.01144	0.01903	0.06355	0.63235	0.01155	0.03413	0.01657	0.06285	0.07079	0.01081	0.01315	0.00862	0.00473	0.00498	0.00151	0.00577	0.00460	0.00289	0.00780
16	0.01588	0.06896	0.11591	0.03792	0.05526	0.05079	0.01057	0.40933	0.05364	0.04906	0.01120	0.01178	0.00823	0.00542	0.00471	0.00142	0.00568	0.00415	0.00398	0.07609
17	0.01000	0.02578	0.79900	0.01421	0.02157	0.01158	0.01842	0.01579	0.01052	0.01579	0.00895	0.01052	0.00631	0.00474	0.00474	0.00158	0.00737	0.00368	0.00210	0.00737
18	0.01167	0.01140	0.01999	0.07487	0.60520	0.01138	0.10414	0.01468	0.01132	0.01585	0.01216	0.01489	0.05982	0.00499	0.00511	0.00153	0.00603	0.00501	0.00260	0.00737
19	0.06478	0.00473	0.00650	0.00666	0.00695	0.00479	0.00458	0.00724	0.00726	0.01040	0.01199	0.13571	0.01278	0.01609	0.01598	0.64050	0.00409	0.03351	0.00268	0.00275

[dist]
# distance from previous block
# <min> <max>
3	16

[block]
# block no. 1 follows, 50 sequences, length 31
# corresponding to MSA columns:
# 294-298,301-326
name=unknown_B
#
# <colnr> <probs for GDERKNQSTAVLIFYWHMCP>
#	G	D	E	R	K	N	Q	S	T	A	V	L	I	F	Y	W	H	M	C	P
0	0.33327	0.00841	0.00904	0.00764	0.01066	0.00851	0.00620	0.01799	0.03857	0.34396	0.04215	0.03453	0.04404	0.03844	0.00525	0.00172	0.00396	0.03445	0.00467	0.00655
1	0.56199	0.00923	0.00884	0.00738	0.01074	0.00981	0.00608	0.01808	0.01054	0.29804	0.01147	0.01125	0.00787	0.00518	0.00377	0.00154	0.00399	0.00352	0.00418	0.00650
2	0.00625	0.00504	0.00552	0.00566	0.00707	0.00439	0.00424	0.00762	0.01136	0.01407	0.12585	0.10735	0.56239	0.04577	0.00680	0.00187	0.00278	0.06709	0.00465	0.00423
3	0.55161	0.00915	0.00833	0.00724	0.01020	0.01004	0.00586	0.08007	0.01082	0.13328	0.01274	0.07483	0.04097	0.00617	0.00390	0.00157	0.00389	0.00443	0.01896	0.00594
4	0.00929	0.00465	0.00465	0.00465	0.00581	0.00465	0.00348	0.01161	0.01045	0.01858	0.01626	0.01858	0.01278	0.00581	0.00348	0.00116	0.00232	0.00465	0.85250	0.00465
5	0.00607	0.00434	0.00578	0.00694	0.00723	0.00405	0.00463	0.00694	0.00954	0.01272	0.02747	0.82157	0.03297	0.01562	0.00636	0.00202	0.00289	0.01417	0.00463	0.00405
6	0.00680	0.00503	0.00579	0.00560	0.00698	0.00449	0.00420	0.00870	0.01259	0.01714	0.40445	0.03978	0.35247	0.01075	0.00564	0.00157	0.00242	0.00919	0.09192	0.00449
7	0.00645	0.00504	0.00585	0.00572	0.00709	0.00444	0.00426	0.00821	0.01258	0.01652	0.40045	0.07864	0.40368	0.01161	0.00591	0.00164	0.00246	0.00997	0.00504	0.00444
8	0.01895	0.01396	0.01496	0.01147	0.01546	0.01546	0.00947	0.77711	0.02344	0.03141	0.01197	0.01197	0.00848	0.00598	0.00499	0.00150	0.00548	0.00449	0.00499	0.00848
9	0.01895	0.01396	0.01496	0.01147	0.01546	0.01546	0.00947	0.77711	0.02344	0.03141	0.01197	0.01197	0.00848	0.00598	0.00499	0.00150	0.00548	0.00449	0.00499	0.00848
10	0.06596	0.00951	0.01168	0.00914	0.01276	0.00920	0.00750	0.17314	0.04736	0.51922	0.06810	0.01688	0.01358	0.00634	0.00496	0.00154	0.00433	0.00507	0.00568	0.00804
11	0.00601	0.00505	0.00521	0.00517	0.00681	0.00426	0.00388	0.00738	0.01164	0.01413	0.12638	0.04687	0.71541	0.01237	0.00589	0.00167	0.00251	0.01037	0.00472	0.00426
12	0.01263	0.01082	0.01140	0.01019	0.01305	0.01251	0.00795	0.05286	0.75798	0.02122	0.02000	0.01836	0.01498	0.00674	0.00507	0.00168	0.00400	0.00560	0.00507	0.00791
13	0.00783	0.00559	0.00780	0.00895	0.01001	0.00556	0.00768	0.00998	0.01128	0.01469	0.02650	0.13465	0.02912	0.01396	0.00683	0.00227	0.00442	0.68374	0.00459	0.00453
14	0.10527	0.01268	0.01358	0.01058	0.01440	0.01385	0.00871	0.56985	0.05521	0.12680	0.01280	0.01250	0.00895	0.00590	0.00480	0.00152	0.00509	0.00442	0.00494	0.00814
15	0.00701	0.00509	0.00660	0.00622	0.00742	0.00468	0.00467	0.00932	0.01400	0.01973	0.76221	0.03765	0.07608	0.01029	0.00588	0.00157	0.00236	0.00907	0.00545	0.00468
16	0.01034	0.00886	0.01034	0.00738	0.01181	0.00664	0.00591	0.01255	0.01034	0.01624	0.00886	0.01034	0.00738	0.00369	0.00369	0.00074	0.00369	0.00295	0.00295	0.85530
17	0.00757	0.00550	0.00705	0.00705	0.00728	0.00603	0.00485	0.00809	0.00791	0.01083	0.01624	0.12636	0.01822	0.44479	0.12871	0.04298	0.08882	0.05492	0.00314	0.00365
18	0.24542	0.00713	0.00762	0.00668	0.00859	0.00723	0.00488	0.01388	0.00969	0.22224	0.04231	0.02190	0.01414	0.35326	0.01315	0.00294	0.00432	0.00547	0.00396	0.00518
19	0.00604	0.00446	0.00566	0.00663	0.00715	0.00407	0.00449	0.00698	0.00984	0.01285	0.03128	0.69369	0.15839	0.01512	0.00628	0.00197	0.00283	0.01357	0.00463	0.00407
20	0.86003	0.00964	0.00733	0.00655	0.00964	0.01118	0.00540	0.01465	0.00848	0.02236	0.00694	0.00810	0.00540	0.00463	0.00308	0.00154	0.00386	0.00270	0.00308	0.00540
21	0.01203	0.01149	0.01958	0.06174	0.73877	0.01157	0.01491	0.01494	0.01124	0.01603	0.00991	0.03709	0.00861	0.00480	0.00498	0.00150	0.00586	0.00474	0.00252	0.00768
22	0.00708	0.00566	0.00641	0.00612	0.00770	0.00528	0.00462	0.01016	0.09330	0.01711	0.37320	0.04018	0.38300	0.01094	0.00580	0.00163	0.00260	0.00935	0.00505	0.00481
23	0.00632	0.00479	0.00587	0.00650	0.00741	0.00434	0.00472	0.00762	0.01081	0.01396	0.11624	0.41375	0.27493	0.01390	0.00621	0.00189	0.00289	0.08890	0.00472	0.00422
24	0.01333	0.82783	0.02612	0.00853	0.01279	0.01972	0.00853	0.01493	0.01013	0.01173	0.00693	0.00800	0.00640	0.00426	0.00320	0.00107	0.00533	0.00267	0.00213	0.00640
25	0.00769	0.00569	0.00674	0.00663	0.00820	0.00530	0.00518	0.01039	0.06705	0.04635	0.28262	0.05639	0.33408	0.01141	0.00596	0.00174	0.00296	0.12578	0.00499	0.00485
26	0.00649	0.00512	0.00588	0.00582	0.00727	0.00451	0.00445	0.00824	0.01241	0.01604	0.32944	0.04451	0.45310	0.01179	0.00596	0.00168	0.00261	0.06531	0.00495	0.00442
27	0.00720	0.00498	0.00619	0.00615	0.00649	0.00516	0.00398	0.00787	0.00814	0.01119	0.09458	0.02990	0.01970	0.54842	0.21441	0.00528	0.00667	0.00696	0.00319	0.00354
28	0.01651	0.17701	0.01591	0.01211	0.07287	0.28867	0.00923	0.07958	0.03324	0.14671	0.01227	0.01571	0.01020	0.00608	0.00466	0.00143	0.00637	0.08123	0.00355	0.00667
29	0.03856	0.11641	0.01920	0.02277	0.49959	0.01342	0.01276	0.13282	0.06414	0.01850	0.01011	0.01201	0.00820	0.00481	0.00467	0.00145	0.00559	0.00425	0.00300	0.00772
30	0.05776	0.13492	0.09039	0.01342	0.10558	0.11295	0.01065	0.31002	0.01590	0.05069	0.00991	0.01087	0.00755	0.00539	0.00506	0.00145	0.04268	0.00391	0.00353	0.00738

[dist]
# distance from previous block
# <min> <max>
0	6

[block]
# block no. 2 follows, 50 sequences, length 33
# corresponding to MSA columns:
# 333-365
name=unknown_C
#
# <colnr> <probs for GDERKNQSTAVLIFYWHMCP>
#	G	D	E	R	K	N	Q	S	T	A	V	L	I	F	Y	W	H	M	C	P
0	0.01343	0.03003	0.07955	0.02410	0.05499	0.00889	0.11092	0.07764	0.01265	0.21446	0.03845	0.02346	0.07454	0.08696	0.00728	0.00193	0.00520	0.08694	0.00413	0.04445
1	0.02017	0.01000	0.01204	0.00949	0.01314	0.03291	0.00774	0.14677	0.10324	0.54058	0.03819	0.01663	0.01276	0.00628	0.00502	0.00154	0.00450	0.00505	0.00573	0.00824
2	0.00861	0.00870	0.08745	0.04838	0.16850	0.00730	0.00969	0.01110	0.01107	0.01503	0.07395	0.19901	0.04591	0.01074	0.00599	0.00191	0.00465	0.27267	0.00389	0.00545
3	0.02943	0.10793	0.34438	0.01288	0.06074	0.03399	0.04683	0.04765	0.03328	0.16296	0.05106	0.01323	0.01001	0.00529	0.00470	0.00149	0.00602	0.00427	0.00332	0.02053
4	0.04224	0.04857	0.01887	0.12732	0.52135	0.05371	0.03318	0.05488	0.02314	0.01647	0.00934	0.01204	0.00763	0.00465	0.00480	0.00149	0.00609	0.00429	0.00262	0.00733
5	0.00626	0.00447	0.00600	0.00716	0.00753	0.00421	0.00496	0.00727	0.00973	0.01294	0.02737	0.74676	0.03255	0.01544	0.00641	0.00205	0.00306	0.08709	0.00462	0.00410
6	0.13541	0.14054	0.01787	0.16061	0.22845	0.06091	0.05671	0.03707	0.01067	0.01557	0.00828	0.01092	0.00685	0.00503	0.00555	0.00153	0.08513	0.00391	0.00251	0.00645
7	0.05684	0.18969	0.22374	0.01411	0.03881	0.04305	0.18106	0.08978	0.01175	0.01636	0.00870	0.01067	0.00684	0.00502	0.00569	0.00153	0.08295	0.00405	0.00257	0.00680
8	0.00720	0.00503	0.00646	0.00646	0.00682	0.00539	0.00430	0.00791	0.00755	0.01042	0.01477	0.02742	0.01587	0.51112	0.33599	0.00610	0.00823	0.00649	0.00288	0.00359
9	0.01423	0.00979	0.01039	0.00848	0.01110	0.01057	0.00674	0.43058	0.01730	0.02452	0.01538	0.01764	0.04572	0.08627	0.00655	0.00173	0.00431	0.00508	0.26706	0.00657
10	0.00874	0.00561	0.00754	0.00844	0.04896	0.00531	0.00577	0.01028	0.02530	0.10136	0.06159	0.41896	0.07125	0.09225	0.00799	0.00220	0.00358	0.10546	0.00458	0.00483
11	0.00735	0.00573	0.00746	0.00738	0.00882	0.00530	0.04524	0.00938	0.04544	0.03436	0.05318	0.26147	0.33214	0.03574	0.00666	0.00195	0.00340	0.11985	0.00455	0.00460
12	0.00607	0.00434	0.00578	0.00694	0.00723	0.00405	0.00463	0.00694	0.00954	0.01272	0.02747	0.82157	0.03297	0.01562	0.00636	0.00202	0.00289	0.01417	0.00463	0.00405
13	0.12181	0.00594	0.00644	0.00624	0.00746	0.00594	0.00437	0.03196	0.00984	0.07969	0.03955	0.18570	0.09438	0.27170	0.01151	0.00267	0.00372	0.00784	0.09875	0.00449
14	0.62849	0.00858	0.00740	0.00661	0.00927	0.00959	0.00530	0.01422	0.00917	0.08125	0.05241	0.01189	0.00909	0.02186	0.00506	0.06512	0.00379	0.00353	0.04211	0.00528
15	0.00626	0.00503	0.00558	0.00552	0.00698	0.00435	0.00411	0.00783	0.01211	0.01543	0.27695	0.08508	0.52317	0.01203	0.00591	0.00167	0.00249	0.01025	0.00489	0.00435
16	0.00725	0.00483	0.00544	0.00544	0.00544	0.00483	0.00302	0.00725	0.00725	0.00966	0.01571	0.03262	0.01812	0.82483	0.02537	0.00483	0.00483	0.00725	0.00302	0.00302
17	0.00653	0.00489	0.00605	0.00615	0.00722	0.00442	0.00447	0.00824	0.01229	0.01658	0.41935	0.24092	0.22033	0.01216	0.00601	0.00171	0.00253	0.01069	0.00506	0.00442
18	0.00763	0.00505	0.00609	0.00636	0.00758	0.00445	0.00456	0.00881	0.01088	0.08995	0.06206	0.40889	0.33264	0.01332	0.00603	0.00183	0.00286	0.01165	0.00481	0.00457
19	0.86003	0.00964	0.00733	0.00655	0.00964	0.01118	0.00540	0.01465	0.00848	0.02236	0.00694	0.00810	0.00540	0.00463	0.00308	0.00154	0.00386	0.00270	0.00308	0.00540
20	0.77815	0.00953	0.00774	0.00678	0.00994	0.01080	0.00559	0.01559	0.00905	0.09810	0.00818	0.00896	0.00608	0.00478	0.00327	0.00154	0.00389	0.00293	0.00339	0.00570
21	0.00639	0.00456	0.00569	0.00639	0.00685	0.00426	0.00424	0.00729	0.00970	0.01293	0.08536	0.52852	0.11084	0.15578	0.00954	0.00243	0.00314	0.01201	0.02012	0.00395
22	0.02078	0.00907	0.01169	0.00918	0.01289	0.00845	0.00751	0.06170	0.12407	0.64927	0.01937	0.01695	0.01256	0.00624	0.00502	0.00156	0.00426	0.00508	0.00596	0.00840
23	0.01862	0.02376	0.01413	0.01284	0.01541	0.80482	0.00963	0.01990	0.01413	0.01220	0.00770	0.00899	0.00642	0.00514	0.00449	0.00128	0.00899	0.00321	0.00257	0.00578
24	0.00717	0.00486	0.00575	0.00581	0.00592	0.00495	0.00347	0.00742	0.00745	0.01004	0.01605	0.07235	0.01825	0.69314	0.11292	0.00505	0.00570	0.00739	0.00306	0.00324
25	0.41608	0.00896	0.00912	0.00766	0.01074	0.00937	0.00617	0.06948	0.01151	0.28931	0.01341	0.06329	0.01037	0.04806	0.00523	0.00174	0.00409	0.00457	0.00437	0.00647
26	0.00941	0.00886	0.01495	0.81285	0.03433	0.01107	0.01384	0.01274	0.00997	0.01274	0.00886	0.01329	0.00664	0.00498	0.00498	0.00166	0.00664	0.00443	0.00221	0.00554
27	0.00689	0.00509	0.00643	0.00609	0.00734	0.00463	0.00457	0.00908	0.01371	0.01905	0.68436	0.03878	0.15436	0.01054	0.00588	0.00158	0.00238	0.00923	0.00536	0.00463
28	0.00763	0.00606	0.00889	0.00860	0.00934	0.00738	0.00675	0.00926	0.00794	0.01157	0.01252	0.01885	0.01186	0.05877	0.67565	0.00714	0.11937	0.00527	0.00262	0.00454
29	0.00622	0.00443	0.00587	0.00696	0.00727	0.00417	0.00469	0.00711	0.00951	0.01266	0.02680	0.74539	0.03199	0.05862	0.00740	0.00219	0.00307	0.04711	0.00454	0.00402
30	0.00733	0.00492	0.00569	0.00580	0.00591	0.00492	0.00351	0.00755	0.00766	0.01018	0.01675	0.03493	0.01915	0.74554	0.02356	0.00458	0.00481	0.08085	0.00317	0.00317
31	0.36703	0.01637	0.01144	0.01002	0.01303	0.35167	0.00785	0.13723	0.01326	0.01944	0.00806	0.00909	0.00632	0.00506	0.00399	0.00142	0.00631	0.00320	0.00316	0.00605
32	0.01833	0.01753	0.01406	0.01179	0.01504	0.35199	0.00927	0.33886	0.09545	0.06215	0.01138	0.01162	0.00848	0.00571	0.00479	0.00143	0.00676	0.00408	0.00402	0.00727

[dist]
# distance from previous block
# <min> <max>
0	15

[block]
# block no. 3 follows, 50 sequences, length 353
# corresponding to MSA columns:
# 381-408,411-469,474-485,491-548,571-577,584-636,643-683,685-752,756-782
name=unknown_D
#
# <colnr> <probs for GDERKNQSTAVLIFYWHMCP>
#	G	D	E	R	K	N	Q	S	T	A	V	L	I	F	Y	W	H	M	C	P
0	0.00607	0.00434	0.00578	0.00694	0.00723	0.00405	0.00463	0.00694	0.00954	0.01272	0.02747	0.82157	0.03297	0.01562	0.00636	0.00202	0.00289	0.01417	0.00463	0.00405
1	0.00941	0.00886	0.01495	0.81285	0.03433	0.01107	0.01384	0.01274	0.00997	0.01274	0.00886	0.01329	0.00664	0.00498	0.00498	0.00166	0.00664	0.00443	0.00221	0.00554
2	0.00598	0.00508	0.00517	0.00521	0.00688	0.00427	0.00396	0.00728	0.01137	0.01352	0.04953	0.04830	0.76124	0.01267	0.00593	0.00171	0.00261	0.04045	0.00463	0.00422
3	0.00858	0.00670	0.00798	0.00738	0.00902	0.00690	0.00561	0.01429	0.23423	0.02023	0.57092	0.03191	0.03794	0.00921	0.00565	0.00160	0.00281	0.00805	0.00537	0.00561
4	0.01077	0.01028	0.01747	0.44350	0.33872	0.01148	0.04141	0.01434	0.03618	0.01455	0.00949	0.01309	0.00746	0.00480	0.00500	0.00159	0.00633	0.00453	0.00242	0.00661
5	0.01361	0.33190	0.01888	0.18851	0.01836	0.23274	0.02846	0.03743	0.01158	0.01281	0.00903	0.05849	0.00814	0.00539	0.00426	0.00134	0.00656	0.00403	0.00251	0.00596
6	0.00603	0.00451	0.00561	0.00649	0.00711	0.00409	0.00443	0.00699	0.00997	0.01290	0.03294	0.63782	0.21319	0.01491	0.00625	0.00194	0.00280	0.01330	0.00463	0.00409
7	0.00941	0.00886	0.01495	0.81285	0.03433	0.01107	0.01384	0.01274	0.00997	0.01274	0.00886	0.01329	0.00664	0.00498	0.00498	0.00166	0.00664	0.00443	0.00221	0.00554
8	0.01758	0.01270	0.05386	0.01113	0.01492	0.01280	0.03450	0.47046	0.05747	0.16995	0.01442	0.06319	0.01086	0.00659	0.00537	0.00157	0.02451	0.00524	0.00489	0.00799
9	0.01118	0.02823	0.01655	0.40295	0.30495	0.08037	0.01342	0.01404	0.01081	0.01395	0.00985	0.05349	0.00841	0.00533	0.00496	0.00157	0.00637	0.00478	0.00246	0.00635
10	0.00643	0.00463	0.00610	0.00673	0.00735	0.00430	0.00470	0.00782	0.01112	0.01518	0.28090	0.53441	0.05021	0.01373	0.00620	0.00187	0.00274	0.02637	0.00491	0.00428
11	0.00712	0.00534	0.00801	0.00801	0.00890	0.00623	0.00623	0.00890	0.00801	0.01157	0.01335	0.01958	0.01246	0.03738	0.80507	0.00801	0.01335	0.00534	0.00267	0.00445
12	0.01219	0.03771	0.01604	0.48861	0.13505	0.02665	0.01284	0.17951	0.01317	0.01725	0.00952	0.01262	0.00721	0.00510	0.00491	0.00157	0.00629	0.00436	0.00286	0.00654
13	0.01653	0.01171	0.01398	0.18485	0.01874	0.01302	0.00986	0.45791	0.05915	0.11094	0.01275	0.01342	0.00903	0.00582	0.00493	0.00153	0.00539	0.00460	0.03818	0.00766
14	0.00781	0.00566	0.00773	0.00873	0.00993	0.00557	0.00757	0.01002	0.01153	0.01491	0.04792	0.05500	0.09796	0.01358	0.00677	0.00222	0.00435	0.67357	0.00462	0.00456
15	0.00646	0.00471	0.00614	0.00718	0.00762	0.00453	0.00491	0.00804	0.04895	0.01321	0.02707	0.75553	0.03192	0.01511	0.00631	0.00202	0.00300	0.03838	0.00465	0.00426
16	0.01281	0.01328	0.01114	0.01126	0.03821	0.30712	0.00865	0.07132	0.01306	0.01486	0.01741	0.12172	0.01812	0.00973	0.00593	0.00179	0.02404	0.29041	0.00374	0.00539
17	0.01178	0.01340	0.02915	0.02128	0.04818	0.01258	0.75371	0.01595	0.01175	0.01598	0.01006	0.01341	0.00757	0.00421	0.00586	0.00167	0.00833	0.00584	0.00252	0.00676
18	0.01011	0.05228	0.77346	0.01402	0.02128	0.01185	0.01809	0.01576	0.01051	0.01565	0.00888	0.01044	0.00632	0.00472	0.00468	0.00156	0.00730	0.00365	0.00211	0.00733
19	0.01247	0.00746	0.00905	0.00770	0.01008	0.00726	0.00605	0.07396	0.11997	0.19401	0.34777	0.02525	0.02703	0.00779	0.00519	0.00150	0.00330	0.00663	0.07639	0.05115
20	0.67954	0.01001	0.00856	0.00735	0.01058	0.01133	0.00604	0.09179	0.03609	0.08677	0.00893	0.00956	0.00660	0.00496	0.00350	0.00154	0.00405	0.00316	0.00359	0.00604
21	0.00866	0.00433	0.00649	0.00649	0.00649	0.00433	0.00433	0.00649	0.00649	0.00866	0.00866	0.01515	0.00866	0.01732	0.01948	0.85498	0.00433	0.00433	0.00216	0.00216
22	0.00724	0.00487	0.00562	0.00562	0.00568	0.00493	0.00325	0.00737	0.00730	0.00980	0.01554	0.03169	0.01772	0.76853	0.08111	0.00506	0.00544	0.00711	0.00300	0.00312
23	0.01333	0.82783	0.02612	0.00853	0.01279	0.01972	0.00853	0.01493	0.01013	0.01173	0.00693	0.00800	0.00640	0.00426	0.00320	0.00107	0.00533	0.00267	0.00213	0.00640
24	0.01173	0.01086	0.01530	0.16181	0.03526	0.01218	0.14300	0.02186	0.48993	0.01840	0.01616	0.01658	0.01214	0.00594	0.00519	0.00168	0.00526	0.00543	0.00404	0.00725
25	0.01202	0.01152	0.01965	0.11610	0.71072	0.01176	0.01514	0.01502	0.01120	0.01590	0.00932	0.01244	0.00776	0.00450	0.00494	0.00150	0.00600	0.00444	0.00244	0.00764
26	0.86003	0.00964	0.00733	0.00655	0.00964	0.01118	0.00540	0.01465	0.00848	0.02236	0.00694	0.00810	0.00540	0.00463	0.00308	0.00154	0.00386	0.00270	0.00308	0.00540
27	0.01359	0.01130	0.01194	0.01039	0.01342	0.01296	0.00818	0.16361	0.64566	0.02278	0.01877	0.01739	0.01398	0.00662	0.00506	0.00166	0.00423	0.00543	0.00506	0.00800
28	0.86003	0.00964	0.00733	0.00655	0.00964	0.01118	0.00540	0.01465	0.00848	0.02236	0.00694	0.00810	0.00540	0.00463	0.00308	0.00154	0.00386	0.00270	0.00308	0.00540
29	0.01000	0.02578	0.79900	0.01421	0.02157	0.01158	0.01842	0.01579	0.01052	0.01579	0.00895	0.01052	0.00631	0.00474	0.00474	0.00158	0.00737	0.00368	0.00210	0.00737
30	0.00607	0.00434	0.00578	0.00694	0.00723	0.00405	0.00463	0.00694	0.00954	0.01272	0.02747	0.82157	0.03297	0.01562	0.00636	0.00202	0.00289	0.01417	0.00463	0.00405
31	0.00662	0.00501	0.00611	0.00598	0.00722	0.00450	0.00443	0.00852	0.01288	0.01741	0.50387	0.11292	0.26353	0.01140	0.00593	0.00164	0.00245	0.00993	0.00516	0.00450
32	0.01865	0.02295	0.01419	0.01273	0.01541	0.74007	0.00962	0.08201	0.01489	0.01378	0.00805	0.00923	0.00659	0.00521	0.00453	0.00130	0.00870	0.00332	0.00277	0.00600
33	0.00941	0.00886	0.01495	0.81285	0.03433	0.01107	0.01384	0.01274	0.00997	0.01274	0.00886	0.01329	0.00664	0.00498	0.00498	0.00166	0.00664	0.00443	0.00221	0.00554
34	0.00607	0.00434	0.00578	0.00694	0.00723	0.00405	0.00463	0.00694	0.00954	0.01272	0.02747	0.82157	0.03297	0.01562	0.00636	0.00202	0.00289	0.01417	0.00463	0.00405
35	0.01803	0.01361	0.01391	0.01094	0.01454	0.07871	0.00891	0.59778	0.02125	0.07579	0.08415	0.01437	0.01211	0.00631	0.00503	0.00149	0.00541	0.00483	0.00491	0.00791
36	0.01753	0.01833	0.01421	0.01218	0.01523	0.43692	0.03650	0.17399	0.15190	0.05758	0.01148	0.01185	0.00873	0.00561	0.00477	0.00143	0.00713	0.00408	0.00368	0.00687
37	0.01333	0.82783	0.02612	0.00853	0.01279	0.01972	0.00853	0.01493	0.01013	0.01173	0.00693	0.00800	0.00640	0.00426	0.00320	0.00107	0.00533	0.00267	0.00213	0.00640
38	0.01345	0.01064	0.01143	0.01009	0.01303	0.01209	0.00790	0.05309	0.69437	0.08490	0.01994	0.01823	0.01474	0.00669	0.00506	0.00167	0.00402	0.00554	0.00516	0.00796
39	0.00825	0.00645	0.00850	0.00830	0.00944	0.02590	0.00642	0.04897	0.05002	0.01312	0.01441	0.05492	0.01359	0.05728	0.63092	0.00673	0.01149	0.01745	0.00304	0.00481
40	0.00831	0.00613	0.00836	0.00859	0.00973	0.00611	0.03545	0.07198	0.01152	0.01527	0.05404	0.30004	0.02732	0.09330	0.00830	0.00234	0.00418	0.31994	0.00444	0.00466
41	0.00696	0.00510	0.00654	0.00621	0.00743	0.00467	0.00467	0.00921	0.01381	0.01930	0.70984	0.03854	0.11560	0.01047	0.00590	0.00159	0.00240	0.02169	0.00539	0.00466
42	0.86003	0.00964	0.00733	0.00655	0.00964	0.01118	0.00540	0.01465	0.00848	0.02236	0.00694	0.00810	0.00540	0.00463	0.00308	0.00154	0.00386	0.00270	0.00308	0.00540
43	0.01520	0.01806	0.01197	0.01097	0.01340	0.52287	0.00829	0.01857	0.13825	0.01386	0.01758	0.01816	0.14655	0.00686	0.00487	0.00144	0.00696	0.01693	0.00337	0.00582
44	0.01932	0.01337	0.01459	0.01119	0.01516	0.01458	0.00924	0.69571	0.02244	0.11422	0.01280	0.01251	0.00889	0.00600	0.00499	0.00150	0.00535	0.00454	0.00511	0.00848
45	0.00607	0.00434	0.00578	0.00694	0.00723	0.00405	0.00463	0.00694	0.00954	0.01272	0.02747	0.82157	0.03297	0.01562	0.00636	0.00202	0.00289	0.01417	0.00463	0.00405
46	0.01895	0.01396	0.01496	0.01147	0.01546	0.01546	0.00947	0.77711	0.02344	0.03141	0.01197	0.01197	0.00848	0.00598	0.00499	0.00150	0.00548	0.00449	0.00499	0.00848
47	0.01094	0.01173	0.02401	0.01798	0.02203	0.02336	0.57838	0.01461	0.01160	0.01552	0.01347	0.02225	0.01200	0.00746	0.03757	0.00205	0.00784	0.15807	0.00295	0.00619
48	0.01862	0.02376	0.01413	0.01284	0.01541	0.80482	0.00963	0.01990	0.01413	0.01220	0.00770	0.00899	0.00642	0.00514	0.00449	0.00128	0.00899	0.00321	0.00257	0.00578
49	0.00641	0.00465	0.00606	0.00670	0.00737	0.00430	0.00471	0.00777	0.01102	0.01489	0.24339	0.52004	0.08979	0.01382	0.00621	0.00188	0.00278	0.03908	0.00487	0.00426
50	0.01895	0.01396	0.01496	0.01147	0.01546	0.01546	0.00947	0.77711	0.02344	0.03141	0.01197	0.01197	0.00848	0.00598	0.00499	0.00150	0.00548	0.00449	0.00499	0.00848
51	0.01333	0.82783	0.02612	0.00853	0.01279	0.01972	0.00853	0.01493	0.01013	0.01173	0.00693	0.00800	0.00640	0.00426	0.00320	0.00107	0.00533	0.00267	0.00213	0.00640
52	0.86003	0.00964	0.00733	0.00655	0.00964	0.01118	0.00540	0.01465	0.00848	0.02236	0.00694	0.00810	0.00540	0.00463	0.00308	0.00154	0.00386	0.00270	0.00308	0.00540
53	0.00613	0.00437	0.00580	0.00689	0.00719	0.00408	0.00459	0.00701	0.00960	0.01284	0.04652	0.78314	0.03297	0.03454	0.00680	0.00208	0.00292	0.01388	0.00461	0.00404
54	0.00941	0.00886	0.01495	0.81285	0.03433	0.01107	0.01384	0.01274	0.00997	0.01274	0.00886	0.01329	0.00664	0.00498	0.00498	0.00166	0.00664	0.00443	0.00221	0.00554
55	0.01903	0.01383	0.01488	0.01141	0.01539	0.01526	0.00942	0.75918	0.02322	0.04966	0.01215	0.01209	0.00857	0.00599	0.00499	0.00150	0.00546	0.00450	0.00501	0.00848
56	0.01012	0.00803	0.00894	0.00839	0.01040	0.00862	0.00640	0.07099	0.34093	0.03275	0.11339	0.19199	0.12705	0.00992	0.00559	0.00175	0.00349	0.03011	0.00497	0.00619
57	0.01723	0.00730	0.00969	0.00782	0.01079	0.00640	0.00631	0.01924	0.01384	0.53228	0.19523	0.02328	0.06132	0.00740	0.00516	0.00153	0.00361	0.00618	0.05821	0.00717
58	0.00798	0.00570	0.00796	0.00903	0.01018	0.00568	0.00786	0.01028	0.01161	0.01518	0.06674	0.05522	0.02965	0.01358	0.00683	0.00226	0.00447	0.72055	0.00464	0.00460
59	0.00657	0.00536	0.00584	0.00567	0.00727	0.00478	0.00427	0.00882	0.05296	0.01573	0.26124	0.04334	0.53723	0.01162	0.00584	0.00165	0.00255	0.00983	0.00490	0.00454
60	0.31193	0.00715	0.00714	0.00709	0.00892	0.00763	0.00541	0.02796	0.06526	0.03371	0.05685	0.29378	0.08801	0.01005	0.00501	0.00177	0.00343	0.04967	0.00419	0.00506
61	0.01713	0.00745	0.00998	0.00804	0.01100	0.00660	0.00648	0.03422	0.01440	0.51979	0.27976	0.02370	0.02397	0.00752	0.00530	0.00155	0.00363	0.00635	0.00592	0.00721
62	0.81565	0.00987	0.00773	0.00681	0.00995	0.01141	0.00561	0.05489	0.00927	0.02284	0.00721	0.00830	0.00556	0.00470	0.00318	0.00154	0.00394	0.00279	0.00318	0.00556
63	0.01367	0.01075	0.01157	0.01008	0.01305	0.01215	0.00793	0.11650	0.61359	0.07407	0.04674	0.01835	0.01534	0.00675	0.00509	0.00165	0.00409	0.00558	0.00515	0.00789
64	0.50645	0.00966	0.00898	0.00762	0.01068	0.01068	0.00619	0.12651	0.04480	0.11754	0.06095	0.01287	0.01026	0.02480	0.00439	0.00161	0.00404	0.00392	0.02184	0.00621
65	0.00803	0.00574	0.00803	0.00918	0.01033	0.00574	0.00803	0.01033	0.01147	0.01492	0.02639	0.05622	0.02869	0.01377	0.00688	0.00229	0.00459	0.76018	0.00459	0.00459
66	0.00803	0.00574	0.00803	0.00918	0.01033	0.00574	0.00803	0.01033	0.01147	0.01492	0.02639	0.05622	0.02869	0.01377	0.00688	0.00229	0.00459	0.76018	0.00459	0.00459
67	0.00678	0.00517	0.00566	0.00551	0.00713	0.00443	0.00414	0.00828	0.01199	0.04568	0.20054	0.06684	0.58636	0.01196	0.00587	0.00166	0.00257	0.01010	0.00487	0.00447
68	0.00726	0.00552	0.00816	0.00807	0.00892	0.00646	0.00627	0.00900	0.00822	0.01188	0.04382	0.02024	0.01373	0.05185	0.72903	0.00748	0.04136	0.00549	0.00277	0.00447
69	0.01240	0.01071	0.01127	0.01014	0.01296	0.01240	0.00789	0.02649	0.78473	0.02085	0.02029	0.01860	0.01522	0.00676	0.00507	0.00169	0.00394	0.00564	0.00507	0.00789
70	0.01895	0.01396	0.01496	0.01147	0.01546	0.01546	0.00947	0.77711	0.02344	0.03141	0.01197	0.01197	0.00848	0.00598	0.00499	0.00150	0.00548	0.00449	0.00499	0.00848
71	0.01108	0.00872	0.01032	0.00745	0.01175	0.00664	0.00597	0.01328	0.01072	0.07093	0.03216	0.01157	0.00887	0.00405	0.00385	0.00082	0.00369	0.00327	0.00325	0.77160
72	0.01280	0.01358	0.05291	0.01817	0.09671	0.03970	0.35402	0.12411	0.01244	0.01714	0.00932	0.01226	0.00740	0.00561	0.00806	0.00174	0.19947	0.00500	0.00277	0.00678
73	0.00607	0.00434	0.00578	0.00694	0.00723	0.00405	0.00463	0.00694	0.00954	0.01272	0.02747	0.82157	0.03297	0.01562	0.00636	0.00202	0.00289	0.01417	0.00463	0.00405
74	0.02121	0.00921	0.01188	0.00923	0.01302	0.00855	0.00759	0.09931	0.07837	0.65738	0.01895	0.01660	0.01219	0.00620	0.00501	0.00155	0.00434	0.00501	0.00596	0.00843
75	0.00924	0.00516	0.00694	0.00736	0.00835	0.00471	0.00521	0.01034	0.01049	0.16330	0.02595	0.65152	0.02892	0.01377	0.00611	0.00194	0.00319	0.02767	0.00492	0.00491
76	0.00693	0.00513	0.00649	0.00627	0.00753	0.00469	0.00478	0.00909	0.01347	0.01854	0.61379	0.04036	0.17008	0.01085	0.00595	0.00164	0.00254	0.06197	0.00528	0.00461
77	0.35837	0.01193	0.01170	0.00935	0.01297	0.01330	0.00772	0.42985	0.01692	0.06817	0.01035	0.01067	0.00744	0.00545	0.00422	0.00152	0.00476	0.00379	0.00428	0.00724
78	0.01558	0.00822	0.01028	0.00906	0.01185	0.00816	0.00744	0.02088	0.21981	0.36149	0.02126	0.02685	0.01703	0.00812	0.00539	0.00174	0.00414	0.18532	0.05016	0.00719
79	0.05115	0.00477	0.00525	0.00568	0.00658	0.00473	0.00405	0.00985	0.00998	0.01637	0.02038	0.34717	0.02068	0.00977	0.00464	0.00153	0.00263	0.00845	0.46187	0.00444
80	0.00677	0.00508	0.00627	0.00597	0.00727	0.00458	0.00448	0.00885	0.01343	0.01839	0.60929	0.03987	0.22984	0.01079	0.00588	0.00160	0.00239	0.00938	0.00528	0.00458
81	0.00705	0.00510	0.00666	0.00627	0.00745	0.00470	0.00470	0.00941	0.01411	0.01999	0.79110	0.03723	0.04703	0.01019	0.00588	0.00157	0.00235	0.00901	0.00549	0.00470
82	0.01034	0.00886	0.01034	0.00738	0.01181	0.00664	0.00591	0.01255	0.01034	0.01624	0.00886	0.01034	0.00738	0.00369	0.00369	0.00074	0.00369	0.00295	0.00295	0.85530
83	0.01468	0.00630	0.00770	0.00654	0.00878	0.00580	0.00513	0.01671	0.01202	0.34959	0.04247	0.01923	0.01397	0.04932	0.00537	0.00153	0.00327	0.00508	0.42031	0.00620
84	0.00717	0.00515	0.00689	0.00710	0.00814	0.00487	0.00553	0.00930	0.01281	0.01771	0.49301	0.15036	0.04047	0.01184	0.00620	0.00181	0.00299	0.19892	0.00514	0.00458
85	0.16830	0.00868	0.01083	0.00847	0.01219	0.00800	0.00699	0.02261	0.01326	0.66220	0.01745	0.01542	0.01113	0.00590	0.00468	0.00154	0.00417	0.00461	0.00563	0.00795
86	0.86003	0.00964	0.00733	0.00655	0.00964	0.01118	0.00540	0.01465	0.00848	0.02236	0.00694	0.00810	0.00540	0.00463	0.00308	0.00154	0.00386	0.00270	0.00308	0.00540
87	0.17527	0.00624	0.00704	0.00754	0.00913	0.00633	0.00628	0.01019	0.01071	0.01588	0.02816	0.10385	0.19906	0.01185	0.00587	0.00199	0.00384	0.38184	0.00430	0.00462
88	0.02236	0.00848	0.01157	0.00887	0.01272	0.00733	0.00733	0.02429	0.01427	0.79719	0.01966	0.01697	0.01234	0.00617	0.00501	0.00154	0.00424	0.00501	0.00617	0.00848
89	0.00639	0.00507	0.00574	0.00557	0.00704	0.00442	0.00418	0.00811	0.01253	0.01624	0.36555	0.04340	0.47493	0.01159	0.00589	0.00163	0.00245	0.00988	0.00499	0.00442
90	0.00678	0.00504	0.00625	0.00603	0.00722	0.00458	0.00445	0.00875	0.01306	0.01792	0.57445	0.08058	0.19302	0.04179	0.00664	0.00174	0.00251	0.00952	0.00518	0.00451
91	0.00713	0.00531	0.00787	0.00787	0.00872	0.00616	0.00606	0.00881	0.00797	0.01147	0.01348	0.02027	0.01276	0.07893	0.76393	0.00784	0.01290	0.00544	0.00269	0.00437
92	0.86003	0.00964	0.00733	0.00655	0.00964	0.01118	0.00540	0.01465	0.00848	0.02236	0.00694	0.00810	0.00540	0.00463	0.00308	0.00154	0.00386	0.00270	0.00308	0.00540
93	0.00957	0.00896	0.01476	0.77049	0.03320	0.01114	0.01353	0.01346	0.05085	0.01316	0.00946	0.01357	0.00710	0.00508	0.00499	0.00166	0.00650	0.00449	0.00237	0.00566
94	0.00713	0.00530	0.00783	0.00783	0.00866	0.00613	0.00600	0.00878	0.00796	0.01144	0.01352	0.02051	0.01286	0.09320	0.74981	0.00779	0.01275	0.00548	0.00270	0.00435
95	0.00697	0.00503	0.00659	0.00633	0.00743	0.00465	0.00470	0.00920	0.01373	0.01938	0.72711	0.10296	0.04585	0.01064	0.00592	0.00161	0.00240	0.00945	0.00541	0.00465
96	0.00957	0.00902	0.01523	0.77157	0.07440	0.01111	0.01392	0.01287	0.01004	0.01292	0.00889	0.01324	0.00671	0.00495	0.00498	0.00165	0.00661	0.00443	0.00223	0.00566
97	0.01466	0.01629	0.01456	0.28154	0.07658	0.38161	0.01125	0.03586	0.07736	0.02975	0.00961	0.01170	0.00751	0.00521	0.00476	0.00147	0.00738	0.00398	0.00278	0.00614
98	0.00589	0.00505	0.00505	0.00505	0.00673	0.00421	0.00379	0.00715	0.01136	0.01347	0.05049	0.04797	0.79171	0.01262	0.00589	0.00168	0.00252	0.01052	0.00463	0.00421
99	0.01240	0.01071	0.01127	0.01014	0.01296	0.01240	0.00789	0.02649	0.78473	0.02085	0.02029	0.01860	0.01522	0.00676	0.00507	0.00169	0.00394	0.00564	0.00507	0.00789
100	0.01039	0.00986	0.01671	0.55158	0.28797	0.01133	0.01433	0.01359	0.01043	0.01392	0.00903	0.01297	0.00706	0.00480	0.00497	0.00160	0.00640	0.00443	0.00230	0.00632
101	0.01274	0.01503	0.19942	0.03716	0.02987	0.05485	0.12541	0.11515	0.19067	0.05723	0.03686	0.04792	0.01229	0.00632	0.00521	0.00164	0.00595	0.03538	0.00375	0.00713
102	0.00777	0.01283	0.31536	0.00990	0.01304	0.00717	0.01023	0.01072	0.01015	0.01427	0.04862	0.41024	0.02221	0.01179	0.03212	0.00204	0.00505	0.04746	0.00361	0.00541
103	0.00673	0.00481	0.00654	0.00769	0.00827	0.00461	0.00577	0.00807	0.01019	0.01346	0.02711	0.56556	0.03154	0.01500	0.00654	0.00211	0.00346	0.26371	0.00461	0.00423
104	0.01333	0.82783	0.02612	0.00853	0.01279	0.01972	0.00853	0.01493	0.01013	0.01173	0.00693	0.00800	0.00640	0.00426	0.00320	0.00107	0.00533	0.00267	0.00213	0.00640
105	0.01212	0.01230	0.05096	0.02909	0.71685	0.01171	0.04237	0.01522	0.01133	0.01622	0.00980	0.01337	0.00833	0.00467	0.00501	0.00151	0.00603	0.02284	0.00251	0.00775
106	0.00702	0.00516	0.00734	0.00743	0.00807	0.00559	0.01744	0.00826	0.00820	0.01144	0.01662	0.18116	0.01771	0.20844	0.46008	0.00601	0.00930	0.00752	0.00313	0.00409
107	0.02236	0.00848	0.01157	0.00887	0.01272	0.00733	0.00733	0.02429	0.01427	0.79719	0.01966	0.01697	0.01234	0.00617	0.00501	0.00154	0.00424	0.00501	0.00617	0.00848
108	0.01189	0.26184	0.45384	0.01237	0.01823	0.05696	0.04473	0.01591	0.01080	0.04223	0.00946	0.01072	0.02087	0.00479	0.00434	0.00142	0.00669	0.00362	0.00235	0.00695
109	0.00615	0.00503	0.00543	0.00539	0.00691	0.00431	0.00402	0.00763	0.01189	0.01485	0.21061	0.07613	0.59989	0.01221	0.00591	0.00167	0.00250	0.01034	0.00482	0.00431
110	0.00958	0.00691	0.00879	0.00909	0.01060	0.00711	0.00770	0.12797	0.01296	0.01698	0.02409	0.04721	0.04992	0.07906	0.00808	0.00236	0.00468	0.55737	0.00452	0.00505
111	0.01218	0.01169	0.01995	0.07187	0.75366	0.01180	0.01522	0.01516	0.01128	0.01610	0.00935	0.01239	0.00783	0.00447	0.00494	0.00149	0.00596	0.00444	0.00245	0.00777
112	0.01022	0.00812	0.00962	0.00848	0.01013	0.00904	0.00664	0.17719	0.05425	0.01753	0.09657	0.04134	0.18851	0.09316	0.13237	0.00299	0.11746	0.00690	0.00402	0.00547
113	0.31856	0.00885	0.00977	0.00793	0.01127	0.00885	0.00650	0.05607	0.01264	0.41265	0.08612	0.01544	0.01289	0.00598	0.00441	0.00154	0.00399	0.00453	0.00495	0.00704
114	0.01000	0.02578	0.79900	0.01421	0.02157	0.01158	0.01842	0.01579	0.01052	0.01579	0.00895	0.01052	0.00631	0.00474	0.00474	0.00158	0.00737	0.00368	0.00210	0.00737
115	0.01000	0.02578	0.79900	0.01421	0.02157	0.01158	0.01842	0.01579	0.01052	0.01579	0.00895	0.01052	0.00631	0.00474	0.00474	0.00158	0.00737	0.00368	0.00210	0.00737
116	0.00941	0.00886	0.01495	0.81285	0.03433	0.01107	0.01384	0.01274	0.00997	0.01274	0.00886	0.01329	0.00664	0.00498	0.00498	0.00166	0.00664	0.00443	0.00221	0.00554
117	0.00660	0.00461	0.00575	0.00644	0.00671	0.00443	0.00418	0.00723	0.00886	0.01174	0.02387	0.46827	0.05238	0.31174	0.01333	0.00306	0.00368	0.04938	0.00404	0.00370
118	0.74665	0.01074	0.00831	0.00729	0.01042	0.05341	0.00596	0.07747	0.01001	0.02257	0.00739	0.00846	0.00570	0.00477	0.00332	0.00152	0.00426	0.00287	0.00321	0.00567
119	0.01862	0.02376	0.01413	0.01284	0.01541	0.80482	0.00963	0.01990	0.01413	0.01220	0.00770	0.00899	0.00642	0.00514	0.00449	0.00128	0.00899	0.00321	0.00257	0.00578
120	0.00662	0.00508	0.00606	0.00582	0.00718	0.00452	0.00436	0.00857	0.01309	0.01756	0.51511	0.04123	0.32455	0.01110	0.00588	0.00161	0.00242	0.00958	0.00517	0.00452
121	0.01184	0.01133	0.01933	0.16450	0.66374	0.01171	0.01505	0.01486	0.01111	0.01568	0.00929	0.01250	0.00768	0.00453	0.00494	0.00151	0.00605	0.00444	0.00242	0.00749
122	0.01322	0.01052	0.01130	0.01004	0.01294	0.01198	0.00784	0.02631	0.72153	0.08453	0.02024	0.01846	0.01498	0.00671	0.00507	0.00168	0.00397	0.00558	0.00516	0.00794
123	0.00705	0.00510	0.00666	0.00627	0.00745	0.00470	0.00470	0.00941	0.01411	0.01999	0.79110	0.03723	0.04703	0.01019	0.00588	0.00157	0.00235	0.00901	0.00549	0.00470
124	0.01234	0.01184	0.02023	0.03059	0.79373	0.01184	0.01530	0.01530	0.01135	0.01628	0.00938	0.01234	0.00790	0.00444	0.00493	0.00148	0.00592	0.00444	0.00247	0.00790
125	0.05634	0.00781	0.00862	0.00808	0.01017	0.00831	0.00637	0.04607	0.28862	0.03437	0.17252	0.05402	0.15018	0.00934	0.00549	0.00172	0.00349	0.10238	0.02011	0.00599
126	0.00725	0.00483	0.00544	0.00544	0.00544	0.00483	0.00302	0.00725	0.00725	0.00966	0.01571	0.03262	0.01812	0.82483	0.02537	0.00483	0.00483	0.00725	0.00302	0.00302
127	0.05223	0.00636	0.00640	0.00586	0.00755	0.00670	0.00454	0.10902	0.04914	0.02049	0.01546	0.01724	0.01199	0.00582	0.00373	0.00125	0.00287	0.00458	0.66344	0.00532
128	0.01094	0.01044	0.01762	0.38814	0.41519	0.01163	0.01446	0.01399	0.01057	0.01449	0.00903	0.01272	0.00727	0.00486	0.00541	0.00159	0.03818	0.00443	0.00234	0.00672
129	0.01000	0.02578	0.79900	0.01421	0.02157	0.01158	0.01842	0.01579	0.01052	0.01579	0.00895	0.01052	0.00631	0.00474	0.00474	0.00158	0.00737	0.00368	0.00210	0.00737
130	0.02861	0.03177	0.12172	0.16774	0.07091	0.07129	0.24847	0.03024	0.01121	0.03035	0.01045	0.04506	0.00866	0.00601	0.02019	0.00173	0.04209	0.01999	0.00266	0.03084
131	0.01025	0.01206	0.12148	0.05554	0.08695	0.03010	0.24120	0.03091	0.01030	0.01413	0.01149	0.01810	0.01043	0.17045	0.10560	0.00305	0.03860	0.02093	0.00265	0.00578
132	0.01000	0.02578	0.79900	0.01421	0.02157	0.01158	0.01842	0.01579	0.01052	0.01579	0.00895	0.01052	0.00631	0.00474	0.00474	0.00158	0.00737	0.00368	0.00210	0.00737
133	0.02669	0.01078	0.01137	0.01216	0.13901	0.12798	0.00800	0.11250	0.07679	0.03767	0.14616	0.03775	0.01694	0.03892	0.00589	0.00159	0.02483	0.00550	0.15332	0.00616
134	0.01383	0.04531	0.09750	0.07524	0.17691	0.06006	0.19310	0.01753	0.04910	0.16504	0.03238	0.01465	0.02564	0.00524	0.00511	0.00155	0.00630	0.00497	0.00337	0.00716
135	0.03370	0.02713	0.04966	0.00960	0.01238	0.07318	0.05966	0.04663	0.06161	0.23283	0.02192	0.19969	0.09703	0.00897	0.00542	0.00169	0.00465	0.04337	0.00457	0.00631
136	0.00715	0.00495	0.00619	0.00625	0.00652	0.00519	0.00402	0.00771	0.00758	0.01037	0.01563	0.06892	0.01725	0.55735	0.24859	0.00560	0.00718	0.00705	0.00300	0.00348
137	0.01411	0.38803	0.06225	0.01118	0.06201	0.05588	0.00951	0.17147	0.11778	0.01752	0.01079	0.03972	0.00905	0.00544	0.00418	0.00134	0.00542	0.00404	0.00324	0.00705
138	0.10257	0.12186	0.20632	0.01521	0.18896	0.10471	0.01195	0.08273	0.01195	0.01677	0.01081	0.07152	0.02277	0.00571	0.00454	0.00148	0.00601	0.00454	0.00284	0.00676
139	0.01030	0.01228	0.12531	0.02000	0.29611	0.01005	0.20662	0.01344	0.01089	0.01524	0.01402	0.21479	0.01387	0.00722	0.00551	0.00168	0.00599	0.00714	0.00297	0.00656
140	0.00607	0.00434	0.00578	0.00694	0.00723	0.00405	0.00463	0.00694	0.00954	0.01272	0.02747	0.82157	0.03297	0.01562	0.00636	0.00202	0.00289	0.01417	0.00463	0.00405
141	0.05957	0.20673	0.09568	0.02561	0.01331	0.12002	0.00885	0.07736	0.04293	0.05848	0.03874	0.10851	0.02693	0.00830	0.03325	0.00174	0.00569	0.05873	0.00345	0.00613
142	0.01285	0.41562	0.32413	0.01111	0.01642	0.08344	0.01241	0.01606	0.01079	0.04431	0.00828	0.00941	0.00660	0.00460	0.00398	0.00130	0.00639	0.00320	0.00232	0.00680
143	0.02189	0.00839	0.01145	0.00888	0.01264	0.00727	0.00735	0.02383	0.01417	0.77134	0.01989	0.01826	0.01288	0.00642	0.00507	0.00157	0.00425	0.02996	0.00612	0.00835
144	0.00642	0.00476	0.00640	0.00768	0.03823	0.00444	0.00500	0.00756	0.01024	0.01372	0.11286	0.65374	0.08158	0.01438	0.00622	0.00193	0.00293	0.01298	0.00464	0.00428
145	0.01434	0.01551	0.03926	0.01719	0.11693	0.23359	0.25636	0.04507	0.02835	0.06347	0.01054	0.04389	0.00865	0.00560	0.00619	0.00158	0.07895	0.00498	0.00294	0.00660
146	0.00595	0.00482	0.00529	0.00566	0.00689	0.00416	0.00406	0.00708	0.01077	0.01322	0.04303	0.29889	0.54561	0.01359	0.00604	0.00179	0.00264	0.01170	0.00463	0.00416
147	0.83589	0.00961	0.00745	0.00662	0.00973	0.01107	0.00545	0.01493	0.00865	0.04470	0.00731	0.00835	0.00560	0.00467	0.00314	0.00154	0.00387	0.00277	0.00317	0.00549
148	0.00712	0.00534	0.00801	0.00801	0.00890	0.00623	0.00623	0.00890	0.00801	0.01157	0.01335	0.01958	0.01246	0.03738	0.80507	0.00801	0.01335	0.00534	0.00267	0.00445
149	0.01135	0.01077	0.01829	0.25328	0.54886	0.01141	0.01462	0.01439	0.01096	0.01522	0.00984	0.01417	0.00828	0.00493	0.00502	0.00156	0.00608	0.03140	0.00247	0.00710
150	0.01045	0.13389	0.69482	0.01344	0.02039	0.01267	0.01708	0.01567	0.01047	0.01524	0.00867	0.01018	0.00633	0.00467	0.00453	0.00151	0.00709	0.00355	0.00211	0.00724
151	0.01279	0.00946	0.01047	0.00921	0.01190	0.01035	0.00721	0.06073	0.49595	0.11515	0.13718	0.02241	0.06028	0.00748	0.00522	0.00164	0.00374	0.00627	0.00524	0.00732
152	0.01040	0.00975	0.01676	0.27301	0.34235	0.01042	0.06988	0.01335	0.01071	0.01461	0.01196	0.04928	0.01086	0.00774	0.04750	0.00200	0.00647	0.08385	0.00271	0.00638
153	0.02236	0.00848	0.01157	0.00887	0.01272	0.00733	0.00733	0.02429	0.01427	0.79719	0.01966	0.01697	0.01234	0.00617	0.00501	0.00154	0.00424	0.00501	0.00617	0.00848
