[name]
unknown

[dist]
# distance from previous block
# <min> <max>
0	145

[block]
# block no. 0 follows, 40 sequences, length 58
# corresponding to MSA columns:
# 149-206
name=unknown_A
#
# <colnr> <probs for GDERKNQSTAVLIFYWHMCP>
#	G	D	E	R	K	N	Q	S	T	A	V	L	I	F	Y	W	H	M	C	P
0	0.01652	0.01175	0.01328	0.11050	0.01706	0.01306	0.00934	0.36488	0.06721	0.02818	0.01574	0.01716	0.01174	0.00682	0.00526	0.00166	0.00527	0.00537	0.27124	0.00795
1	0.02609	0.00990	0.01350	0.01035	0.01484	0.00855	0.00855	0.02834	0.01664	0.76338	0.02294	0.01979	0.01439	0.00720	0.00585	0.00180	0.00495	0.00585	0.00720	0.00990
2	0.00730	0.00591	0.00648	0.00634	0.00811	0.00509	0.00475	0.00916	0.01425	0.01808	0.27623	0.05206	0.53820	0.01384	0.00687	0.00192	0.00288	0.01173	0.00571	0.00509
3	0.00823	0.00594	0.00777	0.00732	0.00869	0.00549	0.00549	0.01097	0.01646	0.02332	0.75629	0.04344	0.05487	0.01189	0.00686	0.00183	0.00274	0.01052	0.00640	0.00549
4	0.01153	0.02917	0.73695	0.01623	0.02455	0.01320	0.02088	0.01814	0.01244	0.01860	0.03854	0.01345	0.00916	0.00576	0.00558	0.00184	0.00837	0.00453	0.00260	0.00848
5	0.00836	0.00601	0.00825	0.00825	0.00891	0.00667	0.00590	0.00968	0.00902	0.01269	0.01658	0.02841	0.01695	0.31869	0.50081	0.00799	0.01194	0.00704	0.00326	0.00458
6	0.01399	0.49173	0.32427	0.01260	0.01902	0.01921	0.01456	0.01781	0.01200	0.01557	0.00902	0.01051	0.00742	0.00519	0.00445	0.00148	0.00717	0.00358	0.00247	0.00791
7	0.00831	0.00623	0.00935	0.00935	0.01038	0.00727	0.00727	0.01038	0.00935	0.01350	0.01558	0.02285	0.01454	0.04361	0.77259	0.00935	0.01558	0.00623	0.00312	0.00519
8	0.01936	0.01302	0.08530	0.01163	0.01596	0.01174	0.01009	0.02857	0.35301	0.35215	0.02208	0.01995	0.01527	0.00736	0.00585	0.00188	0.00514	0.00603	0.00615	0.00945
9	0.02609	0.00990	0.01350	0.01035	0.01484	0.00855	0.00855	0.02834	0.01664	0.76338	0.02294	0.01979	0.01439	0.00720	0.00585	0.00180	0.00495	0.00585	0.00720	0.00990
10	0.01519	0.01469	0.02179	0.03136	0.62373	0.07805	0.01627	0.05162	0.01412	0.01955	0.01132	0.01441	0.00939	0.00541	0.00563	0.00169	0.00698	0.00507	0.04490	0.00884
11	0.01166	0.03008	0.76550	0.01657	0.02517	0.01351	0.02149	0.01842	0.01228	0.01842	0.01044	0.01228	0.00737	0.00552	0.00552	0.00184	0.00859	0.00430	0.00246	0.00859
12	0.01338	0.01086	0.01359	0.00997	0.01488	0.00888	0.04931	0.07385	0.01356	0.05410	0.01229	0.04898	0.01038	0.00533	0.00479	0.00111	0.00478	0.00450	0.00387	0.64158
13	0.01555	0.79913	0.03047	0.00995	0.01493	0.02301	0.00995	0.01741	0.01182	0.01368	0.00808	0.00933	0.00746	0.00498	0.00373	0.00124	0.00622	0.00311	0.00249	0.00746
14	0.01166	0.03008	0.76550	0.01657	0.02517	0.01351	0.02149	0.01842	0.01228	0.01842	0.01044	0.01228	0.00737	0.00552	0.00552	0.00184	0.00859	0.00430	0.00246	0.00859
15	0.00707	0.00513	0.00667	0.00791	0.00839	0.00474	0.00531	0.00812	0.01131	0.01492	0.03433	0.72930	0.09953	0.01792	0.00738	0.00233	0.00334	0.01617	0.00540	0.00474
16	0.01643	0.45504	0.02354	0.01122	0.01554	0.09320	0.00998	0.08286	0.20340	0.01843	0.01269	0.01302	0.01032	0.00600	0.00462	0.00150	0.00623	0.00424	0.00370	0.00805
17	0.00709	0.00506	0.00675	0.00810	0.00843	0.00472	0.00540	0.00810	0.01113	0.01484	0.03205	0.79184	0.03846	0.01822	0.00742	0.00236	0.00337	0.01653	0.00540	0.00472
18	0.01281	0.01143	0.01924	0.06317	0.18574	0.01190	0.16090	0.03881	0.01407	0.05725	0.19659	0.02382	0.05505	0.00809	0.00814	0.00194	0.11240	0.00719	0.00412	0.00732
19	0.01439	0.01382	0.02360	0.03569	0.75936	0.01382	0.01785	0.01785	0.01324	0.01900	0.01094	0.01439	0.00921	0.00518	0.00576	0.00173	0.00691	0.00518	0.00288	0.00921
20	0.78343	0.06236	0.00997	0.00780	0.01148	0.01369	0.00653	0.01711	0.01002	0.02529	0.00810	0.00944	0.00637	0.00537	0.00361	0.00176	0.00461	0.00315	0.00353	0.00637
21	0.02445	0.04679	0.04389	0.01065	0.01527	0.00970	0.00915	0.02758	0.05341	0.66235	0.02181	0.01912	0.01397	0.00707	0.00574	0.00178	0.00513	0.00570	0.00673	0.00970
22	0.00703	0.00582	0.00616	0.00624	0.00799	0.00495	0.00462	0.00858	0.01336	0.01637	0.12411	0.12517	0.62000	0.01479	0.00692	0.00199	0.00297	0.01251	0.00550	0.00495
23	0.00688	0.00587	0.00592	0.00595	0.00787	0.00490	0.00445	0.00834	0.01319	0.01568	0.05814	0.07718	0.73628	0.01483	0.00689	0.00198	0.00296	0.01240	0.00540	0.00490
24	0.01358	0.01224	0.01553	0.01350	0.01490	0.01574	0.01099	0.02044	0.27747	0.04213	0.04805	0.01760	0.01367	0.00933	0.01334	0.00228	0.44177	0.00590	0.00409	0.00746
25	0.01724	0.06109	0.01773	0.27691	0.02522	0.35499	0.01292	0.08977	0.01520	0.01660	0.00981	0.01261	0.00782	0.00621	0.00621	0.00172	0.05348	0.00442	0.00308	0.00697
26	0.00692	0.00589	0.00595	0.00594	0.00788	0.00493	0.00445	0.00843	0.01336	0.01596	0.08202	0.05555	0.73373	0.01463	0.00687	0.00196	0.00294	0.01221	0.00543	0.00493
27	0.01435	0.01392	0.02422	0.03505	0.71741	0.01387	0.05929	0.01789	0.01327	0.01898	0.01099	0.01447	0.00919	0.00517	0.00582	0.00174	0.00708	0.00528	0.00288	0.00913
28	0.01184	0.01196	0.02310	0.01733	0.02140	0.01142	0.41636	0.01696	0.07717	0.02078	0.27687	0.02604	0.02592	0.00763	0.00678	0.00192	0.00686	0.00813	0.00442	0.00712
29	0.01129	0.01065	0.02034	0.01678	0.02011	0.01022	0.32986	0.01494	0.01354	0.01794	0.02242	0.04365	0.02263	0.01116	0.00752	0.00236	0.00731	0.40655	0.00429	0.00645
30	0.01537	0.19061	0.04198	0.01084	0.01610	0.01305	0.00915	0.04523	0.01395	0.02034	0.01214	0.01452	0.01041	0.00609	0.00524	0.00144	0.00571	0.00421	0.00402	0.55959
31	0.83671	0.01125	0.00855	0.00765	0.01125	0.01305	0.00630	0.01709	0.00990	0.02609	0.00810	0.00945	0.00630	0.00540	0.00360	0.00180	0.00450	0.00315	0.00360	0.00630
32	0.83671	0.01125	0.00855	0.00765	0.01125	0.01305	0.00630	0.01709	0.00990	0.02609	0.00810	0.00945	0.00630	0.00540	0.00360	0.00180	0.00450	0.00315	0.00360	0.00630
33	0.01010	0.00505	0.00758	0.00758	0.00758	0.00505	0.00505	0.00758	0.00758	0.01010	0.01010	0.01768	0.01010	0.02020	0.02273	0.83081	0.00505	0.00505	0.00253	0.00253
34	0.01010	0.00505	0.00758	0.00758	0.00758	0.00505	0.00505	0.00758	0.00758	0.01010	0.01010	0.01768	0.01010	0.02020	0.02273	0.83081	0.00505	0.00505	0.00253	0.00253
35	0.01236	0.02009	0.31234	0.01946	0.02561	0.01355	0.34958	0.01753	0.01270	0.01800	0.01235	0.01747	0.00992	0.00799	0.04584	0.00236	0.04537	0.04680	0.00288	0.00779
36	0.83671	0.01125	0.00855	0.00765	0.01125	0.01305	0.00630	0.01709	0.00990	0.02609	0.00810	0.00945	0.00630	0.00540	0.00360	0.00180	0.00450	0.00315	0.00360	0.00630
37	0.01446	0.01249	0.01315	0.01183	0.01512	0.01446	0.00920	0.03090	0.74885	0.02433	0.02367	0.02170	0.01775	0.00789	0.00592	0.00197	0.00460	0.00657	0.00592	0.00920
38	0.00713	0.00514	0.00676	0.00796	0.00842	0.00477	0.00536	0.00825	0.01150	0.01532	0.07005	0.71968	0.07266	0.01774	0.00737	0.00232	0.00332	0.01603	0.00545	0.00477
39	0.01517	0.01138	0.01900	0.02172	0.31304	0.01099	0.10834	0.01829	0.01450	0.17285	0.15805	0.02295	0.05062	0.00739	0.00655	0.00183	0.02773	0.00686	0.00455	0.00820
40	0.04954	0.01272	0.01489	0.01160	0.01603	0.01300	0.00953	0.31312	0.08323	0.38563	0.01893	0.01729	0.01262	0.00711	0.00577	0.00179	0.00549	0.00558	0.00642	0.00972
41	0.01838	0.01624	0.01524	0.01289	0.01663	0.13340	0.01020	0.28895	0.37138	0.02726	0.01784	0.01713	0.01328	0.00726	0.00578	0.00182	0.00617	0.00565	0.00543	0.00907
42	0.81055	0.01141	0.00883	0.00783	0.01146	0.01321	0.00645	0.04031	0.01046	0.02643	0.00829	0.00959	0.00641	0.00545	0.00367	0.00180	0.00456	0.00322	0.00367	0.00641
43	0.01217	0.01054	0.01708	0.17707	0.30268	0.01092	0.04021	0.01582	0.04191	0.04844	0.15199	0.08830	0.04190	0.00811	0.00620	0.00187	0.00584	0.00748	0.00405	0.00743
44	0.01549	0.01290	0.01362	0.01189	0.01536	0.01474	0.00935	0.14975	0.60171	0.02611	0.02325	0.02157	0.04196	0.00797	0.00593	0.00193	0.00485	0.00655	0.00588	0.00917
45	0.83671	0.01125	0.00855	0.00765	0.01125	0.01305	0.00630	0.01709	0.00990	0.02609	0.00810	0.00945	0.00630	0.00540	0.00360	0.00180	0.00450	0.00315	0.00360	0.00630
46	0.00908	0.00650	0.00896	0.00984	0.01118	0.00638	0.00837	0.01177	0.01418	0.01893	0.21763	0.05989	0.03898	0.01499	0.00773	0.00246	0.00468	0.53744	0.00562	0.00539
47	0.00846	0.00564	0.00634	0.00634	0.00634	0.00564	0.00352	0.00846	0.00846	0.01128	0.01832	0.03805	0.02114	0.79563	0.02960	0.00564	0.00564	0.00846	0.00352	0.00352
48	0.01206	0.01034	0.01206	0.00861	0.01378	0.00775	0.00689	0.01464	0.01206	0.01895	0.01034	0.01206	0.00861	0.00431	0.00431	0.00086	0.00431	0.00345	0.00345	0.83118
49	0.01555	0.79913	0.03047	0.00995	0.01493	0.02301	0.00995	0.01741	0.01182	0.01368	0.00808	0.00933	0.00746	0.00498	0.00373	0.00124	0.00622	0.00311	0.00249	0.00746
50	0.02172	0.02772	0.01648	0.01498	0.01798	0.77228	0.01124	0.02322	0.01648	0.01423	0.00899	0.01049	0.00749	0.00599	0.00524	0.00150	0.01049	0.00375	0.00300	0.00674
51	0.00846	0.00564	0.00634	0.00634	0.00634	0.00564	0.00352	0.00846	0.00846	0.01128	0.01832	0.03805	0.02114	0.79563	0.02960	0.00564	0.00564	0.00846	0.00352	0.00352
52	0.00823	0.00594	0.00777	0.00732	0.00869	0.00549	0.00549	0.01097	0.01646	0.02332	0.75629	0.04344	0.05487	0.01189	0.00686	0.00183	0.00274	0.01052	0.00640	0.00549
53	0.01160	0.01097	0.01856	0.64576	0.17109	0.01308	0.01646	0.01540	0.01192	0.01561	0.01045	0.01530	0.00802	0.00570	0.00580	0.00190	0.00760	0.00517	0.00264	0.00696
54	0.00791	0.00576	0.00745	0.00739	0.00858	0.00530	0.00540	0.01022	0.01518	0.02112	0.56529	0.19650	0.09546	0.01335	0.00697	0.00195	0.00288	0.01185	0.00613	0.00530
55	0.00735	0.00527	0.00689	0.00790	0.00843	0.00492	0.00538	0.00858	0.01180	0.01582	0.12354	0.61652	0.06435	0.05670	0.00847	0.00245	0.00344	0.03199	0.00543	0.00478
56	0.01360	0.41276	0.39975	0.01328	0.02007	0.01823	0.01575	0.01792	0.01205	0.01606	0.00927	0.01081	0.00741	0.00525	0.00463	0.00154	0.00741	0.00371	0.00247	0.00803
57	0.01750	0.01505	0.01924	0.01485	0.01936	0.08635	0.17335	0.25440	0.07815	0.06986	0.01489	0.01807	0.01168	0.00670	0.00593	0.00172	0.00694	0.05173	0.00461	0.12963

[dist]
# distance from previous block
# <min> <max>
2	19

[block]
# block no. 1 follows, 40 sequences, length 72
# corresponding to MSA columns:
# 226-297
name=unknown_B
#
# <colnr> <probs for GDERKNQSTAVLIFYWHMCP>
#	G	D	E	R	K	N	Q	S	T	A	V	L	I	F	Y	W	H	M	C	P
0	0.17386	0.15792	0.11322	0.07901	0.17958	0.03635	0.01288	0.07492	0.01352	0.07667	0.01084	0.01257	0.00837	0.00558	0.00492	0.00167	0.00646	0.00428	0.00344	0.02395
1	0.08505	0.13681	0.01639	0.01168	0.01536	0.21113	0.00946	0.08920	0.18455	0.11453	0.04359	0.01646	0.02785	0.00687	0.00526	0.00168	0.00647	0.00508	0.00461	0.00799
2	0.05060	0.01411	0.08101	0.01995	0.20078	0.01255	0.15383	0.07120	0.03782	0.22595	0.04475	0.01709	0.01241	0.00631	0.00625	0.00184	0.02445	0.00580	0.00451	0.00880
3	0.00815	0.00594	0.00766	0.00723	0.00864	0.00545	0.00542	0.01082	0.01627	0.02287	0.71476	0.04418	0.09668	0.01206	0.00686	0.00184	0.00276	0.01062	0.00634	0.00545
4	0.01073	0.01037	0.01839	0.01425	0.01768	0.00984	0.29434	0.01534	0.08158	0.02023	0.27372	0.03272	0.15662	0.00927	0.00678	0.00192	0.00573	0.00903	0.00482	0.00665
5	0.00725	0.00520	0.00687	0.00813	0.00857	0.00487	0.00555	0.00835	0.01126	0.01492	0.03244	0.70415	0.06039	0.03983	0.00806	0.00246	0.00354	0.05807	0.00534	0.00473
6	0.01098	0.01034	0.01744	0.78165	0.04005	0.01292	0.01615	0.01486	0.01163	0.01486	0.01034	0.01550	0.00775	0.00581	0.00581	0.00194	0.00775	0.00517	0.00258	0.00646
7	0.01494	0.67875	0.14553	0.01099	0.01653	0.02152	0.01176	0.01757	0.01189	0.01442	0.00845	0.00979	0.00745	0.00506	0.00401	0.00134	0.00659	0.00330	0.00248	0.00764
8	0.01439	0.01382	0.02360	0.03569	0.75936	0.01382	0.01785	0.01785	0.01324	0.01900	0.01094	0.01439	0.00921	0.00518	0.00576	0.00173	0.00691	0.00518	0.00288	0.00921
9	0.02101	0.01582	0.01613	0.01289	0.01713	0.07760	0.01045	0.47037	0.16516	0.10801	0.01637	0.01578	0.01169	0.00710	0.00579	0.00177	0.00623	0.00544	0.00575	0.00950
10	0.02351	0.01272	0.07253	0.01144	0.01620	0.01093	0.01002	0.14761	0.06780	0.53297	0.02051	0.01836	0.01332	0.00708	0.00582	0.00181	0.00545	0.00567	0.00651	0.00975
11	0.01682	0.01197	0.01322	0.01153	0.01507	0.01327	0.00907	0.03038	0.60047	0.17410	0.02352	0.02131	0.01707	0.00775	0.00590	0.00194	0.00467	0.00643	0.00618	0.00934
12	0.01681	0.01286	0.01703	0.01613	0.13045	0.01335	0.07492	0.34616	0.01976	0.07069	0.04328	0.11896	0.07572	0.00876	0.00623	0.00186	0.00591	0.00760	0.00512	0.00840
13	0.02172	0.02772	0.01648	0.01498	0.01798	0.77228	0.01124	0.02322	0.01648	0.01423	0.00899	0.01049	0.00749	0.00599	0.00524	0.00150	0.01049	0.00375	0.00300	0.00674
14	0.01098	0.01034	0.01744	0.78165	0.04005	0.01292	0.01615	0.01486	0.01163	0.01486	0.01034	0.01550	0.00775	0.00581	0.00581	0.00194	0.00775	0.00517	0.00258	0.00646
15	0.01098	0.01034	0.01744	0.78165	0.04005	0.01292	0.01615	0.01486	0.01163	0.01486	0.01034	0.01550	0.00775	0.00581	0.00581	0.00194	0.00775	0.00517	0.00258	0.00646
16	0.01056	0.00548	0.00567	0.00562	0.00698	0.00543	0.00422	0.01328	0.01265	0.02185	0.09729	0.02399	0.01915	0.00732	0.00436	0.00141	0.00271	0.00596	0.74065	0.00543
17	0.01412	0.01353	0.02310	0.09626	0.70095	0.01374	0.01771	0.01760	0.01311	0.01866	0.01089	0.01448	0.00909	0.00523	0.00576	0.00174	0.00698	0.00518	0.00285	0.00899
18	0.00823	0.00594	0.00777	0.00732	0.00869	0.00549	0.00549	0.01097	0.01646	0.02332	0.75629	0.04344	0.05487	0.01189	0.00686	0.00183	0.00274	0.01052	0.00640	0.00549
19	0.00700	0.00590	0.00606	0.00602	0.00793	0.00496	0.00451	0.00858	0.01354	0.01640	0.12177	0.05484	0.69371	0.01447	0.00687	0.00195	0.00293	0.01211	0.00549	0.00496
20	0.00833	0.00613	0.00883	0.00883	0.00969	0.00699	0.00662	0.01005	0.00919	0.01312	0.01605	0.02547	0.01568	0.17322	0.64453	0.00871	0.01386	0.00661	0.00319	0.00490
21	0.02211	0.01629	0.01745	0.01338	0.01803	0.01803	0.01105	0.73997	0.02734	0.03665	0.01396	0.01396	0.00989	0.00698	0.00582	0.00175	0.00640	0.00524	0.00582	0.00989
22	0.00831	0.00623	0.00935	0.00935	0.01038	0.00727	0.00727	0.01038	0.00935	0.01350	0.01558	0.02285	0.01454	0.04361	0.77259	0.00935	0.01558	0.00623	0.00312	0.00519
23	0.01401	0.01321	0.01970	0.08076	0.13478	0.01429	0.16948	0.02493	0.41629	0.02150	0.01804	0.01877	0.01369	0.00666	0.00609	0.00193	0.00634	0.00631	0.00453	0.00869
24	0.01281	0.02214	0.36452	0.02127	0.05057	0.01414	0.39195	0.01851	0.01306	0.01854	0.01114	0.01411	0.00818	0.00519	0.00622	0.00190	0.00917	0.00565	0.00272	0.00822
25	0.01436	0.01480	0.01179	0.01064	0.01289	0.28675	0.00807	0.07862	0.01741	0.02115	0.41890	0.02884	0.03366	0.00931	0.00618	0.00170	0.00589	0.00758	0.00511	0.00633
26	0.01841	0.02143	0.01970	0.02434	0.35312	0.42942	0.01422	0.02079	0.01502	0.01639	0.00987	0.01225	0.00827	0.00563	0.00548	0.00160	0.00887	0.00439	0.00294	0.00786
27	0.01714	0.48237	0.10294	0.01063	0.01590	0.01762	0.01062	0.01967	0.01293	0.17748	0.01174	0.01214	0.00905	0.00546	0.00443	0.00140	0.00604	0.00386	0.00359	0.07499
28	0.01555	0.79913	0.03047	0.00995	0.01493	0.02301	0.00995	0.01741	0.01182	0.01368	0.00808	0.00933	0.00746	0.00498	0.00373	0.00124	0.00622	0.00311	0.00249	0.00746
29	0.01166	0.03008	0.76550	0.01657	0.02517	0.01351	0.02149	0.01842	0.01228	0.01842	0.01044	0.01228	0.00737	0.00552	0.00552	0.00184	0.00859	0.00430	0.00246	0.00859
30	0.00709	0.00506	0.00675	0.00810	0.00843	0.00472	0.00540	0.00810	0.01113	0.01484	0.03205	0.79184	0.03846	0.01822	0.00742	0.00236	0.00337	0.01653	0.00540	0.00472
31	0.01564	0.01308	0.01381	0.01207	0.01557	0.01501	0.00949	0.14006	0.63777	0.02622	0.02217	0.02051	0.01654	0.00775	0.00590	0.00194	0.00488	0.00637	0.00590	0.00931
32	0.00709	0.00506	0.00675	0.00810	0.00843	0.00472	0.00540	0.00810	0.01113	0.01484	0.03205	0.79184	0.03846	0.01822	0.00742	0.00236	0.00337	0.01653	0.00540	0.00472
33	0.02527	0.01062	0.01357	0.01058	0.01496	0.03323	0.00867	0.02833	0.05930	0.69645	0.02254	0.01961	0.01437	0.00720	0.00583	0.00180	0.00510	0.00582	0.00699	0.00976
34	0.00858	0.00795	0.06939	0.00827	0.01022	0.00621	0.00701	0.01164	0.01594	0.02258	0.65346	0.04220	0.04977	0.01162	0.00682	0.00188	0.00337	0.05136	0.00602	0.00573
35	0.83671	0.01125	0.00855	0.00765	0.01125	0.01305	0.00630	0.01709	0.00990	0.02609	0.00810	0.00945	0.00630	0.00540	0.00360	0.00180	0.00450	0.00315	0.00360	0.00630
36	0.01555	0.79913	0.03047	0.00995	0.01493	0.02301	0.00995	0.01741	0.01182	0.01368	0.00808	0.00933	0.00746	0.00498	0.00373	0.00124	0.00622	0.00311	0.00249	0.00746
37	0.00805	0.00581	0.00762	0.00744	0.00865	0.00537	0.00547	0.01053	0.01564	0.02202	0.64504	0.15839	0.05235	0.01286	0.00695	0.00191	0.00284	0.01144	0.00625	0.00537
38	0.00706	0.00590	0.00615	0.00608	0.00797	0.00499	0.00456	0.00870	0.01369	0.01674	0.15373	0.05426	0.66153	0.01434	0.00687	0.00195	0.00292	0.01203	0.00554	0.00499
39	0.01166	0.03008	0.76550	0.01657	0.02517	0.01351	0.02149	0.01842	0.01228	0.01842	0.01044	0.01228	0.00737	0.00552	0.00552	0.00184	0.00859	0.00430	0.00246	0.00859
40	0.00838	0.00568	0.00661	0.00657	0.00682	0.00559	0.00393	0.00890	0.00996	0.01353	0.15081	0.06020	0.02767	0.63349	0.02490	0.00486	0.00506	0.00905	0.00409	0.00391
41	0.00770	0.00535	0.00669	0.00743	0.00766	0.00521	0.00471	0.00834	0.00996	0.01333	0.02573	0.45044	0.03035	0.33749	0.04922	0.00400	0.00482	0.01279	0.00453	0.00425
42	0.48471	0.01928	0.33150	0.01146	0.01719	0.01324	0.01278	0.01766	0.01091	0.02282	0.00909	0.01065	0.00675	0.00545	0.00442	0.00182	0.00625	0.00364	0.00311	0.00728
43	0.01283	0.02844	0.70444	0.01607	0.02433	0.01310	0.02044	0.01922	0.01263	0.07890	0.01145	0.01289	0.00794	0.00566	0.00555	0.00184	0.00830	0.00442	0.00284	0.00870
44	0.00811	0.00594	0.00760	0.00718	0.00861	0.00543	0.00539	0.01073	0.01616	0.02262	0.69188	0.04460	0.11971	0.01215	0.00686	0.00184	0.00276	0.01068	0.00631	0.00543
45	0.01166	0.03008	0.76550	0.01657	0.02517	0.01351	0.02149	0.01842	0.01228	0.01842	0.01044	0.01228	0.00737	0.00552	0.00552	0.00184	0.00859	0.00430	0.00246	0.00859
46	0.01200	0.09673	0.70180	0.01600	0.02428	0.01433	0.02049	0.01833	0.01224	0.01801	0.01023	0.01202	0.00737	0.00548	0.00537	0.00179	0.00839	0.00419	0.00246	0.00850
47	0.83671	0.01125	0.00855	0.00765	0.01125	0.01305	0.00630	0.01709	0.00990	0.02609	0.00810	0.00945	0.00630	0.00540	0.00360	0.00180	0.00450	0.00315	0.00360	0.00630
48	0.01010	0.00505	0.00758	0.00758	0.00758	0.00505	0.00505	0.00758	0.00758	0.01010	0.01010	0.01768	0.01010	0.02020	0.02273	0.83081	0.00505	0.00505	0.00253	0.00253
49	0.01010	0.00505	0.00758	0.00758	0.00758	0.00505	0.00505	0.00758	0.00758	0.01010	0.01010	0.01768	0.01010	0.02020	0.02273	0.83081	0.00505	0.00505	0.00253	0.00253
50	0.01151	0.01087	0.01839	0.66707	0.15054	0.01306	0.01641	0.01532	0.01188	0.01549	0.01043	0.01533	0.00798	0.00572	0.00581	0.00191	0.00762	0.00517	0.00263	0.00688
51	0.83671	0.01125	0.00855	0.00765	0.01125	0.01305	0.00630	0.01709	0.00990	0.02609	0.00810	0.00945	0.00630	0.00540	0.00360	0.00180	0.00450	0.00315	0.00360	0.00630
52	0.01252	0.01191	0.02023	0.44444	0.36521	0.01333	0.01692	0.01621	0.01236	0.01673	0.01061	0.01500	0.00841	0.00553	0.00579	0.00184	0.00737	0.00517	0.00272	0.00770
53	0.00709	0.00506	0.00675	0.00810	0.00843	0.00472	0.00540	0.00810	0.01113	0.01484	0.03205	0.79184	0.03846	0.01822	0.00742	0.00236	0.00337	0.01653	0.00540	0.00472
54	0.14136	0.01596	0.01630	0.31830	0.11661	0.23950	0.01310	0.01793	0.01294	0.01686	0.00983	0.01317	0.00784	0.00689	0.02901	0.00199	0.00821	0.00447	0.00292	0.00682
55	0.26413	0.01652	0.01404	0.01165	0.01559	0.16669	0.00934	0.29642	0.06973	0.02730	0.01172	0.01237	0.00883	0.00625	0.00497	0.00169	0.00642	0.00432	0.00448	0.04753
56	0.01327	0.01267	0.02157	0.28139	0.52244	0.01352	0.01729	0.01686	0.01271	0.01763	0.01074	0.01476	0.00873	0.00539	0.00578	0.00180	0.00719	0.00518	0.00278	0.00831
57	0.00810	0.00594	0.00759	0.00718	0.00861	0.00543	0.00538	0.01072	0.01615	0.02257	0.68775	0.04467	0.12387	0.01217	0.00686	0.00184	0.00276	0.01069	0.00630	0.00543
58	0.83671	0.01125	0.00855	0.00765	0.01125	0.01305	0.00630	0.01709	0.00990	0.02609	0.00810	0.00945	0.00630	0.00540	0.00360	0.00180	0.00450	0.00315	0.00360	0.00630
59	0.00823	0.00594	0.00777	0.00732	0.00869	0.00549	0.00549	0.01097	0.01646	0.02332	0.75629	0.04344	0.05487	0.01189	0.00686	0.00183	0.00274	0.01052	0.00640	0.00549
60	0.00846	0.00564	0.00634	0.00634	0.00634	0.00564	0.00352	0.00846	0.00846	0.01128	0.01832	0.03805	0.02114	0.79563	0.02960	0.00564	0.00564	0.00846	0.00352	0.00352
61	0.01206	0.01034	0.01206	0.00861	0.01378	0.00775	0.00689	0.01464	0.01206	0.01895	0.01034	0.01206	0.00861	0.00431	0.00431	0.00086	0.00431	0.00345	0.00345	0.83118
62	0.02211	0.01629	0.01745	0.01338	0.01803	0.01803	0.01105	0.73997	0.02734	0.03665	0.01396	0.01396	0.00989	0.00698	0.00582	0.00175	0.00640	0.00524	0.00582	0.00989
63	0.02172	0.02772	0.01648	0.01498	0.01798	0.77228	0.01124	0.02322	0.01648	0.01423	0.00899	0.01049	0.00749	0.00599	0.00524	0.00150	0.01049	0.00375	0.00300	0.00674
64	0.00846	0.00564	0.00634	0.00634	0.00634	0.00564	0.00352	0.00846	0.00846	0.01128	0.01832	0.03805	0.02114	0.79563	0.02960	0.00564	0.00564	0.00846	0.00352	0.00352
65	0.00823	0.00594	0.00777	0.00732	0.00869	0.00549	0.00549	0.01097	0.01646	0.02332	0.75629	0.04344	0.05487	0.01189	0.00686	0.00183	0.00274	0.01052	0.00640	0.00549
66	0.01269	0.02136	0.36092	0.08009	0.07317	0.01394	0.24568	0.01930	0.07989	0.01878	0.01208	0.01460	0.00892	0.00555	0.00602	0.00189	0.00844	0.00544	0.00296	0.00828
67	0.00984	0.00833	0.01134	0.01088	0.01173	0.00984	0.00889	0.01181	0.01233	0.01719	0.18546	0.11267	0.08309	0.01328	0.01134	0.00236	0.26616	0.20318	0.00465	0.00563
68	0.00687	0.00589	0.00589	0.00589	0.00785	0.00491	0.00442	0.00835	0.01325	0.01571	0.05891	0.05596	0.75700	0.01473	0.00687	0.00196	0.00295	0.01227	0.00540	0.00491
69	0.01226	0.14821	0.65260	0.01556	0.02360	0.01497	0.01971	0.01826	0.01221	0.01769	0.01007	0.01182	0.00738	0.00544	0.00525	0.00175	0.00823	0.00411	0.00246	0.00842
70	0.01679	0.01272	0.01431	0.01062	0.01555	0.01194	0.00865	0.30840	0.01845	0.06180	0.01241	0.01320	0.00941	0.00553	0.00499	0.00126	0.00518	0.00428	0.00458	0.45992
71	0.01637	0.01218	0.01354	0.01103	0.01437	0.01314	0.00886	0.41215	0.08589	0.03071	0.28604	0.02540	0.02701	0.00885	0.00621	0.00180	0.00491	0.00728	0.00604	0.00822

[dist]
# distance from previous block
# <min> <max>
0	1

[block]
# block no. 2 follows, 40 sequences, length 10
# corresponding to MSA columns:
# 299-308
name=unknown_C
#
# <colnr> <probs for GDERKNQSTAVLIFYWHMCP>
#	G	D	E	R	K	N	Q	S	T	A	V	L	I	F	Y	W	H	M	C	P
0	0.01206	0.01034	0.01206	0.00861	0.01378	0.00775	0.00689	0.01464	0.01206	0.01895	0.01034	0.01206	0.00861	0.00431	0.00431	0.00086	0.00431	0.00345	0.00345	0.83118
1	0.01030	0.00927	0.01373	0.01879	0.32716	0.00879	0.01030	0.01283	0.01379	0.01840	0.15679	0.03618	0.32035	0.01019	0.00640	0.00184	0.00459	0.00896	0.00450	0.00683
2	0.01492	0.01084	0.01210	0.01048	0.01294	0.01162	0.00795	0.37881	0.01889	0.02529	0.02058	0.27114	0.02108	0.14324	0.01034	0.00260	0.00529	0.00945	0.00530	0.00714
3	0.02343	0.01213	0.01463	0.01144	0.01583	0.01212	0.00938	0.24071	0.11262	0.45318	0.02036	0.01830	0.01348	0.00722	0.00585	0.00181	0.00534	0.00576	0.00662	0.00981
4	0.02203	0.01867	0.01725	0.01371	0.01802	0.17528	0.01109	0.59054	0.02508	0.03198	0.01292	0.01324	0.00939	0.00677	0.00570	0.00169	0.00725	0.00492	0.00523	0.00923
5	0.01267	0.01205	0.02048	0.41349	0.39506	0.01336	0.01699	0.01633	0.01242	0.01690	0.01063	0.01496	0.00847	0.00550	0.00579	0.00183	0.00734	0.00517	0.00273	0.00782
6	0.01271	0.01210	0.02056	0.40386	0.40435	0.01337	0.01701	0.01637	0.01244	0.01695	0.01064	0.01494	0.00849	0.00549	0.00579	0.00183	0.00732	0.00517	0.00273	0.00785
7	0.01715	0.01335	0.01479	0.01103	0.01593	0.01296	0.00900	0.38198	0.01980	0.02791	0.01217	0.01302	0.00926	0.00566	0.00507	0.00131	0.00537	0.00435	0.00465	0.41523
8	0.20655	0.01011	0.01129	0.00897	0.01279	0.00962	0.00726	0.01682	0.01242	0.14456	0.06204	0.01756	0.05931	0.00666	0.00593	0.00151	0.06809	0.00492	0.00435	0.32925
9	0.07156	0.01897	0.01442	0.01278	0.01605	0.34892	0.00985	0.07214	0.25510	0.06719	0.04462	0.01619	0.01323	0.00695	0.00550	0.00172	0.00726	0.00513	0.00457	0.00787

[dist]
# distance from previous block
# <min> <max>
30	109

[block]
# block no. 3 follows, 40 sequences, length 12
# corresponding to MSA columns:
# 437-448
name=unknown_D
#
# <colnr> <probs for GDERKNQSTAVLIFYWHMCP>
#	G	D	E	R	K	N	Q	S	T	A	V	L	I	F	Y	W	H	M	C	P
0	0.08217	0.09727	0.07423	0.01227	0.01598	0.01412	0.03273	0.08697	0.03505	0.20193	0.03475	0.01510	0.01112	0.00725	0.00849	0.00186	0.19001	0.00499	0.00435	0.06935
1	0.07794	0.28655	0.04520	0.00959	0.01383	0.03694	0.00867	0.01899	0.01366	0.21942	0.07506	0.01983	0.08894	0.00714	0.00500	0.00156	0.00525	0.00544	0.00452	0.05648
2	0.01900	0.00833	0.01122	0.00914	0.01240	0.00733	0.00733	0.02144	0.01657	0.46948	0.31418	0.02918	0.03047	0.00906	0.00625	0.00181	0.00407	0.00770	0.00688	0.00815
3	0.01206	0.01034	0.01206	0.00861	0.01378	0.00775	0.00689	0.01464	0.01206	0.01895	0.01034	0.01206	0.00861	0.00431	0.00431	0.00086	0.00431	0.00345	0.00345	0.83118
4	0.01465	0.01106	0.01263	0.01143	0.01432	0.01194	0.00945	0.28583	0.13514	0.02544	0.02540	0.07047	0.07260	0.01138	0.00676	0.00215	0.00537	0.26074	0.00562	0.00760
5	0.00709	0.00506	0.00675	0.00810	0.00843	0.00472	0.00540	0.00810	0.01113	0.01484	0.03205	0.79184	0.03846	0.01822	0.00742	0.00236	0.00337	0.01653	0.00540	0.00472
6	0.01206	0.01034	0.01206	0.00861	0.01378	0.00775	0.00689	0.01464	0.01206	0.01895	0.01034	0.01206	0.00861	0.00431	0.00431	0.00086	0.00431	0.00345	0.00345	0.83118
7	0.01206	0.01034	0.01206	0.00861	0.01378	0.00775	0.00689	0.01464	0.01206	0.01895	0.01034	0.01206	0.00861	0.00431	0.00431	0.00086	0.00431	0.00345	0.00345	0.83118
8	0.01439	0.01382	0.02360	0.03569	0.75936	0.01382	0.01785	0.01785	0.01324	0.01900	0.01094	0.01439	0.00921	0.00518	0.00576	0.00173	0.00691	0.00518	0.00288	0.00921
9	0.01206	0.01034	0.01206	0.00861	0.01378	0.00775	0.00689	0.01464	0.01206	0.01895	0.01034	0.01206	0.00861	0.00431	0.00431	0.00086	0.00431	0.00345	0.00345	0.83118
10	0.01216	0.01179	0.02131	0.01617	0.01990	0.01157	0.34536	0.08402	0.01526	0.02073	0.19389	0.05335	0.10539	0.00863	0.00748	0.00196	0.05127	0.00842	0.00438	0.00696
11	0.01098	0.01034	0.01744	0.78165	0.04005	0.01292	0.01615	0.01486	0.01163	0.01486	0.01034	0.01550	0.00775	0.00581	0.00581	0.00194	0.00775	0.00517	0.00258	0.00646

[dist]
# distance from previous block
# <min> <max>
0	1

[block]
# block no. 4 follows, 40 sequences, length 60
# corresponding to MSA columns:
# 450-509
name=unknown_E
#
# <colnr> <probs for GDERKNQSTAVLIFYWHMCP>
#	G	D	E	R	K	N	Q	S	T	A	V	L	I	F	Y	W	H	M	C	P
0	0.00857	0.00660	0.00965	0.00950	0.01055	0.00671	0.05685	0.01047	0.02770	0.01454	0.02395	0.26130	0.04570	0.18943	0.20571	0.00482	0.00763	0.09107	0.00426	0.00498
1	0.01084	0.00542	0.00542	0.00542	0.00678	0.00542	0.00407	0.01355	0.01220	0.02168	0.01897	0.02168	0.01491	0.00678	0.00407	0.00136	0.00271	0.00542	0.82791	0.00542
2	0.01242	0.01180	0.02004	0.46709	0.34337	0.01330	0.01687	0.01612	0.01231	0.01660	0.01059	0.01504	0.00837	0.00555	0.00579	0.00185	0.00740	0.00517	0.00271	0.00762
3	0.00823	0.00594	0.00777	0.00732	0.00869	0.00549	0.00549	0.01097	0.01646	0.02332	0.75629	0.04344	0.05487	0.01189	0.00686	0.00183	0.00274	0.01052	0.00640	0.00549
4	0.00973	0.01953	0.44554	0.01300	0.01811	0.00980	0.01470	0.01406	0.01180	0.01691	0.01955	0.34101	0.02048	0.01088	0.00633	0.00206	0.00639	0.00946	0.00370	0.00696
5	0.00842	0.00577	0.00704	0.00704	0.00727	0.00601	0.00439	0.00890	0.00866	0.01179	0.01769	0.03455	0.01962	0.62216	0.20098	0.00649	0.00793	0.00794	0.00343	0.00391
6	0.01798	0.01015	0.01266	0.00934	0.01423	0.00809	0.00759	0.02042	0.01399	0.33287	0.01565	0.01532	0.01105	0.00553	0.00496	0.00126	0.00458	0.00446	0.00503	0.48485
7	0.00831	0.00623	0.00935	0.00935	0.01038	0.00727	0.00727	0.01038	0.00935	0.01350	0.01558	0.02285	0.01454	0.04361	0.77259	0.00935	0.01558	0.00623	0.00312	0.00519
8	0.02078	0.01271	0.01913	0.01457	0.01918	0.04829	0.20293	0.02591	0.12982	0.41373	0.01940	0.01854	0.01310	0.00664	0.00610	0.00185	0.00646	0.00613	0.00566	0.00909
9	0.01206	0.01034	0.01206	0.00861	0.01378	0.00775	0.00689	0.01464	0.01206	0.01895	0.01034	0.01206	0.00861	0.00431	0.00431	0.00086	0.00431	0.00345	0.00345	0.83118
10	0.01585	0.01207	0.02316	0.01731	0.02181	0.01114	0.38819	0.01950	0.01465	0.21703	0.09643	0.06040	0.01809	0.00755	0.00669	0.00196	0.00719	0.04842	0.00470	0.00784
11	0.02172	0.02772	0.01648	0.01498	0.01798	0.77228	0.01124	0.02322	0.01648	0.01423	0.00899	0.01049	0.00749	0.00599	0.00524	0.00150	0.01049	0.00375	0.00300	0.00674
12	0.01362	0.41684	0.39585	0.01324	0.02002	0.01829	0.01568	0.01791	0.01205	0.01604	0.00925	0.01079	0.00741	0.00525	0.00462	0.00154	0.00740	0.00370	0.00247	0.00803
13	0.01555	0.79913	0.03047	0.00995	0.01493	0.02301	0.00995	0.01741	0.01182	0.01368	0.00808	0.00933	0.00746	0.00498	0.00373	0.00124	0.00622	0.00311	0.00249	0.00746
14	0.01166	0.03008	0.76550	0.01657	0.02517	0.01351	0.02149	0.01842	0.01228	0.01842	0.01044	0.01228	0.00737	0.00552	0.00552	0.00184	0.00859	0.00430	0.00246	0.00859
15	0.00709	0.00506	0.00675	0.00810	0.00843	0.00472	0.00540	0.00810	0.01113	0.01484	0.03205	0.79184	0.03846	0.01822	0.00742	0.00236	0.00337	0.01653	0.00540	0.00472
16	0.01279	0.05146	0.42461	0.06052	0.26220	0.01398	0.01902	0.01863	0.04840	0.01854	0.01115	0.01347	0.00849	0.00552	0.00557	0.00179	0.00773	0.00469	0.00277	0.00867
17	0.00709	0.00506	0.00675	0.00810	0.00843	0.00472	0.00540	0.00810	0.01113	0.01484	0.03205	0.79184	0.03846	0.01822	0.00742	0.00236	0.00337	0.01653	0.00540	0.00472
18	0.01404	0.01251	0.01803	0.04169	0.42765	0.06405	0.01335	0.04400	0.01498	0.05663	0.20980	0.02212	0.02148	0.00720	0.00602	0.00175	0.00595	0.00654	0.00414	0.00805
19	0.00968	0.01612	0.32730	0.01122	0.01564	0.00887	0.01223	0.01411	0.01470	0.02125	0.44177	0.03030	0.03484	0.00920	0.00630	0.00183	0.00521	0.00789	0.00474	0.00680
20	0.49876	0.33550	0.01757	0.00860	0.01276	0.01715	0.00780	0.01723	0.01069	0.02098	0.00809	0.00940	0.00678	0.00522	0.00365	0.00157	0.00521	0.00313	0.00314	0.00678
21	0.01501	0.69359	0.13134	0.01086	0.01633	0.02171	0.01153	0.01755	0.01188	0.01433	0.00841	0.00973	0.00745	0.00505	0.00398	0.00133	0.00654	0.00327	0.00248	0.00762
22	0.00704	0.00590	0.00612	0.00607	0.00796	0.00498	0.00455	0.00867	0.01365	0.01665	0.14527	0.05441	0.67005	0.01438	0.00687	0.00195	0.00292	0.01206	0.00552	0.00498
23	0.00708	0.00590	0.00618	0.00611	0.00798	0.00500	0.00458	0.00875	0.01375	0.01689	0.16744	0.05402	0.64773	0.01429	0.00687	0.00194	0.00291	0.01200	0.00556	0.00500
24	0.01562	0.01272	0.01325	0.01173	0.01510	0.03375	0.00917	0.06166	0.63339	0.07055	0.02269	0.02094	0.01685	0.00773	0.00584	0.00192	0.00481	0.00637	0.02679	0.00912
25	0.00742	0.00587	0.00667	0.00656	0.00821	0.00513	0.00489	0.00937	0.01441	0.01866	0.33163	0.08687	0.44612	0.01378	0.00689	0.00193	0.00289	0.01179	0.00579	0.00513
26	0.00732	0.00594	0.00690	0.00722	0.00848	0.00552	0.00524	0.00870	0.01249	0.01578	0.08906	0.31229	0.42428	0.01556	0.00767	0.00212	0.04186	0.01331	0.00532	0.00495
27	0.02006	0.01527	0.01630	0.01297	0.01725	0.01708	0.01056	0.55019	0.22045	0.03335	0.01656	0.01603	0.01199	0.00722	0.00584	0.00181	0.00592	0.00559	0.00584	0.00971
28	0.01325	0.01171	0.01668	0.02163	0.32824	0.01239	0.01289	0.02102	0.26813	0.02047	0.01995	0.02879	0.01779	0.00864	0.00634	0.00203	0.00575	0.17145	0.00451	0.00831
29	0.01217	0.12951	0.67047	0.01572	0.02384	0.01473	0.01999	0.01829	0.01222	0.01780	0.01013	0.01190	0.00738	0.00545	0.00529	0.00176	0.00829	0.00414	0.00246	0.00845
30	0.00709	0.00506	0.00675	0.00810	0.00843	0.00472	0.00540	0.00810	0.01113	0.01484	0.03205	0.79184	0.03846	0.01822	0.00742	0.00236	0.00337	0.01653	0.00540	0.00472
31	0.01206	0.01034	0.01206	0.00861	0.01378	0.00775	0.00689	0.01464	0.01206	0.01895	0.01034	0.01206	0.00861	0.00431	0.00431	0.00086	0.00431	0.00345	0.00345	0.83118
32	0.01555	0.79913	0.03047	0.00995	0.01493	0.02301	0.00995	0.01741	0.01182	0.01368	0.00808	0.00933	0.00746	0.00498	0.00373	0.00124	0.00622	0.00311	0.00249	0.00746
33	0.01427	0.01369	0.02338	0.06332	0.73272	0.01378	0.01778	0.01774	0.01318	0.01884	0.01092	0.01443	0.00916	0.00520	0.00576	0.00173	0.00694	0.00518	0.00287	0.00911
34	0.83671	0.01125	0.00855	0.00765	0.01125	0.01305	0.00630	0.01709	0.00990	0.02609	0.00810	0.00945	0.00630	0.00540	0.00360	0.00180	0.00450	0.00315	0.00360	0.00630
35	0.01010	0.00505	0.00758	0.00758	0.00758	0.00505	0.00505	0.00758	0.00758	0.01010	0.01010	0.01768	0.01010	0.02020	0.02273	0.83081	0.00505	0.00505	0.00253	0.00253
36	0.01010	0.00505	0.00758	0.00758	0.00758	0.00505	0.00505	0.00758	0.00758	0.01010	0.01010	0.01768	0.01010	0.02020	0.02273	0.83081	0.00505	0.00505	0.00253	0.00253
37	0.01429	0.01371	0.02341	0.05879	0.73708	0.01379	0.01779	0.01775	0.01319	0.01887	0.01092	0.01443	0.00917	0.00520	0.00576	0.00173	0.00693	0.00518	0.00287	0.00913
38	0.83671	0.01125	0.00855	0.00765	0.01125	0.01305	0.00630	0.01709	0.00990	0.02609	0.00810	0.00945	0.00630	0.00540	0.00360	0.00180	0.00450	0.00315	0.00360	0.00630
39	0.01166	0.03008	0.76550	0.01657	0.02517	0.01351	0.02149	0.01842	0.01228	0.01842	0.01044	0.01228	0.00737	0.00552	0.00552	0.00184	0.00859	0.00430	0.00246	0.00859
40	0.00702	0.00531	0.00649	0.00743	0.00826	0.00478	0.00510	0.00817	0.01177	0.01510	0.04013	0.57044	0.25464	0.01717	0.00726	0.00224	0.00324	0.01525	0.00540	0.00478
41	0.01185	0.01167	0.01745	0.61355	0.03476	0.05473	0.01532	0.01517	0.01144	0.01468	0.00982	0.01477	0.00772	0.00655	0.00798	0.00201	0.13640	0.00508	0.00260	0.00646
42	0.83671	0.01125	0.00855	0.00765	0.01125	0.01305	0.00630	0.01709	0.00990	0.02609	0.00810	0.00945	0.00630	0.00540	0.00360	0.00180	0.00450	0.00315	0.00360	0.00630
43	0.01357	0.01297	0.02211	0.21629	0.58521	0.01360	0.01744	0.01712	0.01285	0.01800	0.01079	0.01466	0.00886	0.00533	0.00577	0.00178	0.00711	0.00518	0.00281	0.00855
44	0.00796	0.00593	0.00740	0.00703	0.00852	0.00537	0.00527	0.01045	0.01582	0.02180	0.61689	0.04594	0.19521	0.01246	0.00686	0.00186	0.00278	0.01087	0.00620	0.00537
45	0.83671	0.01125	0.00855	0.00765	0.01125	0.01305	0.00630	0.01709	0.00990	0.02609	0.00810	0.00945	0.00630	0.00540	0.00360	0.00180	0.00450	0.00315	0.00360	0.00630
46	0.00823	0.00594	0.00777	0.00732	0.00869	0.00549	0.00549	0.01097	0.01646	0.02332	0.75629	0.04344	0.05487	0.01189	0.00686	0.00183	0.00274	0.01052	0.00640	0.00549
47	0.00846	0.00564	0.00634	0.00634	0.00634	0.00564	0.00352	0.00846	0.00846	0.01128	0.01832	0.03805	0.02114	0.79563	0.02960	0.00564	0.00564	0.00846	0.00352	0.00352
48	0.01206	0.01034	0.01206	0.00861	0.01378	0.00775	0.00689	0.01464	0.01206	0.01895	0.01034	0.01206	0.00861	0.00431	0.00431	0.00086	0.00431	0.00345	0.00345	0.83118
49	0.01555	0.79913	0.03047	0.00995	0.01493	0.02301	0.00995	0.01741	0.01182	0.01368	0.00808	0.00933	0.00746	0.00498	0.00373	0.00124	0.00622	0.00311	0.00249	0.00746
50	0.02172	0.02772	0.01648	0.01498	0.01798	0.77228	0.01124	0.02322	0.01648	0.01423	0.00899	0.01049	0.00749	0.00599	0.00524	0.00150	0.01049	0.00375	0.00300	0.00674
51	0.00846	0.00564	0.00634	0.00634	0.00634	0.00564	0.00352	0.00846	0.00846	0.01128	0.01832	0.03805	0.02114	0.79563	0.02960	0.00564	0.00564	0.00846	0.00352	0.00352
52	0.00823	0.00594	0.00777	0.00732	0.00869	0.00549	0.00549	0.01097	0.01646	0.02332	0.75629	0.04344	0.05487	0.01189	0.00686	0.00183	0.00274	0.01052	0.00640	0.00549
53	0.01688	0.01438	0.01992	0.02525	0.42318	0.03805	0.01436	0.17660	0.13103	0.06071	0.01411	0.01559	0.01089	0.00612	0.00578	0.00177	0.00645	0.00540	0.00421	0.00931
54	0.00776	0.00555	0.00753	0.00887	0.00951	0.00531	0.00658	0.00927	0.01180	0.01560	0.03168	0.57613	0.03698	0.01758	0.00760	0.00246	0.00396	0.22554	0.00539	0.00491
55	0.00723	0.00519	0.00690	0.00821	0.00866	0.00486	0.00563	0.00836	0.01134	0.01504	0.03269	0.72423	0.05735	0.01798	0.00745	0.00237	0.00349	0.06285	0.00540	0.00477
56	0.01782	0.01305	0.12091	0.01056	0.01589	0.00909	0.00973	0.02125	0.03458	0.32402	0.01589	0.01553	0.01106	0.00577	0.00516	0.00142	0.00519	0.00464	0.00491	0.35355
57	0.01355	0.01050	0.01236	0.00931	0.01374	0.00896	0.00745	0.10051	0.01439	0.06389	0.07655	0.04470	0.01418	0.00611	0.00529	0.00120	0.02425	0.00494	0.00425	0.56388
58	0.01648	0.05000	0.30438	0.01401	0.01999	0.01535	0.01454	0.28280	0.13379	0.04773	0.01408	0.01448	0.01016	0.00642	0.00560	0.00178	0.00685	0.00497	0.00439	0.03219
59	0.23364	0.02015	0.33957	0.01276	0.01882	0.01355	0.01389	0.13110	0.04182	0.05982	0.01146	0.01249	0.00828	0.00582	0.00502	0.00176	0.00659	0.00425	0.00370	0.05551

[dist]
# distance from previous block
# <min> <max>
7	130

[block]
# block no. 5 follows, 40 sequences, length 15
# corresponding to MSA columns:
# 656-670
name=unknown_F
#
# <colnr> <probs for GDERKNQSTAVLIFYWHMCP>
#	G	D	E	R	K	N	Q	S	T	A	V	L	I	F	Y	W	H	M	C	P
0	0.04291	0.01168	0.01318	0.00994	0.01471	0.01062	0.00802	0.15397	0.09110	0.07920	0.01327	0.01391	0.01015	0.00543	0.00485	0.00124	0.00479	0.00428	0.00443	0.50233
1	0.01535	0.01089	0.01209	0.01032	0.01374	0.01139	0.00815	0.09765	0.34831	0.14099	0.06768	0.02676	0.13888	0.00879	0.00600	0.00184	0.00445	0.00726	0.00589	0.06360
2	0.19756	0.01195	0.01262	0.01064	0.01437	0.01305	0.00854	0.13117	0.29549	0.18128	0.05056	0.01842	0.01500	0.00724	0.00542	0.00186	0.00484	0.00565	0.00568	0.00865
3	0.01828	0.01409	0.01514	0.01233	0.01623	0.01573	0.00994	0.43262	0.27558	0.03125	0.08093	0.01916	0.01646	0.00772	0.00594	0.00183	0.00547	0.00615	0.00590	0.00928
4	0.01439	0.01382	0.02360	0.03569	0.75936	0.01382	0.01785	0.01785	0.01324	0.01900	0.01094	0.01439	0.00921	0.00518	0.00576	0.00173	0.00691	0.00518	0.00288	0.00921
5	0.01126	0.00831	0.01008	0.00969	0.01179	0.00867	0.00774	0.01813	0.23861	0.05695	0.31526	0.04131	0.03625	0.01151	0.00682	0.00209	0.00407	0.18863	0.00603	0.00679
6	0.00986	0.00938	0.01646	0.01337	0.01591	0.00937	0.23609	0.01235	0.01169	0.01562	0.02549	0.11999	0.17799	0.07656	0.16686	0.00384	0.06040	0.00907	0.00382	0.00586
7	0.00774	0.00609	0.00714	0.00762	0.00925	0.00549	0.00609	0.00962	0.01332	0.01657	0.08376	0.10805	0.44584	0.01524	0.00727	0.00221	0.00372	0.23448	0.00544	0.00507
8	0.01293	0.01206	0.01510	0.01963	0.30991	0.09277	0.01072	0.01629	0.09310	0.01613	0.01495	0.02380	0.01452	0.30685	0.01481	0.00322	0.00656	0.00643	0.00347	0.00678
9	0.29364	0.01249	0.01600	0.01987	0.31173	0.01324	0.01169	0.05160	0.09443	0.10323	0.01282	0.01410	0.00976	0.00585	0.00506	0.00179	0.00561	0.00472	0.00405	0.00833
10	0.01713	0.01562	0.01857	0.02166	0.29982	0.09889	0.01318	0.20078	0.20871	0.02423	0.01479	0.01576	0.01141	0.00642	0.00576	0.00177	0.00658	0.00540	0.00441	0.00910
11	0.34479	0.01371	0.01896	0.01436	0.01901	0.01434	0.24162	0.17551	0.01507	0.02557	0.01069	0.01259	0.00803	0.00552	0.00517	0.00178	0.00660	0.00481	0.00386	0.05800
12	0.06954	0.01475	0.01486	0.01209	0.01608	0.06596	0.00975	0.38894	0.18379	0.08762	0.01893	0.01824	0.05818	0.00752	0.00573	0.00180	0.00583	0.00579	0.00560	0.00900
13	0.02100	0.01819	0.01800	0.01426	0.01858	0.16267	0.05541	0.51012	0.07316	0.03040	0.01353	0.01392	0.00989	0.00673	0.00578	0.00173	0.00727	0.00514	0.00511	0.00911
14	0.01794	0.01570	0.01458	0.01226	0.01586	0.13933	0.00970	0.33703	0.20832	0.02682	0.02109	0.04574	0.09323	0.00826	0.00592	0.00181	0.00614	0.00647	0.00532	0.00849

[dist]
# distance from previous block
# <min> <max>
2	14

[block]
# block no. 6 follows, 40 sequences, length 19
# corresponding to MSA columns:
# 685-703
name=unknown_G
#
# <colnr> <probs for GDERKNQSTAVLIFYWHMCP>
#	G	D	E	R	K	N	Q	S	T	A	V	L	I	F	Y	W	H	M	C	P
0	0.04184	0.01379	0.01701	0.01335	0.01749	0.01485	0.08576	0.34845	0.15931	0.12723	0.03939	0.01830	0.03483	0.00740	0.00639	0.00186	0.03210	0.00604	0.00555	0.00905
1	0.06289	0.01573	0.01581	0.01265	0.01680	0.13736	0.03570	0.31250	0.07572	0.18001	0.03855	0.01588	0.01217	0.00684	0.00564	0.00172	0.00647	0.00528	0.00537	0.03692
2	0.07067	0.01250	0.01467	0.01140	0.01585	0.01266	0.00939	0.29424	0.05730	0.41148	0.01876	0.01711	0.01241	0.00705	0.00571	0.00179	0.00545	0.00550	0.00641	0.00965
3	0.29824	0.01150	0.00992	0.00935	0.01149	0.13719	0.00716	0.01464	0.01063	0.01774	0.01219	0.01788	0.01126	0.11080	0.29134	0.00498	0.00973	0.00500	0.00331	0.00564
4	0.01098	0.01034	0.01744	0.78165	0.04005	0.01292	0.01615	0.01486	0.01163	0.01486	0.01034	0.01550	0.00775	0.00581	0.00581	0.00194	0.00775	0.00517	0.00258	0.00646
5	0.01439	0.01382	0.02360	0.03569	0.75936	0.01382	0.01785	0.01785	0.01324	0.01900	0.01094	0.01439	0.00921	0.00518	0.00576	0.00173	0.00691	0.00518	0.00288	0.00921
6	0.01287	0.26978	0.53641	0.01451	0.02198	0.01647	0.01789	0.01810	0.01213	0.01694	0.00970	0.01136	0.00740	0.00535	0.00497	0.00166	0.00785	0.00393	0.00247	0.00824
