[name]
unknown

[dist]
# distance from previous block
# <min> <max>
1	44

[block]
# block no. 0 follows, 45 sequences, length 17
# corresponding to MSA columns:
# 46-62
name=unknown_A
#
# <colnr> <probs for GDERKNQSTAVLIFYWHMCP>
#	G	D	E	R	K	N	Q	S	T	A	V	L	I	F	Y	W	H	M	C	P
0	0.01950	0.01267	0.01433	0.01111	0.01519	0.01323	0.00917	0.49055	0.02118	0.18722	0.04287	0.01675	0.01228	0.00679	0.00538	0.00159	0.00531	0.03409	0.00546	0.07534
1	0.01046	0.16128	0.13776	0.00933	0.01206	0.00943	0.00864	0.01257	0.01094	0.07512	0.02003	0.30054	0.02147	0.09616	0.00805	0.00222	0.00493	0.08929	0.00398	0.00574
2	0.01313	0.34357	0.11524	0.01450	0.01941	0.01562	0.27300	0.01631	0.01171	0.04702	0.01125	0.07507	0.00987	0.00569	0.00501	0.00155	0.00690	0.00531	0.00284	0.00703
3	0.01231	0.15651	0.29676	0.01817	0.05663	0.01446	0.33591	0.01690	0.01187	0.01636	0.00981	0.01231	0.00747	0.00475	0.00536	0.00165	0.00797	0.00483	0.00248	0.00748
4	0.01122	0.00856	0.00978	0.00916	0.01109	0.00909	0.00688	0.18479	0.16882	0.02097	0.10478	0.36073	0.04845	0.01177	0.00616	0.00191	0.00391	0.01028	0.00527	0.00638
5	0.01124	0.00860	0.06696	0.00763	0.01050	0.00678	0.00657	0.07202	0.01405	0.16106	0.10405	0.03822	0.44978	0.01084	0.00599	0.00175	0.00370	0.00900	0.00520	0.00607
6	0.01451	0.01467	0.01537	0.01975	0.34174	0.24977	0.01127	0.01696	0.01289	0.01683	0.01148	0.01394	0.00939	0.00540	0.00476	0.00144	0.00638	0.00443	0.22213	0.00689
7	0.01653	0.00721	0.00977	0.00866	0.01115	0.00637	0.00664	0.01811	0.01317	0.45089	0.02480	0.35831	0.02285	0.01103	0.00602	0.00188	0.00394	0.00965	0.00593	0.00708
8	0.00789	0.00563	0.00800	0.00800	0.00888	0.00639	0.00607	0.00964	0.00876	0.01289	0.01493	0.02256	0.01413	0.12353	0.63646	0.00760	0.01232	0.00592	0.07576	0.00464
9	0.00781	0.00520	0.00585	0.00585	0.00585	0.00520	0.00325	0.00781	0.00781	0.01041	0.01691	0.03513	0.01952	0.81135	0.02732	0.00520	0.00520	0.00781	0.00325	0.00325
10	0.00760	0.00549	0.00718	0.00675	0.00802	0.00506	0.00506	0.01013	0.01519	0.02153	0.77503	0.04010	0.05065	0.01097	0.00633	0.00169	0.00253	0.00971	0.00591	0.00506
11	0.01255	0.01258	0.01237	0.01183	0.03771	0.18854	0.05654	0.03846	0.22408	0.01693	0.02023	0.30510	0.02022	0.01009	0.00588	0.00184	0.00551	0.00877	0.00440	0.00640
12	0.01417	0.01466	0.01509	0.31351	0.06086	0.21612	0.01190	0.05105	0.21389	0.01692	0.01265	0.01451	0.00969	0.00594	0.00525	0.00167	0.00695	0.00478	0.00344	0.00696
13	0.06592	0.08089	0.03310	0.00973	0.01299	0.05926	0.01991	0.11445	0.11463	0.13836	0.04880	0.12903	0.05122	0.00799	0.00522	0.00162	0.00479	0.00655	0.02174	0.07379
14	0.22719	0.07812	0.07097	0.01627	0.21422	0.06451	0.01115	0.13849	0.07420	0.04109	0.01075	0.01198	0.00832	0.00541	0.00464	0.00159	0.00580	0.00414	0.00354	0.00762
15	0.06611	0.00916	0.01166	0.01115	0.07796	0.00981	0.00810	0.07107	0.03205	0.08647	0.07379	0.01722	0.01351	0.01132	0.11429	0.00254	0.12980	0.00507	0.12371	0.12522
16	0.19919	0.05922	0.10883	0.01163	0.01592	0.03305	0.08982	0.11403	0.11962	0.14146	0.04648	0.01466	0.01131	0.00597	0.00493	0.00166	0.00561	0.00479	0.00425	0.00758

[dist]
# distance from previous block
# <min> <max>
0	14

[block]
# block no. 1 follows, 45 sequences, length 19
# corresponding to MSA columns:
# 77-95
name=unknown_B
#
# <colnr> <probs for GDERKNQSTAVLIFYWHMCP>
#	G	D	E	R	K	N	Q	S	T	A	V	L	I	F	Y	W	H	M	C	P
0	0.03590	0.23028	0.28228	0.01339	0.05512	0.12865	0.01324	0.08735	0.02601	0.01731	0.04260	0.01196	0.00919	0.00550	0.00489	0.00151	0.02059	0.00400	0.00290	0.00734
1	0.01482	0.06564	0.20365	0.03653	0.05460	0.06333	0.01153	0.11646	0.04763	0.14922	0.02825	0.08328	0.04146	0.00699	0.00526	0.00162	0.00588	0.00568	0.00407	0.05407
2	0.01686	0.21414	0.08040	0.01490	0.15206	0.10307	0.01120	0.09555	0.04953	0.16462	0.01215	0.01271	0.00912	0.00546	0.00476	0.00146	0.00614	0.00422	0.00374	0.03792
3	0.01498	0.00972	0.01224	0.04279	0.12965	0.04205	0.00870	0.03671	0.11596	0.25359	0.06698	0.07961	0.14685	0.00850	0.00569	0.00173	0.00462	0.00723	0.00507	0.00735
4	0.01310	0.04042	0.06198	0.00901	0.01168	0.00913	0.00756	0.19281	0.01497	0.10937	0.05421	0.22947	0.05300	0.01057	0.02894	0.00192	0.00458	0.00810	0.13263	0.00655
5	0.06709	0.05465	0.38377	0.01814	0.20612	0.01217	0.03898	0.01720	0.01197	0.08339	0.04874	0.01365	0.00995	0.00540	0.00509	0.00165	0.00668	0.00453	0.00300	0.00783
6	0.01321	0.43543	0.06404	0.01460	0.01949	0.01718	0.29902	0.01620	0.01158	0.01464	0.00978	0.04363	0.00854	0.00509	0.00478	0.00147	0.00701	0.00477	0.00257	0.00697
7	0.00779	0.00545	0.00705	0.00753	0.00804	0.00556	0.00539	0.00885	0.00942	0.01261	0.02120	0.15689	0.02368	0.37002	0.14620	0.00465	0.00635	0.18537	0.00386	0.00408
8	0.01413	0.01870	0.31179	0.01911	0.22568	0.04672	0.04771	0.04779	0.09044	0.10714	0.01247	0.01369	0.00915	0.00546	0.00528	0.00167	0.00679	0.00468	0.00337	0.00823
9	0.01522	0.01114	0.01468	0.06399	0.15690	0.06893	0.04759	0.06245	0.09384	0.19231	0.05131	0.06207	0.01660	0.00794	0.00579	0.00180	0.00561	0.10981	0.00460	0.00743
10	0.02344	0.01016	0.01309	0.01004	0.01421	0.00941	0.00829	0.15373	0.01708	0.65159	0.01974	0.01733	0.01256	0.00661	0.00539	0.00165	0.00480	0.00530	0.00642	0.00913
11	0.00737	0.00544	0.00754	0.04418	0.02684	0.00563	0.00579	0.00854	0.00947	0.01286	0.02214	0.41627	0.02522	0.17342	0.19930	0.00428	0.00649	0.01083	0.00397	0.00442
12	0.01510	0.01831	0.19860	0.05617	0.05314	0.13167	0.04309	0.20229	0.16555	0.02143	0.01390	0.01462	0.02964	0.00613	0.00531	0.00166	0.00677	0.00489	0.00385	0.00788
13	0.00964	0.00911	0.04627	0.00986	0.01144	0.04738	0.03425	0.04495	0.09784	0.01588	0.05827	0.34258	0.02339	0.04012	0.12476	0.00308	0.06170	0.00965	0.00423	0.00558
14	0.01119	0.00610	0.00818	0.00833	0.00984	0.00559	0.00636	0.01275	0.01210	0.19930	0.04306	0.41826	0.06648	0.01370	0.00658	0.00208	0.00379	0.15525	0.00539	0.00565
15	0.17095	0.01049	0.01598	0.44077	0.10697	0.01223	0.06789	0.03407	0.01104	0.01703	0.00954	0.01319	0.00735	0.00535	0.00540	0.00174	0.03237	0.00454	0.02675	0.00635
16	0.04452	0.12516	0.27043	0.01518	0.02059	0.17856	0.17669	0.05295	0.01309	0.04013	0.00976	0.01151	0.00740	0.00511	0.00506	0.00158	0.00793	0.00428	0.00279	0.00730
17	0.01245	0.01340	0.02049	0.01660	0.03579	0.09542	0.26119	0.01490	0.01097	0.01492	0.04782	0.04015	0.01074	0.00857	0.03622	0.00221	0.34330	0.00575	0.00280	0.00630
18	0.00898	0.00799	0.00754	0.00768	0.00909	0.09510	0.00555	0.05561	0.01251	0.01537	0.03477	0.36653	0.29971	0.01337	0.00625	0.00189	0.00387	0.01150	0.03173	0.00495

[dist]
# distance from previous block
# <min> <max>
6	8

[block]
# block no. 2 follows, 45 sequences, length 7
# corresponding to MSA columns:
# 104-110
name=unknown_C
#
# <colnr> <probs for GDERKNQSTAVLIFYWHMCP>
#	G	D	E	R	K	N	Q	S	T	A	V	L	I	F	Y	W	H	M	C	P
0	0.00637	0.00535	0.00553	0.00568	0.00731	0.00451	0.00419	0.00768	0.01200	0.01441	0.05144	0.14125	0.68799	0.01398	0.00640	0.00186	0.00277	0.01179	0.00498	0.00451
1	0.01467	0.10817	0.01842	0.06923	0.31837	0.08612	0.01227	0.02050	0.20469	0.07446	0.01339	0.01454	0.01044	0.00564	0.00510	0.00160	0.00598	0.00480	0.00362	0.00798
2	0.01468	0.01808	0.35729	0.01198	0.01799	0.01053	0.01307	0.08372	0.01341	0.18963	0.01248	0.01297	0.00873	0.00529	0.00492	0.00147	0.00605	0.00417	0.00374	0.20979
3	0.01873	0.10283	0.05478	0.01126	0.01549	0.03868	0.00978	0.46056	0.02026	0.12757	0.01508	0.01492	0.04339	0.00648	0.00512	0.00156	0.00567	0.00490	0.03456	0.00838
4	0.05229	0.14392	0.52308	0.01368	0.02008	0.01435	0.01629	0.07186	0.01199	0.01766	0.00927	0.01094	0.00696	0.00541	0.00563	0.00165	0.06091	0.00386	0.00256	0.00762
5	0.41721	0.00761	0.00640	0.00600	0.00826	0.00842	0.00475	0.01410	0.01023	0.02199	0.01264	0.01453	0.00990	0.00564	0.00354	0.00145	0.00330	0.00399	0.43464	0.00540
6	0.00844	0.00542	0.00712	0.00748	0.00813	0.00539	0.00519	0.00944	0.00969	0.06453	0.02233	0.33376	0.02485	0.25916	0.15754	0.00426	0.00603	0.05259	0.00418	0.00446

[dist]
# distance from previous block
# <min> <max>
0	1

[block]
# block no. 3 follows, 45 sequences, length 52
# corresponding to MSA columns:
# 112-131,134-139,141-166
name=unknown_D
#
# <colnr> <probs for GDERKNQSTAVLIFYWHMCP>
#	G	D	E	R	K	N	Q	S	T	A	V	L	I	F	Y	W	H	M	C	P
0	0.00877	0.00805	0.03448	0.07614	0.18281	0.00755	0.04899	0.01076	0.01090	0.01484	0.02210	0.50343	0.02498	0.01225	0.00631	0.00199	0.00461	0.01130	0.00406	0.00566
1	0.00679	0.00541	0.00616	0.00664	0.00804	0.00478	0.00507	0.00825	0.01185	0.01461	0.04467	0.21101	0.49122	0.01448	0.00664	0.00200	0.00319	0.13965	0.00498	0.00457
2	0.01989	0.22538	0.04570	0.07147	0.01590	0.01195	0.00923	0.02214	0.01366	0.48714	0.01617	0.01512	0.01085	0.00594	0.00486	0.00154	0.00521	0.00462	0.00498	0.00824
3	0.12475	0.01484	0.18393	0.01116	0.01582	0.01174	0.01074	0.23458	0.01626	0.24155	0.02940	0.05653	0.01158	0.00666	0.00515	0.00168	0.00553	0.00521	0.00477	0.00811
4	0.52890	0.07571	0.07292	0.01249	0.10915	0.03176	0.06791	0.01623	0.01025	0.02102	0.00825	0.00996	0.00652	0.00491	0.00399	0.00162	0.00537	0.00350	0.00302	0.00652
5	0.11903	0.01535	0.01786	0.10122	0.12711	0.19001	0.13908	0.09501	0.09047	0.03747	0.01118	0.01298	0.00858	0.00547	0.00516	0.00164	0.00709	0.00466	0.00340	0.00724
6	0.00661	0.00477	0.00628	0.00746	0.00789	0.00444	0.00508	0.00763	0.01046	0.01384	0.03086	0.73786	0.07485	0.01657	0.00685	0.00217	0.00317	0.04382	0.00498	0.00439
7	0.01386	0.01178	0.01242	0.01103	0.01415	0.01359	0.00862	0.08076	0.71512	0.02327	0.02121	0.01952	0.01587	0.00722	0.00546	0.00181	0.00437	0.00598	0.00546	0.00854
8	0.01329	0.01275	0.02179	0.03295	0.77787	0.01275	0.01647	0.01647	0.01222	0.01754	0.01010	0.01329	0.00850	0.00478	0.00531	0.00159	0.00638	0.00478	0.00266	0.00850
9	0.01256	0.01178	0.01990	0.16508	0.60732	0.01220	0.01552	0.01578	0.01191	0.01700	0.01040	0.01382	0.00855	0.00496	0.00524	0.00161	0.00631	0.00479	0.04739	0.00787
10	0.01335	0.50691	0.02365	0.01107	0.01390	0.01940	0.01017	0.01486	0.00988	0.01274	0.00730	0.00981	0.00695	0.00643	0.00888	0.00161	0.31071	0.00357	0.00232	0.00650
11	0.00754	0.00548	0.00709	0.00669	0.00798	0.00504	0.00502	0.01001	0.01505	0.02118	0.73989	0.04066	0.08601	0.01110	0.00633	0.00169	0.00254	0.00979	0.00586	0.00504
12	0.00781	0.00520	0.00585	0.00585	0.00585	0.00520	0.00325	0.00781	0.00781	0.01041	0.01691	0.03513	0.01952	0.81135	0.02732	0.00520	0.00520	0.00781	0.00325	0.00325
13	0.00735	0.00548	0.00683	0.00649	0.00786	0.00496	0.00487	0.00964	0.01460	0.02011	0.63026	0.04242	0.19630	0.01150	0.00633	0.00171	0.00257	0.01003	0.00572	0.00496
14	0.00732	0.00500	0.00600	0.00647	0.00659	0.00488	0.00391	0.00768	0.00875	0.01166	0.02173	0.32903	0.02560	0.50916	0.01954	0.00405	0.00441	0.01064	0.00391	0.00367
15	0.01582	0.20668	0.31150	0.01163	0.01722	0.01291	0.01271	0.01988	0.03930	0.25779	0.03557	0.01403	0.01049	0.00572	0.00485	0.00156	0.00606	0.00440	0.00388	0.00800
16	0.01236	0.01278	0.02384	0.13657	0.27102	0.01352	0.29354	0.01579	0.01155	0.01614	0.00983	0.01364	0.00795	0.00549	0.00762	0.00182	0.13135	0.00535	0.00259	0.00725
17	0.00781	0.00520	0.00585	0.00585	0.00585	0.00520	0.00325	0.00781	0.00781	0.01041	0.01691	0.03513	0.01952	0.81135	0.02732	0.00520	0.00520	0.00781	0.00325	0.00325
18	0.01329	0.10603	0.40761	0.01310	0.01898	0.01397	0.01453	0.10752	0.19176	0.04209	0.01301	0.01348	0.00954	0.00576	0.00505	0.00166	0.00649	0.00449	0.00352	0.00813
19	0.84927	0.01038	0.00789	0.00706	0.01038	0.01204	0.00581	0.01578	0.00914	0.02408	0.00747	0.00872	0.00581	0.00498	0.00332	0.00166	0.00415	0.00291	0.00332	0.00581
20	0.01525	0.44311	0.11383	0.01034	0.01494	0.01672	0.01016	0.07978	0.08722	0.11267	0.01214	0.04145	0.00987	0.00579	0.00437	0.00142	0.00563	0.00426	0.00351	0.00755
21	0.01389	0.00664	0.00843	0.00747	0.00910	0.00613	0.00524	0.01480	0.01101	0.30636	0.02012	0.12447	0.01911	0.40445	0.01638	0.00347	0.00470	0.00781	0.00477	0.00564
22	0.00780	0.00525	0.00607	0.00607	0.00615	0.00532	0.00352	0.00795	0.00787	0.01057	0.01671	0.03403	0.01904	0.75094	0.08708	0.00547	0.00592	0.00765	0.00322	0.00337
23	0.01126	0.06531	0.52858	0.01691	0.07746	0.01270	0.12919	0.01655	0.01175	0.01699	0.04026	0.01394	0.00935	0.00539	0.00531	0.00169	0.00760	0.01955	0.00256	0.00764
24	0.01284	0.01435	0.02571	0.07966	0.02466	0.07492	0.47237	0.01628	0.01171	0.01563	0.00969	0.01347	0.00772	0.00578	0.00872	0.00190	0.18962	0.00562	0.00261	0.00675
25	0.01061	0.00581	0.00766	0.00773	0.00911	0.00523	0.00558	0.01196	0.01197	0.18942	0.08695	0.50955	0.08959	0.01380	0.00644	0.00200	0.00337	0.01228	0.00543	0.00552
26	0.01341	0.01364	0.02615	0.24907	0.10589	0.01370	0.43258	0.03860	0.01316	0.01780	0.01166	0.01589	0.00907	0.00568	0.00642	0.00200	0.00847	0.00604	0.00311	0.00766
27	0.01215	0.01200	0.02103	0.02106	0.24142	0.05132	0.28795	0.01526	0.01238	0.03881	0.03190	0.15342	0.01538	0.00761	0.00609	0.00182	0.00675	0.05331	0.00341	0.00693
28	0.01590	0.01237	0.01323	0.01115	0.01453	0.01393	0.00884	0.27301	0.46072	0.05412	0.01862	0.01816	0.01396	0.03882	0.00629	0.00188	0.00485	0.00570	0.00539	0.00852
29	0.01281	0.01157	0.01741	0.11544	0.39617	0.01125	0.01271	0.07349	0.01273	0.01834	0.01008	0.01272	0.00822	0.00474	0.00492	0.00138	0.00570	0.00430	0.00300	0.26303
30	0.02229	0.01201	0.01424	0.01092	0.01514	0.01216	0.00902	0.38418	0.02018	0.41676	0.01713	0.01564	0.01126	0.00655	0.00538	0.00164	0.00522	0.00512	0.00602	0.00913
31	0.00887	0.00713	0.00883	0.00886	0.01026	0.00743	0.02802	0.01439	0.24185	0.01711	0.08573	0.46452	0.04948	0.01301	0.00636	0.00201	0.00358	0.01166	0.00514	0.00576
32	0.00682	0.00540	0.00614	0.00608	0.00757	0.00471	0.00451	0.00858	0.01317	0.01701	0.31663	0.10667	0.45190	0.01289	0.00638	0.00180	0.00268	0.01104	0.00532	0.00471
33	0.00651	0.00515	0.00587	0.00631	0.00751	0.00451	0.00450	0.00780	0.01171	0.01473	0.09915	0.33840	0.43963	0.01462	0.00654	0.00194	0.00286	0.01270	0.00505	0.00451
34	0.84927	0.01038	0.00789	0.00706	0.01038	0.01204	0.00581	0.01578	0.00914	0.02408	0.00747	0.00872	0.00581	0.00498	0.00332	0.00166	0.00415	0.00291	0.00332	0.00581
35	0.01211	0.00951	0.01123	0.00807	0.01279	0.00721	0.00648	0.01447	0.01145	0.07496	0.01042	0.01167	0.00835	0.00418	0.00408	0.00086	0.00402	0.00335	0.00344	0.78136
36	0.01066	0.00954	0.01350	0.38443	0.02427	0.00943	0.01043	0.01361	0.01094	0.01569	0.00954	0.01265	0.00757	0.00464	0.00464	0.00127	0.00549	0.00394	0.00280	0.44496
37	0.01001	0.00500	0.00500	0.00500	0.00625	0.00500	0.00375	0.01251	0.01126	0.02001	0.01751	0.02001	0.01376	0.00625	0.00375	0.00125	0.00250	0.00500	0.84115	0.00500
38	0.00658	0.00479	0.00611	0.00714	0.00762	0.00443	0.00478	0.00752	0.01039	0.01363	0.03198	0.67282	0.12642	0.05885	0.00788	0.00230	0.00318	0.01437	0.00489	0.00432
39	0.00695	0.00561	0.00623	0.00630	0.00784	0.00501	0.00468	0.00908	0.04423	0.01607	0.18340	0.15370	0.48858	0.01332	0.00640	0.00186	0.00285	0.02795	0.00518	0.00478
40	0.04141	0.01523	0.09430	0.07168	0.01845	0.04988	0.04234	0.35661	0.16227	0.07209	0.01406	0.01432	0.01014	0.00623	0.00532	0.00168	0.00606	0.00495	0.00463	0.00834
41	0.01001	0.00500	0.00500	0.00500	0.00625	0.00500	0.00375	0.01251	0.01126	0.02001	0.01751	0.02001	0.01376	0.00625	0.00375	0.00125	0.00250	0.00500	0.84115	0.00500
42	0.00705	0.00493	0.00626	0.00698	0.00725	0.00478	0.00451	0.00777	0.00952	0.01278	0.04634	0.48857	0.02949	0.27995	0.05542	0.00351	0.00439	0.01213	0.00433	0.00404
43	0.02974	0.00762	0.01171	0.25335	0.03642	0.00828	0.04504	0.01191	0.02870	0.01533	0.03862	0.19251	0.05963	0.01104	0.00635	0.00207	0.00528	0.22699	0.00400	0.00541
44	0.01511	0.23155	0.05670	0.15079	0.07964	0.17211	0.05849	0.07253	0.01308	0.04584	0.00944	0.01155	0.00757	0.00542	0.00544	0.00153	0.04927	0.00408	0.00286	0.00699
45	0.01759	0.08209	0.06084	0.01219	0.01544	0.48084	0.00993	0.09930	0.01530	0.03287	0.01313	0.01402	0.06678	0.00622	0.00488	0.00144	0.00783	0.00432	0.04844	0.00656
46	0.01138	0.03808	0.58011	0.01523	0.02203	0.01193	0.11004	0.01671	0.01160	0.05281	0.01181	0.07269	0.00946	0.00598	0.00537	0.00174	0.00751	0.00517	0.00274	0.00761
47	0.01394	0.01097	0.03295	0.00995	0.01429	0.00973	0.03920	0.05907	0.20289	0.12014	0.01440	0.01455	0.01082	0.00534	0.00474	0.00128	0.00454	0.00444	0.00428	0.42249
48	0.00667	0.00545	0.00589	0.00578	0.00745	0.00467	0.00433	0.00833	0.01300	0.01633	0.24162	0.04866	0.58731	0.01291	0.00634	0.00178	0.00267	0.01091	0.00522	0.00467
49	0.01113	0.00954	0.01113	0.00795	0.01272	0.00716	0.00636	0.01352	0.01113	0.01749	0.00954	0.01113	0.00795	0.00398	0.00398	0.00080	0.00398	0.00318	0.00318	0.84417
50	0.00718	0.02246	0.06349	0.00844	0.00952	0.00551	0.02106	0.00863	0.01047	0.01406	0.02731	0.69708	0.03219	0.01543	0.00666	0.00213	0.00368	0.03526	0.00469	0.00474
51	0.84927	0.01038	0.00789	0.00706	0.01038	0.01204	0.00581	0.01578	0.00914	0.02408	0.00747	0.00872	0.00581	0.00498	0.00332	0.00166	0.00415	0.00291	0.00332	0.00581

[dist]
# distance from previous block
# <min> <max>
2	3

[block]
# block no. 4 follows, 45 sequences, length 83
# corresponding to MSA columns:
# 170-232,235-254
name=unknown_E
#
# <colnr> <probs for GDERKNQSTAVLIFYWHMCP>
#	G	D	E	R	K	N	Q	S	T	A	V	L	I	F	Y	W	H	M	C	P
0	0.01468	0.00932	0.01140	0.00837	0.01287	0.00731	0.00676	0.01698	0.01243	0.23235	0.03327	0.01391	0.01059	0.00491	0.00444	0.00106	0.00410	0.00398	0.00423	0.58705
1	0.00693	0.00546	0.00625	0.00605	0.00761	0.00478	0.00454	0.00884	0.01362	0.01780	0.39231	0.04624	0.43570	0.01237	0.00634	0.00175	0.00263	0.01057	0.00542	0.00478
2	0.00760	0.00566	0.00835	0.00844	0.00931	0.00649	0.00645	0.00937	0.00871	0.01246	0.01552	0.07556	0.01518	0.06954	0.70586	0.00805	0.01324	0.00649	0.00304	0.00470
3	0.01458	0.01150	0.01235	0.01088	0.01407	0.01306	0.00853	0.06325	0.67038	0.08584	0.02136	0.01954	0.01578	0.00719	0.00545	0.00180	0.00435	0.00595	0.00556	0.00858
4	0.01347	0.01121	0.01186	0.01065	0.01364	0.01289	0.00829	0.02783	0.71998	0.04038	0.02166	0.01999	0.01621	0.00723	0.00539	0.00179	0.00419	0.00601	0.03897	0.00837
5	0.02397	0.00932	0.01257	0.00964	0.01379	0.00816	0.00796	0.04889	0.01567	0.75843	0.02092	0.01810	0.01316	0.00664	0.00540	0.00166	0.00461	0.00538	0.00660	0.00914
6	0.00865	0.00618	0.00865	0.00989	0.01112	0.00618	0.00865	0.01112	0.01236	0.01606	0.02842	0.06055	0.03089	0.01483	0.00741	0.00247	0.00494	0.74174	0.00494	0.00494
7	0.01045	0.00971	0.01610	0.77464	0.03636	0.01207	0.01477	0.03632	0.01117	0.01432	0.00964	0.01427	0.00722	0.00540	0.00537	0.00178	0.00712	0.00477	0.00248	0.00606
8	0.04163	0.48631	0.03973	0.01094	0.01491	0.29965	0.00975	0.01803	0.01242	0.01326	0.00781	0.00906	0.00686	0.00496	0.00398	0.00126	0.00717	0.00311	0.00250	0.00664
9	0.00656	0.00469	0.00625	0.00746	0.00779	0.00438	0.00498	0.00753	0.01038	0.01387	0.04549	0.79147	0.03583	0.01669	0.00684	0.00217	0.00310	0.01514	0.00500	0.00438
10	0.01258	0.01278	0.02225	0.01702	0.02083	0.01346	0.38665	0.02028	0.27188	0.01855	0.03133	0.03120	0.01229	0.00639	0.00731	0.00188	0.09588	0.00630	0.00373	0.00742
11	0.00695	0.00546	0.00628	0.00608	0.00762	0.00479	0.00456	0.00888	0.01367	0.01791	0.40443	0.04604	0.42351	0.01232	0.00634	0.00175	0.00263	0.01054	0.00543	0.00479
12	0.01567	0.01046	0.01105	0.00900	0.01191	0.01134	0.00726	0.41935	0.01887	0.02753	0.01499	0.01613	0.01124	0.00636	0.00463	0.00145	0.00436	0.00491	0.38624	0.00725
13	0.02282	0.01116	0.01371	0.01051	0.01471	0.01090	0.00868	0.27840	0.01876	0.52455	0.01833	0.01642	0.01186	0.00658	0.00539	0.00164	0.00503	0.00520	0.00621	0.00913
14	0.01687	0.01328	0.01412	0.01163	0.01530	0.01499	0.00935	0.39301	0.39795	0.02812	0.01738	0.01647	0.01277	0.00686	0.00542	0.00172	0.00507	0.00545	0.00542	0.00881
15	0.84927	0.01038	0.00789	0.00706	0.01038	0.01204	0.00581	0.01578	0.00914	0.02408	0.00747	0.00872	0.00581	0.00498	0.00332	0.00166	0.00415	0.00291	0.00332	0.00581
16	0.00665	0.00538	0.00594	0.00632	0.00766	0.00477	0.00454	0.00833	0.03717	0.01450	0.04475	0.31052	0.49554	0.01449	0.00649	0.00194	0.00291	0.01250	0.00500	0.00461
17	0.01547	0.01251	0.01610	0.01843	0.27690	0.03613	0.01132	0.13319	0.23908	0.09622	0.01500	0.01544	0.01132	0.00592	0.00525	0.00160	0.00540	0.00506	0.00434	0.07531
18	0.01675	0.01045	0.01244	0.00929	0.01370	0.00925	0.00756	0.16871	0.01533	0.24590	0.03070	0.01424	0.01071	0.00542	0.00473	0.00124	0.00451	0.00431	0.00471	0.41006
19	0.01337	0.15961	0.05117	0.02235	0.28178	0.01426	0.27678	0.03644	0.01246	0.03475	0.01092	0.04187	0.00914	0.00519	0.00539	0.00162	0.00708	0.00535	0.00285	0.00762
20	0.01161	0.02251	0.50834	0.02055	0.21301	0.01266	0.10168	0.01689	0.01171	0.01716	0.00989	0.01217	0.00738	0.00496	0.00529	0.00169	0.00767	0.00444	0.00241	0.00800
21	0.01329	0.01275	0.02179	0.03295	0.77787	0.01275	0.01647	0.01647	0.01222	0.01754	0.01010	0.01329	0.00850	0.00478	0.00531	0.00159	0.00638	0.00478	0.00266	0.00850
22	0.01444	0.12636	0.42032	0.01330	0.01943	0.04044	0.01492	0.17138	0.04813	0.06534	0.01120	0.01204	0.00811	0.00551	0.00496	0.00160	0.00692	0.00416	0.00333	0.00808
23	0.01115	0.03783	0.36601	0.13492	0.06998	0.01169	0.03463	0.03341	0.01163	0.04296	0.04274	0.09977	0.01217	0.00698	0.00625	0.00179	0.06030	0.00575	0.00300	0.00705
24	0.00681	0.00510	0.00631	0.00684	0.00776	0.00463	0.00484	0.00825	0.01191	0.01571	0.20730	0.41004	0.22201	0.02881	0.00699	0.00204	0.00297	0.03198	0.00516	0.00456
25	0.01736	0.01381	0.01762	0.10586	0.22202	0.01508	0.01240	0.47804	0.02014	0.02723	0.01177	0.01315	0.00874	0.00588	0.00535	0.00163	0.00617	0.00481	0.00431	0.00861
26	0.03270	0.01325	0.02118	0.17478	0.17554	0.07139	0.25436	0.01828	0.13348	0.01722	0.01277	0.01531	0.02388	0.00545	0.00562	0.00173	0.00718	0.00547	0.00314	0.00728
27	0.00681	0.00490	0.00666	0.00777	0.00822	0.00475	0.00543	0.00796	0.01023	0.01373	0.02780	0.66855	0.03271	0.01931	0.09459	0.00292	0.00450	0.06397	0.00474	0.00445
28	0.00682	0.00546	0.00609	0.00593	0.00754	0.00473	0.00445	0.00862	0.01335	0.01715	0.32651	0.04729	0.50191	0.01261	0.00634	0.00177	0.00265	0.01072	0.00533	0.00473
29	0.01267	0.01339	0.05548	0.01521	0.04791	0.09842	0.23366	0.03824	0.01171	0.01642	0.01128	0.01533	0.00945	0.05399	0.00935	0.00196	0.18615	0.00526	0.15780	0.00631
30	0.00990	0.00687	0.01038	0.00946	0.00974	0.00808	0.03408	0.00906	0.00765	0.01077	0.00925	0.01553	0.00907	0.01770	0.08576	0.53261	0.20327	0.00483	0.00240	0.00360
31	0.00865	0.00618	0.00865	0.00989	0.01112	0.00618	0.00865	0.01112	0.01236	0.01606	0.02842	0.06055	0.03089	0.01483	0.00741	0.00247	0.00494	0.74174	0.00494	0.00494
32	0.84927	0.01038	0.00789	0.00706	0.01038	0.01204	0.00581	0.01578	0.00914	0.02408	0.00747	0.00872	0.00581	0.00498	0.00332	0.00166	0.00415	0.00291	0.00332	0.00581
33	0.84927	0.01038	0.00789	0.00706	0.01038	0.01204	0.00581	0.01578	0.00914	0.02408	0.00747	0.00872	0.00581	0.00498	0.00332	0.00166	0.00415	0.00291	0.00332	0.00581
34	0.00964	0.00802	0.01121	0.01073	0.03656	0.00971	0.00824	0.02528	0.04408	0.02720	0.11470	0.02162	0.04162	0.02346	0.36639	0.00503	0.22141	0.00614	0.00342	0.00555
35	0.00768	0.00570	0.00834	0.00834	0.00920	0.00656	0.00636	0.00940	0.00854	0.01225	0.01464	0.02252	0.01404	0.11906	0.71213	0.00828	0.01344	0.00596	0.00291	0.00464
36	0.00745	0.00508	0.00607	0.00650	0.00664	0.00498	0.00398	0.00783	0.00873	0.01163	0.02123	0.27349	0.02484	0.53817	0.02031	0.00418	0.00455	0.03686	0.00385	0.00365
37	0.01325	0.28950	0.03046	0.01800	0.02315	0.01621	0.50085	0.01681	0.01206	0.01563	0.00969	0.01246	0.00771	0.00455	0.00534	0.00158	0.00791	0.00514	0.00257	0.00712
38	0.01578	0.01593	0.01256	0.01092	0.01361	0.31899	0.00844	0.20941	0.01761	0.02092	0.22367	0.02176	0.07220	0.00782	0.00549	0.00156	0.00625	0.00607	0.00446	0.00654
39	0.00723	0.00496	0.00603	0.00659	0.00673	0.00482	0.00404	0.00765	0.00893	0.01191	0.02269	0.38726	0.02680	0.44928	0.01799	0.00383	0.00425	0.01120	0.00404	0.00376
40	0.45151	0.01573	0.01141	0.01000	0.01327	0.25170	0.00791	0.11897	0.04086	0.02198	0.00899	0.00999	0.00699	0.00543	0.00414	0.00157	0.00609	0.00345	0.00351	0.00649
41	0.01486	0.01016	0.01485	0.30961	0.02259	0.01199	0.01156	0.06384	0.01227	0.22404	0.01299	0.04224	0.00991	0.00719	0.00850	0.00190	0.20543	0.00529	0.00382	0.00695
42	0.01610	0.01372	0.01500	0.24136	0.02182	0.11826	0.01094	0.27549	0.06158	0.06299	0.01189	0.01339	0.00878	0.00579	0.00515	0.00156	0.00640	0.00455	0.00397	0.10127
43	0.00956	0.00682	0.00725	0.00688	0.00872	0.00699	0.00523	0.01497	0.20194	0.01953	0.15069	0.03097	0.20553	0.00906	0.00523	0.00160	0.00300	0.00757	0.29268	0.00577
44	0.01335	0.01153	0.01214	0.01092	0.01396	0.01335	0.00850	0.02852	0.76817	0.02245	0.02185	0.02003	0.01639	0.00728	0.00546	0.00182	0.00425	0.00607	0.00546	0.00850
45	0.01174	0.01174	0.01644	0.01409	0.01409	0.01644	0.01174	0.01292	0.00822	0.01292	0.00705	0.01174	0.00705	0.00940	0.01762	0.00235	0.80153	0.00470	0.00235	0.00587
46	0.00654	0.00467	0.00623	0.00747	0.00779	0.00436	0.00498	0.00747	0.01028	0.01370	0.02959	0.80785	0.03550	0.01682	0.00685	0.00218	0.00311	0.01526	0.00498	0.00436
47	0.00677	0.00545	0.00603	0.00588	0.00751	0.00471	0.00441	0.00853	0.01324	0.01689	0.29920	0.04773	0.52938	0.01270	0.00634	0.00177	0.00266	0.01078	0.00530	0.00471
48	0.02072	0.01453	0.01579	0.01211	0.01639	0.01589	0.01000	0.69654	0.02438	0.09847	0.01360	0.01335	0.00949	0.00646	0.00537	0.00162	0.00579	0.00488	0.00548	0.00913
49	0.02030	0.02175	0.01539	0.01322	0.01651	0.52373	0.01023	0.24974	0.01831	0.04629	0.01016	0.01097	0.00782	0.00585	0.00502	0.00146	0.00834	0.00395	0.00371	0.00722
50	0.01335	0.01153	0.01214	0.01092	0.01396	0.01335	0.00850	0.02852	0.76817	0.02245	0.02185	0.02003	0.01639	0.00728	0.00546	0.00182	0.00425	0.00607	0.00546	0.00850
51	0.00677	0.00545	0.00604	0.00589	0.00751	0.00471	0.00442	0.00854	0.01325	0.01692	0.30210	0.04769	0.52646	0.01269	0.00634	0.00177	0.00265	0.01077	0.00530	0.00471
52	0.01320	0.01328	0.04826	0.03233	0.75164	0.01274	0.01659	0.01649	0.01219	0.01752	0.01008	0.01322	0.00844	0.00479	0.00531	0.00160	0.00643	0.00475	0.00264	0.00848
53	0.02017	0.01492	0.01598	0.01230	0.01656	0.01653	0.01014	0.73519	0.05040	0.03344	0.01319	0.01313	0.00937	0.00647	0.00537	0.00162	0.00585	0.00487	0.00537	0.00911
54	0.01427	0.01356	0.01187	0.01044	0.01291	0.21513	0.00810	0.13627	0.13069	0.03849	0.22563	0.02350	0.07370	0.00879	0.02010	0.00177	0.03699	0.00647	0.00469	0.00663
55	0.01329	0.01275	0.02179	0.03295	0.77787	0.01275	0.01647	0.01647	0.01222	0.01754	0.01010	0.01329	0.00850	0.00478	0.00531	0.00159	0.00638	0.00478	0.00266	0.00850
56	0.00767	0.00575	0.00863	0.00863	0.00959	0.00671	0.00671	0.00959	0.00863	0.01246	0.01438	0.02109	0.01342	0.04026	0.79008	0.00863	0.01438	0.00575	0.00288	0.00479
57	0.01077	0.02777	0.78354	0.01530	0.02323	0.01247	0.01983	0.01700	0.01133	0.01700	0.00963	0.01133	0.00680	0.00510	0.00510	0.00170	0.00793	0.00397	0.00227	0.00793
58	0.01253	0.01285	0.02251	0.02294	0.28050	0.01438	0.22055	0.01533	0.01083	0.01569	0.00915	0.01303	0.00785	0.00646	0.01026	0.00194	0.30830	0.00518	0.00256	0.00716
59	0.02408	0.00914	0.01246	0.00955	0.01370	0.00789	0.00789	0.02616	0.01536	0.78158	0.02118	0.01827	0.01329	0.00664	0.00540	0.00166	0.00457	0.00540	0.00664	0.00914
60	0.01720	0.01079	0.01234	0.01049	0.01393	0.01155	0.00833	0.04475	0.49210	0.28366	0.02141	0.01926	0.01515	0.00704	0.00544	0.00176	0.00440	0.00581	0.00587	0.00873
61	0.00799	0.01263	0.27340	0.01011	0.01308	0.00715	0.01006	0.01075	0.01069	0.01486	0.02338	0.51416	0.04511	0.01270	0.00624	0.00201	0.00476	0.01127	0.00405	0.00559
62	0.01583	0.01831	0.01194	0.01103	0.01333	0.50305	0.00830	0.01771	0.03033	0.01449	0.01626	0.01758	0.10683	0.00905	0.05784	0.00192	0.00792	0.00490	0.12761	0.00578
63	0.54443	0.08202	0.01338	0.03276	0.20497	0.01303	0.00902	0.01593	0.01011	0.02117	0.00818	0.01000	0.00662	0.00491	0.00388	0.00160	0.00493	0.00342	0.00304	0.00659
64	0.00690	0.00519	0.00638	0.00665	0.00773	0.00468	0.00477	0.00856	0.01271	0.01694	0.32418	0.30712	0.24124	0.01369	0.00651	0.00189	0.00278	0.01205	0.00534	0.00468
65	0.01117	0.00964	0.01174	0.00965	0.06503	0.00747	0.00702	0.01357	0.01118	0.01740	0.01007	0.03096	0.00867	0.00435	0.00414	0.00088	0.00412	0.00359	0.00319	0.76617
66	0.00717	0.00547	0.00658	0.00630	0.00776	0.00488	0.00473	0.00930	0.01418	0.01911	0.52732	0.04407	0.29987	0.01187	0.00634	0.00173	0.00260	0.01026	0.00559	0.00488
67	0.00865	0.00618	0.00865	0.00989	0.01112	0.00618	0.00865	0.01112	0.01236	0.01606	0.02842	0.06055	0.03089	0.01483	0.00741	0.00247	0.00494	0.74174	0.00494	0.00494
68	0.01174	0.01174	0.01644	0.01409	0.01409	0.01644	0.01174	0.01292	0.00822	0.01292	0.00705	0.01174	0.00705	0.00940	0.01762	0.00235	0.80153	0.00470	0.00235	0.00587
69	0.00920	0.00732	0.00885	0.00743	0.01005	0.00637	0.00573	0.01257	0.06842	0.02002	0.43793	0.02899	0.05286	0.00837	0.00546	0.00139	0.00316	0.00724	0.00491	0.29373
70	0.01435	0.81458	0.02813	0.00918	0.01378	0.02124	0.00918	0.01607	0.01091	0.01263	0.00746	0.00861	0.00689	0.00459	0.00344	0.00115	0.00574	0.00287	0.00230	0.00689
71	0.00932	0.00466	0.00699	0.00699	0.00699	0.00466	0.00466	0.00699	0.00699	0.00932	0.00932	0.01632	0.00932	0.01865	0.02098	0.84382	0.00466	0.00466	0.00233	0.00233
72	0.00760	0.00549	0.00718	0.00675	0.00802	0.00506	0.00506	0.01013	0.01519	0.02153	0.77503	0.04010	0.05065	0.01097	0.00633	0.00169	0.00253	0.00971	0.00591	0.00506
73	0.01429	0.01598	0.02600	0.02132	0.11370	0.14364	0.46019	0.05370	0.01336	0.01709	0.01019	0.01328	0.00796	0.00513	0.00665	0.00174	0.06024	0.00549	0.00282	0.00722
74	0.03266	0.08248	0.01326	0.28899	0.02000	0.00998	0.00968	0.01439	0.01109	0.12823	0.03806	0.01844	0.03935	0.01475	0.20189	0.00339	0.00779	0.00529	0.05419	0.00608
75	0.00757	0.00549	0.00713	0.00672	0.00800	0.00505	0.00504	0.01007	0.01513	0.02136	0.75811	0.04037	0.06768	0.01104	0.00633	0.00169	0.00254	0.00975	0.00589	0.00505
76	0.00932	0.00466	0.00699	0.00699	0.00699	0.00466	0.00466	0.00699	0.00699	0.00932	0.00932	0.01632	0.00932	0.01865	0.02098	0.84382	0.00466	0.00466	0.00233	0.00233
77	0.01292	0.25638	0.49874	0.01304	0.01968	0.01465	0.01573	0.01749	0.01154	0.07902	0.00995	0.01111	0.00736	0.00508	0.00464	0.00154	0.00701	0.00376	0.00264	0.00773
78	0.01113	0.01541	0.23015	0.22737	0.02571	0.01162	0.22564	0.03316	0.01184	0.01679	0.01162	0.04220	0.00912	0.00558	0.00544	0.00172	0.00722	0.00539	0.09609	0.00678
79	0.01966	0.01443	0.01543	0.01194	0.01605	0.01597	0.00983	0.69863	0.04972	0.03277	0.01342	0.01348	0.00960	0.00646	0.00529	0.00160	0.00568	0.00488	0.04625	0.00891
80	0.01199	0.01110	0.01997	0.27646	0.02577	0.01180	0.29315	0.07872	0.01275	0.01788	0.01172	0.01523	0.00890	0.00539	0.00571	0.00170	0.02469	0.00541	0.15514	0.00654
81	0.01345	0.01190	0.01671	0.34107	0.05589	0.09031	0.10730	0.06951	0.04102	0.08898	0.08225	0.01743	0.02817	0.00620	0.00555	0.00171	0.00667	0.00553	0.00358	0.00676
82	0.07359	0.10969	0.08625	0.25452	0.09523	0.01390	0.03896	0.13559	0.03912	0.06759	0.01088	0.01302	0.00818	0.00555	0.00530	0.00165	0.02586	0.00449	0.00332	0.00732

[dist]
# distance from previous block
# <min> <max>
0	5

[block]
# block no. 5 follows, 45 sequences, length 8
# corresponding to MSA columns:
# 260-267
name=unknown_F
#
# <colnr> <probs for GDERKNQSTAVLIFYWHMCP>
#	G	D	E	R	K	N	Q	S	T	A	V	L	I	F	Y	W	H	M	C	P
0	0.13612	0.25524	0.01742	0.01025	0.01366	0.04317	0.03315	0.19852	0.03789	0.02005	0.01169	0.01620	0.01038	0.06995	0.02990	0.00205	0.03147	0.05247	0.00360	0.00682
1	0.00735	0.00573	0.00667	0.00679	0.00809	0.00537	0.00491	0.00998	0.07358	0.01668	0.23743	0.24540	0.29703	0.04137	0.00714	0.00200	0.00298	0.01138	0.00521	0.00491
2	0.03448	0.01165	0.01547	0.15544	0.03441	0.04872	0.06878	0.14056	0.02870	0.06515	0.01337	0.01641	0.04172	0.00723	0.00845	0.00184	0.20933	0.02022	0.07136	0.00672
3	0.02408	0.00914	0.01246	0.00955	0.01370	0.00789	0.00789	0.02616	0.01536	0.78158	0.02118	0.01827	0.01329	0.00664	0.00540	0.00166	0.00457	0.00540	0.00664	0.00914
4	0.01448	0.01135	0.01219	0.01069	0.01387	0.01280	0.00839	0.08444	0.61755	0.08448	0.02246	0.02066	0.04748	0.00743	0.00549	0.00179	0.00434	0.00614	0.00553	0.00843
5	0.01377	0.68727	0.15036	0.01017	0.01531	0.01982	0.01091	0.01622	0.01098	0.01334	0.00781	0.00905	0.00687	0.00467	0.00371	0.00124	0.00610	0.00305	0.00229	0.00706
6	0.01386	0.07675	0.16230	0.01338	0.10281	0.01124	0.03186	0.07777	0.05042	0.10081	0.01163	0.01266	0.00880	0.00500	0.00471	0.00133	0.00552	0.00409	0.00353	0.30154
7	0.04420	0.17165	0.26535	0.01339	0.01876	0.01390	0.13637	0.11486	0.01358	0.06217	0.03734	0.01336	0.00962	0.00544	0.00493	0.00157	0.00658	0.00457	0.05487	0.00749

[dist]
# distance from previous block
# <min> <max>
0	1

[block]
# block no. 6 follows, 45 sequences, length 98
# corresponding to MSA columns:
# 269-366
name=unknown_G
#
# <colnr> <probs for GDERKNQSTAVLIFYWHMCP>
#	G	D	E	R	K	N	Q	S	T	A	V	L	I	F	Y	W	H	M	C	P
0	0.00765	0.00526	0.00598	0.00604	0.00641	0.00512	0.00372	0.00813	0.00907	0.01203	0.06593	0.06219	0.11145	0.60102	0.02180	0.00433	0.00463	0.03625	0.01932	0.00364
1	0.01367	0.42196	0.27655	0.01345	0.08472	0.01690	0.01334	0.04478	0.01188	0.04497	0.00915	0.01046	0.00733	0.00493	0.00431	0.00141	0.00648	0.00357	0.00260	0.00755
2	0.01243	0.01176	0.01979	0.28332	0.51673	0.01258	0.01581	0.03348	0.01205	0.01668	0.00998	0.01361	0.00808	0.00501	0.00533	0.00166	0.00662	0.00478	0.00263	0.00769
3	0.00916	0.00723	0.01021	0.00962	0.01070	0.00873	0.00763	0.06647	0.00982	0.01413	0.01331	0.01925	0.01226	0.03369	0.63022	0.00728	0.11648	0.00554	0.00299	0.00526
4	0.01196	0.01035	0.01750	0.55001	0.19631	0.01184	0.03544	0.01536	0.01146	0.07314	0.01059	0.01439	0.00794	0.00531	0.00538	0.00174	0.00684	0.00486	0.00278	0.00679
5	0.00654	0.00467	0.00623	0.00747	0.00779	0.00436	0.00498	0.00747	0.01028	0.01370	0.02959	0.80785	0.03550	0.01682	0.00685	0.00218	0.00311	0.01526	0.00498	0.00436
6	0.01113	0.00954	0.01113	0.00795	0.01272	0.00716	0.00636	0.01352	0.01113	0.01749	0.00954	0.01113	0.00795	0.00398	0.00398	0.00080	0.00398	0.00318	0.00318	0.84417
7	0.00825	0.00664	0.00749	0.00707	0.00889	0.00647	0.00536	0.01279	0.16028	0.01908	0.35935	0.04052	0.31508	0.01124	0.00617	0.00176	0.00294	0.00961	0.00548	0.00553
8	0.00781	0.00520	0.00585	0.00585	0.00585	0.00520	0.00325	0.00781	0.00781	0.01041	0.01691	0.03513	0.01952	0.81135	0.02732	0.00520	0.00520	0.00781	0.00325	0.00325
9	0.00803	0.00583	0.00749	0.00733	0.00764	0.00647	0.00497	0.00874	0.00810	0.01125	0.01540	0.02892	0.01666	0.50366	0.27625	0.00613	0.06318	0.00692	0.00307	0.00394
10	0.50275	0.01069	0.01015	0.00842	0.01207	0.02911	0.00692	0.07592	0.01250	0.26705	0.01229	0.01212	0.00848	0.00564	0.00418	0.00165	0.00455	0.00386	0.00453	0.00714
11	0.01313	0.00720	0.00912	0.00848	0.01055	0.00688	0.00639	0.01672	0.12548	0.25515	0.10455	0.33499	0.05589	0.01149	0.00612	0.00190	0.00366	0.01008	0.00567	0.00655
12	0.01740	0.02001	0.01399	0.01268	0.01555	0.48212	0.00963	0.02424	0.31359	0.01683	0.01367	0.01378	0.01067	0.00623	0.00509	0.00156	0.00753	0.00449	0.00383	0.00712
13	0.00642	0.00544	0.00555	0.00552	0.00730	0.00457	0.00414	0.00786	0.01242	0.01494	0.09963	0.05093	0.73016	0.01343	0.00634	0.00180	0.00271	0.01123	0.00504	0.00457
14	0.01335	0.01153	0.01214	0.01092	0.01396	0.01335	0.00850	0.02852	0.76817	0.02245	0.02185	0.02003	0.01639	0.00728	0.00546	0.00182	0.00425	0.00607	0.00546	0.00850
15	0.01413	0.00898	0.00940	0.00791	0.01037	0.00962	0.00631	0.30871	0.01680	0.02549	0.01568	0.01719	0.01192	0.00633	0.00439	0.00139	0.00385	0.00494	0.50995	0.00664
16	0.01580	0.01275	0.01352	0.01142	0.01489	0.01450	0.00909	0.28257	0.51014	0.02641	0.01874	0.01755	0.01387	0.00699	0.00543	0.00175	0.00482	0.00564	0.00543	0.00872
17	0.84927	0.01038	0.00789	0.00706	0.01038	0.01204	0.00581	0.01578	0.00914	0.02408	0.00747	0.00872	0.00581	0.00498	0.00332	0.00166	0.00415	0.00291	0.00332	0.00581
18	0.00652	0.00475	0.00614	0.00726	0.00773	0.00438	0.00489	0.00750	0.01049	0.01379	0.03225	0.72673	0.11491	0.01647	0.00680	0.00214	0.00307	0.01484	0.00498	0.00438
19	0.08334	0.26592	0.17798	0.01112	0.01583	0.01587	0.01103	0.09954	0.23134	0.01960	0.01266	0.01295	0.00977	0.00571	0.00457	0.00155	0.00565	0.00424	0.00362	0.00772
20	0.01581	0.00960	0.01118	0.00959	0.01258	0.02302	0.00763	0.05445	0.28667	0.26529	0.17004	0.02451	0.02219	0.00801	0.00563	0.00174	0.00416	0.03486	0.02525	0.00779
21	0.01946	0.18462	0.06707	0.01107	0.01560	0.01229	0.06627	0.06410	0.05615	0.42458	0.01627	0.01525	0.01104	0.00597	0.00503	0.00157	0.00544	0.00484	0.00499	0.00839
22	0.01195	0.01164	0.02055	0.34169	0.39754	0.01251	0.09543	0.01543	0.01167	0.01595	0.00995	0.01383	0.00792	0.00499	0.00544	0.00170	0.00698	0.00494	0.00255	0.00734
23	0.01271	0.01216	0.02074	0.17338	0.64195	0.01260	0.01619	0.01597	0.01195	0.01684	0.00999	0.01347	0.00826	0.00489	0.00532	0.00163	0.00652	0.00478	0.00261	0.00804
24	0.01783	0.28607	0.04730	0.01235	0.01591	0.50799	0.01032	0.01950	0.01365	0.01311	0.00807	0.00939	0.00690	0.00521	0.00439	0.00132	0.00832	0.00328	0.00259	0.00650
25	0.01255	0.02116	0.45367	0.01726	0.05570	0.01214	0.21784	0.01770	0.01222	0.08875	0.03240	0.01372	0.00907	0.00524	0.00551	0.00172	0.00770	0.00494	0.00292	0.00780
26	0.00682	0.00546	0.00610	0.00594	0.00754	0.00473	0.00445	0.00862	0.01336	0.01717	0.32801	0.04727	0.50040	0.01260	0.00634	0.00177	0.00265	0.01071	0.00534	0.00473
27	0.01049	0.00878	0.01386	0.01902	0.31496	0.00878	0.01175	0.01324	0.01230	0.01665	0.02116	0.04182	0.02202	0.01085	0.00658	0.00212	0.00551	0.44970	0.00404	0.00635
28	0.01353	0.01121	0.03807	0.44845	0.05609	0.01202	0.10473	0.07644	0.04149	0.12706	0.01214	0.01489	0.00871	0.00558	0.00548	0.00175	0.00680	0.00509	0.00340	0.00707
29	0.00658	0.00470	0.00626	0.00745	0.00779	0.00439	0.00499	0.00758	0.01046	0.01400	0.05794	0.77865	0.03608	0.01659	0.00683	0.00216	0.00309	0.01505	0.00502	0.00439
30	0.00710	0.00547	0.00649	0.00623	0.00771	0.00485	0.00467	0.00917	0.01402	0.01874	0.48946	0.04468	0.33796	0.01201	0.00634	0.00174	0.00261	0.01035	0.00554	0.00485
31	0.01611	0.02605	0.32027	0.01473	0.01963	0.45407	0.04081	0.01953	0.01358	0.01481	0.00892	0.01051	0.00691	0.00532	0.00500	0.00152	0.00897	0.00376	0.00257	0.00694
32	0.01524	0.21021	0.35747	0.01250	0.01845	0.01463	0.01388	0.14873	0.01426	0.12923	0.01135	0.01196	0.00817	0.00544	0.00480	0.00155	0.00657	0.00406	0.00345	0.00807
33	0.01957	0.02478	0.01528	0.01384	0.01645	0.74517	0.01045	0.02094	0.01481	0.01312	0.00823	0.00980	0.00692	0.00575	0.00558	0.00144	0.05538	0.00353	0.00274	0.00620
34	0.84927	0.01038	0.00789	0.00706	0.01038	0.01204	0.00581	0.01578	0.00914	0.02408	0.00747	0.00872	0.00581	0.00498	0.00332	0.00166	0.00415	0.00291	0.00332	0.00581
35	0.84927	0.01038	0.00789	0.00706	0.01038	0.01204	0.00581	0.01578	0.00914	0.02408	0.00747	0.00872	0.00581	0.00498	0.00332	0.00166	0.00415	0.00291	0.00332	0.00581
36	0.01209	0.01202	0.01080	0.04060	0.04150	0.16952	0.00774	0.05071	0.20741	0.01771	0.08103	0.02947	0.27954	0.00916	0.00569	0.00170	0.00498	0.00746	0.00454	0.00635
37	0.00767	0.00575	0.00863	0.00863	0.00959	0.00671	0.00671	0.00959	0.00863	0.01246	0.01438	0.02109	0.01342	0.04026	0.79008	0.00863	0.01438	0.00575	0.00288	0.00479
38	0.01084	0.00990	0.01462	0.01224	0.01353	0.01199	0.08934	0.01328	0.03970	0.04004	0.20487	0.02271	0.07721	0.00942	0.01187	0.00204	0.40004	0.00671	0.00373	0.00592
39	0.34302	0.00981	0.01221	0.41088	0.02394	0.01174	0.01049	0.04138	0.01065	0.01891	0.00930	0.01237	0.00707	0.00530	0.00446	0.00170	0.00565	0.00405	0.05108	0.00596
40	0.02161	0.09655	0.01464	0.00997	0.01401	0.01098	0.00836	0.17517	0.01654	0.51025	0.01746	0.01604	0.01157	0.00693	0.00589	0.03978	0.00497	0.00498	0.00572	0.00858
41	0.00781	0.00520	0.00585	0.00585	0.00585	0.00520	0.00325	0.00781	0.00781	0.01041	0.01691	0.03513	0.01952	0.81135	0.02732	0.00520	0.00520	0.00781	0.00325	0.00325
42	0.01138	0.01081	0.01835	0.49510	0.33057	0.01225	0.01553	0.01481	0.01132	0.01523	0.00976	0.01390	0.00769	0.00514	0.00535	0.00171	0.00685	0.00478	0.00249	0.00697
43	0.02005	0.01482	0.01592	0.01218	0.01649	0.01628	0.01005	0.73114	0.02469	0.03320	0.01276	0.01282	0.00908	0.00635	0.00532	0.00158	0.00583	0.00477	0.00529	0.04137
44	0.01331	0.01885	0.29135	0.01752	0.02300	0.04816	0.31497	0.01770	0.01209	0.08800	0.01087	0.01322	0.00798	0.00549	0.00696	0.00180	0.09328	0.00511	0.00289	0.00747
45	0.00989	0.00801	0.01037	0.01001	0.04559	0.00818	0.04537	0.06527	0.16907	0.01970	0.26701	0.17896	0.08778	0.04151	0.00695	0.00195	0.00386	0.00934	0.00512	0.00607
46	0.00988	0.00788	0.00914	0.00841	0.01037	0.00835	0.00642	0.01742	0.31358	0.02189	0.47657	0.03214	0.03707	0.00951	0.00599	0.00174	0.00321	0.00827	0.00573	0.00642
47	0.01457	0.78476	0.02764	0.00936	0.01388	0.05029	0.00923	0.01628	0.01107	0.01265	0.00749	0.00865	0.00689	0.00463	0.00350	0.00116	0.00589	0.00289	0.00231	0.00686
