[name]
unknown

[dist]
# distance from previous block
# <min> <max>
6	19

[block]
# block no. 0 follows, 43 sequences, length 28
# corresponding to MSA columns:
# 173-200
name=unknown_A
#
# <colnr> <probs for GDERKNQSTAVLIFYWHMCP>
#	G	D	E	R	K	N	Q	S	T	A	V	L	I	F	Y	W	H	M	C	P
0	0.08061	0.05459	0.06259	0.05029	0.27860	0.03122	0.04901	0.06026	0.08627	0.06907	0.01624	0.06447	0.05948	0.00680	0.00543	0.00173	0.00590	0.00593	0.00376	0.00776
1	0.04226	0.03997	0.08967	0.03287	0.14700	0.07303	0.05884	0.04585	0.07345	0.15281	0.01897	0.02191	0.08382	0.00727	0.00562	0.00174	0.00603	0.06167	0.00421	0.03300
2	0.01428	0.08679	0.17346	0.01498	0.09992	0.22199	0.03274	0.06531	0.01380	0.01695	0.03880	0.13141	0.01352	0.00735	0.00538	0.00163	0.00707	0.00599	0.00334	0.04528
3	0.16249	0.06238	0.04870	0.01376	0.15875	0.01115	0.00946	0.03488	0.10357	0.07037	0.17710	0.02844	0.01915	0.00692	0.00514	0.00163	0.00471	0.00573	0.00431	0.07136
4	0.00723	0.00514	0.00667	0.00751	0.00793	0.00500	0.00508	0.00817	0.01007	0.01344	0.02710	0.50646	0.05589	0.18565	0.08534	0.00354	0.00485	0.04604	0.00456	0.00433
5	0.01387	0.01502	0.06718	0.02662	0.50056	0.09989	0.03843	0.01804	0.07057	0.01785	0.02834	0.04043	0.01139	0.00598	0.00558	0.00169	0.00676	0.02051	0.00315	0.00814
6	0.03754	0.04223	0.30938	0.01575	0.04293	0.01379	0.14353	0.18745	0.03620	0.04706	0.01213	0.01448	0.00910	0.00581	0.00550	0.00172	0.00722	0.02580	0.00356	0.03881
7	0.00769	0.00619	0.00803	0.00764	0.00905	0.00605	0.03266	0.00941	0.01186	0.01571	0.15534	0.12269	0.32396	0.06006	0.13309	0.00321	0.04009	0.01003	0.03235	0.00490
8	0.01372	0.00945	0.03027	0.00927	0.01190	0.03310	0.00736	0.05782	0.17049	0.18461	0.20500	0.13904	0.08453	0.01004	0.00608	0.00183	0.00411	0.00859	0.00572	0.00707
9	0.01415	0.10946	0.11946	0.02365	0.35092	0.09520	0.11857	0.01853	0.06498	0.01726	0.01080	0.01316	0.00870	0.00518	0.00534	0.00163	0.00730	0.00477	0.00287	0.00807
10	0.04094	0.03945	0.13029	0.05837	0.11633	0.18567	0.05039	0.08882	0.07382	0.01806	0.01250	0.05052	0.01063	0.03216	0.06596	0.00234	0.00790	0.00524	0.00335	0.00722
11	0.00783	0.00538	0.00616	0.00620	0.00649	0.00525	0.00371	0.00825	0.00929	0.01237	0.09261	0.08679	0.08190	0.61872	0.02312	0.00456	0.00477	0.00901	0.00387	0.00371
12	0.03685	0.02764	0.24468	0.28985	0.09473	0.01256	0.10314	0.04087	0.01207	0.01696	0.01142	0.06358	0.00941	0.00606	0.00557	0.00181	0.00736	0.00547	0.00279	0.00716
13	0.01278	0.03866	0.17242	0.09778	0.31036	0.03866	0.18917	0.01689	0.01246	0.01714	0.01171	0.01465	0.03125	0.00529	0.00565	0.00172	0.00760	0.00525	0.00272	0.00785
14	0.00906	0.00705	0.00899	0.00886	0.00975	0.00781	0.00661	0.06656	0.01141	0.01573	0.02518	0.35471	0.10800	0.05377	0.11133	0.00315	0.12731	0.01056	0.04899	0.00518
15	0.01323	0.01136	0.01204	0.01087	0.01385	0.01302	0.00844	0.02773	0.69628	0.02292	0.07125	0.02272	0.03584	0.00790	0.00571	0.00187	0.00423	0.00662	0.00565	0.00845
16	0.01538	0.01436	0.10614	0.05126	0.47549	0.01251	0.03788	0.05156	0.02388	0.13881	0.01248	0.01444	0.00944	0.00540	0.00551	0.00169	0.00652	0.00501	0.00351	0.00871
17	0.01399	0.10810	0.14980	0.08208	0.01980	0.17918	0.07654	0.01787	0.06949	0.01526	0.01007	0.01271	0.00827	0.00772	0.03655	0.00205	0.17626	0.00453	0.00280	0.00692
18	0.01145	0.00997	0.01235	0.00889	0.01374	0.00762	0.04073	0.01398	0.01154	0.01795	0.01036	0.02892	0.00883	0.00442	0.00428	0.00090	0.00432	0.00370	0.00330	0.78274
19	0.04437	0.19752	0.36280	0.01346	0.01953	0.01515	0.05404	0.07567	0.09777	0.05220	0.01164	0.01260	0.00867	0.00554	0.00496	0.00164	0.00685	0.00431	0.00323	0.00804
20	0.01393	0.07602	0.01867	0.19978	0.14152	0.19875	0.09574	0.03886	0.01343	0.01610	0.05853	0.05795	0.03396	0.00659	0.00553	0.00167	0.00731	0.00572	0.00317	0.00677
21	0.00801	0.00556	0.00702	0.00702	0.00736	0.00590	0.00458	0.00868	0.00834	0.01147	0.01655	0.03127	0.01798	0.54335	0.28725	0.00658	0.00862	0.00733	0.00322	0.00390
22	0.00689	0.00492	0.00659	0.00787	0.00825	0.00462	0.00538	0.00795	0.01074	0.01429	0.03045	0.75410	0.03632	0.01722	0.00711	0.00227	0.00333	0.06201	0.00514	0.00454
23	0.01154	0.01049	0.01634	0.02150	0.38721	0.01043	0.04537	0.03630	0.07406	0.01848	0.09225	0.11183	0.12365	0.00848	0.00597	0.00178	0.00522	0.00778	0.00399	0.00733
24	0.01198	0.00955	0.06865	0.00861	0.01204	0.00736	0.00732	0.01541	0.07050	0.14177	0.14265	0.09346	0.15049	0.00890	0.00561	0.00157	0.00400	0.00754	0.00490	0.22768
25	0.01241	0.01367	0.02860	0.02081	0.02549	0.01324	0.60931	0.01657	0.01301	0.01791	0.09666	0.01772	0.01329	0.00581	0.00743	0.00190	0.06913	0.00680	0.00315	0.00711
26	0.01258	0.01115	0.01447	0.01536	0.20240	0.01033	0.00968	0.01835	0.18799	0.01926	0.01297	0.01420	0.01039	0.00511	0.00481	0.00127	0.00479	0.00439	0.00370	0.43679
27	0.01397	0.14221	0.26313	0.01210	0.01784	0.01300	0.03695	0.07580	0.07314	0.08103	0.01186	0.01274	0.00890	0.00530	0.00483	0.00144	0.00611	0.00416	0.00348	0.21202

[dist]
# distance from previous block
# <min> <max>
0	1

[block]
# block no. 1 follows, 43 sequences, length 19
# corresponding to MSA columns:
# 202-208,210-221
name=unknown_B
#
# <colnr> <probs for GDERKNQSTAVLIFYWHMCP>
#	G	D	E	R	K	N	Q	S	T	A	V	L	I	F	Y	W	H	M	C	P
0	0.01209	0.01113	0.01821	0.06728	0.23341	0.01159	0.13930	0.09205	0.01344	0.01846	0.05355	0.16205	0.05565	0.00860	0.00719	0.00189	0.07554	0.00780	0.00373	0.00704
1	0.01582	0.00859	0.01204	0.00981	0.01293	0.00800	0.07544	0.04475	0.04929	0.32032	0.08155	0.06316	0.13881	0.01062	0.05041	0.00216	0.00504	0.00746	0.07654	0.00728
2	0.03789	0.17889	0.34427	0.01895	0.20179	0.05787	0.05184	0.01745	0.01205	0.01678	0.00953	0.01160	0.00750	0.00507	0.00497	0.00160	0.00739	0.00413	0.00253	0.00791
3	0.01659	0.16549	0.02151	0.08825	0.27448	0.01405	0.07428	0.07609	0.01401	0.18358	0.01263	0.01407	0.00943	0.00548	0.00523	0.00161	0.00631	0.00483	0.00377	0.00831
4	0.00795	0.00724	0.00686	0.00703	0.00854	0.07327	0.00511	0.00934	0.01261	0.01521	0.10266	0.24361	0.45290	0.01394	0.00654	0.00192	0.00353	0.01190	0.00502	0.00483
5	0.01257	0.01583	0.17535	0.09432	0.43584	0.01319	0.05444	0.01641	0.01189	0.01710	0.01019	0.01356	0.00830	0.00644	0.02843	0.00196	0.06867	0.00487	0.00262	0.00804
6	0.01340	0.01446	0.12867	0.05429	0.04221	0.01232	0.26635	0.12250	0.04756	0.06016	0.01551	0.14848	0.01375	0.00761	0.00641	0.00188	0.02583	0.00730	0.00384	0.00745
7	0.00731	0.00517	0.00682	0.00793	0.00837	0.00495	0.00557	0.00842	0.01064	0.01412	0.02857	0.56953	0.03360	0.12185	0.00998	0.00272	0.00383	0.14128	0.00490	0.00445
8	0.00701	0.00540	0.00640	0.00664	0.00789	0.00480	0.00480	0.00866	0.01299	0.01698	0.26998	0.26673	0.33351	0.01415	0.00669	0.00194	0.00286	0.01235	0.00544	0.00480
9	0.01337	0.01410	0.02788	0.02835	0.37783	0.01361	0.40565	0.01739	0.01285	0.01791	0.01083	0.01436	0.00858	0.00479	0.00604	0.00176	0.00804	0.00578	0.00277	0.00808
10	0.05718	0.03402	0.12265	0.01862	0.11581	0.03350	0.26521	0.06505	0.16795	0.02001	0.01439	0.01597	0.03208	0.00582	0.00572	0.00178	0.00710	0.00566	0.00358	0.00792
11	0.00958	0.00781	0.00880	0.00877	0.01054	0.00824	0.00652	0.01649	0.30313	0.01838	0.07928	0.30043	0.15275	0.01251	0.00641	0.00202	0.00362	0.03307	0.00539	0.00625
12	0.00792	0.00588	0.00865	0.00865	0.00955	0.00679	0.00661	0.00973	0.00883	0.01267	0.01507	0.02303	0.01440	0.10885	0.71686	0.00859	0.01400	0.00612	0.00300	0.00480
13	0.17963	0.35883	0.02102	0.01115	0.03374	0.04395	0.05899	0.09282	0.01335	0.12455	0.01058	0.01132	0.00818	0.00534	0.00431	0.00148	0.00584	0.00385	0.00358	0.00749
14	0.01070	0.00814	0.01065	0.06105	0.01234	0.03093	0.00777	0.01264	0.01213	0.08640	0.24982	0.06991	0.06403	0.06028	0.11913	0.00312	0.16313	0.00776	0.00440	0.00566
15	0.28289	0.01071	0.01071	0.00900	0.01234	0.01169	0.00728	0.17399	0.12149	0.13653	0.01494	0.01510	0.01088	0.00628	0.00458	0.00165	0.00444	0.00465	0.15337	0.00747
16	0.00988	0.00861	0.01110	0.01118	0.07822	0.00868	0.05289	0.01591	0.22628	0.01900	0.16602	0.07937	0.26958	0.01050	0.00622	0.00185	0.00398	0.00916	0.00510	0.00646
17	0.06274	0.01586	0.10846	0.07134	0.23341	0.05341	0.01341	0.27742	0.04366	0.02392	0.01215	0.03758	0.00961	0.00615	0.00539	0.00170	0.00652	0.00505	0.00389	0.00835
18	0.15833	0.01636	0.02877	0.01207	0.03273	0.24350	0.00948	0.22124	0.04354	0.02272	0.05978	0.04174	0.01366	0.00739	0.00529	0.00170	0.00656	0.06380	0.00423	0.00711

[dist]
# distance from previous block
# <min> <max>
4	10

[block]
# block no. 2 follows, 43 sequences, length 60
# corresponding to MSA columns:
# 238-297
name=unknown_C
#
# <colnr> <probs for GDERKNQSTAVLIFYWHMCP>
#	G	D	E	R	K	N	Q	S	T	A	V	L	I	F	Y	W	H	M	C	P
0	0.01583	0.03385	0.01562	0.01628	0.19025	0.15512	0.01070	0.10562	0.03066	0.08878	0.03990	0.01908	0.01294	0.00665	0.00537	0.00155	0.00617	0.08027	0.00399	0.16137
1	0.06239	0.06618	0.02476	0.01441	0.16562	0.02837	0.03259	0.03156	0.06444	0.06322	0.04888	0.21021	0.01797	0.00850	0.00548	0.00167	0.00492	0.00746	0.00409	0.13729
2	0.01556	0.17338	0.19787	0.01122	0.01671	0.01323	0.01131	0.13417	0.01444	0.13265	0.01178	0.01241	0.00872	0.00532	0.00472	0.00138	0.00584	0.00402	0.00377	0.22150
3	0.00717	0.00551	0.00706	0.00739	0.00846	0.00547	0.00542	0.00864	0.01067	0.01401	0.05003	0.23919	0.26188	0.05227	0.28536	0.00460	0.00730	0.01054	0.00432	0.00469
4	0.00751	0.00563	0.00725	0.00779	0.00886	0.00497	0.00537	0.00872	0.01075	0.01477	0.02718	0.67381	0.03203	0.01521	0.00659	0.00202	0.00336	0.01373	0.00484	0.13963
5	0.01395	0.33695	0.03277	0.00964	0.01446	0.03243	0.01980	0.08311	0.01285	0.01743	0.00928	0.01061	0.00783	0.00466	0.00409	0.00109	0.00531	0.00338	0.00308	0.37727
6	0.01135	0.02720	0.70616	0.01749	0.09379	0.01289	0.02014	0.01749	0.01178	0.01759	0.00998	0.01188	0.00718	0.00523	0.00528	0.00174	0.00803	0.00417	0.00238	0.00824
7	0.00674	0.00484	0.00640	0.00765	0.00802	0.00450	0.00511	0.00772	0.01067	0.01416	0.03132	0.77861	0.05926	0.01725	0.00705	0.00224	0.00320	0.01562	0.00514	0.00450
8	0.00774	0.00568	0.00737	0.00700	0.00833	0.00530	0.00527	0.01022	0.01497	0.02099	0.66000	0.04092	0.10502	0.01365	0.06099	0.00225	0.00348	0.00986	0.00580	0.00516
9	0.00921	0.00724	0.00855	0.00844	0.00999	0.00751	0.00622	0.01512	0.23554	0.01962	0.28227	0.28214	0.06172	0.01224	0.00644	0.00195	0.00334	0.01081	0.00562	0.00602
10	0.01247	0.12974	0.53669	0.01543	0.02228	0.06828	0.07829	0.01760	0.01192	0.01653	0.00956	0.01149	0.00716	0.00533	0.00557	0.00169	0.03563	0.00413	0.00242	0.00779
11	0.01384	0.21772	0.24789	0.01667	0.05614	0.10892	0.19512	0.01770	0.01231	0.01583	0.00943	0.01170	0.00749	0.00522	0.00569	0.00162	0.04230	0.00442	0.00254	0.00746
12	0.00892	0.00637	0.00892	0.01020	0.01147	0.00637	0.00892	0.01147	0.01275	0.01657	0.02932	0.06247	0.03187	0.01530	0.00765	0.00255	0.00510	0.73354	0.00510	0.00510
13	0.01470	0.78709	0.04973	0.00965	0.01448	0.02166	0.00978	0.01661	0.01127	0.01315	0.00776	0.00896	0.00710	0.00475	0.00360	0.00120	0.00599	0.00299	0.00237	0.00714
14	0.01301	0.24761	0.48697	0.01330	0.02002	0.01485	0.01600	0.01770	0.01199	0.06912	0.03443	0.01235	0.00896	0.00542	0.00484	0.00159	0.00712	0.00406	0.00278	0.00787
15	0.01111	0.02865	0.77667	0.01579	0.02397	0.01286	0.02046	0.01754	0.01169	0.01754	0.00994	0.01169	0.00702	0.00526	0.00526	0.00175	0.00818	0.00409	0.00234	0.00818
16	0.01307	0.01494	0.03268	0.02334	0.02894	0.01401	0.75070	0.01774	0.01307	0.01774	0.01120	0.01494	0.00840	0.00467	0.00654	0.00187	0.00934	0.00654	0.00280	0.00747
17	0.00658	0.00561	0.00566	0.00565	0.00750	0.00469	0.00424	0.00802	0.01271	0.01517	0.07693	0.05295	0.74761	0.01395	0.00655	0.00187	0.00280	0.01164	0.00517	0.00469
18	0.00962	0.00481	0.00722	0.00722	0.00722	0.00481	0.00481	0.00722	0.00722	0.00962	0.00962	0.01684	0.00962	0.01924	0.02165	0.83886	0.00481	0.00481	0.00241	0.00241
19	0.01307	0.01494	0.03268	0.02334	0.02894	0.01401	0.75070	0.01774	0.01307	0.01774	0.01120	0.01494	0.00840	0.00467	0.00654	0.00187	0.00934	0.00654	0.00280	0.00747
20	0.01307	0.01494	0.03268	0.02334	0.02894	0.01401	0.75070	0.01774	0.01307	0.01774	0.01120	0.01494	0.00840	0.00467	0.00654	0.00187	0.00934	0.00654	0.00280	0.00747
21	0.00679	0.00488	0.00646	0.00771	0.00809	0.00454	0.00520	0.00780	0.01070	0.01421	0.03119	0.76546	0.05621	0.01722	0.00707	0.00225	0.00324	0.03133	0.00514	0.00452
22	0.01137	0.08296	0.72461	0.01535	0.02329	0.01349	0.01970	0.01747	0.01166	0.01723	0.00978	0.01150	0.00702	0.00523	0.00514	0.00171	0.00803	0.00401	0.00234	0.00811
23	0.00745	0.00543	0.00716	0.00824	0.00907	0.00514	0.00624	0.00902	0.01167	0.01526	0.05667	0.45910	0.11822	0.01613	0.00718	0.00229	0.00374	0.24213	0.00516	0.00473
24	0.01181	0.01140	0.01986	0.46453	0.30198	0.01273	0.06750	0.01543	0.01177	0.01583	0.01015	0.01440	0.00796	0.00526	0.00559	0.00177	0.00723	0.00504	0.00259	0.00719
25	0.02071	0.02587	0.01574	0.01419	0.01712	0.74646	0.01069	0.05708	0.01619	0.01458	0.00879	0.01015	0.00724	0.00575	0.00502	0.00144	0.00980	0.00363	0.00298	0.00656
26	0.03908	0.20273	0.24456	0.01323	0.01813	0.30661	0.01306	0.01985	0.06520	0.01561	0.00973	0.01096	0.00774	0.00547	0.00475	0.00151	0.00798	0.00376	0.00280	0.00725
27	0.01135	0.00888	0.01160	0.01051	0.01185	0.01013	0.03362	0.11635	0.04354	0.03898	0.02019	0.31240	0.03350	0.04027	0.02922	0.00237	0.18758	0.00938	0.06229	0.00599
28	0.00816	0.00558	0.00687	0.00685	0.00777	0.00522	0.00475	0.00958	0.01217	0.04065	0.30123	0.16319	0.11676	0.24910	0.01307	0.00294	0.00370	0.03276	0.00502	0.00462
29	0.00754	0.00540	0.00665	0.00713	0.00796	0.00505	0.00509	0.00857	0.01114	0.01448	0.10229	0.25366	0.20602	0.16323	0.01194	0.06138	0.00383	0.10961	0.00470	0.00433
30	0.09238	0.13301	0.26781	0.01468	0.03773	0.05451	0.14643	0.04615	0.02814	0.01828	0.00996	0.01180	0.00767	0.00505	0.00494	0.00156	0.00711	0.00424	0.00287	0.10566
31	0.04133	0.01388	0.04680	0.02103	0.12122	0.01316	0.42915	0.03942	0.01334	0.11596	0.02778	0.01531	0.00988	0.00555	0.00689	0.00184	0.06029	0.00594	0.00345	0.00778
32	0.06796	0.23962	0.01312	0.00791	0.00982	0.01038	0.00632	0.01152	0.01064	0.01483	0.03189	0.31619	0.02226	0.11233	0.00828	0.00224	0.00439	0.04275	0.06224	0.00530
33	0.00748	0.00547	0.00697	0.00770	0.00853	0.00515	0.00548	0.03194	0.01219	0.01620	0.13678	0.53331	0.12022	0.01564	0.00693	0.00214	0.00331	0.06445	0.00529	0.00482
34	0.01367	0.05681	0.29331	0.02182	0.32154	0.03976	0.01628	0.01778	0.01239	0.07042	0.01075	0.01280	0.00828	0.00525	0.00548	0.00162	0.02354	0.00443	0.00290	0.06117
35	0.01595	0.09053	0.08752	0.02101	0.15837	0.16485	0.27208	0.01945	0.03468	0.04379	0.01160	0.01436	0.00924	0.00585	0.00623	0.00184	0.02603	0.00532	0.00325	0.00805
36	0.01295	0.01007	0.01084	0.00977	0.01227	0.01118	0.00736	0.04052	0.49392	0.06554	0.02359	0.02581	0.06953	0.16970	0.01027	0.00257	0.00453	0.00693	0.00521	0.00744
37	0.03134	0.00954	0.01165	0.00964	0.01283	0.00932	0.00767	0.19472	0.01682	0.35286	0.04717	0.17705	0.01859	0.00904	0.00575	0.00178	0.00451	0.00758	0.06424	0.00793
38	0.01407	0.12675	0.07325	0.10053	0.25299	0.05423	0.21172	0.06835	0.01342	0.01779	0.01026	0.01312	0.00815	0.00508	0.00546	0.00166	0.00755	0.00496	0.00285	0.00781
39	0.00724	0.00523	0.00657	0.00718	0.00785	0.00488	0.00494	0.00848	0.01145	0.01527	0.16642	0.41638	0.12007	0.14503	0.01040	0.00264	0.00350	0.04696	0.00502	0.00449
40	0.00845	0.00652	0.00790	0.00829	0.00952	0.00659	0.00607	0.01272	0.15791	0.01756	0.16062	0.40174	0.09357	0.01396	0.00670	0.00208	0.00344	0.06543	0.00540	0.00552
41	0.02286	0.01294	0.01478	0.01140	0.01572	0.03706	0.00939	0.38109	0.02082	0.38929	0.01725	0.01586	0.01141	0.00672	0.00554	0.00168	0.00555	0.00522	0.00609	0.00933
42	0.00989	0.00797	0.01191	0.01580	0.23580	0.00769	0.00949	0.01212	0.01250	0.03839	0.07952	0.20950	0.13688	0.01197	0.00657	0.00203	0.00459	0.17673	0.00453	0.00613
43	0.12037	0.01639	0.01566	0.32830	0.08372	0.29270	0.01248	0.03872	0.01309	0.01619	0.00925	0.01217	0.00728	0.00553	0.00507	0.00166	0.00784	0.00419	0.00284	0.00653
44	0.01139	0.02776	0.73586	0.01552	0.02344	0.01287	0.01983	0.04303	0.01227	0.01823	0.02415	0.01230	0.00794	0.00542	0.00530	0.00175	0.00801	0.00423	0.00252	0.00817
45	0.01344	0.01605	0.10945	0.07785	0.26266	0.06741	0.26429	0.03510	0.01298	0.01761	0.02729	0.01425	0.00916	0.00537	0.00637	0.00177	0.04298	0.00539	0.00283	0.00773
46	0.01436	0.01295	0.01834	0.20931	0.25882	0.07795	0.02486	0.03395	0.01219	0.08766	0.01057	0.01379	0.00844	0.00644	0.00834	0.00186	0.18483	0.00488	0.00307	0.00738
47	0.00675	0.00482	0.00643	0.00771	0.00803	0.00450	0.00514	0.00771	0.01060	0.01414	0.03053	0.80175	0.03663	0.01735	0.00707	0.00225	0.00321	0.01574	0.00514	0.00450
48	0.28151	0.01586	0.20385	0.06908	0.02100	0.01243	0.22711	0.01627	0.01124	0.01949	0.01101	0.06699	0.00918	0.00591	0.00518	0.00181	0.00685	0.00532	0.00303	0.00687
49	0.00807	0.00564	0.00663	0.00676	0.00823	0.00494	0.00492	0.00956	0.01264	0.06897	0.14592	0.28468	0.38447	0.01419	0.00664	0.00196	0.00304	0.01230	0.00540	0.00503
50	0.01374	0.07417	0.29559	0.15717	0.02261	0.06723	0.01458	0.08662	0.01321	0.06117	0.01050	0.01251	0.00784	0.00568	0.00588	0.00165	0.05447	0.00427	0.00306	0.08804
51	0.00720	0.00509	0.00629	0.00703	0.00736	0.00486	0.00451	0.00789	0.00984	0.01302	0.02754	0.47263	0.08184	0.28441	0.03163	0.00343	0.00418	0.01264	0.00449	0.00413
52	0.01533	0.33545	0.02256	0.06577	0.19336	0.01747	0.01173	0.15587	0.09674	0.01950	0.01115	0.01251	0.00903	0.00550	0.00473	0.00150	0.00603	0.00429	0.00342	0.00805
53	0.01276	0.21565	0.28787	0.02904	0.01800	0.01504	0.01315	0.03568	0.22399	0.01798	0.01337	0.01434	0.01038	0.00835	0.05950	0.00215	0.00695	0.00459	0.00340	0.00784
54	0.21577	0.19140	0.17708	0.01469	0.11555	0.01467	0.06939	0.03435	0.03263	0.07201	0.01032	0.01172	0.00792	0.00523	0.00461	0.00161	0.00622	0.00406	0.00318	0.00757
55	0.12970	0.19939	0.27750	0.01182	0.01733	0.03680	0.01259	0.07307	0.07103	0.06838	0.01108	0.01190	0.00834	0.00547	0.00463	0.00157	0.00632	0.00396	0.00334	0.04579
56	0.06678	0.24594	0.21688	0.01407	0.03766	0.06132	0.13931	0.01750	0.01213	0.06835	0.01179	0.03015	0.02634	0.02259	0.00544	0.00167	0.00702	0.00472	0.00299	0.00734
57	0.04509	0.12044	0.15244	0.01361	0.01880	0.01409	0.13912	0.17648	0.05770	0.12411	0.01359	0.01429	0.02189	0.00580	0.00526	0.00162	0.00647	0.00492	0.00405	0.06022
58	0.01426	0.10019	0.38676	0.01473	0.03560	0.13957	0.05162	0.06960	0.01357	0.04203	0.03112	0.01251	0.00883	0.00561	0.00539	0.00162	0.02305	0.00429	0.00296	0.03668
59	0.05371	0.25740	0.30130	0.01274	0.01818	0.03917	0.07095	0.01643	0.01177	0.03723	0.01307	0.04494	0.04101	0.00721	0.02442	0.00181	0.00700	0.03153	0.00292	0.00720

[dist]
# distance from previous block
# <min> <max>
30	65

[block]
# block no. 3 follows, 43 sequences, length 46
# corresponding to MSA columns:
# 366-411
name=unknown_D
#
# <colnr> <probs for GDERKNQSTAVLIFYWHMCP>
#	G	D	E	R	K	N	Q	S	T	A	V	L	I	F	Y	W	H	M	C	P
0	0.01437	0.01575	0.08068	0.05010	0.42225	0.11832	0.04597	0.06988	0.02907	0.01851	0.02559	0.01646	0.03425	0.00597	0.00557	0.00168	0.00701	0.02738	0.00318	0.00800
1	0.08505	0.07821	0.10695	0.03629	0.30231	0.10038	0.02652	0.01746	0.03535	0.04046	0.02744	0.01456	0.02761	0.02302	0.00556	0.00166	0.00650	0.00469	0.00312	0.05685
2	0.03315	0.02689	0.07384	0.04155	0.41942	0.01231	0.07468	0.03098	0.02392	0.01788	0.02834	0.01549	0.01029	0.05889	0.00731	0.00188	0.03223	0.00512	0.00298	0.08285
3	0.06430	0.01190	0.01730	0.08306	0.40536	0.02903	0.01296	0.10257	0.01329	0.01921	0.01193	0.01697	0.01041	0.07835	0.03574	0.00228	0.02306	0.02128	0.03347	0.00753
4	0.15179	0.01415	0.02043	0.02023	0.22345	0.08774	0.21169	0.07338	0.02550	0.07071	0.02798	0.01407	0.00961	0.00600	0.01803	0.00182	0.00713	0.00511	0.00349	0.00769
5	0.05524	0.01337	0.01858	0.19008	0.37205	0.06479	0.01415	0.12412	0.01423	0.01973	0.01043	0.01327	0.00829	0.00533	0.00529	0.00163	0.00666	0.00466	0.00316	0.05495
6	0.01221	0.01130	0.01772	0.30348	0.30907	0.02924	0.03152	0.06181	0.01293	0.01739	0.05511	0.04305	0.02882	0.03531	0.00648	0.00188	0.00652	0.00584	0.00317	0.00715
7	0.30286	0.01069	0.02829	0.01192	0.07834	0.01091	0.05791	0.03415	0.10620	0.13125	0.04145	0.06370	0.04660	0.00750	0.00515	0.00182	0.00488	0.04482	0.00447	0.00708
8	0.01155	0.01095	0.01858	0.53827	0.28343	0.01259	0.01592	0.01510	0.01159	0.01547	0.01004	0.01441	0.00785	0.00534	0.00552	0.00178	0.00711	0.00493	0.00255	0.00703
9	0.06245	0.01541	0.03469	0.07979	0.36410	0.13326	0.01374	0.12890	0.06564	0.02026	0.01113	0.01329	0.00885	0.00563	0.00551	0.00166	0.01950	0.00469	0.00338	0.00810
10	0.01962	0.01424	0.01532	0.01193	0.01595	0.01573	0.00980	0.65940	0.02413	0.03283	0.01378	0.01426	0.01001	0.00790	0.03364	0.00189	0.00610	0.00504	0.07956	0.00888
11	0.00959	0.00612	0.00755	0.00693	0.00877	0.00543	0.00529	0.01178	0.01479	0.11452	0.46198	0.04210	0.26101	0.01157	0.00642	0.00178	0.00293	0.00996	0.00591	0.00559
12	0.00784	0.00566	0.00740	0.00697	0.00827	0.00523	0.00523	0.01045	0.01568	0.02221	0.76789	0.04137	0.05226	0.01132	0.00653	0.00174	0.00261	0.01002	0.00610	0.00523
13	0.01481	0.80869	0.02902	0.00948	0.01421	0.02191	0.00948	0.01658	0.01125	0.01303	0.00770	0.00888	0.00711	0.00474	0.00355	0.00118	0.00592	0.00296	0.00237	0.00711
14	0.01481	0.80869	0.02902	0.00948	0.01421	0.02191	0.00948	0.01658	0.01125	0.01303	0.00770	0.00888	0.00711	0.00474	0.00355	0.00118	0.00592	0.00296	0.00237	0.00711
15	0.01263	0.01575	0.18043	0.17773	0.20115	0.02876	0.03474	0.02034	0.23373	0.01857	0.01377	0.01551	0.01048	0.00590	0.00551	0.00178	0.00658	0.00516	0.00346	0.00803
16	0.00805	0.00537	0.00604	0.00604	0.00604	0.00537	0.00336	0.00805	0.00805	0.01074	0.01745	0.03624	0.02013	0.80536	0.02819	0.00537	0.00537	0.00805	0.00336	0.00336
17	0.00805	0.00537	0.00604	0.00604	0.00604	0.00537	0.00336	0.00805	0.00805	0.01074	0.01745	0.03624	0.02013	0.80536	0.02819	0.00537	0.00537	0.00805	0.00336	0.00336
18	0.01380	0.01367	0.02135	0.11972	0.63618	0.06465	0.01639	0.01701	0.01264	0.01734	0.01023	0.01358	0.00850	0.00506	0.00546	0.00165	0.00690	0.00484	0.00272	0.00831
19	0.00675	0.00482	0.00643	0.00771	0.00803	0.00450	0.00514	0.00771	0.01060	0.01414	0.03053	0.80175	0.03663	0.01735	0.00707	0.00225	0.00321	0.01574	0.00514	0.00450
20	0.01528	0.54503	0.12208	0.01150	0.01655	0.07097	0.04169	0.09066	0.01316	0.01602	0.00875	0.01001	0.00738	0.00506	0.00419	0.00135	0.00664	0.00350	0.00273	0.00744
21	0.01221	0.26162	0.55337	0.01390	0.02106	0.01557	0.01718	0.01725	0.01156	0.01619	0.00927	0.01085	0.00704	0.00511	0.00475	0.00158	0.00751	0.00375	0.00235	0.00786
22	0.00892	0.00637	0.00892	0.01020	0.01147	0.00637	0.00892	0.01147	0.01275	0.01657	0.02932	0.06247	0.03187	0.01530	0.00765	0.00255	0.00510	0.73354	0.00510	0.00510
23	0.01819	0.01858	0.21565	0.01496	0.09612	0.16917	0.01289	0.02269	0.08354	0.27077	0.01486	0.01478	0.01038	0.00606	0.00537	0.00167	0.00687	0.00477	0.00430	0.00835
24	0.01563	0.01600	0.20618	0.19709	0.08702	0.01259	0.07276	0.13430	0.01482	0.17010	0.01295	0.01451	0.00907	0.00579	0.00555	0.00175	0.00694	0.00498	0.00384	0.00814
25	0.00805	0.00537	0.00604	0.00604	0.00604	0.00537	0.00336	0.00805	0.00805	0.01074	0.01745	0.03624	0.02013	0.80536	0.02819	0.00537	0.00537	0.00805	0.00336	0.00336
26	0.00675	0.00482	0.00643	0.00771	0.00803	0.00450	0.00514	0.00771	0.01060	0.01414	0.03053	0.80175	0.03663	0.01735	0.00707	0.00225	0.00321	0.01574	0.00514	0.00450
27	0.01246	0.31388	0.50328	0.01348	0.02040	0.01617	0.01645	0.01719	0.01153	0.01589	0.00912	0.01067	0.00705	0.00507	0.00464	0.00155	0.00736	0.00368	0.00235	0.00779
28	0.01479	0.08956	0.25697	0.01662	0.02231	0.01345	0.26853	0.01903	0.01270	0.16028	0.01225	0.01394	0.00879	0.00561	0.00647	0.00178	0.06046	0.00516	0.00336	0.00793
29	0.01111	0.02865	0.77667	0.01579	0.02397	0.01286	0.02046	0.01754	0.01169	0.01754	0.00994	0.01169	0.00702	0.00526	0.00526	0.00175	0.00818	0.00409	0.00234	0.00818
30	0.01411	0.66099	0.17059	0.01067	0.01606	0.02020	0.01156	0.01676	0.01134	0.01388	0.00812	0.00942	0.00709	0.00484	0.00388	0.00129	0.00635	0.00318	0.00236	0.00731
31	0.02049	0.05369	0.18758	0.01280	0.06707	0.01023	0.01160	0.02366	0.01446	0.51441	0.01768	0.01639	0.01153	0.00626	0.00539	0.00169	0.00569	0.00506	0.00533	0.00899
32	0.01274	0.01217	0.02073	0.26040	0.55199	0.01290	0.01651	0.01615	0.01215	0.01692	0.01025	0.01402	0.00836	0.00511	0.00550	0.00170	0.00682	0.00493	0.00266	0.00799
33	0.01124	0.05724	0.74926	0.01555	0.02361	0.01319	0.02006	0.01750	0.01168	0.01737	0.00986	0.01159	0.00702	0.00524	0.00520	0.00173	0.00810	0.00405	0.00234	0.00815
34	0.01135	0.02929	0.01170	0.20687	0.01828	0.00836	0.01009	0.01401	0.01264	0.11405	0.04710	0.09219	0.02366	0.01147	0.00666	0.00218	0.00544	0.36408	0.00462	0.00594
35	0.01075	0.06337	0.01744	0.73961	0.03654	0.01295	0.01499	0.01431	0.01109	0.01408	0.00970	0.01437	0.00736	0.00548	0.00540	0.00180	0.00728	0.00479	0.00245	0.00622
36	0.01140	0.01080	0.01831	0.57244	0.25040	0.01255	0.01585	0.01498	0.01152	0.01529	0.01001	0.01446	0.00779	0.00536	0.00552	0.00179	0.00715	0.00493	0.00254	0.00691
37	0.01215	0.01188	0.02137	0.01953	0.14838	0.03592	0.31231	0.01517	0.01223	0.04418	0.01626	0.19782	0.01601	0.00859	0.00738	0.00197	0.07032	0.03816	0.00355	0.00683
38	0.01708	0.03486	0.03514	0.01776	0.19393	0.33807	0.01177	0.06891	0.05693	0.05852	0.01211	0.01506	0.01003	0.00898	0.06849	0.00219	0.00840	0.03095	0.00345	0.00736
39	0.47696	0.01382	0.01207	0.03618	0.06545	0.11412	0.00858	0.15265	0.03657	0.02437	0.00955	0.01078	0.00734	0.00556	0.00430	0.00167	0.00562	0.00373	0.00373	0.00696
40	0.01217	0.01142	0.01792	0.02608	0.53268	0.03426	0.01357	0.01519	0.03510	0.01712	0.01580	0.21238	0.01599	0.00817	0.00587	0.00180	0.00577	0.00766	0.00344	0.00762
41	0.12172	0.01034	0.01391	0.13776	0.18599	0.03377	0.01063	0.01623	0.04216	0.10835	0.03798	0.14107	0.01514	0.00794	0.00603	0.00181	0.03951	0.01991	0.00394	0.04580
42	0.07760	0.10634	0.22574	0.14965	0.02068	0.01203	0.06195	0.03685	0.01166	0.01694	0.01357	0.16155	0.01286	0.00745	0.00533	0.00174	0.00627	0.00636	0.00317	0.06228
43	0.06462	0.03627	0.01397	0.03132	0.20444	0.06270	0.00949	0.03172	0.01357	0.06742	0.19244	0.02134	0.05473	0.00695	0.00530	0.00150	0.00494	0.00590	0.00411	0.16726
44	0.04089	0.21740	0.21973	0.01438	0.06853	0.19042	0.03308	0.04280	0.04073	0.06805	0.01045	0.01162	0.00808	0.00543	0.00481	0.00153	0.00740	0.00399	0.00307	0.00761
45	0.01365	0.27024	0.06012	0.01248	0.01724	0.03190	0.16087	0.05222	0.01264	0.04094	0.01136	0.06543	0.00998	0.00563	0.00482	0.00138	0.00616	0.00490	0.00318	0.21486

[dist]
# distance from previous block
# <min> <max>
1	8

[block]
# block no. 4 follows, 43 sequences, length 14
# corresponding to MSA columns:
# 420-433
name=unknown_E
#
# <colnr> <probs for GDERKNQSTAVLIFYWHMCP>
#	G	D	E	R	K	N	Q	S	T	A	V	L	I	F	Y	W	H	M	C	P
0	0.01317	0.33660	0.16848	0.00992	0.01448	0.01379	0.01026	0.01586	0.01229	0.10874	0.02189	0.02321	0.18230	0.00770	0.00501	0.00158	0.00547	0.03861	0.00367	0.00696
1	0.14614	0.12236	0.33101	0.01194	0.01739	0.01320	0.01302	0.01928	0.11894	0.09135	0.01337	0.05625	0.01055	0.00631	0.00493	0.00171	0.00612	0.00486	0.00358	0.00769
2	0.00674	0.00561	0.00581	0.00576	0.00750	0.00476	0.00427	0.00820	0.01274	0.01551	0.12589	0.05139	0.66528	0.04698	0.00745	0.00200	0.00289	0.01137	0.00516	0.00468
3	0.01488	0.69620	0.02662	0.00980	0.01413	0.08746	0.00935	0.01658	0.01161	0.01314	0.00903	0.05252	0.00873	0.00552	0.00387	0.00126	0.00613	0.00372	0.00256	0.00690
4	0.00916	0.00777	0.01129	0.01057	0.01127	0.00990	0.00846	0.01091	0.00878	0.01300	0.01259	0.01890	0.01189	0.03209	0.55634	0.00698	0.24641	0.00561	0.00281	0.00528
5	0.00804	0.00543	0.00633	0.00633	0.00644	0.00553	0.00372	0.00824	0.00814	0.01096	0.01718	0.03476	0.01949	0.72695	0.10572	0.00573	0.00634	0.00784	0.00332	0.00352
6	0.02144	0.19331	0.01714	0.01056	0.01475	0.10189	0.00895	0.08272	0.03886	0.43054	0.01643	0.01517	0.01120	0.00625	0.00505	0.00156	0.00570	0.00472	0.00523	0.00853
7	0.04695	0.17963	0.57050	0.01398	0.02115	0.01444	0.01726	0.01765	0.01167	0.04487	0.00985	0.01130	0.00724	0.00521	0.00486	0.00164	0.00745	0.00388	0.00256	0.00793
8	0.01408	0.51367	0.02309	0.01029	0.01380	0.10089	0.00939	0.01570	0.01148	0.01335	0.01333	0.01462	0.09528	0.00665	0.00622	0.00147	0.12301	0.00432	0.00275	0.00660
9	0.01005	0.09936	0.01002	0.00765	0.00893	0.00842	0.00544	0.01280	0.11179	0.04118	0.06508	0.13157	0.02235	0.40650	0.01692	0.00359	0.00482	0.02437	0.00412	0.00504
10	0.74916	0.01127	0.00912	0.00792	0.01146	0.01297	0.00652	0.10149	0.01135	0.02601	0.00836	0.00949	0.00639	0.00532	0.00367	0.00171	0.00449	0.00323	0.00367	0.00639
11	0.07468	0.05556	0.15211	0.01110	0.06508	0.00875	0.00938	0.01258	0.01178	0.03676	0.14957	0.22718	0.04834	0.01396	0.09587	0.00267	0.00587	0.00860	0.00413	0.00605
12	0.22392	0.25701	0.10900	0.00922	0.01307	0.01326	0.00882	0.01564	0.01163	0.07692	0.09987	0.11079	0.01617	0.00737	0.00466	0.00162	0.00498	0.00569	0.00375	0.00660
13	0.07903	0.34101	0.21353	0.01352	0.10345	0.01564	0.01240	0.01658	0.01157	0.05113	0.01219	0.01360	0.04959	0.00706	0.03684	0.00181	0.00659	0.00420	0.00287	0.00737

[dist]
# distance from previous block
# <min> <max>
0	9

[block]
# block no. 5 follows, 43 sequences, length 21
# corresponding to MSA columns:
# 443-463
name=unknown_F
#
# <colnr> <probs for GDERKNQSTAVLIFYWHMCP>
#	G	D	E	R	K	N	Q	S	T	A	V	L	I	F	Y	W	H	M	C	P
0	0.03420	0.40194	0.31061	0.01222	0.01807	0.07940	0.01361	0.01775	0.01190	0.04192	0.00912	0.01039	0.00728	0.00510	0.00439	0.00145	0.00703	0.00353	0.00258	0.00752
1	0.16915	0.24240	0.17257	0.01053	0.01510	0.01454	0.01062	0.09375	0.01255	0.06171	0.01190	0.01350	0.03069	0.01033	0.10638	0.00251	0.00710	0.00421	0.00331	0.00714
2	0.22026	0.13626	0.08982	0.01005	0.01444	0.01307	0.00926	0.13674	0.01478	0.23936	0.05497	0.01456	0.01159	0.00617	0.00475	0.00163	0.00524	0.00455	0.00463	0.00787
3	0.04260	0.14088	0.10927	0.01342	0.01734	0.49343	0.01155	0.07971	0.01521	0.01601	0.00896	0.01027	0.00727	0.00557	0.00481	0.00146	0.00869	0.00364	0.00295	0.00697
4	0.01285	0.00729	0.00956	0.00862	0.01110	0.00638	0.00680	0.01494	0.01344	0.21552	0.16465	0.19814	0.02800	0.01087	0.00616	0.00182	0.00395	0.12627	0.00545	0.14820
5	0.01651	0.01617	0.01622	0.01876	0.23987	0.25439	0.01178	0.02177	0.17820	0.08401	0.01503	0.01847	0.01235	0.00675	0.00555	0.00171	0.00689	0.06385	0.00396	0.00779
6	0.00792	0.00589	0.00865	0.00865	0.00956	0.00679	0.00661	0.00973	0.00883	0.01267	0.01506	0.02301	0.01439	0.10752	0.71817	0.00860	0.01402	0.00612	0.00300	0.00481
7	0.04494	0.01337	0.05883	0.01678	0.15885	0.04317	0.09769	0.12109	0.01587	0.34899	0.01568	0.01562	0.01071	0.00603	0.00556	0.00170	0.00618	0.00524	0.00492	0.00878
8	0.01452	0.74888	0.08635	0.00996	0.01496	0.02122	0.01032	0.01666	0.01129	0.01338	0.00787	0.00910	0.00710	0.00478	0.00368	0.00123	0.00610	0.00305	0.00237	0.00719
9	0.00805	0.00537	0.00604	0.00604	0.00604	0.00537	0.00336	0.00805	0.00805	0.01074	0.01745	0.03624	0.02013	0.80536	0.02819	0.00537	0.00537	0.00805	0.00336	0.00336
10	0.00805	0.00537	0.00604	0.00604	0.00604	0.00537	0.00336	0.00805	0.00805	0.01074	0.01745	0.03624	0.02013	0.80536	0.02819	0.00537	0.00537	0.00805	0.00336	0.00336
11	0.01433	0.51750	0.23610	0.01169	0.01721	0.09123	0.01265	0.01737	0.01179	0.01434	0.00840	0.00977	0.00708	0.00498	0.00417	0.00137	0.00694	0.00333	0.00241	0.00734
12	0.01326	0.32793	0.05165	0.01019	0.01364	0.01394	0.00948	0.01736	0.11036	0.07759	0.03683	0.02934	0.01799	0.00885	0.00545	0.00179	0.00538	0.23798	0.00413	0.00687
13	0.01357	0.39206	0.29125	0.01374	0.01971	0.05560	0.11042	0.01735	0.01187	0.01526	0.00899	0.01072	0.00725	0.00496	0.00462	0.00149	0.00737	0.00386	0.00244	0.00750
14	0.08089	0.42356	0.19797	0.01261	0.01801	0.03575	0.10866	0.01691	0.01166	0.01587	0.02724	0.01115	0.00827	0.00507	0.00443	0.00147	0.00677	0.00388	0.00261	0.00725
15	0.04277	0.22113	0.36987	0.01384	0.01981	0.08763	0.07434	0.01785	0.03952	0.01670	0.04083	0.01254	0.00934	0.00545	0.00491	0.00159	0.00737	0.00424	0.00275	0.00751
16	0.08476	0.15143	0.16897	0.01114	0.01485	0.03360	0.06973	0.01398	0.02720	0.01637	0.03363	0.28499	0.01855	0.00944	0.00552	0.00179	0.00552	0.00816	0.00365	0.03672
17	0.03373	0.17892	0.38360	0.01469	0.03322	0.01428	0.10807	0.01854	0.04937	0.08163	0.01166	0.02834	0.00887	0.00556	0.00512	0.00166	0.00717	0.00463	0.00304	0.00790
18	0.03013	0.26643	0.26689	0.09169	0.08222	0.01572	0.09306	0.03588	0.01218	0.04314	0.00986	0.01186	0.00765	0.00512	0.00489	0.00158	0.00714	0.00420	0.00270	0.00765
19	0.08308	0.16596	0.31318	0.01459	0.05457	0.01502	0.06478	0.01748	0.07179	0.01722	0.01054	0.02786	0.00855	0.00608	0.00658	0.00175	0.10615	0.00450	0.00282	0.00748
20	0.06950	0.03236	0.16902	0.01729	0.19006	0.05015	0.01319	0.18118	0.03783	0.16625	0.01318	0.01383	0.00946	0.00586	0.00528	0.00168	0.00638	0.00471	0.00419	0.00860

[dist]
# distance from previous block
# <min> <max>
39	113

[block]
# block no. 6 follows, 43 sequences, length 139
# corresponding to MSA columns:
# 614-643,646-754
name=unknown_G
#
# <colnr> <probs for GDERKNQSTAVLIFYWHMCP>
#	G	D	E	R	K	N	Q	S	T	A	V	L	I	F	Y	W	H	M	C	P
0	0.06821	0.06341	0.12095	0.03481	0.06953	0.07490	0.06848	0.09001	0.04444	0.08936	0.05254	0.02690	0.01153	0.00620	0.00590	0.00162	0.05123	0.00494	0.00376	0.11130
1	0.01472	0.03966	0.07164	0.04013	0.25466	0.01113	0.02766	0.07385	0.04965	0.15360	0.15053	0.02037	0.03272	0.00686	0.00563	0.00167	0.00543	0.00602	0.00443	0.02960
2	0.08020	0.24101	0.15744	0.01232	0.05200	0.08975	0.01131	0.05386	0.05010	0.09622	0.03680	0.01289	0.00997	0.00570	0.00491	0.00151	0.02144	0.00415	0.00347	0.05495
3	0.01335	0.28299	0.15076	0.01124	0.02808	0.10469	0.01072	0.01639	0.02857	0.01560	0.01128	0.05129	0.01029	0.00601	0.00461	0.00137	0.00617	0.04170	0.00299	0.20191
4	0.26474	0.01357	0.11167	0.01347	0.04058	0.01135	0.19071	0.01666	0.01170	0.06063	0.03226	0.01427	0.00963	0.00538	0.00492	0.00161	0.00604	0.02387	0.00339	0.16355
5	0.01397	0.01255	0.06974	0.01112	0.01586	0.01053	0.07182	0.14358	0.08251	0.06280	0.05408	0.01498	0.01186	0.00553	0.00499	0.00132	0.00516	0.00468	0.00412	0.39876
6	0.01342	0.01395	0.02704	0.02923	0.43927	0.01354	0.34490	0.01733	0.01282	0.01794	0.01077	0.01426	0.00861	0.00482	0.00595	0.00174	0.00781	0.00565	0.00277	0.00819
7	0.02105	0.01551	0.01662	0.01274	0.01717	0.01717	0.01053	0.75235	0.02604	0.03490	0.01330	0.01330	0.00942	0.00665	0.00554	0.00166	0.00609	0.00499	0.00554	0.00942
8	0.01967	0.01614	0.07150	0.01283	0.01742	0.01655	0.01109	0.63297	0.09204	0.03257	0.01390	0.01385	0.00993	0.00663	0.00553	0.00169	0.00609	0.00504	0.00532	0.00927
9	0.01258	0.01311	0.01068	0.01006	0.01129	0.27380	0.00726	0.01364	0.01092	0.01238	0.01318	0.02224	0.01337	0.29407	0.21043	0.00475	0.05245	0.00580	0.00303	0.00496
10	0.01138	0.08535	0.72232	0.01533	0.02326	0.01352	0.01966	0.01747	0.01166	0.01721	0.00978	0.01149	0.00702	0.00522	0.00514	0.00171	0.00802	0.00401	0.00234	0.00811
11	0.00769	0.00607	0.00899	0.00922	0.01036	0.00568	0.06697	0.00935	0.01157	0.01517	0.04633	0.48884	0.12006	0.01540	0.00707	0.00222	0.00403	0.15512	0.00496	0.00490
12	0.01052	0.00992	0.01662	0.76511	0.03733	0.01247	0.01527	0.01412	0.01098	0.01412	0.00975	0.01467	0.00738	0.00568	0.00597	0.00187	0.03468	0.00492	0.00246	0.00615
13	0.01231	0.01948	0.28792	0.04738	0.02755	0.01355	0.47415	0.01755	0.01253	0.01755	0.01072	0.01382	0.00789	0.00490	0.00606	0.00183	0.00887	0.00564	0.00263	0.00767
14	0.01915	0.07420	0.26237	0.01226	0.01789	0.01126	0.03328	0.05680	0.01457	0.41795	0.01626	0.01544	0.01071	0.00611	0.00535	0.00169	0.00612	0.00490	0.00489	0.00880
15	0.01152	0.01092	0.01852	0.54509	0.27684	0.01258	0.01591	0.01508	0.01157	0.01544	0.01003	0.01442	0.00784	0.00534	0.00552	0.00178	0.00712	0.00493	0.00255	0.00701
16	0.00683	0.00485	0.00640	0.00761	0.00791	0.00455	0.00503	0.00773	0.01045	0.01394	0.02975	0.75623	0.03565	0.06420	0.00832	0.00243	0.00334	0.01529	0.00503	0.00443
17	0.02972	0.01272	0.14273	0.01777	0.21125	0.00994	0.12054	0.01352	0.01102	0.01568	0.01532	0.14516	0.01559	0.20152	0.01133	0.00270	0.00637	0.00748	0.00323	0.00642
18	0.01413	0.01922	0.18774	0.02152	0.02748	0.07013	0.53313	0.01861	0.01354	0.01824	0.01167	0.01515	0.00891	0.00551	0.00654	0.00198	0.00939	0.00608	0.00303	0.00801
19	0.01142	0.01083	0.01836	0.56668	0.25597	0.01256	0.01586	0.01500	0.01153	0.01532	0.01001	0.01445	0.00780	0.00536	0.00552	0.00179	0.00714	0.00493	0.00254	0.00693
20	0.00670	0.00564	0.00583	0.00585	0.00767	0.00477	0.00443	0.00822	0.01281	0.01545	0.09750	0.05291	0.70045	0.01391	0.00658	0.00189	0.00287	0.03660	0.00520	0.00472
21	0.01302	0.01213	0.03956	0.48255	0.03095	0.01353	0.08827	0.15603	0.07349	0.01926	0.01164	0.01488	0.00862	0.00581	0.00564	0.00181	0.00712	0.00518	0.00333	0.00717
22	0.01398	0.40035	0.11551	0.06250	0.12450	0.05435	0.12479	0.01705	0.01197	0.01507	0.00904	0.01121	0.00754	0.00491	0.00466	0.00147	0.00708	0.00406	0.00251	0.00743
23	0.00835	0.00634	0.00916	0.00952	0.01046	0.00714	0.00766	0.01035	0.01019	0.01412	0.02026	0.11372	0.02111	0.02929	0.42615	0.00593	0.05979	0.22168	0.00379	0.00501
24	0.01111	0.02865	0.77667	0.01579	0.02397	0.01286	0.02046	0.01754	0.01169	0.01754	0.00994	0.01169	0.00702	0.00526	0.00526	0.00175	0.00818	0.00409	0.00234	0.00818
25	0.04484	0.33023	0.19768	0.01147	0.01677	0.03800	0.01182	0.10002	0.02869	0.15441	0.01171	0.01209	0.00869	0.00555	0.00461	0.00150	0.00628	0.00400	0.00363	0.00801
26	0.02935	0.01560	0.21166	0.05237	0.09516	0.06641	0.11189	0.02900	0.01354	0.01858	0.20330	0.02366	0.09079	0.00756	0.00585	0.00174	0.00625	0.00670	0.00377	0.00683
27	0.00894	0.00584	0.00773	0.00772	0.00904	0.00541	0.00587	0.01111	0.01410	0.07417	0.43246	0.20747	0.06821	0.01292	0.00673	0.00196	0.00323	0.10597	0.00578	0.00534
28	0.00675	0.00482	0.00643	0.00771	0.00803	0.00450	0.00514	0.00771	0.01060	0.01414	0.03053	0.80175	0.03663	0.01735	0.00707	0.00225	0.00321	0.01574	0.00514	0.00450
29	0.51426	0.03413	0.01363	0.01517	0.21612	0.01263	0.03021	0.01730	0.01090	0.07700	0.00957	0.01115	0.00740	0.00519	0.00423	0.00168	0.00512	0.00381	0.00344	0.00707
30	0.01356	0.20606	0.51577	0.01364	0.02058	0.01440	0.01650	0.01842	0.01207	0.10443	0.01081	0.01188	0.00781	0.00533	0.00490	0.00162	0.00726	0.00400	0.00287	0.00808
31	0.01371	0.01316	0.02248	0.03399	0.77081	0.01316	0.01700	0.01700	0.01261	0.01809	0.01042	0.01371	0.00877	0.00493	0.00548	0.00164	0.00658	0.00493	0.00274	0.00877
32	0.01148	0.00984	0.01148	0.00820	0.01312	0.00738	0.00656	0.01395	0.01148	0.01805	0.00984	0.01148	0.00820	0.00410	0.00410	0.00082	0.00410	0.00328	0.00328	0.83922
33	0.00962	0.00481	0.00722	0.00722	0.00722	0.00481	0.00481	0.00722	0.00722	0.00962	0.00962	0.01684	0.00962	0.01924	0.02165	0.83886	0.00481	0.00481	0.00241	0.00241
34	0.01307	0.01494	0.03268	0.02334	0.02894	0.01401	0.75070	0.01774	0.01307	0.01774	0.01120	0.01494	0.00840	0.00467	0.00654	0.00187	0.00934	0.00654	0.00280	0.00747
35	0.00678	0.00483	0.00642	0.00767	0.00798	0.00452	0.00510	0.00772	0.01054	0.01405	0.03019	0.78217	0.03621	0.03751	0.00761	0.00233	0.00327	0.01555	0.00510	0.00447
36	0.01304	0.01236	0.02098	0.12203	0.63921	0.01265	0.01633	0.01633	0.01244	0.01754	0.01147	0.01673	0.00998	0.00562	0.00562	0.00172	0.00659	0.04825	0.00285	0.00825
37	0.84448	0.01071	0.00814	0.00728	0.01071	0.01242	0.00600	0.01628	0.00943	0.02485	0.00771	0.00900	0.00600	0.00514	0.00343	0.00171	0.00428	0.00300	0.00343	0.00600
38	0.01111	0.02865	0.77667	0.01579	0.02397	0.01286	0.02046	0.01754	0.01169	0.01754	0.00994	0.01169	0.00702	0.00526	0.00526	0.00175	0.00818	0.00409	0.00234	0.00818
39	0.00756	0.00601	0.00684	0.00656	0.00825	0.00547	0.00494	0.01036	0.05850	0.01875	0.37802	0.04593	0.39791	0.01241	0.00649	0.00181	0.00281	0.01060	0.00561	0.00517
40	0.01421	0.01309	0.02081	0.01872	0.13740	0.01365	0.24284	0.15024	0.17978	0.02183	0.03180	0.04540	0.01337	0.00688	0.00646	0.00186	0.03347	0.03604	0.00414	0.00801
41	0.06377	0.01009	0.01300	0.01002	0.01428	0.00925	0.00828	0.09880	0.01656	0.66494	0.02032	0.01782	0.01291	0.00675	0.00546	0.00171	0.00483	0.00539	0.00656	0.00926
42	0.06156	0.10735	0.17437	0.01117	0.01584	0.03847	0.01080	0.05299	0.14197	0.22256	0.07011	0.01684	0.01389	0.00649	0.00517	0.00165	0.00557	0.00510	0.00464	0.03347
43	0.01779	0.01754	0.01455	0.01251	0.01570	0.28281	0.00978	0.23097	0.21689	0.02282	0.06880	0.01611	0.01367	0.00697	0.00579	0.00166	0.02806	0.00519	0.00458	0.00780
44	0.01046	0.00984	0.01661	0.79205	0.03814	0.01230	0.01538	0.01415	0.01107	0.01415	0.00984	0.01477	0.00738	0.00554	0.00554	0.00185	0.00738	0.00492	0.00246	0.00615
45	0.01148	0.00984	0.01148	0.00820	0.01312	0.00738	0.00656	0.01395	0.01148	0.01805	0.00984	0.01148	0.00820	0.00410	0.00410	0.00082	0.00410	0.00328	0.00328	0.83922
