[name]
unknown

[dist]
# distance from previous block
# <min> <max>
0	298

[block]
# block no. 0 follows, 50 sequences, length 21
# corresponding to MSA columns:
# 346-366
name=unknown_A
#
# <colnr> <probs for GDERKNQSTAVLIFYWHMCP>
#	G	D	E	R	K	N	Q	S	T	A	V	L	I	F	Y	W	H	M	C	P
0	0.00722	0.00508	0.00673	0.00763	0.00825	0.00499	0.00583	0.00855	0.00993	0.01306	0.02444	0.30293	0.02781	0.18967	0.01071	0.00275	0.00408	0.35201	0.00426	0.00407
1	0.09013	0.01285	0.02601	0.01891	0.02329	0.01273	0.63090	0.01546	0.01106	0.01618	0.00945	0.01271	0.00726	0.00468	0.00663	0.00172	0.08557	0.00544	0.00254	0.00648
2	0.21070	0.01351	0.08913	0.01317	0.01668	0.02931	0.18966	0.18220	0.01267	0.01997	0.00891	0.01101	0.00692	0.00566	0.00699	0.00169	0.16787	0.00427	0.00309	0.00659
3	0.00612	0.00454	0.00572	0.00652	0.00715	0.00414	0.00447	0.00720	0.01029	0.01350	0.09860	0.60648	0.17789	0.01457	0.00623	0.00192	0.00278	0.01303	0.00470	0.00414
4	0.01024	0.00845	0.00979	0.00712	0.01124	0.00645	0.00567	0.01246	0.01035	0.01647	0.00957	0.01113	0.00790	0.00389	0.00367	0.00078	0.00356	0.00312	0.08460	0.77354
5	0.00622	0.00443	0.00589	0.00689	0.00720	0.00423	0.00460	0.00708	0.00929	0.01243	0.02579	0.71742	0.03069	0.07559	0.05447	0.00258	0.00364	0.01315	0.00440	0.00400
6	0.01113	0.34141	0.41992	0.01149	0.01706	0.01426	0.01354	0.01494	0.01045	0.01410	0.00976	0.01375	0.00842	0.00538	0.00433	0.00144	0.00630	0.07324	0.00235	0.00673
7	0.02095	0.01034	0.01266	0.00975	0.01362	0.01013	0.00804	0.26977	0.04079	0.52383	0.01717	0.01539	0.01117	0.00613	0.00501	0.00153	0.00464	0.00486	0.00575	0.00846
8	0.00603	0.00449	0.00563	0.00653	0.00712	0.00408	0.00445	0.00699	0.00994	0.01288	0.03245	0.65438	0.19695	0.01497	0.00626	0.00195	0.00281	0.01338	0.00463	0.00408
9	0.01194	0.01248	0.02393	0.02455	0.36951	0.01252	0.36073	0.01528	0.01118	0.01573	0.00943	0.01270	0.00761	0.00474	0.00646	0.00164	0.08488	0.00509	0.00246	0.00713
10	0.01503	0.01633	0.01560	0.22842	0.16784	0.34631	0.01180	0.11076	0.01365	0.01549	0.00885	0.01113	0.00701	0.00507	0.00477	0.00145	0.00735	0.00393	0.00275	0.00645
11	0.00624	0.00474	0.00576	0.00619	0.00712	0.00425	0.00438	0.00758	0.01117	0.01465	0.21251	0.39736	0.27315	0.01342	0.00610	0.00181	0.00265	0.01183	0.00483	0.00425
12	0.01099	0.01115	0.01663	0.01385	0.01433	0.01501	0.08440	0.01238	0.00803	0.01238	0.00688	0.01115	0.00664	0.00829	0.01535	0.00213	0.73811	0.00451	0.00221	0.00557
13	0.01557	0.01229	0.01306	0.01079	0.01417	0.01388	0.00866	0.39043	0.41561	0.02597	0.01625	0.01538	0.01195	0.00638	0.00503	0.00160	0.00469	0.00508	0.00503	0.00817
14	0.00607	0.00434	0.00578	0.00694	0.00723	0.00405	0.00463	0.00694	0.00954	0.01272	0.02747	0.82157	0.03297	0.01562	0.00636	0.00202	0.00289	0.01417	0.00463	0.00405
15	0.01623	0.01261	0.01343	0.01092	0.01442	0.01419	0.00882	0.46510	0.33988	0.02702	0.01543	0.01472	0.01128	0.00631	0.00502	0.00158	0.00484	0.00496	0.00502	0.00823
16	0.00941	0.00886	0.01495	0.81285	0.03433	0.01107	0.01384	0.01274	0.00997	0.01274	0.00886	0.01329	0.00664	0.00498	0.00498	0.00166	0.00664	0.00443	0.00221	0.00554
17	0.00607	0.00434	0.00578	0.00694	0.00723	0.00405	0.00463	0.00694	0.00954	0.01272	0.02747	0.82157	0.03297	0.01562	0.00636	0.00202	0.00289	0.01417	0.00463	0.00405
18	0.00680	0.00509	0.00631	0.00601	0.00729	0.00460	0.00451	0.00892	0.01352	0.01858	0.63104	0.03955	0.20797	0.01072	0.00588	0.00159	0.00239	0.00934	0.00530	0.00460
19	0.02236	0.00848	0.01157	0.00887	0.01272	0.00733	0.00733	0.02429	0.01427	0.79719	0.01966	0.01697	0.01234	0.00617	0.00501	0.00154	0.00424	0.00501	0.00617	0.00848
20	0.01169	0.01321	0.02810	0.02028	0.02485	0.01285	0.70491	0.01560	0.01138	0.01560	0.00976	0.01321	0.00747	0.00462	0.00685	0.00173	0.08306	0.00574	0.00249	0.00661

[dist]
# distance from previous block
# <min> <max>
0	27

[block]
# block no. 1 follows, 50 sequences, length 35
# corresponding to MSA columns:
# 394-406,449-470
name=unknown_B
#
# <colnr> <probs for GDERKNQSTAVLIFYWHMCP>
#	G	D	E	R	K	N	Q	S	T	A	V	L	I	F	Y	W	H	M	C	P
0	0.00941	0.00886	0.01495	0.81285	0.03433	0.01107	0.01384	0.01274	0.00997	0.01274	0.00886	0.01329	0.00664	0.00498	0.00498	0.00166	0.00664	0.00443	0.00221	0.00554
1	0.01862	0.02376	0.01413	0.01284	0.01541	0.80482	0.00963	0.01990	0.01413	0.01220	0.00770	0.00899	0.00642	0.00514	0.00449	0.00128	0.00899	0.00321	0.00257	0.00578
2	0.01261	0.01365	0.01443	0.01356	0.06812	0.21299	0.01017	0.01379	0.00950	0.01214	0.00788	0.01252	0.00767	0.08246	0.01339	0.00215	0.48079	0.00434	0.00238	0.00548
3	0.00592	0.00505	0.00510	0.00508	0.00675	0.00422	0.00381	0.00722	0.01144	0.01365	0.07171	0.04766	0.77038	0.01255	0.00589	0.00168	0.00252	0.01048	0.00465	0.00422
4	0.01208	0.01245	0.06248	0.01292	0.01574	0.03028	0.13402	0.03620	0.40135	0.01775	0.01434	0.01516	0.01111	0.00663	0.00777	0.00178	0.19193	0.00519	0.00376	0.00707
5	0.01472	0.01202	0.01391	0.01157	0.01384	0.03494	0.00944	0.25880	0.21014	0.06744	0.01256	0.01350	0.00970	0.00711	0.00891	0.00178	0.28364	0.00473	0.00405	0.00722
6	0.00607	0.00434	0.00578	0.00694	0.00723	0.00405	0.00463	0.00694	0.00954	0.01272	0.02747	0.82157	0.03297	0.01562	0.00636	0.00202	0.00289	0.01417	0.00463	0.00405
7	0.01303	0.75664	0.09471	0.00903	0.01357	0.01900	0.00941	0.01500	0.01016	0.01209	0.00711	0.00822	0.00639	0.00431	0.00333	0.00111	0.00551	0.00276	0.00213	0.00648
8	0.75344	0.00907	0.00724	0.00652	0.00937	0.01037	0.00531	0.01400	0.00919	0.02207	0.10493	0.01174	0.01060	0.00532	0.00343	0.00155	0.00367	0.00349	0.00338	0.00531
9	0.01825	0.08056	0.01497	0.01254	0.01522	0.74935	0.00955	0.01955	0.01384	0.01217	0.00765	0.00892	0.00642	0.00507	0.00440	0.00127	0.00873	0.00317	0.00254	0.00582
10	0.00866	0.00433	0.00649	0.00649	0.00649	0.00433	0.00433	0.00649	0.00649	0.00866	0.00866	0.01515	0.00866	0.01732	0.01948	0.85498	0.00433	0.00433	0.00216	0.00216
11	0.41387	0.18016	0.26734	0.00943	0.01414	0.01303	0.01024	0.01507	0.00948	0.01809	0.00759	0.00886	0.00590	0.00459	0.00364	0.00146	0.00529	0.00301	0.00258	0.00624
12	0.21047	0.01052	0.01096	0.00893	0.01230	0.08223	0.00725	0.10183	0.01349	0.41134	0.01441	0.01387	0.00981	0.00791	0.06104	0.00197	0.00537	0.00429	0.00476	0.00725
13	0.00853	0.00826	0.01597	0.01300	0.01534	0.00774	0.33686	0.01083	0.01050	0.01412	0.01998	0.47334	0.02202	0.01070	0.00616	0.00188	0.00527	0.01060	0.00372	0.00520
14	0.01314	0.00845	0.01131	0.00968	0.01125	0.00974	0.00780	0.01532	0.05677	0.24362	0.05504	0.03350	0.06803	0.06642	0.08205	0.00260	0.28944	0.00575	0.00401	0.00608
15	0.01313	0.77977	0.07243	0.00887	0.01332	0.01923	0.00912	0.01498	0.01015	0.01197	0.00705	0.00815	0.00639	0.00429	0.00329	0.00110	0.00545	0.00273	0.00213	0.00645
16	0.01550	0.01225	0.01302	0.01077	0.01415	0.01385	0.00864	0.38253	0.42362	0.02586	0.01634	0.01545	0.01202	0.00639	0.00503	0.00160	0.00468	0.00509	0.00503	0.00817
17	0.00607	0.00434	0.00578	0.00694	0.00723	0.00405	0.00463	0.00694	0.00954	0.01272	0.02747	0.82157	0.03297	0.01562	0.00636	0.00202	0.00289	0.01417	0.00463	0.00405
18	0.00941	0.00886	0.01495	0.81285	0.03433	0.01107	0.01384	0.01274	0.00997	0.01274	0.00886	0.01329	0.00664	0.00498	0.00498	0.00166	0.00664	0.00443	0.00221	0.00554
19	0.01895	0.01396	0.01496	0.01147	0.01546	0.01546	0.00947	0.77711	0.02344	0.03141	0.01197	0.01197	0.00848	0.00598	0.00499	0.00150	0.00548	0.00449	0.00499	0.00848
20	0.00607	0.00434	0.00578	0.00694	0.00723	0.00405	0.00463	0.00694	0.00954	0.01272	0.02747	0.82157	0.03297	0.01562	0.00636	0.00202	0.00289	0.01417	0.00463	0.00405
21	0.01091	0.01091	0.01527	0.01309	0.01309	0.01527	0.01091	0.01200	0.00763	0.01200	0.00654	0.01091	0.00654	0.00872	0.01636	0.00218	0.81570	0.00436	0.00218	0.00545
22	0.00613	0.00464	0.00567	0.00635	0.00716	0.00418	0.00445	0.00726	0.01048	0.01352	0.08857	0.50752	0.27049	0.01426	0.00619	0.00189	0.00278	0.02961	0.00469	0.00416
23	0.01977	0.01264	0.01414	0.01084	0.01480	0.01350	0.00896	0.59620	0.02123	0.21544	0.01382	0.01317	0.00940	0.00603	0.00499	0.00151	0.00519	0.00461	0.00527	0.00848
24	0.56488	0.19984	0.08453	0.00788	0.01161	0.03410	0.00743	0.01496	0.00920	0.01904	0.00714	0.00832	0.00574	0.00457	0.00330	0.00143	0.00465	0.00280	0.00276	0.00582
25	0.01862	0.02376	0.01413	0.01284	0.01541	0.80482	0.00963	0.01990	0.01413	0.01220	0.00770	0.00899	0.00642	0.00514	0.00449	0.00128	0.00899	0.00321	0.00257	0.00578
26	0.01599	0.44179	0.02083	0.00992	0.01406	0.01770	0.00898	0.37645	0.01644	0.02106	0.00932	0.00988	0.00738	0.00508	0.00405	0.00127	0.00540	0.00353	0.00349	0.00738
27	0.00589	0.00505	0.00505	0.00505	0.00673	0.00421	0.00379	0.00715	0.01136	0.01347	0.05049	0.04797	0.79171	0.01262	0.00589	0.00168	0.00252	0.01052	0.00463	0.00421
28	0.01520	0.01192	0.01272	0.01063	0.01393	0.01347	0.00849	0.31900	0.46901	0.04410	0.01703	0.01597	0.01252	0.00644	0.00504	0.00161	0.00455	0.00517	0.00507	0.00813
29	0.01013	0.05889	0.76710	0.01397	0.02121	0.01191	0.01801	0.01575	0.01051	0.01562	0.00886	0.01042	0.00632	0.00472	0.00467	0.00156	0.00728	0.00364	0.00211	0.00733
30	0.00678	0.00507	0.00633	0.00626	0.00747	0.00461	0.00473	0.00877	0.01293	0.01758	0.50906	0.10774	0.20842	0.01144	0.00599	0.00168	0.00259	0.06285	0.00516	0.00453
31	0.01946	0.01285	0.01367	0.01072	0.01449	0.06866	0.00876	0.45487	0.07219	0.25049	0.01446	0.01365	0.00991	0.00603	0.00496	0.00151	0.00527	0.00463	0.00516	0.00825
32	0.00949	0.00746	0.00861	0.00692	0.00951	0.00637	0.00503	0.05614	0.00999	0.01463	0.01267	0.07215	0.01289	0.29028	0.01149	0.00229	0.00414	0.00529	0.00321	0.45143
33	0.23037	0.01101	0.00954	0.02251	0.01120	0.17257	0.00665	0.01501	0.05184	0.08243	0.01138	0.01501	0.00978	0.10595	0.17070	0.00316	0.00705	0.00427	0.00323	0.05634
34	0.35209	0.06838	0.01084	0.00867	0.01117	0.06824	0.00698	0.05718	0.15449	0.01879	0.01157	0.05111	0.01013	0.05532	0.00644	0.00181	0.07901	0.01841	0.00347	0.00591

[dist]
# distance from previous block
# <min> <max>
16	62

[block]
# block no. 2 follows, 50 sequences, length 75
# corresponding to MSA columns:
# 565-594,843-860,910-936
name=unknown_C
#
# <colnr> <probs for GDERKNQSTAVLIFYWHMCP>
#	G	D	E	R	K	N	Q	S	T	A	V	L	I	F	Y	W	H	M	C	P
0	0.07211	0.06402	0.01775	0.01287	0.01660	0.01173	0.24837	0.16270	0.08935	0.11570	0.02998	0.08604	0.01221	0.00633	0.00518	0.00160	0.00564	0.01663	0.00399	0.02119
1	0.29940	0.00965	0.01067	0.06054	0.01320	0.01008	0.04258	0.14527	0.02719	0.06684	0.01463	0.03724	0.09045	0.00654	0.01763	0.00157	0.00452	0.00468	0.00373	0.13360
2	0.35851	0.00990	0.00993	0.00841	0.01137	0.01098	0.02464	0.19582	0.09324	0.03572	0.05186	0.01642	0.08674	0.00836	0.05628	0.00198	0.00478	0.00478	0.00402	0.00626
3	0.01194	0.02913	0.01780	0.32572	0.40566	0.01211	0.01398	0.09431	0.01207	0.01642	0.00940	0.01256	0.00745	0.00481	0.00492	0.00154	0.00614	0.00440	0.00263	0.00703
4	0.01116	0.00937	0.01075	0.02629	0.01263	0.00858	0.00677	0.01693	0.24391	0.03543	0.01281	0.02564	0.01023	0.00496	0.00439	0.00111	0.01545	0.00404	0.00366	0.53591
5	0.00725	0.00483	0.00544	0.00544	0.00544	0.00483	0.00302	0.00725	0.00725	0.00966	0.01571	0.03262	0.01812	0.82483	0.02537	0.00483	0.00483	0.00725	0.00302	0.00302
6	0.01752	0.03221	0.22107	0.01148	0.01614	0.11012	0.01115	0.22724	0.01569	0.26857	0.01299	0.01273	0.00884	0.00557	0.00483	0.00150	0.00602	0.00425	0.00425	0.00781
7	0.01120	0.01112	0.02060	0.16662	0.35708	0.01128	0.22972	0.01450	0.01123	0.01541	0.01127	0.01743	0.00976	0.00545	0.00542	0.00166	0.00662	0.08420	0.00266	0.00679
8	0.00607	0.00434	0.00578	0.00694	0.00723	0.00405	0.00463	0.00694	0.00954	0.01272	0.02747	0.82157	0.03297	0.01562	0.00636	0.00202	0.00289	0.01417	0.00463	0.00405
9	0.01142	0.01192	0.02330	0.20170	0.26742	0.01202	0.36745	0.01503	0.01123	0.01534	0.00959	0.01306	0.00746	0.00445	0.00538	0.00161	0.00723	0.00511	0.00244	0.00682
10	0.01234	0.01184	0.02023	0.03059	0.79373	0.01184	0.01530	0.01530	0.01135	0.01628	0.00938	0.01234	0.00790	0.00444	0.00493	0.00148	0.00592	0.00444	0.00247	0.00790
11	0.00607	0.00434	0.00578	0.00694	0.00723	0.00405	0.00463	0.00694	0.00954	0.01272	0.02747	0.82157	0.03297	0.01562	0.00636	0.00202	0.00289	0.01417	0.00463	0.00405
12	0.00716	0.00533	0.00674	0.00699	0.00793	0.00521	0.00500	0.01006	0.09291	0.01671	0.35615	0.39889	0.03717	0.01235	0.00602	0.00179	0.00277	0.01105	0.00504	0.00473
13	0.00866	0.00433	0.00649	0.00649	0.00649	0.00433	0.00433	0.00649	0.00649	0.00866	0.00866	0.01515	0.00866	0.01732	0.01948	0.85498	0.00433	0.00433	0.00216	0.00216
14	0.00607	0.00434	0.00578	0.00694	0.00723	0.00405	0.00463	0.00694	0.00954	0.01272	0.02747	0.82157	0.03297	0.01562	0.00636	0.00202	0.00289	0.01417	0.00463	0.00405
15	0.01371	0.77027	0.02526	0.00884	0.01298	0.07592	0.00861	0.01528	0.01041	0.01176	0.00699	0.00807	0.00640	0.00433	0.00329	0.00108	0.00559	0.00270	0.00216	0.00635
16	0.00613	0.00460	0.00568	0.00638	0.00712	0.00416	0.00442	0.00726	0.01050	0.01368	0.11367	0.53694	0.23283	0.01426	0.00619	0.00189	0.00274	0.01267	0.00472	0.00416
17	0.01895	0.01396	0.01496	0.01147	0.01546	0.01546	0.00947	0.77711	0.02344	0.03141	0.01197	0.01197	0.00848	0.00598	0.00499	0.00150	0.00548	0.00449	0.00499	0.00848
18	0.01756	0.10481	0.07187	0.01199	0.01559	0.38157	0.01009	0.29155	0.01680	0.01932	0.00925	0.01007	0.00715	0.00532	0.00455	0.00136	0.00723	0.00365	0.00336	0.00693
19	0.01862	0.02376	0.01413	0.01284	0.01541	0.80482	0.00963	0.01990	0.01413	0.01220	0.00770	0.00899	0.00642	0.00514	0.00449	0.00128	0.00899	0.00321	0.00257	0.00578
20	0.00941	0.00886	0.01495	0.81285	0.03433	0.01107	0.01384	0.01274	0.00997	0.01274	0.00886	0.01329	0.00664	0.00498	0.00498	0.00166	0.00664	0.00443	0.00221	0.00554
21	0.00590	0.00500	0.00510	0.00518	0.00677	0.00420	0.00385	0.00714	0.01123	0.01341	0.04885	0.10335	0.73740	0.01284	0.00592	0.00171	0.00255	0.01078	0.00463	0.00420
22	0.01420	0.00926	0.01310	0.01066	0.01347	0.00972	0.09411	0.16405	0.06930	0.21074	0.01458	0.01644	0.01113	0.01677	0.28072	0.00380	0.03190	0.00515	0.00413	0.00676
23	0.01093	0.01099	0.01575	0.01336	0.01353	0.01518	0.03722	0.01213	0.00778	0.01213	0.00666	0.01099	0.00658	0.00857	0.01600	0.00216	0.78793	0.00441	0.00219	0.00550
24	0.00631	0.00504	0.00565	0.00555	0.00700	0.00438	0.00414	0.00794	0.01227	0.01575	0.31250	0.07330	0.49881	0.01187	0.00590	0.00166	0.00248	0.01012	0.00493	0.00438
25	0.19495	0.01084	0.01196	0.00939	0.01312	0.01130	0.00775	0.30643	0.03233	0.33126	0.01413	0.01327	0.00950	0.00579	0.00460	0.00153	0.00462	0.00435	0.00506	0.00783
26	0.23559	0.00917	0.00977	0.00776	0.01142	0.00868	0.00623	0.03680	0.09204	0.12795	0.01185	0.04214	0.00937	0.00512	0.00400	0.00123	0.00386	0.00392	0.00378	0.36933
27	0.05877	0.03724	0.01401	0.01246	0.01509	0.75303	0.00941	0.01956	0.01378	0.01268	0.00765	0.00893	0.00637	0.00510	0.00440	0.00129	0.00868	0.00318	0.00259	0.00577
28	0.00974	0.00766	0.00907	0.00844	0.01006	0.00867	0.00638	0.06947	0.27027	0.01581	0.01688	0.02172	0.03245	0.16618	0.31943	0.00470	0.00783	0.00584	0.00375	0.00563
29	0.00636	0.00446	0.00570	0.00657	0.00679	0.00424	0.00423	0.00702	0.00898	0.01197	0.02456	0.62661	0.02930	0.21558	0.01106	0.00272	0.00337	0.01246	0.00423	0.00379
30	0.01034	0.00886	0.01034	0.00738	0.01181	0.00664	0.00591	0.01255	0.01034	0.01624	0.00886	0.01034	0.00738	0.00369	0.00369	0.00074	0.00369	0.00295	0.00295	0.85530
31	0.01051	0.00998	0.01693	0.51936	0.31924	0.01136	0.01439	0.01370	0.01049	0.01407	0.00905	0.01293	0.00711	0.00478	0.00497	0.00159	0.00637	0.00443	0.00231	0.00642
32	0.05753	0.01259	0.01335	0.01051	0.01397	0.01394	0.00850	0.61111	0.07041	0.02801	0.01266	0.01438	0.00978	0.09195	0.00704	0.00186	0.00524	0.00477	0.00469	0.00772
33	0.00605	0.00441	0.00571	0.00674	0.00718	0.00407	0.00454	0.00696	0.00973	0.01280	0.02989	0.74034	0.11264	0.01530	0.00631	0.00199	0.00285	0.01379	0.00463	0.00407
34	0.00679	0.00508	0.00629	0.00599	0.00728	0.00459	0.00449	0.00889	0.01348	0.01849	0.62120	0.03970	0.21787	0.01075	0.00588	0.00159	0.00239	0.00936	0.00529	0.00459
35	0.01240	0.01071	0.01127	0.01014	0.01296	0.01240	0.00789	0.02649	0.78473	0.02085	0.02029	0.01860	0.01522	0.00676	0.00507	0.00169	0.00394	0.00564	0.00507	0.00789
36	0.00672	0.00502	0.00596	0.00650	0.00767	0.00459	0.00502	0.00825	0.01096	0.01416	0.05328	0.22968	0.35504	0.01306	0.00607	0.00187	0.00310	0.19343	0.06533	0.00431
37	0.01388	0.74340	0.02486	0.00898	0.01307	0.10216	0.00864	0.01545	0.01055	0.01178	0.00701	0.00810	0.00640	0.00436	0.00333	0.00109	0.00571	0.00272	0.00218	0.00633
38	0.00616	0.00437	0.00576	0.00683	0.00710	0.00410	0.00451	0.00696	0.00938	0.01251	0.02663	0.76510	0.03190	0.07354	0.00772	0.00223	0.00303	0.01367	0.00451	0.00397
39	0.01895	0.01396	0.01496	0.01147	0.01546	0.01546	0.00947	0.77711	0.02344	0.03141	0.01197	0.01197	0.00848	0.00598	0.00499	0.00150	0.00548	0.00449	0.00499	0.00848
40	0.11950	0.09732	0.01631	0.18910	0.18488	0.01365	0.01106	0.27302	0.01466	0.02092	0.00958	0.01144	0.00735	0.00509	0.00455	0.00149	0.00561	0.00405	0.00331	0.00711
41	0.01862	0.02376	0.01413	0.01284	0.01541	0.80482	0.00963	0.01990	0.01413	0.01220	0.00770	0.00899	0.00642	0.00514	0.00449	0.00128	0.00899	0.00321	0.00257	0.00578
42	0.00610	0.00457	0.00567	0.00643	0.00712	0.00413	0.00442	0.00717	0.01032	0.01343	0.08782	0.57426	0.22147	0.01449	0.00621	0.00191	0.00276	0.01290	0.00469	0.00413
43	0.00619	0.00442	0.00572	0.00671	0.00702	0.00414	0.00443	0.00698	0.00937	0.01243	0.02710	0.70959	0.05999	0.10047	0.00834	0.00231	0.00308	0.01331	0.00446	0.00395
44	0.03474	0.01108	0.01194	0.00989	0.01314	0.01213	0.00794	0.30609	0.31930	0.10489	0.01996	0.01878	0.09369	0.00697	0.00507	0.00160	0.00440	0.00558	0.00506	0.00773
45	0.05038	0.01013	0.09556	0.01090	0.01404	0.00844	0.17900	0.01411	0.09791	0.05215	0.27407	0.02648	0.10953	0.00783	0.00553	0.00164	0.00464	0.02751	0.00422	0.00593
46	0.00722	0.00487	0.00562	0.00556	0.00574	0.00481	0.00328	0.00758	0.00830	0.01124	0.13421	0.03332	0.02254	0.70032	0.02239	0.00433	0.00445	0.00752	0.00340	0.00328
47	0.01034	0.00886	0.01034	0.00738	0.01181	0.00664	0.00591	0.01255	0.01034	0.01624	0.00886	0.01034	0.00738	0.00369	0.00369	0.00074	0.00369	0.00295	0.00295	0.85530
48	0.01117	0.01014	0.01618	0.01292	0.01554	0.01096	0.23137	0.01687	0.21664	0.05351	0.15138	0.05739	0.01783	0.00736	0.00745	0.00176	0.14471	0.00646	0.00393	0.00641
49	0.07688	0.01279	0.01932	0.01455	0.01853	0.11559	0.33379	0.01901	0.01251	0.27561	0.01259	0.01354	0.00881	0.00519	0.00562	0.00159	0.03832	0.00495	0.00377	0.00704
50	0.00790	0.00504	0.00659	0.00709	0.00781	0.00479	0.00508	0.00905	0.01018	0.06932	0.09645	0.40170	0.02911	0.17640	0.01012	0.00256	0.00362	0.13837	0.00449	0.00431
51	0.00697	0.00504	0.00673	0.00681	0.00717	0.00488	0.04065	0.00754	0.00842	0.01124	0.02034	0.36069	0.02381	0.44814	0.01651	0.00351	0.00419	0.01007	0.00367	0.00363
52	0.01018	0.02449	0.71819	0.01492	0.02204	0.01168	0.09792	0.01580	0.01065	0.01580	0.00906	0.01083	0.00645	0.00468	0.00486	0.00159	0.00748	0.00391	0.00215	0.00730
53	0.01097	0.01133	0.01881	0.09907	0.01860	0.01415	0.20460	0.01308	0.00892	0.01308	0.00768	0.01180	0.00681	0.00719	0.01251	0.00200	0.52660	0.00475	0.00227	0.00578
54	0.00607	0.00434	0.00578	0.00694	0.00723	0.00405	0.00463	0.00694	0.00954	0.01272	0.02747	0.82157	0.03297	0.01562	0.00636	0.00202	0.00289	0.01417	0.00463	0.00405
55	0.01028	0.00960	0.01280	0.01067	0.01198	0.01161	0.00870	0.01166	0.00840	0.01302	0.00820	0.01267	0.00788	0.06190	0.06035	0.00229	0.48524	0.00421	0.00248	0.24605
56	0.08266	0.40056	0.28846	0.01161	0.01692	0.01548	0.09219	0.01531	0.01030	0.01444	0.00795	0.00944	0.00641	0.00445	0.00399	0.00135	0.00622	0.00335	0.00224	0.00668
57	0.00606	0.00439	0.00573	0.00681	0.00719	0.00406	0.00457	0.00696	0.00967	0.01278	0.02912	0.76620	0.08728	0.01540	0.00633	0.00200	0.00287	0.01391	0.00463	0.00406
58	0.00962	0.00907	0.01533	0.75685	0.08869	0.01113	0.01395	0.01292	0.01007	0.01299	0.00890	0.01322	0.00673	0.00494	0.00498	0.00165	0.00659	0.00443	0.00223	0.00571
59	0.00750	0.00599	0.00641	0.00597	0.00779	0.00549	0.00457	0.08845	0.01318	0.01666	0.19498	0.04204	0.56012	0.01144	0.00579	0.00164	0.00280	0.00958	0.00484	0.00476
60	0.00640	0.00475	0.00598	0.00643	0.00729	0.00433	0.00459	0.00785	0.01137	0.01518	0.26853	0.40448	0.18590	0.01329	0.00614	0.00182	0.00270	0.03377	0.00489	0.00430
61	0.01679	0.01235	0.01339	0.01056	0.01389	0.01363	0.00852	0.63101	0.03553	0.02764	0.01287	0.02929	0.01025	0.09365	0.04542	0.00217	0.00572	0.00502	0.00466	0.00762
62	0.00628	0.00448	0.00602	0.00718	0.00755	0.00423	0.00498	0.00730	0.00975	0.01295	0.02736	0.74121	0.03252	0.01542	0.00642	0.00205	0.00307	0.09250	0.00462	0.00411
63	0.01045	0.00992	0.01683	0.53408	0.30495	0.01135	0.01436	0.01365	0.01046	0.01400	0.00904	0.01295	0.00709	0.00479	0.00497	0.00160	0.00639	0.00443	0.00230	0.00638
64	0.01376	0.71319	0.05397	0.00920	0.01340	0.10185	0.00902	0.01548	0.01056	0.01193	0.00709	0.00820	0.00640	0.00437	0.00339	0.00111	0.00579	0.00276	0.00218	0.00637
65	0.01862	0.02376	0.01413	0.01284	0.01541	0.80482	0.00963	0.01990	0.01413	0.01220	0.00770	0.00899	0.00642	0.00514	0.00449	0.00128	0.00899	0.00321	0.00257	0.00578
66	0.00607	0.00434	0.00578	0.00694	0.00723	0.00405	0.00463	0.00694	0.00954	0.01272	0.02747	0.82157	0.03297	0.01562	0.00636	0.00202	0.00289	0.01417	0.00463	0.00405
67	0.00604	0.00471	0.00549	0.00603	0.00701	0.00416	0.00424	0.00717	0.01063	0.01346	0.07901	0.42205	0.38437	0.01394	0.00612	0.00184	0.00269	0.01221	0.00467	0.00416
68	0.04407	0.01005	0.01546	0.25904	0.22702	0.01078	0.04814	0.01773	0.12958	0.15456	0.02599	0.01473	0.00998	0.00536	0.00498	0.00159	0.00552	0.00480	0.00352	0.00708
69	0.01614	0.01314	0.01660	0.01829	0.29534	0.02608	0.01147	0.44272	0.06829	0.02499	0.01151	0.01248	0.00867	0.00547	0.00497	0.00150	0.00560	0.00453	0.00405	0.00819
70	0.00649	0.00476	0.00609	0.00642	0.00727	0.00436	0.00456	0.00806	0.01178	0.01603	0.36864	0.38160	0.12981	0.01285	0.00609	0.00178	0.00261	0.01145	0.00501	0.00436
71	0.07129	0.17839	0.02276	0.01639	0.10016	0.06496	0.33185	0.05175	0.01188	0.01615	0.04571	0.01342	0.00943	0.00499	0.00517	0.00151	0.02475	0.02014	0.00277	0.00654
72	0.27390	0.10280	0.01115	0.00833	0.01074	0.12299	0.00660	0.06589	0.06934	0.04253	0.00928	0.01141	0.00769	0.00828	0.00792	0.22426	0.00500	0.00361	0.00305	0.00522
73	0.04081	0.00924	0.01329	0.01769	0.37261	0.00915	0.00982	0.08689	0.01270	0.01747	0.09601	0.02548	0.25315	0.00766	0.00526	0.00155	0.00442	0.00669	0.00369	0.00643
74	0.01065	0.08964	0.48611	0.05036	0.01898	0.03288	0.01421	0.01543	0.03968	0.01548	0.00914	0.01066	0.00689	0.00458	0.00441	0.00137	0.00634	0.00355	0.00241	0.17722

[dist]
# distance from previous block
# <min> <max>
1	8

[block]
# block no. 3 follows, 50 sequences, length 21
# corresponding to MSA columns:
# 1036-1045,1109-1119
name=unknown_D
#
# <colnr> <probs for GDERKNQSTAVLIFYWHMCP>
#	G	D	E	R	K	N	Q	S	T	A	V	L	I	F	Y	W	H	M	C	P
0	0.14221	0.00944	0.01238	0.00965	0.01333	0.00885	0.10550	0.01710	0.11824	0.16696	0.01368	0.06967	0.01093	0.00564	0.00451	0.00136	0.00441	0.00484	0.00394	0.27737
1	0.03541	0.00982	0.00910	0.00842	0.01021	0.15424	0.00626	0.09177	0.03001	0.09301	0.15645	0.23201	0.06206	0.06994	0.00692	0.00187	0.00450	0.00813	0.00444	0.00543
2	0.00967	0.00899	0.01502	0.60802	0.15584	0.01059	0.01321	0.01284	0.01059	0.01401	0.08364	0.01542	0.01071	0.00539	0.00506	0.00162	0.00612	0.00487	0.00257	0.00584
3	0.00811	0.00623	0.00753	0.00777	0.00936	0.00612	0.00643	0.04793	0.06940	0.01615	0.10143	0.04692	0.27409	0.01218	0.00625	0.00195	0.00372	0.35880	0.00474	0.00491
4	0.01022	0.00987	0.01480	0.21162	0.09846	0.01281	0.01148	0.01204	0.00878	0.01269	0.00941	0.08905	0.00923	0.00802	0.01142	0.00197	0.45478	0.00532	0.00245	0.00559
5	0.00619	0.00439	0.00575	0.00678	0.00704	0.00413	0.00446	0.00697	0.00931	0.01241	0.02626	0.74002	0.03143	0.09927	0.00833	0.00231	0.00309	0.01345	0.00446	0.00394
6	0.01022	0.07853	0.74817	0.01383	0.02100	0.01211	0.01777	0.01573	0.01050	0.01552	0.00881	0.01036	0.00632	0.00470	0.00463	0.00154	0.00723	0.00362	0.00211	0.00730
7	0.01160	0.01109	0.01890	0.22728	0.60279	0.01165	0.01493	0.01465	0.01100	0.01539	0.00925	0.01258	0.00758	0.00458	0.00495	0.00153	0.00610	0.00444	0.00240	0.00730
8	0.00620	0.00454	0.00567	0.00646	0.00699	0.00418	0.00434	0.00713	0.00984	0.01291	0.06747	0.58147	0.15620	0.09214	0.00808	0.00221	0.00299	0.01266	0.00452	0.00401
9	0.01333	0.82783	0.02612	0.00853	0.01279	0.01972	0.00853	0.01493	0.01013	0.01173	0.00693	0.00800	0.00640	0.00426	0.00320	0.00107	0.00533	0.00267	0.00213	0.00640
10	0.00640	0.00454	0.00598	0.00688	0.00729	0.00429	0.00471	0.00742	0.00990	0.01328	0.09927	0.62735	0.03271	0.08739	0.00805	0.00225	0.00312	0.06055	0.00456	0.00405
11	0.36566	0.01218	0.01181	0.00944	0.01306	0.01369	0.00779	0.46281	0.01727	0.02768	0.00990	0.01037	0.00721	0.00542	0.00420	0.00152	0.00481	0.00375	0.00420	0.00721
12	0.00914	0.00882	0.01675	0.01389	0.04849	0.00844	0.33133	0.01173	0.01071	0.01452	0.06797	0.16429	0.04704	0.08421	0.08406	0.00266	0.00659	0.06061	0.00337	0.00537
13	0.01862	0.02376	0.01413	0.01284	0.01541	0.80482	0.00963	0.01990	0.01413	0.01220	0.00770	0.00899	0.00642	0.00514	0.00449	0.00128	0.00899	0.00321	0.00257	0.00578
14	0.05143	0.00846	0.07783	0.00766	0.00947	0.06473	0.00629	0.01188	0.01086	0.09007	0.07068	0.34926	0.02193	0.00998	0.00514	0.00165	0.00376	0.00861	0.18517	0.00513
15	0.00601	0.00499	0.00526	0.00533	0.00684	0.00424	0.00395	0.00734	0.01145	0.01400	0.11661	0.11621	0.65527	0.01267	0.00593	0.00170	0.00254	0.01071	0.00471	0.00424
16	0.01114	0.19087	0.49151	0.01227	0.01814	0.01343	0.01440	0.01758	0.15365	0.01587	0.01062	0.01149	0.00798	0.00501	0.00448	0.00149	0.00631	0.00383	0.00266	0.00726
17	0.01245	0.01893	0.40484	0.01250	0.01771	0.04682	0.03849	0.17642	0.06808	0.03723	0.07928	0.01462	0.02638	0.00586	0.00514	0.00157	0.01836	0.00468	0.00339	0.00725
18	0.00626	0.00451	0.00577	0.00658	0.00704	0.00420	0.00441	0.00721	0.00988	0.01314	0.09659	0.61212	0.09550	0.09216	0.00810	0.00222	0.00300	0.01275	0.00455	0.00402
19	0.01049	0.08547	0.26833	0.00970	0.01507	0.00938	0.01020	0.01381	0.01038	0.01570	0.00872	0.01019	0.00695	0.00408	0.00399	0.00104	0.00503	0.00317	0.00261	0.50568
20	0.05857	0.01180	0.01361	0.04991	0.01538	0.01272	0.03824	0.37053	0.18682	0.09924	0.01379	0.01369	0.00996	0.00579	0.00484	0.00150	0.00496	0.00462	0.00462	0.07941

[dist]
# distance from previous block
# <min> <max>
10	13

[block]
# block no. 4 follows, 50 sequences, length 85
# corresponding to MSA columns:
# 1133-1156,1291-1351
name=unknown_E
#
# <colnr> <probs for GDERKNQSTAVLIFYWHMCP>
#	G	D	E	R	K	N	Q	S	T	A	V	L	I	F	Y	W	H	M	C	P
0	0.01998	0.00798	0.01068	0.00836	0.01187	0.00689	0.00684	0.02186	0.01396	0.68188	0.05643	0.02107	0.09490	0.00702	0.00514	0.00156	0.00398	0.00576	0.00598	0.00787
1	0.00597	0.00473	0.00537	0.00589	0.00695	0.00414	0.00416	0.00706	0.01056	0.01314	0.04030	0.39061	0.45565	0.01395	0.00610	0.00183	0.00269	0.01214	0.00463	0.00414
2	0.01730	0.02181	0.01318	0.01203	0.01451	0.72156	0.00902	0.01858	0.01384	0.01233	0.01215	0.01304	0.08809	0.00592	0.00464	0.00133	0.00832	0.00397	0.00278	0.00562
3	0.00688	0.00477	0.00604	0.00673	0.00706	0.00465	0.00458	0.00765	0.00897	0.01190	0.02265	0.37814	0.02637	0.33432	0.01395	0.00318	0.00395	0.14048	0.00399	0.00374
4	0.01131	0.34199	0.49429	0.01197	0.01811	0.01479	0.01452	0.01545	0.01037	0.01419	0.00815	0.00953	0.00635	0.00455	0.00413	0.00138	0.00656	0.00328	0.00212	0.00698
5	0.01246	0.01298	0.02169	0.09010	0.46976	0.07628	0.21210	0.01564	0.01157	0.01558	0.00938	0.01243	0.00759	0.00448	0.00515	0.00153	0.00687	0.00471	0.00247	0.00723
6	0.01862	0.02376	0.01413	0.01284	0.01541	0.80482	0.00963	0.01990	0.01413	0.01220	0.00770	0.00899	0.00642	0.00514	0.00449	0.00128	0.00899	0.00321	0.00257	0.00578
7	0.00710	0.00488	0.00597	0.00609	0.00630	0.00502	0.00381	0.00754	0.00764	0.01035	0.01647	0.11213	0.01857	0.58777	0.17479	0.00516	0.00628	0.00760	0.00312	0.00340
8	0.00622	0.00495	0.00559	0.00568	0.00700	0.00431	0.00416	0.00771	0.01178	0.01505	0.24024	0.17113	0.47360	0.01248	0.00596	0.00171	0.00254	0.01072	0.00485	0.00431
9	0.02503	0.00960	0.01330	0.43191	0.02416	0.01137	0.01101	0.03104	0.27605	0.07980	0.01364	0.01526	0.01005	0.00577	0.00519	0.00167	0.02008	0.00486	0.00357	0.00663
10	0.01213	0.01207	0.03717	0.14351	0.02210	0.01297	0.32354	0.11331	0.01195	0.03173	0.00962	0.01289	0.00755	0.00685	0.03749	0.00199	0.18884	0.00504	0.00278	0.00644
11	0.00618	0.00446	0.00585	0.00677	0.00723	0.00413	0.00460	0.00724	0.01017	0.01362	0.11873	0.69218	0.07071	0.01483	0.00628	0.00195	0.00281	0.01339	0.00473	0.00413
12	0.01079	0.01054	0.08949	0.00813	0.01283	0.00717	0.00722	0.01336	0.01052	0.04815	0.00931	0.01063	0.00748	0.00390	0.00385	0.00086	0.00408	0.00311	0.00300	0.73561
13	0.04104	0.01284	0.18881	0.01000	0.01465	0.00892	0.00973	0.08078	0.01353	0.43387	0.02796	0.01443	0.01048	0.00557	0.00475	0.00145	0.00494	0.00443	0.00469	0.10713
14	0.06554	0.27415	0.09978	0.00976	0.01389	0.12518	0.00910	0.01923	0.01220	0.30784	0.01204	0.01178	0.00857	0.00517	0.00422	0.00136	0.00557	0.00373	0.00376	0.00714
15	0.10068	0.00724	0.00859	0.00746	0.00978	0.00716	0.00587	0.01642	0.12255	0.22655	0.35996	0.02533	0.02741	0.00786	0.00513	0.00156	0.00323	0.00662	0.04438	0.00623
16	0.00725	0.00483	0.00544	0.00544	0.00544	0.00483	0.00302	0.00725	0.00725	0.00966	0.01571	0.03262	0.01812	0.82483	0.02537	0.00483	0.00483	0.00725	0.00302	0.00302
17	0.01156	0.01184	0.02049	0.25447	0.27721	0.04594	0.22894	0.01531	0.04054	0.01515	0.00976	0.01298	0.00764	0.00464	0.00518	0.00158	0.00685	0.00481	0.00252	0.02260
18	0.34559	0.13278	0.02930	0.00878	0.01230	0.12376	0.00747	0.07295	0.01197	0.19739	0.01037	0.01057	0.00752	0.00510	0.00391	0.00143	0.00508	0.00345	0.00370	0.00657
19	0.01017	0.00818	0.00910	0.00868	0.01065	0.00885	0.00665	0.09543	0.33272	0.01831	0.02568	0.24636	0.11771	0.01042	0.00567	0.00181	0.00369	0.06892	0.00485	0.00616
20	0.43136	0.01524	0.01093	0.00953	0.01259	0.28703	0.00753	0.14063	0.01287	0.02031	0.00802	0.00904	0.00625	0.00502	0.00388	0.00145	0.00590	0.00317	0.00322	0.00603
21	0.00893	0.00577	0.00653	0.00605	0.00801	0.00503	0.00464	0.01082	0.03651	0.14208	0.13367	0.07007	0.52096	0.01121	0.00574	0.00166	0.00284	0.00942	0.00500	0.00507
22	0.01117	0.00663	0.00843	0.00733	0.00928	0.00630	0.00570	0.09199	0.01494	0.16904	0.53403	0.06053	0.03587	0.00919	0.00564	0.00157	0.00306	0.00798	0.00553	0.00579
23	0.01075	0.01069	0.01523	0.09626	0.01530	0.01483	0.01121	0.01207	0.00788	0.01207	0.00678	0.01115	0.00655	0.00834	0.01517	0.00213	0.73157	0.00437	0.00218	0.00546
24	0.00665	0.00484	0.00638	0.00732	0.00805	0.00457	0.00548	0.00804	0.01053	0.01383	0.07450	0.48360	0.11152	0.01448	0.00643	0.00204	0.00329	0.21952	0.00467	0.00425
25	0.00865	0.00545	0.00717	0.00654	0.00800	0.00498	0.00498	0.01095	0.01413	0.10081	0.71088	0.03513	0.04342	0.00977	0.00579	0.00157	0.00255	0.00860	0.00556	0.00510
26	0.00607	0.00434	0.00578	0.00694	0.00723	0.00405	0.00463	0.00694	0.00954	0.01272	0.02747	0.82157	0.03297	0.01562	0.00636	0.00202	0.00289	0.01417	0.00463	0.00405
27	0.02191	0.00920	0.01201	0.00921	0.01308	0.00839	0.00761	0.12318	0.01547	0.69660	0.01865	0.01631	0.01183	0.00614	0.00501	0.00154	0.00440	0.00494	0.00601	0.00848
28	0.00762	0.00550	0.00666	0.00644	0.00651	0.00603	0.00410	0.00787	0.00735	0.01006	0.01456	0.02932	0.01646	0.67689	0.08688	0.00481	0.08984	0.00680	0.00290	0.00339
29	0.01862	0.02376	0.01413	0.01284	0.01541	0.80482	0.00963	0.01990	0.01413	0.01220	0.00770	0.00899	0.00642	0.00514	0.00449	0.00128	0.00899	0.00321	0.00257	0.00578
30	0.01332	0.00783	0.02261	0.09200	0.01276	0.00789	0.00731	0.05936	0.01140	0.26256	0.03295	0.05447	0.01551	0.23342	0.01177	0.00260	0.06971	0.07248	0.00422	0.00582
31	0.00592	0.00495	0.00515	0.00532	0.00680	0.00419	0.00391	0.00712	0.01110	0.01336	0.04725	0.15703	0.68474	0.01305	0.00596	0.00173	0.00258	0.01103	0.00463	0.00419
32	0.02596	0.03826	0.35589	0.01294	0.04624	0.04679	0.01316	0.20467	0.12398	0.06618	0.01181	0.01231	0.00851	0.00541	0.00480	0.00154	0.00615	0.00420	0.00352	0.00768
33	0.01301	0.04176	0.01512	0.36650	0.02316	0.06471	0.01146	0.22078	0.03221	0.01775	0.00950	0.01228	0.00735	0.00603	0.00676	0.01669	0.12119	0.00432	0.00305	0.00637
34	0.00633	0.00507	0.00565	0.00551	0.00700	0.00439	0.00413	0.00800	0.01239	0.01590	0.32743	0.04395	0.51325	0.01171	0.00589	0.00164	0.00246	0.00996	0.00495	0.00439
35	0.01218	0.44815	0.03851	0.01067	0.01312	0.01757	0.00980	0.01365	0.00903	0.01194	0.00680	0.00934	0.00646	0.00625	0.00906	0.00157	0.36430	0.00344	0.00215	0.00600
36	0.01224	0.16421	0.08170	0.00853	0.01215	0.00974	0.00772	0.07028	0.01219	0.12718	0.08462	0.09308	0.04844	0.00687	0.00463	0.00134	0.00432	0.03289	0.00385	0.21404
37	0.12353	0.09994	0.09612	0.01038	0.01408	0.21150	0.02516	0.08716	0.03487	0.18431	0.01151	0.01184	0.00838	0.00530	0.00435	0.00141	0.00591	0.00385	0.05361	0.00680
38	0.02236	0.00848	0.01157	0.00887	0.01272	0.00733	0.00733	0.02429	0.01427	0.79719	0.01966	0.01697	0.01234	0.00617	0.00501	0.00154	0.00424	0.00501	0.00617	0.00848
39	0.00725	0.00483	0.00544	0.00544	0.00544	0.00483	0.00302	0.00725	0.00725	0.00966	0.01571	0.03262	0.01812	0.82483	0.02537	0.00483	0.00483	0.00725	0.00302	0.00302
40	0.02997	0.06593	0.29212	0.01064	0.01545	0.02971	0.01119	0.04998	0.01294	0.32495	0.09445	0.01567	0.01301	0.00590	0.00484	0.00152	0.00539	0.00470	0.00421	0.00744
41	0.52636	0.01031	0.00916	0.00807	0.01114	0.01189	0.00650	0.07648	0.25654	0.02257	0.01157	0.01173	0.00876	0.00541	0.00386	0.00159	0.00401	0.00377	0.00386	0.00643
42	0.00604	0.00447	0.00565	0.00659	0.00714	0.00408	0.00447	0.00698	0.00988	0.01286	0.03169	0.67975	0.17206	0.01507	0.00628	0.00196	0.00282	0.01350	0.00463	0.00408
43	0.01090	0.03736	0.47458	0.01247	0.01795	0.01191	0.01410	0.01954	0.29327	0.01752	0.01348	0.01456	0.01013	0.00569	0.00488	0.00163	0.00600	0.02332	0.00325	0.00747
44	0.01455	0.25370	0.20374	0.01217	0.01632	0.33751	0.03284	0.01707	0.01179	0.01301	0.00779	0.00927	0.00643	0.00491	0.00471	0.00134	0.04089	0.00329	0.00232	0.00634
45	0.01550	0.01225	0.01302	0.01077	0.01414	0.01385	0.00864	0.38232	0.42383	0.02586	0.01634	0.01545	0.01202	0.00639	0.00503	0.00160	0.00467	0.00509	0.00503	0.00817
46	0.00610	0.00436	0.00581	0.00692	0.00724	0.00406	0.00463	0.00700	0.00966	0.01291	0.04660	0.80193	0.03332	0.01548	0.00635	0.00201	0.00288	0.01404	0.00465	0.00406
47	0.01013	0.05717	0.76875	0.01398	0.02123	0.01189	0.01803	0.01575	0.01051	0.01563	0.00887	0.01042	0.00632	0.00472	0.00468	0.00156	0.00729	0.00364	0.00211	0.00733
48	0.00751	0.00592	0.00877	0.00854	0.00934	0.00717	0.00672	0.00922	0.00797	0.01162	0.01264	0.01868	0.01185	0.03440	0.72305	0.00740	0.09679	0.00524	0.00262	0.00455
49	0.00607	0.00434	0.00578	0.00694	0.00723	0.00405	0.00463	0.00694	0.00954	0.01272	0.02747	0.82157	0.03297	0.01562	0.00636	0.00202	0.00289	0.01417	0.00463	0.00405
50	0.01333	0.82783	0.02612	0.00853	0.01279	0.01972	0.00853	0.01493	0.01013	0.01173	0.00693	0.00800	0.00640	0.00426	0.00320	0.00107	0.00533	0.00267	0.00213	0.00640
51	0.00612	0.00436	0.00577	0.00688	0.00715	0.00408	0.00456	0.00695	0.00944	0.01259	0.02697	0.78757	0.03233	0.05050	0.00718	0.00215	0.00298	0.01387	0.00456	0.00400
52	0.01000	0.02578	0.79900	0.01421	0.02157	0.01158	0.01842	0.01579	0.01052	0.01579	0.00895	0.01052	0.00631	0.00474	0.00474	0.00158	0.00737	0.00368	0.00210	0.00737
53	0.00957	0.00907	0.01498	0.72968	0.03212	0.01151	0.01354	0.01266	0.00972	0.01266	0.00862	0.01304	0.00663	0.00537	0.00617	0.00172	0.09078	0.00442	0.00221	0.00553
54	0.01862	0.02376	0.01413	0.01284	0.01541	0.80482	0.00963	0.01990	0.01413	0.01220	0.00770	0.00899	0.00642	0.00514	0.00449	0.00128	0.00899	0.00321	0.00257	0.00578
55	0.00983	0.00988	0.05866	0.38345	0.02256	0.03538	0.02221	0.04503	0.01024	0.01355	0.01147	0.01917	0.01040	0.07085	0.08292	0.00260	0.10047	0.08325	0.00269	0.00540
56	0.00607	0.00434	0.00578	0.00694	0.00723	0.00405	0.00463	0.00694	0.00954	0.01272	0.02747	0.82157	0.03297	0.01562	0.00636	0.00202	0.00289	0.01417	0.00463	0.00405
57	0.01388	0.01292	0.01258	0.01255	0.09436	0.15705	0.00882	0.06692	0.43813	0.04838	0.01722	0.05445	0.02721	0.00668	0.00502	0.00159	0.00510	0.00547	0.00435	0.00731
58	0.01497	0.01220	0.09329	0.01009	0.01355	0.05714	0.00874	0.11243	0.28873	0.20365	0.11470	0.01837	0.01631	0.00666	0.00508	0.00158	0.00465	0.00543	0.00492	0.00752
59	0.00713	0.00533	0.00654	0.00614	0.00751	0.00489	0.00463	0.03035	0.01376	0.01886	0.60488	0.03891	0.21132	0.01061	0.00586	0.00159	0.00248	0.00922	0.00528	0.00470
60	0.01015	0.00862	0.01005	0.00727	0.01144	0.00654	0.00574	0.01224	0.01015	0.01586	0.00926	0.01165	0.00801	0.05201	0.00497	0.00098	0.00376	0.00321	0.00296	0.80515
61	0.18713	0.01011	0.05717	0.03321	0.09347	0.02195	0.00830	0.10184	0.02856	0.16448	0.19425	0.01971	0.01817	0.00675	0.00485	0.00157	0.00437	0.03317	0.00437	0.00656
62	0.07165	0.00855	0.01132	0.00873	0.01254	0.00755	0.00721	0.02372	0.01393	0.75159	0.01892	0.01644	0.01193	0.00608	0.00490	0.00154	0.00422	0.00488	0.00599	0.00830
63	0.00595	0.00483	0.00528	0.00564	0.00689	0.00416	0.00405	0.00709	0.01079	0.01323	0.04329	0.28989	0.55443	0.01356	0.00604	0.00179	0.00264	0.01166	0.00463	0.00416
64	0.24748	0.05831	0.01197	0.08432	0.01415	0.01202	0.00817	0.27968	0.01420	0.02195	0.01165	0.01629	0.00990	0.00993	0.09902	0.00235	0.00597	0.08257	0.00372	0.00635
65	0.05709	0.01230	0.01300	0.11736	0.06635	0.09884	0.00929	0.15553	0.29193	0.02003	0.01334	0.01386	0.01013	0.00563	0.00473	0.00149	0.00522	0.00450	0.00392	0.09545
66	0.00607	0.00434	0.00578	0.00694	0.00723	0.00405	0.00463	0.00694	0.00954	0.01272	0.02747	0.82157	0.03297	0.01562	0.00636	0.00202	0.00289	0.01417	0.00463	0.00405
67	0.04759	0.01693	0.01506	0.01446	0.09552	0.37018	0.02094	0.06859	0.01226	0.03125	0.00808	0.01032	0.00686	0.00620	0.00816	0.00161	0.25333	0.00383	0.00270	0.00614
68	0.01066	0.01039	0.01811	0.43741	0.26759	0.01174	0.09333	0.01382	0.01044	0.01412	0.00900	0.01286	0.00712	0.00497	0.00578	0.00164	0.05773	0.00458	0.00232	0.00639
69	0.00619	0.00442	0.00592	0.00707	0.00741	0.00415	0.00483	0.00714	0.00966	0.01285	0.02741	0.77654	0.03272	0.01551	0.00639	0.00204	0.00299	0.05807	0.00462	0.00408
70	0.01146	0.01152	0.01684	0.43714	0.31633	0.09391	0.01395	0.01444	0.01092	0.01401	0.00893	0.01249	0.00709	0.00480	0.00491	0.00155	0.00662	0.00431	0.00235	0.00644
71	0.00713	0.00531	0.00788	0.00788	0.00873	0.00616	0.00607	0.00882	0.00797	0.01147	0.01347	0.02024	0.01275	0.07709	0.76576	0.00785	0.01292	0.00544	0.00269	0.00438
72	0.00607	0.00434	0.00578	0.00694	0.00723	0.00405	0.00463	0.00694	0.00954	0.01272	0.02747	0.82157	0.03297	0.01562	0.00636	0.00202	0.00289	0.01417	0.00463	0.00405
73	0.00712	0.00534	0.00801	0.00801	0.00890	0.00623	0.00623	0.00890	0.00801	0.01157	0.01335	0.01958	0.01246	0.03738	0.80507	0.00801	0.01335	0.00534	0.00267	0.00445
74	0.00617	0.00438	0.00576	0.00682	0.00709	0.00411	0.00450	0.00697	0.00936	0.01248	0.02653	0.75838	0.03178	0.08043	0.00788	0.00225	0.00305	0.01362	0.00450	0.00397
75	0.01276	0.01039	0.01119	0.00978	0.01283	0.01150	0.00765	0.02491	0.65941	0.06550	0.01906	0.01764	0.01423	0.00641	0.00492	0.00158	0.00394	0.00532	0.00492	0.09605
76	0.01915	0.01364	0.01476	0.01132	0.01530	0.01498	0.00935	0.73282	0.02290	0.07647	0.01242	0.01226	0.00870	0.00599	0.00499	0.00150	0.00541	0.00452	0.00506	0.00848
77	0.01862	0.02376	0.01413	0.01284	0.01541	0.80482	0.00963	0.01990	0.01413	0.01220	0.00770	0.00899	0.00642	0.00514	0.00449	0.00128	0.00899	0.00321	0.00257	0.00578
78	0.01285	0.05293	0.30131	0.10807	0.02150	0.09960	0.16997	0.01717	0.04087	0.10059	0.01051	0.01219	0.00763	0.00497	0.00512	0.00156	0.01907	0.00435	0.00281	0.00692
79	0.00596	0.00478	0.00533	0.00577	0.00692	0.00415	0.00411	0.00707	0.01067	0.01318	0.04174	0.34207	0.50326	0.01376	0.00607	0.00181	0.00266	0.01191	0.00463	0.00415
80	0.01623	0.02599	0.01288	0.01046	0.01356	0.12658	0.00838	0.36372	0.16308	0.05936	0.01360	0.01387	0.01014	0.00699	0.02974	0.00168	0.01890	0.00456	0.09294	0.00737
81	0.04901	0.01204	0.01936	0.03249	0.01865	0.04076	0.33540	0.15877	0.04947	0.03476	0.10894	0.02923	0.01333	0.00605	0.00627	0.00165	0.06788	0.00574	0.00358	0.00663
82	0.00621	0.00474	0.00570	0.00613	0.00710	0.00424	0.00434	0.00752	0.01111	0.01446	0.19046	0.38844	0.30466	0.01346	0.00610	0.00181	0.00265	0.01183	0.00480	0.00424
83	0.02434	0.19741	0.05011	0.01030	0.01418	0.07628	0.05628	0.10652	0.14616	0.06350	0.03212	0.01260	0.00984	0.00521	0.00451	0.00130	0.01579	0.00406	0.00352	0.16595
84	0.03172	0.13374	0.13338	0.02767	0.01578	0.36372	0.03191	0.03354	0.01249	0.04762	0.03884	0.01261	0.00909	0.00570	0.00524	0.00144	0.05484	0.03168	0.00281	0.00619

[dist]
# distance from previous block
# <min> <max>
0	5

