[name]
unknown

[dist]
# distance from previous block
# <min> <max>
8	41

[block]
# block no. 0 follows, 47 sequences, length 51
# corresponding to MSA columns:
# 41-91
name=unknown_A
#
# <colnr> <probs for GDERKNQSTAVLIFYWHMCP>
#	G	D	E	R	K	N	Q	S	T	A	V	L	I	F	Y	W	H	M	C	P
0	0.14529	0.36174	0.18073	0.01195	0.05091	0.01584	0.06579	0.04307	0.03622	0.01656	0.00872	0.01010	0.00706	0.00476	0.00408	0.00140	0.00595	0.00351	0.00265	0.02365
1	0.00662	0.00520	0.00600	0.00608	0.00744	0.00457	0.00450	0.00826	0.01249	0.01612	0.27607	0.16049	0.42272	0.01289	0.00625	0.00179	0.00269	0.03015	0.00511	0.00454
2	0.01853	0.01587	0.01457	0.01192	0.01553	0.17905	0.00953	0.44089	0.16718	0.05349	0.01354	0.01338	0.00991	0.00623	0.00512	0.00156	0.00614	0.00466	0.00474	0.00815
3	0.00770	0.00596	0.00741	0.00704	0.00876	0.00509	0.00512	0.00940	0.01159	0.01629	0.22823	0.35552	0.08300	0.01151	0.00579	0.00163	0.00305	0.01021	0.00465	0.21205
4	0.06718	0.01016	0.01197	0.00967	0.01331	0.01018	0.00782	0.12869	0.19608	0.38729	0.01850	0.04497	0.01312	0.00669	0.00511	0.00162	0.00444	0.00540	0.00558	0.05222
5	0.01217	0.01493	0.08267	0.02146	0.02690	0.01310	0.71452	0.01667	0.01220	0.01667	0.01045	0.01384	0.00781	0.00443	0.00606	0.00175	0.00871	0.00599	0.00260	0.00707
6	0.00656	0.00527	0.00586	0.00576	0.00730	0.00456	0.00430	0.00824	0.01276	0.01629	0.29263	0.07152	0.51572	0.01245	0.00617	0.00173	0.00259	0.01060	0.00513	0.00456
7	0.39959	0.00867	0.00882	0.00747	0.01060	0.00887	0.00607	0.01730	0.01182	0.27829	0.09858	0.01903	0.09165	0.00684	0.00451	0.00163	0.00386	0.00516	0.00473	0.00652
8	0.00656	0.00517	0.00591	0.00598	0.00735	0.00453	0.00439	0.00816	0.01244	0.01603	0.27184	0.16934	0.43797	0.01291	0.00623	0.00178	0.00264	0.01112	0.00511	0.00453
9	0.00744	0.00558	0.00837	0.00837	0.00930	0.00651	0.00651	0.00930	0.00837	0.01209	0.01395	0.02046	0.01302	0.03906	0.79635	0.00837	0.01395	0.00558	0.00279	0.00465
10	0.19628	0.00946	0.01113	0.00890	0.01259	0.00923	0.00729	0.06161	0.06936	0.50490	0.04461	0.01639	0.01267	0.00629	0.00485	0.00162	0.00432	0.00490	0.00560	0.00800
11	0.01902	0.01381	0.01490	0.01164	0.01563	0.01526	0.00955	0.62408	0.12987	0.07070	0.01415	0.01375	0.01006	0.00638	0.00522	0.00159	0.00544	0.00489	0.00529	0.00877
12	0.00789	0.00536	0.00668	0.00660	0.00791	0.00481	0.00485	0.00968	0.01294	0.06802	0.38070	0.22553	0.21491	0.01232	0.00621	0.00178	0.00276	0.01080	0.00535	0.00489
13	0.02068	0.01522	0.01626	0.01263	0.01683	0.01661	0.01029	0.75555	0.02491	0.03350	0.01349	0.01391	0.00982	0.00692	0.00565	0.00175	0.00606	0.00502	0.00553	0.00934
14	0.00787	0.00502	0.00556	0.00556	0.00573	0.00502	0.00322	0.00822	0.00805	0.01141	0.01649	0.03201	0.01814	0.70259	0.02328	0.00451	0.00468	0.00719	0.12204	0.00340
15	0.00632	0.00464	0.00593	0.00697	0.00748	0.00425	0.00471	0.00728	0.01024	0.01340	0.03210	0.70588	0.13996	0.01587	0.00658	0.00206	0.00297	0.01427	0.00483	0.00425
16	0.00812	0.00600	0.00733	0.00685	0.00839	0.00573	0.00518	0.01167	0.09316	0.03629	0.58373	0.03802	0.14855	0.01055	0.00604	0.00167	0.00270	0.00919	0.00558	0.00527
17	0.00737	0.00532	0.00696	0.00655	0.00778	0.00491	0.00491	0.00983	0.01474	0.02088	0.78175	0.03890	0.04914	0.01065	0.00614	0.00164	0.00246	0.00942	0.00573	0.00491
18	0.01831	0.01385	0.01479	0.01168	0.01558	0.01545	0.00954	0.60620	0.18785	0.03042	0.01439	0.01401	0.01039	0.00643	0.00523	0.00161	0.00538	0.00495	0.00523	0.00872
19	0.01163	0.00612	0.00809	0.00773	0.00940	0.00557	0.00586	0.01324	0.01234	0.23433	0.15750	0.28194	0.06842	0.06695	0.00755	0.00210	0.00363	0.08662	0.00533	0.00566
20	0.00732	0.00522	0.00660	0.00669	0.00783	0.00475	0.00492	0.00916	0.01289	0.03660	0.40990	0.24433	0.17299	0.01261	0.00629	0.00181	0.00277	0.03727	0.00532	0.00474
21	0.85377	0.01007	0.00765	0.00685	0.01007	0.01168	0.00564	0.01531	0.00886	0.02336	0.00725	0.00846	0.00564	0.00483	0.00322	0.00161	0.00403	0.00282	0.00322	0.00564
22	0.01427	0.00668	0.00896	0.00794	0.01012	0.00596	0.00606	0.01600	0.01321	0.36281	0.19971	0.24847	0.02763	0.03898	0.00660	0.00188	0.00360	0.00900	0.00571	0.00643
23	0.06423	0.00662	0.00841	0.00779	0.00979	0.00606	0.00583	0.01479	0.01182	0.31377	0.02525	0.36383	0.07472	0.05340	0.00690	0.00202	0.00371	0.00974	0.00527	0.00606
24	0.00654	0.00479	0.00590	0.00662	0.00721	0.00441	0.00444	0.00748	0.01027	0.01342	0.07350	0.51753	0.17534	0.12608	0.00927	0.00243	0.00320	0.01278	0.00465	0.00415
25	0.00744	0.00558	0.00837	0.00837	0.00930	0.00651	0.00651	0.00930	0.00837	0.01209	0.01395	0.02046	0.01302	0.03906	0.79635	0.00837	0.01395	0.00558	0.00279	0.00465
26	0.01086	0.00749	0.00853	0.00789	0.01007	0.00750	0.00602	0.01642	0.24430	0.12834	0.11770	0.14257	0.25029	0.01051	0.00583	0.00178	0.00338	0.00897	0.00531	0.00624
27	0.01356	0.01138	0.01208	0.01072	0.01373	0.01305	0.00844	0.11078	0.66125	0.02280	0.02045	0.02013	0.01563	0.00725	0.00536	0.00177	0.00433	0.03385	0.00527	0.00818
28	0.00971	0.00485	0.00485	0.00485	0.00607	0.00485	0.00364	0.01213	0.01092	0.01942	0.01699	0.01942	0.01335	0.00607	0.00364	0.00121	0.00243	0.00485	0.84589	0.00485
29	0.02004	0.01420	0.01539	0.01180	0.01595	0.01557	0.00974	0.71639	0.02383	0.08449	0.01305	0.01286	0.00913	0.00626	0.00521	0.00157	0.00564	0.00473	0.00529	0.00886
30	0.01231	0.01179	0.02010	0.17753	0.64343	0.01222	0.01570	0.01548	0.01159	0.01631	0.00969	0.01308	0.00800	0.00475	0.00517	0.00158	0.00633	0.00464	0.00253	0.00778
31	0.01073	0.01017	0.01724	0.57727	0.25605	0.01181	0.01491	0.01409	0.01084	0.01440	0.00941	0.01359	0.00733	0.00504	0.00519	0.00168	0.00672	0.00463	0.00239	0.00651
32	0.00744	0.00558	0.00837	0.00837	0.00930	0.00651	0.00651	0.00930	0.00837	0.01209	0.01395	0.02046	0.01302	0.03906	0.79635	0.00837	0.01395	0.00558	0.00279	0.00465
33	0.01020	0.00963	0.01629	0.71128	0.12618	0.01167	0.01465	0.01363	0.01059	0.01375	0.00932	0.01376	0.00710	0.00514	0.00520	0.00171	0.00685	0.00463	0.00235	0.00608
34	0.00634	0.00453	0.00604	0.00725	0.00755	0.00423	0.00483	0.00725	0.00997	0.01329	0.02870	0.81358	0.03444	0.01632	0.00665	0.00211	0.00302	0.01480	0.00483	0.00423
35	0.01945	0.02482	0.01476	0.01342	0.01610	0.79608	0.01006	0.02079	0.01476	0.01275	0.00805	0.00939	0.00671	0.00537	0.00470	0.00134	0.00939	0.00335	0.00268	0.00604
36	0.00905	0.00452	0.00678	0.00678	0.00678	0.00452	0.00452	0.00678	0.00678	0.00905	0.00905	0.01583	0.00905	0.01809	0.02035	0.84848	0.00452	0.00452	0.00226	0.00226
37	0.00755	0.00515	0.00619	0.00619	0.00637	0.00533	0.00379	0.00790	0.00772	0.01048	0.01594	0.03149	0.01781	0.66900	0.17295	0.00568	0.00674	0.00719	0.00309	0.00344
38	0.01045	0.02694	0.79000	0.01484	0.02254	0.01209	0.01924	0.01649	0.01099	0.01649	0.00935	0.01099	0.00660	0.00495	0.00495	0.00165	0.00770	0.00385	0.00220	0.00770
39	0.01365	0.01458	0.02282	0.02665	0.47219	0.12315	0.21699	0.01685	0.01238	0.01632	0.00975	0.01271	0.00794	0.00468	0.00536	0.00157	0.00734	0.00486	0.00261	0.00761
40	0.01898	0.02382	0.01454	0.01321	0.01591	0.73869	0.00993	0.02130	0.07047	0.01341	0.00901	0.01013	0.00738	0.00549	0.00474	0.00137	0.00901	0.00354	0.00287	0.00620
41	0.00634	0.00453	0.00604	0.00725	0.00755	0.00423	0.00483	0.00725	0.00997	0.01329	0.02870	0.81358	0.03444	0.01632	0.00665	0.00211	0.00302	0.01480	0.00483	0.00423
42	0.00634	0.00453	0.00604	0.00725	0.00755	0.00423	0.00483	0.00725	0.00997	0.01329	0.02870	0.81358	0.03444	0.01632	0.00665	0.00211	0.00302	0.01480	0.00483	0.00423
43	0.01045	0.02694	0.79000	0.01484	0.02254	0.01209	0.01924	0.01649	0.01099	0.01649	0.00935	0.01099	0.00660	0.00495	0.00495	0.00165	0.00770	0.00385	0.00220	0.00770
44	0.01823	0.01381	0.01475	0.01166	0.01555	0.01542	0.00952	0.59775	0.19643	0.03029	0.01449	0.01409	0.01047	0.00644	0.00523	0.00161	0.00536	0.00496	0.00523	0.00872
45	0.02336	0.00886	0.01209	0.00927	0.01329	0.00765	0.00765	0.02538	0.01491	0.78810	0.02055	0.01773	0.01289	0.00645	0.00524	0.00161	0.00443	0.00524	0.00645	0.00886
46	0.01648	0.01521	0.01651	0.01947	0.31242	0.22734	0.01175	0.10747	0.02675	0.10508	0.01130	0.01282	0.00876	0.00552	0.00542	0.00151	0.03686	0.00439	0.04743	0.00751
47	0.01033	0.02399	0.66177	0.01372	0.02048	0.03072	0.01706	0.01569	0.01129	0.01658	0.06093	0.04311	0.01049	0.00572	0.00505	0.00163	0.00708	0.00459	0.00257	0.03719
48	0.01353	0.01356	0.01763	0.21594	0.36863	0.13486	0.01365	0.05639	0.08357	0.01670	0.01059	0.01318	0.00843	0.00520	0.00511	0.00158	0.00666	0.00455	0.00292	0.00733
49	0.01209	0.27092	0.41184	0.01406	0.02028	0.01483	0.13929	0.01642	0.01116	0.03060	0.00911	0.01081	0.00697	0.00473	0.00465	0.00150	0.00715	0.00393	0.00236	0.00729
50	0.04145	0.14051	0.48518	0.01251	0.01880	0.01240	0.01479	0.01821	0.01170	0.18039	0.01135	0.01195	0.00792	0.00519	0.00471	0.00156	0.00656	0.00395	0.00314	0.00773

[dist]
# distance from previous block
# <min> <max>
0	4

[block]
# block no. 1 follows, 47 sequences, length 9
# corresponding to MSA columns:
# 96-104
name=unknown_B
#
# <colnr> <probs for GDERKNQSTAVLIFYWHMCP>
#	G	D	E	R	K	N	Q	S	T	A	V	L	I	F	Y	W	H	M	C	P
0	0.01434	0.01232	0.01637	0.34650	0.02505	0.04099	0.06973	0.29277	0.09140	0.02157	0.01169	0.01378	0.00860	0.00572	0.00527	0.00166	0.00644	0.00485	0.00371	0.00726
1	0.01182	0.15978	0.23359	0.04078	0.01754	0.06759	0.06088	0.01475	0.01017	0.01389	0.00891	0.03376	0.00783	0.00786	0.04092	0.00203	0.25465	0.00440	0.00239	0.00645
2	0.01494	0.04787	0.29456	0.01191	0.01718	0.01006	0.05513	0.03546	0.01268	0.26615	0.01455	0.01728	0.01086	0.00608	0.00512	0.00159	0.00590	0.06718	0.00398	0.10151
3	0.22244	0.00671	0.00721	0.00739	0.00880	0.00701	0.00539	0.06115	0.01122	0.01804	0.10828	0.46631	0.02708	0.01207	0.00562	0.00190	0.00340	0.01046	0.00455	0.00498
4	0.00848	0.00741	0.01117	0.00979	0.01105	0.00799	0.08896	0.01049	0.01192	0.01672	0.33751	0.17925	0.08456	0.01090	0.00857	0.00189	0.17461	0.00917	0.00443	0.00514
5	0.01440	0.00734	0.00917	0.00770	0.01040	0.00663	0.00612	0.04789	0.03646	0.33919	0.22559	0.03126	0.21748	0.00925	0.00571	0.00166	0.00351	0.00778	0.00577	0.00669
6	0.31628	0.01131	0.01143	0.00979	0.01274	0.01321	0.00793	0.14542	0.26183	0.04778	0.01307	0.01335	0.00990	0.00634	0.00588	0.00173	0.09624	0.00441	0.00423	0.00714
7	0.01621	0.00836	0.00929	0.00781	0.01049	0.03880	0.00622	0.07659	0.07053	0.30704	0.01793	0.01786	0.01276	0.00627	0.00452	0.00143	0.00383	0.00500	0.37211	0.00696
8	0.10972	0.00930	0.01053	0.00838	0.01186	0.00881	0.00671	0.11216	0.07249	0.13807	0.17219	0.01829	0.01762	0.00632	0.00475	0.00135	0.00393	0.00511	0.00460	0.27778

[dist]
# distance from previous block
# <min> <max>
25	37

[block]
# block no. 2 follows, 47 sequences, length 9
# corresponding to MSA columns:
# 148-156
name=unknown_C
#
# <colnr> <probs for GDERKNQSTAVLIFYWHMCP>
#	G	D	E	R	K	N	Q	S	T	A	V	L	I	F	Y	W	H	M	C	P
0	0.01120	0.01118	0.07862	0.00892	0.01347	0.00861	0.00773	0.01636	0.16581	0.01790	0.01169	0.01257	0.00928	0.00460	0.00424	0.00105	0.00424	0.00372	0.00346	0.60536
1	0.01632	0.01034	0.01203	0.00960	0.01343	0.01014	0.00771	0.10068	0.26935	0.25698	0.01706	0.01599	0.01216	0.00598	0.00490	0.00145	0.00432	0.00485	0.00508	0.22164
2	0.00757	0.00505	0.00568	0.00568	0.00568	0.00505	0.00316	0.00757	0.00757	0.01010	0.01641	0.03408	0.01893	0.81698	0.02651	0.00505	0.00505	0.00757	0.00316	0.00316
3	0.00905	0.00452	0.00678	0.00678	0.00678	0.00452	0.00452	0.00678	0.00678	0.00905	0.00905	0.01583	0.00905	0.01809	0.02035	0.84848	0.00452	0.00452	0.00226	0.00226
4	0.01134	0.00622	0.00814	0.00715	0.00912	0.00557	0.00554	0.01360	0.01457	0.21492	0.53489	0.03436	0.09411	0.00977	0.00591	0.00164	0.00297	0.00847	0.00585	0.00588
5	0.01308	0.01061	0.01202	0.00880	0.01331	0.00928	0.00712	0.20430	0.01427	0.02099	0.01008	0.01123	0.00800	0.00446	0.00420	0.00097	0.00433	0.00349	0.00362	0.63583
6	0.06368	0.01125	0.01672	0.01249	0.01683	0.01067	0.19976	0.11412	0.08025	0.23099	0.01401	0.01435	0.00992	0.00534	0.00508	0.00149	0.00553	0.00488	0.00436	0.17828
7	0.27204	0.01102	0.01129	0.00906	0.01285	0.01154	0.00737	0.20061	0.11913	0.10927	0.01233	0.01246	0.00906	0.00547	0.00434	0.00145	0.00447	0.00402	0.00432	0.17792
8	0.01232	0.00908	0.01024	0.09410	0.01341	0.07614	0.00743	0.10953	0.03512	0.12318	0.21948	0.19835	0.05070	0.00971	0.00576	0.00172	0.00440	0.00835	0.00489	0.00607

[dist]
# distance from previous block
# <min> <max>
21	36

[block]
# block no. 3 follows, 47 sequences, length 11
# corresponding to MSA columns:
# 193-203
name=unknown_D
#
# <colnr> <probs for GDERKNQSTAVLIFYWHMCP>
#	G	D	E	R	K	N	Q	S	T	A	V	L	I	F	Y	W	H	M	C	P
0	0.01300	0.01000	0.01158	0.01030	0.01246	0.01116	0.00813	0.30344	0.11038	0.02200	0.01937	0.26586	0.01929	0.01045	0.00696	0.00190	0.08023	0.07199	0.00479	0.00670
1	0.05116	0.01299	0.01715	0.01944	0.32015	0.01367	0.01193	0.36902	0.01794	0.09741	0.01198	0.01298	0.00887	0.00557	0.00511	0.00156	0.00572	0.00465	0.00420	0.00849
2	0.01698	0.01308	0.01563	0.23582	0.02172	0.01486	0.01119	0.55421	0.02051	0.02731	0.01159	0.01289	0.00832	0.00596	0.00521	0.00161	0.00607	0.00467	0.00439	0.00799
3	0.01809	0.01882	0.01416	0.01204	0.01518	0.42050	0.00936	0.27720	0.01796	0.02061	0.08261	0.01331	0.01149	0.00611	0.00498	0.00142	0.00725	0.00438	0.00386	0.04066
4	0.01206	0.00863	0.01045	0.10722	0.01405	0.00937	0.00765	0.06450	0.26902	0.09320	0.23351	0.02365	0.02320	0.00764	0.00534	0.00164	0.00395	0.00649	0.09169	0.00675
5	0.00868	0.00690	0.00848	0.00955	0.08830	0.00666	0.00618	0.10244	0.01254	0.01621	0.03311	0.29975	0.30950	0.05835	0.00726	0.00202	0.00365	0.01065	0.00455	0.00522
6	0.01929	0.01179	0.01339	0.01043	0.01405	0.01237	0.00843	0.46348	0.01968	0.24334	0.01526	0.01665	0.01124	0.10679	0.00786	0.00201	0.00528	0.00520	0.00530	0.00815
7	0.01366	0.00680	0.00891	0.00785	0.01022	0.00620	0.00623	0.01548	0.01272	0.32901	0.10554	0.05875	0.18400	0.03734	0.11942	0.00278	0.00520	0.05839	0.00524	0.00629
8	0.01170	0.00866	0.00956	0.00794	0.01083	0.00834	0.00621	0.18306	0.05752	0.02058	0.01916	0.11701	0.09267	0.00754	0.00478	0.00137	0.00377	0.00624	0.17883	0.24421
9	0.01910	0.01298	0.01413	0.01095	0.01480	0.01409	0.00901	0.61152	0.02207	0.10917	0.01380	0.01377	0.00974	0.00625	0.00505	0.00153	0.00525	0.00476	0.09358	0.00844
10	0.25035	0.00930	0.00945	0.00826	0.01097	0.01018	0.00655	0.09985	0.19898	0.07164	0.18851	0.01988	0.01939	0.00705	0.00477	0.00162	0.00379	0.00557	0.06728	0.00661

[dist]
# distance from previous block
# <min> <max>
0	1

[block]
# block no. 4 follows, 47 sequences, length 13
# corresponding to MSA columns:
# 205-217
name=unknown_E
#
# <colnr> <probs for GDERKNQSTAVLIFYWHMCP>
#	G	D	E	R	K	N	Q	S	T	A	V	L	I	F	Y	W	H	M	C	P
0	0.02033	0.01324	0.01473	0.01135	0.01544	0.01421	0.00936	0.58168	0.04843	0.19519	0.01454	0.01387	0.00997	0.00632	0.00522	0.00158	0.00539	0.00485	0.00548	0.00884
1	0.00693	0.00505	0.00652	0.00668	0.00764	0.00464	0.00481	0.00878	0.01292	0.01780	0.47170	0.29894	0.10270	0.01275	0.00631	0.00181	0.00266	0.01135	0.00536	0.00464
2	0.01351	0.00917	0.01108	0.00805	0.01255	0.00710	0.00649	0.01576	0.01168	0.18313	0.01169	0.01229	0.00883	0.00441	0.00415	0.00095	0.00398	0.00355	0.00381	0.66783
3	0.00824	0.00566	0.00638	0.00599	0.00786	0.00486	0.00456	0.00989	0.01285	0.09687	0.21673	0.04414	0.53330	0.01190	0.00606	0.00172	0.00278	0.01003	0.00521	0.00498
4	0.21135	0.00922	0.01125	0.09217	0.01476	0.00926	0.00786	0.02145	0.06467	0.45417	0.04118	0.01600	0.01199	0.00612	0.00481	0.00164	0.00452	0.00480	0.00517	0.00763
5	0.01194	0.00893	0.01202	0.36622	0.02165	0.01031	0.00986	0.17535	0.01362	0.01955	0.01254	0.01544	0.00950	0.00572	0.00468	0.00152	0.00517	0.00472	0.28513	0.00614
6	0.01823	0.01423	0.01472	0.01173	0.01556	0.04697	0.00953	0.56938	0.19418	0.02951	0.01429	0.01395	0.01036	0.00640	0.00521	0.00160	0.00551	0.00491	0.00513	0.00860
7	0.16518	0.58895	0.07793	0.00907	0.01353	0.01823	0.00910	0.04215	0.01079	0.01528	0.00758	0.00871	0.00657	0.00462	0.00350	0.00126	0.00545	0.00293	0.00251	0.00664
8	0.01289	0.01237	0.02114	0.03196	0.78450	0.01237	0.01598	0.01598	0.01186	0.01701	0.00980	0.01289	0.00825	0.00464	0.00516	0.00155	0.00619	0.00464	0.00258	0.00825
9	0.01101	0.00989	0.01340	0.01165	0.01193	0.01340	0.00961	0.01244	0.00865	0.01411	0.00917	0.01323	0.00833	0.00842	0.01400	0.00203	0.62265	0.00463	0.19594	0.00550
10	0.00743	0.00542	0.00705	0.00692	0.00818	0.00504	0.00537	0.00979	0.01410	0.01955	0.61055	0.04279	0.10246	0.01141	0.00630	0.00176	0.00283	0.12265	0.00552	0.00486
11	0.20290	0.00738	0.00792	0.00711	0.00914	0.00761	0.00554	0.09041	0.01423	0.02226	0.47549	0.02988	0.08293	0.00902	0.00537	0.00163	0.00317	0.00751	0.00504	0.00546
12	0.00672	0.00503	0.00639	0.00708	0.00792	0.00449	0.00486	0.00780	0.01024	0.01370	0.02950	0.66204	0.11056	0.01488	0.00635	0.00196	0.00306	0.01336	0.00468	0.07938

[dist]
# distance from previous block
# <min> <max>
10	34

[block]
# block no. 5 follows, 47 sequences, length 9
# corresponding to MSA columns:
# 252-260
name=unknown_F
#
# <colnr> <probs for GDERKNQSTAVLIFYWHMCP>
#	G	D	E	R	K	N	Q	S	T	A	V	L	I	F	Y	W	H	M	C	P
0	0.01089	0.13492	0.01292	0.00937	0.01180	0.01071	0.03591	0.06662	0.24201	0.01778	0.07061	0.28129	0.02172	0.00968	0.00547	0.00172	0.00415	0.00841	0.00450	0.03953
1	0.11110	0.41261	0.06654	0.01060	0.01500	0.05003	0.04688	0.19830	0.01404	0.01900	0.00884	0.00985	0.00715	0.00500	0.00407	0.00135	0.00588	0.00350	0.00310	0.00714
2	0.05643	0.01047	0.01677	0.01313	0.01598	0.01118	0.18606	0.01712	0.01134	0.24790	0.01332	0.04941	0.01045	0.00882	0.05403	0.00221	0.22603	0.00550	0.00384	0.04002
3	0.10377	0.01173	0.01256	0.01042	0.01393	0.01295	0.00838	0.24883	0.35030	0.14547	0.01703	0.01594	0.01224	0.00649	0.00505	0.00166	0.00465	0.00511	0.00524	0.00826
4	0.21678	0.01160	0.01748	0.08015	0.54392	0.01215	0.01337	0.01563	0.01103	0.01829	0.00914	0.01188	0.00752	0.00473	0.00469	0.00158	0.00572	0.00420	0.00272	0.00744
5	0.21189	0.00644	0.00585	0.00566	0.00777	0.00616	0.00437	0.00938	0.01114	0.01632	0.04171	0.04001	0.59385	0.01116	0.00544	0.00172	0.00298	0.00901	0.00444	0.00470
6	0.01233	0.62235	0.02235	0.00834	0.01201	0.01680	0.00794	0.01419	0.01159	0.01435	0.19523	0.01577	0.01699	0.00596	0.00402	0.00124	0.00481	0.00439	0.00308	0.00625
7	0.01233	0.00703	0.00951	0.00958	0.01158	0.00686	0.00820	0.01544	0.06305	0.20350	0.02545	0.04619	0.02490	0.01198	0.00659	0.00217	0.00466	0.51974	0.00523	0.00601
8	0.01416	0.00906	0.01018	0.00903	0.01141	0.05332	0.00695	0.10325	0.12407	0.21809	0.14822	0.22635	0.02413	0.00971	0.00573	0.00175	0.00413	0.00833	0.00539	0.00675

[dist]
# distance from previous block
# <min> <max>
11	15

[block]
# block no. 6 follows, 47 sequences, length 53
# corresponding to MSA columns:
# 277-329
name=unknown_G
#
# <colnr> <probs for GDERKNQSTAVLIFYWHMCP>
#	G	D	E	R	K	N	Q	S	T	A	V	L	I	F	Y	W	H	M	C	P
0	0.10078	0.00913	0.02951	0.01016	0.01270	0.02789	0.10240	0.05900	0.06600	0.10503	0.16552	0.19454	0.02401	0.00949	0.00574	0.00180	0.00453	0.06099	0.00468	0.00610
1	0.24233	0.01085	0.01257	0.00999	0.01364	0.02472	0.08726	0.13571	0.09080	0.07573	0.03050	0.03345	0.05584	0.00607	0.00465	0.00151	0.00477	0.00490	0.00407	0.15066
2	0.18836	0.00985	0.00986	0.00862	0.01129	0.05042	0.00672	0.17955	0.03302	0.08269	0.06699	0.19228	0.07260	0.00879	0.00514	0.00166	0.00429	0.00718	0.00456	0.05614
3	0.01385	0.20922	0.34505	0.01262	0.01784	0.23562	0.01343	0.03479	0.01231	0.01474	0.01025	0.01149	0.03688	0.00530	0.00456	0.00144	0.00744	0.00376	0.00252	0.00689
4	0.01313	0.42065	0.32908	0.01175	0.01730	0.09937	0.01314	0.01650	0.01119	0.01399	0.00816	0.00951	0.00665	0.00475	0.00412	0.00135	0.00682	0.00327	0.00226	0.00702
5	0.01260	0.00788	0.00947	0.00831	0.01069	0.00771	0.00653	0.12462	0.07792	0.16823	0.22606	0.11699	0.12231	0.00988	0.00582	0.00172	0.00370	0.04687	0.00543	0.02728
6	0.01045	0.00994	0.01698	0.64482	0.17256	0.01175	0.03239	0.01387	0.01072	0.01406	0.00938	0.01371	0.00720	0.00508	0.00522	0.00170	0.00685	0.00467	0.00237	0.00626
7	0.85377	0.01007	0.00765	0.00685	0.01007	0.01168	0.00564	0.01531	0.00886	0.02336	0.00725	0.00846	0.00564	0.00483	0.00322	0.00161	0.00403	0.00282	0.00322	0.00564
8	0.01908	0.03180	0.01415	0.01215	0.03579	0.36698	0.00927	0.15769	0.04993	0.18435	0.05795	0.01402	0.01139	0.00611	0.00501	0.00148	0.00685	0.00450	0.00424	0.00726
9	0.00625	0.00489	0.00568	0.00631	0.00731	0.00431	0.00442	0.00736	0.01088	0.01366	0.04019	0.44904	0.39157	0.01482	0.00641	0.00194	0.00284	0.01298	0.00483	0.00431
10	0.01183	0.01213	0.01587	0.03401	0.01439	0.06200	0.01139	0.01304	0.00844	0.01257	0.00697	0.01134	0.00683	0.00879	0.01605	0.00221	0.73962	0.00449	0.00230	0.00572
11	0.00688	0.00493	0.00642	0.00689	0.00758	0.00460	0.00482	0.00836	0.01173	0.01606	0.31692	0.42238	0.05642	0.07113	0.00787	0.00214	0.00299	0.03238	0.00506	0.00443
12	0.06899	0.01231	0.01302	0.01064	0.01412	0.01372	0.00863	0.42582	0.22929	0.04353	0.01546	0.01597	0.01156	0.00659	0.00505	0.00162	0.00489	0.02410	0.06662	0.00809
13	0.00653	0.00509	0.00596	0.00638	0.00756	0.00452	0.00468	0.00794	0.01163	0.01479	0.13514	0.29423	0.39634	0.01396	0.00639	0.00190	0.00289	0.06469	0.00495	0.00444
14	0.21276	0.01125	0.01066	0.00927	0.01206	0.07544	0.00739	0.24103	0.07303	0.02329	0.11473	0.07674	0.05713	0.00798	0.00508	0.00167	0.00468	0.04474	0.00454	0.00653
15	0.00744	0.00558	0.00837	0.00837	0.00930	0.00651	0.00651	0.00930	0.00837	0.01209	0.01395	0.02046	0.01302	0.03906	0.79635	0.00837	0.01395	0.00558	0.00279	0.00465
16	0.01392	0.82012	0.02729	0.00891	0.01337	0.02061	0.00891	0.01559	0.01058	0.01225	0.00724	0.00835	0.00668	0.00446	0.00334	0.00111	0.00557	0.00278	0.00223	0.00668
17	0.01171	0.00938	0.01095	0.00803	0.01249	0.00746	0.00642	0.01498	0.07120	0.06298	0.01086	0.01189	0.00866	0.00426	0.00405	0.00090	0.00391	0.00343	0.00346	0.73295
18	0.01283	0.00991	0.00984	0.00872	0.01080	0.13709	0.00681	0.03178	0.01385	0.16531	0.26859	0.02995	0.17245	0.00934	0.00658	0.00168	0.06608	0.02760	0.00489	0.00591
19	0.31007	0.00928	0.01056	0.00843	0.01218	0.00904	0.00696	0.02190	0.01282	0.52407	0.01596	0.01453	0.01039	0.00589	0.00454	0.00161	0.00429	0.00440	0.00533	0.00775
20	0.85377	0.01007	0.00765	0.00685	0.01007	0.01168	0.00564	0.01531	0.00886	0.02336	0.00725	0.00846	0.00564	0.00483	0.00322	0.00161	0.00403	0.00282	0.00322	0.00564
21	0.00674	0.00519	0.00626	0.00696	0.00808	0.00471	0.00529	0.00817	0.01124	0.01415	0.03861	0.31571	0.34960	0.01455	0.00657	0.00203	0.00327	0.18362	0.00483	0.00443
22	0.00634	0.00453	0.00604	0.00725	0.00755	0.00423	0.00483	0.00725	0.00997	0.01329	0.02870	0.81358	0.03444	0.01632	0.00665	0.00211	0.00302	0.01480	0.00483	0.00423
23	0.01819	0.01976	0.01434	0.01252	0.01558	0.46288	0.00965	0.18671	0.17350	0.01903	0.01174	0.01214	0.00907	0.00591	0.00493	0.00148	0.00750	0.00417	0.00378	0.00711
24	0.00728	0.00532	0.00683	0.00646	0.00772	0.00487	0.00484	0.00965	0.01452	0.02037	0.72674	0.03975	0.10447	0.01084	0.00614	0.00165	0.00247	0.00954	0.00566	0.00487
25	0.01078	0.01032	0.01687	0.49165	0.19295	0.01255	0.01422	0.01374	0.01027	0.01396	0.00892	0.01321	0.00720	0.00581	0.00740	0.00180	0.15506	0.00462	0.00236	0.00630
26	0.00634	0.00453	0.00604	0.00725	0.00755	0.00423	0.00483	0.00725	0.00997	0.01329	0.02870	0.81358	0.03444	0.01632	0.00665	0.00211	0.00302	0.01480	0.00483	0.00423
27	0.00653	0.00502	0.00598	0.00632	0.00741	0.00447	0.00452	0.00798	0.01190	0.01550	0.22732	0.32696	0.32396	0.01369	0.00633	0.00186	0.00273	0.01199	0.00506	0.00447
28	0.01045	0.02694	0.79000	0.01484	0.02254	0.01209	0.01924	0.01649	0.01099	0.01649	0.00935	0.01099	0.00660	0.00495	0.00495	0.00165	0.00770	0.00385	0.00220	0.00770
29	0.02336	0.00886	0.01209	0.00927	0.01329	0.00765	0.00765	0.02538	0.01491	0.78810	0.02055	0.01773	0.01289	0.00645	0.00524	0.00161	0.00443	0.00524	0.00645	0.00886
30	0.01265	0.01449	0.02872	0.02085	0.02558	0.05969	0.66639	0.01662	0.01213	0.01615	0.01012	0.01358	0.00775	0.00479	0.00685	0.00177	0.06652	0.00587	0.00261	0.00687
31	0.01726	0.34108	0.01977	0.01159	0.01501	0.46765	0.00960	0.03767	0.01334	0.01306	0.00784	0.00906	0.00675	0.00503	0.00417	0.00126	0.00778	0.00316	0.00257	0.00637
32	0.00634	0.00455	0.00602	0.00719	0.00754	0.00423	0.00481	0.00726	0.01003	0.01332	0.02944	0.79032	0.05723	0.01622	0.00663	0.00210	0.00301	0.01469	0.00483	0.00423
33	0.01206	0.01362	0.02921	0.02107	0.02591	0.01304	0.70316	0.01618	0.01200	0.01636	0.01089	0.03817	0.00865	0.00500	0.00673	0.00179	0.05027	0.00633	0.00268	0.00687
34	0.01127	0.00953	0.01105	0.00794	0.01254	0.00742	0.00637	0.05245	0.01151	0.01780	0.00943	0.01089	0.00777	0.00398	0.00393	0.00081	0.00395	0.00317	0.00320	0.80500
35	0.01111	0.01015	0.01832	0.60687	0.03287	0.01165	0.15856	0.01467	0.01104	0.05980	0.01017	0.01414	0.00748	0.00512	0.00539	0.00173	0.00715	0.00496	0.00262	0.00621
36	0.01355	0.45257	0.02714	0.01393	0.01833	0.06368	0.27035	0.01612	0.01128	0.01383	0.00840	0.01054	0.00711	0.00473	0.00511	0.00141	0.04874	0.00407	0.00240	0.00671
37	0.00751	0.00503	0.00576	0.00583	0.00586	0.00504	0.00332	0.00760	0.00772	0.01031	0.01699	0.07442	0.01960	0.75658	0.04391	0.00498	0.00516	0.00790	0.00323	0.00325
38	0.01980	0.01459	0.01563	0.01198	0.01615	0.01615	0.00990	0.76713	0.02448	0.03282	0.01250	0.01250	0.00886	0.00625	0.00521	0.00156	0.00573	0.00469	0.00521	0.00886
39	0.78734	0.01001	0.00828	0.06963	0.01210	0.01167	0.00633	0.01515	0.00898	0.02257	0.00741	0.00889	0.00574	0.00486	0.00338	0.00162	0.00426	0.00296	0.00315	0.00565
40	0.01366	0.01154	0.01218	0.01074	0.01381	0.01329	0.00842	0.10460	0.69700	0.02293	0.02029	0.01871	0.01516	0.00698	0.00529	0.00175	0.00429	0.00576	0.00529	0.00831
41	0.02336	0.00886	0.01209	0.00927	0.01329	0.00765	0.00765	0.02538	0.01491	0.78810	0.02055	0.01773	0.01289	0.00645	0.00524	0.00161	0.00443	0.00524	0.00645	0.00886
42	0.01392	0.82012	0.02729	0.00891	0.01337	0.02061	0.00891	0.01559	0.01058	0.01225	0.00724	0.00835	0.00668	0.00446	0.00334	0.00111	0.00557	0.00278	0.00223	0.00668
43	0.01080	0.00926	0.01080	0.00771	0.01234	0.00694	0.00617	0.01311	0.01080	0.01697	0.00926	0.01080	0.00771	0.00386	0.00386	0.00077	0.00386	0.00309	0.00309	0.84882
44	0.00744	0.00558	0.00837	0.00837	0.00930	0.00651	0.00651	0.00930	0.00837	0.01209	0.01395	0.02046	0.01302	0.03906	0.79635	0.00837	0.01395	0.00558	0.00279	0.00465
45	0.02336	0.00886	0.01209	0.00927	0.01329	0.00765	0.00765	0.02538	0.01491	0.78810	0.02055	0.01773	0.01289	0.00645	0.00524	0.00161	0.00443	0.00524	0.00645	0.00886
46	0.01289	0.01237	0.02114	0.03196	0.78450	0.01237	0.01598	0.01598	0.01186	0.01701	0.00980	0.01289	0.00825	0.00464	0.00516	0.00155	0.00619	0.00464	0.00258	0.00825
47	0.00668	0.00530	0.00600	0.00582	0.00735	0.00462	0.00437	0.00848	0.01310	0.01699	0.36520	0.04531	0.46812	0.01210	0.00615	0.00171	0.00256	0.01032	0.00522	0.00462
48	0.00983	0.00926	0.01562	0.80447	0.03587	0.01157	0.01446	0.01331	0.01041	0.01331	0.00926	0.01388	0.00694	0.00521	0.00521	0.00174	0.00694	0.00463	0.00231	0.00579
49	0.00634	0.00453	0.00604	0.00725	0.00755	0.00423	0.00483	0.00725	0.00997	0.01329	0.02870	0.81358	0.03444	0.01632	0.00665	0.00211	0.00302	0.01480	0.00483	0.00423
50	0.00634	0.00453	0.00604	0.00725	0.00755	0.00423	0.00483	0.00725	0.00997	0.01329	0.02870	0.81358	0.03444	0.01632	0.00665	0.00211	0.00302	0.01480	0.00483	0.00423
51	0.01080	0.00926	0.01080	0.00771	0.01234	0.00694	0.00617	0.01311	0.01080	0.01697	0.00926	0.01080	0.00771	0.00386	0.00386	0.00077	0.00386	0.00309	0.00309	0.84882
52	0.01285	0.57508	0.26291	0.01074	0.01620	0.01798	0.01210	0.01587	0.01071	0.01356	0.00789	0.00917	0.00666	0.00461	0.00384	0.00128	0.00623	0.00311	0.00222	0.00700

[dist]
# distance from previous block
# <min> <max>
0	2

[block]
# block no. 7 follows, 47 sequences, length 132
# corresponding to MSA columns:
# 332-463
name=unknown_H
#
# <colnr> <probs for GDERKNQSTAVLIFYWHMCP>
#	G	D	E	R	K	N	Q	S	T	A	V	L	I	F	Y	W	H	M	C	P
0	0.01197	0.01144	0.01948	0.26360	0.56002	0.01213	0.01553	0.01518	0.01142	0.01590	0.00963	0.01319	0.00786	0.00481	0.00517	0.00160	0.00641	0.00464	0.00250	0.00751
1	0.01459	0.01540	0.01812	0.02404	0.47315	0.21397	0.01332	0.01894	0.12524	0.01662	0.01103	0.01295	0.00898	0.00518	0.00506	0.00153	0.00671	0.00449	0.00301	0.00768
2	0.01905	0.02384	0.01517	0.01455	0.06425	0.73156	0.01043	0.03523	0.01477	0.01341	0.00825	0.00967	0.00685	0.00534	0.00473	0.00136	0.00912	0.00346	0.00273	0.00623
3	0.00785	0.00537	0.00661	0.00702	0.00743	0.00537	0.00495	0.00867	0.00908	0.01197	0.02023	0.04251	0.02271	0.54246	0.01990	0.00414	0.00496	0.26132	0.00372	0.00372
4	0.00905	0.00452	0.00678	0.00678	0.00678	0.00452	0.00452	0.00678	0.00678	0.00905	0.00905	0.01583	0.00905	0.01809	0.02035	0.84848	0.00452	0.00452	0.00226	0.00226
5	0.01229	0.01405	0.03073	0.02195	0.02722	0.01317	0.76558	0.01668	0.01229	0.01668	0.01054	0.01405	0.00790	0.00439	0.00615	0.00176	0.00878	0.00615	0.00263	0.00702
6	0.01295	0.01119	0.01178	0.01060	0.01354	0.01295	0.00824	0.02767	0.77509	0.02178	0.02120	0.01943	0.01590	0.00707	0.00530	0.00177	0.00412	0.00589	0.00530	0.00824
7	0.01003	0.00945	0.01597	0.75606	0.08278	0.01162	0.01456	0.01347	0.01050	0.01354	0.00929	0.01382	0.00702	0.00517	0.00520	0.00172	0.00689	0.00463	0.00233	0.00594
8	0.00615	0.00528	0.00528	0.00528	0.00703	0.00440	0.00396	0.00747	0.01187	0.01407	0.05276	0.05012	0.78238	0.01319	0.00615	0.00176	0.00264	0.01099	0.00484	0.00440
9	0.01139	0.01139	0.01595	0.01367	0.01367	0.01595	0.01139	0.01253	0.00798	0.01253	0.00684	0.01139	0.00684	0.00911	0.01709	0.00228	0.80745	0.00456	0.00228	0.00570
10	0.01289	0.01237	0.02114	0.03196	0.78450	0.01237	0.01598	0.01598	0.01186	0.01701	0.00980	0.01289	0.00825	0.00464	0.00516	0.00155	0.00619	0.00464	0.00258	0.00825
11	0.01187	0.01134	0.01930	0.28898	0.53543	0.01211	0.01548	0.01509	0.01138	0.01578	0.00962	0.01322	0.00781	0.00483	0.00517	0.00161	0.00644	0.00464	0.00249	0.00743
12	0.01295	0.01119	0.01178	0.01060	0.01354	0.01295	0.00824	0.02767	0.77509	0.02178	0.02120	0.01943	0.01590	0.00707	0.00530	0.00177	0.00412	0.00589	0.00530	0.00824
13	0.00634	0.00453	0.00604	0.00725	0.00755	0.00423	0.00483	0.00725	0.00997	0.01329	0.02870	0.81358	0.03444	0.01632	0.00665	0.00211	0.00302	0.01480	0.00483	0.00423
14	0.01907	0.02404	0.01437	0.01308	0.01571	0.76503	0.00981	0.02046	0.01461	0.01301	0.00840	0.00978	0.00697	0.00539	0.00465	0.00134	0.00912	0.00341	0.03577	0.00599
15	0.01080	0.00926	0.01080	0.00771	0.01234	0.00694	0.00617	0.01311	0.01080	0.01697	0.00926	0.01080	0.00771	0.00386	0.00386	0.00077	0.00386	0.00309	0.00309	0.84882
16	0.00718	0.00527	0.00673	0.00647	0.00769	0.00482	0.00481	0.00943	0.01415	0.01972	0.66090	0.08858	0.12231	0.01126	0.00618	0.00168	0.00251	0.00991	0.00559	0.00482
17	0.00757	0.00505	0.00568	0.00568	0.00568	0.00505	0.00316	0.00757	0.00757	0.01010	0.01641	0.03408	0.01893	0.81698	0.02651	0.00505	0.00505	0.00757	0.00316	0.00316
18	0.01392	0.82012	0.02729	0.00891	0.01337	0.02061	0.00891	0.01559	0.01058	0.01225	0.00724	0.00835	0.00668	0.00446	0.00334	0.00111	0.00557	0.00278	0.00223	0.00668
19	0.01045	0.02694	0.79000	0.01484	0.02254	0.01209	0.01924	0.01649	0.01099	0.01649	0.00935	0.01099	0.00660	0.00495	0.00495	0.00165	0.00770	0.00385	0.00220	0.00770
20	0.01315	0.49020	0.02518	0.01216	0.01610	0.04823	0.16975	0.01538	0.01113	0.01378	0.05647	0.01180	0.00962	0.00530	0.00546	0.00140	0.08171	0.00410	0.00256	0.00653
21	0.00757	0.00505	0.00568	0.00568	0.00568	0.00505	0.00316	0.00757	0.00757	0.01010	0.01641	0.03408	0.01893	0.81698	0.02651	0.00505	0.00505	0.00757	0.00316	0.00316
22	0.00764	0.00581	0.00712	0.00669	0.00797	0.02462	0.00502	0.01005	0.01468	0.02053	0.74628	0.03841	0.06436	0.01057	0.00611	0.00163	0.00263	0.00930	0.00564	0.00493
23	0.00757	0.00505	0.00568	0.00568	0.00568	0.00505	0.00316	0.00757	0.00757	0.01010	0.01641	0.03408	0.01893	0.81698	0.02651	0.00505	0.00505	0.00757	0.00316	0.00316
24	0.01045	0.02694	0.79000	0.01484	0.02254	0.01209	0.01924	0.01649	0.01099	0.01649	0.00935	0.01099	0.00660	0.00495	0.00495	0.00165	0.00770	0.00385	0.00220	0.00770
25	0.00833	0.01206	0.25110	0.00914	0.01238	0.00715	0.00938	0.01191	0.01357	0.01951	0.54093	0.03020	0.03587	0.00887	0.00577	0.00164	0.00409	0.00768	0.00463	0.00578
26	0.01378	0.01283	0.01415	0.33234	0.02316	0.14029	0.01114	0.10950	0.20853	0.04361	0.01385	0.01533	0.02683	0.00605	0.00517	0.00165	0.00630	0.00491	0.00368	0.00690
27	0.01762	0.01046	0.01246	0.00942	0.01364	0.00964	0.00769	0.19758	0.04728	0.30246	0.01465	0.01409	0.01022	0.00550	0.00474	0.00131	0.00452	0.00437	0.00491	0.30745
28	0.30856	0.01135	0.01165	0.01084	0.07859	0.07454	0.00796	0.09805	0.01343	0.28416	0.01442	0.01414	0.03924	0.00589	0.00452	0.00158	0.00491	0.00436	0.00450	0.00729
29	0.01151	0.00808	0.00951	0.00844	0.01068	0.00840	0.00655	0.04734	0.27521	0.10516	0.40858	0.02890	0.03224	0.00879	0.00572	0.00168	0.00337	0.00757	0.00564	0.00664
30	0.00618	0.00526	0.00532	0.00534	0.00706	0.00440	0.00399	0.00751	0.01188	0.01418	0.06553	0.06686	0.75239	0.01321	0.00617	0.00176	0.00264	0.01105	0.00485	0.00440
31	0.35468	0.39161	0.01773	0.00839	0.01227	0.03341	0.00763	0.06375	0.01103	0.04851	0.00812	0.00905	0.00664	0.00482	0.00352	0.00137	0.00500	0.00303	0.00300	0.00647
32	0.01139	0.01084	0.01843	0.41084	0.41733	0.01198	0.01524	0.01467	0.01115	0.01519	0.00953	0.01338	0.00761	0.00492	0.00518	0.00164	0.00656	0.00463	0.00245	0.00704
33	0.00983	0.00926	0.01562	0.80447	0.03587	0.01157	0.01446	0.01331	0.01041	0.01331	0.00926	0.01388	0.00694	0.00521	0.00521	0.00174	0.00694	0.00463	0.00231	0.00579
34	0.01283	0.01085	0.01148	0.01021	0.01311	0.01235	0.00797	0.08259	0.63969	0.02211	0.05234	0.02158	0.06469	0.00753	0.00538	0.00175	0.00409	0.00625	0.00528	0.00792
35	0.00665	0.00501	0.00616	0.00648	0.00749	0.00451	0.00463	0.00821	0.01214	0.01615	0.29766	0.33813	0.24081	0.01350	0.00634	0.00185	0.00272	0.01190	0.00515	0.00451
36	0.01045	0.02694	0.79000	0.01484	0.02254	0.01209	0.01924	0.01649	0.01099	0.01649	0.00935	0.01099	0.00660	0.00495	0.00495	0.00165	0.00770	0.00385	0.00220	0.00770
37	0.00628	0.00528	0.00545	0.00541	0.00711	0.00445	0.00405	0.00771	0.01216	0.01476	0.12693	0.04898	0.70778	0.01293	0.00615	0.00175	0.00262	0.01083	0.00493	0.00445
38	0.00634	0.00453	0.00604	0.00725	0.00755	0.00423	0.00483	0.00725	0.00997	0.01329	0.02870	0.81358	0.03444	0.01632	0.00665	0.00211	0.00302	0.01480	0.00483	0.00423
39	0.00634	0.00456	0.00601	0.00717	0.00753	0.00424	0.00480	0.00726	0.01004	0.01332	0.02965	0.78363	0.06379	0.01619	0.00663	0.00210	0.00301	0.01465	0.00483	0.00424
40	0.00747	0.00544	0.00768	0.00768	0.00837	0.00613	0.00565	0.00886	0.00816	0.01158	0.01458	0.02396	0.01454	0.23908	0.59840	0.00752	0.01166	0.00609	0.00288	0.00427
41	0.01392	0.82012	0.02729	0.00891	0.01337	0.02061	0.00891	0.01559	0.01058	0.01225	0.00724	0.00835	0.00668	0.00446	0.00334	0.00111	0.00557	0.00278	0.00223	0.00668
42	0.00757	0.00505	0.00568	0.00568	0.00568	0.00505	0.00316	0.00757	0.00757	0.01010	0.01641	0.03408	0.01893	0.81698	0.02651	0.00505	0.00505	0.00757	0.00316	0.00316
43	0.01392	0.82012	0.02729	0.00891	0.01337	0.02061	0.00891	0.01559	0.01058	0.01225	0.00724	0.00835	0.00668	0.00446	0.00334	0.00111	0.00557	0.00278	0.00223	0.00668
44	0.02314	0.00922	0.01231	0.00944	0.01347	0.00819	0.00779	0.07186	0.01551	0.74078	0.02004	0.01740	0.01264	0.00643	0.00524	0.00161	0.00451	0.00520	0.00637	0.00886
45	0.00744	0.00558	0.00837	0.00837	0.00930	0.00651	0.00651	0.00930	0.00837	0.01209	0.01395	0.02046	0.01302	0.03906	0.79635	0.00837	0.01395	0.00558	0.00279	0.00465
46	0.01980	0.01459	0.01563	0.01198	0.01615	0.01615	0.00990	0.76713	0.02448	0.03282	0.01250	0.01250	0.00886	0.00625	0.00521	0.00156	0.00573	0.00469	0.00521	0.00886
47	0.00983	0.00926	0.01562	0.80447	0.03587	0.01157	0.01446	0.01331	0.01041	0.01331	0.00926	0.01388	0.00694	0.00521	0.00521	0.00174	0.00694	0.00463	0.00231	0.00579
48	0.01139	0.01139	0.01595	0.01367	0.01367	0.01595	0.01139	0.01253	0.00798	0.01253	0.00684	0.01139	0.00684	0.00911	0.01709	0.00228	0.80745	0.00456	0.00228	0.00570
49	0.00738	0.00531	0.00688	0.00650	0.00765	0.00492	0.00480	0.00969	0.01429	0.02021	0.73379	0.03860	0.04724	0.06117	0.00742	0.00185	0.00262	0.00930	0.00557	0.00480
50	0.00957	0.00487	0.00487	0.00487	0.00610	0.00484	0.00365	0.01196	0.01096	0.01921	0.01835	0.02059	0.04271	0.00634	0.00374	0.00123	0.00243	0.00509	0.81378	0.00484
51	0.00615	0.00528	0.00528	0.00528	0.00703	0.00440	0.00396	0.00747	0.01187	0.01407	0.05276	0.05012	0.78238	0.01319	0.00615	0.00176	0.00264	0.01099	0.00484	0.00440
52	0.85377	0.01007	0.00765	0.00685	0.01007	0.01168	0.00564	0.01531	0.00886	0.02336	0.00725	0.00846	0.00564	0.00483	0.00322	0.00161	0.00403	0.00282	0.00322	0.00564
53	0.85377	0.01007	0.00765	0.00685	0.01007	0.01168	0.00564	0.01531	0.00886	0.02336	0.00725	0.00846	0.00564	0.00483	0.00322	0.00161	0.00403	0.00282	0.00322	0.00564
54	0.01351	0.00894	0.01033	0.00895	0.01157	0.00927	0.00701	0.13469	0.22574	0.15894	0.18959	0.09238	0.08885	0.00892	0.00565	0.00171	0.00384	0.00755	0.00551	0.00705
55	0.01255	0.01333	0.02659	0.02627	0.35368	0.01283	0.44243	0.01638	0.01210	0.01682	0.01022	0.01355	0.00805	0.00450	0.00572	0.00167	0.00766	0.00550	0.00261	0.00755
56	0.00657	0.00497	0.00568	0.00609	0.00694	0.00450	0.00412	0.00748	0.01034	0.01312	0.05709	0.31393	0.33219	0.19019	0.01078	0.00260	0.00329	0.01153	0.00449	0.00408
57	0.03515	0.06099	0.01447	0.01050	0.01356	0.01122	0.04459	0.01413	0.01015	0.06676	0.00910	0.01139	0.00766	0.00584	0.00834	0.00141	0.26727	0.00383	0.00297	0.40066
58	0.00634	0.00453	0.00604	0.00725	0.00755	0.00423	0.00483	0.00725	0.00997	0.01329	0.02870	0.81358	0.03444	0.01632	0.00665	0.00211	0.00302	0.01480	0.00483	0.00423
59	0.04705	0.01066	0.01247	0.00975	0.01366	0.07188	0.00798	0.08650	0.01551	0.64047	0.01848	0.01635	0.01185	0.00630	0.00513	0.00159	0.00493	0.00497	0.00595	0.00854
60	0.01614	0.04903	0.01966	0.01613	0.06645	0.28499	0.18896	0.15411	0.02916	0.01772	0.00963	0.01166	0.00766	0.00568	0.00655	0.00160	0.10032	0.00450	0.00311	0.00695
61	0.00663	0.00491	0.00619	0.00668	0.00753	0.00447	0.00470	0.00808	0.01178	0.01577	0.26489	0.43843	0.17279	0.01401	0.00640	0.00190	0.00278	0.01246	0.00511	0.00447
62	0.01291	0.62186	0.04138	0.00817	0.01200	0.01695	0.00801	0.01486	0.01067	0.01393	0.00943	0.01084	0.00814	0.00482	0.00345	0.00115	0.00493	0.00326	0.18694	0.00631
63	0.00634	0.00453	0.00604	0.00725	0.00755	0.00423	0.00483	0.00725	0.00997	0.01329	0.02870	0.81358	0.03444	0.01632	0.00665	0.00211	0.00302	0.01480	0.00483	0.00423
64	0.01880	0.01322	0.01393	0.01114	0.01487	0.06154	0.00903	0.41964	0.16265	0.17243	0.03789	0.01537	0.01199	0.00652	0.00523	0.00160	0.00531	0.00507	0.00532	0.00845
65	0.06469	0.12163	0.54996	0.01460	0.06755	0.01337	0.01641	0.01603	0.01067	0.01619	0.00882	0.01065	0.00666	0.00512	0.00541	0.00161	0.05722	0.00375	0.00230	0.00735
66	0.01185	0.01197	0.02225	0.22227	0.33338	0.01219	0.24385	0.01540	0.01158	0.01598	0.00986	0.01341	0.00779	0.00467	0.00542	0.00163	0.00707	0.00503	0.00255	0.04184
67	0.00735	0.00689	0.05539	0.00729	0.00891	0.00568	0.00580	0.01025	0.07730	0.01622	0.21079	0.29822	0.24519	0.01260	0.00617	0.00184	0.00317	0.01102	0.00492	0.00500
68	0.01315	0.31830	0.14069	0.01961	0.32343	0.03142	0.03861	0.03020	0.01156	0.01535	0.00881	0.01086	0.00738	0.00465	0.00447	0.00140	0.00633	0.00385	0.00244	0.00750
69	0.00652	0.00491	0.00595	0.00666	0.00748	0.00446	0.00468	0.00764	0.01068	0.01370	0.05744	0.45560	0.26819	0.06495	0.00775	0.00219	0.00312	0.05903	0.00475	0.00427
70	0.00905	0.00452	0.00678	0.00678	0.00678	0.00452	0.00452	0.00678	0.00678	0.00905	0.00905	0.01583	0.00905	0.01809	0.02035	0.84848	0.00452	0.00452	0.00226	0.00226
71	0.01210	0.01099	0.01492	0.21763	0.09968	0.01255	0.05810	0.02208	0.45193	0.01879	0.01628	0.01699	0.01230	0.00617	0.00531	0.00174	0.00535	0.00545	0.00408	0.00754
72	0.01136	0.00945	0.01089	0.00795	0.01225	0.00761	0.00630	0.07680	0.01176	0.01788	0.00998	0.01240	0.00851	0.05501	0.00539	0.00111	0.00409	0.00350	0.00327	0.72450
73	0.00634	0.00453	0.00604	0.00725	0.00755	0.00423	0.00483	0.00725	0.00997	0.01329	0.02870	0.81358	0.03444	0.01632	0.00665	0.00211	0.00302	0.01480	0.00483	0.00423
74	0.37889	0.01010	0.00970	0.00858	0.01138	0.01130	0.00678	0.20413	0.08524	0.02339	0.01458	0.18678	0.01372	0.00792	0.00467	0.00172	0.00425	0.00620	0.00427	0.00639
75	0.01652	0.01235	0.01365	0.01030	0.01460	0.01240	0.00842	0.44750	0.03648	0.05645	0.01184	0.01225	0.00876	0.00541	0.00472	0.00128	0.00496	0.00416	0.00449	0.31347
76	0.01394	0.00640	0.00813	0.00715	0.00928	0.00619	0.00566	0.01610	0.01174	0.28391	0.01755	0.01906	0.01312	0.01342	0.17775	0.00292	0.00564	0.00515	0.37071	0.00620
77	0.07118	0.01201	0.01326	0.01063	0.01439	0.01294	0.00865	0.34572	0.21412	0.21692	0.01641	0.01533	0.01147	0.00642	0.00511	0.00163	0.00489	0.00502	0.00541	0.00850
