[name]
unknown

[dist]
# distance from previous block
# <min> <max>
0	458

[block]
# block no. 0 follows, 51 sequences, length 11
# corresponding to MSA columns:
# 459-469
name=unknown_A
#
# <colnr> <probs for GDERKNQSTAVLIFYWHMCP>
#	G	D	E	R	K	N	Q	S	T	A	V	L	I	F	Y	W	H	M	C	P
0	0.01130	0.01036	0.01624	0.14614	0.40257	0.01094	0.03741	0.06269	0.08315	0.01666	0.04301	0.01776	0.06160	0.00595	0.00533	0.00158	0.02247	0.03486	0.00311	0.00688
1	0.01087	0.01036	0.01761	0.38266	0.45425	0.01134	0.01444	0.01395	0.01058	0.01448	0.00902	0.01258	0.00723	0.00462	0.00489	0.00154	0.00616	0.00437	0.00232	0.00674
2	0.01154	0.01189	0.02260	0.11888	0.37556	0.01202	0.30848	0.01489	0.01103	0.01534	0.00933	0.01263	0.00745	0.00453	0.00572	0.00159	0.04221	0.00492	0.00241	0.00696
3	0.00595	0.00444	0.00554	0.00641	0.00701	0.00403	0.00437	0.00689	0.00982	0.01271	0.03232	0.64508	0.20814	0.01472	0.00617	0.00192	0.00277	0.01314	0.00456	0.00403
4	0.00928	0.00873	0.01474	0.81548	0.03385	0.01092	0.01365	0.01256	0.00983	0.01256	0.00873	0.01310	0.00655	0.00491	0.00491	0.00164	0.00655	0.00437	0.00218	0.00546
5	0.00714	0.00480	0.00554	0.00554	0.00560	0.00486	0.00320	0.00726	0.00720	0.00966	0.01532	0.03127	0.01748	0.77273	0.07905	0.00498	0.00534	0.00702	0.00295	0.00308
6	0.00928	0.00873	0.01474	0.81548	0.03385	0.01092	0.01365	0.01256	0.00983	0.01256	0.00873	0.01310	0.00655	0.00491	0.00491	0.00164	0.00655	0.00437	0.00218	0.00546
7	0.76986	0.00938	0.00768	0.00671	0.00984	0.01061	0.00553	0.01549	0.00899	0.10739	0.00822	0.00894	0.00607	0.00473	0.00325	0.00152	0.00384	0.00291	0.00337	0.00566
8	0.01270	0.64351	0.12084	0.00917	0.01371	0.04493	0.00948	0.01482	0.01019	0.01239	0.00724	0.00839	0.00637	0.00425	0.00342	0.00110	0.00552	0.00279	0.00217	0.06700
9	0.04678	0.06551	0.00936	0.00774	0.00952	0.00788	0.00596	0.12995	0.05153	0.03692	0.19788	0.32694	0.02683	0.01044	0.00544	0.00167	0.00348	0.02554	0.00459	0.02603
10	0.01519	0.01185	0.01125	0.00964	0.01232	0.15509	0.00748	0.15731	0.19915	0.16454	0.09635	0.04959	0.01583	0.06426	0.00640	0.00175	0.00498	0.00559	0.00462	0.00680

[dist]
# distance from previous block
# <min> <max>
24	63

[block]
# block no. 1 follows, 51 sequences, length 91
# corresponding to MSA columns:
# 553-643
name=unknown_B
#
# <colnr> <probs for GDERKNQSTAVLIFYWHMCP>
#	G	D	E	R	K	N	Q	S	T	A	V	L	I	F	Y	W	H	M	C	P
0	0.04275	0.07115	0.08302	0.05201	0.05769	0.04253	0.06021	0.14361	0.22932	0.04569	0.01293	0.02750	0.00996	0.00550	0.00465	0.00145	0.00521	0.00455	0.00373	0.09655
1	0.13398	0.07471	0.33826	0.01100	0.03870	0.03783	0.02473	0.04989	0.01103	0.06897	0.01030	0.01158	0.00765	0.00490	0.00416	0.00141	0.00551	0.00371	0.13131	0.03036
2	0.01248	0.05124	0.01391	0.23471	0.04568	0.03698	0.03110	0.10921	0.21936	0.06051	0.01307	0.01477	0.01001	0.02129	0.03462	0.00186	0.04240	0.00472	0.03545	0.00663
3	0.19512	0.01286	0.01061	0.04910	0.01280	0.22819	0.00711	0.07778	0.02851	0.03825	0.00969	0.01285	0.00833	0.11180	0.00674	0.00172	0.00556	0.00379	0.00311	0.17608
4	0.07214	0.01274	0.01301	0.01060	0.01404	0.04097	0.00856	0.45265	0.27648	0.02627	0.01406	0.01362	0.01030	0.00604	0.00480	0.00153	0.00491	0.00464	0.00474	0.00787
5	0.00666	0.00456	0.00550	0.00598	0.00610	0.00444	0.00364	0.00702	0.00809	0.01079	0.02032	0.36228	0.02397	0.48885	0.01720	0.00361	0.00397	0.00999	0.00364	0.00340
6	0.00759	0.00527	0.00742	0.00772	0.00856	0.00564	0.00597	0.00912	0.00894	0.03577	0.01817	0.11518	0.01897	0.14019	0.39974	0.00531	0.00858	0.18411	0.00343	0.00430
7	0.01314	0.83025	0.02575	0.00841	0.01261	0.01945	0.00841	0.01472	0.00999	0.01156	0.00683	0.00788	0.00631	0.00420	0.00315	0.00105	0.00526	0.00263	0.00210	0.00631
8	0.00715	0.00476	0.00536	0.00536	0.00536	0.00476	0.00298	0.00715	0.00715	0.00953	0.01548	0.03216	0.01787	0.82729	0.02501	0.00476	0.00476	0.00715	0.00298	0.00298
9	0.00683	0.00476	0.00566	0.00575	0.00617	0.00457	0.00365	0.00757	0.00929	0.01254	0.19466	0.15918	0.07733	0.46210	0.01648	0.00340	0.00376	0.00883	0.00388	0.00359
10	0.01104	0.01053	0.01792	0.33576	0.49980	0.01138	0.01452	0.01410	0.01066	0.01469	0.00905	0.01253	0.00730	0.00459	0.00488	0.00153	0.00612	0.00437	0.00234	0.00688
11	0.00651	0.00496	0.00598	0.00581	0.00709	0.00443	0.00432	0.00838	0.01272	0.01710	0.49573	0.08622	0.30053	0.01118	0.00583	0.00161	0.00241	0.00969	0.00507	0.00443
12	0.00986	0.02542	0.80183	0.01401	0.02127	0.01141	0.01816	0.01556	0.01038	0.01556	0.00882	0.01038	0.00623	0.00467	0.00467	0.00156	0.00726	0.00363	0.00208	0.00726
13	0.00660	0.00471	0.00640	0.00754	0.00809	0.00452	0.00562	0.00790	0.01001	0.01323	0.02675	0.58107	0.03117	0.01482	0.00644	0.00208	0.00338	0.25096	0.00455	0.00416
14	0.01302	0.01223	0.01148	0.01035	0.01309	0.11573	0.00800	0.02527	0.68705	0.01945	0.01839	0.01710	0.01387	0.00646	0.00493	0.00161	0.00454	0.00524	0.00468	0.00751
15	0.00928	0.00873	0.01474	0.81548	0.03385	0.01092	0.01365	0.01256	0.00983	0.01256	0.00873	0.01310	0.00655	0.00491	0.00491	0.00164	0.00655	0.00437	0.00218	0.00546
16	0.86201	0.00950	0.00722	0.00646	0.00950	0.01102	0.00532	0.01445	0.00836	0.02205	0.00684	0.00798	0.00532	0.00456	0.00304	0.00152	0.00380	0.00266	0.00304	0.00532
17	0.00702	0.00527	0.00790	0.00790	0.00878	0.00614	0.00614	0.00878	0.00790	0.01141	0.01316	0.01931	0.01229	0.03686	0.80782	0.00790	0.01316	0.00527	0.00263	0.00439
18	0.00738	0.00511	0.00656	0.00697	0.00807	0.00488	0.00558	0.00942	0.01176	0.01635	0.26421	0.12921	0.10086	0.01156	0.00590	0.00181	0.00319	0.28127	0.11543	0.00447
19	0.00620	0.00450	0.00593	0.00686	0.00735	0.00412	0.00462	0.00712	0.00945	0.01272	0.02617	0.78347	0.03124	0.01481	0.00614	0.00193	0.00289	0.01342	0.00448	0.04658
20	0.01045	0.10461	0.70046	0.01341	0.02022	0.03742	0.01692	0.01561	0.01045	0.01506	0.00858	0.01008	0.00624	0.00464	0.00451	0.00150	0.00712	0.00352	0.00209	0.00712
21	0.01075	0.01075	0.01505	0.01290	0.01290	0.01505	0.01075	0.01183	0.00753	0.01183	0.00645	0.01075	0.00645	0.00860	0.01613	0.00215	0.81830	0.00430	0.00215	0.00538
22	0.01314	0.83025	0.02575	0.00841	0.01261	0.01945	0.00841	0.01472	0.00999	0.01156	0.00683	0.00788	0.00631	0.00420	0.00315	0.00105	0.00526	0.00263	0.00210	0.00631
23	0.00986	0.02542	0.80183	0.01401	0.02127	0.01141	0.01816	0.01556	0.01038	0.01556	0.00882	0.01038	0.00623	0.00467	0.00467	0.00156	0.00726	0.00363	0.00208	0.00726
24	0.00986	0.02542	0.80183	0.01401	0.02127	0.01141	0.01816	0.01556	0.01038	0.01556	0.00882	0.01038	0.00623	0.00467	0.00467	0.00156	0.00726	0.00363	0.00208	0.00726
25	0.00928	0.00873	0.01474	0.81548	0.03385	0.01092	0.01365	0.01256	0.00983	0.01256	0.00873	0.01310	0.00655	0.00491	0.00491	0.00164	0.00655	0.00437	0.00218	0.00546
26	0.00703	0.00524	0.00777	0.00777	0.00860	0.00607	0.00598	0.00869	0.00786	0.01131	0.01328	0.01995	0.01256	0.07631	0.76875	0.00774	0.01274	0.00536	0.00265	0.00432
27	0.01708	0.01273	0.01367	0.01087	0.01449	0.01416	0.00885	0.55376	0.22631	0.05442	0.01424	0.01371	0.01026	0.00611	0.00494	0.00153	0.00496	0.00474	0.00498	0.00820
28	0.02171	0.00844	0.01139	0.00879	0.01255	0.00739	0.00724	0.02402	0.04059	0.77332	0.01941	0.01678	0.01226	0.00610	0.00494	0.00153	0.00417	0.00496	0.00605	0.00834
29	0.00928	0.00873	0.01474	0.81548	0.03385	0.01092	0.01365	0.01256	0.00983	0.01256	0.00873	0.01310	0.00655	0.00491	0.00491	0.00164	0.00655	0.00437	0.00218	0.00546
30	0.00928	0.00873	0.01474	0.81548	0.03385	0.01092	0.01365	0.01256	0.00983	0.01256	0.00873	0.01310	0.00655	0.00491	0.00491	0.00164	0.00655	0.00437	0.00218	0.00546
31	0.01090	0.01842	0.36731	0.01881	0.10912	0.01190	0.36027	0.01559	0.01102	0.01570	0.00937	0.01187	0.00695	0.00440	0.00520	0.00159	0.00757	0.00469	0.00230	0.00703
32	0.01216	0.01168	0.01995	0.03016	0.79664	0.01168	0.01508	0.01508	0.01119	0.01605	0.00924	0.01216	0.00778	0.00438	0.00487	0.00146	0.00584	0.00438	0.00243	0.00778
33	0.00581	0.00498	0.00498	0.00498	0.00664	0.00415	0.00373	0.00705	0.01120	0.01328	0.04978	0.04729	0.79464	0.01245	0.00581	0.00166	0.00249	0.01037	0.00456	0.00415
34	0.00702	0.00527	0.00790	0.00790	0.00878	0.00614	0.00614	0.00878	0.00790	0.01141	0.01316	0.01931	0.01229	0.03686	0.80782	0.00790	0.01316	0.00527	0.00263	0.00439
35	0.01845	0.01346	0.01447	0.01117	0.01504	0.01487	0.00920	0.72166	0.06102	0.05176	0.01242	0.01226	0.00879	0.00594	0.00492	0.00149	0.00530	0.00450	0.00495	0.00833
36	0.00715	0.00476	0.00536	0.00536	0.00536	0.00476	0.00298	0.00715	0.00715	0.00953	0.01548	0.03216	0.01787	0.82729	0.02501	0.00476	0.00476	0.00715	0.00298	0.00298
37	0.00755	0.00538	0.00743	0.00852	0.00946	0.00533	0.00714	0.00948	0.01082	0.01413	0.02581	0.18982	0.02863	0.04462	0.00739	0.00231	0.00424	0.60309	0.00447	0.00437
38	0.01063	0.01011	0.01717	0.44893	0.38989	0.01127	0.01432	0.01373	0.01046	0.01419	0.00897	0.01266	0.00713	0.00466	0.00489	0.00155	0.00622	0.00437	0.00230	0.00654
39	0.00581	0.00498	0.00498	0.00498	0.00664	0.00415	0.00373	0.00705	0.01120	0.01328	0.04978	0.04729	0.79464	0.01245	0.00581	0.00166	0.00249	0.01037	0.00456	0.00415
40	0.01019	0.00873	0.01019	0.00728	0.01165	0.00655	0.00582	0.01237	0.01019	0.01601	0.00873	0.01019	0.00728	0.00364	0.00364	0.00073	0.00364	0.00291	0.00291	0.85734
41	0.00928	0.00873	0.01474	0.81548	0.03385	0.01092	0.01365	0.01256	0.00983	0.01256	0.00873	0.01310	0.00655	0.00491	0.00491	0.00164	0.00655	0.00437	0.00218	0.00546
42	0.01164	0.45405	0.35914	0.01098	0.01635	0.01583	0.01269	0.01497	0.01006	0.01329	0.00767	0.00906	0.00628	0.00457	0.00428	0.00131	0.03593	0.00312	0.00209	0.00668
43	0.00608	0.00435	0.00579	0.00678	0.00715	0.00405	0.00457	0.00708	0.00984	0.01323	0.10094	0.74826	0.03384	0.01488	0.00623	0.00195	0.00280	0.01348	0.00464	0.00405
44	0.00986	0.02542	0.80183	0.01401	0.02127	0.01141	0.01816	0.01556	0.01038	0.01556	0.00882	0.01038	0.00623	0.00467	0.00467	0.00156	0.00726	0.00363	0.00208	0.00726
45	0.01215	0.01038	0.01532	0.44328	0.16551	0.01191	0.01246	0.20559	0.01342	0.01801	0.00986	0.01279	0.00744	0.00509	0.00485	0.00155	0.00598	0.00439	0.03343	0.00657
46	0.00715	0.00476	0.00536	0.00536	0.00536	0.00476	0.00298	0.00715	0.00715	0.00953	0.01548	0.03216	0.01787	0.82729	0.02501	0.00476	0.00476	0.00715	0.00298	0.00298
47	0.00738	0.00537	0.00724	0.00824	0.00931	0.00523	0.00693	0.00932	0.01102	0.01422	0.02896	0.16885	0.11871	0.01371	0.00660	0.00215	0.00404	0.56377	0.00454	0.00440
48	0.00989	0.00604	0.00790	0.03674	0.00965	0.00580	0.00570	0.01270	0.06803	0.15467	0.38647	0.15497	0.06349	0.01067	0.02788	0.00182	0.00335	0.02368	0.00512	0.00541
49	0.00702	0.00525	0.00783	0.00783	0.00868	0.00610	0.00605	0.00873	0.00788	0.01136	0.01323	0.01967	0.01244	0.05896	0.78593	0.00781	0.01293	0.00532	0.00264	0.00435
50	0.86201	0.00950	0.00722	0.00646	0.00950	0.01102	0.00532	0.01445	0.00836	0.02205	0.00684	0.00798	0.00532	0.00456	0.00304	0.00152	0.00380	0.00266	0.00304	0.00532
51	0.00656	0.00499	0.00568	0.00566	0.00702	0.00444	0.00428	0.00825	0.01189	0.01566	0.28210	0.06398	0.42017	0.02586	0.00606	0.00169	0.00260	0.05791	0.06086	0.00433
52	0.00722	0.00518	0.00711	0.00822	0.00908	0.00506	0.00670	0.00899	0.01067	0.01395	0.02689	0.31400	0.04620	0.01416	0.00659	0.00216	0.00392	0.49502	0.00454	0.00434
53	0.01160	0.01326	0.02900	0.02071	0.02568	0.01243	0.77879	0.01574	0.01160	0.01574	0.00994	0.01326	0.00746	0.00414	0.00580	0.00166	0.00829	0.00580	0.00249	0.00663
54	0.00916	0.00458	0.00458	0.00458	0.00573	0.00458	0.00344	0.01145	0.01031	0.01832	0.01603	0.01832	0.01260	0.00573	0.00344	0.00115	0.00229	0.00458	0.85457	0.00458
55	0.02025	0.00823	0.01087	0.00852	0.01207	0.00732	0.00698	0.02290	0.06348	0.68888	0.02085	0.01840	0.05141	0.00643	0.00495	0.00153	0.00403	0.00524	0.02967	0.00801
56	0.01314	0.83025	0.02575	0.00841	0.01261	0.01945	0.00841	0.01472	0.00999	0.01156	0.00683	0.00788	0.00631	0.00420	0.00315	0.00105	0.00526	0.00263	0.00210	0.00631
57	0.01868	0.01376	0.01475	0.01131	0.01524	0.01524	0.00934	0.78025	0.02311	0.03097	0.01180	0.01180	0.00836	0.00590	0.00492	0.00147	0.00541	0.00442	0.00492	0.00836
58	0.00715	0.00476	0.00536	0.00536	0.00536	0.00476	0.00298	0.00715	0.00715	0.00953	0.01548	0.03216	0.01787	0.82729	0.02501	0.00476	0.00476	0.00715	0.00298	0.00298
59	0.00603	0.00430	0.00569	0.00678	0.00706	0.00402	0.00450	0.00685	0.00932	0.01242	0.02662	0.79202	0.03191	0.04827	0.00703	0.00211	0.00293	0.01369	0.00450	0.00395
60	0.00702	0.00527	0.00790	0.00790	0.00878	0.00614	0.00614	0.00878	0.00790	0.01141	0.01316	0.01931	0.01229	0.03686	0.80782	0.00790	0.01316	0.00527	0.00263	0.00439
61	0.00590	0.00501	0.00511	0.00516	0.00680	0.00422	0.00392	0.00719	0.01121	0.01334	0.04871	0.04766	0.75995	0.01250	0.00585	0.00169	0.00258	0.04447	0.00456	0.00417
62	0.00932	0.00855	0.01194	0.01062	0.01085	0.01141	0.00855	0.01043	0.00757	0.01142	0.00936	0.01575	0.00945	0.12246	0.22233	0.00398	0.50389	0.00492	0.00238	0.00481
63	0.01222	0.01056	0.01111	0.01000	0.01278	0.01222	0.00778	0.02611	0.78776	0.02056	0.02000	0.01833	0.01500	0.00667	0.00500	0.00167	0.00389	0.00556	0.00500	0.00778
64	0.00715	0.00476	0.00536	0.00536	0.00536	0.00476	0.00298	0.00715	0.00715	0.00953	0.01548	0.03216	0.01787	0.82729	0.02501	0.00476	0.00476	0.00715	0.00298	0.00298
65	0.00599	0.00428	0.00570	0.00684	0.00713	0.00399	0.00456	0.00684	0.00941	0.01254	0.02709	0.82409	0.03250	0.01540	0.00627	0.00200	0.00285	0.01397	0.00456	0.00399
66	0.01019	0.00873	0.01019	0.00728	0.01165	0.00655	0.00582	0.01237	0.01019	0.01601	0.00873	0.01019	0.00728	0.00364	0.00364	0.00073	0.00364	0.00291	0.00291	0.85734
67	0.00648	0.00497	0.00593	0.00576	0.00707	0.00442	0.00429	0.00832	0.01268	0.01695	0.47738	0.07636	0.32921	0.01120	0.00582	0.00161	0.00241	0.00968	0.00505	0.00442
68	0.00928	0.00873	0.01474	0.81548	0.03385	0.01092	0.01365	0.01256	0.00983	0.01256	0.00873	0.01310	0.00655	0.00491	0.00491	0.00164	0.00655	0.00437	0.00218	0.00546
69	0.00709	0.00498	0.00643	0.00643	0.00680	0.00535	0.00431	0.00783	0.00746	0.01032	0.01451	0.02674	0.01551	0.49413	0.35496	0.00609	0.00830	0.00635	0.00283	0.00357
70	0.00738	0.00532	0.00649	0.00668	0.00781	0.00505	0.00481	0.00988	0.08058	0.04624	0.22167	0.37598	0.17882	0.01235	0.00590	0.00177	0.00279	0.01091	0.00487	0.00469
71	0.00659	0.00471	0.00640	0.00753	0.00808	0.00451	0.00561	0.00789	0.01000	0.01322	0.02675	0.58377	0.03118	0.01483	0.00643	0.00208	0.00337	0.24833	0.00455	0.00416
72	0.02205	0.00836	0.01140	0.00874	0.01254	0.00722	0.00722	0.02395	0.01407	0.80004	0.01939	0.01673	0.01216	0.00608	0.00494	0.00152	0.00418	0.00494	0.00608	0.00836
73	0.00745	0.00515	0.00648	0.00668	0.00775	0.00482	0.00483	0.00953	0.05016	0.05656	0.26351	0.38169	0.13837	0.01240	0.00594	0.00178	0.00279	0.02454	0.00492	0.00464
74	0.00847	0.00429	0.00635	0.00635	0.00635	0.00429	0.00420	0.00644	0.00644	0.00859	0.00888	0.01580	0.00900	0.05751	0.01950	0.81449	0.00429	0.00441	0.00218	0.00218
75	0.10386	0.00907	0.01136	0.00880	0.01254	0.00848	0.00727	0.10625	0.01450	0.63929	0.01733	0.01533	0.01108	0.00591	0.00475	0.00152	0.00428	0.00466	0.00566	0.00807
76	0.00609	0.00441	0.00578	0.00683	0.00727	0.00410	0.00469	0.00705	0.00966	0.01273	0.02879	0.71898	0.09141	0.01506	0.00627	0.00199	0.00292	0.05739	0.00456	0.00403
77	0.00634	0.00476	0.00576	0.00605	0.00698	0.00431	0.00430	0.00769	0.01110	0.01464	0.25368	0.30260	0.25425	0.07098	0.00735	0.00197	0.00276	0.02563	0.00469	0.00416
78	0.01429	0.01124	0.01213	0.01023	0.01323	0.01272	0.00813	0.31445	0.41998	0.02356	0.01597	0.01569	0.01200	0.00823	0.04135	0.04456	0.00490	0.00504	0.00472	0.00757
79	0.00928	0.00873	0.01474	0.81548	0.03385	0.01092	0.01365	0.01256	0.00983	0.01256	0.00873	0.01310	0.00655	0.00491	0.00491	0.00164	0.00655	0.00437	0.00218	0.00546
80	0.01087	0.00934	0.01050	0.00819	0.01202	0.00844	0.00647	0.01695	0.26916	0.01753	0.01249	0.01290	0.00985	0.00465	0.00409	0.00104	0.00372	0.00379	0.00361	0.57440
81	0.00678	0.00520	0.00592	0.00572	0.00722	0.00462	0.00429	0.00879	0.03394	0.03302	0.32875	0.06874	0.44662	0.01134	0.00578	0.00163	0.00251	0.00968	0.00493	0.00452
82	0.02001	0.00793	0.01067	0.00833	0.01182	0.00685	0.00683	0.02189	0.01387	0.69806	0.07112	0.02003	0.06596	0.00676	0.00505	0.00153	0.00395	0.00555	0.00594	0.00785
83	0.01162	0.01055	0.01464	0.57347	0.04663	0.05353	0.01242	0.14837	0.05123	0.01624	0.00979	0.01289	0.00731	0.00517	0.00489	0.00159	0.00632	0.00437	0.00283	0.00615
84	0.00804	0.00471	0.00471	0.00471	0.00603	0.00444	0.00353	0.00999	0.01060	0.01664	0.02727	0.02797	0.27305	0.00796	0.00423	0.00132	0.00236	0.00651	0.57148	0.00444
85	0.00673	0.00450	0.00550	0.00615	0.00650	0.00432	0.00402	0.00754	0.00892	0.01239	0.02278	0.46773	0.03964	0.25316	0.01146	0.00271	0.00338	0.02584	0.10296	0.00378
86	0.46732	0.00944	0.01122	0.30386	0.09589	0.01105	0.00932	0.01382	0.00918	0.01800	0.00777	0.01026	0.00601	0.00467	0.00390	0.00156	0.00500	0.00345	0.00267	0.00561
87	0.00691	0.00542	0.00684	0.08647	0.00981	0.03027	0.00544	0.00792	0.00930	0.01213	0.02293	0.58695	0.02688	0.13384	0.00886	0.00235	0.00372	0.02588	0.00403	0.00405
88	0.00928	0.00873	0.01474	0.81548	0.03385	0.01092	0.01365	0.01256	0.00983	0.01256	0.00873	0.01310	0.00655	0.00491	0.00491	0.00164	0.00655	0.00437	0.00218	0.00546
89	0.04251	0.01012	0.01447	0.56997	0.02796	0.01208	0.01219	0.21920	0.01335	0.01785	0.00949	0.01257	0.00699	0.00517	0.00485	0.00159	0.00614	0.00432	0.00295	0.00623
90	0.11961	0.11668	0.01404	0.25179	0.01886	0.01181	0.00913	0.14756	0.03686	0.01791	0.00914	0.01103	0.00712	0.00470	0.00415	0.00130	0.00506	0.00363	0.00302	0.20659

[dist]
# distance from previous block
# <min> <max>
2	5

[block]
# block no. 2 follows, 51 sequences, length 21
# corresponding to MSA columns:
# 649-669
name=unknown_C
#
# <colnr> <probs for GDERKNQSTAVLIFYWHMCP>
#	G	D	E	R	K	N	Q	S	T	A	V	L	I	F	Y	W	H	M	C	P
0	0.00597	0.00435	0.00562	0.00664	0.00707	0.00401	0.00447	0.00687	0.00961	0.01263	0.02961	0.73767	0.11729	0.01507	0.00622	0.00196	0.00281	0.01357	0.00456	0.00401
1	0.00599	0.00428	0.00570	0.00684	0.00713	0.00399	0.00456	0.00684	0.00941	0.01254	0.02709	0.82409	0.03250	0.01540	0.00627	0.00200	0.00285	0.01397	0.00456	0.00399
2	0.01769	0.01133	0.01280	0.01022	0.01375	0.01214	0.00832	0.37769	0.20369	0.23122	0.01581	0.01488	0.01107	0.00700	0.02758	0.00171	0.00494	0.00486	0.00518	0.00811
3	0.01113	0.00929	0.01070	0.00773	0.01205	0.00752	0.00621	0.09780	0.01163	0.01768	0.00908	0.01037	0.00740	0.00389	0.00378	0.00081	0.00384	0.00308	0.00313	0.76289
4	0.02205	0.00836	0.01140	0.00874	0.01254	0.00722	0.00722	0.02395	0.01407	0.80004	0.01939	0.01673	0.01216	0.00608	0.00494	0.00152	0.00418	0.00494	0.00608	0.00836
5	0.00986	0.02542	0.80183	0.01401	0.02127	0.01141	0.01816	0.01556	0.01038	0.01556	0.00882	0.01038	0.00623	0.00467	0.00467	0.00156	0.00726	0.00363	0.00208	0.00726
6	0.00706	0.00598	0.00621	0.00598	0.00780	0.00564	0.00454	0.01066	0.15078	0.01513	0.10734	0.04120	0.59151	0.01121	0.00566	0.00165	0.00273	0.00938	0.00471	0.00484
7	0.00916	0.00458	0.00458	0.00458	0.00573	0.00458	0.00344	0.01145	0.01031	0.01832	0.01603	0.01832	0.01260	0.00573	0.00344	0.00115	0.00229	0.00458	0.85457	0.00458
8	0.01314	0.83025	0.02575	0.00841	0.01261	0.01945	0.00841	0.01472	0.00999	0.01156	0.00683	0.00788	0.00631	0.00420	0.00315	0.00105	0.00526	0.00263	0.00210	0.00631
9	0.00599	0.00428	0.00570	0.00684	0.00713	0.00399	0.00456	0.00684	0.00941	0.01254	0.02709	0.82409	0.03250	0.01540	0.00627	0.00200	0.00285	0.01397	0.00456	0.00399
10	0.00599	0.00428	0.00570	0.00684	0.00713	0.00399	0.00456	0.00684	0.00941	0.01254	0.02709	0.82409	0.03250	0.01540	0.00627	0.00200	0.00285	0.01397	0.00456	0.00399
11	0.01216	0.01168	0.01995	0.03016	0.79664	0.01168	0.01508	0.01508	0.01119	0.01605	0.00924	0.01216	0.00778	0.00438	0.00487	0.00146	0.00584	0.00438	0.00243	0.00778
12	0.78874	0.00908	0.00700	0.00630	0.00918	0.01047	0.00516	0.01419	0.00853	0.02173	0.00763	0.00887	0.00595	0.00466	0.00308	0.00149	0.00367	0.00283	0.07620	0.00526
13	0.01322	0.00905	0.01030	0.00895	0.01152	0.00969	0.00698	0.10855	0.36356	0.15436	0.14392	0.07288	0.02003	0.03691	0.00591	0.00173	0.00383	0.00646	0.00514	0.00702
14	0.00606	0.00501	0.00535	0.00556	0.00707	0.00431	0.00426	0.00739	0.01109	0.01338	0.04559	0.10118	0.65741	0.01277	0.00595	0.00175	0.00274	0.09441	0.00456	0.00418
15	0.00854	0.00427	0.00640	0.00640	0.00640	0.00427	0.00427	0.00640	0.00640	0.00854	0.00854	0.01494	0.00854	0.01707	0.01921	0.85702	0.00427	0.00427	0.00213	0.00213
16	0.00627	0.00500	0.00560	0.00583	0.00718	0.00441	0.00444	0.00764	0.01108	0.01373	0.09859	0.12039	0.52538	0.04763	0.00681	0.00190	0.00289	0.11650	0.00455	0.00417
17	0.01126	0.00774	0.00863	0.00772	0.01010	0.00784	0.00599	0.05417	0.26557	0.14595	0.06368	0.07962	0.29301	0.00928	0.00539	0.00165	0.00338	0.00778	0.00501	0.00624
18	0.00854	0.00506	0.00617	0.00578	0.00708	0.00476	0.00437	0.01082	0.01270	0.06247	0.48847	0.02939	0.03307	0.00837	0.00495	0.00141	0.00241	0.00721	0.29213	0.00482
19	0.01447	0.01154	0.01224	0.01025	0.01343	0.01299	0.00818	0.32932	0.43624	0.02436	0.01834	0.01730	0.05551	0.00668	0.00501	0.00159	0.00442	0.00537	0.00494	0.00781
20	0.00745	0.00527	0.00690	0.00722	0.00786	0.00546	0.00514	0.05629	0.00946	0.01283	0.01976	0.36421	0.02213	0.15664	0.21098	0.04388	0.00606	0.04458	0.00372	0.00413

[dist]
# distance from previous block
# <min> <max>
0	1

[block]
# block no. 3 follows, 51 sequences, length 74
# corresponding to MSA columns:
# 671-744
name=unknown_D
#
# <colnr> <probs for GDERKNQSTAVLIFYWHMCP>
#	G	D	E	R	K	N	Q	S	T	A	V	L	I	F	Y	W	H	M	C	P
0	0.00939	0.00697	0.00791	0.00767	0.00952	0.00708	0.00592	0.03704	0.22763	0.07089	0.03092	0.19424	0.25743	0.01092	0.00570	0.00178	0.00339	0.09521	0.00480	0.00559
1	0.00703	0.00508	0.00686	0.00791	0.00876	0.00491	0.00633	0.00868	0.01058	0.01378	0.02816	0.34788	0.08573	0.01419	0.00652	0.00212	0.00374	0.42291	0.00454	0.00429
2	0.00746	0.00608	0.00666	0.00739	0.00798	0.06304	0.00506	0.03975	0.01022	0.01315	0.02459	0.70066	0.02903	0.04547	0.00680	0.00203	0.00347	0.01253	0.00437	0.00426
3	0.00929	0.00681	0.00862	0.00830	0.00964	0.00737	0.00636	0.17376	0.01182	0.01610	0.01798	0.25658	0.01876	0.05490	0.31007	0.00425	0.00750	0.06297	0.00384	0.00508
4	0.00851	0.00539	0.00696	0.00635	0.00785	0.00488	0.00484	0.01069	0.01368	0.10506	0.64101	0.03547	0.11068	0.00983	0.00570	0.00155	0.00254	0.00859	0.00541	0.00500
5	0.01314	0.83025	0.02575	0.00841	0.01261	0.01945	0.00841	0.01472	0.00999	0.01156	0.00683	0.00788	0.00631	0.00420	0.00315	0.00105	0.00526	0.00263	0.00210	0.00631
6	0.01222	0.01056	0.01111	0.01000	0.01278	0.01222	0.00778	0.02611	0.78776	0.02056	0.02000	0.01833	0.01500	0.00667	0.00500	0.00167	0.00389	0.00556	0.00500	0.00778
7	0.01837	0.02302	0.01396	0.01260	0.01519	0.77482	0.00949	0.05106	0.01431	0.01281	0.00777	0.00898	0.00641	0.00510	0.00445	0.00127	0.00872	0.00322	0.00263	0.00581
8	0.00877	0.00757	0.01216	0.51036	0.02489	0.00893	0.01148	0.01166	0.01039	0.01337	0.01527	0.02912	0.01477	0.00819	0.00562	0.00187	0.00578	0.29162	0.00307	0.00511
9	0.00655	0.00472	0.00622	0.00662	0.00739	0.00439	0.00477	0.00819	0.01168	0.01606	0.38919	0.39328	0.05371	0.01271	0.00607	0.00179	0.00269	0.05466	0.00496	0.00433
10	0.00702	0.00527	0.00790	0.00790	0.00878	0.00614	0.00614	0.00878	0.00790	0.01141	0.01316	0.01931	0.01229	0.03686	0.80782	0.00790	0.01316	0.00527	0.00263	0.00439
11	0.01075	0.01075	0.01505	0.01290	0.01290	0.01505	0.01075	0.01183	0.00753	0.01183	0.00645	0.01075	0.00645	0.00860	0.01613	0.00215	0.81830	0.00430	0.00215	0.00538
12	0.00625	0.00492	0.00570	0.00610	0.00733	0.00437	0.00461	0.00763	0.01100	0.01379	0.09527	0.22569	0.45112	0.01312	0.00606	0.00182	0.00286	0.12352	0.00462	0.00420
13	0.00581	0.00498	0.00498	0.00498	0.00664	0.00415	0.00373	0.00705	0.01120	0.01328	0.04978	0.04729	0.79464	0.01245	0.00581	0.00166	0.00249	0.01037	0.00456	0.00415
14	0.01216	0.01168	0.01995	0.03016	0.79664	0.01168	0.01508	0.01508	0.01119	0.01605	0.00924	0.01216	0.00778	0.00438	0.00487	0.00146	0.00584	0.00438	0.00243	0.00778
15	0.01868	0.01376	0.01475	0.01131	0.01524	0.01524	0.00934	0.78025	0.02311	0.03097	0.01180	0.01180	0.00836	0.00590	0.00492	0.00147	0.00541	0.00442	0.00492	0.00836
16	0.01160	0.01326	0.02900	0.02071	0.02568	0.01243	0.77879	0.01574	0.01160	0.01574	0.00994	0.01326	0.00746	0.00414	0.00580	0.00166	0.00829	0.00580	0.00249	0.00663
17	0.01868	0.01376	0.01475	0.01131	0.01524	0.01524	0.00934	0.78025	0.02311	0.03097	0.01180	0.01180	0.00836	0.00590	0.00492	0.00147	0.00541	0.00442	0.00492	0.00836
18	0.00589	0.00498	0.00509	0.00507	0.00669	0.00418	0.00380	0.00721	0.01140	0.01374	0.10401	0.04652	0.74012	0.01227	0.00581	0.00165	0.00248	0.01026	0.00463	0.00418
19	0.00581	0.00498	0.00498	0.00498	0.00664	0.00415	0.00373	0.00705	0.01120	0.01328	0.04978	0.04729	0.79464	0.01245	0.00581	0.00166	0.00249	0.01037	0.00456	0.00415
20	0.01216	0.01168	0.01995	0.03016	0.79664	0.01168	0.01508	0.01508	0.01119	0.01605	0.00924	0.01216	0.00778	0.00438	0.00487	0.00146	0.00584	0.00438	0.00243	0.00778
21	0.00599	0.00428	0.00570	0.00684	0.00713	0.00399	0.00456	0.00684	0.00941	0.01254	0.02709	0.82409	0.03250	0.01540	0.00627	0.00200	0.00285	0.01397	0.00456	0.00399
22	0.00702	0.00527	0.00790	0.00790	0.00878	0.00614	0.00614	0.00878	0.00790	0.01141	0.01316	0.01931	0.01229	0.03686	0.80782	0.00790	0.01316	0.00527	0.00263	0.00439
23	0.00612	0.00504	0.00543	0.00565	0.00717	0.00436	0.00437	0.00749	0.01113	0.01344	0.04527	0.08671	0.64750	0.01275	0.00597	0.00176	0.00280	0.11828	0.00456	0.00419
24	0.00715	0.00476	0.00536	0.00536	0.00536	0.00476	0.00298	0.00715	0.00715	0.00953	0.01548	0.03216	0.01787	0.82729	0.02501	0.00476	0.00476	0.00715	0.00298	0.00298
25	0.00703	0.00524	0.00777	0.00777	0.00861	0.00608	0.00599	0.00870	0.00786	0.01132	0.01328	0.01993	0.01256	0.07532	0.76973	0.00775	0.01275	0.00536	0.00265	0.00432
26	0.01836	0.02342	0.01393	0.01266	0.01519	0.80756	0.00950	0.01962	0.01393	0.01203	0.00760	0.00886	0.00633	0.00506	0.00443	0.00127	0.00886	0.00317	0.00253	0.00570
27	0.00792	0.00566	0.00792	0.00905	0.01018	0.00566	0.00792	0.01018	0.01131	0.01471	0.02602	0.05543	0.02828	0.01358	0.00679	0.00226	0.00453	0.76356	0.00453	0.00453
28	0.00597	0.00434	0.00564	0.00668	0.00709	0.00401	0.00449	0.00686	0.00956	0.01261	0.02903	0.75738	0.09795	0.01514	0.00623	0.00197	0.00282	0.01366	0.00456	0.00401
29	0.00986	0.02542	0.80183	0.01401	0.02127	0.01141	0.01816	0.01556	0.01038	0.01556	0.00882	0.01038	0.00623	0.00467	0.00467	0.00156	0.00726	0.00363	0.00208	0.00726
30	0.00679	0.00502	0.00634	0.00601	0.00724	0.00457	0.00451	0.00896	0.01352	0.01879	0.68760	0.03822	0.15339	0.01039	0.00580	0.00156	0.00234	0.00910	0.00529	0.00457
31	0.86201	0.00950	0.00722	0.00646	0.00950	0.01102	0.00532	0.01445	0.00836	0.02205	0.00684	0.00798	0.00532	0.00456	0.00304	0.00152	0.00380	0.00266	0.00304	0.00532
32	0.01314	0.83025	0.02575	0.00841	0.01261	0.01945	0.00841	0.01472	0.00999	0.01156	0.00683	0.00788	0.00631	0.00420	0.00315	0.00105	0.00526	0.00263	0.00210	0.00631
33	0.00928	0.00873	0.01474	0.81548	0.03385	0.01092	0.01365	0.01256	0.00983	0.01256	0.00873	0.01310	0.00655	0.00491	0.00491	0.00164	0.00655	0.00437	0.00218	0.00546
34	0.00599	0.00428	0.00570	0.00684	0.00713	0.00399	0.00456	0.00684	0.00941	0.01254	0.02709	0.82409	0.03250	0.01540	0.00627	0.00200	0.00285	0.01397	0.00456	0.00399
35	0.00599	0.00428	0.00570	0.00684	0.00713	0.00399	0.00456	0.00684	0.00941	0.01254	0.02709	0.82409	0.03250	0.01540	0.00627	0.00200	0.00285	0.01397	0.00456	0.00399
36	0.01799	0.01310	0.01401	0.01082	0.01455	0.01446	0.00891	0.72423	0.02217	0.03005	0.01211	0.01227	0.00867	0.00589	0.00481	0.00145	0.00518	0.00444	0.06683	0.00808
37	0.02188	0.00863	0.01157	0.00887	0.01268	0.00761	0.00733	0.06075	0.01451	0.76262	0.01902	0.01649	0.01198	0.00607	0.00494	0.00152	0.00424	0.00492	0.00603	0.00836
38	0.00715	0.00476	0.00536	0.00536	0.00536	0.00476	0.00298	0.00715	0.00715	0.00953	0.01548	0.03216	0.01787	0.82729	0.02501	0.00476	0.00476	0.00715	0.00298	0.00298
39	0.86201	0.00950	0.00722	0.00646	0.00950	0.01102	0.00532	0.01445	0.00836	0.02205	0.00684	0.00798	0.00532	0.00456	0.00304	0.00152	0.00380	0.00266	0.00304	0.00532
40	0.01160	0.01326	0.02900	0.02071	0.02568	0.01243	0.77879	0.01574	0.01160	0.01574	0.00994	0.01326	0.00746	0.00414	0.00580	0.00166	0.00829	0.00580	0.00249	0.00663
41	0.01314	0.83025	0.02575	0.00841	0.01261	0.01945	0.00841	0.01472	0.00999	0.01156	0.00683	0.00788	0.00631	0.00420	0.00315	0.00105	0.00526	0.00263	0.00210	0.00631
42	0.01171	0.00967	0.01025	0.00923	0.01189	0.01086	0.00718	0.02330	0.64471	0.05173	0.02424	0.02241	0.12639	0.00747	0.00511	0.00166	0.00370	0.00622	0.00498	0.00728
43	0.00591	0.00501	0.00512	0.00517	0.00680	0.00422	0.00393	0.00720	0.01121	0.01334	0.04867	0.04768	0.75865	0.01250	0.00585	0.00169	0.00258	0.04575	0.00456	0.00417
44	0.01314	0.83025	0.02575	0.00841	0.01261	0.01945	0.00841	0.01472	0.00999	0.01156	0.00683	0.00788	0.00631	0.00420	0.00315	0.00105	0.00526	0.00263	0.00210	0.00631
45	0.02189	0.00861	0.01156	0.00886	0.01267	0.00759	0.00732	0.05889	0.01448	0.76451	0.01904	0.01650	0.01199	0.00607	0.00494	0.00152	0.00424	0.00492	0.00603	0.00836
46	0.00599	0.00428	0.00570	0.00684	0.00713	0.00399	0.00456	0.00684	0.00941	0.01254	0.02709	0.82409	0.03250	0.01540	0.00627	0.00200	0.00285	0.01397	0.00456	0.00399
47	0.00715	0.00476	0.00536	0.00536	0.00536	0.00476	0.00298	0.00715	0.00715	0.00953	0.01548	0.03216	0.01787	0.82729	0.02501	0.00476	0.00476	0.00715	0.00298	0.00298
48	0.00854	0.00427	0.00640	0.00640	0.00640	0.00427	0.00427	0.00640	0.00640	0.00854	0.00854	0.01494	0.00854	0.01707	0.01921	0.85702	0.00427	0.00427	0.00213	0.00213
49	0.01222	0.01056	0.01111	0.01000	0.01278	0.01222	0.00778	0.02611	0.78776	0.02056	0.02000	0.01833	0.01500	0.00667	0.00500	0.00167	0.00389	0.00556	0.00500	0.00778
50	0.02205	0.00836	0.01140	0.00874	0.01254	0.00722	0.00722	0.02395	0.01407	0.80004	0.01939	0.01673	0.01216	0.00608	0.00494	0.00152	0.00418	0.00494	0.00608	0.00836
51	0.01222	0.01056	0.01111	0.01000	0.01278	0.01222	0.00778	0.02611	0.78776	0.02056	0.02000	0.01833	0.01500	0.00667	0.00500	0.00167	0.00389	0.00556	0.00500	0.00778
52	0.00986	0.02542	0.80183	0.01401	0.02127	0.01141	0.01816	0.01556	0.01038	0.01556	0.00882	0.01038	0.00623	0.00467	0.00467	0.00156	0.00726	0.00363	0.00208	0.00726
53	0.01019	0.00873	0.01019	0.00728	0.01165	0.00655	0.00582	0.01237	0.01019	0.01601	0.00873	0.01019	0.00728	0.00364	0.00364	0.00073	0.00364	0.00291	0.00291	0.85734
54	0.01189	0.01141	0.01938	0.09135	0.71087	0.01173	0.01483	0.01478	0.01096	0.01564	0.00911	0.01219	0.00764	0.00456	0.00524	0.00150	0.03262	0.00438	0.00240	0.00752
55	0.01508	0.13417	0.01557	0.01164	0.01398	0.34275	0.00938	0.08005	0.11672	0.01461	0.00924	0.01066	0.00769	0.00603	0.00702	0.00151	0.19102	0.00377	0.00291	0.00621
56	0.01789	0.01298	0.01444	0.06965	0.01635	0.01426	0.00944	0.66333	0.02129	0.06658	0.01185	0.01208	0.00838	0.00577	0.00488	0.00147	0.00538	0.00440	0.00471	0.03488
57	0.05403	0.01196	0.01838	0.05897	0.61949	0.03816	0.01381	0.07075	0.01184	0.01702	0.00915	0.01182	0.00757	0.00468	0.00512	0.00149	0.03142	0.00426	0.00263	0.00747
58	0.00972	0.00918	0.01553	0.69650	0.14941	0.01103	0.01387	0.01294	0.01003	0.01309	0.00881	0.01296	0.00674	0.00483	0.00491	0.00161	0.00644	0.00437	0.00222	0.00581
59	0.01088	0.01952	0.41803	0.13040	0.02385	0.06963	0.22732	0.01548	0.01089	0.01492	0.00903	0.01145	0.00662	0.00459	0.00500	0.00157	0.00756	0.00430	0.00224	0.00672
60	0.01064	0.01060	0.01503	0.07138	0.01443	0.01475	0.01096	0.01188	0.00769	0.01188	0.00662	0.01092	0.00646	0.00833	0.01531	0.00211	0.75915	0.00431	0.00215	0.00538
61	0.00670	0.00460	0.00557	0.00597	0.00616	0.00447	0.00368	0.00719	0.00847	0.01138	0.07650	0.32500	0.02535	0.46786	0.01669	0.00351	0.00388	0.00979	0.00374	0.00347
62	0.74139	0.01011	0.00830	0.00716	0.01032	0.01163	0.00590	0.12398	0.01047	0.02332	0.00755	0.00853	0.00576	0.00475	0.00331	0.00151	0.00403	0.00291	0.00331	0.00576
63	0.00867	0.00657	0.00770	0.00731	0.00892	0.00669	0.00549	0.03035	0.20859	0.04015	0.33594	0.17412	0.11958	0.01023	0.00564	0.00167	0.00295	0.00892	0.00506	0.00545
64	0.00631	0.00474	0.00538	0.00565	0.00645	0.00431	0.00379	0.00717	0.00976	0.01243	0.08199	0.24364	0.32757	0.24532	0.01140	0.00262	0.00322	0.01029	0.00417	0.00381
65	0.07495	0.00963	0.01060	0.00876	0.01217	0.00974	0.00694	0.02088	0.38997	0.13081	0.01562	0.01494	0.01160	0.00553	0.00445	0.00136	0.00385	0.00447	0.00439	0.25935
66	0.01075	0.01075	0.01505	0.01290	0.01290	0.01505	0.01075	0.01183	0.00753	0.01183	0.00645	0.01075	0.00645	0.00860	0.01613	0.00215	0.81830	0.00430	0.00215	0.00538
67	0.00730	0.00550	0.00616	0.00597	0.00696	0.00538	0.00408	0.00965	0.09481	0.01395	0.19352	0.05030	0.22185	0.33810	0.01343	0.00289	0.00352	0.00830	0.00416	0.00418
68	0.00629	0.00456	0.00572	0.00631	0.00704	0.00418	0.00440	0.00758	0.01068	0.01441	0.19163	0.49892	0.15847	0.01339	0.00598	0.00181	0.00266	0.01193	0.03987	0.00418
69	0.00707	0.00473	0.00538	0.00546	0.00548	0.00471	0.00309	0.00713	0.00730	0.00973	0.01627	0.08584	0.01886	0.77226	0.02374	0.00458	0.00463	0.00761	0.00309	0.00305
70	0.01851	0.00915	0.01130	0.00920	0.01263	0.00902	0.00742	0.02473	0.29283	0.51919	0.01961	0.01731	0.01319	0.00629	0.00496	0.00157	0.00408	0.00516	0.00569	0.00815
71	0.00605	0.00452	0.00563	0.00634	0.00704	0.00410	0.00438	0.00716	0.01032	0.01351	0.11781	0.55887	0.20810	0.01413	0.00611	0.00187	0.00271	0.01258	0.00466	0.00410
72	0.00673	0.00519	0.00564	0.00546	0.00699	0.00456	0.00404	0.00840	0.02874	0.03662	0.19230	0.04260	0.55137	0.07104	0.00716	0.00186	0.00270	0.00958	0.00467	0.00436
73	0.00702	0.00527	0.00790	0.00790	0.00878	0.00614	0.00614	0.00878	0.00790	0.01141	0.01316	0.01931	0.01229	0.03686	0.80782	0.00790	0.01316	0.00527	0.00263	0.00439

[dist]
# distance from previous block
# <min> <max>
0	11

[block]
# block no. 4 follows, 51 sequences, length 208
# corresponding to MSA columns:
# 756-963
name=unknown_E
#
# <colnr> <probs for GDERKNQSTAVLIFYWHMCP>
#	G	D	E	R	K	N	Q	S	T	A	V	L	I	F	Y	W	H	M	C	P
0	0.02205	0.00836	0.01140	0.00874	0.01254	0.00722	0.00722	0.02395	0.01407	0.80004	0.01939	0.01673	0.01216	0.00608	0.00494	0.00152	0.00418	0.00494	0.00608	0.00836
1	0.01222	0.01056	0.01111	0.01000	0.01278	0.01222	0.00778	0.02611	0.78776	0.02056	0.02000	0.01833	0.01500	0.00667	0.00500	0.00167	0.00389	0.00556	0.00500	0.00778
2	0.01407	0.00946	0.01018	0.00858	0.01128	0.01030	0.00683	0.25074	0.24301	0.09013	0.01620	0.01620	0.01198	0.00609	0.00448	0.00143	0.00387	0.00485	0.27334	0.00700
3	0.00598	0.00430	0.00567	0.00677	0.00711	0.00400	0.00453	0.00685	0.00948	0.01257	0.02794	0.79478	0.06126	0.01528	0.00625	0.00198	0.00284	0.01383	0.00456	0.00400
4	0.01836	0.02342	0.01393	0.01266	0.01519	0.80756	0.00950	0.01962	0.01393	0.01203	0.00760	0.00886	0.00633	0.00506	0.00443	0.00127	0.00886	0.00317	0.00253	0.00570
5	0.00696	0.00502	0.00657	0.00618	0.00734	0.00464	0.00464	0.00927	0.01391	0.01971	0.79405	0.03671	0.04637	0.01005	0.00580	0.00155	0.00232	0.00889	0.00541	0.00464
6	0.02205	0.00836	0.01140	0.00874	0.01254	0.00722	0.00722	0.02395	0.01407	0.80004	0.01939	0.01673	0.01216	0.00608	0.00494	0.00152	0.00418	0.00494	0.00608	0.00836
7	0.00636	0.00498	0.00576	0.00561	0.00699	0.00438	0.00419	0.00810	0.01243	0.01631	0.40274	0.06901	0.41275	0.01141	0.00582	0.00162	0.00242	0.00979	0.00497	0.00438
8	0.01836	0.02342	0.01393	0.01266	0.01519	0.80756	0.00950	0.01962	0.01393	0.01203	0.00760	0.00886	0.00633	0.00506	0.00443	0.00127	0.00886	0.00317	0.00253	0.00570
9	0.01868	0.01376	0.01475	0.01131	0.01524	0.01524	0.00934	0.78025	0.02311	0.03097	0.01180	0.01180	0.00836	0.00590	0.00492	0.00147	0.00541	0.00442	0.00492	0.00836
10	0.01806	0.06083	0.01476	0.01248	0.02781	0.60261	0.00950	0.16660	0.01547	0.01574	0.00840	0.00944	0.00675	0.00517	0.00447	0.00130	0.00797	0.00340	0.00297	0.00628
11	0.01836	0.02342	0.01393	0.01266	0.01519	0.80756	0.00950	0.01962	0.01393	0.01203	0.00760	0.00886	0.00633	0.00506	0.00443	0.00127	0.00886	0.00317	0.00253	0.00570
12	0.01216	0.01168	0.01995	0.03016	0.79664	0.01168	0.01508	0.01508	0.01119	0.01605	0.00924	0.01216	0.00778	0.00438	0.00487	0.00146	0.00584	0.00438	0.00243	0.00778
13	0.86201	0.00950	0.00722	0.00646	0.00950	0.01102	0.00532	0.01445	0.00836	0.02205	0.00684	0.00798	0.00532	0.00456	0.00304	0.00152	0.00380	0.00266	0.00304	0.00532
14	0.00599	0.00428	0.00570	0.00684	0.00713	0.00399	0.00456	0.00684	0.00941	0.01254	0.02709	0.82409	0.03250	0.01540	0.00627	0.00200	0.00285	0.01397	0.00456	0.00399
15	0.00599	0.00428	0.00570	0.00684	0.00713	0.00399	0.00456	0.00684	0.00941	0.01254	0.02709	0.82409	0.03250	0.01540	0.00627	0.00200	0.00285	0.01397	0.00456	0.00399
16	0.05380	0.01050	0.01092	0.00983	0.01262	0.01216	0.00766	0.02554	0.74963	0.02063	0.01936	0.01783	0.01453	0.00656	0.00490	0.00166	0.00388	0.00541	0.00490	0.00766
17	0.00581	0.00498	0.00498	0.00498	0.00664	0.00415	0.00373	0.00705	0.01120	0.01328	0.04978	0.04729	0.79464	0.01245	0.00581	0.00166	0.00249	0.01037	0.00456	0.00415
18	0.00792	0.00566	0.00792	0.00905	0.01018	0.00566	0.00792	0.01018	0.01131	0.01471	0.02602	0.05543	0.02828	0.01358	0.00679	0.00226	0.00453	0.76356	0.00453	0.00453
19	0.00685	0.00527	0.00645	0.00706	0.00839	0.00487	0.00581	0.00857	0.01116	0.01394	0.03705	0.09089	0.38261	0.01315	0.00631	0.00197	0.00350	0.37729	0.00454	0.00432
20	0.01868	0.01376	0.01475	0.01131	0.01524	0.01524	0.00934	0.78025	0.02311	0.03097	0.01180	0.01180	0.00836	0.00590	0.00492	0.00147	0.00541	0.00442	0.00492	0.00836
21	0.01836	0.02342	0.01393	0.01266	0.01519	0.80756	0.00950	0.01962	0.01393	0.01203	0.00760	0.00886	0.00633	0.00506	0.00443	0.00127	0.00886	0.00317	0.00253	0.00570
22	0.01836	0.02342	0.01393	0.01266	0.01519	0.80756	0.00950	0.01962	0.01393	0.01203	0.00760	0.00886	0.00633	0.00506	0.00443	0.00127	0.00886	0.00317	0.00253	0.00570
23	0.00715	0.00476	0.00536	0.00536	0.00536	0.00476	0.00298	0.00715	0.00715	0.00953	0.01548	0.03216	0.01787	0.82729	0.02501	0.00476	0.00476	0.00715	0.00298	0.00298
24	0.00696	0.00502	0.00657	0.00618	0.00734	0.00464	0.00464	0.00927	0.01391	0.01971	0.79405	0.03671	0.04637	0.01005	0.00580	0.00155	0.00232	0.00889	0.00541	0.00464
25	0.00986	0.02542	0.80183	0.01401	0.02127	0.01141	0.01816	0.01556	0.01038	0.01556	0.00882	0.01038	0.00623	0.00467	0.00467	0.00156	0.00726	0.00363	0.00208	0.00726
26	0.00599	0.00428	0.00570	0.00684	0.00713	0.00399	0.00456	0.00684	0.00941	0.01254	0.02709	0.82409	0.03250	0.01540	0.00627	0.00200	0.00285	0.01397	0.00456	0.00399
27	0.01216	0.01168	0.01995	0.03016	0.79664	0.01168	0.01508	0.01508	0.01119	0.01605	0.00924	0.01216	0.00778	0.00438	0.00487	0.00146	0.00584	0.00438	0.00243	0.00778
28	0.86201	0.00950	0.00722	0.00646	0.00950	0.01102	0.00532	0.01445	0.00836	0.02205	0.00684	0.00798	0.00532	0.00456	0.00304	0.00152	0.00380	0.00266	0.00304	0.00532
29	0.01874	0.01367	0.01469	0.01126	0.01519	0.01510	0.00930	0.76722	0.02295	0.04422	0.01193	0.01188	0.00842	0.00590	0.00492	0.00148	0.00539	0.00443	0.00494	0.00836
30	0.00696	0.00502	0.00657	0.00618	0.00734	0.00464	0.00464	0.00927	0.01391	0.01971	0.79405	0.03671	0.04637	0.01005	0.00580	0.00155	0.00232	0.00889	0.00541	0.00464
31	0.00715	0.00476	0.00536	0.00536	0.00536	0.00476	0.00298	0.00715	0.00715	0.00953	0.01548	0.03216	0.01787	0.82729	0.02501	0.00476	0.00476	0.00715	0.00298	0.00298
32	0.01216	0.01168	0.01995	0.03016	0.79664	0.01168	0.01508	0.01508	0.01119	0.01605	0.00924	0.01216	0.00778	0.00438	0.00487	0.00146	0.00584	0.00438	0.00243	0.00778
33	0.01216	0.01168	0.01995	0.03016	0.79664	0.01168	0.01508	0.01508	0.01119	0.01605	0.00924	0.01216	0.00778	0.00438	0.00487	0.00146	0.00584	0.00438	0.00243	0.00778
34	0.00715	0.00476	0.00536	0.00536	0.00536	0.00476	0.00298	0.00715	0.00715	0.00953	0.01548	0.03216	0.01787	0.82729	0.02501	0.00476	0.00476	0.00715	0.00298	0.00298
35	0.01314	0.83025	0.02575	0.00841	0.01261	0.01945	0.00841	0.01472	0.00999	0.01156	0.00683	0.00788	0.00631	0.00420	0.00315	0.00105	0.00526	0.00263	0.00210	0.00631
36	0.01216	0.01168	0.01995	0.03016	0.79664	0.01168	0.01508	0.01508	0.01119	0.01605	0.00924	0.01216	0.00778	0.00438	0.00487	0.00146	0.00584	0.00438	0.00243	0.00778
37	0.01836	0.02342	0.01393	0.01266	0.01519	0.80756	0.00950	0.01962	0.01393	0.01203	0.00760	0.00886	0.00633	0.00506	0.00443	0.00127	0.00886	0.00317	0.00253	0.00570
38	0.01836	0.02342	0.01393	0.01266	0.01519	0.80756	0.00950	0.01962	0.01393	0.01203	0.00760	0.00886	0.00633	0.00506	0.00443	0.00127	0.00886	0.00317	0.00253	0.00570
39	0.00599	0.00428	0.00570	0.00684	0.00713	0.00399	0.00456	0.00684	0.00941	0.01254	0.02709	0.82409	0.03250	0.01540	0.00627	0.00200	0.00285	0.01397	0.00456	0.00399
