[name]
unknown

[dist]
# distance from previous block
# <min> <max>
0	729

[block]
# block no. 0 follows, 46 sequences, length 6
# corresponding to MSA columns:
# 781-786
name=unknown_A
#
# <colnr> <probs for GDERKNQSTAVLIFYWHMCP>
#	G	D	E	R	K	N	Q	S	T	A	V	L	I	F	Y	W	H	M	C	P
0	0.00905	0.00572	0.00746	0.00759	0.00891	0.00529	0.00583	0.01087	0.01260	0.09870	0.24484	0.23221	0.11939	0.04362	0.00728	0.00209	0.00347	0.16474	0.00527	0.00509
1	0.00697	0.00513	0.00643	0.00662	0.00758	0.00470	0.00470	0.00864	0.01254	0.01702	0.38249	0.28465	0.15722	0.06153	0.00765	0.00204	0.00286	0.01142	0.00523	0.00458
2	0.00650	0.00499	0.00595	0.00650	0.00749	0.00445	0.00457	0.00777	0.01147	0.01476	0.13210	0.42020	0.32504	0.01462	0.00649	0.00195	0.00284	0.01285	0.00502	0.00445
3	0.01499	0.69726	0.02577	0.00974	0.01399	0.13800	0.00922	0.01663	0.01138	0.01251	0.00747	0.00864	0.00679	0.00466	0.00360	0.00117	0.00624	0.00291	0.00233	0.00668
4	0.00904	0.00584	0.00729	0.00741	0.00840	0.00563	0.00523	0.03417	0.03526	0.07812	0.13001	0.34780	0.05369	0.19044	0.01094	0.00267	0.00378	0.05458	0.00482	0.00485
5	0.01309	0.01081	0.01161	0.01044	0.01319	0.01225	0.00807	0.12621	0.55338	0.02235	0.02146	0.13871	0.01801	0.00848	0.00557	0.00182	0.00424	0.00718	0.00530	0.00784

[dist]
# distance from previous block
# <min> <max>
3	4

[block]
# block no. 1 follows, 46 sequences, length 51
# corresponding to MSA columns:
# 791-841
name=unknown_B
#
# <colnr> <probs for GDERKNQSTAVLIFYWHMCP>
#	G	D	E	R	K	N	Q	S	T	A	V	L	I	F	Y	W	H	M	C	P
0	0.01276	0.00860	0.00977	0.00866	0.01022	0.04473	0.00645	0.18941	0.06531	0.03351	0.06154	0.01697	0.01246	0.01277	0.01308	0.43179	0.00484	0.00503	0.04715	0.00493
1	0.01324	0.01525	0.13784	0.10772	0.07564	0.09387	0.04181	0.10923	0.11136	0.01814	0.01147	0.01401	0.00917	0.04335	0.00717	0.00177	0.07800	0.00463	0.00328	0.10307
2	0.01126	0.09393	0.25384	0.07367	0.01897	0.03414	0.09888	0.01538	0.04598	0.03341	0.01103	0.01425	0.00898	0.02643	0.15448	0.00300	0.06540	0.00468	0.00272	0.02956
3	0.38783	0.00755	0.00689	0.00663	0.00888	0.00794	0.00523	0.01164	0.01089	0.01940	0.11588	0.08517	0.24659	0.00955	0.00500	0.00177	0.00345	0.05032	0.00428	0.00511
4	0.01087	0.00790	0.01005	0.08671	0.01325	0.02383	0.00764	0.10792	0.01264	0.07361	0.03766	0.18348	0.06321	0.01712	0.18622	0.00335	0.00679	0.08311	0.00421	0.06043
5	0.05178	0.27487	0.12229	0.04359	0.06699	0.11435	0.05505	0.10245	0.07207	0.03485	0.01019	0.01139	0.00803	0.00522	0.00455	0.00146	0.00652	0.00396	0.00309	0.00730
6	0.01214	0.00650	0.00866	0.00832	0.00997	0.00626	0.00630	0.01419	0.04510	0.23181	0.02300	0.28006	0.02287	0.10396	0.11124	0.00318	0.00539	0.09031	0.00493	0.00580
7	0.01359	0.00677	0.00882	0.00783	0.01009	0.00606	0.00603	0.01574	0.03179	0.31648	0.22384	0.19821	0.11158	0.01058	0.00597	0.00177	0.00346	0.00917	0.00579	0.00642
8	0.01366	0.05070	0.10155	0.28436	0.06105	0.13628	0.14670	0.03547	0.01237	0.07107	0.01023	0.01297	0.00768	0.00530	0.00559	0.00166	0.02907	0.00465	0.00284	0.00680
9	0.06500	0.01553	0.11435	0.08410	0.01833	0.13760	0.05802	0.13799	0.11978	0.14101	0.01399	0.01582	0.01048	0.00624	0.00522	0.00167	0.00640	0.03682	0.00413	0.00752
10	0.00961	0.00890	0.01118	0.09467	0.01348	0.08519	0.05685	0.01105	0.00972	0.01261	0.01576	0.18902	0.01690	0.20609	0.13735	0.00374	0.10211	0.00773	0.00323	0.00482
11	0.46482	0.01377	0.01206	0.01028	0.01330	0.17569	0.05320	0.03582	0.01116	0.06968	0.00870	0.01015	0.00678	0.00559	0.00541	0.00166	0.08887	0.00357	0.00328	0.00619
12	0.00658	0.00536	0.00577	0.00568	0.00728	0.00461	0.00423	0.00816	0.01263	0.01582	0.22558	0.04772	0.58452	0.03440	0.00680	0.00185	0.00270	0.01068	0.00508	0.00455
13	0.12353	0.00946	0.01068	0.00788	0.01232	0.00776	0.00635	0.01490	0.01114	0.09810	0.01032	0.01138	0.00810	0.00432	0.00398	0.00098	0.00400	0.00332	0.00351	0.64796
14	0.00756	0.00563	0.00830	0.00829	0.00920	0.00648	0.00637	0.00936	0.00866	0.01245	0.03886	0.02211	0.01471	0.07994	0.72718	0.00810	0.01330	0.00590	0.00295	0.00465
15	0.00714	0.00514	0.00621	0.00651	0.00719	0.00483	0.00443	0.00822	0.01071	0.01421	0.17755	0.23984	0.15088	0.27665	0.01322	0.00299	0.00367	0.05196	0.00453	0.00413
16	0.01124	0.01229	0.06644	0.40451	0.07286	0.05377	0.01384	0.01402	0.01012	0.01366	0.00857	0.01278	0.00706	0.00654	0.00919	0.00190	0.26817	0.00456	0.00237	0.00614
17	0.00942	0.00569	0.00722	0.00699	0.00833	0.00519	0.00508	0.01101	0.01249	0.12537	0.28964	0.22217	0.13092	0.11264	0.00884	0.00224	0.00331	0.02311	0.00524	0.00510
18	0.01339	0.65132	0.18727	0.01031	0.01553	0.01910	0.01125	0.01602	0.01083	0.01334	0.00780	0.00904	0.00677	0.00463	0.00373	0.00124	0.00611	0.00305	0.00226	0.00700
19	0.00947	0.00770	0.01095	0.34007	0.02029	0.03326	0.00928	0.01172	0.01106	0.05554	0.08083	0.21942	0.06896	0.04853	0.04761	0.00234	0.00562	0.00828	0.00374	0.00531
20	0.01366	0.01035	0.01122	0.00951	0.01242	0.01095	0.00766	0.38000	0.06255	0.02426	0.03904	0.07831	0.23936	0.00983	0.00584	0.00176	0.00450	0.06670	0.00513	0.00694
21	0.00774	0.00586	0.00709	0.00730	0.00867	0.00546	0.00556	0.04804	0.01267	0.01659	0.16549	0.26316	0.25637	0.01344	0.00646	0.00194	0.00332	0.13418	0.00504	0.02562
22	0.01225	0.01134	0.02176	0.30446	0.07332	0.01172	0.33147	0.01580	0.01167	0.08082	0.01143	0.01577	0.00885	0.05765	0.00710	0.00197	0.00745	0.00560	0.00292	0.00665
23	0.01279	0.01070	0.01189	0.00932	0.01340	0.01019	0.00742	0.10987	0.26162	0.02079	0.01377	0.01404	0.01069	0.00528	0.00456	0.00121	0.00424	0.00426	0.00413	0.46985
24	0.00770	0.00530	0.00667	0.00667	0.00703	0.00563	0.00438	0.00842	0.00806	0.01122	0.01582	0.02943	0.01700	0.52581	0.28823	0.00616	0.00814	0.00692	0.02762	0.00377
25	0.00831	0.00533	0.00707	0.00732	0.00831	0.00493	0.00529	0.00995	0.01237	0.07642	0.31021	0.40406	0.03827	0.03342	0.00697	0.00201	0.00310	0.04640	0.00533	0.00492
26	0.01278	0.10302	0.08380	0.10992	0.37154	0.04353	0.12969	0.01636	0.02722	0.01604	0.00976	0.01267	0.00792	0.00494	0.00549	0.00160	0.02896	0.00464	0.00258	0.00753
27	0.00811	0.00614	0.00773	0.00831	0.00959	0.00609	0.00661	0.01143	0.09568	0.01645	0.12653	0.22251	0.13629	0.01358	0.00668	0.00211	0.00378	0.30224	0.00506	0.00508
28	0.00897	0.00572	0.00729	0.00766	0.00843	0.00562	0.00569	0.01012	0.01009	0.06306	0.02219	0.09455	0.02425	0.39592	0.01650	0.00365	0.00485	0.29696	0.00418	0.00430
29	0.17365	0.01841	0.35656	0.01232	0.01775	0.01216	0.04779	0.14664	0.01333	0.08705	0.01110	0.01304	0.00825	0.05251	0.00609	0.00185	0.00636	0.00431	0.00341	0.00742
30	0.01544	0.17096	0.06072	0.06471	0.06199	0.17445	0.07458	0.10306	0.06947	0.07507	0.06928	0.01433	0.01167	0.00582	0.00496	0.00151	0.00656	0.00467	0.00358	0.00716
31	0.00764	0.00530	0.00663	0.00663	0.00693	0.00560	0.00429	0.00825	0.00794	0.01089	0.01586	0.03020	0.01731	0.56794	0.27056	0.00620	0.00800	0.00704	0.00309	0.00369
32	0.00704	0.00508	0.00677	0.00780	0.00848	0.00481	0.00577	0.00849	0.01114	0.01477	0.09398	0.52109	0.07086	0.01543	0.00682	0.00216	0.00345	0.19659	0.00498	0.00450
33	0.00919	0.00829	0.01410	0.28767	0.04216	0.00903	0.11556	0.01181	0.01102	0.01463	0.05288	0.23576	0.01969	0.02424	0.00687	0.00202	0.03143	0.09459	0.00356	0.00548
34	0.01699	0.01227	0.06636	0.01600	0.06878	0.01092	0.26801	0.02008	0.01308	0.34332	0.01495	0.03159	0.01058	0.00605	0.00667	0.00175	0.07476	0.00565	0.00430	0.00787
35	0.01173	0.01125	0.01915	0.35780	0.37048	0.01230	0.06364	0.01581	0.05573	0.01593	0.01043	0.01398	0.00824	0.00508	0.00533	0.00168	0.00666	0.00488	0.00267	0.00723
36	0.18583	0.08238	0.01527	0.18732	0.05878	0.05936	0.03036	0.14717	0.02626	0.14208	0.01139	0.01264	0.00828	0.00551	0.00471	0.00160	0.00582	0.00426	0.00380	0.00718
37	0.31347	0.00971	0.01076	0.00869	0.01244	0.00974	0.00715	0.04100	0.05733	0.45431	0.01595	0.01466	0.01058	0.00600	0.00460	0.00164	0.00437	0.00448	0.00530	0.00781
38	0.01562	0.01858	0.01292	0.01184	0.01394	0.50388	0.00898	0.01746	0.03567	0.01396	0.07749	0.05310	0.06265	0.00930	0.05214	0.00196	0.07617	0.00528	0.00328	0.00579
39	0.01502	0.50387	0.13595	0.01107	0.01563	0.21220	0.01088	0.01728	0.01186	0.01319	0.00787	0.00914	0.00678	0.00483	0.00397	0.00127	0.00694	0.00313	0.00237	0.00677
40	0.00984	0.00577	0.00739	0.00673	0.00833	0.00532	0.00514	0.01227	0.01440	0.11509	0.57058	0.03387	0.03988	0.00958	0.00574	0.00159	0.00274	0.00834	0.13193	0.00547
41	0.01190	0.00641	0.00833	0.00728	0.00938	0.00571	0.00566	0.01414	0.01468	0.23479	0.48444	0.03473	0.12139	0.00990	0.00598	0.00167	0.00308	0.00855	0.00592	0.00605
42	0.00809	0.00600	0.00814	0.00857	0.00943	0.00642	0.00683	0.00975	0.01013	0.01357	0.02285	0.06293	0.06748	0.17145	0.20779	0.00440	0.04873	0.31901	0.00392	0.00452
43	0.00656	0.00538	0.00581	0.00583	0.00746	0.00462	0.00441	0.00813	0.01247	0.01546	0.16974	0.07160	0.60341	0.01312	0.00631	0.00181	0.00276	0.04552	0.00506	0.00456
44	0.00764	0.00537	0.00633	0.00658	0.00693	0.00536	0.00412	0.00896	0.05461	0.01261	0.07011	0.25710	0.02556	0.48435	0.01848	0.00384	0.00431	0.00982	0.00399	0.00394
45	0.01229	0.07322	0.02065	0.01458	0.01894	0.01111	0.32813	0.01630	0.06145	0.05375	0.01356	0.01945	0.01158	0.00593	0.00547	0.00156	0.00634	0.10193	0.00341	0.22036
46	0.07935	0.05838	0.05498	0.01255	0.01590	0.48285	0.01016	0.15278	0.03680	0.01778	0.00945	0.01058	0.00751	0.00627	0.02119	0.00159	0.00815	0.00373	0.00325	0.00676
47	0.01556	0.08240	0.17376	0.01087	0.01538	0.01092	0.02594	0.10368	0.07258	0.23732	0.01577	0.08851	0.01240	0.00724	0.01772	0.00168	0.00546	0.00551	0.00441	0.09289
48	0.05423	0.01472	0.21181	0.34703	0.09649	0.01186	0.12108	0.01489	0.01102	0.01568	0.01042	0.04838	0.00839	0.00553	0.00531	0.00174	0.00711	0.00508	0.00255	0.00669
49	0.06264	0.44161	0.19141	0.01123	0.01623	0.03605	0.05015	0.01723	0.04647	0.05500	0.00937	0.01047	0.00753	0.00499	0.00437	0.00140	0.02045	0.00357	0.00272	0.00712
50	0.01628	0.00986	0.03313	0.03277	0.06056	0.00942	0.00851	0.10232	0.13595	0.30490	0.17591	0.04106	0.02085	0.00766	0.00556	0.00168	0.00442	0.01587	0.00553	0.00774

[dist]
# distance from previous block
# <min> <max>
0	28

[block]
# block no. 2 follows, 46 sequences, length 22
# corresponding to MSA columns:
# 870-891
name=unknown_C
#
# <colnr> <probs for GDERKNQSTAVLIFYWHMCP>
#	G	D	E	R	K	N	Q	S	T	A	V	L	I	F	Y	W	H	M	C	P
0	0.08671	0.27637	0.20612	0.08397	0.01704	0.01387	0.01146	0.04442	0.01140	0.02814	0.02418	0.01701	0.03211	0.00814	0.05010	0.00196	0.00645	0.07099	0.00294	0.00659
1	0.01360	0.02043	0.45777	0.01478	0.02109	0.01152	0.13593	0.04969	0.01277	0.15825	0.02703	0.01465	0.00955	0.00560	0.00536	0.00170	0.00713	0.02195	0.00335	0.00785
2	0.06767	0.00906	0.01132	0.00927	0.01273	0.00865	0.00746	0.02371	0.15502	0.51586	0.04825	0.07579	0.01614	0.00744	0.00535	0.00170	0.00424	0.00615	0.00599	0.00821
3	0.00709	0.00555	0.00654	0.00700	0.00834	0.00510	0.00538	0.00911	0.03728	0.01520	0.09507	0.21868	0.37756	0.01395	0.00655	0.00199	0.00326	0.16669	0.00498	0.00468
4	0.00869	0.00838	0.04683	0.01138	0.03437	0.00805	0.13713	0.01082	0.00970	0.01344	0.01767	0.10561	0.07047	0.12881	0.32133	0.00494	0.04679	0.00726	0.00317	0.00516
5	0.07227	0.01344	0.11262	0.01455	0.01825	0.04505	0.28400	0.08054	0.01226	0.01732	0.01412	0.16153	0.01358	0.07478	0.00799	0.00209	0.03882	0.00713	0.00334	0.00633
6	0.00730	0.00525	0.00697	0.00785	0.00865	0.00501	0.00596	0.00890	0.01144	0.01519	0.13143	0.38853	0.07539	0.04966	0.00771	0.00228	0.00364	0.24935	0.00494	0.00454
7	0.00698	0.00561	0.00697	0.00710	0.00844	0.00510	0.02804	0.00888	0.03559	0.01518	0.11983	0.30245	0.36255	0.01377	0.00644	0.00193	0.00315	0.05234	0.00495	0.00469
8	0.07372	0.06718	0.11569	0.03315	0.01490	0.05676	0.03063	0.11631	0.17652	0.05497	0.05785	0.02146	0.10175	0.02268	0.00564	0.00174	0.00529	0.03250	0.00423	0.00702
9	0.42751	0.15347	0.06378	0.04315	0.01336	0.01243	0.05104	0.01459	0.01047	0.01953	0.07953	0.01510	0.06592	0.00597	0.00414	0.00158	0.00477	0.00439	0.00329	0.00598
10	0.01284	0.00961	0.01138	0.00989	0.01220	0.01078	0.00781	0.30012	0.08248	0.02112	0.01484	0.04103	0.01287	0.07444	0.34819	0.00485	0.00916	0.00575	0.00408	0.00657
11	0.01239	0.01110	0.01424	0.03970	0.01550	0.06605	0.11143	0.10324	0.04587	0.02905	0.03315	0.01501	0.01063	0.02545	0.13912	0.00256	0.00709	0.00468	0.00344	0.31031
12	0.00695	0.00494	0.00586	0.00638	0.00677	0.00468	0.00404	0.00754	0.00935	0.01220	0.02730	0.36274	0.13708	0.36219	0.01542	0.00339	0.00390	0.01128	0.00417	0.00385
13	0.01026	0.00968	0.01635	0.73327	0.10250	0.01182	0.01482	0.01375	0.01070	0.01384	0.00944	0.01400	0.00716	0.00523	0.00528	0.00174	0.00698	0.00470	0.00237	0.00609
14	0.01483	0.00995	0.01124	0.00965	0.01268	0.01058	0.00762	0.09375	0.38211	0.18720	0.11094	0.02373	0.08640	0.00793	0.00553	0.00172	0.00408	0.00659	0.00563	0.00783
15	0.00683	0.00546	0.00617	0.00661	0.00784	0.00502	0.00471	0.00897	0.06606	0.01451	0.04074	0.37558	0.40384	0.01431	0.00640	0.00194	0.00295	0.01245	0.00494	0.00467
16	0.00729	0.00574	0.00663	0.00650	0.00800	0.00531	0.00483	0.01007	0.06936	0.01764	0.34787	0.12215	0.34489	0.01219	0.00623	0.00177	0.00275	0.01051	0.00532	0.00495
17	0.00706	0.00495	0.00624	0.00703	0.00738	0.00476	0.00471	0.00785	0.00960	0.01271	0.02570	0.45557	0.05217	0.27587	0.01335	0.00314	0.00392	0.08964	0.00435	0.00400
18	0.13385	0.39078	0.01995	0.01051	0.01412	0.27283	0.00907	0.04451	0.01232	0.01495	0.00780	0.00909	0.00673	0.00509	0.00431	0.00133	0.03048	0.00315	0.00267	0.00647
19	0.14394	0.01412	0.15603	0.04529	0.01700	0.06651	0.07693	0.02061	0.01294	0.35447	0.01434	0.01425	0.00965	0.00569	0.00496	0.00163	0.00586	0.00460	0.02348	0.00769
20	0.09247	0.00871	0.00998	0.00915	0.01087	0.00954	0.00694	0.21531	0.01382	0.04160	0.01945	0.36601	0.02082	0.06982	0.00838	0.00216	0.07522	0.00932	0.00455	0.00590
21	0.01472	0.30123	0.10749	0.01401	0.01889	0.06120	0.21139	0.14993	0.01416	0.02991	0.02372	0.01184	0.00838	0.00508	0.00483	0.00148	0.00694	0.00439	0.00307	0.00735

[dist]
# distance from previous block
# <min> <max>
0	5

[block]
# block no. 3 follows, 46 sequences, length 35
# corresponding to MSA columns:
# 897-931
name=unknown_D
#
# <colnr> <probs for GDERKNQSTAVLIFYWHMCP>
#	G	D	E	R	K	N	Q	S	T	A	V	L	I	F	Y	W	H	M	C	P
0	0.12332	0.10190	0.19597	0.01427	0.06138	0.01285	0.16761	0.06306	0.06514	0.01887	0.04947	0.01436	0.02914	0.00548	0.00495	0.00158	0.00623	0.00480	0.00319	0.05644
1	0.02791	0.38674	0.03211	0.01151	0.04424	0.18061	0.00962	0.06644	0.13166	0.01582	0.01037	0.01129	0.00859	0.00616	0.02272	0.00153	0.01882	0.00375	0.00308	0.00703
2	0.01174	0.00883	0.00919	0.00829	0.00998	0.04819	0.00594	0.07156	0.21419	0.07046	0.08392	0.02745	0.04071	0.34997	0.01457	0.00315	0.00481	0.00689	0.00442	0.00575
3	0.00832	0.00553	0.00692	0.00672	0.00814	0.00496	0.00498	0.01021	0.01338	0.08037	0.40633	0.18949	0.21045	0.01216	0.00626	0.00178	0.00281	0.01064	0.00549	0.00506
4	0.08954	0.07305	0.24951	0.06964	0.08851	0.06778	0.09295	0.07897	0.04042	0.08469	0.01090	0.01236	0.00802	0.00526	0.00496	0.00161	0.00679	0.00434	0.00319	0.00750
5	0.01055	0.00960	0.01605	0.68195	0.11039	0.01153	0.01437	0.01394	0.01088	0.03390	0.01093	0.01507	0.02792	0.00548	0.00531	0.00174	0.00679	0.00489	0.00255	0.00617
6	0.00631	0.00511	0.00561	0.00602	0.00731	0.00441	0.00431	0.00751	0.01141	0.01402	0.04549	0.30187	0.53330	0.01444	0.00641	0.00190	0.00281	0.01244	0.00491	0.00441
7	0.01188	0.01099	0.01841	0.30315	0.40093	0.01190	0.03615	0.01553	0.04111	0.03234	0.02772	0.03421	0.00984	0.00554	0.00552	0.00168	0.01784	0.00517	0.00284	0.00725
8	0.03072	0.20563	0.01826	0.03103	0.12940	0.04900	0.02752	0.11930	0.08841	0.21344	0.01383	0.02854	0.01037	0.00585	0.00483	0.00152	0.00554	0.00468	0.00421	0.00793
9	0.00664	0.00488	0.00625	0.00712	0.00780	0.00450	0.00499	0.00788	0.01105	0.01457	0.11331	0.57065	0.14857	0.01535	0.00665	0.00206	0.00305	0.05525	0.00500	0.00443
10	0.00998	0.00940	0.01586	0.80150	0.03641	0.01175	0.01468	0.01351	0.01057	0.01351	0.00940	0.01409	0.00705	0.00529	0.00529	0.00176	0.00705	0.00470	0.00235	0.00587
11	0.01096	0.00940	0.01096	0.00783	0.01253	0.00705	0.00626	0.01331	0.01096	0.01723	0.00940	0.01096	0.00783	0.00392	0.00392	0.00078	0.00392	0.00313	0.00313	0.84653
12	0.01336	0.00944	0.01100	0.00969	0.01221	0.04874	0.00778	0.13698	0.08299	0.12766	0.04601	0.02224	0.01518	0.01862	0.27516	0.00399	0.00816	0.07837	0.00433	0.06809
13	0.01096	0.00940	0.01096	0.00783	0.01253	0.00705	0.00626	0.01331	0.01096	0.01723	0.00940	0.01096	0.00783	0.00392	0.00392	0.00078	0.00392	0.00313	0.00313	0.84653
14	0.06232	0.01411	0.01401	0.01141	0.01511	0.08717	0.00919	0.39652	0.21542	0.09727	0.01502	0.01449	0.01084	0.00642	0.00516	0.00163	0.00553	0.00490	0.00508	0.00839
15	0.00860	0.00679	0.00809	0.00792	0.00865	0.05098	0.00576	0.00988	0.00877	0.01219	0.01451	0.02399	0.01449	0.27523	0.42733	0.00632	0.04213	0.00608	0.05792	0.00438
16	0.00748	0.00553	0.00780	0.00777	0.00867	0.00608	0.00584	0.00919	0.00947	0.01337	0.12142	0.04101	0.05205	0.12521	0.54674	0.00676	0.01080	0.00685	0.00341	0.00456
17	0.08226	0.00902	0.01163	0.00915	0.01295	0.00821	0.00750	0.02426	0.05730	0.64343	0.06284	0.01863	0.01481	0.00670	0.00522	0.00165	0.00434	0.00542	0.00620	0.00850
18	0.00673	0.00527	0.00611	0.00623	0.00760	0.00465	0.00462	0.00838	0.01259	0.01623	0.26031	0.17223	0.41506	0.01320	0.00637	0.00183	0.00277	0.04003	0.00517	0.00460
19	0.00769	0.00551	0.00615	0.00606	0.00694	0.00522	0.00403	0.00892	0.03294	0.02718	0.10488	0.04017	0.26082	0.42075	0.01676	0.00349	0.00405	0.03019	0.00417	0.00408
20	0.07231	0.00907	0.01200	0.00926	0.01330	0.00801	0.00765	0.02516	0.01477	0.74021	0.02006	0.01744	0.01265	0.00645	0.00520	0.00164	0.00447	0.00517	0.00635	0.00880
21	0.27458	0.10708	0.03226	0.24153	0.12501	0.06885	0.01099	0.05342	0.01135	0.01812	0.00868	0.01112	0.00686	0.00506	0.00438	0.00158	0.00599	0.00380	0.00284	0.00650
22	0.29099	0.01025	0.01039	0.00908	0.01234	0.01120	0.00729	0.02189	0.32372	0.13774	0.01639	0.01731	0.01249	0.00652	0.00469	0.00169	0.00422	0.04218	0.00471	0.05490
23	0.03948	0.01044	0.05206	0.01096	0.01430	0.00966	0.07173	0.11916	0.09892	0.23652	0.09351	0.04915	0.01930	0.00847	0.00582	0.00182	0.00500	0.14117	0.00518	0.00733
24	0.01773	0.05074	0.12586	0.01496	0.05734	0.16395	0.17394	0.02077	0.01363	0.28841	0.01346	0.01392	0.00936	0.00549	0.00528	0.00159	0.00704	0.00481	0.00397	0.00774
25	0.00837	0.00602	0.00831	0.00938	0.01062	0.00596	0.00813	0.01076	0.01233	0.01608	0.07306	0.05810	0.06136	0.01433	0.00720	0.00236	0.00464	0.67321	0.00493	0.00486
26	0.04461	0.02331	0.04490	0.05803	0.01755	0.64856	0.01068	0.06392	0.01498	0.01465	0.00853	0.01001	0.00691	0.00546	0.00479	0.00142	0.00894	0.00356	0.00285	0.00634
27	0.21617	0.05295	0.01313	0.05738	0.05799	0.09943	0.00868	0.08369	0.09464	0.22007	0.03708	0.01422	0.01081	0.00593	0.00470	0.00160	0.00529	0.00448	0.00440	0.00737
28	0.00631	0.00510	0.00562	0.00603	0.00732	0.00441	0.00431	0.00751	0.01141	0.01402	0.04540	0.30463	0.53059	0.01445	0.00641	0.00191	0.00281	0.01245	0.00491	0.00441
29	0.00733	0.00500	0.00598	0.00631	0.00646	0.00493	0.00382	0.00771	0.00859	0.01151	0.04070	0.25061	0.02427	0.54828	0.04242	0.00430	0.00474	0.00973	0.00374	0.00360
30	0.05427	0.14195	0.24977	0.12578	0.04269	0.01422	0.17630	0.01566	0.01086	0.01557	0.00902	0.01179	0.00707	0.00533	0.00639	0.00169	0.09791	0.00440	0.00242	0.00691
31	0.01300	0.01257	0.03881	0.20843	0.34434	0.07832	0.05394	0.01653	0.04179	0.06133	0.05021	0.03473	0.01120	0.00571	0.00535	0.00164	0.00647	0.00524	0.00311	0.00727
32	0.01669	0.00742	0.00983	0.00816	0.01104	0.00649	0.00649	0.01868	0.01438	0.46283	0.20340	0.08646	0.10697	0.00905	0.00574	0.00170	0.00372	0.00769	0.00607	0.00720
33	0.01027	0.02835	0.04339	0.01114	0.01378	0.03954	0.16247	0.08221	0.03529	0.01631	0.02620	0.16473	0.22316	0.07803	0.00823	0.00210	0.03632	0.00875	0.00400	0.00572
34	0.03386	0.25515	0.03918	0.03592	0.31548	0.07643	0.03534	0.01695	0.01200	0.08037	0.01072	0.03082	0.00912	0.00537	0.00471	0.00147	0.00618	0.02055	0.00295	0.00743

[dist]
# distance from previous block
# <min> <max>
0	1

[block]
# block no. 4 follows, 46 sequences, length 22
# corresponding to MSA columns:
# 933-945,953-961
name=unknown_E
#
# <colnr> <probs for GDERKNQSTAVLIFYWHMCP>
#	G	D	E	R	K	N	Q	S	T	A	V	L	I	F	Y	W	H	M	C	P
0	0.46501	0.00949	0.00955	0.00826	0.01100	0.01069	0.00669	0.03793	0.01040	0.16292	0.01121	0.01344	0.00883	0.05527	0.08666	0.00259	0.07596	0.00409	0.00381	0.00619
1	0.43386	0.04051	0.01225	0.03361	0.15537	0.13940	0.00869	0.01581	0.01074	0.01920	0.00995	0.08052	0.00905	0.00598	0.00425	0.00161	0.00543	0.00442	0.00315	0.00620
2	0.00836	0.00522	0.00688	0.00736	0.00827	0.00477	0.00517	0.00968	0.01152	0.09328	0.15373	0.56748	0.06917	0.01444	0.00649	0.00200	0.00310	0.01296	0.00523	0.00490
3	0.00870	0.00587	0.00703	0.00656	0.00766	0.00562	0.00458	0.04347	0.01243	0.05005	0.35575	0.03670	0.10929	0.30779	0.01380	0.00295	0.00372	0.00863	0.00477	0.00463
4	0.03304	0.01401	0.16920	0.23195	0.07913	0.01153	0.19059	0.04443	0.01200	0.04872	0.01257	0.06768	0.01063	0.00630	0.00561	0.00178	0.00698	0.04399	0.00303	0.00682
5	0.01142	0.01109	0.01710	0.39180	0.31817	0.05590	0.01416	0.01444	0.01134	0.01492	0.01128	0.08377	0.01001	0.00607	0.00537	0.00170	0.00654	0.00554	0.00270	0.00671
6	0.01146	0.00960	0.01071	0.00805	0.01210	0.02989	0.00628	0.02654	0.05053	0.03598	0.01107	0.01398	0.00954	0.08666	0.00641	0.00133	0.00426	0.00383	0.00336	0.65840
7	0.01238	0.19434	0.25379	0.07335	0.01772	0.09221	0.01207	0.01657	0.07310	0.03928	0.01267	0.11184	0.01133	0.00659	0.00485	0.00155	0.00625	0.00525	0.00307	0.05179
8	0.01158	0.01743	0.30343	0.17214	0.35927	0.01230	0.01715	0.01590	0.01143	0.01636	0.00967	0.01257	0.00750	0.00494	0.00517	0.00165	0.00699	0.00441	0.00242	0.00769
9	0.00918	0.00459	0.00689	0.00689	0.00689	0.00459	0.00459	0.00689	0.00689	0.00918	0.00918	0.01607	0.00918	0.01837	0.02066	0.84619	0.00459	0.00459	0.00230	0.00230
10	0.01576	0.01863	0.01596	0.09411	0.01787	0.42616	0.03304	0.01736	0.01211	0.01304	0.00795	0.01083	0.00691	0.00670	0.00915	0.00174	0.28010	0.00404	0.00254	0.00601
11	0.00687	0.00478	0.00601	0.00682	0.00702	0.00458	0.00433	0.00747	0.00929	0.01239	0.02488	0.54599	0.02959	0.28866	0.01362	0.00316	0.00377	0.01252	0.00433	0.00392
12	0.00726	0.00528	0.00672	0.00712	0.00806	0.00495	0.00528	0.00893	0.01210	0.01624	0.28030	0.24148	0.13645	0.09502	0.00866	0.00229	0.00335	0.14093	0.00503	0.00454
13	0.00765	0.00524	0.00635	0.00632	0.00658	0.00539	0.00394	0.00816	0.00832	0.01135	0.06668	0.03239	0.02015	0.61944	0.16557	0.00551	0.00660	0.00744	0.00331	0.00360
14	0.00903	0.00726	0.00878	0.05385	0.01153	0.00784	0.00680	0.01499	0.27238	0.01655	0.02535	0.46379	0.02672	0.01261	0.00621	0.00201	0.00375	0.03982	0.00492	0.00581
15	0.01382	0.74765	0.09471	0.00958	0.01439	0.02016	0.00997	0.01591	0.01078	0.01282	0.00754	0.00872	0.00678	0.00457	0.00354	0.00118	0.00584	0.00292	0.00226	0.00688
16	0.00980	0.00769	0.00891	0.00832	0.01013	0.00794	0.00612	0.01539	0.26059	0.01658	0.07392	0.14999	0.02100	0.15113	0.04559	0.05071	0.00451	0.03326	0.00436	0.11407
17	0.01166	0.08395	0.08572	0.26459	0.10739	0.05329	0.08433	0.04164	0.01161	0.01512	0.01368	0.01642	0.08582	0.00637	0.00660	0.00172	0.09565	0.00520	0.00277	0.00649
18	0.12921	0.45303	0.04040	0.00948	0.01354	0.01737	0.00875	0.05772	0.19154	0.01748	0.01104	0.01145	0.00897	0.00531	0.00399	0.00140	0.00516	0.00371	0.00330	0.00716
19	0.01204	0.17573	0.15572	0.30365	0.02375	0.05789	0.01293	0.01523	0.01095	0.03384	0.00906	0.01180	0.00714	0.00525	0.00549	0.00153	0.05951	0.00396	0.00252	0.09201
20	0.09938	0.01239	0.01245	0.02920	0.15775	0.18710	0.00891	0.04454	0.01411	0.05876	0.29414	0.02184	0.02334	0.00732	0.00530	0.00157	0.00530	0.00605	0.00420	0.00635
21	0.00815	0.00578	0.00669	0.00665	0.00706	0.00603	0.00417	0.00991	0.08565	0.01187	0.01774	0.08317	0.01937	0.60385	0.09799	0.00492	0.00577	0.00780	0.00350	0.00395

[dist]
# distance from previous block
# <min> <max>
2	5

[block]
# block no. 5 follows, 46 sequences, length 19
# corresponding to MSA columns:
# 967-985
name=unknown_F
#
# <colnr> <probs for GDERKNQSTAVLIFYWHMCP>
#	G	D	E	R	K	N	Q	S	T	A	V	L	I	F	Y	W	H	M	C	P
0	0.01254	0.23961	0.06990	0.15477	0.17129	0.01478	0.04928	0.06406	0.01211	0.01616	0.06820	0.01377	0.01068	0.00574	0.00589	0.00157	0.07531	0.00457	0.00284	0.00694
1	0.04023	0.03079	0.04526	0.09022	0.02112	0.02452	0.30433	0.08098	0.15261	0.03294	0.01589	0.05713	0.04359	0.00657	0.00573	0.00177	0.00659	0.02899	0.00370	0.00706
2	0.01140	0.00634	0.00855	0.03473	0.00999	0.00635	0.00593	0.01304	0.01104	0.18773	0.14134	0.02628	0.02045	0.21250	0.24048	0.00447	0.00714	0.00665	0.04017	0.00541
3	0.01178	0.07989	0.24226	0.01260	0.06620	0.01095	0.04603	0.04746	0.03777	0.01755	0.00991	0.01149	0.00779	0.00458	0.00450	0.00124	0.00567	0.00375	0.00291	0.37568
4	0.01160	0.15206	0.29268	0.01196	0.03295	0.07021	0.02891	0.01545	0.05186	0.04054	0.01370	0.12979	0.01285	0.06930	0.04173	0.00220	0.00665	0.00590	0.00309	0.00658
5	0.04103	0.00749	0.00943	0.00902	0.01119	0.00737	0.00750	0.08918	0.01371	0.19176	0.02403	0.10488	0.04528	0.01097	0.00610	0.00198	0.00440	0.32383	0.08466	0.00618
6	0.01669	0.01567	0.01395	0.01193	0.01478	0.23248	0.00941	0.21168	0.20637	0.05314	0.06281	0.01540	0.01276	0.00691	0.00651	0.00166	0.09106	0.00500	0.00436	0.00743
7	0.01168	0.01070	0.01733	0.53054	0.23086	0.01236	0.01469	0.07922	0.01219	0.01622	0.00983	0.01371	0.00757	0.00523	0.00527	0.00170	0.00674	0.00471	0.00267	0.00680
8	0.00703	0.00485	0.00596	0.00660	0.00676	0.00469	0.00410	0.00752	0.00896	0.01195	0.02320	0.44153	0.02747	0.39601	0.01634	0.00356	0.00405	0.01154	0.00410	0.00378
9	0.06551	0.00864	0.01138	0.01006	0.01247	0.00894	0.07863	0.01744	0.22175	0.12064	0.06347	0.21281	0.07044	0.00997	0.00609	0.00188	0.02033	0.04809	0.00493	0.00652
10	0.00703	0.00525	0.00669	0.00717	0.00817	0.00471	0.00505	0.00840	0.01118	0.01514	0.14436	0.53026	0.10531	0.01423	0.00639	0.00193	0.00307	0.03337	0.00489	0.07741
11	0.04214	0.29927	0.04473	0.01130	0.01507	0.27033	0.00972	0.11659	0.11239	0.01706	0.01022	0.01092	0.00825	0.00543	0.00440	0.00138	0.00677	0.00371	0.00324	0.00706
12	0.01403	0.01230	0.08978	0.02574	0.09022	0.05135	0.00937	0.09903	0.03530	0.14087	0.07151	0.01825	0.07878	0.00631	0.00501	0.00140	0.00500	0.00518	0.00415	0.23642
13	0.01501	0.01581	0.08278	0.23269	0.10873	0.16148	0.01273	0.20117	0.08263	0.01974	0.01112	0.01301	0.00841	0.00566	0.00517	0.00162	0.00694	0.00451	0.00343	0.00736
14	0.01546	0.00977	0.01136	0.00983	0.01276	0.01031	0.00781	0.08653	0.33908	0.22704	0.07060	0.02437	0.01836	0.05993	0.00697	0.00200	0.00442	0.07013	0.00553	0.00773
15	0.00859	0.00504	0.00532	0.00538	0.00666	0.00478	0.00399	0.01069	0.01159	0.01820	0.09952	0.09139	0.18148	0.00898	0.00473	0.00146	0.00256	0.00751	0.51736	0.00478
16	0.00985	0.00493	0.00493	0.00493	0.00616	0.00493	0.00370	0.01232	0.01109	0.01971	0.01725	0.01971	0.01355	0.00616	0.00370	0.00123	0.00246	0.00493	0.84356	0.00493
17	0.00969	0.00929	0.01272	0.25979	0.07689	0.06023	0.05826	0.01260	0.03797	0.01473	0.02609	0.06365	0.24911	0.00913	0.00586	0.00181	0.00545	0.07744	0.00366	0.00565
18	0.01253	0.00865	0.01029	0.00917	0.01132	0.00892	0.00700	0.26087	0.01502	0.06309	0.01931	0.32820	0.01975	0.01388	0.07505	0.05690	0.00518	0.00880	0.00466	0.06141

[dist]
# distance from previous block
# <min> <max>
0	7

[block]
# block no. 6 follows, 46 sequences, length 28
# corresponding to MSA columns:
# 993-1020
name=unknown_G
#
# <colnr> <probs for GDERKNQSTAVLIFYWHMCP>
#	G	D	E	R	K	N	Q	S	T	A	V	L	I	F	Y	W	H	M	C	P
0	0.04694	0.38116	0.07382	0.01071	0.06613	0.01471	0.00925	0.01588	0.05624	0.01556	0.00914	0.01041	0.00772	0.00456	0.00390	0.00115	0.00517	0.00331	0.00277	0.26146
1	0.01043	0.00555	0.00618	0.00612	0.00749	0.00548	0.00454	0.01324	0.05258	0.08011	0.03792	0.17367	0.01866	0.00837	0.00457	0.00148	0.00284	0.00709	0.54837	0.00532
2	0.01004	0.00823	0.00903	0.03312	0.01085	0.07241	0.00662	0.05664	0.04324	0.05249	0.11809	0.02916	0.21782	0.02041	0.28314	0.00408	0.00774	0.00731	0.00415	0.00545
3	0.00985	0.00493	0.00493	0.00493	0.00616	0.00493	0.00370	0.01232	0.01109	0.01971	0.01725	0.01971	0.01355	0.00616	0.00370	0.00123	0.00246	0.00493	0.84356	0.00493
4	0.17543	0.01033	0.01216	0.01049	0.06024	0.00985	0.04088	0.13863	0.01294	0.02074	0.01188	0.10183	0.01074	0.00602	0.00453	0.00133	0.00454	0.00494	0.00367	0.35884
5	0.01751	0.15788	0.08270	0.01174	0.03656	0.01503	0.01025	0.40827	0.02819	0.10781	0.06243	0.01423	0.01159	0.00619	0.00499	0.00152	0.00559	0.00473	0.00459	0.00821
6	0.35512	0.01404	0.04591	0.02964	0.03479	0.12165	0.11732	0.07993	0.01206	0.03543	0.00896	0.01073	0.00696	0.00529	0.00517	0.00161	0.05424	0.00389	0.00320	0.05407
7	0.00939	0.00674	0.00676	0.00650	0.00704	0.05897	0.00401	0.00969	0.00890	0.05741	0.01861	0.03289	0.06485	0.66096	0.02282	0.00445	0.00524	0.00747	0.00348	0.00383
8	0.01448	0.18438	0.01724	0.06168	0.08854	0.08230	0.01006	0.10562	0.32498	0.01934	0.01420	0.01451	0.01104	0.00606	0.00513	0.00158	0.02247	0.00472	0.00396	0.00770
9	0.00892	0.00734	0.00969	0.00839	0.01092	0.00625	0.05085	0.01081	0.01099	0.01541	0.04249	0.17069	0.10359	0.08911	0.00767	0.00190	0.00415	0.12018	0.00397	0.31666
10	0.01125	0.01090	0.01761	0.05628	0.06422	0.06329	0.25353	0.01458	0.05705	0.01555	0.01728	0.02811	0.04665	0.00932	0.00794	0.08214	0.02860	0.20631	0.00346	0.00592
11	0.07440	0.07920	0.13153	0.26888	0.06174	0.01194	0.05666	0.05646	0.01133	0.01612	0.04592	0.01640	0.01066	0.10944	0.00810	0.00211	0.02503	0.00499	0.00286	0.00622
12	0.08352	0.00934	0.05721	0.00888	0.01247	0.00765	0.00769	0.01952	0.01374	0.43509	0.11761	0.02403	0.06491	0.00768	0.00536	0.00165	0.00429	0.05630	0.00551	0.05754
13	0.01115	0.00830	0.01137	0.01044	0.01135	0.00995	0.00842	0.01256	0.01013	0.11245	0.01872	0.14200	0.05825	0.06089	0.06053	0.00274	0.32329	0.11808	0.00385	0.00555
14	0.00652	0.00468	0.00607	0.00715	0.00751	0.00436	0.00474	0.00740	0.01006	0.01332	0.02959	0.71730	0.07358	0.07079	0.00810	0.00233	0.00319	0.01432	0.00479	0.00423
15	0.05685	0.12343	0.13661	0.01354	0.12826	0.01077	0.04105	0.05865	0.01182	0.05218	0.01684	0.29309	0.01735	0.00909	0.00542	0.00175	0.00518	0.00795	0.00370	0.00650
16	0.01705	0.09357	0.20656	0.01337	0.01772	0.42062	0.01239	0.12690	0.01510	0.01678	0.00908	0.01030	0.00709	0.00539	0.00478	0.00145	0.00823	0.00367	0.00293	0.00702
17	0.00827	0.00561	0.00689	0.00656	0.00795	0.00511	0.00489	0.01013	0.01319	0.06492	0.41892	0.04136	0.21839	0.11462	0.00890	0.00218	0.00313	0.04887	0.00526	0.00487
18	0.00689	0.00490	0.00634	0.00706	0.00757	0.00461	0.00481	0.00805	0.01084	0.01465	0.17315	0.51286	0.04895	0.12444	0.00942	0.00246	0.00330	0.04054	0.00485	0.00430
19	0.06351	0.07195	0.20102	0.29073	0.02426	0.01304	0.04426	0.01604	0.05189	0.05540	0.01014	0.01284	0.00770	0.00579	0.00656	0.00175	0.10923	0.00442	0.00276	0.00673
20	0.08284	0.01266	0.05716	0.03268	0.14111	0.01217	0.13820	0.22637	0.01573	0.10359	0.04729	0.06322	0.02985	0.00654	0.00542	0.00168	0.00589	0.00584	0.00415	0.00762
21	0.00770	0.00524	0.00645	0.00674	0.00781	0.00472	0.00476	0.00902	0.01166	0.06143	0.17003	0.37806	0.23015	0.06166	0.00764	0.00211	0.00307	0.01200	0.00507	0.00468
22	0.00704	0.00542	0.00636	0.00647	0.00776	0.00490	0.00471	0.02908	0.01272	0.01660	0.25623	0.25616	0.34076	0.01332	0.00636	0.00184	0.00282	0.01159	0.00518	0.00469
23	0.10298	0.22505	0.13567	0.03229	0.01806	0.13065	0.17146	0.01615	0.01151	0.01542	0.01023	0.06547	0.00903	0.00657	0.02651	0.00173	0.00718	0.00476	0.00272	0.00655
24	0.01122	0.00676	0.00980	0.02856	0.05208	0.00643	0.03708	0.02426	0.02399	0.13971	0.17699	0.11378	0.08856	0.01225	0.01006	0.23718	0.00414	0.00759	0.00437	0.00517
25	0.01488	0.00892	0.01159	0.05535	0.07514	0.00891	0.00812	0.15875	0.03058	0.23680	0.02163	0.23405	0.05937	0.04254	0.00663	0.00192	0.00457	0.00819	0.00506	0.00700
26	0.01163	0.01176	0.08296	0.08756	0.01975	0.01055	0.26603	0.03386	0.04946	0.07972	0.07870	0.08475	0.09590	0.00765	0.00661	0.00181	0.05378	0.00718	0.00377	0.00657
27	0.08300	0.06495	0.11708	0.03623	0.14111	0.01158	0.05962	0.10130	0.03336	0.03967	0.09931	0.06817	0.05161	0.00738	0.00581	0.00170	0.03800	0.02950	0.00375	0.00688

[dist]
# distance from previous block
# <min> <max>
0	2

[block]
# block no. 7 follows, 46 sequences, length 17
# corresponding to MSA columns:
# 1023-1039
name=unknown_H
#
# <colnr> <probs for GDERKNQSTAVLIFYWHMCP>
#	G	D	E	R	K	N	Q	S	T	A	V	L	I	F	Y	W	H	M	C	P
0	0.04304	0.03568	0.11798	0.02707	0.01581	0.08425	0.09169	0.04762	0.07381	0.04521	0.07280	0.02939	0.02913	0.02859	0.04835	0.00199	0.04684	0.00519	0.00351	0.15206
1	0.00952	0.04990	0.05823	0.02535	0.01053	0.07588	0.00687	0.01119	0.05202	0.01293	0.01971	0.16566	0.09196	0.11037	0.10233	0.15347	0.00603	0.02992	0.00348	0.00466
2	0.00948	0.00777	0.00947	0.02870	0.01116	0.00663	0.00595	0.01119	0.01010	0.01503	0.01418	0.15767	0.01461	0.13038	0.04840	0.00214	0.02763	0.00615	0.00340	0.47994
3	0.02764	0.01208	0.12966	0.01272	0.03574	0.01997	0.16412	0.05214	0.03093	0.02972	0.04704	0.18389	0.07032	0.00873	0.00578	0.00174	0.00553	0.05637	0.00381	0.10206
4	0.04180	0.00814	0.00999	0.00917	0.05408	0.00749	0.00663	0.07364	0.03611	0.07802	0.28780	0.07464	0.06435	0.00822	0.00535	0.00147	0.00364	0.00704	0.00476	0.21767
5	0.00974	0.00884	0.01272	0.20699	0.01816	0.03324	0.09424	0.03910	0.06197	0.01647	0.15496	0.04848	0.15619	0.05355	0.02624	0.00212	0.02045	0.02695	0.00396	0.00564
6	0.01289	0.00910	0.01243	0.05055	0.01404	0.02939	0.07759	0.07155	0.09476	0.15478	0.06042	0.05959	0.05913	0.05864	0.16909	0.00333	0.02749	0.02442	0.00435	0.00645
7	0.00955	0.04218	0.04789	0.04001	0.01301	0.00830	0.10212	0.02752	0.02846	0.03578	0.06197	0.24997	0.02231	0.14666	0.01052	0.01776	0.04529	0.08151	0.00394	0.00525
8	0.01514	0.27882	0.22639	0.01351	0.06043	0.24257	0.01267	0.06489	0.01305	0.01533	0.00865	0.01003	0.00700	0.00505	0.00445	0.00140	0.00741	0.00351	0.00260	0.00710
9	0.00985	0.00493	0.00493	0.00493	0.00616	0.00493	0.00370	0.01232	0.01109	0.01971	0.01725	0.01971	0.01355	0.00616	0.00370	0.00123	0.00246	0.00493	0.84356	0.00493
10	0.01723	0.02064	0.10685	0.01291	0.01655	0.39699	0.01089	0.14420	0.18584	0.01880	0.01206	0.01253	0.00925	0.00593	0.00502	0.00153	0.00752	0.00426	0.00368	0.00730
11	0.11021	0.01196	0.12541	0.01072	0.05275	0.00926	0.00922	0.05843	0.03252	0.23875	0.07906	0.03383	0.01358	0.00712	0.02798	0.00170	0.00507	0.00497	0.00440	0.16305
12	0.06567	0.04323	0.21524	0.01168	0.01600	0.01263	0.03271	0.11052	0.30889	0.02101	0.03471	0.06122	0.02968	0.00695	0.00521	0.00172	0.00538	0.00570	0.00420	0.00765
13	0.04800	0.04535	0.11303	0.02988	0.01471	0.08842	0.00941	0.15226	0.06810	0.10772	0.01587	0.12328	0.03082	0.02058	0.02628	0.00182	0.00571	0.00597	0.00415	0.08863
14	0.01499	0.15424	0.06493	0.01071	0.01460	0.04969	0.02523	0.24773	0.08555	0.05391	0.01528	0.04746	0.05889	0.01995	0.00561	0.00156	0.02730	0.00517	0.00408	0.09310
15	0.05570	0.02931	0.06281	0.03451	0.05587	0.13884	0.09220	0.20495	0.10732	0.06665	0.03311	0.01493	0.02992	0.00651	0.01644	0.00168	0.00647	0.00495	0.00403	0.03379
16	0.08775	0.07230	0.19314	0.01408	0.08052	0.05840	0.04649	0.18655	0.09892	0.07505	0.01197	0.01274	0.00884	0.00569	0.00522	0.00162	0.02469	0.00442	0.00375	0.00784

[dist]
# distance from previous block
# <min> <max>
0	26

[block]
# block no. 8 follows, 46 sequences, length 23
# corresponding to MSA columns:
# 1066-1088
name=unknown_I
#
# <colnr> <probs for GDERKNQSTAVLIFYWHMCP>
#	G	D	E	R	K	N	Q	S	T	A	V	L	I	F	Y	W	H	M	C	P
0	0.06700	0.02764	0.10030	0.01010	0.01371	0.02976	0.04745	0.11486	0.08509	0.12338	0.05635	0.03227	0.12873	0.04447	0.03010	0.00199	0.00528	0.01745	0.00438	0.05969
1	0.05295	0.01346	0.14601	0.07115	0.13691	0.05615	0.01126	0.01783	0.13602	0.09922	0.05190	0.06458	0.01342	0.00822	0.03778	0.02335	0.00594	0.00552	0.00376	0.04458
2	0.01549	0.10202	0.05638	0.03442	0.03794	0.12134	0.03967	0.03225	0.07211	0.21184	0.01623	0.14415	0.01396	0.00738	0.00517	0.00158	0.00555	0.00615	0.00425	0.07212
3	0.08243	0.12309	0.08371	0.06997	0.02990	0.08866	0.06957	0.05008	0.04979	0.10166	0.01382	0.07463	0.03056	0.00778	0.03852	0.00184	0.00624	0.00523	0.00355	0.06898
4	0.06206	0.02805	0.08966	0.01144	0.05769	0.06564	0.00913	0.16949	0.04425	0.06844	0.04562	0.01857	0.01284	0.15551	0.09620	0.00302	0.04671	0.00534	0.00379	0.00654
5	0.01435	0.28873	0.15696	0.01264	0.05665	0.09384	0.05506	0.08853	0.02515	0.06531	0.01363	0.02951	0.06622	0.00596	0.00470	0.00147	0.00630	0.00463	0.00321	0.00716
6	0.00757	0.00513	0.00637	0.00672	0.00746	0.00480	0.00463	0.02863	0.01011	0.01296	0.02976	0.31672	0.24233	0.05083	0.01125	0.23274	0.00354	0.01044	0.00413	0.00388
7	0.00883	0.00671	0.00936	0.01001	0.04947	0.00676	0.03444	0.03504	0.04478	0.03884	0.06291	0.43621	0.05920	0.03242	0.00748	0.00213	0.03962	0.10588	0.00467	0.00524
8	0.01418	0.30915	0.13198	0.03290	0.03987	0.15216	0.05965	0.07804	0.01279	0.01544	0.01032	0.01451	0.00917	0.04710	0.00576	0.00164	0.00685	0.04891	0.00284	0.00675
9	0.07220	0.08135	0.07603	0.03203	0.06007	0.10108	0.14913	0.01520	0.03589	0.01550	0.01280	0.05684	0.01205	0.00834	0.01990	0.03050	0.10773	0.10408	0.00308	0.00621
10	0.00750	0.00573	0.00791	0.00781	0.00896	0.00536	0.04401	0.00926	0.01199	0.01607	0.25570	0.22707	0.13735	0.10831	0.00898	0.00233	0.00366	0.12251	0.00486	0.00463
11	0.09711	0.01142	0.04919	0.10533	0.07153	0.01205	0.04007	0.03682	0.05038	0.17580	0.01173	0.01349	0.00884	0.00647	0.00817	0.00177	0.21489	0.00459	0.00362	0.07673
12	0.01210	0.04264	0.01052	0.01007	0.06920	0.00760	0.00698	0.08745	0.01194	0.12382	0.06798	0.19263	0.01898	0.01274	0.01032	0.25628	0.00442	0.04485	0.00416	0.00533
13	0.01699	0.08344	0.01543	0.01286	0.03598	0.20561	0.01007	0.23555	0.09030	0.02171	0.01675	0.03994	0.01527	0.00882	0.00602	0.00194	0.00673	0.16431	0.00464	0.00765
14	0.01730	0.09185	0.19513	0.01347	0.05056	0.31631	0.01203	0.04148	0.04271	0.15331	0.01139	0.01197	0.00839	0.00552	0.00486	0.00149	0.00743	0.00401	0.00342	0.00736
15	0.00906	0.00784	0.03016	0.07601	0.01275	0.00758	0.10127	0.02928	0.00950	0.01296	0.01517	0.08628	0.01612	0.43284	0.05752	0.00385	0.02526	0.00719	0.00318	0.05618
16	0.00734	0.00521	0.00643	0.00677	0.00742	0.00497	0.00471	0.00850	0.01073	0.01435	0.18367	0.21363	0.10267	0.29096	0.01364	0.00308	0.00385	0.10343	0.00450	0.00415
17	0.07187	0.02458	0.04253	0.00852	0.01054	0.00804	0.00682	0.01506	0.14149	0.13085	0.01551	0.01824	0.04265	0.01591	0.13195	0.29511	0.00603	0.00519	0.00373	0.00539
18	0.00774	0.00607	0.00800	0.00773	0.00897	0.00607	0.03748	0.00986	0.04932	0.01388	0.06505	0.09320	0.21616	0.19268	0.18779	0.00410	0.00634	0.07090	0.00404	0.00461
19	0.01583	0.07152	0.01358	0.01006	0.01360	0.01061	0.03993	0.07414	0.21679	0.24840	0.06416	0.05431	0.01605	0.00711	0.00525	0.00160	0.00455	0.02746	0.00511	0.09996
20	0.01255	0.14083	0.04676	0.01060	0.01476	0.01172	0.07958	0.06131	0.16348	0.03331	0.02624	0.03523	0.01180	0.00584	0.00475	0.00135	0.00500	0.03619	0.00372	0.29499
21	0.18367	0.13741	0.15861	0.00996	0.01463	0.01171	0.04143	0.05102	0.01175	0.06984	0.03520	0.01374	0.04830	0.00543	0.00436	0.00139	0.00518	0.00414	0.00334	0.18890
22	0.01570	0.03678	0.02782	0.01100	0.01426	0.10756	0.02657	0.31160	0.08362	0.05934	0.06017	0.10611	0.01515	0.00856	0.02446	0.01170	0.00573	0.01741	0.00461	0.05184

[dist]
# distance from previous block
# <min> <max>
0	15

[block]
# block no. 9 follows, 46 sequences, length 10
# corresponding to MSA columns:
# 1106-1115
name=unknown_J
#
# <colnr> <probs for GDERKNQSTAVLIFYWHMCP>
#	G	D	E	R	K	N	Q	S	T	A	V	L	I	F	Y	W	H	M	C	P
0	0.01143	0.07989	0.14329	0.01533	0.16246	0.01095	0.05888	0.10027	0.01334	0.01803	0.05192	0.06900	0.08859	0.00850	0.00572	0.00178	0.00565	0.14447	0.00374	0.00675
1	0.00876	0.00780	0.03868	0.00775	0.00998	0.00681	0.00628	0.06104	0.01271	0.01722	0.16392	0.14702	0.26547	0.01083	0.00651	0.00168	0.05093	0.02968	0.00455	0.14235
2	0.00907	0.00798	0.04228	0.21253	0.06224	0.00767	0.02627	0.01143	0.01164	0.04247	0.18772	0.10218	0.11360	0.11620	0.00867	0.00222	0.00479	0.02170	0.00399	0.00536
3	0.01106	0.00819	0.00994	0.00802	0.01129	0.00701	0.00622	0.01390	0.06105	0.08313	0.05034	0.08448	0.01447	0.05834	0.10010	0.00226	0.00514	0.00541	0.00382	0.45584
4	0.14616	0.08365	0.01423	0.12272	0.04023	0.26198	0.00939	0.03765	0.01216	0.04910	0.00953	0.01212	0.00789	0.03829	0.03782	0.00188	0.02865	0.00388	0.00300	0.07965
5	0.00682	0.00499	0.00669	0.00761	0.00805	0.00486	0.00530	0.00798	0.01066	0.01440	0.10922	0.66784	0.03541	0.01560	0.00708	0.00211	0.03090	0.04511	0.00491	0.00444
