[name]
unknown

[dist]
# distance from previous block
# <min> <max>
0	318

[block]
# block no. 0 follows, 48 sequences, length 9
# corresponding to MSA columns:
# 321-329
name=unknown_A
#
# <colnr> <probs for GDERKNQSTAVLIFYWHMCP>
#	G	D	E	R	K	N	Q	S	T	A	V	L	I	F	Y	W	H	M	C	P
0	0.13142	0.00829	0.01031	0.17816	0.01611	0.00932	0.00868	0.01577	0.18927	0.04502	0.01889	0.11982	0.01797	0.00917	0.00555	0.00191	0.00469	0.19957	0.00416	0.00592
1	0.01275	0.46538	0.18791	0.01530	0.19528	0.01664	0.01256	0.01564	0.01080	0.01405	0.00816	0.00982	0.00693	0.00453	0.00404	0.00131	0.00607	0.00339	0.00227	0.00716
2	0.01273	0.01295	0.01306	0.10120	0.14060	0.20714	0.00975	0.04252	0.17477	0.01598	0.01597	0.20027	0.01523	0.00805	0.00535	0.00167	0.00579	0.00685	0.00371	0.00641
3	0.00964	0.00729	0.00787	0.00698	0.00883	0.00723	0.00521	0.18524	0.01405	0.01818	0.12761	0.03601	0.34927	0.18210	0.01010	0.00236	0.00379	0.00848	0.00461	0.00516
4	0.01210	0.31392	0.33365	0.01642	0.19700	0.01504	0.01449	0.01581	0.01088	0.01484	0.00855	0.01032	0.00691	0.00463	0.00434	0.00141	0.00647	0.00359	0.00226	0.00735
5	0.01175	0.01083	0.01713	0.30312	0.19873	0.01220	0.08646	0.01758	0.18945	0.03564	0.01224	0.01470	0.00942	0.00560	0.00590	0.00170	0.05237	0.00501	0.00315	0.00701
6	0.00906	0.00657	0.00796	0.00813	0.00924	0.00666	0.00582	0.16898	0.01286	0.01718	0.02490	0.64588	0.02859	0.01397	0.00625	0.00197	0.00354	0.01247	0.00484	0.00513
7	0.00844	0.00612	0.00847	0.00776	0.00933	0.00610	0.00592	0.00951	0.00847	0.01239	0.01164	0.01698	0.01078	0.02603	0.44904	0.18510	0.00946	0.00471	0.00271	0.20102
8	0.20869	0.01222	0.02093	0.02240	0.34945	0.01230	0.26808	0.01583	0.01114	0.01811	0.00931	0.01207	0.00741	0.00453	0.00497	0.00161	0.00646	0.00466	0.00271	0.00712

[dist]
# distance from previous block
# <min> <max>
0	6

[block]
# block no. 1 follows, 48 sequences, length 7
# corresponding to MSA columns:
# 336-342
name=unknown_B
#
# <colnr> <probs for GDERKNQSTAVLIFYWHMCP>
#	G	D	E	R	K	N	Q	S	T	A	V	L	I	F	Y	W	H	M	C	P
0	0.01183	0.01134	0.01068	0.00930	0.01125	0.17842	0.00731	0.01359	0.01080	0.01493	0.01298	0.01542	0.05384	0.00891	0.06759	0.00193	0.17640	0.00445	0.20130	0.17772
1	0.00732	0.00544	0.00795	0.00787	0.00885	0.00608	0.00608	0.00927	0.00958	0.01375	0.17733	0.02401	0.02038	0.03254	0.63107	0.00684	0.01134	0.00630	0.00336	0.00464
2	0.07567	0.08706	0.51124	0.01269	0.01872	0.01274	0.01489	0.01833	0.16715	0.01749	0.01126	0.01212	0.00830	0.00525	0.00469	0.00160	0.00642	0.00404	0.00287	0.00746
3	0.00645	0.00500	0.00552	0.00575	0.00680	0.00445	0.00397	0.00745	0.01057	0.01322	0.07457	0.20832	0.43465	0.17801	0.01026	0.00246	0.00316	0.01087	0.00447	0.00407
4	0.00799	0.17148	0.01041	0.00733	0.00866	0.00760	0.00560	0.00936	0.01094	0.01448	0.18448	0.48652	0.03143	0.01251	0.00578	0.00178	0.00337	0.01105	0.00443	0.00480
5	0.01651	0.18010	0.01660	0.01108	0.01468	0.15338	0.00916	0.29143	0.21607	0.02190	0.01272	0.01272	0.00972	0.00585	0.00469	0.00146	0.00583	0.00431	0.00412	0.00764
6	0.04489	0.18567	0.24641	0.00946	0.01298	0.01049	0.00965	0.01255	0.00987	0.03715	0.01448	0.18588	0.01497	0.17333	0.00916	0.00229	0.00538	0.00661	0.00308	0.00569

[dist]
# distance from previous block
# <min> <max>
0	14

[block]
# block no. 2 follows, 48 sequences, length 94
# corresponding to MSA columns:
# 357-450
name=unknown_C
#
# <colnr> <probs for GDERKNQSTAVLIFYWHMCP>
#	G	D	E	R	K	N	Q	S	T	A	V	L	I	F	Y	W	H	M	C	P
0	0.39952	0.01124	0.05003	0.01549	0.26092	0.01106	0.00982	0.01708	0.01082	0.15460	0.01033	0.01145	0.00767	0.00498	0.00421	0.00157	0.00489	0.00382	0.00348	0.00703
1	0.01341	0.44284	0.22352	0.01192	0.05644	0.01685	0.01187	0.10405	0.04679	0.01618	0.00903	0.01011	0.00730	0.00485	0.00410	0.00134	0.00602	0.00347	0.00268	0.00724
2	0.02779	0.15297	0.02077	0.06503	0.56354	0.01328	0.01383	0.01522	0.01118	0.01564	0.00934	0.01225	0.00797	0.00619	0.04261	0.00178	0.00635	0.00426	0.00249	0.00752
3	0.00728	0.02706	0.00815	0.00932	0.12331	0.00591	0.00585	0.00885	0.01163	0.01434	0.05778	0.07923	0.59972	0.01162	0.00587	0.00170	0.00321	0.00984	0.00439	0.00496
4	0.18813	0.01343	0.06978	0.01057	0.01443	0.01370	0.00912	0.42078	0.11758	0.04070	0.01293	0.04418	0.00989	0.00628	0.00478	0.00160	0.00511	0.00474	0.00454	0.00774
5	0.01046	0.02550	0.73836	0.01528	0.05647	0.01195	0.01854	0.01651	0.03045	0.01641	0.00953	0.01113	0.00681	0.00491	0.00489	0.00162	0.00743	0.00388	0.00226	0.00762
6	0.01123	0.01123	0.01572	0.01347	0.01347	0.01572	0.01123	0.01235	0.00786	0.01235	0.00674	0.01123	0.00674	0.00898	0.01684	0.00225	0.81028	0.00449	0.00225	0.00561
7	0.00941	0.01508	0.31474	0.01306	0.05333	0.00914	0.12453	0.01351	0.01260	0.01811	0.33305	0.02284	0.02426	0.00712	0.00555	0.00163	0.00552	0.00646	0.00370	0.00637
8	0.01597	0.13597	0.09698	0.05206	0.14358	0.01164	0.04489	0.06958	0.03265	0.27584	0.01433	0.06073	0.01092	0.00603	0.00495	0.00155	0.00546	0.00510	0.00409	0.00768
9	0.01013	0.02567	0.76196	0.01433	0.02162	0.01161	0.01840	0.01589	0.01079	0.01612	0.00996	0.04269	0.00758	0.00532	0.00494	0.00164	0.00740	0.00422	0.00227	0.00745
10	0.00733	0.00550	0.00825	0.00825	0.00916	0.00641	0.00641	0.00916	0.00825	0.01191	0.01374	0.02016	0.01283	0.03848	0.79934	0.00825	0.01374	0.00550	0.00275	0.00458
11	0.01112	0.01117	0.04890	0.11188	0.42397	0.01076	0.08348	0.01451	0.03333	0.01597	0.01451	0.06481	0.04254	0.00667	0.00550	0.00170	0.00596	0.08320	0.00302	0.00699
12	0.01081	0.12520	0.65836	0.01426	0.02132	0.01302	0.05620	0.01615	0.01085	0.01574	0.00901	0.01066	0.00658	0.00479	0.00474	0.00156	0.00738	0.00378	0.00219	0.00742
13	0.00606	0.00520	0.00520	0.00520	0.00693	0.00433	0.00390	0.00736	0.01170	0.01386	0.05198	0.04938	0.78558	0.01299	0.00606	0.00173	0.00260	0.01083	0.00476	0.00433
14	0.00626	0.00471	0.00580	0.00657	0.00731	0.00425	0.00453	0.00735	0.01061	0.01373	0.07781	0.56020	0.24246	0.01491	0.00639	0.00196	0.00284	0.01325	0.00481	0.00425
15	0.01275	0.35646	0.12136	0.01853	0.26765	0.01568	0.10932	0.01574	0.01110	0.01468	0.00863	0.01072	0.00723	0.00450	0.00442	0.00138	0.00635	0.00389	0.00235	0.00725
16	0.02266	0.00932	0.01227	0.00941	0.01339	0.00841	0.00777	0.10236	0.01567	0.71248	0.01942	0.01693	0.01229	0.00633	0.00516	0.00158	0.00450	0.00510	0.00622	0.00873
17	0.00955	0.00601	0.00776	0.00702	0.00867	0.00563	0.00537	0.01261	0.05793	0.11737	0.64556	0.03462	0.04207	0.00977	0.00589	0.00162	0.00276	0.00856	0.00571	0.00552
18	0.03070	0.01185	0.01952	0.06527	0.61965	0.01266	0.01478	0.01510	0.01098	0.01607	0.00914	0.01243	0.00780	0.00526	0.00679	0.00164	0.12576	0.00452	0.00250	0.00758
19	0.85592	0.00992	0.00754	0.00675	0.00992	0.01151	0.00556	0.01508	0.00873	0.02302	0.00714	0.00834	0.00556	0.00476	0.00318	0.00159	0.00397	0.00278	0.00318	0.00556
20	0.01797	0.01361	0.01453	0.01150	0.01533	0.01519	0.00938	0.60122	0.19596	0.02986	0.01427	0.01387	0.01031	0.00634	0.00515	0.00159	0.00529	0.00489	0.00515	0.00859
21	0.01944	0.13832	0.09451	0.01138	0.01587	0.01414	0.01021	0.35369	0.01831	0.24822	0.01432	0.01419	0.01012	0.00636	0.00519	0.00165	0.00572	0.00468	0.00500	0.00868
22	0.01270	0.01219	0.02083	0.03149	0.78767	0.01219	0.01575	0.01575	0.01168	0.01676	0.00965	0.01270	0.00813	0.00457	0.00508	0.00152	0.00610	0.00457	0.00254	0.00813
23	0.01029	0.02654	0.79309	0.01462	0.02221	0.01192	0.01896	0.01625	0.01083	0.01625	0.00921	0.01083	0.00650	0.00487	0.00487	0.00162	0.00758	0.00379	0.00217	0.00758
24	0.01270	0.01219	0.02083	0.03149	0.78767	0.01219	0.01575	0.01575	0.01168	0.01676	0.00965	0.01270	0.00813	0.00457	0.00508	0.00152	0.00610	0.00457	0.00254	0.00813
25	0.00998	0.00941	0.01577	0.66383	0.14261	0.01123	0.01406	0.01326	0.01052	0.01367	0.01089	0.01495	0.03782	0.00536	0.00516	0.00168	0.00656	0.00481	0.00242	0.00600
26	0.00625	0.00447	0.00595	0.00714	0.00744	0.00417	0.00476	0.00714	0.00982	0.01310	0.02828	0.81633	0.03394	0.01608	0.00655	0.00208	0.00298	0.01459	0.00476	0.00417
27	0.02302	0.00873	0.01191	0.00913	0.01310	0.00754	0.00754	0.02501	0.01469	0.79122	0.02024	0.01746	0.01270	0.00635	0.00516	0.00159	0.00437	0.00516	0.00635	0.00873
28	0.01966	0.01338	0.01470	0.01135	0.01537	0.01454	0.00935	0.62418	0.06230	0.14111	0.01391	0.01342	0.00966	0.00623	0.00514	0.00156	0.00538	0.00476	0.00531	0.00870
29	0.01221	0.01341	0.02740	0.01990	0.02474	0.01294	0.65165	0.01811	0.13032	0.01721	0.01200	0.01466	0.00900	0.00473	0.00593	0.00173	0.00794	0.00602	0.00300	0.00711
30	0.00746	0.00497	0.00560	0.00560	0.00560	0.00497	0.00311	0.00746	0.00746	0.00995	0.01617	0.03358	0.01865	0.81967	0.02612	0.00497	0.00497	0.00746	0.00311	0.00311
31	0.00606	0.00520	0.00520	0.00520	0.00693	0.00433	0.00390	0.00736	0.01170	0.01386	0.05198	0.04938	0.78558	0.01299	0.00606	0.00173	0.00260	0.01083	0.00476	0.00433
32	0.64280	0.00994	0.00860	0.00723	0.01070	0.01077	0.00592	0.04925	0.01002	0.05906	0.00832	0.00932	0.00637	0.00475	0.00346	0.00145	0.00404	0.00302	0.00339	0.14160
33	0.01449	0.01535	0.01895	0.02607	0.56189	0.21366	0.01401	0.03164	0.02596	0.01607	0.00946	0.01192	0.00788	0.00483	0.00497	0.00148	0.00686	0.00427	0.00266	0.00758
34	0.00746	0.00497	0.00560	0.00560	0.00560	0.00497	0.00311	0.00746	0.00746	0.00995	0.01617	0.03358	0.01865	0.81967	0.02612	0.00497	0.00497	0.00746	0.00311	0.00311
35	0.00745	0.00501	0.00579	0.00579	0.00585	0.00508	0.00335	0.00758	0.00752	0.01009	0.01599	0.03262	0.01824	0.76374	0.08148	0.00521	0.00560	0.00732	0.00308	0.00321
36	0.01270	0.01219	0.02083	0.03149	0.78767	0.01219	0.01575	0.01575	0.01168	0.01676	0.00965	0.01270	0.00813	0.00457	0.00508	0.00152	0.00610	0.00457	0.00254	0.00813
37	0.01002	0.00904	0.01252	0.01109	0.01140	0.01209	0.00902	0.01135	0.00819	0.01275	0.00971	0.01515	0.00932	0.06111	0.18483	0.00360	0.51790	0.00490	0.08085	0.00517
38	0.00746	0.00497	0.00560	0.00560	0.00560	0.00497	0.00311	0.00746	0.00746	0.00995	0.01617	0.03358	0.01865	0.81967	0.02612	0.00497	0.00497	0.00746	0.00311	0.00311
39	0.01064	0.00912	0.01064	0.00760	0.01216	0.00684	0.00608	0.01292	0.01064	0.01672	0.00912	0.01064	0.00760	0.00380	0.00380	0.00076	0.00380	0.00304	0.00304	0.85104
40	0.04203	0.38586	0.12763	0.01109	0.02770	0.10225	0.01052	0.18490	0.03354	0.01789	0.00906	0.00997	0.00728	0.00503	0.00414	0.00133	0.00615	0.00348	0.00301	0.00716
41	0.00625	0.00447	0.00595	0.00714	0.00744	0.00417	0.00476	0.00714	0.00982	0.01310	0.02828	0.81633	0.03394	0.01608	0.00655	0.00208	0.00298	0.01459	0.00476	0.00417
42	0.01987	0.01053	0.01298	0.01037	0.01403	0.04991	0.03824	0.14502	0.05923	0.48096	0.01860	0.01990	0.01327	0.00695	0.00535	0.00165	0.00501	0.07441	0.00560	0.00811
43	0.01233	0.34768	0.42666	0.01216	0.01809	0.07319	0.01419	0.01620	0.01094	0.01429	0.00828	0.00967	0.00654	0.00471	0.00422	0.00139	0.00686	0.00333	0.00221	0.00706
44	0.01141	0.00868	0.01045	0.01058	0.05537	0.00949	0.00758	0.01898	0.37192	0.08545	0.02211	0.27121	0.02076	0.00993	0.00616	0.00186	0.03746	0.02898	0.00489	0.00673
45	0.02302	0.00873	0.01191	0.00913	0.01310	0.00754	0.00754	0.02501	0.01469	0.79122	0.02024	0.01746	0.01270	0.00635	0.00516	0.00159	0.00437	0.00516	0.00635	0.00873
46	0.00609	0.00509	0.00531	0.00548	0.00701	0.00431	0.00403	0.00733	0.01142	0.01375	0.04850	0.16186	0.67534	0.01345	0.00614	0.00178	0.00265	0.01138	0.00476	0.00431
47	0.01311	0.68224	0.16211	0.00981	0.01476	0.01882	0.01058	0.01552	0.01050	0.01281	0.00750	0.00869	0.00657	0.00448	0.00357	0.00119	0.00586	0.00293	0.00219	0.00676
48	0.05892	0.00932	0.01240	0.16643	0.01726	0.00934	0.00881	0.11107	0.01444	0.46580	0.01627	0.01576	0.01075	0.00599	0.00497	0.00158	0.00488	0.00484	0.05343	0.00776
49	0.01295	0.01375	0.02769	0.01998	0.02493	0.01329	0.64704	0.09935	0.05277	0.01843	0.01113	0.01395	0.00829	0.00466	0.00591	0.00171	0.00809	0.00589	0.00301	0.00718
50	0.00661	0.00461	0.00585	0.00669	0.00690	0.00440	0.00428	0.00724	0.00913	0.01218	0.02474	0.58739	0.02947	0.25111	0.01227	0.00293	0.00356	0.01250	0.00428	0.00386
51	0.01372	0.82276	0.02689	0.00878	0.01317	0.02030	0.00878	0.01536	0.01043	0.01207	0.00713	0.00823	0.00658	0.00439	0.00329	0.00110	0.00549	0.00274	0.00219	0.00658
52	0.00625	0.00447	0.00595	0.00714	0.00744	0.00417	0.00476	0.00714	0.00982	0.01310	0.02828	0.81633	0.03394	0.01608	0.00655	0.00208	0.00298	0.01459	0.00476	0.00417
53	0.00956	0.00478	0.00478	0.00478	0.00598	0.00478	0.00359	0.01196	0.01076	0.01913	0.01674	0.01913	0.01315	0.00598	0.00359	0.00120	0.00239	0.00478	0.84816	0.00478
54	0.01048	0.06948	0.75177	0.01431	0.02172	0.01237	0.01841	0.01620	0.01081	0.01602	0.00910	0.01069	0.00650	0.00485	0.00479	0.00160	0.00747	0.00374	0.00217	0.00753
55	0.01403	0.73921	0.06544	0.00910	0.01363	0.01920	0.00924	0.01592	0.01067	0.05312	0.00793	0.00885	0.00690	0.00452	0.00347	0.00115	0.00554	0.00292	0.00241	0.00675
56	0.01228	0.43971	0.32078	0.01103	0.01647	0.01606	0.01253	0.04527	0.01135	0.01494	0.05008	0.01102	0.00889	0.00498	0.00412	0.00135	0.00614	0.00357	0.00249	0.00696
57	0.01358	0.77666	0.02625	0.00905	0.01319	0.02004	0.00892	0.01519	0.01028	0.01209	0.00711	0.00840	0.00659	0.00465	0.00406	0.00116	0.05120	0.00284	0.00220	0.00653
58	0.01121	0.00900	0.00973	0.00885	0.01140	0.03220	0.00699	0.01869	0.34976	0.06379	0.09600	0.02942	0.14285	0.00878	0.00551	0.00169	0.00390	0.09977	0.00491	0.08555
59	0.01184	0.01321	0.02805	0.02030	0.02512	0.01251	0.68991	0.01653	0.05216	0.01653	0.01185	0.05532	0.00954	0.00507	0.00604	0.00175	0.00812	0.00648	0.00284	0.00684
60	0.00606	0.00520	0.00520	0.00520	0.00693	0.00433	0.00390	0.00736	0.01170	0.01386	0.05198	0.04938	0.78558	0.01299	0.00606	0.00173	0.00260	0.01083	0.00476	0.00433
61	0.00969	0.00912	0.01539	0.80734	0.03534	0.01140	0.01425	0.01311	0.01026	0.01311	0.00912	0.01368	0.00684	0.00513	0.00513	0.00171	0.00684	0.00456	0.00228	0.00570
62	0.00987	0.00930	0.01571	0.76189	0.07941	0.01145	0.01434	0.01326	0.01034	0.01332	0.00915	0.01362	0.00692	0.00510	0.00513	0.00170	0.00680	0.00456	0.00230	0.00584
63	0.01088	0.01165	0.02440	0.01817	0.02225	0.01096	0.57581	0.01456	0.01195	0.01616	0.04889	0.10336	0.01460	0.00685	0.00621	0.00183	0.00737	0.08461	0.00318	0.00631
64	0.02302	0.00873	0.01191	0.00913	0.01310	0.00754	0.00754	0.02501	0.01469	0.79122	0.02024	0.01746	0.01270	0.00635	0.00516	0.00159	0.00437	0.00516	0.00635	0.00873
65	0.00606	0.00520	0.00520	0.00520	0.00693	0.00433	0.00390	0.00736	0.01170	0.01386	0.05198	0.04938	0.78558	0.01299	0.00606	0.00173	0.00260	0.01083	0.00476	0.00433
66	0.01270	0.01219	0.02083	0.03149	0.78767	0.01219	0.01575	0.01575	0.01168	0.01676	0.00965	0.01270	0.00813	0.00457	0.00508	0.00152	0.00610	0.00457	0.00254	0.00813
67	0.01285	0.62108	0.22096	0.01026	0.01546	0.01818	0.01136	0.01559	0.01053	0.01313	0.00766	0.00889	0.00656	0.00451	0.00369	0.00123	0.00602	0.00301	0.00219	0.00684
68	0.00625	0.00447	0.00595	0.00714	0.00744	0.00417	0.00476	0.00714	0.00982	0.01310	0.02828	0.81633	0.03394	0.01608	0.00655	0.00208	0.00298	0.01459	0.00476	0.00417
69	0.01064	0.00912	0.01064	0.00760	0.01216	0.00684	0.00608	0.01292	0.01064	0.01672	0.00912	0.01064	0.00760	0.00380	0.00380	0.00076	0.00380	0.00304	0.00304	0.85104
70	0.01366	0.01332	0.02133	0.02267	0.34055	0.05737	0.23055	0.13069	0.04832	0.01885	0.01145	0.04653	0.00945	0.00537	0.00541	0.00161	0.00672	0.00541	0.00317	0.00758
71	0.00648	0.00459	0.00602	0.00698	0.00727	0.00440	0.00461	0.00730	0.00940	0.01258	0.02577	0.66182	0.03063	0.13304	0.05092	0.00282	0.00383	0.01308	0.00442	0.00404
72	0.05521	0.00506	0.00493	0.00489	0.00619	0.00515	0.00369	0.01212	0.01065	0.01934	0.01622	0.01855	0.01274	0.00591	0.00356	0.00122	0.00248	0.00467	0.80259	0.00482
73	0.01145	0.01185	0.02295	0.28739	0.21812	0.01225	0.32951	0.01515	0.01138	0.01540	0.00978	0.01350	0.00755	0.00466	0.00550	0.00167	0.00741	0.00519	0.00248	0.00681
74	0.25946	0.45146	0.14976	0.00917	0.01374	0.01632	0.00954	0.01543	0.01000	0.01598	0.00748	0.00870	0.00627	0.00458	0.00352	0.00133	0.00539	0.00293	0.00248	0.00645
75	0.01674	0.01598	0.01341	0.01158	0.01472	0.26489	0.00904	0.19172	0.33405	0.05201	0.01479	0.01438	0.01109	0.00622	0.00501	0.00156	0.00609	0.00471	0.00442	0.00759
76	0.02715	0.01129	0.02976	0.01526	0.20481	0.05111	0.00998	0.04891	0.18549	0.18524	0.09520	0.01742	0.01480	0.00643	0.00575	0.00160	0.04710	0.00531	0.00440	0.03299
77	0.09943	0.17996	0.54573	0.01260	0.01903	0.01359	0.01539	0.03128	0.01080	0.01647	0.00865	0.01009	0.00646	0.00479	0.00439	0.00152	0.00676	0.00350	0.00234	0.00720
78	0.01700	0.01437	0.01364	0.01179	0.01398	0.24206	0.00930	0.01869	0.04161	0.21765	0.01676	0.01773	0.09073	0.00806	0.00885	0.00188	0.23957	0.00530	0.00411	0.00693
79	0.01219	0.01046	0.01108	0.01001	0.01277	0.01198	0.00777	0.02548	0.70468	0.02111	0.06552	0.02143	0.04797	0.00740	0.00530	0.00173	0.00391	0.00620	0.00523	0.00779
80	0.01157	0.00913	0.01034	0.00801	0.01170	0.00808	0.00638	0.12308	0.06775	0.04659	0.06761	0.01964	0.13409	0.00634	0.00465	0.00118	0.00383	0.00517	0.00406	0.45080
81	0.01064	0.01009	0.01711	0.56249	0.27277	0.01165	0.01472	0.01394	0.01071	0.01426	0.00929	0.01337	0.00725	0.00495	0.00511	0.00165	0.00661	0.00456	0.00236	0.00647
82	0.00666	0.00526	0.00603	0.00594	0.00743	0.00462	0.00452	0.00847	0.01282	0.01661	0.34147	0.04548	0.45007	0.01207	0.00612	0.00172	0.00265	0.05238	0.00511	0.00456
83	0.52278	0.01088	0.01017	0.00838	0.01190	0.01205	0.00691	0.20789	0.01350	0.13724	0.01036	0.01067	0.00740	0.00535	0.00396	0.00158	0.00445	0.00359	0.00413	0.00682
84	0.01372	0.82276	0.02689	0.00878	0.01317	0.02030	0.00878	0.01536	0.01043	0.01207	0.00713	0.00823	0.00658	0.00439	0.00329	0.00110	0.00549	0.00274	0.00219	0.00658
85	0.00938	0.00792	0.00832	0.00779	0.01005	0.00823	0.00606	0.04565	0.31702	0.01770	0.03664	0.03638	0.40581	0.01039	0.00575	0.00176	0.00342	0.05075	0.00496	0.00603
86	0.00625	0.00447	0.00595	0.00714	0.00744	0.00417	0.00476	0.00714	0.00982	0.01310	0.02828	0.81633	0.03394	0.01608	0.00655	0.00208	0.00298	0.01459	0.00476	0.00417
87	0.02278	0.00879	0.01190	0.00916	0.01310	0.00767	0.00756	0.02506	0.03279	0.77298	0.02026	0.01750	0.01277	0.00637	0.00516	0.00159	0.00436	0.00518	0.00632	0.00872
88	0.01211	0.01384	0.03028	0.02163	0.02682	0.01298	0.76903	0.01644	0.01211	0.01644	0.01038	0.01384	0.00779	0.00433	0.00606	0.00173	0.00865	0.00606	0.00260	0.00692
89	0.00625	0.00447	0.00595	0.00714	0.00744	0.00417	0.00476	0.00714	0.00982	0.01310	0.02828	0.81633	0.03394	0.01608	0.00655	0.00208	0.00298	0.01459	0.00476	0.00417
90	0.00625	0.00447	0.00595	0.00714	0.00744	0.00417	0.00476	0.00714	0.00982	0.01310	0.02828	0.81633	0.03394	0.01608	0.00655	0.00208	0.00298	0.01459	0.00476	0.00417
91	0.05441	0.00864	0.00779	0.00813	0.04862	0.12066	0.00564	0.01060	0.02317	0.01480	0.10100	0.08997	0.43353	0.04281	0.00646	0.00180	0.00394	0.00890	0.00427	0.00487
92	0.01186	0.00743	0.00902	0.00853	0.01042	0.00753	0.00638	0.05672	0.19322	0.16943	0.06708	0.38365	0.02491	0.01116	0.00586	0.00185	0.00362	0.00982	0.00525	0.00628
93	0.01370	0.39634	0.28212	0.01134	0.01675	0.01662	0.01239	0.16405	0.01325	0.01746	0.00885	0.00991	0.00698	0.00490	0.00419	0.00136	0.00622	0.00346	0.00276	0.00734

[dist]
# distance from previous block
# <min> <max>
0	1

[block]
# block no. 3 follows, 48 sequences, length 60
# corresponding to MSA columns:
# 452-511
name=unknown_D
#
# <colnr> <probs for GDERKNQSTAVLIFYWHMCP>
#	G	D	E	R	K	N	Q	S	T	A	V	L	I	F	Y	W	H	M	C	P
0	0.07429	0.00997	0.01358	0.01022	0.01418	0.00910	0.11282	0.11326	0.01376	0.18291	0.10443	0.01588	0.01357	0.00558	0.00480	0.00133	0.00468	0.00484	0.00427	0.28655
1	0.03101	0.01122	0.01161	0.01013	0.01302	0.06779	0.00793	0.13809	0.36396	0.14091	0.03203	0.10749	0.01609	0.00777	0.00531	0.00170	0.00458	0.01670	0.00511	0.00756
2	0.01029	0.02654	0.79309	0.01462	0.02221	0.01192	0.01896	0.01625	0.01083	0.01625	0.00921	0.01083	0.00650	0.00487	0.00487	0.00162	0.00758	0.00379	0.00217	0.00758
3	0.00647	0.00465	0.00624	0.00713	0.00760	0.00442	0.00489	0.00764	0.01035	0.01403	0.13027	0.65311	0.03439	0.01693	0.06352	0.00246	0.00368	0.01321	0.00474	0.00429
4	0.01147	0.01098	0.02150	0.01632	0.01983	0.01069	0.45282	0.01502	0.04278	0.07067	0.01548	0.20322	0.01455	0.00766	0.00680	0.00184	0.06067	0.00789	0.00346	0.00636
5	0.01177	0.01323	0.02861	0.02055	0.02546	0.01240	0.71470	0.01596	0.01228	0.01673	0.06545	0.01558	0.01067	0.00476	0.00606	0.00172	0.00821	0.00628	0.00281	0.00677
6	0.00726	0.00524	0.00686	0.00646	0.00767	0.00484	0.00484	0.00968	0.01452	0.02058	0.78496	0.03833	0.04841	0.01049	0.00605	0.00161	0.00242	0.00928	0.00565	0.00484
7	0.01557	0.01860	0.01556	0.01354	0.01550	0.46454	0.06465	0.01709	0.01203	0.01273	0.00818	0.01092	0.00717	0.00862	0.06469	0.00210	0.23615	0.00399	0.00253	0.00583
8	0.01371	0.01600	0.01661	0.01382	0.01652	0.35858	0.22315	0.01570	0.01239	0.01358	0.01335	0.17639	0.01336	0.06511	0.00695	0.00185	0.00750	0.00667	0.00309	0.00566
9	0.01971	0.01405	0.01520	0.01165	0.01575	0.01543	0.00962	0.72733	0.02358	0.07633	0.01278	0.01262	0.00896	0.00617	0.00513	0.00154	0.00557	0.00465	0.00520	0.00873
10	0.00625	0.00447	0.00595	0.00714	0.00744	0.00417	0.00476	0.00714	0.00982	0.01310	0.02828	0.81633	0.03394	0.01608	0.00655	0.00208	0.00298	0.01459	0.00476	0.00417
11	0.00918	0.00869	0.01612	0.01519	0.11181	0.00826	0.26151	0.01162	0.01102	0.01487	0.02027	0.37144	0.03389	0.01050	0.00624	0.00191	0.00540	0.07267	0.00376	0.00563
12	0.01479	0.01109	0.01425	0.01167	0.01504	0.01188	0.10691	0.13334	0.40023	0.13895	0.01866	0.07075	0.01440	0.00702	0.00540	0.00171	0.00486	0.00615	0.00501	0.00788
13	0.00630	0.00486	0.00576	0.00628	0.00726	0.00432	0.00443	0.00755	0.01116	0.01433	0.13126	0.41232	0.33749	0.01415	0.00629	0.00188	0.00276	0.01242	0.00487	0.00432
14	0.01421	0.00825	0.00952	0.00791	0.01069	0.00791	0.00626	0.16841	0.03247	0.25245	0.05240	0.03006	0.29994	0.06743	0.00702	0.00188	0.00395	0.00745	0.00524	0.00657
15	0.01270	0.01219	0.02083	0.03149	0.78767	0.01219	0.01575	0.01575	0.01168	0.01676	0.00965	0.01270	0.00813	0.00457	0.00508	0.00152	0.00610	0.00457	0.00254	0.00813
16	0.00734	0.00557	0.00748	0.00802	0.02438	0.00585	0.00580	0.00865	0.00940	0.01265	0.02351	0.20851	0.11700	0.15615	0.24473	0.00438	0.03972	0.10280	0.00374	0.00434
17	0.01372	0.82276	0.02689	0.00878	0.01317	0.02030	0.00878	0.01536	0.01043	0.01207	0.00713	0.00823	0.00658	0.00439	0.00329	0.00110	0.00549	0.00274	0.00219	0.00658
18	0.01746	0.00950	0.01154	0.00915	0.01291	0.00896	0.00738	0.04690	0.21124	0.39445	0.01782	0.01638	0.01231	0.00598	0.00487	0.00145	0.00417	0.00487	0.02290	0.17976
19	0.01020	0.00900	0.01421	0.01988	0.40891	0.00892	0.01095	0.01313	0.03873	0.01680	0.14292	0.12861	0.04609	0.00860	0.00572	0.00173	0.00473	0.10057	0.00378	0.00653
20	0.50167	0.01108	0.01048	0.00995	0.06731	0.03214	0.00736	0.19060	0.01287	0.03967	0.01032	0.06723	0.00867	0.00592	0.00409	0.00160	0.00459	0.00424	0.00375	0.00646
21	0.01681	0.01102	0.01240	0.01031	0.01372	0.01190	0.00825	0.18334	0.40259	0.22810	0.03265	0.01760	0.01400	0.00669	0.00520	0.00166	0.00445	0.00544	0.00551	0.00835
22	0.00776	0.00509	0.00650	0.00683	0.00785	0.00461	0.00486	0.00914	0.01155	0.07572	0.19903	0.45744	0.15717	0.01358	0.00625	0.00188	0.00290	0.01207	0.00508	0.00470
23	0.01508	0.01085	0.01249	0.01168	0.06545	0.01190	0.00861	0.06698	0.53984	0.16842	0.01954	0.01802	0.01421	0.00664	0.00520	0.00169	0.00434	0.00553	0.00525	0.00827
24	0.85592	0.00992	0.00754	0.00675	0.00992	0.01151	0.00556	0.01508	0.00873	0.02302	0.00714	0.00834	0.00556	0.00476	0.00318	0.00159	0.00397	0.00278	0.00318	0.00556
25	0.00627	0.00489	0.00570	0.00616	0.00723	0.00432	0.00437	0.00752	0.01120	0.01426	0.12083	0.37580	0.38508	0.01404	0.00627	0.00187	0.00274	0.01227	0.00486	0.00432
26	0.00736	0.00499	0.00557	0.00557	0.00569	0.00493	0.00317	0.00745	0.00776	0.01023	0.01871	0.03470	0.07318	0.76232	0.02469	0.00474	0.00481	0.00770	0.00323	0.00320
27	0.01589	0.01391	0.01843	0.01409	0.01792	0.05973	0.20546	0.39671	0.06206	0.02410	0.01387	0.01489	0.05139	0.00625	0.00618	0.00165	0.06042	0.00532	0.00412	0.00761
28	0.01211	0.01384	0.03028	0.02163	0.02682	0.01298	0.76903	0.01644	0.01211	0.01644	0.01038	0.01384	0.00779	0.00433	0.00606	0.00173	0.00865	0.00606	0.00260	0.00692
29	0.00606	0.00520	0.00520	0.00520	0.00693	0.00433	0.00390	0.00736	0.01170	0.01386	0.05198	0.04938	0.78558	0.01299	0.00606	0.00173	0.00260	0.01083	0.00476	0.00433
30	0.05677	0.00992	0.01180	0.01208	0.11954	0.02441	0.00825	0.12418	0.22370	0.07933	0.22421	0.02257	0.04639	0.00747	0.00532	0.00162	0.00419	0.00631	0.00487	0.00707
31	0.12314	0.01238	0.01578	0.01255	0.01625	0.02954	0.16289	0.18536	0.31641	0.04972	0.01482	0.01492	0.01096	0.00591	0.00509	0.00166	0.00545	0.00513	0.00439	0.00766
32	0.79532	0.06840	0.00893	0.00689	0.01016	0.01214	0.00579	0.01510	0.00885	0.02223	0.00714	0.00833	0.00563	0.00474	0.00318	0.00155	0.00408	0.00278	0.00310	0.00563
33	0.01328	0.72023	0.12555	0.00953	0.01433	0.01922	0.01009	0.01548	0.01048	0.01261	0.00740	0.00857	0.00657	0.00445	0.00350	0.00117	0.00576	0.00288	0.00219	0.00671
34	0.01029	0.02654	0.79309	0.01462	0.02221	0.01192	0.01896	0.01625	0.01083	0.01625	0.00921	0.01083	0.00650	0.00487	0.00487	0.00162	0.00758	0.00379	0.00217	0.00758
35	0.01295	0.01219	0.01417	0.01161	0.01500	0.10922	0.12127	0.02043	0.33301	0.04627	0.01587	0.07272	0.01296	0.00637	0.00508	0.00151	0.00528	0.00559	0.00408	0.17441
36	0.06099	0.01027	0.01080	0.00975	0.01247	0.01175	0.00758	0.02446	0.64271	0.02145	0.11118	0.02080	0.01898	0.00725	0.00520	0.00172	0.00386	0.00604	0.00515	0.00758
37	0.00969	0.00912	0.01539	0.80734	0.03534	0.01140	0.01425	0.01311	0.01026	0.01311	0.00912	0.01368	0.00684	0.00513	0.00513	0.00171	0.00684	0.00456	0.00228	0.00570
38	0.00898	0.05855	0.41157	0.01093	0.01519	0.00929	0.01216	0.01246	0.00989	0.01410	0.01438	0.17863	0.01441	0.13065	0.07397	0.00273	0.00666	0.00662	0.00288	0.00593
39	0.01052	0.00996	0.01688	0.59442	0.24180	0.01162	0.01466	0.01383	0.01065	0.01411	0.00927	0.01341	0.00719	0.00498	0.00512	0.00166	0.00664	0.00456	0.00235	0.00637
40	0.01184	0.00767	0.00718	0.00650	0.00827	0.05998	0.00502	0.13669	0.01320	0.02085	0.01542	0.01735	0.01199	0.00596	0.00391	0.00126	0.00339	0.00466	0.65336	0.00551
41	0.00696	0.00476	0.00574	0.00624	0.00636	0.00464	0.00379	0.00733	0.00844	0.01125	0.02119	0.35790	0.02499	0.48671	0.01801	0.00378	0.00415	0.01041	0.00379	0.00355
42	0.01219	0.01458	0.12089	0.02582	0.41712	0.01244	0.28816	0.01606	0.01173	0.01658	0.00986	0.01288	0.00780	0.00452	0.00541	0.00161	0.00720	0.00501	0.00251	0.00762
43	0.00745	0.00502	0.00580	0.00580	0.00588	0.00509	0.00337	0.00759	0.00752	0.01010	0.01598	0.03253	0.01820	0.75859	0.08657	0.00523	0.00566	0.00731	0.00308	0.00322
44	0.00617	0.00515	0.00538	0.00544	0.00702	0.00436	0.00403	0.00753	0.01178	0.01433	0.10758	0.10370	0.67387	0.01302	0.00610	0.00175	0.00261	0.01098	0.00483	0.00436
45	0.07925	0.01577	0.01378	0.01156	0.01477	0.34011	0.06246	0.05873	0.01417	0.26345	0.01357	0.06653	0.01051	0.00629	0.00495	0.00152	0.00666	0.00488	0.00413	0.00690
46	0.01584	0.01743	0.01439	0.01254	0.01553	0.36987	0.06309	0.04739	0.35280	0.01741	0.01398	0.01406	0.01077	0.00599	0.00501	0.00154	0.00680	0.00465	0.00386	0.00707
47	0.01329	0.01351	0.01965	0.08503	0.63695	0.11061	0.01491	0.01615	0.01194	0.01597	0.00940	0.01234	0.00784	0.00470	0.00503	0.00151	0.00654	0.00441	0.00253	0.00768
48	0.00659	0.00475	0.00571	0.00632	0.00678	0.00444	0.00410	0.00728	0.00944	0.01227	0.02885	0.43763	0.16513	0.26196	0.01246	0.00291	0.00352	0.01172	0.00426	0.00387
49	0.00771	0.00609	0.00854	0.06600	0.06635	0.00598	0.01957	0.00943	0.01092	0.01431	0.08697	0.22803	0.15968	0.10330	0.00854	0.00230	0.00409	0.18323	0.00426	0.00470
50	0.01429	0.01249	0.01767	0.02153	0.39098	0.06782	0.06664	0.02015	0.21019	0.10482	0.01367	0.01474	0.01046	0.00542	0.00516	0.00159	0.00578	0.00497	0.00367	0.00795
51	0.01057	0.00683	0.00844	0.00861	0.01020	0.03552	0.00692	0.01277	0.03641	0.14338	0.02655	0.21133	0.09099	0.01435	0.06273	0.00248	0.00489	0.29687	0.00480	0.00538
52	0.55245	0.06852	0.18352	0.00899	0.01329	0.01250	0.00904	0.06907	0.01041	0.02145	0.00797	0.00917	0.00606	0.00486	0.00370	0.00156	0.00499	0.00313	0.00303	0.00630
53	0.01167	0.01034	0.01420	0.01140	0.07008	0.00870	0.10255	0.07280	0.01195	0.01791	0.00957	0.01132	0.00775	0.00411	0.00428	0.00100	0.00472	0.00365	0.00311	0.61890
54	0.01241	0.07699	0.37560	0.01349	0.01891	0.06092	0.08668	0.03232	0.21529	0.03849	0.01255	0.01325	0.00928	0.00543	0.00497	0.00161	0.00658	0.00449	0.00321	0.00754
55	0.00709	0.00540	0.00654	0.00623	0.00763	0.00493	0.00468	0.00956	0.03600	0.01876	0.56142	0.04080	0.24989	0.01107	0.00603	0.00165	0.00252	0.00960	0.00539	0.00480
56	0.00859	0.02378	0.00883	0.00785	0.00953	0.00662	0.04939	0.06014	0.01213	0.01563	0.08349	0.16551	0.35325	0.10348	0.06493	0.00271	0.00458	0.00989	0.00456	0.00510
57	0.06979	0.01114	0.01155	0.01027	0.01326	0.01286	0.00804	0.06954	0.68297	0.02220	0.01946	0.01802	0.01458	0.00677	0.00508	0.00172	0.00415	0.00553	0.00508	0.00798
58	0.01232	0.01302	0.07602	0.08240	0.68206	0.01212	0.01588	0.01561	0.01153	0.01648	0.00958	0.01263	0.00792	0.00463	0.00507	0.00154	0.00625	0.00451	0.00250	0.00793
59	0.01064	0.08744	0.56123	0.01264	0.01883	0.01138	0.01529	0.01562	0.02570	0.04058	0.05907	0.05344	0.01094	0.00578	0.00486	0.00156	0.00649	0.00464	0.00275	0.05110

[dist]
# distance from previous block
# <min> <max>
0	1

[block]
# block no. 4 follows, 48 sequences, length 11
# corresponding to MSA columns:
# 513-523
name=unknown_E
#
# <colnr> <probs for GDERKNQSTAVLIFYWHMCP>
#	G	D	E	R	K	N	Q	S	T	A	V	L	I	F	Y	W	H	M	C	P
0	0.00654	0.00518	0.00588	0.00578	0.00724	0.00452	0.00431	0.00825	0.01270	0.01642	0.33438	0.08392	0.46231	0.01218	0.00608	0.00170	0.00255	0.01042	0.00511	0.00452
1	0.01029	0.02654	0.79309	0.01462	0.02221	0.01192	0.01896	0.01625	0.01083	0.01625	0.00921	0.01083	0.00650	0.00487	0.00487	0.00162	0.00758	0.00379	0.00217	0.00758
2	0.01335	0.45287	0.27534	0.01130	0.01649	0.12481	0.01226	0.01636	0.01113	0.01350	0.00792	0.00922	0.00656	0.00467	0.00399	0.00130	0.00669	0.00316	0.00225	0.00682
3	0.00713	0.00499	0.00638	0.00667	0.00698	0.00516	0.00438	0.00783	0.00824	0.01123	0.01848	0.22031	0.02084	0.41961	0.22402	0.00513	0.00679	0.00868	0.00342	0.00375
4	0.00658	0.00543	0.00581	0.00578	0.00739	0.00480	0.00431	0.00866	0.04871	0.01520	0.16111	0.10169	0.58139	0.01254	0.00606	0.00174	0.00267	0.01062	0.00492	0.00458
5	0.00794	0.00626	0.00702	0.00653	0.00830	0.00593	0.00498	0.06066	0.07039	0.01837	0.34284	0.04021	0.37933	0.01108	0.00593	0.00167	0.00284	0.00942	0.00518	0.00511
6	0.05557	0.11486	0.30533	0.01366	0.09825	0.01231	0.01295	0.10058	0.01317	0.20751	0.01194	0.01238	0.00840	0.00528	0.00472	0.00153	0.00600	0.00412	0.00361	0.00783
7	0.01054	0.02479	0.68804	0.01559	0.02284	0.01206	0.12225	0.01628	0.01101	0.01628	0.00937	0.01125	0.00668	0.00480	0.00504	0.00164	0.00773	0.00410	0.00223	0.00749
8	0.00640	0.00507	0.00575	0.00587	0.00721	0.00443	0.00429	0.00790	0.01205	0.01540	0.23050	0.18930	0.46178	0.01294	0.00615	0.00177	0.00262	0.01114	0.00498	0.00443
9	0.01320	0.01314	0.02034	0.03008	0.72814	0.07288	0.01530	0.01611	0.01190	0.01644	0.00952	0.01243	0.00801	0.00463	0.00504	0.00151	0.00634	0.00447	0.00255	0.00796
10	0.01327	0.01203	0.01915	0.02711	0.62938	0.01221	0.01419	0.11929	0.01359	0.01916	0.06171	0.01436	0.01090	0.00519	0.00515	0.00153	0.00579	0.00489	0.00310	0.00799

[dist]
# distance from previous block
# <min> <max>
0	1

[block]
# block no. 5 follows, 48 sequences, length 44
# corresponding to MSA columns:
# 525-568
name=unknown_F
#
# <colnr> <probs for GDERKNQSTAVLIFYWHMCP>
#	G	D	E	R	K	N	Q	S	T	A	V	L	I	F	Y	W	H	M	C	P
0	0.01143	0.00667	0.00790	0.00728	0.00944	0.00614	0.00555	0.01437	0.10156	0.22312	0.03483	0.19927	0.32967	0.01116	0.00583	0.00177	0.00332	0.00952	0.00524	0.00592
1	0.00820	0.00599	0.00736	0.00790	0.00886	0.00608	0.00556	0.03178	0.14470	0.03611	0.02634	0.63364	0.02949	0.01395	0.00624	0.00200	0.00328	0.01253	0.00490	0.00511
2	0.01157	0.01224	0.06317	0.01772	0.09712	0.01113	0.38626	0.10218	0.01287	0.01754	0.01464	0.20034	0.01395	0.00733	0.00590	0.00176	0.00666	0.00760	0.00337	0.00665
3	0.01372	0.82276	0.02689	0.00878	0.01317	0.02030	0.00878	0.01536	0.01043	0.01207	0.00713	0.00823	0.00658	0.00439	0.00329	0.00110	0.00549	0.00274	0.00219	0.00658
4	0.00726	0.00524	0.00686	0.00646	0.00767	0.00484	0.00484	0.00968	0.01452	0.02058	0.78496	0.03833	0.04841	0.01049	0.00605	0.00161	0.00242	0.00928	0.00565	0.00484
5	0.01591	0.01378	0.01330	0.01125	0.01455	0.10563	0.00891	0.29118	0.42065	0.02430	0.01632	0.01556	0.01214	0.00648	0.00512	0.00162	0.00523	0.00509	0.00489	0.00808
6	0.02212	0.01017	0.01280	0.00981	0.01382	0.00968	0.00811	0.21543	0.01710	0.59739	0.01822	0.01615	0.01169	0.00630	0.00515	0.00158	0.00469	0.00502	0.00604	0.00873
7	0.01352	0.77592	0.07196	0.00912	0.01370	0.01981	0.00938	0.01542	0.01045	0.01232	0.00726	0.00838	0.00658	0.00442	0.00339	0.00113	0.00561	0.00281	0.00219	0.00664
8	0.01029	0.02654	0.79309	0.01462	0.02221	0.01192	0.01896	0.01625	0.01083	0.01625	0.00921	0.01083	0.00650	0.00487	0.00487	0.00162	0.00758	0.00379	0.00217	0.00758
9	0.00746	0.00497	0.00560	0.00560	0.00560	0.00497	0.00311	0.00746	0.00746	0.00995	0.01617	0.03358	0.01865	0.81967	0.02612	0.00497	0.00497	0.00746	0.00311	0.00311
10	0.01150	0.01204	0.02026	0.01602	0.01764	0.01486	0.24769	0.01362	0.00919	0.01362	0.00787	0.01204	0.00706	0.00753	0.01347	0.00208	0.56015	0.00498	0.00235	0.00602
11	0.00802	0.00801	0.05734	0.01062	0.01237	0.00700	0.14835	0.01046	0.04422	0.01425	0.02284	0.55955	0.02581	0.01261	0.00661	0.00198	0.02904	0.01166	0.00415	0.00510
12	0.00941	0.00480	0.00480	0.00480	0.00602	0.00476	0.00360	0.01175	0.01080	0.01890	0.01830	0.02047	0.04729	0.00629	0.00370	0.00122	0.00240	0.00505	0.81088	0.00476
13	0.00805	0.00583	0.00796	0.00902	0.01026	0.00575	0.00783	0.01030	0.01180	0.01521	0.02966	0.05703	0.10539	0.01406	0.00698	0.00230	0.00451	0.67865	0.00473	0.00469
14	0.01639	0.01512	0.01609	0.01305	0.01660	0.19180	0.12842	0.19360	0.25742	0.07633	0.01429	0.01438	0.01057	0.00594	0.00519	0.00159	0.00635	0.00496	0.00428	0.00762
15	0.00632	0.00528	0.00556	0.00569	0.00736	0.00452	0.00441	0.00774	0.01171	0.01404	0.04908	0.05037	0.69737	0.01313	0.00618	0.00181	0.00285	0.09744	0.00476	0.00438
16	0.00625	0.00447	0.00595	0.00714	0.00744	0.00417	0.00476	0.00714	0.00982	0.01310	0.02828	0.81633	0.03394	0.01608	0.00655	0.00208	0.00298	0.01459	0.00476	0.00417
17	0.43246	0.01377	0.01083	0.00927	0.01255	0.19784	0.00741	0.11537	0.01293	0.13007	0.00985	0.01035	0.00722	0.00529	0.00405	0.00152	0.00549	0.00348	0.00375	0.00651
18	0.01709	0.01248	0.01990	0.01543	0.05086	0.01260	0.27212	0.24550	0.01613	0.21830	0.01324	0.01411	0.00928	0.00567	0.00612	0.00166	0.05208	0.00524	0.00429	0.00790
19	0.01276	0.01102	0.01160	0.01044	0.01334	0.01276	0.00812	0.02727	0.77840	0.02146	0.02088	0.01914	0.01566	0.00696	0.00522	0.00174	0.00406	0.00580	0.00522	0.00812
20	0.01270	0.01219	0.02083	0.03149	0.78767	0.01219	0.01575	0.01575	0.01168	0.01676	0.00965	0.01270	0.00813	0.00457	0.00508	0.00152	0.00610	0.00457	0.00254	0.00813
21	0.00634	0.00453	0.00606	0.00725	0.00758	0.00424	0.00492	0.00730	0.00991	0.01320	0.02823	0.78280	0.03374	0.01599	0.00657	0.00210	0.00305	0.04723	0.00476	0.00419
22	0.61585	0.01120	0.00980	0.00820	0.01164	0.01277	0.00676	0.23192	0.01315	0.02570	0.00863	0.00948	0.00647	0.00516	0.00374	0.00157	0.00445	0.00331	0.00374	0.00647
23	0.01557	0.01456	0.01761	0.02152	0.39259	0.13292	0.01257	0.22648	0.07890	0.02083	0.01106	0.01260	0.00868	0.00532	0.00504	0.00152	0.00628	0.00449	0.00350	0.00796
24	0.01294	0.01111	0.01170	0.01048	0.01341	0.01285	0.00817	0.04707	0.75830	0.02175	0.02066	0.01896	0.01548	0.00694	0.00522	0.00173	0.00410	0.00577	0.00522	0.00814
25	0.00842	0.00568	0.00692	0.05342	0.00951	0.00514	0.00523	0.00995	0.01182	0.10503	0.11535	0.21796	0.40210	0.01221	0.00601	0.00178	0.00312	0.01050	0.00489	0.00494
26	0.01178	0.01030	0.01199	0.01186	0.10295	0.01072	0.00823	0.02118	0.45707	0.01927	0.01916	0.01866	0.06931	0.00640	0.00494	0.00149	0.00413	0.00539	0.00438	0.20077
27	0.85592	0.00992	0.00754	0.00675	0.00992	0.01151	0.00556	0.01508	0.00873	0.02302	0.00714	0.00834	0.00556	0.00476	0.00318	0.00159	0.00397	0.00278	0.00318	0.00556
28	0.01133	0.01153	0.01742	0.01442	0.01503	0.01540	0.09965	0.01283	0.00835	0.01283	0.00716	0.01153	0.00686	0.00844	0.01558	0.00219	0.71675	0.00467	0.00229	0.00577
29	0.01729	0.00939	0.01405	0.01079	0.01434	0.00875	0.12684	0.10714	0.01535	0.40454	0.19279	0.02107	0.01964	0.00696	0.00550	0.00161	0.00474	0.00618	0.00546	0.00756
30	0.01029	0.02654	0.79309	0.01462	0.02221	0.01192	0.01896	0.01625	0.01083	0.01625	0.00921	0.01083	0.00650	0.00487	0.00487	0.00162	0.00758	0.00379	0.00217	0.00758
31	0.00634	0.00453	0.00606	0.00725	0.00759	0.00425	0.00493	0.00731	0.00992	0.01320	0.02823	0.78116	0.03373	0.01599	0.00657	0.00210	0.00306	0.04883	0.00476	0.00419
32	0.00726	0.00524	0.00686	0.00646	0.00767	0.00484	0.00484	0.00968	0.01452	0.02058	0.78496	0.03833	0.04841	0.01049	0.00605	0.00161	0.00242	0.00928	0.00565	0.00484
33	0.01458	0.01287	0.01844	0.03505	0.37366	0.08862	0.10064	0.01948	0.14641	0.11882	0.01291	0.01427	0.00984	0.00527	0.00519	0.00158	0.00613	0.00491	0.00352	0.00781
34	0.00621	0.00465	0.00577	0.00666	0.00732	0.00421	0.00455	0.00720	0.01029	0.01329	0.03412	0.62726	0.21923	0.01532	0.00643	0.00200	0.00288	0.01366	0.00476	0.00421
35	0.02091	0.00811	0.01079	0.00845	0.01198	0.00711	0.00692	0.02296	0.01407	0.66990	0.01969	0.01773	0.01277	0.00629	0.00491	0.00153	0.00406	0.00510	0.13863	0.00811
36	0.01290	0.00839	0.01092	0.01134	0.10921	0.00843	0.00769	0.01836	0.21856	0.19578	0.21033	0.10353	0.04549	0.00848	0.00555	0.00168	0.00383	0.00738	0.00519	0.00695
37	0.01040	0.02475	0.70238	0.01449	0.02119	0.01236	0.01806	0.01579	0.01049	0.01579	0.00892	0.01088	0.00653	0.00535	0.00627	0.00170	0.10124	0.00387	0.00218	0.00735
38	0.01211	0.01384	0.03028	0.02163	0.02682	0.01298	0.76903	0.01644	0.01211	0.01644	0.01038	0.01384	0.00779	0.00433	0.00606	0.00173	0.00865	0.00606	0.00260	0.00692
39	0.01972	0.00805	0.01098	0.00890	0.01227	0.00708	0.00736	0.02179	0.01433	0.62337	0.09778	0.02427	0.01825	0.00768	0.00547	0.00168	0.00421	0.09285	0.00609	0.00787
40	0.01285	0.37995	0.36193	0.01186	0.01745	0.10749	0.01338	0.01635	0.01108	0.01396	0.00814	0.00949	0.00655	0.00471	0.00414	0.00136	0.00685	0.00327	0.00223	0.00695
41	0.00685	0.00507	0.00660	0.00729	0.00812	0.00455	0.00506	0.00796	0.01000	0.01361	0.02600	0.69108	0.03068	0.01456	0.00625	0.00194	0.00314	0.04365	0.00456	0.10301
42	0.07542	0.06461	0.22752	0.01207	0.01608	0.36883	0.01142	0.03904	0.01316	0.01581	0.09897	0.01305	0.01144	0.00572	0.00470	0.00145	0.00731	0.00411	0.00295	0.00635
43	0.01804	0.01522	0.10398	0.01111	0.01494	0.16705	0.00965	0.19295	0.09132	0.25098	0.01453	0.01500	0.01050	0.05383	0.00625	0.00174	0.00601	0.00471	0.00455	0.00765

[dist]
# distance from previous block
# <min> <max>
1	7

[block]
# block no. 6 follows, 48 sequences, length 51
# corresponding to MSA columns:
# 576-626
name=unknown_G
#
# <colnr> <probs for GDERKNQSTAVLIFYWHMCP>
#	G	D	E	R	K	N	Q	S	T	A	V	L	I	F	Y	W	H	M	C	P
0	0.01898	0.06562	0.06435	0.00973	0.01362	0.00950	0.00855	0.03510	0.12723	0.50870	0.01905	0.01927	0.01338	0.00673	0.00515	0.00163	0.00465	0.05510	0.00550	0.00815
1	0.01380	0.00892	0.01032	0.00856	0.01126	0.00899	0.00682	0.27405	0.01722	0.14769	0.24706	0.05955	0.14611	0.00896	0.00561	0.00162	0.00390	0.00747	0.00541	0.00670
2	0.01406	0.50184	0.22852	0.01038	0.01556	0.01636	0.01132	0.01689	0.01111	0.11780	0.00945	0.01016	0.00738	0.00478	0.00396	0.00130	0.00589	0.00335	0.00275	0.00714
3	0.01372	0.82276	0.02689	0.00878	0.01317	0.02030	0.00878	0.01536	0.01043	0.01207	0.00713	0.00823	0.00658	0.00439	0.00329	0.00110	0.00549	0.00274	0.00219	0.00658
4	0.01104	0.19949	0.62666	0.01336	0.02024	0.01374	0.01675	0.01606	0.01074	0.01534	0.00876	0.01027	0.00652	0.00477	0.00453	0.00151	0.00713	0.00356	0.00217	0.00737
5	0.00948	0.00818	0.00877	0.00802	0.00990	0.03846	0.00620	0.04183	0.20831	0.01837	0.26150	0.03285	0.25387	0.00988	0.00648	0.00171	0.05739	0.00813	0.00491	0.00576
6	0.00723	0.00522	0.00670	0.00635	0.00749	0.00483	0.00468	0.00944	0.01393	0.01958	0.70261	0.03846	0.07651	0.06573	0.00742	0.00185	0.00260	0.00922	0.00544	0.00470
7	0.00966	0.02193	0.62240	0.01302	0.01908	0.01060	0.01596	0.01457	0.01021	0.01514	0.01039	0.01397	0.00836	0.07696	0.11331	0.00279	0.00819	0.00433	0.00232	0.00681
8	0.00919	0.00823	0.01314	0.63308	0.02909	0.00990	0.01198	0.01224	0.01049	0.01371	0.01551	0.01893	0.11193	0.00626	0.00513	0.00167	0.00590	0.00542	0.07277	0.00544
