[name]
unknown

[dist]
# distance from previous block
# <min> <max>
3	43

[block]
# block no. 0 follows, 55 sequences, length 6
# corresponding to MSA columns:
# 48-53
name=unknown_A
#
# <colnr> <probs for GDERKNQSTAVLIFYWHMCP>
#	G	D	E	R	K	N	Q	S	T	A	V	L	I	F	Y	W	H	M	C	P
0	0.09860	0.04352	0.01149	0.00966	0.05386	0.06055	0.04200	0.18682	0.04731	0.05828	0.20701	0.05450	0.01764	0.00642	0.00457	0.00136	0.00421	0.00533	0.00398	0.08288
1	0.01157	0.09408	0.32567	0.01851	0.32402	0.01130	0.04659	0.01520	0.01045	0.08593	0.00927	0.01091	0.00703	0.00437	0.00442	0.00139	0.00595	0.00382	0.00245	0.00705
2	0.01191	0.12676	0.27197	0.01817	0.32115	0.10043	0.01350	0.05640	0.01108	0.01482	0.00828	0.01007	0.00659	0.00436	0.00429	0.00134	0.00618	0.00358	0.00229	0.00684
3	0.03768	0.11659	0.15363	0.01205	0.08529	0.11518	0.02779	0.14661	0.11650	0.04191	0.02683	0.01473	0.02791	0.00563	0.00446	0.00141	0.00549	0.05049	0.00328	0.00655
4	0.04703	0.07332	0.33785	0.01283	0.08653	0.07077	0.04902	0.01342	0.01027	0.01425	0.01254	0.04600	0.01179	0.00668	0.00483	0.00159	0.00589	0.18675	0.00271	0.00592
5	0.05288	0.04735	0.21577	0.01237	0.12247	0.03332	0.01045	0.15545	0.07539	0.06223	0.12024	0.01578	0.04473	0.00579	0.00458	0.00143	0.00495	0.00472	0.00351	0.00660

[dist]
# distance from previous block
# <min> <max>
1	7

[block]
# block no. 1 follows, 55 sequences, length 11
# corresponding to MSA columns:
# 61-71
name=unknown_B
#
# <colnr> <probs for GDERKNQSTAVLIFYWHMCP>
#	G	D	E	R	K	N	Q	S	T	A	V	L	I	F	Y	W	H	M	C	P
0	0.04487	0.01225	0.20171	0.00949	0.01333	0.02953	0.03774	0.10937	0.01286	0.21211	0.16487	0.01775	0.05075	0.00612	0.00468	0.00141	0.00460	0.00506	0.00403	0.05747
1	0.03577	0.10763	0.20154	0.00920	0.01347	0.02596	0.00911	0.06790	0.06613	0.15746	0.05052	0.01291	0.02285	0.00498	0.00415	0.00124	0.00468	0.00389	0.00342	0.19722
2	0.01004	0.01642	0.46887	0.01034	0.01520	0.00855	0.01201	0.03320	0.01109	0.11403	0.11286	0.01908	0.13577	0.00638	0.00476	0.00148	0.00520	0.00521	0.00325	0.00627
3	0.01188	0.01101	0.14235	0.00874	0.01318	0.00747	0.03485	0.01492	0.03991	0.16892	0.01067	0.01126	0.00790	0.00418	0.00396	0.00103	0.00427	0.00343	0.00327	0.49681
4	0.00908	0.00655	0.00786	0.00683	0.00900	0.00603	0.00533	0.04573	0.08793	0.07346	0.33126	0.05745	0.10844	0.00812	0.00497	0.00137	0.00298	0.04341	0.00447	0.17973
5	0.01202	0.01223	0.01768	0.10152	0.63160	0.11554	0.01346	0.01461	0.01081	0.01439	0.00850	0.01119	0.00708	0.00428	0.00456	0.00137	0.00596	0.00400	0.00229	0.00691
6	0.00637	0.00495	0.00583	0.00574	0.00699	0.00456	0.00425	0.00866	0.05725	0.01568	0.39155	0.14079	0.30874	0.01078	0.00551	0.00156	0.00240	0.00935	0.00471	0.00432
7	0.00675	0.00457	0.00536	0.00536	0.00546	0.00466	0.00317	0.00695	0.00685	0.00923	0.01440	0.02900	0.01629	0.74161	0.11772	0.00486	0.00545	0.00655	0.00278	0.00298
8	0.01238	0.01039	0.01190	0.10942	0.04517	0.01194	0.00858	0.16665	0.52754	0.02023	0.01580	0.01537	0.01179	0.00589	0.00470	0.00153	0.00433	0.00488	0.00430	0.00720
9	0.00627	0.00467	0.00582	0.00568	0.00679	0.00423	0.00421	0.00811	0.01220	0.01670	0.56882	0.11895	0.19939	0.01050	0.00554	0.00153	0.00228	0.00920	0.00487	0.00423
10	0.00973	0.12972	0.71027	0.01257	0.01907	0.01179	0.01599	0.01463	0.00977	0.01424	0.00810	0.00952	0.00590	0.00436	0.00423	0.00141	0.00663	0.00331	0.00197	0.00676

[dist]
# distance from previous block
# <min> <max>
0	13

[block]
# block no. 2 follows, 55 sequences, length 59
# corresponding to MSA columns:
# 85-143
name=unknown_C
#
# <colnr> <probs for GDERKNQSTAVLIFYWHMCP>
#	G	D	E	R	K	N	Q	S	T	A	V	L	I	F	Y	W	H	M	C	P
0	0.00569	0.00472	0.00495	0.00490	0.00636	0.00401	0.00365	0.00700	0.01092	0.01343	0.16289	0.04292	0.67163	0.02913	0.00589	0.00162	0.00238	0.00954	0.00441	0.00397
1	0.00567	0.00405	0.00540	0.00648	0.00675	0.00378	0.00432	0.00648	0.00891	0.01188	0.02564	0.83347	0.03077	0.01457	0.00594	0.00189	0.00270	0.01323	0.00432	0.00378
2	0.00955	0.00929	0.01425	0.40415	0.04579	0.01227	0.01162	0.01162	0.00828	0.01165	0.00723	0.01129	0.00619	0.00634	0.00983	0.00178	0.40752	0.00410	0.00206	0.00520
3	0.00694	0.00507	0.00707	0.00773	0.00871	0.00491	0.01932	0.00879	0.01069	0.01417	0.14689	0.22309	0.05617	0.01253	0.00612	0.00195	0.00360	0.44764	0.00439	0.00421
4	0.00559	0.00472	0.00484	0.00481	0.00634	0.00397	0.00361	0.00686	0.01083	0.01310	0.11356	0.04389	0.73883	0.01158	0.00550	0.00156	0.00234	0.00970	0.00439	0.00397
5	0.01118	0.01071	0.01828	0.12620	0.71246	0.01097	0.01411	0.01398	0.01043	0.01479	0.00869	0.01162	0.00723	0.00421	0.00461	0.00140	0.00561	0.00414	0.00227	0.00710
6	0.01185	0.68522	0.17332	0.00896	0.01349	0.01697	0.00970	0.01408	0.00952	0.01166	0.00682	0.00791	0.00596	0.00406	0.00326	0.00109	0.00533	0.00267	0.00199	0.00614
7	0.01503	0.00668	0.00916	0.00815	0.01059	0.00603	0.00674	0.01681	0.01201	0.47530	0.02111	0.12392	0.01841	0.00895	0.00536	0.00170	0.00391	0.23867	0.00514	0.00633
8	0.01098	0.01255	0.02745	0.01961	0.02431	0.01176	0.79059	0.01490	0.01098	0.01490	0.00941	0.01255	0.00706	0.00392	0.00549	0.00157	0.00784	0.00549	0.00235	0.00627
9	0.00964	0.01028	0.02129	0.01674	0.06460	0.00967	0.54382	0.01270	0.01042	0.01414	0.01355	0.22377	0.01318	0.00668	0.00555	0.00164	0.00639	0.00740	0.00286	0.00569
10	0.01098	0.01255	0.02745	0.01961	0.02431	0.01176	0.79059	0.01490	0.01098	0.01490	0.00941	0.01255	0.00706	0.00392	0.00549	0.00157	0.00784	0.00549	0.00235	0.00627
11	0.01018	0.01018	0.01425	0.01221	0.01221	0.01425	0.01018	0.01120	0.00712	0.01120	0.00611	0.01018	0.00611	0.00814	0.01527	0.00204	0.82799	0.00407	0.00204	0.00509
12	0.86937	0.00900	0.00684	0.00612	0.00900	0.01044	0.00504	0.01368	0.00792	0.02087	0.00648	0.00756	0.00504	0.00432	0.00288	0.00144	0.00360	0.00252	0.00288	0.00504
13	0.00567	0.00405	0.00540	0.00648	0.00675	0.00378	0.00432	0.00648	0.00891	0.01188	0.02564	0.83347	0.03077	0.01457	0.00594	0.00189	0.00270	0.01323	0.00432	0.00378
14	0.00879	0.00827	0.01395	0.82532	0.03204	0.01034	0.01292	0.01189	0.00930	0.01189	0.00827	0.01240	0.00620	0.00465	0.00465	0.00155	0.00620	0.00413	0.00207	0.00517
15	0.01018	0.01018	0.01425	0.01221	0.01221	0.01425	0.01018	0.01120	0.00712	0.01120	0.00611	0.01018	0.00611	0.00814	0.01527	0.00204	0.82799	0.00407	0.00204	0.00509
16	0.84052	0.00912	0.00753	0.00657	0.00951	0.01048	0.03144	0.01372	0.00802	0.02067	0.00658	0.00773	0.00511	0.00431	0.00297	0.00144	0.00374	0.00262	0.00286	0.00508
17	0.01244	0.83930	0.02438	0.00796	0.01194	0.01841	0.00796	0.01393	0.00945	0.01095	0.00647	0.00746	0.00597	0.00398	0.00299	0.00100	0.00498	0.00249	0.00199	0.00597
18	0.00671	0.00475	0.00627	0.00627	0.00668	0.00516	0.00431	0.00753	0.00712	0.00991	0.01356	0.02439	0.01428	0.43747	0.41912	0.00599	0.00847	0.00588	0.00266	0.00348
19	0.01098	0.01255	0.02745	0.01961	0.02431	0.01176	0.79059	0.01490	0.01098	0.01490	0.00941	0.01255	0.00706	0.00392	0.00549	0.00157	0.00784	0.00549	0.00235	0.00627
20	0.00879	0.00827	0.01395	0.82532	0.03204	0.01034	0.01292	0.01189	0.00930	0.01189	0.00827	0.01240	0.00620	0.00465	0.00465	0.00155	0.00620	0.00413	0.00207	0.00517
21	0.00665	0.00498	0.00748	0.00748	0.00831	0.00582	0.00582	0.00831	0.00748	0.01080	0.01246	0.01828	0.01163	0.03489	0.81807	0.00748	0.01246	0.00498	0.00249	0.00415
22	0.00879	0.00827	0.01395	0.82532	0.03204	0.01034	0.01292	0.01189	0.00930	0.01189	0.00827	0.01240	0.00620	0.00465	0.00465	0.00155	0.00620	0.00413	0.00207	0.00517
23	0.84823	0.00889	0.00682	0.00611	0.00895	0.01029	0.00502	0.01356	0.00805	0.02082	0.02604	0.00822	0.00599	0.00445	0.00294	0.00144	0.00356	0.00266	0.00293	0.00502
24	0.00665	0.00498	0.00748	0.00748	0.00831	0.00582	0.00582	0.00831	0.00748	0.01080	0.01246	0.01828	0.01163	0.03489	0.81807	0.00748	0.01246	0.00498	0.00249	0.00415
25	0.00867	0.00434	0.00434	0.00434	0.00542	0.00434	0.00325	0.01084	0.00976	0.01734	0.01518	0.01734	0.01192	0.00542	0.00325	0.00108	0.00217	0.00434	0.86233	0.00434
26	0.01385	0.01113	0.01180	0.00993	0.01297	0.01264	0.00791	0.31072	0.50937	0.02314	0.01604	0.01505	0.01186	0.00604	0.00470	0.00151	0.00422	0.00486	0.00470	0.00757
27	0.00879	0.00827	0.01395	0.82532	0.03204	0.01034	0.01292	0.01189	0.00930	0.01189	0.00827	0.01240	0.00620	0.00465	0.00465	0.00155	0.00620	0.00413	0.00207	0.00517
28	0.00879	0.00827	0.01395	0.82532	0.03204	0.01034	0.01292	0.01189	0.00930	0.01189	0.00827	0.01240	0.00620	0.00465	0.00465	0.00155	0.00620	0.00413	0.00207	0.00517
29	0.00597	0.00473	0.00537	0.00521	0.00658	0.00413	0.00391	0.00760	0.01173	0.01524	0.37923	0.04038	0.47183	0.01079	0.00549	0.00152	0.00229	0.00920	0.00467	0.00413
30	0.01044	0.00971	0.01603	0.44356	0.35722	0.01087	0.01326	0.05752	0.01056	0.01428	0.00864	0.01196	0.00679	0.00449	0.00463	0.00147	0.00586	0.00414	0.00231	0.00625
31	0.00879	0.00827	0.01395	0.82532	0.03204	0.01034	0.01292	0.01189	0.00930	0.01189	0.00827	0.01240	0.00620	0.00465	0.00465	0.00155	0.00620	0.00413	0.00207	0.00517
32	0.00567	0.00405	0.00540	0.00648	0.00675	0.00378	0.00432	0.00648	0.00891	0.01188	0.02564	0.83347	0.03077	0.01457	0.00594	0.00189	0.00270	0.01323	0.00432	0.00378
33	0.00879	0.00827	0.01395	0.82532	0.03204	0.01034	0.01292	0.01189	0.00930	0.01189	0.00827	0.01240	0.00620	0.00465	0.00465	0.00155	0.00620	0.00413	0.00207	0.00517
34	0.01151	0.01105	0.01888	0.02855	0.80748	0.01105	0.01428	0.01428	0.01059	0.01520	0.00875	0.01151	0.00737	0.00415	0.00461	0.00138	0.00553	0.00415	0.00230	0.00737
35	0.01708	0.00917	0.01073	0.00880	0.01195	0.03830	0.00707	0.04477	0.27456	0.46942	0.04450	0.01657	0.01320	0.00603	0.00471	0.00148	0.00400	0.00492	0.00524	0.00752
36	0.00567	0.00405	0.00540	0.00648	0.00675	0.00378	0.00432	0.00648	0.00891	0.01188	0.02564	0.83347	0.03077	0.01457	0.00594	0.00189	0.00270	0.01323	0.00432	0.00378
37	0.01425	0.01564	0.01626	0.02101	0.45133	0.35030	0.01184	0.01632	0.01176	0.03613	0.00837	0.01032	0.00691	0.00446	0.00443	0.00131	0.00669	0.00368	0.00244	0.00655
38	0.00616	0.00447	0.00609	0.00661	0.00709	0.00461	0.00465	0.00718	0.00817	0.01115	0.02013	0.41304	0.04550	0.12476	0.30310	0.00424	0.00646	0.00932	0.00347	0.00380
39	0.00965	0.00827	0.00965	0.00689	0.01102	0.00620	0.00551	0.01171	0.00965	0.01516	0.00827	0.00965	0.00689	0.00345	0.00345	0.00069	0.00345	0.00276	0.00276	0.86494
40	0.01098	0.01255	0.02745	0.01961	0.02431	0.01176	0.79059	0.01490	0.01098	0.01490	0.00941	0.01255	0.00706	0.00392	0.00549	0.00157	0.00784	0.00549	0.00235	0.00627
41	0.79151	0.00909	0.00727	0.00643	0.00928	0.01051	0.00528	0.05802	0.00870	0.02102	0.00695	0.00813	0.00543	0.00542	0.03051	0.00164	0.00399	0.00270	0.00297	0.00517
42	0.01226	0.79267	0.06946	0.00826	0.01241	0.01797	0.00849	0.01398	0.00947	0.01116	0.00658	0.00760	0.00597	0.00401	0.00307	0.00102	0.00508	0.00254	0.00199	0.00602
43	0.01051	0.01003	0.01706	0.32251	0.52140	0.01079	0.01378	0.01340	0.01012	0.01398	0.00857	0.01184	0.00694	0.00433	0.00462	0.00144	0.00578	0.00414	0.00222	0.00656
44	0.00896	0.00845	0.01428	0.77326	0.08271	0.01038	0.01301	0.01204	0.00939	0.01210	0.00830	0.01235	0.00628	0.00462	0.00465	0.00154	0.00616	0.00414	0.00208	0.00531
45	0.01026	0.01017	0.01404	0.01206	0.01221	0.01410	0.01002	0.01197	0.05243	0.01167	0.00684	0.01059	0.00657	0.00804	0.01466	0.00201	0.78083	0.00414	0.00219	0.00522
46	0.00699	0.00508	0.00646	0.00631	0.00655	0.00562	0.00424	0.00755	0.00700	0.00970	0.01338	0.02539	0.01457	0.54200	0.25283	0.00518	0.06908	0.00605	0.00267	0.00338
47	0.01151	0.01105	0.01888	0.02855	0.80748	0.01105	0.01428	0.01428	0.01059	0.01520	0.00875	0.01151	0.00737	0.00415	0.00461	0.00138	0.00553	0.00415	0.00230	0.00737
48	0.01018	0.00969	0.01648	0.41767	0.42878	0.01070	0.01361	0.01311	0.00996	0.01358	0.00852	0.01195	0.00680	0.00439	0.00463	0.00146	0.00586	0.00414	0.00219	0.00629
49	0.00922	0.00871	0.01473	0.69986	0.15415	0.01045	0.01313	0.01226	0.00951	0.01241	0.00834	0.01226	0.00639	0.00457	0.00464	0.00152	0.00610	0.00414	0.00210	0.00551
50	0.01274	0.59251	0.12425	0.00935	0.01338	0.13920	0.00935	0.01469	0.01002	0.01151	0.00681	0.00796	0.00597	0.00425	0.00361	0.00111	0.02256	0.00272	0.00205	0.00598
51	0.00658	0.00476	0.00622	0.00585	0.00695	0.00439	0.00439	0.00878	0.01317	0.01866	0.80503	0.03475	0.04390	0.00951	0.00549	0.00146	0.00219	0.00841	0.00512	0.00439
52	0.01214	0.01098	0.01138	0.01001	0.01274	0.06435	0.03384	0.04990	0.69500	0.01911	0.01759	0.01640	0.01321	0.00611	0.00472	0.00155	0.00418	0.00508	0.00450	0.00722
53	0.00606	0.00454	0.00555	0.00603	0.00678	0.00422	0.00421	0.00751	0.03371	0.01317	0.15241	0.44336	0.19893	0.06849	0.00694	0.00193	0.00273	0.02511	0.00436	0.00396
54	0.19797	0.00910	0.01000	0.00809	0.01124	0.03829	0.00659	0.10828	0.05798	0.41056	0.08275	0.01500	0.01248	0.00575	0.00435	0.00144	0.00401	0.00446	0.00479	0.00688
55	0.01232	0.01498	0.06099	0.01544	0.01846	0.21740	0.35104	0.01487	0.01049	0.01305	0.00794	0.01074	0.00648	0.00526	0.00762	0.00159	0.21891	0.00438	0.00226	0.00578
56	0.00569	0.00407	0.00542	0.00646	0.00675	0.00380	0.00432	0.00654	0.00903	0.01207	0.04772	0.81084	0.03114	0.01443	0.00593	0.00188	0.00268	0.01309	0.00434	0.00380
57	0.01066	0.06344	0.34919	0.01132	0.01588	0.01165	0.03798	0.01957	0.39529	0.01683	0.01345	0.01346	0.00999	0.00530	0.00453	0.00150	0.00524	0.00434	0.00333	0.00704
58	0.58797	0.00965	0.01043	0.04113	0.21440	0.01074	0.00782	0.04232	0.00916	0.01941	0.00730	0.00887	0.00578	0.00433	0.00345	0.00143	0.00424	0.00305	0.00277	0.00574

[dist]
# distance from previous block
# <min> <max>
0	9

[block]
# block no. 3 follows, 55 sequences, length 58
# corresponding to MSA columns:
# 153-210
name=unknown_D
#
# <colnr> <probs for GDERKNQSTAVLIFYWHMCP>
#	G	D	E	R	K	N	Q	S	T	A	V	L	I	F	Y	W	H	M	C	P
0	0.01171	0.01107	0.06268	0.02082	0.49919	0.00995	0.01181	0.04630	0.03526	0.05842	0.02272	0.01184	0.00825	0.00433	0.00440	0.00127	0.00500	0.00398	0.00277	0.16821
1	0.01282	0.15911	0.01707	0.20202	0.25411	0.20450	0.01127	0.06091	0.01138	0.01362	0.00801	0.01024	0.00656	0.00447	0.00424	0.00131	0.00624	0.00358	0.00236	0.00618
2	0.06951	0.01029	0.01192	0.00925	0.01282	0.01055	0.00762	0.35573	0.05107	0.39043	0.01456	0.01339	0.00969	0.00562	0.00456	0.00143	0.00443	0.00436	0.00506	0.00772
3	0.01327	0.70507	0.02261	0.00852	0.01234	0.08994	0.00812	0.07161	0.01070	0.01234	0.00688	0.00782	0.00612	0.00417	0.00322	0.00104	0.00529	0.00266	0.00222	0.00606
4	0.00934	0.05483	0.74893	0.01275	0.01928	0.01084	0.01631	0.01446	0.00994	0.01475	0.04086	0.01075	0.00745	0.00461	0.00441	0.00145	0.00661	0.00360	0.00209	0.00674
5	0.00923	0.00872	0.01476	0.69509	0.15879	0.01045	0.01314	0.01228	0.00951	0.01243	0.00835	0.01226	0.00639	0.00457	0.00464	0.00152	0.00609	0.00414	0.00211	0.00553
6	0.00672	0.00459	0.00555	0.00557	0.00574	0.00475	0.00344	0.00706	0.00695	0.00943	0.01448	0.04610	0.01620	0.66221	0.17772	0.00503	0.00602	0.00656	0.00279	0.00310
7	0.00557	0.00450	0.00493	0.00527	0.00641	0.00389	0.00377	0.00662	0.01000	0.01229	0.03981	0.29253	0.54831	0.02692	0.00595	0.00172	0.00250	0.01084	0.00429	0.00386
8	0.00985	0.00973	0.01404	0.01200	0.01226	0.01330	0.03849	0.01104	0.00730	0.01129	0.00688	0.01109	0.00671	0.01072	0.09692	0.00257	0.71446	0.00422	0.00209	0.00504
9	0.00550	0.00471	0.00471	0.00471	0.00628	0.00393	0.00353	0.00668	0.01060	0.01257	0.04713	0.04477	0.80560	0.01178	0.00550	0.00157	0.00236	0.00982	0.00432	0.00393
10	0.00965	0.00827	0.00965	0.00689	0.01102	0.00620	0.00551	0.01171	0.00965	0.01516	0.00827	0.00965	0.00689	0.00345	0.00345	0.00069	0.00345	0.00276	0.00276	0.86494
11	0.00567	0.00405	0.00540	0.00648	0.00675	0.00378	0.00432	0.00648	0.00891	0.01188	0.02564	0.83347	0.03077	0.01457	0.00594	0.00189	0.00270	0.01323	0.00432	0.00378
12	0.00630	0.00497	0.00583	0.00626	0.00763	0.00450	0.00513	0.00787	0.01065	0.01311	0.03808	0.04787	0.49242	0.01221	0.00587	0.00180	0.00313	0.31798	0.00431	0.00407
13	0.01099	0.00799	0.00917	0.00836	0.01016	0.00846	0.00639	0.34625	0.01460	0.01959	0.01917	0.43274	0.02042	0.01047	0.00536	0.00167	0.00380	0.04037	0.01846	0.00560
14	0.02052	0.00848	0.01115	0.00855	0.01216	0.00768	0.00706	0.10792	0.01426	0.72412	0.01756	0.01532	0.01112	0.00574	0.00468	0.00143	0.00409	0.00462	0.00564	0.00792
15	0.00933	0.02406	0.81240	0.01326	0.02014	0.01080	0.01719	0.01473	0.00982	0.01473	0.00835	0.00982	0.00589	0.00442	0.00442	0.00147	0.00688	0.00344	0.00196	0.00688
16	0.00879	0.00827	0.01395	0.82532	0.03204	0.01034	0.01292	0.01189	0.00930	0.01189	0.00827	0.01240	0.00620	0.00465	0.00465	0.00155	0.00620	0.00413	0.00207	0.00517
17	0.01777	0.02082	0.01042	0.00819	0.01138	0.00784	0.00667	0.03439	0.16731	0.55915	0.01788	0.01606	0.01194	0.00581	0.00453	0.00143	0.00378	0.00472	0.08244	0.00746
18	0.00808	0.00404	0.00606	0.00606	0.00606	0.00404	0.00404	0.00606	0.00606	0.00808	0.00808	0.01414	0.00808	0.01616	0.01818	0.86465	0.00404	0.00404	0.00202	0.00202
19	0.01953	0.01007	0.01213	0.00930	0.01295	0.01003	0.00768	0.34669	0.01692	0.48160	0.01533	0.01387	0.01000	0.00568	0.00467	0.00142	0.00445	0.00447	0.00529	0.00791
20	0.00665	0.00498	0.00748	0.00748	0.00831	0.00582	0.00582	0.00831	0.00748	0.01080	0.01246	0.01828	0.01163	0.03489	0.81807	0.00748	0.01246	0.00498	0.00249	0.00415
21	0.05557	0.00796	0.01063	0.00819	0.01176	0.00698	0.00676	0.02230	0.01309	0.77841	0.01787	0.01550	0.01125	0.00570	0.00460	0.00144	0.00394	0.00459	0.00564	0.00780
22	0.00750	0.00535	0.00750	0.00857	0.00964	0.00535	0.00750	0.00964	0.01071	0.01392	0.02463	0.05248	0.02677	0.01285	0.00643	0.00214	0.00428	0.77617	0.00428	0.00428
23	0.01098	0.01255	0.02745	0.01961	0.02431	0.01176	0.79059	0.01490	0.01098	0.01490	0.00941	0.01255	0.00706	0.00392	0.00549	0.00157	0.00784	0.00549	0.00235	0.00627
24	0.00567	0.00405	0.00540	0.00648	0.00675	0.00378	0.00432	0.00648	0.00891	0.01188	0.02564	0.83347	0.03077	0.01457	0.00594	0.00189	0.00270	0.01323	0.00432	0.00378
25	0.01001	0.00952	0.01616	0.46788	0.37992	0.01066	0.01353	0.01296	0.00988	0.01337	0.00848	0.01200	0.00673	0.00442	0.00463	0.00147	0.00590	0.00414	0.00217	0.00616
26	0.01098	0.01255	0.02745	0.01961	0.02431	0.01176	0.79059	0.01490	0.01098	0.01490	0.00941	0.01255	0.00706	0.00392	0.00549	0.00157	0.00784	0.00549	0.00235	0.00627
27	0.00933	0.02406	0.81240	0.01326	0.02014	0.01080	0.01719	0.01473	0.00982	0.01473	0.00835	0.00982	0.00589	0.00442	0.00442	0.00147	0.00688	0.00344	0.00196	0.00688
28	0.01905	0.01084	0.01261	0.00966	0.01333	0.01118	0.00798	0.46254	0.01821	0.36393	0.01425	0.01317	0.00946	0.00566	0.00466	0.00141	0.00462	0.00440	0.00513	0.00791
29	0.01738	0.02217	0.01318	0.01199	0.01438	0.81783	0.00899	0.01858	0.01318	0.01139	0.00719	0.00839	0.00599	0.00479	0.00419	0.00120	0.00839	0.00300	0.00240	0.00539
30	0.01257	0.01049	0.01108	0.00967	0.01248	0.01204	0.00761	0.15013	0.67205	0.02107	0.01767	0.01635	0.01317	0.00619	0.00472	0.00155	0.00392	0.00508	0.00472	0.00745
31	0.00933	0.02406	0.81240	0.01326	0.02014	0.01080	0.01719	0.01473	0.00982	0.01473	0.00835	0.00982	0.00589	0.00442	0.00442	0.00147	0.00688	0.00344	0.00196	0.00688
32	0.00936	0.00809	0.00998	0.00733	0.01118	0.00622	0.03648	0.01139	0.00966	0.01488	0.01016	0.06744	0.02169	0.00437	0.00373	0.00082	0.00355	0.00371	0.00287	0.75709
33	0.00879	0.00827	0.01395	0.82532	0.03204	0.01034	0.01292	0.01189	0.00930	0.01189	0.00827	0.01240	0.00620	0.00465	0.00465	0.00155	0.00620	0.00413	0.00207	0.00517
34	0.01151	0.01105	0.01888	0.02855	0.80748	0.01105	0.01428	0.01428	0.01059	0.01520	0.00875	0.01151	0.00737	0.00415	0.00461	0.00138	0.00553	0.00415	0.00230	0.00737
35	0.00951	0.00900	0.01525	0.61516	0.23658	0.01053	0.01328	0.01252	0.00964	0.01276	0.00840	0.01217	0.00651	0.00452	0.00464	0.00151	0.00602	0.00414	0.00213	0.00575
36	0.00676	0.00453	0.00518	0.00518	0.00522	0.00457	0.00296	0.00684	0.00680	0.00910	0.01456	0.02988	0.01667	0.79954	0.06031	0.00465	0.00488	0.00668	0.00280	0.00288
37	0.01014	0.01013	0.01424	0.03344	0.01273	0.01415	0.01025	0.01121	0.00718	0.01121	0.00616	0.01024	0.00611	0.00805	0.01499	0.00202	0.80653	0.00407	0.00204	0.00509
38	0.00571	0.00408	0.00544	0.00652	0.00681	0.00381	0.00438	0.00654	0.00894	0.01192	0.02562	0.81748	0.03069	0.01454	0.00595	0.00189	0.00273	0.02884	0.00432	0.00379
39	0.00577	0.00472	0.00509	0.00500	0.00645	0.00404	0.00375	0.00721	0.01125	0.01410	0.23815	0.04225	0.61361	0.01121	0.00550	0.00154	0.00232	0.00946	0.00452	0.00404
40	0.10055	0.01758	0.14511	0.01199	0.02856	0.29441	0.06045	0.25298	0.01457	0.01864	0.00869	0.00971	0.00656	0.00486	0.00433	0.00135	0.00658	0.00356	0.00306	0.00646
41	0.01135	0.01089	0.01859	0.07590	0.76140	0.01101	0.01420	0.01414	0.01052	0.01500	0.00872	0.01157	0.00730	0.00418	0.00461	0.00139	0.00557	0.00414	0.00229	0.00724
42	0.00584	0.00417	0.00559	0.00667	0.00702	0.00393	0.00461	0.00677	0.00907	0.01207	0.02555	0.76074	0.03040	0.01441	0.00598	0.00191	0.00285	0.08427	0.00432	0.00383
43	0.00913	0.00852	0.01433	0.70322	0.12952	0.01027	0.01284	0.01216	0.00948	0.01245	0.00851	0.01242	0.00650	0.00461	0.00461	0.00152	0.00601	0.00414	0.02434	0.00543
44	0.01045	0.00996	0.01696	0.34000	0.50437	0.01077	0.01375	0.01334	0.01009	0.01390	0.00856	0.01186	0.00691	0.00434	0.00462	0.00145	0.00579	0.00414	0.00221	0.00651
45	0.02027	0.00889	0.01140	0.00874	0.01236	0.00828	0.00722	0.16895	0.01494	0.66213	0.01699	0.01495	0.01083	0.00573	0.00467	0.00143	0.00418	0.00459	0.00555	0.00792
46	0.00884	0.00467	0.00470	0.00464	0.00581	0.00476	0.00349	0.01166	0.05614	0.01747	0.01540	0.01734	0.01206	0.00547	0.00334	0.00111	0.00226	0.00439	0.81193	0.00451
47	0.09148	0.00555	0.00666	0.00702	0.05415	0.00553	0.00453	0.02017	0.01015	0.01500	0.33699	0.06186	0.05262	0.29569	0.01149	0.00253	0.00340	0.00719	0.00387	0.00410
48	0.00686	0.00529	0.00788	0.00776	0.00854	0.00632	0.00607	0.00848	0.00746	0.01082	0.01208	0.01779	0.01130	0.03330	0.77036	0.00715	0.06092	0.00493	0.00247	0.00421
49	0.02035	0.00875	0.01131	0.00867	0.01229	0.00808	0.00717	0.14841	0.01471	0.68299	0.01718	0.01507	0.01093	0.00573	0.00467	0.00143	0.00415	0.00460	0.00558	0.00792
50	0.00604	0.00450	0.00625	0.07999	0.00904	0.00443	0.00510	0.00719	0.00935	0.01253	0.09904	0.68288	0.02982	0.01320	0.00578	0.00182	0.00297	0.01195	0.00419	0.00396
51	0.01088	0.01323	0.07410	0.01923	0.02407	0.01171	0.74463	0.01489	0.01091	0.01489	0.00935	0.01239	0.00699	0.00395	0.00543	0.00156	0.00779	0.00537	0.00233	0.00631
52	0.00567	0.00405	0.00540	0.00648	0.00675	0.00378	0.00432	0.00648	0.00891	0.01188	0.02564	0.83347	0.03077	0.01457	0.00594	0.00189	0.00270	0.01323	0.00432	0.00378
53	0.01050	0.01179	0.02547	0.01843	0.02274	0.01105	0.71994	0.01415	0.01079	0.01463	0.01087	0.08631	0.00919	0.00488	0.00553	0.00160	0.00738	0.00619	0.00253	0.00605
54	0.01036	0.14989	0.47668	0.01117	0.01617	0.01148	0.01292	0.04433	0.03913	0.04353	0.01014	0.05991	0.00849	0.04365	0.00567	0.00159	0.04183	0.00419	0.00250	0.00638
55	0.00571	0.00410	0.00543	0.00649	0.00681	0.00382	0.00438	0.00656	0.00900	0.01195	0.02618	0.79268	0.05090	0.01446	0.00594	0.00189	0.00273	0.03287	0.00432	0.00380
56	0.01044	0.00556	0.00591	0.00536	0.00697	0.00554	0.00416	0.08996	0.01135	0.08947	0.01741	0.01861	0.06990	0.00594	0.00369	0.00118	0.00264	0.00476	0.63618	0.00499
57	0.05676	0.06563	0.01263	0.01049	0.02437	0.47577	0.00805	0.03068	0.04630	0.16522	0.02346	0.01096	0.00825	0.00508	0.00418	0.00127	0.00649	0.00354	0.03490	0.00599

[dist]
# distance from previous block
# <min> <max>
0	1

[block]
# block no. 4 follows, 55 sequences, length 52
# corresponding to MSA columns:
# 212-263
name=unknown_E
#
# <colnr> <probs for GDERKNQSTAVLIFYWHMCP>
#	G	D	E	R	K	N	Q	S	T	A	V	L	I	F	Y	W	H	M	C	P
0	0.01503	0.01154	0.01236	0.01007	0.01324	0.01290	0.00811	0.49860	0.27397	0.02514	0.01450	0.05902	0.01123	0.00632	0.00475	0.00148	0.00452	0.00504	0.00466	0.00750
1	0.01135	0.25320	0.39670	0.01368	0.12793	0.03712	0.01332	0.06950	0.01078	0.01465	0.00804	0.00944	0.00627	0.00435	0.00405	0.00131	0.00607	0.00331	0.00222	0.00672
2	0.01213	0.00682	0.00977	0.25826	0.01593	0.00709	0.00753	0.01408	0.01039	0.27581	0.03591	0.01917	0.05577	0.12270	0.05145	0.00220	0.00489	0.00517	0.07940	0.00553
3	0.00747	0.00437	0.00479	0.00494	0.00546	0.00433	0.00322	0.00855	0.00841	0.01315	0.01643	0.13748	0.01663	0.34868	0.01203	0.00261	0.00321	0.00659	0.38803	0.00363
4	0.01244	0.83930	0.02438	0.00796	0.01194	0.01841	0.00796	0.01393	0.00945	0.01095	0.00647	0.00746	0.00597	0.00398	0.00299	0.00100	0.00498	0.00249	0.00199	0.00597
5	0.01956	0.00836	0.01193	0.01113	0.12373	0.00743	0.00788	0.02149	0.01293	0.69886	0.01700	0.01523	0.01093	0.00553	0.00467	0.00143	0.00418	0.00460	0.00527	0.00784
6	0.00917	0.00866	0.01465	0.71330	0.14106	0.01044	0.01311	0.01222	0.00948	0.01235	0.00834	0.01228	0.00637	0.00458	0.00464	0.00153	0.00611	0.00414	0.00210	0.00548
7	0.01199	0.01020	0.01075	0.00955	0.01226	0.01177	0.00746	0.07696	0.74616	0.02013	0.01841	0.01694	0.01377	0.00626	0.00473	0.00157	0.00378	0.00519	0.00473	0.00740
8	0.01135	0.01089	0.01859	0.07518	0.76210	0.01101	0.01420	0.01414	0.01052	0.01500	0.00872	0.01157	0.00730	0.00417	0.00461	0.00139	0.00557	0.00414	0.00229	0.00724
9	0.00581	0.00405	0.00544	0.00645	0.00671	0.00379	0.00430	0.00645	0.00874	0.01165	0.02461	0.78552	0.02944	0.01467	0.00665	0.05238	0.00278	0.01269	0.00418	0.00368
10	0.00933	0.02406	0.81240	0.01326	0.02014	0.01080	0.01719	0.01473	0.00982	0.01473	0.00835	0.00982	0.00589	0.00442	0.00442	0.00147	0.00688	0.00344	0.00196	0.00688
11	0.01294	0.00581	0.00714	0.00611	0.00820	0.00529	0.00482	0.01491	0.01167	0.32619	0.12933	0.02081	0.06271	0.00650	0.00425	0.00130	0.00288	0.00536	0.35804	0.00571
12	0.01046	0.02380	0.70003	0.01308	0.01933	0.12427	0.01604	0.01527	0.01029	0.01426	0.00819	0.00962	0.00591	0.00447	0.00439	0.00143	0.00709	0.00338	0.00203	0.00667
13	0.02087	0.00792	0.01080	0.00828	0.01188	0.00684	0.00684	0.02267	0.01332	0.81071	0.01835	0.01583	0.01152	0.00576	0.00468	0.00144	0.00396	0.00468	0.00576	0.00792
14	0.00665	0.00498	0.00748	0.00748	0.00831	0.00582	0.00582	0.00831	0.00748	0.01080	0.01246	0.01828	0.01163	0.03489	0.81807	0.00748	0.01246	0.00498	0.00249	0.00415
15	0.01316	0.06848	0.01097	0.00833	0.01081	0.11123	0.00668	0.20863	0.01511	0.13122	0.33800	0.02091	0.02284	0.00701	0.00482	0.00138	0.00416	0.00572	0.00453	0.00601
16	0.02059	0.00837	0.01107	0.00849	0.01210	0.00750	0.00701	0.09011	0.01407	0.74221	0.01772	0.01543	0.01120	0.00574	0.00468	0.00144	0.00406	0.00464	0.00566	0.00792
17	0.00816	0.00408	0.00582	0.00582	0.00597	0.00408	0.00393	0.00673	0.00658	0.00938	0.00908	0.01459	0.00862	0.01465	0.01608	0.74323	0.00378	0.00408	0.12298	0.00235
18	0.00678	0.00512	0.00649	0.00718	0.00843	0.00484	0.00607	0.00857	0.01067	0.01343	0.03273	0.04970	0.30703	0.01247	0.00609	0.00194	0.00359	0.50041	0.00430	0.00416
19	0.01037	0.01015	0.01372	0.01183	0.01220	0.01387	0.00978	0.01310	0.11847	0.01236	0.00791	0.01119	0.00724	0.00789	0.01379	0.00197	0.71210	0.00424	0.00241	0.00541
20	0.86937	0.00900	0.00684	0.00612	0.00900	0.01044	0.00504	0.01368	0.00792	0.02087	0.00648	0.00756	0.00504	0.00432	0.00288	0.00144	0.00360	0.00252	0.00288	0.00504
21	0.01377	0.01073	0.01172	0.00977	0.01267	0.01211	0.00785	0.38588	0.31960	0.02291	0.01435	0.01455	0.01086	0.00999	0.11905	0.00232	0.00560	0.00471	0.00438	0.00717
22	0.00582	0.00411	0.00535	0.00628	0.00652	0.00388	0.00411	0.00652	0.00861	0.01148	0.02412	0.72202	0.02885	0.12864	0.00840	0.00225	0.00295	0.01233	0.00411	0.00365
23	0.01094	0.01150	0.01362	0.01185	0.01224	0.12663	0.00970	0.01203	0.00800	0.01119	0.00671	0.01050	0.00648	0.00956	0.07047	0.00230	0.65510	0.00398	0.00212	0.00507
24	0.00677	0.00451	0.00507	0.00507	0.00507	0.00451	0.00282	0.00677	0.00677	0.00902	0.01466	0.03044	0.01691	0.83650	0.02368	0.00451	0.00451	0.00677	0.00282	0.00282
25	0.00939	0.04057	0.79644	0.01315	0.01997	0.01096	0.01700	0.01472	0.00981	0.01466	0.00831	0.00977	0.00589	0.00441	0.00439	0.00146	0.00684	0.00342	0.00196	0.00686
26	0.00563	0.00419	0.00526	0.00611	0.00665	0.00381	0.00415	0.00652	0.00926	0.01202	0.03012	0.66888	0.19246	0.01399	0.00585	0.00182	0.00263	0.01251	0.00432	0.00381
27	0.17198	0.01189	0.01800	0.01385	0.04018	0.04318	0.32978	0.20017	0.01331	0.09781	0.01006	0.01143	0.00730	0.00461	0.00465	0.00147	0.00599	0.00442	0.00333	0.00659
28	0.00701	0.00617	0.03909	0.00829	0.00945	0.00544	0.08398	0.05143	0.00987	0.01326	0.02254	0.67359	0.02616	0.01261	0.00576	0.00181	0.00351	0.01157	0.00405	0.00438
29	0.00808	0.00404	0.00606	0.00606	0.00606	0.00404	0.00404	0.00606	0.00606	0.00808	0.00808	0.01414	0.00808	0.01616	0.01818	0.86465	0.00404	0.00404	0.00202	0.00202
30	0.05477	0.04366	0.13064	0.02387	0.57169	0.01131	0.06849	0.01434	0.01033	0.01524	0.00854	0.01100	0.00697	0.00417	0.00449	0.00140	0.00576	0.00400	0.00228	0.00705
31	0.01388	0.01349	0.12503	0.01390	0.14583	0.01262	0.02716	0.35282	0.20686	0.02226	0.01223	0.01257	0.00905	0.00533	0.00465	0.00145	0.00514	0.00436	0.00386	0.00751
32	0.02087	0.00792	0.01080	0.00828	0.01188	0.00684	0.00684	0.02267	0.01332	0.81071	0.01835	0.01583	0.01152	0.00576	0.00468	0.00144	0.00396	0.00468	0.00576	0.00792
33	0.30404	0.00780	0.00870	0.00721	0.01019	0.00765	0.00585	0.01749	0.01101	0.43832	0.01659	0.07634	0.05726	0.00629	0.00422	0.00148	0.00365	0.00490	0.00460	0.00640
34	0.00941	0.04408	0.79305	0.01313	0.01993	0.01099	0.01696	0.01471	0.00981	0.01464	0.00830	0.00976	0.00590	0.00441	0.00438	0.00146	0.00683	0.00341	0.00197	0.00685
35	0.01378	0.01622	0.01364	0.01203	0.01337	0.42999	0.02156	0.01496	0.01034	0.01134	0.00697	0.00961	0.00628	0.00739	0.04079	0.00181	0.35889	0.00357	0.00225	0.00523
36	0.00582	0.00411	0.00535	0.00628	0.00651	0.00388	0.00411	0.00652	0.00861	0.01147	0.02410	0.72057	0.02882	0.13013	0.00843	0.00226	0.00295	0.01232	0.00411	0.00364
37	0.01150	0.01109	0.01907	0.02836	0.79014	0.01107	0.03147	0.01429	0.01060	0.01519	0.00877	0.01154	0.00736	0.00414	0.00463	0.00139	0.00558	0.00417	0.00230	0.00734
38	0.01016	0.00995	0.01777	0.40178	0.33292	0.01082	0.12278	0.01324	0.01004	0.01360	0.00862	0.01208	0.00678	0.00435	0.00475	0.00149	0.00617	0.00433	0.00220	0.00618
39	0.02009	0.00826	0.01090	0.00845	0.01199	0.00746	0.00695	0.05237	0.06920	0.72475	0.01812	0.01576	0.01157	0.00579	0.00468	0.00145	0.00398	0.00470	0.00564	0.00788
40	0.01098	0.01255	0.02745	0.01961	0.02431	0.01176	0.79059	0.01490	0.01098	0.01490	0.00941	0.01255	0.00706	0.00392	0.00549	0.00157	0.00784	0.00549	0.00235	0.00627
41	0.00626	0.00469	0.00582	0.00571	0.00683	0.00424	0.00425	0.00809	0.01211	0.01649	0.53741	0.11487	0.21861	0.01060	0.00555	0.00154	0.00233	0.02553	0.00484	0.00422
42	0.00616	0.00474	0.00563	0.00541	0.00669	0.00421	0.00406	0.00796	0.01217	0.01627	0.50852	0.03867	0.34189	0.01040	0.00549	0.00151	0.00226	0.00896	0.00481	0.00421
43	0.00665	0.00498	0.00748	0.00748	0.00831	0.00582	0.00582	0.00831	0.00748	0.01080	0.01246	0.01828	0.01163	0.03489	0.81807	0.00748	0.01246	0.00498	0.00249	0.00415
44	0.00943	0.02339	0.76646	0.01363	0.02038	0.01086	0.06245	0.01474	0.00989	0.01474	0.00841	0.00998	0.00596	0.00439	0.00448	0.00148	0.00693	0.00356	0.00199	0.00684
45	0.01738	0.02217	0.01318	0.01199	0.01438	0.81783	0.00899	0.01858	0.01318	0.01139	0.00719	0.00839	0.00599	0.00479	0.00419	0.00120	0.00839	0.00300	0.00240	0.00539
46	0.00567	0.00405	0.00540	0.00648	0.00675	0.00378	0.00432	0.00648	0.00891	0.01188	0.02564	0.83347	0.03077	0.01457	0.00594	0.00189	0.00270	0.01323	0.00432	0.00378
47	0.09742	0.00827	0.01018	0.00825	0.01134	0.00794	0.00671	0.12787	0.02679	0.50289	0.01723	0.10473	0.01300	0.00678	0.00470	0.00151	0.00396	0.02824	0.00512	0.00708
48	0.01165	0.05993	0.02181	0.02385	0.48120	0.01160	0.26964	0.01469	0.01073	0.03638	0.00909	0.01174	0.00730	0.00411	0.00480	0.00142	0.00622	0.00451	0.00239	0.00694
49	0.01868	0.00751	0.01015	0.00796	0.01119	0.00659	0.00650	0.02076	0.02920	0.68334	0.12897	0.01852	0.01612	0.00630	0.00479	0.00145	0.00371	0.00522	0.00565	0.00741
50	0.00686	0.00514	0.00653	0.00731	0.00807	0.00518	0.00537	0.00966	0.12036	0.01334	0.02450	0.56544	0.02766	0.01307	0.00586	0.00190	0.00315	0.16185	0.00437	0.00438
51	0.00983	0.00887	0.01215	0.00868	0.01289	0.00698	0.11589	0.01216	0.00983	0.01512	0.00843	0.01005	0.00691	0.00351	0.00373	0.00081	0.00406	0.00314	0.00270	0.74422

[dist]
# distance from previous block
# <min> <max>
0	5

[block]
# block no. 5 follows, 55 sequences, length 28
# corresponding to MSA columns:
# 269-296
name=unknown_F
#
# <colnr> <probs for GDERKNQSTAVLIFYWHMCP>
#	G	D	E	R	K	N	Q	S	T	A	V	L	I	F	Y	W	H	M	C	P
0	0.01114	0.25705	0.52216	0.01134	0.01712	0.01267	0.01371	0.01513	0.00999	0.07700	0.00860	0.00962	0.00636	0.00440	0.00403	0.00133	0.00610	0.00326	0.00227	0.00670
1	0.01077	0.40139	0.44767	0.01081	0.01634	0.01432	0.01292	0.01436	0.00965	0.01298	0.00748	0.00873	0.00593	0.00422	0.00376	0.00125	0.00600	0.00300	0.00198	0.00646
2	0.00923	0.07206	0.70023	0.01240	0.01857	0.01071	0.01560	0.01403	0.00973	0.01428	0.00961	0.07523	0.00788	0.00520	0.00445	0.00148	0.00643	0.00416	0.00215	0.00657
3	0.04741	0.01177	0.02476	0.01784	0.02222	0.01108	0.69421	0.01419	0.01082	0.01497	0.01229	0.01490	0.07053	0.00456	0.00538	0.00156	0.00722	0.00571	0.00253	0.00603
4	0.06024	0.01721	0.44514	0.01099	0.01598	0.01034	0.01234	0.06759	0.15338	0.04885	0.07355	0.01334	0.01073	0.00525	0.00446	0.00146	0.00539	0.00418	0.00312	0.03646
5	0.00583	0.00432	0.00545	0.00602	0.00671	0.00393	0.00419	0.00700	0.01011	0.01343	0.19337	0.52187	0.17472	0.01300	0.00576	0.00174	0.00253	0.01159	0.00449	0.00393
6	0.00665	0.00498	0.00748	0.00748	0.00831	0.00582	0.00582	0.00831	0.00748	0.01080	0.01246	0.01828	0.01163	0.03489	0.81807	0.00748	0.01246	0.00498	0.00249	0.00415
7	0.00941	0.00892	0.01503	0.63326	0.19964	0.01058	0.01315	0.01239	0.00953	0.01259	0.00832	0.01216	0.00645	0.00462	0.00489	0.00153	0.02564	0.00414	0.00212	0.00564
8	0.02028	0.00779	0.01060	0.00818	0.01167	0.00674	0.00674	0.02209	0.01331	0.77762	0.05122	0.01662	0.01287	0.00591	0.00471	0.00144	0.00388	0.00483	0.00573	0.00777
9	0.01151	0.01105	0.01888	0.02855	0.80748	0.01105	0.01428	0.01428	0.01059	0.01520	0.00875	0.01151	0.00737	0.00415	0.00461	0.00138	0.00553	0.00415	0.00230	0.00737
10	0.00635	0.00475	0.00590	0.00561	0.00681	0.00429	0.00421	0.00833	0.01262	0.01736	0.64362	0.03688	0.20611	0.00999	0.00549	0.00149	0.00223	0.00871	0.00495	0.00429
11	0.01392	0.24996	0.22329	0.01120	0.01519	0.38644	0.01083	0.01629	0.01128	0.01213	0.00729	0.00850	0.00596	0.00447	0.00392	0.00121	0.00705	0.00297	0.00217	0.00594
12	0.00933	0.02406	0.81240	0.01326	0.02014	0.01080	0.01719	0.01473	0.00982	0.01473	0.00835	0.00982	0.00589	0.00442	0.00442	0.00147	0.00688	0.00344	0.00196	0.00688
13	0.00618	0.00426	0.00525	0.00583	0.00597	0.00412	0.00362	0.00661	0.00792	0.01055	0.02056	0.46180	0.02436	0.39500	0.01415	0.00310	0.00354	0.01024	0.00362	0.00333
14	0.01211	0.01100	0.01276	0.01378	0.18196	0.06669	0.02450	0.04630	0.49692	0.03180	0.01640	0.01605	0.03708	0.00584	0.00471	0.00150	0.00449	0.00497	0.00401	0.00713
15	0.00965	0.00827	0.00965	0.00689	0.01102	0.00620	0.00551	0.01171	0.00965	0.01516	0.00827	0.00965	0.00689	0.00345	0.00345	0.00069	0.00345	0.00276	0.00276	0.86494
16	0.01754	0.01726	0.01360	0.01130	0.01441	0.38627	0.00891	0.43401	0.01785	0.02102	0.00933	0.00988	0.00702	0.00522	0.00444	0.00130	0.00663	0.00364	0.00361	0.00675
17	0.00566	0.00407	0.00538	0.00642	0.00673	0.00378	0.00429	0.00648	0.00896	0.01190	0.02635	0.80728	0.05650	0.01448	0.00592	0.00188	0.00269	0.01311	0.00432	0.00378
18	0.00879	0.00827	0.01395	0.82532	0.03204	0.01034	0.01292	0.01189	0.00930	0.01189	0.00827	0.01240	0.00620	0.00465	0.00465	0.00155	0.00620	0.00413	0.00207	0.00517
19	0.00665	0.00498	0.00748	0.00748	0.00831	0.00582	0.00582	0.00831	0.00748	0.01080	0.01246	0.01828	0.01163	0.03489	0.81807	0.00748	0.01246	0.00498	0.00249	0.00415
20	0.00867	0.00434	0.00434	0.00434	0.00542	0.00434	0.00325	0.01084	0.00976	0.01734	0.01518	0.01734	0.01192	0.00542	0.00325	0.00108	0.00217	0.00434	0.86233	0.00434
21	0.02063	0.00830	0.01104	0.00846	0.01207	0.00741	0.00699	0.08082	0.01396	0.75165	0.01781	0.01548	0.01124	0.00574	0.00468	0.00144	0.00405	0.00464	0.00567	0.00792
22	0.00665	0.00498	0.00748	0.00748	0.00831	0.00582	0.00582	0.00831	0.00748	0.01080	0.01246	0.01828	0.01163	0.03489	0.81807	0.00748	0.01246	0.00498	0.00249	0.00415
23	0.01706	0.02166	0.01301	0.01185	0.01420	0.79364	0.00889	0.01827	0.01301	0.01137	0.00735	0.00868	0.00616	0.00569	0.02844	0.00139	0.00851	0.00306	0.00240	0.00536
24	0.00586	0.00467	0.00525	0.00522	0.00654	0.00406	0.00387	0.00734	0.01130	0.01448	0.29018	0.10431	0.49794	0.01127	0.00553	0.00156	0.00233	0.00964	0.00458	0.00406
25	0.56220	0.01045	0.00941	0.00777	0.01096	0.01188	0.00641	0.29437	0.01295	0.02392	0.00817	0.00886	0.00607	0.00478	0.00352	0.00142	0.00415	0.00312	0.00352	0.00607
26	0.40805	0.01621	0.37601	0.00975	0.01453	0.01092	0.01090	0.07610	0.00990	0.01874	0.00771	0.00888	0.00566	0.00447	0.00373	0.00145	0.00522	0.00307	0.00260	0.00611
27	0.43924	0.01357	0.01058	0.01060	0.09215	0.26128	0.00751	0.06247	0.03595	0.01782	0.00761	0.00875	0.00604	0.00459	0.00363	0.00136	0.00538	0.00302	0.00284	0.00563

[dist]
# distance from previous block
# <min> <max>
0	5

[block]
# block no. 6 follows, 55 sequences, length 10
# corresponding to MSA columns:
# 302-311
name=unknown_G
#
# <colnr> <probs for GDERKNQSTAVLIFYWHMCP>
#	G	D	E	R	K	N	Q	S	T	A	V	L	I	F	Y	W	H	M	C	P
0	0.10246	0.05959	0.01432	0.01392	0.17748	0.17964	0.00941	0.27107	0.09390	0.01981	0.00989	0.01071	0.00763	0.00498	0.00428	0.00135	0.00557	0.00378	0.00338	0.00682
1	0.00788	0.00516	0.00649	0.00642	0.00786	0.00469	0.00509	0.00965	0.01164	0.09637	0.28436	0.08401	0.25731	0.01083	0.00565	0.00167	0.00292	0.18271	0.00472	0.00456
2	0.01351	0.41818	0.01802	0.00999	0.04629	0.31052	0.00816	0.01491	0.01099	0.01145	0.01099	0.01179	0.08774	0.00508	0.00376	0.00115	0.00599	0.00349	0.00239	0.00561
3	0.01196	0.49795	0.27249	0.01005	0.01478	0.09769	0.01098	0.01466	0.00995	0.01219	0.00714	0.00830	0.00595	0.00420	0.00356	0.00117	0.00593	0.00284	0.00202	0.00620
4	0.00568	0.00426	0.00527	0.00599	0.00664	0.00385	0.00412	0.00666	0.00959	0.01245	0.07635	0.58342	0.23172	0.01356	0.00580	0.00178	0.00258	0.01207	0.00437	0.00385
5	0.00578	0.00413	0.00553	0.00661	0.00693	0.00388	0.00451	0.00667	0.00902	0.01200	0.02558	0.78546	0.03052	0.01447	0.00597	0.00190	0.00280	0.06012	0.00432	0.00381
6	0.00933	0.02406	0.81240	0.01326	0.02014	0.01080	0.01719	0.01473	0.00982	0.01473	0.00835	0.00982	0.00589	0.00442	0.00442	0.00147	0.00688	0.00344	0.00196	0.00688
7	0.00666	0.00482	0.00639	0.00729	0.00810	0.00465	0.00580	0.00815	0.00991	0.01285	0.02684	0.29981	0.11175	0.05851	0.00712	0.00213	0.00358	0.40742	0.00422	0.00400
8	0.00902	0.00873	0.01541	0.73817	0.03121	0.01049	0.09704	0.01221	0.00948	0.01221	0.00839	0.01242	0.00629	0.00457	0.00474	0.00155	0.00638	0.00428	0.00210	0.00529
9	0.33253	0.00847	0.00984	0.14325	0.01417	0.00897	0.00721	0.01764	0.04638	0.34966	0.01231	0.01227	0.00836	0.00507	0.00401	0.00146	0.00419	0.00382	0.00403	0.00637

[dist]
# distance from previous block
# <min> <max>
3	7

[block]
# block no. 7 follows, 55 sequences, length 7
# corresponding to MSA columns:
# 319-325
name=unknown_H
#
# <colnr> <probs for GDERKNQSTAVLIFYWHMCP>
#	G	D	E	R	K	N	Q	S	T	A	V	L	I	F	Y	W	H	M	C	P
0	0.17965	0.15128	0.35096	0.00915	0.01363	0.01052	0.01035	0.01268	0.00955	0.01487	0.01592	0.01642	0.17583	0.00589	0.00411	0.00141	0.00495	0.00446	0.00265	0.00573
1	0.01610	0.23432	0.01609	0.01094	0.01375	0.61028	0.00872	0.01737	0.01221	0.01127	0.00700	0.00815	0.00599	0.00458	0.00388	0.00115	0.00750	0.00286	0.00229	0.00554
2	0.00567	0.00405	0.00540	0.00648	0.00675	0.00378	0.00432	0.00648	0.00891	0.01188	0.02564	0.83347	0.03077	0.01457	0.00594	0.00189	0.00270	0.01323	0.00432	0.00378
3	0.08436	0.29401	0.25672	0.01017	0.01485	0.01435	0.01074	0.23188	0.01291	0.01805	0.00835	0.00922	0.00641	0.00459	0.00387	0.00129	0.00547	0.00325	0.00280	0.00671
4	0.01393	0.04262	0.01113	0.00886	0.01102	0.04001	0.00721	0.08378	0.04414	0.28679	0.16572	0.05865	0.01738	0.00743	0.00683	0.00157	0.15808	0.02423	0.00441	0.00622
5	0.00590	0.00415	0.00533	0.00618	0.00639	0.00393	0.00400	0.00654	0.00845	0.01127	0.02331	0.66267	0.02782	0.18939	0.00971	0.00245	0.00308	0.01185	0.00400	0.00357
6	0.00889	0.00637	0.00931	0.01089	0.17765	0.00602	0.00671	0.01117	0.01263	0.08738	0.56667	0.02815	0.03329	0.00804	0.00523	0.00144	0.00306	0.00718	0.00458	0.00533

[dist]
# distance from previous block
# <min> <max>
0	2

[block]
# block no. 8 follows, 55 sequences, length 22
# corresponding to MSA columns:
# 328-349
name=unknown_I
#
# <colnr> <probs for GDERKNQSTAVLIFYWHMCP>
#	G	D	E	R	K	N	Q	S	T	A	V	L	I	F	Y	W	H	M	C	P
