[name]
unknown

[dist]
# distance from previous block
# <min> <max>
6	44

[block]
# block no. 0 follows, 42 sequences, length 8
# corresponding to MSA columns:
# 74-81
name=unknown_A
#
# <colnr> <probs for GDERKNQSTAVLIFYWHMCP>
#	G	D	E	R	K	N	Q	S	T	A	V	L	I	F	Y	W	H	M	C	P
0	0.01033	0.01311	0.17591	0.01172	0.01578	0.00892	0.10973	0.01381	0.03293	0.01671	0.03974	0.10440	0.06048	0.12150	0.00903	0.00221	0.00581	0.04618	0.00363	0.19806
1	0.01413	0.01716	0.13154	0.21473	0.04597	0.14908	0.12754	0.10699	0.01447	0.01811	0.01421	0.01661	0.06964	0.00642	0.00608	0.00178	0.02968	0.00545	0.00322	0.00718
2	0.01297	0.01238	0.07492	0.04769	0.01581	0.05472	0.05340	0.12574	0.05254	0.04974	0.12294	0.02687	0.11516	0.00837	0.00584	0.00169	0.00538	0.06503	0.00456	0.14426
3	0.01296	0.00874	0.01033	0.00918	0.01188	0.00855	0.00740	0.13800	0.06645	0.11505	0.13891	0.06893	0.16889	0.01085	0.00633	0.00189	0.00427	0.13759	0.00554	0.06827
4	0.22746	0.01094	0.01471	0.32109	0.12530	0.01269	0.01197	0.08006	0.01266	0.02025	0.07126	0.01531	0.01123	0.00618	0.00564	0.00181	0.03637	0.00492	0.00337	0.00679
5	0.06377	0.00898	0.01041	0.00887	0.01168	0.00904	0.00702	0.11061	0.11447	0.18998	0.26724	0.02828	0.08090	0.00893	0.00583	0.00175	0.00393	0.00744	0.05360	0.00727
6	0.01805	0.01556	0.02094	0.01829	0.12184	0.08315	0.18830	0.30103	0.07929	0.07607	0.01353	0.01466	0.00994	0.00604	0.00583	0.00174	0.00717	0.00546	0.00443	0.00868
7	0.00993	0.00919	0.07197	0.12531	0.01504	0.00832	0.00855	0.11038	0.01272	0.01706	0.02202	0.40910	0.02434	0.11818	0.00946	0.00253	0.00500	0.01086	0.00440	0.00565

[dist]
# distance from previous block
# <min> <max>
2	11

[block]
# block no. 1 follows, 42 sequences, length 27
# corresponding to MSA columns:
# 95-121
name=unknown_B
#
# <colnr> <probs for GDERKNQSTAVLIFYWHMCP>
#	G	D	E	R	K	N	Q	S	T	A	V	L	I	F	Y	W	H	M	C	P
0	0.01567	0.01205	0.01548	0.01188	0.01595	0.01205	0.09390	0.31400	0.01810	0.05757	0.05148	0.01749	0.04052	0.00968	0.07570	0.00219	0.00645	0.00549	0.03152	0.19283
1	0.01437	0.01360	0.12238	0.10164	0.01840	0.01238	0.01105	0.02481	0.41917	0.12493	0.02136	0.02057	0.05561	0.00735	0.00570	0.00186	0.00532	0.00610	0.00501	0.00838
2	0.01056	0.00737	0.01041	0.27166	0.01794	0.00810	0.00799	0.01203	0.00994	0.08105	0.01552	0.02783	0.01548	0.46015	0.01876	0.00391	0.00609	0.00688	0.00342	0.00493
3	0.27007	0.16555	0.13786	0.01088	0.01453	0.03697	0.01043	0.01636	0.01054	0.05427	0.00913	0.01133	0.00749	0.00698	0.00782	0.05022	0.15143	0.00386	0.01766	0.00663
4	0.01346	0.01441	0.02963	0.02148	0.02642	0.01408	0.60026	0.01759	0.01273	0.04078	0.01117	0.01479	0.00856	0.00540	0.00791	0.00191	0.10273	0.00625	0.00295	0.04749
5	0.01108	0.10340	0.18876	0.45540	0.03016	0.01313	0.01536	0.01514	0.01170	0.01551	0.04489	0.01705	0.01058	0.00619	0.00548	0.00181	0.00719	0.03768	0.00275	0.00674
6	0.01094	0.01044	0.01800	0.70997	0.07869	0.01263	0.05100	0.01472	0.01144	0.01478	0.01010	0.01495	0.00763	0.00555	0.00567	0.00187	0.00755	0.00508	0.00253	0.00646
7	0.01143	0.01806	0.31047	0.01866	0.14158	0.01170	0.17838	0.01577	0.01189	0.01701	0.04570	0.01811	0.01192	0.11095	0.05170	0.00267	0.00806	0.00575	0.00289	0.00730
8	0.01585	0.46366	0.04781	0.00958	0.01378	0.01592	0.00907	0.01805	0.01316	0.17682	0.12365	0.01799	0.01628	0.00664	0.00470	0.00147	0.00531	0.02881	0.00403	0.00741
9	0.00674	0.00536	0.00606	0.00662	0.00784	0.00467	0.00468	0.00797	0.01195	0.01484	0.04584	0.37393	0.45227	0.01570	0.00688	0.00207	0.00303	0.01365	0.00523	0.00467
10	0.00822	0.00594	0.00724	0.00742	0.00820	0.00597	0.00523	0.00985	0.03732	0.01405	0.07791	0.08133	0.11776	0.36498	0.11690	0.00451	0.00599	0.11253	0.00422	0.00444
11	0.09005	0.21833	0.06132	0.25330	0.07955	0.08242	0.01239	0.04400	0.01268	0.08177	0.01036	0.01255	0.00800	0.00549	0.00485	0.00161	0.00677	0.00420	0.00312	0.00724
12	0.01091	0.01821	0.34172	0.45678	0.03257	0.01275	0.01785	0.01586	0.01152	0.01586	0.01004	0.01366	0.00734	0.00551	0.00551	0.00184	0.00785	0.00464	0.00245	0.00714
13	0.00697	0.00496	0.00655	0.00772	0.00806	0.00465	0.00513	0.00796	0.01083	0.01449	0.05817	0.72924	0.03693	0.05918	0.00831	0.00243	0.00336	0.01536	0.00516	0.00454
14	0.01041	0.01179	0.08477	0.01730	0.09268	0.00990	0.29332	0.01356	0.01204	0.01647	0.01963	0.35129	0.02077	0.01036	0.00666	0.00203	0.00644	0.01029	0.00382	0.00649
15	0.01581	0.01642	0.24872	0.05389	0.09462	0.01107	0.12325	0.01993	0.01382	0.24976	0.08247	0.01770	0.01380	0.00629	0.00579	0.00178	0.00669	0.00566	0.00425	0.00828
16	0.01709	0.01248	0.01364	0.01128	0.01487	0.01368	0.00904	0.30952	0.30620	0.09560	0.08479	0.02114	0.04936	0.00785	0.00580	0.00179	0.00494	0.00636	0.00582	0.00874
17	0.01720	0.00813	0.01070	0.00922	0.01223	0.00737	0.00754	0.02009	0.04862	0.40640	0.15929	0.03405	0.09299	0.00993	0.00629	0.00191	0.00428	0.12985	0.00631	0.00760
18	0.01222	0.01579	0.18903	0.27009	0.02775	0.01380	0.16577	0.01622	0.01145	0.04424	0.01023	0.01394	0.00785	0.00631	0.00842	0.00198	0.16995	0.00516	0.00270	0.00709
19	0.01259	0.15060	0.08546	0.04228	0.07665	0.01417	0.39076	0.01644	0.01279	0.01706	0.05037	0.04171	0.05094	0.00608	0.00593	0.00176	0.00766	0.00640	0.00308	0.00728
20	0.00994	0.00586	0.00604	0.00596	0.00748	0.00584	0.00448	0.01337	0.07039	0.02015	0.05885	0.04967	0.13491	0.00839	0.00472	0.00150	0.00282	0.00691	0.57728	0.00544
21	0.01597	0.01403	0.02439	0.10774	0.06079	0.01421	0.35930	0.21467	0.01674	0.07912	0.01297	0.03073	0.00970	0.00583	0.00614	0.00182	0.00776	0.00607	0.00391	0.00812
22	0.01273	0.02746	0.05599	0.14710	0.28180	0.05995	0.14990	0.03368	0.01297	0.01735	0.03995	0.10877	0.01338	0.00691	0.00594	0.00181	0.00705	0.00665	0.00321	0.00740
23	0.01348	0.01401	0.03356	0.18747	0.14346	0.07169	0.23950	0.02991	0.04444	0.03205	0.01195	0.02582	0.02016	0.00619	0.00745	0.00189	0.10091	0.00571	0.00304	0.00732
24	0.00809	0.00581	0.00793	0.00793	0.00855	0.00643	0.00565	0.00933	0.00871	0.01224	0.01609	0.02775	0.01652	0.33332	0.49216	0.00767	0.01139	0.00685	0.00317	0.00441
25	0.47467	0.02538	0.04078	0.03297	0.03277	0.06669	0.00876	0.19639	0.01457	0.04649	0.00989	0.01094	0.00740	0.00569	0.00436	0.00170	0.00554	0.00380	0.00396	0.00724
26	0.55204	0.04729	0.01182	0.00928	0.01307	0.04888	0.00768	0.21048	0.01441	0.02692	0.00938	0.01034	0.00712	0.00564	0.00413	0.00169	0.00517	0.00361	0.00398	0.00708

[dist]
# distance from previous block
# <min> <max>
0	2

[block]
# block no. 2 follows, 42 sequences, length 28
# corresponding to MSA columns:
# 124-151
name=unknown_C
#
# <colnr> <probs for GDERKNQSTAVLIFYWHMCP>
#	G	D	E	R	K	N	Q	S	T	A	V	L	I	F	Y	W	H	M	C	P
0	0.01454	0.01245	0.01839	0.10886	0.39163	0.01322	0.01380	0.07766	0.18495	0.05852	0.03910	0.01683	0.01242	0.00613	0.00566	0.00176	0.00600	0.00553	0.00398	0.00858
1	0.01190	0.02536	0.59148	0.02014	0.17775	0.01317	0.04639	0.01772	0.01212	0.01795	0.01025	0.01242	0.00755	0.00526	0.00544	0.00176	0.00802	0.00443	0.00248	0.00841
2	0.00692	0.00492	0.00651	0.00775	0.00806	0.00461	0.00514	0.00785	0.01065	0.01420	0.03037	0.76162	0.03641	0.05567	0.00822	0.00244	0.00337	0.01562	0.00514	0.00451
3	0.02383	0.00926	0.01261	0.00977	0.01388	0.00803	0.00803	0.02605	0.01609	0.70953	0.08315	0.02103	0.01715	0.00734	0.00574	0.00174	0.00461	0.00603	0.00690	0.00923
4	0.01451	0.01234	0.01301	0.01156	0.01483	0.01424	0.00903	0.07975	0.70627	0.02437	0.02225	0.02048	0.01665	0.00757	0.00572	0.00189	0.00457	0.00627	0.00572	0.00895
5	0.01149	0.07120	0.73276	0.01569	0.02382	0.01357	0.02019	0.01777	0.01186	0.01757	0.00998	0.01173	0.00713	0.00532	0.00525	0.00175	0.00819	0.00410	0.00238	0.00826
6	0.01324	0.07369	0.12039	0.20961	0.14820	0.04582	0.10882	0.05943	0.04147	0.01761	0.01087	0.01394	0.00852	0.00583	0.00649	0.00178	0.06883	0.00496	0.03303	0.00747
7	0.01519	0.74171	0.05503	0.01008	0.01493	0.05750	0.01008	0.01715	0.01166	0.01343	0.00794	0.00918	0.00722	0.00488	0.00374	0.00124	0.00629	0.00308	0.00243	0.00723
8	0.03148	0.18789	0.35977	0.01255	0.01868	0.01422	0.01402	0.05998	0.06543	0.01843	0.01127	0.03489	0.00905	0.00565	0.00485	0.00153	0.00655	0.00432	0.00307	0.13639
9	0.03195	0.01162	0.01283	0.09424	0.03225	0.05767	0.00917	0.26502	0.09518	0.02390	0.09582	0.17762	0.02028	0.00931	0.00592	0.00183	0.00526	0.00784	0.03504	0.00725
10	0.00836	0.00592	0.00721	0.00679	0.00843	0.00527	0.00513	0.01061	0.01497	0.05540	0.50785	0.04476	0.27417	0.01215	0.00660	0.00181	0.00282	0.01050	0.00593	0.00534
11	0.07618	0.01226	0.02118	0.05962	0.02133	0.01213	0.33212	0.11404	0.01442	0.12317	0.01496	0.08291	0.01252	0.06785	0.00782	0.00214	0.00708	0.00685	0.00405	0.00736
12	0.01286	0.06174	0.49905	0.01494	0.04550	0.05441	0.01667	0.01937	0.10097	0.05597	0.01324	0.05750	0.01044	0.00638	0.00542	0.00177	0.00733	0.00511	0.00321	0.00811
13	0.00702	0.00497	0.00648	0.00763	0.00792	0.00468	0.00500	0.00788	0.01046	0.01394	0.02940	0.70571	0.03518	0.11326	0.00980	0.00267	0.00353	0.01505	0.00500	0.00443
14	0.01049	0.00525	0.00525	0.00525	0.00656	0.00525	0.00393	0.01311	0.01180	0.02098	0.01836	0.02098	0.01442	0.00656	0.00393	0.00131	0.00262	0.00525	0.83346	0.00525
15	0.01314	0.41225	0.40617	0.01288	0.01947	0.01761	0.01528	0.01734	0.01166	0.01556	0.00898	0.01047	0.00717	0.00508	0.00449	0.00150	0.00718	0.00359	0.00239	0.00778
16	0.01838	0.01007	0.01230	0.00987	0.01326	0.00990	0.00797	0.22757	0.01900	0.31127	0.26737	0.02518	0.02576	0.00842	0.00598	0.00174	0.00448	0.00700	0.00633	0.00815
17	0.00782	0.00492	0.00677	0.00761	0.00783	0.00470	0.00505	0.00769	0.00960	0.01280	0.02386	0.52491	0.02799	0.04799	0.01264	0.26360	0.00386	0.01222	0.00428	0.00386
18	0.01129	0.02911	0.77306	0.01604	0.02436	0.01307	0.02079	0.01782	0.01188	0.01782	0.01010	0.01188	0.00713	0.00535	0.00535	0.00178	0.00832	0.00416	0.00238	0.00832
19	0.05889	0.22067	0.34663	0.21237	0.02478	0.01524	0.01580	0.01662	0.01148	0.01619	0.00937	0.01180	0.00719	0.00528	0.00487	0.00166	0.00730	0.00402	0.00248	0.00738
20	0.01136	0.00691	0.00882	0.00863	0.01030	0.00669	0.00644	0.01493	0.10876	0.14996	0.19859	0.35113	0.03403	0.01296	0.00663	0.00204	0.00364	0.04618	0.00582	0.00620
21	0.00729	0.00516	0.00659	0.00757	0.00795	0.00490	0.00507	0.00819	0.01045	0.01383	0.02907	0.55597	0.06090	0.18543	0.01180	0.00297	0.00385	0.06382	0.00483	0.00437
22	0.15337	0.01407	0.01647	0.01284	0.01711	0.03205	0.09446	0.37032	0.10296	0.10926	0.01423	0.01437	0.01016	0.00637	0.00540	0.00175	0.00602	0.00510	0.00505	0.00863
23	0.00926	0.00782	0.01138	0.01068	0.01140	0.00995	0.00854	0.01105	0.00892	0.01320	0.01288	0.01931	0.01216	0.03297	0.56261	0.00717	0.23678	0.00571	0.00286	0.00535
24	0.84197	0.01088	0.00827	0.00740	0.01088	0.01262	0.00609	0.01654	0.00958	0.02525	0.00784	0.00914	0.00609	0.00522	0.00348	0.00174	0.00435	0.00305	0.00348	0.00609
25	0.00686	0.00490	0.00653	0.00784	0.00816	0.00457	0.00522	0.00784	0.01077	0.01437	0.03102	0.79855	0.03722	0.01763	0.00718	0.00229	0.00326	0.01600	0.00522	0.00457
26	0.01139	0.01078	0.01825	0.61532	0.20620	0.01270	0.01601	0.01504	0.01161	0.01530	0.01014	0.01476	0.00783	0.00549	0.00561	0.00183	0.00731	0.00500	0.00257	0.00686
27	0.01399	0.01448	0.02745	0.02010	0.02522	0.01419	0.52884	0.07823	0.14596	0.02041	0.01354	0.01594	0.01014	0.00539	0.00630	0.00184	0.00813	0.00634	0.00360	0.03990

[dist]
# distance from previous block
# <min> <max>
0	11

[block]
# block no. 3 follows, 42 sequences, length 17
# corresponding to MSA columns:
# 165-181
name=unknown_D
#
# <colnr> <probs for GDERKNQSTAVLIFYWHMCP>
#	G	D	E	R	K	N	Q	S	T	A	V	L	I	F	Y	W	H	M	C	P
0	0.02091	0.00954	0.01228	0.00990	0.01364	0.00895	0.00800	0.02569	0.15341	0.53484	0.11911	0.02248	0.01964	0.00768	0.00580	0.00178	0.00445	0.00638	0.00664	0.00890
1	0.09757	0.01131	0.01328	0.01053	0.01459	0.01139	0.00861	0.19378	0.10657	0.41624	0.04437	0.01793	0.01393	0.00699	0.00549	0.00175	0.00496	0.00552	0.00616	0.00903
2	0.15406	0.01210	0.01264	0.01067	0.01312	0.06002	0.00841	0.28816	0.01554	0.02263	0.01053	0.01350	0.00868	0.01050	0.01136	0.24526	0.08804	0.00457	0.00384	0.00637
3	0.00809	0.00613	0.00723	0.00770	0.00884	0.00593	0.00570	0.01046	0.06679	0.01513	0.03488	0.20837	0.24016	0.17640	0.01145	0.00286	0.00411	0.17004	0.00488	0.00484
4	0.00958	0.00666	0.00787	0.00725	0.00911	0.00575	0.00511	0.01081	0.01109	0.07075	0.02736	0.22716	0.16552	0.21766	0.01190	0.00268	0.00407	0.00964	0.00447	0.18557
5	0.01176	0.01225	0.02481	0.01831	0.02216	0.01177	0.50668	0.01501	0.01165	0.01581	0.01311	0.02141	0.01198	0.23758	0.01343	0.00295	0.03297	0.00704	0.00300	0.00633
6	0.02102	0.02682	0.01595	0.01450	0.01740	0.77963	0.01087	0.02247	0.01595	0.01377	0.00870	0.01015	0.00725	0.00580	0.00507	0.00145	0.01015	0.00362	0.00290	0.00652
7	0.00834	0.00610	0.00798	0.00852	0.00986	0.00583	0.00700	0.01067	0.01362	0.01805	0.25132	0.05461	0.14725	0.04716	0.00814	0.00236	0.00410	0.37859	0.00541	0.00508
8	0.01009	0.00952	0.01586	0.01329	0.01495	0.01051	0.17690	0.01233	0.01175	0.01658	0.16362	0.24819	0.02532	0.01128	0.01015	0.00215	0.22800	0.00958	0.00409	0.00586
9	0.12001	0.10226	0.60097	0.01429	0.02164	0.01391	0.01779	0.01756	0.01154	0.01835	0.00958	0.01125	0.00700	0.00528	0.00493	0.00172	0.00758	0.00390	0.00252	0.00792
10	0.00804	0.00884	0.10700	0.00847	0.01079	0.00659	0.00765	0.01043	0.01161	0.01541	0.03427	0.08911	0.32298	0.01991	0.19536	0.00370	0.00681	0.08403	0.04367	0.00534
11	0.00785	0.00555	0.00705	0.00707	0.00789	0.00524	0.00493	0.00956	0.01304	0.01811	0.43248	0.17595	0.04177	0.20582	0.01214	0.00278	0.00351	0.02923	0.00532	0.00471
12	0.31002	0.01107	0.01074	0.00932	0.01252	0.01238	0.00745	0.15159	0.21072	0.02563	0.11478	0.02036	0.06656	0.00756	0.00509	0.00179	0.00439	0.00581	0.00493	0.00727
13	0.46837	0.01043	0.01014	0.03135	0.01289	0.01056	0.00683	0.01721	0.01109	0.12019	0.01041	0.01136	0.00781	0.00515	0.00403	0.00148	0.00445	0.00353	0.00386	0.24887
14	0.12802	0.01425	0.01274	0.04010	0.01504	0.18342	0.00860	0.13970	0.05049	0.08722	0.01443	0.11517	0.01265	0.00733	0.00518	0.00160	0.00595	0.00571	0.00429	0.14811
15	0.04832	0.07493	0.18043	0.06415	0.01865	0.01382	0.01216	0.26368	0.03920	0.14137	0.06312	0.01660	0.01276	0.00670	0.00545	0.00172	0.00614	0.01778	0.00463	0.00839
16	0.44357	0.01171	0.01117	0.00943	0.01299	0.01300	0.00771	0.23980	0.01542	0.08277	0.01302	0.06611	0.01081	0.00704	0.00471	0.00179	0.00491	0.03218	0.00458	0.00728

[dist]
# distance from previous block
# <min> <max>
1	12

[block]
# block no. 4 follows, 42 sequences, length 111
# corresponding to MSA columns:
# 194-304
name=unknown_E
#
# <colnr> <probs for GDERKNQSTAVLIFYWHMCP>
#	G	D	E	R	K	N	Q	S	T	A	V	L	I	F	Y	W	H	M	C	P
0	0.07759	0.11218	0.01520	0.01016	0.01443	0.01329	0.00849	0.24454	0.07414	0.12960	0.01384	0.01402	0.01023	0.00592	0.00482	0.00145	0.00506	0.00448	0.05201	0.18857
1	0.06539	0.07773	0.01575	0.01212	0.01589	0.33459	0.00963	0.14406	0.04378	0.13735	0.01215	0.01252	0.00908	0.00596	0.00500	0.00149	0.00727	0.00418	0.00413	0.08193
2	0.07096	0.01618	0.01292	0.01129	0.01420	0.27471	0.00875	0.17508	0.10791	0.02248	0.14909	0.01872	0.01773	0.00728	0.00537	0.00162	0.00631	0.00554	0.06673	0.00712
3	0.11638	0.12230	0.18126	0.01320	0.01765	0.37349	0.01221	0.03996	0.04471	0.01695	0.00951	0.01080	0.00755	0.00561	0.00480	0.00155	0.00819	0.00375	0.00298	0.00713
4	0.11669	0.25587	0.29004	0.15339	0.02248	0.01571	0.04090	0.01675	0.01139	0.01676	0.00916	0.01137	0.00715	0.00520	0.00469	0.00162	0.00702	0.00392	0.00256	0.00731
5	0.01509	0.00983	0.01166	0.00963	0.01313	0.00940	0.00758	0.07657	0.18197	0.18977	0.08157	0.10438	0.01871	0.00864	0.02124	0.00175	0.00452	0.00669	0.00531	0.22256
6	0.01240	0.00965	0.00967	0.00894	0.01118	0.04177	0.00679	0.02153	0.38920	0.02141	0.06494	0.02284	0.01824	0.05958	0.00667	0.00192	0.00405	0.00623	0.27597	0.00704
7	0.00816	0.00544	0.00615	0.00617	0.00618	0.00544	0.00345	0.00818	0.00824	0.01099	0.01802	0.05314	0.02082	0.78543	0.02818	0.00539	0.00541	0.00835	0.00345	0.00343
8	0.00978	0.00489	0.00733	0.00733	0.00733	0.00489	0.00489	0.00733	0.00733	0.00978	0.00978	0.01711	0.00978	0.01955	0.02199	0.83627	0.00489	0.00489	0.00244	0.00244
9	0.01445	0.68206	0.14780	0.01065	0.01602	0.02080	0.01141	0.01701	0.01151	0.01397	0.00819	0.00948	0.00721	0.00490	0.00389	0.00130	0.00638	0.00319	0.00240	0.00740
10	0.00818	0.00546	0.00614	0.00614	0.00614	0.00546	0.00341	0.00818	0.00818	0.01091	0.01773	0.03683	0.02046	0.80222	0.02864	0.00546	0.00546	0.00818	0.00341	0.00341
11	0.01555	0.00673	0.00793	0.00688	0.00924	0.00628	0.00542	0.01802	0.01328	0.27827	0.01968	0.02035	0.01425	0.00670	0.00453	0.00146	0.00337	0.00539	0.54995	0.00673
12	0.01376	0.01451	0.08273	0.04035	0.10422	0.01326	0.33660	0.14876	0.01468	0.02009	0.01241	0.01709	0.01017	0.08862	0.05482	0.00262	0.00836	0.00606	0.00337	0.00754
13	0.01519	0.01534	0.01685	0.11157	0.03596	0.18394	0.10618	0.11330	0.18708	0.01987	0.03730	0.01882	0.07070	0.00713	0.00623	0.00178	0.03532	0.00591	0.00410	0.00743
14	0.01194	0.01193	0.01774	0.01484	0.01567	0.02869	0.09769	0.01362	0.00932	0.01391	0.00915	0.01470	0.00879	0.04553	0.10051	0.00322	0.56868	0.00536	0.00261	0.00609
15	0.00686	0.00490	0.00653	0.00784	0.00816	0.00457	0.00522	0.00784	0.01077	0.01437	0.03102	0.79855	0.03722	0.01763	0.00718	0.00229	0.00326	0.01600	0.00522	0.00457
16	0.01400	0.01209	0.01273	0.01145	0.01463	0.01400	0.00891	0.02990	0.75695	0.02354	0.02291	0.02100	0.01718	0.00764	0.00573	0.00191	0.00445	0.00636	0.00573	0.00891
17	0.01471	0.01398	0.01394	0.17968	0.01993	0.19020	0.00978	0.01758	0.03305	0.07252	0.01095	0.01285	0.00855	0.00517	0.00485	0.00130	0.00635	0.00402	0.00339	0.37720
18	0.01291	0.18482	0.01990	0.01366	0.01470	0.01833	0.01173	0.01426	0.00923	0.01348	0.00748	0.01160	0.00735	0.00875	0.01524	0.00219	0.62103	0.00451	0.00245	0.00639
19	0.01129	0.02911	0.77306	0.01604	0.02436	0.01307	0.02079	0.01782	0.01188	0.01782	0.01010	0.01188	0.00713	0.00535	0.00535	0.00178	0.00832	0.00416	0.00238	0.00832
20	0.01126	0.01065	0.01803	0.64339	0.17909	0.01267	0.01595	0.01494	0.01155	0.01515	0.01011	0.01480	0.00777	0.00551	0.00562	0.00184	0.00734	0.00500	0.00256	0.00676
21	0.01262	0.10877	0.32780	0.03685	0.02594	0.01462	0.35769	0.01773	0.01247	0.01733	0.01044	0.01317	0.00780	0.00501	0.00576	0.00177	0.00859	0.00521	0.00260	0.00781
22	0.01063	0.01000	0.01688	0.78870	0.03876	0.01250	0.01563	0.01438	0.01125	0.01438	0.01000	0.01500	0.00750	0.00563	0.00563	0.00188	0.00750	0.00500	0.00250	0.00625
23	0.00812	0.00572	0.00748	0.00748	0.00795	0.00619	0.00509	0.00905	0.00858	0.01191	0.01650	0.03001	0.01750	0.45040	0.37643	0.00712	0.00991	0.00719	0.00323	0.00416
24	0.04207	0.03314	0.22068	0.01076	0.01465	0.01029	0.01077	0.10744	0.06328	0.03692	0.04746	0.11157	0.03255	0.00871	0.00557	0.00181	0.00528	0.07547	0.15462	0.00696
25	0.11763	0.19986	0.10505	0.01403	0.01878	0.12743	0.15997	0.06749	0.08268	0.04018	0.01111	0.01246	0.00861	0.00550	0.00500	0.00162	0.00720	0.00449	0.00335	0.00755
26	0.00686	0.00490	0.00653	0.00784	0.00816	0.00457	0.00522	0.00784	0.01077	0.01437	0.03102	0.79855	0.03722	0.01763	0.00718	0.00229	0.00326	0.01600	0.00522	0.00457
27	0.01378	0.01370	0.02286	0.21243	0.35849	0.04916	0.16694	0.06108	0.01350	0.01816	0.01070	0.01425	0.00846	0.00525	0.00579	0.00176	0.00759	0.00529	0.00291	0.00793
28	0.01265	0.01328	0.02222	0.01727	0.01985	0.05416	0.31335	0.01532	0.01101	0.01544	0.01051	0.01584	0.00930	0.06792	0.03869	0.00258	0.31697	0.00586	0.03127	0.00649
29	0.00736	0.00573	0.00668	0.00644	0.00803	0.00505	0.00483	0.00944	0.01449	0.01916	0.43692	0.04765	0.38245	0.01278	0.00664	0.00183	0.00275	0.01096	0.00575	0.00505
30	0.04135	0.00691	0.00921	0.03492	0.03418	0.00716	0.00638	0.08997	0.01148	0.01618	0.14680	0.02086	0.01747	0.01491	0.01522	0.48762	0.00469	0.00581	0.02461	0.00428
31	0.01516	0.01381	0.01330	0.01185	0.01508	0.09212	0.00921	0.07223	0.63774	0.02326	0.02090	0.01944	0.01571	0.00740	0.00565	0.00185	0.00514	0.00601	0.00543	0.00870
32	0.01528	0.01523	0.01901	0.24202	0.34627	0.18609	0.01482	0.01824	0.01328	0.06134	0.01069	0.01369	0.00844	0.00548	0.00548	0.00168	0.00759	0.00473	0.00298	0.00766
33	0.03978	0.00870	0.01174	0.20159	0.01756	0.01016	0.00921	0.03589	0.06801	0.04945	0.13744	0.05186	0.01890	0.03442	0.04564	0.00232	0.11397	0.00652	0.13070	0.00615
34	0.84197	0.01088	0.00827	0.00740	0.01088	0.01262	0.00609	0.01654	0.00958	0.02525	0.00784	0.00914	0.00609	0.00522	0.00348	0.00174	0.00435	0.00305	0.00348	0.00609
35	0.01063	0.00985	0.01644	0.58084	0.14038	0.01163	0.01455	0.01397	0.01142	0.01496	0.01274	0.11383	0.01146	0.00705	0.00582	0.00190	0.00685	0.00639	0.00289	0.00642
36	0.66438	0.01060	0.00931	0.00797	0.01164	0.01168	0.00657	0.01891	0.01100	0.18742	0.01096	0.01132	0.00780	0.00560	0.00396	0.00174	0.00445	0.00362	0.00424	0.00685
37	0.01089	0.01027	0.01735	0.72893	0.09648	0.01257	0.01576	0.01461	0.01138	0.01470	0.01005	0.01492	0.00761	0.00558	0.00562	0.00186	0.00744	0.00500	0.00252	0.00646
38	0.02525	0.00958	0.01306	0.01001	0.01437	0.00827	0.00827	0.02743	0.01611	0.77102	0.02220	0.01915	0.01393	0.00697	0.00566	0.00174	0.00479	0.00566	0.00697	0.00958
39	0.00781	0.00532	0.00637	0.00681	0.00696	0.00522	0.00417	0.00820	0.00915	0.01219	0.02224	0.27123	0.02603	0.53301	0.02130	0.00438	0.00477	0.03696	0.00403	0.00383
40	0.00676	0.00539	0.00607	0.00656	0.00784	0.00470	0.00467	0.00805	0.01211	0.01506	0.06462	0.34185	0.46555	0.01549	0.00686	0.00205	0.00301	0.01343	0.00525	0.00470
41	0.01063	0.01000	0.01688	0.78870	0.03876	0.01250	0.01563	0.01438	0.01125	0.01438	0.01000	0.01500	0.00750	0.00563	0.00563	0.00188	0.00750	0.00500	0.00250	0.00625
42	0.02477	0.01034	0.01353	0.01037	0.01475	0.00940	0.00857	0.11617	0.01738	0.68047	0.02113	0.01846	0.01339	0.00694	0.00566	0.00173	0.00496	0.00559	0.00680	0.00958
43	0.01330	0.00972	0.01057	0.00934	0.01182	0.01051	0.00710	0.12313	0.29455	0.06829	0.02425	0.02688	0.11006	0.15319	0.03816	0.00272	0.00495	0.00706	0.06727	0.00711
44	0.00686	0.00490	0.00653	0.00784	0.00816	0.00457	0.00522	0.00784	0.01077	0.01437	0.03102	0.79855	0.03722	0.01763	0.00718	0.00229	0.00326	0.01600	0.00522	0.00457
45	0.02102	0.02682	0.01595	0.01450	0.01740	0.77963	0.01087	0.02247	0.01595	0.01377	0.00870	0.01015	0.00725	0.00580	0.00507	0.00145	0.01015	0.00362	0.00290	0.00652
46	0.01129	0.02911	0.77306	0.01604	0.02436	0.01307	0.02079	0.01782	0.01188	0.01782	0.01010	0.01188	0.00713	0.00535	0.00535	0.00178	0.00832	0.00416	0.00238	0.00832
47	0.01341	0.01381	0.01860	0.23656	0.24059	0.11110	0.01450	0.01599	0.01150	0.01521	0.00921	0.01326	0.00785	0.00675	0.00944	0.00194	0.24581	0.00481	0.00262	0.00703
48	0.01863	0.01145	0.01557	0.30666	0.02449	0.01242	0.01174	0.22221	0.01713	0.27977	0.01516	0.01601	0.01028	0.00640	0.00564	0.00178	0.00621	0.00525	0.00490	0.00831
49	0.00686	0.00490	0.00653	0.00784	0.00816	0.00457	0.00522	0.00784	0.01077	0.01437	0.03102	0.79855	0.03722	0.01763	0.00718	0.00229	0.00326	0.01600	0.00522	0.00457
50	0.01187	0.02027	0.36276	0.01736	0.02267	0.01390	0.20663	0.01648	0.01148	0.01676	0.01071	0.01508	0.00870	0.00751	0.02807	0.00218	0.18449	0.03298	0.00264	0.00744
51	0.01432	0.01189	0.01655	0.49379	0.03038	0.01406	0.01358	0.26166	0.03366	0.02182	0.01165	0.01476	0.00856	0.00607	0.00560	0.00180	0.00689	0.00506	0.02049	0.00741
52	0.00956	0.00827	0.01197	0.01109	0.01174	0.01067	0.00892	0.01130	0.00889	0.01324	0.01233	0.01861	0.01169	0.03066	0.50828	0.00670	0.29221	0.00564	0.00282	0.00543
53	0.00766	0.00553	0.00726	0.00744	0.00847	0.00513	0.00544	0.00979	0.01418	0.01970	0.49627	0.27044	0.06061	0.01359	0.00685	0.00197	0.00296	0.04580	0.00584	0.00507
54	0.00709	0.00527	0.00749	0.00841	0.00893	0.00492	0.03203	0.00820	0.01087	0.01450	0.03031	0.77023	0.03618	0.01717	0.00716	0.00227	0.00349	0.01566	0.00514	0.00468
55	0.01173	0.00955	0.01089	0.01059	0.01299	0.01052	0.00860	0.03596	0.40566	0.02081	0.04844	0.03884	0.07255	0.01100	0.00654	0.00214	0.00459	0.26587	0.00551	0.00721
56	0.00978	0.00489	0.00733	0.00733	0.00733	0.00489	0.00489	0.00733	0.00733	0.00978	0.00978	0.01711	0.00978	0.01955	0.02199	0.83627	0.00489	0.00489	0.00244	0.00244
57	0.00685	0.00492	0.00651	0.00778	0.00815	0.00458	0.00520	0.00784	0.01083	0.01439	0.03172	0.77856	0.05676	0.01754	0.00717	0.00228	0.00325	0.01589	0.00522	0.00458
58	0.18443	0.03978	0.01480	0.01118	0.01543	0.02942	0.00926	0.41930	0.02032	0.18138	0.01387	0.01358	0.00964	0.00641	0.00513	0.00169	0.00561	0.00469	0.00532	0.00875
59	0.01488	0.67472	0.12917	0.01051	0.01578	0.02057	0.01109	0.01733	0.01165	0.03883	0.00860	0.00975	0.00743	0.00496	0.00391	0.00130	0.00629	0.00325	0.00255	0.00745
60	0.06670	0.02156	0.47985	0.01351	0.02010	0.01139	0.03049	0.01790	0.01224	0.10596	0.03643	0.01401	0.00982	0.00712	0.03728	0.00197	0.00731	0.00450	0.00325	0.09862
61	0.04728	0.11379	0.27869	0.01767	0.11982	0.02736	0.14021	0.03219	0.01287	0.08024	0.04371	0.01419	0.01019	0.00571	0.00582	0.00173	0.03247	0.00493	0.00318	0.00795
62	0.01080	0.03732	0.03910	0.01579	0.04664	0.02974	0.30603	0.01431	0.04790	0.01651	0.02113	0.31781	0.05121	0.01029	0.00659	0.00200	0.00634	0.01012	0.00397	0.00640
63	0.00685	0.00492	0.00651	0.00779	0.00815	0.00458	0.00520	0.00784	0.01082	0.01439	0.03162	0.78126	0.05412	0.01755	0.00717	0.00228	0.00326	0.01590	0.00522	0.00458
64	0.01485	0.03789	0.15383	0.07784	0.02059	0.11317	0.09965	0.09035	0.01339	0.06267	0.01116	0.01508	0.00911	0.00720	0.00909	0.00195	0.21680	0.03484	0.00325	0.00730
65	0.01320	0.01403	0.11247	0.34481	0.07370	0.01354	0.06491	0.12810	0.12178	0.01997	0.01274	0.01534	0.00949	0.00598	0.00563	0.00182	0.00694	0.00522	0.02272	0.00763
66	0.00929	0.00735	0.00994	0.00934	0.00983	0.00895	0.00706	0.01056	0.00887	0.01307	0.01419	0.02397	0.01434	0.25532	0.32206	0.00587	0.20135	0.00634	0.05749	0.00484
67	0.00804	0.00601	0.00894	0.00894	0.00991	0.00698	0.00690	0.00998	0.00901	0.01299	0.01517	0.02265	0.01430	0.07001	0.75243	0.00891	0.01472	0.00611	0.00303	0.00497
68	0.01307	0.01793	0.27354	0.01303	0.01797	0.01368	0.01298	0.02576	0.50137	0.02158	0.01851	0.01787	0.01373	0.00685	0.00560	0.00187	0.00578	0.00561	0.00458	0.00870
69	0.01241	0.01099	0.01527	0.01130	0.01562	0.00984	0.10105	0.01499	0.01156	0.04173	0.01017	0.01245	0.00840	0.00519	0.00668	0.00124	0.12360	0.00407	0.00326	0.58018
70	0.00978	0.00489	0.00733	0.00733	0.00733	0.00489	0.00489	0.00733	0.00733	0.00978	0.00978	0.01711	0.00978	0.01955	0.02199	0.83627	0.00489	0.00489	0.00244	0.00244
71	0.02272	0.01364	0.01558	0.01194	0.01639	0.01430	0.00986	0.50105	0.02291	0.28778	0.01649	0.01545	0.01107	0.00683	0.00564	0.00171	0.00571	0.00527	0.00609	0.00957
72	0.00746	0.00533	0.00719	0.00830	0.00895	0.00506	0.00607	0.00897	0.01180	0.01578	0.10922	0.55773	0.03787	0.01652	0.00725	0.00230	0.00362	0.17047	0.00532	0.00478
73	0.00690	0.00493	0.00657	0.00781	0.00817	0.00460	0.00523	0.00794	0.01096	0.01466	0.05752	0.77120	0.03779	0.01741	0.00716	0.00227	0.00324	0.01579	0.00526	0.00460
74	0.00833	0.00689	0.01019	0.27566	0.01880	0.00755	0.00883	0.01068	0.03075	0.01466	0.02516	0.46435	0.07039	0.01305	0.00658	0.00211	0.00472	0.01172	0.00430	0.00527
75	0.01723	0.29098	0.02330	0.01425	0.01805	0.35386	0.12276	0.01929	0.01352	0.01422	0.00872	0.01067	0.00745	0.00556	0.00568	0.00150	0.05940	0.00396	0.00269	0.00690
76	0.11268	0.15780	0.28374	0.01169	0.01734	0.01302	0.01258	0.02019	0.03292	0.22482	0.03153	0.01403	0.01032	0.00586	0.00492	0.00164	0.00612	0.00442	0.00398	0.03039
77	0.01314	0.02697	0.58953	0.01632	0.05363	0.10512	0.01858	0.05425	0.03767	0.01841	0.01054	0.01214	0.00767	0.00553	0.00535	0.00174	0.00824	0.00425	0.00272	0.00821
78	0.01592	0.00746	0.00994	0.00852	0.01119	0.00665	0.00675	0.01818	0.01528	0.36617	0.29158	0.08892	0.05636	0.00999	0.00620	0.00182	0.00379	0.03823	0.02986	0.00719
79	0.01885	0.01336	0.02069	0.01550	0.02013	0.03224	0.26213	0.17547	0.08044	0.25726	0.03411	0.01708	0.01221	0.00630	0.00600	0.00179	0.00675	0.00599	0.00504	0.00866
80	0.07796	0.01331	0.01906	0.02416	0.42693	0.01409	0.01378	0.19733	0.01591	0.05050	0.03722	0.01453	0.01047	0.00604	0.00624	0.00173	0.05326	0.00508	0.00379	0.00860
81	0.01097	0.01213	0.11083	0.01899	0.26574	0.01015	0.04558	0.01535	0.09351	0.01764	0.04050	0.26780	0.02073	0.00993	0.00623	0.00195	0.00551	0.03528	0.00402	0.00715
82	0.00686	0.00490	0.00653	0.00784	0.00816	0.00457	0.00522	0.00784	0.01077	0.01437	0.03102	0.79855	0.03722	0.01763	0.00718	0.00229	0.00326	0.01600	0.00522	0.00457
83	0.01167	0.01000	0.01167	0.00834	0.01334	0.00750	0.00667	0.01417	0.01167	0.01834	0.01000	0.01167	0.00834	0.00417	0.00417	0.00083	0.00417	0.00333	0.00333	0.83663
84	0.01523	0.04264	0.31207	0.01742	0.05624	0.23240	0.14369	0.06136	0.01408	0.01753	0.01002	0.01210	0.00764	0.00554	0.00583	0.00170	0.02947	0.00452	0.00282	0.00770
85	0.00722	0.00573	0.00651	0.00651	0.00814	0.00503	0.00494	0.00907	0.01369	0.01751	0.26897	0.08192	0.47041	0.01364	0.00674	0.00192	0.00296	0.05860	0.00552	0.00494
86	0.01343	0.00717	0.00873	0.00784	0.01035	0.00635	0.00604	0.01571	0.04606	0.27495	0.06419	0.16588	0.32685	0.01194	0.00636	0.00191	0.00365	0.01014	0.00588	0.00658
87	0.12283	0.26580	0.03405	0.01356	0.12768	0.02999	0.01016	0.02057	0.01305	0.27558	0.01323	0.01340	0.00964	0.00577	0.00496	0.00157	0.02156	0.00430	0.00417	0.00813
88	0.30245	0.01388	0.01369	0.01096	0.01504	0.01560	0.00901	0.45572	0.06297	0.03127	0.01211	0.01245	0.00882	0.00628	0.00490	0.00172	0.00546	0.00445	0.00490	0.00834
89	0.00686	0.00490	0.00653	0.00784	0.00816	0.00457	0.00522	0.00784	0.01077	0.01437	0.03102	0.79855	0.03722	0.01763	0.00718	0.00229	0.00326	0.01600	0.00522	0.00457
90	0.26119	0.13237	0.01837	0.08176	0.15136	0.03168	0.05956	0.10372	0.01289	0.02083	0.00940	0.01168	0.00759	0.00570	0.00577	0.00172	0.06968	0.00420	0.00323	0.00731
91	0.01503	0.36791	0.02047	0.01079	0.01475	0.08924	0.00932	0.02272	0.32350	0.01781	0.01430	0.01425	0.01143	0.00606	0.00466	0.00151	0.00568	0.00448	0.00388	0.04221
92	0.00741	0.00573	0.00675	0.00650	0.00807	0.00507	0.00487	0.00954	0.01461	0.01944	0.46432	0.04718	0.35487	0.01267	0.00664	0.00183	0.00274	0.01090	0.00578	0.00507
93	0.00697	0.00495	0.00652	0.00771	0.00803	0.00464	0.00511	0.00792	0.01071	0.01431	0.04531	0.73271	0.03644	0.06920	0.00859	0.00248	0.00340	0.01536	0.00512	0.00451
94	0.00818	0.00546	0.00614	0.00614	0.00614	0.00546	0.00341	0.00818	0.00818	0.01091	0.01773	0.03683	0.02046	0.80222	0.02864	0.00546	0.00546	0.00818	0.00341	0.00341
95	0.02507	0.00986	0.01323	0.01015	0.01451	0.00869	0.00838	0.06031	0.01658	0.73747	0.02181	0.01890	0.01373	0.00696	0.00566	0.00174	0.00485	0.00563	0.00690	0.00958
96	0.00683	0.00519	0.00623	0.00705	0.00790	0.00466	0.00484	0.00793	0.01139	0.01454	0.03950	0.51810	0.28626	0.04233	0.00771	0.00226	0.00320	0.01433	0.00516	0.00459
97	0.01726	0.01638	0.01420	0.01219	0.01526	0.29901	0.04712	0.08008	0.12696	0.11403	0.16002	0.02066	0.03720	0.00755	0.00571	0.00167	0.00665	0.00603	0.00474	0.00729
98	0.00754	0.00567	0.00686	0.00668	0.00803	0.00512	0.00490	0.00958	0.01427	0.01928	0.47423	0.09158	0.25164	0.06007	0.00799	0.00206	0.00292	0.01090	0.00569	0.00499
99	0.01542	0.62805	0.10361	0.01090	0.01583	0.11700	0.01092	0.01766	0.01205	0.01377	0.00817	0.00946	0.00722	0.00499	0.00397	0.00129	0.00677	0.00320	0.00247	0.00725
100	0.01442	0.01340	0.01517	0.18343	0.11372	0.11100	0.01146	0.11255	0.23154	0.02075	0.06019	0.04381	0.01459	0.00707	0.00566	0.00178	0.00616	0.00592	0.01971	0.00768
101	0.04338	0.01040	0.01135	0.00935	0.01305	0.01027	0.00736	0.04146	0.30820	0.04063	0.03389	0.01725	0.01365	0.00616	0.00487	0.00142	0.00416	0.00500	0.09526	0.32290
102	0.01148	0.06412	0.72109	0.01572	0.02368	0.01359	0.02008	0.01768	0.01178	0.01751	0.00993	0.01176	0.00714	0.00543	0.00558	0.00177	0.02694	0.00412	0.00238	0.00822
103	0.00736	0.00527	0.00689	0.00801	0.00848	0.00501	0.00541	0.03327	0.01131	0.01509	0.03042	0.77159	0.03627	0.01726	0.00713	0.00227	0.00337	0.01562	0.00524	0.00474
104	0.02102	0.02682	0.01595	0.01450	0.01740	0.77963	0.01087	0.02247	0.01595	0.01377	0.00870	0.01015	0.00725	0.00580	0.00507	0.00145	0.01015	0.00362	0.00290	0.00652
105	0.01880	0.00973	0.01344	0.17928	0.01912	0.00974	0.00977	0.10063	0.01605	0.40089	0.11788	0.02218	0.01790	0.00754	0.00585	0.00180	0.00526	0.03031	0.00569	0.00814
106	0.01426	0.00958	0.01144	0.00864	0.01297	0.00782	0.00692	0.05678	0.01360	0.17098	0.04082	0.03737	0.08115	0.00636	0.00493	0.00123	0.00422	0.00521	0.00450	0.50124
107	0.05272	0.00980	0.01379	0.20873	0.11562	0.01089	0.01079	0.04117	0.10683	0.08665	0.10308	0.13262	0.01909	0.00862	0.00664	0.00191	0.05243	0.00734	0.00432	0.00697
108	0.03761	0.01111	0.01671	0.40893	0.16438	0.01265	0.01375	0.04133	0.12938	0.08874	0.01333	0.01592	0.00991	0.00598	0.00557	0.00182	0.00649	0.00522	0.00360	0.00757
109	0.24184	0.01137	0.01093	0.00937	0.01246	0.03817	0.00742	0.22168	0.09280	0.02491	0.07895	0.05681	0.10985	0.03884	0.00617	0.00191	0.00475	0.00645	0.00481	0.02050
110	0.01671	0.03541	0.01391	0.18019	0.01930	0.04294	0.00988	0.05344	0.18582	0.25407	0.01846	0.06879	0.01421	0.03465	0.00643	0.00192	0.00553	0.00619	0.00502	0.02712

[dist]
# distance from previous block
# <min> <max>
0	7

[block]
# block no. 5 follows, 42 sequences, length 16
# corresponding to MSA columns:
# 312-327
name=unknown_F
#
# <colnr> <probs for GDERKNQSTAVLIFYWHMCP>
#	G	D	E	R	K	N	Q	S	T	A	V	L	I	F	Y	W	H	M	C	P
0	0.07426	0.00962	0.01325	0.01093	0.01383	0.00961	0.09818	0.09799	0.05930	0.13198	0.19494	0.15376	0.02513	0.00941	0.00643	0.00184	0.02893	0.00824	0.00519	0.04720
1	0.01144	0.01672	0.30365	0.01158	0.01706	0.00973	0.03165	0.01617	0.05685	0.05379	0.05544	0.03879	0.10300	0.00689	0.00535	0.00154	0.00569	0.00572	0.00369	0.24525
2	0.03966	0.02989	0.08164	0.01241	0.07747	0.06405	0.05027	0.01518	0.01362	0.08373	0.23085	0.06190	0.06261	0.00829	0.00620	0.00167	0.03403	0.00703	0.00442	0.11510
3	0.01325	0.01378	0.06672	0.15127	0.60895	0.01322	0.01722	0.01685	0.01251	0.01773	0.01047	0.01397	0.00859	0.00513	0.00557	0.00171	0.00691	0.00496	0.00272	0.00846
4	0.01149	0.07458	0.47572	0.06862	0.02179	0.01217	0.01605	0.01649	0.01187	0.01751	0.02987	0.01266	0.00865	0.00523	0.00502	0.00153	0.00701	0.00411	0.00271	0.19694
5	0.01129	0.02911	0.77306	0.01604	0.02436	0.01307	0.02079	0.01782	0.01188	0.01782	0.01010	0.01188	0.00713	0.00535	0.00535	0.00178	0.00832	0.00416	0.00238	0.00832
6	0.01167	0.01000	0.01167	0.00834	0.01334	0.00750	0.00667	0.01417	0.01167	0.01834	0.01000	0.01167	0.00834	0.00417	0.00417	0.00083	0.00417	0.00333	0.00333	0.83663
7	0.00687	0.00568	0.00602	0.00600	0.00775	0.00483	0.00448	0.00847	0.01323	0.01633	0.16706	0.08262	0.62333	0.01396	0.00667	0.00190	0.00284	0.01178	0.00538	0.00483
8	0.00665	0.00570	0.00570	0.00570	0.00760	0.00475	0.00428	0.00808	0.01283	0.01520	0.05701	0.05416	0.76483	0.01425	0.00665	0.00190	0.00285	0.01188	0.00523	0.00475
9	0.01216	0.00680	0.00944	0.00867	0.01046	0.00694	0.00670	0.01400	0.01129	0.19801	0.06141	0.02593	0.06171	0.10841	0.42482	0.00606	0.01016	0.00674	0.00433	0.00597
10	0.02069	0.01060	0.01292	0.01060	0.01447	0.01059	0.00853	0.02843	0.31653	0.46791	0.02249	0.01990	0.01525	0.00724	0.00569	0.00181	0.00465	0.00594	0.00646	0.00931
11	0.01153	0.01016	0.01331	0.24210	0.02104	0.00949	0.00952	0.01541	0.06736	0.01754	0.01097	0.01337	0.00875	0.00486	0.00472	0.00123	0.00519	0.00406	0.00326	0.52614
12	0.01596	0.01465	0.04868	0.22732	0.04338	0.09213	0.10975	0.16001	0.12653	0.08452	0.01370	0.01534	0.01002	0.00613	0.00571	0.00178	0.00711	0.00532	0.00405	0.00792
13	0.01167	0.01000	0.01167	0.00834	0.01334	0.00750	0.00667	0.01417	0.01167	0.01834	0.01000	0.01167	0.00834	0.00417	0.00417	0.00083	0.00417	0.00333	0.00333	0.83663
14	0.00911	0.00599	0.00782	0.00727	0.00880	0.00547	0.00548	0.01163	0.01565	0.07530	0.66077	0.06866	0.07345	0.01150	0.00659	0.00179	0.00284	0.01013	0.00618	0.00557
15	0.26086	0.01068	0.01210	0.01140	0.10721	0.00980	0.00788	0.01568	0.01133	0.04401	0.00981	0.01143	0.00791	0.00468	0.00419	0.00124	0.00456	0.00353	0.00342	0.45829

[dist]
# distance from previous block
# <min> <max>
2	7

[block]
# block no. 6 follows, 42 sequences, length 14
# corresponding to MSA columns:
# 335-348
name=unknown_G
#
# <colnr> <probs for GDERKNQSTAVLIFYWHMCP>
#	G	D	E	R	K	N	Q	S	T	A	V	L	I	F	Y	W	H	M	C	P
0	0.01185	0.01184	0.01723	0.61932	0.03424	0.08915	0.05377	0.01531	0.01178	0.01474	0.01019	0.01468	0.00779	0.00575	0.00591	0.00183	0.02906	0.00496	0.03428	0.00631
1	0.01328	0.01215	0.01719	0.08308	0.30439	0.04564	0.03703	0.03512	0.06784	0.03277	0.03377	0.03498	0.01202	0.00600	0.00539	0.00154	0.00591	0.03060	0.00351	0.21778
2	0.18603	0.01093	0.03615	0.00911	0.01219	0.03443	0.00748	0.15032	0.08125	0.08277	0.16061	0.02502	0.11479	0.03146	0.00610	0.00186	0.00451	0.00666	0.03138	0.00692
3	0.01689	0.01915	0.01567	0.04019	0.03540	0.42530	0.06982	0.04009	0.06490	0.03443	0.08535	0.01830	0.06210	0.02239	0.00632	0.00171	0.02612	0.00550	0.00370	0.00668
4	0.02245	0.00937	0.01252	0.00961	0.01384	0.00798	0.00788	0.02469	0.01556	0.62977	0.07091	0.01980	0.01591	0.00694	0.00555	0.00163	0.00457	0.00568	0.00648	0.10887
5	0.00774	0.00574	0.00721	0.00684	0.00827	0.00521	0.00513	0.01018	0.01539	0.02129	0.64179	0.04413	0.17625	0.01198	0.00664	0.00179	0.00269	0.01047	0.00603	0.00521
6	0.01191	0.02512	0.57203	0.01948	0.11879	0.01327	0.12473	0.01778	0.01220	0.01792	0.01035	0.01261	0.00756	0.00522	0.00556	0.00178	0.00828	0.00462	0.00250	0.00829
7	0.01063	0.01000	0.01688	0.78870	0.03876	0.01250	0.01563	0.01438	0.01125	0.01438	0.01000	0.01500	0.00750	0.00563	0.00563	0.00188	0.00750	0.00500	0.00250	0.00625
8	0.01144	0.01366	0.15424	0.01078	0.01529	0.01004	0.01017	0.01449	0.01149	0.01772	0.06324	0.01398	0.01113	0.00588	0.00700	0.00135	0.13924	0.00425	0.00321	0.48139
9	0.00665	0.00570	0.00570	0.00570	0.00760	0.00475	0.00428	0.00808	0.01283	0.01520	0.05701	0.05416	0.76483	0.01425	0.00665	0.00190	0.00285	0.01188	0.00523	0.00475
10	0.01242	0.01593	0.29976	0.01213	0.01666	0.00962	0.03570	0.06041	0.01380	0.12073	0.11937	0.16745	0.02187	0.00948	0.00614	0.00192	0.00582	0.05911	0.00446	0.00721
11	0.22913	0.10034	0.17927	0.01011	0.01437	0.01282	0.01000	0.03668	0.16396	0.02144	0.01347	0.01442	0.01031	0.00598	0.00450	0.00165	0.00515	0.00441	0.15479	0.00721
12	0.02088	0.15879	0.01633	0.01026	0.01449	0.01233	0.00871	0.14626	0.03366	0.41668	0.03566	0.04718	0.01368	0.00698	0.00531	0.00163	0.00512	0.00552	0.00566	0.03486
13	0.05162	0.01595	0.01440	0.01189	0.01558	0.18990	0.00945	0.31141	0.08680	0.11334	0.03327	0.03410	0.04385	0.00716	0.00548	0.00166	0.00635	0.00544	0.00499	0.03738

[dist]
# distance from previous block
# <min> <max>
31	39

[block]
# block no. 7 follows, 42 sequences, length 6
# corresponding to MSA columns:
# 412-417
name=unknown_H
#
# <colnr> <probs for GDERKNQSTAVLIFYWHMCP>
#	G	D	E	R	K	N	Q	S	T	A	V	L	I	F	Y	W	H	M	C	P
0	0.04406	0.03748	0.04255	0.16158	0.03517	0.05322	0.07864	0.15173	0.06281	0.02013	0.03174	0.01713	0.01158	0.03071	0.13596	0.00303	0.00799	0.00541	0.06211	0.00697
1	0.01377	0.07688	0.20077	0.01170	0.01587	0.03302	0.01125	0.17281	0.10737	0.05071	0.06154	0.16169	0.01786	0.03140	0.00641	0.00192	0.00577	0.00725	0.00446	0.00756
2	0.12445	0.06699	0.17990	0.01183	0.01607	0.01346	0.01137	0.12156	0.13053	0.07756	0.01479	0.06897	0.01226	0.00746	0.00642	0.00183	0.07436	0.02580	0.00416	0.03022
3	0.01302	0.01053	0.01184	0.00918	0.01325	0.00963	0.00733	0.16564	0.08034	0.02245	0.09327	0.02001	0.08601	0.00671	0.00509	0.00130	0.00433	0.00547	0.00449	0.43012
4	0.01204	0.00893	0.03927	0.00847	0.01113	0.00798	0.00680	0.01464	0.04021	0.09389	0.05292	0.02096	0.01487	0.14912	0.03359	0.00236	0.07339	0.00551	0.16122	0.24272
5	0.01381	0.34542	0.04946	0.01079	0.01464	0.01586	0.04665	0.12764	0.06529	0.01904	0.11724	0.01728	0.01566	0.01107	0.10464	0.00247	0.00689	0.00518	0.00376	0.00720

[dist]
# distance from previous block
# <min> <max>
11	69

[block]
# block no. 8 follows, 42 sequences, length 10
# corresponding to MSA columns:
# 500-509
name=unknown_I
#
# <colnr> <probs for GDERKNQSTAVLIFYWHMCP>
#	G	D	E	R	K	N	Q	S	T	A	V	L	I	F	Y	W	H	M	C	P
0	0.06109	0.03234	0.04101	0.01082	0.01466	0.08291	0.00905	0.18620	0.03438	0.30028	0.09881	0.03792	0.01681	0.00755	0.00560	0.00172	0.00547	0.02509	0.00556	0.02272
1	0.03888	0.09770	0.43737	0.01359	0.01997	0.01364	0.01557	0.10494	0.01401	0.12281	0.01340	0.01417	0.03411	0.00612	0.00563	0.00173	0.02993	0.00461	0.00353	0.00828
2	0.01556	0.20234	0.21223	0.01377	0.03888	0.10098	0.06415	0.04318	0.03841	0.10304	0.01134	0.01250	0.00862	0.00560	0.00546	0.00156	0.03627	0.00426	0.00332	0.07854
3	0.01514	0.09972	0.14937	0.01297	0.01756	0.01477	0.05468	0.26375	0.04164	0.02277	0.01176	0.01360	0.00920	0.00949	0.07876	0.00233	0.07161	0.00471	0.00380	0.10239
