[name]
unknown

[dist]
# distance from previous block
# <min> <max>
0	384

[block]
# block no. 0 follows, 39 sequences, length 24
# corresponding to MSA columns:
# 419-442
name=unknown_A
#
# <colnr> <probs for GDERKNQSTAVLIFYWHMCP>
#	G	D	E	R	K	N	Q	S	T	A	V	L	I	F	Y	W	H	M	C	P
0	0.00766	0.00600	0.00705	0.00770	0.00916	0.00539	0.00595	0.00935	0.01302	0.01620	0.04675	0.22457	0.41587	0.01611	0.00740	0.00227	0.00369	0.18531	0.00548	0.00506
1	0.00721	0.00515	0.00686	0.00823	0.00858	0.00480	0.00549	0.00823	0.01132	0.01510	0.03259	0.78831	0.03911	0.01853	0.00755	0.00240	0.00343	0.01681	0.00549	0.00480
2	0.01471	0.01270	0.01337	0.01203	0.01538	0.01471	0.00936	0.03142	0.74459	0.02474	0.02407	0.02206	0.01805	0.00802	0.00602	0.00201	0.00468	0.00669	0.00602	0.00936
3	0.00721	0.00515	0.00686	0.00823	0.00858	0.00480	0.00549	0.00823	0.01132	0.01510	0.03259	0.78831	0.03911	0.01853	0.00755	0.00240	0.00343	0.01681	0.00549	0.00480
4	0.01186	0.03059	0.76153	0.01686	0.02560	0.01373	0.02185	0.01873	0.01249	0.01873	0.01061	0.01249	0.00749	0.00562	0.00562	0.00187	0.00874	0.00437	0.00250	0.00874
5	0.83394	0.01144	0.00869	0.00778	0.01144	0.01327	0.00640	0.01738	0.01006	0.02653	0.00823	0.00961	0.00640	0.00549	0.00366	0.00183	0.00457	0.00320	0.00366	0.00640
6	0.83394	0.01144	0.00869	0.00778	0.01144	0.01327	0.00640	0.01738	0.01006	0.02653	0.00823	0.00961	0.00640	0.00549	0.00366	0.00183	0.00457	0.00320	0.00366	0.00640
7	0.00738	0.00544	0.00696	0.00809	0.00881	0.00502	0.00569	0.00864	0.01190	0.01548	0.03716	0.59751	0.16090	0.01772	0.00751	0.00236	0.00354	0.07951	0.00549	0.00489
8	0.01357	0.00762	0.00987	0.00854	0.01089	0.00706	0.00666	0.05668	0.01741	0.20267	0.53361	0.03664	0.04323	0.01065	0.00667	0.00185	0.00354	0.00924	0.00667	0.00692
9	0.01464	0.01405	0.02400	0.03630	0.75528	0.01405	0.01815	0.01815	0.01347	0.01932	0.01112	0.01464	0.00937	0.00527	0.00585	0.00176	0.00703	0.00527	0.00293	0.00937
10	0.02248	0.01656	0.01775	0.01361	0.01834	0.01834	0.01124	0.73556	0.02780	0.03727	0.01420	0.01420	0.01006	0.00710	0.00592	0.00177	0.00651	0.00532	0.00592	0.01006
11	0.00699	0.00599	0.00599	0.00599	0.00799	0.00499	0.00449	0.00849	0.01348	0.01598	0.05991	0.05691	0.75288	0.01498	0.00699	0.00200	0.00300	0.01248	0.00549	0.00499
12	0.00845	0.00634	0.00950	0.00950	0.01056	0.00739	0.00739	0.01056	0.00950	0.01373	0.01584	0.02323	0.01478	0.04435	0.76873	0.00950	0.01584	0.00634	0.00317	0.00528
13	0.02209	0.02819	0.01676	0.01524	0.01828	0.76843	0.01143	0.02361	0.01676	0.01447	0.00914	0.01066	0.00762	0.00609	0.00533	0.00152	0.01066	0.00381	0.00305	0.00686
14	0.02204	0.01634	0.01750	0.01352	0.01817	0.01813	0.01113	0.69547	0.06861	0.03656	0.01476	0.01465	0.01051	0.00715	0.00592	0.00179	0.00640	0.00540	0.00592	0.01002
15	0.00780	0.00570	0.00733	0.00760	0.00866	0.00523	0.00544	0.00981	0.01440	0.01974	0.41624	0.32518	0.11534	0.01478	0.00719	0.00208	0.00305	0.01316	0.00603	0.00523
16	0.01993	0.01638	0.02288	0.01699	0.02210	0.01733	0.22739	0.52119	0.02366	0.03179	0.01353	0.01472	0.00973	0.00647	0.00623	0.00184	0.00754	0.00582	0.00504	0.00943
17	0.01311	0.01155	0.01774	0.64704	0.03690	0.01403	0.01554	0.13851	0.01456	0.01891	0.01114	0.01550	0.00826	0.00612	0.00591	0.00194	0.00765	0.00527	0.00319	0.00717
18	0.00813	0.00604	0.00758	0.00719	0.00869	0.00548	0.00539	0.01070	0.01618	0.02239	0.63359	0.04636	0.17519	0.01258	0.00698	0.00188	0.00283	0.01100	0.00634	0.00548
19	0.00859	0.00578	0.00669	0.00669	0.00677	0.00586	0.00388	0.00875	0.00867	0.01164	0.01842	0.03750	0.02098	0.73409	0.08747	0.00603	0.00652	0.00842	0.00355	0.00372
20	0.02006	0.01476	0.01606	0.01255	0.01671	0.01615	0.01027	0.61148	0.02591	0.03495	0.14059	0.01933	0.01789	0.00795	0.00610	0.00179	0.00587	0.00624	0.00602	0.00929
21	0.01226	0.01051	0.01226	0.00876	0.01401	0.00788	0.00701	0.01489	0.01226	0.01927	0.01051	0.01226	0.00876	0.00438	0.00438	0.00088	0.00438	0.00350	0.00350	0.82832
22	0.01635	0.01352	0.01668	0.01372	0.01665	0.08475	0.08416	0.22174	0.01639	0.07904	0.01379	0.01703	0.01116	0.01841	0.23606	0.00420	0.11889	0.00568	0.00416	0.00761
23	0.01928	0.00853	0.01096	0.00893	0.01248	0.00734	0.00719	0.02137	0.01588	0.47985	0.09088	0.03300	0.23868	0.00998	0.00634	0.00188	0.00425	0.00827	0.00671	0.00820

[dist]
# distance from previous block
# <min> <max>
1	3

[block]
# block no. 1 follows, 39 sequences, length 29
# corresponding to MSA columns:
# 446-474
name=unknown_B
#
# <colnr> <probs for GDERKNQSTAVLIFYWHMCP>
#	G	D	E	R	K	N	Q	S	T	A	V	L	I	F	Y	W	H	M	C	P
0	0.01483	0.01594	0.01983	0.37073	0.21860	0.19667	0.04568	0.01811	0.01353	0.01620	0.01040	0.01425	0.00825	0.00575	0.00580	0.00181	0.00842	0.00498	0.00282	0.00742
1	0.01364	0.01288	0.02164	0.29527	0.48479	0.01385	0.01735	0.03693	0.01329	0.01834	0.01099	0.01502	0.00887	0.00554	0.00588	0.00183	0.00731	0.00527	0.00291	0.00841
2	0.01956	0.01980	0.01517	0.01315	0.01636	0.35639	0.01021	0.20980	0.10810	0.02270	0.01359	0.01455	0.01053	0.00683	0.00584	0.00166	0.03105	0.00482	0.11207	0.00781
3	0.01203	0.06402	0.72961	0.01656	0.02514	0.01416	0.02134	0.01868	0.01247	0.01852	0.01051	0.01235	0.00750	0.00559	0.00554	0.00185	0.00863	0.00432	0.00250	0.00869
4	0.00908	0.00611	0.00840	0.00840	0.00949	0.00686	0.00644	0.01126	0.01017	0.01565	0.01680	0.02362	0.01517	0.06794	0.55098	0.00737	0.01222	0.00624	0.20254	0.00526
5	0.21225	0.01413	0.01448	0.01130	0.01583	0.01513	0.00927	0.41329	0.04240	0.03108	0.01241	0.01300	0.00920	0.00625	0.00511	0.00163	0.00561	0.00453	0.00495	0.15817
6	0.01733	0.01298	0.01391	0.01076	0.01542	0.06178	0.00863	0.14689	0.11280	0.14124	0.01491	0.01505	0.01108	0.00593	0.00518	0.00138	0.00532	0.00466	0.00484	0.38992
7	0.01237	0.12830	0.66824	0.01600	0.02427	0.01497	0.02035	0.01860	0.01243	0.01811	0.01031	0.01210	0.00750	0.00555	0.00539	0.00180	0.00843	0.00422	0.00250	0.00859
8	0.00733	0.00543	0.00685	0.00771	0.00851	0.00495	0.00532	0.00870	0.01249	0.01648	0.13983	0.54937	0.17145	0.01697	0.00736	0.00225	0.00326	0.01515	0.00563	0.00495
9	0.01630	0.01303	0.01566	0.15306	0.07551	0.03108	0.01144	0.35831	0.02027	0.02672	0.05874	0.02474	0.10831	0.00857	0.00623	0.00190	0.00618	0.05085	0.00498	0.00813
10	0.40351	0.01373	0.01150	0.01025	0.01375	0.12226	0.00819	0.02238	0.16584	0.11418	0.01471	0.01655	0.01143	0.00688	0.00491	0.00187	0.00558	0.04039	0.00461	0.00749
11	0.00714	0.00540	0.00660	0.00757	0.00840	0.00486	0.00519	0.00831	0.01196	0.01536	0.04071	0.57102	0.25116	0.01747	0.00738	0.00228	0.00330	0.01553	0.00549	0.00486
12	0.00715	0.00535	0.00665	0.00769	0.00843	0.00485	0.00525	0.00830	0.01185	0.01531	0.03922	0.61089	0.21226	0.01767	0.00741	0.00230	0.00333	0.01576	0.00549	0.00485
13	0.01260	0.06553	0.53774	0.01859	0.02643	0.01454	0.20431	0.01873	0.01284	0.01854	0.01084	0.01323	0.00788	0.00543	0.00588	0.00187	0.00893	0.00498	0.00263	0.00849
14	0.02213	0.02712	0.01685	0.01509	0.01829	0.69944	0.01141	0.08909	0.01777	0.01657	0.00961	0.01099	0.00784	0.00619	0.00539	0.00155	0.01028	0.00395	0.00331	0.00715
15	0.00721	0.00515	0.00686	0.00823	0.00858	0.00480	0.00549	0.00823	0.01132	0.01510	0.03259	0.78831	0.03911	0.01853	0.00755	0.00240	0.00343	0.01681	0.00549	0.00480
16	0.01319	0.01367	0.02218	0.01781	0.01926	0.01735	0.18780	0.01537	0.01025	0.01537	0.00878	0.01367	0.00806	0.00905	0.01639	0.00244	0.59423	0.00561	0.00269	0.00683
17	0.01468	0.01239	0.01729	0.01372	0.01739	0.01300	0.15709	0.20393	0.19558	0.02647	0.23421	0.02532	0.02529	0.00837	0.00647	0.00190	0.00567	0.00758	0.00552	0.00814
18	0.02228	0.02264	0.01723	0.01446	0.01831	0.41019	0.01134	0.36363	0.02203	0.02536	0.01156	0.01235	0.00878	0.00657	0.00561	0.00164	0.00868	0.00453	0.00442	0.00838
19	0.00721	0.00515	0.00686	0.00823	0.00858	0.00480	0.00549	0.00823	0.01132	0.01510	0.03259	0.78831	0.03911	0.01853	0.00755	0.00240	0.00343	0.01681	0.00549	0.00480
20	0.63710	0.01268	0.01089	0.00919	0.01311	0.01450	0.00758	0.19160	0.01437	0.02914	0.00968	0.01072	0.00729	0.00588	0.00421	0.00182	0.00504	0.00372	0.00421	0.00729
21	0.01513	0.01108	0.01256	0.01073	0.01352	0.01176	0.00839	0.37283	0.02088	0.02828	0.19794	0.22051	0.02862	0.01125	0.00659	0.00196	0.00481	0.00958	0.00595	0.00762
22	0.02100	0.01583	0.01692	0.01331	0.01778	0.01765	0.01088	0.60177	0.16400	0.03489	0.01607	0.01569	0.01158	0.00727	0.00594	0.00182	0.00616	0.00558	0.00594	0.00992
23	0.00721	0.00515	0.00686	0.00823	0.00858	0.00480	0.00549	0.00823	0.01132	0.01510	0.03259	0.78831	0.03911	0.01853	0.00755	0.00240	0.00343	0.01681	0.00549	0.00480
24	0.83394	0.01144	0.00869	0.00778	0.01144	0.01327	0.00640	0.01738	0.01006	0.02653	0.00823	0.00961	0.00640	0.00549	0.00366	0.00183	0.00457	0.00320	0.00366	0.00640
25	0.00749	0.00536	0.00712	0.00804	0.00864	0.00499	0.00551	0.00894	0.01264	0.01719	0.20714	0.60780	0.04316	0.01697	0.00741	0.00227	0.00328	0.01533	0.00574	0.00499
26	0.01635	0.01097	0.01290	0.01003	0.01463	0.00983	0.00802	0.02252	0.20169	0.20021	0.01711	0.01669	0.01257	0.00603	0.00518	0.00140	0.00462	0.00491	0.00508	0.41926
27	0.01293	0.02321	0.39767	0.02122	0.04932	0.01432	0.35722	0.01881	0.01321	0.01885	0.01126	0.01418	0.00824	0.00531	0.00627	0.00193	0.00927	0.00563	0.00274	0.00840
28	0.02060	0.01563	0.01669	0.01323	0.01762	0.01746	0.01078	0.56475	0.20168	0.03423	0.01659	0.01611	0.01200	0.00732	0.00594	0.00183	0.00606	0.00565	0.00594	0.00989

[dist]
# distance from previous block
# <min> <max>
0	2

[block]
# block no. 2 follows, 39 sequences, length 16
# corresponding to MSA columns:
# 477-492
name=unknown_C
#
# <colnr> <probs for GDERKNQSTAVLIFYWHMCP>
#	G	D	E	R	K	N	Q	S	T	A	V	L	I	F	Y	W	H	M	C	P
0	0.83394	0.01144	0.00869	0.00778	0.01144	0.01327	0.00640	0.01738	0.01006	0.02653	0.00823	0.00961	0.00640	0.00549	0.00366	0.00183	0.00457	0.00320	0.00366	0.00640
1	0.00709	0.00599	0.00612	0.00609	0.00805	0.00503	0.00457	0.00867	0.01371	0.01651	0.10795	0.05603	0.70450	0.01478	0.00699	0.00199	0.00298	0.01236	0.00556	0.00503
2	0.01267	0.01005	0.01122	0.01062	0.01300	0.01108	0.00800	0.05438	0.42145	0.04260	0.05968	0.27088	0.02615	0.01155	0.00655	0.00211	0.00428	0.01007	0.00590	0.00776
3	0.02248	0.01656	0.01775	0.01361	0.01834	0.01834	0.01124	0.73556	0.02780	0.03727	0.01420	0.01420	0.01006	0.00710	0.00592	0.00177	0.00651	0.00532	0.00592	0.01006
4	0.00725	0.00550	0.00669	0.00745	0.00842	0.00494	0.00519	0.00861	0.01255	0.01624	0.11358	0.48363	0.26506	0.01676	0.00731	0.00222	0.00323	0.01484	0.00559	0.00494
5	0.01381	0.01353	0.02353	0.20329	0.35254	0.01462	0.14078	0.04386	0.01320	0.01837	0.01086	0.01492	0.00880	0.00601	0.00760	0.00194	0.09566	0.00555	0.00294	0.00817
6	0.01584	0.72164	0.05363	0.01096	0.01610	0.04785	0.03302	0.01798	0.01225	0.01424	0.00844	0.00982	0.00763	0.00511	0.00400	0.00132	0.00666	0.00334	0.00256	0.00761
7	0.01186	0.03059	0.76153	0.01686	0.02560	0.01373	0.02185	0.01873	0.01249	0.01873	0.01061	0.01249	0.00749	0.00562	0.00562	0.00187	0.00874	0.00437	0.00250	0.00874
8	0.00733	0.00600	0.00646	0.00634	0.00819	0.00514	0.00476	0.00914	0.01427	0.01786	0.22832	0.05381	0.58329	0.01427	0.00699	0.00196	0.00295	0.01205	0.00574	0.00514
9	0.14728	0.01424	0.01889	0.02448	0.40328	0.06626	0.01390	0.09909	0.01423	0.02148	0.01105	0.01407	0.00918	0.00886	0.06493	0.00240	0.04976	0.00492	0.00339	0.00832
10	0.00876	0.00641	0.00857	0.00843	0.00895	0.00721	0.00595	0.00986	0.00907	0.01272	0.01668	0.02973	0.01747	0.38316	0.39252	0.00742	0.05188	0.00731	0.00333	0.00457
11	0.01027	0.00514	0.00770	0.00770	0.00770	0.00514	0.00514	0.00770	0.00770	0.01027	0.01027	0.01798	0.01027	0.02054	0.02311	0.82794	0.00514	0.00514	0.00257	0.00257
12	0.01248	0.01162	0.02009	0.14556	0.35758	0.01190	0.09439	0.01595	0.01331	0.01825	0.03918	0.05654	0.01673	0.00833	0.00656	0.00204	0.00689	0.15130	0.00361	0.00767
13	0.01369	0.01516	0.03049	0.02246	0.02687	0.01578	0.54470	0.01771	0.01267	0.01771	0.01086	0.01516	0.00866	0.00639	0.01024	0.00215	0.21232	0.00651	0.00289	0.00758
14	0.01464	0.01405	0.02400	0.03630	0.75528	0.01405	0.01815	0.01815	0.01347	0.01932	0.01112	0.01464	0.00937	0.00527	0.00585	0.00176	0.00703	0.00527	0.00293	0.00937
15	0.04930	0.00832	0.00962	0.00951	0.01132	0.00875	0.00692	0.01794	0.24358	0.08790	0.02695	0.38653	0.02745	0.06725	0.00830	0.00243	0.00419	0.01140	0.00561	0.00672

[dist]
# distance from previous block
# <min> <max>
0	1

[block]
# block no. 3 follows, 39 sequences, length 28
# corresponding to MSA columns:
# 494-521
name=unknown_D
#
# <colnr> <probs for GDERKNQSTAVLIFYWHMCP>
#	G	D	E	R	K	N	Q	S	T	A	V	L	I	F	Y	W	H	M	C	P
0	0.01441	0.01706	0.11478	0.11202	0.20858	0.04036	0.31748	0.06654	0.01444	0.01965	0.01148	0.01490	0.00880	0.00542	0.00629	0.00189	0.00865	0.00583	0.00307	0.00835
1	0.01632	0.01410	0.01891	0.02397	0.38147	0.06410	0.01371	0.08808	0.16307	0.07653	0.06666	0.01830	0.01471	0.00668	0.00594	0.00181	0.00630	0.00589	0.00441	0.00905
2	0.01823	0.01298	0.01406	0.01177	0.01510	0.04246	0.00928	0.42455	0.02142	0.09550	0.02037	0.24772	0.01913	0.01052	0.00639	0.00196	0.00561	0.00878	0.00580	0.00835
3	0.01954	0.01387	0.01653	0.01243	0.01732	0.03615	0.06009	0.31735	0.01983	0.16190	0.01445	0.01471	0.01035	0.00614	0.00552	0.00152	0.00597	0.00496	0.00515	0.25623
4	0.01793	0.01421	0.01509	0.01254	0.01646	0.01602	0.01004	0.34475	0.40157	0.03005	0.02081	0.01967	0.03793	0.00783	0.00600	0.00190	0.00544	0.00626	0.00596	0.00953
5	0.01309	0.01247	0.02121	0.36709	0.43658	0.01364	0.01738	0.01679	0.01273	0.01744	0.01085	0.01514	0.00871	0.00556	0.00588	0.00185	0.00741	0.00526	0.00279	0.00812
6	0.01685	0.00964	0.01155	0.00994	0.01292	0.00943	0.00776	0.19837	0.01751	0.24497	0.02933	0.24930	0.13364	0.01172	0.00657	0.00201	0.00462	0.00997	0.00615	0.00774
7	0.01554	0.74367	0.08069	0.01058	0.01589	0.02274	0.01092	0.01778	0.01205	0.01424	0.00838	0.00969	0.00758	0.00510	0.00392	0.00131	0.00649	0.00324	0.00253	0.00767
8	0.01205	0.01141	0.01932	0.59043	0.22140	0.01337	0.01686	0.01588	0.01224	0.01617	0.01067	0.01548	0.00826	0.00575	0.00590	0.00192	0.00767	0.00526	0.00270	0.00728
9	0.01239	0.13317	0.66359	0.01595	0.02420	0.01503	0.02028	0.01859	0.01242	0.01808	0.01029	0.01208	0.00750	0.00554	0.00537	0.00179	0.00842	0.00421	0.00250	0.00859
10	0.02323	0.00985	0.01313	0.01070	0.01474	0.00894	0.00886	0.02680	0.07795	0.59689	0.02447	0.02660	0.01755	0.00860	0.00625	0.00197	0.00506	0.10208	0.00696	0.00938
11	0.02607	0.01081	0.01418	0.01087	0.01547	0.00979	0.00898	0.10959	0.01817	0.67684	0.02229	0.01945	0.01412	0.00729	0.00594	0.00182	0.00520	0.00588	0.00716	0.01006
12	0.01315	0.01369	0.02673	0.28355	0.18909	0.01414	0.33675	0.01747	0.01313	0.01772	0.01129	0.01561	0.00869	0.00536	0.00638	0.00194	0.00863	0.00603	0.00285	0.00779
13	0.01519	0.00975	0.01156	0.00989	0.01269	0.00981	0.00782	0.23150	0.01912	0.13782	0.25937	0.11950	0.08179	0.01097	0.00661	0.00194	0.00444	0.03651	0.00622	0.00747
14	0.00860	0.00573	0.00645	0.00645	0.00645	0.00573	0.00358	0.00860	0.00860	0.01147	0.01863	0.03870	0.02150	0.79217	0.03010	0.00573	0.00573	0.00860	0.00358	0.00358
15	0.05654	0.00969	0.01108	0.00932	0.01269	0.00935	0.00756	0.16366	0.01728	0.24481	0.03518	0.03545	0.29575	0.01069	0.00637	0.00194	0.00456	0.05439	0.00604	0.00765
16	0.39076	0.01657	0.09070	0.01112	0.01534	0.13347	0.00975	0.08005	0.10034	0.08287	0.01220	0.01277	0.00905	0.00618	0.00478	0.00180	0.00619	0.00423	0.00420	0.00766
17	0.00904	0.00808	0.01193	0.01030	0.01225	0.00803	0.10368	0.01130	0.01372	0.01826	0.23966	0.11626	0.29628	0.01263	0.00852	0.00207	0.09637	0.01081	0.00510	0.00571
18	0.00721	0.00515	0.00686	0.00823	0.00858	0.00480	0.00549	0.00823	0.01132	0.01510	0.03259	0.78831	0.03911	0.01853	0.00755	0.00240	0.00343	0.01681	0.00549	0.00480
19	0.01304	0.02743	0.57958	0.01642	0.02393	0.06674	0.04835	0.02078	0.11099	0.01924	0.01237	0.01378	0.00898	0.00595	0.00571	0.00187	0.00838	0.00475	0.00303	0.00866
20	0.01800	0.02128	0.01934	0.14443	0.13542	0.42809	0.06186	0.02044	0.01474	0.01560	0.00977	0.01262	0.00803	0.00615	0.00656	0.00174	0.06120	0.00457	0.00293	0.00724
21	0.00720	0.00580	0.00642	0.00676	0.00829	0.00502	0.00493	0.00870	0.01318	0.01636	0.10369	0.24110	0.50619	0.01569	0.00715	0.00210	0.00314	0.02771	0.00557	0.00500
22	0.01833	0.16841	0.21419	0.01441	0.01963	0.29374	0.01387	0.15401	0.01683	0.01973	0.01030	0.01158	0.00803	0.00597	0.00523	0.00161	0.00858	0.00412	0.00334	0.00808
23	0.11129	0.04787	0.16924	0.02229	0.21889	0.02574	0.20616	0.04307	0.01345	0.02014	0.01215	0.03477	0.01012	0.00610	0.00589	0.00188	0.00772	0.03187	0.00319	0.00818
24	0.01432	0.01461	0.02514	0.04683	0.10156	0.04466	0.36732	0.09148	0.06402	0.02039	0.01828	0.02057	0.09796	0.00691	0.00707	0.00195	0.03824	0.00701	0.00376	0.00792
25	0.00791	0.00611	0.00696	0.00734	0.00875	0.00556	0.00557	0.00941	0.01253	0.01552	0.04438	0.08088	0.41864	0.16035	0.01160	0.00288	0.00411	0.18154	0.00512	0.00483
26	0.18079	0.01802	0.11823	0.01556	0.10231	0.08221	0.01245	0.31541	0.05453	0.02792	0.01221	0.01317	0.00908	0.00632	0.00537	0.00179	0.00677	0.00470	0.00441	0.00876
27	0.01528	0.21584	0.22529	0.01285	0.01824	0.03229	0.01307	0.13507	0.18728	0.02182	0.01520	0.01561	0.02908	0.00656	0.00528	0.00172	0.00653	0.00499	0.02942	0.00857

[dist]
# distance from previous block
# <min> <max>
5	11

[block]
# block no. 4 follows, 39 sequences, length 22
# corresponding to MSA columns:
# 533-554
name=unknown_E
#
# <colnr> <probs for GDERKNQSTAVLIFYWHMCP>
#	G	D	E	R	K	N	Q	S	T	A	V	L	I	F	Y	W	H	M	C	P
0	0.18036	0.00966	0.01031	0.00957	0.01189	0.01036	0.00727	0.20034	0.03323	0.02412	0.07961	0.35042	0.02568	0.01213	0.00625	0.00207	0.00444	0.01031	0.00532	0.00667
1	0.17298	0.01676	0.01534	0.05412	0.07570	0.19929	0.01094	0.15844	0.12054	0.02314	0.01313	0.01579	0.01059	0.00704	0.00623	0.00185	0.05217	0.03390	0.00418	0.00785
2	0.01732	0.01703	0.01889	0.08387	0.17762	0.17693	0.05280	0.15461	0.17451	0.02224	0.01395	0.01542	0.01080	0.00657	0.00627	0.00182	0.03128	0.00536	0.00414	0.00855
3	0.00720	0.00559	0.00656	0.00717	0.00834	0.00495	0.00505	0.00858	0.01271	0.01617	0.10175	0.40340	0.35855	0.01644	0.00725	0.00218	0.00319	0.01440	0.00557	0.00495
4	0.01305	0.25992	0.54257	0.01484	0.02247	0.01663	0.01833	0.01842	0.01234	0.01729	0.00990	0.01159	0.00752	0.00545	0.00507	0.00169	0.00802	0.00401	0.00251	0.00840
5	0.01311	0.27321	0.52988	0.01472	0.02229	0.01680	0.01813	0.01840	0.01234	0.01720	0.00985	0.01153	0.00752	0.00544	0.00504	0.00168	0.00797	0.00399	0.00251	0.00838
6	0.00845	0.00580	0.00713	0.00771	0.00805	0.00572	0.00516	0.00921	0.01019	0.01350	0.02433	0.22094	0.02803	0.46269	0.02063	0.00438	0.00514	0.14435	0.00439	0.00422
7	0.00750	0.00571	0.00698	0.00787	0.00896	0.00519	0.00579	0.00897	0.01245	0.01582	0.04199	0.41581	0.28926	0.01693	0.00745	0.00231	0.00360	0.12696	0.00548	0.00497
8	0.01581	0.79572	0.03099	0.01012	0.01518	0.02340	0.01012	0.01771	0.01202	0.01391	0.00822	0.00949	0.00759	0.00506	0.00379	0.00126	0.00632	0.00316	0.00253	0.00759
9	0.01315	0.01077	0.01474	0.17403	0.01925	0.01295	0.01105	0.11999	0.01502	0.05125	0.23304	0.02338	0.02281	0.00933	0.01029	0.00209	0.23861	0.00690	0.00445	0.00690
10	0.01845	0.00940	0.01117	0.00929	0.01251	0.00928	0.00743	0.09668	0.11206	0.30772	0.08004	0.02228	0.01809	0.00764	0.00549	0.00171	0.00428	0.00623	0.25201	0.00825
11	0.01346	0.01448	0.02670	0.02033	0.02339	0.01650	0.38161	0.01664	0.01156	0.01664	0.00991	0.01448	0.00838	0.00761	0.01305	0.00228	0.38684	0.00610	0.00279	0.00724
12	0.01854	0.01911	0.01512	0.01329	0.01636	0.34515	0.01031	0.19665	0.09304	0.02098	0.01334	0.01537	0.01081	0.01464	0.16717	0.00332	0.01012	0.00501	0.00408	0.00757
13	0.01795	0.01555	0.01316	0.01152	0.01434	0.26159	0.00896	0.07175	0.01582	0.17581	0.02477	0.06735	0.16908	0.00940	0.00716	0.00185	0.07327	0.00711	0.02636	0.00720
14	0.00732	0.00520	0.00683	0.00808	0.00840	0.00488	0.00533	0.00827	0.01109	0.01479	0.03142	0.72538	0.03763	0.08348	0.00944	0.00268	0.00362	0.01612	0.00533	0.00470
15	0.01581	0.79572	0.03099	0.01012	0.01518	0.02340	0.01012	0.01771	0.01202	0.01391	0.00822	0.00949	0.00759	0.00506	0.00379	0.00126	0.00632	0.00316	0.00253	0.00759
16	0.01186	0.03059	0.76153	0.01686	0.02560	0.01373	0.02185	0.01873	0.01249	0.01873	0.01061	0.01249	0.00749	0.00562	0.00562	0.00187	0.00874	0.00437	0.00250	0.00874
17	0.00714	0.00540	0.00660	0.00756	0.00840	0.00486	0.00519	0.00831	0.01197	0.01536	0.04078	0.56909	0.25304	0.01746	0.00738	0.00228	0.00330	0.01551	0.00549	0.00486
18	0.01027	0.00514	0.00770	0.00770	0.00770	0.00514	0.00514	0.00770	0.00770	0.01027	0.01027	0.01798	0.01027	0.02054	0.02311	0.82794	0.00514	0.00514	0.00257	0.00257
19	0.01129	0.01068	0.01776	0.72490	0.03898	0.01349	0.01618	0.01505	0.01163	0.01505	0.01032	0.01557	0.00787	0.00622	0.00685	0.00201	0.06170	0.00525	0.00262	0.00656
20	0.00723	0.00533	0.00678	0.00783	0.00850	0.00487	0.00534	0.00843	0.01195	0.01568	0.07429	0.63280	0.15407	0.01763	0.00743	0.00231	0.00333	0.01580	0.00554	0.00487
21	0.01332	0.01119	0.01434	0.01031	0.01557	0.00892	0.06480	0.04658	0.01322	0.04498	0.01122	0.01290	0.00903	0.00464	0.00470	0.00104	0.00494	0.00394	0.00370	0.70066

[dist]
# distance from previous block
# <min> <max>
0	1

[block]
# block no. 5 follows, 39 sequences, length 29
# corresponding to MSA columns:
# 556-565,569-587
name=unknown_F
#
# <colnr> <probs for GDERKNQSTAVLIFYWHMCP>
#	G	D	E	R	K	N	Q	S	T	A	V	L	I	F	Y	W	H	M	C	P
0	0.01183	0.01163	0.01126	0.01079	0.01214	0.18365	0.00818	0.01354	0.01106	0.01368	0.01421	0.02150	0.01351	0.11385	0.47800	0.00693	0.04962	0.00594	0.00316	0.00552
1	0.01655	0.01945	0.02380	0.01888	0.02216	0.28269	0.27736	0.01929	0.01359	0.01605	0.00980	0.01324	0.00816	0.00687	0.00985	0.00199	0.22486	0.00535	0.00290	0.00716
2	0.00846	0.00627	0.00917	0.00917	0.01011	0.00721	0.00697	0.01034	0.00940	0.01348	0.01615	0.02493	0.01552	0.12665	0.68745	0.00909	0.01473	0.00659	0.00321	0.00509
3	0.01274	0.01079	0.01252	0.00898	0.01421	0.00837	0.00720	0.04824	0.01298	0.02010	0.01068	0.01235	0.00882	0.00451	0.00445	0.00092	0.00448	0.00359	0.00362	0.79045
4	0.01396	0.01595	0.03490	0.02493	0.03091	0.01496	0.73380	0.01894	0.01396	0.01894	0.01196	0.01595	0.00897	0.00499	0.00698	0.00199	0.00997	0.00698	0.00299	0.00798
5	0.01967	0.02199	0.02228	0.01784	0.02201	0.42715	0.24671	0.02282	0.03625	0.08918	0.01187	0.01364	0.00904	0.00591	0.00595	0.00172	0.00972	0.00513	0.00353	0.00761
6	0.01117	0.01051	0.01774	0.77795	0.04073	0.01314	0.01642	0.01511	0.01182	0.01511	0.01051	0.01577	0.00788	0.00591	0.00591	0.00197	0.00788	0.00526	0.00263	0.00657
7	0.00953	0.00681	0.00953	0.01089	0.01225	0.00681	0.00953	0.01225	0.01361	0.01770	0.03131	0.06671	0.03403	0.01634	0.00817	0.00272	0.00545	0.71547	0.00545	0.00545
8	0.04029	0.00873	0.01006	0.00860	0.01159	0.00852	0.00682	0.05376	0.11284	0.26119	0.05956	0.02670	0.12261	0.00854	0.00558	0.00175	0.00401	0.00697	0.23421	0.00767
9	0.01892	0.43194	0.02481	0.01175	0.01665	0.02104	0.01064	0.35287	0.01939	0.02482	0.01101	0.01169	0.00874	0.00601	0.00479	0.00150	0.00641	0.00417	0.00411	0.00874
10	0.00726	0.00560	0.00666	0.00736	0.00848	0.00500	0.00523	0.00864	0.01259	0.01602	0.08271	0.42003	0.33452	0.01663	0.00731	0.00222	0.00329	0.03997	0.00554	0.00495
11	0.00774	0.00560	0.00680	0.00753	0.00817	0.00526	0.00510	0.00871	0.01116	0.01446	0.03376	0.38332	0.16844	0.23296	0.01377	0.00328	0.00415	0.07029	0.00496	0.00455
12	0.01581	0.79572	0.03099	0.01012	0.01518	0.02340	0.01012	0.01771	0.01202	0.01391	0.00822	0.00949	0.00759	0.00506	0.00379	0.00126	0.00632	0.00316	0.00253	0.00759
13	0.00777	0.00606	0.00714	0.00741	0.00900	0.00543	0.00573	0.00973	0.01402	0.01793	0.20770	0.12929	0.39665	0.01493	0.00725	0.00214	0.00343	0.13748	0.00571	0.00519
14	0.00733	0.00590	0.00659	0.00704	0.00861	0.00516	0.00529	0.00887	0.01303	0.01598	0.05069	0.21649	0.51529	0.01590	0.00725	0.00217	0.00337	0.09455	0.00549	0.00500
15	0.43356	0.01379	0.01305	0.01057	0.01476	0.01551	0.00872	0.35300	0.01853	0.05107	0.01142	0.01203	0.00833	0.00629	0.00477	0.00180	0.00549	0.00427	0.00481	0.00821
16	0.01747	0.01694	0.01726	0.01899	0.21488	0.21276	0.01207	0.19946	0.04585	0.02354	0.14359	0.01901	0.01766	0.00726	0.00594	0.00173	0.00702	0.00592	0.00446	0.00820
17	0.01163	0.01055	0.01655	0.44613	0.02974	0.01269	0.04605	0.03748	0.06343	0.01689	0.01535	0.06364	0.01390	0.00858	0.00772	0.00216	0.08488	0.10245	0.00351	0.00668
18	0.00754	0.00560	0.00703	0.00755	0.00855	0.00509	0.00533	0.00923	0.01348	0.01805	0.27022	0.40994	0.17914	0.01578	0.00726	0.00215	0.00314	0.01402	0.00582	0.00509
19	0.00761	0.00567	0.00699	0.00735	0.00848	0.00512	0.00524	0.00923	0.01356	0.01798	0.27207	0.32660	0.23791	0.01554	0.00766	0.02576	0.00315	0.01332	0.00574	0.00504
20	0.01552	0.06378	0.36200	0.01408	0.02018	0.04710	0.01522	0.09930	0.14036	0.09973	0.05366	0.01655	0.01290	0.00670	0.00571	0.00183	0.00705	0.00528	0.00422	0.00882
21	0.01512	0.00919	0.01060	0.00904	0.01185	0.00925	0.00714	0.14535	0.09075	0.15628	0.21185	0.02941	0.09715	0.00925	0.00597	0.00178	0.00405	0.00769	0.16079	0.00748
22	0.01102	0.00551	0.00551	0.00551	0.00689	0.00551	0.00413	0.01378	0.01240	0.02205	0.01929	0.02205	0.01516	0.00689	0.00413	0.00138	0.00276	0.00551	0.82500	0.00551
23	0.01061	0.00779	0.00926	0.00917	0.01087	0.00799	0.00673	0.03409	0.19857	0.05516	0.16409	0.36118	0.07354	0.01367	0.00691	0.00214	0.00376	0.01208	0.00591	0.00649
24	0.03886	0.16781	0.33106	0.03617	0.04750	0.03617	0.01501	0.02065	0.13684	0.04985	0.05468	0.01568	0.01237	0.00636	0.00538	0.00177	0.00695	0.00496	0.00360	0.00834
25	0.01429	0.16253	0.02842	0.01878	0.02301	0.04515	0.36408	0.01757	0.01244	0.01671	0.01008	0.01364	0.00836	0.00631	0.00919	0.00193	0.19488	0.00555	0.00283	0.04425
26	0.00743	0.00531	0.00712	0.00849	0.00894	0.00500	0.00589	0.00863	0.01155	0.01535	0.03247	0.71762	0.03862	0.01831	0.00761	0.00243	0.00363	0.08525	0.00549	0.00487
27	0.01272	0.01182	0.01143	0.01101	0.01291	0.15228	0.02343	0.01712	0.14711	0.04535	0.07560	0.28736	0.05934	0.01248	0.00720	0.00211	0.03382	0.06537	0.00510	0.00646
28	0.04290	0.04592	0.19816	0.01491	0.02037	0.04563	0.14883	0.02191	0.01457	0.28514	0.01725	0.02092	0.01292	0.00716	0.00610	0.00192	0.00718	0.07497	0.00468	0.00855

[dist]
# distance from previous block
# <min> <max>
0	1

[block]
# block no. 6 follows, 39 sequences, length 66
# corresponding to MSA columns:
# 589-654
name=unknown_G
#
# <colnr> <probs for GDERKNQSTAVLIFYWHMCP>
#	G	D	E	R	K	N	Q	S	T	A	V	L	I	F	Y	W	H	M	C	P
0	0.01099	0.15456	0.38271	0.01281	0.01810	0.01242	0.01435	0.01504	0.01202	0.01668	0.01755	0.27137	0.01808	0.00984	0.00595	0.00194	0.00655	0.00832	0.00350	0.00722
1	0.01551	0.73812	0.08599	0.01063	0.01596	0.02267	0.01100	0.01778	0.01205	0.01428	0.00840	0.00971	0.00758	0.00510	0.00393	0.00131	0.00651	0.00325	0.00253	0.00768
2	0.00778	0.00613	0.00708	0.00714	0.00886	0.00543	0.00555	0.00984	0.01448	0.01856	0.26471	0.05449	0.43805	0.01430	0.00716	0.00206	0.00329	0.11405	0.00579	0.00524
3	0.01027	0.00514	0.00770	0.00770	0.00770	0.00514	0.00514	0.00770	0.00770	0.01027	0.01027	0.01798	0.01027	0.02054	0.02311	0.82794	0.00514	0.00514	0.00257	0.00257
4	0.01999	0.27773	0.02185	0.01240	0.01704	0.07568	0.01073	0.42775	0.02139	0.02745	0.01193	0.01252	0.00915	0.00634	0.00513	0.00158	0.00668	0.00449	0.02127	0.00890
5	0.01096	0.00766	0.00902	0.00890	0.01067	0.00758	0.00653	0.07981	0.10127	0.07473	0.05410	0.40591	0.17056	0.01451	0.00697	0.00216	0.00388	0.01272	0.00576	0.00629
6	0.29341	0.02084	0.01421	0.01254	0.01595	0.40768	0.00975	0.11005	0.01574	0.02134	0.00944	0.01080	0.00752	0.00610	0.00512	0.00168	0.02330	0.00382	0.00360	0.00710
7	0.02074	0.01637	0.01673	0.01335	0.01768	0.06008	0.01084	0.53980	0.18535	0.03321	0.01609	0.01573	0.01168	0.00725	0.00591	0.00181	0.00634	0.00554	0.00578	0.00972
8	0.01232	0.00959	0.01248	0.01097	0.01336	0.01015	0.04656	0.18527	0.01687	0.02282	0.18503	0.03617	0.10931	0.01641	0.12353	0.00321	0.04356	0.13051	0.00519	0.00669
9	0.01602	0.01607	0.01577	0.01376	0.01565	0.20219	0.01097	0.13364	0.05758	0.01889	0.03336	0.04492	0.01206	0.01273	0.09438	0.00289	0.28261	0.00568	0.00373	0.00710
10	0.00801	0.00592	0.00823	0.00842	0.00945	0.00551	0.02682	0.01002	0.01398	0.01929	0.36707	0.39996	0.04587	0.01508	0.00728	0.00215	0.00338	0.03239	0.00589	0.00527
11	0.03562	0.28416	0.02186	0.01365	0.01746	0.48379	0.03082	0.02139	0.01497	0.01464	0.00889	0.01040	0.00762	0.00571	0.00483	0.00146	0.00908	0.00367	0.00288	0.00712
12	0.01751	0.19472	0.20450	0.01370	0.01894	0.24176	0.01329	0.08739	0.05389	0.04690	0.01117	0.01223	0.00868	0.00591	0.00513	0.00158	0.00801	0.00417	0.00341	0.04710
13	0.01420	0.00762	0.01127	0.01022	0.01242	0.00688	0.06071	0.01599	0.01354	0.26448	0.04781	0.45351	0.02915	0.01360	0.00695	0.00217	0.00443	0.01228	0.00594	0.00682
14	0.00824	0.00639	0.00773	0.00840	0.01009	0.00589	0.00697	0.01034	0.01355	0.01682	0.04582	0.06174	0.39885	0.01565	0.00757	0.00235	0.00420	0.35870	0.00547	0.00522
15	0.40533	0.01547	0.01336	0.01104	0.01508	0.10122	0.00898	0.31574	0.01818	0.02961	0.01081	0.01163	0.00806	0.00623	0.00478	0.00177	0.00607	0.00415	0.00453	0.00797
16	0.01348	0.01453	0.02700	0.02050	0.02367	0.01644	0.39468	0.01673	0.01165	0.01673	0.00999	0.01453	0.00840	0.00751	0.01283	0.00227	0.37285	0.00613	0.00280	0.00727
17	0.01259	0.00832	0.00962	0.00840	0.01060	0.00844	0.00654	0.17112	0.01810	0.04540	0.39021	0.03151	0.03465	0.00959	0.00601	0.00172	0.00366	0.00811	0.20875	0.00666
18	0.00981	0.00852	0.01224	0.08890	0.18971	0.00834	0.00999	0.01234	0.01350	0.01742	0.07121	0.04430	0.32096	0.01194	0.00686	0.00208	0.00492	0.15601	0.00465	0.00631
19	0.01432	0.50640	0.30723	0.01267	0.01912	0.01974	0.01455	0.01809	0.01219	0.01573	0.00913	0.01062	0.00755	0.00527	0.00448	0.00149	0.00724	0.00362	0.00252	0.00802
20	0.01322	0.01137	0.01198	0.01096	0.01401	0.01280	0.00852	0.02689	0.59671	0.02302	0.03049	0.02940	0.14575	0.00947	0.00625	0.00203	0.00441	0.02834	0.00591	0.00849
21	0.01095	0.00647	0.00863	0.00860	0.01015	0.00595	0.00652	0.01302	0.01446	0.13538	0.28473	0.29247	0.06017	0.01412	0.00716	0.00215	0.00371	0.10323	0.00613	0.00599
22	0.01617	0.51751	0.16679	0.01220	0.01769	0.11415	0.01256	0.05349	0.01346	0.01603	0.00908	0.01043	0.00769	0.00539	0.00443	0.00144	0.00733	0.00358	0.00275	0.00784
23	0.02393	0.01615	0.01607	0.01274	0.01712	0.14460	0.01032	0.34808	0.02183	0.30328	0.01674	0.01580	0.01135	0.00701	0.00583	0.00175	0.00668	0.00529	0.00594	0.00951
24	0.01027	0.00514	0.00770	0.00770	0.00770	0.00514	0.00514	0.00770	0.00770	0.01027	0.01027	0.01798	0.01027	0.02054	0.02311	0.82794	0.00514	0.00514	0.00257	0.00257
25	0.00817	0.00652	0.00766	0.00793	0.00967	0.00617	0.00629	0.01080	0.04862	0.01682	0.07283	0.07359	0.42118	0.01828	0.09383	0.00302	0.00510	0.17289	0.00528	0.00536
26	0.01396	0.01595	0.03490	0.02493	0.03091	0.01496	0.73380	0.01894	0.01396	0.01894	0.01196	0.01595	0.00897	0.00499	0.00698	0.00199	0.00997	0.00698	0.00299	0.00798
27	0.01002	0.00807	0.00925	0.00940	0.01106	0.00853	0.00684	0.01700	0.28412	0.01914	0.06345	0.40362	0.09790	0.01402	0.00690	0.00219	0.00383	0.01238	0.00573	0.00655
28	0.01021	0.00559	0.00583	0.00583	0.00674	0.00559	0.00395	0.01205	0.01113	0.01851	0.01907	0.02762	0.01728	0.26946	0.01282	0.00283	0.00375	0.00654	0.55035	0.00487
29	0.01581	0.79572	0.03099	0.01012	0.01518	0.02340	0.01012	0.01771	0.01202	0.01391	0.00822	0.00949	0.00759	0.00506	0.00379	0.00126	0.00632	0.00316	0.00253	0.00759
30	0.02248	0.01656	0.01775	0.01361	0.01834	0.01834	0.01124	0.73556	0.02780	0.03727	0.01420	0.01420	0.01006	0.00710	0.00592	0.00177	0.00651	0.00532	0.00592	0.01006
31	0.00721	0.00515	0.00686	0.00823	0.00858	0.00480	0.00549	0.00823	0.01132	0.01510	0.03259	0.78831	0.03911	0.01853	0.00755	0.00240	0.00343	0.01681	0.00549	0.00480
32	0.01471	0.01270	0.01337	0.01203	0.01538	0.01471	0.00936	0.03142	0.74459	0.02474	0.02407	0.02206	0.01805	0.00802	0.00602	0.00201	0.00468	0.00669	0.00602	0.00936
33	0.01117	0.01051	0.01774	0.77795	0.04073	0.01314	0.01642	0.01511	0.01182	0.01511	0.01051	0.01577	0.00788	0.00591	0.00591	0.00197	0.00788	0.00526	0.00263	0.00657
34	0.00721	0.00515	0.00686	0.00823	0.00858	0.00480	0.00549	0.00823	0.01132	0.01510	0.03259	0.78831	0.03911	0.01853	0.00755	0.00240	0.00343	0.01681	0.00549	0.00480
35	0.00860	0.00573	0.00645	0.00645	0.00645	0.00573	0.00358	0.00860	0.00860	0.01147	0.01863	0.03870	0.02150	0.79217	0.03010	0.00573	0.00573	0.00860	0.00358	0.00358
36	0.01027	0.00514	0.00770	0.00770	0.00770	0.00514	0.00514	0.00770	0.00770	0.01027	0.01027	0.01798	0.01027	0.02054	0.02311	0.82794	0.00514	0.00514	0.00257	0.00257
37	0.01269	0.01089	0.01245	0.00933	0.01425	0.00907	0.00741	0.01775	0.13906	0.02022	0.01286	0.01396	0.01037	0.00501	0.00466	0.00107	0.00443	0.00405	0.00394	0.68652
38	0.02209	0.02819	0.01676	0.01524	0.01828	0.76843	0.01143	0.02361	0.01676	0.01447	0.00914	0.01066	0.00762	0.00609	0.00533	0.00152	0.01066	0.00381	0.00305	0.00686
39	0.00903	0.00615	0.00860	0.00860	0.00972	0.00696	0.00665	0.01129	0.01016	0.01562	0.01663	0.02296	0.01487	0.03582	0.59461	0.00765	0.01286	0.00615	0.19032	0.00533
40	0.01043	0.08397	0.32778	0.01167	0.01644	0.01052	0.01283	0.01480	0.01433	0.02044	0.34755	0.05686	0.03064	0.00901	0.00615	0.00184	0.00563	0.00762	0.00444	0.00705
41	0.01385	0.01333	0.02418	0.02506	0.31006	0.01250	0.25783	0.01749	0.01339	0.04282	0.01332	0.07312	0.01155	0.00609	0.00613	0.00175	0.00726	0.00646	0.00338	0.14043
42	0.01294	0.01294	0.01811	0.01553	0.01553	0.01811	0.01294	0.01423	0.00906	0.01423	0.00776	0.01294	0.00776	0.01035	0.01941	0.00259	0.78134	0.00518	0.00259	0.00647
43	0.04514	0.01062	0.01256	0.04270	0.01519	0.00875	0.00766	0.04739	0.01316	0.07575	0.01221	0.03602	0.01003	0.00525	0.00470	0.00112	0.00465	0.00423	0.00392	0.63894
44	0.01027	0.00514	0.00770	0.00770	0.00770	0.00514	0.00514	0.00770	0.00770	0.01027	0.01027	0.01798	0.01027	0.02054	0.02311	0.82794	0.00514	0.00514	0.00257	0.00257
45	0.00971	0.00710	0.00842	0.00886	0.01005	0.00651	0.00620	0.04192	0.01430	0.01926	0.15780	0.45589	0.17246	0.01662	0.00775	0.00243	0.00389	0.01434	0.03045	0.00601
46	0.83394	0.01144	0.00869	0.00778	0.01144	0.01327	0.00640	0.01738	0.01006	0.02653	0.00823	0.00961	0.00640	0.00549	0.00366	0.00183	0.00457	0.00320	0.00366	0.00640
47	0.01380	0.24476	0.42644	0.01732	0.11674	0.01672	0.01758	0.04973	0.01315	0.01825	0.01016	0.01199	0.00787	0.00548	0.00514	0.00168	0.00774	0.00419	0.00271	0.00855
48	0.01329	0.01061	0.01246	0.00896	0.01417	0.00815	0.00719	0.03075	0.01285	0.06162	0.01132	0.01275	0.00912	0.00460	0.00450	0.00095	0.00446	0.00368	0.00377	0.76480
49	0.01051	0.00937	0.01346	0.01227	0.01284	0.01231	0.00994	0.01225	0.00930	0.01396	0.01213	0.01851	0.01156	0.02874	0.42473	0.00633	0.36727	0.00580	0.00290	0.00583
50	0.01027	0.00818	0.01100	0.17888	0.04528	0.00844	0.00879	0.06631	0.01494	0.03603	0.20971	0.08335	0.24324	0.01140	0.00668	0.00198	0.00462	0.03965	0.00508	0.00615
51	0.01676	0.01298	0.01454	0.01078	0.01581	0.01217	0.00878	0.30974	0.01872	0.04315	0.01230	0.01323	0.00942	0.00556	0.00504	0.00126	0.00526	0.00430	0.00457	0.47562
52	0.01559	0.01415	0.02161	0.11801	0.52445	0.04697	0.01643	0.08449	0.01487	0.04766	0.01224	0.01615	0.01004	0.00592	0.00591	0.00180	0.00712	0.02426	0.00340	0.00892
53	0.00992	0.00902	0.01541	0.38922	0.02695	0.01006	0.09368	0.01284	0.01187	0.01554	0.01937	0.32002	0.02031	0.01077	0.00668	0.00214	0.00637	0.01000	0.00380	0.00603
54	0.32966	0.00839	0.00837	0.00829	0.01059	0.00880	0.00638	0.01395	0.02923	0.05902	0.02425	0.27988	0.08927	0.01173	0.00583	0.00209	0.00414	0.06641	0.00483	0.02890
55	0.01543	0.04560	0.02503	0.01846	0.02319	0.07178	0.36630	0.10625	0.17563	0.02166	0.01648	0.03871	0.03343	0.00665	0.00641	0.00192	0.00793	0.00676	0.00413	0.00825
56	0.01335	0.01367	0.02627	0.12531	0.30431	0.01358	0.30906	0.01736	0.01334	0.01834	0.01316	0.05983	0.01138	0.00629	0.00648	0.00194	0.00809	0.02703	0.00313	0.00807
57	0.00860	0.00573	0.00645	0.00645	0.00645	0.00573	0.00358	0.00860	0.00860	0.01147	0.01863	0.03870	0.02150	0.79217	0.03010	0.00573	0.00573	0.00860	0.00358	0.00358
58	0.01392	0.01390	0.02539	0.15412	0.47950	0.01410	0.17579	0.01783	0.01331	0.01855	0.01121	0.01511	0.00904	0.00531	0.00611	0.00184	0.00781	0.00564	0.00289	0.00861
59	0.01314	0.02110	0.38160	0.01427	0.02012	0.01360	0.01545	0.06027	0.27875	0.02167	0.01765	0.05262	0.01413	0.00765	0.00599	0.00198	0.00676	0.04033	0.00423	0.00870
60	0.01117	0.01051	0.01774	0.77795	0.04073	0.01314	0.01642	0.01511	0.01182	0.01511	0.01051	0.01577	0.00788	0.00591	0.00591	0.00197	0.00788	0.00526	0.00263	0.00657
61	0.00785	0.00574	0.00768	0.00832	0.00911	0.00574	0.00599	0.00937	0.01143	0.01544	0.09242	0.36571	0.09306	0.08247	0.20639	0.00443	0.00684	0.05220	0.00483	0.00496
62	0.08556	0.08765	0.07789	0.01731	0.17916	0.07128	0.01221	0.19162	0.04460	0.04904	0.01491	0.11504	0.01325	0.00772	0.00567	0.00181	0.00641	0.00632	0.00426	0.00831
63	0.01186	0.03059	0.76153	0.01686	0.02560	0.01373	0.02185	0.01873	0.01249	0.01873	0.01061	0.01249	0.00749	0.00562	0.00562	0.00187	0.00874	0.00437	0.00250	0.00874
64	0.00703	0.00599	0.00605	0.00604	0.00802	0.00501	0.00453	0.00857	0.01358	0.01623	0.08232	0.05650	0.73031	0.01488	0.00699	0.00199	0.00299	0.01242	0.00552	0.00501
65	0.00992	0.00846	0.01314	0.31305	0.09638	0.00937	0.01120	0.03178	0.01218	0.01613	0.02128	0.38659	0.02309	0.01194	0.00669	0.00215	0.00562	0.01081	0.00412	0.00610

[dist]
# distance from previous block
# <min> <max>
0	14

[block]
# block no. 7 follows, 39 sequences, length 18
# corresponding to MSA columns:
# 669-686
name=unknown_H
#
# <colnr> <probs for GDERKNQSTAVLIFYWHMCP>
#	G	D	E	R	K	N	Q	S	T	A	V	L	I	F	Y	W	H	M	C	P
0	0.07202	0.15875	0.29376	0.01423	0.01999	0.20984	0.01469	0.11581	0.01539	0.01982	0.01014	0.01154	0.00781	0.00583	0.00514	0.00166	0.00824	0.00407	0.00318	0.00808
1	0.00735	0.00631	0.00634	0.00628	0.00834	0.00545	0.00472	0.00957	0.04801	0.01639	0.05822	0.05527	0.71817	0.01465	0.00694	0.00200	0.00308	0.01221	0.00552	0.00520
2	0.01370	0.01310	0.02231	0.23630	0.56259	0.01381	0.01768	0.01733	0.01302	0.01818	0.01096	0.01494	0.00897	0.00544	0.00587	0.00181	0.00726	0.00527	0.00285	0.00861
3	0.01611	0.01834	0.02520	0.02058	0.06560	0.21144	0.31817	0.03851	0.01390	0.01721	0.01027	0.01376	0.00839	0.00659	0.00934	0.00199	0.18857	0.00559	0.00299	0.00747
4	0.00920	0.00675	0.00828	0.00835	0.00966	0.00654	0.00604	0.08870	0.01497	0.02020	0.24961	0.40532	0.11383	0.01498	0.00714	0.00213	0.00353	0.01327	0.00584	0.00563
5	0.01146	0.01029	0.01618	0.01985	0.26552	0.01181	0.01217	0.01388	0.01077	0.01574	0.01261	0.01824	0.01153	0.02420	0.35824	0.00547	0.16641	0.00574	0.00297	0.00691
6	0.01504	0.28062	0.02639	0.02737	0.50288	0.01724	0.01541	0.01800	0.01297	0.01748	0.01013	0.01288	0.00876	0.00520	0.00515	0.00159	0.00679	0.00455	0.00279	0.00876
7	0.01166	0.01227	0.02534	0.01923	0.02329	0.01149	0.48543	0.01529	0.01306	0.01763	0.01900	0.27934	0.01925	0.00960	0.00717	0.00213	0.00774	0.01033	0.00384	0.00689
8	0.00706	0.00570	0.00629	0.00676	0.00819	0.00493	0.00483	0.00840	0.01274	0.01568	0.05059	0.30634	0.50947	0.01619	0.00718	0.00213	0.00314	0.01396	0.00549	0.00493
9	0.01947	0.01024	0.01318	0.01086	0.01427	0.01039	0.00881	0.17964	0.01681	0.34463	0.01875	0.01987	0.01367	0.01990	0.26607	0.00443	0.00905	0.00594	0.00559	0.00843
10	0.01721	0.01041	0.01206	0.01044	0.01383	0.01070	0.00821	0.02592	0.34963	0.27346	0.02939	0.07160	0.12214	0.00939	0.00622	0.00197	0.00449	0.00785	0.00636	0.00871
11	0.00721	0.00515	0.00686	0.00823	0.00858	0.00480	0.00549	0.00823	0.01132	0.01510	0.03259	0.78831	0.03911	0.01853	0.00755	0.00240	0.00343	0.01681	0.00549	0.00480
12	0.01075	0.00764	0.00891	0.00870	0.00981	0.00784	0.00599	0.15428	0.01370	0.01831	0.02414	0.37737	0.02728	0.28007	0.01491	0.00341	0.00483	0.01171	0.00493	0.00544
13	0.01549	0.23130	0.04208	0.01055	0.01364	0.12605	0.00870	0.15953	0.01473	0.01801	0.01319	0.02067	0.01283	0.27406	0.01348	0.00295	0.00688	0.00559	0.00364	0.00665
14	0.01410	0.46499	0.34677	0.01303	0.01968	0.01922	0.01519	0.01815	0.01222	0.01599	0.00926	0.01078	0.00755	0.00530	0.00458	0.00153	0.00737	0.00368	0.00252	0.00809
15	0.01981	0.22629	0.09478	0.01235	0.01726	0.08874	0.01133	0.22342	0.04234	0.16890	0.03073	0.01454	0.01112	0.00650	0.00530	0.00164	0.00664	0.00479	0.00468	0.00883
16	0.01275	0.20372	0.59623	0.01533	0.02324	0.01592	0.01920	0.01850	0.01238	0.01764	0.01007	0.01181	0.00751	0.00549	0.00521	0.00174	0.00819	0.00410	0.00250	0.00848
17	0.01168	0.01194	0.09527	0.01686	0.18539	0.01037	0.01159	0.05842	0.11699	0.01946	0.02277	0.28194	0.02345	0.01161	0.00671	0.00214	0.00545	0.09596	0.00466	0.00733

[dist]
# distance from previous block
# <min> <max>
0	2

[block]
# block no. 8 follows, 39 sequences, length 11
# corresponding to MSA columns:
# 689-699
name=unknown_I
#
