[name]
unknown

[dist]
# distance from previous block
# <min> <max>
0	58

[block]
# block no. 0 follows, 40 sequences, length 17
# corresponding to MSA columns:
# 70-86
name=unknown_A
#
# <colnr> <probs for GDERKNQSTAVLIFYWHMCP>
#	G	D	E	R	K	N	Q	S	T	A	V	L	I	F	Y	W	H	M	C	P
0	0.05212	0.03007	0.15024	0.01494	0.01961	0.02673	0.16714	0.11267	0.09307	0.05164	0.03164	0.02565	0.01557	0.00810	0.00627	0.00199	0.00691	0.14946	0.00431	0.03187
1	0.01616	0.06889	0.06352	0.16670	0.02197	0.01337	0.08318	0.18319	0.04403	0.11593	0.04032	0.01645	0.01173	0.00633	0.00557	0.00170	0.00634	0.00537	0.05928	0.06998
2	0.04031	0.03614	0.01119	0.17923	0.01674	0.00888	0.00834	0.04222	0.02904	0.01830	0.15839	0.16334	0.17189	0.01087	0.00647	0.00189	0.01846	0.00930	0.00463	0.06437
3	0.01063	0.00948	0.01212	0.16440	0.01710	0.06593	0.03045	0.03851	0.01378	0.01839	0.27791	0.12184	0.02933	0.04364	0.06424	0.00264	0.06059	0.00861	0.00451	0.00587
4	0.01045	0.00888	0.01086	0.00945	0.01153	0.00931	0.00744	0.04309	0.06285	0.01931	0.21582	0.07311	0.17349	0.01067	0.00879	0.00187	0.15997	0.00840	0.00480	0.14992
5	0.17905	0.39814	0.23360	0.01153	0.01719	0.04324	0.01253	0.01783	0.01172	0.01752	0.00878	0.01023	0.00720	0.00525	0.00426	0.00153	0.00669	0.00347	0.00272	0.00753
6	0.00941	0.00739	0.01266	0.01135	0.01279	0.00707	0.15213	0.01069	0.03075	0.01461	0.02198	0.41153	0.02449	0.01579	0.01130	0.22058	0.00514	0.01130	0.00416	0.00489
7	0.26164	0.27376	0.01911	0.01200	0.05014	0.17668	0.00969	0.04570	0.01280	0.03299	0.00889	0.01042	0.00744	0.00575	0.00513	0.00159	0.05238	0.00360	0.00316	0.00712
8	0.04399	0.04118	0.01259	0.16399	0.01748	0.06560	0.00904	0.04624	0.08723	0.09230	0.23083	0.07579	0.04067	0.03957	0.00697	0.00200	0.00522	0.00767	0.00494	0.00672
9	0.01195	0.00806	0.01087	0.16323	0.01661	0.00824	0.00855	0.01583	0.07948	0.13411	0.24998	0.03623	0.15543	0.01042	0.00651	0.00195	0.00450	0.06600	0.00546	0.00658
10	0.17618	0.00659	0.00605	0.00587	0.00767	0.00695	0.00451	0.01426	0.01173	0.02256	0.01679	0.01923	0.01318	0.00650	0.00397	0.00144	0.00307	0.00497	0.66288	0.00560
11	0.00984	0.00860	0.01356	0.26275	0.16894	0.00923	0.01130	0.01237	0.01209	0.01612	0.05536	0.30722	0.06719	0.01111	0.00651	0.00205	0.00544	0.01006	0.00403	0.00623
12	0.00986	0.01213	0.16010	0.00974	0.01311	0.00881	0.00919	0.01594	0.16760	0.02056	0.27214	0.03593	0.22082	0.01052	0.00640	0.00190	0.00436	0.00891	0.00525	0.00673
13	0.17618	0.00659	0.00605	0.00587	0.00767	0.00695	0.00451	0.01426	0.01173	0.02256	0.01679	0.01923	0.01318	0.00650	0.00397	0.00144	0.00307	0.00497	0.66288	0.00560
14	0.01009	0.00731	0.00889	0.00915	0.01036	0.00739	0.00653	0.15462	0.01438	0.01921	0.02843	0.63610	0.03274	0.01597	0.00710	0.00224	0.00398	0.01427	0.00548	0.00576
15	0.01512	0.01371	0.02388	0.15861	0.02657	0.01434	0.32479	0.16231	0.02898	0.05653	0.02593	0.01852	0.01126	0.00662	0.00710	0.00197	0.04863	0.04339	0.00387	0.00787
16	0.01510	0.12216	0.22172	0.01579	0.02161	0.03355	0.20122	0.01915	0.01311	0.12188	0.01202	0.01377	0.00891	0.00563	0.00623	0.00169	0.04822	0.00494	0.00339	0.10990

[dist]
# distance from previous block
# <min> <max>
1	3

[block]
# block no. 1 follows, 40 sequences, length 7
# corresponding to MSA columns:
# 90-96
name=unknown_B
#
# <colnr> <probs for GDERKNQSTAVLIFYWHMCP>
#	G	D	E	R	K	N	Q	S	T	A	V	L	I	F	Y	W	H	M	C	P
0	0.13502	0.12572	0.32070	0.01439	0.05428	0.01461	0.04533	0.08815	0.03718	0.05017	0.05319	0.01422	0.01090	0.00603	0.00520	0.00175	0.00683	0.00469	0.00351	0.00812
1	0.03470	0.00865	0.01023	0.00975	0.01176	0.00903	0.00751	0.13494	0.09488	0.07215	0.02593	0.25444	0.06401	0.06785	0.06682	0.00294	0.00549	0.10711	0.00530	0.00653
2	0.01252	0.01078	0.01612	0.23658	0.05183	0.01214	0.09168	0.10924	0.04073	0.01944	0.01831	0.02118	0.09792	0.00955	0.04875	0.00230	0.07967	0.00633	0.10806	0.00688
3	0.02072	0.09149	0.01831	0.01269	0.01742	0.01775	0.01064	0.61592	0.02470	0.03311	0.01312	0.01337	0.00956	0.00659	0.00550	0.00163	0.00623	0.00490	0.00532	0.07106
4	0.00722	0.00579	0.00645	0.00652	0.00813	0.00502	0.00480	0.00893	0.01373	0.01739	0.22024	0.15039	0.49589	0.01452	0.00694	0.00198	0.00295	0.01242	0.00564	0.00502
5	0.00841	0.00584	0.00737	0.00737	0.00772	0.00620	0.00480	0.00912	0.00876	0.01204	0.01738	0.03285	0.01888	0.53849	0.28366	0.00691	0.00904	0.00770	0.00338	0.00409
6	0.22859	0.20314	0.07332	0.01068	0.01523	0.01577	0.00974	0.12882	0.11298	0.12992	0.01337	0.01343	0.00989	0.00613	0.00474	0.00168	0.00558	0.00438	0.00440	0.00819

[dist]
# distance from previous block
# <min> <max>
2	10

[block]
# block no. 2 follows, 40 sequences, length 19
# corresponding to MSA columns:
# 107-123,142,143
name=unknown_C
#
# <colnr> <probs for GDERKNQSTAVLIFYWHMCP>
#	G	D	E	R	K	N	Q	S	T	A	V	L	I	F	Y	W	H	M	C	P
0	0.01359	0.14939	0.32456	0.01627	0.05250	0.01485	0.13657	0.08476	0.01382	0.01931	0.01145	0.04274	0.00925	0.00583	0.00545	0.00168	0.00754	0.00505	0.00308	0.08229
1	0.04810	0.08142	0.16529	0.01344	0.04729	0.10616	0.01206	0.14875	0.13728	0.05098	0.01364	0.01431	0.01029	0.00617	0.00523	0.00163	0.00655	0.00469	0.03828	0.08843
2	0.10855	0.01267	0.01282	0.01049	0.01445	0.05723	0.00836	0.16266	0.16847	0.02412	0.04359	0.04156	0.01384	0.00686	0.00522	0.00155	0.00511	0.02434	0.00465	0.27347
3	0.01440	0.09484	0.14201	0.01658	0.05224	0.10036	0.14108	0.05863	0.01301	0.01747	0.01051	0.03752	0.00903	0.00690	0.00877	0.00186	0.19309	0.00517	0.00301	0.07353
4	0.00811	0.00592	0.00767	0.00844	0.00943	0.00552	0.00624	0.00964	0.01186	0.01581	0.06253	0.41732	0.07818	0.08943	0.00941	0.00261	0.00408	0.18850	0.00514	0.05415
5	0.03742	0.01361	0.01858	0.03699	0.01936	0.04440	0.19033	0.16700	0.25270	0.02368	0.03208	0.10497	0.01597	0.00800	0.00623	0.00194	0.00641	0.00733	0.00483	0.00817
6	0.00750	0.00600	0.00717	0.00714	0.00868	0.00575	0.00539	0.00921	0.01204	0.01538	0.09451	0.04359	0.43632	0.05275	0.25725	0.00450	0.00715	0.01003	0.00466	0.00499
7	0.06480	0.00937	0.01186	0.00973	0.01317	0.00876	0.00779	0.09263	0.01664	0.43877	0.14394	0.11524	0.02311	0.00918	0.00608	0.00187	0.00451	0.00770	0.00652	0.00835
8	0.01416	0.26429	0.31009	0.01439	0.02048	0.01565	0.12020	0.01824	0.01243	0.07947	0.01153	0.01438	0.00922	0.06343	0.00696	0.00195	0.00750	0.00474	0.00302	0.00787
9	0.01380	0.01331	0.02278	0.03292	0.66800	0.01319	0.05129	0.01717	0.01327	0.01873	0.01458	0.01758	0.06540	0.00589	0.00589	0.00176	0.00675	0.00579	0.00307	0.00882
10	0.00731	0.00591	0.00650	0.00635	0.00813	0.00510	0.00477	0.00920	0.01430	0.01819	0.28596	0.05189	0.52840	0.01380	0.00687	0.00192	0.00288	0.01170	0.00573	0.00510
11	0.07411	0.01022	0.01326	0.20290	0.02031	0.01133	0.01102	0.18162	0.01596	0.05444	0.01986	0.06521	0.01900	0.01033	0.00652	0.00216	0.00603	0.26407	0.00473	0.00692
12	0.01299	0.01280	0.05126	0.07118	0.01993	0.03515	0.21546	0.09660	0.08638	0.01986	0.01846	0.12445	0.05023	0.02984	0.00774	0.00206	0.05798	0.00771	0.07283	0.00712
13	0.01011	0.00538	0.00568	0.00588	0.00699	0.00533	0.00422	0.01237	0.01176	0.01990	0.02083	0.13544	0.01882	0.06774	0.00647	0.00182	0.00303	0.00727	0.64577	0.00518
14	0.01991	0.01400	0.01538	0.01224	0.01634	0.01526	0.00996	0.46727	0.16056	0.11189	0.08056	0.01858	0.01572	0.00760	0.00593	0.00180	0.00559	0.00601	0.00604	0.00938
15	0.17857	0.06392	0.10509	0.01463	0.08971	0.22862	0.01162	0.11854	0.01543	0.05952	0.02425	0.01244	0.00901	0.00592	0.00502	0.00164	0.00726	0.00422	0.00369	0.04092
16	0.00788	0.00562	0.00748	0.00829	0.00913	0.00530	0.00611	0.00955	0.01286	0.01732	0.21253	0.41646	0.06968	0.01616	0.00784	0.02735	0.00362	0.14631	0.00555	0.00497
17	0.01428	0.05584	0.11386	0.03246	0.17317	0.09398	0.16930	0.01907	0.08380	0.04887	0.01777	0.01936	0.09472	0.00683	0.00636	0.00182	0.03090	0.00614	0.00357	0.00790
18	0.00706	0.00549	0.00642	0.00706	0.00819	0.00485	0.00496	0.00838	0.01241	0.01574	0.08740	0.41537	0.36341	0.01627	0.00714	0.00215	0.00314	0.01425	0.00546	0.00485

[dist]
# distance from previous block
# <min> <max>
3	8

[block]
# block no. 3 follows, 40 sequences, length 34
# corresponding to MSA columns:
# 152-185
name=unknown_D
#
# <colnr> <probs for GDERKNQSTAVLIFYWHMCP>
#	G	D	E	R	K	N	Q	S	T	A	V	L	I	F	Y	W	H	M	C	P
0	0.04339	0.25819	0.10550	0.01419	0.07659	0.03756	0.08626	0.07344	0.05124	0.03289	0.01766	0.01858	0.11307	0.00687	0.00549	0.00165	0.02004	0.00553	0.00357	0.02829
1	0.03898	0.01598	0.01899	0.17014	0.15228	0.16804	0.08342	0.11064	0.09483	0.02003	0.01223	0.01464	0.00953	0.00622	0.00626	0.00180	0.04045	0.00515	0.02254	0.00783
2	0.00810	0.00537	0.00717	0.00794	0.00842	0.00515	0.00539	0.00886	0.03277	0.01460	0.07691	0.50044	0.06191	0.01781	0.01101	0.20233	0.00375	0.01288	0.00479	0.00439
3	0.01346	0.01117	0.01281	0.00928	0.01437	0.00919	0.00747	0.11576	0.01419	0.02142	0.01084	0.01232	0.00879	0.00468	0.00452	0.00098	0.00460	0.00369	0.00378	0.71668
4	0.01769	0.39377	0.08141	0.03740	0.01780	0.26051	0.01156	0.08758	0.01480	0.01643	0.00918	0.01057	0.00770	0.00556	0.00462	0.00144	0.00783	0.00367	0.00297	0.00752
5	0.01355	0.01327	0.02354	0.20049	0.50995	0.01373	0.10560	0.01728	0.01294	0.01803	0.01091	0.01480	0.00884	0.00529	0.00590	0.00180	0.00745	0.00538	0.00282	0.00843
6	0.00688	0.00586	0.00593	0.00598	0.00788	0.00490	0.00446	0.00834	0.01317	0.01567	0.05778	0.08703	0.72666	0.01487	0.00690	0.00198	0.00296	0.01245	0.00540	0.00490
7	0.01084	0.00542	0.00542	0.00542	0.00678	0.00542	0.00407	0.01355	0.01220	0.02168	0.01897	0.02168	0.01491	0.00678	0.00407	0.00136	0.00271	0.00542	0.82791	0.00542
8	0.04106	0.11882	0.03782	0.10040	0.13680	0.12019	0.03234	0.05765	0.06527	0.01798	0.04678	0.07298	0.01329	0.00820	0.02204	0.00197	0.08970	0.00587	0.00352	0.00733
9	0.20553	0.01473	0.06857	0.10226	0.04885	0.01427	0.34662	0.05241	0.03195	0.02082	0.01093	0.01395	0.00829	0.00550	0.00616	0.00191	0.03104	0.00546	0.00323	0.00751
10	0.01084	0.00542	0.00542	0.00542	0.00678	0.00542	0.00407	0.01355	0.01220	0.02168	0.01897	0.02168	0.01491	0.00678	0.00407	0.00136	0.00271	0.00542	0.82791	0.00542
11	0.00845	0.00720	0.00995	0.10616	0.01365	0.00779	0.02144	0.01020	0.01160	0.01524	0.05643	0.29798	0.22745	0.01621	0.06735	0.00273	0.09897	0.01137	0.00451	0.00531
12	0.03433	0.13847	0.17579	0.01386	0.04835	0.17168	0.05409	0.01696	0.03005	0.01664	0.04242	0.14363	0.03683	0.00862	0.00576	0.00181	0.00705	0.04310	0.00358	0.00696
13	0.01390	0.40331	0.38245	0.01330	0.01994	0.04472	0.01553	0.01810	0.01220	0.01597	0.00924	0.01078	0.00742	0.00527	0.00464	0.00154	0.00751	0.00370	0.00249	0.00798
14	0.00709	0.00506	0.00675	0.00810	0.00843	0.00472	0.00540	0.00810	0.01113	0.01484	0.03205	0.79184	0.03846	0.01822	0.00742	0.00236	0.00337	0.01653	0.00540	0.00472
15	0.04714	0.06510	0.03635	0.09874	0.01997	0.09420	0.04602	0.30695	0.09590	0.05942	0.01479	0.01779	0.01157	0.00712	0.00575	0.00181	0.00679	0.05150	0.00470	0.00840
16	0.01094	0.00679	0.00837	0.00758	0.00968	0.00614	0.00582	0.01375	0.04156	0.13950	0.42688	0.04224	0.23473	0.01176	0.00667	0.00187	0.00322	0.01010	0.00624	0.00617
17	0.02339	0.01139	0.01408	0.01110	0.01541	0.01114	0.00907	0.14446	0.14789	0.51454	0.02161	0.01918	0.01426	0.00728	0.00586	0.00182	0.00512	0.00588	0.00675	0.00977
18	0.00899	0.00582	0.00849	0.00849	0.00922	0.00646	0.00631	0.00972	0.00899	0.01297	0.01430	0.02177	0.01350	0.05852	0.48477	0.24490	0.01142	0.00591	0.05506	0.00439
19	0.01144	0.01058	0.01744	0.74980	0.03914	0.01313	0.01594	0.04492	0.01228	0.01576	0.01049	0.01544	0.00784	0.00586	0.00581	0.00193	0.00770	0.00517	0.00272	0.00660
20	0.00846	0.00564	0.00634	0.00634	0.00634	0.00564	0.00352	0.00846	0.00846	0.01128	0.01832	0.03805	0.02114	0.79563	0.02960	0.00564	0.00564	0.00846	0.00352	0.00352
21	0.01178	0.01137	0.01927	0.44138	0.03074	0.01383	0.12261	0.01514	0.01135	0.01567	0.01049	0.01529	0.00835	0.00675	0.00892	0.00204	0.18682	0.00542	0.05621	0.00658
22	0.01265	0.01570	0.19984	0.03999	0.20503	0.01144	0.14043	0.01665	0.01311	0.06521	0.04855	0.13190	0.01663	0.00817	0.00632	0.00196	0.00693	0.04800	0.00372	0.00776
23	0.01830	0.02122	0.01981	0.02466	0.36448	0.41779	0.01433	0.02071	0.01497	0.01646	0.00990	0.01231	0.00829	0.00561	0.00548	0.00161	0.00881	0.00442	0.00294	0.00790
24	0.01084	0.00542	0.00542	0.00542	0.00678	0.00542	0.00407	0.01355	0.01220	0.02168	0.01897	0.02168	0.01491	0.00678	0.00407	0.00136	0.00271	0.00542	0.82791	0.00542
25	0.01462	0.10339	0.21619	0.01287	0.01768	0.01154	0.08466	0.01878	0.05055	0.18460	0.02047	0.14457	0.05485	0.00877	0.00601	0.00190	0.00618	0.03009	0.00447	0.00779
26	0.01822	0.01701	0.17708	0.04009	0.01862	0.06227	0.01229	0.13541	0.20395	0.21203	0.03188	0.01745	0.01313	0.00694	0.00577	0.00183	0.00629	0.00553	0.00518	0.00903
27	0.01919	0.01040	0.01269	0.01035	0.01391	0.01032	0.00832	0.13840	0.14136	0.34426	0.19870	0.02489	0.02401	0.00841	0.00610	0.00183	0.00459	0.00700	0.00657	0.00871
28	0.01569	0.08168	0.09702	0.01591	0.02014	0.27742	0.20424	0.04279	0.01498	0.01751	0.08720	0.05382	0.03189	0.00699	0.00591	0.00173	0.00834	0.00612	0.00349	0.00712
29	0.01742	0.01305	0.06517	0.04061	0.23010	0.01212	0.01235	0.12172	0.09861	0.21049	0.07936	0.04190	0.01614	0.00724	0.00594	0.00182	0.00576	0.00624	0.00506	0.00891
30	0.00733	0.00552	0.00679	0.00730	0.00835	0.00498	0.00516	0.00893	0.01312	0.01733	0.23175	0.39505	0.23605	0.01560	0.00712	0.00211	0.00309	0.01379	0.00567	0.00498
31	0.00808	0.00568	0.00713	0.04654	0.00892	0.00572	0.00494	0.00870	0.00962	0.01282	0.02285	0.31144	0.02661	0.45303	0.03891	0.00435	0.00517	0.01118	0.00415	0.00415
32	0.01282	0.01477	0.07196	0.14524	0.07645	0.01439	0.39951	0.01691	0.01247	0.01722	0.01151	0.04215	0.00945	0.00634	0.00834	0.00203	0.12173	0.00640	0.00288	0.00743
33	0.09351	0.01546	0.05412	0.01289	0.01737	0.01617	0.03101	0.43466	0.18945	0.05245	0.01567	0.01545	0.01134	0.00692	0.00565	0.00181	0.00598	0.00537	0.00543	0.00928

[dist]
# distance from previous block
# <min> <max>
10	49

[block]
# block no. 4 follows, 40 sequences, length 20
# corresponding to MSA columns:
# 241-260
name=unknown_E
#
# <colnr> <probs for GDERKNQSTAVLIFYWHMCP>
#	G	D	E	R	K	N	Q	S	T	A	V	L	I	F	Y	W	H	M	C	P
0	0.01389	0.03261	0.07338	0.09484	0.16468	0.07349	0.08146	0.04621	0.16337	0.01955	0.07403	0.01848	0.02810	0.00712	0.00720	0.00189	0.08199	0.00595	0.00385	0.00790
1	0.06717	0.00814	0.06891	0.00885	0.01066	0.00695	0.00736	0.01087	0.01184	0.01716	0.14587	0.23137	0.10365	0.02173	0.21607	0.00407	0.00715	0.04213	0.00457	0.00545
2	0.01323	0.01423	0.08178	0.17644	0.43342	0.01308	0.06805	0.01704	0.01276	0.01811	0.01078	0.01430	0.00869	0.00523	0.00568	0.00171	0.00716	0.00505	0.00285	0.09042
3	0.00986	0.08624	0.01171	0.01004	0.05682	0.00801	0.00704	0.01171	0.01213	0.01698	0.09667	0.37608	0.02709	0.01164	0.00604	0.00175	0.00407	0.01030	0.00452	0.23131
4	0.01418	0.01122	0.01406	0.01220	0.08854	0.00977	0.00877	0.06771	0.01344	0.07988	0.01150	0.01309	0.00917	0.00518	0.00559	0.00119	0.05285	0.00404	0.00380	0.57381
5	0.01675	0.01309	0.04703	0.04514	0.01777	0.05823	0.11122	0.11716	0.12387	0.17419	0.09347	0.02110	0.04099	0.00735	0.00592	0.00178	0.00593	0.00637	0.05586	0.03678
6	0.40768	0.09222	0.04333	0.01000	0.01387	0.06866	0.00855	0.10087	0.13270	0.02443	0.01185	0.01258	0.00913	0.00604	0.00445	0.00173	0.00542	0.00411	0.03500	0.00738
7	0.00957	0.00614	0.00794	0.00862	0.00961	0.00589	0.00602	0.01195	0.07111	0.09018	0.03047	0.65288	0.03440	0.01629	0.00714	0.00227	0.00363	0.01467	0.00562	0.00560
8	0.01532	0.09394	0.09777	0.05591	0.38068	0.14870	0.08952	0.01877	0.01356	0.01738	0.01033	0.01318	0.00846	0.00534	0.00556	0.00168	0.00797	0.00481	0.00281	0.00830
9	0.00833	0.01026	0.14362	0.00872	0.01153	0.00674	0.00820	0.01119	0.01394	0.01862	0.26469	0.09720	0.30652	0.01251	0.00674	0.00197	0.00408	0.05420	0.00518	0.00577
10	0.01511	0.01648	0.05230	0.13396	0.43086	0.15040	0.03329	0.01924	0.05879	0.01785	0.01128	0.01424	0.00913	0.00559	0.00570	0.00174	0.00767	0.00501	0.00303	0.00832
11	0.00997	0.00788	0.01137	0.31977	0.02143	0.00897	0.00980	0.01375	0.07113	0.01714	0.04493	0.25169	0.02070	0.01010	0.00602	0.00196	0.00510	0.00893	0.15343	0.00594
12	0.06076	0.01039	0.06246	0.00895	0.01115	0.08324	0.00727	0.01331	0.06198	0.01909	0.25142	0.19206	0.17183	0.01204	0.00646	0.00194	0.00433	0.01027	0.00518	0.00586
13	0.06347	0.12175	0.17618	0.01566	0.10175	0.08291	0.03969	0.06312	0.01307	0.01815	0.01341	0.01579	0.06159	0.02493	0.00777	0.00186	0.11894	0.00501	0.00316	0.05180
14	0.04158	0.01311	0.07395	0.08386	0.03236	0.04186	0.01039	0.13467	0.08510	0.06504	0.04784	0.06075	0.03054	0.00778	0.00593	0.00172	0.02012	0.05414	0.00448	0.18478
15	0.02894	0.18756	0.28838	0.07517	0.02056	0.01506	0.01421	0.07627	0.08718	0.09700	0.03160	0.02980	0.01115	0.00636	0.00530	0.00173	0.00675	0.00495	0.00375	0.00828
16	0.01401	0.04408	0.07329	0.01234	0.06690	0.05707	0.00969	0.11762	0.02613	0.08398	0.03634	0.17528	0.06397	0.00968	0.00601	0.00179	0.00542	0.05851	0.00466	0.13323
17	0.04855	0.03605	0.22251	0.04258	0.14854	0.04392	0.03405	0.13556	0.05894	0.04785	0.02301	0.02593	0.01051	0.00616	0.00547	0.00172	0.00676	0.00507	0.04480	0.05198
18	0.13982	0.06237	0.01716	0.03149	0.01721	0.04499	0.11239	0.19608	0.05237	0.11491	0.08477	0.01760	0.01438	0.02742	0.00615	0.00184	0.00607	0.00561	0.00474	0.04264
19	0.10769	0.03253	0.06173	0.03456	0.03221	0.02755	0.13451	0.16478	0.03962	0.06301	0.04507	0.04632	0.01357	0.05592	0.08008	0.00274	0.00733	0.00610	0.02169	0.02300

[dist]
# distance from previous block
# <min> <max>
98	244

[block]
# block no. 5 follows, 40 sequences, length 89
# corresponding to MSA columns:
# 659-712,726-760
name=unknown_F
#
# <colnr> <probs for GDERKNQSTAVLIFYWHMCP>
#	G	D	E	R	K	N	Q	S	T	A	V	L	I	F	Y	W	H	M	C	P
0	0.05072	0.04937	0.01605	0.11234	0.06557	0.05564	0.02382	0.10034	0.03420	0.16179	0.01384	0.03525	0.01076	0.00820	0.03806	0.00202	0.07775	0.00518	0.00423	0.13486
1	0.11363	0.07854	0.06452	0.08181	0.01586	0.03675	0.00928	0.11104	0.04090	0.06071	0.04466	0.04023	0.07611	0.08044	0.00802	0.00209	0.03351	0.00603	0.03662	0.05924
2	0.01525	0.01584	0.18174	0.01230	0.01701	0.02923	0.01172	0.04527	0.15449	0.14266	0.01607	0.01650	0.03078	0.00682	0.00698	0.00172	0.09539	0.00512	0.00434	0.19079
3	0.01455	0.01297	0.02058	0.19617	0.38434	0.02801	0.05734	0.03706	0.06873	0.06491	0.01256	0.01540	0.00978	0.00565	0.00577	0.00176	0.00690	0.00531	0.00342	0.04879
4	0.01620	0.01466	0.08648	0.01321	0.03761	0.01244	0.08018	0.24800	0.01740	0.06393	0.01232	0.01351	0.00925	0.00551	0.00527	0.00141	0.00601	0.00460	0.00425	0.34776
5	0.01503	0.01165	0.01427	0.01101	0.01546	0.01093	0.05447	0.14893	0.12909	0.07994	0.03635	0.01880	0.04513	0.00655	0.00538	0.00145	0.00505	0.02335	0.00472	0.36244
6	0.01311	0.01238	0.01991	0.02716	0.49023	0.01347	0.01479	0.01565	0.01176	0.01700	0.01202	0.05829	0.01151	0.07670	0.01085	0.00228	0.17597	0.00607	0.00300	0.00785
7	0.00829	0.00675	0.00806	0.03671	0.04103	0.00624	0.00617	0.03717	0.01411	0.01795	0.17301	0.11431	0.44859	0.01358	0.00685	0.00199	0.00353	0.04484	0.00538	0.00544
8	0.01084	0.00542	0.00542	0.00542	0.00678	0.00542	0.00407	0.01355	0.01220	0.02168	0.01897	0.02168	0.01491	0.00678	0.00407	0.00136	0.00271	0.00542	0.82791	0.00542
9	0.01374	0.25277	0.28892	0.01972	0.22741	0.01655	0.01629	0.01846	0.04701	0.01736	0.01045	0.01245	0.00841	0.00547	0.00534	0.00165	0.02253	0.00432	0.00275	0.00842
10	0.00729	0.00582	0.00641	0.00642	0.00799	0.00507	0.00468	0.00892	0.01350	0.01706	0.21008	0.11145	0.49528	0.06395	0.00836	0.00220	0.00311	0.01198	0.00550	0.00494
11	0.01084	0.00542	0.00542	0.00542	0.00678	0.00542	0.00407	0.01355	0.01220	0.02168	0.01897	0.02168	0.01491	0.00678	0.00407	0.00136	0.00271	0.00542	0.82791	0.00542
12	0.54279	0.06880	0.01234	0.00995	0.01347	0.23632	0.00799	0.01891	0.01196	0.02178	0.00836	0.00974	0.00673	0.00554	0.00409	0.00167	0.00637	0.00332	0.00335	0.00651
13	0.01841	0.02133	0.01531	0.01487	0.07142	0.49785	0.01056	0.06625	0.04076	0.01806	0.15156	0.01761	0.01708	0.00717	0.00565	0.00161	0.00830	0.00532	0.00391	0.00697
14	0.01471	0.01236	0.01354	0.01275	0.05803	0.01383	0.00942	0.13326	0.51174	0.02484	0.02563	0.02415	0.10316	0.00840	0.00601	0.00192	0.00481	0.00696	0.00566	0.00880
15	0.00831	0.00623	0.00935	0.00935	0.01038	0.00727	0.00727	0.01038	0.00935	0.01350	0.01558	0.02285	0.01454	0.04361	0.77259	0.00935	0.01558	0.00623	0.00312	0.00519
16	0.01363	0.01295	0.02201	0.15658	0.61075	0.01337	0.01722	0.01712	0.01298	0.01826	0.01166	0.01670	0.00998	0.00574	0.00586	0.00180	0.00698	0.03488	0.00293	0.00860
17	0.00930	0.00762	0.01097	0.01040	0.01112	0.00947	0.00816	0.01102	0.00917	0.01342	0.01405	0.02190	0.01357	0.10064	0.54159	0.00752	0.18558	0.00617	0.00302	0.00531
18	0.01397	0.01501	0.03046	0.02854	0.29291	0.01439	0.47880	0.01835	0.01355	0.01876	0.01147	0.01522	0.00896	0.00500	0.00646	0.00188	0.00876	0.00626	0.00292	0.00834
19	0.01272	0.01272	0.01781	0.01527	0.01527	0.01781	0.01272	0.01399	0.00891	0.01399	0.00763	0.01272	0.00763	0.01018	0.01908	0.00254	0.78499	0.00509	0.00254	0.00636
20	0.02457	0.00990	0.01325	0.01026	0.01454	0.00877	0.00844	0.06054	0.01713	0.67398	0.07721	0.02128	0.01720	0.00754	0.00592	0.00180	0.00485	0.00617	0.00707	0.00957
21	0.00709	0.00506	0.00675	0.00810	0.00843	0.00472	0.00540	0.00810	0.01113	0.01484	0.03205	0.79184	0.03846	0.01822	0.00742	0.00236	0.00337	0.01653	0.00540	0.00472
22	0.01784	0.05005	0.29572	0.01524	0.02057	0.37894	0.01499	0.10569	0.01606	0.01841	0.01009	0.01153	0.00773	0.00590	0.00537	0.00165	0.00917	0.00411	0.00311	0.00782
23	0.02125	0.01100	0.01333	0.01083	0.01484	0.01094	0.00875	0.08174	0.24651	0.44215	0.02419	0.02165	0.05006	0.00775	0.00592	0.00186	0.00485	0.00633	0.00661	0.00944
24	0.01272	0.01272	0.01781	0.01527	0.01527	0.01781	0.01272	0.01399	0.00891	0.01399	0.00763	0.01272	0.00763	0.01018	0.01908	0.00254	0.78499	0.00509	0.00254	0.00636
25	0.00898	0.00641	0.00892	0.01026	0.01143	0.00636	0.00869	0.01137	0.01300	0.01697	0.03101	0.18950	0.03432	0.01643	0.00793	0.00262	0.00502	0.60016	0.00536	0.00525
26	0.01098	0.01034	0.01744	0.78165	0.04005	0.01292	0.01615	0.01486	0.01163	0.01486	0.01034	0.01550	0.00775	0.00581	0.00581	0.00194	0.00775	0.00517	0.00258	0.00646
27	0.01098	0.01034	0.01744	0.78165	0.04005	0.01292	0.01615	0.01486	0.01163	0.01486	0.01034	0.01550	0.00775	0.00581	0.00581	0.00194	0.00775	0.00517	0.00258	0.00646
28	0.01272	0.01272	0.01781	0.01527	0.01527	0.01781	0.01272	0.01399	0.00891	0.01399	0.00763	0.01272	0.00763	0.01018	0.01908	0.00254	0.78499	0.00509	0.00254	0.00636
29	0.01610	0.01855	0.01649	0.29208	0.02538	0.38643	0.03432	0.01849	0.01377	0.01441	0.01016	0.01373	0.00831	0.00954	0.07178	0.02686	0.00975	0.00461	0.00284	0.00642
30	0.31481	0.04695	0.01455	0.01242	0.01578	0.45429	0.02844	0.02070	0.01388	0.01860	0.00871	0.01021	0.00710	0.00572	0.00464	0.00161	0.00817	0.00359	0.00319	0.00663
31	0.01386	0.46556	0.34929	0.01282	0.01937	0.01889	0.01495	0.01785	0.01202	0.01574	0.00910	0.01061	0.00742	0.00521	0.00451	0.00150	0.00725	0.00362	0.00247	0.00795
32	0.01183	0.01120	0.01898	0.59596	0.21911	0.01314	0.01657	0.01560	0.01203	0.01589	0.01049	0.01523	0.00812	0.00566	0.00580	0.00189	0.00754	0.00517	0.00266	0.00714
33	0.01231	0.01115	0.01543	0.01102	0.01630	0.00881	0.11769	0.01525	0.01231	0.01890	0.01055	0.01261	0.00865	0.00440	0.00469	0.00103	0.00514	0.00396	0.00337	0.70645
34	0.00875	0.00660	0.00907	0.00885	0.00944	0.00765	0.00648	0.01005	0.00900	0.01279	0.01581	0.02713	0.01618	0.29694	0.45262	0.00748	0.08035	0.00689	0.00320	0.00473
35	0.09087	0.01236	0.01695	0.01993	0.31347	0.01168	0.01170	0.08527	0.01398	0.05494	0.01128	0.01328	0.00902	0.00514	0.00504	0.00142	0.00560	0.00439	0.00363	0.31005
36	0.01084	0.00542	0.00542	0.00542	0.00678	0.00542	0.00407	0.01355	0.01220	0.02168	0.01897	0.02168	0.01491	0.00678	0.00407	0.00136	0.00271	0.00542	0.82791	0.00542
37	0.01335	0.12636	0.56851	0.01524	0.02278	0.01523	0.01852	0.09447	0.03777	0.01992	0.01094	0.01238	0.00798	0.00568	0.00534	0.00176	0.00793	0.00432	0.00293	0.00861
38	0.00903	0.00837	0.05735	0.00953	0.01088	0.00796	0.00783	0.01128	0.01254	0.01779	0.29734	0.12298	0.03289	0.08370	0.13264	0.00356	0.11292	0.05124	0.00467	0.00549
39	0.01084	0.00542	0.00542	0.00542	0.00678	0.00542	0.00407	0.01355	0.01220	0.02168	0.01897	0.02168	0.01491	0.00678	0.00407	0.00136	0.00271	0.00542	0.82791	0.00542
40	0.01476	0.34957	0.15302	0.01628	0.02207	0.04959	0.25712	0.04210	0.01324	0.01692	0.00995	0.01216	0.00799	0.00515	0.00522	0.00161	0.00800	0.00467	0.00277	0.00783
41	0.01439	0.01382	0.02360	0.03569	0.75936	0.01382	0.01785	0.01785	0.01324	0.01900	0.01094	0.01439	0.00921	0.00518	0.00576	0.00173	0.00691	0.00518	0.00288	0.00921
42	0.05900	0.01116	0.01404	0.01081	0.01530	0.01053	0.00893	0.16274	0.01839	0.59503	0.02062	0.01826	0.01320	0.00708	0.00575	0.00179	0.00520	0.00562	0.00679	0.00975
43	0.00846	0.00564	0.00634	0.00634	0.00634	0.00564	0.00352	0.00846	0.00846	0.01128	0.01832	0.03805	0.02114	0.79563	0.02960	0.00564	0.00564	0.00846	0.00352	0.00352
44	0.00769	0.00590	0.00704	0.00680	0.00837	0.00525	0.00509	0.00992	0.01512	0.02025	0.47673	0.06780	0.31673	0.01312	0.00688	0.00189	0.00284	0.01133	0.00600	0.00525
45	0.01648	0.01213	0.01349	0.01089	0.01425	0.01297	0.00877	0.44705	0.02284	0.03098	0.28316	0.02632	0.05712	0.00907	0.00624	0.00178	0.00494	0.00743	0.00601	0.00810
46	0.01812	0.02057	0.01501	0.01275	0.01634	0.45305	0.00981	0.01999	0.01458	0.03722	0.00976	0.01140	0.00807	0.00571	0.00576	0.00136	0.05337	0.00378	0.00324	0.28012
47	0.00832	0.00582	0.00720	0.00692	0.00775	0.00555	0.00470	0.00996	0.01325	0.01848	0.45987	0.04128	0.04132	0.32669	0.01599	0.00336	0.00391	0.00969	0.00525	0.00470
48	0.01166	0.03008	0.76550	0.01657	0.02517	0.01351	0.02149	0.01842	0.01228	0.01842	0.01044	0.01228	0.00737	0.00552	0.00552	0.00184	0.00859	0.00430	0.00246	0.00859
49	0.00712	0.00509	0.00678	0.00807	0.00844	0.00475	0.00540	0.00819	0.01131	0.01513	0.05646	0.76661	0.03901	0.01801	0.00740	0.00234	0.00335	0.01633	0.00543	0.00475
50	0.01192	0.01152	0.02039	0.61725	0.03745	0.01344	0.14230	0.04563	0.01265	0.01642	0.01074	0.01547	0.00803	0.00570	0.00600	0.00193	0.00805	0.00547	0.00278	0.00684
51	0.01098	0.01034	0.01744	0.78165	0.04005	0.01292	0.01615	0.01486	0.01163	0.01486	0.01034	0.01550	0.00775	0.00581	0.00581	0.00194	0.00775	0.00517	0.00258	0.00646
52	0.01272	0.01272	0.01781	0.01527	0.01527	0.01781	0.01272	0.01399	0.00891	0.01399	0.00763	0.01272	0.00763	0.01018	0.01908	0.00254	0.78499	0.00509	0.00254	0.00636
53	0.00939	0.00654	0.00884	0.00969	0.01114	0.00633	0.00819	0.01187	0.01377	0.04031	0.12948	0.09459	0.10164	0.01522	0.00768	0.00246	0.00468	0.50717	0.00556	0.00544
54	0.01098	0.01034	0.01744	0.78165	0.04005	0.01292	0.01615	0.01486	0.01163	0.01486	0.01034	0.01550	0.00775	0.00581	0.00581	0.00194	0.00775	0.00517	0.00258	0.00646
55	0.00901	0.00707	0.00828	0.00778	0.00962	0.00692	0.00589	0.01385	0.14350	0.02177	0.47003	0.04249	0.20792	0.01184	0.00670	0.00188	0.00311	0.01023	0.00609	0.00600
56	0.01272	0.01272	0.01781	0.01527	0.01527	0.01781	0.01272	0.01399	0.00891	0.01399	0.00763	0.01272	0.00763	0.01018	0.01908	0.00254	0.78499	0.00509	0.00254	0.00636
57	0.01446	0.01249	0.01315	0.01183	0.01512	0.01446	0.00920	0.03090	0.74885	0.02433	0.02367	0.02170	0.01775	0.00789	0.00592	0.00197	0.00460	0.00657	0.00592	0.00920
58	0.83671	0.01125	0.00855	0.00765	0.01125	0.01305	0.00630	0.01709	0.00990	0.02609	0.00810	0.00945	0.00630	0.00540	0.00360	0.00180	0.00450	0.00315	0.00360	0.00630
59	0.01437	0.01490	0.03065	0.02230	0.02725	0.01476	0.58874	0.01859	0.01323	0.06525	0.01189	0.01553	0.00901	0.00580	0.00854	0.00203	0.11974	0.00655	0.00315	0.00776
60	0.01439	0.01382	0.02360	0.03569	0.75936	0.01382	0.01785	0.01785	0.01324	0.01900	0.01094	0.01439	0.00921	0.00518	0.00576	0.00173	0.00691	0.00518	0.00288	0.00921
61	0.01206	0.01034	0.01206	0.00861	0.01378	0.00775	0.00689	0.01464	0.01206	0.01895	0.01034	0.01206	0.00861	0.00431	0.00431	0.00086	0.00431	0.00345	0.00345	0.83118
62	0.00831	0.00623	0.00935	0.00935	0.01038	0.00727	0.00727	0.01038	0.00935	0.01350	0.01558	0.02285	0.01454	0.04361	0.77259	0.00935	0.01558	0.00623	0.00312	0.00519
63	0.19506	0.01363	0.01595	0.01759	0.22724	0.06929	0.01109	0.12557	0.01524	0.14133	0.01247	0.01356	0.00931	0.00577	0.00511	0.00164	0.00596	0.00455	0.00423	0.10543
64	0.01084	0.00542	0.00542	0.00542	0.00678	0.00542	0.00407	0.01355	0.01220	0.02168	0.01897	0.02168	0.01491	0.00678	0.00407	0.00136	0.00271	0.00542	0.82791	0.00542
65	0.04654	0.01369	0.02410	0.18683	0.15286	0.01453	0.27745	0.10205	0.01424	0.01988	0.01151	0.02959	0.00916	0.00606	0.00711	0.00194	0.06553	0.00593	0.00324	0.00779
66	0.00846	0.00614	0.00835	0.00830	0.00891	0.00686	0.00592	0.00971	0.00899	0.01264	0.01648	0.02859	0.01698	0.33766	0.46499	0.00774	0.02839	0.00708	0.00326	0.00456
67	0.01084	0.00542	0.00542	0.00542	0.00678	0.00542	0.00407	0.01355	0.01220	0.02168	0.01897	0.02168	0.01491	0.00678	0.00407	0.00136	0.00271	0.00542	0.82791	0.00542
68	0.04406	0.35563	0.40935	0.01330	0.02008	0.01742	0.01575	0.01815	0.01209	0.03253	0.00962	0.01108	0.00752	0.00532	0.00470	0.00159	0.00736	0.00378	0.00261	0.00806
69	0.01115	0.01044	0.01724	0.74542	0.03888	0.01299	0.01582	0.01561	0.04633	0.01530	0.01096	0.01580	0.00822	0.00591	0.00582	0.00194	0.00760	0.00523	0.00274	0.00659
70	0.01579	0.01112	0.01696	0.47762	0.07767	0.01257	0.01400	0.09865	0.01459	0.18376	0.01358	0.01621	0.00956	0.00621	0.00582	0.00187	0.00693	0.00533	0.00399	0.00778
71	0.00842	0.00579	0.00709	0.00709	0.00735	0.00604	0.00446	0.00894	0.00868	0.01183	0.01764	0.03426	0.01949	0.60794	0.21503	0.00656	0.00812	0.00790	0.00342	0.00394
72	0.02229	0.01599	0.01727	0.01324	0.01788	0.01759	0.01093	0.70647	0.02684	0.07086	0.01438	0.01424	0.01010	0.00699	0.00582	0.00175	0.00633	0.00526	0.00588	0.00989
73	0.01555	0.79913	0.03047	0.00995	0.01493	0.02301	0.00995	0.01741	0.01182	0.01368	0.00808	0.00933	0.00746	0.00498	0.00373	0.00124	0.00622	0.00311	0.00249	0.00746
74	0.00845	0.00566	0.00644	0.00644	0.00648	0.00569	0.00365	0.00852	0.00849	0.01135	0.01823	0.03755	0.02092	0.77079	0.05414	0.00576	0.00597	0.00838	0.00351	0.00358
75	0.77595	0.01162	0.00921	0.00807	0.01175	0.01342	0.00665	0.07101	0.01120	0.02688	0.00853	0.00978	0.00657	0.00552	0.00376	0.00180	0.00464	0.00330	0.00376	0.00657
76	0.02168	0.01588	0.01700	0.01308	0.01761	0.01756	0.01079	0.71259	0.02677	0.03609	0.01415	0.01425	0.01008	0.00697	0.00575	0.00173	0.00626	0.00524	0.03680	0.00972
77	0.01595	0.01359	0.01966	0.25439	0.29168	0.01496	0.01505	0.26002	0.01750	0.02368	0.01177	0.01458	0.00900	0.00598	0.00579	0.00180	0.00699	0.00520	0.00378	0.00861
78	0.01304	0.01126	0.01505	0.01829	0.26374	0.01164	0.01091	0.10304	0.17863	0.02208	0.11062	0.02796	0.17158	0.00875	0.00616	0.00184	0.00503	0.00759	0.00483	0.00796
79	0.01439	0.01382	0.02360	0.03569	0.75936	0.01382	0.01785	0.01785	0.01324	0.01900	0.01094	0.01439	0.00921	0.00518	0.00576	0.00173	0.00691	0.00518	0.00288	0.00921
80	0.01272	0.01272	0.01781	0.01527	0.01527	0.01781	0.01272	0.01399	0.00891	0.01399	0.00763	0.01272	0.00763	0.01018	0.01908	0.00254	0.78499	0.00509	0.00254	0.00636
81	0.01166	0.03008	0.76550	0.01657	0.02517	0.01351	0.02149	0.01842	0.01228	0.01842	0.01044	0.01228	0.00737	0.00552	0.00552	0.00184	0.00859	0.00430	0.00246	0.00859
82	0.01098	0.01034	0.01744	0.78165	0.04005	0.01292	0.01615	0.01486	0.01163	0.01486	0.01034	0.01550	0.00775	0.00581	0.00581	0.00194	0.00775	0.00517	0.00258	0.00646
83	0.01124	0.00968	0.01006	0.00931	0.01203	0.01040	0.00717	0.02131	0.43606	0.02066	0.03865	0.03627	0.33210	0.01080	0.00632	0.00197	0.00390	0.00900	0.00570	0.00738
84	0.01272	0.01272	0.01781	0.01527	0.01527	0.01781	0.01272	0.01399	0.00891	0.01399	0.00763	0.01272	0.00763	0.01018	0.01908	0.00254	0.78499	0.00509	0.00254	0.00636
85	0.01446	0.01249	0.01315	0.01183	0.01512	0.01446	0.00920	0.03090	0.74885	0.02433	0.02367	0.02170	0.01775	0.00789	0.00592	0.00197	0.00460	0.00657	0.00592	0.00920
86	0.83671	0.01125	0.00855	0.00765	0.01125	0.01305	0.00630	0.01709	0.00990	0.02609	0.00810	0.00945	0.00630	0.00540	0.00360	0.00180	0.00450	0.00315	0.00360	0.00630
87	0.01166	0.03008	0.76550	0.01657	0.02517	0.01351	0.02149	0.01842	0.01228	0.01842	0.01044	0.01228	0.00737	0.00552	0.00552	0.00184	0.00859	0.00430	0.00246	0.00859
88	0.01098	0.01034	0.01744	0.78165	0.04005	0.01292	0.01615	0.01486	0.01163	0.01486	0.01034	0.01550	0.00775	0.00581	0.00581	0.00194	0.00775	0.00517	0.00258	0.00646

[dist]
# distance from previous block
# <min> <max>
0	3

[block]
# block no. 6 follows, 40 sequences, length 32
# corresponding to MSA columns:
# 764-795
name=unknown_G
#
# <colnr> <probs for GDERKNQSTAVLIFYWHMCP>
#	G	D	E	R	K	N	Q	S	T	A	V	L	I	F	Y	W	H	M	C	P
0	0.01084	0.00542	0.00542	0.00542	0.00678	0.00542	0.00407	0.01355	0.01220	0.02168	0.01897	0.02168	0.01491	0.00678	0.00407	0.00136	0.00271	0.00542	0.82791	0.00542
1	0.01531	0.13073	0.23568	0.01533	0.03630	0.04828	0.09359	0.16592	0.09717	0.02187	0.03455	0.01454	0.01068	0.00638	0.00627	0.00178	0.04839	0.00508	0.00373	0.00841
2	0.01072	0.00862	0.01006	0.00941	0.01144	0.00941	0.00716	0.01872	0.31343	0.02108	0.25871	0.05047	0.05672	0.05230	0.13207	0.00331	0.00575	0.00833	0.00547	0.00682
3	0.01084	0.00542	0.00542	0.00542	0.00678	0.00542	0.00407	0.01355	0.01220	0.02168	0.01897	0.02168	0.01491	0.00678	0.00407	0.00136	0.00271	0.00542	0.82791	0.00542
4	0.33637	0.09740	0.04096	0.06849	0.01727	0.15827	0.04838	0.05580	0.01256	0.02037	0.00896	0.01108	0.00725	0.00606	0.00607	0.00178	0.08889	0.00395	0.00323	0.00687
5	0.01439	0.01382	0.02360	0.03569	0.75936	0.01382	0.01785	0.01785	0.01324	0.01900	0.01094	0.01439	0.00921	0.00518	0.00576	0.00173	0.00691	0.00518	0.00288	0.00921
6	0.25344	0.01289	0.01396	0.13918	0.01909	0.01469	0.01010	0.25489	0.14474	0.06164	0.01378	0.01454	0.01008	0.00650	0.00520	0.00183	0.00570	0.00489	0.00472	0.00817
7	0.00846	0.00564	0.00634	0.00634	0.00634	0.00564	0.00352	0.00846	0.00846	0.01128	0.01832	0.03805	0.02114	0.79563	0.02960	0.00564	0.00564	0.00846	0.00352	0.00352
8	0.02453	0.01129	0.01422	0.01103	0.01547	0.01076	0.00907	0.16350	0.06967	0.57407	0.02129	0.01882	0.01377	0.00720	0.00585	0.00180	0.00520	0.00578	0.00685	0.00985
9	0.00932	0.00749	0.01172	0.01373	0.13503	0.00836	0.00903	0.01163	0.00999	0.01441	0.01480	0.02144	0.01365	0.03722	0.64497	0.00808	0.01413	0.00606	0.00308	0.00586
10	0.02178	0.01321	0.01527	0.01160	0.01629	0.01323	0.00955	0.38723	0.02132	0.27300	0.01633	0.01557	0.01116	0.00662	0.00558	0.00162	0.00558	0.00514	0.00588	0.14402
11	0.01272	0.01272	0.01781	0.01527	0.01527	0.01781	0.01272	0.01399	0.00891	0.01399	0.00763	0.01272	0.00763	0.01018	0.01908	0.00254	0.78499	0.00509	0.00254	0.00636
12	0.00898	0.00707	0.00944	0.00864	0.00978	0.00754	0.00669	0.01148	0.01520	0.02177	0.63169	0.03833	0.04701	0.01160	0.00889	0.00195	0.13293	0.00961	0.00576	0.00563
13	0.00709	0.00506	0.00675	0.00810	0.00843	0.00472	0.00540	0.00810	0.01113	0.01484	0.03205	0.79184	0.03846	0.01822	0.00742	0.00236	0.00337	0.01653	0.00540	0.00472
14	0.02003	0.01846	0.01784	0.01736	0.14113	0.21020	0.01206	0.37226	0.08728	0.02686	0.01306	0.01384	0.00987	0.00651	0.00567	0.00170	0.00737	0.00497	0.00461	0.00891
15	0.15117	0.01127	0.01125	0.00962	0.01242	0.06656	0.00759	0.20825	0.01828	0.04151	0.36354	0.02700	0.03046	0.00897	0.00590	0.00178	0.00463	0.00729	0.00554	0.00698
16	0.01272	0.01272	0.01781	0.01527	0.01527	0.01781	0.01272	0.01399	0.00891	0.01399	0.00763	0.01272	0.00763	0.01018	0.01908	0.00254	0.78499	0.00509	0.00254	0.00636
17	0.01042	0.00985	0.01588	0.28957	0.02422	0.03777	0.13185	0.01342	0.01238	0.01596	0.04261	0.18152	0.06684	0.01152	0.03847	0.00239	0.00693	0.07850	0.00382	0.00606
18	0.01010	0.00896	0.01450	0.37054	0.14803	0.01003	0.01244	0.01285	0.01171	0.01554	0.01849	0.30331	0.01939	0.01031	0.00640	0.00206	0.00599	0.00939	0.00368	0.00627
19	0.01224	0.01044	0.01108	0.01013	0.01294	0.01154	0.00782	0.02413	0.51941	0.02244	0.10824	0.03108	0.17460	0.00973	0.00621	0.00196	0.00406	0.00817	0.00586	0.00792
20	0.01272	0.01272	0.01781	0.01527	0.01527	0.01781	0.01272	0.01399	0.00891	0.01399	0.00763	0.01272	0.00763	0.01018	0.01908	0.00254	0.78499	0.00509	0.00254	0.00636
21	0.01367	0.01147	0.01233	0.01130	0.01417	0.01304	0.00868	0.06718	0.58530	0.02344	0.02452	0.14943	0.02075	0.00956	0.00616	0.00202	0.00450	0.00816	0.00583	0.00850
22	0.69986	0.01145	0.00931	0.00834	0.01189	0.01328	0.00678	0.01939	0.13288	0.02580	0.01069	0.01149	0.00820	0.00581	0.00398	0.00183	0.00452	0.00372	0.00398	0.00678
23	0.01088	0.01407	0.19538	0.01787	0.22875	0.00987	0.01308	0.01480	0.01439	0.02063	0.32904	0.02856	0.02930	0.00861	0.00627	0.00184	0.00547	0.03950	0.00439	0.00730
24	0.01601	0.01486	0.02226	0.03105	0.60254	0.04873	0.01642	0.13827	0.01573	0.02172	0.01135	0.01414	0.00925	0.00552	0.00574	0.00172	0.00699	0.00513	0.00337	0.00921
25	0.01592	0.01347	0.02459	0.07760	0.37818	0.01314	0.22341	0.01962	0.01384	0.14250	0.01313	0.01574	0.00987	0.00548	0.00609	0.00182	0.00747	0.00578	0.00360	0.00875
26	0.00956	0.00742	0.01047	0.01239	0.13312	0.00790	0.00729	0.01076	0.00952	0.01328	0.01594	0.02893	0.01681	0.42435	0.23399	0.00592	0.03687	0.00716	0.00327	0.00504
27	0.24024	0.01287	0.02043	0.08820	0.03715	0.01358	0.28460	0.04487	0.06687	0.04617	0.01216	0.01465	0.00920	0.00579	0.00600	0.00189	0.03544	0.00539	0.04713	0.00738
28	0.01338	0.00617	0.00676	0.00624	0.00812	0.00594	0.00481	0.01601	0.01294	0.14512	0.01963	0.02137	0.01482	0.00685	0.00436	0.00143	0.00308	0.00549	0.69133	0.00617
29	0.16555	0.06425	0.06403	0.01114	0.01533	0.01446	0.00956	0.15347	0.29679	0.02508	0.01597	0.03035	0.01234	0.00675	0.00517	0.00174	0.00523	0.00520	0.00476	0.09282
30	0.14806	0.01216	0.08269	0.08279	0.03152	0.01119	0.17614	0.01441	0.01195	0.01817	0.04777	0.02446	0.15922	0.03915	0.06370	0.00262	0.05703	0.00694	0.00360	0.00644
31	0.01143	0.00682	0.00845	0.01046	0.13202	0.00682	0.00636	0.01427	0.01237	0.02123	0.01763	0.02047	0.01396	0.00651	0.00435	0.00142	0.00341	0.00538	0.69061	0.00605

[dist]
# distance from previous block
# <min> <max>
0	5

[block]
# block no. 7 follows, 40 sequences, length 10
# corresponding to MSA columns:
# 801-810
name=unknown_H
#
# <colnr> <probs for GDERKNQSTAVLIFYWHMCP>
#	G	D	E	R	K	N	Q	S	T	A	V	L	I	F	Y	W	H	M	C	P
0	0.40285	0.15366	0.20253	0.01049	0.01557	0.01462	0.01089	0.04187	0.01175	0.02206	0.04020	0.01178	0.00898	0.00565	0.00433	0.00169	0.00581	0.00382	0.00331	0.02814
1	0.01286	0.01178	0.01963	0.10789	0.50907	0.01205	0.01568	0.01618	0.01311	0.01819	0.01552	0.02650	0.01474	0.00780	0.00630	0.00197	0.00663	0.17265	0.00343	0.00802
2	0.32022	0.01133	0.01434	0.11808	0.19043	0.01312	0.01106	0.01612	0.01100	0.02062	0.01015	0.01322	0.00830	0.00628	0.00682	0.00187	0.12463	0.00443	0.09108	0.00692
3	0.00860	0.00566	0.00648	0.00648	0.00663	0.00573	0.00380	0.00891	0.00876	0.01209	0.01819	0.03601	0.02031	0.69587	0.07605	0.00560	0.00609	0.00812	0.05687	0.00375
4	0.01608	0.01719	0.19124	0.01563	0.09735	0.01430	0.01327	0.14866	0.31273	0.08576	0.01748	0.01722	0.01277	0.00683	0.00579	0.00186	0.00612	0.00560	0.00487	0.00924
5	0.01454	0.01911	0.19660	0.02901	0.50831	0.09466	0.01799	0.01855	0.01336	0.01835	0.01061	0.01348	0.00860	0.00535	0.00565	0.00173	0.00769	0.00482	0.00279	0.00880
6	0.01856	0.01267	0.01768	0.02043	0.29295	0.01282	0.01240	0.22569	0.01784	0.19794	0.01687	0.09848	0.01374	0.00756	0.00597	0.00182	0.00593	0.00656	0.00500	0.00909
7	0.01485	0.06244	0.01434	0.01153	0.01356	0.06176	0.00924	0.12685	0.02794	0.10574	0.03588	0.19844	0.04305	0.01067	0.00953	0.00206	0.21026	0.00807	0.02680	0.00699
8	0.01148	0.01025	0.01356	0.01225	0.01341	0.01309	0.00986	0.01661	0.18237	0.01623	0.01435	0.01860	0.01258	0.02212	0.29724	0.00495	0.31504	0.00586	0.00355	0.00659
9	0.00816	0.01092	0.18446	0.01008	0.01235	0.00678	0.00917	0.01051	0.01140	0.01568	0.02699	0.60925	0.03118	0.01525	0.00698	0.00224	0.00460	0.01367	0.00471	0.00563

[dist]
# distance from previous block
# <min> <max>
0	1

[block]
# block no. 8 follows, 40 sequences, length 12
# corresponding to MSA columns:
# 812-823
name=unknown_I
#
# <colnr> <probs for GDERKNQSTAVLIFYWHMCP>
#	G	D	E	R	K	N	Q	S	T	A	V	L	I	F	Y	W	H	M	C	P
0	0.12096	0.01146	0.01584	0.01801	0.23198	0.01166	0.03994	0.12189	0.03547	0.14445	0.01766	0.17265	0.01595	0.00851	0.00589	0.00190	0.00554	0.00745	0.00470	0.00808
1	0.12598	0.01245	0.01391	0.01119	0.01535	0.01310	0.00911	0.22971	0.17735	0.30265	0.01865	0.01723	0.01281	0.00706	0.00557	0.00182	0.00523	0.00549	0.00607	0.00929
2	0.01392	0.01318	0.01777	0.01503	0.01562	0.01784	0.01251	0.10672	0.01126	0.01689	0.00844	0.01288	0.00792	0.00977	0.01739	0.00244	0.68554	0.00511	0.00296	0.00681
