[name]
unknown

[dist]
# distance from previous block
# <min> <max>
0	479

[block]
# block no. 0 follows, 53 sequences, length 8
# corresponding to MSA columns:
# 652-659
name=unknown_A
#
# <colnr> <probs for GDERKNQSTAVLIFYWHMCP>
#	G	D	E	R	K	N	Q	S	T	A	V	L	I	F	Y	W	H	M	C	P
0	0.01491	0.01537	0.01183	0.01060	0.01290	0.38092	0.00825	0.20805	0.01456	0.01648	0.01220	0.01911	0.01134	0.08572	0.03228	0.00196	0.00685	0.12756	0.00340	0.00571
1	0.01696	0.01319	0.01333	0.01042	0.01410	0.08869	0.00847	0.52939	0.06544	0.07188	0.01164	0.01168	0.00842	0.00545	0.00459	0.00134	0.00521	0.00410	0.00440	0.11131
2	0.00808	0.00503	0.00737	0.14695	0.01059	0.00539	0.00541	0.00745	0.00699	0.00923	0.01007	0.01851	0.01029	0.22329	0.01772	0.49296	0.00466	0.00488	0.00229	0.00285
3	0.01280	0.00755	0.00932	0.00837	0.01066	0.00754	0.00677	0.09883	0.12932	0.23142	0.13250	0.09059	0.05455	0.00903	0.00545	0.00169	0.00380	0.16851	0.00505	0.00624
4	0.01007	0.00961	0.01674	0.62413	0.03025	0.01117	0.14656	0.06805	0.01078	0.01403	0.00891	0.01268	0.00665	0.00472	0.00493	0.00158	0.00658	0.00449	0.00236	0.00571
5	0.01382	0.00815	0.01377	0.01077	0.01376	0.00738	0.20529	0.01611	0.01226	0.34169	0.14113	0.15916	0.01934	0.00761	0.00538	0.00160	0.00458	0.00715	0.00466	0.00639
6	0.00597	0.00442	0.00531	0.00594	0.00651	0.00405	0.00396	0.00676	0.00922	0.01188	0.03004	0.49040	0.22591	0.15569	0.00914	0.00232	0.00301	0.01154	0.00417	0.00375
7	0.00643	0.00513	0.00641	0.00733	0.06353	0.00465	0.00479	0.00784	0.01087	0.01415	0.20273	0.24115	0.35152	0.04363	0.00642	0.00178	0.00279	0.01013	0.00441	0.00431

[dist]
# distance from previous block
# <min> <max>
0	1

[block]
# block no. 1 follows, 53 sequences, length 19
# corresponding to MSA columns:
# 661-679
name=unknown_B
#
# <colnr> <probs for GDERKNQSTAVLIFYWHMCP>
#	G	D	E	R	K	N	Q	S	T	A	V	L	I	F	Y	W	H	M	C	P
0	0.02464	0.00575	0.00632	0.00579	0.00760	0.00523	0.00440	0.04387	0.02355	0.04253	0.14731	0.07953	0.33005	0.02110	0.00522	0.00147	0.00275	0.00774	0.14735	0.08779
1	0.00693	0.00466	0.00534	0.00530	0.00543	0.00462	0.00308	0.00718	0.00768	0.01037	0.10205	0.03177	0.02045	0.74086	0.02226	0.00429	0.00437	0.00714	0.00316	0.00308
2	0.00678	0.00469	0.00544	0.00543	0.00659	0.00429	0.00400	0.00856	0.01150	0.01624	0.32468	0.13328	0.25112	0.01019	0.00521	0.00151	0.00236	0.00878	0.18505	0.00429
3	0.03751	0.00517	0.00607	0.00628	0.00712	0.00503	0.00433	0.04917	0.00997	0.03758	0.06174	0.40072	0.11077	0.17824	0.00935	0.00233	0.00326	0.00997	0.05124	0.00416
4	0.01370	0.00685	0.00871	0.00747	0.00989	0.00631	0.00586	0.01670	0.09676	0.37261	0.18714	0.11419	0.11620	0.00854	0.00523	0.00157	0.00331	0.00729	0.00532	0.00635
5	0.00995	0.00570	0.00758	0.00702	0.00767	0.00594	0.00498	0.13676	0.00895	0.01195	0.00883	0.01402	0.00827	0.01479	0.01635	0.71711	0.00434	0.00418	0.00253	0.00309
6	0.15392	0.00734	0.00841	0.00743	0.00976	0.00743	0.00589	0.01613	0.14285	0.21988	0.25056	0.05208	0.04871	0.00777	0.00491	0.00156	0.00333	0.04114	0.00488	0.00601
7	0.08486	0.00547	0.00659	0.00650	0.00770	0.00523	0.00462	0.01040	0.01001	0.14462	0.11200	0.34345	0.06570	0.16028	0.00884	0.00225	0.00333	0.00920	0.00437	0.00460
8	0.00673	0.00493	0.00606	0.00670	0.00719	0.00492	0.00447	0.00879	0.09567	0.01246	0.02326	0.57517	0.02680	0.18183	0.00971	0.00246	0.00327	0.01132	0.00417	0.00409
9	0.00635	0.00484	0.00583	0.00565	0.00690	0.00432	0.00421	0.00819	0.01244	0.01675	0.51174	0.07542	0.29840	0.01079	0.00566	0.00156	0.00233	0.00936	0.00495	0.00432
10	0.00654	0.00469	0.00638	0.00674	0.00720	0.00497	0.00472	0.00754	0.00797	0.01100	0.01770	0.28168	0.01960	0.22667	0.35862	0.00508	0.00756	0.00829	0.00325	0.00380
11	0.00828	0.00620	0.00714	0.00656	0.00811	0.00604	0.00494	0.13812	0.01346	0.01798	0.33437	0.12215	0.24140	0.05562	0.00658	0.00174	0.00299	0.00877	0.00474	0.00483
12	0.00901	0.00673	0.00860	0.00989	0.13964	0.00689	0.00555	0.09464	0.00933	0.01264	0.01365	0.02583	0.01471	0.60190	0.01888	0.00374	0.00488	0.00621	0.00302	0.00426
13	0.00708	0.00540	0.00695	0.00653	0.00796	0.00500	0.00486	0.00879	0.01048	0.01483	0.28672	0.15995	0.07748	0.05512	0.17569	0.00290	0.00490	0.00776	0.00398	0.14761
14	0.01225	0.14819	0.01257	0.00871	0.01130	0.08646	0.00706	0.17678	0.15168	0.03340	0.17120	0.08936	0.05664	0.00743	0.00479	0.00145	0.00432	0.00605	0.00419	0.00617
15	0.01351	0.01453	0.01777	0.02460	0.58314	0.23433	0.01316	0.01590	0.01162	0.01453	0.00854	0.01094	0.00718	0.00444	0.00461	0.00137	0.00650	0.00393	0.00239	0.00701
16	0.00784	0.00728	0.00688	0.00760	0.00825	0.13925	0.00524	0.00874	0.00989	0.01212	0.02317	0.69164	0.02735	0.01329	0.00580	0.00182	0.00375	0.01183	0.00411	0.00416
17	0.01607	0.01892	0.01296	0.01167	0.01411	0.55992	0.00889	0.04118	0.20085	0.01418	0.01034	0.01100	0.00824	0.00549	0.00501	0.00137	0.04690	0.00372	0.00308	0.00608
18	0.01541	0.01321	0.01229	0.01015	0.01337	0.16010	0.00806	0.30451	0.21319	0.06669	0.01458	0.01427	0.04572	0.00588	0.00465	0.00139	0.00516	0.00452	0.00425	0.08260

[dist]
# distance from previous block
# <min> <max>
4	22

[block]
# block no. 2 follows, 53 sequences, length 35
# corresponding to MSA columns:
# 702-735,748
name=unknown_C
#
# <colnr> <probs for GDERKNQSTAVLIFYWHMCP>
#	G	D	E	R	K	N	Q	S	T	A	V	L	I	F	Y	W	H	M	C	P
0	0.16056	0.10221	0.08304	0.00995	0.01352	0.08383	0.04669	0.17377	0.01317	0.11508	0.01192	0.01593	0.00983	0.00594	0.00444	0.00147	0.00525	0.09916	0.00362	0.04062
1	0.04510	0.28569	0.31439	0.01176	0.05744	0.01423	0.01204	0.12437	0.06355	0.01657	0.00902	0.01001	0.00698	0.00467	0.00406	0.00134	0.00575	0.00345	0.00266	0.00690
2	0.01185	0.25807	0.07022	0.00872	0.01163	0.12644	0.00774	0.07540	0.01164	0.05567	0.03405	0.12071	0.14108	0.00786	0.01642	0.00149	0.02622	0.00581	0.00330	0.00566
3	0.01515	0.15789	0.10707	0.01031	0.01403	0.16465	0.00925	0.18699	0.11911	0.11291	0.01317	0.01312	0.04463	0.00557	0.00442	0.00137	0.00561	0.00415	0.00368	0.00691
4	0.01172	0.00665	0.00819	0.00751	0.00945	0.00634	0.00575	0.09333	0.04437	0.23091	0.03820	0.29381	0.14949	0.02631	0.00585	0.00175	0.00348	0.04634	0.00488	0.00568
5	0.01104	0.01236	0.08296	0.25283	0.37555	0.04781	0.11994	0.01429	0.01061	0.01438	0.00883	0.01195	0.00700	0.00443	0.00484	0.00149	0.00645	0.00433	0.00228	0.00663
6	0.00921	0.00868	0.01466	0.76921	0.08282	0.01067	0.01336	0.01237	0.00964	0.01243	0.00853	0.01268	0.00645	0.00474	0.00478	0.00158	0.00633	0.00425	0.00214	0.00546
7	0.00579	0.00446	0.00524	0.00585	0.00667	0.00397	0.00405	0.00675	0.00980	0.01240	0.03517	0.47413	0.35219	0.04220	0.00655	0.00190	0.00269	0.01189	0.00438	0.00391
8	0.01580	0.02208	0.20350	0.01245	0.01615	0.52635	0.01121	0.09549	0.02755	0.01452	0.00830	0.00942	0.00648	0.00494	0.00442	0.00133	0.00782	0.00335	0.00263	0.00620
9	0.01049	0.01134	0.02304	0.23936	0.02598	0.01167	0.50642	0.01403	0.01051	0.01415	0.00948	0.03005	0.00747	0.00475	0.00606	0.00164	0.05987	0.00533	0.00236	0.00600
10	0.02144	0.00813	0.01109	0.00850	0.01220	0.00702	0.00702	0.02329	0.01368	0.80552	0.01886	0.01627	0.01183	0.00592	0.00481	0.00148	0.00407	0.00481	0.00592	0.00813
11	0.00593	0.00439	0.00555	0.00624	0.00688	0.00400	0.00431	0.00705	0.01011	0.01337	0.14633	0.57364	0.16730	0.01369	0.00595	0.00182	0.00263	0.01224	0.00456	0.00400
12	0.01268	0.01258	0.02352	0.01710	0.02148	0.01238	0.54840	0.19137	0.04007	0.01901	0.04421	0.01371	0.00932	0.00475	0.00542	0.00157	0.00703	0.00546	0.00316	0.00678
13	0.00776	0.00677	0.01198	0.01057	0.01225	0.00675	0.19221	0.00985	0.00956	0.01299	0.01819	0.25831	0.01928	0.01817	0.24316	0.00359	0.00727	0.14324	0.00340	0.00470
14	0.00594	0.00425	0.00565	0.00658	0.00696	0.00396	0.00445	0.00695	0.00970	0.01307	0.12275	0.73003	0.03329	0.01433	0.00604	0.00189	0.00271	0.01297	0.00454	0.00396
15	0.01062	0.02448	0.70832	0.01346	0.01995	0.11104	0.01661	0.01563	0.01052	0.01471	0.00843	0.00991	0.00607	0.00459	0.00451	0.00148	0.00726	0.00348	0.00207	0.00687
16	0.01286	0.00950	0.01521	0.18148	0.12082	0.01066	0.08999	0.01536	0.02473	0.20406	0.01115	0.01345	0.00843	0.00783	0.06093	0.00206	0.19737	0.00459	0.00317	0.00636
17	0.01496	0.01141	0.01231	0.01012	0.01320	0.01268	0.00810	0.48677	0.22585	0.02520	0.01545	0.11507	0.01277	0.00709	0.00497	0.00155	0.00456	0.00575	0.00476	0.00745
18	0.01065	0.01292	0.15720	0.24695	0.44983	0.01111	0.01481	0.01407	0.01037	0.01458	0.00878	0.01178	0.00697	0.00445	0.00471	0.00148	0.00612	0.00413	0.00224	0.00685
19	0.01313	0.01208	0.02214	0.07046	0.02161	0.01218	0.46678	0.14996	0.04057	0.08190	0.01082	0.01296	0.00792	0.00485	0.00587	0.00159	0.05009	0.00516	0.00316	0.00677
20	0.00897	0.00864	0.01017	0.34673	0.01873	0.10770	0.00853	0.01110	0.01091	0.02672	0.09728	0.05344	0.25676	0.00792	0.00512	0.00156	0.00487	0.00667	0.00333	0.00487
21	0.01553	0.39444	0.01881	0.01042	0.01363	0.44950	0.00875	0.01690	0.01179	0.01149	0.00705	0.00818	0.00615	0.00454	0.00374	0.00114	0.00701	0.00284	0.00227	0.00581
22	0.01247	0.01799	0.26624	0.01425	0.01849	0.17922	0.19507	0.01672	0.07461	0.04515	0.00959	0.01136	0.00730	0.00517	0.00613	0.00155	0.10541	0.00422	0.00260	0.00646
23	0.00998	0.09404	0.63981	0.01301	0.01893	0.01223	0.01593	0.01461	0.00971	0.01434	0.00812	0.00992	0.00609	0.00498	0.00580	0.00154	0.10864	0.00353	0.00203	0.00675
24	0.00580	0.00424	0.00546	0.00643	0.00687	0.00390	0.00434	0.00668	0.00937	0.01229	0.02910	0.73131	0.12743	0.01462	0.00604	0.00190	0.00273	0.01315	0.00444	0.00390
25	0.01027	0.01190	0.11614	0.37433	0.30015	0.01106	0.08036	0.01370	0.01024	0.01403	0.00878	0.01211	0.00683	0.00450	0.00481	0.00152	0.00636	0.00428	0.00222	0.00642
26	0.03939	0.01206	0.06717	0.11860	0.01847	0.10999	0.23474	0.04481	0.04698	0.01494	0.03770	0.13091	0.01309	0.00692	0.00561	0.00164	0.03486	0.05335	0.00307	0.00571
27	0.00656	0.00477	0.00631	0.00732	0.00791	0.00464	0.00538	0.00830	0.04541	0.01307	0.02578	0.60244	0.02983	0.01415	0.00617	0.00199	0.00322	0.19813	0.00445	0.00418
28	0.00592	0.00462	0.00537	0.00568	0.00675	0.00407	0.00407	0.00719	0.01079	0.01383	0.18089	0.31276	0.39570	0.01265	0.00580	0.00171	0.00251	0.01102	0.00459	0.00407
29	0.01194	0.63839	0.11397	0.11007	0.01581	0.01698	0.00991	0.01415	0.00974	0.01181	0.00710	0.00858	0.00615	0.00423	0.00345	0.00115	0.00549	0.00288	0.00205	0.00614
30	0.01071	0.09297	0.53805	0.01413	0.07091	0.05136	0.05591	0.01612	0.07741	0.01508	0.00937	0.01073	0.00696	0.00464	0.00450	0.00146	0.00665	0.00374	0.00233	0.00695
31	0.00685	0.00542	0.00762	0.00778	0.00834	0.00619	0.00585	0.00813	0.00833	0.01164	0.01865	0.32040	0.05454	0.02357	0.37658	0.00457	0.10963	0.00838	0.00329	0.00423
32	0.00820	0.00659	0.00746	0.00782	0.00913	0.04540	0.00623	0.06095	0.03903	0.01489	0.06090	0.22354	0.16742	0.01213	0.00598	0.00189	0.00382	0.30961	0.00440	0.00463
33	0.04987	0.01501	0.11227	0.01168	0.05069	0.14579	0.00984	0.32789	0.03879	0.17355	0.01179	0.01181	0.00830	0.00539	0.00461	0.00143	0.00573	0.00406	0.00409	0.00741
34	0.01232	0.62836	0.19041	0.00951	0.01416	0.05123	0.01023	0.01469	0.00996	0.01209	0.00709	0.00822	0.00612	0.00422	0.00343	0.00114	0.00568	0.00279	0.00206	0.00631

[dist]
# distance from previous block
# <min> <max>
1	3

[block]
# block no. 3 follows, 53 sequences, length 19
# corresponding to MSA columns:
# 752-770
name=unknown_D
#
# <colnr> <probs for GDERKNQSTAVLIFYWHMCP>
#	G	D	E	R	K	N	Q	S	T	A	V	L	I	F	Y	W	H	M	C	P
0	0.01557	0.40378	0.01930	0.00985	0.01361	0.13208	0.00868	0.30984	0.01514	0.01852	0.00860	0.00926	0.00690	0.00484	0.00390	0.00121	0.00567	0.00330	0.00315	0.00681
1	0.07798	0.01204	0.06849	0.01590	0.27941	0.10672	0.01017	0.01584	0.01114	0.15297	0.02486	0.01238	0.00874	0.00661	0.05438	0.00171	0.00578	0.00397	0.00315	0.12779
2	0.01286	0.33184	0.08337	0.01370	0.01801	0.15221	0.29468	0.01556	0.01098	0.01311	0.00803	0.00994	0.00654	0.00424	0.00434	0.00131	0.00695	0.00385	0.00225	0.00622
3	0.07332	0.01122	0.01524	0.21798	0.02008	0.01237	0.11425	0.32745	0.06921	0.07485	0.01119	0.01250	0.00805	0.00524	0.00478	0.00152	0.00563	0.00446	0.00374	0.00694
4	0.01563	0.01020	0.01613	0.02098	0.48280	0.00982	0.01163	0.03920	0.01226	0.31366	0.01278	0.01349	0.00919	0.00492	0.00476	0.00144	0.00506	0.00447	0.00377	0.00780
5	0.01086	0.00996	0.03250	0.01373	0.01692	0.00939	0.36358	0.07216	0.05804	0.06942	0.01626	0.22951	0.01559	0.00784	0.00563	0.00171	0.00571	0.05160	0.00361	0.00598
6	0.01065	0.07027	0.23340	0.15368	0.31540	0.01206	0.01432	0.01400	0.00995	0.01414	0.00832	0.01107	0.00671	0.00489	0.00585	0.00153	0.10097	0.00393	0.00218	0.00669
7	0.00610	0.00432	0.00542	0.00618	0.00647	0.00408	0.00400	0.00674	0.00869	0.01150	0.02478	0.57923	0.07352	0.22305	0.01072	0.00261	0.00323	0.01169	0.00404	0.00364
8	0.00716	0.00491	0.00592	0.00600	0.00720	0.00438	0.00439	0.00852	0.01101	0.06877	0.19828	0.25404	0.31496	0.04615	0.00652	0.00182	0.00276	0.03822	0.00465	0.00434
9	0.07071	0.20901	0.10421	0.01816	0.23149	0.01332	0.25761	0.01479	0.01046	0.01483	0.00844	0.01072	0.00681	0.00419	0.00448	0.00140	0.00631	0.00410	0.00231	0.00665
10	0.01051	0.01443	0.22084	0.20269	0.27124	0.01127	0.17121	0.01436	0.01046	0.01466	0.00891	0.01181	0.00685	0.00440	0.00488	0.00152	0.00667	0.00435	0.00223	0.00670
11	0.00576	0.00439	0.00531	0.00604	0.00677	0.00393	0.00416	0.00672	0.00974	0.01244	0.03387	0.56215	0.29351	0.01400	0.00595	0.00183	0.00265	0.01240	0.00444	0.00393
12	0.24450	0.09539	0.32261	0.01094	0.01549	0.06753	0.03496	0.07310	0.01054	0.01714	0.00788	0.00934	0.00604	0.00483	0.00476	0.00147	0.06132	0.00332	0.00253	0.00629
13	0.01440	0.04977	0.09170	0.01060	0.01358	0.26432	0.00897	0.26175	0.01465	0.01776	0.01104	0.06758	0.00972	0.05750	0.08335	0.00218	0.00701	0.00463	0.00331	0.00616
14	0.01296	0.19372	0.01920	0.07606	0.43022	0.16147	0.01214	0.01524	0.01103	0.01370	0.00815	0.01039	0.00691	0.00438	0.00429	0.00131	0.00615	0.00367	0.00230	0.00672
15	0.00940	0.03075	0.00744	0.00679	0.00797	0.00566	0.00485	0.04689	0.01004	0.13015	0.02144	0.34410	0.05806	0.23428	0.01064	0.00252	0.00372	0.03689	0.00414	0.02425
16	0.01142	0.01296	0.14893	0.05906	0.07376	0.02501	0.31074	0.01467	0.01067	0.09815	0.01191	0.10525	0.01018	0.00601	0.00618	0.00164	0.07847	0.00577	0.00291	0.00633
17	0.01403	0.19965	0.07389	0.01286	0.01663	0.28686	0.19254	0.07898	0.01252	0.01425	0.01019	0.01158	0.04549	0.00492	0.00447	0.00133	0.00702	0.00404	0.00261	0.00613
18	0.01376	0.12373	0.07090	0.01009	0.01389	0.10574	0.05625	0.17211	0.03678	0.08615	0.01127	0.06740	0.00933	0.00541	0.00435	0.00125	0.00523	0.00434	0.00344	0.19858

[dist]
# distance from previous block
# <min> <max>
2	62

[block]
# block no. 4 follows, 53 sequences, length 42
# corresponding to MSA columns:
# 836-877
name=unknown_E
#
# <colnr> <probs for GDERKNQSTAVLIFYWHMCP>
#	G	D	E	R	K	N	Q	S	T	A	V	L	I	F	Y	W	H	M	C	P
0	0.36805	0.11210	0.03020	0.00844	0.01172	0.06792	0.00718	0.16422	0.03187	0.10630	0.00992	0.03469	0.00773	0.00527	0.00397	0.00142	0.01554	0.00364	0.00355	0.00628
1	0.11962	0.02510	0.01520	0.23833	0.11311	0.02988	0.10964	0.06715	0.01066	0.02873	0.03525	0.04214	0.02373	0.00580	0.00615	0.00160	0.11452	0.00475	0.00277	0.00586
2	0.16168	0.00930	0.00998	0.03594	0.01176	0.02400	0.00643	0.17911	0.01267	0.10621	0.03606	0.01486	0.04508	0.07566	0.00583	0.00152	0.00419	0.00423	0.00373	0.25175
3	0.11735	0.04188	0.09330	0.20548	0.10479	0.10627	0.01051	0.05979	0.03831	0.06374	0.03491	0.01232	0.00854	0.00516	0.00476	0.00146	0.03493	0.00400	0.04640	0.00612
4	0.24035	0.01155	0.00991	0.10510	0.01314	0.20273	0.00726	0.04275	0.03434	0.01565	0.06627	0.01608	0.06096	0.08892	0.02152	0.00191	0.04889	0.00452	0.00306	0.00510
5	0.13823	0.01508	0.37671	0.00967	0.01408	0.00885	0.01080	0.01365	0.04297	0.05550	0.12846	0.01955	0.13423	0.00658	0.00466	0.00153	0.00487	0.00527	0.00331	0.00602
6	0.00991	0.00850	0.00991	0.00708	0.01133	0.00637	0.00566	0.01203	0.00991	0.01557	0.00850	0.00991	0.00708	0.00354	0.00354	0.00071	0.00354	0.00283	0.00283	0.86124
7	0.01748	0.01304	0.01396	0.01086	0.01456	0.01450	0.00892	0.70267	0.10720	0.02901	0.01235	0.01217	0.00884	0.00582	0.00479	0.00145	0.00510	0.00442	0.00479	0.00807
8	0.00584	0.00430	0.00548	0.00642	0.00692	0.00394	0.00438	0.00676	0.00947	0.01236	0.02979	0.68865	0.15237	0.01448	0.00604	0.00190	0.00275	0.02980	0.00444	0.00392
9	0.00985	0.02313	0.71346	0.01549	0.11373	0.01113	0.01730	0.01508	0.01019	0.01519	0.00863	0.01030	0.00624	0.00451	0.00456	0.00150	0.00690	0.00362	0.00206	0.00712
10	0.00683	0.00512	0.00768	0.00768	0.00853	0.00597	0.00597	0.00853	0.00768	0.01110	0.01280	0.01878	0.01195	0.03585	0.81308	0.00768	0.01280	0.00512	0.00256	0.00427
11	0.00979	0.02331	0.71451	0.01440	0.02120	0.01122	0.10900	0.01516	0.01023	0.01516	0.00871	0.01042	0.00620	0.00448	0.00467	0.00153	0.00718	0.00378	0.00207	0.00699
12	0.00882	0.00845	0.01106	0.18460	0.01533	0.10278	0.10049	0.01043	0.00960	0.01197	0.01610	0.30655	0.01752	0.16405	0.00898	0.00225	0.00523	0.00811	0.00317	0.00451
13	0.00773	0.00603	0.00728	0.00771	0.00877	0.00635	0.00562	0.01229	0.23040	0.01465	0.03831	0.49821	0.02607	0.01308	0.03408	0.00206	0.00352	0.06836	0.00450	0.00498
14	0.00864	0.00798	0.01329	0.72364	0.02983	0.00982	0.01222	0.01155	0.00951	0.01221	0.01062	0.10991	0.00938	0.00599	0.00494	0.00163	0.00594	0.00536	0.00240	0.00514
15	0.00903	0.00850	0.01434	0.82054	0.03292	0.01062	0.01327	0.01221	0.00956	0.01221	0.00850	0.01274	0.00637	0.00478	0.00478	0.00159	0.00637	0.00425	0.00212	0.00531
16	0.00903	0.00850	0.01434	0.82054	0.03292	0.01062	0.01327	0.01221	0.00956	0.01221	0.00850	0.01274	0.00637	0.00478	0.00478	0.00159	0.00637	0.00425	0.00212	0.00531
17	0.00612	0.00486	0.00549	0.00534	0.00674	0.00424	0.00400	0.00777	0.01201	0.01555	0.36529	0.04166	0.48175	0.01112	0.00564	0.00157	0.00235	0.00948	0.00479	0.00424
18	0.08170	0.06856	0.10941	0.01393	0.01769	0.01096	0.36610	0.01395	0.04727	0.01459	0.01039	0.01466	0.00880	0.10562	0.07631	0.00244	0.02423	0.00500	0.00257	0.00581
19	0.01433	0.01248	0.01212	0.01037	0.01337	0.09690	0.00818	0.24447	0.48892	0.02205	0.01588	0.01503	0.01184	0.00611	0.00478	0.00153	0.00472	0.00484	0.00459	0.00752
20	0.01785	0.02278	0.01354	0.01231	0.01478	0.81284	0.00924	0.01909	0.01354	0.01170	0.00739	0.00862	0.00616	0.00493	0.00431	0.00123	0.00862	0.00308	0.00246	0.00554
21	0.00827	0.00638	0.00700	0.00652	0.00840	0.00626	0.00499	0.01283	0.20760	0.05650	0.20923	0.03511	0.39291	0.00986	0.00541	0.00158	0.00281	0.00832	0.00481	0.00524
22	0.29029	0.00924	0.01256	0.01020	0.01303	0.03754	0.18311	0.01429	0.01026	0.14308	0.03239	0.18142	0.01321	0.00699	0.00487	0.00161	0.02050	0.00611	0.00364	0.00567
23	0.00959	0.02472	0.80726	0.01362	0.02069	0.01110	0.01766	0.01514	0.01009	0.01514	0.00858	0.01009	0.00605	0.00454	0.00454	0.00151	0.00706	0.00353	0.00202	0.00706
24	0.00602	0.00461	0.00561	0.00627	0.00716	0.00420	0.00458	0.00718	0.00997	0.01268	0.03403	0.41496	0.31869	0.01441	0.03396	0.00205	0.00318	0.10204	0.00437	0.00401
25	0.00813	0.00427	0.00640	0.00640	0.00650	0.00437	0.00437	0.00650	0.00640	0.00863	0.00884	0.01503	0.00874	0.01890	0.11326	0.75935	0.00518	0.00427	0.00213	0.00234
26	0.01787	0.02236	0.01358	0.01225	0.01478	0.77703	0.00923	0.05351	0.01395	0.01252	0.00757	0.00875	0.00625	0.00496	0.00433	0.00124	0.00847	0.00313	0.00257	0.00566
27	0.00677	0.00478	0.00627	0.00640	0.00678	0.00510	0.00434	0.00757	0.00751	0.01037	0.01546	0.12002	0.01682	0.40813	0.34685	0.00557	0.00778	0.00698	0.00294	0.00358
28	0.00683	0.00473	0.00591	0.00634	0.00674	0.00463	0.00437	0.00768	0.00891	0.01192	0.09623	0.21764	0.02536	0.40100	0.01479	0.00323	0.00393	0.16241	0.00378	0.00358
29	0.01546	0.01293	0.01698	0.04272	0.01718	0.04104	0.17505	0.48952	0.01778	0.02374	0.01063	0.01236	0.00801	0.03445	0.00633	0.00163	0.05850	0.00463	0.00386	0.00721
30	0.01858	0.01276	0.01351	0.01052	0.01420	0.05947	0.00862	0.55962	0.04859	0.18526	0.01302	0.01251	0.00900	0.00575	0.00476	0.00144	0.00516	0.00437	0.00488	0.00796
31	0.00959	0.02472	0.80726	0.01362	0.02069	0.01110	0.01766	0.01514	0.01009	0.01514	0.00858	0.01009	0.00605	0.00454	0.00454	0.00151	0.00706	0.00353	0.00202	0.00706
32	0.00744	0.00501	0.00633	0.00656	0.00758	0.00468	0.00470	0.00939	0.05075	0.06974	0.22173	0.43909	0.12426	0.01227	0.00578	0.00174	0.00274	0.01090	0.00477	0.00454
33	0.38886	0.03026	0.03815	0.00889	0.01203	0.10613	0.04819	0.01767	0.16527	0.09596	0.01213	0.01236	0.03520	0.00528	0.00397	0.00148	0.00467	0.00387	0.00354	0.00610
34	0.01258	0.01160	0.01880	0.02715	0.70847	0.01177	0.01400	0.10653	0.01226	0.01734	0.00929	0.01179	0.00764	0.00443	0.00474	0.00142	0.00563	0.00426	0.00265	0.00764
35	0.00665	0.00482	0.00579	0.00581	0.00702	0.00428	0.00426	0.00819	0.01159	0.04224	0.32424	0.21673	0.31761	0.01166	0.00572	0.00164	0.00249	0.01015	0.00480	0.00432
36	0.03235	0.01160	0.08363	0.32208	0.13619	0.01123	0.19253	0.06189	0.01116	0.06217	0.00956	0.01240	0.00712	0.00469	0.00511	0.00156	0.02121	0.00451	0.00263	0.00638
37	0.01248	0.01265	0.01858	0.04673	0.68958	0.10676	0.01399	0.01513	0.01117	0.01507	0.00879	0.01147	0.00737	0.00435	0.00468	0.00140	0.00605	0.00412	0.00237	0.00727
38	0.01179	0.00953	0.01567	0.16696	0.05876	0.00978	0.20616	0.08707	0.07949	0.11479	0.05987	0.09503	0.05020	0.00655	0.00522	0.00159	0.00538	0.00620	0.00368	0.00628
39	0.04182	0.10493	0.01016	0.00726	0.00959	0.00728	0.00591	0.01443	0.01230	0.28359	0.28647	0.08115	0.04348	0.02726	0.00547	0.00158	0.00346	0.04316	0.00485	0.00586
40	0.07295	0.04316	0.05733	0.08451	0.17638	0.01073	0.16702	0.05658	0.04636	0.20793	0.01203	0.02421	0.00881	0.00500	0.00477	0.00150	0.00559	0.00463	0.00349	0.00702
41	0.02303	0.01018	0.01292	0.25238	0.05615	0.08462	0.04215	0.08899	0.03090	0.09302	0.01209	0.10931	0.01044	0.00610	0.00498	0.00145	0.02430	0.00517	0.00326	0.12854

[dist]
# distance from previous block
# <min> <max>
0	9

[block]
# block no. 5 follows, 53 sequences, length 137
# corresponding to MSA columns:
# 887-1023
name=unknown_F
#
# <colnr> <probs for GDERKNQSTAVLIFYWHMCP>
#	G	D	E	R	K	N	Q	S	T	A	V	L	I	F	Y	W	H	M	C	P
0	0.03362	0.22620	0.45325	0.01302	0.01878	0.03154	0.13082	0.01502	0.01020	0.01427	0.00818	0.00981	0.00623	0.00436	0.00429	0.00140	0.00667	0.00357	0.00212	0.00665
1	0.00892	0.00589	0.00749	0.00789	0.02958	0.00571	0.00557	0.09786	0.01140	0.08782	0.03603	0.53930	0.07955	0.01245	0.00578	0.00181	0.00329	0.04419	0.00457	0.00490
2	0.00960	0.03528	0.22519	0.01075	0.03181	0.02984	0.08607	0.01359	0.07816	0.05695	0.17756	0.10512	0.06238	0.00889	0.04571	0.00187	0.00527	0.00650	0.00361	0.00588
3	0.01140	0.01625	0.30793	0.01940	0.31094	0.01136	0.07874	0.05767	0.01111	0.03613	0.00912	0.01122	0.00704	0.00465	0.00527	0.00148	0.04936	0.00406	0.00247	0.04441
4	0.01297	0.13468	0.06146	0.01066	0.01483	0.01189	0.12076	0.24134	0.03637	0.02988	0.01157	0.01246	0.04408	0.00491	0.00435	0.00122	0.00510	0.00411	0.00336	0.23400
5	0.00664	0.00483	0.00558	0.00588	0.00713	0.00424	0.00434	0.00783	0.01048	0.05258	0.03822	0.29805	0.45944	0.01280	0.00582	0.00175	0.00275	0.06292	0.00451	0.00422
6	0.01515	0.10625	0.05567	0.03954	0.06578	0.43129	0.05782	0.05438	0.10257	0.01413	0.00923	0.01039	0.00738	0.00493	0.00440	0.00132	0.00716	0.00364	0.00276	0.00621
7	0.01509	0.05241	0.10340	0.03070	0.01858	0.10690	0.26448	0.17339	0.01401	0.15706	0.01111	0.01215	0.00791	0.00489	0.00491	0.00147	0.00658	0.00452	0.00345	0.00701
8	0.00760	0.00494	0.00609	0.00579	0.00658	0.00467	0.00394	0.00882	0.01059	0.05830	0.38513	0.04803	0.05621	0.35749	0.01350	0.00284	0.00338	0.00786	0.00425	0.00400
9	0.00657	0.00446	0.00591	0.00673	0.00729	0.00414	0.00469	0.00764	0.00983	0.04208	0.08773	0.66552	0.05917	0.01403	0.00603	0.00189	0.00286	0.05475	0.00455	0.00412
10	0.01099	0.03877	0.03918	0.01129	0.05675	0.00916	0.13637	0.17231	0.03876	0.05708	0.04381	0.23449	0.11304	0.00867	0.00534	0.00162	0.00459	0.00781	0.00401	0.00595
11	0.00768	0.00692	0.01254	0.01093	0.01267	0.00652	0.23619	0.00964	0.01002	0.01340	0.02127	0.48664	0.02386	0.01150	0.00603	0.00188	0.00455	0.10921	0.00383	0.00471
12	0.44490	0.00871	0.00889	0.00740	0.01054	0.00907	0.00605	0.05292	0.01105	0.33153	0.01280	0.05689	0.00941	0.00567	0.00395	0.00150	0.00386	0.00416	0.00429	0.00641
13	0.01877	0.00854	0.01202	0.07681	0.08347	0.00796	0.00820	0.04699	0.02674	0.60229	0.04563	0.01617	0.01215	0.00582	0.00483	0.00148	0.00437	0.00485	0.00521	0.00771
14	0.00979	0.07630	0.75746	0.01328	0.02015	0.01160	0.01706	0.01508	0.01007	0.01489	0.00845	0.00994	0.00606	0.00451	0.00445	0.00148	0.00694	0.00347	0.00202	0.00700
15	0.01061	0.01076	0.01512	0.01282	0.01304	0.02816	0.03893	0.01177	0.00757	0.01165	0.00642	0.01052	0.00631	0.00815	0.01512	0.00206	0.77938	0.00422	0.00211	0.00528
16	0.01183	0.01136	0.01940	0.02934	0.80221	0.01136	0.01467	0.01467	0.01088	0.01562	0.00899	0.01183	0.00757	0.00426	0.00473	0.00142	0.00568	0.00426	0.00237	0.00757
17	0.05691	0.00905	0.01390	0.74647	0.03096	0.03927	0.01268	0.01256	0.00962	0.01271	0.00835	0.01232	0.00630	0.00476	0.00466	0.00157	0.00630	0.00411	0.00218	0.00531
18	0.01829	0.01319	0.01422	0.01091	0.01473	0.01454	0.00901	0.75820	0.02215	0.05866	0.01175	0.01165	0.00826	0.00574	0.00478	0.00144	0.00522	0.00432	0.00482	0.00813
19	0.00582	0.00416	0.00555	0.00666	0.00693	0.00388	0.00444	0.00666	0.00915	0.01220	0.02634	0.82891	0.03161	0.01497	0.00610	0.00194	0.00277	0.01359	0.00444	0.00388
20	0.00585	0.00417	0.00554	0.00662	0.00688	0.00390	0.00439	0.00666	0.00909	0.01212	0.02603	0.80672	0.03122	0.03770	0.00661	0.00202	0.00282	0.01340	0.00439	0.00385
21	0.01611	0.01480	0.01298	0.01095	0.01401	0.22971	0.00871	0.36700	0.19015	0.02201	0.01290	0.01447	0.01010	0.00610	0.00477	0.00146	0.00579	0.04673	0.00415	0.00710
22	0.01278	0.83490	0.02505	0.00818	0.01227	0.01891	0.00818	0.01431	0.00971	0.01125	0.00664	0.00767	0.00613	0.00409	0.00307	0.00102	0.00511	0.00256	0.00204	0.00613
23	0.00670	0.00513	0.00624	0.00676	0.00802	0.00475	0.00552	0.00834	0.01083	0.01360	0.06352	0.06164	0.36777	0.05039	0.00696	0.00202	0.00343	0.35984	0.00438	0.00417
24	0.01137	0.31070	0.47581	0.01151	0.01724	0.04928	0.01367	0.01522	0.01020	0.03317	0.00810	0.00932	0.00623	0.00443	0.00402	0.00133	0.00637	0.00320	0.00214	0.00669
25	0.01039	0.01105	0.06159	0.48978	0.02806	0.03972	0.19951	0.01370	0.01018	0.03899	0.00898	0.01249	0.00673	0.00479	0.00546	0.00160	0.04437	0.00452	0.00232	0.00578
26	0.00731	0.00539	0.00709	0.00798	0.00889	0.00543	0.00631	0.01002	0.08583	0.01396	0.02518	0.37862	0.02800	0.01330	0.00622	0.00203	0.00365	0.37582	0.00446	0.00449
27	0.00984	0.00924	0.01530	0.63633	0.08300	0.01106	0.05572	0.04163	0.04633	0.01362	0.00916	0.01282	0.00694	0.00490	0.00508	0.00159	0.02495	0.00438	0.00238	0.00573
28	0.01261	0.01268	0.14194	0.13696	0.11159	0.01057	0.23140	0.05233	0.03398	0.14855	0.01194	0.01502	0.00901	0.00518	0.00508	0.00157	0.00627	0.04334	0.00317	0.00679
29	0.01252	0.01007	0.01003	0.00876	0.01097	0.11254	0.00678	0.21515	0.09484	0.07123	0.25453	0.13257	0.02329	0.00823	0.00517	0.00152	0.00421	0.00690	0.00466	0.00605
30	0.01278	0.83490	0.02505	0.00818	0.01227	0.01891	0.00818	0.01431	0.00971	0.01125	0.00664	0.00767	0.00613	0.00409	0.00307	0.00102	0.00511	0.00256	0.00204	0.00613
31	0.86579	0.00924	0.00702	0.00629	0.00924	0.01072	0.00518	0.01405	0.00813	0.02144	0.00666	0.00776	0.00518	0.00444	0.00296	0.00148	0.00370	0.00259	0.00296	0.00518
32	0.00703	0.00542	0.00807	0.00795	0.00876	0.00646	0.00622	0.00870	0.00766	0.01112	0.01244	0.01832	0.01163	0.03432	0.76881	0.00737	0.05780	0.00507	0.00253	0.00432
33	0.01006	0.02409	0.76324	0.01348	0.02036	0.01131	0.01718	0.05795	0.01078	0.01597	0.00874	0.01017	0.00617	0.00461	0.00455	0.00151	0.00696	0.00357	0.00217	0.00712
34	0.01705	0.02582	0.05000	0.00884	0.01206	0.04502	0.00747	0.06268	0.06035	0.47060	0.02911	0.01869	0.01284	0.06436	0.03592	0.00194	0.00484	0.04730	0.00489	0.02022
35	0.00809	0.00425	0.00619	0.00619	0.00623	0.00429	0.00410	0.00641	0.00637	0.00853	0.00922	0.01649	0.00942	0.10325	0.05592	0.73152	0.00460	0.00449	0.00218	0.00226
36	0.00903	0.00850	0.01434	0.82054	0.03292	0.01062	0.01327	0.01221	0.00956	0.01221	0.00850	0.01274	0.00637	0.00478	0.00478	0.00159	0.00637	0.00425	0.00212	0.00531
37	0.01016	0.01032	0.02749	0.02733	0.05769	0.01306	0.09145	0.01180	0.00805	0.01215	0.00762	0.01179	0.00711	0.01077	0.10679	0.00264	0.57175	0.00444	0.00220	0.00540
38	0.01099	0.05648	0.01939	0.25025	0.36994	0.01172	0.14600	0.01456	0.04661	0.01456	0.00932	0.01232	0.00742	0.00446	0.00481	0.00149	0.00617	0.00445	0.00240	0.00666
39	0.00959	0.02472	0.80726	0.01362	0.02069	0.01110	0.01766	0.01514	0.01009	0.01514	0.00858	0.01009	0.00605	0.00454	0.00454	0.00151	0.00706	0.00353	0.00202	0.00706
40	0.01967	0.00950	0.01173	0.00906	0.01259	0.00921	0.00741	0.24878	0.01592	0.53123	0.01646	0.01568	0.01104	0.05173	0.00588	0.00164	0.00445	0.00478	0.00541	0.00784
41	0.01241	0.01019	0.01595	0.28719	0.23798	0.04657	0.08601	0.02771	0.02273	0.13989	0.03288	0.01461	0.03422	0.00516	0.00488	0.00151	0.00579	0.00474	0.00308	0.00652
42	0.01338	0.52384	0.18821	0.00960	0.01418	0.05998	0.01011	0.01578	0.01046	0.10304	0.00849	0.00922	0.00677	0.00444	0.00365	0.00119	0.00560	0.00305	0.00251	0.00653
43	0.00582	0.00416	0.00555	0.00666	0.00693	0.00388	0.00444	0.00666	0.00915	0.01220	0.02634	0.82891	0.03161	0.01497	0.00610	0.00194	0.00277	0.01359	0.00444	0.00388
44	0.01816	0.01356	0.01433	0.01102	0.01482	0.02907	0.00909	0.77257	0.02231	0.02979	0.01140	0.01142	0.00809	0.00572	0.00477	0.00143	0.00532	0.00428	0.00474	0.00808
45	0.01294	0.70296	0.08710	0.00896	0.01315	0.08349	0.00903	0.01477	0.01006	0.01160	0.00686	0.00794	0.00613	0.00419	0.00329	0.00108	0.00556	0.00268	0.00208	0.00616
46	0.00586	0.00418	0.00558	0.00669	0.00699	0.00391	0.00450	0.00671	0.00918	0.01224	0.02632	0.81491	0.03154	0.01494	0.00611	0.00195	0.00280	0.02725	0.00444	0.00389
47	0.00684	0.00494	0.00650	0.00625	0.00737	0.00459	0.00478	0.00909	0.01332	0.01876	0.73520	0.03722	0.04363	0.01006	0.00572	0.00156	0.00243	0.07205	0.00519	0.00450
48	0.01128	0.01289	0.02820	0.02015	0.02498	0.01209	0.78485	0.01531	0.01128	0.01531	0.00967	0.01289	0.00725	0.00403	0.00564	0.00161	0.00806	0.00564	0.00242	0.00645
49	0.01017	0.00969	0.01627	0.47542	0.32373	0.01112	0.01365	0.01310	0.00994	0.01346	0.00856	0.01227	0.00682	0.00478	0.00537	0.00155	0.05146	0.00425	0.00221	0.00616
50	0.00903	0.00850	0.01434	0.82054	0.03292	0.01062	0.01327	0.01221	0.00956	0.01221	0.00850	0.01274	0.00637	0.00478	0.00478	0.00159	0.00637	0.00425	0.00212	0.00531
51	0.00593	0.00424	0.00548	0.00642	0.00673	0.00397	0.00424	0.00670	0.00900	0.01193	0.02620	0.70791	0.06655	0.10077	0.00800	0.00221	0.00295	0.01272	0.00427	0.00379
52	0.01126	0.01081	0.01416	0.03048	0.01380	0.05032	0.06847	0.03006	0.19701	0.02705	0.01106	0.01343	0.02112	0.00858	0.04778	0.00212	0.42890	0.00468	0.00297	0.00594
53	0.00852	0.00756	0.01129	0.15107	0.03927	0.00962	0.00879	0.01023	0.00796	0.01148	0.00998	0.01545	0.00930	0.05663	0.36072	0.00453	0.26573	0.00473	0.00235	0.00479
54	0.00582	0.00416	0.00555	0.00666	0.00693	0.00388	0.00444	0.00666	0.00915	0.01220	0.02634	0.82891	0.03161	0.01497	0.00610	0.00194	0.00277	0.01359	0.00444	0.00388
55	0.01128	0.01289	0.02820	0.02015	0.02498	0.01209	0.78485	0.01531	0.01128	0.01531	0.00967	0.01289	0.00725	0.00403	0.00564	0.00161	0.00806	0.00564	0.00242	0.00645
56	0.01771	0.02254	0.01357	0.01232	0.01473	0.79709	0.00926	0.01894	0.01342	0.01169	0.00737	0.00866	0.00616	0.00499	0.00453	0.00125	0.02469	0.00310	0.00246	0.00553
57	0.00991	0.00850	0.00991	0.00708	0.01133	0.00637	0.00566	0.01203	0.00991	0.01557	0.00850	0.00991	0.00708	0.00354	0.00354	0.00071	0.00354	0.00283	0.00283	0.86124
58	0.01357	0.05557	0.20547	0.02527	0.13618	0.01192	0.01141	0.23845	0.08280	0.07168	0.01100	0.01174	0.00813	0.00498	0.00451	0.00138	0.00539	0.00401	0.00346	0.09308
59	0.01382	0.63353	0.04331	0.00924	0.01305	0.19448	0.00866	0.01539	0.01057	0.01145	0.00686	0.00794	0.00614	0.00429	0.00338	0.00108	0.00594	0.00270	0.00214	0.00603
60	0.00891	0.00445	0.00445	0.00445	0.00557	0.00445	0.00334	0.01114	0.01002	0.01782	0.01559	0.01782	0.01225	0.00557	0.00334	0.00111	0.00223	0.00445	0.85856	0.00445
61	0.03630	0.01226	0.01672	0.01262	0.01654	0.05214	0.20491	0.32011	0.05121	0.20848	0.01281	0.01303	0.00891	0.00531	0.00494	0.00149	0.00575	0.00471	0.00430	0.00748
62	0.01463	0.01574	0.01306	0.03434	0.09023	0.34843	0.00918	0.05957	0.33083	0.01639	0.01268	0.01293	0.00983	0.00553	0.00461	0.00143	0.00614	0.00423	0.00354	0.00668
63	0.02144	0.00813	0.01109	0.00850	0.01220	0.00702	0.00702	0.02329	0.01368	0.80552	0.01886	0.01627	0.01183	0.00592	0.00481	0.00148	0.00407	0.00481	0.00592	0.00813
64	0.00945	0.00892	0.01509	0.70223	0.14795	0.01073	0.01348	0.01258	0.00976	0.01272	0.00857	0.01261	0.00655	0.00470	0.00477	0.00157	0.00627	0.00425	0.00216	0.00565
65	0.01183	0.01136	0.01940	0.02934	0.80221	0.01136	0.01467	0.01467	0.01088	0.01562	0.00899	0.01183	0.00757	0.00426	0.00473	0.00142	0.00568	0.00426	0.00237	0.00757
66	0.00581	0.00420	0.00551	0.00655	0.00691	0.00389	0.00439	0.00667	0.00925	0.01224	0.02757	0.78544	0.07429	0.01481	0.00608	0.00192	0.00275	0.01339	0.00444	0.00389
67	0.00648	0.00470	0.00610	0.00611	0.00705	0.00433	0.00445	0.00832	0.01231	0.01713	0.57016	0.23295	0.07968	0.01118	0.00575	0.00162	0.00239	0.00994	0.00502	0.00433
68	0.00891	0.00445	0.00445	0.00445	0.00557	0.00445	0.00334	0.01114	0.01002	0.01782	0.01559	0.01782	0.01225	0.00557	0.00334	0.00111	0.00223	0.00445	0.85856	0.00445
69	0.01086	0.01037	0.01765	0.30307	0.53605	0.01110	0.01419	0.01382	0.01042	0.01444	0.00882	0.01215	0.00716	0.00444	0.00475	0.00148	0.00592	0.00425	0.00228	0.00679
70	0.00580	0.00426	0.00544	0.00638	0.00686	0.00391	0.00431	0.00669	0.00941	0.01231	0.02968	0.71045	0.14791	0.01454	0.00603	0.00189	0.00272	0.01306	0.00444	0.00391
71	0.01785	0.02278	0.01354	0.01231	0.01478	0.81284	0.00924	0.01909	0.01354	0.01170	0.00739	0.00862	0.00616	0.00493	0.00431	0.00123	0.00862	0.00308	0.00246	0.00554
72	0.01183	0.01136	0.01940	0.02934	0.80221	0.01136	0.01467	0.01467	0.01088	0.01562	0.00899	0.01183	0.00757	0.00426	0.00473	0.00142	0.00568	0.00426	0.00237	0.00757
73	0.86579	0.00924	0.00702	0.00629	0.00924	0.01072	0.00518	0.01405	0.00813	0.02144	0.00666	0.00776	0.00518	0.00444	0.00296	0.00148	0.00370	0.00259	0.00296	0.00518
74	0.00891	0.00445	0.00445	0.00445	0.00557	0.00445	0.00334	0.01114	0.01002	0.01782	0.01559	0.01782	0.01225	0.00557	0.00334	0.00111	0.00223	0.00445	0.85856	0.00445
75	0.86579	0.00924	0.00702	0.00629	0.00924	0.01072	0.00518	0.01405	0.00813	0.02144	0.00666	0.00776	0.00518	0.00444	0.00296	0.00148	0.00370	0.00259	0.00296	0.00518
76	0.00679	0.00498	0.00739	0.00751	0.00826	0.00567	0.00573	0.00823	0.00777	0.01108	0.01402	0.10378	0.01385	0.03276	0.69157	0.04643	0.01135	0.00597	0.00274	0.00413
77	0.86579	0.00924	0.00702	0.00629	0.00924	0.01072	0.00518	0.01405	0.00813	0.02144	0.00666	0.00776	0.00518	0.00444	0.00296	0.00148	0.00370	0.00259	0.00296	0.00518
78	0.00891	0.00445	0.00445	0.00445	0.00557	0.00445	0.00334	0.01114	0.01002	0.01782	0.01559	0.01782	0.01225	0.00557	0.00334	0.00111	0.00223	0.00445	0.85856	0.00445
79	0.01128	0.01289	0.02820	0.02015	0.02498	0.01209	0.78485	0.01531	0.01128	0.01531	0.00967	0.01289	0.00725	0.00403	0.00564	0.00161	0.00806	0.00564	0.00242	0.00645
80	0.00582	0.00416	0.00555	0.00666	0.00693	0.00388	0.00444	0.00666	0.00915	0.01220	0.02634	0.82891	0.03161	0.01497	0.00610	0.00194	0.00277	0.01359	0.00444	0.00388
81	0.01046	0.01046	0.01464	0.01255	0.01255	0.01464	0.01046	0.01150	0.00732	0.01150	0.00627	0.01046	0.00627	0.00837	0.01569	0.00209	0.82328	0.00418	0.00209	0.00523
82	0.01046	0.01046	0.01464	0.01255	0.01255	0.01464	0.01046	0.01150	0.00732	0.01150	0.00627	0.01046	0.00627	0.00837	0.01569	0.00209	0.82328	0.00418	0.00209	0.00523
83	0.00772	0.00514	0.00662	0.00619	0.00755	0.00468	0.00474	0.00984	0.01315	0.07355	0.63008	0.03626	0.12137	0.00990	0.00562	0.00155	0.00250	0.04365	0.00518	0.00471
84	0.00676	0.00489	0.00639	0.00601	0.00714	0.00451	0.00451	0.00902	0.01353	0.01917	0.79969	0.03570	0.04510	0.00977	0.00564	0.00150	0.00225	0.00864	0.00526	0.00451
85	0.00683	0.00512	0.00768	0.00768	0.00853	0.00597	0.00597	0.00853	0.00768	0.01110	0.01280	0.01878	0.01195	0.03585	0.81308	0.00768	0.01280	0.00512	0.00256	0.00427
86	0.00891	0.00445	0.00445	0.00445	0.00557	0.00445	0.00334	0.01114	0.01002	0.01782	0.01559	0.01782	0.01225	0.00557	0.00334	0.00111	0.00223	0.00445	0.85856	0.00445
87	0.00695	0.00463	0.00521	0.00521	0.00521	0.00463	0.00290	0.00695	0.00695	0.00927	0.01506	0.03128	0.01738	0.83203	0.02433	0.00463	0.00463	0.00695	0.00290	0.00290
88	0.00565	0.00484	0.00484	0.00484	0.00646	0.00403	0.00363	0.00686	0.01089	0.01291	0.04842	0.04600	0.80027	0.01210	0.00565	0.00161	0.00242	0.01009	0.00444	0.00403
89	0.00723	0.00519	0.00704	0.00740	0.00851	0.00500	0.00610	0.00946	0.01227	0.01675	0.41461	0.04476	0.03635	0.01148	0.00612	0.00185	0.00332	0.38726	0.00483	0.00446
90	0.02144	0.00813	0.01109	0.00850	0.01220	0.00702	0.00702	0.02329	0.01368	0.80552	0.01886	0.01627	0.01183	0.00592	0.00481	0.00148	0.00407	0.00481	0.00592	0.00813
91	0.00683	0.00512	0.00768	0.00768	0.00853	0.00597	0.00597	0.00853	0.00768	0.01110	0.01280	0.01878	0.01195	0.03585	0.81308	0.00768	0.01280	0.00512	0.00256	0.00427
92	0.02144	0.00813	0.01109	0.00850	0.01220	0.00702	0.00702	0.02329	0.01368	0.80552	0.01886	0.01627	0.01183	0.00592	0.00481	0.00148	0.00407	0.00481	0.00592	0.00813
93	0.01189	0.01027	0.01081	0.00973	0.01243	0.01189	0.00757	0.02540	0.79357	0.01999	0.01945	0.01783	0.01459	0.00648	0.00486	0.00162	0.00378	0.00540	0.00486	0.00757
94	0.00959	0.02472	0.80726	0.01362	0.02069	0.01110	0.01766	0.01514	0.01009	0.01514	0.00858	0.01009	0.00605	0.00454	0.00454	0.00151	0.00706	0.00353	0.00202	0.00706
95	0.00903	0.00850	0.01434	0.82054	0.03292	0.01062	0.01327	0.01221	0.00956	0.01221	0.00850	0.01274	0.00637	0.00478	0.00478	0.00159	0.00637	0.00425	0.00212	0.00531
96	0.01189	0.01027	0.01081	0.00973	0.01243	0.01189	0.00757	0.02540	0.79357	0.01999	0.01945	0.01783	0.01459	0.00648	0.00486	0.00162	0.00378	0.00540	0.00486	0.00757
97	0.00604	0.00431	0.00579	0.00690	0.00727	0.00407	0.00481	0.00703	0.00936	0.01244	0.02622	0.73989	0.03114	0.01477	0.00616	0.00197	0.00296	0.10047	0.00443	0.00394
98	0.00568	0.00484	0.00488	0.00487	0.00647	0.00405	0.00365	0.00691	0.01096	0.01307	0.06756	0.04574	0.78103	0.01205	0.00565	0.00161	0.00242	0.01005	0.00446	0.00405
99	0.00582	0.00416	0.00555	0.00666	0.00693	0.00388	0.00444	0.00666	0.00915	0.01220	0.02634	0.82891	0.03161	0.01497	0.00610	0.00194	0.00277	0.01359	0.00444	0.00388
100	0.01190	0.01156	0.01911	0.05092	0.76133	0.03117	0.01450	0.01471	0.01091	0.01542	0.00894	0.01178	0.00750	0.00429	0.00472	0.00142	0.00577	0.00423	0.00236	0.00746
101	0.01817	0.01339	0.01434	0.01100	0.01482	0.01482	0.00908	0.78627	0.02247	0.03012	0.01148	0.01148	0.00813	0.00574	0.00478	0.00143	0.00526	0.00430	0.00478	0.00813
102	0.01056	0.01006	0.01710	0.38794	0.45353	0.01102	0.01404	0.01356	0.01028	0.01407	0.00877	0.01224	0.00703	0.00449	0.00475	0.00150	0.00599	0.00425	0.00226	0.00655
103	0.86579	0.00924	0.00702	0.00629	0.00924	0.01072	0.00518	0.01405	0.00813	0.02144	0.00666	0.00776	0.00518	0.00444	0.00296	0.00148	0.00370	0.00259	0.00296	0.00518
104	0.00830	0.00415	0.00623	0.00623	0.00623	0.00415	0.00415	0.00623	0.00623	0.00830	0.00830	0.01453	0.00830	0.01660	0.01868	0.86094	0.00415	0.00415	0.00208	0.00208
105	0.00903	0.00850	0.01434	0.82054	0.03292	0.01062	0.01327	0.01221	0.00956	0.01221	0.00850	0.01274	0.00637	0.00478	0.00478	0.00159	0.00637	0.00425	0.00212	0.00531
106	0.00683	0.00512	0.00768	0.00768	0.00853	0.00597	0.00597	0.00853	0.00768	0.01110	0.01280	0.01878	0.01195	0.03585	0.81308	0.00768	0.01280	0.00512	0.00256	0.00427
107	0.01046	0.01046	0.01464	0.01255	0.01255	0.01464	0.01046	0.01150	0.00732	0.01150	0.00627	0.01046	0.00627	0.00837	0.01569	0.00209	0.82328	0.00418	0.00209	0.00523
108	0.01183	0.01136	0.01940	0.02934	0.80221	0.01136	0.01467	0.01467	0.01088	0.01562	0.00899	0.01183	0.00757	0.00426	0.00473	0.00142	0.00568	0.00426	0.00237	0.00757
109	0.51499	0.00940	0.00886	0.00739	0.01061	0.03811	0.00606	0.03177	0.01059	0.30442	0.01118	0.01093	0.00767	0.00501	0.00371	0.00147	0.00404	0.00344	0.00404	0.00631
110	0.86579	0.00924	0.00702	0.00629	0.00924	0.01072	0.00518	0.01405	0.00813	0.02144	0.00666	0.00776	0.00518	0.00444	0.00296	0.00148	0.00370	0.00259	0.00296	0.00518
111	0.00824	0.00417	0.00618	0.00618	0.00618	0.00417	0.00409	0.00626	0.00626	0.00835	0.00861	0.01530	0.00872	0.05422	0.01894	0.82144	0.00417	0.00428	0.00211	0.00211
112	0.00968	0.04726	0.78551	0.01347	0.02045	0.01132	0.01740	0.01511	0.01008	0.01503	0.00852	0.01002	0.00606	0.00453	0.00450	0.00150	0.00701	0.00350	0.00202	0.00704
