[name]
unknown

[dist]
# distance from previous block
# <min> <max>
21	125

[block]
# block no. 0 follows, 52 sequences, length 21
# corresponding to MSA columns:
# 168-188
name=unknown_A
#
# <colnr> <probs for GDERKNQSTAVLIFYWHMCP>
#	G	D	E	R	K	N	Q	S	T	A	V	L	I	F	Y	W	H	M	C	P
0	0.03691	0.01157	0.09550	0.05715	0.15773	0.03797	0.08787	0.04964	0.02429	0.12904	0.05739	0.03467	0.01097	0.00524	0.00465	0.00137	0.00518	0.00464	0.02920	0.15903
1	0.01099	0.06622	0.10658	0.01204	0.13418	0.04385	0.02439	0.03400	0.07523	0.07012	0.14001	0.04829	0.07171	0.03736	0.00555	0.00153	0.00460	0.00563	0.00363	0.10410
2	0.01124	0.01329	0.18847	0.07588	0.22286	0.01053	0.06380	0.11291	0.04973	0.03357	0.06884	0.06977	0.04527	0.00620	0.00503	0.00155	0.00552	0.00552	0.00325	0.00678
3	0.01085	0.01426	0.15308	0.07155	0.06284	0.01176	0.49565	0.01523	0.03743	0.01528	0.01099	0.01370	0.03218	0.00469	0.00567	0.00162	0.02886	0.00530	0.00250	0.00655
4	0.02739	0.01464	0.25548	0.01210	0.03532	0.01128	0.06746	0.01915	0.35187	0.01782	0.08205	0.01615	0.01349	0.00608	0.00548	0.00162	0.04693	0.00505	0.00366	0.00699
5	0.01335	0.01185	0.01798	0.04211	0.56997	0.01230	0.01323	0.18408	0.05352	0.01921	0.01020	0.01225	0.00814	0.00477	0.00482	0.00146	0.00558	0.00439	0.00306	0.00775
6	0.01251	0.01288	0.01295	0.11054	0.14361	0.20702	0.00959	0.04172	0.22789	0.01564	0.01677	0.01742	0.11145	0.00639	0.00522	0.00152	0.03198	0.00511	0.00344	0.00637
7	0.00656	0.00458	0.00587	0.00653	0.00684	0.00450	0.00440	0.00731	0.00860	0.01149	0.02176	0.42250	0.02535	0.29553	0.06676	0.00332	0.00431	0.08628	0.00383	0.00367
8	0.01053	0.02394	0.75126	0.01346	0.02040	0.01098	0.01718	0.01590	0.01048	0.06827	0.00940	0.01065	0.00653	0.00470	0.00462	0.00153	0.00696	0.00367	0.00231	0.00723
9	0.00619	0.00491	0.00556	0.00545	0.00684	0.00428	0.00407	0.00783	0.01207	0.01563	0.35014	0.06660	0.47044	0.01141	0.00574	0.00160	0.00240	0.00975	0.00484	0.00428
10	0.01203	0.15256	0.15932	0.04973	0.45412	0.06184	0.01392	0.01508	0.01081	0.01464	0.00852	0.01080	0.00703	0.00440	0.00445	0.00138	0.00612	0.00382	0.00228	0.00713
11	0.01205	0.01041	0.01096	0.00986	0.01260	0.01205	0.00767	0.02575	0.79071	0.02027	0.01972	0.01808	0.01479	0.00657	0.00493	0.00164	0.00384	0.00548	0.00493	0.00767
12	0.01353	0.01137	0.01584	0.04968	0.37123	0.01179	0.01133	0.20299	0.12166	0.04177	0.01140	0.01272	0.00882	0.00499	0.00471	0.00141	0.00516	0.00436	0.00348	0.09176
13	0.01350	0.01346	0.01730	0.02192	0.44898	0.14035	0.01260	0.10581	0.01225	0.01623	0.00869	0.01120	0.00729	0.00530	0.00660	0.00153	0.14320	0.00412	0.00266	0.00701
14	0.80732	0.00930	0.00740	0.00652	0.00957	0.01062	0.00537	0.01487	0.00863	0.07424	0.00758	0.00845	0.00570	0.00460	0.00312	0.00150	0.00377	0.00278	0.00320	0.00545
15	0.00899	0.00846	0.01047	0.01341	0.25109	0.05931	0.00784	0.03820	0.01164	0.01453	0.03187	0.03258	0.44570	0.00917	0.00536	0.00157	0.00406	0.03655	0.00374	0.00545
16	0.00590	0.00422	0.00562	0.00675	0.00703	0.00394	0.00450	0.00675	0.00928	0.01237	0.02671	0.82653	0.03205	0.01518	0.00619	0.00197	0.00281	0.01378	0.00450	0.00394
17	0.01249	0.00956	0.01029	0.00883	0.01126	0.02681	0.00691	0.37480	0.06371	0.02202	0.07699	0.21059	0.12669	0.00924	0.00534	0.00161	0.00410	0.00775	0.00471	0.00630
18	0.00618	0.00493	0.00553	0.00538	0.00682	0.00428	0.00404	0.00783	0.01211	0.01562	0.34731	0.04247	0.49770	0.01133	0.00572	0.00159	0.00239	0.00964	0.00483	0.00428
19	0.01322	0.01122	0.01449	0.12750	0.20941	0.01248	0.01063	0.20921	0.29994	0.02063	0.01356	0.01427	0.01026	0.00559	0.00487	0.00154	0.00504	0.00475	0.00390	0.00750
20	0.01294	0.01021	0.01098	0.00975	0.01258	0.01160	0.00762	0.02555	0.71925	0.09226	0.01967	0.01793	0.01454	0.00652	0.00493	0.00163	0.00386	0.00542	0.00503	0.00772

[dist]
# distance from previous block
# <min> <max>
6	10

[block]
# block no. 1 follows, 52 sequences, length 15
# corresponding to MSA columns:
# 225-231,233-240
name=unknown_B
#
# <colnr> <probs for GDERKNQSTAVLIFYWHMCP>
#	G	D	E	R	K	N	Q	S	T	A	V	L	I	F	Y	W	H	M	C	P
0	0.00608	0.00473	0.00553	0.00575	0.00687	0.00418	0.00415	0.00749	0.01127	0.01460	0.24496	0.26238	0.37978	0.01245	0.00585	0.00170	0.00251	0.01083	0.00473	0.00418
1	0.01431	0.10639	0.14910	0.01448	0.01860	0.37148	0.22715	0.01711	0.01210	0.01341	0.00826	0.01010	0.00653	0.00459	0.00465	0.00138	0.00794	0.00387	0.00237	0.00619
2	0.01269	0.11684	0.48080	0.01256	0.01815	0.15249	0.01420	0.08911	0.01208	0.03532	0.00880	0.00997	0.00651	0.00477	0.00442	0.00142	0.00696	0.00349	0.00249	0.00691
3	0.00597	0.00485	0.00528	0.00532	0.00673	0.00417	0.00393	0.00736	0.01140	0.01426	0.19338	0.11868	0.57759	0.01209	0.00577	0.00165	0.00246	0.01028	0.00466	0.00417
4	0.00722	0.00547	0.00671	0.00631	0.00767	0.00523	0.00476	0.01046	0.08721	0.01875	0.63279	0.03574	0.13355	0.00988	0.00564	0.00155	0.00245	0.00863	0.00520	0.00481
5	0.00632	0.00481	0.00508	0.00508	0.00598	0.00436	0.00335	0.00700	0.00925	0.01143	0.03389	0.03993	0.44698	0.37966	0.01424	0.00301	0.00346	0.00880	0.00380	0.00357
6	0.00983	0.02431	0.75575	0.01423	0.02125	0.01132	0.06598	0.01536	0.01031	0.01536	0.00877	0.01041	0.00622	0.00457	0.00467	0.00154	0.00723	0.00372	0.00207	0.00712
7	0.01199	0.01151	0.01967	0.02974	0.79946	0.01151	0.01487	0.01487	0.01103	0.01583	0.00912	0.01199	0.00768	0.00432	0.00480	0.00144	0.00576	0.00432	0.00240	0.00768
8	0.01358	0.09066	0.08164	0.00971	0.01370	0.05549	0.00852	0.20177	0.17555	0.04735	0.01178	0.01205	0.00895	0.00505	0.00430	0.00124	0.00482	0.00389	0.00372	0.24621
9	0.01242	0.20362	0.05532	0.01839	0.36082	0.10905	0.01137	0.01535	0.05077	0.01438	0.01094	0.01255	0.04857	0.00486	0.00433	0.00131	0.00566	0.00403	0.00258	0.05367
10	0.04293	0.01031	0.03777	0.01136	0.11385	0.08157	0.00793	0.12003	0.08462	0.06052	0.04870	0.17797	0.09096	0.00812	0.00505	0.00154	0.00446	0.01899	0.00399	0.06932
11	0.07123	0.07652	0.20278	0.00981	0.01379	0.08593	0.00948	0.09442	0.03143	0.06388	0.01227	0.13640	0.01106	0.00631	0.00447	0.00138	0.00517	0.00505	0.00328	0.15533
12	0.04571	0.01029	0.05190	0.03806	0.07590	0.02922	0.00833	0.07097	0.14351	0.18557	0.05667	0.01678	0.01260	0.00584	0.00464	0.00139	0.00443	0.04416	0.00413	0.18990
13	0.04374	0.02894	0.05262	0.01006	0.09284	0.00781	0.00744	0.01521	0.12087	0.15985	0.22054	0.04362	0.10266	0.00776	0.00509	0.00153	0.00374	0.03228	0.00452	0.03886
14	0.03236	0.12828	0.01426	0.01268	0.15782	0.06351	0.00859	0.11713	0.06988	0.11730	0.02726	0.14128	0.01294	0.00668	0.00466	0.00143	0.00473	0.00558	0.00376	0.06986

[dist]
# distance from previous block
# <min> <max>
3	89

[block]
# block no. 2 follows, 52 sequences, length 19
# corresponding to MSA columns:
# 341-359
name=unknown_C
#
# <colnr> <probs for GDERKNQSTAVLIFYWHMCP>
#	G	D	E	R	K	N	Q	S	T	A	V	L	I	F	Y	W	H	M	C	P
0	0.04099	0.01351	0.19564	0.01127	0.06011	0.01038	0.01013	0.18784	0.08924	0.14042	0.04997	0.03253	0.02449	0.00576	0.00468	0.00143	0.00495	0.00465	0.00396	0.10807
1	0.04037	0.05460	0.12149	0.01176	0.06120	0.07379	0.10207	0.03504	0.03995	0.16524	0.01510	0.06985	0.06529	0.00602	0.00473	0.00142	0.00528	0.00516	0.00356	0.11810
2	0.04266	0.06186	0.08634	0.01061	0.09412	0.03479	0.00805	0.07223	0.04690	0.05687	0.11804	0.21109	0.03392	0.00809	0.00495	0.00150	0.00423	0.00694	0.00384	0.09297
3	0.01445	0.00950	0.06895	0.00848	0.01205	0.00784	0.00729	0.01893	0.16036	0.31707	0.07074	0.01748	0.04195	0.00598	0.00463	0.00136	0.00392	0.00492	0.03637	0.18773
4	0.04291	0.07944	0.20726	0.00929	0.01344	0.00941	0.00922	0.08320	0.03082	0.12473	0.08879	0.06952	0.03673	0.00617	0.00454	0.00136	0.00463	0.00501	0.00366	0.16988
5	0.01229	0.01140	0.11359	0.01385	0.19541	0.00906	0.00984	0.07683	0.05183	0.11467	0.01260	0.09025	0.01062	0.00563	0.00458	0.00131	0.00469	0.00485	0.00347	0.25323
6	0.01347	0.01491	0.16881	0.01028	0.01379	0.19453	0.00944	0.08741	0.05872	0.11911	0.08203	0.05060	0.05974	0.00679	0.00489	0.00147	0.00557	0.04039	0.00378	0.05426
7	0.00992	0.00746	0.01029	0.12828	0.07987	0.00698	0.00735	0.01231	0.03046	0.07731	0.22655	0.04913	0.01924	0.00700	0.00554	0.04896	0.00389	0.00552	0.00371	0.26022
8	0.01128	0.01072	0.08144	0.01464	0.17060	0.00938	0.12316	0.01620	0.14941	0.08440	0.16230	0.01950	0.01707	0.00619	0.00510	0.00151	0.00487	0.03380	0.00380	0.07466
9	0.00938	0.00846	0.01048	0.00882	0.01142	0.05148	0.08300	0.03343	0.08483	0.01523	0.03885	0.26032	0.07993	0.00841	0.00501	0.00142	0.00404	0.00748	0.00374	0.27427
10	0.01444	0.00967	0.01386	0.01590	0.29092	0.00907	0.00959	0.05543	0.05651	0.24345	0.03402	0.03643	0.01094	0.00531	0.00465	0.00134	0.00456	0.00464	0.00393	0.17534
11	0.01104	0.00933	0.01313	0.02462	0.18378	0.00806	0.05105	0.01383	0.03752	0.05714	0.03532	0.02746	0.00950	0.00444	0.00422	0.00106	0.00434	0.00395	0.00308	0.49712
12	0.01199	0.01151	0.01967	0.02974	0.79946	0.01151	0.01487	0.01487	0.01103	0.01583	0.00912	0.01199	0.00768	0.00432	0.00480	0.00144	0.00576	0.00432	0.00240	0.00768
13	0.00915	0.00861	0.01453	0.81804	0.03338	0.01077	0.01346	0.01238	0.00969	0.01238	0.00861	0.01292	0.00646	0.00484	0.00484	0.00161	0.00646	0.00431	0.00215	0.00538
14	0.00991	0.00709	0.00866	0.00762	0.03685	0.00600	0.00574	0.01228	0.03836	0.10821	0.16265	0.02634	0.18851	0.00758	0.00485	0.00130	0.00330	0.04837	0.00418	0.31220
15	0.00958	0.00912	0.01583	0.51464	0.18259	0.01036	0.07607	0.01257	0.01006	0.01333	0.01061	0.09383	0.00933	0.00571	0.00504	0.00162	0.00610	0.00537	0.00246	0.00579
16	0.00700	0.00489	0.00607	0.00594	0.00661	0.00469	0.00410	0.00833	0.01080	0.01497	0.42510	0.03550	0.03298	0.34940	0.01362	0.00288	0.00342	0.05555	0.00429	0.00389
17	0.01321	0.79199	0.02481	0.00850	0.01257	0.05887	0.00835	0.01475	0.01004	0.01142	0.00677	0.00782	0.00622	0.00419	0.00317	0.00105	0.00536	0.00262	0.00209	0.00619
18	0.00716	0.00490	0.00641	0.00644	0.00698	0.00530	0.00452	0.00825	0.00780	0.01129	0.01459	0.04896	0.01490	0.33954	0.39630	0.00571	0.00833	0.00611	0.09273	0.00380

[dist]
# distance from previous block
# <min> <max>
0	1

[block]
# block no. 3 follows, 52 sequences, length 81
# corresponding to MSA columns:
# 361-441
name=unknown_D
#
# <colnr> <probs for GDERKNQSTAVLIFYWHMCP>
#	G	D	E	R	K	N	Q	S	T	A	V	L	I	F	Y	W	H	M	C	P
0	0.00921	0.00868	0.01463	0.68240	0.03028	0.01026	0.05539	0.01231	0.00980	0.01280	0.00942	0.04623	0.00761	0.00514	0.00486	0.00157	0.00620	0.00467	0.00232	0.06620
1	0.01811	0.01165	0.01313	0.01030	0.01390	0.01239	0.00853	0.54499	0.01975	0.19770	0.01509	0.01654	0.02776	0.00654	0.00500	0.00152	0.00494	0.05919	0.00506	0.00788
2	0.01783	0.01322	0.01422	0.01087	0.01478	0.01442	0.00896	0.72839	0.02188	0.02949	0.01142	0.01152	0.00817	0.00566	0.00476	0.00140	0.00521	0.00426	0.00471	0.06885
3	0.00590	0.00422	0.00562	0.00675	0.00703	0.00394	0.00450	0.00675	0.00928	0.01237	0.02671	0.82653	0.03205	0.01518	0.00619	0.00197	0.00281	0.01378	0.00450	0.00394
4	0.00972	0.02507	0.80458	0.01381	0.02097	0.01125	0.01790	0.01535	0.01023	0.01535	0.00870	0.01023	0.00614	0.00460	0.00460	0.00153	0.00716	0.00358	0.00205	0.00716
5	0.00915	0.00861	0.01453	0.81804	0.03338	0.01077	0.01346	0.01238	0.00969	0.01238	0.00861	0.01292	0.00646	0.00484	0.00484	0.00161	0.00646	0.00431	0.00215	0.00538
6	0.01767	0.02227	0.01416	0.01371	0.07085	0.75335	0.00976	0.01903	0.01354	0.01214	0.00761	0.00897	0.00634	0.00495	0.00440	0.00126	0.00853	0.00321	0.00249	0.00576
7	0.00705	0.00470	0.00529	0.00529	0.00529	0.00470	0.00294	0.00705	0.00705	0.00940	0.01527	0.03171	0.01762	0.82969	0.02467	0.00470	0.00470	0.00705	0.00294	0.00294
8	0.00612	0.00492	0.00545	0.00532	0.00679	0.00426	0.00399	0.00772	0.01197	0.01530	0.30902	0.04301	0.53619	0.01145	0.00572	0.00160	0.00240	0.00972	0.00479	0.00426
9	0.01205	0.01041	0.01096	0.00986	0.01260	0.01205	0.00767	0.02575	0.79071	0.02027	0.01972	0.01808	0.01479	0.00657	0.00493	0.00164	0.00384	0.00548	0.00493	0.00767
10	0.01005	0.00861	0.01005	0.00718	0.01148	0.00646	0.00574	0.01220	0.01005	0.01579	0.00861	0.01005	0.00718	0.00359	0.00359	0.00072	0.00359	0.00287	0.00287	0.85932
11	0.04942	0.01201	0.01095	0.00925	0.01200	0.21500	0.00727	0.10838	0.03726	0.26362	0.20397	0.01842	0.01809	0.00663	0.00487	0.00144	0.00499	0.00524	0.00465	0.00654
12	0.00915	0.00861	0.01453	0.81804	0.03338	0.01077	0.01346	0.01238	0.00969	0.01238	0.00861	0.01292	0.00646	0.00484	0.00484	0.00161	0.00646	0.00431	0.00215	0.00538
13	0.02174	0.00825	0.01125	0.00862	0.01237	0.00712	0.00712	0.02362	0.01387	0.80282	0.01912	0.01649	0.01200	0.00600	0.00487	0.00150	0.00412	0.00487	0.00600	0.00825
14	0.00698	0.00523	0.00671	0.00746	0.00864	0.00495	0.00618	0.00878	0.01101	0.01403	0.05601	0.13080	0.25127	0.01314	0.00633	0.00201	0.00365	0.44802	0.00450	0.00430
15	0.01865	0.01321	0.01432	0.01098	0.01485	0.01449	0.00907	0.73187	0.02218	0.08283	0.01214	0.01196	0.00850	0.00583	0.00485	0.00146	0.00525	0.00440	0.00493	0.00824
16	0.01296	0.83261	0.02539	0.00829	0.01244	0.01917	0.00829	0.01451	0.00985	0.01140	0.00674	0.00777	0.00622	0.00415	0.00311	0.00104	0.00518	0.00259	0.00207	0.00622
17	0.00705	0.00470	0.00529	0.00529	0.00529	0.00470	0.00294	0.00705	0.00705	0.00940	0.01527	0.03171	0.01762	0.82969	0.02467	0.00470	0.00470	0.00705	0.00294	0.00294
18	0.00621	0.00446	0.00595	0.00704	0.00750	0.00421	0.00501	0.00728	0.00963	0.01274	0.02722	0.67836	0.05468	0.01480	0.00625	0.00200	0.00307	0.13507	0.00449	0.00403
19	0.00590	0.00422	0.00562	0.00675	0.00703	0.00394	0.00450	0.00675	0.00928	0.01237	0.02671	0.82653	0.03205	0.01518	0.00619	0.00197	0.00281	0.01378	0.00450	0.00394
20	0.01239	0.01155	0.01645	0.02208	0.49152	0.03507	0.01215	0.04200	0.27029	0.01764	0.01267	0.01391	0.01001	0.00513	0.00483	0.00150	0.00519	0.00467	0.00332	0.00763
21	0.01547	0.00821	0.01080	0.00827	0.01193	0.00685	0.02908	0.01769	0.02763	0.39950	0.03581	0.06914	0.01237	0.00578	0.00453	0.00125	0.00390	0.00487	0.00460	0.32233
22	0.07380	0.01133	0.01277	0.01086	0.05407	0.02918	0.00838	0.35050	0.11448	0.24830	0.02774	0.01396	0.01051	0.00585	0.00475	0.00149	0.00474	0.00458	0.00490	0.00782
23	0.01282	0.77544	0.04015	0.00902	0.01326	0.01867	0.04815	0.01458	0.00994	0.01169	0.00693	0.00809	0.00628	0.00415	0.00327	0.00108	0.00537	0.00277	0.00209	0.00625
24	0.00590	0.00422	0.00562	0.00675	0.00703	0.00394	0.00450	0.00675	0.00928	0.01237	0.02671	0.82653	0.03205	0.01518	0.00619	0.00197	0.00281	0.01378	0.00450	0.00394
25	0.01007	0.11239	0.72033	0.01322	0.02005	0.01211	0.01687	0.01526	0.01019	0.01492	0.00848	0.00997	0.00615	0.00455	0.00444	0.00148	0.00695	0.00347	0.00205	0.00706
26	0.05177	0.01182	0.01306	0.01176	0.08688	0.04357	0.00866	0.35683	0.15629	0.10710	0.01323	0.01319	0.00963	0.00560	0.00463	0.00143	0.00483	0.00440	0.03322	0.06212
27	0.00590	0.00422	0.00562	0.00675	0.00703	0.00394	0.00450	0.00675	0.00928	0.01237	0.02671	0.82653	0.03205	0.01518	0.00619	0.00197	0.00281	0.01378	0.00450	0.00394
28	0.01253	0.00888	0.01050	0.00778	0.01173	0.00742	0.00627	0.10366	0.01236	0.13423	0.06666	0.01305	0.01076	0.00466	0.00408	0.00098	0.00378	0.00376	0.00374	0.57319
29	0.01190	0.01141	0.01949	0.05688	0.77309	0.01149	0.01482	0.01479	0.01099	0.01571	0.00910	0.01203	0.00763	0.00434	0.00480	0.00145	0.00578	0.00432	0.00239	0.00760
30	0.00803	0.00683	0.00717	0.00688	0.00885	0.00691	0.00533	0.01357	0.27630	0.01563	0.03743	0.03749	0.47640	0.01041	0.00553	0.00168	0.00307	0.06250	0.00464	0.00534
31	0.01179	0.01131	0.01930	0.08589	0.74490	0.01146	0.01477	0.01469	0.01094	0.01559	0.00908	0.01206	0.00759	0.00436	0.00480	0.00145	0.00581	0.00432	0.00238	0.00751
32	0.00915	0.00861	0.01453	0.81804	0.03338	0.01077	0.01346	0.01238	0.00969	0.01238	0.00861	0.01292	0.00646	0.00484	0.00484	0.00161	0.00646	0.00431	0.00215	0.00538
33	0.00915	0.00861	0.01453	0.81804	0.03338	0.01077	0.01346	0.01238	0.00969	0.01238	0.00861	0.01292	0.00646	0.00484	0.00484	0.00161	0.00646	0.00431	0.00215	0.00538
34	0.01964	0.01445	0.01542	0.01204	0.01597	0.01568	0.00975	0.76740	0.02340	0.03150	0.01298	0.01355	0.00955	0.00673	0.00545	0.00171	0.00579	0.00481	0.00528	0.00891
35	0.01005	0.00861	0.01005	0.00718	0.01148	0.00646	0.00574	0.01220	0.01005	0.01579	0.00861	0.01005	0.00718	0.00359	0.00359	0.00072	0.00359	0.00287	0.00287	0.85932
36	0.00718	0.00558	0.00829	0.00814	0.00894	0.00668	0.00638	0.00887	0.00776	0.01128	0.01251	0.01844	0.01171	0.03436	0.75390	0.00738	0.07051	0.00512	0.00256	0.00440
37	0.01058	0.02387	0.74808	0.01344	0.02036	0.01096	0.01714	0.01594	0.01049	0.07143	0.00944	0.01068	0.00656	0.00470	0.00462	0.00153	0.00695	0.00367	0.00233	0.00724
38	0.01127	0.01424	0.10440	0.01978	0.02490	0.01216	0.70723	0.01551	0.01132	0.01551	0.00970	0.01279	0.00723	0.00414	0.00561	0.00162	0.00807	0.00551	0.00241	0.00660
39	0.00972	0.02507	0.80458	0.01381	0.02097	0.01125	0.01790	0.01535	0.01023	0.01535	0.00870	0.01023	0.00614	0.00460	0.00460	0.00153	0.00716	0.00358	0.00205	0.00716
40	0.01012	0.00841	0.00990	0.00723	0.01134	0.00638	0.00578	0.01224	0.01013	0.03201	0.00971	0.03502	0.00843	0.00418	0.00375	0.00080	0.00360	0.01882	0.00302	0.79913
41	0.01041	0.00835	0.00995	0.00729	0.01133	0.00646	0.00583	0.01252	0.01008	0.05489	0.00945	0.01101	0.00777	0.00604	0.06112	0.00126	0.00428	0.00314	0.00301	0.75580
42	0.00654	0.00517	0.00604	0.00648	0.00791	0.00467	0.00530	0.00816	0.01109	0.01364	0.03993	0.04978	0.49657	0.01271	0.00611	0.00187	0.00324	0.30608	0.00449	0.00424
43	0.01205	0.01041	0.01096	0.00986	0.01260	0.01205	0.00767	0.02575	0.79071	0.02027	0.01972	0.01808	0.01479	0.00657	0.00493	0.00164	0.00384	0.00548	0.00493	0.00767
44	0.00686	0.00495	0.00648	0.00610	0.00724	0.00457	0.00457	0.00914	0.01372	0.01943	0.79691	0.03620	0.04572	0.00991	0.00572	0.00152	0.00229	0.00876	0.00533	0.00457
45	0.00693	0.00515	0.00755	0.00755	0.00833	0.00593	0.00576	0.00850	0.00772	0.01107	0.01320	0.02024	0.01264	0.11146	0.73609	0.00750	0.01220	0.00537	0.00263	0.00420
46	0.00913	0.00488	0.00690	0.00666	0.00693	0.00498	0.00456	0.06165	0.00749	0.00999	0.00865	0.01451	0.00840	0.01605	0.01794	0.79793	0.00429	0.00422	0.00230	0.00254
47	0.00915	0.00861	0.01453	0.81804	0.03338	0.01077	0.01346	0.01238	0.00969	0.01238	0.00861	0.01292	0.00646	0.00484	0.00484	0.00161	0.00646	0.00431	0.00215	0.00538
48	0.01080	0.01029	0.01751	0.36108	0.47746	0.01120	0.01428	0.01383	0.01047	0.01438	0.00890	0.01238	0.00716	0.00454	0.00482	0.00151	0.00605	0.00431	0.00230	0.00671
49	0.01296	0.83261	0.02539	0.00829	0.01244	0.01917	0.00829	0.01451	0.00985	0.01140	0.00674	0.00777	0.00622	0.00415	0.00311	0.00104	0.00518	0.00259	0.00207	0.00622
50	0.00686	0.00495	0.00648	0.00610	0.00724	0.00457	0.00457	0.00914	0.01372	0.01943	0.79691	0.03620	0.04572	0.00991	0.00572	0.00152	0.00229	0.00876	0.00533	0.00457
51	0.00972	0.02507	0.80458	0.01381	0.02097	0.01125	0.01790	0.01535	0.01023	0.01535	0.00870	0.01023	0.00614	0.00460	0.00460	0.00153	0.00716	0.00358	0.00205	0.00716
52	0.02174	0.00825	0.01125	0.00862	0.01237	0.00712	0.00712	0.02362	0.01387	0.80282	0.01912	0.01649	0.01200	0.00600	0.00487	0.00150	0.00412	0.00487	0.00600	0.00825
53	0.01191	0.01143	0.01952	0.05271	0.77714	0.01149	0.01483	0.01480	0.01100	0.01573	0.00910	0.01202	0.00764	0.00433	0.00480	0.00144	0.00578	0.00432	0.00239	0.00761
54	0.02174	0.00825	0.01125	0.00862	0.01237	0.00712	0.00712	0.02362	0.01387	0.80282	0.01912	0.01649	0.01200	0.00600	0.00487	0.00150	0.00412	0.00487	0.00600	0.00825
55	0.00601	0.00480	0.00538	0.00548	0.00678	0.00417	0.00402	0.00740	0.01133	0.01436	0.20997	0.17753	0.50120	0.01225	0.00580	0.00167	0.00248	0.01051	0.00468	0.00417
56	0.07013	0.06275	0.59375	0.01253	0.01866	0.04084	0.01513	0.03852	0.04655	0.04411	0.00938	0.01051	0.00675	0.00476	0.00444	0.00150	0.00657	0.00360	0.00248	0.00702
57	0.00672	0.00495	0.00628	0.00595	0.00715	0.00451	0.00446	0.00887	0.01338	0.01863	0.70230	0.03752	0.14084	0.01021	0.00572	0.00154	0.00231	0.00895	0.00523	0.00451
58	0.00842	0.00421	0.00631	0.00631	0.00631	0.00421	0.00421	0.00631	0.00631	0.00842	0.00842	0.01473	0.00842	0.01684	0.01894	0.85901	0.00421	0.00421	0.00210	0.00210
59	0.86392	0.00937	0.00712	0.00637	0.00937	0.01087	0.00525	0.01425	0.00825	0.02174	0.00675	0.00787	0.00525	0.00450	0.00300	0.00150	0.00375	0.00262	0.00300	0.00525
60	0.01779	0.01326	0.01419	0.01102	0.01479	0.01473	0.00906	0.70806	0.09906	0.02952	0.01244	0.01227	0.00889	0.00589	0.00486	0.00147	0.00518	0.00447	0.00486	0.00818
61	0.01037	0.00986	0.01674	0.47908	0.36279	0.01109	0.01407	0.01345	0.01027	0.01387	0.00883	0.01252	0.00698	0.00462	0.00482	0.00154	0.00616	0.00431	0.00226	0.00637
62	0.00998	0.08947	0.74244	0.01337	0.02029	0.01189	0.01714	0.01528	0.01020	0.01503	0.00854	0.01004	0.00615	0.00457	0.00448	0.00149	0.00700	0.00350	0.00205	0.00709
63	0.07769	0.02016	0.01260	0.01137	0.01391	0.64679	0.00861	0.05818	0.01360	0.01365	0.01098	0.01186	0.06948	0.00558	0.00441	0.00131	0.00770	0.00372	0.00282	0.00561
64	0.00594	0.00435	0.00559	0.00657	0.00705	0.00400	0.00449	0.00687	0.00956	0.01252	0.02957	0.70381	0.13070	0.01476	0.00614	0.00193	0.00281	0.03487	0.00450	0.00397
65	0.00601	0.00435	0.00569	0.00656	0.00703	0.00402	0.00446	0.00706	0.00993	0.01329	0.12342	0.68487	0.07664	0.01437	0.00610	0.00189	0.00273	0.01296	0.00460	0.00402
66	0.01055	0.01004	0.01706	0.43096	0.40956	0.01113	0.01415	0.01360	0.01035	0.01408	0.00886	0.01247	0.00706	0.00459	0.00482	0.00153	0.00611	0.00431	0.00227	0.00651
67	0.00972	0.02507	0.80458	0.01381	0.02097	0.01125	0.01790	0.01535	0.01023	0.01535	0.00870	0.01023	0.00614	0.00460	0.00460	0.00153	0.00716	0.00358	0.00205	0.00716
68	0.00946	0.00716	0.01071	0.32420	0.01846	0.00804	0.06802	0.01297	0.05996	0.01579	0.01278	0.01567	0.00985	0.00527	0.00424	0.00139	0.00446	0.00459	0.40177	0.00521
69	0.00590	0.00422	0.00562	0.00675	0.00703	0.00394	0.00450	0.00675	0.00928	0.01237	0.02671	0.82653	0.03205	0.01518	0.00619	0.00197	0.00281	0.01378	0.00450	0.00394
70	0.01183	0.01135	0.01938	0.07396	0.75649	0.01147	0.01479	0.01473	0.01096	0.01564	0.00909	0.01205	0.00761	0.00435	0.00480	0.00145	0.00580	0.00432	0.00239	0.00755
71	0.00938	0.00906	0.01594	0.73841	0.03257	0.01092	0.09018	0.01270	0.00986	0.01270	0.00873	0.01294	0.00655	0.00477	0.00493	0.00162	0.00663	0.00445	0.00218	0.00550
72	0.00995	0.08191	0.74973	0.01342	0.02037	0.01181	0.01723	0.01529	0.01020	0.01507	0.00856	0.01006	0.00614	0.00457	0.00450	0.00150	0.00702	0.00351	0.00205	0.00710
73	0.03082	0.00492	0.00580	0.00591	0.00709	0.00447	0.00435	0.00804	0.01161	0.01564	0.32820	0.21094	0.30136	0.01181	0.00577	0.00168	0.00256	0.02999	0.00477	0.00428
74	0.00964	0.02448	0.78124	0.01364	0.02061	0.01110	0.01756	0.01515	0.01016	0.01523	0.00882	0.01049	0.00631	0.00553	0.02822	0.00172	0.00733	0.00363	0.00206	0.00708
75	0.01024	0.00972	0.01650	0.51681	0.32612	0.01105	0.01400	0.01333	0.01020	0.01370	0.00881	0.01257	0.00692	0.00464	0.00483	0.00155	0.00619	0.00431	0.00225	0.00626
76	0.01199	0.01151	0.01967	0.02974	0.79946	0.01151	0.01487	0.01487	0.01103	0.01583	0.00912	0.01199	0.00768	0.00432	0.00480	0.00144	0.00576	0.00432	0.00240	0.00768
77	0.01076	0.01073	0.01985	0.04158	0.09541	0.01068	0.38636	0.01595	0.14497	0.01605	0.01477	0.02266	0.01300	0.00654	0.00567	0.00174	0.00635	0.16727	0.00329	0.00637
78	0.00910	0.00841	0.01196	0.01072	0.01105	0.01127	0.00874	0.01041	0.00761	0.01153	0.00937	0.03535	0.00919	0.01907	0.31259	0.00423	0.49727	0.00485	0.00236	0.00490
79	0.01144	0.01307	0.02859	0.02042	0.02533	0.01225	0.78186	0.01552	0.01144	0.01552	0.00980	0.01307	0.00735	0.00408	0.00572	0.00163	0.00817	0.00572	0.00245	0.00654
80	0.01144	0.01307	0.02859	0.02042	0.02533	0.01225	0.78186	0.01552	0.01144	0.01552	0.00980	0.01307	0.00735	0.00408	0.00572	0.00163	0.00817	0.00572	0.00245	0.00654

[dist]
# distance from previous block
# <min> <max>
1	12

[block]
# block no. 4 follows, 52 sequences, length 23
# corresponding to MSA columns:
# 459-481
name=unknown_E
#
# <colnr> <probs for GDERKNQSTAVLIFYWHMCP>
#	G	D	E	R	K	N	Q	S	T	A	V	L	I	F	Y	W	H	M	C	P
0	0.00782	0.00567	0.00690	0.00682	0.00806	0.00557	0.00511	0.00973	0.04987	0.07170	0.11847	0.27901	0.30231	0.01190	0.00656	0.00177	0.06489	0.02863	0.00454	0.00468
1	0.00705	0.00470	0.00529	0.00529	0.00529	0.00470	0.00294	0.00705	0.00705	0.00940	0.01527	0.03171	0.01762	0.82969	0.02467	0.00470	0.00470	0.00705	0.00294	0.00294
2	0.01254	0.01065	0.01123	0.00996	0.01279	0.01228	0.00779	0.08324	0.73244	0.02105	0.01911	0.01759	0.01430	0.00652	0.00492	0.00163	0.00395	0.00539	0.00492	0.00771
3	0.00744	0.06784	0.00808	0.00661	0.00798	0.00580	0.00525	0.00966	0.01311	0.01822	0.64176	0.03632	0.04053	0.00990	0.00564	0.00157	0.00277	0.10186	0.00498	0.00468
4	0.01273	0.01127	0.01903	0.02814	0.73974	0.01118	0.01428	0.01554	0.01125	0.07555	0.00987	0.01234	0.00800	0.00445	0.00480	0.00144	0.00563	0.00436	0.00267	0.00772
5	0.00915	0.00861	0.01453	0.81804	0.03338	0.01077	0.01346	0.01238	0.00969	0.01238	0.00861	0.01292	0.00646	0.00484	0.00484	0.00161	0.00646	0.00431	0.00215	0.00538
6	0.00915	0.00861	0.01453	0.81804	0.03338	0.01077	0.01346	0.01238	0.00969	0.01238	0.00861	0.01292	0.00646	0.00484	0.00484	0.00161	0.00646	0.00431	0.00215	0.00538
7	0.00590	0.00422	0.00562	0.00675	0.00703	0.00394	0.00450	0.00675	0.00928	0.01237	0.02671	0.82653	0.03205	0.01518	0.00619	0.00197	0.00281	0.01378	0.00450	0.00394
8	0.00915	0.00861	0.01453	0.81804	0.03338	0.01077	0.01346	0.01238	0.00969	0.01238	0.00861	0.01292	0.00646	0.00484	0.00484	0.00161	0.00646	0.00431	0.00215	0.00538
9	0.01296	0.83261	0.02539	0.00829	0.01244	0.01917	0.00829	0.01451	0.00985	0.01140	0.00674	0.00777	0.00622	0.00415	0.00311	0.00104	0.00518	0.00259	0.00207	0.00622
10	0.00693	0.00517	0.00766	0.00766	0.00848	0.00599	0.00590	0.00857	0.00775	0.01116	0.01310	0.01967	0.01239	0.07616	0.77105	0.00763	0.01256	0.00529	0.00261	0.00426
11	0.00915	0.00861	0.01453	0.81804	0.03338	0.01077	0.01346	0.01238	0.00969	0.01238	0.00861	0.01292	0.00646	0.00484	0.00484	0.00161	0.00646	0.00431	0.00215	0.00538
12	0.00915	0.00861	0.01453	0.81804	0.03338	0.01077	0.01346	0.01238	0.00969	0.01238	0.00861	0.01292	0.00646	0.00484	0.00484	0.00161	0.00646	0.00431	0.00215	0.00538
13	0.00972	0.02507	0.80458	0.01381	0.02097	0.01125	0.01790	0.01535	0.01023	0.01535	0.00870	0.01023	0.00614	0.00460	0.00460	0.00153	0.00716	0.00358	0.00205	0.00716
14	0.00666	0.00518	0.00620	0.00662	0.00801	0.00473	0.00542	0.00837	0.01130	0.01415	0.09698	0.04908	0.42858	0.01254	0.00612	0.00187	0.00325	0.31610	0.00455	0.00428
15	0.86392	0.00937	0.00712	0.00637	0.00937	0.01087	0.00525	0.01425	0.00825	0.02174	0.00675	0.00787	0.00525	0.00450	0.00300	0.00150	0.00375	0.00262	0.00300	0.00525
16	0.01769	0.01214	0.01343	0.01042	0.01402	0.01316	0.00857	0.62191	0.02073	0.11778	0.06596	0.01407	0.01133	0.00697	0.02740	0.00164	0.00520	0.00474	0.00495	0.00788
17	0.00915	0.00861	0.01453	0.81804	0.03338	0.01077	0.01346	0.01238	0.00969	0.01238	0.00861	0.01292	0.00646	0.00484	0.00484	0.00161	0.00646	0.00431	0.00215	0.00538
18	0.01277	0.01120	0.01116	0.01000	0.01276	0.06621	0.00777	0.02525	0.71318	0.04454	0.01887	0.01739	0.01412	0.00645	0.00489	0.00161	0.00418	0.00530	0.00480	0.00755
19	0.01395	0.01325	0.01421	0.05656	0.24383	0.22427	0.01029	0.05059	0.06404	0.09154	0.08737	0.04079	0.01256	0.00602	0.00543	0.00148	0.04905	0.00487	0.00337	0.00654
20	0.04800	0.00599	0.00724	0.00655	0.00827	0.00570	0.00502	0.01178	0.07743	0.07842	0.54844	0.03182	0.09836	0.00905	0.00539	0.00151	0.00268	0.00782	0.00509	0.03543
21	0.00754	0.00562	0.00714	0.00699	0.00838	0.00529	0.00545	0.03160	0.01160	0.01590	0.28692	0.10527	0.10035	0.06810	0.05745	0.00226	0.00389	0.18082	0.00441	0.08503
22	0.01063	0.37032	0.22661	0.00945	0.01346	0.01288	0.00996	0.01352	0.03113	0.03263	0.03490	0.14863	0.02751	0.00685	0.00436	0.00142	0.00509	0.03176	0.00286	0.00603

[dist]
# distance from previous block
# <min> <max>
0	3

[block]
# block no. 5 follows, 52 sequences, length 336
# corresponding to MSA columns:
# 485-583,589-596,601-671,675-789,796-838
name=unknown_F
#
# <colnr> <probs for GDERKNQSTAVLIFYWHMCP>
#	G	D	E	R	K	N	Q	S	T	A	V	L	I	F	Y	W	H	M	C	P
0	0.01270	0.03530	0.44534	0.01257	0.01767	0.21606	0.01364	0.06356	0.05073	0.03504	0.01015	0.04724	0.00804	0.00538	0.00463	0.00147	0.00698	0.00408	0.00269	0.00672
1	0.09404	0.04503	0.04736	0.21474	0.01805	0.04424	0.03679	0.01380	0.05013	0.01524	0.00886	0.01096	0.00706	0.00443	0.00439	0.00121	0.02739	0.00352	0.00269	0.35008
2	0.54181	0.01027	0.01060	0.01183	0.17061	0.04379	0.02488	0.01501	0.04058	0.04099	0.01005	0.01121	0.04126	0.00494	0.00373	0.00149	0.00442	0.00357	0.00307	0.00591
3	0.00820	0.08764	0.18347	0.00882	0.01112	0.05943	0.00811	0.01018	0.00983	0.01290	0.01963	0.51733	0.02226	0.01116	0.00543	0.00174	0.00437	0.00980	0.00360	0.00497
4	0.01212	0.00864	0.01047	0.08196	0.04456	0.00925	0.00736	0.19261	0.11949	0.08268	0.01538	0.02322	0.01396	0.25217	0.01092	0.00253	0.00483	0.07997	0.00396	0.02391
5	0.54154	0.01415	0.25423	0.00883	0.01317	0.01073	0.00929	0.01523	0.00925	0.07355	0.00820	0.00920	0.00599	0.00463	0.00362	0.00151	0.00483	0.00308	0.00291	0.00605
6	0.01280	0.01254	0.01849	0.02643	0.65763	0.08002	0.01378	0.04931	0.05194	0.01636	0.00963	0.01201	0.00794	0.00456	0.00477	0.00143	0.00589	0.00428	0.00264	0.00752
7	0.01842	0.01357	0.01454	0.01115	0.01503	0.01503	0.00921	0.78330	0.02278	0.03054	0.01163	0.01163	0.00824	0.00582	0.00485	0.00145	0.00533	0.00436	0.00485	0.00824
8	0.82891	0.00945	0.00737	0.00652	0.00956	0.01090	0.00537	0.03187	0.00868	0.03662	0.00709	0.00812	0.00544	0.00456	0.00308	0.00150	0.00379	0.00271	0.00310	0.00537
9	0.01171	0.01203	0.02292	0.04586	0.48746	0.01178	0.30505	0.01506	0.01115	0.01563	0.00936	0.01242	0.00752	0.00424	0.00515	0.00152	0.00669	0.00485	0.00241	0.00719
10	0.00686	0.00495	0.00648	0.00610	0.00724	0.00457	0.00457	0.00914	0.01372	0.01943	0.79691	0.03620	0.04572	0.00991	0.00572	0.00152	0.00229	0.00876	0.00533	0.00457
11	0.00686	0.00495	0.00648	0.00610	0.00724	0.00457	0.00457	0.00914	0.01372	0.01943	0.79691	0.03620	0.04572	0.00991	0.00572	0.00152	0.00229	0.00876	0.00533	0.00457
12	0.02626	0.00576	0.00768	0.00742	0.00900	0.00521	0.00546	0.01297	0.01092	0.29814	0.02363	0.51988	0.02435	0.01168	0.00566	0.00179	0.00330	0.01037	0.00501	0.00552
13	0.01052	0.00908	0.00949	0.00866	0.01113	0.01012	0.00670	0.02119	0.60159	0.01853	0.02685	0.02501	0.20465	0.00796	0.00512	0.00164	0.00350	0.00663	0.00483	0.00680
14	0.02174	0.00825	0.01125	0.00862	0.01237	0.00712	0.00712	0.02362	0.01387	0.80282	0.01912	0.01649	0.01200	0.00600	0.00487	0.00150	0.00412	0.00487	0.00600	0.00825
15	0.00579	0.00491	0.00499	0.00497	0.00658	0.00412	0.00373	0.00707	0.01119	0.01343	0.08859	0.04609	0.75779	0.01215	0.00573	0.00163	0.00245	0.01015	0.00454	0.00412
16	0.23717	0.00853	0.01019	0.00805	0.01160	0.00808	0.00664	0.02122	0.01243	0.60302	0.01595	0.01429	0.01027	0.00561	0.00439	0.00150	0.00403	0.00430	0.00523	0.00748
17	0.00573	0.00491	0.00491	0.00491	0.00655	0.00409	0.00368	0.00695	0.01105	0.01309	0.04909	0.04664	0.79750	0.01227	0.00573	0.00164	0.00245	0.01023	0.00450	0.00409
18	0.01810	0.02310	0.01373	0.01248	0.01498	0.81024	0.00936	0.01935	0.01373	0.01186	0.00749	0.00874	0.00624	0.00499	0.00437	0.00125	0.00874	0.00312	0.00250	0.00562
19	0.21166	0.00850	0.01032	0.00811	0.01169	0.00797	0.00670	0.02150	0.01260	0.62668	0.01633	0.01455	0.01047	0.00566	0.00445	0.00150	0.00404	0.00437	0.00532	0.00757
20	0.01483	0.00808	0.00988	0.00863	0.01125	0.00810	0.00672	0.02055	0.28053	0.35490	0.02104	0.19971	0.01748	0.00827	0.00519	0.00165	0.00373	0.00709	0.00529	0.00708
21	0.01810	0.02310	0.01373	0.01248	0.01498	0.81024	0.00936	0.01935	0.01373	0.01186	0.00749	0.00874	0.00624	0.00499	0.00437	0.00125	0.00874	0.00312	0.00250	0.00562
22	0.00710	0.00447	0.00522	0.00565	0.00603	0.00437	0.00364	0.00798	0.00866	0.01266	0.01973	0.32909	0.02180	0.31821	0.01242	0.00278	0.00338	0.00897	0.21412	0.00370
23	0.00603	0.00426	0.00564	0.00666	0.00700	0.00398	0.00447	0.00697	0.00951	0.01284	0.06212	0.76977	0.03220	0.01470	0.00609	0.00193	0.00277	0.01331	0.02577	0.00398
24	0.00704	0.00471	0.00535	0.00533	0.00539	0.00469	0.00303	0.00716	0.00742	0.00995	0.05853	0.03196	0.01917	0.78432	0.02362	0.00452	0.00456	0.00714	0.00307	0.00303
25	0.01199	0.01151	0.01967	0.02974	0.79946	0.01151	0.01487	0.01487	0.01103	0.01583	0.00912	0.01199	0.00768	0.00432	0.00480	0.00144	0.00576	0.00432	0.00240	0.00768
26	0.01261	0.00632	0.00786	0.00686	0.00862	0.00596	0.00506	0.02899	0.04469	0.28400	0.13462	0.06583	0.01985	0.25154	0.01080	0.00245	0.00378	0.00654	0.08812	0.00551
27	0.67137	0.00831	0.00665	0.00607	0.00848	0.00947	0.00476	0.01295	0.00821	0.01962	0.00870	0.01220	0.00764	0.12788	0.00627	0.00195	0.00378	0.00343	0.06742	0.00485
28	0.53032	0.00893	0.00876	0.00726	0.01056	0.00939	0.00599	0.01796	0.01047	0.33114	0.01165	0.01129	0.00792	0.00509	0.00374	0.00150	0.00390	0.00352	0.00419	0.00644
29	0.00842	0.00421	0.00631	0.00631	0.00631	0.00421	0.00421	0.00631	0.00631	0.00842	0.00842	0.01473	0.00842	0.01684	0.01894	0.85901	0.00421	0.00421	0.00210	0.00210
30	0.00687	0.00511	0.00617	0.00678	0.00751	0.02674	0.00480	0.00808	0.01044	0.03152	0.14654	0.52336	0.10813	0.02879	0.00637	0.00190	0.00303	0.05908	0.00457	0.00421
31	0.00752	0.00560	0.00801	0.00784	0.00882	0.00645	0.00607	0.04848	0.00852	0.01215	0.01302	0.01928	0.01219	0.07375	0.73038	0.00731	0.01218	0.00524	0.00273	0.00446
32	0.01581	0.01208	0.01287	0.01041	0.01378	0.01354	0.00842	0.48828	0.28685	0.02645	0.01461	0.01414	0.01068	0.00607	0.00481	0.00151	0.00468	0.00475	0.04235	0.00788
33	0.86392	0.00937	0.00712	0.00637	0.00937	0.01087	0.00525	0.01425	0.00825	0.02174	0.00675	0.00787	0.00525	0.00450	0.00300	0.00150	0.00375	0.00262	0.00300	0.00525
34	0.01842	0.01357	0.01454	0.01115	0.01503	0.01503	0.00921	0.78330	0.02278	0.03054	0.01163	0.01163	0.00824	0.00582	0.00485	0.00145	0.00533	0.00436	0.00485	0.00824
35	0.01099	0.01125	0.01479	0.01271	0.01284	0.05582	0.01054	0.01206	0.00775	0.01167	0.00642	0.01051	0.00636	0.00830	0.01531	0.00208	0.77899	0.00418	0.00214	0.00532
36	0.01842	0.01357	0.01454	0.01115	0.01503	0.01503	0.00921	0.78330	0.02278	0.03054	0.01163	0.01163	0.00824	0.00582	0.00485	0.00145	0.00533	0.00436	0.00485	0.00824
37	0.00781	0.00558	0.00781	0.00892	0.01004	0.00558	0.00781	0.01004	0.01116	0.01450	0.02566	0.05466	0.02789	0.01339	0.00669	0.00223	0.00446	0.76685	0.00446	0.00446
38	0.00705	0.00470	0.00529	0.00529	0.00529	0.00470	0.00294	0.00705	0.00705	0.00940	0.01527	0.03171	0.01762	0.82969	0.02467	0.00470	0.00470	0.00705	0.00294	0.00294
39	0.02174	0.00825	0.01125	0.00862	0.01237	0.00712	0.00712	0.02362	0.01387	0.80282	0.01912	0.01649	0.01200	0.00600	0.00487	0.00150	0.00412	0.00487	0.00600	0.00825
40	0.00972	0.02507	0.80458	0.01381	0.02097	0.01125	0.01790	0.01535	0.01023	0.01535	0.00870	0.01023	0.00614	0.00460	0.00460	0.00153	0.00716	0.00358	0.00205	0.00716
41	0.01150	0.00749	0.00868	0.00760	0.00974	0.00775	0.00594	0.09029	0.20576	0.12142	0.31235	0.02411	0.02515	0.00755	0.00498	0.00148	0.00320	0.00639	0.13247	0.00616
42	0.00583	0.00491	0.00505	0.00501	0.00661	0.00413	0.00376	0.00715	0.01128	0.01365	0.11500	0.04572	0.73124	0.01206	0.00573	0.00163	0.00244	0.01010	0.00457	0.00413
43	0.01060	0.01060	0.01484	0.01272	0.01272	0.01484	0.01060	0.01166	0.00742	0.01166	0.00636	0.01060	0.00636	0.00848	0.01590	0.00212	0.82082	0.00424	0.00212	0.00530
44	0.01842	0.01357	0.01454	0.01115	0.01503	0.01503	0.00921	0.78330	0.02278	0.03054	0.01163	0.01163	0.00824	0.00582	0.00485	0.00145	0.00533	0.00436	0.00485	0.00824
45	0.00590	0.00422	0.00562	0.00675	0.00703	0.00394	0.00450	0.00675	0.00928	0.01237	0.02671	0.82653	0.03205	0.01518	0.00619	0.00197	0.00281	0.01378	0.00450	0.00394
46	0.02174	0.00825	0.01125	0.00862	0.01237	0.00712	0.00712	0.02362	0.01387	0.80282	0.01912	0.01649	0.01200	0.00600	0.00487	0.00150	0.00412	0.00487	0.00600	0.00825
47	0.01296	0.83261	0.02539	0.00829	0.01244	0.01917	0.00829	0.01451	0.00985	0.01140	0.00674	0.00777	0.00622	0.00415	0.00311	0.00104	0.00518	0.00259	0.00207	0.00622
48	0.00973	0.00807	0.00894	0.00868	0.01049	0.00898	0.00647	0.01856	0.49503	0.01728	0.02237	0.32398	0.02132	0.00983	0.00541	0.00177	0.00345	0.00862	0.00477	0.00626
49	0.00582	0.00488	0.00505	0.00507	0.00662	0.00412	0.00378	0.00710	0.01116	0.01352	0.10195	0.07819	0.71172	0.01222	0.00575	0.00164	0.00246	0.01027	0.00456	0.00412
50	0.01810	0.02310	0.01373	0.01248	0.01498	0.81024	0.00936	0.01935	0.01373	0.01186	0.00749	0.00874	0.00624	0.00499	0.00437	0.00125	0.00874	0.00312	0.00250	0.00562
51	0.01144	0.01307	0.02859	0.02042	0.02533	0.01225	0.78186	0.01552	0.01144	0.01552	0.00980	0.01307	0.00735	0.00408	0.00572	0.00163	0.00817	0.00572	0.00245	0.00654
52	0.00597	0.00422	0.00560	0.00670	0.00700	0.00395	0.00447	0.00684	0.00930	0.01249	0.02648	0.80937	0.03163	0.01498	0.00613	0.00195	0.00280	0.01358	0.02258	0.00395
53	0.00573	0.00491	0.00491	0.00491	0.00655	0.00409	0.00368	0.00695	0.01105	0.01309	0.04909	0.04664	0.79750	0.01227	0.00573	0.00164	0.00245	0.01023	0.00450	0.00409
54	0.00590	0.00422	0.00562	0.00675	0.00703	0.00394	0.00450	0.00675	0.00928	0.01237	0.02671	0.82653	0.03205	0.01518	0.00619	0.00197	0.00281	0.01378	0.00450	0.00394
55	0.02174	0.00825	0.01125	0.00862	0.01237	0.00712	0.00712	0.02362	0.01387	0.80282	0.01912	0.01649	0.01200	0.00600	0.00487	0.00150	0.00412	0.00487	0.00600	0.00825
56	0.00698	0.00498	0.00671	0.00671	0.00721	0.00547	0.00472	0.00796	0.00747	0.01045	0.01396	0.02449	0.01448	0.37740	0.47267	0.00646	0.00942	0.00599	0.00274	0.00373
57	0.86392	0.00937	0.00712	0.00637	0.00937	0.01087	0.00525	0.01425	0.00825	0.02174	0.00675	0.00787	0.00525	0.00450	0.00300	0.00150	0.00375	0.00262	0.00300	0.00525
58	0.00728	0.00602	0.00603	0.00597	0.00771	0.00501	0.00437	0.00810	0.01195	0.01448	0.04963	0.04782	0.78095	0.01307	0.00633	0.00190	0.00299	0.01056	0.00496	0.00488
59	0.00921	0.00856	0.01217	0.01086	0.01118	0.01152	0.00888	0.01052	0.00756	0.01151	0.00887	0.01379	0.00854	0.01902	0.31656	0.00426	0.51515	0.00460	0.00230	0.00493
60	0.01199	0.01151	0.01967	0.02974	0.79946	0.01151	0.01487	0.01487	0.01103	0.01583	0.00912	0.01199	0.00768	0.00432	0.00480	0.00144	0.00576	0.00432	0.00240	0.00768
61	0.01842	0.01357	0.01454	0.01115	0.01503	0.01503	0.00921	0.78330	0.02278	0.03054	0.01163	0.01163	0.00824	0.00582	0.00485	0.00145	0.00533	0.00436	0.00485	0.00824
62	0.01491	0.01204	0.01232	0.01038	0.01353	0.05397	0.00825	0.28059	0.45975	0.05571	0.01634	0.01536	0.01203	0.00621	0.00487	0.00155	0.00460	0.00496	0.00482	0.00778
63	0.01144	0.01307	0.02859	0.02042	0.02533	0.01225	0.78186	0.01552	0.01144	0.01552	0.00980	0.01307	0.00735	0.00408	0.00572	0.00163	0.00817	0.00572	0.00245	0.00654
64	0.01021	0.00808	0.02659	0.00820	0.01038	0.00792	0.00682	0.24139	0.01450	0.01884	0.04596	0.10282	0.26247	0.01064	0.00573	0.00176	0.00397	0.20368	0.00456	0.00550
65	0.01732	0.00839	0.01079	0.00808	0.01204	0.00687	0.00660	0.01930	0.01242	0.50503	0.01514	0.01406	0.01017	0.00509	0.00439	0.00120	0.00392	0.00412	0.00481	0.33027
66	0.01319	0.79611	0.02487	0.00848	0.01255	0.05484	0.00834	0.01473	0.01002	0.01142	0.00677	0.00782	0.00622	0.00418	0.00317	0.00105	0.00534	0.00262	0.00209	0.00619
67	0.01313	0.01028	0.01111	0.00894	0.01222	0.01062	0.00721	0.34921	0.14214	0.02239	0.01997	0.02014	0.16275	0.00695	0.00484	0.00140	0.00419	0.02251	0.00442	0.16559
68	0.01312	0.72751	0.02357	0.00855	0.01242	0.08526	0.00822	0.01468	0.01035	0.01180	0.04195	0.00912	0.00798	0.00447	0.00333	0.00108	0.00535	0.00291	0.00225	0.00609
69	0.01060	0.01060	0.01484	0.01272	0.01272	0.01484	0.01060	0.01166	0.00742	0.01166	0.00636	0.01060	0.00636	0.00848	0.01590	0.00212	0.82082	0.00424	0.00212	0.00530
70	0.01005	0.00861	0.01005	0.00718	0.01148	0.00646	0.00574	0.01220	0.01005	0.01579	0.00861	0.01005	0.00718	0.00359	0.00359	0.00072	0.00359	0.00287	0.00287	0.85932
71	0.00692	0.00519	0.00779	0.00779	0.00865	0.00606	0.00606	0.00865	0.00779	0.01125	0.01298	0.01904	0.01211	0.03634	0.81049	0.00779	0.01298	0.00519	0.00260	0.00433
72	0.86392	0.00937	0.00712	0.00637	0.00937	0.01087	0.00525	0.01425	0.00825	0.02174	0.00675	0.00787	0.00525	0.00450	0.00300	0.00150	0.00375	0.00262	0.00300	0.00525
73	0.00692	0.00519	0.00779	0.00779	0.00865	0.00606	0.00606	0.00865	0.00779	0.01125	0.01298	0.01904	0.01211	0.03634	0.81049	0.00779	0.01298	0.00519	0.00260	0.00433
74	0.01414	0.00911	0.01088	0.00965	0.01230	0.00956	0.00807	0.24266	0.12418	0.16744	0.01947	0.02973	0.01729	0.00882	0.00556	0.00178	0.00457	0.29312	0.00493	0.00673
75	0.01810	0.02310	0.01373	0.01248	0.01498	0.81024	0.00936	0.01935	0.01373	0.01186	0.00749	0.00874	0.00624	0.00499	0.00437	0.00125	0.00874	0.00312	0.00250	0.00562
