[name]
unknown

[dist]
# distance from previous block
# <min> <max>
4	50

[block]
# block no. 0 follows, 48 sequences, length 40
# corresponding to MSA columns:
# 61-100
name=unknown_A
#
# <colnr> <probs for GDERKNQSTAVLIFYWHMCP>
#	G	D	E	R	K	N	Q	S	T	A	V	L	I	F	Y	W	H	M	C	P
0	0.00639	0.00457	0.00610	0.00721	0.00760	0.00428	0.00493	0.00743	0.01015	0.01358	0.06618	0.74298	0.03446	0.01571	0.00655	0.00207	0.00303	0.04775	0.00481	0.00423
1	0.01352	0.01320	0.02731	0.01661	0.21755	0.13405	0.09020	0.04667	0.02789	0.05160	0.01054	0.03154	0.00867	0.00488	0.00473	0.00128	0.00591	0.00431	0.00311	0.28641
2	0.01211	0.37632	0.21001	0.01110	0.01577	0.01436	0.08320	0.01515	0.01140	0.05405	0.10747	0.04397	0.01329	0.00581	0.00451	0.00141	0.00576	0.00471	0.00297	0.00666
3	0.00977	0.00583	0.00749	0.00674	0.00849	0.00523	0.00517	0.01196	0.01418	0.14989	0.55822	0.03627	0.14047	0.01012	0.00590	0.00163	0.00277	0.00879	0.00565	0.00543
4	0.01270	0.01219	0.02083	0.03149	0.78767	0.01219	0.01575	0.01575	0.01168	0.01676	0.00965	0.01270	0.00813	0.00457	0.00508	0.00152	0.00610	0.00457	0.00254	0.00813
5	0.01082	0.01096	0.02073	0.38657	0.15475	0.01172	0.26130	0.01436	0.01108	0.01480	0.01048	0.04977	0.00858	0.00527	0.00549	0.00170	0.00714	0.00550	0.00254	0.00643
6	0.01232	0.43079	0.37853	0.01161	0.01741	0.04194	0.01349	0.01594	0.01075	0.01401	0.00811	0.00946	0.00655	0.00464	0.00406	0.00135	0.00657	0.00324	0.00220	0.00702
7	0.00622	0.00481	0.00568	0.00629	0.00724	0.00427	0.00440	0.00736	0.01083	0.01377	0.07365	0.45603	0.35209	0.01451	0.00632	0.00191	0.00279	0.01275	0.00481	0.00427
8	0.00847	0.00757	0.01259	0.37604	0.02201	0.00840	0.08204	0.01087	0.01031	0.01349	0.03837	0.28357	0.04477	0.05033	0.00681	0.00200	0.00537	0.00853	0.00336	0.00511
9	0.00989	0.00917	0.01229	0.32668	0.02056	0.08101	0.05599	0.01253	0.02615	0.02947	0.14879	0.07946	0.07211	0.08525	0.00747	0.00200	0.00556	0.00682	0.00348	0.00530
10	0.74285	0.00998	0.00810	0.00719	0.01037	0.01148	0.00588	0.01663	0.08251	0.05285	0.00897	0.00972	0.00680	0.00504	0.00345	0.00160	0.00399	0.00316	0.00349	0.00593
11	0.00687	0.00608	0.00787	0.00715	0.00912	0.00531	0.07738	0.00852	0.01163	0.01413	0.04487	0.04630	0.62437	0.03401	0.00669	0.00187	0.00343	0.07529	0.00451	0.00458
12	0.00785	0.00547	0.00650	0.00610	0.00773	0.00481	0.00463	0.00976	0.01332	0.07182	0.41607	0.04162	0.36288	0.01128	0.00599	0.00166	0.00263	0.00966	0.00532	0.00490
13	0.01038	0.02590	0.75448	0.01498	0.02244	0.01197	0.05692	0.01626	0.01090	0.01626	0.00927	0.01099	0.00656	0.00485	0.00493	0.00163	0.00764	0.00391	0.00219	0.00755
14	0.00956	0.00478	0.00478	0.00478	0.00598	0.00478	0.00359	0.01196	0.01076	0.01913	0.01674	0.01913	0.01315	0.00598	0.00359	0.00120	0.00239	0.00478	0.84816	0.00478
15	0.01478	0.01877	0.21017	0.09073	0.02145	0.16902	0.16135	0.21552	0.01526	0.01949	0.01000	0.01177	0.00739	0.00521	0.00515	0.00157	0.00754	0.00443	0.00314	0.00725
16	0.01248	0.01187	0.02019	0.03038	0.74834	0.01187	0.01537	0.01549	0.01169	0.01669	0.01054	0.01499	0.00921	0.00506	0.00518	0.00157	0.00603	0.04246	0.00265	0.00796
17	0.00969	0.00912	0.01539	0.80734	0.03534	0.01140	0.01425	0.01311	0.01026	0.01311	0.00912	0.01368	0.00684	0.00513	0.00513	0.00171	0.00684	0.00456	0.00228	0.00570
18	0.59335	0.00833	0.00669	0.00614	0.00870	0.00942	0.00495	0.01411	0.00936	0.02181	0.01012	0.01168	0.00791	0.00514	0.00330	0.00147	0.00348	0.00340	0.26532	0.00532
19	0.00625	0.00447	0.00595	0.00714	0.00744	0.00417	0.00476	0.00714	0.00982	0.01310	0.02828	0.81633	0.03394	0.01608	0.00655	0.00208	0.00298	0.01459	0.00476	0.00417
20	0.00758	0.00552	0.00691	0.00746	0.00857	0.00527	0.00564	0.00992	0.06030	0.03370	0.11432	0.35633	0.17294	0.01367	0.00640	0.00199	0.00332	0.17049	0.00492	0.00475
21	0.01212	0.01337	0.02245	0.01720	0.02018	0.08842	0.39812	0.01496	0.01070	0.01442	0.00928	0.01309	0.00775	0.00862	0.07306	0.00238	0.25990	0.00526	0.00250	0.00623
22	0.01485	0.01032	0.01090	0.00899	0.01184	0.01131	0.00722	0.38283	0.12503	0.02588	0.01517	0.01582	0.01135	0.00620	0.00457	0.00144	0.00421	0.00485	0.32006	0.00717
23	0.05535	0.00973	0.01117	0.00947	0.01262	0.01023	0.00753	0.05201	0.37585	0.28420	0.09772	0.01977	0.01727	0.00698	0.00519	0.00166	0.00405	0.00575	0.00555	0.00790
24	0.01192	0.01138	0.01908	0.06524	0.67791	0.01140	0.01454	0.01482	0.01162	0.01632	0.01367	0.01625	0.08236	0.00540	0.00518	0.00155	0.00580	0.00517	0.00274	0.00765
25	0.00891	0.00446	0.00668	0.00668	0.00668	0.00446	0.00446	0.00668	0.00668	0.00891	0.00891	0.01560	0.00891	0.01783	0.02005	0.85071	0.00446	0.00446	0.00223	0.00223
26	0.00625	0.00447	0.00595	0.00714	0.00744	0.00417	0.00476	0.00714	0.00982	0.01310	0.02828	0.81633	0.03394	0.01608	0.00655	0.00208	0.00298	0.01459	0.00476	0.00417
27	0.02166	0.00889	0.01180	0.00913	0.01292	0.00795	0.00751	0.07717	0.01535	0.68289	0.07339	0.01856	0.01493	0.00663	0.00522	0.00159	0.00432	0.00541	0.00621	0.00846
28	0.01029	0.02654	0.79309	0.01462	0.02221	0.01192	0.01896	0.01625	0.01083	0.01625	0.00921	0.01083	0.00650	0.00487	0.00487	0.00162	0.00758	0.00379	0.00217	0.00758
29	0.00715	0.00511	0.00699	0.00818	0.00887	0.00495	0.00633	0.00871	0.01071	0.01411	0.02778	0.47664	0.03196	0.01522	0.00679	0.00221	0.00376	0.34536	0.00475	0.00442
30	0.01590	0.01753	0.01494	0.01436	0.08838	0.38637	0.01041	0.09613	0.01328	0.01539	0.00878	0.01103	0.00741	0.00633	0.00788	0.00160	0.21916	0.00397	0.05486	0.00629
31	0.01219	0.01185	0.01606	0.01353	0.01411	0.03039	0.03149	0.08507	0.00965	0.01437	0.00739	0.01136	0.00695	0.00852	0.01520	0.00215	0.69673	0.00452	0.00254	0.00595
32	0.85592	0.00992	0.00754	0.00675	0.00992	0.01151	0.00556	0.01508	0.00873	0.02302	0.00714	0.00834	0.00556	0.00476	0.00318	0.00159	0.00397	0.00278	0.00318	0.00556
33	0.00625	0.00447	0.00595	0.00714	0.00744	0.00417	0.00476	0.00714	0.00982	0.01310	0.02828	0.81633	0.03394	0.01608	0.00655	0.00208	0.00298	0.01459	0.00476	0.00417
34	0.05251	0.09013	0.01472	0.01044	0.01426	0.04557	0.00866	0.39617	0.08816	0.14147	0.02813	0.01357	0.01031	0.00597	0.00480	0.00148	0.00518	0.00452	0.01789	0.04607
35	0.01333	0.50616	0.22117	0.01114	0.01635	0.01742	0.04575	0.08780	0.01191	0.01527	0.00830	0.00954	0.00682	0.00468	0.00400	0.00130	0.00618	0.00334	0.00249	0.00706
36	0.09034	0.00851	0.04460	0.00848	0.01086	0.00809	0.04203	0.01521	0.19509	0.03992	0.38147	0.02884	0.08882	0.00865	0.00550	0.00166	0.00355	0.00745	0.00496	0.00597
37	0.01328	0.13285	0.09947	0.01274	0.05170	0.07946	0.08975	0.09164	0.13396	0.03886	0.08536	0.01500	0.01266	0.00598	0.00562	0.00151	0.05572	0.00482	0.00356	0.06605
38	0.00759	0.00598	0.00775	0.04442	0.08303	0.00561	0.00586	0.00961	0.01241	0.01684	0.29744	0.08939	0.30295	0.01057	0.00575	0.00165	0.00307	0.00915	0.07599	0.00496
39	0.01343	0.43056	0.22169	0.01139	0.03649	0.09117	0.01154	0.04949	0.01162	0.02919	0.00925	0.04592	0.00805	0.00525	0.00414	0.00134	0.00628	0.00378	0.00257	0.00685

[dist]
# distance from previous block
# <min> <max>
4	15

[block]
# block no. 1 follows, 48 sequences, length 6
# corresponding to MSA columns:
# 116-121
name=unknown_B
#
# <colnr> <probs for GDERKNQSTAVLIFYWHMCP>
#	G	D	E	R	K	N	Q	S	T	A	V	L	I	F	Y	W	H	M	C	P
0	0.07588	0.11199	0.12451	0.01009	0.01419	0.04703	0.00933	0.15056	0.12221	0.14622	0.01688	0.01651	0.08458	0.00633	0.00476	0.00151	0.00513	0.00487	0.00419	0.04323
1	0.00929	0.00935	0.11949	0.00799	0.00970	0.00750	0.00654	0.08394	0.06506	0.01415	0.01633	0.10446	0.01725	0.48704	0.01762	0.00365	0.00515	0.00725	0.00348	0.00476
2	0.11995	0.01408	0.11816	0.01492	0.12001	0.03123	0.10473	0.20385	0.08850	0.05648	0.01185	0.01325	0.00894	0.00776	0.06190	0.00208	0.00658	0.00462	0.00367	0.00745
3	0.01273	0.10008	0.17362	0.01184	0.05232	0.17133	0.03461	0.01665	0.08596	0.03660	0.01544	0.01644	0.08604	0.00625	0.00517	0.00149	0.03842	0.00479	0.12380	0.00643
4	0.01065	0.00772	0.01161	0.01132	0.08837	0.00743	0.10157	0.03025	0.04922	0.09005	0.17095	0.09505	0.09671	0.00881	0.00556	0.00167	0.00414	0.06931	0.13369	0.00591
5	0.01083	0.00934	0.01544	0.01266	0.01437	0.01034	0.19560	0.01269	0.00989	0.06978	0.01438	0.09092	0.01440	0.16957	0.01331	0.00261	0.24440	0.08073	0.00326	0.00545

[dist]
# distance from previous block
# <min> <max>
0	1

[block]
# block no. 2 follows, 48 sequences, length 482
# corresponding to MSA columns:
# 123-185,187-605
name=unknown_C
#
# <colnr> <probs for GDERKNQSTAVLIFYWHMCP>
#	G	D	E	R	K	N	Q	S	T	A	V	L	I	F	Y	W	H	M	C	P
0	0.08203	0.14207	0.40025	0.01207	0.01775	0.01352	0.01356	0.12039	0.07357	0.06267	0.01070	0.01147	0.00782	0.00522	0.00457	0.00154	0.00624	0.00390	0.00314	0.00753
1	0.85592	0.00992	0.00754	0.00675	0.00992	0.01151	0.00556	0.01508	0.00873	0.02302	0.00714	0.00834	0.00556	0.00476	0.00318	0.00159	0.00397	0.00278	0.00318	0.00556
2	0.00610	0.00520	0.00524	0.00523	0.00695	0.00435	0.00392	0.00743	0.01177	0.01405	0.07236	0.04907	0.76509	0.01293	0.00606	0.00173	0.00259	0.01079	0.00479	0.00435
3	0.04294	0.11559	0.05897	0.00963	0.01374	0.01061	0.00850	0.06737	0.09604	0.49712	0.01715	0.01551	0.01144	0.00602	0.00485	0.00154	0.00473	0.00474	0.00529	0.00823
4	0.01224	0.21054	0.08771	0.00952	0.01408	0.01107	0.05321	0.01510	0.03141	0.07306	0.03076	0.02915	0.00950	0.00479	0.00417	0.00112	0.00484	0.00386	0.00314	0.39073
5	0.03396	0.10024	0.08918	0.01184	0.07074	0.05572	0.00975	0.13359	0.06422	0.33415	0.03571	0.01476	0.01121	0.00590	0.00488	0.00152	0.00531	0.00465	0.00468	0.00798
6	0.01029	0.02654	0.79309	0.01462	0.02221	0.01192	0.01896	0.01625	0.01083	0.01625	0.00921	0.01083	0.00650	0.00487	0.00487	0.00162	0.00758	0.00379	0.00217	0.00758
7	0.00739	0.00551	0.00818	0.00825	0.00916	0.00634	0.00644	0.00921	0.00845	0.01207	0.01464	0.02285	0.01402	0.05795	0.72965	0.00780	0.01295	0.05173	0.00288	0.00455
8	0.03133	0.55689	0.02296	0.00968	0.01396	0.01878	0.00902	0.24947	0.01464	0.01856	0.00874	0.00950	0.00723	0.00495	0.00386	0.00124	0.00551	0.00333	0.00312	0.00723
9	0.01560	0.41588	0.03592	0.02925	0.01470	0.21801	0.00934	0.13616	0.01378	0.01590	0.03066	0.01039	0.00826	0.00513	0.00409	0.00127	0.00640	0.00347	0.01911	0.00668
10	0.00733	0.00550	0.00825	0.00825	0.00916	0.00641	0.00641	0.00916	0.00825	0.01191	0.01374	0.02016	0.01283	0.03848	0.79934	0.00825	0.01374	0.00550	0.00275	0.00458
11	0.00752	0.05549	0.00725	0.00631	0.00697	0.00580	0.00424	0.00827	0.00926	0.01226	0.10247	0.16451	0.08723	0.42980	0.05312	0.00373	0.00461	0.02353	0.00375	0.00389
12	0.00625	0.00447	0.00595	0.00714	0.00744	0.00417	0.00476	0.00714	0.00982	0.01310	0.02828	0.81633	0.03394	0.01608	0.00655	0.00208	0.00298	0.01459	0.00476	0.00417
13	0.02292	0.00889	0.01201	0.00921	0.01318	0.00778	0.00760	0.04631	0.01496	0.76953	0.02002	0.01732	0.01259	0.00635	0.00516	0.00159	0.00440	0.00514	0.00632	0.00873
14	0.01251	0.01200	0.02049	0.07942	0.74120	0.01214	0.01565	0.01558	0.01160	0.01654	0.00962	0.01276	0.00805	0.00461	0.00508	0.00154	0.00614	0.00457	0.00252	0.00798
15	0.07090	0.01384	0.01462	0.01130	0.01527	0.01534	0.00933	0.70327	0.02281	0.03140	0.01212	0.01226	0.00865	0.00607	0.00497	0.00153	0.00545	0.00451	0.02793	0.00842
16	0.00733	0.00550	0.00825	0.00825	0.00916	0.00641	0.00641	0.00916	0.00825	0.01191	0.01374	0.02016	0.01283	0.03848	0.79934	0.00825	0.01374	0.00550	0.00275	0.00458
17	0.00742	0.00515	0.00647	0.00647	0.00677	0.00545	0.00420	0.00802	0.00772	0.01059	0.01537	0.02917	0.01674	0.56283	0.28034	0.00605	0.00786	0.00682	0.00299	0.00359
18	0.01269	0.67033	0.02336	0.00874	0.01240	0.03356	0.00828	0.01421	0.01036	0.01224	0.01020	0.12526	0.01055	0.00620	0.00409	0.00127	0.02298	0.00451	0.00258	0.00620
19	0.00720	0.00520	0.00680	0.00650	0.00765	0.00480	0.00484	0.00953	0.01423	0.02011	0.73822	0.08638	0.04752	0.01083	0.00608	0.00164	0.00246	0.00961	0.00559	0.00480
20	0.00985	0.00942	0.01620	0.74903	0.03444	0.01157	0.05481	0.01327	0.01031	0.01327	0.00914	0.01364	0.00689	0.00516	0.00542	0.00172	0.02315	0.00464	0.00230	0.00576
21	0.01029	0.02654	0.79309	0.01462	0.02221	0.01192	0.01896	0.01625	0.01083	0.01625	0.00921	0.01083	0.00650	0.00487	0.00487	0.00162	0.00758	0.00379	0.00217	0.00758
22	0.00733	0.00550	0.00825	0.00825	0.00916	0.00641	0.00641	0.00916	0.00825	0.01191	0.01374	0.02016	0.01283	0.03848	0.79934	0.00825	0.01374	0.00550	0.00275	0.00458
23	0.01360	0.79416	0.05441	0.00899	0.01349	0.02000	0.00915	0.01540	0.01044	0.01222	0.00721	0.00832	0.00658	0.00441	0.00335	0.00112	0.00556	0.00278	0.00219	0.00662
24	0.00969	0.00912	0.01539	0.80734	0.03534	0.01140	0.01425	0.01311	0.01026	0.01311	0.00912	0.01368	0.00684	0.00513	0.00513	0.00171	0.00684	0.00456	0.00228	0.00570
25	0.02152	0.01043	0.01283	0.00986	0.01380	0.01014	0.00814	0.26298	0.01759	0.52715	0.01761	0.01587	0.01144	0.00628	0.00511	0.00156	0.00472	0.00498	0.02937	0.00862
26	0.02273	0.00880	0.01190	0.00917	0.01311	0.00769	0.00756	0.02507	0.03670	0.76903	0.02026	0.01751	0.01279	0.00637	0.00516	0.00159	0.00436	0.00518	0.00632	0.00871
27	0.00919	0.00820	0.01169	0.01062	0.01106	0.01078	0.00856	0.01060	0.00803	0.01203	0.01051	0.01650	0.01018	0.05890	0.39276	0.00525	0.39251	0.00510	0.00252	0.00501
28	0.01339	0.00638	0.00811	0.00717	0.00876	0.00588	0.00505	0.01427	0.01058	0.31547	0.01928	0.12581	0.01825	0.40088	0.01547	0.00329	0.00449	0.00746	0.00458	0.00544
29	0.00933	0.00742	0.00864	0.00796	0.00980	0.00782	0.00608	0.01630	0.30197	0.02091	0.49743	0.03111	0.03609	0.00916	0.00574	0.00166	0.00304	0.00797	0.00549	0.00608
30	0.00969	0.00912	0.01539	0.80734	0.03534	0.01140	0.01425	0.01311	0.01026	0.01311	0.00912	0.01368	0.00684	0.00513	0.00513	0.00171	0.00684	0.00456	0.00228	0.00570
31	0.01905	0.04305	0.01486	0.01308	0.01580	0.75925	0.00988	0.04087	0.01471	0.01309	0.00803	0.00931	0.00667	0.00529	0.00461	0.00132	0.00907	0.00333	0.00270	0.00604
32	0.01075	0.00533	0.00572	0.00539	0.00688	0.00523	0.00412	0.02735	0.01158	0.08497	0.06440	0.02004	0.01521	0.00629	0.00390	0.00126	0.00262	0.00509	0.70868	0.00520
33	0.03156	0.01937	0.45039	0.01328	0.01892	0.01134	0.07871	0.05243	0.11387	0.06073	0.05730	0.04540	0.01175	0.00600	0.00514	0.00166	0.00638	0.00508	0.00330	0.00738
34	0.01951	0.01437	0.01540	0.01181	0.01591	0.01591	0.00975	0.77056	0.02412	0.03234	0.01232	0.01232	0.00873	0.00616	0.00513	0.00154	0.00565	0.00462	0.00513	0.00873
35	0.01482	0.01170	0.02974	0.00958	0.01392	0.01089	0.00796	0.34381	0.01664	0.04463	0.01096	0.01172	0.00831	0.00496	0.00444	0.00115	0.00468	0.00384	0.02009	0.42617
36	0.00726	0.00524	0.00686	0.00646	0.00767	0.00484	0.00484	0.00968	0.01452	0.02058	0.78496	0.03833	0.04841	0.01049	0.00605	0.00161	0.00242	0.00928	0.00565	0.00484
37	0.01064	0.00912	0.01064	0.00760	0.01216	0.00684	0.00608	0.01292	0.01064	0.01672	0.00912	0.01064	0.00760	0.00380	0.00380	0.00076	0.00380	0.00304	0.00304	0.85104
38	0.01079	0.01024	0.01738	0.52389	0.31019	0.01169	0.01480	0.01407	0.01078	0.01444	0.00931	0.01332	0.00731	0.00493	0.00511	0.00164	0.00657	0.00456	0.00237	0.00659
39	0.00746	0.00497	0.00560	0.00560	0.00560	0.00497	0.00311	0.00746	0.00746	0.00995	0.01617	0.03358	0.01865	0.81967	0.02612	0.00497	0.00497	0.00746	0.00311	0.00311
40	0.00625	0.00447	0.00595	0.00714	0.00744	0.00417	0.00476	0.00714	0.00982	0.01310	0.02828	0.81633	0.03394	0.01608	0.00655	0.00208	0.00298	0.01459	0.00476	0.00417
41	0.01103	0.01095	0.01489	0.01289	0.01302	0.03315	0.01064	0.01219	0.00804	0.01227	0.00751	0.01236	0.00747	0.02890	0.07752	0.00275	0.71202	0.00461	0.00231	0.00549
42	0.00689	0.00490	0.00620	0.00691	0.00739	0.00473	0.00477	0.00781	0.00952	0.01253	0.02604	0.40003	0.08850	0.24162	0.04460	0.00316	0.00418	0.11201	0.00421	0.00398
43	0.00733	0.00550	0.00825	0.00825	0.00916	0.00641	0.00641	0.00916	0.00825	0.01191	0.01374	0.02016	0.01283	0.03848	0.79934	0.00825	0.01374	0.00550	0.00275	0.00458
44	0.02152	0.01066	0.01301	0.01000	0.01396	0.01046	0.00825	0.28893	0.01796	0.50782	0.01737	0.01567	0.01130	0.00628	0.00512	0.00156	0.00478	0.00496	0.02173	0.00866
45	0.01262	0.01070	0.01143	0.01036	0.01315	0.01227	0.00812	0.05804	0.68012	0.02136	0.02108	0.04009	0.01665	0.00759	0.00536	0.00178	0.00415	0.05212	0.00518	0.00784
46	0.00734	0.00547	0.00809	0.00809	0.00895	0.00633	0.00622	0.00906	0.00820	0.01180	0.01389	0.02095	0.01317	0.08474	0.75355	0.00805	0.01322	0.00561	0.00277	0.00449
47	0.00803	0.00574	0.00800	0.00918	0.01026	0.00570	0.00786	0.01022	0.01158	0.01509	0.02730	0.14670	0.03005	0.01440	0.00702	0.00233	0.00452	0.66664	0.00473	0.00466
48	0.07833	0.01125	0.01311	0.01012	0.01409	0.01142	0.00836	0.34576	0.01835	0.41163	0.01593	0.01462	0.01050	0.00616	0.00501	0.00157	0.00489	0.00476	0.00561	0.00851
49	0.01093	0.01016	0.01700	0.26906	0.43321	0.01083	0.01376	0.01392	0.01132	0.01561	0.05593	0.05404	0.01233	0.00611	0.00532	0.00166	0.00590	0.04324	0.00285	0.00683
50	0.01029	0.02654	0.79309	0.01462	0.02221	0.01192	0.01896	0.01625	0.01083	0.01625	0.00921	0.01083	0.00650	0.00487	0.00487	0.00162	0.00758	0.00379	0.00217	0.00758
51	0.01270	0.01219	0.02083	0.03149	0.78767	0.01219	0.01575	0.01575	0.01168	0.01676	0.00965	0.01270	0.00813	0.00457	0.00508	0.00152	0.00610	0.00457	0.00254	0.00813
52	0.01127	0.01073	0.01824	0.40103	0.42934	0.01181	0.01503	0.01449	0.01101	0.01502	0.00940	0.01317	0.00751	0.00484	0.00510	0.00161	0.00645	0.00457	0.00242	0.00697
53	0.00976	0.00919	0.01551	0.79038	0.05178	0.01142	0.01428	0.01317	0.01029	0.01319	0.00913	0.01366	0.00687	0.00512	0.00513	0.00171	0.00682	0.00456	0.00229	0.00575
54	0.00625	0.00447	0.00595	0.00714	0.00744	0.00417	0.00476	0.00714	0.00982	0.01310	0.02828	0.81633	0.03394	0.01608	0.00655	0.00208	0.00298	0.01459	0.00476	0.00417
55	0.01372	0.82276	0.02689	0.00878	0.01317	0.02030	0.00878	0.01536	0.01043	0.01207	0.00713	0.00823	0.00658	0.00439	0.00329	0.00110	0.00549	0.00274	0.00219	0.00658
56	0.01936	0.01879	0.01502	0.01242	0.01589	0.35899	0.00982	0.44197	0.01993	0.02367	0.01040	0.01098	0.00780	0.00578	0.00491	0.00144	0.00723	0.00404	0.00404	0.00751
57	0.01069	0.00869	0.01004	0.00992	0.01205	0.00962	0.00812	0.01966	0.43039	0.01867	0.02413	0.03659	0.03397	0.01022	0.00605	0.00201	0.00433	0.33327	0.00500	0.00657
58	0.01314	0.01115	0.01175	0.01042	0.01339	0.01281	0.00815	0.08614	0.69954	0.02215	0.02096	0.01933	0.03381	0.00704	0.00523	0.00172	0.00415	0.00583	0.00520	0.00808
59	0.01372	0.82276	0.02689	0.00878	0.01317	0.02030	0.00878	0.01536	0.01043	0.01207	0.00713	0.00823	0.00658	0.00439	0.00329	0.00110	0.00549	0.00274	0.00219	0.00658
60	0.01445	0.01371	0.02184	0.15067	0.02390	0.05403	0.34132	0.26111	0.01575	0.02077	0.01060	0.01303	0.00785	0.00520	0.00573	0.00165	0.02264	0.00517	0.00336	0.00723
61	0.02066	0.01252	0.01425	0.01093	0.01499	0.01316	0.00903	0.52543	0.02102	0.28185	0.01492	0.01401	0.01003	0.00622	0.00514	0.00156	0.00523	0.00480	0.00553	0.00873
62	0.01459	0.01722	0.01152	0.01057	0.01272	0.50016	0.00793	0.01624	0.01431	0.01504	0.24180	0.02108	0.08121	0.00745	0.00516	0.00144	0.00670	0.00568	0.00370	0.00549
63	0.00663	0.00476	0.00629	0.00689	0.00753	0.00442	0.00479	0.00810	0.01159	0.01591	0.31302	0.52356	0.03938	0.01397	0.00636	0.00191	0.00277	0.01259	0.00510	0.00442
64	0.01731	0.01820	0.01443	0.01237	0.01499	0.39510	0.00970	0.24116	0.02977	0.01904	0.05729	0.01240	0.00999	0.00641	0.00657	0.00154	0.11917	0.00427	0.00356	0.00669
65	0.03679	0.18939	0.33764	0.01190	0.01728	0.01434	0.01291	0.14174	0.13262	0.04116	0.01136	0.01194	0.00846	0.00535	0.00460	0.00152	0.00608	0.00403	0.00328	0.00762
66	0.01229	0.01055	0.01114	0.00945	0.03438	0.07200	0.00719	0.15626	0.09268	0.02059	0.19409	0.01976	0.04844	0.00663	0.00491	0.00131	0.00431	0.00545	0.00429	0.28429
67	0.26527	0.01743	0.01328	0.01312	0.09862	0.37196	0.00925	0.12248	0.01385	0.01885	0.00850	0.00979	0.00676	0.00518	0.00432	0.00145	0.00685	0.00347	0.00313	0.00646
68	0.01143	0.01196	0.02034	0.01604	0.01776	0.01461	0.26028	0.01362	0.00926	0.01368	0.00809	0.01228	0.00721	0.00809	0.03040	0.00221	0.52931	0.00503	0.00237	0.00602
69	0.01099	0.00616	0.00824	0.00793	0.00956	0.00577	0.00634	0.01296	0.01269	0.18366	0.25737	0.06192	0.03053	0.10759	0.00861	0.00227	0.00392	0.25289	0.00517	0.00542
70	0.01112	0.01058	0.01798	0.43824	0.39326	0.01178	0.01496	0.01436	0.01094	0.01485	0.00937	0.01321	0.00745	0.00486	0.00511	0.00162	0.00649	0.00457	0.00240	0.00685
71	0.01364	0.80553	0.04347	0.00891	0.01337	0.02012	0.00900	0.01538	0.01043	0.01216	0.00718	0.00829	0.00658	0.00440	0.00333	0.00111	0.00553	0.00277	0.00219	0.00661
72	0.00688	0.00478	0.00602	0.00676	0.00702	0.00462	0.00444	0.00756	0.00911	0.01211	0.02363	0.45683	0.02781	0.31831	0.01396	0.00320	0.00388	0.07515	0.00414	0.00382
73	0.06871	0.01072	0.01263	0.00993	0.01376	0.01086	0.00814	0.24054	0.11423	0.42933	0.01728	0.01566	0.01152	0.00628	0.00505	0.00159	0.00467	0.00495	0.00567	0.00847
74	0.01219	0.46656	0.36966	0.01139	0.01721	0.01655	0.01333	0.01576	0.01061	0.01394	0.00806	0.00940	0.00655	0.00461	0.00400	0.00133	0.00642	0.00321	0.00218	0.00703
75	0.00624	0.00451	0.00591	0.00703	0.00741	0.00418	0.00471	0.00716	0.00993	0.01314	0.02965	0.77212	0.07726	0.01590	0.00652	0.00206	0.00296	0.01437	0.00476	0.00418
76	0.00641	0.00458	0.00612	0.00727	0.00765	0.00429	0.00498	0.00743	0.01008	0.01345	0.05002	0.74705	0.03408	0.01580	0.00657	0.00209	0.00307	0.06005	0.00479	0.00422
77	0.01818	0.01002	0.01188	0.00951	0.01300	0.01004	0.00772	0.21602	0.13003	0.36726	0.06518	0.02041	0.08266	0.00722	0.00529	0.00161	0.00438	0.00585	0.00569	0.00803
78	0.01102	0.00948	0.00994	0.00908	0.01166	0.01055	0.00703	0.02206	0.57595	0.01959	0.04394	0.02691	0.20409	0.00850	0.00544	0.00174	0.00367	0.00710	0.00512	0.00713
79	0.00625	0.00447	0.00595	0.00714	0.00744	0.00417	0.00476	0.00714	0.00982	0.01310	0.02828	0.81633	0.03394	0.01608	0.00655	0.00208	0.00298	0.01459	0.00476	0.00417
80	0.00983	0.00926	0.01565	0.77077	0.07080	0.01144	0.01432	0.01323	0.01033	0.01328	0.00914	0.01363	0.00690	0.00510	0.00513	0.00170	0.00680	0.00456	0.00229	0.00581
81	0.01625	0.01130	0.01212	0.01042	0.01357	0.05986	0.00838	0.14746	0.34040	0.20663	0.01919	0.02119	0.01475	0.00736	0.00536	0.00171	0.00479	0.08613	0.00526	0.00787
82	0.01089	0.04257	0.66506	0.01386	0.02066	0.01141	0.03342	0.01617	0.01101	0.06052	0.01100	0.06097	0.00858	0.00563	0.00498	0.00164	0.00709	0.00456	0.00258	0.00740
83	0.00914	0.00817	0.01179	0.03362	0.01184	0.01072	0.00879	0.01070	0.00813	0.01214	0.01047	0.01597	0.00993	0.02432	0.42631	0.00537	0.36997	0.00502	0.00251	0.00508
84	0.38375	0.01243	0.01198	0.00960	0.01330	0.01400	0.00793	0.44156	0.01742	0.02828	0.01007	0.01058	0.00735	0.00555	0.00428	0.00156	0.00492	0.00382	0.00428	0.00735
85	0.01149	0.03371	0.03989	0.19341	0.27151	0.01264	0.20558	0.01467	0.01089	0.01508	0.00981	0.03601	0.00825	0.00552	0.00681	0.00171	0.10853	0.00516	0.00251	0.00681
86	0.23939	0.02790	0.01574	0.12554	0.05990	0.05848	0.12028	0.22228	0.01421	0.02175	0.00967	0.01154	0.00732	0.00526	0.00491	0.00159	0.02375	0.00422	0.01946	0.00681
87	0.01204	0.01102	0.01720	0.40125	0.22633	0.02701	0.05414	0.12182	0.01277	0.01697	0.01056	0.04670	0.00862	0.00555	0.00522	0.00165	0.00646	0.00505	0.00288	0.00677
88	0.00625	0.00447	0.00595	0.00714	0.00744	0.00417	0.00476	0.00714	0.00982	0.01310	0.02828	0.81633	0.03394	0.01608	0.00655	0.00208	0.00298	0.01459	0.00476	0.00417
89	0.01372	0.82276	0.02689	0.00878	0.01317	0.02030	0.00878	0.01536	0.01043	0.01207	0.00713	0.00823	0.00658	0.00439	0.00329	0.00110	0.00549	0.00274	0.00219	0.00658
90	0.85592	0.00992	0.00754	0.00675	0.00992	0.01151	0.00556	0.01508	0.00873	0.02302	0.00714	0.00834	0.00556	0.00476	0.00318	0.00159	0.00397	0.00278	0.00318	0.00556
91	0.00733	0.00550	0.00825	0.00825	0.00916	0.00641	0.00641	0.00916	0.00825	0.01191	0.01374	0.02016	0.01283	0.03848	0.79934	0.00825	0.01374	0.00550	0.00275	0.00458
92	0.46666	0.00756	0.00627	0.00584	0.00811	0.00842	0.00465	0.01364	0.00967	0.02123	0.01156	0.01330	0.00905	0.00532	0.00336	0.00141	0.00324	0.00370	0.39181	0.00520
93	0.00657	0.00505	0.00609	0.00678	0.00785	0.00458	0.00508	0.00792	0.01100	0.01386	0.03800	0.34709	0.34812	0.01441	0.00645	0.00199	0.00316	0.15691	0.00476	0.00434
94	0.00741	0.00544	0.00816	0.00816	0.00903	0.00631	0.00631	0.00903	0.00816	0.01176	0.01349	0.01992	0.01262	0.03741	0.75878	0.05210	0.01326	0.00544	0.00272	0.00446
95	0.00625	0.00447	0.00595	0.00714	0.00744	0.00417	0.00476	0.00714	0.00982	0.01310	0.02828	0.81633	0.03394	0.01608	0.00655	0.00208	0.00298	0.01459	0.00476	0.00417
96	0.00733	0.00550	0.00825	0.00825	0.00916	0.00641	0.00641	0.00916	0.00825	0.01191	0.01374	0.02016	0.01283	0.03848	0.79934	0.00825	0.01374	0.00550	0.00275	0.00458
97	0.85592	0.00992	0.00754	0.00675	0.00992	0.01151	0.00556	0.01508	0.00873	0.02302	0.00714	0.00834	0.00556	0.00476	0.00318	0.00159	0.00397	0.00278	0.00318	0.00556
98	0.00726	0.00524	0.00686	0.00646	0.00767	0.00484	0.00484	0.00968	0.01452	0.02058	0.78496	0.03833	0.04841	0.01049	0.00605	0.00161	0.00242	0.00928	0.00565	0.00484
99	0.00669	0.00522	0.00606	0.00585	0.00731	0.00460	0.00439	0.00857	0.01317	0.01736	0.43378	0.04362	0.40160	0.01169	0.00606	0.00167	0.00251	0.01002	0.00523	0.00460
100	0.00625	0.00447	0.00595	0.00714	0.00744	0.00417	0.00476	0.00714	0.00982	0.01310	0.02828	0.81633	0.03394	0.01608	0.00655	0.00208	0.00298	0.01459	0.00476	0.00417
101	0.01270	0.01219	0.02083	0.03149	0.78767	0.01219	0.01575	0.01575	0.01168	0.01676	0.00965	0.01270	0.00813	0.00457	0.00508	0.00152	0.00610	0.00457	0.00254	0.00813
102	0.01820	0.01073	0.01611	0.01916	0.35266	0.01030	0.01133	0.08479	0.01418	0.38697	0.01492	0.01494	0.01036	0.00556	0.00512	0.00156	0.00523	0.00486	0.00458	0.00847
103	0.00630	0.00450	0.00600	0.00711	0.00745	0.00420	0.00477	0.00727	0.01005	0.01346	0.06523	0.77834	0.03464	0.01580	0.00652	0.00206	0.00295	0.01433	0.00481	0.00420
104	0.01636	0.40410	0.03932	0.01114	0.01474	0.40965	0.00959	0.01795	0.01249	0.01242	0.00758	0.00881	0.00659	0.00485	0.00400	0.00122	0.00742	0.00305	0.00242	0.00629
105	0.00625	0.00447	0.00595	0.00714	0.00744	0.00417	0.00476	0.00714	0.00982	0.01310	0.02828	0.81633	0.03394	0.01608	0.00655	0.00208	0.00298	0.01459	0.00476	0.00417
106	0.01715	0.02031	0.01419	0.01365	0.06290	0.55212	0.00982	0.02191	0.20705	0.01506	0.01130	0.01196	0.00899	0.00567	0.00480	0.00144	0.00775	0.00401	0.00329	0.00663
107	0.01234	0.17189	0.10904	0.01926	0.15886	0.01402	0.34954	0.03600	0.01180	0.01591	0.01068	0.01316	0.02990	0.00482	0.00538	0.00156	0.02118	0.00497	0.00259	0.00709
108	0.01431	0.00700	0.00920	0.00823	0.01068	0.00632	0.00668	0.03116	0.01340	0.35311	0.10874	0.10482	0.13051	0.01022	0.00591	0.00182	0.00388	0.16200	0.00555	0.00645
109	0.02302	0.00873	0.01191	0.00913	0.01310	0.00754	0.00754	0.02501	0.01469	0.79122	0.02024	0.01746	0.01270	0.00635	0.00516	0.00159	0.00437	0.00516	0.00635	0.00873
110	0.00866	0.01326	0.26773	0.01068	0.01445	0.00817	0.08896	0.01224	0.01248	0.01751	0.31913	0.02786	0.14334	0.00836	0.00590	0.00166	0.02245	0.00727	0.00398	0.00590
111	0.01154	0.01333	0.06247	0.18989	0.07542	0.01254	0.52577	0.01567	0.01163	0.01574	0.01001	0.01359	0.00754	0.00454	0.00574	0.00171	0.00806	0.00554	0.00250	0.00677
112	0.00750	0.00553	0.00719	0.00755	0.00883	0.00522	0.00617	0.00970	0.01286	0.01715	0.32941	0.04874	0.16601	0.01252	0.00651	0.00196	0.00346	0.33390	0.00509	0.00470
113	0.00688	0.00473	0.00577	0.00634	0.00649	0.00458	0.00391	0.00731	0.00860	0.01147	0.02202	0.41171	0.02604	0.43147	0.01666	0.00358	0.00401	0.01090	0.00391	0.00362
114	0.00692	0.00521	0.00640	0.00615	0.00747	0.00469	0.00460	0.00899	0.01363	0.01858	0.56911	0.06840	0.23837	0.01133	0.00607	0.00166	0.00249	0.00987	0.00539	0.00469
115	0.01185	0.06037	0.32016	0.01569	0.02067	0.02869	0.22787	0.02868	0.05304	0.03136	0.00990	0.01219	0.00757	0.00556	0.00717	0.00173	0.14320	0.00464	0.00261	0.00705
116	0.02229	0.00990	0.01263	0.00968	0.01368	0.00928	0.00800	0.17977	0.01665	0.63369	0.01860	0.01640	0.01188	0.00631	0.00515	0.00158	0.00463	0.00505	0.00610	0.00873
117	0.00623	0.00520	0.00542	0.00537	0.00703	0.00440	0.00403	0.00768	0.01208	0.01476	0.15043	0.04790	0.68657	0.01266	0.00606	0.00172	0.00258	0.01062	0.00488	0.00440
118	0.01378	0.01424	0.01472	0.45908	0.02652	0.27110	0.01212	0.01694	0.04757	0.06138	0.00996	0.01271	0.00754	0.00534	0.00497	0.00158	0.00735	0.00424	0.00279	0.00608
119	0.01313	0.00627	0.00848	0.00807	0.00990	0.00562	0.00608	0.01454	0.01189	0.32719	0.02498	0.45249	0.02513	0.01205	0.00602	0.00190	0.00363	0.05120	0.00540	0.00604
120	0.01148	0.01317	0.24903	0.01080	0.04761	0.00851	0.01034	0.03547	0.06066	0.13432	0.31695	0.02344	0.02474	0.00747	0.00539	0.00161	0.00464	0.00635	0.02132	0.00671
121	0.01064	0.00912	0.01064	0.00760	0.01216	0.00684	0.00608	0.01292	0.01064	0.01672	0.00912	0.01064	0.00760	0.00380	0.00380	0.00076	0.00380	0.00304	0.00304	0.85104
122	0.00983	0.00769	0.00943	0.00980	0.01158	0.00829	0.00822	0.01642	0.27874	0.01748	0.02498	0.04439	0.02470	0.01166	0.00644	0.00215	0.00449	0.49291	0.00490	0.00591
123	0.00631	0.00451	0.00602	0.00721	0.00753	0.00422	0.00486	0.00724	0.00988	0.01316	0.02825	0.79523	0.03381	0.01602	0.00656	0.00209	0.00303	0.03512	0.00476	0.00418
124	0.00891	0.00446	0.00668	0.00668	0.00668	0.00446	0.00446	0.00668	0.00668	0.00891	0.00891	0.01560	0.00891	0.01783	0.02005	0.85071	0.00446	0.00446	0.00223	0.00223
125	0.13951	0.01241	0.01316	0.01030	0.01407	0.01351	0.00848	0.51889	0.01987	0.12818	0.01287	0.01283	0.00906	0.00597	0.00476	0.00153	0.00504	0.00443	0.05708	0.00803
126	0.02219	0.01006	0.01273	0.00976	0.01376	0.00951	0.00806	0.20050	0.01691	0.61258	0.01838	0.01625	0.01177	0.00631	0.00515	0.00158	0.00467	0.00503	0.00606	0.00873
127	0.00793	0.00511	0.00766	0.00766	0.00823	0.00568	0.00568	0.00823	0.00766	0.01078	0.01193	0.01844	0.01135	0.03071	0.50609	0.32527	0.01025	0.00511	0.00255	0.00370
128	0.00653	0.00473	0.00617	0.00684	0.00748	0.00437	0.00474	0.00789	0.01128	0.01530	0.24809	0.55035	0.07857	0.01430	0.00638	0.00193	0.00280	0.01285	0.00502	0.00437
129	0.01029	0.02654	0.79309	0.01462	0.02221	0.01192	0.01896	0.01625	0.01083	0.01625	0.00921	0.01083	0.00650	0.00487	0.00487	0.00162	0.00758	0.00379	0.00217	0.00758
130	0.00625	0.00447	0.00595	0.00714	0.00744	0.00417	0.00476	0.00714	0.00982	0.01310	0.02828	0.81633	0.03394	0.01608	0.00655	0.00208	0.00298	0.01459	0.00476	0.00417
131	0.02082	0.01037	0.01264	0.00977	0.01364	0.01010	0.00804	0.26904	0.01760	0.49370	0.01960	0.01774	0.05913	0.00670	0.00521	0.00158	0.00468	0.00533	0.00585	0.00846
132	0.01082	0.00923	0.01074	0.00769	0.01224	0.00702	0.00615	0.02826	0.01091	0.01704	0.00918	0.01067	0.00762	0.00385	0.00383	0.00078	0.00384	0.00307	0.00308	0.83399
133	0.00625	0.00447	0.00595	0.00714	0.00744	0.00417	0.00476	0.00714	0.00982	0.01310	0.02828	0.81633	0.03394	0.01608	0.00655	0.00208	0.00298	0.01459	0.00476	0.00417
134	0.00654	0.00517	0.00589	0.00581	0.00725	0.00452	0.00432	0.00825	0.01268	0.01641	0.33433	0.09247	0.45372	0.01222	0.00609	0.00171	0.00255	0.01046	0.00511	0.00452
135	0.01200	0.01159	0.05603	0.01109	0.03403	0.10461	0.00911	0.09695	0.20689	0.01846	0.04026	0.07786	0.01991	0.00965	0.00587	0.00189	0.00524	0.26772	0.00446	0.00638
136	0.05698	0.28642	0.45577	0.01222	0.01809	0.01486	0.01446	0.01568	0.01042	0.01502	0.00828	0.00987	0.00649	0.00494	0.00493	0.00148	0.05138	0.00343	0.00223	0.00704
137	0.01270	0.01219	0.02083	0.03149	0.78767	0.01219	0.01575	0.01575	0.01168	0.01676	0.00965	0.01270	0.00813	0.00457	0.00508	0.00152	0.00610	0.00457	0.00254	0.00813
138	0.03563	0.08210	0.18206	0.16674	0.26058	0.03063	0.02716	0.01679	0.03337	0.10132	0.01064	0.01265	0.00802	0.00501	0.00486	0.00156	0.00631	0.00430	0.00290	0.00736
139	0.01082	0.01069	0.06372	0.02204	0.44789	0.00977	0.01302	0.01377	0.01168	0.01616	0.01687	0.02936	0.03610	0.00817	0.00580	0.00183	0.00562	0.26655	0.00334	0.00680
140	0.00646	0.00467	0.00616	0.00727	0.00775	0.00436	0.00509	0.00753	0.01015	0.01339	0.02962	0.68759	0.07989	0.01568	0.00658	0.00209	0.00314	0.09358	0.00476	0.00424
141	0.00879	0.01057	0.12262	0.01182	0.01421	0.02939	0.16144	0.01117	0.01031	0.01407	0.01891	0.40948	0.02071	0.01269	0.05591	0.00232	0.06689	0.00972	0.00359	0.00539
142	0.10880	0.05883	0.01487	0.03131	0.05673	0.07715	0.00942	0.41931	0.08580	0.07010	0.01211	0.01237	0.00886	0.00581	0.00478	0.00153	0.00558	0.00434	0.00443	0.00788
143	0.00645	0.00466	0.00615	0.00726	0.00774	0.00436	0.00507	0.00752	0.01015	0.01338	0.02963	0.69012	0.07991	0.01569	0.00658	0.00209	0.00314	0.09112	0.00476	0.00424
144	0.01412	0.05626	0.07717	0.01951	0.17421	0.21422	0.26134	0.03761	0.01251	0.01544	0.00917	0.01173	0.00736	0.00503	0.00599	0.00158	0.06268	0.00459	0.00259	0.00690
145	0.00654	0.00465	0.00588	0.00667	0.00704	0.00438	0.00437	0.00734	0.00967	0.01284	0.06234	0.57166	0.07789	0.18113	0.01053	0.00264	0.00334	0.01264	0.00446	0.00399
146	0.48617	0.00990	0.00919	0.00738	0.01113	0.01002	0.00601	0.06093	0.01040	0.02123	0.00821	0.00945	0.00652	0.00449	0.00353	0.00127	0.00401	0.00299	0.00325	0.32391
147	0.45521	0.03308	0.03049	0.01106	0.06915	0.25991	0.00825	0.01704	0.02587	0.01858	0.00788	0.00928	0.00635	0.00505	0.00418	0.00151	0.02497	0.00320	0.00293	0.00599
148	0.01123	0.01123	0.01572	0.01347	0.01347	0.01572	0.01123	0.01235	0.00786	0.01235	0.00674	0.01123	0.00674	0.00898	0.01684	0.00225	0.81028	0.00449	0.00225	0.00561
149	0.00891	0.00446	0.00668	0.00668	0.00668	0.00446	0.00446	0.00668	0.00668	0.00891	0.00891	0.01560	0.00891	0.01783	0.02005	0.85071	0.00446	0.00446	0.00223	0.00223
150	0.00815	0.00587	0.00810	0.00921	0.01042	0.00582	0.00803	0.01045	0.01181	0.01527	0.02855	0.05741	0.07162	0.01411	0.00703	0.00233	0.00461	0.71181	0.00473	0.00470
151	0.01143	0.01078	0.01801	0.39190	0.40747	0.01190	0.01479	0.02893	0.02655	0.01545	0.00968	0.01328	0.00769	0.00491	0.00511	0.00162	0.00639	0.00459	0.00252	0.00701
152	0.01375	0.01225	0.01734	0.05975	0.01703	0.03604	0.11329	0.15570	0.01222	0.06480	0.00928	0.01226	0.00762	0.00734	0.01146	0.00195	0.43351	0.00474	0.00310	0.00658
153	0.00685	0.00505	0.00544	0.00547	0.00619	0.00469	0.00348	0.00741	0.00927	0.01164	0.03122	0.06109	0.33445	0.46637	0.01734	0.00356	0.00394	0.00904	0.00383	0.00364
154	0.00746	0.00497	0.00560	0.00560	0.00560	0.00497	0.00311	0.00746	0.00746	0.00995	0.01617	0.03358	0.01865	0.81967	0.02612	0.00497	0.00497	0.00746	0.00311	0.00311
155	0.00798	0.00924	0.13634	0.00917	0.01163	0.00654	0.04133	0.01073	0.01214	0.01631	0.20085	0.08902	0.17677	0.01128	0.00621	0.00190	0.00432	0.23860	0.00443	0.00520
156	0.33644	0.00918	0.01026	0.00823	0.01190	0.00904	0.00679	0.02127	0.01245	0.50214	0.01531	0.01403	0.01001	0.00575	0.00441	0.00159	0.00422	0.00426	0.00516	0.00754
157	0.00966	0.00893	0.01271	0.01138	0.01173	0.01198	0.00928	0.01104	0.00804	0.01220	0.00981	0.03083	0.00958	0.02023	0.31109	0.00450	0.49425	0.00507	0.00249	0.00520
158	0.01470	0.01071	0.01177	0.01019	0.01329	0.01189	0.00804	0.08633	0.56831	0.14285	0.04960	0.01907	0.01590	0.00694	0.00524	0.00170	0.00417	0.00574	0.00541	0.00814
159	0.00757	0.00584	0.00864	0.00850	0.00933	0.00695	0.00662	0.00931	0.00820	0.01189	0.01338	0.01997	0.01261	0.05763	0.73025	0.00779	0.06271	0.00549	0.00273	0.00461
160	0.00620	0.00496	0.00555	0.00592	0.00714	0.00431	0.00424	0.00743	0.01125	0.01403	0.08946	0.30086	0.49292	0.01385	0.00622	0.00184	0.00271	0.01197	0.00482	0.00431
161	0.01029	0.02654	0.79309	0.01462	0.02221	0.01192	0.01896	0.01625	0.01083	0.01625	0.00921	0.01083	0.00650	0.00487	0.00487	0.00162	0.00758	0.00379	0.00217	0.00758
162	0.00672	0.00480	0.00649	0.00768	0.00819	0.00457	0.00558	0.00796	0.01029	0.01362	0.02802	0.63950	0.03291	0.01563	0.00667	0.00215	0.00338	0.18677	0.00475	0.00430
163	0.00731	0.00524	0.00711	0.00718	0.00771	0.00573	0.00507	0.00840	0.00805	0.01125	0.01555	0.07439	0.01632	0.33106	0.45940	0.00663	0.00978	0.00680	0.00301	0.00400
164	0.00721	0.00600	0.00993	0.00951	0.01061	0.00561	0.12958	0.00866	0.01020	0.01364	0.02536	0.68527	0.02967	0.01416	0.00647	0.00203	0.00390	0.01319	0.00441	0.00462
165	0.01868	0.02309	0.01423	0.01282	0.01552	0.72001	0.00967	0.06631	0.01502	0.01383	0.00990	0.01099	0.03683	0.00564	0.00471	0.00135	0.00877	0.00368	0.00288	0.00606
166	0.01372	0.82276	0.02689	0.00878	0.01317	0.02030	0.00878	0.01536	0.01043	0.01207	0.00713	0.00823	0.00658	0.00439	0.00329	0.00110	0.00549	0.00274	0.00219	0.00658
167	0.01157	0.28744	0.49347	0.01374	0.06652	0.01469	0.01541	0.01593	0.01075	0.01491	0.00855	0.01009	0.00663	0.00470	0.00437	0.00145	0.00680	0.00350	0.00220	0.00729
168	0.85592	0.00992	0.00754	0.00675	0.00992	0.01151	0.00556	0.01508	0.00873	0.02302	0.00714	0.00834	0.00556	0.00476	0.00318	0.00159	0.00397	0.00278	0.00318	0.00556
169	0.00617	0.00479	0.00562	0.00629	0.00722	0.00424	0.00438	0.00724	0.01064	0.01343	0.03866	0.48035	0.36321	0.01473	0.00634	0.00193	0.00281	0.01294	0.00476	0.00424
170	0.01221	0.01169	0.01994	0.15739	0.66559	0.01206	0.01550	0.01532	0.01145	0.01617	0.00957	0.01286	0.00792	0.00466	0.00509	0.00155	0.00622	0.00457	0.00250	0.00773
171	0.01009	0.00598	0.00690	0.00630	0.00844	0.00510	0.00485	0.01159	0.01243	0.19541	0.08257	0.08872	0.51929	0.01150	0.00588	0.00171	0.00302	0.00966	0.00518	0.00537
172	0.00739	0.00527	0.00709	0.00709	0.00760	0.00578	0.00497	0.00842	0.00790	0.01105	0.01481	0.02604	0.01538	0.38070	0.46061	0.00681	0.00990	0.00636	0.00291	0.00394
173	0.01073	0.06773	0.66111	0.01444	0.02143	0.01248	0.05950	0.01689	0.05829	0.01636	0.00988	0.01137	0.00714	0.00495	0.00488	0.00161	0.00731	0.00399	0.00238	0.00753
174	0.01340	0.42697	0.11721	0.01190	0.03555	0.11231	0.03161	0.01555	0.01055	0.01294	0.00756	0.00953	0.00668	0.00545	0.00640	0.00144	0.16275	0.00342	0.00228	0.00649
175	0.00625	0.00447	0.00595	0.00714	0.00744	0.00417	0.00476	0.00714	0.00982	0.01310	0.02828	0.81633	0.03394	0.01608	0.00655	0.00208	0.00298	0.01459	0.00476	0.00417
176	0.01178	0.01332	0.02892	0.02082	0.02574	0.01249	0.72649	0.01592	0.01198	0.01625	0.01138	0.05851	0.00924	0.00498	0.00608	0.00175	0.00833	0.00653	0.00272	0.00677
177	0.01778	0.01077	0.01501	0.01619	0.23081	0.02922	0.01044	0.05350	0.07558	0.37633	0.01524	0.01518	0.01070	0.00615	0.00638	0.00164	0.09145	0.00491	0.00461	0.00811
178	0.01971	0.01368	0.01356	0.01174	0.05583	0.17995	0.00891	0.23143	0.01697	0.32643	0.01658	0.01578	0.05306	0.00634	0.00508	0.00152	0.00577	0.00489	0.00492	0.00786
179	0.85592	0.00992	0.00754	0.00675	0.00992	0.01151	0.00556	0.01508	0.00873	0.02302	0.00714	0.00834	0.00556	0.00476	0.00318	0.00159	0.00397	0.00278	0.00318	0.00556
180	0.00746	0.00497	0.00560	0.00560	0.00560	0.00497	0.00311	0.00746	0.00746	0.00995	0.01617	0.03358	0.01865	0.81967	0.02612	0.00497	0.00497	0.00746	0.00311	0.00311
181	0.25537	0.01213	0.01346	0.19711	0.06640	0.04371	0.00998	0.30279	0.01536	0.02347	0.00976	0.01140	0.00726	0.00539	0.00455	0.00158	0.00561	0.00403	0.00365	0.00697
182	0.01326	0.05987	0.02069	0.02876	0.68298	0.07387	0.01489	0.01609	0.01183	0.01617	0.00937	0.01217	0.00792	0.00462	0.00494	0.00148	0.00631	0.00437	0.00253	0.00787
183	0.01429	0.00951	0.00982	0.00815	0.01071	0.02241	0.00653	0.36139	0.01697	0.02511	0.01456	0.01584	0.01101	0.00605	0.00432	0.00136	0.00400	0.00468	0.44668	0.00662
184	0.00682	0.00557	0.00607	0.00588	0.00754	0.00500	0.00443	0.00926	0.05987	0.01626	0.26040	0.04434	0.52649	0.01190	0.00601	0.00170	0.00264	0.01007	0.00505	0.00471
185	0.00738	0.00530	0.00725	0.00725	0.00782	0.00587	0.00517	0.00852	0.00795	0.01117	0.01466	0.02521	0.01502	0.33245	0.50837	0.00702	0.01044	0.00624	0.00288	0.00403
186	0.00657	0.00504	0.00604	0.00636	0.00750	0.00451	0.00467	0.00811	0.01189	0.01549	0.23534	0.27179	0.32566	0.01331	0.00627	0.00184	0.00279	0.05738	0.00499	0.00444
187	0.00995	0.00856	0.00932	0.00780	0.01097	0.00800	0.00608	0.01589	0.25922	0.01740	0.02580	0.02502	0.24386	0.00758	0.00494	0.00137	0.00352	0.00627	0.00426	0.32418
188	0.01834	0.01091	0.01261	0.01025	0.01385	0.01146	0.00828	0.19968	0.30427	0.32463	0.01864	0.01690	0.01289	0.00654	0.00518	0.00163	0.00455	0.00528	0.00564	0.00850
189	0.01102	0.01209	0.02573	0.01892	0.02319	0.01133	0.62615	0.01470	0.01168	0.01581	0.01373	0.16387	0.01267	0.00652	0.00615	0.00180	0.00759	0.00765	0.00300	0.00641
190	0.00737	0.00532	0.00721	0.00832	0.00920	0.00515	0.00668	0.00912	0.01106	0.01441	0.02912	0.34276	0.07789	0.01482	0.00682	0.00222	0.00394	0.42936	0.00474	0.00449
191	0.02302	0.00873	0.01191	0.00913	0.01310	0.00754	0.00754	0.02501	0.01469	0.79122	0.02024	0.01746	0.01270	0.00635	0.00516	0.00159	0.00437	0.00516	0.00635	0.00873
192	0.00710	0.00601	0.00838	0.00900	0.05681	0.00566	0.05060	0.00849	0.01071	0.01378	0.03422	0.40181	0.31267	0.01326	0.00661	0.00190	0.03219	0.01169	0.00441	0.00469
193	0.04164	0.00762	0.01012	0.00818	0.01122	0.00677	0.00660	0.01968	0.01446	0.51589	0.27130	0.02406	0.02424	0.00767	0.00540	0.00160	0.00372	0.00645	0.00603	0.00736
