[name]
unknown

[dist]
# distance from previous block
# <min> <max>
1	51

[block]
# block no. 0 follows, 50 sequences, length 36
# corresponding to MSA columns:
# 59-94
name=unknown_A
#
# <colnr> <probs for GDERKNQSTAVLIFYWHMCP>
#	G	D	E	R	K	N	Q	S	T	A	V	L	I	F	Y	W	H	M	C	P
0	0.05859	0.16408	0.07169	0.00976	0.01286	0.10582	0.02486	0.04420	0.21889	0.03943	0.02627	0.01345	0.01014	0.00739	0.00681	0.13783	0.00523	0.00420	0.00335	0.03516
1	0.08677	0.08530	0.32794	0.06416	0.20648	0.01206	0.04622	0.02963	0.01089	0.04387	0.00918	0.01107	0.00698	0.00465	0.00455	0.00149	0.00627	0.00387	0.00253	0.03611
2	0.01198	0.21093	0.13527	0.07400	0.17098	0.06475	0.17062	0.01512	0.01090	0.01426	0.00894	0.01148	0.00730	0.00631	0.04942	0.00179	0.00713	0.00414	0.00235	0.02232
3	0.00724	0.00483	0.00610	0.00659	0.00711	0.00455	0.00438	0.00803	0.00932	0.04238	0.05096	0.46744	0.04149	0.25702	0.01194	0.00281	0.00358	0.03759	0.00420	0.02243
4	0.01473	0.49601	0.06381	0.01127	0.05336	0.26056	0.00974	0.01652	0.01144	0.01232	0.00740	0.00866	0.00647	0.00457	0.00377	0.00118	0.00660	0.00298	0.00228	0.00633
5	0.00608	0.00496	0.00538	0.00548	0.00690	0.00426	0.00403	0.00745	0.01152	0.01431	0.15466	0.14988	0.58240	0.01267	0.00595	0.00171	0.00255	0.01079	0.00475	0.00426
6	0.01539	0.01219	0.01296	0.01075	0.01410	0.01380	0.00861	0.36960	0.43674	0.02568	0.01648	0.01557	0.01214	0.00641	0.00503	0.00160	0.00465	0.00511	0.00503	0.00816
7	0.01138	0.01110	0.01733	0.36871	0.39843	0.05077	0.01413	0.01480	0.03764	0.01470	0.00945	0.01280	0.00753	0.00479	0.00494	0.00156	0.00632	0.00442	0.00245	0.00677
8	0.01255	0.64052	0.20662	0.00985	0.01484	0.01782	0.01084	0.01513	0.01022	0.01267	0.00740	0.00859	0.00638	0.00437	0.00356	0.00119	0.00581	0.00290	0.00213	0.00662
9	0.01000	0.02578	0.79900	0.01421	0.02157	0.01158	0.01842	0.01579	0.01052	0.01579	0.00895	0.01052	0.00631	0.00474	0.00474	0.00158	0.00737	0.00368	0.00210	0.00737
10	0.00717	0.00487	0.00573	0.00572	0.00595	0.00483	0.00346	0.00764	0.00846	0.01150	0.14000	0.06345	0.02312	0.63643	0.04814	0.00431	0.00465	0.00773	0.00346	0.00338
11	0.02716	0.07318	0.11249	0.24301	0.02205	0.22947	0.08310	0.03947	0.04568	0.06384	0.00977	0.01176	0.00738	0.00505	0.00475	0.00149	0.00710	0.00408	0.00279	0.00637
12	0.01283	0.01341	0.01508	0.47855	0.09927	0.23925	0.01252	0.01548	0.01146	0.04305	0.00899	0.01210	0.00692	0.00502	0.00484	0.00153	0.00716	0.00410	0.00249	0.00594
13	0.00605	0.00502	0.00522	0.00534	0.00683	0.00428	0.00395	0.00726	0.01103	0.01327	0.04632	0.09830	0.67450	0.05491	0.00697	0.00189	0.00274	0.03742	0.00454	0.00415
14	0.07601	0.01208	0.05842	0.18080	0.09042	0.01265	0.04877	0.19448	0.23601	0.02077	0.01284	0.01389	0.00958	0.00560	0.00489	0.00160	0.00545	0.00469	0.00378	0.00726
15	0.01043	0.15300	0.38921	0.20021	0.02299	0.01263	0.08409	0.01463	0.01041	0.01431	0.00936	0.04005	0.00747	0.00506	0.00470	0.00154	0.00679	0.00426	0.00226	0.00660
16	0.01860	0.00738	0.00958	0.00765	0.01074	0.00656	0.00622	0.02065	0.01317	0.57329	0.01869	0.01743	0.01246	0.00607	0.00457	0.00143	0.00369	0.00491	0.24954	0.00738
17	0.00621	0.00440	0.00574	0.00676	0.00702	0.00414	0.00444	0.00698	0.00927	0.01236	0.02607	0.72755	0.03120	0.11205	0.00863	0.00236	0.00312	0.01335	0.00444	0.00393
18	0.18573	0.13844	0.08027	0.01835	0.33126	0.02781	0.03897	0.07738	0.02727	0.01802	0.00890	0.01074	0.00719	0.00465	0.00431	0.00145	0.00559	0.00381	0.00277	0.00708
19	0.01511	0.04682	0.01850	0.05703	0.21634	0.39207	0.12712	0.01737	0.01252	0.01381	0.00848	0.01075	0.00698	0.00489	0.00516	0.00143	0.03267	0.00400	0.00249	0.00646
20	0.01033	0.02373	0.68232	0.01643	0.11885	0.01163	0.03640	0.01573	0.01066	0.01585	0.00903	0.01082	0.00654	0.00469	0.00479	0.00157	0.00721	0.00383	0.00216	0.00742
21	0.01010	0.05110	0.77460	0.01403	0.02130	0.01183	0.01810	0.01576	0.01051	0.01566	0.00888	0.01044	0.00632	0.00472	0.00469	0.00156	0.00730	0.00365	0.00211	0.00734
22	0.00725	0.00483	0.00544	0.00544	0.00544	0.00483	0.00302	0.00725	0.00725	0.00966	0.01571	0.03262	0.01812	0.82483	0.02537	0.00483	0.00483	0.00725	0.00302	0.00302
23	0.00941	0.00886	0.01495	0.81285	0.03433	0.01107	0.01384	0.01274	0.00997	0.01274	0.00886	0.01329	0.00664	0.00498	0.00498	0.00166	0.00664	0.00443	0.00221	0.00554
24	0.06558	0.06033	0.01972	0.02490	0.55433	0.04423	0.06998	0.04492	0.01181	0.04367	0.00952	0.01191	0.00774	0.00457	0.00478	0.00147	0.00599	0.00431	0.00272	0.00752
25	0.00624	0.00446	0.00598	0.00713	0.00749	0.00419	0.00492	0.00723	0.00971	0.01291	0.02738	0.75605	0.03260	0.01546	0.00641	0.00205	0.00304	0.07804	0.00462	0.00409
26	0.00719	0.00481	0.00545	0.00551	0.00553	0.00479	0.00310	0.00723	0.00736	0.00982	0.01630	0.07231	0.01887	0.78411	0.02441	0.00469	0.00473	0.00760	0.00310	0.00307
27	0.00857	0.00537	0.00667	0.00675	0.00768	0.00510	0.00490	0.00967	0.01011	0.08763	0.08990	0.12186	0.11085	0.32702	0.01361	0.00305	0.00405	0.16872	0.00422	0.00426
28	0.01166	0.42637	0.41298	0.01137	0.01719	0.01564	0.01348	0.01536	0.01033	0.01376	0.00794	0.00926	0.00636	0.00450	0.00397	0.00132	0.00635	0.00317	0.00212	0.00688
29	0.00712	0.00534	0.00801	0.00801	0.00890	0.00623	0.00623	0.00890	0.00801	0.01157	0.01335	0.01958	0.01246	0.03738	0.80507	0.00801	0.01335	0.00534	0.00267	0.00445
30	0.00805	0.00486	0.00547	0.00532	0.00654	0.00462	0.00399	0.01027	0.01196	0.01855	0.31821	0.02905	0.11313	0.00826	0.00467	0.00138	0.00236	0.00698	0.43173	0.00462
31	0.01215	0.24906	0.38700	0.01332	0.05038	0.09766	0.05490	0.01648	0.04830	0.01454	0.00887	0.01027	0.00691	0.00470	0.00436	0.00141	0.00680	0.00359	0.00234	0.00694
32	0.01036	0.11366	0.71432	0.01358	0.02061	0.01247	0.01733	0.01569	0.01048	0.01534	0.00872	0.01025	0.00632	0.00468	0.00457	0.00152	0.00714	0.00357	0.00211	0.00726
33	0.00601	0.00485	0.00536	0.00567	0.00692	0.00419	0.00408	0.00722	0.01100	0.01364	0.08747	0.26979	0.52970	0.01334	0.00603	0.00177	0.00262	0.01148	0.00468	0.00419
34	0.01236	0.01259	0.02295	0.20448	0.04667	0.03391	0.43401	0.11387	0.03666	0.01726	0.01027	0.01323	0.00768	0.00472	0.00547	0.00164	0.00743	0.00524	0.00285	0.00671
35	0.01356	0.79288	0.02560	0.00872	0.01291	0.05385	0.00858	0.01514	0.01030	0.01175	0.00696	0.00804	0.00640	0.00430	0.00325	0.00108	0.00549	0.00269	0.00215	0.00637

[dist]
# distance from previous block
# <min> <max>
0	2

[block]
# block no. 1 follows, 50 sequences, length 61
# corresponding to MSA columns:
# 97-157
name=unknown_B
#
# <colnr> <probs for GDERKNQSTAVLIFYWHMCP>
#	G	D	E	R	K	N	Q	S	T	A	V	L	I	F	Y	W	H	M	C	P
0	0.01862	0.02376	0.01413	0.01284	0.01541	0.80482	0.00963	0.01990	0.01413	0.01220	0.00770	0.00899	0.00642	0.00514	0.00449	0.00128	0.00899	0.00321	0.00257	0.00578
1	0.00971	0.00916	0.01548	0.73399	0.11088	0.01115	0.01399	0.01299	0.01011	0.01309	0.00891	0.01319	0.00677	0.00493	0.00498	0.00164	0.00657	0.00443	0.00224	0.00577
2	0.01226	0.01204	0.02139	0.02939	0.69719	0.01194	0.11092	0.01538	0.01140	0.01624	0.00946	0.01248	0.00785	0.00441	0.00505	0.00151	0.00623	0.00462	0.00247	0.00775
3	0.00805	0.00802	0.03127	0.09845	0.01549	0.00738	0.21464	0.01036	0.01088	0.01412	0.05175	0.24792	0.24090	0.01007	0.00589	0.00177	0.00478	0.00940	0.00376	0.00508
4	0.00712	0.00534	0.00801	0.00801	0.00890	0.00623	0.00623	0.00890	0.00801	0.01157	0.01335	0.01958	0.01246	0.03738	0.80507	0.00801	0.01335	0.00534	0.00267	0.00445
5	0.01000	0.02578	0.79900	0.01421	0.02157	0.01158	0.01842	0.01579	0.01052	0.01579	0.00895	0.01052	0.00631	0.00474	0.00474	0.00158	0.00737	0.00368	0.00210	0.00737
6	0.01152	0.17232	0.39862	0.03765	0.07381	0.01349	0.15572	0.05198	0.01134	0.01575	0.00895	0.01086	0.00678	0.00459	0.00469	0.00149	0.00697	0.00401	0.00235	0.00710
7	0.01000	0.02578	0.79900	0.01421	0.02157	0.01158	0.01842	0.01579	0.01052	0.01579	0.00895	0.01052	0.00631	0.00474	0.00474	0.00158	0.00737	0.00368	0.00210	0.00737
8	0.00595	0.00481	0.00530	0.00569	0.00690	0.00415	0.00407	0.00708	0.01074	0.01321	0.04269	0.31033	0.53439	0.01364	0.00605	0.00180	0.00265	0.01176	0.00463	0.00415
9	0.01374	0.01109	0.01394	0.01537	0.21831	0.01198	0.00984	0.15923	0.34566	0.06594	0.03579	0.01738	0.04652	0.00631	0.00507	0.00159	0.00466	0.00537	0.00443	0.00780
10	0.01041	0.01133	0.04024	0.01694	0.02088	0.01037	0.52892	0.01399	0.01170	0.01572	0.04722	0.04592	0.05230	0.00692	0.00605	0.00179	0.00700	0.14305	0.00317	0.00607
11	0.00620	0.00451	0.00572	0.00663	0.00710	0.00418	0.00448	0.00709	0.00964	0.01262	0.02944	0.63460	0.12977	0.08280	0.00790	0.00222	0.00305	0.03355	0.00449	0.00400
12	0.01000	0.02578	0.79900	0.01421	0.02157	0.01158	0.01842	0.01579	0.01052	0.01579	0.00895	0.01052	0.00631	0.00474	0.00474	0.00158	0.00737	0.00368	0.00210	0.00737
13	0.04491	0.00982	0.01487	0.04337	0.31316	0.00931	0.01054	0.02015	0.01282	0.44699	0.01495	0.01478	0.01022	0.00542	0.00492	0.00152	0.00495	0.00470	0.00452	0.00806
14	0.01026	0.02397	0.68577	0.01521	0.02223	0.01173	0.12983	0.01581	0.01071	0.01581	0.00911	0.01095	0.00650	0.00466	0.00490	0.00159	0.00752	0.00401	0.00217	0.00727
15	0.00941	0.00886	0.01495	0.81285	0.03433	0.01107	0.01384	0.01274	0.00997	0.01274	0.00886	0.01329	0.00664	0.00498	0.00498	0.00166	0.00664	0.00443	0.00221	0.00554
16	0.86003	0.00964	0.00733	0.00655	0.00964	0.01118	0.00540	0.01465	0.00848	0.02236	0.00694	0.00810	0.00540	0.00463	0.00308	0.00154	0.00386	0.00270	0.00308	0.00540
17	0.00700	0.00518	0.00702	0.00678	0.00789	0.00519	0.00516	0.00909	0.01187	0.01672	0.47992	0.03193	0.08298	0.01957	0.27692	0.00376	0.00609	0.00786	0.00448	0.00459
18	0.01260	0.58849	0.23206	0.01018	0.01522	0.04219	0.01120	0.01531	0.01036	0.01283	0.00749	0.00870	0.00638	0.00442	0.00365	0.00121	0.00599	0.00295	0.00214	0.00664
19	0.00697	0.00509	0.00655	0.00618	0.00740	0.00467	0.00464	0.00925	0.01392	0.01953	0.73884	0.03799	0.09958	0.01036	0.00588	0.00158	0.00236	0.00912	0.00543	0.00467
20	0.01093	0.01001	0.01508	0.20525	0.33245	0.01085	0.01182	0.01645	0.19177	0.01670	0.07897	0.01773	0.04852	0.00596	0.00510	0.00159	0.00518	0.00538	0.00337	0.00691
21	0.00725	0.00483	0.00544	0.00544	0.00544	0.00483	0.00302	0.00725	0.00725	0.00966	0.01571	0.03262	0.01812	0.82483	0.02537	0.00483	0.00483	0.00725	0.00302	0.00302
22	0.00613	0.00485	0.00552	0.00579	0.00699	0.00424	0.00418	0.00746	0.01129	0.01431	0.16442	0.26695	0.45407	0.01308	0.00602	0.00176	0.00260	0.01132	0.00477	0.00424
23	0.01414	0.01596	0.01601	0.01713	0.19852	0.31126	0.01146	0.01575	0.01095	0.01309	0.00765	0.01052	0.00682	0.00636	0.00920	0.00168	0.32100	0.00395	0.00239	0.00615
24	0.01034	0.00886	0.01034	0.00738	0.01181	0.00664	0.00591	0.01255	0.01034	0.01624	0.00886	0.01034	0.00738	0.00369	0.00369	0.00074	0.00369	0.00295	0.00295	0.85530
25	0.01220	0.01644	0.26575	0.01768	0.16817	0.01211	0.17481	0.13747	0.06572	0.01859	0.01152	0.05592	0.00927	0.00549	0.00517	0.00160	0.00653	0.00512	0.00306	0.00737
26	0.01034	0.00886	0.01034	0.00738	0.01181	0.00664	0.00591	0.01255	0.01034	0.01624	0.00886	0.01034	0.00738	0.00369	0.00369	0.00074	0.00369	0.00295	0.00295	0.85530
27	0.86003	0.00964	0.00733	0.00655	0.00964	0.01118	0.00540	0.01465	0.00848	0.02236	0.00694	0.00810	0.00540	0.00463	0.00308	0.00154	0.00386	0.00270	0.00308	0.00540
28	0.00719	0.00505	0.00655	0.00655	0.00693	0.00543	0.00440	0.00796	0.00758	0.01049	0.01469	0.02700	0.01568	0.48549	0.36137	0.00620	0.00850	0.00643	0.00287	0.00364
29	0.00705	0.00510	0.00666	0.00627	0.00745	0.00470	0.00470	0.00941	0.01411	0.01999	0.79110	0.03723	0.04703	0.01019	0.00588	0.00157	0.00235	0.00901	0.00549	0.00470
30	0.00606	0.00506	0.00528	0.00523	0.00684	0.00428	0.00392	0.00748	0.01176	0.01441	0.15832	0.04641	0.68329	0.01227	0.00589	0.00167	0.00250	0.01030	0.00475	0.00428
31	0.01234	0.01184	0.02023	0.03059	0.79373	0.01184	0.01530	0.01530	0.01135	0.01628	0.00938	0.01234	0.00790	0.00444	0.00493	0.00148	0.00592	0.00444	0.00247	0.00790
32	0.01265	0.01083	0.01141	0.01020	0.01306	0.01252	0.00795	0.05562	0.75518	0.02126	0.01996	0.01834	0.01495	0.00673	0.00507	0.00168	0.00400	0.00559	0.00507	0.00791
33	0.01536	0.00994	0.01126	0.00903	0.01212	0.01023	0.00731	0.37746	0.01814	0.16782	0.15946	0.02317	0.14108	0.00783	0.00530	0.00155	0.00422	0.00636	0.00524	0.00712
34	0.00894	0.00772	0.04171	0.02619	0.01137	0.00688	0.08882	0.08417	0.01327	0.03964	0.30534	0.17189	0.15383	0.01006	0.00579	0.00167	0.00378	0.00898	0.00464	0.00532
35	0.03614	0.69948	0.04956	0.00909	0.01326	0.09795	0.00888	0.01545	0.01050	0.01219	0.00707	0.00818	0.00637	0.00438	0.00338	0.00112	0.00572	0.00275	0.00220	0.00634
36	0.86003	0.00964	0.00733	0.00655	0.00964	0.01118	0.00540	0.01465	0.00848	0.02236	0.00694	0.00810	0.00540	0.00463	0.00308	0.00154	0.00386	0.00270	0.00308	0.00540
37	0.03202	0.05700	0.31796	0.01657	0.20298	0.03260	0.03813	0.05384	0.07978	0.01733	0.07581	0.01487	0.01151	0.00553	0.00488	0.00155	0.00604	0.02148	0.00298	0.00715
38	0.04227	0.00873	0.01394	0.15780	0.01765	0.00916	0.17423	0.03537	0.12119	0.04153	0.04426	0.23399	0.01761	0.00847	0.00555	0.00176	0.00510	0.03225	0.02334	0.00582
39	0.01234	0.01184	0.02023	0.03059	0.79373	0.01184	0.01530	0.01530	0.01135	0.01628	0.00938	0.01234	0.00790	0.00444	0.00493	0.00148	0.00592	0.00444	0.00247	0.00790
40	0.25340	0.00697	0.00662	0.00607	0.00816	0.00748	0.00477	0.01495	0.08496	0.08349	0.01427	0.01546	0.01087	0.00559	0.00365	0.00135	0.00307	0.00422	0.45918	0.00549
41	0.00725	0.00483	0.00544	0.00544	0.00544	0.00483	0.00302	0.00725	0.00725	0.00966	0.01571	0.03262	0.01812	0.82483	0.02537	0.00483	0.00483	0.00725	0.00302	0.00302
42	0.00617	0.00506	0.00544	0.00535	0.00691	0.00433	0.00401	0.00770	0.01203	0.01506	0.23108	0.04535	0.61013	0.01203	0.00589	0.00165	0.00248	0.01015	0.00484	0.00433
43	0.01862	0.02376	0.01413	0.01284	0.01541	0.80482	0.00963	0.01990	0.01413	0.01220	0.00770	0.00899	0.00642	0.00514	0.00449	0.00128	0.00899	0.00321	0.00257	0.00578
44	0.00685	0.00502	0.00572	0.00554	0.00693	0.00449	0.00416	0.00874	0.01247	0.01704	0.37634	0.03938	0.35885	0.01066	0.00557	0.00156	0.00242	0.00909	0.11470	0.00449
45	0.01768	0.00711	0.00909	0.00736	0.01025	0.00637	0.00595	0.01975	0.01290	0.51829	0.01845	0.01754	0.01250	0.00604	0.00447	0.00141	0.00355	0.00488	0.30933	0.00711
46	0.13097	0.01220	0.01829	0.05333	0.18349	0.01302	0.19435	0.20552	0.06052	0.02070	0.01034	0.01227	0.00793	0.00519	0.00554	0.00160	0.04962	0.00463	0.00332	0.00717
47	0.01604	0.01288	0.01177	0.00969	0.01260	0.14667	0.00773	0.42210	0.01802	0.02435	0.01251	0.01341	0.00940	0.00579	0.00446	0.00136	0.00515	0.00432	0.25488	0.00689
48	0.03958	0.14321	0.26930	0.01081	0.02783	0.01142	0.02552	0.04981	0.07241	0.06495	0.05287	0.01264	0.00996	0.00502	0.00436	0.00132	0.00533	0.00395	0.00313	0.18655
49	0.00886	0.03198	0.31078	0.01301	0.11105	0.00899	0.01168	0.01198	0.01030	0.01464	0.05529	0.28784	0.03259	0.00906	0.00610	0.00175	0.05715	0.00775	0.00323	0.00597
50	0.00673	0.00504	0.00624	0.00604	0.00727	0.00455	0.00449	0.00875	0.01321	0.01807	0.57690	0.08799	0.21423	0.01107	0.00591	0.00162	0.00242	0.00967	0.00524	0.00455
51	0.15269	0.11643	0.21646	0.01368	0.05283	0.01232	0.18899	0.01718	0.05862	0.10925	0.01062	0.01183	0.00780	0.00482	0.00460	0.00153	0.00613	0.00422	0.00305	0.00696
52	0.01155	0.01069	0.01840	0.32168	0.44754	0.01144	0.05048	0.01467	0.01095	0.04106	0.00956	0.01290	0.00756	0.00469	0.00500	0.00156	0.00625	0.00452	0.00250	0.00698
53	0.01034	0.00886	0.01034	0.00738	0.01181	0.00664	0.00591	0.01255	0.01034	0.01624	0.00886	0.01034	0.00738	0.00369	0.00369	0.00074	0.00369	0.00295	0.00295	0.85530
54	0.01574	0.01393	0.02974	0.02664	0.11575	0.09728	0.01018	0.35230	0.20076	0.02328	0.01276	0.01322	0.00961	0.00599	0.00555	0.00156	0.04918	0.00460	0.00418	0.00775
55	0.01804	0.01802	0.01400	0.01174	0.01493	0.38333	0.00922	0.37926	0.01839	0.02141	0.01220	0.01265	0.05262	0.00597	0.00481	0.00141	0.00695	0.00424	0.00384	0.00697
56	0.01194	0.01578	0.29149	0.01554	0.13034	0.01079	0.11972	0.01774	0.13882	0.09630	0.08886	0.01580	0.01279	0.00563	0.00512	0.00159	0.00593	0.00508	0.00345	0.00729
57	0.04948	0.00818	0.00934	0.02555	0.01072	0.00841	0.00635	0.21724	0.04464	0.03602	0.31289	0.08435	0.05566	0.00838	0.00523	0.00152	0.00357	0.00707	0.05051	0.05487
58	0.27208	0.03970	0.01004	0.00789	0.01093	0.01011	0.00650	0.16120	0.03843	0.19161	0.01343	0.01445	0.00991	0.00576	0.00412	0.00147	0.00403	0.02512	0.16662	0.00661
59	0.00894	0.00725	0.00880	0.00916	0.05468	0.00756	0.00656	0.01481	0.26015	0.01807	0.26308	0.12728	0.10062	0.00999	0.00572	0.00174	0.00337	0.08154	0.00491	0.00577
60	0.04414	0.20556	0.01634	0.01130	0.01425	0.50966	0.00904	0.06001	0.01319	0.01345	0.00806	0.00951	0.00684	0.00682	0.05028	0.00164	0.00804	0.00326	0.00263	0.00598

[dist]
# distance from previous block
# <min> <max>
1	2

[block]
# block no. 2 follows, 50 sequences, length 98
# corresponding to MSA columns:
# 160-257
name=unknown_C
#
# <colnr> <probs for GDERKNQSTAVLIFYWHMCP>
#	G	D	E	R	K	N	Q	S	T	A	V	L	I	F	Y	W	H	M	C	P
0	0.01375	0.17371	0.08452	0.03391	0.03679	0.17639	0.00992	0.05262	0.28400	0.01641	0.01228	0.01277	0.00965	0.00574	0.00525	0.00149	0.05628	0.00419	0.00339	0.00693
1	0.80712	0.01064	0.05661	0.00703	0.01038	0.01121	0.00621	0.01472	0.00861	0.02195	0.00707	0.00825	0.00546	0.00463	0.00319	0.00154	0.00407	0.00276	0.00302	0.00552
2	0.03037	0.02848	0.08243	0.06680	0.01875	0.10662	0.18578	0.14817	0.22159	0.01918	0.01248	0.01353	0.00939	0.00553	0.00538	0.00160	0.02841	0.00483	0.00357	0.00713
3	0.01072	0.01011	0.01676	0.41454	0.35043	0.01101	0.01376	0.01379	0.01058	0.01453	0.00908	0.01263	0.00723	0.00464	0.00485	0.00150	0.00608	0.00430	0.00239	0.08107
4	0.73360	0.08135	0.00924	0.00687	0.01011	0.01169	0.00579	0.01528	0.00899	0.06967	0.00773	0.00864	0.00592	0.00469	0.00321	0.00150	0.00401	0.00284	0.00319	0.00568
5	0.00613	0.00438	0.00584	0.00690	0.00724	0.00409	0.00463	0.00709	0.00983	0.01318	0.07501	0.77274	0.03384	0.01528	0.00633	0.00200	0.00286	0.01385	0.00468	0.00409
6	0.01536	0.01325	0.01607	0.05378	0.18441	0.08124	0.05818	0.37485	0.04659	0.02309	0.04392	0.01460	0.03999	0.00587	0.00506	0.00151	0.00582	0.00491	0.00396	0.00753
7	0.00866	0.00433	0.00649	0.00649	0.00649	0.00433	0.00433	0.00649	0.00649	0.00866	0.00866	0.01515	0.00866	0.01732	0.01948	0.85498	0.00433	0.00433	0.00216	0.00216
8	0.01812	0.01398	0.01436	0.01131	0.01502	0.06396	0.00923	0.63674	0.08220	0.04085	0.01252	0.01260	0.00906	0.00691	0.02818	0.00169	0.00579	0.00453	0.00479	0.00815
9	0.00598	0.00498	0.00522	0.00532	0.00683	0.00422	0.00393	0.00726	0.01132	0.01376	0.09039	0.13064	0.66742	0.01281	0.00594	0.00171	0.00255	0.01083	0.00468	0.00422
10	0.01034	0.00886	0.01034	0.00738	0.01181	0.00664	0.00591	0.01255	0.01034	0.01624	0.00886	0.01034	0.00738	0.00369	0.00369	0.00074	0.00369	0.00295	0.00295	0.85530
11	0.00769	0.00584	0.00835	0.00879	0.00965	0.00650	0.00719	0.00954	0.00960	0.01314	0.01982	0.11977	0.02102	0.02285	0.32136	0.00450	0.07171	0.32447	0.00365	0.00455
12	0.02076	0.00884	0.01152	0.00907	0.01276	0.00814	0.00742	0.02464	0.13831	0.67219	0.01976	0.01723	0.01280	0.00626	0.00502	0.00157	0.00419	0.00511	0.00599	0.00839
13	0.01093	0.01211	0.02596	0.01895	0.02330	0.01135	0.66295	0.01465	0.01144	0.01549	0.01263	0.13156	0.01128	0.00587	0.00595	0.00173	0.00760	0.00709	0.00283	0.00633
14	0.01675	0.01063	0.01205	0.00995	0.01332	0.01136	0.00799	0.18946	0.36842	0.26026	0.01885	0.01720	0.02745	0.00652	0.00505	0.00160	0.00435	0.00529	0.00538	0.00813
15	0.02956	0.01095	0.01689	0.01234	0.01670	0.00999	0.24268	0.10465	0.03635	0.08066	0.01073	0.01223	0.00815	0.00452	0.00489	0.00125	0.02081	0.00430	0.00337	0.36899
16	0.04411	0.00957	0.01094	0.00809	0.01224	0.00824	0.00653	0.13872	0.01281	0.07273	0.03685	0.01190	0.00919	0.00450	0.00405	0.00098	0.00398	0.00354	0.00360	0.59745
17	0.00941	0.00886	0.01495	0.81285	0.03433	0.01107	0.01384	0.01274	0.00997	0.01274	0.00886	0.01329	0.00664	0.00498	0.00498	0.00166	0.00664	0.00443	0.00221	0.00554
18	0.01211	0.36351	0.07463	0.19834	0.18250	0.01517	0.03730	0.03722	0.01082	0.01391	0.00828	0.01059	0.00686	0.00455	0.00422	0.00136	0.00600	0.00367	0.00232	0.00665
19	0.01333	0.82783	0.02612	0.00853	0.01279	0.01972	0.00853	0.01493	0.01013	0.01173	0.00693	0.00800	0.00640	0.00426	0.00320	0.00107	0.00533	0.00267	0.00213	0.00640
20	0.00767	0.00501	0.00655	0.00676	0.00767	0.00512	0.00500	0.00928	0.00975	0.03672	0.08134	0.21631	0.06495	0.06286	0.26689	0.00390	0.00633	0.03303	0.16041	0.00444
21	0.01333	0.82783	0.02612	0.00853	0.01279	0.01972	0.00853	0.01493	0.01013	0.01173	0.00693	0.00800	0.00640	0.00426	0.00320	0.00107	0.00533	0.00267	0.00213	0.00640
22	0.01949	0.01621	0.01372	0.01309	0.09675	0.39292	0.00928	0.02122	0.01389	0.33539	0.01280	0.01262	0.00901	0.00549	0.00475	0.00141	0.00671	0.00408	0.00404	0.00711
23	0.01287	0.01295	0.01977	0.09893	0.55263	0.08919	0.08110	0.04342	0.01197	0.01609	0.00932	0.01218	0.00763	0.00459	0.00498	0.00150	0.00649	0.00445	0.00255	0.00739
24	0.13268	0.01636	0.01456	0.20892	0.09439	0.37356	0.03925	0.03745	0.01222	0.01480	0.00825	0.01048	0.00657	0.00495	0.00452	0.00145	0.00729	0.00369	0.00261	0.00598
25	0.01311	0.04396	0.01518	0.01608	0.23193	0.19276	0.07425	0.01540	0.01282	0.08415	0.17808	0.01954	0.06837	0.00649	0.00512	0.00147	0.00569	0.00563	0.00359	0.00638
26	0.00957	0.05900	0.22579	0.15377	0.01835	0.01141	0.03789	0.01243	0.00957	0.01345	0.01292	0.14483	0.04242	0.00786	0.00807	0.00180	0.21639	0.00599	0.00267	0.00580
27	0.00929	0.00465	0.00465	0.00465	0.00581	0.00465	0.00348	0.01161	0.01045	0.01858	0.01626	0.01858	0.01278	0.00581	0.00348	0.00116	0.00232	0.00465	0.85250	0.00465
28	0.00994	0.00863	0.01314	0.16279	0.26736	0.00917	0.01027	0.02466	0.05374	0.03028	0.10981	0.09512	0.09419	0.00856	0.03224	0.00185	0.03621	0.00661	0.01934	0.00610
29	0.00705	0.00510	0.00666	0.00627	0.00745	0.00470	0.00470	0.00941	0.01411	0.01999	0.79110	0.03723	0.04703	0.01019	0.00588	0.00157	0.00235	0.00901	0.00549	0.00470
30	0.00716	0.00517	0.00717	0.00717	0.00777	0.00577	0.00518	0.00836	0.00776	0.01095	0.01412	0.02383	0.01431	0.29403	0.55095	0.00697	0.01057	0.00596	0.00278	0.00398
31	0.01333	0.82783	0.02612	0.00853	0.01279	0.01972	0.00853	0.01493	0.01013	0.01173	0.00693	0.00800	0.00640	0.00426	0.00320	0.00107	0.00533	0.00267	0.00213	0.00640
32	0.00767	0.00523	0.00686	0.00638	0.00766	0.00481	0.00481	0.01001	0.01412	0.05126	0.76007	0.03642	0.04564	0.01003	0.00584	0.00157	0.00243	0.00885	0.00551	0.00486
33	0.00716	0.00524	0.00681	0.00682	0.00804	0.00489	0.00538	0.00938	0.01320	0.01812	0.53458	0.04279	0.12223	0.01128	0.00611	0.00175	0.00289	0.18353	0.00519	0.00462
34	0.00725	0.00483	0.00544	0.00544	0.00544	0.00483	0.00302	0.00725	0.00725	0.00966	0.01571	0.03262	0.01812	0.82483	0.02537	0.00483	0.00483	0.00725	0.00302	0.00302
35	0.01091	0.01091	0.01527	0.01309	0.01309	0.01527	0.01091	0.01200	0.00763	0.01200	0.00654	0.01091	0.00654	0.00872	0.01636	0.00218	0.81570	0.00436	0.00218	0.00545
36	0.01016	0.00866	0.01021	0.00742	0.01165	0.00662	0.00592	0.01235	0.01021	0.01598	0.00911	0.01085	0.00767	0.00557	0.04849	0.00114	0.00423	0.00309	0.00294	0.80774
37	0.01333	0.82783	0.02612	0.00853	0.01279	0.01972	0.00853	0.01493	0.01013	0.01173	0.00693	0.00800	0.00640	0.00426	0.00320	0.00107	0.00533	0.00267	0.00213	0.00640
38	0.02051	0.00960	0.01203	0.00943	0.01316	0.00922	0.00772	0.13658	0.11936	0.57875	0.01860	0.01644	0.01215	0.00622	0.00502	0.00156	0.00439	0.00502	0.00585	0.00840
39	0.00607	0.00434	0.00578	0.00694	0.00723	0.00405	0.00463	0.00694	0.00954	0.01272	0.02747	0.82157	0.03297	0.01562	0.00636	0.00202	0.00289	0.01417	0.00463	0.00405
40	0.06299	0.00969	0.01329	0.01164	0.01201	0.01316	0.00961	0.01153	0.00776	0.01255	0.00796	0.01251	0.00768	0.01434	0.17699	0.00333	0.60091	0.00446	0.00234	0.00524
41	0.00607	0.00434	0.00578	0.00694	0.00723	0.00405	0.00463	0.00694	0.00954	0.01272	0.02747	0.82157	0.03297	0.01562	0.00636	0.00202	0.00289	0.01417	0.00463	0.00405
42	0.08263	0.00952	0.01175	0.00916	0.01292	0.00912	0.00754	0.13716	0.05829	0.58165	0.01761	0.01565	0.01141	0.00606	0.00487	0.00154	0.00438	0.00480	0.00570	0.00822
43	0.01500	0.01418	0.10890	0.01734	0.21368	0.02523	0.09200	0.28628	0.07506	0.07042	0.01206	0.01358	0.00905	0.00545	0.00507	0.00155	0.00597	0.01754	0.00379	0.00786
44	0.01072	0.00993	0.01635	0.56135	0.23394	0.01152	0.01398	0.05614	0.01109	0.01472	0.00917	0.01296	0.00708	0.00490	0.00497	0.00160	0.00639	0.00444	0.00244	0.00632
45	0.01787	0.13810	0.01583	0.01223	0.01504	0.69317	0.00947	0.01920	0.01356	0.01213	0.00759	0.00885	0.00642	0.00501	0.00431	0.00125	0.00847	0.00313	0.00251	0.00587
46	0.06103	0.14444	0.06047	0.01577	0.21938	0.04542	0.02323	0.20774	0.05446	0.10460	0.01110	0.01193	0.00838	0.00516	0.00457	0.00144	0.00556	0.00413	0.00360	0.00760
47	0.19134	0.01203	0.02805	0.01295	0.01674	0.05570	0.24522	0.08341	0.02875	0.20878	0.01177	0.01273	0.00837	0.00532	0.00555	0.00161	0.05638	0.00461	0.00377	0.00693
48	0.00725	0.00483	0.00544	0.00544	0.00544	0.00483	0.00302	0.00725	0.00725	0.00966	0.01571	0.03262	0.01812	0.82483	0.02537	0.00483	0.00483	0.00725	0.00302	0.00302
49	0.00952	0.00901	0.01497	0.75389	0.03276	0.01138	0.01363	0.01268	0.00979	0.01268	0.00869	0.01311	0.00664	0.00526	0.00582	0.00170	0.06628	0.00442	0.00221	0.00553
50	0.01201	0.01206	0.02221	0.07689	0.55363	0.01199	0.20619	0.01531	0.01137	0.01598	0.00952	0.01267	0.00773	0.00441	0.00518	0.00154	0.00659	0.00480	0.00247	0.00745
51	0.00826	0.00464	0.00544	0.00589	0.00674	0.00446	0.00417	0.00988	0.01017	0.04482	0.02168	0.39742	0.02229	0.01045	0.00490	0.00158	0.00266	0.00915	0.42091	0.00451
52	0.00629	0.00450	0.00598	0.00679	0.00728	0.00419	0.00464	0.00748	0.01055	0.01432	0.19545	0.64904	0.03606	0.01442	0.00626	0.00192	0.00277	0.01304	0.00482	0.00419
53	0.01119	0.01240	0.00902	0.00842	0.01043	0.30554	0.00633	0.01332	0.05599	0.01426	0.13015	0.03027	0.35530	0.00916	0.00532	0.00152	0.00501	0.00730	0.00399	0.00507
54	0.01359	0.78926	0.02559	0.00867	0.01292	0.01952	0.00857	0.05104	0.01076	0.01266	0.00717	0.00818	0.00650	0.00435	0.00328	0.00109	0.00534	0.00275	0.00227	0.00650
55	0.01240	0.01071	0.01127	0.01014	0.01296	0.01240	0.00789	0.02649	0.78473	0.02085	0.02029	0.01860	0.01522	0.00676	0.00507	0.00169	0.00394	0.00564	0.00507	0.00789
56	0.02160	0.00970	0.01232	0.00945	0.01333	0.00913	0.00780	0.19173	0.01631	0.62686	0.01795	0.01585	0.01148	0.00613	0.00501	0.00153	0.00452	0.00490	0.00591	0.00848
57	0.00604	0.00446	0.00566	0.00662	0.00715	0.00408	0.00449	0.00698	0.00985	0.01285	0.03132	0.69230	0.15975	0.01512	0.00628	0.00197	0.00283	0.01356	0.00463	0.00408
58	0.01353	0.79687	0.02566	0.00869	0.01289	0.04995	0.00857	0.01512	0.01028	0.01175	0.00696	0.00803	0.00640	0.00430	0.00325	0.00107	0.00547	0.00269	0.00215	0.00637
59	0.08574	0.00857	0.01125	0.00869	0.01249	0.00762	0.00718	0.02356	0.01383	0.73857	0.01870	0.01629	0.01181	0.00605	0.00487	0.00154	0.00421	0.00484	0.00594	0.00825
60	0.00691	0.00509	0.00647	0.00612	0.00736	0.00464	0.00459	0.00913	0.01378	0.01920	0.70134	0.03853	0.13729	0.01049	0.00588	0.00158	0.00237	0.00920	0.00538	0.00464
61	0.01026	0.02398	0.68652	0.01520	0.02223	0.01173	0.12909	0.01581	0.01070	0.01581	0.00911	0.01095	0.00650	0.00466	0.00490	0.00159	0.00752	0.00400	0.00217	0.00727
62	0.12458	0.01059	0.03168	0.45119	0.08057	0.02616	0.15137	0.01431	0.01041	0.03968	0.00918	0.01254	0.00690	0.00479	0.00488	0.00162	0.00652	0.00444	0.00253	0.00603
63	0.01482	0.01920	0.44207	0.01239	0.01819	0.01153	0.01388	0.19460	0.01435	0.19280	0.01203	0.01229	0.00815	0.00534	0.00486	0.00155	0.00624	0.00417	0.00368	0.00787
64	0.00733	0.00519	0.00658	0.00651	0.00679	0.00562	0.00430	0.00793	0.00750	0.01035	0.01466	0.02777	0.01594	0.54827	0.27212	0.00575	0.03442	0.00655	0.00288	0.00355
65	0.06778	0.04680	0.07291	0.02172	0.39822	0.09254	0.08562	0.05907	0.01183	0.01658	0.00925	0.01217	0.00769	0.00504	0.00555	0.00153	0.05864	0.01727	0.00265	0.00713
66	0.00705	0.00510	0.00666	0.00627	0.00745	0.00470	0.00470	0.00941	0.01411	0.01999	0.79110	0.03723	0.04703	0.01019	0.00588	0.00157	0.00235	0.00901	0.00549	0.00470
67	0.01549	0.04727	0.01709	0.03263	0.25448	0.15161	0.06578	0.15322	0.05382	0.10557	0.01227	0.01339	0.02982	0.00543	0.00510	0.00148	0.02012	0.00455	0.00352	0.00736
68	0.00607	0.00434	0.00578	0.00694	0.00723	0.00405	0.00463	0.00694	0.00954	0.01272	0.02747	0.82157	0.03297	0.01562	0.00636	0.00202	0.00289	0.01417	0.00463	0.00405
69	0.01333	0.82783	0.02612	0.00853	0.01279	0.01972	0.00853	0.01493	0.01013	0.01173	0.00693	0.00800	0.00640	0.00426	0.00320	0.00107	0.00533	0.00267	0.00213	0.00640
70	0.00973	0.00937	0.01492	0.78543	0.03368	0.03827	0.01370	0.01298	0.01011	0.01272	0.00882	0.01314	0.00664	0.00499	0.00497	0.00165	0.00672	0.00439	0.00223	0.00555
71	0.01743	0.00813	0.01035	0.00843	0.01160	0.00756	0.00679	0.02134	0.14019	0.50682	0.11648	0.02241	0.08515	0.00732	0.00520	0.00158	0.00381	0.00608	0.00577	0.00755
72	0.01862	0.02376	0.01413	0.01284	0.01541	0.80482	0.00963	0.01990	0.01413	0.01220	0.00770	0.00899	0.00642	0.00514	0.00449	0.00128	0.00899	0.00321	0.00257	0.00578
73	0.00609	0.00443	0.00575	0.00674	0.00719	0.00409	0.00455	0.00706	0.00989	0.01307	0.05904	0.71909	0.10439	0.01513	0.00630	0.00197	0.00284	0.01363	0.00466	0.00409
74	0.01155	0.01104	0.01881	0.24165	0.58885	0.01164	0.01490	0.01461	0.01098	0.01533	0.00924	0.01259	0.00756	0.00459	0.00495	0.00153	0.00612	0.00444	0.00240	0.00726
75	0.00724	0.00487	0.00563	0.00563	0.00570	0.00494	0.00327	0.00737	0.00731	0.00981	0.01553	0.03162	0.01769	0.76463	0.08498	0.00508	0.00548	0.00710	0.00299	0.00313
76	0.01034	0.00886	0.01034	0.00738	0.01181	0.00664	0.00591	0.01255	0.01034	0.01624	0.00886	0.01034	0.00738	0.00369	0.00369	0.00074	0.00369	0.00295	0.00295	0.85530
77	0.01234	0.01184	0.02023	0.03059	0.79373	0.01184	0.01530	0.01530	0.01135	0.01628	0.00938	0.01234	0.00790	0.00444	0.00493	0.00148	0.00592	0.00444	0.00247	0.00790
78	0.00605	0.00442	0.00570	0.00673	0.00717	0.00407	0.00453	0.00696	0.00975	0.01281	0.03007	0.73416	0.11870	0.01528	0.00631	0.00199	0.00285	0.01376	0.00463	0.00407
79	0.01343	0.27624	0.02532	0.01499	0.01949	0.01445	0.39439	0.06736	0.01216	0.07705	0.01042	0.03386	0.00831	0.00481	0.00490	0.00147	0.00674	0.00490	0.00291	0.00680
80	0.00714	0.00526	0.00759	0.00759	0.00833	0.00600	0.00570	0.00863	0.00788	0.01126	0.01374	0.02173	0.01340	0.16736	0.67637	0.00749	0.01194	0.00566	0.00273	0.00421
81	0.01234	0.01184	0.02023	0.03059	0.79373	0.01184	0.01530	0.01530	0.01135	0.01628	0.00938	0.01234	0.00790	0.00444	0.00493	0.00148	0.00592	0.00444	0.00247	0.00790
82	0.86003	0.00964	0.00733	0.00655	0.00964	0.01118	0.00540	0.01465	0.00848	0.02236	0.00694	0.00810	0.00540	0.00463	0.00308	0.00154	0.00386	0.00270	0.00308	0.00540
83	0.00847	0.00738	0.02522	0.00769	0.00964	0.00725	0.00612	0.01419	0.26345	0.01651	0.08880	0.10798	0.30301	0.01077	0.00576	0.00178	0.00337	0.10229	0.00477	0.00555
84	0.01755	0.00911	0.01141	0.00854	0.01263	0.00779	0.00699	0.08692	0.01361	0.43647	0.01493	0.01404	0.01014	0.00522	0.00452	0.00124	0.00415	0.00419	0.00486	0.32569
85	0.01223	0.01072	0.01611	0.43337	0.19352	0.01238	0.01307	0.18327	0.01317	0.01763	0.00957	0.01269	0.00732	0.00524	0.00543	0.00161	0.03865	0.00444	0.00288	0.00670
86	0.01214	0.00902	0.01039	0.00792	0.01171	0.00782	0.00641	0.13543	0.01273	0.06205	0.01175	0.01443	0.00961	0.00499	0.00413	0.00104	0.00391	0.04583	0.09669	0.53202
87	0.01359	0.01039	0.01123	0.00979	0.01272	0.01158	0.00770	0.11848	0.54911	0.09455	0.02121	0.04125	0.06157	0.00720	0.00514	0.00166	0.00405	0.00596	0.00513	0.00769
88	0.00705	0.00510	0.00666	0.00627	0.00745	0.00470	0.00470	0.00941	0.01411	0.01999	0.79110	0.03723	0.04703	0.01019	0.00588	0.00157	0.00235	0.00901	0.00549	0.00470
89	0.00634	0.00511	0.00570	0.00585	0.00732	0.00447	0.00451	0.00787	0.01167	0.01453	0.15073	0.08891	0.54784	0.01259	0.00604	0.00176	0.00279	0.10692	0.00474	0.00432
90	0.00941	0.00886	0.01495	0.81285	0.03433	0.01107	0.01384	0.01274	0.00997	0.01274	0.00886	0.01329	0.00664	0.00498	0.00498	0.00166	0.00664	0.00443	0.00221	0.00554
91	0.01243	0.01530	0.16676	0.02354	0.45910	0.06136	0.07150	0.03735	0.07305	0.01669	0.01018	0.01235	0.00808	0.00475	0.00495	0.00152	0.00640	0.00442	0.00268	0.00759
92	0.00884	0.00766	0.01221	0.08671	0.31191	0.00771	0.00965	0.01077	0.01034	0.01417	0.01885	0.41458	0.02089	0.01033	0.00571	0.00179	0.00444	0.03417	0.00358	0.00567
93	0.01564	0.00920	0.01150	0.01053	0.06077	0.00918	0.00803	0.23724	0.01579	0.26470	0.05160	0.07534	0.07208	0.00844	0.00548	0.00169	0.00448	0.12611	0.00511	0.00709
94	0.01312	0.14771	0.06609	0.01607	0.27295	0.01128	0.01054	0.01641	0.05950	0.11849	0.02723	0.01257	0.00929	0.00476	0.00439	0.00128	0.00500	0.00401	0.00321	0.19610
95	0.06601	0.10312	0.01530	0.01279	0.05125	0.49592	0.00965	0.01801	0.04318	0.01326	0.00800	0.00965	0.00680	0.00556	0.00600	0.00143	0.12209	0.00344	0.00259	0.00596
96	0.01066	0.02739	0.00915	0.00701	0.00962	0.00651	0.02255	0.01229	0.00991	0.09236	0.01287	0.01823	0.01154	0.22142	0.00976	0.00202	0.01714	0.00465	0.13931	0.35558
97	0.01258	0.33107	0.06108	0.00927	0.01321	0.01427	0.00842	0.06711	0.24144	0.01689	0.03097	0.01265	0.01031	0.00520	0.00410	0.00127	0.00470	0.00393	0.00341	0.14811

[dist]
# distance from previous block
# <min> <max>
0	2

[block]
# block no. 3 follows, 50 sequences, length 18
# corresponding to MSA columns:
# 260-277
name=unknown_D
#
# <colnr> <probs for GDERKNQSTAVLIFYWHMCP>
#	G	D	E	R	K	N	Q	S	T	A	V	L	I	F	Y	W	H	M	C	P
0	0.01273	0.04829	0.40254	0.01240	0.01779	0.01295	0.01348	0.19140	0.20062	0.02042	0.01230	0.01271	0.00896	0.00549	0.00482	0.00157	0.00604	0.00430	0.00348	0.00771
1	0.01192	0.03636	0.19619	0.09657	0.01732	0.03371	0.07248	0.05263	0.14545	0.10162	0.01557	0.15417	0.01351	0.00719	0.00516	0.00165	0.00547	0.00626	0.02007	0.00668
2	0.01073	0.03149	0.15609	0.08579	0.05327	0.00955	0.18644	0.01410	0.02414	0.06358	0.01409	0.09642	0.04833	0.03028	0.00567	0.00159	0.00578	0.00575	0.00308	0.15383
3	0.01068	0.04201	0.46702	0.11296	0.23905	0.01182	0.01673	0.01526	0.01068	0.01545	0.00900	0.01129	0.00680	0.00467	0.00478	0.00155	0.00682	0.00396	0.00222	0.00727
4	0.01215	0.23993	0.01520	0.00835	0.01251	0.10457	0.00708	0.01408	0.01073	0.01450	0.00818	0.00952	0.00699	0.00402	0.00365	0.00089	0.00478	0.00290	0.00268	0.51727
5	0.10169	0.01542	0.24311	0.01256	0.01544	0.01377	0.01237	0.09031	0.01016	0.01616	0.00783	0.01060	0.00655	0.00685	0.01041	0.00187	0.41206	0.00400	0.00254	0.00631
6	0.00877	0.00713	0.00856	0.00708	0.00989	0.00570	0.00531	0.01048	0.01015	0.01509	0.06069	0.24039	0.01752	0.05588	0.00585	0.00139	0.00346	0.00671	0.00358	0.51639
7	0.00636	0.00466	0.00568	0.00621	0.00684	0.00429	0.00418	0.00733	0.01006	0.01320	0.12038	0.43188	0.18897	0.15494	0.00951	0.00239	0.00309	0.01160	0.00445	0.00398
8	0.03725	0.40705	0.26932	0.01089	0.01609	0.01497	0.04643	0.01645	0.01082	0.11495	0.00936	0.01021	0.00716	0.00467	0.00404	0.00133	0.00594	0.00344	0.00269	0.00696
9	0.04450	0.05041	0.01763	0.01879	0.26563	0.06601	0.01204	0.13664	0.09567	0.01947	0.01175	0.01448	0.00988	0.00722	0.00833	0.00198	0.20297	0.00491	0.00371	0.00797
10	0.00684	0.00523	0.00633	0.00695	0.00803	0.00489	0.00525	0.02392	0.02864	0.01402	0.03462	0.35633	0.29036	0.01379	0.00626	0.00195	0.00321	0.17434	0.00464	0.00440
11	0.00768	0.00558	0.00744	0.00753	0.00832	0.00603	0.00547	0.06314	0.00944	0.01302	0.01776	0.25521	0.01908	0.15723	0.38743	0.00528	0.00835	0.00817	0.00346	0.00439
12	0.01166	0.00881	0.01097	0.09316	0.01431	0.00720	0.00692	0.01396	0.01076	0.10810	0.01014	0.01143	0.00789	0.00412	0.00398	0.00093	0.00407	0.00335	0.00325	0.66498
13	0.01589	0.00938	0.01183	0.01046	0.07351	0.00871	0.00769	0.02090	0.19789	0.33568	0.01605	0.01518	0.01132	0.00550	0.00466	0.00135	0.00415	0.00455	0.00473	0.24056
14	0.01142	0.00962	0.02780	0.01764	0.31481	0.02190	0.02313	0.09409	0.01250	0.05248	0.01727	0.17230	0.01742	0.00886	0.00565	0.00177	0.00505	0.17603	0.00378	0.00647
15	0.01021	0.01063	0.09466	0.00989	0.07342	0.00742	0.00789	0.01279	0.01039	0.01600	0.00997	0.05678	0.00877	0.00454	0.00405	0.00096	0.00421	0.00379	0.00292	0.65071
16	0.01320	0.03236	0.06568	0.05630	0.03069	0.09696	0.06978	0.10163	0.13050	0.05327	0.01138	0.01234	0.00871	0.00489	0.00452	0.00127	0.00540	0.00404	0.00345	0.29364
17	0.01661	0.05078	0.06846	0.01060	0.05703	0.02550	0.00862	0.16099	0.05035	0.32320	0.13096	0.01772	0.01576	0.00640	0.00497	0.00149	0.00460	0.00522	0.01806	0.02268

[dist]
# distance from previous block
# <min> <max>
10	40

[block]
# block no. 4 follows, 50 sequences, length 70
# corresponding to MSA columns:
# 325-394
name=unknown_E
#
# <colnr> <probs for GDERKNQSTAVLIFYWHMCP>
#	G	D	E	R	K	N	Q	S	T	A	V	L	I	F	Y	W	H	M	C	P
0	0.13106	0.00996	0.01245	0.03056	0.12164	0.00939	0.02696	0.11492	0.01254	0.09994	0.04547	0.01256	0.00961	0.00482	0.00427	0.00122	0.00444	0.00392	0.00359	0.34067
1	0.01185	0.06629	0.04884	0.01358	0.14266	0.07507	0.08128	0.06953	0.11107	0.04626	0.18933	0.02148	0.08759	0.00696	0.00518	0.00153	0.00499	0.00606	0.00395	0.00651
2	0.01160	0.01141	0.07540	0.00958	0.01365	0.03744	0.05051	0.11742	0.06725	0.01825	0.03005	0.07260	0.01083	0.00543	0.00445	0.00116	0.00461	0.00457	0.00346	0.45032
3	0.03066	0.03791	0.39601	0.01361	0.10970	0.05344	0.01294	0.02824	0.05161	0.01493	0.01096	0.01580	0.00957	0.18321	0.00918	0.00225	0.00638	0.00459	0.00261	0.00638
4	0.00744	0.00557	0.00766	0.00750	0.00803	0.00641	0.00548	0.00856	0.00772	0.01095	0.01366	0.02339	0.01396	0.30292	0.48315	0.00651	0.06839	0.00592	0.00275	0.00404
5	0.01436	0.01186	0.01129	0.00999	0.01280	0.12109	0.00777	0.03464	0.51832	0.11494	0.01807	0.01697	0.01338	0.00639	0.00487	0.00158	0.00459	0.00514	0.06451	0.00745
6	0.00962	0.00836	0.02568	0.00819	0.01041	0.00865	0.00645	0.01779	0.40240	0.01926	0.26348	0.02903	0.15274	0.00874	0.00545	0.00165	0.00329	0.00744	0.00506	0.00629
7	0.01034	0.00886	0.01034	0.00738	0.01181	0.00664	0.00591	0.01255	0.01034	0.01624	0.00886	0.01034	0.00738	0.00369	0.00369	0.00074	0.00369	0.00295	0.00295	0.85530
8	0.01252	0.01434	0.17534	0.09859	0.44868	0.02425	0.01469	0.05814	0.01200	0.06136	0.02661	0.01278	0.00856	0.00487	0.00492	0.00152	0.00613	0.00440	0.00279	0.00753
9	0.00713	0.00531	0.00788	0.00788	0.00873	0.00616	0.00607	0.00882	0.00797	0.01148	0.01347	0.02024	0.01275	0.07691	0.76593	0.00785	0.01292	0.00544	0.00269	0.00438
10	0.01409	0.01186	0.01658	0.02057	0.40869	0.01246	0.01187	0.26437	0.07918	0.02189	0.06314	0.01450	0.01138	0.00554	0.00500	0.00150	0.00531	0.00486	0.01939	0.00781
11	0.00597	0.00495	0.00523	0.00538	0.00684	0.00421	0.00395	0.00724	0.01124	0.01369	0.08445	0.15578	0.64806	0.01292	0.00596	0.00173	0.00257	0.01096	0.00467	0.00421
12	0.00947	0.00838	0.01274	0.01731	0.36519	0.00817	0.00953	0.01235	0.04205	0.01707	0.25873	0.02745	0.16312	0.00794	0.00544	0.00157	0.00410	0.01927	0.00393	0.00619
13	0.01115	0.01183	0.02125	0.01640	0.01865	0.01378	0.34764	0.01364	0.00947	0.01373	0.00834	0.01233	0.00720	0.00773	0.03928	0.00216	0.43204	0.00507	0.00235	0.00598
14	0.01211	0.00968	0.01341	0.46415	0.02470	0.01136	0.01105	0.23010	0.01387	0.01892	0.01085	0.01370	0.00808	0.00539	0.00476	0.00154	0.00567	0.00448	0.12991	0.00624
15	0.01022	0.00987	0.01556	0.45507	0.09850	0.01264	0.01294	0.01271	0.00927	0.01281	0.00809	0.01235	0.00673	0.00626	0.00902	0.00183	0.29378	0.00441	0.00223	0.00573
16	0.05911	0.67847	0.09769	0.00906	0.01355	0.01834	0.00933	0.04240	0.01055	0.01339	0.00730	0.00838	0.00641	0.00439	0.00340	0.00116	0.00545	0.00283	0.00228	0.00651
17	0.00690	0.00509	0.00645	0.00611	0.00735	0.00464	0.00458	0.00911	0.01375	0.01914	0.69448	0.03863	0.14419	0.01051	0.00588	0.00158	0.00237	0.00921	0.00537	0.00464
18	0.05021	0.44876	0.29201	0.01140	0.01675	0.01596	0.07365	0.01529	0.01032	0.01395	0.00788	0.00931	0.00642	0.00444	0.00394	0.00131	0.00621	0.00328	0.00220	0.00671
19	0.00670	0.00485	0.00673	0.00730	0.00784	0.00508	0.00524	0.00790	0.00877	0.01203	0.02052	0.38558	0.02300	0.10878	0.32948	0.00474	0.00737	0.04030	0.00367	0.00412
20	0.14312	0.01287	0.08508	0.01169	0.01514	0.01293	0.07860	0.24044	0.07323	0.11758	0.01140	0.01232	0.00839	0.00607	0.00676	0.00167	0.14725	0.00440	0.00388	0.00718
21	0.01012	0.02494	0.74673	0.01467	0.02188	0.01165	0.06985	0.01580	0.01061	0.01580	0.00902	0.01072	0.00640	0.00470	0.00481	0.00159	0.00744	0.00383	0.00213	0.00732
22	0.00740	0.00536	0.00769	0.00827	0.00920	0.00575	0.00669	0.00929	0.00960	0.01317	0.02015	0.12670	0.02118	0.02493	0.38281	0.00493	0.00847	0.30125	0.02270	0.00446
23	0.01240	0.01071	0.01127	0.01014	0.01296	0.01240	0.00789	0.02649	0.78473	0.02085	0.02029	0.01860	0.01522	0.00676	0.00507	0.00169	0.00394	0.00564	0.00507	0.00789
