[name]
unknown

[dist]
# distance from previous block
# <min> <max>
2	554

[block]
# block no. 0 follows, 48 sequences, length 35
# corresponding to MSA columns:
# 641-675
name=unknown_A
#
# <colnr> <probs for GDERKNQSTAVLIFYWHMCP>
#	G	D	E	R	K	N	Q	S	T	A	V	L	I	F	Y	W	H	M	C	P
0	0.01471	0.07067	0.08723	0.01251	0.06982	0.01158	0.06792	0.07613	0.24808	0.18445	0.08838	0.01766	0.01496	0.00635	0.00516	0.00161	0.00502	0.00543	0.00460	0.00773
1	0.01342	0.03975	0.04806	0.01850	0.29414	0.02788	0.07216	0.05979	0.13587	0.09946	0.12273	0.01764	0.01539	0.00607	0.00525	0.00158	0.00535	0.00550	0.00393	0.00754
2	0.05635	0.04258	0.05450	0.01301	0.11906	0.12897	0.00950	0.08977	0.08137	0.21653	0.08174	0.02906	0.01357	0.00682	0.01936	0.00165	0.00559	0.00502	0.00433	0.02120
3	0.01252	0.04076	0.06073	0.06465	0.21547	0.02239	0.00998	0.01586	0.05518	0.15609	0.22226	0.02264	0.06537	0.00716	0.00534	0.00158	0.00465	0.00623	0.00428	0.00685
4	0.01488	0.07089	0.09208	0.01167	0.07721	0.01094	0.00952	0.12137	0.06429	0.17491	0.01239	0.01285	0.00914	0.00530	0.00511	0.00134	0.04117	0.00411	0.00392	0.25690
5	0.01409	0.11568	0.07233	0.01349	0.16431	0.02385	0.00965	0.05160	0.07432	0.19553	0.11110	0.04856	0.06967	0.00699	0.00510	0.00155	0.00479	0.00587	0.00430	0.00721
6	0.00730	0.00519	0.00693	0.00702	0.00750	0.00562	0.00487	0.00827	0.00804	0.01117	0.01596	0.09071	0.01704	0.37068	0.40419	0.00635	0.00912	0.00708	0.00307	0.00392
7	0.01486	0.52441	0.02179	0.01012	0.01374	0.24531	0.00907	0.01647	0.01173	0.01248	0.00900	0.01257	0.00846	0.00545	0.00399	0.00127	0.00652	0.06399	0.00253	0.00625
8	0.01246	0.00967	0.01139	0.03175	0.01332	0.00802	0.00683	0.09682	0.01239	0.07333	0.01026	0.01140	0.00806	0.00428	0.00408	0.00093	0.00413	0.00341	0.00348	0.67398
9	0.01538	0.05560	0.29782	0.01314	0.03120	0.24845	0.01290	0.10305	0.08032	0.07790	0.01097	0.01169	0.00809	0.00541	0.00482	0.00151	0.00719	0.00399	0.00324	0.00732
10	0.00857	0.00909	0.10936	0.00820	0.01082	0.00680	0.04351	0.06809	0.01263	0.03034	0.12203	0.09160	0.36948	0.04121	0.00660	0.00184	0.00395	0.03085	0.01970	0.00531
11	0.00646	0.00458	0.00605	0.00714	0.00746	0.00432	0.00481	0.00735	0.00974	0.01296	0.02724	0.71293	0.03246	0.08140	0.00817	0.00233	0.00323	0.05263	0.00463	0.00411
12	0.01265	0.01114	0.01864	0.07839	0.01976	0.02876	0.29641	0.01574	0.01175	0.10318	0.01135	0.01423	0.00880	0.00474	0.00503	0.00136	0.00611	0.02667	0.00322	0.32206
13	0.01283	0.66187	0.12428	0.00931	0.01380	0.01813	0.00969	0.01492	0.01027	0.01246	0.00804	0.01037	0.00743	0.06239	0.00512	0.00144	0.00572	0.00321	0.00226	0.00647
14	0.00747	0.00537	0.00749	0.00852	0.00937	0.00539	0.00685	0.00927	0.01068	0.01415	0.02580	0.30762	0.02884	0.01796	0.10960	0.00303	0.00531	0.40828	0.00448	0.00452
15	0.00625	0.00447	0.00595	0.00714	0.00744	0.00417	0.00476	0.00714	0.00982	0.01310	0.02828	0.81633	0.03394	0.01608	0.00655	0.00208	0.00298	0.01459	0.00476	0.00417
16	0.01025	0.00877	0.01056	0.00854	0.04893	0.00682	0.00634	0.01253	0.01106	0.01690	0.07435	0.01484	0.04804	0.00482	0.00415	0.00091	0.00374	0.00399	0.00331	0.70115
17	0.00720	0.00508	0.00653	0.00661	0.00765	0.00464	0.00479	0.00902	0.01276	0.03611	0.45364	0.28489	0.11707	0.01241	0.00619	0.00177	0.00266	0.01101	0.00530	0.00467
18	0.00733	0.00550	0.00825	0.00825	0.00916	0.00641	0.00641	0.00916	0.00825	0.01191	0.01374	0.02016	0.01283	0.03848	0.79934	0.00825	0.01374	0.00550	0.00275	0.00458
19	0.00733	0.00550	0.00825	0.00825	0.00916	0.00641	0.00641	0.00916	0.00825	0.01191	0.01374	0.02016	0.01283	0.03848	0.79934	0.00825	0.01374	0.00550	0.00275	0.00458
20	0.01160	0.01107	0.01884	0.31492	0.51284	0.01190	0.01520	0.01478	0.01116	0.01543	0.00946	0.01306	0.00766	0.00478	0.00510	0.00159	0.00637	0.00457	0.00244	0.00724
21	0.00969	0.00912	0.01539	0.80734	0.03534	0.01140	0.01425	0.01311	0.01026	0.01311	0.00912	0.01368	0.00684	0.00513	0.00513	0.00171	0.00684	0.00456	0.00228	0.00570
22	0.00624	0.00452	0.00590	0.00701	0.00741	0.00418	0.00470	0.00716	0.00996	0.01315	0.02996	0.76182	0.08735	0.01586	0.00651	0.00206	0.00295	0.01432	0.00476	0.00418
23	0.00746	0.00497	0.00560	0.00560	0.00560	0.00497	0.00311	0.00746	0.00746	0.00995	0.01617	0.03358	0.01865	0.81967	0.02612	0.00497	0.00497	0.00746	0.00311	0.00311
24	0.01064	0.00912	0.01064	0.00760	0.01216	0.00684	0.00608	0.01292	0.01064	0.01672	0.00912	0.01064	0.00760	0.00380	0.00380	0.00076	0.00380	0.00304	0.00304	0.85104
25	0.01072	0.01049	0.01475	0.01280	0.01291	0.01452	0.01060	0.01194	0.00791	0.01229	0.00764	0.01238	0.00752	0.01279	0.11785	0.00302	0.70746	0.00462	0.00231	0.00548
26	0.01149	0.01259	0.09381	0.02486	0.49633	0.01106	0.10163	0.01473	0.01150	0.01625	0.01271	0.08458	0.01187	0.00633	0.00546	0.00167	0.00616	0.06675	0.00288	0.00732
27	0.01135	0.01140	0.02013	0.01438	0.01924	0.00981	0.37477	0.01462	0.01135	0.01658	0.00973	0.01219	0.00769	0.00405	0.00489	0.00123	0.00614	0.00450	0.00283	0.44313
28	0.00746	0.00497	0.00560	0.00560	0.00560	0.00497	0.00311	0.00746	0.00746	0.00995	0.01617	0.03358	0.01865	0.81967	0.02612	0.00497	0.00497	0.00746	0.00311	0.00311
29	0.00733	0.00548	0.00817	0.00817	0.00906	0.00637	0.00632	0.00911	0.00822	0.01185	0.01381	0.02055	0.01300	0.06123	0.77683	0.00815	0.01349	0.00555	0.00276	0.00454
30	0.01000	0.00973	0.01731	0.70592	0.03424	0.01160	0.11168	0.01354	0.01050	0.01354	0.00928	0.01370	0.00696	0.00503	0.00525	0.00171	0.00707	0.00475	0.00232	0.00586
31	0.00891	0.00446	0.00668	0.00668	0.00668	0.00446	0.00446	0.00668	0.00668	0.00891	0.00891	0.01560	0.00891	0.01783	0.02005	0.85071	0.00446	0.00446	0.00223	0.00223
32	0.00682	0.00492	0.00658	0.00771	0.00834	0.00468	0.00573	0.00816	0.01049	0.01379	0.02910	0.56088	0.06890	0.01538	0.00668	0.00215	0.00346	0.22715	0.00475	0.00434
33	0.01948	0.01518	0.01533	0.01192	0.01591	0.07837	0.00977	0.71074	0.02336	0.03076	0.01197	0.01207	0.00856	0.00609	0.00509	0.00152	0.00593	0.00451	0.00493	0.00850
34	0.00733	0.00550	0.00825	0.00825	0.00916	0.00641	0.00641	0.00916	0.00825	0.01191	0.01374	0.02016	0.01283	0.03848	0.79934	0.00825	0.01374	0.00550	0.00275	0.00458

[dist]
# distance from previous block
# <min> <max>
0	2

[block]
# block no. 1 follows, 48 sequences, length 60
# corresponding to MSA columns:
# 678-737
name=unknown_B
#
# <colnr> <probs for GDERKNQSTAVLIFYWHMCP>
#	G	D	E	R	K	N	Q	S	T	A	V	L	I	F	Y	W	H	M	C	P
0	0.01660	0.13769	0.01590	0.01070	0.01444	0.01522	0.00896	0.47852	0.13828	0.02660	0.07414	0.01481	0.01262	0.00635	0.00494	0.00151	0.00512	0.00488	0.00473	0.00799
1	0.01069	0.11834	0.70475	0.01395	0.02117	0.01288	0.01778	0.01615	0.01079	0.01577	0.00897	0.01053	0.00651	0.00482	0.00469	0.00156	0.00734	0.00367	0.00217	0.00747
2	0.03292	0.26127	0.23431	0.01173	0.04716	0.01448	0.01162	0.17016	0.01355	0.03619	0.02349	0.01100	0.00805	0.00499	0.00433	0.00135	0.00582	0.00370	0.00308	0.10081
3	0.28471	0.01465	0.01357	0.01236	0.07528	0.18687	0.03943	0.22257	0.01486	0.06058	0.00970	0.01070	0.00732	0.00539	0.00466	0.00153	0.02143	0.00382	0.00366	0.00692
4	0.00650	0.00510	0.00588	0.00593	0.00726	0.00448	0.00435	0.00812	0.01237	0.01604	0.29875	0.16378	0.41791	0.01261	0.00613	0.00175	0.00260	0.01088	0.00507	0.00448
5	0.00746	0.00497	0.00560	0.00560	0.00560	0.00497	0.00311	0.00746	0.00746	0.00995	0.01617	0.03358	0.01865	0.81967	0.02612	0.00497	0.00497	0.00746	0.00311	0.00311
6	0.01478	0.01064	0.02823	0.01178	0.07146	0.01071	0.06828	0.24496	0.09515	0.11878	0.07555	0.01774	0.01399	0.03902	0.00586	0.00166	0.00480	0.00538	0.13763	0.02362
7	0.01806	0.02253	0.01497	0.01417	0.05472	0.68209	0.01034	0.01945	0.01374	0.01275	0.00790	0.00962	0.00670	0.00561	0.00585	0.00142	0.08795	0.00349	0.00260	0.00603
8	0.00969	0.00912	0.01539	0.80734	0.03534	0.01140	0.01425	0.01311	0.01026	0.01311	0.00912	0.01368	0.00684	0.00513	0.00513	0.00171	0.00684	0.00456	0.00228	0.00570
9	0.01029	0.02654	0.79309	0.01462	0.02221	0.01192	0.01896	0.01625	0.01083	0.01625	0.00921	0.01083	0.00650	0.00487	0.00487	0.00162	0.00758	0.00379	0.00217	0.00758
10	0.00687	0.00507	0.00543	0.00543	0.00616	0.00470	0.00344	0.00742	0.00925	0.01160	0.03126	0.04024	0.34186	0.47972	0.01767	0.00361	0.00397	0.00888	0.00381	0.00362
11	0.01797	0.01289	0.01376	0.01072	0.01438	0.01420	0.00880	0.65367	0.02207	0.03030	0.01300	0.01337	0.00941	0.00613	0.00489	0.00149	0.00514	0.00464	0.13503	0.00812
12	0.00744	0.00505	0.00599	0.00599	0.00612	0.00519	0.00360	0.00771	0.00758	0.01024	0.01581	0.03160	0.01780	0.70471	0.13991	0.00546	0.00627	0.00717	0.00306	0.00333
13	0.01276	0.01102	0.01160	0.01044	0.01334	0.01276	0.00812	0.02727	0.77840	0.02146	0.02088	0.01914	0.01566	0.00696	0.00522	0.00174	0.00406	0.00580	0.00522	0.00812
14	0.00647	0.00466	0.00637	0.00737	0.00779	0.00456	0.00511	0.00755	0.00963	0.01297	0.02601	0.67400	0.03057	0.01948	0.12872	0.00304	0.00468	0.03232	0.00445	0.00425
15	0.01212	0.13699	0.02300	0.01576	0.01888	0.01437	0.33063	0.01479	0.01049	0.03445	0.00983	0.01454	0.00856	0.00643	0.00914	0.00181	0.26900	0.04526	0.00264	0.02134
16	0.14346	0.63796	0.02306	0.00881	0.01274	0.03452	0.00844	0.01526	0.01011	0.01378	0.00713	0.00843	0.00643	0.00471	0.00402	0.00124	0.04832	0.00285	0.00236	0.00636
17	0.01319	0.70008	0.14495	0.00968	0.01456	0.01901	0.01035	0.01550	0.01049	0.01272	0.00745	0.00863	0.00657	0.00446	0.00354	0.00118	0.00581	0.00291	0.00219	0.00674
18	0.00643	0.00521	0.00570	0.00558	0.00715	0.00449	0.00419	0.00807	0.01256	0.01591	0.27508	0.04602	0.56121	0.01223	0.00606	0.00170	0.00254	0.01036	0.00503	0.00449
19	0.00735	0.00542	0.00784	0.00784	0.00861	0.00619	0.00590	0.00890	0.00813	0.01161	0.01412	0.02223	0.01373	0.15885	0.68020	0.00774	0.01239	0.00580	0.00280	0.00435
20	0.00703	0.00651	0.00912	0.00782	0.01003	0.00567	0.12184	0.00880	0.01176	0.01437	0.05984	0.06845	0.62634	0.01171	0.00608	0.00174	0.00354	0.01018	0.00445	0.00474
21	0.00969	0.00912	0.01539	0.80734	0.03534	0.01140	0.01425	0.01311	0.01026	0.01311	0.00912	0.01368	0.00684	0.00513	0.00513	0.00171	0.00684	0.00456	0.00228	0.00570
22	0.00734	0.00545	0.00802	0.00802	0.00886	0.00629	0.00613	0.00902	0.00818	0.01175	0.01395	0.02129	0.01332	0.10439	0.73411	0.00797	0.01300	0.00566	0.00278	0.00446
23	0.00845	0.00789	0.01457	0.09720	0.01648	0.00769	0.24470	0.01069	0.01059	0.01414	0.02064	0.47967	0.02287	0.01123	0.00624	0.00193	0.00516	0.01085	0.00382	0.00519
24	0.01362	0.00918	0.00963	0.00817	0.01067	0.01000	0.00649	0.28581	0.13382	0.02422	0.01580	0.01669	0.01195	0.00619	0.00439	0.00140	0.00381	0.00488	0.41656	0.00671
25	0.00744	0.00505	0.00599	0.00599	0.00612	0.00519	0.00360	0.00771	0.00758	0.01024	0.01581	0.03160	0.01780	0.70471	0.13991	0.00546	0.00627	0.00717	0.00306	0.00333
26	0.01184	0.38629	0.44690	0.01198	0.01812	0.01571	0.01436	0.01585	0.01065	0.01436	0.00827	0.00966	0.00654	0.00466	0.00416	0.00139	0.00664	0.00332	0.00218	0.00713
27	0.01454	0.13851	0.01477	0.01075	0.01395	0.13751	0.00866	0.09327	0.47037	0.01963	0.01594	0.01528	0.01220	0.00623	0.00482	0.00156	0.00524	0.00483	0.00434	0.00760
28	0.01211	0.01384	0.03028	0.02163	0.02682	0.01298	0.76903	0.01644	0.01211	0.01644	0.01038	0.01384	0.00779	0.00433	0.00606	0.00173	0.00865	0.00606	0.00260	0.00692
29	0.01654	0.01317	0.13558	0.01243	0.01689	0.01062	0.14396	0.18097	0.01525	0.28665	0.01735	0.05702	0.05606	0.00660	0.00539	0.00164	0.00572	0.00580	0.00461	0.00775
30	0.01056	0.05261	0.64595	0.01424	0.02054	0.01280	0.01740	0.01562	0.01036	0.01550	0.00875	0.01080	0.00654	0.00549	0.00666	0.00170	0.13119	0.00386	0.00218	0.00724
31	0.00638	0.00452	0.00591	0.00697	0.00724	0.00426	0.00458	0.00718	0.00956	0.01275	0.02695	0.73014	0.03225	0.10455	0.00870	0.00240	0.00320	0.01380	0.00458	0.00405
32	0.01225	0.02380	0.67272	0.01378	0.02080	0.01124	0.01720	0.01760	0.01143	0.13566	0.01091	0.01185	0.00746	0.00510	0.00492	0.00162	0.00709	0.00400	0.00281	0.00776
33	0.01265	0.01274	0.01881	0.22131	0.51922	0.09610	0.01475	0.01560	0.01164	0.01541	0.00934	0.01257	0.00765	0.00479	0.00504	0.00155	0.00662	0.00443	0.00249	0.00729
34	0.01080	0.14372	0.68033	0.01376	0.02088	0.01315	0.01746	0.01612	0.01077	0.01563	0.00890	0.01045	0.00651	0.00480	0.00464	0.00155	0.00727	0.00364	0.00217	0.00744
35	0.00642	0.00525	0.00573	0.00599	0.00754	0.00456	0.00463	0.00785	0.01158	0.01404	0.04643	0.10661	0.61428	0.01340	0.00626	0.00186	0.00295	0.12548	0.00476	0.00438
36	0.01029	0.00556	0.00571	0.00543	0.00685	0.00571	0.00415	0.07187	0.01175	0.01998	0.01631	0.01862	0.01279	0.00686	0.02488	0.00141	0.00295	0.00479	0.75901	0.00509
37	0.01771	0.01137	0.01270	0.01027	0.01366	0.02802	0.00827	0.36491	0.11774	0.21689	0.04788	0.08449	0.01440	0.00731	0.00527	0.00162	0.00479	0.00592	0.01880	0.00798
38	0.01171	0.01094	0.01764	0.32580	0.39971	0.01203	0.01423	0.03279	0.09336	0.01621	0.01071	0.01376	0.00845	0.00508	0.00512	0.00162	0.00615	0.00470	0.00278	0.00721
39	0.01450	0.01255	0.01009	0.00909	0.01125	0.28242	0.00691	0.02844	0.01377	0.14431	0.19233	0.06672	0.03532	0.00757	0.00502	0.00147	0.00521	0.00605	0.14111	0.00587
40	0.01064	0.00912	0.01064	0.00760	0.01216	0.00684	0.00608	0.01292	0.01064	0.01672	0.00912	0.01064	0.00760	0.00380	0.00380	0.00076	0.00380	0.00304	0.00304	0.85104
41	0.00986	0.00753	0.00910	0.00813	0.00926	0.00839	0.00605	0.13896	0.01175	0.01609	0.11957	0.02714	0.08116	0.29669	0.11840	0.00374	0.11264	0.00684	0.00377	0.00493
42	0.01270	0.01219	0.02083	0.03149	0.78767	0.01219	0.01575	0.01575	0.01168	0.01676	0.00965	0.01270	0.00813	0.00457	0.00508	0.00152	0.00610	0.00457	0.00254	0.00813
43	0.00614	0.00522	0.00530	0.00534	0.00705	0.00438	0.00404	0.00747	0.01170	0.01391	0.05118	0.04966	0.76117	0.01303	0.00610	0.00175	0.00267	0.03480	0.00476	0.00434
44	0.01372	0.82276	0.02689	0.00878	0.01317	0.02030	0.00878	0.01536	0.01043	0.01207	0.00713	0.00823	0.00658	0.00439	0.00329	0.00110	0.00549	0.00274	0.00219	0.00658
45	0.00606	0.00520	0.00520	0.00520	0.00693	0.00433	0.00390	0.00736	0.01170	0.01386	0.05198	0.04938	0.78558	0.01299	0.00606	0.00173	0.00260	0.01083	0.00476	0.00433
46	0.85592	0.00992	0.00754	0.00675	0.00992	0.01151	0.00556	0.01508	0.00873	0.02302	0.00714	0.00834	0.00556	0.00476	0.00318	0.00159	0.00397	0.00278	0.00318	0.00556
47	0.01609	0.00895	0.01120	0.00827	0.01257	0.00715	0.00672	0.01824	0.01242	0.35762	0.01402	0.01364	0.00985	0.00492	0.00440	0.00112	0.00405	0.00397	0.00450	0.48030
48	0.00708	0.00524	0.00660	0.00626	0.00755	0.00476	0.00470	0.00933	0.01409	0.01954	0.67202	0.04003	0.16200	0.01088	0.00605	0.00163	0.00245	0.00952	0.00551	0.00476
49	0.00795	0.00572	0.00803	0.00886	0.00988	0.00592	0.00742	0.01000	0.01065	0.01415	0.02335	0.06443	0.02504	0.07356	0.19180	0.00389	0.00679	0.51383	0.00416	0.00457
50	0.01740	0.02045	0.01489	0.01313	0.01533	0.54334	0.01019	0.09367	0.01399	0.01449	0.00810	0.01001	0.00685	0.00621	0.00744	0.00155	0.19030	0.00370	0.00280	0.00615
51	0.01024	0.00847	0.00915	0.00831	0.01062	0.00907	0.00642	0.06092	0.37346	0.01994	0.19333	0.03066	0.22000	0.00923	0.00561	0.00170	0.00342	0.00778	0.00519	0.00648
52	0.01010	0.00954	0.01613	0.70113	0.13833	0.01151	0.01445	0.01347	0.01045	0.01361	0.00919	0.01355	0.00702	0.00505	0.00512	0.00168	0.00674	0.00456	0.00232	0.00603
53	0.01064	0.00912	0.01064	0.00760	0.01216	0.00684	0.00608	0.01292	0.01064	0.01672	0.00912	0.01064	0.00760	0.00380	0.00380	0.00076	0.00380	0.00304	0.00304	0.85104
54	0.01352	0.01388	0.01938	0.07444	0.61071	0.13340	0.01463	0.01652	0.02521	0.01598	0.00955	0.01234	0.00795	0.00476	0.00502	0.00151	0.00659	0.00440	0.00259	0.00765
55	0.01623	0.22017	0.03709	0.01484	0.13409	0.43812	0.01069	0.01804	0.01290	0.01327	0.00869	0.01125	0.00763	0.00525	0.00446	0.00134	0.00763	0.02930	0.00258	0.00644
56	0.01034	0.00982	0.01138	0.01023	0.01057	0.08365	0.00787	0.01114	0.00862	0.01169	0.01248	0.02208	0.03702	0.29651	0.01826	0.00312	0.39198	0.03580	0.00277	0.00468
57	0.14008	0.00924	0.01418	0.68398	0.03142	0.01142	0.01291	0.01341	0.01002	0.01464	0.00882	0.01286	0.00664	0.00507	0.00483	0.00169	0.00640	0.00429	0.00242	0.00568
58	0.20307	0.00884	0.00899	0.00796	0.01062	0.00938	0.00627	0.11214	0.16403	0.08696	0.05187	0.08377	0.20897	0.00864	0.00508	0.00169	0.00376	0.00696	0.00471	0.00630
59	0.05956	0.01023	0.01085	0.00908	0.01199	0.04569	0.00723	0.22358	0.12679	0.14165	0.18190	0.02360	0.11012	0.00791	0.00533	0.00161	0.00425	0.00643	0.00518	0.00701

[dist]
# distance from previous block
# <min> <max>
0	1

[block]
# block no. 2 follows, 48 sequences, length 100
# corresponding to MSA columns:
# 739-838
name=unknown_C
#
# <colnr> <probs for GDERKNQSTAVLIFYWHMCP>
#	G	D	E	R	K	N	Q	S	T	A	V	L	I	F	Y	W	H	M	C	P
0	0.26410	0.01009	0.01166	0.00968	0.01297	0.01078	0.07924	0.03794	0.25725	0.12540	0.03058	0.01772	0.07736	0.00645	0.00473	0.00164	0.00439	0.00523	0.00443	0.02839
1	0.26805	0.01157	0.01082	0.00903	0.01237	0.12383	0.00725	0.05663	0.05801	0.30891	0.05962	0.01454	0.01172	0.00595	0.00452	0.00154	0.00487	0.00440	0.00465	0.02171
2	0.00724	0.00522	0.00705	0.00808	0.00891	0.00503	0.00635	0.00893	0.01113	0.01464	0.07498	0.37802	0.07034	0.01470	0.00674	0.00217	0.00374	0.35746	0.00480	0.00448
3	0.01249	0.01166	0.01906	0.05921	0.10335	0.02819	0.27746	0.01915	0.23733	0.06138	0.06358	0.01796	0.03711	0.00605	0.00578	0.00170	0.02160	0.00595	0.00381	0.00718
4	0.01065	0.00872	0.01019	0.00745	0.01156	0.00668	0.00583	0.01271	0.01044	0.03576	0.01007	0.01300	0.00878	0.08148	0.00596	0.00118	0.00393	0.00351	0.00313	0.74897
5	0.00712	0.00516	0.00672	0.00655	0.00767	0.00476	0.00486	0.00932	0.01382	0.01938	0.65776	0.13187	0.06989	0.01130	0.00613	0.00169	0.00253	0.02322	0.00550	0.00474
6	0.01211	0.01384	0.03028	0.02163	0.02682	0.01298	0.76903	0.01644	0.01211	0.01644	0.01038	0.01384	0.00779	0.00433	0.00606	0.00173	0.00865	0.00606	0.00260	0.00692
7	0.00969	0.00912	0.01539	0.80734	0.03534	0.01140	0.01425	0.01311	0.01026	0.01311	0.00912	0.01368	0.00684	0.00513	0.00513	0.00171	0.00684	0.00456	0.00228	0.00570
8	0.01029	0.02654	0.79309	0.01462	0.02221	0.01192	0.01896	0.01625	0.01083	0.01625	0.00921	0.01083	0.00650	0.00487	0.00487	0.00162	0.00758	0.00379	0.00217	0.00758
9	0.00625	0.00447	0.00595	0.00714	0.00744	0.00417	0.00476	0.00714	0.00982	0.01310	0.02828	0.81633	0.03394	0.01608	0.00655	0.00208	0.00298	0.01459	0.00476	0.00417
10	0.00715	0.00524	0.00670	0.00634	0.00760	0.00479	0.00475	0.00946	0.01426	0.01994	0.71523	0.03938	0.11854	0.01073	0.00605	0.00163	0.00244	0.00943	0.00556	0.00479
11	0.00746	0.00497	0.00560	0.00560	0.00560	0.00497	0.00311	0.00746	0.00746	0.00995	0.01617	0.03358	0.01865	0.81967	0.02612	0.00497	0.00497	0.00746	0.00311	0.00311
12	0.01372	0.82276	0.02689	0.00878	0.01317	0.02030	0.00878	0.01536	0.01043	0.01207	0.00713	0.00823	0.00658	0.00439	0.00329	0.00110	0.00549	0.00274	0.00219	0.00658
13	0.00606	0.00520	0.00520	0.00520	0.00693	0.00433	0.00390	0.00736	0.01170	0.01386	0.05198	0.04938	0.78558	0.01299	0.00606	0.00173	0.00260	0.01083	0.00476	0.00433
14	0.01372	0.82276	0.02689	0.00878	0.01317	0.02030	0.00878	0.01536	0.01043	0.01207	0.00713	0.00823	0.00658	0.00439	0.00329	0.00110	0.00549	0.00274	0.00219	0.00658
15	0.00994	0.00623	0.00868	0.00941	0.01091	0.00609	0.00819	0.01226	0.01214	0.10320	0.02638	0.05330	0.02762	0.01329	0.00687	0.00227	0.00468	0.66845	0.00491	0.00518
16	0.01286	0.09477	0.01318	0.01027	0.01332	0.01354	0.00819	0.02604	0.69916	0.02050	0.01947	0.01802	0.01473	0.00670	0.00502	0.00167	0.00421	0.00549	0.00491	0.00796
17	0.01372	0.82276	0.02689	0.00878	0.01317	0.02030	0.00878	0.01536	0.01043	0.01207	0.00713	0.00823	0.00658	0.00439	0.00329	0.00110	0.00549	0.00274	0.00219	0.00658
18	0.00733	0.00550	0.00825	0.00825	0.00916	0.00641	0.00641	0.00916	0.00825	0.01191	0.01374	0.02016	0.01283	0.03848	0.79934	0.00825	0.01374	0.00550	0.00275	0.00458
19	0.01428	0.74040	0.02561	0.00924	0.01345	0.10065	0.00890	0.01589	0.01085	0.01212	0.00722	0.00834	0.00659	0.00448	0.00343	0.00112	0.00588	0.00280	0.00224	0.00652
20	0.01281	0.61083	0.21407	0.01019	0.01536	0.01797	0.01121	0.01553	0.01053	0.01319	0.00768	0.00892	0.00659	0.00450	0.00369	0.00122	0.00596	0.00301	0.00221	0.02454
21	0.00704	0.00530	0.00616	0.00590	0.00743	0.00465	0.00444	0.00890	0.01313	0.03560	0.40348	0.04331	0.41291	0.01163	0.00604	0.00167	0.00256	0.00995	0.00523	0.00468
22	0.00969	0.00912	0.01539	0.80734	0.03534	0.01140	0.01425	0.01311	0.01026	0.01311	0.00912	0.01368	0.00684	0.00513	0.00513	0.00171	0.00684	0.00456	0.00228	0.00570
23	0.01349	0.01254	0.01193	0.01076	0.01363	0.10179	0.00832	0.02650	0.69192	0.02046	0.01942	0.01802	0.01464	0.00677	0.00515	0.00169	0.00465	0.00552	0.00493	0.00788
24	0.00956	0.00478	0.00478	0.00478	0.00598	0.00478	0.00359	0.01196	0.01076	0.01913	0.01674	0.01913	0.01315	0.00598	0.00359	0.00120	0.00239	0.00478	0.84816	0.00478
25	0.00956	0.00478	0.00478	0.00478	0.00598	0.00478	0.00359	0.01196	0.01076	0.01913	0.01674	0.01913	0.01315	0.00598	0.00359	0.00120	0.00239	0.00478	0.84816	0.00478
26	0.06598	0.01651	0.01433	0.01176	0.01530	0.22746	0.00939	0.44802	0.09848	0.02533	0.01172	0.01197	0.00869	0.00593	0.00489	0.00150	0.00636	0.00428	0.00436	0.00773
27	0.50593	0.06161	0.28973	0.00968	0.01450	0.01215	0.01053	0.01552	0.00958	0.01998	0.00788	0.00922	0.00595	0.00478	0.00379	0.00157	0.00535	0.00314	0.00276	0.00634
28	0.02171	0.00930	0.01254	0.01058	0.05681	0.00846	0.00813	0.05641	0.05807	0.67179	0.01935	0.01707	0.01244	0.00628	0.00516	0.00159	0.00450	0.00514	0.00602	0.00866
29	0.12131	0.03769	0.17260	0.01181	0.01584	0.30177	0.01077	0.08116	0.09257	0.09121	0.01094	0.01149	0.00814	0.00546	0.00462	0.00150	0.00687	0.00387	0.00342	0.00696
30	0.00709	0.00528	0.00662	0.00640	0.00771	0.00481	0.00487	0.00929	0.01380	0.01894	0.59432	0.04171	0.19094	0.01121	0.00612	0.00168	0.00260	0.05644	0.00542	0.00473
31	0.00956	0.00478	0.00478	0.00478	0.00598	0.00478	0.00359	0.01196	0.01076	0.01913	0.01674	0.01913	0.01315	0.00598	0.00359	0.00120	0.00239	0.00478	0.84816	0.00478
32	0.01006	0.01021	0.01758	0.01401	0.01692	0.04821	0.34093	0.01359	0.07121	0.01529	0.01917	0.31953	0.04310	0.00930	0.00606	0.00182	0.00587	0.00922	0.00370	0.02420
33	0.01137	0.01062	0.01782	0.05819	0.61118	0.01066	0.01363	0.01403	0.01128	0.01593	0.01312	0.16330	0.01291	0.00675	0.00536	0.00164	0.00554	0.00645	0.00295	0.00729
34	0.00956	0.00478	0.00478	0.00478	0.00598	0.00478	0.00359	0.01196	0.01076	0.01913	0.01674	0.01913	0.01315	0.00598	0.00359	0.00120	0.00239	0.00478	0.84816	0.00478
35	0.00891	0.00446	0.00668	0.00668	0.00668	0.00446	0.00446	0.00668	0.00668	0.00891	0.00891	0.01560	0.00891	0.01783	0.02005	0.85071	0.00446	0.00446	0.00223	0.00223
36	0.01270	0.01219	0.02083	0.03149	0.78767	0.01219	0.01575	0.01575	0.01168	0.01676	0.00965	0.01270	0.00813	0.00457	0.00508	0.00152	0.00610	0.00457	0.00254	0.00813
37	0.00746	0.00497	0.00560	0.00560	0.00560	0.00497	0.00311	0.00746	0.00746	0.00995	0.01617	0.03358	0.01865	0.81967	0.02612	0.00497	0.00497	0.00746	0.00311	0.00311
38	0.00827	0.00591	0.00827	0.00945	0.01063	0.00591	0.00827	0.01063	0.01181	0.01536	0.02717	0.05788	0.02953	0.01417	0.00709	0.00236	0.00472	0.75313	0.00472	0.00472
39	0.09406	0.00863	0.00998	0.00852	0.01120	0.00881	0.00683	0.13698	0.10523	0.19110	0.26465	0.02594	0.04824	0.00822	0.00540	0.00165	0.00384	0.04861	0.00535	0.00675
40	0.00632	0.00489	0.00577	0.00622	0.00726	0.00434	0.00441	0.00761	0.01130	0.01452	0.14924	0.37929	0.35255	0.01396	0.00627	0.00187	0.00274	0.01223	0.00489	0.00434
41	0.02302	0.00873	0.01191	0.00913	0.01310	0.00754	0.00754	0.02501	0.01469	0.79122	0.02024	0.01746	0.01270	0.00635	0.00516	0.00159	0.00437	0.00516	0.00635	0.00873
42	0.01648	0.00721	0.00884	0.00730	0.00998	0.00671	0.00586	0.05897	0.01348	0.39015	0.04271	0.01858	0.01382	0.00631	0.00450	0.00142	0.00351	0.00510	0.37218	0.00689
43	0.01067	0.01203	0.09002	0.58763	0.12959	0.05587	0.01465	0.01416	0.01074	0.01385	0.00913	0.01303	0.00696	0.00504	0.00507	0.00166	0.00695	0.00442	0.00232	0.00620
44	0.00671	0.00515	0.00614	0.00605	0.00737	0.00458	0.00448	0.00855	0.01298	0.01728	0.43156	0.12275	0.32383	0.01201	0.00611	0.00171	0.00255	0.01041	0.00523	0.00458
45	0.00623	0.00456	0.00586	0.00690	0.00738	0.00419	0.00466	0.00717	0.01006	0.01319	0.03124	0.72055	0.12780	0.01569	0.00649	0.00204	0.00293	0.01412	0.00476	0.00419
46	0.01424	0.74682	0.02571	0.00920	0.01343	0.09438	0.00889	0.01585	0.01082	0.01212	0.00721	0.00833	0.00659	0.00448	0.00342	0.00112	0.00585	0.00280	0.00224	0.00652
47	0.01275	0.01147	0.18755	0.00929	0.01290	0.00766	0.00900	0.01643	0.05379	0.23848	0.29639	0.03790	0.04875	0.00786	0.00544	0.00161	0.00428	0.00666	0.00493	0.02687
48	0.07008	0.00880	0.01166	0.00899	0.01292	0.00777	0.00743	0.02445	0.01435	0.74781	0.01950	0.01695	0.01230	0.00626	0.00505	0.00159	0.00434	0.00503	0.00617	0.00855
49	0.00630	0.00453	0.00598	0.00706	0.00744	0.00421	0.00474	0.00728	0.01012	0.01350	0.06794	0.75500	0.05549	0.01570	0.00651	0.00205	0.00294	0.01421	0.00481	0.00421
50	0.00998	0.00942	0.01592	0.73164	0.10875	0.01148	0.01440	0.01337	0.01040	0.01347	0.00917	0.01358	0.00697	0.00508	0.00513	0.00169	0.00677	0.00456	0.00231	0.00594
51	0.01048	0.06939	0.75185	0.01431	0.02172	0.01237	0.01841	0.01620	0.01081	0.01602	0.00910	0.01069	0.00650	0.00485	0.00479	0.00160	0.00747	0.00374	0.00217	0.00753
52	0.01372	0.82276	0.02689	0.00878	0.01317	0.02030	0.00878	0.01536	0.01043	0.01207	0.00713	0.00823	0.00658	0.00439	0.00329	0.00110	0.00549	0.00274	0.00219	0.00658
53	0.00746	0.00497	0.00560	0.00560	0.00560	0.00497	0.00311	0.00746	0.00746	0.00995	0.01617	0.03358	0.01865	0.81967	0.02612	0.00497	0.00497	0.00746	0.00311	0.00311
54	0.78768	0.03097	0.00842	0.00716	0.01034	0.05623	0.00588	0.01540	0.00910	0.02216	0.00719	0.00838	0.00564	0.00478	0.00326	0.00156	0.00431	0.00281	0.00312	0.00560
55	0.00761	0.00495	0.00588	0.00588	0.00594	0.00501	0.00347	0.00748	0.00743	0.00996	0.01521	0.03075	0.01721	0.68198	0.07412	0.09855	0.00547	0.00701	0.00299	0.00310
56	0.01059	0.08264	0.71495	0.01443	0.02171	0.01254	0.04162	0.01619	0.01084	0.01596	0.00910	0.01074	0.00655	0.00482	0.00480	0.00159	0.00747	0.00379	0.00218	0.00749
57	0.01198	0.01248	0.01560	0.01345	0.01370	0.09023	0.01110	0.01312	0.00849	0.01237	0.00685	0.01104	0.00672	0.00863	0.01568	0.00216	0.73408	0.00438	0.00228	0.00564
58	0.00651	0.00510	0.00595	0.00649	0.00761	0.00461	0.00473	0.00807	0.02927	0.01401	0.05641	0.36093	0.38325	0.01414	0.00632	0.00192	0.00296	0.07254	0.00479	0.00440
59	0.00627	0.00457	0.00585	0.00685	0.00732	0.00421	0.00460	0.00718	0.00998	0.01309	0.03082	0.69658	0.12631	0.04135	0.00711	0.00213	0.00299	0.01390	0.00471	0.00415
60	0.00891	0.00446	0.00668	0.00668	0.00668	0.00446	0.00446	0.00668	0.00668	0.00891	0.00891	0.01560	0.00891	0.01783	0.02005	0.85071	0.00446	0.00446	0.00223	0.00223
61	0.00702	0.00524	0.00652	0.00620	0.00752	0.00474	0.00465	0.00921	0.01394	0.01920	0.63482	0.04059	0.19941	0.01100	0.00605	0.00164	0.00246	0.00960	0.00547	0.00474
62	0.00746	0.00497	0.00560	0.00560	0.00560	0.00497	0.00311	0.00746	0.00746	0.00995	0.01617	0.03358	0.01865	0.81967	0.02612	0.00497	0.00497	0.00746	0.00311	0.00311
63	0.01951	0.01437	0.01540	0.01181	0.01591	0.01591	0.00975	0.77056	0.02412	0.03234	0.01232	0.01232	0.00873	0.00616	0.00513	0.00154	0.00565	0.00462	0.00513	0.00873
64	0.85592	0.00992	0.00754	0.00675	0.00992	0.01151	0.00556	0.01508	0.00873	0.02302	0.00714	0.00834	0.00556	0.00476	0.00318	0.00159	0.00397	0.00278	0.00318	0.00556
65	0.00969	0.00912	0.01539	0.80734	0.03534	0.01140	0.01425	0.01311	0.01026	0.01311	0.00912	0.01368	0.00684	0.00513	0.00513	0.00171	0.00684	0.00456	0.00228	0.00570
66	0.00969	0.00912	0.01539	0.80734	0.03534	0.01140	0.01425	0.01311	0.01026	0.01311	0.00912	0.01368	0.00684	0.00513	0.00513	0.00171	0.00684	0.00456	0.00228	0.00570
67	0.85592	0.00992	0.00754	0.00675	0.00992	0.01151	0.00556	0.01508	0.00873	0.02302	0.00714	0.00834	0.00556	0.00476	0.00318	0.00159	0.00397	0.00278	0.00318	0.00556
68	0.00628	0.00521	0.00550	0.00543	0.00707	0.00443	0.00407	0.00779	0.01221	0.01509	0.18646	0.04735	0.65033	0.01254	0.00606	0.00171	0.00257	0.01054	0.00493	0.00443
69	0.01123	0.01123	0.01572	0.01347	0.01347	0.01572	0.01123	0.01235	0.00786	0.01235	0.00674	0.01123	0.00674	0.00898	0.01684	0.00225	0.81028	0.00449	0.00225	0.00561
70	0.12391	0.00548	0.00516	0.00505	0.00651	0.00569	0.00385	0.01238	0.01049	0.01966	0.01544	0.01767	0.01213	0.00581	0.00353	0.00125	0.00260	0.00451	0.73400	0.00489
71	0.00891	0.00446	0.00668	0.00668	0.00668	0.00446	0.00446	0.00668	0.00668	0.00891	0.00891	0.01560	0.00891	0.01783	0.02005	0.85071	0.00446	0.00446	0.00223	0.00223
72	0.00712	0.00524	0.00666	0.00631	0.00758	0.00478	0.00473	0.00941	0.01419	0.01977	0.69750	0.03965	0.13637	0.01079	0.00605	0.00163	0.00244	0.00946	0.00554	0.00478
73	0.01259	0.00770	0.00801	0.00692	0.00900	0.00817	0.00546	0.24274	0.01483	0.02315	0.01539	0.01706	0.01181	0.00603	0.00406	0.00130	0.00338	0.00473	0.59169	0.00598
74	0.01372	0.82276	0.02689	0.00878	0.01317	0.02030	0.00878	0.01536	0.01043	0.01207	0.00713	0.00823	0.00658	0.00439	0.00329	0.00110	0.00549	0.00274	0.00219	0.00658
75	0.01031	0.00945	0.01440	0.04876	0.24244	0.01097	0.01078	0.01264	0.02777	0.01401	0.01115	0.05763	0.01048	0.01546	0.21902	0.00352	0.23220	0.00530	0.00271	0.04099
76	0.01384	0.11518	0.06330	0.01350	0.01772	0.01333	0.23532	0.20288	0.10568	0.04954	0.03280	0.01727	0.08379	0.00616	0.00528	0.00159	0.00603	0.00562	0.00387	0.00728
77	0.02302	0.00873	0.01191	0.00913	0.01310	0.00754	0.00754	0.02501	0.01469	0.79122	0.02024	0.01746	0.01270	0.00635	0.00516	0.00159	0.00437	0.00516	0.00635	0.00873
78	0.00969	0.00912	0.01539	0.80734	0.03534	0.01140	0.01425	0.01311	0.01026	0.01311	0.00912	0.01368	0.00684	0.00513	0.00513	0.00171	0.00684	0.00456	0.00228	0.00570
79	0.01186	0.01225	0.01542	0.02685	0.01412	0.08959	0.02597	0.01357	0.03337	0.01291	0.02336	0.01213	0.00801	0.00908	0.03169	0.00224	0.64483	0.00457	0.00247	0.00571
80	0.00625	0.00447	0.00595	0.00714	0.00744	0.00417	0.00476	0.00714	0.00982	0.01310	0.02828	0.81633	0.03394	0.01608	0.00655	0.00208	0.00298	0.01459	0.00476	0.00417
81	0.01360	0.76369	0.04087	0.00898	0.01335	0.01974	0.00894	0.01602	0.05177	0.01266	0.00791	0.00887	0.00707	0.00454	0.00343	0.00114	0.00545	0.00293	0.00236	0.00669
82	0.22122	0.01082	0.01123	0.00944	0.01275	0.01191	0.00759	0.17301	0.28244	0.14963	0.04726	0.01565	0.01267	0.00631	0.00473	0.00163	0.00434	0.00486	0.00491	0.00758
83	0.01293	0.01034	0.05725	0.39398	0.10567	0.01024	0.05486	0.01610	0.01175	0.18151	0.05548	0.01553	0.01064	0.00553	0.00517	0.00162	0.00601	0.00495	0.00341	0.03701
84	0.50684	0.00934	0.00916	0.00765	0.01101	0.00986	0.00628	0.03204	0.01138	0.28879	0.05363	0.01318	0.01039	0.00565	0.00405	0.00159	0.00405	0.00399	0.00444	0.00667
85	0.00969	0.00912	0.01539	0.80734	0.03534	0.01140	0.01425	0.01311	0.01026	0.01311	0.00912	0.01368	0.00684	0.00513	0.00513	0.00171	0.00684	0.00456	0.00228	0.00570
86	0.16502	0.01105	0.01190	0.00966	0.01283	0.01211	0.00781	0.39576	0.01694	0.10432	0.01272	0.01488	0.00991	0.07337	0.11640	0.00275	0.00629	0.00469	0.00443	0.00716
87	0.02265	0.00933	0.01228	0.00941	0.01340	0.00843	0.00778	0.10458	0.01569	0.71022	0.01940	0.01692	0.01228	0.00633	0.00516	0.00158	0.00450	0.00510	0.00622	0.00873
88	0.00687	0.00518	0.00634	0.00615	0.00745	0.00466	0.00458	0.00889	0.01346	0.01826	0.53594	0.08848	0.25192	0.01152	0.00609	0.00168	0.00250	0.01003	0.00535	0.00466
89	0.02243	0.00933	0.01223	0.00942	0.01337	0.00847	0.00777	0.09598	0.03459	0.69987	0.01951	0.01702	0.01240	0.00635	0.00516	0.00159	0.00448	0.00512	0.00621	0.00872
90	0.01098	0.06180	0.50845	0.01636	0.02294	0.01254	0.24619	0.01616	0.01122	0.01608	0.00980	0.01251	0.00733	0.00486	0.00520	0.00164	0.00775	0.01858	0.00235	0.00728
91	0.00733	0.00550	0.00825	0.00825	0.00916	0.00641	0.00641	0.00916	0.00825	0.01191	0.01374	0.02016	0.01283	0.03848	0.79934	0.00825	0.01374	0.00550	0.00275	0.00458
92	0.00637	0.00451	0.00592	0.00700	0.00726	0.00425	0.00460	0.00718	0.00960	0.01280	0.02711	0.74095	0.03247	0.09346	0.00843	0.00236	0.00317	0.01390	0.00460	0.00407
93	0.01683	0.02089	0.01913	0.01565	0.01893	0.54261	0.22898	0.01901	0.01359	0.01367	0.00859	0.01065	0.00695	0.00515	0.00550	0.00147	0.03942	0.00414	0.00261	0.00622
94	0.00656	0.00519	0.00594	0.00591	0.00734	0.00452	0.00436	0.00817	0.01230	0.01591	0.27684	0.15198	0.43417	0.01245	0.00608	0.00172	0.00262	0.01071	0.00500	0.02222
95	0.00829	0.00632	0.00742	0.00732	0.00872	0.00624	0.00538	0.08011	0.08374	0.01764	0.21699	0.32310	0.18440	0.01233	0.00608	0.00182	0.00311	0.01080	0.00506	0.00515
96	0.09356	0.01062	0.01075	0.00910	0.01203	0.03353	0.00729	0.29885	0.14172	0.02336	0.07402	0.02493	0.20447	0.00830	0.00528	0.00164	0.00434	0.02456	0.00482	0.00681
97	0.03374	0.01153	0.01265	0.08643	0.01499	0.09837	0.00904	0.24969	0.03071	0.01896	0.01152	0.01494	0.00966	0.03550	0.24924	0.00374	0.09475	0.00477	0.00346	0.00631
98	0.27547	0.00973	0.00897	0.00793	0.01051	0.08377	0.00624	0.03989	0.07491	0.11899	0.22538	0.02205	0.08181	0.00746	0.00481	0.00159	0.00405	0.00585	0.00456	0.00602
99	0.29828	0.05764	0.04394	0.00991	0.01301	0.18752	0.00833	0.09710	0.09166	0.01960	0.01209	0.01690	0.01052	0.00652	0.00453	0.00162	0.00567	0.10529	0.00359	0.00627

[dist]
# distance from previous block
# <min> <max>
1	6

[block]
# block no. 3 follows, 48 sequences, length 6
# corresponding to MSA columns:
# 845-850
name=unknown_D
#
# <colnr> <probs for GDERKNQSTAVLIFYWHMCP>
#	G	D	E	R	K	N	Q	S	T	A	V	L	I	F	Y	W	H	M	C	P
0	0.01369	0.01073	0.01084	0.00911	0.01194	0.09097	0.00717	0.19756	0.10542	0.09426	0.21348	0.02398	0.10867	0.00788	0.00533	0.00153	0.00441	0.00644	0.00493	0.07166
1	0.01558	0.13478	0.01451	0.00947	0.01348	0.01203	0.00790	0.17194	0.16472	0.16135	0.01380	0.01353	0.01019	0.00545	0.00452	0.00131	0.00459	0.00424	0.00437	0.23224
2	0.01025	0.00969	0.01640	0.66381	0.17452	0.01155	0.01453	0.01360	0.01052	0.01379	0.00922	0.01350	0.00708	0.00503	0.00512	0.00168	0.00670	0.00456	0.00233	0.00615
3	0.00968	0.00566	0.00738	0.00680	0.00832	0.00542	0.00522	0.01195	0.01297	0.11827	0.44255	0.02971	0.03259	0.01349	0.12671	0.00255	0.00440	0.00743	0.14360	0.00529
4	0.01341	0.13586	0.01678	0.01145	0.01492	0.10677	0.14297	0.05605	0.08949	0.08275	0.01697	0.01871	0.10253	0.02545	0.02362	0.00171	0.02394	0.02318	0.00362	0.08982
5	0.00747	0.00646	0.00738	0.08972	0.01104	0.04178	0.00619	0.00909	0.01132	0.01383	0.03633	0.20154	0.38297	0.01266	0.00618	0.00189	0.00379	0.14138	0.00440	0.00458

[dist]
# distance from previous block
# <min> <max>
0	1

[block]
# block no. 4 follows, 48 sequences, length 39
# corresponding to MSA columns:
# 852-890
name=unknown_E
#
# <colnr> <probs for GDERKNQSTAVLIFYWHMCP>
#	G	D	E	R	K	N	Q	S	T	A	V	L	I	F	Y	W	H	M	C	P
0	0.45494	0.00878	0.00853	0.00773	0.00974	0.01046	0.00620	0.01365	0.03358	0.01902	0.00995	0.01310	0.00850	0.05361	0.07970	0.00244	0.13126	0.00393	0.11957	0.00532
1	0.01298	0.65144	0.19175	0.01004	0.01511	0.01850	0.01097	0.01555	0.01051	0.01297	0.00758	0.00879	0.00657	0.00449	0.00363	0.00121	0.00594	0.00297	0.00219	0.00680
2	0.01010	0.01258	0.16378	0.38566	0.18474	0.01097	0.01438	0.01371	0.01039	0.01430	0.00988	0.01383	0.00787	0.00957	0.11459	0.00256	0.00778	0.00455	0.00238	0.00641
3	0.00957	0.00785	0.01160	0.01070	0.01298	0.00760	0.10197	0.03171	0.07522	0.01644	0.02191	0.09322	0.02260	0.01093	0.00629	0.00198	0.00494	0.43201	0.00429	0.11618
4	0.01133	0.01121	0.01543	0.01326	0.01346	0.01551	0.01101	0.01338	0.06119	0.01298	0.00771	0.01177	0.00735	0.00884	0.01603	0.00221	0.75449	0.00458	0.00245	0.00579
5	0.01079	0.01047	0.01459	0.06736	0.01446	0.01380	0.01049	0.01228	0.00875	0.01339	0.05979	0.01317	0.00965	0.00830	0.01401	0.00202	0.62001	0.00468	0.00256	0.08944
6	0.01827	0.01347	0.01529	0.12142	0.01850	0.01502	0.01030	0.64207	0.02191	0.05416	0.01213	0.01267	0.00859	0.00602	0.00513	0.00156	0.00577	0.00463	0.00478	0.00831
7	0.00681	0.00509	0.00628	0.00626	0.00740	0.00461	0.00456	0.00865	0.01288	0.01746	0.46448	0.17483	0.21712	0.03219	0.00664	0.00181	0.00262	0.01051	0.00523	0.00456
8	0.01162	0.01140	0.02032	0.28786	0.43284	0.01204	0.11913	0.01497	0.01127	0.01550	0.00958	0.01318	0.00765	0.00472	0.00523	0.00161	0.00670	0.00477	0.00246	0.00715
9	0.00969	0.00912	0.01539	0.80734	0.03534	0.01140	0.01425	0.01311	0.01026	0.01311	0.00912	0.01368	0.00684	0.00513	0.00513	0.00171	0.00684	0.00456	0.00228	0.00570
10	0.02302	0.00873	0.01191	0.00913	0.01310	0.00754	0.00754	0.02501	0.01469	0.79122	0.02024	0.01746	0.01270	0.00635	0.00516	0.00159	0.00437	0.00516	0.00635	0.00873
11	0.00733	0.00570	0.00803	0.08105	0.01062	0.00631	0.00629	0.00857	0.00909	0.01241	0.02027	0.41485	0.02296	0.11625	0.17972	0.00373	0.06866	0.01007	0.00371	0.00438
12	0.01164	0.01092	0.01761	0.19885	0.40682	0.01165	0.04811	0.01665	0.13572	0.01695	0.06384	0.01575	0.01177	0.00547	0.00522	0.00162	0.00580	0.00516	0.00313	0.00731
13	0.00718	0.00596	0.00623	0.00608	0.00775	0.00557	0.00449	0.01024	0.11715	0.01491	0.08368	0.06658	0.54994	0.08212	0.00770	0.00202	0.00301	0.00987	0.00473	0.00477
14	0.00733	0.00537	0.00612	0.00588	0.00750	0.00466	0.00442	0.00902	0.01274	0.05525	0.29547	0.06766	0.47630	0.01191	0.00603	0.00170	0.00264	0.01014	0.00514	0.00472
15	0.01278	0.07799	0.58659	0.01343	0.01998	0.06721	0.01617	0.01761	0.01156	0.11489	0.01039	0.01139	0.00731	0.00506	0.00479	0.00156	0.00715	0.00386	0.00274	0.00755
16	0.01186	0.00984	0.01130	0.00818	0.01268	0.00809	0.00659	0.11740	0.01250	0.01887	0.00956	0.01087	0.00776	0.00413	0.00398	0.00087	0.00405	0.00326	0.00333	0.73489
17	0.00751	0.00519	0.00706	0.00784	0.00865	0.00503	0.00599	0.00913	0.01107	0.03336	0.13101	0.39041	0.03254	0.03555	0.04913	0.00249	0.00410	0.24462	0.00476	0.00454
18	0.00746	0.00497	0.00560	0.00560	0.00560	0.00497	0.00311	0.00746	0.00746	0.00995	0.01617	0.03358	0.01865	0.81967	0.02612	0.00497	0.00497	0.00746	0.00311	0.00311
19	0.01100	0.05741	0.69161	0.01495	0.05010	0.05502	0.01794	0.01643	0.01105	0.01590	0.00907	0.01071	0.00657	0.00487	0.00481	0.00158	0.00754	0.00375	0.00221	0.00748
20	0.01029	0.02654	0.79309	0.01462	0.02221	0.01192	0.01896	0.01625	0.01083	0.01625	0.00921	0.01083	0.00650	0.00487	0.00487	0.00162	0.00758	0.00379	0.00217	0.00758
21	0.00621	0.00520	0.00540	0.00535	0.00702	0.00439	0.00401	0.00765	0.01204	0.01469	0.14197	0.04802	0.69508	0.01269	0.00606	0.00172	0.00258	0.01064	0.00487	0.00439
22	0.00772	0.00504	0.00535	0.00527	0.00668	0.00461	0.00395	0.00968	0.01186	0.01729	0.17851	0.03497	0.33010	0.00966	0.00506	0.00149	0.00248	0.00807	0.34759	0.00461
23	0.00623	0.00454	0.00588	0.00696	0.00739	0.00418	0.00468	0.00717	0.01001	0.01317	0.03059	0.74170	0.10707	0.01578	0.00650	0.00205	0.00294	0.01422	0.00476	0.00418
24	0.01053	0.06132	0.35454	0.03241	0.02937	0.03677	0.12727	0.03666	0.01218	0.01699	0.16628	0.01794	0.03262	0.00735	0.03407	0.00184	0.00667	0.00543	0.00312	0.00664
25	0.01346	0.76314	0.08426	0.00922	0.01385	0.01967	0.00954	0.01543	0.01046	0.01238	0.00729	0.00843	0.00658	0.00443	0.00341	0.00114	0.00564	0.00282	0.00219	0.00666
26	0.01211	0.01384	0.03028	0.02163	0.02682	0.01298	0.76903	0.01644	0.01211	0.01644	0.01038	0.01384	0.00779	0.00433	0.00606	0.00173	0.00865	0.00606	0.00260	0.00692
27	0.01753	0.24509	0.01809	0.01237	0.03116	0.56723	0.00972	0.01897	0.01334	0.01251	0.00775	0.00904	0.00663	0.00502	0.00427	0.00126	0.00815	0.00318	0.00252	0.00617
28	0.00796	0.00515	0.00660	0.00719	0.00820	0.00469	0.00522	0.00919	0.01085	0.08483	0.03207	0.51289	0.17884	0.01438	0.00638	0.00200	0.00321	0.09077	0.00490	0.00468
29	0.00746	0.00497	0.00560	0.00560	0.00560	0.00497	0.00311	0.00746	0.00746	0.00995	0.01617	0.03358	0.01865	0.81967	0.02612	0.00497	0.00497	0.00746	0.00311	0.00311
30	0.59038	0.01017	0.00894	0.00773	0.01084	0.01148	0.00628	0.15373	0.01190	0.04980	0.01028	0.06561	0.00857	0.00589	0.00385	0.00160	0.00418	0.00407	0.02856	0.00613
31	0.07228	0.08340	0.01431	0.01315	0.11421	0.12162	0.00924	0.06629	0.38620	0.01931	0.01520	0.03825	0.01207	0.00626	0.00485	0.00159	0.00522	0.00501	0.00409	0.00743
32	0.01108	0.00884	0.01080	0.06296	0.01353	0.00707	0.00665	0.01343	0.01111	0.06221	0.06051	0.01306	0.01052	0.00448	0.00412	0.00093	0.00395	0.00368	0.00335	0.68773
33	0.01329	0.09349	0.22584	0.02200	0.40146	0.05163	0.01498	0.04478	0.01211	0.05863	0.00988	0.01185	0.00774	0.00483	0.00484	0.00150	0.00648	0.00416	0.00272	0.00778
34	0.69456	0.01188	0.00893	0.05114	0.01212	0.12011	0.00663	0.01572	0.00962	0.02104	0.00736	0.00875	0.00577	0.00486	0.00348	0.00156	0.00485	0.00295	0.00305	0.00562
35	0.00672	0.00512	0.00618	0.00613	0.00739	0.00458	0.00451	0.00855	0.01292	0.01728	0.43361	0.15016	0.29400	0.01211	0.00613	0.00172	0.00256	0.01054	0.00523	0.00458
