[name]
unknown

[dist]
# distance from previous block
# <min> <max>
0	87

[block]
# block no. 0 follows, 50 sequences, length 63
# corresponding to MSA columns:
# 87-149
name=unknown_A
#
# <colnr> <probs for GDERKNQSTAVLIFYWHMCP>
#	G	D	E	R	K	N	Q	S	T	A	V	L	I	F	Y	W	H	M	C	P
0	0.00803	0.00574	0.00803	0.00918	0.01033	0.00574	0.00803	0.01033	0.01147	0.01492	0.02639	0.05622	0.02869	0.01377	0.00688	0.00229	0.00459	0.76018	0.00459	0.00459
1	0.00605	0.00442	0.00569	0.00671	0.00717	0.00407	0.00453	0.00697	0.00976	0.01281	0.03026	0.72793	0.12482	0.01525	0.00631	0.00198	0.00285	0.01373	0.00463	0.00407
2	0.01234	0.01184	0.02023	0.03059	0.79373	0.01184	0.01530	0.01530	0.01135	0.01628	0.00938	0.01234	0.00790	0.00444	0.00493	0.00148	0.00592	0.00444	0.00247	0.00790
3	0.02236	0.00848	0.01157	0.00887	0.01272	0.00733	0.00733	0.02429	0.01427	0.79719	0.01966	0.01697	0.01234	0.00617	0.00501	0.00154	0.00424	0.00501	0.00617	0.00848
4	0.00699	0.00509	0.00657	0.00620	0.00740	0.00467	0.00465	0.00927	0.01395	0.01961	0.74793	0.03786	0.09044	0.01033	0.00588	0.00157	0.00236	0.00910	0.00544	0.00467
5	0.00589	0.00505	0.00505	0.00505	0.00673	0.00421	0.00379	0.00715	0.01136	0.01347	0.05049	0.04797	0.79171	0.01262	0.00589	0.00168	0.00252	0.01052	0.00463	0.00421
6	0.00615	0.00440	0.00586	0.00689	0.00725	0.00410	0.00463	0.00714	0.00992	0.01332	0.08997	0.75738	0.03412	0.01517	0.00632	0.00199	0.00285	0.01375	0.00470	0.00410
7	0.00628	0.00506	0.00559	0.00546	0.00697	0.00437	0.00409	0.00791	0.01228	0.01565	0.29806	0.04438	0.54279	0.01181	0.00589	0.00164	0.00247	0.01002	0.00492	0.00437
8	0.86003	0.00964	0.00733	0.00655	0.00964	0.01118	0.00540	0.01465	0.00848	0.02236	0.00694	0.00810	0.00540	0.00463	0.00308	0.00154	0.00386	0.00270	0.00308	0.00540
9	0.86003	0.00964	0.00733	0.00655	0.00964	0.01118	0.00540	0.01465	0.00848	0.02236	0.00694	0.00810	0.00540	0.00463	0.00308	0.00154	0.00386	0.00270	0.00308	0.00540
10	0.01074	0.12075	0.01249	0.00754	0.01195	0.00843	0.00626	0.01288	0.01031	0.01563	0.00860	0.01002	0.00725	0.00377	0.00362	0.00078	0.00392	0.00291	0.00284	0.73932
11	0.01152	0.01658	0.21164	0.08446	0.02509	0.05492	0.49004	0.01587	0.01145	0.01545	0.00958	0.01249	0.00713	0.00444	0.00546	0.00163	0.00804	0.00509	0.00240	0.00673
12	0.01234	0.01184	0.02023	0.03059	0.79373	0.01184	0.01530	0.01530	0.01135	0.01628	0.00938	0.01234	0.00790	0.00444	0.00493	0.00148	0.00592	0.00444	0.00247	0.00790
13	0.86003	0.00964	0.00733	0.00655	0.00964	0.01118	0.00540	0.01465	0.00848	0.02236	0.00694	0.00810	0.00540	0.00463	0.00308	0.00154	0.00386	0.00270	0.00308	0.00540
14	0.01240	0.01071	0.01127	0.01014	0.01296	0.01240	0.00789	0.02649	0.78473	0.02085	0.02029	0.01860	0.01522	0.00676	0.00507	0.00169	0.00394	0.00564	0.00507	0.00789
15	0.00941	0.00886	0.01495	0.81285	0.03433	0.01107	0.01384	0.01274	0.00997	0.01274	0.00886	0.01329	0.00664	0.00498	0.00498	0.00166	0.00664	0.00443	0.00221	0.00554
16	0.00725	0.00483	0.00544	0.00544	0.00544	0.00483	0.00302	0.00725	0.00725	0.00966	0.01571	0.03262	0.01812	0.82483	0.02537	0.00483	0.00483	0.00725	0.00302	0.00302
17	0.00941	0.00886	0.01495	0.81285	0.03433	0.01107	0.01384	0.01274	0.00997	0.01274	0.00886	0.01329	0.00664	0.00498	0.00498	0.00166	0.00664	0.00443	0.00221	0.00554
18	0.01034	0.00886	0.01034	0.00738	0.01181	0.00664	0.00591	0.01255	0.01034	0.01624	0.00886	0.01034	0.00738	0.00369	0.00369	0.00074	0.00369	0.00295	0.00295	0.85530
19	0.00607	0.00434	0.00578	0.00694	0.00723	0.00405	0.00463	0.00694	0.00954	0.01272	0.02747	0.82157	0.03297	0.01562	0.00636	0.00202	0.00289	0.01417	0.00463	0.00405
20	0.01895	0.01396	0.01496	0.01147	0.01546	0.01546	0.00947	0.77711	0.02344	0.03141	0.01197	0.01197	0.00848	0.00598	0.00499	0.00150	0.00548	0.00449	0.00499	0.00848
21	0.00607	0.00434	0.00578	0.00694	0.00723	0.00405	0.00463	0.00694	0.00954	0.01272	0.02747	0.82157	0.03297	0.01562	0.00636	0.00202	0.00289	0.01417	0.00463	0.00405
22	0.01376	0.76202	0.02514	0.00888	0.01301	0.08398	0.00862	0.01533	0.01046	0.01177	0.00699	0.00808	0.00640	0.00434	0.00330	0.00108	0.00563	0.00271	0.00217	0.00635
23	0.01175	0.00973	0.01043	0.00941	0.01189	0.01097	0.00730	0.08386	0.54959	0.02004	0.04603	0.02344	0.05850	0.07519	0.00691	0.00196	0.00405	0.04703	0.00486	0.00705
24	0.01026	0.00886	0.01072	0.07403	0.01368	0.00701	0.00656	0.01257	0.01031	0.01595	0.00886	0.01058	0.00732	0.00380	0.00380	0.00081	0.00394	0.00308	0.00289	0.78499
25	0.01234	0.01184	0.02023	0.03059	0.79373	0.01184	0.01530	0.01530	0.01135	0.01628	0.00938	0.01234	0.00790	0.00444	0.00493	0.00148	0.00592	0.00444	0.00247	0.00790
26	0.01034	0.00886	0.01034	0.00738	0.01181	0.00664	0.00591	0.01255	0.01034	0.01624	0.00886	0.01034	0.00738	0.00369	0.00369	0.00074	0.00369	0.00295	0.00295	0.85530
27	0.00607	0.00434	0.00578	0.00694	0.00723	0.00405	0.00463	0.00694	0.00954	0.01272	0.02747	0.82157	0.03297	0.01562	0.00636	0.00202	0.00289	0.01417	0.00463	0.00405
28	0.00725	0.00483	0.00544	0.00544	0.00544	0.00483	0.00302	0.00725	0.00725	0.00966	0.01571	0.03262	0.01812	0.82483	0.02537	0.00483	0.00483	0.00725	0.00302	0.00302
29	0.01034	0.00886	0.01034	0.00738	0.01181	0.00664	0.00591	0.01255	0.01034	0.01624	0.00886	0.01034	0.00738	0.00369	0.00369	0.00074	0.00369	0.00295	0.00295	0.85530
30	0.00652	0.00491	0.00603	0.00610	0.00721	0.00442	0.00444	0.00823	0.01231	0.01656	0.41603	0.22347	0.24135	0.01210	0.00600	0.00171	0.00252	0.01062	0.00506	0.00442
31	0.09118	0.00847	0.01106	0.00859	0.01230	0.00756	0.00708	0.02301	0.01378	0.70803	0.04347	0.01688	0.01288	0.00617	0.00488	0.00154	0.00415	0.00495	0.00589	0.00811
32	0.86003	0.00964	0.00733	0.00655	0.00964	0.01118	0.00540	0.01465	0.00848	0.02236	0.00694	0.00810	0.00540	0.00463	0.00308	0.00154	0.00386	0.00270	0.00308	0.00540
33	0.00936	0.00867	0.01433	0.44917	0.19555	0.00975	0.02659	0.01211	0.01036	0.01364	0.01495	0.12635	0.07478	0.00693	0.00525	0.00167	0.00567	0.00629	0.00280	0.00577
34	0.01034	0.00886	0.01034	0.00738	0.01181	0.00664	0.00591	0.01255	0.01034	0.01624	0.00886	0.01034	0.00738	0.00369	0.00369	0.00074	0.00369	0.00295	0.00295	0.85530
35	0.00615	0.00488	0.00556	0.00601	0.00720	0.00429	0.00442	0.00740	0.01086	0.01350	0.05793	0.29299	0.47259	0.01361	0.00612	0.00184	0.00281	0.07299	0.00464	0.00420
36	0.00589	0.00505	0.00505	0.00505	0.00673	0.00421	0.00379	0.00715	0.01136	0.01347	0.05049	0.04797	0.79171	0.01262	0.00589	0.00168	0.00252	0.01052	0.00463	0.00421
37	0.01473	0.01457	0.19190	0.01568	0.02086	0.01071	0.36729	0.01856	0.01228	0.26293	0.01286	0.01392	0.00880	0.00494	0.00536	0.00161	0.00686	0.00513	0.00358	0.00742
38	0.01091	0.01091	0.01527	0.01309	0.01309	0.01527	0.01091	0.01200	0.00763	0.01200	0.00654	0.01091	0.00654	0.00872	0.01636	0.00218	0.81570	0.00436	0.00218	0.00545
39	0.01051	0.01037	0.01449	0.01258	0.01261	0.01435	0.01039	0.01158	0.00779	0.01206	0.00826	0.07725	0.00871	0.00929	0.01554	0.00217	0.74918	0.00516	0.00238	0.00534
40	0.00613	0.00506	0.00538	0.00530	0.00688	0.00431	0.00398	0.00762	0.01193	0.01481	0.20351	0.04575	0.63786	0.01212	0.00589	0.00166	0.00249	0.01021	0.00481	0.00431
41	0.01038	0.02282	0.62936	0.01605	0.08468	0.01188	0.08041	0.01556	0.01054	0.01564	0.00895	0.01093	0.00656	0.00488	0.00547	0.00161	0.05089	0.00396	0.00217	0.00725
42	0.02168	0.00958	0.01224	0.00939	0.01327	0.00895	0.00775	0.17463	0.01610	0.64426	0.01813	0.01597	0.01157	0.00613	0.00501	0.00153	0.00449	0.00491	0.00593	0.00848
43	0.00929	0.00465	0.00465	0.00465	0.00581	0.00465	0.00348	0.01161	0.01045	0.01858	0.01626	0.01858	0.01278	0.00581	0.00348	0.00116	0.00232	0.00465	0.85250	0.00465
44	0.01090	0.00656	0.00829	0.00747	0.00930	0.00632	0.00571	0.05464	0.07770	0.16729	0.42067	0.15170	0.03355	0.00975	0.00567	0.00164	0.00309	0.00853	0.00542	0.00579
45	0.01155	0.01374	0.14977	0.26024	0.03961	0.01182	0.32318	0.03983	0.01143	0.05747	0.01001	0.01298	0.00735	0.00479	0.00555	0.00165	0.02485	0.00493	0.00263	0.00661
46	0.00627	0.00467	0.00587	0.00666	0.00740	0.00428	0.00474	0.00745	0.01043	0.01358	0.08545	0.52820	0.20336	0.01441	0.00627	0.00194	0.00292	0.07724	0.00468	0.00418
47	0.01166	0.01055	0.01552	0.03217	0.33276	0.00958	0.04276	0.05502	0.01151	0.01700	0.00929	0.01143	0.00765	0.00417	0.00439	0.00114	0.00495	0.00380	0.00283	0.41183
48	0.01217	0.28317	0.45036	0.01221	0.01796	0.11562	0.01412	0.01604	0.01086	0.01402	0.00814	0.00952	0.00635	0.00464	0.00421	0.00138	0.00692	0.00330	0.00217	0.00685
49	0.00626	0.00449	0.00598	0.00707	0.00748	0.00421	0.00489	0.00730	0.00988	0.01315	0.05243	0.71909	0.04736	0.01523	0.00638	0.00203	0.00301	0.07499	0.00465	0.00412
50	0.01132	0.01187	0.06143	0.25486	0.46926	0.01167	0.07795	0.01464	0.01094	0.01521	0.00926	0.01261	0.00742	0.00459	0.00502	0.00155	0.00641	0.00452	0.00238	0.00709
51	0.01000	0.02578	0.79900	0.01421	0.02157	0.01158	0.01842	0.01579	0.01052	0.01579	0.00895	0.01052	0.00631	0.00474	0.00474	0.00158	0.00737	0.00368	0.00210	0.00737
52	0.00599	0.00505	0.00518	0.00515	0.00679	0.00425	0.00386	0.00734	0.01159	0.01400	0.11111	0.04709	0.73077	0.01242	0.00589	0.00167	0.00251	0.01040	0.00470	0.00425
53	0.00607	0.00434	0.00578	0.00694	0.00723	0.00405	0.00463	0.00694	0.00954	0.01272	0.02747	0.82157	0.03297	0.01562	0.00636	0.00202	0.00289	0.01417	0.00463	0.00405
54	0.00591	0.00499	0.00511	0.00520	0.00677	0.00419	0.00386	0.00714	0.01121	0.01340	0.04861	0.11128	0.72961	0.01287	0.00593	0.00171	0.00255	0.01082	0.00463	0.00419
55	0.00598	0.00488	0.00529	0.00555	0.00688	0.00419	0.00403	0.00719	0.01104	0.01355	0.07490	0.23274	0.57998	0.01324	0.00600	0.00176	0.00261	0.01133	0.00466	0.00419
56	0.86003	0.00964	0.00733	0.00655	0.00964	0.01118	0.00540	0.01465	0.00848	0.02236	0.00694	0.00810	0.00540	0.00463	0.00308	0.00154	0.00386	0.00270	0.00308	0.00540
57	0.00879	0.00631	0.00788	0.00741	0.00835	0.00691	0.00533	0.11317	0.00980	0.01348	0.01415	0.02400	0.01429	0.36272	0.36938	0.00579	0.00871	0.00602	0.00313	0.00440
58	0.00712	0.00534	0.00801	0.00801	0.00890	0.00623	0.00623	0.00890	0.00801	0.01157	0.01335	0.01958	0.01246	0.03738	0.80507	0.00801	0.01335	0.00534	0.00267	0.00445
59	0.01158	0.01025	0.01262	0.00930	0.01343	0.04031	0.06957	0.06008	0.01134	0.03211	0.00919	0.01080	0.00748	0.00425	0.00469	0.00098	0.04817	0.00341	0.00305	0.63740
60	0.01333	0.01094	0.01967	0.01471	0.01861	0.01044	0.38615	0.09196	0.05125	0.15055	0.03040	0.09583	0.05431	0.00652	0.00562	0.00165	0.00614	0.00665	0.00390	0.02139
61	0.01440	0.01281	0.07670	0.01073	0.01417	0.05474	0.02243	0.17830	0.39396	0.08919	0.06565	0.01700	0.01426	0.00647	0.00506	0.00160	0.00482	0.00527	0.00475	0.00768
62	0.01125	0.01705	0.25447	0.01902	0.02474	0.01230	0.55419	0.01591	0.01140	0.01591	0.00975	0.01259	0.00720	0.00436	0.00555	0.00165	0.00810	0.00524	0.00240	0.00691

[dist]
# distance from previous block
# <min> <max>
0	1

[block]
# block no. 1 follows, 50 sequences, length 13
# corresponding to MSA columns:
# 151-163
name=unknown_B
#
# <colnr> <probs for GDERKNQSTAVLIFYWHMCP>
#	G	D	E	R	K	N	Q	S	T	A	V	L	I	F	Y	W	H	M	C	P
0	0.00791	0.00560	0.00764	0.00861	0.00958	0.00560	0.00727	0.00986	0.01083	0.01412	0.02476	0.05263	0.02708	0.13737	0.00970	0.00268	0.00463	0.64544	0.00435	0.00435
1	0.01177	0.07034	0.30335	0.07149	0.06541	0.13249	0.12686	0.04218	0.01178	0.01513	0.01324	0.01481	0.08829	0.00555	0.00493	0.00152	0.00693	0.00471	0.00263	0.00658
2	0.17363	0.01611	0.13453	0.01253	0.01640	0.16605	0.12405	0.11668	0.09306	0.04045	0.01024	0.01143	0.00773	0.00535	0.00526	0.00156	0.05085	0.00412	0.00324	0.00672
3	0.00725	0.00483	0.00544	0.00544	0.00544	0.00483	0.00302	0.00725	0.00725	0.00966	0.01571	0.03262	0.01812	0.82483	0.02537	0.00483	0.00483	0.00725	0.00302	0.00302
4	0.00661	0.00491	0.00615	0.00620	0.00726	0.00446	0.00451	0.00841	0.01252	0.01706	0.47328	0.22285	0.18357	0.01192	0.00599	0.00170	0.00251	0.01050	0.00512	0.00446
5	0.14762	0.11909	0.01631	0.01130	0.01488	0.09554	0.12491	0.23750	0.05089	0.04301	0.08167	0.01352	0.01132	0.00561	0.00463	0.00147	0.00563	0.00453	0.00377	0.00680
6	0.01425	0.30603	0.21738	0.01125	0.01591	0.13335	0.01134	0.15710	0.05936	0.01700	0.00928	0.01015	0.00729	0.00498	0.00422	0.00134	0.00634	0.00352	0.00289	0.00702
7	0.00761	0.00545	0.00748	0.00825	0.00932	0.00532	0.00689	0.00979	0.01196	0.01598	0.21731	0.12150	0.03366	0.01305	0.00659	0.00209	0.00388	0.50450	0.00482	0.00457
8	0.01093	0.01200	0.02475	0.01957	0.10284	0.01125	0.57904	0.01455	0.01166	0.01562	0.01617	0.01859	0.12709	0.00551	0.00579	0.00166	0.00725	0.00644	0.00284	0.00646
9	0.01634	0.07351	0.01302	0.01042	0.01320	0.35983	0.00815	0.03592	0.11675	0.15716	0.13097	0.01601	0.01490	0.00627	0.00479	0.00142	0.00611	0.00473	0.00402	0.00649
10	0.00849	0.00724	0.01137	0.01608	0.31120	0.00706	0.00875	0.01017	0.01024	0.01410	0.02048	0.50882	0.02328	0.01130	0.00581	0.00181	0.00406	0.01041	0.00379	0.00554
11	0.00712	0.00534	0.00801	0.00801	0.00890	0.00623	0.00623	0.00890	0.00801	0.01157	0.01335	0.01958	0.01246	0.03738	0.80507	0.00801	0.01335	0.00534	0.00267	0.00445
12	0.01467	0.16340	0.01888	0.13455	0.01897	0.06424	0.10990	0.29451	0.01519	0.01972	0.00949	0.01133	0.00737	0.00551	0.00592	0.00152	0.09038	0.00423	0.00328	0.00694

[dist]
# distance from previous block
# <min> <max>
0	3

[block]
# block no. 2 follows, 50 sequences, length 57
# corresponding to MSA columns:
# 167-223
name=unknown_C
#
# <colnr> <probs for GDERKNQSTAVLIFYWHMCP>
#	G	D	E	R	K	N	Q	S	T	A	V	L	I	F	Y	W	H	M	C	P
0	0.00624	0.00506	0.00553	0.00542	0.00695	0.00436	0.00406	0.00783	0.01219	0.01543	0.27317	0.04474	0.56781	0.01189	0.00589	0.00165	0.00247	0.01007	0.00489	0.00436
1	0.01731	0.02110	0.01602	0.01370	0.01667	0.61292	0.11188	0.05284	0.06438	0.01410	0.00903	0.01034	0.00724	0.00515	0.00474	0.00137	0.00843	0.00378	0.00283	0.00616
2	0.00589	0.00505	0.00505	0.00505	0.00673	0.00421	0.00379	0.00715	0.01136	0.01347	0.05049	0.04797	0.79171	0.01262	0.00589	0.00168	0.00252	0.01052	0.00463	0.00421
3	0.00941	0.00886	0.01495	0.81285	0.03433	0.01107	0.01384	0.01274	0.00997	0.01274	0.00886	0.01329	0.00664	0.00498	0.00498	0.00166	0.00664	0.00443	0.00221	0.00554
4	0.00712	0.00534	0.00801	0.00801	0.00890	0.00623	0.00623	0.00890	0.00801	0.01157	0.01335	0.01958	0.01246	0.03738	0.80507	0.00801	0.01335	0.00534	0.00267	0.00445
5	0.00607	0.00434	0.00578	0.00694	0.00723	0.00405	0.00463	0.00694	0.00954	0.01272	0.02747	0.82157	0.03297	0.01562	0.00636	0.00202	0.00289	0.01417	0.00463	0.00405
6	0.01161	0.01320	0.02878	0.02063	0.02555	0.01238	0.75493	0.01572	0.01171	0.01588	0.01055	0.03514	0.00824	0.00451	0.00590	0.00169	0.00826	0.00610	0.00258	0.00665
7	0.01000	0.02578	0.79900	0.01421	0.02157	0.01158	0.01842	0.01579	0.01052	0.01579	0.00895	0.01052	0.00631	0.00474	0.00474	0.00158	0.00737	0.00368	0.00210	0.00737
8	0.00723	0.00490	0.00578	0.00578	0.00590	0.00502	0.00345	0.00747	0.00735	0.00992	0.01539	0.03088	0.01736	0.71960	0.12957	0.00526	0.00597	0.00699	0.00297	0.00321
9	0.01310	0.00977	0.01075	0.00951	0.01229	0.01083	0.00743	0.02420	0.59402	0.12435	0.09136	0.02074	0.03510	0.00713	0.00516	0.00166	0.00381	0.00597	0.00525	0.00760
10	0.01834	0.01218	0.08468	0.01014	0.01444	0.01069	0.00896	0.30611	0.01686	0.33232	0.01433	0.01360	0.00967	0.00564	0.00480	0.00142	0.00492	0.00442	0.00492	0.12154
11	0.00607	0.00434	0.00578	0.00694	0.00723	0.00405	0.00463	0.00694	0.00954	0.01272	0.02747	0.82157	0.03297	0.01562	0.00636	0.00202	0.00289	0.01417	0.00463	0.00405
12	0.86003	0.00964	0.00733	0.00655	0.00964	0.01118	0.00540	0.01465	0.00848	0.02236	0.00694	0.00810	0.00540	0.00463	0.00308	0.00154	0.00386	0.00270	0.00308	0.00540
13	0.01240	0.01071	0.01127	0.01014	0.01296	0.01240	0.00789	0.02649	0.78473	0.02085	0.02029	0.01860	0.01522	0.00676	0.00507	0.00169	0.00394	0.00564	0.00507	0.00789
14	0.02236	0.00848	0.01157	0.00887	0.01272	0.00733	0.00733	0.02429	0.01427	0.79719	0.01966	0.01697	0.01234	0.00617	0.00501	0.00154	0.00424	0.00501	0.00617	0.00848
15	0.86003	0.00964	0.00733	0.00655	0.00964	0.01118	0.00540	0.01465	0.00848	0.02236	0.00694	0.00810	0.00540	0.00463	0.00308	0.00154	0.00386	0.00270	0.00308	0.00540
16	0.86003	0.00964	0.00733	0.00655	0.00964	0.01118	0.00540	0.01465	0.00848	0.02236	0.00694	0.00810	0.00540	0.00463	0.00308	0.00154	0.00386	0.00270	0.00308	0.00540
17	0.00772	0.00555	0.00762	0.00852	0.00964	0.00545	0.00725	0.00990	0.01171	0.01542	0.12949	0.09639	0.05827	0.01335	0.00669	0.00216	0.00412	0.59146	0.00471	0.00456
18	0.00712	0.00534	0.00801	0.00801	0.00890	0.00623	0.00623	0.00890	0.00801	0.01157	0.01335	0.01958	0.01246	0.03738	0.80507	0.00801	0.01335	0.00534	0.00267	0.00445
19	0.01091	0.01091	0.01527	0.01309	0.01309	0.01527	0.01091	0.01200	0.00763	0.01200	0.00654	0.01091	0.00654	0.00872	0.01636	0.00218	0.81570	0.00436	0.00218	0.00545
20	0.00725	0.00483	0.00544	0.00544	0.00544	0.00483	0.00302	0.00725	0.00725	0.00966	0.01571	0.03262	0.01812	0.82483	0.02537	0.00483	0.00483	0.00725	0.00302	0.00302
21	0.00941	0.00886	0.01495	0.81285	0.03433	0.01107	0.01384	0.01274	0.00997	0.01274	0.00886	0.01329	0.00664	0.00498	0.00498	0.00166	0.00664	0.00443	0.00221	0.00554
22	0.01333	0.82783	0.02612	0.00853	0.01279	0.01972	0.00853	0.01493	0.01013	0.01173	0.00693	0.00800	0.00640	0.00426	0.00320	0.00107	0.00533	0.00267	0.00213	0.00640
23	0.01127	0.01242	0.02655	0.01943	0.02395	0.01169	0.67305	0.01521	0.01173	0.01583	0.01226	0.01916	0.01039	0.00548	0.00602	0.00176	0.00789	0.10668	0.00280	0.00644
24	0.00589	0.00505	0.00505	0.00505	0.00673	0.00421	0.00379	0.00715	0.01136	0.01347	0.05049	0.04797	0.79171	0.01262	0.00589	0.00168	0.00252	0.01052	0.00463	0.00421
25	0.00941	0.00886	0.01495	0.81285	0.03433	0.01107	0.01384	0.01274	0.00997	0.01274	0.00886	0.01329	0.00664	0.00498	0.00498	0.00166	0.00664	0.00443	0.00221	0.00554
26	0.01798	0.00955	0.01189	0.05454	0.01393	0.00956	0.00793	0.24478	0.03058	0.39275	0.01796	0.13649	0.01403	0.00748	0.00521	0.00161	0.00454	0.00621	0.00534	0.00764
27	0.86003	0.00964	0.00733	0.00655	0.00964	0.01118	0.00540	0.01465	0.00848	0.02236	0.00694	0.00810	0.00540	0.00463	0.00308	0.00154	0.00386	0.00270	0.00308	0.00540
28	0.01747	0.02403	0.11901	0.01302	0.01623	0.69881	0.01080	0.01935	0.01364	0.01268	0.00787	0.00919	0.00641	0.00508	0.00453	0.00132	0.00877	0.00327	0.00251	0.00599
29	0.01034	0.00886	0.01034	0.00738	0.01181	0.00664	0.00591	0.01255	0.01034	0.01624	0.00886	0.01034	0.00738	0.00369	0.00369	0.00074	0.00369	0.00295	0.00295	0.85530
30	0.02654	0.01382	0.19101	0.27312	0.11658	0.01177	0.01306	0.13929	0.08580	0.01815	0.01090	0.01304	0.00815	0.00523	0.00481	0.00157	0.00599	0.00437	0.04993	0.00688
31	0.02190	0.00835	0.01132	0.00872	0.01248	0.00723	0.00719	0.02384	0.01413	0.76974	0.01954	0.01702	0.01235	0.00616	0.00496	0.00153	0.00417	0.00500	0.03600	0.00835
32	0.00722	0.00487	0.00560	0.00555	0.00571	0.00482	0.00325	0.00754	0.00817	0.01104	0.11933	0.03324	0.02198	0.71596	0.02277	0.00440	0.00450	0.00748	0.00335	0.00325
33	0.00725	0.00483	0.00544	0.00544	0.00544	0.00483	0.00302	0.00725	0.00725	0.00966	0.01571	0.03262	0.01812	0.82483	0.02537	0.00483	0.00483	0.00725	0.00302	0.00302
34	0.00688	0.00499	0.00648	0.00631	0.00739	0.00460	0.00466	0.00899	0.01339	0.01875	0.65903	0.14248	0.07534	0.01101	0.00594	0.00163	0.00243	0.00976	0.00534	0.00460
35	0.00605	0.00443	0.00569	0.00669	0.00716	0.00407	0.00451	0.00697	0.00979	0.01282	0.03055	0.71819	0.13436	0.01522	0.00630	0.00198	0.00284	0.01368	0.00463	0.00407
36	0.01862	0.02376	0.01413	0.01284	0.01541	0.80482	0.00963	0.01990	0.01413	0.01220	0.00770	0.00899	0.00642	0.00514	0.00449	0.00128	0.00899	0.00321	0.00257	0.00578
37	0.86003	0.00964	0.00733	0.00655	0.00964	0.01118	0.00540	0.01465	0.00848	0.02236	0.00694	0.00810	0.00540	0.00463	0.00308	0.00154	0.00386	0.00270	0.00308	0.00540
38	0.01333	0.82783	0.02612	0.00853	0.01279	0.01972	0.00853	0.01493	0.01013	0.01173	0.00693	0.00800	0.00640	0.00426	0.00320	0.00107	0.00533	0.00267	0.00213	0.00640
39	0.00705	0.00510	0.00666	0.00627	0.00745	0.00470	0.00470	0.00941	0.01411	0.01999	0.79110	0.03723	0.04703	0.01019	0.00588	0.00157	0.00235	0.00901	0.00549	0.00470
40	0.00929	0.00465	0.00465	0.00465	0.00581	0.00465	0.00348	0.01161	0.01045	0.01858	0.01626	0.01858	0.01278	0.00581	0.00348	0.00116	0.00232	0.00465	0.85250	0.00465
41	0.13431	0.00864	0.01100	0.00856	0.01231	0.00784	0.00707	0.02300	0.01349	0.69364	0.01796	0.01578	0.01141	0.00596	0.00475	0.00154	0.00419	0.00470	0.00576	0.00807
42	0.01403	0.72037	0.02452	0.00911	0.01314	0.12464	0.00868	0.01559	0.01066	0.01179	0.00703	0.00813	0.00640	0.00438	0.00337	0.00110	0.00582	0.00274	0.00219	0.00631
43	0.00725	0.00483	0.00544	0.00544	0.00544	0.00483	0.00302	0.00725	0.00725	0.00966	0.01571	0.03262	0.01812	0.82483	0.02537	0.00483	0.00483	0.00725	0.00302	0.00302
44	0.01194	0.00881	0.01050	0.00758	0.01193	0.00674	0.00610	0.01412	0.01086	0.12060	0.01030	0.01122	0.00805	0.00402	0.00387	0.00085	0.00376	0.00323	0.00338	0.74213
45	0.00607	0.00434	0.00578	0.00694	0.00723	0.00405	0.00463	0.00694	0.00954	0.01272	0.02747	0.82157	0.03297	0.01562	0.00636	0.00202	0.00289	0.01417	0.00463	0.00405
46	0.01151	0.01327	0.04773	0.09811	0.04965	0.01241	0.65919	0.01563	0.01155	0.01566	0.00991	0.01332	0.00745	0.00430	0.00574	0.00167	0.00813	0.00564	0.00248	0.00666
47	0.01139	0.16459	0.43739	0.01638	0.13739	0.01311	0.10553	0.01574	0.01080	0.03009	0.00899	0.01082	0.00683	0.00457	0.00463	0.00148	0.00685	0.00390	0.00229	0.00722
48	0.00633	0.00452	0.00608	0.00724	0.00764	0.00427	0.00508	0.00739	0.00980	0.01302	0.02733	0.71929	0.03239	0.01537	0.00643	0.00206	0.00312	0.11386	0.00462	0.00412
49	0.00749	0.00544	0.00781	0.04944	0.00969	0.00621	0.00616	0.00929	0.00864	0.01275	0.01522	0.12607	0.01479	0.02777	0.52773	0.00580	0.03096	0.00635	0.11788	0.00451
50	0.05384	0.47620	0.16772	0.01065	0.03504	0.05673	0.01058	0.10979	0.01201	0.01557	0.00803	0.00913	0.00663	0.00463	0.00381	0.00126	0.00586	0.00316	0.00256	0.00680
51	0.00725	0.00483	0.00544	0.00544	0.00544	0.00483	0.00302	0.00725	0.00725	0.00966	0.01571	0.03262	0.01812	0.82483	0.02537	0.00483	0.00483	0.00725	0.00302	0.00302
52	0.01042	0.01009	0.01395	0.01206	0.01206	0.01387	0.00985	0.01136	0.00758	0.01168	0.00777	0.01381	0.00809	0.11779	0.01756	0.00254	0.70734	0.00475	0.00229	0.00513
53	0.01057	0.01290	0.16057	0.38374	0.05966	0.06669	0.01276	0.01482	0.07168	0.03550	0.03924	0.01733	0.05023	0.00603	0.00506	0.00163	0.00619	0.03635	0.00290	0.00613
54	0.09136	0.01379	0.08888	0.05264	0.13838	0.02684	0.16018	0.24089	0.10013	0.02146	0.01117	0.01257	0.00836	0.00519	0.00496	0.00157	0.00609	0.00462	0.00352	0.00742
55	0.00999	0.00924	0.01529	0.40022	0.28034	0.01043	0.01278	0.01276	0.01029	0.01399	0.01157	0.12100	0.01069	0.00639	0.00557	0.00166	0.03734	0.00574	0.01864	0.00610
56	0.07989	0.01067	0.01145	0.02363	0.07632	0.08438	0.00732	0.03185	0.03769	0.06619	0.01061	0.01173	0.02332	0.00448	0.00405	0.00105	0.00450	0.00351	0.00323	0.50413

[dist]
# distance from previous block
# <min> <max>
0	1

[block]
# block no. 3 follows, 50 sequences, length 28
# corresponding to MSA columns:
# 225-252
name=unknown_D
#
# <colnr> <probs for GDERKNQSTAVLIFYWHMCP>
#	G	D	E	R	K	N	Q	S	T	A	V	L	I	F	Y	W	H	M	C	P
0	0.01542	0.09566	0.01669	0.06681	0.17848	0.03568	0.02499	0.29744	0.13478	0.06612	0.01228	0.01297	0.00921	0.00549	0.00481	0.00149	0.00548	0.00449	0.00396	0.00776
1	0.02067	0.00912	0.01256	0.01120	0.09260	0.00829	0.00822	0.07629	0.01461	0.64166	0.03938	0.01670	0.01257	0.00609	0.00503	0.00153	0.00445	0.00503	0.00569	0.00832
2	0.00632	0.00456	0.00603	0.00704	0.00754	0.00427	0.00494	0.00744	0.01008	0.01339	0.07182	0.66348	0.06794	0.01498	0.00637	0.00201	0.00302	0.08996	0.00467	0.00415
3	0.00669	0.00508	0.00616	0.00589	0.00722	0.00455	0.00441	0.00870	0.01324	0.01794	0.55807	0.04061	0.28134	0.01096	0.00588	0.00160	0.00241	0.00949	0.00522	0.00455
4	0.01602	0.01251	0.01331	0.01088	0.01434	0.01409	0.00877	0.44160	0.36372	0.02669	0.01569	0.01493	0.01149	0.00633	0.00502	0.00158	0.00480	0.00500	0.00502	0.00821
5	0.00601	0.00505	0.00521	0.00517	0.00681	0.00426	0.00388	0.00738	0.01164	0.01413	0.12619	0.04687	0.71560	0.01237	0.00589	0.00167	0.00251	0.01037	0.00472	0.00426
6	0.00771	0.00550	0.00766	0.00881	0.00981	0.00546	0.00746	0.00976	0.01115	0.01455	0.02657	0.18390	0.02940	0.01408	0.00680	0.00225	0.00431	0.63573	0.00460	0.00450
7	0.23286	0.01230	0.01267	0.00996	0.01370	0.01354	0.00822	0.50657	0.01870	0.10738	0.01148	0.01150	0.00809	0.00566	0.00451	0.00151	0.00494	0.00409	0.00462	0.00770
8	0.01240	0.01071	0.01127	0.01014	0.01296	0.01240	0.00789	0.02649	0.78473	0.02085	0.02029	0.01860	0.01522	0.00676	0.00507	0.00169	0.00394	0.00564	0.00507	0.00789
9	0.01000	0.02578	0.79900	0.01421	0.02157	0.01158	0.01842	0.01579	0.01052	0.01579	0.00895	0.01052	0.00631	0.00474	0.00474	0.00158	0.00737	0.00368	0.00210	0.00737
10	0.02236	0.00848	0.01157	0.00887	0.01272	0.00733	0.00733	0.02429	0.01427	0.79719	0.01966	0.01697	0.01234	0.00617	0.00501	0.00154	0.00424	0.00501	0.00617	0.00848
11	0.01319	0.14688	0.01377	0.00979	0.01292	0.01329	0.00796	0.02442	0.60607	0.06914	0.01802	0.01672	0.01356	0.00631	0.00476	0.00158	0.00419	0.00510	0.00465	0.00768
12	0.00955	0.00900	0.01519	0.77716	0.06897	0.01111	0.01391	0.01285	0.01003	0.01290	0.00888	0.01325	0.00670	0.00496	0.00498	0.00165	0.00661	0.00443	0.00223	0.00564
13	0.01156	0.01234	0.04409	0.01747	0.02172	0.01148	0.54899	0.09239	0.01281	0.01741	0.05622	0.10380	0.01266	0.00600	0.00581	0.00169	0.00713	0.00677	0.00316	0.00651
14	0.01147	0.01550	0.15780	0.01987	0.02530	0.01243	0.64931	0.01594	0.01156	0.01594	0.00989	0.01296	0.00735	0.00429	0.00569	0.00166	0.00823	0.00552	0.00245	0.00683
15	0.02023	0.01191	0.01369	0.01049	0.01443	0.01241	0.00867	0.49462	0.01999	0.31877	0.01486	0.01384	0.00993	0.00605	0.00500	0.00151	0.00502	0.00468	0.00543	0.00848
16	0.00647	0.00474	0.00607	0.00643	0.00726	0.00435	0.00456	0.00801	0.01169	0.01589	0.35421	0.39767	0.12827	0.01296	0.00610	0.00179	0.00262	0.01155	0.00499	0.00435
17	0.01228	0.09633	0.01587	0.01238	0.01325	0.14707	0.01024	0.01345	0.00903	0.01203	0.00747	0.03717	0.00738	0.00790	0.01270	0.00191	0.57135	0.00432	0.00232	0.00556
18	0.00712	0.00534	0.00801	0.00801	0.00890	0.00623	0.00623	0.00890	0.00801	0.01157	0.01335	0.01958	0.01246	0.03738	0.80507	0.00801	0.01335	0.00534	0.00267	0.00445
19	0.86003	0.00964	0.00733	0.00655	0.00964	0.01118	0.00540	0.01465	0.00848	0.02236	0.00694	0.00810	0.00540	0.00463	0.00308	0.00154	0.00386	0.00270	0.00308	0.00540
20	0.00929	0.00465	0.00465	0.00465	0.00581	0.00465	0.00348	0.01161	0.01045	0.01858	0.01626	0.01858	0.01278	0.00581	0.00348	0.00116	0.00232	0.00465	0.85250	0.00465
21	0.00604	0.00445	0.00567	0.00664	0.00715	0.00407	0.00449	0.00697	0.00983	0.01284	0.03112	0.69887	0.15331	0.01514	0.00629	0.00197	0.00283	0.01359	0.00463	0.00407
22	0.00705	0.00510	0.00666	0.00627	0.00745	0.00470	0.00470	0.00941	0.01411	0.01999	0.79110	0.03723	0.04703	0.01019	0.00588	0.00157	0.00235	0.00901	0.00549	0.00470
23	0.00804	0.00781	0.08762	0.00757	0.00888	0.00655	0.00589	0.01124	0.13797	0.01307	0.01930	0.26433	0.02088	0.36216	0.01418	0.00313	0.00436	0.00869	0.00375	0.00458
24	0.22914	0.49481	0.01948	0.00870	0.01240	0.13986	0.00791	0.01563	0.01033	0.01450	0.00705	0.00818	0.00615	0.00449	0.00337	0.00122	0.00553	0.00276	0.00244	0.00605
25	0.01113	0.01069	0.01751	0.34450	0.44361	0.02977	0.01423	0.01418	0.01095	0.01488	0.03505	0.01347	0.00865	0.00487	0.00498	0.00155	0.00617	0.00456	0.00247	0.00679
26	0.07342	0.27319	0.09113	0.00948	0.01306	0.15378	0.00868	0.07609	0.01270	0.07438	0.11070	0.01539	0.05673	0.00600	0.00434	0.00136	0.00546	0.00444	0.00337	0.00629
27	0.01455	0.01623	0.21282	0.01178	0.01620	0.03947	0.01124	0.31629	0.26588	0.02340	0.01375	0.01365	0.01004	0.00589	0.00493	0.00157	0.00558	0.00461	0.00420	0.00792

[dist]
# distance from previous block
# <min> <max>
0	1

[block]
# block no. 4 follows, 50 sequences, length 44
# corresponding to MSA columns:
# 254-297
name=unknown_E
#
# <colnr> <probs for GDERKNQSTAVLIFYWHMCP>
#	G	D	E	R	K	N	Q	S	T	A	V	L	I	F	Y	W	H	M	C	P
0	0.01438	0.01603	0.35988	0.01168	0.01683	0.00922	0.06031	0.01820	0.01244	0.30859	0.10789	0.01636	0.01358	0.00590	0.00505	0.00157	0.00565	0.00497	0.00406	0.00742
1	0.00716	0.00516	0.00681	0.00658	0.00776	0.00481	0.00506	0.00951	0.01383	0.01944	0.70866	0.03928	0.04505	0.01058	0.00599	0.00165	0.00259	0.09000	0.00539	0.00469
2	0.01494	0.01224	0.01302	0.01182	0.06276	0.05620	0.00880	0.35402	0.27483	0.02387	0.01602	0.10133	0.01322	0.00714	0.00513	0.00161	0.00491	0.00584	0.00469	0.00762
3	0.01091	0.01091	0.01527	0.01309	0.01309	0.01527	0.01091	0.01200	0.00763	0.01200	0.00654	0.01091	0.00654	0.00872	0.01636	0.00218	0.81570	0.00436	0.00218	0.00545
4	0.00712	0.00534	0.00801	0.00801	0.00890	0.00623	0.00623	0.00890	0.00801	0.01157	0.01335	0.01958	0.01246	0.03738	0.80507	0.00801	0.01335	0.00534	0.00267	0.00445
5	0.00705	0.00510	0.00666	0.00627	0.00745	0.00470	0.00470	0.00941	0.01411	0.01999	0.79110	0.03723	0.04703	0.01019	0.00588	0.00157	0.00235	0.00901	0.00549	0.00470
6	0.01000	0.02578	0.79900	0.01421	0.02157	0.01158	0.01842	0.01579	0.01052	0.01579	0.00895	0.01052	0.00631	0.00474	0.00474	0.00158	0.00737	0.00368	0.00210	0.00737
7	0.01234	0.01184	0.02023	0.03059	0.79373	0.01184	0.01530	0.01530	0.01135	0.01628	0.00938	0.01234	0.00790	0.00444	0.00493	0.00148	0.00592	0.00444	0.00247	0.00790
8	0.01034	0.00886	0.01034	0.00738	0.01181	0.00664	0.00591	0.01255	0.01034	0.01624	0.00886	0.01034	0.00738	0.00369	0.00369	0.00074	0.00369	0.00295	0.00295	0.85530
9	0.01670	0.01386	0.01486	0.19769	0.01983	0.10167	0.01051	0.51596	0.01928	0.02495	0.01077	0.01194	0.00782	0.00566	0.00493	0.00151	0.00614	0.00433	0.00408	0.00750
10	0.01832	0.01312	0.01421	0.01110	0.01492	0.01444	0.00910	0.61999	0.12552	0.08675	0.01366	0.01323	0.00967	0.00610	0.00500	0.00153	0.00518	0.00468	0.00509	0.00840
11	0.00714	0.00526	0.00759	0.00759	0.00834	0.00600	0.00571	0.00863	0.00789	0.01126	0.01373	0.02170	0.01338	0.16540	0.67831	0.00749	0.01197	0.00565	0.00273	0.00422
12	0.00681	0.00495	0.00641	0.00633	0.00737	0.00455	0.00464	0.00883	0.01311	0.01829	0.60927	0.18293	0.08521	0.01133	0.00597	0.00166	0.00246	0.01005	0.00528	0.00455
13	0.01895	0.01396	0.01496	0.01147	0.01546	0.01546	0.00947	0.77711	0.02344	0.03141	0.01197	0.01197	0.00848	0.00598	0.00499	0.00150	0.00548	0.00449	0.00499	0.00848
14	0.01242	0.01058	0.01132	0.00976	0.01291	0.01162	0.00765	0.06530	0.61553	0.02067	0.01795	0.01687	0.01356	0.00621	0.00484	0.00152	0.00399	0.00513	0.00472	0.14746
15	0.00663	0.00469	0.00568	0.00614	0.00649	0.00454	0.00393	0.00721	0.00865	0.01140	0.02399	0.34661	0.10709	0.37027	0.06113	0.00356	0.00431	0.01024	0.00381	0.00364
16	0.00589	0.00505	0.00505	0.00505	0.00673	0.00421	0.00379	0.00715	0.01136	0.01347	0.05049	0.04797	0.79171	0.01262	0.00589	0.00168	0.00252	0.01052	0.00463	0.00421
17	0.01865	0.02270	0.01422	0.01269	0.01541	0.71971	0.00961	0.10154	0.01513	0.01427	0.00816	0.00931	0.00664	0.00523	0.00455	0.00131	0.00861	0.00335	0.00283	0.00607
18	0.00929	0.00465	0.00465	0.00465	0.00581	0.00465	0.00348	0.01161	0.01045	0.01858	0.01626	0.01858	0.01278	0.00581	0.00348	0.00116	0.00232	0.00465	0.85250	0.00465
19	0.86003	0.00964	0.00733	0.00655	0.00964	0.01118	0.00540	0.01465	0.00848	0.02236	0.00694	0.00810	0.00540	0.00463	0.00308	0.00154	0.00386	0.00270	0.00308	0.00540
20	0.00693	0.00509	0.00648	0.00614	0.00737	0.00465	0.00460	0.00916	0.01381	0.01927	0.70926	0.03842	0.12932	0.01046	0.00588	0.00158	0.00237	0.00918	0.00539	0.00465
21	0.00712	0.00534	0.00801	0.00801	0.00890	0.00623	0.00623	0.00890	0.00801	0.01157	0.01335	0.01958	0.01246	0.03738	0.80507	0.00801	0.01335	0.00534	0.00267	0.00445
22	0.00682	0.00496	0.00630	0.00621	0.00730	0.00454	0.00456	0.00881	0.01298	0.01806	0.56798	0.16503	0.12627	0.01124	0.00590	0.00165	0.00246	0.00992	0.02448	0.00454
23	0.00953	0.00492	0.00533	0.00514	0.00632	0.00482	0.00378	0.01159	0.01072	0.05994	0.10201	0.02207	0.01711	0.09461	0.00619	0.00162	0.00270	0.00543	0.62148	0.00468
24	0.01816	0.01411	0.01448	0.01139	0.01516	0.05784	0.00930	0.64771	0.11258	0.02913	0.01272	0.01259	0.00916	0.00603	0.00497	0.00151	0.00549	0.00455	0.00487	0.00826
25	0.00842	0.00643	0.00809	0.00871	0.01006	0.00667	0.00711	0.01276	0.16762	0.01561	0.02667	0.19764	0.06812	0.01265	0.00636	0.00209	0.00402	0.42114	0.00470	0.00513
26	0.01245	0.60518	0.20020	0.01004	0.01479	0.01766	0.01088	0.01497	0.01009	0.01266	0.00737	0.00871	0.00639	0.00460	0.00421	0.00124	0.04688	0.00298	0.00213	0.00657
27	0.00598	0.00496	0.00523	0.00537	0.00684	0.00421	0.00395	0.00725	0.01127	0.01372	0.08801	0.14972	0.65056	0.01289	0.00595	0.00172	0.00256	0.01092	0.00468	0.00421
28	0.00712	0.00478	0.00547	0.00560	0.00563	0.00475	0.00319	0.00722	0.00750	0.00999	0.01697	0.11768	0.01972	0.73758	0.02332	0.00453	0.00462	0.00799	0.00319	0.00313
29	0.05375	0.01062	0.01190	0.00945	0.01315	0.01079	0.00763	0.21506	0.22180	0.18669	0.01491	0.01427	0.01072	0.00567	0.00465	0.00139	0.00434	0.00449	0.00473	0.19399
30	0.00945	0.00861	0.01421	0.07383	0.27896	0.00883	0.07685	0.01180	0.01117	0.01559	0.16493	0.20031	0.03314	0.00850	0.00630	0.00170	0.05863	0.00773	0.00354	0.00592
31	0.00661	0.00486	0.00631	0.00727	0.00804	0.00456	0.00547	0.00795	0.01040	0.01348	0.03095	0.47457	0.15667	0.01459	0.00643	0.00205	0.00332	0.22764	0.00462	0.00423
32	0.21644	0.00943	0.01100	0.00865	0.01235	0.00923	0.00714	0.11512	0.01406	0.52261	0.01576	0.01429	0.01025	0.00579	0.00456	0.00154	0.00431	0.00441	0.00531	0.00777
33	0.01472	0.03109	0.13734	0.01374	0.01813	0.08108	0.21524	0.07449	0.18057	0.16121	0.01374	0.01416	0.00985	0.00541	0.00513	0.00158	0.00629	0.00494	0.00385	0.00743
34	0.00652	0.00507	0.00592	0.00571	0.00712	0.00448	0.00428	0.00837	0.01285	0.01699	0.45060	0.04217	0.38940	0.01131	0.00588	0.00162	0.00243	0.00971	0.00509	0.00448
35	0.00725	0.00483	0.00544	0.00544	0.00544	0.00483	0.00302	0.00725	0.00725	0.00966	0.01571	0.03262	0.01812	0.82483	0.02537	0.00483	0.00483	0.00725	0.00302	0.00302
36	0.01018	0.00972	0.01412	0.01380	0.09628	0.01281	0.01030	0.01164	0.00812	0.01236	0.00842	0.01307	0.00806	0.01489	0.19746	0.00345	0.54291	0.00460	0.00232	0.00548
37	0.10983	0.01311	0.03253	0.01069	0.01464	0.01391	0.00899	0.58471	0.02039	0.12358	0.01229	0.01213	0.00856	0.00583	0.00478	0.00151	0.00520	0.00434	0.00486	0.00812
38	0.01130	0.01080	0.01827	0.29561	0.50981	0.01170	0.01466	0.01432	0.01076	0.01494	0.00911	0.01261	0.00743	0.00477	0.00533	0.00157	0.03322	0.00443	0.00237	0.00701
39	0.21325	0.06266	0.05369	0.01208	0.01550	0.01159	0.22791	0.05376	0.01110	0.01815	0.09202	0.01393	0.01127	0.00559	0.00585	0.00156	0.09280	0.00470	0.04057	0.05202
40	0.01285	0.02639	0.06889	0.01883	0.10034	0.09734	0.45035	0.01626	0.01180	0.06445	0.01095	0.05087	0.00885	0.00517	0.00584	0.00163	0.03411	0.00556	0.00281	0.00672
41	0.01245	0.26340	0.35368	0.01155	0.01688	0.14410	0.01266	0.01586	0.01098	0.01403	0.00813	0.00949	0.00647	0.00455	0.00412	0.00129	0.00663	0.00322	0.00228	0.09823
42	0.00864	0.18599	0.05467	0.00833	0.01026	0.00939	0.00723	0.01051	0.00857	0.01174	0.01183	0.01722	0.01109	0.06831	0.54713	0.00599	0.01084	0.00476	0.00254	0.00496
43	0.13700	0.01504	0.09745	0.06133	0.01577	0.15082	0.00974	0.28896	0.04430	0.06432	0.01084	0.01180	0.00804	0.00697	0.04260	0.00180	0.00634	0.00403	0.01585	0.00699

[dist]
# distance from previous block
# <min> <max>
5	13

[block]
# block no. 5 follows, 50 sequences, length 25
# corresponding to MSA columns:
# 311-335
name=unknown_F
#
# <colnr> <probs for GDERKNQSTAVLIFYWHMCP>
#	G	D	E	R	K	N	Q	S	T	A	V	L	I	F	Y	W	H	M	C	P
0	0.05588	0.01919	0.01500	0.01661	0.20630	0.52743	0.01061	0.01829	0.01318	0.03268	0.03419	0.01089	0.00822	0.00513	0.00460	0.00136	0.00766	0.00372	0.00275	0.00631
1	0.59685	0.01130	0.00958	0.00809	0.01138	0.04897	0.00662	0.19746	0.01248	0.04533	0.00853	0.00931	0.00637	0.00502	0.00366	0.00152	0.00449	0.00321	0.00360	0.00624
2	0.01064	0.00982	0.01631	0.17384	0.48038	0.01016	0.01274	0.01354	0.01168	0.01641	0.17751	0.01788	0.01608	0.00578	0.00515	0.00153	0.00529	0.00542	0.00307	0.00676
3	0.01229	0.52825	0.14305	0.01039	0.01421	0.01751	0.01057	0.01443	0.00965	0.01241	0.00716	0.00901	0.00642	0.00530	0.00627	0.00139	0.18004	0.00319	0.00214	0.00634
4	0.01433	0.01418	0.08314	0.01564	0.02016	0.01333	0.34410	0.32761	0.01627	0.02210	0.01126	0.03973	0.00867	0.00544	0.00560	0.00160	0.02271	0.00532	0.00357	0.02523
5	0.67782	0.18572	0.01137	0.00698	0.01032	0.01302	0.00607	0.01471	0.00884	0.02007	0.00694	0.00808	0.00561	0.00455	0.00311	0.00144	0.00417	0.00269	0.00288	0.00561
6	0.19364	0.01063	0.01356	0.01168	0.01234	0.01439	0.00972	0.01257	0.00782	0.01423	0.00663	0.01030	0.00630	0.00784	0.01350	0.00204	0.64099	0.00400	0.00238	0.00544
7	0.00589	0.00505	0.00505	0.00505	0.00673	0.00421	0.00379	0.00715	0.01136	0.01347	0.05049	0.04797	0.79171	0.01262	0.00589	0.00168	0.00252	0.01052	0.00463	0.00421
8	0.01322	0.01271	0.02263	0.09931	0.21248	0.01288	0.34961	0.17929	0.01400	0.01905	0.01020	0.01284	0.00775	0.00472	0.00537	0.00159	0.00699	0.00509	0.00301	0.00727
9	0.00768	0.00435	0.00620	0.00662	0.00673	0.00424	0.00440	0.00668	0.00762	0.01015	0.01566	0.30636	0.01771	0.04169	0.01493	0.52124	0.00383	0.00797	0.00308	0.00287
10	0.01000	0.02578	0.79900	0.01421	0.02157	0.01158	0.01842	0.01579	0.01052	0.01579	0.00895	0.01052	0.00631	0.00474	0.00474	0.00158	0.00737	0.00368	0.00210	0.00737
11	0.01189	0.01310	0.02744	0.02307	0.19126	0.01244	0.61200	0.01582	0.01168	0.01603	0.00993	0.01321	0.00763	0.00425	0.00568	0.00164	0.00787	0.00557	0.00251	0.00698
12	0.01086	0.23458	0.59779	0.01273	0.01929	0.01370	0.01584	0.01556	0.01042	0.01473	0.00842	0.00987	0.00634	0.00461	0.00434	0.00145	0.00684	0.00342	0.00211	0.00711
13	0.00667	0.00508	0.00613	0.00587	0.00721	0.00454	0.00440	0.00866	0.01320	0.01782	0.54532	0.04080	0.29416	0.01100	0.00588	0.00161	0.00241	0.00951	0.00520	0.00454
14	0.00607	0.00434	0.00578	0.00694	0.00723	0.00405	0.00463	0.00694	0.00954	0.01272	0.02747	0.82157	0.03297	0.01562	0.00636	0.00202	0.00289	0.01417	0.00463	0.00405
15	0.19477	0.01069	0.01186	0.01023	0.01329	0.01215	0.06833	0.02310	0.55628	0.02079	0.01660	0.01593	0.01249	0.00610	0.00471	0.00166	0.00428	0.00502	0.00444	0.00726
16	0.01219	0.00996	0.01133	0.00826	0.01260	0.00854	0.00667	0.17709	0.01316	0.01951	0.00953	0.01069	0.00762	0.00418	0.00397	0.00090	0.00408	0.00328	0.00339	0.67305
17	0.00607	0.00434	0.00578	0.00694	0.00723	0.00405	0.00463	0.00694	0.00954	0.01272	0.02747	0.82157	0.03297	0.01562	0.00636	0.00202	0.00289	0.01417	0.00463	0.00405
18	0.01886	0.00759	0.01032	0.00845	0.01154	0.00662	0.00675	0.02056	0.01325	0.62836	0.02134	0.19012	0.01678	0.00820	0.00530	0.00165	0.00395	0.00698	0.00584	0.00753
19	0.65189	0.18615	0.01158	0.00717	0.01050	0.03748	0.00620	0.01487	0.00901	0.01976	0.00696	0.00810	0.00564	0.00456	0.00315	0.00143	0.00433	0.00271	0.00286	0.00562
20	0.01405	0.01153	0.01220	0.01048	0.01359	0.01317	0.00829	0.21621	0.59231	0.02352	0.01818	0.01692	0.01351	0.00657	0.00505	0.00164	0.00433	0.00535	0.00505	0.00804
21	0.27124	0.22716	0.05299	0.02718	0.18108	0.13707	0.00975	0.01570	0.01053	0.01622	0.00771	0.00932	0.00642	0.00458	0.00384	0.00137	0.00570	0.00322	0.00256	0.00635
22	0.01107	0.01063	0.01857	0.23282	0.45347	0.01112	0.08590	0.01414	0.01097	0.01513	0.01083	0.04233	0.00950	0.00544	0.00519	0.00161	0.00617	0.04564	0.00259	0.00686
23	0.00971	0.00532	0.00717	0.00750	0.00861	0.00486	0.00543	0.01089	0.01068	0.18169	0.02572	0.59894	0.02825	0.01346	0.00611	0.00194	0.00329	0.06043	0.00496	0.00504
24	0.00718	0.00514	0.00708	0.00711	0.00771	0.00571	0.00513	0.00839	0.00786	0.01114	0.01447	0.04176	0.01470	0.28294	0.52626	0.00674	0.01022	0.00612	0.02031	0.00400

[dist]
# distance from previous block
# <min> <max>
0	2

[block]
# block no. 6 follows, 50 sequences, length 36
# corresponding to MSA columns:
# 338-346,348-374
name=unknown_G
#
# <colnr> <probs for GDERKNQSTAVLIFYWHMCP>
#	G	D	E	R	K	N	Q	S	T	A	V	L	I	F	Y	W	H	M	C	P
0	0.01910	0.00949	0.01342	0.01044	0.01420	0.00898	0.08984	0.02387	0.17881	0.54733	0.01877	0.01694	0.01244	0.00609	0.00512	0.00159	0.00462	0.00524	0.00554	0.00817
1	0.00746	0.00594	0.00917	0.00920	0.01046	0.00566	0.08862	0.00930	0.01072	0.01402	0.02712	0.35878	0.09282	0.01339	0.00648	0.00207	0.00414	0.31567	0.00439	0.00457
2	0.01074	0.00938	0.01145	0.09468	0.01479	0.00856	0.02360	0.01582	0.18707	0.01691	0.01149	0.01260	0.00910	0.00454	0.00419	0.00107	0.00417	0.00379	0.00335	0.55268
3	0.00750	0.09315	0.00855	0.00667	0.00797	0.00616	0.00510	0.00942	0.01262	0.01741	0.52950	0.21642	0.03940	0.01082	0.00570	0.00162	0.00280	0.00953	0.00493	0.00473
