[name]
unknown

[dist]
# distance from previous block
# <min> <max>
3	95

[block]
# block no. 0 follows, 48 sequences, length 17
# corresponding to MSA columns:
# 100-116
name=unknown_A
#
# <colnr> <probs for GDERKNQSTAVLIFYWHMCP>
#	G	D	E	R	K	N	Q	S	T	A	V	L	I	F	Y	W	H	M	C	P
0	0.04449	0.00930	0.01170	0.03224	0.03358	0.00946	0.04990	0.14081	0.12747	0.16541	0.08248	0.05130	0.06087	0.06229	0.00659	0.00181	0.00445	0.00617	0.05424	0.04544
1	0.01467	0.00879	0.01053	0.00888	0.01163	0.00892	0.00703	0.12920	0.18089	0.24022	0.26722	0.04830	0.02498	0.00809	0.00550	0.00164	0.00381	0.00684	0.00565	0.00720
2	0.01636	0.07879	0.03071	0.01097	0.05829	0.05764	0.00852	0.10040	0.13978	0.27273	0.06962	0.01874	0.05619	0.02199	0.00589	0.00164	0.03400	0.00544	0.00481	0.00750
3	0.04590	0.00955	0.01305	0.01016	0.01368	0.04241	0.09524	0.03816	0.01390	0.48852	0.07471	0.02036	0.05959	0.04324	0.00623	0.00175	0.00488	0.00582	0.00533	0.00751
4	0.10400	0.06813	0.25172	0.01259	0.01722	0.25693	0.05264	0.07224	0.01307	0.07525	0.01041	0.01143	0.02197	0.00529	0.00465	0.00149	0.00718	0.00389	0.00303	0.00687
5	0.05800	0.04017	0.26885	0.05789	0.13086	0.01253	0.06801	0.10771	0.07298	0.04399	0.02256	0.01337	0.00896	0.00553	0.00550	0.00163	0.04242	0.01453	0.00315	0.02137
6	0.05480	0.00784	0.00987	0.00789	0.01061	0.00692	0.06003	0.01155	0.03431	0.01503	0.04410	0.02163	0.06503	0.24343	0.03391	0.00245	0.00467	0.00545	0.00331	0.35717
7	0.10390	0.01290	0.05204	0.08688	0.09746	0.07030	0.16520	0.05995	0.06194	0.05920	0.03580	0.01342	0.00939	0.00561	0.00624	0.00163	0.09098	0.00472	0.00322	0.05923
8	0.72168	0.00992	0.00811	0.00722	0.01027	0.01137	0.00587	0.08047	0.01015	0.02312	0.00912	0.06689	0.00788	0.00570	0.00359	0.00162	0.00404	0.00379	0.00346	0.00573
9	0.00720	0.00559	0.00737	0.00742	0.00856	0.00584	0.00580	0.00889	0.01014	0.01353	0.08856	0.03505	0.23924	0.05833	0.35243	0.00479	0.03149	0.10144	0.00381	0.00452
10	0.01048	0.01028	0.04322	0.32158	0.07240	0.03439	0.01115	0.03556	0.06173	0.01439	0.03226	0.01708	0.02736	0.09646	0.03802	0.00233	0.13162	0.00514	0.00285	0.03169
11	0.00969	0.00912	0.01539	0.80734	0.03534	0.01140	0.01425	0.01311	0.01026	0.01311	0.00912	0.01368	0.00684	0.00513	0.00513	0.00171	0.00684	0.00456	0.00228	0.00570
12	0.01346	0.01828	0.35496	0.01254	0.01770	0.03751	0.04043	0.19503	0.06969	0.07579	0.01479	0.06863	0.04504	0.00655	0.00518	0.00164	0.00620	0.00534	0.00371	0.00752
13	0.00942	0.00854	0.01297	0.04755	0.36367	0.00826	0.00984	0.01177	0.01209	0.01624	0.14968	0.02954	0.28297	0.00846	0.00558	0.00162	0.00432	0.00749	0.00380	0.00619
14	0.00956	0.00478	0.00478	0.00478	0.00598	0.00478	0.00359	0.01196	0.01076	0.01913	0.01674	0.01913	0.01315	0.00598	0.00359	0.00120	0.00239	0.00478	0.84816	0.00478
15	0.01133	0.01452	0.17735	0.01823	0.14577	0.01142	0.28111	0.06121	0.03784	0.01699	0.01426	0.11538	0.04080	0.00658	0.00586	0.00172	0.02312	0.00648	0.00309	0.00693
16	0.01198	0.01213	0.01374	0.01175	0.01396	0.19171	0.11809	0.07477	0.01165	0.01454	0.01201	0.05028	0.01093	0.03654	0.32497	0.00432	0.04860	0.00532	0.00298	0.02972

[dist]
# distance from previous block
# <min> <max>
6	12

[block]
# block no. 1 follows, 48 sequences, length 16
# corresponding to MSA columns:
# 129-144
name=unknown_B
#
# <colnr> <probs for GDERKNQSTAVLIFYWHMCP>
#	G	D	E	R	K	N	Q	S	T	A	V	L	I	F	Y	W	H	M	C	P
0	0.01002	0.18954	0.06872	0.00909	0.01154	0.02380	0.00819	0.01336	0.08402	0.01569	0.16308	0.04788	0.08301	0.02767	0.00674	0.00181	0.06445	0.16177	0.00395	0.00569
1	0.01803	0.01582	0.01500	0.01311	0.06300	0.17628	0.00992	0.46158	0.13129	0.02573	0.01250	0.01271	0.00926	0.00600	0.00504	0.00152	0.00618	0.00452	0.00447	0.00803
2	0.01119	0.10228	0.15601	0.00891	0.01214	0.00873	0.00855	0.02914	0.03557	0.12832	0.37112	0.04761	0.02833	0.00821	0.00539	0.00158	0.00417	0.02185	0.00465	0.00625
3	0.00795	0.00661	0.01007	0.00937	0.01057	0.00715	0.06313	0.00964	0.00915	0.01298	0.01704	0.26765	0.01811	0.02369	0.36131	0.00474	0.08861	0.00812	0.00334	0.06077
4	0.01013	0.01246	0.14828	0.33006	0.02386	0.01205	0.04274	0.01327	0.00997	0.01384	0.01074	0.01791	0.00955	0.00719	0.00852	0.00192	0.22353	0.09549	0.00256	0.00593
5	0.01342	0.01478	0.08020	0.08542	0.19780	0.12004	0.13139	0.09929	0.06925	0.01731	0.01100	0.04269	0.00909	0.00588	0.00629	0.00166	0.07932	0.00503	0.00305	0.00708
6	0.00984	0.00932	0.01542	0.73161	0.03325	0.01181	0.01396	0.01304	0.01003	0.01304	0.00889	0.01345	0.00683	0.00550	0.00625	0.00176	0.08348	0.00455	0.00228	0.00569
7	0.00640	0.00458	0.00609	0.00704	0.00747	0.00427	0.00477	0.00751	0.01051	0.01419	0.13857	0.70292	0.03605	0.01526	0.00648	0.00202	0.00290	0.01381	0.00489	0.00427
8	0.01173	0.01091	0.01382	0.01186	0.01404	0.09574	0.13200	0.07500	0.11637	0.02975	0.01810	0.15232	0.03920	0.06133	0.00840	0.00207	0.09519	0.10230	0.00391	0.00596
9	0.04739	0.00938	0.03942	0.00968	0.03215	0.00810	0.00791	0.02308	0.06873	0.60312	0.08010	0.01859	0.01519	0.00658	0.00516	0.00160	0.00433	0.00539	0.00587	0.00822
10	0.00678	0.00501	0.00642	0.00711	0.00800	0.00465	0.00529	0.00829	0.01137	0.01497	0.16415	0.39503	0.17337	0.01417	0.00648	0.00199	0.00315	0.15444	0.00491	0.00442
11	0.00969	0.00912	0.01539	0.80734	0.03534	0.01140	0.01425	0.01311	0.01026	0.01311	0.00912	0.01368	0.00684	0.00513	0.00513	0.00171	0.00684	0.00456	0.00228	0.00570
12	0.01306	0.07981	0.36270	0.01420	0.06084	0.07743	0.03831	0.07797	0.10552	0.04732	0.01093	0.01212	0.00819	0.00554	0.00571	0.00161	0.06405	0.00420	0.00302	0.00744
13	0.01142	0.01888	0.34022	0.01956	0.08553	0.01248	0.40354	0.01631	0.01156	0.01639	0.00984	0.01252	0.00729	0.00457	0.00550	0.00167	0.00801	0.00502	0.00242	0.00729
14	0.00795	0.00580	0.00782	0.00883	0.01009	0.00568	0.00763	0.01015	0.01179	0.01514	0.03078	0.05664	0.13973	0.01400	0.00694	0.00227	0.00441	0.64493	0.00473	0.00467
15	0.01041	0.01022	0.01844	0.27886	0.15933	0.01108	0.19584	0.01342	0.01076	0.01458	0.01260	0.12484	0.01181	0.00696	0.00654	0.00180	0.07052	0.03299	0.00283	0.00617

[dist]
# distance from previous block
# <min> <max>
0	8

[block]
# block no. 2 follows, 48 sequences, length 120
# corresponding to MSA columns:
# 153-272
name=unknown_C
#
# <colnr> <probs for GDERKNQSTAVLIFYWHMCP>
#	G	D	E	R	K	N	Q	S	T	A	V	L	I	F	Y	W	H	M	C	P
0	0.01006	0.02453	0.71295	0.05738	0.02221	0.01152	0.01802	0.01564	0.01075	0.01593	0.01012	0.04972	0.00784	0.00543	0.00497	0.00165	0.00732	0.00435	0.00230	0.00732
1	0.00613	0.00494	0.00547	0.00589	0.00711	0.00427	0.00421	0.00729	0.01103	0.01359	0.04353	0.32275	0.51767	0.01409	0.00624	0.00186	0.00273	0.01217	0.00476	0.00427
2	0.01279	0.51080	0.04965	0.00926	0.01275	0.04135	0.00874	0.01462	0.01022	0.05460	0.00934	0.01155	0.00826	0.01204	0.17420	0.00273	0.04469	0.00360	0.00256	0.00624
3	0.26727	0.00908	0.01063	0.00843	0.01217	0.00871	0.00696	0.02210	0.01294	0.56594	0.01640	0.01479	0.01061	0.00589	0.00458	0.00159	0.00425	0.00446	0.00542	0.00780
4	0.00733	0.00550	0.00825	0.00825	0.00916	0.00641	0.00641	0.00916	0.00825	0.01191	0.01374	0.02016	0.01283	0.03848	0.79934	0.00825	0.01374	0.00550	0.00275	0.00458
5	0.00612	0.00498	0.00542	0.00578	0.00708	0.00428	0.00416	0.00730	0.01113	0.01363	0.04487	0.27943	0.56012	0.01392	0.00621	0.00184	0.00271	0.01196	0.00476	0.00428
6	0.00670	0.00484	0.00634	0.00678	0.00753	0.00448	0.00478	0.00829	0.01199	0.01648	0.36927	0.44637	0.06005	0.01348	0.00631	0.00186	0.00272	0.01210	0.00516	0.00448
7	0.01143	0.00976	0.01102	0.00845	0.01257	0.00863	0.00671	0.03728	0.21067	0.01838	0.01227	0.01290	0.00973	0.00469	0.00421	0.00104	0.00392	0.00380	0.00366	0.60890
8	0.05016	0.01202	0.01315	0.01064	0.01424	0.01291	0.00878	0.46636	0.09379	0.04489	0.01484	0.01904	0.01211	0.00704	0.00519	0.00159	0.00507	0.10749	0.00482	0.09586
9	0.00890	0.00684	0.00868	0.00843	0.00970	0.00775	0.00639	0.01362	0.21020	0.01415	0.01634	0.02330	0.01497	0.13711	0.40644	0.04865	0.00909	0.04074	0.00351	0.00519
10	0.01372	0.82276	0.02689	0.00878	0.01317	0.02030	0.00878	0.01536	0.01043	0.01207	0.00713	0.00823	0.00658	0.00439	0.00329	0.00110	0.00549	0.00274	0.00219	0.00658
11	0.01036	0.04356	0.77672	0.01450	0.02201	0.01210	0.01874	0.01623	0.01082	0.01616	0.00916	0.01078	0.00650	0.00486	0.00484	0.00161	0.00754	0.00377	0.00217	0.00756
12	0.01123	0.01123	0.01572	0.01347	0.01347	0.01572	0.01123	0.01235	0.00786	0.01235	0.00674	0.01123	0.00674	0.00898	0.01684	0.00225	0.81028	0.00449	0.00225	0.00561
13	0.00856	0.00788	0.01460	0.01244	0.01454	0.00744	0.26589	0.01085	0.01091	0.01458	0.02201	0.42577	0.02434	0.01178	0.00646	0.00201	0.00518	0.12555	0.00402	0.00519
14	0.01927	0.02141	0.01480	0.01279	0.01588	0.56252	0.00987	0.24705	0.01744	0.01853	0.00926	0.01018	0.00725	0.00555	0.00478	0.00139	0.00816	0.00370	0.00340	0.00679
15	0.01139	0.05595	0.09082	0.01636	0.02038	0.01260	0.40011	0.01559	0.06580	0.01556	0.01197	0.02852	0.02935	0.03648	0.02110	0.00195	0.11702	0.00564	0.00281	0.04058
16	0.00961	0.01830	0.45131	0.01308	0.01800	0.01046	0.07852	0.01382	0.00996	0.01463	0.01069	0.01477	0.00889	0.06509	0.19471	0.00345	0.05123	0.00466	0.00241	0.00643
17	0.00782	0.00767	0.08756	0.00792	0.00965	0.00597	0.00668	0.03814	0.02837	0.01758	0.33997	0.28436	0.06979	0.01180	0.00610	0.00182	0.00343	0.05539	0.00488	0.00509
18	0.03846	0.08385	0.04994	0.00966	0.01297	0.00938	0.00858	0.08676	0.02678	0.34636	0.01955	0.02783	0.01643	0.00841	0.00550	0.00178	0.00483	0.23070	0.00507	0.00718
19	0.01269	0.12665	0.34094	0.02646	0.01640	0.01118	0.01214	0.03609	0.04890	0.14485	0.07303	0.04316	0.01295	0.05031	0.00602	0.00173	0.00576	0.00500	0.00352	0.02223
20	0.01470	0.01141	0.01465	0.32761	0.02278	0.03945	0.01121	0.27839	0.01568	0.09376	0.04837	0.01441	0.01004	0.00616	0.00606	0.00166	0.06799	0.00482	0.00383	0.00700
21	0.01324	0.71158	0.13388	0.00960	0.01443	0.01913	0.01020	0.01549	0.01048	0.01266	0.00742	0.00859	0.00657	0.00446	0.00351	0.00117	0.00578	0.00289	0.00219	0.00672
22	0.08428	0.01381	0.06600	0.05488	0.08942	0.01286	0.51381	0.05706	0.01222	0.01767	0.00997	0.01299	0.00755	0.00462	0.00574	0.00169	0.02035	0.00536	0.00274	0.00697
23	0.00969	0.00912	0.01539	0.80734	0.03534	0.01140	0.01425	0.01311	0.01026	0.01311	0.00912	0.01368	0.00684	0.00513	0.00513	0.00171	0.00684	0.00456	0.00228	0.00570
24	0.00677	0.00514	0.00629	0.00681	0.00774	0.00481	0.00484	0.00876	0.05023	0.01511	0.17093	0.44498	0.20334	0.01386	0.00630	0.00191	0.00289	0.02981	0.00495	0.00454
25	0.01107	0.01116	0.02048	0.31998	0.16959	0.01225	0.23536	0.01438	0.01081	0.01478	0.00977	0.02685	0.00790	0.00541	0.00667	0.00174	0.09448	0.00517	0.01572	0.00646
26	0.00759	0.00563	0.00775	0.00763	0.00819	0.00643	0.00555	0.00876	0.00796	0.01127	0.01418	0.02422	0.01447	0.30188	0.49449	0.00681	0.05409	0.00611	0.00284	0.00414
27	0.00623	0.00457	0.00585	0.00688	0.00737	0.00419	0.00465	0.00717	0.01008	0.01320	0.03151	0.71194	0.13624	0.01566	0.00648	0.00204	0.00293	0.01408	0.00476	0.00419
28	0.01554	0.01240	0.01317	0.01100	0.01440	0.01406	0.00879	0.33388	0.46725	0.02595	0.01735	0.01633	0.01280	0.00663	0.00518	0.00166	0.00471	0.00531	0.00518	0.00837
29	0.85592	0.00992	0.00754	0.00675	0.00992	0.01151	0.00556	0.01508	0.00873	0.02302	0.00714	0.00834	0.00556	0.00476	0.00318	0.00159	0.00397	0.00278	0.00318	0.00556
30	0.00744	0.00507	0.00611	0.00611	0.00628	0.00525	0.00374	0.00779	0.00761	0.01033	0.01570	0.03100	0.01754	0.66963	0.17463	0.00560	0.00666	0.00708	0.00304	0.00339
31	0.01507	0.01217	0.01290	0.01091	0.01422	0.01384	0.00868	0.28203	0.51987	0.02519	0.01795	0.01680	0.01329	0.00669	0.00519	0.00167	0.00460	0.00540	0.00519	0.00833
32	0.85592	0.00992	0.00754	0.00675	0.00992	0.01151	0.00556	0.01508	0.00873	0.02302	0.00714	0.00834	0.00556	0.00476	0.00318	0.00159	0.00397	0.00278	0.00318	0.00556
33	0.01147	0.01030	0.01058	0.04963	0.01296	0.07474	0.00736	0.04883	0.32657	0.01918	0.15828	0.02297	0.09330	0.00748	0.00520	0.00154	0.00422	0.00621	0.00458	0.12459
34	0.09805	0.04183	0.04897	0.25569	0.04384	0.02652	0.00938	0.01406	0.09350	0.02941	0.14752	0.02289	0.13370	0.00736	0.00514	0.00164	0.00482	0.00613	0.00371	0.00585
35	0.30556	0.00914	0.01043	0.00832	0.01202	0.00889	0.00687	0.02164	0.01267	0.53063	0.01580	0.01437	0.01028	0.00581	0.00449	0.00159	0.00423	0.00435	0.00527	0.00766
36	0.00968	0.12545	0.20984	0.00917	0.01206	0.00997	0.00889	0.02516	0.04676	0.01412	0.10145	0.02262	0.01639	0.31154	0.01339	0.00284	0.04634	0.00580	0.00313	0.00539
37	0.02061	0.00820	0.01113	0.00872	0.01227	0.00713	0.00713	0.02266	0.01466	0.67306	0.13749	0.02066	0.01818	0.00699	0.00530	0.00159	0.00407	0.00579	0.00624	0.00814
38	0.01345	0.00661	0.00884	0.00751	0.00980	0.00590	0.00590	0.01570	0.01459	0.32330	0.48456	0.03013	0.03439	0.00886	0.00570	0.00160	0.00318	0.00766	0.00592	0.00637
39	0.00683	0.00523	0.00626	0.00600	0.00740	0.00466	0.00450	0.00884	0.01350	0.01814	0.51946	0.04233	0.31543	0.01140	0.00606	0.00166	0.00249	0.00984	0.00533	0.00466
40	0.01134	0.00934	0.01020	0.00959	0.01187	0.01052	0.00727	0.02220	0.57194	0.03427	0.02272	0.21793	0.02016	0.00922	0.00555	0.00182	0.00380	0.00798	0.00513	0.00715
41	0.01327	0.02515	0.03072	0.01275	0.01560	0.06795	0.15990	0.13692	0.07478	0.07775	0.01643	0.13007	0.01529	0.00850	0.00689	0.00183	0.08685	0.10871	0.00405	0.00657
42	0.07852	0.01169	0.03035	0.30700	0.23603	0.06298	0.02580	0.01441	0.01049	0.01490	0.00902	0.01311	0.00751	0.00573	0.00687	0.00172	0.13615	0.01883	0.00249	0.00640
43	0.35640	0.01211	0.01183	0.00956	0.01320	0.01356	0.00786	0.38383	0.06768	0.06117	0.01115	0.01139	0.00808	0.00566	0.00435	0.00157	0.00481	0.00398	0.00440	0.00741
44	0.02222	0.00855	0.01165	0.00899	0.01282	0.00740	0.00740	0.02423	0.01468	0.75203	0.05913	0.01853	0.01452	0.00656	0.00521	0.00159	0.00427	0.00537	0.00631	0.00853
45	0.02302	0.00873	0.01191	0.00913	0.01310	0.00754	0.00754	0.02501	0.01469	0.79122	0.02024	0.01746	0.01270	0.00635	0.00516	0.00159	0.00437	0.00516	0.00635	0.00873
46	0.00655	0.00486	0.00576	0.00625	0.00698	0.00446	0.00423	0.00750	0.01021	0.01317	0.08034	0.36323	0.25129	0.18433	0.01051	0.00257	0.00329	0.02594	0.00447	0.00405
47	0.00891	0.00446	0.00668	0.00668	0.00668	0.00446	0.00446	0.00668	0.00668	0.00891	0.00891	0.01560	0.00891	0.01783	0.02005	0.85071	0.00446	0.00446	0.00223	0.00223
48	0.00923	0.00736	0.00855	0.00815	0.00985	0.00782	0.00611	0.01609	0.31308	0.01950	0.34153	0.17876	0.03282	0.01017	0.00582	0.00175	0.00317	0.00893	0.00531	0.00600
49	0.01224	0.35103	0.36950	0.01238	0.01791	0.05329	0.04382	0.01589	0.01073	0.01416	0.00821	0.00983	0.00660	0.00490	0.00491	0.00143	0.05050	0.00347	0.00222	0.00696
50	0.01597	0.12932	0.14559	0.01421	0.06601	0.29999	0.06166	0.09930	0.01377	0.05674	0.00937	0.01075	0.00732	0.00531	0.00525	0.00146	0.04425	0.00386	0.00294	0.00694
51	0.01033	0.00979	0.01644	0.62756	0.17777	0.01172	0.01441	0.01358	0.01043	0.01378	0.00913	0.01339	0.00708	0.00518	0.00559	0.00170	0.03907	0.00456	0.00233	0.00616
52	0.00769	0.04441	0.00805	0.00718	0.00788	0.00648	0.00516	0.00876	0.00803	0.01111	0.01443	0.02512	0.01493	0.35920	0.44216	0.00655	0.00973	0.00618	0.00287	0.00407
53	0.01044	0.00576	0.00761	0.00729	0.00876	0.00528	0.00537	0.01201	0.01208	0.19166	0.22746	0.30445	0.07217	0.05426	0.04881	0.00230	0.00379	0.00999	0.00517	0.00536
54	0.01259	0.14899	0.23092	0.01687	0.02249	0.01354	0.39719	0.01676	0.01166	0.06522	0.01017	0.01236	0.00756	0.00461	0.00523	0.00159	0.00758	0.00486	0.00266	0.00716
55	0.01148	0.01278	0.02739	0.06312	0.02563	0.01214	0.66283	0.01546	0.01182	0.01597	0.01184	0.08224	0.00996	0.00537	0.00605	0.00176	0.00807	0.00670	0.00276	0.00662
56	0.02302	0.00873	0.01191	0.00913	0.01310	0.00754	0.00754	0.02501	0.01469	0.79122	0.02024	0.01746	0.01270	0.00635	0.00516	0.00159	0.00437	0.00516	0.00635	0.00873
57	0.01400	0.78216	0.02626	0.00901	0.01331	0.05991	0.00884	0.01562	0.01064	0.01210	0.00717	0.00828	0.00659	0.00444	0.00336	0.00111	0.00568	0.00277	0.00222	0.00655
58	0.35291	0.00963	0.01296	0.04005	0.01428	0.01021	0.14978	0.01540	0.01039	0.13832	0.01270	0.10574	0.01102	0.02899	0.02651	0.00197	0.04395	0.00548	0.00365	0.00606
59	0.01029	0.02654	0.79309	0.01462	0.02221	0.01192	0.01896	0.01625	0.01083	0.01625	0.00921	0.01083	0.00650	0.00487	0.00487	0.00162	0.00758	0.00379	0.00217	0.00758
60	0.00627	0.00457	0.00591	0.00691	0.00740	0.00421	0.00468	0.00727	0.01021	0.01348	0.06124	0.70497	0.11293	0.01553	0.00648	0.00203	0.00292	0.01398	0.00480	0.00421
61	0.01505	0.40378	0.15461	0.01135	0.01568	0.29369	0.01093	0.01733	0.01195	0.01296	0.00777	0.00904	0.00658	0.00479	0.00404	0.00127	0.00718	0.00312	0.00235	0.00653
62	0.00956	0.00478	0.00478	0.00478	0.00598	0.00478	0.00359	0.01196	0.01076	0.01913	0.01674	0.01913	0.01315	0.00598	0.00359	0.00120	0.00239	0.00478	0.84816	0.00478
63	0.01562	0.41192	0.18092	0.01032	0.01517	0.05751	0.01064	0.01823	0.01180	0.20728	0.01088	0.01113	0.00809	0.00503	0.00416	0.00134	0.00584	0.00359	0.00325	0.00729
64	0.00891	0.00446	0.00668	0.00668	0.00668	0.00446	0.00446	0.00668	0.00668	0.00891	0.00891	0.01560	0.00891	0.01783	0.02005	0.85071	0.00446	0.00446	0.00223	0.00223
65	0.01081	0.01785	0.36181	0.22648	0.20260	0.01191	0.06564	0.01532	0.01096	0.01556	0.00936	0.01220	0.00705	0.00484	0.00507	0.00163	0.00711	0.00432	0.00231	0.00717
66	0.00615	0.00487	0.00553	0.00607	0.00716	0.00426	0.00428	0.00727	0.01086	0.01352	0.04142	0.39125	0.45053	0.01437	0.00628	0.00189	0.00277	0.01250	0.00476	0.00426
67	0.00750	0.00540	0.00715	0.00709	0.00754	0.00596	0.00493	0.00842	0.00785	0.01096	0.01474	0.02648	0.01551	0.41963	0.39998	0.00648	0.03114	0.00643	0.00291	0.00389
68	0.00879	0.00741	0.01128	0.40779	0.02187	0.00848	0.00978	0.04931	0.01143	0.01513	0.12354	0.26507	0.02111	0.00931	0.00570	0.00180	0.00497	0.00832	0.00366	0.00526
69	0.01234	0.02323	0.01109	0.01068	0.06396	0.04292	0.00790	0.08140	0.21931	0.09555	0.07534	0.05925	0.13636	0.00911	0.00591	0.00177	0.02358	0.10889	0.00479	0.00664
70	0.44443	0.02807	0.01164	0.01056	0.05206	0.22232	0.00795	0.13544	0.01288	0.02120	0.00830	0.00943	0.00648	0.00511	0.00397	0.00150	0.00577	0.00330	0.00329	0.00631
71	0.25477	0.18646	0.33088	0.01136	0.01672	0.01380	0.05068	0.05239	0.01085	0.01812	0.00839	0.00980	0.00642	0.00478	0.00413	0.00151	0.00607	0.00344	0.00263	0.00681
72	0.05690	0.04648	0.09475	0.18488	0.02016	0.23911	0.03595	0.06292	0.13562	0.01629	0.01061	0.01231	0.00822	0.00563	0.00545	0.00158	0.04926	0.00421	0.00307	0.00659
73	0.00889	0.00717	0.00867	0.00703	0.00992	0.00583	0.00549	0.01118	0.01238	0.01817	0.34240	0.02582	0.06782	0.00743	0.00497	0.00122	0.00317	0.02654	0.00429	0.42160
74	0.01527	0.01227	0.01301	0.01095	0.01430	0.01393	0.00873	0.30381	0.49777	0.02551	0.01770	0.01660	0.01308	0.00666	0.00519	0.00167	0.00465	0.00536	0.00519	0.00835
75	0.00659	0.00523	0.00595	0.00594	0.00742	0.00459	0.00451	0.00830	0.01253	0.01605	0.28089	0.07311	0.47712	0.01239	0.00614	0.00175	0.00270	0.05921	0.00504	0.00451
76	0.02051	0.00941	0.01193	0.00947	0.01318	0.00895	0.00772	0.06439	0.16446	0.58500	0.03563	0.01795	0.01380	0.00654	0.00519	0.00162	0.00433	0.00534	0.00605	0.00853
77	0.02781	0.32120	0.23489	0.01089	0.01560	0.02550	0.02488	0.02893	0.03164	0.10147	0.01249	0.01739	0.01072	0.00623	0.00462	0.00152	0.00589	0.10827	0.00316	0.00690
78	0.00844	0.00475	0.00705	0.00705	0.00728	0.00499	0.00491	0.00736	0.00712	0.00973	0.01046	0.01751	0.01032	0.05550	0.22289	0.59763	0.00689	0.00485	0.00240	0.00288
79	0.00629	0.00453	0.00594	0.00702	0.00739	0.00421	0.00470	0.00723	0.00999	0.01327	0.04919	0.74885	0.06627	0.03009	0.00686	0.00211	0.00298	0.01416	0.00476	0.00417
80	0.25209	0.05321	0.01098	0.00872	0.01158	0.01000	0.03147	0.13796	0.01299	0.15398	0.01766	0.17327	0.05156	0.00832	0.00494	0.00170	0.00432	0.04445	0.00444	0.00635
81	0.04306	0.03921	0.01489	0.01263	0.08049	0.01380	0.00954	0.44258	0.09365	0.12920	0.01362	0.01374	0.00985	0.00737	0.03687	0.00183	0.01993	0.00472	0.00478	0.00823
82	0.01115	0.01725	0.29474	0.04422	0.11683	0.01264	0.24023	0.01527	0.01074	0.01550	0.00939	0.01246	0.00737	0.00657	0.03675	0.00199	0.13280	0.00476	0.00238	0.00697
83	0.00638	0.00473	0.00596	0.00667	0.00738	0.00431	0.00462	0.00760	0.01094	0.01447	0.15691	0.54691	0.17515	0.01459	0.00638	0.00194	0.00282	0.01302	0.00491	0.00431
84	0.02934	0.05181	0.01428	0.06796	0.02779	0.01262	0.02297	0.13294	0.10443	0.06660	0.01153	0.01376	0.00931	0.01028	0.10021	0.00245	0.22043	0.00459	0.00348	0.09322
85	0.01115	0.00800	0.00968	0.00805	0.01114	0.00696	0.00638	0.04160	0.05060	0.09737	0.03788	0.08610	0.05341	0.03830	0.04570	0.00181	0.00443	0.09074	0.00405	0.38667
86	0.04756	0.31882	0.20395	0.01137	0.01573	0.21135	0.01133	0.03431	0.01163	0.01410	0.00827	0.00989	0.00690	0.00664	0.04489	0.00170	0.02920	0.00337	0.00244	0.00655
87	0.06136	0.01159	0.01835	0.01943	0.28601	0.01150	0.14682	0.13184	0.01409	0.18124	0.01328	0.02881	0.01027	0.00573	0.00528	0.00162	0.00590	0.03519	0.00390	0.00779
88	0.00924	0.00830	0.01377	0.65732	0.03015	0.01017	0.01253	0.01206	0.00993	0.01282	0.01096	0.08236	0.00955	0.00835	0.04425	0.04823	0.00671	0.00545	0.00251	0.00533
89	0.00706	0.00522	0.00660	0.00629	0.00755	0.00475	0.00470	0.00928	0.01399	0.01942	0.65980	0.06059	0.15368	0.01100	0.00607	0.00164	0.00246	0.00964	0.00550	0.00475
90	0.85592	0.00992	0.00754	0.00675	0.00992	0.01151	0.00556	0.01508	0.00873	0.02302	0.00714	0.00834	0.00556	0.00476	0.00318	0.00159	0.00397	0.00278	0.00318	0.00556
91	0.07431	0.00837	0.01100	0.00864	0.01222	0.00746	0.00708	0.02246	0.01429	0.64579	0.11497	0.01949	0.01671	0.00677	0.00514	0.00159	0.00410	0.00552	0.00606	0.00804
92	0.01401	0.77934	0.02622	0.00902	0.01332	0.06266	0.00884	0.01564	0.01065	0.01210	0.00718	0.00829	0.00659	0.00444	0.00336	0.00111	0.00569	0.00277	0.00222	0.00655
93	0.01135	0.00920	0.01075	0.00783	0.01227	0.00720	0.00626	0.01428	0.05259	0.05422	0.01029	0.01143	0.00828	0.00409	0.00394	0.00085	0.00384	0.00329	0.00332	0.76470
94	0.01142	0.01199	0.02158	0.13057	0.05900	0.01387	0.30693	0.01421	0.01004	0.01426	0.00863	0.01266	0.00723	0.00641	0.01041	0.00193	0.34508	0.00511	0.00240	0.00626
95	0.00762	0.00596	0.00779	0.00908	0.05084	0.00608	0.00599	0.01049	0.11448	0.01442	0.02570	0.64300	0.02933	0.01402	0.00656	0.00201	0.02447	0.01258	0.00464	0.00496
96	0.00723	0.00546	0.00677	0.00644	0.00780	0.00511	0.00485	0.00984	0.04205	0.01884	0.57211	0.03897	0.19386	0.01220	0.04401	0.00196	0.00306	0.00928	0.00532	0.00485
97	0.01090	0.00911	0.01067	0.00763	0.01218	0.00685	0.00611	0.01318	0.01073	0.03327	0.00936	0.01079	0.00771	0.00385	0.00383	0.00078	0.00381	0.00309	0.00311	0.83304
98	0.01115	0.01112	0.01570	0.05164	0.01452	0.01551	0.01137	0.01239	0.00797	0.01239	0.00685	0.01134	0.00674	0.00880	0.01628	0.00222	0.77165	0.00449	0.00225	0.00562
99	0.01289	0.02182	0.01579	0.01332	0.05407	0.03128	0.10900	0.12351	0.07222	0.05792	0.01311	0.01558	0.04646	0.02245	0.07758	0.00237	0.23873	0.00515	0.00341	0.06337
100	0.00821	0.00589	0.00880	0.00889	0.01005	0.00560	0.06474	0.01007	0.02509	0.05617	0.06457	0.49354	0.03023	0.01378	0.00650	0.00206	0.00386	0.17236	0.00473	0.00485
101	0.00891	0.00446	0.00668	0.00668	0.00668	0.00446	0.00446	0.00668	0.00668	0.00891	0.00891	0.01560	0.00891	0.01783	0.02005	0.85071	0.00446	0.00446	0.00223	0.00223
102	0.00925	0.00793	0.01231	0.04621	0.20504	0.00794	0.05025	0.01151	0.01166	0.02788	0.13021	0.14749	0.13388	0.01010	0.00652	0.00184	0.04320	0.12706	0.00401	0.00571
103	0.01395	0.01569	0.21681	0.11164	0.09328	0.04355	0.11813	0.06892	0.06820	0.14202	0.01207	0.01350	0.00870	0.00549	0.00574	0.00165	0.04510	0.00471	0.00339	0.00746
104	0.00813	0.00448	0.00648	0.00681	0.00692	0.00438	0.00455	0.00688	0.00773	0.01034	0.03082	0.24095	0.01678	0.01718	0.01596	0.59437	0.00400	0.00740	0.00301	0.00283
105	0.01048	0.05829	0.74221	0.01457	0.02196	0.01228	0.03822	0.01622	0.01085	0.01609	0.00916	0.01081	0.00654	0.00484	0.00484	0.00161	0.00753	0.00381	0.00218	0.00753
106	0.03267	0.01115	0.01452	0.49328	0.02709	0.06996	0.01209	0.11317	0.10541	0.05404	0.01135	0.01389	0.00838	0.00554	0.00506	0.00165	0.00634	0.00461	0.00324	0.00654
107	0.01158	0.23591	0.43018	0.01453	0.02076	0.01437	0.17249	0.01605	0.01099	0.01518	0.00890	0.01077	0.00679	0.00463	0.00470	0.00151	0.00725	0.00398	0.00226	0.00718
108	0.00625	0.00448	0.00594	0.00710	0.00743	0.00417	0.00474	0.00715	0.00986	0.01311	0.02879	0.79997	0.04997	0.01601	0.00654	0.00208	0.00297	0.01451	0.00476	0.00417
109	0.09898	0.07706	0.16440	0.01330	0.07284	0.11117	0.04969	0.15407	0.08150	0.11124	0.01167	0.01227	0.00855	0.00542	0.00474	0.00153	0.00618	0.00421	0.00367	0.00750
110	0.04972	0.21208	0.06593	0.08402	0.05304	0.13555	0.00977	0.05715	0.01279	0.16550	0.05026	0.01312	0.01021	0.00602	0.01876	0.00152	0.00602	0.00411	0.00351	0.04092
111	0.04597	0.18113	0.17194	0.13595	0.33723	0.01366	0.01431	0.01535	0.01093	0.01542	0.00887	0.01138	0.00720	0.00468	0.00460	0.00149	0.00628	0.00397	0.00238	0.00725
112	0.00789	0.00561	0.00695	0.00694	0.00760	0.00576	0.00474	0.04951	0.00949	0.01291	0.04951	0.17856	0.03582	0.37674	0.18556	0.00462	0.00634	0.02359	0.00362	0.01824
113	0.00618	0.00474	0.00567	0.00642	0.00725	0.00423	0.00444	0.00723	0.01052	0.01338	0.03707	0.53189	0.31270	0.01493	0.00637	0.00195	0.00284	0.01319	0.00476	0.00423
114	0.01129	0.01054	0.03338	0.29706	0.36027	0.01118	0.01364	0.01433	0.01136	0.04117	0.09053	0.01575	0.01192	0.00569	0.00584	0.00164	0.04968	0.00506	0.00288	0.00681
115	0.00637	0.00455	0.00608	0.00727	0.00762	0.00427	0.00496	0.00734	0.00994	0.01323	0.02822	0.77363	0.03369	0.01597	0.00658	0.00210	0.00308	0.05616	0.00476	0.00420
116	0.01007	0.02949	0.00946	0.08275	0.01190	0.00773	0.00658	0.10668	0.05613	0.05950	0.36507	0.03205	0.18363	0.00938	0.00569	0.00163	0.00355	0.00799	0.00501	0.00573
117	0.01235	0.01231	0.01749	0.17200	0.40342	0.08590	0.01332	0.01502	0.01118	0.01523	0.00904	0.01217	0.00754	0.00509	0.00607	0.00152	0.08644	0.00426	0.00253	0.10713
118	0.00655	0.00522	0.00587	0.00571	0.00723	0.00454	0.00428	0.00830	0.01284	0.01658	0.34917	0.04490	0.48670	0.01198	0.00606	0.00168	0.00253	0.01020	0.00512	0.00454
119	0.01772	0.02192	0.01583	0.01513	0.08200	0.63642	0.04679	0.01961	0.03004	0.01328	0.00841	0.01008	0.00699	0.00541	0.00539	0.00142	0.05102	0.00366	0.00267	0.00621

[dist]
# distance from previous block
# <min> <max>
0	1

[block]
# block no. 3 follows, 48 sequences, length 8
# corresponding to MSA columns:
# 274-281
name=unknown_D
#
# <colnr> <probs for GDERKNQSTAVLIFYWHMCP>
#	G	D	E	R	K	N	Q	S	T	A	V	L	I	F	Y	W	H	M	C	P
0	0.01825	0.15917	0.01662	0.01247	0.01541	0.66766	0.00972	0.01962	0.01385	0.01248	0.00780	0.00908	0.00661	0.00514	0.00440	0.00128	0.00862	0.00321	0.00257	0.00606
1	0.00637	0.00452	0.00592	0.00699	0.00726	0.00425	0.00460	0.00718	0.00959	0.01278	0.02706	0.73757	0.03240	0.09693	0.00852	0.00237	0.00318	0.01387	0.00460	0.00406
2	0.00675	0.00516	0.00619	0.00606	0.00738	0.00460	0.00450	0.00864	0.01312	0.01756	0.46011	0.10630	0.31131	0.01185	0.00610	0.00170	0.00253	0.01027	0.00526	0.00460
3	0.01372	0.82276	0.02689	0.00878	0.01317	0.02030	0.00878	0.01536	0.01043	0.01207	0.00713	0.00823	0.00658	0.00439	0.00329	0.00110	0.00549	0.00274	0.00219	0.00658
4	0.01089	0.00716	0.01004	0.01104	0.08843	0.00724	0.00790	0.01307	0.03180	0.14577	0.04154	0.21498	0.07431	0.01213	0.02529	0.00213	0.06707	0.21888	0.00459	0.00575
5	0.00742	0.00667	0.00989	0.00832	0.01049	0.00593	0.13327	0.00954	0.01255	0.01615	0.24769	0.04033	0.45044	0.01084	0.00606	0.00170	0.00357	0.00959	0.00464	0.00491
6	0.06766	0.00650	0.00821	0.00755	0.00846	0.00686	0.00542	0.13615	0.00977	0.01381	0.00937	0.01456	0.00866	0.01498	0.01640	0.65031	0.00462	0.00437	0.00278	0.00355
7	0.54522	0.03790	0.03609	0.00847	0.05344	0.01054	0.00661	0.01462	0.03655	0.04018	0.07667	0.01586	0.08831	0.00616	0.00399	0.00159	0.00401	0.00442	0.00359	0.00579

[dist]
# distance from previous block
# <min> <max>
6	9

[block]
# block no. 4 follows, 48 sequences, length 83
# corresponding to MSA columns:
# 291-373
name=unknown_E
#
# <colnr> <probs for GDERKNQSTAVLIFYWHMCP>
#	G	D	E	R	K	N	Q	S	T	A	V	L	I	F	Y	W	H	M	C	P
0	0.12600	0.01171	0.01480	0.01190	0.01456	0.11569	0.18788	0.06048	0.01160	0.05200	0.02634	0.01924	0.08193	0.13260	0.03759	0.00241	0.07855	0.00566	0.00331	0.00574
1	0.01347	0.00850	0.01022	0.00907	0.03241	0.00862	0.00691	0.12179	0.16102	0.18207	0.28637	0.02575	0.06087	0.00812	0.00545	0.00161	0.00369	0.00687	0.04029	0.00688
2	0.00622	0.00528	0.00542	0.00539	0.00713	0.00440	0.00402	0.00753	0.01155	0.01391	0.04920	0.09440	0.71569	0.01289	0.00602	0.00172	0.00266	0.01081	0.00471	0.03107
3	0.01219	0.01240	0.02242	0.17105	0.35590	0.02766	0.25232	0.03238	0.01179	0.01613	0.00973	0.01313	0.00773	0.00476	0.00570	0.00164	0.02829	0.00501	0.00256	0.00720
4	0.00836	0.00622	0.00767	0.00704	0.00856	0.00608	0.00535	0.05527	0.07365	0.02114	0.66111	0.03565	0.06390	0.01004	0.00593	0.00162	0.00274	0.00878	0.00556	0.00531
5	0.01115	0.01142	0.01940	0.01542	0.01707	0.01380	0.24806	0.01313	0.00925	0.01354	0.00912	0.05562	0.00862	0.00825	0.01303	0.03481	0.48449	0.00552	0.00249	0.00581
6	0.01374	0.01523	0.17713	0.01136	0.04214	0.11613	0.01023	0.06164	0.05127	0.10728	0.04302	0.01305	0.00998	0.00527	0.00494	0.00131	0.02777	0.00406	0.00349	0.28095
7	0.01074	0.00916	0.01400	0.14630	0.20239	0.00956	0.05403	0.11438	0.01341	0.01835	0.17342	0.16227	0.02124	0.00830	0.00565	0.00170	0.00497	0.01991	0.00392	0.00630
8	0.01218	0.12966	0.09237	0.25395	0.02282	0.01375	0.11624	0.09738	0.11559	0.01681	0.01094	0.01347	0.00851	0.02094	0.00606	0.00170	0.05319	0.00466	0.00302	0.00677
9	0.00761	0.00536	0.00655	0.00645	0.00662	0.00574	0.00410	0.00800	0.00762	0.01042	0.01528	0.03007	0.01703	0.63797	0.16833	0.00545	0.04393	0.00696	0.00300	0.00350
10	0.02248	0.00975	0.01242	0.00956	0.01352	0.02147	0.00788	0.12558	0.01596	0.67618	0.01897	0.01664	0.01207	0.00631	0.00515	0.00158	0.00462	0.00506	0.00613	0.00869
11	0.85592	0.00992	0.00754	0.00675	0.00992	0.01151	0.00556	0.01508	0.00873	0.02302	0.00714	0.00834	0.00556	0.00476	0.00318	0.00159	0.00397	0.00278	0.00318	0.00556
12	0.01134	0.09772	0.59476	0.01294	0.01937	0.01177	0.01589	0.01622	0.01122	0.07544	0.05522	0.01331	0.00975	0.02702	0.00538	0.00166	0.00677	0.00422	0.00272	0.00730
13	0.01375	0.01255	0.01707	0.17162	0.32006	0.06395	0.01285	0.18267	0.03827	0.01897	0.01105	0.01348	0.02289	0.00608	0.01697	0.00170	0.06086	0.00466	0.00318	0.00736
14	0.00891	0.00446	0.00668	0.00668	0.00668	0.00446	0.00446	0.00668	0.00668	0.00891	0.00891	0.01560	0.00891	0.01783	0.02005	0.85071	0.00446	0.00446	0.00223	0.00223
15	0.01210	0.15994	0.31099	0.01696	0.06659	0.01365	0.29025	0.01641	0.01140	0.04010	0.00965	0.01179	0.00727	0.00462	0.00505	0.00156	0.00742	0.00452	0.00248	0.00723
16	0.01457	0.36840	0.05037	0.00997	0.01356	0.14842	0.00888	0.13297	0.03785	0.03204	0.07127	0.05005	0.01214	0.02306	0.00481	0.00142	0.00580	0.00448	0.00331	0.00662
17	0.01270	0.01219	0.02083	0.03149	0.78767	0.01219	0.01575	0.01575	0.01168	0.01676	0.00965	0.01270	0.00813	0.00457	0.00508	0.00152	0.00610	0.00457	0.00254	0.00813
18	0.00737	0.00554	0.00686	0.00654	0.00788	0.00520	0.00490	0.01027	0.05839	0.01935	0.60343	0.07482	0.14837	0.01089	0.00603	0.00166	0.00257	0.00954	0.00546	0.00493
19	0.02864	0.16658	0.04922	0.06936	0.24360	0.09719	0.01116	0.01763	0.02549	0.17523	0.01287	0.04426	0.02564	0.00569	0.00475	0.00148	0.00581	0.00469	0.00343	0.00727
20	0.01079	0.01981	0.46396	0.15156	0.09719	0.01199	0.03209	0.01715	0.11447	0.01647	0.01084	0.01269	0.00798	0.00516	0.00501	0.00165	0.00686	0.00432	0.00264	0.00737
21	0.00625	0.00447	0.00595	0.00714	0.00744	0.00417	0.00476	0.00714	0.00982	0.01310	0.02828	0.81633	0.03394	0.01608	0.00655	0.00208	0.00298	0.01459	0.00476	0.00417
22	0.00987	0.00930	0.01571	0.76217	0.07915	0.01145	0.01434	0.01326	0.01034	0.01332	0.00915	0.01362	0.00691	0.00510	0.00513	0.00170	0.00680	0.00456	0.00230	0.00584
23	0.01373	0.08761	0.09021	0.27618	0.08256	0.01165	0.04113	0.09136	0.01276	0.16064	0.01286	0.04570	0.01012	0.00606	0.00510	0.00163	0.00599	0.03420	0.00353	0.00697
24	0.01261	0.03906	0.01673	0.34847	0.16318	0.19770	0.04295	0.01528	0.01140	0.01364	0.00911	0.01258	0.00739	0.00709	0.05164	0.00197	0.03623	0.00432	0.00245	0.00621
25	0.00625	0.00447	0.00595	0.00714	0.00744	0.00417	0.00476	0.00714	0.00982	0.01310	0.02828	0.81633	0.03394	0.01608	0.00655	0.00208	0.00298	0.01459	0.00476	0.00417
26	0.01575	0.01044	0.01444	0.08677	0.04843	0.02703	0.08166	0.03587	0.21778	0.27973	0.02834	0.01675	0.01223	0.00759	0.03670	0.00195	0.06100	0.00532	0.00462	0.00759
27	0.01464	0.01032	0.02740	0.01292	0.07177	0.01174	0.02071	0.04767	0.02860	0.23701	0.04854	0.01663	0.01182	0.00899	0.04085	0.00215	0.34594	0.03157	0.00390	0.00682
28	0.00802	0.04421	0.01007	0.00909	0.00985	0.00753	0.05057	0.00919	0.00951	0.01291	0.02116	0.45850	0.02448	0.09822	0.02460	0.00248	0.13468	0.05642	0.00390	0.00460
29	0.21791	0.01143	0.01382	0.34672	0.09392	0.06842	0.01112	0.12221	0.01243	0.04266	0.00940	0.01190	0.00708	0.00518	0.00462	0.00161	0.00600	0.00407	0.00308	0.00643
30	0.00979	0.00500	0.00503	0.00494	0.00621	0.00504	0.00373	0.02946	0.01107	0.01943	0.01664	0.01897	0.01305	0.00598	0.00362	0.00120	0.00247	0.00478	0.82870	0.00487
31	0.01370	0.73809	0.07779	0.00935	0.01388	0.05024	0.00951	0.01562	0.01061	0.01237	0.00730	0.00845	0.00658	0.00446	0.00345	0.00114	0.00578	0.00284	0.00221	0.00663
32	0.20848	0.00923	0.01108	0.00871	0.01251	0.00877	0.00719	0.05357	0.01375	0.58871	0.01700	0.01522	0.01095	0.00599	0.00472	0.00159	0.00433	0.00461	0.00559	0.00802
33	0.00779	0.00575	0.00760	0.00853	0.00983	0.00556	0.00732	0.00992	0.01179	0.01503	0.03255	0.05603	0.19359	0.01392	0.00687	0.00223	0.00426	0.59206	0.00473	0.00464
34	0.00657	0.00522	0.00590	0.00573	0.00724	0.00455	0.00430	0.00834	0.01289	0.01670	0.36205	0.04471	0.47374	0.01194	0.00606	0.00168	0.00252	0.01017	0.00514	0.00455
35	0.00711	0.00524	0.00665	0.00630	0.00758	0.00478	0.00473	0.00940	0.01418	0.01975	0.69488	0.03969	0.13901	0.01080	0.00605	0.00163	0.00244	0.00947	0.00554	0.00478
36	0.01276	0.01102	0.01160	0.01044	0.01334	0.01276	0.00812	0.02727	0.77840	0.02146	0.02088	0.01914	0.01566	0.00696	0.00522	0.00174	0.00406	0.00580	0.00522	0.00812
37	0.01951	0.01437	0.01540	0.01181	0.01591	0.01591	0.00975	0.77056	0.02412	0.03234	0.01232	0.01232	0.00873	0.00616	0.00513	0.00154	0.00565	0.00462	0.00513	0.00873
38	0.00625	0.00447	0.00595	0.00714	0.00744	0.00417	0.00476	0.00714	0.00982	0.01310	0.02828	0.81633	0.03394	0.01608	0.00655	0.00208	0.00298	0.01459	0.00476	0.00417
39	0.01276	0.01102	0.01160	0.01044	0.01334	0.01276	0.00812	0.02727	0.77840	0.02146	0.02088	0.01914	0.01566	0.00696	0.00522	0.00174	0.00406	0.00580	0.00522	0.00812
40	0.01029	0.02654	0.79309	0.01462	0.02221	0.01192	0.01896	0.01625	0.01083	0.01625	0.00921	0.01083	0.00650	0.00487	0.00487	0.00162	0.00758	0.00379	0.00217	0.00758
41	0.00638	0.00521	0.00564	0.00553	0.00712	0.00447	0.00415	0.00797	0.01244	0.01563	0.24515	0.04647	0.59131	0.01233	0.00606	0.00170	0.00255	0.01042	0.00500	0.00447
42	0.02294	0.00886	0.01199	0.00919	0.01316	0.00773	0.00759	0.04215	0.01490	0.77377	0.02006	0.01735	0.01261	0.00635	0.00516	0.00159	0.00440	0.00515	0.00632	0.00873
43	0.00733	0.00550	0.00825	0.00825	0.00916	0.00641	0.00641	0.00916	0.00825	0.01191	0.01374	0.02016	0.01283	0.03848	0.79934	0.00825	0.01374	0.00550	0.00275	0.00458
44	0.00624	0.00450	0.00592	0.00706	0.00742	0.00418	0.00472	0.00715	0.00991	0.01313	0.02934	0.78195	0.06763	0.01594	0.00653	0.00207	0.00296	0.01442	0.00476	0.00418
45	0.00634	0.00450	0.00593	0.00703	0.00731	0.00422	0.00465	0.00717	0.00966	0.01288	0.02742	0.76084	0.03285	0.07304	0.00794	0.00229	0.00312	0.01408	0.00465	0.00409
46	0.01917	0.02445	0.01454	0.01322	0.01586	0.79907	0.00991	0.02049	0.01454	0.01256	0.00793	0.00925	0.00661	0.00529	0.00463	0.00132	0.00925	0.00330	0.00264	0.00595
47	0.00632	0.00498	0.00572	0.00614	0.00732	0.00438	0.00445	0.00762	0.01131	0.01425	0.10702	0.30996	0.43468	0.01387	0.00627	0.00187	0.00280	0.04186	0.00484	0.00434
48	0.00967	0.00900	0.01516	0.78597	0.03457	0.01121	0.01399	0.01294	0.01016	0.01300	0.00911	0.01373	0.00690	0.00547	0.00553	0.02437	0.00678	0.00456	0.00228	0.00561
49	0.83359	0.01004	0.00775	0.00688	0.01008	0.01163	0.00567	0.03525	0.00914	0.02327	0.00728	0.00844	0.00564	0.00480	0.00323	0.00159	0.00401	0.00283	0.00323	0.00564
50	0.06283	0.01140	0.01316	0.06545	0.10306	0.02443	0.00943	0.20541	0.32468	0.02226	0.01640	0.07476	0.01343	0.00705	0.00519	0.00169	0.00488	0.02245	0.00450	0.00756
51	0.01356	0.78584	0.06242	0.00905	0.01359	0.01991	0.00925	0.01541	0.01044	0.01227	0.00723	0.00835	0.00658	0.00441	0.00337	0.00112	0.00558	0.00279	0.00219	0.00663
52	0.00627	0.00509	0.00533	0.00546	0.00681	0.00440	0.00389	0.00735	0.01092	0.01325	0.04457	0.13068	0.60028	0.12223	0.00882	0.00221	0.00296	0.01078	0.00454	0.00415
53	0.01084	0.00931	0.01146	0.11572	0.01543	0.00779	0.00732	0.04069	0.01108	0.01680	0.00924	0.01111	0.00754	0.00407	0.00403	0.00092	0.00428	0.00330	0.00301	0.70608
54	0.00809	0.00655	0.00943	0.00900	0.00966	0.00806	0.00703	0.00962	0.00810	0.01181	0.01263	0.01968	0.01220	0.10448	0.57878	0.00680	0.16528	0.00549	0.00269	0.00464
55	0.01067	0.00891	0.00977	0.00899	0.01126	0.00986	0.00689	0.02070	0.50462	0.02036	0.21198	0.07189	0.06503	0.00868	0.00555	0.00173	0.00352	0.00744	0.00528	0.00688
56	0.01064	0.00912	0.01064	0.00760	0.01216	0.00684	0.00608	0.01292	0.01064	0.01672	0.00912	0.01064	0.00760	0.00380	0.00380	0.00076	0.00380	0.00304	0.00304	0.85104
57	0.00726	0.00524	0.00686	0.00646	0.00767	0.00484	0.00484	0.00968	0.01452	0.02058	0.78496	0.03833	0.04841	0.01049	0.00605	0.00161	0.00242	0.00928	0.00565	0.00484
58	0.00727	0.00512	0.00618	0.00598	0.00668	0.00487	0.00400	0.00852	0.01115	0.01533	0.38821	0.03697	0.08687	0.37402	0.01506	0.00313	0.00358	0.00857	0.00445	0.00403
59	0.01233	0.01182	0.02016	0.12606	0.69596	0.01209	0.01556	0.01543	0.01151	0.01632	0.00959	0.01282	0.00797	0.00464	0.00509	0.00155	0.00619	0.00457	0.00251	0.00783
60	0.02127	0.01154	0.01364	0.01046	0.01450	0.01170	0.00864	0.39557	0.01938	0.41403	0.01630	0.01491	0.01073	0.00626	0.00515	0.00156	0.00500	0.00489	0.00575	0.00873
61	0.00734	0.00546	0.00807	0.00807	0.00893	0.00632	0.00620	0.00905	0.00819	0.01178	0.01390	0.02104	0.01321	0.08971	0.74863	0.00803	0.01317	0.00563	0.00277	0.00448
62	0.01181	0.00589	0.00794	0.00779	0.00931	0.00529	0.00568	0.01309	0.01151	0.27018	0.03904	0.53875	0.02718	0.01277	0.00608	0.00191	0.00343	0.01138	0.00530	0.00569
63	0.00659	0.00533	0.00590	0.00616	0.00750	0.00481	0.00446	0.00862	0.05598	0.01453	0.09268	0.27033	0.47206	0.01337	0.00616	0.00183	0.00278	0.01153	0.00485	0.00454
64	0.00720	0.00524	0.00678	0.00639	0.00763	0.00482	0.00480	0.00957	0.01439	0.02025	0.74906	0.03887	0.08452	0.01061	0.00605	0.00162	0.00243	0.00936	0.00561	0.00482
65	0.01753	0.01339	0.01429	0.01141	0.01516	0.01499	0.00928	0.55336	0.24453	0.02916	0.01482	0.01431	0.01075	0.00639	0.00516	0.00160	0.00518	0.00496	0.00516	0.00855
66	0.01139	0.01259	0.05093	0.04056	0.01784	0.04881	0.21734	0.01368	0.00971	0.01381	0.00946	0.06589	0.00885	0.00761	0.01150	0.00198	0.42461	0.00548	0.00254	0.02541
67	0.01204	0.29521	0.05513	0.26065	0.04878	0.03259	0.05175	0.04940	0.02680	0.01395	0.00892	0.01178	0.00737	0.00661	0.02664	0.05109	0.02860	0.00399	0.00248	0.00621
68	0.01168	0.34086	0.46559	0.01228	0.01836	0.01535	0.01469	0.01578	0.01058	0.01447	0.00831	0.00982	0.00654	0.00481	0.00463	0.00144	0.03212	0.00340	0.00218	0.00713
69	0.00798	0.00564	0.00644	0.00642	0.00800	0.00508	0.00474	0.01009	0.05631	0.07826	0.09672	0.24191	0.42811	0.01270	0.00607	0.00180	0.00291	0.01092	0.00499	0.00491
70	0.00709	0.00497	0.00572	0.00583	0.00623	0.00477	0.00361	0.00764	0.00909	0.01201	0.10329	0.13777	0.12839	0.52047	0.01874	0.00380	0.00412	0.00904	0.00382	0.00359
71	0.00685	0.00472	0.00578	0.00638	0.00652	0.00457	0.00394	0.00730	0.00865	0.01153	0.02226	0.42727	0.02634	0.41549	0.01627	0.00352	0.00397	0.01105	0.00394	0.00364
72	0.00733	0.00550	0.00825	0.00825	0.00916	0.00641	0.00641	0.00916	0.00825	0.01191	0.01374	0.02016	0.01283	0.03848	0.79934	0.00825	0.01374	0.00550	0.00275	0.00458
73	0.00942	0.00757	0.00869	0.00800	0.00992	0.00801	0.00612	0.01666	0.32198	0.02062	0.44330	0.03112	0.06941	0.00919	0.00572	0.00167	0.00309	0.00795	0.00544	0.00614
74	0.01580	0.50342	0.03669	0.01050	0.01431	0.30134	0.00936	0.01742	0.01200	0.02737	0.00771	0.00883	0.00671	0.00476	0.00384	0.00120	0.00687	0.00301	0.00244	0.00642
75	0.02842	0.01204	0.05130	0.18715	0.01931	0.04867	0.05542	0.01629	0.16536	0.01496	0.01069	0.01377	0.00881	0.02182	0.01008	0.00196	0.31995	0.00480	0.00293	0.00628
