[name]
unknown

[dist]
# distance from previous block
# <min> <max>
0	30

[block]
# block no. 0 follows, 43 sequences, length 38
# corresponding to MSA columns:
# 30-67
name=unknown_A
#
# <colnr> <probs for GDERKNQSTAVLIFYWHMCP>
#	G	D	E	R	K	N	Q	S	T	A	V	L	I	F	Y	W	H	M	C	P
0	0.25816	0.01233	0.01424	0.26174	0.02211	0.03769	0.02757	0.23744	0.01534	0.02367	0.01085	0.01395	0.00836	0.00604	0.00499	0.00176	0.00614	0.02675	0.00377	0.00710
1	0.01705	0.01312	0.01650	0.31570	0.02524	0.01500	0.01234	0.44301	0.01991	0.04955	0.01222	0.01404	0.00876	0.00622	0.00554	0.00174	0.00655	0.00498	0.00438	0.00815
2	0.01373	0.00946	0.01207	0.01021	0.01221	0.01052	0.00822	0.12766	0.03571	0.14142	0.33431	0.02603	0.02801	0.00941	0.00896	0.00189	0.19088	0.00722	0.00525	0.00683
3	0.00791	0.00558	0.00717	0.00721	0.00767	0.00593	0.00485	0.00877	0.00861	0.01182	0.01804	0.05559	0.04150	0.45322	0.32566	0.00656	0.00897	0.00757	0.00331	0.00406
4	0.00852	0.00544	0.00719	0.00764	0.00859	0.00499	0.00539	0.01003	0.01242	0.07910	0.22325	0.51879	0.05788	0.01482	0.00679	0.00206	0.00317	0.01330	0.00553	0.00510
5	0.01927	0.02388	0.01570	0.01416	0.01666	0.64876	0.01079	0.02135	0.05082	0.01399	0.00907	0.01077	0.00762	0.00630	0.00670	0.00158	0.10929	0.00386	0.00293	0.00649
6	0.02071	0.01579	0.01631	0.01265	0.01690	0.05393	0.01036	0.69857	0.02509	0.03327	0.01317	0.01371	0.00957	0.02642	0.00608	0.00174	0.00626	0.00499	0.00536	0.00912
7	0.01032	0.00516	0.00516	0.00516	0.00645	0.00516	0.00387	0.01290	0.01161	0.02065	0.01807	0.02065	0.01420	0.00645	0.00387	0.00129	0.00258	0.00516	0.83611	0.00516
8	0.00699	0.00536	0.00641	0.00670	0.00790	0.00478	0.00481	0.00860	0.01285	0.01681	0.25611	0.29754	0.31650	0.01433	0.00671	0.00196	0.00288	0.01254	0.00542	0.00478
9	0.01371	0.01316	0.02248	0.03399	0.77081	0.01316	0.01700	0.01700	0.01261	0.01809	0.01042	0.01371	0.00877	0.00493	0.00548	0.00164	0.00658	0.00493	0.00274	0.00877
10	0.00986	0.00824	0.01259	0.01627	0.27063	0.00796	0.00928	0.01270	0.01462	0.02079	0.50728	0.03185	0.03730	0.00912	0.00617	0.00171	0.00398	0.00827	0.00494	0.00645
11	0.01148	0.00984	0.01148	0.00820	0.01312	0.00738	0.00656	0.01395	0.01148	0.01805	0.00984	0.01148	0.00820	0.00410	0.00410	0.00082	0.00410	0.00328	0.00328	0.83922
12	0.00662	0.00534	0.00589	0.00633	0.00767	0.00461	0.00453	0.00787	0.01193	0.01468	0.04730	0.31080	0.51674	0.01517	0.00673	0.00200	0.00295	0.01308	0.00514	0.00461
13	0.01696	0.53580	0.02476	0.01060	0.01523	0.02028	0.00984	0.26972	0.01634	0.02056	0.00963	0.01040	0.00790	0.00540	0.00424	0.00135	0.00598	0.00366	0.00346	0.00790
14	0.01148	0.00984	0.01148	0.00820	0.01312	0.00738	0.00656	0.01395	0.01148	0.01805	0.00984	0.01148	0.00820	0.00410	0.00410	0.00082	0.00410	0.00328	0.00328	0.83922
15	0.01325	0.00836	0.00930	0.04701	0.03617	0.00892	0.00662	0.20642	0.01539	0.02397	0.01616	0.01820	0.01243	0.00641	0.00444	0.00143	0.00387	0.00510	0.55010	0.00644
16	0.02045	0.02247	0.01581	0.01367	0.01700	0.51943	0.01055	0.23760	0.05559	0.02032	0.01065	0.01149	0.00829	0.00607	0.00519	0.00152	0.00856	0.00412	0.00378	0.00742
17	0.01829	0.02184	0.01803	0.02105	0.27643	0.51822	0.01287	0.02035	0.01463	0.01512	0.00920	0.01127	0.00770	0.00544	0.00516	0.00150	0.00881	0.00404	0.00282	0.00723
18	0.01051	0.00696	0.00913	0.21166	0.01541	0.00800	0.00756	0.01327	0.01121	0.01834	0.01503	0.01841	0.01184	0.00648	0.00549	0.00153	0.06932	0.00507	0.54929	0.00549
19	0.01148	0.00984	0.01148	0.00820	0.01312	0.00738	0.00656	0.01395	0.01148	0.01805	0.00984	0.01148	0.00820	0.00410	0.00410	0.00082	0.00410	0.00328	0.00328	0.83922
20	0.02342	0.01526	0.01383	0.01137	0.01516	0.27478	0.00902	0.02531	0.01580	0.51279	0.01728	0.01580	0.01145	0.00646	0.00537	0.00161	0.00653	0.00488	0.00548	0.00839
21	0.01148	0.00984	0.01148	0.00820	0.01312	0.00738	0.00656	0.01395	0.01148	0.01805	0.00984	0.01148	0.00820	0.00410	0.00410	0.00082	0.00410	0.00328	0.00328	0.83922
22	0.01283	0.00966	0.01089	0.00924	0.01186	0.01012	0.00729	0.26731	0.09219	0.02592	0.36078	0.03092	0.10872	0.00962	0.00610	0.00174	0.00400	0.00809	0.00576	0.00696
23	0.00791	0.00577	0.00816	0.00820	0.00894	0.00649	0.00604	0.00940	0.00875	0.01239	0.01587	0.04601	0.01593	0.22016	0.58541	0.00789	0.01230	0.00669	0.00312	0.00456
24	0.01591	0.01845	0.01255	0.01194	0.01400	0.47819	0.00878	0.05248	0.01444	0.01479	0.01635	0.28255	0.01739	0.00976	0.00573	0.00172	0.00747	0.00783	0.00377	0.00590
25	0.00949	0.00840	0.01335	0.52187	0.02783	0.00984	0.01184	0.01275	0.01251	0.01656	0.23545	0.02451	0.05825	0.00766	0.00588	0.00182	0.00575	0.00676	0.00366	0.00581
26	0.01226	0.01030	0.01190	0.00857	0.01345	0.00818	0.00688	0.07385	0.01267	0.01941	0.01012	0.01163	0.00830	0.00431	0.00422	0.00089	0.00426	0.00342	0.00346	0.77190
27	0.01303	0.01335	0.02537	0.13374	0.40218	0.01335	0.28232	0.01688	0.01257	0.01743	0.01062	0.01430	0.00845	0.00492	0.00587	0.00175	0.00769	0.00551	0.00272	0.00794
28	0.00849	0.00530	0.00658	0.00742	0.00829	0.00517	0.00559	0.01038	0.01145	0.01695	0.02596	0.36005	0.02780	0.01312	0.00610	0.00199	0.00344	0.18004	0.29103	0.00487
29	0.03813	0.00924	0.01027	0.00885	0.01119	0.01011	0.00699	0.27845	0.01593	0.02359	0.01528	0.01881	0.01250	0.06054	0.18090	0.00338	0.00681	0.00538	0.27710	0.00657
30	0.01025	0.00744	0.00895	0.00900	0.01033	0.00764	0.00661	0.16961	0.02900	0.01883	0.02578	0.50580	0.02897	0.06020	0.00798	0.00232	0.00415	0.07637	0.00513	0.00564
31	0.36108	0.28389	0.01490	0.00805	0.01118	0.01386	0.00690	0.01438	0.01020	0.01808	0.01244	0.15747	0.01278	0.04790	0.00540	0.00182	0.00470	0.00561	0.00338	0.00597
32	0.19051	0.01061	0.01559	0.50263	0.13236	0.01255	0.01348	0.03071	0.01125	0.01743	0.00954	0.01335	0.00732	0.00539	0.00508	0.00179	0.00658	0.00451	0.00277	0.00655
33	0.49462	0.00988	0.01013	0.03571	0.09138	0.01107	0.00762	0.05006	0.01075	0.02167	0.01240	0.13208	0.01182	0.01002	0.06764	0.00237	0.00540	0.00555	0.00365	0.00615
34	0.01269	0.01045	0.01411	0.03957	0.16924	0.01086	0.02915	0.11791	0.15026	0.03635	0.04074	0.20627	0.01878	0.00912	0.00618	0.00182	0.02283	0.02307	0.00450	0.07610
35	0.01385	0.07842	0.05124	0.02009	0.23889	0.01265	0.17563	0.01882	0.11272	0.09039	0.01714	0.02092	0.05571	0.00671	0.00580	0.00178	0.00640	0.06115	0.00381	0.00787
36	0.05532	0.28557	0.01810	0.00988	0.01397	0.01508	0.00855	0.07928	0.18764	0.07174	0.03351	0.01409	0.01140	0.00586	0.00478	0.00142	0.01939	0.00436	0.00402	0.15605
37	0.01295	0.01104	0.01364	0.03187	0.07844	0.00975	0.02338	0.10032	0.07090	0.02027	0.01129	0.01274	0.00904	0.00478	0.00459	0.00112	0.00475	0.00395	0.00365	0.57153

[dist]
# distance from previous block
# <min> <max>
16	42

[block]
# block no. 1 follows, 43 sequences, length 14
# corresponding to MSA columns:
# 114-127
name=unknown_B
#
# <colnr> <probs for GDERKNQSTAVLIFYWHMCP>
#	G	D	E	R	K	N	Q	S	T	A	V	L	I	F	Y	W	H	M	C	P
0	0.08128	0.35988	0.01924	0.03852	0.01458	0.03909	0.00934	0.08643	0.06912	0.03742	0.01456	0.02246	0.01359	0.00759	0.00495	0.00167	0.00566	0.16395	0.00373	0.00692
1	0.48317	0.01364	0.01068	0.00924	0.01258	0.13683	0.00741	0.15486	0.01374	0.02454	0.00982	0.01100	0.00755	0.00563	0.00412	0.00162	0.00539	0.00366	0.07789	0.00663
2	0.00729	0.00553	0.00606	0.00599	0.00711	0.00501	0.00408	0.00841	0.01154	0.01471	0.16216	0.04535	0.38745	0.28935	0.01409	0.00307	0.00367	0.01014	0.00468	0.00431
3	0.01137	0.01162	0.02221	0.52416	0.03494	0.01290	0.27164	0.01540	0.01177	0.01540	0.01032	0.01483	0.00774	0.00523	0.00589	0.00185	0.00806	0.00548	0.00258	0.00661
4	0.01782	0.01385	0.01481	0.01195	0.01592	0.01537	0.00965	0.44243	0.29911	0.02961	0.01655	0.01594	0.01214	0.00683	0.00550	0.00170	0.00535	0.00537	0.00545	0.05465
5	0.00748	0.00534	0.00727	0.00855	0.00919	0.00513	0.00641	0.00898	0.01133	0.01496	0.03012	0.55284	0.03503	0.01666	0.00726	0.00235	0.00385	0.25742	0.00513	0.00470
6	0.01791	0.00834	0.01092	0.00898	0.01212	0.00764	0.00718	0.02145	0.08372	0.44390	0.28191	0.02686	0.02743	0.00847	0.00591	0.00174	0.00395	0.00718	0.00648	0.00790
7	0.01322	0.01341	0.02508	0.09825	0.47846	0.01334	0.24146	0.01697	0.01262	0.01763	0.01061	0.01418	0.00854	0.00491	0.00581	0.00173	0.00750	0.00542	0.00273	0.00814
8	0.00786	0.00529	0.00610	0.00629	0.00634	0.00524	0.00363	0.00800	0.00844	0.01125	0.01942	0.15183	0.02263	0.68638	0.02500	0.00490	0.00504	0.00922	0.00363	0.00353
9	0.00791	0.00593	0.00890	0.00890	0.00989	0.00692	0.00692	0.00989	0.00890	0.01286	0.01483	0.02176	0.01385	0.04154	0.78341	0.00890	0.01483	0.00593	0.00297	0.00494
10	0.01481	0.80869	0.02902	0.00948	0.01421	0.02191	0.00948	0.01658	0.01125	0.01303	0.00770	0.00888	0.00711	0.00474	0.00355	0.00118	0.00592	0.00296	0.00237	0.00711
11	0.02105	0.01551	0.01662	0.01274	0.01717	0.01717	0.01053	0.75235	0.02604	0.03490	0.01330	0.01330	0.00942	0.00665	0.00554	0.00166	0.00609	0.00499	0.00554	0.00942
12	0.00655	0.00561	0.00561	0.00561	0.00748	0.00468	0.00421	0.00795	0.01262	0.01496	0.05610	0.05330	0.76857	0.01403	0.00655	0.00187	0.00281	0.01169	0.00514	0.00468
13	0.01148	0.00984	0.01148	0.00820	0.01312	0.00738	0.00656	0.01395	0.01148	0.01805	0.00984	0.01148	0.00820	0.00410	0.00410	0.00082	0.00410	0.00328	0.00328	0.83922

[dist]
# distance from previous block
# <min> <max>
0	21

[block]
# block no. 2 follows, 43 sequences, length 32
# corresponding to MSA columns:
# 149-180
name=unknown_C
#
# <colnr> <probs for GDERKNQSTAVLIFYWHMCP>
#	G	D	E	R	K	N	Q	S	T	A	V	L	I	F	Y	W	H	M	C	P
0	0.01458	0.69127	0.11569	0.01037	0.01545	0.04667	0.01080	0.01688	0.01146	0.01357	0.00799	0.00925	0.00710	0.00483	0.00380	0.00126	0.00632	0.00311	0.00238	0.00721
1	0.00791	0.00593	0.00890	0.00890	0.00989	0.00692	0.00692	0.00989	0.00890	0.01286	0.01483	0.02176	0.01385	0.04154	0.78341	0.00890	0.01483	0.00593	0.00297	0.00494
2	0.06079	0.01557	0.06401	0.05382	0.03990	0.25623	0.00915	0.10272	0.01449	0.01962	0.01265	0.01459	0.00989	0.00598	0.00464	0.00147	0.00623	0.00442	0.29736	0.00649
3	0.01367	0.56853	0.25921	0.01142	0.01722	0.01913	0.01286	0.01688	0.01139	0.01442	0.00839	0.00975	0.00708	0.00490	0.00408	0.00136	0.00662	0.00331	0.00236	0.00744
4	0.00711	0.00522	0.00667	0.00717	0.00805	0.00478	0.00505	0.00872	0.01268	0.01713	0.29737	0.43131	0.13878	0.01476	0.00681	0.00202	0.00294	0.01316	0.00548	0.00478
5	0.01381	0.01464	0.01569	0.03474	0.26928	0.22628	0.01157	0.01657	0.05370	0.01575	0.01517	0.20234	0.01533	0.00861	0.00661	0.00180	0.06057	0.00722	0.00348	0.00685
6	0.01212	0.01212	0.01696	0.01454	0.01454	0.01696	0.01212	0.01333	0.00848	0.01333	0.00727	0.01212	0.00727	0.00969	0.01818	0.00242	0.79523	0.00485	0.00242	0.00606
7	0.00686	0.00490	0.00656	0.00784	0.00821	0.00460	0.00534	0.00791	0.01072	0.01426	0.03046	0.76326	0.03638	0.01724	0.00710	0.00226	0.00331	0.05312	0.00514	0.00453
8	0.01323	0.01295	0.01460	0.01174	0.01471	0.10177	0.03060	0.03830	0.05256	0.01676	0.00969	0.01218	0.00829	0.00641	0.00903	0.00153	0.26485	0.00414	0.00313	0.37353
9	0.03909	0.01789	0.15052	0.22353	0.08469	0.16742	0.18188	0.01740	0.01255	0.01604	0.00982	0.01299	0.00756	0.00539	0.00590	0.00175	0.03108	0.00481	0.00265	0.00705
10	0.01538	0.13488	0.41704	0.01353	0.03804	0.01292	0.01503	0.04082	0.01321	0.20855	0.03096	0.01390	0.00992	0.00577	0.00514	0.00166	0.00675	0.00449	0.00368	0.00832
11	0.01137	0.06950	0.71213	0.01570	0.02362	0.01338	0.04436	0.01750	0.01172	0.01731	0.00986	0.01165	0.00707	0.00521	0.00521	0.00173	0.00810	0.00411	0.00236	0.00810
12	0.00805	0.00537	0.00604	0.00604	0.00604	0.00537	0.00336	0.00805	0.00805	0.01074	0.01745	0.03624	0.02013	0.80536	0.02819	0.00537	0.00537	0.00805	0.00336	0.00336
13	0.00791	0.00593	0.00890	0.00890	0.00989	0.00692	0.00692	0.00989	0.00890	0.01286	0.01483	0.02176	0.01385	0.04154	0.78341	0.00890	0.01483	0.00593	0.00297	0.00494
14	0.01734	0.01193	0.01265	0.01012	0.01346	0.01301	0.00822	0.49623	0.02104	0.02997	0.01495	0.01584	0.01107	0.00658	0.00496	0.00153	0.00488	0.00505	0.29322	0.00794
15	0.01297	0.01149	0.01419	0.20046	0.07185	0.01338	0.01092	0.02491	0.52945	0.02065	0.01866	0.01877	0.01406	0.00686	0.00560	0.00185	0.00525	0.00585	0.00467	0.00814
16	0.00675	0.00482	0.00643	0.00771	0.00803	0.00450	0.00514	0.00771	0.01060	0.01414	0.03053	0.80175	0.03663	0.01735	0.00707	0.00225	0.00321	0.01574	0.00514	0.00450
17	0.01543	0.22806	0.30253	0.01382	0.01921	0.28201	0.03228	0.01888	0.01300	0.01500	0.00892	0.01046	0.00711	0.00527	0.00476	0.00150	0.00826	0.00368	0.00254	0.00728
18	0.01638	0.01319	0.01399	0.01180	0.01539	0.01499	0.00940	0.28774	0.49827	0.02736	0.01924	0.01803	0.01423	0.00720	0.00560	0.00180	0.00499	0.00581	0.00560	0.00900
19	0.00675	0.00482	0.00643	0.00771	0.00803	0.00450	0.00514	0.00771	0.01060	0.01414	0.03053	0.80175	0.03663	0.01735	0.00707	0.00225	0.00321	0.01574	0.00514	0.00450
20	0.01124	0.01064	0.01802	0.60988	0.21421	0.01251	0.01577	0.01483	0.01144	0.01510	0.00998	0.01451	0.00772	0.00539	0.00552	0.00180	0.00719	0.00492	0.00253	0.00678
21	0.01757	0.01415	0.01822	0.08070	0.25135	0.01538	0.01282	0.42980	0.05862	0.02747	0.01261	0.01392	0.00944	0.00608	0.00553	0.00168	0.00626	0.00503	0.00444	0.00893
22	0.01375	0.01229	0.01560	0.01829	0.24792	0.01359	0.01131	0.02559	0.52982	0.02160	0.01880	0.01852	0.01440	0.00672	0.00559	0.00181	0.00506	0.00585	0.00474	0.00877
23	0.01501	0.01188	0.01775	0.01348	0.01723	0.01218	0.23681	0.27861	0.01722	0.02484	0.01424	0.01626	0.01070	0.00597	0.00529	0.00160	0.00592	0.00552	0.28207	0.00740
24	0.01099	0.00997	0.01656	0.52353	0.14093	0.01171	0.03912	0.01434	0.01123	0.01535	0.01095	0.01583	0.00872	0.03277	0.00660	0.00190	0.03374	0.00511	0.08426	0.00639
25	0.01141	0.02684	0.68878	0.01791	0.11100	0.01290	0.02006	0.01748	0.01180	0.01760	0.00999	0.01193	0.00722	0.00522	0.00529	0.00174	0.00800	0.00419	0.00239	0.00825
26	0.00697	0.00491	0.00636	0.00743	0.00769	0.00465	0.00484	0.00777	0.01017	0.01356	0.02828	0.67058	0.03380	0.15238	0.01069	0.00278	0.00358	0.01443	0.00484	0.00430
27	0.01181	0.01122	0.01905	0.47720	0.34245	0.01266	0.01605	0.01533	0.01171	0.01579	0.01008	0.01433	0.00796	0.00529	0.00551	0.00176	0.00705	0.00493	0.00258	0.00724
28	0.01700	0.02719	0.01331	0.01059	0.01402	0.01279	0.00849	0.33571	0.17194	0.12384	0.07140	0.02208	0.07501	0.06236	0.00722	0.00198	0.00501	0.00637	0.00553	0.00817
29	0.01302	0.01115	0.01893	0.01781	0.16115	0.01076	0.23681	0.01774	0.11246	0.10599	0.02388	0.06342	0.16583	0.00789	0.00613	0.00183	0.00598	0.00759	0.00423	0.00740
30	0.01338	0.00959	0.01113	0.00893	0.01237	0.00922	0.03244	0.10660	0.13872	0.05861	0.01555	0.01655	0.01193	0.00586	0.00462	0.00132	0.00413	0.00479	0.26122	0.27303
31	0.03866	0.00889	0.01101	0.02956	0.01267	0.00876	0.00741	0.09214	0.07290	0.33178	0.04828	0.04194	0.01781	0.16606	0.01019	0.00252	0.00489	0.06377	0.02347	0.00730

[dist]
# distance from previous block
# <min> <max>
56	170

[block]
# block no. 3 follows, 43 sequences, length 15
# corresponding to MSA columns:
# 366-368,370-381
name=unknown_D
#
# <colnr> <probs for GDERKNQSTAVLIFYWHMCP>
#	G	D	E	R	K	N	Q	S	T	A	V	L	I	F	Y	W	H	M	C	P
0	0.01346	0.26048	0.07690	0.01455	0.15921	0.02718	0.01081	0.10802	0.06408	0.01872	0.07331	0.01995	0.11732	0.00703	0.00510	0.00156	0.00553	0.00564	0.00372	0.00742
1	0.01197	0.01338	0.12202	0.14041	0.28868	0.01167	0.02562	0.06496	0.06860	0.01824	0.01817	0.07915	0.09859	0.00738	0.00574	0.00179	0.00608	0.00655	0.00351	0.00751
2	0.01226	0.32593	0.01736	0.01016	0.06779	0.01333	0.00801	0.01523	0.05443	0.01619	0.01258	0.01501	0.01068	0.01100	0.12482	0.00246	0.00631	0.00433	0.20968	0.06244
3	0.01001	0.00682	0.00842	0.00782	0.00910	0.00677	0.00558	0.01199	0.05037	0.08113	0.16372	0.16392	0.05688	0.26260	0.01395	0.00296	0.05725	0.00902	0.00461	0.06707
4	0.01544	0.01363	0.11165	0.25469	0.15286	0.01255	0.01379	0.12095	0.07191	0.15722	0.01359	0.01519	0.00974	0.00595	0.00551	0.00175	0.00645	0.00505	0.00396	0.00810
5	0.07005	0.21171	0.02171	0.18393	0.21633	0.12195	0.06770	0.01701	0.01219	0.01580	0.00924	0.01199	0.00762	0.00512	0.00489	0.00156	0.00711	0.00424	0.00266	0.00719
6	0.18482	0.01222	0.01197	0.01181	0.06747	0.11153	0.00848	0.15545	0.02699	0.02067	0.01777	0.21006	0.05898	0.00942	0.00644	0.00186	0.06590	0.00746	0.00419	0.00651
7	0.03517	0.01172	0.01386	0.01364	0.11832	0.01253	0.00932	0.39268	0.01857	0.02524	0.01778	0.14004	0.04711	0.10821	0.00859	0.00222	0.00544	0.00727	0.00475	0.00753
8	0.01147	0.13584	0.12167	0.32561	0.02406	0.01238	0.01245	0.01565	0.06229	0.04837	0.10234	0.07564	0.01569	0.00713	0.00543	0.00174	0.00608	0.00603	0.00346	0.00666
9	0.06659	0.00773	0.00832	0.00769	0.00967	0.00790	0.00587	0.16315	0.01486	0.02169	0.11186	0.19235	0.15021	0.01057	0.00563	0.00175	0.00359	0.00890	0.19579	0.00588
10	0.01511	0.01322	0.02080	0.04534	0.59322	0.01352	0.01541	0.11977	0.04122	0.05110	0.01170	0.01413	0.00932	0.00535	0.00550	0.00166	0.00638	0.00501	0.00339	0.00883
11	0.02027	0.01674	0.01569	0.01251	0.01645	0.15163	0.01011	0.57398	0.02325	0.03018	0.01278	0.01320	0.00933	0.00647	0.00533	0.00160	0.00655	0.00475	0.06057	0.00860
12	0.01141	0.00706	0.00901	0.00843	0.00981	0.00728	0.00619	0.06685	0.01159	0.13246	0.02176	0.18629	0.06311	0.21525	0.18078	0.00432	0.03984	0.00864	0.00441	0.00552
13	0.01538	0.01454	0.02105	0.02919	0.59614	0.07288	0.01551	0.13138	0.01493	0.02035	0.01072	0.01336	0.00875	0.00526	0.00545	0.00163	0.00677	0.00484	0.00318	0.00869
14	0.01300	0.06083	0.22443	0.01917	0.19499	0.05302	0.12519	0.01810	0.07707	0.01781	0.01112	0.01315	0.00868	0.00511	0.00525	0.00156	0.00699	0.00463	0.00296	0.13693

[dist]
# distance from previous block
# <min> <max>
0	16

[block]
# block no. 4 follows, 43 sequences, length 22
# corresponding to MSA columns:
# 398-419
name=unknown_E
#
# <colnr> <probs for GDERKNQSTAVLIFYWHMCP>
#	G	D	E	R	K	N	Q	S	T	A	V	L	I	F	Y	W	H	M	C	P
0	0.01276	0.27877	0.30152	0.01567	0.02179	0.01593	0.22389	0.01703	0.01191	0.01604	0.01010	0.03199	0.00820	0.00523	0.00511	0.00161	0.00765	0.00472	0.00255	0.00754
1	0.00851	0.00673	0.00945	0.24977	0.01651	0.00742	0.00752	0.00997	0.00969	0.01264	0.01958	0.12560	0.07544	0.36531	0.04994	0.00378	0.00594	0.00823	0.00342	0.00454
2	0.01516	0.10534	0.38665	0.01367	0.01980	0.01230	0.07122	0.01953	0.01270	0.22057	0.01330	0.01417	0.00935	0.00779	0.05238	0.00212	0.00750	0.00467	0.00363	0.00815
3	0.01102	0.19335	0.37694	0.01229	0.01775	0.01278	0.04160	0.01521	0.01237	0.01716	0.15212	0.05479	0.04602	0.00714	0.00530	0.00166	0.00627	0.00586	0.00329	0.00707
4	0.01111	0.02865	0.77667	0.01579	0.02397	0.01286	0.02046	0.01754	0.01169	0.01754	0.00994	0.01169	0.00702	0.00526	0.00526	0.00175	0.00818	0.00409	0.00234	0.00818
5	0.00920	0.00920	0.05170	0.01150	0.01433	0.00782	0.19996	0.01239	0.01442	0.01992	0.44535	0.03450	0.12730	0.00963	0.00647	0.00179	0.00466	0.00902	0.00494	0.00589
6	0.01479	0.04491	0.17053	0.25859	0.18986	0.01201	0.01486	0.01852	0.01265	0.19119	0.01268	0.01463	0.00906	0.00562	0.00540	0.00173	0.00670	0.00483	0.00351	0.00793
7	0.01561	0.22628	0.04737	0.06180	0.07397	0.01444	0.01016	0.02252	0.26167	0.15522	0.01603	0.01591	0.01197	0.00620	0.00496	0.00161	0.00530	0.00494	0.03593	0.00811
8	0.00769	0.00523	0.00619	0.00653	0.00667	0.00513	0.00391	0.00805	0.00902	0.01208	0.04773	0.24628	0.02580	0.56109	0.02163	0.00438	0.00468	0.01023	0.00394	0.00374
9	0.01323	0.01395	0.02762	0.06232	0.34517	0.01357	0.40542	0.01726	0.01279	0.01773	0.01081	0.01441	0.00851	0.00482	0.00604	0.00177	0.00808	0.00578	0.00276	0.00797
10	0.01272	0.08713	0.18835	0.20160	0.31249	0.04291	0.04463	0.01665	0.01207	0.01643	0.00990	0.01298	0.00784	0.00515	0.00530	0.00167	0.00730	0.00458	0.00256	0.00775
11	0.01473	0.01107	0.01234	0.01080	0.01356	0.01205	0.00848	0.36175	0.13745	0.02549	0.02108	0.26164	0.02040	0.01062	0.00616	0.00193	0.00487	0.05264	0.00541	0.00753
12	0.00682	0.00485	0.00640	0.00762	0.00792	0.00455	0.00504	0.00773	0.01046	0.01394	0.02978	0.75793	0.03569	0.06245	0.00828	0.00243	0.00334	0.01530	0.00504	0.00443
13	0.01135	0.01186	0.06633	0.05521	0.37554	0.01083	0.09398	0.01441	0.01228	0.01714	0.06233	0.15810	0.05363	0.00811	0.00625	0.00183	0.02250	0.00763	0.00346	0.00725
14	0.01872	0.28575	0.07998	0.01095	0.01554	0.05143	0.01011	0.16559	0.02883	0.23959	0.01398	0.03334	0.01040	0.00619	0.00486	0.00153	0.00588	0.00462	0.00445	0.00826
15	0.01207	0.00856	0.00957	0.00836	0.00982	0.00916	0.00589	0.23873	0.01370	0.01841	0.01594	0.02788	0.01627	0.49184	0.08658	0.00453	0.00641	0.00692	0.00400	0.00537
16	0.01188	0.02395	0.54367	0.02082	0.21294	0.01300	0.06126	0.01741	0.01200	0.01769	0.01013	0.01239	0.00754	0.00515	0.00539	0.00173	0.00785	0.00444	0.00247	0.00829
17	0.04734	0.04680	0.09144	0.01294	0.03600	0.12369	0.03905	0.22131	0.06261	0.22424	0.01493	0.03070	0.01076	0.00646	0.00537	0.00167	0.00640	0.00506	0.00481	0.00843
18	0.01515	0.02219	0.50900	0.01430	0.02114	0.01160	0.04719	0.02054	0.03311	0.23178	0.01370	0.01409	0.00923	0.00575	0.00541	0.00175	0.00715	0.00467	0.00372	0.00852
19	0.00767	0.00521	0.00615	0.00653	0.00662	0.00511	0.00388	0.00795	0.00880	0.01173	0.02127	0.26006	0.02496	0.57497	0.02201	0.00446	0.00474	0.01030	0.00388	0.00369
20	0.01307	0.01339	0.06328	0.16177	0.26033	0.05566	0.03347	0.05256	0.03287	0.01806	0.01064	0.01330	0.00850	0.00506	0.00510	0.00147	0.00630	0.00446	0.01644	0.22430
21	0.01554	0.01347	0.01752	0.36496	0.07019	0.06102	0.04176	0.30557	0.01741	0.02265	0.01121	0.01384	0.00829	0.00592	0.00554	0.00174	0.00706	0.00493	0.00373	0.00766

[dist]
# distance from previous block
# <min> <max>
16	46

[block]
# block no. 5 follows, 43 sequences, length 6
# corresponding to MSA columns:
# 471-476
name=unknown_F
#
# <colnr> <probs for GDERKNQSTAVLIFYWHMCP>
#	G	D	E	R	K	N	Q	S	T	A	V	L	I	F	Y	W	H	M	C	P
0	0.01245	0.18597	0.03670	0.00877	0.01202	0.03872	0.00738	0.01562	0.07653	0.06177	0.07720	0.01921	0.01505	0.11563	0.06276	0.00238	0.00561	0.00515	0.05227	0.18880
1	0.12055	0.01546	0.06716	0.06673	0.16551	0.18099	0.01120	0.01928	0.12077	0.05580	0.01576	0.01674	0.07359	0.00640	0.00516	0.00165	0.00637	0.00505	0.00366	0.04219
2	0.03071	0.01247	0.07421	0.08423	0.17460	0.01137	0.19667	0.03295	0.07781	0.01833	0.06457	0.02424	0.12246	0.00742	0.00603	0.00183	0.00634	0.04291	0.00370	0.00715
3	0.01439	0.06727	0.01571	0.01357	0.06960	0.04612	0.01047	0.12537	0.12490	0.05237	0.01474	0.02088	0.01301	0.00835	0.00890	0.00192	0.21234	0.10994	0.00404	0.06613
4	0.01592	0.05829	0.06689	0.01026	0.01402	0.01157	0.00887	0.15883	0.19289	0.18898	0.07312	0.02412	0.13583	0.00817	0.00566	0.00174	0.00477	0.00664	0.00541	0.00801
5	0.01702	0.18751	0.16522	0.01514	0.12754	0.07943	0.01253	0.07414	0.06586	0.18387	0.01314	0.01355	0.00963	0.00575	0.00502	0.00158	0.00644	0.00447	0.00390	0.00829

[dist]
# distance from previous block
# <min> <max>
2	29

[block]
# block no. 6 follows, 43 sequences, length 21
# corresponding to MSA columns:
# 506-526
name=unknown_G
#
# <colnr> <probs for GDERKNQSTAVLIFYWHMCP>
#	G	D	E	R	K	N	Q	S	T	A	V	L	I	F	Y	W	H	M	C	P
0	0.02068	0.01617	0.01425	0.01197	0.01559	0.25251	0.00944	0.13775	0.17140	0.26780	0.01653	0.01560	0.01166	0.00660	0.00540	0.00165	0.00650	0.00500	0.00515	0.00835
1	0.01435	0.01193	0.01778	0.23509	0.30269	0.01294	0.01373	0.13631	0.07646	0.06395	0.05028	0.01619	0.01163	0.00602	0.00558	0.00173	0.00624	0.00534	0.00376	0.00801
2	0.24414	0.01160	0.01051	0.00901	0.01194	0.10008	0.02719	0.12775	0.05295	0.02315	0.05148	0.01553	0.01202	0.00617	0.00444	0.00153	0.00480	0.00460	0.23358	0.04752
3	0.01056	0.01025	0.01249	0.26604	0.01988	0.10377	0.01014	0.01246	0.01090	0.01375	0.01675	0.28207	0.01799	0.05630	0.00925	0.00222	0.12768	0.00860	0.00346	0.00545
4	0.07336	0.01259	0.01593	0.49781	0.02977	0.08078	0.01324	0.17608	0.01463	0.01939	0.01033	0.01361	0.00771	0.00577	0.00534	0.00176	0.00711	0.00468	0.00324	0.00688
5	0.01295	0.02196	0.38813	0.23025	0.05349	0.13161	0.01698	0.05048	0.01282	0.01679	0.00987	0.01242	0.00731	0.00546	0.00532	0.00172	0.00809	0.00431	0.00261	0.00743
6	0.00921	0.00628	0.00839	0.13419	0.01313	0.00665	0.00725	0.01136	0.01114	0.01605	0.02107	0.10396	0.02137	0.15190	0.00987	0.00256	0.00465	0.22239	0.23365	0.00492
7	0.00675	0.00482	0.00643	0.00771	0.00803	0.00450	0.00514	0.00771	0.01060	0.01414	0.03053	0.80175	0.03663	0.01735	0.00707	0.00225	0.00321	0.01574	0.00514	0.00450
8	0.01424	0.01249	0.01910	0.36289	0.17760	0.01396	0.07471	0.21868	0.01567	0.02096	0.01102	0.01416	0.00831	0.00565	0.00561	0.00176	0.00703	0.00507	0.00339	0.00768
9	0.01192	0.01133	0.01924	0.45224	0.36658	0.01269	0.01611	0.01543	0.01176	0.01592	0.01010	0.01429	0.00801	0.00527	0.00551	0.00176	0.00702	0.00493	0.00259	0.00733
10	0.01773	0.01231	0.01308	0.01040	0.01386	0.01346	0.00847	0.52366	0.02158	0.03050	0.01477	0.01557	0.01090	0.00659	0.00502	0.00155	0.00501	0.00504	0.26241	0.00810
11	0.00750	0.00520	0.00650	0.00703	0.00727	0.00517	0.00447	0.00810	0.00920	0.01236	0.02258	0.35093	0.02629	0.39985	0.09858	0.00445	0.00547	0.01101	0.00405	0.00399
12	0.02105	0.01551	0.01662	0.01274	0.01717	0.01717	0.01053	0.75235	0.02604	0.03490	0.01330	0.01330	0.00942	0.00665	0.00554	0.00166	0.00609	0.00499	0.00554	0.00942
13	0.01156	0.00828	0.00948	0.00825	0.00997	0.00857	0.00605	0.21433	0.01595	0.02182	0.30504	0.03188	0.02954	0.27948	0.01361	0.00295	0.00451	0.00796	0.00501	0.00575
14	0.01732	0.13263	0.01642	0.01192	0.01561	0.46128	0.00939	0.01908	0.01390	0.01472	0.00879	0.01024	0.00743	0.00513	0.00454	0.00123	0.00779	0.00340	0.00290	0.23629
15	0.01758	0.58817	0.02456	0.00958	0.01419	0.01811	0.00911	0.01946	0.01252	0.22316	0.01160	0.01163	0.00893	0.00532	0.00411	0.00133	0.00559	0.00368	0.00361	0.00775
16	0.00830	0.00615	0.00738	0.00828	0.00909	0.00549	0.00562	0.00894	0.01200	0.01574	0.03724	0.61797	0.20085	0.01732	0.00754	0.00242	0.00367	0.01506	0.00560	0.00535
17	0.12040	0.01466	0.01632	0.01393	0.01665	0.16796	0.14054	0.09626	0.01437	0.01963	0.01691	0.23184	0.01705	0.01009	0.00747	0.00216	0.07422	0.00815	0.00432	0.00708
18	0.24905	0.01275	0.01371	0.12166	0.01806	0.01394	0.00971	0.27542	0.05406	0.07874	0.01451	0.03980	0.01134	0.00741	0.00554	0.00199	0.00578	0.00534	0.05292	0.00827
19	0.01276	0.01024	0.01112	0.01014	0.01256	0.01074	0.00771	0.10326	0.27060	0.02221	0.10828	0.09691	0.22498	0.01139	0.00719	0.00215	0.03734	0.00911	0.02379	0.00754
20	0.31087	0.01167	0.01168	0.00979	0.01325	0.04688	0.00793	0.08937	0.13258	0.21245	0.03209	0.01475	0.01124	0.00648	0.00546	0.00174	0.04733	0.00464	0.00482	0.02496

[dist]
# distance from previous block
# <min> <max>
5	27

[block]
# block no. 7 follows, 43 sequences, length 12
# corresponding to MSA columns:
# 559-570
name=unknown_H
#
# <colnr> <probs for GDERKNQSTAVLIFYWHMCP>
#	G	D	E	R	K	N	Q	S	T	A	V	L	I	F	Y	W	H	M	C	P
0	0.01110	0.00821	0.01195	0.07584	0.09511	0.00844	0.06376	0.03528	0.04171	0.04724	0.01877	0.22002	0.01790	0.00901	0.00595	0.00174	0.03462	0.00794	0.25147	0.03395
1	0.14515	0.07103	0.05216	0.00923	0.01351	0.01037	0.00797	0.01942	0.10236	0.19719	0.05683	0.01544	0.01256	0.00584	0.00468	0.00142	0.00457	0.00453	0.00447	0.26126
2	0.03724	0.01205	0.02104	0.05445	0.25912	0.01162	0.22631	0.01551	0.01192	0.01734	0.01133	0.05443	0.00983	0.00605	0.00658	0.03102	0.03573	0.00557	0.00297	0.16988
3	0.01300	0.03185	0.01536	0.01590	0.19574	0.06161	0.03585	0.05396	0.04842	0.03528	0.01392	0.12924	0.01302	0.00692	0.00559	0.00148	0.02838	0.00597	0.00364	0.28485
4	0.01399	0.01122	0.01517	0.01888	0.29360	0.04740	0.01109	0.09497	0.08127	0.09260	0.04010	0.20046	0.01834	0.00892	0.00595	0.00183	0.00537	0.02682	0.00442	0.00760
5	0.00773	0.00626	0.03046	0.07935	0.01087	0.00588	0.00621	0.00892	0.00993	0.01327	0.02347	0.42056	0.02710	0.25200	0.04282	0.00339	0.00490	0.03823	0.00419	0.00446
6	0.02105	0.01551	0.01662	0.01274	0.01717	0.01717	0.01053	0.75235	0.02604	0.03490	0.01330	0.01330	0.00942	0.00665	0.00554	0.00166	0.00609	0.00499	0.00554	0.00942
7	0.02027	0.02159	0.01655	0.01528	0.07617	0.45753	0.01113	0.27464	0.01904	0.02130	0.01035	0.01143	0.00805	0.00597	0.00522	0.00153	0.00837	0.00417	0.00378	0.00764
8	0.00865	0.00647	0.00933	0.00912	0.01030	0.00750	0.00713	0.05155	0.00986	0.01409	0.01475	0.02128	0.01360	0.03958	0.73976	0.00849	0.01434	0.00588	0.00311	0.00520
9	0.00805	0.00537	0.00604	0.00604	0.00604	0.00537	0.00336	0.00805	0.00805	0.01074	0.01745	0.03624	0.02013	0.80536	0.02819	0.00537	0.00537	0.00805	0.00336	0.00336
10	0.01284	0.01195	0.07392	0.01168	0.01543	0.01058	0.08162	0.10647	0.01330	0.06014	0.04878	0.07651	0.01314	0.00914	0.05532	0.00201	0.10619	0.00566	0.00379	0.28155
11	0.01278	0.01441	0.15497	0.04898	0.01823	0.01205	0.11360	0.10796	0.17805	0.02063	0.03694	0.04843	0.01327	0.03589	0.00676	0.00186	0.03232	0.00587	0.06046	0.07657

[dist]
# distance from previous block
# <min> <max>
0	17

[block]
# block no. 8 follows, 43 sequences, length 10
# corresponding to MSA columns:
# 589-598
name=unknown_I
#
# <colnr> <probs for GDERKNQSTAVLIFYWHMCP>
#	G	D	E	R	K	N	Q	S	T	A	V	L	I	F	Y	W	H	M	C	P
0	0.01315	0.04333	0.42045	0.05315	0.07350	0.10127	0.11912	0.04104	0.05026	0.01769	0.01066	0.01265	0.00793	0.00536	0.00542	0.00172	0.00809	0.00457	0.00276	0.00787
1	0.05441	0.06098	0.36888	0.01318	0.01862	0.08971	0.04572	0.04975	0.04752	0.04189	0.03901	0.01761	0.08311	0.02497	0.00607	0.00180	0.02086	0.00524	0.00332	0.00735
2	0.00963	0.00698	0.00867	0.00828	0.01029	0.00652	0.00655	0.01307	0.08107	0.05542	0.25930	0.11553	0.11429	0.01166	0.00641	0.00188	0.00368	0.16923	0.00533	0.10620
3	0.01034	0.00857	0.01028	0.00827	0.01199	0.00673	0.00648	0.01252	0.01142	0.01716	0.01552	0.17010	0.01574	0.00763	0.00498	0.00124	0.00401	0.06711	0.00380	0.60608
4	0.01252	0.01206	0.02059	0.14903	0.54720	0.01230	0.05552	0.01578	0.01240	0.01718	0.01450	0.01752	0.07723	0.00584	0.00564	0.00171	0.00651	0.00563	0.00292	0.00792
5	0.00838	0.00816	0.01323	0.01070	0.01351	0.00727	0.21282	0.01067	0.01261	0.01568	0.04185	0.09260	0.50729	0.01163	0.00658	0.00189	0.00466	0.01052	0.00449	0.00544
6	0.01376	0.01057	0.03867	0.01170	0.01478	0.02822	0.13635	0.07762	0.01474	0.16695	0.19656	0.02751	0.12998	0.03392	0.00782	0.00193	0.06963	0.00754	0.00491	0.00684
7	0.01125	0.00737	0.00901	0.00797	0.01003	0.00723	0.00625	0.04152	0.03729	0.14341	0.28857	0.03753	0.28178	0.01107	0.00729	0.00184	0.06985	0.00911	0.00555	0.00607
8	0.01107	0.11257	0.25188	0.01323	0.01752	0.05013	0.11273	0.01442	0.01154	0.01563	0.01575	0.24625	0.01607	0.00890	0.00633	0.00183	0.04466	0.00773	0.00330	0.03845
9	0.01735	0.01339	0.01462	0.01119	0.01564	0.01380	0.00912	0.45073	0.09536	0.02850	0.01316	0.01348	0.00979	0.00595	0.00510	0.00142	0.00530	0.00459	0.00485	0.26667

[dist]
# distance from previous block
# <min> <max>
18	54

[block]
# block no. 9 follows, 43 sequences, length 10
# corresponding to MSA columns:
# 660-669
name=unknown_J
#
# <colnr> <probs for GDERKNQSTAVLIFYWHMCP>
#	G	D	E	R	K	N	Q	S	T	A	V	L	I	F	Y	W	H	M	C	P
0	0.01182	0.01318	0.09752	0.04527	0.26454	0.03726	0.11137	0.01623	0.06734	0.01898	0.19487	0.02174	0.03988	0.00693	0.00584	0.00171	0.00598	0.00647	0.00380	0.02927
1	0.01309	0.21213	0.40957	0.01542	0.06307	0.01529	0.07577	0.07426	0.01286	0.01787	0.00979	0.01151	0.00748	0.00514	0.00495	0.00158	0.00735	0.00411	0.00269	0.03606
2	0.01211	0.09283	0.46326	0.04603	0.11735	0.01386	0.09856	0.01796	0.05421	0.01743	0.01065	0.01267	0.00797	0.00525	0.00531	0.00171	0.00767	0.00452	0.00263	0.00804
3	0.01484	0.12243	0.06564	0.02520	0.42562	0.10074	0.08930	0.05915	0.01353	0.01779	0.01006	0.01263	0.00827	0.00508	0.00527	0.00159	0.00721	0.00463	0.00285	0.00816
4	0.01201	0.00802	0.01069	0.00880	0.01141	0.00750	0.06534	0.02862	0.04337	0.10536	0.01706	0.02194	0.03660	0.15502	0.10162	0.00298	0.00579	0.00580	0.17759	0.17448
5	0.01292	0.00954	0.01494	0.07934	0.13297	0.00955	0.08230	0.02838	0.01257	0.14125	0.05433	0.20410	0.01889	0.00926	0.00699	0.00187	0.06663	0.03638	0.00429	0.07352
6	0.01084	0.03449	0.17760	0.01050	0.01492	0.02332	0.04560	0.01424	0.01291	0.03450	0.19888	0.02316	0.04195	0.00717	0.00537	0.00147	0.00507	0.04656	0.00394	0.28751
7	0.01100	0.00846	0.01044	0.00836	0.01194	0.00697	0.00654	0.01316	0.01115	0.06037	0.01411	0.11541	0.01321	0.01279	0.14664	0.00253	0.00598	0.00550	0.00367	0.53177
8	0.00768	0.00536	0.00650	0.00683	0.00724	0.00511	0.00429	0.00831	0.00963	0.01303	0.06560	0.33154	0.02787	0.42063	0.01774	0.00376	0.00432	0.01094	0.00420	0.03942
9	0.01733	0.01321	0.01586	0.09516	0.14090	0.05400	0.01123	0.26561	0.14286	0.11828	0.01500	0.01571	0.01103	0.00752	0.03101	0.00194	0.00626	0.00522	0.02341	0.00847

[dist]
# distance from previous block
# <min> <max>
9	39

[block]
# block no. 10 follows, 43 sequences, length 34
# corresponding to MSA columns:
# 717-750
name=unknown_K
#
# <colnr> <probs for GDERKNQSTAVLIFYWHMCP>
#	G	D	E	R	K	N	Q	S	T	A	V	L	I	F	Y	W	H	M	C	P
0	0.01504	0.01227	0.01674	0.27853	0.15054	0.01359	0.01275	0.23446	0.09357	0.04876	0.01269	0.01471	0.00948	0.00593	0.00545	0.00169	0.00626	0.00500	0.00395	0.05858
1	0.25764	0.01174	0.01246	0.01071	0.01359	0.03259	0.03001	0.09245	0.21742	0.04055	0.01446	0.07017	0.01207	0.00744	0.00677	0.00185	0.11475	0.00545	0.00427	0.04360
2	0.01591	0.24633	0.01815	0.01021	0.01458	0.05522	0.00877	0.23568	0.01637	0.04130	0.05946	0.01331	0.01118	0.00567	0.00461	0.00129	0.00546	0.00421	0.00394	0.22835
3	0.01682	0.01408	0.01419	0.01198	0.01557	0.06177	0.00952	0.28985	0.45038	0.02682	0.01836	0.01736	0.01361	0.00709	0.00556	0.00177	0.00534	0.00564	0.00543	0.00886
4	0.01026	0.00843	0.01011	0.00779	0.01149	0.00666	0.00611	0.01277	0.01290	0.01945	0.26542	0.02156	0.02306	0.00654	0.00492	0.00113	0.00360	0.00555	0.00423	0.55804
5	0.02240	0.01336	0.01529	0.01172	0.01610	0.01398	0.00968	0.49560	0.02243	0.29674	0.01632	0.01526	0.01094	0.00672	0.00555	0.00168	0.00561	0.00519	0.00601	0.00942
6	0.01148	0.00984	0.01148	0.00820	0.01312	0.00738	0.00656	0.01395	0.01148	0.01805	0.00984	0.01148	0.00820	0.00410	0.00410	0.00082	0.00410	0.00328	0.00328	0.83922
7	0.00723	0.00599	0.00806	0.00783	0.00932	0.00534	0.05840	0.00883	0.01221	0.01562	0.11853	0.33390	0.35964	0.01433	0.00674	0.00200	0.00341	0.01268	0.00507	0.00487
8	0.01063	0.00993	0.01411	0.01254	0.01289	0.01341	0.01028	0.01211	0.00863	0.01316	0.00995	0.01553	0.00960	0.02096	0.28904	0.00472	0.51900	0.00523	0.00262	0.00566
9	0.01148	0.00984	0.01148	0.00820	0.01312	0.00738	0.00656	0.01395	0.01148	0.01805	0.00984	0.01148	0.00820	0.00410	0.00410	0.00082	0.00410	0.00328	0.00328	0.83922
10	0.00884	0.00612	0.00793	0.00718	0.00888	0.00551	0.00545	0.01142	0.01539	0.05484	0.68115	0.03825	0.04743	0.01061	0.00632	0.00167	0.00281	0.00934	0.00593	0.06492
11	0.02272	0.01648	0.01451	0.01191	0.01572	0.28401	0.00946	0.15013	0.01755	0.37791	0.01567	0.01476	0.01064	0.00641	0.00536	0.00160	0.00682	0.00476	0.00521	0.00836
12	0.01046	0.00984	0.01661	0.79205	0.03814	0.01230	0.01538	0.01415	0.01107	0.01415	0.00984	0.01477	0.00738	0.00554	0.00554	0.00185	0.00738	0.00492	0.00246	0.00615
13	0.01148	0.00984	0.01148	0.00820	0.01312	0.00738	0.00656	0.01395	0.01148	0.01805	0.00984	0.01148	0.00820	0.00410	0.00410	0.00082	0.00410	0.00328	0.00328	0.83922
14	0.02069	0.02640	0.01569	0.01427	0.01712	0.78313	0.01070	0.02212	0.01569	0.01355	0.00856	0.00999	0.00713	0.00571	0.00499	0.00143	0.00999	0.00357	0.00285	0.00642
15	0.00675	0.00482	0.00643	0.00771	0.00803	0.00450	0.00514	0.00771	0.01060	0.01414	0.03053	0.80175	0.03663	0.01735	0.00707	0.00225	0.00321	0.01574	0.00514	0.00450
16	0.02485	0.00943	0.01285	0.00985	0.01414	0.00814	0.00814	0.02699	0.01585	0.77465	0.02185	0.01885	0.01371	0.00685	0.00557	0.00171	0.00471	0.00557	0.00685	0.00943
17	0.02485	0.00943	0.01285	0.00985	0.01414	0.00814	0.00814	0.02699	0.01585	0.77465	0.02185	0.01885	0.01371	0.00685	0.00557	0.00171	0.00471	0.00557	0.00685	0.00943
18	0.01378	0.01190	0.01252	0.01127	0.01440	0.01378	0.00877	0.02943	0.76081	0.02317	0.02254	0.02066	0.01691	0.00751	0.00564	0.00188	0.00438	0.00626	0.00564	0.00877
19	0.00675	0.00482	0.00643	0.00771	0.00803	0.00450	0.00514	0.00771	0.01060	0.01414	0.03053	0.80175	0.03663	0.01735	0.00707	0.00225	0.00321	0.01574	0.00514	0.00450
20	0.01046	0.00984	0.01661	0.79205	0.03814	0.01230	0.01538	0.01415	0.01107	0.01415	0.00984	0.01477	0.00738	0.00554	0.00554	0.00185	0.00738	0.00492	0.00246	0.00615
21	0.01643	0.00930	0.01129	0.00959	0.01268	0.00936	0.00759	0.02348	0.27949	0.30965	0.21941	0.02545	0.02504	0.00827	0.00585	0.00178	0.00404	0.00699	0.00622	0.00808
22	0.01111	0.02865	0.77667	0.01579	0.02397	0.01286	0.02046	0.01754	0.01169	0.01754	0.00994	0.01169	0.00702	0.00526	0.00526	0.00175	0.00818	0.00409	0.00234	0.00818
23	0.00946	0.00635	0.00857	0.00799	0.00877	0.00676	0.00595	0.03021	0.01192	0.01700	0.35140	0.02745	0.02879	0.01355	0.01305	0.29810	0.09473	0.00718	0.04834	0.00444
24	0.01573	0.01071	0.01150	0.00939	0.01235	0.01155	0.00756	0.40521	0.01974	0.02840	0.10185	0.01913	0.01604	0.00712	0.00506	0.00154	0.00445	0.00563	0.29959	0.00743
25	0.01139	0.01079	0.01828	0.57586	0.24710	0.01255	0.01584	0.01496	0.01151	0.01527	0.01001	0.01446	0.00778	0.00537	0.00552	0.00179	0.00715	0.00493	0.00254	0.00690
26	0.01371	0.01316	0.02248	0.03399	0.77081	0.01316	0.01700	0.01700	0.01261	0.01809	0.01042	0.01371	0.00877	0.00493	0.00548	0.00164	0.00658	0.00493	0.00274	0.00877
27	0.01371	0.01316	0.02248	0.03399	0.77081	0.01316	0.01700	0.01700	0.01261	0.01809	0.01042	0.01371	0.00877	0.00493	0.00548	0.00164	0.00658	0.00493	0.00274	0.00877
28	0.00733	0.00527	0.00695	0.00732	0.00816	0.00489	0.00519	0.00917	0.01331	0.01844	0.42341	0.39661	0.04496	0.01414	0.00678	0.00198	0.00289	0.01269	0.00565	0.00489
29	0.01248	0.01191	0.02027	0.31995	0.49443	0.01284	0.01639	0.01592	0.01203	0.01661	0.01020	0.01411	0.00825	0.00516	0.00550	0.00172	0.00688	0.00493	0.00264	0.00778
30	0.01212	0.24291	0.57130	0.01405	0.02129	0.01535	0.01744	0.01728	0.01157	0.01630	0.00932	0.01092	0.00704	0.00512	0.00479	0.00160	0.00756	0.00378	0.00235	0.00789
31	0.00734	0.00524	0.00711	0.00839	0.00897	0.00501	0.00617	0.00873	0.01119	0.01480	0.03020	0.60088	0.03534	0.01679	0.00723	0.00233	0.00373	0.21078	0.00513	0.00466
32	0.01338	0.04029	0.22397	0.02579	0.40197	0.06024	0.11999	0.01754	0.01258	0.01748	0.01021	0.01299	0.00811	0.00503	0.00549	0.00168	0.00758	0.00480	0.00264	0.00825
33	0.01528	0.08140	0.01348	0.01156	0.01367	0.44658	0.00863	0.01657	0.01354	0.01372	0.01627	0.29015	0.01757	0.00975	0.00561	0.00170	0.00726	0.00783	0.00362	0.00580

[dist]
# distance from previous block
# <min> <max>
2	4

[block]
# block no. 11 follows, 43 sequences, length 92
# corresponding to MSA columns:
# 756-847
name=unknown_L
#
# <colnr> <probs for GDERKNQSTAVLIFYWHMCP>
#	G	D	E	R	K	N	Q	S	T	A	V	L	I	F	Y	W	H	M	C	P
0	0.01422	0.01100	0.01202	0.01068	0.01373	0.01233	0.00833	0.02720	0.61079	0.09552	0.10070	0.02266	0.02031	0.00785	0.00572	0.00185	0.00423	0.00659	0.00580	0.00846
1	0.01059	0.15521	0.09936	0.00971	0.01234	0.01093	0.00873	0.07055	0.01089	0.01489	0.01320	0.01950	0.01232	0.12766	0.39364	0.00566	0.01054	0.00539	0.00304	0.00585
2	0.01163	0.01131	0.01784	0.03896	0.21871	0.01340	0.07174	0.01385	0.01041	0.01506	0.01328	0.01726	0.06887	0.01207	0.10455	0.00289	0.34301	0.00568	0.00282	0.00666
3	0.01462	0.46805	0.02592	0.03816	0.26139	0.06063	0.02915	0.01699	0.01198	0.01484	0.00877	0.01080	0.00769	0.00487	0.00438	0.00138	0.00648	0.00377	0.00253	0.00759
4	0.01362	0.06622	0.01742	0.01890	0.30302	0.01219	0.01135	0.07651	0.10971	0.01974	0.01183	0.01349	0.00957	0.00511	0.00490	0.00136	0.00537	0.00441	0.00350	0.29178
5	0.01229	0.00971	0.01274	0.27633	0.02117	0.01100	0.01017	0.01993	0.29042	0.08493	0.08859	0.04064	0.08284	0.00792	0.00579	0.00185	0.00511	0.00677	0.00465	0.00716
6	0.01179	0.01012	0.01210	0.00867	0.01359	0.00781	0.02322	0.03509	0.01193	0.01852	0.00997	0.01161	0.00824	0.00419	0.00420	0.00087	0.00427	0.00340	0.00333	0.79707
7	0.01244	0.01282	0.02556	0.27981	0.06037	0.01299	0.42746	0.01658	0.01239	0.03484	0.01092	0.01479	0.00820	0.00500	0.00604	0.00180	0.00825	0.00578	0.00280	0.04117
8	0.00811	0.00539	0.00612	0.00610	0.00629	0.00539	0.00357	0.00841	0.00860	0.01173	0.03989	0.03564	0.04144	0.69726	0.05018	0.00508	0.00539	0.00800	0.04382	0.00358
9	0.01331	0.51020	0.02441	0.24047	0.02129	0.01869	0.01143	0.01561	0.01098	0.01338	0.00830	0.01087	0.00720	0.00537	0.00530	0.00148	0.06889	0.00369	0.00240	0.00674
10	0.00962	0.00481	0.00722	0.00722	0.00722	0.00481	0.00481	0.00722	0.00722	0.00962	0.00962	0.01684	0.00962	0.01924	0.02165	0.83886	0.00481	0.00481	0.00241	0.00241
11	0.32269	0.02194	0.48933	0.01261	0.01901	0.01270	0.01505	0.01707	0.01085	0.02027	0.00911	0.01068	0.00664	0.00522	0.00458	0.00174	0.00673	0.00368	0.00275	0.00737
