[name]
unknown

[dist]
# distance from previous block
# <min> <max>
0	36

[block]
# block no. 0 follows, 52 sequences, length 67
# corresponding to MSA columns:
# 203-269
name=unknown_A
#
# <colnr> <probs for GDERKNQSTAVLIFYWHMCP>
#	G	D	E	R	K	N	Q	S	T	A	V	L	I	F	Y	W	H	M	C	P
0	0.00779	0.00741	0.07231	0.00949	0.01119	0.00655	0.05982	0.01012	0.00972	0.01326	0.01853	0.06743	0.01911	0.04349	0.28963	0.00415	0.00786	0.33399	0.00344	0.00470
1	0.03105	0.00867	0.00924	0.00760	0.01049	0.07246	0.00598	0.03832	0.02682	0.08574	0.21684	0.03945	0.04861	0.00671	0.00464	0.00123	0.00376	0.03735	0.00403	0.34100
2	0.01447	0.03517	0.01053	0.00938	0.01136	0.48521	0.00705	0.01605	0.01219	0.01395	0.01062	0.01267	0.00875	0.02993	0.00460	0.00131	0.00626	0.00372	0.30161	0.00517
3	0.01316	0.00622	0.00783	0.00670	0.00844	0.00568	0.00482	0.01413	0.01048	0.34510	0.05186	0.02648	0.06891	0.39258	0.01424	0.00301	0.00420	0.00642	0.00443	0.00533
4	0.00668	0.00495	0.00623	0.00591	0.00713	0.00450	0.00443	0.00880	0.01330	0.01843	0.67871	0.03785	0.16454	0.01028	0.00572	0.00154	0.00231	0.00900	0.00520	0.00450
5	0.00802	0.00823	0.09087	0.00791	0.00904	0.04032	0.00642	0.00931	0.00797	0.01095	0.01301	0.03755	0.01354	0.37511	0.26955	0.00494	0.07460	0.00583	0.00268	0.00414
6	0.01001	0.00859	0.01014	0.00757	0.02523	0.00651	0.00588	0.01216	0.01005	0.01573	0.00893	0.02385	0.00761	0.00380	0.00365	0.00075	0.00361	0.00308	0.00289	0.82995
7	0.01036	0.13762	0.55545	0.01275	0.01866	0.03466	0.05465	0.01488	0.01040	0.01471	0.00978	0.01319	0.00785	0.00514	0.00455	0.00150	0.00666	0.05494	0.02557	0.00670
8	0.00981	0.04711	0.78332	0.01366	0.02074	0.01147	0.01764	0.01532	0.01022	0.01524	0.00864	0.01016	0.00614	0.00459	0.00456	0.00152	0.00711	0.00355	0.00205	0.00714
9	0.00622	0.00480	0.00582	0.00620	0.00726	0.00439	0.00460	0.00762	0.01071	0.01383	0.14831	0.27199	0.33689	0.01450	0.06012	0.00219	0.00343	0.08245	0.00449	0.00417
10	0.01170	0.40414	0.08931	0.00912	0.01257	0.02923	0.00867	0.08480	0.06657	0.01413	0.00986	0.01191	0.00848	0.01254	0.20435	0.00285	0.00729	0.00371	0.00267	0.00611
11	0.00794	0.00578	0.00733	0.00695	0.00844	0.00538	0.00513	0.00924	0.00934	0.04954	0.02094	0.26175	0.10376	0.10861	0.15029	0.00302	0.02439	0.03383	0.00367	0.17466
12	0.00698	0.00471	0.00549	0.00555	0.00563	0.00476	0.00325	0.00715	0.00722	0.00969	0.01571	0.07343	0.01798	0.72709	0.08200	0.00478	0.00521	0.00727	0.00299	0.00309
13	0.00669	0.00497	0.00625	0.00600	0.00723	0.00453	0.00455	0.00879	0.01313	0.01808	0.62911	0.03886	0.18104	0.01048	0.00576	0.00157	0.00241	0.04092	0.00515	0.00448
14	0.06392	0.01839	0.41608	0.01466	0.02033	0.01128	0.24052	0.05678	0.01132	0.06194	0.01017	0.03464	0.00763	0.00489	0.00491	0.00157	0.00685	0.00456	0.00267	0.00689
15	0.06341	0.01297	0.01373	0.01062	0.01433	0.01437	0.00875	0.70974	0.02148	0.02955	0.01155	0.01170	0.00826	0.00574	0.00469	0.00144	0.00512	0.00428	0.04036	0.00792
16	0.00584	0.00477	0.00517	0.00538	0.00669	0.00409	0.00392	0.00706	0.01085	0.01337	0.09468	0.21142	0.58448	0.01273	0.00582	0.00170	0.00252	0.01088	0.00456	0.00409
17	0.00930	0.00886	0.01507	0.75438	0.03221	0.01099	0.04203	0.01247	0.00966	0.01247	0.00856	0.01283	0.00649	0.00497	0.00534	0.00164	0.04078	0.00436	0.00216	0.00542
18	0.02310	0.01072	0.07540	0.05536	0.14059	0.00876	0.02291	0.08375	0.01148	0.03824	0.00961	0.01127	0.00760	0.00425	0.00410	0.00108	0.00457	0.00356	0.04548	0.43818
19	0.00701	0.00483	0.00596	0.00596	0.00619	0.00506	0.00378	0.00748	0.00725	0.00990	0.01465	0.02829	0.01613	0.61568	0.23665	0.00553	0.00693	0.00655	0.00284	0.00331
20	0.01113	0.03346	0.30420	0.02961	0.02191	0.01143	0.37939	0.01543	0.01088	0.04820	0.00957	0.01183	0.00704	0.00440	0.00524	0.00152	0.02101	0.00460	0.00247	0.06667
21	0.00660	0.00489	0.00616	0.00596	0.00711	0.00445	0.00442	0.00861	0.01295	0.01787	0.61763	0.09881	0.16520	0.01069	0.00575	0.00158	0.00235	0.00939	0.00514	0.00445
22	0.04920	0.01161	0.12743	0.21561	0.02951	0.06291	0.01010	0.03770	0.03517	0.22744	0.07412	0.01674	0.03826	0.03663	0.00555	0.00165	0.00533	0.00489	0.00375	0.00641
23	0.01221	0.61011	0.17376	0.01036	0.01515	0.01709	0.07526	0.01475	0.01005	0.01250	0.00737	0.00869	0.00630	0.00423	0.00361	0.00118	0.00581	0.00304	0.00210	0.00642
24	0.00609	0.00492	0.00541	0.00529	0.00677	0.00425	0.00397	0.00766	0.01191	0.01513	0.28988	0.04328	0.55543	0.01151	0.00572	0.00160	0.00240	0.00976	0.00477	0.00425
25	0.86392	0.00937	0.00712	0.00637	0.00937	0.01087	0.00525	0.01425	0.00825	0.02174	0.00675	0.00787	0.00525	0.00450	0.00300	0.00150	0.00375	0.00262	0.00300	0.00525
26	0.05297	0.01361	0.01361	0.01085	0.01441	0.07352	0.00881	0.57590	0.14137	0.02718	0.01238	0.01227	0.00899	0.00582	0.00475	0.00147	0.00529	0.00437	0.00461	0.00783
27	0.01298	0.07948	0.07131	0.01578	0.25680	0.02138	0.01054	0.17790	0.05493	0.04609	0.03476	0.01453	0.03222	0.00538	0.00460	0.00136	0.00506	0.02611	0.00340	0.12540
28	0.17803	0.01179	0.01665	0.03564	0.35359	0.04159	0.09518	0.13467	0.01259	0.06124	0.00959	0.01140	0.00741	0.00469	0.00455	0.00147	0.00560	0.00414	0.00309	0.00708
29	0.00842	0.00421	0.00631	0.00631	0.00631	0.00421	0.00421	0.00631	0.00631	0.00842	0.00842	0.01473	0.00842	0.01684	0.01894	0.85901	0.00421	0.00421	0.00210	0.00210
30	0.00611	0.00452	0.00537	0.00593	0.00654	0.00415	0.00395	0.00691	0.00939	0.01209	0.04483	0.43344	0.23952	0.18256	0.00987	0.00243	0.00309	0.01132	0.00419	0.00378
31	0.01067	0.26242	0.57556	0.01219	0.01847	0.01358	0.01508	0.01510	0.01012	0.01419	0.00812	0.00951	0.00616	0.00447	0.00416	0.00139	0.00658	0.00329	0.00205	0.00688
32	0.01078	0.00943	0.01622	0.01241	0.01548	0.00916	0.30088	0.09759	0.05753	0.05216	0.33555	0.02288	0.02389	0.00690	0.00554	0.00156	0.00502	0.00678	0.00419	0.00605
33	0.01139	0.01192	0.01473	0.01270	0.01296	0.09882	0.01047	0.01247	0.00809	0.01168	0.00648	0.01041	0.00635	0.00811	0.01469	0.00203	0.73508	0.00412	0.00216	0.00533
34	0.01020	0.02495	0.75897	0.01374	0.02063	0.05734	0.01741	0.01558	0.01043	0.01515	0.00863	0.01015	0.00614	0.00463	0.00459	0.00152	0.00725	0.00355	0.00207	0.00707
35	0.00857	0.00619	0.00864	0.04345	0.07258	0.00607	0.00728	0.01105	0.02901	0.05817	0.23722	0.04083	0.10403	0.01070	0.00597	0.00184	0.00382	0.33502	0.00454	0.00502
36	0.00596	0.00462	0.00543	0.00586	0.00685	0.00409	0.00415	0.00717	0.01067	0.01367	0.14435	0.37726	0.36622	0.01318	0.00592	0.00176	0.00258	0.01153	0.00462	0.00409
37	0.00663	0.00572	0.00821	0.00759	0.00916	0.00512	0.09858	0.00819	0.01071	0.01359	0.07961	0.28147	0.39115	0.01208	0.00591	0.00176	0.00333	0.04251	0.00430	0.00438
38	0.02551	0.01113	0.01885	0.12338	0.69525	0.01141	0.01455	0.01457	0.01083	0.01552	0.00902	0.01204	0.00749	0.00438	0.00477	0.00146	0.00581	0.00429	0.00238	0.00736
39	0.00598	0.00425	0.00560	0.00665	0.00691	0.00399	0.00439	0.00677	0.00913	0.01217	0.02594	0.77303	0.03108	0.07001	0.00743	0.00215	0.00294	0.01332	0.00439	0.00387
40	0.05062	0.01204	0.01106	0.00922	0.01201	0.12839	0.00734	0.36368	0.08163	0.02315	0.01265	0.01336	0.00952	0.00566	0.00431	0.00135	0.00480	0.00424	0.23833	0.00666
41	0.01144	0.01307	0.02859	0.02042	0.02533	0.01225	0.78186	0.01552	0.01144	0.01552	0.00980	0.01307	0.00735	0.00408	0.00572	0.00163	0.00817	0.00572	0.00245	0.00654
42	0.01144	0.01307	0.02859	0.02042	0.02533	0.01225	0.78186	0.01552	0.01144	0.01552	0.00980	0.01307	0.00735	0.00408	0.00572	0.00163	0.00817	0.00572	0.00245	0.00654
43	0.02156	0.00853	0.01142	0.00876	0.01251	0.00755	0.00723	0.06439	0.01435	0.76137	0.01872	0.01623	0.01179	0.00599	0.00487	0.00150	0.00419	0.00485	0.00594	0.00825
44	0.01071	0.00632	0.00759	0.00688	0.00856	0.00618	0.00513	0.06323	0.04536	0.17316	0.02388	0.09230	0.18223	0.17969	0.11525	0.00303	0.00490	0.00720	0.05325	0.00517
45	0.00594	0.00465	0.00539	0.00580	0.00682	0.00413	0.00412	0.00709	0.01042	0.01320	0.09808	0.34768	0.40711	0.02765	0.02720	0.00197	0.00289	0.01130	0.00449	0.00406
46	0.00972	0.02507	0.80458	0.01381	0.02097	0.01125	0.01790	0.01535	0.01023	0.01535	0.00870	0.01023	0.00614	0.00460	0.00460	0.00153	0.00716	0.00358	0.00205	0.00716
47	0.01830	0.00741	0.01007	0.00815	0.01120	0.00647	0.00654	0.02006	0.01322	0.62743	0.08518	0.13078	0.01760	0.00760	0.00513	0.00157	0.00379	0.00644	0.00573	0.00734
48	0.01740	0.01199	0.01249	0.01005	0.01342	0.07862	0.00812	0.36591	0.13615	0.21179	0.04173	0.01529	0.02995	0.00619	0.00486	0.00148	0.00489	0.00484	0.01719	0.00766
49	0.07931	0.01524	0.24722	0.01250	0.01701	0.01186	0.13465	0.07109	0.30792	0.03364	0.01331	0.01370	0.00981	0.00537	0.00480	0.00158	0.00561	0.00465	0.00355	0.00720
50	0.01278	0.01387	0.01650	0.01813	0.26233	0.21563	0.07022	0.01462	0.01045	0.01317	0.00838	0.01218	0.00758	0.06122	0.00926	0.00182	0.23914	0.00428	0.00238	0.00607
51	0.01002	0.01031	0.01988	0.51479	0.03032	0.01133	0.30560	0.01358	0.01035	0.01358	0.00907	0.01298	0.00680	0.00456	0.00518	0.00162	0.00711	0.00484	0.00227	0.00582
52	0.00972	0.02507	0.80458	0.01381	0.02097	0.01125	0.01790	0.01535	0.01023	0.01535	0.00870	0.01023	0.00614	0.00460	0.00460	0.00153	0.00716	0.00358	0.00205	0.00716
53	0.00972	0.02507	0.80458	0.01381	0.02097	0.01125	0.01790	0.01535	0.01023	0.01535	0.00870	0.01023	0.00614	0.00460	0.00460	0.00153	0.00716	0.00358	0.00205	0.00716
54	0.00799	0.02498	0.33951	0.00933	0.01302	0.00750	0.01016	0.01147	0.01162	0.01648	0.32394	0.07944	0.09493	0.00824	0.00527	0.00157	0.00445	0.02074	0.00377	0.00559
55	0.00679	0.00495	0.00639	0.00603	0.00720	0.00454	0.00452	0.00902	0.01356	0.01906	0.75315	0.03681	0.08971	0.01005	0.00572	0.00153	0.00230	0.00885	0.00529	0.00454
56	0.01199	0.01151	0.01967	0.02974	0.79946	0.01151	0.01487	0.01487	0.01103	0.01583	0.00912	0.01199	0.00768	0.00432	0.00480	0.00144	0.00576	0.00432	0.00240	0.00768
57	0.00991	0.07164	0.75964	0.01349	0.02048	0.01171	0.01735	0.01530	0.01021	0.01512	0.00858	0.01009	0.00614	0.00458	0.00452	0.00151	0.00705	0.00352	0.00205	0.00711
58	0.00791	0.00646	0.00993	0.20235	0.05526	0.00691	0.04933	0.00950	0.00900	0.01194	0.01623	0.17701	0.01749	0.27746	0.03996	0.00296	0.00527	0.08752	0.00314	0.00436
59	0.00598	0.00425	0.00560	0.00665	0.00691	0.00399	0.00439	0.00677	0.00913	0.01217	0.02594	0.77303	0.03108	0.07001	0.00743	0.00215	0.00294	0.01332	0.00439	0.00387
60	0.00598	0.00489	0.00530	0.00539	0.00683	0.00421	0.00405	0.00736	0.01125	0.01390	0.14110	0.10848	0.60483	0.01226	0.00581	0.00168	0.00255	0.04536	0.00460	0.00416
61	0.01263	0.00847	0.00968	0.00834	0.01072	0.00870	0.00652	0.27787	0.05862	0.11989	0.09938	0.20591	0.13400	0.00937	0.00538	0.00162	0.00380	0.00793	0.00492	0.00626
62	0.01083	0.01718	0.31582	0.27765	0.05300	0.11102	0.05830	0.01460	0.01038	0.01370	0.00843	0.01118	0.00640	0.00498	0.00556	0.00157	0.06704	0.00396	0.00218	0.00623
63	0.17209	0.63291	0.03664	0.00820	0.01213	0.04701	0.00795	0.01466	0.00970	0.01343	0.00681	0.00788	0.00604	0.00425	0.00316	0.00114	0.00509	0.00264	0.00226	0.00603
64	0.01184	0.01136	0.01939	0.07206	0.75834	0.01147	0.01480	0.01474	0.01096	0.01565	0.00909	0.01204	0.00761	0.00435	0.00480	0.00145	0.00579	0.00432	0.00239	0.00755
65	0.00590	0.00438	0.00552	0.00637	0.00694	0.00399	0.00434	0.00687	0.00978	0.01276	0.05869	0.64800	0.17989	0.01443	0.00608	0.00189	0.00272	0.01291	0.00453	0.00399
66	0.03601	0.01068	0.06639	0.15974	0.16022	0.00948	0.00998	0.06538	0.04854	0.03800	0.00968	0.01154	0.00758	0.00440	0.00427	0.00121	0.00490	0.00372	0.00292	0.34537

[dist]
# distance from previous block
# <min> <max>
0	16

[block]
# block no. 1 follows, 52 sequences, length 22
# corresponding to MSA columns:
# 286-307
name=unknown_B
#
# <colnr> <probs for GDERKNQSTAVLIFYWHMCP>
#	G	D	E	R	K	N	Q	S	T	A	V	L	I	F	Y	W	H	M	C	P
0	0.00721	0.03811	0.00774	0.00792	0.05829	0.00572	0.00535	0.00943	0.05503	0.01525	0.26621	0.30475	0.16267	0.02641	0.00602	0.00174	0.00296	0.00998	0.00452	0.00468
1	0.00590	0.00422	0.00562	0.00675	0.00703	0.00394	0.00450	0.00675	0.00928	0.01237	0.02671	0.82653	0.03205	0.01518	0.00619	0.00197	0.00281	0.01378	0.00450	0.00394
2	0.00605	0.00492	0.00536	0.00525	0.00674	0.00423	0.00394	0.00758	0.01181	0.01490	0.26281	0.04365	0.58264	0.01160	0.00572	0.00160	0.00241	0.00981	0.00474	0.00423
3	0.01119	0.01128	0.01521	0.04562	0.01415	0.05093	0.03554	0.03965	0.00848	0.01250	0.00680	0.01073	0.00646	0.00794	0.01420	0.00202	0.69533	0.00424	0.00225	0.00546
4	0.00972	0.02507	0.80458	0.01381	0.02097	0.01125	0.01790	0.01535	0.01023	0.01535	0.00870	0.01023	0.00614	0.00460	0.00460	0.00153	0.00716	0.00358	0.00205	0.00716
5	0.01490	0.00683	0.00897	0.00773	0.01016	0.00623	0.00608	0.01734	0.05733	0.42615	0.12600	0.17741	0.02109	0.00852	0.00520	0.00160	0.00349	0.02841	0.06003	0.00654
6	0.00706	0.00533	0.00759	0.00757	0.00820	0.00615	0.00567	0.00840	0.00777	0.01107	0.01415	0.08952	0.01438	0.16163	0.56969	0.00647	0.05624	0.00617	0.00279	0.00412
7	0.04468	0.00828	0.00834	0.00713	0.00932	0.02553	0.00565	0.26415	0.04512	0.02223	0.01408	0.01539	0.01075	0.00568	0.00393	0.00127	0.00352	0.00440	0.49463	0.00591
8	0.00709	0.00507	0.00618	0.00583	0.00723	0.00452	0.00440	0.00903	0.01291	0.04764	0.53900	0.03862	0.27362	0.01048	0.00569	0.00156	0.00241	0.00906	0.00511	0.00457
9	0.00936	0.00810	0.00840	0.03009	0.00975	0.09343	0.01990	0.06252	0.10705	0.01439	0.08086	0.28782	0.02193	0.21216	0.01022	0.00244	0.00437	0.00851	0.00394	0.00476
10	0.00634	0.00459	0.00599	0.00636	0.00710	0.00424	0.00449	0.00787	0.01142	0.01568	0.38492	0.42356	0.07418	0.01260	0.00595	0.00175	0.00255	0.01129	0.00489	0.00424
11	0.00842	0.00421	0.00631	0.00631	0.00631	0.00421	0.00421	0.00631	0.00631	0.00842	0.00842	0.01473	0.00842	0.01684	0.01894	0.85901	0.00421	0.00421	0.00210	0.00210
12	0.01039	0.00988	0.01678	0.47348	0.36823	0.01109	0.01408	0.01347	0.01028	0.01389	0.00883	0.01252	0.00699	0.00461	0.00482	0.00154	0.00615	0.00431	0.00226	0.00639
13	0.04554	0.01138	0.07471	0.01089	0.05208	0.01151	0.00872	0.07819	0.53418	0.01991	0.01862	0.01914	0.04364	0.00672	0.00493	0.00163	0.00428	0.04218	0.00445	0.00728
14	0.04074	0.01363	0.20051	0.31172	0.26188	0.01121	0.06360	0.01409	0.01028	0.01465	0.00879	0.01184	0.00677	0.00457	0.00476	0.00154	0.00642	0.00417	0.00225	0.00656
15	0.00672	0.00492	0.00631	0.00602	0.00717	0.00451	0.00449	0.00886	0.01331	0.01861	0.70206	0.06809	0.11018	0.01032	0.00574	0.00155	0.00232	0.00909	0.00523	0.00451
16	0.00590	0.00422	0.00562	0.00675	0.00703	0.00394	0.00450	0.00675	0.00928	0.01237	0.02671	0.82653	0.03205	0.01518	0.00619	0.00197	0.00281	0.01378	0.00450	0.00394
17	0.00984	0.00838	0.00982	0.00711	0.01121	0.00634	0.00567	0.01201	0.01028	0.01602	0.05913	0.01172	0.00965	0.00399	0.00373	0.00077	0.00351	0.00325	0.00303	0.80454
18	0.01056	0.01029	0.01631	0.22626	0.23643	0.01261	0.03287	0.01278	0.00913	0.01310	0.00794	0.01183	0.00690	0.00686	0.02668	0.00191	0.34499	0.00434	0.00223	0.00599
19	0.00588	0.00430	0.00554	0.00652	0.00697	0.00395	0.00440	0.00677	0.00949	0.01246	0.02943	0.73168	0.12514	0.01483	0.00613	0.00193	0.00277	0.01334	0.00450	0.00395
20	0.00683	0.00527	0.00731	0.00755	0.00843	0.00498	0.04936	0.04588	0.01027	0.01354	0.02747	0.65268	0.11439	0.01376	0.00604	0.00189	0.00321	0.01245	0.00440	0.00432
21	0.03402	0.11543	0.29798	0.01305	0.11928	0.02805	0.01192	0.01680	0.05001	0.17707	0.03546	0.01457	0.05459	0.00549	0.00457	0.00146	0.00549	0.00441	0.00332	0.00703

[dist]
# distance from previous block
# <min> <max>
1	3

[block]
# block no. 2 follows, 52 sequences, length 64
# corresponding to MSA columns:
# 311-374
name=unknown_C
#
# <colnr> <probs for GDERKNQSTAVLIFYWHMCP>
#	G	D	E	R	K	N	Q	S	T	A	V	L	I	F	Y	W	H	M	C	P
0	0.01593	0.16604	0.10945	0.01221	0.01567	0.53070	0.04221	0.02983	0.01268	0.01263	0.00766	0.00897	0.00630	0.00477	0.00424	0.00126	0.00785	0.00321	0.00240	0.00599
1	0.00965	0.00759	0.00893	0.00693	0.01037	0.00589	0.00541	0.01151	0.01029	0.05854	0.01642	0.11647	0.10772	0.00623	0.00425	0.00103	0.00338	0.00524	0.00345	0.60070
2	0.01287	0.23139	0.12523	0.01413	0.01883	0.05820	0.29941	0.11863	0.01246	0.01624	0.00892	0.01075	0.00695	0.00443	0.00460	0.00138	0.00671	0.00417	0.00264	0.04208
3	0.07205	0.00873	0.01116	0.00869	0.01235	0.00806	0.00715	0.06413	0.05933	0.66819	0.01800	0.01580	0.01155	0.00593	0.00476	0.00151	0.00415	0.00474	0.00569	0.00803
4	0.01334	0.01138	0.01166	0.01017	0.01309	0.04015	0.00799	0.15391	0.63371	0.02172	0.01793	0.01666	0.01339	0.00639	0.00490	0.00160	0.00426	0.00521	0.00483	0.00770
5	0.00697	0.00471	0.00526	0.00526	0.00536	0.00466	0.00298	0.00704	0.00728	0.00961	0.01724	0.03258	0.06312	0.78200	0.02356	0.00452	0.00457	0.00723	0.00303	0.00300
6	0.00634	0.00455	0.00582	0.00632	0.00690	0.00425	0.00434	0.00753	0.01038	0.01407	0.24283	0.45015	0.07636	0.11367	0.00831	0.00217	0.00291	0.02458	0.00454	0.00401
7	0.00581	0.00459	0.00524	0.00577	0.00677	0.00402	0.00406	0.00686	0.01022	0.01276	0.03867	0.40992	0.44094	0.01363	0.00594	0.00179	0.00262	0.01188	0.00450	0.00402
8	0.00692	0.00519	0.00779	0.00779	0.00865	0.00606	0.00606	0.00865	0.00779	0.01125	0.01298	0.01904	0.01211	0.03634	0.81049	0.00779	0.01298	0.00519	0.00260	0.00433
9	0.01548	0.01211	0.01289	0.01056	0.01391	0.01366	0.00850	0.43393	0.37694	0.02580	0.01537	0.01461	0.01126	0.00617	0.00489	0.00154	0.00464	0.00488	0.00489	0.00798
10	0.00680	0.00495	0.00639	0.00603	0.00720	0.00455	0.00452	0.00902	0.01357	0.01908	0.75557	0.03678	0.08728	0.01004	0.00572	0.00153	0.00230	0.00884	0.00529	0.00455
11	0.00605	0.00446	0.00559	0.00640	0.00698	0.00410	0.00441	0.00703	0.00969	0.01263	0.05105	0.57317	0.17780	0.06192	0.00719	0.00206	0.00292	0.04817	0.00443	0.00395
12	0.00694	0.00512	0.00741	0.00741	0.00814	0.00585	0.00558	0.00841	0.00768	0.01097	0.01333	0.02096	0.01295	0.15657	0.69140	0.00732	0.01173	0.00547	0.00265	0.00412
13	0.01035	0.01027	0.01394	0.01210	0.01228	0.03520	0.01000	0.01150	0.00764	0.01162	0.00722	0.01160	0.00707	0.01185	0.11444	0.00280	0.69843	0.00433	0.00219	0.00519
14	0.00972	0.02507	0.80458	0.01381	0.02097	0.01125	0.01790	0.01535	0.01023	0.01535	0.00870	0.01023	0.00614	0.00460	0.00460	0.00153	0.00716	0.00358	0.00205	0.00716
15	0.14398	0.00773	0.00941	0.00792	0.01070	0.00740	0.00638	0.06381	0.01290	0.40840	0.11922	0.10907	0.01818	0.00767	0.00494	0.00159	0.00377	0.04515	0.00515	0.00665
16	0.01790	0.01452	0.01190	0.01018	0.01307	0.34713	0.00792	0.03877	0.07852	0.31029	0.08813	0.01511	0.01292	0.00599	0.00474	0.00141	0.00591	0.00454	0.00434	0.00674
17	0.00821	0.00546	0.00678	0.00642	0.00786	0.00505	0.00481	0.01071	0.05561	0.09094	0.44283	0.14120	0.17456	0.01049	0.00566	0.00161	0.00265	0.00915	0.00511	0.00492
18	0.05485	0.00545	0.00635	0.00601	0.00759	0.00509	0.00462	0.01085	0.01184	0.10330	0.28688	0.08003	0.18869	0.00936	0.00512	0.00153	0.00272	0.04130	0.16358	0.00486
19	0.01923	0.01177	0.01336	0.01030	0.01409	0.01241	0.00849	0.51405	0.04905	0.27469	0.01431	0.01342	0.00968	0.00590	0.00486	0.00148	0.00489	0.00457	0.00522	0.00822
20	0.00602	0.00430	0.00574	0.00679	0.00714	0.00403	0.00462	0.00698	0.00957	0.01281	0.06625	0.75923	0.03261	0.01485	0.00618	0.00195	0.00284	0.03955	0.00454	0.00399
21	0.00590	0.00422	0.00562	0.00675	0.00703	0.00394	0.00450	0.00675	0.00928	0.01237	0.02671	0.82653	0.03205	0.01518	0.00619	0.00197	0.00281	0.01378	0.00450	0.00394
22	0.01101	0.34714	0.49381	0.01161	0.01757	0.01441	0.01407	0.01501	0.01008	0.01377	0.00792	0.00925	0.00617	0.00442	0.00401	0.00134	0.00637	0.00319	0.00206	0.00679
23	0.00982	0.00806	0.00907	0.00864	0.01058	0.00890	0.00666	0.01849	0.46197	0.01844	0.16458	0.13977	0.02420	0.00906	0.00542	0.00172	0.00346	0.07998	0.00490	0.00626
24	0.00930	0.00541	0.00645	0.00606	0.00760	0.00500	0.00458	0.02266	0.02371	0.12350	0.24392	0.13204	0.17446	0.00940	0.00510	0.00151	0.00270	0.00805	0.20358	0.00499
25	0.00594	0.00424	0.00567	0.00679	0.00709	0.00397	0.00457	0.00681	0.00932	0.01241	0.02669	0.81100	0.03197	0.01515	0.00620	0.00197	0.00284	0.02893	0.00450	0.00395
26	0.00694	0.00512	0.00743	0.00743	0.00816	0.00586	0.00560	0.00842	0.00768	0.01098	0.01331	0.02088	0.01291	0.15145	0.69647	0.00734	0.01178	0.00546	0.00265	0.00413
27	0.01060	0.01060	0.01484	0.01272	0.01272	0.01484	0.01060	0.01166	0.00742	0.01166	0.00636	0.01060	0.00636	0.00848	0.01590	0.00212	0.82082	0.00424	0.00212	0.00530
28	0.01057	0.01268	0.19861	0.24629	0.02098	0.00948	0.06762	0.04285	0.01099	0.06130	0.05432	0.02573	0.00963	0.00499	0.00463	0.00138	0.00561	0.00434	0.00286	0.20515
29	0.01650	0.01502	0.01331	0.01104	0.01430	0.21358	0.00876	0.37923	0.21126	0.02284	0.01251	0.01246	0.00934	0.00573	0.00471	0.00143	0.00576	0.00428	0.00422	0.03370
30	0.32854	0.01031	0.01024	0.00840	0.01159	0.01135	0.00686	0.27979	0.07493	0.11512	0.02886	0.01232	0.00921	0.00549	0.00409	0.00147	0.00420	0.00398	0.06650	0.00674
31	0.00891	0.00454	0.00463	0.00461	0.00574	0.00452	0.00346	0.01117	0.01037	0.01815	0.06138	0.01912	0.01436	0.00589	0.00352	0.00115	0.00226	0.00476	0.80693	0.00452
32	0.00975	0.02251	0.67807	0.01342	0.01987	0.01094	0.05026	0.01555	0.05364	0.01587	0.05714	0.01236	0.00907	0.00501	0.00474	0.00154	0.00673	0.00409	0.00242	0.00701
33	0.01937	0.00916	0.01148	0.00906	0.01259	0.00882	0.00740	0.12141	0.13424	0.55916	0.04211	0.01672	0.01298	0.00618	0.00490	0.00152	0.00418	0.00502	0.00567	0.00805
34	0.00598	0.00430	0.00567	0.00668	0.00707	0.00400	0.00452	0.00693	0.00960	0.01278	0.06483	0.74287	0.06438	0.01478	0.00615	0.00194	0.00280	0.02620	0.00454	0.00398
35	0.44017	0.02432	0.06430	0.01274	0.03136	0.01165	0.30128	0.03219	0.00998	0.01892	0.00818	0.01015	0.00623	0.00437	0.00421	0.00154	0.00573	0.00393	0.00275	0.00598
36	0.08680	0.31900	0.22472	0.01041	0.01514	0.03020	0.01081	0.21772	0.01330	0.01838	0.00856	0.00946	0.00665	0.00475	0.00397	0.00132	0.00568	0.00333	0.00289	0.00690
37	0.01489	0.03070	0.07987	0.01023	0.01362	0.09525	0.00877	0.31250	0.14289	0.08935	0.05577	0.04409	0.05563	0.00704	0.01588	0.00158	0.00520	0.00524	0.00438	0.00712
38	0.01567	0.00735	0.00962	0.00782	0.01056	0.00671	0.00628	0.07441	0.01447	0.43856	0.32323	0.02385	0.02493	0.00752	0.00520	0.00151	0.00349	0.00636	0.00565	0.00681
39	0.00632	0.00483	0.00586	0.00649	0.00732	0.00453	0.00457	0.00813	0.05561	0.01349	0.07846	0.52154	0.21967	0.01360	0.00598	0.00185	0.00279	0.03014	0.00457	0.00424
40	0.01296	0.83261	0.02539	0.00829	0.01244	0.01917	0.00829	0.01451	0.00985	0.01140	0.00674	0.00777	0.00622	0.00415	0.00311	0.00104	0.00518	0.00259	0.00207	0.00622
41	0.00602	0.00430	0.00576	0.00688	0.00721	0.00404	0.00470	0.00695	0.00939	0.01250	0.02665	0.77974	0.03180	0.01507	0.00622	0.00198	0.00291	0.05943	0.00450	0.00397
42	0.00596	0.00492	0.00523	0.00515	0.00669	0.00419	0.00387	0.00741	0.01160	0.01440	0.20301	0.04449	0.64277	0.01179	0.00572	0.00161	0.00242	0.00993	0.00467	0.00419
43	0.01296	0.83261	0.02539	0.00829	0.01244	0.01917	0.00829	0.01451	0.00985	0.01140	0.00674	0.00777	0.00622	0.00415	0.00311	0.00104	0.00518	0.00259	0.00207	0.00622
44	0.00692	0.00519	0.00779	0.00779	0.00865	0.00606	0.00606	0.00865	0.00779	0.01125	0.01298	0.01904	0.01211	0.03634	0.81049	0.00779	0.01298	0.00519	0.00260	0.00433
45	0.00969	0.00493	0.00504	0.00485	0.00615	0.00495	0.00369	0.03832	0.01070	0.03888	0.01575	0.01780	0.01227	0.00566	0.00348	0.00115	0.00241	0.00452	0.80504	0.00474
46	0.03530	0.00798	0.01075	0.00836	0.01186	0.00696	0.00686	0.02217	0.01376	0.71979	0.08764	0.01808	0.01486	0.00632	0.00491	0.00150	0.00395	0.00518	0.00589	0.00787
47	0.13164	0.01249	0.06925	0.01603	0.02006	0.01173	0.47527	0.05388	0.01106	0.01666	0.01037	0.07055	0.00874	0.00538	0.00598	0.00166	0.06475	0.00556	0.00275	0.00620
48	0.15791	0.00886	0.01099	0.04756	0.01310	0.00852	0.00729	0.08077	0.01345	0.57733	0.01601	0.01454	0.01034	0.00568	0.00456	0.00150	0.00427	0.00444	0.00523	0.00762
49	0.00662	0.00491	0.00593	0.00581	0.00707	0.00438	0.00430	0.00838	0.01234	0.02945	0.44726	0.12443	0.29899	0.01121	0.00576	0.00161	0.00243	0.00974	0.00497	0.00440
50	0.33037	0.00936	0.00961	0.00795	0.01109	0.00992	0.00648	0.14700	0.07619	0.22833	0.05813	0.01553	0.05857	0.00606	0.00428	0.00151	0.00396	0.00454	0.00448	0.00663
51	0.00982	0.01008	0.02013	0.21698	0.02337	0.01020	0.41894	0.01308	0.01047	0.01417	0.01201	0.11476	0.01067	0.00767	0.05426	0.00203	0.00716	0.00629	0.03219	0.00572
52	0.00627	0.00450	0.00595	0.00650	0.00711	0.00418	0.00453	0.00766	0.01096	0.01505	0.31938	0.52621	0.03725	0.01318	0.00601	0.00180	0.00261	0.01187	0.00482	0.00418
53	0.00593	0.00494	0.00520	0.00519	0.00675	0.00420	0.00393	0.00732	0.01137	0.01389	0.13687	0.04568	0.68183	0.01203	0.00576	0.00164	0.00250	0.03621	0.00460	0.00416
54	0.84546	0.00935	0.00721	0.00642	0.00944	0.01079	0.00529	0.01445	0.00837	0.03887	0.00702	0.00806	0.00540	0.00453	0.00304	0.00150	0.00376	0.00267	0.00306	0.00531
55	0.00608	0.00436	0.00589	0.00694	0.00730	0.00418	0.00478	0.00706	0.00927	0.01240	0.02565	0.72791	0.03038	0.01663	0.06493	0.00241	0.00364	0.05185	0.00436	0.00399
56	0.00849	0.00560	0.00701	0.00687	0.00811	0.00544	0.00506	0.01139	0.09473	0.08290	0.32304	0.25077	0.04954	0.06043	0.00681	0.00187	0.00298	0.03550	0.02855	0.00492
57	0.03246	0.01231	0.01474	0.01143	0.01492	0.07037	0.08221	0.35049	0.01686	0.25657	0.01287	0.01286	0.00892	0.00584	0.00579	0.00153	0.07318	0.00451	0.00453	0.00759
58	0.01266	0.06167	0.01132	0.00994	0.01198	0.25689	0.02290	0.04611	0.01238	0.06340	0.01712	0.07337	0.01708	0.00897	0.00535	0.00169	0.00572	0.30856	0.04757	0.00533
59	0.71074	0.01045	0.04971	0.00975	0.11132	0.01097	0.00713	0.01438	0.00871	0.02066	0.00715	0.00852	0.00561	0.00448	0.00331	0.00149	0.00418	0.00289	0.00287	0.00566
60	0.00800	0.00677	0.00993	0.05066	0.01091	0.00857	0.00756	0.00960	0.00777	0.01137	0.01107	0.01680	0.01044	0.04535	0.54309	0.00592	0.22417	0.00494	0.00246	0.00460
61	0.01339	0.01525	0.01337	0.01183	0.01298	0.34908	0.00931	0.01470	0.02061	0.01213	0.04813	0.01240	0.00907	0.05246	0.01086	0.00186	0.38057	0.00417	0.00253	0.00530
62	0.01138	0.28450	0.41911	0.01278	0.01846	0.05254	0.10833	0.01529	0.01042	0.01392	0.00814	0.00971	0.00632	0.00441	0.00425	0.00137	0.00672	0.00350	0.00213	0.00671
63	0.05749	0.06091	0.01326	0.23852	0.01874	0.40547	0.00960	0.01566	0.01183	0.01305	0.03471	0.01267	0.04058	0.00536	0.00442	0.00137	0.00689	0.00393	0.04010	0.00542

[dist]
# distance from previous block
# <min> <max>
3	11

[block]
# block no. 3 follows, 52 sequences, length 67
# corresponding to MSA columns:
# 386-452
name=unknown_D
#
# <colnr> <probs for GDERKNQSTAVLIFYWHMCP>
#	G	D	E	R	K	N	Q	S	T	A	V	L	I	F	Y	W	H	M	C	P
0	0.01012	0.05645	0.66174	0.01270	0.01896	0.01074	0.01578	0.01497	0.01031	0.05426	0.01072	0.08232	0.00872	0.00559	0.00469	0.00155	0.00654	0.00450	0.00246	0.00689
1	0.01844	0.01200	0.05348	0.01127	0.04310	0.01153	0.03711	0.39452	0.01775	0.30461	0.01392	0.01332	0.00940	0.00564	0.00484	0.00146	0.00506	0.00451	0.00488	0.03316
2	0.04767	0.00792	0.00883	0.00782	0.01013	0.00827	0.00609	0.04917	0.30071	0.08174	0.26722	0.02590	0.11179	0.00799	0.00513	0.00155	0.00326	0.00674	0.00493	0.03715
3	0.01107	0.00854	0.03222	0.01150	0.12635	0.00832	0.00775	0.20737	0.01366	0.06278	0.08726	0.36120	0.02176	0.00992	0.00548	0.00168	0.00403	0.00876	0.00437	0.00597
4	0.01219	0.19053	0.30167	0.01112	0.01590	0.01365	0.01170	0.11389	0.24702	0.01789	0.01197	0.01225	0.00903	0.00525	0.00442	0.00145	0.00551	0.00404	0.00327	0.00725
5	0.00972	0.02507	0.80458	0.01381	0.02097	0.01125	0.01790	0.01535	0.01023	0.01535	0.00870	0.01023	0.00614	0.00460	0.00460	0.00153	0.00716	0.00358	0.00205	0.00716
6	0.00610	0.00455	0.00557	0.00608	0.00683	0.00413	0.00420	0.00722	0.01033	0.01355	0.16191	0.44476	0.22549	0.06718	0.00721	0.00199	0.00276	0.01159	0.00454	0.00402
7	0.00932	0.05213	0.47490	0.01167	0.04452	0.00973	0.01300	0.01413	0.05145	0.01645	0.18636	0.01736	0.02900	0.00604	0.00478	0.00150	0.00547	0.00498	0.04082	0.00642
8	0.00924	0.00871	0.01446	0.71377	0.07120	0.01074	0.01306	0.01228	0.00971	0.01256	0.01001	0.01400	0.03521	0.00524	0.00534	0.00163	0.04063	0.00452	0.00225	0.00545
9	0.00997	0.01009	0.02036	0.01585	0.01924	0.00959	0.47701	0.01329	0.01129	0.01508	0.01607	0.04598	0.01553	0.00779	0.00609	0.00186	0.00667	0.28929	0.00324	0.00571
10	0.16793	0.01219	0.03972	0.02311	0.50203	0.04618	0.10961	0.01505	0.01067	0.01669	0.00869	0.01119	0.00709	0.00436	0.00456	0.00147	0.00586	0.00411	0.00251	0.00698
11	0.05444	0.01031	0.04851	0.53959	0.09891	0.03998	0.01251	0.03607	0.03866	0.01425	0.00915	0.01253	0.00701	0.00499	0.00501	0.00157	0.03010	0.00419	0.02640	0.00581
12	0.24969	0.45325	0.07080	0.00891	0.01285	0.05992	0.04173	0.01503	0.02541	0.01492	0.00731	0.00845	0.00617	0.00437	0.00340	0.00125	0.00521	0.00289	0.00243	0.00602
13	0.00660	0.00482	0.00612	0.00689	0.00763	0.00456	0.00515	0.00782	0.00986	0.01275	0.02883	0.34988	0.16390	0.12169	0.00870	0.00235	0.00350	0.24069	0.00428	0.00399
14	0.00937	0.22727	0.07999	0.00800	0.01096	0.00968	0.04558	0.01188	0.05107	0.04769	0.03757	0.08997	0.31993	0.00871	0.00491	0.00150	0.00408	0.02281	0.00364	0.00541
15	0.00700	0.00490	0.00632	0.00632	0.00668	0.00526	0.00423	0.00771	0.00735	0.01016	0.01432	0.02647	0.01534	0.50143	0.34981	0.00598	0.00813	0.00628	0.00280	0.00351
16	0.01125	0.01164	0.05058	0.25169	0.47943	0.05243	0.01406	0.01424	0.01076	0.01458	0.00947	0.01356	0.00792	0.00484	0.00485	0.00151	0.00612	0.03188	0.00239	0.00678
17	0.00574	0.00487	0.00495	0.00500	0.00657	0.00408	0.00372	0.00694	0.01095	0.01305	0.04793	0.08702	0.75786	0.01242	0.00575	0.00165	0.00247	0.01041	0.00450	0.00408
18	0.86392	0.00937	0.00712	0.00637	0.00937	0.01087	0.00525	0.01425	0.00825	0.02174	0.00675	0.00787	0.00525	0.00450	0.00300	0.00150	0.00375	0.00262	0.00300	0.00525
19	0.00658	0.00483	0.00631	0.00721	0.00802	0.00456	0.00554	0.00802	0.01037	0.01348	0.05713	0.40685	0.14902	0.01392	0.00628	0.00199	0.00332	0.27789	0.00452	0.00417
20	0.01064	0.01013	0.01723	0.40499	0.43479	0.01116	0.01420	0.01369	0.01039	0.01419	0.00888	0.01243	0.00710	0.00457	0.00482	0.00152	0.00609	0.00431	0.00228	0.00658
21	0.01056	0.00599	0.00614	0.00559	0.00717	0.00622	0.00433	0.13646	0.01221	0.02009	0.01513	0.01702	0.01174	0.00567	0.00362	0.00118	0.00276	0.00449	0.71850	0.00512
22	0.00637	0.00475	0.00551	0.00582	0.00696	0.00417	0.00418	0.00757	0.01071	0.03666	0.10984	0.33956	0.41458	0.01297	0.00587	0.00175	0.00262	0.01127	0.00462	0.00420
23	0.11814	0.01153	0.01209	0.00973	0.01306	0.01274	0.00792	0.46503	0.14843	0.04828	0.05921	0.01528	0.04452	0.00630	0.00473	0.00150	0.00456	0.00485	0.00468	0.00740
24	0.00590	0.00488	0.00517	0.00518	0.00667	0.00415	0.00385	0.00725	0.01132	0.01395	0.15363	0.08988	0.64722	0.01210	0.00575	0.00164	0.00245	0.01022	0.00462	0.00415
25	0.00736	0.00515	0.00657	0.00700	0.00781	0.00498	0.00493	0.04591	0.03932	0.03705	0.16926	0.58746	0.03226	0.01317	0.00595	0.00184	0.00291	0.01183	0.00473	0.00452
26	0.05413	0.01509	0.01314	0.01075	0.01396	0.22535	0.00860	0.47443	0.01851	0.02387	0.01065	0.01133	0.00796	0.00623	0.02316	0.00153	0.00613	0.00399	0.06414	0.00706
27	0.00757	0.00572	0.00816	0.00793	0.00883	0.00667	0.00613	0.04229	0.00837	0.01197	0.01285	0.01934	0.01214	0.09205	0.68909	0.00708	0.04144	0.00526	0.00270	0.00443
28	0.00597	0.00430	0.00568	0.00676	0.00713	0.00401	0.00459	0.00689	0.00943	0.01249	0.02762	0.76281	0.06455	0.01499	0.00619	0.00196	0.00286	0.04332	0.00450	0.00396
29	0.01394	0.00683	0.00881	0.00762	0.01002	0.00631	0.00619	0.04951	0.02395	0.34663	0.19784	0.02821	0.06692	0.00829	0.00524	0.00158	0.00353	0.11691	0.08539	0.00626
30	0.01318	0.55021	0.14857	0.00978	0.01413	0.11484	0.00993	0.04852	0.01103	0.01309	0.02367	0.00904	0.00711	0.00452	0.00363	0.00117	0.00589	0.00302	0.00231	0.00635
31	0.20837	0.01735	0.05854	0.01372	0.13053	0.39456	0.00981	0.03446	0.01169	0.01531	0.00766	0.00930	0.00628	0.00500	0.00489	0.00141	0.05923	0.00331	0.00260	0.00597
32	0.00759	0.00507	0.00666	0.00679	0.00776	0.00480	0.00499	0.00915	0.01143	0.07069	0.31552	0.35764	0.08807	0.01208	0.00619	0.00176	0.02596	0.04845	0.00485	0.00455
33	0.04160	0.29628	0.08727	0.01043	0.01436	0.11094	0.02188	0.23695	0.03521	0.06458	0.00953	0.01018	0.00736	0.00508	0.00445	0.00132	0.02886	0.00356	0.00326	0.00692
34	0.01150	0.00880	0.01066	0.05590	0.02809	0.08138	0.05670	0.11820	0.01280	0.11450	0.10359	0.33622	0.02184	0.00971	0.00548	0.00167	0.00442	0.00859	0.00433	0.00562
35	0.00615	0.00441	0.00546	0.00620	0.00657	0.00413	0.00404	0.00684	0.00896	0.01176	0.02660	0.55164	0.11623	0.20513	0.01045	0.00257	0.00321	0.01180	0.00413	0.00372
36	0.01234	0.01003	0.01216	0.00939	0.01250	0.01021	0.00768	0.15727	0.01197	0.05691	0.00914	0.01081	0.00741	0.00536	0.00699	0.00125	0.20956	0.00360	0.00321	0.44221
37	0.00611	0.00442	0.00569	0.00645	0.00696	0.00410	0.00440	0.00715	0.00991	0.01322	0.12829	0.59811	0.09955	0.06091	0.00715	0.00204	0.00285	0.02420	0.00452	0.00398
38	0.10012	0.01333	0.01381	0.01071	0.01448	0.02820	0.00883	0.69595	0.02123	0.02937	0.01109	0.01122	0.00792	0.00568	0.00466	0.00146	0.00524	0.00417	0.00463	0.00791
39	0.01923	0.00770	0.01041	0.00817	0.01150	0.00668	0.00667	0.02114	0.01377	0.67222	0.12673	0.02008	0.03960	0.00672	0.00501	0.00151	0.00382	0.00556	0.00586	0.00762
40	0.11045	0.00923	0.01111	0.00915	0.03003	0.00906	0.00727	0.12770	0.09066	0.47627	0.01807	0.01645	0.05024	0.00614	0.00471	0.00151	0.00418	0.00487	0.00525	0.00764
41	0.05216	0.01024	0.01328	0.49988	0.02530	0.06389	0.01124	0.04957	0.19488	0.01545	0.01120	0.01356	0.00843	0.00529	0.00474	0.00159	0.00581	0.00443	0.00299	0.00606
42	0.00915	0.00861	0.01453	0.81804	0.03338	0.01077	0.01346	0.01238	0.00969	0.01238	0.00861	0.01292	0.00646	0.00484	0.00484	0.00161	0.00646	0.00431	0.00215	0.00538
43	0.00695	0.00503	0.00668	0.00746	0.00823	0.00491	0.00570	0.00893	0.03895	0.01436	0.14233	0.39347	0.03167	0.03656	0.00676	0.00206	0.00338	0.26766	0.00458	0.00432
44	0.00740	0.00573	0.00687	0.00680	0.00808	0.00567	0.00503	0.01118	0.14720	0.01697	0.36556	0.22138	0.13800	0.01095	0.00571	0.00168	0.00274	0.02321	0.00494	0.00489
45	0.00873	0.00784	0.01308	0.24154	0.10358	0.00820	0.10941	0.01164	0.02325	0.01600	0.32639	0.02365	0.03729	0.04131	0.00615	0.00169	0.00475	0.00652	0.00361	0.00537
46	0.01064	0.00943	0.03149	0.00898	0.01145	0.01013	0.00714	0.02119	0.57329	0.01969	0.18715	0.02283	0.05079	0.00745	0.00512	0.00161	0.00354	0.00631	0.00492	0.00686
47	0.01060	0.01060	0.01484	0.01272	0.01272	0.01484	0.01060	0.01166	0.00742	0.01166	0.00636	0.01060	0.00636	0.00848	0.01590	0.00212	0.82082	0.00424	0.00212	0.00530
48	0.01296	0.83261	0.02539	0.00829	0.01244	0.01917	0.00829	0.01451	0.00985	0.01140	0.00674	0.00777	0.00622	0.00415	0.00311	0.00104	0.00518	0.00259	0.00207	0.00622
49	0.00641	0.00482	0.00546	0.00542	0.00639	0.00438	0.00375	0.00754	0.01052	0.01366	0.23410	0.08004	0.33917	0.24435	0.01114	0.00250	0.00307	0.00912	0.00427	0.00388
50	0.00987	0.00846	0.00983	0.00708	0.01128	0.00636	0.00566	0.01198	0.01009	0.01568	0.01031	0.01158	0.04029	0.00395	0.00368	0.00076	0.00354	0.00318	0.00294	0.82348
51	0.00877	0.00439	0.00528	0.00528	0.00593	0.00439	0.00374	0.00917	0.00852	0.01396	0.01266	0.01665	0.01072	0.01041	0.01001	0.36655	0.00309	0.00439	0.49262	0.00349
52	0.00600	0.00429	0.00573	0.00686	0.00718	0.00402	0.00466	0.00691	0.00937	0.01248	0.02666	0.78789	0.03184	0.01509	0.00621	0.00198	0.00289	0.05147	0.00450	0.00396
53	0.00671	0.00508	0.00635	0.00699	0.00815	0.00472	0.00562	0.00836	0.01095	0.01395	0.08129	0.18274	0.29500	0.01310	0.00621	0.00194	0.00335	0.33069	0.00454	0.00425
54	0.01793	0.00865	0.01091	0.00864	0.01187	0.00824	0.00703	0.15787	0.04364	0.48437	0.16753	0.01947	0.01791	0.00674	0.00503	0.00150	0.00398	0.00555	0.00562	0.00752
55	0.01110	0.36905	0.47268	0.01146	0.01734	0.01463	0.01381	0.01499	0.01007	0.01367	0.00786	0.00918	0.00617	0.00441	0.00397	0.00132	0.00632	0.00316	0.00206	0.00676
56	0.00631	0.00477	0.00584	0.00600	0.00706	0.00430	0.00438	0.00792	0.01174	0.01565	0.36191	0.24141	0.26025	0.01204	0.00587	0.00169	0.00253	0.03121	0.00485	0.00427
57	0.00590	0.00422	0.00562	0.00675	0.00703	0.00394	0.00450	0.00675	0.00928	0.01237	0.02671	0.82653	0.03205	0.01518	0.00619	0.00197	0.00281	0.01378	0.00450	0.00394
58	0.01249	0.01031	0.01285	0.01081	0.01219	0.07115	0.05223	0.07960	0.01065	0.08916	0.01074	0.03424	0.00900	0.00711	0.00969	0.00171	0.38024	0.00462	0.17548	0.00573
59	0.01116	0.00657	0.00770	0.00689	0.00835	0.00653	0.00490	0.08678	0.06299	0.16164	0.05235	0.09614	0.05060	0.35811	0.01342	0.00290	0.00411	0.00695	0.04687	0.00504
60	0.01041	0.00983	0.01663	0.45330	0.37286	0.01098	0.01390	0.01347	0.01030	0.01402	0.00897	0.01260	0.00711	0.00463	0.00480	0.00153	0.00607	0.00432	0.01790	0.00638
61	0.01005	0.00861	0.01005	0.00718	0.01148	0.00646	0.00574	0.01220	0.01005	0.01579	0.00861	0.01005	0.00718	0.00359	0.00359	0.00072	0.00359	0.00287	0.00287	0.85932
62	0.00842	0.00421	0.00631	0.00631	0.00631	0.00421	0.00421	0.00631	0.00631	0.00842	0.00842	0.01473	0.00842	0.01684	0.01894	0.85901	0.00421	0.00421	0.00210	0.00210
63	0.00829	0.00800	0.01524	0.01245	0.01476	0.00749	0.32760	0.01057	0.01036	0.01383	0.02075	0.40956	0.05989	0.01033	0.00599	0.00183	0.00511	0.04924	0.00365	0.00505
64	0.00931	0.00888	0.01531	0.76514	0.04691	0.01085	0.05064	0.01258	0.00980	0.01260	0.00868	0.01291	0.00653	0.00480	0.00489	0.00161	0.00653	0.00438	0.00217	0.00548
65	0.01056	0.01015	0.01564	0.47944	0.27665	0.05541	0.01318	0.01352	0.01037	0.01374	0.00907	0.01265	0.00714	0.00472	0.00473	0.00151	0.00615	0.00425	0.04502	0.00609
66	0.01288	0.01231	0.01102	0.04480	0.01315	0.17928	0.00774	0.09393	0.37820	0.01839	0.05849	0.01867	0.08107	0.00672	0.00485	0.00151	0.00486	0.00536	0.04019	0.00659

[dist]
# distance from previous block
# <min> <max>
2	4

[block]
# block no. 4 follows, 52 sequences, length 12
# corresponding to MSA columns:
# 457-468
name=unknown_E
#
# <colnr> <probs for GDERKNQSTAVLIFYWHMCP>
#	G	D	E	R	K	N	Q	S	T	A	V	L	I	F	Y	W	H	M	C	P
0	0.00669	0.00481	0.00560	0.00592	0.00641	0.00464	0.00386	0.00762	0.03009	0.01139	0.02482	0.24797	0.15653	0.40603	0.01498	0.00323	0.00377	0.04825	0.00376	0.00361
1	0.01019	0.02178	0.59198	0.01562	0.02217	0.01153	0.22721	0.01540	0.01056	0.01540	0.00900	0.01101	0.00647	0.00446	0.00491	0.00156	0.00744	0.00417	0.00216	0.00699
2	0.01208	0.01194	0.01878	0.10884	0.67295	0.06093	0.01439	0.01490	0.01106	0.01523	0.00896	0.01189	0.00746	0.00441	0.00478	0.00145	0.00601	0.00424	0.00238	0.00732
3	0.00699	0.00492	0.00638	0.00638	0.00677	0.00530	0.00431	0.00775	0.00737	0.01021	0.01426	0.02614	0.01520	0.48115	0.36990	0.00606	0.00834	0.00623	0.00279	0.00355
4	0.00696	0.00608	0.00830	0.27665	0.01560	0.00634	0.00708	0.00889	0.01060	0.01321	0.08316	0.11014	0.40932	0.00992	0.00548	0.00165	0.00382	0.00850	0.00377	0.00454
5	0.01384	0.39366	0.14674	0.01179	0.04305	0.25025	0.05015	0.01613	0.01118	0.01254	0.00751	0.00887	0.00632	0.00447	0.00391	0.00122	0.00672	0.00313	0.00222	0.00626
6	0.16196	0.23168	0.35304	0.01036	0.01554	0.01270	0.01171	0.01606	0.01028	0.12216	0.00925	0.01002	0.00680	0.00465	0.00397	0.00139	0.00563	0.00333	0.00276	0.00673
7	0.01257	0.01112	0.01709	0.04384	0.43983	0.01167	0.05973	0.14337	0.06935	0.01836	0.01079	0.01302	0.00863	0.00589	0.02859	0.00166	0.03405	0.00453	0.05866	0.00725
8	0.00842	0.00421	0.00631	0.00631	0.00631	0.00421	0.00421	0.00631	0.00631	0.00842	0.00842	0.01473	0.00842	0.01684	0.01894	0.85901	0.00421	0.00421	0.00210	0.00210
9	0.00988	0.00832	0.01016	0.00952	0.03315	0.00892	0.05107	0.03230	0.37543	0.01762	0.09246	0.06286	0.11966	0.04501	0.00622	0.00182	0.00387	0.08201	0.02360	0.00612
10	0.01259	0.01139	0.01191	0.00952	0.01288	0.15065	0.06294	0.06034	0.07736	0.07389	0.05190	0.06526	0.02815	0.00567	0.00448	0.00120	0.00486	0.00472	0.00355	0.34675
11	0.01106	0.00588	0.00782	0.00681	0.00869	0.00529	0.00529	0.01323	0.01376	0.24071	0.57721	0.03063	0.03620	0.00880	0.00548	0.00152	0.00281	0.00766	0.00552	0.00561

[dist]
# distance from previous block
# <min> <max>
0	2

[block]
# block no. 5 follows, 52 sequences, length 74
# corresponding to MSA columns:
# 471-544
name=unknown_F
#
# <colnr> <probs for GDERKNQSTAVLIFYWHMCP>
#	G	D	E	R	K	N	Q	S	T	A	V	L	I	F	Y	W	H	M	C	P
0	0.01194	0.43935	0.29567	0.01011	0.01513	0.01476	0.01134	0.01524	0.03114	0.05829	0.01062	0.01137	0.04671	0.00489	0.00391	0.00128	0.00564	0.00353	0.00249	0.00660
1	0.03099	0.44328	0.17961	0.00966	0.01423	0.05574	0.01000	0.01678	0.01091	0.17342	0.00969	0.01010	0.00736	0.00467	0.00383	0.00125	0.00552	0.00328	0.00291	0.00677
2	0.00971	0.00571	0.00708	0.00643	0.00823	0.00509	0.00494	0.02354	0.01275	0.17803	0.33637	0.09110	0.26107	0.01017	0.00558	0.00159	0.00283	0.01944	0.00514	0.00519
3	0.03618	0.00785	0.00906	0.00826	0.01033	0.02619	0.00629	0.09143	0.16152	0.19044	0.08371	0.30724	0.02175	0.00963	0.00536	0.00169	0.00367	0.00834	0.00493	0.00615
