[name]
unknown

[dist]
# distance from previous block
# <min> <max>
0	2

[block]
# block no. 0 follows, 47 sequences, length 21
# corresponding to MSA columns:
# 2-22
name=unknown_A
#
# <colnr> <probs for GDERKNQSTAVLIFYWHMCP>
#	G	D	E	R	K	N	Q	S	T	A	V	L	I	F	Y	W	H	M	C	P
0	0.01131	0.01095	0.01007	0.01060	0.01219	0.21418	0.00883	0.01343	0.01272	0.01484	0.02243	0.04574	0.02384	0.01201	0.00653	0.00212	0.00601	0.55285	0.00424	0.00512
1	0.00625	0.00492	0.00564	0.00622	0.00728	0.00432	0.00438	0.00737	0.01096	0.01370	0.04125	0.41516	0.42477	0.01468	0.00639	0.00193	0.00282	0.01281	0.00484	0.00432
2	0.01273	0.01185	0.01573	0.01325	0.01432	0.01551	0.02945	0.11436	0.11100	0.01653	0.00956	0.01266	0.00832	0.00835	0.01370	0.00210	0.57622	0.00479	0.00307	0.00648
3	0.00806	0.00722	0.00716	0.00799	0.00866	0.10822	0.00549	0.00904	0.01067	0.01325	0.02689	0.67933	0.05886	0.01476	0.00637	0.00200	0.00384	0.01316	0.00455	0.00447
4	0.01476	0.01208	0.01279	0.01096	0.01423	0.01380	0.00868	0.22252	0.57731	0.02469	0.01891	0.01760	0.01404	0.00685	0.00528	0.00171	0.00455	0.00557	0.00528	0.00840
5	0.74425	0.01066	0.00870	0.00752	0.01087	0.01227	0.00620	0.11404	0.01091	0.02461	0.00794	0.00899	0.00606	0.00502	0.00348	0.00161	0.00425	0.00307	0.00348	0.00606
6	0.01342	0.01236	0.02356	0.01723	0.02151	0.01202	0.45905	0.01677	0.01183	0.11744	0.01116	0.01373	0.00838	0.00526	0.00727	0.00168	0.12048	0.00540	0.00314	0.11834
7	0.03918	0.02269	0.01523	0.01489	0.08722	0.65713	0.01049	0.06535	0.01493	0.01461	0.00846	0.00988	0.00695	0.00534	0.00473	0.00138	0.00874	0.00354	0.00284	0.00640
8	0.00712	0.00524	0.00754	0.00791	0.00860	0.00576	0.00585	0.00860	0.00881	0.01235	0.01849	0.25866	0.01972	0.06935	0.52311	0.00634	0.01025	0.00844	0.00342	0.00445
9	0.01938	0.01941	0.01507	0.01262	0.01603	0.39268	0.00992	0.38008	0.04682	0.02273	0.01067	0.01125	0.00807	0.00585	0.00496	0.00146	0.00744	0.00409	0.00399	0.00747
10	0.01961	0.01121	0.01317	0.01010	0.01417	0.01109	0.00829	0.32084	0.04531	0.33950	0.01578	0.01481	0.01071	0.00604	0.00501	0.00148	0.00482	0.00475	0.02356	0.11977
11	0.01138	0.01083	0.01841	0.41412	0.41415	0.01198	0.01523	0.01466	0.01114	0.01518	0.00953	0.01338	0.00760	0.00492	0.00518	0.00164	0.00656	0.00463	0.00245	0.00703
12	0.01184	0.27055	0.45227	0.01527	0.12041	0.01477	0.01561	0.01615	0.01098	0.01525	0.00875	0.01043	0.00684	0.00475	0.00448	0.00147	0.00684	0.00362	0.00226	0.00746
13	0.00643	0.00513	0.00579	0.00616	0.00746	0.00449	0.00454	0.00779	0.01157	0.01443	0.09460	0.25107	0.48708	0.01392	0.00635	0.00189	0.00286	0.05913	0.00489	0.00441
14	0.00627	0.00525	0.00545	0.00547	0.00712	0.00443	0.00407	0.00767	0.01204	0.01463	0.11475	0.07995	0.68888	0.01310	0.00617	0.00176	0.00264	0.01101	0.00491	0.00443
15	0.01197	0.01305	0.02702	0.15140	0.12625	0.01280	0.54594	0.01604	0.01193	0.01617	0.01023	0.01387	0.00779	0.00456	0.00586	0.00173	0.00814	0.00570	0.00257	0.00698
16	0.01954	0.02212	0.01499	0.01304	0.01611	0.59057	0.01002	0.21745	0.01732	0.01803	0.00922	0.01021	0.00727	0.00560	0.00483	0.00140	0.00843	0.00371	0.00335	0.00678
17	0.00864	0.00582	0.00646	0.00620	0.00821	0.00498	0.00486	0.01015	0.01228	0.11652	0.04616	0.04664	0.61089	0.01241	0.00613	0.00180	0.00307	0.07872	0.00504	0.00502
18	0.00757	0.00505	0.00568	0.00568	0.00568	0.00505	0.00316	0.00757	0.00757	0.01010	0.01641	0.03408	0.01893	0.81698	0.02651	0.00505	0.00505	0.00757	0.00316	0.00316
19	0.01980	0.01459	0.01563	0.01198	0.01615	0.01615	0.00990	0.76713	0.02448	0.03282	0.01250	0.01250	0.00886	0.00625	0.00521	0.00156	0.00573	0.00469	0.00521	0.00886
20	0.01317	0.01066	0.01207	0.00884	0.01334	0.00937	0.00715	0.21179	0.01440	0.02115	0.01011	0.01125	0.00801	0.00449	0.00421	0.00098	0.00435	0.00351	0.00365	0.62749

[dist]
# distance from previous block
# <min> <max>
0	1

[block]
# block no. 1 follows, 47 sequences, length 40
# corresponding to MSA columns:
# 25-64
name=unknown_B
#
# <colnr> <probs for GDERKNQSTAVLIFYWHMCP>
#	G	D	E	R	K	N	Q	S	T	A	V	L	I	F	Y	W	H	M	C	P
0	0.00684	0.00492	0.00659	0.00776	0.00833	0.00467	0.00568	0.00813	0.01053	0.01388	0.02927	0.60191	0.05948	0.01573	0.00676	0.00217	0.00344	0.19472	0.00482	0.00437
1	0.00674	0.00530	0.00608	0.00588	0.00739	0.00464	0.00441	0.00860	0.01324	0.01732	0.40082	0.04476	0.43229	0.01197	0.00615	0.00170	0.00255	0.01024	0.00526	0.00464
2	0.85377	0.01007	0.00765	0.00685	0.01007	0.01168	0.00564	0.01531	0.00886	0.02336	0.00725	0.00846	0.00564	0.00483	0.00322	0.00161	0.00403	0.00282	0.00322	0.00564
3	0.01331	0.00757	0.00953	0.00803	0.01041	0.00723	0.00634	0.12223	0.01618	0.22206	0.47377	0.02962	0.03395	0.00893	0.00577	0.00162	0.00344	0.00765	0.00584	0.00650
4	0.00736	0.00589	0.00670	0.00696	0.00832	0.00566	0.00508	0.01060	0.12252	0.01547	0.09441	0.31775	0.32916	0.01325	0.00623	0.00189	0.00303	0.02980	0.00497	0.00495
5	0.01272	0.00895	0.00957	0.00821	0.01056	0.02540	0.00646	0.23193	0.09648	0.03730	0.20469	0.02303	0.04782	0.00759	0.00502	0.00151	0.00376	0.00622	0.24633	0.00646
6	0.01980	0.01459	0.01563	0.01198	0.01615	0.01615	0.00990	0.76713	0.02448	0.03282	0.01250	0.01250	0.00886	0.00625	0.00521	0.00156	0.00573	0.00469	0.00521	0.00886
7	0.01223	0.01209	0.01798	0.01329	0.01749	0.06823	0.27002	0.05833	0.01209	0.01683	0.01032	0.01381	0.00866	0.06992	0.00690	0.00158	0.02321	0.00465	0.00301	0.35937
8	0.01081	0.00996	0.01891	0.01487	0.01771	0.00990	0.35359	0.01348	0.01113	0.06582	0.01692	0.25862	0.01697	0.01044	0.04287	0.00222	0.08926	0.02696	0.00358	0.00600
9	0.02336	0.00886	0.01209	0.00927	0.01329	0.00765	0.00765	0.02538	0.01491	0.78810	0.02055	0.01773	0.01289	0.00645	0.00524	0.00161	0.00443	0.00524	0.00645	0.00886
10	0.01317	0.40746	0.33326	0.01183	0.01738	0.10780	0.01321	0.01656	0.01124	0.01402	0.00818	0.00954	0.00665	0.00476	0.00415	0.00136	0.00687	0.00328	0.00227	0.00702
11	0.01093	0.13680	0.68436	0.01402	0.02127	0.01327	0.01781	0.01637	0.01094	0.01590	0.00905	0.01063	0.00661	0.00488	0.00473	0.00158	0.00740	0.00370	0.00220	0.00756
12	0.00695	0.00511	0.00617	0.00641	0.00757	0.00456	0.00461	0.00847	0.01209	0.03320	0.24955	0.31032	0.29924	0.01340	0.00630	0.00184	0.00276	0.01174	0.00512	0.00459
13	0.00971	0.00485	0.00485	0.00485	0.00607	0.00485	0.00364	0.01213	0.01092	0.01942	0.01699	0.01942	0.01335	0.00607	0.00364	0.00121	0.00243	0.00485	0.84589	0.00485
14	0.01264	0.01159	0.01941	0.01531	0.01739	0.01358	0.23880	0.03339	0.01046	0.08569	0.01080	0.06567	0.00959	0.00784	0.01170	0.00203	0.41895	0.00578	0.00301	0.00637
15	0.01107	0.01051	0.01784	0.49309	0.33762	0.01189	0.01508	0.01438	0.01100	0.01480	0.00947	0.01348	0.00747	0.00498	0.00519	0.00166	0.00664	0.00463	0.00242	0.00678
16	0.01945	0.02482	0.01476	0.01342	0.01610	0.79608	0.01006	0.02079	0.01476	0.01275	0.00805	0.00939	0.00671	0.00537	0.00470	0.00134	0.00939	0.00335	0.00268	0.00604
17	0.01945	0.02482	0.01476	0.01342	0.01610	0.79608	0.01006	0.02079	0.01476	0.01275	0.00805	0.00939	0.00671	0.00537	0.00470	0.00134	0.00939	0.00335	0.00268	0.00604
18	0.00640	0.00458	0.00610	0.00721	0.00757	0.00427	0.00484	0.00740	0.01025	0.01374	0.07285	0.76816	0.03530	0.01598	0.00662	0.00209	0.00299	0.01449	0.00489	0.00427
19	0.01906	0.01550	0.01513	0.01202	0.01588	0.11180	0.00975	0.60049	0.09922	0.02923	0.01283	0.01282	0.00930	0.00622	0.00516	0.00156	0.00602	0.00465	0.00491	0.00845
20	0.00757	0.00505	0.00568	0.00568	0.00568	0.00505	0.00316	0.00757	0.00757	0.01010	0.01641	0.03408	0.01893	0.81698	0.02651	0.00505	0.00505	0.00757	0.00316	0.00316
21	0.00784	0.00552	0.00721	0.00672	0.00810	0.00505	0.00510	0.01028	0.01457	0.03797	0.72533	0.03828	0.04679	0.01049	0.00609	0.00164	0.00260	0.02932	0.00566	0.02543
22	0.01125	0.04396	0.67772	0.01492	0.02217	0.01262	0.06104	0.06595	0.01195	0.01748	0.00957	0.01121	0.00682	0.00499	0.00500	0.00164	0.00758	0.00401	0.00242	0.00771
23	0.00707	0.00505	0.00687	0.00808	0.00870	0.00485	0.00609	0.00850	0.01068	0.01410	0.02830	0.54693	0.03286	0.01563	0.00684	0.00221	0.00365	0.27432	0.00482	0.00443
24	0.00632	0.00462	0.00595	0.00701	0.00749	0.00425	0.00473	0.00728	0.01020	0.01339	0.03166	0.71964	0.12648	0.01593	0.00659	0.00207	0.00297	0.01434	0.00483	0.00425
25	0.01229	0.01405	0.03073	0.02195	0.02722	0.01317	0.76558	0.01668	0.01229	0.01668	0.01054	0.01405	0.00790	0.00439	0.00615	0.00176	0.00878	0.00615	0.00263	0.00702
26	0.01080	0.00926	0.01080	0.00771	0.01234	0.00694	0.00617	0.01311	0.01080	0.01697	0.00926	0.01080	0.00771	0.00386	0.00386	0.00077	0.00386	0.00309	0.00309	0.84882
27	0.00757	0.00505	0.00568	0.00568	0.00568	0.00505	0.00316	0.00757	0.00757	0.01010	0.01641	0.03408	0.01893	0.81698	0.02651	0.00505	0.00505	0.00757	0.00316	0.00316
28	0.01774	0.00902	0.01124	0.00935	0.01237	0.00873	0.00740	0.19826	0.01582	0.38993	0.02090	0.23933	0.01796	0.00916	0.00563	0.00174	0.00435	0.00778	0.00570	0.00756
29	0.01251	0.01199	0.02045	0.12791	0.69151	0.01227	0.01579	0.01565	0.01168	0.01655	0.00973	0.01301	0.00809	0.00471	0.00516	0.00157	0.00628	0.00464	0.00255	0.00794
30	0.00632	0.00462	0.00595	0.00701	0.00749	0.00425	0.00473	0.00728	0.01020	0.01339	0.03166	0.71964	0.12648	0.01593	0.00659	0.00207	0.00297	0.01434	0.00483	0.00425
31	0.01413	0.01156	0.01514	0.01149	0.01552	0.01126	0.11995	0.31689	0.01644	0.02289	0.01303	0.10579	0.01133	0.00636	0.00507	0.00139	0.00524	0.00555	0.00408	0.28692
32	0.01875	0.02028	0.01463	0.01267	0.01580	0.48131	0.00979	0.23063	0.11104	0.01948	0.01091	0.01150	0.00844	0.00582	0.00491	0.00146	0.00772	0.00404	0.00371	0.00710
33	0.01349	0.72251	0.12114	0.00964	0.01449	0.01956	0.01018	0.01570	0.01063	0.01277	0.00750	0.00868	0.00667	0.00452	0.00354	0.00118	0.00583	0.00292	0.00222	0.00681
34	0.02336	0.00886	0.01209	0.00927	0.01329	0.00765	0.00765	0.02538	0.01491	0.78810	0.02055	0.01773	0.01289	0.00645	0.00524	0.00161	0.00443	0.00524	0.00645	0.00886
35	0.01155	0.01186	0.01854	0.01512	0.01604	0.01546	0.14331	0.01326	0.00873	0.01326	0.00748	0.01186	0.00702	0.00829	0.01518	0.00219	0.66775	0.00484	0.00234	0.00593
36	0.00757	0.00505	0.00568	0.00568	0.00568	0.00505	0.00316	0.00757	0.00757	0.01010	0.01641	0.03408	0.01893	0.81698	0.02651	0.00505	0.00505	0.00757	0.00316	0.00316
37	0.00983	0.00926	0.01562	0.80447	0.03587	0.01157	0.01446	0.01331	0.01041	0.01331	0.00926	0.01388	0.00694	0.00521	0.00521	0.00174	0.00694	0.00463	0.00231	0.00579
38	0.01392	0.82012	0.02729	0.00891	0.01337	0.02061	0.00891	0.01559	0.01058	0.01225	0.00724	0.00835	0.00668	0.00446	0.00334	0.00111	0.00557	0.00278	0.00223	0.00668
39	0.00834	0.00631	0.00765	0.00691	0.00866	0.00590	0.00527	0.05364	0.04122	0.02043	0.56282	0.03636	0.14099	0.01016	0.00591	0.00160	0.00282	0.00882	0.00539	0.06080

[dist]
# distance from previous block
# <min> <max>
0	1

[block]
# block no. 2 follows, 47 sequences, length 38
# corresponding to MSA columns:
# 66-103
name=unknown_C
#
# <colnr> <probs for GDERKNQSTAVLIFYWHMCP>
#	G	D	E	R	K	N	Q	S	T	A	V	L	I	F	Y	W	H	M	C	P
0	0.03958	0.01194	0.01363	0.01066	0.01451	0.01249	0.00873	0.44660	0.03495	0.27834	0.01615	0.06231	0.01178	0.00690	0.00526	0.00162	0.00507	0.00545	0.00555	0.00849
1	0.70627	0.07164	0.04139	0.00748	0.01102	0.01213	0.00656	0.01598	0.00944	0.06812	0.00813	0.00911	0.00619	0.00491	0.00342	0.00158	0.00432	0.00300	0.00330	0.00600
2	0.01238	0.01059	0.01128	0.01018	0.01295	0.01213	0.00790	0.02585	0.69729	0.02169	0.09901	0.02142	0.01930	0.00743	0.00539	0.00175	0.00395	0.00625	0.00534	0.00790
3	0.01938	0.01426	0.01527	0.01177	0.01583	0.01579	0.00970	0.73078	0.04170	0.03222	0.01282	0.01284	0.00913	0.00627	0.00517	0.00156	0.00561	0.00472	0.02643	0.00874
4	0.00737	0.00532	0.00696	0.00655	0.00778	0.00491	0.00491	0.00983	0.01474	0.02088	0.78175	0.03890	0.04914	0.01065	0.00614	0.00164	0.00246	0.00942	0.00573	0.00491
5	0.01980	0.01459	0.01563	0.01198	0.01615	0.01615	0.00990	0.76713	0.02448	0.03282	0.01250	0.01250	0.00886	0.00625	0.00521	0.00156	0.00573	0.00469	0.00521	0.00886
6	0.00662	0.00529	0.00592	0.00576	0.00732	0.00459	0.00432	0.00838	0.01297	0.01668	0.33218	0.04582	0.50132	0.01221	0.00615	0.00171	0.00257	0.01039	0.00518	0.00459
7	0.01113	0.01058	0.01796	0.47657	0.35363	0.01191	0.01511	0.01444	0.01103	0.01488	0.00949	0.01346	0.00750	0.00497	0.00518	0.00166	0.00662	0.00463	0.00243	0.00683
8	0.85377	0.01007	0.00765	0.00685	0.01007	0.01168	0.00564	0.01531	0.00886	0.02336	0.00725	0.00846	0.00564	0.00483	0.00322	0.00161	0.00403	0.00282	0.00322	0.00564
9	0.00634	0.00453	0.00604	0.00725	0.00755	0.00423	0.00483	0.00725	0.00997	0.01329	0.02870	0.81358	0.03444	0.01632	0.00665	0.00211	0.00302	0.01480	0.00483	0.00423
10	0.01043	0.00958	0.01562	0.75693	0.03468	0.01184	0.01419	0.05853	0.01126	0.01448	0.00945	0.01380	0.00706	0.00527	0.00521	0.00173	0.00687	0.00463	0.00249	0.00597
11	0.00629	0.00476	0.00581	0.00664	0.00739	0.00428	0.00456	0.00732	0.01056	0.01353	0.03612	0.57819	0.26505	0.01535	0.00650	0.00201	0.00290	0.01363	0.00483	0.00428
12	0.01945	0.02482	0.01476	0.01342	0.01610	0.79608	0.01006	0.02079	0.01476	0.01275	0.00805	0.00939	0.00671	0.00537	0.00470	0.00134	0.00939	0.00335	0.00268	0.00604
13	0.00737	0.00516	0.00603	0.00591	0.00647	0.00494	0.00378	0.00826	0.01022	0.01383	0.25610	0.03721	0.10636	0.48613	0.01815	0.00366	0.00400	0.00849	0.00412	0.00382
14	0.00898	0.00499	0.00541	0.00530	0.00654	0.00485	0.00398	0.01138	0.01193	0.01960	0.21289	0.02548	0.05016	0.00749	0.00437	0.00134	0.00244	0.00624	0.60179	0.00485
15	0.01392	0.82012	0.02729	0.00891	0.01337	0.02061	0.00891	0.01559	0.01058	0.01225	0.00724	0.00835	0.00668	0.00446	0.00334	0.00111	0.00557	0.00278	0.00223	0.00668
16	0.00732	0.00532	0.00689	0.00650	0.00775	0.00489	0.00487	0.00973	0.01462	0.02060	0.75194	0.03936	0.07912	0.01075	0.00614	0.00164	0.00246	0.00948	0.00570	0.00489
17	0.01563	0.57491	0.02343	0.01030	0.01421	0.25970	0.00927	0.01720	0.01187	0.01240	0.00749	0.00867	0.00669	0.00474	0.00376	0.00118	0.00675	0.00296	0.00237	0.00648
18	0.00888	0.00463	0.00695	0.00695	0.00704	0.00473	0.00473	0.00704	0.00695	0.00936	0.00955	0.01630	0.00945	0.02024	0.09975	0.76253	0.00549	0.00463	0.00232	0.00251
19	0.00983	0.00926	0.01562	0.80447	0.03587	0.01157	0.01446	0.01331	0.01041	0.01331	0.00926	0.01388	0.00694	0.00521	0.00521	0.00174	0.00694	0.00463	0.00231	0.00579
20	0.01080	0.00926	0.01080	0.00771	0.01234	0.00694	0.00617	0.01311	0.01080	0.01697	0.00926	0.01080	0.00771	0.00386	0.00386	0.00077	0.00386	0.00309	0.00309	0.84882
21	0.01080	0.00926	0.01080	0.00771	0.01234	0.00694	0.00617	0.01311	0.01080	0.01697	0.00926	0.01080	0.00771	0.00386	0.00386	0.00077	0.00386	0.00309	0.00309	0.84882
22	0.01229	0.01405	0.03073	0.02195	0.02722	0.01317	0.76558	0.01668	0.01229	0.01668	0.01054	0.01405	0.00790	0.00439	0.00615	0.00176	0.00878	0.00615	0.00263	0.00702
23	0.01333	0.01073	0.01161	0.01033	0.01336	0.01204	0.00811	0.02613	0.65818	0.07035	0.02084	0.02051	0.01588	0.00717	0.00530	0.00173	0.00416	0.03612	0.00524	0.04888
24	0.00682	0.00522	0.00625	0.00615	0.00748	0.00465	0.00455	0.00870	0.01320	0.01760	0.43627	0.12230	0.31763	0.01216	0.00620	0.00173	0.00258	0.01055	0.00531	0.00465
25	0.00633	0.00459	0.00599	0.00711	0.00752	0.00424	0.00477	0.00727	0.01011	0.01335	0.03046	0.75778	0.08911	0.01609	0.00661	0.00209	0.00299	0.01453	0.00483	0.00424
26	0.02336	0.00886	0.01209	0.00927	0.01329	0.00765	0.00765	0.02538	0.01491	0.78810	0.02055	0.01773	0.01289	0.00645	0.00524	0.00161	0.00443	0.00524	0.00645	0.00886
27	0.01078	0.01022	0.01732	0.56629	0.26668	0.01182	0.01493	0.01413	0.01086	0.01445	0.00942	0.01358	0.00734	0.00503	0.00519	0.00168	0.00671	0.00463	0.00240	0.00654
28	0.01273	0.01221	0.02085	0.07184	0.74585	0.01233	0.01590	0.01584	0.01178	0.01682	0.00977	0.01294	0.00818	0.00467	0.00516	0.00156	0.00623	0.00464	0.00256	0.00812
29	0.00839	0.00599	0.00839	0.00959	0.01079	0.00599	0.00839	0.01079	0.01199	0.01558	0.02757	0.05874	0.02997	0.01439	0.00719	0.00240	0.00480	0.74945	0.00480	0.00480
30	0.00634	0.00453	0.00604	0.00725	0.00755	0.00423	0.00483	0.00725	0.00997	0.01329	0.02870	0.81358	0.03444	0.01632	0.00665	0.00211	0.00302	0.01480	0.00483	0.00423
31	0.01948	0.02416	0.01481	0.01332	0.01610	0.74615	0.01005	0.06857	0.01538	0.01403	0.00833	0.00959	0.00685	0.00542	0.00473	0.00136	0.00916	0.00344	0.00284	0.00622
32	0.01062	0.06788	0.75063	0.01454	0.02207	0.01253	0.01871	0.01645	0.01097	0.01627	0.00924	0.01086	0.00660	0.00492	0.00486	0.00162	0.00759	0.00379	0.00220	0.00764
33	0.02125	0.01226	0.01419	0.01088	0.01499	0.01269	0.00899	0.46550	0.02059	0.33996	0.01577	0.01463	0.01050	0.00633	0.00522	0.00158	0.00520	0.00491	0.00571	0.00886
34	0.00758	0.00554	0.00714	0.00670	0.00800	0.00522	0.00504	0.01050	0.04348	0.02092	0.75300	0.03816	0.04788	0.01051	0.00611	0.00164	0.00252	0.00928	0.00572	0.00504
35	0.01378	0.01160	0.01224	0.01077	0.01386	0.01334	0.00844	0.11731	0.68410	0.02312	0.02014	0.01859	0.01504	0.00697	0.00529	0.00174	0.00432	0.00574	0.00529	0.00832
36	0.01740	0.01928	0.01376	0.01227	0.01508	0.47783	0.00946	0.13732	0.13186	0.01773	0.04116	0.01548	0.01144	0.00650	0.00507	0.00152	0.00748	0.04893	0.00372	0.00670
37	0.04137	0.01030	0.01197	0.00952	0.01320	0.08830	0.00773	0.02363	0.01450	0.64021	0.03986	0.01735	0.01310	0.00765	0.03506	0.00184	0.00523	0.00512	0.00583	0.00823

[dist]
# distance from previous block
# <min> <max>
0	4

[block]
# block no. 3 follows, 47 sequences, length 11
# corresponding to MSA columns:
# 108-118
name=unknown_D
#
# <colnr> <probs for GDERKNQSTAVLIFYWHMCP>
#	G	D	E	R	K	N	Q	S	T	A	V	L	I	F	Y	W	H	M	C	P
0	0.19662	0.01918	0.01293	0.01149	0.01439	0.48510	0.00885	0.09683	0.01419	0.03933	0.00900	0.01032	0.00720	0.00709	0.04474	0.00179	0.00796	0.00355	0.00317	0.00626
1	0.01365	0.53572	0.21895	0.01073	0.01598	0.01799	0.01163	0.09402	0.01213	0.01546	0.00832	0.00945	0.00689	0.00477	0.00394	0.00130	0.00612	0.00325	0.00253	0.00717
2	0.01218	0.01556	0.19706	0.06578	0.57332	0.01227	0.01665	0.01597	0.01159	0.01671	0.00967	0.01250	0.00781	0.00474	0.00511	0.00158	0.00657	0.00446	0.00248	0.00800
3	0.01188	0.01012	0.01191	0.01248	0.09145	0.01131	0.00894	0.02267	0.53064	0.01987	0.02146	0.05327	0.01834	0.00848	0.00568	0.00187	0.00442	0.14281	0.00491	0.00747
4	0.01129	0.01072	0.01788	0.25948	0.48209	0.01132	0.01430	0.01432	0.01143	0.01561	0.01402	0.01698	0.08680	0.00568	0.00527	0.00162	0.00605	0.00528	0.00273	0.00712
5	0.01243	0.00915	0.05123	0.00993	0.01283	0.00802	0.08447	0.07765	0.04704	0.16904	0.19001	0.12227	0.07131	0.01012	0.03608	0.00195	0.00476	0.03133	0.00488	0.04549
6	0.00951	0.00600	0.00722	0.00680	0.00863	0.00538	0.00520	0.01170	0.03913	0.13652	0.24480	0.12070	0.32701	0.01160	0.00607	0.00176	0.00304	0.03820	0.00535	0.00536
7	0.01312	0.01299	0.01476	0.04002	0.21669	0.12766	0.01060	0.01933	0.25523	0.01724	0.01490	0.01593	0.04746	0.00628	0.00613	0.00159	0.07835	0.00499	0.00359	0.09315
8	0.00633	0.00500	0.00573	0.00628	0.00741	0.00440	0.00451	0.00753	0.01109	0.01381	0.04167	0.36745	0.43909	0.01454	0.00640	0.00193	0.00289	0.04474	0.00483	0.00434
9	0.19174	0.18804	0.03271	0.00915	0.01262	0.09382	0.00792	0.04160	0.01223	0.21770	0.01563	0.01553	0.08726	0.00634	0.00504	0.00152	0.04591	0.00450	0.00394	0.00678
10	0.17264	0.45239	0.04758	0.00967	0.01360	0.16657	0.00885	0.01709	0.04443	0.01500	0.00808	0.00915	0.00689	0.00483	0.00372	0.00130	0.00602	0.00307	0.00263	0.00647

[dist]
# distance from previous block
# <min> <max>
0	1

[block]
# block no. 4 follows, 47 sequences, length 63
# corresponding to MSA columns:
# 120-182
name=unknown_E
#
# <colnr> <probs for GDERKNQSTAVLIFYWHMCP>
#	G	D	E	R	K	N	Q	S	T	A	V	L	I	F	Y	W	H	M	C	P
0	0.00981	0.00956	0.06753	0.00835	0.01100	0.03094	0.00705	0.09083	0.12745	0.01811	0.09914	0.09368	0.29903	0.01020	0.00574	0.00171	0.00395	0.04373	0.00465	0.05756
1	0.01318	0.28796	0.01679	0.01044	0.07154	0.06495	0.00788	0.13102	0.01243	0.01598	0.01108	0.01629	0.01046	0.20192	0.00953	0.00217	0.00551	0.00453	0.03661	0.06974
2	0.00668	0.00486	0.00630	0.00686	0.00759	0.00448	0.00480	0.00815	0.01175	0.01596	0.28932	0.48972	0.09595	0.01413	0.00644	0.00192	0.00280	0.01267	0.00514	0.00448
3	0.01190	0.25979	0.42666	0.01426	0.07833	0.01473	0.03332	0.01703	0.06864	0.01568	0.00968	0.01107	0.00748	0.00492	0.00454	0.00149	0.00670	0.00380	0.00248	0.00746
4	0.00636	0.00494	0.00580	0.00631	0.00735	0.00437	0.00446	0.00761	0.01128	0.01440	0.11517	0.40060	0.36400	0.01437	0.00638	0.00191	0.00280	0.01259	0.00493	0.00437
5	0.01080	0.00926	0.01080	0.00771	0.01234	0.00694	0.00617	0.01311	0.01080	0.01697	0.00926	0.01080	0.00771	0.00386	0.00386	0.00077	0.00386	0.00309	0.00309	0.84882
6	0.01532	0.06499	0.07151	0.01030	0.01394	0.01184	0.00885	0.06888	0.39656	0.20142	0.04841	0.01869	0.03232	0.00682	0.00518	0.00166	0.00456	0.00556	0.00513	0.00807
7	0.07412	0.01175	0.01359	0.07048	0.01603	0.01259	0.00910	0.37186	0.07911	0.24117	0.01490	0.01459	0.01031	0.00714	0.02776	0.00180	0.00545	0.00484	0.00514	0.00824
8	0.01087	0.02421	0.63243	0.01412	0.02050	0.05998	0.01714	0.01602	0.01124	0.01625	0.05999	0.01277	0.00943	0.00566	0.00593	0.00168	0.06782	0.00424	0.00247	0.00726
9	0.01046	0.00890	0.01044	0.00768	0.01198	0.00674	0.00607	0.01267	0.01074	0.01669	0.01072	0.07139	0.00973	0.00480	0.00407	0.00087	0.00379	0.00397	0.00322	0.78507
10	0.00905	0.00452	0.00678	0.00678	0.00678	0.00452	0.00452	0.00678	0.00678	0.00905	0.00905	0.01583	0.00905	0.01809	0.02035	0.84848	0.00452	0.00452	0.00226	0.00226
11	0.00757	0.00505	0.00568	0.00568	0.00568	0.00505	0.00316	0.00757	0.00757	0.01010	0.01641	0.03408	0.01893	0.81698	0.02651	0.00505	0.00505	0.00757	0.00316	0.00316
12	0.01045	0.02694	0.79000	0.01484	0.02254	0.01209	0.01924	0.01649	0.01099	0.01649	0.00935	0.01099	0.00660	0.00495	0.00495	0.00165	0.00770	0.00385	0.00220	0.00770
13	0.01264	0.01661	0.13181	0.01946	0.02437	0.08748	0.52745	0.01669	0.01198	0.01593	0.00982	0.01296	0.00752	0.00496	0.00678	0.00175	0.07690	0.00543	0.00255	0.00691
14	0.00905	0.00452	0.00678	0.00678	0.00678	0.00452	0.00452	0.00678	0.00678	0.00905	0.00905	0.01583	0.00905	0.01809	0.02035	0.84848	0.00452	0.00452	0.00226	0.00226
15	0.00983	0.00926	0.01562	0.80447	0.03587	0.01157	0.01446	0.01331	0.01041	0.01331	0.00926	0.01388	0.00694	0.00521	0.00521	0.00174	0.00694	0.00463	0.00231	0.00579
16	0.01045	0.02694	0.79000	0.01484	0.02254	0.01209	0.01924	0.01649	0.01099	0.01649	0.00935	0.01099	0.00660	0.00495	0.00495	0.00165	0.00770	0.00385	0.00220	0.00770
17	0.01211	0.01038	0.01101	0.00997	0.01271	0.01182	0.00773	0.02509	0.67090	0.02124	0.08054	0.02278	0.06540	0.00771	0.00542	0.00176	0.00390	0.00647	0.00530	0.00776
18	0.00757	0.00505	0.00568	0.00568	0.00568	0.00505	0.00316	0.00757	0.00757	0.01010	0.01641	0.03408	0.01893	0.81698	0.02651	0.00505	0.00505	0.00757	0.00316	0.00316
19	0.00651	0.00460	0.00599	0.00704	0.00730	0.00434	0.00460	0.00730	0.00964	0.01286	0.02702	0.70695	0.03232	0.12584	0.00936	0.00252	0.00330	0.01382	0.00460	0.00408
20	0.01404	0.01093	0.01188	0.01053	0.01355	0.01233	0.00833	0.08226	0.60943	0.08495	0.02088	0.02118	0.01598	0.00740	0.00540	0.00178	0.00431	0.05133	0.00536	0.00813
21	0.00737	0.00532	0.00696	0.00655	0.00778	0.00491	0.00491	0.00983	0.01474	0.02088	0.78175	0.03890	0.04914	0.01065	0.00614	0.00164	0.00246	0.00942	0.00573	0.00491
22	0.01229	0.01405	0.03073	0.02195	0.02722	0.01317	0.76558	0.01668	0.01229	0.01668	0.01054	0.01405	0.00790	0.00439	0.00615	0.00176	0.00878	0.00615	0.00263	0.00702
23	0.00757	0.00507	0.00579	0.00579	0.00583	0.00511	0.00330	0.00765	0.00761	0.01018	0.01630	0.03351	0.01868	0.78424	0.05891	0.00519	0.00542	0.00749	0.00314	0.00322
24	0.01089	0.00934	0.01084	0.00783	0.01239	0.00720	0.00626	0.01373	0.04296	0.01717	0.00976	0.01116	0.00806	0.00399	0.00392	0.00081	0.00387	0.00320	0.00318	0.81344
25	0.02270	0.00994	0.01275	0.00977	0.01383	0.00925	0.00807	0.16435	0.01670	0.64660	0.01904	0.01675	0.01214	0.00641	0.00523	0.00160	0.00467	0.00513	0.00621	0.00886
26	0.01333	0.68530	0.15693	0.00992	0.01493	0.01916	0.01067	0.01575	0.01065	0.01297	0.00760	0.00880	0.00667	0.00454	0.00361	0.00120	0.00593	0.00297	0.00222	0.00686
27	0.01139	0.01139	0.01595	0.01367	0.01367	0.01595	0.01139	0.01253	0.00798	0.01253	0.00684	0.01139	0.00684	0.00911	0.01709	0.00228	0.80745	0.00456	0.00228	0.00570
28	0.01045	0.02694	0.79000	0.01484	0.02254	0.01209	0.01924	0.01649	0.01099	0.01649	0.00935	0.01099	0.00660	0.00495	0.00495	0.00165	0.00770	0.00385	0.00220	0.00770
29	0.00757	0.00505	0.00568	0.00568	0.00568	0.00505	0.00316	0.00757	0.00757	0.01010	0.01641	0.03408	0.01893	0.81698	0.02651	0.00505	0.00505	0.00757	0.00316	0.00316
30	0.01295	0.01119	0.01178	0.01060	0.01354	0.01295	0.00824	0.02767	0.77509	0.02178	0.02120	0.01943	0.01590	0.00707	0.00530	0.00177	0.00412	0.00589	0.00530	0.00824
31	0.00983	0.00926	0.01562	0.80447	0.03587	0.01157	0.01446	0.01331	0.01041	0.01331	0.00926	0.01388	0.00694	0.00521	0.00521	0.00174	0.00694	0.00463	0.00231	0.00579
32	0.01173	0.01196	0.01590	0.01366	0.01377	0.04878	0.01134	0.01288	0.00826	0.01254	0.00689	0.01131	0.00683	0.00896	0.01657	0.00224	0.77386	0.00451	0.00230	0.00571
33	0.00647	0.00458	0.00601	0.00709	0.00736	0.00431	0.00466	0.00728	0.00973	0.01297	0.02745	0.73410	0.03286	0.09795	0.00867	0.00241	0.00323	0.01407	0.00466	0.00412
34	0.00633	0.00460	0.00598	0.00708	0.00751	0.00424	0.00476	0.00727	0.01013	0.01336	0.03076	0.74813	0.09857	0.01605	0.00660	0.00208	0.00299	0.01448	0.00483	0.00424
35	0.01704	0.01086	0.01188	0.00952	0.01276	0.01161	0.00773	0.40957	0.06291	0.13171	0.01537	0.01557	0.01109	0.00627	0.00478	0.00148	0.00453	0.00488	0.24276	0.00769
36	0.01256	0.00760	0.00790	0.00687	0.00891	0.00804	0.00541	0.22531	0.01475	0.02320	0.01572	0.01746	0.01208	0.00612	0.00408	0.00131	0.00336	0.00481	0.60852	0.00598
37	0.00634	0.00453	0.00604	0.00725	0.00755	0.00423	0.00483	0.00725	0.00997	0.01329	0.02870	0.81358	0.03444	0.01632	0.00665	0.00211	0.00302	0.01480	0.00483	0.00423
38	0.00624	0.00504	0.00556	0.00593	0.00722	0.00436	0.00426	0.00746	0.01133	0.01399	0.06268	0.29276	0.52673	0.01412	0.00631	0.00187	0.00276	0.01217	0.00486	0.00436
39	0.00734	0.00532	0.00692	0.00652	0.00776	0.00490	0.00489	0.00977	0.01467	0.02072	0.76476	0.03916	0.06623	0.01071	0.00614	0.00164	0.00246	0.00945	0.00571	0.00490
40	0.00677	0.00486	0.00643	0.00696	0.00765	0.00452	0.00487	0.00833	0.01197	0.01647	0.34434	0.48888	0.04060	0.01394	0.00644	0.00191	0.00278	0.01255	0.00521	0.00452
41	0.02002	0.01424	0.01541	0.01182	0.01597	0.01563	0.00976	0.72166	0.02390	0.07913	0.01300	0.01282	0.00910	0.00626	0.00521	0.00157	0.00565	0.00472	0.00529	0.00886
42	0.01980	0.01459	0.01563	0.01198	0.01615	0.01615	0.00990	0.76713	0.02448	0.03282	0.01250	0.01250	0.00886	0.00625	0.00521	0.00156	0.00573	0.00469	0.00521	0.00886
43	0.12703	0.00958	0.01052	0.00857	0.01187	0.00963	0.00695	0.21738	0.02908	0.25322	0.02575	0.02428	0.22818	0.00810	0.00522	0.00164	0.00421	0.00641	0.00521	0.00716
44	0.01382	0.79739	0.04914	0.00908	0.01363	0.02036	0.00921	0.01562	0.01059	0.01237	0.00730	0.00843	0.00668	0.00447	0.00339	0.00113	0.00563	0.00282	0.00223	0.00671
45	0.01161	0.01004	0.01279	0.00935	0.01382	0.00840	0.07118	0.07093	0.04869	0.01849	0.03282	0.01244	0.00942	0.00444	0.00429	0.00099	0.00439	0.00379	0.00339	0.64873
46	0.01728	0.02084	0.01910	0.01560	0.01897	0.51173	0.21072	0.06516	0.01445	0.01501	0.00894	0.01089	0.00716	0.00530	0.00557	0.00150	0.03830	0.00422	0.00281	0.00646
47	0.00818	0.00695	0.00770	0.00638	0.00931	0.00550	0.00495	0.00999	0.01161	0.01573	0.08257	0.03290	0.40935	0.00911	0.00519	0.00134	0.00314	0.00757	0.00416	0.35837
48	0.00700	0.00525	0.00648	0.00629	0.00758	0.00474	0.00467	0.00906	0.01369	0.01866	0.54836	0.09752	0.22821	0.01168	0.00618	0.00170	0.00254	0.01019	0.00545	0.00474
49	0.01045	0.02694	0.79000	0.01484	0.02254	0.01209	0.01924	0.01649	0.01099	0.01649	0.00935	0.01099	0.00660	0.00495	0.00495	0.00165	0.00770	0.00385	0.00220	0.00770
50	0.01340	0.01175	0.01462	0.01217	0.01551	0.01307	0.11191	0.10104	0.57193	0.02219	0.04114	0.01856	0.01506	0.00672	0.00543	0.00174	0.00487	0.00590	0.00494	0.00804
51	0.02336	0.00886	0.01209	0.00927	0.01329	0.00765	0.00765	0.02538	0.01491	0.78810	0.02055	0.01773	0.01289	0.00645	0.00524	0.00161	0.00443	0.00524	0.00645	0.00886
52	0.07147	0.01426	0.01941	0.01529	0.01804	0.11660	0.23109	0.11801	0.03004	0.01749	0.00921	0.01204	0.00753	0.00651	0.00944	0.00185	0.28734	0.00479	0.00297	0.00661
53	0.01257	0.01287	0.02404	0.02714	0.46606	0.01292	0.27325	0.01596	0.01171	0.01656	0.00983	0.01317	0.00802	0.00489	0.00640	0.00167	0.06756	0.00515	0.00257	0.00764
54	0.00634	0.00453	0.00604	0.00725	0.00755	0.00423	0.00483	0.00725	0.00997	0.01329	0.02870	0.81358	0.03444	0.01632	0.00665	0.00211	0.00302	0.01480	0.00483	0.00423
55	0.13878	0.01113	0.01135	0.01002	0.01306	0.01277	0.00789	0.09527	0.56175	0.02303	0.04622	0.01785	0.01492	0.00679	0.00501	0.00172	0.00420	0.00545	0.00500	0.00779
56	0.01254	0.01335	0.02671	0.02615	0.34463	0.01284	0.45139	0.01639	0.01211	0.01682	0.01023	0.01356	0.00805	0.00449	0.00573	0.00167	0.00769	0.00551	0.00261	0.00754
57	0.01135	0.01094	0.01791	0.46164	0.34918	0.03078	0.01499	0.01461	0.01112	0.01485	0.00945	0.01336	0.00748	0.00497	0.00517	0.00165	0.00668	0.00460	0.00243	0.00682
58	0.00692	0.00531	0.00633	0.00608	0.00750	0.00472	0.00456	0.00895	0.01367	0.01834	0.50996	0.04308	0.32251	0.01159	0.00615	0.00168	0.00252	0.01000	0.00540	0.00472
59	0.01215	0.01317	0.02582	0.02130	0.12751	0.01374	0.47938	0.01558	0.01118	0.01572	0.00953	0.01324	0.00769	0.00557	0.00868	0.00185	0.20293	0.00555	0.00254	0.00687
60	0.01104	0.01122	0.02245	0.01867	0.08621	0.01071	0.44885	0.01465	0.01215	0.01634	0.01616	0.02888	0.01530	0.00775	0.00641	0.00195	0.00723	0.25428	0.00335	0.00638
61	0.00839	0.00599	0.00839	0.00959	0.01079	0.00599	0.00839	0.01079	0.01199	0.01558	0.02757	0.05874	0.02997	0.01439	0.00719	0.00240	0.00480	0.74945	0.00480	0.00480
62	0.01229	0.01405	0.03073	0.02195	0.02722	0.01317	0.76558	0.01668	0.01229	0.01668	0.01054	0.01405	0.00790	0.00439	0.00615	0.00176	0.00878	0.00615	0.00263	0.00702

[dist]
# distance from previous block
# <min> <max>
1	5

[block]
# block no. 5 follows, 47 sequences, length 8
# corresponding to MSA columns:
# 188-195
name=unknown_F
#
# <colnr> <probs for GDERKNQSTAVLIFYWHMCP>
#	G	D	E	R	K	N	Q	S	T	A	V	L	I	F	Y	W	H	M	C	P
0	0.01162	0.01189	0.02175	0.01554	0.02052	0.01036	0.42346	0.01507	0.01162	0.01681	0.00996	0.01258	0.00782	0.00415	0.00511	0.00131	0.00656	0.00477	0.00284	0.38627
1	0.01211	0.01184	0.02097	0.21060	0.52202	0.01228	0.10297	0.01544	0.01157	0.01611	0.00976	0.01326	0.00790	0.00474	0.00528	0.00162	0.00666	0.00481	0.00252	0.00753
2	0.00634	0.00453	0.00604	0.00725	0.00755	0.00423	0.00483	0.00725	0.00997	0.01329	0.02870	0.81358	0.03444	0.01632	0.00665	0.00211	0.00302	0.01480	0.00483	0.00423
3	0.01080	0.00926	0.01080	0.00771	0.01234	0.00694	0.00617	0.01311	0.01080	0.01697	0.00926	0.01080	0.00771	0.00386	0.00386	0.00077	0.00386	0.00309	0.00309	0.84882
4	0.01289	0.01237	0.02114	0.03196	0.78450	0.01237	0.01598	0.01598	0.01186	0.01701	0.00980	0.01289	0.00825	0.00464	0.00516	0.00155	0.00619	0.00464	0.00258	0.00825
5	0.00905	0.00452	0.00678	0.00678	0.00678	0.00452	0.00452	0.00678	0.00678	0.00905	0.00905	0.01583	0.00905	0.01809	0.02035	0.84848	0.00452	0.00452	0.00226	0.00226
6	0.00743	0.00507	0.00564	0.00564	0.00582	0.00498	0.00324	0.00756	0.00801	0.01050	0.02009	0.03570	0.09624	0.73559	0.02445	0.00472	0.00480	0.00792	0.00333	0.00328
7	0.01689	0.01322	0.01797	0.01399	0.01716	0.08076	0.16746	0.18280	0.01469	0.19695	0.01212	0.01348	0.00889	0.00656	0.00839	0.00178	0.21049	0.00497	0.00399	0.00743

[dist]
# distance from previous block
# <min> <max>
0	3

[block]
# block no. 6 follows, 47 sequences, length 19
# corresponding to MSA columns:
# 199-217
name=unknown_G
#
# <colnr> <probs for GDERKNQSTAVLIFYWHMCP>
#	G	D	E	R	K	N	Q	S	T	A	V	L	I	F	Y	W	H	M	C	P
0	0.01637	0.09333	0.01451	0.01116	0.01444	0.19578	0.00890	0.12214	0.35864	0.08705	0.01558	0.01496	0.01167	0.00625	0.00495	0.00156	0.00573	0.00478	0.00448	0.00771
1	0.01292	0.40171	0.35781	0.01191	0.01761	0.08856	0.01351	0.01646	0.01115	0.01414	0.00823	0.00960	0.00665	0.00475	0.00417	0.00137	0.00685	0.00330	0.00226	0.00706
2	0.01385	0.00702	0.00922	0.00778	0.01018	0.00639	0.00614	0.04594	0.01519	0.30834	0.46624	0.02992	0.03397	0.00890	0.00577	0.00162	0.00333	0.00766	0.00598	0.00655
3	0.00634	0.00453	0.00604	0.00725	0.00755	0.00423	0.00483	0.00725	0.00997	0.01329	0.02870	0.81358	0.03444	0.01632	0.00665	0.00211	0.00302	0.01480	0.00483	0.00423
4	0.01945	0.02482	0.01476	0.01342	0.01610	0.79608	0.01006	0.02079	0.01476	0.01275	0.00805	0.00939	0.00671	0.00537	0.00470	0.00134	0.00939	0.00335	0.00268	0.00604
5	0.01562	0.01056	0.01117	0.00903	0.01197	0.01147	0.00731	0.45452	0.01887	0.02727	0.01436	0.01536	0.01072	0.00618	0.00456	0.00142	0.00436	0.00476	0.35330	0.00720
6	0.00744	0.00558	0.00837	0.00837	0.00930	0.00651	0.00651	0.00930	0.00837	0.01209	0.01395	0.02046	0.01302	0.03906	0.79635	0.00837	0.01395	0.00558	0.00279	0.00465
7	0.00727	0.00525	0.00687	0.00662	0.00776	0.00485	0.00491	0.00958	0.01428	0.02014	0.70846	0.11430	0.04771	0.01120	0.00619	0.00168	0.00251	0.00994	0.00565	0.00485
8	0.00775	0.00560	0.00750	0.00777	0.00900	0.00534	0.00632	0.01015	0.01351	0.01846	0.44535	0.04749	0.06547	0.01228	0.00658	0.00196	0.00343	0.31588	0.00531	0.00485
9	0.00634	0.00453	0.00604	0.00725	0.00755	0.00423	0.00483	0.00725	0.00997	0.01329	0.02870	0.81358	0.03444	0.01632	0.00665	0.00211	0.00302	0.01480	0.00483	0.00423
10	0.01139	0.01139	0.01595	0.01367	0.01367	0.01595	0.01139	0.01253	0.00798	0.01253	0.00684	0.01139	0.00684	0.00911	0.01709	0.00228	0.80745	0.00456	0.00228	0.00570
11	0.01189	0.35536	0.47419	0.01239	0.01874	0.01562	0.01496	0.01612	0.01082	0.01474	0.00847	0.00990	0.00663	0.00474	0.00428	0.00143	0.00682	0.00341	0.00221	0.00728
12	0.55002	0.00963	0.00927	0.00773	0.01125	0.01021	0.00638	0.01899	0.01107	0.30309	0.01211	0.01185	0.00829	0.00542	0.00396	0.00161	0.00418	0.00370	0.00440	0.00682
13	0.01601	0.01147	0.01202	0.03139	0.01338	0.03260	0.00797	0.45435	0.05365	0.02702	0.01411	0.01496	0.01049	0.00618	0.00470	0.00146	0.00474	0.00476	0.27134	0.00740
14	0.01441	0.01362	0.02382	0.01752	0.02209	0.01367	0.45236	0.25445	0.05313	0.02188	0.01256	0.05276	0.00989	0.00569	0.00583	0.00171	0.00731	0.00609	0.00369	0.00753
15	0.80609	0.01000	0.00791	0.00699	0.01026	0.01145	0.00576	0.01589	0.00921	0.06728	0.00801	0.00899	0.00606	0.00493	0.00334	0.00161	0.00405	0.00296	0.00341	0.00582
16	0.01392	0.82012	0.02729	0.00891	0.01337	0.02061	0.00891	0.01559	0.01058	0.01225	0.00724	0.00835	0.00668	0.00446	0.00334	0.00111	0.00557	0.00278	0.00223	0.00668
17	0.00625	0.00491	0.00565	0.00625	0.00729	0.00431	0.00439	0.00736	0.01093	0.01369	0.04088	0.42692	0.41324	0.01473	0.00640	0.00193	0.00283	0.01287	0.00484	0.00431
18	0.28394	0.01316	0.01310	0.01036	0.01422	0.01473	0.00855	0.52901	0.01954	0.02983	0.01084	0.01122	0.00784	0.00580	0.00458	0.00158	0.00519	0.00410	0.00458	0.00784

[dist]
# distance from previous block
# <min> <max>
0	9

[block]
# block no. 7 follows, 47 sequences, length 30
# corresponding to MSA columns:
# 227-256
name=unknown_H
#
# <colnr> <probs for GDERKNQSTAVLIFYWHMCP>
#	G	D	E	R	K	N	Q	S	T	A	V	L	I	F	Y	W	H	M	C	P
0	0.01227	0.01174	0.02002	0.18786	0.63341	0.01221	0.01568	0.01544	0.01157	0.01627	0.00969	0.01309	0.00799	0.00475	0.00517	0.00158	0.00634	0.00464	0.00252	0.00775
1	0.02336	0.00886	0.01209	0.00927	0.01329	0.00765	0.00765	0.02538	0.01491	0.78810	0.02055	0.01773	0.01289	0.00645	0.00524	0.00161	0.00443	0.00524	0.00645	0.00886
2	0.01229	0.01405	0.03073	0.02195	0.02722	0.01317	0.76558	0.01668	0.01229	0.01668	0.01054	0.01405	0.00790	0.00439	0.00615	0.00176	0.00878	0.00615	0.00263	0.00702
3	0.01229	0.01405	0.03073	0.02195	0.02722	0.01317	0.76558	0.01668	0.01229	0.01668	0.01054	0.01405	0.00790	0.00439	0.00615	0.00176	0.00878	0.00615	0.00263	0.00702
4	0.52255	0.01007	0.00971	0.00804	0.01159	0.01078	0.00663	0.08098	0.01207	0.26533	0.01188	0.01172	0.00819	0.00546	0.00402	0.00161	0.00430	0.00374	0.00440	0.00692
5	0.00754	0.00518	0.00635	0.00635	0.00659	0.00541	0.00400	0.00801	0.00777	0.01060	0.01579	0.03067	0.01745	0.62212	0.21934	0.00588	0.00728	0.00707	0.00306	0.00353
6	0.01071	0.08737	0.73189	0.01439	0.02184	0.01274	0.01845	0.01642	0.01096	0.01617	0.00919	0.01079	0.00660	0.00491	0.00483	0.00161	0.00753	0.00377	0.00220	0.00762
7	0.25372	0.00822	0.00759	0.00797	0.00945	0.08168	0.00595	0.01126	0.01032	0.01641	0.02040	0.42118	0.02297	0.01173	0.00553	0.00193	0.00411	0.09054	0.00416	0.00487
8	0.00634	0.00453	0.00604	0.00725	0.00755	0.00423	0.00483	0.00725	0.00997	0.01329	0.02870	0.81358	0.03444	0.01632	0.00665	0.00211	0.00302	0.01480	0.00483	0.00423
9	0.01275	0.01223	0.02089	0.06716	0.75039	0.01234	0.01591	0.01586	0.01179	0.01684	0.00977	0.01293	0.00819	0.00467	0.00516	0.00156	0.00622	0.00464	0.00257	0.00814
10	0.02013	0.01404	0.01529	0.01172	0.01588	0.01534	0.00969	0.69679	0.02358	0.10445	0.01327	0.01300	0.00924	0.00627	0.00521	0.00157	0.00561	0.00474	0.00533	0.00886
11	0.01372	0.01094	0.01167	0.01033	0.01331	0.01246	0.00808	0.06755	0.65652	0.06283	0.02048	0.01896	0.01523	0.00694	0.00521	0.00172	0.00414	0.00574	0.04603	0.00815
12	0.00753	0.00520	0.00646	0.00646	0.00673	0.00547	0.00413	0.00807	0.00780	0.01068	0.01569	0.03013	0.01722	0.59124	0.24990	0.00601	0.00763	0.00699	0.00305	0.00359
13	0.78331	0.00967	0.00746	0.00672	0.00982	0.01108	0.00550	0.01466	0.00911	0.02259	0.01103	0.01192	0.07021	0.00553	0.00347	0.00162	0.00391	0.00350	0.00336	0.00554
14	0.01329	0.51089	0.26275	0.01111	0.01643	0.07971	0.01220	0.01629	0.01104	0.01361	0.00796	0.00926	0.00666	0.00468	0.00395	0.00130	0.00653	0.00316	0.00226	0.00695
15	0.01711	0.01606	0.01517	0.01269	0.01519	0.22713	0.01021	0.28346	0.04969	0.05130	0.01036	0.01185	0.00816	0.00689	0.00852	0.00172	0.23925	0.00436	0.00373	0.00715
16	0.01251	0.01198	0.02045	0.12837	0.69107	0.01227	0.01579	0.01565	0.01168	0.01655	0.00973	0.01301	0.00809	0.00471	0.00516	0.00157	0.00628	0.00464	0.00254	0.00794
17	0.00971	0.00485	0.00485	0.00485	0.00607	0.00485	0.00364	0.01213	0.01092	0.01942	0.01699	0.01942	0.01335	0.00607	0.00364	0.00121	0.00243	0.00485	0.84589	0.00485
18	0.00757	0.00505	0.00568	0.00568	0.00568	0.00505	0.00316	0.00757	0.00757	0.01010	0.01641	0.03408	0.01893	0.81698	0.02651	0.00505	0.00505	0.00757	0.00316	0.00316
19	0.00634	0.00453	0.00604	0.00725	0.00755	0.00423	0.00483	0.00725	0.00997	0.01329	0.02870	0.81358	0.03444	0.01632	0.00665	0.00211	0.00302	0.01480	0.00483	0.00423
20	0.00675	0.00506	0.00626	0.00646	0.00753	0.00457	0.00465	0.00844	0.01254	0.01682	0.36613	0.28522	0.22441	0.01305	0.00630	0.00182	0.00268	0.01150	0.00523	0.00457
21	0.01484	0.01395	0.02453	0.01865	0.05961	0.01397	0.45373	0.27368	0.01642	0.02229	0.01131	0.01358	0.00836	0.00508	0.00572	0.00167	0.00747	0.00555	0.02195	0.00766
22	0.00638	0.00525	0.00561	0.00559	0.00719	0.00448	0.00417	0.00789	0.01232	0.01528	0.18459	0.07870	0.61881	0.01285	0.00617	0.00175	0.00262	0.01086	0.00500	0.00448
23	0.01945	0.02482	0.01476	0.01342	0.01610	0.79608	0.01006	0.02079	0.01476	0.01275	0.00805	0.00939	0.00671	0.00537	0.00470	0.00134	0.00939	0.00335	0.00268	0.00604
24	0.01958	0.01448	0.01550	0.01194	0.01607	0.01605	0.00984	0.74332	0.04866	0.03246	0.01278	0.01273	0.00908	0.00628	0.00521	0.00157	0.00568	0.00473	0.00521	0.00884
25	0.00896	0.00809	0.01066	0.01022	0.01090	0.04205	0.03917	0.01063	0.03283	0.01374	0.03542	0.42797	0.02361	0.01275	0.00956	0.00211	0.23710	0.05529	0.00394	0.00502
26	0.15262	0.44070	0.08789	0.01104	0.05513	0.01716	0.02649	0.12496	0.01246	0.01779	0.00840	0.00957	0.00693	0.00483	0.00389	0.00134	0.00563	0.00333	0.00285	0.00701
27	0.55448	0.04498	0.05111	0.00808	0.01172	0.01164	0.00707	0.08250	0.01135	0.10287	0.04034	0.01120	0.00858	0.00532	0.00384	0.00156	0.00441	0.00356	0.00374	0.03165
28	0.05034	0.01326	0.01658	0.01288	0.01667	0.13246	0.18715	0.01803	0.12475	0.05941	0.01149	0.01295	0.00894	0.00527	0.00577	0.00143	0.06534	0.00448	0.00338	0.24942
29	0.04796	0.01035	0.01134	0.00907	0.01249	0.05072	0.02605	0.15370	0.07475	0.08001	0.14445	0.02021	0.08016	0.00680	0.00498	0.00138	0.00436	0.00556	0.00447	0.25120

[dist]
# distance from previous block
# <min> <max>
0	3

[block]
# block no. 8 follows, 47 sequences, length 17
# corresponding to MSA columns:
# 260-270,272-277
name=unknown_I
#
# <colnr> <probs for GDERKNQSTAVLIFYWHMCP>
#	G	D	E	R	K	N	Q	S	T	A	V	L	I	F	Y	W	H	M	C	P
0	0.09577	0.01303	0.01324	0.01088	0.01442	0.13610	0.03938	0.14436	0.15831	0.24911	0.01559	0.01586	0.01128	0.00628	0.00503	0.00159	0.00551	0.02663	0.00483	0.03279
