[name]
unknown

[dist]
# distance from previous block
# <min> <max>
0	18

[block]
# block no. 0 follows, 54 sequences, length 70
# corresponding to MSA columns:
# 19-88
name=unknown_A
#
# <colnr> <probs for GDERKNQSTAVLIFYWHMCP>
#	G	D	E	R	K	N	Q	S	T	A	V	L	I	F	Y	W	H	M	C	P
0	0.07689	0.10289	0.08829	0.00959	0.02083	0.10272	0.04762	0.03372	0.03950	0.06260	0.04087	0.03191	0.07157	0.00721	0.00475	0.00150	0.00498	0.17119	0.00342	0.07794
1	0.01132	0.04237	0.29815	0.01212	0.04086	0.07093	0.08340	0.13663	0.05812	0.01693	0.05733	0.04255	0.03160	0.05603	0.00589	0.00165	0.00586	0.00486	0.00306	0.02035
2	0.01309	0.13608	0.01325	0.05070	0.01302	0.04372	0.02007	0.17060	0.06282	0.11231	0.04025	0.06202	0.05189	0.00598	0.00454	0.00128	0.01749	0.00477	0.00374	0.17238
3	0.01206	0.10352	0.02308	0.01058	0.05884	0.01096	0.06033	0.13201	0.25791	0.06573	0.13800	0.04267	0.03956	0.00655	0.00478	0.00146	0.00424	0.00559	0.00420	0.01793
4	0.17626	0.00913	0.00951	0.00786	0.01107	0.00929	0.00623	0.03981	0.30310	0.01871	0.05326	0.01364	0.01135	0.00513	0.00401	0.00124	0.00360	0.00403	0.00374	0.30901
5	0.12327	0.01227	0.09007	0.15579	0.04251	0.05377	0.17012	0.01338	0.00919	0.01399	0.00766	0.01077	0.00627	0.00560	0.00798	0.00168	0.26362	0.00411	0.00227	0.00566
6	0.01173	0.01013	0.01066	0.00960	0.01226	0.01173	0.00746	0.02505	0.79636	0.01972	0.01919	0.01759	0.01439	0.00640	0.00480	0.00160	0.00373	0.00533	0.00480	0.00746
7	0.00806	0.00513	0.00621	0.00587	0.00737	0.00453	0.00440	0.00962	0.01171	0.11927	0.30283	0.12866	0.32515	0.03239	0.00600	0.00165	0.00264	0.00909	0.00481	0.00463
8	0.01042	0.01159	0.02488	0.01812	0.02230	0.01086	0.68478	0.01398	0.01085	0.01470	0.01170	0.12031	0.01031	0.00539	0.00562	0.00163	0.00726	0.00659	0.00265	0.00603
9	0.01881	0.00751	0.01019	0.00799	0.01123	0.00653	0.00653	0.02070	0.01347	0.68058	0.14529	0.01915	0.01698	0.00645	0.00487	0.00146	0.00372	0.00535	0.00573	0.00745
10	0.00920	0.00895	0.01594	0.71739	0.03144	0.01067	0.11493	0.01245	0.00965	0.01245	0.00853	0.01259	0.00640	0.00462	0.00483	0.00157	0.00650	0.00437	0.00213	0.00539
11	0.00636	0.00436	0.00529	0.00577	0.00589	0.00424	0.00353	0.00673	0.00782	0.01043	0.01979	0.38588	0.02337	0.47078	0.01602	0.00339	0.00376	0.00976	0.00353	0.00329
12	0.00697	0.00564	0.00749	0.00858	0.11170	0.00518	0.00548	0.00893	0.01215	0.01641	0.44913	0.03548	0.28985	0.00968	0.00545	0.00151	0.00272	0.00843	0.00455	0.00469
13	0.01792	0.01321	0.01415	0.01085	0.01462	0.01462	0.00896	0.78916	0.02217	0.02972	0.01132	0.01132	0.00802	0.00566	0.00472	0.00142	0.00519	0.00425	0.00472	0.00802
14	0.01219	0.73029	0.12792	0.00877	0.01319	0.01764	0.00930	0.01423	0.00963	0.01160	0.00681	0.00788	0.00604	0.00409	0.00322	0.00107	0.00530	0.00265	0.00201	0.00617
15	0.01289	0.00914	0.01058	0.00903	0.01177	0.00982	0.02698	0.08836	0.43293	0.15487	0.11356	0.02045	0.06474	0.00690	0.00494	0.00154	0.00375	0.00580	0.00493	0.00701
16	0.86760	0.00912	0.00693	0.00620	0.00912	0.01058	0.00511	0.01386	0.00802	0.02115	0.00657	0.00766	0.00511	0.00438	0.00292	0.00146	0.00365	0.00255	0.00292	0.00511
17	0.00934	0.04188	0.73756	0.01281	0.01931	0.01069	0.01633	0.01451	0.01017	0.01511	0.06190	0.01160	0.00857	0.00482	0.00452	0.00148	0.00660	0.00380	0.00221	0.00678
18	0.01057	0.02292	0.70526	0.01310	0.01965	0.01143	0.01631	0.11671	0.01156	0.01688	0.00884	0.01013	0.00624	0.00463	0.00451	0.00148	0.00673	0.00358	0.00235	0.00711
19	0.01880	0.00746	0.01003	0.00788	0.01097	0.00654	0.00631	0.02040	0.01262	0.67713	0.04391	0.01863	0.01347	0.11487	0.00730	0.00187	0.00403	0.00514	0.00542	0.00723
20	0.86760	0.00912	0.00693	0.00620	0.00912	0.01058	0.00511	0.01386	0.00802	0.02115	0.00657	0.00766	0.00511	0.00438	0.00292	0.00146	0.00365	0.00255	0.00292	0.00511
21	0.01003	0.00861	0.00989	0.00733	0.01132	0.00700	0.00583	0.01361	0.11318	0.01594	0.00980	0.01080	0.00796	0.00387	0.00366	0.00082	0.00352	0.00313	0.00306	0.75064
22	0.00995	0.00895	0.01215	0.00868	0.01294	0.00703	0.10841	0.01230	0.00995	0.01533	0.00853	0.01016	0.00701	0.00356	0.00376	0.00082	0.00408	0.00316	0.00274	0.75049
23	0.00577	0.00444	0.00528	0.00580	0.00667	0.00395	0.00407	0.00687	0.01012	0.01297	0.10892	0.44565	0.33626	0.01317	0.00580	0.00175	0.00255	0.01158	0.00446	0.00395
24	0.01310	0.50275	0.18306	0.00931	0.01381	0.01500	0.00979	0.01621	0.05966	0.12354	0.00942	0.00987	0.00734	0.00453	0.00367	0.00121	0.00521	0.00320	0.00272	0.00660
25	0.00587	0.00420	0.00558	0.00648	0.00687	0.00391	0.00439	0.00687	0.00960	0.01294	0.12805	0.72658	0.03293	0.01410	0.00596	0.00186	0.00267	0.01276	0.00448	0.00391
26	0.00978	0.00838	0.00978	0.00698	0.01117	0.00629	0.00559	0.01187	0.00978	0.01536	0.00838	0.00978	0.00698	0.00349	0.00349	0.00070	0.00349	0.00279	0.00279	0.86312
27	0.01051	0.00609	0.00710	0.00629	0.00845	0.00542	0.00490	0.03943	0.03571	0.22951	0.09300	0.07186	0.44358	0.00986	0.00531	0.00156	0.00297	0.00826	0.00486	0.00535
28	0.25811	0.17689	0.04257	0.00939	0.01262	0.25532	0.00795	0.11234	0.05670	0.01704	0.00816	0.00900	0.00651	0.00473	0.00373	0.00130	0.00570	0.00309	0.00289	0.00596
29	0.00635	0.00488	0.00583	0.00574	0.00695	0.00444	0.00425	0.00840	0.03559	0.01605	0.43448	0.13647	0.29147	0.01093	0.00560	0.00158	0.00239	0.00950	0.00481	0.00431
30	0.01212	0.12474	0.04171	0.00968	0.01268	0.06152	0.00801	0.02281	0.61242	0.01787	0.01635	0.01539	0.01244	0.00591	0.00451	0.00149	0.00432	0.00474	0.00417	0.00713
31	0.01017	0.00861	0.01172	0.01387	0.24771	0.00857	0.00837	0.01525	0.20716	0.03922	0.19757	0.02052	0.06619	0.00643	0.00481	0.00139	0.00384	0.00566	0.00389	0.11905
32	0.01153	0.17665	0.28033	0.01536	0.08039	0.01310	0.25424	0.08524	0.01142	0.01562	0.00872	0.01061	0.00666	0.00432	0.00457	0.00141	0.00663	0.00407	0.00239	0.00673
33	0.01120	0.01252	0.02668	0.02106	0.12721	0.01183	0.68611	0.01502	0.01108	0.01514	0.00945	0.01258	0.00720	0.00400	0.00545	0.00156	0.00764	0.00539	0.00238	0.00651
34	0.00574	0.00410	0.00547	0.00657	0.00684	0.00383	0.00438	0.00657	0.00903	0.01204	0.02599	0.83122	0.03119	0.01477	0.00602	0.00191	0.00274	0.01340	0.00438	0.00383
35	0.42864	0.01540	0.31505	0.01075	0.01545	0.01090	0.11267	0.01443	0.00917	0.01799	0.00768	0.00920	0.00571	0.00436	0.00386	0.00149	0.00548	0.00330	0.00250	0.00598
36	0.00613	0.00468	0.00681	0.05669	0.00904	0.00453	0.03330	0.00721	0.00913	0.01215	0.02432	0.75177	0.02880	0.01377	0.00592	0.00188	0.00314	0.01256	0.00417	0.00401
37	0.00557	0.00478	0.00478	0.00478	0.00637	0.00398	0.00358	0.00677	0.01075	0.01274	0.04776	0.04538	0.80297	0.01194	0.00557	0.00159	0.00239	0.00995	0.00438	0.00398
38	0.00853	0.00439	0.00452	0.00458	0.00562	0.00436	0.00340	0.01063	0.00992	0.01724	0.03635	0.07306	0.01421	0.00623	0.00354	0.00116	0.00223	0.00511	0.78056	0.00436
39	0.01761	0.02247	0.01336	0.01215	0.01458	0.81537	0.00911	0.01883	0.01336	0.01154	0.00729	0.00850	0.00607	0.00486	0.00425	0.00121	0.00850	0.00304	0.00243	0.00547
40	0.01992	0.00830	0.01091	0.00855	0.01207	0.00756	0.00700	0.02325	0.11641	0.70451	0.01868	0.01625	0.01203	0.00591	0.00475	0.00148	0.00398	0.00482	0.00570	0.00795
41	0.00571	0.00423	0.00534	0.00622	0.00675	0.00386	0.00422	0.00660	0.00936	0.01217	0.03017	0.68013	0.17957	0.01423	0.00593	0.00185	0.00267	0.01274	0.00438	0.00386
42	0.00652	0.00527	0.00839	0.00823	0.00907	0.00494	0.10726	0.00771	0.00917	0.01226	0.02313	0.67331	0.02714	0.06487	0.00709	0.00204	0.00354	0.01196	0.00402	0.00410
43	0.01113	0.01362	0.17096	0.05876	0.62215	0.01112	0.01498	0.01446	0.01053	0.01517	0.00877	0.01138	0.00713	0.00428	0.00463	0.00143	0.00589	0.00406	0.00226	0.00728
44	0.01647	0.02031	0.01447	0.01538	0.16653	0.66075	0.01014	0.01799	0.01286	0.01228	0.00759	0.00911	0.00634	0.00473	0.00433	0.00125	0.00795	0.00326	0.00241	0.00585
45	0.00984	0.12287	0.71472	0.01279	0.01940	0.01188	0.01629	0.01483	0.00991	0.01447	0.00823	0.00966	0.00598	0.00443	0.00430	0.00143	0.00673	0.00337	0.00199	0.00686
46	0.01039	0.13148	0.51323	0.01342	0.06336	0.01216	0.05379	0.01613	0.11339	0.01508	0.00969	0.01087	0.00724	0.00463	0.00439	0.00144	0.00625	0.00374	0.00240	0.00691
47	0.01382	0.01145	0.01446	0.03648	0.01528	0.11507	0.15238	0.06637	0.05372	0.16512	0.01106	0.01196	0.00819	0.00471	0.00483	0.00125	0.03508	0.00403	0.00343	0.27130
48	0.01043	0.00875	0.00948	0.00886	0.01102	0.00986	0.00679	0.04067	0.57776	0.01813	0.02138	0.17572	0.04375	0.00835	0.00510	0.00167	0.00355	0.02744	0.00469	0.00658
49	0.00990	0.00849	0.00983	0.00714	0.01124	0.00662	0.00570	0.01267	0.05761	0.01563	0.00904	0.01025	0.00743	0.00367	0.00357	0.00075	0.00351	0.00295	0.00292	0.81108
50	0.00675	0.00501	0.00736	0.00736	0.00812	0.00577	0.00562	0.00828	0.00751	0.01078	0.01283	0.01965	0.01227	0.10806	0.74358	0.00730	0.01190	0.00522	0.00256	0.00409
51	0.00573	0.00414	0.00543	0.00646	0.00681	0.00384	0.00433	0.00658	0.00913	0.01208	0.02724	0.78591	0.07568	0.01461	0.00599	0.00190	0.00272	0.01321	0.00438	0.00384
52	0.00686	0.00457	0.00514	0.00514	0.00514	0.00457	0.00286	0.00686	0.00686	0.00914	0.01486	0.03086	0.01714	0.83430	0.02400	0.00457	0.00457	0.00686	0.00286	0.00286
53	0.00686	0.00457	0.00514	0.00514	0.00514	0.00457	0.00286	0.00686	0.00686	0.00914	0.01486	0.03086	0.01714	0.83430	0.02400	0.00457	0.00457	0.00686	0.00286	0.00286
54	0.00626	0.00471	0.00579	0.00571	0.00684	0.00424	0.00421	0.00803	0.01209	0.01637	0.50054	0.14255	0.24355	0.01092	0.00562	0.00157	0.00233	0.00955	0.00487	0.00424
55	0.32955	0.06026	0.04049	0.00980	0.01258	0.42460	0.00792	0.01639	0.01089	0.01517	0.00699	0.00825	0.00572	0.00472	0.00403	0.00133	0.03044	0.00288	0.00256	0.00541
56	0.01123	0.48143	0.36834	0.01042	0.01574	0.01528	0.01216	0.01447	0.00974	0.01277	0.00739	0.00861	0.00602	0.00423	0.00366	0.00122	0.00589	0.00294	0.00201	0.00645
57	0.01141	0.39568	0.19211	0.01174	0.11141	0.05156	0.01045	0.01403	0.01055	0.02715	0.11212	0.01242	0.01136	0.00496	0.00397	0.00124	0.00531	0.00379	0.00255	0.00622
58	0.00946	0.02439	0.80987	0.01344	0.02041	0.01095	0.01742	0.01493	0.00995	0.01493	0.00846	0.00995	0.00597	0.00448	0.00448	0.00149	0.00697	0.00348	0.00199	0.00697
59	0.00571	0.00478	0.00496	0.00492	0.00645	0.00404	0.00369	0.00703	0.01107	0.01350	0.14051	0.04413	0.70975	0.01166	0.00557	0.00158	0.00237	0.00978	0.00448	0.00404
60	0.01206	0.01079	0.01811	0.08095	0.68609	0.01091	0.01376	0.01507	0.02899	0.06349	0.00967	0.01213	0.00780	0.00439	0.00468	0.00142	0.00551	0.00426	0.00259	0.00735
61	0.01245	0.06920	0.11766	0.01954	0.33311	0.01261	0.11918	0.15670	0.03263	0.01750	0.00930	0.01133	0.00734	0.00476	0.00533	0.00146	0.05580	0.00422	0.00276	0.00712
62	0.01667	0.01290	0.01343	0.01064	0.01415	0.04040	0.00867	0.61089	0.17681	0.02712	0.01276	0.01248	0.00923	0.00578	0.00472	0.00145	0.00501	0.00442	0.00466	0.00782
63	0.00576	0.00432	0.00535	0.00606	0.00673	0.00391	0.00418	0.00677	0.00976	0.01267	0.08310	0.57526	0.23161	0.01370	0.00587	0.00180	0.00261	0.01219	0.00443	0.00391
64	0.01062	0.12470	0.47654	0.04132	0.08068	0.05021	0.11056	0.01485	0.01022	0.01419	0.00829	0.01015	0.00626	0.00442	0.00460	0.00143	0.01851	0.00369	0.00209	0.00666
65	0.01257	0.19407	0.20039	0.01477	0.09132	0.06190	0.21187	0.07563	0.02428	0.05614	0.00921	0.01076	0.00703	0.00444	0.00449	0.00138	0.00643	0.00401	0.00261	0.00671
66	0.01234	0.01011	0.01077	0.00957	0.01231	0.01158	0.00748	0.04494	0.73904	0.05733	0.01896	0.01735	0.01410	0.00635	0.00479	0.00159	0.00378	0.00527	0.00484	0.00750
67	0.00597	0.00439	0.00560	0.00615	0.00683	0.00402	0.00429	0.00722	0.01043	0.01399	0.23924	0.50882	0.13967	0.01300	0.00583	0.00175	0.00255	0.01161	0.00460	0.00402
68	0.07144	0.59342	0.03259	0.00856	0.01243	0.04102	0.00811	0.11665	0.03152	0.03536	0.00787	0.00861	0.00661	0.00441	0.00339	0.00113	0.00504	0.00291	0.00262	0.00633
69	0.01057	0.00820	0.01042	0.03457	0.01162	0.03728	0.07385	0.18955	0.02883	0.05377	0.01833	0.39080	0.01933	0.06001	0.00652	0.00184	0.00429	0.00870	0.00408	0.02744

[dist]
# distance from previous block
# <min> <max>
0	3

[block]
# block no. 1 follows, 54 sequences, length 113
# corresponding to MSA columns:
# 92-204
name=unknown_B
#
# <colnr> <probs for GDERKNQSTAVLIFYWHMCP>
#	G	D	E	R	K	N	Q	S	T	A	V	L	I	F	Y	W	H	M	C	P
0	0.13725	0.01120	0.01413	0.11153	0.29491	0.08384	0.01046	0.08495	0.04039	0.15098	0.01057	0.01183	0.00787	0.00483	0.00440	0.00143	0.00529	0.00399	0.00329	0.00683
1	0.01345	0.01162	0.01547	0.09943	0.18395	0.02841	0.07783	0.26273	0.21922	0.02062	0.01231	0.01323	0.00927	0.00528	0.00479	0.00149	0.00532	0.00460	0.00371	0.00727
2	0.00668	0.00507	0.00615	0.00617	0.00724	0.00483	0.00447	0.00922	0.07704	0.01580	0.38145	0.23487	0.16639	0.04511	0.00638	0.00175	0.00260	0.00966	0.00472	0.00440
3	0.01359	0.55572	0.02255	0.01028	0.01412	0.14640	0.09896	0.06565	0.01119	0.01285	0.00733	0.00856	0.00631	0.00427	0.00363	0.00114	0.00595	0.00307	0.00230	0.00612
4	0.01173	0.00861	0.00930	0.00840	0.01067	0.04187	0.00647	0.01916	0.40354	0.14141	0.11451	0.11556	0.07251	0.00798	0.00505	0.00158	0.00359	0.00678	0.00483	0.00645
5	0.00946	0.02439	0.80987	0.01344	0.02041	0.01095	0.01742	0.01493	0.00995	0.01493	0.00846	0.00995	0.00597	0.00448	0.00448	0.00149	0.00697	0.00348	0.00199	0.00697
6	0.01555	0.26744	0.01737	0.01271	0.10562	0.44702	0.00933	0.01707	0.01192	0.04476	0.00772	0.00890	0.00646	0.00457	0.00395	0.00118	0.00693	0.00309	0.00243	0.00598
7	0.00707	0.00497	0.00618	0.00585	0.00703	0.00470	0.00439	0.00966	0.04210	0.01855	0.65243	0.03290	0.06892	0.00913	0.00527	0.00145	0.00228	0.00798	0.10460	0.00454
8	0.00578	0.00443	0.00530	0.00583	0.00668	0.00395	0.00409	0.00689	0.01013	0.01303	0.11686	0.45259	0.32116	0.01317	0.00580	0.00175	0.00255	0.01159	0.00446	0.00395
9	0.01386	0.56330	0.02137	0.01059	0.07062	0.18511	0.00880	0.05519	0.01111	0.01246	0.00712	0.00825	0.00626	0.00430	0.00349	0.00110	0.00582	0.00284	0.00227	0.00613
10	0.00570	0.00478	0.00495	0.00491	0.00645	0.00403	0.00368	0.00701	0.01105	0.01345	0.13552	0.04420	0.71477	0.01167	0.00557	0.00158	0.00237	0.00979	0.00447	0.00403
11	0.00663	0.00482	0.00624	0.00588	0.00702	0.00443	0.00441	0.00881	0.01324	0.01865	0.77108	0.03564	0.07596	0.00973	0.00556	0.00149	0.00223	0.00859	0.00516	0.00443
12	0.00697	0.00498	0.00721	0.00721	0.00808	0.00572	0.00559	0.00872	0.00785	0.01172	0.01295	0.01841	0.01182	0.03189	0.72115	0.00682	0.01142	0.00498	0.10229	0.00423
13	0.01229	0.01217	0.02586	0.01854	0.02318	0.01134	0.69696	0.01602	0.01140	0.10732	0.01059	0.01311	0.00768	0.00419	0.00547	0.00157	0.00749	0.00547	0.00279	0.00655
14	0.00978	0.00838	0.00978	0.00698	0.01117	0.00629	0.00559	0.01187	0.00978	0.01536	0.00838	0.00978	0.00698	0.00349	0.00349	0.00070	0.00349	0.00279	0.00279	0.86312
15	0.01113	0.01272	0.02782	0.01987	0.02464	0.01192	0.78776	0.01510	0.01113	0.01510	0.00954	0.01272	0.00715	0.00397	0.00556	0.00159	0.00795	0.00556	0.00238	0.00636
16	0.02074	0.00869	0.01135	0.00870	0.01237	0.00791	0.00719	0.12083	0.01460	0.70873	0.01767	0.01544	0.01121	0.00581	0.00474	0.00145	0.00416	0.00468	0.00569	0.00802
17	0.00711	0.00569	0.00650	0.00615	0.00742	0.03810	0.00461	0.00946	0.03683	0.01765	0.62709	0.05050	0.14563	0.00976	0.00549	0.00150	0.00256	0.00849	0.00494	0.00451
18	0.00686	0.00457	0.00514	0.00514	0.00514	0.00457	0.00286	0.00686	0.00686	0.00914	0.01486	0.03086	0.01714	0.83430	0.02400	0.00457	0.00457	0.00686	0.00286	0.00286
19	0.01032	0.00984	0.01620	0.29808	0.39045	0.01115	0.01297	0.01295	0.00988	0.01380	0.04109	0.01275	0.00840	0.00520	0.00631	0.00156	0.12611	0.00437	0.00233	0.00624
20	0.00667	0.00482	0.00630	0.00593	0.00704	0.00445	0.00445	0.00890	0.01335	0.01891	0.80239	0.03522	0.04449	0.00964	0.00556	0.00148	0.00222	0.00853	0.00519	0.00445
21	0.00897	0.01024	0.10667	0.72883	0.03107	0.01053	0.01360	0.01238	0.00949	0.01238	0.00839	0.01227	0.00625	0.00469	0.00469	0.00156	0.00636	0.00411	0.00208	0.00544
22	0.01275	0.00888	0.01049	0.00768	0.01173	0.00737	0.00622	0.10423	0.01188	0.15813	0.01054	0.01107	0.00794	0.00416	0.00386	0.00092	0.00378	0.00331	0.00356	0.61150
23	0.00667	0.00482	0.00630	0.00593	0.00704	0.00445	0.00445	0.00890	0.01335	0.01891	0.80239	0.03522	0.04449	0.00964	0.00556	0.00148	0.00222	0.00853	0.00519	0.00445
24	0.01268	0.01060	0.01120	0.00979	0.01262	0.01217	0.00769	0.14215	0.67773	0.02125	0.01798	0.01663	0.01342	0.00628	0.00479	0.00157	0.00395	0.00516	0.00479	0.00755
25	0.00890	0.00838	0.01414	0.82296	0.03247	0.01048	0.01309	0.01205	0.00943	0.01205	0.00838	0.01257	0.00629	0.00471	0.00471	0.00157	0.00629	0.00419	0.00210	0.00524
26	0.00879	0.00439	0.00439	0.00439	0.00549	0.00439	0.00330	0.01099	0.00989	0.01758	0.01538	0.01758	0.01209	0.00549	0.00330	0.00110	0.00220	0.00439	0.86047	0.00439
27	0.01245	0.01049	0.01107	0.00974	0.01254	0.01206	0.00764	0.11391	0.70634	0.02089	0.01828	0.01686	0.01365	0.00631	0.00479	0.00158	0.00390	0.00520	0.00479	0.00753
28	0.11673	0.01273	0.01331	0.01031	0.01398	0.01415	0.00851	0.69901	0.02052	0.02872	0.01077	0.01089	0.00768	0.00551	0.00451	0.00142	0.00501	0.00405	0.00451	0.00768
29	0.01645	0.01247	0.01332	0.01055	0.01406	0.01393	0.00861	0.60748	0.20625	0.02734	0.01319	0.01281	0.00953	0.00584	0.00474	0.00146	0.00484	0.00450	0.00474	0.00789
30	0.00736	0.00535	0.00727	0.00823	0.00937	0.00526	0.00713	0.00942	0.01084	0.01395	0.02762	0.05228	0.11735	0.01290	0.00640	0.00210	0.00411	0.68440	0.00435	0.00430
31	0.01110	0.00834	0.00991	0.00715	0.01127	0.00636	0.00574	0.01316	0.01021	0.10755	0.00957	0.01051	0.00753	0.00376	0.00364	0.00079	0.00355	0.00302	0.00315	0.76369
32	0.86760	0.00912	0.00693	0.00620	0.00912	0.01058	0.00511	0.01386	0.00802	0.02115	0.00657	0.00766	0.00511	0.00438	0.00292	0.00146	0.00365	0.00255	0.00292	0.00511
33	0.01032	0.01032	0.01444	0.01238	0.01238	0.01444	0.01032	0.01135	0.00722	0.01135	0.00619	0.01032	0.00619	0.00825	0.01547	0.00206	0.82567	0.00413	0.00206	0.00516
34	0.01996	0.00843	0.01101	0.00860	0.01214	0.00772	0.00705	0.04663	0.10480	0.69268	0.01845	0.01608	0.01188	0.00590	0.00475	0.00147	0.00402	0.00479	0.00568	0.00796
35	0.00982	0.11890	0.71856	0.01281	0.01944	0.01185	0.01633	0.01484	0.00991	0.01449	0.00824	0.00968	0.00598	0.00443	0.00431	0.00144	0.00674	0.00337	0.00199	0.00686
36	0.02106	0.00818	0.01104	0.00846	0.01212	0.00717	0.00699	0.04639	0.01376	0.78436	0.01838	0.01590	0.01156	0.00583	0.00474	0.00146	0.00405	0.00473	0.00580	0.00802
37	0.00641	0.00481	0.00593	0.00565	0.00688	0.00434	0.00424	0.00838	0.01272	0.01742	0.62059	0.03767	0.22722	0.01019	0.00556	0.00151	0.00226	0.00887	0.00499	0.00434
38	0.00639	0.00481	0.00590	0.00563	0.00687	0.00433	0.00422	0.00834	0.01267	0.01729	0.60494	0.03788	0.24295	0.01024	0.00556	0.00151	0.00227	0.00890	0.00498	0.00433
39	0.01834	0.01255	0.01374	0.01054	0.01429	0.01364	0.00870	0.69160	0.02106	0.12883	0.01225	0.01192	0.00848	0.00568	0.00472	0.00142	0.00504	0.00431	0.00486	0.00802
40	0.00581	0.00435	0.00540	0.00606	0.00675	0.00394	0.00419	0.00689	0.00995	0.01301	0.12154	0.54847	0.21952	0.01349	0.00586	0.00179	0.00259	0.01200	0.00447	0.00394
41	0.08295	0.01246	0.01214	0.00988	0.01295	0.17013	0.00796	0.22585	0.01487	0.31357	0.01274	0.02497	0.00900	0.00579	0.00527	0.00145	0.06244	0.00420	0.00435	0.00703
42	0.00686	0.00457	0.00514	0.00514	0.00514	0.00457	0.00286	0.00686	0.00686	0.00914	0.01486	0.03086	0.01714	0.83430	0.02400	0.00457	0.00457	0.00686	0.00286	0.00286
43	0.01789	0.01428	0.01406	0.01100	0.01462	0.10774	0.00898	0.69958	0.02114	0.02760	0.01085	0.01099	0.00779	0.00557	0.00466	0.00139	0.00557	0.00410	0.00445	0.00772
44	0.00978	0.00838	0.00978	0.00698	0.01117	0.00629	0.00559	0.01187	0.00978	0.01536	0.00838	0.00978	0.00698	0.00349	0.00349	0.00070	0.00349	0.00279	0.00279	0.86312
45	0.01426	0.41425	0.11144	0.01034	0.01406	0.33890	0.00958	0.01611	0.01115	0.01172	0.00707	0.00822	0.00605	0.00442	0.00369	0.00115	0.00666	0.00284	0.00218	0.00592
46	0.54085	0.01069	0.00971	0.00799	0.01123	0.01213	0.00659	0.31201	0.01346	0.02445	0.00839	0.00907	0.00623	0.00487	0.00361	0.00144	0.00424	0.00320	0.00361	0.00623
47	0.01255	0.01005	0.11340	0.02175	0.06021	0.00813	0.04821	0.10472	0.04085	0.21755	0.06658	0.13899	0.08391	0.02203	0.00544	0.00162	0.00443	0.02898	0.00426	0.00633
48	0.00971	0.00946	0.01373	0.05669	0.01321	0.01268	0.04175	0.01098	0.00777	0.01175	0.00894	0.10615	0.00926	0.00858	0.01312	0.00198	0.63381	0.00527	0.02013	0.00504
49	0.00574	0.00410	0.00547	0.00657	0.00684	0.00383	0.00438	0.00657	0.00903	0.01204	0.02599	0.83122	0.03119	0.01477	0.00602	0.00191	0.00274	0.01340	0.00438	0.00383
50	0.02115	0.00802	0.01094	0.00839	0.01204	0.00693	0.00693	0.02298	0.01350	0.80815	0.01860	0.01605	0.01167	0.00584	0.00474	0.00146	0.00401	0.00474	0.00584	0.00802
51	0.01792	0.01321	0.01415	0.01085	0.01462	0.01462	0.00896	0.78916	0.02217	0.02972	0.01132	0.01132	0.00802	0.00566	0.00472	0.00142	0.00519	0.00425	0.00472	0.00802
52	0.86760	0.00912	0.00693	0.00620	0.00912	0.01058	0.00511	0.01386	0.00802	0.02115	0.00657	0.00766	0.00511	0.00438	0.00292	0.00146	0.00365	0.00255	0.00292	0.00511
53	0.01792	0.01321	0.01415	0.01085	0.01462	0.01462	0.00896	0.78916	0.02217	0.02972	0.01132	0.01132	0.00802	0.00566	0.00472	0.00142	0.00519	0.00425	0.00472	0.00802
54	0.86760	0.00912	0.00693	0.00620	0.00912	0.01058	0.00511	0.01386	0.00802	0.02115	0.00657	0.00766	0.00511	0.00438	0.00292	0.00146	0.00365	0.00255	0.00292	0.00511
55	0.01261	0.83713	0.02471	0.00807	0.01210	0.01866	0.00807	0.01412	0.00958	0.01109	0.00656	0.00756	0.00605	0.00403	0.00303	0.00101	0.00504	0.00252	0.00202	0.00605
56	0.01168	0.01051	0.01350	0.01453	0.19283	0.01162	0.05050	0.02212	0.57634	0.01850	0.01634	0.01599	0.01244	0.00577	0.00481	0.00155	0.00438	0.00509	0.00411	0.00741
57	0.01173	0.01013	0.01066	0.00960	0.01226	0.01173	0.00746	0.02505	0.79636	0.01972	0.01919	0.01759	0.01439	0.00640	0.00480	0.00160	0.00373	0.00533	0.00480	0.00746
58	0.00628	0.00455	0.00593	0.00612	0.00694	0.00420	0.00439	0.00794	0.01162	0.01608	0.48102	0.33316	0.07085	0.01165	0.00573	0.00165	0.00242	0.01041	0.00485	0.00420
59	0.00890	0.00838	0.01414	0.82296	0.03247	0.01048	0.01309	0.01205	0.00943	0.01205	0.00838	0.01257	0.00629	0.00471	0.00471	0.00157	0.00629	0.00419	0.00210	0.00524
60	0.00587	0.00416	0.00543	0.00640	0.00664	0.00392	0.00420	0.00660	0.00877	0.01170	0.02469	0.73815	0.02955	0.11007	0.00811	0.00222	0.00295	0.01264	0.00420	0.00372
61	0.00819	0.00410	0.00614	0.00614	0.00614	0.00410	0.00410	0.00614	0.00614	0.00819	0.00819	0.01433	0.00819	0.01638	0.01843	0.86282	0.00410	0.00410	0.00205	0.00205
62	0.01261	0.83713	0.02471	0.00807	0.01210	0.01866	0.00807	0.01412	0.00958	0.01109	0.00656	0.00756	0.00605	0.00403	0.00303	0.00101	0.00504	0.00252	0.00202	0.00605
63	0.00572	0.00418	0.00539	0.00636	0.00678	0.00385	0.00428	0.00659	0.00923	0.01212	0.02852	0.73984	0.12093	0.01444	0.00597	0.00188	0.00270	0.01300	0.00438	0.00385
64	0.01490	0.01662	0.01275	0.01134	0.01359	0.42117	0.00877	0.06534	0.24667	0.01503	0.01093	0.01162	0.00869	0.00582	0.00594	0.00145	0.11602	0.00394	0.00322	0.00617
65	0.01173	0.01013	0.01066	0.00960	0.01226	0.01173	0.00746	0.02505	0.79636	0.01972	0.01919	0.01759	0.01439	0.00640	0.00480	0.00160	0.00373	0.00533	0.00480	0.00746
66	0.00946	0.02439	0.80987	0.01344	0.02041	0.01095	0.01742	0.01493	0.00995	0.01493	0.00846	0.00995	0.00597	0.00448	0.00448	0.00149	0.00697	0.00348	0.00199	0.00697
67	0.01173	0.01013	0.01066	0.00960	0.01226	0.01173	0.00746	0.02505	0.79636	0.01972	0.01919	0.01759	0.01439	0.00640	0.00480	0.00160	0.00373	0.00533	0.00480	0.00746
68	0.00978	0.00838	0.00978	0.00698	0.01117	0.00629	0.00559	0.01187	0.00978	0.01536	0.00838	0.00978	0.00698	0.00349	0.00349	0.00070	0.00349	0.00279	0.00279	0.86312
69	0.00977	0.00954	0.01381	0.01176	0.01206	0.01270	0.05686	0.01086	0.00749	0.01135	0.00822	0.04677	0.00855	0.10431	0.01547	0.00232	0.64606	0.00492	0.00227	0.00491
70	0.00798	0.00645	0.00902	0.02379	0.10058	0.00736	0.00633	0.00894	0.00759	0.01072	0.01211	0.02197	0.01275	0.39370	0.21511	0.00449	0.13879	0.00562	0.00257	0.00414
71	0.01173	0.01013	0.01066	0.00960	0.01226	0.01173	0.00746	0.02505	0.79636	0.01972	0.01919	0.01759	0.01439	0.00640	0.00480	0.00160	0.00373	0.00533	0.00480	0.00746
72	0.00879	0.00439	0.00439	0.00439	0.00549	0.00439	0.00330	0.01099	0.00989	0.01758	0.01538	0.01758	0.01209	0.00549	0.00330	0.00110	0.00220	0.00439	0.86047	0.00439
73	0.01425	0.01033	0.01131	0.00948	0.01246	0.01141	0.00756	0.24804	0.41261	0.11313	0.06677	0.01670	0.01408	0.00630	0.00479	0.00151	0.00406	0.00513	0.02264	0.00743
74	0.70655	0.00873	0.00740	0.00646	0.00938	0.00974	0.00530	0.01475	0.00901	0.12516	0.04040	0.01051	0.02126	0.00491	0.00331	0.00146	0.00362	0.00321	0.00342	0.00545
75	0.01032	0.01032	0.01444	0.01238	0.01238	0.01444	0.01032	0.01135	0.00722	0.01135	0.00619	0.01032	0.00619	0.00825	0.01547	0.00206	0.82567	0.00413	0.00206	0.00516
76	0.01075	0.01021	0.01734	0.25811	0.55709	0.01082	0.01386	0.01363	0.01036	0.01439	0.00922	0.01320	0.00773	0.00462	0.00474	0.00147	0.00576	0.02767	0.00233	0.00673
77	0.01199	0.01387	0.02414	0.01787	0.02174	0.13016	0.58305	0.01521	0.01100	0.01414	0.00882	0.01182	0.00688	0.00460	0.00652	0.00159	0.10312	0.00503	0.00235	0.00609
78	0.00824	0.00423	0.00625	0.00617	0.00630	0.00416	0.00414	0.00632	0.00625	0.00841	0.00820	0.01419	0.00815	0.01599	0.01797	0.83651	0.00408	0.00406	0.00207	0.02833
79	0.00667	0.00482	0.00630	0.00593	0.00704	0.00445	0.00445	0.00890	0.01335	0.01891	0.80239	0.03522	0.04449	0.00964	0.00556	0.00148	0.00222	0.00853	0.00519	0.00445
80	0.00648	0.00463	0.00632	0.00741	0.00800	0.00446	0.00566	0.00784	0.00975	0.01286	0.02558	0.52221	0.02958	0.01408	0.00621	0.00202	0.00337	0.31514	0.00436	0.00403
81	0.01025	0.00520	0.00581	0.00535	0.00684	0.00510	0.00412	0.04025	0.01115	0.10999	0.11577	0.01944	0.01601	0.00663	0.01915	0.00132	0.00272	0.00497	0.60499	0.00495
82	0.00648	0.00479	0.00605	0.00579	0.00694	0.00436	0.00432	0.00850	0.01281	0.01775	0.66361	0.06542	0.15536	0.01016	0.00558	0.00151	0.00227	0.00891	0.00504	0.00436
83	0.02053	0.00903	0.01156	0.00886	0.01254	0.00842	0.00732	0.17126	0.01517	0.65749	0.01719	0.01513	0.01096	0.00580	0.00474	0.00145	0.00424	0.00465	0.00562	0.00802
84	0.00819	0.00410	0.00614	0.00614	0.00614	0.00410	0.00410	0.00614	0.00614	0.00819	0.00819	0.01433	0.00819	0.01638	0.01843	0.86282	0.00410	0.00410	0.00205	0.00205
85	0.01923	0.01111	0.01285	0.00985	0.01358	0.01151	0.00814	0.47934	0.01866	0.34449	0.01426	0.01323	0.00950	0.00573	0.00473	0.00143	0.00471	0.00445	0.00517	0.00802
86	0.00978	0.00838	0.00978	0.00698	0.01117	0.00629	0.00559	0.01187	0.00978	0.01536	0.00838	0.00978	0.00698	0.00349	0.00349	0.00070	0.00349	0.00279	0.00279	0.86312
87	0.01261	0.83713	0.02471	0.00807	0.01210	0.01866	0.00807	0.01412	0.00958	0.01109	0.00656	0.00756	0.00605	0.00403	0.00303	0.00101	0.00504	0.00252	0.00202	0.00605
88	0.51491	0.01082	0.00993	0.00813	0.01140	0.01226	0.00671	0.33568	0.01390	0.02471	0.00854	0.00918	0.00632	0.00491	0.00366	0.00144	0.00429	0.00326	0.00366	0.00632
89	0.01033	0.00990	0.02978	0.01820	0.34540	0.02495	0.07971	0.03734	0.10189	0.01517	0.01431	0.21776	0.01408	0.00737	0.00569	0.00160	0.05031	0.00672	0.00319	0.00630
90	0.01055	0.01004	0.01706	0.31873	0.50763	0.01080	0.01378	0.01344	0.01023	0.01411	0.00901	0.02734	0.00748	0.00459	0.00471	0.00147	0.00580	0.00437	0.00228	0.00659
91	0.00588	0.00438	0.00542	0.00600	0.00669	0.00398	0.00414	0.00696	0.00995	0.01306	0.14200	0.50297	0.21019	0.04724	0.00659	0.00189	0.00266	0.01164	0.00443	0.00391
92	0.02115	0.00802	0.01094	0.00839	0.01204	0.00693	0.00693	0.02298	0.01350	0.80815	0.01860	0.01605	0.01167	0.00584	0.00474	0.00146	0.00401	0.00474	0.00584	0.00802
93	0.01792	0.01321	0.01415	0.01085	0.01462	0.01462	0.00896	0.78916	0.02217	0.02972	0.01132	0.01132	0.00802	0.00566	0.00472	0.00142	0.00519	0.00425	0.00472	0.00802
94	0.17892	0.00860	0.01042	0.00816	0.01168	0.00816	0.00674	0.07631	0.01310	0.60533	0.01583	0.01414	0.01018	0.00555	0.00440	0.00146	0.00403	0.00430	0.00521	0.00748
95	0.00944	0.14642	0.00786	0.00502	0.00662	0.00683	0.00411	0.01152	0.00984	0.01647	0.01388	0.01587	0.01106	0.00524	0.00325	0.00108	0.00268	0.00408	0.71406	0.00468
96	0.01165	0.01125	0.01940	0.02866	0.78107	0.01122	0.03807	0.01449	0.01075	0.01539	0.00889	0.01170	0.00746	0.00419	0.00470	0.00141	0.00567	0.00424	0.00234	0.00743
97	0.01993	0.01089	0.01164	0.00924	0.01267	0.13525	0.00748	0.11722	0.01455	0.57168	0.03007	0.01462	0.01093	0.00573	0.00468	0.00142	0.00483	0.00448	0.00515	0.00756
98	0.86760	0.00912	0.00693	0.00620	0.00912	0.01058	0.00511	0.01386	0.00802	0.02115	0.00657	0.00766	0.00511	0.00438	0.00292	0.00146	0.00365	0.00255	0.00292	0.00511
99	0.01211	0.01786	0.31953	0.01247	0.04876	0.15627	0.05008	0.13301	0.07240	0.01670	0.01414	0.01481	0.09974	0.00570	0.00469	0.00145	0.00619	0.00454	0.00301	0.00654
100	0.00572	0.00476	0.00500	0.00500	0.00648	0.00404	0.00373	0.00704	0.01102	0.01352	0.14557	0.07502	0.67339	0.01175	0.00559	0.00159	0.00238	0.00990	0.00448	0.00404
101	0.00771	0.00705	0.01011	0.31415	0.04847	0.00798	0.00852	0.00973	0.00989	0.01258	0.03917	0.02774	0.33898	0.00849	0.00640	0.00165	0.09978	0.03367	0.00318	0.00475
102	0.00588	0.00470	0.00526	0.00530	0.00660	0.00408	0.00391	0.00729	0.01120	0.01424	0.24008	0.14072	0.51073	0.01170	0.00563	0.00160	0.00239	0.01001	0.00459	0.00408
103	0.00819	0.00410	0.00614	0.00614	0.00614	0.00410	0.00410	0.00614	0.00614	0.00819	0.00819	0.01433	0.00819	0.01638	0.01843	0.86282	0.00410	0.00410	0.00205	0.00205
104	0.01278	0.46247	0.01887	0.01045	0.10365	0.05944	0.00820	0.10560	0.01147	0.01488	0.00887	0.01017	0.00743	0.00453	0.00353	0.00113	0.00485	0.00325	0.14228	0.00615
105	0.01034	0.00878	0.01006	0.00745	0.01144	0.00726	0.00594	0.04552	0.10176	0.01646	0.00976	0.01075	0.00789	0.00392	0.00369	0.00083	0.00359	0.00315	0.00311	0.72829
106	0.01171	0.22252	0.43332	0.01148	0.01686	0.04559	0.01307	0.10566	0.06882	0.01592	0.00906	0.01002	0.00685	0.00466	0.00416	0.00136	0.00611	0.00345	0.00254	0.00684
107	0.01253	0.02968	0.01134	0.00987	0.01256	0.10219	0.00769	0.03880	0.67632	0.01881	0.01743	0.01623	0.01315	0.00616	0.00470	0.00154	0.00432	0.00499	0.00447	0.00722
108	0.86760	0.00912	0.00693	0.00620	0.00912	0.01058	0.00511	0.01386	0.00802	0.02115	0.00657	0.00766	0.00511	0.00438	0.00292	0.00146	0.00365	0.00255	0.00292	0.00511
109	0.01170	0.01323	0.11256	0.02303	0.44067	0.02939	0.21059	0.01548	0.04335	0.03959	0.00968	0.01204	0.00760	0.00433	0.00487	0.00147	0.00630	0.00450	0.00252	0.00710
110	0.01055	0.01181	0.02541	0.01840	0.02272	0.01106	0.70362	0.01419	0.01094	0.01479	0.01180	0.08289	0.02715	0.00507	0.00560	0.00162	0.00738	0.00633	0.00260	0.00609
111	0.00756	0.00654	0.00858	0.01043	0.14363	0.03896	0.01766	0.00919	0.01080	0.01419	0.17315	0.29193	0.18764	0.01076	0.00556	0.00166	0.00345	0.04951	0.00407	0.00473
112	0.86760	0.00912	0.00693	0.00620	0.00912	0.01058	0.00511	0.01386	0.00802	0.02115	0.00657	0.00766	0.00511	0.00438	0.00292	0.00146	0.00365	0.00255	0.00292	0.00511

[dist]
# distance from previous block
# <min> <max>
0	1

[block]
# block no. 2 follows, 54 sequences, length 122
# corresponding to MSA columns:
# 206-327
name=unknown_C
#
# <colnr> <probs for GDERKNQSTAVLIFYWHMCP>
#	G	D	E	R	K	N	Q	S	T	A	V	L	I	F	Y	W	H	M	C	P
0	0.01080	0.00945	0.01024	0.00823	0.01172	0.02618	0.00648	0.01776	0.35191	0.01718	0.01306	0.01315	0.01019	0.00478	0.00408	0.00110	0.00370	0.00390	0.00366	0.47245
1	0.00603	0.00430	0.00579	0.00689	0.00728	0.00407	0.00487	0.00705	0.00931	0.01235	0.02583	0.71288	0.03057	0.01451	0.00609	0.00195	0.00298	0.12896	0.00437	0.00391
2	0.01119	0.00840	0.01000	0.00978	0.08277	0.00885	0.00692	0.17145	0.19336	0.04928	0.26321	0.02273	0.06381	0.00727	0.00494	0.00146	0.00355	0.00616	0.06862	0.00624
3	0.86760	0.00912	0.00693	0.00620	0.00912	0.01058	0.00511	0.01386	0.00802	0.02115	0.00657	0.00766	0.00511	0.00438	0.00292	0.00146	0.00365	0.00255	0.00292	0.00511
4	0.01032	0.01032	0.01444	0.01238	0.01238	0.01444	0.01032	0.01135	0.00722	0.01135	0.00619	0.01032	0.00619	0.00825	0.01547	0.00206	0.82567	0.00413	0.00206	0.00516
5	0.01138	0.01090	0.01861	0.11354	0.72259	0.01113	0.01432	0.01421	0.01060	0.01505	0.00882	0.01177	0.00734	0.00426	0.00467	0.00142	0.00567	0.00420	0.00231	0.00723
6	0.01162	0.01134	0.01993	0.02811	0.73352	0.01127	0.08520	0.01453	0.01077	0.01538	0.00893	0.01177	0.00744	0.00418	0.00475	0.00142	0.00582	0.00433	0.00234	0.00737
7	0.00870	0.00592	0.00849	0.00790	0.00792	0.00712	0.00584	0.00772	0.00652	0.00920	0.00807	0.01418	0.00818	0.06056	0.03169	0.55235	0.24021	0.00428	0.00211	0.00302
8	0.00580	0.00479	0.00509	0.00502	0.00651	0.00408	0.00376	0.00721	0.01129	0.01401	0.20401	0.04327	0.64593	0.01146	0.00557	0.00157	0.00235	0.00966	0.00455	0.00408
9	0.01728	0.01952	0.01371	0.01247	0.04708	0.57421	0.00925	0.19772	0.03680	0.01614	0.00862	0.00954	0.00681	0.00506	0.00439	0.00128	0.00748	0.00343	0.00302	0.00620
10	0.05258	0.00578	0.00585	0.00536	0.00693	0.00601	0.00415	0.10728	0.01138	0.03468	0.01451	0.01629	0.01123	0.00547	0.00348	0.00116	0.00267	0.00429	0.69596	0.00495
11	0.00577	0.00415	0.00549	0.00654	0.00688	0.00387	0.00441	0.00663	0.00913	0.01210	0.02678	0.78706	0.05972	0.01463	0.00601	0.00191	0.00275	0.02795	0.00438	0.00385
12	0.01865	0.01205	0.01343	0.01030	0.01404	0.01290	0.00851	0.61740	0.02022	0.20422	0.01295	0.01238	0.00884	0.00570	0.00472	0.00142	0.00492	0.00436	0.00497	0.00802
13	0.00815	0.00411	0.00612	0.00612	0.00612	0.00411	0.00406	0.00616	0.00616	0.00822	0.00837	0.01479	0.00844	0.03884	0.01858	0.83925	0.00411	0.00417	0.00207	0.00207
14	0.00946	0.02439	0.80987	0.01344	0.02041	0.01095	0.01742	0.01493	0.00995	0.01493	0.00846	0.00995	0.00597	0.00448	0.00448	0.00149	0.00697	0.00348	0.00199	0.00697
15	0.00978	0.00838	0.00978	0.00698	0.01117	0.00629	0.00559	0.01187	0.00978	0.01536	0.00838	0.00978	0.00698	0.00349	0.00349	0.00070	0.00349	0.00279	0.00279	0.86312
16	0.00675	0.00499	0.00728	0.00728	0.00801	0.00573	0.00552	0.00823	0.00749	0.01072	0.01291	0.02006	0.01245	0.13465	0.71723	0.00720	0.01163	0.00528	0.00257	0.00404
17	0.01032	0.01032	0.01444	0.01238	0.01238	0.01444	0.01032	0.01135	0.00722	0.01135	0.00619	0.01032	0.00619	0.00825	0.01547	0.00206	0.82567	0.00413	0.00206	0.00516
18	0.01020	0.04355	0.01641	0.32056	0.13749	0.01052	0.15368	0.08331	0.01124	0.01486	0.02879	0.07625	0.06082	0.00588	0.00496	0.00154	0.00574	0.00553	0.00280	0.00586
19	0.01651	0.20150	0.01586	0.01125	0.01403	0.64028	0.00888	0.01779	0.01253	0.01144	0.00713	0.00830	0.00607	0.00468	0.00398	0.00117	0.00774	0.00292	0.00234	0.00559
20	0.01165	0.00835	0.01029	0.00850	0.05344	0.00702	0.00635	0.07206	0.01178	0.12767	0.12041	0.01441	0.01296	0.00488	0.00411	0.00101	0.00363	0.00405	0.00367	0.51377
21	0.01176	0.30954	0.41822	0.01129	0.01664	0.08743	0.01292	0.05642	0.01079	0.01406	0.00784	0.00905	0.00612	0.00442	0.00396	0.00129	0.00634	0.00315	0.00219	0.00656
22	0.00879	0.00439	0.00439	0.00439	0.00549	0.00439	0.00330	0.01099	0.00989	0.01758	0.01538	0.01758	0.01209	0.00549	0.00330	0.00110	0.00220	0.00439	0.86047	0.00439
23	0.00890	0.00838	0.01414	0.82296	0.03247	0.01048	0.01309	0.01205	0.00943	0.01205	0.00838	0.01257	0.00629	0.00471	0.00471	0.00157	0.00629	0.00419	0.00210	0.00524
24	0.00953	0.00867	0.01428	0.31443	0.33656	0.00951	0.01154	0.01195	0.00942	0.01288	0.00988	0.01535	0.00880	0.12575	0.07994	0.00247	0.00633	0.00465	0.00234	0.00570
25	0.00582	0.00422	0.00549	0.00637	0.00682	0.00390	0.00432	0.00679	0.00955	0.01272	0.09867	0.69819	0.09154	0.01409	0.00594	0.00185	0.00266	0.01269	0.00445	0.00390
26	0.02082	0.00795	0.01083	0.00833	0.01192	0.00687	0.00687	0.02265	0.01349	0.78984	0.03678	0.01649	0.01243	0.00592	0.00476	0.00146	0.00397	0.00483	0.00582	0.00794
27	0.01792	0.01321	0.01415	0.01085	0.01462	0.01462	0.00896	0.78916	0.02217	0.02972	0.01132	0.01132	0.00802	0.00566	0.00472	0.00142	0.00519	0.00425	0.00472	0.00802
28	0.02115	0.00802	0.01094	0.00839	0.01204	0.00693	0.00693	0.02298	0.01350	0.80815	0.01860	0.01605	0.01167	0.00584	0.00474	0.00146	0.00401	0.00474	0.00584	0.00802
29	0.45228	0.01112	0.01046	0.00847	0.01181	0.01255	0.00699	0.39283	0.01494	0.02534	0.00889	0.00945	0.00653	0.00500	0.00380	0.00144	0.00440	0.00338	0.00380	0.00653
30	0.14731	0.01412	0.01297	0.01207	0.08560	0.21862	0.00885	0.25711	0.06226	0.05233	0.00967	0.01056	0.00740	0.00540	0.00523	0.00144	0.07525	0.00375	0.00346	0.00659
31	0.01261	0.83713	0.02471	0.00807	0.01210	0.01866	0.00807	0.01412	0.00958	0.01109	0.00656	0.00756	0.00605	0.00403	0.00303	0.00101	0.00504	0.00252	0.00202	0.00605
32	0.46504	0.01413	0.00976	0.00868	0.01147	0.31810	0.00680	0.01659	0.01057	0.08946	0.00794	0.00875	0.00608	0.00469	0.00359	0.00137	0.00554	0.00294	0.00300	0.00551
33	0.01309	0.76177	0.02374	0.00832	0.01233	0.01829	0.00815	0.08501	0.01073	0.01280	0.00699	0.00791	0.00623	0.00418	0.00318	0.00105	0.00506	0.00268	0.00226	0.00623
34	0.01029	0.00521	0.00618	0.00560	0.00720	0.00486	0.00432	0.01237	0.01160	0.16362	0.24548	0.02389	0.06370	0.00710	0.00434	0.00130	0.00255	0.00595	0.40940	0.00506
35	0.00890	0.00838	0.01414	0.82296	0.03247	0.01048	0.01309	0.01205	0.00943	0.01205	0.00838	0.01257	0.00629	0.00471	0.00471	0.00157	0.00629	0.00419	0.00210	0.00524
36	0.00566	0.00478	0.00490	0.00487	0.00642	0.00402	0.00365	0.00694	0.01095	0.01323	0.10781	0.04457	0.74262	0.01176	0.00557	0.00158	0.00238	0.00984	0.00444	0.00402
37	0.00819	0.00410	0.00614	0.00614	0.00614	0.00410	0.00410	0.00614	0.00614	0.00819	0.00819	0.01433	0.00819	0.01638	0.01843	0.86282	0.00410	0.00410	0.00205	0.00205
38	0.01261	0.83713	0.02471	0.00807	0.01210	0.01866	0.00807	0.01412	0.00958	0.01109	0.00656	0.00756	0.00605	0.00403	0.00303	0.00101	0.00504	0.00252	0.00202	0.00605
39	0.00913	0.00642	0.00764	0.00694	0.00872	0.00642	0.00533	0.01395	0.20586	0.09066	0.46065	0.03017	0.11172	0.00873	0.00530	0.00152	0.00278	0.00754	0.00507	0.00547
40	0.00805	0.00665	0.00991	0.01248	0.23614	0.00636	0.00728	0.01039	0.01247	0.01759	0.53628	0.02897	0.07227	0.00819	0.00531	0.00146	0.00320	0.00736	0.00433	0.00529
41	0.00574	0.00410	0.00547	0.00657	0.00684	0.00383	0.00438	0.00657	0.00903	0.01204	0.02599	0.83122	0.03119	0.01477	0.00602	0.00191	0.00274	0.01340	0.00438	0.00383
42	0.74348	0.00950	0.00904	0.00763	0.01071	0.01076	0.07682	0.01457	0.05048	0.02052	0.00751	0.00865	0.00579	0.00445	0.00326	0.00148	0.00405	0.00298	0.00297	0.00535
43	0.01175	0.01168	0.02024	0.01719	0.12342	0.01200	0.37849	0.06216	0.25119	0.01727	0.01239	0.01391	0.00942	0.00497	0.00547	0.00157	0.03153	0.00519	0.00324	0.00690
44	0.00860	0.00443	0.00457	0.00454	0.00564	0.00440	0.00340	0.01080	0.01020	0.01770	0.08737	0.01919	0.01505	0.00587	0.00350	0.00113	0.00220	0.00477	0.78224	0.00440
45	0.00703	0.00759	0.11267	0.00711	0.00897	0.00556	0.00618	0.02266	0.04856	0.01539	0.26062	0.26089	0.18184	0.01058	0.00546	0.00163	0.00315	0.00924	0.02014	0.00472
46	0.00852	0.00710	0.01101	0.09566	0.24510	0.00726	0.00908	0.01050	0.00991	0.01336	0.01759	0.16849	0.01882	0.10281	0.00768	0.00211	0.00466	0.25188	0.00336	0.00510
47	0.01059	0.01112	0.00883	0.00816	0.00980	0.28698	0.00613	0.01276	0.03677	0.01614	0.47408	0.02577	0.05833	0.00796	0.00508	0.00140	0.00446	0.00657	0.00419	0.00488
48	0.00562	0.00461	0.00495	0.00523	0.00649	0.00394	0.00378	0.00672	0.01031	0.01256	0.04223	0.24502	0.60690	0.01266	0.00569	0.00167	0.00248	0.01083	0.00438	0.00394
49	0.01949	0.01080	0.01198	0.00943	0.01295	0.08312	0.00768	0.22107	0.05761	0.49158	0.01571	0.01422	0.01036	0.00573	0.00469	0.00143	0.00471	0.00449	0.00518	0.00776
50	0.82214	0.00934	0.00732	0.00645	0.00941	0.01079	0.00531	0.05534	0.00878	0.02161	0.00682	0.00786	0.00526	0.00445	0.00301	0.00146	0.00373	0.00264	0.00301	0.00526
51	0.01032	0.01032	0.01444	0.01238	0.01238	0.01444	0.01032	0.01135	0.00722	0.01135	0.00619	0.01032	0.00619	0.00825	0.01547	0.00206	0.82567	0.00413	0.00206	0.00516
52	0.01201	0.01027	0.01082	0.00965	0.01237	0.01186	0.00753	0.06030	0.76065	0.02018	0.01883	0.01730	0.01410	0.00636	0.00479	0.00159	0.00380	0.00528	0.00479	0.00749
53	0.05028	0.01317	0.01387	0.01105	0.01442	0.24046	0.11118	0.08093	0.01362	0.36421	0.03130	0.01319	0.00969	0.00533	0.00466	0.00140	0.00586	0.00433	0.00419	0.00687
54	0.01865	0.00911	0.01138	0.00864	0.01241	0.00834	0.00711	0.17231	0.01460	0.52466	0.01549	0.01409	0.01018	0.00542	0.00453	0.00133	0.00416	0.00432	0.00512	0.14816
55	0.00663	0.00482	0.00625	0.00589	0.00702	0.00443	0.00442	0.00882	0.01325	0.01868	0.77442	0.03560	0.07261	0.00972	0.00556	0.00149	0.00223	0.00858	0.00516	0.00443
56	0.01229	0.01041	0.01098	0.00971	0.01248	0.01199	0.00760	0.09494	0.72555	0.02064	0.01847	0.01702	0.01381	0.00633	0.00479	0.00158	0.00386	0.00523	0.00479	0.00751
