[name]
unknown

[dist]
# distance from previous block
# <min> <max>
1	172

[block]
# block no. 0 follows, 35 sequences, length 8
# corresponding to MSA columns:
# 219-226
name=unknown_A
#
# <colnr> <probs for GDERKNQSTAVLIFYWHMCP>
#	G	D	E	R	K	N	Q	S	T	A	V	L	I	F	Y	W	H	M	C	P
0	0.00923	0.00615	0.00692	0.00692	0.00692	0.00615	0.00384	0.00923	0.00923	0.01230	0.01999	0.04151	0.02306	0.77705	0.03229	0.00615	0.00615	0.00923	0.00384	0.00384
1	0.01102	0.00551	0.00826	0.00826	0.00826	0.00551	0.00551	0.00826	0.00826	0.01102	0.01102	0.01928	0.01102	0.02204	0.02479	0.81543	0.00551	0.00551	0.00275	0.00275
2	0.25929	0.01470	0.01625	0.01411	0.01556	0.07656	0.01163	0.01710	0.01071	0.01928	0.00860	0.01260	0.00787	0.00916	0.01449	0.00244	0.47472	0.00479	0.00316	0.00695
3	0.01604	0.01520	0.02724	0.01982	0.02562	0.01423	0.39950	0.07452	0.08111	0.05996	0.01449	0.01691	0.01087	0.00580	0.00662	0.00184	0.00826	0.00642	0.00411	0.19145
4	0.01661	0.71959	0.09148	0.01145	0.01720	0.02425	0.01189	0.01909	0.01293	0.01535	0.00903	0.01044	0.00813	0.00548	0.00423	0.00141	0.00700	0.00350	0.00271	0.00824
5	0.01570	0.01507	0.02575	0.03894	0.73748	0.01507	0.01947	0.01947	0.01444	0.02073	0.01193	0.01570	0.01005	0.00565	0.00628	0.00188	0.00754	0.00565	0.00314	0.01005
6	0.01696	0.78087	0.03324	0.01085	0.01628	0.02510	0.01085	0.01900	0.01289	0.01493	0.00882	0.01018	0.00814	0.00543	0.00407	0.00136	0.00678	0.00339	0.00271	0.00814
7	0.05174	0.01746	0.01562	0.01288	0.01700	0.21282	0.01019	0.18789	0.04642	0.18765	0.09153	0.01898	0.01641	0.00766	0.00607	0.00178	0.00706	0.00583	0.00561	0.07940

[dist]
# distance from previous block
# <min> <max>
0	1

[block]
# block no. 1 follows, 35 sequences, length 25
# corresponding to MSA columns:
# 236-260
name=unknown_B
#
# <colnr> <probs for GDERKNQSTAVLIFYWHMCP>
#	G	D	E	R	K	N	Q	S	T	A	V	L	I	F	Y	W	H	M	C	P
0	0.01880	0.02013	0.01860	0.33225	0.02984	0.31791	0.01450	0.13556	0.01769	0.01985	0.01133	0.01439	0.00872	0.00663	0.00609	0.00188	0.00944	0.00501	0.00359	0.00779
1	0.01018	0.00883	0.01408	0.44242	0.02906	0.01030	0.01264	0.01308	0.01246	0.01620	0.02132	0.33758	0.02267	0.01208	0.00709	0.00231	0.00643	0.01090	0.00412	0.00624
2	0.01164	0.33439	0.01834	0.00969	0.01220	0.01361	0.00800	0.01314	0.01246	0.01566	0.02388	0.44939	0.02761	0.01375	0.00639	0.00206	0.00500	0.01182	0.00454	0.00642
3	0.02000	0.45719	0.02722	0.01244	0.01772	0.02280	0.01137	0.31478	0.02007	0.02555	0.01154	0.01232	0.00926	0.00636	0.00504	0.00159	0.00687	0.00438	0.00425	0.00926
4	0.02184	0.01703	0.02065	0.01598	0.02124	0.06648	0.11569	0.23879	0.05251	0.12175	0.01726	0.01889	0.01313	0.00793	0.00697	0.00209	0.00764	0.00619	0.00584	0.22210
5	0.02308	0.01517	0.01691	0.01343	0.01811	0.01636	0.01094	0.39385	0.19623	0.19719	0.02004	0.01873	0.01400	0.00791	0.00638	0.00198	0.00614	0.00622	0.00672	0.01061
6	0.00871	0.00677	0.00801	0.00861	0.01036	0.00620	0.00698	0.01077	0.01423	0.01763	0.04919	0.06428	0.40828	0.05919	0.00940	0.00269	0.00446	0.29301	0.00576	0.00547
7	0.00923	0.00615	0.00692	0.00692	0.00692	0.00615	0.00384	0.00923	0.00923	0.01230	0.01999	0.04151	0.02306	0.77705	0.03229	0.00615	0.00615	0.00923	0.00384	0.00384
8	0.01335	0.14407	0.63844	0.01701	0.02579	0.01628	0.02157	0.01993	0.01332	0.01932	0.01100	0.01292	0.00805	0.00594	0.00574	0.00191	0.00899	0.00450	0.00268	0.00919
9	0.01696	0.78087	0.03324	0.01085	0.01628	0.02510	0.01085	0.01900	0.01289	0.01493	0.00882	0.01018	0.00814	0.00543	0.00407	0.00136	0.00678	0.00339	0.00271	0.00814
10	0.00789	0.00572	0.00749	0.00885	0.00943	0.00532	0.00611	0.00916	0.01250	0.01647	0.03714	0.66778	0.09543	0.01941	0.00810	0.00257	0.00380	0.06572	0.00589	0.00522
11	0.01973	0.47257	0.02697	0.01311	0.01765	0.32348	0.01143	0.02160	0.01498	0.01517	0.00922	0.01070	0.00815	0.00588	0.00475	0.00147	0.00870	0.00368	0.00294	0.00782
12	0.01198	0.01128	0.01903	0.76180	0.04369	0.01409	0.01762	0.01621	0.01268	0.01621	0.01128	0.01691	0.00846	0.00634	0.00634	0.00211	0.00846	0.00564	0.00282	0.00705
13	0.00906	0.00680	0.01020	0.01020	0.01133	0.00793	0.00793	0.01133	0.01020	0.01473	0.01699	0.02492	0.01586	0.04758	0.75191	0.01020	0.01699	0.00680	0.00340	0.00566
14	0.01166	0.00597	0.00618	0.00618	0.00763	0.00604	0.00465	0.01457	0.01311	0.02310	0.02047	0.02373	0.01624	0.00986	0.05032	0.00201	0.00382	0.00597	0.76262	0.00590
15	0.01102	0.00551	0.00826	0.00826	0.00826	0.00551	0.00551	0.00826	0.00826	0.01102	0.01102	0.01928	0.01102	0.02204	0.02479	0.81543	0.00551	0.00551	0.00275	0.00275
16	0.01190	0.01272	0.02470	0.01840	0.02306	0.01165	0.42299	0.01571	0.01476	0.01901	0.03396	0.03516	0.30751	0.00975	0.00749	0.00214	0.00762	0.00991	0.00431	0.00724
17	0.01497	0.01711	0.03743	0.02674	0.03316	0.01604	0.71444	0.02032	0.01497	0.02032	0.01283	0.01711	0.00963	0.00535	0.00749	0.00214	0.01070	0.00749	0.00321	0.00856
18	0.01497	0.01711	0.03743	0.02674	0.03316	0.01604	0.71444	0.02032	0.01497	0.02032	0.01283	0.01711	0.00963	0.00535	0.00749	0.00214	0.01070	0.00749	0.00321	0.00856
19	0.06746	0.01577	0.01805	0.01398	0.01892	0.12077	0.11418	0.08336	0.09556	0.09752	0.01454	0.01555	0.01099	0.00616	0.00573	0.00161	0.00690	0.00517	0.00457	0.28323
20	0.07662	0.01428	0.01134	0.01049	0.01285	0.23028	0.00793	0.01687	0.04060	0.02173	0.35515	0.03461	0.12149	0.01073	0.00665	0.00191	0.00577	0.00873	0.00548	0.00652
21	0.08746	0.01687	0.01506	0.01317	0.01691	0.15496	0.01030	0.12477	0.38313	0.05247	0.04514	0.01981	0.01630	0.00797	0.00612	0.00199	0.00644	0.00619	0.00569	0.00925
22	0.14122	0.01360	0.01387	0.01167	0.01571	0.08357	0.00931	0.04764	0.21089	0.30614	0.06461	0.02090	0.01723	0.00795	0.00604	0.00198	0.00570	0.00623	0.00635	0.00938
23	0.02121	0.01768	0.01826	0.01456	0.01920	0.14002	0.06084	0.28436	0.14552	0.10284	0.01659	0.01664	0.01212	0.00716	0.00617	0.00182	0.00724	0.00568	0.00550	0.09660
24	0.08657	0.01194	0.01584	0.01249	0.01716	0.01151	0.05934	0.02978	0.16279	0.48822	0.02307	0.02082	0.01534	0.00768	0.00628	0.00201	0.00566	0.00639	0.00693	0.01018

[dist]
# distance from previous block
# <min> <max>
0	124

[block]
# block no. 2 follows, 35 sequences, length 25
# corresponding to MSA columns:
# 400-424
name=unknown_C
#
# <colnr> <probs for GDERKNQSTAVLIFYWHMCP>
#	G	D	E	R	K	N	Q	S	T	A	V	L	I	F	Y	W	H	M	C	P
0	0.07618	0.02032	0.01760	0.01427	0.01877	0.22808	0.01142	0.40432	0.02379	0.06675	0.01356	0.01404	0.00996	0.00707	0.00593	0.00179	0.00793	0.00504	0.00526	0.04792
1	0.06315	0.02199	0.01739	0.01462	0.01865	0.32520	0.01150	0.32799	0.05397	0.02787	0.04736	0.01530	0.01221	0.00738	0.00602	0.00181	0.00847	0.00525	0.00497	0.00889
2	0.38471	0.01444	0.01386	0.01123	0.01562	0.01614	0.00925	0.33896	0.01996	0.06492	0.01301	0.01366	0.00948	0.00683	0.00517	0.00191	0.00579	0.00472	0.04153	0.00880
3	0.01930	0.31639	0.02243	0.01195	0.01658	0.09636	0.01037	0.13565	0.07353	0.10988	0.07196	0.01676	0.01463	0.00702	0.00540	0.00164	0.00658	0.00518	0.00469	0.05368
4	0.01391	0.01073	0.01200	0.01121	0.01387	0.01168	0.00849	0.06908	0.37108	0.05912	0.06532	0.24079	0.06125	0.01231	0.00702	0.00224	0.00460	0.01066	0.00635	0.00830
5	0.01706	0.01635	0.01357	0.01176	0.01514	0.20423	0.00917	0.22455	0.05564	0.02397	0.03361	0.03267	0.29497	0.01070	0.00664	0.00194	0.00656	0.00838	0.00537	0.00772
6	0.02091	0.01892	0.01678	0.01444	0.01820	0.22102	0.01171	0.36729	0.02314	0.02849	0.01780	0.02670	0.01578	0.00952	0.00671	0.00205	0.00797	0.15847	0.00538	0.00873
7	0.02078	0.01610	0.02308	0.01742	0.02263	0.01678	0.21278	0.33019	0.12846	0.11867	0.01734	0.01782	0.01234	0.00714	0.00669	0.00202	0.00756	0.00652	0.00565	0.01004
8	0.00865	0.00621	0.00825	0.00868	0.00976	0.00581	0.00639	0.01093	0.01546	0.02135	0.40293	0.31806	0.05082	0.01599	0.00784	0.00231	0.00354	0.08488	0.00646	0.00566
9	0.02177	0.44155	0.02524	0.01134	0.01644	0.06060	0.01035	0.02395	0.01521	0.29473	0.01511	0.01464	0.01105	0.00642	0.00505	0.00161	0.00652	0.00458	0.00472	0.00912
10	0.01799	0.31260	0.02243	0.01288	0.01711	0.18297	0.01085	0.02618	0.29413	0.01962	0.01572	0.01576	0.01256	0.00692	0.00537	0.00173	0.00713	0.00503	0.00431	0.00871
11	0.01792	0.01409	0.01510	0.01307	0.01697	0.01596	0.01031	0.14039	0.57046	0.07570	0.02411	0.02221	0.01778	0.00840	0.00643	0.00210	0.00535	0.00689	0.00653	0.01021
12	0.01696	0.78087	0.03324	0.01085	0.01628	0.02510	0.01085	0.01900	0.01289	0.01493	0.00882	0.01018	0.00814	0.00543	0.00407	0.00136	0.00678	0.00339	0.00271	0.00814
13	0.82186	0.01227	0.00932	0.00834	0.01227	0.01423	0.00687	0.01865	0.01080	0.02846	0.00883	0.01031	0.00687	0.00589	0.00393	0.00196	0.00491	0.00344	0.00393	0.00687
14	0.01497	0.01711	0.03743	0.02674	0.03316	0.01604	0.71444	0.02032	0.01497	0.02032	0.01283	0.01711	0.00963	0.00535	0.00749	0.00214	0.01070	0.00749	0.00321	0.00856
15	0.00750	0.00643	0.00643	0.00643	0.00857	0.00536	0.00482	0.00910	0.01446	0.01714	0.06427	0.06105	0.73490	0.01607	0.00750	0.00214	0.00321	0.01339	0.00589	0.00536
16	0.00906	0.00680	0.01020	0.01020	0.01133	0.00793	0.00793	0.01133	0.01020	0.01473	0.01699	0.02492	0.01586	0.04758	0.75191	0.01020	0.01699	0.00680	0.00340	0.00566
17	0.01578	0.01363	0.01434	0.01291	0.01650	0.01578	0.01004	0.03371	0.72602	0.02654	0.02582	0.02367	0.01937	0.00861	0.00646	0.00215	0.00502	0.00717	0.00646	0.01004
18	0.00768	0.00572	0.00715	0.00830	0.00906	0.00520	0.00565	0.00889	0.01266	0.01640	0.04148	0.61463	0.19603	0.01903	0.00796	0.00248	0.00358	0.01700	0.00589	0.00520
19	0.01578	0.01363	0.01434	0.01291	0.01650	0.01578	0.01004	0.03371	0.72602	0.02654	0.02582	0.02367	0.01937	0.00861	0.00646	0.00215	0.00502	0.00717	0.00646	0.01004
20	0.00898	0.00648	0.00848	0.00798	0.00948	0.00599	0.00599	0.01197	0.01796	0.02544	0.73413	0.04739	0.05986	0.01297	0.00748	0.00200	0.00299	0.01147	0.00698	0.00599
21	0.00773	0.00552	0.00736	0.00883	0.00920	0.00515	0.00589	0.00883	0.01215	0.01619	0.03497	0.77291	0.04196	0.01987	0.00810	0.00258	0.00368	0.01803	0.00589	0.00515
22	0.02370	0.03023	0.01798	0.01634	0.01961	0.75158	0.01226	0.02533	0.01798	0.01553	0.00981	0.01144	0.00817	0.00654	0.00572	0.00163	0.01144	0.00409	0.00327	0.00735
23	0.82186	0.01227	0.00932	0.00834	0.01227	0.01423	0.00687	0.01865	0.01080	0.02846	0.00883	0.01031	0.00687	0.00589	0.00393	0.00196	0.00491	0.00344	0.00393	0.00687
24	0.33802	0.01593	0.01330	0.01139	0.01544	0.17681	0.00907	0.02508	0.07235	0.24242	0.01535	0.01507	0.01085	0.00685	0.00528	0.00191	0.00652	0.00478	0.00518	0.00843

[dist]
# distance from previous block
# <min> <max>
0	1

[block]
# block no. 3 follows, 35 sequences, length 9
# corresponding to MSA columns:
# 427-435
name=unknown_D
#
# <colnr> <probs for GDERKNQSTAVLIFYWHMCP>
#	G	D	E	R	K	N	Q	S	T	A	V	L	I	F	Y	W	H	M	C	P
0	0.01272	0.03281	0.74418	0.01808	0.02746	0.01473	0.02344	0.02009	0.01339	0.02009	0.01138	0.01339	0.00804	0.00603	0.00603	0.00201	0.00938	0.00469	0.00268	0.00938
1	0.01452	0.01208	0.01389	0.01004	0.01561	0.00985	0.00808	0.10324	0.01523	0.02308	0.01177	0.01341	0.00957	0.00506	0.00490	0.00106	0.00498	0.00400	0.00408	0.71552
2	0.01102	0.00551	0.00826	0.00826	0.00826	0.00551	0.00551	0.00826	0.00826	0.01102	0.01102	0.01928	0.01102	0.02204	0.02479	0.81543	0.00551	0.00551	0.00275	0.00275
3	0.00812	0.00583	0.00771	0.00856	0.00929	0.00542	0.00592	0.00982	0.01398	0.01911	0.25581	0.54374	0.04761	0.01769	0.00790	0.00239	0.00346	0.01596	0.00623	0.00542
4	0.01318	0.01206	0.01994	0.02943	0.50744	0.01194	0.01518	0.01611	0.01372	0.01929	0.01921	0.25488	0.02013	0.01014	0.00685	0.00210	0.00632	0.00956	0.00401	0.00850
5	0.01198	0.01128	0.01903	0.76180	0.04369	0.01409	0.01762	0.01621	0.01268	0.01621	0.01128	0.01691	0.00846	0.00634	0.00634	0.00211	0.00846	0.00564	0.00282	0.00705
6	0.01938	0.01878	0.16324	0.02246	0.24734	0.01572	0.01619	0.23787	0.05316	0.12034	0.01520	0.01624	0.01106	0.00676	0.00627	0.00194	0.00733	0.00565	0.00481	0.01024
7	0.01415	0.26486	0.37559	0.01409	0.02148	0.01677	0.01633	0.01893	0.01319	0.01857	0.01055	0.01233	0.00834	0.00558	0.00515	0.00159	0.00764	0.00410	0.00290	0.16787
8	0.01900	0.01588	0.15808	0.01234	0.01822	0.01123	0.01172	0.05280	0.09144	0.26662	0.01767	0.01727	0.01239	0.00657	0.00579	0.00167	0.00599	0.00527	0.00533	0.26472

[dist]
# distance from previous block
# <min> <max>
0	5

[block]
# block no. 4 follows, 35 sequences, length 23
# corresponding to MSA columns:
# 456-465,471-483
name=unknown_E
#
# <colnr> <probs for GDERKNQSTAVLIFYWHMCP>
#	G	D	E	R	K	N	Q	S	T	A	V	L	I	F	Y	W	H	M	C	P
0	0.05571	0.02235	0.35620	0.01454	0.02139	0.04887	0.01588	0.02406	0.06052	0.23488	0.01615	0.01623	0.01109	0.00665	0.00595	0.00190	0.00746	0.00519	0.00462	0.07035
1	0.01887	0.01478	0.02881	0.02081	0.02671	0.01346	0.45017	0.02316	0.01579	0.23630	0.01637	0.01816	0.01143	0.00605	0.00695	0.00200	0.00866	0.00687	0.00464	0.07002
2	0.00976	0.00768	0.00953	0.00904	0.01139	0.00639	0.00650	0.01151	0.01252	0.01787	0.02609	0.48831	0.02976	0.01419	0.00682	0.00196	0.00406	0.01269	0.00509	0.30883
3	0.01985	0.01229	0.01464	0.01102	0.01621	0.01093	0.00895	0.13167	0.06017	0.25088	0.01710	0.01677	0.01220	0.00638	0.00559	0.00149	0.00530	0.00509	0.00561	0.38786
4	0.02235	0.01829	0.01795	0.01444	0.01901	0.09979	0.01166	0.49895	0.17231	0.03450	0.01682	0.01655	0.01227	0.00770	0.00630	0.00193	0.00707	0.00583	0.00603	0.01025
5	0.02384	0.02032	0.01705	0.01428	0.01844	0.29099	0.01125	0.21236	0.11488	0.18756	0.01681	0.01636	0.01205	0.00740	0.00613	0.00185	0.00803	0.00545	0.00555	0.00940
6	0.00773	0.00552	0.00736	0.00883	0.00920	0.00515	0.00589	0.00883	0.01215	0.01619	0.03497	0.77291	0.04196	0.01987	0.00810	0.00258	0.00368	0.01803	0.00589	0.00515
7	0.01696	0.78087	0.03324	0.01085	0.01628	0.02510	0.01085	0.01900	0.01289	0.01493	0.00882	0.01018	0.00814	0.00543	0.00407	0.00136	0.00678	0.00339	0.00271	0.00814
8	0.00773	0.00552	0.00736	0.00883	0.00920	0.00515	0.00589	0.00883	0.01215	0.01619	0.03497	0.77291	0.04196	0.01987	0.00810	0.00258	0.00368	0.01803	0.00589	0.00515
9	0.01696	0.78087	0.03324	0.01085	0.01628	0.02510	0.01085	0.01900	0.01289	0.01493	0.00882	0.01018	0.00814	0.00543	0.00407	0.00136	0.00678	0.00339	0.00271	0.00814
10	0.02042	0.01567	0.01667	0.01356	0.01791	0.01758	0.01095	0.42807	0.28985	0.03419	0.01945	0.01878	0.01426	0.00798	0.00630	0.00198	0.00606	0.00627	0.04378	0.01028
11	0.00764	0.00586	0.00701	0.00793	0.00896	0.00523	0.00549	0.00893	0.01301	0.01655	0.04594	0.50625	0.30153	0.01845	0.00787	0.00241	0.00351	0.01629	0.00589	0.00523
12	0.00773	0.00552	0.00736	0.00883	0.00920	0.00515	0.00589	0.00883	0.01215	0.01619	0.03497	0.77291	0.04196	0.01987	0.00810	0.00258	0.00368	0.01803	0.00589	0.00515
13	0.78768	0.01250	0.00974	0.00861	0.01259	0.01446	0.00709	0.04854	0.01161	0.02896	0.00911	0.01052	0.00704	0.00596	0.00403	0.00196	0.00500	0.00353	0.00403	0.00704
14	0.32254	0.01551	0.01517	0.01217	0.01674	0.01744	0.01002	0.42147	0.05688	0.03501	0.01335	0.01380	0.00974	0.00702	0.00544	0.00194	0.00611	0.00493	0.00544	0.00928
15	0.00923	0.00615	0.00692	0.00692	0.00692	0.00615	0.00384	0.00923	0.00923	0.01230	0.01999	0.04151	0.02306	0.77705	0.03229	0.00615	0.00615	0.00923	0.00384	0.00384
16	0.01326	0.01163	0.01461	0.01044	0.01612	0.00891	0.04999	0.01623	0.01326	0.02065	0.01137	0.01339	0.00941	0.00474	0.00487	0.00101	0.00506	0.00398	0.00373	0.76733
17	0.82186	0.01227	0.00932	0.00834	0.01227	0.01423	0.00687	0.01865	0.01080	0.02846	0.00883	0.01031	0.00687	0.00589	0.00393	0.00196	0.00491	0.00344	0.00393	0.00687
18	0.00906	0.00680	0.01020	0.01020	0.01133	0.00793	0.00793	0.01133	0.01020	0.01473	0.01699	0.02492	0.01586	0.04758	0.75191	0.01020	0.01699	0.00680	0.00340	0.00566
19	0.00805	0.00645	0.00720	0.00701	0.00891	0.00559	0.00526	0.01018	0.01577	0.02025	0.31520	0.05593	0.48203	0.01491	0.00749	0.00209	0.00313	0.01267	0.00630	0.00559
20	0.01570	0.01507	0.02575	0.03894	0.73748	0.01507	0.01947	0.01947	0.01444	0.02073	0.01193	0.01570	0.01005	0.00565	0.00628	0.00188	0.00754	0.00565	0.00314	0.01005
21	0.02073	0.01609	0.01713	0.01391	0.01838	0.01809	0.01124	0.43935	0.31231	0.03453	0.01953	0.01865	0.01427	0.00802	0.00639	0.00200	0.00619	0.00630	0.00639	0.01049
22	0.01272	0.03281	0.74418	0.01808	0.02746	0.01473	0.02344	0.02009	0.01339	0.02009	0.01138	0.01339	0.00804	0.00603	0.00603	0.00201	0.00938	0.00469	0.00268	0.00938

[dist]
# distance from previous block
# <min> <max>
0	1

[block]
# block no. 5 follows, 35 sequences, length 19
# corresponding to MSA columns:
# 485-503
name=unknown_F
#
# <colnr> <probs for GDERKNQSTAVLIFYWHMCP>
#	G	D	E	R	K	N	Q	S	T	A	V	L	I	F	Y	W	H	M	C	P
0	0.00911	0.00661	0.00923	0.00923	0.01003	0.00741	0.00673	0.01071	0.00991	0.01401	0.01787	0.02979	0.01798	0.26180	0.54059	0.00901	0.01381	0.00751	0.00353	0.00513
1	0.01637	0.01318	0.01488	0.01092	0.01640	0.01175	0.00885	0.22164	0.01805	0.02634	0.01244	0.01376	0.00981	0.00555	0.00518	0.00122	0.00537	0.00433	0.00452	0.57942
2	0.00906	0.00680	0.01020	0.01020	0.01133	0.00793	0.00793	0.01133	0.01020	0.01473	0.01699	0.02492	0.01586	0.04758	0.75191	0.01020	0.01699	0.00680	0.00340	0.00566
3	0.01696	0.78087	0.03324	0.01085	0.01628	0.02510	0.01085	0.01900	0.01289	0.01493	0.00882	0.01018	0.00814	0.00543	0.00407	0.00136	0.00678	0.00339	0.00271	0.00814
4	0.01558	0.53687	0.26513	0.01321	0.01993	0.02172	0.01496	0.01935	0.01305	0.01661	0.00966	0.01123	0.00811	0.00562	0.00471	0.00157	0.00763	0.00381	0.00270	0.00854
5	0.02407	0.01903	0.01893	0.01477	0.01967	0.09383	0.01208	0.64632	0.02863	0.03750	0.01468	0.01485	0.01052	0.00751	0.00628	0.00188	0.00743	0.00555	0.00603	0.01044
6	0.55972	0.01291	0.01145	0.00946	0.01386	0.01402	0.00776	0.12219	0.01405	0.02880	0.01022	0.01154	0.00790	0.00594	0.00442	0.00177	0.00518	0.00383	0.00426	0.15071
7	0.09555	0.00834	0.00924	0.00830	0.00981	0.00847	0.00559	0.06699	0.01228	0.12480	0.01925	0.03339	0.01940	0.52594	0.02359	0.00478	0.00598	0.00795	0.00464	0.00571
8	0.47014	0.01469	0.01361	0.01110	0.01553	0.01663	0.00916	0.32625	0.01919	0.03354	0.01165	0.01248	0.00860	0.00665	0.00499	0.00194	0.00582	0.00444	0.00499	0.00860
9	0.01359	0.01140	0.01299	0.01202	0.01481	0.01322	0.00935	0.02641	0.49253	0.02269	0.02294	0.02408	0.01822	0.02132	0.24960	0.00478	0.00893	0.00705	0.00546	0.00861
10	0.27950	0.53017	0.02544	0.01004	0.01497	0.02156	0.00956	0.01888	0.01221	0.01934	0.00882	0.01022	0.00773	0.00558	0.00402	0.00155	0.00617	0.00341	0.00311	0.00773
11	0.32166	0.01318	0.01393	0.01227	0.01494	0.01626	0.00996	0.02257	0.24377	0.02396	0.01423	0.01571	0.01137	0.00831	0.00971	0.00226	0.22828	0.00528	0.00441	0.00792
12	0.08056	0.01344	0.01988	0.02315	0.29023	0.01486	0.01433	0.02102	0.01370	0.19929	0.01390	0.01622	0.01071	0.00782	0.01039	0.00217	0.22937	0.00563	0.00427	0.00908
13	0.05402	0.36878	0.20475	0.01277	0.01899	0.01848	0.01353	0.04696	0.01466	0.17299	0.01315	0.01360	0.00977	0.00619	0.00513	0.00170	0.00706	0.00444	0.00399	0.00906
14	0.21948	0.01088	0.01435	0.01748	0.22461	0.01107	0.01049	0.01766	0.01512	0.09240	0.27075	0.02622	0.02759	0.00854	0.00612	0.00195	0.00504	0.00724	0.00516	0.00786
15	0.01481	0.09100	0.15827	0.01204	0.01681	0.04067	0.01154	0.19081	0.07297	0.02386	0.03133	0.03064	0.25946	0.01003	0.00644	0.00196	0.00615	0.00798	0.00501	0.00820
16	0.37997	0.23747	0.01652	0.00933	0.01315	0.04541	0.00807	0.01760	0.01323	0.02332	0.16352	0.01822	0.01859	0.00729	0.00480	0.00178	0.00531	0.00516	0.00420	0.00707
17	0.01669	0.01675	0.01730	0.19981	0.02429	0.19690	0.04278	0.11004	0.01687	0.02116	0.06698	0.01674	0.01292	0.00661	0.00591	0.00167	0.00775	0.00532	0.00396	0.20954
18	0.32316	0.20505	0.02023	0.01265	0.01632	0.04776	0.06632	0.01886	0.01198	0.04709	0.00967	0.01204	0.00809	0.00694	0.00802	0.00199	0.16857	0.00433	0.00344	0.00750

[dist]
# distance from previous block
# <min> <max>
11	45

[block]
# block no. 6 follows, 35 sequences, length 17
# corresponding to MSA columns:
# 555-571
name=unknown_G
#
# <colnr> <probs for GDERKNQSTAVLIFYWHMCP>
#	G	D	E	R	K	N	Q	S	T	A	V	L	I	F	Y	W	H	M	C	P
0	0.06483	0.01513	0.02553	0.01914	0.02394	0.05105	0.36742	0.08297	0.01617	0.04584	0.08701	0.06158	0.01652	0.00750	0.00741	0.00204	0.03716	0.00757	0.00424	0.05695
1	0.01664	0.01695	0.02719	0.02054	0.02533	0.09594	0.37357	0.02245	0.10938	0.06523	0.01437	0.01702	0.01098	0.00671	0.00850	0.00208	0.09878	0.00655	0.00392	0.05790
2	0.12891	0.01436	0.02402	0.01803	0.02297	0.01427	0.33791	0.09573	0.07305	0.02453	0.08791	0.04374	0.01631	0.00714	0.00661	0.00201	0.00760	0.00719	0.00442	0.06331
3	0.01497	0.01711	0.03743	0.02674	0.03316	0.01604	0.71444	0.02032	0.01497	0.02032	0.01283	0.01711	0.00963	0.00535	0.00749	0.00214	0.01070	0.00749	0.00321	0.00856
4	0.01550	0.01470	0.02434	0.10039	0.02629	0.01547	0.29980	0.02620	0.33025	0.04924	0.01887	0.02016	0.01404	0.00699	0.00686	0.00214	0.00774	0.00710	0.00478	0.00913
5	0.00847	0.00616	0.00815	0.00947	0.01035	0.00584	0.00711	0.01019	0.01314	0.01715	0.03754	0.48413	0.11111	0.01876	0.00824	0.00264	0.00430	0.22600	0.00587	0.00539
6	0.01315	0.01128	0.01315	0.00940	0.01503	0.00846	0.00752	0.01597	0.01315	0.02067	0.01128	0.01315	0.00940	0.00470	0.00470	0.00094	0.00470	0.00376	0.00376	0.81583
7	0.01791	0.01314	0.01471	0.01188	0.01549	0.01406	0.00957	0.42739	0.02496	0.03402	0.31014	0.02842	0.03092	0.00981	0.00681	0.00194	0.00534	0.00807	0.00661	0.00882
8	0.01207	0.00936	0.01081	0.01072	0.01259	0.01000	0.00784	0.10386	0.21848	0.02211	0.02990	0.46451	0.03162	0.01513	0.00741	0.00237	0.00447	0.01340	0.00611	0.00725
9	0.01519	0.01111	0.01281	0.01069	0.01366	0.01160	0.00848	0.30091	0.02283	0.03140	0.43923	0.03420	0.03973	0.01077	0.00702	0.00196	0.00463	0.00911	0.00672	0.00796
10	0.01835	0.01490	0.01579	0.01343	0.01747	0.01698	0.01066	0.24396	0.51159	0.03068	0.02256	0.02107	0.01672	0.00830	0.00642	0.00208	0.00562	0.00672	0.00642	0.01027
11	0.02651	0.01877	0.01606	0.01336	0.01760	0.31381	0.01053	0.02863	0.01808	0.44391	0.01878	0.01743	0.01261	0.00731	0.00611	0.00183	0.00788	0.00544	0.00597	0.00938
12	0.00750	0.00643	0.00643	0.00643	0.00857	0.00536	0.00482	0.00910	0.01446	0.01714	0.06427	0.06105	0.73490	0.01607	0.00750	0.00214	0.00321	0.01339	0.00589	0.00536
13	0.01791	0.01314	0.01471	0.01188	0.01549	0.01406	0.00957	0.42739	0.02496	0.03402	0.31014	0.02842	0.03092	0.00981	0.00681	0.00194	0.00534	0.00807	0.00661	0.00882
14	0.00767	0.00574	0.00714	0.00826	0.00905	0.00520	0.00563	0.00890	0.01270	0.01642	0.04194	0.60345	0.20691	0.01897	0.00795	0.00247	0.00357	0.01693	0.00589	0.00520
15	0.02657	0.01383	0.01660	0.01273	0.01771	0.01382	0.01051	0.32897	0.02323	0.43665	0.02077	0.01883	0.01357	0.00775	0.00637	0.00194	0.00609	0.00609	0.00720	0.01079
16	0.47650	0.01592	0.01342	0.01123	0.01547	0.09140	0.00914	0.25002	0.01782	0.03095	0.01105	0.01205	0.00830	0.00653	0.00491	0.00191	0.00626	0.00425	0.00466	0.00822

[dist]
# distance from previous block
# <min> <max>
4	16

[block]
# block no. 7 follows, 35 sequences, length 8
# corresponding to MSA columns:
# 606-613
name=unknown_H
#
# <colnr> <probs for GDERKNQSTAVLIFYWHMCP>
#	G	D	E	R	K	N	Q	S	T	A	V	L	I	F	Y	W	H	M	C	P
0	0.36111	0.01203	0.01228	0.00984	0.01405	0.01230	0.00803	0.01704	0.01171	0.02335	0.00986	0.01202	0.00818	0.00600	0.00636	0.00161	0.09909	0.00384	0.00371	0.36758
1	0.01923	0.02205	0.02465	0.01958	0.02383	0.32180	0.25675	0.07336	0.07562	0.01985	0.01245	0.01490	0.00980	0.00675	0.00768	0.00197	0.07206	0.00576	0.00369	0.00821
2	0.01868	0.01712	0.02833	0.02087	0.02621	0.01783	0.36561	0.30874	0.02071	0.02807	0.01346	0.01607	0.01000	0.00676	0.00810	0.00209	0.07094	0.00659	0.00448	0.00935
3	0.00825	0.00592	0.00783	0.00848	0.00932	0.00550	0.00593	0.01014	0.01456	0.02003	0.32511	0.47183	0.04939	0.01701	0.00784	0.00234	0.00340	0.01531	0.00634	0.00550
4	0.01984	0.00870	0.01157	0.01002	0.01323	0.00761	0.00779	0.02178	0.01590	0.44083	0.03214	0.26079	0.09726	0.01245	0.00703	0.00217	0.00464	0.01074	0.00704	0.00847
5	0.02057	0.01449	0.02801	0.02033	0.02612	0.01325	0.42183	0.02472	0.01629	0.31975	0.01789	0.01897	0.01215	0.00639	0.00703	0.00207	0.00850	0.00703	0.00514	0.00949
6	0.00916	0.00642	0.00828	0.00828	0.00875	0.00689	0.00554	0.01010	0.00963	0.01331	0.01875	0.03463	0.02007	0.47433	0.33092	0.00783	0.01065	0.00822	0.00366	0.00460
7	0.01497	0.01711	0.03743	0.02674	0.03316	0.01604	0.71444	0.02032	0.01497	0.02032	0.01283	0.01711	0.00963	0.00535	0.00749	0.00214	0.01070	0.00749	0.00321	0.00856

[dist]
# distance from previous block
# <min> <max>
2	6

[block]
# block no. 8 follows, 35 sequences, length 11
# corresponding to MSA columns:
# 620-630
name=unknown_I
#
# <colnr> <probs for GDERKNQSTAVLIFYWHMCP>
#	G	D	E	R	K	N	Q	S	T	A	V	L	I	F	Y	W	H	M	C	P
0	0.02370	0.03023	0.01798	0.01634	0.01961	0.75158	0.01226	0.02533	0.01798	0.01553	0.00981	0.01144	0.00817	0.00654	0.00572	0.00163	0.01144	0.00409	0.00327	0.00735
1	0.02370	0.03023	0.01798	0.01634	0.01961	0.75158	0.01226	0.02533	0.01798	0.01553	0.00981	0.01144	0.00817	0.00654	0.00572	0.00163	0.01144	0.00409	0.00327	0.00735
2	0.01696	0.78087	0.03324	0.01085	0.01628	0.02510	0.01085	0.01900	0.01289	0.01493	0.00882	0.01018	0.00814	0.00543	0.00407	0.00136	0.00678	0.00339	0.00271	0.00814
3	0.01102	0.00551	0.00826	0.00826	0.00826	0.00551	0.00551	0.00826	0.00826	0.01102	0.01102	0.01928	0.01102	0.02204	0.02479	0.81543	0.00551	0.00551	0.00275	0.00275
4	0.01426	0.01502	0.02576	0.02020	0.02246	0.01824	0.26017	0.01704	0.01156	0.01704	0.00991	0.01502	0.00878	0.00908	0.01613	0.00255	0.50010	0.00623	0.00293	0.00751
5	0.01022	0.00730	0.01022	0.01168	0.01314	0.00730	0.01022	0.01314	0.01460	0.01899	0.03359	0.07156	0.03651	0.01752	0.00876	0.00292	0.00584	0.69478	0.00584	0.00584
6	0.02693	0.01325	0.01624	0.01245	0.01742	0.01296	0.01029	0.27188	0.02226	0.49511	0.02158	0.01936	0.01398	0.00777	0.00637	0.00194	0.00595	0.00614	0.00732	0.01079
7	0.01696	0.78087	0.03324	0.01085	0.01628	0.02510	0.01085	0.01900	0.01289	0.01493	0.00882	0.01018	0.00814	0.00543	0.00407	0.00136	0.00678	0.00339	0.00271	0.00814
8	0.01388	0.01388	0.01943	0.01666	0.01666	0.01943	0.01388	0.01527	0.00972	0.01527	0.00833	0.01388	0.00833	0.01110	0.02082	0.00278	0.76544	0.00555	0.00278	0.00694
9	0.02370	0.03023	0.01798	0.01634	0.01961	0.75158	0.01226	0.02533	0.01798	0.01553	0.00981	0.01144	0.00817	0.00654	0.00572	0.00163	0.01144	0.00409	0.00327	0.00735
10	0.01934	0.01006	0.01263	0.01059	0.01411	0.00972	0.00842	0.02547	0.17866	0.34982	0.25265	0.03034	0.03070	0.00966	0.00675	0.00202	0.00454	0.00819	0.00726	0.00908

[dist]
# distance from previous block
# <min> <max>
3	5

[block]
# block no. 9 follows, 35 sequences, length 16
# corresponding to MSA columns:
# 643-658
name=unknown_J
#
# <colnr> <probs for GDERKNQSTAVLIFYWHMCP>
#	G	D	E	R	K	N	Q	S	T	A	V	L	I	F	Y	W	H	M	C	P
0	0.01730	0.01438	0.01520	0.01322	0.01707	0.01649	0.01041	0.15787	0.59939	0.02898	0.02389	0.02213	0.01781	0.00843	0.00644	0.00211	0.00538	0.00691	0.00644	0.01018
1	0.02557	0.01140	0.01479	0.01122	0.01626	0.00996	0.00923	0.08025	0.01820	0.56789	0.02198	0.01970	0.01427	0.00731	0.00610	0.00179	0.00540	0.00589	0.00705	0.14575
2	0.01272	0.03281	0.74418	0.01808	0.02746	0.01473	0.02344	0.02009	0.01339	0.02009	0.01138	0.01339	0.00804	0.00603	0.00603	0.00201	0.00938	0.00469	0.00268	0.00938
3	0.02412	0.01777	0.01904	0.01460	0.01967	0.01967	0.01206	0.71633	0.02983	0.03998	0.01523	0.01523	0.01079	0.00762	0.00635	0.00190	0.00698	0.00571	0.00635	0.01079
4	0.00773	0.00552	0.00736	0.00883	0.00920	0.00515	0.00589	0.00883	0.01215	0.01619	0.03497	0.77291	0.04196	0.01987	0.00810	0.00258	0.00368	0.01803	0.00589	0.00515
5	0.00773	0.00552	0.00736	0.00883	0.00920	0.00515	0.00589	0.00883	0.01215	0.01619	0.03497	0.77291	0.04196	0.01987	0.00810	0.00258	0.00368	0.01803	0.00589	0.00515
6	0.01198	0.01128	0.01903	0.76180	0.04369	0.01409	0.01762	0.01621	0.01268	0.01621	0.01128	0.01691	0.00846	0.00634	0.00634	0.00211	0.00846	0.00564	0.00282	0.00705
7	0.02319	0.01687	0.01805	0.01394	0.01874	0.01863	0.01148	0.66327	0.02858	0.03875	0.01564	0.01587	0.01120	0.00760	0.00620	0.00187	0.00668	0.00573	0.06730	0.01042
8	0.02846	0.01080	0.01472	0.01129	0.01619	0.00932	0.00932	0.03092	0.01816	0.74187	0.02503	0.02159	0.01570	0.00785	0.00638	0.00196	0.00540	0.00638	0.00785	0.01080
9	0.00773	0.00552	0.00736	0.00883	0.00920	0.00515	0.00589	0.00883	0.01215	0.01619	0.03497	0.77291	0.04196	0.01987	0.00810	0.00258	0.00368	0.01803	0.00589	0.00515
10	0.01497	0.01711	0.03743	0.02674	0.03316	0.01604	0.71444	0.02032	0.01497	0.02032	0.01283	0.01711	0.00963	0.00535	0.00749	0.00214	0.01070	0.00749	0.00321	0.00856
11	0.82186	0.01227	0.00932	0.00834	0.01227	0.01423	0.00687	0.01865	0.01080	0.02846	0.00883	0.01031	0.00687	0.00589	0.00393	0.00196	0.00491	0.00344	0.00393	0.00687
12	0.01570	0.01507	0.02575	0.03894	0.73748	0.01507	0.01947	0.01947	0.01444	0.02073	0.01193	0.01570	0.01005	0.00565	0.00628	0.00188	0.00754	0.00565	0.00314	0.01005
13	0.82186	0.01227	0.00932	0.00834	0.01227	0.01423	0.00687	0.01865	0.01080	0.02846	0.00883	0.01031	0.00687	0.00589	0.00393	0.00196	0.00491	0.00344	0.00393	0.00687
14	0.00906	0.00680	0.01020	0.01020	0.01133	0.00793	0.00793	0.01133	0.01020	0.01473	0.01699	0.02492	0.01586	0.04758	0.75191	0.01020	0.01699	0.00680	0.00340	0.00566
15	0.12821	0.01293	0.01428	0.01187	0.01606	0.01379	0.00955	0.13234	0.28035	0.25109	0.04770	0.02085	0.01676	0.00802	0.00612	0.00202	0.00534	0.00637	0.00655	0.00982

[dist]
# distance from previous block
# <min> <max>
2	4

[block]
# block no. 10 follows, 35 sequences, length 6
# corresponding to MSA columns:
# 664-669
name=unknown_K
#
# <colnr> <probs for GDERKNQSTAVLIFYWHMCP>
#	G	D	E	R	K	N	Q	S	T	A	V	L	I	F	Y	W	H	M	C	P
0	0.00820	0.00597	0.00778	0.00873	0.00959	0.00555	0.00624	0.00990	0.01374	0.01837	0.17437	0.49683	0.10746	0.01795	0.00799	0.00246	0.00372	0.08365	0.00610	0.00540
1	0.01500	0.01571	0.02123	0.01689	0.01968	0.09709	0.14195	0.01747	0.01235	0.01742	0.00997	0.01405	0.00879	0.00813	0.01315	0.00213	0.37576	0.00535	0.00313	0.18475
2	0.00921	0.00658	0.00907	0.01053	0.01155	0.00643	0.00847	0.01140	0.01361	0.01786	0.03415	0.35522	0.03871	0.01848	0.00849	0.00278	0.00497	0.42107	0.00586	0.00556
3	0.10363	0.01572	0.03049	0.02212	0.02780	0.01516	0.51419	0.01934	0.01400	0.02097	0.01195	0.01572	0.00922	0.00567	0.00755	0.00202	0.05315	0.00650	0.00333	0.10148
4	0.02370	0.03023	0.01798	0.01634	0.01961	0.75158	0.01226	0.02533	0.01798	0.01553	0.00981	0.01144	0.00817	0.00654	0.00572	0.00163	0.01144	0.00409	0.00327	0.00735
5	0.82186	0.01227	0.00932	0.00834	0.01227	0.01423	0.00687	0.01865	0.01080	0.02846	0.00883	0.01031	0.00687	0.00589	0.00393	0.00196	0.00491	0.00344	0.00393	0.00687

[dist]
# distance from previous block
# <min> <max>
8	15

[block]
# block no. 11 follows, 35 sequences, length 9
# corresponding to MSA columns:
# 688-696
name=unknown_L
#
# <colnr> <probs for GDERKNQSTAVLIFYWHMCP>
#	G	D	E	R	K	N	Q	S	T	A	V	L	I	F	Y	W	H	M	C	P
0	0.01442	0.33246	0.45941	0.01519	0.02298	0.01889	0.01840	0.01965	0.01319	0.01802	0.01036	0.01210	0.00808	0.00579	0.00524	0.00175	0.00834	0.00417	0.00269	0.00888
1	0.01492	0.42035	0.37587	0.01434	0.02167	0.02010	0.01692	0.01952	0.01313	0.01741	0.01006	0.01173	0.00809	0.00572	0.00501	0.00167	0.00803	0.00402	0.00270	0.00874
2	0.00924	0.00660	0.00910	0.01056	0.01159	0.00646	0.00852	0.01145	0.01364	0.01789	0.03413	0.34776	0.03866	0.01845	0.00850	0.00279	0.00499	0.42827	0.00586	0.00557
3	0.01198	0.01128	0.01903	0.76180	0.04369	0.01409	0.01762	0.01621	0.01268	0.01621	0.01128	0.01691	0.00846	0.00634	0.00634	0.00211	0.00846	0.00564	0.00282	0.00705
4	0.01198	0.01128	0.01903	0.76180	0.04369	0.01409	0.01762	0.01621	0.01268	0.01621	0.01128	0.01691	0.00846	0.00634	0.00634	0.00211	0.00846	0.00564	0.00282	0.00705
5	0.00812	0.00582	0.00771	0.00857	0.00929	0.00541	0.00592	0.00982	0.01397	0.01909	0.25432	0.54528	0.04757	0.01771	0.00790	0.00239	0.00346	0.01598	0.00623	0.00541
6	0.00783	0.00560	0.00745	0.00877	0.00922	0.00522	0.00590	0.00908	0.01261	0.01693	0.09094	0.71482	0.04339	0.01932	0.00805	0.00253	0.00363	0.01751	0.00598	0.00522
7	0.01035	0.00733	0.00917	0.00882	0.00967	0.00793	0.00611	0.06626	0.01125	0.01546	0.01843	0.03289	0.01925	0.42861	0.31362	0.00741	0.01049	0.00799	0.00387	0.00511
8	0.02012	0.01334	0.01505	0.01219	0.01642	0.01393	0.00970	0.22332	0.24094	0.18494	0.02063	0.02112	0.01537	0.06883	0.00828	0.00223	0.00572	0.00639	0.00624	0.09526

[dist]
# distance from previous block
# <min> <max>
3	6

[block]
# block no. 12 follows, 35 sequences, length 10
# corresponding to MSA columns:
# 703-712
name=unknown_M
#
# <colnr> <probs for GDERKNQSTAVLIFYWHMCP>
#	G	D	E	R	K	N	Q	S	T	A	V	L	I	F	Y	W	H	M	C	P
0	0.02128	0.35158	0.06633	0.01242	0.01787	0.01947	0.01158	0.21819	0.01886	0.18364	0.01437	0.01432	0.01056	0.00662	0.00534	0.00168	0.00668	0.00478	0.00488	0.00955
1	0.01891	0.01014	0.01254	0.01107	0.01431	0.01004	0.00857	0.02551	0.22333	0.32835	0.02806	0.23389	0.02417	0.01146	0.00689	0.00219	0.00480	0.00990	0.00689	0.00899
2	0.01338	0.00760	0.00989	0.00991	0.01162	0.00719	0.00727	0.06496	0.01481	0.16991	0.03139	0.52596	0.03393	0.01635	0.00764	0.00242	0.00439	0.04828	0.00633	0.00678
3	0.36408	0.01248	0.01278	0.01049	0.01477	0.01326	0.00859	0.12990	0.06210	0.25231	0.04882	0.01711	0.01342	0.00726	0.00538	0.00197	0.00530	0.00530	0.00582	0.00886
4	0.00917	0.00638	0.00809	0.00809	0.00849	0.00679	0.00530	0.00998	0.00957	0.01317	0.01892	0.03559	0.02049	0.51664	0.28918	0.00759	0.01002	0.00836	0.00368	0.00449
5	0.19965	0.01089	0.01323	0.01048	0.01500	0.01022	0.00862	0.02728	0.01655	0.55037	0.05782	0.02046	0.01605	0.00769	0.00590	0.00196	0.00517	0.00600	0.00696	0.00970
6	0.01696	0.78087	0.03324	0.01085	0.01628	0.02510	0.01085	0.01900	0.01289	0.01493	0.00882	0.01018	0.00814	0.00543	0.00407	0.00136	0.00678	0.00339	0.00271	0.00814
7	0.02412	0.01777	0.01904	0.01460	0.01967	0.01967	0.01206	0.71633	0.02983	0.03998	0.01523	0.01523	0.01079	0.00762	0.00635	0.00190	0.00698	0.00571	0.00635	0.01079
8	0.07151	0.01321	0.01405	0.01242	0.01618	0.01493	0.00975	0.03238	0.59670	0.10869	0.02459	0.02253	0.01810	0.00834	0.00628	0.00212	0.00506	0.00683	0.00644	0.00991
9	0.00773	0.00552	0.00736	0.00883	0.00920	0.00515	0.00589	0.00883	0.01215	0.01619	0.03497	0.77291	0.04196	0.01987	0.00810	0.00258	0.00368	0.01803	0.00589	0.00515

[dist]
# distance from previous block
# <min> <max>
0	1

[block]
# block no. 13 follows, 35 sequences, length 14
# corresponding to MSA columns:
# 714-726,728
name=unknown_N
#
# <colnr> <probs for GDERKNQSTAVLIFYWHMCP>
#	G	D	E	R	K	N	Q	S	T	A	V	L	I	F	Y	W	H	M	C	P
0	0.02559	0.01144	0.01464	0.01165	0.01626	0.01079	0.00949	0.03155	0.17854	0.57979	0.02521	0.02206	0.01653	0.00802	0.00640	0.00201	0.00531	0.00656	0.00754	0.01063
1	0.05763	0.01529	0.01571	0.01254	0.01714	0.14251	0.01014	0.12703	0.01950	0.48570	0.02031	0.01845	0.01333	0.00751	0.00616	0.00190	0.00668	0.00576	0.00667	0.01003
2	0.07346	0.01552	0.02867	0.02109	0.02673	0.01507	0.46165	0.02217	0.14316	0.02207	0.01473	0.01739	0.01116	0.00591	0.00675	0.00200	0.00862	0.00675	0.00391	0.09319
3	0.00961	0.00700	0.00943	0.01070	0.01214	0.00682	0.00907	0.01217	0.01433	0.01845	0.03772	0.14359	0.12776	0.01758	0.00853	0.00278	0.00527	0.53548	0.00585	0.00571
4	0.00918	0.00631	0.00775	0.00775	0.00804	0.00660	0.00488	0.00976	0.00947	0.01292	0.01923	0.03731	0.02124	0.59212	0.21472	0.00718	0.00890	0.00861	0.00373	0.00431
5	0.01567	0.55243	0.25035	0.01306	0.01969	0.02194	0.01470	0.01933	0.01304	0.01650	0.00960	0.01116	0.00811	0.00561	0.00467	0.00156	0.00758	0.00379	0.00270	0.00852
6	0.01488	0.41357	0.38232	0.01440	0.02177	0.02001	0.01703	0.01953	0.01314	0.01746	0.01008	0.01176	0.00809	0.00572	0.00503	0.00168	0.00806	0.00403	0.00270	0.00875
7	0.02503	0.01362	0.01618	0.01259	0.01744	0.01371	0.01032	0.27623	0.09952	0.38909	0.02116	0.01927	0.01414	0.00775	0.00632	0.00193	0.00590	0.00614	0.00703	0.03664
8	0.01338	0.01358	0.02507	0.01907	0.02302	0.01396	0.35950	0.01887	0.08938	0.02154	0.19639	0.02500	0.02319	0.00846	0.00931	0.00220	0.11763	0.00818	0.00444	0.00783
9	0.26490	0.00995	0.01053	0.00959	0.01252	0.01022	0.00737	0.08632	0.01454	0.11763	0.04483	0.28682	0.02289	0.01148	0.00615	0.00211	0.00466	0.00956	0.00547	0.06244
10	0.01285	0.01088	0.01388	0.01269	0.01420	0.01292	0.01047	0.11483	0.01485	0.02015	0.02774	0.09243	0.15413	0.01369	0.01244	0.00255	0.27742	0.17025	0.00483	0.00681
11	0.06976	0.01560	0.01959	0.01559	0.01896	0.01833	0.06599	0.32956	0.04610	0.06331	0.01324	0.01524	0.01020	0.00853	0.01106	0.00223	0.25704	0.00574	0.00485	0.00908
12	0.07710	0.00981	0.01224	0.01053	0.01332	0.00960	0.02781	0.01353	0.01227	0.01884	0.02178	0.24789	0.07239	0.01126	0.00844	0.00193	0.12165	0.00917	0.00441	0.29604
13	0.14299	0.01294	0.01363	0.01116	0.01506	0.06617	0.00898	0.16863	0.01944	0.26950	0.18071	0.02366	0.02282	0.00857	0.00620	0.00193	0.00555	0.00678	0.00640	0.00885

[dist]
# distance from previous block
# <min> <max>
11	69

[block]
# block no. 14 follows, 35 sequences, length 12
# corresponding to MSA columns:
# 802-813
name=unknown_O
#
# <colnr> <probs for GDERKNQSTAVLIFYWHMCP>
#	G	D	E	R	K	N	Q	S	T	A	V	L	I	F	Y	W	H	M	C	P
0	0.24309	0.01357	0.01432	0.01147	0.01604	0.04048	0.00940	0.18004	0.04471	0.33826	0.01790	0.01680	0.01206	0.00724	0.00568	0.00194	0.00582	0.00537	0.00623	0.00957
1	0.07101	0.02101	0.01687	0.01423	0.01816	0.29776	0.01119	0.30649	0.07008	0.02785	0.07164	0.01665	0.01410	0.00760	0.00606	0.00183	0.00810	0.00552	0.00508	0.00880
2	0.00847	0.00664	0.00770	0.00761	0.00934	0.00601	0.00563	0.01125	0.04457	0.02081	0.33334	0.13730	0.34846	0.01494	0.00752	0.00213	0.00325	0.01290	0.00636	0.00578
3	0.00843	0.00633	0.00787	0.00822	0.00960	0.00577	0.00615	0.01058	0.01522	0.02023	0.30433	0.23278	0.22935	0.01602	0.00779	0.00229	0.00355	0.09361	0.00629	0.00560
4	0.00962	0.06914	0.01048	0.00821	0.01003	0.00753	0.00638	0.01254	0.01755	0.02459	0.67545	0.04438	0.05567	0.01236	0.00721	0.00194	0.00330	0.01082	0.00664	0.00616
5	0.01696	0.78087	0.03324	0.01085	0.01628	0.02510	0.01085	0.01900	0.01289	0.01493	0.00882	0.01018	0.00814	0.00543	0.00407	0.00136	0.00678	0.00339	0.00271	0.00814
6	0.01696	0.78087	0.03324	0.01085	0.01628	0.02510	0.01085	0.01900	0.01289	0.01493	0.00882	0.01018	0.00814	0.00543	0.00407	0.00136	0.00678	0.00339	0.00271	0.00814
7	0.01022	0.00730	0.01022	0.01168	0.01314	0.00730	0.01022	0.01314	0.01460	0.01899	0.03359	0.07156	0.03651	0.01752	0.00876	0.00292	0.00584	0.69478	0.00584	0.00584
8	0.00923	0.00615	0.00692	0.00692	0.00692	0.00615	0.00384	0.00923	0.00923	0.01230	0.01999	0.04151	0.02306	0.77705	0.03229	0.00615	0.00615	0.00923	0.00384	0.00384
9	0.00792	0.00563	0.00741	0.00865	0.00907	0.00528	0.00576	0.00908	0.01235	0.01657	0.08195	0.67383	0.04191	0.07041	0.00968	0.00278	0.00380	0.01699	0.00583	0.00512
10	0.02099	0.01622	0.01728	0.01396	0.01848	0.01821	0.01130	0.46067	0.29057	0.03495	0.01920	0.01839	0.01400	0.00799	0.00639	0.00200	0.00625	0.00626	0.00639	0.01051
11	0.00773	0.00552	0.00736	0.00883	0.00920	0.00515	0.00589	0.00883	0.01215	0.01619	0.03497	0.77291	0.04196	0.01987	0.00810	0.00258	0.00368	0.01803	0.00589	0.00515

[dist]
# distance from previous block
# <min> <max>
0	1

[block]
# block no. 15 follows, 35 sequences, length 23
# corresponding to MSA columns:
# 820-837,843-847
name=unknown_P
#
# <colnr> <probs for GDERKNQSTAVLIFYWHMCP>
#	G	D	E	R	K	N	Q	S	T	A	V	L	I	F	Y	W	H	M	C	P
0	0.02403	0.08097	0.01817	0.01374	0.01811	0.30617	0.01100	0.14979	0.01948	0.23069	0.01519	0.01506	0.01089	0.00692	0.00584	0.00172	0.00814	0.00497	0.00513	0.05398
1	0.02727	0.01140	0.01493	0.01159	0.01641	0.01038	0.00953	0.06924	0.07178	0.64931	0.02454	0.02139	0.01570	0.00790	0.00638	0.00197	0.00546	0.00640	0.00766	0.01074
2	0.00922	0.00618	0.00708	0.00708	0.00713	0.00624	0.00404	0.00933	0.00927	0.01242	0.01985	0.04072	0.02272	0.74222	0.06665	0.00634	0.00667	0.00911	0.00382	0.00393
3	0.02033	0.01566	0.01697	0.01319	0.01813	0.01660	0.01074	0.44844	0.14631	0.03352	0.01621	0.01624	0.01197	0.00716	0.00601	0.00174	0.00615	0.00554	0.00581	0.18327
4	0.01532	0.49147	0.30828	0.01365	0.02061	0.02109	0.01572	0.01942	0.01308	0.01692	0.00981	0.01142	0.00810	0.00566	0.00483	0.00161	0.00779	0.00389	0.00270	0.00862
5	0.01696	0.78087	0.03324	0.01085	0.01628	0.02510	0.01085	0.01900	0.01289	0.01493	0.00882	0.01018	0.00814	0.00543	0.00407	0.00136	0.00678	0.00339	0.00271	0.00814
6	0.00916	0.00640	0.00819	0.00819	0.00862	0.00684	0.00542	0.01004	0.00960	0.01324	0.01883	0.03510	0.02028	0.49484	0.31069	0.00772	0.01034	0.00829	0.00367	0.00455
7	0.01300	0.08149	0.69792	0.01761	0.02673	0.01541	0.02262	0.02002	0.01336	0.01975	0.01122	0.01318	0.00804	0.00599	0.00590	0.00197	0.00921	0.00460	0.00268	0.00930
