[name]
unknown

[dist]
# distance from previous block
# <min> <max>
5	981

[block]
# block no. 0 follows, 51 sequences, length 17
# corresponding to MSA columns:
# 981-997
name=unknown_A
#
# <colnr> <probs for GDERKNQSTAVLIFYWHMCP>
#	G	D	E	R	K	N	Q	S	T	A	V	L	I	F	Y	W	H	M	C	P
0	0.15682	0.00919	0.03600	0.00961	0.06091	0.00912	0.00718	0.18220	0.05010	0.09281	0.01998	0.22687	0.10188	0.00878	0.00504	0.00165	0.00405	0.00734	0.00433	0.00614
1	0.01263	0.05792	0.09284	0.03606	0.06448	0.09417	0.00926	0.09511	0.20164	0.01783	0.01161	0.01231	0.00902	0.00498	0.00438	0.00127	0.00511	0.00393	0.00340	0.26204
2	0.01639	0.01130	0.03742	0.01229	0.10584	0.03714	0.00904	0.28580	0.04552	0.22797	0.01456	0.06557	0.01119	0.00838	0.05973	0.00194	0.00556	0.00515	0.00452	0.03469
3	0.20790	0.01324	0.01196	0.01063	0.03878	0.13644	0.00816	0.23130	0.25292	0.02231	0.01246	0.01250	0.00938	0.00565	0.00444	0.00151	0.00513	0.00417	0.00406	0.00706
4	0.15651	0.01092	0.04378	0.00900	0.01299	0.01022	0.00766	0.24090	0.01474	0.23629	0.01224	0.01210	0.00857	0.00517	0.00431	0.00133	0.00448	0.00390	0.00435	0.20056
5	0.01410	0.06967	0.30739	0.01098	0.01579	0.01107	0.01153	0.12255	0.10503	0.19643	0.07498	0.01487	0.01208	0.00579	0.00479	0.00152	0.00539	0.00461	0.00398	0.00745
6	0.01281	0.03201	0.14661	0.01824	0.30521	0.01231	0.01240	0.16053	0.18206	0.01952	0.01258	0.04226	0.01006	0.00560	0.00488	0.00153	0.00545	0.00483	0.00347	0.00763
7	0.00599	0.00428	0.00570	0.00684	0.00713	0.00399	0.00456	0.00684	0.00941	0.01254	0.02709	0.82409	0.03250	0.01540	0.00627	0.00200	0.00285	0.01397	0.00456	0.00399
8	0.00916	0.00458	0.00458	0.00458	0.00573	0.00458	0.00344	0.01145	0.01031	0.01832	0.01603	0.01832	0.01260	0.00573	0.00344	0.00115	0.00229	0.00458	0.85457	0.00458
9	0.00715	0.00476	0.00536	0.00536	0.00536	0.00476	0.00298	0.00715	0.00715	0.00953	0.01548	0.03216	0.01787	0.82729	0.02501	0.00476	0.00476	0.00715	0.00298	0.00298
10	0.01314	0.83025	0.02575	0.00841	0.01261	0.01945	0.00841	0.01472	0.00999	0.01156	0.00683	0.00788	0.00631	0.00420	0.00315	0.00105	0.00526	0.00263	0.00210	0.00631
11	0.01208	0.01192	0.02132	0.02873	0.67958	0.01179	0.13104	0.01518	0.01125	0.01601	0.00935	0.01233	0.00773	0.00434	0.00501	0.00149	0.00621	0.00459	0.00244	0.00761
12	0.01742	0.02182	0.01345	0.01227	0.01470	0.72918	0.00922	0.01915	0.04003	0.01228	0.00838	0.00985	0.00701	0.00715	0.05574	0.00170	0.00897	0.00338	0.00262	0.00568
13	0.01045	0.17186	0.66062	0.01299	0.01969	0.01287	0.01638	0.01541	0.01030	0.01483	0.00846	0.00992	0.00624	0.00458	0.00439	0.00146	0.00690	0.00345	0.00208	0.00709
14	0.00715	0.00476	0.00536	0.00536	0.00536	0.00476	0.00298	0.00715	0.00715	0.00953	0.01548	0.03216	0.01787	0.82729	0.02501	0.00476	0.00476	0.00715	0.00298	0.00298
15	0.00739	0.00525	0.00719	0.00824	0.00909	0.00519	0.00674	0.00915	0.01055	0.01380	0.02551	0.24146	0.02856	0.07315	0.00799	0.00238	0.00413	0.52553	0.00442	0.00428
16	0.01216	0.01168	0.01995	0.03016	0.79664	0.01168	0.01508	0.01508	0.01119	0.01605	0.00924	0.01216	0.00778	0.00438	0.00487	0.00146	0.00584	0.00438	0.00243	0.00778

[dist]
# distance from previous block
# <min> <max>
0	5

[block]
# block no. 1 follows, 51 sequences, length 15
# corresponding to MSA columns:
# 1003-1017
name=unknown_B
#
# <colnr> <probs for GDERKNQSTAVLIFYWHMCP>
#	G	D	E	R	K	N	Q	S	T	A	V	L	I	F	Y	W	H	M	C	P
0	0.06796	0.01209	0.09400	0.01772	0.31556	0.01075	0.01146	0.08399	0.08557	0.23211	0.01305	0.01352	0.00940	0.00523	0.00477	0.00151	0.00518	0.00447	0.00388	0.00779
1	0.01648	0.01949	0.01307	0.01185	0.01445	0.56451	0.00897	0.02161	0.25041	0.01463	0.01139	0.01176	0.00898	0.00555	0.00461	0.00139	0.00734	0.00390	0.00329	0.00633
2	0.00715	0.00476	0.00536	0.00536	0.00536	0.00476	0.00298	0.00715	0.00715	0.00953	0.01548	0.03216	0.01787	0.82729	0.02501	0.00476	0.00476	0.00715	0.00298	0.00298
3	0.01837	0.01361	0.01457	0.01124	0.01512	0.01510	0.00927	0.74425	0.05961	0.03047	0.01219	0.01211	0.00867	0.00594	0.00492	0.00148	0.00534	0.00448	0.00492	0.00833
4	0.00731	0.00540	0.00687	0.00644	0.00771	0.00515	0.00485	0.01041	0.06594	0.01976	0.74200	0.03547	0.04426	0.00982	0.00574	0.00155	0.00242	0.00866	0.00538	0.00485
5	0.01314	0.83025	0.02575	0.00841	0.01261	0.01945	0.00841	0.01472	0.00999	0.01156	0.00683	0.00788	0.00631	0.00420	0.00315	0.00105	0.00526	0.00263	0.00210	0.00631
6	0.01033	0.12048	0.68224	0.01391	0.04747	0.01238	0.01689	0.01545	0.01036	0.01511	0.00860	0.01014	0.00629	0.00460	0.00450	0.00149	0.00697	0.00354	0.00209	0.00717
7	0.00715	0.00476	0.00536	0.00536	0.00536	0.00476	0.00298	0.00715	0.00715	0.00953	0.01548	0.03216	0.01787	0.82729	0.02501	0.00476	0.00476	0.00715	0.00298	0.00298
8	0.00599	0.00428	0.00570	0.00684	0.00713	0.00399	0.00456	0.00684	0.00941	0.01254	0.02709	0.82409	0.03250	0.01540	0.00627	0.00200	0.00285	0.01397	0.00456	0.00399
9	0.01075	0.01075	0.01505	0.01290	0.01290	0.01505	0.01075	0.01183	0.00753	0.01183	0.00645	0.01075	0.00645	0.00860	0.01613	0.00215	0.81830	0.00430	0.00215	0.00538
10	0.01283	0.04293	0.23389	0.02146	0.39892	0.17530	0.01458	0.01614	0.01149	0.01495	0.00871	0.01086	0.00701	0.00459	0.00467	0.00143	0.00683	0.00387	0.00234	0.00717
11	0.01603	0.01969	0.01269	0.01168	0.01387	0.64297	0.00881	0.01740	0.01269	0.01190	0.00874	0.01101	0.00755	0.01159	0.16943	0.00263	0.00975	0.00360	0.00255	0.00543
12	0.00928	0.00873	0.01474	0.81548	0.03385	0.01092	0.01365	0.01256	0.00983	0.01256	0.00873	0.01310	0.00655	0.00491	0.00491	0.00164	0.00655	0.00437	0.00218	0.00546
13	0.01677	0.02080	0.01361	0.01278	0.03902	0.67228	0.00942	0.01812	0.01299	0.01209	0.00811	0.01002	0.00693	0.00814	0.07903	0.00192	0.04638	0.00345	0.00252	0.00563
14	0.01966	0.00910	0.01155	0.00898	0.01251	0.00858	0.00737	0.17763	0.01590	0.55438	0.10490	0.01796	0.01523	0.00649	0.00503	0.00151	0.00422	0.00528	0.00577	0.00794

[dist]
# distance from previous block
# <min> <max>
0	1

[block]
# block no. 2 follows, 51 sequences, length 108
# corresponding to MSA columns:
# 1019-1126
name=unknown_C
#
# <colnr> <probs for GDERKNQSTAVLIFYWHMCP>
#	G	D	E	R	K	N	Q	S	T	A	V	L	I	F	Y	W	H	M	C	P
0	0.01774	0.01330	0.01422	0.01112	0.01488	0.01480	0.00911	0.66990	0.13500	0.02945	0.01300	0.01276	0.00933	0.00601	0.00493	0.00150	0.00519	0.00459	0.00493	0.00827
1	0.00599	0.00428	0.00570	0.00684	0.00713	0.00399	0.00456	0.00684	0.00941	0.01254	0.02709	0.82409	0.03250	0.01540	0.00627	0.00200	0.00285	0.01397	0.00456	0.00399
2	0.00986	0.02542	0.80183	0.01401	0.02127	0.01141	0.01816	0.01556	0.01038	0.01556	0.00882	0.01038	0.00623	0.00467	0.00467	0.00156	0.00726	0.00363	0.00208	0.00726
3	0.00939	0.00945	0.01684	0.01306	0.01622	0.00906	0.35523	0.01375	0.12480	0.01537	0.02460	0.12328	0.23044	0.00821	0.00574	0.00170	0.00536	0.00804	0.00369	0.00578
4	0.00614	0.00455	0.00550	0.00618	0.00679	0.00417	0.00417	0.00700	0.00958	0.01233	0.03129	0.49244	0.22924	0.13340	0.00890	0.00232	0.00306	0.02470	0.00433	0.00389
5	0.00928	0.00873	0.01474	0.81548	0.03385	0.01092	0.01365	0.01256	0.00983	0.01256	0.00873	0.01310	0.00655	0.00491	0.00491	0.00164	0.00655	0.00437	0.00218	0.00546
6	0.01314	0.83025	0.02575	0.00841	0.01261	0.01945	0.00841	0.01472	0.00999	0.01156	0.00683	0.00788	0.00631	0.00420	0.00315	0.00105	0.00526	0.00263	0.00210	0.00631
7	0.01521	0.51044	0.02106	0.01009	0.01364	0.33184	0.00884	0.01666	0.01155	0.01175	0.00713	0.00827	0.00632	0.00455	0.00366	0.00114	0.00669	0.00284	0.00227	0.00606
8	0.00599	0.00428	0.00570	0.00684	0.00713	0.00399	0.00456	0.00684	0.00941	0.01254	0.02709	0.82409	0.03250	0.01540	0.00627	0.00200	0.00285	0.01397	0.00456	0.00399
9	0.86201	0.00950	0.00722	0.00646	0.00950	0.01102	0.00532	0.01445	0.00836	0.02205	0.00684	0.00798	0.00532	0.00456	0.00304	0.00152	0.00380	0.00266	0.00304	0.00532
10	0.00615	0.00456	0.00576	0.00648	0.00718	0.00417	0.00454	0.00733	0.01042	0.01373	0.13478	0.54405	0.17737	0.01405	0.00614	0.00188	0.00277	0.03983	0.00468	0.00413
11	0.00702	0.00527	0.00790	0.00790	0.00878	0.00614	0.00614	0.00878	0.00790	0.01141	0.01316	0.01931	0.01229	0.03686	0.80782	0.00790	0.01316	0.00527	0.00263	0.00439
12	0.00599	0.00428	0.00570	0.00684	0.00713	0.00399	0.00456	0.00684	0.00941	0.01254	0.02709	0.82409	0.03250	0.01540	0.00627	0.00200	0.00285	0.01397	0.00456	0.00399
13	0.01216	0.01168	0.01995	0.03016	0.79664	0.01168	0.01508	0.01508	0.01119	0.01605	0.00924	0.01216	0.00778	0.00438	0.00487	0.00146	0.00584	0.00438	0.00243	0.00778
14	0.28044	0.11826	0.01013	0.05523	0.01072	0.00964	0.00607	0.06022	0.01156	0.01870	0.23235	0.02225	0.13263	0.00730	0.00446	0.00149	0.00366	0.00573	0.00386	0.00529
15	0.00599	0.00428	0.00570	0.00684	0.00713	0.00399	0.00456	0.00684	0.00941	0.01254	0.02709	0.82409	0.03250	0.01540	0.00627	0.00200	0.00285	0.01397	0.00456	0.00399
16	0.00928	0.00873	0.01474	0.81548	0.03385	0.01092	0.01365	0.01256	0.00983	0.01256	0.00873	0.01310	0.00655	0.00491	0.00491	0.00164	0.00655	0.00437	0.00218	0.00546
17	0.02042	0.01097	0.01302	0.00998	0.01385	0.01110	0.00825	0.38929	0.01843	0.42854	0.01572	0.01435	0.01033	0.00599	0.00493	0.00150	0.00477	0.00469	0.00552	0.00836
18	0.02069	0.01055	0.01276	0.00978	0.01363	0.01046	0.00808	0.32951	0.01772	0.48933	0.01632	0.01474	0.01063	0.00601	0.00493	0.00150	0.00468	0.00473	0.00561	0.00836
19	0.00792	0.00566	0.00792	0.00905	0.01018	0.00566	0.00792	0.01018	0.01131	0.01471	0.02602	0.05543	0.02828	0.01358	0.00679	0.00226	0.00453	0.76356	0.00453	0.00453
20	0.00581	0.00498	0.00498	0.00498	0.00664	0.00415	0.00373	0.00705	0.01120	0.01328	0.04978	0.04729	0.79464	0.01245	0.00581	0.00166	0.00249	0.01037	0.00456	0.00415
21	0.01175	0.48878	0.35502	0.01078	0.01629	0.01604	0.01254	0.01507	0.01015	0.01326	0.00768	0.00894	0.00627	0.00440	0.00380	0.00127	0.00611	0.00305	0.00209	0.00671
22	0.00599	0.00428	0.00570	0.00684	0.00713	0.00399	0.00456	0.00684	0.00941	0.01254	0.02709	0.82409	0.03250	0.01540	0.00627	0.00200	0.00285	0.01397	0.00456	0.00399
23	0.00581	0.00498	0.00498	0.00498	0.00664	0.00415	0.00373	0.00705	0.01120	0.01328	0.04978	0.04729	0.79464	0.01245	0.00581	0.00166	0.00249	0.01037	0.00456	0.00415
24	0.01836	0.02342	0.01393	0.01266	0.01519	0.80756	0.00950	0.01962	0.01393	0.01203	0.00760	0.00886	0.00633	0.00506	0.00443	0.00127	0.00886	0.00317	0.00253	0.00570
25	0.01047	0.02116	0.53116	0.01636	0.02282	0.01177	0.28455	0.01563	0.01080	0.01563	0.00921	0.01138	0.00666	0.00448	0.00506	0.00159	0.00762	0.00439	0.00222	0.00704
26	0.01314	0.83025	0.02575	0.00841	0.01261	0.01945	0.00841	0.01472	0.00999	0.01156	0.00683	0.00788	0.00631	0.00420	0.00315	0.00105	0.00526	0.00263	0.00210	0.00631
27	0.00702	0.00527	0.00790	0.00790	0.00878	0.00614	0.00614	0.00878	0.00790	0.01141	0.01316	0.01931	0.01229	0.03686	0.80782	0.00790	0.01316	0.00527	0.00263	0.00439
28	0.02174	0.00880	0.03164	0.00888	0.01277	0.00733	0.00750	0.02373	0.01397	0.77996	0.01912	0.01656	0.01201	0.00605	0.00493	0.00152	0.00426	0.00491	0.00598	0.00834
29	0.01314	0.83025	0.02575	0.00841	0.01261	0.01945	0.00841	0.01472	0.00999	0.01156	0.00683	0.00788	0.00631	0.00420	0.00315	0.00105	0.00526	0.00263	0.00210	0.00631
30	0.00715	0.00476	0.00536	0.00536	0.00536	0.00476	0.00298	0.00715	0.00715	0.00953	0.01548	0.03216	0.01787	0.82729	0.02501	0.00476	0.00476	0.00715	0.00298	0.00298
31	0.00696	0.00502	0.00657	0.00618	0.00734	0.00464	0.00464	0.00927	0.01391	0.01971	0.79405	0.03671	0.04637	0.01005	0.00580	0.00155	0.00232	0.00889	0.00541	0.00464
32	0.01699	0.24518	0.01742	0.01113	0.01449	0.38435	0.00915	0.21426	0.01520	0.01678	0.00847	0.00935	0.00685	0.00504	0.00420	0.00126	0.00697	0.00334	0.00303	0.00655
33	0.00599	0.00428	0.00570	0.00684	0.00713	0.00399	0.00456	0.00684	0.00941	0.01254	0.02709	0.82409	0.03250	0.01540	0.00627	0.00200	0.00285	0.01397	0.00456	0.00399
34	0.01868	0.01376	0.01475	0.01131	0.01524	0.01524	0.00934	0.78025	0.02311	0.03097	0.01180	0.01180	0.00836	0.00590	0.00492	0.00147	0.00541	0.00442	0.00492	0.00836
35	0.02192	0.00857	0.01153	0.00884	0.01265	0.00752	0.00730	0.05245	0.01441	0.77106	0.01910	0.01654	0.01202	0.00608	0.00494	0.00152	0.00423	0.00492	0.00604	0.00836
36	0.01836	0.02342	0.01393	0.01266	0.01519	0.80756	0.00950	0.01962	0.01393	0.01203	0.00760	0.00886	0.00633	0.00506	0.00443	0.00127	0.00886	0.00317	0.00253	0.00570
37	0.00611	0.00433	0.00566	0.00668	0.00693	0.00408	0.00439	0.00688	0.00916	0.01221	0.02581	0.73701	0.03089	0.10467	0.00833	0.00230	0.00306	0.01322	0.00439	0.00388
38	0.00660	0.00501	0.00607	0.00581	0.00712	0.00448	0.00435	0.00858	0.01306	0.01770	0.56143	0.04002	0.28024	0.01080	0.00580	0.00158	0.00237	0.00935	0.00515	0.00448
39	0.73855	0.01154	0.00820	0.00737	0.01034	0.12759	0.00593	0.01520	0.00918	0.02058	0.00695	0.00811	0.00547	0.00464	0.00324	0.00148	0.00454	0.00273	0.00297	0.00538
40	0.00599	0.00428	0.00570	0.00684	0.00713	0.00399	0.00456	0.00684	0.00941	0.01254	0.02709	0.82409	0.03250	0.01540	0.00627	0.00200	0.00285	0.01397	0.00456	0.00399
41	0.01301	0.79993	0.05499	0.00862	0.01294	0.01914	0.00878	0.01475	0.01000	0.01171	0.00691	0.00798	0.00630	0.00422	0.00321	0.00107	0.00533	0.00267	0.00210	0.00634
42	0.01178	0.01339	0.05588	0.04143	0.10884	0.01243	0.60220	0.04430	0.01181	0.01618	0.00979	0.01292	0.00744	0.00437	0.00582	0.00163	0.02503	0.00544	0.00254	0.00679
43	0.01563	0.01371	0.01827	0.01487	0.06705	0.06869	0.20365	0.41374	0.04309	0.02336	0.01134	0.03295	0.00872	0.00567	0.00555	0.00155	0.03585	0.00496	0.00387	0.00746
44	0.00581	0.00498	0.00498	0.00498	0.00664	0.00415	0.00373	0.00705	0.01120	0.01328	0.04978	0.04729	0.79464	0.01245	0.00581	0.00166	0.00249	0.01037	0.00456	0.00415
45	0.03285	0.21552	0.23617	0.01162	0.04697	0.11610	0.01127	0.06621	0.01236	0.19059	0.01070	0.01110	0.00777	0.00499	0.00432	0.00138	0.00605	0.00368	0.00325	0.00712
46	0.14990	0.06508	0.01344	0.04106	0.04255	0.06596	0.06362	0.04092	0.26046	0.16911	0.01489	0.01464	0.02588	0.00571	0.00458	0.00153	0.00486	0.00461	0.00414	0.00703
47	0.00581	0.00498	0.00498	0.00498	0.00664	0.00415	0.00373	0.00705	0.01120	0.01328	0.04978	0.04729	0.79464	0.01245	0.00581	0.00166	0.00249	0.01037	0.00456	0.00415
48	0.08741	0.01652	0.26579	0.01824	0.12256	0.01199	0.34589	0.04329	0.01129	0.01684	0.00929	0.01169	0.00696	0.00444	0.00505	0.00158	0.00714	0.00461	0.00249	0.00692
49	0.20069	0.10382	0.01433	0.21741	0.05336	0.16126	0.04035	0.01628	0.07723	0.04015	0.00942	0.01123	0.00733	0.00493	0.00422	0.00146	0.00588	0.00375	0.02092	0.00599
50	0.01019	0.00873	0.01019	0.00728	0.01165	0.00655	0.00582	0.01237	0.01019	0.01601	0.00873	0.01019	0.00728	0.00364	0.00364	0.00073	0.00364	0.00291	0.00291	0.85734
51	0.00602	0.00430	0.00573	0.00682	0.00714	0.00401	0.00456	0.00693	0.00957	0.01280	0.05466	0.79578	0.03300	0.01520	0.00626	0.00198	0.00283	0.01379	0.00459	0.00401
52	0.03212	0.06616	0.41446	0.01402	0.11743	0.01033	0.03836	0.01423	0.01091	0.04533	0.10311	0.08645	0.01374	0.00623	0.00488	0.00155	0.00581	0.00530	0.00293	0.00664
53	0.01148	0.01400	0.11686	0.02199	0.25243	0.01233	0.39083	0.01516	0.01095	0.01545	0.00928	0.01236	0.00731	0.00469	0.00635	0.00163	0.08260	0.00498	0.00239	0.00693
54	0.00665	0.00456	0.00553	0.00601	0.00615	0.00443	0.00369	0.00706	0.00825	0.01102	0.03694	0.36825	0.02468	0.46547	0.01665	0.00352	0.00390	0.01008	0.00370	0.00344
55	0.00957	0.00903	0.01526	0.73711	0.10997	0.01099	0.01379	0.01281	0.00996	0.01291	0.00879	0.01301	0.00667	0.00486	0.00491	0.00162	0.00648	0.00437	0.00221	0.00569
56	0.03875	0.21400	0.16841	0.01347	0.12045	0.09293	0.01128	0.16257	0.07549	0.04329	0.01002	0.01091	0.00774	0.00499	0.00434	0.00138	0.00592	0.00376	0.00311	0.00718
57	0.01056	0.19853	0.63490	0.01280	0.01941	0.01314	0.01606	0.01538	0.01029	0.01470	0.00839	0.00984	0.00624	0.00457	0.00434	0.00145	0.00683	0.00342	0.00208	0.00706
58	0.00615	0.00499	0.00545	0.00533	0.00685	0.00429	0.00400	0.00771	0.01200	0.01518	0.26989	0.04416	0.57335	0.01174	0.00580	0.00163	0.00244	0.00993	0.00481	0.00429
59	0.06933	0.15995	0.29790	0.01038	0.02832	0.01081	0.01087	0.04278	0.01109	0.07620	0.05867	0.12097	0.04294	0.00704	0.00471	0.00154	0.00520	0.03173	0.00326	0.00631
60	0.14780	0.01370	0.01574	0.01227	0.01594	0.11986	0.15758	0.34663	0.01642	0.05917	0.01103	0.04187	0.00852	0.00560	0.00478	0.00151	0.00603	0.00463	0.00387	0.00703
61	0.00672	0.00541	0.00604	0.00584	0.00740	0.00493	0.00442	0.00927	0.06829	0.01609	0.30914	0.04163	0.46008	0.01121	0.00576	0.00163	0.00257	0.02406	0.00489	0.00459
62	0.01086	0.01065	0.01733	0.23319	0.26796	0.01272	0.05750	0.01328	0.00954	0.01359	0.00815	0.01197	0.00696	0.00602	0.00896	0.00177	0.29662	0.00443	0.00227	0.00624
63	0.22850	0.05645	0.03183	0.00909	0.01230	0.05485	0.00757	0.20788	0.13765	0.09636	0.01407	0.01552	0.03941	0.03557	0.00515	0.00164	0.00471	0.03061	0.00412	0.00673
64	0.01220	0.00656	0.00834	0.00784	0.00962	0.00627	0.00596	0.09718	0.01239	0.23400	0.02240	0.40354	0.02249	0.01095	0.00558	0.00176	0.00357	0.05708	0.06650	0.00576
65	0.00594	0.00461	0.00541	0.00600	0.00692	0.00408	0.00420	0.00702	0.01036	0.01312	0.06467	0.45309	0.36923	0.01390	0.00605	0.00183	0.00267	0.01220	0.00459	0.00408
66	0.01151	0.25772	0.38496	0.01452	0.08213	0.03989	0.11414	0.01543	0.01060	0.01434	0.00838	0.01012	0.00654	0.00445	0.00438	0.00140	0.00675	0.00367	0.00218	0.00689
67	0.18948	0.13537	0.42266	0.02461	0.01681	0.01220	0.01280	0.01618	0.04082	0.07334	0.00933	0.01034	0.00683	0.00477	0.00415	0.00148	0.00588	0.00347	0.00269	0.00679
68	0.01537	0.01500	0.01180	0.01019	0.01274	0.33862	0.02996	0.19354	0.05097	0.01868	0.01158	0.01277	0.00900	0.00549	0.00433	0.00131	0.00597	0.00404	0.24254	0.00612
69	0.00910	0.00602	0.00803	0.00839	0.03639	0.00574	0.00655	0.01164	0.03779	0.09654	0.28604	0.04162	0.11124	0.01096	0.00604	0.00184	0.00356	0.30245	0.00493	0.00513
70	0.04671	0.01220	0.02731	0.03071	0.01339	0.12491	0.00816	0.23213	0.11784	0.14502	0.05510	0.06873	0.02408	0.03365	0.00601	0.00166	0.03569	0.00542	0.00441	0.00687
71	0.03889	0.20972	0.55314	0.01241	0.01866	0.01312	0.03016	0.01564	0.01038	0.04306	0.00870	0.01001	0.00645	0.00460	0.00430	0.00144	0.00660	0.00346	0.00227	0.00701
72	0.00602	0.00476	0.00542	0.00573	0.00689	0.00416	0.00412	0.00728	0.01100	0.01391	0.14272	0.29292	0.45156	0.01306	0.00595	0.00175	0.00258	0.01132	0.00468	0.00416
73	0.01437	0.01262	0.04404	0.33049	0.04899	0.14196	0.08286	0.07975	0.01265	0.16814	0.01101	0.01289	0.00787	0.00515	0.00491	0.00153	0.00654	0.00439	0.00326	0.00655
74	0.03042	0.10551	0.14687	0.02692	0.03181	0.07847	0.10430	0.11648	0.02579	0.22115	0.02291	0.01272	0.00895	0.00538	0.00521	0.00149	0.04036	0.00433	0.00370	0.00721
75	0.01140	0.01058	0.01527	0.02910	0.07550	0.11050	0.25215	0.01417	0.01115	0.01620	0.01203	0.01468	0.00947	0.00511	0.00487	0.00139	0.03202	0.00476	0.36399	0.00567
76	0.00599	0.00428	0.00570	0.00684	0.00713	0.00399	0.00456	0.00684	0.00941	0.01254	0.02709	0.82409	0.03250	0.01540	0.00627	0.00200	0.00285	0.01397	0.00456	0.00399
77	0.01229	0.04947	0.54317	0.01405	0.04742	0.14834	0.03761	0.01672	0.01126	0.06188	0.00923	0.01056	0.00669	0.00478	0.00463	0.00149	0.00727	0.00369	0.00242	0.00703
78	0.01150	0.04754	0.35625	0.01729	0.12546	0.01190	0.22750	0.01672	0.07187	0.05105	0.01047	0.01223	0.00773	0.00469	0.00499	0.00156	0.00688	0.00451	0.00265	0.00721
79	0.01216	0.01168	0.01995	0.03016	0.79664	0.01168	0.01508	0.01508	0.01119	0.01605	0.00924	0.01216	0.00778	0.00438	0.00487	0.00146	0.00584	0.00438	0.00243	0.00778
80	0.01039	0.01016	0.01811	0.49026	0.24476	0.01133	0.11701	0.01369	0.01044	0.01396	0.00904	0.01286	0.00702	0.00466	0.00502	0.00159	0.00659	0.00456	0.00229	0.00626
81	0.01078	0.01007	0.03830	0.16859	0.09219	0.00966	0.29555	0.01379	0.01107	0.08068	0.04231	0.16596	0.01405	0.00693	0.00555	0.00169	0.00608	0.01744	0.00324	0.00608
82	0.00627	0.00440	0.00562	0.00648	0.00669	0.00418	0.00417	0.00692	0.00885	0.01181	0.02424	0.63010	0.02892	0.21427	0.01086	0.00267	0.00332	0.01230	0.00417	0.00374
83	0.00936	0.00890	0.01526	0.78657	0.03355	0.01097	0.04148	0.01267	0.00989	0.01267	0.00878	0.01311	0.00658	0.00489	0.00495	0.00164	0.00661	0.00442	0.00219	0.00550
84	0.08437	0.01651	0.32806	0.01244	0.01745	0.02595	0.12428	0.10048	0.01249	0.13016	0.04537	0.01447	0.03512	0.02487	0.00533	0.00163	0.00608	0.00466	0.00336	0.00694
85	0.00823	0.00732	0.03841	0.00936	0.03031	0.00719	0.08225	0.00977	0.00902	0.03340	0.01934	0.10282	0.12864	0.20450	0.20277	0.00393	0.08779	0.00716	0.00319	0.00461
86	0.01173	0.01137	0.01956	0.12074	0.62769	0.01180	0.05462	0.01466	0.01087	0.01542	0.00908	0.01226	0.00756	0.00464	0.00548	0.00153	0.04684	0.00445	0.00239	0.00733
87	0.02313	0.01025	0.01685	0.42056	0.35593	0.01151	0.01390	0.04672	0.01091	0.01496	0.00901	0.01253	0.00713	0.00480	0.00508	0.00156	0.02185	0.00435	0.00242	0.00657
88	0.14111	0.01582	0.01343	0.01098	0.01439	0.23411	0.00880	0.45829	0.01842	0.02443	0.00991	0.01043	0.00735	0.00547	0.00451	0.00142	0.00613	0.00382	0.00398	0.00718
89	0.00602	0.00429	0.00569	0.00680	0.00708	0.00401	0.00452	0.00685	0.00934	0.01246	0.02675	0.80115	0.03208	0.03891	0.00682	0.00208	0.00291	0.01377	0.00452	0.00396
90	0.01155	0.01403	0.08294	0.04642	0.08214	0.03515	0.60837	0.01555	0.01146	0.01549	0.00996	0.02503	0.00771	0.00442	0.00559	0.00163	0.00791	0.00554	0.00247	0.00665
91	0.01645	0.01206	0.01285	0.01021	0.01360	0.01336	0.00832	0.56644	0.13328	0.02775	0.01357	0.01363	0.00990	0.00599	0.00473	0.00146	0.00477	0.00461	0.11926	0.00776
92	0.00649	0.00481	0.00660	0.00777	0.03030	0.00479	0.00519	0.00751	0.00930	0.01266	0.02452	0.69195	0.02886	0.01627	0.06821	0.00242	0.03303	0.01247	0.02268	0.00419
93	0.14827	0.01301	0.10403	0.04634	0.36727	0.03429	0.11575	0.01594	0.01099	0.08427	0.00972	0.01178	0.00747	0.00459	0.00467	0.00151	0.00597	0.00423	0.00281	0.00709
94	0.01061	0.00988	0.01639	0.24085	0.45717	0.01045	0.01302	0.01376	0.02660	0.01572	0.12416	0.01613	0.01324	0.00540	0.00502	0.00152	0.00548	0.00506	0.00285	0.00669
95	0.00931	0.00582	0.00743	0.00672	0.00833	0.00551	0.00514	0.01241	0.06973	0.11741	0.61185	0.03219	0.03855	0.00914	0.00554	0.00154	0.00266	0.00799	0.03740	0.00533
96	0.00932	0.03675	0.06878	0.13072	0.01886	0.00995	0.25082	0.01228	0.00956	0.01323	0.01075	0.01520	0.00911	0.01761	0.32810	0.00415	0.04177	0.00507	0.00245	0.00554
97	0.12828	0.01851	0.45024	0.04269	0.04511	0.01095	0.01370	0.07327	0.01165	0.14520	0.01050	0.01135	0.00729	0.00497	0.00453	0.00154	0.00608	0.00383	0.00309	0.00721
98	0.01493	0.01107	0.01195	0.00990	0.01311	0.01218	0.00794	0.32272	0.34146	0.08822	0.01975	0.01858	0.09203	0.00691	0.00504	0.00158	0.00437	0.00555	0.00501	0.00768
99	0.00721	0.00570	0.00658	0.00693	0.00812	0.00560	0.00502	0.02427	0.13277	0.01444	0.03249	0.42318	0.25858	0.01290	0.00592	0.00184	0.00301	0.03608	0.00464	0.00473
100	0.07725	0.03053	0.19683	0.02955	0.08934	0.12246	0.08297	0.13242	0.03722	0.03455	0.04598	0.01229	0.00905	0.00549	0.00566	0.00154	0.07277	0.00427	0.00306	0.00677
101	0.01216	0.01168	0.01995	0.03016	0.79664	0.01168	0.01508	0.01508	0.01119	0.01605	0.00924	0.01216	0.00778	0.00438	0.00487	0.00146	0.00584	0.00438	0.00243	0.00778
102	0.00602	0.00432	0.00572	0.00684	0.00717	0.00403	0.00460	0.00691	0.00949	0.01260	0.02760	0.79195	0.05046	0.01529	0.00627	0.00199	0.00287	0.02730	0.00456	0.00400
103	0.03926	0.04608	0.34707	0.01517	0.02070	0.01239	0.26978	0.07300	0.09612	0.01737	0.01050	0.01214	0.00772	0.00478	0.00500	0.00158	0.00692	0.00456	0.00277	0.00709
104	0.13374	0.23284	0.13420	0.06927	0.09941	0.09774	0.02558	0.09490	0.04099	0.01667	0.00867	0.01010	0.00689	0.00475	0.00411	0.00138	0.00590	0.00351	0.00273	0.00662
105	0.00643	0.00460	0.00622	0.00735	0.00783	0.00438	0.00534	0.00762	0.00985	0.01305	0.02684	0.64621	0.03153	0.01497	0.00639	0.00206	0.00324	0.18744	0.00455	0.00412
106	0.00600	0.00452	0.00552	0.00630	0.00701	0.00409	0.00435	0.00698	0.00993	0.01274	0.03360	0.56095	0.25942	0.03113	0.00653	0.00196	0.00282	0.02760	0.00453	0.00403
107	0.02762	0.22687	0.14371	0.05707	0.03454	0.03665	0.00955	0.05370	0.04204	0.13862	0.01403	0.16893	0.01278	0.00701	0.00463	0.00150	0.00508	0.00573	0.00350	0.00645

[dist]
# distance from previous block
# <min> <max>
5	15

[block]
# block no. 3 follows, 51 sequences, length 58
# corresponding to MSA columns:
# 1142-1178,1183-1203
name=unknown_D
#
# <colnr> <probs for GDERKNQSTAVLIFYWHMCP>
#	G	D	E	R	K	N	Q	S	T	A	V	L	I	F	Y	W	H	M	C	P
0	0.03557	0.07230	0.07873	0.01236	0.10154	0.05036	0.05627	0.09599	0.08532	0.03060	0.01014	0.01138	0.00799	0.00465	0.00454	0.00122	0.02328	0.00377	0.00313	0.31086
1	0.04142	0.08949	0.00913	0.00678	0.00898	0.00736	0.00532	0.03722	0.05899	0.08723	0.11533	0.11242	0.26041	0.06606	0.00649	0.00174	0.00342	0.00773	0.00430	0.07020
2	0.01251	0.14939	0.04661	0.14526	0.30459	0.11495	0.12861	0.01532	0.01116	0.01418	0.00864	0.01128	0.00706	0.00450	0.00467	0.00143	0.00666	0.00412	0.00235	0.00672
3	0.01626	0.00807	0.01024	0.00807	0.01143	0.00707	0.00650	0.05946	0.03109	0.43551	0.08703	0.05470	0.06817	0.00681	0.00489	0.00140	0.00380	0.00565	0.00516	0.16867
4	0.00790	0.00616	0.00713	0.00670	0.00815	0.00618	0.00496	0.01223	0.17704	0.01765	0.41528	0.03411	0.16476	0.10087	0.00777	0.00195	0.00295	0.00824	0.00491	0.00504
5	0.01035	0.50775	0.01792	0.00780	0.01047	0.01341	0.00691	0.01164	0.00976	0.01195	0.01474	0.32657	0.01653	0.00857	0.00437	0.00142	0.00432	0.00706	0.00306	0.00540
6	0.00602	0.00430	0.00574	0.00682	0.00714	0.00402	0.00456	0.00693	0.00958	0.01282	0.05617	0.79422	0.03303	0.01519	0.00625	0.00198	0.00283	0.01378	0.00459	0.00402
7	0.00986	0.02542	0.80183	0.01401	0.02127	0.01141	0.01816	0.01556	0.01038	0.01556	0.00882	0.01038	0.00623	0.00467	0.00467	0.00156	0.00726	0.00363	0.00208	0.00726
8	0.00928	0.00873	0.01474	0.81548	0.03385	0.01092	0.01365	0.01256	0.00983	0.01256	0.00873	0.01310	0.00655	0.00491	0.00491	0.00164	0.00655	0.00437	0.00218	0.00546
9	0.02134	0.00886	0.01164	0.00899	0.01275	0.00805	0.00740	0.07971	0.05117	0.70673	0.01886	0.01644	0.01202	0.00610	0.00494	0.00152	0.00426	0.00493	0.00595	0.00834
10	0.02205	0.00836	0.01140	0.00874	0.01254	0.00722	0.00722	0.02395	0.01407	0.80004	0.01939	0.01673	0.01216	0.00608	0.00494	0.00152	0.00418	0.00494	0.00608	0.00836
11	0.00606	0.00433	0.00579	0.00693	0.00725	0.00406	0.00469	0.00697	0.00948	0.01263	0.02704	0.79443	0.03234	0.01533	0.00629	0.00201	0.00292	0.04289	0.00456	0.00401
12	0.01110	0.32957	0.50855	0.01189	0.01800	0.01445	0.01447	0.01524	0.01023	0.01405	0.00807	0.00943	0.00626	0.00449	0.00410	0.00137	0.00650	0.00325	0.00209	0.00690
13	0.00940	0.00692	0.00833	0.00819	0.00940	0.00724	0.00599	0.20526	0.01286	0.01724	0.02248	0.58877	0.02545	0.01274	0.00625	0.00187	0.03067	0.01120	0.00457	0.00516
14	0.00598	0.00499	0.00522	0.00516	0.00674	0.00422	0.00387	0.00738	0.01161	0.01424	0.16085	0.04571	0.68298	0.01209	0.00581	0.00164	0.00246	0.01015	0.00469	0.00422
15	0.01146	0.01299	0.02824	0.02022	0.02504	0.01218	0.75405	0.01547	0.01146	0.01554	0.01012	0.01386	0.00779	0.03040	0.00641	0.00176	0.00817	0.00584	0.00250	0.00651
16	0.00599	0.00428	0.00570	0.00684	0.00713	0.00399	0.00456	0.00684	0.00941	0.01254	0.02709	0.82409	0.03250	0.01540	0.00627	0.00200	0.00285	0.01397	0.00456	0.00399
17	0.01159	0.01225	0.02435	0.09933	0.30777	0.01201	0.42775	0.01520	0.01128	0.01555	0.00957	0.01284	0.00749	0.00430	0.00537	0.00158	0.00723	0.00515	0.00244	0.00694
18	0.00715	0.00476	0.00536	0.00536	0.00536	0.00476	0.00298	0.00715	0.00715	0.00953	0.01548	0.03216	0.01787	0.82729	0.02501	0.00476	0.00476	0.00715	0.00298	0.00298
19	0.01598	0.01946	0.01428	0.01274	0.01448	0.55958	0.00989	0.01718	0.01192	0.01196	0.00724	0.00945	0.00637	0.00617	0.00809	0.00154	0.26214	0.00352	0.00241	0.00560
20	0.00983	0.01505	0.32706	0.06000	0.01721	0.00933	0.10248	0.06525	0.01200	0.04156	0.09380	0.02207	0.18936	0.00703	0.00521	0.00159	0.00556	0.00606	0.00334	0.00623
21	0.01212	0.01178	0.02056	0.02952	0.74439	0.01173	0.06684	0.01513	0.01122	0.01603	0.00929	0.01224	0.00776	0.00436	0.00493	0.00147	0.00600	0.00447	0.00244	0.00771
22	0.00855	0.00719	0.00882	0.00815	0.00835	0.03358	0.00589	0.00914	0.00757	0.01054	0.01227	0.02340	0.01340	0.45456	0.12673	0.00431	0.24501	0.00593	0.00267	0.00396
23	0.00916	0.00458	0.00458	0.00458	0.00573	0.00458	0.00344	0.01145	0.01031	0.01832	0.01603	0.01832	0.01260	0.00573	0.00344	0.00115	0.00229	0.00458	0.85457	0.00458
24	0.01327	0.07457	0.01446	0.11189	0.09029	0.02984	0.03620	0.22226	0.03878	0.06654	0.03730	0.06962	0.01174	0.02607	0.00680	0.04057	0.06060	0.02091	0.02185	0.00646
25	0.04523	0.14456	0.17861	0.02733	0.13672	0.06737	0.07599	0.07916	0.02788	0.05681	0.00967	0.01199	0.00773	0.00534	0.00572	0.00152	0.08809	0.02064	0.00280	0.00684
26	0.00808	0.00677	0.00951	0.00858	0.00922	0.00775	0.05437	0.00906	0.00821	0.01135	0.01663	0.06699	0.08403	0.33302	0.13542	0.00395	0.19369	0.02621	0.00297	0.00417
27	0.00599	0.00428	0.00570	0.00684	0.00713	0.00399	0.00456	0.00684	0.00941	0.01254	0.02709	0.82409	0.03250	0.01540	0.00627	0.00200	0.00285	0.01397	0.00456	0.00399
28	0.05079	0.27248	0.07958	0.01166	0.06183	0.24466	0.00970	0.09816	0.05485	0.04291	0.00989	0.01070	0.02293	0.00506	0.00414	0.00130	0.00628	0.00355	0.00293	0.00658
29	0.01470	0.28139	0.07566	0.00961	0.01363	0.08802	0.03087	0.06375	0.03496	0.17220	0.01212	0.03404	0.02636	0.00529	0.00419	0.00126	0.00525	0.00403	0.00344	0.11926
30	0.08422	0.15048	0.36560	0.06244	0.01833	0.04055	0.05425	0.08835	0.01154	0.03095	0.00960	0.04512	0.00769	0.00519	0.00445	0.00148	0.00629	0.00408	0.00266	0.00673
31	0.01200	0.04018	0.12876	0.02001	0.17254	0.01231	0.40247	0.01567	0.01111	0.05631	0.00977	0.01247	0.00748	0.00472	0.00616	0.00162	0.07197	0.00497	0.00257	0.00692
32	0.01154	0.01222	0.03604	0.13700	0.29122	0.03719	0.31657	0.03060	0.01140	0.01544	0.01023	0.04872	0.00851	0.00491	0.00529	0.00158	0.00689	0.00531	0.00256	0.00676
33	0.05568	0.01239	0.01690	0.07294	0.15361	0.08865	0.15687	0.11202	0.12549	0.13706	0.01247	0.01346	0.00915	0.00522	0.00495	0.00154	0.00597	0.00471	0.00369	0.00723
34	0.03669	0.01155	0.01536	0.01585	0.18706	0.11260	0.14039	0.06918	0.08394	0.01614	0.01542	0.19294	0.03890	0.00759	0.00565	0.00164	0.03260	0.00684	0.00342	0.00625
35	0.01078	0.00673	0.00750	0.00656	0.00890	0.00616	0.00518	0.10497	0.01321	0.17392	0.03765	0.03607	0.50597	0.01018	0.00547	0.00160	0.00321	0.02012	0.03028	0.00553
36	0.01118	0.09619	0.20587	0.09768	0.06563	0.01263	0.32963	0.03946	0.01119	0.01536	0.02270	0.02320	0.00797	0.00483	0.00547	0.00157	0.03553	0.00482	0.00246	0.00663
37	0.01139	0.10605	0.21974	0.10228	0.13820	0.03597	0.20901	0.03897	0.01114	0.01511	0.01014	0.01251	0.03043	0.00488	0.00526	0.00153	0.03374	0.00450	0.00243	0.00671
38	0.00651	0.00487	0.00683	0.00860	0.06531	0.00461	0.00542	0.00759	0.00968	0.01300	0.04121	0.72842	0.03085	0.01443	0.00617	0.00195	0.00310	0.03271	0.00442	0.00430
39	0.00994	0.03167	0.51192	0.01393	0.06131	0.01021	0.08863	0.01370	0.00973	0.01413	0.00886	0.01163	0.00690	0.00709	0.00769	0.17369	0.00665	0.00399	0.00215	0.00618
40	0.05853	0.04962	0.18491	0.02702	0.05547	0.14523	0.04050	0.15810	0.06830	0.06886	0.05864	0.01455	0.01092	0.00578	0.00477	0.00150	0.00605	0.03088	0.00351	0.00688
41	0.01177	0.01755	0.32525	0.01773	0.12547	0.01202	0.26392	0.10714	0.01241	0.01762	0.00983	0.01198	0.00730	0.00464	0.00505	0.00155	0.00702	0.00456	0.03001	0.00717
42	0.00634	0.00455	0.00603	0.00667	0.00726	0.00423	0.00465	0.00770	0.01091	0.01491	0.27620	0.55303	0.03692	0.01362	0.00613	0.00185	0.00271	0.02723	0.00484	0.00421
43	0.00833	0.00738	0.01012	0.00962	0.00975	0.00930	0.00740	0.00923	0.00836	0.01200	0.01651	0.38488	0.01915	0.06648	0.01221	0.00225	0.39022	0.00892	0.00331	0.00458
44	0.07857	0.05616	0.07971	0.04471	0.13700	0.01123	0.27659	0.03036	0.01185	0.20809	0.01165	0.01300	0.00832	0.00479	0.00497	0.00154	0.00622	0.00473	0.00338	0.00715
45	0.01033	0.01078	0.05049	0.17975	0.26560	0.01126	0.09894	0.01304	0.01031	0.01432	0.03889	0.01649	0.08778	0.00629	0.00727	0.00168	0.16269	0.00524	0.00263	0.00623
46	0.00598	0.00430	0.00568	0.00679	0.00711	0.00400	0.00454	0.00685	0.00946	0.01257	0.02774	0.80152	0.05464	0.01531	0.00626	0.00199	0.00284	0.01387	0.00456	0.00400
47	0.01077	0.01142	0.04224	0.54958	0.15789	0.09142	0.04048	0.01390	0.01055	0.01330	0.00875	0.01243	0.00675	0.00480	0.00488	0.00157	0.00675	0.00427	0.00227	0.00597
48	0.07161	0.07099	0.07416	0.25945	0.01942	0.01117	0.02409	0.16759	0.03316	0.05860	0.01615	0.04609	0.11438	0.00650	0.00482	0.00156	0.00525	0.00532	0.00347	0.00624
49	0.00734	0.00515	0.00643	0.00650	0.00693	0.00538	0.00431	0.03683	0.00835	0.01136	0.01683	0.16991	0.01870	0.44813	0.22156	0.00495	0.00660	0.00778	0.00325	0.00372
50	0.00701	0.00473	0.00554	0.00573	0.00583	0.00471	0.00342	0.00723	0.00760	0.01015	0.01736	0.14287	0.02009	0.67225	0.03936	0.00437	0.00468	0.03063	0.00324	0.00320
51	0.07716	0.01260	0.01032	0.01062	0.05762	0.29329	0.00743	0.05209	0.01181	0.03221	0.01595	0.31668	0.01699	0.01042	0.03950	0.00189	0.00588	0.01873	0.00356	0.00527
52	0.01216	0.27826	0.14816	0.21670	0.01964	0.03461	0.01130	0.11891	0.04506	0.01546	0.00929	0.01156	0.00746	0.02795	0.02279	0.00163	0.00614	0.00381	0.00267	0.00644
53	0.01920	0.00986	0.01196	0.00950	0.01310	0.00984	0.00774	0.16422	0.19132	0.48100	0.01812	0.01618	0.01210	0.00618	0.00495	0.00155	0.00434	0.00499	0.00562	0.00823
54	0.00605	0.00436	0.00574	0.00671	0.00712	0.00405	0.00453	0.00704	0.00983	0.01312	0.08656	0.73093	0.06603	0.01486	0.00622	0.00195	0.00280	0.01343	0.00463	0.00405
55	0.12042	0.10164	0.13470	0.07719	0.17966	0.08131	0.09642	0.12155	0.01241	0.01769	0.00887	0.01077	0.00691	0.00471	0.00450	0.00146	0.00626	0.00392	0.00276	0.00683
56	0.04382	0.05340	0.13863	0.01445	0.04109	0.01202	0.27739	0.08329	0.13808	0.01767	0.03543	0.01608	0.06740	0.00573	0.00550	0.00160	0.03304	0.00536	0.00327	0.00675
57	0.01770	0.01160	0.01248	0.01023	0.03380	0.09186	0.00802	0.20631	0.09627	0.30637	0.01445	0.01374	0.01005	0.00557	0.00468	0.00137	0.00489	0.00436	0.00473	0.14152

[dist]
# distance from previous block
# <min> <max>
0	6

[block]
# block no. 4 follows, 51 sequences, length 30
# corresponding to MSA columns:
# 1210-1239
name=unknown_E
#
# <colnr> <probs for GDERKNQSTAVLIFYWHMCP>
#	G	D	E	R	K	N	Q	S	T	A	V	L	I	F	Y	W	H	M	C	P
0	0.02815	0.14828	0.14511	0.00924	0.01284	0.09200	0.00875	0.04405	0.09505	0.15644	0.03012	0.01401	0.01049	0.00547	0.00423	0.00136	0.00493	0.00418	0.17867	0.00659
1	0.01387	0.01008	0.01136	0.00882	0.01244	0.00974	0.00710	0.29914	0.04813	0.08913	0.03064	0.06064	0.06294	0.00620	0.00462	0.00126	0.00421	0.00500	0.00427	0.31041
2	0.01096	0.18168	0.47342	0.03385	0.17585	0.01305	0.01551	0.01523	0.01045	0.01480	0.00851	0.01030	0.00656	0.00452	0.00441	0.00144	0.00656	0.00360	0.00215	0.00714
3	0.04906	0.04131	0.18967	0.01274	0.08703	0.06396	0.02430	0.08814	0.01150	0.05638	0.01062	0.07790	0.00923	0.00614	0.00626	0.00150	0.12411	0.00462	0.00301	0.13254
4	0.00599	0.00428	0.00570	0.00684	0.00713	0.00399	0.00456	0.00684	0.00941	0.01254	0.02709	0.82409	0.03250	0.01540	0.00627	0.00200	0.00285	0.01397	0.00456	0.00399
5	0.00986	0.02542	0.80183	0.01401	0.02127	0.01141	0.01816	0.01556	0.01038	0.01556	0.00882	0.01038	0.00623	0.00467	0.00467	0.00156	0.00726	0.00363	0.00208	0.00726
6	0.00928	0.00873	0.01474	0.81548	0.03385	0.01092	0.01365	0.01256	0.00983	0.01256	0.00873	0.01310	0.00655	0.00491	0.00491	0.00164	0.00655	0.00437	0.00218	0.00546
7	0.00916	0.00458	0.00458	0.00458	0.00573	0.00458	0.00344	0.01145	0.01031	0.01832	0.01603	0.01832	0.01260	0.00573	0.00344	0.00115	0.00229	0.00458	0.85457	0.00458
8	0.00599	0.00428	0.00570	0.00684	0.00713	0.00399	0.00456	0.00684	0.00941	0.01254	0.02709	0.82409	0.03250	0.01540	0.00627	0.00200	0.00285	0.01397	0.00456	0.00399
9	0.00928	0.00873	0.01474	0.81548	0.03385	0.01092	0.01365	0.01256	0.00983	0.01256	0.00873	0.01310	0.00655	0.00491	0.00491	0.00164	0.00655	0.00437	0.00218	0.00546
10	0.00596	0.00498	0.00519	0.00514	0.00673	0.00421	0.00385	0.00734	0.01156	0.01412	0.14772	0.04590	0.69617	0.01213	0.00581	0.00164	0.00247	0.01018	0.00467	0.00421
11	0.00703	0.00523	0.00773	0.00773	0.00855	0.00605	0.00593	0.00867	0.00785	0.01128	0.01332	0.02016	0.01266	0.08938	0.75581	0.00769	0.01261	0.00539	0.00266	0.00429
12	0.00693	0.00493	0.00543	0.00543	0.00680	0.00465	0.00412	0.00856	0.01033	0.01426	0.03375	0.03420	0.43595	0.01534	0.15910	0.00272	0.00448	0.00785	0.23086	0.00431
13	0.01190	0.01028	0.01081	0.00975	0.01247	0.01182	0.00758	0.02516	0.74910	0.02019	0.02148	0.01978	0.05381	0.00695	0.00504	0.00167	0.00382	0.00580	0.00498	0.00760
14	0.00597	0.00434	0.00563	0.00667	0.00708	0.00401	0.00448	0.00686	0.00958	0.01261	0.02924	0.75033	0.10487	0.01512	0.00623	0.00196	0.00282	0.01363	0.00456	0.00401
15	0.01422	0.66378	0.02331	0.00929	0.01315	0.18205	0.00863	0.01573	0.01080	0.01166	0.00699	0.00809	0.00631	0.00438	0.00342	0.00110	0.00600	0.00274	0.00219	0.00618
16	0.01659	0.01360	0.22438	0.06561	0.04341	0.00937	0.08224	0.03471	0.01265	0.42507	0.01450	0.01422	0.00955	0.00539	0.00494	0.00155	0.00562	0.00460	0.00428	0.00770
17	0.00939	0.00502	0.00506	0.00498	0.00625	0.00514	0.00376	0.01253	0.06759	0.01849	0.01632	0.01832	0.01277	0.00579	0.00355	0.00118	0.00241	0.00465	0.79198	0.00482
18	0.10469	0.07777	0.02805	0.17691	0.03072	0.06415	0.04721	0.12724	0.03523	0.19475	0.02962	0.01317	0.00925	0.00534	0.00456	0.00147	0.00540	0.00428	0.01936	0.02085
19	0.00975	0.02584	0.01363	0.06735	0.01501	0.00906	0.17960	0.01516	0.21794	0.03294	0.04877	0.23436	0.05739	0.00895	0.00562	0.00176	0.00472	0.04219	0.00406	0.00589
20	0.02205	0.00836	0.01140	0.00874	0.01254	0.00722	0.00722	0.02395	0.01407	0.80004	0.01939	0.01673	0.01216	0.00608	0.00494	0.00152	0.00418	0.00494	0.00608	0.00836
21	0.00986	0.02542	0.80183	0.01401	0.02127	0.01141	0.01816	0.01556	0.01038	0.01556	0.00882	0.01038	0.00623	0.00467	0.00467	0.00156	0.00726	0.00363	0.00208	0.00726
22	0.01094	0.08847	0.20124	0.12398	0.09929	0.01111	0.09162	0.07172	0.03890	0.02869	0.01282	0.03313	0.04020	0.06025	0.00617	0.00175	0.00588	0.02651	0.04094	0.00636
23	0.01041	0.00583	0.00753	0.00671	0.00857	0.00521	0.00522	0.01248	0.01348	0.20425	0.48076	0.03403	0.14405	0.00955	0.00562	0.00158	0.00285	0.03099	0.00542	0.00545
24	0.00715	0.00476	0.00536	0.00536	0.00536	0.00476	0.00298	0.00715	0.00715	0.00953	0.01548	0.03216	0.01787	0.82729	0.02501	0.00476	0.00476	0.00715	0.00298	0.00298
25	0.00973	0.00916	0.01546	0.64197	0.17793	0.01085	0.01365	0.01286	0.01007	0.01322	0.00938	0.03733	0.00757	0.00513	0.00494	0.00161	0.00630	0.00466	0.00230	0.00586
26	0.08552	0.04298	0.41787	0.05411	0.19629	0.01172	0.01488	0.04916	0.02927	0.04006	0.00939	0.01106	0.00699	0.00473	0.00456	0.00152	0.00629	0.00384	0.00256	0.00719
27	0.01194	0.46073	0.36153	0.01084	0.01636	0.01565	0.01260	0.01532	0.01026	0.03337	0.00801	0.00919	0.00642	0.00445	0.00386	0.00128	0.00610	0.00312	0.00219	0.00677
28	0.00697	0.00550	0.00623	0.00597	0.00740	0.00514	0.00443	0.00974	0.08386	0.01633	0.35255	0.03912	0.35559	0.07095	0.00714	0.00184	0.00272	0.00907	0.00484	0.00460
29	0.00697	0.00516	0.00680	0.00657	0.00755	0.00499	0.00489	0.00902	0.01297	0.01830	0.64596	0.15308	0.04259	0.01078	0.00631	0.00164	0.03726	0.00945	0.00514	0.00457

[dist]
# distance from previous block
# <min> <max>
0	1

[block]
# block no. 5 follows, 51 sequences, length 43
# corresponding to MSA columns:
# 1241-1283
name=unknown_F
#
# <colnr> <probs for GDERKNQSTAVLIFYWHMCP>
#	G	D	E	R	K	N	Q	S	T	A	V	L	I	F	Y	W	H	M	C	P
0	0.01146	0.01016	0.01136	0.00930	0.05990	0.05339	0.00688	0.07433	0.01150	0.01698	0.00895	0.01036	0.00734	0.00395	0.00386	0.00086	0.00421	0.00314	0.00302	0.68907
1	0.00789	0.00561	0.00743	0.00722	0.00806	0.00623	0.00532	0.05542	0.00876	0.01248	0.01388	0.02230	0.01359	0.24899	0.49924	0.00627	0.00978	0.00569	0.05161	0.00426
2	0.00792	0.00566	0.00792	0.00905	0.01018	0.00566	0.00792	0.01018	0.01131	0.01471	0.02602	0.05543	0.02828	0.01358	0.00679	0.00226	0.00453	0.76356	0.00453	0.00453
3	0.05522	0.02874	0.07831	0.01251	0.01621	0.23576	0.10047	0.25028	0.11427	0.03173	0.01123	0.01235	0.00854	0.00549	0.00479	0.00148	0.00656	0.01543	0.00363	0.00702
4	0.17599	0.07669	0.05485	0.24182	0.01910	0.14751	0.00981	0.04626	0.03246	0.10170	0.00963	0.01121	0.00719	0.00496	0.00427	0.00144	0.00586	0.00370	0.00304	0.04252
5	0.00804	0.00614	0.00694	0.00672	0.02335	0.03584	0.00493	0.01018	0.02821	0.05938	0.44709	0.03718	0.28706	0.01025	0.00567	0.00157	0.00283	0.00879	0.00499	0.00484
6	0.00594	0.00496	0.00518	0.00518	0.00673	0.00420	0.00386	0.00730	0.01145	0.01399	0.13411	0.07135	0.68434	0.01227	0.00582	0.00166	0.00248	0.01032	0.00466	0.00420
7	0.24195	0.01214	0.01220	0.00969	0.01323	0.01357	0.00797	0.51958	0.04352	0.02772	0.01093	0.01128	0.00795	0.00556	0.00436	0.00148	0.00480	0.00400	0.04072	0.00737
