[name]
unknown

[dist]
# distance from previous block
# <min> <max>
11	836

[block]
# block no. 0 follows, 50 sequences, length 22
# corresponding to MSA columns:
# 916-937
name=unknown_A
#
# <colnr> <probs for GDERKNQSTAVLIFYWHMCP>
#	G	D	E	R	K	N	Q	S	T	A	V	L	I	F	Y	W	H	M	C	P
0	0.13824	0.01065	0.06602	0.00983	0.01327	0.00985	0.06824	0.13822	0.06507	0.19302	0.09154	0.03761	0.07280	0.00679	0.00521	0.00157	0.02568	0.00555	0.00445	0.03641
1	0.12495	0.05814	0.11155	0.00975	0.01345	0.01092	0.00895	0.21752	0.03505	0.13894	0.04372	0.04614	0.01316	0.00692	0.00486	0.00158	0.00487	0.09643	0.00425	0.04885
2	0.07425	0.12141	0.07937	0.01006	0.01326	0.08971	0.00878	0.21188	0.10960	0.01938	0.03934	0.05346	0.01154	0.01923	0.10185	0.00232	0.01947	0.00483	0.00366	0.00660
3	0.01379	0.01051	0.04042	0.16075	0.11110	0.03660	0.01026	0.15738	0.04666	0.15284	0.04196	0.02229	0.04456	0.00720	0.00532	0.00167	0.00530	0.12044	0.00414	0.00682
4	0.08367	0.01107	0.01206	0.00947	0.01319	0.01145	0.00770	0.32467	0.13310	0.12035	0.01328	0.01317	0.00965	0.00554	0.00453	0.00137	0.00449	0.00427	0.03411	0.18288
5	0.01056	0.14719	0.06956	0.00942	0.01228	0.01016	0.03325	0.04015	0.08702	0.04119	0.01580	0.18477	0.01567	0.00941	0.03674	0.00182	0.05237	0.07969	0.00358	0.13936
6	0.07582	0.01017	0.01201	0.00969	0.01315	0.01024	0.04519	0.19031	0.16076	0.09227	0.01482	0.05623	0.01223	0.00643	0.00479	0.00145	0.00447	0.05904	0.00430	0.21663
7	0.00890	0.00683	0.00758	0.00669	0.00912	0.00602	0.00526	0.08414	0.01238	0.04891	0.03435	0.07441	0.43536	0.01017	0.00543	0.00153	0.00328	0.06220	0.00439	0.17306
8	0.01183	0.20582	0.01401	0.00803	0.01161	0.04977	0.00663	0.08713	0.01128	0.01543	0.00969	0.01327	0.00885	0.12963	0.00705	0.00154	0.00470	0.00370	0.00295	0.39709
9	0.01527	0.01001	0.01184	0.00945	0.01266	0.01025	0.00763	0.28550	0.04619	0.17815	0.01371	0.02785	0.01058	0.03871	0.12292	0.00248	0.03268	0.00474	0.00437	0.15502
10	0.04675	0.00972	0.01203	0.08758	0.01489	0.00995	0.00820	0.18328	0.10778	0.37155	0.08156	0.01713	0.01398	0.00637	0.00502	0.00156	0.00453	0.00517	0.00524	0.00770
11	0.00810	0.21065	0.01103	0.00715	0.00874	0.00815	0.00568	0.00947	0.01063	0.01372	0.13780	0.39308	0.10306	0.01160	0.00547	0.00169	0.00346	0.04165	0.00413	0.00477
12	0.00781	0.00599	0.00694	0.00651	0.00813	0.00557	0.00490	0.08411	0.01325	0.01764	0.31489	0.15538	0.29408	0.01116	0.00578	0.00164	0.00285	0.00962	0.00491	0.03882
13	0.09462	0.15939	0.07106	0.38220	0.17297	0.01284	0.01264	0.01402	0.01015	0.01439	0.00842	0.01144	0.00669	0.00470	0.00445	0.00150	0.00604	0.00389	0.00233	0.00626
14	0.00991	0.08755	0.49922	0.01172	0.01702	0.01052	0.01374	0.01418	0.01183	0.01710	0.23540	0.01870	0.01856	0.00659	0.00514	0.00162	0.00589	0.00530	0.00325	0.00675
15	0.01244	0.07096	0.10019	0.02157	0.24576	0.07948	0.36490	0.01602	0.01161	0.01543	0.00935	0.01209	0.00736	0.00441	0.00520	0.00154	0.00742	0.00481	0.00244	0.00702
16	0.00863	0.00495	0.00685	0.00692	0.00724	0.00507	0.00472	0.00851	0.08275	0.01047	0.01267	0.13875	0.01301	0.01603	0.01607	0.64151	0.00407	0.00596	0.00282	0.00301
17	0.01133	0.01191	0.02354	0.21891	0.22020	0.01204	0.39728	0.01500	0.01122	0.01525	0.00960	0.01313	0.00742	0.00445	0.00542	0.00163	0.00735	0.00516	0.00243	0.00672
18	0.01043	0.00800	0.00841	0.00835	0.00968	0.08401	0.00605	0.12717	0.01245	0.07185	0.02262	0.56093	0.02516	0.01244	0.00587	0.00184	0.00398	0.01097	0.00459	0.00521
19	0.00712	0.00548	0.00660	0.00662	0.00791	0.00519	0.00497	0.00994	0.07737	0.01688	0.36165	0.16990	0.22456	0.01166	0.00597	0.00173	0.00278	0.06389	0.00503	0.00473
20	0.00789	0.00589	0.00693	0.00632	0.00766	0.00519	0.00420	0.00872	0.00863	0.01222	0.01624	0.19481	0.01819	0.41445	0.01504	0.00305	0.00409	0.00749	0.00334	0.24965
21	0.03772	0.05628	0.01169	0.06748	0.15378	0.02517	0.00829	0.01427	0.18573	0.01546	0.01900	0.34618	0.01958	0.00961	0.00538	0.00174	0.00424	0.00853	0.00393	0.00594

[dist]
# distance from previous block
# <min> <max>
1	3

[block]
# block no. 1 follows, 50 sequences, length 21
# corresponding to MSA columns:
# 941-961
name=unknown_B
#
# <colnr> <probs for GDERKNQSTAVLIFYWHMCP>
#	G	D	E	R	K	N	Q	S	T	A	V	L	I	F	Y	W	H	M	C	P
0	0.01265	0.27336	0.25014	0.01208	0.01683	0.14439	0.08988	0.03364	0.03748	0.01432	0.01150	0.01263	0.06025	0.00523	0.00443	0.00139	0.00661	0.00406	0.00257	0.00656
1	0.01836	0.00767	0.01046	0.00866	0.01178	0.00679	0.00718	0.02039	0.01377	0.58446	0.09961	0.02573	0.01867	0.00788	0.00542	0.00167	0.00411	0.13413	0.00583	0.00743
2	0.14256	0.01489	0.01300	0.01081	0.01415	0.18652	0.00863	0.36822	0.15156	0.02404	0.01174	0.01190	0.00874	0.00573	0.00461	0.00149	0.00574	0.00414	0.00419	0.00733
3	0.00859	0.00665	0.02548	0.00874	0.06207	0.00607	0.00616	0.03684	0.06089	0.06234	0.14188	0.28714	0.20997	0.01156	0.00586	0.00177	0.00335	0.04474	0.00468	0.00520
4	0.09828	0.06800	0.12488	0.01295	0.01731	0.01064	0.27072	0.01534	0.03441	0.07915	0.08674	0.01612	0.04772	0.00547	0.00494	0.00149	0.00580	0.00518	0.00329	0.09155
5	0.01138	0.33630	0.45848	0.01236	0.01840	0.01479	0.05460	0.01546	0.01044	0.01422	0.00822	0.00970	0.00641	0.00452	0.00420	0.00139	0.00663	0.00340	0.00214	0.00696
6	0.00632	0.00460	0.00600	0.00692	0.00750	0.00428	0.00489	0.00748	0.01025	0.01353	0.08374	0.61037	0.11104	0.01474	0.00633	0.00198	0.00299	0.08819	0.00468	0.00417
7	0.01376	0.01485	0.14989	0.01402	0.01841	0.03530	0.22045	0.25333	0.08752	0.03759	0.06499	0.01546	0.01156	0.00583	0.00544	0.00161	0.01698	0.02193	0.00378	0.00729
8	0.01426	0.08642	0.22228	0.04089	0.01956	0.08053	0.21608	0.01840	0.05283	0.18234	0.01186	0.01285	0.00843	0.00501	0.00497	0.00154	0.00674	0.00455	0.00329	0.00718
9	0.02103	0.00860	0.01134	0.00877	0.01249	0.00763	0.00722	0.07096	0.01465	0.69522	0.02127	0.01876	0.06510	0.00660	0.00507	0.00155	0.00420	0.00535	0.00599	0.00819
10	0.00595	0.00505	0.00513	0.00511	0.00677	0.00423	0.00384	0.00727	0.01151	0.01381	0.08950	0.04740	0.75249	0.01250	0.00589	0.00168	0.00252	0.01044	0.00467	0.00423
11	0.05471	0.15935	0.28829	0.01073	0.01556	0.04920	0.01133	0.02962	0.03772	0.23345	0.01283	0.05485	0.00971	0.00573	0.00455	0.00149	0.00567	0.00444	0.00359	0.00720
12	0.01140	0.01019	0.01428	0.01536	0.19306	0.01204	0.01026	0.10405	0.05330	0.01716	0.14174	0.05371	0.01560	0.00787	0.00952	0.00180	0.31322	0.00570	0.00341	0.00632
13	0.00929	0.00465	0.00465	0.00465	0.00581	0.00465	0.00348	0.01161	0.01045	0.01858	0.01626	0.01858	0.01278	0.00581	0.00348	0.00116	0.00232	0.00465	0.85250	0.00465
14	0.01097	0.01054	0.01819	0.38865	0.41429	0.01152	0.04580	0.01415	0.01073	0.01465	0.00917	0.01282	0.00731	0.00468	0.00500	0.00157	0.00635	0.00449	0.00235	0.00677
15	0.01508	0.38971	0.01995	0.01222	0.11777	0.06570	0.00935	0.14455	0.03049	0.09651	0.04689	0.01184	0.00968	0.00516	0.00417	0.00129	0.00539	0.00385	0.00332	0.00707
16	0.00607	0.00434	0.00578	0.00694	0.00723	0.00405	0.00463	0.00694	0.00954	0.01272	0.02747	0.82157	0.03297	0.01562	0.00636	0.00202	0.00289	0.01417	0.00463	0.00405
17	0.00674	0.00508	0.00622	0.00594	0.00725	0.00457	0.00445	0.00879	0.01336	0.01821	0.58922	0.04016	0.25002	0.01085	0.00588	0.00160	0.00240	0.00942	0.00525	0.00457
18	0.01003	0.00777	0.01226	0.08631	0.01441	0.00819	0.11872	0.01280	0.06313	0.09428	0.01965	0.32228	0.02030	0.01048	0.00702	0.00191	0.08747	0.09346	0.00403	0.00550
19	0.01071	0.10019	0.09609	0.08982	0.01438	0.01058	0.00875	0.12364	0.16535	0.01727	0.01906	0.24449	0.06166	0.00883	0.00522	0.00167	0.00457	0.00752	0.00398	0.00621
20	0.01721	0.01484	0.01360	0.01114	0.01443	0.17956	0.00891	0.47003	0.09792	0.02478	0.01219	0.01269	0.00912	0.00733	0.04183	0.00176	0.00628	0.00438	0.04452	0.00748

[dist]
# distance from previous block
# <min> <max>
0	2

[block]
# block no. 2 follows, 50 sequences, length 25
# corresponding to MSA columns:
# 964-988
name=unknown_C
#
# <colnr> <probs for GDERKNQSTAVLIFYWHMCP>
#	G	D	E	R	K	N	Q	S	T	A	V	L	I	F	Y	W	H	M	C	P
0	0.22553	0.15594	0.39007	0.04161	0.01719	0.01308	0.01273	0.06247	0.01072	0.01761	0.00828	0.00968	0.00624	0.00472	0.00408	0.00148	0.00599	0.00334	0.00254	0.00671
1	0.01042	0.13053	0.45814	0.01149	0.01706	0.01142	0.01335	0.04138	0.03417	0.01584	0.03417	0.06270	0.03379	0.00574	0.00460	0.00145	0.00594	0.00457	0.00272	0.10053
2	0.04684	0.19229	0.10168	0.00884	0.01153	0.10205	0.00817	0.01308	0.01090	0.01477	0.02833	0.11433	0.01571	0.00804	0.00473	0.00155	0.00493	0.15842	0.14840	0.00543
3	0.01704	0.01402	0.06284	0.01137	0.01532	0.01459	0.00970	0.57504	0.17968	0.02827	0.01350	0.01325	0.00973	0.00607	0.00499	0.00154	0.00528	0.00467	0.00483	0.00829
4	0.01117	0.16290	0.38960	0.01135	0.01633	0.11382	0.01261	0.01529	0.04418	0.01493	0.07391	0.01592	0.08580	0.00598	0.00465	0.00146	0.00621	0.00460	0.00280	0.00650
5	0.01056	0.02183	0.55270	0.01638	0.02301	0.01191	0.26075	0.01584	0.01092	0.01584	0.00931	0.01146	0.00671	0.00456	0.00510	0.00161	0.00770	0.00439	0.00224	0.00716
6	0.04081	0.00986	0.01522	0.60799	0.04595	0.01188	0.03492	0.12023	0.01181	0.01584	0.00920	0.01283	0.00691	0.00519	0.00529	0.00165	0.03132	0.00442	0.00265	0.00603
7	0.01116	0.01063	0.01796	0.29922	0.49027	0.01154	0.01444	0.01414	0.01071	0.01485	0.00946	0.02869	0.00792	0.00499	0.00536	0.00158	0.03312	0.00463	0.00241	0.00692
8	0.00866	0.00433	0.00649	0.00649	0.00649	0.00433	0.00433	0.00649	0.00649	0.00866	0.00866	0.01515	0.00866	0.01732	0.01948	0.85498	0.00433	0.00433	0.00216	0.00216
9	0.00613	0.00442	0.00581	0.00682	0.00722	0.00410	0.00460	0.00711	0.00992	0.01323	0.07816	0.73764	0.06612	0.01514	0.00631	0.00198	0.00284	0.01368	0.00468	0.00410
10	0.00682	0.00509	0.00634	0.00602	0.00730	0.00460	0.00452	0.00895	0.01355	0.01866	0.64074	0.03941	0.19822	0.01068	0.00588	0.00159	0.00239	0.00932	0.00531	0.00460
11	0.00941	0.00886	0.01495	0.81285	0.03433	0.01107	0.01384	0.01274	0.00997	0.01274	0.00886	0.01329	0.00664	0.00498	0.00498	0.00166	0.00664	0.00443	0.00221	0.00554
12	0.01295	0.01185	0.01653	0.06956	0.12224	0.01454	0.01201	0.01385	0.00999	0.01495	0.01045	0.01567	0.00980	0.01285	0.11068	0.00318	0.52354	0.00528	0.00314	0.00694
13	0.00607	0.00434	0.00578	0.00694	0.00723	0.00405	0.00463	0.00694	0.00954	0.01272	0.02747	0.82157	0.03297	0.01562	0.00636	0.00202	0.00289	0.01417	0.00463	0.00405
14	0.00669	0.00508	0.00616	0.00589	0.00722	0.00455	0.00442	0.00870	0.01325	0.01795	0.55954	0.04059	0.27987	0.01095	0.00588	0.00160	0.00241	0.00948	0.00522	0.00455
15	0.01172	0.37153	0.43958	0.01171	0.01758	0.04155	0.01386	0.01555	0.01047	0.01392	0.00803	0.00938	0.00635	0.00455	0.00406	0.00135	0.00654	0.00323	0.00213	0.00690
16	0.00623	0.00445	0.00596	0.00712	0.00747	0.00418	0.00489	0.00720	0.00969	0.01290	0.02739	0.76190	0.03263	0.01547	0.00640	0.00205	0.00302	0.07234	0.00462	0.00409
17	0.00941	0.00886	0.01495	0.81285	0.03433	0.01107	0.01384	0.01274	0.00997	0.01274	0.00886	0.01329	0.00664	0.00498	0.00498	0.00166	0.00664	0.00443	0.00221	0.00554
18	0.00729	0.00546	0.00783	0.00774	0.00844	0.00632	0.00583	0.00872	0.00786	0.01125	0.01351	0.02158	0.01325	0.17721	0.63546	0.00722	0.04243	0.00564	0.00271	0.00423
19	0.01303	0.01066	0.01426	0.38431	0.02346	0.01252	0.01121	0.31643	0.01516	0.02012	0.01141	0.07564	0.00942	0.00643	0.00576	0.00165	0.05322	0.00521	0.00350	0.00659
20	0.00716	0.00575	0.00881	0.10609	0.01190	0.00604	0.05113	0.00861	0.00929	0.01252	0.02078	0.48242	0.02356	0.07070	0.13014	0.00307	0.02341	0.01047	0.00375	0.00441
21	0.01087	0.01059	0.05897	0.33501	0.12415	0.01041	0.17766	0.01424	0.01141	0.06726	0.11667	0.01657	0.01288	0.00552	0.00528	0.00162	0.00623	0.00537	0.00302	0.00628
22	0.01037	0.02260	0.61004	0.01534	0.02180	0.01200	0.15251	0.01557	0.01055	0.01557	0.00899	0.01107	0.00655	0.00491	0.00571	0.00164	0.06135	0.00412	0.00218	0.00712
23	0.00701	0.00553	0.00779	0.01006	0.11467	0.00523	0.00617	0.00830	0.01012	0.01342	0.02782	0.57179	0.12407	0.01361	0.00614	0.00192	0.00335	0.05404	0.00433	0.00462
24	0.01001	0.01317	0.18845	0.01200	0.01544	0.06190	0.15730	0.01454	0.11663	0.02685	0.04769	0.23527	0.06197	0.00857	0.00554	0.00172	0.00548	0.00780	0.00364	0.00604

[dist]
# distance from previous block
# <min> <max>
6	16

[block]
# block no. 3 follows, 50 sequences, length 16
# corresponding to MSA columns:
# 1006-1021
name=unknown_D
#
# <colnr> <probs for GDERKNQSTAVLIFYWHMCP>
#	G	D	E	R	K	N	Q	S	T	A	V	L	I	F	Y	W	H	M	C	P
0	0.01275	0.15271	0.16126	0.01164	0.06467	0.21361	0.01013	0.01535	0.01167	0.01467	0.07074	0.01191	0.00997	0.00492	0.00426	0.00120	0.00604	0.00369	0.00273	0.21605
1	0.01562	0.13280	0.19308	0.01106	0.01536	0.01294	0.01083	0.17666	0.08494	0.20670	0.01269	0.01278	0.00906	0.00581	0.00568	0.00154	0.07661	0.00426	0.00397	0.00761
2	0.04232	0.09737	0.12393	0.00838	0.01155	0.00933	0.00776	0.01539	0.18680	0.07071	0.13175	0.02652	0.23225	0.00818	0.00508	0.00157	0.00399	0.00671	0.00427	0.00614
3	0.00997	0.01153	0.12464	0.14174	0.37245	0.00975	0.01275	0.01290	0.01076	0.01486	0.01623	0.13270	0.09458	0.00705	0.00522	0.00162	0.00544	0.00638	0.00292	0.00651
4	0.01429	0.00975	0.01105	0.00918	0.01206	0.01033	0.00733	0.25811	0.20459	0.13623	0.21635	0.02220	0.05138	0.00754	0.00528	0.00158	0.00401	0.00624	0.00529	0.00720
5	0.00667	0.00510	0.00613	0.00593	0.00729	0.00456	0.00449	0.00863	0.01304	0.01750	0.50190	0.04169	0.31177	0.01118	0.00592	0.00163	0.00249	0.03441	0.00515	0.00452
6	0.01017	0.00736	0.00816	0.00771	0.00924	0.06944	0.00582	0.06065	0.01347	0.10083	0.37042	0.22814	0.03326	0.01061	0.00579	0.00169	0.00352	0.04345	0.00504	0.00527
7	0.70245	0.01012	0.00878	0.00764	0.01047	0.01196	0.00631	0.07524	0.00959	0.02198	0.00730	0.00871	0.00577	0.00517	0.00465	0.00161	0.09045	0.00302	0.00314	0.00565
8	0.01091	0.01091	0.01527	0.01309	0.01309	0.01527	0.01091	0.01200	0.00763	0.01200	0.00654	0.01091	0.00654	0.00872	0.01636	0.00218	0.81570	0.00436	0.00218	0.00545
9	0.01208	0.13005	0.01671	0.01240	0.01329	0.10000	0.01043	0.01326	0.00868	0.01198	0.00672	0.01028	0.00651	0.00770	0.01320	0.00192	0.61295	0.00399	0.00222	0.00562
10	0.00725	0.00483	0.00544	0.00544	0.00544	0.00483	0.00302	0.00725	0.00725	0.00966	0.01571	0.03262	0.01812	0.82483	0.02537	0.00483	0.00483	0.00725	0.00302	0.00302
11	0.00946	0.00822	0.01014	0.12584	0.09601	0.07690	0.00769	0.01216	0.03208	0.03782	0.45927	0.02807	0.05993	0.00829	0.00549	0.00155	0.00403	0.00723	0.00441	0.00542
12	0.01036	0.00776	0.01017	0.13724	0.04975	0.00719	0.00730	0.01311	0.04971	0.10099	0.08777	0.07313	0.14966	0.00725	0.00491	0.00138	0.00397	0.00619	0.00389	0.26826
13	0.03629	0.01047	0.01741	0.31855	0.02378	0.03914	0.20319	0.01309	0.01001	0.01368	0.01060	0.09864	0.00961	0.00665	0.00752	0.00179	0.16563	0.00572	0.00258	0.00566
14	0.01135	0.01110	0.01873	0.15522	0.35872	0.01217	0.11216	0.01467	0.04599	0.01499	0.00949	0.01283	0.00786	0.00622	0.02856	0.00183	0.14606	0.00466	0.00252	0.02487
15	0.09569	0.01158	0.01790	0.08811	0.06976	0.04292	0.26233	0.07531	0.04101	0.01739	0.01048	0.04675	0.00863	0.00512	0.00518	0.00147	0.02687	0.00488	0.00300	0.16560

[dist]
# distance from previous block
# <min> <max>
2	11

[block]
# block no. 4 follows, 50 sequences, length 14
# corresponding to MSA columns:
# 1033-1043,1045-1047
name=unknown_E
#
# <colnr> <probs for GDERKNQSTAVLIFYWHMCP>
#	G	D	E	R	K	N	Q	S	T	A	V	L	I	F	Y	W	H	M	C	P
0	0.09980	0.01115	0.01462	0.01550	0.21893	0.03083	0.04131	0.11923	0.14018	0.23637	0.01411	0.01414	0.01011	0.00553	0.00483	0.00154	0.00505	0.00466	0.00432	0.00779
1	0.01246	0.01086	0.01728	0.23175	0.32717	0.02721	0.06722	0.04928	0.05388	0.07753	0.01088	0.01358	0.00845	0.00649	0.04085	0.00186	0.02862	0.00467	0.00295	0.00700
2	0.01061	0.01057	0.01547	0.55649	0.10708	0.07075	0.01325	0.01342	0.01007	0.01295	0.00849	0.01252	0.00674	0.00549	0.00661	0.00169	0.12543	0.00433	0.00226	0.00578
3	0.01111	0.01172	0.01207	0.01078	0.01260	0.21963	0.09896	0.01383	0.08081	0.01381	0.05143	0.22422	0.04878	0.03877	0.07926	0.00237	0.05353	0.00752	0.00353	0.00529
4	0.00744	0.00572	0.00826	0.00808	0.00879	0.00678	0.00619	0.00893	0.00788	0.01136	0.01311	0.02058	0.01272	0.13794	0.63951	0.00712	0.07704	0.00551	0.00268	0.00434
5	0.00929	0.00465	0.00465	0.00465	0.00581	0.00465	0.00348	0.01161	0.01045	0.01858	0.01626	0.01858	0.01278	0.00581	0.00348	0.00116	0.00232	0.00465	0.85250	0.00465
6	0.01333	0.82783	0.02612	0.00853	0.01279	0.01972	0.00853	0.01493	0.01013	0.01173	0.00693	0.00800	0.00640	0.00426	0.00320	0.00107	0.00533	0.00267	0.00213	0.00640
7	0.01028	0.00990	0.01371	0.01189	0.01193	0.01356	0.00970	0.01126	0.00760	0.01167	0.00800	0.01407	0.00828	0.11643	0.04749	0.00275	0.67930	0.00478	0.00231	0.00510
8	0.00929	0.00465	0.00465	0.00465	0.00581	0.00465	0.00348	0.01161	0.01045	0.01858	0.01626	0.01858	0.01278	0.00581	0.00348	0.00116	0.00232	0.00465	0.85250	0.00465
9	0.01566	0.01178	0.01270	0.01055	0.01390	0.01318	0.00845	0.31299	0.43502	0.08430	0.01706	0.01594	0.01242	0.00642	0.00503	0.00160	0.00456	0.00515	0.00512	0.00816
10	0.50518	0.01149	0.00966	0.04459	0.01235	0.11455	0.00691	0.03624	0.07747	0.12488	0.01011	0.01064	0.00744	0.00513	0.00383	0.00153	0.00475	0.00345	0.00361	0.00616
11	0.00638	0.00497	0.00530	0.00532	0.00679	0.00431	0.00395	0.00788	0.01157	0.01484	0.15567	0.09401	0.56188	0.01184	0.00570	0.00164	0.00250	0.01000	0.08113	0.00431
12	0.00589	0.00505	0.00505	0.00505	0.00673	0.00421	0.00379	0.00715	0.01136	0.01347	0.05049	0.04797	0.79171	0.01262	0.00589	0.00168	0.00252	0.01052	0.00463	0.00421
13	0.00866	0.00433	0.00649	0.00649	0.00649	0.00433	0.00433	0.00649	0.00649	0.00866	0.00866	0.01515	0.00866	0.01732	0.01948	0.85498	0.00433	0.00433	0.00216	0.00216

[dist]
# distance from previous block
# <min> <max>
0	1

[block]
# block no. 5 follows, 50 sequences, length 64
# corresponding to MSA columns:
# 1049-1071,1073-1113
name=unknown_F
#
# <colnr> <probs for GDERKNQSTAVLIFYWHMCP>
#	G	D	E	R	K	N	Q	S	T	A	V	L	I	F	Y	W	H	M	C	P
0	0.00715	0.00520	0.00681	0.00684	0.00801	0.00487	0.00535	0.00936	0.01318	0.01819	0.54855	0.07343	0.09129	0.01133	0.00611	0.00175	0.00286	0.16990	0.00520	0.00462
1	0.00695	0.00502	0.00626	0.00602	0.00701	0.00466	0.00431	0.00873	0.01249	0.01731	0.55929	0.05675	0.11573	0.15683	0.00939	0.00218	0.00283	0.00897	0.00494	0.00434
2	0.01176	0.01345	0.02941	0.02101	0.02605	0.01261	0.77563	0.01597	0.01176	0.01597	0.01008	0.01345	0.00756	0.00420	0.00588	0.00168	0.00840	0.00588	0.00252	0.00672
3	0.01943	0.01092	0.01518	0.01153	0.01551	0.06368	0.14559	0.08191	0.03573	0.50615	0.01633	0.01531	0.01075	0.00570	0.00511	0.00153	0.00539	0.00498	0.00508	0.02418
4	0.01649	0.01083	0.01175	0.00932	0.01247	0.01165	0.00757	0.49098	0.01884	0.09842	0.01388	0.01463	0.01017	0.02509	0.00508	0.00149	0.00453	0.00464	0.22482	0.00736
5	0.00713	0.00531	0.00784	0.00784	0.00867	0.00614	0.00602	0.00879	0.00796	0.01145	0.01351	0.02044	0.01283	0.08893	0.75404	0.00780	0.01279	0.00547	0.00269	0.00436
6	0.00824	0.00645	0.00780	0.00716	0.00886	0.00634	0.02050	0.05206	0.11099	0.01869	0.41698	0.03627	0.20811	0.02759	0.00620	0.00171	0.00303	0.04275	0.00506	0.00519
7	0.00929	0.00465	0.00465	0.00465	0.00581	0.00465	0.00348	0.01161	0.01045	0.01858	0.01626	0.01858	0.01278	0.00581	0.00348	0.00116	0.00232	0.00465	0.85250	0.00465
8	0.01507	0.01198	0.01217	0.01012	0.01308	0.08009	0.00809	0.41307	0.09924	0.04218	0.07180	0.06716	0.06518	0.00891	0.04186	0.00186	0.00536	0.02099	0.00469	0.00710
9	0.01294	0.68129	0.02492	0.00977	0.01354	0.01878	0.04968	0.01461	0.00990	0.01199	0.00705	0.00865	0.00648	0.00482	0.00500	0.00124	0.10784	0.00305	0.00216	0.00629
10	0.00929	0.00465	0.00465	0.00465	0.00581	0.00465	0.00348	0.01161	0.01045	0.01858	0.01626	0.01858	0.01278	0.00581	0.00348	0.00116	0.00232	0.00465	0.85250	0.00465
11	0.21162	0.01210	0.01152	0.05511	0.01340	0.11285	0.00790	0.27155	0.01410	0.02073	0.01027	0.01371	0.00870	0.11077	0.05041	0.00230	0.05902	0.00429	0.00352	0.00615
12	0.00718	0.00509	0.00672	0.00672	0.00717	0.00553	0.00462	0.00807	0.00763	0.01062	0.01453	0.02611	0.01530	0.43192	0.41442	0.00642	0.00908	0.00630	0.00285	0.00373
13	0.01172	0.00831	0.00868	0.00821	0.00996	0.10657	0.01793	0.01369	0.04673	0.17729	0.04210	0.28251	0.10714	0.05394	0.00667	0.00190	0.00421	0.05482	0.03219	0.00544
14	0.01146	0.00607	0.00807	0.00702	0.00896	0.00546	0.00546	0.01369	0.01415	0.24342	0.56933	0.03141	0.03706	0.00903	0.00563	0.00156	0.00289	0.00786	0.00568	0.00579
15	0.01091	0.01091	0.01527	0.01309	0.01309	0.01527	0.01091	0.01200	0.00763	0.01200	0.00654	0.01091	0.00654	0.00872	0.01636	0.00218	0.81570	0.00436	0.00218	0.00545
16	0.05140	0.01194	0.02209	0.01650	0.02008	0.01245	0.43505	0.01665	0.05219	0.11431	0.01092	0.01336	0.00825	0.00560	0.00790	0.00177	0.18453	0.00528	0.00307	0.00667
17	0.01234	0.01184	0.02023	0.03059	0.79373	0.01184	0.01530	0.01530	0.01135	0.01628	0.00938	0.01234	0.00790	0.00444	0.00493	0.00148	0.00592	0.00444	0.00247	0.00790
18	0.00929	0.00465	0.00465	0.00465	0.00581	0.00465	0.00348	0.01161	0.01045	0.01858	0.01626	0.01858	0.01278	0.00581	0.00348	0.00116	0.00232	0.00465	0.85250	0.00465
19	0.00628	0.00494	0.00567	0.00575	0.00704	0.00433	0.00421	0.00781	0.01189	0.01534	0.27355	0.17799	0.43268	0.01239	0.00597	0.00171	0.00253	0.01069	0.00489	0.00433
20	0.01229	0.46529	0.05722	0.19188	0.11079	0.01603	0.01094	0.03926	0.01069	0.01342	0.00795	0.01000	0.00672	0.00451	0.00394	0.00128	0.00575	0.00338	0.00230	0.02633
21	0.09625	0.02768	0.01425	0.02850	0.06651	0.15146	0.00955	0.34602	0.01615	0.03290	0.00993	0.01141	0.00774	0.00758	0.04873	0.00189	0.10872	0.00410	0.00365	0.00699
22	0.00701	0.00509	0.00660	0.00622	0.00742	0.00468	0.00467	0.00931	0.01400	0.01972	0.76076	0.03767	0.07754	0.01029	0.00588	0.00157	0.00236	0.00908	0.00545	0.00468
23	0.00996	0.00907	0.01177	0.01347	0.18838	0.06008	0.04951	0.01367	0.11663	0.03170	0.12754	0.10122	0.20375	0.00888	0.00553	0.00165	0.00434	0.03282	0.00409	0.00593
24	0.00941	0.00886	0.01495	0.81285	0.03433	0.01107	0.01384	0.01274	0.00997	0.01274	0.00886	0.01329	0.00664	0.00498	0.00498	0.00166	0.00664	0.00443	0.00221	0.00554
25	0.00714	0.00567	0.00650	0.00628	0.00778	0.00534	0.00470	0.01031	0.10065	0.01705	0.36223	0.09067	0.33502	0.01111	0.00582	0.00166	0.00264	0.00956	0.00505	0.00483
26	0.00929	0.00465	0.00465	0.00465	0.00581	0.00465	0.00348	0.01161	0.01045	0.01858	0.01626	0.01858	0.01278	0.00581	0.00348	0.00116	0.00232	0.00465	0.85250	0.00465
27	0.02176	0.00862	0.01155	0.00895	0.01274	0.00763	0.00736	0.02443	0.06114	0.74996	0.01970	0.01706	0.01251	0.00621	0.00502	0.00155	0.00422	0.00505	0.00610	0.00845
28	0.01107	0.01117	0.01524	0.01308	0.01313	0.03177	0.01088	0.01216	0.00777	0.01200	0.00657	0.01087	0.00654	0.00865	0.01611	0.00216	0.79884	0.00434	0.00219	0.00546
29	0.00695	0.00509	0.00652	0.00617	0.00739	0.00466	0.00462	0.00921	0.01387	0.01943	0.72760	0.03815	0.11089	0.01040	0.00588	0.00158	0.00237	0.00914	0.00541	0.00466
30	0.00692	0.00551	0.00699	0.00686	0.00816	0.00513	0.03108	0.00932	0.06227	0.01574	0.25946	0.27340	0.26626	0.01213	0.00597	0.00175	0.00288	0.01069	0.00484	0.00463
31	0.01267	0.00737	0.00913	0.00791	0.01024	0.00724	0.00619	0.01763	0.19307	0.24242	0.39156	0.02711	0.02972	0.00824	0.00544	0.00159	0.00326	0.00709	0.00559	0.00652
32	0.01608	0.01179	0.01260	0.01019	0.01351	0.01308	0.00824	0.46299	0.22308	0.04607	0.01490	0.01468	0.01090	0.00617	0.00482	0.00151	0.00465	0.00482	0.11207	0.00784
33	0.01012	0.05543	0.77043	0.01400	0.02125	0.01188	0.01805	0.01575	0.01051	0.01564	0.00887	0.01043	0.00632	0.00472	0.00468	0.00156	0.00729	0.00365	0.00211	0.00733
34	0.01022	0.00979	0.01596	0.51968	0.16662	0.01201	0.01354	0.01305	0.00977	0.01323	0.00851	0.01266	0.00685	0.00560	0.00715	0.00173	0.16100	0.00442	0.00225	0.00594
35	0.16474	0.01277	0.02066	0.09804	0.15866	0.06755	0.33849	0.05007	0.01162	0.01729	0.00919	0.01189	0.00710	0.00454	0.00498	0.00158	0.00688	0.00466	0.00270	0.00659
36	0.04799	0.00790	0.01252	0.05333	0.01339	0.00884	0.12302	0.01151	0.00930	0.06079	0.01470	0.12117	0.03830	0.04615	0.26998	0.00398	0.14237	0.00645	0.00310	0.00520
37	0.01034	0.00886	0.01034	0.00738	0.01181	0.00664	0.00591	0.01255	0.01034	0.01624	0.00886	0.01034	0.00738	0.00369	0.00369	0.00074	0.00369	0.00295	0.00295	0.85530
38	0.00674	0.00878	0.14775	0.00681	0.00947	0.00558	0.00650	0.00892	0.01148	0.01451	0.11487	0.04021	0.57847	0.01097	0.00568	0.00165	0.00338	0.00915	0.00426	0.00482
39	0.02861	0.04014	0.21975	0.01022	0.01421	0.04697	0.01002	0.21784	0.01434	0.10796	0.01627	0.06593	0.07667	0.05030	0.00596	0.00171	0.00533	0.00545	0.05552	0.00678
40	0.01019	0.12904	0.36665	0.15459	0.01899	0.01101	0.01276	0.01415	0.01035	0.01532	0.01035	0.01254	0.00789	0.00496	0.00428	0.00143	0.00578	0.00390	0.19956	0.00627
41	0.00589	0.00505	0.00505	0.00505	0.00673	0.00421	0.00379	0.00715	0.01136	0.01347	0.05049	0.04797	0.79171	0.01262	0.00589	0.00168	0.00252	0.01052	0.00463	0.00421
42	0.00949	0.00484	0.00486	0.00478	0.00600	0.00487	0.00361	0.02723	0.01072	0.01884	0.01617	0.01845	0.01269	0.00581	0.00351	0.00117	0.00239	0.00464	0.83520	0.00472
43	0.01183	0.00991	0.01136	0.00842	0.01289	0.00753	0.00656	0.01360	0.01128	0.01760	0.01036	0.01241	0.00880	0.00471	0.00436	0.00103	0.00422	0.00347	0.00346	0.83622
44	0.01000	0.02578	0.79900	0.01421	0.02157	0.01158	0.01842	0.01579	0.01052	0.01579	0.00895	0.01052	0.00631	0.00474	0.00474	0.00158	0.00737	0.00368	0.00210	0.00737
45	0.00645	0.00516	0.00529	0.00520	0.00694	0.00432	0.00392	0.00776	0.01151	0.03909	0.06444	0.04674	0.75132	0.01236	0.00586	0.00168	0.00258	0.01031	0.00470	0.00436
46	0.86003	0.00964	0.00733	0.00655	0.00964	0.01118	0.00540	0.01465	0.00848	0.02236	0.00694	0.00810	0.00540	0.00463	0.00308	0.00154	0.00386	0.00270	0.00308	0.00540
47	0.00607	0.00434	0.00578	0.00694	0.00723	0.00405	0.00463	0.00694	0.00954	0.01272	0.02747	0.82157	0.03297	0.01562	0.00636	0.00202	0.00289	0.01417	0.00463	0.00405
48	0.02148	0.00990	0.01245	0.00954	0.01343	0.00943	0.00788	0.21923	0.01664	0.59890	0.01767	0.01567	0.01134	0.00612	0.00501	0.00153	0.00456	0.00488	0.00586	0.00848
49	0.04287	0.00788	0.03116	0.00820	0.01070	0.00705	0.00660	0.05970	0.01224	0.38360	0.01888	0.07700	0.01629	0.19762	0.00997	0.00242	0.00447	0.09214	0.00488	0.00635
50	0.01176	0.01345	0.02941	0.02101	0.02605	0.01261	0.77563	0.01597	0.01176	0.01597	0.01008	0.01345	0.00756	0.00420	0.00588	0.00168	0.00840	0.00588	0.00252	0.00672
51	0.16400	0.01081	0.01494	0.23569	0.19041	0.05983	0.07571	0.06035	0.01128	0.01674	0.01100	0.06701	0.00977	0.00597	0.00487	0.00163	0.00585	0.04506	0.00293	0.00618
52	0.00712	0.00534	0.00801	0.00801	0.00890	0.00623	0.00623	0.00890	0.00801	0.01157	0.01335	0.01958	0.01246	0.03738	0.80507	0.00801	0.01335	0.00534	0.00267	0.00445
53	0.01183	0.01104	0.01720	0.16629	0.47612	0.01183	0.01332	0.01744	0.19065	0.01671	0.01182	0.01396	0.00937	0.00508	0.00498	0.00156	0.00559	0.00472	0.00303	0.00747
54	0.00929	0.00465	0.00465	0.00465	0.00581	0.00465	0.00348	0.01161	0.01045	0.01858	0.01626	0.01858	0.01278	0.00581	0.00348	0.00116	0.00232	0.00465	0.85250	0.00465
55	0.02068	0.00860	0.01144	0.00889	0.01265	0.00756	0.00734	0.04549	0.02939	0.67507	0.01901	0.01804	0.01263	0.00633	0.00500	0.00152	0.00425	0.03618	0.00583	0.06410
56	0.01000	0.02578	0.79900	0.01421	0.02157	0.01158	0.01842	0.01579	0.01052	0.01579	0.00895	0.01052	0.00631	0.00474	0.00474	0.00158	0.00737	0.00368	0.00210	0.00737
57	0.00929	0.00465	0.00465	0.00465	0.00581	0.00465	0.00348	0.01161	0.01045	0.01858	0.01626	0.01858	0.01278	0.00581	0.00348	0.00116	0.00232	0.00465	0.85250	0.00465
58	0.40815	0.01143	0.07608	0.12766	0.05750	0.01151	0.03745	0.08003	0.01087	0.08634	0.00913	0.01069	0.00677	0.00510	0.00463	0.00159	0.04192	0.00367	0.00321	0.00629
59	0.01017	0.00853	0.00908	0.00843	0.01060	0.00939	0.00640	0.01943	0.49532	0.01820	0.06092	0.07827	0.16114	0.05833	0.00655	0.00189	0.00357	0.00733	0.01998	0.00646
60	0.00908	0.00843	0.01496	0.01215	0.01477	0.00777	0.27224	0.03228	0.01093	0.01496	0.01857	0.36373	0.01993	0.00975	0.00585	0.00174	0.00509	0.06008	0.00369	0.11400
61	0.00612	0.00439	0.00583	0.00696	0.00730	0.00410	0.00470	0.00704	0.00963	0.01280	0.02792	0.78425	0.04873	0.01550	0.00637	0.00202	0.00293	0.03469	0.00463	0.00407
62	0.01647	0.01774	0.01300	0.01164	0.01424	0.45220	0.00904	0.19399	0.04076	0.01730	0.01252	0.06503	0.01144	0.00705	0.00502	0.00151	0.00712	0.09411	0.00358	0.00623
63	0.00908	0.00828	0.00753	0.00745	0.00833	0.14860	0.00519	0.01000	0.00941	0.01159	0.01819	0.13030	0.07992	0.30350	0.18376	0.00410	0.00686	0.00719	0.03658	0.00412

[dist]
# distance from previous block
# <min> <max>
0	24

[block]
# block no. 6 follows, 50 sequences, length 75
# corresponding to MSA columns:
# 1138-1212
name=unknown_G
#
# <colnr> <probs for GDERKNQSTAVLIFYWHMCP>
#	G	D	E	R	K	N	Q	S	T	A	V	L	I	F	Y	W	H	M	C	P
0	0.01201	0.01382	0.13061	0.02827	0.68429	0.01181	0.01574	0.01537	0.01123	0.01621	0.00931	0.01208	0.00767	0.00448	0.00491	0.00149	0.00613	0.00433	0.00242	0.00782
1	0.01336	0.01478	0.01337	0.04133	0.01453	0.33615	0.08200	0.06864	0.01250	0.01409	0.01443	0.16780	0.05253	0.03437	0.00684	0.00170	0.07990	0.00630	0.00321	0.02216
2	0.01519	0.01392	0.01196	0.01012	0.01294	0.21991	0.00784	0.25952	0.13691	0.02032	0.01267	0.01468	0.01023	0.08421	0.00659	0.00170	0.00568	0.00450	0.08098	0.07013
3	0.01176	0.00646	0.00852	0.00764	0.00882	0.00663	0.00560	0.13067	0.01028	0.10862	0.01123	0.01603	0.00982	0.05304	0.07930	0.50832	0.00525	0.00465	0.00318	0.00416
4	0.00683	0.00569	0.00605	0.00603	0.00765	0.00528	0.00448	0.00977	0.11133	0.01474	0.09021	0.14181	0.54805	0.01209	0.00584	0.00172	0.00274	0.01026	0.00474	0.00469
5	0.01013	0.02222	0.60864	0.01493	0.02147	0.01132	0.15455	0.01541	0.01098	0.01609	0.05960	0.01277	0.00917	0.00499	0.00502	0.00160	0.00723	0.00443	0.00240	0.00708
6	0.01095	0.00884	0.01040	0.00746	0.01186	0.00668	0.00598	0.01315	0.01054	0.05639	0.00941	0.01068	0.00764	0.00382	0.00376	0.00078	0.00372	0.00306	0.00312	0.81176
7	0.00941	0.00886	0.01495	0.81285	0.03433	0.01107	0.01384	0.01274	0.00997	0.01274	0.00886	0.01329	0.00664	0.00498	0.00498	0.00166	0.00664	0.00443	0.00221	0.00554
8	0.00684	0.00536	0.00803	0.00952	0.07289	0.00507	0.03995	0.00803	0.00979	0.01316	0.02520	0.71878	0.02977	0.01419	0.00622	0.00196	0.00339	0.01300	0.00435	0.00449
9	0.00929	0.00465	0.00465	0.00465	0.00581	0.00465	0.00348	0.01161	0.01045	0.01858	0.01626	0.01858	0.01278	0.00581	0.00348	0.00116	0.00232	0.00465	0.85250	0.00465
10	0.01286	0.72373	0.02430	0.00877	0.01249	0.01869	0.00848	0.01434	0.00979	0.01166	0.00729	0.00934	0.00693	0.04129	0.00527	0.00133	0.07210	0.00301	0.00218	0.00617
11	0.00712	0.00534	0.00801	0.00801	0.00890	0.00623	0.00623	0.00890	0.00801	0.01157	0.01335	0.01958	0.01246	0.03738	0.80507	0.00801	0.01335	0.00534	0.00267	0.00445
12	0.01626	0.01308	0.01388	0.08143	0.01641	0.05299	0.00942	0.46242	0.23527	0.02587	0.01382	0.01380	0.01010	0.00607	0.00499	0.00155	0.00533	0.00474	0.00465	0.00792
13	0.86003	0.00964	0.00733	0.00655	0.00964	0.01118	0.00540	0.01465	0.00848	0.02236	0.00694	0.00810	0.00540	0.00463	0.00308	0.00154	0.00386	0.00270	0.00308	0.00540
14	0.00614	0.00438	0.00583	0.00696	0.00727	0.00410	0.00467	0.00703	0.00954	0.01272	0.02722	0.78818	0.03258	0.03148	0.00675	0.00209	0.00297	0.03147	0.00459	0.00404
15	0.00732	0.00560	0.00827	0.00816	0.00896	0.00663	0.00633	0.00899	0.00796	0.01151	0.01311	0.01972	0.01241	0.07109	0.72969	0.00757	0.05422	0.00538	0.00266	0.00444
16	0.00715	0.00522	0.00742	0.00742	0.00811	0.00591	0.00550	0.00852	0.00784	0.01114	0.01389	0.02255	0.01375	0.21693	0.62729	0.00729	0.01141	0.00578	0.00275	0.00412
17	0.00929	0.00465	0.00465	0.00465	0.00581	0.00465	0.00348	0.01161	0.01045	0.01858	0.01626	0.01858	0.01278	0.00581	0.00348	0.00116	0.00232	0.00465	0.85250	0.00465
18	0.01066	0.00930	0.01162	0.01042	0.11123	0.00749	0.00716	0.01335	0.03558	0.01640	0.00930	0.01086	0.00770	0.00389	0.00389	0.00086	0.00398	0.00323	0.00296	0.72011
19	0.01709	0.01252	0.01350	0.16208	0.01799	0.11968	0.00957	0.24005	0.11920	0.21633	0.01385	0.01395	0.00972	0.00583	0.00494	0.00154	0.00566	0.00459	0.00444	0.00748
20	0.00929	0.00465	0.00465	0.00465	0.00581	0.00465	0.00348	0.01161	0.01045	0.01858	0.01626	0.01858	0.01278	0.00581	0.00348	0.00116	0.00232	0.00465	0.85250	0.00465
21	0.01211	0.01291	0.01509	0.01305	0.01345	0.13820	0.01071	0.01323	0.00864	0.01203	0.00672	0.01061	0.00652	0.00817	0.01451	0.00204	0.69010	0.00418	0.00224	0.00550
22	0.00866	0.00433	0.00649	0.00649	0.00649	0.00433	0.00433	0.00649	0.00649	0.00866	0.00866	0.01515	0.00866	0.01732	0.01948	0.85498	0.00433	0.00433	0.00216	0.00216
23	0.06882	0.02291	0.01372	0.01247	0.01507	0.75746	0.00938	0.01959	0.01379	0.01281	0.00766	0.00894	0.00636	0.00511	0.00441	0.00130	0.00868	0.00318	0.00260	0.00576
24	0.01403	0.72022	0.02451	0.00911	0.01314	0.12479	0.00868	0.01559	0.01066	0.01179	0.00703	0.00813	0.00640	0.00438	0.00337	0.00110	0.00582	0.00274	0.00219	0.00631
25	0.01311	0.01123	0.01331	0.02548	0.01432	0.05644	0.08210	0.21414	0.27189	0.02031	0.01523	0.01807	0.01235	0.04884	0.12706	0.00274	0.00659	0.03576	0.00413	0.00689
26	0.01689	0.01385	0.01308	0.01059	0.01374	0.13578	0.00841	0.50778	0.04540	0.02513	0.01225	0.01414	0.00960	0.08278	0.00672	0.00176	0.00569	0.00460	0.06458	0.00725
27	0.00690	0.00542	0.00586	0.00560	0.00702	0.00482	0.00399	0.02751	0.01098	0.01396	0.12548	0.05438	0.45597	0.19517	0.01016	0.00233	0.00317	0.00913	0.00429	0.04786
28	0.00616	0.00506	0.00543	0.00533	0.00690	0.00432	0.00400	0.00768	0.01200	0.01498	0.22297	0.04547	0.61829	0.01206	0.00589	0.00166	0.00248	0.01017	0.00483	0.00432
29	0.01034	0.00886	0.01034	0.00738	0.01181	0.00664	0.00591	0.01255	0.01034	0.01624	0.00886	0.01034	0.00738	0.00369	0.00369	0.00074	0.00369	0.00295	0.00295	0.85530
30	0.07657	0.00856	0.01129	0.00872	0.01252	0.00758	0.00720	0.02367	0.01389	0.74705	0.01884	0.01639	0.01189	0.00607	0.00489	0.00154	0.00422	0.00486	0.00597	0.00828
31	0.01058	0.01075	0.01485	0.71117	0.03193	0.11195	0.01331	0.01365	0.01050	0.01267	0.00871	0.01274	0.00662	0.00500	0.00492	0.00161	0.00694	0.00427	0.00226	0.00557
32	0.00629	0.00508	0.00560	0.00550	0.00702	0.00439	0.00415	0.00790	0.01220	0.01547	0.27431	0.04488	0.55133	0.01191	0.00591	0.00166	0.00251	0.02466	0.00489	0.00437
33	0.00773	0.00612	0.00711	0.00684	0.00845	0.00599	0.00528	0.01181	0.14786	0.01776	0.36940	0.03883	0.26043	0.01063	0.00583	0.00169	0.00288	0.07516	0.00508	0.00510
34	0.01321	0.01475	0.01493	0.01301	0.01378	0.25162	0.01052	0.01436	0.00958	0.01206	0.00689	0.01033	0.00651	0.00765	0.01281	0.00191	0.57421	0.00402	0.00230	0.00555
35	0.01862	0.02376	0.01413	0.01284	0.01541	0.80482	0.00963	0.01990	0.01413	0.01220	0.00770	0.00899	0.00642	0.00514	0.00449	0.00128	0.00899	0.00321	0.00257	0.00578
36	0.00866	0.00433	0.00649	0.00649	0.00649	0.00433	0.00433	0.00649	0.00649	0.00866	0.00866	0.01515	0.00866	0.01732	0.01948	0.85498	0.00433	0.00433	0.00216	0.00216
37	0.01333	0.82783	0.02612	0.00853	0.01279	0.01972	0.00853	0.01493	0.01013	0.01173	0.00693	0.00800	0.00640	0.00426	0.00320	0.00107	0.00533	0.00267	0.00213	0.00640
38	0.00725	0.00483	0.00544	0.00544	0.00544	0.00483	0.00302	0.00725	0.00725	0.00966	0.01571	0.03262	0.01812	0.82483	0.02537	0.00483	0.00483	0.00725	0.00302	0.00302
39	0.01239	0.01164	0.11093	0.00980	0.01299	0.01052	0.00868	0.23362	0.19731	0.03826	0.24356	0.03545	0.02205	0.00758	0.00530	0.00160	0.00435	0.02224	0.00480	0.00693
40	0.01105	0.00984	0.01455	0.01058	0.01497	0.00815	0.17439	0.03313	0.01113	0.03476	0.01026	0.01332	0.00854	0.00438	0.00438	0.00105	0.00482	0.03841	0.00306	0.58921
41	0.00951	0.00888	0.01494	0.68484	0.07093	0.01086	0.02692	0.01269	0.00992	0.01300	0.00922	0.01362	0.00714	0.00676	0.04793	0.00199	0.02414	0.00451	0.01657	0.00560
42	0.01140	0.01020	0.01683	0.35415	0.37749	0.01089	0.01356	0.01440	0.01082	0.04969	0.00958	0.01278	0.00753	0.00468	0.00486	0.00150	0.00596	0.00434	0.00257	0.07678
43	0.00698	0.00509	0.00656	0.00620	0.00740	0.00467	0.00465	0.00927	0.01394	0.01959	0.74611	0.03789	0.09227	0.01034	0.00588	0.00157	0.00236	0.00911	0.00543	0.00467
44	0.07104	0.01116	0.01181	0.00937	0.01262	0.01216	0.00766	0.50467	0.01887	0.06711	0.01307	0.01357	0.00951	0.00586	0.00450	0.00142	0.00455	0.00444	0.20926	0.00735
45	0.00941	0.00886	0.01495	0.81285	0.03433	0.01107	0.01384	0.01274	0.00997	0.01274	0.00886	0.01329	0.00664	0.00498	0.00498	0.00166	0.00664	0.00443	0.00221	0.00554
46	0.01832	0.00974	0.01246	0.00992	0.01348	0.00961	0.04307	0.12434	0.18263	0.44309	0.01960	0.01853	0.04089	0.00659	0.00514	0.00160	0.00448	0.02297	0.00551	0.00803
47	0.06266	0.01148	0.01317	0.01015	0.01403	0.01188	0.00838	0.42729	0.01889	0.34779	0.01490	0.01384	0.00992	0.00599	0.00490	0.00152	0.00489	0.00461	0.00538	0.00832
48	0.00685	0.00539	0.00777	0.14961	0.01225	0.00572	0.00650	0.00816	0.00954	0.01270	0.02337	0.64739	0.02729	0.01347	0.00650	0.00197	0.03497	0.01207	0.00411	0.00437
49	0.01176	0.01345	0.02941	0.02101	0.02605	0.01261	0.77563	0.01597	0.01176	0.01597	0.01008	0.01345	0.00756	0.00420	0.00588	0.00168	0.00840	0.00588	0.00252	0.00672
50	0.01049	0.02233	0.58361	0.01611	0.02283	0.01186	0.23034	0.01584	0.01087	0.01584	0.00926	0.01134	0.00666	0.00459	0.00506	0.00161	0.00766	0.00430	0.00222	0.00719
51	0.00590	0.00501	0.00509	0.00515	0.00676	0.00420	0.00383	0.00714	0.01127	0.01343	0.04931	0.08774	0.75270	0.01278	0.00592	0.00170	0.00254	0.01071	0.00463	0.00420
52	0.04693	0.01442	0.01541	0.25950	0.02162	0.27502	0.10309	0.05032	0.01236	0.07495	0.01042	0.05340	0.00851	0.00571	0.00522	0.00155	0.02791	0.00468	0.00296	0.00604
53	0.00607	0.00434	0.00578	0.00694	0.00723	0.00405	0.00463	0.00694	0.00954	0.01272	0.02747	0.82157	0.03297	0.01562	0.00636	0.00202	0.00289	0.01417	0.00463	0.00405
54	0.00686	0.00467	0.00555	0.00593	0.00603	0.00457	0.00355	0.00715	0.00801	0.01068	0.01960	0.29399	0.02304	0.55674	0.01907	0.00390	0.00419	0.00954	0.00355	0.00336
55	0.00688	0.00531	0.00747	0.04027	0.00923	0.00576	0.00592	0.00816	0.00916	0.01254	0.03516	0.48056	0.03797	0.02021	0.21614	0.00358	0.06488	0.02260	0.00385	0.00434
56	0.01432	0.23491	0.19347	0.01188	0.01588	0.27164	0.02415	0.04648	0.02786	0.02711	0.00848	0.00996	0.00691	0.00583	0.02215	0.00153	0.06499	0.00347	0.00253	0.00646
57	0.01155	0.01104	0.01881	0.24112	0.58936	0.01164	0.01491	0.01461	0.01098	0.01533	0.00924	0.01259	0.00756	0.00459	0.00495	0.00153	0.00612	0.00444	0.00240	0.00726
58	0.01078	0.00885	0.01038	0.00744	0.01185	0.00667	0.00596	0.01299	0.01048	0.04520	0.00926	0.01058	0.00757	0.00378	0.00374	0.00077	0.00371	0.00303	0.00307	0.82390
59	0.00673	0.00491	0.00636	0.00684	0.00757	0.00468	0.00481	0.00875	0.04699	0.01578	0.30895	0.49508	0.03734	0.01321	0.00612	0.00184	0.00274	0.01187	0.00496	0.00447
60	0.00589	0.00505	0.00505	0.00505	0.00673	0.00421	0.00379	0.00715	0.01136	0.01347	0.05049	0.04797	0.79171	0.01262	0.00589	0.00168	0.00252	0.01052	0.00463	0.00421
61	0.01135	0.01138	0.01608	0.52241	0.20799	0.10334	0.01360	0.02958	0.01104	0.01387	0.00891	0.01254	0.00695	0.00490	0.00492	0.00157	0.00673	0.00429	0.00237	0.00617
62	0.00607	0.00434	0.00578	0.00694	0.00723	0.00405	0.00463	0.00694	0.00954	0.01272	0.02747	0.82157	0.03297	0.01562	0.00636	0.00202	0.00289	0.01417	0.00463	0.00405
63	0.01000	0.02578	0.79900	0.01421	0.02157	0.01158	0.01842	0.01579	0.01052	0.01579	0.00895	0.01052	0.00631	0.00474	0.00474	0.00158	0.00737	0.00368	0.00210	0.00737
64	0.01111	0.06785	0.64227	0.01406	0.02083	0.01213	0.06885	0.05115	0.01130	0.04164	0.00940	0.01086	0.00670	0.00478	0.00475	0.00155	0.00714	0.00386	0.00240	0.00736
65	0.01294	0.19540	0.10499	0.10698	0.14234	0.01128	0.01056	0.01546	0.01124	0.17233	0.01481	0.09439	0.03994	0.00665	0.00480	0.00153	0.00522	0.03900	0.00345	0.00668
66	0.01862	0.02376	0.01413	0.01284	0.01541	0.80482	0.00963	0.01990	0.01413	0.01220	0.00770	0.00899	0.00642	0.00514	0.00449	0.00128	0.00899	0.00321	0.00257	0.00578
67	0.01054	0.00898	0.01044	0.00748	0.01190	0.00685	0.00599	0.03044	0.01064	0.01660	0.00893	0.01037	0.00741	0.00375	0.00372	0.00076	0.00373	0.00299	0.00300	0.83548
68	0.01152	0.01101	0.01875	0.24953	0.58119	0.01163	0.01489	0.01458	0.01096	0.01529	0.00923	0.01260	0.00755	0.00459	0.00495	0.00153	0.00612	0.00444	0.00240	0.00724
69	0.00607	0.00434	0.00578	0.00694	0.00723	0.00405	0.00463	0.00694	0.00954	0.01272	0.02747	0.82157	0.03297	0.01562	0.00636	0.00202	0.00289	0.01417	0.00463	0.00405
70	0.00725	0.00483	0.00544	0.00544	0.00544	0.00483	0.00302	0.00725	0.00725	0.00966	0.01571	0.03262	0.01812	0.82483	0.02537	0.00483	0.00483	0.00725	0.00302	0.00302
71	0.00935	0.00734	0.00923	0.00812	0.00992	0.00763	0.03061	0.08186	0.15086	0.02078	0.53422	0.03005	0.03536	0.00897	0.00600	0.00161	0.02949	0.00776	0.00517	0.00570
