[name]
unknown

[dist]
# distance from previous block
# <min> <max>
0	334

[block]
# block no. 0 follows, 49 sequences, length 58
# corresponding to MSA columns:
# 334-391
name=unknown_A
#
# <colnr> <probs for GDERKNQSTAVLIFYWHMCP>
#	G	D	E	R	K	N	Q	S	T	A	V	L	I	F	Y	W	H	M	C	P
0	0.05244	0.01577	0.31364	0.01361	0.04806	0.01024	0.13707	0.07148	0.01226	0.01779	0.10495	0.07843	0.01588	0.00715	0.00541	0.00171	0.00606	0.07821	0.00333	0.00653
1	0.01414	0.73292	0.02509	0.00916	0.01328	0.11020	0.00878	0.01572	0.01074	0.01195	0.00712	0.00823	0.00649	0.00443	0.00340	0.00111	0.00584	0.00277	0.00221	0.00642
2	0.00991	0.00957	0.01277	0.37333	0.02190	0.08632	0.01065	0.01227	0.00971	0.01256	0.01055	0.04621	0.00934	0.01461	0.21739	0.00341	0.10422	0.00496	0.00252	0.02783
3	0.00616	0.00497	0.00548	0.00570	0.00703	0.00429	0.00414	0.00748	0.01145	0.01428	0.13348	0.21833	0.53315	0.01319	0.00608	0.00177	0.00262	0.01131	0.00480	0.00429
4	0.01250	0.01336	0.02734	0.02039	0.05773	0.01278	0.64424	0.08900	0.01299	0.01763	0.01089	0.03652	0.00851	0.00478	0.00585	0.00169	0.00797	0.00601	0.00286	0.00697
5	0.01218	0.01258	0.05454	0.06009	0.42936	0.01200	0.19689	0.05200	0.04951	0.01706	0.01113	0.04917	0.00933	0.00518	0.00531	0.00160	0.00645	0.00533	0.00284	0.00745
6	0.01019	0.00964	0.01632	0.64253	0.19745	0.01140	0.01436	0.01348	0.01041	0.01369	0.00910	0.01327	0.00701	0.00494	0.00504	0.00165	0.00658	0.00450	0.00230	0.00613
7	0.00664	0.00480	0.00628	0.00665	0.00743	0.00444	0.00471	0.00827	0.01201	0.01654	0.40071	0.41294	0.06361	0.01305	0.00620	0.00182	0.00265	0.01170	0.00512	0.00444
8	0.01866	0.02372	0.01436	0.01303	0.01556	0.77901	0.00981	0.01996	0.01414	0.01237	0.00778	0.00918	0.00652	0.00532	0.00491	0.00133	0.03261	0.00329	0.00259	0.00585
9	0.01333	0.01196	0.01984	0.02904	0.71585	0.01197	0.01484	0.05287	0.01225	0.05443	0.01014	0.01272	0.00825	0.00467	0.00501	0.00151	0.00590	0.00454	0.00281	0.00807
10	0.00622	0.00513	0.00547	0.00538	0.00698	0.00437	0.00404	0.00774	0.01211	0.01505	0.20611	0.04638	0.63294	0.01229	0.00597	0.00168	0.00252	0.01035	0.00488	0.00437
11	0.00626	0.00447	0.00598	0.00716	0.00750	0.00420	0.00487	0.00722	0.00978	0.01302	0.02781	0.77983	0.03322	0.01575	0.00648	0.00207	0.00302	0.05253	0.00469	0.00414
12	0.01014	0.02616	0.79609	0.01441	0.02189	0.01174	0.01868	0.01601	0.01068	0.01601	0.00907	0.01068	0.00641	0.00480	0.00480	0.00160	0.00747	0.00374	0.00214	0.00747
13	0.01553	0.01119	0.01221	0.01042	0.01358	0.02790	0.00840	0.22290	0.37817	0.13686	0.01859	0.02033	0.01433	0.00721	0.00528	0.00169	0.00463	0.07771	0.00519	0.00788
14	0.00958	0.00903	0.01517	0.79260	0.03435	0.01133	0.01398	0.01290	0.01006	0.01290	0.00894	0.01343	0.00674	0.00514	0.00531	0.00170	0.02449	0.00449	0.00225	0.00562
15	0.00624	0.00478	0.00590	0.00650	0.00737	0.00444	0.00460	0.00740	0.01022	0.01317	0.04854	0.44576	0.28971	0.01732	0.10072	0.00265	0.00406	0.01195	0.00448	0.00422
16	0.01158	0.36741	0.46747	0.01195	0.01808	0.01527	0.01440	0.01564	0.01050	0.01426	0.00820	0.00958	0.00644	0.00460	0.00414	0.00138	0.00659	0.00330	0.00215	0.00705
17	0.03742	0.01190	0.01191	0.01008	0.01322	0.06868	0.00800	0.23847	0.34242	0.08009	0.02037	0.01926	0.10154	0.00710	0.00512	0.00161	0.00467	0.00565	0.00492	0.00757
18	0.01287	0.67211	0.17404	0.00976	0.01469	0.01842	0.01058	0.01531	0.01035	0.01269	0.00742	0.00860	0.00647	0.00442	0.00354	0.00118	0.00580	0.00290	0.00216	0.00668
19	0.01151	0.01098	0.01870	0.29618	0.53349	0.01175	0.01502	0.01463	0.01104	0.01529	0.00933	0.01284	0.00758	0.00469	0.00502	0.00156	0.00626	0.00450	0.00242	0.00720
20	0.01197	0.39632	0.41634	0.01170	0.01757	0.03906	0.01377	0.01573	0.01060	0.01400	0.00809	0.00944	0.00645	0.00459	0.00407	0.00135	0.00657	0.00324	0.00216	0.00697
21	0.01138	0.00965	0.01032	0.00946	0.01195	0.01092	0.00733	0.02292	0.61590	0.01976	0.05967	0.02449	0.07626	0.04290	0.00622	0.00188	0.00389	0.04289	0.00502	0.00719
22	0.00630	0.00454	0.00601	0.00713	0.00755	0.00424	0.00492	0.00731	0.00991	0.01311	0.02879	0.72821	0.06561	0.01557	0.00647	0.00206	0.00305	0.07037	0.00469	0.00416
23	0.03492	0.55192	0.26838	0.01041	0.01570	0.01717	0.01173	0.01541	0.01036	0.01348	0.00767	0.00892	0.00644	0.00449	0.00373	0.00126	0.00602	0.00303	0.00218	0.00677
24	0.02185	0.00995	0.01257	0.00964	0.01358	0.00943	0.00796	0.20622	0.01673	0.60948	0.01806	0.01598	0.01157	0.00621	0.00508	0.00155	0.00461	0.00496	0.00597	0.00860
25	0.00616	0.00440	0.00587	0.00704	0.00733	0.00411	0.00469	0.00704	0.00968	0.01291	0.02787	0.81899	0.03344	0.01584	0.00645	0.00205	0.00293	0.01438	0.00469	0.00411
26	0.06982	0.01358	0.01560	0.01545	0.16873	0.08803	0.04507	0.30740	0.14317	0.04974	0.01236	0.01301	0.00927	0.00569	0.00514	0.00155	0.01992	0.00458	0.00409	0.00779
27	0.21449	0.52717	0.05127	0.00880	0.01281	0.08872	0.00840	0.01557	0.01026	0.01467	0.00718	0.00833	0.00625	0.00451	0.00340	0.00124	0.00547	0.00280	0.00243	0.00623
28	0.00656	0.00470	0.00615	0.00718	0.00759	0.00446	0.00484	0.03058	0.01011	0.01349	0.02739	0.79422	0.03268	0.01554	0.00641	0.00204	0.00301	0.01407	0.00471	0.00425
29	0.01867	0.09241	0.01627	0.01135	0.01542	0.01610	0.00952	0.70069	0.02247	0.02994	0.01165	0.01175	0.00840	0.00590	0.00488	0.00148	0.00555	0.00437	0.00478	0.00840
30	0.01685	0.01626	0.01466	0.01221	0.01554	0.25658	0.05076	0.28968	0.23431	0.02199	0.01309	0.01319	0.00984	0.00593	0.00498	0.00152	0.00638	0.00456	0.00419	0.00749
31	0.00735	0.00490	0.00552	0.00552	0.00552	0.00490	0.00306	0.00735	0.00735	0.00980	0.01593	0.03309	0.01838	0.82229	0.02574	0.00490	0.00490	0.00735	0.00306	0.00306
32	0.00731	0.00492	0.00567	0.00570	0.00576	0.00496	0.00329	0.00744	0.00746	0.01000	0.01615	0.05533	0.01851	0.75600	0.06747	0.00499	0.00532	0.00745	0.00309	0.00317
33	0.09703	0.01092	0.01302	0.01417	0.17604	0.03339	0.02253	0.07730	0.35210	0.02058	0.10072	0.03146	0.01586	0.00654	0.00502	0.00162	0.00456	0.00554	0.00430	0.00729
34	0.01065	0.04668	0.68506	0.01411	0.02074	0.04347	0.01748	0.01586	0.01059	0.01547	0.00878	0.01057	0.00643	0.00511	0.00565	0.00162	0.06857	0.00374	0.00216	0.00724
35	0.01889	0.02410	0.01433	0.01303	0.01563	0.80199	0.00977	0.02019	0.01433	0.01238	0.00782	0.00912	0.00651	0.00521	0.00456	0.00130	0.00912	0.00326	0.00261	0.00586
36	0.01258	0.01086	0.01143	0.01029	0.01315	0.01258	0.00800	0.02687	0.78161	0.02115	0.02058	0.01887	0.01544	0.00686	0.00515	0.00172	0.00400	0.00572	0.00515	0.00800
37	0.00625	0.00449	0.00594	0.00694	0.00735	0.00417	0.00469	0.00729	0.01016	0.01363	0.10161	0.73021	0.04797	0.01526	0.00640	0.00200	0.00287	0.01381	0.00478	0.00417
38	0.01198	0.07413	0.06375	0.02024	0.03856	0.01326	0.66900	0.01610	0.01175	0.01588	0.00993	0.01308	0.00753	0.00430	0.00570	0.00165	0.00820	0.00560	0.00251	0.00685
39	0.01814	0.01841	0.01425	0.01211	0.01531	0.38802	0.00946	0.31242	0.12496	0.02113	0.01127	0.01165	0.00856	0.00577	0.00483	0.00144	0.00703	0.00410	0.00391	0.00722
40	0.00955	0.00899	0.01517	0.81013	0.03483	0.01123	0.01404	0.01292	0.01011	0.01292	0.00899	0.01348	0.00674	0.00506	0.00506	0.00169	0.00674	0.00449	0.00225	0.00562
41	0.00955	0.00899	0.01517	0.81013	0.03483	0.01123	0.01404	0.01292	0.01011	0.01292	0.00899	0.01348	0.00674	0.00506	0.00506	0.00169	0.00674	0.00449	0.00225	0.00562
42	0.01822	0.02309	0.01583	0.01383	0.01667	0.72586	0.08334	0.01981	0.01410	0.01274	0.00805	0.00956	0.00663	0.00512	0.00470	0.00134	0.00906	0.00352	0.00260	0.00595
43	0.00616	0.00440	0.00587	0.00704	0.00733	0.00411	0.00469	0.00704	0.00968	0.01291	0.02787	0.81899	0.03344	0.01584	0.00645	0.00205	0.00293	0.01438	0.00469	0.00411
44	0.00955	0.00899	0.01517	0.81013	0.03483	0.01123	0.01404	0.01292	0.01011	0.01292	0.00899	0.01348	0.00674	0.00506	0.00506	0.00169	0.00674	0.00449	0.00225	0.00562
45	0.01920	0.01492	0.01511	0.01174	0.01568	0.07531	0.00962	0.71673	0.02306	0.03039	0.01181	0.01191	0.00844	0.00601	0.00502	0.00150	0.00583	0.00445	0.00487	0.00839
46	0.01142	0.01537	0.15994	0.09010	0.02639	0.01247	0.57585	0.01588	0.01156	0.01588	0.00992	0.01312	0.00737	0.00443	0.00569	0.00169	0.00819	0.00545	0.00246	0.00683
47	0.00598	0.00512	0.00512	0.00512	0.00683	0.00427	0.00384	0.00726	0.01153	0.01366	0.05123	0.04866	0.78869	0.01281	0.00598	0.00171	0.00256	0.01067	0.00470	0.00427
48	0.01014	0.02616	0.79609	0.01441	0.02189	0.01174	0.01868	0.01601	0.01068	0.01601	0.00907	0.01068	0.00641	0.00480	0.00480	0.00160	0.00747	0.00374	0.00214	0.00747
49	0.01147	0.01114	0.01861	0.22214	0.41745	0.01253	0.04724	0.01425	0.01045	0.01476	0.00885	0.01252	0.00741	0.00548	0.00731	0.00169	0.16287	0.00455	0.00238	0.00688
50	0.00963	0.00907	0.01532	0.78781	0.05649	0.01126	0.01409	0.01299	0.01015	0.01302	0.00900	0.01345	0.00678	0.00504	0.00505	0.00168	0.00672	0.00449	0.00225	0.00569
51	0.01862	0.01386	0.01484	0.01151	0.01545	0.01540	0.00947	0.70596	0.09268	0.03089	0.01291	0.01275	0.00922	0.00614	0.00507	0.00154	0.00542	0.00466	0.00507	0.00855
52	0.00668	0.00480	0.00633	0.00669	0.00745	0.00445	0.00473	0.00834	0.01209	0.01674	0.42333	0.41260	0.04087	0.01298	0.00620	0.00181	0.00265	0.01165	0.00515	0.00445
53	0.28969	0.05067	0.20967	0.01155	0.08838	0.05923	0.01010	0.01492	0.01036	0.05982	0.03395	0.08123	0.01069	0.04328	0.00534	0.00173	0.00534	0.00472	0.00312	0.00622
54	0.00649	0.00587	0.00549	0.00543	0.00718	0.03578	0.00408	0.00777	0.01164	0.01361	0.04951	0.04710	0.75779	0.01251	0.00592	0.00169	0.00282	0.01038	0.00461	0.00433
55	0.01890	0.02366	0.01437	0.01296	0.01563	0.76676	0.00976	0.05396	0.01475	0.01325	0.00801	0.00925	0.00661	0.00525	0.00458	0.00131	0.00896	0.00331	0.00272	0.00598
56	0.03428	0.13025	0.39699	0.01674	0.11228	0.01298	0.17899	0.01567	0.01092	0.01567	0.00940	0.02638	0.00737	0.00479	0.00485	0.00155	0.00706	0.00434	0.00235	0.00714
57	0.01703	0.09930	0.08579	0.02656	0.04060	0.49680	0.04481	0.08977	0.01424	0.02764	0.00864	0.00996	0.00690	0.00512	0.00459	0.00136	0.00804	0.00358	0.00280	0.00647

[dist]
# distance from previous block
# <min> <max>
0	9

[block]
# block no. 1 follows, 49 sequences, length 75
# corresponding to MSA columns:
# 401-475
name=unknown_B
#
# <colnr> <probs for GDERKNQSTAVLIFYWHMCP>
#	G	D	E	R	K	N	Q	S	T	A	V	L	I	F	Y	W	H	M	C	P
0	0.00932	0.01302	0.20405	0.03064	0.02772	0.08293	0.07323	0.02551	0.01104	0.01438	0.02132	0.31809	0.11348	0.01001	0.00587	0.00177	0.01972	0.00878	0.00355	0.00556
1	0.01624	0.01227	0.06033	0.01044	0.01406	0.01220	0.00889	0.39613	0.13817	0.12755	0.13320	0.01769	0.01604	0.00679	0.00520	0.00157	0.00478	0.00546	0.00513	0.00785
2	0.00616	0.00440	0.00587	0.00704	0.00733	0.00411	0.00469	0.00704	0.00968	0.01291	0.02787	0.81899	0.03344	0.01584	0.00645	0.00205	0.00293	0.01438	0.00469	0.00411
3	0.01352	0.82533	0.02650	0.00865	0.01298	0.02001	0.00865	0.01514	0.01027	0.01190	0.00703	0.00811	0.00649	0.00433	0.00324	0.00108	0.00541	0.00270	0.00216	0.00649
4	0.17234	0.07735	0.07724	0.00902	0.01270	0.01054	0.00802	0.09295	0.08940	0.28948	0.01505	0.05007	0.01109	0.00614	0.00452	0.00154	0.00450	0.00475	0.05602	0.00726
5	0.00653	0.00507	0.00594	0.00587	0.00721	0.00448	0.00435	0.00827	0.01261	0.01659	0.38364	0.11873	0.37858	0.01198	0.00602	0.00169	0.00252	0.01034	0.00509	0.00448
6	0.01023	0.00565	0.00575	0.00541	0.00689	0.00576	0.00414	0.08579	0.01193	0.01989	0.01763	0.01954	0.04741	0.00622	0.00379	0.00124	0.00268	0.00497	0.73003	0.00507
7	0.03920	0.17459	0.20817	0.09977	0.03666	0.07796	0.02095	0.03818	0.10573	0.09244	0.01202	0.05222	0.00960	0.00573	0.00463	0.00151	0.00598	0.00452	0.00322	0.00693
8	0.08349	0.63083	0.14664	0.00940	0.01412	0.01798	0.00997	0.01526	0.01020	0.01345	0.00735	0.00853	0.00639	0.00443	0.00348	0.00120	0.00561	0.00287	0.00224	0.00656
9	0.00625	0.00479	0.00573	0.00623	0.00718	0.00427	0.00439	0.00752	0.01109	0.01435	0.15671	0.41192	0.31365	0.01385	0.00620	0.00185	0.00271	0.01219	0.00483	0.00427
10	0.01421	0.48631	0.15310	0.01060	0.01502	0.15537	0.01060	0.03566	0.01144	0.03312	0.00796	0.00914	0.00669	0.00478	0.00420	0.00126	0.02838	0.00313	0.00242	0.00663
11	0.01559	0.01016	0.01226	0.01029	0.02414	0.01069	0.04016	0.19784	0.24506	0.19958	0.05527	0.05085	0.01502	0.00695	0.00513	0.00160	0.00441	0.01548	0.07189	0.00761
12	0.00768	0.00553	0.00758	0.00864	0.00969	0.00543	0.00726	0.00973	0.01140	0.01486	0.05161	0.17967	0.06907	0.01410	0.00682	0.00223	0.00420	0.57525	0.00469	0.00455
13	0.09156	0.01335	0.01287	0.01041	0.01400	0.15431	0.00839	0.25278	0.06344	0.30636	0.01430	0.01353	0.00981	0.00591	0.00482	0.00151	0.00551	0.00443	0.00490	0.00780
14	0.04857	0.18509	0.10287	0.01505	0.10950	0.04627	0.16496	0.04434	0.16308	0.01683	0.01202	0.01367	0.02139	0.00534	0.00498	0.00153	0.01992	0.01441	0.00310	0.00707
15	0.01929	0.01445	0.01506	0.01163	0.01561	0.04886	0.00956	0.72355	0.02315	0.04969	0.01215	0.01214	0.00861	0.00604	0.00504	0.00151	0.00568	0.00451	0.00498	0.00848
16	0.00751	0.00525	0.00687	0.00642	0.00768	0.00483	0.00483	0.00989	0.01432	0.03812	0.77037	0.03730	0.04690	0.01024	0.00594	0.00159	0.00243	0.00905	0.00558	0.00486
17	0.01238	0.13659	0.29675	0.01691	0.08475	0.04554	0.26552	0.01649	0.01143	0.05247	0.00966	0.01168	0.00727	0.00462	0.00498	0.00154	0.00732	0.00443	0.00253	0.00715
18	0.05732	0.01225	0.01314	0.01407	0.16882	0.11390	0.00929	0.11585	0.22995	0.08013	0.01793	0.01834	0.08749	0.00660	0.00501	0.00157	0.00513	0.01735	0.01860	0.00724
19	0.00815	0.00582	0.00815	0.00931	0.01048	0.00582	0.00815	0.01048	0.01164	0.01513	0.02677	0.05704	0.02910	0.01397	0.00698	0.00233	0.00466	0.75671	0.00466	0.00466
20	0.01198	0.01147	0.01956	0.17195	0.65402	0.01187	0.01525	0.01505	0.01126	0.01587	0.00942	0.01269	0.00778	0.00461	0.00502	0.00154	0.00614	0.00450	0.00246	0.00758
21	0.01729	0.06538	0.09072	0.01138	0.01526	0.16585	0.00991	0.35206	0.06761	0.09508	0.01214	0.01243	0.00888	0.00631	0.01903	0.00158	0.00625	0.00426	0.03099	0.00760
22	0.01282	0.31563	0.03479	0.07946	0.01844	0.08255	0.20295	0.01728	0.13302	0.01468	0.01089	0.03673	0.00906	0.00521	0.00462	0.00145	0.00636	0.00458	0.00286	0.00663
23	0.00616	0.00440	0.00587	0.00704	0.00733	0.00411	0.00469	0.00704	0.00968	0.01291	0.02787	0.81899	0.03344	0.01584	0.00645	0.00205	0.00293	0.01438	0.00469	0.00411
24	0.01131	0.01924	0.43368	0.13484	0.08683	0.01223	0.05353	0.09772	0.01194	0.01704	0.00947	0.01179	0.00705	0.00590	0.02392	0.00178	0.04784	0.00419	0.00254	0.00716
25	0.01582	0.01391	0.01458	0.01398	0.11814	0.16728	0.04577	0.20040	0.18898	0.08484	0.01369	0.01516	0.01066	0.06619	0.00655	0.00178	0.00596	0.00487	0.00409	0.00735
26	0.01573	0.01243	0.01321	0.01093	0.01435	0.01405	0.00877	0.38081	0.42254	0.02623	0.01658	0.01568	0.01220	0.00649	0.00510	0.00162	0.00474	0.00517	0.00510	0.00829
27	0.01170	0.01643	0.24345	0.02396	0.38727	0.01212	0.19932	0.01582	0.01138	0.01630	0.00956	0.01226	0.00747	0.00453	0.00518	0.00158	0.00703	0.00464	0.00241	0.00757
28	0.01988	0.00934	0.01178	0.00928	0.01288	0.00890	0.00758	0.13168	0.09050	0.54314	0.08421	0.01839	0.01523	0.00664	0.00516	0.00157	0.00429	0.00542	0.00592	0.00822
29	0.00920	0.00926	0.01848	0.01455	0.01738	0.00867	0.40865	0.01186	0.01087	0.01464	0.01859	0.39522	0.01988	0.00975	0.00620	0.00187	0.00588	0.00995	0.00357	0.00553
30	0.01253	0.01109	0.01294	0.01119	0.01423	0.01259	0.07045	0.02600	0.71873	0.02075	0.01974	0.01844	0.01480	0.00665	0.00521	0.00171	0.00437	0.00574	0.00493	0.00791
31	0.01188	0.01176	0.01926	0.02301	0.41127	0.01349	0.07690	0.01422	0.01002	0.01473	0.00840	0.01202	0.00742	0.00625	0.00979	0.00181	0.33388	0.00460	0.00239	0.00690
32	0.01312	0.52730	0.23633	0.01066	0.01568	0.09473	0.01151	0.01588	0.01078	0.01307	0.00767	0.00891	0.00647	0.00454	0.00380	0.00125	0.00634	0.00304	0.00220	0.00670
33	0.00615	0.00444	0.00582	0.00692	0.00730	0.00412	0.00464	0.00705	0.00979	0.01295	0.02929	0.77215	0.07936	0.01566	0.00643	0.00203	0.00291	0.01415	0.00469	0.00412
34	0.00598	0.00512	0.00512	0.00512	0.00683	0.00427	0.00384	0.00726	0.01153	0.01366	0.05123	0.04866	0.78869	0.01281	0.00598	0.00171	0.00256	0.01067	0.00470	0.00427
35	0.01303	0.02842	0.16524	0.01903	0.16648	0.13723	0.26762	0.05428	0.04020	0.01641	0.01051	0.03890	0.00848	0.00513	0.00525	0.00158	0.00741	0.00500	0.00276	0.00705
36	0.01176	0.01330	0.02875	0.07968	0.02705	0.01267	0.71627	0.01596	0.01180	0.01596	0.01014	0.01363	0.00760	0.00432	0.00590	0.00170	0.00839	0.00586	0.00253	0.00673
37	0.01536	0.01037	0.01161	0.00999	0.01316	0.01134	0.00790	0.04664	0.56359	0.22036	0.02019	0.01826	0.01450	0.00668	0.00513	0.00167	0.00412	0.00552	0.00543	0.00817
38	0.01889	0.02410	0.01433	0.01303	0.01563	0.80199	0.00977	0.02019	0.01433	0.01238	0.00782	0.00912	0.00651	0.00521	0.00456	0.00130	0.00912	0.00326	0.00261	0.00586
39	0.06698	0.10625	0.01450	0.01106	0.04552	0.02618	0.01839	0.19617	0.31981	0.11942	0.01536	0.01472	0.01130	0.00602	0.00477	0.00155	0.00478	0.00475	0.00461	0.00784
40	0.00661	0.00472	0.00638	0.00755	0.00804	0.00449	0.00547	0.00782	0.01012	0.01341	0.02762	0.64681	0.03246	0.01542	0.00657	0.00212	0.00332	0.18212	0.00469	0.00423
41	0.01190	0.01391	0.04639	0.02116	0.02633	0.01277	0.75610	0.01619	0.01191	0.01619	0.01021	0.01358	0.00765	0.00427	0.00594	0.00170	0.00850	0.00592	0.00255	0.00683
42	0.01062	0.01894	0.44150	0.09889	0.02115	0.01138	0.09333	0.06185	0.07758	0.01688	0.01446	0.01577	0.08366	0.00581	0.00511	0.00164	0.00661	0.00494	0.00288	0.00701
43	0.01039	0.04974	0.71138	0.01479	0.02197	0.01208	0.07842	0.01600	0.01076	0.01590	0.00910	0.01083	0.00651	0.00475	0.00485	0.00159	0.00749	0.00388	0.00217	0.00739
44	0.01331	0.01402	0.01546	0.43996	0.10219	0.23668	0.01260	0.07878	0.01259	0.01470	0.00897	0.01203	0.00696	0.00513	0.00491	0.00154	0.00725	0.00415	0.00261	0.00617
45	0.01437	0.16321	0.24832	0.01240	0.01709	0.16552	0.05815	0.14674	0.02767	0.04229	0.02379	0.02492	0.00863	0.01935	0.00502	0.00151	0.00679	0.00415	0.00306	0.00701
46	0.01118	0.01027	0.01697	0.27898	0.42860	0.01123	0.01363	0.01414	0.01077	0.01536	0.00988	0.01337	0.00802	0.00505	0.00549	0.00157	0.04831	0.00452	0.08588	0.00678
47	0.00710	0.00519	0.00659	0.00742	0.00802	0.00508	0.00509	0.04458	0.04872	0.01422	0.02676	0.74075	0.03137	0.01493	0.00632	0.00201	0.00311	0.01348	0.00473	0.00452
48	0.01167	0.01568	0.21648	0.01769	0.02292	0.01149	0.47656	0.01592	0.01159	0.06319	0.01198	0.07892	0.00976	0.00546	0.00567	0.00170	0.00755	0.00605	0.00285	0.00687
49	0.00813	0.00542	0.00677	0.00648	0.00779	0.00498	0.00478	0.01015	0.02561	0.07473	0.43952	0.12248	0.15897	0.07882	0.00761	0.00195	0.00289	0.02296	0.00515	0.00481
50	0.01132	0.08119	0.02047	0.12133	0.01986	0.01454	0.22787	0.01367	0.00947	0.01339	0.00801	0.01187	0.00693	0.00665	0.01089	0.00190	0.40760	0.00473	0.00231	0.00599
51	0.01191	0.01293	0.02581	0.02188	0.16878	0.01307	0.50893	0.01543	0.01119	0.01562	0.00953	0.01302	0.00757	0.00503	0.00747	0.00175	0.13530	0.00545	0.00249	0.00684
52	0.01177	0.05284	0.11029	0.08707	0.24463	0.01271	0.36358	0.01561	0.01139	0.01574	0.00959	0.01268	0.00748	0.00452	0.00551	0.00161	0.01843	0.00501	0.00245	0.00710
53	0.00629	0.00512	0.00557	0.00550	0.00703	0.00440	0.00411	0.00785	0.01220	0.01536	0.24256	0.06681	0.57507	0.01225	0.00599	0.00169	0.00253	0.01038	0.00492	0.00440
54	0.02269	0.00861	0.01174	0.00900	0.01291	0.00743	0.00743	0.02464	0.01447	0.79425	0.01995	0.01721	0.01252	0.00626	0.00509	0.00156	0.00430	0.00509	0.00626	0.00861
55	0.09864	0.01574	0.21038	0.01440	0.05661	0.03923	0.18352	0.14837	0.07388	0.02013	0.05811	0.01390	0.01046	0.00542	0.00501	0.00159	0.00628	0.00481	0.02642	0.00709
56	0.25974	0.00915	0.01105	0.00967	0.05931	0.00882	0.00737	0.02131	0.01262	0.52743	0.01564	0.01437	0.01024	0.00571	0.00452	0.00156	0.00430	0.00438	0.00514	0.00768
57	0.00735	0.00490	0.00552	0.00552	0.00552	0.00490	0.00306	0.00735	0.00735	0.00980	0.01593	0.03309	0.01838	0.82229	0.02574	0.00490	0.00490	0.00735	0.00306	0.00306
58	0.00621	0.00444	0.00593	0.00710	0.00742	0.00415	0.00479	0.00713	0.00973	0.01297	0.02784	0.79849	0.03333	0.01579	0.00647	0.00206	0.00298	0.03435	0.00469	0.00412
59	0.05587	0.01064	0.01299	0.06910	0.01536	0.01081	0.00860	0.28213	0.02945	0.42793	0.01590	0.01483	0.01048	0.00605	0.00499	0.00156	0.00490	0.00477	0.00540	0.00824
60	0.00983	0.00937	0.01523	0.66477	0.03090	0.01201	0.01350	0.01278	0.00968	0.01278	0.00856	0.01304	0.00672	0.00575	0.00716	0.00178	0.15383	0.00448	0.00224	0.00560
61	0.00735	0.00490	0.00552	0.00552	0.00552	0.00490	0.00306	0.00735	0.00735	0.00980	0.01593	0.03309	0.01838	0.82229	0.02574	0.00490	0.00490	0.00735	0.00306	0.00306
62	0.01194	0.01364	0.02984	0.02131	0.02643	0.01279	0.77238	0.01620	0.01194	0.01620	0.01023	0.01364	0.00767	0.00426	0.00597	0.00171	0.00853	0.00597	0.00256	0.00682
63	0.00614	0.00447	0.00579	0.00685	0.00728	0.00412	0.00461	0.00706	0.00986	0.01298	0.03017	0.74314	0.10780	0.01554	0.00641	0.00202	0.00290	0.01401	0.00469	0.00412
64	0.01849	0.01407	0.01474	0.01153	0.01540	0.03650	0.00944	0.67214	0.10616	0.03018	0.01294	0.01279	0.00929	0.00613	0.00505	0.00153	0.00549	0.00464	0.00500	0.00846
65	0.10188	0.00691	0.00877	0.00764	0.00973	0.00662	0.04343	0.01237	0.05949	0.06025	0.43634	0.08665	0.04658	0.00885	0.00539	0.00156	0.00322	0.00772	0.00485	0.08176
66	0.02939	0.00925	0.01170	0.00919	0.01267	0.00872	0.03471	0.03084	0.12723	0.25526	0.04282	0.01678	0.05035	0.00610	0.00558	0.00139	0.06313	0.00487	0.00445	0.27556
67	0.01068	0.15257	0.67436	0.01350	0.02048	0.01305	0.01710	0.01588	0.01061	0.01536	0.00875	0.01027	0.00642	0.00473	0.00456	0.00152	0.00715	0.00357	0.00214	0.00732
68	0.01118	0.01141	0.01740	0.01435	0.01503	0.01513	0.11246	0.01271	0.00830	0.01271	0.00712	0.01141	0.00678	0.00824	0.01518	0.00215	0.70588	0.00463	0.00226	0.00570
69	0.01194	0.01364	0.02984	0.02131	0.02643	0.01279	0.77238	0.01620	0.01194	0.01620	0.01023	0.01364	0.00767	0.00426	0.00597	0.00171	0.00853	0.00597	0.00256	0.00682
70	0.00738	0.00577	0.00686	0.00732	0.00858	0.00563	0.00557	0.01047	0.11069	0.01496	0.06495	0.29598	0.25885	0.01316	0.00623	0.00194	0.00329	0.16279	0.00478	0.00480
71	0.00616	0.00440	0.00587	0.00704	0.00733	0.00411	0.00469	0.00704	0.00968	0.01291	0.02787	0.81899	0.03344	0.01584	0.00645	0.00205	0.00293	0.01438	0.00469	0.00411
72	0.00741	0.00536	0.00784	0.00784	0.00877	0.00619	0.00609	0.00926	0.00833	0.01233	0.01379	0.01978	0.01267	0.03525	0.73557	0.00755	0.01261	0.00536	0.07348	0.00453
73	0.85801	0.00978	0.00743	0.00665	0.00978	0.01134	0.00548	0.01486	0.00861	0.02269	0.00704	0.00821	0.00548	0.00469	0.00313	0.00156	0.00391	0.00274	0.00313	0.00548
74	0.01591	0.01132	0.01421	0.01312	0.10012	0.03155	0.05769	0.16211	0.27652	0.19497	0.05576	0.01693	0.01362	0.00629	0.00518	0.00160	0.00492	0.00535	0.00488	0.00796

[dist]
# distance from previous block
# <min> <max>
0	1

[block]
# block no. 2 follows, 49 sequences, length 65
# corresponding to MSA columns:
# 477-541
name=unknown_C
#
# <colnr> <probs for GDERKNQSTAVLIFYWHMCP>
#	G	D	E	R	K	N	Q	S	T	A	V	L	I	F	Y	W	H	M	C	P
0	0.01108	0.01055	0.01793	0.40791	0.42508	0.01164	0.01481	0.01426	0.01084	0.01478	0.00926	0.01298	0.00740	0.00477	0.00503	0.00159	0.00636	0.00450	0.00238	0.00685
1	0.01352	0.82533	0.02650	0.00865	0.01298	0.02001	0.00865	0.01514	0.01027	0.01190	0.00703	0.00811	0.00649	0.00433	0.00324	0.00108	0.00541	0.00270	0.00216	0.00649
2	0.01943	0.08298	0.09765	0.00955	0.01374	0.00929	0.00872	0.04071	0.04160	0.56217	0.04926	0.01649	0.01279	0.00612	0.00493	0.00153	0.00468	0.00491	0.00535	0.00812
3	0.01113	0.00979	0.01366	0.01116	0.07951	0.00792	0.09784	0.01367	0.01084	0.03554	0.00945	0.01120	0.00768	0.00393	0.00415	0.00095	0.00452	0.00353	0.00298	0.66056
4	0.00604	0.00513	0.00521	0.00519	0.00687	0.00430	0.00389	0.00738	0.01168	0.01402	0.09099	0.04808	0.74871	0.01267	0.00598	0.00170	0.00255	0.01059	0.00474	0.00430
5	0.01057	0.02697	0.00975	0.00844	0.01062	0.00910	0.00656	0.04987	0.35482	0.03863	0.37968	0.02716	0.03001	0.00839	0.00548	0.00163	0.00335	0.00719	0.00530	0.00649
6	0.17825	0.01035	0.02706	0.00888	0.01263	0.04240	0.00739	0.06799	0.01289	0.37775	0.01375	0.01324	0.00941	0.00551	0.00485	0.00142	0.03383	0.00409	0.00460	0.16370
7	0.01111	0.25542	0.57531	0.01276	0.01933	0.01411	0.01581	0.01576	0.01056	0.01483	0.00849	0.00994	0.00643	0.00467	0.00436	0.00145	0.00688	0.00344	0.00214	0.00719
8	0.00735	0.00490	0.00552	0.00552	0.00552	0.00490	0.00306	0.00735	0.00735	0.00980	0.01593	0.03309	0.01838	0.82229	0.02574	0.00490	0.00490	0.00735	0.00306	0.00306
9	0.00735	0.00490	0.00552	0.00552	0.00552	0.00490	0.00306	0.00735	0.00735	0.00980	0.01593	0.03309	0.01838	0.82229	0.02574	0.00490	0.00490	0.00735	0.00306	0.00306
10	0.01192	0.12787	0.01805	0.24909	0.10596	0.06821	0.10993	0.01720	0.17351	0.01546	0.02945	0.03035	0.01026	0.00552	0.00494	0.00157	0.00611	0.00491	0.00306	0.00663
11	0.00716	0.00517	0.00676	0.00636	0.00755	0.00477	0.00477	0.00954	0.01431	0.02028	0.78808	0.03777	0.04771	0.01034	0.00596	0.00159	0.00239	0.00914	0.00557	0.00477
12	0.00616	0.00440	0.00587	0.00704	0.00733	0.00411	0.00469	0.00704	0.00968	0.01291	0.02787	0.81899	0.03344	0.01584	0.00645	0.00205	0.00293	0.01438	0.00469	0.00411
13	0.01397	0.73155	0.04105	0.00919	0.01342	0.09543	0.00897	0.01565	0.01067	0.01203	0.00715	0.00826	0.00649	0.00442	0.00340	0.00111	0.00581	0.00278	0.00221	0.00645
14	0.00994	0.00962	0.01620	0.63576	0.03098	0.01199	0.06454	0.01303	0.00987	0.01303	0.00871	0.01312	0.00679	0.00558	0.00687	0.00177	0.12967	0.00458	0.00226	0.00569
15	0.00706	0.00510	0.00667	0.00643	0.00753	0.00471	0.00476	0.00930	0.01387	0.01958	0.71559	0.11227	0.04635	0.01086	0.00601	0.00163	0.00244	0.00964	0.00548	0.00471
16	0.01179	0.01336	0.02896	0.06842	0.02693	0.01269	0.72709	0.01600	0.01183	0.01600	0.01016	0.01363	0.00762	0.00431	0.00591	0.00170	0.00842	0.00588	0.00254	0.00675
17	0.07558	0.01338	0.01363	0.10806	0.01689	0.11159	0.00951	0.40483	0.05033	0.07022	0.01273	0.03184	0.00995	0.00638	0.00499	0.00158	0.00579	0.04105	0.00432	0.00736
18	0.00598	0.00512	0.00512	0.00512	0.00683	0.00427	0.00384	0.00726	0.01153	0.01366	0.05123	0.04866	0.78869	0.01281	0.00598	0.00171	0.00256	0.01067	0.00470	0.00427
19	0.01106	0.01106	0.01549	0.01328	0.01328	0.01549	0.01106	0.01217	0.00774	0.01217	0.00664	0.01106	0.00664	0.00885	0.01659	0.00221	0.81303	0.00443	0.00221	0.00553
20	0.09947	0.01260	0.01245	0.01016	0.01369	0.12594	0.00818	0.19721	0.13123	0.31414	0.01524	0.01425	0.01050	0.00600	0.00483	0.00154	0.00521	0.00457	0.00498	0.00782
21	0.01278	0.65102	0.19436	0.00991	0.01492	0.01821	0.01084	0.01533	0.01036	0.01280	0.00748	0.00867	0.00647	0.00443	0.00358	0.00119	0.00586	0.00293	0.00216	0.00670
22	0.00943	0.00471	0.00471	0.00471	0.00589	0.00471	0.00353	0.01178	0.01060	0.01885	0.01650	0.01885	0.01296	0.00589	0.00353	0.00118	0.00236	0.00471	0.85036	0.00471
23	0.00969	0.00913	0.01543	0.77233	0.07151	0.01127	0.01411	0.01305	0.01018	0.01309	0.00901	0.01343	0.00680	0.00503	0.00505	0.00168	0.00671	0.00449	0.00226	0.00573
24	0.00904	0.00695	0.00869	0.00818	0.00988	0.00703	0.03641	0.02785	0.19909	0.04815	0.18956	0.28131	0.12542	0.01107	0.00587	0.00179	0.00336	0.00980	0.00497	0.00559
25	0.00616	0.00440	0.00587	0.00704	0.00733	0.00411	0.00469	0.00704	0.00968	0.01291	0.02787	0.81899	0.03344	0.01584	0.00645	0.00205	0.00293	0.01438	0.00469	0.00411
26	0.00783	0.00566	0.00773	0.00880	0.00995	0.00557	0.00754	0.00996	0.01149	0.01485	0.02892	0.10975	0.09358	0.01400	0.00686	0.00226	0.00436	0.64164	0.00466	0.00459
27	0.01194	0.01364	0.02984	0.02131	0.02643	0.01279	0.77238	0.01620	0.01194	0.01620	0.01023	0.01364	0.00767	0.00426	0.00597	0.00171	0.00853	0.00597	0.00256	0.00682
28	0.01398	0.01079	0.00950	0.00820	0.01049	0.13854	0.00642	0.24715	0.01526	0.02179	0.01374	0.01520	0.01057	0.00583	0.00417	0.00130	0.00445	0.00443	0.45211	0.00609
29	0.85801	0.00978	0.00743	0.00665	0.00978	0.01134	0.00548	0.01486	0.00861	0.02269	0.00704	0.00821	0.00548	0.00469	0.00313	0.00156	0.00391	0.00274	0.00313	0.00548
30	0.00760	0.00591	0.00861	0.00840	0.00914	0.00708	0.00650	0.00919	0.00802	0.01162	0.01309	0.02014	0.01255	0.10142	0.66173	0.00729	0.08905	0.00549	0.00269	0.00449
31	0.01163	0.01498	0.12545	0.01967	0.02460	0.01291	0.60439	0.01579	0.01138	0.01579	0.00974	0.01302	0.00741	0.00477	0.00683	0.00174	0.08511	0.00554	0.00247	0.00678
32	0.01299	0.01101	0.01161	0.01029	0.01322	0.01265	0.00805	0.08954	0.70021	0.02189	0.02056	0.01897	0.03231	0.00693	0.00516	0.00170	0.00410	0.00573	0.00513	0.00797
33	0.01762	0.00741	0.01004	0.00824	0.01118	0.00650	0.00658	0.01952	0.01384	0.54698	0.16820	0.12263	0.02191	0.00825	0.00543	0.00163	0.00376	0.00704	0.00593	0.00730
34	0.02269	0.00861	0.01174	0.00900	0.01291	0.00743	0.00743	0.02464	0.01447	0.79425	0.01995	0.01721	0.01252	0.00626	0.00509	0.00156	0.00430	0.00509	0.00626	0.00861
35	0.00787	0.00598	0.02634	0.00771	0.00873	0.00546	0.00575	0.06782	0.01141	0.03275	0.07228	0.58262	0.05473	0.01401	0.00627	0.00197	0.00338	0.07542	0.00474	0.00473
36	0.01319	0.74808	0.10089	0.00921	0.01384	0.01921	0.00962	0.01523	0.01031	0.01230	0.00723	0.00836	0.00648	0.00437	0.00340	0.00113	0.00561	0.00280	0.00216	0.00658
37	0.00598	0.00512	0.00512	0.00512	0.00683	0.00427	0.00384	0.00726	0.01153	0.01366	0.05123	0.04866	0.78869	0.01281	0.00598	0.00171	0.00256	0.01067	0.00470	0.00427
38	0.00815	0.00582	0.00815	0.00931	0.01048	0.00582	0.00815	0.01048	0.01164	0.01513	0.02677	0.05704	0.02910	0.01397	0.00698	0.00233	0.00466	0.75671	0.00466	0.00466
39	0.01032	0.06928	0.75456	0.01410	0.02141	0.01219	0.01814	0.01597	0.01065	0.01579	0.00896	0.01054	0.00641	0.00478	0.00472	0.00157	0.00736	0.00368	0.00214	0.00742
40	0.01014	0.02616	0.79609	0.01441	0.02189	0.01174	0.01868	0.01601	0.01068	0.01601	0.00907	0.01068	0.00641	0.00480	0.00480	0.00160	0.00747	0.00374	0.00214	0.00747
41	0.00815	0.00582	0.00815	0.00931	0.01048	0.00582	0.00815	0.01048	0.01164	0.01513	0.02677	0.05704	0.02910	0.01397	0.00698	0.00233	0.00466	0.75671	0.00466	0.00466
42	0.01418	0.01224	0.01180	0.01051	0.01342	0.10553	0.00816	0.02589	0.62603	0.08543	0.01902	0.01757	0.01413	0.00661	0.00507	0.00165	0.00463	0.00537	0.00494	0.00780
43	0.00620	0.00443	0.00591	0.00701	0.00734	0.00414	0.00470	0.00715	0.00988	0.01322	0.05986	0.78611	0.03405	0.01561	0.00643	0.00203	0.00291	0.01416	0.00473	0.00414
44	0.01079	0.01056	0.01479	0.01290	0.01301	0.01457	0.01079	0.01201	0.00812	0.01245	0.00856	0.01545	0.00878	0.00934	0.01568	0.00222	0.73595	0.07616	0.00245	0.00545
45	0.01199	0.01349	0.02895	0.02224	0.09931	0.01271	0.70021	0.01613	0.01190	0.01623	0.01016	0.01353	0.00770	0.00429	0.00588	0.00169	0.00829	0.00583	0.00255	0.00693
46	0.01014	0.02616	0.79609	0.01441	0.02189	0.01174	0.01868	0.01601	0.01068	0.01601	0.00907	0.01068	0.00641	0.00480	0.00480	0.00160	0.00747	0.00374	0.00214	0.00747
47	0.45360	0.00974	0.00984	0.00804	0.01156	0.01024	0.00663	0.09104	0.01233	0.32322	0.01254	0.01208	0.00851	0.00543	0.00407	0.00156	0.00422	0.00382	0.00453	0.00699
48	0.12841	0.00875	0.01119	0.00870	0.01251	0.00793	0.00718	0.02341	0.01373	0.69659	0.01832	0.01607	0.01163	0.00606	0.00484	0.00156	0.00425	0.00479	0.00586	0.00821
49	0.00628	0.00445	0.00583	0.00689	0.00716	0.00418	0.00454	0.00707	0.00946	0.01261	0.02672	0.74302	0.03199	0.09380	0.00832	0.00233	0.00312	0.01370	0.00454	0.00401
50	0.01014	0.02616	0.79609	0.01441	0.02189	0.01174	0.01868	0.01601	0.01068	0.01601	0.00907	0.01068	0.00641	0.00480	0.00480	0.00160	0.00747	0.00374	0.00214	0.00747
51	0.00955	0.00899	0.01517	0.81013	0.03483	0.01123	0.01404	0.01292	0.01011	0.01292	0.00899	0.01348	0.00674	0.00506	0.00506	0.00169	0.00674	0.00449	0.00225	0.00562
52	0.00616	0.00440	0.00587	0.00704	0.00733	0.00411	0.00469	0.00704	0.00968	0.01291	0.02787	0.81899	0.03344	0.01584	0.00645	0.00205	0.00293	0.01438	0.00469	0.00411
53	0.00722	0.00542	0.00813	0.00813	0.00903	0.00632	0.00632	0.00903	0.00813	0.01174	0.01354	0.01987	0.01264	0.03792	0.80225	0.00813	0.01354	0.00542	0.00271	0.00451
54	0.00955	0.00899	0.01517	0.81013	0.03483	0.01123	0.01404	0.01292	0.01011	0.01292	0.00899	0.01348	0.00674	0.00506	0.00506	0.00169	0.00674	0.00449	0.00225	0.00562
55	0.00878	0.00439	0.00659	0.00659	0.00659	0.00439	0.00439	0.00659	0.00659	0.00878	0.00878	0.01537	0.00878	0.01757	0.01976	0.85288	0.00439	0.00439	0.00220	0.00220
56	0.01258	0.01086	0.01143	0.01029	0.01315	0.01258	0.00800	0.02687	0.78161	0.02115	0.02058	0.01887	0.01544	0.00686	0.00515	0.00172	0.00400	0.00572	0.00515	0.00800
57	0.01194	0.01364	0.02984	0.02131	0.02643	0.01279	0.77238	0.01620	0.01194	0.01620	0.01023	0.01364	0.00767	0.00426	0.00597	0.00171	0.00853	0.00597	0.00256	0.00682
58	0.01902	0.02024	0.01466	0.01249	0.01565	0.49660	0.00971	0.31291	0.01800	0.01995	0.00950	0.01029	0.00732	0.00554	0.00475	0.00139	0.00774	0.00376	0.00356	0.00693
59	0.01106	0.01106	0.01549	0.01328	0.01328	0.01549	0.01106	0.01217	0.00774	0.01217	0.00664	0.01106	0.00664	0.00885	0.01659	0.00221	0.81303	0.00443	0.00221	0.00553
60	0.00943	0.00471	0.00471	0.00471	0.00589	0.00471	0.00353	0.01178	0.01060	0.01885	0.01650	0.01885	0.01296	0.00589	0.00353	0.00118	0.00236	0.00471	0.85036	0.00471
61	0.00955	0.00899	0.01517	0.81013	0.03483	0.01123	0.01404	0.01292	0.01011	0.01292	0.00899	0.01348	0.00674	0.00506	0.00506	0.00169	0.00674	0.00449	0.00225	0.00562
62	0.01898	0.02152	0.01455	0.01267	0.01565	0.59755	0.00973	0.21615	0.01679	0.01744	0.00894	0.00990	0.00706	0.00543	0.00469	0.00136	0.00819	0.00359	0.00324	0.00657
63	0.00645	0.00472	0.00598	0.00653	0.00724	0.00434	0.00452	0.00774	0.01104	0.01480	0.22958	0.47372	0.14031	0.04976	0.00712	0.00201	0.00283	0.01219	0.00485	0.00426
64	0.01132	0.30563	0.52696	0.01240	0.01877	0.01463	0.01518	0.01571	0.01054	0.01457	0.00836	0.00978	0.00643	0.00464	0.00426	0.00142	0.00675	0.00338	0.00214	0.00713

[dist]
# distance from previous block
# <min> <max>
0	2

[block]
# block no. 3 follows, 49 sequences, length 49
# corresponding to MSA columns:
# 544-592
name=unknown_D
#
# <colnr> <probs for GDERKNQSTAVLIFYWHMCP>
#	G	D	E	R	K	N	Q	S	T	A	V	L	I	F	Y	W	H	M	C	P
0	0.01812	0.02262	0.01417	0.01284	0.01536	0.71359	0.00970	0.02033	0.06827	0.01299	0.00867	0.00989	0.00715	0.00548	0.00510	0.00137	0.04210	0.00348	0.00277	0.00600
1	0.01014	0.02616	0.79609	0.01441	0.02189	0.01174	0.01868	0.01601	0.01068	0.01601	0.00907	0.01068	0.00641	0.00480	0.00480	0.00160	0.00747	0.00374	0.00214	0.00747
2	0.00656	0.00522	0.00600	0.00643	0.00784	0.00466	0.00506	0.00807	0.01135	0.01396	0.04223	0.13723	0.50583	0.01345	0.00629	0.00191	0.00315	0.20572	0.00469	0.00435
3	0.70445	0.00976	0.00792	0.00712	0.01014	0.01129	0.00578	0.01652	0.12209	0.02233	0.00936	0.01015	0.00720	0.00505	0.00344	0.00157	0.00387	0.00324	0.03289	0.00582
4	0.01136	0.00871	0.01081	0.00859	0.01192	0.00783	0.03470	0.09228	0.06757	0.06346	0.18839	0.02126	0.01911	0.00659	0.00487	0.00128	0.00392	0.05899	0.00423	0.37412
5	0.00616	0.00440	0.00587	0.00704	0.00733	0.00411	0.00469	0.00704	0.00968	0.01291	0.02787	0.81899	0.03344	0.01584	0.00645	0.00205	0.00293	0.01438	0.00469	0.00411
6	0.00641	0.00512	0.00573	0.00561	0.00710	0.00445	0.00420	0.00807	0.01249	0.01602	0.31567	0.06251	0.50480	0.01199	0.00598	0.00167	0.00251	0.01021	0.00501	0.00445
7	0.00747	0.00562	0.00667	0.00635	0.00783	0.00525	0.00485	0.03123	0.04021	0.01843	0.46327	0.03970	0.25931	0.01081	0.00587	0.00164	0.00268	0.04160	0.03636	0.00484
8	0.01102	0.02082	0.48381	0.05854	0.08143	0.03382	0.14531	0.01679	0.06967	0.01621	0.01014	0.01205	0.00745	0.00487	0.00505	0.00162	0.00728	0.00435	0.00248	0.00730
9	0.04969	0.00864	0.01160	0.00892	0.01281	0.00756	0.00737	0.02433	0.01428	0.76931	0.01953	0.01692	0.01229	0.00621	0.00502	0.00156	0.00429	0.00501	0.00616	0.00850
10	0.00815	0.00582	0.00815	0.00931	0.01048	0.00582	0.00815	0.01048	0.01164	0.01513	0.02677	0.05704	0.02910	0.01397	0.00698	0.00233	0.00466	0.75671	0.00466	0.00466
11	0.14448	0.01194	0.01369	0.03573	0.01506	0.06082	0.06222	0.28076	0.01649	0.26557	0.03476	0.01381	0.01018	0.00583	0.00484	0.00155	0.00530	0.00459	0.00474	0.00764
12	0.00967	0.00915	0.01519	0.74906	0.03318	0.01156	0.01381	0.01286	0.00993	0.01286	0.00881	0.01330	0.00673	0.00535	0.00594	0.00173	0.06853	0.00449	0.00224	0.00561
13	0.00616	0.00440	0.00587	0.00704	0.00733	0.00411	0.00469	0.00704	0.00968	0.01291	0.02787	0.81899	0.03344	0.01584	0.00645	0.00205	0.00293	0.01438	0.00469	0.00411
14	0.01194	0.01364	0.02984	0.02131	0.02643	0.01279	0.77238	0.01620	0.01194	0.01620	0.01023	0.01364	0.00767	0.00426	0.00597	0.00171	0.00853	0.00597	0.00256	0.00682
15	0.01289	0.53059	0.25496	0.01068	0.01582	0.07280	0.01172	0.01576	0.01068	0.01316	0.00769	0.00895	0.00647	0.00453	0.00380	0.00125	0.00629	0.00305	0.00219	0.00674
16	0.00955	0.00899	0.01517	0.81013	0.03483	0.01123	0.01404	0.01292	0.01011	0.01292	0.00899	0.01348	0.00674	0.00506	0.00506	0.00169	0.00674	0.00449	0.00225	0.00562
17	0.01049	0.00899	0.01049	0.00749	0.01198	0.00674	0.00599	0.01273	0.01049	0.01648	0.00899	0.01049	0.00749	0.00374	0.00374	0.00075	0.00374	0.00300	0.00300	0.85320
18	0.00707	0.00517	0.00663	0.00627	0.00750	0.00473	0.00470	0.00937	0.01410	0.01977	0.73161	0.03861	0.10450	0.01053	0.00597	0.00160	0.00240	0.00926	0.00550	0.00473
19	0.00616	0.00440	0.00587	0.00704	0.00733	0.00411	0.00469	0.00704	0.00968	0.01291	0.02787	0.81899	0.03344	0.01584	0.00645	0.00205	0.00293	0.01438	0.00469	0.00411
20	0.00735	0.00490	0.00552	0.00552	0.00552	0.00490	0.00306	0.00735	0.00735	0.00980	0.01593	0.03309	0.01838	0.82229	0.02574	0.00490	0.00490	0.00735	0.00306	0.00306
21	0.01252	0.01201	0.02053	0.03104	0.79074	0.01201	0.01552	0.01552	0.01151	0.01652	0.00951	0.01252	0.00801	0.00451	0.00501	0.00150	0.00601	0.00451	0.00250	0.00801
22	0.00722	0.00542	0.00813	0.00813	0.00903	0.00632	0.00632	0.00903	0.00813	0.01174	0.01354	0.01987	0.01264	0.03792	0.80225	0.00813	0.01354	0.00542	0.00271	0.00451
23	0.00716	0.00517	0.00676	0.00636	0.00755	0.00477	0.00477	0.00954	0.01431	0.02028	0.78808	0.03777	0.04771	0.01034	0.00596	0.00159	0.00239	0.00914	0.00557	0.00477
24	0.00610	0.00508	0.00533	0.00538	0.00694	0.00431	0.00399	0.00746	0.01166	0.01425	0.12060	0.10204	0.66391	0.01278	0.00601	0.00172	0.00257	0.01079	0.00478	0.00431
25	0.01352	0.82533	0.02650	0.00865	0.01298	0.02001	0.00865	0.01514	0.01027	0.01190	0.00703	0.00811	0.00649	0.00433	0.00324	0.00108	0.00541	0.00270	0.00216	0.00649
26	0.01014	0.02616	0.79609	0.01441	0.02189	0.01174	0.01868	0.01601	0.01068	0.01601	0.00907	0.01068	0.00641	0.00480	0.00480	0.00160	0.00747	0.00374	0.00214	0.00747
27	0.00723	0.00538	0.00793	0.00793	0.00876	0.00621	0.00607	0.00890	0.00807	0.01159	0.01373	0.02087	0.01308	0.09759	0.74318	0.00788	0.01289	0.00557	0.00274	0.00440
28	0.02139	0.01068	0.01302	0.00998	0.01395	0.01052	0.00825	0.30489	0.01795	0.50909	0.01703	0.01531	0.01105	0.00619	0.00508	0.00155	0.00477	0.00489	0.00581	0.00860
29	0.00920	0.00792	0.00820	0.00765	0.00991	0.00832	0.00587	0.01683	0.38738	0.01732	0.03627	0.03412	0.41129	0.00990	0.00557	0.00171	0.00326	0.00825	0.00492	0.00609
30	0.02088	0.01073	0.01180	0.00944	0.01295	0.12397	0.00762	0.03731	0.01462	0.60601	0.07638	0.01749	0.01423	0.00641	0.00507	0.00153	0.00489	0.00512	0.00565	0.00791
31	0.00955	0.00899	0.01517	0.81013	0.03483	0.01123	0.01404	0.01292	0.01011	0.01292	0.00899	0.01348	0.00674	0.00506	0.00506	0.00169	0.00674	0.00449	0.00225	0.00562
32	0.00986	0.00930	0.01573	0.72889	0.11365	0.01132	0.01420	0.01319	0.01026	0.01330	0.00904	0.01338	0.00687	0.00500	0.00505	0.00167	0.00666	0.00450	0.00227	0.00587
33	0.04011	0.01110	0.01317	0.01012	0.01407	0.01119	0.00836	0.35761	0.01848	0.43770	0.01618	0.01475	0.01062	0.00614	0.00503	0.00154	0.00485	0.00480	0.00565	0.00853
34	0.00751	0.00529	0.00689	0.00657	0.00784	0.00488	0.00503	0.00983	0.01401	0.03624	0.68584	0.03917	0.07778	0.01061	0.00602	0.00165	0.00259	0.06194	0.00548	0.00482
35	0.00642	0.00463	0.00608	0.00680	0.00737	0.00429	0.00468	0.00771	0.01096	0.01487	0.22876	0.58658	0.06347	0.01429	0.00631	0.00192	0.00278	0.01287	0.00492	0.00429
36	0.00825	0.00541	0.00711	0.00655	0.00793	0.00496	0.00496	0.01061	0.01433	0.07496	0.73380	0.03632	0.04523	0.01005	0.00590	0.00159	0.00252	0.00886	0.00562	0.00504
37	0.01022	0.01003	0.01504	0.70467	0.05886	0.06694	0.01353	0.01336	0.01045	0.01301	0.00945	0.03540	0.00751	0.00535	0.00506	0.00166	0.00678	0.00468	0.00235	0.00568
38	0.01198	0.01061	0.01517	0.01231	0.01504	0.05930	0.21413	0.20342	0.01418	0.01886	0.01726	0.30330	0.01741	0.00904	0.00569	0.00173	0.00546	0.00840	0.05060	0.00611
39	0.00735	0.00490	0.00552	0.00552	0.00552	0.00490	0.00306	0.00735	0.00735	0.00980	0.01593	0.03309	0.01838	0.82229	0.02574	0.00490	0.00490	0.00735	0.00306	0.00306
40	0.00598	0.00512	0.00512	0.00512	0.00683	0.00427	0.00384	0.00726	0.01153	0.01366	0.05123	0.04866	0.78869	0.01281	0.00598	0.00171	0.00256	0.01067	0.00470	0.00427
