[name]
unknown

[dist]
# distance from previous block
# <min> <max>
6	30

[block]
# block no. 0 follows, 45 sequences, length 16
# corresponding to MSA columns:
# 31-46
name=unknown_A
#
# <colnr> <probs for GDERKNQSTAVLIFYWHMCP>
#	G	D	E	R	K	N	Q	S	T	A	V	L	I	F	Y	W	H	M	C	P
0	0.01348	0.01318	0.02178	0.07196	0.54853	0.03871	0.10934	0.04999	0.01284	0.01787	0.01020	0.01326	0.00833	0.00485	0.00538	0.00159	0.00674	0.00487	0.00280	0.04430
1	0.01320	0.01326	0.01945	0.17699	0.52181	0.09727	0.01512	0.01621	0.01212	0.01612	0.00996	0.01340	0.00827	0.00639	0.03643	0.00189	0.00721	0.00467	0.00263	0.00762
2	0.06930	0.01495	0.01626	0.01650	0.16979	0.21591	0.06599	0.01812	0.04537	0.08187	0.04506	0.01365	0.01031	0.00596	0.00646	0.00158	0.09748	0.00458	0.00336	0.09750
3	0.01240	0.40355	0.02203	0.31319	0.02273	0.01705	0.01171	0.01477	0.01050	0.01308	0.00821	0.01120	0.00701	0.00550	0.00598	0.00155	0.10698	0.00383	0.00234	0.00640
4	0.12400	0.01408	0.01235	0.01063	0.01398	0.21492	0.00839	0.02320	0.18737	0.25683	0.01606	0.01640	0.01180	0.00648	0.00502	0.00162	0.00578	0.02976	0.00476	0.03658
5	0.00739	0.00548	0.00689	0.00653	0.00789	0.00498	0.00490	0.00973	0.01470	0.02036	0.65535	0.04202	0.17106	0.01141	0.00633	0.00171	0.00256	0.00998	0.00576	0.00498
6	0.00781	0.00520	0.00585	0.00585	0.00585	0.00520	0.00325	0.00781	0.00781	0.01041	0.01691	0.03513	0.01952	0.81135	0.02732	0.00520	0.00520	0.00781	0.00325	0.00325
7	0.00681	0.00517	0.00670	0.00759	0.00807	0.00506	0.00525	0.00781	0.01041	0.01376	0.03146	0.66748	0.12756	0.01599	0.00739	0.00214	0.04788	0.01417	0.00484	0.00447
8	0.01786	0.32887	0.02018	0.01204	0.01551	0.49437	0.00992	0.01937	0.01356	0.01294	0.00798	0.00927	0.00690	0.00517	0.00430	0.00129	0.00817	0.00323	0.00259	0.00648
9	0.01351	0.00680	0.00907	0.00776	0.01006	0.00608	0.00608	0.01588	0.01526	0.29411	0.50468	0.03227	0.03725	0.00942	0.00600	0.00168	0.00326	0.00816	0.00617	0.00652
10	0.01306	0.01287	0.02028	0.18262	0.58734	0.05810	0.01581	0.01622	0.01210	0.01653	0.00988	0.01328	0.00814	0.00494	0.00530	0.00162	0.00672	0.00470	0.00261	0.00787
11	0.01113	0.00954	0.01113	0.00795	0.01272	0.00716	0.00636	0.01352	0.01113	0.01749	0.00954	0.01113	0.00795	0.00398	0.00398	0.00080	0.00398	0.00318	0.00318	0.84417
12	0.01025	0.00729	0.00824	0.00763	0.00968	0.00707	0.00580	0.10626	0.07514	0.07729	0.13308	0.18285	0.32477	0.01191	0.00617	0.00183	0.00344	0.01016	0.00532	0.00582
13	0.01539	0.01429	0.01332	0.11068	0.01684	0.25545	0.02530	0.08541	0.01362	0.10003	0.01233	0.01623	0.01028	0.07497	0.10245	0.00264	0.00792	0.01931	0.00353	0.10002
14	0.01770	0.11162	0.12787	0.01223	0.01638	0.17506	0.01107	0.25268	0.01680	0.11741	0.01234	0.04651	0.00964	0.00645	0.00561	0.00159	0.04256	0.00471	0.00403	0.00774
15	0.20104	0.20361	0.09576	0.01012	0.01407	0.04386	0.04093	0.07169	0.01205	0.13494	0.01061	0.01198	0.00815	0.00700	0.00643	0.10810	0.00561	0.00392	0.00346	0.00668

[dist]
# distance from previous block
# <min> <max>
2	17

[block]
# block no. 1 follows, 45 sequences, length 11
# corresponding to MSA columns:
# 64-74
name=unknown_B
#
# <colnr> <probs for GDERKNQSTAVLIFYWHMCP>
#	G	D	E	R	K	N	Q	S	T	A	V	L	I	F	Y	W	H	M	C	P
0	0.07299	0.26617	0.18868	0.22164	0.02362	0.01518	0.11071	0.01577	0.01106	0.01530	0.00893	0.01149	0.00703	0.00493	0.00468	0.00156	0.00691	0.00407	0.00244	0.00684
1	0.01219	0.01140	0.01814	0.38834	0.19516	0.04829	0.07902	0.01532	0.01154	0.05202	0.02649	0.03139	0.00933	0.00593	0.00648	0.00177	0.07243	0.00520	0.00282	0.00674
2	0.01177	0.01354	0.13450	0.04953	0.01562	0.13278	0.07137	0.01471	0.03398	0.07102	0.04821	0.22967	0.07221	0.00988	0.00619	0.00186	0.02174	0.05132	0.00400	0.00611
3	0.04164	0.36978	0.03984	0.04796	0.01509	0.01567	0.00932	0.04593	0.09615	0.14513	0.01186	0.01238	0.00917	0.00561	0.00507	0.00143	0.05205	0.00398	0.00360	0.06835
4	0.01857	0.01693	0.01417	0.01194	0.01514	0.31788	0.00938	0.15029	0.07262	0.14883	0.03640	0.01370	0.01057	0.00634	0.00598	0.00153	0.06467	0.00449	0.00419	0.07640
5	0.29601	0.14932	0.01275	0.00824	0.01181	0.01160	0.00694	0.01703	0.07368	0.11201	0.07581	0.03131	0.01303	0.00611	0.00429	0.00148	0.00432	0.02077	0.00399	0.13952
6	0.00777	0.00535	0.00659	0.00659	0.00684	0.00560	0.00417	0.00828	0.00802	0.01095	0.01624	0.03141	0.01790	0.60733	0.22914	0.00611	0.00763	0.00726	0.00315	0.00366
7	0.11738	0.01524	0.08802	0.05778	0.01619	0.20576	0.06747	0.09492	0.01335	0.01756	0.01656	0.05438	0.10592	0.01087	0.09324	0.00243	0.00757	0.00568	0.00343	0.00625
8	0.01697	0.06340	0.03808	0.01370	0.07800	0.38853	0.01018	0.01884	0.01359	0.09762	0.03833	0.01373	0.03631	0.00618	0.00595	0.00148	0.07286	0.00433	0.00333	0.07859
9	0.01159	0.01049	0.01461	0.37991	0.02483	0.06447	0.05477	0.01458	0.01180	0.05114	0.07608	0.01580	0.01158	0.00642	0.02515	0.00168	0.00633	0.00486	0.00314	0.21078
10	0.01109	0.01015	0.01050	0.07386	0.01315	0.12643	0.00742	0.03121	0.02908	0.03339	0.32460	0.02558	0.05396	0.01044	0.06090	0.00203	0.03067	0.00669	0.00435	0.13452

[dist]
# distance from previous block
# <min> <max>
0	4

[block]
# block no. 2 follows, 45 sequences, length 11
# corresponding to MSA columns:
# 79-89
name=unknown_C
#
# <colnr> <probs for GDERKNQSTAVLIFYWHMCP>
#	G	D	E	R	K	N	Q	S	T	A	V	L	I	F	Y	W	H	M	C	P
0	0.04820	0.01044	0.01020	0.10315	0.01405	0.13905	0.00772	0.05270	0.03989	0.07151	0.09456	0.14443	0.18418	0.01009	0.00582	0.00179	0.00499	0.04696	0.00447	0.00580
1	0.07997	0.21763	0.05943	0.01065	0.01472	0.07081	0.00938	0.14640	0.20956	0.07462	0.01334	0.01332	0.01014	0.00585	0.00464	0.00151	0.00551	0.00433	0.00409	0.04411
2	0.04547	0.01088	0.01387	0.17028	0.04428	0.01082	0.03503	0.19311	0.01454	0.02069	0.01355	0.01520	0.06309	0.00563	0.00486	0.00136	0.00526	0.00464	0.00365	0.32383
3	0.08779	0.01125	0.01825	0.33758	0.41120	0.01236	0.01488	0.01530	0.01135	0.01660	0.00964	0.01328	0.00772	0.00504	0.00515	0.00168	0.00649	0.00461	0.00261	0.00724
4	0.01257	0.01673	0.28059	0.17260	0.16790	0.01185	0.05213	0.01668	0.01166	0.08961	0.01073	0.01312	0.00798	0.00535	0.00585	0.00167	0.04797	0.00452	0.00288	0.06761
5	0.07576	0.01158	0.01311	0.01046	0.01413	0.01211	0.00850	0.37874	0.03842	0.24561	0.04996	0.08757	0.01449	0.00756	0.00542	0.00169	0.00496	0.00605	0.00559	0.00828
6	0.01188	0.00871	0.01048	0.01044	0.07954	0.00902	0.00693	0.20430	0.03621	0.03660	0.13016	0.08357	0.05866	0.27481	0.01294	0.00287	0.00478	0.00765	0.00449	0.00594
7	0.23809	0.10116	0.04872	0.07971	0.01360	0.01057	0.00779	0.05138	0.01273	0.09662	0.19697	0.02182	0.08613	0.00741	0.00490	0.00163	0.00440	0.00584	0.00427	0.00626
8	0.01538	0.11416	0.10345	0.01164	0.01556	0.08890	0.01029	0.24083	0.23538	0.02242	0.01532	0.07665	0.01256	0.00704	0.00519	0.00165	0.00578	0.00554	0.00438	0.00788
9	0.04928	0.01121	0.07260	0.01039	0.01377	0.01048	0.05379	0.04471	0.29239	0.12309	0.02694	0.02573	0.20381	0.00837	0.00594	0.00179	0.02659	0.00693	0.00490	0.00730
10	0.12421	0.09095	0.01226	0.00878	0.01192	0.01103	0.00709	0.14213	0.09522	0.15851	0.07633	0.02114	0.07049	0.10216	0.00760	0.00201	0.00458	0.00575	0.00470	0.04313

[dist]
# distance from previous block
# <min> <max>
0	8

[block]
# block no. 3 follows, 45 sequences, length 28
# corresponding to MSA columns:
# 98-125
name=unknown_D
#
# <colnr> <probs for GDERKNQSTAVLIFYWHMCP>
#	G	D	E	R	K	N	Q	S	T	A	V	L	I	F	Y	W	H	M	C	P
0	0.01246	0.01093	0.01619	0.15097	0.11784	0.01172	0.11641	0.08706	0.21350	0.03770	0.06447	0.05623	0.06614	0.00723	0.00572	0.00177	0.00561	0.00659	0.00417	0.00729
1	0.01449	0.01154	0.03468	0.01216	0.08056	0.01052	0.03432	0.15432	0.10706	0.09616	0.02885	0.01520	0.01111	0.00559	0.00490	0.00134	0.00490	0.02029	0.00421	0.34780
2	0.01850	0.13088	0.01685	0.01277	0.04011	0.36635	0.00992	0.24956	0.01738	0.02008	0.01026	0.01131	0.00809	0.00571	0.00475	0.00142	0.00739	0.00395	0.05752	0.00721
3	0.00753	0.00569	0.00708	0.00731	0.00874	0.00524	0.00587	0.00967	0.01337	0.01758	0.31249	0.05017	0.27500	0.01301	0.00667	0.00197	0.00335	0.23907	0.00531	0.00486
4	0.00757	0.00534	0.00632	0.00616	0.00684	0.00508	0.00404	0.00870	0.01115	0.01516	0.31468	0.03884	0.11350	0.41485	0.01692	0.00347	0.00390	0.00892	0.00447	0.00409
5	0.00769	0.00565	0.00812	0.00812	0.00890	0.00643	0.00607	0.00926	0.00848	0.01208	0.01484	0.02367	0.01454	0.18185	0.65002	0.00800	0.01269	0.00613	0.00294	0.00451
6	0.07463	0.10429	0.25725	0.30058	0.02581	0.08956	0.04470	0.01605	0.01134	0.01548	0.00912	0.01190	0.00693	0.00515	0.00491	0.00164	0.00735	0.00411	0.00246	0.00675
7	0.01903	0.01931	0.01465	0.01250	0.01575	0.39608	0.00974	0.29346	0.07497	0.02190	0.01160	0.01230	0.00888	0.00605	0.00501	0.00149	0.00742	0.00426	0.05822	0.00738
8	0.01195	0.00922	0.00990	0.00861	0.01119	0.00951	0.00674	0.27728	0.07329	0.02217	0.06329	0.12516	0.32836	0.01085	0.00599	0.00178	0.00401	0.00902	0.00519	0.00647
9	0.01835	0.02780	0.01729	0.04724	0.36739	0.01072	0.01216	0.03485	0.01385	0.37251	0.01522	0.01553	0.01066	0.00569	0.00532	0.00162	0.00554	0.00503	0.00454	0.00869
10	0.01113	0.00954	0.01113	0.00795	0.01272	0.00716	0.00636	0.01352	0.01113	0.01749	0.00954	0.01113	0.00795	0.00398	0.00398	0.00080	0.00398	0.00318	0.00318	0.84417
11	0.00672	0.00545	0.00596	0.00583	0.00748	0.00469	0.00437	0.00843	0.01312	0.01660	0.26973	0.04820	0.55902	0.01281	0.00634	0.00178	0.00266	0.01084	0.00526	0.00469
12	0.01224	0.01286	0.01449	0.01480	0.12138	0.21601	0.08286	0.01445	0.01128	0.01382	0.01182	0.01631	0.01048	0.02254	0.39434	0.00505	0.01148	0.00506	0.00280	0.00593
13	0.01058	0.00861	0.00845	0.00858	0.00926	0.14849	0.00609	0.01007	0.00969	0.01158	0.01538	0.20439	0.01671	0.01552	0.01365	0.42645	0.00524	0.06430	0.00324	0.00372
14	0.00768	0.00530	0.00639	0.00627	0.00678	0.00512	0.00403	0.00872	0.01083	0.01494	0.31876	0.06291	0.03243	0.46659	0.01829	0.00371	0.00407	0.00881	0.00437	0.00401
15	0.00654	0.00467	0.00623	0.00747	0.00779	0.00436	0.00498	0.00747	0.01028	0.01370	0.02959	0.80785	0.03550	0.01682	0.00685	0.00218	0.00311	0.01526	0.00498	0.00436
16	0.01174	0.01053	0.01614	0.61081	0.03186	0.01303	0.01393	0.11866	0.01253	0.01647	0.00977	0.01386	0.00742	0.00591	0.00657	0.00182	0.08498	0.00477	0.00280	0.00640
17	0.03571	0.00689	0.00849	0.00760	0.01007	0.00611	0.00605	0.01493	0.01341	0.28426	0.10570	0.08752	0.29985	0.01100	0.00606	0.00183	0.00363	0.07901	0.00560	0.00626
18	0.00643	0.00509	0.00580	0.00636	0.00749	0.00445	0.00449	0.00760	0.01134	0.01414	0.04310	0.39571	0.43892	0.01506	0.00657	0.00198	0.00290	0.01312	0.00498	0.00445
19	0.77630	0.01041	0.00838	0.00735	0.01074	0.01188	0.00605	0.03399	0.00992	0.07337	0.00849	0.00944	0.00638	0.00512	0.00350	0.00166	0.00422	0.00311	0.00359	0.00611
20	0.00835	0.00565	0.00742	0.00688	0.00828	0.00519	0.00519	0.01087	0.01520	0.05644	0.74040	0.03909	0.04893	0.01078	0.00629	0.00169	0.00263	0.00951	0.00594	0.00525
21	0.00720	0.00499	0.00624	0.00697	0.00722	0.00483	0.00452	0.00785	0.00941	0.01251	0.02434	0.44297	0.02867	0.34093	0.01524	0.00343	0.00409	0.06037	0.00427	0.00395
22	0.01113	0.00954	0.01113	0.00795	0.01272	0.00716	0.00636	0.01352	0.01113	0.01749	0.00954	0.01113	0.00795	0.00398	0.00398	0.00080	0.00398	0.00318	0.00318	0.84417
23	0.00724	0.00555	0.00694	0.00718	0.00834	0.00549	0.00544	0.00872	0.01047	0.01352	0.03255	0.09024	0.30574	0.11673	0.25401	0.00445	0.00696	0.10181	0.00411	0.00450
24	0.01232	0.00999	0.01140	0.01076	0.04746	0.01092	0.00802	0.12357	0.36654	0.02297	0.22150	0.02709	0.05537	0.00861	0.00579	0.00177	0.00409	0.03907	0.00540	0.00736
25	0.01014	0.00954	0.01610	0.79845	0.03697	0.01193	0.01491	0.01371	0.01073	0.01371	0.00954	0.01431	0.00716	0.00537	0.00537	0.00179	0.00716	0.00477	0.00239	0.00596
26	0.01068	0.00925	0.01262	0.29578	0.02077	0.02361	0.00998	0.08665	0.01201	0.01630	0.01501	0.22525	0.01505	0.00862	0.00649	0.00174	0.06871	0.00727	0.00352	0.15070
27	0.35496	0.06422	0.08760	0.03557	0.01422	0.01186	0.00861	0.07394	0.04519	0.17270	0.01167	0.01205	0.00839	0.00544	0.00428	0.00157	0.00493	0.00387	0.00401	0.07489

[dist]
# distance from previous block
# <min> <max>
0	1

[block]
# block no. 4 follows, 45 sequences, length 131
# corresponding to MSA columns:
# 127-257
name=unknown_E
#
# <colnr> <probs for GDERKNQSTAVLIFYWHMCP>
#	G	D	E	R	K	N	Q	S	T	A	V	L	I	F	Y	W	H	M	C	P
0	0.03386	0.01125	0.01303	0.01055	0.05054	0.01041	0.00806	0.21377	0.05162	0.07159	0.01175	0.01254	0.00899	0.00503	0.00456	0.00118	0.00466	0.00397	0.00407	0.46859
1	0.54187	0.08011	0.01124	0.00818	0.01186	0.01238	0.00689	0.07917	0.01187	0.17711	0.01069	0.01099	0.00769	0.00541	0.00392	0.00161	0.00452	0.00357	0.00407	0.00685
2	0.02878	0.01645	0.27649	0.25340	0.13032	0.03264	0.01522	0.03472	0.04222	0.01704	0.06220	0.01658	0.01142	0.00603	0.00536	0.00173	0.00677	0.03261	0.00294	0.00707
3	0.01852	0.00997	0.01194	0.00987	0.01326	0.01010	0.00782	0.06066	0.29448	0.39733	0.02066	0.02012	0.01478	0.07651	0.00732	0.00202	0.00457	0.00583	0.00585	0.00839
4	0.01351	0.01102	0.03541	0.06432	0.38244	0.01047	0.07717	0.01649	0.01281	0.13593	0.08738	0.07182	0.01581	0.00687	0.00569	0.00172	0.00576	0.03397	0.00381	0.00760
5	0.00781	0.00520	0.00585	0.00585	0.00585	0.00520	0.00325	0.00781	0.00781	0.01041	0.01691	0.03513	0.01952	0.81135	0.02732	0.00520	0.00520	0.00781	0.00325	0.00325
6	0.01365	0.01233	0.16739	0.07817	0.01604	0.00947	0.01040	0.01755	0.07030	0.22902	0.11538	0.04404	0.10750	0.00816	0.00667	0.00179	0.07390	0.00656	0.00460	0.00710
7	0.00795	0.00537	0.00660	0.00721	0.00835	0.00496	0.00542	0.00950	0.01149	0.04569	0.03435	0.35216	0.22796	0.01407	0.00644	0.00202	0.00335	0.14967	0.09267	0.00477
8	0.08600	0.01624	0.01527	0.04383	0.01696	0.29083	0.07408	0.09860	0.01542	0.27093	0.01324	0.01338	0.00928	0.00586	0.00511	0.00157	0.00700	0.00450	0.00434	0.00753
9	0.05266	0.01475	0.01567	0.01210	0.01632	0.01637	0.00998	0.71004	0.04573	0.03313	0.01293	0.01293	0.00921	0.00641	0.00529	0.00162	0.00579	0.00479	0.00529	0.00898
10	0.01399	0.00840	0.01033	0.00807	0.01182	0.00677	0.00640	0.01603	0.01256	0.24800	0.03863	0.09220	0.10177	0.00725	0.00500	0.00132	0.00390	0.00606	0.00467	0.39684
11	0.02121	0.01079	0.01319	0.01009	0.01428	0.01026	0.00830	0.23691	0.01770	0.46590	0.01847	0.01687	0.03195	0.00650	0.00527	0.00156	0.00485	0.00517	0.00587	0.09487
12	0.00820	0.00566	0.00716	0.00773	0.00831	0.00566	0.00577	0.00935	0.00992	0.01304	0.02227	0.04696	0.02481	0.44050	0.01805	0.00393	0.00508	0.34951	0.00404	0.00404
13	0.13719	0.00735	0.00838	0.00746	0.00971	0.00720	0.00575	0.01502	0.06802	0.17416	0.29005	0.05250	0.12418	0.06139	0.00701	0.00195	0.00353	0.00779	0.00532	0.00605
14	0.00767	0.00575	0.00863	0.00863	0.00959	0.00671	0.00671	0.00959	0.00863	0.01246	0.01438	0.02109	0.01342	0.04026	0.79008	0.00863	0.01438	0.00575	0.00288	0.00479
15	0.01644	0.01121	0.01188	0.00955	0.01268	0.01221	0.00774	0.47499	0.01991	0.02856	0.01465	0.01560	0.01089	0.00637	0.00475	0.00147	0.00461	0.00490	0.32402	0.00756
16	0.06649	0.00632	0.00780	0.00713	0.00891	0.00589	0.00540	0.01257	0.01392	0.14052	0.46244	0.08949	0.09670	0.04431	0.00691	0.00188	0.00313	0.00901	0.00560	0.00559
17	0.00942	0.00593	0.00766	0.00733	0.00872	0.00554	0.00547	0.01173	0.03191	0.10138	0.44060	0.14599	0.06040	0.08080	0.00816	0.00211	0.00325	0.05276	0.00554	0.00531
18	0.00797	0.00555	0.00629	0.00624	0.00659	0.00556	0.00378	0.00908	0.04851	0.01228	0.08473	0.06297	0.05282	0.63981	0.02279	0.00448	0.00475	0.00829	0.00373	0.00377
19	0.00775	0.00520	0.00596	0.00601	0.00605	0.00522	0.00343	0.00785	0.00793	0.01060	0.01731	0.06382	0.01992	0.75615	0.05150	0.00520	0.00543	0.00802	0.00331	0.00334
20	0.00779	0.00601	0.00724	0.00741	0.00876	0.00578	0.00558	0.01101	0.09399	0.01751	0.26459	0.22725	0.21047	0.01302	0.00648	0.00194	0.00317	0.09157	0.00532	0.00513
21	0.00763	0.00518	0.00670	0.00744	0.00812	0.00492	0.00513	0.00935	0.03805	0.03930	0.12094	0.61228	0.03481	0.03126	0.00699	0.00211	0.00315	0.01337	0.03853	0.00475
22	0.00663	0.00476	0.00629	0.00736	0.00779	0.00443	0.00497	0.00771	0.01075	0.01440	0.09470	0.72297	0.05487	0.01623	0.00679	0.00213	0.00305	0.01468	0.00506	0.00443
23	0.01702	0.01092	0.01253	0.01067	0.01405	0.01168	0.00861	0.14229	0.36951	0.23528	0.02086	0.02221	0.01573	0.00768	0.00561	0.00180	0.00467	0.07472	0.00573	0.00844
24	0.00947	0.00587	0.00673	0.00634	0.00795	0.00545	0.00475	0.03459	0.01311	0.07612	0.23296	0.07558	0.22901	0.05140	0.00669	0.00181	0.00300	0.00867	0.21528	0.00521
25	0.00768	0.00570	0.00839	0.00839	0.00926	0.00658	0.00641	0.00943	0.00856	0.01228	0.01460	0.02230	0.01394	0.10658	0.72447	0.00833	0.01359	0.00593	0.00291	0.00466
26	0.00837	0.00626	0.00751	0.00697	0.00858	0.00591	0.00528	0.07434	0.01516	0.02063	0.51025	0.07719	0.21039	0.01146	0.00628	0.00173	0.00289	0.00992	0.00561	0.00526
27	0.25392	0.00950	0.01051	0.00874	0.01193	0.00977	0.02459	0.11437	0.04527	0.21831	0.13387	0.04018	0.08229	0.00762	0.00509	0.00169	0.00421	0.00607	0.00509	0.00698
28	0.00771	0.00558	0.00776	0.00776	0.00842	0.00624	0.00563	0.00903	0.00837	0.01182	0.01517	0.02547	0.01532	0.28082	0.55212	0.00756	0.01152	0.00639	0.00299	0.00431
29	0.00701	0.00546	0.00637	0.00614	0.00766	0.00482	0.00461	0.00900	0.01382	0.01826	0.43951	0.04548	0.38821	0.01219	0.00634	0.00175	0.00262	0.01046	0.00548	0.00482
30	0.01760	0.00807	0.01059	0.00915	0.01203	0.00745	0.00720	0.02078	0.09443	0.46343	0.02380	0.23397	0.02030	0.00978	0.00587	0.00185	0.00415	0.03592	0.00600	0.00761
31	0.01344	0.01439	0.01229	0.01368	0.12053	0.31461	0.00911	0.01511	0.01305	0.03262	0.02073	0.20090	0.09697	0.00988	0.00582	0.00177	0.00635	0.08908	0.00382	0.00587
32	0.01827	0.09089	0.01658	0.01356	0.02944	0.55985	0.03988	0.08307	0.01521	0.01514	0.01018	0.06365	0.00910	0.00623	0.00497	0.00146	0.00849	0.00445	0.00309	0.00648
33	0.01014	0.00954	0.01610	0.79845	0.03697	0.01193	0.01491	0.01371	0.01073	0.01371	0.00954	0.01431	0.00716	0.00537	0.00537	0.00179	0.00716	0.00477	0.00239	0.00596
34	0.00639	0.00544	0.00550	0.00548	0.00728	0.00455	0.00411	0.00779	0.01234	0.01475	0.08007	0.05125	0.74984	0.01350	0.00634	0.00181	0.00271	0.01127	0.00502	0.00455
35	0.03412	0.07066	0.22579	0.05369	0.01695	0.01339	0.01267	0.04863	0.02700	0.03146	0.07736	0.01729	0.03266	0.00779	0.00944	0.00192	0.27500	0.03443	0.00312	0.00664
36	0.00698	0.00556	0.00573	0.00562	0.00749	0.00466	0.00424	0.00840	0.01244	0.04040	0.07779	0.05015	0.72551	0.01327	0.00631	0.00180	0.00277	0.01108	0.00507	0.00470
37	0.00760	0.00549	0.00718	0.00675	0.00802	0.00506	0.00506	0.01013	0.01519	0.02153	0.77503	0.04010	0.05065	0.01097	0.00633	0.00169	0.00253	0.00971	0.00591	0.00506
38	0.01107	0.01010	0.01529	0.61582	0.03171	0.01235	0.01347	0.03681	0.16646	0.01605	0.01215	0.01545	0.00910	0.00579	0.00539	0.00179	0.00653	0.00504	0.00310	0.00657
39	0.01712	0.01340	0.01426	0.01169	0.01539	0.01511	0.00941	0.41942	0.37113	0.02853	0.01706	0.01621	0.01251	0.00683	0.00541	0.00171	0.00513	0.00541	0.00541	0.00883
40	0.00654	0.00467	0.00623	0.00747	0.00779	0.00436	0.00498	0.00747	0.01028	0.01370	0.02959	0.80785	0.03550	0.01682	0.00685	0.00218	0.00311	0.01526	0.00498	0.00436
41	0.01592	0.02096	0.37341	0.01372	0.01971	0.01470	0.01469	0.41406	0.01876	0.02599	0.01137	0.01216	0.00804	0.00582	0.00524	0.00165	0.00685	0.00443	0.00393	0.00857
42	0.84927	0.01038	0.00789	0.00706	0.01038	0.01204	0.00581	0.01578	0.00914	0.02408	0.00747	0.00872	0.00581	0.00498	0.00332	0.00166	0.00415	0.00291	0.00332	0.00581
43	0.01067	0.00954	0.01344	0.37599	0.02401	0.00938	0.01034	0.01361	0.01095	0.01573	0.00954	0.01261	0.00758	0.00462	0.00462	0.00126	0.00546	0.00392	0.00281	0.45391
44	0.00781	0.00520	0.00585	0.00585	0.00585	0.00520	0.00325	0.00781	0.00781	0.01041	0.01691	0.03513	0.01952	0.81135	0.02732	0.00520	0.00520	0.00781	0.00325	0.00325
45	0.01077	0.02777	0.78354	0.01530	0.02323	0.01247	0.01983	0.01700	0.01133	0.01700	0.00963	0.01133	0.00680	0.00510	0.00510	0.00170	0.00793	0.00397	0.00227	0.00793
46	0.01077	0.02777	0.78354	0.01530	0.02323	0.01247	0.01983	0.01700	0.01133	0.01700	0.00963	0.01133	0.00680	0.00510	0.00510	0.00170	0.00793	0.00397	0.00227	0.00793
47	0.02332	0.01036	0.01322	0.01013	0.01431	0.00971	0.00837	0.17843	0.01741	0.62642	0.01946	0.01715	0.01242	0.00660	0.00539	0.00165	0.00485	0.00528	0.00638	0.00913
48	0.00760	0.00549	0.00718	0.00675	0.00802	0.00506	0.00506	0.01013	0.01519	0.02153	0.77503	0.04010	0.05065	0.01097	0.00633	0.00169	0.00253	0.00971	0.00591	0.00506
49	0.00634	0.00544	0.00544	0.00544	0.00725	0.00453	0.00408	0.00770	0.01224	0.01450	0.05438	0.05166	0.77569	0.01359	0.00634	0.00181	0.00272	0.01133	0.00498	0.00453
50	0.02408	0.00914	0.01246	0.00955	0.01370	0.00789	0.00789	0.02616	0.01536	0.78158	0.02118	0.01827	0.01329	0.00664	0.00540	0.00166	0.00457	0.00540	0.00664	0.00914
51	0.00767	0.00575	0.00863	0.00863	0.00959	0.00671	0.00671	0.00959	0.00863	0.01246	0.01438	0.02109	0.01342	0.04026	0.79008	0.00863	0.01438	0.00575	0.00288	0.00479
52	0.00654	0.00467	0.00623	0.00747	0.00779	0.00436	0.00498	0.00747	0.01028	0.01370	0.02959	0.80785	0.03550	0.01682	0.00685	0.00218	0.00311	0.01526	0.00498	0.00436
53	0.00781	0.00520	0.00585	0.00585	0.00585	0.00520	0.00325	0.00781	0.00781	0.01041	0.01691	0.03513	0.01952	0.81135	0.02732	0.00520	0.00520	0.00781	0.00325	0.00325
54	0.00645	0.00503	0.00586	0.00653	0.00754	0.00444	0.00456	0.00758	0.01119	0.01407	0.04113	0.45578	0.38012	0.01532	0.00662	0.00201	0.00293	0.01343	0.00498	0.00444
55	0.00760	0.00549	0.00718	0.00675	0.00802	0.00506	0.00506	0.01013	0.01519	0.02153	0.77503	0.04010	0.05065	0.01097	0.00633	0.00169	0.00253	0.00971	0.00591	0.00506
56	0.02005	0.02558	0.01521	0.01383	0.01659	0.78980	0.01037	0.02143	0.01521	0.01314	0.00830	0.00968	0.00691	0.00553	0.00484	0.00138	0.00968	0.00346	0.00277	0.00622
57	0.00636	0.00537	0.00551	0.00561	0.00730	0.00452	0.00416	0.00768	0.01207	0.01443	0.05223	0.11710	0.71163	0.01387	0.00639	0.00184	0.00275	0.01167	0.00498	0.00452
58	0.00654	0.00467	0.00623	0.00747	0.00779	0.00436	0.00498	0.00747	0.01028	0.01370	0.02959	0.80785	0.03550	0.01682	0.00685	0.00218	0.00311	0.01526	0.00498	0.00436
59	0.01113	0.00954	0.01113	0.00795	0.01272	0.00716	0.00636	0.01352	0.01113	0.01749	0.00954	0.01113	0.00795	0.00398	0.00398	0.00080	0.00398	0.00318	0.00318	0.84417
60	0.00662	0.00532	0.00592	0.00620	0.00762	0.00463	0.00458	0.00805	0.01212	0.01508	0.11680	0.20786	0.51702	0.01407	0.00650	0.00191	0.00289	0.04717	0.00507	0.00457
61	0.00713	0.00527	0.00655	0.00735	0.00820	0.00492	0.00541	0.00841	0.01093	0.01405	0.03376	0.36199	0.21015	0.11019	0.00930	0.00252	0.00369	0.18102	0.00477	0.00440
62	0.00675	0.00556	0.00597	0.00609	0.00767	0.00490	0.00448	0.00868	0.04233	0.01522	0.10391	0.17447	0.56779	0.01368	0.00639	0.00186	0.00283	0.01164	0.00507	0.00470
63	0.00650	0.00544	0.00566	0.00560	0.00735	0.00460	0.00420	0.00801	0.01261	0.01539	0.14553	0.05020	0.68398	0.01326	0.00634	0.00180	0.00270	0.01112	0.00510	0.00460
64	0.01113	0.00954	0.01113	0.00795	0.01272	0.00716	0.00636	0.01352	0.01113	0.01749	0.00954	0.01113	0.00795	0.00398	0.00398	0.00080	0.00398	0.00318	0.00318	0.84417
65	0.00645	0.00502	0.00587	0.00654	0.00754	0.00444	0.00457	0.00758	0.01117	0.01407	0.04094	0.46163	0.37439	0.01534	0.00662	0.00201	0.00293	0.01346	0.00498	0.00444
66	0.00760	0.00545	0.00743	0.00864	0.00946	0.00528	0.00681	0.00932	0.01138	0.01492	0.02966	0.40982	0.05299	0.01573	0.00712	0.00232	0.00403	0.38241	0.00496	0.00466
67	0.00932	0.00466	0.00699	0.00699	0.00699	0.00466	0.00466	0.00699	0.00699	0.00932	0.00932	0.01632	0.00932	0.01865	0.02098	0.84382	0.00466	0.00466	0.00233	0.00233
68	0.00866	0.00563	0.00818	0.00809	0.00878	0.00623	0.00599	0.03313	0.00860	0.01202	0.01289	0.03549	0.01239	0.04650	0.45848	0.30633	0.01022	0.00557	0.00281	0.00402
69	0.01077	0.02777	0.78354	0.01530	0.02323	0.01247	0.01983	0.01700	0.01133	0.01700	0.00963	0.01133	0.00680	0.00510	0.00510	0.00170	0.00793	0.00397	0.00227	0.00793
70	0.01903	0.01129	0.01307	0.01067	0.01440	0.01186	0.00860	0.17622	0.31925	0.32522	0.01976	0.01788	0.01369	0.00686	0.00542	0.00171	0.00471	0.00555	0.00591	0.00888
71	0.01031	0.00972	0.01641	0.75615	0.07791	0.01197	0.01499	0.01387	0.01082	0.01393	0.00957	0.01425	0.00723	0.00533	0.00536	0.00178	0.00711	0.00477	0.00240	0.00610
72	0.01329	0.01275	0.02179	0.03295	0.77787	0.01275	0.01647	0.01647	0.01222	0.01754	0.01010	0.01329	0.00850	0.00478	0.00531	0.00159	0.00638	0.00478	0.00266	0.00850
73	0.00687	0.00546	0.00617	0.00599	0.00757	0.00476	0.00449	0.00872	0.01348	0.01744	0.35633	0.04682	0.47190	0.01250	0.00634	0.00176	0.00264	0.01065	0.00537	0.00476
74	0.01905	0.00832	0.01068	0.00856	0.01183	0.00758	0.00694	0.07070	0.01530	0.49393	0.12237	0.02181	0.03364	0.00729	0.00528	0.00160	0.00402	0.00600	0.13727	0.00784
75	0.05456	0.01248	0.01697	0.17982	0.16270	0.04230	0.07628	0.23381	0.04604	0.02188	0.05277	0.03209	0.03188	0.00631	0.00543	0.00169	0.00620	0.00549	0.00383	0.00746
76	0.00675	0.00496	0.00634	0.00704	0.00777	0.00454	0.00488	0.00811	0.01165	0.01558	0.20160	0.53241	0.13850	0.01506	0.00667	0.00202	0.00293	0.01347	0.00519	0.00454
77	0.00762	0.00513	0.00650	0.00676	0.00723	0.00493	0.00452	0.00832	0.01033	0.01399	0.19224	0.22409	0.05010	0.28758	0.01535	0.09812	0.00395	0.04500	0.00430	0.00394
78	0.02005	0.02558	0.01521	0.01383	0.01659	0.78980	0.01037	0.02143	0.01521	0.01314	0.00830	0.00968	0.00691	0.00553	0.00484	0.00138	0.00968	0.00346	0.00277	0.00622
79	0.22401	0.44139	0.02148	0.02876	0.01479	0.04680	0.05885	0.08060	0.01198	0.01768	0.00824	0.00958	0.00690	0.00490	0.00387	0.00139	0.00576	0.00335	0.00287	0.00679
80	0.00932	0.00466	0.00699	0.00699	0.00699	0.00466	0.00466	0.00699	0.00699	0.00932	0.00932	0.01632	0.00932	0.01865	0.02098	0.84382	0.00466	0.00466	0.00233	0.00233
81	0.01322	0.43903	0.01948	0.00874	0.01224	0.01504	0.00791	0.07936	0.03208	0.05416	0.22721	0.01965	0.03828	0.00694	0.00464	0.00140	0.00468	0.00537	0.00393	0.00666
82	0.01484	0.74630	0.02701	0.00959	0.01402	0.08775	0.00929	0.01654	0.01128	0.01267	0.00753	0.00870	0.00689	0.00467	0.00357	0.00117	0.00608	0.00292	0.00234	0.00683
83	0.00781	0.00520	0.00585	0.00585	0.00585	0.00520	0.00325	0.00781	0.00781	0.01041	0.01691	0.03513	0.01952	0.81135	0.02732	0.00520	0.00520	0.00781	0.00325	0.00325
84	0.01077	0.02777	0.78354	0.01530	0.02323	0.01247	0.01983	0.01700	0.01133	0.01700	0.00963	0.01133	0.00680	0.00510	0.00510	0.00170	0.00793	0.00397	0.00227	0.00793
85	0.00989	0.00734	0.00837	0.00772	0.00979	0.00734	0.00591	0.01546	0.21829	0.07064	0.30455	0.05099	0.24154	0.01053	0.00605	0.00177	0.00320	0.00899	0.00556	0.00610
86	0.00718	0.00510	0.00649	0.00703	0.00790	0.00464	0.00493	0.00861	0.01193	0.03339	0.22055	0.48064	0.15250	0.01462	0.00661	0.00199	0.00294	0.01303	0.00525	0.00467
87	0.00767	0.00575	0.00863	0.00863	0.00959	0.00671	0.00671	0.00959	0.00863	0.01246	0.01438	0.02109	0.01342	0.04026	0.79008	0.00863	0.01438	0.00575	0.00288	0.00479
88	0.00874	0.00737	0.01181	0.26251	0.01884	0.00871	0.03750	0.01111	0.00938	0.01287	0.01276	0.01969	0.01161	0.09381	0.42692	0.00575	0.02711	0.00561	0.00273	0.00515
89	0.01278	0.01471	0.07970	0.02621	0.32502	0.01317	0.41319	0.01690	0.01240	0.01732	0.01047	0.01379	0.00819	0.00467	0.00584	0.00172	0.00791	0.00556	0.00266	0.00779
90	0.00961	0.00827	0.00856	0.00799	0.01037	0.00864	0.00614	0.01740	0.36418	0.01820	0.03923	0.03693	0.42217	0.01066	0.00593	0.00182	0.00343	0.00888	0.00521	0.00638
91	0.01971	0.01323	0.01470	0.01141	0.01539	0.01424	0.00937	0.56767	0.03841	0.14676	0.08030	0.01621	0.01351	0.00688	0.00546	0.00163	0.00538	0.00537	0.00561	0.00876
92	0.84927	0.01038	0.00789	0.00706	0.01038	0.01204	0.00581	0.01578	0.00914	0.02408	0.00747	0.00872	0.00581	0.00498	0.00332	0.00166	0.00415	0.00291	0.00332	0.00581
93	0.01127	0.01100	0.01677	0.31303	0.08886	0.01441	0.01335	0.01353	0.00952	0.01362	0.00826	0.01285	0.00721	0.00747	0.01191	0.00207	0.43161	0.00473	0.00239	0.00613
94	0.01968	0.01579	0.13261	0.01223	0.01706	0.01423	0.01121	0.49786	0.02111	0.18268	0.01407	0.01374	0.00962	0.00628	0.00533	0.00163	0.00595	0.00481	0.00515	0.00895
95	0.00675	0.00485	0.00641	0.00736	0.00788	0.00452	0.00505	0.00798	0.01115	0.01502	0.14899	0.65112	0.05575	0.01577	0.00677	0.00210	0.00305	0.02986	0.00513	0.00449
96	0.01163	0.01617	0.27660	0.01179	0.01767	0.00955	0.07609	0.01550	0.01149	0.04612	0.01013	0.01176	0.00778	0.00451	0.00462	0.00122	0.00579	0.00381	0.00296	0.45482
97	0.00663	0.00474	0.00631	0.00741	0.00781	0.00442	0.00499	0.00770	0.01070	0.01438	0.09409	0.74141	0.03681	0.01631	0.00681	0.00214	0.00306	0.01478	0.00506	0.00442
98	0.01576	0.08653	0.01808	0.15634	0.18769	0.30889	0.01250	0.06745	0.01358	0.01554	0.00906	0.01156	0.00746	0.00558	0.00584	0.00156	0.06277	0.00411	0.00278	0.00691
99	0.00662	0.00473	0.00618	0.00732	0.00764	0.00442	0.00484	0.00750	0.01016	0.01350	0.02934	0.73771	0.05236	0.07003	0.00821	0.00237	0.00324	0.01466	0.00487	0.00429
100	0.01047	0.00982	0.01653	0.68203	0.12820	0.01185	0.01479	0.01390	0.01084	0.01410	0.00981	0.01474	0.00766	0.02695	0.00595	0.00186	0.00701	0.00485	0.00244	0.00621
101	0.01237	0.01232	0.01942	0.26539	0.02565	0.04226	0.23742	0.02011	0.27002	0.01773	0.01409	0.01614	0.01060	0.00577	0.00567	0.00179	0.00683	0.00564	0.00355	0.00722
102	0.01289	0.01231	0.02072	0.08272	0.68827	0.01249	0.01583	0.01636	0.03137	0.01733	0.01155	0.01456	0.02924	0.00512	0.00535	0.00162	0.00628	0.00499	0.00277	0.00823
103	0.02206	0.01031	0.01293	0.01014	0.01416	0.00990	0.00830	0.13078	0.12190	0.56929	0.02009	0.01775	0.01313	0.00670	0.00540	0.00168	0.00471	0.00541	0.00630	0.00905
104	0.00919	0.00813	0.01325	0.03238	0.01412	0.00797	0.17494	0.01313	0.09778	0.01751	0.19589	0.24344	0.06571	0.01101	0.00644	0.00194	0.00468	0.07208	0.00467	0.00574
105	0.00838	0.00660	0.00792	0.00806	0.00929	0.03722	0.00607	0.01078	0.05084	0.03059	0.13117	0.22134	0.13183	0.02136	0.24346	0.00397	0.00685	0.05480	0.00444	0.00504
106	0.00661	0.00545	0.00580	0.00571	0.00741	0.00464	0.00429	0.00821	0.01286	0.01597	0.20538	0.04924	0.62376	0.01305	0.00634	0.00179	0.00268	0.01099	0.00518	0.00464
107	0.02255	0.00963	0.01255	0.00975	0.01374	0.00882	0.00801	0.08915	0.05562	0.64678	0.05061	0.01877	0.01458	0.00683	0.00544	0.00167	0.00459	0.00556	0.00644	0.00894
108	0.00792	0.00611	0.00688	0.00659	0.00835	0.00564	0.00497	0.01100	0.08643	0.03817	0.28571	0.07411	0.41427	0.01207	0.00625	0.00178	0.00287	0.01029	0.00538	0.00521
109	0.03219	0.00551	0.00698	0.00720	0.00834	0.00509	0.00517	0.01002	0.01235	0.07722	0.25828	0.41180	0.11247	0.01357	0.00643	0.00194	0.00304	0.01204	0.00535	0.00501
110	0.00654	0.00467	0.00623	0.00747	0.00779	0.00436	0.00498	0.00747	0.01028	0.01370	0.02959	0.80785	0.03550	0.01682	0.00685	0.00218	0.00311	0.01526	0.00498	0.00436
111	0.01113	0.00954	0.01113	0.00795	0.01272	0.00716	0.00636	0.01352	0.01113	0.01749	0.00954	0.01113	0.00795	0.00398	0.00398	0.00080	0.00398	0.00318	0.00318	0.84417
112	0.00653	0.00537	0.00574	0.00580	0.00740	0.00459	0.00429	0.00800	0.01244	0.01535	0.14692	0.12155	0.61033	0.01355	0.00639	0.00183	0.00273	0.01149	0.00511	0.00459
113	0.00653	0.00469	0.00621	0.00742	0.00777	0.00436	0.00496	0.00748	0.01033	0.01373	0.03029	0.78635	0.05655	0.01673	0.00684	0.00217	0.00310	0.01515	0.00498	0.00436
114	0.01787	0.01177	0.01275	0.01009	0.01354	0.01270	0.00823	0.49147	0.02055	0.09475	0.01487	0.01531	0.01076	0.00641	0.00493	0.00152	0.00486	0.00493	0.23470	0.00800
115	0.01220	0.00887	0.00980	0.00831	0.01078	0.00912	0.00657	0.28040	0.01778	0.02431	0.26714	0.03064	0.18628	0.00940	0.00572	0.00164	0.00379	0.00780	0.09304	0.00641
116	0.08019	0.00545	0.00661	0.00731	0.00821	0.00522	0.00510	0.00910	0.01087	0.04418	0.08121	0.59556	0.09179	0.01475	0.00641	0.00205	0.00319	0.01312	0.00497	0.00473
117	0.02065	0.01464	0.01586	0.01216	0.01645	0.01606	0.01005	0.71075	0.02458	0.08398	0.01344	0.01325	0.00941	0.00646	0.00537	0.00161	0.00582	0.00487	0.00546	0.00913
118	0.00760	0.00549	0.00718	0.00675	0.00802	0.00506	0.00506	0.01013	0.01519	0.02153	0.77503	0.04010	0.05065	0.01097	0.00633	0.00169	0.00253	0.00971	0.00591	0.00506
119	0.01143	0.00640	0.00802	0.00709	0.00924	0.00563	0.00550	0.01351	0.01440	0.21249	0.37926	0.03784	0.24680	0.01062	0.00610	0.00172	0.00310	0.00907	0.00583	0.00595
120	0.00641	0.00537	0.00558	0.00567	0.00733	0.00454	0.00420	0.00778	0.01218	0.01471	0.08102	0.11664	0.68267	0.01377	0.00639	0.00184	0.00275	0.01160	0.00502	0.00454
121	0.01288	0.01112	0.01169	0.01056	0.01351	0.01276	0.00820	0.02713	0.71771	0.02192	0.02402	0.02214	0.06707	0.00770	0.00552	0.00182	0.00415	0.00642	0.00543	0.00823
122	0.01174	0.01174	0.01644	0.01409	0.01409	0.01644	0.01174	0.01292	0.00822	0.01292	0.00705	0.01174	0.00705	0.00940	0.01762	0.00235	0.80153	0.00470	0.00235	0.00587
123	0.00747	0.00558	0.00676	0.00654	0.00805	0.00508	0.00497	0.00947	0.01337	0.03326	0.38486	0.04321	0.33563	0.01458	0.07417	0.00236	0.00374	0.03074	0.00526	0.00491
124	0.01285	0.01101	0.01171	0.01056	0.01344	0.01263	0.00820	0.02693	0.70301	0.02237	0.08703	0.02176	0.01935	0.00760	0.00554	0.00181	0.00410	0.00638	0.00550	0.00820
125	0.00845	0.00611	0.00837	0.00950	0.01079	0.00604	0.00825	0.01083	0.01235	0.01593	0.03067	0.05978	0.09535	0.01472	0.00732	0.00241	0.00475	0.67853	0.00495	0.00491
126	0.01579	0.00985	0.01237	0.01136	0.07857	0.00989	0.00826	0.24120	0.01801	0.20120	0.30346	0.02448	0.02578	0.00806	0.00574	0.00165	0.00436	0.00681	0.00563	0.00754
127	0.01383	0.64423	0.10564	0.01009	0.01479	0.01953	0.01030	0.01718	0.07642	0.01394	0.00893	0.00996	0.00770	0.00499	0.00412	0.00129	0.02408	0.00330	0.00257	0.00711
128	0.00771	0.00701	0.07326	0.00713	0.00790	0.00559	0.00518	0.00851	0.00881	0.01191	0.01986	0.25098	0.02292	0.51751	0.01963	0.00405	0.00485	0.00958	0.00366	0.00397
129	0.01524	0.10767	0.02223	0.05695	0.17487	0.24885	0.21057	0.04745	0.01349	0.01592	0.01007	0.03337	0.00843	0.00534	0.00528	0.00156	0.00795	0.00486	0.00282	0.00709
130	0.00671	0.00500	0.00614	0.00686	0.00762	0.00456	0.00473	0.00786	0.01106	0.01440	0.09926	0.49028	0.21572	0.06858	0.00806	0.00226	0.00315	0.02842	0.00495	0.00440

[dist]
# distance from previous block
# <min> <max>
0	7

[block]
# block no. 5 follows, 45 sequences, length 33
# corresponding to MSA columns:
# 265-297
name=unknown_F
#
# <colnr> <probs for GDERKNQSTAVLIFYWHMCP>
#	G	D	E	R	K	N	Q	S	T	A	V	L	I	F	Y	W	H	M	C	P
0	0.01151	0.01198	0.00946	0.00924	0.01089	0.25295	0.00676	0.04671	0.01338	0.01536	0.09955	0.29847	0.16978	0.01159	0.00600	0.00178	0.00518	0.00976	0.00439	0.00527
1	0.01259	0.01425	0.03039	0.02191	0.02688	0.01382	0.69551	0.01683	0.01230	0.01683	0.01054	0.01425	0.00805	0.00493	0.00728	0.00186	0.07577	0.00620	0.00268	0.00712
2	0.00754	0.00548	0.00710	0.00670	0.00799	0.00504	0.00502	0.01003	0.01507	0.02123	0.74492	0.04058	0.08094	0.01108	0.00633	0.00169	0.00254	0.00978	0.00587	0.00504
3	0.00695	0.00550	0.00628	0.00620	0.00777	0.00483	0.00472	0.00881	0.01335	0.01722	0.32216	0.04787	0.46013	0.01269	0.00640	0.00181	0.00278	0.05444	0.00533	0.00476
4	0.01113	0.00954	0.01113	0.00795	0.01272	0.00716	0.00636	0.01352	0.01113	0.01749	0.00954	0.01113	0.00795	0.00398	0.00398	0.00080	0.00398	0.00318	0.00318	0.84417
5	0.00767	0.00575	0.00863	0.00863	0.00959	0.00671	0.00671	0.00959	0.00863	0.01246	0.01438	0.02109	0.01342	0.04026	0.79008	0.00863	0.01438	0.00575	0.00288	0.00479
6	0.01001	0.00500	0.00500	0.00500	0.00625	0.00500	0.00375	0.01251	0.01126	0.02001	0.01751	0.02001	0.01376	0.00625	0.00375	0.00125	0.00250	0.00500	0.84115	0.00500
7	0.00666	0.00547	0.00595	0.00587	0.00753	0.00476	0.00442	0.00827	0.01257	0.01569	0.18677	0.04767	0.59446	0.01470	0.05325	0.00220	0.00338	0.01069	0.00503	0.00465
8	0.00654	0.00467	0.00623	0.00747	0.00779	0.00436	0.00498	0.00747	0.01028	0.01370	0.02959	0.80785	0.03550	0.01682	0.00685	0.00218	0.00311	0.01526	0.00498	0.00436
9	0.01435	0.81458	0.02813	0.00918	0.01378	0.02124	0.00918	0.01607	0.01091	0.01263	0.00746	0.00861	0.00689	0.00459	0.00344	0.00115	0.00574	0.00287	0.00230	0.00689
10	0.01720	0.01907	0.01394	0.01252	0.01547	0.42096	0.00956	0.05912	0.33819	0.01810	0.01432	0.01426	0.01108	0.00632	0.00513	0.00158	0.00718	0.00464	0.00404	0.00733
11	0.00649	0.00488	0.00602	0.00693	0.00764	0.00441	0.00474	0.00754	0.01080	0.01392	0.03624	0.60480	0.23425	0.01595	0.00672	0.00208	0.00301	0.01420	0.00498	0.00441
12	0.01388	0.01179	0.01244	0.01103	0.01416	0.01360	0.00862	0.08340	0.71243	0.02331	0.02118	0.01949	0.01584	0.00722	0.00546	0.00180	0.00437	0.00598	0.00546	0.00854
13	0.01628	0.00753	0.01064	0.00911	0.01175	0.00733	0.00733	0.01828	0.01216	0.41607	0.01795	0.01961	0.01335	0.02262	0.37831	0.00497	0.00923	0.00557	0.00485	0.00707
14	0.00865	0.00618	0.00865	0.00989	0.01112	0.00618	0.00865	0.01112	0.01236	0.01606	0.02842	0.06055	0.03089	0.01483	0.00741	0.00247	0.00494	0.74174	0.00494	0.00494
15	0.00754	0.00539	0.00738	0.00862	0.00937	0.00522	0.00673	0.00921	0.01127	0.01483	0.02903	0.45270	0.03331	0.01587	0.00712	0.00232	0.00398	0.36051	0.00496	0.00464
16	0.84927	0.01038	0.00789	0.00706	0.01038	0.01204	0.00581	0.01578	0.00914	0.02408	0.00747	0.00872	0.00581	0.00498	0.00332	0.00166	0.00415	0.00291	0.00332	0.00581
17	0.38169	0.00968	0.01048	0.00847	0.01226	0.00969	0.00699	0.02166	0.01266	0.45331	0.01524	0.01413	0.01005	0.00592	0.00450	0.00166	0.00439	0.00432	0.00520	0.00770
18	0.00854	0.00518	0.00777	0.00777	0.00823	0.00564	0.00564	0.00823	0.00777	0.01081	0.01173	0.01858	0.01127	0.02892	0.38649	0.44690	0.00928	0.00518	0.00259	0.00350
19	0.00932	0.00466	0.00699	0.00699	0.00699	0.00466	0.00466	0.00699	0.00699	0.00932	0.00932	0.01632	0.00932	0.01865	0.02098	0.84382	0.00466	0.00466	0.00233	0.00233
20	0.00773	0.00550	0.00734	0.00734	0.00785	0.00601	0.00510	0.00876	0.00825	0.01151	0.01556	0.02761	0.01625	0.39828	0.43593	0.00704	0.01012	0.00671	0.00305	0.00408
21	0.00694	0.00511	0.00660	0.00763	0.00839	0.00477	0.00559	0.00827	0.01104	0.01433	0.03353	0.52546	0.15960	0.01586	0.00688	0.00218	0.00343	0.16492	0.00497	0.00451
22	0.01235	0.00774	0.00875	0.00774	0.01040	0.00739	0.00605	0.01708	0.18612	0.20547	0.05791	0.03589	0.39480	0.01037	0.00591	0.00177	0.00352	0.00862	0.00553	0.00659
23	0.01001	0.00500	0.00500	0.00500	0.00625	0.00500	0.00375	0.01251	0.01126	0.02001	0.01751	0.02001	0.01376	0.00625	0.00375	0.00125	0.00250	0.00500	0.84115	0.00500
24	0.01089	0.05514	0.75726	0.01509	0.02290	0.01277	0.01946	0.01697	0.01132	0.01685	0.00956	0.01124	0.00680	0.00508	0.00504	0.00168	0.00786	0.00393	0.00227	0.00790
25	0.01790	0.01034	0.01206	0.00994	0.01336	0.01071	0.00798	0.14179	0.26594	0.30837	0.06493	0.01943	0.01592	0.00705	0.00535	0.00168	0.00440	0.00576	0.06873	0.00837
26	0.00699	0.00508	0.00669	0.00782	0.00848	0.00478	0.00572	0.00831	0.01092	0.01430	0.03163	0.57113	0.10332	0.01607	0.00693	0.00221	0.00348	0.17664	0.00497	0.00451
27	0.01995	0.01571	0.01580	0.01239	0.01648	0.08154	0.01011	0.65401	0.06886	0.03141	0.01304	0.01304	0.00938	0.00642	0.00533	0.00160	0.00613	0.00479	0.00516	0.00885
28	0.01083	0.01012	0.03066	0.05944	0.01322	0.07605	0.00789	0.01696	0.24841	0.03445	0.02790	0.03012	0.22471	0.01394	0.11879	0.00280	0.00609	0.05691	0.00444	0.00627
29	0.01322	0.01155	0.01250	0.01119	0.01397	0.01361	0.00877	0.02721	0.70419	0.02165	0.02060	0.01933	0.01560	0.00746	0.00649	0.00187	0.07137	0.00595	0.00520	0.00828
30	0.02305	0.00935	0.01279	0.00993	0.01374	0.00861	0.00821	0.02505	0.01476	0.71687	0.01999	0.01772	0.01276	0.00688	0.00643	0.00172	0.07166	0.00534	0.00628	0.00886
31	0.01442	0.01590	0.01658	0.06541	0.22089	0.27569	0.01218	0.01643	0.01186	0.01423	0.00925	0.01265	0.00811	0.01003	0.09480	0.00248	0.18546	0.00442	0.00263	0.00658
32	0.00699	0.00596	0.00797	0.00758	0.00920	0.00526	0.06791	0.00853	0.01178	0.01477	0.07300	0.28674	0.44713	0.01374	0.00650	0.00192	0.00337	0.01208	0.00483	0.00473

[dist]
# distance from previous block
# <min> <max>
5	11

[block]
# block no. 6 follows, 45 sequences, length 147
# corresponding to MSA columns:
# 309-455
name=unknown_G
#
# <colnr> <probs for GDERKNQSTAVLIFYWHMCP>
#	G	D	E	R	K	N	Q	S	T	A	V	L	I	F	Y	W	H	M	C	P
0	0.02408	0.00914	0.01246	0.00955	0.01370	0.00789	0.00789	0.02616	0.01536	0.78158	0.02118	0.01827	0.01329	0.00664	0.00540	0.00166	0.00457	0.00540	0.00664	0.00914
1	0.00654	0.00467	0.00623	0.00747	0.00779	0.00436	0.00498	0.00747	0.01028	0.01370	0.02959	0.80785	0.03550	0.01682	0.00685	0.00218	0.00311	0.01526	0.00498	0.00436
2	0.01134	0.01077	0.01827	0.50662	0.31942	0.01224	0.01550	0.01477	0.01130	0.01517	0.00975	0.01392	0.00767	0.00514	0.00535	0.00171	0.00686	0.00478	0.00249	0.00693
3	0.01174	0.01174	0.01644	0.01409	0.01409	0.01644	0.01174	0.01292	0.00822	0.01292	0.00705	0.01174	0.00705	0.00940	0.01762	0.00235	0.80153	0.00470	0.00235	0.00587
