[name]
unknown

[dist]
# distance from previous block
# <min> <max>
1	139

[block]
# block no. 0 follows, 41 sequences, length 51
# corresponding to MSA columns:
# 372-422
name=unknown_A
#
# <colnr> <probs for GDERKNQSTAVLIFYWHMCP>
#	G	D	E	R	K	N	Q	S	T	A	V	L	I	F	Y	W	H	M	C	P
0	0.05464	0.04381	0.19262	0.01600	0.03782	0.43862	0.07973	0.02055	0.01432	0.01596	0.00937	0.01127	0.00745	0.00573	0.00564	0.00163	0.03070	0.00412	0.00282	0.00720
1	0.01106	0.01046	0.01745	0.70425	0.07064	0.01304	0.01575	0.01470	0.01135	0.01475	0.01003	0.01503	0.00768	0.00595	0.00651	0.00193	0.05530	0.00508	0.00255	0.00647
2	0.08221	0.01229	0.01288	0.01132	0.01475	0.01400	0.00891	0.07878	0.59734	0.07033	0.02133	0.01972	0.01581	0.00746	0.00562	0.00190	0.00466	0.00606	0.00571	0.00891
3	0.01147	0.02959	0.76934	0.01630	0.02476	0.01328	0.02113	0.01811	0.01208	0.01811	0.01026	0.01208	0.00725	0.00543	0.00543	0.00181	0.00845	0.00423	0.00242	0.00845
4	0.01147	0.02959	0.76934	0.01630	0.02476	0.01328	0.02113	0.01811	0.01208	0.01811	0.01026	0.01208	0.00725	0.00543	0.00543	0.00181	0.00845	0.00423	0.00242	0.00845
5	0.01080	0.01017	0.01716	0.78523	0.03940	0.01271	0.01589	0.01461	0.01144	0.01461	0.01017	0.01525	0.00762	0.00572	0.00572	0.00191	0.00762	0.00508	0.00254	0.00635
6	0.02174	0.01602	0.01717	0.01316	0.01774	0.01774	0.01087	0.74423	0.02689	0.03605	0.01373	0.01373	0.00973	0.00687	0.00572	0.00172	0.00629	0.00515	0.00572	0.00973
7	0.00735	0.00582	0.00662	0.00642	0.00809	0.00508	0.00481	0.00936	0.01444	0.01877	0.36965	0.04958	0.44720	0.01325	0.00675	0.00187	0.00281	0.01131	0.00575	0.00508
8	0.01350	0.01543	0.03375	0.02411	0.02989	0.01446	0.74253	0.01832	0.01350	0.01832	0.01157	0.01543	0.00868	0.00482	0.00675	0.00193	0.00964	0.00675	0.00289	0.00771
9	0.00695	0.00504	0.00657	0.00779	0.00825	0.00466	0.00523	0.00798	0.01112	0.01467	0.03366	0.73536	0.09634	0.01764	0.00726	0.00229	0.00328	0.01592	0.00531	0.00466
10	0.02566	0.00973	0.01327	0.01018	0.01460	0.00841	0.00841	0.02788	0.01637	0.76726	0.02257	0.01947	0.01416	0.00708	0.00575	0.00177	0.00487	0.00575	0.00708	0.00973
11	0.00810	0.00585	0.00765	0.00720	0.00855	0.00540	0.00540	0.01079	0.01619	0.02294	0.76028	0.04273	0.05397	0.01169	0.00675	0.00180	0.00270	0.01034	0.00630	0.00540
12	0.01080	0.01017	0.01716	0.78523	0.03940	0.01271	0.01589	0.01461	0.01144	0.01461	0.01017	0.01525	0.00762	0.00572	0.00572	0.00191	0.00762	0.00508	0.00254	0.00635
13	0.00810	0.00585	0.00765	0.00720	0.00855	0.00540	0.00540	0.01079	0.01619	0.02294	0.76028	0.04273	0.05397	0.01169	0.00675	0.00180	0.00270	0.01034	0.00630	0.00540
14	0.01251	0.01251	0.01752	0.01502	0.01502	0.01752	0.01251	0.01377	0.00876	0.01377	0.00751	0.01251	0.00751	0.01001	0.01877	0.00250	0.78851	0.00501	0.00250	0.00626
15	0.01395	0.01338	0.02285	0.08094	0.71907	0.01354	0.01745	0.01737	0.01293	0.01844	0.01072	0.01422	0.00897	0.00513	0.00567	0.00171	0.00685	0.00510	0.00281	0.00889
16	0.01423	0.01229	0.01293	0.01164	0.01487	0.01423	0.00905	0.03039	0.75297	0.02393	0.02328	0.02134	0.01746	0.00776	0.00582	0.00194	0.00453	0.00647	0.00582	0.00905
17	0.00697	0.00498	0.00664	0.00796	0.00830	0.00465	0.00531	0.00796	0.01095	0.01460	0.03153	0.79525	0.03783	0.01792	0.00730	0.00232	0.00332	0.01626	0.00531	0.00465
18	0.01147	0.02959	0.76934	0.01630	0.02476	0.01328	0.02113	0.01811	0.01208	0.01811	0.01026	0.01208	0.00725	0.00543	0.00543	0.00181	0.00845	0.00423	0.00242	0.00845
19	0.00697	0.00498	0.00664	0.00796	0.00830	0.00465	0.00531	0.00796	0.01095	0.01460	0.03153	0.79525	0.03783	0.01792	0.00730	0.00232	0.00332	0.01626	0.00531	0.00465
20	0.02566	0.00973	0.01327	0.01018	0.01460	0.00841	0.00841	0.02788	0.01637	0.76726	0.02257	0.01947	0.01416	0.00708	0.00575	0.00177	0.00487	0.00575	0.00708	0.00973
21	0.01498	0.73989	0.08979	0.01031	0.01550	0.02188	0.01071	0.01721	0.01166	0.01383	0.00814	0.00941	0.00733	0.00494	0.00381	0.00127	0.00631	0.00315	0.00244	0.00743
22	0.01529	0.80242	0.02997	0.00979	0.01468	0.02263	0.00979	0.01713	0.01162	0.01346	0.00795	0.00918	0.00734	0.00489	0.00367	0.00122	0.00612	0.00306	0.00245	0.00734
23	0.01416	0.01359	0.02322	0.03511	0.76330	0.01359	0.01755	0.01755	0.01302	0.01869	0.01076	0.01416	0.00906	0.00510	0.00566	0.00170	0.00680	0.00510	0.00283	0.00906
24	0.00832	0.00555	0.00624	0.00624	0.00624	0.00555	0.00347	0.00832	0.00832	0.01109	0.01802	0.03743	0.02080	0.79898	0.02911	0.00555	0.00555	0.00832	0.00347	0.00347
25	0.00818	0.00610	0.00906	0.00906	0.01003	0.00708	0.00698	0.01013	0.00915	0.01318	0.01544	0.02315	0.01459	0.07709	0.74253	0.00903	0.01488	0.00623	0.00308	0.00503
26	0.00799	0.00584	0.00750	0.00708	0.00848	0.00535	0.00531	0.01058	0.01594	0.02233	0.70346	0.04372	0.11117	0.01192	0.00675	0.00181	0.00271	0.01048	0.00622	0.00535
27	0.00676	0.00579	0.00579	0.00579	0.00773	0.00483	0.00435	0.00821	0.01304	0.01545	0.05794	0.05505	0.76098	0.01449	0.00676	0.00193	0.00290	0.01207	0.00531	0.00483
28	0.01423	0.01229	0.01293	0.01164	0.01487	0.01423	0.00905	0.03039	0.75297	0.02393	0.02328	0.02134	0.01746	0.00776	0.00582	0.00194	0.00453	0.00647	0.00582	0.00905
29	0.01066	0.00533	0.00533	0.00533	0.00666	0.00533	0.00400	0.01333	0.01200	0.02132	0.01866	0.02132	0.01466	0.00666	0.00400	0.00133	0.00267	0.00533	0.83073	0.00533
30	0.83938	0.01106	0.00841	0.00752	0.01106	0.01283	0.00619	0.01681	0.00973	0.02566	0.00796	0.00929	0.00619	0.00531	0.00354	0.00177	0.00442	0.00310	0.00354	0.00619
31	0.01416	0.01359	0.02322	0.03511	0.76330	0.01359	0.01755	0.01755	0.01302	0.01869	0.01076	0.01416	0.00906	0.00510	0.00566	0.00170	0.00680	0.00510	0.00283	0.00906
32	0.01917	0.01350	0.01487	0.01189	0.01607	0.01451	0.00963	0.36239	0.24908	0.13467	0.01766	0.01675	0.01265	0.00696	0.00564	0.00172	0.00538	0.00550	0.00576	0.07621
33	0.74229	0.01111	0.00895	0.00795	0.01150	0.01278	0.00651	0.01832	0.07012	0.05317	0.00975	0.01065	0.00740	0.00557	0.00381	0.00178	0.00445	0.00347	0.00386	0.00656
34	0.00828	0.00568	0.00692	0.00692	0.00716	0.00592	0.00432	0.00876	0.00852	0.01160	0.01740	0.03397	0.01929	0.62399	0.20205	0.00639	0.00781	0.00781	0.00337	0.00385
35	0.12985	0.01180	0.01300	0.01036	0.01453	0.05719	0.00842	0.08646	0.08726	0.42879	0.01812	0.01665	0.01218	0.00659	0.00531	0.00169	0.00518	0.00510	0.00583	0.07570
36	0.01107	0.01044	0.01765	0.72454	0.09796	0.01278	0.01602	0.01485	0.01157	0.01494	0.01021	0.01516	0.00774	0.00567	0.00571	0.00189	0.00756	0.00508	0.00257	0.00657
37	0.01529	0.80242	0.02997	0.00979	0.01468	0.02263	0.00979	0.01713	0.01162	0.01346	0.00795	0.00918	0.00734	0.00489	0.00367	0.00122	0.00612	0.00306	0.00245	0.00734
38	0.01506	0.75520	0.07515	0.01019	0.01530	0.02206	0.01048	0.01719	0.01165	0.01374	0.00809	0.00935	0.00733	0.00493	0.00378	0.00126	0.00626	0.00313	0.00244	0.00741
39	0.02148	0.02374	0.01651	0.01424	0.01770	0.53854	0.01100	0.24876	0.01956	0.02090	0.01037	0.01139	0.00811	0.00620	0.00533	0.00155	0.00906	0.00414	0.00382	0.00760
40	0.21340	0.01207	0.01340	0.01052	0.01479	0.01244	0.00869	0.25639	0.01822	0.35913	0.01632	0.01525	0.01088	0.00660	0.00523	0.00175	0.00522	0.00494	0.00582	0.00891
41	0.01573	0.01220	0.01679	0.01368	0.01575	0.04803	0.06972	0.01768	0.01192	0.19006	0.05757	0.01607	0.01205	0.00843	0.01241	0.00208	0.40574	0.00547	0.00391	0.06470
42	0.00810	0.00585	0.00765	0.00720	0.00855	0.00540	0.00540	0.01079	0.01619	0.02294	0.76028	0.04273	0.05397	0.01169	0.00675	0.00180	0.00270	0.01034	0.00630	0.00540
43	0.01328	0.00702	0.00918	0.00797	0.01030	0.00626	0.00621	0.01572	0.01597	0.24692	0.47587	0.03679	0.10413	0.01055	0.00645	0.00180	0.00337	0.00911	0.00645	0.00666
44	0.00697	0.00498	0.00664	0.00796	0.00830	0.00465	0.00531	0.00796	0.01095	0.01460	0.03153	0.79525	0.03783	0.01792	0.00730	0.00232	0.00332	0.01626	0.00531	0.00465
45	0.01416	0.01359	0.02322	0.03511	0.76330	0.01359	0.01755	0.01755	0.01302	0.01869	0.01076	0.01416	0.00906	0.00510	0.00566	0.00170	0.00680	0.00510	0.00283	0.00906
46	0.00832	0.00555	0.00624	0.00624	0.00624	0.00555	0.00347	0.00832	0.00832	0.01109	0.01802	0.03743	0.02080	0.79898	0.02911	0.00555	0.00555	0.00832	0.00347	0.00347
47	0.00715	0.00508	0.00668	0.00782	0.00814	0.00482	0.00517	0.00807	0.01061	0.01418	0.02956	0.68938	0.03525	0.10215	0.03444	0.00289	0.00394	0.01509	0.00504	0.00453
48	0.01464	0.33504	0.41110	0.01510	0.02191	0.01782	0.06434	0.01869	0.01293	0.01765	0.01096	0.01326	0.00885	0.00620	0.00547	0.00186	0.00804	0.00443	0.00300	0.00870
49	0.05134	0.04405	0.05052	0.01409	0.01769	0.53707	0.01126	0.17156	0.01788	0.01917	0.00986	0.01103	0.00781	0.00603	0.00519	0.00154	0.00907	0.00397	0.00351	0.00736
50	0.01493	0.52720	0.06818	0.01150	0.01630	0.01975	0.05508	0.03990	0.16406	0.01678	0.01160	0.01234	0.00956	0.00556	0.00445	0.00146	0.00614	0.00411	0.00325	0.00784

[dist]
# distance from previous block
# <min> <max>
0	1

[block]
# block no. 1 follows, 41 sequences, length 24
# corresponding to MSA columns:
# 424-447
name=unknown_B
#
# <colnr> <probs for GDERKNQSTAVLIFYWHMCP>
#	G	D	E	R	K	N	Q	S	T	A	V	L	I	F	Y	W	H	M	C	P
0	0.01087	0.01018	0.01591	0.42138	0.02709	0.01320	0.01338	0.01361	0.01025	0.01413	0.01025	0.01566	0.00873	0.01336	0.14120	0.00333	0.24351	0.00524	0.00262	0.00611
1	0.15226	0.01032	0.01566	0.65246	0.03456	0.01273	0.01423	0.01499	0.01115	0.01650	0.00979	0.01423	0.00738	0.00565	0.00535	0.00188	0.00708	0.00474	0.00271	0.00633
2	0.00781	0.00569	0.00734	0.00723	0.00844	0.00523	0.00531	0.01012	0.01507	0.02097	0.58486	0.17209	0.10256	0.01296	0.00684	0.00190	0.00282	0.01148	0.00606	0.00523
3	0.01105	0.01065	0.01867	0.71599	0.03853	0.01287	0.08199	0.01495	0.01162	0.01495	0.01029	0.01527	0.00772	0.00564	0.00581	0.00191	0.00781	0.00523	0.00257	0.00648
4	0.01147	0.02959	0.76934	0.01630	0.02476	0.01328	0.02113	0.01811	0.01208	0.01811	0.01026	0.01208	0.00725	0.00543	0.00543	0.00181	0.00845	0.00423	0.00242	0.00845
5	0.01231	0.01035	0.01127	0.01067	0.01313	0.01169	0.00806	0.02446	0.55677	0.02146	0.02546	0.22597	0.02285	0.01045	0.00621	0.00204	0.00421	0.00906	0.00569	0.00789
6	0.01274	0.00687	0.00913	0.00798	0.01015	0.00619	0.00619	0.01531	0.01624	0.21974	0.56522	0.03658	0.04344	0.01047	0.00648	0.00179	0.00327	0.00913	0.00650	0.00654
7	0.00818	0.00607	0.00892	0.00892	0.00984	0.00700	0.00680	0.01004	0.00911	0.01307	0.01557	0.02387	0.01491	0.11373	0.70631	0.00885	0.01441	0.00633	0.00310	0.00495
8	0.66737	0.01447	0.01005	0.00904	0.01245	0.17331	0.00722	0.01808	0.01110	0.02321	0.00815	0.00951	0.00644	0.00543	0.00388	0.00171	0.00566	0.00322	0.00342	0.00629
9	0.01147	0.01108	0.01730	0.48622	0.02993	0.01458	0.01458	0.01428	0.01040	0.01428	0.00913	0.01419	0.00758	0.00739	0.01079	0.00214	0.31078	0.00505	0.00253	0.00632
10	0.03312	0.09754	0.49363	0.04915	0.10808	0.01428	0.09051	0.01781	0.01220	0.01781	0.01017	0.01243	0.00759	0.00529	0.00539	0.00176	0.00803	0.00447	0.00255	0.00820
11	0.00817	0.00613	0.00919	0.00919	0.01021	0.00715	0.00715	0.01021	0.00919	0.01328	0.01532	0.02247	0.01430	0.04290	0.77631	0.00919	0.01532	0.00613	0.00306	0.00511
12	0.01401	0.01361	0.02233	0.02382	0.30198	0.01405	0.20621	0.02234	0.27752	0.02046	0.01545	0.01706	0.01196	0.00598	0.00601	0.00185	0.00674	0.00602	0.00392	0.00870
13	0.00698	0.00573	0.00615	0.00620	0.00790	0.00490	0.00459	0.00857	0.01331	0.01648	0.15919	0.12257	0.58882	0.01440	0.00681	0.00195	0.00291	0.01221	0.00546	0.00490
14	0.01189	0.01127	0.01898	0.48295	0.30354	0.01275	0.01609	0.01547	0.01208	0.01614	0.01206	0.01625	0.03465	0.00580	0.00573	0.00183	0.00715	0.00533	0.00275	0.00729
15	0.02566	0.00973	0.01327	0.01018	0.01460	0.00841	0.00841	0.02788	0.01637	0.76726	0.02257	0.01947	0.01416	0.00708	0.00575	0.00177	0.00487	0.00575	0.00708	0.00973
16	0.01147	0.02959	0.76934	0.01630	0.02476	0.01328	0.02113	0.01811	0.01208	0.01811	0.01026	0.01208	0.00725	0.00543	0.00543	0.00181	0.00845	0.00423	0.00242	0.00845
17	0.00782	0.00552	0.00680	0.00698	0.00763	0.00523	0.00464	0.00907	0.01193	0.01628	0.27882	0.23244	0.07424	0.29000	0.01475	0.00325	0.00387	0.01122	0.00500	0.00450
18	0.01885	0.01767	0.01516	0.01295	0.01654	0.23517	0.01016	0.24258	0.30285	0.04407	0.01622	0.01582	0.01214	0.00693	0.00560	0.00173	0.00674	0.00525	0.00499	0.00857
19	0.01483	0.01603	0.02197	0.02442	0.32475	0.17384	0.15624	0.01778	0.01304	0.01668	0.01065	0.01423	0.00898	0.00920	0.07916	0.00247	0.08001	0.00521	0.00286	0.00766
20	0.01214	0.01106	0.01560	0.01114	0.01634	0.00879	0.13239	0.01507	0.01214	0.01858	0.01041	0.01247	0.00851	0.00434	0.00467	0.00103	0.00516	0.00396	0.00330	0.69289
21	0.02210	0.02427	0.01571	0.01396	0.01716	0.64497	0.01060	0.02370	0.01624	0.14260	0.01118	0.01188	0.00853	0.00610	0.00526	0.00152	0.00938	0.00404	0.00365	0.00716
22	0.45096	0.24899	0.01566	0.00891	0.01280	0.01601	0.00776	0.01923	0.13719	0.02170	0.01058	0.01131	0.00846	0.00560	0.00397	0.00163	0.00495	0.00366	0.00360	0.00703
23	0.01618	0.01185	0.01299	0.01139	0.01483	0.01323	0.00894	0.02996	0.62721	0.15083	0.02316	0.02102	0.01690	0.00764	0.00581	0.00191	0.00458	0.00634	0.00604	0.00917

[dist]
# distance from previous block
# <min> <max>
0	7

[block]
# block no. 2 follows, 41 sequences, length 30
# corresponding to MSA columns:
# 455-484
name=unknown_C
#
# <colnr> <probs for GDERKNQSTAVLIFYWHMCP>
#	G	D	E	R	K	N	Q	S	T	A	V	L	I	F	Y	W	H	M	C	P
0	0.01087	0.01045	0.01422	0.01251	0.01412	0.08757	0.09596	0.01305	0.01034	0.01403	0.01291	0.01873	0.01179	0.02910	0.47954	0.00642	0.14392	0.00577	0.00294	0.00576
1	0.83938	0.01106	0.00841	0.00752	0.01106	0.01283	0.00619	0.01681	0.00973	0.02566	0.00796	0.00929	0.00619	0.00531	0.00354	0.00177	0.00442	0.00310	0.00354	0.00619
2	0.00694	0.00546	0.00628	0.00680	0.00802	0.00479	0.00482	0.00829	0.01240	0.01563	0.09696	0.36159	0.41031	0.01571	0.00698	0.00208	0.00306	0.01369	0.00538	0.00479
3	0.01149	0.01087	0.01839	0.63207	0.18720	0.01289	0.01623	0.01521	0.01176	0.01545	0.01029	0.01503	0.00792	0.00559	0.00571	0.00186	0.00746	0.00509	0.00260	0.00691
4	0.00810	0.00585	0.00765	0.00720	0.00855	0.00540	0.00540	0.01079	0.01619	0.02294	0.76028	0.04273	0.05397	0.01169	0.00675	0.00180	0.00270	0.01034	0.00630	0.00540
5	0.39184	0.01178	0.01499	0.08478	0.28663	0.01268	0.01136	0.01794	0.01170	0.09226	0.01055	0.01253	0.00811	0.00543	0.00471	0.00176	0.00560	0.00424	0.00353	0.00758
6	0.02137	0.02726	0.01621	0.01474	0.01768	0.77602	0.01105	0.02284	0.01621	0.01400	0.00884	0.01031	0.00737	0.00589	0.00516	0.00147	0.01031	0.00368	0.00295	0.00663
7	0.01066	0.00533	0.00533	0.00533	0.00666	0.00533	0.00400	0.01333	0.01200	0.02132	0.01866	0.02132	0.01466	0.00666	0.00400	0.00133	0.00267	0.00533	0.83073	0.00533
8	0.00833	0.00559	0.00644	0.00656	0.00665	0.00558	0.00388	0.00853	0.00870	0.01158	0.01921	0.06273	0.02209	0.72558	0.02710	0.00526	0.00546	0.05347	0.00364	0.00362
9	0.06535	0.00980	0.01304	0.01005	0.01443	0.00862	0.00830	0.02734	0.01605	0.73109	0.02185	0.01897	0.01377	0.00699	0.00564	0.00177	0.00485	0.00562	0.00691	0.00956
10	0.00832	0.00555	0.00624	0.00624	0.00624	0.00555	0.00347	0.00832	0.00832	0.01109	0.01802	0.03743	0.02080	0.79898	0.02911	0.00555	0.00555	0.00832	0.00347	0.00347
11	0.01802	0.45454	0.02380	0.01201	0.01603	0.36075	0.01035	0.01969	0.01368	0.01370	0.00835	0.00969	0.00735	0.00534	0.00434	0.00134	0.00800	0.00334	0.00267	0.00702
12	0.01404	0.01347	0.02300	0.06208	0.73727	0.01356	0.01749	0.01745	0.01297	0.01854	0.01074	0.01420	0.00901	0.00512	0.00566	0.00171	0.00683	0.00510	0.00282	0.00896
13	0.01425	0.07542	0.02375	0.03312	0.70463	0.01430	0.01695	0.01752	0.01291	0.01828	0.01054	0.01377	0.00893	0.00508	0.00551	0.00166	0.00674	0.00494	0.00280	0.00893
14	0.02081	0.02609	0.01595	0.01449	0.01746	0.71631	0.01090	0.02343	0.07395	0.01478	0.00997	0.01118	0.00816	0.00604	0.00521	0.00151	0.00986	0.00390	0.00317	0.00682
15	0.01011	0.00895	0.01190	0.18234	0.10088	0.05327	0.00992	0.01257	0.01285	0.01658	0.12627	0.12197	0.10603	0.05239	0.00777	0.00223	0.00543	0.14840	0.00432	0.00582
16	0.01677	0.01366	0.01518	0.01400	0.07451	0.01537	0.01034	0.27171	0.44849	0.02763	0.01906	0.01819	0.01418	0.00725	0.00577	0.00185	0.00530	0.00591	0.00555	0.00928
17	0.00911	0.00810	0.01283	0.01100	0.01326	0.00772	0.15633	0.01256	0.07101	0.01784	0.17392	0.22682	0.18934	0.01379	0.04716	0.00239	0.00512	0.01095	0.00493	0.00583
18	0.01549	0.01375	0.10393	0.01958	0.26116	0.01107	0.06467	0.04317	0.01395	0.16636	0.03938	0.01644	0.02777	0.00582	0.00551	0.00158	0.00605	0.00523	0.00400	0.17509
19	0.00697	0.00498	0.00664	0.00796	0.00830	0.00465	0.00531	0.00796	0.01095	0.01460	0.03153	0.79525	0.03783	0.01792	0.00730	0.00232	0.00332	0.01626	0.00531	0.00465
20	0.00947	0.00815	0.00839	0.00792	0.01032	0.00824	0.00605	0.01626	0.28156	0.01853	0.04536	0.04282	0.49116	0.01205	0.00642	0.00193	0.00349	0.01004	0.00550	0.00636
21	0.01529	0.80242	0.02997	0.00979	0.01468	0.02263	0.00979	0.01713	0.01162	0.01346	0.00795	0.00918	0.00734	0.00489	0.00367	0.00122	0.00612	0.00306	0.00245	0.00734
22	0.01519	0.51338	0.23462	0.01164	0.01748	0.01871	0.01282	0.01840	0.01219	0.08466	0.00995	0.01094	0.00795	0.00525	0.00436	0.00144	0.00665	0.00363	0.00287	0.00787
23	0.01354	0.01170	0.01740	0.57128	0.06343	0.01394	0.01476	0.18834	0.01518	0.01988	0.01104	0.01484	0.00818	0.00597	0.00572	0.00185	0.00727	0.00510	0.00331	0.00727
24	0.83938	0.01106	0.00841	0.00752	0.01106	0.01283	0.00619	0.01681	0.00973	0.02566	0.00796	0.00929	0.00619	0.00531	0.00354	0.00177	0.00442	0.00310	0.00354	0.00619
25	0.01066	0.00533	0.00533	0.00533	0.00666	0.00533	0.00400	0.01333	0.01200	0.02132	0.01866	0.02132	0.01466	0.00666	0.00400	0.00133	0.00267	0.00533	0.83073	0.00533
26	0.01326	0.01100	0.01261	0.00914	0.01415	0.00906	0.00736	0.11790	0.01399	0.02111	0.01067	0.01213	0.00865	0.00461	0.00445	0.00097	0.00453	0.00364	0.00372	0.71706
27	0.00855	0.00685	0.00937	0.01034	0.06320	0.00719	0.00711	0.01111	0.05022	0.01593	0.10458	0.22578	0.13788	0.02311	0.25732	0.00438	0.03717	0.00997	0.00443	0.00551
28	0.01437	0.55929	0.02659	0.01454	0.14195	0.01909	0.02955	0.01664	0.01208	0.01488	0.01102	0.01638	0.01053	0.00615	0.00456	0.00148	0.00623	0.08441	0.00284	0.00741
29	0.12483	0.10279	0.06452	0.04063	0.05523	0.18838	0.01060	0.12747	0.02955	0.08512	0.01123	0.01225	0.00857	0.00571	0.00488	0.00153	0.00675	0.00411	0.00380	0.11206

[dist]
# distance from previous block
# <min> <max>
0	72

[block]
# block no. 3 follows, 41 sequences, length 46
# corresponding to MSA columns:
# 557-602
name=unknown_D
#
# <colnr> <probs for GDERKNQSTAVLIFYWHMCP>
#	G	D	E	R	K	N	Q	S	T	A	V	L	I	F	Y	W	H	M	C	P
0	0.00839	0.00704	0.00745	0.00729	0.00929	0.00676	0.00547	0.01287	0.16333	0.01760	0.09585	0.12019	0.49095	0.01327	0.00662	0.00196	0.00326	0.01123	0.00548	0.00571
1	0.00793	0.00610	0.00746	0.00817	0.00970	0.00564	0.00670	0.00990	0.01295	0.01617	0.04308	0.11313	0.36760	0.01535	0.00733	0.00229	0.00404	0.34616	0.00529	0.00502
2	0.01919	0.01475	0.01573	0.01264	0.01677	0.01655	0.01025	0.50175	0.27353	0.03193	0.01698	0.01632	0.01235	0.00717	0.00576	0.00179	0.00569	0.00560	0.00576	0.00950
3	0.01090	0.01036	0.01776	0.75745	0.03905	0.01277	0.04241	0.01475	0.01151	0.01475	0.01022	0.01526	0.00766	0.00569	0.00576	0.00191	0.00770	0.00514	0.00255	0.00640
4	0.00832	0.00555	0.00624	0.00624	0.00624	0.00555	0.00347	0.00832	0.00832	0.01109	0.01802	0.03743	0.02080	0.79898	0.02911	0.00555	0.00555	0.00832	0.00347	0.00347
5	0.01077	0.01005	0.05779	0.19680	0.06707	0.00923	0.01024	0.01393	0.04178	0.02045	0.34688	0.03458	0.13521	0.01046	0.00686	0.00208	0.00508	0.00878	0.00517	0.00681
6	0.01284	0.01064	0.01207	0.00945	0.01375	0.00963	0.00748	0.03571	0.22547	0.03723	0.05952	0.01665	0.01395	0.00582	0.00491	0.00126	0.00429	0.00478	0.00440	0.51016
7	0.01968	0.01558	0.01530	0.01257	0.01650	0.10973	0.01006	0.35334	0.25727	0.10349	0.01708	0.01633	0.01236	0.00705	0.00569	0.00176	0.00608	0.00545	0.00555	0.00913
8	0.02314	0.01036	0.02931	0.01017	0.01466	0.00877	0.00852	0.04289	0.04027	0.62004	0.02159	0.01919	0.02839	0.00693	0.00562	0.00169	0.00486	0.00562	0.00650	0.09149
9	0.01568	0.67758	0.07290	0.01068	0.01559	0.09838	0.01060	0.01777	0.01211	0.01379	0.00818	0.00946	0.00734	0.00503	0.00393	0.00128	0.00668	0.00319	0.00250	0.00734
10	0.78952	0.01115	0.00896	0.00797	0.01130	0.01311	0.00658	0.01663	0.00968	0.02495	0.00794	0.00949	0.00627	0.00559	0.00446	0.00181	0.05171	0.00321	0.00348	0.00620
11	0.01312	0.01256	0.01529	0.26166	0.07680	0.08136	0.01208	0.02079	0.28216	0.01818	0.01609	0.06952	0.01333	0.00763	0.00692	0.00194	0.07293	0.00621	0.00398	0.00744
12	0.02053	0.01271	0.01578	0.01236	0.01650	0.01325	0.05368	0.33294	0.09468	0.26613	0.01754	0.01722	0.01228	0.01012	0.07463	0.00244	0.00667	0.00566	0.00576	0.00913
13	0.02566	0.00973	0.01327	0.01018	0.01460	0.00841	0.00841	0.02788	0.01637	0.76726	0.02257	0.01947	0.01416	0.00708	0.00575	0.00177	0.00487	0.00575	0.00708	0.00973
14	0.01286	0.02085	0.38745	0.01395	0.01977	0.01376	0.01503	0.02431	0.38614	0.02105	0.01684	0.01675	0.01240	0.00661	0.00563	0.00188	0.00647	0.00536	0.00413	0.00876
15	0.02511	0.01062	0.01382	0.01060	0.01504	0.00971	0.00875	0.12829	0.01785	0.66476	0.02133	0.01866	0.01354	0.00705	0.00575	0.00176	0.00507	0.00567	0.00689	0.00973
16	0.01186	0.01040	0.01498	0.01386	0.06044	0.01090	0.12329	0.02004	0.29521	0.02120	0.17548	0.03286	0.02620	0.00953	0.00655	0.00203	0.00523	0.14743	0.00517	0.00734
17	0.00714	0.00537	0.00665	0.00749	0.00839	0.00488	0.00531	0.00849	0.01204	0.01560	0.09142	0.49301	0.23452	0.01640	0.00715	0.00220	0.00329	0.06051	0.00538	0.00479
18	0.01572	0.04244	0.01551	0.05558	0.12636	0.10131	0.01101	0.14408	0.16652	0.06698	0.03357	0.05131	0.01653	0.00844	0.00601	0.00189	0.00611	0.11800	0.00472	0.00790
19	0.02167	0.01545	0.01673	0.01290	0.01741	0.01698	0.01063	0.66696	0.05751	0.08299	0.01472	0.01443	0.01035	0.00692	0.00573	0.00173	0.00613	0.00525	0.00581	0.00970
20	0.00922	0.00658	0.00922	0.01053	0.01185	0.00658	0.00922	0.01185	0.01317	0.01712	0.03029	0.06452	0.03292	0.01580	0.00790	0.00263	0.00527	0.72480	0.00527	0.00527
21	0.00832	0.00555	0.00624	0.00624	0.00624	0.00555	0.00347	0.00832	0.00832	0.01109	0.01802	0.03743	0.02080	0.79898	0.02911	0.00555	0.00555	0.00832	0.00347	0.00347
22	0.01372	0.01315	0.02244	0.13178	0.67000	0.01348	0.01734	0.01718	0.01282	0.01816	0.01068	0.01430	0.00888	0.00518	0.00567	0.00173	0.00690	0.00509	0.00279	0.00871
23	0.00822	0.00556	0.00621	0.00621	0.00634	0.00550	0.00352	0.00831	0.00862	0.01137	0.02061	0.03857	0.06884	0.74806	0.02766	0.00531	0.00537	0.00856	0.00359	0.00355
24	0.01489	0.01172	0.01332	0.00977	0.01470	0.01035	0.00792	0.20976	0.01601	0.04460	0.01147	0.01258	0.00897	0.00502	0.00468	0.00111	0.00480	0.00393	0.00412	0.59030
25	0.06521	0.02838	0.71995	0.01573	0.02387	0.01325	0.02016	0.01803	0.01192	0.01860	0.01012	0.01190	0.00718	0.00543	0.00531	0.00181	0.00819	0.00415	0.00249	0.00831
26	0.71566	0.12987	0.01164	0.00786	0.01161	0.01430	0.00673	0.01686	0.01002	0.02383	0.00796	0.00927	0.00637	0.00525	0.00356	0.00169	0.00468	0.00309	0.00338	0.00637
27	0.02229	0.01514	0.01662	0.01274	0.01730	0.01643	0.01053	0.64381	0.02542	0.13855	0.01497	0.01454	0.01035	0.00690	0.00573	0.00172	0.00609	0.00523	0.00591	0.00973
28	0.01147	0.02959	0.76934	0.01630	0.02476	0.01328	0.02113	0.01811	0.01208	0.01811	0.01026	0.01208	0.00725	0.00543	0.00543	0.00181	0.00845	0.00423	0.00242	0.00845
29	0.00810	0.00585	0.00765	0.00720	0.00855	0.00540	0.00540	0.01079	0.01619	0.02294	0.76028	0.04273	0.05397	0.01169	0.00675	0.00180	0.00270	0.01034	0.00630	0.00540
30	0.01258	0.01271	0.01862	0.01563	0.01602	0.01731	0.06193	0.01407	0.00908	0.01407	0.00778	0.01271	0.00759	0.00966	0.01796	0.00246	0.73579	0.00512	0.00253	0.00636
31	0.00739	0.00523	0.00648	0.00727	0.00764	0.00495	0.00469	0.00816	0.01041	0.01379	0.04637	0.49674	0.08198	0.25530	0.01389	0.00327	0.00395	0.01342	0.00477	0.00432
32	0.01350	0.01543	0.03375	0.02411	0.02989	0.01446	0.74253	0.01832	0.01350	0.01832	0.01157	0.01543	0.00868	0.00482	0.00675	0.00193	0.00964	0.00675	0.00289	0.00771
33	0.01066	0.00533	0.00533	0.00533	0.00666	0.00533	0.00400	0.01333	0.01200	0.02132	0.01866	0.02132	0.01466	0.00666	0.00400	0.00133	0.00267	0.00533	0.83073	0.00533
34	0.01529	0.80242	0.02997	0.00979	0.01468	0.02263	0.00979	0.01713	0.01162	0.01346	0.00795	0.00918	0.00734	0.00489	0.00367	0.00122	0.00612	0.00306	0.00245	0.00734
35	0.00791	0.00584	0.00739	0.00700	0.00843	0.00532	0.00525	0.01043	0.01575	0.02189	0.66183	0.04445	0.15308	0.01208	0.00675	0.00182	0.00273	0.01059	0.00616	0.00532
36	0.00871	0.03503	0.00782	0.00673	0.00870	0.00591	0.00518	0.01069	0.01437	0.06352	0.31771	0.04661	0.42306	0.01264	0.00658	0.00185	0.00306	0.01071	0.00568	0.00543
37	0.01274	0.01407	0.03013	0.02202	0.02711	0.01322	0.63945	0.01713	0.01329	0.01797	0.01428	0.07528	0.01243	0.00651	0.00687	0.00200	0.00889	0.05605	0.00323	0.00733
38	0.01066	0.00533	0.00533	0.00533	0.00666	0.00533	0.00400	0.01333	0.01200	0.02132	0.01866	0.02132	0.01466	0.00666	0.00400	0.00133	0.00267	0.00533	0.83073	0.00533
39	0.01379	0.01481	0.01249	0.01170	0.01350	0.29434	0.00895	0.01653	0.06566	0.01428	0.01310	0.01770	0.01173	0.04681	0.36589	0.00528	0.05901	0.00524	0.00320	0.00598
40	0.77965	0.06842	0.00997	0.00769	0.01132	0.01354	0.00645	0.01684	0.00987	0.02478	0.00796	0.00928	0.00628	0.00528	0.00355	0.00173	0.00455	0.00309	0.00346	0.00628
41	0.01069	0.00973	0.01596	0.50795	0.13425	0.01123	0.01396	0.01402	0.01197	0.01587	0.05835	0.09742	0.01459	0.00755	0.00597	0.00191	0.00661	0.03189	0.00321	0.02687
42	0.01066	0.00533	0.00533	0.00533	0.00666	0.00533	0.00400	0.01333	0.01200	0.02132	0.01866	0.02132	0.01466	0.00666	0.00400	0.00133	0.00267	0.00533	0.83073	0.00533
43	0.01055	0.00775	0.00954	0.00796	0.01094	0.00645	0.00625	0.01308	0.01419	0.06538	0.34560	0.03174	0.07892	0.00902	0.00581	0.00150	0.00357	0.04874	0.00512	0.31788
44	0.01278	0.29363	0.51673	0.01408	0.02131	0.01648	0.01726	0.01778	0.01192	0.01652	0.00947	0.01109	0.00728	0.00525	0.00483	0.00161	0.00766	0.00383	0.00243	0.00807
45	0.01016	0.26033	0.03646	0.00814	0.01090	0.03205	0.00704	0.01180	0.01218	0.01466	0.03300	0.16712	0.31485	0.02904	0.00632	0.00186	0.00449	0.02968	0.00421	0.00573

[dist]
# distance from previous block
# <min> <max>
12	22

[block]
# block no. 4 follows, 41 sequences, length 8
# corresponding to MSA columns:
# 629-636
name=unknown_E
#
# <colnr> <probs for GDERKNQSTAVLIFYWHMCP>
#	G	D	E	R	K	N	Q	S	T	A	V	L	I	F	Y	W	H	M	C	P
0	0.01606	0.01165	0.01722	0.11594	0.29710	0.01195	0.01269	0.13858	0.01622	0.15376	0.13274	0.01971	0.01705	0.00687	0.00587	0.00176	0.00582	0.00606	0.00458	0.00837
1	0.01132	0.00885	0.01148	0.01304	0.13040	0.00909	0.00819	0.13844	0.05325	0.01949	0.06661	0.29068	0.06209	0.11587	0.03222	0.00267	0.00504	0.01014	0.00476	0.00637
2	0.64335	0.01013	0.00876	0.00811	0.01091	0.01179	0.00651	0.01519	0.00980	0.02293	0.01126	0.10796	0.01064	0.00914	0.04571	0.00227	0.05093	0.00501	0.00367	0.00595
3	0.11721	0.01285	0.01750	0.13627	0.02135	0.04925	0.15447	0.09677	0.04019	0.05402	0.01151	0.01359	0.00875	0.00534	0.00521	0.00155	0.00643	0.00471	0.00366	0.23939
4	0.01500	0.14144	0.01599	0.01203	0.05082	0.25994	0.00915	0.01765	0.04088	0.01708	0.12473	0.01845	0.01630	0.00670	0.00512	0.00142	0.00646	0.03720	0.00368	0.19995
5	0.01306	0.20539	0.42003	0.01331	0.01962	0.01497	0.01541	0.09625	0.01410	0.01959	0.10341	0.01539	0.01335	0.00624	0.00522	0.00166	0.00696	0.00482	0.00327	0.00795
6	0.01452	0.31345	0.37581	0.01339	0.01991	0.01745	0.01530	0.13349	0.01427	0.01925	0.00996	0.01127	0.00768	0.00546	0.00483	0.00158	0.00724	0.00394	0.00295	0.00824
7	0.61864	0.01355	0.01003	0.00878	0.01239	0.13392	0.00703	0.01751	0.01100	0.02304	0.00834	0.00974	0.00663	0.00529	0.00387	0.00162	0.00534	0.00322	0.00343	0.09664

[dist]
# distance from previous block
# <min> <max>
0	1

[block]
# block no. 5 follows, 41 sequences, length 24
# corresponding to MSA columns:
# 638-661
name=unknown_F
#
# <colnr> <probs for GDERKNQSTAVLIFYWHMCP>
#	G	D	E	R	K	N	Q	S	T	A	V	L	I	F	Y	W	H	M	C	P
0	0.01538	0.01135	0.01276	0.01111	0.01393	0.01225	0.00875	0.40192	0.05703	0.02669	0.02153	0.28527	0.02146	0.01136	0.00643	0.00200	0.00511	0.06249	0.00555	0.00762
1	0.00698	0.00516	0.00654	0.00756	0.00821	0.00471	0.00515	0.00813	0.01154	0.01512	0.06902	0.63514	0.16170	0.01705	0.00718	0.00223	0.00322	0.01528	0.00535	0.00471
2	0.02566	0.00973	0.01327	0.01018	0.01460	0.00841	0.00841	0.02788	0.01637	0.76726	0.02257	0.01947	0.01416	0.00708	0.00575	0.00177	0.00487	0.00575	0.00708	0.00973
3	0.45949	0.01044	0.01068	0.00876	0.01271	0.01077	0.00723	0.02198	0.01283	0.37189	0.01478	0.01404	0.00991	0.00614	0.00457	0.00177	0.00463	0.00434	0.00519	0.00785
4	0.01423	0.01229	0.01293	0.01164	0.01487	0.01423	0.00905	0.03039	0.75297	0.02393	0.02328	0.02134	0.01746	0.00776	0.00582	0.00194	0.00453	0.00647	0.00582	0.00905
5	0.01423	0.01229	0.01293	0.01164	0.01487	0.01423	0.00905	0.03039	0.75297	0.02393	0.02328	0.02134	0.01746	0.00776	0.00582	0.00194	0.00453	0.00647	0.00582	0.00905
6	0.00810	0.00585	0.00765	0.00720	0.00855	0.00540	0.00540	0.01079	0.01619	0.02294	0.76028	0.04273	0.05397	0.01169	0.00675	0.00180	0.00270	0.01034	0.00630	0.00540
7	0.00831	0.00557	0.00634	0.00634	0.00638	0.00560	0.00360	0.00839	0.00835	0.01117	0.01793	0.03690	0.02056	0.77202	0.05576	0.00568	0.00589	0.00824	0.00345	0.00352
8	0.00810	0.00585	0.00765	0.00720	0.00855	0.00540	0.00540	0.01079	0.01619	0.02294	0.76028	0.04273	0.05397	0.01169	0.00675	0.00180	0.00270	0.01034	0.00630	0.00540
9	0.00699	0.00517	0.00653	0.00752	0.00820	0.00472	0.00513	0.00815	0.01160	0.01518	0.07320	0.61924	0.17352	0.01697	0.00717	0.00222	0.00321	0.01518	0.00536	0.00472
10	0.01571	0.74933	0.02903	0.01013	0.01489	0.07423	0.00987	0.01752	0.01194	0.01349	0.00801	0.00925	0.00734	0.00496	0.00377	0.00124	0.00640	0.00310	0.00248	0.00729
11	0.01186	0.01017	0.01186	0.00847	0.01356	0.00762	0.00678	0.01440	0.01186	0.01864	0.01017	0.01186	0.00847	0.00424	0.00424	0.00085	0.00424	0.00339	0.00339	0.83395
12	0.02322	0.01017	0.01292	0.01011	0.01419	0.02637	0.00827	0.07993	0.01700	0.61025	0.07368	0.02200	0.04958	0.00768	0.00585	0.00177	0.00486	0.00625	0.00675	0.00915
13	0.01196	0.18257	0.38972	0.01487	0.07947	0.01383	0.03901	0.01605	0.01141	0.01590	0.01132	0.01649	0.00999	0.15328	0.00955	0.00238	0.00733	0.00490	0.00267	0.00732
14	0.02345	0.00927	0.01240	0.00966	0.01380	0.00799	0.00793	0.02557	0.01598	0.67930	0.02671	0.02363	0.10153	0.00795	0.00587	0.00179	0.00464	0.00649	0.00687	0.00916
15	0.01221	0.01089	0.01531	0.29367	0.10782	0.01094	0.01159	0.03832	0.06737	0.01811	0.01132	0.01411	0.00894	0.00521	0.00510	0.00144	0.00584	0.00448	0.00327	0.35408
16	0.00812	0.00621	0.00842	0.06574	0.01141	0.00594	0.00644	0.00991	0.01192	0.01650	0.16206	0.44195	0.03326	0.01646	0.07293	0.00262	0.00466	0.01200	0.00488	0.09860
17	0.00900	0.00706	0.00785	0.00740	0.00924	0.00679	0.00553	0.06551	0.07816	0.01940	0.23875	0.09370	0.34956	0.06654	0.00817	0.00215	0.00345	0.01063	0.00553	0.00561
18	0.11363	0.01437	0.01528	0.01204	0.01633	0.01580	0.00988	0.50528	0.10686	0.11024	0.01510	0.01470	0.01068	0.00682	0.00549	0.00175	0.00573	0.00513	0.00563	0.00925
19	0.24319	0.01080	0.01166	0.00911	0.01335	0.01036	0.00742	0.10815	0.01442	0.19587	0.05444	0.01485	0.01184	0.00593	0.00472	0.00147	0.00460	0.00446	0.00473	0.26862
20	0.01357	0.09790	0.01289	0.01000	0.01265	0.21366	0.00780	0.08587	0.06201	0.01767	0.06549	0.11507	0.24275	0.01026	0.00590	0.00175	0.00568	0.00824	0.00450	0.00633
21	0.01066	0.00533	0.00533	0.00533	0.00666	0.00533	0.00400	0.01333	0.01200	0.02132	0.01866	0.02132	0.01466	0.00666	0.00400	0.00133	0.00267	0.00533	0.83073	0.00533
22	0.01312	0.36217	0.45116	0.01350	0.02042	0.01731	0.01625	0.01769	0.01188	0.01611	0.00927	0.01083	0.00729	0.00520	0.00468	0.00156	0.00745	0.00372	0.00243	0.00797
23	0.01449	0.63027	0.10542	0.06869	0.01821	0.02058	0.04269	0.01709	0.01174	0.01423	0.00851	0.01019	0.00741	0.00501	0.00414	0.00136	0.00662	0.00349	0.00247	0.00740

[dist]
# distance from previous block
# <min> <max>
0	1

[block]
# block no. 6 follows, 41 sequences, length 71
# corresponding to MSA columns:
# 663-733
name=unknown_G
#
# <colnr> <probs for GDERKNQSTAVLIFYWHMCP>
#	G	D	E	R	K	N	Q	S	T	A	V	L	I	F	Y	W	H	M	C	P
0	0.71788	0.01112	0.00950	0.02996	0.03404	0.01275	0.00703	0.01791	0.04864	0.05428	0.00947	0.01062	0.00721	0.00551	0.00387	0.00178	0.00460	0.00349	0.00375	0.00657
1	0.00682	0.00578	0.00581	0.00581	0.00767	0.00486	0.00431	0.00821	0.01285	0.01528	0.05634	0.05434	0.73121	0.04604	0.00766	0.00208	0.00300	0.01192	0.00524	0.00477
2	0.01129	0.01096	0.01680	0.69171	0.03639	0.05217	0.01519	0.01484	0.01152	0.01450	0.01023	0.01520	0.00788	0.00735	0.03706	0.00219	0.03078	0.00505	0.00258	0.00632
3	0.01186	0.01017	0.01186	0.00847	0.01356	0.00762	0.00678	0.01440	0.01186	0.01864	0.01017	0.01186	0.00847	0.00424	0.00424	0.00085	0.00424	0.00339	0.00339	0.83395
4	0.04002	0.01370	0.01595	0.01275	0.01597	0.01574	0.01050	0.35484	0.06945	0.05540	0.01241	0.01380	0.00957	0.00747	0.00917	0.00185	0.22592	0.00496	0.00454	0.10598
5	0.00994	0.00497	0.00745	0.00745	0.00745	0.00497	0.00497	0.00745	0.00745	0.00994	0.00994	0.01739	0.00994	0.01987	0.02235	0.83358	0.00497	0.00497	0.00248	0.00248
6	0.00697	0.00498	0.00664	0.00796	0.00830	0.00465	0.00531	0.00796	0.01095	0.01460	0.03153	0.79525	0.03783	0.01792	0.00730	0.00232	0.00332	0.01626	0.00531	0.00465
7	0.00697	0.00498	0.00664	0.00796	0.00830	0.00465	0.00531	0.00796	0.01095	0.01460	0.03153	0.79525	0.03783	0.01792	0.00730	0.00232	0.00332	0.01626	0.00531	0.00465
8	0.00994	0.00497	0.00745	0.00745	0.00745	0.00497	0.00497	0.00745	0.00745	0.00994	0.00994	0.01739	0.00994	0.01987	0.02235	0.83358	0.00497	0.00497	0.00248	0.00248
9	0.00697	0.00498	0.00664	0.00796	0.00830	0.00465	0.00531	0.00796	0.01095	0.01460	0.03153	0.79525	0.03783	0.01792	0.00730	0.00232	0.00332	0.01626	0.00531	0.00465
10	0.01829	0.01108	0.01276	0.01085	0.01445	0.01174	0.00862	0.02880	0.45325	0.29683	0.02284	0.02065	0.01614	0.00747	0.00572	0.00185	0.00458	0.00616	0.03878	0.00916
11	0.00676	0.00579	0.00579	0.00579	0.00773	0.00483	0.00435	0.00821	0.01304	0.01545	0.05794	0.05505	0.76098	0.01449	0.00676	0.00193	0.00290	0.01207	0.00531	0.00483
12	0.01692	0.01107	0.01255	0.01083	0.01427	0.01188	0.00855	0.02806	0.48849	0.23271	0.05194	0.02297	0.04780	0.00799	0.00587	0.00189	0.00449	0.00664	0.00617	0.00894
13	0.00697	0.00498	0.00664	0.00796	0.00830	0.00465	0.00531	0.00796	0.01095	0.01460	0.03153	0.79525	0.03783	0.01792	0.00730	0.00232	0.00332	0.01626	0.00531	0.00465
14	0.79606	0.01099	0.00867	0.00766	0.01125	0.01260	0.00631	0.01740	0.01009	0.06515	0.00874	0.00983	0.00662	0.00540	0.00366	0.00177	0.00445	0.00324	0.00373	0.00638
15	0.00804	0.00584	0.00757	0.00714	0.00851	0.00537	0.00536	0.01069	0.01607	0.02264	0.73262	0.04321	0.08182	0.01180	0.00675	0.00180	0.00271	0.01041	0.00626	0.00537
16	0.00697	0.00498	0.00664	0.00796	0.00830	0.00465	0.00531	0.00796	0.01095	0.01460	0.03153	0.79525	0.03783	0.01792	0.00730	0.00232	0.00332	0.01626	0.00531	0.00465
17	0.00832	0.00555	0.00624	0.00624	0.00624	0.00555	0.00347	0.00832	0.00832	0.01109	0.01802	0.03743	0.02080	0.79898	0.02911	0.00555	0.00555	0.00832	0.00347	0.00347
18	0.00697	0.00498	0.00664	0.00796	0.00830	0.00465	0.00531	0.00796	0.01095	0.01460	0.03153	0.79525	0.03783	0.01792	0.00730	0.00232	0.00332	0.01626	0.00531	0.00465
19	0.00676	0.00579	0.00579	0.00579	0.00773	0.00483	0.00435	0.00821	0.01304	0.01545	0.05794	0.05505	0.76098	0.01449	0.00676	0.00193	0.00290	0.01207	0.00531	0.00483
20	0.00922	0.00658	0.00922	0.01053	0.01185	0.00658	0.00922	0.01185	0.01317	0.01712	0.03029	0.06452	0.03292	0.01580	0.00790	0.00263	0.00527	0.72480	0.00527	0.00527
21	0.00697	0.00498	0.00664	0.00796	0.00830	0.00465	0.00531	0.00796	0.01095	0.01460	0.03153	0.79525	0.03783	0.01792	0.00730	0.00232	0.00332	0.01626	0.00531	0.00465
22	0.00697	0.00498	0.00664	0.00796	0.00830	0.00465	0.00531	0.00796	0.01095	0.01460	0.03153	0.79525	0.03783	0.01792	0.00730	0.00232	0.00332	0.01626	0.00531	0.00465
23	0.00922	0.00658	0.00922	0.01053	0.01185	0.00658	0.00922	0.01185	0.01317	0.01712	0.03029	0.06452	0.03292	0.01580	0.00790	0.00263	0.00527	0.72480	0.00527	0.00527
24	0.02137	0.02726	0.01621	0.01474	0.01768	0.77602	0.01105	0.02284	0.01621	0.01400	0.00884	0.01031	0.00737	0.00589	0.00516	0.00147	0.01031	0.00368	0.00295	0.00663
25	0.00678	0.00573	0.00586	0.00596	0.00777	0.00481	0.00442	0.00819	0.01288	0.01539	0.05590	0.11240	0.70495	0.01475	0.00680	0.00196	0.00293	0.01240	0.00531	0.00481
26	0.00832	0.00555	0.00624	0.00624	0.00624	0.00555	0.00347	0.00832	0.00832	0.01109	0.01802	0.03743	0.02080	0.79898	0.02911	0.00555	0.00555	0.00832	0.00347	0.00347
27	0.00697	0.00498	0.00664	0.00796	0.00830	0.00465	0.00531	0.00796	0.01095	0.01460	0.03153	0.79525	0.03783	0.01792	0.00730	0.00232	0.00332	0.01626	0.00531	0.00465
28	0.01066	0.00533	0.00533	0.00533	0.00666	0.00533	0.00400	0.01333	0.01200	0.02132	0.01866	0.02132	0.01466	0.00666	0.00400	0.00133	0.00267	0.00533	0.83073	0.00533
29	0.01423	0.01229	0.01293	0.01164	0.01487	0.01423	0.00905	0.03039	0.75297	0.02393	0.02328	0.02134	0.01746	0.00776	0.00582	0.00194	0.00453	0.00647	0.00582	0.00905
30	0.02566	0.00973	0.01327	0.01018	0.01460	0.00841	0.00841	0.02788	0.01637	0.76726	0.02257	0.01947	0.01416	0.00708	0.00575	0.00177	0.00487	0.00575	0.00708	0.00973
31	0.00922	0.00658	0.00922	0.01053	0.01185	0.00658	0.00922	0.01185	0.01317	0.01712	0.03029	0.06452	0.03292	0.01580	0.00790	0.00263	0.00527	0.72480	0.00527	0.00527
32	0.02174	0.01602	0.01717	0.01316	0.01774	0.01774	0.01087	0.74423	0.02689	0.03605	0.01373	0.01373	0.00973	0.00687	0.00572	0.00172	0.00629	0.00515	0.00572	0.00973
33	0.01066	0.00533	0.00533	0.00533	0.00666	0.00533	0.00400	0.01333	0.01200	0.02132	0.01866	0.02132	0.01466	0.00666	0.00400	0.00133	0.00267	0.00533	0.83073	0.00533
34	0.02174	0.01602	0.01717	0.01316	0.01774	0.01774	0.01087	0.74423	0.02689	0.03605	0.01373	0.01373	0.00973	0.00687	0.00572	0.00172	0.00629	0.00515	0.00572	0.00973
35	0.01066	0.00533	0.00533	0.00533	0.00666	0.00533	0.00400	0.01333	0.01200	0.02132	0.01866	0.02132	0.01466	0.00666	0.00400	0.00133	0.00267	0.00533	0.83073	0.00533
36	0.02566	0.00973	0.01327	0.01018	0.01460	0.00841	0.00841	0.02788	0.01637	0.76726	0.02257	0.01947	0.01416	0.00708	0.00575	0.00177	0.00487	0.00575	0.00708	0.00973
37	0.01777	0.02165	0.02037	0.14795	0.02416	0.47243	0.17875	0.02041	0.01478	0.01509	0.00969	0.01232	0.00771	0.00562	0.00562	0.00165	0.00970	0.00462	0.00287	0.00683
38	0.01423	0.01229	0.01293	0.01164	0.01487	0.01423	0.00905	0.03039	0.75297	0.02393	0.02328	0.02134	0.01746	0.00776	0.00582	0.00194	0.00453	0.00647	0.00582	0.00905
39	0.01147	0.02959	0.76934	0.01630	0.02476	0.01328	0.02113	0.01811	0.01208	0.01811	0.01026	0.01208	0.00725	0.00543	0.00543	0.00181	0.00845	0.00423	0.00242	0.00845
40	0.00676	0.00579	0.00579	0.00579	0.00773	0.00483	0.00435	0.00821	0.01304	0.01545	0.05794	0.05505	0.76098	0.01449	0.00676	0.00193	0.00290	0.01207	0.00531	0.00483
41	0.00676	0.00579	0.00579	0.00579	0.00773	0.00483	0.00435	0.00821	0.01304	0.01545	0.05794	0.05505	0.76098	0.01449	0.00676	0.00193	0.00290	0.01207	0.00531	0.00483
42	0.01147	0.02959	0.76934	0.01630	0.02476	0.01328	0.02113	0.01811	0.01208	0.01811	0.01026	0.01208	0.00725	0.00543	0.00543	0.00181	0.00845	0.00423	0.00242	0.00845
43	0.01416	0.01359	0.02322	0.03511	0.76330	0.01359	0.01755	0.01755	0.01302	0.01869	0.01076	0.01416	0.00906	0.00510	0.00566	0.00170	0.00680	0.00510	0.00283	0.00906
44	0.01147	0.02959	0.76934	0.01630	0.02476	0.01328	0.02113	0.01811	0.01208	0.01811	0.01026	0.01208	0.00725	0.00543	0.00543	0.00181	0.00845	0.00423	0.00242	0.00845
45	0.01186	0.01017	0.01186	0.00847	0.01356	0.00762	0.00678	0.01440	0.01186	0.01864	0.01017	0.01186	0.00847	0.00424	0.00424	0.00085	0.00424	0.00339	0.00339	0.83395
46	0.02174	0.01602	0.01717	0.01316	0.01774	0.01774	0.01087	0.74423	0.02689	0.03605	0.01373	0.01373	0.00973	0.00687	0.00572	0.00172	0.00629	0.00515	0.00572	0.00973
47	0.00676	0.00579	0.00579	0.00579	0.00773	0.00483	0.00435	0.00821	0.01304	0.01545	0.05794	0.05505	0.76098	0.01449	0.00676	0.00193	0.00290	0.01207	0.00531	0.00483
48	0.00676	0.00579	0.00579	0.00579	0.00773	0.00483	0.00435	0.00821	0.01304	0.01545	0.05794	0.05505	0.76098	0.01449	0.00676	0.00193	0.00290	0.01207	0.00531	0.00483
49	0.01147	0.02959	0.76934	0.01630	0.02476	0.01328	0.02113	0.01811	0.01208	0.01811	0.01026	0.01208	0.00725	0.00543	0.00543	0.00181	0.00845	0.00423	0.00242	0.00845
50	0.01147	0.02959	0.76934	0.01630	0.02476	0.01328	0.02113	0.01811	0.01208	0.01811	0.01026	0.01208	0.00725	0.00543	0.00543	0.00181	0.00845	0.00423	0.00242	0.00845
