[name]
unknown

[dist]
# distance from previous block
# <min> <max>
0	1156

[block]
# block no. 0 follows, 52 sequences, length 77
# corresponding to MSA columns:
# 1161-1237
name=unknown_A
#
# <colnr> <probs for GDERKNQSTAVLIFYWHMCP>
#	G	D	E	R	K	N	Q	S	T	A	V	L	I	F	Y	W	H	M	C	P
0	0.00812	0.00608	0.00802	0.00894	0.01020	0.02325	0.00776	0.01033	0.01117	0.01449	0.02461	0.05195	0.02662	0.01283	0.00652	0.00215	0.00452	0.72081	0.00436	0.03727
1	0.01060	0.01060	0.01484	0.01272	0.01272	0.01484	0.01060	0.01166	0.00742	0.01166	0.00636	0.01060	0.00636	0.00848	0.01590	0.00212	0.82082	0.00424	0.00212	0.00530
2	0.86392	0.00937	0.00712	0.00637	0.00937	0.01087	0.00525	0.01425	0.00825	0.02174	0.00675	0.00787	0.00525	0.00450	0.00300	0.00150	0.00375	0.00262	0.00300	0.00525
3	0.00915	0.00861	0.01453	0.81804	0.03338	0.01077	0.01346	0.01238	0.00969	0.01238	0.00861	0.01292	0.00646	0.00484	0.00484	0.00161	0.00646	0.00431	0.00215	0.00538
4	0.00615	0.00441	0.00585	0.00658	0.00708	0.00410	0.00452	0.00737	0.01044	0.01421	0.22761	0.62037	0.03562	0.01381	0.00606	0.00185	0.00267	0.01247	0.00472	0.00410
5	0.01199	0.01151	0.01967	0.02974	0.79946	0.01151	0.01487	0.01487	0.01103	0.01583	0.00912	0.01199	0.00768	0.00432	0.00480	0.00144	0.00576	0.00432	0.00240	0.00768
6	0.00686	0.00495	0.00648	0.00610	0.00724	0.00457	0.00457	0.00914	0.01372	0.01943	0.79691	0.03620	0.04572	0.00991	0.00572	0.00152	0.00229	0.00876	0.00533	0.00457
7	0.00915	0.00861	0.01453	0.81804	0.03338	0.01077	0.01346	0.01238	0.00969	0.01238	0.00861	0.01292	0.00646	0.00484	0.00484	0.00161	0.00646	0.00431	0.00215	0.00538
8	0.01205	0.01041	0.01096	0.00986	0.01260	0.01205	0.00767	0.02575	0.79071	0.02027	0.01972	0.01808	0.01479	0.00657	0.00493	0.00164	0.00384	0.00548	0.00493	0.00767
9	0.01450	0.01162	0.01233	0.01036	0.01353	0.01319	0.00826	0.31629	0.49619	0.02421	0.01662	0.01561	0.01228	0.00628	0.00490	0.00157	0.00441	0.00505	0.00490	0.00789
10	0.01481	0.01795	0.46881	0.01162	0.01733	0.00951	0.01334	0.01885	0.01177	0.34864	0.01311	0.01288	0.00862	0.00519	0.00472	0.00152	0.00588	0.00413	0.00372	0.00762
11	0.00972	0.02507	0.80458	0.01381	0.02097	0.01125	0.01790	0.01535	0.01023	0.01535	0.00870	0.01023	0.00614	0.00460	0.00460	0.00153	0.00716	0.00358	0.00205	0.00716
12	0.00972	0.02507	0.80458	0.01381	0.02097	0.01125	0.01790	0.01535	0.01023	0.01535	0.00870	0.01023	0.00614	0.00460	0.00460	0.00153	0.00716	0.00358	0.00205	0.00716
13	0.01588	0.00842	0.01278	0.38530	0.02215	0.00882	0.01007	0.01839	0.01192	0.43498	0.01423	0.01483	0.00942	0.00546	0.00486	0.00155	0.00521	0.00461	0.00421	0.00691
14	0.01499	0.01619	0.38107	0.01149	0.01680	0.00919	0.05130	0.01870	0.01194	0.36506	0.01499	0.01460	0.04023	0.00550	0.00482	0.00153	0.00568	0.00453	0.00392	0.00749
15	0.00938	0.00887	0.01481	0.73310	0.07108	0.01103	0.01337	0.01247	0.00963	0.01252	0.00851	0.01274	0.00652	0.00502	0.00546	0.00163	0.05189	0.00430	0.00216	0.00549
16	0.01174	0.01125	0.01921	0.10103	0.73018	0.01145	0.01474	0.01465	0.01091	0.01552	0.00907	0.01208	0.00757	0.00437	0.00480	0.00146	0.00582	0.00432	0.00238	0.00747
17	0.01176	0.01147	0.02013	0.07947	0.68171	0.01153	0.08277	0.01477	0.01098	0.01558	0.00914	0.01215	0.00757	0.00433	0.00488	0.00147	0.00602	0.00444	0.00239	0.00743
18	0.01100	0.01054	0.01637	0.02396	0.59050	0.05041	0.01238	0.01336	0.01080	0.01489	0.01279	0.18572	0.01281	0.00667	0.00507	0.00154	0.00528	0.00628	0.00285	0.00677
19	0.01034	0.02420	0.76363	0.01354	0.02053	0.01104	0.01735	0.01577	0.01042	0.05600	0.00923	0.01055	0.00644	0.00468	0.00462	0.00153	0.00701	0.00365	0.00225	0.00722
20	0.01121	0.01260	0.02695	0.09090	0.02567	0.01220	0.69126	0.01513	0.01117	0.01513	0.00960	0.01299	0.00724	0.00428	0.00594	0.00165	0.03171	0.00555	0.00241	0.00640
21	0.01554	0.10515	0.11753	0.01164	0.01584	0.04081	0.16692	0.01865	0.03538	0.33926	0.05902	0.01542	0.02537	0.00553	0.00486	0.00148	0.00549	0.00489	0.00409	0.00713
22	0.00844	0.00880	0.10077	0.01062	0.01297	0.00681	0.18052	0.01062	0.01021	0.05687	0.02161	0.46830	0.06132	0.01085	0.00581	0.00180	0.00456	0.01015	0.00385	0.00513
23	0.01199	0.01151	0.01967	0.02974	0.79946	0.01151	0.01487	0.01487	0.01103	0.01583	0.00912	0.01199	0.00768	0.00432	0.00480	0.00144	0.00576	0.00432	0.00240	0.00768
24	0.00958	0.00556	0.00741	0.00684	0.00840	0.00508	0.00531	0.01170	0.01325	0.16034	0.54185	0.08220	0.03723	0.00982	0.00568	0.00161	0.00284	0.07478	0.00533	0.00519
25	0.01167	0.01064	0.01785	0.22338	0.55935	0.01117	0.01404	0.01487	0.03109	0.04527	0.00965	0.01255	0.00773	0.00457	0.00482	0.00149	0.00582	0.00437	0.00254	0.00713
26	0.01899	0.00775	0.01053	0.00859	0.01181	0.00686	0.00710	0.03188	0.01339	0.64440	0.02029	0.06658	0.01514	0.00747	0.00518	0.00162	0.00411	0.10510	0.00570	0.00751
27	0.00695	0.00507	0.00718	0.00718	0.00784	0.00573	0.00530	0.00827	0.00761	0.01080	0.01353	0.02210	0.01344	0.22791	0.62074	0.00704	0.01098	0.00564	0.00268	0.00399
28	0.00986	0.00956	0.01569	0.66127	0.13732	0.03278	0.03954	0.01302	0.01004	0.01295	0.00869	0.01268	0.00665	0.00475	0.00486	0.00158	0.00648	0.00432	0.00221	0.00574
29	0.02132	0.00976	0.01157	0.00905	0.01268	0.08149	0.00739	0.04399	0.01410	0.70868	0.01784	0.01565	0.01136	0.00590	0.00483	0.00148	0.00458	0.00470	0.00564	0.00800
30	0.17389	0.00851	0.01049	0.00825	0.01183	0.00794	0.00680	0.02198	0.03409	0.64007	0.01690	0.01498	0.01085	0.00574	0.00454	0.00150	0.00405	0.00448	0.00543	0.00769
31	0.00813	0.00599	0.00840	0.00979	0.04149	0.00606	0.00808	0.01082	0.04039	0.01477	0.02478	0.05160	0.02660	0.01277	0.00655	0.00218	0.00449	0.70801	0.00440	0.00471
32	0.38441	0.08691	0.04289	0.01046	0.07334	0.03336	0.05087	0.05378	0.11857	0.07133	0.02583	0.01132	0.00843	0.00500	0.00393	0.00147	0.00463	0.00373	0.00339	0.00635
33	0.01058	0.00987	0.04231	0.44166	0.28511	0.01046	0.01325	0.01358	0.01035	0.05443	0.01034	0.05813	0.00857	0.00530	0.00490	0.00157	0.00593	0.00484	0.00256	0.00627
34	0.00581	0.00491	0.00502	0.00500	0.00660	0.00413	0.00375	0.00711	0.01124	0.01355	0.10332	0.04588	0.74298	0.01210	0.00573	0.00163	0.00244	0.01012	0.00456	0.00413
35	0.00855	0.00782	0.01410	0.03883	0.01430	0.00755	0.26878	0.02456	0.01032	0.01384	0.05742	0.23139	0.03750	0.14438	0.02455	0.00239	0.00543	0.07994	0.00348	0.00487
36	0.01357	0.03702	0.26302	0.01530	0.19765	0.01035	0.01245	0.04521	0.07795	0.20497	0.01375	0.01558	0.02196	0.00563	0.00483	0.00153	0.00550	0.04272	0.00358	0.00741
37	0.01151	0.01089	0.01846	0.02771	0.72642	0.01088	0.01405	0.01425	0.01095	0.01560	0.01070	0.05654	0.00976	0.00525	0.00495	0.00150	0.00555	0.03510	0.00259	0.00735
38	0.01009	0.00957	0.01623	0.55718	0.28689	0.01101	0.01393	0.01321	0.01013	0.01352	0.00878	0.01261	0.00686	0.00467	0.00483	0.00156	0.00623	0.00431	0.00223	0.00614
39	0.01350	0.06488	0.14198	0.07262	0.06075	0.05307	0.08233	0.13190	0.08045	0.13374	0.05238	0.06663	0.01197	0.00606	0.00489	0.00152	0.00554	0.00518	0.00372	0.00689
40	0.02928	0.00966	0.01188	0.06335	0.05767	0.05196	0.00811	0.09590	0.07380	0.45666	0.01696	0.07701	0.01237	0.00648	0.00492	0.00153	0.00461	0.00536	0.00500	0.00747
41	0.25418	0.10562	0.09856	0.01389	0.06482	0.03419	0.25590	0.02776	0.04017	0.01700	0.00865	0.01060	0.00675	0.00460	0.00480	0.00151	0.03806	0.00402	0.00264	0.00627
42	0.01106	0.04099	0.59676	0.01396	0.02029	0.03502	0.09132	0.08585	0.03006	0.01668	0.00925	0.01072	0.00666	0.00471	0.00470	0.00152	0.00702	0.00387	0.00242	0.00714
43	0.00647	0.00476	0.00664	0.00719	0.00767	0.00504	0.00513	0.00761	0.00852	0.01173	0.02023	0.44573	0.02286	0.07440	0.32017	0.00440	0.02397	0.00982	0.00361	0.00405
44	0.01296	0.83261	0.02539	0.00829	0.01244	0.01917	0.00829	0.01451	0.00985	0.01140	0.00674	0.00777	0.00622	0.00415	0.00311	0.00104	0.00518	0.00259	0.00207	0.00622
45	0.03171	0.27994	0.06716	0.03819	0.03592	0.13592	0.03994	0.10082	0.09540	0.10051	0.01050	0.01107	0.00806	0.00497	0.00418	0.00132	0.00573	0.00371	0.00322	0.02175
46	0.01067	0.06865	0.68934	0.01339	0.01996	0.08545	0.01660	0.01567	0.01053	0.01481	0.00848	0.00996	0.00615	0.00462	0.00450	0.00148	0.00720	0.00348	0.00209	0.00697
47	0.00719	0.00514	0.00710	0.00822	0.00907	0.00505	0.00674	0.00898	0.01055	0.01381	0.02600	0.30378	0.02923	0.01397	0.00653	0.00215	0.00393	0.52379	0.00447	0.00429
48	0.00644	0.00462	0.00623	0.00732	0.00787	0.00440	0.00542	0.00768	0.00985	0.01299	0.02693	0.59005	0.04846	0.01461	0.00632	0.00203	0.00327	0.22694	0.00449	0.00409
49	0.09497	0.08898	0.25639	0.01190	0.01634	0.02382	0.12355	0.06400	0.12164	0.04660	0.02437	0.07161	0.01065	0.00588	0.00471	0.00155	0.00569	0.01750	0.00321	0.00664
50	0.00684	0.00449	0.00605	0.00691	0.00741	0.00423	0.00473	0.00779	0.00945	0.05644	0.02554	0.73768	0.02985	0.01581	0.04957	0.00226	0.00343	0.01282	0.00448	0.00420
51	0.01259	0.01068	0.01126	0.00997	0.01281	0.01231	0.00780	0.08997	0.72561	0.02114	0.01904	0.01753	0.01424	0.00651	0.00492	0.00163	0.00396	0.00538	0.00492	0.00772
52	0.16082	0.00890	0.01001	0.05735	0.01231	0.00955	0.00698	0.13570	0.16617	0.15297	0.20766	0.01922	0.01880	0.00672	0.00476	0.00153	0.00388	0.00545	0.00469	0.00653
53	0.05519	0.01131	0.02031	0.02143	0.35666	0.01082	0.27185	0.01507	0.01104	0.05659	0.01000	0.02662	0.00804	0.00445	0.00491	0.00144	0.00610	0.00474	0.00272	0.10069
54	0.00595	0.00478	0.00533	0.00563	0.00689	0.00416	0.00415	0.00722	0.01082	0.01343	0.09370	0.22866	0.52750	0.01285	0.00588	0.00174	0.00263	0.05002	0.00455	0.00411
55	0.00590	0.00422	0.00562	0.00675	0.00703	0.00394	0.00450	0.00675	0.00928	0.01237	0.02671	0.82653	0.03205	0.01518	0.00619	0.00197	0.00281	0.01378	0.00450	0.00394
56	0.10994	0.01068	0.01494	0.01181	0.01495	0.01122	0.19310	0.27975	0.05407	0.04007	0.01431	0.18295	0.01308	0.00730	0.00530	0.00163	0.01788	0.00653	0.00398	0.00651
57	0.01282	0.01098	0.01340	0.42706	0.02354	0.11452	0.01081	0.14733	0.01322	0.08617	0.08270	0.01462	0.01086	0.00560	0.00487	0.00152	0.00597	0.00462	0.00330	0.00609
58	0.01810	0.02310	0.01373	0.01248	0.01498	0.81024	0.00936	0.01935	0.01373	0.01186	0.00749	0.00874	0.00624	0.00499	0.00437	0.00125	0.00874	0.00312	0.00250	0.00562
59	0.01005	0.00861	0.01005	0.00718	0.01148	0.00646	0.00574	0.01220	0.01005	0.01579	0.00861	0.01005	0.00718	0.00359	0.00359	0.00072	0.00359	0.00287	0.00287	0.85932
60	0.01296	0.83261	0.02539	0.00829	0.01244	0.01917	0.00829	0.01451	0.00985	0.01140	0.00674	0.00777	0.00622	0.00415	0.00311	0.00104	0.00518	0.00259	0.00207	0.00622
61	0.00666	0.03781	0.00662	0.00572	0.00718	0.00497	0.00438	0.00851	0.01253	0.01666	0.47577	0.03911	0.33544	0.01059	0.00562	0.00155	0.00247	0.00909	0.00488	0.00445
62	0.01720	0.01049	0.01197	0.00962	0.01287	0.02373	0.00776	0.30877	0.14408	0.28187	0.01564	0.01572	0.01124	0.04962	0.05475	0.00205	0.00517	0.00488	0.00497	0.00760
63	0.01198	0.01032	0.01090	0.00985	0.01256	0.01194	0.00767	0.02547	0.77695	0.02017	0.01983	0.01873	0.01502	0.00669	0.00496	0.00165	0.00385	0.01892	0.00492	0.00761
64	0.00590	0.00422	0.00562	0.00675	0.00703	0.00394	0.00450	0.00675	0.00928	0.01237	0.02671	0.82653	0.03205	0.01518	0.00619	0.00197	0.00281	0.01378	0.00450	0.00394
65	0.00842	0.00421	0.00631	0.00631	0.00631	0.00421	0.00421	0.00631	0.00631	0.00842	0.00842	0.01473	0.00842	0.01684	0.01894	0.85901	0.00421	0.00421	0.00210	0.00210
66	0.01810	0.02310	0.01373	0.01248	0.01498	0.81024	0.00936	0.01935	0.01373	0.01186	0.00749	0.00874	0.00624	0.00499	0.00437	0.00125	0.00874	0.00312	0.00250	0.00562
67	0.00586	0.00469	0.00522	0.00555	0.00671	0.00408	0.00397	0.00700	0.01056	0.01312	0.07940	0.28962	0.50580	0.02804	0.00622	0.00179	0.00260	0.01120	0.00451	0.00405
68	0.00915	0.00861	0.01453	0.81804	0.03338	0.01077	0.01346	0.01238	0.00969	0.01238	0.00861	0.01292	0.00646	0.00484	0.00484	0.00161	0.00646	0.00431	0.00215	0.00538
69	0.00915	0.00861	0.01453	0.81804	0.03338	0.01077	0.01346	0.01238	0.00969	0.01238	0.00861	0.01292	0.00646	0.00484	0.00484	0.00161	0.00646	0.00431	0.00215	0.00538
70	0.00957	0.01938	0.54224	0.05336	0.01925	0.01033	0.04446	0.01500	0.06697	0.01538	0.01243	0.03302	0.01060	0.00626	0.00503	0.00166	0.00643	0.11933	0.00269	0.00662
71	0.00918	0.00479	0.00495	0.00486	0.00605	0.00488	0.00368	0.03188	0.01038	0.01806	0.01555	0.01794	0.01229	0.00721	0.04436	0.00148	0.00288	0.00455	0.79042	0.00461
72	0.00659	0.00492	0.00574	0.00563	0.00690	0.00436	0.00413	0.00813	0.01175	0.03106	0.33712	0.11050	0.37210	0.06108	0.00690	0.00181	0.00259	0.00967	0.00476	0.00428
73	0.00690	0.00717	0.08350	0.00874	0.01012	0.00567	0.07282	0.00852	0.00959	0.01297	0.02363	0.61913	0.04885	0.01293	0.00625	0.00190	0.02566	0.02709	0.00403	0.00452
74	0.02736	0.03335	0.20818	0.06818	0.22058	0.02492	0.09061	0.03272	0.04152	0.17642	0.02230	0.01299	0.00878	0.00495	0.00480	0.00150	0.00593	0.00441	0.00323	0.00726
75	0.00917	0.00807	0.01301	0.08547	0.35147	0.00814	0.02310	0.01127	0.01029	0.01413	0.03697	0.23558	0.03331	0.06009	0.00665	0.00188	0.00473	0.07767	0.00328	0.00572
76	0.01077	0.00837	0.01159	0.11702	0.17533	0.00871	0.00874	0.05102	0.14739	0.08605	0.07668	0.14998	0.09614	0.00795	0.00520	0.00160	0.00424	0.00699	0.00402	0.02219

[dist]
# distance from previous block
# <min> <max>
2	63

[block]
# block no. 1 follows, 52 sequences, length 60
# corresponding to MSA columns:
# 1301-1360
name=unknown_B
#
# <colnr> <probs for GDERKNQSTAVLIFYWHMCP>
#	G	D	E	R	K	N	Q	S	T	A	V	L	I	F	Y	W	H	M	C	P
0	0.01168	0.40434	0.20469	0.06454	0.01655	0.01457	0.05897	0.01481	0.02885	0.02993	0.00826	0.00973	0.00671	0.00442	0.00410	0.00124	0.02053	0.00331	0.00233	0.09043
1	0.03213	0.11275	0.22571	0.03638	0.21915	0.03523	0.13753	0.03457	0.01095	0.03141	0.00942	0.02426	0.00765	0.00483	0.00493	0.00147	0.02594	0.01528	0.00249	0.02794
2	0.03146	0.02332	0.00949	0.03803	0.04291	0.08004	0.02283	0.04533	0.05767	0.13095	0.04055	0.20443	0.22196	0.02182	0.00560	0.00167	0.00407	0.00811	0.00428	0.00550
3	0.01148	0.01218	0.02320	0.04262	0.05152	0.03025	0.50970	0.06430	0.01151	0.01563	0.01064	0.07279	0.00908	0.00561	0.00684	0.00169	0.10608	0.00589	0.00271	0.00629
4	0.03525	0.06926	0.05109	0.03148	0.06307	0.04645	0.10795	0.25409	0.07772	0.17352	0.03343	0.01345	0.00992	0.00545	0.00480	0.00147	0.00549	0.00459	0.00412	0.00741
5	0.00660	0.00521	0.00645	0.00633	0.00761	0.00480	0.02107	0.00875	0.04616	0.01555	0.30993	0.20171	0.30174	0.01209	0.02214	0.00179	0.00287	0.01003	0.00474	0.00445
6	0.00724	0.00516	0.00643	0.00636	0.00657	0.00561	0.00418	0.00775	0.00744	0.01030	0.01500	0.08157	0.01665	0.54725	0.17308	0.00485	0.06260	0.00690	0.02160	0.00347
7	0.03062	0.34815	0.15662	0.01042	0.03852	0.03174	0.00989	0.04289	0.19865	0.05828	0.01178	0.01204	0.02083	0.00512	0.00408	0.00135	0.00518	0.00383	0.00314	0.00689
8	0.09013	0.04216	0.01348	0.12900	0.18628	0.01076	0.03750	0.01697	0.20551	0.05242	0.01270	0.01414	0.00980	0.00537	0.00484	0.00150	0.03403	0.00448	0.12241	0.00652
9	0.01110	0.36931	0.47242	0.01146	0.01734	0.01463	0.01381	0.01499	0.01007	0.01366	0.00786	0.00918	0.00617	0.00441	0.00397	0.00132	0.00632	0.00316	0.00206	0.00676
10	0.00594	0.00428	0.00564	0.00672	0.00708	0.00398	0.00454	0.00684	0.00940	0.01245	0.02767	0.77372	0.06556	0.01501	0.00618	0.00196	0.00284	0.03173	0.00450	0.00396
11	0.16869	0.21526	0.05800	0.04258	0.01466	0.20374	0.05975	0.08615	0.02374	0.01585	0.00871	0.04076	0.00744	0.00521	0.00441	0.00138	0.03115	0.00374	0.00276	0.00603
12	0.00657	0.00451	0.00545	0.00590	0.00604	0.00438	0.00361	0.00697	0.00810	0.01083	0.03633	0.35771	0.02412	0.47854	0.01669	0.00351	0.00387	0.00984	0.00363	0.00338
13	0.01268	0.01072	0.01131	0.00999	0.01284	0.01235	0.00782	0.10020	0.71524	0.02128	0.01893	0.01745	0.01415	0.00650	0.00492	0.00163	0.00398	0.00537	0.00492	0.00773
14	0.00972	0.02507	0.80458	0.01381	0.02097	0.01125	0.01790	0.01535	0.01023	0.01535	0.00870	0.01023	0.00614	0.00460	0.00460	0.00153	0.00716	0.00358	0.00205	0.00716
15	0.00986	0.01008	0.01992	0.01549	0.01856	0.00993	0.44730	0.01287	0.01077	0.01457	0.01519	0.12644	0.01498	0.00793	0.00684	0.00185	0.07388	0.17480	0.00313	0.00564
16	0.00903	0.00452	0.00452	0.00452	0.00565	0.00452	0.00339	0.01129	0.01016	0.01807	0.01581	0.01807	0.01242	0.00565	0.00339	0.00113	0.00226	0.00452	0.85659	0.00452
17	0.00590	0.00422	0.00562	0.00675	0.00703	0.00394	0.00450	0.00675	0.00928	0.01237	0.02671	0.82653	0.03205	0.01518	0.00619	0.00197	0.00281	0.01378	0.00450	0.00394
18	0.00861	0.00757	0.01313	0.04114	0.01438	0.00725	0.20410	0.01112	0.01079	0.01442	0.02003	0.16788	0.02119	0.01035	0.00609	0.00191	0.00515	0.36899	0.00377	0.06214
19	0.00686	0.00495	0.00648	0.00610	0.00724	0.00457	0.00457	0.00914	0.01372	0.01943	0.79691	0.03620	0.04572	0.00991	0.00572	0.00152	0.00229	0.00876	0.00533	0.00457
20	0.01759	0.02233	0.01488	0.01309	0.01578	0.74890	0.06874	0.01906	0.01356	0.01214	0.00767	0.00907	0.00633	0.00492	0.00447	0.00128	0.00870	0.00332	0.00249	0.00569
21	0.01005	0.00861	0.01005	0.00718	0.01148	0.00646	0.00574	0.01220	0.01005	0.01579	0.00861	0.01005	0.00718	0.00359	0.00359	0.00072	0.00359	0.00287	0.00287	0.85932
22	0.01199	0.01151	0.01967	0.02974	0.79946	0.01151	0.01487	0.01487	0.01103	0.01583	0.00912	0.01199	0.00768	0.00432	0.00480	0.00144	0.00576	0.00432	0.00240	0.00768
23	0.01842	0.01357	0.01454	0.01115	0.01503	0.01503	0.00921	0.78330	0.02278	0.03054	0.01163	0.01163	0.00824	0.00582	0.00485	0.00145	0.00533	0.00436	0.00485	0.00824
24	0.00692	0.00519	0.00779	0.00779	0.00865	0.00606	0.00606	0.00865	0.00779	0.01125	0.01298	0.01904	0.01211	0.03634	0.81049	0.00779	0.01298	0.00519	0.00260	0.00433
25	0.13934	0.01588	0.01043	0.00948	0.01176	0.45053	0.00722	0.05041	0.01241	0.01573	0.00971	0.01114	0.00778	0.00513	0.00394	0.00126	0.00619	0.00346	0.22281	0.00540
26	0.10976	0.00809	0.00996	0.00791	0.01125	0.00744	0.00648	0.05647	0.01323	0.55862	0.02140	0.01943	0.11704	0.00667	0.00475	0.00151	0.00388	0.00532	0.02349	0.00728
27	0.00842	0.00421	0.00631	0.00631	0.00631	0.00421	0.00421	0.00631	0.00631	0.00842	0.00842	0.01473	0.00842	0.01684	0.01894	0.85901	0.00421	0.00421	0.00210	0.00210
28	0.01060	0.01060	0.01484	0.01272	0.01272	0.01484	0.01060	0.01166	0.00742	0.01166	0.00636	0.01060	0.00636	0.00848	0.01590	0.00212	0.82082	0.00424	0.00212	0.00530
29	0.01064	0.01071	0.01543	0.01305	0.01326	0.01473	0.04369	0.01183	0.00759	0.01183	0.00651	0.01071	0.00640	0.00829	0.01547	0.00210	0.78596	0.00430	0.00213	0.00535
30	0.00915	0.00861	0.01453	0.81804	0.03338	0.01077	0.01346	0.01238	0.00969	0.01238	0.00861	0.01292	0.00646	0.00484	0.00484	0.00161	0.00646	0.00431	0.00215	0.00538
31	0.04229	0.00566	0.00582	0.00557	0.00707	0.00580	0.00435	0.07048	0.03198	0.01852	0.01896	0.02229	0.08489	0.00677	0.00396	0.00130	0.00276	0.05679	0.59985	0.00487
32	0.00842	0.00421	0.00631	0.00631	0.00631	0.00421	0.00421	0.00631	0.00631	0.00842	0.00842	0.01473	0.00842	0.01684	0.01894	0.85901	0.00421	0.00421	0.00210	0.00210
33	0.00859	0.00708	0.00754	0.00710	0.00904	0.00733	0.00541	0.03107	0.30054	0.01686	0.10256	0.08620	0.33855	0.00974	0.00535	0.00163	0.00303	0.00822	0.03861	0.00556
34	0.00590	0.00422	0.00562	0.00675	0.00703	0.00394	0.00450	0.00675	0.00928	0.01237	0.02671	0.82653	0.03205	0.01518	0.00619	0.00197	0.00281	0.01378	0.00450	0.00394
35	0.00972	0.02507	0.80458	0.01381	0.02097	0.01125	0.01790	0.01535	0.01023	0.01535	0.00870	0.01023	0.00614	0.00460	0.00460	0.00153	0.00716	0.00358	0.00205	0.00716
36	0.01461	0.01757	0.01932	0.01569	0.03442	0.39894	0.29252	0.01730	0.03615	0.01352	0.00864	0.01086	0.00695	0.00504	0.00602	0.00149	0.08813	0.00428	0.00252	0.00603
37	0.01706	0.04069	0.01290	0.06605	0.01466	0.23937	0.00846	0.23997	0.01563	0.18737	0.01361	0.01377	0.04355	0.00577	0.00461	0.00139	0.00580	0.00433	0.05820	0.00681
38	0.01046	0.00888	0.01026	0.00745	0.01167	0.00704	0.00596	0.04243	0.04516	0.01656	0.00922	0.01047	0.00756	0.00381	0.00370	0.00079	0.00367	0.00304	0.00304	0.78885
39	0.01255	0.07056	0.09840	0.11689	0.12916	0.07935	0.18648	0.09557	0.10084	0.02853	0.01086	0.02995	0.00853	0.00508	0.00489	0.00151	0.00640	0.00469	0.00297	0.00679
40	0.01828	0.00836	0.01089	0.00819	0.01211	0.00693	0.00671	0.02023	0.01274	0.56948	0.01600	0.01458	0.01057	0.00528	0.00449	0.00127	0.00397	0.00428	0.00507	0.26057
41	0.01507	0.49936	0.02059	0.01002	0.01348	0.34483	0.00873	0.01650	0.01145	0.01159	0.00705	0.00817	0.00623	0.00449	0.00363	0.00112	0.00665	0.00281	0.00225	0.00597
42	0.00842	0.00421	0.00631	0.00631	0.00631	0.00421	0.00421	0.00631	0.00631	0.00842	0.00842	0.01473	0.00842	0.01684	0.01894	0.85901	0.00421	0.00421	0.00210	0.00210
43	0.01178	0.03514	0.13744	0.01922	0.07718	0.07357	0.54184	0.01572	0.01138	0.01514	0.00935	0.01213	0.00709	0.00425	0.00533	0.00156	0.00783	0.00504	0.00238	0.00663
44	0.01067	0.01065	0.01655	0.48274	0.22950	0.06472	0.05315	0.01362	0.01030	0.01337	0.00863	0.01231	0.00680	0.00484	0.00534	0.00157	0.04264	0.00430	0.00225	0.00605
45	0.00972	0.02507	0.80458	0.01381	0.02097	0.01125	0.01790	0.01535	0.01023	0.01535	0.00870	0.01023	0.00614	0.00460	0.00460	0.00153	0.00716	0.00358	0.00205	0.00716
46	0.00659	0.00474	0.00624	0.00628	0.00718	0.00439	0.00455	0.00847	0.01246	0.01743	0.57854	0.26027	0.04185	0.01140	0.00585	0.00165	0.00244	0.01019	0.00510	0.00439
47	0.01178	0.19042	0.10630	0.01380	0.06303	0.01233	0.22122	0.03465	0.05101	0.06742	0.01240	0.08035	0.01101	0.00620	0.00546	0.00156	0.04614	0.05547	0.00303	0.00641
48	0.00590	0.00422	0.00562	0.00675	0.00703	0.00394	0.00450	0.00675	0.00928	0.01237	0.02671	0.82653	0.03205	0.01518	0.00619	0.00197	0.00281	0.01378	0.00450	0.00394
49	0.00903	0.00452	0.00452	0.00452	0.00565	0.00452	0.00339	0.01129	0.01016	0.01807	0.01581	0.01807	0.01242	0.00565	0.00339	0.00113	0.00226	0.00452	0.85659	0.00452
50	0.01534	0.01619	0.01254	0.01113	0.01389	0.35478	0.00856	0.10505	0.37424	0.01778	0.01360	0.01338	0.01042	0.00581	0.00468	0.00145	0.00610	0.00435	0.00388	0.00685
51	0.01176	0.01089	0.01789	0.08130	0.63303	0.01112	0.01360	0.06550	0.01159	0.01631	0.01060	0.07464	0.00950	0.00529	0.00491	0.00149	0.00555	0.00505	0.00271	0.00727
52	0.00692	0.00519	0.00779	0.00779	0.00865	0.00606	0.00606	0.00865	0.00779	0.01125	0.01298	0.01904	0.01211	0.03634	0.81049	0.00779	0.01298	0.00519	0.00260	0.00433
53	0.00590	0.00422	0.00562	0.00675	0.00703	0.00394	0.00450	0.00675	0.00928	0.01237	0.02671	0.82653	0.03205	0.01518	0.00619	0.00197	0.00281	0.01378	0.00450	0.00394
54	0.01197	0.01158	0.02007	0.02933	0.76513	0.01155	0.04889	0.01490	0.01105	0.01582	0.00915	0.01204	0.00766	0.00431	0.00484	0.00145	0.00586	0.00438	0.00240	0.00763
55	0.00775	0.00610	0.00888	0.01129	0.15657	0.00611	0.00697	0.00922	0.00942	0.01276	0.02010	0.24147	0.05074	0.16510	0.11803	0.00319	0.00539	0.15275	0.00355	0.00461
56	0.01296	0.83261	0.02539	0.00829	0.01244	0.01917	0.00829	0.01451	0.00985	0.01140	0.00674	0.00777	0.00622	0.00415	0.00311	0.00104	0.00518	0.00259	0.00207	0.00622
57	0.00972	0.02507	0.80458	0.01381	0.02097	0.01125	0.01790	0.01535	0.01023	0.01535	0.00870	0.01023	0.00614	0.00460	0.00460	0.00153	0.00716	0.00358	0.00205	0.00716
58	0.00915	0.00861	0.01453	0.81804	0.03338	0.01077	0.01346	0.01238	0.00969	0.01238	0.00861	0.01292	0.00646	0.00484	0.00484	0.00161	0.00646	0.00431	0.00215	0.00538
59	0.01810	0.02310	0.01373	0.01248	0.01498	0.81024	0.00936	0.01935	0.01373	0.01186	0.00749	0.00874	0.00624	0.00499	0.00437	0.00125	0.00874	0.00312	0.00250	0.00562

[dist]
# distance from previous block
# <min> <max>
0	8

[block]
# block no. 2 follows, 52 sequences, length 53
# corresponding to MSA columns:
# 1369-1421
name=unknown_C
#
# <colnr> <probs for GDERKNQSTAVLIFYWHMCP>
#	G	D	E	R	K	N	Q	S	T	A	V	L	I	F	Y	W	H	M	C	P
0	0.00701	0.00470	0.00527	0.00527	0.00532	0.00468	0.00296	0.00704	0.00716	0.00950	0.01625	0.03214	0.04013	0.80609	0.02412	0.00461	0.00463	0.00714	0.00298	0.00297
1	0.01060	0.01060	0.01484	0.01272	0.01272	0.01484	0.01060	0.01166	0.00742	0.01166	0.00636	0.01060	0.00636	0.00848	0.01590	0.00212	0.82082	0.00424	0.00212	0.00530
2	0.01059	0.00772	0.00808	0.00747	0.00947	0.00860	0.00575	0.01904	0.43277	0.01931	0.04680	0.01874	0.01494	0.00631	0.00431	0.00142	0.00311	0.00519	0.36416	0.00623
3	0.00842	0.00421	0.00631	0.00631	0.00631	0.00421	0.00421	0.00631	0.00631	0.00842	0.00842	0.01473	0.00842	0.01684	0.01894	0.85901	0.00421	0.00421	0.00210	0.00210
4	0.01290	0.80127	0.02552	0.00876	0.01293	0.01891	0.03787	0.01455	0.00991	0.01156	0.00685	0.00798	0.00626	0.00414	0.00321	0.00106	0.00530	0.00271	0.00209	0.00623
5	0.00693	0.00518	0.00771	0.00771	0.00854	0.00601	0.00596	0.00860	0.00776	0.01119	0.01305	0.01945	0.01229	0.06206	0.78502	0.00769	0.01271	0.00525	0.00261	0.00428
6	0.00927	0.00873	0.01475	0.78558	0.06492	0.01080	0.01352	0.01248	0.00975	0.01252	0.00863	0.01288	0.00651	0.00482	0.00484	0.00161	0.00643	0.00431	0.00216	0.00548
7	0.00915	0.00861	0.01453	0.81804	0.03338	0.01077	0.01346	0.01238	0.00969	0.01238	0.00861	0.01292	0.00646	0.00484	0.00484	0.00161	0.00646	0.00431	0.00215	0.00538
8	0.00693	0.00518	0.00771	0.00771	0.00854	0.00601	0.00596	0.00860	0.00776	0.01119	0.01305	0.01945	0.01229	0.06206	0.78502	0.00769	0.01271	0.00525	0.00261	0.00428
9	0.00741	0.00508	0.00665	0.00619	0.00743	0.00467	0.00467	0.00968	0.01372	0.04839	0.76815	0.03547	0.04448	0.00976	0.00568	0.00152	0.00235	0.00862	0.00536	0.00471
10	0.01237	0.00794	0.00944	0.00812	0.01048	0.00814	0.00638	0.09510	0.22219	0.17607	0.35537	0.02496	0.02697	0.00783	0.00525	0.00154	0.00337	0.00667	0.00531	0.00650
11	0.10551	0.03080	0.40315	0.04254	0.07288	0.01031	0.03830	0.01669	0.01096	0.18556	0.03138	0.01228	0.00850	0.00500	0.00455	0.00151	0.00588	0.00402	0.00313	0.00705
12	0.01228	0.01211	0.01919	0.04936	0.73375	0.05800	0.01451	0.01507	0.01116	0.01551	0.00901	0.01183	0.00756	0.00437	0.00477	0.00143	0.00595	0.00425	0.00240	0.00750
13	0.02174	0.00825	0.01125	0.00862	0.01237	0.00712	0.00712	0.02362	0.01387	0.80282	0.01912	0.01649	0.01200	0.00600	0.00487	0.00150	0.00412	0.00487	0.00600	0.00825
14	0.16536	0.01378	0.08859	0.02756	0.09076	0.16242	0.07579	0.07430	0.01239	0.16397	0.01151	0.01392	0.00886	0.00546	0.00456	0.00149	0.00585	0.04692	0.01993	0.00657
15	0.00667	0.00490	0.00624	0.00601	0.00715	0.00447	0.00447	0.00873	0.01311	0.01824	0.66008	0.09298	0.12781	0.01054	0.00575	0.00157	0.00234	0.00928	0.00518	0.00447
16	0.01310	0.01015	0.01182	0.00900	0.01293	0.00957	0.02859	0.19087	0.14673	0.07105	0.01192	0.01229	0.00904	0.00478	0.00425	0.00112	0.00419	0.00387	0.00386	0.44088
17	0.01526	0.00924	0.01242	0.04790	0.11187	0.02278	0.02256	0.03552	0.01210	0.33083	0.01329	0.01395	0.00955	0.00498	0.00446	0.00124	0.00444	0.01905	0.00409	0.30446
18	0.01254	0.04937	0.40694	0.01409	0.03394	0.01121	0.17144	0.05565	0.02819	0.13852	0.02494	0.01243	0.00833	0.00489	0.00486	0.00153	0.00654	0.00437	0.00301	0.00719
19	0.01293	0.01408	0.06707	0.02173	0.30994	0.07893	0.29702	0.10699	0.01276	0.01711	0.00951	0.01198	0.00742	0.00448	0.00510	0.00150	0.00693	0.00470	0.00270	0.00712
20	0.00972	0.02507	0.80458	0.01381	0.02097	0.01125	0.01790	0.01535	0.01023	0.01535	0.00870	0.01023	0.00614	0.00460	0.00460	0.00153	0.00716	0.00358	0.00205	0.00716
21	0.00617	0.00433	0.00554	0.00640	0.00662	0.00412	0.00413	0.00682	0.00875	0.01167	0.02401	0.63906	0.02865	0.20729	0.01054	0.00261	0.00326	0.01219	0.00413	0.00370
22	0.01385	0.45635	0.09399	0.01037	0.04273	0.01460	0.05333	0.01659	0.04808	0.15929	0.01086	0.04188	0.00880	0.00507	0.00399	0.00128	0.00521	0.00391	0.00306	0.00674
23	0.00705	0.00470	0.00529	0.00529	0.00529	0.00470	0.00294	0.00705	0.00705	0.00940	0.01527	0.03171	0.01762	0.82969	0.02467	0.00470	0.00470	0.00705	0.00294	0.00294
24	0.00903	0.00452	0.00452	0.00452	0.00565	0.00452	0.00339	0.01129	0.01016	0.01807	0.01581	0.01807	0.01242	0.00565	0.00339	0.00113	0.00226	0.00452	0.85659	0.00452
25	0.01214	0.08775	0.01232	0.00971	0.01259	0.01272	0.00773	0.02469	0.71725	0.01944	0.01850	0.01711	0.01399	0.00635	0.00476	0.00159	0.00396	0.00521	0.00466	0.00753
26	0.01002	0.07193	0.70729	0.01392	0.02076	0.01179	0.06786	0.01531	0.01029	0.01513	0.00865	0.01027	0.00622	0.00454	0.00459	0.00151	0.00711	0.00366	0.00207	0.00706
27	0.01199	0.01151	0.01967	0.02974	0.79946	0.01151	0.01487	0.01487	0.01103	0.01583	0.00912	0.01199	0.00768	0.00432	0.00480	0.00144	0.00576	0.00432	0.00240	0.00768
28	0.00573	0.00491	0.00491	0.00491	0.00655	0.00409	0.00368	0.00695	0.01105	0.01309	0.04909	0.04664	0.79750	0.01227	0.00573	0.00164	0.00245	0.01023	0.00450	0.00409
29	0.01125	0.01487	0.20407	0.04026	0.42671	0.01170	0.16041	0.01494	0.01076	0.01544	0.00904	0.01176	0.00718	0.00450	0.00533	0.00153	0.03634	0.00441	0.00231	0.00721
30	0.01109	0.00909	0.01266	0.01511	0.26831	0.06028	0.03829	0.01379	0.03430	0.09927	0.31558	0.02357	0.06381	0.00715	0.00522	0.00149	0.00431	0.00640	0.00409	0.00618
31	0.01810	0.02310	0.01373	0.01248	0.01498	0.81024	0.00936	0.01935	0.01373	0.01186	0.00749	0.00874	0.00624	0.00499	0.00437	0.00125	0.00874	0.00312	0.00250	0.00562
32	0.00705	0.00470	0.00529	0.00529	0.00529	0.00470	0.00294	0.00705	0.00705	0.00940	0.01527	0.03171	0.01762	0.82969	0.02467	0.00470	0.00470	0.00705	0.00294	0.00294
33	0.01842	0.01357	0.01454	0.01115	0.01503	0.01503	0.00921	0.78330	0.02278	0.03054	0.01163	0.01163	0.00824	0.00582	0.00485	0.00145	0.00533	0.00436	0.00485	0.00824
34	0.01810	0.02310	0.01373	0.01248	0.01498	0.81024	0.00936	0.01935	0.01373	0.01186	0.00749	0.00874	0.00624	0.00499	0.00437	0.00125	0.00874	0.00312	0.00250	0.00562
35	0.00692	0.00519	0.00779	0.00779	0.00865	0.00606	0.00606	0.00865	0.00779	0.01125	0.01298	0.01904	0.01211	0.03634	0.81049	0.00779	0.01298	0.00519	0.00260	0.00433
36	0.01842	0.01357	0.01454	0.01115	0.01503	0.01503	0.00921	0.78330	0.02278	0.03054	0.01163	0.01163	0.00824	0.00582	0.00485	0.00145	0.00533	0.00436	0.00485	0.00824
37	0.01842	0.01357	0.01454	0.01115	0.01503	0.01503	0.00921	0.78330	0.02278	0.03054	0.01163	0.01163	0.00824	0.00582	0.00485	0.00145	0.00533	0.00436	0.00485	0.00824
38	0.00842	0.00421	0.00631	0.00631	0.00631	0.00421	0.00421	0.00631	0.00631	0.00842	0.00842	0.01473	0.00842	0.01684	0.01894	0.85901	0.00421	0.00421	0.00210	0.00210
39	0.01035	0.01019	0.01417	0.01220	0.01220	0.01413	0.01006	0.01134	0.00740	0.01150	0.00699	0.01209	0.00715	0.06629	0.01652	0.00230	0.76338	0.00444	0.00218	0.00513
40	0.00912	0.00854	0.01309	0.01133	0.01213	0.01091	0.07718	0.01074	0.00793	0.01183	0.00946	0.01438	0.00888	0.01984	0.35014	0.00447	0.40792	0.00477	0.00235	0.00500
41	0.00915	0.00861	0.01453	0.81804	0.03338	0.01077	0.01346	0.01238	0.00969	0.01238	0.00861	0.01292	0.00646	0.00484	0.00484	0.00161	0.00646	0.00431	0.00215	0.00538
42	0.01842	0.01357	0.01454	0.01115	0.01503	0.01503	0.00921	0.78330	0.02278	0.03054	0.01163	0.01163	0.00824	0.00582	0.00485	0.00145	0.00533	0.00436	0.00485	0.00824
43	0.00863	0.00776	0.01318	0.01613	0.27396	0.00750	0.10496	0.01056	0.01013	0.01392	0.01872	0.45300	0.02083	0.01017	0.00566	0.00175	0.00446	0.00961	0.00354	0.00551
44	0.00590	0.00422	0.00562	0.00675	0.00703	0.00394	0.00450	0.00675	0.00928	0.01237	0.02671	0.82653	0.03205	0.01518	0.00619	0.00197	0.00281	0.01378	0.00450	0.00394
45	0.00590	0.00422	0.00562	0.00675	0.00703	0.00394	0.00450	0.00675	0.00928	0.01237	0.02671	0.82653	0.03205	0.01518	0.00619	0.00197	0.00281	0.01378	0.00450	0.00394
46	0.01005	0.00861	0.01005	0.00718	0.01148	0.00646	0.00574	0.01220	0.01005	0.01579	0.00861	0.01005	0.00718	0.00359	0.00359	0.00072	0.00359	0.00287	0.00287	0.85932
47	0.03882	0.01008	0.14467	0.01018	0.04808	0.00745	0.09256	0.01208	0.06046	0.04792	0.13184	0.13453	0.22391	0.00889	0.00537	0.00163	0.00426	0.00783	0.00392	0.00553
48	0.00590	0.00423	0.00561	0.00670	0.00702	0.00394	0.00448	0.00675	0.00932	0.01239	0.02727	0.80695	0.05127	0.01511	0.00617	0.00196	0.00280	0.01369	0.00450	0.00394
49	0.00730	0.00569	0.00828	0.00807	0.00878	0.00682	0.00625	0.00882	0.00769	0.01114	0.01251	0.01926	0.01200	0.09973	0.66610	0.00697	0.09248	0.00525	0.00258	0.00431
50	0.01005	0.00861	0.01005	0.00718	0.01148	0.00646	0.00574	0.01220	0.01005	0.01579	0.00861	0.01005	0.00718	0.00359	0.00359	0.00072	0.00359	0.00287	0.00287	0.85932
51	0.01417	0.01669	0.01273	0.01155	0.01318	0.47265	0.00894	0.01548	0.01115	0.01169	0.00840	0.01129	0.00750	0.01229	0.17539	0.00280	0.18261	0.00379	0.00244	0.00528
52	0.00957	0.01808	0.47079	0.01388	0.08540	0.00982	0.07945	0.01394	0.01088	0.01596	0.13434	0.01520	0.01299	0.02285	0.00525	0.00154	0.00605	0.00467	0.00271	0.06663

[dist]
# distance from previous block
# <min> <max>
0	3

[block]
# block no. 3 follows, 52 sequences, length 44
# corresponding to MSA columns:
# 1425-1468
name=unknown_D
#
# <colnr> <probs for GDERKNQSTAVLIFYWHMCP>
#	G	D	E	R	K	N	Q	S	T	A	V	L	I	F	Y	W	H	M	C	P
0	0.01181	0.35944	0.02394	0.08148	0.10118	0.01474	0.26380	0.01482	0.03395	0.01360	0.00913	0.03459	0.00778	0.00460	0.00443	0.00137	0.00622	0.00436	0.00240	0.00638
1	0.01063	0.00940	0.01368	0.19787	0.09103	0.00878	0.07002	0.03329	0.01054	0.03292	0.00903	0.01133	0.00719	0.00419	0.00446	0.00113	0.02040	0.00367	0.00274	0.45771
2	0.01437	0.29238	0.04294	0.01456	0.17686	0.03009	0.05068	0.25774	0.04350	0.01903	0.00949	0.01062	0.00754	0.00483	0.00428	0.00132	0.00558	0.00382	0.00315	0.00725
3	0.00942	0.00900	0.01552	0.73483	0.07473	0.01088	0.05231	0.01268	0.00985	0.01273	0.00870	0.01288	0.00657	0.00478	0.00489	0.00161	0.00651	0.00438	0.00218	0.00557
4	0.01184	0.00856	0.01023	0.00740	0.01162	0.00656	0.00595	0.01396	0.01064	0.13665	0.01023	0.01104	0.00792	0.00396	0.00379	0.00084	0.00367	0.00318	0.00335	0.72862
5	0.00693	0.00529	0.00658	0.00722	0.00856	0.00495	0.00606	0.00873	0.01111	0.01390	0.03559	0.05126	0.35397	0.01291	0.00628	0.00198	0.00361	0.44626	0.00448	0.00430
6	0.01818	0.01447	0.01407	0.01108	0.01469	0.12072	0.00902	0.64266	0.02102	0.04423	0.01136	0.01154	0.00818	0.00571	0.00474	0.00142	0.00567	0.00421	0.02925	0.00778
7	0.00972	0.02507	0.80458	0.01381	0.02097	0.01125	0.01790	0.01535	0.01023	0.01535	0.00870	0.01023	0.00614	0.00460	0.00460	0.00153	0.00716	0.00358	0.00205	0.00716
8	0.01031	0.07674	0.64781	0.01348	0.01974	0.01219	0.03876	0.03812	0.01041	0.01527	0.00851	0.01022	0.00626	0.00488	0.00539	0.00155	0.06759	0.00365	0.00215	0.00698
9	0.01174	0.01118	0.01899	0.02854	0.75707	0.01116	0.01439	0.01459	0.01112	0.01592	0.03417	0.01370	0.00932	0.00469	0.00487	0.00146	0.00562	0.02142	0.00254	0.00751
10	0.00590	0.00422	0.00562	0.00675	0.00703	0.00394	0.00450	0.00675	0.00928	0.01237	0.02671	0.82653	0.03205	0.01518	0.00619	0.00197	0.00281	0.01378	0.00450	0.00394
11	0.01122	0.01133	0.02116	0.13533	0.43149	0.01137	0.24618	0.01444	0.01091	0.01514	0.00987	0.04104	0.00827	0.00470	0.00513	0.00154	0.00648	0.00507	0.00245	0.00688
12	0.01097	0.02086	0.51291	0.01558	0.05904	0.05093	0.17077	0.05554	0.01132	0.01597	0.00940	0.02760	0.00710	0.00478	0.00487	0.00154	0.00719	0.00428	0.00236	0.00697
13	0.00972	0.02507	0.80458	0.01381	0.02097	0.01125	0.01790	0.01535	0.01023	0.01535	0.00870	0.01023	0.00614	0.00460	0.00460	0.00153	0.00716	0.00358	0.00205	0.00716
14	0.00590	0.00422	0.00562	0.00675	0.00703	0.00394	0.00450	0.00675	0.00928	0.01237	0.02671	0.82653	0.03205	0.01518	0.00619	0.00197	0.00281	0.01378	0.00450	0.00394
15	0.00987	0.06240	0.76856	0.01356	0.02058	0.01162	0.01746	0.01531	0.01021	0.01516	0.00861	0.01012	0.00614	0.00458	0.00453	0.00151	0.00707	0.00354	0.00205	0.00712
16	0.00699	0.00504	0.00685	0.00791	0.00874	0.00489	0.00637	0.00866	0.01045	0.01364	0.02723	0.34237	0.06826	0.01400	0.00646	0.00210	0.00374	0.44759	0.00448	0.00425
17	0.00686	0.00495	0.00648	0.00610	0.00724	0.00457	0.00457	0.00914	0.01372	0.01943	0.79691	0.03620	0.04572	0.00991	0.00572	0.00152	0.00229	0.00876	0.00533	0.00457
18	0.00589	0.00427	0.00557	0.00662	0.00699	0.00395	0.00444	0.00676	0.00940	0.01242	0.02831	0.77074	0.08681	0.01497	0.00615	0.00194	0.00279	0.01352	0.00450	0.00395
19	0.01205	0.01041	0.01096	0.00986	0.01260	0.01205	0.00767	0.02575	0.79071	0.02027	0.01972	0.01808	0.01479	0.00657	0.00493	0.00164	0.00384	0.00548	0.00493	0.00767
20	0.02174	0.00825	0.01125	0.00862	0.01237	0.00712	0.00712	0.02362	0.01387	0.80282	0.01912	0.01649	0.01200	0.00600	0.00487	0.00150	0.00412	0.00487	0.00600	0.00825
21	0.02174	0.00825	0.01125	0.00862	0.01237	0.00712	0.00712	0.02362	0.01387	0.80282	0.01912	0.01649	0.01200	0.00600	0.00487	0.00150	0.00412	0.00487	0.00600	0.00825
22	0.00705	0.00470	0.00529	0.00529	0.00529	0.00470	0.00294	0.00705	0.00705	0.00940	0.01527	0.03171	0.01762	0.82969	0.02467	0.00470	0.00470	0.00705	0.00294	0.00294
23	0.01205	0.01041	0.01096	0.00986	0.01260	0.01205	0.00767	0.02575	0.79071	0.02027	0.01972	0.01808	0.01479	0.00657	0.00493	0.00164	0.00384	0.00548	0.00493	0.00767
24	0.01296	0.83261	0.02539	0.00829	0.01244	0.01917	0.00829	0.01451	0.00985	0.01140	0.00674	0.00777	0.00622	0.00415	0.00311	0.00104	0.00518	0.00259	0.00207	0.00622
25	0.01005	0.00861	0.01005	0.00718	0.01148	0.00646	0.00574	0.01220	0.01005	0.01579	0.00861	0.01005	0.00718	0.00359	0.00359	0.00072	0.00359	0.00287	0.00287	0.85932
26	0.03615	0.02084	0.01389	0.01355	0.07925	0.66813	0.00960	0.04692	0.01351	0.01308	0.00796	0.00946	0.00662	0.00608	0.03327	0.00151	0.00841	0.00333	0.00259	0.00583
27	0.01296	0.83261	0.02539	0.00829	0.01244	0.01917	0.00829	0.01451	0.00985	0.01140	0.00674	0.00777	0.00622	0.00415	0.00311	0.00104	0.00518	0.00259	0.00207	0.00622
28	0.01842	0.01357	0.01454	0.01115	0.01503	0.01503	0.00921	0.78330	0.02278	0.03054	0.01163	0.01163	0.00824	0.00582	0.00485	0.00145	0.00533	0.00436	0.00485	0.00824
29	0.01842	0.01357	0.01454	0.01115	0.01503	0.01503	0.00921	0.78330	0.02278	0.03054	0.01163	0.01163	0.00824	0.00582	0.00485	0.00145	0.00533	0.00436	0.00485	0.00824
30	0.02174	0.00825	0.01125	0.00862	0.01237	0.00712	0.00712	0.02362	0.01387	0.80282	0.01912	0.01649	0.01200	0.00600	0.00487	0.00150	0.00412	0.00487	0.00600	0.00825
31	0.00842	0.00421	0.00631	0.00631	0.00631	0.00421	0.00421	0.00631	0.00631	0.00842	0.00842	0.01473	0.00842	0.01684	0.01894	0.85901	0.00421	0.00421	0.00210	0.00210
32	0.00705	0.00470	0.00529	0.00529	0.00529	0.00470	0.00294	0.00705	0.00705	0.00940	0.01527	0.03171	0.01762	0.82969	0.02467	0.00470	0.00470	0.00705	0.00294	0.00294
33	0.00692	0.00519	0.00779	0.00779	0.00865	0.00606	0.00606	0.00865	0.00779	0.01125	0.01298	0.01904	0.01211	0.03634	0.81049	0.00779	0.01298	0.00519	0.00260	0.00433
34	0.01144	0.01307	0.02859	0.02042	0.02533	0.01225	0.78186	0.01552	0.01144	0.01552	0.00980	0.01307	0.00735	0.00408	0.00572	0.00163	0.00817	0.00572	0.00245	0.00654
35	0.00915	0.00861	0.01453	0.81804	0.03338	0.01077	0.01346	0.01238	0.00969	0.01238	0.00861	0.01292	0.00646	0.00484	0.00484	0.00161	0.00646	0.00431	0.00215	0.00538
36	0.00842	0.00421	0.00631	0.00631	0.00631	0.00421	0.00421	0.00631	0.00631	0.00842	0.00842	0.01473	0.00842	0.01684	0.01894	0.85901	0.00421	0.00421	0.00210	0.00210
37	0.00590	0.00422	0.00562	0.00675	0.00703	0.00394	0.00450	0.00675	0.00928	0.01237	0.02671	0.82653	0.03205	0.01518	0.00619	0.00197	0.00281	0.01378	0.00450	0.00394
38	0.00590	0.00422	0.00562	0.00675	0.00703	0.00394	0.00450	0.00675	0.00928	0.01237	0.02671	0.82653	0.03205	0.01518	0.00619	0.00197	0.00281	0.01378	0.00450	0.00394
39	0.86392	0.00937	0.00712	0.00637	0.00937	0.01087	0.00525	0.01425	0.00825	0.02174	0.00675	0.00787	0.00525	0.00450	0.00300	0.00150	0.00375	0.00262	0.00300	0.00525
40	0.06467	0.00856	0.01029	0.00905	0.01103	0.03422	0.02557	0.22839	0.01231	0.01745	0.01200	0.01603	0.01040	0.03990	0.47151	0.00519	0.00982	0.00478	0.00326	0.00556
41	0.33122	0.01163	0.01156	0.00920	0.01274	0.01291	0.00759	0.44297	0.01675	0.08427	0.01038	0.01060	0.00741	0.00534	0.00417	0.00147	0.00466	0.00376	0.00425	0.00714
42	0.01345	0.05280	0.10030	0.18019	0.02090	0.01020	0.22964	0.01658	0.01156	0.23693	0.04891	0.01497	0.01034	0.02494	0.00551	0.00162	0.00606	0.00498	0.00348	0.00665
43	0.01049	0.01105	0.05417	0.01309	0.01722	0.00947	0.31241	0.02747	0.01062	0.01545	0.01024	0.06700	0.00886	0.00497	0.00544	0.00130	0.05621	0.00488	0.00277	0.35691

[dist]
# distance from previous block
# <min> <max>
1	5

[block]
# block no. 4 follows, 52 sequences, length 9
# corresponding to MSA columns:
# 1474-1482
name=unknown_E
#
# <colnr> <probs for GDERKNQSTAVLIFYWHMCP>
#	G	D	E	R	K	N	Q	S	T	A	V	L	I	F	Y	W	H	M	C	P
0	0.00861	0.00559	0.00722	0.00715	0.00860	0.00492	0.00524	0.00993	0.01013	0.10029	0.04470	0.47457	0.02500	0.04195	0.00630	0.00181	0.00329	0.07665	0.00434	0.15372
1	0.01433	0.37694	0.04764	0.09410	0.07102	0.01415	0.00943	0.04598	0.06816	0.18107	0.01092	0.01150	0.00827	0.00497	0.00430	0.00132	0.02205	0.00372	0.00325	0.00686
2	0.00697	0.00484	0.00609	0.00613	0.00711	0.00443	0.00438	0.00852	0.01160	0.04290	0.39215	0.25273	0.14373	0.07725	0.00734	0.00191	0.00271	0.01007	0.00482	0.00433
