[name]
unknown

[dist]
# distance from previous block
# <min> <max>
0	358

[block]
# block no. 0 follows, 41 sequences, length 86
# corresponding to MSA columns:
# 358-443
name=unknown_A
#
# <colnr> <probs for GDERKNQSTAVLIFYWHMCP>
#	G	D	E	R	K	N	Q	S	T	A	V	L	I	F	Y	W	H	M	C	P
0	0.03385	0.07657	0.01353	0.01258	0.08293	0.01092	0.00948	0.08561	0.12213	0.07650	0.02410	0.03682	0.07271	0.03393	0.02498	0.00234	0.00549	0.26355	0.00492	0.00705
1	0.10260	0.01337	0.01487	0.06423	0.22334	0.14819	0.01086	0.04909	0.01293	0.04083	0.03266	0.01820	0.03210	0.09388	0.04777	0.03074	0.02811	0.00538	0.02405	0.00680
2	0.01575	0.01081	0.01219	0.01071	0.01351	0.03128	0.00854	0.29672	0.03385	0.10836	0.02281	0.20744	0.04486	0.01182	0.02562	0.00217	0.00538	0.10349	0.02723	0.00745
3	0.01243	0.11967	0.36121	0.01533	0.07750	0.04525	0.04286	0.03533	0.04729	0.01786	0.02840	0.07199	0.03752	0.00710	0.00554	0.00176	0.00702	0.02943	0.00323	0.03327
4	0.00793	0.00582	0.00682	0.00702	0.00831	0.00539	0.00510	0.00949	0.04536	0.01540	0.08365	0.18559	0.36986	0.01605	0.02848	0.13430	0.00374	0.03008	0.02693	0.00468
5	0.04610	0.00562	0.00675	0.00737	0.00826	0.00530	0.00513	0.00896	0.01179	0.01617	0.13680	0.43602	0.15724	0.09156	0.00909	0.00248	0.00348	0.03195	0.00519	0.00476
6	0.01858	0.00884	0.01127	0.00932	0.01260	0.00820	0.00744	0.04599	0.08599	0.42482	0.16831	0.06125	0.06619	0.00894	0.00602	0.00181	0.00420	0.00752	0.03454	0.00816
7	0.01205	0.00767	0.00911	0.00854	0.01071	0.00745	0.00644	0.03189	0.14598	0.15395	0.11722	0.24124	0.19997	0.01239	0.00653	0.00199	0.00371	0.01072	0.00584	0.00659
8	0.03771	0.00773	0.00952	0.00836	0.01083	0.00724	0.00650	0.03621	0.05292	0.24511	0.23594	0.06903	0.14268	0.06838	0.00799	0.00214	0.00395	0.03502	0.00597	0.00676
9	0.04292	0.00829	0.00940	0.00810	0.01024	0.00835	0.00602	0.13756	0.01414	0.17541	0.01851	0.04996	0.01614	0.25643	0.01265	0.00286	0.00472	0.00661	0.20528	0.00640
10	0.10180	0.00759	0.00938	0.00854	0.01090	0.00716	0.00652	0.01671	0.03142	0.27152	0.16771	0.26356	0.05125	0.01138	0.00622	0.00196	0.00385	0.00982	0.00592	0.00678
11	0.54170	0.01105	0.01048	0.00872	0.01259	0.01192	0.00719	0.07523	0.01296	0.24119	0.01263	0.01258	0.00877	0.00594	0.00435	0.00177	0.00469	0.00402	0.00473	0.00749
12	0.00773	0.00561	0.00672	0.00726	0.00847	0.00501	0.00523	0.00911	0.01230	0.04098	0.07753	0.38180	0.32318	0.03066	0.00746	0.00220	0.00333	0.05509	0.00538	0.00494
13	0.01891	0.00906	0.01129	0.00930	0.01228	0.00863	0.00718	0.10483	0.03962	0.39946	0.02101	0.07843	0.01693	0.18167	0.01090	0.00262	0.00495	0.00700	0.04818	0.00774
14	0.00725	0.00530	0.00681	0.00751	0.00830	0.00487	0.00522	0.00875	0.01259	0.01693	0.22987	0.51015	0.12359	0.01586	0.00709	0.00214	0.00310	0.01420	0.00557	0.00487
15	0.01080	0.01017	0.01716	0.78523	0.03940	0.01271	0.01589	0.01461	0.01144	0.01461	0.01017	0.01525	0.00762	0.00572	0.00572	0.00191	0.00762	0.00508	0.00254	0.00635
16	0.07240	0.01234	0.01450	0.01122	0.01563	0.01247	0.00926	0.30835	0.03727	0.41880	0.01825	0.01665	0.01202	0.00691	0.00561	0.00175	0.00539	0.00537	0.00631	0.00950
17	0.01208	0.00781	0.00867	0.00779	0.01048	0.00731	0.00606	0.01641	0.15023	0.17399	0.04416	0.04140	0.46789	0.01170	0.00638	0.00190	0.00361	0.00972	0.00577	0.00663
18	0.00762	0.00603	0.00688	0.00663	0.00834	0.00540	0.00498	0.01012	0.03869	0.01916	0.37849	0.04830	0.41283	0.01299	0.00672	0.00187	0.00286	0.01110	0.00578	0.00523
19	0.02174	0.01602	0.01717	0.01316	0.01774	0.01774	0.01087	0.74423	0.02689	0.03605	0.01373	0.01373	0.00973	0.00687	0.00572	0.00172	0.00629	0.00515	0.00572	0.00973
20	0.00719	0.00514	0.00689	0.00822	0.00865	0.00484	0.00570	0.00835	0.01117	0.01485	0.03140	0.72254	0.03734	0.01771	0.00736	0.00235	0.00351	0.08676	0.00531	0.00471
21	0.03931	0.01180	0.01528	0.01325	0.01451	0.07130	0.05399	0.05053	0.01070	0.01541	0.01080	0.01582	0.00992	0.02011	0.27001	0.00457	0.35826	0.00533	0.00294	0.00616
22	0.02128	0.01584	0.01669	0.01284	0.01738	0.04195	0.01055	0.65303	0.02530	0.05912	0.01366	0.01370	0.00973	0.00669	0.00562	0.00166	0.00626	0.00502	0.00554	0.05816
23	0.00818	0.00608	0.00893	0.00893	0.00987	0.00701	0.00683	0.01005	0.00912	0.01309	0.01556	0.02378	0.01487	0.10884	0.71115	0.00887	0.01447	0.00632	0.00310	0.00496
24	0.02174	0.01602	0.01717	0.01316	0.01774	0.01774	0.01087	0.74423	0.02689	0.03605	0.01373	0.01373	0.00973	0.00687	0.00572	0.00172	0.00629	0.00515	0.00572	0.00973
25	0.83938	0.01106	0.00841	0.00752	0.01106	0.01283	0.00619	0.01681	0.00973	0.02566	0.00796	0.00929	0.00619	0.00531	0.00354	0.00177	0.00442	0.00310	0.00354	0.00619
26	0.01367	0.01115	0.08277	0.01277	0.01589	0.00948	0.17183	0.01612	0.01187	0.18096	0.01719	0.08009	0.01554	0.22112	0.07416	0.00348	0.04391	0.00730	0.00410	0.00659
27	0.14725	0.23622	0.01881	0.01190	0.01573	0.32646	0.00984	0.11353	0.01532	0.04346	0.00955	0.01059	0.00771	0.00569	0.00459	0.00149	0.00754	0.00368	0.00340	0.00726
28	0.01524	0.01336	0.02061	0.11808	0.33009	0.01405	0.09230	0.16439	0.08644	0.03889	0.04034	0.01619	0.01154	0.00604	0.00585	0.00178	0.00669	0.00562	0.00389	0.00860
29	0.01343	0.01040	0.01253	0.05363	0.01533	0.00846	0.00763	0.04975	0.01292	0.08273	0.01139	0.01279	0.00896	0.00469	0.00452	0.00103	0.00458	0.00377	0.00376	0.67767
30	0.01186	0.01017	0.01186	0.00847	0.01356	0.00762	0.00678	0.01440	0.01186	0.01864	0.01017	0.01186	0.00847	0.00424	0.00424	0.00085	0.00424	0.00339	0.00339	0.83395
31	0.00937	0.00690	0.00989	0.01184	0.05639	0.00688	0.00947	0.01194	0.01302	0.01705	0.02920	0.10782	0.03181	0.01530	0.00773	0.00256	0.00523	0.63703	0.00512	0.00545
32	0.00898	0.00699	0.00941	0.00898	0.00940	0.00828	0.00656	0.01005	0.00876	0.01246	0.01508	0.02692	0.01580	0.34908	0.33709	0.00653	0.14502	0.00684	0.00313	0.00463
33	0.83938	0.01106	0.00841	0.00752	0.01106	0.01283	0.00619	0.01681	0.00973	0.02566	0.00796	0.00929	0.00619	0.00531	0.00354	0.00177	0.00442	0.00310	0.00354	0.00619
34	0.01529	0.80242	0.02997	0.00979	0.01468	0.02263	0.00979	0.01713	0.01162	0.01346	0.00795	0.00918	0.00734	0.00489	0.00367	0.00122	0.00612	0.00306	0.00245	0.00734
35	0.00822	0.00594	0.00824	0.00824	0.00893	0.00663	0.00596	0.00960	0.00891	0.01257	0.01619	0.02731	0.01640	0.28751	0.53458	0.00801	0.01216	0.00684	0.00319	0.00458
36	0.01147	0.02959	0.76934	0.01630	0.02476	0.01328	0.02113	0.01811	0.01208	0.01811	0.01026	0.01208	0.00725	0.00543	0.00543	0.00181	0.00845	0.00423	0.00242	0.00845
37	0.02566	0.00973	0.01327	0.01018	0.01460	0.00841	0.00841	0.02788	0.01637	0.76726	0.02257	0.01947	0.01416	0.00708	0.00575	0.00177	0.00487	0.00575	0.00708	0.00973
38	0.01350	0.01543	0.03375	0.02411	0.02989	0.01446	0.74253	0.01832	0.01350	0.01832	0.01157	0.01543	0.00868	0.00482	0.00675	0.00193	0.00964	0.00675	0.00289	0.00771
39	0.01080	0.01017	0.01716	0.78523	0.03940	0.01271	0.01589	0.01461	0.01144	0.01461	0.01017	0.01525	0.00762	0.00572	0.00572	0.00191	0.00762	0.00508	0.00254	0.00635
40	0.01251	0.01251	0.01752	0.01502	0.01502	0.01752	0.01251	0.01377	0.00876	0.01377	0.00751	0.01251	0.00751	0.01001	0.01877	0.00250	0.78851	0.00501	0.00250	0.00626
41	0.00994	0.00497	0.00745	0.00745	0.00745	0.00497	0.00497	0.00745	0.00745	0.00994	0.00994	0.01739	0.00994	0.01987	0.02235	0.83358	0.00497	0.00497	0.00248	0.00248
42	0.01350	0.01543	0.03375	0.02411	0.02989	0.01446	0.74253	0.01832	0.01350	0.01832	0.01157	0.01543	0.00868	0.00482	0.00675	0.00193	0.00964	0.00675	0.00289	0.00771
43	0.01147	0.02959	0.76934	0.01630	0.02476	0.01328	0.02113	0.01811	0.01208	0.01811	0.01026	0.01208	0.00725	0.00543	0.00543	0.00181	0.00845	0.00423	0.00242	0.00845
44	0.00748	0.00582	0.00679	0.00655	0.00817	0.00513	0.00491	0.00960	0.01473	0.01947	0.43542	0.04843	0.38100	0.01299	0.00675	0.00186	0.00279	0.01114	0.00584	0.00513
45	0.01423	0.01229	0.01293	0.01164	0.01487	0.01423	0.00905	0.03039	0.75297	0.02393	0.02328	0.02134	0.01746	0.00776	0.00582	0.00194	0.00453	0.00647	0.00582	0.00905
46	0.00864	0.00659	0.00804	0.00766	0.00919	0.00650	0.00572	0.01254	0.10362	0.02043	0.45838	0.06468	0.14005	0.05670	0.06347	0.00259	0.00403	0.00989	0.00569	0.00561
47	0.02104	0.02672	0.01626	0.01475	0.01758	0.74817	0.01111	0.02251	0.01594	0.01399	0.00879	0.01040	0.00737	0.00605	0.00566	0.00151	0.03888	0.00373	0.00293	0.00662
48	0.00703	0.00500	0.00662	0.00789	0.00820	0.00469	0.00523	0.00798	0.01083	0.01444	0.03091	0.76091	0.03706	0.05332	0.00829	0.00247	0.00342	0.01590	0.00523	0.00459
49	0.01287	0.11235	0.19450	0.01107	0.01685	0.03916	0.02557	0.01630	0.01217	0.03391	0.01017	0.01176	0.00813	0.00474	0.00457	0.00119	0.00581	0.00368	0.00310	0.47210
50	0.01053	0.00737	0.00894	0.00773	0.01026	0.00652	0.00597	0.01376	0.05974	0.08857	0.39231	0.03575	0.15948	0.01014	0.00614	0.00165	0.00332	0.00871	0.00564	0.15746
51	0.26025	0.01328	0.03805	0.08247	0.32076	0.04111	0.01263	0.05582	0.03745	0.05463	0.02600	0.01362	0.00942	0.00565	0.00504	0.00175	0.00606	0.00461	0.00352	0.00787
52	0.05078	0.33012	0.27799	0.01381	0.01964	0.03701	0.10815	0.01725	0.01194	0.01625	0.01009	0.03010	0.00844	0.00701	0.03721	0.00191	0.00772	0.00439	0.00265	0.00754
53	0.00994	0.00497	0.00745	0.00745	0.00745	0.00497	0.00497	0.00745	0.00745	0.00994	0.00994	0.01739	0.00994	0.01987	0.02235	0.83358	0.00497	0.00497	0.00248	0.00248
54	0.00817	0.00613	0.00919	0.00919	0.01021	0.00715	0.00715	0.01021	0.00919	0.01328	0.01532	0.02247	0.01430	0.04290	0.77631	0.00919	0.01532	0.00613	0.00306	0.00511
55	0.01282	0.01397	0.10989	0.25261	0.12700	0.01356	0.01383	0.02225	0.33113	0.01962	0.01591	0.01733	0.01201	0.00648	0.00572	0.00188	0.00628	0.00557	0.00398	0.00815
56	0.02137	0.02726	0.01621	0.01474	0.01768	0.77602	0.01105	0.02284	0.01621	0.01400	0.00884	0.01031	0.00737	0.00589	0.00516	0.00147	0.01031	0.00368	0.00295	0.00663
57	0.09214	0.01359	0.01413	0.01184	0.01562	0.01543	0.00948	0.30032	0.40955	0.02869	0.01826	0.01735	0.01350	0.00720	0.00558	0.00184	0.00519	0.00566	0.00558	0.00905
58	0.01847	0.01472	0.01530	0.01255	0.01649	0.03803	0.01009	0.41358	0.34180	0.03015	0.01774	0.01694	0.01302	0.00723	0.00575	0.00181	0.00564	0.00568	0.00568	0.00935
59	0.01687	0.35670	0.07018	0.05202	0.01773	0.24919	0.01151	0.06832	0.01384	0.01555	0.00884	0.01061	0.00754	0.00584	0.00576	0.00151	0.07420	0.00373	0.00283	0.00722
60	0.02137	0.02726	0.01621	0.01474	0.01768	0.77602	0.01105	0.02284	0.01621	0.01400	0.00884	0.01031	0.00737	0.00589	0.00516	0.00147	0.01031	0.00368	0.00295	0.00663
61	0.01557	0.76729	0.02935	0.01001	0.01482	0.05677	0.00984	0.01739	0.01183	0.01348	0.00799	0.00923	0.00734	0.00494	0.00374	0.00123	0.00631	0.00309	0.00247	0.00731
62	0.00712	0.00514	0.00680	0.00798	0.00846	0.00474	0.00535	0.00816	0.01098	0.01473	0.03087	0.77104	0.03692	0.01750	0.00721	0.00228	0.00335	0.01586	0.00525	0.03027
63	0.00904	0.00880	0.04800	0.01248	0.01462	0.00763	0.18180	0.01145	0.01203	0.01620	0.04656	0.46246	0.02937	0.01380	0.00714	0.00223	0.00528	0.10085	0.00463	0.00565
64	0.00817	0.00613	0.00919	0.00919	0.01021	0.00715	0.00715	0.01021	0.00919	0.01328	0.01532	0.02247	0.01430	0.04290	0.77631	0.00919	0.01532	0.00613	0.00306	0.00511
65	0.00994	0.00497	0.00745	0.00745	0.00745	0.00497	0.00497	0.00745	0.00745	0.00994	0.00994	0.01739	0.00994	0.01987	0.02235	0.83358	0.00497	0.00497	0.00248	0.00248
66	0.83938	0.01106	0.00841	0.00752	0.01106	0.01283	0.00619	0.01681	0.00973	0.02566	0.00796	0.00929	0.00619	0.00531	0.00354	0.00177	0.00442	0.00310	0.00354	0.00619
67	0.00697	0.00498	0.00664	0.00796	0.00830	0.00465	0.00531	0.00796	0.01095	0.01460	0.03153	0.79525	0.03783	0.01792	0.00730	0.00232	0.00332	0.01626	0.00531	0.00465
68	0.01529	0.80242	0.02997	0.00979	0.01468	0.02263	0.00979	0.01713	0.01162	0.01346	0.00795	0.00918	0.00734	0.00489	0.00367	0.00122	0.00612	0.00306	0.00245	0.00734
69	0.00817	0.00613	0.00919	0.00919	0.01021	0.00715	0.00715	0.01021	0.00919	0.01328	0.01532	0.02247	0.01430	0.04290	0.77631	0.00919	0.01532	0.00613	0.00306	0.00511
70	0.01186	0.01017	0.01186	0.00847	0.01356	0.00762	0.00678	0.01440	0.01186	0.01864	0.01017	0.01186	0.00847	0.00424	0.00424	0.00085	0.00424	0.00339	0.00339	0.83395
71	0.01186	0.01017	0.01186	0.00847	0.01356	0.00762	0.00678	0.01440	0.01186	0.01864	0.01017	0.01186	0.00847	0.00424	0.00424	0.00085	0.00424	0.00339	0.00339	0.83395
72	0.00696	0.00500	0.00661	0.00790	0.00828	0.00465	0.00528	0.00797	0.01101	0.01463	0.03229	0.77395	0.05864	0.01782	0.00729	0.00231	0.00331	0.01614	0.00531	0.00465
73	0.01467	0.01251	0.01319	0.01173	0.01504	0.01444	0.00916	0.07292	0.70972	0.02465	0.02271	0.02089	0.01700	0.00771	0.00581	0.00193	0.00463	0.00639	0.00581	0.00909
74	0.02566	0.00973	0.01327	0.01018	0.01460	0.00841	0.00841	0.02788	0.01637	0.76726	0.02257	0.01947	0.01416	0.00708	0.00575	0.00177	0.00487	0.00575	0.00708	0.00973
75	0.00836	0.00639	0.00949	0.00938	0.01034	0.00757	0.00730	0.01033	0.00915	0.01325	0.01504	0.02237	0.01415	0.05806	0.72693	0.00882	0.04878	0.00613	0.00305	0.00512
76	0.01251	0.01251	0.01752	0.01502	0.01502	0.01752	0.01251	0.01377	0.00876	0.01377	0.00751	0.01251	0.00751	0.01001	0.01877	0.00250	0.78851	0.00501	0.00250	0.00626
77	0.02174	0.01602	0.01717	0.01316	0.01774	0.01774	0.01087	0.74423	0.02689	0.03605	0.01373	0.01373	0.00973	0.00687	0.00572	0.00172	0.00629	0.00515	0.00572	0.00973
78	0.00837	0.00604	0.00884	0.00886	0.00965	0.00690	0.00668	0.00976	0.00905	0.01289	0.01576	0.06579	0.01554	0.09449	0.59277	0.08536	0.02864	0.00672	0.00315	0.00474
79	0.00758	0.00534	0.00687	0.00773	0.00847	0.00492	0.00537	0.00888	0.01192	0.03188	0.11557	0.56823	0.12331	0.03167	0.00759	0.00228	0.00334	0.03878	0.00542	0.00486
80	0.00906	0.00743	0.00811	0.00825	0.00950	0.06397	0.00611	0.01146	0.03381	0.01898	0.35401	0.25787	0.07686	0.01324	0.00676	0.00199	0.00372	0.06991	0.03360	0.00533
81	0.77762	0.01096	0.00878	0.00772	0.01133	0.01250	0.00636	0.01765	0.01024	0.08195	0.00907	0.01006	0.00680	0.00544	0.00371	0.00177	0.00446	0.00330	0.00381	0.00646
82	0.03299	0.00984	0.01559	0.24684	0.15233	0.01088	0.05738	0.03074	0.02750	0.01646	0.01801	0.13171	0.06716	0.01162	0.06555	0.01869	0.04585	0.03088	0.00350	0.00648
83	0.00895	0.00596	0.00725	0.00697	0.00842	0.00544	0.00512	0.01026	0.03310	0.05152	0.23553	0.05683	0.32342	0.01451	0.01029	0.19355	0.00347	0.00961	0.00503	0.00478
84	0.21085	0.01004	0.01217	0.00957	0.01380	0.00941	0.00790	0.02536	0.01486	0.59849	0.01924	0.01715	0.01235	0.00668	0.00525	0.00177	0.00477	0.00515	0.00627	0.00893
85	0.07246	0.01480	0.09229	0.19501	0.23270	0.03553	0.11845	0.09611	0.01398	0.03597	0.01114	0.01422	0.00858	0.00652	0.02641	0.00199	0.00761	0.00511	0.00320	0.00791

[dist]
# distance from previous block
# <min> <max>
0	1

[block]
# block no. 1 follows, 41 sequences, length 48
# corresponding to MSA columns:
# 445-492
name=unknown_B
#
# <colnr> <probs for GDERKNQSTAVLIFYWHMCP>
#	G	D	E	R	K	N	Q	S	T	A	V	L	I	F	Y	W	H	M	C	P
0	0.01407	0.01050	0.01454	0.06068	0.15097	0.01099	0.03673	0.18731	0.03998	0.06113	0.03440	0.12741	0.01664	0.05554	0.03001	0.07813	0.00592	0.03451	0.02345	0.00709
1	0.00861	0.00748	0.01014	0.01045	0.05786	0.00784	0.02754	0.01037	0.01190	0.01571	0.09052	0.15406	0.31564	0.01659	0.09783	0.00291	0.12081	0.02381	0.00449	0.00544
2	0.04607	0.35588	0.02179	0.01239	0.01619	0.43065	0.01035	0.02021	0.01405	0.01416	0.00843	0.00980	0.00732	0.00545	0.00447	0.00138	0.00834	0.00340	0.00275	0.00692
3	0.01396	0.01724	0.24679	0.01268	0.04063	0.01152	0.01238	0.14913	0.02755	0.04384	0.01160	0.01302	0.00882	0.00631	0.02608	0.00160	0.00632	0.00422	0.00364	0.34266
4	0.07359	0.01410	0.04542	0.19365	0.04298	0.01504	0.01210	0.39371	0.01982	0.09951	0.01303	0.01427	0.00927	0.00647	0.00581	0.00179	0.02116	0.00502	0.00470	0.00857
5	0.00828	0.00571	0.00709	0.00709	0.00739	0.00601	0.00453	0.00887	0.00857	0.01172	0.01724	0.03311	0.01892	0.58056	0.24497	0.00660	0.00837	0.00769	0.00335	0.00394
6	0.00796	0.00584	0.00746	0.00705	0.00846	0.00534	0.00529	0.01053	0.01587	0.02218	0.68917	0.04397	0.12555	0.01198	0.00675	0.00181	0.00272	0.01052	0.00620	0.00534
7	0.04201	0.06526	0.50211	0.01471	0.04170	0.01260	0.01687	0.02036	0.01304	0.19874	0.01305	0.01367	0.00893	0.00579	0.00536	0.00177	0.00729	0.00452	0.00359	0.00865
8	0.00753	0.00540	0.00704	0.00816	0.00866	0.00514	0.00552	0.03598	0.01156	0.01542	0.03085	0.76551	0.03676	0.01750	0.00724	0.00230	0.00343	0.01584	0.00533	0.00484
9	0.01245	0.03265	0.04112	0.01471	0.03960	0.03778	0.02933	0.01544	0.07367	0.01499	0.01027	0.01458	0.00935	0.01359	0.11830	0.00324	0.50424	0.00522	0.00289	0.00658
10	0.01398	0.01575	0.13411	0.04063	0.43514	0.01383	0.01584	0.04789	0.18493	0.02039	0.01369	0.01551	0.01073	0.00584	0.00567	0.00178	0.00652	0.00528	0.00356	0.00894
11	0.02174	0.01602	0.01717	0.01316	0.01774	0.01774	0.01087	0.74423	0.02689	0.03605	0.01373	0.01373	0.00973	0.00687	0.00572	0.00172	0.00629	0.00515	0.00572	0.00973
12	0.01091	0.01032	0.01718	0.73514	0.03781	0.01302	0.01567	0.01456	0.01126	0.01456	0.00999	0.01507	0.00762	0.00600	0.00657	0.00195	0.05841	0.00508	0.00254	0.00635
13	0.83938	0.01106	0.00841	0.00752	0.01106	0.01283	0.00619	0.01681	0.00973	0.02566	0.00796	0.00929	0.00619	0.00531	0.00354	0.00177	0.00442	0.00310	0.00354	0.00619
14	0.00752	0.00571	0.00637	0.00636	0.00747	0.00526	0.00435	0.00864	0.01151	0.01465	0.11833	0.06849	0.36856	0.28140	0.05783	0.00356	0.00449	0.01040	0.00467	0.00444
15	0.04200	0.02103	0.34219	0.01610	0.02233	0.01455	0.14832	0.17139	0.12375	0.02300	0.01305	0.01430	0.00948	0.00596	0.00573	0.00183	0.00751	0.00517	0.00373	0.00860
16	0.01895	0.04397	0.04413	0.01341	0.03770	0.03778	0.01092	0.46475	0.21514	0.03032	0.01568	0.01542	0.01149	0.00690	0.00565	0.00175	0.00603	0.00534	0.00535	0.00931
17	0.02841	0.19791	0.22819	0.08717	0.20483	0.03770	0.03554	0.01813	0.01255	0.06613	0.01061	0.01268	0.00825	0.00533	0.00510	0.00163	0.00713	0.00437	0.00291	0.02542
18	0.07835	0.04305	0.37311	0.06809	0.05052	0.01272	0.07518	0.04174	0.03678	0.08215	0.01292	0.05799	0.01015	0.00631	0.00550	0.00181	0.00715	0.00530	0.00337	0.02782
19	0.01251	0.01251	0.01752	0.01502	0.01502	0.01752	0.01251	0.01377	0.00876	0.01377	0.00751	0.01251	0.00751	0.01001	0.01877	0.00250	0.78851	0.00501	0.00250	0.00626
20	0.01416	0.01354	0.02285	0.03427	0.73647	0.01361	0.01725	0.01801	0.03955	0.01887	0.01121	0.01441	0.00936	0.00519	0.00567	0.00171	0.00671	0.00515	0.00294	0.00906
21	0.01529	0.01493	0.06471	0.18418	0.02257	0.09331	0.07859	0.17160	0.12021	0.04520	0.01499	0.03512	0.03027	0.03117	0.00727	0.00197	0.05109	0.00580	0.00405	0.00767
22	0.00827	0.00556	0.00643	0.00646	0.00653	0.00562	0.00374	0.00842	0.00844	0.01132	0.01824	0.05779	0.02088	0.73191	0.07314	0.00567	0.00607	0.00841	0.00349	0.00360
23	0.00922	0.00658	0.00922	0.01053	0.01185	0.00658	0.00922	0.01185	0.01317	0.01712	0.03029	0.06452	0.03292	0.01580	0.00790	0.00263	0.00527	0.72480	0.00527	0.00527
24	0.01080	0.01017	0.01716	0.78523	0.03940	0.01271	0.01589	0.01461	0.01144	0.01461	0.01017	0.01525	0.00762	0.00572	0.00572	0.00191	0.00762	0.00508	0.00254	0.00635
25	0.01614	0.01393	0.01211	0.01112	0.01338	0.23577	0.00839	0.09261	0.03231	0.13286	0.01987	0.24929	0.01973	0.05767	0.00787	0.00212	0.02771	0.03571	0.00475	0.00665
26	0.01509	0.01272	0.01342	0.01182	0.01520	0.01463	0.00926	0.11275	0.66920	0.02533	0.02218	0.02046	0.01657	0.00766	0.00581	0.00191	0.00473	0.00631	0.00581	0.00913
27	0.00810	0.00585	0.00765	0.00720	0.00855	0.00540	0.00540	0.01079	0.01619	0.02294	0.76028	0.04273	0.05397	0.01169	0.00675	0.00180	0.00270	0.01034	0.00630	0.00540
28	0.00728	0.00525	0.00692	0.00788	0.00851	0.00489	0.00549	0.00868	0.01207	0.01624	0.16118	0.59558	0.06794	0.01658	0.00721	0.00223	0.00330	0.05247	0.00548	0.00482
29	0.01283	0.00760	0.00933	0.00864	0.01050	0.00745	0.00634	0.05208	0.09949	0.17146	0.12871	0.23561	0.05448	0.13377	0.01042	0.02534	0.00421	0.00989	0.00553	0.00633
30	0.05810	0.00891	0.01180	0.00949	0.01315	0.00791	0.00767	0.02357	0.01565	0.57657	0.12421	0.07904	0.02102	0.00843	0.00590	0.00181	0.00444	0.00704	0.00668	0.00861
31	0.01529	0.80242	0.02997	0.00979	0.01468	0.02263	0.00979	0.01713	0.01162	0.01346	0.00795	0.00918	0.00734	0.00489	0.00367	0.00122	0.00612	0.00306	0.00245	0.00734
32	0.01213	0.00690	0.00854	0.00774	0.00993	0.00619	0.00591	0.01456	0.03873	0.20297	0.26210	0.11891	0.23925	0.03111	0.00708	0.00198	0.00348	0.01015	0.00602	0.00630
33	0.00727	0.00518	0.00671	0.00762	0.00809	0.00485	0.00509	0.00840	0.01143	0.01539	0.13181	0.58941	0.05485	0.10386	0.00964	0.00260	0.00347	0.01446	0.00524	0.00462
34	0.00701	0.00561	0.00627	0.00651	0.00798	0.00487	0.00473	0.00854	0.01302	0.01637	0.15653	0.22645	0.48626	0.01487	0.00688	0.00200	0.00297	0.01279	0.00546	0.00487
35	0.00819	0.00606	0.00882	0.00882	0.00972	0.00695	0.00669	0.00998	0.00908	0.01301	0.01566	0.02434	0.01511	0.13725	0.68308	0.00874	0.01410	0.00640	0.00311	0.00490
36	0.00694	0.00537	0.00635	0.00712	0.00815	0.00478	0.00501	0.00817	0.01189	0.01503	0.04265	0.46264	0.34315	0.01641	0.00709	0.00217	0.00319	0.03385	0.00531	0.00474
37	0.01186	0.01017	0.01186	0.00847	0.01356	0.00762	0.00678	0.01440	0.01186	0.01864	0.01017	0.01186	0.00847	0.00424	0.00424	0.00085	0.00424	0.00339	0.00339	0.83395
38	0.04970	0.01000	0.01327	0.01021	0.01461	0.00888	0.00843	0.05371	0.01656	0.71852	0.02181	0.01896	0.01376	0.00702	0.00569	0.00177	0.00491	0.00565	0.00692	0.00963
39	0.00750	0.00556	0.00625	0.00661	0.00798	0.00496	0.00484	0.00912	0.01262	0.01660	0.09974	0.24426	0.39533	0.01427	0.00661	0.00198	0.00306	0.04208	0.10572	0.00490
40	0.00699	0.00524	0.00654	0.00745	0.00822	0.00479	0.00513	0.00818	0.01158	0.01504	0.06111	0.56643	0.21432	0.01764	0.03061	0.00242	0.00356	0.01474	0.00527	0.00473
41	0.04662	0.00648	0.00800	0.00787	0.00929	0.00639	0.00579	0.02893	0.01191	0.08130	0.09403	0.19565	0.15637	0.11713	0.14842	0.02912	0.00599	0.03067	0.00476	0.00527
42	0.09072	0.00715	0.00883	0.00831	0.01043	0.00666	0.00630	0.01502	0.01336	0.23334	0.12741	0.30797	0.09962	0.01240	0.00639	0.00201	0.00379	0.02812	0.00578	0.00639
43	0.01479	0.00883	0.01003	0.00868	0.01126	0.00914	0.00683	0.14143	0.11577	0.13758	0.11691	0.04841	0.02006	0.00888	0.02521	0.00184	0.00422	0.00656	0.29633	0.00723
44	0.01136	0.01006	0.01183	0.01214	0.07503	0.07271	0.00857	0.08197	0.01285	0.01709	0.06283	0.12208	0.11051	0.04410	0.19824	0.00387	0.11222	0.00791	0.01859	0.00604
45	0.01416	0.00945	0.01014	0.00885	0.01134	0.03155	0.00683	0.12703	0.14689	0.10886	0.13120	0.02649	0.07183	0.07489	0.00753	0.00202	0.00428	0.00696	0.19268	0.00702
46	0.00747	0.00585	0.00684	0.00709	0.00862	0.00522	0.00546	0.00934	0.01355	0.01732	0.20942	0.13030	0.41113	0.01442	0.00699	0.00205	0.00327	0.12511	0.00553	0.00501
47	0.02753	0.34448	0.05242	0.16620	0.01803	0.01463	0.00992	0.01428	0.01153	0.01491	0.05694	0.07571	0.04214	0.05498	0.00685	0.02718	0.00576	0.00571	0.02043	0.03038

[dist]
# distance from previous block
# <min> <max>
5	15

[block]
# block no. 2 follows, 41 sequences, length 77
# corresponding to MSA columns:
# 508-547,549-585
name=unknown_C
#
# <colnr> <probs for GDERKNQSTAVLIFYWHMCP>
#	G	D	E	R	K	N	Q	S	T	A	V	L	I	F	Y	W	H	M	C	P
0	0.00866	0.00696	0.02773	0.04901	0.01169	0.00661	0.04864	0.01026	0.03744	0.01506	0.08968	0.41880	0.02872	0.05580	0.01076	0.13238	0.02091	0.01155	0.00447	0.00486
1	0.00968	0.00735	0.01098	0.00986	0.01136	0.00719	0.09938	0.01167	0.03049	0.05522	0.09428	0.29124	0.09248	0.16971	0.01177	0.00277	0.03900	0.01092	0.02929	0.00536
2	0.01097	0.00785	0.00970	0.00929	0.01077	0.00835	0.00698	0.15157	0.01395	0.03619	0.04846	0.32366	0.04843	0.06069	0.14426	0.00353	0.03667	0.02837	0.03439	0.00590
3	0.03134	0.00654	0.00886	0.00872	0.00973	0.00644	0.04181	0.01024	0.01055	0.03175	0.02332	0.34490	0.02629	0.23382	0.04088	0.00336	0.02709	0.06784	0.02576	0.04074
4	0.01390	0.00858	0.01023	0.00925	0.01191	0.00853	0.00728	0.01986	0.21945	0.20397	0.13676	0.09045	0.15485	0.01076	0.00638	0.00196	0.00403	0.06851	0.00603	0.00731
5	0.00826	0.00589	0.00745	0.00789	0.00896	0.00539	0.00548	0.00999	0.03260	0.03719	0.10835	0.53268	0.07246	0.05558	0.00801	0.00227	0.00349	0.01343	0.00524	0.06940
6	0.01547	0.00769	0.00989	0.00880	0.01123	0.00710	0.00681	0.01795	0.05200	0.32157	0.09005	0.11584	0.08681	0.13458	0.00999	0.00254	0.00448	0.08445	0.00585	0.00690
7	0.01349	0.00732	0.00915	0.00816	0.01068	0.00654	0.00648	0.03391	0.01507	0.24897	0.20178	0.06761	0.25970	0.01162	0.00654	0.00192	0.00378	0.07458	0.00608	0.00662
8	0.01230	0.00761	0.00911	0.00865	0.01056	0.00748	0.00639	0.06495	0.10268	0.14736	0.04828	0.32402	0.11855	0.06683	0.00805	0.00227	0.00400	0.01091	0.03362	0.00639
9	0.00820	0.00603	0.00869	0.00869	0.00953	0.00688	0.00652	0.00989	0.00904	0.01290	0.01578	0.02503	0.01541	0.17209	0.64864	0.00857	0.01365	0.00650	0.00313	0.00483
10	0.01186	0.01017	0.01186	0.00847	0.01356	0.00762	0.00678	0.01440	0.01186	0.01864	0.01017	0.01186	0.00847	0.00424	0.00424	0.00085	0.00424	0.00339	0.00339	0.83395
11	0.83938	0.01106	0.00841	0.00752	0.01106	0.01283	0.00619	0.01681	0.00973	0.02566	0.00796	0.00929	0.00619	0.00531	0.00354	0.00177	0.00442	0.00310	0.00354	0.00619
12	0.01272	0.01419	0.03053	0.02219	0.02733	0.01330	0.65488	0.01709	0.01320	0.01788	0.01394	0.10814	0.01214	0.00638	0.00682	0.00198	0.00889	0.00788	0.00318	0.00735
13	0.00781	0.00620	0.00658	0.00647	0.00835	0.00549	0.00485	0.01006	0.05019	0.03434	0.10561	0.07189	0.58766	0.04532	0.00762	0.00209	0.00318	0.02577	0.00538	0.00515
14	0.00697	0.00498	0.00664	0.00796	0.00830	0.00465	0.00531	0.00796	0.01095	0.01460	0.03153	0.79525	0.03783	0.01792	0.00730	0.00232	0.00332	0.01626	0.00531	0.00465
15	0.00680	0.00580	0.00585	0.00583	0.00775	0.00484	0.00438	0.00828	0.01313	0.01566	0.07771	0.05470	0.74108	0.01441	0.00676	0.00193	0.00289	0.01202	0.00534	0.00484
16	0.01529	0.80242	0.02997	0.00979	0.01468	0.02263	0.00979	0.01713	0.01162	0.01346	0.00795	0.00918	0.00734	0.00489	0.00367	0.00122	0.00612	0.00306	0.00245	0.00734
17	0.02137	0.02726	0.01621	0.01474	0.01768	0.77602	0.01105	0.02284	0.01621	0.01400	0.00884	0.01031	0.00737	0.00589	0.00516	0.00147	0.01031	0.00368	0.00295	0.00663
18	0.83938	0.01106	0.00841	0.00752	0.01106	0.01283	0.00619	0.01681	0.00973	0.02566	0.00796	0.00929	0.00619	0.00531	0.00354	0.00177	0.00442	0.00310	0.00354	0.00619
19	0.01251	0.01251	0.01752	0.01502	0.01502	0.01752	0.01251	0.01377	0.00876	0.01377	0.00751	0.01251	0.00751	0.01001	0.01877	0.00250	0.78851	0.00501	0.00250	0.00626
20	0.00832	0.00555	0.00624	0.00624	0.00624	0.00555	0.00347	0.00832	0.00832	0.01109	0.01802	0.03743	0.02080	0.79898	0.02911	0.00555	0.00555	0.00832	0.00347	0.00347
21	0.01350	0.01543	0.03375	0.02411	0.02989	0.01446	0.74253	0.01832	0.01350	0.01832	0.01157	0.01543	0.00868	0.00482	0.00675	0.00193	0.00964	0.00675	0.00289	0.00771
22	0.00817	0.00613	0.00919	0.00919	0.01021	0.00715	0.00715	0.01021	0.00919	0.01328	0.01532	0.02247	0.01430	0.04290	0.77631	0.00919	0.01532	0.00613	0.00306	0.00511
23	0.02137	0.02726	0.01621	0.01474	0.01768	0.77602	0.01105	0.02284	0.01621	0.01400	0.00884	0.01031	0.00737	0.00589	0.00516	0.00147	0.01031	0.00368	0.00295	0.00663
24	0.02137	0.02726	0.01621	0.01474	0.01768	0.77602	0.01105	0.02284	0.01621	0.01400	0.00884	0.01031	0.00737	0.00589	0.00516	0.00147	0.01031	0.00368	0.00295	0.00663
25	0.00909	0.00625	0.00691	0.00650	0.00862	0.00532	0.00496	0.01081	0.01388	0.10158	0.15741	0.04921	0.57236	0.01324	0.00664	0.00189	0.00309	0.01110	0.00566	0.00547
26	0.02174	0.01602	0.01717	0.01316	0.01774	0.01774	0.01087	0.74423	0.02689	0.03605	0.01373	0.01373	0.00973	0.00687	0.00572	0.00172	0.00629	0.00515	0.00572	0.00973
27	0.00697	0.00498	0.00664	0.00796	0.00830	0.00465	0.00531	0.00796	0.01095	0.01460	0.03153	0.79525	0.03783	0.01792	0.00730	0.00232	0.00332	0.01626	0.00531	0.00465
28	0.72316	0.01087	0.00910	0.00790	0.01157	0.01220	0.00651	0.01839	0.01068	0.13159	0.01005	0.01075	0.00733	0.00556	0.00386	0.00177	0.00449	0.00348	0.00405	0.00670
29	0.00731	0.00514	0.00664	0.00771	0.00801	0.00489	0.00507	0.00816	0.01050	0.01399	0.02883	0.62261	0.03432	0.17160	0.01161	0.00297	0.00382	0.03744	0.00495	0.00443
30	0.01791	0.00811	0.01036	0.00893	0.01178	0.00754	0.00709	0.02089	0.06158	0.39806	0.02292	0.08444	0.01845	0.06642	0.00744	0.00209	0.00440	0.07177	0.16218	0.00761
31	0.01841	0.00818	0.01083	0.00920	0.01223	0.00731	0.00729	0.03861	0.01519	0.44930	0.09936	0.17273	0.05222	0.01017	0.00620	0.00190	0.00425	0.03284	0.03597	0.00783
32	0.00954	0.00584	0.00764	0.00783	0.00894	0.00539	0.00559	0.01095	0.01267	0.09725	0.20915	0.37510	0.07474	0.07465	0.00924	0.03467	0.00361	0.03646	0.00549	0.00523
33	0.04772	0.00977	0.01314	0.01010	0.01451	0.00853	0.00835	0.02758	0.01619	0.74716	0.02217	0.01919	0.01394	0.00703	0.00569	0.00177	0.00486	0.00568	0.00698	0.00964
34	0.00762	0.00605	0.00688	0.00667	0.00837	0.00543	0.00500	0.01016	0.04308	0.01894	0.35480	0.06735	0.41281	0.01312	0.00673	0.00189	0.00289	0.01123	0.00575	0.00523
35	0.08793	0.00903	0.01163	0.00939	0.01295	0.00833	0.00762	0.04008	0.01565	0.50008	0.16635	0.02325	0.02126	0.00982	0.04827	0.00218	0.00501	0.00645	0.00638	0.00833
36	0.05883	0.00960	0.01226	0.00965	0.01351	0.00880	0.00783	0.07417	0.01607	0.57298	0.04164	0.02039	0.01503	0.05077	0.00685	0.00195	0.00478	0.00584	0.06023	0.00882
37	0.00748	0.00580	0.00627	0.00634	0.00808	0.00495	0.00468	0.00896	0.01303	0.03991	0.09504	0.16261	0.58766	0.01459	0.00681	0.00198	0.00301	0.01238	0.00543	0.00499
38	0.00745	0.00519	0.00663	0.00752	0.00807	0.00491	0.00509	0.00867	0.01123	0.01540	0.08114	0.56633	0.06953	0.07836	0.03409	0.00267	0.00378	0.01390	0.06537	0.00468
39	0.03363	0.01388	0.11666	0.19278	0.14990	0.03212	0.07234	0.05205	0.01269	0.03635	0.01363	0.05648	0.03011	0.00777	0.02465	0.00204	0.07851	0.00584	0.06135	0.00722
40	0.12331	0.22800	0.14551	0.18177	0.05710	0.12957	0.02748	0.01760	0.01220	0.01652	0.00916	0.01153	0.00735	0.00538	0.00477	0.00162	0.00734	0.00396	0.00271	0.00714
41	0.01347	0.01154	0.01860	0.38641	0.24901	0.01280	0.03332	0.08100	0.01363	0.05840	0.01261	0.04412	0.01031	0.00637	0.00584	0.00185	0.00695	0.02286	0.00333	0.00759
42	0.01204	0.03982	0.01408	0.07042	0.01555	0.10995	0.06686	0.01606	0.12692	0.01546	0.01755	0.06461	0.05661	0.10825	0.14454	0.01995	0.08481	0.00675	0.00364	0.00613
43	0.00933	0.00782	0.00924	0.03683	0.01120	0.06533	0.00703	0.03417	0.01139	0.01508	0.06792	0.24429	0.04248	0.05711	0.34748	0.00534	0.00944	0.00927	0.00404	0.00523
44	0.01054	0.00671	0.00830	0.00823	0.00976	0.00640	0.00597	0.01330	0.09179	0.10938	0.08537	0.33860	0.12725	0.05492	0.00887	0.05524	0.00382	0.02566	0.00534	0.02456
45	0.34597	0.01101	0.02884	0.00942	0.01355	0.01077	0.00793	0.04768	0.03766	0.40870	0.01624	0.01515	0.01081	0.00636	0.00487	0.00177	0.00481	0.00467	0.00549	0.00829
46	0.02468	0.01131	0.01425	0.01092	0.01539	0.01074	0.00902	0.20713	0.01900	0.58429	0.02036	0.01803	0.01305	0.00703	0.00574	0.00176	0.00522	0.00560	0.00674	0.00973
47	0.00841	0.00565	0.00673	0.00683	0.00737	0.00542	0.00438	0.00919	0.01056	0.03306	0.13096	0.16442	0.08313	0.45972	0.01954	0.00404	0.00455	0.02736	0.00445	0.00424
48	0.01063	0.00673	0.00807	0.00788	0.00905	0.00661	0.00546	0.05207	0.04619	0.09063	0.05820	0.26090	0.06680	0.29353	0.01466	0.00331	0.00447	0.02808	0.02144	0.00529
49	0.00830	0.00561	0.00655	0.00655	0.00666	0.00572	0.00386	0.00852	0.00841	0.01132	0.01774	0.03585	0.02011	0.71887	0.10829	0.00593	0.00658	0.00809	0.00342	0.00364
50	0.01378	0.01051	0.01131	0.01001	0.01284	0.01162	0.00782	0.10917	0.40990	0.04286	0.11914	0.02439	0.04741	0.00822	0.00568	0.00180	0.00416	0.00682	0.13463	0.00794
51	0.00746	0.00534	0.00698	0.00814	0.00861	0.00508	0.00549	0.03227	0.01148	0.01531	0.03094	0.76944	0.03690	0.01755	0.00725	0.00230	0.00342	0.01589	0.00532	0.00481
52	0.02554	0.00992	0.01339	0.01027	0.01470	0.00869	0.00848	0.04952	0.01669	0.74517	0.02230	0.01930	0.01403	0.00707	0.00575	0.00177	0.00491	0.00573	0.00704	0.00973
53	0.00696	0.00500	0.00661	0.00790	0.00828	0.00465	0.00528	0.00797	0.01101	0.01463	0.03230	0.77355	0.05903	0.01782	0.00728	0.00231	0.00331	0.01614	0.00531	0.00465
54	0.02137	0.02726	0.01621	0.01474	0.01768	0.77602	0.01105	0.02284	0.01621	0.01400	0.00884	0.01031	0.00737	0.00589	0.00516	0.00147	0.01031	0.00368	0.00295	0.00663
55	0.00817	0.00613	0.00919	0.00919	0.01021	0.00715	0.00715	0.01021	0.00919	0.01328	0.01532	0.02247	0.01430	0.04290	0.77631	0.00919	0.01532	0.00613	0.00306	0.00511
56	0.01416	0.01359	0.02322	0.03511	0.76330	0.01359	0.01755	0.01755	0.01302	0.01869	0.01076	0.01416	0.00906	0.00510	0.00566	0.00170	0.00680	0.00510	0.00283	0.00906
57	0.01350	0.01543	0.03375	0.02411	0.02989	0.01446	0.74253	0.01832	0.01350	0.01832	0.01157	0.01543	0.00868	0.00482	0.00675	0.00193	0.00964	0.00675	0.00289	0.00771
58	0.00922	0.00658	0.00922	0.01053	0.01185	0.00658	0.00922	0.01185	0.01317	0.01712	0.03029	0.06452	0.03292	0.01580	0.00790	0.00263	0.00527	0.72480	0.00527	0.00527
59	0.01187	0.02906	0.74012	0.01618	0.02448	0.01346	0.02073	0.04633	0.01265	0.01881	0.01040	0.01214	0.00734	0.00549	0.00545	0.00181	0.00837	0.00426	0.00254	0.00850
60	0.00697	0.00498	0.00664	0.00796	0.00830	0.00465	0.00531	0.00796	0.01095	0.01460	0.03153	0.79525	0.03783	0.01792	0.00730	0.00232	0.00332	0.01626	0.00531	0.00465
61	0.00817	0.00613	0.00919	0.00919	0.01021	0.00715	0.00715	0.01021	0.00919	0.01328	0.01532	0.02247	0.01430	0.04290	0.77631	0.00919	0.01532	0.00613	0.00306	0.00511
62	0.01251	0.01251	0.01752	0.01502	0.01502	0.01752	0.01251	0.01377	0.00876	0.01377	0.00751	0.01251	0.00751	0.01001	0.01877	0.00250	0.78851	0.00501	0.00250	0.00626
63	0.02450	0.01159	0.01442	0.01106	0.01553	0.01116	0.00914	0.23955	0.01948	0.55119	0.01996	0.01777	0.01285	0.00702	0.00574	0.00175	0.00529	0.00557	0.00668	0.00973
64	0.00724	0.00517	0.00678	0.00788	0.00834	0.00486	0.00537	0.00837	0.01124	0.01500	0.07494	0.64220	0.05354	0.07247	0.00883	0.00253	0.00353	0.05185	0.00524	0.00464
65	0.01186	0.01017	0.01186	0.00847	0.01356	0.00762	0.00678	0.01440	0.01186	0.01864	0.01017	0.01186	0.00847	0.00424	0.00424	0.00085	0.00424	0.00339	0.00339	0.83395
66	0.00813	0.00558	0.00622	0.00621	0.00647	0.00546	0.00362	0.00837	0.00908	0.01192	0.04254	0.03963	0.10806	0.68637	0.02591	0.00502	0.00516	0.00881	0.00376	0.00368
67	0.00832	0.00555	0.00624	0.00624	0.00624	0.00555	0.00347	0.00832	0.00832	0.01109	0.01802	0.03743	0.02080	0.79898	0.02911	0.00555	0.00555	0.00832	0.00347	0.00347
68	0.01381	0.00750	0.00909	0.00800	0.01008	0.00718	0.00592	0.01699	0.09293	0.22666	0.16381	0.03176	0.07841	0.22591	0.01230	0.00281	0.00429	0.00783	0.06829	0.00642
69	0.00819	0.00601	0.00846	0.00850	0.00934	0.00672	0.00634	0.00980	0.00926	0.01301	0.01778	0.02797	0.04157	0.20008	0.57022	0.00798	0.01254	0.02819	0.00329	0.00476
70	0.00703	0.00510	0.00665	0.00787	0.00837	0.00473	0.00536	0.00811	0.01120	0.01476	0.03372	0.70842	0.09893	0.01756	0.00727	0.00230	0.00335	0.03930	0.00531	0.00468
71	0.00700	0.00499	0.00663	0.00792	0.00824	0.00467	0.00526	0.00797	0.01088	0.01451	0.03118	0.77606	0.03740	0.03770	0.00785	0.00240	0.00337	0.01606	0.00526	0.00462
72	0.25912	0.01171	0.01507	0.30588	0.02435	0.01334	0.04879	0.14784	0.01427	0.09147	0.01137	0.01362	0.00824	0.00588	0.00513	0.00182	0.00629	0.00466	0.00385	0.00730
73	0.01438	0.14090	0.21574	0.04162	0.06598	0.07237	0.01302	0.11914	0.11083	0.02021	0.07556	0.01604	0.01317	0.00715	0.00623	0.04446	0.00662	0.00507	0.00372	0.00779
74	0.01239	0.00708	0.00727	0.00664	0.00850	0.00738	0.00514	0.12245	0.03131	0.02358	0.01803	0.02020	0.01399	0.00672	0.00430	0.00140	0.00325	0.00533	0.68897	0.00607
75	0.00785	0.00548	0.00669	0.00702	0.00750	0.00526	0.00457	0.00879	0.01092	0.01472	0.16557	0.25568	0.06498	0.36830	0.01701	0.00367	0.00424	0.03278	0.00467	0.00428
76	0.09146	0.09571	0.01509	0.05092	0.03652	0.03592	0.00919	0.19769	0.09437	0.13532	0.09429	0.03734	0.03542	0.00737	0.00542	0.00170	0.00529	0.00585	0.00501	0.04012

[dist]
# distance from previous block
# <min> <max>
3	12

[block]
# block no. 3 follows, 41 sequences, length 66
# corresponding to MSA columns:
# 598-663
name=unknown_D
#
# <colnr> <probs for GDERKNQSTAVLIFYWHMCP>
#	G	D	E	R	K	N	Q	S	T	A	V	L	I	F	Y	W	H	M	C	P
0	0.00846	0.00564	0.00675	0.00687	0.00733	0.00551	0.00434	0.00908	0.00984	0.03551	0.06351	0.17554	0.07614	0.49077	0.06647	0.00461	0.00537	0.00993	0.00417	0.00417
1	0.08872	0.01145	0.01327	0.06954	0.05994	0.03543	0.00931	0.20959	0.07260	0.14281	0.11037	0.09931	0.03615	0.00852	0.00583	0.00183	0.00520	0.00705	0.00528	0.00781
2	0.06384	0.05187	0.01713	0.09383	0.06031	0.03302	0.07692	0.24817	0.03853	0.08345	0.03267	0.08017	0.04585	0.00777	0.00633	0.00183	0.03946	0.00643	0.00455	0.00787
3	0.28647	0.00970	0.01167	0.01379	0.18434	0.01014	0.00818	0.01544	0.01077	0.10147	0.01351	0.02074	0.01251	0.26460	0.01263	0.00299	0.00539	0.00556	0.00374	0.00636
4	0.01214	0.00667	0.00865	0.00804	0.01004	0.00597	0.00615	0.01418	0.01459	0.20704	0.29369	0.19223	0.14266	0.01238	0.00666	0.00195	0.00351	0.04110	0.00611	0.00625
5	0.05472	0.01002	0.01351	0.08936	0.16638	0.01039	0.00987	0.09601	0.07039	0.10460	0.07397	0.04509	0.10424	0.05162	0.00843	0.06770	0.00524	0.00686	0.00449	0.00709
6	0.01370	0.01552	0.09613	0.17639	0.39187	0.06768	0.06508	0.01838	0.06582	0.01785	0.01141	0.01449	0.00905	0.00548	0.00570	0.00177	0.00740	0.00512	0.00296	0.00821
7	0.00718	0.00525	0.00640	0.00721	0.00780	0.00485	0.00477	0.00808	0.01086	0.01410	0.03415	0.50688	0.17638	0.16490	0.01132	0.00286	0.00366	0.01394	0.00496	0.00446
8	0.06280	0.00969	0.01080	0.00952	0.01216	0.01006	0.00740	0.21907	0.07292	0.09449	0.06777	0.19029	0.13197	0.04463	0.00721	0.00210	0.00451	0.03008	0.00550	0.00702
9	0.02938	0.00955	0.01455	0.18577	0.19027	0.01009	0.03736	0.03373	0.05323	0.01806	0.10364	0.13904	0.09769	0.01018	0.02470	0.00210	0.00568	0.02421	0.00410	0.00669
10	0.00738	0.00591	0.00664	0.00697	0.00840	0.00537	0.00503	0.00965	0.05632	0.01628	0.10409	0.29661	0.42083	0.01500	0.00688	0.00205	0.00312	0.01298	0.00542	0.00506
11	0.36438	0.01029	0.01125	0.00907	0.01313	0.01025	0.00749	0.02327	0.01361	0.45856	0.01649	0.01523	0.01084	0.00634	0.00483	0.00177	0.00468	0.00465	0.00561	0.00826
12	0.07415	0.00994	0.01123	0.00982	0.01270	0.01050	0.00763	0.09443	0.24899	0.17498	0.10544	0.11302	0.02180	0.04491	0.00691	0.00204	0.00441	0.00758	0.03177	0.00775
13	0.00878	0.00710	0.00798	0.00766	0.00959	0.00694	0.00585	0.01358	0.15936	0.01968	0.28510	0.06043	0.33129	0.01236	0.00663	0.00193	0.00326	0.04086	0.00574	0.00586
14	0.00858	0.00635	0.00806	0.00755	0.00904	0.00609	0.00568	0.01233	0.07407	0.02302	0.70238	0.04105	0.05110	0.01138	0.00667	0.00181	0.00284	0.01004	0.00626	0.00568
15	0.00859	0.00615	0.00765	0.00801	0.00914	0.00590	0.00570	0.03183	0.05775	0.03911	0.19419	0.46090	0.11342	0.01495	0.00694	0.00211	0.00334	0.01331	0.00562	0.00539
16	0.09192	0.01001	0.01156	0.00980	0.01290	0.01022	0.00772	0.16083	0.09946	0.23805	0.11363	0.13146	0.03398	0.03390	0.00664	0.00198	0.00456	0.00772	0.00586	0.00779
17	0.01454	0.01163	0.01253	0.01118	0.01433	0.01313	0.00870	0.06393	0.59948	0.06609	0.04389	0.05926	0.03886	0.00845	0.00593	0.00193	0.00448	0.00708	0.00586	0.00870
18	0.00832	0.00555	0.00624	0.00624	0.00624	0.00555	0.00347	0.00832	0.00832	0.01109	0.01802	0.03743	0.02080	0.79898	0.02911	0.00555	0.00555	0.00832	0.00347	0.00347
19	0.07527	0.00810	0.00987	0.00847	0.01132	0.00752	0.00662	0.01885	0.05088	0.34028	0.12462	0.09468	0.13378	0.05046	0.00716	0.00204	0.00407	0.00817	0.03060	0.00725
20	0.00839	0.00588	0.00706	0.00714	0.00866	0.00522	0.00530	0.01014	0.01351	0.06285	0.22103	0.23289	0.33204	0.01425	0.00688	0.00202	0.00317	0.04268	0.00566	0.00524
21	0.00694	0.00509	0.00653	0.00768	0.00822	0.00467	0.00518	0.00800	0.01123	0.01471	0.03502	0.69729	0.13353	0.01747	0.00723	0.00227	0.00326	0.01571	0.00531	0.00467
22	0.00994	0.00497	0.00745	0.00745	0.00745	0.00497	0.00497	0.00745	0.00745	0.00994	0.00994	0.01739	0.00994	0.01987	0.02235	0.83358	0.00497	0.00497	0.00248	0.00248
23	0.00977	0.00729	0.00915	0.00919	0.01038	0.00769	0.00678	0.11349	0.03362	0.01808	0.06059	0.43751	0.04244	0.03648	0.11758	0.00326	0.03357	0.03251	0.00497	0.00564
24	0.01186	0.01017	0.01186	0.00847	0.01356	0.00762	0.00678	0.01440	0.01186	0.01864	0.01017	0.01186	0.00847	0.00424	0.00424	0.00085	0.00424	0.00339	0.00339	0.83395
25	0.00994	0.00497	0.00745	0.00745	0.00745	0.00497	0.00497	0.00745	0.00745	0.00994	0.00994	0.01739	0.00994	0.01987	0.02235	0.83358	0.00497	0.00497	0.00248	0.00248
26	0.00827	0.00604	0.00750	0.00822	0.00908	0.00583	0.00572	0.07360	0.01257	0.01659	0.03241	0.65628	0.10305	0.01661	0.00711	0.00223	0.00354	0.01488	0.00535	0.00512
27	0.37977	0.01199	0.01276	0.14070	0.06187	0.05254	0.03042	0.07352	0.07030	0.02186	0.01100	0.01412	0.00893	0.05651	0.00673	0.02639	0.00580	0.00450	0.00359	0.00668
