[name]
unknown

[dist]
# distance from previous block
# <min> <max>
0	462

[block]
# block no. 0 follows, 52 sequences, length 109
# corresponding to MSA columns:
# 462-570
name=unknown_A
#
# <colnr> <probs for GDERKNQSTAVLIFYWHMCP>
#	G	D	E	R	K	N	Q	S	T	A	V	L	I	F	Y	W	H	M	C	P
0	0.09858	0.00640	0.00803	0.00860	0.01013	0.00657	0.00743	0.04826	0.01147	0.03334	0.02375	0.04650	0.05411	0.01188	0.00614	0.00208	0.00434	0.60324	0.00436	0.00480
1	0.01933	0.01013	0.01226	0.00949	0.01321	0.00995	0.00784	0.30301	0.01685	0.44388	0.01603	0.01583	0.01096	0.00609	0.00486	0.00147	0.00455	0.03418	0.00534	0.05471
2	0.01297	0.00995	0.01185	0.01071	0.08833	0.05417	0.00772	0.01635	0.10277	0.15513	0.01169	0.01252	0.00898	0.00574	0.02522	0.00136	0.07238	0.00386	0.00353	0.38478
3	0.01303	0.00979	0.01189	0.07512	0.09018	0.01066	0.00853	0.02217	0.47806	0.13930	0.01826	0.01746	0.03837	0.00620	0.00488	0.00156	0.00422	0.00523	0.00454	0.04055
4	0.01053	0.01084	0.01441	0.69416	0.03055	0.13371	0.01283	0.01345	0.01031	0.01230	0.00844	0.01228	0.00643	0.00487	0.00477	0.00156	0.00681	0.00412	0.00221	0.00542
5	0.00992	0.00914	0.01526	0.42387	0.29193	0.01022	0.01307	0.01287	0.01038	0.01389	0.01141	0.01902	0.01017	0.00598	0.00511	0.00165	0.00591	0.12158	0.00259	0.00603
6	0.00960	0.00787	0.00928	0.00697	0.01064	0.00606	0.00550	0.01167	0.01054	0.03323	0.09470	0.04644	0.05044	0.00518	0.00405	0.00091	0.00338	0.00432	0.00334	0.67589
7	0.01621	0.03671	0.01352	0.03257	0.01459	0.11063	0.00876	0.38453	0.25175	0.05963	0.01369	0.01337	0.01004	0.00588	0.00477	0.00148	0.00527	0.00452	0.00449	0.00762
8	0.01281	0.78283	0.05102	0.00882	0.01308	0.01872	0.03062	0.01457	0.00990	0.01165	0.00689	0.00800	0.00625	0.00416	0.00323	0.00107	0.00533	0.00271	0.00208	0.00626
9	0.73246	0.00863	0.00672	0.00609	0.00880	0.00989	0.00496	0.01379	0.00854	0.02118	0.00814	0.00944	0.00635	0.00467	0.00306	0.00144	0.00352	0.00292	0.13427	0.00514
10	0.00590	0.00422	0.00562	0.00675	0.00703	0.00394	0.00450	0.00675	0.00928	0.01237	0.02671	0.82653	0.03205	0.01518	0.00619	0.00197	0.00281	0.01378	0.00450	0.00394
11	0.00590	0.00422	0.00562	0.00675	0.00703	0.00394	0.00450	0.00675	0.00928	0.01237	0.02671	0.82653	0.03205	0.01518	0.00619	0.00197	0.00281	0.01378	0.00450	0.00394
12	0.02174	0.00825	0.01125	0.00862	0.01237	0.00712	0.00712	0.02362	0.01387	0.80282	0.01912	0.01649	0.01200	0.00600	0.00487	0.00150	0.00412	0.00487	0.00600	0.00825
13	0.00959	0.00906	0.01532	0.69682	0.15119	0.01088	0.01368	0.01276	0.00990	0.01291	0.00869	0.01278	0.00665	0.00476	0.00484	0.00159	0.00635	0.00431	0.00219	0.00574
14	0.00686	0.00495	0.00648	0.00610	0.00724	0.00457	0.00457	0.00914	0.01372	0.01943	0.79691	0.03620	0.04572	0.00991	0.00572	0.00152	0.00229	0.00876	0.00533	0.00457
15	0.01810	0.02310	0.01373	0.01248	0.01498	0.81024	0.00936	0.01935	0.01373	0.01186	0.00749	0.00874	0.00624	0.00499	0.00437	0.00125	0.00874	0.00312	0.00250	0.00562
16	0.00705	0.00470	0.00529	0.00529	0.00529	0.00470	0.00294	0.00705	0.00705	0.00940	0.01527	0.03171	0.01762	0.82969	0.02467	0.00470	0.00470	0.00705	0.00294	0.00294
17	0.01005	0.00861	0.01005	0.00718	0.01148	0.00646	0.00574	0.01220	0.01005	0.01579	0.00861	0.01005	0.00718	0.00359	0.00359	0.00072	0.00359	0.00287	0.00287	0.85932
18	0.00590	0.00422	0.00562	0.00675	0.00703	0.00394	0.00450	0.00675	0.00928	0.01237	0.02671	0.82653	0.03205	0.01518	0.00619	0.00197	0.00281	0.01378	0.00450	0.00394
19	0.00692	0.00519	0.00779	0.00779	0.00865	0.00606	0.00606	0.00865	0.00779	0.01125	0.01298	0.01904	0.01211	0.03634	0.81049	0.00779	0.01298	0.00519	0.00260	0.00433
20	0.02092	0.00885	0.01153	0.00892	0.01262	0.00810	0.00734	0.09236	0.05670	0.69071	0.01847	0.01614	0.01181	0.00601	0.00487	0.00150	0.00422	0.00486	0.00584	0.00822
21	0.00875	0.00544	0.00666	0.00607	0.00779	0.00480	0.00465	0.01060	0.01281	0.13769	0.41569	0.03682	0.30352	0.01013	0.00559	0.00156	0.00263	0.00868	0.00514	0.00497
22	0.07315	0.33031	0.45088	0.01118	0.01689	0.01423	0.01334	0.01495	0.00994	0.01432	0.00781	0.00913	0.00610	0.00442	0.00392	0.00134	0.00616	0.00314	0.00213	0.00666
23	0.00779	0.00557	0.00779	0.00887	0.00999	0.00556	0.00775	0.01002	0.01120	0.01459	0.03944	0.05433	0.02821	0.01332	0.00668	0.00222	0.00442	0.75329	0.00448	0.00446
24	0.00594	0.00424	0.00565	0.00672	0.00704	0.00396	0.00450	0.00684	0.00944	0.01263	0.05536	0.79713	0.03256	0.01499	0.00617	0.00195	0.00279	0.01359	0.00453	0.00396
25	0.01226	0.01051	0.01108	0.00990	0.01268	0.01215	0.00772	0.05058	0.76554	0.02061	0.01946	0.01787	0.01458	0.00655	0.00493	0.00164	0.00388	0.00544	0.00493	0.00769
26	0.01842	0.01357	0.01454	0.01115	0.01503	0.01503	0.00921	0.78330	0.02278	0.03054	0.01163	0.01163	0.00824	0.00582	0.00485	0.00145	0.00533	0.00436	0.00485	0.00824
27	0.00915	0.00861	0.01453	0.81804	0.03338	0.01077	0.01346	0.01238	0.00969	0.01238	0.00861	0.01292	0.00646	0.00484	0.00484	0.00161	0.00646	0.00431	0.00215	0.00538
28	0.01060	0.01060	0.01484	0.01272	0.01272	0.01484	0.01060	0.01166	0.00742	0.01166	0.00636	0.01060	0.00636	0.00848	0.01590	0.00212	0.82082	0.00424	0.00212	0.00530
29	0.00637	0.00483	0.00587	0.00584	0.00700	0.00433	0.00429	0.00811	0.01222	0.01642	0.45147	0.16091	0.27182	0.01144	0.00579	0.00163	0.00242	0.00998	0.00495	0.00433
30	0.00590	0.00423	0.00561	0.00670	0.00702	0.00394	0.00448	0.00675	0.00932	0.01239	0.02727	0.80714	0.05109	0.01511	0.00617	0.00196	0.00280	0.01369	0.00450	0.00394
31	0.00686	0.00495	0.00648	0.00610	0.00724	0.00457	0.00457	0.00914	0.01372	0.01943	0.79691	0.03620	0.04572	0.00991	0.00572	0.00152	0.00229	0.00876	0.00533	0.00457
32	0.06731	0.00831	0.01102	0.00850	0.01221	0.00733	0.00702	0.02311	0.01357	0.76056	0.01845	0.01603	0.01163	0.00592	0.00477	0.00150	0.00410	0.00475	0.00584	0.00808
33	0.86392	0.00937	0.00712	0.00637	0.00937	0.01087	0.00525	0.01425	0.00825	0.02174	0.00675	0.00787	0.00525	0.00450	0.00300	0.00150	0.00375	0.00262	0.00300	0.00525
34	0.86392	0.00937	0.00712	0.00637	0.00937	0.01087	0.00525	0.01425	0.00825	0.02174	0.00675	0.00787	0.00525	0.00450	0.00300	0.00150	0.00375	0.00262	0.00300	0.00525
35	0.86392	0.00937	0.00712	0.00637	0.00937	0.01087	0.00525	0.01425	0.00825	0.02174	0.00675	0.00787	0.00525	0.00450	0.00300	0.00150	0.00375	0.00262	0.00300	0.00525
36	0.86392	0.00937	0.00712	0.00637	0.00937	0.01087	0.00525	0.01425	0.00825	0.02174	0.00675	0.00787	0.00525	0.00450	0.00300	0.00150	0.00375	0.00262	0.00300	0.00525
37	0.01953	0.01180	0.01345	0.01031	0.01414	0.01240	0.00852	0.53049	0.01982	0.28754	0.01413	0.01325	0.00949	0.00588	0.00486	0.00147	0.00493	0.00453	0.00523	0.00824
38	0.01919	0.01235	0.01378	0.01057	0.01442	0.01321	0.00873	0.60819	0.02073	0.20856	0.01336	0.01275	0.00911	0.00586	0.00485	0.00146	0.00505	0.00448	0.00511	0.00824
39	0.01199	0.01151	0.01967	0.02974	0.79946	0.01151	0.01487	0.01487	0.01103	0.01583	0.00912	0.01199	0.00768	0.00432	0.00480	0.00144	0.00576	0.00432	0.00240	0.00768
40	0.01223	0.01050	0.01105	0.00990	0.01267	0.01213	0.00771	0.04625	0.76992	0.02055	0.01950	0.01791	0.01462	0.00655	0.00493	0.00164	0.00388	0.00545	0.00493	0.00769
41	0.86392	0.00937	0.00712	0.00637	0.00937	0.01087	0.00525	0.01425	0.00825	0.02174	0.00675	0.00787	0.00525	0.00450	0.00300	0.00150	0.00375	0.00262	0.00300	0.00525
42	0.00686	0.00495	0.00648	0.00610	0.00724	0.00457	0.00457	0.00914	0.01372	0.01943	0.79691	0.03620	0.04572	0.00991	0.00572	0.00152	0.00229	0.00876	0.00533	0.00457
43	0.02174	0.00825	0.01125	0.00862	0.01237	0.00712	0.00712	0.02362	0.01387	0.80282	0.01912	0.01649	0.01200	0.00600	0.00487	0.00150	0.00412	0.00487	0.00600	0.00825
44	0.01810	0.02310	0.01373	0.01248	0.01498	0.81024	0.00936	0.01935	0.01373	0.01186	0.00749	0.00874	0.00624	0.00499	0.00437	0.00125	0.00874	0.00312	0.00250	0.00562
45	0.86392	0.00937	0.00712	0.00637	0.00937	0.01087	0.00525	0.01425	0.00825	0.02174	0.00675	0.00787	0.00525	0.00450	0.00300	0.00150	0.00375	0.00262	0.00300	0.00525
46	0.00705	0.00470	0.00529	0.00529	0.00529	0.00470	0.00294	0.00705	0.00705	0.00940	0.01527	0.03171	0.01762	0.82969	0.02467	0.00470	0.00470	0.00705	0.00294	0.00294
47	0.00972	0.02507	0.80458	0.01381	0.02097	0.01125	0.01790	0.01535	0.01023	0.01535	0.00870	0.01023	0.00614	0.00460	0.00460	0.00153	0.00716	0.00358	0.00205	0.00716
48	0.00573	0.00491	0.00491	0.00491	0.00655	0.00409	0.00368	0.00695	0.01105	0.01309	0.04909	0.04664	0.79750	0.01227	0.00573	0.00164	0.00245	0.01023	0.00450	0.00409
49	0.00693	0.00517	0.00765	0.00765	0.00847	0.00598	0.00589	0.00857	0.00775	0.01115	0.01310	0.01972	0.01241	0.07927	0.76797	0.00762	0.01253	0.00529	0.00261	0.00425
50	0.00972	0.02507	0.80458	0.01381	0.02097	0.01125	0.01790	0.01535	0.01023	0.01535	0.00870	0.01023	0.00614	0.00460	0.00460	0.00153	0.00716	0.00358	0.00205	0.00716
51	0.00583	0.00462	0.00525	0.00572	0.00677	0.00404	0.00405	0.00692	0.01036	0.01294	0.05795	0.37687	0.45469	0.01345	0.00592	0.00177	0.00260	0.01170	0.00452	0.00404
52	0.00716	0.00547	0.00793	0.00780	0.00851	0.00644	0.00597	0.00865	0.00768	0.01106	0.01284	0.02002	0.01241	0.12861	0.66834	0.00707	0.06187	0.00535	0.00261	0.00422
53	0.01060	0.01060	0.01484	0.01272	0.01272	0.01484	0.01060	0.01166	0.00742	0.01166	0.00636	0.01060	0.00636	0.00848	0.01590	0.00212	0.82082	0.00424	0.00212	0.00530
54	0.01674	0.23680	0.01681	0.01138	0.01431	0.60141	0.00908	0.01807	0.01271	0.01174	0.00729	0.00848	0.00624	0.00477	0.00404	0.00119	0.00780	0.00298	0.00238	0.00578
55	0.86392	0.00937	0.00712	0.00637	0.00937	0.01087	0.00525	0.01425	0.00825	0.02174	0.00675	0.00787	0.00525	0.00450	0.00300	0.00150	0.00375	0.00262	0.00300	0.00525
56	0.01308	0.09427	0.22693	0.01474	0.09372	0.01328	0.13752	0.21765	0.10610	0.01961	0.01080	0.01193	0.00807	0.00500	0.00476	0.00149	0.00613	0.00434	0.00322	0.00736
57	0.01054	0.01020	0.01553	0.07484	0.24080	0.01274	0.01160	0.01235	0.00866	0.01288	0.00796	0.01199	0.00730	0.00972	0.08887	0.00244	0.44909	0.00436	0.00225	0.00590
58	0.00701	0.00484	0.00601	0.00601	0.00626	0.00509	0.00384	0.00751	0.00726	0.00993	0.01461	0.02806	0.01603	0.60079	0.25139	0.00559	0.00709	0.00651	0.00284	0.00334
59	0.00785	0.00474	0.00544	0.00526	0.00643	0.00452	0.00395	0.01007	0.01184	0.01842	0.37595	0.02796	0.07104	0.00797	0.00458	0.00134	0.00228	0.00678	0.41906	0.00452
60	0.02174	0.00825	0.01125	0.00862	0.01237	0.00712	0.00712	0.02362	0.01387	0.80282	0.01912	0.01649	0.01200	0.00600	0.00487	0.00150	0.00412	0.00487	0.00600	0.00825
61	0.01084	0.25679	0.49767	0.01292	0.01897	0.01365	0.09596	0.01512	0.01025	0.01423	0.00825	0.00982	0.00629	0.00442	0.00429	0.00140	0.00670	0.00352	0.00210	0.00682
62	0.00972	0.02507	0.80458	0.01381	0.02097	0.01125	0.01790	0.01535	0.01023	0.01535	0.00870	0.01023	0.00614	0.00460	0.00460	0.00153	0.00716	0.00358	0.00205	0.00716
63	0.00667	0.00496	0.00622	0.00595	0.00718	0.00451	0.00449	0.00876	0.01315	0.01811	0.63525	0.03866	0.18677	0.01045	0.00574	0.00156	0.00238	0.02956	0.00515	0.00448
64	0.00685	0.00595	0.00905	0.00809	0.00971	0.00538	0.12377	0.00857	0.01099	0.01430	0.16163	0.29105	0.30286	0.01155	0.00587	0.00172	0.00342	0.01043	0.00432	0.00450
65	0.00915	0.00861	0.01453	0.81804	0.03338	0.01077	0.01346	0.01238	0.00969	0.01238	0.00861	0.01292	0.00646	0.00484	0.00484	0.00161	0.00646	0.00431	0.00215	0.00538
66	0.01015	0.00994	0.01399	0.01212	0.01223	0.01378	0.01005	0.01130	0.00747	0.01161	0.00717	0.01163	0.00706	0.01187	0.11249	0.00281	0.72262	0.00436	0.00218	0.00518
67	0.00972	0.02507	0.80458	0.01381	0.02097	0.01125	0.01790	0.01535	0.01023	0.01535	0.00870	0.01023	0.00614	0.00460	0.00460	0.00153	0.00716	0.00358	0.00205	0.00716
68	0.01205	0.01041	0.01096	0.00986	0.01260	0.01205	0.00767	0.02575	0.79071	0.02027	0.01972	0.01808	0.01479	0.00657	0.00493	0.00164	0.00384	0.00548	0.00493	0.00767
69	0.86392	0.00937	0.00712	0.00637	0.00937	0.01087	0.00525	0.01425	0.00825	0.02174	0.00675	0.00787	0.00525	0.00450	0.00300	0.00150	0.00375	0.00262	0.00300	0.00525
70	0.01684	0.05523	0.01230	0.00864	0.01261	0.00914	0.00716	0.16924	0.01418	0.35369	0.01358	0.01298	0.00939	0.00509	0.00436	0.00121	0.00425	0.00400	0.00455	0.28157
71	0.01522	0.01793	0.05817	0.08982	0.01649	0.43106	0.00980	0.06883	0.21379	0.01547	0.01108	0.01182	0.00859	0.00542	0.00460	0.00142	0.00695	0.00395	0.00321	0.00638
72	0.00830	0.00527	0.00694	0.00634	0.00774	0.00482	0.00482	0.01055	0.01373	0.09531	0.72157	0.03429	0.04246	0.00953	0.00563	0.00152	0.00246	0.00839	0.00540	0.00493
73	0.00679	0.00495	0.00639	0.00603	0.00720	0.00455	0.00452	0.00902	0.01357	0.01907	0.75434	0.03679	0.08852	0.01004	0.00572	0.00153	0.00230	0.00885	0.00529	0.00455
74	0.00781	0.00558	0.00781	0.00892	0.01004	0.00558	0.00781	0.01004	0.01116	0.01450	0.02566	0.05466	0.02789	0.01339	0.00669	0.00223	0.00446	0.76685	0.00446	0.00446
75	0.01810	0.02310	0.01373	0.01248	0.01498	0.81024	0.00936	0.01935	0.01373	0.01186	0.00749	0.00874	0.00624	0.00499	0.00437	0.00125	0.00874	0.00312	0.00250	0.00562
76	0.00804	0.00499	0.00568	0.00579	0.00642	0.00502	0.00402	0.02873	0.00910	0.01348	0.01722	0.05000	0.01770	0.40762	0.01434	0.00306	0.00388	0.12320	0.26786	0.00382
77	0.02123	0.00907	0.01175	0.00901	0.01278	0.00834	0.00744	0.14044	0.01524	0.68406	0.01797	0.01575	0.01142	0.00597	0.00487	0.00149	0.00431	0.00479	0.00582	0.00825
78	0.00705	0.00519	0.00665	0.00651	0.00764	0.00494	0.00489	0.00974	0.05500	0.01817	0.59696	0.13275	0.06172	0.01063	0.00579	0.00163	0.00256	0.05239	0.00514	0.00464
79	0.01045	0.00984	0.01651	0.49650	0.32821	0.01115	0.01391	0.03031	0.01050	0.01411	0.00887	0.01253	0.00697	0.00466	0.00483	0.00154	0.00616	0.00431	0.00231	0.00633
80	0.01703	0.01998	0.01374	0.01217	0.01457	0.59604	0.00935	0.11667	0.02868	0.01438	0.00828	0.00972	0.00682	0.00625	0.02560	0.00153	0.08697	0.00348	0.00281	0.00593
81	0.19909	0.37453	0.06493	0.00816	0.01166	0.03647	0.00763	0.08656	0.01094	0.01610	0.04830	0.01296	0.04693	0.05210	0.00486	0.00148	0.00480	0.00376	0.00287	0.00587
82	0.47407	0.10589	0.24047	0.00953	0.01397	0.01199	0.05345	0.01467	0.00918	0.01839	0.00748	0.00884	0.00573	0.00447	0.00363	0.00147	0.00514	0.00307	0.00259	0.00598
83	0.01026	0.00970	0.01595	0.49370	0.27147	0.01123	0.01346	0.01390	0.05448	0.01388	0.00932	0.01283	0.00731	0.00492	0.00526	0.00158	0.03773	0.00437	0.00239	0.00623
84	0.00971	0.00939	0.01488	0.72881	0.08896	0.04188	0.01340	0.01284	0.00995	0.01261	0.00861	0.01269	0.00654	0.00481	0.00482	0.00159	0.00650	0.00426	0.00218	0.00556
85	0.19081	0.01051	0.01119	0.00919	0.01252	0.01140	0.00745	0.22299	0.23921	0.21282	0.01478	0.01390	0.01043	0.00581	0.00450	0.00153	0.00428	0.00445	0.00477	0.00746
86	0.00642	0.00465	0.00642	0.00699	0.00746	0.00484	0.00492	0.00751	0.00846	0.01161	0.02015	0.42730	0.02277	0.11398	0.31778	0.00451	0.00693	0.00972	0.00359	0.00398
87	0.00590	0.00422	0.00562	0.00675	0.00703	0.00394	0.00450	0.00675	0.00928	0.01237	0.02671	0.82653	0.03205	0.01518	0.00619	0.00197	0.00281	0.01378	0.00450	0.00394
88	0.00809	0.00485	0.00578	0.00594	0.00705	0.00474	0.00467	0.01032	0.01134	0.01756	0.23647	0.05065	0.02546	0.00870	0.00480	0.00149	0.00274	0.16593	0.41891	0.00451
89	0.02090	0.00806	0.01097	0.00848	0.01208	0.00698	0.00698	0.02279	0.01386	0.75822	0.06339	0.01762	0.01392	0.00622	0.00492	0.00150	0.00402	0.00509	0.00596	0.00804
90	0.86392	0.00937	0.00712	0.00637	0.00937	0.01087	0.00525	0.01425	0.00825	0.02174	0.00675	0.00787	0.00525	0.00450	0.00300	0.00150	0.00375	0.00262	0.00300	0.00525
91	0.01144	0.01307	0.02859	0.02042	0.02533	0.01225	0.78186	0.01552	0.01144	0.01552	0.00980	0.01307	0.00735	0.00408	0.00572	0.00163	0.00817	0.00572	0.00245	0.00654
92	0.00972	0.02507	0.80458	0.01381	0.02097	0.01125	0.01790	0.01535	0.01023	0.01535	0.00870	0.01023	0.00614	0.00460	0.00460	0.00153	0.00716	0.00358	0.00205	0.00716
93	0.10142	0.01139	0.01273	0.00985	0.01360	0.01199	0.00813	0.45584	0.01841	0.28685	0.01365	0.01289	0.00920	0.00575	0.00468	0.00147	0.00478	0.00436	0.00505	0.00795
94	0.01060	0.01060	0.01484	0.01272	0.01272	0.01484	0.01060	0.01166	0.00742	0.01166	0.00636	0.01060	0.00636	0.00848	0.01590	0.00212	0.82082	0.00424	0.00212	0.00530
95	0.01048	0.00591	0.00606	0.00554	0.00709	0.00613	0.00428	0.13001	0.01210	0.01999	0.01517	0.01708	0.01178	0.00567	0.00361	0.00118	0.00273	0.00449	0.72561	0.00509
96	0.01144	0.01307	0.02859	0.02042	0.02533	0.01225	0.78186	0.01552	0.01144	0.01552	0.00980	0.01307	0.00735	0.00408	0.00572	0.00163	0.00817	0.00572	0.00245	0.00654
97	0.00759	0.00542	0.00756	0.00867	0.00969	0.00539	0.00743	0.00966	0.01094	0.01426	0.02578	0.14388	0.02837	0.01359	0.00663	0.00220	0.00427	0.67981	0.00447	0.00440
98	0.00694	0.00512	0.00740	0.00740	0.00814	0.00585	0.00558	0.00841	0.00767	0.01096	0.01333	0.02099	0.01296	0.15835	0.68964	0.00731	0.01171	0.00548	0.00265	0.00411
99	0.00682	0.00513	0.00671	0.00684	0.00736	0.00544	0.00485	0.00784	0.00886	0.01211	0.09597	0.25839	0.08798	0.21147	0.18995	0.00385	0.06403	0.00881	0.00362	0.00396
100	0.00668	0.00495	0.00624	0.00591	0.00713	0.00450	0.00444	0.00881	0.01331	0.01846	0.68190	0.03780	0.16133	0.01027	0.00572	0.00154	0.00231	0.00899	0.00521	0.00450
101	0.01568	0.01842	0.01839	0.01478	0.01800	0.44572	0.24390	0.09175	0.01355	0.01477	0.00853	0.01044	0.00678	0.00500	0.00548	0.00144	0.05447	0.00409	0.00269	0.00613
102	0.01122	0.00939	0.01057	0.00817	0.01193	0.00857	0.00650	0.09006	0.20086	0.01845	0.04223	0.01317	0.01063	0.00477	0.00412	0.00105	0.00377	0.00388	0.00366	0.53702
103	0.00904	0.00832	0.01300	0.37902	0.19770	0.00917	0.01088	0.02437	0.01071	0.01399	0.05977	0.02183	0.19544	0.00682	0.00527	0.00158	0.01856	0.00594	0.00297	0.00560
104	0.00622	0.00493	0.00559	0.00543	0.00685	0.00430	0.00407	0.00791	0.01221	0.01586	0.37501	0.04209	0.46985	0.01124	0.00572	0.00159	0.00238	0.00959	0.00486	0.00430
105	0.14183	0.18470	0.16749	0.01010	0.01388	0.01145	0.09399	0.05514	0.03016	0.02782	0.09528	0.09685	0.03932	0.00646	0.00451	0.00148	0.00500	0.00537	0.00320	0.00598
106	0.01522	0.03912	0.01564	0.01180	0.01531	0.04381	0.12730	0.42674	0.06278	0.04780	0.01226	0.03319	0.00947	0.00863	0.08180	0.00207	0.00637	0.00484	0.01623	0.01964
107	0.18930	0.08020	0.36032	0.01027	0.01487	0.01080	0.01128	0.06343	0.02959	0.01704	0.01136	0.13535	0.01032	0.00627	0.00439	0.00153	0.00532	0.00495	0.00290	0.03052
108	0.07706	0.38630	0.24280	0.00964	0.01457	0.01419	0.01043	0.03957	0.01029	0.01462	0.00774	0.00896	0.00634	0.00427	0.00366	0.00118	0.00540	0.00298	0.00235	0.13767

[dist]
# distance from previous block
# <min> <max>
8	21

[block]
# block no. 1 follows, 52 sequences, length 10
# corresponding to MSA columns:
# 592-601
name=unknown_B
#
# <colnr> <probs for GDERKNQSTAVLIFYWHMCP>
#	G	D	E	R	K	N	Q	S	T	A	V	L	I	F	Y	W	H	M	C	P
0	0.12194	0.01080	0.09757	0.00857	0.01226	0.00903	0.00758	0.13405	0.07665	0.07143	0.01452	0.09050	0.05584	0.00617	0.00439	0.00132	0.00419	0.00496	0.00373	0.26449
1	0.01376	0.12449	0.08528	0.01236	0.01514	0.20121	0.06638	0.11540	0.05698	0.01522	0.00858	0.01050	0.00710	0.00598	0.00771	0.00157	0.23944	0.00390	0.00274	0.00627
2	0.07897	0.01677	0.36195	0.01271	0.05598	0.01078	0.06840	0.11899	0.04339	0.01815	0.03580	0.05879	0.00973	0.00548	0.00465	0.00148	0.00578	0.00457	0.00299	0.08466
3	0.01495	0.13427	0.12722	0.01313	0.07764	0.42258	0.01065	0.01856	0.11017	0.01366	0.00922	0.01025	0.00741	0.00496	0.00433	0.00132	0.00716	0.00350	0.00267	0.00634
4	0.62738	0.07716	0.06970	0.00771	0.01106	0.06975	0.00687	0.01530	0.04799	0.01964	0.00760	0.00862	0.00594	0.00462	0.00333	0.00145	0.00449	0.00287	0.00291	0.00562
5	0.00956	0.00926	0.00820	0.00814	0.00942	0.19353	0.00605	0.03218	0.01229	0.01516	0.26271	0.27896	0.05057	0.01066	0.00561	0.00166	0.00424	0.07282	0.00430	0.00470
6	0.00846	0.00762	0.01230	0.57307	0.02567	0.00921	0.01100	0.01112	0.00994	0.01306	0.09064	0.14656	0.01453	0.00717	0.00559	0.00168	0.03819	0.00628	0.00285	0.00506
7	0.01144	0.01124	0.01879	0.25011	0.24300	0.04471	0.19519	0.07523	0.01156	0.01544	0.00955	0.01286	0.00756	0.00689	0.06361	0.00199	0.00715	0.00466	0.00255	0.00646
8	0.00975	0.00978	0.01822	0.60910	0.03127	0.01116	0.21475	0.01320	0.01015	0.01320	0.00893	0.01296	0.00669	0.00465	0.00507	0.00162	0.00691	0.00468	0.00223	0.00569
9	0.05132	0.00880	0.01417	0.58969	0.12021	0.01031	0.01236	0.01342	0.01027	0.07016	0.04631	0.01392	0.00878	0.00509	0.00479	0.00158	0.00588	0.00448	0.00265	0.00582

[dist]
# distance from previous block
# <min> <max>
14	36

[block]
# block no. 2 follows, 52 sequences, length 24
# corresponding to MSA columns:
# 644-667
name=unknown_C
#
# <colnr> <probs for GDERKNQSTAVLIFYWHMCP>
#	G	D	E	R	K	N	Q	S	T	A	V	L	I	F	Y	W	H	M	C	P
0	0.06300	0.31920	0.08744	0.01120	0.01564	0.01386	0.15992	0.08681	0.01168	0.08538	0.00925	0.01040	0.00718	0.00445	0.00411	0.00127	0.00560	0.00369	0.00289	0.09704
1	0.04645	0.03503	0.05152	0.03662	0.01282	0.19910	0.04893	0.06007	0.03648	0.04893	0.05638	0.06851	0.20920	0.00758	0.00491	0.00145	0.00514	0.00616	0.00361	0.06111
2	0.08264	0.01023	0.05164	0.01012	0.03883	0.06287	0.06816	0.10668	0.03674	0.08899	0.01534	0.23260	0.01489	0.04119	0.00573	0.00165	0.00467	0.00674	0.00380	0.11650
3	0.07250	0.01297	0.01357	0.18675	0.10218	0.22405	0.03128	0.04374	0.02868	0.13472	0.02531	0.01366	0.00904	0.00535	0.00463	0.00144	0.00611	0.02979	0.00325	0.05097
4	0.03013	0.01202	0.05417	0.01485	0.06938	0.07679	0.30528	0.06019	0.01217	0.06999	0.04923	0.06536	0.02726	0.00625	0.00529	0.00156	0.00617	0.06790	0.00331	0.06268
5	0.00936	0.00815	0.01129	0.24987	0.13931	0.04496	0.00906	0.04221	0.01001	0.01303	0.01399	0.10801	0.01433	0.22554	0.01038	0.00248	0.00537	0.07467	0.00298	0.00498
6	0.01088	0.01073	0.01913	0.29769	0.38440	0.01150	0.13530	0.01400	0.01050	0.01444	0.00895	0.01243	0.00716	0.00462	0.00539	0.00156	0.03786	0.00453	0.00231	0.00662
7	0.00992	0.00976	0.01704	0.39250	0.02493	0.01120	0.19704	0.03753	0.01047	0.01402	0.05103	0.01557	0.05149	0.00590	0.00682	0.00169	0.12966	0.00519	0.00260	0.00563
8	0.00598	0.00459	0.00550	0.00609	0.00698	0.00411	0.00433	0.00712	0.01033	0.01322	0.08795	0.44350	0.32482	0.01364	0.00600	0.00182	0.00271	0.04270	0.00455	0.00406
9	0.00991	0.00920	0.01507	0.42749	0.18530	0.01077	0.03507	0.03840	0.01007	0.01363	0.00978	0.04612	0.00834	0.00833	0.07846	0.00219	0.07879	0.00481	0.00244	0.00583
10	0.00705	0.00470	0.00529	0.00529	0.00529	0.00470	0.00294	0.00705	0.00705	0.00940	0.01527	0.03171	0.01762	0.82969	0.02467	0.00470	0.00470	0.00705	0.00294	0.00294
11	0.01175	0.56252	0.25948	0.00990	0.01483	0.01630	0.01106	0.01451	0.00994	0.01262	0.00797	0.03502	0.00703	0.00464	0.00366	0.00122	0.00570	0.00325	0.00214	0.00643
12	0.00573	0.00491	0.00491	0.00491	0.00655	0.00409	0.00368	0.00695	0.01105	0.01309	0.04909	0.04664	0.79750	0.01227	0.00573	0.00164	0.00245	0.01023	0.00450	0.00409
13	0.01182	0.01200	0.02244	0.02685	0.55883	0.01174	0.25328	0.01507	0.01116	0.01574	0.00933	0.01233	0.00758	0.00425	0.00508	0.00150	0.00651	0.00475	0.00242	0.00732
14	0.01649	0.00856	0.01054	0.00861	0.01187	0.00821	0.00694	0.02175	0.23441	0.43597	0.05164	0.01930	0.04627	0.00655	0.00490	0.00150	0.00386	0.02181	0.00532	0.07551
15	0.24109	0.00903	0.01047	0.00827	0.01183	0.00882	0.00683	0.09079	0.01322	0.52833	0.01521	0.01380	0.00989	0.00559	0.00438	0.00150	0.00414	0.00424	0.00511	0.00746
16	0.01338	0.76637	0.02444	0.00863	0.01265	0.08390	0.00838	0.01491	0.01016	0.01144	0.00680	0.00785	0.00622	0.00422	0.00321	0.00105	0.00547	0.00263	0.00211	0.00617
17	0.01399	0.01034	0.01148	0.00932	0.01214	0.01115	0.00749	0.47616	0.05063	0.02584	0.25675	0.05695	0.02125	0.00755	0.00518	0.00151	0.00421	0.00621	0.00499	0.00688
18	0.00668	0.00495	0.00623	0.00591	0.00713	0.00450	0.00443	0.00880	0.01329	0.01843	0.67852	0.03785	0.16474	0.01028	0.00572	0.00154	0.00231	0.00900	0.00520	0.00450
19	0.01144	0.01307	0.02859	0.02042	0.02533	0.01225	0.78186	0.01552	0.01144	0.01552	0.00980	0.01307	0.00735	0.00408	0.00572	0.00163	0.00817	0.00572	0.00245	0.00654
20	0.01272	0.01074	0.01134	0.01000	0.01286	0.01237	0.00783	0.10563	0.70974	0.02135	0.01887	0.01740	0.01410	0.00649	0.00492	0.00162	0.00399	0.00536	0.00492	0.00773
21	0.01296	0.83261	0.02539	0.00829	0.01244	0.01917	0.00829	0.01451	0.00985	0.01140	0.00674	0.00777	0.00622	0.00415	0.00311	0.00104	0.00518	0.00259	0.00207	0.00622
22	0.00705	0.00470	0.00529	0.00529	0.00529	0.00470	0.00294	0.00705	0.00705	0.00940	0.01527	0.03171	0.01762	0.82969	0.02467	0.00470	0.00470	0.00705	0.00294	0.00294
23	0.00922	0.00721	0.00829	0.00822	0.00968	0.00773	0.00602	0.09687	0.26053	0.01686	0.02284	0.47990	0.02396	0.01142	0.00564	0.00181	0.00341	0.01011	0.00467	0.00560

[dist]
# distance from previous block
# <min> <max>
0	2

[block]
# block no. 3 follows, 52 sequences, length 74
# corresponding to MSA columns:
# 670-706,729-765
name=unknown_D
#
# <colnr> <probs for GDERKNQSTAVLIFYWHMCP>
#	G	D	E	R	K	N	Q	S	T	A	V	L	I	F	Y	W	H	M	C	P
0	0.03628	0.01080	0.01194	0.04346	0.01383	0.07252	0.00797	0.16345	0.17310	0.37479	0.01637	0.02938	0.01140	0.00609	0.00482	0.00151	0.00472	0.00485	0.00504	0.00766
1	0.00990	0.07924	0.70527	0.01290	0.01951	0.01141	0.01641	0.01506	0.01020	0.01523	0.00897	0.01051	0.00650	0.00463	0.00443	0.00148	0.00674	0.00357	0.05107	0.00695
2	0.01035	0.00860	0.01008	0.00722	0.01151	0.00648	0.00578	0.01250	0.01015	0.03615	0.00888	0.01022	0.00730	0.00365	0.00362	0.00074	0.00360	0.00292	0.00295	0.83731
3	0.00599	0.00433	0.00578	0.00676	0.00715	0.00413	0.00460	0.00692	0.00922	0.01230	0.02645	0.72331	0.06236	0.01691	0.07644	0.00246	0.00369	0.01288	0.00433	0.00398
4	0.01144	0.01307	0.02859	0.02042	0.02533	0.01225	0.78186	0.01552	0.01144	0.01552	0.00980	0.01307	0.00735	0.00408	0.00572	0.00163	0.00817	0.00572	0.00245	0.00654
5	0.00915	0.00861	0.01453	0.81804	0.03338	0.01077	0.01346	0.01238	0.00969	0.01238	0.00861	0.01292	0.00646	0.00484	0.00484	0.00161	0.00646	0.00431	0.00215	0.00538
6	0.00686	0.00495	0.00648	0.00610	0.00724	0.00457	0.00457	0.00914	0.01372	0.01943	0.79691	0.03620	0.04572	0.00991	0.00572	0.00152	0.00229	0.00876	0.00533	0.00457
7	0.00686	0.00495	0.00648	0.00610	0.00724	0.00457	0.00457	0.00914	0.01372	0.01943	0.79691	0.03620	0.04572	0.00991	0.00572	0.00152	0.00229	0.00876	0.00533	0.00457
8	0.00915	0.00861	0.01453	0.81804	0.03338	0.01077	0.01346	0.01238	0.00969	0.01238	0.00861	0.01292	0.00646	0.00484	0.00484	0.00161	0.00646	0.00431	0.00215	0.00538
9	0.00580	0.00488	0.00503	0.00505	0.00660	0.00411	0.00377	0.00707	0.01112	0.01342	0.09007	0.07871	0.72331	0.01226	0.00575	0.00164	0.00246	0.01029	0.00455	0.00411
10	0.05459	0.01295	0.01373	0.01062	0.01433	0.01434	0.00876	0.71247	0.02154	0.02955	0.01163	0.01178	0.00831	0.00575	0.00470	0.00144	0.00511	0.00430	0.04617	0.00793
11	0.28734	0.00804	0.00830	0.00682	0.00994	0.00744	0.00534	0.01183	0.00919	0.01692	0.01062	0.12772	0.01020	0.00612	0.00442	0.03710	0.00355	0.00443	0.00312	0.42158
12	0.01734	0.10380	0.01494	0.01207	0.01465	0.70526	0.00930	0.01862	0.01314	0.01181	0.00738	0.00870	0.00624	0.00502	0.00462	0.00126	0.03464	0.00310	0.00244	0.00567
13	0.77908	0.00889	0.00686	0.00619	0.00900	0.01024	0.00506	0.01395	0.00844	0.02138	0.00765	0.00888	0.00596	0.00461	0.00304	0.00146	0.00360	0.00281	0.08772	0.00518
14	0.01009	0.04528	0.01689	0.49050	0.17254	0.01163	0.07054	0.01301	0.00987	0.01315	0.00883	0.02649	0.00718	0.00516	0.00583	0.00161	0.07874	0.00450	0.00226	0.00590
15	0.00611	0.00445	0.00559	0.00631	0.00678	0.00420	0.00423	0.00693	0.00911	0.01196	0.02752	0.54099	0.14351	0.14121	0.05510	0.00267	0.00363	0.01172	0.00415	0.00383
16	0.00781	0.00558	0.00781	0.00892	0.01004	0.00558	0.00781	0.01004	0.01116	0.01450	0.02566	0.05466	0.02789	0.01339	0.00669	0.00223	0.00446	0.76685	0.00446	0.00446
17	0.01988	0.00781	0.01059	0.00826	0.01167	0.00679	0.00677	0.02181	0.01376	0.70221	0.10010	0.01859	0.01552	0.00640	0.00493	0.00149	0.00389	0.00527	0.02648	0.00777
18	0.01205	0.01041	0.01096	0.00986	0.01260	0.01205	0.00767	0.02575	0.79071	0.02027	0.01972	0.01808	0.01479	0.00657	0.00493	0.00164	0.00384	0.00548	0.00493	0.00767
19	0.82299	0.00932	0.00732	0.00648	0.00952	0.01069	0.00534	0.01470	0.00852	0.05971	0.00735	0.00829	0.00558	0.00457	0.00309	0.00150	0.00377	0.00273	0.00314	0.00539
20	0.86392	0.00937	0.00712	0.00637	0.00937	0.01087	0.00525	0.01425	0.00825	0.02174	0.00675	0.00787	0.00525	0.00450	0.00300	0.00150	0.00375	0.00262	0.00300	0.00525
21	0.01041	0.00872	0.00959	0.00912	0.01134	0.00974	0.00722	0.02021	0.53553	0.01817	0.02376	0.06064	0.08649	0.00878	0.00540	0.00177	0.00380	0.15798	0.00478	0.00657
22	0.01296	0.83261	0.02539	0.00829	0.01244	0.01917	0.00829	0.01451	0.00985	0.01140	0.00674	0.00777	0.00622	0.00415	0.00311	0.00104	0.00518	0.00259	0.00207	0.00622
23	0.81561	0.00931	0.00736	0.00650	0.00954	0.01066	0.00536	0.01478	0.00857	0.06655	0.00746	0.00837	0.00564	0.00458	0.00311	0.00150	0.00377	0.00275	0.00317	0.00542
24	0.01087	0.01089	0.01685	0.05025	0.16125	0.01384	0.07460	0.01261	0.00852	0.01279	0.00725	0.01116	0.00669	0.00719	0.01254	0.00193	0.56834	0.00438	0.00220	0.00585
25	0.00608	0.00435	0.00578	0.00663	0.00707	0.00405	0.00451	0.00719	0.01010	0.01368	0.16942	0.68009	0.03458	0.01420	0.00610	0.00189	0.00271	0.01285	0.00465	0.00405
26	0.00915	0.00861	0.01453	0.81804	0.03338	0.01077	0.01346	0.01238	0.00969	0.01238	0.00861	0.01292	0.00646	0.00484	0.00484	0.00161	0.00646	0.00431	0.00215	0.00538
27	0.00652	0.00488	0.00604	0.00589	0.00706	0.00441	0.00436	0.00843	0.01271	0.01735	0.55704	0.11126	0.21438	0.01093	0.00576	0.00159	0.00237	0.00956	0.00507	0.00441
28	0.00842	0.00421	0.00631	0.00631	0.00631	0.00421	0.00421	0.00631	0.00631	0.00842	0.00842	0.01473	0.00842	0.01684	0.01894	0.85901	0.00421	0.00421	0.00210	0.00210
29	0.01575	0.01518	0.01377	0.01243	0.05924	0.24328	0.00933	0.27042	0.20184	0.02021	0.01177	0.01227	0.00904	0.00591	0.00569	0.00150	0.07724	0.00426	0.00381	0.00706
30	0.00705	0.00470	0.00529	0.00529	0.00529	0.00470	0.00294	0.00705	0.00705	0.00940	0.01527	0.03171	0.01762	0.82969	0.02467	0.00470	0.00470	0.00705	0.00294	0.00294
31	0.01005	0.00861	0.01005	0.00718	0.01148	0.00646	0.00574	0.01220	0.01005	0.01579	0.00861	0.01005	0.00718	0.00359	0.00359	0.00072	0.00359	0.00287	0.00287	0.85932
32	0.01169	0.01251	0.02270	0.12597	0.28057	0.05765	0.36931	0.01504	0.01113	0.01493	0.00922	0.01240	0.00726	0.00440	0.00544	0.00156	0.02426	0.00489	0.00239	0.00668
33	0.00749	0.00544	0.00739	0.00839	0.00952	0.00534	0.00721	0.00955	0.01106	0.01425	0.02826	0.08939	0.11200	0.01335	0.00656	0.00215	0.00417	0.64961	0.00447	0.00440
34	0.02604	0.00948	0.01113	0.01045	0.05208	0.01046	0.03598	0.07590	0.47361	0.01984	0.12859	0.07252	0.03789	0.00744	0.00512	0.00162	0.00388	0.00641	0.00469	0.00686
35	0.00813	0.00708	0.01119	0.01146	0.10885	0.00649	0.11547	0.01000	0.01020	0.01401	0.02174	0.36614	0.09873	0.01015	0.00552	0.00165	0.00407	0.04907	0.02578	0.11424
36	0.06812	0.00843	0.02605	0.08983	0.01305	0.00830	0.00720	0.11711	0.06743	0.25294	0.02072	0.11021	0.11933	0.04820	0.01956	0.00185	0.00434	0.00645	0.00453	0.00634
37	0.05937	0.01024	0.01219	0.04381	0.02811	0.02418	0.00814	0.22159	0.08605	0.31209	0.01442	0.01492	0.01034	0.05331	0.00687	0.00174	0.07600	0.00469	0.00464	0.00731
38	0.01210	0.58142	0.20527	0.01074	0.03330	0.01678	0.05394	0.01477	0.01005	0.01264	0.00742	0.00873	0.00630	0.00425	0.00364	0.00119	0.00582	0.00303	0.00210	0.00649
39	0.00591	0.00471	0.00532	0.00567	0.00683	0.00411	0.00410	0.00712	0.01068	0.01337	0.09794	0.29555	0.47962	0.01305	0.00589	0.00175	0.00260	0.02715	0.00456	0.00409
40	0.03805	0.05776	0.08160	0.01179	0.11595	0.00921	0.02108	0.05758	0.02327	0.36389	0.04090	0.01412	0.01068	0.00527	0.00455	0.00136	0.00463	0.00434	0.00428	0.12969
41	0.02045	0.00870	0.02945	0.00872	0.01240	0.00745	0.00733	0.05938	0.01421	0.70230	0.06314	0.01724	0.01361	0.00618	0.00491	0.00150	0.00415	0.00504	0.00581	0.00801
42	0.01060	0.01060	0.01484	0.01272	0.01272	0.01484	0.01060	0.01166	0.00742	0.01166	0.00636	0.01060	0.00636	0.00848	0.01590	0.00212	0.82082	0.00424	0.00212	0.00530
43	0.01388	0.01304	0.08208	0.05787	0.04726	0.03877	0.00973	0.26160	0.37940	0.02216	0.01475	0.01452	0.01093	0.00592	0.00485	0.00155	0.00498	0.00477	0.00431	0.00761
44	0.01193	0.01145	0.01955	0.04836	0.78137	0.01150	0.01484	0.01481	0.01100	0.01575	0.00910	0.01202	0.00765	0.00433	0.00480	0.00144	0.00577	0.00432	0.00239	0.00762
45	0.00972	0.02507	0.80458	0.01381	0.02097	0.01125	0.01790	0.01535	0.01023	0.01535	0.00870	0.01023	0.00614	0.00460	0.00460	0.00153	0.00716	0.00358	0.00205	0.00716
46	0.00584	0.00482	0.00512	0.00524	0.00666	0.00411	0.00386	0.00710	0.01102	0.01349	0.10433	0.14663	0.64012	0.01247	0.00579	0.00167	0.00249	0.01057	0.00456	0.00411
47	0.01296	0.83261	0.02539	0.00829	0.01244	0.01917	0.00829	0.01451	0.00985	0.01140	0.00674	0.00777	0.00622	0.00415	0.00311	0.00104	0.00518	0.00259	0.00207	0.00622
48	0.01289	0.81568	0.04173	0.00841	0.01262	0.01901	0.00849	0.01453	0.00985	0.01148	0.00678	0.00783	0.00622	0.00416	0.00314	0.00105	0.00522	0.00261	0.00207	0.00624
49	0.00594	0.00446	0.00552	0.00628	0.00697	0.00403	0.00435	0.00697	0.00997	0.01292	0.06734	0.57405	0.23158	0.01415	0.00605	0.00187	0.00272	0.02629	0.00454	0.00401
50	0.01296	0.83261	0.02539	0.00829	0.01244	0.01917	0.00829	0.01451	0.00985	0.01140	0.00674	0.00777	0.00622	0.00415	0.00311	0.00104	0.00518	0.00259	0.00207	0.00622
51	0.00687	0.00473	0.00524	0.00524	0.00545	0.00462	0.00303	0.00703	0.00758	0.00988	0.01974	0.03369	0.12074	0.72161	0.02216	0.00429	0.00440	0.00747	0.00314	0.00309
52	0.01842	0.01357	0.01454	0.01115	0.01503	0.01503	0.00921	0.78330	0.02278	0.03054	0.01163	0.01163	0.00824	0.00582	0.00485	0.00145	0.00533	0.00436	0.00485	0.00824
53	0.01005	0.00861	0.01005	0.00718	0.01148	0.00646	0.00574	0.01220	0.01005	0.01579	0.00861	0.01005	0.00718	0.00359	0.00359	0.00072	0.00359	0.00287	0.00287	0.85932
54	0.01307	0.81510	0.02514	0.00838	0.01249	0.03629	0.00832	0.01462	0.00993	0.01141	0.00675	0.00779	0.00622	0.00416	0.00314	0.00104	0.00526	0.00260	0.00208	0.00621
55	0.09413	0.01243	0.01303	0.01016	0.01373	0.01377	0.00836	0.64879	0.02041	0.02870	0.01154	0.01184	0.00832	0.00568	0.00456	0.00143	0.00493	0.00422	0.07632	0.00766
56	0.01199	0.01151	0.01967	0.02974	0.79946	0.01151	0.01487	0.01487	0.01103	0.01583	0.00912	0.01199	0.00768	0.00432	0.00480	0.00144	0.00576	0.00432	0.00240	0.00768
57	0.00889	0.00827	0.01052	0.02074	0.01093	0.08580	0.05146	0.01049	0.00895	0.01215	0.04133	0.10925	0.01379	0.04117	0.37541	0.00459	0.15690	0.00598	0.01867	0.00470
58	0.00610	0.00485	0.00553	0.00557	0.00688	0.00428	0.00412	0.00759	0.01142	0.01463	0.24594	0.13761	0.47042	0.01297	0.03841	0.00190	0.00288	0.01006	0.00465	0.00421
59	0.00971	0.00573	0.00720	0.00644	0.00824	0.00515	0.00496	0.01195	0.03112	0.17437	0.46501	0.03407	0.19793	0.00955	0.00553	0.00155	0.00272	0.00822	0.00528	0.00527
60	0.01705	0.01289	0.01377	0.01087	0.01450	0.01439	0.00888	0.61993	0.18839	0.02833	0.01338	0.01302	0.00965	0.00598	0.00487	0.00150	0.00501	0.00460	0.00487	0.00812
61	0.00577	0.00491	0.00497	0.00496	0.00657	0.00411	0.00372	0.00704	0.01115	0.01335	0.07941	0.04621	0.76702	0.01218	0.00573	0.00163	0.00245	0.01017	0.00453	0.00411
62	0.02017	0.01077	0.01281	0.00982	0.01363	0.01087	0.00811	0.38343	0.01809	0.43704	0.01557	0.01419	0.01022	0.00591	0.00486	0.00148	0.00470	0.00463	0.00545	0.00824
63	0.01199	0.01151	0.01967	0.02974	0.79946	0.01151	0.01487	0.01487	0.01103	0.01583	0.00912	0.01199	0.00768	0.00432	0.00480	0.00144	0.00576	0.00432	0.00240	0.00768
64	0.01296	0.83261	0.02539	0.00829	0.01244	0.01917	0.00829	0.01451	0.00985	0.01140	0.00674	0.00777	0.00622	0.00415	0.00311	0.00104	0.00518	0.00259	0.00207	0.00622
65	0.56396	0.00962	0.00912	0.04253	0.01166	0.01063	0.00643	0.10657	0.01111	0.17387	0.00980	0.01021	0.00696	0.00496	0.00366	0.00150	0.00413	0.00334	0.00376	0.00619
66	0.00865	0.00856	0.01668	0.01325	0.01587	0.00801	0.37580	0.01117	0.01064	0.01427	0.04954	0.33825	0.05782	0.00946	0.00594	0.00179	0.00540	0.04009	0.00355	0.00523
67	0.70788	0.00916	0.00789	0.00679	0.00993	0.01018	0.00560	0.01598	0.00929	0.16647	0.00904	0.00947	0.00650	0.00478	0.00335	0.00150	0.00382	0.00304	0.00355	0.00580
68	0.00732	0.00519	0.00630	0.00640	0.00755	0.00480	0.00464	0.04579	0.01167	0.04584	0.22221	0.35836	0.23119	0.01231	0.00583	0.00173	0.00276	0.01082	0.00478	0.00451
69	0.00657	0.00497	0.00608	0.00587	0.00716	0.00448	0.00445	0.00855	0.01284	0.01740	0.54940	0.03998	0.26140	0.01073	0.00576	0.00159	0.00243	0.04086	0.00506	0.00443
70	0.00842	0.00421	0.00631	0.00631	0.00631	0.00421	0.00421	0.00631	0.00631	0.00842	0.00842	0.01473	0.00842	0.01684	0.01894	0.85901	0.00421	0.00421	0.00210	0.00210
71	0.01511	0.47512	0.02044	0.00957	0.01343	0.07891	0.00863	0.27842	0.01458	0.01802	0.00881	0.02277	0.00734	0.00497	0.00385	0.00121	0.00547	0.00343	0.00310	0.00683
72	0.00635	0.00486	0.00585	0.00614	0.00716	0.00447	0.00440	0.00820	0.04131	0.01480	0.24154	0.34751	0.26459	0.01255	0.00587	0.00174	0.00260	0.01103	0.00474	0.00430
73	0.09444	0.01386	0.02962	0.01209	0.06417	0.23325	0.06961	0.10838	0.02603	0.23642	0.01271	0.05650	0.00971	0.00578	0.00469	0.00146	0.00593	0.00462	0.00392	0.00680

[dist]
# distance from previous block
# <min> <max>
0	1

[block]
# block no. 4 follows, 52 sequences, length 59
# corresponding to MSA columns:
# 767-813,816-827
name=unknown_E
#
# <colnr> <probs for GDERKNQSTAVLIFYWHMCP>
#	G	D	E	R	K	N	Q	S	T	A	V	L	I	F	Y	W	H	M	C	P
0	0.45615	0.19852	0.04523	0.00788	0.01127	0.01270	0.00713	0.09375	0.01057	0.03884	0.00917	0.01234	0.00782	0.00532	0.00363	0.00145	0.00445	0.06478	0.00313	0.00587
1	0.01230	0.01247	0.02029	0.02698	0.62897	0.06532	0.11184	0.01518	0.01118	0.01542	0.00903	0.01188	0.00751	0.00444	0.00516	0.00147	0.02644	0.00441	0.00241	0.00733
2	0.00904	0.01587	0.38083	0.07244	0.06183	0.00944	0.12301	0.01285	0.01016	0.01439	0.01365	0.22739	0.01329	0.00734	0.00521	0.00166	0.00602	0.00668	0.00278	0.00612
3	0.01272	0.01043	0.01575	0.01229	0.01491	0.01137	0.19631	0.20384	0.01351	0.07027	0.08534	0.03805	0.02690	0.02638	0.00793	0.00172	0.17953	0.00555	0.06093	0.00629
4	0.03726	0.00956	0.01370	0.10144	0.16047	0.02451	0.02275	0.06362	0.00989	0.01423	0.01056	0.04341	0.01002	0.03962	0.10916	0.00265	0.26763	0.05115	0.00271	0.00567
5	0.01180	0.09539	0.04107	0.07869	0.55992	0.01231	0.07608	0.01508	0.03532	0.01525	0.00922	0.01186	0.00760	0.00440	0.00470	0.00143	0.00592	0.00427	0.00242	0.00727
6	0.00590	0.00422	0.00562	0.00675	0.00703	0.00394	0.00450	0.00675	0.00928	0.01237	0.02671	0.82653	0.03205	0.01518	0.00619	0.00197	0.00281	0.01378	0.00450	0.00394
7	0.01081	0.01113	0.03701	0.01701	0.19327	0.05101	0.24563	0.01535	0.11864	0.01657	0.14236	0.02062	0.03490	0.00632	0.00537	0.00159	0.00568	0.05689	0.00343	0.00640
8	0.00842	0.00421	0.00631	0.00631	0.00631	0.00421	0.00421	0.00631	0.00631	0.00842	0.00842	0.01473	0.00842	0.01684	0.01894	0.85901	0.00421	0.00421	0.00210	0.00210
9	0.01398	0.09002	0.01757	0.01506	0.13532	0.15690	0.15023	0.07028	0.19243	0.05869	0.01186	0.01275	0.00911	0.00506	0.00472	0.00143	0.00604	0.00444	0.00336	0.04076
10	0.01101	0.00945	0.01045	0.00859	0.01202	0.00929	0.00678	0.01905	0.40812	0.01804	0.01473	0.01532	0.01161	0.00537	0.00436	0.00123	0.00374	0.02436	0.00396	0.40252
11	0.01005	0.00861	0.01005	0.00718	0.01148	0.00646	0.00574	0.01220	0.01005	0.01579	0.00861	0.01005	0.00718	0.00359	0.00359	0.00072	0.00359	0.00287	0.00287	0.85932
12	0.01300	0.04124	0.55843	0.01245	0.01848	0.06419	0.01473	0.01741	0.01125	0.18750	0.01085	0.01144	0.00743	0.00492	0.00461	0.00150	0.00655	0.00381	0.00294	0.00727
13	0.54435	0.01456	0.00962	0.00868	0.01149	0.31289	0.00680	0.01617	0.01032	0.01801	0.00703	0.00820	0.00562	0.00469	0.00352	0.00140	0.00563	0.00281	0.00281	0.00539
14	0.01442	0.00806	0.00935	0.00779	0.01044	0.00809	0.00622	0.14765	0.11982	0.25746	0.09339	0.02045	0.07628	0.00683	0.00470	0.00144	0.00358	0.00558	0.19179	0.00668
15	0.01123	0.01073	0.01828	0.24277	0.59244	0.01131	0.01449	0.01420	0.01067	0.01490	0.00898	0.01224	0.00735	0.00446	0.00481	0.00149	0.00595	0.00431	0.00233	0.00706
16	0.00692	0.00519	0.00779	0.00779	0.00865	0.00606	0.00606	0.00865	0.00779	0.01125	0.01298	0.01904	0.01211	0.03634	0.81049	0.00779	0.01298	0.00519	0.00260	0.00433
17	0.00590	0.00422	0.00562	0.00675	0.00703	0.00394	0.00450	0.00675	0.00928	0.01237	0.02671	0.82653	0.03205	0.01518	0.00619	0.00197	0.00281	0.01378	0.00450	0.00394
18	0.00684	0.00476	0.00603	0.00630	0.00660	0.00490	0.00417	0.00750	0.00784	0.01062	0.01743	0.17865	0.01962	0.46003	0.19454	0.00475	0.00617	0.04651	0.00323	0.00351
19	0.01199	0.01151	0.01967	0.02974	0.79946	0.01151	0.01487	0.01487	0.01103	0.01583	0.00912	0.01199	0.00768	0.00432	0.00480	0.00144	0.00576	0.00432	0.00240	0.00768
