[name]
unknown

[dist]
# distance from previous block
# <min> <max>
0	204

[block]
# block no. 0 follows, 50 sequences, length 21
# corresponding to MSA columns:
# 209-229
name=unknown_A
#
# <colnr> <probs for GDERKNQSTAVLIFYWHMCP>
#	G	D	E	R	K	N	Q	S	T	A	V	L	I	F	Y	W	H	M	C	P
0	0.02731	0.03282	0.01214	0.03514	0.02663	0.22504	0.02324	0.14757	0.09884	0.03754	0.18862	0.02059	0.02975	0.03753	0.00585	0.00163	0.00550	0.03397	0.00411	0.00618
1	0.07101	0.01148	0.01137	0.00969	0.03605	0.13167	0.02566	0.12258	0.05371	0.04185	0.01120	0.01415	0.00945	0.09769	0.03774	0.00186	0.00544	0.00415	0.03539	0.26787
2	0.06852	0.01670	0.12839	0.04162	0.09878	0.28576	0.01054	0.04578	0.04967	0.05834	0.01187	0.01386	0.03534	0.00681	0.03576	0.00170	0.00686	0.02241	0.02288	0.03841
3	0.01658	0.01569	0.01364	0.01206	0.04882	0.25437	0.00912	0.33881	0.13934	0.02193	0.01465	0.01472	0.06543	0.00626	0.00491	0.00147	0.00611	0.00471	0.00413	0.00723
4	0.01163	0.00925	0.01127	0.11479	0.01489	0.00872	0.00752	0.12594	0.06918	0.04581	0.10992	0.01521	0.01322	0.00533	0.00448	0.00117	0.00421	0.00441	0.00374	0.41928
5	0.01220	0.07217	0.12983	0.03044	0.18115	0.03953	0.03947	0.05621	0.01161	0.04685	0.00944	0.01109	0.00747	0.00436	0.00433	0.00119	0.00537	0.00367	0.00286	0.33074
6	0.01546	0.04183	0.01273	0.00990	0.01325	0.01214	0.00796	0.30337	0.25829	0.11619	0.01582	0.04667	0.01222	0.03893	0.00571	0.00164	0.00458	0.00521	0.00480	0.07331
7	0.00607	0.00434	0.00578	0.00694	0.00723	0.00405	0.00463	0.00694	0.00954	0.01272	0.02747	0.82157	0.03297	0.01562	0.00636	0.00202	0.00289	0.01417	0.00463	0.00405
8	0.00780	0.00653	0.01116	0.00992	0.01142	0.00717	0.11928	0.00994	0.00856	0.01222	0.01287	0.01868	0.01174	0.03251	0.68764	0.00708	0.01262	0.00542	0.00265	0.00478
9	0.05382	0.26403	0.06395	0.01461	0.12098	0.08888	0.15416	0.04157	0.01130	0.03911	0.00964	0.04184	0.00839	0.03024	0.00555	0.00153	0.03678	0.00439	0.00268	0.00652
10	0.01049	0.00929	0.04043	0.11729	0.01634	0.00914	0.14212	0.11536	0.07770	0.04055	0.01837	0.28610	0.03239	0.03991	0.00642	0.00189	0.00508	0.02134	0.00392	0.00586
11	0.01468	0.00897	0.00973	0.00801	0.01065	0.00950	0.00644	0.31571	0.04442	0.11088	0.01509	0.01579	0.01112	0.00595	0.00431	0.00136	0.00385	0.00466	0.39216	0.00671
12	0.00625	0.00457	0.00588	0.00659	0.00722	0.00420	0.00455	0.00747	0.01069	0.01430	0.18717	0.57381	0.12058	0.01417	0.00621	0.00189	0.00274	0.01270	0.00480	0.00420
13	0.01123	0.07617	0.06616	0.15141	0.16174	0.09830	0.10363	0.01388	0.01095	0.01433	0.01293	0.03176	0.05155	0.00697	0.02469	0.02233	0.02151	0.04018	0.07427	0.00600
14	0.03281	0.00860	0.01106	0.06712	0.03733	0.00858	0.00758	0.12665	0.01415	0.38350	0.05893	0.01691	0.01293	0.00621	0.00508	0.00149	0.02902	0.00497	0.15987	0.00719
15	0.00731	0.00508	0.00604	0.00615	0.00653	0.00506	0.00390	0.03325	0.00893	0.01197	0.06900	0.20538	0.05099	0.49476	0.06095	0.00395	0.00465	0.00881	0.00364	0.00366
16	0.00682	0.00506	0.00637	0.00622	0.00742	0.00461	0.00467	0.00887	0.01319	0.01812	0.57557	0.09694	0.17621	0.01115	0.00596	0.00165	0.00251	0.03889	0.00524	0.00456
17	0.13424	0.08965	0.13026	0.07589	0.09251	0.11776	0.03956	0.10514	0.08072	0.04505	0.01036	0.01162	0.00789	0.00511	0.00444	0.00147	0.00594	0.00395	0.03166	0.00679
18	0.13072	0.01410	0.04216	0.01276	0.04996	0.11800	0.09860	0.30655	0.06034	0.02224	0.01068	0.01195	0.00813	0.00674	0.03632	0.00178	0.03781	0.00431	0.01981	0.00705
19	0.00665	0.00476	0.00641	0.00730	0.00792	0.00452	0.00536	0.00807	0.01073	0.01443	0.15769	0.52642	0.03447	0.01430	0.00639	0.00200	0.00316	0.17039	0.00477	0.00427
20	0.06770	0.23036	0.01748	0.09482	0.07411	0.25772	0.03812	0.04987	0.06078	0.01475	0.02296	0.03228	0.00858	0.00528	0.00433	0.00137	0.00646	0.00395	0.00281	0.00627

[dist]
# distance from previous block
# <min> <max>
1	21

[block]
# block no. 1 follows, 50 sequences, length 47
# corresponding to MSA columns:
# 252-298
name=unknown_B
#
# <colnr> <probs for GDERKNQSTAVLIFYWHMCP>
#	G	D	E	R	K	N	Q	S	T	A	V	L	I	F	Y	W	H	M	C	P
0	0.07326	0.01301	0.01333	0.01152	0.05182	0.13165	0.02964	0.25342	0.09302	0.12575	0.01247	0.01287	0.00918	0.00573	0.00521	0.00147	0.04440	0.00431	0.05090	0.05705
1	0.04790	0.01028	0.11878	0.01071	0.01315	0.04558	0.13656	0.03126	0.01065	0.02525	0.01962	0.46643	0.02159	0.01082	0.00576	0.00183	0.00485	0.00991	0.00379	0.00527
2	0.11966	0.16720	0.14057	0.03246	0.11722	0.09340	0.04081	0.05258	0.01157	0.04662	0.04821	0.08647	0.01125	0.00600	0.00452	0.00148	0.00567	0.00484	0.00304	0.00644
3	0.03459	0.01097	0.06961	0.45642	0.11786	0.02388	0.01270	0.05768	0.08257	0.04443	0.01060	0.01343	0.00796	0.00534	0.00509	0.01339	0.00607	0.00445	0.01656	0.00637
4	0.00723	0.00573	0.00650	0.00634	0.00802	0.00514	0.00489	0.04571	0.01217	0.01563	0.15839	0.11416	0.43349	0.01180	0.00587	0.00170	0.00298	0.09511	0.00468	0.05445
5	0.04404	0.01018	0.01294	0.09585	0.01513	0.07096	0.08313	0.15365	0.01263	0.01708	0.07018	0.07452	0.01407	0.00893	0.00830	0.11162	0.08977	0.07195	0.00345	0.03160
6	0.03506	0.01354	0.11258	0.15144	0.17621	0.05559	0.26318	0.01529	0.01115	0.04624	0.01023	0.02677	0.00807	0.00642	0.04469	0.00191	0.00739	0.00494	0.00262	0.00666
7	0.00616	0.00437	0.00576	0.00683	0.00710	0.00410	0.00451	0.00696	0.00938	0.01251	0.02665	0.76622	0.03193	0.07239	0.00770	0.00222	0.00303	0.01368	0.00451	0.00398
8	0.01158	0.06109	0.14654	0.19708	0.02316	0.01122	0.25244	0.01533	0.01976	0.07105	0.01005	0.01245	0.00748	0.00456	0.00493	0.00147	0.00659	0.00449	0.00272	0.13600
9	0.00819	0.01038	0.19344	0.00859	0.01064	0.00740	0.00790	0.01061	0.03977	0.01293	0.07316	0.09287	0.01744	0.33923	0.09578	0.00362	0.05348	0.00671	0.00313	0.00474
10	0.00639	0.00457	0.00615	0.00730	0.00773	0.00432	0.00518	0.00749	0.00986	0.01308	0.02730	0.69724	0.03227	0.01532	0.00645	0.00207	0.00317	0.13536	0.00462	0.00414
11	0.01034	0.00886	0.01034	0.00738	0.01181	0.00664	0.00591	0.01255	0.01034	0.01624	0.00886	0.01034	0.00738	0.00369	0.00369	0.00074	0.00369	0.00295	0.00295	0.85530
12	0.01260	0.02088	0.01098	0.16035	0.01557	0.00816	0.00790	0.01612	0.10115	0.21007	0.01894	0.08179	0.08475	0.00721	0.00513	0.00151	0.01419	0.04208	0.00420	0.17640
13	0.08377	0.01312	0.01149	0.00968	0.01283	0.21838	0.00759	0.07590	0.14000	0.16157	0.08126	0.01486	0.01273	0.00585	0.00461	0.00138	0.00526	0.00447	0.00418	0.13107
14	0.00766	0.00498	0.00624	0.00659	0.00765	0.00446	0.00468	0.00888	0.01090	0.08739	0.11045	0.47652	0.21805	0.01344	0.00607	0.00185	0.00287	0.01189	0.00486	0.00457
15	0.00622	0.00450	0.00588	0.00672	0.00724	0.00416	0.00459	0.00735	0.01039	0.01395	0.15288	0.64877	0.07976	0.01456	0.00626	0.00193	0.00278	0.01312	0.00477	0.00416
16	0.01259	0.00807	0.00948	0.00879	0.04804	0.00790	0.00652	0.08212	0.16284	0.20467	0.06592	0.02954	0.31510	0.00886	0.00540	0.00162	0.00362	0.00737	0.00505	0.00651
17	0.01379	0.50514	0.10704	0.00938	0.01388	0.05215	0.00931	0.05235	0.01133	0.07212	0.00861	0.00946	0.00705	0.00451	0.00371	0.00115	0.00545	0.00310	0.00268	0.10779
18	0.00678	0.00539	0.00589	0.00568	0.00732	0.00478	0.00429	0.00896	0.04922	0.02835	0.24645	0.04319	0.54278	0.01159	0.00583	0.00165	0.00257	0.00979	0.00490	0.00459
19	0.00738	0.00599	0.00735	0.00774	0.00845	0.05213	0.00563	0.00868	0.00895	0.01199	0.01883	0.34359	0.02065	0.06282	0.39964	0.00505	0.00848	0.00887	0.00347	0.00430
20	0.03025	0.15209	0.21075	0.01007	0.04999	0.03075	0.00948	0.01236	0.01056	0.01489	0.09429	0.11384	0.06105	0.01065	0.09270	0.00221	0.00579	0.00598	0.07660	0.00572
21	0.01034	0.01161	0.18625	0.20086	0.01867	0.00926	0.01149	0.02472	0.01074	0.08917	0.01581	0.12793	0.01514	0.00861	0.00655	0.00186	0.08031	0.16139	0.00341	0.00587
22	0.00795	0.00571	0.00791	0.00902	0.01018	0.00568	0.00786	0.01020	0.01147	0.01486	0.02735	0.05590	0.05904	0.01372	0.00685	0.00227	0.00451	0.73036	0.00459	0.00457
23	0.01679	0.01052	0.01163	0.00928	0.01248	0.01120	0.00755	0.40663	0.07210	0.16454	0.01495	0.01491	0.01067	0.00603	0.00464	0.00144	0.00440	0.00470	0.20803	0.00752
24	0.01104	0.01205	0.10734	0.19731	0.09266	0.01095	0.22391	0.05292	0.01145	0.03641	0.01203	0.05318	0.01026	0.00610	0.00589	0.00169	0.04646	0.05824	0.04376	0.00633
25	0.01032	0.01001	0.01428	0.17584	0.09444	0.07846	0.10467	0.01402	0.08611	0.01457	0.08336	0.01712	0.01294	0.01407	0.21366	0.00328	0.03878	0.00528	0.00301	0.00580
26	0.01186	0.26354	0.21465	0.01031	0.03848	0.01207	0.01027	0.01477	0.01049	0.06719	0.00929	0.01069	0.00744	0.00620	0.04867	0.00153	0.00577	0.00337	0.00267	0.25074
27	0.01279	0.17935	0.25070	0.08590	0.03639	0.01336	0.04480	0.18837	0.01345	0.03863	0.01210	0.01374	0.05133	0.03177	0.00530	0.00158	0.00604	0.00437	0.00308	0.00695
28	0.00630	0.00448	0.00591	0.00687	0.00717	0.00429	0.00459	0.00715	0.00922	0.01234	0.02529	0.67247	0.03001	0.10887	0.05538	0.00270	0.00375	0.02492	0.00433	0.00396
29	0.01135	0.01119	0.01750	0.34346	0.32917	0.06682	0.07023	0.01440	0.01098	0.01461	0.00969	0.01363	0.00784	0.00492	0.00497	0.00156	0.00645	0.01848	0.03623	0.00652
30	0.10413	0.46629	0.15546	0.00943	0.01379	0.05194	0.00969	0.01483	0.01035	0.01423	0.04564	0.01009	0.00831	0.00478	0.00395	0.00125	0.02314	0.00323	0.00245	0.04702
31	0.03559	0.00721	0.00868	0.00918	0.04753	0.00746	0.00671	0.01462	0.22388	0.05990	0.04662	0.23360	0.12465	0.01091	0.00578	0.00186	0.00367	0.14174	0.00470	0.00571
32	0.00623	0.00446	0.00593	0.00683	0.00726	0.00415	0.00464	0.00734	0.01028	0.01390	0.15153	0.69415	0.03525	0.01473	0.00628	0.00195	0.00280	0.01333	0.00477	0.00415
33	0.00784	0.00656	0.01011	0.20102	0.01529	0.00719	0.05254	0.00979	0.02392	0.01284	0.01919	0.37042	0.02119	0.09511	0.03038	0.00239	0.04386	0.06211	0.00360	0.00464
34	0.01224	0.12377	0.39804	0.01527	0.10718	0.04795	0.08613	0.05853	0.01185	0.05364	0.03348	0.01182	0.00829	0.00492	0.00472	0.00149	0.00670	0.00410	0.00267	0.00720
35	0.01016	0.02088	0.54705	0.01428	0.02062	0.01090	0.14701	0.01514	0.01093	0.01611	0.05502	0.01258	0.00902	0.00487	0.00490	0.00152	0.00691	0.00431	0.00245	0.08536
36	0.00617	0.00443	0.00589	0.00702	0.00738	0.00414	0.00479	0.00712	0.00968	0.01285	0.02787	0.76596	0.04760	0.01546	0.00638	0.00203	0.00297	0.05354	0.00463	0.00408
37	0.01765	0.06895	0.01396	0.01021	0.01386	0.01306	0.00844	0.40150	0.15526	0.18559	0.02389	0.01440	0.01091	0.00608	0.00484	0.00150	0.00481	0.00473	0.03230	0.00806
38	0.01407	0.44418	0.02193	0.06544	0.05394	0.20864	0.07311	0.01599	0.01125	0.01260	0.00777	0.00947	0.00670	0.00462	0.00415	0.00125	0.01914	0.00333	0.01617	0.00625
39	0.00778	0.00612	0.00759	0.00705	0.00899	0.00509	0.00512	0.00928	0.01024	0.01469	0.08648	0.44564	0.02447	0.01062	0.00531	0.00150	0.00315	0.00946	0.00407	0.32737
40	0.01142	0.14597	0.20484	0.01002	0.01359	0.11043	0.02627	0.01495	0.06375	0.05132	0.19932	0.01932	0.01817	0.08191	0.00670	0.00176	0.00545	0.00532	0.00346	0.00604
41	0.00717	0.00580	0.00746	0.00707	0.00854	0.00544	0.04163	0.00995	0.07778	0.01631	0.29704	0.20533	0.26858	0.01152	0.00592	0.00172	0.00295	0.01014	0.00486	0.00478
42	0.00706	0.00475	0.00549	0.00568	0.00573	0.00471	0.00328	0.00720	0.00762	0.01016	0.01762	0.16079	0.02053	0.69337	0.02228	0.00438	0.00452	0.00837	0.00328	0.00319
43	0.01088	0.10852	0.17254	0.05029	0.01396	0.00972	0.00971	0.04872	0.05765	0.07457	0.01872	0.05985	0.07348	0.00821	0.00536	0.00168	0.01995	0.17298	0.07716	0.00606
44	0.09008	0.01112	0.01583	0.37513	0.27216	0.05814	0.01288	0.06778	0.01147	0.01608	0.00900	0.01212	0.00705	0.00484	0.00475	0.00155	0.00618	0.00419	0.00260	0.01706
45	0.00616	0.00444	0.00586	0.00696	0.00736	0.00414	0.00475	0.00711	0.00972	0.01286	0.02848	0.74925	0.06756	0.01539	0.00637	0.00202	0.00296	0.04991	0.00463	0.00408
46	0.00663	0.00472	0.00583	0.00619	0.00672	0.00444	0.00411	0.00763	0.01012	0.01362	0.20584	0.34321	0.09766	0.24669	0.01167	0.00269	0.00329	0.01065	0.00437	0.00392

[dist]
# distance from previous block
# <min> <max>
0	1

[block]
# block no. 2 follows, 50 sequences, length 17
# corresponding to MSA columns:
# 300-316
name=unknown_C
#
# <colnr> <probs for GDERKNQSTAVLIFYWHMCP>
#	G	D	E	R	K	N	Q	S	T	A	V	L	I	F	Y	W	H	M	C	P
0	0.24062	0.00941	0.01390	0.42573	0.09214	0.01091	0.06482	0.01337	0.00962	0.01566	0.00846	0.01191	0.00659	0.00546	0.00532	0.04809	0.00582	0.00406	0.00249	0.00561
1	0.00835	0.06416	0.01008	0.00846	0.00934	0.00852	0.00669	0.00982	0.00813	0.01180	0.01213	0.01872	0.01167	0.12074	0.47619	0.00576	0.15228	0.00517	0.04738	0.00461
2	0.03450	0.08973	0.19925	0.01048	0.01506	0.01075	0.03992	0.09186	0.08151	0.19071	0.04335	0.01469	0.03294	0.00558	0.00465	0.00142	0.00514	0.00450	0.00391	0.12006
3	0.01395	0.01109	0.01187	0.06581	0.01425	0.08062	0.00775	0.23200	0.01457	0.08213	0.01253	0.09407	0.01075	0.02152	0.00501	0.00134	0.00487	0.00490	0.00388	0.30711
4	0.01686	0.18406	0.01423	0.00884	0.01233	0.05727	0.00747	0.10234	0.05598	0.34017	0.03754	0.01853	0.10990	0.00663	0.00473	0.00145	0.00461	0.00517	0.00470	0.00722
5	0.00971	0.00884	0.01402	0.50921	0.02628	0.01056	0.05611	0.01457	0.13368	0.01420	0.01154	0.01513	0.00901	0.00969	0.11491	0.00253	0.00714	0.00484	0.02221	0.00581
6	0.08289	0.19904	0.01903	0.01203	0.01570	0.03169	0.15391	0.28196	0.01485	0.02037	0.01049	0.05370	0.00878	0.00634	0.01932	0.00161	0.05328	0.00468	0.00344	0.00688
7	0.01245	0.01250	0.01693	0.02177	0.44045	0.11149	0.05402	0.01692	0.13580	0.01651	0.05455	0.01637	0.05672	0.00567	0.00506	0.00152	0.00574	0.00515	0.00319	0.00718
8	0.00642	0.00458	0.00618	0.00733	0.00777	0.00434	0.00522	0.00753	0.00988	0.01311	0.02728	0.68752	0.03222	0.01529	0.00645	0.00207	0.00319	0.14484	0.00462	0.00414
9	0.00773	0.05656	0.13531	0.00856	0.01049	0.00691	0.04737	0.00947	0.00935	0.01261	0.02016	0.34654	0.05835	0.19734	0.04813	0.00278	0.00496	0.00921	0.00351	0.00465
10	0.02439	0.00892	0.01414	0.27764	0.26258	0.00991	0.01172	0.01259	0.01049	0.01457	0.01463	0.05473	0.05716	0.00710	0.00598	0.00171	0.06019	0.09958	0.04601	0.00596
11	0.00813	0.00480	0.00497	0.00493	0.00624	0.00453	0.00370	0.01017	0.01110	0.01735	0.10987	0.02856	0.22710	0.00813	0.00440	0.00135	0.00238	0.00671	0.53106	0.00453
12	0.00685	0.00483	0.00630	0.00703	0.00756	0.00465	0.00504	0.00803	0.01007	0.01350	0.12177	0.40249	0.03088	0.17577	0.01020	0.00258	0.00357	0.17042	0.00441	0.00404
13	0.11095	0.00947	0.01311	0.22967	0.11706	0.01003	0.00995	0.05526	0.06679	0.28368	0.03583	0.01483	0.01046	0.00560	0.00480	0.00158	0.00505	0.00465	0.00412	0.00711
14	0.01175	0.03648	0.22422	0.01006	0.01361	0.00963	0.00974	0.12852	0.10298	0.09506	0.05423	0.19027	0.01684	0.06567	0.00666	0.00189	0.00493	0.00691	0.00406	0.00652
15	0.01190	0.00594	0.00804	0.00774	0.00940	0.00538	0.00585	0.01339	0.01173	0.28170	0.09301	0.40948	0.02680	0.01174	0.00590	0.00184	0.00345	0.07581	0.00523	0.00567
16	0.01207	0.01017	0.08037	0.00988	0.01243	0.06394	0.00888	0.09884	0.03515	0.12015	0.04030	0.03684	0.05318	0.01015	0.00595	0.00191	0.00504	0.38429	0.00451	0.00595

[dist]
# distance from previous block
# <min> <max>
2	6

[block]
# block no. 3 follows, 50 sequences, length 20
# corresponding to MSA columns:
# 323-342
name=unknown_D
#
# <colnr> <probs for GDERKNQSTAVLIFYWHMCP>
#	G	D	E	R	K	N	Q	S	T	A	V	L	I	F	Y	W	H	M	C	P
0	0.01415	0.00922	0.01340	0.01051	0.01414	0.00830	0.12238	0.07093	0.03415	0.23925	0.01607	0.04073	0.01334	0.00672	0.00513	0.00148	0.00482	0.13232	0.00432	0.23864
1	0.00642	0.00474	0.00616	0.00664	0.00741	0.00448	0.00472	0.00783	0.01079	0.01458	0.22722	0.42828	0.13287	0.01624	0.09494	0.00253	0.00387	0.01138	0.00463	0.00428
2	0.03516	0.00734	0.00929	0.00810	0.01054	0.00682	0.00634	0.07339	0.02957	0.29959	0.12656	0.22623	0.02247	0.00931	0.00543	0.00165	0.00369	0.04682	0.00518	0.06652
3	0.01362	0.01171	0.01514	0.17812	0.18733	0.03382	0.01111	0.23919	0.11856	0.02038	0.01132	0.01294	0.00867	0.00538	0.00516	0.00149	0.02789	0.00443	0.00355	0.09019
4	0.01106	0.14267	0.19568	0.25189	0.12943	0.01259	0.09267	0.03474	0.01088	0.01489	0.00924	0.01196	0.00717	0.00473	0.00465	0.00150	0.00643	0.00415	0.04711	0.00656
5	0.00613	0.00443	0.00580	0.00678	0.00722	0.00410	0.00458	0.00713	0.00998	0.01329	0.08345	0.71890	0.07968	0.01505	0.00630	0.00197	0.00283	0.01358	0.00469	0.00410
6	0.01720	0.01174	0.03768	0.01236	0.03674	0.01132	0.13357	0.27636	0.05716	0.26007	0.04063	0.01483	0.01104	0.00574	0.00510	0.00152	0.00536	0.00499	0.00471	0.05189
7	0.02741	0.08937	0.23843	0.15614	0.08518	0.06199	0.09351	0.08700	0.03019	0.05685	0.00986	0.01177	0.00736	0.00498	0.00497	0.00153	0.01954	0.00417	0.00280	0.00694
8	0.01706	0.01593	0.01326	0.05440	0.06194	0.36487	0.00919	0.08954	0.07384	0.16531	0.05537	0.01450	0.03093	0.00596	0.00485	0.00144	0.00653	0.00450	0.00386	0.00672
9	0.00727	0.00510	0.00704	0.00704	0.00757	0.00563	0.00502	0.00817	0.00765	0.01072	0.01381	0.02364	0.01409	0.30025	0.48721	0.06749	0.00985	0.00591	0.00275	0.00381
10	0.00882	0.00571	0.00669	0.00630	0.00783	0.00554	0.00481	0.01215	0.08715	0.05909	0.37020	0.03141	0.12172	0.00892	0.00517	0.00151	0.00268	0.02753	0.22166	0.00513
11	0.13721	0.20297	0.01613	0.01142	0.06882	0.01203	0.09729	0.09161	0.03077	0.05031	0.01407	0.14958	0.01365	0.00741	0.00479	0.00159	0.00497	0.07568	0.00352	0.00617
12	0.00892	0.00786	0.01238	0.42780	0.02289	0.00959	0.01108	0.01152	0.00982	0.01302	0.01361	0.04471	0.01303	0.01135	0.09706	0.00259	0.09674	0.17802	0.00287	0.00515
13	0.03022	0.00606	0.00768	0.00751	0.00869	0.00648	0.00560	0.03663	0.08787	0.03246	0.08422	0.14146	0.07610	0.07719	0.29891	0.07004	0.00712	0.00732	0.00374	0.00472
14	0.12634	0.01169	0.09061	0.17757	0.16011	0.02353	0.07694	0.04242	0.02407	0.08782	0.01048	0.01276	0.00794	0.00536	0.00547	0.01467	0.04769	0.00432	0.06368	0.00652
15	0.03108	0.01074	0.06959	0.02799	0.07425	0.03662	0.11088	0.03950	0.12267	0.07172	0.07879	0.09352	0.04503	0.04212	0.04890	0.00211	0.05437	0.00634	0.00374	0.03005
16	0.01187	0.05678	0.12694	0.05479	0.09437	0.06686	0.04587	0.03571	0.03189	0.05966	0.02196	0.07927	0.01027	0.00581	0.00533	0.00138	0.05421	0.00476	0.00307	0.22918
17	0.07593	0.00985	0.07585	0.02993	0.11812	0.00865	0.06448	0.08850	0.01193	0.06839	0.08456	0.15578	0.03616	0.05718	0.00679	0.02777	0.00470	0.00672	0.02022	0.04849
18	0.12942	0.01154	0.09691	0.14149	0.01753	0.02806	0.08996	0.10044	0.07428	0.04747	0.01321	0.06569	0.03428	0.00771	0.02712	0.04674	0.01812	0.01674	0.00335	0.02994
19	0.03714	0.06385	0.16421	0.02638	0.13002	0.01071	0.07938	0.04323	0.03107	0.03656	0.02525	0.11231	0.02817	0.00831	0.04803	0.00192	0.07283	0.00563	0.00304	0.07194

[dist]
# distance from previous block
# <min> <max>
0	112

[block]
# block no. 4 follows, 50 sequences, length 37
# corresponding to MSA columns:
# 467-503
name=unknown_E
#
# <colnr> <probs for GDERKNQSTAVLIFYWHMCP>
#	G	D	E	R	K	N	Q	S	T	A	V	L	I	F	Y	W	H	M	C	P
0	0.09000	0.10369	0.13693	0.03283	0.01140	0.00857	0.00773	0.01102	0.00991	0.01431	0.03778	0.02458	0.21066	0.05179	0.16895	0.00301	0.00624	0.02430	0.04114	0.00516
1	0.00971	0.00736	0.01056	0.20272	0.07227	0.00760	0.00849	0.05075	0.01168	0.06347	0.12135	0.17096	0.04620	0.03156	0.00609	0.00179	0.00447	0.10098	0.00395	0.06806
2	0.01487	0.15100	0.05902	0.05007	0.10444	0.07896	0.15727	0.05253	0.01248	0.19408	0.01295	0.03318	0.02578	0.01700	0.00516	0.00153	0.00609	0.01309	0.00349	0.00699
3	0.01220	0.03501	0.08256	0.23215	0.07536	0.00893	0.04435	0.01492	0.01165	0.19804	0.10304	0.11802	0.02806	0.00718	0.00524	0.00163	0.00511	0.00634	0.00387	0.00634
4	0.00735	0.00530	0.00595	0.00565	0.00734	0.00456	0.00428	0.00896	0.01232	0.06966	0.25218	0.04286	0.53267	0.01151	0.00583	0.00164	0.00260	0.00972	0.00497	0.00464
5	0.01126	0.43381	0.05322	0.00976	0.05188	0.04369	0.00824	0.01381	0.06642	0.01310	0.01380	0.23307	0.01442	0.00763	0.00441	0.00143	0.00482	0.00620	0.00306	0.00596
6	0.00957	0.01276	0.24677	0.01111	0.07402	0.04329	0.00975	0.01226	0.02613	0.04977	0.01603	0.19534	0.01651	0.21618	0.01044	0.00251	0.00539	0.03340	0.00328	0.00547
7	0.56713	0.01045	0.00940	0.00795	0.01124	0.01180	0.00651	0.15654	0.08267	0.08013	0.01001	0.01041	0.00737	0.00518	0.00376	0.00155	0.00419	0.00346	0.00384	0.00642
8	0.00625	0.00453	0.00595	0.00702	0.00750	0.00423	0.00490	0.00729	0.00986	0.01299	0.02904	0.69032	0.08762	0.01522	0.00638	0.00203	0.00303	0.08711	0.00462	0.00411
9	0.00983	0.01047	0.07254	0.65364	0.13168	0.01121	0.01436	0.01329	0.01019	0.01342	0.00893	0.01297	0.00678	0.00490	0.00496	0.00163	0.00660	0.00438	0.00224	0.00598
10	0.00635	0.00447	0.00576	0.00668	0.00693	0.00424	0.00437	0.00707	0.00911	0.01214	0.02504	0.64417	0.02984	0.18109	0.01026	0.00260	0.00332	0.02838	0.00430	0.00385
11	0.86003	0.00964	0.00733	0.00655	0.00964	0.01118	0.00540	0.01465	0.00848	0.02236	0.00694	0.00810	0.00540	0.00463	0.00308	0.00154	0.00386	0.00270	0.00308	0.00540
12	0.01624	0.16235	0.01583	0.01044	0.01415	0.01502	0.00876	0.39337	0.23329	0.05938	0.01371	0.01332	0.01015	0.00589	0.00468	0.00147	0.00497	0.00450	0.00454	0.00793
13	0.00720	0.00501	0.00633	0.00633	0.00664	0.00532	0.00414	0.00782	0.00751	0.01033	0.01489	0.02808	0.01615	0.55093	0.29657	0.00594	0.00780	0.00658	0.00290	0.00352
14	0.00607	0.00434	0.00578	0.00694	0.00723	0.00405	0.00463	0.00694	0.00954	0.01272	0.02747	0.82157	0.03297	0.01562	0.00636	0.00202	0.00289	0.01417	0.00463	0.00405
15	0.01367	0.01047	0.01154	0.00971	0.01201	0.04803	0.00783	0.35112	0.01553	0.02167	0.01228	0.01464	0.00986	0.01348	0.19142	0.00301	0.09067	0.00464	0.15200	0.00644
16	0.01018	0.08446	0.72540	0.01362	0.02063	0.01203	0.01740	0.01559	0.01057	0.01557	0.02522	0.01090	0.00718	0.00482	0.00465	0.00154	0.00711	0.00372	0.00218	0.00724
17	0.04806	0.00931	0.01111	0.00880	0.01223	0.04877	0.00716	0.08498	0.01462	0.56798	0.07466	0.01742	0.01406	0.00633	0.00490	0.00151	0.00433	0.00507	0.05097	0.00776
18	0.86003	0.00964	0.00733	0.00655	0.00964	0.01118	0.00540	0.01465	0.00848	0.02236	0.00694	0.00810	0.00540	0.00463	0.00308	0.00154	0.00386	0.00270	0.00308	0.00540
19	0.00859	0.00435	0.00644	0.00644	0.00644	0.00435	0.00426	0.00653	0.00653	0.00871	0.00902	0.01605	0.00914	0.05880	0.01978	0.81131	0.00435	0.00448	0.00221	0.00221
20	0.00926	0.00567	0.00711	0.00741	0.00870	0.00554	0.00588	0.04621	0.01160	0.07287	0.04965	0.23350	0.05336	0.01133	0.00568	0.00183	0.00351	0.25716	0.19881	0.00492
21	0.01262	0.03317	0.07178	0.19762	0.02279	0.01218	0.25987	0.17871	0.03948	0.04256	0.01197	0.07260	0.00971	0.00579	0.00532	0.00164	0.00654	0.00560	0.00330	0.00676
22	0.01143	0.14520	0.36274	0.01217	0.01730	0.01207	0.10894	0.08457	0.01179	0.01711	0.01039	0.01211	0.00787	0.00491	0.00443	0.00143	0.00608	0.00405	0.15868	0.00673
23	0.17365	0.01292	0.01340	0.01045	0.01427	0.01431	0.00863	0.60306	0.02027	0.06429	0.01139	0.01148	0.00809	0.00574	0.00464	0.00151	0.00513	0.00418	0.00469	0.00791
24	0.00960	0.00617	0.00767	0.00802	0.06517	0.00547	0.00552	0.01133	0.02225	0.15828	0.10636	0.13393	0.41932	0.01091	0.00571	0.00167	0.00314	0.00931	0.00484	0.00534
25	0.01306	0.14120	0.24759	0.01576	0.15355	0.01291	0.09462	0.07563	0.08579	0.08493	0.01116	0.01249	0.00843	0.01542	0.00500	0.00154	0.00614	0.00430	0.00309	0.00742
26	0.00681	0.00505	0.00634	0.00610	0.00731	0.00459	0.00454	0.00890	0.01341	0.01851	0.62624	0.07935	0.17263	0.01088	0.00591	0.00161	0.00241	0.00953	0.00530	0.00459
27	0.00616	0.00437	0.00576	0.00683	0.00710	0.00411	0.00451	0.00696	0.00937	0.01250	0.02661	0.76343	0.03187	0.07526	0.00776	0.00223	0.00303	0.01366	0.00451	0.00397
28	0.01588	0.07108	0.02515	0.01197	0.04555	0.04083	0.08653	0.21988	0.18813	0.16982	0.05081	0.02671	0.01249	0.00611	0.00501	0.00154	0.00517	0.00514	0.00457	0.00765
29	0.00831	0.00575	0.00616	0.00624	0.00740	0.02983	0.00460	0.01987	0.04573	0.01653	0.14597	0.17495	0.11560	0.05164	0.00611	0.00173	0.00302	0.04830	0.29763	0.00463
30	0.01064	0.00695	0.00839	0.00783	0.00968	0.00699	0.00591	0.01564	0.21835	0.14263	0.24328	0.22021	0.06284	0.01006	0.00564	0.00171	0.00322	0.00879	0.00524	0.00598
31	0.01434	0.03530	0.10810	0.05626	0.07244	0.23786	0.08276	0.05735	0.01266	0.11410	0.01289	0.13172	0.01143	0.00673	0.00530	0.00156	0.02380	0.00561	0.00336	0.00644
32	0.07954	0.06766	0.29242	0.03666	0.01732	0.02249	0.06732	0.12200	0.03412	0.14015	0.02141	0.05576	0.00975	0.00577	0.00479	0.00156	0.00590	0.00472	0.00351	0.00716
33	0.00867	0.00802	0.03998	0.23103	0.16480	0.00800	0.01015	0.01110	0.01066	0.01438	0.07593	0.24920	0.02054	0.00954	0.00570	0.00181	0.00485	0.11668	0.00353	0.00543
34	0.00613	0.00476	0.00547	0.00589	0.00688	0.00422	0.00412	0.00722	0.01054	0.01332	0.08675	0.34573	0.39379	0.07258	0.00749	0.00204	0.00282	0.01160	0.00457	0.00409
35	0.04963	0.01224	0.02873	0.11319	0.26981	0.06726	0.05229	0.17483	0.01414	0.11080	0.02387	0.01315	0.00894	0.00522	0.00487	0.00150	0.00583	0.00450	0.03189	0.00732
36	0.01982	0.02735	0.05462	0.16015	0.02825	0.04158	0.08405	0.04925	0.09418	0.01524	0.01722	0.28269	0.01749	0.00915	0.00586	0.00178	0.03001	0.04186	0.01380	0.00566

[dist]
# distance from previous block
# <min> <max>
5	17

[block]
# block no. 5 follows, 50 sequences, length 17
# corresponding to MSA columns:
# 521-537
name=unknown_F
#
# <colnr> <probs for GDERKNQSTAVLIFYWHMCP>
#	G	D	E	R	K	N	Q	S	T	A	V	L	I	F	Y	W	H	M	C	P
0	0.00924	0.00793	0.01165	0.15836	0.14804	0.00836	0.02419	0.01244	0.08646	0.02984	0.01998	0.26861	0.08594	0.00930	0.00596	0.00173	0.03892	0.02064	0.00366	0.04874
1	0.01057	0.00966	0.09951	0.00969	0.01266	0.00770	0.08547	0.01366	0.05907	0.12742	0.07398	0.13595	0.16669	0.00885	0.00601	0.00165	0.04546	0.03546	0.00415	0.08637
2	0.00729	0.00591	0.00865	0.00850	0.00972	0.00565	0.08096	0.00952	0.05413	0.01416	0.06314	0.44760	0.12597	0.02773	0.00657	0.00199	0.00368	0.10976	0.00445	0.00463
3	0.00980	0.01120	0.10973	0.19948	0.09216	0.00992	0.19570	0.01350	0.03896	0.01477	0.01320	0.10800	0.01194	0.00893	0.06750	0.00218	0.00679	0.03821	0.04201	0.00601
4	0.00669	0.00484	0.00645	0.00727	0.00799	0.00461	0.00542	0.00815	0.01072	0.01430	0.14020	0.45926	0.08024	0.01486	0.03009	0.00218	0.00349	0.18427	0.00469	0.00429
5	0.01235	0.44377	0.24735	0.01109	0.04390	0.05142	0.01144	0.04748	0.01111	0.01404	0.01054	0.01157	0.05496	0.00504	0.00401	0.00130	0.00594	0.00361	0.00243	0.00666
6	0.01019	0.00551	0.00561	0.00528	0.00671	0.00565	0.00404	0.08284	0.01166	0.01978	0.01586	0.01797	0.01238	0.00582	0.00362	0.00119	0.00262	0.00463	0.77364	0.00500
7	0.00688	0.00463	0.00613	0.00707	0.00763	0.00430	0.00491	0.00790	0.00995	0.04625	0.02815	0.70400	0.06729	0.01496	0.00631	0.00200	0.00304	0.05963	0.00469	0.00428
8	0.01116	0.01127	0.02328	0.01701	0.02109	0.01052	0.56025	0.01482	0.01243	0.05309	0.19268	0.01916	0.01699	0.00569	0.00584	0.00165	0.00680	0.00657	0.00338	0.00633
9	0.01019	0.00985	0.01725	0.59001	0.18270	0.01136	0.08076	0.01352	0.01040	0.01371	0.00907	0.01312	0.00697	0.00481	0.00505	0.00163	0.00666	0.00456	0.00229	0.00610
10	0.00640	0.00478	0.00669	0.08620	0.00990	0.00474	0.00553	0.00751	0.00958	0.01273	0.02564	0.74208	0.03038	0.01457	0.00623	0.00199	0.00326	0.01321	0.00439	0.00419
11	0.00607	0.00434	0.00578	0.00694	0.00723	0.00405	0.00463	0.00694	0.00954	0.01272	0.02747	0.82157	0.03297	0.01562	0.00636	0.00202	0.00289	0.01417	0.00463	0.00405
12	0.00961	0.00893	0.01391	0.28499	0.01989	0.01136	0.04591	0.02711	0.00904	0.01271	0.00939	0.01412	0.00821	0.01467	0.21789	0.00349	0.27633	0.00471	0.00239	0.00534
13	0.01963	0.00882	0.01116	0.00876	0.01222	0.00828	0.00716	0.13108	0.03824	0.55374	0.05118	0.01732	0.01339	0.00630	0.00490	0.00150	0.00414	0.00509	0.08918	0.00793
14	0.01074	0.02061	0.47662	0.01706	0.02345	0.01201	0.33561	0.01586	0.01104	0.01586	0.00942	0.01175	0.00684	0.00451	0.00522	0.00162	0.00780	0.00460	0.00228	0.00710
15	0.01297	0.00859	0.00968	0.00822	0.01088	0.00870	0.00650	0.19910	0.12673	0.15475	0.11593	0.06134	0.23786	0.00891	0.00542	0.00162	0.00374	0.00739	0.00514	0.00656
16	0.26250	0.00877	0.00907	0.00783	0.01050	0.02594	0.00621	0.12698	0.01280	0.20696	0.05101	0.14083	0.01449	0.00730	0.00454	0.00157	0.00393	0.00581	0.08668	0.00628

[dist]
# distance from previous block
# <min> <max>
0	1

[block]
# block no. 6 follows, 50 sequences, length 19
# corresponding to MSA columns:
# 539-557
name=unknown_G
#
# <colnr> <probs for GDERKNQSTAVLIFYWHMCP>
#	G	D	E	R	K	N	Q	S	T	A	V	L	I	F	Y	W	H	M	C	P
0	0.01016	0.00566	0.00609	0.00569	0.00703	0.00580	0.00430	0.09491	0.01162	0.01894	0.05600	0.01846	0.01365	0.00736	0.00558	0.09768	0.00290	0.00482	0.61855	0.00479
1	0.01265	0.04721	0.08433	0.01012	0.01253	0.28179	0.02583	0.01468	0.01190	0.04951	0.01564	0.15780	0.01533	0.00822	0.00504	0.00158	0.00586	0.11286	0.12168	0.00547
2	0.00899	0.00708	0.00773	0.00732	0.00820	0.02776	0.00502	0.03244	0.17171	0.01315	0.01752	0.06914	0.04071	0.46439	0.05822	0.00379	0.04175	0.00697	0.00357	0.00454
3	0.04462	0.01179	0.03457	0.04629	0.43160	0.01183	0.01231	0.16522	0.04590	0.05858	0.01088	0.01280	0.00854	0.00627	0.03742	0.00174	0.00585	0.00442	0.00329	0.04609
4	0.01392	0.11597	0.06510	0.11197	0.06503	0.04642	0.00938	0.11393	0.01293	0.18744	0.01549	0.17851	0.01392	0.00757	0.00503	0.00159	0.00510	0.02008	0.00399	0.00663
5	0.08266	0.00891	0.01148	0.00887	0.01267	0.00812	0.00732	0.07114	0.01443	0.69285	0.01826	0.01601	0.01159	0.00605	0.00487	0.00154	0.00429	0.00481	0.00587	0.00826
6	0.01445	0.08176	0.11324	0.10744	0.04869	0.01198	0.15366	0.14079	0.03732	0.17198	0.01365	0.01458	0.04136	0.00557	0.00523	0.00156	0.02098	0.00488	0.00368	0.00722
7	0.03882	0.00939	0.01467	0.29096	0.12809	0.01037	0.08138	0.01492	0.09383	0.07179	0.03948	0.03990	0.08662	0.00650	0.00580	0.00167	0.05058	0.00568	0.00330	0.00623
8	0.01270	0.01086	0.01144	0.01020	0.01308	0.01254	0.00796	0.06089	0.74984	0.02134	0.01991	0.01829	0.01491	0.00673	0.00507	0.00168	0.00402	0.00558	0.00507	0.00792
9	0.00840	0.00631	0.00811	0.00744	0.00876	0.00649	0.03725	0.04546	0.08638	0.01597	0.21438	0.06076	0.07943	0.18662	0.14277	0.00334	0.00529	0.00737	0.06468	0.00480
10	0.07801	0.15814	0.15954	0.03695	0.01661	0.07991	0.10527	0.07799	0.06085	0.09756	0.04071	0.01442	0.01026	0.00558	0.00467	0.00150	0.00599	0.03588	0.00335	0.00679
11	0.01181	0.01573	0.30599	0.16726	0.14147	0.01064	0.08855	0.01578	0.01123	0.11668	0.02905	0.02663	0.02610	0.00534	0.00504	0.00159	0.00641	0.00476	0.00292	0.00700
12	0.00841	0.00510	0.00658	0.00700	0.00807	0.00462	0.00503	0.00956	0.01060	0.12221	0.03018	0.54218	0.15665	0.01371	0.00612	0.00191	0.00310	0.04941	0.00484	0.00472
13	0.04349	0.00749	0.00927	0.00881	0.01036	0.04027	0.05698	0.06588	0.05034	0.01617	0.10276	0.32053	0.09766	0.01157	0.00618	0.00186	0.02388	0.11704	0.00441	0.00506
14	0.07962	0.03287	0.18353	0.04303	0.06483	0.08115	0.03209	0.10088	0.13082	0.11374	0.01434	0.02916	0.03652	0.00609	0.00485	0.00158	0.00566	0.02845	0.00373	0.00708
15	0.00696	0.00473	0.00597	0.00664	0.00721	0.00442	0.00452	0.00783	0.00961	0.04100	0.02765	0.52035	0.11639	0.16100	0.00972	0.00249	0.00334	0.05170	0.00439	0.00407
16	0.00869	0.00837	0.00777	0.02265	0.02559	0.13891	0.00572	0.01050	0.03336	0.01464	0.18678	0.24594	0.24989	0.01120	0.00572	0.00168	0.00386	0.00960	0.00438	0.00473
17	0.09315	0.11457	0.22620	0.08946	0.11032	0.02543	0.03106	0.10001	0.05648	0.01759	0.02954	0.01184	0.00832	0.00522	0.00510	0.00152	0.04594	0.00403	0.00287	0.02136
18	0.08284	0.06105	0.17997	0.02701	0.03730	0.01116	0.11725	0.10569	0.09232	0.04367	0.02592	0.08221	0.01251	0.00710	0.00552	0.02740	0.00561	0.06540	0.00350	0.00657

[dist]
# distance from previous block
# <min> <max>
0	22

[block]
# block no. 7 follows, 50 sequences, length 21
# corresponding to MSA columns:
# 580-600
name=unknown_H
#
# <colnr> <probs for GDERKNQSTAVLIFYWHMCP>
#	G	D	E	R	K	N	Q	S	T	A	V	L	I	F	Y	W	H	M	C	P
0	0.12017	0.02878	0.04804	0.05300	0.10645	0.10259	0.01649	0.14306	0.04181	0.07769	0.01600	0.03276	0.09615	0.00821	0.04816	0.00188	0.00575	0.02664	0.00368	0.02271
1	0.00933	0.03625	0.00864	0.02980	0.00982	0.00713	0.00582	0.01391	0.17679	0.07206	0.38131	0.07413	0.13645	0.00945	0.00555	0.00162	0.00310	0.00815	0.00507	0.00562
2	0.03253	0.14114	0.01317	0.00796	0.01219	0.00976	0.00666	0.08129	0.03208	0.01721	0.02443	0.01080	0.00826	0.00422	0.00379	0.00092	0.00410	0.00323	0.00311	0.58315
3	0.05194	0.05799	0.07190	0.01332	0.12539	0.16176	0.03465	0.03570	0.10854	0.12676	0.02410	0.04494	0.01038	0.00560	0.00464	0.00141	0.00564	0.00454	0.00357	0.10723
4	0.01342	0.07395	0.02958	0.01040	0.01371	0.01056	0.08985	0.19209	0.07440	0.11359	0.01494	0.13346	0.01302	0.00968	0.07692	0.00207	0.00565	0.00595	0.00408	0.11267
5	0.00704	0.00633	0.04630	0.00718	0.00874	0.00492	0.00546	0.00844	0.00994	0.01361	0.02566	0.54560	0.11103	0.01254	0.00574	0.00173	0.00322	0.01117	0.00419	0.16118
6	0.00803	0.00521	0.00666	0.00705	0.00798	0.00491	0.00496	0.00991	0.05262	0.08461	0.12843	0.53446	0.07560	0.03657	0.00662	0.00196	0.00303	0.01179	0.00486	0.00472
7	0.01312	0.00666	0.00864	0.00747	0.00980	0.00602	0.00594	0.01563	0.04333	0.31998	0.33426	0.03101	0.11382	0.00899	0.00557	0.00162	0.00330	0.05303	0.00559	0.00623
8	0.01265	0.01392	0.08587	0.03614	0.19799	0.14428	0.08195	0.09985	0.05994	0.01693	0.01559	0.03755	0.06909	0.00689	0.00529	0.00162	0.00617	0.09830	0.00336	0.00663
9	0.01320	0.00751	0.00908	0.00782	0.01029	0.00730	0.00613	0.05479	0.13676	0.26934	0.12968	0.04194	0.18192	0.04459	0.05469	0.00214	0.00419	0.00707	0.00515	0.00642
10	0.00749	0.00566	0.00768	0.00762	0.00836	0.02007	0.00570	0.00892	0.00804	0.01143	0.01364	0.02166	0.01331	0.18438	0.60434	0.00698	0.02783	0.00562	0.02706	0.00423
11	0.01048	0.00906	0.01006	0.01031	0.05827	0.04263	0.00727	0.05526	0.34485	0.01738	0.02224	0.29011	0.05874	0.00985	0.00583	0.00178	0.02657	0.00850	0.00455	0.00628
12	0.01077	0.01520	0.20384	0.12017	0.02495	0.01169	0.45633	0.01511	0.01139	0.01575	0.05700	0.01419	0.00955	0.00479	0.00550	0.00165	0.00757	0.00538	0.00257	0.00660
13	0.00790	0.00565	0.00659	0.00660	0.00785	0.00536	0.00473	0.04331	0.05321	0.05045	0.11653	0.30294	0.26152	0.09440	0.00789	0.00209	0.00315	0.01048	0.00467	0.00467
14	0.19419	0.01216	0.01266	0.01004	0.01372	0.01339	0.00824	0.46712	0.08774	0.11347	0.01252	0.01231	0.00887	0.00579	0.00460	0.00153	0.00487	0.00428	0.00473	0.00778
15	0.01437	0.01184	0.10957	0.01040	0.01349	0.02967	0.00937	0.21900	0.01480	0.16763	0.09547	0.02028	0.01509	0.00895	0.04656	0.00199	0.09528	0.08249	0.02691	0.00684
16	0.00764	0.00579	0.00790	0.00822	0.00881	0.00640	0.00636	0.00898	0.00914	0.01246	0.01960	0.18242	0.02160	0.17600	0.17793	0.00392	0.09607	0.23288	0.00362	0.00425
17	0.00923	0.00807	0.01129	0.01021	0.01078	0.01044	0.00821	0.03968	0.00840	0.01241	0.01047	0.01626	0.01006	0.06887	0.38606	0.00504	0.36203	0.00499	0.00257	0.00496
18	0.00721	0.00531	0.00725	0.09594	0.00993	0.00574	0.00540	0.00823	0.00822	0.01114	0.01673	0.18851	0.01838	0.35879	0.22665	0.00475	0.00690	0.00785	0.00317	0.00389
19	0.01590	0.00971	0.01254	0.09901	0.01496	0.03238	0.00880	0.08814	0.05498	0.32674	0.09929	0.01692	0.01394	0.00700	0.00746	0.00169	0.17380	0.00519	0.00456	0.00700
20	0.01063	0.00844	0.01405	0.39644	0.07026	0.00919	0.07933	0.01360	0.01176	0.10208	0.21258	0.01985	0.01788	0.00636	0.00530	0.00161	0.00538	0.00581	0.00354	0.00590

[dist]
# distance from previous block
# <min> <max>
0	1

[block]
# block no. 8 follows, 50 sequences, length 17
# corresponding to MSA columns:
# 602-618
name=unknown_I
#
# <colnr> <probs for GDERKNQSTAVLIFYWHMCP>
#	G	D	E	R	K	N	Q	S	T	A	V	L	I	F	Y	W	H	M	C	P
0	0.01452	0.01799	0.13992	0.03121	0.01814	0.25213	0.14072	0.14133	0.01339	0.01653	0.00881	0.01092	0.00696	0.00573	0.00709	0.00161	0.15947	0.00419	0.00280	0.00656
1	0.01105	0.19150	0.42055	0.09689	0.15508	0.01330	0.01532	0.01521	0.01053	0.01470	0.00858	0.01058	0.00664	0.00461	0.00447	0.00146	0.00661	0.00367	0.00218	0.00707
2	0.00697	0.00519	0.00719	0.00723	0.00804	0.00571	0.00538	0.00838	0.00831	0.01151	0.01831	0.04930	0.10094	0.16275	0.56409	0.00660	0.01043	0.00650	0.00301	0.00418
3	0.05243	0.31635	0.14545	0.01226	0.08657	0.16507	0.01063	0.01722	0.03230	0.09343	0.02023	0.01060	0.00789	0.00488	0.00412	0.00132	0.00616	0.00351	0.00282	0.00676
4	0.01119	0.11695	0.10208	0.16421	0.06579	0.14011	0.03362	0.03390	0.01098	0.01353	0.01317	0.12075	0.04150	0.02838	0.07128	0.00215	0.01619	0.00563	0.00282	0.00575
5	0.06558	0.00987	0.01062	0.00860	0.01142	0.01055	0.00686	0.38003	0.01668	0.11315	0.01398	0.01603	0.01077	0.08897	0.00658	0.00176	0.00440	0.00476	0.21260	0.00680
6	0.01062	0.01069	0.01366	0.01193	0.01268	0.09261	0.04366	0.01207	0.00859	0.01207	0.00881	0.01337	0.00831	0.01656	0.24585	0.00378	0.46253	0.00460	0.00238	0.00525
7	0.01075	0.05562	0.08053	0.14088	0.11576	0.01053	0.07903	0.09044	0.02931	0.01603	0.01490	0.04466	0.02413	0.06201	0.00712	0.00196	0.03040	0.17661	0.00329	0.00605
8	0.00864	0.00440	0.00622	0.00622	0.00635	0.00440	0.00415	0.00711	0.00698	0.00983	0.00994	0.01662	0.00970	0.06617	0.01806	0.70695	0.00414	0.00455	0.09707	0.00249
9	0.05191	0.01280	0.01350	0.01065	0.01438	0.05665	0.00869	0.46503	0.09758	0.19617	0.01406	0.01342	0.00977	0.00600	0.00490	0.00152	0.00519	0.00458	0.00505	0.00815
10	0.13987	0.00702	0.00858	0.08917	0.01187	0.00726	0.00653	0.02594	0.05941	0.14054	0.14574	0.23929	0.04651	0.00960	0.00534	0.00174	0.00372	0.04176	0.00456	0.00555
11	0.00960	0.00855	0.01408	0.19198	0.20850	0.00898	0.07583	0.02922	0.01129	0.01539	0.12118	0.11828	0.01868	0.04453	0.00663	0.00186	0.01747	0.08877	0.00340	0.00577
12	0.05245	0.00796	0.01040	0.00821	0.01164	0.00698	0.00671	0.02118	0.01371	0.63667	0.06507	0.02119	0.10092	0.00705	0.00508	0.00156	0.00393	0.00576	0.00584	0.00768
13	0.00719	0.00523	0.00701	0.00804	0.00898	0.00505	0.00652	0.00894	0.01086	0.01408	0.02933	0.29227	0.11250	0.01422	0.00662	0.00214	0.00384	0.44819	0.00461	0.00438
14	0.01290	0.01376	0.17378	0.21463	0.04418	0.01137	0.19119	0.05892	0.06349	0.13654	0.01174	0.01356	0.00837	0.00515	0.00532	0.00163	0.01845	0.00479	0.00322	0.00701
15	0.01145	0.00944	0.01049	0.03009	0.01168	0.09077	0.02448	0.15651	0.03583	0.04431	0.01544	0.14458	0.01510	0.10716	0.20815	0.00363	0.03822	0.03349	0.00368	0.00550
16	0.00811	0.00522	0.00664	0.00703	0.00815	0.00480	0.00516	0.00968	0.02658	0.09475	0.08159	0.44671	0.17380	0.01335	0.00613	0.00190	0.00312	0.08772	0.00485	0.00471

[dist]
# distance from previous block
# <min> <max>
1	28

[block]
# block no. 9 follows, 50 sequences, length 112
# corresponding to MSA columns:
# 648-759
name=unknown_J
#
# <colnr> <probs for GDERKNQSTAVLIFYWHMCP>
#	G	D	E	R	K	N	Q	S	T	A	V	L	I	F	Y	W	H	M	C	P
0	0.06763	0.17836	0.26557	0.02165	0.11235	0.01243	0.01205	0.02290	0.04167	0.05960	0.01959	0.01372	0.02894	0.00620	0.02338	0.00163	0.04132	0.02754	0.00283	0.04065
1	0.01805	0.08537	0.01474	0.01062	0.01431	0.07228	0.00877	0.43171	0.10042	0.15340	0.01343	0.01309	0.00959	0.00626	0.01446	0.00155	0.00542	0.00445	0.01414	0.00794
2	0.01352	0.00899	0.01056	0.00917	0.01215	0.00906	0.00745	0.06446	0.28281	0.18453	0.02023	0.02495	0.04384	0.00770	0.00523	0.00162	0.00413	0.15079	0.00487	0.13394
3	0.01410	0.01028	0.01193	0.00894	0.01308	0.03301	0.02663	0.13821	0.05356	0.14795	0.01174	0.01216	0.00876	0.00469	0.00427	0.00108	0.00437	0.00376	0.00390	0.48755
4	0.01193	0.07491	0.11166	0.01462	0.17136	0.04240	0.06212	0.01714	0.17075	0.04800	0.01424	0.03538	0.04938	0.00560	0.00473	0.00141	0.00524	0.00484	0.00334	0.15096
5	0.23031	0.01117	0.09106	0.40964	0.13884	0.01127	0.01232	0.01391	0.00984	0.01606	0.00845	0.01153	0.00647	0.00479	0.00446	0.00160	0.00589	0.00391	0.00247	0.00603
6	0.00838	0.21854	0.01115	0.00660	0.00883	0.00880	0.00546	0.01064	0.06178	0.01409	0.11076	0.11087	0.38636	0.01012	0.00518	0.00155	0.00336	0.00837	0.00410	0.00505
7	0.01107	0.00688	0.00845	0.00755	0.00952	0.00671	0.00581	0.06847	0.10224	0.15921	0.36457	0.12539	0.08452	0.00960	0.00563	0.00164	0.00317	0.00831	0.00536	0.00590
8	0.00624	0.00499	0.00559	0.00559	0.00699	0.00433	0.00413	0.00778	0.01197	0.01527	0.26096	0.12116	0.50299	0.01222	0.00593	0.00168	0.00251	0.01045	0.00488	0.00433
9	0.01318	0.64151	0.04349	0.08824	0.01515	0.01780	0.00937	0.01505	0.01020	0.05166	0.00779	0.00919	0.00673	0.00468	0.00421	0.00122	0.04872	0.00307	0.00235	0.00639
10	0.01038	0.00580	0.00760	0.00675	0.00839	0.00528	0.00510	0.01241	0.01347	0.18681	0.54806	0.03240	0.03669	0.08965	0.00761	0.00188	0.00300	0.00798	0.00539	0.00535
11	0.00607	0.00434	0.00578	0.00694	0.00723	0.00405	0.00463	0.00694	0.00954	0.01272	0.02747	0.82157	0.03297	0.01562	0.00636	0.00202	0.00289	0.01417	0.00463	0.00405
12	0.01013	0.01034	0.01979	0.50032	0.03038	0.01137	0.28601	0.01368	0.01059	0.01389	0.00997	0.04271	0.00793	0.00509	0.00536	0.00168	0.00714	0.00530	0.00241	0.00591
13	0.00949	0.00965	0.01688	0.01344	0.01610	0.05612	0.34676	0.01206	0.01144	0.01514	0.12455	0.30555	0.02206	0.00917	0.00597	0.00176	0.00563	0.00912	0.00369	0.00543
