[name]
unknown

[dist]
# distance from previous block
# <min> <max>
60	192

[block]
# block no. 0 follows, 46 sequences, length 26
# corresponding to MSA columns:
# 402-427
name=unknown_A
#
# <colnr> <probs for GDERKNQSTAVLIFYWHMCP>
#	G	D	E	R	K	N	Q	S	T	A	V	L	I	F	Y	W	H	M	C	P
0	0.18051	0.06910	0.16656	0.00959	0.01309	0.10386	0.00911	0.03107	0.01252	0.04280	0.20428	0.06457	0.05757	0.00760	0.00500	0.00162	0.00512	0.00602	0.00388	0.00611
1	0.08294	0.46614	0.02247	0.01059	0.01468	0.06555	0.07536	0.08500	0.03328	0.03946	0.02454	0.02720	0.00897	0.00583	0.01664	0.00147	0.00602	0.00393	0.00303	0.00688
2	0.04194	0.04940	0.04519	0.00849	0.01169	0.00891	0.00708	0.10193	0.05702	0.01956	0.17350	0.08730	0.08516	0.00789	0.00534	0.00143	0.01962	0.00652	0.00427	0.25775
3	0.04232	0.19206	0.01660	0.02971	0.01490	0.23961	0.00912	0.16035	0.07348	0.09042	0.03350	0.05226	0.01109	0.00633	0.00477	0.00148	0.00635	0.00468	0.00387	0.00711
4	0.07448	0.05999	0.04782	0.01105	0.04237	0.14181	0.00871	0.15415	0.05216	0.11129	0.04791	0.04708	0.01355	0.08059	0.06181	0.00239	0.00642	0.02555	0.00410	0.00677
5	0.01501	0.07146	0.01430	0.01323	0.10307	0.30270	0.00902	0.11388	0.01343	0.01541	0.01116	0.01685	0.01053	0.20344	0.03889	0.00260	0.03100	0.00485	0.00312	0.00604
6	0.00817	0.00695	0.00784	0.00836	0.04679	0.05993	0.00573	0.01008	0.01325	0.01754	0.39735	0.21144	0.16295	0.01186	0.00620	0.00177	0.00333	0.01039	0.00509	0.00499
7	0.00908	0.00718	0.01031	0.01336	0.21924	0.00717	0.00714	0.01027	0.00963	0.01332	0.07763	0.06834	0.01933	0.45582	0.04733	0.00384	0.00547	0.00732	0.00333	0.00488
8	0.01171	0.01091	0.01734	0.02489	0.54970	0.02992	0.01299	0.01463	0.01292	0.01824	0.22105	0.02025	0.01974	0.00640	0.00550	0.00159	0.00532	0.00601	0.00350	0.00739
9	0.00652	0.00469	0.00605	0.00710	0.00749	0.00437	0.00472	0.00740	0.01007	0.01331	0.02990	0.70001	0.08555	0.07584	0.00822	0.00234	0.00319	0.01421	0.00478	0.00422
10	0.01506	0.01257	0.01367	0.17632	0.01840	0.10706	0.00981	0.30488	0.01616	0.04489	0.01219	0.01632	0.01010	0.11479	0.07867	0.00270	0.03076	0.00506	0.00382	0.00676
11	0.00985	0.00493	0.00493	0.00493	0.00616	0.00493	0.00370	0.01232	0.01109	0.01971	0.01725	0.01971	0.01355	0.00616	0.00370	0.00123	0.00246	0.00493	0.84356	0.00493
12	0.01314	0.08474	0.30388	0.01448	0.01998	0.01387	0.15170	0.13501	0.15780	0.02010	0.02615	0.01388	0.00987	0.00559	0.00524	0.00166	0.00674	0.00487	0.00345	0.00784
13	0.01577	0.18313	0.01854	0.08212	0.01745	0.37524	0.03920	0.01746	0.01220	0.01299	0.00795	0.01032	0.00690	0.00600	0.00720	0.00156	0.17350	0.00376	0.00251	0.00621
14	0.01109	0.00829	0.00954	0.00869	0.01093	0.00877	0.00674	0.01894	0.34634	0.07488	0.33032	0.03060	0.06809	0.00918	0.00583	0.00175	0.00347	0.03423	0.00560	0.00672
15	0.18187	0.05134	0.04187	0.02654	0.01528	0.07419	0.00935	0.37441	0.13069	0.02626	0.01219	0.01247	0.00902	0.00597	0.00477	0.00160	0.00561	0.00434	0.00440	0.00783
16	0.00780	0.00530	0.00652	0.00675	0.00796	0.00473	0.00485	0.00924	0.01204	0.06896	0.18888	0.36944	0.26047	0.01374	0.00639	0.00190	0.00293	0.01207	0.00521	0.00481
17	0.07018	0.01125	0.01376	0.31979	0.02259	0.06588	0.01075	0.11959	0.10477	0.14791	0.05127	0.01582	0.01144	0.00613	0.00518	0.00168	0.00586	0.00499	0.00408	0.00708
18	0.01574	0.07068	0.09817	0.04857	0.01723	0.12057	0.08061	0.11466	0.11224	0.14819	0.04762	0.02894	0.01280	0.00663	0.00553	0.00166	0.02047	0.03806	0.00419	0.00743
19	0.00700	0.00539	0.00640	0.00615	0.00760	0.00478	0.00461	0.00905	0.01383	0.01851	0.49617	0.04392	0.33383	0.01181	0.00624	0.00171	0.00257	0.01018	0.00547	0.00478
20	0.01975	0.02520	0.01498	0.01362	0.01634	0.79299	0.01021	0.02111	0.01498	0.01294	0.00817	0.00953	0.00681	0.00545	0.00477	0.00136	0.00953	0.00340	0.00272	0.00613
21	0.01397	0.08297	0.22337	0.13931	0.04275	0.01233	0.16183	0.01877	0.06881	0.16530	0.01265	0.01403	0.00901	0.00536	0.00526	0.00166	0.00677	0.00485	0.00342	0.00757
22	0.01103	0.05978	0.64464	0.01585	0.02316	0.01281	0.12637	0.01673	0.01133	0.01658	0.00957	0.01149	0.00689	0.00492	0.00513	0.00167	0.00788	0.00420	0.00230	0.00767
23	0.00675	0.00489	0.00678	0.00767	0.00815	0.00493	0.00537	0.00793	0.00967	0.01316	0.02502	0.59370	0.02899	0.02291	0.22285	0.00389	0.00612	0.01246	0.00434	0.00441
24	0.00829	0.00708	0.01115	0.13115	0.08210	0.00728	0.06603	0.01010	0.01060	0.01417	0.04986	0.41063	0.06745	0.06775	0.00800	0.00218	0.02642	0.01065	0.00399	0.00511
25	0.01610	0.01106	0.01398	0.22792	0.02021	0.01216	0.01023	0.34023	0.01736	0.14333	0.01491	0.09817	0.01212	0.03066	0.00607	0.00180	0.00564	0.00599	0.00458	0.00747

[dist]
# distance from previous block
# <min> <max>
4	9

[block]
# block no. 1 follows, 46 sequences, length 9
# corresponding to MSA columns:
# 438-443,445-447
name=unknown_B
#
# <colnr> <probs for GDERKNQSTAVLIFYWHMCP>
#	G	D	E	R	K	N	Q	S	T	A	V	L	I	F	Y	W	H	M	C	P
0	0.00755	0.00566	0.00850	0.00850	0.00944	0.00661	0.00661	0.00944	0.00850	0.01227	0.01416	0.02077	0.01322	0.03965	0.79326	0.00850	0.01416	0.00566	0.00283	0.00472
1	0.03941	0.01566	0.15654	0.06364	0.18981	0.08975	0.08333	0.01839	0.04904	0.13716	0.01160	0.01335	0.00869	0.00576	0.00654	0.00170	0.09418	0.00467	0.00329	0.00752
2	0.18118	0.01183	0.02064	0.06179	0.07154	0.01263	0.33936	0.01509	0.01064	0.01709	0.00973	0.01331	0.00790	0.00877	0.08551	0.00248	0.11624	0.00509	0.00274	0.00643
3	0.00649	0.00513	0.00584	0.00617	0.00741	0.00449	0.00443	0.00786	0.01187	0.01503	0.15042	0.28587	0.44228	0.01401	0.00640	0.00188	0.00277	0.01213	0.00504	0.00449
4	0.00939	0.00697	0.00907	0.04120	0.05927	0.00697	0.00731	0.03424	0.08895	0.05502	0.02956	0.28099	0.15992	0.01260	0.00638	0.00202	0.00403	0.17576	0.00480	0.00556
5	0.00644	0.00460	0.00613	0.00736	0.00767	0.00429	0.00491	0.00736	0.01012	0.01350	0.02914	0.81076	0.03497	0.01656	0.00675	0.00215	0.00307	0.01503	0.00491	0.00429
6	0.01162	0.09982	0.16388	0.10779	0.07711	0.01189	0.17336	0.04811	0.01255	0.03708	0.08652	0.04304	0.01484	0.00683	0.00558	0.00173	0.00649	0.08168	0.00331	0.00678
7	0.01133	0.01231	0.05947	0.17259	0.01876	0.05385	0.01224	0.01331	0.00915	0.01309	0.00815	0.01259	0.00738	0.01013	0.06763	0.00255	0.50265	0.00461	0.00237	0.00586
8	0.00797	0.00529	0.00647	0.00618	0.00745	0.00495	0.00463	0.01040	0.01389	0.02048	0.56021	0.03544	0.08050	0.00985	0.00564	0.00157	0.00250	0.00856	0.20309	0.00495

[dist]
# distance from previous block
# <min> <max>
6	15

[block]
# block no. 2 follows, 46 sequences, length 29
# corresponding to MSA columns:
# 476-504
name=unknown_C
#
# <colnr> <probs for GDERKNQSTAVLIFYWHMCP>
#	G	D	E	R	K	N	Q	S	T	A	V	L	I	F	Y	W	H	M	C	P
0	0.01175	0.01024	0.01420	0.09198	0.04495	0.01111	0.06265	0.11880	0.04407	0.01749	0.01233	0.08012	0.01124	0.03715	0.07782	0.00236	0.15354	0.00556	0.00337	0.18929
1	0.00701	0.00545	0.00829	0.00867	0.00943	0.00510	0.06763	0.00827	0.01038	0.01386	0.02757	0.72007	0.03259	0.01550	0.00672	0.00213	0.00361	0.03846	0.00472	0.00455
2	0.01524	0.01269	0.01979	0.01833	0.16479	0.08057	0.23001	0.03436	0.01280	0.18227	0.01369	0.07996	0.01121	0.00660	0.00692	0.00176	0.09194	0.00602	0.00371	0.00735
3	0.00689	0.00512	0.00724	0.00780	0.00838	0.00480	0.03670	0.00802	0.01046	0.01407	0.09364	0.64764	0.03390	0.07858	0.00827	0.00232	0.00343	0.01359	0.00476	0.00439
4	0.01201	0.01189	0.02180	0.03738	0.18496	0.01123	0.33391	0.01532	0.01193	0.03775	0.01419	0.01666	0.07632	0.00548	0.00602	0.00158	0.03901	0.00568	0.00302	0.15387
5	0.01458	0.01723	0.02394	0.01876	0.04811	0.26750	0.43785	0.01777	0.01314	0.01550	0.01059	0.04616	0.00877	0.00528	0.00568	0.00162	0.00864	0.00554	0.00280	0.03055
6	0.00996	0.01543	0.29570	0.01092	0.01442	0.07935	0.01108	0.02805	0.01041	0.01419	0.01357	0.08695	0.01300	0.14479	0.22464	0.00411	0.00882	0.00593	0.00289	0.00580
7	0.01393	0.02443	0.45104	0.01555	0.04200	0.23115	0.08201	0.01834	0.01253	0.04684	0.00970	0.01131	0.00715	0.00514	0.00508	0.00159	0.00822	0.00405	0.00259	0.00734
8	0.01621	0.04033	0.01581	0.01217	0.01563	0.06269	0.07570	0.44602	0.01877	0.02487	0.01240	0.01442	0.00970	0.01400	0.19305	0.00322	0.00831	0.00496	0.00421	0.00755
9	0.00748	0.00564	0.00698	0.00713	0.00825	0.00540	0.00515	0.01038	0.07983	0.01777	0.36461	0.31453	0.12123	0.01282	0.00634	0.00186	0.00287	0.01137	0.00536	0.00498
10	0.01053	0.01587	0.26929	0.36214	0.06429	0.01204	0.09640	0.01481	0.01099	0.01511	0.01116	0.01439	0.03621	0.00555	0.00583	0.00175	0.03966	0.00485	0.00245	0.00670
11	0.01097	0.06647	0.23571	0.01356	0.05907	0.03761	0.09515	0.01423	0.01154	0.04576	0.05877	0.09063	0.10332	0.00816	0.00686	0.00179	0.09269	0.03786	0.00335	0.00649
12	0.00733	0.00508	0.00609	0.00626	0.00665	0.00490	0.00395	0.00807	0.00982	0.01327	0.17235	0.20060	0.05851	0.45393	0.01771	0.00367	0.00407	0.00975	0.00415	0.00384
13	0.01482	0.01296	0.01881	0.21844	0.17281	0.02861	0.11260	0.28019	0.04970	0.02207	0.01135	0.01358	0.00852	0.00552	0.00540	0.00166	0.00663	0.00496	0.00362	0.00775
14	0.00894	0.00459	0.00682	0.00693	0.00696	0.00457	0.00462	0.00693	0.00717	0.00956	0.01095	0.08635	0.01146	0.01821	0.01943	0.77155	0.00446	0.00551	0.00253	0.00247
15	0.01015	0.00848	0.01275	0.19080	0.04785	0.00891	0.08405	0.05359	0.08092	0.04262	0.07970	0.19837	0.11970	0.00968	0.00597	0.00185	0.00494	0.02952	0.00420	0.00597
16	0.03111	0.18776	0.29420	0.01205	0.01670	0.02735	0.04401	0.06692	0.01160	0.03964	0.01117	0.05365	0.00967	0.03625	0.08902	0.00244	0.05199	0.00476	0.00287	0.00684
17	0.02010	0.01481	0.01587	0.01216	0.01639	0.01639	0.01005	0.76360	0.02486	0.03332	0.01269	0.01269	0.00899	0.00635	0.00529	0.00159	0.00582	0.00476	0.00529	0.00899
18	0.11297	0.10750	0.17295	0.03232	0.01702	0.32988	0.01143	0.08160	0.01378	0.06095	0.00940	0.01051	0.00721	0.00533	0.00459	0.00148	0.00747	0.00364	0.00306	0.00690
19	0.00686	0.00492	0.00651	0.00707	0.00776	0.00457	0.00494	0.00842	0.01207	0.01660	0.33123	0.49981	0.04098	0.01424	0.00654	0.00195	0.00284	0.01282	0.00528	0.00457
20	0.01220	0.01152	0.03246	0.17150	0.15892	0.01261	0.09220	0.01915	0.25956	0.03509	0.01440	0.04783	0.01161	0.00660	0.00672	0.00181	0.08920	0.00569	0.00362	0.00731
21	0.04641	0.64409	0.16296	0.01004	0.01511	0.01901	0.01079	0.01598	0.01075	0.01365	0.00773	0.00897	0.00673	0.00463	0.00368	0.00125	0.00598	0.00302	0.00230	0.00693
22	0.01354	0.12856	0.21840	0.10119	0.06891	0.01261	0.16080	0.03377	0.01221	0.13401	0.01238	0.05866	0.00976	0.00577	0.00522	0.00164	0.00672	0.00522	0.00324	0.00736
23	0.01385	0.01281	0.02233	0.01647	0.02112	0.01243	0.40415	0.09165	0.15104	0.06829	0.01332	0.01490	0.00988	0.00519	0.00562	0.00162	0.00681	0.00558	0.00372	0.11921
24	0.00674	0.00484	0.00641	0.00748	0.00799	0.00455	0.00525	0.00791	0.01062	0.01411	0.06769	0.64522	0.06196	0.03173	0.00716	0.00220	0.00326	0.09559	0.00492	0.00438
25	0.04891	0.06703	0.16181	0.15009	0.13140	0.03179	0.10772	0.01752	0.04352	0.12567	0.01299	0.01589	0.02199	0.00574	0.00523	0.00167	0.00652	0.03388	0.00331	0.00730
26	0.01158	0.04359	0.20141	0.11221	0.06331	0.01025	0.02534	0.08076	0.04728	0.07522	0.01709	0.23683	0.01647	0.00880	0.00563	0.00181	0.00557	0.02630	0.00383	0.00671
27	0.00806	0.00631	0.00749	0.00797	0.00908	0.00645	0.00566	0.01242	0.19195	0.01591	0.05774	0.52597	0.09685	0.01383	0.00636	0.00201	0.00328	0.01232	0.00505	0.00531
28	0.00754	0.00506	0.00581	0.00596	0.00600	0.00502	0.00341	0.00765	0.00799	0.01065	0.01818	0.12960	0.02115	0.71657	0.02444	0.00476	0.00487	0.00859	0.00341	0.00334

[dist]
# distance from previous block
# <min> <max>
2	6

[block]
# block no. 3 follows, 46 sequences, length 15
# corresponding to MSA columns:
# 511-525
name=unknown_D
#
# <colnr> <probs for GDERKNQSTAVLIFYWHMCP>
#	G	D	E	R	K	N	Q	S	T	A	V	L	I	F	Y	W	H	M	C	P
0	0.01230	0.03057	0.02011	0.20659	0.13793	0.01348	0.18568	0.09022	0.01215	0.01668	0.01052	0.05207	0.00900	0.00646	0.00801	0.00184	0.17122	0.00551	0.00288	0.00678
1	0.03337	0.01319	0.01567	0.12481	0.22430	0.15614	0.05311	0.09813	0.01364	0.03748	0.01151	0.01389	0.00901	0.00542	0.00488	0.00151	0.00625	0.00457	0.16621	0.00690
2	0.00780	0.00540	0.00636	0.00624	0.00661	0.00535	0.00380	0.00817	0.00806	0.01099	0.01654	0.06619	0.01866	0.65313	0.10426	0.00510	0.00590	0.00755	0.00324	0.05064
3	0.01293	0.07280	0.39924	0.01327	0.01897	0.01316	0.05113	0.19778	0.04926	0.02045	0.01374	0.05840	0.04274	0.00639	0.00521	0.00166	0.00659	0.00519	0.00341	0.00768
4	0.01513	0.06119	0.01457	0.06056	0.01589	0.33776	0.03495	0.10892	0.04830	0.01583	0.01102	0.01371	0.00924	0.01451	0.21162	0.00331	0.00965	0.00442	0.00314	0.00627
5	0.00725	0.00518	0.00703	0.00809	0.00880	0.00497	0.00613	0.00884	0.01131	0.01507	0.10606	0.47840	0.03498	0.01531	0.00688	0.00219	0.00361	0.26035	0.00499	0.00456
6	0.00983	0.01850	0.43365	0.01464	0.06573	0.01014	0.08993	0.01420	0.01133	0.01626	0.04963	0.18809	0.01580	0.00802	0.00566	0.00180	0.00646	0.03040	0.00313	0.00679
7	0.01101	0.00947	0.01307	0.18226	0.07064	0.01042	0.04660	0.10854	0.13042	0.01804	0.03680	0.04953	0.15508	0.01082	0.06797	0.00232	0.02608	0.04053	0.00400	0.00642
8	0.00650	0.00464	0.00618	0.00732	0.00768	0.00433	0.00491	0.00750	0.01038	0.01390	0.06852	0.77022	0.03575	0.01626	0.00672	0.00212	0.00304	0.01474	0.00496	0.00433
9	0.01497	0.65181	0.02537	0.01093	0.05185	0.14322	0.00959	0.01669	0.01148	0.01276	0.00761	0.00887	0.00687	0.00468	0.00370	0.00119	0.00630	0.00301	0.00235	0.00676
10	0.00670	0.00483	0.00624	0.00701	0.00757	0.00448	0.00477	0.00789	0.01102	0.01482	0.17251	0.57274	0.08276	0.06094	0.00777	0.00220	0.00305	0.01333	0.00498	0.00437
11	0.03932	0.01261	0.01400	0.04214	0.01564	0.01371	0.00920	0.48560	0.09731	0.12215	0.04804	0.01679	0.04541	0.00687	0.00533	0.00163	0.00522	0.00538	0.00529	0.00836
12	0.11692	0.12528	0.41006	0.01196	0.01791	0.01231	0.01371	0.01859	0.01177	0.19684	0.01161	0.01209	0.00809	0.00530	0.00466	0.00159	0.00630	0.00397	0.00337	0.00770
13	0.01975	0.02520	0.01498	0.01362	0.01634	0.79299	0.01021	0.02111	0.01498	0.01294	0.00817	0.00953	0.00681	0.00545	0.00477	0.00136	0.00953	0.00340	0.00272	0.00613
14	0.01134	0.01109	0.01761	0.25264	0.11393	0.04737	0.14647	0.04966	0.01156	0.01539	0.01287	0.15083	0.01226	0.00761	0.00731	0.00186	0.11421	0.00669	0.00303	0.00627

[dist]
# distance from previous block
# <min> <max>
0	1

[block]
# block no. 4 follows, 46 sequences, length 7
# corresponding to MSA columns:
# 527-533
name=unknown_E
#
# <colnr> <probs for GDERKNQSTAVLIFYWHMCP>
#	G	D	E	R	K	N	Q	S	T	A	V	L	I	F	Y	W	H	M	C	P
0	0.03614	0.03561	0.24103	0.07815	0.06382	0.03075	0.11556	0.13927	0.01420	0.09973	0.05431	0.04395	0.01145	0.00607	0.00534	0.00167	0.00656	0.00528	0.00361	0.00751
1	0.01154	0.00718	0.00767	0.00708	0.00887	0.00761	0.00540	0.07556	0.15901	0.04871	0.01820	0.02227	0.01495	0.09511	0.00689	0.00186	0.00353	0.03439	0.45831	0.00588
2	0.00732	0.00576	0.00659	0.00691	0.00811	0.00551	0.00491	0.01012	0.10203	0.01515	0.08802	0.34550	0.29879	0.06095	0.00756	0.00212	0.00314	0.01175	0.00493	0.00482
3	0.09296	0.08928	0.10113	0.24470	0.02186	0.04910	0.04785	0.04109	0.01062	0.01536	0.00863	0.01198	0.00708	0.00696	0.02631	0.00195	0.21004	0.00428	0.00256	0.00629
4	0.01063	0.00721	0.01068	0.25608	0.01716	0.00812	0.00835	0.09174	0.01001	0.01318	0.00963	0.01508	0.00849	0.01296	0.01417	0.48960	0.00549	0.00464	0.00264	0.00415
5	0.01491	0.34930	0.01711	0.00837	0.01186	0.01246	0.00742	0.01676	0.01277	0.24144	0.13030	0.04854	0.09363	0.00736	0.00478	0.00146	0.00446	0.00582	0.00441	0.00685
6	0.00996	0.02973	0.01412	0.10622	0.01615	0.01010	0.12674	0.03204	0.09416	0.01555	0.06010	0.07360	0.10136	0.05885	0.12341	0.00302	0.09455	0.02097	0.00361	0.00579

[dist]
# distance from previous block
# <min> <max>
0	1

[block]
# block no. 5 follows, 46 sequences, length 18
# corresponding to MSA columns:
# 535-552
name=unknown_F
#
# <colnr> <probs for GDERKNQSTAVLIFYWHMCP>
#	G	D	E	R	K	N	Q	S	T	A	V	L	I	F	Y	W	H	M	C	P
0	0.01070	0.00839	0.00956	0.00752	0.01045	0.00731	0.00553	0.08857	0.01119	0.01633	0.01240	0.01980	0.01212	0.30102	0.01248	0.00246	0.00455	0.00497	0.00338	0.45126
1	0.08879	0.01255	0.02184	0.09214	0.04877	0.01277	0.37544	0.16293	0.01418	0.02013	0.01242	0.09015	0.01052	0.00612	0.00571	0.00176	0.00703	0.00629	0.00343	0.00702
2	0.01567	0.01248	0.08662	0.11803	0.05256	0.08047	0.01022	0.03294	0.15276	0.25267	0.09579	0.03686	0.01572	0.00684	0.00537	0.00167	0.00542	0.00568	0.00469	0.00753
3	0.00888	0.00648	0.00813	0.00817	0.00953	0.00643	0.00633	0.09233	0.02917	0.01901	0.28366	0.25401	0.06093	0.01275	0.00649	0.00196	0.00358	0.17165	0.00526	0.00526
4	0.01171	0.12695	0.12224	0.46818	0.02905	0.01363	0.05641	0.08205	0.01207	0.01577	0.00949	0.01279	0.00719	0.00519	0.00504	0.00165	0.00695	0.00442	0.00260	0.00662
5	0.02744	0.01123	0.08900	0.64331	0.03257	0.01191	0.01449	0.02826	0.01080	0.01439	0.01035	0.01442	0.02497	0.00563	0.00575	0.00177	0.04042	0.00473	0.00247	0.00608
6	0.00650	0.00465	0.00619	0.00732	0.00768	0.00434	0.00491	0.00752	0.01041	0.01396	0.07453	0.76404	0.03587	0.01621	0.00672	0.00212	0.00303	0.01470	0.00496	0.00434
7	0.01181	0.01121	0.01901	0.27176	0.51315	0.01193	0.01523	0.01497	0.01149	0.01592	0.01065	0.04970	0.00917	0.00543	0.00532	0.00166	0.00637	0.00518	0.00264	0.00741
8	0.00789	0.00766	0.07805	0.08346	0.01202	0.00623	0.00733	0.01050	0.01314	0.01835	0.46585	0.15721	0.03796	0.02918	0.00664	0.00186	0.00367	0.04290	0.00492	0.00517
9	0.00653	0.00467	0.00624	0.00747	0.00781	0.00437	0.00507	0.00752	0.01021	0.01360	0.02909	0.77739	0.03476	0.01648	0.00677	0.00216	0.00315	0.04749	0.00491	0.00432
10	0.01279	0.01354	0.04693	0.05255	0.50273	0.08215	0.09810	0.01582	0.01209	0.01634	0.01166	0.08895	0.01063	0.00591	0.00544	0.00164	0.00664	0.00572	0.00283	0.00754
11	0.00686	0.00499	0.00654	0.00748	0.00816	0.00467	0.00540	0.00823	0.01114	0.01477	0.11285	0.54027	0.10282	0.01534	0.00673	0.00211	0.00325	0.12890	0.00500	0.00448
12	0.01988	0.01383	0.01466	0.01155	0.01552	0.05436	0.00942	0.49648	0.11600	0.17028	0.01508	0.01439	0.01053	0.00644	0.00528	0.00161	0.00556	0.00495	0.00540	0.00877
13	0.36235	0.01277	0.09261	0.13656	0.01710	0.04919	0.00983	0.05241	0.01126	0.12283	0.00998	0.01151	0.00735	0.00569	0.00549	0.00171	0.07747	0.00387	0.00344	0.00659
14	0.01975	0.02520	0.01498	0.01362	0.01634	0.79299	0.01021	0.02111	0.01498	0.01294	0.00817	0.00953	0.00681	0.00545	0.00477	0.00136	0.00953	0.00340	0.00272	0.00613
15	0.03878	0.02953	0.01730	0.37915	0.02616	0.01097	0.17095	0.03372	0.01174	0.08439	0.01539	0.04750	0.07846	0.00668	0.00588	0.02152	0.00645	0.00595	0.00322	0.00625
16	0.00637	0.00487	0.00586	0.00665	0.00748	0.00435	0.00459	0.00744	0.01081	0.01378	0.03786	0.53946	0.30064	0.01543	0.00657	0.00202	0.00293	0.01365	0.00491	0.00435
17	0.01574	0.20594	0.03034	0.08198	0.01603	0.06396	0.00977	0.13229	0.04315	0.15614	0.01204	0.01345	0.00929	0.00932	0.08140	0.00224	0.10163	0.00441	0.00372	0.00716

[dist]
# distance from previous block
# <min> <max>
0	2

[block]
# block no. 6 follows, 46 sequences, length 26
# corresponding to MSA columns:
# 555-558,560-581
name=unknown_G
#
# <colnr> <probs for GDERKNQSTAVLIFYWHMCP>
#	G	D	E	R	K	N	Q	S	T	A	V	L	I	F	Y	W	H	M	C	P
0	0.01764	0.02079	0.01740	0.01556	0.05989	0.50463	0.09635	0.08303	0.01458	0.01536	0.00880	0.01077	0.00724	0.00581	0.00646	0.00155	0.10063	0.00406	0.00288	0.00657
1	0.00888	0.00544	0.00570	0.00612	0.00705	0.02953	0.00436	0.01073	0.01085	0.01716	0.02143	0.31706	0.02140	0.01005	0.00488	0.00158	0.00291	0.00868	0.50147	0.00473
2	0.01690	0.01364	0.01414	0.01107	0.01485	0.09390	0.00898	0.34723	0.03219	0.07682	0.01153	0.01229	0.00868	0.00589	0.00597	0.00142	0.07900	0.00422	0.00425	0.23702
3	0.01168	0.00848	0.00977	0.00904	0.01080	0.00891	0.00670	0.29196	0.01547	0.02069	0.02194	0.44738	0.02391	0.07753	0.00784	0.00218	0.00427	0.01057	0.00491	0.00597
4	0.01428	0.24188	0.08754	0.01026	0.01410	0.04181	0.00948	0.20101	0.05383	0.05834	0.01807	0.04300	0.09631	0.00761	0.00506	0.00159	0.00542	0.07931	0.00403	0.00708
5	0.01372	0.01545	0.14924	0.01055	0.01448	0.18560	0.02404	0.05067	0.02652	0.10830	0.04244	0.02174	0.18582	0.00731	0.00520	0.00150	0.00581	0.00579	0.00390	0.12192
6	0.00701	0.00487	0.00593	0.00654	0.00676	0.00469	0.00408	0.00752	0.00906	0.01202	0.02426	0.42119	0.05579	0.38726	0.01610	0.00352	0.00401	0.01147	0.00412	0.00379
7	0.01236	0.01239	0.02173	0.04791	0.09077	0.05395	0.34758	0.01569	0.02458	0.04858	0.03233	0.01541	0.01006	0.01056	0.11994	0.00276	0.11816	0.00563	0.00293	0.00666
8	0.08972	0.25474	0.01832	0.01142	0.01328	0.05555	0.00988	0.01412	0.00935	0.01363	0.00764	0.01086	0.00719	0.00923	0.06217	0.00225	0.39825	0.00393	0.00244	0.00603
9	0.00890	0.00651	0.00837	0.00906	0.01026	0.00662	0.00722	0.07166	0.05495	0.01668	0.02684	0.34852	0.02967	0.01429	0.00681	0.00222	0.00420	0.35712	0.00495	0.00517
10	0.04522	0.03969	0.08608	0.01493	0.12737	0.33732	0.01099	0.09953	0.03900	0.01725	0.01211	0.01328	0.05143	0.00573	0.00486	0.00144	0.00716	0.00426	0.00320	0.07917
11	0.01342	0.08837	0.01804	0.01421	0.03585	0.19215	0.12623	0.03865	0.01150	0.01427	0.01115	0.12103	0.01101	0.00800	0.00932	0.00184	0.27005	0.00587	0.00292	0.00613
12	0.00644	0.00460	0.00613	0.00736	0.00767	0.00429	0.00491	0.00736	0.01012	0.01350	0.02914	0.81076	0.03497	0.01656	0.00675	0.00215	0.00307	0.01503	0.00491	0.00429
13	0.00942	0.02627	0.14998	0.12928	0.01921	0.00932	0.17683	0.01284	0.01213	0.01645	0.16336	0.09669	0.11113	0.00843	0.00592	0.00178	0.00574	0.03552	0.00369	0.00599
14	0.01083	0.02599	0.71644	0.01667	0.09261	0.01230	0.01923	0.01669	0.01124	0.01679	0.00953	0.01134	0.00685	0.00499	0.00504	0.00166	0.00767	0.00398	0.00227	0.00786
15	0.00644	0.00460	0.00613	0.00736	0.00767	0.00429	0.00491	0.00736	0.01012	0.01350	0.02914	0.81076	0.03497	0.01656	0.00675	0.00215	0.00307	0.01503	0.00491	0.00429
16	0.01248	0.16978	0.01966	0.19159	0.02048	0.08706	0.08936	0.01465	0.01027	0.01329	0.00821	0.01180	0.00715	0.00716	0.02425	0.00193	0.29797	0.00437	0.00240	0.00615
17	0.00661	0.00472	0.00633	0.00755	0.00794	0.00444	0.00520	0.00765	0.01029	0.01368	0.02904	0.74962	0.03460	0.01640	0.00679	0.00217	0.00321	0.07450	0.00490	0.00434
18	0.01395	0.51457	0.02466	0.05526	0.01640	0.01866	0.07695	0.08412	0.01182	0.01486	0.00820	0.01013	0.00713	0.00539	0.00587	0.00143	0.11753	0.00366	0.00259	0.00683
19	0.16494	0.09383	0.01545	0.35842	0.04111	0.06979	0.01133	0.08352	0.01176	0.01704	0.00906	0.01211	0.00717	0.00657	0.03094	0.00187	0.05189	0.00411	0.00282	0.00626
20	0.01977	0.02451	0.01504	0.01352	0.01635	0.74201	0.01020	0.06985	0.01563	0.01428	0.00847	0.00974	0.00695	0.00551	0.00480	0.00138	0.00929	0.00349	0.00289	0.00632
21	0.13994	0.01301	0.13394	0.33295	0.09244	0.01198	0.07333	0.01568	0.01091	0.07249	0.00997	0.01289	0.00742	0.00536	0.00561	0.00173	0.04635	0.00446	0.00283	0.00669
22	0.00654	0.00482	0.00608	0.00701	0.00762	0.00443	0.00481	0.00759	0.01056	0.01377	0.04955	0.60488	0.16894	0.04373	0.00737	0.00218	0.00312	0.03783	0.00487	0.00432
23	0.08154	0.02450	0.01295	0.12561	0.03960	0.03746	0.00940	0.14881	0.11988	0.01926	0.03828	0.04043	0.08208	0.01026	0.07100	0.00233	0.12046	0.00575	0.00384	0.00656
24	0.01195	0.08896	0.27152	0.01084	0.01504	0.01088	0.01117	0.04101	0.11387	0.09332	0.03535	0.04839	0.06243	0.09101	0.02963	0.00224	0.02017	0.03163	0.00375	0.00685
25	0.00646	0.00469	0.00609	0.00716	0.00763	0.00433	0.00483	0.00746	0.01045	0.01381	0.05498	0.71863	0.10179	0.01610	0.00669	0.00210	0.00301	0.01451	0.00494	0.00433

[dist]
# distance from previous block
# <min> <max>
1	4

[block]
# block no. 7 follows, 46 sequences, length 197
# corresponding to MSA columns:
# 617-643,646-815
name=unknown_H
#
# <colnr> <probs for GDERKNQSTAVLIFYWHMCP>
#	G	D	E	R	K	N	Q	S	T	A	V	L	I	F	Y	W	H	M	C	P
0	0.11289	0.01313	0.08040	0.19892	0.08702	0.04088	0.13637	0.03235	0.01110	0.05914	0.00959	0.01265	0.00748	0.00594	0.00761	0.00181	0.16858	0.00465	0.00283	0.00667
1	0.00782	0.00576	0.00790	0.00744	0.00803	0.00560	0.06093	0.00857	0.00917	0.01234	0.08061	0.17629	0.02395	0.52749	0.01963	0.00400	0.00481	0.02208	0.00372	0.00387
2	0.00693	0.00486	0.00616	0.00681	0.00716	0.00462	0.00444	0.00781	0.01009	0.01363	0.12774	0.48650	0.03255	0.24099	0.01237	0.00292	0.00357	0.01221	0.00455	0.00408
3	0.27124	0.03277	0.01498	0.19526	0.02002	0.18567	0.09614	0.02993	0.01162	0.03173	0.02506	0.01176	0.00774	0.00542	0.00515	0.00164	0.04067	0.00409	0.00295	0.00614
4	0.05007	0.01717	0.15025	0.01291	0.01675	0.18546	0.07114	0.07402	0.02631	0.02987	0.00985	0.02914	0.00811	0.00600	0.00692	0.00156	0.13990	0.00429	0.00302	0.15726
5	0.00644	0.00460	0.00613	0.00736	0.00767	0.00429	0.00491	0.00736	0.01012	0.01350	0.02914	0.81076	0.03497	0.01656	0.00675	0.00215	0.00307	0.01503	0.00491	0.00429
6	0.21349	0.01408	0.01390	0.08811	0.01690	0.07974	0.00950	0.45347	0.01893	0.02744	0.01075	0.01161	0.00786	0.00583	0.00477	0.00160	0.00584	0.00420	0.00432	0.00768
7	0.01106	0.02191	0.51365	0.10698	0.11543	0.01239	0.11167	0.01634	0.01136	0.01646	0.00968	0.01211	0.00710	0.00494	0.00523	0.00169	0.00768	0.00438	0.00235	0.00757
8	0.00644	0.00460	0.00613	0.00736	0.00767	0.00429	0.00491	0.00736	0.01012	0.01350	0.02914	0.81076	0.03497	0.01656	0.00675	0.00215	0.00307	0.01503	0.00491	0.00429
9	0.01102	0.01023	0.01651	0.58575	0.16275	0.01211	0.01433	0.03288	0.07302	0.01532	0.01055	0.01434	0.00806	0.00536	0.00528	0.00173	0.00665	0.00481	0.00271	0.00658
10	0.03511	0.06058	0.00842	0.00735	0.00875	0.00627	0.00570	0.01020	0.01269	0.03546	0.34547	0.23554	0.09342	0.01222	0.00619	0.00185	0.00326	0.10142	0.00510	0.00500
11	0.00646	0.00462	0.00615	0.00735	0.00767	0.00431	0.00491	0.00742	0.01023	0.01366	0.04517	0.79425	0.03528	0.01644	0.00674	0.00214	0.00305	0.01491	0.00493	0.00431
12	0.01893	0.08898	0.01607	0.01326	0.01601	0.69599	0.01018	0.02031	0.01433	0.01289	0.00805	0.00954	0.00681	0.00554	0.00521	0.00139	0.04427	0.00341	0.00267	0.00617
13	0.00643	0.00463	0.00610	0.00727	0.00765	0.00430	0.00487	0.00737	0.01020	0.01353	0.03019	0.77809	0.06696	0.01643	0.00673	0.00213	0.00305	0.01486	0.00491	0.00430
14	0.01869	0.01291	0.01419	0.01133	0.01519	0.01412	0.00921	0.43869	0.23564	0.14811	0.01648	0.01552	0.01167	0.00661	0.00532	0.00165	0.00515	0.00519	0.00551	0.00881
15	0.01564	0.13648	0.02160	0.05882	0.01989	0.23063	0.21554	0.12864	0.01422	0.01700	0.00936	0.01159	0.00749	0.00553	0.00629	0.00159	0.08535	0.00448	0.00296	0.00688
16	0.01975	0.02520	0.01498	0.01362	0.01634	0.79299	0.01021	0.02111	0.01498	0.01294	0.00817	0.00953	0.00681	0.00545	0.00477	0.00136	0.00953	0.00340	0.00272	0.00613
17	0.01156	0.00902	0.04361	0.05665	0.02749	0.00887	0.02560	0.04680	0.18999	0.10126	0.02067	0.22236	0.01998	0.10196	0.00880	0.01607	0.02176	0.05673	0.00456	0.00626
18	0.00636	0.00491	0.00581	0.00653	0.00745	0.00436	0.00454	0.00745	0.01092	0.01382	0.03923	0.49660	0.34261	0.01525	0.00654	0.00200	0.00291	0.01343	0.00491	0.00436
19	0.01608	0.01480	0.03632	0.01208	0.01471	0.17738	0.00989	0.15665	0.14815	0.09879	0.01477	0.01616	0.04248	0.00744	0.00808	0.00178	0.19164	0.02150	0.00409	0.00722
20	0.01303	0.49278	0.29267	0.01168	0.01732	0.04240	0.03446	0.01635	0.01107	0.01409	0.00822	0.00962	0.00679	0.00473	0.00409	0.00135	0.00663	0.00332	0.00228	0.00713
21	0.00643	0.00466	0.00607	0.00720	0.00762	0.00431	0.00483	0.00738	0.01028	0.01356	0.03112	0.74900	0.09544	0.01630	0.00671	0.00212	0.00304	0.01471	0.00491	0.00431
22	0.01114	0.00979	0.01237	0.00890	0.01359	0.00767	0.05759	0.01403	0.03542	0.01736	0.00987	0.01147	0.00811	0.00406	0.00412	0.00088	0.00426	0.00343	0.00317	0.76277
23	0.00998	0.00940	0.01586	0.80150	0.03641	0.01175	0.01468	0.01351	0.01057	0.01351	0.00940	0.01409	0.00705	0.00529	0.00529	0.00176	0.00705	0.00470	0.00235	0.00587
24	0.01762	0.20796	0.03188	0.01261	0.01562	0.53669	0.01022	0.01912	0.01337	0.01287	0.00790	0.00948	0.00681	0.00553	0.00547	0.00139	0.07321	0.00338	0.00257	0.00628
25	0.01081	0.00870	0.00925	0.00833	0.01084	0.00900	0.00660	0.16461	0.19015	0.02004	0.03586	0.03671	0.38712	0.01064	0.00594	0.00180	0.00384	0.06837	0.00509	0.00631
26	0.00769	0.00513	0.00577	0.00577	0.00577	0.00513	0.00320	0.00769	0.00769	0.01025	0.01666	0.03460	0.01922	0.81421	0.02691	0.00513	0.00513	0.00769	0.00320	0.00320
27	0.10477	0.12886	0.14716	0.01111	0.01513	0.14878	0.02629	0.05101	0.01282	0.16425	0.04539	0.01371	0.01043	0.00852	0.06906	0.00210	0.02569	0.00432	0.00361	0.00699
28	0.78398	0.01060	0.00843	0.00738	0.01073	0.01223	0.00608	0.07634	0.01029	0.02450	0.00779	0.00892	0.00599	0.00502	0.00344	0.00163	0.00423	0.00302	0.00344	0.00599
29	0.04692	0.00696	0.00902	0.00808	0.01043	0.00625	0.00619	0.01636	0.01283	0.37171	0.06831	0.30519	0.08778	0.01088	0.00588	0.00183	0.00370	0.00943	0.00565	0.00658
30	0.19506	0.00783	0.00772	0.00764	0.00911	0.04833	0.00551	0.06115	0.01126	0.03077	0.07530	0.34210	0.04031	0.12431	0.00854	0.00232	0.00408	0.00936	0.00431	0.00500
31	0.01532	0.01728	0.02052	0.03797	0.37990	0.29182	0.12724	0.01803	0.01313	0.01560	0.00941	0.01201	0.00774	0.00495	0.00522	0.00153	0.00786	0.00448	0.00266	0.00734
32	0.00644	0.00460	0.00613	0.00736	0.00767	0.00429	0.00491	0.00736	0.01012	0.01350	0.02914	0.81076	0.03497	0.01656	0.00675	0.00215	0.00307	0.01503	0.00491	0.00429
33	0.01145	0.01768	0.30963	0.01499	0.02033	0.01217	0.21122	0.01919	0.22180	0.01808	0.01671	0.01757	0.07243	0.00615	0.00554	0.00174	0.00668	0.00568	0.00344	0.00751
34	0.01022	0.01565	0.29114	0.41860	0.02854	0.01149	0.02907	0.02974	0.01107	0.01515	0.01088	0.04740	0.00882	0.00677	0.02572	0.00193	0.00730	0.02144	0.00255	0.00654
35	0.00649	0.00464	0.00620	0.00742	0.00775	0.00434	0.00500	0.00745	0.01017	0.01356	0.02911	0.79131	0.03485	0.01651	0.00676	0.00215	0.00311	0.03394	0.00491	0.00431
36	0.01032	0.00989	0.01243	0.01131	0.01195	0.07478	0.00908	0.01179	0.00891	0.01258	0.01103	0.04963	0.01077	0.02204	0.34217	0.00483	0.37308	0.00541	0.00268	0.00530
37	0.00670	0.00486	0.00639	0.00753	0.00807	0.00455	0.00532	0.00786	0.01054	0.01387	0.03082	0.65336	0.09017	0.01606	0.00678	0.00216	0.00328	0.11240	0.00490	0.00438
38	0.02240	0.01111	0.01358	0.01041	0.01455	0.01090	0.00860	0.29391	0.01867	0.51176	0.01789	0.01607	0.01160	0.00647	0.00531	0.00162	0.00498	0.00511	0.00609	0.00899
39	0.27428	0.01333	0.01402	0.04309	0.10862	0.13589	0.01023	0.01537	0.01003	0.01677	0.00773	0.01060	0.00672	0.00660	0.00906	0.00184	0.30307	0.00390	0.00271	0.00614
40	0.01975	0.02520	0.01498	0.01362	0.01634	0.79299	0.01021	0.02111	0.01498	0.01294	0.00817	0.00953	0.00681	0.00545	0.00477	0.00136	0.00953	0.00340	0.00272	0.00613
41	0.01151	0.01033	0.01785	0.55619	0.17230	0.01180	0.07102	0.01495	0.01124	0.05746	0.01023	0.01414	0.00770	0.00519	0.00535	0.00172	0.00690	0.00485	0.00266	0.00660
42	0.00644	0.00460	0.00613	0.00736	0.00767	0.00429	0.00491	0.00736	0.01012	0.01350	0.02914	0.81076	0.03497	0.01656	0.00675	0.00215	0.00307	0.01503	0.00491	0.00429
43	0.01239	0.01006	0.01313	0.10339	0.01620	0.01140	0.05083	0.19311	0.19060	0.01992	0.01482	0.01770	0.01199	0.03110	0.27447	0.00408	0.00859	0.00548	0.00395	0.00682
44	0.00818	0.00614	0.00767	0.00716	0.00862	0.00599	0.00540	0.01221	0.10826	0.02131	0.68512	0.03705	0.04572	0.01036	0.00613	0.00168	0.00270	0.00912	0.00577	0.00540
45	0.00668	0.00486	0.00630	0.00703	0.00768	0.00448	0.00485	0.00801	0.01145	0.01543	0.21319	0.56175	0.09891	0.01491	0.00658	0.00200	0.00290	0.01339	0.00513	0.00448
46	0.01096	0.00940	0.01096	0.00783	0.01253	0.00705	0.00626	0.01331	0.01096	0.01723	0.00940	0.01096	0.00783	0.00392	0.00392	0.00078	0.00392	0.00313	0.00313	0.84653
47	0.00768	0.00517	0.00599	0.00599	0.00606	0.00525	0.00348	0.00783	0.00775	0.01041	0.01645	0.03347	0.01873	0.75126	0.08919	0.00540	0.00586	0.00752	0.00317	0.00333
48	0.01229	0.01385	0.02992	0.02158	0.02665	0.01310	0.71535	0.01659	0.01239	0.01681	0.01139	0.01622	0.00899	0.00499	0.00648	0.00182	0.02291	0.03889	0.00276	0.00701
49	0.00804	0.00518	0.00676	0.00723	0.00815	0.00473	0.00509	0.00940	0.01165	0.07780	0.18097	0.53400	0.09225	0.01435	0.00649	0.00198	0.00304	0.01285	0.00522	0.00483
50	0.00769	0.00513	0.00577	0.00577	0.00577	0.00513	0.00320	0.00769	0.00769	0.01025	0.01666	0.03460	0.01922	0.81421	0.02691	0.00513	0.00513	0.00769	0.00320	0.00320
51	0.01202	0.01399	0.08693	0.14478	0.20275	0.01303	0.36077	0.01593	0.01167	0.01618	0.00996	0.01353	0.00777	0.00502	0.00652	0.00176	0.06232	0.00534	0.00255	0.00719
52	0.01517	0.01803	0.22761	0.01263	0.01732	0.08019	0.01213	0.25345	0.26454	0.02334	0.01431	0.01430	0.01051	0.00617	0.00520	0.00166	0.00615	0.00481	0.00426	0.00822
53	0.01369	0.00678	0.00928	0.00895	0.01101	0.00623	0.00724	0.01556	0.01272	0.30611	0.02561	0.25150	0.02512	0.01210	0.00640	0.00205	0.00423	0.26363	0.00551	0.00627
54	0.13254	0.00988	0.01490	0.54360	0.09086	0.01172	0.01290	0.02578	0.01084	0.05214	0.00968	0.01327	0.00729	0.00532	0.00523	0.00171	0.02389	0.00443	0.00276	0.02123
55	0.03060	0.26796	0.24223	0.01159	0.01689	0.01545	0.01210	0.19908	0.02919	0.11092	0.01114	0.01162	0.00820	0.00541	0.00459	0.00148	0.00613	0.00396	0.00357	0.00789
56	0.00652	0.00468	0.00619	0.00726	0.00767	0.00435	0.00489	0.00758	0.01056	0.01414	0.09060	0.73064	0.05325	0.01602	0.00669	0.00210	0.00301	0.01450	0.00498	0.00435
57	0.01154	0.01836	0.29955	0.10826	0.04109	0.01278	0.39768	0.01646	0.01178	0.01648	0.01010	0.01311	0.00744	0.00476	0.00568	0.00174	0.00826	0.00520	0.00248	0.00726
58	0.00794	0.00620	0.00742	0.00718	0.00862	0.00609	0.00541	0.01148	0.10675	0.01843	0.39254	0.11170	0.20389	0.02952	0.00691	0.00187	0.01945	0.03809	0.00531	0.00520
59	0.00643	0.00466	0.00607	0.00720	0.00762	0.00431	0.00483	0.00738	0.01028	0.01356	0.03112	0.74900	0.09544	0.01630	0.00671	0.00212	0.00304	0.01471	0.00491	0.00431
60	0.01492	0.70591	0.02591	0.00969	0.01396	0.12957	0.00921	0.01657	0.01134	0.01251	0.00747	0.00863	0.00679	0.00465	0.00359	0.00116	0.00620	0.00291	0.00233	0.00669
61	0.00655	0.00468	0.00624	0.00739	0.00776	0.00438	0.00501	0.00759	0.01043	0.01396	0.06837	0.75090	0.03563	0.01621	0.00674	0.00213	0.00308	0.03366	0.00495	0.00435
62	0.02058	0.01360	0.01507	0.01160	0.01577	0.01466	0.00957	0.60205	0.04478	0.17572	0.01450	0.01390	0.00998	0.00641	0.00530	0.00160	0.00552	0.00490	0.00553	0.00897
63	0.05266	0.32699	0.05140	0.01146	0.01489	0.19915	0.01013	0.12081	0.01323	0.01618	0.00831	0.00991	0.00707	0.00577	0.00622	0.00148	0.13118	0.00356	0.00284	0.00678
64	0.01975	0.02520	0.01498	0.01362	0.01634	0.79299	0.01021	0.02111	0.01498	0.01294	0.00817	0.00953	0.00681	0.00545	0.00477	0.00136	0.00953	0.00340	0.00272	0.00613
65	0.00989	0.00871	0.01405	0.37085	0.06614	0.01005	0.04780	0.02908	0.01114	0.01471	0.01568	0.10361	0.01546	0.00908	0.00709	0.02131	0.05849	0.17793	0.00328	0.00566
66	0.00644	0.00460	0.00613	0.00736	0.00767	0.00429	0.00491	0.00736	0.01012	0.01350	0.02914	0.81076	0.03497	0.01656	0.00675	0.00215	0.00307	0.01503	0.00491	0.00429
67	0.00694	0.00497	0.00654	0.00700	0.00771	0.00463	0.00489	0.00853	0.01219	0.01680	0.36043	0.44450	0.04106	0.03955	0.00717	0.00203	0.00288	0.01237	0.00526	0.00457
68	0.01969	0.01452	0.01563	0.01205	0.01617	0.01608	0.00994	0.73946	0.02433	0.03264	0.01274	0.01295	0.00913	0.00741	0.03051	0.00181	0.00608	0.00479	0.00521	0.00885
69	0.00769	0.00513	0.00577	0.00577	0.00577	0.00513	0.00320	0.00769	0.00769	0.01025	0.01666	0.03460	0.01922	0.81421	0.02691	0.00513	0.00513	0.00769	0.00320	0.00320
70	0.00964	0.00785	0.00939	0.00780	0.01091	0.00636	0.00590	0.03520	0.01111	0.01641	0.01656	0.29709	0.01757	0.00852	0.00497	0.00130	0.00367	0.00744	0.00384	0.51846
71	0.01413	0.81739	0.02770	0.00905	0.01357	0.02092	0.00905	0.01583	0.01074	0.01244	0.00735	0.00848	0.00678	0.00452	0.00339	0.00113	0.00565	0.00283	0.00226	0.00678
72	0.01975	0.02520	0.01498	0.01362	0.01634	0.79299	0.01021	0.02111	0.01498	0.01294	0.00817	0.00953	0.00681	0.00545	0.00477	0.00136	0.00953	0.00340	0.00272	0.00613
73	0.00768	0.00516	0.00595	0.00595	0.00601	0.00522	0.00343	0.00780	0.00774	0.01038	0.01649	0.03368	0.01882	0.76303	0.07755	0.00535	0.00572	0.00755	0.00318	0.00330
74	0.00769	0.00513	0.00577	0.00577	0.00577	0.00513	0.00320	0.00769	0.00769	0.01025	0.01666	0.03460	0.01922	0.81421	0.02691	0.00513	0.00513	0.00769	0.00320	0.00320
75	0.01718	0.00756	0.01001	0.00853	0.01134	0.00669	0.00668	0.03583	0.01372	0.47936	0.03799	0.24003	0.08190	0.00993	0.00580	0.00179	0.00395	0.00853	0.00592	0.00726
76	0.00923	0.00717	0.01014	0.18617	0.01562	0.00763	0.00802	0.01129	0.02789	0.05448	0.02005	0.41638	0.02176	0.01126	0.00685	0.00188	0.06929	0.00980	0.00402	0.10108
77	0.01975	0.02520	0.01498	0.01362	0.01634	0.79299	0.01021	0.02111	0.01498	0.01294	0.00817	0.00953	0.00681	0.00545	0.00477	0.00136	0.00953	0.00340	0.00272	0.00613
78	0.34894	0.01140	0.01285	0.02847	0.21134	0.04421	0.00936	0.10379	0.02675	0.05725	0.02532	0.07677	0.01058	0.00623	0.00459	0.00165	0.00505	0.00490	0.00367	0.00689
79	0.01255	0.01846	0.22856	0.01949	0.03829	0.07655	0.45934	0.01703	0.01214	0.01638	0.01000	0.01292	0.00753	0.00490	0.00626	0.00174	0.04283	0.00530	0.00254	0.00719
80	0.00644	0.00460	0.00613	0.00736	0.00767	0.00429	0.00491	0.00736	0.01012	0.01350	0.02914	0.81076	0.03497	0.01656	0.00675	0.00215	0.00307	0.01503	0.00491	0.00429
81	0.01031	0.00973	0.01644	0.72140	0.11399	0.01183	0.01484	0.01379	0.01072	0.01390	0.00945	0.01399	0.00719	0.00523	0.00528	0.00174	0.00697	0.00470	0.00238	0.00613
82	0.00955	0.01128	0.11143	0.01314	0.01649	0.00911	0.25798	0.01290	0.01283	0.01782	0.28965	0.07029	0.08981	0.00846	0.00664	0.00177	0.04284	0.00797	0.00404	0.00600
83	0.00670	0.00478	0.00643	0.00765	0.00807	0.00451	0.00535	0.00780	0.01037	0.01378	0.02900	0.71815	0.03441	0.01632	0.00682	0.00218	0.00329	0.10511	0.00490	0.00436
84	0.01035	0.01020	0.01773	0.23229	0.02222	0.01195	0.18954	0.01301	0.01007	0.01396	0.01157	0.09213	0.01074	0.01148	0.10600	0.00278	0.21923	0.00617	0.00273	0.00585
85	0.00644	0.00460	0.00613	0.00736	0.00767	0.00429	0.00491	0.00736	0.01012	0.01350	0.02914	0.81076	0.03497	0.01656	0.00675	0.00215	0.00307	0.01503	0.00491	0.00429
86	0.01441	0.01706	0.02549	0.01920	0.02339	0.22910	0.49323	0.01775	0.01281	0.01549	0.00969	0.01273	0.00760	0.00512	0.00673	0.00171	0.07375	0.00532	0.00266	0.00674
87	0.18180	0.01347	0.01419	0.34911	0.03915	0.18499	0.01149	0.03076	0.01128	0.01583	0.00852	0.01165	0.00678	0.00569	0.00609	0.00170	0.09477	0.00404	0.00268	0.00600
88	0.01975	0.02520	0.01498	0.01362	0.01634	0.79299	0.01021	0.02111	0.01498	0.01294	0.00817	0.00953	0.00681	0.00545	0.00477	0.00136	0.00953	0.00340	0.00272	0.00613
89	0.01369	0.07753	0.01934	0.01378	0.01752	0.06872	0.27563	0.07931	0.01358	0.11153	0.02143	0.02214	0.18762	0.00726	0.00626	0.00169	0.04580	0.00658	0.00384	0.00673
90	0.00664	0.00499	0.00621	0.00710	0.00793	0.00456	0.00511	0.00787	0.01091	0.01400	0.03575	0.50811	0.24009	0.01544	0.00668	0.00208	0.00318	0.10404	0.00490	0.00441
91	0.01155	0.01829	0.32815	0.13348	0.25063	0.01246	0.13739	0.01616	0.01155	0.01647	0.00980	0.01265	0.00746	0.00488	0.00532	0.00167	0.00743	0.00463	0.00243	0.00759
92	0.01585	0.01383	0.01586	0.01736	0.22666	0.10224	0.01125	0.29822	0.09292	0.02294	0.01401	0.01869	0.01182	0.03004	0.00606	0.00177	0.00609	0.08240	0.00416	0.00783
93	0.00626	0.00529	0.00542	0.00552	0.00718	0.00445	0.00409	0.00757	0.01189	0.01422	0.05157	0.11271	0.71854	0.01365	0.00629	0.00181	0.00271	0.01147	0.00491	0.00445
94	0.43710	0.01393	0.01168	0.00975	0.01329	0.12052	0.00790	0.28665	0.01555	0.02571	0.00940	0.01020	0.00705	0.00550	0.00421	0.00158	0.00546	0.00362	0.00393	0.00696
95	0.01302	0.01250	0.02135	0.04764	0.76651	0.01254	0.01619	0.01617	0.01201	0.01720	0.00993	0.01310	0.00835	0.00472	0.00523	0.00157	0.00630	0.00471	0.00261	0.00832
96	0.01669	0.02016	0.01608	0.01408	0.01600	0.49901	0.04299	0.01812	0.01257	0.01304	0.00787	0.01042	0.00691	0.00668	0.00905	0.00170	0.27607	0.00394	0.00258	0.00606
97	0.01936	0.01255	0.01405	0.01115	0.01505	0.01348	0.00908	0.40653	0.19821	0.21807	0.01680	0.01567	0.01169	0.00659	0.00532	0.00165	0.00510	0.00518	0.00562	0.00885
98	0.00677	0.00474	0.00604	0.00694	0.00717	0.00451	0.00446	0.00745	0.00948	0.01264	0.02584	0.60584	0.03081	0.22716	0.01207	0.00293	0.00361	0.01309	0.00446	0.00401
99	0.00794	0.00620	0.00908	0.00886	0.00966	0.00745	0.00690	0.00966	0.00841	0.01220	0.01361	0.02065	0.01294	0.07937	0.67666	0.00772	0.08947	0.00568	0.00280	0.00474
100	0.33089	0.01866	0.01236	0.01100	0.01406	0.43122	0.00852	0.08558	0.01363	0.01880	0.00827	0.00946	0.00660	0.00533	0.00425	0.00148	0.00716	0.00332	0.00316	0.00623
101	0.00644	0.00460	0.00613	0.00736	0.00767	0.00429	0.00491	0.00736	0.01012	0.01350	0.02914	0.81076	0.03497	0.01656	0.00675	0.00215	0.00307	0.01503	0.00491	0.00429
