[name]
unknown

[dist]
# distance from previous block
# <min> <max>
0	49

[block]
# block no. 0 follows, 50 sequences, length 24
# corresponding to MSA columns:
# 66-89
name=unknown_A
#
# <colnr> <probs for GDERKNQSTAVLIFYWHMCP>
#	G	D	E	R	K	N	Q	S	T	A	V	L	I	F	Y	W	H	M	C	P
0	0.06502	0.01248	0.17987	0.01013	0.01417	0.00931	0.00981	0.11563	0.04062	0.31218	0.06481	0.02071	0.01448	0.00698	0.00513	0.00165	0.00496	0.10007	0.00469	0.00731
1	0.01523	0.01301	0.01644	0.01296	0.01664	0.06956	0.17308	0.23844	0.29554	0.07312	0.01478	0.01480	0.01083	0.00584	0.00518	0.00159	0.00572	0.00515	0.00439	0.00770
2	0.01447	0.18641	0.11331	0.00929	0.01304	0.01121	0.00869	0.09379	0.07830	0.22481	0.17718	0.01813	0.01746	0.00646	0.00477	0.00146	0.00457	0.00518	0.00444	0.00705
3	0.00778	0.18101	0.01010	0.00709	0.00820	0.00751	0.00526	0.00869	0.00938	0.01212	0.02158	0.54756	0.02540	0.11527	0.00808	0.00217	0.00366	0.01083	0.00389	0.00442
4	0.01034	0.00886	0.01034	0.00738	0.01181	0.00664	0.00591	0.01255	0.01034	0.01624	0.00886	0.01034	0.00738	0.00369	0.00369	0.00074	0.00369	0.00295	0.00295	0.85530
5	0.01557	0.01153	0.01266	0.01021	0.01343	0.01238	0.00818	0.55735	0.01952	0.02632	0.01507	0.18548	0.01365	0.00789	0.00519	0.00156	0.00480	0.00645	0.00476	0.06799
6	0.01000	0.02578	0.79900	0.01421	0.02157	0.01158	0.01842	0.01579	0.01052	0.01579	0.00895	0.01052	0.00631	0.00474	0.00474	0.00158	0.00737	0.00368	0.00210	0.00737
7	0.00628	0.00450	0.00597	0.00680	0.00728	0.00419	0.00464	0.00747	0.01052	0.01428	0.19124	0.65336	0.03598	0.01445	0.00626	0.00193	0.00278	0.01306	0.00481	0.00419
8	0.00636	0.00450	0.00572	0.00653	0.00684	0.00425	0.00426	0.00711	0.00929	0.01238	0.05616	0.59742	0.05351	0.18885	0.01040	0.00260	0.00328	0.01237	0.00432	0.00386
9	0.01007	0.00798	0.06460	0.00810	0.01020	0.00695	0.00665	0.01469	0.16979	0.11635	0.31723	0.19719	0.03025	0.00976	0.00563	0.00169	0.00339	0.00855	0.00506	0.00588
10	0.01296	0.00959	0.01055	0.00933	0.01209	0.01055	0.00730	0.02359	0.56615	0.12914	0.08482	0.02170	0.06544	0.00732	0.00518	0.00166	0.00377	0.00613	0.00523	0.00749
11	0.01506	0.00993	0.01165	0.00870	0.01285	0.00890	0.00707	0.17976	0.04199	0.20170	0.01246	0.01253	0.00906	0.00487	0.00433	0.00112	0.00421	0.00386	0.00422	0.44572
12	0.01330	0.01203	0.02315	0.01715	0.02081	0.01237	0.46918	0.01639	0.01120	0.14288	0.01082	0.01342	0.00810	0.00559	0.00822	0.00178	0.19850	0.00538	0.00304	0.00671
13	0.01051	0.01264	0.17961	0.00896	0.01401	0.00796	0.00869	0.03536	0.01076	0.01658	0.00897	0.01042	0.00719	0.00398	0.00395	0.00094	0.00453	0.00315	0.00283	0.64895
14	0.00698	0.00899	0.17596	0.00845	0.01032	0.00571	0.00759	0.00901	0.01008	0.01390	0.07802	0.59163	0.02826	0.01290	0.00598	0.00190	0.00381	0.01155	0.00415	0.00481
15	0.00763	0.00652	0.00880	0.01090	0.17573	0.00600	0.00653	0.00958	0.01219	0.01605	0.26678	0.03706	0.39727	0.01013	0.00568	0.00160	0.00320	0.00876	0.00443	0.00515
16	0.67824	0.01011	0.01009	0.01171	0.17780	0.01132	0.00752	0.01479	0.00910	0.02106	0.00746	0.00901	0.00593	0.00459	0.00348	0.00153	0.00430	0.00307	0.00295	0.00593
17	0.00803	0.00621	0.00870	0.01122	0.17496	0.00613	0.00607	0.00889	0.00872	0.01188	0.01740	0.23312	0.01978	0.43877	0.01605	0.00338	0.00456	0.00844	0.00332	0.00433
18	0.01101	0.01136	0.17778	0.00869	0.01174	0.00877	0.00841	0.16780	0.01286	0.01936	0.01569	0.01747	0.06591	0.00922	0.08165	0.00205	0.02957	0.00488	0.32981	0.00598
19	0.86003	0.00964	0.00733	0.00655	0.00964	0.01118	0.00540	0.01465	0.00848	0.02236	0.00694	0.00810	0.00540	0.00463	0.00308	0.00154	0.00386	0.00270	0.00308	0.00540
20	0.00607	0.00434	0.00578	0.00694	0.00723	0.00405	0.00463	0.00694	0.00954	0.01272	0.02747	0.82157	0.03297	0.01562	0.00636	0.00202	0.00289	0.01417	0.00463	0.00405
21	0.01299	0.62055	0.05381	0.00910	0.01318	0.01783	0.00879	0.01744	0.17627	0.01385	0.00987	0.01037	0.00828	0.00482	0.00366	0.00122	0.00511	0.00334	0.00276	0.00676
22	0.01188	0.00714	0.00859	0.00769	0.00982	0.00709	0.00593	0.01678	0.20124	0.19787	0.25138	0.10236	0.07357	0.00879	0.00536	0.00161	0.00324	0.00754	0.06588	0.00625
23	0.01533	0.01567	0.18359	0.01291	0.02861	0.11937	0.11446	0.08261	0.07767	0.20401	0.03132	0.01372	0.00990	0.00559	0.00544	0.00154	0.03858	0.00461	0.00380	0.03126

[dist]
# distance from previous block
# <min> <max>
5	12

[block]
# block no. 1 follows, 50 sequences, length 8
# corresponding to MSA columns:
# 102-109
name=unknown_B
#
# <colnr> <probs for GDERKNQSTAVLIFYWHMCP>
#	G	D	E	R	K	N	Q	S	T	A	V	L	I	F	Y	W	H	M	C	P
0	0.01575	0.00982	0.01284	0.23324	0.01912	0.01066	0.00954	0.11154	0.21525	0.28484	0.01590	0.01577	0.01104	0.00597	0.00502	0.00161	0.00498	0.00495	0.00464	0.00751
1	0.00622	0.00486	0.00565	0.00587	0.00704	0.00428	0.00424	0.00764	0.01152	0.01485	0.22422	0.26063	0.39945	0.01286	0.00602	0.00175	0.00258	0.01117	0.00484	0.00428
2	0.00947	0.00652	0.01030	0.01318	0.22559	0.00657	0.00736	0.00914	0.00800	0.01103	0.00977	0.01626	0.00954	0.09125	0.05770	0.49202	0.00530	0.00469	0.00236	0.00396
3	0.01086	0.49065	0.12455	0.00885	0.01243	0.01426	0.00877	0.01282	0.01002	0.01255	0.01292	0.23473	0.01378	0.00749	0.00429	0.00140	0.00493	0.00600	0.00282	0.00587
4	0.06685	0.00851	0.01051	0.00844	0.01152	0.00816	0.00683	0.14300	0.01539	0.40977	0.23232	0.02126	0.02095	0.00717	0.00514	0.00154	0.00390	0.00590	0.00560	0.00725
5	0.00827	0.00652	0.00817	0.00757	0.00757	0.00774	0.00521	0.00857	0.00736	0.01031	0.01316	0.02658	0.01490	0.59773	0.02286	0.00409	0.23048	0.00645	0.00279	0.00370
6	0.25204	0.01480	0.01243	0.03341	0.01416	0.21247	0.00846	0.28803	0.05907	0.02237	0.00972	0.01052	0.00737	0.00549	0.00467	0.00149	0.02935	0.00373	0.00369	0.00674
7	0.23009	0.01371	0.01657	0.08136	0.01830	0.15569	0.22189	0.10348	0.06001	0.03861	0.00983	0.01150	0.00742	0.00496	0.00467	0.00155	0.00649	0.00427	0.00318	0.00643

[dist]
# distance from previous block
# <min> <max>
2	12

[block]
# block no. 2 follows, 50 sequences, length 98
# corresponding to MSA columns:
# 122-219
name=unknown_C
#
# <colnr> <probs for GDERKNQSTAVLIFYWHMCP>
#	G	D	E	R	K	N	Q	S	T	A	V	L	I	F	Y	W	H	M	C	P
0	0.01106	0.00953	0.01418	0.59399	0.02857	0.01148	0.01226	0.10767	0.09147	0.02711	0.01081	0.01390	0.00804	0.00533	0.00494	0.00163	0.00605	0.00458	0.03126	0.00615
1	0.01677	0.01303	0.21488	0.00995	0.01483	0.00829	0.00991	0.01976	0.01252	0.43974	0.01474	0.01398	0.00979	0.00531	0.00468	0.00139	0.00494	0.00426	0.00448	0.17676
2	0.01870	0.01072	0.01259	0.00981	0.01362	0.01078	0.00802	0.28417	0.12373	0.35313	0.01610	0.01485	0.01095	0.00596	0.00489	0.00147	0.00458	0.00473	0.00531	0.08589
3	0.00647	0.00507	0.00586	0.00566	0.00709	0.00446	0.00425	0.00828	0.01274	0.01673	0.42157	0.04259	0.41859	0.01140	0.00588	0.00163	0.00244	0.00977	0.00506	0.00446
4	0.01176	0.01345	0.02941	0.02101	0.02605	0.01261	0.77563	0.01597	0.01176	0.01597	0.01008	0.01345	0.00756	0.00420	0.00588	0.00168	0.00840	0.00588	0.00252	0.00672
5	0.00714	0.00526	0.00758	0.00758	0.00832	0.00600	0.00570	0.00863	0.00788	0.01125	0.01374	0.02176	0.01340	0.16866	0.67508	0.00748	0.01193	0.00566	0.00273	0.00421
6	0.01234	0.01184	0.02023	0.03059	0.79373	0.01184	0.01530	0.01530	0.01135	0.01628	0.00938	0.01234	0.00790	0.00444	0.00493	0.00148	0.00592	0.00444	0.00247	0.00790
7	0.00617	0.00470	0.00617	0.00686	0.00756	0.00428	0.02236	0.00720	0.00999	0.01296	0.03209	0.63410	0.19783	0.01470	0.00625	0.00194	0.00294	0.01318	0.00458	0.00415
8	0.00604	0.00448	0.00564	0.00656	0.00713	0.00408	0.00446	0.00698	0.00991	0.01287	0.03206	0.66758	0.18400	0.01502	0.00627	0.00196	0.00282	0.01344	0.00463	0.00408
9	0.02568	0.00887	0.01028	0.00737	0.01177	0.00673	0.00590	0.01259	0.01030	0.01635	0.00882	0.01030	0.00735	0.00371	0.00368	0.00075	0.00369	0.00295	0.00296	0.83995
10	0.01371	0.01079	0.01093	0.00866	0.01198	0.11174	0.00675	0.11263	0.01280	0.12792	0.03593	0.03214	0.01103	0.09337	0.00679	0.00154	0.01634	0.00439	0.00373	0.36683
11	0.07497	0.02117	0.01368	0.01225	0.01481	0.64457	0.00934	0.05611	0.02478	0.02885	0.00820	0.00946	0.00670	0.00538	0.00507	0.00137	0.05118	0.00337	0.00280	0.00595
12	0.00712	0.00534	0.00801	0.00801	0.00890	0.00623	0.00623	0.00890	0.00801	0.01157	0.01335	0.01958	0.01246	0.03738	0.80507	0.00801	0.01335	0.00534	0.00267	0.00445
13	0.01043	0.13111	0.69751	0.01346	0.02042	0.01265	0.01712	0.01567	0.01047	0.01525	0.00868	0.01019	0.00632	0.00467	0.00453	0.00151	0.00710	0.00355	0.00211	0.00724
14	0.00741	0.00482	0.00534	0.00534	0.00553	0.00479	0.00310	0.00771	0.00776	0.01078	0.01720	0.03174	0.04957	0.70312	0.02221	0.00431	0.00447	0.00710	0.09445	0.00324
15	0.01034	0.00886	0.01034	0.00738	0.01181	0.00664	0.00591	0.01255	0.01034	0.01624	0.00886	0.01034	0.00738	0.00369	0.00369	0.00074	0.00369	0.00295	0.00295	0.85530
16	0.00886	0.00640	0.00781	0.00723	0.00888	0.00638	0.00555	0.01348	0.16730	0.05786	0.54006	0.03369	0.06912	0.00955	0.00571	0.00162	0.00285	0.03676	0.00537	0.00550
17	0.01752	0.01013	0.01354	0.01353	0.16822	0.00999	0.00913	0.21520	0.01604	0.34391	0.11476	0.01736	0.01491	0.00629	0.00510	0.00152	0.00465	0.00528	0.00504	0.00788
18	0.01234	0.01184	0.02023	0.03059	0.79373	0.01184	0.01530	0.01530	0.01135	0.01628	0.00938	0.01234	0.00790	0.00444	0.00493	0.00148	0.00592	0.00444	0.00247	0.00790
19	0.01041	0.00893	0.01037	0.00749	0.01186	0.00686	0.00598	0.01308	0.03977	0.01642	0.00929	0.01065	0.00768	0.00381	0.00374	0.00077	0.00370	0.00306	0.00303	0.82309
20	0.01234	0.01184	0.02023	0.03059	0.79373	0.01184	0.01530	0.01530	0.01135	0.01628	0.00938	0.01234	0.00790	0.00444	0.00493	0.00148	0.00592	0.00444	0.00247	0.00790
21	0.00975	0.00932	0.01502	0.63082	0.02950	0.01203	0.01317	0.01257	0.00944	0.01257	0.00833	0.01275	0.00662	0.00583	0.00757	0.00178	0.19078	0.00441	0.00221	0.00552
22	0.01675	0.01159	0.02056	0.01510	0.01948	0.04105	0.39077	0.02001	0.02722	0.36257	0.01443	0.01493	0.00978	0.00516	0.00543	0.00160	0.00650	0.00539	0.00419	0.00749
23	0.01859	0.01406	0.01474	0.01144	0.01532	0.03710	0.00939	0.71641	0.06353	0.03032	0.01229	0.01224	0.00878	0.00600	0.00498	0.00150	0.00550	0.00451	0.00492	0.00837
24	0.00715	0.00524	0.00750	0.00750	0.00821	0.00595	0.00559	0.00857	0.00786	0.01119	0.01382	0.02218	0.01359	0.19413	0.64987	0.00738	0.01166	0.00572	0.00274	0.00417
25	0.01044	0.13236	0.69630	0.01345	0.02041	0.01266	0.01710	0.01567	0.01047	0.01525	0.00868	0.01019	0.00633	0.00467	0.00453	0.00151	0.00710	0.00355	0.00211	0.00724
26	0.00872	0.00472	0.00723	0.07674	0.00892	0.00492	0.00516	0.00704	0.00680	0.00901	0.00868	0.01499	0.00848	0.01624	0.01822	0.78064	0.00453	0.00434	0.00217	0.00246
27	0.00712	0.00534	0.00801	0.00801	0.00890	0.00623	0.00623	0.00890	0.00801	0.01157	0.01335	0.01958	0.01246	0.03738	0.80507	0.00801	0.01335	0.00534	0.00267	0.00445
28	0.01286	0.01335	0.01507	0.01279	0.01443	0.17104	0.07587	0.06089	0.11520	0.01469	0.00985	0.01260	0.00841	0.00969	0.07960	0.00236	0.35784	0.00453	0.00289	0.00605
29	0.01034	0.00886	0.01034	0.00738	0.01181	0.00664	0.00591	0.01255	0.01034	0.01624	0.00886	0.01034	0.00738	0.00369	0.00369	0.00074	0.00369	0.00295	0.00295	0.85530
30	0.01234	0.01180	0.01989	0.02982	0.76405	0.01186	0.01502	0.01572	0.04075	0.01646	0.00979	0.01257	0.00817	0.00453	0.00494	0.00149	0.00585	0.00449	0.00257	0.00790
31	0.69101	0.00989	0.00891	0.00785	0.01033	0.01200	0.00649	0.01412	0.00831	0.02030	0.00686	0.00866	0.00563	0.00544	0.00573	0.00167	0.16546	0.00303	0.00290	0.00541
32	0.00598	0.00503	0.00519	0.00526	0.00684	0.00424	0.00393	0.00727	0.01136	0.01367	0.07363	0.08735	0.71509	0.01271	0.00593	0.00171	0.00257	0.02335	0.00466	0.00422
33	0.00623	0.00448	0.00585	0.00689	0.00728	0.00419	0.00468	0.00715	0.00962	0.01272	0.02797	0.69841	0.07078	0.05826	0.00737	0.00217	0.00307	0.05431	0.00454	0.00403
34	0.01234	0.01184	0.02023	0.03059	0.79373	0.01184	0.01530	0.01530	0.01135	0.01628	0.00938	0.01234	0.00790	0.00444	0.00493	0.00148	0.00592	0.00444	0.00247	0.00790
35	0.01000	0.00945	0.01600	0.65713	0.18549	0.01123	0.01413	0.01325	0.01024	0.01344	0.00896	0.01310	0.00689	0.00488	0.00497	0.00163	0.00650	0.00443	0.00227	0.00601
36	0.01862	0.02376	0.01413	0.01284	0.01541	0.80482	0.00963	0.01990	0.01413	0.01220	0.00770	0.00899	0.00642	0.00514	0.00449	0.00128	0.00899	0.00321	0.00257	0.00578
37	0.00866	0.00433	0.00649	0.00649	0.00649	0.00433	0.00433	0.00649	0.00649	0.00866	0.00866	0.01515	0.00866	0.01732	0.01948	0.85498	0.00433	0.00433	0.00216	0.00216
38	0.00783	0.00567	0.00775	0.00879	0.00999	0.00559	0.00763	0.01003	0.01146	0.01478	0.02867	0.05545	0.10071	0.01366	0.00679	0.00224	0.00439	0.68942	0.00459	0.00455
39	0.00607	0.00434	0.00578	0.00694	0.00723	0.00405	0.00463	0.00694	0.00954	0.01272	0.02747	0.82157	0.03297	0.01562	0.00636	0.00202	0.00289	0.01417	0.00463	0.00405
40	0.01234	0.01184	0.02023	0.03059	0.79373	0.01184	0.01530	0.01530	0.01135	0.01628	0.00938	0.01234	0.00790	0.00444	0.00493	0.00148	0.00592	0.00444	0.00247	0.00790
41	0.01017	0.00984	0.01408	0.01222	0.01249	0.01342	0.02407	0.01145	0.00778	0.01198	0.00796	0.01268	0.00774	0.01435	0.17316	0.00333	0.64110	0.00458	0.00228	0.00528
42	0.00636	0.00480	0.00699	0.00766	0.00819	0.00449	0.04409	0.00740	0.00966	0.01289	0.02658	0.78021	0.03167	0.01503	0.00634	0.00201	0.00317	0.01375	0.00452	0.00419
43	0.01091	0.01091	0.01527	0.01309	0.01309	0.01527	0.01091	0.01200	0.00763	0.01200	0.00654	0.01091	0.00654	0.00872	0.01636	0.00218	0.81570	0.00436	0.00218	0.00545
44	0.00705	0.00510	0.00666	0.00627	0.00745	0.00470	0.00470	0.00941	0.01411	0.01999	0.79110	0.03723	0.04703	0.01019	0.00588	0.00157	0.00235	0.00901	0.00549	0.00470
45	0.00616	0.00448	0.00581	0.00671	0.00721	0.00413	0.00456	0.00722	0.01018	0.01355	0.10943	0.67206	0.10054	0.01479	0.00627	0.00195	0.00280	0.01331	0.00472	0.00413
46	0.01034	0.00886	0.01034	0.00738	0.01181	0.00664	0.00591	0.01255	0.01034	0.01624	0.00886	0.01034	0.00738	0.00369	0.00369	0.00074	0.00369	0.00295	0.00295	0.85530
47	0.02064	0.01125	0.01328	0.01018	0.01411	0.01144	0.00841	0.40489	0.01890	0.41004	0.01577	0.01444	0.01039	0.00608	0.00500	0.00152	0.00487	0.00475	0.00557	0.00848
48	0.00686	0.00494	0.00649	0.00640	0.00740	0.00457	0.00469	0.00892	0.01320	0.01854	0.63910	0.19336	0.04423	0.01127	0.00598	0.00166	0.00246	0.01004	0.00532	0.00457
49	0.00673	0.00508	0.00621	0.00593	0.00725	0.00457	0.00445	0.00878	0.01334	0.01817	0.58487	0.04022	0.25440	0.01087	0.00588	0.00160	0.00240	0.00943	0.00525	0.00457
50	0.00705	0.00510	0.00666	0.00627	0.00745	0.00470	0.00470	0.00941	0.01411	0.01999	0.79110	0.03723	0.04703	0.01019	0.00588	0.00157	0.00235	0.00901	0.00549	0.00470
51	0.00627	0.00449	0.00596	0.00681	0.00727	0.00418	0.00464	0.00743	0.01045	0.01417	0.17948	0.66544	0.03577	0.01454	0.00627	0.00193	0.00278	0.01314	0.00480	0.00418
52	0.00747	0.00481	0.00535	0.00535	0.00548	0.00481	0.00307	0.00772	0.00759	0.01062	0.01576	0.03111	0.01755	0.73674	0.02302	0.00444	0.00456	0.00697	0.09438	0.00320
53	0.01081	0.01181	0.02486	0.01813	0.02243	0.01105	0.62226	0.01458	0.01198	0.01623	0.09681	0.01950	0.05280	0.00566	0.00592	0.00169	0.00730	0.03687	0.00303	0.00629
54	0.01284	0.71069	0.13900	0.00936	0.01408	0.01853	0.00997	0.01505	0.01019	0.01232	0.00722	0.00836	0.00638	0.00433	0.00342	0.00114	0.00563	0.00281	0.00213	0.00654
55	0.00674	0.00494	0.00647	0.00745	0.00825	0.00467	0.00570	0.00817	0.01049	0.01361	0.03050	0.43687	0.14388	0.01452	0.00648	0.00207	0.00344	0.27688	0.00461	0.00426
56	0.01029	0.09565	0.73167	0.01371	0.02081	0.01229	0.01755	0.01571	0.01049	0.01543	0.00877	0.01030	0.00632	0.00469	0.00460	0.00153	0.00719	0.00359	0.00211	0.00728
57	0.00867	0.00443	0.00668	0.02398	0.00710	0.00448	0.00454	0.00663	0.00657	0.00875	0.00866	0.01511	0.00861	0.01705	0.01917	0.83647	0.00438	0.00433	0.00217	0.00224
58	0.01737	0.02138	0.01534	0.01638	0.17034	0.64697	0.01076	0.01899	0.01357	0.01301	0.00804	0.00966	0.00671	0.00500	0.00458	0.00132	0.00838	0.00346	0.00255	0.00620
59	0.01302	0.75443	0.09684	0.00905	0.01360	0.01898	0.00943	0.01500	0.01016	0.01210	0.00711	0.00823	0.00639	0.00431	0.00334	0.00111	0.00552	0.00276	0.00213	0.00649
60	0.01181	0.00847	0.01010	0.00783	0.01142	0.00706	0.00617	0.08123	0.01198	0.11150	0.03777	0.13381	0.01316	0.00619	0.00444	0.00112	0.00376	0.00521	0.00385	0.52311
61	0.01215	0.01391	0.06935	0.02155	0.14040	0.01259	0.57834	0.05737	0.01227	0.01685	0.01002	0.01304	0.00759	0.00436	0.00563	0.00163	0.00782	0.00547	0.00262	0.00703
62	0.00866	0.00433	0.00649	0.00649	0.00649	0.00433	0.00433	0.00649	0.00649	0.00866	0.00866	0.01515	0.00866	0.01732	0.01948	0.85498	0.00433	0.00433	0.00216	0.00216
63	0.01445	0.01199	0.01404	0.01152	0.01490	0.01340	0.07528	0.26714	0.47239	0.02382	0.01672	0.01601	0.01238	0.00629	0.00511	0.00163	0.00483	0.00529	0.00482	0.00798
64	0.01011	0.05253	0.77323	0.01402	0.02128	0.01185	0.01809	0.01576	0.01051	0.01565	0.00888	0.01044	0.00632	0.00472	0.00468	0.00156	0.00730	0.00365	0.00211	0.00733
65	0.01224	0.01174	0.02006	0.05668	0.76841	0.01182	0.01525	0.01521	0.01130	0.01617	0.00936	0.01237	0.00785	0.00446	0.00494	0.00149	0.00595	0.00444	0.00246	0.00782
66	0.01176	0.01345	0.02941	0.02101	0.02605	0.01261	0.77563	0.01597	0.01176	0.01597	0.01008	0.01345	0.00756	0.00420	0.00588	0.00168	0.00840	0.00588	0.00252	0.00672
67	0.00774	0.00565	0.00711	0.03189	0.00878	0.02464	0.00532	0.00975	0.03084	0.04590	0.36389	0.34543	0.03567	0.01295	0.03904	0.00201	0.00343	0.01039	0.00487	0.00471
68	0.01255	0.03973	0.02767	0.01974	0.02450	0.09803	0.66953	0.01636	0.01197	0.01543	0.00973	0.01280	0.00740	0.00430	0.00565	0.00162	0.00837	0.00550	0.00251	0.00661
69	0.00929	0.00465	0.00465	0.00465	0.00581	0.00465	0.00348	0.01161	0.01045	0.01858	0.01626	0.01858	0.01278	0.00581	0.00348	0.00116	0.00232	0.00465	0.85250	0.00465
70	0.01989	0.00933	0.01171	0.00910	0.01272	0.00882	0.00747	0.18992	0.01615	0.54239	0.06521	0.01858	0.05181	0.00668	0.00510	0.00154	0.00432	0.00540	0.00579	0.00805
71	0.07508	0.01004	0.01175	0.00946	0.01295	0.01025	0.00768	0.18811	0.16907	0.39345	0.01755	0.04619	0.01239	0.00650	0.00494	0.00158	0.00438	0.00521	0.00543	0.00799
72	0.00945	0.00737	0.00824	0.00792	0.00985	0.00768	0.00617	0.01567	0.30022	0.04757	0.06914	0.06986	0.23575	0.05566	0.00681	0.00196	0.00358	0.12651	0.00480	0.00576
73	0.00653	0.00507	0.00595	0.00607	0.00740	0.00452	0.00463	0.00814	0.01194	0.01538	0.25912	0.11340	0.40980	0.01238	0.00624	0.01412	0.00277	0.09734	0.00484	0.00435
74	0.01200	0.01346	0.02893	0.02069	0.02570	0.01270	0.75008	0.04135	0.01215	0.01648	0.01015	0.01340	0.00759	0.00426	0.00585	0.00167	0.00831	0.00584	0.00260	0.00678
75	0.07811	0.00978	0.01415	0.01106	0.01443	0.00972	0.15991	0.09608	0.12599	0.24213	0.16596	0.01927	0.01763	0.00651	0.00522	0.00159	0.00476	0.00583	0.00480	0.00708
76	0.00613	0.00441	0.00582	0.00693	0.00730	0.00411	0.00470	0.00705	0.00968	0.01282	0.02839	0.76590	0.06424	0.01544	0.00636	0.00202	0.00293	0.03708	0.00463	0.00407
77	0.01234	0.01184	0.02023	0.03059	0.79373	0.01184	0.01530	0.01530	0.01135	0.01628	0.00938	0.01234	0.00790	0.00444	0.00493	0.00148	0.00592	0.00444	0.00247	0.00790
78	0.01803	0.01978	0.01368	0.01201	0.01487	0.54583	0.00921	0.14089	0.08949	0.05772	0.01104	0.01155	0.02283	0.00562	0.00468	0.00138	0.00757	0.00388	0.00342	0.00652
79	0.01862	0.01069	0.01415	0.01399	0.16890	0.01064	0.00959	0.24473	0.02722	0.37173	0.01563	0.01621	0.01103	0.00609	0.00507	0.00155	0.00495	0.03601	0.00500	0.00819
80	0.00646	0.00465	0.00597	0.00691	0.00727	0.00448	0.00459	0.00778	0.04138	0.01273	0.02591	0.70348	0.03064	0.10228	0.00835	0.00231	0.00314	0.01307	0.00447	0.00410
81	0.01176	0.01345	0.02941	0.02101	0.02605	0.01261	0.77563	0.01597	0.01176	0.01597	0.01008	0.01345	0.00756	0.00420	0.00588	0.00168	0.00840	0.00588	0.00252	0.00672
82	0.26563	0.19204	0.39670	0.01070	0.01612	0.01320	0.01240	0.01526	0.00983	0.01689	0.00791	0.00926	0.00606	0.00460	0.00391	0.00146	0.00588	0.00317	0.00240	0.00657
83	0.00941	0.00886	0.01495	0.81285	0.03433	0.01107	0.01384	0.01274	0.00997	0.01274	0.00886	0.01329	0.00664	0.00498	0.00498	0.00166	0.00664	0.00443	0.00221	0.00554
84	0.01599	0.01958	0.01505	0.01308	0.01549	0.57075	0.09699	0.01750	0.01277	0.01251	0.00940	0.05521	0.00863	0.04931	0.00672	0.00162	0.06669	0.00441	0.00267	0.00562
85	0.01240	0.01071	0.01127	0.01014	0.01296	0.01240	0.00789	0.02649	0.78473	0.02085	0.02029	0.01860	0.01522	0.00676	0.00507	0.00169	0.00394	0.00564	0.00507	0.00789
86	0.00985	0.00930	0.01574	0.69633	0.14744	0.01119	0.01406	0.01312	0.01017	0.01326	0.00894	0.01315	0.00683	0.00490	0.00498	0.00163	0.00654	0.00443	0.00225	0.00589
87	0.00600	0.00462	0.00549	0.00618	0.00703	0.00411	0.00429	0.00703	0.01028	0.01302	0.03676	0.50942	0.33912	0.01441	0.00617	0.00189	0.00274	0.01270	0.00463	0.00411
88	0.01534	0.00646	0.00795	0.00667	0.00910	0.00590	0.00532	0.01748	0.01235	0.38305	0.04180	0.01840	0.01363	0.00611	0.00427	0.00135	0.00322	0.00495	0.43020	0.00644
89	0.00609	0.00455	0.00567	0.00645	0.00713	0.00413	0.00443	0.00715	0.01026	0.01337	0.08197	0.58888	0.21266	0.01456	0.00622	0.00191	0.00277	0.01298	0.00468	0.00413
90	0.01003	0.00575	0.00762	0.00678	0.00847	0.00521	0.00521	0.01230	0.01414	0.17096	0.64125	0.03330	0.04029	0.00941	0.00571	0.00156	0.00272	0.00824	0.00562	0.00544
91	0.00607	0.00435	0.00577	0.00690	0.00722	0.00405	0.00461	0.00695	0.00959	0.01274	0.02801	0.80359	0.05060	0.01555	0.00635	0.00202	0.00288	0.01409	0.00463	0.00405
92	0.00606	0.00438	0.00574	0.00684	0.00720	0.00406	0.00458	0.00695	0.00964	0.01276	0.02873	0.77938	0.07435	0.01545	0.00634	0.00201	0.00287	0.01397	0.00463	0.00406
93	0.01169	0.01321	0.02812	0.02028	0.02486	0.01285	0.70565	0.01560	0.01139	0.01560	0.00976	0.01321	0.00747	0.00462	0.00684	0.00173	0.08227	0.00574	0.00249	0.00661
94	0.01146	0.01129	0.03507	0.25065	0.56358	0.01162	0.01495	0.01459	0.01094	0.01527	0.00922	0.01257	0.00751	0.00460	0.00494	0.00153	0.00616	0.00442	0.00239	0.00722
95	0.24638	0.01100	0.01145	0.00933	0.01281	0.01199	0.00761	0.26397	0.16901	0.18657	0.01387	0.01328	0.00979	0.00581	0.00449	0.00156	0.00448	0.00434	0.00473	0.00753
96	0.01946	0.01194	0.01292	0.01021	0.01380	0.12764	0.03089	0.17656	0.01568	0.42484	0.01667	0.01558	0.04250	0.00613	0.00512	0.00148	0.01805	0.00480	0.00503	0.04072
97	0.01066	0.00921	0.01101	0.00854	0.01199	0.00855	0.00686	0.03735	0.09353	0.01635	0.01023	0.01202	0.00853	0.00717	0.06417	0.00157	0.10268	0.00363	0.00313	0.57283

[dist]
# distance from previous block
# <min> <max>
1	5

[block]
# block no. 3 follows, 50 sequences, length 32
# corresponding to MSA columns:
# 225-256
name=unknown_D
#
# <colnr> <probs for GDERKNQSTAVLIFYWHMCP>
#	G	D	E	R	K	N	Q	S	T	A	V	L	I	F	Y	W	H	M	C	P
0	0.08454	0.01004	0.01381	0.01024	0.01441	0.00903	0.12855	0.09875	0.01269	0.19249	0.01197	0.02673	0.00893	0.00486	0.00447	0.00124	0.00475	0.00422	0.00386	0.35442
1	0.53607	0.01099	0.00991	0.00832	0.01164	0.01254	0.00682	0.23713	0.08587	0.02485	0.00966	0.01021	0.00722	0.00522	0.00382	0.00154	0.00434	0.00349	0.00382	0.00653
2	0.01112	0.29539	0.53920	0.01230	0.01862	0.01431	0.01509	0.01550	0.01039	0.01442	0.00827	0.00967	0.00634	0.00458	0.00422	0.00141	0.00668	0.00334	0.00211	0.00704
3	0.01297	0.74080	0.10998	0.00914	0.01375	0.01884	0.00960	0.01502	0.01017	0.01217	0.00715	0.00827	0.00639	0.00432	0.00337	0.00112	0.00555	0.00278	0.00213	0.00650
4	0.00981	0.00554	0.00754	0.00793	0.00916	0.00516	0.00609	0.01128	0.01100	0.16732	0.02564	0.45325	0.02774	0.01325	0.00624	0.00200	0.00362	0.21743	0.00492	0.00507
5	0.00792	0.00497	0.00641	0.00690	0.00786	0.00451	0.00490	0.00907	0.01059	0.09834	0.06296	0.55863	0.14714	0.01384	0.00614	0.00191	0.00301	0.03548	0.00483	0.00460
6	0.02199	0.00908	0.01194	0.00915	0.01302	0.00821	0.00756	0.10598	0.01526	0.71409	0.01883	0.01642	0.01192	0.00615	0.00501	0.00154	0.00438	0.00496	0.00604	0.00848
7	0.01885	0.01142	0.01306	0.01031	0.01402	0.01204	0.00842	0.36902	0.16934	0.29494	0.01627	0.01500	0.01114	0.00620	0.00501	0.00155	0.00475	0.00489	0.00541	0.00836
8	0.01000	0.02578	0.79900	0.01421	0.02157	0.01158	0.01842	0.01579	0.01052	0.01579	0.00895	0.01052	0.00631	0.00474	0.00474	0.00158	0.00737	0.00368	0.00210	0.00737
9	0.00967	0.00912	0.01541	0.74417	0.10100	0.01114	0.01397	0.01296	0.01009	0.01305	0.00890	0.01321	0.00675	0.00494	0.00498	0.00165	0.00658	0.00443	0.00224	0.00574
10	0.09349	0.00831	0.01059	0.00851	0.01183	0.00764	0.00689	0.05956	0.01371	0.58088	0.04287	0.10387	0.01484	0.00717	0.00502	0.00159	0.00407	0.00590	0.00565	0.00761
11	0.02108	0.01000	0.01244	0.00960	0.01345	0.00965	0.00791	0.22110	0.04710	0.56641	0.01768	0.01572	0.01144	0.00614	0.00501	0.00154	0.00455	0.00490	0.00582	0.00846
12	0.01632	0.01188	0.01591	0.01214	0.01580	0.01248	0.14268	0.39962	0.01774	0.14261	0.01667	0.01683	0.09378	0.00658	0.00592	0.00160	0.05391	0.00546	0.00453	0.00753
13	0.00607	0.00434	0.00578	0.00694	0.00723	0.00405	0.00463	0.00694	0.00954	0.01272	0.02747	0.82157	0.03297	0.01562	0.00636	0.00202	0.00289	0.01417	0.00463	0.00405
14	0.01543	0.01003	0.01136	0.00976	0.01289	0.01085	0.00772	0.02582	0.55025	0.25712	0.02010	0.01810	0.01434	0.00658	0.00505	0.00165	0.00404	0.00545	0.00541	0.00807
15	0.01735	0.01630	0.01367	0.01153	0.01475	0.28050	0.00907	0.31527	0.20559	0.04641	0.01280	0.01274	0.00955	0.00589	0.00484	0.00147	0.00625	0.00435	0.00423	0.00742
16	0.01873	0.01175	0.01250	0.01179	0.09751	0.17260	0.00840	0.02097	0.03533	0.45500	0.05682	0.01723	0.04602	0.00627	0.00498	0.00149	0.00523	0.00504	0.00489	0.00747
17	0.00929	0.00465	0.00465	0.00465	0.00581	0.00465	0.00348	0.01161	0.01045	0.01858	0.01626	0.01858	0.01278	0.00581	0.00348	0.00116	0.00232	0.00465	0.85250	0.00465
18	0.36943	0.29373	0.16905	0.00888	0.01324	0.01422	0.00915	0.03221	0.00988	0.03120	0.00766	0.00878	0.00611	0.00458	0.00352	0.00138	0.00509	0.00296	0.00266	0.00625
19	0.00589	0.00505	0.00505	0.00505	0.00673	0.00421	0.00379	0.00715	0.01136	0.01347	0.05049	0.04797	0.79171	0.01262	0.00589	0.00168	0.00252	0.01052	0.00463	0.00421
20	0.01695	0.02004	0.01338	0.01202	0.01474	0.57730	0.00911	0.04235	0.19004	0.01483	0.01073	0.01131	0.00851	0.00549	0.00462	0.00137	0.00758	0.00379	0.00322	0.03262
21	0.01824	0.01171	0.01475	0.01138	0.01523	0.02608	0.09160	0.33006	0.10597	0.27961	0.01603	0.01528	0.02792	0.00607	0.00511	0.00155	0.00521	0.00506	0.00507	0.00808
22	0.01234	0.01184	0.02023	0.03059	0.79373	0.01184	0.01530	0.01530	0.01135	0.01628	0.00938	0.01234	0.00790	0.00444	0.00493	0.00148	0.00592	0.00444	0.00247	0.00790
23	0.00908	0.00767	0.01072	0.01068	0.01221	0.04903	0.08049	0.01144	0.01145	0.01473	0.02290	0.04749	0.02444	0.01217	0.00713	0.00218	0.04487	0.61225	0.00417	0.00490
24	0.00605	0.00441	0.00570	0.00674	0.00718	0.00407	0.00454	0.00696	0.00974	0.01280	0.02997	0.73763	0.11530	0.01529	0.00631	0.00199	0.00285	0.01377	0.00463	0.00407
25	0.00724	0.00488	0.00570	0.00570	0.00579	0.00497	0.00335	0.00742	0.00733	0.00986	0.01547	0.03129	0.01755	0.74473	0.10468	0.00516	0.00570	0.00705	0.00298	0.00317
26	0.00652	0.00507	0.00592	0.00571	0.00712	0.00447	0.00428	0.00837	0.01284	0.01698	0.44975	0.04218	0.39026	0.01131	0.00588	0.00162	0.00243	0.00971	0.00509	0.00447
27	0.00607	0.00434	0.00578	0.00694	0.00723	0.00405	0.00463	0.00694	0.00954	0.01272	0.02747	0.82157	0.03297	0.01562	0.00636	0.00202	0.00289	0.01417	0.00463	0.00405
28	0.01066	0.00891	0.01039	0.00750	0.01187	0.00684	0.00600	0.01325	0.03506	0.03331	0.00946	0.01074	0.00774	0.00384	0.00376	0.00079	0.00371	0.00308	0.00309	0.80999
29	0.00983	0.00930	0.01343	0.01167	0.01219	0.01217	0.03957	0.01136	0.00897	0.01340	0.12070	0.01811	0.01419	0.01213	0.09953	0.00271	0.53759	0.04509	0.00285	0.00524
30	0.01544	0.01636	0.01248	0.01106	0.01383	0.35867	0.00851	0.12413	0.27612	0.01786	0.01630	0.01607	0.07863	0.00646	0.00488	0.00149	0.00624	0.00485	0.00393	0.00672
31	0.01162	0.41582	0.42315	0.01145	0.01730	0.01554	0.01361	0.01537	0.01033	0.01381	0.00796	0.00929	0.00635	0.00451	0.00399	0.00133	0.00638	0.00319	0.00212	0.00689

[dist]
# distance from previous block
# <min> <max>
0	1

[block]
# block no. 4 follows, 50 sequences, length 31
# corresponding to MSA columns:
# 258-288
name=unknown_E
#
# <colnr> <probs for GDERKNQSTAVLIFYWHMCP>
#	G	D	E	R	K	N	Q	S	T	A	V	L	I	F	Y	W	H	M	C	P
0	0.01157	0.01202	0.01517	0.01306	0.01329	0.08368	0.01079	0.01268	0.00820	0.01201	0.00664	0.01074	0.00653	0.00841	0.01533	0.00210	0.74580	0.00426	0.00221	0.00548
1	0.00607	0.00434	0.00578	0.00694	0.00723	0.00405	0.00463	0.00694	0.00954	0.01272	0.02747	0.82157	0.03297	0.01562	0.00636	0.00202	0.00289	0.01417	0.00463	0.00405
2	0.00896	0.00721	0.00976	0.00956	0.01133	0.00741	0.06004	0.02686	0.16961	0.01628	0.04638	0.12262	0.09117	0.01154	0.00624	0.00201	0.00432	0.37872	0.00458	0.00539
3	0.86003	0.00964	0.00733	0.00655	0.00964	0.01118	0.00540	0.01465	0.00848	0.02236	0.00694	0.00810	0.00540	0.00463	0.00308	0.00154	0.00386	0.00270	0.00308	0.00540
4	0.00829	0.00693	0.01043	0.00957	0.01044	0.00850	0.04001	0.01004	0.00820	0.01220	0.01179	0.01728	0.01091	0.02786	0.55110	0.00607	0.19681	0.00511	0.04368	0.00479
5	0.01177	0.00827	0.00913	0.00813	0.01069	0.00858	0.00634	0.01918	0.37211	0.15028	0.06744	0.02850	0.26137	0.00868	0.00536	0.00166	0.00347	0.00724	0.00514	0.00667
6	0.00677	0.00493	0.00647	0.00696	0.00760	0.00468	0.01886	0.00788	0.00992	0.01313	0.09269	0.39466	0.09723	0.18764	0.01041	0.00259	0.00357	0.11567	0.00431	0.00402
7	0.00941	0.00886	0.01495	0.81285	0.03433	0.01107	0.01384	0.01274	0.00997	0.01274	0.00886	0.01329	0.00664	0.00498	0.00498	0.00166	0.00664	0.00443	0.00221	0.00554
8	0.00607	0.00434	0.00578	0.00694	0.00723	0.00405	0.00463	0.00694	0.00954	0.01272	0.02747	0.82157	0.03297	0.01562	0.00636	0.00202	0.00289	0.01417	0.00463	0.00405
9	0.01048	0.02242	0.58947	0.01606	0.02279	0.01186	0.22458	0.01583	0.01086	0.01583	0.00926	0.01132	0.00665	0.00459	0.00505	0.00161	0.00765	0.00428	0.00222	0.00719
10	0.01918	0.01358	0.01473	0.01129	0.01527	0.01490	0.00933	0.72531	0.02280	0.08410	0.01250	0.01231	0.00874	0.00600	0.00499	0.00150	0.00540	0.00452	0.00507	0.00848
11	0.06610	0.00854	0.01135	0.00875	0.01256	0.00753	0.00723	0.02379	0.01396	0.75673	0.01900	0.01650	0.01198	0.00609	0.00491	0.00154	0.00422	0.00489	0.00601	0.00832
12	0.00725	0.00483	0.00544	0.00544	0.00544	0.00483	0.00302	0.00725	0.00725	0.00966	0.01571	0.03262	0.01812	0.82483	0.02537	0.00483	0.00483	0.00725	0.00302	0.00302
13	0.00616	0.00439	0.00581	0.00686	0.00718	0.00411	0.00458	0.00707	0.00969	0.01297	0.06444	0.75609	0.03315	0.04315	0.00699	0.00210	0.00293	0.01368	0.00461	0.00405
14	0.01166	0.42697	0.41240	0.01137	0.01718	0.01565	0.01347	0.01536	0.01033	0.01376	0.00794	0.00926	0.00636	0.00450	0.00397	0.00132	0.00635	0.00317	0.00212	0.00688
15	0.00735	0.00551	0.00814	0.00879	0.00976	0.00534	0.04658	0.00911	0.01063	0.01399	0.02602	0.39655	0.02950	0.01410	0.00660	0.00214	0.00403	0.38690	0.00450	0.00446
16	0.02161	0.00922	0.01197	0.00922	0.01306	0.00848	0.00760	0.11494	0.04184	0.67838	0.01876	0.01642	0.01197	0.00617	0.00501	0.00154	0.00438	0.00497	0.00599	0.00846
17	0.01176	0.01345	0.02941	0.02101	0.02605	0.01261	0.77563	0.01597	0.01176	0.01597	0.01008	0.01345	0.00756	0.00420	0.00588	0.00168	0.00840	0.00588	0.00252	0.00672
18	0.01881	0.01348	0.01458	0.01125	0.01517	0.01484	0.00927	0.69588	0.06163	0.07467	0.01283	0.01259	0.00904	0.00603	0.00499	0.00151	0.00534	0.00458	0.00506	0.00845
19	0.00724	0.00522	0.00742	0.00742	0.00816	0.00592	0.00555	0.00873	0.00798	0.01154	0.01389	0.02182	0.01347	0.17410	0.63415	0.00716	0.01139	0.00565	0.03901	0.00421
20	0.00712	0.00534	0.00801	0.00801	0.00890	0.00623	0.00623	0.00890	0.00801	0.01157	0.01335	0.01958	0.01246	0.03738	0.80507	0.00801	0.01335	0.00534	0.00267	0.00445
21	0.01629	0.00859	0.01033	0.00861	0.01175	0.00840	0.00689	0.02199	0.25982	0.41184	0.02527	0.02292	0.14991	0.00749	0.00519	0.00161	0.00385	0.00618	0.00555	0.00754
22	0.08242	0.00856	0.01568	0.01272	0.01521	0.00820	0.32323	0.01134	0.01037	0.01490	0.01851	0.41721	0.02008	0.00995	0.00588	0.00184	0.00525	0.00975	0.00362	0.00527
23	0.00841	0.00607	0.00815	0.00901	0.01028	0.00609	0.00775	0.05005	0.01200	0.01560	0.02672	0.09249	0.06042	0.01341	0.00672	0.00221	0.00446	0.65079	0.00461	0.00475
24	0.01372	0.01004	0.01146	0.01005	0.01262	0.01081	0.00823	0.43331	0.01774	0.02365	0.01861	0.16597	0.01827	0.00979	0.00574	0.00181	0.00479	0.21193	0.00482	0.00664
25	0.01234	0.01184	0.02023	0.03059	0.79373	0.01184	0.01530	0.01530	0.01135	0.01628	0.00938	0.01234	0.00790	0.00444	0.00493	0.00148	0.00592	0.00444	0.00247	0.00790
26	0.01180	0.01259	0.01953	0.41560	0.02833	0.12088	0.26027	0.04368	0.01163	0.01442	0.00922	0.01270	0.00698	0.00479	0.00521	0.00161	0.00749	0.00474	0.00247	0.00607
27	0.00618	0.00510	0.00567	0.00565	0.00716	0.00459	0.00428	0.00761	0.01095	0.01356	0.09234	0.04229	0.60646	0.01681	0.14601	0.00279	0.00441	0.00951	0.00434	0.00428
28	0.00941	0.00886	0.01495	0.81285	0.03433	0.01107	0.01384	0.01274	0.00997	0.01274	0.00886	0.01329	0.00664	0.00498	0.00498	0.00166	0.00664	0.00443	0.00221	0.00554
29	0.05668	0.01190	0.01105	0.00983	0.01233	0.16501	0.00764	0.18264	0.10940	0.12201	0.01724	0.20085	0.01594	0.00849	0.00522	0.00165	0.00509	0.04603	0.00448	0.00651
30	0.01091	0.01091	0.01527	0.01309	0.01309	0.01527	0.01091	0.01200	0.00763	0.01200	0.00654	0.01091	0.00654	0.00872	0.01636	0.00218	0.81570	0.00436	0.00218	0.00545

[dist]
# distance from previous block
# <min> <max>
0	2

[block]
# block no. 5 follows, 50 sequences, length 39
# corresponding to MSA columns:
# 291-329
name=unknown_F
#
# <colnr> <probs for GDERKNQSTAVLIFYWHMCP>
#	G	D	E	R	K	N	Q	S	T	A	V	L	I	F	Y	W	H	M	C	P
0	0.01172	0.01331	0.02866	0.02059	0.02536	0.01275	0.73501	0.01576	0.01155	0.01576	0.00990	0.01331	0.00751	0.00444	0.00644	0.00171	0.05128	0.00580	0.00250	0.00666
1	0.00712	0.00539	0.00669	0.00747	0.00818	0.00543	0.00517	0.01018	0.13801	0.01407	0.02628	0.68851	0.03003	0.01415	0.00615	0.00197	0.00307	0.01276	0.00470	0.00469
2	0.01383	0.01193	0.01204	0.01051	0.01351	0.05392	0.00825	0.15357	0.61561	0.02220	0.01822	0.01697	0.01362	0.00655	0.00503	0.00164	0.00447	0.00532	0.00493	0.00788
3	0.01785	0.20414	0.05215	0.00943	0.01339	0.01205	0.00842	0.18509	0.01510	0.35405	0.06761	0.01485	0.01220	0.00589	0.00462	0.00142	0.00479	0.00456	0.00472	0.00768
4	0.03909	0.01052	0.01337	0.01026	0.01414	0.04641	0.05811	0.15725	0.01560	0.55632	0.01683	0.01528	0.01091	0.00593	0.00500	0.00153	0.00495	0.00484	0.00548	0.00817
5	0.01091	0.01091	0.01527	0.01309	0.01309	0.01527	0.01091	0.01200	0.00763	0.01200	0.00654	0.01091	0.00654	0.00872	0.01636	0.00218	0.81570	0.00436	0.00218	0.00545
6	0.01148	0.00969	0.01286	0.01168	0.04981	0.01043	0.10362	0.02053	0.45262	0.05376	0.06215	0.14493	0.01833	0.00789	0.00541	0.00172	0.00435	0.00711	0.00463	0.00699
7	0.01194	0.01043	0.05210	0.00973	0.01249	0.01068	0.00804	0.12549	0.41934	0.03485	0.10256	0.06704	0.03858	0.00809	0.00536	0.00171	0.00413	0.06549	0.00489	0.00705
8	0.00607	0.00434	0.00578	0.00694	0.00723	0.00405	0.00463	0.00694	0.00954	0.01272	0.02747	0.82157	0.03297	0.01562	0.00636	0.00202	0.00289	0.01417	0.00463	0.00405
9	0.01234	0.01184	0.02023	0.03059	0.79373	0.01184	0.01530	0.01530	0.01135	0.01628	0.00938	0.01234	0.00790	0.00444	0.00493	0.00148	0.00592	0.00444	0.00247	0.00790
10	0.00608	0.00506	0.00532	0.00525	0.00685	0.00429	0.00394	0.00753	0.01182	0.01455	0.17323	0.04619	0.66830	0.01222	0.00589	0.00166	0.00250	0.01027	0.00477	0.00429
11	0.00941	0.00886	0.01495	0.81285	0.03433	0.01107	0.01384	0.01274	0.00997	0.01274	0.00886	0.01329	0.00664	0.00498	0.00498	0.00166	0.00664	0.00443	0.00221	0.00554
12	0.01091	0.01091	0.01527	0.01309	0.01309	0.01527	0.01091	0.01200	0.00763	0.01200	0.00654	0.01091	0.00654	0.00872	0.01636	0.00218	0.81570	0.00436	0.00218	0.00545
13	0.01150	0.01302	0.02831	0.02035	0.02517	0.01221	0.73966	0.01555	0.01166	0.01582	0.01090	0.05115	0.00875	0.00473	0.00590	0.00170	0.00815	0.00627	0.00262	0.00660
14	0.00724	0.00485	0.00554	0.00554	0.00558	0.00489	0.00315	0.00732	0.00728	0.00974	0.01561	0.03208	0.01789	0.79239	0.05749	0.00496	0.00518	0.00717	0.00301	0.00308
15	0.01234	0.01184	0.02023	0.03059	0.79373	0.01184	0.01530	0.01530	0.01135	0.01628	0.00938	0.01234	0.00790	0.00444	0.00493	0.00148	0.00592	0.00444	0.00247	0.00790
16	0.00640	0.00457	0.00616	0.00731	0.00774	0.00433	0.00519	0.00750	0.00986	0.01309	0.02729	0.69474	0.03226	0.01531	0.00645	0.00207	0.00317	0.13780	0.00462	0.00414
17	0.76403	0.00951	0.00781	0.00682	0.00999	0.01074	0.00562	0.01576	0.00915	0.11117	0.00840	0.00911	0.00619	0.00480	0.00331	0.00154	0.00390	0.00296	0.00344	0.00575
18	0.00724	0.00486	0.00556	0.00556	0.00560	0.00490	0.00318	0.00733	0.00729	0.00976	0.01559	0.03199	0.01785	0.78667	0.06315	0.00499	0.00525	0.00716	0.00300	0.00309
19	0.00654	0.00505	0.00603	0.00590	0.00722	0.00455	0.00441	0.00834	0.01244	0.01652	0.41001	0.08125	0.34671	0.01289	0.04803	0.00198	0.00303	0.00970	0.00495	0.00445
20	0.01986	0.01001	0.01206	0.00935	0.01298	0.00989	0.00769	0.28561	0.01708	0.45206	0.01664	0.01538	0.01104	0.00607	0.00485	0.00149	0.00448	0.00479	0.09056	0.00810
21	0.01000	0.02578	0.79900	0.01421	0.02157	0.01158	0.01842	0.01579	0.01052	0.01579	0.00895	0.01052	0.00631	0.00474	0.00474	0.00158	0.00737	0.00368	0.00210	0.00737
22	0.00669	0.00496	0.00638	0.00729	0.00816	0.00465	0.00559	0.00812	0.01058	0.01362	0.03206	0.39810	0.19460	0.01435	0.00644	0.00204	0.00338	0.26409	0.00461	0.00426
23	0.01024	0.00970	0.01645	0.59124	0.24947	0.01129	0.01425	0.01346	0.01036	0.01374	0.00901	0.01302	0.00700	0.00483	0.00497	0.00161	0.00644	0.00443	0.00229	0.00621
24	0.00927	0.00951	0.01907	0.01477	0.01781	0.00888	0.43927	0.01204	0.01089	0.01459	0.01888	0.32518	0.05864	0.00902	0.00607	0.00181	0.00598	0.00931	0.00344	0.00556
25	0.01320	0.79669	0.05612	0.00875	0.01313	0.01941	0.00891	0.01496	0.01014	0.01188	0.00701	0.00809	0.00639	0.00428	0.00326	0.00109	0.00541	0.00270	0.00213	0.00643
26	0.00850	0.00729	0.01238	0.01013	0.01163	0.00704	0.22225	0.00986	0.00888	0.01190	0.01533	0.07198	0.01651	0.50493	0.01783	0.00365	0.00572	0.04693	0.00305	0.00421
27	0.01728	0.01344	0.01391	0.01093	0.01464	0.05566	0.00888	0.59904	0.06246	0.02773	0.01267	0.04981	0.00979	0.00625	0.00492	0.00146	0.00532	0.00481	0.00468	0.07631
28	0.01385	0.01388	0.01184	0.01058	0.01338	0.21665	0.00815	0.04228	0.50820	0.01843	0.01749	0.01671	0.04097	0.00642	0.00490	0.00154	0.00522	0.00506	0.00432	0.04012
29	0.14163	0.00865	0.01096	0.00854	0.01228	0.00787	0.00705	0.02292	0.01344	0.68687	0.01785	0.01570	0.01135	0.00595	0.00474	0.00154	0.00419	0.00468	0.00573	0.00804
30	0.00791	0.00727	0.01339	0.01147	0.01329	0.00680	0.25289	0.00985	0.01026	0.01377	0.02187	0.56135	0.02479	0.01194	0.00621	0.00191	0.00467	0.01150	0.00395	0.00491
31	0.01164	0.01114	0.01898	0.21571	0.61403	0.01166	0.01495	0.01469	0.01102	0.01544	0.00925	0.01256	0.00760	0.00457	0.00495	0.00152	0.00609	0.00444	0.00241	0.00734
32	0.01053	0.01035	0.01454	0.01258	0.01267	0.01436	0.01044	0.01169	0.00767	0.01195	0.00723	0.01177	0.00714	0.01160	0.09539	0.00277	0.73530	0.00446	0.00223	0.00535
33	0.00712	0.00533	0.00795	0.00795	0.00881	0.00620	0.00615	0.00886	0.00799	0.01152	0.01341	0.01991	0.01260	0.05718	0.78547	0.00793	0.01314	0.00539	0.00268	0.00441
34	0.00992	0.00814	0.01034	0.23594	0.01651	0.00941	0.00801	0.02838	0.27437	0.01526	0.01521	0.02076	0.01322	0.22555	0.04143	0.00273	0.00525	0.00564	0.04829	0.00563
35	0.01176	0.01345	0.02941	0.02101	0.02605	0.01261	0.77563	0.01597	0.01176	0.01597	0.01008	0.01345	0.00756	0.00420	0.00588	0.00168	0.00840	0.00588	0.00252	0.00672
36	0.01904	0.00992	0.01198	0.00961	0.01320	0.00996	0.00780	0.13615	0.23389	0.46410	0.01870	0.01669	0.01258	0.00631	0.00503	0.00158	0.00434	0.00511	0.00568	0.00831
37	0.00712	0.00534	0.00801	0.00801	0.00890	0.00623	0.00623	0.00890	0.00801	0.01157	0.01335	0.01958	0.01246	0.03738	0.80507	0.00801	0.01335	0.00534	0.00267	0.00445
38	0.11151	0.01015	0.05259	0.00924	0.01296	0.00933	0.00787	0.03641	0.19752	0.47202	0.01771	0.01595	0.01188	0.00606	0.00480	0.00158	0.00431	0.00483	0.00533	0.00794

[dist]
# distance from previous block
# <min> <max>
0	1

[block]
# block no. 6 follows, 50 sequences, length 24
# corresponding to MSA columns:
# 331-354
name=unknown_G
#
# <colnr> <probs for GDERKNQSTAVLIFYWHMCP>
#	G	D	E	R	K	N	Q	S	T	A	V	L	I	F	Y	W	H	M	C	P
0	0.01399	0.01542	0.01106	0.01020	0.01206	0.40769	0.00746	0.01722	0.15621	0.01305	0.01204	0.01657	0.01092	0.18043	0.04327	0.05223	0.00708	0.00467	0.00311	0.00533
1	0.00607	0.00434	0.00578	0.00694	0.00723	0.00405	0.00463	0.00694	0.00954	0.01272	0.02747	0.82157	0.03297	0.01562	0.00636	0.00202	0.00289	0.01417	0.00463	0.00405
