[name]
unknown

[dist]
# distance from previous block
# <min> <max>
0	263

[block]
# block no. 0 follows, 50 sequences, length 17
# corresponding to MSA columns:
# 316-332
name=unknown_A
#
# <colnr> <probs for GDERKNQSTAVLIFYWHMCP>
#	G	D	E	R	K	N	Q	S	T	A	V	L	I	F	Y	W	H	M	C	P
0	0.01230	0.31391	0.23010	0.01026	0.01483	0.01280	0.03392	0.01530	0.01125	0.10529	0.08621	0.01624	0.01265	0.00583	0.00445	0.00140	0.00543	0.05770	0.00314	0.04697
1	0.05021	0.28593	0.19047	0.01016	0.01453	0.03222	0.01024	0.08861	0.08709	0.10089	0.02648	0.03781	0.00983	0.00644	0.02735	0.00160	0.00566	0.00418	0.00333	0.00696
2	0.01297	0.27646	0.29239	0.01268	0.01782	0.11410	0.10696	0.01689	0.04644	0.04601	0.00924	0.01052	0.00716	0.00472	0.00439	0.00140	0.00677	0.00372	0.00252	0.00685
3	0.02695	0.00928	0.06556	0.00979	0.05764	0.00854	0.00752	0.14458	0.11220	0.05343	0.11379	0.21309	0.05311	0.00895	0.00527	0.00163	0.00393	0.00769	0.07667	0.02039
4	0.04962	0.01469	0.18891	0.01337	0.01801	0.05707	0.21198	0.01881	0.10187	0.19154	0.04075	0.01443	0.01049	0.00532	0.00505	0.00156	0.00616	0.00488	0.00369	0.04180
5	0.01137	0.01072	0.01773	0.07430	0.58075	0.01086	0.03114	0.01479	0.05238	0.01611	0.03358	0.03765	0.05361	0.00575	0.00514	0.00156	0.00552	0.02691	0.00291	0.00724
6	0.01128	0.01104	0.01976	0.15708	0.48085	0.01124	0.13952	0.01434	0.01105	0.01537	0.01079	0.07472	0.00956	0.00535	0.00521	0.00159	0.00622	0.00542	0.00260	0.00702
7	0.00866	0.00433	0.00649	0.00649	0.00649	0.00433	0.00433	0.00649	0.00649	0.00866	0.00866	0.01515	0.00866	0.01732	0.01948	0.85498	0.00433	0.00433	0.00216	0.00216
8	0.00716	0.00518	0.00721	0.00721	0.00783	0.00580	0.00524	0.00839	0.00777	0.01098	0.01408	0.02362	0.01421	0.28117	0.56369	0.00703	0.01071	0.00593	0.00278	0.00401
9	0.01181	0.07478	0.24144	0.01675	0.13750	0.10485	0.15699	0.01548	0.02838	0.01470	0.00989	0.04555	0.00834	0.00648	0.03070	0.00179	0.08073	0.00468	0.00249	0.00668
10	0.00891	0.00911	0.06567	0.04251	0.01148	0.04232	0.00769	0.01115	0.01180	0.01662	0.39241	0.02574	0.06957	0.00866	0.00785	0.00164	0.18343	0.00677	0.00400	0.07267
11	0.00810	0.00652	0.00878	0.00821	0.00858	0.00785	0.00612	0.00910	0.00807	0.01158	0.06771	0.02341	0.01550	0.31370	0.27040	0.00496	0.20827	0.00605	0.00288	0.00420
12	0.01201	0.11130	0.24178	0.01213	0.07069	0.01176	0.01131	0.04786	0.13391	0.05382	0.01102	0.01198	0.00847	0.00509	0.00506	0.00137	0.04994	0.00390	0.00311	0.19350
13	0.09503	0.17320	0.17010	0.01356	0.07209	0.01304	0.14514	0.10543	0.01237	0.07587	0.01058	0.01327	0.00838	0.00518	0.00462	0.00148	0.00602	0.04025	0.00309	0.03130
14	0.00740	0.00558	0.00806	0.00794	0.00871	0.00655	0.00610	0.00898	0.00798	0.01160	0.01329	0.02036	0.01270	0.11222	0.66300	0.00719	0.05637	0.00545	0.02615	0.00437
15	0.01516	0.01705	0.01258	0.01049	0.01390	0.43288	0.00806	0.05282	0.01298	0.01481	0.00839	0.00969	0.00692	0.00457	0.00418	0.00107	0.00660	0.00316	0.00284	0.36183
16	0.01442	0.01066	0.01181	0.03101	0.01330	0.01172	0.00797	0.38546	0.18607	0.04802	0.01721	0.17535	0.01508	0.00805	0.00522	0.00164	0.00450	0.00669	0.03861	0.00724

[dist]
# distance from previous block
# <min> <max>
0	2

[block]
# block no. 1 follows, 50 sequences, length 123
# corresponding to MSA columns:
# 337-349,351-460
name=unknown_B
#
# <colnr> <probs for GDERKNQSTAVLIFYWHMCP>
#	G	D	E	R	K	N	Q	S	T	A	V	L	I	F	Y	W	H	M	C	P
0	0.42867	0.22678	0.10631	0.00848	0.01241	0.05310	0.00812	0.01589	0.00990	0.07994	0.00822	0.00911	0.00637	0.00469	0.00353	0.00141	0.00495	0.00302	0.00294	0.00616
1	0.01034	0.09706	0.71015	0.01388	0.02091	0.01233	0.03707	0.01571	0.01052	0.01543	0.00879	0.01037	0.00635	0.00468	0.00463	0.00154	0.00721	0.00365	0.00212	0.00726
2	0.00709	0.00535	0.00685	0.03885	0.00877	0.00499	0.00523	0.00891	0.01190	0.01615	0.35515	0.16052	0.15416	0.06353	0.00718	0.00191	0.00310	0.09126	0.00471	0.04439
3	0.00779	0.03084	0.20721	0.00975	0.05059	0.00690	0.00872	0.01041	0.01110	0.01547	0.20986	0.32728	0.06341	0.01056	0.00566	0.00173	0.00408	0.00931	0.00403	0.00531
4	0.01221	0.55786	0.28627	0.01044	0.01575	0.01698	0.01186	0.01521	0.01026	0.01309	0.00761	0.00885	0.00637	0.00442	0.00372	0.00124	0.00602	0.00301	0.00212	0.00672
5	0.00749	0.00535	0.00741	0.00856	0.00947	0.00527	0.00709	0.00939	0.01094	0.01431	0.02669	0.26743	0.02987	0.01428	0.00674	0.00222	0.00412	0.55431	0.00460	0.00444
6	0.01273	0.01197	0.01992	0.02947	0.74800	0.01206	0.01496	0.06006	0.01206	0.01717	0.00953	0.01231	0.00793	0.00453	0.00494	0.00148	0.00590	0.00444	0.00262	0.00793
7	0.01254	0.42502	0.31431	0.01099	0.01634	0.01546	0.02689	0.01636	0.04693	0.05991	0.00912	0.01007	0.00715	0.00467	0.00402	0.00133	0.00602	0.00339	0.00250	0.00696
8	0.03896	0.01500	0.05993	0.01120	0.01505	0.20074	0.03704	0.24477	0.01627	0.24360	0.01260	0.01247	0.00879	0.00553	0.00477	0.00143	0.00604	0.00420	0.00432	0.05728
9	0.01034	0.09348	0.70829	0.01395	0.02097	0.01230	0.04226	0.01572	0.01053	0.01545	0.00881	0.01040	0.00636	0.00468	0.00464	0.00154	0.00723	0.00367	0.00212	0.00726
10	0.00831	0.00816	0.01459	0.01148	0.01418	0.00745	0.29747	0.01074	0.01151	0.01496	0.11481	0.12300	0.30169	0.03058	0.00645	0.00179	0.00484	0.00893	0.00388	0.00517
11	0.01278	0.00870	0.04702	0.00937	0.01175	0.04698	0.04171	0.01563	0.07018	0.24616	0.02232	0.25444	0.03869	0.01021	0.00575	0.00182	0.00443	0.14113	0.00479	0.00611
12	0.01012	0.02502	0.75936	0.01400	0.02114	0.01162	0.01789	0.01632	0.04948	0.01604	0.00952	0.01093	0.00676	0.00484	0.00475	0.00158	0.00719	0.00378	0.00225	0.00739
13	0.00607	0.00434	0.00578	0.00694	0.00723	0.00405	0.00463	0.00694	0.00954	0.01272	0.02747	0.82157	0.03297	0.01562	0.00636	0.00202	0.00289	0.01417	0.00463	0.00405
14	0.00933	0.00791	0.01190	0.27148	0.04137	0.00925	0.04752	0.01287	0.09120	0.01386	0.01245	0.01772	0.01076	0.10851	0.16148	0.00323	0.06401	0.00516	0.09466	0.00531
15	0.05909	0.01715	0.01507	0.11693	0.18289	0.39231	0.01104	0.07219	0.05866	0.01554	0.00921	0.01097	0.00737	0.00510	0.00465	0.00143	0.00723	0.00383	0.00285	0.00650
16	0.00645	0.00497	0.00594	0.00651	0.00743	0.00463	0.00457	0.00831	0.05593	0.01388	0.08178	0.49127	0.26237	0.01385	0.00611	0.00187	0.00281	0.01224	0.00471	0.00436
17	0.00961	0.00495	0.00498	0.00487	0.00612	0.00500	0.00368	0.03657	0.01088	0.01900	0.01612	0.01837	0.01264	0.00581	0.00353	0.00117	0.00243	0.00464	0.82486	0.00477
18	0.01066	0.01037	0.01830	0.46210	0.29127	0.01150	0.09626	0.01395	0.01063	0.01429	0.00917	0.01298	0.00717	0.00472	0.00506	0.00160	0.00659	0.00459	0.00233	0.00647
19	0.01783	0.01357	0.01238	0.01027	0.01342	0.21655	0.00814	0.22541	0.05468	0.24158	0.06819	0.03295	0.04927	0.00665	0.00500	0.00149	0.00556	0.00515	0.00471	0.00720
20	0.01959	0.01051	0.01238	0.00960	0.01325	0.01063	0.00789	0.35313	0.01792	0.38569	0.01596	0.01493	0.01069	0.00605	0.00485	0.00148	0.00460	0.00475	0.08799	0.00811
21	0.00722	0.00494	0.00597	0.00597	0.00616	0.00512	0.00369	0.00759	0.00741	0.01006	0.01521	0.02990	0.01694	0.66072	0.18787	0.00549	0.00661	0.00685	0.00295	0.00332
22	0.01114	0.19704	0.59437	0.01292	0.01939	0.05323	0.01586	0.01581	0.01062	0.01474	0.00845	0.00991	0.00634	0.00466	0.00440	0.00145	0.00701	0.00344	0.00213	0.00708
23	0.01747	0.01054	0.05439	0.01239	0.06096	0.00922	0.13234	0.07518	0.04457	0.43251	0.08331	0.01726	0.01385	0.00604	0.00521	0.00157	0.00508	0.00539	0.00497	0.00776
24	0.01062	0.04941	0.72949	0.01387	0.02095	0.01205	0.01759	0.06049	0.01127	0.01658	0.00906	0.01053	0.00644	0.00479	0.00470	0.00156	0.00719	0.00370	0.00227	0.00740
25	0.01077	0.00870	0.01243	0.01667	0.33356	0.02712	0.00953	0.04825	0.01154	0.01696	0.01579	0.02157	0.05151	0.00840	0.05181	0.00188	0.00505	0.09645	0.24586	0.00616
26	0.01210	0.01180	0.06007	0.27932	0.02125	0.05824	0.04912	0.16562	0.09341	0.01806	0.03570	0.05240	0.02906	0.00614	0.00525	0.00156	0.02283	0.00515	0.00341	0.06952
27	0.01414	0.01008	0.01130	0.01036	0.05154	0.02964	0.00774	0.10416	0.37036	0.16842	0.05657	0.02136	0.10764	0.00726	0.00516	0.00161	0.00415	0.00601	0.00505	0.00743
28	0.00765	0.00596	0.00826	0.23763	0.01413	0.00654	0.00646	0.00883	0.00857	0.01119	0.01711	0.12115	0.06188	0.42308	0.03842	0.00349	0.00523	0.00740	0.00306	0.00398
29	0.01327	0.01409	0.05146	0.03089	0.14665	0.21525	0.07380	0.12534	0.01359	0.01666	0.01421	0.11709	0.01377	0.00767	0.00538	0.00165	0.00636	0.12317	0.00344	0.00628
30	0.01210	0.01160	0.01981	0.09304	0.73311	0.01178	0.01518	0.01509	0.01124	0.01600	0.00933	0.01241	0.00780	0.00448	0.00494	0.00149	0.00598	0.00444	0.00245	0.00771
31	0.01205	0.11373	0.01620	0.26375	0.14846	0.15396	0.01139	0.01434	0.01060	0.01322	0.00886	0.01207	0.00741	0.00726	0.05440	0.00191	0.09811	0.00405	0.04227	0.00596
32	0.01762	0.17546	0.01639	0.01203	0.01492	0.65669	0.00942	0.01896	0.01337	0.01211	0.00756	0.00880	0.00642	0.00497	0.00425	0.00124	0.00830	0.00311	0.00249	0.00590
33	0.01146	0.00898	0.01055	0.00764	0.01198	0.00701	0.00613	0.03033	0.02722	0.07467	0.00997	0.01104	0.00794	0.00399	0.00385	0.00083	0.00378	0.00320	0.00328	0.75615
34	0.01745	0.01320	0.01412	0.01111	0.01488	0.01464	0.00908	0.61043	0.17352	0.02896	0.01354	0.01324	0.00978	0.00608	0.00497	0.00152	0.00514	0.00468	0.00495	0.02873
35	0.01333	0.82783	0.02612	0.00853	0.01279	0.01972	0.00853	0.01493	0.01013	0.01173	0.00693	0.00800	0.00640	0.00426	0.00320	0.00107	0.00533	0.00267	0.00213	0.00640
36	0.09074	0.00802	0.01015	0.00813	0.01143	0.00728	0.00662	0.02059	0.03643	0.56322	0.10078	0.02090	0.07946	0.00700	0.00501	0.00156	0.00386	0.00570	0.00568	0.00746
37	0.01078	0.01025	0.01742	0.44771	0.38880	0.01143	0.01452	0.01393	0.01061	0.01439	0.00910	0.01284	0.00723	0.00473	0.00496	0.00158	0.00631	0.00444	0.00233	0.00664
38	0.00866	0.00433	0.00649	0.00649	0.00649	0.00433	0.00433	0.00649	0.00649	0.00866	0.00866	0.01515	0.00866	0.01732	0.01948	0.85498	0.00433	0.00433	0.00216	0.00216
39	0.00607	0.00434	0.00578	0.00694	0.00723	0.00405	0.00463	0.00694	0.00954	0.01272	0.02747	0.82157	0.03297	0.01562	0.00636	0.00202	0.00289	0.01417	0.00463	0.00405
40	0.01072	0.01159	0.02418	0.01863	0.05828	0.01101	0.57503	0.01419	0.01128	0.01532	0.01331	0.15081	0.01236	0.00647	0.00616	0.00175	0.02426	0.02549	0.00292	0.00625
41	0.01499	0.01199	0.01273	0.01067	0.01395	0.01361	0.00852	0.32330	0.48369	0.02503	0.01700	0.01598	0.01255	0.00645	0.00504	0.00161	0.00455	0.00518	0.00504	0.00812
42	0.02236	0.00848	0.01157	0.00887	0.01272	0.00733	0.00733	0.02429	0.01427	0.79719	0.01966	0.01697	0.01234	0.00617	0.00501	0.00154	0.00424	0.00501	0.00617	0.00848
43	0.00617	0.00444	0.00587	0.00698	0.00737	0.00415	0.00477	0.00713	0.00973	0.01288	0.02845	0.74573	0.06675	0.01538	0.00637	0.00202	0.00297	0.05414	0.00463	0.00408
44	0.01031	0.01582	0.29387	0.15936	0.01998	0.01319	0.01411	0.01348	0.00909	0.01348	0.00782	0.01120	0.00648	0.00662	0.01015	0.00187	0.38072	0.00413	0.00216	0.00615
45	0.01210	0.01160	0.01981	0.09356	0.73261	0.01178	0.01518	0.01509	0.01124	0.01600	0.00933	0.01241	0.00779	0.00448	0.00494	0.00149	0.00598	0.00444	0.00245	0.00771
46	0.86003	0.00964	0.00733	0.00655	0.00964	0.01118	0.00540	0.01465	0.00848	0.02236	0.00694	0.00810	0.00540	0.00463	0.00308	0.00154	0.00386	0.00270	0.00308	0.00540
47	0.01240	0.01071	0.01127	0.01014	0.01296	0.01240	0.00789	0.02649	0.78473	0.02085	0.02029	0.01860	0.01522	0.00676	0.00507	0.00169	0.00394	0.00564	0.00507	0.00789
48	0.01732	0.00890	0.01111	0.00928	0.01233	0.00871	0.00756	0.17891	0.05671	0.40049	0.01988	0.12127	0.01626	0.00827	0.00541	0.00169	0.00436	0.09865	0.00548	0.00742
49	0.01105	0.01053	0.01791	0.37400	0.46036	0.01151	0.01466	0.01417	0.01074	0.01473	0.00915	0.01275	0.00735	0.00468	0.00496	0.00156	0.00624	0.00444	0.00236	0.00686
50	0.01333	0.82783	0.02612	0.00853	0.01279	0.01972	0.00853	0.01493	0.01013	0.01173	0.00693	0.00800	0.00640	0.00426	0.00320	0.00107	0.00533	0.00267	0.00213	0.00640
51	0.00941	0.00886	0.01495	0.81285	0.03433	0.01107	0.01384	0.01274	0.00997	0.01274	0.00886	0.01329	0.00664	0.00498	0.00498	0.00166	0.00664	0.00443	0.00221	0.00554
52	0.02236	0.00848	0.01157	0.00887	0.01272	0.00733	0.00733	0.02429	0.01427	0.79719	0.01966	0.01697	0.01234	0.00617	0.00501	0.00154	0.00424	0.00501	0.00617	0.00848
53	0.01865	0.02279	0.01421	0.01271	0.01541	0.72697	0.00962	0.09458	0.01504	0.01409	0.00813	0.00928	0.00662	0.00522	0.00454	0.00130	0.00864	0.00334	0.00281	0.00604
54	0.02184	0.00932	0.01208	0.00926	0.01314	0.00857	0.00765	0.13905	0.01566	0.68046	0.01849	0.01620	0.01175	0.00614	0.00501	0.00154	0.00443	0.00493	0.00599	0.00848
55	0.86003	0.00964	0.00733	0.00655	0.00964	0.01118	0.00540	0.01465	0.00848	0.02236	0.00694	0.00810	0.00540	0.00463	0.00308	0.00154	0.00386	0.00270	0.00308	0.00540
56	0.06227	0.00831	0.01081	0.00855	0.01201	0.00753	0.00698	0.02233	0.05923	0.62854	0.10248	0.01881	0.01591	0.00656	0.00501	0.00155	0.00400	0.00537	0.00588	0.00788
57	0.00607	0.00434	0.00578	0.00694	0.00723	0.00405	0.00463	0.00694	0.00954	0.01272	0.02747	0.82157	0.03297	0.01562	0.00636	0.00202	0.00289	0.01417	0.00463	0.00405
58	0.00607	0.00434	0.00578	0.00694	0.00723	0.00405	0.00463	0.00694	0.00954	0.01272	0.02747	0.82157	0.03297	0.01562	0.00636	0.00202	0.00289	0.01417	0.00463	0.00405
59	0.00707	0.00508	0.00659	0.00622	0.00733	0.00471	0.00460	0.00928	0.01371	0.01938	0.74554	0.03696	0.04533	0.05806	0.00702	0.00176	0.00250	0.00891	0.00534	0.00460
60	0.01233	0.01205	0.02056	0.01567	0.01965	0.01237	0.40065	0.02105	0.36928	0.03850	0.01505	0.01592	0.01123	0.00544	0.00548	0.00168	0.00623	0.00575	0.00380	0.00731
61	0.01634	0.01267	0.01349	0.01094	0.01446	0.01424	0.00884	0.47810	0.32670	0.02721	0.01528	0.01461	0.01116	0.00629	0.00502	0.00157	0.00487	0.00494	0.00502	0.00824
62	0.01862	0.02376	0.01413	0.01284	0.01541	0.80482	0.00963	0.01990	0.01413	0.01220	0.00770	0.00899	0.00642	0.00514	0.00449	0.00128	0.00899	0.00321	0.00257	0.00578
63	0.01065	0.00896	0.01081	0.00774	0.01217	0.00680	0.02402	0.01290	0.01046	0.03440	0.00914	0.01056	0.00750	0.00376	0.00377	0.00078	0.00381	0.00307	0.00302	0.81567
64	0.00639	0.00447	0.00569	0.00654	0.00675	0.00426	0.00420	0.00702	0.00893	0.01191	0.02434	0.61153	0.02901	0.23105	0.01142	0.00277	0.00341	0.01233	0.00420	0.00377
65	0.32080	0.00756	0.00751	0.00645	0.00910	0.00774	0.00519	0.01570	0.01062	0.20015	0.01330	0.01399	0.00973	0.00536	0.00370	0.00137	0.00339	0.00394	0.30581	0.04861
66	0.01719	0.02059	0.01440	0.01278	0.01497	0.59623	0.00986	0.07560	0.01360	0.01361	0.00781	0.00958	0.00660	0.00588	0.00677	0.00147	0.16093	0.00352	0.00268	0.00592
67	0.00607	0.00434	0.00578	0.00694	0.00723	0.00405	0.00463	0.00694	0.00954	0.01272	0.02747	0.82157	0.03297	0.01562	0.00636	0.00202	0.00289	0.01417	0.00463	0.00405
68	0.01323	0.13046	0.32993	0.01353	0.01900	0.01302	0.14866	0.13056	0.01289	0.08589	0.01021	0.01147	0.00744	0.00494	0.00499	0.00150	0.02258	0.00416	0.00300	0.03256
69	0.02004	0.00855	0.01123	0.00880	0.01233	0.00777	0.00720	0.06787	0.05099	0.63082	0.10265	0.01893	0.01599	0.00662	0.00511	0.00155	0.00410	0.00544	0.00597	0.00805
70	0.00607	0.00434	0.00578	0.00694	0.00723	0.00405	0.00463	0.00694	0.00954	0.01272	0.02747	0.82157	0.03297	0.01562	0.00636	0.00202	0.00289	0.01417	0.00463	0.00405
71	0.04861	0.18545	0.25434	0.01104	0.01590	0.01371	0.01139	0.17670	0.11503	0.10363	0.01172	0.01196	0.00856	0.00531	0.00448	0.00146	0.00562	0.00400	0.00358	0.00751
72	0.01209	0.01032	0.01050	0.00946	0.01207	0.05101	0.00733	0.02295	0.58337	0.05041	0.08673	0.02216	0.08494	0.00745	0.00518	0.00165	0.00396	0.00620	0.00498	0.00722
73	0.00621	0.00444	0.00590	0.00685	0.00726	0.00414	0.00464	0.00728	0.01017	0.01372	0.13220	0.71400	0.03490	0.01487	0.00630	0.00196	0.00282	0.01346	0.00474	0.00414
74	0.00654	0.00530	0.00586	0.00582	0.00738	0.00471	0.00446	0.00855	0.03723	0.01535	0.22239	0.04510	0.53310	0.01195	0.00594	0.00170	0.00269	0.06663	0.00484	0.00447
75	0.60101	0.09843	0.01046	0.00750	0.01082	0.01223	0.00632	0.07704	0.04673	0.07759	0.00888	0.00953	0.00671	0.00491	0.00348	0.00149	0.00418	0.00314	0.00345	0.00609
76	0.00727	0.00506	0.00649	0.00715	0.00765	0.00502	0.00523	0.00831	0.00927	0.01224	0.02201	0.21208	0.02497	0.34236	0.03281	0.00339	0.00452	0.27642	0.00392	0.00383
77	0.01008	0.00688	0.00776	0.00714	0.00895	0.00721	0.00547	0.01607	0.25365	0.05636	0.29318	0.02514	0.02570	0.00768	0.00490	0.00149	0.00293	0.00653	0.24704	0.00586
78	0.01202	0.01152	0.01966	0.11518	0.71162	0.01176	0.01514	0.01502	0.01120	0.01590	0.00932	0.01244	0.00776	0.00450	0.00494	0.00150	0.00600	0.00444	0.00244	0.00764
79	0.00874	0.00646	0.00760	0.00709	0.00910	0.00585	0.00537	0.02730	0.07908	0.06134	0.07929	0.24794	0.22334	0.01072	0.00554	0.00162	0.00322	0.04902	0.00452	0.15687
80	0.01884	0.01349	0.01459	0.01125	0.01518	0.01484	0.00927	0.69762	0.05865	0.07591	0.01281	0.01257	0.00902	0.00603	0.00499	0.00151	0.00534	0.00457	0.00506	0.00845
81	0.01862	0.02376	0.01413	0.01284	0.01541	0.80482	0.00963	0.01990	0.01413	0.01220	0.00770	0.00899	0.00642	0.00514	0.00449	0.00128	0.00899	0.00321	0.00257	0.00578
82	0.01234	0.01184	0.02023	0.03059	0.79373	0.01184	0.01530	0.01530	0.01135	0.01628	0.00938	0.01234	0.00790	0.00444	0.00493	0.00148	0.00592	0.00444	0.00247	0.00790
83	0.31822	0.01081	0.01185	0.00943	0.01305	0.01153	0.04337	0.23637	0.05349	0.22643	0.01252	0.01230	0.00868	0.00551	0.00436	0.00154	0.00464	0.00411	0.00451	0.00727
84	0.01384	0.01073	0.01162	0.00972	0.01190	0.05137	0.00772	0.35572	0.01553	0.02144	0.01259	0.03949	0.01080	0.09450	0.07611	0.00244	0.11684	0.00508	0.12623	0.00633
85	0.01154	0.01187	0.00953	0.00923	0.01089	0.26730	0.00678	0.01481	0.13198	0.02826	0.10936	0.28766	0.06099	0.00987	0.00545	0.00165	0.00499	0.00832	0.00415	0.00537
86	0.01276	0.69216	0.15685	0.00949	0.01428	0.01834	0.01020	0.01507	0.01019	0.01241	0.00727	0.00842	0.00638	0.00434	0.00346	0.00115	0.00567	0.00284	0.00213	0.00656
87	0.00759	0.00549	0.00703	0.00653	0.00782	0.00519	0.00493	0.04540	0.01443	0.02034	0.73480	0.05629	0.04486	0.01013	0.00585	0.00158	0.00251	0.00893	0.00544	0.00486
88	0.00640	0.00505	0.00569	0.00562	0.00699	0.00443	0.00416	0.00797	0.01202	0.01545	0.29388	0.06680	0.46702	0.05280	0.00690	0.00183	0.00264	0.02523	0.00483	0.00432
89	0.03014	0.12603	0.29490	0.01069	0.01582	0.01112	0.01136	0.03622	0.07333	0.23298	0.01257	0.01258	0.00885	0.00514	0.00449	0.00141	0.00544	0.00399	0.00365	0.09927
90	0.00715	0.00538	0.00665	0.00628	0.00762	0.00502	0.00472	0.00994	0.05369	0.01900	0.63364	0.03797	0.16346	0.01040	0.00584	0.00159	0.00246	0.00908	0.00533	0.00479
91	0.00621	0.00457	0.00583	0.00656	0.00720	0.00418	0.00452	0.00738	0.01057	0.01405	0.15857	0.58062	0.14287	0.01428	0.00621	0.00190	0.00275	0.01279	0.00477	0.00418
92	0.01280	0.01020	0.01099	0.00971	0.01251	0.01148	0.00760	0.07570	0.60653	0.06538	0.07791	0.02039	0.04227	0.00712	0.00515	0.00166	0.00390	0.00593	0.00514	0.00761
93	0.01231	0.58265	0.26238	0.01026	0.01548	0.01723	0.01155	0.01519	0.01025	0.01297	0.00755	0.00877	0.00637	0.00441	0.00367	0.00122	0.00595	0.00298	0.00212	0.00669
94	0.00628	0.00449	0.00603	0.00718	0.00756	0.00423	0.00500	0.00731	0.00975	0.01296	0.02736	0.73881	0.03250	0.01542	0.00642	0.00205	0.00308	0.09484	0.00462	0.00411
95	0.00822	0.00491	0.00688	0.00728	0.00769	0.00491	0.00544	0.00797	0.00838	0.01104	0.01606	0.03248	0.01726	0.14206	0.01592	0.41914	0.00450	0.27353	0.00316	0.00316
96	0.00916	0.00867	0.01491	0.01591	0.20870	0.00835	0.18124	0.01174	0.03083	0.01472	0.02257	0.25502	0.15261	0.00937	0.00592	0.00175	0.01497	0.02420	0.00359	0.00577
97	0.01256	0.01981	0.34106	0.01924	0.28050	0.16212	0.01508	0.01703	0.05698	0.01557	0.00952	0.01132	0.00739	0.00483	0.00478	0.00150	0.00699	0.00396	0.00249	0.00727
98	0.01313	0.00929	0.01065	0.00877	0.01135	0.00974	0.00700	0.34744	0.03810	0.06153	0.39307	0.02471	0.02766	0.00807	0.00543	0.00154	0.00386	0.00675	0.00529	0.00662
99	0.00616	0.00447	0.00583	0.00682	0.00729	0.00414	0.00466	0.00717	0.00995	0.01317	0.06295	0.70008	0.09645	0.01507	0.00632	0.00198	0.00289	0.03582	0.00466	0.00411
100	0.00668	0.00477	0.00648	0.00764	0.00819	0.00457	0.00569	0.00799	0.01014	0.01341	0.02714	0.58375	0.03164	0.01504	0.00652	0.00211	0.00342	0.24598	0.00462	0.00422
101	0.01034	0.00886	0.01034	0.00738	0.01181	0.00664	0.00591	0.01255	0.01034	0.01624	0.00886	0.01034	0.00738	0.00369	0.00369	0.00074	0.00369	0.00295	0.00295	0.85530
102	0.06324	0.01029	0.01187	0.00893	0.01300	0.00957	0.02596	0.20877	0.04498	0.06854	0.01080	0.01165	0.00829	0.00541	0.02300	0.00126	0.00455	0.00369	0.00374	0.46247
103	0.01363	0.06540	0.01575	0.01246	0.01428	0.22797	0.07017	0.09343	0.01150	0.01419	0.00864	0.01233	0.00781	0.06123	0.04786	0.00220	0.30834	0.00431	0.00268	0.00581
104	0.00941	0.00886	0.01495	0.81285	0.03433	0.01107	0.01384	0.01274	0.00997	0.01274	0.00886	0.01329	0.00664	0.00498	0.00498	0.00166	0.00664	0.00443	0.00221	0.00554
105	0.01234	0.01184	0.02023	0.03059	0.79373	0.01184	0.01530	0.01530	0.01135	0.01628	0.00938	0.01234	0.00790	0.00444	0.00493	0.00148	0.00592	0.00444	0.00247	0.00790
106	0.00607	0.00434	0.00578	0.00694	0.00723	0.00405	0.00463	0.00694	0.00954	0.01272	0.02747	0.82157	0.03297	0.01562	0.00636	0.00202	0.00289	0.01417	0.00463	0.00405
107	0.00725	0.00509	0.00635	0.00653	0.00769	0.00480	0.00478	0.00856	0.01031	0.05910	0.06630	0.27433	0.30175	0.03710	0.17299	0.00317	0.00504	0.01008	0.00431	0.00446
108	0.01717	0.01139	0.01284	0.01004	0.01385	0.01179	0.00818	0.35748	0.16312	0.19412	0.01475	0.01406	0.01043	0.00583	0.00482	0.00143	0.00466	0.00459	0.00496	0.13449
109	0.00623	0.00497	0.00552	0.00571	0.00701	0.00435	0.00420	0.00755	0.01122	0.01403	0.13283	0.16560	0.51142	0.05100	0.00693	0.00190	0.00277	0.04791	0.00465	0.00421
110	0.01186	0.01189	0.06349	0.01331	0.01683	0.01136	0.21776	0.05254	0.01085	0.05244	0.00924	0.01174	0.00743	0.00548	0.00790	0.00151	0.22454	0.00435	0.00283	0.26265
111	0.05246	0.00798	0.01062	0.01007	0.01206	0.00842	0.07531	0.04534	0.20691	0.01719	0.02202	0.16123	0.02212	0.01068	0.00599	0.00197	0.00449	0.31493	0.00447	0.00572
112	0.00941	0.00886	0.01495	0.81285	0.03433	0.01107	0.01384	0.01274	0.00997	0.01274	0.00886	0.01329	0.00664	0.00498	0.00498	0.00166	0.00664	0.00443	0.00221	0.00554
113	0.75259	0.00929	0.00751	0.00663	0.00967	0.01055	0.00544	0.01522	0.00902	0.08069	0.00839	0.00931	0.00631	0.00480	0.00325	0.00152	0.00381	0.00297	0.04743	0.00559
114	0.02011	0.00995	0.01239	0.02705	0.05930	0.04867	0.00817	0.08233	0.06079	0.57244	0.01832	0.01657	0.02794	0.00615	0.00500	0.00154	0.00467	0.00499	0.00550	0.00813
115	0.01333	0.82783	0.02612	0.00853	0.01279	0.01972	0.00853	0.01493	0.01013	0.01173	0.00693	0.00800	0.00640	0.00426	0.00320	0.00107	0.00533	0.00267	0.00213	0.00640
116	0.00866	0.00433	0.00649	0.00649	0.00649	0.00433	0.00433	0.00649	0.00649	0.00866	0.00866	0.01515	0.00866	0.01732	0.01948	0.85498	0.00433	0.00433	0.00216	0.00216
117	0.01214	0.01164	0.01987	0.08448	0.74142	0.01179	0.01520	0.01512	0.01125	0.01604	0.00934	0.01240	0.00781	0.00448	0.00494	0.00149	0.00597	0.00444	0.00245	0.00773
118	0.01348	0.01351	0.01370	0.03125	0.15030	0.23078	0.02098	0.07623	0.06697	0.04349	0.01439	0.11845	0.05078	0.00806	0.02280	0.00175	0.10766	0.00580	0.00336	0.00625
119	0.00646	0.00463	0.00613	0.00668	0.00731	0.00430	0.00466	0.00790	0.01133	0.01556	0.32566	0.51530	0.03846	0.01350	0.00617	0.00185	0.00268	0.01216	0.00496	0.00430
120	0.01145	0.01157	0.02160	0.22019	0.38422	0.01188	0.23556	0.01486	0.01113	0.01532	0.00945	0.01289	0.00749	0.00451	0.00522	0.00158	0.00682	0.00486	0.00242	0.00698
121	0.06246	0.01242	0.01880	0.06299	0.65848	0.06795	0.01425	0.01547	0.01132	0.01619	0.00909	0.01189	0.00759	0.00453	0.00480	0.00148	0.00605	0.00425	0.00250	0.00749
122	0.01274	0.28313	0.08536	0.03678	0.05758	0.11045	0.25012	0.03007	0.01144	0.01413	0.00966	0.05839	0.00845	0.00512	0.00468	0.00143	0.00683	0.00467	0.00253	0.00645

[dist]
# distance from previous block
# <min> <max>
0	2

[block]
# block no. 2 follows, 50 sequences, length 181
# corresponding to MSA columns:
# 463-643
name=unknown_C
#
# <colnr> <probs for GDERKNQSTAVLIFYWHMCP>
#	G	D	E	R	K	N	Q	S	T	A	V	L	I	F	Y	W	H	M	C	P
0	0.04059	0.07199	0.17255	0.02346	0.12065	0.16953	0.01158	0.11864	0.17727	0.02875	0.01151	0.01224	0.00878	0.00536	0.00467	0.00148	0.00622	0.00414	0.00334	0.00725
1	0.00615	0.00444	0.00582	0.00681	0.00725	0.00412	0.00462	0.00714	0.00995	0.01324	0.07541	0.71850	0.07874	0.01508	0.00631	0.00198	0.00286	0.02278	0.00468	0.00410
2	0.03174	0.08401	0.30932	0.12362	0.01941	0.03577	0.01306	0.10107	0.11191	0.02658	0.01044	0.01191	0.00786	0.00543	0.00551	0.00157	0.06597	0.00406	0.00294	0.02784
3	0.01369	0.01492	0.04027	0.02614	0.59675	0.19089	0.01410	0.01635	0.01195	0.01535	0.00899	0.01153	0.00752	0.00461	0.00483	0.00144	0.00665	0.00414	0.00248	0.00740
4	0.05877	0.05076	0.32764	0.01223	0.01758	0.01331	0.03366	0.34153	0.01595	0.02269	0.01008	0.01098	0.00729	0.00518	0.00467	0.00148	0.00613	0.00396	0.00345	0.05266
5	0.00990	0.01142	0.11052	0.07943	0.08858	0.00981	0.21722	0.01445	0.11073	0.01547	0.04011	0.09809	0.06830	0.05320	0.03076	0.00206	0.00606	0.02445	0.00330	0.00614
6	0.01067	0.01037	0.01817	0.35580	0.25257	0.01125	0.14066	0.01458	0.05986	0.01483	0.01097	0.05809	0.00917	0.00540	0.00520	0.00163	0.00635	0.00529	0.00265	0.00649
7	0.01176	0.35872	0.10054	0.31794	0.02250	0.06326	0.03417	0.01451	0.01040	0.01268	0.00802	0.01050	0.00652	0.00464	0.00420	0.00138	0.00636	0.00357	0.00220	0.00614
8	0.01116	0.01142	0.07075	0.31524	0.21804	0.01118	0.11134	0.01550	0.07804	0.03794	0.01059	0.01341	0.00811	0.00487	0.00499	0.00156	0.00622	0.00462	0.01813	0.04689
9	0.00610	0.00501	0.00537	0.00538	0.00689	0.00428	0.00400	0.00753	0.01172	0.01455	0.17702	0.09486	0.61522	0.01239	0.00592	0.00168	0.00252	0.01049	0.00478	0.00428
10	0.00708	0.00527	0.00781	0.00786	0.00869	0.00607	0.00603	0.00874	0.00805	0.01155	0.01411	0.05804	0.01365	0.06670	0.73723	0.00760	0.01253	0.00583	0.00278	0.00438
11	0.02166	0.00884	0.01170	0.00905	0.01286	0.00796	0.00745	0.05693	0.05729	0.72116	0.01937	0.01684	0.01233	0.00619	0.00501	0.00155	0.00428	0.00502	0.00606	0.00845
12	0.00862	0.00758	0.01036	0.00966	0.01031	0.03307	0.00770	0.01015	0.00807	0.01169	0.01115	0.01683	0.01057	0.04010	0.52891	0.00599	0.25694	0.00501	0.00252	0.00477
13	0.00866	0.00433	0.00649	0.00649	0.00649	0.00433	0.00433	0.00649	0.00649	0.00866	0.00866	0.01515	0.00866	0.01732	0.01948	0.85498	0.00433	0.00433	0.00216	0.00216
14	0.01003	0.00963	0.01358	0.01192	0.01210	0.01318	0.00981	0.01125	0.00776	0.01193	0.00847	0.03606	0.00846	0.01450	0.16952	0.00331	0.63606	0.00484	0.00235	0.00522
15	0.00717	0.00485	0.00541	0.00541	0.00552	0.00479	0.00307	0.00724	0.00750	0.00990	0.01783	0.03356	0.06531	0.77528	0.02418	0.00464	0.00469	0.00745	0.00312	0.00309
16	0.01000	0.02578	0.79900	0.01421	0.02157	0.01158	0.01842	0.01579	0.01052	0.01579	0.00895	0.01052	0.00631	0.00474	0.00474	0.00158	0.00737	0.00368	0.00210	0.00737
17	0.02628	0.29658	0.06473	0.01082	0.01467	0.21288	0.00957	0.22649	0.06204	0.01818	0.00944	0.01013	0.00750	0.00514	0.00422	0.00131	0.00630	0.00354	0.00321	0.00695
18	0.01126	0.01921	0.43931	0.01563	0.02160	0.01121	0.26981	0.01604	0.01141	0.06991	0.05778	0.01357	0.00963	0.00499	0.00521	0.00161	0.00719	0.00483	0.00273	0.00707
19	0.00608	0.00439	0.00575	0.00682	0.00720	0.00407	0.00458	0.00699	0.00972	0.01288	0.04007	0.76288	0.07946	0.01535	0.00633	0.00200	0.00286	0.01387	0.00464	0.00407
20	0.01109	0.01053	0.01789	0.32142	0.48695	0.01139	0.01448	0.01415	0.01073	0.01482	0.00930	0.01291	0.00757	0.00564	0.02921	0.00175	0.00642	0.00446	0.00238	0.00691
21	0.01186	0.44952	0.34744	0.01158	0.01717	0.01594	0.05508	0.01534	0.01038	0.01365	0.00794	0.00935	0.00643	0.00446	0.00399	0.00131	0.00635	0.00327	0.00214	0.00682
22	0.01031	0.01075	0.02035	0.06019	0.03311	0.01139	0.38523	0.01312	0.01050	0.01456	0.04813	0.12559	0.03081	0.00733	0.00829	0.00183	0.19292	0.00681	0.00290	0.00587
23	0.00712	0.00534	0.00801	0.00801	0.00890	0.00623	0.00623	0.00890	0.00801	0.01157	0.01335	0.01958	0.01246	0.03738	0.80507	0.00801	0.01335	0.00534	0.00267	0.00445
24	0.00909	0.00727	0.00905	0.00817	0.00841	0.00870	0.00585	0.05568	0.00836	0.01171	0.01265	0.02465	0.01396	0.52270	0.02134	0.00381	0.25542	0.00619	0.00288	0.00410
25	0.07134	0.01880	0.38463	0.01200	0.01721	0.07204	0.01292	0.09035	0.14123	0.11328	0.01219	0.01250	0.00868	0.00539	0.00472	0.00156	0.00612	0.00414	0.00347	0.00744
26	0.00723	0.00492	0.00586	0.00586	0.00600	0.00506	0.00354	0.00752	0.00737	0.00998	0.01532	0.03050	0.01720	0.69658	0.15235	0.00535	0.00622	0.00694	0.00296	0.00325
27	0.00627	0.00451	0.00595	0.00676	0.00726	0.00419	0.00462	0.00745	0.01052	0.01422	0.18371	0.64337	0.05377	0.01444	0.00625	0.00192	0.00277	0.01303	0.00480	0.00419
28	0.01332	0.01254	0.01630	0.07784	0.30062	0.09384	0.05371	0.13201	0.15500	0.01846	0.01283	0.06837	0.01077	0.00596	0.00508	0.00156	0.00579	0.00528	0.00347	0.00726
29	0.01862	0.02376	0.01413	0.01284	0.01541	0.80482	0.00963	0.01990	0.01413	0.01220	0.00770	0.00899	0.00642	0.00514	0.00449	0.00128	0.00899	0.00321	0.00257	0.00578
30	0.00633	0.00461	0.00577	0.00640	0.00713	0.00422	0.00445	0.00758	0.01072	0.01436	0.16809	0.51282	0.17270	0.01376	0.00609	0.00185	0.00271	0.01226	0.03395	0.00422
31	0.01287	0.05636	0.01770	0.01343	0.01689	0.01204	0.23936	0.20879	0.13039	0.02012	0.01584	0.02384	0.01396	0.00734	0.00563	0.00175	0.00591	0.18697	0.00400	0.00681
32	0.05999	0.01086	0.01820	0.01397	0.01767	0.01081	0.32428	0.06968	0.14567	0.11988	0.07401	0.01988	0.01427	0.00632	0.00550	0.00169	0.00586	0.07057	0.00404	0.00686
33	0.30024	0.00775	0.00761	0.00673	0.00925	0.00794	0.00535	0.07656	0.01199	0.11030	0.10923	0.04455	0.26778	0.00839	0.00477	0.00160	0.00342	0.00662	0.00441	0.00552
34	0.00611	0.00454	0.00558	0.00638	0.00699	0.00414	0.00431	0.00701	0.00983	0.01270	0.03226	0.57988	0.21626	0.07005	0.00754	0.00213	0.00293	0.01281	0.00452	0.00402
35	0.01154	0.01259	0.02462	0.01914	0.06459	0.01337	0.50191	0.01473	0.01049	0.01478	0.00897	0.01261	0.00727	0.00558	0.00900	0.00182	0.25282	0.00534	0.00242	0.00640
36	0.07879	0.01239	0.01228	0.01172	0.06799	0.09387	0.00857	0.10413	0.51071	0.02089	0.01632	0.01566	0.01233	0.00619	0.00484	0.00160	0.00476	0.00496	0.00447	0.00754
37	0.78293	0.00967	0.00770	0.00684	0.00994	0.01114	0.00561	0.01567	0.05601	0.04576	0.00814	0.00901	0.00621	0.00480	0.00326	0.00155	0.00387	0.00295	0.00330	0.00564
38	0.01180	0.01334	0.02879	0.02166	0.07838	0.01255	0.72380	0.01592	0.01174	0.01599	0.01004	0.01337	0.00759	0.00422	0.00582	0.00167	0.00823	0.00578	0.00252	0.00680
39	0.01069	0.19333	0.63754	0.01302	0.01974	0.01328	0.01635	0.01561	0.01044	0.01494	0.00852	0.01000	0.00633	0.00464	0.00441	0.00147	0.00694	0.00347	0.00211	0.00716
40	0.04078	0.08206	0.01260	0.03473	0.01222	0.10176	0.00808	0.03598	0.01083	0.06054	0.05912	0.06787	0.11991	0.00825	0.00830	0.00168	0.24528	0.02354	0.00335	0.06311
41	0.19000	0.01728	0.01317	0.01229	0.06147	0.39354	0.00906	0.13261	0.03279	0.03557	0.00881	0.00998	0.00697	0.00538	0.00499	0.00145	0.05162	0.00354	0.00315	0.00633
42	0.01234	0.01184	0.02023	0.03059	0.79373	0.01184	0.01530	0.01530	0.01135	0.01628	0.00938	0.01234	0.00790	0.00444	0.00493	0.00148	0.00592	0.00444	0.00247	0.00790
43	0.06361	0.01191	0.01034	0.02544	0.07645	0.23746	0.00774	0.01498	0.09606	0.01527	0.01814	0.14249	0.06820	0.00837	0.00506	0.00161	0.00525	0.09196	0.09413	0.00553
44	0.01411	0.01072	0.01651	0.01993	0.38116	0.01069	0.05792	0.13227	0.02600	0.14286	0.07925	0.06007	0.01351	0.00608	0.00517	0.00155	0.00524	0.00557	0.00386	0.00752
45	0.04305	0.00986	0.01167	0.00928	0.01274	0.00988	0.00756	0.23181	0.09639	0.38573	0.07266	0.01851	0.05439	0.00675	0.00506	0.00155	0.00432	0.00543	0.00551	0.00784
46	0.00598	0.00505	0.00518	0.00514	0.00679	0.00425	0.00386	0.00733	0.01158	0.01397	0.10837	0.04713	0.73351	0.01243	0.00589	0.00167	0.00251	0.01040	0.00470	0.00425
47	0.11707	0.00642	0.00836	0.00732	0.00920	0.00615	0.05790	0.01102	0.01281	0.06167	0.48763	0.04398	0.13307	0.00924	0.00548	0.00159	0.00309	0.00804	0.00489	0.00506
48	0.01420	0.00857	0.01100	0.00930	0.01135	0.00953	0.00753	0.10263	0.05643	0.24250	0.04118	0.01690	0.01227	0.02935	0.13864	0.00276	0.17138	0.00505	0.10294	0.00648
49	0.03224	0.00857	0.01102	0.00877	0.01214	0.00796	0.00716	0.09057	0.05139	0.55115	0.12811	0.02018	0.01728	0.00689	0.00515	0.00157	0.00408	0.02216	0.00583	0.00779
50	0.04976	0.01080	0.01283	0.00987	0.01376	0.01084	0.00815	0.33742	0.01789	0.45168	0.01602	0.01458	0.01049	0.00604	0.00494	0.00152	0.00475	0.00471	0.00557	0.00837
51	0.01155	0.01142	0.02057	0.21291	0.48332	0.01179	0.14551	0.01481	0.01110	0.01540	0.00938	0.01275	0.00754	0.00453	0.00511	0.00156	0.00652	0.00469	0.00242	0.00714
52	0.00607	0.00434	0.00578	0.00694	0.00723	0.00405	0.00463	0.00694	0.00954	0.01272	0.02747	0.82157	0.03297	0.01562	0.00636	0.00202	0.00289	0.01417	0.00463	0.00405
53	0.00666	0.00461	0.00577	0.00646	0.00668	0.00446	0.00417	0.00725	0.00873	0.01161	0.02267	0.46131	0.02675	0.34160	0.01405	0.00317	0.00377	0.05265	0.00398	0.00366
54	0.04232	0.01050	0.03618	0.01092	0.06632	0.01006	0.00847	0.21834	0.06902	0.36185	0.04465	0.01803	0.05541	0.00657	0.00505	0.00156	0.00459	0.01711	0.00519	0.00785
55	0.01127	0.04945	0.01174	0.01036	0.03411	0.17165	0.03086	0.06476	0.02897	0.01421	0.06704	0.02042	0.01419	0.09222	0.25620	0.00387	0.05319	0.05707	0.00316	0.00529
56	0.06147	0.00691	0.00864	0.00722	0.00985	0.00622	0.00576	0.01655	0.01321	0.38707	0.21689	0.02639	0.13929	0.00805	0.00515	0.00154	0.00335	0.00670	0.06328	0.00645
57	0.01078	0.00912	0.01058	0.00760	0.01200	0.00710	0.00609	0.05231	0.01102	0.01703	0.00902	0.01042	0.00744	0.00381	0.00376	0.00078	0.00378	0.00303	0.00306	0.81126
58	0.01000	0.02578	0.79900	0.01421	0.02157	0.01158	0.01842	0.01579	0.01052	0.01579	0.00895	0.01052	0.00631	0.00474	0.00474	0.00158	0.00737	0.00368	0.00210	0.00737
59	0.01101	0.01014	0.01692	0.07887	0.56349	0.01027	0.01328	0.01373	0.01114	0.01556	0.01329	0.08108	0.01287	0.00674	0.00534	0.00166	0.00554	0.11918	0.00294	0.00694
60	0.01000	0.02578	0.79900	0.01421	0.02157	0.01158	0.01842	0.01579	0.01052	0.01579	0.00895	0.01052	0.00631	0.00474	0.00474	0.00158	0.00737	0.00368	0.00210	0.00737
61	0.01372	0.01107	0.02077	0.19763	0.02397	0.01102	0.37267	0.01787	0.06462	0.19585	0.01271	0.01457	0.00898	0.00501	0.00542	0.00164	0.00674	0.00533	0.00347	0.00694
62	0.00707	0.00500	0.00670	0.00757	0.00816	0.00495	0.00570	0.00837	0.00974	0.01291	0.02405	0.34908	0.02740	0.15785	0.06487	0.00303	0.00457	0.28470	0.00420	0.00409
63	0.00633	0.00454	0.00607	0.00720	0.00764	0.00428	0.00507	0.00740	0.00985	0.01304	0.02787	0.70005	0.05032	0.01530	0.00642	0.00205	0.00311	0.11472	0.00462	0.00413
64	0.00607	0.00434	0.00578	0.00694	0.00723	0.00405	0.00463	0.00694	0.00954	0.01272	0.02747	0.82157	0.03297	0.01562	0.00636	0.00202	0.00289	0.01417	0.00463	0.00405
65	0.01361	0.01131	0.01195	0.01039	0.01342	0.01296	0.00818	0.16549	0.64375	0.02281	0.01875	0.01737	0.01397	0.00662	0.00506	0.00165	0.00423	0.00542	0.00506	0.00800
66	0.01110	0.00623	0.00858	0.00868	0.01041	0.00591	0.00734	0.01325	0.01233	0.19339	0.11322	0.07794	0.02727	0.01171	0.00632	0.00203	0.00418	0.46960	0.00505	0.00547
67	0.00613	0.00438	0.00584	0.00690	0.00724	0.00409	0.00463	0.00709	0.00982	0.01317	0.07406	0.77372	0.03383	0.01528	0.00633	0.00200	0.00286	0.01386	0.00468	0.00409
68	0.00673	0.00508	0.00621	0.00593	0.00725	0.00456	0.00445	0.00877	0.01334	0.01816	0.58308	0.04025	0.25619	0.01087	0.00588	0.00160	0.00240	0.00944	0.00525	0.00456
69	0.01862	0.02376	0.01413	0.01284	0.01541	0.80482	0.00963	0.01990	0.01413	0.01220	0.00770	0.00899	0.00642	0.00514	0.00449	0.00128	0.00899	0.00321	0.00257	0.00578
70	0.01234	0.01184	0.02023	0.03059	0.79373	0.01184	0.01530	0.01530	0.01135	0.01628	0.00938	0.01234	0.00790	0.00444	0.00493	0.00148	0.00592	0.00444	0.00247	0.00790
71	0.00632	0.00449	0.00595	0.00703	0.00737	0.00425	0.00481	0.00725	0.00955	0.01270	0.02658	0.70226	0.03159	0.07062	0.00770	0.00224	0.00317	0.07758	0.00451	0.00402
72	0.86003	0.00964	0.00733	0.00655	0.00964	0.01118	0.00540	0.01465	0.00848	0.02236	0.00694	0.00810	0.00540	0.00463	0.00308	0.00154	0.00386	0.00270	0.00308	0.00540
73	0.01333	0.82783	0.02612	0.00853	0.01279	0.01972	0.00853	0.01493	0.01013	0.01173	0.00693	0.00800	0.00640	0.00426	0.00320	0.00107	0.00533	0.00267	0.00213	0.00640
74	0.01034	0.00886	0.01034	0.00738	0.01181	0.00664	0.00591	0.01255	0.01034	0.01624	0.00886	0.01034	0.00738	0.00369	0.00369	0.00074	0.00369	0.00295	0.00295	0.85530
75	0.03245	0.06500	0.01112	0.00850	0.01128	0.01027	0.00690	0.28482	0.07111	0.06429	0.07776	0.06854	0.22732	0.00875	0.00527	0.00159	0.00407	0.02981	0.00472	0.00644
76	0.01434	0.00928	0.01407	0.23049	0.17154	0.00965	0.01066	0.01706	0.02581	0.27311	0.05586	0.01539	0.01120	0.00575	0.00570	0.00156	0.05829	0.00480	0.00385	0.06159
77	0.01160	0.01114	0.01929	0.06410	0.60393	0.01109	0.07869	0.01457	0.01141	0.01621	0.05761	0.03738	0.01091	0.00510	0.00509	0.00151	0.00581	0.00509	0.00272	0.02674
78	0.00657	0.00508	0.00598	0.00576	0.00715	0.00450	0.00432	0.00846	0.01295	0.01725	0.47994	0.04174	0.35990	0.01121	0.00588	0.00162	0.00242	0.00965	0.00513	0.00450
79	0.02236	0.00848	0.01157	0.00887	0.01272	0.00733	0.00733	0.02429	0.01427	0.79719	0.01966	0.01697	0.01234	0.00617	0.00501	0.00154	0.00424	0.00501	0.00617	0.00848
80	0.01731	0.01127	0.01275	0.01002	0.01346	0.01194	0.00818	0.47714	0.04305	0.17416	0.15037	0.01755	0.01618	0.00678	0.00515	0.00152	0.00465	0.00542	0.00530	0.00780
81	0.01214	0.01161	0.01978	0.02986	0.76921	0.01160	0.01496	0.01504	0.01129	0.01617	0.00994	0.03757	0.00868	0.00479	0.00498	0.00150	0.00583	0.00474	0.00253	0.00778
82	0.01930	0.00799	0.01071	0.00847	0.01182	0.00708	0.00690	0.02181	0.04643	0.63052	0.15292	0.02053	0.01845	0.00689	0.00516	0.00155	0.00390	0.00573	0.00601	0.00781
83	0.00689	0.00532	0.00754	0.00801	0.00877	0.00515	0.04762	0.00889	0.06257	0.01353	0.02598	0.69580	0.03020	0.01432	0.00627	0.00199	0.00333	0.03879	0.00454	0.00448
84	0.00970	0.00883	0.01241	0.01104	0.01153	0.01173	0.00902	0.03710	0.00833	0.01250	0.00940	0.01435	0.00893	0.01987	0.32541	0.00444	0.47304	0.00475	0.00247	0.00516
85	0.01151	0.01202	0.01654	0.01383	0.01448	0.06883	0.08378	0.01291	0.00847	0.01239	0.00696	0.01102	0.00663	0.00805	0.01455	0.00207	0.68369	0.00443	0.00224	0.00560
86	0.00607	0.00434	0.00578	0.00694	0.00723	0.00405	0.00463	0.00694	0.00954	0.01272	0.02747	0.82157	0.03297	0.01562	0.00636	0.00202	0.00289	0.01417	0.00463	0.00405
87	0.03784	0.01149	0.01599	0.06716	0.01739	0.01233	0.18297	0.24372	0.22353	0.02153	0.01651	0.05458	0.05881	0.00654	0.00528	0.00164	0.00546	0.00589	0.00417	0.00716
88	0.01096	0.11621	0.39618	0.01610	0.04396	0.01272	0.27336	0.01549	0.01083	0.01523	0.00925	0.01158	0.00700	0.00561	0.03248	0.00177	0.00764	0.00439	0.00228	0.00695
89	0.00667	0.00508	0.00613	0.00587	0.00721	0.00454	0.00440	0.00866	0.01320	0.01784	0.54729	0.04077	0.29218	0.01099	0.00588	0.00161	0.00241	0.00951	0.00520	0.00454
90	0.01471	0.00720	0.00935	0.00783	0.01037	0.00660	0.00620	0.06300	0.02480	0.37309	0.30824	0.08002	0.05001	0.00850	0.00545	0.00159	0.00346	0.00727	0.00568	0.00663
91	0.03628	0.01074	0.01730	0.20742	0.07432	0.05514	0.20498	0.01335	0.01014	0.01405	0.01051	0.06816	0.00931	0.00844	0.06332	0.00217	0.15137	0.00540	0.03180	0.00579
92	0.01191	0.01211	0.03670	0.26021	0.25800	0.03600	0.20342	0.06711	0.03537	0.01618	0.00984	0.01292	0.00762	0.00475	0.00518	0.00159	0.00679	0.00478	0.00265	0.00686
93	0.01091	0.01091	0.01527	0.01309	0.01309	0.01527	0.01091	0.01200	0.00763	0.01200	0.00654	0.01091	0.00654	0.00872	0.01636	0.00218	0.81570	0.00436	0.00218	0.00545
94	0.01279	0.01022	0.01151	0.00868	0.01279	0.00935	0.00698	0.18420	0.11243	0.03806	0.01126	0.01191	0.00874	0.00465	0.00419	0.00105	0.00413	0.00368	0.00375	0.53965
95	0.01841	0.01617	0.01225	0.01077	0.01351	0.43441	0.00824	0.01986	0.01363	0.28254	0.01419	0.10897	0.01163	0.00675	0.00490	0.00146	0.00662	0.00514	0.00405	0.00650
96	0.00803	0.00574	0.00803	0.00918	0.01033	0.00574	0.00803	0.01033	0.01147	0.01492	0.02639	0.05622	0.02869	0.01377	0.00688	0.00229	0.00459	0.76018	0.00459	0.00459
97	0.01376	0.00715	0.00799	0.00680	0.00905	0.00718	0.00540	0.14158	0.03048	0.18773	0.01637	0.01714	0.01202	0.00594	0.00410	0.00131	0.00329	0.00472	0.51182	0.00618
98	0.45856	0.00803	0.00762	0.00701	0.00903	0.00900	0.00539	0.01190	0.00847	0.01748	0.01134	0.11586	0.01145	0.13509	0.04999	0.00244	0.05971	0.00513	0.00318	0.06333
99	0.00713	0.00538	0.00662	0.00626	0.00761	0.00502	0.00471	0.00990	0.05387	0.01889	0.62102	0.03814	0.17592	0.01044	0.00584	0.00159	0.00247	0.00910	0.00531	0.00478
