[name]
unknown

[dist]
# distance from previous block
# <min> <max>
0	573

[block]
# block no. 0 follows, 48 sequences, length 8
# corresponding to MSA columns:
# 614-621
name=unknown_A
#
# <colnr> <probs for GDERKNQSTAVLIFYWHMCP>
#	G	D	E	R	K	N	Q	S	T	A	V	L	I	F	Y	W	H	M	C	P
0	0.01164	0.10938	0.12149	0.01271	0.10770	0.01042	0.06289	0.04643	0.01159	0.03593	0.01210	0.03796	0.03820	0.00529	0.00454	0.00125	0.00518	0.02306	0.00306	0.33919
1	0.00754	0.00578	0.00812	0.11679	0.01252	0.00590	0.00743	0.00944	0.01092	0.01413	0.02783	0.30496	0.11151	0.01345	0.00653	0.00211	0.00419	0.32182	0.00441	0.00463
2	0.01147	0.01142	0.02097	0.21423	0.37837	0.01174	0.19724	0.01479	0.01134	0.01560	0.01075	0.05868	0.00920	0.00530	0.00541	0.00165	0.00672	0.00549	0.00262	0.00703
3	0.85592	0.00992	0.00754	0.00675	0.00992	0.01151	0.00556	0.01508	0.00873	0.02302	0.00714	0.00834	0.00556	0.00476	0.00318	0.00159	0.00397	0.00278	0.00318	0.00556
4	0.00735	0.00542	0.00784	0.00784	0.00861	0.00619	0.00591	0.00890	0.00813	0.01161	0.01412	0.02222	0.01372	0.15855	0.68050	0.00774	0.01240	0.00580	0.00280	0.00436
5	0.01270	0.01219	0.02083	0.03149	0.78767	0.01219	0.01575	0.01575	0.01168	0.01676	0.00965	0.01270	0.00813	0.00457	0.00508	0.00152	0.00610	0.00457	0.00254	0.00813
6	0.00649	0.00511	0.00585	0.00588	0.00725	0.00448	0.00433	0.00811	0.01238	0.01600	0.29301	0.15007	0.43764	0.01258	0.00613	0.00174	0.00259	0.01082	0.00506	0.00448
7	0.01330	0.01073	0.01130	0.00995	0.01281	0.01224	0.00780	0.12658	0.58391	0.02266	0.01922	0.01821	0.01442	0.00673	0.00501	0.00165	0.00408	0.00552	0.10605	0.00780

[dist]
# distance from previous block
# <min> <max>
0	1

[block]
# block no. 1 follows, 48 sequences, length 30
# corresponding to MSA columns:
# 623-652
name=unknown_B
#
# <colnr> <probs for GDERKNQSTAVLIFYWHMCP>
#	G	D	E	R	K	N	Q	S	T	A	V	L	I	F	Y	W	H	M	C	P
0	0.01519	0.60648	0.02354	0.00998	0.01390	0.23129	0.00909	0.01675	0.01154	0.01220	0.00735	0.00851	0.00659	0.00463	0.00365	0.00116	0.00651	0.00290	0.00232	0.00641
1	0.01498	0.01706	0.04350	0.01084	0.01333	0.43567	0.00851	0.01771	0.06344	0.05524	0.24499	0.01918	0.02017	0.00701	0.00513	0.00146	0.00653	0.00539	0.00389	0.00596
2	0.01122	0.07433	0.63845	0.01371	0.02044	0.02865	0.01686	0.07301	0.01185	0.01700	0.01006	0.04346	0.00779	0.00541	0.00486	0.00160	0.00715	0.00422	0.00251	0.00744
3	0.00969	0.00912	0.01539	0.80734	0.03534	0.01140	0.01425	0.01311	0.01026	0.01311	0.00912	0.01368	0.00684	0.00513	0.00513	0.00171	0.00684	0.00456	0.00228	0.00570
4	0.01710	0.01435	0.01397	0.01149	0.01500	0.10485	0.00920	0.42314	0.28807	0.02624	0.01482	0.01436	0.01092	0.00634	0.00511	0.00159	0.00550	0.00488	0.00488	0.00819
5	0.01077	0.01022	0.01734	0.52957	0.30469	0.01168	0.01479	0.01405	0.01077	0.01442	0.00931	0.01333	0.00730	0.00493	0.00511	0.00164	0.00657	0.00456	0.00237	0.00657
6	0.01270	0.01219	0.02083	0.03149	0.78767	0.01219	0.01575	0.01575	0.01168	0.01676	0.00965	0.01270	0.00813	0.00457	0.00508	0.00152	0.00610	0.00457	0.00254	0.00813
7	0.00735	0.00538	0.00763	0.00760	0.00837	0.00602	0.00566	0.00888	0.00857	0.01219	0.07259	0.02410	0.01664	0.18599	0.59120	0.00712	0.01121	0.00616	0.00304	0.00432
8	0.85592	0.00992	0.00754	0.00675	0.00992	0.01151	0.00556	0.01508	0.00873	0.02302	0.00714	0.00834	0.00556	0.00476	0.00318	0.00159	0.00397	0.00278	0.00318	0.00556
9	0.00652	0.00522	0.00583	0.00568	0.00721	0.00453	0.00426	0.00825	0.01278	0.01643	0.33244	0.04515	0.50352	0.01204	0.00606	0.00169	0.00253	0.01024	0.00510	0.00453
10	0.47266	0.00911	0.00916	0.00764	0.01097	0.00949	0.00626	0.01847	0.01145	0.31708	0.07104	0.01410	0.01154	0.00580	0.00415	0.00159	0.00400	0.00418	0.00458	0.00672
11	0.02274	0.00919	0.01219	0.00935	0.01333	0.00822	0.00772	0.08523	0.01545	0.72991	0.01960	0.01705	0.01238	0.00634	0.00516	0.00158	0.00447	0.00512	0.00625	0.00873
12	0.01746	0.27777	0.01856	0.01167	0.01501	0.47628	0.00954	0.09044	0.01414	0.01429	0.00810	0.00922	0.00680	0.00508	0.00425	0.00127	0.00771	0.00325	0.00274	0.00642
13	0.01930	0.01427	0.01528	0.01176	0.01583	0.01581	0.00970	0.74741	0.04761	0.03200	0.01259	0.01253	0.00894	0.00618	0.00514	0.00155	0.00560	0.00466	0.00514	0.00871
14	0.00636	0.00451	0.00592	0.00701	0.00728	0.00424	0.00462	0.00717	0.00961	0.01282	0.02720	0.74638	0.03257	0.08789	0.00830	0.00234	0.00316	0.01395	0.00462	0.00407
15	0.04022	0.04660	0.22843	0.19862	0.17069	0.01210	0.15268	0.01591	0.01124	0.06076	0.00998	0.01259	0.00745	0.00484	0.00509	0.00162	0.00694	0.00453	0.00262	0.00710
16	0.00938	0.00833	0.06826	0.00990	0.01188	0.00741	0.00899	0.06089	0.06481	0.01704	0.04469	0.04808	0.04078	0.01235	0.00662	0.00218	0.00485	0.56352	0.00462	0.00542
17	0.00625	0.00447	0.00595	0.00714	0.00744	0.00417	0.00476	0.00714	0.00982	0.01310	0.02828	0.81633	0.03394	0.01608	0.00655	0.00208	0.00298	0.01459	0.00476	0.00417
18	0.00933	0.00915	0.05199	0.19603	0.19870	0.00888	0.01042	0.01283	0.07646	0.01520	0.04757	0.20940	0.11533	0.00893	0.00560	0.00175	0.00485	0.00797	0.00361	0.00601
19	0.01584	0.08054	0.05785	0.01353	0.07418	0.14762	0.09558	0.06249	0.15597	0.17043	0.01440	0.01620	0.01106	0.02445	0.00556	0.00165	0.00613	0.03514	0.00402	0.00736
20	0.01270	0.01219	0.02083	0.03149	0.78767	0.01219	0.01575	0.01575	0.01168	0.01676	0.00965	0.01270	0.00813	0.00457	0.00508	0.00152	0.00610	0.00457	0.00254	0.00813
21	0.08388	0.00847	0.01080	0.00853	0.01215	0.00759	0.00699	0.02228	0.03150	0.62595	0.02292	0.02048	0.10109	0.00701	0.00512	0.00161	0.00413	0.00565	0.00590	0.00797
22	0.01556	0.01455	0.01803	0.09821	0.29378	0.15252	0.06237	0.20031	0.01516	0.05079	0.01037	0.01234	0.00802	0.00527	0.00529	0.00154	0.02056	0.00448	0.00332	0.00755
23	0.02547	0.10972	0.28115	0.02666	0.01565	0.09847	0.01140	0.10110	0.01251	0.01643	0.01580	0.19228	0.05650	0.00797	0.00511	0.00163	0.00592	0.00651	0.00331	0.00641
24	0.01270	0.01219	0.02083	0.03149	0.78767	0.01219	0.01575	0.01575	0.01168	0.01676	0.00965	0.01270	0.00813	0.00457	0.00508	0.00152	0.00610	0.00457	0.00254	0.00813
25	0.00745	0.00501	0.00577	0.00577	0.00583	0.00507	0.00332	0.00757	0.00751	0.01008	0.01601	0.03272	0.01828	0.76952	0.07576	0.00518	0.00554	0.00734	0.00309	0.00320
26	0.01251	0.01220	0.01543	0.01582	0.22167	0.10006	0.06696	0.03423	0.01183	0.01663	0.00930	0.01132	0.00767	0.00428	0.00444	0.00112	0.00546	0.00375	0.00288	0.44245
27	0.00672	0.00566	0.00615	0.02733	0.00823	0.03325	0.00479	0.00789	0.01089	0.01344	0.03827	0.40271	0.38839	0.01394	0.00621	0.00188	0.00313	0.01214	0.00462	0.00435
28	0.01305	0.12615	0.10588	0.01522	0.13942	0.01201	0.13272	0.07462	0.04025	0.08876	0.02479	0.07602	0.02477	0.00607	0.00524	0.00152	0.02149	0.00539	0.00341	0.08322
29	0.01298	0.32800	0.31288	0.01248	0.03367	0.12862	0.04350	0.01637	0.01128	0.01425	0.00856	0.01008	0.00688	0.00476	0.00424	0.00137	0.00685	0.00347	0.03294	0.00685

[dist]
# distance from previous block
# <min> <max>
5	7

[block]
# block no. 2 follows, 48 sequences, length 7
# corresponding to MSA columns:
# 660-666
name=unknown_C
#
# <colnr> <probs for GDERKNQSTAVLIFYWHMCP>
#	G	D	E	R	K	N	Q	S	T	A	V	L	I	F	Y	W	H	M	C	P
0	0.01335	0.73610	0.11028	0.00942	0.01415	0.01939	0.00989	0.01546	0.01047	0.01253	0.00736	0.00851	0.00658	0.00444	0.00346	0.00115	0.00572	0.00286	0.00219	0.00669
1	0.85592	0.00992	0.00754	0.00675	0.00992	0.01151	0.00556	0.01508	0.00873	0.02302	0.00714	0.00834	0.00556	0.00476	0.00318	0.00159	0.00397	0.00278	0.00318	0.00556
2	0.00933	0.00711	0.00805	0.00755	0.00897	0.00764	0.00546	0.01512	0.27111	0.01730	0.22043	0.02842	0.02488	0.24415	0.05027	0.00293	0.00427	0.00712	0.05448	0.00544
3	0.00905	0.01975	0.55109	0.01232	0.01767	0.00953	0.01459	0.01345	0.01052	0.01528	0.01507	0.25848	0.01494	0.00832	0.00539	0.00177	0.00617	0.00711	0.00296	0.00653
4	0.00697	0.00510	0.00654	0.00646	0.00756	0.00467	0.00474	0.00900	0.01340	0.01858	0.57830	0.18071	0.11537	0.01174	0.00614	0.00171	0.00254	0.01039	0.00540	0.00467
5	0.01613	0.06382	0.01321	0.01013	0.01339	0.01226	0.00818	0.27475	0.23537	0.16329	0.01793	0.11874	0.01455	0.00759	0.00523	0.00165	0.00461	0.00622	0.00514	0.00783
6	0.01310	0.67811	0.16608	0.00984	0.01481	0.01878	0.01063	0.01553	0.01050	0.01283	0.00751	0.00870	0.00657	0.00448	0.00358	0.00119	0.00587	0.00293	0.00219	0.00677

[dist]
# distance from previous block
# <min> <max>
0	1

[block]
# block no. 3 follows, 48 sequences, length 32
# corresponding to MSA columns:
# 668-699
name=unknown_D
#
# <colnr> <probs for GDERKNQSTAVLIFYWHMCP>
#	G	D	E	R	K	N	Q	S	T	A	V	L	I	F	Y	W	H	M	C	P
0	0.01250	0.31259	0.38130	0.01208	0.01757	0.11023	0.01363	0.01615	0.01119	0.01425	0.00924	0.01214	0.00774	0.00523	0.00439	0.00144	0.00688	0.04221	0.00237	0.00688
1	0.00736	0.00538	0.00765	0.00765	0.00836	0.00609	0.00567	0.00878	0.00807	0.01147	0.01429	0.02318	0.01414	0.21417	0.62544	0.00751	0.01177	0.00594	0.00283	0.00425
2	0.00722	0.00487	0.00567	0.00590	0.00596	0.00482	0.00343	0.00740	0.00792	0.01057	0.01854	0.18691	0.02165	0.66226	0.02228	0.00441	0.00458	0.00886	0.00343	0.00332
3	0.02662	0.03562	0.03087	0.23527	0.22477	0.11424	0.08604	0.08266	0.01253	0.02616	0.01007	0.03174	0.00823	0.00614	0.02378	0.00175	0.02917	0.00473	0.00281	0.00679
4	0.01488	0.01260	0.01276	0.01095	0.01415	0.05437	0.00865	0.22330	0.53951	0.02388	0.01795	0.01683	0.01336	0.00666	0.00517	0.00167	0.00475	0.00536	0.00506	0.00817
5	0.00623	0.00455	0.00586	0.00691	0.00738	0.00419	0.00466	0.00717	0.01005	0.01319	0.03116	0.72318	0.12522	0.01570	0.00649	0.00204	0.00293	0.01413	0.00476	0.00419
6	0.01131	0.01107	0.09915	0.00848	0.01335	0.00745	0.00762	0.01399	0.01089	0.06099	0.00977	0.01105	0.00777	0.00407	0.00400	0.00091	0.00426	0.00325	0.00313	0.70751
7	0.01916	0.01235	0.05308	0.01004	0.01419	0.09102	0.00852	0.15449	0.01544	0.39954	0.01503	0.01416	0.01015	0.00568	0.00485	0.00141	0.00517	0.00443	0.00495	0.15634
8	0.01370	0.01623	0.02674	0.01974	0.02435	0.18977	0.59831	0.01735	0.01266	0.01556	0.00983	0.01281	0.00752	0.00454	0.00573	0.00164	0.00879	0.00544	0.00261	0.00670
9	0.01317	0.01064	0.01138	0.00982	0.01272	0.01183	0.00774	0.20881	0.42935	0.02330	0.10399	0.02261	0.09658	0.00776	0.00537	0.00168	0.00413	0.00640	0.00520	0.00753
10	0.00757	0.00657	0.01142	0.01040	0.01180	0.00615	0.17665	0.00923	0.01034	0.01385	0.02425	0.63585	0.02806	0.01343	0.00644	0.00200	0.00425	0.01267	0.00428	0.00479
11	0.00708	0.00499	0.00553	0.00560	0.00601	0.00478	0.00339	0.00742	0.00856	0.01102	0.02495	0.08400	0.19205	0.59014	0.02044	0.00407	0.00432	0.00865	0.00358	0.00345
12	0.00679	0.00523	0.00620	0.00596	0.00737	0.00464	0.00447	0.00876	0.01340	0.01791	0.49429	0.04271	0.34075	0.01148	0.00606	0.00166	0.00249	0.00989	0.00530	0.00464
13	0.00769	0.00540	0.00663	0.00622	0.00772	0.00483	0.00470	0.00976	0.01372	0.05624	0.53713	0.04048	0.25840	0.01101	0.00601	0.00165	0.00257	0.00952	0.00543	0.00488
14	0.01932	0.00820	0.01093	0.00865	0.01200	0.00730	0.00703	0.05441	0.01507	0.58447	0.19188	0.02193	0.02056	0.00727	0.00536	0.00159	0.00398	0.00606	0.00614	0.00786
15	0.46655	0.09262	0.07056	0.10760	0.09503	0.01261	0.00921	0.04972	0.01035	0.03317	0.00826	0.00995	0.00642	0.00485	0.00387	0.00155	0.00504	0.00338	0.00297	0.00629
16	0.01276	0.01217	0.01535	0.03484	0.31475	0.09145	0.01060	0.05409	0.01214	0.01704	0.00937	0.01145	0.00774	0.00440	0.00448	0.00118	0.00542	0.00378	0.00290	0.37409
17	0.21762	0.54866	0.09628	0.00885	0.01326	0.01736	0.00898	0.01538	0.01005	0.01513	0.00734	0.00851	0.00633	0.00453	0.00342	0.00127	0.00532	0.00285	0.00243	0.00643
18	0.01527	0.01532	0.27258	0.01123	0.01603	0.01051	0.01143	0.05765	0.19755	0.26975	0.03647	0.01681	0.03339	0.00628	0.00513	0.00164	0.00533	0.00509	0.00456	0.00798
19	0.00741	0.01000	0.18295	0.00777	0.01062	0.00620	0.00761	0.01012	0.01240	0.01660	0.28365	0.05101	0.35360	0.01040	0.00580	0.00168	0.00367	0.00880	0.00447	0.00523
20	0.00673	0.00528	0.00641	0.00628	0.00767	0.00496	0.00476	0.00851	0.01182	0.01556	0.27688	0.03929	0.37696	0.01793	0.18447	0.00316	0.00505	0.00914	0.00459	0.00455
21	0.01262	0.01175	0.01743	0.03708	0.37797	0.01248	0.07010	0.02075	0.34479	0.01871	0.01458	0.01561	0.01135	0.00560	0.00522	0.00164	0.00542	0.00522	0.00370	0.00798
22	0.01276	0.01102	0.01160	0.01044	0.01334	0.01276	0.00812	0.02727	0.77840	0.02146	0.02088	0.01914	0.01566	0.00696	0.00522	0.00174	0.00406	0.00580	0.00522	0.00812
23	0.01360	0.79494	0.05366	0.00898	0.01349	0.02001	0.00914	0.01540	0.01044	0.01222	0.00721	0.00832	0.00658	0.00441	0.00335	0.00112	0.00556	0.00278	0.00219	0.00662
24	0.05472	0.00734	0.00834	0.00721	0.00889	0.02559	0.00507	0.05243	0.01069	0.23610	0.01633	0.02551	0.01525	0.46615	0.01687	0.00348	0.00486	0.00622	0.00413	0.02481
25	0.01240	0.49287	0.30342	0.01157	0.01715	0.01689	0.05259	0.01574	0.01066	0.01381	0.00805	0.00947	0.00662	0.00456	0.00401	0.00132	0.00641	0.00330	0.00221	0.00696
26	0.00686	0.00486	0.00580	0.00616	0.00660	0.00461	0.00395	0.00757	0.00951	0.01260	0.10417	0.30263	0.12008	0.36425	0.01494	0.00325	0.00374	0.01049	0.00414	0.00380
27	0.00885	0.01341	0.27484	0.01143	0.01518	0.00823	0.08437	0.01241	0.01167	0.01600	0.10094	0.07400	0.11365	0.00966	0.00598	0.00188	0.00548	0.22240	0.00376	0.00584
28	0.00739	0.00521	0.00686	0.00713	0.00761	0.00549	0.00503	0.00839	0.00850	0.01160	0.01793	0.11293	0.01957	0.37260	0.28518	0.00547	0.00772	0.09809	0.00335	0.00392
29	0.05285	0.12434	0.43466	0.01294	0.01866	0.14554	0.01441	0.10840	0.01292	0.01737	0.00901	0.01030	0.00676	0.00503	0.00459	0.00150	0.00719	0.00363	0.00266	0.00723
30	0.01393	0.00928	0.01519	0.03483	0.23652	0.00882	0.10314	0.01623	0.01206	0.23935	0.05593	0.11533	0.01569	0.09109	0.00763	0.00200	0.00524	0.00668	0.00413	0.00693
31	0.00691	0.00516	0.00613	0.00663	0.00756	0.00480	0.00487	0.00807	0.01040	0.01316	0.03365	0.20047	0.29422	0.19529	0.01090	0.00267	0.00368	0.17694	0.00438	0.00411

[dist]
# distance from previous block
# <min> <max>
0	1

[block]
# block no. 4 follows, 48 sequences, length 23
# corresponding to MSA columns:
# 702-724
name=unknown_E
#
# <colnr> <probs for GDERKNQSTAVLIFYWHMCP>
#	G	D	E	R	K	N	Q	S	T	A	V	L	I	F	Y	W	H	M	C	P
0	0.01428	0.01112	0.01618	0.30846	0.13553	0.01227	0.05260	0.21557	0.04432	0.09612	0.01189	0.01393	0.00868	0.00549	0.00513	0.00161	0.00603	0.00477	0.02873	0.00728
1	0.01508	0.01203	0.04155	0.07952	0.04308	0.01172	0.26632	0.07676	0.18002	0.19660	0.01492	0.01558	0.01059	0.00559	0.00546	0.00167	0.00619	0.00546	0.00418	0.00769
2	0.01216	0.01345	0.03357	0.10006	0.01866	0.13505	0.15934	0.01433	0.01007	0.01331	0.00845	0.01234	0.00738	0.00917	0.06880	0.00237	0.36850	0.00468	0.00241	0.00589
3	0.01700	0.01359	0.01681	0.01297	0.01699	0.01482	0.12184	0.50336	0.18017	0.02771	0.01382	0.01397	0.01004	0.00606	0.00529	0.00161	0.00576	0.00508	0.00478	0.00833
4	0.01181	0.16617	0.27752	0.01053	0.01604	0.01178	0.01122	0.07606	0.01176	0.01697	0.00904	0.01040	0.00713	0.00446	0.00418	0.00118	0.00554	0.00337	0.00276	0.34211
5	0.00672	0.00500	0.00631	0.00724	0.00784	0.00481	0.00495	0.00864	0.06640	0.01377	0.02951	0.70054	0.08870	0.01518	0.00642	0.00203	0.00303	0.01366	0.00480	0.00447
6	0.00642	0.00458	0.00586	0.00681	0.00714	0.00430	0.00447	0.00720	0.00957	0.01267	0.02776	0.65924	0.07204	0.13490	0.00942	0.00249	0.00325	0.01333	0.00452	0.00402
7	0.01229	0.01354	0.05995	0.13476	0.27639	0.09077	0.06283	0.01487	0.01058	0.01443	0.00854	0.01203	0.00726	0.00607	0.00868	0.00177	0.25170	0.00448	0.00241	0.00669
8	0.01549	0.00707	0.00949	0.00785	0.01050	0.00625	0.00625	0.01768	0.01461	0.42287	0.38576	0.02744	0.02977	0.00833	0.00559	0.00160	0.00344	0.00713	0.00601	0.00687
9	0.40018	0.00933	0.01044	0.12624	0.01495	0.00992	0.00763	0.01873	0.01132	0.32632	0.01263	0.01275	0.00858	0.00545	0.00425	0.00161	0.00455	0.00399	0.00430	0.00684
10	0.01302	0.45876	0.28310	0.01106	0.01644	0.01685	0.01226	0.07918	0.03881	0.01550	0.00875	0.00983	0.00706	0.00479	0.00405	0.00133	0.00616	0.00336	0.00254	0.00715
11	0.00616	0.00482	0.00559	0.00621	0.00720	0.00425	0.00435	0.00725	0.01072	0.01346	0.03961	0.44974	0.39321	0.01460	0.00632	0.00192	0.00280	0.01279	0.00476	0.00425
12	0.01186	0.00625	0.00772	0.00677	0.00871	0.00557	0.00506	0.01334	0.01232	0.25452	0.19393	0.03371	0.22100	0.18451	0.01011	0.00236	0.00362	0.00801	0.00509	0.00554
13	0.01056	0.01015	0.01818	0.06137	0.27080	0.01069	0.17928	0.01338	0.01031	0.01460	0.01091	0.01533	0.00941	0.01590	0.26471	0.00382	0.06642	0.00520	0.00259	0.00640
14	0.01298	0.36330	0.16575	0.03534	0.01947	0.07975	0.22515	0.01618	0.01130	0.01413	0.00854	0.01051	0.00692	0.00455	0.00452	0.00141	0.00710	0.00396	0.00234	0.00679
15	0.00746	0.00497	0.00560	0.00560	0.00560	0.00497	0.00311	0.00746	0.00746	0.00995	0.01617	0.03358	0.01865	0.81967	0.02612	0.00497	0.00497	0.00746	0.00311	0.00311
16	0.00678	0.00518	0.00626	0.00641	0.00768	0.00467	0.00485	0.00855	0.01249	0.01642	0.31990	0.15973	0.31730	0.01264	0.00624	0.00181	0.00282	0.09065	0.00509	0.00454
17	0.01355	0.01783	0.32275	0.01352	0.07459	0.03558	0.01299	0.27495	0.01550	0.02172	0.01229	0.07126	0.00995	0.00622	0.00499	0.00158	0.00610	0.00499	0.07216	0.00749
18	0.01643	0.01932	0.02025	0.01707	0.06874	0.42352	0.26302	0.07978	0.01433	0.01572	0.00921	0.01125	0.00727	0.00499	0.00517	0.00149	0.00856	0.00441	0.00282	0.00664
19	0.01666	0.02035	0.01587	0.01383	0.01596	0.54556	0.05993	0.01812	0.01266	0.01276	0.00778	0.01006	0.00672	0.00618	0.00787	0.00159	0.21585	0.00379	0.00254	0.00593
20	0.01158	0.01183	0.02172	0.01686	0.08282	0.01048	0.40514	0.01499	0.01149	0.01658	0.00982	0.01248	0.00774	0.00414	0.00508	0.00133	0.00652	0.00474	0.00277	0.34190
21	0.04191	0.13716	0.25370	0.01135	0.01619	0.07108	0.02902	0.03837	0.05235	0.01619	0.00927	0.01078	0.00737	0.00499	0.00522	0.00135	0.06502	0.00361	0.00273	0.22231
22	0.01219	0.01835	0.32631	0.02126	0.27017	0.01254	0.16844	0.07742	0.01245	0.01776	0.00984	0.01216	0.00747	0.00477	0.00520	0.00161	0.00716	0.00457	0.00261	0.00772

[dist]
# distance from previous block
# <min> <max>
0	1

[block]
# block no. 5 follows, 48 sequences, length 11
# corresponding to MSA columns:
# 726-736
name=unknown_F
#
# <colnr> <probs for GDERKNQSTAVLIFYWHMCP>
#	G	D	E	R	K	N	Q	S	T	A	V	L	I	F	Y	W	H	M	C	P
0	0.00704	0.00517	0.00577	0.00591	0.00670	0.00485	0.00403	0.00781	0.00957	0.01207	0.03092	0.04243	0.30742	0.42007	0.01630	0.00344	0.00405	0.09875	0.00392	0.00376
1	0.04212	0.00866	0.01107	0.22698	0.01745	0.00934	0.00857	0.17861	0.01388	0.08987	0.02283	0.16132	0.17046	0.00897	0.00550	0.00173	0.00471	0.00759	0.00426	0.00609
2	0.01260	0.01268	0.01878	0.22791	0.51505	0.09387	0.01476	0.01557	0.01162	0.01539	0.00934	0.01259	0.00764	0.00479	0.00505	0.00155	0.00661	0.00444	0.00248	0.00728
3	0.01176	0.00705	0.00887	0.00852	0.01058	0.00677	0.00700	0.09157	0.01343	0.17395	0.02931	0.12955	0.17577	0.01173	0.00623	0.00196	0.00412	0.29091	0.00511	0.00581
4	0.00644	0.00492	0.00592	0.00629	0.00732	0.00440	0.00448	0.00786	0.01167	0.01526	0.22820	0.35087	0.30068	0.01358	0.00625	0.00184	0.00270	0.01193	0.00499	0.00440
5	0.01098	0.00909	0.03749	0.01122	0.09168	0.00920	0.00797	0.07001	0.18395	0.06004	0.02163	0.13563	0.10350	0.08207	0.05590	0.00245	0.05175	0.02730	0.02191	0.00623
6	0.01305	0.22298	0.19416	0.01437	0.08064	0.16890	0.11669	0.01616	0.01209	0.01498	0.08935	0.01329	0.01122	0.00532	0.00473	0.00144	0.00687	0.00438	0.00272	0.00667
7	0.01171	0.00622	0.00872	0.00808	0.00981	0.00614	0.00625	0.01349	0.01118	0.24128	0.11147	0.16979	0.02102	0.02153	0.32351	0.00435	0.00763	0.00755	0.00453	0.00575
8	0.01101	0.01972	0.41212	0.01644	0.02178	0.01300	0.23694	0.01551	0.01060	0.01551	0.00905	0.01179	0.00692	0.00555	0.00765	0.00178	0.17072	0.00460	0.00231	0.00699
9	0.01226	0.09073	0.09833	0.26302	0.10483	0.05445	0.05486	0.10558	0.01222	0.01613	0.01012	0.05286	0.00855	0.00601	0.00621	0.00166	0.08796	0.00483	0.00279	0.00660
10	0.18098	0.01431	0.17495	0.05803	0.14196	0.01162	0.17951	0.05934	0.01163	0.04493	0.01104	0.06898	0.00917	0.00562	0.00499	0.00166	0.00627	0.00512	0.00303	0.00688

[dist]
# distance from previous block
# <min> <max>
0	14

[block]
# block no. 6 follows, 48 sequences, length 23
# corresponding to MSA columns:
# 751-773
name=unknown_G
#
# <colnr> <probs for GDERKNQSTAVLIFYWHMCP>
#	G	D	E	R	K	N	Q	S	T	A	V	L	I	F	Y	W	H	M	C	P
0	0.01135	0.28399	0.07029	0.22821	0.02035	0.01347	0.08898	0.01432	0.02798	0.04033	0.01380	0.01590	0.08511	0.00780	0.05597	0.00192	0.00650	0.00479	0.00276	0.00620
1	0.01477	0.40083	0.02239	0.01299	0.06617	0.19918	0.09239	0.01671	0.01159	0.03985	0.00841	0.01014	0.00718	0.00570	0.02261	0.00149	0.05492	0.00360	0.00252	0.00655
2	0.03704	0.23695	0.17639	0.01177	0.01644	0.03997	0.06083	0.15776	0.15173	0.04582	0.01168	0.01220	0.00886	0.00538	0.00459	0.00148	0.00593	0.00417	0.00349	0.00751
3	0.01073	0.01014	0.01766	0.05975	0.44752	0.01006	0.10387	0.01336	0.01116	0.01555	0.01480	0.23232	0.01507	0.00771	0.00560	0.00171	0.00559	0.00749	0.00314	0.00679
4	0.01348	0.00886	0.00993	0.00868	0.01153	0.00916	0.00682	0.02127	0.37932	0.21061	0.02922	0.02698	0.22516	0.00846	0.00544	0.00170	0.00374	0.00701	0.00538	0.00724
5	0.01185	0.01355	0.12198	0.06686	0.12046	0.02927	0.16191	0.01511	0.03476	0.05088	0.01065	0.05845	0.00921	0.00683	0.00907	0.00186	0.26255	0.00534	0.00278	0.00662
6	0.00858	0.00734	0.01140	0.22996	0.14751	0.00795	0.00944	0.01107	0.03743	0.01394	0.01870	0.38180	0.02017	0.01225	0.05662	0.00227	0.00529	0.00926	0.00360	0.00542
7	0.01951	0.01437	0.01540	0.01181	0.01591	0.01591	0.00975	0.77056	0.02412	0.03234	0.01232	0.01232	0.00873	0.00616	0.00513	0.00154	0.00565	0.00462	0.00513	0.00873
8	0.01179	0.00749	0.00948	0.04575	0.01143	0.00775	0.00683	0.12291	0.03763	0.15010	0.02270	0.41045	0.04658	0.01142	0.00650	0.00187	0.04984	0.00985	0.02371	0.00592
9	0.01084	0.01030	0.01748	0.50979	0.32387	0.01170	0.01482	0.01412	0.01081	0.01451	0.00932	0.01330	0.00733	0.00492	0.00511	0.00164	0.00655	0.00456	0.00238	0.00663
10	0.01625	0.07556	0.19437	0.01144	0.01599	0.06100	0.01098	0.17020	0.18003	0.19024	0.01453	0.01409	0.01029	0.00589	0.00493	0.00157	0.00568	0.00458	0.00436	0.00800
11	0.01096	0.11616	0.58976	0.01501	0.02186	0.01304	0.13111	0.01618	0.01098	0.01580	0.00915	0.01099	0.00670	0.00474	0.00487	0.00158	0.00750	0.00401	0.00223	0.00737
12	0.01139	0.06462	0.01645	0.01316	0.01345	0.01602	0.01106	0.01255	0.00803	0.01233	0.00676	0.01103	0.00673	0.00868	0.01595	0.00217	0.75733	0.00438	0.00224	0.00568
13	0.06988	0.01106	0.11440	0.03090	0.01373	0.00877	0.00870	0.10658	0.01389	0.23486	0.13235	0.05050	0.01728	0.00709	0.00510	0.00155	0.00458	0.04631	0.00464	0.11784
14	0.01041	0.02574	0.74513	0.01506	0.02250	0.01198	0.06612	0.01626	0.01091	0.01626	0.00928	0.01102	0.00658	0.00484	0.00495	0.00163	0.00765	0.00393	0.00219	0.00754
15	0.00891	0.00446	0.00668	0.00668	0.00668	0.00446	0.00446	0.00668	0.00668	0.00891	0.00891	0.01560	0.00891	0.01783	0.02005	0.85071	0.00446	0.00446	0.00223	0.00223
16	0.00746	0.00497	0.00560	0.00560	0.00560	0.00497	0.00311	0.00746	0.00746	0.00995	0.01617	0.03358	0.01865	0.81967	0.02612	0.00497	0.00497	0.00746	0.00311	0.00311
17	0.01080	0.01913	0.47165	0.01312	0.03139	0.01052	0.05006	0.06482	0.03281	0.04378	0.08635	0.08923	0.01448	0.00691	0.00531	0.00169	0.00627	0.03141	0.00327	0.00702
18	0.80193	0.01007	0.00839	0.00833	0.05972	0.01155	0.00621	0.01513	0.00892	0.02262	0.00731	0.00861	0.00572	0.00475	0.00330	0.00158	0.00411	0.00289	0.00313	0.00572
19	0.17452	0.00878	0.01253	0.01093	0.05281	0.00863	0.17275	0.04945	0.01152	0.01706	0.02685	0.07468	0.30325	0.04642	0.00636	0.00186	0.00466	0.00764	0.00380	0.00549
20	0.01148	0.27315	0.51498	0.01368	0.05912	0.01454	0.01563	0.01595	0.01075	0.01498	0.00859	0.01012	0.00661	0.00471	0.00439	0.00146	0.00685	0.00351	0.00219	0.00730
21	0.01286	0.19988	0.41896	0.01440	0.08598	0.06464	0.01481	0.10100	0.01255	0.01694	0.00906	0.01049	0.00692	0.00491	0.00456	0.00147	0.00688	0.00369	0.00257	0.00743
22	0.01112	0.00985	0.01654	0.57584	0.21850	0.01139	0.01427	0.01437	0.01084	0.05439	0.00983	0.01364	0.00746	0.00506	0.00512	0.00166	0.00653	0.00459	0.00255	0.00645

[dist]
# distance from previous block
# <min> <max>
0	3

[block]
# block no. 7 follows, 48 sequences, length 73
# corresponding to MSA columns:
# 777-849
name=unknown_H
#
# <colnr> <probs for GDERKNQSTAVLIFYWHMCP>
#	G	D	E	R	K	N	Q	S	T	A	V	L	I	F	Y	W	H	M	C	P
0	0.01656	0.01291	0.01374	0.01121	0.01479	0.01453	0.00904	0.44535	0.35413	0.02758	0.01607	0.01530	0.01176	0.00651	0.00517	0.00163	0.00495	0.00514	0.00517	0.00846
1	0.01270	0.01219	0.02083	0.03149	0.78767	0.01219	0.01575	0.01575	0.01168	0.01676	0.00965	0.01270	0.00813	0.00457	0.00508	0.00152	0.00610	0.00457	0.00254	0.00813
2	0.01029	0.02654	0.79309	0.01462	0.02221	0.01192	0.01896	0.01625	0.01083	0.01625	0.00921	0.01083	0.00650	0.00487	0.00487	0.00162	0.00758	0.00379	0.00217	0.00758
3	0.01029	0.02654	0.79309	0.01462	0.02221	0.01192	0.01896	0.01625	0.01083	0.01625	0.00921	0.01083	0.00650	0.00487	0.00487	0.00162	0.00758	0.00379	0.00217	0.00758
4	0.01495	0.00697	0.00917	0.00764	0.01028	0.00612	0.00607	0.01703	0.01427	0.40274	0.31935	0.02925	0.11677	0.00873	0.00561	0.00161	0.00341	0.00741	0.00589	0.00672
5	0.00802	0.00573	0.00799	0.00917	0.01024	0.00569	0.00784	0.01021	0.01157	0.01508	0.02730	0.15046	0.03007	0.01441	0.00702	0.00233	0.00451	0.66298	0.00473	0.00466
6	0.01716	0.01053	0.01674	0.12077	0.19850	0.01033	0.09827	0.05908	0.03297	0.36005	0.01478	0.01521	0.01017	0.00555	0.00524	0.00161	0.00565	0.00504	0.00440	0.00797
7	0.00908	0.00778	0.01226	0.44322	0.03812	0.00900	0.01123	0.01225	0.02472	0.01491	0.11076	0.02992	0.01890	0.00850	0.00583	0.00189	0.00560	0.22719	0.00348	0.00539
8	0.01026	0.00970	0.01642	0.66023	0.17799	0.01155	0.01453	0.01361	0.01053	0.01380	0.00922	0.01349	0.00708	0.00502	0.00512	0.00167	0.00670	0.00456	0.00233	0.00616
9	0.28577	0.00911	0.01053	0.00838	0.01210	0.00879	0.00692	0.02188	0.01281	0.54888	0.01611	0.01458	0.01045	0.00585	0.00453	0.00159	0.00424	0.00441	0.00535	0.00773
10	0.01219	0.01362	0.02904	0.02292	0.12672	0.01287	0.67012	0.01635	0.01205	0.01648	0.01028	0.01369	0.00783	0.00436	0.00593	0.00170	0.00832	0.00586	0.00259	0.00708
11	0.01343	0.57387	0.02220	0.00929	0.01322	0.01799	0.00858	0.01901	0.24590	0.01495	0.01135	0.01158	0.00937	0.00518	0.00388	0.00129	0.00505	0.00368	0.00312	0.00706
12	0.00969	0.00912	0.01539	0.80734	0.03534	0.01140	0.01425	0.01311	0.01026	0.01311	0.00912	0.01368	0.00684	0.00513	0.00513	0.00171	0.00684	0.00456	0.00228	0.00570
13	0.00685	0.00527	0.00628	0.00615	0.00757	0.00471	0.00469	0.00881	0.01320	0.01751	0.43729	0.04412	0.34478	0.01175	0.00613	0.00171	0.00265	0.06066	0.00523	0.00463
14	0.01009	0.00952	0.01610	0.70547	0.13412	0.01150	0.01445	0.01346	0.01045	0.01359	0.00919	0.01355	0.00701	0.00506	0.00512	0.00169	0.00674	0.00456	0.00231	0.00602
15	0.72869	0.01019	0.00828	0.00725	0.01044	0.01173	0.00595	0.08570	0.02956	0.02372	0.00829	0.00934	0.00636	0.00499	0.00342	0.00157	0.00408	0.00309	0.03146	0.00589
16	0.00733	0.00550	0.00825	0.00825	0.00916	0.00641	0.00641	0.00916	0.00825	0.01191	0.01374	0.02016	0.01283	0.03848	0.79934	0.00825	0.01374	0.00550	0.00275	0.00458
17	0.00740	0.00523	0.00691	0.00691	0.00737	0.00569	0.00475	0.00831	0.00785	0.01092	0.01496	0.02691	0.01576	0.43149	0.41034	0.00660	0.00933	0.00649	0.00293	0.00384
18	0.00733	0.00550	0.00825	0.00825	0.00916	0.00641	0.00641	0.00916	0.00825	0.01191	0.01374	0.02016	0.01283	0.03848	0.79934	0.00825	0.01374	0.00550	0.00275	0.00458
19	0.01270	0.01219	0.02083	0.03149	0.78767	0.01219	0.01575	0.01575	0.01168	0.01676	0.00965	0.01270	0.00813	0.00457	0.00508	0.00152	0.00610	0.00457	0.00254	0.00813
20	0.01591	0.01032	0.01170	0.01004	0.01327	0.01116	0.00794	0.02657	0.54378	0.25794	0.02069	0.01863	0.01475	0.00677	0.00520	0.00169	0.00415	0.00560	0.00557	0.00831
21	0.01270	0.01219	0.02083	0.03149	0.78767	0.01219	0.01575	0.01575	0.01168	0.01676	0.00965	0.01270	0.00813	0.00457	0.00508	0.00152	0.00610	0.00457	0.00254	0.00813
22	0.01248	0.53497	0.30383	0.01089	0.01644	0.01727	0.01246	0.01568	0.01057	0.01358	0.00788	0.00917	0.00655	0.00457	0.00386	0.00129	0.00624	0.00312	0.00218	0.00695
23	0.01033	0.02626	0.77622	0.01478	0.02231	0.01194	0.03554	0.01625	0.01086	0.01625	0.00923	0.01090	0.00653	0.00486	0.00490	0.00163	0.00761	0.00384	0.00218	0.00757
24	0.00624	0.00451	0.00591	0.00703	0.00741	0.00418	0.00471	0.00716	0.00993	0.01314	0.02962	0.77313	0.07627	0.01590	0.00652	0.00206	0.00296	0.01438	0.00476	0.00418
25	0.01276	0.01102	0.01160	0.01044	0.01334	0.01276	0.00812	0.02727	0.77840	0.02146	0.02088	0.01914	0.01566	0.00696	0.00522	0.00174	0.00406	0.00580	0.00522	0.00812
26	0.01103	0.01049	0.01782	0.46072	0.37145	0.01175	0.01492	0.01429	0.01090	0.01474	0.00936	0.01324	0.00742	0.00488	0.00511	0.00163	0.00651	0.00457	0.00240	0.00678
27	0.01538	0.01526	0.01090	0.00978	0.01209	0.36827	0.00747	0.11609	0.04613	0.01797	0.01232	0.01374	0.00970	0.00573	0.00433	0.00132	0.00601	0.00413	0.31742	0.00597
28	0.01466	0.01061	0.01445	0.03832	0.06794	0.01004	0.08197	0.17204	0.01446	0.15504	0.04648	0.01473	0.02622	0.00549	0.00513	0.00134	0.02518	0.00465	0.00408	0.28717
29	0.00685	0.00510	0.00649	0.00740	0.00824	0.00482	0.00550	0.00850	0.02983	0.01398	0.03227	0.47608	0.17294	0.01483	0.00655	0.00207	0.00334	0.18601	0.00477	0.00443
30	0.00733	0.00548	0.00818	0.00818	0.00907	0.00638	0.00633	0.00912	0.00823	0.01186	0.01381	0.02050	0.01298	0.05830	0.77973	0.00816	0.01352	0.00555	0.00276	0.00454
31	0.00977	0.00928	0.01588	0.78126	0.03506	0.01145	0.03931	0.01322	0.01032	0.01322	0.00916	0.01369	0.00687	0.00510	0.00516	0.00171	0.00690	0.00461	0.00229	0.00574
32	0.10168	0.01146	0.02179	0.01605	0.02029	0.01097	0.46501	0.01692	0.01183	0.14300	0.01228	0.01462	0.00903	0.00706	0.05783	0.00209	0.00739	0.00545	0.05847	0.00678
33	0.01926	0.02169	0.01478	0.01283	0.01588	0.58416	0.00987	0.22632	0.01717	0.01799	0.00914	0.01009	0.00719	0.00553	0.00477	0.00138	0.00826	0.00367	0.00333	0.00671
34	0.01272	0.00789	0.01036	0.00874	0.02998	0.00666	0.03157	0.02678	0.01216	0.22036	0.06307	0.16950	0.08644	0.00806	0.00513	0.00143	0.00385	0.00699	0.00455	0.28376
35	0.01086	0.01007	0.01716	0.04087	0.37977	0.00983	0.11125	0.01378	0.01190	0.01660	0.08673	0.03980	0.03085	0.00721	0.00564	0.00169	0.00560	0.14275	0.00335	0.05430
36	0.07802	0.00881	0.01162	0.00897	0.01289	0.00780	0.00741	0.02435	0.01429	0.74050	0.01938	0.01686	0.01223	0.00625	0.00503	0.00159	0.00434	0.00500	0.00614	0.00852
37	0.01011	0.00955	0.01614	0.69995	0.13948	0.01151	0.01446	0.01347	0.01046	0.01362	0.00919	0.01354	0.00702	0.00505	0.00512	0.00168	0.00674	0.00456	0.00232	0.00604
38	0.01115	0.03092	0.25232	0.06957	0.14275	0.01226	0.27153	0.01524	0.01110	0.01567	0.01054	0.05767	0.00878	0.00556	0.00621	0.00171	0.06214	0.00537	0.00253	0.00698
39	0.00700	0.00544	0.00699	0.00789	0.05144	0.00502	0.00526	0.00882	0.02601	0.01591	0.26206	0.33424	0.21925	0.01282	0.00617	0.00182	0.00291	0.01134	0.00491	0.00471
40	0.00607	0.00516	0.00524	0.00531	0.00696	0.00432	0.00395	0.00735	0.01159	0.01382	0.05064	0.09257	0.74325	0.01317	0.00609	0.00175	0.00262	0.01104	0.00476	0.00432
41	0.01517	0.52601	0.07312	0.01052	0.01459	0.25854	0.00979	0.01699	0.01171	0.01249	0.00751	0.00871	0.00659	0.00470	0.00380	0.00120	0.00678	0.00298	0.00233	0.00645
42	0.01627	0.07198	0.30464	0.01229	0.01759	0.06442	0.01275	0.26515	0.01606	0.15213	0.01187	0.01217	0.00829	0.00554	0.00489	0.00154	0.00637	0.00419	0.00388	0.00798
43	0.00726	0.00534	0.00692	0.00729	0.00846	0.00501	0.00576	0.00928	0.01260	0.01688	0.33030	0.14840	0.15747	0.01278	0.00645	0.00193	0.00325	0.24488	0.00510	0.00464
44	0.00624	0.00450	0.00592	0.00706	0.00742	0.00417	0.00473	0.00715	0.00990	0.01313	0.02930	0.78335	0.06625	0.01594	0.00653	0.00207	0.00296	0.01443	0.00476	0.00417
45	0.05897	0.13471	0.59291	0.01329	0.01986	0.06443	0.01622	0.01634	0.01090	0.01582	0.00872	0.01023	0.00647	0.00483	0.00455	0.00153	0.00720	0.00356	0.00226	0.00723
46	0.01030	0.11632	0.01917	0.01626	0.15233	0.01056	0.25191	0.01286	0.01123	0.01510	0.05910	0.26743	0.01823	0.00843	0.00568	0.00172	0.00564	0.00823	0.00339	0.00610
47	0.00746	0.00497	0.00560	0.00560	0.00560	0.00497	0.00311	0.00746	0.00746	0.00995	0.01617	0.03358	0.01865	0.81967	0.02612	0.00497	0.00497	0.00746	0.00311	0.00311
48	0.00952	0.00888	0.01512	0.65799	0.03119	0.01074	0.05551	0.01267	0.01005	0.01301	0.00996	0.01542	0.00806	0.06046	0.05899	0.00236	0.00728	0.00490	0.00238	0.00553
49	0.00867	0.00791	0.01440	0.01205	0.01405	0.00828	0.22110	0.01105	0.00953	0.01336	0.01447	0.12262	0.01397	0.02492	0.44536	0.00540	0.03788	0.00681	0.00295	0.00522
50	0.00648	0.00456	0.00589	0.00685	0.00710	0.00432	0.00445	0.00720	0.00938	0.01251	0.02601	0.66946	0.03107	0.16685	0.01022	0.00263	0.00335	0.01325	0.00445	0.00397
51	0.00625	0.00447	0.00595	0.00714	0.00744	0.00417	0.00476	0.00714	0.00982	0.01310	0.02828	0.81633	0.03394	0.01608	0.00655	0.00208	0.00298	0.01459	0.00476	0.00417
52	0.00933	0.00829	0.00747	0.00702	0.00893	0.10944	0.00530	0.04695	0.01308	0.04886	0.14056	0.08193	0.47148	0.01120	0.00582	0.00167	0.00369	0.00930	0.00469	0.00500
53	0.85592	0.00992	0.00754	0.00675	0.00992	0.01151	0.00556	0.01508	0.00873	0.02302	0.00714	0.00834	0.00556	0.00476	0.00318	0.00159	0.00397	0.00278	0.00318	0.00556
54	0.00860	0.00490	0.00531	0.00526	0.00608	0.00485	0.00360	0.01024	0.01021	0.01642	0.11743	0.02621	0.01952	0.26326	0.01102	0.00244	0.00321	0.00622	0.47095	0.00426
55	0.01327	0.71821	0.12749	0.00955	0.01436	0.01920	0.01012	0.01548	0.01048	0.01262	0.00741	0.00857	0.00657	0.00445	0.00350	0.00117	0.00576	0.00288	0.00219	0.00672
56	0.00756	0.00578	0.00846	0.00833	0.00912	0.00682	0.00642	0.00921	0.00816	0.01178	0.01354	0.02071	0.01294	0.09847	0.69425	0.00765	0.05791	0.00560	0.00275	0.00452
57	0.00746	0.00497	0.00560	0.00560	0.00560	0.00497	0.00311	0.00746	0.00746	0.00995	0.01617	0.03358	0.01865	0.81967	0.02612	0.00497	0.00497	0.00746	0.00311	0.00311
58	0.07413	0.01487	0.06565	0.01166	0.01593	0.01536	0.01008	0.67144	0.02224	0.03067	0.01177	0.01196	0.00837	0.00598	0.00499	0.00155	0.00566	0.00444	0.00481	0.00844
59	0.00938	0.00547	0.00676	0.00725	0.00853	0.00543	0.00605	0.01174	0.01142	0.04341	0.02204	0.03833	0.02127	0.01006	0.00538	0.00179	0.00362	0.37666	0.40053	0.00489
60	0.00718	0.00534	0.00689	0.00778	0.00885	0.00504	0.00624	0.00888	0.01123	0.01437	0.03347	0.26598	0.21331	0.01442	0.00669	0.00213	0.00373	0.36925	0.00475	0.00448
61	0.00746	0.00497	0.00560	0.00560	0.00560	0.00497	0.00311	0.00746	0.00746	0.00995	0.01617	0.03358	0.01865	0.81967	0.02612	0.00497	0.00497	0.00746	0.00311	0.00311
62	0.01497	0.64007	0.02406	0.00980	0.01379	0.19852	0.00904	0.01654	0.01137	0.01218	0.00732	0.00846	0.00659	0.00460	0.00360	0.00115	0.00635	0.00287	0.00230	0.00644
63	0.00969	0.00912	0.01539	0.80734	0.03534	0.01140	0.01425	0.01311	0.01026	0.01311	0.00912	0.01368	0.00684	0.00513	0.00513	0.00171	0.00684	0.00456	0.00228	0.00570
64	0.01533	0.03027	0.05159	0.04195	0.31096	0.03947	0.03167	0.30507	0.08317	0.02275	0.01153	0.01289	0.00882	0.00543	0.00508	0.00155	0.00599	0.00462	0.00374	0.00813
65	0.00968	0.00622	0.00742	0.00694	0.00783	0.00725	0.00543	0.01168	0.00984	0.01682	0.01434	0.01795	0.01192	0.03332	0.07188	0.00211	0.17580	0.00486	0.57381	0.00489
66	0.02529	0.12106	0.12374	0.01665	0.09265	0.04316	0.30165	0.03424	0.01185	0.03486	0.00967	0.01189	0.00752	0.00448	0.00495	0.00143	0.00686	0.00449	0.00271	0.14084
67	0.01166	0.01117	0.01963	0.31731	0.16602	0.02536	0.21159	0.03362	0.01149	0.04154	0.01075	0.04873	0.00877	0.00546	0.00577	0.00168	0.03353	0.00536	0.00275	0.02781
68	0.01155	0.01102	0.01875	0.32747	0.50066	0.01189	0.01518	0.01474	0.01114	0.01537	0.00945	0.01307	0.00764	0.00478	0.00510	0.00159	0.00638	0.00457	0.00244	0.00720
69	0.00930	0.00845	0.01140	0.01037	0.01068	0.01080	0.00824	0.01037	0.00887	0.01273	0.04410	0.12931	0.08403	0.11709	0.01478	0.00252	0.44991	0.04896	0.00318	0.00490
70	0.01292	0.08827	0.36604	0.01258	0.02854	0.01245	0.01340	0.01847	0.12635	0.12602	0.01205	0.01286	0.00885	0.00581	0.00625	0.00164	0.10387	0.00427	0.00327	0.03608
71	0.00822	0.03392	0.02664	0.00701	0.00825	0.00622	0.02322	0.05162	0.01072	0.01440	0.08212	0.18221	0.14835	0.28235	0.01257	0.00283	0.00404	0.03109	0.05978	0.00444
72	0.04934	0.00744	0.02448	0.01092	0.11428	0.03310	0.01971	0.01038	0.01100	0.02990	0.11520	0.44241	0.05236	0.01170	0.00586	0.00181	0.00383	0.01048	0.00429	0.04152

[dist]
# distance from previous block
# <min> <max>
9	35

[block]
# block no. 8 follows, 48 sequences, length 10
# corresponding to MSA columns:
# 885-894
name=unknown_I
#
# <colnr> <probs for GDERKNQSTAVLIFYWHMCP>
#	G	D	E	R	K	N	Q	S	T	A	V	L	I	F	Y	W	H	M	C	P
0	0.01223	0.00908	0.01194	0.01141	0.12597	0.00755	0.00781	0.01460	0.01160	0.11905	0.04850	0.01687	0.01200	0.00538	0.00453	0.00115	0.00422	0.06303	0.00366	0.50941
1	0.01412	0.01299	0.01530	0.01714	0.27632	0.11233	0.01047	0.16249	0.01413	0.01934	0.01006	0.01181	0.00808	0.00480	0.00459	0.00126	0.00559	0.00397	0.03564	0.25956
2	0.01186	0.01133	0.01931	0.24799	0.57773	0.01197	0.01533	0.01501	0.01129	0.01574	0.00950	0.01297	0.00777	0.00473	0.00509	0.00158	0.00630	0.00457	0.00247	0.00745
3	0.01016	0.00960	0.01624	0.68648	0.15254	0.01152	0.01448	0.01352	0.01048	0.01368	0.00920	0.01353	0.00704	0.00504	0.00512	0.00168	0.00672	0.00456	0.00232	0.00608
4	0.00761	0.00605	0.00905	0.23090	0.01587	0.00653	0.00811	0.00951	0.01034	0.01355	0.02271	0.44048	0.02549	0.01264	0.00626	0.00204	0.00440	0.15968	0.00406	0.00471
5	0.00986	0.00923	0.01468	0.27918	0.32251	0.00974	0.01195	0.01254	0.01122	0.01475	0.02129	0.02326	0.22465	0.00711	0.00537	0.00164	0.00536	0.00631	0.00308	0.00627
6	0.13436	0.11680	0.01780	0.01258	0.01556	0.01081	0.27474	0.01282	0.01049	0.01558	0.01546	0.28516	0.01616	0.00853	0.00574	0.00176	0.02859	0.00799	0.00335	0.00570
7	0.01242	0.00720	0.00889	0.00795	0.01004	0.00687	0.00609	0.12426	0.01436	0.20372	0.19973	0.24994	0.10596	0.01070	0.00585	0.00174	0.00354	0.00927	0.00540	0.00610
8	0.00863	0.23358	0.01215	0.05481	0.01051	0.00930	0.00605	0.01034	0.01174	0.01448	0.16353	0.03383	0.39385	0.00969	0.00523	0.00153	0.00363	0.00793	0.00405	0.00513
9	0.01274	0.01384	0.07984	0.04887	0.34137	0.05987	0.10963	0.01928	0.22574	0.01761	0.01272	0.01432	0.00992	0.00529	0.00520	0.00161	0.00619	0.00497	0.00326	0.00771

[dist]
# distance from previous block
# <min> <max>
4	6

[block]
# block no. 9 follows, 48 sequences, length 27
# corresponding to MSA columns:
# 901-927
name=unknown_J
#
# <colnr> <probs for GDERKNQSTAVLIFYWHMCP>
#	G	D	E	R	K	N	Q	S	T	A	V	L	I	F	Y	W	H	M	C	P
0	0.12024	0.04565	0.06378	0.01214	0.01513	0.37919	0.01006	0.15442	0.01430	0.01762	0.00852	0.01003	0.00687	0.00582	0.00615	0.00153	0.11534	0.00365	0.00306	0.00648
1	0.03639	0.01411	0.09373	0.01064	0.03420	0.22255	0.06017	0.06236	0.01282	0.04646	0.01253	0.01427	0.00968	0.00552	0.00436	0.00137	0.00564	0.00431	0.34286	0.00604
2	0.00926	0.00716	0.01062	0.14320	0.01464	0.00689	0.09486	0.01122	0.01139	0.09504	0.03229	0.10057	0.36989	0.06139	0.00712	0.00195	0.00439	0.00873	0.00415	0.00523
3	0.00655	0.00489	0.00574	0.00624	0.00700	0.00448	0.00426	0.00748	0.01012	0.01295	0.05340	0.34811	0.27572	0.18881	0.01063	0.00259	0.00334	0.03923	0.00443	0.00403
4	0.01218	0.42897	0.35598	0.01273	0.06618	0.01618	0.01360	0.01577	0.01068	0.01417	0.00819	0.00963	0.00665	0.00461	0.00409	0.00135	0.00643	0.00331	0.00220	0.00711
5	0.01175	0.21229	0.26892	0.16020	0.09849	0.01358	0.07158	0.01549	0.01090	0.03530	0.00911	0.01131	0.00706	0.00472	0.00460	0.00147	0.00659	0.00393	0.00242	0.05030
6	0.00804	0.00497	0.00725	0.00733	0.00786	0.00539	0.00535	0.00825	0.00790	0.01129	0.01296	0.06879	0.01265	0.02673	0.38844	0.33926	0.00864	0.00562	0.05965	0.00364
7	0.01558	0.01470	0.01346	0.14813	0.01774	0.23644	0.00966	0.27152	0.05904	0.02030	0.01264	0.08136	0.01063	0.00662	0.00502	0.00154	0.00636	0.00516	0.05737	0.00674
8	0.00877	0.00578	0.00747	0.00685	0.00835	0.00541	0.00520	0.01169	0.04831	0.08254	0.68973	0.03580	0.04410	0.01000	0.00594	0.00162	0.00265	0.00879	0.00569	0.00530
9	0.02052	0.01153	0.01349	0.01048	0.01442	0.01185	0.00861	0.36927	0.08446	0.37506	0.01664	0.01523	0.01112	0.00631	0.00515	0.00158	0.00493	0.00497	0.00569	0.00868
10	0.00625	0.00447	0.00595	0.00714	0.00744	0.00417	0.00476	0.00714	0.00982	0.01310	0.02828	0.81633	0.03394	0.01608	0.00655	0.00208	0.00298	0.01459	0.00476	0.00417
11	0.00956	0.00478	0.00478	0.00478	0.00598	0.00478	0.00359	0.01196	0.01076	0.01913	0.01674	0.01913	0.01315	0.00598	0.00359	0.00120	0.00239	0.00478	0.84816	0.00478
12	0.05645	0.01675	0.01402	0.01176	0.01512	0.26656	0.00929	0.35014	0.16741	0.02344	0.01234	0.01248	0.00925	0.00597	0.00490	0.00151	0.00642	0.00434	0.00426	0.00757
