[name]
unknown

[dist]
# distance from previous block
# <min> <max>
0	253

[block]
# block no. 0 follows, 53 sequences, length 28
# corresponding to MSA columns:
# 275-302
name=unknown_A
#
# <colnr> <probs for GDERKNQSTAVLIFYWHMCP>
#	G	D	E	R	K	N	Q	S	T	A	V	L	I	F	Y	W	H	M	C	P
0	0.00698	0.00592	0.04535	0.00667	0.00810	0.00493	0.00549	0.00935	0.01298	0.01820	0.64619	0.03693	0.06549	0.01000	0.00570	0.00159	0.00275	0.09782	0.00498	0.00461
1	0.01681	0.04795	0.01416	0.01223	0.01471	0.69454	0.03354	0.01850	0.03685	0.01205	0.00818	0.02670	0.00700	0.00524	0.00472	0.00129	0.03390	0.00347	0.00255	0.00561
2	0.00991	0.00850	0.00991	0.00708	0.01133	0.00637	0.00566	0.01203	0.00991	0.01557	0.00850	0.00991	0.00708	0.00354	0.00354	0.00071	0.00354	0.00283	0.00283	0.86124
3	0.00597	0.00442	0.00562	0.00652	0.00713	0.00407	0.00460	0.00701	0.00966	0.01254	0.03044	0.60520	0.17733	0.01426	0.00606	0.00190	0.00286	0.08602	0.00443	0.00396
4	0.01976	0.00995	0.01205	0.00928	0.01293	0.00983	0.00765	0.30636	0.01681	0.48784	0.01599	0.01455	0.01047	0.00584	0.00474	0.00145	0.00444	0.00461	0.03748	0.00799
5	0.00622	0.00484	0.00565	0.00550	0.00682	0.00427	0.00411	0.00795	0.01217	0.01607	0.42941	0.06788	0.38991	0.01102	0.00566	0.00157	0.00235	0.00948	0.00486	0.00427
6	0.00582	0.00480	0.00512	0.00523	0.00666	0.00410	0.00390	0.00710	0.01094	0.01338	0.10544	0.11993	0.64392	0.01222	0.00572	0.00165	0.00250	0.03299	0.00450	0.00407
7	0.00582	0.00416	0.00555	0.00666	0.00693	0.00388	0.00444	0.00666	0.00915	0.01220	0.02634	0.82891	0.03161	0.01497	0.00610	0.00194	0.00277	0.01359	0.00444	0.00388
8	0.02835	0.00508	0.00653	0.00609	0.00733	0.00473	0.00459	0.00952	0.01340	0.04005	0.75943	0.03450	0.04323	0.00954	0.00555	0.00150	0.00234	0.00839	0.00522	0.00462
9	0.00887	0.00767	0.01248	0.01654	0.33323	0.00818	0.00953	0.01104	0.00899	0.01294	0.01124	0.01593	0.01016	0.02292	0.48238	0.00512	0.00989	0.00477	0.00248	0.00562
10	0.01149	0.00829	0.00944	0.00841	0.01021	0.00885	0.00648	0.32623	0.01429	0.01907	0.01686	0.14686	0.01722	0.22471	0.02780	0.00260	0.00475	0.12685	0.00413	0.00545
11	0.01278	0.83490	0.02505	0.00818	0.01227	0.01891	0.00818	0.01431	0.00971	0.01125	0.00664	0.00767	0.00613	0.00409	0.00307	0.00102	0.00511	0.00256	0.00204	0.00613
12	0.01817	0.01339	0.01434	0.01100	0.01482	0.01482	0.00908	0.78627	0.02247	0.03012	0.01148	0.01148	0.00813	0.00574	0.00478	0.00143	0.00526	0.00430	0.00478	0.00813
13	0.01183	0.01136	0.01940	0.02934	0.80221	0.01136	0.01467	0.01467	0.01088	0.01562	0.00899	0.01183	0.00757	0.00426	0.00473	0.00142	0.00568	0.00426	0.00237	0.00757
14	0.86579	0.00924	0.00702	0.00629	0.00924	0.01072	0.00518	0.01405	0.00813	0.02144	0.00666	0.00776	0.00518	0.00444	0.00296	0.00148	0.00370	0.00259	0.00296	0.00518
15	0.01278	0.83490	0.02505	0.00818	0.01227	0.01891	0.00818	0.01431	0.00971	0.01125	0.00664	0.00767	0.00613	0.00409	0.00307	0.00102	0.00511	0.00256	0.00204	0.00613
16	0.00915	0.00863	0.01457	0.78452	0.06794	0.01065	0.01334	0.01232	0.00962	0.01237	0.00852	0.01270	0.00643	0.00475	0.00478	0.00158	0.00634	0.00425	0.00213	0.00541
17	0.00582	0.00416	0.00555	0.00666	0.00693	0.00388	0.00444	0.00666	0.00915	0.01220	0.02634	0.82891	0.03161	0.01497	0.00610	0.00194	0.00277	0.01359	0.00444	0.00388
18	0.00582	0.00416	0.00555	0.00666	0.00693	0.00388	0.00444	0.00666	0.00915	0.01220	0.02634	0.82891	0.03161	0.01497	0.00610	0.00194	0.00277	0.01359	0.00444	0.00388
19	0.00689	0.00486	0.00636	0.00636	0.00676	0.00526	0.00433	0.00769	0.00729	0.01012	0.01401	0.02545	0.01485	0.46112	0.39178	0.00605	0.00844	0.00610	0.00274	0.00353
20	0.00903	0.00850	0.01434	0.82054	0.03292	0.01062	0.01327	0.01221	0.00956	0.01221	0.00850	0.01274	0.00637	0.00478	0.00478	0.00159	0.00637	0.00425	0.00212	0.00531
21	0.00683	0.00512	0.00768	0.00768	0.00853	0.00597	0.00597	0.00853	0.00768	0.01110	0.01280	0.01878	0.01195	0.03585	0.81308	0.00768	0.01280	0.00512	0.00256	0.00427
22	0.00991	0.00850	0.00991	0.00708	0.01133	0.00637	0.00566	0.01203	0.00991	0.01557	0.00850	0.00991	0.00708	0.00354	0.00354	0.00071	0.00354	0.00283	0.00283	0.86124
23	0.00684	0.00508	0.00745	0.00745	0.00822	0.00585	0.00569	0.00839	0.00761	0.01092	0.01301	0.01995	0.01246	0.11034	0.73928	0.00740	0.01204	0.00529	0.00259	0.00414
24	0.01215	0.01421	0.11686	0.01410	0.01786	0.11870	0.28834	0.04589	0.14821	0.04164	0.06153	0.04100	0.01156	0.00567	0.00556	0.00156	0.04017	0.00530	0.00323	0.00646
25	0.01064	0.00922	0.01041	0.00928	0.01138	0.08099	0.05556	0.01629	0.27667	0.05924	0.09533	0.21521	0.03750	0.00857	0.00556	0.00161	0.03245	0.00740	0.00427	0.05241
26	0.03390	0.05274	0.04027	0.00838	0.01082	0.00692	0.08093	0.01058	0.03039	0.01450	0.09080	0.31410	0.02009	0.03382	0.00555	0.00154	0.00383	0.00780	0.00360	0.22945
27	0.27160	0.01207	0.04075	0.01355	0.10737	0.11248	0.18640	0.04317	0.01044	0.01669	0.00924	0.03252	0.00773	0.00864	0.10545	0.00226	0.00684	0.00425	0.00273	0.00582

[dist]
# distance from previous block
# <min> <max>
4	41

[block]
# block no. 1 follows, 53 sequences, length 12
# corresponding to MSA columns:
# 345-356
name=unknown_B
#
# <colnr> <probs for GDERKNQSTAVLIFYWHMCP>
#	G	D	E	R	K	N	Q	S	T	A	V	L	I	F	Y	W	H	M	C	P
0	0.04491	0.03964	0.10677	0.15708	0.10685	0.00846	0.00942	0.01298	0.04435	0.07180	0.20873	0.08812	0.01986	0.00725	0.00498	0.00155	0.00446	0.03673	0.02034	0.00573
1	0.01012	0.01013	0.04852	0.01456	0.15632	0.02656	0.18519	0.01485	0.16122	0.03372	0.06798	0.10422	0.13083	0.00731	0.00528	0.00159	0.00495	0.00685	0.00363	0.00617
2	0.01304	0.05046	0.01411	0.01254	0.12431	0.12734	0.04045	0.15589	0.03430	0.01738	0.00935	0.01087	0.00754	0.00527	0.02130	0.00130	0.03823	0.00364	0.01908	0.29361
3	0.01317	0.01102	0.01625	0.19557	0.40535	0.05895	0.01246	0.05077	0.02997	0.12499	0.01045	0.01254	0.00798	0.00486	0.00499	0.00148	0.02493	0.00429	0.00297	0.00701
4	0.07148	0.01029	0.01690	0.28073	0.49997	0.01108	0.01355	0.01384	0.01026	0.01494	0.00867	0.01183	0.00702	0.00444	0.00462	0.00148	0.00576	0.00414	0.00233	0.00668
5	0.01001	0.00957	0.01633	0.47440	0.31337	0.01071	0.04013	0.01303	0.01015	0.01359	0.01013	0.01359	0.03485	0.00482	0.00482	0.00153	0.00604	0.00451	0.00230	0.00613
6	0.08928	0.01646	0.01247	0.01108	0.01346	0.39963	0.00859	0.07208	0.20702	0.01585	0.01048	0.01124	0.00832	0.00571	0.00564	0.00146	0.09802	0.00382	0.00322	0.00616
7	0.00970	0.00850	0.01097	0.20157	0.01649	0.00739	0.00748	0.01208	0.00983	0.01477	0.00850	0.01059	0.00691	0.00384	0.00384	0.00092	0.00422	0.00317	0.00266	0.65660
8	0.00688	0.00493	0.00669	0.00669	0.00720	0.00544	0.00474	0.00790	0.00739	0.01036	0.01371	0.02379	0.01413	0.35506	0.49684	0.00646	0.00953	0.00585	0.00270	0.00372
9	0.02011	0.01028	0.01242	0.00952	0.01327	0.01020	0.00786	0.33427	0.01726	0.48948	0.01585	0.01431	0.01032	0.00584	0.00480	0.00146	0.00455	0.00460	0.00545	0.00813
10	0.00638	0.00468	0.00559	0.00585	0.00688	0.00417	0.00417	0.00765	0.01076	0.03365	0.19475	0.32729	0.31979	0.03803	0.00637	0.00180	0.00262	0.01083	0.00460	0.00415
11	0.01322	0.00898	0.01320	0.01138	0.06903	0.00866	0.13776	0.12526	0.05716	0.21545	0.07945	0.05656	0.16772	0.00737	0.00522	0.00155	0.00450	0.00656	0.00446	0.00653

[dist]
# distance from previous block
# <min> <max>
12	40

[block]
# block no. 2 follows, 53 sequences, length 45
# corresponding to MSA columns:
# 400-444
name=unknown_C
#
# <colnr> <probs for GDERKNQSTAVLIFYWHMCP>
#	G	D	E	R	K	N	Q	S	T	A	V	L	I	F	Y	W	H	M	C	P
0	0.48070	0.21260	0.01222	0.00732	0.01058	0.01250	0.00638	0.05526	0.04481	0.01864	0.00848	0.01072	0.00717	0.00488	0.00338	0.00136	0.00416	0.03942	0.00298	0.05643
1	0.05776	0.01287	0.02436	0.01772	0.02209	0.04799	0.60144	0.06142	0.01187	0.05393	0.00985	0.01243	0.00733	0.00442	0.00566	0.00159	0.03285	0.00520	0.00275	0.00648
2	0.05688	0.00456	0.00560	0.00642	0.00703	0.00433	0.00441	0.00723	0.00947	0.01315	0.06423	0.66565	0.10599	0.01382	0.00585	0.00186	0.00277	0.01236	0.00439	0.00400
3	0.05522	0.01122	0.08578	0.01485	0.04880	0.01004	0.37430	0.03382	0.01032	0.01478	0.01245	0.01567	0.05527	0.01254	0.20436	0.00309	0.02373	0.00532	0.00262	0.00582
4	0.74115	0.00949	0.00723	0.00664	0.00932	0.05263	0.00532	0.01363	0.00852	0.02007	0.00852	0.08388	0.00768	0.00544	0.00332	0.00151	0.00387	0.00363	0.00307	0.00508
5	0.00696	0.00664	0.07970	0.00630	0.00748	0.00518	0.00498	0.00802	0.00867	0.01127	0.02383	0.03548	0.21025	0.46146	0.01590	0.00333	0.00429	0.09315	0.00336	0.00373
6	0.01820	0.01066	0.01228	0.00966	0.01318	0.01111	0.00790	0.36354	0.12902	0.32104	0.01554	0.01441	0.01059	0.00591	0.00475	0.00147	0.00450	0.00466	0.03366	0.00793
7	0.01278	0.83490	0.02505	0.00818	0.01227	0.01891	0.00818	0.01431	0.00971	0.01125	0.00664	0.00767	0.00613	0.00409	0.00307	0.00102	0.00511	0.00256	0.00204	0.00613
8	0.01084	0.16337	0.48247	0.01515	0.14621	0.04130	0.01493	0.01491	0.01017	0.01427	0.00817	0.00991	0.00633	0.00458	0.00475	0.00143	0.03877	0.00349	0.00210	0.00686
9	0.00794	0.16999	0.01007	0.00642	0.00815	0.00736	0.00522	0.01003	0.01271	0.01745	0.62544	0.03035	0.05393	0.00869	0.00513	0.00141	0.00283	0.00746	0.00460	0.00482
10	0.00586	0.00417	0.00554	0.00661	0.00688	0.00391	0.00439	0.00666	0.00908	0.01211	0.02599	0.80410	0.03117	0.04038	0.00667	0.00202	0.00283	0.01338	0.00439	0.00385
11	0.01910	0.01130	0.01299	0.01001	0.01371	0.01178	0.00825	0.49492	0.01903	0.30957	0.01444	0.03000	0.00995	0.00599	0.00482	0.00146	0.00478	0.00468	0.00518	0.00804
12	0.01565	0.01010	0.01151	0.00934	0.01273	0.01048	0.00751	0.17925	0.32517	0.24366	0.01639	0.01518	0.01162	0.00583	0.00468	0.00144	0.00414	0.00471	0.00491	0.10569
13	0.00582	0.00416	0.00555	0.00666	0.00693	0.00388	0.00444	0.00666	0.00915	0.01220	0.02634	0.82891	0.03161	0.01497	0.00610	0.00194	0.00277	0.01359	0.00444	0.00388
14	0.00695	0.00463	0.00521	0.00521	0.00521	0.00463	0.00290	0.00695	0.00695	0.00927	0.01506	0.03128	0.01738	0.83203	0.02433	0.00463	0.00463	0.00695	0.00290	0.00290
15	0.02144	0.00813	0.01109	0.00850	0.01220	0.00702	0.00702	0.02329	0.01368	0.80552	0.01886	0.01627	0.01183	0.00592	0.00481	0.00148	0.00407	0.00481	0.00592	0.00813
16	0.00720	0.00480	0.00599	0.00569	0.00682	0.00450	0.00427	0.00945	0.01281	0.01889	0.63894	0.03204	0.03836	0.00891	0.00517	0.00142	0.00225	0.00779	0.18019	0.00450
17	0.01183	0.01136	0.01940	0.02934	0.80221	0.01136	0.01467	0.01467	0.01088	0.01562	0.00899	0.01183	0.00757	0.00426	0.00473	0.00142	0.00568	0.00426	0.00237	0.00757
18	0.01177	0.01014	0.01417	0.01060	0.01445	0.00938	0.16008	0.19212	0.03423	0.01870	0.01137	0.08694	0.00983	0.00528	0.00452	0.00119	0.00477	0.00479	0.00341	0.39226
19	0.01140	0.01833	0.31164	0.01688	0.02226	0.10171	0.41695	0.01567	0.01110	0.01484	0.00901	0.01139	0.00669	0.00432	0.00509	0.00153	0.00776	0.00458	0.00228	0.00657
20	0.00582	0.00416	0.00555	0.00666	0.00693	0.00388	0.00444	0.00666	0.00915	0.01220	0.02634	0.82891	0.03161	0.01497	0.00610	0.00194	0.00277	0.01359	0.00444	0.00388
21	0.01148	0.00521	0.00582	0.00528	0.00693	0.00498	0.00410	0.01363	0.01077	0.17930	0.01626	0.01750	0.01216	0.00564	0.00364	0.00119	0.00260	0.00453	0.68376	0.00521
22	0.01756	0.02229	0.01359	0.01232	0.01469	0.78133	0.00928	0.01879	0.01330	0.01169	0.00734	0.00869	0.00616	0.00506	0.00476	0.00127	0.04077	0.00312	0.00245	0.00553
23	0.01128	0.01289	0.02820	0.02015	0.02498	0.01209	0.78485	0.01531	0.01128	0.01531	0.00967	0.01289	0.00725	0.00403	0.00564	0.00161	0.00806	0.00564	0.00242	0.00645
24	0.01183	0.01136	0.01940	0.02934	0.80221	0.01136	0.01467	0.01467	0.01088	0.01562	0.00899	0.01183	0.00757	0.00426	0.00473	0.00142	0.00568	0.00426	0.00237	0.00757
25	0.00685	0.00459	0.00524	0.00534	0.00536	0.00457	0.00303	0.00693	0.00714	0.00952	0.01602	0.09897	0.01858	0.76268	0.02278	0.00441	0.00448	0.00751	0.00303	0.00298
26	0.00959	0.02472	0.80726	0.01362	0.02069	0.01110	0.01766	0.01514	0.01009	0.01514	0.00858	0.01009	0.00605	0.00454	0.00454	0.00151	0.00706	0.00353	0.00202	0.00706
27	0.00582	0.00416	0.00555	0.00666	0.00693	0.00388	0.00444	0.00666	0.00915	0.01220	0.02634	0.82891	0.03161	0.01497	0.00610	0.00194	0.00277	0.01359	0.00444	0.00388
28	0.01183	0.01136	0.01940	0.02934	0.80221	0.01136	0.01467	0.01467	0.01088	0.01562	0.00899	0.01183	0.00757	0.00426	0.00473	0.00142	0.00568	0.00426	0.00237	0.00757
29	0.00616	0.00464	0.00570	0.00590	0.00689	0.00418	0.00425	0.00767	0.01140	0.01522	0.34565	0.29408	0.24668	0.01208	0.00579	0.00167	0.00247	0.01063	0.00477	0.00418
30	0.01785	0.02278	0.01354	0.01231	0.01478	0.81284	0.00924	0.01909	0.01354	0.01170	0.00739	0.00862	0.00616	0.00493	0.00431	0.00123	0.00862	0.00308	0.00246	0.00554
31	0.01278	0.83490	0.02505	0.00818	0.01227	0.01891	0.00818	0.01431	0.00971	0.01125	0.00664	0.00767	0.00613	0.00409	0.00307	0.00102	0.00511	0.00256	0.00204	0.00613
32	0.00654	0.00488	0.00607	0.00577	0.00700	0.00441	0.00433	0.00858	0.01299	0.01788	0.64567	0.03781	0.19991	0.01025	0.00564	0.00153	0.00229	0.00894	0.00509	0.00441
33	0.00903	0.00850	0.01434	0.82054	0.03292	0.01062	0.01327	0.01221	0.00956	0.01221	0.00850	0.01274	0.00637	0.00478	0.00478	0.00159	0.00637	0.00425	0.00212	0.00531
34	0.00695	0.00463	0.00521	0.00521	0.00521	0.00463	0.00290	0.00695	0.00695	0.00927	0.01506	0.03128	0.01738	0.83203	0.02433	0.00463	0.00463	0.00695	0.00290	0.00290
35	0.00676	0.00489	0.00639	0.00601	0.00714	0.00451	0.00451	0.00902	0.01353	0.01917	0.79969	0.03570	0.04510	0.00977	0.00564	0.00150	0.00225	0.00864	0.00526	0.00451
36	0.01845	0.01293	0.01406	0.01078	0.01460	0.01415	0.00891	0.72036	0.02171	0.09711	0.01211	0.01189	0.00845	0.00575	0.00478	0.00144	0.00516	0.00435	0.00488	0.00813
37	0.01046	0.01046	0.01464	0.01255	0.01255	0.01464	0.01046	0.01150	0.00732	0.01150	0.00627	0.01046	0.00627	0.00837	0.01569	0.00209	0.82328	0.00418	0.00209	0.00523
38	0.00991	0.00850	0.00991	0.00708	0.01133	0.00637	0.00566	0.01203	0.00991	0.01557	0.00850	0.00991	0.00708	0.00354	0.00354	0.00071	0.00354	0.00283	0.00283	0.86124
39	0.01385	0.00983	0.01087	0.00948	0.01238	0.01089	0.00745	0.02497	0.63369	0.18103	0.01933	0.01751	0.01402	0.00637	0.00485	0.00159	0.00384	0.00528	0.00508	0.00768
40	0.00611	0.00442	0.00575	0.00671	0.00716	0.00415	0.00460	0.02095	0.00957	0.01265	0.02734	0.73702	0.07663	0.01457	0.00607	0.00192	0.00286	0.04307	0.00444	0.00399
41	0.00637	0.00489	0.00592	0.00629	0.00747	0.00444	0.00488	0.00795	0.01114	0.01432	0.18442	0.17551	0.34786	0.01238	0.00594	0.00178	0.00291	0.18675	0.00459	0.00419
42	0.01074	0.01288	0.17689	0.17293	0.05662	0.00984	0.08423	0.09303	0.01135	0.01629	0.00895	0.01105	0.00688	0.00430	0.00437	0.00124	0.00553	0.00374	0.00266	0.30647
43	0.04410	0.01267	0.01332	0.15755	0.03157	0.17605	0.02099	0.19878	0.01348	0.04188	0.06605	0.03864	0.01046	0.00634	0.00660	0.00156	0.14603	0.00460	0.00328	0.00606
44	0.01287	0.18481	0.01820	0.06735	0.38702	0.06567	0.01139	0.05848	0.02597	0.06209	0.02298	0.04379	0.00908	0.00504	0.00443	0.00136	0.00547	0.00432	0.00281	0.00687

[dist]
# distance from previous block
# <min> <max>
0	50

[block]
# block no. 3 follows, 53 sequences, length 41
# corresponding to MSA columns:
# 496-536
name=unknown_D
#
# <colnr> <probs for GDERKNQSTAVLIFYWHMCP>
#	G	D	E	R	K	N	Q	S	T	A	V	L	I	F	Y	W	H	M	C	P
0	0.01439	0.01259	0.01485	0.01594	0.25603	0.08699	0.01009	0.30387	0.03409	0.02078	0.00992	0.01116	0.00772	0.00479	0.00448	0.00127	0.00532	0.00391	0.00343	0.17839
1	0.01486	0.01312	0.02069	0.01524	0.01942	0.02808	0.36953	0.37441	0.01650	0.04345	0.01063	0.01219	0.00774	0.00500	0.00544	0.00153	0.02642	0.00491	0.00361	0.00723
2	0.01062	0.14708	0.02106	0.01401	0.01748	0.01151	0.40138	0.04934	0.01047	0.01398	0.01034	0.01478	0.00893	0.08784	0.15690	0.00292	0.00800	0.00509	0.00254	0.00574
3	0.00682	0.00515	0.00636	0.00687	0.00809	0.00482	0.00562	0.00848	0.01082	0.01371	0.08091	0.04813	0.31888	0.07329	0.00750	0.00212	0.00354	0.38039	0.00436	0.00416
4	0.00751	0.00676	0.01199	0.10007	0.01416	0.00662	0.19337	0.00940	0.00980	0.01309	0.03558	0.52633	0.02321	0.01111	0.00583	0.00181	0.00443	0.01054	0.00371	0.00467
5	0.00572	0.00484	0.00494	0.00492	0.00650	0.00407	0.00369	0.00700	0.01106	0.01331	0.09610	0.04534	0.75234	0.01196	0.00565	0.00161	0.00241	0.01000	0.00449	0.00407
6	0.01785	0.02278	0.01354	0.01231	0.01478	0.81284	0.00924	0.01909	0.01354	0.01170	0.00739	0.00862	0.00616	0.00493	0.00431	0.00123	0.00862	0.00308	0.00246	0.00554
7	0.00613	0.00489	0.00551	0.00543	0.00685	0.00427	0.00412	0.00774	0.01180	0.01512	0.30454	0.04285	0.50540	0.01136	0.00569	0.00160	0.00246	0.04532	0.00472	0.00421
8	0.00676	0.00489	0.00639	0.00601	0.00714	0.00451	0.00451	0.00902	0.01353	0.01917	0.79969	0.03570	0.04510	0.00977	0.00564	0.00150	0.00225	0.00864	0.00526	0.00451
9	0.00695	0.00463	0.00521	0.00521	0.00521	0.00463	0.00290	0.00695	0.00695	0.00927	0.01506	0.03128	0.01738	0.83203	0.02433	0.00463	0.00463	0.00695	0.00290	0.00290
10	0.02144	0.00813	0.01109	0.00850	0.01220	0.00702	0.00702	0.02329	0.01368	0.80552	0.01886	0.01627	0.01183	0.00592	0.00481	0.00148	0.00407	0.00481	0.00592	0.00813
11	0.00582	0.00416	0.00555	0.00666	0.00693	0.00388	0.00444	0.00666	0.00915	0.01220	0.02634	0.82891	0.03161	0.01497	0.00610	0.00194	0.00277	0.01359	0.00444	0.00388
12	0.01077	0.01111	0.01553	0.01302	0.01365	0.05771	0.08295	0.01214	0.00805	0.01185	0.00696	0.01098	0.00663	0.00906	0.05160	0.00226	0.66395	0.00430	0.00216	0.00531
13	0.02144	0.00813	0.01109	0.00850	0.01220	0.00702	0.00702	0.02329	0.01368	0.80552	0.01886	0.01627	0.01183	0.00592	0.00481	0.00148	0.00407	0.00481	0.00592	0.00813
14	0.01171	0.01292	0.02735	0.01958	0.02435	0.01226	0.73711	0.06276	0.01197	0.01622	0.00978	0.01281	0.00731	0.00413	0.00559	0.00160	0.00789	0.00556	0.00256	0.00655
15	0.02027	0.00779	0.01047	0.00812	0.01158	0.00678	0.00668	0.02215	0.01334	0.73150	0.01855	0.01641	0.01187	0.00588	0.00467	0.00144	0.00389	0.00477	0.08604	0.00779
16	0.01817	0.01339	0.01434	0.01100	0.01482	0.01482	0.00908	0.78627	0.02247	0.03012	0.01148	0.01148	0.00813	0.00574	0.00478	0.00143	0.00526	0.00430	0.00478	0.00813
17	0.00871	0.00649	0.00879	0.00823	0.00958	0.00744	0.00649	0.13757	0.01014	0.01425	0.01258	0.01757	0.01132	0.03085	0.67898	0.00665	0.01155	0.00499	0.00293	0.00491
18	0.01817	0.01339	0.01434	0.01100	0.01482	0.01482	0.00908	0.78627	0.02247	0.03012	0.01148	0.01148	0.00813	0.00574	0.00478	0.00143	0.00526	0.00430	0.00478	0.00813
19	0.00598	0.00486	0.00531	0.00519	0.00666	0.00418	0.00390	0.00751	0.01169	0.01479	0.27419	0.04290	0.57333	0.01140	0.00565	0.00158	0.00237	0.00965	0.00469	0.00418
20	0.00676	0.00489	0.00639	0.00601	0.00714	0.00451	0.00451	0.00902	0.01353	0.01917	0.79969	0.03570	0.04510	0.00977	0.00564	0.00150	0.00225	0.00864	0.00526	0.00451
21	0.01196	0.01175	0.01880	0.07718	0.71546	0.05142	0.01431	0.01474	0.01093	0.01521	0.00888	0.01173	0.00743	0.00432	0.00471	0.00142	0.00587	0.00420	0.00236	0.00733
22	0.00975	0.00527	0.00535	0.00505	0.00641	0.00540	0.00386	0.08165	0.01116	0.01894	0.01522	0.01724	0.01188	0.00558	0.00347	0.00114	0.00250	0.00444	0.78089	0.00479
23	0.00683	0.00512	0.00768	0.00768	0.00853	0.00597	0.00597	0.00853	0.00768	0.01110	0.01280	0.01878	0.01195	0.03585	0.81308	0.00768	0.01280	0.00512	0.00256	0.00427
24	0.00794	0.00676	0.00982	0.00918	0.00977	0.00864	0.00735	0.00945	0.00757	0.01122	0.01080	0.01622	0.01021	0.02740	0.56804	0.00596	0.26187	0.00483	0.00242	0.00456
25	0.00999	0.12705	0.70846	0.01294	0.01962	0.01209	0.01646	0.01503	0.01004	0.01465	0.00833	0.00978	0.00606	0.00448	0.00435	0.00145	0.00682	0.00341	0.00202	0.00695
26	0.00582	0.00416	0.00555	0.00666	0.00693	0.00388	0.00444	0.00666	0.00915	0.01220	0.02634	0.82891	0.03161	0.01497	0.00610	0.00194	0.00277	0.01359	0.00444	0.00388
27	0.01817	0.01339	0.01434	0.01100	0.01482	0.01482	0.00908	0.78627	0.02247	0.03012	0.01148	0.01148	0.00813	0.00574	0.00478	0.00143	0.00526	0.00430	0.00478	0.00813
28	0.01183	0.01136	0.01940	0.02934	0.80221	0.01136	0.01467	0.01467	0.01088	0.01562	0.00899	0.01183	0.00757	0.00426	0.00473	0.00142	0.00568	0.00426	0.00237	0.00757
29	0.00903	0.00850	0.01434	0.82054	0.03292	0.01062	0.01327	0.01221	0.00956	0.01221	0.00850	0.01274	0.00637	0.00478	0.00478	0.00159	0.00637	0.00425	0.00212	0.00531
30	0.00576	0.00440	0.00530	0.00602	0.00676	0.00394	0.00415	0.00673	0.00976	0.01245	0.03411	0.55360	0.30191	0.01397	0.00594	0.00183	0.00265	0.01236	0.00444	0.00394
31	0.86579	0.00924	0.00702	0.00629	0.00924	0.01072	0.00518	0.01405	0.00813	0.02144	0.00666	0.00776	0.00518	0.00444	0.00296	0.00148	0.00370	0.00259	0.00296	0.00518
32	0.00660	0.00531	0.00598	0.00663	0.00733	0.04212	0.00466	0.00766	0.00998	0.01279	0.08583	0.51403	0.15798	0.05442	0.00685	0.00197	0.00314	0.05837	0.00433	0.00401
33	0.10079	0.00824	0.01071	0.00830	0.01192	0.00737	0.00685	0.02242	0.01316	0.73184	0.01771	0.01547	0.01121	0.00578	0.00463	0.00148	0.00403	0.00460	0.00564	0.00786
34	0.00582	0.00416	0.00555	0.00666	0.00693	0.00388	0.00444	0.00666	0.00915	0.01220	0.02634	0.82891	0.03161	0.01497	0.00610	0.00194	0.00277	0.01359	0.00444	0.00388
35	0.00866	0.00782	0.01205	0.07600	0.35357	0.00769	0.00931	0.01071	0.01062	0.01421	0.05998	0.15986	0.23326	0.00853	0.00526	0.00158	0.00418	0.00765	0.00341	0.00566
36	0.00686	0.00491	0.00661	0.00655	0.00715	0.00527	0.00466	0.00805	0.00834	0.01172	0.13663	0.02581	0.01904	0.31124	0.40996	0.00565	0.00829	0.00631	0.00310	0.00382
37	0.00959	0.02472	0.80726	0.01362	0.02069	0.01110	0.01766	0.01514	0.01009	0.01514	0.00858	0.01009	0.00605	0.00454	0.00454	0.00151	0.00706	0.00353	0.00202	0.00706
38	0.00959	0.02472	0.80726	0.01362	0.02069	0.01110	0.01766	0.01514	0.01009	0.01514	0.00858	0.01009	0.00605	0.00454	0.00454	0.00151	0.00706	0.00353	0.00202	0.00706
39	0.01073	0.01154	0.02159	0.33680	0.06659	0.04911	0.40464	0.01423	0.01069	0.01393	0.00906	0.01258	0.00687	0.00438	0.00519	0.00158	0.00730	0.00490	0.00230	0.00601
40	0.00941	0.00873	0.01434	0.77131	0.03177	0.01087	0.01305	0.04248	0.01001	0.01290	0.00856	0.01264	0.00644	0.00489	0.00502	0.00160	0.02408	0.00425	0.00223	0.00542

[dist]
# distance from previous block
# <min> <max>
0	1

[block]
# block no. 4 follows, 53 sequences, length 17
# corresponding to MSA columns:
# 538-554
name=unknown_E
#
# <colnr> <probs for GDERKNQSTAVLIFYWHMCP>
#	G	D	E	R	K	N	Q	S	T	A	V	L	I	F	Y	W	H	M	C	P
0	0.61954	0.01174	0.00888	0.00776	0.01074	0.14154	0.00624	0.07914	0.01045	0.05591	0.00772	0.00859	0.00588	0.00469	0.00341	0.00143	0.00464	0.00291	0.00316	0.00561
1	0.00683	0.00512	0.00768	0.00768	0.00853	0.00597	0.00597	0.00853	0.00768	0.01110	0.01280	0.01878	0.01195	0.03585	0.81308	0.00768	0.01280	0.00512	0.00256	0.00427
2	0.00631	0.00434	0.00539	0.00608	0.00648	0.00410	0.00402	0.00718	0.00909	0.01244	0.05669	0.53917	0.06958	0.16603	0.00923	0.00234	0.00303	0.01122	0.07349	0.00378
3	0.01438	0.01150	0.01221	0.01023	0.01338	0.01305	0.00817	0.32669	0.48824	0.02400	0.01629	0.01532	0.01203	0.00619	0.00483	0.00155	0.00437	0.00497	0.00483	0.00779
4	0.01110	0.09720	0.33530	0.19364	0.14918	0.10555	0.01430	0.01480	0.01047	0.01379	0.00830	0.01055	0.00639	0.00455	0.00445	0.00144	0.00668	0.00366	0.00215	0.00649
5	0.01001	0.02176	0.61233	0.01525	0.02176	0.01135	0.20962	0.01518	0.01039	0.01518	0.00885	0.01079	0.00635	0.00441	0.00482	0.00154	0.00731	0.00406	0.00212	0.00691
6	0.00899	0.00735	0.00834	0.00827	0.01014	0.00786	0.00666	0.01575	0.34439	0.01637	0.02794	0.05588	0.19271	0.01014	0.00564	0.00182	0.00366	0.25782	0.00461	0.00566
7	0.02988	0.00932	0.01469	0.01959	0.44526	0.00904	0.01091	0.01552	0.01172	0.19795	0.08367	0.01936	0.03799	0.00610	0.00497	0.00151	0.00476	0.06705	0.00368	0.00702
8	0.00952	0.00829	0.01160	0.01010	0.01206	0.00894	0.11655	0.04602	0.23498	0.01646	0.08957	0.18744	0.06413	0.00909	0.00641	0.00174	0.07800	0.06245	0.02094	0.00571
9	0.00760	0.00547	0.00756	0.00861	0.00973	0.00543	0.00750	0.00975	0.01100	0.01424	0.02643	0.05353	0.06512	0.01315	0.00656	0.00217	0.00430	0.73305	0.00440	0.00438
10	0.01266	0.00626	0.00827	0.00737	0.00938	0.00572	0.00565	0.01492	0.05101	0.33287	0.24035	0.23976	0.02662	0.00946	0.00539	0.00162	0.00320	0.00827	0.00528	0.00595
11	0.01368	0.00919	0.01444	0.37902	0.18877	0.00987	0.01154	0.04689	0.01158	0.24993	0.01180	0.01355	0.00832	0.00505	0.00478	0.00152	0.00549	0.00442	0.00341	0.00674
12	0.00954	0.00754	0.00835	0.00763	0.00958	0.00813	0.00587	0.04131	0.36491	0.01930	0.29947	0.02613	0.08438	0.00798	0.00507	0.00153	0.00305	0.00680	0.07747	0.00596
13	0.00941	0.00875	0.01213	0.01106	0.01146	0.01147	0.00930	0.01079	0.00856	0.01237	0.01401	0.02468	0.05723	0.00994	0.01256	0.00210	0.54662	0.21977	0.00287	0.00493
14	0.01250	0.76410	0.09340	0.00865	0.01300	0.01823	0.00901	0.01438	0.00974	0.01159	0.00681	0.00788	0.00613	0.00413	0.00320	0.00107	0.00528	0.00264	0.00204	0.00621
15	0.01011	0.15669	0.67985	0.01274	0.01932	0.01237	0.01612	0.01500	0.01003	0.01450	0.00826	0.00970	0.00607	0.00447	0.00430	0.00143	0.00675	0.00337	0.00202	0.00691
16	0.01170	0.01180	0.01420	0.01164	0.01432	0.18610	0.20136	0.01581	0.13952	0.05119	0.15831	0.08519	0.06347	0.00711	0.00522	0.00153	0.00549	0.00645	0.00378	0.00580

[dist]
# distance from previous block
# <min> <max>
3	50

[block]
# block no. 5 follows, 53 sequences, length 56
# corresponding to MSA columns:
# 605-660
name=unknown_F
#
# <colnr> <probs for GDERKNQSTAVLIFYWHMCP>
#	G	D	E	R	K	N	Q	S	T	A	V	L	I	F	Y	W	H	M	C	P
0	0.03190	0.00885	0.01217	0.01188	0.15489	0.00765	0.06226	0.01252	0.03586	0.01549	0.01451	0.01659	0.10735	0.00520	0.00429	0.00111	0.00415	0.02864	0.00304	0.46165
1	0.07229	0.00744	0.00845	0.00781	0.00966	0.02784	0.00590	0.15209	0.01250	0.16676	0.01986	0.41070	0.02020	0.01015	0.00522	0.00167	0.00366	0.00878	0.04338	0.00562
2	0.04792	0.01881	0.54198	0.01128	0.01649	0.03005	0.01345	0.01360	0.01099	0.01638	0.21441	0.01661	0.01618	0.00591	0.00475	0.00150	0.00570	0.00481	0.00292	0.00627
3	0.09458	0.04678	0.01454	0.41767	0.10970	0.06867	0.02242	0.08566	0.06652	0.01565	0.00928	0.01189	0.00712	0.00487	0.00451	0.00150	0.00588	0.00404	0.00270	0.00603
4	0.01134	0.00736	0.00852	0.00753	0.00983	0.00741	0.00587	0.01705	0.27389	0.18453	0.20901	0.02787	0.19314	0.00837	0.00521	0.00156	0.00319	0.00706	0.00509	0.00620
5	0.00664	0.00450	0.00530	0.00561	0.00568	0.00443	0.00332	0.00687	0.00755	0.01007	0.01813	0.24825	0.02125	0.60977	0.01937	0.00390	0.00413	0.00876	0.00332	0.00316
6	0.01226	0.57048	0.24473	0.00973	0.01464	0.01619	0.01080	0.01494	0.00999	0.04717	0.00772	0.00873	0.00636	0.00430	0.00356	0.00118	0.00562	0.00293	0.00221	0.00648
7	0.01036	0.00833	0.00940	0.00987	0.06611	0.05104	0.00681	0.01638	0.31462	0.07103	0.03881	0.33705	0.02087	0.00963	0.00533	0.00170	0.00376	0.00846	0.00447	0.00597
8	0.00567	0.00484	0.00488	0.00487	0.00647	0.00405	0.00365	0.00691	0.01095	0.01305	0.06516	0.04577	0.78344	0.01205	0.00565	0.00161	0.00242	0.01006	0.00446	0.00405
9	0.01236	0.00714	0.02131	0.00789	0.00994	0.00668	0.00611	0.10271	0.05625	0.25322	0.05252	0.36970	0.05349	0.01023	0.00543	0.00169	0.00354	0.00893	0.00494	0.00594
10	0.01043	0.03772	0.44233	0.05468	0.19017	0.01149	0.15558	0.01492	0.01044	0.01505	0.00882	0.01104	0.00661	0.00439	0.00476	0.00150	0.00687	0.00408	0.00217	0.00696
11	0.01152	0.07038	0.01562	0.45403	0.14786	0.14937	0.01214	0.02812	0.04100	0.01321	0.00873	0.01170	0.00685	0.00476	0.00457	0.00146	0.00644	0.00397	0.00237	0.00590
12	0.01207	0.00806	0.00843	0.00729	0.00946	0.00877	0.00575	0.23093	0.16207	0.02168	0.01517	0.01605	0.01154	0.00579	0.00403	0.00130	0.00337	0.00459	0.45759	0.00607
13	0.01564	0.01213	0.01292	0.01049	0.01386	0.01364	0.00847	0.47981	0.33305	0.02604	0.01469	0.01404	0.01073	0.00604	0.00481	0.00151	0.00466	0.00475	0.00481	0.00790
14	0.00582	0.00416	0.00555	0.00666	0.00693	0.00388	0.00444	0.00666	0.00915	0.01220	0.02634	0.82891	0.03161	0.01497	0.00610	0.00194	0.00277	0.01359	0.00444	0.00388
15	0.02144	0.00813	0.01109	0.00850	0.01220	0.00702	0.00702	0.02329	0.01368	0.80552	0.01886	0.01627	0.01183	0.00592	0.00481	0.00148	0.00407	0.00481	0.00592	0.00813
16	0.01090	0.01228	0.02660	0.01919	0.02370	0.01151	0.72966	0.01470	0.01113	0.01509	0.01085	0.07060	0.00898	0.00480	0.00567	0.00163	0.00768	0.00620	0.00256	0.00627
17	0.01402	0.00708	0.00837	0.00700	0.00910	0.00692	0.00533	0.12975	0.01232	0.28383	0.01594	0.01986	0.01283	0.22124	0.00952	0.00220	0.00393	0.00520	0.21972	0.00584
18	0.00578	0.00434	0.00536	0.00618	0.00681	0.00392	0.00423	0.00671	0.00961	0.01239	0.03210	0.62474	0.23206	0.01423	0.00598	0.00186	0.00268	0.01267	0.00444	0.00392
19	0.01130	0.01082	0.01845	0.17783	0.65783	0.01122	0.01441	0.01421	0.01063	0.01498	0.00890	0.01200	0.00735	0.00436	0.00474	0.00145	0.00581	0.00426	0.00232	0.00715
20	0.01439	0.01165	0.01341	0.04989	0.01511	0.01309	0.05008	0.34816	0.38565	0.02368	0.01501	0.01462	0.01105	0.00595	0.00487	0.00154	0.00476	0.00489	0.00457	0.00764
21	0.00568	0.00472	0.00497	0.00517	0.00654	0.00401	0.00378	0.00682	0.01058	0.01278	0.04442	0.18783	0.66102	0.01262	0.00573	0.00167	0.00248	0.01072	0.00444	0.00401
22	0.00698	0.00496	0.00689	0.00689	0.00755	0.00556	0.00507	0.00831	0.00765	0.01106	0.01352	0.02175	0.01328	0.22692	0.57336	0.00655	0.01019	0.00552	0.05405	0.00395
23	0.01093	0.01136	0.01563	0.01302	0.01377	0.07447	0.09987	0.01228	0.00823	0.01184	0.00722	0.01171	0.00697	0.05167	0.01412	0.00211	0.62291	0.00442	0.00220	0.00527
24	0.01278	0.83490	0.02505	0.00818	0.01227	0.01891	0.00818	0.01431	0.00971	0.01125	0.00664	0.00767	0.00613	0.00409	0.00307	0.00102	0.00511	0.00256	0.00204	0.00613
25	0.00582	0.00416	0.00555	0.00666	0.00693	0.00388	0.00444	0.00666	0.00915	0.01220	0.02634	0.82891	0.03161	0.01497	0.00610	0.00194	0.00277	0.01359	0.00444	0.00388
26	0.00974	0.00525	0.00534	0.00504	0.00639	0.00538	0.00385	0.08030	0.01113	0.01892	0.01522	0.01725	0.01188	0.00558	0.00347	0.00114	0.00250	0.00444	0.78238	0.00478
27	0.01300	0.01124	0.01141	0.01001	0.01286	0.04741	0.00784	0.12838	0.65472	0.02100	0.01784	0.01657	0.01334	0.00631	0.00483	0.00158	0.00420	0.00515	0.00475	0.00755
28	0.01253	0.01058	0.01117	0.00986	0.01267	0.01219	0.00772	0.10277	0.71516	0.02102	0.01864	0.01719	0.01393	0.00641	0.00486	0.00160	0.00393	0.00529	0.00486	0.00762
29	0.86579	0.00924	0.00702	0.00629	0.00924	0.01072	0.00518	0.01405	0.00813	0.02144	0.00666	0.00776	0.00518	0.00444	0.00296	0.00148	0.00370	0.00259	0.00296	0.00518
30	0.00582	0.00416	0.00555	0.00666	0.00693	0.00388	0.00444	0.00666	0.00915	0.01220	0.02634	0.82891	0.03161	0.01497	0.00610	0.00194	0.00277	0.01359	0.00444	0.00388
31	0.00579	0.00428	0.00542	0.00633	0.00685	0.00391	0.00429	0.00669	0.00947	0.01233	0.03034	0.68708	0.17086	0.01445	0.00602	0.00188	0.00271	0.01295	0.00444	0.00391
32	0.01795	0.01994	0.01379	0.01192	0.01479	0.57157	0.00919	0.25103	0.01624	0.01727	0.00862	0.00948	0.00675	0.00517	0.00445	0.00129	0.00760	0.00345	0.00316	0.00632
33	0.00989	0.00727	0.00841	0.00758	0.00957	0.00758	0.00585	0.02891	0.30383	0.07853	0.38420	0.02791	0.08403	0.00836	0.00527	0.00155	0.00302	0.00718	0.00510	0.00595
34	0.01245	0.00998	0.01079	0.00927	0.01196	0.01113	0.00732	0.22024	0.43325	0.02232	0.15939	0.02007	0.03662	0.00702	0.00500	0.00155	0.00386	0.00581	0.00490	0.00708
35	0.00615	0.00454	0.00582	0.00673	0.00741	0.00422	0.00491	0.00731	0.00983	0.01273	0.03025	0.53645	0.17371	0.01411	0.00611	0.00193	0.00302	0.15636	0.00443	0.00401
36	0.01785	0.02278	0.01354	0.01231	0.01478	0.81284	0.00924	0.01909	0.01354	0.01170	0.00739	0.00862	0.00616	0.00493	0.00431	0.00123	0.00862	0.00308	0.00246	0.00554
37	0.01101	0.04789	0.16682	0.01715	0.02155	0.02556	0.47916	0.01470	0.01041	0.01445	0.00877	0.01172	0.00682	0.00483	0.00691	0.00164	0.13713	0.00486	0.00228	0.00634
38	0.01526	0.01552	0.01223	0.01067	0.01323	0.34608	0.00820	0.21227	0.16282	0.01771	0.01163	0.01340	0.00945	0.06608	0.06245	0.00205	0.00686	0.00424	0.00354	0.00630
39	0.00623	0.00453	0.00587	0.00624	0.00699	0.00417	0.00441	0.00771	0.01121	0.01533	0.36967	0.42299	0.09194	0.01247	0.00586	0.00172	0.00252	0.01116	0.00480	0.00417
40	0.01233	0.01049	0.01106	0.00982	0.01260	0.01210	0.00767	0.07921	0.73904	0.02071	0.01889	0.01738	0.01413	0.00643	0.00486	0.00161	0.00389	0.00533	0.00486	0.00761
41	0.00607	0.00432	0.00574	0.00670	0.00709	0.00407	0.00461	0.00706	0.00950	0.01272	0.07984	0.68614	0.03168	0.04782	0.00685	0.00204	0.00293	0.06647	0.00443	0.00392
42	0.01379	0.00939	0.00991	0.00814	0.01074	0.01023	0.00655	0.40187	0.07584	0.02417	0.01382	0.01463	0.01036	0.00572	0.00418	0.00131	0.00387	0.00445	0.36449	0.00654
43	0.00695	0.00463	0.00521	0.00521	0.00521	0.00463	0.00290	0.00695	0.00695	0.00927	0.01506	0.03128	0.01738	0.83203	0.02433	0.00463	0.00463	0.00695	0.00290	0.00290
44	0.00876	0.00449	0.00459	0.00457	0.00568	0.00446	0.00342	0.01099	0.01027	0.01791	0.07105	0.01908	0.01457	0.00587	0.00350	0.00114	0.00223	0.00475	0.79821	0.00446
45	0.00582	0.00416	0.00555	0.00666	0.00693	0.00388	0.00444	0.00666	0.00915	0.01220	0.02634	0.82891	0.03161	0.01497	0.00610	0.00194	0.00277	0.01359	0.00444	0.00388
46	0.00991	0.00850	0.00991	0.00708	0.01133	0.00637	0.00566	0.01203	0.00991	0.01557	0.00850	0.00991	0.00708	0.00354	0.00354	0.00071	0.00354	0.00283	0.00283	0.86124
47	0.01552	0.01091	0.02106	0.01529	0.01965	0.00997	0.46013	0.01864	0.01228	0.34520	0.01350	0.01430	0.00916	0.00482	0.00529	0.00156	0.00639	0.00529	0.00388	0.00715
48	0.01183	0.01136	0.01940	0.02934	0.80221	0.01136	0.01467	0.01467	0.01088	0.01562	0.00899	0.01183	0.00757	0.00426	0.00473	0.00142	0.00568	0.00426	0.00237	0.00757
49	0.02086	0.00827	0.01107	0.00858	0.01222	0.00732	0.00706	0.02342	0.06172	0.75713	0.01889	0.01636	0.01200	0.00595	0.00481	0.00149	0.00405	0.00484	0.00585	0.00810
50	0.01007	0.00931	0.01312	0.01140	0.01140	0.01274	0.00931	0.01055	0.00712	0.01092	0.00664	0.01119	0.00664	0.00986	0.01623	0.15768	0.67489	0.00418	0.00209	0.00466
51	0.01144	0.01293	0.02495	0.01837	0.02264	0.07505	0.64419	0.01506	0.01143	0.01492	0.01108	0.01672	0.00922	0.00503	0.00563	0.00164	0.00773	0.08317	0.00262	0.00617
52	0.00741	0.00486	0.00596	0.00631	0.00677	0.00475	0.00409	0.00857	0.04629	0.05382	0.02097	0.41854	0.02388	0.34986	0.01346	0.00301	0.00366	0.01000	0.00390	0.00388
53	0.01020	0.01010	0.01458	0.15892	0.01624	0.01391	0.01097	0.01163	0.00773	0.01163	0.00668	0.01087	0.00629	0.00772	0.01371	0.00200	0.67529	0.00419	0.00210	0.00524
54	0.01095	0.01014	0.01683	0.02497	0.65783	0.01014	0.01254	0.01327	0.01017	0.01447	0.01009	0.01535	0.00935	0.15421	0.00828	0.00200	0.00549	0.00475	0.00246	0.00672
55	0.01298	0.01172	0.01848	0.02601	0.65957	0.01198	0.01366	0.15445	0.01298	0.01824	0.00944	0.01177	0.00767	0.00453	0.00474	0.00142	0.00560	0.00427	0.00280	0.00767

[dist]
# distance from previous block
# <min> <max>
0	7

[block]
# block no. 6 follows, 53 sequences, length 23
# corresponding to MSA columns:
# 668-690
name=unknown_G
#
# <colnr> <probs for GDERKNQSTAVLIFYWHMCP>
#	G	D	E	R	K	N	Q	S	T	A	V	L	I	F	Y	W	H	M	C	P
0	0.68941	0.00971	0.00948	0.00800	0.01111	0.01098	0.08064	0.01542	0.09486	0.02069	0.00835	0.00937	0.00641	0.00462	0.00343	0.00151	0.00413	0.00319	0.00312	0.00556
1	0.01333	0.01023	0.01208	0.00969	0.01283	0.01056	0.04150	0.39459	0.04402	0.02305	0.10751	0.06124	0.01558	0.00699	0.00496	0.00144	0.00448	0.07571	0.00437	0.14586
2	0.00894	0.00551	0.00733	0.00751	0.00868	0.00531	0.00604	0.01065	0.01094	0.10416	0.16601	0.04158	0.02689	0.18081	0.00988	0.00249	0.00401	0.38429	0.00442	0.00454
3	0.00645	0.00487	0.00596	0.00569	0.00695	0.00438	0.00427	0.00842	0.01280	0.01743	0.59049	0.03857	0.25538	0.01042	0.00564	0.00153	0.00230	0.00905	0.00503	0.00438
4	0.01173	0.56958	0.28121	0.00996	0.01502	0.01635	0.01128	0.01458	0.00984	0.01252	0.00728	0.00846	0.00611	0.00424	0.00355	0.00118	0.00575	0.00288	0.00204	0.00644
5	0.00991	0.00850	0.00991	0.00708	0.01133	0.00637	0.00566	0.01203	0.00991	0.01557	0.00850	0.00991	0.00708	0.00354	0.00354	0.00071	0.00354	0.00283	0.00283	0.86124
6	0.00995	0.11622	0.71892	0.01301	0.01974	0.01198	0.01659	0.01504	0.01005	0.01470	0.00836	0.00982	0.00606	0.00449	0.00437	0.00146	0.00684	0.00342	0.00202	0.00696
7	0.01058	0.00854	0.00936	0.00855	0.01084	0.00941	0.00666	0.02005	0.52164	0.04760	0.15270	0.02522	0.09598	0.00788	0.00515	0.00162	0.00344	0.04329	0.00490	0.00658
8	0.00565	0.00484	0.00484	0.00484	0.00646	0.00403	0.00363	0.00686	0.01089	0.01291	0.04842	0.04600	0.80027	0.01210	0.00565	0.00161	0.00242	0.01009	0.00444	0.00403
9	0.01307	0.80698	0.02457	0.00819	0.01227	0.01851	0.00814	0.01462	0.00985	0.03807	0.00706	0.00796	0.00633	0.00415	0.00313	0.00104	0.00508	0.00263	0.00218	0.00620
10	0.00946	0.00883	0.01468	0.75127	0.03156	0.01091	0.03187	0.04098	0.01002	0.01293	0.00858	0.01264	0.00646	0.00488	0.00507	0.00160	0.02630	0.00428	0.00223	0.00544
11	0.01029	0.00486	0.00519	0.00490	0.00630	0.00474	0.00375	0.01247	0.01043	0.10449	0.01595	0.01765	0.01220	0.00561	0.00350	0.00115	0.00243	0.00449	0.76474	0.00486
12	0.00583	0.00434	0.00544	0.00625	0.00684	0.00394	0.00427	0.00681	0.00972	0.01268	0.06816	0.62903	0.19098	0.01413	0.00599	0.00185	0.00268	0.01263	0.00448	0.00394
13	0.01037	0.08022	0.14373	0.30839	0.07182	0.03162	0.01181	0.06210	0.05200	0.01455	0.01236	0.01592	0.05588	0.00588	0.00532	0.00156	0.05129	0.04251	0.01671	0.00597
14	0.01920	0.01084	0.01261	0.00970	0.01338	0.01116	0.00800	0.43631	0.01831	0.35610	0.01474	0.01373	0.00984	0.00581	0.00474	0.00144	0.00465	0.00452	0.03693	0.00799
15	0.00582	0.00416	0.00555	0.00666	0.00693	0.00388	0.00444	0.00666	0.00915	0.01220	0.02634	0.82891	0.03161	0.01497	0.00610	0.00194	0.00277	0.01359	0.00444	0.00388
16	0.01183	0.01136	0.01940	0.02934	0.80221	0.01136	0.01467	0.01467	0.01088	0.01562	0.00899	0.01183	0.00757	0.00426	0.00473	0.00142	0.00568	0.00426	0.00237	0.00757
17	0.00991	0.00850	0.00991	0.00708	0.01133	0.00637	0.00566	0.01203	0.00991	0.01557	0.00850	0.00991	0.00708	0.00354	0.00354	0.00071	0.00354	0.00283	0.00283	0.86124
18	0.00683	0.00512	0.00768	0.00768	0.00853	0.00597	0.00597	0.00853	0.00768	0.01110	0.01280	0.01878	0.01195	0.03585	0.81308	0.00768	0.01280	0.00512	0.00256	0.00427
19	0.01046	0.01046	0.01464	0.01255	0.01255	0.01464	0.01046	0.01150	0.00732	0.01150	0.00627	0.01046	0.00627	0.00837	0.01569	0.00209	0.82328	0.00418	0.00209	0.00523
20	0.86579	0.00924	0.00702	0.00629	0.00924	0.01072	0.00518	0.01405	0.00813	0.02144	0.00666	0.00776	0.00518	0.00444	0.00296	0.00148	0.00370	0.00259	0.00296	0.00518
21	0.00755	0.00532	0.00719	0.00806	0.00893	0.00532	0.00671	0.00929	0.01017	0.01326	0.02319	0.04924	0.02542	0.18228	0.01026	0.00270	0.00445	0.61247	0.00409	0.00409
22	0.00582	0.00416	0.00555	0.00666	0.00693	0.00388	0.00444	0.00666	0.00915	0.01220	0.02634	0.82891	0.03161	0.01497	0.00610	0.00194	0.00277	0.01359	0.00444	0.00388

[dist]
# distance from previous block
# <min> <max>
0	1

[block]
# block no. 7 follows, 53 sequences, length 93
# corresponding to MSA columns:
# 692-784
name=unknown_H
#
# <colnr> <probs for GDERKNQSTAVLIFYWHMCP>
#	G	D	E	R	K	N	Q	S	T	A	V	L	I	F	Y	W	H	M	C	P
0	0.00582	0.00416	0.00555	0.00666	0.00693	0.00388	0.00444	0.00666	0.00915	0.01220	0.02634	0.82891	0.03161	0.01497	0.00610	0.00194	0.00277	0.01359	0.00444	0.00388
1	0.00791	0.00514	0.00676	0.00621	0.00754	0.00471	0.00471	0.01013	0.01354	0.08057	0.73871	0.03419	0.04250	0.00947	0.00557	0.00150	0.00240	0.00834	0.00531	0.00479
2	0.01304	0.81028	0.02463	0.00819	0.01227	0.01856	0.00814	0.01458	0.00983	0.03490	0.00701	0.00792	0.00630	0.00414	0.00312	0.00104	0.00508	0.00262	0.00216	0.00619
3	0.00852	0.00633	0.00766	0.00647	0.00839	0.00562	0.00464	0.00970	0.00843	0.03576	0.01221	0.02029	0.01224	0.34390	0.15470	0.00355	0.00563	0.00496	0.00290	0.33810
4	0.01898	0.01025	0.01220	0.00950	0.01309	0.01037	0.00780	0.32064	0.07801	0.41831	0.03928	0.01510	0.01159	0.00601	0.00483	0.00147	0.00446	0.00477	0.00537	0.00798
5	0.00959	0.02472	0.80726	0.01362	0.02069	0.01110	0.01766	0.01514	0.01009	0.01514	0.00858	0.01009	0.00605	0.00454	0.00454	0.00151	0.00706	0.00353	0.00202	0.00706
6	0.00582	0.00416	0.00555	0.00666	0.00693	0.00388	0.00444	0.00666	0.00915	0.01220	0.02634	0.82891	0.03161	0.01497	0.00610	0.00194	0.00277	0.01359	0.00444	0.00388
7	0.00606	0.00429	0.00545	0.00628	0.00654	0.00405	0.00407	0.00673	0.00873	0.01159	0.02468	0.62685	0.05631	0.19284	0.01005	0.00252	0.00317	0.01202	0.00410	0.00367
8	0.01278	0.83490	0.02505	0.00818	0.01227	0.01891	0.00818	0.01431	0.00971	0.01125	0.00664	0.00767	0.00613	0.00409	0.00307	0.00102	0.00511	0.00256	0.00204	0.00613
9	0.00891	0.00445	0.00445	0.00445	0.00557	0.00445	0.00334	0.01114	0.01002	0.01782	0.01559	0.01782	0.01225	0.00557	0.00334	0.00111	0.00223	0.00445	0.85856	0.00445
10	0.00668	0.00488	0.00627	0.00592	0.00709	0.00447	0.00444	0.00885	0.01332	0.01867	0.74009	0.03652	0.10500	0.00996	0.00564	0.00151	0.00227	0.00876	0.00520	0.00447
