[name]
unknown

[dist]
# distance from previous block
# <min> <max>
0	39

[block]
# block no. 0 follows, 47 sequences, length 6
# corresponding to MSA columns:
# 66-71
name=unknown_A
#
# <colnr> <probs for GDERKNQSTAVLIFYWHMCP>
#	G	D	E	R	K	N	Q	S	T	A	V	L	I	F	Y	W	H	M	C	P
0	0.01980	0.01459	0.01563	0.01198	0.01615	0.01615	0.00990	0.76713	0.02448	0.03282	0.01250	0.01250	0.00886	0.00625	0.00521	0.00156	0.00573	0.00469	0.00521	0.00886
1	0.00645	0.00476	0.00604	0.00683	0.00750	0.00435	0.00470	0.00763	0.01092	0.01443	0.13226	0.58333	0.16165	0.01504	0.00650	0.00199	0.00288	0.01345	0.00495	0.00435
2	0.02026	0.01385	0.01517	0.01163	0.01578	0.01506	0.00961	0.67161	0.02325	0.13008	0.01354	0.01318	0.00938	0.00628	0.00521	0.00157	0.00556	0.00476	0.00537	0.00886
3	0.00737	0.00532	0.00696	0.00655	0.00778	0.00491	0.00491	0.00983	0.01474	0.02088	0.78175	0.03890	0.04914	0.01065	0.00614	0.00164	0.00246	0.00942	0.00573	0.00491
4	0.00840	0.00525	0.00697	0.00720	0.00820	0.00482	0.00514	0.00997	0.01218	0.09249	0.30051	0.45461	0.03764	0.01329	0.00633	0.00189	0.00296	0.01191	0.00532	0.00493
5	0.12561	0.10211	0.01525	0.01098	0.01471	0.11211	0.00904	0.39883	0.11897	0.02543	0.01185	0.01206	0.00887	0.00587	0.00470	0.00152	0.00573	0.00424	0.00433	0.00778

[dist]
# distance from previous block
# <min> <max>
0	1

[block]
# block no. 1 follows, 47 sequences, length 13
# corresponding to MSA columns:
# 73-85
name=unknown_B
#
# <colnr> <probs for GDERKNQSTAVLIFYWHMCP>
#	G	D	E	R	K	N	Q	S	T	A	V	L	I	F	Y	W	H	M	C	P
0	0.01551	0.08837	0.08783	0.10544	0.06090	0.11072	0.01107	0.25379	0.04034	0.04868	0.01072	0.01198	0.00812	0.00550	0.00513	0.00146	0.02829	0.00414	0.00360	0.09839
1	0.03121	0.09296	0.06888	0.01095	0.01432	0.17169	0.02656	0.08895	0.26763	0.05976	0.01452	0.01514	0.01120	0.03215	0.00549	0.00164	0.00575	0.00471	0.06932	0.00719
2	0.73476	0.01039	0.00859	0.00743	0.01078	0.01184	0.00612	0.08060	0.01055	0.06766	0.00846	0.00933	0.00633	0.00505	0.00351	0.00161	0.00420	0.00312	0.00358	0.00610
3	0.00723	0.00511	0.00672	0.00701	0.00742	0.00537	0.00475	0.00811	0.00844	0.01158	0.01852	0.21850	0.02060	0.34684	0.29457	0.00551	0.00771	0.00862	0.00343	0.00395
4	0.01035	0.00978	0.01655	0.67446	0.16186	0.01171	0.01472	0.01376	0.01066	0.01393	0.00935	0.01372	0.00716	0.00511	0.00520	0.00170	0.00681	0.00463	0.00236	0.00620
5	0.00632	0.00464	0.00593	0.00696	0.00748	0.00425	0.00471	0.00728	0.01025	0.01341	0.03219	0.70278	0.14299	0.01586	0.00658	0.00206	0.00297	0.01425	0.00483	0.00425
6	0.00754	0.00519	0.00638	0.00638	0.00662	0.00543	0.00402	0.00802	0.00778	0.01061	0.01577	0.03055	0.01740	0.61539	0.22600	0.00591	0.00736	0.00706	0.00306	0.00354
7	0.02000	0.01314	0.01460	0.01132	0.01536	0.01415	0.00931	0.55715	0.08056	0.18755	0.01483	0.01411	0.01023	0.00635	0.00522	0.00159	0.00534	0.00489	0.00547	0.00881
8	0.00619	0.00514	0.00542	0.00564	0.00713	0.00437	0.00412	0.00743	0.01152	0.01392	0.04828	0.19226	0.64313	0.01377	0.00625	0.00182	0.00271	0.01170	0.00484	0.00437
9	0.04598	0.01395	0.06927	0.01187	0.01570	0.11533	0.07785	0.18973	0.08873	0.23037	0.01561	0.07620	0.01197	0.00674	0.00527	0.00163	0.00586	0.00557	0.00468	0.00771
10	0.18250	0.06935	0.01410	0.01015	0.01413	0.01368	0.00849	0.40053	0.01830	0.19974	0.01292	0.01260	0.00899	0.00589	0.00470	0.00155	0.00510	0.00431	0.00489	0.00808
11	0.11129	0.00906	0.01386	0.01104	0.01392	0.00906	0.19035	0.05231	0.05645	0.07957	0.25078	0.02244	0.02204	0.00936	0.06130	0.00211	0.00540	0.00647	0.06703	0.00618
12	0.01543	0.51497	0.07800	0.01061	0.01488	0.19281	0.00999	0.08287	0.01277	0.01447	0.00803	0.00914	0.00687	0.00485	0.00392	0.00124	0.00659	0.00316	0.00259	0.00680

[dist]
# distance from previous block
# <min> <max>
0	1

[block]
# block no. 2 follows, 47 sequences, length 8
# corresponding to MSA columns:
# 87-94
name=unknown_C
#
# <colnr> <probs for GDERKNQSTAVLIFYWHMCP>
#	G	D	E	R	K	N	Q	S	T	A	V	L	I	F	Y	W	H	M	C	P
0	0.00714	0.00531	0.00664	0.00631	0.00764	0.00481	0.00473	0.00938	0.01419	0.01958	0.64250	0.04104	0.18919	0.01113	0.00614	0.00166	0.00249	0.00972	0.00556	0.00481
1	0.01205	0.39238	0.43859	0.01211	0.01831	0.01602	0.01448	0.01608	0.01080	0.01454	0.00838	0.00978	0.00664	0.00472	0.00421	0.00140	0.00672	0.00336	0.00221	0.00723
2	0.01045	0.02694	0.79000	0.01484	0.02254	0.01209	0.01924	0.01649	0.01099	0.01649	0.00935	0.01099	0.00660	0.00495	0.00495	0.00165	0.00770	0.00385	0.00220	0.00770
3	0.00617	0.00522	0.00533	0.00543	0.00707	0.00438	0.00402	0.00746	0.01173	0.01401	0.05093	0.10810	0.72558	0.01343	0.00619	0.00179	0.00267	0.01128	0.00484	0.00438
4	0.00756	0.00511	0.00598	0.00598	0.00609	0.00521	0.00353	0.00777	0.00766	0.01032	0.01613	0.03254	0.01827	0.72933	0.11324	0.00542	0.00605	0.00735	0.00311	0.00332
5	0.01836	0.00990	0.01105	0.00898	0.01219	0.05043	0.00724	0.15107	0.07649	0.36626	0.01767	0.01693	0.01222	0.00631	0.00482	0.00150	0.00440	0.00500	0.21150	0.00768
6	0.01548	0.01287	0.01724	0.08715	0.30872	0.01393	0.01239	0.32617	0.11169	0.02379	0.01228	0.01363	0.00934	0.00565	0.00520	0.00160	0.00581	0.00481	0.00398	0.00829
7	0.01244	0.34365	0.29276	0.01215	0.01678	0.05093	0.01309	0.01553	0.01039	0.01382	0.00794	0.00994	0.00668	0.00560	0.00673	0.00155	0.16743	0.00354	0.00225	0.00681

[dist]
# distance from previous block
# <min> <max>
0	1

[block]
# block no. 3 follows, 47 sequences, length 170
# corresponding to MSA columns:
# 96-265
name=unknown_D
#
# <colnr> <probs for GDERKNQSTAVLIFYWHMCP>
#	G	D	E	R	K	N	Q	S	T	A	V	L	I	F	Y	W	H	M	C	P
0	0.01625	0.19985	0.01684	0.01106	0.01448	0.16018	0.00916	0.16807	0.23550	0.06356	0.01321	0.01323	0.01014	0.00604	0.00522	0.00151	0.03976	0.00438	0.00403	0.00752
1	0.00994	0.02328	0.65780	0.01340	0.01995	0.01089	0.01674	0.01526	0.01129	0.01672	0.10331	0.01547	0.01234	0.04423	0.00612	0.00181	0.00694	0.00470	0.00267	0.00714
2	0.01402	0.37143	0.02556	0.01421	0.01828	0.13503	0.25401	0.01648	0.01155	0.01378	0.00839	0.01061	0.00709	0.00496	0.00561	0.00145	0.07439	0.00411	0.00243	0.00661
3	0.00906	0.00774	0.00818	0.00769	0.00988	0.00808	0.00591	0.01595	0.32700	0.01712	0.03696	0.03533	0.41111	0.01249	0.06182	0.00223	0.00405	0.00850	0.00488	0.00600
4	0.01129	0.01034	0.01664	0.42363	0.28183	0.01158	0.01379	0.06722	0.01210	0.01619	0.03497	0.01616	0.05071	0.00569	0.00527	0.00166	0.00624	0.00512	0.00285	0.00672
5	0.00618	0.00516	0.00539	0.00558	0.00711	0.00437	0.00409	0.00744	0.01158	0.01395	0.04903	0.16822	0.66668	0.01367	0.00623	0.00181	0.00270	0.01158	0.00484	0.00437
6	0.01456	0.00711	0.00930	0.00793	0.01050	0.00640	0.00634	0.01710	0.03905	0.35877	0.30669	0.03115	0.10242	0.00914	0.00578	0.00169	0.00353	0.04997	0.00589	0.00671
7	0.01045	0.02694	0.79000	0.01484	0.02254	0.01209	0.01924	0.01649	0.01099	0.01649	0.00935	0.01099	0.00660	0.00495	0.00495	0.00165	0.00770	0.00385	0.00220	0.00770
8	0.00983	0.00926	0.01562	0.80447	0.03587	0.01157	0.01446	0.01331	0.01041	0.01331	0.00926	0.01388	0.00694	0.00521	0.00521	0.00174	0.00694	0.00463	0.00231	0.00579
9	0.00677	0.00521	0.00779	0.00829	0.00895	0.00486	0.05877	0.00792	0.01013	0.01353	0.02741	0.75690	0.03256	0.01547	0.00661	0.00209	0.00343	0.01419	0.00468	0.00443
10	0.00757	0.00505	0.00568	0.00568	0.00568	0.00505	0.00316	0.00757	0.00757	0.01010	0.01641	0.03408	0.01893	0.81698	0.02651	0.00505	0.00505	0.00757	0.00316	0.00316
11	0.09395	0.01990	0.01443	0.01233	0.01558	0.45124	0.00961	0.28338	0.01766	0.02077	0.00955	0.01041	0.00737	0.00563	0.00475	0.00144	0.00762	0.00378	0.00362	0.00700
12	0.01892	0.01415	0.01513	0.01180	0.01582	0.01574	0.00969	0.67238	0.12066	0.03141	0.01362	0.01339	0.00976	0.00636	0.00522	0.00159	0.00552	0.00484	0.00522	0.00878
13	0.01980	0.01459	0.01563	0.01198	0.01615	0.01615	0.00990	0.76713	0.02448	0.03282	0.01250	0.01250	0.00886	0.00625	0.00521	0.00156	0.00573	0.00469	0.00521	0.00886
14	0.00634	0.00453	0.00604	0.00725	0.00755	0.00423	0.00483	0.00725	0.00997	0.01329	0.02870	0.81358	0.03444	0.01632	0.00665	0.00211	0.00302	0.01480	0.00483	0.00423
15	0.00735	0.00532	0.00693	0.00653	0.00777	0.00490	0.00490	0.00978	0.01469	0.02076	0.76845	0.03910	0.06252	0.01069	0.00614	0.00164	0.00246	0.00945	0.00572	0.00490
16	0.01412	0.00740	0.00954	0.00799	0.01047	0.00688	0.00632	0.08282	0.01567	0.29238	0.44486	0.02908	0.03277	0.00877	0.00574	0.00162	0.00344	0.00752	0.00594	0.00666
17	0.00741	0.00547	0.00703	0.00746	0.00838	0.00532	0.00543	0.01011	0.07278	0.01691	0.30063	0.40665	0.03791	0.01336	0.00640	0.00194	0.00305	0.07371	0.00519	0.00484
18	0.00737	0.00532	0.00696	0.00655	0.00778	0.00491	0.00491	0.00983	0.01474	0.02088	0.78175	0.03890	0.04914	0.01065	0.00614	0.00164	0.00246	0.00942	0.00573	0.00491
19	0.01188	0.00999	0.01073	0.00962	0.01234	0.01109	0.00742	0.02318	0.59171	0.01974	0.02220	0.02127	0.08310	0.00826	0.00647	0.06910	0.00400	0.00604	0.00486	0.06701
20	0.02015	0.05954	0.01410	0.01059	0.02808	0.01079	0.02253	0.12981	0.11562	0.48072	0.01788	0.01629	0.01197	0.00639	0.00550	0.00162	0.02924	0.00508	0.00559	0.00851
21	0.01405	0.07127	0.08556	0.04872	0.05660	0.01370	0.25501	0.24806	0.04868	0.02116	0.01264	0.07726	0.01046	0.00614	0.00547	0.00166	0.00665	0.00581	0.00364	0.00746
22	0.01200	0.01917	0.36050	0.02385	0.42516	0.03554	0.01725	0.01635	0.01156	0.01666	0.00954	0.01195	0.00747	0.00480	0.00505	0.00159	0.00695	0.00425	0.00241	0.00794
23	0.01191	0.01007	0.01359	0.00977	0.01443	0.00815	0.10294	0.04548	0.01174	0.05109	0.01004	0.01158	0.00801	0.00414	0.00426	0.00097	0.00459	0.00363	0.00326	0.67036
24	0.07843	0.02203	0.01482	0.01445	0.07721	0.63462	0.01029	0.01957	0.01373	0.01384	0.00807	0.00971	0.00676	0.00547	0.00530	0.00143	0.05192	0.00348	0.00269	0.00617
25	0.01111	0.00817	0.01205	0.01683	0.34984	0.00817	0.00909	0.01383	0.01133	0.01835	0.01381	0.01653	0.01110	0.00544	0.00431	0.00136	0.00409	0.00476	0.47346	0.00635
26	0.00634	0.00453	0.00604	0.00725	0.00755	0.00423	0.00483	0.00725	0.00997	0.01329	0.02870	0.81358	0.03444	0.01632	0.00665	0.00211	0.00302	0.01480	0.00483	0.00423
27	0.01213	0.01171	0.02043	0.09138	0.60586	0.01180	0.07789	0.01521	0.01164	0.01642	0.01115	0.06983	0.00997	0.00549	0.00535	0.00162	0.00624	0.00549	0.00272	0.00766
28	0.00768	0.00569	0.00740	0.00798	0.00930	0.00541	0.00665	0.00987	0.01259	0.01648	0.20595	0.05236	0.19402	0.01327	0.00673	0.00209	0.00380	0.42296	0.00502	0.00474
29	0.00768	0.00480	0.00588	0.00653	0.00727	0.00460	0.00467	0.00911	0.01056	0.01552	0.05663	0.41146	0.06266	0.01270	0.00631	0.03858	0.00299	0.06296	0.26468	0.00441
30	0.01196	0.01235	0.01587	0.01365	0.01384	0.07126	0.01130	0.01312	0.00846	0.01255	0.00692	0.01125	0.00683	0.00885	0.01621	0.00221	0.75087	0.00447	0.00231	0.00572
31	0.00756	0.00509	0.00587	0.00587	0.00594	0.00515	0.00339	0.00770	0.00763	0.01024	0.01623	0.03311	0.01851	0.76183	0.08108	0.00528	0.00568	0.00743	0.00313	0.00326
32	0.01289	0.01237	0.02114	0.03196	0.78450	0.01237	0.01598	0.01598	0.01186	0.01701	0.00980	0.01289	0.00825	0.00464	0.00516	0.00155	0.00619	0.00464	0.00258	0.00825
33	0.01289	0.01237	0.02114	0.03196	0.78450	0.01237	0.01598	0.01598	0.01186	0.01701	0.00980	0.01289	0.00825	0.00464	0.00516	0.00155	0.00619	0.00464	0.00258	0.00825
34	0.24309	0.01339	0.01598	0.09110	0.38757	0.13335	0.01211	0.01630	0.01136	0.01776	0.00878	0.01123	0.00718	0.00486	0.00456	0.00155	0.00616	0.00394	0.00275	0.00698
35	0.01551	0.01213	0.02245	0.01656	0.02111	0.01159	0.43096	0.02089	0.13583	0.23399	0.01506	0.01595	0.01059	0.00540	0.00575	0.00172	0.00681	0.00585	0.00413	0.00774
36	0.01232	0.41483	0.29529	0.06934	0.08283	0.01627	0.01354	0.01578	0.01082	0.01422	0.00834	0.01006	0.00680	0.00470	0.00419	0.00138	0.00647	0.00345	0.00225	0.00711
37	0.00615	0.00528	0.00528	0.00528	0.00703	0.00440	0.00396	0.00747	0.01187	0.01407	0.05276	0.05012	0.78238	0.01319	0.00615	0.00176	0.00264	0.01099	0.00484	0.00440
38	0.00971	0.00485	0.00485	0.00485	0.00607	0.00485	0.00364	0.01213	0.01092	0.01942	0.01699	0.01942	0.01335	0.00607	0.00364	0.00121	0.00243	0.00485	0.84589	0.00485
39	0.01793	0.02518	0.14558	0.01366	0.01719	0.66378	0.01161	0.02007	0.01412	0.01338	0.00827	0.00966	0.00669	0.00530	0.00474	0.00139	0.00911	0.00344	0.00260	0.00632
40	0.00873	0.00508	0.00595	0.00595	0.00688	0.00534	0.00434	0.01059	0.00966	0.01584	0.01606	0.02217	0.01420	0.15191	0.22381	0.00381	0.00601	0.00551	0.47362	0.00451
41	0.17962	0.00831	0.01021	0.04576	0.14063	0.00876	0.00726	0.07229	0.01170	0.01840	0.19058	0.02386	0.02014	0.22903	0.01086	0.00255	0.00457	0.00619	0.00380	0.00549
42	0.00744	0.00558	0.00837	0.00837	0.00930	0.00651	0.00651	0.00930	0.00837	0.01209	0.01395	0.02046	0.01302	0.03906	0.79635	0.00837	0.01395	0.00558	0.00279	0.00465
43	0.01205	0.00922	0.01093	0.00787	0.01244	0.00701	0.00632	0.01433	0.01121	0.09354	0.01038	0.01149	0.00823	0.00411	0.00399	0.00085	0.00391	0.00330	0.00342	0.76541
44	0.01738	0.01362	0.01612	0.01571	0.16723	0.01491	0.01084	0.50465	0.13811	0.02800	0.01331	0.01365	0.00983	0.00606	0.00521	0.00159	0.00557	0.00486	0.00470	0.00864
45	0.01313	0.22547	0.34635	0.01421	0.07241	0.15017	0.01418	0.01666	0.01136	0.01449	0.00842	0.01021	0.00677	0.00521	0.00548	0.00150	0.07101	0.00361	0.00232	0.00703
46	0.00629	0.00528	0.00546	0.00541	0.00711	0.00445	0.00406	0.00773	0.01218	0.01481	0.13162	0.04890	0.70306	0.01291	0.00615	0.00175	0.00262	0.01082	0.00493	0.00445
47	0.00633	0.00458	0.00599	0.00711	0.00752	0.00424	0.00477	0.00727	0.01011	0.01335	0.03041	0.75946	0.08747	0.01609	0.00661	0.00209	0.00299	0.01453	0.00483	0.00424
48	0.01572	0.01066	0.01128	0.00910	0.01208	0.01159	0.00737	0.46236	0.01901	0.02741	0.01431	0.01529	0.01067	0.00618	0.00458	0.00142	0.00440	0.00476	0.34457	0.00724
49	0.00717	0.00532	0.00668	0.00634	0.00766	0.00483	0.00476	0.00944	0.01427	0.01977	0.66214	0.04074	0.16944	0.01106	0.00614	0.00166	0.00249	0.00968	0.00559	0.00483
50	0.01106	0.01040	0.01707	0.49516	0.27259	0.01194	0.01445	0.01530	0.07175	0.01516	0.01038	0.01401	0.00807	0.00517	0.00520	0.00168	0.00648	0.00473	0.00264	0.00677
51	0.00769	0.00549	0.00758	0.00879	0.00968	0.00539	0.00717	0.00957	0.01129	0.01480	0.02796	0.31823	0.03151	0.01505	0.00701	0.00230	0.00419	0.49690	0.00481	0.00460
52	0.01945	0.02482	0.01476	0.01342	0.01610	0.79608	0.01006	0.02079	0.01476	0.01275	0.00805	0.00939	0.00671	0.00537	0.00470	0.00134	0.00939	0.00335	0.00268	0.00604
53	0.00983	0.00926	0.01562	0.80447	0.03587	0.01157	0.01446	0.01331	0.01041	0.01331	0.00926	0.01388	0.00694	0.00521	0.00521	0.00174	0.00694	0.00463	0.00231	0.00579
54	0.01522	0.01289	0.01930	0.01456	0.01861	0.01347	0.26992	0.34829	0.08130	0.02423	0.01298	0.01456	0.00968	0.00727	0.04429	0.00195	0.00679	0.00535	0.07169	0.00764
55	0.00983	0.00926	0.01562	0.80447	0.03587	0.01157	0.01446	0.01331	0.01041	0.01331	0.00926	0.01388	0.00694	0.00521	0.00521	0.00174	0.00694	0.00463	0.00231	0.00579
56	0.00634	0.00453	0.00604	0.00725	0.00755	0.00423	0.00483	0.00725	0.00997	0.01329	0.02870	0.81358	0.03444	0.01632	0.00665	0.00211	0.00302	0.01480	0.00483	0.00423
57	0.00684	0.00530	0.00623	0.00600	0.00746	0.00469	0.00450	0.00881	0.01350	0.01793	0.46562	0.04376	0.36711	0.01175	0.00615	0.00169	0.00254	0.01010	0.00534	0.00469
58	0.00984	0.00587	0.00775	0.00697	0.00863	0.00534	0.00534	0.01223	0.01477	0.13957	0.66399	0.03562	0.04353	0.01000	0.00600	0.00163	0.00276	0.00877	0.00584	0.00552
59	0.01005	0.00504	0.00527	0.00514	0.00646	0.00496	0.00388	0.01246	0.01134	0.04818	0.07134	0.02073	0.01587	0.00641	0.00388	0.00126	0.00250	0.00519	0.75503	0.00501
60	0.00634	0.00453	0.00604	0.00725	0.00755	0.00423	0.00483	0.00725	0.00997	0.01329	0.02870	0.81358	0.03444	0.01632	0.00665	0.00211	0.00302	0.01480	0.00483	0.00423
61	0.01577	0.01159	0.13451	0.04796	0.14475	0.00876	0.01062	0.01875	0.01355	0.34930	0.16951	0.01995	0.01815	0.00670	0.00536	0.00162	0.00495	0.00573	0.00481	0.00765
62	0.01218	0.37606	0.39145	0.01360	0.07965	0.01588	0.01442	0.01605	0.01088	0.01466	0.00845	0.00998	0.00677	0.00471	0.00426	0.00140	0.00664	0.00344	0.00224	0.00729
63	0.01932	0.07924	0.01656	0.01174	0.01593	0.01651	0.00982	0.70681	0.02337	0.03117	0.01208	0.01217	0.00868	0.00611	0.00506	0.00153	0.00572	0.00454	0.00497	0.00868
64	0.00615	0.00528	0.00528	0.00528	0.00703	0.00440	0.00396	0.00747	0.01187	0.01407	0.05276	0.05012	0.78238	0.01319	0.00615	0.00176	0.00264	0.01099	0.00484	0.00440
65	0.00965	0.00883	0.01260	0.01133	0.01174	0.01178	0.00924	0.01110	0.00815	0.01234	0.00998	0.01540	0.00957	0.02234	0.36123	0.00497	0.45702	0.00501	0.00250	0.00523
66	0.00621	0.00528	0.00535	0.00533	0.00707	0.00442	0.00400	0.00758	0.01199	0.01436	0.08442	0.04963	0.75053	0.01308	0.00615	0.00175	0.00263	0.01092	0.00487	0.00442
67	0.01141	0.01144	0.01619	0.01381	0.01390	0.01590	0.02386	0.01260	0.00805	0.01260	0.00690	0.01144	0.00685	0.00904	0.01691	0.00227	0.79425	0.00458	0.00228	0.00572
68	0.01637	0.46889	0.02175	0.01090	0.01457	0.36307	0.00942	0.01789	0.01243	0.01247	0.00760	0.00881	0.00669	0.00486	0.00394	0.00121	0.00726	0.00304	0.00243	0.00640
69	0.00615	0.00528	0.00528	0.00528	0.00703	0.00440	0.00396	0.00747	0.01187	0.01407	0.05276	0.05012	0.78238	0.01319	0.00615	0.00176	0.00264	0.01099	0.00484	0.00440
70	0.01054	0.00963	0.01562	0.74828	0.03447	0.01189	0.01414	0.06675	0.01141	0.01469	0.00949	0.01379	0.00708	0.00528	0.00521	0.00172	0.00686	0.00463	0.00252	0.00600
71	0.01476	0.69990	0.02539	0.00959	0.01378	0.13782	0.00908	0.01638	0.01121	0.01233	0.00736	0.00851	0.00669	0.00459	0.00355	0.00115	0.00615	0.00287	0.00230	0.00659
72	0.00839	0.00599	0.00839	0.00959	0.01079	0.00599	0.00839	0.01079	0.01199	0.01558	0.02757	0.05874	0.02997	0.01439	0.00719	0.00240	0.00480	0.74945	0.00480	0.00480
73	0.01158	0.01225	0.07359	0.31782	0.45228	0.01206	0.01565	0.01502	0.01126	0.01560	0.00956	0.01312	0.00765	0.00487	0.00516	0.00162	0.00657	0.00458	0.00245	0.00729
74	0.00715	0.00714	0.06317	0.03167	0.01049	0.00566	0.04851	0.00899	0.01124	0.01463	0.09393	0.35906	0.27312	0.01299	0.00627	0.00190	0.00367	0.03109	0.00452	0.00480
75	0.00643	0.00460	0.00614	0.00735	0.00769	0.00431	0.00499	0.00740	0.01006	0.01339	0.02865	0.78080	0.03425	0.01623	0.00667	0.00213	0.00310	0.04672	0.00483	0.00425
76	0.01214	0.01280	0.01649	0.01393	0.01481	0.11142	0.07805	0.01365	0.00923	0.01289	0.00791	0.01214	0.00743	0.01074	0.07989	0.00263	0.57103	0.00464	0.00240	0.00577
77	0.01901	0.01378	0.01492	0.01152	0.01548	0.01513	0.00949	0.69374	0.02354	0.05204	0.06725	0.01451	0.01182	0.00657	0.00528	0.00157	0.00546	0.00504	0.00528	0.00858
78	0.00615	0.00528	0.00528	0.00528	0.00703	0.00440	0.00396	0.00747	0.01187	0.01407	0.05276	0.05012	0.78238	0.01319	0.00615	0.00176	0.00264	0.01099	0.00484	0.00440
79	0.07143	0.04335	0.29400	0.05642	0.38623	0.01232	0.01591	0.01588	0.01129	0.01703	0.02343	0.01227	0.00811	0.00489	0.00491	0.00158	0.00652	0.00426	0.00252	0.00765
80	0.08300	0.02174	0.01487	0.01306	0.01590	0.61640	0.04552	0.03387	0.01391	0.01431	0.00819	0.00975	0.00677	0.00540	0.00516	0.00140	0.04331	0.00351	0.00277	0.04117
81	0.00671	0.00526	0.00617	0.00674	0.00802	0.00472	0.00518	0.00818	0.01144	0.01423	0.04121	0.23506	0.43051	0.01421	0.00651	0.00199	0.00322	0.18133	0.00483	0.00445
82	0.02024	0.00896	0.01176	0.00888	0.01306	0.00748	0.00728	0.02232	0.01388	0.59608	0.01773	0.01600	0.01160	0.00580	0.00489	0.00140	0.00429	0.00470	0.00561	0.21802
83	0.01129	0.08339	0.07441	0.00855	0.01335	0.03099	0.00757	0.01382	0.01091	0.01639	0.00905	0.01056	0.00750	0.00404	0.00392	0.00089	0.00447	0.00313	0.00293	0.68285
84	0.01945	0.02482	0.01476	0.01342	0.01610	0.79608	0.01006	0.02079	0.01476	0.01275	0.00805	0.00939	0.00671	0.00537	0.00470	0.00134	0.00939	0.00335	0.00268	0.00604
85	0.01125	0.05301	0.39134	0.01133	0.01727	0.01016	0.01273	0.02876	0.01145	0.04573	0.04184	0.01225	0.00906	0.00484	0.00454	0.00130	0.00580	0.00382	0.00289	0.32065
86	0.01222	0.01041	0.01402	0.03954	0.01506	0.05718	0.14332	0.16832	0.07485	0.04421	0.04044	0.30299	0.01963	0.01026	0.02066	0.00194	0.00545	0.00878	0.00438	0.00634
87	0.85377	0.01007	0.00765	0.00685	0.01007	0.01168	0.00564	0.01531	0.00886	0.02336	0.00725	0.00846	0.00564	0.00483	0.00322	0.00161	0.00403	0.00282	0.00322	0.00564
88	0.00634	0.00457	0.00601	0.00716	0.00753	0.00424	0.00479	0.00726	0.01006	0.01333	0.02985	0.77730	0.06999	0.01617	0.00662	0.00210	0.00300	0.01462	0.00483	0.00424
89	0.00939	0.00489	0.00489	0.00489	0.00615	0.00481	0.00367	0.01172	0.01101	0.01894	0.02018	0.02215	0.08190	0.00670	0.00386	0.00126	0.00245	0.00540	0.77092	0.00481
90	0.01844	0.01185	0.01334	0.01076	0.01447	0.01273	0.00872	0.31084	0.27852	0.23620	0.01768	0.01630	0.01237	0.00658	0.00525	0.00165	0.00482	0.00525	0.00558	0.00865
91	0.00634	0.00453	0.00604	0.00725	0.00755	0.00423	0.00483	0.00725	0.00997	0.01329	0.02870	0.81358	0.03444	0.01632	0.00665	0.00211	0.00302	0.01480	0.00483	0.00423
92	0.01980	0.01459	0.01563	0.01198	0.01615	0.01615	0.00990	0.76713	0.02448	0.03282	0.01250	0.01250	0.00886	0.00625	0.00521	0.00156	0.00573	0.00469	0.00521	0.00886
93	0.00642	0.00461	0.00621	0.00733	0.00768	0.00439	0.00495	0.00740	0.00986	0.01321	0.02766	0.75736	0.03292	0.01793	0.06263	0.00256	0.00380	0.01415	0.00469	0.00426
94	0.01635	0.01963	0.01275	0.01197	0.01415	0.58042	0.00893	0.03884	0.01395	0.01355	0.01318	0.17329	0.01336	0.00798	0.00521	0.00155	0.00781	0.03810	0.00328	0.00570
95	0.01936	0.01416	0.01516	0.01167	0.01571	0.01566	0.00963	0.73434	0.02390	0.03224	0.01270	0.01280	0.00905	0.00624	0.00514	0.00155	0.00559	0.00470	0.04173	0.00868
96	0.01141	0.06850	0.01643	0.01313	0.01345	0.01590	0.01100	0.01258	0.00822	0.01254	0.00757	0.03721	0.00772	0.00902	0.01578	0.00219	0.72450	0.00476	0.00236	0.00572
97	0.00634	0.00453	0.00604	0.00725	0.00755	0.00423	0.00483	0.00725	0.00997	0.01329	0.02870	0.81358	0.03444	0.01632	0.00665	0.00211	0.00302	0.01480	0.00483	0.00423
98	0.05851	0.00891	0.01190	0.00916	0.01316	0.00782	0.00757	0.02495	0.01465	0.75574	0.01998	0.01733	0.01258	0.00638	0.00515	0.00161	0.00441	0.00513	0.00631	0.00873
99	0.00752	0.00526	0.00675	0.00675	0.00712	0.00563	0.00449	0.00826	0.00789	0.01089	0.01543	0.02866	0.01658	0.50722	0.33305	0.00637	0.00859	0.00678	0.00301	0.00375
100	0.01080	0.00926	0.01080	0.00771	0.01234	0.00694	0.00617	0.01311	0.01080	0.01697	0.00926	0.01080	0.00771	0.00386	0.00386	0.00077	0.00386	0.00309	0.00309	0.84882
101	0.00720	0.00548	0.00614	0.00593	0.00748	0.00496	0.00446	0.00956	0.04136	0.01748	0.33191	0.04187	0.40008	0.01134	0.00589	0.00166	0.00260	0.00964	0.08018	0.00478
102	0.01571	0.01118	0.04816	0.00927	0.01248	0.01122	0.00785	0.40602	0.01819	0.06643	0.01448	0.01533	0.01067	0.00613	0.00460	0.00144	0.00450	0.00474	0.32433	0.00728
103	0.01540	0.01550	0.01893	0.01637	0.08689	0.19249	0.21723	0.10493	0.21199	0.04683	0.01325	0.01423	0.01002	0.00561	0.00537	0.00162	0.00698	0.00511	0.00376	0.00750
104	0.01339	0.08305	0.27169	0.01208	0.01690	0.02498	0.01219	0.12444	0.33411	0.03181	0.01473	0.01461	0.01092	0.00600	0.00500	0.00164	0.00573	0.00475	0.00399	0.00800
105	0.01428	0.01021	0.01082	0.00907	0.01188	0.01118	0.00724	0.32263	0.18066	0.02521	0.04609	0.01863	0.04595	0.00683	0.00484	0.00151	0.00415	0.00544	0.25619	0.00719
106	0.85377	0.01007	0.00765	0.00685	0.01007	0.01168	0.00564	0.01531	0.00886	0.02336	0.00725	0.00846	0.00564	0.00483	0.00322	0.00161	0.00403	0.00282	0.00322	0.00564
107	0.01216	0.07198	0.61552	0.01426	0.02093	0.14488	0.01710	0.01717	0.01161	0.01562	0.00901	0.01057	0.00662	0.00499	0.00481	0.00157	0.00786	0.00370	0.00228	0.00736
108	0.00631	0.00466	0.00591	0.00692	0.00747	0.00426	0.00469	0.00729	0.01029	0.01342	0.03276	0.68475	0.16066	0.01579	0.00656	0.00205	0.00296	0.01416	0.00483	0.00426
109	0.01092	0.01137	0.02229	0.45889	0.03205	0.01228	0.34618	0.01480	0.01124	0.01480	0.00982	0.01396	0.00737	0.00485	0.00562	0.00174	0.00775	0.00530	0.00246	0.00633
110	0.00622	0.00522	0.00541	0.00550	0.00711	0.00440	0.00407	0.00756	0.01184	0.01430	0.08241	0.11361	0.68785	0.01334	0.00620	0.00178	0.00266	0.01124	0.00487	0.00440
111	0.00754	0.00516	0.00626	0.00626	0.00646	0.00536	0.00388	0.00795	0.00775	0.01053	0.01588	0.03113	0.01765	0.64865	0.19309	0.00577	0.00697	0.00714	0.00308	0.00348
112	0.01701	0.37604	0.02029	0.01143	0.01489	0.45361	0.00955	0.01850	0.01291	0.01253	0.00769	0.00893	0.00670	0.00496	0.00410	0.00124	0.00770	0.00310	0.00248	0.00632
113	0.02183	0.00898	0.01193	0.00924	0.01305	0.00804	0.00759	0.07672	0.01557	0.67298	0.08107	0.01905	0.01551	0.00677	0.00531	0.00161	0.00436	0.00553	0.00630	0.00855
114	0.18338	0.01462	0.04611	0.01056	0.01400	0.18754	0.00871	0.20498	0.01544	0.17590	0.01301	0.06877	0.01024	0.00651	0.00497	0.00159	0.01740	0.00481	0.00430	0.00717
115	0.01582	0.01706	0.01839	0.02366	0.44516	0.29639	0.01335	0.07752	0.01391	0.01673	0.00938	0.01159	0.00774	0.00503	0.00499	0.00147	0.00731	0.00418	0.00283	0.00750
116	0.00796	0.00674	0.01148	0.01068	0.01216	0.00639	0.15849	0.00987	0.01085	0.01444	0.02482	0.49938	0.02820	0.01353	0.00666	0.00210	0.00454	0.16242	0.00438	0.00491
117	0.01066	0.00991	0.01639	0.26952	0.24656	0.01070	0.07949	0.01477	0.08694	0.01564	0.01457	0.13801	0.01361	0.00729	0.00560	0.00178	0.00590	0.04287	0.00322	0.00658
118	0.01156	0.01127	0.06737	0.16963	0.01819	0.01084	0.00965	0.04054	0.31982	0.01876	0.04773	0.01619	0.01261	0.00586	0.00493	0.00149	0.00485	0.00490	0.00394	0.21988
119	0.48120	0.00985	0.01141	0.32554	0.05398	0.01167	0.00960	0.01454	0.00961	0.01908	0.00816	0.01081	0.00627	0.00497	0.00410	0.00166	0.00528	0.00362	0.00283	0.00581
120	0.00678	0.00512	0.00637	0.00719	0.00817	0.00471	0.00541	0.00818	0.01107	0.01410	0.03612	0.38695	0.27250	0.01485	0.00662	0.00207	0.00333	0.19124	0.00483	0.00442
121	0.01104	0.00964	0.01266	0.01530	0.22219	0.01025	0.00940	0.01854	0.33301	0.01848	0.06537	0.12329	0.08018	0.00858	0.00563	0.00177	0.00436	0.03875	0.00446	0.00709
122	0.00619	0.00513	0.00543	0.00567	0.00714	0.00436	0.00413	0.00743	0.01149	0.01391	0.04792	0.20360	0.63202	0.01382	0.00625	0.00183	0.00271	0.01176	0.00484	0.00436
123	0.01193	0.01475	0.17157	0.10291	0.48331	0.01221	0.01580	0.01550	0.01128	0.01629	0.00946	0.01244	0.00769	0.00498	0.00575	0.00159	0.05232	0.00441	0.00248	0.04332
124	0.02336	0.00886	0.01209	0.00927	0.01329	0.00765	0.00765	0.02538	0.01491	0.78810	0.02055	0.01773	0.01289	0.00645	0.00524	0.00161	0.00443	0.00524	0.00645	0.00886
125	0.01139	0.01139	0.01595	0.01367	0.01367	0.01595	0.01139	0.01253	0.00798	0.01253	0.00684	0.01139	0.00684	0.00911	0.01709	0.00228	0.80745	0.00456	0.00228	0.00570
126	0.01454	0.52420	0.08768	0.01127	0.06884	0.01751	0.01012	0.11100	0.01267	0.05012	0.00926	0.01030	0.00762	0.00489	0.00394	0.00127	0.00563	0.00344	0.03852	0.00717
127	0.01730	0.01335	0.01422	0.01148	0.01520	0.01498	0.00929	0.49721	0.29847	0.02879	0.01568	0.01503	0.01143	0.00655	0.00524	0.00164	0.00514	0.00513	0.00524	0.00863
128	0.01193	0.01021	0.01333	0.16756	0.08290	0.04161	0.03051	0.04779	0.01215	0.05498	0.07199	0.01429	0.01120	0.00505	0.00464	0.00122	0.00503	0.00430	0.00333	0.40597
129	0.00641	0.00466	0.00605	0.00702	0.00753	0.00430	0.00476	0.00748	0.01052	0.01397	0.09079	0.68386	0.10229	0.01559	0.00656	0.00205	0.00294	0.01404	0.00491	0.00430
130	0.02040	0.01362	0.01503	0.01152	0.01567	0.01472	0.00952	0.64196	0.02287	0.16027	0.01386	0.01338	0.00954	0.00628	0.00521	0.00157	0.00551	0.00478	0.00542	0.00886
131	0.02336	0.00886	0.01209	0.00927	0.01329	0.00765	0.00765	0.02538	0.01491	0.78810	0.02055	0.01773	0.01289	0.00645	0.00524	0.00161	0.00443	0.00524	0.00645	0.00886
132	0.00686	0.00490	0.00663	0.00784	0.00837	0.00467	0.00573	0.00814	0.01048	0.01387	0.02842	0.62411	0.03332	0.01583	0.00678	0.00219	0.00347	0.19920	0.00482	0.00437
133	0.01858	0.01839	0.01414	0.01226	0.01517	0.42098	0.00953	0.11367	0.12205	0.12865	0.01216	0.01253	0.00916	0.00614	0.00580	0.00153	0.06406	0.00423	0.00388	0.00708
134	0.00757	0.00505	0.00568	0.00568	0.00568	0.00505	0.00316	0.00757	0.00757	0.01010	0.01641	0.03408	0.01893	0.81698	0.02651	0.00505	0.00505	0.00757	0.00316	0.00316
135	0.01864	0.01367	0.01466	0.01147	0.01537	0.01514	0.00940	0.63383	0.11263	0.04602	0.01388	0.01371	0.00995	0.00634	0.00516	0.00157	0.00538	0.00485	0.03971	0.00862
136	0.01129	0.00925	0.01157	0.00910	0.01258	0.00850	0.03969	0.12258	0.03704	0.01809	0.01214	0.04805	0.01067	0.03503	0.16428	0.00267	0.00638	0.00467	0.00346	0.43296
137	0.01851	0.01782	0.01465	0.01228	0.01569	0.30558	0.00968	0.36486	0.14753	0.02349	0.01231	0.01251	0.00925	0.00606	0.00503	0.00151	0.00682	0.00439	0.00429	0.00770
138	0.85377	0.01007	0.00765	0.00685	0.01007	0.01168	0.00564	0.01531	0.00886	0.02336	0.00725	0.00846	0.00564	0.00483	0.00322	0.00161	0.00403	0.00282	0.00322	0.00564
139	0.01487	0.01072	0.01358	0.01101	0.01410	0.06537	0.10393	0.13009	0.11393	0.18595	0.21816	0.03652	0.02201	0.00766	0.00564	0.00166	0.00496	0.02763	0.00510	0.00711
140	0.00638	0.00456	0.00609	0.00729	0.00761	0.00426	0.00490	0.00732	0.01001	0.01334	0.02868	0.79950	0.03436	0.01628	0.00666	0.00212	0.00305	0.02851	0.00483	0.00424
141	0.00634	0.00453	0.00604	0.00725	0.00755	0.00423	0.00483	0.00725	0.00997	0.01329	0.02870	0.81358	0.03444	0.01632	0.00665	0.00211	0.00302	0.01480	0.00483	0.00423
142	0.02336	0.00886	0.01209	0.00927	0.01329	0.00765	0.00765	0.02538	0.01491	0.78810	0.02055	0.01773	0.01289	0.00645	0.00524	0.00161	0.00443	0.00524	0.00645	0.00886
143	0.01295	0.01119	0.01178	0.01060	0.01354	0.01295	0.00824	0.02767	0.77509	0.02178	0.02120	0.01943	0.01590	0.00707	0.00530	0.00177	0.00412	0.00589	0.00530	0.00824
144	0.02263	0.00903	0.01206	0.00936	0.01331	0.00803	0.00770	0.02554	0.06880	0.73378	0.02059	0.01785	0.01310	0.00649	0.00524	0.00162	0.00441	0.00528	0.00636	0.00882
145	0.01980	0.01459	0.01563	0.01198	0.01615	0.01615	0.00990	0.76713	0.02448	0.03282	0.01250	0.01250	0.00886	0.00625	0.00521	0.00156	0.00573	0.00469	0.00521	0.00886
146	0.01035	0.02542	0.72126	0.01478	0.02212	0.01182	0.05408	0.01613	0.01109	0.01640	0.01121	0.01277	0.03894	0.00526	0.00505	0.00166	0.00754	0.00425	0.00233	0.00753
147	0.01118	0.01063	0.01806	0.46331	0.36648	0.01192	0.01513	0.01449	0.01105	0.01494	0.00949	0.01344	0.00752	0.00496	0.00518	0.00165	0.00661	0.00463	0.00243	0.00687
148	0.85377	0.01007	0.00765	0.00685	0.01007	0.01168	0.00564	0.01531	0.00886	0.02336	0.00725	0.00846	0.00564	0.00483	0.00322	0.00161	0.00403	0.00282	0.00322	0.00564
149	0.01295	0.01119	0.01178	0.01060	0.01354	0.01295	0.00824	0.02767	0.77509	0.02178	0.02120	0.01943	0.01590	0.00707	0.00530	0.00177	0.00412	0.00589	0.00530	0.00824
150	0.00737	0.00532	0.00696	0.00655	0.00778	0.00491	0.00491	0.00983	0.01474	0.02088	0.78175	0.03890	0.04914	0.01065	0.00614	0.00164	0.00246	0.00942	0.00573	0.00491
151	0.00615	0.00528	0.00528	0.00528	0.00703	0.00440	0.00396	0.00747	0.01187	0.01407	0.05276	0.05012	0.78238	0.01319	0.00615	0.00176	0.00264	0.01099	0.00484	0.00440
152	0.00983	0.00926	0.01562	0.80447	0.03587	0.01157	0.01446	0.01331	0.01041	0.01331	0.00926	0.01388	0.00694	0.00521	0.00521	0.00174	0.00694	0.00463	0.00231	0.00579
153	0.00729	0.00531	0.00686	0.00650	0.00774	0.00488	0.00487	0.00967	0.01451	0.02041	0.73260	0.05435	0.08370	0.01088	0.00615	0.00165	0.00248	0.00960	0.00567	0.00488
154	0.00757	0.00505	0.00568	0.00568	0.00568	0.00505	0.00316	0.00757	0.00757	0.01010	0.01641	0.03408	0.01893	0.81698	0.02651	0.00505	0.00505	0.00757	0.00316	0.00316
155	0.00991	0.00505	0.00507	0.00500	0.00627	0.00508	0.00377	0.02718	0.01119	0.01968	0.01690	0.01928	0.01326	0.00607	0.00367	0.00122	0.00249	0.00485	0.82914	0.00493
156	0.00945	0.00600	0.00777	0.00705	0.00868	0.00561	0.00538	0.01244	0.05090	0.10778	0.65942	0.03558	0.04345	0.01000	0.00600	0.00164	0.00276	0.00878	0.00579	0.00552
157	0.01290	0.01229	0.02080	0.06371	0.73803	0.01242	0.01580	0.03084	0.01205	0.01717	0.00983	0.01292	0.00821	0.00470	0.00516	0.00155	0.00621	0.00464	0.00262	0.00816
158	0.01891	0.02368	0.01451	0.01318	0.01588	0.73045	0.00991	0.02137	0.07848	0.01350	0.00915	0.01023	0.00748	0.00551	0.00475	0.00138	0.00895	0.00357	0.00290	0.00622
159	0.78766	0.00997	0.00801	0.00704	0.01033	0.01136	0.00580	0.01611	0.00934	0.08424	0.00831	0.00920	0.00622	0.00496	0.00338	0.00161	0.00406	0.00301	0.00348	0.00590
160	0.01226	0.01426	0.04347	0.02183	0.02714	0.01315	0.75305	0.01668	0.01227	0.01668	0.01052	0.01400	0.00788	0.00440	0.00613	0.00175	0.00876	0.00611	0.00263	0.00703
161	0.01061	0.01005	0.01702	0.60800	0.22626	0.01177	0.01485	0.01399	0.01078	0.01425	0.00939	0.01363	0.00727	0.00506	0.00519	0.00169	0.00675	0.00463	0.00238	0.00641
162	0.00714	0.00528	0.00667	0.00639	0.00766	0.00481	0.00477	0.00936	0.01411	0.01953	0.63969	0.07338	0.15935	0.01127	0.00617	0.00168	0.00251	0.00988	0.00556	0.00481
163	0.01139	0.01196	0.02293	0.01760	0.02075	0.01272	0.43201	0.01456	0.01106	0.01536	0.01240	0.02087	0.01134	0.00737	0.00931	0.00201	0.22605	0.13114	0.00290	0.00629
164	0.01045	0.02694	0.79000	0.01484	0.02254	0.01209	0.01924	0.01649	0.01099	0.01649	0.00935	0.01099	0.00660	0.00495	0.00495	0.00165	0.00770	0.00385	0.00220	0.00770
165	0.00755	0.00504	0.00569	0.00571	0.00571	0.00504	0.00318	0.00757	0.00761	0.01015	0.01661	0.04702	0.01919	0.80369	0.02618	0.00500	0.00502	0.00769	0.00318	0.00317
166	0.00983	0.00926	0.01562	0.80447	0.03587	0.01157	0.01446	0.01331	0.01041	0.01331	0.00926	0.01388	0.00694	0.00521	0.00521	0.00174	0.00694	0.00463	0.00231	0.00579
167	0.00983	0.00926	0.01562	0.80447	0.03587	0.01157	0.01446	0.01331	0.01041	0.01331	0.00926	0.01388	0.00694	0.00521	0.00521	0.00174	0.00694	0.00463	0.00231	0.00579
168	0.85377	0.01007	0.00765	0.00685	0.01007	0.01168	0.00564	0.01531	0.00886	0.02336	0.00725	0.00846	0.00564	0.00483	0.00322	0.00161	0.00403	0.00282	0.00322	0.00564
169	0.00743	0.00536	0.00706	0.00683	0.00803	0.00499	0.00521	0.00984	0.01437	0.02021	0.69568	0.06261	0.04708	0.01113	0.00625	0.00172	0.00267	0.07303	0.00563	0.00488

[dist]
# distance from previous block
# <min> <max>
0	1

[block]
# block no. 4 follows, 47 sequences, length 38
# corresponding to MSA columns:
# 267-304
name=unknown_E
#
# <colnr> <probs for GDERKNQSTAVLIFYWHMCP>
#	G	D	E	R	K	N	Q	S	T	A	V	L	I	F	Y	W	H	M	C	P
0	0.01196	0.01039	0.01562	0.63535	0.03166	0.01255	0.01349	0.17417	0.01342	0.01747	0.00995	0.01359	0.00735	0.00543	0.00521	0.00170	0.00668	0.00464	0.00293	0.00644
1	0.00979	0.00646	0.00783	0.00730	0.00815	0.00762	0.00572	0.01177	0.00985	0.01671	0.01429	0.01821	0.01201	0.04136	0.08757	0.00233	0.19165	0.00496	0.53145	0.00496
2	0.00960	0.00582	0.00768	0.00693	0.00855	0.00530	0.00530	0.01199	0.01476	0.12780	0.67567	0.03595	0.04409	0.01006	0.00602	0.00163	0.00273	0.00884	0.00583	0.00546
3	0.01256	0.01186	0.01816	0.48565	0.02978	0.05427	0.14189	0.15031	0.01350	0.01737	0.01000	0.01342	0.00744	0.00526	0.00534	0.00169	0.00717	0.00483	0.00291	0.00656
4	0.00615	0.00528	0.00528	0.00528	0.00703	0.00440	0.00396	0.00747	0.01187	0.01407	0.05276	0.05012	0.78238	0.01319	0.00615	0.00176	0.00264	0.01099	0.00484	0.00440
5	0.21472	0.00860	0.01025	0.00836	0.01173	0.00820	0.00684	0.02052	0.01321	0.48581	0.09459	0.01962	0.01565	0.02412	0.00539	0.00172	0.00416	0.03360	0.00549	0.00743
6	0.01980	0.01459	0.01563	0.01198	0.01615	0.01615	0.00990	0.76713	0.02448	0.03282	0.01250	0.01250	0.00886	0.00625	0.00521	0.00156	0.00573	0.00469	0.00521	0.00886
7	0.00634	0.00453	0.00604	0.00725	0.00755	0.00423	0.00483	0.00725	0.00997	0.01329	0.02870	0.81358	0.03444	0.01632	0.00665	0.00211	0.00302	0.01480	0.00483	0.00423
8	0.01197	0.01274	0.00996	0.00921	0.01098	0.30570	0.00691	0.01398	0.01459	0.01758	0.46890	0.02723	0.03213	0.00933	0.02489	0.00169	0.00537	0.00702	0.00450	0.00533
9	0.00757	0.00505	0.00568	0.00568	0.00568	0.00505	0.00316	0.00757	0.00757	0.01010	0.01641	0.03408	0.01893	0.81698	0.02651	0.00505	0.00505	0.00757	0.00316	0.00316
10	0.02068	0.01317	0.01475	0.01131	0.01544	0.01405	0.00934	0.58400	0.02212	0.21930	0.01449	0.01379	0.00985	0.00630	0.00522	0.00157	0.00541	0.00482	0.00551	0.00886
11	0.01487	0.01043	0.01088	0.00942	0.01225	0.07368	0.00737	0.10372	0.23741	0.19945	0.07960	0.08270	0.11867	0.00846	0.00550	0.00169	0.00440	0.00700	0.00528	0.00722
12	0.08420	0.01216	0.01010	0.00882	0.01133	0.18248	0.00689	0.17252	0.05132	0.04946	0.01362	0.01481	0.01042	0.00591	0.00430	0.00139	0.00493	0.00439	0.34463	0.00632
13	0.53271	0.01120	0.00984	0.00830	0.01175	0.06615	0.00677	0.07991	0.01197	0.20195	0.01084	0.01102	0.00767	0.00536	0.00396	0.00159	0.00464	0.00358	0.00410	0.00668
14	0.01563	0.32320	0.09670	0.04688	0.03767	0.12060	0.04609	0.22055	0.01506	0.01870	0.00929	0.01051	0.00738	0.00515	0.00445	0.00139	0.00656	0.00377	0.00313	0.00731
15	0.00754	0.00517	0.00630	0.00630	0.00651	0.00538	0.00392	0.00797	0.00776	0.01055	0.01584	0.03096	0.01758	0.63867	0.20297	0.00581	0.00709	0.00712	0.00307	0.00350
16	0.00673	0.00483	0.00639	0.00699	0.00764	0.00448	0.00486	0.00821	0.01175	0.01612	0.30947	0.52475	0.03992	0.01420	0.00646	0.00194	0.00281	0.01280	0.00517	0.00448
17	0.01057	0.00632	0.00685	0.00624	0.00787	0.00644	0.00481	0.11681	0.01370	0.02163	0.19492	0.02300	0.02108	0.00716	0.00444	0.00136	0.00289	0.00590	0.53258	0.00543
18	0.01856	0.00780	0.01054	0.00845	0.01164	0.00683	0.00683	0.02070	0.01486	0.55748	0.24936	0.02409	0.02379	0.00771	0.00551	0.00162	0.00384	0.00649	0.00623	0.00768
19	0.01899	0.01419	0.01518	0.01182	0.01584	0.01578	0.00970	0.68053	0.11239	0.03153	0.01352	0.01331	0.00968	0.00635	0.00522	0.00159	0.00554	0.00483	0.00522	0.00878
20	0.01980	0.01459	0.01563	0.01198	0.01615	0.01615	0.00990	0.76713	0.02448	0.03282	0.01250	0.01250	0.00886	0.00625	0.00521	0.00156	0.00573	0.00469	0.00521	0.00886
21	0.01945	0.02482	0.01476	0.01342	0.01610	0.79608	0.01006	0.02079	0.01476	0.01275	0.00805	0.00939	0.00671	0.00537	0.00470	0.00134	0.00939	0.00335	0.00268	0.00604
22	0.01295	0.01119	0.01178	0.01060	0.01354	0.01295	0.00824	0.02767	0.77509	0.02178	0.02120	0.01943	0.01590	0.00707	0.00530	0.00177	0.00412	0.00589	0.00530	0.00824
23	0.01045	0.02694	0.79000	0.01484	0.02254	0.01209	0.01924	0.01649	0.01099	0.01649	0.00935	0.01099	0.00660	0.00495	0.00495	0.00165	0.00770	0.00385	0.00220	0.00770
24	0.01295	0.01119	0.01178	0.01060	0.01354	0.01295	0.00824	0.02767	0.77509	0.02178	0.02120	0.01943	0.01590	0.00707	0.00530	0.00177	0.00412	0.00589	0.00530	0.00824
25	0.00722	0.00532	0.00675	0.00639	0.00769	0.00485	0.00479	0.00953	0.01438	0.02003	0.69031	0.04031	0.14111	0.01097	0.00614	0.00165	0.00248	0.00962	0.00562	0.00485
26	0.01139	0.01139	0.01595	0.01367	0.01367	0.01595	0.01139	0.01253	0.00798	0.01253	0.00684	0.01139	0.00684	0.00911	0.01709	0.00228	0.80745	0.00456	0.00228	0.00570
27	0.00660	0.00529	0.00589	0.00574	0.00731	0.00459	0.00431	0.00834	0.01293	0.01657	0.32064	0.04600	0.51294	0.01225	0.00615	0.00171	0.00257	0.01041	0.00517	0.00459
28	0.00757	0.00505	0.00568	0.00568	0.00568	0.00505	0.00316	0.00757	0.00757	0.01010	0.01641	0.03408	0.01893	0.81698	0.02651	0.00505	0.00505	0.00757	0.00316	0.00316
29	0.01203	0.01153	0.01943	0.22300	0.54863	0.01240	0.01531	0.01509	0.01125	0.01580	0.00947	0.01304	0.00783	0.00507	0.00594	0.00164	0.05793	0.00463	0.00249	0.00747
30	0.00640	0.00529	0.00562	0.00554	0.00719	0.00450	0.00415	0.00795	0.01246	0.01546	0.20157	0.04783	0.63270	0.01267	0.00615	0.00173	0.00260	0.01067	0.00502	0.00450
31	0.01386	0.76814	0.02689	0.01039	0.06298	0.02008	0.00937	0.01562	0.01066	0.01256	0.00740	0.00865	0.00678	0.00447	0.00346	0.00114	0.00561	0.00290	0.00225	0.00678
32	0.04149	0.01122	0.07093	0.01104	0.01516	0.00944	0.11368	0.10408	0.03778	0.20155	0.03014	0.04386	0.06157	0.00661	0.00519	0.00151	0.00510	0.03791	0.00436	0.18737
33	0.01169	0.06309	0.01949	0.27030	0.44065	0.01232	0.04082	0.01476	0.01126	0.01538	0.01031	0.04790	0.00887	0.00531	0.00515	0.00161	0.00634	0.00501	0.00257	0.00716
34	0.02193	0.00889	0.01190	0.00917	0.01312	0.00771	0.00752	0.04202	0.01472	0.69559	0.01988	0.04239	0.01314	0.00659	0.00519	0.00157	0.00438	0.00539	0.00615	0.06276
35	0.00868	0.00689	0.00999	0.04037	0.08866	0.00642	0.05518	0.01102	0.01330	0.05144	0.37888	0.03606	0.25281	0.00999	0.00597	0.00167	0.00355	0.00882	0.00485	0.00544
36	0.01052	0.04230	0.63018	0.01370	0.02021	0.01152	0.01686	0.04823	0.01158	0.01683	0.01202	0.06615	0.01021	0.00642	0.00520	0.00172	0.00705	0.05934	0.00269	0.00729
37	0.01358	0.01053	0.04044	0.02992	0.05007	0.00998	0.18544	0.05775	0.13025	0.16809	0.04658	0.09756	0.01718	0.00808	0.00588	0.00182	0.00555	0.10971	0.00452	0.00707

[dist]
# distance from previous block
# <min> <max>
0	1

[block]
# block no. 5 follows, 47 sequences, length 13
# corresponding to MSA columns:
# 306-318
name=unknown_F
#
# <colnr> <probs for GDERKNQSTAVLIFYWHMCP>
#	G	D	E	R	K	N	Q	S	T	A	V	L	I	F	Y	W	H	M	C	P
