[name]
unknown

[dist]
# distance from previous block
# <min> <max>
0	6

[block]
# block no. 0 follows, 45 sequences, length 17
# corresponding to MSA columns:
# 6-22
name=unknown_A
#
# <colnr> <probs for GDERKNQSTAVLIFYWHMCP>
#	G	D	E	R	K	N	Q	S	T	A	V	L	I	F	Y	W	H	M	C	P
0	0.01233	0.00974	0.01120	0.01068	0.01312	0.01076	0.00880	0.12194	0.34499	0.02131	0.02340	0.03624	0.02154	0.01037	0.00628	0.00207	0.00477	0.31814	0.00523	0.00708
1	0.01832	0.01401	0.01443	0.01178	0.01549	0.06840	0.00957	0.44612	0.18974	0.08107	0.01613	0.01764	0.01226	0.00711	0.00548	0.00170	0.00564	0.05132	0.00527	0.00852
2	0.02005	0.01808	0.01570	0.01274	0.01653	0.24918	0.01019	0.51154	0.04882	0.02720	0.01183	0.01218	0.00872	0.00620	0.00521	0.00155	0.00698	0.00446	0.00459	0.00823
3	0.00655	0.00520	0.00588	0.00623	0.00751	0.00454	0.00448	0.00790	0.01194	0.01503	0.12687	0.29087	0.45941	0.01433	0.00650	0.00192	0.00282	0.01240	0.00509	0.00454
4	0.00951	0.05767	0.03909	0.04625	0.01092	0.00703	0.00665	0.02886	0.01390	0.07245	0.44598	0.16410	0.05539	0.01072	0.00606	0.00174	0.00349	0.00938	0.00523	0.00558
5	0.09469	0.45678	0.26334	0.01109	0.01654	0.04872	0.01226	0.01655	0.01104	0.01514	0.00818	0.00952	0.00676	0.00483	0.00401	0.00138	0.00644	0.00324	0.00241	0.00709
6	0.00737	0.00552	0.00685	0.00664	0.00803	0.00501	0.00506	0.00962	0.01431	0.01951	0.55688	0.04413	0.22173	0.01184	0.00640	0.00177	0.00273	0.05605	0.00563	0.00493
7	0.00680	0.00546	0.00608	0.00592	0.00753	0.00473	0.00444	0.00859	0.01332	0.01708	0.31871	0.04742	0.50974	0.01263	0.00634	0.00177	0.00265	0.01073	0.00532	0.00473
8	0.01355	0.01531	0.01988	0.31481	0.02722	0.23258	0.22647	0.01673	0.01278	0.01493	0.04689	0.01430	0.00949	0.00545	0.00554	0.00167	0.00819	0.00509	0.00276	0.00636
9	0.01174	0.01174	0.01644	0.01409	0.01409	0.01644	0.01174	0.01292	0.00822	0.01292	0.00705	0.01174	0.00705	0.00940	0.01762	0.00235	0.80153	0.00470	0.00235	0.00587
10	0.00767	0.00575	0.00863	0.00863	0.00959	0.00671	0.00671	0.00959	0.00863	0.01246	0.01438	0.02109	0.01342	0.04026	0.79008	0.00863	0.01438	0.00575	0.00288	0.00479
11	0.01267	0.01448	0.03167	0.02262	0.02805	0.01357	0.75837	0.01719	0.01267	0.01719	0.01086	0.01448	0.00814	0.00452	0.00633	0.00181	0.00905	0.00633	0.00271	0.00724
12	0.01189	0.01054	0.01589	0.45324	0.14844	0.01229	0.01332	0.01828	0.20214	0.04055	0.01310	0.01571	0.00989	0.00580	0.00538	0.00176	0.00622	0.00512	0.00334	0.00711
13	0.02041	0.01504	0.01611	0.01235	0.01665	0.01665	0.01020	0.75997	0.02524	0.03383	0.01289	0.01289	0.00913	0.00644	0.00537	0.00161	0.00591	0.00483	0.00537	0.00913
14	0.00634	0.00544	0.00544	0.00544	0.00725	0.00453	0.00408	0.00770	0.01224	0.01450	0.05438	0.05166	0.77569	0.01359	0.00634	0.00181	0.00272	0.01133	0.00498	0.00453
15	0.07355	0.10128	0.43804	0.01371	0.01953	0.23364	0.01513	0.01808	0.01224	0.01599	0.00889	0.01042	0.00677	0.00517	0.00474	0.00155	0.00795	0.00364	0.00249	0.00720
16	0.01322	0.01257	0.01877	0.17004	0.42047	0.05074	0.01441	0.06863	0.01244	0.01721	0.00990	0.01326	0.00817	0.00573	0.00695	0.00172	0.11611	0.00471	0.02743	0.00750

[dist]
# distance from previous block
# <min> <max>
0	3

[block]
# block no. 1 follows, 45 sequences, length 68
# corresponding to MSA columns:
# 26-32,46-106
name=unknown_B
#
# <colnr> <probs for GDERKNQSTAVLIFYWHMCP>
#	G	D	E	R	K	N	Q	S	T	A	V	L	I	F	Y	W	H	M	C	P
0	0.28244	0.02456	0.01554	0.01228	0.01557	0.01103	0.22636	0.04720	0.06159	0.03462	0.01517	0.20129	0.01456	0.00790	0.00531	0.00183	0.00546	0.00718	0.00382	0.00629
1	0.01469	0.21940	0.27624	0.01321	0.01818	0.24896	0.03215	0.01877	0.06251	0.01502	0.00947	0.01083	0.00753	0.00534	0.00498	0.00150	0.02767	0.00376	0.00265	0.00713
2	0.01496	0.72986	0.02674	0.00968	0.01408	0.10377	0.00931	0.01665	0.01137	0.01268	0.00755	0.00873	0.00689	0.00469	0.00359	0.00117	0.00616	0.00293	0.00235	0.00682
3	0.01158	0.02110	0.47122	0.01553	0.09943	0.01213	0.01585	0.01888	0.16195	0.01819	0.01210	0.01325	0.00900	0.00539	0.00508	0.00162	0.00663	0.00439	0.00304	0.09365
4	0.14813	0.01150	0.01650	0.01650	0.18994	0.02512	0.10918	0.03400	0.08760	0.28542	0.01482	0.01506	0.01046	0.00572	0.00517	0.00168	0.00559	0.00501	0.00448	0.00810
5	0.01014	0.00954	0.01610	0.79845	0.03697	0.01193	0.01491	0.01371	0.01073	0.01371	0.00954	0.01431	0.00716	0.00537	0.00537	0.00179	0.00716	0.00477	0.00239	0.00596
6	0.00653	0.00497	0.00603	0.00685	0.00769	0.00447	0.00477	0.00765	0.01100	0.01404	0.03798	0.53066	0.28687	0.01567	0.00669	0.00206	0.00303	0.03361	0.00498	0.00443
7	0.00703	0.00504	0.00672	0.00750	0.00816	0.00473	0.00535	0.00856	0.01185	0.01612	0.23848	0.52298	0.03932	0.01499	0.00676	0.00207	0.00312	0.08138	0.00524	0.00461
8	0.01163	0.01157	0.01622	0.01394	0.01397	0.01617	0.01160	0.01282	0.00823	0.01291	0.00725	0.01201	0.00723	0.01027	0.03943	0.00253	0.77929	0.00473	0.00236	0.00584
9	0.01001	0.00500	0.00500	0.00500	0.00625	0.00500	0.00375	0.01251	0.01126	0.02001	0.01751	0.02001	0.01376	0.00625	0.00375	0.00125	0.00250	0.00500	0.84115	0.00500
10	0.00652	0.00539	0.00573	0.00590	0.00751	0.00461	0.00441	0.00794	0.01217	0.01480	0.08287	0.12888	0.63568	0.01386	0.00644	0.00187	0.00285	0.04299	0.00502	0.00456
11	0.21391	0.01683	0.06385	0.01156	0.01500	0.25172	0.03041	0.04080	0.26613	0.01976	0.01292	0.01325	0.00991	0.00595	0.00476	0.00163	0.00632	0.00435	0.00383	0.00710
12	0.01329	0.01275	0.02179	0.03295	0.77787	0.01275	0.01647	0.01647	0.01222	0.01754	0.01010	0.01329	0.00850	0.00478	0.00531	0.00159	0.00638	0.00478	0.00266	0.00850
13	0.00654	0.00467	0.00623	0.00747	0.00779	0.00436	0.00498	0.00747	0.01028	0.01370	0.02959	0.80785	0.03550	0.01682	0.00685	0.00218	0.00311	0.01526	0.00498	0.00436
14	0.00824	0.00642	0.00987	0.00894	0.00997	0.00680	0.08221	0.00965	0.00871	0.01212	0.01504	0.02608	0.01534	0.34777	0.40210	0.00655	0.01013	0.00664	0.00301	0.00442
15	0.01586	0.01793	0.01839	0.10306	0.37571	0.34580	0.01370	0.01832	0.01335	0.01526	0.00927	0.01184	0.00768	0.00516	0.00512	0.00152	0.00787	0.00421	0.00268	0.00727
16	0.00676	0.00483	0.00648	0.00772	0.00813	0.00455	0.00536	0.00785	0.01049	0.01394	0.02947	0.73140	0.03503	0.01661	0.00691	0.00221	0.00330	0.08958	0.00498	0.00442
17	0.01146	0.09190	0.01287	0.00808	0.01283	0.00860	0.00665	0.01378	0.01111	0.01699	0.00933	0.01087	0.00784	0.00404	0.00392	0.00083	0.00416	0.00315	0.00309	0.75851
18	0.00665	0.00545	0.00587	0.00576	0.00744	0.00466	0.00432	0.00831	0.01297	0.01624	0.23312	0.04879	0.59586	0.01294	0.00634	0.00178	0.00267	0.01093	0.00521	0.00466
19	0.01499	0.01302	0.01828	0.02314	0.42647	0.01381	0.01320	0.19573	0.18416	0.02250	0.01338	0.01470	0.01041	0.00574	0.00536	0.00165	0.00579	0.00508	0.00393	0.00865
20	0.00760	0.00537	0.00653	0.00630	0.00709	0.00509	0.00427	0.00903	0.01202	0.01657	0.42134	0.03886	0.08614	0.33413	0.01480	0.00312	0.00362	0.00905	0.00478	0.00430
21	0.01088	0.02178	0.52238	0.20083	0.02555	0.01243	0.01750	0.01740	0.08861	0.01678	0.01086	0.01293	0.00786	0.00539	0.00520	0.00173	0.00737	0.00437	0.00262	0.00752
22	0.01174	0.01174	0.01644	0.01409	0.01409	0.01644	0.01174	0.01292	0.00822	0.01292	0.00705	0.01174	0.00705	0.00940	0.01762	0.00235	0.80153	0.00470	0.00235	0.00587
23	0.00654	0.00467	0.00623	0.00747	0.00779	0.00436	0.00498	0.00747	0.01028	0.01370	0.02959	0.80785	0.03550	0.01682	0.00685	0.00218	0.00311	0.01526	0.00498	0.00436
24	0.01267	0.01448	0.03167	0.02262	0.02805	0.01357	0.75837	0.01719	0.01267	0.01719	0.01086	0.01448	0.00814	0.00452	0.00633	0.00181	0.00905	0.00633	0.00271	0.00724
25	0.01112	0.18638	0.53023	0.01343	0.01984	0.01346	0.03472	0.01584	0.01117	0.01577	0.01126	0.09234	0.00979	0.00618	0.00497	0.00164	0.00702	0.00496	0.00256	0.00734
26	0.01335	0.01153	0.01214	0.01092	0.01396	0.01335	0.00850	0.02852	0.76817	0.02245	0.02185	0.02003	0.01639	0.00728	0.00546	0.00182	0.00425	0.00607	0.00546	0.00850
27	0.84927	0.01038	0.00789	0.00706	0.01038	0.01204	0.00581	0.01578	0.00914	0.02408	0.00747	0.00872	0.00581	0.00498	0.00332	0.00166	0.00415	0.00291	0.00332	0.00581
28	0.00658	0.00545	0.00577	0.00569	0.00740	0.00463	0.00427	0.00817	0.01280	0.01584	0.19160	0.04946	0.63763	0.01310	0.00634	0.00179	0.00268	0.01102	0.00516	0.00463
29	0.84927	0.01038	0.00789	0.00706	0.01038	0.01204	0.00581	0.01578	0.00914	0.02408	0.00747	0.00872	0.00581	0.00498	0.00332	0.00166	0.00415	0.00291	0.00332	0.00581
30	0.01222	0.01166	0.01986	0.29305	0.52613	0.01247	0.01594	0.01554	0.01172	0.01624	0.00991	0.01363	0.00805	0.00498	0.00533	0.00166	0.00664	0.00478	0.00256	0.00764
31	0.01335	0.01153	0.01214	0.01092	0.01396	0.01335	0.00850	0.02852	0.76817	0.02245	0.02185	0.02003	0.01639	0.00728	0.00546	0.00182	0.00425	0.00607	0.00546	0.00850
32	0.00760	0.00549	0.00718	0.00675	0.00802	0.00506	0.00506	0.01013	0.01519	0.02153	0.77503	0.04010	0.05065	0.01097	0.00633	0.00169	0.00253	0.00971	0.00591	0.00506
33	0.02005	0.02558	0.01521	0.01383	0.01659	0.78980	0.01037	0.02143	0.01521	0.01314	0.00830	0.00968	0.00691	0.00553	0.00484	0.00138	0.00968	0.00346	0.00277	0.00622
34	0.02183	0.01341	0.01461	0.01134	0.01548	0.06443	0.00930	0.42155	0.02068	0.32744	0.01585	0.01480	0.01062	0.00646	0.00535	0.00162	0.00563	0.00496	0.00570	0.00894
35	0.00654	0.00467	0.00623	0.00747	0.00779	0.00436	0.00498	0.00747	0.01028	0.01370	0.02959	0.80785	0.03550	0.01682	0.00685	0.00218	0.00311	0.01526	0.00498	0.00436
36	0.01014	0.00954	0.01610	0.79845	0.03697	0.01193	0.01491	0.01371	0.01073	0.01371	0.00954	0.01431	0.00716	0.00537	0.00537	0.00179	0.00716	0.00477	0.00239	0.00596
37	0.01329	0.01275	0.02179	0.03295	0.77787	0.01275	0.01647	0.01647	0.01222	0.01754	0.01010	0.01329	0.00850	0.00478	0.00531	0.00159	0.00638	0.00478	0.00266	0.00850
38	0.00830	0.08974	0.06052	0.00766	0.00939	0.00768	0.00631	0.00984	0.00963	0.01269	0.02307	0.02982	0.18605	0.23446	0.27666	0.00495	0.00798	0.00715	0.00335	0.00474
39	0.01752	0.29313	0.07058	0.01225	0.01608	0.42724	0.01058	0.06699	0.01414	0.01456	0.00840	0.00963	0.00704	0.00524	0.00442	0.00134	0.00798	0.00338	0.00274	0.00675
40	0.84927	0.01038	0.00789	0.00706	0.01038	0.01204	0.00581	0.01578	0.00914	0.02408	0.00747	0.00872	0.00581	0.00498	0.00332	0.00166	0.00415	0.00291	0.00332	0.00581
41	0.01113	0.10826	0.70626	0.01467	0.02227	0.01336	0.01874	0.01690	0.01129	0.01655	0.00941	0.01105	0.00681	0.00505	0.00493	0.00164	0.00771	0.00385	0.00227	0.00783
42	0.00733	0.00548	0.00680	0.00647	0.00785	0.00495	0.00485	0.00961	0.01456	0.02001	0.61952	0.04259	0.20711	0.01154	0.00633	0.00172	0.00257	0.01006	0.00571	0.00495
43	0.79386	0.01054	0.00881	0.00877	0.06125	0.01209	0.00652	0.01583	0.00934	0.02365	0.00765	0.00902	0.00599	0.00497	0.00345	0.00166	0.00430	0.00303	0.00328	0.00599
44	0.00917	0.00708	0.00909	0.00799	0.00988	0.00686	0.03790	0.08752	0.04474	0.02167	0.53592	0.03703	0.14318	0.01045	0.00620	0.00171	0.00325	0.00915	0.00557	0.00563
45	0.02213	0.00893	0.01198	0.00946	0.01322	0.00790	0.00769	0.05573	0.01527	0.67095	0.02168	0.09881	0.01538	0.00768	0.00555	0.00171	0.00448	0.00638	0.00642	0.00865
46	0.02408	0.00914	0.01246	0.00955	0.01370	0.00789	0.00789	0.02616	0.01536	0.78158	0.02118	0.01827	0.01329	0.00664	0.00540	0.00166	0.00457	0.00540	0.00664	0.00914
47	0.01292	0.01238	0.02113	0.12156	0.69210	0.01266	0.01629	0.01615	0.01205	0.01709	0.01003	0.01340	0.00835	0.00485	0.00532	0.00162	0.00647	0.00478	0.00263	0.00821
48	0.01852	0.01114	0.01285	0.01061	0.01426	0.01175	0.00852	0.13688	0.36872	0.31506	0.02025	0.01829	0.01411	0.00691	0.00542	0.00173	0.00462	0.00563	0.00590	0.00884
49	0.00654	0.00467	0.00623	0.00747	0.00779	0.00436	0.00498	0.00747	0.01028	0.01370	0.02959	0.80785	0.03550	0.01682	0.00685	0.00218	0.00311	0.01526	0.00498	0.00436
50	0.00742	0.00548	0.00692	0.00656	0.00791	0.00499	0.00492	0.00978	0.01476	0.02051	0.67040	0.04178	0.15592	0.01135	0.00633	0.00171	0.00256	0.00994	0.00577	0.00499
51	0.01479	0.01173	0.01257	0.01098	0.01422	0.01333	0.00863	0.10394	0.64151	0.07394	0.02088	0.01917	0.01543	0.00715	0.00545	0.00179	0.00444	0.00590	0.00553	0.00860
52	0.01313	0.01260	0.02151	0.07083	0.74120	0.01271	0.01640	0.01634	0.01215	0.01735	0.01007	0.01334	0.00844	0.00481	0.00532	0.00160	0.00642	0.00478	0.00264	0.00838
53	0.00932	0.00466	0.00699	0.00699	0.00699	0.00466	0.00466	0.00699	0.00699	0.00932	0.00932	0.01632	0.00932	0.01865	0.02098	0.84382	0.00466	0.00466	0.00233	0.00233
54	0.01296	0.01243	0.02121	0.11126	0.70207	0.01267	0.01631	0.01619	0.01207	0.01715	0.01004	0.01339	0.00836	0.00484	0.00532	0.00161	0.00646	0.00478	0.00263	0.00824
55	0.02292	0.00968	0.01442	0.01089	0.01517	0.00847	0.08466	0.02524	0.01509	0.70339	0.02012	0.01788	0.01276	0.00643	0.00549	0.00168	0.00503	0.00549	0.00624	0.00894
56	0.00865	0.00618	0.00865	0.00989	0.01112	0.00618	0.00865	0.01112	0.01236	0.01606	0.02842	0.06055	0.03089	0.01483	0.00741	0.00247	0.00494	0.74174	0.00494	0.00494
57	0.00760	0.00549	0.00718	0.00675	0.00802	0.00506	0.00506	0.01013	0.01519	0.02153	0.77503	0.04010	0.05065	0.01097	0.00633	0.00169	0.00253	0.00971	0.00591	0.00506
58	0.02289	0.00908	0.01221	0.00948	0.01346	0.00800	0.00779	0.02555	0.04765	0.71512	0.05483	0.01932	0.01509	0.00686	0.00544	0.00167	0.00446	0.00562	0.00656	0.00893
59	0.02196	0.01125	0.04671	0.01162	0.03291	0.00990	0.05867	0.13685	0.01645	0.56756	0.01849	0.01680	0.01193	0.00637	0.00544	0.00166	0.00525	0.00530	0.00592	0.00894
60	0.01193	0.05282	0.63760	0.01440	0.02153	0.01209	0.03653	0.01744	0.01187	0.08187	0.04471	0.01319	0.00934	0.00546	0.00515	0.00168	0.00736	0.00437	0.00281	0.00785
61	0.01198	0.07726	0.65627	0.01460	0.02195	0.01346	0.01816	0.09295	0.01273	0.01844	0.00983	0.01132	0.00704	0.00520	0.00502	0.00166	0.00758	0.00398	0.00259	0.00799
62	0.04982	0.03419	0.37450	0.01284	0.01857	0.01315	0.01391	0.26852	0.01587	0.02276	0.01192	0.06448	0.00953	0.00625	0.00513	0.00163	0.00647	0.00489	0.00361	0.06197
63	0.01320	0.28487	0.06863	0.00933	0.01420	0.01331	0.00863	0.09482	0.01258	0.01756	0.00920	0.01048	0.00764	0.00452	0.00402	0.00106	0.00504	0.00330	0.00305	0.41454
64	0.01606	0.16122	0.05494	0.01101	0.03335	0.01281	0.00947	0.13738	0.04499	0.20933	0.03459	0.02044	0.06184	0.00757	0.00648	0.00170	0.08659	0.06415	0.00450	0.02156
65	0.07434	0.13881	0.10014	0.01060	0.01453	0.14213	0.00949	0.12551	0.07833	0.06837	0.04416	0.03112	0.07623	0.00666	0.00488	0.00152	0.00581	0.00504	0.00391	0.05842
66	0.01579	0.01476	0.15957	0.01180	0.01610	0.06266	0.04198	0.06729	0.20504	0.20738	0.07132	0.01744	0.01428	0.00657	0.00560	0.00167	0.02125	0.00536	0.00470	0.04944
67	0.07369	0.03274	0.09128	0.01045	0.01436	0.03908	0.00918	0.05485	0.21953	0.26964	0.06430	0.01752	0.01436	0.00665	0.00539	0.00166	0.01960	0.00526	0.00506	0.04538

[dist]
# distance from previous block
# <min> <max>
134	354

[block]
# block no. 2 follows, 45 sequences, length 12
# corresponding to MSA columns:
# 569-580
name=unknown_C
#
# <colnr> <probs for GDERKNQSTAVLIFYWHMCP>
#	G	D	E	R	K	N	Q	S	T	A	V	L	I	F	Y	W	H	M	C	P
0	0.01569	0.01268	0.01726	0.06987	0.24604	0.01345	0.04791	0.31320	0.06543	0.04995	0.01527	0.01681	0.05717	0.02773	0.00605	0.00175	0.00591	0.00547	0.00420	0.00816
1	0.06191	0.01821	0.14890	0.01276	0.01746	0.10393	0.01167	0.50779	0.02084	0.02804	0.01152	0.01203	0.00830	0.00603	0.00516	0.00160	0.00660	0.00442	0.00443	0.00842
2	0.03614	0.01469	0.05557	0.10732	0.05132	0.05624	0.01115	0.43479	0.07115	0.08841	0.01312	0.01365	0.00938	0.00617	0.00529	0.00164	0.00613	0.00479	0.00466	0.00839
3	0.01403	0.01274	0.02024	0.11842	0.57319	0.01327	0.01531	0.13222	0.01408	0.01964	0.01047	0.01334	0.00844	0.00511	0.00533	0.00162	0.00639	0.00479	0.00305	0.00831
4	0.01047	0.00981	0.01593	0.63216	0.07298	0.01214	0.01413	0.01436	0.04727	0.01424	0.01019	0.01463	0.00792	0.00713	0.03828	0.00210	0.06264	0.00487	0.00257	0.00617
5	0.01334	0.04571	0.01695	0.31924	0.17373	0.01338	0.01283	0.19341	0.04078	0.01957	0.01348	0.01594	0.05585	0.00621	0.00580	0.00170	0.03626	0.00516	0.00342	0.00726
6	0.03748	0.07709	0.08100	0.29116	0.10723	0.04597	0.01360	0.01462	0.01033	0.01437	0.00857	0.01235	0.00717	0.00644	0.00883	0.00186	0.24863	0.00442	0.00243	0.00646
7	0.01602	0.03965	0.01830	0.09711	0.01966	0.14934	0.13691	0.26283	0.01636	0.02112	0.01077	0.01291	0.00832	0.00616	0.00684	0.00168	0.10852	0.00477	0.05549	0.00723
8	0.01321	0.06162	0.01690	0.05979	0.01708	0.02956	0.10699	0.14368	0.01327	0.01869	0.01045	0.04251	0.00894	0.00611	0.00718	0.00150	0.15008	0.00470	0.00331	0.28443
9	0.01406	0.35655	0.20002	0.03091	0.01852	0.03130	0.10360	0.07968	0.04025	0.04316	0.00995	0.01128	0.00781	0.00505	0.00457	0.00145	0.00664	0.00398	0.00290	0.02832
10	0.01340	0.09122	0.01796	0.26010	0.21008	0.04049	0.01279	0.10488	0.11981	0.01823	0.01151	0.01382	0.00901	0.00560	0.00539	0.00163	0.02372	0.00468	0.00327	0.03243
11	0.01522	0.21462	0.07909	0.01149	0.01570	0.01503	0.05242	0.21799	0.11641	0.06059	0.03570	0.04125	0.01153	0.00632	0.00532	0.00154	0.03106	0.00495	0.00405	0.05972

[dist]
# distance from previous block
# <min> <max>
17	40

[block]
# block no. 3 follows, 45 sequences, length 35
# corresponding to MSA columns:
# 625-633,635-660
name=unknown_D
#
# <colnr> <probs for GDERKNQSTAVLIFYWHMCP>
#	G	D	E	R	K	N	Q	S	T	A	V	L	I	F	Y	W	H	M	C	P
0	0.07760	0.14264	0.40347	0.01312	0.05157	0.06319	0.01410	0.01607	0.01186	0.01723	0.10338	0.01423	0.01226	0.00572	0.00482	0.00156	0.00656	0.00440	0.00288	0.03336
1	0.06401	0.55535	0.11926	0.00991	0.01465	0.03012	0.01013	0.03948	0.01178	0.05493	0.04085	0.01093	0.00905	0.00513	0.00395	0.00132	0.00579	0.00350	0.00283	0.00705
2	0.11679	0.09107	0.09305	0.01082	0.01491	0.04753	0.00969	0.26699	0.07654	0.07528	0.07344	0.01468	0.01227	0.00628	0.00515	0.00157	0.02185	0.00470	0.00435	0.05304
3	0.08083	0.20905	0.06578	0.00997	0.01377	0.08188	0.02475	0.01895	0.04964	0.23336	0.07746	0.07045	0.01473	0.00682	0.00487	0.00155	0.00530	0.00538	0.00431	0.02116
4	0.16142	0.41994	0.16418	0.01001	0.01473	0.05191	0.01034	0.01634	0.03316	0.01590	0.01092	0.01190	0.04941	0.00538	0.00402	0.00141	0.00584	0.00367	0.00274	0.00678
5	0.55525	0.03866	0.15233	0.00909	0.01333	0.01260	0.00886	0.08986	0.01127	0.02324	0.00878	0.01003	0.00665	0.00518	0.00387	0.00163	0.00501	0.00337	0.03443	0.00654
6	0.00718	0.00516	0.00595	0.00629	0.00684	0.00487	0.00406	0.00782	0.00962	0.01238	0.02926	0.22888	0.20235	0.40068	0.01666	0.00357	0.00410	0.03630	0.00414	0.00388
7	0.01435	0.81458	0.02813	0.00918	0.01378	0.02124	0.00918	0.01607	0.01091	0.01263	0.00746	0.00861	0.00689	0.00459	0.00344	0.00115	0.00574	0.00287	0.00230	0.00689
8	0.13592	0.01330	0.01298	0.01055	0.01383	0.07479	0.00857	0.42643	0.01882	0.02729	0.01223	0.01320	0.00916	0.00629	0.00544	0.00158	0.04930	0.00447	0.14831	0.00754
9	0.02001	0.01430	0.01549	0.01202	0.01619	0.01573	0.00988	0.64109	0.09355	0.08469	0.01430	0.01392	0.01009	0.00654	0.00538	0.00163	0.00566	0.00499	0.00547	0.00907
10	0.24514	0.00870	0.01072	0.01013	0.01257	0.00926	0.06666	0.01539	0.10233	0.04529	0.02018	0.05952	0.01989	0.01014	0.00586	0.00208	0.00489	0.34087	0.00444	0.00592
11	0.84927	0.01038	0.00789	0.00706	0.01038	0.01204	0.00581	0.01578	0.00914	0.02408	0.00747	0.00872	0.00581	0.00498	0.00332	0.00166	0.00415	0.00291	0.00332	0.00581
12	0.02170	0.00982	0.01250	0.00992	0.01384	0.00930	0.00809	0.04819	0.17500	0.59896	0.02108	0.01848	0.01382	0.00677	0.00541	0.00169	0.00454	0.00552	0.00636	0.00900
13	0.02021	0.02086	0.01561	0.01317	0.01662	0.44357	0.01030	0.35216	0.01970	0.02240	0.01035	0.01112	0.00791	0.00594	0.00508	0.00149	0.00799	0.00407	0.00393	0.00752
14	0.00781	0.00520	0.00585	0.00585	0.00585	0.00520	0.00325	0.00781	0.00781	0.01041	0.01691	0.03513	0.01952	0.81135	0.02732	0.00520	0.00520	0.00781	0.00325	0.00325
15	0.07718	0.29173	0.01764	0.00925	0.01350	0.01286	0.00820	0.02191	0.01337	0.46000	0.01543	0.01423	0.01053	0.00581	0.00457	0.00148	0.00495	0.00434	0.00489	0.00812
16	0.01435	0.81458	0.02813	0.00918	0.01378	0.02124	0.00918	0.01607	0.01091	0.01263	0.00746	0.00861	0.00689	0.00459	0.00344	0.00115	0.00574	0.00287	0.00230	0.00689
17	0.01488	0.00712	0.00941	0.00790	0.01050	0.00629	0.00625	0.01712	0.01504	0.36135	0.38137	0.03122	0.09034	0.00924	0.00591	0.00169	0.00346	0.00790	0.00617	0.00685
18	0.00654	0.00467	0.00623	0.00747	0.00779	0.00436	0.00498	0.00747	0.01028	0.01370	0.02959	0.80785	0.03550	0.01682	0.00685	0.00218	0.00311	0.01526	0.00498	0.00436
19	0.52475	0.01077	0.01022	0.00845	0.01212	0.01171	0.00697	0.12851	0.01304	0.21076	0.01163	0.01167	0.00813	0.00561	0.00413	0.00165	0.00451	0.00380	0.00444	0.00712
20	0.00837	0.00598	0.00832	0.00956	0.01067	0.00593	0.00816	0.01063	0.01208	0.01575	0.02858	0.16123	0.03151	0.01510	0.00734	0.00243	0.00470	0.64386	0.00495	0.00486
21	0.00645	0.00501	0.00587	0.00656	0.00755	0.00444	0.00458	0.00758	0.01115	0.01406	0.04069	0.46921	0.36697	0.01537	0.00662	0.00202	0.00294	0.01350	0.00498	0.00444
22	0.27967	0.05218	0.05593	0.01148	0.01490	0.41065	0.00940	0.07728	0.01370	0.01839	0.00844	0.00968	0.00674	0.00537	0.00436	0.00150	0.00739	0.00340	0.00310	0.00644
23	0.01028	0.07031	0.01088	0.01031	0.04239	0.00766	0.00843	0.01260	0.01235	0.06570	0.05611	0.06364	0.03898	0.02735	0.00700	0.00219	0.00481	0.49255	0.00467	0.05180
24	0.01060	0.00895	0.01055	0.00783	0.01208	0.00684	0.00618	0.01292	0.01140	0.01760	0.07085	0.05740	0.01283	0.00523	0.00432	0.00094	0.00381	0.00436	0.00349	0.73181
25	0.04800	0.01005	0.01133	0.00995	0.01291	0.01048	0.00818	0.21813	0.14431	0.02277	0.06677	0.03022	0.05550	0.00910	0.00578	0.00179	0.00467	0.20613	0.00490	0.11905
26	0.20340	0.01337	0.01666	0.01706	0.20596	0.02842	0.06953	0.29302	0.06047	0.02523	0.01126	0.01253	0.00853	0.00558	0.00497	0.00164	0.00585	0.00455	0.00398	0.00799
27	0.07382	0.01378	0.01646	0.07850	0.19380	0.04018	0.01157	0.38607	0.08875	0.02607	0.01229	0.01337	0.00920	0.00592	0.00521	0.00164	0.00596	0.00475	0.00429	0.00835
28	0.04826	0.01231	0.01905	0.02668	0.57421	0.02405	0.01411	0.07417	0.01348	0.07103	0.04166	0.01540	0.03055	0.00553	0.00530	0.00161	0.00593	0.00509	0.00335	0.00821
29	0.01466	0.01319	0.02070	0.02898	0.63132	0.01350	0.01527	0.15961	0.01473	0.02067	0.01063	0.01321	0.00862	0.00510	0.00532	0.00160	0.00629	0.00479	0.00318	0.00862
30	0.05088	0.01204	0.01752	0.06035	0.41527	0.01240	0.01282	0.17580	0.01513	0.08112	0.03402	0.01664	0.06003	0.00606	0.00534	0.00163	0.00574	0.00532	0.00380	0.00810
31	0.02880	0.01301	0.01563	0.03102	0.04472	0.07227	0.09432	0.27350	0.08555	0.07471	0.02932	0.08523	0.01269	0.00685	0.00540	0.00160	0.00578	0.00584	0.00447	0.10931
32	0.07837	0.01267	0.01435	0.01380	0.12164	0.04171	0.00970	0.34999	0.05717	0.04211	0.04171	0.07124	0.03257	0.00711	0.00558	0.00163	0.02556	0.00568	0.00453	0.06287
33	0.25752	0.01385	0.01448	0.07685	0.17017	0.11651	0.01045	0.18278	0.04535	0.04851	0.01053	0.01192	0.00803	0.00552	0.00470	0.00162	0.00598	0.00415	0.00370	0.00738
34	0.14238	0.01244	0.01362	0.07396	0.06922	0.03903	0.00948	0.34667	0.06782	0.05245	0.03373	0.05425	0.02639	0.00682	0.00512	0.00166	0.00536	0.00537	0.02657	0.00766

[dist]
# distance from previous block
# <min> <max>
30	62

[block]
# block no. 4 follows, 45 sequences, length 24
# corresponding to MSA columns:
# 875-898
name=unknown_E
#
# <colnr> <probs for GDERKNQSTAVLIFYWHMCP>
#	G	D	E	R	K	N	Q	S	T	A	V	L	I	F	Y	W	H	M	C	P
0	0.11158	0.01207	0.01366	0.15807	0.01849	0.03963	0.00972	0.30123	0.06226	0.12297	0.05378	0.01575	0.02475	0.00642	0.00516	0.00165	0.00552	0.00503	0.00463	0.02762
1	0.03584	0.01272	0.01468	0.18025	0.11154	0.10320	0.01087	0.19238	0.08171	0.07177	0.11621	0.01744	0.01485	0.00657	0.00539	0.00165	0.00593	0.00541	0.00422	0.00735
2	0.11210	0.01166	0.01357	0.05985	0.13097	0.05107	0.00949	0.17375	0.05222	0.04848	0.09172	0.03017	0.01389	0.00640	0.00523	0.00153	0.01803	0.01845	0.00408	0.14733
3	0.15844	0.01205	0.01248	0.01218	0.09298	0.07345	0.00859	0.10678	0.22046	0.04027	0.03861	0.06413	0.01320	0.00664	0.00493	0.00159	0.00493	0.00532	0.00428	0.11868
4	0.03385	0.00947	0.01129	0.01096	0.08898	0.00940	0.00772	0.17387	0.07331	0.03764	0.18539	0.02772	0.16801	0.00854	0.00558	0.00160	0.00414	0.02348	0.00483	0.11425
5	0.01323	0.07787	0.01320	0.00976	0.01337	0.03179	0.00781	0.12861	0.25553	0.02058	0.01587	0.09728	0.01359	0.00683	0.00494	0.00143	0.00455	0.00559	0.00434	0.27383
6	0.10262	0.01261	0.01489	0.06181	0.21088	0.07426	0.01085	0.07818	0.23654	0.10086	0.01495	0.01623	0.01145	0.00621	0.00518	0.00169	0.00556	0.02306	0.00423	0.00792
7	0.01650	0.01117	0.01694	0.02114	0.39398	0.01067	0.01205	0.02021	0.07326	0.26100	0.01450	0.01518	0.01059	0.00549	0.00521	0.00155	0.00538	0.00491	0.00420	0.09606
8	0.01365	0.01126	0.01359	0.00993	0.01461	0.01000	0.04953	0.20934	0.01491	0.02176	0.01049	0.01178	0.00827	0.00465	0.00447	0.00107	0.00477	0.00379	0.00373	0.57840
9	0.01165	0.29823	0.46025	0.01240	0.01869	0.01487	0.01489	0.01594	0.01126	0.01529	0.01244	0.01360	0.06801	0.00560	0.00463	0.00152	0.00676	0.00417	0.00249	0.00730
10	0.00654	0.00467	0.00623	0.00747	0.00779	0.00436	0.00498	0.00747	0.01028	0.01370	0.02959	0.80785	0.03550	0.01682	0.00685	0.00218	0.00311	0.01526	0.00498	0.00436
11	0.00654	0.00467	0.00623	0.00747	0.00779	0.00436	0.00498	0.00747	0.01028	0.01370	0.02959	0.80785	0.03550	0.01682	0.00685	0.00218	0.00311	0.01526	0.00498	0.00436
12	0.02055	0.01219	0.01495	0.01329	0.09485	0.01253	0.00981	0.33503	0.07910	0.32573	0.01657	0.01562	0.01128	0.00642	0.00538	0.00165	0.00530	0.00515	0.00560	0.00902
13	0.01597	0.01266	0.01740	0.01301	0.01752	0.01250	0.16669	0.27491	0.09578	0.08716	0.01323	0.01397	0.00972	0.00551	0.00523	0.00147	0.00579	0.00490	0.00437	0.22221
14	0.01522	0.01435	0.01529	0.03657	0.17603	0.13814	0.01069	0.13897	0.27092	0.02098	0.01416	0.01473	0.01093	0.00595	0.00516	0.00156	0.00588	0.00485	0.00410	0.09552
15	0.01833	0.01013	0.09163	0.00938	0.01319	0.00761	0.00837	0.02092	0.01480	0.50225	0.19480	0.02363	0.04527	0.00770	0.00561	0.00168	0.00439	0.00643	0.00596	0.00793
16	0.01329	0.01275	0.02179	0.03295	0.77787	0.01275	0.01647	0.01647	0.01222	0.01754	0.01010	0.01329	0.00850	0.00478	0.00531	0.00159	0.00638	0.00478	0.00266	0.00850
17	0.00654	0.00467	0.00623	0.00747	0.00779	0.00436	0.00498	0.00747	0.01028	0.01370	0.02959	0.80785	0.03550	0.01682	0.00685	0.00218	0.00311	0.01526	0.00498	0.00436
18	0.01333	0.02225	0.51718	0.01420	0.02096	0.01205	0.05789	0.09538	0.01328	0.10063	0.01127	0.01240	0.00790	0.00528	0.00514	0.00162	0.00711	0.00428	0.00316	0.07469
19	0.01113	0.00954	0.01113	0.00795	0.01272	0.00716	0.00636	0.01352	0.01113	0.01749	0.00954	0.01113	0.00795	0.00398	0.00398	0.00080	0.00398	0.00318	0.00318	0.84417
20	0.00654	0.00467	0.00623	0.00747	0.00779	0.00436	0.00498	0.00747	0.01028	0.01370	0.02959	0.80785	0.03550	0.01682	0.00685	0.00218	0.00311	0.01526	0.00498	0.00436
21	0.01333	0.55846	0.02272	0.00879	0.01344	0.01676	0.00829	0.01526	0.01098	0.01418	0.00812	0.00941	0.00723	0.00440	0.00361	0.00104	0.00518	0.00297	0.00258	0.27326
22	0.01051	0.01628	0.31781	0.01082	0.01639	0.00898	0.01157	0.01427	0.01112	0.01690	0.01167	0.09450	0.01037	0.00577	0.00472	0.00130	0.00546	0.00476	0.00301	0.42379
23	0.01958	0.01538	0.09444	0.01179	0.01595	0.12925	0.01038	0.27782	0.01811	0.26543	0.01573	0.01775	0.01161	0.00690	0.00543	0.00167	0.00619	0.06335	0.00502	0.00823

[dist]
# distance from previous block
# <min> <max>
4	13

[block]
# block no. 5 follows, 45 sequences, length 25
# corresponding to MSA columns:
# 914,917-940
name=unknown_F
#
# <colnr> <probs for GDERKNQSTAVLIFYWHMCP>
#	G	D	E	R	K	N	Q	S	T	A	V	L	I	F	Y	W	H	M	C	P
0	0.00782	0.00843	0.10401	0.01129	0.09594	0.00630	0.00810	0.00966	0.01063	0.01454	0.02494	0.62044	0.02893	0.01402	0.00646	0.00206	0.00408	0.01269	0.00439	0.00527
1	0.01373	0.01017	0.01189	0.00867	0.01332	0.00841	0.00701	0.10716	0.01335	0.10509	0.01126	0.01215	0.00869	0.00458	0.00431	0.00099	0.00428	0.00363	0.00384	0.64747
2	0.01108	0.01118	0.09696	0.01057	0.01345	0.01032	0.00930	0.02035	0.39382	0.02001	0.11528	0.04977	0.02343	0.00950	0.00602	0.00195	0.00459	0.18034	0.00503	0.00707
3	0.00634	0.00544	0.00544	0.00544	0.00725	0.00453	0.00408	0.00770	0.01224	0.01450	0.05438	0.05166	0.77569	0.01359	0.00634	0.00181	0.00272	0.01133	0.00498	0.00453
4	0.01835	0.01396	0.01566	0.10932	0.01886	0.01569	0.01059	0.58584	0.10666	0.03007	0.01348	0.01386	0.00970	0.00640	0.00538	0.00166	0.00588	0.00496	0.00501	0.00867
5	0.01762	0.01685	0.01361	0.01133	0.01498	0.32840	0.00882	0.10336	0.08843	0.11175	0.01203	0.01248	0.00913	0.00554	0.00480	0.00133	0.00662	0.00403	0.00390	0.22498
6	0.01772	0.12035	0.01705	0.01331	0.01576	0.54303	0.01049	0.01910	0.01331	0.01303	0.00795	0.00995	0.00694	0.00617	0.00718	0.00154	0.16463	0.00363	0.00263	0.00624
7	0.00767	0.00575	0.00863	0.00863	0.00959	0.00671	0.00671	0.00959	0.00863	0.01246	0.01438	0.02109	0.01342	0.04026	0.79008	0.00863	0.01438	0.00575	0.00288	0.00479
8	0.01195	0.01139	0.01938	0.35748	0.46377	0.01240	0.01581	0.01530	0.01159	0.01592	0.00986	0.01372	0.00793	0.00503	0.00534	0.00168	0.00671	0.00478	0.00254	0.00743
9	0.01113	0.00954	0.01113	0.00795	0.01272	0.00716	0.00636	0.01352	0.01113	0.01749	0.00954	0.01113	0.00795	0.00398	0.00398	0.00080	0.00398	0.00318	0.00318	0.84417
10	0.00778	0.00556	0.00766	0.00890	0.00975	0.00543	0.00714	0.00962	0.01150	0.01510	0.02890	0.36725	0.03278	0.01564	0.00718	0.00235	0.00419	0.44358	0.00496	0.00470
11	0.01113	0.00954	0.01113	0.00795	0.01272	0.00716	0.00636	0.01352	0.01113	0.01749	0.00954	0.01113	0.00795	0.00398	0.00398	0.00080	0.00398	0.00318	0.00318	0.84417
12	0.00734	0.00574	0.00815	0.00850	0.00909	0.00583	0.03271	0.00862	0.01079	0.01473	0.11906	0.61543	0.03392	0.01501	0.00770	0.00212	0.07244	0.01334	0.00479	0.00468
13	0.02005	0.02558	0.01521	0.01383	0.01659	0.78980	0.01037	0.02143	0.01521	0.01314	0.00830	0.00968	0.00691	0.00553	0.00484	0.00138	0.00968	0.00346	0.00277	0.00622
14	0.01373	0.01265	0.02474	0.02001	0.11571	0.01167	0.45949	0.01740	0.01268	0.11157	0.01266	0.04700	0.00993	0.00526	0.00585	0.00167	0.00736	0.00604	0.00334	0.10125
15	0.01371	0.01042	0.01144	0.01034	0.01317	0.01163	0.00799	0.02566	0.59021	0.10640	0.02273	0.11717	0.01840	0.00839	0.00563	0.00185	0.00414	0.00713	0.00554	0.00806
16	0.00741	0.00548	0.00692	0.00656	0.00791	0.00499	0.00492	0.00977	0.01476	0.02049	0.66919	0.04180	0.15714	0.01136	0.00633	0.00171	0.00256	0.00995	0.00577	0.00499
17	0.00865	0.00618	0.00865	0.00989	0.01112	0.00618	0.00865	0.01112	0.01236	0.01606	0.02842	0.06055	0.03089	0.01483	0.00741	0.00247	0.00494	0.74174	0.00494	0.00494
18	0.01370	0.59493	0.21836	0.01074	0.01616	0.01868	0.01184	0.01657	0.01113	0.03386	0.00837	0.00955	0.00703	0.00477	0.00391	0.00130	0.00626	0.00321	0.00240	0.00721
19	0.00935	0.00513	0.00559	0.00548	0.00673	0.00502	0.00411	0.01186	0.01233	0.02042	0.22341	0.02547	0.02379	0.00754	0.00445	0.00137	0.00251	0.00628	0.61412	0.00502
20	0.00744	0.00548	0.00696	0.00659	0.00793	0.00500	0.00494	0.00983	0.01483	0.02066	0.68664	0.04152	0.13959	0.01130	0.00633	0.00170	0.00256	0.00991	0.00580	0.00500
21	0.00782	0.00538	0.00689	0.00689	0.00724	0.00572	0.00455	0.00841	0.00807	0.01110	0.01569	0.02933	0.01691	0.50259	0.30030	0.04086	0.00847	0.00694	0.00308	0.00377
22	0.04826	0.01511	0.01329	0.20518	0.01972	0.30733	0.01035	0.01668	0.04071	0.01502	0.01291	0.04521	0.01191	0.00712	0.00528	0.00163	0.00707	0.11416	0.00324	0.09982
23	0.23044	0.01293	0.01544	0.01231	0.01576	0.11882	0.17671	0.01684	0.07361	0.01912	0.09572	0.01507	0.01271	0.00595	0.00565	0.00161	0.05299	0.00492	0.00350	0.10991
24	0.45913	0.01375	0.01120	0.00950	0.01299	0.14758	0.00765	0.15586	0.01387	0.10883	0.01016	0.01073	0.00746	0.00554	0.00420	0.00160	0.00548	0.00364	0.00398	0.00687

[dist]
# distance from previous block
# <min> <max>
2	12

[block]
# block no. 6 follows, 45 sequences, length 28
# corresponding to MSA columns:
# 955-982
name=unknown_G
#
# <colnr> <probs for GDERKNQSTAVLIFYWHMCP>
#	G	D	E	R	K	N	Q	S	T	A	V	L	I	F	Y	W	H	M	C	P
0	0.19707	0.00953	0.01120	0.05348	0.08492	0.01011	0.00811	0.09254	0.07842	0.08536	0.15304	0.04816	0.06621	0.00781	0.00545	0.00171	0.01941	0.02712	0.00453	0.03582
1	0.01066	0.00996	0.01691	0.64091	0.03327	0.01185	0.08409	0.04538	0.01134	0.01469	0.01028	0.01560	0.00813	0.05714	0.00687	0.00200	0.00716	0.00512	0.00260	0.00604
2	0.01229	0.01093	0.01198	0.04350	0.01389	0.06581	0.00818	0.08680	0.18205	0.01821	0.01535	0.01734	0.04653	0.02668	0.13657	0.00274	0.07092	0.00508	0.00380	0.22135
3	0.00873	0.00536	0.00685	0.00732	0.00795	0.00508	0.00495	0.00958	0.01011	0.08526	0.02474	0.44257	0.02809	0.26534	0.01318	0.00310	0.00403	0.05869	0.00459	0.00450
4	0.01634	0.01740	0.01354	0.01216	0.01513	0.33064	0.00932	0.05171	0.43411	0.01905	0.01599	0.01555	0.01226	0.00654	0.00520	0.00163	0.00653	0.00496	0.00436	0.00759
5	0.01197	0.29153	0.53031	0.01325	0.02006	0.01541	0.01626	0.01669	0.01119	0.01553	0.00891	0.01042	0.00683	0.00493	0.00454	0.00151	0.00720	0.00360	0.00228	0.00758
6	0.01786	0.05490	0.26186	0.01252	0.01796	0.01355	0.01272	0.32251	0.01790	0.19534	0.01345	0.01340	0.00921	0.00597	0.00520	0.00163	0.00625	0.00459	0.00452	0.00864
7	0.01202	0.02601	0.71080	0.01476	0.02233	0.01203	0.01871	0.01786	0.01171	0.08913	0.01072	0.01199	0.00741	0.00525	0.00513	0.00170	0.00762	0.00410	0.00268	0.00805
8	0.02350	0.00901	0.01227	0.00945	0.01350	0.00779	0.00779	0.02560	0.01536	0.75482	0.04773	0.01904	0.01460	0.00680	0.00543	0.00166	0.00450	0.00555	0.00662	0.00899
9	0.00666	0.00482	0.00633	0.00748	0.00796	0.00449	0.00515	0.00773	0.01055	0.01391	0.03133	0.70443	0.08942	0.01645	0.00685	0.00217	0.00320	0.06167	0.00498	0.00441
10	0.28555	0.01120	0.01168	0.00955	0.01299	0.05965	0.03414	0.10662	0.03402	0.26152	0.01391	0.01393	0.00977	0.00600	0.00492	0.00163	0.02757	0.00441	0.08361	0.00732
11	0.01471	0.01250	0.02250	0.01698	0.02054	0.01322	0.35989	0.01853	0.06056	0.16710	0.01257	0.01484	0.00939	0.00644	0.00915	0.00193	0.22257	0.00569	0.00357	0.00732
12	0.50537	0.01231	0.01130	0.00925	0.01298	0.01395	0.00763	0.32454	0.01582	0.02813	0.00972	0.01045	0.00719	0.00559	0.00417	0.00164	0.00488	0.00371	0.00417	0.00719
13	0.00774	0.00625	0.00710	0.00738	0.00912	0.00589	0.00596	0.01076	0.08358	0.01575	0.04299	0.05153	0.46530	0.01339	0.00660	0.00202	0.00358	0.24498	0.00502	0.00504
14	0.01726	0.01453	0.02072	0.01551	0.02005	0.01535	0.24988	0.45286	0.09129	0.02742	0.01308	0.01407	0.00950	0.00591	0.00569	0.00169	0.00676	0.00543	0.00453	0.00846
15	0.02041	0.01504	0.01611	0.01235	0.01665	0.01665	0.01020	0.75997	0.02524	0.03383	0.01289	0.01289	0.00913	0.00644	0.00537	0.00161	0.00591	0.00483	0.00537	0.00913
16	0.01329	0.01275	0.02179	0.03295	0.77787	0.01275	0.01647	0.01647	0.01222	0.01754	0.01010	0.01329	0.00850	0.00478	0.00531	0.00159	0.00638	0.00478	0.00266	0.00850
17	0.01610	0.01750	0.01432	0.01267	0.01571	0.33551	0.04408	0.02506	0.42070	0.01834	0.01572	0.01548	0.01207	0.00643	0.00524	0.00164	0.00672	0.00500	0.00422	0.00749
18	0.00842	0.00672	0.01018	0.02838	0.01227	0.00651	0.07832	0.01074	0.01204	0.01556	0.03042	0.15642	0.14162	0.01372	0.00703	0.00225	0.00479	0.44488	0.00469	0.00504
19	0.01014	0.00954	0.01610	0.79845	0.03697	0.01193	0.01491	0.01371	0.01073	0.01371	0.00954	0.01431	0.00716	0.00537	0.00537	0.00179	0.00716	0.00477	0.00239	0.00596
20	0.01335	0.01153	0.01214	0.01092	0.01396	0.01335	0.00850	0.02852	0.76817	0.02245	0.02185	0.02003	0.01639	0.00728	0.00546	0.00182	0.00425	0.00607	0.00546	0.00850
21	0.01329	0.01275	0.02179	0.03295	0.77787	0.01275	0.01647	0.01647	0.01222	0.01754	0.01010	0.01329	0.00850	0.00478	0.00531	0.00159	0.00638	0.00478	0.00266	0.00850
22	0.00684	0.00546	0.00612	0.00595	0.00755	0.00474	0.00446	0.00865	0.01339	0.01725	0.33666	0.04713	0.49169	0.01257	0.00634	0.00176	0.00265	0.01069	0.00535	0.00474
23	0.00767	0.00575	0.00863	0.00863	0.00959	0.00671	0.00671	0.00959	0.00863	0.01246	0.01438	0.02109	0.01342	0.04026	0.79008	0.00863	0.01438	0.00575	0.00288	0.00479
24	0.02041	0.01504	0.01611	0.01235	0.01665	0.01665	0.01020	0.75997	0.02524	0.03383	0.01289	0.01289	0.00913	0.00644	0.00537	0.00161	0.00591	0.00483	0.00537	0.00913
25	0.84927	0.01038	0.00789	0.00706	0.01038	0.01204	0.00581	0.01578	0.00914	0.02408	0.00747	0.00872	0.00581	0.00498	0.00332	0.00166	0.00415	0.00291	0.00332	0.00581
26	0.01009	0.00726	0.00955	0.00883	0.01078	0.00718	0.03519	0.03522	0.11246	0.06790	0.36975	0.03958	0.08335	0.01086	0.00637	0.00189	0.00377	0.16858	0.00549	0.00590
27	0.01200	0.01144	0.01947	0.34526	0.47559	0.01242	0.01583	0.01535	0.01162	0.01598	0.00987	0.01370	0.00795	0.00502	0.00534	0.00167	0.00669	0.00478	0.00255	0.00747

[dist]
# distance from previous block
# <min> <max>
0	1

[block]
# block no. 7 follows, 45 sequences, length 80
# corresponding to MSA columns:
# 984-1063
name=unknown_H
#
# <colnr> <probs for GDERKNQSTAVLIFYWHMCP>
#	G	D	E	R	K	N	Q	S	T	A	V	L	I	F	Y	W	H	M	C	P
0	0.01358	0.01164	0.01227	0.01097	0.01404	0.01346	0.00855	0.05204	0.74428	0.02282	0.02156	0.01980	0.01615	0.00726	0.00546	0.00181	0.00430	0.00603	0.00546	0.00852
1	0.58358	0.01525	0.01024	0.00923	0.01237	0.26125	0.00727	0.01759	0.01108	0.02058	0.00774	0.00903	0.00617	0.00516	0.00381	0.00157	0.00592	0.00308	0.00314	0.00594
2	0.01623	0.01283	0.02458	0.01784	0.02272	0.01204	0.47581	0.07778	0.01446	0.22539	0.03489	0.01609	0.01079	0.00543	0.00601	0.00175	0.00741	0.00606	0.00407	0.00784
3	0.00882	0.00787	0.01100	0.01465	0.25442	0.00740	0.00829	0.01114	0.03202	0.01589	0.06623	0.11073	0.40935	0.01081	0.00604	0.00177	0.00396	0.00941	0.00429	0.00591
4	0.27688	0.00659	0.00683	0.00717	0.00841	0.00699	0.00509	0.01020	0.00941	0.01639	0.01959	0.40267	0.02220	0.09997	0.02941	0.04984	0.00406	0.00965	0.00406	0.00460
5	0.01183	0.01173	0.02337	0.01722	0.02135	0.01105	0.48763	0.04465	0.01398	0.04158	0.23363	0.02198	0.02070	0.00654	0.00627	0.00176	0.00690	0.00723	0.00386	0.00674
6	0.00720	0.00547	0.00662	0.00633	0.00777	0.00489	0.00475	0.00935	0.01425	0.01927	0.54413	0.04380	0.28296	0.01181	0.00634	0.00173	0.00259	0.01023	0.00561	0.00489
7	0.01165	0.00952	0.01118	0.00801	0.01276	0.00719	0.00642	0.01402	0.01130	0.04815	0.01001	0.01142	0.00816	0.00408	0.00403	0.00083	0.00400	0.00327	0.00332	0.81066
8	0.01768	0.01343	0.01439	0.01169	0.01547	0.01504	0.00944	0.44158	0.32435	0.05329	0.01677	0.01594	0.01219	0.00679	0.00541	0.00170	0.00520	0.00535	0.00545	0.00887
9	0.00654	0.00467	0.00623	0.00747	0.00779	0.00436	0.00498	0.00747	0.01028	0.01370	0.02959	0.80785	0.03550	0.01682	0.00685	0.00218	0.00311	0.01526	0.00498	0.00436
10	0.00814	0.00600	0.00776	0.00753	0.00784	0.00676	0.00517	0.00887	0.00811	0.01131	0.01516	0.02839	0.01637	0.48761	0.27079	0.00603	0.08428	0.00685	0.00305	0.00400
11	0.01332	0.49357	0.30029	0.01161	0.01732	0.05403	0.01309	0.01666	0.01126	0.01423	0.00829	0.00964	0.00686	0.00482	0.00411	0.00136	0.00672	0.00329	0.00231	0.00723
12	0.00672	0.00480	0.00643	0.00768	0.00807	0.00451	0.00529	0.00778	0.01045	0.01390	0.02949	0.74459	0.03511	0.01665	0.00690	0.00220	0.00327	0.07676	0.00498	0.00441
13	0.01001	0.00500	0.00500	0.00500	0.00625	0.00500	0.00375	0.01251	0.01126	0.02001	0.01751	0.02001	0.01376	0.00625	0.00375	0.00125	0.00250	0.00500	0.84115	0.00500
14	0.00855	0.00733	0.00756	0.00717	0.00935	0.00729	0.00547	0.01423	0.24735	0.01714	0.06085	0.04156	0.52291	0.01157	0.00607	0.00181	0.00319	0.00966	0.00515	0.00578
15	0.01014	0.00954	0.01610	0.79845	0.03697	0.01193	0.01491	0.01371	0.01073	0.01371	0.00954	0.01431	0.00716	0.00537	0.00537	0.00179	0.00716	0.00477	0.00239	0.00596
16	0.00700	0.00520	0.00644	0.00666	0.00769	0.00473	0.00475	0.00866	0.01269	0.01706	0.35008	0.28841	0.20177	0.04493	0.00733	0.00201	0.00286	0.01176	0.00531	0.00465
17	0.00654	0.00467	0.00623	0.00747	0.00779	0.00436	0.00498	0.00747	0.01028	0.01370	0.02959	0.80785	0.03550	0.01682	0.00685	0.00218	0.00311	0.01526	0.00498	0.00436
18	0.01267	0.01448	0.03167	0.02262	0.02805	0.01357	0.75837	0.01719	0.01267	0.01719	0.01086	0.01448	0.00814	0.00452	0.00633	0.00181	0.00905	0.00633	0.00271	0.00724
19	0.01356	0.26960	0.02370	0.04149	0.51741	0.01546	0.01411	0.01629	0.01177	0.01588	0.00924	0.01181	0.00796	0.00473	0.00472	0.00146	0.00619	0.00417	0.00254	0.00793
20	0.01739	0.02115	0.01561	0.01391	0.01579	0.54201	0.01081	0.01871	0.01297	0.01307	0.00790	0.01034	0.00696	0.00677	0.00893	0.00169	0.26340	0.00385	0.00263	0.00611
21	0.00637	0.00535	0.00553	0.00568	0.00731	0.00451	0.00419	0.00768	0.01200	0.01441	0.05143	0.14148	0.68777	0.01398	0.00640	0.00186	0.00277	0.01180	0.00498	0.00451
22	0.01435	0.81458	0.02813	0.00918	0.01378	0.02124	0.00918	0.01607	0.01091	0.01263	0.00746	0.00861	0.00689	0.00459	0.00344	0.00115	0.00574	0.00287	0.00230	0.00689
23	0.11390	0.01525	0.25900	0.01111	0.01638	0.00983	0.01148	0.02204	0.01336	0.45024	0.01592	0.01496	0.01036	0.00596	0.00507	0.00167	0.00560	0.00466	0.00486	0.00837
