[name]
unknown

[dist]
# distance from previous block
# <min> <max>
0	281

[block]
# block no. 0 follows, 33 sequences, length 17
# corresponding to MSA columns:
# 288-304
name=unknown_A
#
# <colnr> <probs for GDERKNQSTAVLIFYWHMCP>
#	G	D	E	R	K	N	Q	S	T	A	V	L	I	F	Y	W	H	M	C	P
0	0.01245	0.02638	0.52463	0.01684	0.02419	0.01305	0.02035	0.01876	0.01426	0.02052	0.01850	0.03140	0.01691	0.00971	0.00708	0.00236	0.00867	0.20156	0.00373	0.00867
1	0.01519	0.24242	0.45692	0.01733	0.05913	0.01824	0.01954	0.02125	0.03491	0.04080	0.01195	0.01364	0.00906	0.00619	0.00571	0.00189	0.00861	0.00466	0.00309	0.00946
2	0.01760	0.77260	0.03450	0.01126	0.01690	0.02605	0.01126	0.01971	0.01338	0.01549	0.00915	0.01056	0.00845	0.00563	0.00422	0.00141	0.00704	0.00352	0.00282	0.00845
3	0.00856	0.00670	0.00775	0.00749	0.00937	0.00589	0.00562	0.01096	0.01685	0.02216	0.40055	0.05615	0.38831	0.01504	0.00777	0.00215	0.00322	0.01288	0.00669	0.00589
4	0.00872	0.00663	0.00902	0.01002	0.01043	0.00693	0.00704	0.00999	0.01221	0.01659	0.03225	0.63586	0.03815	0.02213	0.06935	0.00334	0.07359	0.01658	0.00561	0.00556
5	0.01319	0.01500	0.10485	0.54372	0.16109	0.01488	0.01932	0.01788	0.01357	0.01810	0.01183	0.01691	0.00901	0.00642	0.00653	0.00214	0.00872	0.00574	0.00297	0.00813
6	0.01061	0.00758	0.01061	0.01212	0.01364	0.00758	0.01061	0.01364	0.01515	0.01970	0.03486	0.07426	0.03789	0.01819	0.00909	0.00303	0.00606	0.68326	0.00606	0.00606
7	0.02109	0.01671	0.09249	0.02027	0.02656	0.01392	0.34914	0.04675	0.01716	0.29934	0.01820	0.01916	0.01234	0.00670	0.00715	0.00213	0.00871	0.00700	0.00526	0.00994
8	0.02223	0.02079	0.13173	0.01944	0.08734	0.17580	0.13707	0.02602	0.01710	0.27177	0.01678	0.01736	0.01167	0.00688	0.00661	0.00199	0.00882	0.00596	0.00496	0.00970
9	0.01456	0.18330	0.48719	0.02038	0.12816	0.01755	0.02104	0.02052	0.01395	0.01984	0.01135	0.01356	0.00867	0.00607	0.00588	0.00193	0.00890	0.00473	0.00286	0.00957
10	0.00955	0.00646	0.00758	0.00758	0.00772	0.00660	0.00449	0.00983	0.00969	0.01306	0.02038	0.04106	0.02306	0.68421	0.11673	0.00688	0.00770	0.00928	0.00393	0.00421
11	0.01525	0.01487	0.01298	0.01270	0.01467	0.24215	0.03249	0.01697	0.01527	0.06532	0.02633	0.39177	0.02887	0.01464	0.00753	0.00233	0.00695	0.06697	0.00528	0.00665
12	0.02332	0.01539	0.08366	0.01863	0.15955	0.01342	0.01351	0.13376	0.06662	0.35296	0.03767	0.02019	0.01499	0.00767	0.00659	0.00203	0.00659	0.00639	0.00632	0.01074
13	0.01383	0.02969	0.54819	0.02117	0.03008	0.01565	0.20628	0.02091	0.01434	0.02091	0.01222	0.01493	0.00878	0.00607	0.00666	0.00212	0.01010	0.00564	0.00293	0.00950
14	0.01457	0.01402	0.02427	0.35172	0.39451	0.01525	0.05322	0.01877	0.01422	0.01943	0.01213	0.01692	0.00968	0.00616	0.00661	0.00207	0.00840	0.00595	0.00312	0.00899
15	0.02344	0.01427	0.04788	0.06526	0.06025	0.01350	0.04843	0.14547	0.10174	0.35929	0.03727	0.02087	0.01541	0.00787	0.00669	0.00207	0.00658	0.00661	0.00659	0.01051
16	0.01649	0.01887	0.10926	0.03628	0.59771	0.06472	0.02018	0.02069	0.01511	0.02107	0.01217	0.01571	0.01005	0.00597	0.00645	0.00195	0.00832	0.00564	0.00321	0.01016

[dist]
# distance from previous block
# <min> <max>
0	1

[block]
# block no. 1 follows, 33 sequences, length 15
# corresponding to MSA columns:
# 306-320
name=unknown_B
#
# <colnr> <probs for GDERKNQSTAVLIFYWHMCP>
#	G	D	E	R	K	N	Q	S	T	A	V	L	I	F	Y	W	H	M	C	P
0	0.01393	0.01440	0.07282	0.01339	0.01967	0.01057	0.12336	0.01764	0.01398	0.02135	0.01198	0.01434	0.00968	0.00509	0.00546	0.00126	0.00627	0.00461	0.00372	0.61647
1	0.07346	0.04300	0.03962	0.02486	0.27001	0.29754	0.04564	0.08991	0.01768	0.02172	0.01159	0.01401	0.00941	0.00643	0.00612	0.00186	0.00932	0.00509	0.00367	0.00906
2	0.00892	0.00625	0.00723	0.00763	0.00803	0.00600	0.00468	0.00945	0.01110	0.01450	0.03105	0.23370	0.12458	0.47133	0.02346	0.00485	0.00530	0.01254	0.00483	0.00456
3	0.01502	0.01612	0.03267	0.02603	0.10216	0.01546	0.50903	0.02112	0.07172	0.02175	0.05375	0.05273	0.01514	0.00695	0.00758	0.00221	0.00953	0.00825	0.00393	0.00886
4	0.01365	0.01170	0.01365	0.00975	0.01560	0.00878	0.00780	0.01658	0.01365	0.02145	0.01170	0.01365	0.00975	0.00488	0.00488	0.00098	0.00488	0.00390	0.00390	0.80888
5	0.02920	0.01175	0.01561	0.01197	0.01708	0.01048	0.00989	0.08264	0.01975	0.68029	0.02521	0.02191	0.01591	0.00813	0.00662	0.00203	0.00573	0.00657	0.00803	0.01120
6	0.02954	0.01120	0.01528	0.01171	0.01681	0.00968	0.00968	0.03208	0.01884	0.73213	0.02597	0.02241	0.01630	0.00815	0.00662	0.00204	0.00560	0.00662	0.00815	0.01120
7	0.01940	0.01613	0.06360	0.02136	0.06409	0.01458	0.33452	0.02620	0.12593	0.21567	0.01875	0.01981	0.01323	0.00684	0.00714	0.00215	0.00843	0.00715	0.00514	0.00988
8	0.01263	0.00728	0.00877	0.00815	0.00982	0.00676	0.00582	0.01435	0.01444	0.13048	0.18690	0.04385	0.13733	0.27525	0.01632	0.00358	0.00477	0.03438	0.07300	0.00611
9	0.00901	0.00672	0.00838	0.00796	0.00965	0.00608	0.00597	0.01183	0.01792	0.02469	0.59388	0.05198	0.19340	0.01410	0.00777	0.00210	0.00315	0.01230	0.00702	0.00608
10	0.01448	0.01379	0.02345	0.37447	0.40766	0.01517	0.01930	0.01862	0.01413	0.01931	0.01206	0.01688	0.00965	0.00620	0.00655	0.00207	0.00827	0.00586	0.00310	0.00897
11	0.01084	0.00814	0.01083	0.01163	0.06876	0.00745	0.00831	0.01371	0.01658	0.04442	0.32625	0.05093	0.16332	0.01362	0.00770	0.00221	0.00438	0.15684	0.00624	0.06783
12	0.01742	0.22774	0.15754	0.01372	0.01956	0.11778	0.03560	0.07116	0.01604	0.05649	0.01631	0.01733	0.06680	0.00697	0.00565	0.00167	0.00766	0.00524	0.00390	0.13542
13	0.07864	0.01741	0.02292	0.11450	0.45547	0.13461	0.01741	0.02114	0.01522	0.04419	0.01215	0.01549	0.00986	0.00619	0.00625	0.00195	0.00831	0.00545	0.00347	0.00939
14	0.02015	0.05557	0.11141	0.01579	0.07644	0.01448	0.03566	0.20231	0.01949	0.17058	0.01707	0.01748	0.02944	0.00696	0.00613	0.00177	0.00679	0.00563	0.00526	0.18161

[dist]
# distance from previous block
# <min> <max>
1	7

[block]
# block no. 2 follows, 33 sequences, length 17
# corresponding to MSA columns:
# 338-354
name=unknown_C
#
# <colnr> <probs for GDERKNQSTAVLIFYWHMCP>
#	G	D	E	R	K	N	Q	S	T	A	V	L	I	F	Y	W	H	M	C	P
0	0.07234	0.01531	0.02449	0.05091	0.51885	0.01536	0.05464	0.06442	0.01564	0.02323	0.01236	0.01576	0.01013	0.00593	0.00629	0.00190	0.00755	0.00565	0.00358	0.07567
1	0.01655	0.01588	0.02731	0.03440	0.50772	0.01591	0.13713	0.06548	0.05057	0.02316	0.03237	0.01779	0.01225	0.00630	0.00678	0.00202	0.00810	0.00644	0.00376	0.01010
2	0.02503	0.01844	0.01976	0.01515	0.02042	0.02042	0.01251	0.70562	0.03095	0.04149	0.01581	0.01581	0.01120	0.00790	0.00659	0.00198	0.00724	0.00593	0.00659	0.01120
3	0.00862	0.00622	0.00826	0.00952	0.01032	0.00586	0.00692	0.01033	0.01377	0.01828	0.09979	0.52968	0.08094	0.01930	0.00844	0.00266	0.00416	0.14513	0.00620	0.00557
4	0.00957	0.00638	0.00718	0.00718	0.00718	0.00638	0.00399	0.00957	0.00957	0.01276	0.02074	0.04308	0.02393	0.76864	0.03351	0.00638	0.00638	0.00957	0.00399	0.00399
5	0.02524	0.01021	0.01386	0.01104	0.01533	0.00890	0.00895	0.02780	0.01847	0.58414	0.13399	0.06737	0.02485	0.00965	0.00689	0.00208	0.00512	0.00810	0.00790	0.01011
6	0.01497	0.01561	0.03052	0.21542	0.23622	0.01585	0.33344	0.01975	0.01478	0.02013	0.01264	0.01729	0.00981	0.00590	0.00711	0.00214	0.00957	0.00674	0.00321	0.00893
7	0.01928	0.01642	0.02239	0.14787	0.21076	0.05861	0.07191	0.25534	0.02048	0.05765	0.01496	0.04736	0.01188	0.00742	0.00670	0.00204	0.00803	0.00651	0.00469	0.00970
8	0.01243	0.01170	0.01975	0.75282	0.04534	0.01463	0.01828	0.01682	0.01316	0.01682	0.01170	0.01755	0.00878	0.00658	0.00658	0.00219	0.00878	0.00585	0.00293	0.00731
9	0.01589	0.02673	0.33515	0.12226	0.03055	0.16023	0.17517	0.02143	0.01512	0.01940	0.01181	0.01488	0.00880	0.00625	0.00658	0.00205	0.01033	0.00554	0.00305	0.00878
10	0.01442	0.01479	0.02880	0.02882	0.27576	0.01421	0.33272	0.01858	0.01480	0.02045	0.01722	0.15472	0.01632	0.00844	0.00744	0.00221	0.00860	0.00911	0.00382	0.00878
11	0.02544	0.06051	0.01914	0.01787	0.14220	0.17196	0.01228	0.02802	0.01781	0.40934	0.01916	0.01834	0.01310	0.00730	0.00631	0.00191	0.00745	0.00579	0.00594	0.01013
12	0.10842	0.04503	0.06619	0.02741	0.29260	0.01688	0.19840	0.12251	0.01696	0.02503	0.01262	0.01563	0.00986	0.00613	0.00648	0.00202	0.00837	0.00598	0.00382	0.00964
13	0.09732	0.01578	0.17814	0.01258	0.01675	0.01191	0.01184	0.10755	0.08410	0.05709	0.06851	0.26252	0.02509	0.01196	0.00693	0.00227	0.00593	0.01018	0.00542	0.00813
14	0.23193	0.01840	0.09030	0.06802	0.19764	0.10159	0.01430	0.09583	0.04833	0.02511	0.01217	0.01433	0.00950	0.00645	0.00572	0.00195	0.00752	0.00495	0.00397	0.04200
15	0.06105	0.06011	0.01805	0.20295	0.02468	0.14282	0.01258	0.11573	0.07425	0.13091	0.04811	0.01816	0.01352	0.00739	0.00620	0.00194	0.00762	0.00577	0.00490	0.04328
16	0.01844	0.05171	0.01830	0.01436	0.04934	0.05026	0.11560	0.02147	0.01696	0.24644	0.15215	0.02898	0.10175	0.00909	0.00682	0.00195	0.00619	0.00802	0.00590	0.07625

[dist]
# distance from previous block
# <min> <max>
1	61

[block]
# block no. 3 follows, 33 sequences, length 20
# corresponding to MSA columns:
# 416-435
name=unknown_D
#
# <colnr> <probs for GDERKNQSTAVLIFYWHMCP>
#	G	D	E	R	K	N	Q	S	T	A	V	L	I	F	Y	W	H	M	C	P
0	0.09007	0.03756	0.03806	0.01561	0.07860	0.07744	0.01167	0.24966	0.16510	0.02948	0.06948	0.07284	0.01825	0.00889	0.00647	0.00205	0.00659	0.00714	0.00563	0.00940
1	0.04485	0.01348	0.01346	0.01335	0.06502	0.10950	0.00932	0.17809	0.01836	0.02387	0.08570	0.15769	0.10031	0.10606	0.01037	0.00267	0.00632	0.02875	0.00541	0.00742
2	0.01354	0.01306	0.10853	0.01165	0.01511	0.01080	0.01019	0.06164	0.18509	0.07443	0.03318	0.18826	0.14790	0.05064	0.00864	0.00252	0.00545	0.04551	0.00588	0.00796
3	0.19025	0.20753	0.06243	0.01223	0.03228	0.12308	0.01045	0.03773	0.01456	0.02111	0.06703	0.06934	0.06246	0.00860	0.00613	0.00190	0.03494	0.00632	0.02404	0.00757
4	0.01884	0.07323	0.01623	0.01299	0.01650	0.27677	0.01020	0.10251	0.09564	0.05779	0.02817	0.02772	0.19791	0.00985	0.00688	0.00195	0.02629	0.00743	0.00504	0.00805
5	0.00900	0.00672	0.00836	0.00795	0.00964	0.00608	0.00596	0.01181	0.01789	0.02462	0.58867	0.05210	0.19865	0.01412	0.00777	0.00210	0.00315	0.01232	0.00701	0.00608
6	0.00860	0.00635	0.00813	0.00908	0.01014	0.00588	0.00667	0.01044	0.01435	0.01889	0.14474	0.41984	0.16613	0.01845	0.00831	0.00256	0.00399	0.12555	0.00627	0.00563
7	0.70817	0.01331	0.01150	0.01121	0.06087	0.01521	0.00837	0.06610	0.01280	0.02982	0.00983	0.01142	0.00763	0.00622	0.00441	0.00203	0.00542	0.00388	0.00419	0.00763
8	0.01549	0.41766	0.37092	0.01487	0.02247	0.02088	0.01754	0.02026	0.01363	0.01806	0.01043	0.01216	0.00840	0.00593	0.00520	0.00173	0.00833	0.00417	0.00280	0.00906
9	0.00816	0.00645	0.00735	0.00761	0.00925	0.00564	0.00552	0.00999	0.01517	0.01932	0.19497	0.23188	0.42142	0.01698	0.00793	0.00230	0.00341	0.01466	0.00635	0.00564
10	0.00939	0.00706	0.00873	0.00826	0.01002	0.00657	0.00621	0.01298	0.05026	0.02505	0.58492	0.05035	0.16800	0.01377	0.00772	0.00210	0.00324	0.01202	0.00704	0.00630
11	0.01320	0.03405	0.73453	0.01876	0.02849	0.01529	0.02432	0.02085	0.01390	0.02085	0.01181	0.01390	0.00834	0.00625	0.00625	0.00208	0.00973	0.00486	0.00278	0.00973
12	0.01370	0.01332	0.02098	0.58810	0.16984	0.04796	0.01838	0.01787	0.01375	0.01765	0.01176	0.01706	0.00907	0.00646	0.00654	0.00213	0.00874	0.00578	0.00301	0.00790
13	0.07386	0.01424	0.01772	0.07777	0.21683	0.06533	0.01293	0.06300	0.12578	0.06102	0.12925	0.02234	0.02003	0.00787	0.00643	0.00196	0.00647	0.00670	0.00498	0.06551
14	0.10359	0.06656	0.16729	0.01175	0.01581	0.01243	0.01127	0.09687	0.01567	0.02341	0.17613	0.02683	0.02385	0.10881	0.10879	0.00370	0.00787	0.00724	0.00465	0.00749
15	0.28502	0.21203	0.06935	0.01526	0.09592	0.01798	0.04323	0.07051	0.03929	0.07848	0.01226	0.01356	0.00949	0.00633	0.00516	0.00188	0.00668	0.00463	0.00412	0.00881
16	0.07719	0.01453	0.03548	0.05913	0.02099	0.04978	0.11899	0.13381	0.06791	0.19313	0.04037	0.04389	0.01664	0.00855	0.00673	0.00212	0.00705	0.05186	0.04268	0.00916
17	0.01457	0.01190	0.01603	0.10954	0.08790	0.02870	0.04644	0.01835	0.03971	0.06912	0.01953	0.02396	0.06438	0.00758	0.00608	0.00169	0.00606	0.05099	0.06190	0.31556
18	0.04310	0.01165	0.01770	0.27617	0.18465	0.01288	0.01498	0.06604	0.01526	0.02117	0.01883	0.05672	0.01770	0.00976	0.00703	0.00230	0.00722	0.16482	0.04417	0.00786
19	0.01528	0.06517	0.06728	0.04252	0.05208	0.04888	0.07857	0.07865	0.01578	0.04668	0.05054	0.07745	0.01570	0.01061	0.05978	0.00234	0.00758	0.00659	0.00431	0.25420

[dist]
# distance from previous block
# <min> <max>
5	29

[block]
# block no. 4 follows, 33 sequences, length 17
# corresponding to MSA columns:
# 470-486
name=unknown_E
#
# <colnr> <probs for GDERKNQSTAVLIFYWHMCP>
#	G	D	E	R	K	N	Q	S	T	A	V	L	I	F	Y	W	H	M	C	P
0	0.04250	0.01561	0.08535	0.01446	0.05038	0.03679	0.04008	0.10310	0.22492	0.02462	0.01923	0.07655	0.01646	0.06781	0.00847	0.00228	0.00639	0.00711	0.00505	0.15283
1	0.06139	0.01967	0.02079	0.04656	0.19499	0.21599	0.05901	0.17075	0.04342	0.02449	0.01554	0.05090	0.03209	0.00767	0.00646	0.00197	0.00851	0.00631	0.00439	0.00907
2	0.07520	0.05115	0.02236	0.11217	0.34444	0.07325	0.01603	0.11512	0.04563	0.06266	0.01355	0.01604	0.01058	0.00656	0.00622	0.00196	0.00771	0.00558	0.00413	0.00967
3	0.33800	0.01445	0.05922	0.01257	0.06627	0.01319	0.00990	0.08318	0.01441	0.02657	0.01112	0.01287	0.00879	0.00582	0.00492	0.00164	0.00570	0.00416	0.00411	0.30313
4	0.01405	0.01294	0.02129	0.14102	0.44532	0.01340	0.01676	0.01802	0.03773	0.02012	0.01786	0.14465	0.01738	0.00915	0.00697	0.00217	0.00712	0.04122	0.00394	0.00889
5	0.02503	0.01844	0.01976	0.01515	0.02042	0.02042	0.01251	0.70562	0.03095	0.04149	0.01581	0.01581	0.01120	0.00790	0.00659	0.00198	0.00724	0.00593	0.00659	0.01120
6	0.00783	0.00647	0.00687	0.00720	0.00903	0.00551	0.00524	0.00939	0.01450	0.01758	0.06028	0.21111	0.58128	0.01751	0.00791	0.00232	0.00344	0.01491	0.00611	0.00551
7	0.00957	0.00638	0.00718	0.00718	0.00718	0.00638	0.00399	0.00957	0.00957	0.01276	0.02074	0.04308	0.02393	0.76864	0.03351	0.00638	0.00638	0.00957	0.00399	0.00399
8	0.05888	0.01223	0.01567	0.01206	0.01714	0.01131	0.00996	0.12210	0.02018	0.61255	0.02397	0.02107	0.01526	0.00804	0.00652	0.00203	0.00580	0.00641	0.00778	0.01105
9	0.01641	0.01619	0.02954	0.15749	0.17640	0.01656	0.32422	0.11001	0.04374	0.02332	0.01368	0.01743	0.01041	0.00623	0.00710	0.00213	0.00928	0.00678	0.00380	0.00928
10	0.05965	0.01440	0.02286	0.02063	0.12060	0.04315	0.23459	0.04512	0.08970	0.07358	0.05449	0.05281	0.07297	0.00896	0.00720	0.00220	0.00761	0.05596	0.00487	0.00865
11	0.08275	0.03855	0.00977	0.00926	0.01106	0.00799	0.00725	0.01309	0.01398	0.04672	0.08377	0.19728	0.14740	0.08643	0.01001	0.00282	0.00478	0.18192	0.03911	0.00604
12	0.03579	0.01374	0.07469	0.01414	0.06511	0.10896	0.01076	0.01655	0.01430	0.08024	0.02494	0.32965	0.02647	0.01377	0.00824	0.00237	0.05375	0.06737	0.03202	0.00716
13	0.19730	0.01828	0.14106	0.03762	0.08583	0.01602	0.09173	0.19767	0.03835	0.05240	0.01389	0.01559	0.01025	0.00676	0.00599	0.00203	0.00738	0.00549	0.04706	0.00930
14	0.06535	0.04220	0.08862	0.02122	0.16950	0.22097	0.06359	0.08288	0.05396	0.10840	0.01419	0.01558	0.01069	0.00676	0.00625	0.00193	0.00875	0.00543	0.00435	0.00938
15	0.06656	0.01606	0.04431	0.06179	0.15617	0.05194	0.12586	0.16624	0.01833	0.02556	0.07204	0.02131	0.06074	0.00789	0.00736	0.00204	0.04208	0.00684	0.00452	0.04235
16	0.01945	0.01602	0.02415	0.04488	0.24326	0.01621	0.13098	0.22784	0.04124	0.08033	0.01494	0.01691	0.01121	0.00662	0.00662	0.00194	0.00773	0.00614	0.00479	0.07873

[dist]
# distance from previous block
# <min> <max>
5	29

[block]
# block no. 5 follows, 33 sequences, length 58
# corresponding to MSA columns:
# 516-573
name=unknown_F
#
# <colnr> <probs for GDERKNQSTAVLIFYWHMCP>
#	G	D	E	R	K	N	Q	S	T	A	V	L	I	F	Y	W	H	M	C	P
0	0.01831	0.01587	0.12977	0.01286	0.01757	0.01318	0.01181	0.23904	0.05394	0.13740	0.22453	0.02811	0.04945	0.00962	0.00692	0.00205	0.00597	0.00792	0.00640	0.00930
1	0.00971	0.00922	0.05463	0.00885	0.01149	0.00740	0.00746	0.05608	0.01626	0.02063	0.13063	0.09890	0.44997	0.01545	0.00777	0.00228	0.00426	0.07667	0.00606	0.00630
2	0.01060	0.05770	0.01186	0.01134	0.07866	0.00890	0.00761	0.01403	0.06057	0.02173	0.32680	0.04497	0.21632	0.08879	0.00994	0.00250	0.00433	0.01077	0.00593	0.00664
3	0.01740	0.04889	0.20106	0.08666	0.20177	0.12796	0.10098	0.09709	0.01691	0.02208	0.01223	0.01505	0.00944	0.00634	0.00645	0.00198	0.00930	0.00552	0.00349	0.00939
4	0.01788	0.47702	0.05069	0.01239	0.01714	0.11962	0.01135	0.08467	0.01569	0.01840	0.01351	0.10835	0.01323	0.00795	0.00529	0.00169	0.00739	0.00585	0.00368	0.00824
5	0.10143	0.08628	0.04215	0.06161	0.05172	0.01503	0.01148	0.13669	0.11700	0.23591	0.06051	0.02003	0.01602	0.00782	0.00619	0.00200	0.00620	0.00619	0.00597	0.00978
6	0.01700	0.04551	0.19736	0.05863	0.28564	0.08342	0.05886	0.05404	0.07065	0.04593	0.01371	0.01609	0.01057	0.00646	0.00642	0.00200	0.00857	0.00566	0.00372	0.00977
7	0.01086	0.00838	0.00962	0.00984	0.01176	0.00846	0.00729	0.01672	0.19141	0.04073	0.04153	0.32699	0.21655	0.01611	0.00780	0.00245	0.00424	0.05606	0.00632	0.00690
8	0.22371	0.01247	0.01382	0.01121	0.01543	0.01290	0.00908	0.17101	0.01830	0.29903	0.01857	0.01962	0.01339	0.05876	0.05540	0.00284	0.00661	0.00591	0.02268	0.00926
9	0.09826	0.01738	0.07926	0.06049	0.32867	0.05138	0.07050	0.10603	0.01698	0.06418	0.03580	0.01682	0.01179	0.00660	0.00638	0.00200	0.00785	0.00587	0.00411	0.00964
10	0.01530	0.03028	0.57411	0.01784	0.02647	0.01618	0.02154	0.13146	0.06140	0.02458	0.01341	0.01488	0.00955	0.00669	0.00634	0.00208	0.00904	0.00520	0.00364	0.01001
11	0.01137	0.00879	0.03415	0.00917	0.01152	0.00763	0.00719	0.07812	0.01670	0.06866	0.15888	0.24165	0.29020	0.01545	0.00770	0.00228	0.00417	0.01331	0.00637	0.00667
12	0.01489	0.06338	0.02145	0.01686	0.01807	0.06567	0.07875	0.01664	0.01132	0.01603	0.01044	0.01720	0.01029	0.08650	0.01936	0.00300	0.51385	0.00609	0.00306	0.00715
13	0.01675	0.04961	0.35746	0.02331	0.17586	0.03366	0.10880	0.02232	0.01510	0.11441	0.01386	0.01587	0.01005	0.00632	0.00648	0.00204	0.00892	0.00562	0.00368	0.00987
14	0.01328	0.03350	0.71093	0.01907	0.02869	0.01534	0.04737	0.02086	0.01395	0.02086	0.01187	0.01403	0.00840	0.00623	0.00631	0.00209	0.00978	0.00496	0.00280	0.00970
15	0.02381	0.02973	0.01830	0.01662	0.02004	0.67302	0.01250	0.02712	0.08510	0.01720	0.01176	0.01308	0.00959	0.00699	0.00601	0.00175	0.01124	0.00455	0.00371	0.00790
16	0.01008	0.00768	0.00980	0.01026	0.01167	0.00756	0.02296	0.05681	0.05929	0.01963	0.03745	0.48822	0.12329	0.01795	0.00816	0.00257	0.00448	0.08977	0.00611	0.00624
17	0.02090	0.12418	0.02363	0.02446	0.28196	0.29556	0.01509	0.05450	0.01715	0.06524	0.01213	0.01419	0.00982	0.00643	0.00599	0.00179	0.00910	0.00498	0.00372	0.00917
18	0.00919	0.00913	0.07730	0.00932	0.01142	0.00685	0.00780	0.01180	0.01533	0.02075	0.28602	0.20871	0.18078	0.06347	0.00949	0.00257	0.00433	0.05362	0.00606	0.00607
19	0.00816	0.00582	0.00757	0.00891	0.00930	0.00545	0.00588	0.00921	0.01238	0.01645	0.03563	0.67644	0.06029	0.09182	0.01078	0.00301	0.00405	0.01771	0.00591	0.00522
20	0.04654	0.05348	0.06715	0.06678	0.06443	0.08561	0.06796	0.32320	0.02181	0.02954	0.01410	0.01592	0.01061	0.00721	0.00664	0.00195	0.02831	0.00566	0.07362	0.00947
21	0.01674	0.01888	0.10297	0.02883	0.22985	0.01671	0.35125	0.10890	0.01720	0.02381	0.01322	0.01670	0.01010	0.00601	0.00711	0.00210	0.00953	0.00670	0.00367	0.00970
22	0.01053	0.00752	0.01051	0.01203	0.01351	0.00751	0.01047	0.01350	0.01507	0.01961	0.03490	0.09598	0.03807	0.01826	0.00907	0.00302	0.00599	0.66234	0.00606	0.00604
23	0.02072	0.01729	0.01939	0.12914	0.08555	0.06899	0.01369	0.36970	0.15226	0.03164	0.01651	0.01745	0.01221	0.00764	0.00655	0.00203	0.00748	0.00607	0.00554	0.01015
24	0.01401	0.02638	0.46558	0.09785	0.14224	0.01513	0.02156	0.04375	0.03634	0.02139	0.01356	0.01785	0.01055	0.00692	0.00649	0.00212	0.00893	0.03659	0.00327	0.00949
25	0.01481	0.15447	0.42919	0.03883	0.05441	0.04049	0.13757	0.02074	0.01427	0.01976	0.01159	0.01412	0.00874	0.00604	0.00618	0.00198	0.00948	0.00518	0.00292	0.00927
26	0.01547	0.38888	0.35284	0.01572	0.02328	0.02056	0.06137	0.02032	0.01375	0.01828	0.01063	0.01254	0.00850	0.00591	0.00537	0.00177	0.00852	0.00440	0.00283	0.00906
27	0.00778	0.00667	0.00667	0.00667	0.00889	0.00556	0.00500	0.00945	0.01501	0.01778	0.06669	0.06336	0.72490	0.01667	0.00778	0.00222	0.00333	0.01389	0.00611	0.00556
28	0.00846	0.00623	0.00877	0.00995	0.01060	0.00586	0.02573	0.00990	0.01292	0.01719	0.03552	0.68111	0.04210	0.01999	0.00845	0.00269	0.00422	0.07876	0.00603	0.00551
29	0.07636	0.01341	0.04260	0.01546	0.06685	0.01191	0.07890	0.06019	0.03199	0.49958	0.02181	0.02024	0.01427	0.00755	0.00655	0.00205	0.00647	0.00641	0.00680	0.01060
30	0.01343	0.03250	0.66822	0.01962	0.02906	0.01542	0.08908	0.02087	0.01406	0.02087	0.01196	0.01427	0.00850	0.00619	0.00640	0.00210	0.00986	0.00514	0.00283	0.00965
31	0.01363	0.01306	0.02253	0.52497	0.23094	0.01500	0.05048	0.01794	0.01377	0.01830	0.01196	0.01722	0.00928	0.00634	0.00662	0.00213	0.00862	0.00594	0.00303	0.00824
32	0.01544	0.02530	0.36819	0.02418	0.13617	0.01620	0.20814	0.08609	0.01614	0.02298	0.01269	0.01550	0.00938	0.00616	0.00674	0.00209	0.00957	0.00591	0.00337	0.00974
33	0.01567	0.01470	0.02375	0.18768	0.48703	0.01561	0.01852	0.03594	0.09465	0.02163	0.01395	0.01749	0.01119	0.00641	0.00655	0.00204	0.00771	0.00604	0.00365	0.00978
34	0.00802	0.00573	0.00764	0.00917	0.00955	0.00535	0.00611	0.00917	0.01260	0.01681	0.03628	0.76434	0.04354	0.02062	0.00840	0.00267	0.00382	0.01872	0.00611	0.00535
35	0.00874	0.00685	0.00980	0.01027	0.01147	0.00634	0.05127	0.01045	0.01345	0.01754	0.03957	0.53023	0.15089	0.01876	0.00833	0.00261	0.00445	0.08735	0.00593	0.00568
36	0.09836	0.02231	0.17617	0.01556	0.02128	0.19258	0.05866	0.07617	0.01766	0.23499	0.01579	0.01603	0.01096	0.00701	0.00620	0.00197	0.00848	0.00538	0.00498	0.00946
37	0.02341	0.01764	0.01885	0.01482	0.01980	0.01966	0.01212	0.58026	0.15895	0.03888	0.01786	0.01744	0.01286	0.00810	0.00661	0.00202	0.00686	0.00621	0.00661	0.01105
38	0.00828	0.00616	0.00779	0.00898	0.00990	0.00567	0.00642	0.00978	0.01345	0.01738	0.04285	0.52439	0.19382	0.01945	0.00835	0.00262	0.00399	0.09915	0.00611	0.00548
39	0.01760	0.77260	0.03450	0.01126	0.01690	0.02605	0.01126	0.01971	0.01338	0.01549	0.00915	0.01056	0.00845	0.00563	0.00422	0.00141	0.00704	0.00352	0.00282	0.00845
40	0.01365	0.01170	0.01365	0.00975	0.01560	0.00878	0.00780	0.01658	0.01365	0.02145	0.01170	0.01365	0.00975	0.00488	0.00488	0.00098	0.00488	0.00390	0.00390	0.80888
41	0.07518	0.01531	0.01855	0.01768	0.13116	0.01609	0.01244	0.30837	0.09506	0.21458	0.01860	0.01817	0.01305	0.00763	0.00643	0.00202	0.00656	0.00610	0.00631	0.01073
42	0.00823	0.00605	0.00777	0.00906	0.00984	0.00559	0.00637	0.00964	0.01322	0.01723	0.04087	0.58980	0.14872	0.01978	0.00837	0.00264	0.00396	0.08131	0.00611	0.00545
43	0.00816	0.00643	0.00736	0.00766	0.00926	0.00564	0.00554	0.00998	0.01511	0.01929	0.19353	0.24610	0.40846	0.01706	0.00794	0.00231	0.00342	0.01476	0.00635	0.00564
44	0.02301	0.06704	0.19636	0.01449	0.02062	0.06007	0.04563	0.02728	0.03435	0.39836	0.03421	0.01925	0.01406	0.00744	0.00641	0.00200	0.00732	0.00601	0.00589	0.01020
45	0.00846	0.00594	0.00764	0.00882	0.00916	0.00566	0.00579	0.00941	0.01201	0.01600	0.03275	0.57927	0.03896	0.18810	0.01405	0.00352	0.00447	0.03930	0.00563	0.00507
46	0.00802	0.00573	0.00764	0.00917	0.00955	0.00535	0.00611	0.00917	0.01260	0.01681	0.03628	0.76434	0.04354	0.02062	0.00840	0.00267	0.00382	0.01872	0.00611	0.00535
47	0.04649	0.01537	0.01924	0.18432	0.15999	0.06460	0.01435	0.16725	0.10760	0.11184	0.03319	0.01856	0.01315	0.00737	0.00649	0.00205	0.00738	0.00612	0.00505	0.00958
48	0.01831	0.01760	0.02520	0.03432	0.54562	0.08636	0.03191	0.11782	0.01761	0.02381	0.01267	0.01583	0.01034	0.00624	0.00650	0.00194	0.00819	0.00576	0.00374	0.01024
49	0.01603	0.01584	0.02476	0.18579	0.54142	0.06217	0.01933	0.01990	0.01485	0.02019	0.01210	0.01627	0.00996	0.00607	0.00649	0.00199	0.00828	0.00576	0.00320	0.00961
50	0.01288	0.01219	0.02014	0.59158	0.10662	0.01504	0.01776	0.01685	0.01301	0.01717	0.01210	0.03647	0.00982	0.00737	0.00814	0.00225	0.08385	0.00618	0.00304	0.00755
51	0.04353	0.01696	0.05593	0.02939	0.24489	0.01566	0.39111	0.02164	0.01544	0.07917	0.01387	0.01732	0.01048	0.00590	0.00712	0.00211	0.00940	0.00685	0.00370	0.00951
52	0.01734	0.08643	0.16929	0.01406	0.01960	0.10829	0.02897	0.08441	0.13261	0.07083	0.02048	0.02068	0.08041	0.00780	0.00617	0.00186	0.00730	0.00612	0.00470	0.11266
53	0.01600	0.01489	0.02394	0.14331	0.29828	0.01561	0.12235	0.09789	0.10320	0.02345	0.01811	0.02074	0.05774	0.00724	0.00683	0.00209	0.00780	0.00688	0.00420	0.00946
54	0.01793	0.09876	0.08848	0.01552	0.03658	0.07682	0.09346	0.12091	0.10805	0.09755	0.02071	0.12358	0.03851	0.00924	0.00666	0.00206	0.00724	0.00791	0.00512	0.02490
55	0.02010	0.04380	0.02389	0.02135	0.13171	0.20018	0.14168	0.11484	0.01783	0.07467	0.01295	0.01529	0.01011	0.00698	0.00796	0.00196	0.08439	0.00566	0.00411	0.06057
56	0.05332	0.06351	0.04256	0.01615	0.06467	0.06813	0.10347	0.06924	0.05227	0.06812	0.02011	0.06831	0.08079	0.00877	0.00793	0.00200	0.08243	0.00716	0.00452	0.11654
57	0.01676	0.06016	0.01785	0.01667	0.13828	0.01205	0.05541	0.08540	0.02963	0.14468	0.11938	0.08832	0.05179	0.06066	0.00856	0.00227	0.00599	0.00835	0.00547	0.07231

[dist]
# distance from previous block
# <min> <max>
9	29

[block]
# block no. 6 follows, 33 sequences, length 7
# corresponding to MSA columns:
# 603-609
name=unknown_G
#
# <colnr> <probs for GDERKNQSTAVLIFYWHMCP>
#	G	D	E	R	K	N	Q	S	T	A	V	L	I	F	Y	W	H	M	C	P
0	0.04645	0.12829	0.01813	0.01165	0.01644	0.04760	0.05000	0.05789	0.01511	0.11593	0.01514	0.04433	0.01295	0.08000	0.00819	0.00197	0.00626	0.00563	0.00449	0.31354
1	0.01499	0.08547	0.05436	0.01222	0.01640	0.01192	0.06061	0.04365	0.06343	0.10024	0.17640	0.05533	0.05446	0.00949	0.00709	0.00190	0.03147	0.03151	0.00540	0.16366
2	0.01378	0.01374	0.08295	0.04489	0.08320	0.04447	0.01132	0.15069	0.01791	0.02329	0.05608	0.14781	0.20649	0.01266	0.00734	0.00224	0.00604	0.06200	0.00539	0.00773
3	0.01937	0.04292	0.09310	0.01489	0.05255	0.01589	0.01246	0.27494	0.15488	0.08896	0.10142	0.02149	0.01882	0.00827	0.00654	0.00198	0.00639	0.00667	0.00598	0.05250
4	0.01689	0.16577	0.01844	0.01330	0.06875	0.01530	0.01008	0.18828	0.07261	0.06889	0.09117	0.04892	0.14795	0.03610	0.00742	0.00211	0.00577	0.00808	0.00555	0.00863
5	0.00959	0.00704	0.00866	0.00943	0.01049	0.00679	0.00658	0.07472	0.01462	0.01925	0.03804	0.60915	0.12290	0.01895	0.00816	0.00255	0.00408	0.01693	0.00616	0.00592
6	0.01744	0.01453	0.01548	0.01256	0.01669	0.08083	0.01001	0.07733	0.15429	0.09025	0.05859	0.01885	0.01541	0.00770	0.00779	0.00176	0.09459	0.00575	0.00510	0.29504

[dist]
# distance from previous block
# <min> <max>
4	5

[block]
# block no. 7 follows, 33 sequences, length 34
# corresponding to MSA columns:
# 615-648
name=unknown_H
#
# <colnr> <probs for GDERKNQSTAVLIFYWHMCP>
#	G	D	E	R	K	N	Q	S	T	A	V	L	I	F	Y	W	H	M	C	P
0	0.02910	0.01130	0.01526	0.01177	0.01682	0.00990	0.00970	0.03218	0.04208	0.70864	0.02600	0.02248	0.01642	0.00817	0.00662	0.00204	0.00559	0.00665	0.00810	0.01118
1	0.00915	0.00715	0.00938	0.00958	0.01048	0.00746	0.00700	0.01091	0.01371	0.01871	0.19044	0.33958	0.12757	0.04667	0.07767	0.00336	0.08591	0.01378	0.00571	0.00577
2	0.01514	0.19948	0.43795	0.01545	0.02346	0.01658	0.01831	0.02061	0.01401	0.05752	0.01194	0.01355	0.00898	0.00603	0.00562	0.00178	0.00824	0.00452	0.00323	0.11762
3	0.00803	0.00611	0.00726	0.00814	0.00916	0.00549	0.00557	0.00929	0.01328	0.01690	0.04627	0.46512	0.28825	0.06708	0.00979	0.00275	0.00381	0.01639	0.00598	0.00534
4	0.00797	0.00592	0.00744	0.00866	0.00941	0.00539	0.00588	0.00922	0.01309	0.01701	0.04249	0.62131	0.18257	0.01982	0.00828	0.00258	0.00372	0.01773	0.00611	0.00539
5	0.01486	0.01645	0.05490	0.09517	0.17594	0.01583	0.39557	0.01953	0.01465	0.02021	0.01385	0.05679	0.01161	0.00692	0.00827	0.00222	0.05749	0.00756	0.00338	0.00879
6	0.01587	0.06202	0.04617	0.18397	0.03321	0.10842	0.39161	0.02040	0.01517	0.01907	0.01291	0.03668	0.01031	0.00636	0.00705	0.00211	0.01022	0.00689	0.00328	0.00827
7	0.15610	0.01893	0.10405	0.01414	0.01979	0.01810	0.01273	0.46303	0.02445	0.03570	0.01394	0.01458	0.01007	0.00721	0.00601	0.00194	0.00703	0.00527	0.00553	0.06139
8	0.02114	0.30426	0.14511	0.01399	0.01966	0.19068	0.01347	0.02418	0.01592	0.17394	0.01354	0.01404	0.01016	0.00656	0.00550	0.00173	0.00833	0.00460	0.00412	0.00908
9	0.02312	0.01747	0.17353	0.01756	0.10910	0.01279	0.03317	0.07028	0.04754	0.39639	0.02025	0.01935	0.01351	0.00740	0.00656	0.00205	0.00701	0.00617	0.00608	0.01069
10	0.31404	0.06134	0.29399	0.01352	0.01984	0.01512	0.01473	0.06024	0.01425	0.06959	0.01328	0.01704	0.01045	0.00715	0.00556	0.00208	0.00722	0.04790	0.00403	0.00863
11	0.02078	0.02769	0.11961	0.02118	0.09139	0.43837	0.12852	0.03995	0.01744	0.01868	0.01126	0.01363	0.00896	0.00645	0.00635	0.00187	0.01096	0.00510	0.00336	0.00847
12	0.01144	0.00572	0.00858	0.00858	0.00858	0.00572	0.00572	0.00858	0.00858	0.01144	0.01144	0.02001	0.01144	0.02287	0.02573	0.80846	0.00572	0.00572	0.00286	0.00286
13	0.00842	0.00632	0.00781	0.00824	0.00949	0.00571	0.00587	0.01040	0.01535	0.02047	0.28938	0.33626	0.21806	0.01709	0.00802	0.00235	0.00345	0.01510	0.00652	0.00571
14	0.01964	0.02312	0.01939	0.01712	0.01886	0.39101	0.01354	0.02121	0.01449	0.01598	0.00943	0.01310	0.00856	0.00909	0.01356	0.00227	0.37409	0.00498	0.00314	0.00742
15	0.00970	0.00653	0.00759	0.00778	0.00796	0.00653	0.00479	0.01006	0.01025	0.01360	0.02245	0.04685	0.02562	0.67794	0.03056	0.00598	0.00634	0.09100	0.00424	0.00424
16	0.04297	0.33887	0.02500	0.01437	0.01871	0.42505	0.01196	0.02337	0.01626	0.01621	0.00972	0.01130	0.00843	0.00629	0.00517	0.00159	0.00968	0.00392	0.00317	0.00796
17	0.00860	0.00622	0.00813	0.00868	0.00966	0.00575	0.00612	0.01065	0.01542	0.02119	0.34896	0.41588	0.07573	0.01724	0.00809	0.00238	0.00348	0.01546	0.00663	0.00575
18	0.00903	0.00674	0.00840	0.00805	0.00975	0.00611	0.00608	0.01183	0.01776	0.02438	0.56475	0.05291	0.20172	0.01428	0.00781	0.00213	0.00324	0.03198	0.00697	0.00607
19	0.01320	0.03405	0.73453	0.01876	0.02849	0.01529	0.02432	0.02085	0.01390	0.02085	0.01181	0.01390	0.00834	0.00625	0.00625	0.00208	0.00973	0.00486	0.00278	0.00973
20	0.01485	0.08138	0.26808	0.02034	0.17679	0.01520	0.01697	0.02222	0.13294	0.02181	0.01424	0.01592	0.01106	0.00632	0.00597	0.00182	0.00743	0.00524	0.00376	0.15764
21	0.01526	0.27910	0.19070	0.01593	0.02034	0.02093	0.03967	0.01851	0.01228	0.01706	0.00971	0.01309	0.00855	0.00808	0.01162	0.00217	0.30103	0.00486	0.00285	0.00827
22	0.01629	0.01564	0.02672	0.04041	0.72757	0.01564	0.02020	0.02020	0.01499	0.02151	0.01238	0.01629	0.01043	0.00587	0.00652	0.00196	0.00782	0.00587	0.00326	0.01043
23	0.00802	0.00573	0.00764	0.00917	0.00955	0.00535	0.00611	0.00917	0.01260	0.01681	0.03628	0.76434	0.04354	0.02062	0.00840	0.00267	0.00382	0.01872	0.00611	0.00535
24	0.02069	0.02120	0.30815	0.01943	0.14194	0.01296	0.01738	0.02553	0.01619	0.32403	0.01794	0.01793	0.01208	0.00700	0.00645	0.00204	0.00765	0.00578	0.00515	0.01048
25	0.01144	0.00572	0.00858	0.00858	0.00858	0.00572	0.00572	0.00858	0.00858	0.01144	0.01144	0.02001	0.01144	0.02287	0.02573	0.80846	0.00572	0.00572	0.00286	0.00286
26	0.01158	0.00872	0.01129	0.01225	0.01413	0.00912	0.01040	0.01742	0.14457	0.02104	0.03342	0.09097	0.03481	0.01657	0.00862	0.00287	0.00582	0.53339	0.00618	0.00684
27	0.01473	0.01335	0.02140	0.53615	0.12396	0.01562	0.04683	0.11059	0.01589	0.02091	0.01241	0.01717	0.00935	0.00663	0.00662	0.00214	0.00855	0.00594	0.00348	0.00828
28	0.01819	0.57871	0.02929	0.01164	0.01664	0.11092	0.01086	0.02030	0.01457	0.04915	0.04359	0.01536	0.04411	0.00673	0.00486	0.00154	0.00722	0.00459	0.00348	0.00825
29	0.00810	0.00668	0.00711	0.00701	0.00909	0.00569	0.00525	0.01007	0.01576	0.01958	0.20360	0.06040	0.58687	0.01600	0.00778	0.00219	0.00329	0.01348	0.00635	0.00569
30	0.11701	0.08944	0.10776	0.11143	0.02102	0.01286	0.01158	0.01782	0.01327	0.02120	0.01114	0.01353	0.00897	0.00552	0.00511	0.00146	0.00626	0.00421	0.00354	0.41686
31	0.02078	0.01950	0.13798	0.01598	0.06454	0.15368	0.01343	0.06848	0.09955	0.22056	0.02023	0.07968	0.01609	0.00883	0.00665	0.00208	0.00758	0.02938	0.00551	0.00948
32	0.01668	0.01616	0.02436	0.06579	0.26520	0.08278	0.16622	0.10599	0.01719	0.02279	0.05882	0.06187	0.01537	0.00823	0.00775	0.03629	0.00828	0.00726	0.00409	0.00887
33	0.01367	0.01029	0.01370	0.01604	0.15417	0.01019	0.01027	0.03673	0.12056	0.08775	0.08119	0.12562	0.19566	0.01276	0.00744	0.00228	0.00515	0.08262	0.00591	0.00800

[dist]
# distance from previous block
# <min> <max>
0	2

[block]
# block no. 8 follows, 33 sequences, length 26
# corresponding to MSA columns:
# 651-676
name=unknown_I
#
# <colnr> <probs for GDERKNQSTAVLIFYWHMCP>
#	G	D	E	R	K	N	Q	S	T	A	V	L	I	F	Y	W	H	M	C	P
0	0.07677	0.06079	0.01886	0.03128	0.03742	0.03438	0.04853	0.25331	0.06511	0.15335	0.01700	0.03826	0.01274	0.00747	0.00615	0.00187	0.00662	0.00598	0.00566	0.11846
1	0.01822	0.02553	0.24703	0.02317	0.15404	0.17496	0.12130	0.11560	0.01771	0.02279	0.01233	0.01473	0.00939	0.00642	0.00651	0.00198	0.00971	0.00549	0.00360	0.00947
2	0.00826	0.00600	0.00782	0.00898	0.00969	0.00556	0.00621	0.00977	0.01365	0.01820	0.12569	0.59419	0.09774	0.01932	0.00830	0.00258	0.00378	0.04252	0.00625	0.00550
3	0.01577	0.01620	0.05097	0.03670	0.58317	0.01538	0.11252	0.01994	0.01503	0.02129	0.01455	0.01820	0.03739	0.00625	0.00673	0.00201	0.00816	0.00640	0.00336	0.01001
4	0.01519	0.01165	0.01381	0.00994	0.01572	0.00886	0.00798	0.01808	0.01415	0.09037	0.01309	0.01450	0.01039	0.00519	0.00504	0.00108	0.00495	0.00416	0.00431	0.73152
5	0.81514	0.01273	0.00968	0.00866	0.01273	0.01477	0.00713	0.01935	0.01120	0.02954	0.00917	0.01069	0.00713	0.00611	0.00407	0.00204	0.00509	0.00356	0.00407	0.00713
6	0.01522	0.05939	0.41132	0.02122	0.02939	0.01591	0.26597	0.02156	0.01476	0.06362	0.01309	0.01565	0.00941	0.00609	0.00673	0.00210	0.00985	0.00595	0.00330	0.00946
7	0.01588	0.01667	0.03232	0.03095	0.28019	0.01626	0.39623	0.02205	0.07950	0.02183	0.01422	0.01786	0.01107	0.00597	0.00722	0.00213	0.00939	0.00706	0.00361	0.00957
8	0.00956	0.00644	0.00749	0.00749	0.00760	0.00655	0.00438	0.00977	0.00967	0.01300	0.02046	0.04150	0.02325	0.70273	0.09848	0.00677	0.00741	0.00934	0.00395	0.00416
9	0.01715	0.12733	0.43243	0.01727	0.02459	0.23288	0.01921	0.02232	0.01525	0.01876	0.01099	0.01287	0.00840	0.00633	0.00590	0.00188	0.01002	0.00451	0.00297	0.00894
10	0.02954	0.01120	0.01528	0.01171	0.01681	0.00968	0.00968	0.03208	0.01884	0.73213	0.02597	0.02241	0.01630	0.00815	0.00662	0.00204	0.00560	0.00662	0.00815	0.01120
11	0.01243	0.01170	0.01975	0.75282	0.04534	0.01463	0.01828	0.01682	0.01316	0.01682	0.01170	0.01755	0.00878	0.00658	0.00658	0.00219	0.00878	0.00585	0.00293	0.00731
12	0.00957	0.00638	0.00718	0.00718	0.00718	0.00638	0.00399	0.00957	0.00957	0.01276	0.02074	0.04308	0.02393	0.76864	0.03351	0.00638	0.00638	0.00957	0.00399	0.00399
13	0.01760	0.77260	0.03450	0.01126	0.01690	0.02605	0.01126	0.01971	0.01338	0.01549	0.00915	0.01056	0.00845	0.00563	0.00422	0.00141	0.00704	0.00352	0.00282	0.00845
14	0.01112	0.00572	0.00849	0.00863	0.00867	0.00568	0.00575	0.00863	0.00895	0.01193	0.01371	0.08822	0.01438	0.02266	0.02414	0.73462	0.00554	0.00691	0.00316	0.00309
15	0.01629	0.01564	0.02672	0.04041	0.72757	0.01564	0.02020	0.02020	0.01499	0.02151	0.01238	0.01629	0.01043	0.00587	0.00652	0.00196	0.00782	0.00587	0.00326	0.01043
16	0.81514	0.01273	0.00968	0.00866	0.01273	0.01477	0.00713	0.01935	0.01120	0.02954	0.00917	0.01069	0.00713	0.00611	0.00407	0.00204	0.00509	0.00356	0.00407	0.00713
17	0.00958	0.00663	0.00835	0.00795	0.00927	0.00623	0.00575	0.01221	0.01689	0.02419	0.56352	0.04637	0.05286	0.12779	0.01144	0.00268	0.00360	0.01111	0.06772	0.00587
18	0.00802	0.00573	0.00764	0.00917	0.00955	0.00535	0.00611	0.00917	0.01260	0.01681	0.03628	0.76434	0.04354	0.02062	0.00840	0.00267	0.00382	0.01872	0.00611	0.00535
19	0.00802	0.00573	0.00764	0.00917	0.00955	0.00535	0.00611	0.00917	0.01260	0.01681	0.03628	0.76434	0.04354	0.02062	0.00840	0.00267	0.00382	0.01872	0.00611	0.00535
20	0.01365	0.01170	0.01365	0.00975	0.01560	0.00878	0.00780	0.01658	0.01365	0.02145	0.01170	0.01365	0.00975	0.00488	0.00488	0.00098	0.00488	0.00390	0.00390	0.80888
21	0.01170	0.01023	0.01429	0.01286	0.01383	0.01279	0.01026	0.01354	0.01054	0.01576	0.01392	0.02187	0.01351	0.09106	0.34465	0.00648	0.30525	0.00652	0.00334	0.06759
22	0.01973	0.01603	0.01597	0.01333	0.01748	0.07166	0.01062	0.31083	0.24733	0.05350	0.02697	0.02576	0.12248	0.00949	0.00676	0.00208	0.00630	0.00752	0.00636	0.00982
23	0.01070	0.01110	0.07594	0.01061	0.01277	0.06319	0.00860	0.01300	0.01424	0.01902	0.14202	0.37135	0.03634	0.06075	0.00918	0.00255	0.00524	0.05497	0.00547	0.07297
24	0.01593	0.19529	0.20799	0.02169	0.19543	0.04444	0.07488	0.02029	0.01490	0.04611	0.06634	0.01696	0.01347	0.00655	0.00605	0.00185	0.00802	0.00559	0.00355	0.03465
25	0.01897	0.19013	0.25354	0.01735	0.05371	0.21500	0.03831	0.07480	0.01667	0.04681	0.01170	0.01332	0.00906	0.00642	0.00583	0.00182	0.00934	0.00469	0.00349	0.00905

[dist]
# distance from previous block
# <min> <max>
1	16

[block]
# block no. 9 follows, 33 sequences, length 123
# corresponding to MSA columns:
# 693-815
name=unknown_J
#
# <colnr> <probs for GDERKNQSTAVLIFYWHMCP>
#	G	D	E	R	K	N	Q	S	T	A	V	L	I	F	Y	W	H	M	C	P
0	0.03973	0.08869	0.11807	0.02056	0.17935	0.05043	0.08037	0.09844	0.04461	0.02323	0.05743	0.01911	0.02830	0.03382	0.00719	0.00202	0.00753	0.00608	0.00410	0.09094
1	0.04337	0.15051	0.10210	0.01735	0.06742	0.04705	0.15878	0.02078	0.03109	0.09696	0.03239	0.01830	0.01264	0.06224	0.00845	0.00218	0.02541	0.00594	0.00400	0.09306
2	0.01465	0.01351	0.01846	0.02377	0.31265	0.07872	0.03431	0.01866	0.06607	0.04335	0.09299	0.19392	0.03957	0.01065	0.00711	0.00215	0.00653	0.00967	0.00481	0.00844
3	0.01732	0.72522	0.07941	0.01175	0.01764	0.02536	0.01210	0.01979	0.01341	0.01583	0.00932	0.01077	0.00844	0.00567	0.00435	0.00145	0.00721	0.00361	0.00281	0.00853
4	0.01601	0.39555	0.35147	0.01493	0.02236	0.03908	0.01727	0.04132	0.01428	0.01873	0.01059	0.01227	0.00848	0.00601	0.00526	0.00174	0.00839	0.00422	0.00293	0.00909
5	0.01243	0.01170	0.01975	0.75282	0.04534	0.01463	0.01828	0.01682	0.01316	0.01682	0.01170	0.01755	0.00878	0.00658	0.00658	0.00219	0.00878	0.00585	0.00293	0.00731
6	0.01370	0.11662	0.65627	0.01793	0.02720	0.01649	0.02286	0.02072	0.01384	0.02025	0.01152	0.01353	0.00835	0.00618	0.00603	0.00201	0.00943	0.00471	0.00278	0.00959
7	0.00802	0.00573	0.00764	0.00917	0.00955	0.00535	0.00611	0.00917	0.01260	0.01681	0.03628	0.76434	0.04354	0.02062	0.00840	0.00267	0.00382	0.01872	0.00611	0.00535
8	0.00943	0.00694	0.01002	0.01002	0.01101	0.00793	0.00753	0.01140	0.01042	0.01487	0.01814	0.02869	0.01768	0.16733	0.62627	0.00989	0.01579	0.00747	0.00360	0.00557
9	0.00847	0.00605	0.00816	0.00968	0.01026	0.00574	0.00690	0.00995	0.01305	0.01731	0.03603	0.64377	0.04255	0.02020	0.00852	0.00274	0.00421	0.13483	0.00610	0.00547
10	0.01440	0.01440	0.02016	0.01728	0.01728	0.02016	0.01440	0.01584	0.01008	0.01584	0.00864	0.01440	0.00864	0.01152	0.02160	0.00288	0.75659	0.00576	0.00288	0.00720
11	0.75080	0.01444	0.06783	0.00947	0.01400	0.01481	0.00851	0.01947	0.01142	0.02884	0.00938	0.01095	0.00723	0.00612	0.00425	0.00204	0.00546	0.00367	0.00397	0.00734
12	0.01571	0.32375	0.37836	0.01731	0.07963	0.01939	0.01837	0.02070	0.01394	0.04124	0.01125	0.01304	0.00880	0.00604	0.00548	0.00181	0.00838	0.00447	0.00300	0.00933
13	0.01356	0.09331	0.67836	0.01816	0.02756	0.01615	0.02328	0.02076	0.01386	0.02042	0.01160	0.01363	0.00835	0.00620	0.00609	0.00203	0.00951	0.00476	0.00278	0.00963
14	0.01949	0.01152	0.01425	0.01047	0.01604	0.00911	0.00849	0.02228	0.01556	0.28266	0.01695	0.01687	0.01216	0.00608	0.00552	0.00137	0.00514	0.00490	0.00546	0.51570
15	0.01604	0.26445	0.17392	0.01660	0.02130	0.07359	0.07987	0.01938	0.01307	0.01727	0.01001	0.01319	0.00863	0.00763	0.01039	0.00209	0.23640	0.00493	0.00292	0.00831
16	0.01243	0.01170	0.01975	0.75282	0.04534	0.01463	0.01828	0.01682	0.01316	0.01682	0.01170	0.01755	0.00878	0.00658	0.00658	0.00219	0.00878	0.00585	0.00293	0.00731
17	0.01365	0.01170	0.01365	0.00975	0.01560	0.00878	0.00780	0.01658	0.01365	0.02145	0.01170	0.01365	0.00975	0.00488	0.00488	0.00098	0.00488	0.00390	0.00390	0.80888
18	0.81514	0.01273	0.00968	0.00866	0.01273	0.01477	0.00713	0.01935	0.01120	0.02954	0.00917	0.01069	0.00713	0.00611	0.00407	0.00204	0.00509	0.00356	0.00407	0.00713
