[name]
unknown

[dist]
# distance from previous block
# <min> <max>
0	0

[block]
# block no. 0 follows, 48 sequences, length 20
# corresponding to MSA columns:
# 0-19
name=unknown_A
#
# <colnr> <probs for GDERKNQSTAVLIFYWHMCP>
#	G	D	E	R	K	N	Q	S	T	A	V	L	I	F	Y	W	H	M	C	P
0	0.00827	0.00591	0.00827	0.00945	0.01063	0.00591	0.00827	0.01063	0.01181	0.01536	0.02717	0.05788	0.02953	0.01417	0.00709	0.00236	0.00472	0.75313	0.00472	0.00472
1	0.00729	0.00490	0.00565	0.00581	0.00586	0.00486	0.00334	0.00742	0.00779	0.01039	0.01787	0.14362	0.02080	0.70670	0.02337	0.00457	0.00469	0.00846	0.00334	0.00326
2	0.00891	0.00446	0.00668	0.00668	0.00668	0.00446	0.00446	0.00668	0.00668	0.00891	0.00891	0.01560	0.00891	0.01783	0.02005	0.85071	0.00446	0.00446	0.00223	0.00223
3	0.85592	0.00992	0.00754	0.00675	0.00992	0.01151	0.00556	0.01508	0.00873	0.02302	0.00714	0.00834	0.00556	0.00476	0.00318	0.00159	0.00397	0.00278	0.00318	0.00556
4	0.00693	0.00471	0.00584	0.00637	0.00672	0.00447	0.00411	0.00721	0.00895	0.01171	0.02518	0.37961	0.12209	0.25937	0.01413	0.11066	0.00372	0.01066	0.00394	0.00362
5	0.01765	0.01258	0.01342	0.01049	0.01406	0.01383	0.00860	0.62896	0.02163	0.02987	0.01314	0.01359	0.00955	0.00613	0.00484	0.00148	0.00504	0.00465	0.16249	0.00799
6	0.01319	0.02185	0.53350	0.01336	0.01974	0.01234	0.01560	0.17157	0.04083	0.07590	0.01105	0.01191	0.00775	0.00530	0.00494	0.00159	0.00675	0.00412	0.00320	0.02551
7	0.02135	0.00889	0.01174	0.00914	0.01288	0.00801	0.00750	0.06607	0.04231	0.66672	0.07376	0.01871	0.01510	0.00665	0.00522	0.00159	0.00429	0.00544	0.00619	0.00844
8	0.00672	0.00504	0.00693	0.08626	0.01015	0.00498	0.00562	0.00799	0.01029	0.01371	0.09622	0.60861	0.06234	0.04108	0.00699	0.00209	0.00336	0.01272	0.00454	0.00435
9	0.01518	0.60889	0.02358	0.00997	0.01389	0.22894	0.00908	0.01674	0.01153	0.01220	0.00735	0.00850	0.00659	0.00463	0.00365	0.00116	0.00650	0.00289	0.00232	0.00641
10	0.00678	0.00485	0.00618	0.00690	0.00710	0.00480	0.00449	0.00742	0.00905	0.01213	0.02394	0.55592	0.02846	0.25517	0.01273	0.00295	0.03093	0.01212	0.00419	0.00390
11	0.00718	0.00534	0.00711	0.00711	0.00798	0.00561	0.00524	0.00869	0.00979	0.01355	0.14670	0.10186	0.12193	0.13893	0.35528	0.00505	0.02216	0.00790	0.01821	0.00437
12	0.01222	0.17946	0.37334	0.01519	0.02123	0.01378	0.23184	0.03238	0.01156	0.04807	0.00966	0.01149	0.00719	0.00471	0.00492	0.00155	0.00730	0.00431	0.00253	0.00727
13	0.01068	0.02416	0.66143	0.01707	0.11960	0.01200	0.05159	0.01619	0.01100	0.01632	0.00932	0.01120	0.00676	0.00481	0.00495	0.00162	0.00744	0.00399	0.00223	0.00762
14	0.00765	0.00551	0.00816	0.00809	0.00883	0.00638	0.00617	0.00887	0.00801	0.01146	0.01303	0.01986	0.01239	0.06646	0.64666	0.11490	0.03522	0.00542	0.00268	0.00425
15	0.00897	0.00768	0.01252	0.18444	0.10619	0.00784	0.09553	0.01126	0.01096	0.02966	0.06316	0.25155	0.10931	0.02688	0.00617	0.00184	0.00479	0.00871	0.04711	0.00543
16	0.03810	0.06014	0.01947	0.05969	0.42070	0.15166	0.06647	0.07447	0.03029	0.01704	0.00962	0.01196	0.00783	0.00488	0.00492	0.00150	0.00669	0.00433	0.00281	0.00743
17	0.06287	0.00880	0.01144	0.01070	0.06789	0.00899	0.00799	0.04376	0.07328	0.33042	0.02086	0.03884	0.09962	0.01006	0.06243	0.00219	0.08287	0.04511	0.00482	0.00707
18	0.00893	0.00717	0.00775	0.00756	0.00849	0.06175	0.02091	0.05512	0.01053	0.02906	0.02351	0.29478	0.11432	0.29414	0.01328	0.00295	0.02169	0.00966	0.00399	0.00440
19	0.01316	0.08924	0.01915	0.04455	0.49566	0.03481	0.01300	0.07399	0.02771	0.01739	0.00971	0.01203	0.00803	0.00466	0.00474	0.00139	0.00577	0.00419	0.00282	0.11799

[dist]
# distance from previous block
# <min> <max>
0	51

[block]
# block no. 1 follows, 48 sequences, length 30
# corresponding to MSA columns:
# 71-100
name=unknown_B
#
# <colnr> <probs for GDERKNQSTAVLIFYWHMCP>
#	G	D	E	R	K	N	Q	S	T	A	V	L	I	F	Y	W	H	M	C	P
0	0.13007	0.09461	0.04313	0.01049	0.01446	0.08213	0.09756	0.09475	0.04241	0.07701	0.01386	0.01455	0.07209	0.00555	0.00453	0.00137	0.00534	0.00446	0.00355	0.18808
1	0.03556	0.01003	0.01364	0.06362	0.11918	0.04471	0.08184	0.10504	0.03768	0.09215	0.01739	0.22121	0.04080	0.00823	0.00541	0.00164	0.00505	0.00735	0.00401	0.08545
2	0.05376	0.03447	0.02715	0.00901	0.02691	0.00846	0.03984	0.06451	0.04141	0.01787	0.03482	0.06248	0.04705	0.00557	0.00438	0.00113	0.00418	0.00465	0.00346	0.50890
3	0.07858	0.04864	0.15756	0.03175	0.18938	0.09716	0.03806	0.01723	0.05456	0.10090	0.06929	0.01421	0.01125	0.00563	0.00530	0.00155	0.03620	0.00456	0.00332	0.03488
4	0.01413	0.04874	0.13532	0.01555	0.14062	0.06176	0.08073	0.11842	0.18747	0.07172	0.01357	0.01517	0.01043	0.00577	0.00510	0.00158	0.00597	0.02769	0.00377	0.03649
5	0.00645	0.00469	0.00594	0.00681	0.00734	0.00435	0.00464	0.00742	0.01010	0.01324	0.05346	0.58705	0.13637	0.08642	0.00822	0.00229	0.00316	0.04326	0.00464	0.00414
6	0.01818	0.16971	0.01682	0.01237	0.01537	0.63324	0.00970	0.04239	0.01408	0.01307	0.00792	0.00916	0.00667	0.00515	0.00440	0.00129	0.00846	0.00324	0.00264	0.00615
7	0.00619	0.00522	0.00537	0.00538	0.00707	0.00440	0.00406	0.00758	0.01186	0.01427	0.09206	0.04899	0.72513	0.01289	0.00609	0.00174	0.00264	0.02988	0.00481	0.00437
8	0.00625	0.00449	0.00593	0.00708	0.00743	0.00417	0.00474	0.00715	0.00988	0.01312	0.02903	0.79192	0.05785	0.01598	0.00653	0.00207	0.00296	0.01447	0.00476	0.00417
9	0.00637	0.00473	0.00570	0.00641	0.00705	0.00432	0.00431	0.00725	0.01000	0.01287	0.03295	0.50396	0.23270	0.12553	0.00910	0.00239	0.00315	0.01260	0.00454	0.00407
10	0.00797	0.00495	0.00567	0.00574	0.00619	0.00504	0.00369	0.00889	0.00859	0.01290	0.01669	0.06863	0.01727	0.46533	0.10271	0.00412	0.00510	0.00687	0.23986	0.00379
11	0.85592	0.00992	0.00754	0.00675	0.00992	0.01151	0.00556	0.01508	0.00873	0.02302	0.00714	0.00834	0.00556	0.00476	0.00318	0.00159	0.00397	0.00278	0.00318	0.00556
12	0.23929	0.01051	0.05063	0.00881	0.01205	0.01018	0.00738	0.20849	0.01390	0.10846	0.01460	0.16706	0.01311	0.00744	0.00471	0.00159	0.00438	0.00594	0.03022	0.08126
13	0.44914	0.01154	0.01010	0.00854	0.01191	0.10869	0.00690	0.04231	0.03364	0.25508	0.01177	0.01165	0.00824	0.00542	0.00408	0.00156	0.00480	0.00371	0.00419	0.00674
14	0.01372	0.82276	0.02689	0.00878	0.01317	0.02030	0.00878	0.01536	0.01043	0.01207	0.00713	0.00823	0.00658	0.00439	0.00329	0.00110	0.00549	0.00274	0.00219	0.00658
15	0.01126	0.00888	0.01051	0.00768	0.01200	0.00676	0.00612	0.01346	0.01087	0.06811	0.01075	0.04855	0.00916	0.00454	0.00402	0.00088	0.00380	0.00372	0.00334	0.75560
16	0.12581	0.00923	0.01431	0.69748	0.03185	0.01142	0.01306	0.01338	0.01005	0.01447	0.00885	0.01295	0.00666	0.00508	0.00486	0.00169	0.00645	0.00432	0.00240	0.00568
17	0.01123	0.01123	0.01572	0.01347	0.01347	0.01572	0.01123	0.01235	0.00786	0.01235	0.00674	0.01123	0.00674	0.00898	0.01684	0.00225	0.81028	0.00449	0.00225	0.00561
18	0.00665	0.00520	0.00602	0.00585	0.00730	0.00457	0.00437	0.00848	0.01302	0.01708	0.40504	0.06202	0.41233	0.01186	0.00607	0.00168	0.00252	0.01017	0.00519	0.00457
19	0.00615	0.00486	0.00554	0.00609	0.00716	0.00426	0.00429	0.00726	0.01084	0.01351	0.04114	0.40012	0.44184	0.01440	0.00629	0.00189	0.00277	0.01255	0.00476	0.00426
20	0.01415	0.01146	0.01815	0.08600	0.52475	0.01168	0.01360	0.04652	0.08022	0.12425	0.01216	0.01399	0.00935	0.00513	0.00511	0.00157	0.00572	0.00476	0.00338	0.00804
21	0.01229	0.01043	0.01103	0.00993	0.01269	0.01185	0.00771	0.06623	0.63817	0.02107	0.02339	0.05475	0.08222	0.00782	0.00534	0.00174	0.00398	0.00654	0.00516	0.00766
22	0.01010	0.00577	0.00753	0.00770	0.00918	0.00525	0.00591	0.01159	0.01155	0.17440	0.03037	0.36687	0.15487	0.01316	0.00629	0.00198	0.00356	0.16359	0.00508	0.00525
23	0.02204	0.01031	0.01288	0.00988	0.01388	0.00988	0.00816	0.23333	0.01732	0.57917	0.01803	0.01603	0.01159	0.00630	0.00515	0.00157	0.00472	0.00501	0.00601	0.00873
24	0.01290	0.01264	0.02135	0.05492	0.63933	0.03218	0.09644	0.03763	0.01211	0.01695	0.00975	0.01276	0.00803	0.00463	0.00518	0.00155	0.00646	0.00470	0.00261	0.00788
25	0.00977	0.00743	0.01056	0.27354	0.01821	0.00823	0.00911	0.06668	0.02923	0.04092	0.01919	0.16340	0.03291	0.06111	0.00712	0.00210	0.00504	0.18697	0.04312	0.00535
26	0.00777	0.00569	0.00787	0.00780	0.00856	0.00648	0.00583	0.00957	0.03387	0.01221	0.01474	0.05421	0.01445	0.16492	0.52394	0.03100	0.03831	0.00611	0.04224	0.00441
27	0.01272	0.01109	0.01519	0.06132	0.07201	0.04417	0.14046	0.05365	0.31651	0.06572	0.01734	0.11345	0.01465	0.03051	0.00608	0.00182	0.00537	0.00660	0.00424	0.00712
28	0.01124	0.01093	0.01445	0.02605	0.01321	0.04033	0.01031	0.04282	0.00886	0.01308	0.00869	0.04640	0.00878	0.04797	0.05052	0.00256	0.63063	0.00506	0.00254	0.00553
29	0.10148	0.01206	0.01403	0.23907	0.13268	0.11680	0.01060	0.05835	0.03636	0.04684	0.00982	0.01201	0.00763	0.00492	0.00458	0.00141	0.00588	0.00396	0.00303	0.17849

[dist]
# distance from previous block
# <min> <max>
0	5

[block]
# block no. 2 follows, 48 sequences, length 105
# corresponding to MSA columns:
# 106-210
name=unknown_C
#
# <colnr> <probs for GDERKNQSTAVLIFYWHMCP>
#	G	D	E	R	K	N	Q	S	T	A	V	L	I	F	Y	W	H	M	C	P
0	0.02929	0.00805	0.00910	0.00753	0.01053	0.00717	0.00585	0.07149	0.07472	0.01799	0.10779	0.11184	0.15464	0.00804	0.00497	0.00134	0.00351	0.00677	0.00418	0.35520
1	0.01220	0.05280	0.10637	0.13202	0.33813	0.02348	0.02668	0.08857	0.05718	0.01757	0.03308	0.01588	0.06231	0.00570	0.00509	0.00157	0.00594	0.00502	0.00308	0.00731
2	0.00673	0.00493	0.00607	0.00635	0.00716	0.00454	0.00440	0.00808	0.01140	0.01530	0.28516	0.30790	0.16892	0.12846	0.00909	0.00228	0.00301	0.01112	0.00482	0.00427
3	0.01762	0.02160	0.01542	0.02681	0.04029	0.61997	0.03952	0.03548	0.03144	0.01346	0.00837	0.01010	0.00697	0.00564	0.00593	0.00145	0.08743	0.00367	0.00271	0.00613
4	0.00700	0.00507	0.00560	0.00556	0.00624	0.00476	0.00354	0.00766	0.00954	0.01230	0.10776	0.03909	0.26533	0.47904	0.01765	0.00359	0.00395	0.00872	0.00390	0.00368
5	0.00743	0.00560	0.00826	0.00820	0.00904	0.00654	0.00632	0.00913	0.00819	0.01180	0.01373	0.02079	0.01305	0.08683	0.73217	0.00790	0.03215	0.00560	0.00276	0.00451
6	0.00696	0.00539	0.00728	0.00722	0.00842	0.00493	0.03646	0.00873	0.01217	0.01629	0.31001	0.28319	0.19976	0.01275	0.00628	0.00184	0.00304	0.05968	0.00500	0.00460
7	0.00832	0.00519	0.00674	0.00696	0.00795	0.00475	0.00492	0.00969	0.01153	0.09609	0.22294	0.43913	0.08388	0.05803	0.00733	0.00205	0.00306	0.01160	0.00506	0.00477
8	0.01215	0.45872	0.37720	0.01145	0.01730	0.01647	0.01343	0.01577	0.01061	0.01398	0.00808	0.00942	0.00655	0.00461	0.00402	0.00134	0.00645	0.00322	0.00218	0.00704
9	0.72330	0.01018	0.00851	0.00734	0.01065	0.01155	0.00605	0.07626	0.01043	0.08441	0.00859	0.00937	0.00637	0.00500	0.00349	0.00158	0.00413	0.00311	0.00358	0.00606
10	0.01005	0.00525	0.00530	0.00513	0.00646	0.00533	0.00389	0.04912	0.01142	0.01978	0.01652	0.01880	0.01293	0.00599	0.00366	0.00121	0.00255	0.00477	0.80686	0.00498
11	0.01090	0.00675	0.00846	0.00750	0.00987	0.00598	0.02268	0.02369	0.03097	0.18123	0.13105	0.07457	0.30488	0.01040	0.00579	0.00169	0.00349	0.08550	0.00505	0.06955
12	0.01080	0.02587	0.74992	0.01447	0.02186	0.01214	0.01845	0.05812	0.01157	0.01714	0.00938	0.01092	0.00662	0.00495	0.00489	0.00162	0.00748	0.00384	0.00233	0.00765
13	0.00693	0.00571	0.00670	0.00690	0.00800	0.00563	0.00505	0.00878	0.05030	0.01407	0.06179	0.33016	0.37960	0.01343	0.00706	0.00190	0.06737	0.01141	0.00462	0.00458
14	0.00828	0.00682	0.05147	0.00706	0.00891	0.00553	0.00575	0.01083	0.04363	0.07038	0.33400	0.14750	0.24515	0.01129	0.00598	0.00173	0.00308	0.02236	0.00510	0.00516
15	0.02302	0.00873	0.01191	0.00913	0.01310	0.00754	0.00754	0.02501	0.01469	0.79122	0.02024	0.01746	0.01270	0.00635	0.00516	0.00159	0.00437	0.00516	0.00635	0.00873
16	0.00969	0.00912	0.01539	0.80734	0.03534	0.01140	0.01425	0.01311	0.01026	0.01311	0.00912	0.01368	0.00684	0.00513	0.00513	0.00171	0.00684	0.00456	0.00228	0.00570
17	0.01565	0.11055	0.01627	0.01264	0.01466	0.38897	0.01015	0.04480	0.04163	0.01350	0.00810	0.01029	0.00708	0.00652	0.00860	0.00163	0.27645	0.00378	0.00265	0.00609
18	0.00787	0.00576	0.00770	0.00865	0.00981	0.00567	0.00724	0.01026	0.03306	0.01524	0.05450	0.16320	0.10145	0.01401	0.00683	0.00222	0.00418	0.53287	0.00478	0.00471
19	0.00847	0.00548	0.00781	0.00800	0.00905	0.00508	0.03481	0.00994	0.01121	0.09280	0.13028	0.53525	0.03240	0.01372	0.00637	0.00198	0.00340	0.07409	0.00496	0.00487
20	0.00625	0.00447	0.00595	0.00714	0.00744	0.00417	0.00476	0.00714	0.00982	0.01310	0.02828	0.81633	0.03394	0.01608	0.00655	0.00208	0.00298	0.01459	0.00476	0.00417
21	0.00697	0.00524	0.00654	0.00733	0.00804	0.00511	0.00506	0.00938	0.09043	0.01439	0.06638	0.64443	0.08203	0.01465	0.00635	0.00200	0.00304	0.01316	0.00485	0.00462
22	0.35892	0.00988	0.01014	0.00845	0.01186	0.01052	0.00688	0.07412	0.13676	0.27969	0.01437	0.01371	0.01001	0.00578	0.00432	0.00160	0.00419	0.00425	0.02730	0.00724
23	0.00647	0.00516	0.00580	0.00576	0.00721	0.00449	0.00428	0.00811	0.01247	0.01600	0.28994	0.10631	0.48504	0.01242	0.00610	0.00172	0.00257	0.01062	0.00505	0.00449
24	0.02092	0.00880	0.01169	0.00887	0.01294	0.00742	0.00729	0.02295	0.01400	0.65954	0.01835	0.01630	0.01183	0.00592	0.00493	0.00145	0.00427	0.00480	0.00579	0.15194
25	0.00658	0.00460	0.00586	0.00672	0.00694	0.00439	0.00431	0.00723	0.00918	0.01224	0.02498	0.60323	0.02978	0.23485	0.01188	0.00287	0.00352	0.01265	0.00431	0.00388
26	0.01029	0.02654	0.79309	0.01462	0.02221	0.01192	0.01896	0.01625	0.01083	0.01625	0.00921	0.01083	0.00650	0.00487	0.00487	0.00162	0.00758	0.00379	0.00217	0.00758
27	0.01579	0.21489	0.01686	0.01074	0.02708	0.18639	0.00880	0.20851	0.04024	0.03030	0.00994	0.01087	0.00793	0.00521	0.00456	0.00127	0.02315	0.00366	0.03098	0.14282
28	0.08877	0.01222	0.11013	0.00944	0.01418	0.00935	0.02894	0.11876	0.01259	0.05671	0.00996	0.01110	0.00768	0.00449	0.00419	0.00112	0.00471	0.00351	0.00338	0.48876
29	0.03203	0.04914	0.41873	0.01625	0.09076	0.03111	0.13112	0.03907	0.07371	0.03256	0.01047	0.01213	0.00777	0.00510	0.00533	0.00163	0.02854	0.00437	0.00272	0.00746
30	0.03332	0.03440	0.04570	0.01097	0.01402	0.08019	0.06612	0.31779	0.03489	0.02209	0.06604	0.19330	0.04184	0.00853	0.00546	0.00166	0.00529	0.00723	0.00442	0.00675
31	0.00706	0.00492	0.00609	0.00666	0.00700	0.00480	0.00443	0.00776	0.00902	0.01194	0.02324	0.32029	0.05626	0.38195	0.03440	0.00357	0.00433	0.09854	0.00396	0.00377
32	0.01878	0.01651	0.01522	0.01227	0.01571	0.20124	0.00991	0.53425	0.02060	0.02611	0.01085	0.01151	0.00807	0.00617	0.00592	0.00154	0.06890	0.00430	0.00432	0.00783
33	0.00670	0.00498	0.00633	0.00680	0.00770	0.00448	0.00476	0.00805	0.01112	0.01504	0.19711	0.51301	0.12061	0.01381	0.00623	0.00187	0.00286	0.01235	0.00486	0.05134
34	0.02246	0.03058	0.01240	0.24897	0.12205	0.07825	0.00971	0.01242	0.01212	0.01598	0.24612	0.09816	0.04105	0.00805	0.00547	0.00165	0.00504	0.02021	0.00371	0.00562
35	0.39994	0.00964	0.00959	0.07652	0.01284	0.01080	0.00695	0.14120	0.03729	0.08638	0.01133	0.01246	0.00843	0.00593	0.01581	0.00163	0.00442	0.00389	0.13864	0.00630
36	0.01247	0.01194	0.02035	0.05202	0.74987	0.01199	0.01546	0.01548	0.01160	0.01658	0.01005	0.03062	0.00867	0.00484	0.00511	0.00154	0.00605	0.00479	0.00258	0.00797
37	0.01242	0.00847	0.00987	0.00872	0.01117	0.00891	0.00679	0.02027	0.36288	0.15045	0.30807	0.02607	0.02748	0.00819	0.00552	0.00167	0.00350	0.00700	0.00557	0.00699
38	0.01139	0.03223	0.01762	0.01426	0.01494	0.01553	0.09519	0.01288	0.00840	0.01279	0.00715	0.01144	0.00685	0.00835	0.01530	0.00216	0.70086	0.00462	0.00228	0.00578
39	0.00625	0.00447	0.00595	0.00714	0.00744	0.00417	0.00476	0.00714	0.00982	0.01310	0.02828	0.81633	0.03394	0.01608	0.00655	0.00208	0.00298	0.01459	0.00476	0.00417
40	0.00744	0.00505	0.00600	0.00600	0.00613	0.00519	0.00361	0.00772	0.00758	0.01024	0.01580	0.03156	0.01778	0.70207	0.14253	0.00547	0.00629	0.00717	0.00305	0.00333
41	0.00822	0.00587	0.00821	0.00939	0.01055	0.00586	0.00818	0.01054	0.01176	0.01530	0.02720	0.07724	0.02964	0.01422	0.00707	0.00236	0.00468	0.73428	0.00473	0.00471
42	0.01372	0.82276	0.02689	0.00878	0.01317	0.02030	0.00878	0.01536	0.01043	0.01207	0.00713	0.00823	0.00658	0.00439	0.00329	0.00110	0.00549	0.00274	0.00219	0.00658
43	0.00646	0.00496	0.00592	0.00621	0.00731	0.00442	0.00445	0.00794	0.01186	0.01549	0.24994	0.30483	0.32507	0.01333	0.00622	0.00182	0.00268	0.01166	0.00501	0.00442
44	0.00737	0.00533	0.00741	0.00741	0.00804	0.00596	0.00537	0.00863	0.00800	0.01129	0.01451	0.02438	0.01466	0.28453	0.55580	0.00722	0.01098	0.00612	0.00286	0.00412
45	0.85592	0.00992	0.00754	0.00675	0.00992	0.01151	0.00556	0.01508	0.00873	0.02302	0.00714	0.00834	0.00556	0.00476	0.00318	0.00159	0.00397	0.00278	0.00318	0.00556
46	0.01917	0.02445	0.01454	0.01322	0.01586	0.79907	0.00991	0.02049	0.01454	0.01256	0.00793	0.00925	0.00661	0.00529	0.00463	0.00132	0.00925	0.00330	0.00264	0.00595
47	0.01914	0.01272	0.01353	0.01083	0.01455	0.06741	0.00877	0.34474	0.17531	0.25378	0.01612	0.01503	0.01118	0.00632	0.00512	0.00158	0.00519	0.00493	0.00534	0.00841
48	0.00720	0.00558	0.00820	0.00844	0.00925	0.00552	0.04795	0.00871	0.01066	0.01446	0.12478	0.51402	0.03191	0.01503	0.03751	0.00228	0.03725	0.10211	0.00457	0.00455
49	0.00661	0.00502	0.00615	0.00678	0.00779	0.00456	0.00503	0.00802	0.01124	0.01446	0.11222	0.36075	0.28747	0.01418	0.00642	0.00196	0.00307	0.12903	0.00485	0.00438
50	0.01027	0.00947	0.01540	0.73790	0.03356	0.01179	0.01391	0.05424	0.01093	0.01413	0.00922	0.01352	0.00694	0.00531	0.00552	0.00172	0.03330	0.00456	0.00243	0.00586
51	0.01343	0.00980	0.01146	0.00837	0.01280	0.00818	0.00677	0.11902	0.01301	0.11688	0.01097	0.01174	0.00840	0.00445	0.00416	0.00097	0.00413	0.00353	0.00375	0.62820
52	0.01600	0.01122	0.01233	0.00990	0.01290	0.01211	0.00778	0.44796	0.07671	0.08206	0.01440	0.01822	0.01189	0.19238	0.02879	0.00248	0.00542	0.00538	0.00466	0.02739
53	0.01900	0.01412	0.01512	0.01170	0.01572	0.01568	0.00963	0.71540	0.08010	0.03153	0.01295	0.01283	0.00924	0.00622	0.00514	0.00155	0.00553	0.00471	0.00514	0.00868
54	0.01403	0.01184	0.01360	0.01155	0.01335	0.07534	0.00946	0.23316	0.01400	0.05106	0.04109	0.01633	0.01117	0.01062	0.07976	0.00242	0.30731	0.04630	0.03113	0.00648
55	0.05489	0.01273	0.06004	0.01375	0.01655	0.07492	0.17616	0.05050	0.01167	0.12176	0.01235	0.01788	0.01051	0.00787	0.02298	0.00199	0.23312	0.09045	0.00338	0.00648
56	0.00733	0.00550	0.00825	0.00825	0.00916	0.00641	0.00641	0.00916	0.00825	0.01191	0.01374	0.02016	0.01283	0.03848	0.79934	0.00825	0.01374	0.00550	0.00275	0.00458
57	0.00679	0.00496	0.00647	0.00731	0.00809	0.00465	0.00541	0.00825	0.01109	0.01465	0.13008	0.46033	0.12570	0.01457	0.00654	0.00204	0.00323	0.17059	0.00487	0.00439
58	0.01619	0.01216	0.03727	0.04136	0.04560	0.15796	0.00852	0.10074	0.01461	0.24721	0.11622	0.01970	0.04572	0.00698	0.00540	0.00155	0.02441	0.02321	0.06831	0.00688
59	0.22903	0.01069	0.01169	0.00930	0.01298	0.01114	0.00764	0.24554	0.04325	0.31947	0.03951	0.01438	0.01099	0.00605	0.00469	0.00158	0.00458	0.00456	0.00513	0.00779
60	0.01246	0.01195	0.02039	0.09351	0.72753	0.01213	0.01563	0.01554	0.01157	0.01647	0.00961	0.01278	0.00802	0.00462	0.00508	0.00154	0.00616	0.00457	0.00252	0.00793
61	0.21389	0.01037	0.01158	0.00925	0.01296	0.01066	0.00759	0.17395	0.08965	0.38487	0.01567	0.01448	0.01053	0.00600	0.00470	0.00159	0.00450	0.00456	0.00526	0.00794
62	0.01159	0.01263	0.10679	0.30302	0.38767	0.01180	0.01512	0.01550	0.03964	0.03275	0.01006	0.01318	0.00787	0.00493	0.00508	0.00161	0.00642	0.00454	0.00259	0.00722
63	0.01299	0.01180	0.09285	0.01025	0.01330	0.01133	0.00880	0.13284	0.33366	0.07308	0.09304	0.02053	0.03672	0.07216	0.00759	0.00196	0.04931	0.00590	0.00466	0.00724
64	0.00667	0.00469	0.00608	0.00703	0.00735	0.00448	0.00474	0.00751	0.00952	0.01267	0.02577	0.59531	0.03052	0.17580	0.01049	0.00268	0.00352	0.07674	0.00443	0.00400
65	0.00794	0.00632	0.00722	0.00746	0.00876	0.00641	0.00540	0.01228	0.19780	0.01539	0.04881	0.36199	0.20495	0.05436	0.00712	0.00206	0.00329	0.03246	0.00481	0.00515
66	0.01402	0.04930	0.03184	0.04211	0.47378	0.17713	0.07363	0.02942	0.01234	0.01573	0.00920	0.01183	0.00764	0.00484	0.00527	0.00150	0.02610	0.00433	0.00258	0.00740
67	0.00829	0.00582	0.00739	0.00793	0.00936	0.00558	0.00662	0.01067	0.03162	0.04092	0.08381	0.06752	0.21082	0.01279	0.00645	0.00205	0.00386	0.42197	0.05168	0.00485
68	0.00734	0.00535	0.00627	0.00599	0.00754	0.00470	0.00451	0.00918	0.01312	0.04918	0.39631	0.05732	0.39135	0.01160	0.00603	0.00168	0.00260	0.00993	0.00525	0.00475
69	0.01281	0.01046	0.01107	0.00996	0.01275	0.01198	0.00775	0.02599	0.69568	0.04357	0.02054	0.01909	0.01538	0.00687	0.00509	0.00169	0.00394	0.00570	0.07180	0.00788
70	0.01411	0.76538	0.02600	0.00910	0.01336	0.07628	0.00886	0.01573	0.01072	0.01211	0.00719	0.00830	0.00659	0.00445	0.00339	0.00111	0.00576	0.00278	0.00223	0.00654
71	0.04803	0.17441	0.22785	0.01433	0.14700	0.03097	0.02498	0.04814	0.01179	0.08894	0.01098	0.04302	0.00886	0.00532	0.00452	0.00143	0.00581	0.00428	0.03559	0.06377
72	0.01193	0.15338	0.48149	0.01354	0.01973	0.01346	0.07647	0.08221	0.03304	0.02678	0.03494	0.01198	0.00850	0.00512	0.00479	0.00154	0.00685	0.00413	0.00271	0.00741
73	0.00913	0.01020	0.13500	0.01208	0.08840	0.00808	0.08713	0.01167	0.02025	0.01376	0.01324	0.03863	0.01240	0.17421	0.24137	0.03727	0.00815	0.00570	0.06801	0.00532
74	0.06234	0.00769	0.04161	0.06402	0.01219	0.00709	0.00729	0.01404	0.01119	0.24436	0.02131	0.38720	0.02137	0.01088	0.00635	0.00188	0.04874	0.01979	0.00472	0.00594
75	0.01153	0.01538	0.16574	0.06255	0.09053	0.01270	0.45365	0.01568	0.01136	0.01587	0.01005	0.02667	0.00789	0.00506	0.00658	0.00174	0.07211	0.00546	0.00250	0.00693
76	0.01132	0.01231	0.09880	0.39703	0.14135	0.01183	0.13090	0.06572	0.01181	0.02702	0.01041	0.03973	0.00825	0.00535	0.00529	0.00168	0.00684	0.00506	0.00269	0.00664
77	0.00883	0.00755	0.01033	0.01009	0.03096	0.03734	0.08587	0.04232	0.05817	0.01527	0.04489	0.36960	0.07964	0.02731	0.04570	0.00231	0.00482	0.10952	0.00433	0.00516
78	0.01839	0.00841	0.01190	0.00974	0.01307	0.00762	0.04973	0.02114	0.05317	0.53229	0.02215	0.05549	0.04118	0.00808	0.00560	0.00175	0.00453	0.12239	0.00572	0.00766
79	0.01064	0.00912	0.01064	0.00760	0.01216	0.00684	0.00608	0.01292	0.01064	0.01672	0.00912	0.01064	0.00760	0.00380	0.00380	0.00076	0.00380	0.00304	0.00304	0.85104
80	0.00766	0.00616	0.00868	0.00859	0.01015	0.00578	0.06710	0.00958	0.01139	0.01445	0.03356	0.09083	0.28381	0.06790	0.00792	0.00226	0.00424	0.35084	0.00446	0.00463
81	0.00683	0.00477	0.00587	0.00639	0.00670	0.00456	0.00407	0.00752	0.00937	0.01256	0.09617	0.40181	0.05194	0.34102	0.01441	0.00320	0.00372	0.01108	0.00418	0.00381
82	0.01815	0.15845	0.01654	0.01202	0.01517	0.52237	0.00953	0.12185	0.01515	0.03615	0.02424	0.01030	0.00789	0.00539	0.00451	0.00133	0.00785	0.00356	0.00307	0.00649
83	0.00647	0.00500	0.00587	0.00620	0.00721	0.00464	0.00438	0.00758	0.01025	0.01302	0.04712	0.25830	0.37086	0.11604	0.11031	0.00306	0.00442	0.01076	0.00432	0.00418
84	0.07888	0.19792	0.44176	0.03912	0.01949	0.01383	0.06512	0.01648	0.05325	0.01607	0.00931	0.01082	0.00705	0.00485	0.00450	0.00152	0.00669	0.00377	0.00246	0.00713
85	0.29215	0.01265	0.06552	0.08564	0.01554	0.10839	0.05000	0.02928	0.03608	0.14642	0.01139	0.03892	0.00894	0.02939	0.00573	0.00173	0.04789	0.00440	0.00355	0.00638
86	0.00637	0.00455	0.00609	0.00728	0.00764	0.00427	0.00498	0.00736	0.00994	0.01323	0.02821	0.77041	0.03367	0.01596	0.00658	0.00210	0.00308	0.05930	0.00476	0.00420
87	0.01193	0.01141	0.01944	0.22906	0.59609	0.01199	0.01537	0.01508	0.01132	0.01583	0.00952	0.01295	0.00780	0.00471	0.00509	0.00157	0.00629	0.00457	0.00247	0.00751
88	0.00733	0.00550	0.00825	0.00825	0.00916	0.00641	0.00641	0.00916	0.00825	0.01191	0.01374	0.02016	0.01283	0.03848	0.79934	0.00825	0.01374	0.00550	0.00275	0.00458
89	0.01111	0.01055	0.01775	0.34589	0.43805	0.01143	0.01448	0.01421	0.01110	0.01511	0.01178	0.01513	0.05076	0.00527	0.00515	0.00161	0.00620	0.00491	0.00256	0.00693
90	0.01029	0.02654	0.79309	0.01462	0.02221	0.01192	0.01896	0.01625	0.01083	0.01625	0.00921	0.01083	0.00650	0.00487	0.00487	0.00162	0.00758	0.00379	0.00217	0.00758
91	0.00976	0.00919	0.01551	0.79006	0.05209	0.01142	0.01428	0.01317	0.01029	0.01319	0.00913	0.01366	0.00687	0.00512	0.00513	0.00171	0.00682	0.00456	0.00229	0.00575
92	0.01372	0.82276	0.02689	0.00878	0.01317	0.02030	0.00878	0.01536	0.01043	0.01207	0.00713	0.00823	0.00658	0.00439	0.00329	0.00110	0.00549	0.00274	0.00219	0.00658
93	0.47442	0.01208	0.04563	0.01286	0.04791	0.01234	0.22854	0.05741	0.01075	0.02082	0.00854	0.01051	0.00655	0.00482	0.00463	0.00164	0.02721	0.00399	0.00303	0.00631
94	0.00645	0.00468	0.00611	0.00715	0.00766	0.00436	0.00498	0.00754	0.01024	0.01351	0.04938	0.65595	0.09584	0.02657	0.00681	0.00211	0.00311	0.07856	0.00476	0.00423
95	0.01113	0.04361	0.70728	0.01438	0.02160	0.01210	0.03569	0.03838	0.01138	0.04410	0.00967	0.01112	0.00682	0.00494	0.00488	0.00161	0.00739	0.00389	0.00241	0.00762
96	0.01414	0.06481	0.01348	0.01140	0.01387	0.24403	0.05105	0.03203	0.06973	0.09045	0.01726	0.02886	0.01636	0.00877	0.00596	0.00180	0.02814	0.27785	0.00396	0.00607
97	0.01759	0.00848	0.01074	0.00870	0.01189	0.00797	0.00702	0.07664	0.09259	0.45747	0.17639	0.02325	0.06284	0.00761	0.00539	0.00161	0.00394	0.00633	0.00592	0.00764
98	0.00752	0.00494	0.00557	0.00563	0.00571	0.00492	0.00322	0.00770	0.00776	0.01061	0.01679	0.07126	0.01910	0.73499	0.02390	0.00462	0.00473	0.00766	0.05010	0.00325
99	0.01587	0.06020	0.01535	0.16172	0.01892	0.21445	0.01047	0.25261	0.11351	0.01991	0.01105	0.01237	0.00847	0.00592	0.00565	0.00156	0.05695	0.00431	0.00363	0.00706
100	0.00744	0.00504	0.00595	0.00595	0.00608	0.00517	0.00355	0.00769	0.00757	0.01021	0.01584	0.03177	0.01787	0.71464	0.13008	0.00541	0.00615	0.00720	0.00306	0.00331
101	0.00864	0.00446	0.00661	0.00673	0.00676	0.00443	0.00449	0.00673	0.00700	0.00934	0.01088	0.09679	0.01145	0.01765	0.01868	0.76467	0.00431	0.00548	0.00249	0.00242
102	0.01110	0.01009	0.01733	0.05961	0.10588	0.01008	0.25302	0.03487	0.12708	0.04877	0.03862	0.19784	0.04616	0.00808	0.00582	0.00177	0.00563	0.00789	0.00384	0.00652
103	0.01471	0.06068	0.01337	0.01014	0.01390	0.32264	0.00797	0.06016	0.01296	0.01572	0.00872	0.01005	0.00722	0.00456	0.00418	0.00105	0.00617	0.00322	0.00296	0.41963
104	0.03491	0.02420	0.05088	0.11799	0.28334	0.05385	0.11751	0.04413	0.01201	0.08680	0.03268	0.01355	0.00915	0.00551	0.00638	0.00165	0.09049	0.00479	0.00302	0.00715

[dist]
# distance from previous block
# <min> <max>
1	2

[block]
# block no. 3 follows, 48 sequences, length 11
# corresponding to MSA columns:
# 213-223
name=unknown_D
#
# <colnr> <probs for GDERKNQSTAVLIFYWHMCP>
#	G	D	E	R	K	N	Q	S	T	A	V	L	I	F	Y	W	H	M	C	P
0	0.01178	0.01276	0.03590	0.01422	0.09346	0.14597	0.05373	0.01355	0.01029	0.01357	0.05182	0.01624	0.05107	0.03938	0.08411	0.00256	0.33593	0.00515	0.00275	0.00577
1	0.00896	0.00691	0.00839	0.00739	0.00940	0.03633	0.02977	0.01104	0.01276	0.06564	0.35530	0.03282	0.20176	0.01258	0.08758	0.00223	0.00436	0.00799	0.00470	0.09409
2	0.00743	0.00509	0.00616	0.00616	0.00635	0.00528	0.00381	0.00782	0.00763	0.01036	0.01565	0.03074	0.01742	0.65457	0.18954	0.00567	0.00683	0.00705	0.00303	0.00342
3	0.01401	0.14144	0.23254	0.01514	0.06753	0.26532	0.11967	0.01721	0.01220	0.01449	0.02671	0.01113	0.00782	0.00508	0.00510	0.00147	0.02992	0.00400	0.00249	0.00673
4	0.00653	0.00518	0.00589	0.00601	0.00743	0.00455	0.00453	0.00813	0.01219	0.01550	0.22341	0.12650	0.47703	0.01280	0.00618	0.00179	0.00275	0.06417	0.00497	0.00447
5	0.01421	0.09605	0.04563	0.01785	0.16923	0.01263	0.25090	0.01964	0.15957	0.14153	0.01347	0.01455	0.00999	0.00523	0.00524	0.00160	0.00622	0.00516	0.00364	0.00766
6	0.01293	0.01484	0.18231	0.12970	0.11979	0.04136	0.08001	0.14501	0.03767	0.04886	0.01128	0.01484	0.00907	0.08944	0.00776	0.00198	0.03816	0.00485	0.00316	0.00698
7	0.00753	0.00587	0.00897	0.00852	0.00961	0.00650	0.04606	0.00928	0.00855	0.01205	0.01583	0.02275	0.05382	0.11597	0.63607	0.00722	0.01198	0.00601	0.00288	0.00454
8	0.00891	0.00446	0.00668	0.00668	0.00668	0.00446	0.00446	0.00668	0.00668	0.00891	0.00891	0.01560	0.00891	0.01783	0.02005	0.85071	0.00446	0.00446	0.00223	0.00223
9	0.01275	0.16224	0.30537	0.04171	0.01770	0.05175	0.03759	0.03491	0.14483	0.06735	0.01252	0.01435	0.00966	0.00565	0.00475	0.00155	0.00616	0.03083	0.03111	0.00723
10	0.04599	0.16101	0.13591	0.12536	0.03906	0.01361	0.29335	0.04443	0.01184	0.06683	0.01002	0.01230	0.00753	0.00475	0.00503	0.00157	0.00704	0.00465	0.00278	0.00695

[dist]
# distance from previous block
# <min> <max>
0	3

[block]
# block no. 4 follows, 48 sequences, length 65
# corresponding to MSA columns:
# 227-291
name=unknown_E
#
# <colnr> <probs for GDERKNQSTAVLIFYWHMCP>
#	G	D	E	R	K	N	Q	S	T	A	V	L	I	F	Y	W	H	M	C	P
0	0.01002	0.00961	0.01694	0.68260	0.04851	0.01143	0.10027	0.01351	0.01051	0.01371	0.00946	0.01381	0.00713	0.00505	0.00520	0.00170	0.00692	0.00474	0.02301	0.00586
1	0.03782	0.00796	0.00837	0.00802	0.00957	0.06606	0.00601	0.11366	0.02742	0.01873	0.27284	0.27825	0.07681	0.01130	0.00590	0.00176	0.00372	0.03561	0.00490	0.00529
2	0.01008	0.00974	0.01713	0.69175	0.07100	0.01159	0.08919	0.01357	0.01051	0.01362	0.00927	0.01365	0.00700	0.00502	0.00522	0.00170	0.00698	0.00471	0.00232	0.00594
3	0.05202	0.01053	0.04275	0.04573	0.22781	0.00984	0.01041	0.07056	0.04744	0.31404	0.07183	0.01822	0.01383	0.00632	0.00518	0.00161	0.00498	0.03450	0.00461	0.00780
4	0.00938	0.00860	0.01438	0.01217	0.01417	0.03689	0.23431	0.01142	0.01081	0.03994	0.02099	0.43885	0.03551	0.01131	0.00691	0.00194	0.05336	0.02979	0.00394	0.00531
5	0.00648	0.00463	0.00621	0.00740	0.00780	0.00436	0.00515	0.00753	0.01005	0.01335	0.02816	0.73159	0.03344	0.01586	0.00661	0.00211	0.00317	0.09710	0.00476	0.00423
6	0.61714	0.01048	0.01064	0.01223	0.17424	0.01174	0.00789	0.01610	0.06494	0.02159	0.00867	0.01004	0.00683	0.00488	0.00372	0.00159	0.00442	0.00338	0.00319	0.00628
7	0.01149	0.01252	0.16063	0.01009	0.01361	0.01033	0.00931	0.05427	0.35219	0.05255	0.17363	0.02270	0.06605	0.00752	0.00534	0.00166	0.00440	0.00629	0.00470	0.02073
8	0.00969	0.00912	0.01539	0.80734	0.03534	0.01140	0.01425	0.01311	0.01026	0.01311	0.00912	0.01368	0.00684	0.00513	0.00513	0.00171	0.00684	0.00456	0.00228	0.00570
9	0.00734	0.00544	0.00797	0.00797	0.00879	0.00626	0.00607	0.00899	0.00817	0.01171	0.01399	0.02155	0.01343	0.11929	0.71936	0.00791	0.01284	0.00570	0.00279	0.00443
10	0.01372	0.82276	0.02689	0.00878	0.01317	0.02030	0.00878	0.01536	0.01043	0.01207	0.00713	0.00823	0.00658	0.00439	0.00329	0.00110	0.00549	0.00274	0.00219	0.00658
11	0.01013	0.00966	0.01300	0.01154	0.01196	0.03840	0.00942	0.01154	0.00859	0.01272	0.05542	0.01535	0.01098	0.01743	0.24087	0.00390	0.50616	0.00503	0.00261	0.00528
12	0.00987	0.00930	0.01571	0.76145	0.07984	0.01145	0.01434	0.01327	0.01034	0.01333	0.00915	0.01362	0.00692	0.00510	0.00513	0.00170	0.00680	0.00456	0.00230	0.00584
13	0.01305	0.13841	0.15674	0.01286	0.06145	0.23071	0.03460	0.01579	0.04156	0.01388	0.01240	0.06108	0.03430	0.00740	0.00643	0.05244	0.04899	0.04893	0.00285	0.00612
14	0.85592	0.00992	0.00754	0.00675	0.00992	0.01151	0.00556	0.01508	0.00873	0.02302	0.00714	0.00834	0.00556	0.00476	0.00318	0.00159	0.00397	0.00278	0.00318	0.00556
15	0.01972	0.00880	0.01273	0.00985	0.01349	0.00785	0.06780	0.04767	0.01463	0.59180	0.10482	0.04567	0.01686	0.00697	0.00538	0.00162	0.00449	0.00598	0.00588	0.00800
16	0.00748	0.00501	0.00589	0.00589	0.00598	0.00510	0.00347	0.00761	0.00752	0.01012	0.01575	0.03181	0.01784	0.72257	0.10267	0.02599	0.00583	0.00719	0.00305	0.00323
17	0.01372	0.82276	0.02689	0.00878	0.01317	0.02030	0.00878	0.01536	0.01043	0.01207	0.00713	0.00823	0.00658	0.00439	0.00329	0.00110	0.00549	0.00274	0.00219	0.00658
18	0.00891	0.00446	0.00668	0.00668	0.00668	0.00446	0.00446	0.00668	0.00668	0.00891	0.00891	0.01560	0.00891	0.01783	0.02005	0.85071	0.00446	0.00446	0.00223	0.00223
19	0.01372	0.82276	0.02689	0.00878	0.01317	0.02030	0.00878	0.01536	0.01043	0.01207	0.00713	0.00823	0.00658	0.00439	0.00329	0.00110	0.00549	0.00274	0.00219	0.00658
20	0.00625	0.00449	0.00593	0.00708	0.00743	0.00417	0.00473	0.00715	0.00989	0.01312	0.02906	0.79104	0.05872	0.01597	0.00653	0.00207	0.00296	0.01446	0.00476	0.00417
21	0.01594	0.01668	0.02019	0.01571	0.01927	0.23723	0.26520	0.21386	0.01543	0.01900	0.00976	0.01183	0.00757	0.00563	0.00669	0.00163	0.10348	0.00471	0.00323	0.00696
22	0.00820	0.00588	0.00817	0.00932	0.01052	0.00586	0.00813	0.01053	0.01181	0.01531	0.02794	0.05761	0.05298	0.01414	0.00706	0.00234	0.00466	0.73011	0.00473	0.00471
23	0.01045	0.00936	0.01374	0.25854	0.07133	0.01044	0.06994	0.01709	0.24784	0.01796	0.19685	0.02115	0.01957	0.00686	0.00545	0.00169	0.00503	0.00618	0.00403	0.00650
24	0.00625	0.00447	0.00595	0.00714	0.00744	0.00417	0.00476	0.00714	0.00982	0.01310	0.02828	0.81633	0.03394	0.01608	0.00655	0.00208	0.00298	0.01459	0.00476	0.00417
25	0.01153	0.01087	0.01847	0.30026	0.50050	0.01166	0.01485	0.01453	0.01102	0.01523	0.00944	0.01314	0.00771	0.00520	0.00559	0.02959	0.00630	0.00456	0.00244	0.00709
26	0.04072	0.41369	0.26304	0.01174	0.01694	0.04315	0.05937	0.05078	0.01131	0.01496	0.00824	0.00969	0.00670	0.00477	0.00442	0.00137	0.02634	0.00343	0.00240	0.00694
27	0.01199	0.01284	0.01472	0.50835	0.02743	0.20804	0.01247	0.01464	0.01105	0.01285	0.00899	0.01286	0.00717	0.00762	0.05848	0.00208	0.05604	0.00430	0.00240	0.00568
28	0.58316	0.05825	0.18172	0.00979	0.05054	0.01211	0.00917	0.01539	0.00943	0.02063	0.00772	0.00909	0.00595	0.00476	0.00365	0.00157	0.00495	0.00309	0.00287	0.00618
29	0.32406	0.00916	0.01033	0.00827	0.01195	0.00898	0.00682	0.02142	0.01253	0.51356	0.01551	0.01416	0.01012	0.00578	0.00444	0.00159	0.00422	0.00430	0.00520	0.00758
30	0.11016	0.01280	0.03262	0.03448	0.21582	0.03283	0.28428	0.07337	0.04549	0.09127	0.01124	0.01321	0.00842	0.00493	0.00522	0.00162	0.00661	0.00497	0.00329	0.00739
31	0.01211	0.01384	0.03028	0.02163	0.02682	0.01298	0.76903	0.01644	0.01211	0.01644	0.01038	0.01384	0.00779	0.00433	0.00606	0.00173	0.00865	0.00606	0.00260	0.00692
32	0.00622	0.00520	0.00542	0.00536	0.00703	0.00440	0.00402	0.00767	0.01207	0.01475	0.14920	0.04791	0.68781	0.01266	0.00606	0.00172	0.00258	0.01062	0.00488	0.00440
33	0.00956	0.00478	0.00478	0.00478	0.00598	0.00478	0.00359	0.01196	0.01076	0.01913	0.01674	0.01913	0.01315	0.00598	0.00359	0.00120	0.00239	0.00478	0.84816	0.00478
34	0.01580	0.01279	0.01337	0.01014	0.01435	0.05906	0.00823	0.41036	0.01794	0.02465	0.01073	0.01144	0.00813	0.00513	0.00455	0.00120	0.00509	0.00388	0.00411	0.35905
35	0.01211	0.01384	0.03028	0.02163	0.02682	0.01298	0.76903	0.01644	0.01211	0.01644	0.01038	0.01384	0.00779	0.00433	0.00606	0.00173	0.00865	0.00606	0.00260	0.00692
36	0.01029	0.02654	0.79309	0.01462	0.02221	0.01192	0.01896	0.01625	0.01083	0.01625	0.00921	0.01083	0.00650	0.00487	0.00487	0.00162	0.00758	0.00379	0.00217	0.00758
37	0.00733	0.00550	0.00825	0.00825	0.00916	0.00641	0.00641	0.00916	0.00825	0.01191	0.01374	0.02016	0.01283	0.03848	0.79934	0.00825	0.01374	0.00550	0.00275	0.00458
38	0.01126	0.01086	0.01670	0.47265	0.26156	0.04509	0.01402	0.01538	0.07360	0.01488	0.01019	0.01364	0.00794	0.00512	0.00510	0.00164	0.00649	0.00461	0.00261	0.00665
39	0.00960	0.00890	0.01315	0.01159	0.01220	0.01164	0.04125	0.01116	0.00820	0.01234	0.00988	0.01514	0.00938	0.02136	0.34989	0.00478	0.43686	0.00499	0.00247	0.00523
40	0.00885	0.00448	0.00664	0.00664	0.00664	0.00448	0.00440	0.00672	0.00672	0.00896	0.00922	0.01636	0.00933	0.05177	0.02031	0.81491	0.00448	0.00458	0.00227	0.00227
41	0.00969	0.00912	0.01539	0.80734	0.03534	0.01140	0.01425	0.01311	0.01026	0.01311	0.00912	0.01368	0.00684	0.00513	0.00513	0.00171	0.00684	0.00456	0.00228	0.00570
42	0.01079	0.07892	0.70809	0.01451	0.03541	0.03290	0.01799	0.01629	0.01092	0.01589	0.00905	0.01065	0.00654	0.00485	0.00477	0.00158	0.00746	0.00372	0.00219	0.00748
43	0.01362	0.01072	0.01132	0.00982	0.01265	0.01212	0.00770	0.18784	0.48351	0.02310	0.01828	0.01821	0.01393	0.03858	0.00581	0.00175	0.00423	0.00548	0.11368	0.00763
44	0.85592	0.00992	0.00754	0.00675	0.00992	0.01151	0.00556	0.01508	0.00873	0.02302	0.00714	0.00834	0.00556	0.00476	0.00318	0.00159	0.00397	0.00278	0.00318	0.00556
45	0.00663	0.00522	0.00598	0.00579	0.00728	0.00457	0.00434	0.00846	0.01303	0.01703	0.39828	0.04416	0.43731	0.01181	0.00606	0.00168	0.00251	0.01010	0.00518	0.00457
46	0.08890	0.00883	0.01156	0.00894	0.01285	0.00786	0.00738	0.02422	0.01422	0.73046	0.01921	0.01674	0.01214	0.00623	0.00500	0.00159	0.00433	0.00497	0.00610	0.00848
47	0.00746	0.00499	0.00566	0.00566	0.00568	0.00501	0.00318	0.00750	0.00748	0.00999	0.01611	0.03328	0.01852	0.80224	0.04337	0.00505	0.00517	0.00742	0.00310	0.00314
48	0.01155	0.00846	0.00971	0.00870	0.01102	0.00904	0.00674	0.01992	0.39326	0.09746	0.33028	0.02675	0.02863	0.00833	0.00555	0.00167	0.00343	0.00715	0.00551	0.00685
49	0.00744	0.00506	0.00601	0.00601	0.00616	0.00520	0.00363	0.00773	0.00759	0.01026	0.01579	0.03146	0.01774	0.69657	0.14796	0.00549	0.00636	0.00715	0.00305	0.00334
50	0.01064	0.00912	0.01064	0.00760	0.01216	0.00684	0.00608	0.01292	0.01064	0.01672	0.00912	0.01064	0.00760	0.00380	0.00380	0.00076	0.00380	0.00304	0.00304	0.85104
51	0.01029	0.02654	0.79309	0.01462	0.02221	0.01192	0.01896	0.01625	0.01083	0.01625	0.00921	0.01083	0.00650	0.00487	0.00487	0.00162	0.00758	0.00379	0.00217	0.00758
52	0.00736	0.00537	0.00759	0.00759	0.00828	0.00606	0.00560	0.00874	0.00805	0.01143	0.01434	0.02347	0.01427	0.23124	0.60854	0.00744	0.01158	0.00598	0.00284	0.00422
53	0.01048	0.07841	0.69558	0.06173	0.02239	0.01244	0.01800	0.01600	0.01077	0.01578	0.00906	0.01083	0.00653	0.00486	0.00478	0.00159	0.00740	0.00377	0.00218	0.00740
54	0.01066	0.01108	0.02127	0.01631	0.01923	0.01187	0.40079	0.01362	0.01015	0.01434	0.01045	0.01491	0.00887	0.01430	0.21604	0.00355	0.18842	0.00556	0.00256	0.00602
55	0.01462	0.01053	0.01056	0.00880	0.01148	0.05267	0.00702	0.34980	0.06999	0.02485	0.04284	0.01629	0.01231	0.00626	0.00453	0.00141	0.00432	0.00487	0.34003	0.00683
56	0.01124	0.17366	0.01749	0.01918	0.39199	0.01152	0.01095	0.01361	0.01142	0.01567	0.06489	0.07829	0.07245	0.00680	0.00494	0.00151	0.00497	0.02896	0.05374	0.00671
57	0.01121	0.00936	0.01084	0.00791	0.01234	0.00744	0.00632	0.03380	0.05706	0.03041	0.01010	0.01131	0.00820	0.00409	0.00394	0.00085	0.00387	0.00328	0.00328	0.76437
58	0.01917	0.02445	0.01454	0.01322	0.01586	0.79907	0.00991	0.02049	0.01454	0.01256	0.00793	0.00925	0.00661	0.00529	0.00463	0.00132	0.00925	0.00330	0.00264	0.00595
59	0.01270	0.01219	0.02083	0.03149	0.78767	0.01219	0.01575	0.01575	0.01168	0.01676	0.00965	0.01270	0.00813	0.00457	0.00508	0.00152	0.00610	0.00457	0.00254	0.00813
60	0.01276	0.01102	0.01160	0.01044	0.01334	0.01276	0.00812	0.02727	0.77840	0.02146	0.02088	0.01914	0.01566	0.00696	0.00522	0.00174	0.00406	0.00580	0.00522	0.00812
61	0.00686	0.00474	0.00587	0.00653	0.00673	0.00458	0.00415	0.00740	0.00884	0.01178	0.02287	0.44401	0.02701	0.37239	0.01524	0.00338	0.00392	0.03595	0.00403	0.00372
62	0.05030	0.00859	0.01091	0.00865	0.01210	0.00789	0.00705	0.07915	0.02823	0.54871	0.09053	0.02063	0.06176	0.00705	0.00517	0.00158	0.00410	0.00574	0.03399	0.00786
63	0.01463	0.00702	0.00924	0.00788	0.01045	0.00629	0.00632	0.01699	0.03002	0.37614	0.28752	0.03081	0.10107	0.00902	0.00570	0.00167	0.00355	0.06323	0.00581	0.00665
64	0.64256	0.10443	0.05764	0.00874	0.04417	0.04153	0.00732	0.01541	0.00939	0.02071	0.00740	0.00869	0.00588	0.00474	0.00342	0.00152	0.00464	0.00293	0.00296	0.00592

[dist]
# distance from previous block
# <min> <max>
3	10

[block]
# block no. 5 follows, 48 sequences, length 59
# corresponding to MSA columns:
# 302-360
name=unknown_F
#
# <colnr> <probs for GDERKNQSTAVLIFYWHMCP>
#	G	D	E	R	K	N	Q	S	T	A	V	L	I	F	Y	W	H	M	C	P
0	0.05794	0.01143	0.01550	0.01320	0.01372	0.02718	0.03427	0.01347	0.04549	0.01351	0.00758	0.01150	0.00713	0.00845	0.01500	0.00215	0.68975	0.00449	0.00246	0.00578
1	0.01015	0.00959	0.01465	0.69997	0.03199	0.05420	0.01323	0.01301	0.01021	0.01275	0.00904	0.01359	0.00699	0.00615	0.00629	0.06920	0.00678	0.00448	0.00230	0.00544
2	0.74325	0.01004	0.00914	0.00776	0.01111	0.01128	0.04773	0.01595	0.00939	0.08374	0.00836	0.00936	0.00625	0.00487	0.00349	0.00160	0.00426	0.00315	0.00340	0.00588
3	0.00945	0.00700	0.00915	0.00854	0.00995	0.00786	0.00661	0.14496	0.01116	0.01548	0.01515	0.04443	0.03383	0.09860	0.54608	0.00641	0.01092	0.00592	0.00332	0.00518
4	0.00859	0.00550	0.00715	0.00669	0.00811	0.00500	0.00503	0.01075	0.01392	0.09274	0.59389	0.10910	0.09223	0.01078	0.00601	0.00166	0.00267	0.00948	0.00557	0.00512
