[name]
unknown

[dist]
# distance from previous block
# <min> <max>
18	237

[block]
# block no. 0 follows, 48 sequences, length 28
# corresponding to MSA columns:
# 313-340
name=unknown_A
#
# <colnr> <probs for GDERKNQSTAVLIFYWHMCP>
#	G	D	E	R	K	N	Q	S	T	A	V	L	I	F	Y	W	H	M	C	P
0	0.03136	0.05607	0.01590	0.01475	0.15539	0.03010	0.05320	0.21172	0.10535	0.13078	0.04010	0.01562	0.01156	0.00778	0.04770	0.00193	0.02855	0.01682	0.00421	0.02108
1	0.03788	0.19355	0.01584	0.01042	0.02741	0.05583	0.00853	0.21303	0.17994	0.06731	0.01437	0.01562	0.03240	0.04006	0.00591	0.00164	0.02899	0.01840	0.00410	0.02877
2	0.03760	0.39439	0.01862	0.00948	0.01295	0.15026	0.00825	0.01808	0.14331	0.05571	0.05793	0.01448	0.04778	0.00586	0.00424	0.00135	0.00547	0.00426	0.00336	0.00661
3	0.01405	0.03480	0.10623	0.01105	0.03398	0.01009	0.06333	0.09756	0.09810	0.14972	0.02598	0.01362	0.01004	0.00515	0.00467	0.00131	0.00499	0.00431	0.00394	0.30708
4	0.06367	0.10088	0.01619	0.02604	0.01558	0.28552	0.05043	0.20240	0.01497	0.01845	0.00915	0.01068	0.00736	0.00627	0.02345	0.00159	0.07319	0.00384	0.00323	0.06712
5	0.01159	0.00790	0.01078	0.02828	0.05689	0.00759	0.04296	0.11446	0.01311	0.12352	0.09451	0.32577	0.02290	0.03200	0.00626	0.00180	0.00414	0.00899	0.00463	0.08193
6	0.00720	0.00524	0.00677	0.00639	0.00763	0.00481	0.00479	0.00956	0.01437	0.02021	0.74504	0.03893	0.08857	0.01063	0.00605	0.00162	0.00243	0.00936	0.00560	0.00481
7	0.00873	0.00742	0.01151	0.38737	0.05336	0.00831	0.00993	0.01095	0.01000	0.01325	0.01556	0.20997	0.01601	0.06963	0.02007	0.02608	0.00547	0.05878	0.00316	0.05445
8	0.00683	0.00523	0.00626	0.00600	0.00740	0.00466	0.00450	0.00885	0.01351	0.01816	0.52139	0.04230	0.31349	0.01139	0.00606	0.00166	0.00248	0.00984	0.00533	0.00466
9	0.01817	0.02285	0.01401	0.01280	0.01530	0.73213	0.00962	0.01953	0.01401	0.01250	0.00842	0.01017	0.00713	0.00809	0.07174	0.00191	0.00963	0.00349	0.00265	0.00583
10	0.01270	0.01219	0.02083	0.03149	0.78767	0.01219	0.01575	0.01575	0.01168	0.01676	0.00965	0.01270	0.00813	0.00457	0.00508	0.00152	0.00610	0.00457	0.00254	0.00813
11	0.00956	0.00478	0.00478	0.00478	0.00598	0.00478	0.00359	0.01196	0.01076	0.01913	0.01674	0.01913	0.01315	0.00598	0.00359	0.00120	0.00239	0.00478	0.84816	0.00478
12	0.00956	0.00478	0.00478	0.00478	0.00598	0.00478	0.00359	0.01196	0.01076	0.01913	0.01674	0.01913	0.01315	0.00598	0.00359	0.00120	0.00239	0.00478	0.84816	0.00478
13	0.01029	0.02654	0.79309	0.01462	0.02221	0.01192	0.01896	0.01625	0.01083	0.01625	0.00921	0.01083	0.00650	0.00487	0.00487	0.00162	0.00758	0.00379	0.00217	0.00758
14	0.01290	0.01217	0.02034	0.06285	0.71980	0.01233	0.01540	0.05139	0.01221	0.01735	0.00976	0.01272	0.00810	0.00467	0.00508	0.00153	0.00611	0.00457	0.00265	0.00805
15	0.00809	0.00601	0.00607	0.00600	0.00614	0.04726	0.00347	0.00816	0.00784	0.01009	0.01573	0.03228	0.01801	0.77631	0.02497	0.00478	0.00520	0.00724	0.00308	0.00326
16	0.01029	0.02654	0.79309	0.01462	0.02221	0.01192	0.01896	0.01625	0.01083	0.01625	0.00921	0.01083	0.00650	0.00487	0.00487	0.00162	0.00758	0.00379	0.00217	0.00758
17	0.00642	0.00517	0.00572	0.00567	0.00717	0.00447	0.00422	0.00802	0.01241	0.01575	0.26192	0.08797	0.53220	0.01244	0.00609	0.00172	0.00257	0.01059	0.00502	0.00447
18	0.00898	0.00787	0.01126	0.07635	0.01278	0.00986	0.00874	0.01071	0.00956	0.01368	0.10073	0.10847	0.01827	0.01616	0.17028	0.00334	0.31061	0.09400	0.00329	0.00507
19	0.00808	0.00671	0.00767	0.00740	0.00869	0.06226	0.00566	0.01018	0.01263	0.01709	0.44666	0.03349	0.09702	0.01738	0.20159	0.00327	0.00581	0.03901	0.00461	0.00481
20	0.01430	0.69270	0.05170	0.00955	0.01383	0.12013	0.00928	0.01605	0.01097	0.01228	0.00731	0.00845	0.00658	0.00452	0.00352	0.00114	0.00604	0.00285	0.00225	0.00654
21	0.33404	0.01309	0.02992	0.00966	0.01265	0.13609	0.00787	0.18821	0.01360	0.06358	0.01132	0.09141	0.00978	0.00663	0.00511	0.00162	0.05048	0.00472	0.00379	0.00643
22	0.03266	0.01259	0.16898	0.09671	0.25747	0.00986	0.01221	0.01458	0.05631	0.04346	0.11359	0.04864	0.09749	0.00695	0.00529	0.00163	0.00528	0.00608	0.00345	0.00677
23	0.00956	0.00478	0.00478	0.00478	0.00598	0.00478	0.00359	0.01196	0.01076	0.01913	0.01674	0.01913	0.01315	0.00598	0.00359	0.00120	0.00239	0.00478	0.84816	0.00478
24	0.01367	0.01178	0.01657	0.03399	0.01736	0.01268	0.19388	0.10235	0.43742	0.06201	0.01721	0.03110	0.01295	0.00632	0.00543	0.00171	0.00542	0.00583	0.00455	0.00779
25	0.01136	0.05448	0.01979	0.01448	0.01786	0.05367	0.35344	0.06795	0.01329	0.01777	0.20806	0.07465	0.01991	0.00764	0.02101	0.00179	0.02601	0.00698	0.00368	0.00619
26	0.01327	0.00679	0.00894	0.00759	0.00987	0.00618	0.00597	0.04123	0.01491	0.29416	0.48737	0.03004	0.03439	0.00887	0.00570	0.00160	0.00322	0.00766	0.00588	0.00635
27	0.01762	0.09447	0.06101	0.01313	0.05203	0.51635	0.01024	0.06141	0.01436	0.06499	0.04140	0.01133	0.00893	0.00548	0.00466	0.00137	0.00786	0.00378	0.00308	0.00650

[dist]
# distance from previous block
# <min> <max>
2	7

[block]
# block no. 1 follows, 48 sequences, length 11
# corresponding to MSA columns:
# 348-358
name=unknown_B
#
# <colnr> <probs for GDERKNQSTAVLIFYWHMCP>
#	G	D	E	R	K	N	Q	S	T	A	V	L	I	F	Y	W	H	M	C	P
0	0.04908	0.22872	0.12159	0.00969	0.01319	0.02967	0.00891	0.06710	0.23214	0.01679	0.01335	0.01656	0.01144	0.15122	0.00829	0.00210	0.00529	0.00475	0.00347	0.00662
1	0.04674	0.00756	0.04201	0.00911	0.01097	0.00707	0.08980	0.01146	0.01009	0.07955	0.11209	0.04575	0.03584	0.18754	0.27671	0.00457	0.00791	0.00660	0.00357	0.00506
2	0.00778	0.00482	0.00604	0.00604	0.00638	0.00470	0.00389	0.00719	0.00793	0.01030	0.01962	0.02884	0.15182	0.33249	0.04415	0.34052	0.00462	0.00681	0.00304	0.00302
3	0.01267	0.01239	0.04470	0.05421	0.27189	0.01193	0.26696	0.04788	0.09870	0.05169	0.06434	0.01572	0.01172	0.00533	0.00549	0.00164	0.00646	0.00553	0.00332	0.00743
4	0.01101	0.00967	0.01246	0.01188	0.15091	0.00780	0.00781	0.01343	0.01083	0.01673	0.00922	0.01101	0.00769	0.00394	0.00403	0.00090	0.00421	0.00331	0.00295	0.70023
5	0.00898	0.01123	0.18251	0.01169	0.05809	0.00814	0.04114	0.01273	0.05118	0.01572	0.08276	0.03222	0.06619	0.01477	0.14795	0.00305	0.00685	0.23533	0.00370	0.00578
6	0.00725	0.00488	0.00566	0.00587	0.00593	0.00483	0.00340	0.00741	0.00788	0.01051	0.01833	0.17363	0.02139	0.67590	0.02262	0.00446	0.00462	0.00874	0.00340	0.00330
7	0.01071	0.00933	0.01094	0.15195	0.01589	0.01065	0.00836	0.02017	0.46129	0.01809	0.02406	0.02372	0.15401	0.00938	0.04679	0.00207	0.00480	0.00648	0.00448	0.00681
8	0.50144	0.01268	0.01080	0.00901	0.01246	0.08144	0.00735	0.27004	0.01442	0.02525	0.00896	0.00976	0.00672	0.00528	0.00396	0.00155	0.00499	0.00344	0.00379	0.00666
9	0.00831	0.00703	0.01126	0.35958	0.02057	0.00848	0.00976	0.01078	0.00922	0.01251	0.01255	0.06326	0.01141	0.02252	0.40433	0.00502	0.01009	0.00561	0.00266	0.00505
10	0.12776	0.11496	0.06974	0.15829	0.17962	0.11192	0.06471	0.05379	0.01167	0.01640	0.00872	0.01117	0.00701	0.00503	0.00509	0.00154	0.03926	0.00399	0.00265	0.00669

[dist]
# distance from previous block
# <min> <max>
0	6

[block]
# block no. 2 follows, 48 sequences, length 7
# corresponding to MSA columns:
# 365-371
name=unknown_C
#
# <colnr> <probs for GDERKNQSTAVLIFYWHMCP>
#	G	D	E	R	K	N	Q	S	T	A	V	L	I	F	Y	W	H	M	C	P
0	0.76000	0.00939	0.00746	0.00671	0.00967	0.01076	0.00548	0.01447	0.00939	0.02274	0.09506	0.01173	0.01040	0.00541	0.00350	0.00159	0.00379	0.00351	0.00345	0.00548
1	0.01137	0.07489	0.41542	0.01782	0.21651	0.01193	0.03675	0.03306	0.01157	0.03428	0.03475	0.03552	0.03268	0.00553	0.00498	0.00158	0.00654	0.00471	0.00270	0.00741
2	0.01189	0.08944	0.04338	0.12494	0.19372	0.01374	0.24757	0.01538	0.03687	0.01509	0.00942	0.01267	0.00767	0.00542	0.00730	0.00171	0.14959	0.00486	0.00252	0.00682
3	0.01567	0.13351	0.01435	0.01092	0.01362	0.52349	0.00850	0.01703	0.01337	0.01276	0.01698	0.01745	0.16862	0.00676	0.00474	0.00138	0.00734	0.00479	0.00302	0.00570
4	0.00944	0.00684	0.01016	0.17007	0.01490	0.00686	0.04499	0.01199	0.01302	0.09087	0.37421	0.03294	0.11445	0.00928	0.00587	0.00171	0.00402	0.06826	0.00471	0.00542
5	0.01364	0.05317	0.01834	0.01426	0.07300	0.08642	0.19615	0.14380	0.01366	0.01857	0.00974	0.01163	0.00771	0.00470	0.00509	0.00130	0.02815	0.00421	0.00315	0.29334
6	0.00781	0.00584	0.00733	0.00693	0.00828	0.00568	0.00520	0.01149	0.09862	0.02027	0.65937	0.07859	0.04401	0.01040	0.00599	0.00165	0.00263	0.00918	0.00555	0.00517

[dist]
# distance from previous block
# <min> <max>
0	1

[block]
# block no. 3 follows, 48 sequences, length 22
# corresponding to MSA columns:
# 373-394
name=unknown_D
#
# <colnr> <probs for GDERKNQSTAVLIFYWHMCP>
#	G	D	E	R	K	N	Q	S	T	A	V	L	I	F	Y	W	H	M	C	P
0	0.01587	0.07748	0.04980	0.06427	0.20856	0.19255	0.04058	0.05649	0.03819	0.14014	0.01106	0.01246	0.00843	0.00548	0.00562	0.00153	0.05662	0.00430	0.00332	0.00727
1	0.00754	0.00541	0.00710	0.00701	0.00748	0.00589	0.00488	0.00838	0.00818	0.01132	0.04429	0.02745	0.04374	0.38757	0.33746	0.03577	0.03697	0.00664	0.00305	0.00387
2	0.01141	0.01064	0.01834	0.26587	0.45273	0.01129	0.04905	0.01416	0.01082	0.01493	0.00946	0.01331	0.00779	0.00592	0.00648	0.07765	0.00629	0.00463	0.00244	0.00680
3	0.00745	0.00503	0.00588	0.00588	0.00598	0.00513	0.00346	0.00764	0.00755	0.01016	0.01591	0.03213	0.01803	0.73563	0.10931	0.00533	0.00592	0.00725	0.00307	0.00327
4	0.00843	0.00548	0.00701	0.00659	0.00804	0.00496	0.00495	0.01053	0.01375	0.08806	0.55390	0.10629	0.14056	0.01094	0.00602	0.00167	0.00267	0.00958	0.00552	0.00506
5	0.00606	0.00520	0.00520	0.00520	0.00693	0.00433	0.00390	0.00736	0.01170	0.01386	0.05198	0.04938	0.78558	0.01299	0.00606	0.00173	0.00260	0.01083	0.00476	0.00433
6	0.85592	0.00992	0.00754	0.00675	0.00992	0.01151	0.00556	0.01508	0.00873	0.02302	0.00714	0.00834	0.00556	0.00476	0.00318	0.00159	0.00397	0.00278	0.00318	0.00556
7	0.00774	0.00541	0.00681	0.00758	0.04025	0.00485	0.00513	0.00906	0.01124	0.07036	0.09102	0.40394	0.29066	0.01342	0.00618	0.00187	0.00304	0.01180	0.00485	0.00477
8	0.01064	0.00912	0.01064	0.00760	0.01216	0.00684	0.00608	0.01292	0.01064	0.01672	0.00912	0.01064	0.00760	0.00380	0.00380	0.00076	0.00380	0.00304	0.00304	0.85104
9	0.01691	0.36423	0.01996	0.01223	0.08335	0.25580	0.00954	0.01864	0.01254	0.14809	0.00988	0.01055	0.00779	0.00502	0.00419	0.00129	0.00650	0.00350	0.00309	0.00690
10	0.00956	0.00478	0.00478	0.00478	0.00598	0.00478	0.00359	0.01196	0.01076	0.01913	0.01674	0.01913	0.01315	0.00598	0.00359	0.00120	0.00239	0.00478	0.84816	0.00478
11	0.78098	0.01122	0.00817	0.00733	0.01045	0.08205	0.00595	0.01557	0.00925	0.02208	0.00722	0.00842	0.00565	0.00481	0.00331	0.00156	0.00444	0.00283	0.00313	0.00559
12	0.01547	0.01284	0.01516	0.01279	0.05120	0.03273	0.07715	0.34636	0.27551	0.02486	0.01606	0.01592	0.03774	0.00632	0.00522	0.00160	0.00532	0.00527	0.00467	0.03780
13	0.01012	0.00867	0.01343	0.07207	0.30164	0.00892	0.01110	0.01349	0.06409	0.01592	0.01909	0.11275	0.01950	0.00968	0.00602	0.00193	0.00516	0.29642	0.00378	0.00624
14	0.01211	0.01384	0.03028	0.02163	0.02682	0.01298	0.76903	0.01644	0.01211	0.01644	0.01038	0.01384	0.00779	0.00433	0.00606	0.00173	0.00865	0.00606	0.00260	0.00692
15	0.01104	0.00907	0.01291	0.01622	0.24988	0.00928	0.01039	0.10340	0.05515	0.01803	0.02166	0.03577	0.08018	0.00978	0.00605	0.00192	0.00505	0.33369	0.00413	0.00640
16	0.00857	0.00458	0.00643	0.00643	0.00643	0.00458	0.00414	0.00687	0.00687	0.00916	0.01062	0.01982	0.01120	0.20621	0.02148	0.65202	0.00458	0.00516	0.00244	0.00244
17	0.01245	0.06981	0.01269	0.00896	0.01297	0.14976	0.00718	0.01476	0.02924	0.01561	0.00896	0.01044	0.00751	0.00436	0.00440	0.00096	0.03281	0.00318	0.00293	0.59102
18	0.00635	0.00521	0.00559	0.00550	0.00710	0.00445	0.00412	0.00791	0.01237	0.01545	0.22580	0.04676	0.61077	0.01240	0.00606	0.00170	0.00256	0.01046	0.00497	0.00445
19	0.00737	0.00527	0.00746	0.00760	0.00837	0.00589	0.00568	0.00894	0.00852	0.01234	0.01590	0.11418	0.01592	0.11581	0.57108	0.00670	0.01079	0.00671	0.06107	0.00439
20	0.01261	0.15110	0.13611	0.01312	0.01555	0.12213	0.03876	0.01470	0.00980	0.01307	0.00747	0.01049	0.00669	0.00692	0.01071	0.00182	0.41652	0.00399	0.00229	0.00617
21	0.00861	0.07994	0.08042	0.00905	0.01094	0.03844	0.00788	0.01078	0.00891	0.01234	0.01253	0.01786	0.01147	0.03121	0.62783	0.00676	0.01229	0.00502	0.00264	0.00508

[dist]
# distance from previous block
# <min> <max>
2	12

[block]
# block no. 4 follows, 48 sequences, length 23
# corresponding to MSA columns:
# 407-429
name=unknown_E
#
# <colnr> <probs for GDERKNQSTAVLIFYWHMCP>
#	G	D	E	R	K	N	Q	S	T	A	V	L	I	F	Y	W	H	M	C	P
0	0.01946	0.01571	0.01528	0.01199	0.01591	0.11992	0.00977	0.67094	0.02285	0.02971	0.01174	0.01191	0.00844	0.00604	0.00507	0.00151	0.00613	0.00445	0.00480	0.00836
1	0.01312	0.01051	0.06148	0.06112	0.01435	0.01058	0.00908	0.18488	0.01303	0.11114	0.01239	0.01558	0.01007	0.04655	0.22087	0.00353	0.11454	0.00482	0.00363	0.07873
2	0.01372	0.82276	0.02689	0.00878	0.01317	0.02030	0.00878	0.01536	0.01043	0.01207	0.00713	0.00823	0.00658	0.00439	0.00329	0.00110	0.00549	0.00274	0.00219	0.00658
3	0.01153	0.01153	0.04609	0.11554	0.51779	0.01127	0.06713	0.01451	0.01101	0.01552	0.01035	0.01480	0.00895	0.06620	0.05414	0.00222	0.00679	0.00491	0.00256	0.00717
4	0.00625	0.00447	0.00595	0.00714	0.00744	0.00417	0.00476	0.00714	0.00982	0.01310	0.02828	0.81633	0.03394	0.01608	0.00655	0.00208	0.00298	0.01459	0.00476	0.00417
5	0.00815	0.00585	0.00766	0.00687	0.00846	0.00528	0.04296	0.00996	0.01256	0.06599	0.35816	0.03870	0.27835	0.11819	0.00866	0.00210	0.00326	0.00911	0.00492	0.00480
6	0.00625	0.00447	0.00595	0.00714	0.00744	0.00417	0.00476	0.00714	0.00982	0.01310	0.02828	0.81633	0.03394	0.01608	0.00655	0.00208	0.00298	0.01459	0.00476	0.00417
7	0.00678	0.00469	0.00580	0.00647	0.00663	0.00452	0.00404	0.00728	0.00879	0.01172	0.02297	0.47286	0.02723	0.36869	0.01514	0.00335	0.00385	0.01146	0.00404	0.00370
8	0.02879	0.25523	0.11504	0.00934	0.01406	0.01265	0.00893	0.07059	0.06064	0.03012	0.00967	0.01068	0.00780	0.00455	0.00398	0.00112	0.00495	0.00337	0.00303	0.34545
9	0.01417	0.75720	0.02587	0.00914	0.01339	0.08426	0.00887	0.01579	0.01076	0.01211	0.00720	0.00831	0.00659	0.00446	0.00340	0.00112	0.00580	0.00279	0.00223	0.00653
10	0.85592	0.00992	0.00754	0.00675	0.00992	0.01151	0.00556	0.01508	0.00873	0.02302	0.00714	0.00834	0.00556	0.00476	0.00318	0.00159	0.00397	0.00278	0.00318	0.00556
11	0.01216	0.01206	0.02167	0.08663	0.47089	0.01212	0.19767	0.01625	0.06072	0.01682	0.03513	0.01428	0.00971	0.00490	0.00536	0.00160	0.00653	0.00516	0.00280	0.00754
12	0.00645	0.00458	0.00604	0.00709	0.00743	0.00431	0.00477	0.00738	0.00988	0.01320	0.05313	0.70605	0.03316	0.07452	0.00798	0.00229	0.00317	0.03978	0.00467	0.00413
13	0.12207	0.00923	0.01435	0.70102	0.03196	0.01141	0.01310	0.01337	0.01006	0.01443	0.00886	0.01297	0.00667	0.00508	0.00487	0.00169	0.00646	0.00432	0.00240	0.00568
14	0.01123	0.01123	0.01572	0.01347	0.01347	0.01572	0.01123	0.01235	0.00786	0.01235	0.00674	0.01123	0.00674	0.00898	0.01684	0.00225	0.81028	0.00449	0.00225	0.00561
15	0.00800	0.00601	0.00844	0.05734	0.01060	0.00670	0.00653	0.05744	0.00973	0.01348	0.01705	0.21449	0.01766	0.06968	0.46558	0.00574	0.00971	0.00771	0.00338	0.00474
16	0.00999	0.00846	0.00879	0.00803	0.01045	0.00894	0.00621	0.06362	0.36690	0.01852	0.03516	0.03312	0.38176	0.00978	0.00562	0.00172	0.00346	0.00812	0.00500	0.00635
17	0.01228	0.01355	0.01312	0.11117	0.08908	0.28949	0.05756	0.01413	0.01212	0.01373	0.03915	0.23693	0.05912	0.00871	0.00548	0.00166	0.00631	0.00747	0.00338	0.00557
18	0.01619	0.06495	0.01502	0.12385	0.09018	0.18554	0.01020	0.07345	0.16871	0.16372	0.01345	0.01395	0.00992	0.00582	0.00516	0.00155	0.02255	0.00454	0.00395	0.00732
19	0.01185	0.01594	0.19029	0.01331	0.02854	0.13521	0.09756	0.01507	0.03778	0.02628	0.01304	0.05481	0.05860	0.00820	0.03874	0.00196	0.18501	0.00524	0.00286	0.05969
20	0.05731	0.20880	0.19604	0.06107	0.08053	0.11438	0.01243	0.05364	0.01132	0.01518	0.00823	0.01035	0.00679	0.00553	0.00637	0.00155	0.13761	0.00369	0.00249	0.00670
21	0.03138	0.12090	0.34260	0.01452	0.11039	0.06920	0.01373	0.08873	0.01278	0.06638	0.05616	0.01278	0.00981	0.00545	0.00502	0.00153	0.02408	0.00421	0.00303	0.00734
22	0.03628	0.06132	0.12801	0.06316	0.06564	0.02866	0.08307	0.11083	0.06964	0.17660	0.05168	0.01468	0.01113	0.00561	0.00497	0.00152	0.00566	0.00475	0.00396	0.07282

[dist]
# distance from previous block
# <min> <max>
4	25

[block]
# block no. 5 follows, 48 sequences, length 16
# corresponding to MSA columns:
# 459-474
name=unknown_F
#
# <colnr> <probs for GDERKNQSTAVLIFYWHMCP>
#	G	D	E	R	K	N	Q	S	T	A	V	L	I	F	Y	W	H	M	C	P
0	0.01317	0.03718	0.17658	0.01740	0.26283	0.03096	0.01242	0.06348	0.04927	0.09194	0.01197	0.05096	0.00970	0.00546	0.00485	0.00145	0.00565	0.00467	0.00330	0.14677
1	0.01079	0.00993	0.05898	0.00863	0.01201	0.00834	0.00719	0.10480	0.03361	0.01758	0.03413	0.10301	0.04999	0.06371	0.00683	0.00153	0.04932	0.00554	0.00360	0.41049
2	0.00734	0.00575	0.00787	0.12971	0.01218	0.00600	0.00653	0.00956	0.05777	0.01363	0.02540	0.50984	0.07257	0.04311	0.03010	0.00228	0.00408	0.04732	0.00429	0.00466
3	0.00913	0.00815	0.01431	0.01334	0.09814	0.00817	0.20039	0.01112	0.00944	0.01305	0.01389	0.06022	0.01384	0.26643	0.23292	0.00454	0.00838	0.00658	0.00290	0.00509
4	0.00889	0.00779	0.01123	0.01033	0.01088	0.01013	0.00834	0.01044	0.00809	0.01209	0.01094	0.01659	0.01039	0.02669	0.48663	0.00585	0.33207	0.00510	0.00255	0.00499
5	0.01372	0.82276	0.02689	0.00878	0.01317	0.02030	0.00878	0.01536	0.01043	0.01207	0.00713	0.00823	0.00658	0.00439	0.00329	0.00110	0.00549	0.00274	0.00219	0.00658
6	0.00728	0.00538	0.00785	0.00793	0.00872	0.00614	0.00600	0.00888	0.00827	0.01180	0.01488	0.07094	0.01469	0.11061	0.67726	0.00756	0.01225	0.00625	0.00291	0.00442
7	0.07609	0.15323	0.24712	0.01023	0.01488	0.01136	0.01066	0.03744	0.04615	0.16737	0.10347	0.03087	0.01366	0.00602	0.00467	0.00149	0.00523	0.00473	0.00378	0.05154
8	0.01236	0.01231	0.02263	0.07750	0.11353	0.02805	0.39650	0.01575	0.01159	0.05231	0.01018	0.01306	0.00787	0.00471	0.00604	0.00155	0.05389	0.00506	0.00280	0.15230
9	0.71664	0.07367	0.03192	0.00752	0.01088	0.05967	0.00645	0.01546	0.00927	0.02136	0.00725	0.00845	0.00573	0.00477	0.00332	0.00154	0.00451	0.00284	0.00304	0.00572
10	0.00935	0.00927	0.01783	0.01428	0.01683	0.00906	0.35433	0.01188	0.01080	0.01465	0.01856	0.36630	0.01993	0.01014	0.00706	0.00194	0.06225	0.03639	0.00360	0.00555
11	0.00733	0.00550	0.00825	0.00825	0.00916	0.00641	0.00641	0.00916	0.00825	0.01191	0.01374	0.02016	0.01283	0.03848	0.79934	0.00825	0.01374	0.00550	0.00275	0.00458
12	0.00956	0.00478	0.00478	0.00478	0.00598	0.00478	0.00359	0.01196	0.01076	0.01913	0.01674	0.01913	0.01315	0.00598	0.00359	0.00120	0.00239	0.00478	0.84816	0.00478
13	0.00684	0.00526	0.00638	0.00700	0.00823	0.00481	0.00549	0.00842	0.01141	0.01438	0.06247	0.21936	0.36017	0.01396	0.00649	0.00200	0.00334	0.24478	0.00478	0.00444
14	0.01320	0.70351	0.14164	0.00966	0.01452	0.01905	0.01030	0.01550	0.01049	0.01270	0.00744	0.00862	0.00657	0.00446	0.00353	0.00118	0.00580	0.00290	0.00219	0.00673
15	0.01123	0.01080	0.01867	0.40287	0.39069	0.01185	0.05107	0.01452	0.01102	0.01500	0.00943	0.01322	0.00749	0.00483	0.00515	0.00162	0.00657	0.00464	0.00242	0.00691

[dist]
# distance from previous block
# <min> <max>
4	30

[block]
# block no. 6 follows, 48 sequences, length 15
# corresponding to MSA columns:
# 509-523
name=unknown_G
#
# <colnr> <probs for GDERKNQSTAVLIFYWHMCP>
#	G	D	E	R	K	N	Q	S	T	A	V	L	I	F	Y	W	H	M	C	P
0	0.15190	0.04059	0.22495	0.01411	0.04836	0.05150	0.15009	0.04868	0.14660	0.01850	0.01104	0.01243	0.00837	0.00537	0.00542	0.00165	0.04581	0.00443	0.00311	0.00708
1	0.01112	0.08348	0.12026	0.08414	0.05295	0.01251	0.07187	0.05083	0.03993	0.01518	0.01132	0.10120	0.01059	0.02254	0.00852	0.00179	0.21625	0.00549	0.00289	0.07714
2	0.01105	0.01339	0.18340	0.18280	0.18119	0.01075	0.02782	0.07250	0.02799	0.01688	0.01354	0.02200	0.01216	0.00690	0.00544	0.00174	0.00617	0.16109	0.00314	0.04004
3	0.05940	0.05024	0.29154	0.01547	0.02040	0.04496	0.23359	0.05150	0.04332	0.01681	0.00960	0.01187	0.00734	0.00541	0.00669	0.00170	0.11599	0.00455	0.00264	0.00698
4	0.22887	0.00843	0.00911	0.00852	0.04223	0.00886	0.00634	0.11631	0.05319	0.06314	0.24860	0.02403	0.10653	0.00839	0.00571	0.04123	0.00372	0.00632	0.00457	0.00589
5	0.00767	0.00557	0.00828	0.00831	0.00936	0.00512	0.06974	0.00896	0.01046	0.05709	0.02847	0.63335	0.09916	0.01425	0.00639	0.00199	0.00350	0.01299	0.00467	0.00467
6	0.00726	0.00517	0.00622	0.00626	0.00681	0.00517	0.00418	0.00804	0.00888	0.01179	0.06630	0.03512	0.13598	0.46991	0.15847	0.00474	0.00601	0.04643	0.00353	0.00374
7	0.02302	0.00873	0.01191	0.00913	0.01310	0.00754	0.00754	0.02501	0.01469	0.79122	0.02024	0.01746	0.01270	0.00635	0.00516	0.00159	0.00437	0.00516	0.00635	0.00873
8	0.01313	0.01279	0.01565	0.01934	0.33054	0.12987	0.01154	0.07449	0.10180	0.01698	0.01368	0.01740	0.04009	0.00921	0.07599	0.00221	0.05815	0.04682	0.00327	0.00704
9	0.00677	0.00523	0.00617	0.00593	0.00736	0.00463	0.00445	0.00872	0.01335	0.01779	0.48096	0.04291	0.35415	0.01153	0.00606	0.00166	0.00249	0.00992	0.00528	0.00463
10	0.00956	0.00478	0.00478	0.00478	0.00598	0.00478	0.00359	0.01196	0.01076	0.01913	0.01674	0.01913	0.01315	0.00598	0.00359	0.00120	0.00239	0.00478	0.84816	0.00478
11	0.01304	0.00954	0.01080	0.00948	0.01176	0.01017	0.00730	0.39530	0.01732	0.02324	0.05728	0.36950	0.02183	0.01076	0.00580	0.00178	0.00431	0.00926	0.00499	0.00652
12	0.01577	0.00903	0.01119	0.00832	0.01258	0.00733	0.00675	0.01835	0.03831	0.33349	0.01407	0.01372	0.00996	0.00495	0.00440	0.00113	0.00404	0.00400	0.00447	0.47816
13	0.04667	0.05948	0.15803	0.13209	0.40015	0.01234	0.03593	0.01506	0.01097	0.01590	0.00977	0.03731	0.00822	0.00519	0.00531	0.00159	0.03160	0.00461	0.00251	0.00726
14	0.01313	0.06230	0.14709	0.14639	0.37123	0.01218	0.03716	0.04007	0.01195	0.09448	0.01052	0.01278	0.00803	0.00492	0.00499	0.00156	0.00631	0.00444	0.00288	0.00761

[dist]
# distance from previous block
# <min> <max>
0	5

[block]
# block no. 7 follows, 48 sequences, length 36
# corresponding to MSA columns:
# 529-564
name=unknown_H
#
# <colnr> <probs for GDERKNQSTAVLIFYWHMCP>
#	G	D	E	R	K	N	Q	S	T	A	V	L	I	F	Y	W	H	M	C	P
0	0.01545	0.06700	0.06359	0.01151	0.01525	0.09981	0.02593	0.26110	0.32439	0.02281	0.01465	0.01437	0.01096	0.00610	0.00497	0.00156	0.00554	0.00478	0.00442	0.02581
1	0.01352	0.77685	0.07107	0.00912	0.01369	0.01982	0.00937	0.01542	0.01045	0.01231	0.00725	0.00838	0.00658	0.00442	0.00338	0.00113	0.00561	0.00280	0.00219	0.00664
2	0.04192	0.01259	0.01345	0.01091	0.01436	0.01409	0.00879	0.47384	0.25050	0.02726	0.01453	0.01447	0.01074	0.00711	0.00606	0.05648	0.00504	0.00491	0.00491	0.00803
3	0.08665	0.30086	0.01812	0.01069	0.01398	0.25118	0.00902	0.08411	0.09876	0.01599	0.00935	0.01032	0.00772	0.00543	0.00493	0.00139	0.05835	0.00353	0.00301	0.00660
4	0.00742	0.00504	0.00588	0.00579	0.00606	0.00494	0.00350	0.00796	0.00905	0.01233	0.18859	0.03464	0.02533	0.63820	0.02162	0.00422	0.00440	0.00787	0.00368	0.00350
5	0.00677	0.00484	0.00653	0.00762	0.00817	0.00460	0.00555	0.00809	0.01057	0.01409	0.07693	0.59595	0.03388	0.01529	0.00664	0.00212	0.00333	0.17988	0.00481	0.00434
6	0.00642	0.00459	0.00615	0.00734	0.00771	0.00431	0.00506	0.00744	0.00999	0.01329	0.02819	0.75270	0.03357	0.01592	0.00659	0.00211	0.00312	0.07654	0.00476	0.00421
7	0.00965	0.00898	0.01494	0.73067	0.03305	0.01118	0.01377	0.01293	0.01028	0.01323	0.01021	0.01646	0.00830	0.00584	0.00563	0.00177	0.03211	0.05293	0.00244	0.00563
8	0.01270	0.01219	0.02083	0.03149	0.78767	0.01219	0.01575	0.01575	0.01168	0.01676	0.00965	0.01270	0.00813	0.00457	0.00508	0.00152	0.00610	0.00457	0.00254	0.00813
9	0.00636	0.00521	0.00560	0.00551	0.00711	0.00446	0.00413	0.00793	0.01239	0.01550	0.23119	0.04668	0.60535	0.01238	0.00606	0.00170	0.00256	0.01045	0.00498	0.00446
10	0.00627	0.00486	0.00571	0.00623	0.00724	0.00431	0.00440	0.00749	0.01110	0.01417	0.11315	0.40675	0.36162	0.01419	0.00629	0.00189	0.00276	0.01243	0.00485	0.00431
11	0.01882	0.07604	0.01534	0.01293	0.01569	0.74875	0.00984	0.02016	0.01427	0.01253	0.00788	0.00919	0.00661	0.00523	0.00454	0.00131	0.00901	0.00327	0.00261	0.00599
12	0.01064	0.00912	0.01064	0.00760	0.01216	0.00684	0.00608	0.01292	0.01064	0.01672	0.00912	0.01064	0.00760	0.00380	0.00380	0.00076	0.00380	0.00304	0.00304	0.85104
13	0.00608	0.00516	0.00524	0.00531	0.00696	0.00432	0.00395	0.00735	0.01159	0.01382	0.05061	0.09366	0.74219	0.01317	0.00609	0.00175	0.00262	0.01105	0.00476	0.00432
14	0.00798	0.00487	0.00538	0.00549	0.00588	0.00484	0.00341	0.00879	0.00867	0.01300	0.01746	0.10138	0.01841	0.50060	0.01753	0.00357	0.00401	0.00731	0.25771	0.00371
15	0.01123	0.01123	0.01572	0.01347	0.01347	0.01572	0.01123	0.01235	0.00786	0.01235	0.00674	0.01123	0.00674	0.00898	0.01684	0.00225	0.81028	0.00449	0.00225	0.00561
16	0.68046	0.00894	0.00718	0.00652	0.00934	0.01008	0.00528	0.01381	0.00956	0.02184	0.07690	0.01504	0.08322	0.00606	0.00370	0.00159	0.00367	0.00414	0.02730	0.00536
17	0.00624	0.00508	0.00555	0.00583	0.00723	0.00439	0.00430	0.00755	0.01142	0.01401	0.07158	0.20638	0.57223	0.01359	0.00621	0.00183	0.00277	0.04470	0.00479	0.00433
18	0.02063	0.01257	0.01428	0.01095	0.01501	0.01324	0.00905	0.53220	0.02111	0.27496	0.01485	0.01396	0.01000	0.00622	0.00514	0.00156	0.00524	0.00479	0.00552	0.00873
19	0.00677	0.00499	0.00645	0.00741	0.00822	0.00467	0.00556	0.00813	0.01071	0.01385	0.03233	0.46905	0.17074	0.01499	0.00661	0.00210	0.00338	0.21494	0.00475	0.00435
20	0.00719	0.00541	0.00575	0.00555	0.00737	0.00457	0.00420	0.00864	0.01214	0.06116	0.11777	0.04644	0.67109	0.01236	0.00601	0.00171	0.00269	0.01035	0.00494	0.00464
21	0.00632	0.00513	0.00546	0.00559	0.00711	0.00440	0.00416	0.00771	0.01164	0.01438	0.09206	0.13242	0.61384	0.01300	0.00607	0.00177	0.00268	0.03171	0.03016	0.00437
22	0.00625	0.00447	0.00595	0.00714	0.00744	0.00417	0.00476	0.00714	0.00982	0.01310	0.02828	0.81633	0.03394	0.01608	0.00655	0.00208	0.00298	0.01459	0.00476	0.00417
23	0.00625	0.00447	0.00595	0.00714	0.00744	0.00417	0.00476	0.00714	0.00982	0.01310	0.02828	0.81633	0.03394	0.01608	0.00655	0.00208	0.00298	0.01459	0.00476	0.00417
24	0.00661	0.00508	0.00606	0.00621	0.00743	0.00453	0.00457	0.00826	0.01231	0.01614	0.30706	0.20942	0.33631	0.01280	0.00620	0.00179	0.00269	0.03697	0.00508	0.00449
25	0.00642	0.00521	0.00570	0.00558	0.00715	0.00449	0.00418	0.00806	0.01255	0.01588	0.27268	0.04605	0.56362	0.01224	0.00606	0.00170	0.00255	0.01036	0.00503	0.00449
26	0.02256	0.00948	0.01237	0.00948	0.01347	0.00864	0.00783	0.12320	0.01593	0.69127	0.01920	0.01679	0.01218	0.00633	0.00516	0.00158	0.00453	0.00509	0.00619	0.00873
27	0.00606	0.00520	0.00520	0.00520	0.00693	0.00433	0.00390	0.00736	0.01170	0.01386	0.05198	0.04938	0.78558	0.01299	0.00606	0.00173	0.00260	0.01083	0.00476	0.00433
28	0.00645	0.00521	0.00574	0.00561	0.00717	0.00450	0.00420	0.00812	0.01261	0.01604	0.28995	0.04579	0.54626	0.01218	0.00606	0.00169	0.00254	0.01033	0.00505	0.00450
29	0.00733	0.00550	0.00825	0.00825	0.00916	0.00641	0.00641	0.00916	0.00825	0.01191	0.01374	0.02016	0.01283	0.03848	0.79934	0.00825	0.01374	0.00550	0.00275	0.00458
30	0.00746	0.00497	0.00560	0.00560	0.00560	0.00497	0.00311	0.00746	0.00746	0.00995	0.01617	0.03358	0.01865	0.81967	0.02612	0.00497	0.00497	0.00746	0.00311	0.00311
31	0.00661	0.00522	0.00595	0.00577	0.00727	0.00456	0.00433	0.00842	0.01298	0.01692	0.38608	0.04434	0.44957	0.01185	0.00606	0.00168	0.00252	0.01012	0.00517	0.00456
32	0.00625	0.00447	0.00595	0.00714	0.00744	0.00417	0.00476	0.00714	0.00982	0.01310	0.02828	0.81633	0.03394	0.01608	0.00655	0.00208	0.00298	0.01459	0.00476	0.00417
33	0.01064	0.00912	0.01064	0.00760	0.01216	0.00684	0.00608	0.01292	0.01064	0.01672	0.00912	0.01064	0.00760	0.00380	0.00380	0.00076	0.00380	0.00304	0.00304	0.85104
34	0.01324	0.01126	0.01187	0.01054	0.01352	0.01298	0.00824	0.07976	0.72512	0.02223	0.02028	0.01866	0.01517	0.00690	0.00521	0.00173	0.00417	0.00572	0.00521	0.00816
35	0.00625	0.00447	0.00595	0.00714	0.00744	0.00417	0.00476	0.00714	0.00982	0.01310	0.02828	0.81633	0.03394	0.01608	0.00655	0.00208	0.00298	0.01459	0.00476	0.00417

[dist]
# distance from previous block
# <min> <max>
1	5

[block]
# block no. 8 follows, 48 sequences, length 111
# corresponding to MSA columns:
# 570-680
name=unknown_I
#
# <colnr> <probs for GDERKNQSTAVLIFYWHMCP>
#	G	D	E	R	K	N	Q	S	T	A	V	L	I	F	Y	W	H	M	C	P
0	0.01372	0.82276	0.02689	0.00878	0.01317	0.02030	0.00878	0.01536	0.01043	0.01207	0.00713	0.00823	0.00658	0.00439	0.00329	0.00110	0.00549	0.00274	0.00219	0.00658
1	0.00625	0.00447	0.00595	0.00714	0.00744	0.00417	0.00476	0.00714	0.00982	0.01310	0.02828	0.81633	0.03394	0.01608	0.00655	0.00208	0.00298	0.01459	0.00476	0.00417
2	0.00726	0.00524	0.00686	0.00646	0.00767	0.00484	0.00484	0.00968	0.01452	0.02058	0.78496	0.03833	0.04841	0.01049	0.00605	0.00161	0.00242	0.00928	0.00565	0.00484
3	0.85592	0.00992	0.00754	0.00675	0.00992	0.01151	0.00556	0.01508	0.00873	0.02302	0.00714	0.00834	0.00556	0.00476	0.00318	0.00159	0.00397	0.00278	0.00318	0.00556
4	0.01917	0.02445	0.01454	0.01322	0.01586	0.79907	0.00991	0.02049	0.01454	0.01256	0.00793	0.00925	0.00661	0.00529	0.00463	0.00132	0.00925	0.00330	0.00264	0.00595
5	0.00657	0.00536	0.00590	0.00617	0.00778	0.00469	0.00490	0.00811	0.01172	0.01420	0.04629	0.05133	0.61235	0.01327	0.00630	0.00188	0.00309	0.18092	0.00476	0.00442
6	0.00730	0.00559	0.00673	0.00638	0.00783	0.00520	0.00480	0.01017	0.06051	0.01893	0.55317	0.03995	0.23254	0.01091	0.00600	0.00165	0.00257	0.00946	0.00540	0.00491
7	0.01276	0.01102	0.01160	0.01044	0.01334	0.01276	0.00812	0.02727	0.77840	0.02146	0.02088	0.01914	0.01566	0.00696	0.00522	0.00174	0.00406	0.00580	0.00522	0.00812
8	0.01314	0.01121	0.01181	0.01052	0.01349	0.01294	0.00821	0.06848	0.73657	0.02207	0.02041	0.01877	0.01528	0.00692	0.00522	0.00173	0.00415	0.00574	0.00522	0.00816
9	0.00607	0.00517	0.00523	0.00528	0.00695	0.00432	0.00394	0.00735	0.01161	0.01383	0.05096	0.08237	0.75325	0.01313	0.00609	0.00175	0.00262	0.01099	0.00476	0.00432
10	0.01793	0.01027	0.01205	0.00996	0.01344	0.01068	0.00800	0.08743	0.37311	0.36828	0.01989	0.01783	0.01376	0.00662	0.00519	0.00166	0.00433	0.00542	0.00572	0.00845
11	0.00766	0.00536	0.00703	0.00748	0.00858	0.00513	0.00598	0.00981	0.01247	0.01725	0.30698	0.14236	0.06850	0.01231	0.00630	0.00193	0.00337	0.29043	0.07641	0.00469
12	0.00956	0.00478	0.00478	0.00478	0.00598	0.00478	0.00359	0.01196	0.01076	0.01913	0.01674	0.01913	0.01315	0.00598	0.00359	0.00120	0.00239	0.00478	0.84816	0.00478
13	0.00629	0.00450	0.00600	0.00719	0.00751	0.00420	0.00484	0.00722	0.00987	0.01315	0.02826	0.80042	0.03384	0.01604	0.00656	0.00209	0.00301	0.03007	0.00476	0.00418
14	0.00724	0.00557	0.00683	0.00746	0.00890	0.00517	0.00622	0.00910	0.01176	0.01466	0.03879	0.05390	0.38359	0.01362	0.00661	0.00207	0.00373	0.40551	0.00474	0.00454
15	0.00794	0.00568	0.00703	0.00657	0.00805	0.00529	0.00497	0.01082	0.05553	0.04761	0.59757	0.03831	0.16408	0.01055	0.00598	0.00164	0.00261	0.00919	0.00551	0.00508
16	0.12003	0.01294	0.01345	0.01058	0.01430	0.04019	0.00867	0.52358	0.02029	0.10601	0.06856	0.01414	0.01156	0.00630	0.00495	0.00155	0.00520	0.00475	0.00497	0.00797
17	0.01211	0.01384	0.03028	0.02163	0.02682	0.01298	0.76903	0.01644	0.01211	0.01644	0.01038	0.01384	0.00779	0.00433	0.00606	0.00173	0.00865	0.00606	0.00260	0.00692
18	0.02083	0.00825	0.01121	0.00876	0.01234	0.00717	0.00717	0.02287	0.01466	0.68398	0.12666	0.02037	0.01767	0.00693	0.00528	0.00159	0.00410	0.00573	0.00625	0.00819
19	0.02201	0.00915	0.01202	0.00935	0.01323	0.00832	0.00768	0.05522	0.07966	0.69556	0.01998	0.01740	0.01279	0.00639	0.00516	0.00160	0.00439	0.00519	0.00621	0.00868
20	0.01407	0.73066	0.04950	0.00934	0.01368	0.08591	0.00919	0.01583	0.01079	0.01224	0.00726	0.00840	0.00658	0.00448	0.00345	0.00113	0.00587	0.00282	0.00223	0.00656
21	0.00636	0.00451	0.00592	0.00700	0.00727	0.00424	0.00461	0.00717	0.00961	0.01281	0.02718	0.74533	0.03255	0.08896	0.00832	0.00235	0.00316	0.01394	0.00461	0.00407
22	0.00735	0.00530	0.00698	0.00671	0.00792	0.00493	0.00513	0.00976	0.01429	0.02013	0.72087	0.03998	0.04682	0.01080	0.00614	0.00168	0.00262	0.07219	0.00557	0.00483
23	0.00975	0.00883	0.01479	0.70277	0.03214	0.01079	0.03649	0.01310	0.01037	0.01381	0.00992	0.01423	0.00750	0.00519	0.00500	0.00166	0.00645	0.00463	0.08693	0.00565
24	0.00606	0.00520	0.00520	0.00520	0.00693	0.00433	0.00390	0.00736	0.01170	0.01386	0.05198	0.04938	0.78558	0.01299	0.00606	0.00173	0.00260	0.01083	0.00476	0.00433
25	0.00746	0.00497	0.00560	0.00560	0.00560	0.00497	0.00311	0.00746	0.00746	0.00995	0.01617	0.03358	0.01865	0.81967	0.02612	0.00497	0.00497	0.00746	0.00311	0.00311
26	0.01276	0.01102	0.01160	0.01044	0.01334	0.01276	0.00812	0.02727	0.77840	0.02146	0.02088	0.01914	0.01566	0.00696	0.00522	0.00174	0.00406	0.00580	0.00522	0.00812
27	0.01048	0.08937	0.70022	0.01395	0.02102	0.01234	0.01771	0.01595	0.01084	0.01588	0.00977	0.01252	0.00743	0.00521	0.00484	0.00161	0.00730	0.03388	0.00227	0.00739
28	0.00723	0.00488	0.00566	0.00589	0.00594	0.00482	0.00342	0.00740	0.00791	0.01054	0.01844	0.18053	0.02152	0.66880	0.02244	0.00443	0.00460	0.00880	0.00342	0.00331
29	0.03879	0.01235	0.01353	0.07836	0.01627	0.01404	0.00931	0.36212	0.35087	0.02572	0.01563	0.01530	0.01150	0.00638	0.00512	0.00164	0.00501	0.00508	0.00488	0.00812
30	0.01912	0.02131	0.01481	0.01282	0.01583	0.55911	0.00989	0.23687	0.01719	0.01826	0.00918	0.01017	0.00722	0.00560	0.00499	0.00140	0.02241	0.00371	0.00336	0.00674
31	0.01123	0.01123	0.01572	0.01347	0.01347	0.01572	0.01123	0.01235	0.00786	0.01235	0.00674	0.01123	0.00674	0.00898	0.01684	0.00225	0.81028	0.00449	0.00225	0.00561
32	0.00735	0.00529	0.00693	0.00668	0.00784	0.00494	0.00507	0.00968	0.01403	0.01973	0.69182	0.03980	0.04569	0.04138	0.00690	0.00180	0.00271	0.07212	0.00547	0.00477
33	0.01948	0.01522	0.01533	0.01193	0.01591	0.08215	0.00977	0.70712	0.02331	0.03066	0.01195	0.01206	0.00855	0.00609	0.00509	0.00152	0.00595	0.00451	0.00492	0.00849
34	0.00746	0.00497	0.00560	0.00560	0.00560	0.00497	0.00311	0.00746	0.00746	0.00995	0.01617	0.03358	0.01865	0.81967	0.02612	0.00497	0.00497	0.00746	0.00311	0.00311
35	0.00632	0.00497	0.00568	0.00611	0.00725	0.00438	0.00439	0.00754	0.01108	0.01391	0.08243	0.31257	0.43375	0.03887	0.00689	0.00197	0.00287	0.03998	0.00476	0.00428
36	0.00735	0.00571	0.00674	0.00640	0.00791	0.00534	0.00482	0.01042	0.07654	0.01860	0.49829	0.04012	0.27077	0.01096	0.00599	0.00166	0.00261	0.00947	0.00534	0.00496
37	0.02160	0.00837	0.01140	0.00896	0.01262	0.00726	0.00731	0.02350	0.01427	0.72541	0.02092	0.08503	0.01450	0.00717	0.00528	0.00163	0.00425	0.00596	0.00622	0.00835
38	0.01372	0.82276	0.02689	0.00878	0.01317	0.02030	0.00878	0.01536	0.01043	0.01207	0.00713	0.00823	0.00658	0.00439	0.00329	0.00110	0.00549	0.00274	0.00219	0.00658
39	0.00790	0.00603	0.00658	0.00648	0.00817	0.00557	0.00482	0.05152	0.05911	0.04455	0.04124	0.22000	0.49384	0.01270	0.00604	0.00180	0.00301	0.01082	0.00487	0.00494
40	0.00646	0.00513	0.00531	0.00531	0.00655	0.00451	0.00367	0.00739	0.01049	0.01275	0.04179	0.04488	0.56732	0.24257	0.01177	0.00266	0.00328	0.00987	0.00429	0.00398
41	0.00827	0.00527	0.00681	0.00722	0.00778	0.00515	0.00494	0.00909	0.00962	0.07814	0.02351	0.46977	0.02683	0.23421	0.01215	0.00285	0.03100	0.04869	0.00436	0.00434
42	0.00880	0.00637	0.00952	0.00864	0.01010	0.00692	0.07032	0.04109	0.00981	0.01485	0.01406	0.01898	0.01225	0.02592	0.49060	0.02007	0.01003	0.00532	0.21144	0.00496
43	0.00865	0.00609	0.00696	0.00657	0.00772	0.00600	0.00455	0.04100	0.07603	0.04455	0.19692	0.06121	0.16079	0.33475	0.01397	0.00300	0.00384	0.00837	0.00441	0.00462
44	0.01951	0.01437	0.01540	0.01181	0.01591	0.01591	0.00975	0.77056	0.02412	0.03234	0.01232	0.01232	0.00873	0.00616	0.00513	0.00154	0.00565	0.00462	0.00513	0.00873
45	0.00660	0.00511	0.00694	0.00747	0.00835	0.00469	0.03561	0.00783	0.01048	0.01357	0.03273	0.55761	0.19902	0.01478	0.00646	0.00201	0.00325	0.06848	0.00467	0.00436
46	0.00632	0.00451	0.00603	0.00722	0.00755	0.00423	0.00488	0.00726	0.00989	0.01317	0.02824	0.79070	0.03379	0.01601	0.00657	0.00209	0.00304	0.03954	0.00476	0.00419
47	0.31237	0.00915	0.01039	0.00830	0.01200	0.00892	0.00685	0.02156	0.01262	0.52435	0.01569	0.01429	0.01022	0.00580	0.00447	0.00159	0.00423	0.00433	0.00525	0.00763
48	0.02215	0.00893	0.01188	0.00924	0.01312	0.00798	0.00759	0.02520	0.07928	0.72612	0.02030	0.01761	0.01295	0.00640	0.00517	0.00160	0.00434	0.00521	0.00626	0.00868
49	0.00746	0.00497	0.00560	0.00560	0.00560	0.00497	0.00311	0.00746	0.00746	0.00995	0.01617	0.03358	0.01865	0.81967	0.02612	0.00497	0.00497	0.00746	0.00311	0.00311
50	0.00745	0.00499	0.00565	0.00563	0.00568	0.00497	0.00318	0.00755	0.00775	0.01038	0.04713	0.03377	0.01985	0.78709	0.02531	0.00484	0.00487	0.00753	0.00321	0.00318
51	0.00891	0.00446	0.00668	0.00668	0.00668	0.00446	0.00446	0.00668	0.00668	0.00891	0.00891	0.01560	0.00891	0.01783	0.02005	0.85071	0.00446	0.00446	0.00223	0.00223
52	0.00625	0.00447	0.00595	0.00714	0.00744	0.00417	0.00476	0.00714	0.00982	0.01310	0.02828	0.81633	0.03394	0.01608	0.00655	0.00208	0.00298	0.01459	0.00476	0.00417
53	0.01837	0.02241	0.01375	0.01245	0.01503	0.70230	0.00937	0.04811	0.01458	0.01386	0.00884	0.01020	0.00724	0.00538	0.00456	0.00132	0.00854	0.00348	0.07425	0.00595
54	0.02031	0.01308	0.01460	0.01119	0.01527	0.01399	0.00925	0.59972	0.02196	0.20622	0.01413	0.01350	0.00964	0.00620	0.00514	0.00155	0.00535	0.00474	0.00541	0.00873
55	0.00763	0.00526	0.00661	0.00716	0.00763	0.00523	0.00516	0.00859	0.00929	0.01225	0.02143	0.12295	0.02420	0.44265	0.01715	0.00372	0.00468	0.28072	0.00387	0.00381
56	0.85592	0.00992	0.00754	0.00675	0.00992	0.01151	0.00556	0.01508	0.00873	0.02302	0.00714	0.00834	0.00556	0.00476	0.00318	0.00159	0.00397	0.00278	0.00318	0.00556
57	0.00735	0.00542	0.00786	0.00786	0.00864	0.00620	0.00593	0.00891	0.00813	0.01163	0.01410	0.02211	0.01368	0.15230	0.68668	0.00777	0.01247	0.00578	0.00280	0.00437
58	0.00734	0.00545	0.00802	0.00802	0.00886	0.00629	0.00613	0.00902	0.00818	0.01175	0.01395	0.02129	0.01332	0.10455	0.73394	0.00797	0.01300	0.00566	0.00278	0.00446
59	0.00606	0.00520	0.00520	0.00520	0.00693	0.00433	0.00390	0.00736	0.01170	0.01386	0.05198	0.04938	0.78558	0.01299	0.00606	0.00173	0.00260	0.01083	0.00476	0.00433
60	0.00891	0.00446	0.00668	0.00668	0.00668	0.00446	0.00446	0.00668	0.00668	0.00891	0.00891	0.01560	0.00891	0.01783	0.02005	0.85071	0.00446	0.00446	0.00223	0.00223
61	0.01270	0.01219	0.02083	0.03149	0.78767	0.01219	0.01575	0.01575	0.01168	0.01676	0.00965	0.01270	0.00813	0.00457	0.00508	0.00152	0.00610	0.00457	0.00254	0.00813
62	0.01173	0.00985	0.01084	0.01021	0.01272	0.01119	0.00816	0.02345	0.60274	0.02006	0.02232	0.02802	0.01884	0.00861	0.00565	0.00188	0.00421	0.17704	0.00511	0.00734
63	0.00746	0.00497	0.00560	0.00560	0.00560	0.00497	0.00311	0.00746	0.00746	0.00995	0.01617	0.03358	0.01865	0.81967	0.02612	0.00497	0.00497	0.00746	0.00311	0.00311
64	0.00980	0.00924	0.01560	0.77802	0.06377	0.01143	0.01431	0.01321	0.01031	0.01325	0.00914	0.01364	0.00689	0.00511	0.00513	0.00170	0.00681	0.00456	0.00229	0.00579
65	0.01816	0.01329	0.01434	0.01134	0.01517	0.01473	0.00926	0.55890	0.19643	0.07193	0.01472	0.01417	0.01054	0.00635	0.00515	0.00159	0.00521	0.00492	0.00522	0.00859
66	0.00969	0.00912	0.01539	0.80734	0.03534	0.01140	0.01425	0.01311	0.01026	0.01311	0.00912	0.01368	0.00684	0.00513	0.00513	0.00171	0.00684	0.00456	0.00228	0.00570
67	0.01917	0.02445	0.01454	0.01322	0.01586	0.79907	0.00991	0.02049	0.01454	0.01256	0.00793	0.00925	0.00661	0.00529	0.00463	0.00132	0.00925	0.00330	0.00264	0.00595
68	0.00726	0.00524	0.00686	0.00646	0.00767	0.00484	0.00484	0.00968	0.01452	0.02058	0.78496	0.03833	0.04841	0.01049	0.00605	0.00161	0.00242	0.00928	0.00565	0.00484
69	0.00746	0.00497	0.00560	0.00560	0.00560	0.00497	0.00311	0.00746	0.00746	0.00995	0.01617	0.03358	0.01865	0.81967	0.02612	0.00497	0.00497	0.00746	0.00311	0.00311
70	0.00625	0.00447	0.00595	0.00714	0.00744	0.00417	0.00476	0.00714	0.00982	0.01310	0.02828	0.81633	0.03394	0.01608	0.00655	0.00208	0.00298	0.01459	0.00476	0.00417
71	0.00969	0.00912	0.01539	0.80734	0.03534	0.01140	0.01425	0.01311	0.01026	0.01311	0.00912	0.01368	0.00684	0.00513	0.00513	0.00171	0.00684	0.00456	0.00228	0.00570
72	0.00716	0.00524	0.00672	0.00635	0.00760	0.00480	0.00476	0.00949	0.01429	0.02001	0.72297	0.03926	0.11076	0.01070	0.00605	0.00162	0.00244	0.00941	0.00557	0.00480
