[name]
unknown

[dist]
# distance from previous block
# <min> <max>
0	19

[block]
# block no. 0 follows, 49 sequences, length 47
# corresponding to MSA columns:
# 172-218
name=unknown_A
#
# <colnr> <probs for GDERKNQSTAVLIFYWHMCP>
#	G	D	E	R	K	N	Q	S	T	A	V	L	I	F	Y	W	H	M	C	P
0	0.00805	0.00577	0.00803	0.00917	0.01032	0.00575	0.00797	0.01032	0.01159	0.01505	0.02735	0.07440	0.04640	0.01399	0.00695	0.00231	0.00457	0.72272	0.00466	0.00463
1	0.01995	0.01338	0.01410	0.01101	0.01487	0.07519	0.00900	0.49608	0.03958	0.23339	0.01410	0.01342	0.00965	0.00607	0.00503	0.00152	0.00547	0.00462	0.00519	0.00837
2	0.00989	0.00936	0.01452	0.47902	0.02528	0.01217	0.01218	0.01223	0.00910	0.01242	0.00874	0.01421	0.00762	0.07055	0.01056	0.00212	0.27766	0.00470	0.00230	0.00539
3	0.01003	0.00850	0.01000	0.00744	0.01149	0.00646	0.00585	0.01213	0.01040	0.01610	0.01098	0.09593	0.01023	0.00502	0.00403	0.00089	0.00366	0.00420	0.00318	0.76347
4	0.01352	0.82533	0.02650	0.00865	0.01298	0.02001	0.00865	0.01514	0.01027	0.01190	0.00703	0.00811	0.00649	0.00433	0.00324	0.00108	0.00541	0.00270	0.00216	0.00649
5	0.00723	0.00540	0.00806	0.00806	0.00894	0.00628	0.00624	0.00899	0.00811	0.01169	0.01361	0.02021	0.01279	0.05830	0.78208	0.00804	0.01332	0.00547	0.00272	0.00448
6	0.01029	0.06162	0.76194	0.01416	0.02149	0.01211	0.01824	0.01598	0.01066	0.01583	0.00898	0.01056	0.00641	0.00478	0.00474	0.00158	0.00738	0.00369	0.00214	0.00743
7	0.01194	0.01364	0.02984	0.02131	0.02643	0.01279	0.77238	0.01620	0.01194	0.01620	0.01023	0.01364	0.00767	0.00426	0.00597	0.00171	0.00853	0.00597	0.00256	0.00682
8	0.01414	0.01403	0.01414	0.01214	0.01423	0.19468	0.04313	0.15197	0.14953	0.01754	0.01236	0.07601	0.01082	0.00824	0.02820	0.00190	0.22158	0.00528	0.00355	0.00651
9	0.01597	0.00922	0.01199	0.00982	0.01219	0.01001	0.00807	0.08928	0.01292	0.35232	0.03543	0.02041	0.13631	0.00813	0.00860	0.00177	0.24010	0.00582	0.00470	0.00693
10	0.00771	0.00576	0.00769	0.00800	0.00875	0.00617	0.00584	0.06811	0.01025	0.01402	0.02151	0.48655	0.02423	0.02121	0.23901	0.00379	0.04219	0.01055	0.00403	0.00464
11	0.01126	0.07505	0.01635	0.01291	0.01325	0.01584	0.01087	0.01240	0.00794	0.01215	0.00667	0.01083	0.00663	0.00850	0.01555	0.00212	0.74957	0.00429	0.00221	0.00561
12	0.01106	0.01106	0.01549	0.01328	0.01328	0.01549	0.01106	0.01217	0.00774	0.01217	0.00664	0.01106	0.00664	0.00885	0.01659	0.00221	0.81303	0.00443	0.00221	0.00553
13	0.43627	0.01198	0.01133	0.00916	0.01275	0.01352	0.00756	0.39650	0.01623	0.02730	0.00961	0.01019	0.00705	0.00539	0.00410	0.00154	0.00474	0.00365	0.00410	0.00705
14	0.01018	0.00629	0.00729	0.06936	0.00974	0.00689	0.00552	0.07403	0.03560	0.01861	0.01506	0.01772	0.01195	0.00904	0.08069	0.00196	0.03174	0.00477	0.57835	0.00521
15	0.00626	0.00446	0.00592	0.00705	0.00736	0.00418	0.00473	0.00714	0.00965	0.01286	0.02743	0.77166	0.03281	0.04330	0.00713	0.00216	0.00305	0.03413	0.00464	0.00409
16	0.00649	0.00465	0.00610	0.00716	0.00754	0.00440	0.00482	0.02634	0.01004	0.01339	0.02747	0.79868	0.03282	0.01560	0.00642	0.00204	0.00300	0.01413	0.00470	0.00422
17	0.00672	0.00515	0.00615	0.00590	0.00729	0.00459	0.00443	0.00870	0.01328	0.01783	0.51516	0.04181	0.32216	0.01125	0.00597	0.00163	0.00245	0.00971	0.00524	0.00459
18	0.00616	0.00440	0.00587	0.00704	0.00733	0.00411	0.00469	0.00704	0.00968	0.01291	0.02787	0.81899	0.03344	0.01584	0.00645	0.00205	0.00293	0.01438	0.00469	0.00411
19	0.00643	0.00471	0.00604	0.00661	0.00734	0.00432	0.00461	0.00780	0.01126	0.01515	0.25257	0.49631	0.13047	0.01386	0.00625	0.00188	0.00273	0.01239	0.00495	0.00432
20	0.00955	0.00899	0.01517	0.81013	0.03483	0.01123	0.01404	0.01292	0.01011	0.01292	0.00899	0.01348	0.00674	0.00506	0.00506	0.00169	0.00674	0.00449	0.00225	0.00562
21	0.85801	0.00978	0.00743	0.00665	0.00978	0.01134	0.00548	0.01486	0.00861	0.02269	0.00704	0.00821	0.00548	0.00469	0.00313	0.00156	0.00391	0.00274	0.00313	0.00548
22	0.00667	0.00515	0.00608	0.00585	0.00725	0.00456	0.00439	0.00859	0.01316	0.01753	0.48246	0.04229	0.35504	0.01136	0.00597	0.00164	0.00246	0.00978	0.00521	0.00456
23	0.85801	0.00978	0.00743	0.00665	0.00978	0.01134	0.00548	0.01486	0.00861	0.02269	0.00704	0.00821	0.00548	0.00469	0.00313	0.00156	0.00391	0.00274	0.00313	0.00548
24	0.01265	0.00962	0.01117	0.00820	0.01247	0.00808	0.00661	0.12805	0.01292	0.07996	0.03487	0.01212	0.00932	0.00450	0.00412	0.00096	0.00402	0.00359	0.00364	0.63315
25	0.01794	0.01372	0.01401	0.01117	0.01470	0.07597	0.00903	0.60812	0.02123	0.05434	0.01373	0.09728	0.01119	0.00704	0.00517	0.00156	0.00552	0.00551	0.00487	0.00791
26	0.01154	0.01102	0.01876	0.28704	0.54235	0.01176	0.01503	0.01466	0.01105	0.01534	0.00934	0.01283	0.00759	0.00469	0.00502	0.00156	0.00625	0.00450	0.00242	0.00722
27	0.01450	0.00886	0.01090	0.00799	0.01229	0.00697	0.00647	0.01665	0.01180	0.27205	0.01259	0.01270	0.00914	0.00457	0.00419	0.00102	0.00393	0.00368	0.00407	0.57567
28	0.00946	0.00887	0.01493	0.78960	0.03412	0.01105	0.01380	0.01277	0.01010	0.01292	0.00947	0.03408	0.00742	0.00533	0.00509	0.00169	0.00664	0.00475	0.00231	0.00558
29	0.01434	0.01088	0.01165	0.00947	0.01259	0.01168	0.00764	0.45070	0.09249	0.02543	0.08881	0.02385	0.20221	0.00815	0.00537	0.00159	0.00441	0.00654	0.00502	0.00716
30	0.00616	0.00440	0.00587	0.00704	0.00733	0.00411	0.00469	0.00704	0.00968	0.01291	0.02787	0.81899	0.03344	0.01584	0.00645	0.00205	0.00293	0.01438	0.00469	0.00411
31	0.01194	0.01364	0.02984	0.02131	0.02643	0.01279	0.77238	0.01620	0.01194	0.01620	0.01023	0.01364	0.00767	0.00426	0.00597	0.00171	0.00853	0.00597	0.00256	0.00682
32	0.01068	0.01014	0.01720	0.51439	0.32177	0.01153	0.01460	0.01391	0.01064	0.01429	0.00919	0.01311	0.00722	0.00485	0.00504	0.00162	0.00646	0.00450	0.00234	0.00653
33	0.01561	0.00707	0.00931	0.00767	0.01043	0.00618	0.00613	0.01762	0.01406	0.44803	0.27214	0.02773	0.11933	0.00838	0.00548	0.00159	0.00347	0.00708	0.00584	0.00683
34	0.00735	0.00490	0.00552	0.00552	0.00552	0.00490	0.00306	0.00735	0.00735	0.00980	0.01593	0.03309	0.01838	0.82229	0.02574	0.00490	0.00490	0.00735	0.00306	0.00306
35	0.01107	0.24453	0.58579	0.01284	0.01945	0.01400	0.01594	0.01578	0.01057	0.01489	0.00852	0.00998	0.00643	0.00467	0.00438	0.00146	0.00691	0.00345	0.00214	0.00720
36	0.01129	0.01076	0.01830	0.35418	0.47722	0.01169	0.01491	0.01444	0.01093	0.01503	0.00929	0.01292	0.00748	0.00473	0.00503	0.00158	0.00631	0.00450	0.00240	0.00702
37	0.00689	0.00516	0.00638	0.00608	0.00739	0.00466	0.00456	0.00902	0.01367	0.01876	0.61861	0.04028	0.21813	0.01091	0.00597	0.00162	0.00243	0.00950	0.00537	0.00466
38	0.01063	0.01101	0.02142	0.45841	0.05516	0.01190	0.32862	0.01436	0.01091	0.01439	0.00952	0.01352	0.00717	0.00471	0.00543	0.00169	0.00746	0.00511	0.00238	0.00619
39	0.05723	0.00926	0.01508	0.68707	0.09236	0.01122	0.01354	0.01348	0.01023	0.03050	0.00916	0.01319	0.00689	0.00502	0.00495	0.00166	0.00647	0.00441	0.00240	0.00586
40	0.00696	0.00516	0.00649	0.00616	0.00744	0.00469	0.00462	0.00917	0.01386	0.01920	0.66751	0.03955	0.16896	0.01074	0.00597	0.00161	0.00241	0.00939	0.00542	0.00469
41	0.01852	0.08549	0.01542	0.01246	0.01543	0.61610	0.00966	0.13907	0.01551	0.01542	0.00844	0.00952	0.00684	0.00528	0.00454	0.00132	0.00826	0.00342	0.00296	0.00634
42	0.01737	0.02122	0.01488	0.01319	0.01543	0.61857	0.02549	0.04486	0.01344	0.01309	0.00781	0.00966	0.00663	0.00587	0.00675	0.00148	0.15215	0.00356	0.00262	0.00592
43	0.00677	0.00515	0.00622	0.00595	0.00732	0.00461	0.00447	0.00879	0.01340	0.01810	0.54595	0.04135	0.29119	0.01115	0.00597	0.00163	0.00244	0.00965	0.00528	0.00461
44	0.01199	0.01148	0.01957	0.16979	0.65612	0.01188	0.01526	0.01506	0.01126	0.01588	0.00942	0.01269	0.00778	0.00460	0.00501	0.00153	0.00614	0.00450	0.00246	0.00758
45	0.00640	0.00514	0.00572	0.00557	0.00709	0.00445	0.00418	0.00809	0.01254	0.01606	0.31849	0.04471	0.51993	0.01191	0.00597	0.00167	0.00250	0.01012	0.00501	0.00445
46	0.01417	0.01441	0.01432	0.01352	0.10997	0.23891	0.05901	0.03306	0.16091	0.04315	0.01225	0.01314	0.02357	0.00520	0.00466	0.00131	0.00597	0.00422	0.00339	0.22485

[dist]
# distance from previous block
# <min> <max>
0	10

[block]
# block no. 1 follows, 49 sequences, length 81
# corresponding to MSA columns:
# 229-309
name=unknown_B
#
# <colnr> <probs for GDERKNQSTAVLIFYWHMCP>
#	G	D	E	R	K	N	Q	S	T	A	V	L	I	F	Y	W	H	M	C	P
0	0.01352	0.82533	0.02650	0.00865	0.01298	0.02001	0.00865	0.01514	0.01027	0.01190	0.00703	0.00811	0.00649	0.00433	0.00324	0.00108	0.00541	0.00270	0.00216	0.00649
1	0.01907	0.01409	0.01509	0.01160	0.01562	0.01561	0.00957	0.75646	0.04145	0.03162	0.01234	0.01230	0.00876	0.00609	0.00506	0.00152	0.00553	0.00458	0.00506	0.00859
2	0.01762	0.01360	0.01381	0.01117	0.01476	0.07549	0.00901	0.45087	0.23252	0.08544	0.01474	0.01416	0.01063	0.00624	0.00505	0.00156	0.00531	0.00482	0.00498	0.00822
3	0.81921	0.01053	0.04352	0.00701	0.01033	0.01136	0.00608	0.01492	0.00870	0.02238	0.00713	0.00833	0.00552	0.00470	0.00321	0.00157	0.00407	0.00278	0.00308	0.00557
4	0.01101	0.01086	0.01065	0.00960	0.01141	0.16829	0.03691	0.02799	0.10243	0.02993	0.15267	0.10043	0.17518	0.00941	0.00690	0.00171	0.10212	0.02285	0.00413	0.00552
5	0.01112	0.00980	0.01077	0.00930	0.01220	0.04045	0.02791	0.01934	0.39459	0.01885	0.10987	0.02251	0.06212	0.00719	0.00509	0.00151	0.00403	0.04483	0.00452	0.18398
6	0.00955	0.00899	0.01517	0.81013	0.03483	0.01123	0.01404	0.01292	0.01011	0.01292	0.00899	0.01348	0.00674	0.00506	0.00506	0.00169	0.00674	0.00449	0.00225	0.00562
7	0.01448	0.51864	0.02153	0.00957	0.01355	0.03741	0.00873	0.14971	0.15027	0.01704	0.01036	0.01076	0.00845	0.00510	0.00393	0.00128	0.00528	0.00358	0.00321	0.00711
8	0.00606	0.00513	0.00524	0.00521	0.00688	0.00430	0.00391	0.00742	0.01172	0.01412	0.10275	0.04790	0.73688	0.01263	0.00598	0.00170	0.00255	0.01057	0.00476	0.00430
9	0.00866	0.00471	0.00696	0.00689	0.00697	0.00492	0.00472	0.00701	0.00679	0.00919	0.00943	0.01634	0.00944	0.05057	0.09045	0.71763	0.02992	0.00460	0.00228	0.00254
10	0.00693	0.00513	0.00627	0.00600	0.00716	0.00468	0.00437	0.00880	0.01289	0.01762	0.54006	0.03950	0.19987	0.10884	0.00835	0.00201	0.00273	0.00925	0.00508	0.00446
11	0.00955	0.00899	0.01517	0.81013	0.03483	0.01123	0.01404	0.01292	0.01011	0.01292	0.00899	0.01348	0.00674	0.00506	0.00506	0.00169	0.00674	0.00449	0.00225	0.00562
12	0.00727	0.00522	0.00714	0.00714	0.00770	0.00579	0.00509	0.00840	0.00783	0.01101	0.01445	0.02486	0.01481	0.33415	0.50899	0.00691	0.01028	0.00615	0.00284	0.00397
13	0.00632	0.00514	0.00560	0.00549	0.00704	0.00442	0.00411	0.00793	0.01234	0.01560	0.26708	0.04547	0.57162	0.01208	0.00597	0.00167	0.00251	0.01022	0.00495	0.00442
14	0.01049	0.01028	0.01537	0.31498	0.02144	0.01388	0.01219	0.01245	0.00864	0.01245	0.00753	0.01198	0.00668	0.00741	0.01223	0.00201	0.50776	0.00445	0.00223	0.00556
15	0.01328	0.76973	0.08004	0.00905	0.01360	0.01943	0.00935	0.01520	0.01030	0.01218	0.00717	0.00829	0.00648	0.00436	0.00335	0.00112	0.00555	0.00278	0.00216	0.00656
16	0.01087	0.01079	0.01513	0.01302	0.01307	0.01504	0.01083	0.01202	0.00776	0.01215	0.00698	0.01150	0.00693	0.01028	0.05522	0.00250	0.77372	0.00447	0.00224	0.00548
17	0.01096	0.00897	0.01053	0.00755	0.01202	0.00677	0.00605	0.01320	0.01064	0.04686	0.00942	0.01075	0.00769	0.00384	0.00380	0.00078	0.00377	0.00308	0.00312	0.82021
18	0.00716	0.00517	0.00676	0.00636	0.00755	0.00477	0.00477	0.00954	0.01431	0.02028	0.78808	0.03777	0.04771	0.01034	0.00596	0.00159	0.00239	0.00914	0.00557	0.00477
19	0.01025	0.05055	0.77260	0.01424	0.02161	0.01200	0.01838	0.01599	0.01066	0.01589	0.00901	0.01060	0.00641	0.00479	0.00476	0.00159	0.00741	0.00371	0.00214	0.00744
20	0.01593	0.01918	0.01477	0.01312	0.01474	0.50495	0.01026	0.01716	0.01184	0.01230	0.00737	0.00985	0.00656	0.00659	0.00910	0.00165	0.31273	0.00370	0.00246	0.00574
21	0.01889	0.02410	0.01433	0.01303	0.01563	0.80199	0.00977	0.02019	0.01433	0.01238	0.00782	0.00912	0.00651	0.00521	0.00456	0.00130	0.00912	0.00326	0.00261	0.00586
22	0.01338	0.79300	0.05763	0.00889	0.01334	0.01967	0.00906	0.01518	0.01029	0.01206	0.00711	0.00822	0.00649	0.00435	0.00331	0.00110	0.00549	0.00275	0.00216	0.00653
23	0.00878	0.00439	0.00659	0.00659	0.00659	0.00439	0.00439	0.00659	0.00659	0.00878	0.00878	0.01537	0.00878	0.01757	0.01976	0.85288	0.00439	0.00439	0.00220	0.00220
24	0.85801	0.00978	0.00743	0.00665	0.00978	0.01134	0.00548	0.01486	0.00861	0.02269	0.00704	0.00821	0.00548	0.00469	0.00313	0.00156	0.00391	0.00274	0.00313	0.00548
25	0.01352	0.82533	0.02650	0.00865	0.01298	0.02001	0.00865	0.01514	0.01027	0.01190	0.00703	0.00811	0.00649	0.00433	0.00324	0.00108	0.00541	0.00270	0.00216	0.00649
26	0.00735	0.00490	0.00552	0.00552	0.00552	0.00490	0.00306	0.00735	0.00735	0.00980	0.01593	0.03309	0.01838	0.82229	0.02574	0.00490	0.00490	0.00735	0.00306	0.00306
27	0.01194	0.01364	0.02984	0.02131	0.02643	0.01279	0.77238	0.01620	0.01194	0.01620	0.01023	0.01364	0.00767	0.00426	0.00597	0.00171	0.00853	0.00597	0.00256	0.00682
28	0.01258	0.01086	0.01143	0.01029	0.01315	0.01258	0.00800	0.02687	0.78161	0.02115	0.02058	0.01887	0.01544	0.00686	0.00515	0.00172	0.00400	0.00572	0.00515	0.00800
29	0.01106	0.01106	0.01549	0.01328	0.01328	0.01549	0.01106	0.01217	0.00774	0.01217	0.00664	0.01106	0.00664	0.00885	0.01659	0.00221	0.81303	0.00443	0.00221	0.00553
30	0.00955	0.00899	0.01517	0.81013	0.03483	0.01123	0.01404	0.01292	0.01011	0.01292	0.00899	0.01348	0.00674	0.00506	0.00506	0.00169	0.00674	0.00449	0.00225	0.00562
31	0.00955	0.00899	0.01517	0.81013	0.03483	0.01123	0.01404	0.01292	0.01011	0.01292	0.00899	0.01348	0.00674	0.00506	0.00506	0.00169	0.00674	0.00449	0.00225	0.00562
32	0.00616	0.00440	0.00587	0.00704	0.00733	0.00411	0.00469	0.00704	0.00968	0.01291	0.02787	0.81899	0.03344	0.01584	0.00645	0.00205	0.00293	0.01438	0.00469	0.00411
33	0.00616	0.00442	0.00585	0.00699	0.00732	0.00411	0.00467	0.00705	0.00973	0.01293	0.02844	0.80011	0.05195	0.01577	0.00644	0.00205	0.00292	0.01428	0.00469	0.00411
34	0.85801	0.00978	0.00743	0.00665	0.00978	0.01134	0.00548	0.01486	0.00861	0.02269	0.00704	0.00821	0.00548	0.00469	0.00313	0.00156	0.00391	0.00274	0.00313	0.00548
35	0.00616	0.00440	0.00587	0.00704	0.00733	0.00411	0.00469	0.00704	0.00968	0.01291	0.02787	0.81899	0.03344	0.01584	0.00645	0.00205	0.00293	0.01438	0.00469	0.00411
36	0.00620	0.00513	0.00544	0.00536	0.00697	0.00436	0.00402	0.00769	0.01206	0.01493	0.19220	0.04658	0.64692	0.01233	0.00597	0.00169	0.00253	0.01038	0.00486	0.00436
37	0.01258	0.01086	0.01143	0.01029	0.01315	0.01258	0.00800	0.02687	0.78161	0.02115	0.02058	0.01887	0.01544	0.00686	0.00515	0.00172	0.00400	0.00572	0.00515	0.00800
38	0.00643	0.00513	0.00571	0.00557	0.00705	0.00446	0.00415	0.00807	0.01241	0.01591	0.31105	0.04442	0.50742	0.03202	0.00646	0.00175	0.00256	0.01005	0.00496	0.00442
39	0.85801	0.00978	0.00743	0.00665	0.00978	0.01134	0.00548	0.01486	0.00861	0.02269	0.00704	0.00821	0.00548	0.00469	0.00313	0.00156	0.00391	0.00274	0.00313	0.00548
40	0.01252	0.01201	0.02053	0.03104	0.79074	0.01201	0.01552	0.01552	0.01151	0.01652	0.00951	0.01252	0.00801	0.00451	0.00501	0.00150	0.00601	0.00451	0.00250	0.00801
41	0.00735	0.00490	0.00552	0.00552	0.00552	0.00490	0.00306	0.00735	0.00735	0.00980	0.01593	0.03309	0.01838	0.82229	0.02574	0.00490	0.00490	0.00735	0.00306	0.00306
42	0.01191	0.44416	0.39356	0.01140	0.01723	0.01607	0.01344	0.01556	0.01047	0.01386	0.00801	0.00933	0.00645	0.00455	0.00399	0.00133	0.00639	0.00320	0.00215	0.00696
43	0.01880	0.01708	0.01354	0.01154	0.01472	0.37259	0.00900	0.16732	0.12891	0.17673	0.01300	0.01278	0.00945	0.00583	0.00485	0.00146	0.00670	0.00424	0.00420	0.00726
44	0.01194	0.01364	0.02984	0.02131	0.02643	0.01279	0.77238	0.01620	0.01194	0.01620	0.01023	0.01364	0.00767	0.00426	0.00597	0.00171	0.00853	0.00597	0.00256	0.00682
45	0.04742	0.01246	0.01183	0.01018	0.01323	0.10522	0.00801	0.18899	0.38273	0.04311	0.01939	0.01848	0.08677	0.00690	0.00503	0.00159	0.00481	0.00546	0.00469	0.02369
46	0.01014	0.02616	0.79609	0.01441	0.02189	0.01174	0.01868	0.01601	0.01068	0.01601	0.00907	0.01068	0.00641	0.00480	0.00480	0.00160	0.00747	0.00374	0.00214	0.00747
47	0.00616	0.00440	0.00587	0.00704	0.00733	0.00411	0.00469	0.00704	0.00968	0.01291	0.02787	0.81899	0.03344	0.01584	0.00645	0.00205	0.00293	0.01438	0.00469	0.00411
48	0.01889	0.02410	0.01433	0.01303	0.01563	0.80199	0.00977	0.02019	0.01433	0.01238	0.00782	0.00912	0.00651	0.00521	0.00456	0.00130	0.00912	0.00326	0.00261	0.00586
49	0.01014	0.02616	0.79609	0.01441	0.02189	0.01174	0.01868	0.01601	0.01068	0.01601	0.00907	0.01068	0.00641	0.00480	0.00480	0.00160	0.00747	0.00374	0.00214	0.00747
50	0.00630	0.00450	0.00602	0.00720	0.00755	0.00422	0.00493	0.00727	0.00981	0.01306	0.02780	0.76710	0.03315	0.01571	0.00649	0.00207	0.00305	0.06493	0.00469	0.00414
51	0.00943	0.00471	0.00471	0.00471	0.00589	0.00471	0.00353	0.01178	0.01060	0.01885	0.01650	0.01885	0.01296	0.00589	0.00353	0.00118	0.00236	0.00471	0.85036	0.00471
52	0.00955	0.00899	0.01517	0.81013	0.03483	0.01123	0.01404	0.01292	0.01011	0.01292	0.00899	0.01348	0.00674	0.00506	0.00506	0.00169	0.00674	0.00449	0.00225	0.00562
53	0.01005	0.01020	0.01981	0.01493	0.01810	0.01000	0.41311	0.01331	0.01246	0.01738	0.30441	0.02254	0.02274	0.00698	0.00692	0.00171	0.07873	0.00703	0.00367	0.00593
54	0.01106	0.01106	0.01549	0.01328	0.01328	0.01549	0.01106	0.01217	0.00774	0.01217	0.00664	0.01106	0.00664	0.00885	0.01659	0.00221	0.81303	0.00443	0.00221	0.00553
55	0.01014	0.02616	0.79609	0.01441	0.02189	0.01174	0.01868	0.01601	0.01068	0.01601	0.00907	0.01068	0.00641	0.00480	0.00480	0.00160	0.00747	0.00374	0.00214	0.00747
56	0.01922	0.01416	0.01518	0.01163	0.01568	0.01568	0.00961	0.77388	0.02378	0.03187	0.01214	0.01214	0.00860	0.00607	0.00506	0.00152	0.00556	0.00455	0.00506	0.00860
57	0.00616	0.00440	0.00587	0.00704	0.00733	0.00411	0.00469	0.00704	0.00968	0.01291	0.02787	0.81899	0.03344	0.01584	0.00645	0.00205	0.00293	0.01438	0.00469	0.00411
58	0.01252	0.01201	0.02053	0.03104	0.79074	0.01201	0.01552	0.01552	0.01151	0.01652	0.00951	0.01252	0.00801	0.00451	0.00501	0.00150	0.00601	0.00451	0.00250	0.00801
59	0.00716	0.00517	0.00676	0.00636	0.00755	0.00477	0.00477	0.00954	0.01431	0.02028	0.78808	0.03777	0.04771	0.01034	0.00596	0.00159	0.00239	0.00914	0.00557	0.00477
60	0.01067	0.01013	0.01720	0.51516	0.32103	0.01153	0.01460	0.01390	0.01064	0.01428	0.00919	0.01312	0.00722	0.00485	0.00504	0.00162	0.00646	0.00450	0.00234	0.00652
61	0.00722	0.00542	0.00813	0.00813	0.00903	0.00632	0.00632	0.00903	0.00813	0.01174	0.01354	0.01987	0.01264	0.03792	0.80225	0.00813	0.01354	0.00542	0.00271	0.00451
62	0.41465	0.01058	0.00985	0.00861	0.01170	0.01215	0.00691	0.10952	0.30324	0.02313	0.03436	0.01353	0.01079	0.00583	0.00420	0.00162	0.00410	0.00426	0.00419	0.00679
63	0.16545	0.01416	0.01375	0.01128	0.01415	0.12488	0.00919	0.38252	0.01658	0.02359	0.00954	0.01081	0.00737	0.00626	0.00695	0.00163	0.16699	0.00403	0.00381	0.00705
64	0.01258	0.01086	0.01143	0.01029	0.01315	0.01258	0.00800	0.02687	0.78161	0.02115	0.02058	0.01887	0.01544	0.00686	0.00515	0.00172	0.00400	0.00572	0.00515	0.00800
65	0.00616	0.00440	0.00587	0.00704	0.00733	0.00411	0.00469	0.00704	0.00968	0.01291	0.02787	0.81899	0.03344	0.01584	0.00645	0.00205	0.00293	0.01438	0.00469	0.00411
66	0.00727	0.00523	0.00719	0.00719	0.00777	0.00581	0.00516	0.00843	0.00785	0.01105	0.01440	0.02459	0.01469	0.31814	0.52484	0.00697	0.01046	0.00611	0.00284	0.00400
67	0.01198	0.46121	0.37714	0.01128	0.01704	0.01624	0.01322	0.01554	0.01046	0.01377	0.00796	0.00928	0.00645	0.00454	0.00396	0.00132	0.00635	0.00317	0.00215	0.00694
68	0.01890	0.01391	0.01491	0.01147	0.01540	0.01539	0.00943	0.75296	0.02333	0.03127	0.01224	0.01271	0.00887	0.02835	0.00562	0.00161	0.00555	0.00463	0.00500	0.00845
69	0.00955	0.00899	0.01517	0.81013	0.03483	0.01123	0.01404	0.01292	0.01011	0.01292	0.00899	0.01348	0.00674	0.00506	0.00506	0.00169	0.00674	0.00449	0.00225	0.00562
70	0.01818	0.00728	0.00935	0.00754	0.01053	0.00651	0.00611	0.02028	0.01316	0.53095	0.01878	0.01777	0.01267	0.00613	0.00456	0.00143	0.00364	0.00496	0.29288	0.00728
71	0.00610	0.00486	0.00540	0.00582	0.00696	0.00424	0.00411	0.00718	0.01070	0.01324	0.04148	0.32256	0.48838	0.04664	0.00695	0.00196	0.00279	0.01186	0.00463	0.00416
72	0.00698	0.00477	0.00574	0.00618	0.00633	0.00467	0.00382	0.00737	0.00831	0.01107	0.02041	0.29982	0.02391	0.51688	0.01846	0.00383	0.00423	0.04004	0.00368	0.00348
73	0.00735	0.00490	0.00552	0.00552	0.00552	0.00490	0.00306	0.00735	0.00735	0.00980	0.01593	0.03309	0.01838	0.82229	0.02574	0.00490	0.00490	0.00735	0.00306	0.00306
74	0.79159	0.00969	0.00777	0.00684	0.01003	0.01103	0.00563	0.01564	0.00907	0.08404	0.00807	0.00893	0.00604	0.00482	0.00328	0.00156	0.00394	0.00292	0.00338	0.00573
75	0.01049	0.00899	0.01049	0.00749	0.01198	0.00674	0.00599	0.01273	0.01049	0.01648	0.00899	0.01049	0.00749	0.00374	0.00374	0.00075	0.00374	0.00300	0.00300	0.85320
76	0.04541	0.28341	0.03869	0.00972	0.01371	0.04669	0.00861	0.24563	0.06408	0.08607	0.01111	0.01147	0.00848	0.00525	0.00421	0.00131	0.00519	0.00380	0.03385	0.07331
77	0.01299	0.02921	0.22029	0.01104	0.03160	0.01070	0.01051	0.07406	0.24898	0.12652	0.04525	0.03395	0.05725	0.00653	0.00502	0.00158	0.00497	0.00535	0.00423	0.05998
78	0.01282	0.22635	0.13618	0.01088	0.03574	0.01278	0.03725	0.06220	0.08975	0.07769	0.01177	0.05853	0.00982	0.00569	0.00495	0.00137	0.04154	0.00444	0.00328	0.15695
79	0.01212	0.05083	0.36132	0.01226	0.01748	0.09926	0.02757	0.05305	0.11082	0.01681	0.01040	0.01157	0.00791	0.00511	0.00504	0.00143	0.03580	0.00388	0.00288	0.15448
80	0.04937	0.02553	0.08732	0.00953	0.02681	0.11453	0.00763	0.02958	0.06361	0.03000	0.04826	0.40965	0.03646	0.01091	0.00587	0.00179	0.02435	0.00937	0.00403	0.00538

[dist]
# distance from previous block
# <min> <max>
0	39

[block]
# block no. 2 follows, 49 sequences, length 151
# corresponding to MSA columns:
# 355-505
name=unknown_C
#
# <colnr> <probs for GDERKNQSTAVLIFYWHMCP>
#	G	D	E	R	K	N	Q	S	T	A	V	L	I	F	Y	W	H	M	C	P
0	0.09423	0.08258	0.08661	0.01019	0.03975	0.03832	0.02676	0.05391	0.11988	0.17175	0.03179	0.01591	0.06292	0.00587	0.00459	0.00142	0.00476	0.00466	0.00403	0.14007
1	0.13200	0.01309	0.08863	0.01246	0.08870	0.08711	0.06910	0.12905	0.03572	0.12242	0.01428	0.01494	0.05905	0.00574	0.00468	0.00149	0.00542	0.00464	0.06388	0.04760
2	0.20972	0.01070	0.09037	0.01098	0.06132	0.00986	0.06218	0.05294	0.03519	0.05576	0.07414	0.11988	0.04669	0.00749	0.00586	0.00167	0.07605	0.00604	0.03564	0.02752
3	0.21545	0.04014	0.01189	0.01114	0.12077	0.01031	0.00773	0.11030	0.03050	0.05755	0.02350	0.01228	0.00887	0.00562	0.01905	0.00144	0.01883	0.00383	0.08127	0.20954
4	0.08627	0.00917	0.01283	0.16430	0.16477	0.00945	0.00968	0.03156	0.04523	0.15887	0.06873	0.03165	0.05498	0.00641	0.00524	0.00156	0.02481	0.02427	0.00383	0.08640
5	0.01099	0.00947	0.01453	0.50161	0.02691	0.01110	0.05357	0.03220	0.16843	0.05517	0.01308	0.05874	0.01036	0.00605	0.00520	0.00170	0.00592	0.00540	0.00325	0.00630
6	0.00728	0.00520	0.00651	0.00696	0.00783	0.00496	0.00496	0.00834	0.01035	0.05574	0.03272	0.51794	0.23949	0.01410	0.00681	0.00194	0.04746	0.01230	0.00464	0.00448
7	0.01161	0.06190	0.28713	0.01725	0.02289	0.01268	0.40679	0.05743	0.01199	0.01665	0.01039	0.04063	0.00814	0.00496	0.00539	0.00164	0.00764	0.00525	0.00261	0.00703
8	0.03122	0.49457	0.03995	0.05811	0.18445	0.08919	0.01071	0.01558	0.01088	0.01332	0.00780	0.00952	0.00681	0.00450	0.00388	0.00125	0.00597	0.00327	0.00230	0.00672
9	0.01124	0.09912	0.41531	0.01101	0.01589	0.09723	0.01252	0.01522	0.01102	0.01599	0.01079	0.01251	0.00824	0.00510	0.00427	0.00140	0.00603	0.00385	0.23681	0.00644
10	0.00736	0.00509	0.00636	0.00642	0.00673	0.00533	0.00421	0.00797	0.00779	0.01061	0.01589	0.03086	0.01743	0.56811	0.23265	0.00563	0.00720	0.04776	0.00306	0.00354
11	0.01199	0.01113	0.01606	0.01289	0.01626	0.01187	0.21909	0.05011	0.45583	0.01973	0.06100	0.01984	0.05732	0.00663	0.00546	0.00170	0.00514	0.00620	0.00442	0.00732
12	0.01223	0.01051	0.01113	0.01011	0.01283	0.01211	0.00782	0.02579	0.73945	0.02070	0.02098	0.06256	0.01642	0.00735	0.00522	0.00173	0.00394	0.00619	0.00512	0.00779
13	0.01049	0.00899	0.01049	0.00749	0.01198	0.00674	0.00599	0.01273	0.01049	0.01648	0.00899	0.01049	0.00749	0.00374	0.00374	0.00075	0.00374	0.00300	0.00300	0.85320
14	0.01838	0.01370	0.01471	0.01133	0.01534	0.01502	0.00932	0.69123	0.06443	0.03044	0.01243	0.01242	0.00891	0.00599	0.00499	0.00149	0.00538	0.00453	0.00495	0.05502
15	0.01777	0.02240	0.01361	0.01242	0.01492	0.73036	0.00932	0.01909	0.01396	0.01242	0.01039	0.01166	0.04944	0.00678	0.03278	0.00157	0.00892	0.00374	0.00272	0.00573
16	0.00735	0.00490	0.00552	0.00552	0.00552	0.00490	0.00306	0.00735	0.00735	0.00980	0.01593	0.03309	0.01838	0.82229	0.02574	0.00490	0.00490	0.00735	0.00306	0.00306
17	0.01252	0.01201	0.02053	0.03104	0.79074	0.01201	0.01552	0.01552	0.01151	0.01652	0.00951	0.01252	0.00801	0.00451	0.00501	0.00150	0.00601	0.00451	0.00250	0.00801
18	0.02067	0.01185	0.01374	0.01053	0.01453	0.01224	0.00870	0.46141	0.01990	0.34982	0.01540	0.01426	0.01023	0.00615	0.00507	0.00154	0.00504	0.00477	0.00556	0.00860
19	0.01153	0.01267	0.02413	0.28213	0.02862	0.05568	0.47926	0.01533	0.01146	0.01490	0.00969	0.01334	0.00730	0.00458	0.00559	0.00168	0.00797	0.00533	0.00246	0.00637
20	0.06745	0.00848	0.01123	0.00872	0.01244	0.00750	0.00718	0.02328	0.01414	0.70954	0.06149	0.01785	0.01407	0.00640	0.00503	0.00157	0.00418	0.00518	0.00605	0.00822
21	0.00764	0.00524	0.00591	0.00585	0.00603	0.00536	0.00342	0.00847	0.04996	0.01048	0.01612	0.03195	0.01807	0.75634	0.04549	0.00481	0.00509	0.00721	0.00317	0.00337
22	0.00743	0.00490	0.00549	0.00549	0.00553	0.00490	0.00308	0.00752	0.00747	0.01014	0.01595	0.03256	0.01818	0.79194	0.02491	0.00476	0.00481	0.00726	0.03456	0.00313
23	0.00722	0.00542	0.00813	0.00813	0.00903	0.00632	0.00632	0.00903	0.00813	0.01174	0.01354	0.01987	0.01264	0.03792	0.80225	0.00813	0.01354	0.00542	0.00271	0.00451
24	0.01027	0.00887	0.01325	0.50029	0.02586	0.00973	0.01103	0.01386	0.05272	0.04220	0.05286	0.01452	0.00985	0.00517	0.00480	0.00145	0.00554	0.00448	0.00291	0.21035
25	0.01020	0.04004	0.78272	0.01431	0.02173	0.01189	0.01851	0.01600	0.01067	0.01594	0.00904	0.01063	0.00641	0.00480	0.00478	0.00159	0.00744	0.00372	0.00214	0.00746
26	0.01567	0.01919	0.02019	0.01611	0.01954	0.45202	0.30187	0.01811	0.01302	0.01382	0.00881	0.01115	0.00709	0.00568	0.02231	0.00164	0.04063	0.00439	0.00257	0.00619
27	0.01406	0.71601	0.04491	0.00913	0.01350	0.01932	0.00901	0.09833	0.01176	0.01419	0.00764	0.00862	0.00672	0.00453	0.00348	0.00114	0.00548	0.00293	0.00248	0.00675
28	0.01341	0.01004	0.01133	0.00913	0.01253	0.00985	0.00734	0.28910	0.05794	0.05458	0.01690	0.10222	0.06060	0.00732	0.00497	0.00141	0.00434	0.05128	0.00438	0.27133
29	0.05549	0.00507	0.00526	0.00522	0.00647	0.00526	0.00397	0.01163	0.01021	0.01823	0.01564	0.01839	0.01252	0.00957	0.09678	0.00201	0.00375	0.00469	0.70512	0.00473
30	0.01597	0.03233	0.06542	0.01003	0.01365	0.02640	0.00868	0.33273	0.03687	0.17235	0.05459	0.04791	0.07313	0.00739	0.00521	0.00157	0.00488	0.04660	0.00486	0.03942
31	0.01530	0.55995	0.02247	0.01010	0.01386	0.27901	0.00902	0.01681	0.01162	0.01206	0.00729	0.00845	0.00650	0.00462	0.00368	0.00115	0.00664	0.00289	0.00231	0.00628
32	0.00616	0.00440	0.00587	0.00704	0.00733	0.00411	0.00469	0.00704	0.00968	0.01291	0.02787	0.81899	0.03344	0.01584	0.00645	0.00205	0.00293	0.01438	0.00469	0.00411
33	0.01029	0.06144	0.76211	0.01416	0.02149	0.01211	0.01824	0.01598	0.01066	0.01583	0.00898	0.01056	0.00641	0.00478	0.00474	0.00158	0.00738	0.00369	0.00214	0.00743
34	0.03633	0.01218	0.05623	0.01100	0.01458	0.01243	0.03775	0.20040	0.35141	0.13786	0.01635	0.01564	0.01184	0.00631	0.00545	0.00163	0.03328	0.00506	0.00482	0.02945
35	0.01099	0.01062	0.01704	0.30859	0.27892	0.01279	0.01362	0.01355	0.00985	0.01388	0.00844	0.01242	0.00713	0.00603	0.00856	0.00179	0.25257	0.00448	0.00232	0.00638
36	0.00626	0.00519	0.00552	0.00561	0.00723	0.00445	0.00432	0.00771	0.01171	0.01420	0.09319	0.04883	0.66920	0.01277	0.00608	0.00176	0.00276	0.08410	0.00474	0.00434
37	0.19894	0.01170	0.02604	0.00949	0.01287	0.05464	0.00782	0.28860	0.05863	0.15556	0.11216	0.01562	0.01383	0.00633	0.00474	0.00155	0.00473	0.00482	0.00473	0.00723
38	0.01220	0.51331	0.32697	0.01090	0.01646	0.01678	0.01257	0.01548	0.01043	0.01350	0.00783	0.00911	0.00646	0.00451	0.00385	0.00128	0.00621	0.00311	0.00215	0.00687
39	0.00729	0.00487	0.00553	0.00560	0.00562	0.00486	0.00315	0.00734	0.00748	0.00998	0.01659	0.07631	0.01921	0.77793	0.02468	0.00475	0.00479	0.00774	0.00315	0.00312
40	0.00906	0.00563	0.00679	0.00633	0.00809	0.00492	0.00480	0.01077	0.01273	0.14089	0.28380	0.11291	0.35169	0.01124	0.00587	0.00168	0.00282	0.00963	0.00523	0.00511
41	0.01598	0.01577	0.01429	0.01214	0.01490	0.24922	0.02831	0.21875	0.22808	0.01999	0.01238	0.01299	0.00958	0.00637	0.00655	0.00161	0.11753	0.00451	0.00390	0.00715
42	0.09907	0.01056	0.01248	0.00965	0.01354	0.01053	0.00797	0.27219	0.01701	0.46983	0.01616	0.01469	0.01056	0.00605	0.00489	0.00155	0.00468	0.00469	0.00557	0.00831
43	0.00613	0.00453	0.00573	0.00669	0.00724	0.00414	0.00454	0.00708	0.01002	0.01305	0.03215	0.67789	0.17178	0.01529	0.00637	0.00199	0.00287	0.01370	0.00469	0.00414
44	0.00732	0.00504	0.00624	0.00624	0.00649	0.00529	0.00396	0.00782	0.00757	0.01034	0.01527	0.02943	0.01680	0.60533	0.24053	0.00579	0.00729	0.00682	0.00297	0.00347
45	0.00835	0.00468	0.00701	0.00701	0.00726	0.00493	0.00493	0.00726	0.00701	0.00960	0.01010	0.01661	0.00985	0.02320	0.23620	0.61921	0.00692	0.00468	0.00234	0.00284
46	0.00659	0.00515	0.00598	0.00577	0.00721	0.00453	0.00433	0.00845	0.01298	0.01711	0.43511	0.04299	0.40266	0.01152	0.00597	0.00165	0.00247	0.00988	0.00515	0.00453
47	0.00616	0.00440	0.00587	0.00704	0.00733	0.00411	0.00469	0.00704	0.00968	0.01291	0.02787	0.81899	0.03344	0.01584	0.00645	0.00205	0.00293	0.01438	0.00469	0.00411
48	0.01014	0.02616	0.79609	0.01441	0.02189	0.01174	0.01868	0.01601	0.01068	0.01601	0.00907	0.01068	0.00641	0.00480	0.00480	0.00160	0.00747	0.00374	0.00214	0.00747
49	0.01524	0.01135	0.01290	0.01143	0.05600	0.01228	0.00858	0.52006	0.01920	0.02578	0.01635	0.23534	0.01544	0.00869	0.00544	0.00166	0.00486	0.00727	0.00482	0.00732
50	0.01103	0.01050	0.01785	0.42056	0.41281	0.01162	0.01478	0.01422	0.01081	0.01472	0.00925	0.01300	0.00738	0.00478	0.00503	0.00159	0.00637	0.00450	0.00238	0.00681
51	0.00955	0.00899	0.01517	0.81013	0.03483	0.01123	0.01404	0.01292	0.01011	0.01292	0.00899	0.01348	0.00674	0.00506	0.00506	0.00169	0.00674	0.00449	0.00225	0.00562
52	0.00657	0.00469	0.00633	0.00750	0.00798	0.00446	0.00540	0.00774	0.01008	0.01336	0.02765	0.66343	0.03256	0.01546	0.00656	0.00211	0.00329	0.16593	0.00469	0.00422
53	0.01053	0.11712	0.70849	0.01376	0.02087	0.01268	0.01754	0.01591	0.01063	0.01555	0.00884	0.01038	0.00642	0.00475	0.00463	0.00154	0.00724	0.00362	0.00214	0.00736
54	0.01037	0.00983	0.01665	0.59463	0.24392	0.01145	0.01445	0.01364	0.01050	0.01392	0.00913	0.01321	0.00709	0.00490	0.00504	0.00163	0.00654	0.00450	0.00232	0.00628
55	0.01738	0.01325	0.01414	0.01126	0.01498	0.01482	0.00917	0.56725	0.23340	0.02890	0.01448	0.01400	0.01049	0.00629	0.00508	0.00157	0.00513	0.00487	0.00508	0.00843
56	0.00979	0.00927	0.01548	0.72376	0.07492	0.01151	0.01396	0.01302	0.01006	0.01308	0.00889	0.01330	0.00680	0.00523	0.00569	0.00170	0.05105	0.00449	0.00226	0.00574
57	0.01014	0.02616	0.79609	0.01441	0.02189	0.01174	0.01868	0.01601	0.01068	0.01601	0.00907	0.01068	0.00641	0.00480	0.00480	0.00160	0.00747	0.00374	0.00214	0.00747
58	0.01252	0.01201	0.02053	0.03104	0.79074	0.01201	0.01552	0.01552	0.01151	0.01652	0.00951	0.01252	0.00801	0.00451	0.00501	0.00150	0.00601	0.00451	0.00250	0.00801
59	0.01171	0.00641	0.00830	0.00753	0.00959	0.00563	0.00575	0.01334	0.01191	0.23678	0.12927	0.24415	0.06994	0.05466	0.00674	0.00185	0.00355	0.06328	0.00497	0.10463
60	0.01182	0.42226	0.41465	0.01156	0.01747	0.01584	0.01371	0.01558	0.01048	0.01397	0.00806	0.00941	0.00645	0.00457	0.00403	0.00134	0.00645	0.00322	0.00215	0.00699
61	0.01244	0.01194	0.02040	0.04971	0.77263	0.01200	0.01548	0.01546	0.01148	0.01643	0.00950	0.01254	0.00798	0.00452	0.00501	0.00151	0.00602	0.00451	0.00250	0.00795
62	0.01118	0.00583	0.00759	0.00683	0.00854	0.00532	0.00521	0.01299	0.01295	0.20464	0.38212	0.08398	0.05123	0.00981	0.00651	0.06373	0.00303	0.00770	0.10538	0.00544
63	0.01564	0.01267	0.01367	0.01047	0.01453	0.05027	0.02720	0.41188	0.07395	0.02466	0.01146	0.01197	0.00861	0.00527	0.00463	0.00127	0.00509	0.00409	0.00420	0.28845
64	0.00616	0.00440	0.00587	0.00704	0.00733	0.00411	0.00469	0.00704	0.00968	0.01291	0.02787	0.81899	0.03344	0.01584	0.00645	0.00205	0.00293	0.01438	0.00469	0.00411
65	0.00615	0.00443	0.00584	0.00697	0.00732	0.00411	0.00466	0.00705	0.00975	0.01294	0.02869	0.79184	0.06006	0.01574	0.00644	0.00204	0.00292	0.01424	0.00469	0.00411
66	0.00726	0.00553	0.00722	0.02789	0.00912	0.00551	0.01699	0.02483	0.08206	0.01422	0.02698	0.63974	0.05858	0.01418	0.00626	0.00199	0.00331	0.03901	0.00465	0.00467
67	0.02269	0.00861	0.01174	0.00900	0.01291	0.00743	0.00743	0.02464	0.01447	0.79425	0.01995	0.01721	0.01252	0.00626	0.00509	0.00156	0.00430	0.00509	0.00626	0.00861
68	0.01049	0.00899	0.01049	0.00749	0.01198	0.00674	0.00599	0.01273	0.01049	0.01648	0.00899	0.01049	0.00749	0.00374	0.00374	0.00075	0.00374	0.00300	0.00300	0.85320
69	0.00757	0.00529	0.00634	0.00689	0.04668	0.00528	0.00382	0.00781	0.00775	0.01034	0.01688	0.03231	0.04682	0.73176	0.04095	0.00467	0.00506	0.00729	0.00309	0.00340
70	0.01014	0.02616	0.79609	0.01441	0.02189	0.01174	0.01868	0.01601	0.01068	0.01601	0.00907	0.01068	0.00641	0.00480	0.00480	0.00160	0.00747	0.00374	0.00214	0.00747
71	0.01240	0.01190	0.02032	0.06047	0.76219	0.01199	0.01546	0.01542	0.01146	0.01638	0.00949	0.01255	0.00796	0.00453	0.00501	0.00151	0.00604	0.00451	0.00249	0.00792
72	0.01081	0.01027	0.01744	0.47980	0.35533	0.01157	0.01467	0.01402	0.01071	0.01445	0.00921	0.01307	0.00728	0.00482	0.00503	0.00161	0.00643	0.00450	0.00236	0.00663
73	0.01332	0.73473	0.09769	0.00925	0.01386	0.01915	0.00960	0.03059	0.01059	0.01268	0.00732	0.00843	0.00652	0.00441	0.00343	0.00114	0.00560	0.00284	0.00222	0.00662
74	0.00734	0.00493	0.00563	0.00559	0.00570	0.00489	0.00322	0.00756	0.00800	0.01078	0.08760	0.03353	0.02111	0.74693	0.02390	0.00460	0.00467	0.00752	0.00330	0.00322
75	0.00709	0.00517	0.00667	0.00629	0.00751	0.00474	0.00472	0.00942	0.01416	0.01991	0.74755	0.03837	0.08847	0.01047	0.00596	0.00160	0.00240	0.00923	0.00552	0.00474
76	0.85801	0.00978	0.00743	0.00665	0.00978	0.01134	0.00548	0.01486	0.00861	0.02269	0.00704	0.00821	0.00548	0.00469	0.00313	0.00156	0.00391	0.00274	0.00313	0.00548
77	0.00634	0.00466	0.00644	0.00737	0.00783	0.00435	0.02162	0.00734	0.00983	0.01306	0.02805	0.76128	0.05192	0.01546	0.00645	0.00204	0.00309	0.03406	0.00465	0.00419
78	0.01352	0.82533	0.02650	0.00865	0.01298	0.02001	0.00865	0.01514	0.01027	0.01190	0.00703	0.00811	0.00649	0.00433	0.00324	0.00108	0.00541	0.00270	0.00216	0.00649
79	0.00773	0.00572	0.00817	0.08301	0.01187	0.00585	0.00774	0.00975	0.01096	0.01431	0.02543	0.26376	0.02823	0.01366	0.00666	0.00219	0.00437	0.48156	0.00444	0.00459
80	0.01109	0.25004	0.58050	0.01280	0.01939	0.01406	0.01587	0.01577	0.01056	0.01486	0.00850	0.00996	0.00643	0.00467	0.00437	0.00146	0.00689	0.00345	0.00214	0.00720
81	0.01886	0.01398	0.01497	0.01156	0.01554	0.01551	0.00952	0.73280	0.06546	0.03128	0.01260	0.01251	0.00898	0.00611	0.00506	0.00153	0.00548	0.00462	0.00506	0.00857
82	0.00955	0.00899	0.01517	0.81013	0.03483	0.01123	0.01404	0.01292	0.01011	0.01292	0.00899	0.01348	0.00674	0.00506	0.00506	0.00169	0.00674	0.00449	0.00225	0.00562
83	0.01863	0.02274	0.01424	0.01281	0.01550	0.71222	0.00971	0.08545	0.01508	0.01414	0.00870	0.01067	0.00730	0.00552	0.00467	0.00135	0.00869	0.02363	0.00287	0.00607
84	0.01833	0.02217	0.01407	0.01269	0.01535	0.68522	0.00967	0.08961	0.01506	0.01434	0.00926	0.01204	0.00795	0.00577	0.00474	0.00138	0.00854	0.04482	0.00295	0.00605
85	0.01056	0.01002	0.01699	0.54518	0.29189	0.01150	0.01455	0.01380	0.01059	0.01414	0.00917	0.01315	0.00717	0.00487	0.00504	0.00162	0.00649	0.00450	0.00233	0.00643
86	0.01252	0.01201	0.02053	0.03104	0.79074	0.01201	0.01552	0.01552	0.01151	0.01652	0.00951	0.01252	0.00801	0.00451	0.00501	0.00150	0.00601	0.00451	0.00250	0.00801
87	0.00955	0.00899	0.01517	0.81013	0.03483	0.01123	0.01404	0.01292	0.01011	0.01292	0.00899	0.01348	0.00674	0.00506	0.00506	0.00169	0.00674	0.00449	0.00225	0.00562
88	0.00912	0.00491	0.00514	0.00503	0.00635	0.00473	0.00379	0.01133	0.01118	0.03790	0.09687	0.02432	0.11119	0.00718	0.00411	0.00129	0.00243	0.00589	0.64247	0.00476
89	0.06954	0.00606	0.00690	0.00659	0.00821	0.00590	0.00507	0.01101	0.08425	0.01856	0.42989	0.03770	0.23003	0.01043	0.00574	0.00167	0.00282	0.04957	0.00508	0.00499
90	0.85801	0.00978	0.00743	0.00665	0.00978	0.01134	0.00548	0.01486	0.00861	0.02269	0.00704	0.00821	0.00548	0.00469	0.00313	0.00156	0.00391	0.00274	0.00313	0.00548
91	0.00955	0.00899	0.01517	0.81013	0.03483	0.01123	0.01404	0.01292	0.01011	0.01292	0.00899	0.01348	0.00674	0.00506	0.00506	0.00169	0.00674	0.00449	0.00225	0.00562
92	0.00795	0.00591	0.00760	0.00766	0.00902	0.00583	0.00616	0.01138	0.08454	0.01842	0.43872	0.04278	0.06467	0.01130	0.00623	0.00185	0.00329	0.25648	0.00520	0.00502
93	0.01031	0.00837	0.00965	0.00952	0.01152	0.00925	0.00763	0.01892	0.42461	0.01834	0.05038	0.10660	0.02283	0.01020	0.00591	0.00195	0.00407	0.25859	0.00495	0.00641
94	0.01252	0.01201	0.02053	0.03104	0.79074	0.01201	0.01552	0.01552	0.01151	0.01652	0.00951	0.01252	0.00801	0.00451	0.00501	0.00150	0.00601	0.00451	0.00250	0.00801
95	0.01672	0.02049	0.01465	0.01310	0.01498	0.58444	0.01013	0.01797	0.01251	0.01232	0.00749	0.00966	0.00655	0.00622	0.00789	0.00155	0.23149	0.00358	0.00250	0.00577
96	0.00616	0.00440	0.00587	0.00704	0.00733	0.00411	0.00469	0.00704	0.00968	0.01291	0.02787	0.81899	0.03344	0.01584	0.00645	0.00205	0.00293	0.01438	0.00469	0.00411
97	0.25374	0.00893	0.01054	0.00835	0.01204	0.00851	0.00689	0.02194	0.01285	0.58083	0.01638	0.01472	0.01057	0.00583	0.00454	0.00156	0.00419	0.00444	0.00539	0.00774
98	0.01352	0.82533	0.02650	0.00865	0.01298	0.02001	0.00865	0.01514	0.01027	0.01190	0.00703	0.00811	0.00649	0.00433	0.00324	0.00108	0.00541	0.00270	0.00216	0.00649
99	0.00616	0.00440	0.00587	0.00704	0.00733	0.00411	0.00469	0.00704	0.00968	0.01291	0.02787	0.81899	0.03344	0.01584	0.00645	0.00205	0.00293	0.01438	0.00469	0.00411
100	0.01666	0.01289	0.01373	0.01112	0.01470	0.01448	0.00899	0.48538	0.31646	0.02773	0.01540	0.01474	0.01124	0.00638	0.00509	0.00159	0.00496	0.00500	0.00509	0.00837
101	0.00616	0.00440	0.00587	0.00704	0.00733	0.00411	0.00469	0.00704	0.00968	0.01291	0.02787	0.81899	0.03344	0.01584	0.00645	0.00205	0.00293	0.01438	0.00469	0.00411
102	0.01194	0.01364	0.02984	0.02131	0.02643	0.01279	0.77238	0.01620	0.01194	0.01620	0.01023	0.01364	0.00767	0.00426	0.00597	0.00171	0.00853	0.00597	0.00256	0.00682
103	0.02196	0.00839	0.01135	0.00876	0.01253	0.00728	0.00722	0.02394	0.01426	0.75190	0.01976	0.01730	0.01254	0.00624	0.00500	0.00154	0.00420	0.00506	0.05235	0.00839
104	0.85801	0.00978	0.00743	0.00665	0.00978	0.01134	0.00548	0.01486	0.00861	0.02269	0.00704	0.00821	0.00548	0.00469	0.00313	0.00156	0.00391	0.00274	0.00313	0.00548
105	0.00616	0.00440	0.00587	0.00704	0.00733	0.00411	0.00469	0.00704	0.00968	0.01291	0.02787	0.81899	0.03344	0.01584	0.00645	0.00205	0.00293	0.01438	0.00469	0.00411
106	0.00678	0.00507	0.00629	0.00617	0.00737	0.00458	0.00456	0.00874	0.01314	0.01793	0.53436	0.13399	0.20934	0.01154	0.00603	0.00167	0.00249	0.01011	0.00527	0.00458
107	0.01616	0.20386	0.18634	0.01011	0.01461	0.03939	0.01011	0.04735	0.01299	0.31646	0.08178	0.01500	0.01253	0.00581	0.00465	0.00145	0.00530	0.00451	0.00416	0.00743
108	0.01164	0.37973	0.45561	0.01186	0.01795	0.01540	0.01425	0.01563	0.01050	0.01419	0.00817	0.00954	0.00644	0.00459	0.00411	0.00137	0.00656	0.00328	0.00215	0.00704
109	0.02135	0.01075	0.01306	0.01002	0.01398	0.01062	0.00827	0.31401	0.01807	0.49981	0.01693	0.01525	0.01100	0.00619	0.00507	0.00155	0.00479	0.00488	0.00580	0.00860
110	0.00616	0.00440	0.00587	0.00704	0.00733	0.00411	0.00469	0.00704	0.00968	0.01291	0.02787	0.81899	0.03344	0.01584	0.00645	0.00205	0.00293	0.01438	0.00469	0.00411
111	0.09276	0.01719	0.01396	0.01166	0.01495	0.30503	0.00923	0.37068	0.06415	0.02288	0.01051	0.01106	0.00793	0.00573	0.00491	0.00147	0.02076	0.00398	0.00394	0.00722
