[name]
unknown

[dist]
# distance from previous block
# <min> <max>
0	87

[block]
# block no. 0 follows, 54 sequences, length 9
# corresponding to MSA columns:
# 87-95
name=unknown_A
#
# <colnr> <probs for GDERKNQSTAVLIFYWHMCP>
#	G	D	E	R	K	N	Q	S	T	A	V	L	I	F	Y	W	H	M	C	P
0	0.01061	0.00848	0.01168	0.01454	0.22921	0.04034	0.00957	0.05271	0.05142	0.05952	0.01849	0.03397	0.01840	0.00916	0.00564	0.00181	0.00485	0.40997	0.00384	0.00580
1	0.01566	0.06499	0.01351	0.01070	0.01375	0.25866	0.00851	0.27956	0.24905	0.02006	0.01214	0.01210	0.00920	0.00554	0.00450	0.00138	0.00576	0.00409	0.00388	0.00695
2	0.00946	0.02439	0.80987	0.01344	0.02041	0.01095	0.01742	0.01493	0.00995	0.01493	0.00846	0.00995	0.00597	0.00448	0.00448	0.00149	0.00697	0.00348	0.00199	0.00697
3	0.00858	0.00794	0.01325	0.73908	0.02984	0.00979	0.01220	0.01148	0.00939	0.01205	0.01019	0.09669	0.00884	0.00575	0.00485	0.00161	0.00592	0.00514	0.00233	0.00509
4	0.01116	0.06518	0.21894	0.01616	0.02117	0.01197	0.44821	0.07948	0.01177	0.01622	0.04631	0.01266	0.00861	0.00451	0.00507	0.00151	0.00703	0.00489	0.00259	0.00654
5	0.00982	0.00853	0.01015	0.00741	0.01127	0.00693	0.00596	0.01183	0.00957	0.01504	0.00821	0.00982	0.00692	0.00387	0.00444	0.00081	0.06889	0.00290	0.00274	0.79488
6	0.00574	0.00410	0.00547	0.00657	0.00684	0.00383	0.00438	0.00657	0.00903	0.01204	0.02599	0.83122	0.03119	0.01477	0.00602	0.00191	0.00274	0.01340	0.00438	0.00383
7	0.00574	0.00410	0.00547	0.00657	0.00684	0.00383	0.00438	0.00657	0.00903	0.01204	0.02599	0.83122	0.03119	0.01477	0.00602	0.00191	0.00274	0.01340	0.00438	0.00383
8	0.26567	0.00815	0.01045	0.03597	0.01180	0.00875	0.10636	0.07914	0.01029	0.03601	0.01585	0.23105	0.05464	0.02649	0.00572	0.00173	0.04580	0.03749	0.00352	0.00512

[dist]
# distance from previous block
# <min> <max>
18	31

[block]
# block no. 1 follows, 54 sequences, length 13
# corresponding to MSA columns:
# 131-143
name=unknown_B
#
# <colnr> <probs for GDERKNQSTAVLIFYWHMCP>
#	G	D	E	R	K	N	Q	S	T	A	V	L	I	F	Y	W	H	M	C	P
0	0.01179	0.22911	0.46506	0.01163	0.01724	0.03433	0.01350	0.13611	0.01186	0.01618	0.00839	0.00952	0.00632	0.00456	0.00414	0.00135	0.00624	0.00335	0.00244	0.00686
1	0.01638	0.02156	0.13824	0.01218	0.01550	0.58487	0.01039	0.11873	0.01398	0.01444	0.00800	0.00910	0.00631	0.00490	0.00435	0.00128	0.00783	0.00326	0.00266	0.00603
2	0.01068	0.00799	0.00923	0.00851	0.01063	0.00852	0.00689	0.13657	0.24645	0.05161	0.15672	0.03083	0.08241	0.00894	0.00541	0.00169	0.00376	0.20242	0.00475	0.00599
3	0.00589	0.00452	0.00527	0.00562	0.00653	0.00404	0.00393	0.00698	0.01014	0.01300	0.13753	0.33238	0.35202	0.08123	0.00727	0.00194	0.00268	0.01078	0.00436	0.00389
4	0.00653	0.00471	0.00617	0.00603	0.00701	0.00435	0.00444	0.00853	0.01267	0.01783	0.68077	0.15992	0.04240	0.01044	0.00563	0.00155	0.00230	0.00929	0.00506	0.00435
5	0.01433	0.55841	0.02087	0.00940	0.01295	0.25036	0.00842	0.05461	0.01132	0.01216	0.00701	0.00803	0.00616	0.00436	0.00347	0.00109	0.00606	0.00276	0.00227	0.00598
6	0.17315	0.00633	0.00695	0.00621	0.00821	0.00614	0.00483	0.01150	0.04040	0.08652	0.37919	0.02772	0.15580	0.00818	0.00483	0.00145	0.00281	0.00681	0.00451	0.05845
7	0.04926	0.01234	0.01649	0.01560	0.16033	0.09963	0.14200	0.11512	0.06260	0.04551	0.00946	0.01145	0.00754	0.00546	0.00696	0.00154	0.18048	0.00425	0.00294	0.05107
8	0.01624	0.12675	0.06218	0.01136	0.01482	0.29230	0.03047	0.33330	0.01605	0.01922	0.00894	0.00978	0.00689	0.00512	0.00461	0.00132	0.02711	0.00358	0.00328	0.00669
9	0.01141	0.34517	0.39209	0.01088	0.01618	0.01430	0.01248	0.06542	0.06446	0.01469	0.00863	0.00962	0.00671	0.00451	0.00394	0.00130	0.00587	0.00328	0.00237	0.00671
10	0.01226	0.26109	0.24612	0.01131	0.01578	0.11094	0.06421	0.04890	0.15686	0.01489	0.00994	0.01073	0.00774	0.00476	0.00416	0.00134	0.00598	0.00366	0.00271	0.00661
11	0.11222	0.19963	0.04844	0.01047	0.05891	0.06533	0.00859	0.24149	0.01349	0.06567	0.00978	0.02860	0.00781	0.00534	0.00478	0.00136	0.06122	0.00378	0.04657	0.00653
12	0.03478	0.00934	0.01039	0.00893	0.01126	0.03529	0.03727	0.27429	0.13725	0.01977	0.05173	0.16111	0.10278	0.05057	0.02104	0.00184	0.00437	0.01770	0.00430	0.00600

[dist]
# distance from previous block
# <min> <max>
0	24

[block]
# block no. 2 follows, 54 sequences, length 143
# corresponding to MSA columns:
# 168-310
name=unknown_C
#
# <colnr> <probs for GDERKNQSTAVLIFYWHMCP>
#	G	D	E	R	K	N	Q	S	T	A	V	L	I	F	Y	W	H	M	C	P
0	0.13962	0.02362	0.04590	0.01836	0.38213	0.02514	0.04466	0.10027	0.01169	0.05871	0.03979	0.01367	0.02858	0.04172	0.00533	0.00156	0.00513	0.00439	0.00303	0.00668
1	0.02719	0.08082	0.26421	0.01111	0.02748	0.04782	0.01103	0.25801	0.07008	0.07341	0.01067	0.01137	0.00785	0.01707	0.00467	0.00141	0.00556	0.00384	0.00341	0.06298
2	0.06398	0.11859	0.07380	0.00950	0.03172	0.07042	0.00806	0.10701	0.14496	0.03093	0.01345	0.07179	0.02297	0.00626	0.00439	0.00137	0.00464	0.06558	0.00348	0.14710
3	0.00679	0.00503	0.00750	0.00750	0.00834	0.00586	0.00583	0.00849	0.00764	0.01112	0.01270	0.01850	0.01180	0.03459	0.79470	0.00741	0.01236	0.00503	0.02461	0.00421
4	0.01465	0.24787	0.17115	0.01127	0.01502	0.43910	0.01044	0.01677	0.01166	0.01208	0.00731	0.00853	0.00605	0.00456	0.00396	0.00121	0.00725	0.00298	0.00223	0.00592
5	0.00978	0.00838	0.00978	0.00698	0.01117	0.00629	0.00559	0.01187	0.00978	0.01536	0.00838	0.00978	0.00698	0.00349	0.00349	0.00070	0.00349	0.00279	0.00279	0.86312
6	0.01472	0.01113	0.01213	0.00997	0.01302	0.01247	0.00802	0.42630	0.28622	0.04148	0.01419	0.01422	0.01058	0.00850	0.06656	0.02874	0.00519	0.00469	0.00452	0.00735
7	0.00906	0.00790	0.01136	0.01222	0.10907	0.02761	0.04675	0.03485	0.01030	0.01396	0.03533	0.16101	0.01948	0.01032	0.00782	0.00192	0.16914	0.30333	0.00353	0.00505
8	0.01145	0.01220	0.01427	0.01234	0.01272	0.13839	0.01013	0.01250	0.00817	0.01138	0.00636	0.01004	0.00617	0.00773	0.01374	0.00193	0.69920	0.00396	0.00212	0.00521
9	0.00890	0.00838	0.01414	0.82296	0.03247	0.01048	0.01309	0.01205	0.00943	0.01205	0.00838	0.01257	0.00629	0.00471	0.00471	0.00157	0.00629	0.00419	0.00210	0.00524
10	0.01249	0.04753	0.03198	0.01171	0.07302	0.08020	0.03867	0.04261	0.55484	0.03060	0.01601	0.01538	0.01211	0.00583	0.00468	0.00152	0.00462	0.00486	0.00414	0.00720
11	0.00577	0.00412	0.00549	0.00655	0.00684	0.00384	0.00438	0.00662	0.00913	0.01220	0.04503	0.81170	0.03151	0.01465	0.00601	0.00190	0.00272	0.01328	0.00440	0.00384
12	0.01007	0.12124	0.69961	0.01269	0.01924	0.01179	0.01609	0.01500	0.00998	0.03073	0.00844	0.00979	0.00610	0.00445	0.00431	0.00143	0.00668	0.00339	0.00207	0.00688
13	0.01007	0.00995	0.01397	0.01205	0.01211	0.01385	0.01001	0.01115	0.00725	0.01132	0.00663	0.01088	0.00658	0.01012	0.07062	0.00244	0.76963	0.00419	0.00210	0.00509
14	0.00978	0.00838	0.00978	0.00698	0.01117	0.00629	0.00559	0.01187	0.00978	0.01536	0.00838	0.00978	0.00698	0.00349	0.00349	0.00070	0.00349	0.00279	0.00279	0.86312
15	0.01173	0.01013	0.01066	0.00960	0.01226	0.01173	0.00746	0.02505	0.79636	0.01972	0.01919	0.01759	0.01439	0.00640	0.00480	0.00160	0.00373	0.00533	0.00480	0.00746
16	0.01637	0.01243	0.01328	0.01053	0.01403	0.01390	0.00859	0.59755	0.21630	0.02721	0.01329	0.01289	0.00962	0.00584	0.00474	0.00146	0.00482	0.00452	0.00474	0.00788
17	0.01761	0.02247	0.01336	0.01215	0.01458	0.81537	0.00911	0.01883	0.01336	0.01154	0.00729	0.00850	0.00607	0.00486	0.00425	0.00121	0.00850	0.00304	0.00243	0.00547
18	0.00668	0.00470	0.00574	0.00612	0.00656	0.00456	0.00405	0.03151	0.00911	0.01215	0.08208	0.37974	0.06032	0.32064	0.01267	0.00286	0.00351	0.03947	0.00388	0.00367
19	0.01227	0.75014	0.10875	0.00864	0.01299	0.01783	0.00907	0.01421	0.00962	0.01150	0.00676	0.00782	0.00604	0.00408	0.00318	0.00106	0.00525	0.00262	0.00201	0.00615
20	0.01173	0.01013	0.01066	0.00960	0.01226	0.01173	0.00746	0.02505	0.79636	0.01972	0.01919	0.01759	0.01439	0.00640	0.00480	0.00160	0.00373	0.00533	0.00480	0.00746
21	0.00675	0.00482	0.00663	0.00772	0.00843	0.00470	0.00613	0.00830	0.01002	0.01316	0.02543	0.40875	0.02899	0.01382	0.00629	0.00205	0.00361	0.42594	0.00436	0.00411
22	0.00596	0.00479	0.00532	0.00519	0.00661	0.00415	0.00389	0.00752	0.01167	0.01493	0.31611	0.04177	0.53326	0.01112	0.00557	0.00155	0.00233	0.00944	0.00467	0.00415
23	0.00997	0.00985	0.01376	0.01194	0.01196	0.01364	0.00987	0.01099	0.00736	0.01140	0.00769	0.07246	0.00808	0.00875	0.01476	0.00205	0.76337	0.00483	0.00224	0.00506
24	0.00574	0.00410	0.00547	0.00657	0.00684	0.00383	0.00438	0.00657	0.00903	0.01204	0.02599	0.83122	0.03119	0.01477	0.00602	0.00191	0.00274	0.01340	0.00438	0.00383
25	0.00573	0.00415	0.00542	0.00643	0.00680	0.00384	0.00432	0.00658	0.00916	0.01209	0.02764	0.77173	0.08961	0.01456	0.00598	0.00189	0.00271	0.01314	0.00438	0.00384
26	0.01167	0.01120	0.01914	0.02894	0.80488	0.01120	0.01447	0.01447	0.01074	0.01540	0.00887	0.01167	0.00747	0.00420	0.00467	0.00140	0.00560	0.00420	0.00233	0.00747
27	0.86760	0.00912	0.00693	0.00620	0.00912	0.01058	0.00511	0.01386	0.00802	0.02115	0.00657	0.00766	0.00511	0.00438	0.00292	0.00146	0.00365	0.00255	0.00292	0.00511
28	0.01761	0.02247	0.01336	0.01215	0.01458	0.81537	0.00911	0.01883	0.01336	0.01154	0.00729	0.00850	0.00607	0.00486	0.00425	0.00121	0.00850	0.00304	0.00243	0.00547
29	0.00560	0.00478	0.00482	0.00481	0.00639	0.00399	0.00361	0.00682	0.01082	0.01290	0.06753	0.04511	0.78310	0.01188	0.00557	0.00159	0.00238	0.00991	0.00440	0.00399
30	0.86760	0.00912	0.00693	0.00620	0.00912	0.01058	0.00511	0.01386	0.00802	0.02115	0.00657	0.00766	0.00511	0.00438	0.00292	0.00146	0.00365	0.00255	0.00292	0.00511
31	0.01173	0.01013	0.01066	0.00960	0.01226	0.01173	0.00746	0.02505	0.79636	0.01972	0.01919	0.01759	0.01439	0.00640	0.00480	0.00160	0.00373	0.00533	0.00480	0.00746
32	0.86760	0.00912	0.00693	0.00620	0.00912	0.01058	0.00511	0.01386	0.00802	0.02115	0.00657	0.00766	0.00511	0.00438	0.00292	0.00146	0.00365	0.00255	0.00292	0.00511
33	0.00557	0.00478	0.00478	0.00478	0.00637	0.00398	0.00358	0.00677	0.01075	0.01274	0.04776	0.04538	0.80297	0.01194	0.00557	0.00159	0.00239	0.00995	0.00438	0.00398
34	0.00574	0.00410	0.00547	0.00657	0.00684	0.00383	0.00438	0.00657	0.00903	0.01204	0.02599	0.83122	0.03119	0.01477	0.00602	0.00191	0.00274	0.01340	0.00438	0.00383
35	0.02115	0.00802	0.01094	0.00839	0.01204	0.00693	0.00693	0.02298	0.01350	0.80815	0.01860	0.01605	0.01167	0.00584	0.00474	0.00146	0.00401	0.00474	0.00584	0.00802
36	0.00760	0.00543	0.00760	0.00868	0.00977	0.00543	0.00760	0.00977	0.01085	0.01411	0.02496	0.05319	0.02714	0.01303	0.00651	0.00217	0.00434	0.77315	0.00434	0.00434
37	0.07472	0.00844	0.00956	0.00692	0.01102	0.00661	0.00555	0.01202	0.00964	0.01580	0.00824	0.00962	0.00684	0.00356	0.00345	0.00076	0.00350	0.00278	0.00280	0.79817
38	0.01233	0.76082	0.07912	0.00854	0.01269	0.01802	0.00877	0.01411	0.00955	0.01137	0.00668	0.00780	0.00605	0.00417	0.00342	0.00107	0.02477	0.00263	0.00202	0.00609
39	0.02115	0.00802	0.01094	0.00839	0.01204	0.00693	0.00693	0.02298	0.01350	0.80815	0.01860	0.01605	0.01167	0.00584	0.00474	0.00146	0.00401	0.00474	0.00584	0.00802
40	0.00686	0.00457	0.00514	0.00514	0.00514	0.00457	0.00286	0.00686	0.00686	0.00914	0.01486	0.03086	0.01714	0.83430	0.02400	0.00457	0.00457	0.00686	0.00286	0.00286
41	0.01127	0.01080	0.01842	0.14298	0.69395	0.01110	0.01427	0.01412	0.01055	0.01492	0.00880	0.01180	0.00730	0.00427	0.00467	0.00142	0.00570	0.00420	0.00230	0.00715
42	0.01641	0.02047	0.01354	0.01219	0.01422	0.68373	0.00931	0.01760	0.01235	0.01151	0.00711	0.00880	0.00609	0.00542	0.00610	0.00135	0.14280	0.00322	0.00237	0.00542
43	0.02091	0.00842	0.01118	0.00858	0.01223	0.00751	0.00708	0.08098	0.01415	0.74922	0.01805	0.01569	0.01140	0.00582	0.00474	0.00146	0.00410	0.00470	0.00575	0.00802
44	0.86760	0.00912	0.00693	0.00620	0.00912	0.01058	0.00511	0.01386	0.00802	0.02115	0.00657	0.00766	0.00511	0.00438	0.00292	0.00146	0.00365	0.00255	0.00292	0.00511
45	0.00574	0.00410	0.00547	0.00657	0.00684	0.00383	0.00438	0.00657	0.00903	0.01204	0.02599	0.83122	0.03119	0.01477	0.00602	0.00191	0.00274	0.01340	0.00438	0.00383
46	0.00674	0.00503	0.00747	0.00747	0.00827	0.00584	0.00576	0.00835	0.00755	0.01087	0.01273	0.01907	0.01203	0.07082	0.78048	0.00744	0.01227	0.00513	0.00254	0.00415
47	0.00674	0.00486	0.00639	0.00612	0.00723	0.00451	0.00466	0.00896	0.01318	0.01858	0.74995	0.03643	0.04332	0.00987	0.00563	0.00153	0.00237	0.06011	0.00513	0.00444
48	0.86760	0.00912	0.00693	0.00620	0.00912	0.01058	0.00511	0.01386	0.00802	0.02115	0.00657	0.00766	0.00511	0.00438	0.00292	0.00146	0.00365	0.00255	0.00292	0.00511
49	0.00574	0.00410	0.00547	0.00657	0.00684	0.00383	0.00438	0.00657	0.00903	0.01204	0.02599	0.83122	0.03119	0.01477	0.00602	0.00191	0.00274	0.01340	0.00438	0.00383
50	0.00685	0.00458	0.00521	0.00519	0.00525	0.00456	0.00294	0.00697	0.00721	0.00968	0.05813	0.03110	0.01864	0.78898	0.02299	0.00440	0.00444	0.00695	0.00299	0.00294
51	0.83003	0.00907	0.00711	0.00630	0.00925	0.01042	0.00519	0.01426	0.00827	0.05608	0.00710	0.00803	0.00540	0.00444	0.00300	0.00146	0.00366	0.00265	0.00305	0.00524
52	0.01173	0.01013	0.01066	0.00960	0.01226	0.01173	0.00746	0.02505	0.79636	0.01972	0.01919	0.01759	0.01439	0.00640	0.00480	0.00160	0.00373	0.00533	0.00480	0.00746
53	0.00623	0.00442	0.00590	0.00691	0.00734	0.00423	0.00495	0.00727	0.00925	0.01226	0.02493	0.60383	0.02925	0.07644	0.00749	0.00217	0.00322	0.17578	0.00425	0.00387
54	0.00578	0.00461	0.00497	0.00519	0.00630	0.00403	0.00365	0.00674	0.00987	0.01211	0.03888	0.20364	0.53944	0.12363	0.00815	0.00206	0.00275	0.01024	0.00417	0.00380
55	0.00723	0.00517	0.00718	0.00827	0.00919	0.00511	0.00696	0.00914	0.01049	0.01370	0.02517	0.20653	0.02793	0.01337	0.00642	0.00212	0.00403	0.62340	0.00435	0.00424
56	0.86760	0.00912	0.00693	0.00620	0.00912	0.01058	0.00511	0.01386	0.00802	0.02115	0.00657	0.00766	0.00511	0.00438	0.00292	0.00146	0.00365	0.00255	0.00292	0.00511
57	0.01782	0.00731	0.00978	0.00783	0.01079	0.00643	0.00626	0.01965	0.02442	0.62368	0.08024	0.05824	0.02805	0.06938	0.00634	0.00172	0.00382	0.00570	0.00545	0.00708
58	0.00578	0.00478	0.00506	0.00499	0.00649	0.00407	0.00374	0.00716	0.01123	0.01388	0.18767	0.04349	0.66235	0.01151	0.00557	0.00157	0.00236	0.00969	0.00453	0.00407
59	0.00879	0.00439	0.00439	0.00439	0.00549	0.00439	0.00330	0.01099	0.00989	0.01758	0.01538	0.01758	0.01209	0.00549	0.00330	0.00110	0.00220	0.00439	0.86047	0.00439
60	0.01173	0.01013	0.01066	0.00960	0.01226	0.01173	0.00746	0.02505	0.79636	0.01972	0.01919	0.01759	0.01439	0.00640	0.00480	0.00160	0.00373	0.00533	0.00480	0.00746
61	0.01032	0.01032	0.01444	0.01238	0.01238	0.01444	0.01032	0.01135	0.00722	0.01135	0.00619	0.01032	0.00619	0.00825	0.01547	0.00206	0.82567	0.00413	0.00206	0.00516
62	0.00879	0.00439	0.00439	0.00439	0.00549	0.00439	0.00330	0.01099	0.00989	0.01758	0.01538	0.01758	0.01209	0.00549	0.00330	0.00110	0.00220	0.00439	0.86047	0.00439
63	0.00760	0.00543	0.00760	0.00868	0.00977	0.00543	0.00760	0.00977	0.01085	0.01411	0.02496	0.05319	0.02714	0.01303	0.00651	0.00217	0.00434	0.77315	0.00434	0.00434
64	0.01032	0.01032	0.01444	0.01238	0.01238	0.01444	0.01032	0.01135	0.00722	0.01135	0.00619	0.01032	0.00619	0.00825	0.01547	0.00206	0.82567	0.00413	0.00206	0.00516
65	0.00737	0.00535	0.00728	0.00824	0.00939	0.00526	0.00715	0.00943	0.01084	0.01396	0.02753	0.05231	0.11436	0.01290	0.00641	0.00211	0.00412	0.68734	0.00435	0.00430
66	0.00574	0.00410	0.00547	0.00657	0.00684	0.00383	0.00438	0.00657	0.00903	0.01204	0.02599	0.83122	0.03119	0.01477	0.00602	0.00191	0.00274	0.01340	0.00438	0.00383
67	0.00667	0.00482	0.00630	0.00593	0.00704	0.00445	0.00445	0.00890	0.01335	0.01891	0.80239	0.03522	0.04449	0.00964	0.00556	0.00148	0.00222	0.00853	0.00519	0.00445
68	0.06467	0.01471	0.01474	0.24331	0.23047	0.32671	0.01142	0.01547	0.01124	0.01329	0.00797	0.01044	0.00645	0.00461	0.00441	0.00138	0.00681	0.00364	0.00234	0.00592
69	0.00923	0.00482	0.00487	0.00471	0.00594	0.00489	0.00357	0.04866	0.01048	0.01817	0.01518	0.01728	0.01189	0.00550	0.00336	0.00111	0.00234	0.00439	0.81904	0.00457
70	0.01763	0.01256	0.01354	0.01043	0.01407	0.01379	0.00860	0.71812	0.02120	0.06340	0.01184	0.01183	0.00837	0.00566	0.00465	0.00140	0.00499	0.00427	0.04580	0.00784
71	0.01013	0.01005	0.01418	0.04379	0.01302	0.01397	0.01026	0.01127	0.00732	0.01136	0.00651	0.01071	0.00640	0.00912	0.04461	0.00225	0.76370	0.00416	0.00208	0.00513
72	0.00946	0.02439	0.80987	0.01344	0.02041	0.01095	0.01742	0.01493	0.00995	0.01493	0.00846	0.00995	0.00597	0.00448	0.00448	0.00149	0.00697	0.00348	0.00199	0.00697
73	0.00574	0.00410	0.00547	0.00657	0.00684	0.00383	0.00438	0.00657	0.00903	0.01204	0.02599	0.83122	0.03119	0.01477	0.00602	0.00191	0.00274	0.01340	0.00438	0.00383
74	0.00923	0.00482	0.00487	0.00471	0.00594	0.00489	0.00357	0.04895	0.01049	0.01817	0.01518	0.01727	0.01189	0.00550	0.00337	0.00111	0.00234	0.00439	0.81872	0.00457
75	0.00923	0.00890	0.01602	0.61157	0.02903	0.01029	0.15659	0.01245	0.00991	0.01309	0.03963	0.01366	0.00814	0.00480	0.00485	0.00155	0.00629	0.00462	0.03398	0.00538
76	0.00890	0.00838	0.01414	0.82296	0.03247	0.01048	0.01309	0.01205	0.00943	0.01205	0.00838	0.01257	0.00629	0.00471	0.00471	0.00157	0.00629	0.00419	0.00210	0.00524
77	0.00593	0.00423	0.00542	0.00626	0.00659	0.00396	0.00413	0.00671	0.00898	0.01193	0.05559	0.65063	0.06740	0.12850	0.00848	0.00225	0.00295	0.01214	0.00420	0.00373
78	0.01109	0.01298	0.04521	0.01973	0.02455	0.01190	0.77063	0.01510	0.01110	0.01510	0.00951	0.01266	0.00713	0.00399	0.00554	0.00159	0.00793	0.00552	0.00238	0.00637
79	0.00891	0.00879	0.01687	0.03110	0.02873	0.00836	0.37249	0.01189	0.01188	0.01642	0.34306	0.04263	0.04809	0.00695	0.00573	0.00156	0.02045	0.00705	0.00366	0.00540
80	0.00978	0.00838	0.00978	0.00698	0.01117	0.00629	0.00559	0.01187	0.00978	0.01536	0.00838	0.00978	0.00698	0.00349	0.00349	0.00070	0.00349	0.00279	0.00279	0.86312
81	0.01882	0.01177	0.01326	0.01017	0.01391	0.01250	0.00840	0.57733	0.01977	0.24493	0.01333	0.01263	0.00903	0.00571	0.00472	0.00143	0.00486	0.00438	0.00503	0.00802
82	0.00597	0.00426	0.00573	0.00682	0.00719	0.00402	0.00476	0.00695	0.00925	0.01229	0.02586	0.73779	0.03070	0.01456	0.00608	0.00195	0.00293	0.10464	0.00437	0.00389
83	0.05563	0.26727	0.01661	0.01017	0.01348	0.28907	0.00849	0.21954	0.04902	0.01698	0.00862	0.00932	0.00690	0.00486	0.00396	0.00123	0.00614	0.00328	0.00303	0.00639
84	0.00686	0.00457	0.00514	0.00514	0.00514	0.00457	0.00286	0.00686	0.00686	0.00914	0.01486	0.03086	0.01714	0.83430	0.02400	0.00457	0.00457	0.00686	0.00286	0.00286
85	0.01728	0.03582	0.01371	0.01006	0.01390	0.01160	0.04305	0.43664	0.01751	0.22745	0.01261	0.01230	0.00873	0.00531	0.00456	0.00133	0.00479	0.00420	0.00458	0.11458
86	0.07262	0.19980	0.50105	0.01152	0.01720	0.03261	0.01365	0.07338	0.01074	0.01558	0.00810	0.00934	0.00608	0.00447	0.00406	0.00137	0.00621	0.00325	0.00228	0.00668
87	0.00667	0.00482	0.00630	0.00593	0.00704	0.00445	0.00445	0.00890	0.01335	0.01891	0.80239	0.03522	0.04449	0.00964	0.00556	0.00148	0.00222	0.00853	0.00519	0.00445
88	0.13762	0.00660	0.00765	0.00646	0.00886	0.00632	0.00517	0.01602	0.01150	0.33893	0.10992	0.01764	0.01480	0.00597	0.00410	0.00134	0.00315	0.00477	0.28721	0.00598
89	0.00786	0.00642	0.01051	0.00911	0.01049	0.00686	0.13381	0.02321	0.00840	0.01199	0.01255	0.01957	0.01189	0.17824	0.45980	0.00546	0.02425	0.00541	0.04976	0.00440
90	0.01149	0.00721	0.00911	0.21130	0.01434	0.04286	0.00706	0.05546	0.01057	0.13743	0.01244	0.01489	0.00951	0.00757	0.02424	0.12593	0.00445	0.00430	0.28477	0.00507
91	0.01860	0.01212	0.01347	0.01033	0.01408	0.01300	0.00853	0.62780	0.02034	0.19366	0.01285	0.01232	0.00879	0.00570	0.00472	0.00142	0.00494	0.00435	0.00495	0.00802
92	0.00685	0.00458	0.00517	0.00516	0.00519	0.00457	0.00290	0.00691	0.00702	0.00938	0.03418	0.03096	0.01781	0.81406	0.02355	0.00450	0.00451	0.00690	0.00291	0.00290
93	0.00992	0.06746	0.70688	0.01280	0.01928	0.01133	0.01613	0.04906	0.01058	0.01550	0.03318	0.01067	0.00727	0.00467	0.00444	0.00146	0.00664	0.00362	0.00221	0.00689
94	0.01390	0.01121	0.01189	0.01004	0.01309	0.01274	0.00799	0.29352	0.52436	0.02323	0.01643	0.01539	0.01215	0.00614	0.00477	0.00153	0.00424	0.00495	0.00477	0.00766
95	0.86760	0.00912	0.00693	0.00620	0.00912	0.01058	0.00511	0.01386	0.00802	0.02115	0.00657	0.00766	0.00511	0.00438	0.00292	0.00146	0.00365	0.00255	0.00292	0.00511
96	0.00978	0.00838	0.00978	0.00698	0.01117	0.00629	0.00559	0.01187	0.00978	0.01536	0.00838	0.00978	0.00698	0.00349	0.00349	0.00070	0.00349	0.00279	0.00279	0.86312
97	0.00841	0.00614	0.02465	0.00665	0.00830	0.00547	0.00513	0.07160	0.01127	0.07584	0.09567	0.25489	0.24350	0.03746	0.04192	0.00196	0.00353	0.02497	0.02675	0.04587
98	0.69109	0.00908	0.00779	0.00673	0.00973	0.01019	0.00553	0.04450	0.02999	0.11891	0.02435	0.00964	0.00705	0.00476	0.00331	0.00146	0.00372	0.00308	0.00344	0.00563
99	0.00578	0.00416	0.00548	0.00652	0.00688	0.00387	0.00441	0.00664	0.00915	0.01211	0.02701	0.77725	0.06811	0.01460	0.00601	0.00190	0.00275	0.02914	0.00438	0.00385
100	0.01013	0.00943	0.01571	0.71153	0.09586	0.01107	0.04788	0.01301	0.01018	0.01332	0.00936	0.01369	0.00727	0.00523	0.00513	0.00172	0.00658	0.00454	0.00244	0.00593
101	0.00941	0.00870	0.01434	0.75614	0.06162	0.01069	0.01296	0.04663	0.01004	0.01296	0.00853	0.01248	0.00641	0.00474	0.00471	0.00156	0.00621	0.00419	0.00222	0.00545
102	0.00674	0.00505	0.00758	0.00758	0.00842	0.00589	0.00589	0.00842	0.00758	0.01095	0.01263	0.01852	0.01179	0.03536	0.81561	0.00758	0.01263	0.00505	0.00253	0.00421
103	0.07549	0.01254	0.01342	0.01035	0.01406	0.01377	0.00855	0.67902	0.02056	0.08790	0.01155	0.01143	0.00810	0.00559	0.00460	0.00142	0.00500	0.00417	0.00468	0.00782
104	0.02806	0.01023	0.01419	0.01461	0.16637	0.05709	0.07366	0.03680	0.04738	0.01397	0.01387	0.04332	0.08363	0.00828	0.02990	0.00190	0.28714	0.06105	0.00286	0.00569
105	0.00674	0.00508	0.00626	0.00684	0.00763	0.00499	0.00482	0.02643	0.09160	0.01385	0.08404	0.58415	0.09390	0.01304	0.00580	0.00182	0.00287	0.03127	0.00449	0.00437
106	0.02044	0.00787	0.01071	0.00827	0.01179	0.00681	0.00681	0.02229	0.01349	0.76941	0.05708	0.01699	0.01328	0.00602	0.00478	0.00146	0.00392	0.00493	0.00580	0.00785
107	0.00984	0.00915	0.01442	0.55370	0.16105	0.01081	0.01240	0.01460	0.13898	0.01388	0.01024	0.01324	0.00782	0.00490	0.00472	0.00155	0.00575	0.00438	0.00258	0.00598
108	0.01227	0.01345	0.01409	0.40506	0.11131	0.28075	0.01143	0.03093	0.02511	0.01278	0.00955	0.01219	0.03131	0.00498	0.00458	0.00143	0.00676	0.00400	0.00241	0.00562
109	0.00636	0.00488	0.00592	0.00646	0.00748	0.00457	0.00485	0.00820	0.04517	0.01347	0.08669	0.33909	0.28427	0.01279	0.00588	0.00181	0.00292	0.15058	0.00445	0.00418
110	0.00591	0.00479	0.00524	0.00513	0.00657	0.00412	0.00384	0.00741	0.01153	0.01460	0.27602	0.04230	0.57355	0.01124	0.00557	0.00156	0.00234	0.00952	0.00462	0.00412
111	0.01453	0.01576	0.01196	0.01077	0.01336	0.37335	0.00824	0.04099	0.42511	0.01629	0.01364	0.01335	0.01049	0.00569	0.00455	0.00142	0.00591	0.00427	0.00373	0.00658
112	0.00941	0.00775	0.00872	0.00854	0.01040	0.00853	0.00668	0.01744	0.44383	0.01676	0.02372	0.16090	0.08095	0.00957	0.00541	0.00177	0.00359	0.16548	0.00460	0.00595
113	0.00686	0.00457	0.00514	0.00514	0.00514	0.00457	0.00286	0.00686	0.00686	0.00914	0.01486	0.03086	0.01714	0.83430	0.02400	0.00457	0.00457	0.00686	0.00286	0.00286
114	0.00574	0.00410	0.00547	0.00657	0.00684	0.00383	0.00438	0.00657	0.00903	0.01204	0.02599	0.83122	0.03119	0.01477	0.00602	0.00191	0.00274	0.01340	0.00438	0.00383
115	0.00680	0.00465	0.00533	0.00524	0.00580	0.00445	0.00338	0.00767	0.00919	0.01267	0.21645	0.03274	0.12079	0.46326	0.01553	0.00317	0.00353	0.00747	0.06837	0.00351
116	0.00557	0.00478	0.00478	0.00478	0.00637	0.00398	0.00358	0.00677	0.01075	0.01274	0.04776	0.04538	0.80297	0.01194	0.00557	0.00159	0.00239	0.00995	0.00438	0.00398
117	0.01173	0.01013	0.01066	0.00960	0.01226	0.01173	0.00746	0.02505	0.79636	0.01972	0.01919	0.01759	0.01439	0.00640	0.00480	0.00160	0.00373	0.00533	0.00480	0.00746
118	0.01113	0.01272	0.02782	0.01987	0.02464	0.01192	0.78776	0.01510	0.01113	0.01510	0.00954	0.01272	0.00715	0.00397	0.00556	0.00159	0.00795	0.00556	0.00238	0.00636
119	0.00581	0.00462	0.00526	0.00572	0.00683	0.00406	0.00421	0.00698	0.01020	0.01263	0.03858	0.30247	0.48023	0.01296	0.00580	0.00175	0.00268	0.08087	0.00437	0.00396
120	0.86760	0.00912	0.00693	0.00620	0.00912	0.01058	0.00511	0.01386	0.00802	0.02115	0.00657	0.00766	0.00511	0.00438	0.00292	0.00146	0.00365	0.00255	0.00292	0.00511
121	0.00686	0.00457	0.00514	0.00514	0.00514	0.00457	0.00286	0.00686	0.00686	0.00914	0.01486	0.03086	0.01714	0.83430	0.02400	0.00457	0.00457	0.00686	0.00286	0.00286
122	0.00879	0.00439	0.00439	0.00439	0.00549	0.00439	0.00330	0.01099	0.00989	0.01758	0.01538	0.01758	0.01209	0.00549	0.00330	0.00110	0.00220	0.00439	0.86047	0.00439
123	0.00879	0.00439	0.00439	0.00439	0.00549	0.00439	0.00330	0.01099	0.00989	0.01758	0.01538	0.01758	0.01209	0.00549	0.00330	0.00110	0.00220	0.00439	0.86047	0.00439
124	0.00667	0.00482	0.00630	0.00593	0.00704	0.00445	0.00445	0.00890	0.01335	0.01891	0.80239	0.03522	0.04449	0.00964	0.00556	0.00148	0.00222	0.00853	0.00519	0.00445
125	0.00674	0.00505	0.00758	0.00758	0.00842	0.00589	0.00589	0.00842	0.00758	0.01095	0.01263	0.01852	0.01179	0.03536	0.81561	0.00758	0.01263	0.00505	0.00253	0.00421
126	0.00686	0.00457	0.00514	0.00514	0.00514	0.00457	0.00286	0.00686	0.00686	0.00914	0.01486	0.03086	0.01714	0.83430	0.02400	0.00457	0.00457	0.00686	0.00286	0.00286
127	0.00620	0.00446	0.00588	0.00625	0.00694	0.00413	0.00441	0.00771	0.01115	0.01541	0.40723	0.44035	0.03772	0.01225	0.00579	0.00170	0.00248	0.01101	0.00478	0.00413
128	0.00686	0.00457	0.00514	0.00514	0.00514	0.00457	0.00286	0.00686	0.00686	0.00914	0.01486	0.03086	0.01714	0.83430	0.02400	0.00457	0.00457	0.00686	0.00286	0.00286
129	0.00667	0.00482	0.00630	0.00593	0.00704	0.00445	0.00445	0.00890	0.01335	0.01891	0.80239	0.03522	0.04449	0.00964	0.00556	0.00148	0.00222	0.00853	0.00519	0.00445
130	0.02115	0.00802	0.01094	0.00839	0.01204	0.00693	0.00693	0.02298	0.01350	0.80815	0.01860	0.01605	0.01167	0.00584	0.00474	0.00146	0.00401	0.00474	0.00584	0.00802
131	0.01011	0.00555	0.00758	0.00788	0.04353	0.00510	0.00544	0.01141	0.01064	0.21250	0.11855	0.41689	0.02578	0.07060	0.00689	0.00192	0.00329	0.02664	0.00464	0.00506
132	0.01761	0.02247	0.01336	0.01215	0.01458	0.81537	0.00911	0.01883	0.01336	0.01154	0.00729	0.00850	0.00607	0.00486	0.00425	0.00121	0.00850	0.00304	0.00243	0.00547
133	0.00583	0.00447	0.00534	0.00579	0.00669	0.00398	0.00409	0.00701	0.01036	0.01339	0.15730	0.40761	0.32541	0.01289	0.00578	0.00172	0.00252	0.01132	0.00451	0.00398
134	0.01098	0.01091	0.01981	0.19559	0.48564	0.01119	0.16817	0.01408	0.01054	0.01463	0.00890	0.01207	0.00715	0.00426	0.00486	0.00147	0.00621	0.00447	0.00229	0.00677
135	0.01068	0.23731	0.56500	0.01197	0.01794	0.05244	0.01456	0.01491	0.01002	0.01376	0.00790	0.00926	0.00600	0.00438	0.00409	0.00135	0.00654	0.00321	0.00202	0.00665
136	0.00659	0.00482	0.00619	0.00584	0.00699	0.00441	0.00438	0.00874	0.01315	0.01844	0.74527	0.03599	0.10191	0.00981	0.00556	0.00149	0.00224	0.00863	0.00513	0.00441
137	0.00652	0.00497	0.00609	0.00627	0.00755	0.00455	0.00500	0.00835	0.01169	0.01528	0.30514	0.04400	0.32242	0.01144	0.00583	0.00171	0.00287	0.22144	0.00465	0.00424
138	0.03417	0.46414	0.01843	0.00817	0.01201	0.01346	0.00752	0.01791	0.01123	0.35321	0.01172	0.01121	0.00844	0.00481	0.00376	0.00121	0.00457	0.00347	0.00367	0.00688
139	0.01029	0.01031	0.01476	0.03778	0.01330	0.01426	0.02948	0.01146	0.00739	0.01146	0.00634	0.01044	0.00622	0.00804	0.01490	0.00204	0.78011	0.00416	0.00207	0.00519
140	0.00674	0.00505	0.00758	0.00758	0.00842	0.00589	0.00589	0.00842	0.00758	0.01095	0.01263	0.01852	0.01179	0.03536	0.81561	0.00758	0.01263	0.00505	0.00253	0.00421
141	0.00699	0.00465	0.00597	0.00597	0.00621	0.00489	0.00389	0.00722	0.00698	0.00954	0.01339	0.02526	0.01449	0.50280	0.25156	0.11156	0.00684	0.00599	0.00266	0.00315
142	0.00900	0.00720	0.00980	0.02369	0.18133	0.02458	0.01808	0.01092	0.03050	0.04552	0.16602	0.02689	0.08513	0.23502	0.01029	0.00232	0.00421	0.05197	0.00354	0.05399

[dist]
# distance from previous block
# <min> <max>
0	3

[block]
# block no. 3 follows, 54 sequences, length 140
# corresponding to MSA columns:
# 314-453
name=unknown_D
#
# <colnr> <probs for GDERKNQSTAVLIFYWHMCP>
#	G	D	E	R	K	N	Q	S	T	A	V	L	I	F	Y	W	H	M	C	P
0	0.00605	0.00449	0.00571	0.00653	0.00724	0.00415	0.00475	0.00723	0.00985	0.01279	0.06001	0.51187	0.18795	0.01371	0.00599	0.00188	0.00291	0.13853	0.00440	0.00397
1	0.01268	0.42090	0.01863	0.00935	0.01245	0.14266	0.00826	0.02931	0.01005	0.01223	0.00698	0.00860	0.00626	0.00485	0.00549	0.00119	0.14798	0.00296	0.00226	0.13690
2	0.00861	0.00694	0.00817	0.00782	0.02560	0.00735	0.00581	0.01494	0.30764	0.01845	0.41411	0.04724	0.06164	0.00942	0.03355	0.00175	0.00324	0.00729	0.00484	0.00560
3	0.00972	0.00961	0.01713	0.49821	0.09956	0.01104	0.16727	0.01307	0.02879	0.01308	0.00886	0.01261	0.00687	0.00544	0.02246	0.00172	0.06212	0.00451	0.00225	0.00569
4	0.00609	0.00478	0.00551	0.00536	0.00670	0.00420	0.00401	0.00777	0.01193	0.01563	0.40284	0.05766	0.42884	0.01092	0.00558	0.00155	0.00232	0.00936	0.00476	0.00420
5	0.00675	0.00501	0.00737	0.00737	0.00814	0.00578	0.00563	0.00828	0.00752	0.01079	0.01282	0.01959	0.01225	0.10455	0.74705	0.00732	0.01193	0.00521	0.00255	0.00409
6	0.00574	0.00410	0.00547	0.00657	0.00684	0.00383	0.00438	0.00657	0.00903	0.01204	0.02599	0.83122	0.03119	0.01477	0.00602	0.00191	0.00274	0.01340	0.00438	0.00383
7	0.00650	0.00493	0.00604	0.00662	0.00745	0.00476	0.00474	0.00871	0.08209	0.01346	0.08559	0.49044	0.16026	0.03082	0.00622	0.00188	0.00289	0.06790	0.00444	0.00425
8	0.00581	0.00435	0.00541	0.00622	0.00689	0.00396	0.00436	0.00680	0.00958	0.01234	0.03158	0.58256	0.23123	0.01394	0.00593	0.00185	0.00274	0.05619	0.00438	0.00390
9	0.00643	0.00468	0.00620	0.00713	0.00787	0.00445	0.00548	0.00782	0.00999	0.01304	0.04626	0.43949	0.11499	0.01370	0.00614	0.00196	0.00328	0.29266	0.00438	0.00405
10	0.00574	0.00410	0.00547	0.00657	0.00684	0.00383	0.00438	0.00657	0.00903	0.01204	0.02599	0.83122	0.03119	0.01477	0.00602	0.00191	0.00274	0.01340	0.00438	0.00383
11	0.11019	0.00531	0.00579	0.00589	0.00730	0.00502	0.00446	0.00854	0.01046	0.03383	0.14033	0.18799	0.35083	0.02723	0.00576	0.00173	0.00284	0.07791	0.00432	0.00426
12	0.00978	0.00838	0.00978	0.00698	0.01117	0.00629	0.00559	0.01187	0.00978	0.01536	0.00838	0.00978	0.00698	0.00349	0.00349	0.00070	0.00349	0.00279	0.00279	0.86312
13	0.00760	0.00543	0.00760	0.00868	0.00977	0.00543	0.00760	0.00977	0.01085	0.01411	0.02496	0.05319	0.02714	0.01303	0.00651	0.00217	0.00434	0.77315	0.00434	0.00434
14	0.00599	0.00479	0.00536	0.00522	0.00663	0.00416	0.00391	0.00758	0.01174	0.01510	0.33623	0.04149	0.51303	0.01106	0.00557	0.00155	0.00233	0.00941	0.00469	0.00416
15	0.02743	0.00509	0.00650	0.00676	0.00787	0.00459	0.00487	0.00848	0.00977	0.04395	0.09165	0.55105	0.02754	0.01213	0.00555	0.00170	0.00296	0.06018	0.00426	0.11767
16	0.00577	0.00419	0.00545	0.00640	0.00681	0.00387	0.00432	0.00668	0.00935	0.01239	0.06174	0.73491	0.09207	0.01433	0.00596	0.00187	0.00269	0.01292	0.00441	0.00387
17	0.01761	0.02247	0.01336	0.01215	0.01458	0.81537	0.00911	0.01883	0.01336	0.01154	0.00729	0.00850	0.00607	0.00486	0.00425	0.00121	0.00850	0.00304	0.00243	0.00547
18	0.00586	0.00417	0.00554	0.00659	0.00688	0.00392	0.00444	0.00670	0.00901	0.01200	0.02550	0.76898	0.03046	0.04789	0.00677	0.00203	0.00287	0.04226	0.00431	0.00381
19	0.00655	0.00472	0.00619	0.00602	0.00702	0.00437	0.00444	0.00859	0.01277	0.01799	0.69909	0.14113	0.04272	0.01032	0.00562	0.00154	0.00229	0.00918	0.00508	0.00437
20	0.01002	0.00952	0.01616	0.50262	0.34410	0.01077	0.01365	0.01302	0.00996	0.01340	0.00858	0.01221	0.00676	0.00451	0.00470	0.00150	0.00601	0.00419	0.00219	0.00614
21	0.01710	0.02140	0.01313	0.01193	0.01438	0.74577	0.00897	0.01937	0.08117	0.01225	0.00832	0.00929	0.00679	0.00499	0.00430	0.00125	0.00809	0.00324	0.00263	0.00564
22	0.00574	0.00410	0.00547	0.00657	0.00684	0.00383	0.00438	0.00657	0.00903	0.01204	0.02599	0.83122	0.03119	0.01477	0.00602	0.00191	0.00274	0.01340	0.00438	0.00383
23	0.01167	0.01120	0.01914	0.02894	0.80488	0.01120	0.01447	0.01447	0.01074	0.01540	0.00887	0.01167	0.00747	0.00420	0.00467	0.00140	0.00560	0.00420	0.00233	0.00747
24	0.00674	0.00503	0.00748	0.00748	0.00829	0.00584	0.00577	0.00836	0.00755	0.01087	0.01272	0.01901	0.01200	0.06682	0.78444	0.00746	0.01231	0.00512	0.00254	0.00416
25	0.00574	0.00412	0.00545	0.00651	0.00682	0.00383	0.00435	0.00657	0.00908	0.01206	0.02667	0.80648	0.05548	0.01468	0.00600	0.00190	0.00272	0.01330	0.00438	0.00383
26	0.01246	0.00996	0.01068	0.00950	0.01224	0.01135	0.00742	0.02489	0.73520	0.08132	0.01914	0.01747	0.01418	0.00635	0.00479	0.00159	0.00375	0.00528	0.00488	0.00751
27	0.00978	0.00838	0.00978	0.00698	0.01117	0.00629	0.00559	0.01187	0.00978	0.01536	0.00838	0.00978	0.00698	0.00349	0.00349	0.00070	0.00349	0.00279	0.00279	0.86312
28	0.00653	0.00479	0.00595	0.00568	0.00674	0.00439	0.00415	0.00836	0.01225	0.01693	0.60535	0.03622	0.15228	0.10087	0.00759	0.00184	0.00251	0.00855	0.00481	0.00420
29	0.01792	0.01321	0.01415	0.01085	0.01462	0.01462	0.00896	0.78916	0.02217	0.02972	0.01132	0.01132	0.00802	0.00566	0.00472	0.00142	0.00519	0.00425	0.00472	0.00802
30	0.00598	0.00420	0.00540	0.00627	0.00648	0.00398	0.00406	0.00663	0.00857	0.01143	0.02366	0.66402	0.02825	0.18597	0.00977	0.00247	0.00312	0.01204	0.00406	0.00363
31	0.00749	0.00501	0.00574	0.00547	0.00678	0.00446	0.00394	0.00867	0.01063	0.08625	0.18125	0.06787	0.39368	0.18103	0.00932	0.00219	0.00297	0.00869	0.00435	0.00420
32	0.02115	0.00802	0.01094	0.00839	0.01204	0.00693	0.00693	0.02298	0.01350	0.80815	0.01860	0.01605	0.01167	0.00584	0.00474	0.00146	0.00401	0.00474	0.00584	0.00802
33	0.02030	0.00940	0.01180	0.00904	0.01272	0.00898	0.00747	0.22670	0.01580	0.60117	0.01667	0.01479	0.01070	0.00579	0.00473	0.00145	0.00432	0.00461	0.00554	0.00802
34	0.00642	0.00470	0.00556	0.00572	0.00685	0.00421	0.00421	0.00787	0.01098	0.02868	0.23520	0.22330	0.33404	0.02542	0.00592	0.00169	0.00257	0.04422	0.03829	0.00415
35	0.00574	0.00410	0.00547	0.00657	0.00684	0.00383	0.00438	0.00657	0.00903	0.01204	0.02599	0.83122	0.03119	0.01477	0.00602	0.00191	0.00274	0.01340	0.00438	0.00383
36	0.01173	0.01013	0.01066	0.00960	0.01226	0.01173	0.00746	0.02505	0.79636	0.01972	0.01919	0.01759	0.01439	0.00640	0.00480	0.00160	0.00373	0.00533	0.00480	0.00746
37	0.00671	0.00485	0.00608	0.00578	0.00701	0.00439	0.00433	0.00870	0.01274	0.03231	0.62586	0.05980	0.18361	0.01014	0.00556	0.00152	0.00230	0.00886	0.00503	0.00441
38	0.01474	0.00814	0.00987	0.00835	0.01106	0.00814	0.00660	0.06749	0.23921	0.34723	0.11484	0.09406	0.03428	0.00740	0.00499	0.00154	0.00364	0.00624	0.00522	0.00696
39	0.86760	0.00912	0.00693	0.00620	0.00912	0.01058	0.00511	0.01386	0.00802	0.02115	0.00657	0.00766	0.00511	0.00438	0.00292	0.00146	0.00365	0.00255	0.00292	0.00511
40	0.00574	0.00413	0.00544	0.00649	0.00682	0.00384	0.00434	0.00657	0.00910	0.01206	0.02687	0.79940	0.06244	0.01466	0.00600	0.00190	0.00272	0.01326	0.00438	0.00384
41	0.01750	0.00892	0.01097	0.00872	0.01195	0.00875	0.00709	0.18037	0.10549	0.45254	0.11966	0.01775	0.01552	0.00636	0.00485	0.00147	0.00399	0.00520	0.00540	0.00749
42	0.00648	0.00466	0.00472	0.00472	0.00604	0.00414	0.00345	0.00781	0.01018	0.01360	0.03678	0.03721	0.53645	0.08594	0.00671	0.00174	0.00254	0.00830	0.21455	0.00398
43	0.01327	0.01024	0.01083	0.00916	0.01197	0.01147	0.00729	0.29116	0.38947	0.02267	0.01708	0.01651	0.04378	0.00624	0.00460	0.00147	0.00399	0.00501	0.11665	0.00712
44	0.00686	0.00457	0.00514	0.00514	0.00514	0.00457	0.00286	0.00686	0.00686	0.00914	0.01486	0.03086	0.01714	0.83430	0.02400	0.00457	0.00457	0.00686	0.00286	0.00286
45	0.01024	0.00754	0.00921	0.00815	0.00961	0.00847	0.00625	0.23822	0.01167	0.01602	0.01238	0.01875	0.01157	0.20542	0.34617	0.02561	0.04133	0.00516	0.00322	0.00501
46	0.00676	0.00497	0.00716	0.00716	0.00786	0.00567	0.00538	0.00815	0.00746	0.01064	0.01301	0.02062	0.01270	0.17130	0.68092	0.00707	0.01126	0.00536	0.00258	0.00398
47	0.00717	0.00525	0.00701	0.00780	0.00895	0.00509	0.00664	0.00918	0.01104	0.01432	0.10176	0.06650	0.14383	0.01258	0.00627	0.00201	0.00382	0.57207	0.00443	0.00429
48	0.00574	0.00410	0.00547	0.00657	0.00684	0.00383	0.00438	0.00657	0.00903	0.01204	0.02599	0.83122	0.03119	0.01477	0.00602	0.00191	0.00274	0.01340	0.00438	0.00383
49	0.01065	0.01168	0.02362	0.01739	0.02094	0.01190	0.57664	0.01391	0.01050	0.01462	0.06492	0.01383	0.00960	0.00523	0.00755	0.00168	0.17136	0.00549	0.00252	0.00598
50	0.01290	0.78848	0.02403	0.00831	0.01225	0.06624	0.00813	0.01440	0.00981	0.01112	0.00660	0.00762	0.00605	0.00408	0.00310	0.00102	0.00525	0.00255	0.00204	0.00602
51	0.00574	0.00410	0.00547	0.00657	0.00684	0.00383	0.00438	0.00657	0.00903	0.01204	0.02599	0.83122	0.03119	0.01477	0.00602	0.00191	0.00274	0.01340	0.00438	0.00383
52	0.00978	0.00838	0.00978	0.00698	0.01117	0.00629	0.00559	0.01187	0.00978	0.01536	0.00838	0.00978	0.00698	0.00349	0.00349	0.00070	0.00349	0.00279	0.00279	0.86312
53	0.01431	0.33728	0.01783	0.09436	0.01522	0.24443	0.00896	0.11356	0.01225	0.02956	0.00785	0.00917	0.00648	0.00470	0.00424	0.00121	0.03391	0.00317	0.00259	0.03891
54	0.01045	0.00846	0.00925	0.00832	0.01059	0.00932	0.00645	0.04885	0.49314	0.03784	0.20850	0.02393	0.08957	0.00761	0.00504	0.00156	0.00332	0.00644	0.00488	0.00648
55	0.01197	0.20550	0.01694	0.04661	0.04826	0.07510	0.00990	0.07075	0.00960	0.01288	0.00695	0.00976	0.00634	0.00649	0.00997	0.00165	0.43965	0.00368	0.00229	0.00571
56	0.01283	0.01053	0.01118	0.00975	0.01260	0.01205	0.00767	0.13635	0.66694	0.03790	0.01803	0.01664	0.01341	0.00628	0.00478	0.00157	0.00395	0.00516	0.00481	0.00756
57	0.00667	0.00482	0.00630	0.00593	0.00704	0.00445	0.00445	0.00890	0.01335	0.01891	0.80239	0.03522	0.04449	0.00964	0.00556	0.00148	0.00222	0.00853	0.00519	0.00445
58	0.01195	0.01183	0.01818	0.02627	0.68828	0.06616	0.01358	0.01454	0.01074	0.01498	0.00864	0.01132	0.00730	0.00437	0.00501	0.00138	0.03715	0.00406	0.00235	0.04189
59	0.08088	0.00864	0.00972	0.00708	0.01114	0.00698	0.00568	0.04351	0.01013	0.01642	0.00835	0.00966	0.00687	0.00365	0.00349	0.00079	0.00357	0.00283	0.00288	0.75770
60	0.00678	0.00499	0.00647	0.00629	0.00702	0.00512	0.00454	0.00807	0.00975	0.01352	0.29908	0.06200	0.09213	0.21270	0.18612	0.02186	0.03846	0.00742	0.00376	0.00393
61	0.10112	0.00916	0.01120	0.00867	0.01227	0.00880	0.00716	0.17391	0.01469	0.57898	0.01601	0.01431	0.01032	0.00566	0.00456	0.00145	0.00421	0.00443	0.00534	0.00775
62	0.01397	0.01124	0.01192	0.01005	0.01311	0.01277	0.00800	0.30102	0.51676	0.02333	0.01635	0.01533	0.01209	0.00613	0.00477	0.00153	0.00426	0.00494	0.00477	0.00766
63	0.00819	0.00410	0.00614	0.00614	0.00614	0.00410	0.00410	0.00614	0.00614	0.00819	0.00819	0.01433	0.00819	0.01638	0.01843	0.86282	0.00410	0.00410	0.00205	0.00205
64	0.02024	0.00886	0.01139	0.00876	0.01237	0.00822	0.00723	0.15703	0.01501	0.65246	0.03634	0.01568	0.01183	0.00590	0.00476	0.00145	0.00418	0.00475	0.00562	0.00794
65	0.01140	0.01155	0.02005	0.01522	0.01904	0.01183	0.43442	0.01961	0.36670	0.01720	0.01391	0.01493	0.01043	0.00507	0.00522	0.00159	0.00604	0.00546	0.00348	0.00686
66	0.00574	0.00410	0.00547	0.00657	0.00684	0.00383	0.00438	0.00657	0.00903	0.01204	0.02599	0.83122	0.03119	0.01477	0.00602	0.00191	0.00274	0.01340	0.00438	0.00383
67	0.00978	0.00838	0.00978	0.00698	0.01117	0.00629	0.00559	0.01187	0.00978	0.01536	0.00838	0.00978	0.00698	0.00349	0.00349	0.00070	0.00349	0.00279	0.00279	0.86312
68	0.00574	0.00410	0.00547	0.00657	0.00684	0.00383	0.00438	0.00657	0.00903	0.01204	0.02599	0.83122	0.03119	0.01477	0.00602	0.00191	0.00274	0.01340	0.00438	0.00383
69	0.00675	0.00501	0.00737	0.00737	0.00814	0.00578	0.00563	0.00828	0.00752	0.01079	0.01282	0.01959	0.01225	0.10455	0.74705	0.00732	0.01193	0.00521	0.00255	0.00409
70	0.00686	0.00457	0.00514	0.00514	0.00514	0.00457	0.00286	0.00686	0.00686	0.00914	0.01486	0.03086	0.01714	0.83430	0.02400	0.00457	0.00457	0.00686	0.00286	0.00286
71	0.86760	0.00912	0.00693	0.00620	0.00912	0.01058	0.00511	0.01386	0.00802	0.02115	0.00657	0.00766	0.00511	0.00438	0.00292	0.00146	0.00365	0.00255	0.00292	0.00511
72	0.01173	0.01013	0.01066	0.00960	0.01226	0.01173	0.00746	0.02505	0.79636	0.01972	0.01919	0.01759	0.01439	0.00640	0.00480	0.00160	0.00373	0.00533	0.00480	0.00746
