[name]
unknown

[dist]
# distance from previous block
# <min> <max>
26	457

[block]
# block no. 0 follows, 42 sequences, length 7
# corresponding to MSA columns:
# 477-483
name=unknown_A
#
# <colnr> <probs for GDERKNQSTAVLIFYWHMCP>
#	G	D	E	R	K	N	Q	S	T	A	V	L	I	F	Y	W	H	M	C	P
0	0.01598	0.01257	0.12003	0.01132	0.01499	0.01083	0.01012	0.02286	0.24302	0.25886	0.01984	0.07757	0.01538	0.01137	0.08246	0.00260	0.05044	0.00644	0.00516	0.00817
1	0.00768	0.00549	0.00718	0.00735	0.00817	0.00528	0.00518	0.00941	0.01268	0.01763	0.37375	0.26042	0.04016	0.12826	0.08263	0.00313	0.00440	0.01121	0.00522	0.00480
2	0.16193	0.05452	0.04328	0.01116	0.01458	0.27932	0.00913	0.08812	0.01547	0.12664	0.12764	0.01651	0.01529	0.00677	0.00511	0.00162	0.00658	0.00495	0.00430	0.00708
3	0.01725	0.01123	0.03653	0.01081	0.01427	0.01104	0.00901	0.21028	0.14233	0.22784	0.02358	0.08465	0.06636	0.00934	0.00610	0.00192	0.00502	0.09847	0.00579	0.00817
4	0.00779	0.00588	0.00734	0.00777	0.00917	0.00543	0.00617	0.00986	0.01346	0.01755	0.22867	0.12985	0.27193	0.01430	0.00706	0.00213	0.00359	0.24159	0.00546	0.00502
5	0.00961	0.21820	0.05621	0.00916	0.01127	0.01002	0.00785	0.01136	0.01134	0.01464	0.02352	0.43422	0.02686	0.01323	0.00622	0.00202	0.00457	0.11983	0.00431	0.00558
6	0.01210	0.01088	0.01581	0.24283	0.02268	0.04264	0.11209	0.09629	0.08401	0.01893	0.06570	0.11219	0.01864	0.00898	0.00630	0.00199	0.00633	0.11080	0.00414	0.00666

[dist]
# distance from previous block
# <min> <max>
6	23

[block]
# block no. 1 follows, 42 sequences, length 6
# corresponding to MSA columns:
# 511-516
name=unknown_B
#
# <colnr> <probs for GDERKNQSTAVLIFYWHMCP>
#	G	D	E	R	K	N	Q	S	T	A	V	L	I	F	Y	W	H	M	C	P
0	0.11249	0.01851	0.07783	0.01286	0.01620	0.27745	0.01087	0.12321	0.07387	0.06872	0.01244	0.01536	0.01009	0.00707	0.00678	0.00178	0.09791	0.04536	0.00388	0.00732
1	0.01438	0.09092	0.07380	0.07441	0.01992	0.10878	0.17348	0.06955	0.01397	0.05509	0.01384	0.01980	0.01174	0.00665	0.00557	0.00169	0.00702	0.09317	0.06611	0.08010
2	0.00815	0.00603	0.00797	0.00871	0.00992	0.00554	0.00664	0.00984	0.01158	0.01565	0.02806	0.46647	0.03215	0.01532	0.00700	0.00221	0.00399	0.24356	0.00498	0.10624
3	0.01167	0.01000	0.01167	0.00834	0.01334	0.00750	0.00667	0.01417	0.01167	0.01834	0.01000	0.01167	0.00834	0.00417	0.00417	0.00083	0.00417	0.00333	0.00333	0.83663
4	0.00913	0.00749	0.01156	0.05729	0.08869	0.00722	0.06304	0.01207	0.01514	0.02132	0.58645	0.03557	0.04257	0.00999	0.00647	0.00178	0.00387	0.00908	0.00538	0.00590
5	0.00719	0.00564	0.00564	0.00564	0.00745	0.00482	0.00423	0.00879	0.01268	0.01602	0.05155	0.04947	0.65881	0.01317	0.00627	0.00182	0.00282	0.01094	0.12225	0.00482

[dist]
# distance from previous block
# <min> <max>
0	1

[block]
# block no. 2 follows, 42 sequences, length 24
# corresponding to MSA columns:
# 518-526,611-625
name=unknown_C
#
# <colnr> <probs for GDERKNQSTAVLIFYWHMCP>
#	G	D	E	R	K	N	Q	S	T	A	V	L	I	F	Y	W	H	M	C	P
0	0.09853	0.01507	0.09769	0.04887	0.42860	0.03356	0.01489	0.11027	0.01436	0.06888	0.01130	0.01345	0.00876	0.00545	0.00534	0.00170	0.00655	0.00474	0.00343	0.00855
1	0.10427	0.01388	0.05175	0.07364	0.59369	0.03192	0.01595	0.01718	0.01241	0.01877	0.01019	0.01329	0.00841	0.00511	0.00532	0.00169	0.00663	0.00473	0.00283	0.00837
2	0.01182	0.01014	0.01174	0.00853	0.01342	0.00792	0.00681	0.01517	0.05916	0.01867	0.01082	0.01226	0.00890	0.00439	0.00427	0.00090	0.00419	0.00353	0.00349	0.78388
3	0.01942	0.23854	0.01969	0.01352	0.03997	0.50079	0.01057	0.02107	0.01462	0.06032	0.00935	0.01051	0.00770	0.00558	0.00473	0.00141	0.00858	0.00362	0.00301	0.00698
4	0.00721	0.00518	0.00689	0.00799	0.00856	0.00486	0.00563	0.00855	0.01159	0.01551	0.10770	0.62408	0.05345	0.01670	0.00718	0.00226	0.00340	0.09323	0.00532	0.00472
5	0.01337	0.23113	0.21886	0.11667	0.02120	0.09627	0.07318	0.01696	0.01266	0.03158	0.08817	0.01491	0.01227	0.00602	0.00543	0.00163	0.02477	0.00478	0.00299	0.00716
6	0.01389	0.01245	0.02027	0.10266	0.44470	0.02753	0.07716	0.01809	0.06590	0.06617	0.03391	0.01881	0.02403	0.00623	0.00583	0.00178	0.00655	0.04237	0.00349	0.00818
7	0.00756	0.00519	0.00632	0.00694	0.00709	0.00504	0.00427	0.00802	0.00941	0.01254	0.02401	0.39667	0.02838	0.43157	0.01851	0.00396	0.00442	0.01188	0.00427	0.00396
8	0.01297	0.01311	0.02461	0.16284	0.37798	0.01325	0.24881	0.01681	0.01269	0.01751	0.01141	0.01624	0.00936	0.00540	0.00600	0.00181	0.00767	0.03078	0.00284	0.00789
9	0.09643	0.01531	0.06259	0.06835	0.22789	0.11837	0.07476	0.02799	0.04917	0.02949	0.01051	0.01342	0.00860	0.00742	0.03353	0.00208	0.13882	0.00481	0.00304	0.00742
10	0.01808	0.01755	0.01480	0.01277	0.01621	0.24898	0.00998	0.21521	0.33968	0.02367	0.01611	0.01573	0.01216	0.00684	0.00550	0.00171	0.00665	0.00519	0.00484	0.00835
11	0.01438	0.41297	0.08008	0.01025	0.01451	0.01565	0.00991	0.01747	0.04999	0.09816	0.01387	0.01922	0.01231	0.00901	0.05414	0.00201	0.00634	0.10057	0.00354	0.05564
12	0.00771	0.00586	0.00727	0.00800	0.00935	0.00543	0.00639	0.00958	0.01266	0.01607	0.07749	0.19357	0.30619	0.01524	0.00719	0.00224	0.00384	0.29574	0.00526	0.00492
13	0.00804	0.00601	0.00894	0.00894	0.00990	0.00698	0.00690	0.00998	0.00901	0.01298	0.01517	0.02266	0.01431	0.07056	0.75189	0.00891	0.01472	0.00611	0.00303	0.00496
14	0.01496	0.05472	0.02219	0.02504	0.38843	0.08474	0.10322	0.01777	0.01253	0.06305	0.01051	0.01351	0.00866	0.00604	0.00789	0.00180	0.14896	0.00501	0.00298	0.00799
15	0.01396	0.02132	0.38387	0.01584	0.02193	0.01408	0.12875	0.19927	0.01581	0.02232	0.05736	0.01467	0.01079	0.00622	0.00638	0.00181	0.04872	0.00518	0.00350	0.00822
16	0.00885	0.00745	0.00789	0.00748	0.00964	0.00735	0.00570	0.01441	0.21569	0.01861	0.15730	0.04326	0.45122	0.01203	0.00640	0.00188	0.00326	0.01011	0.00551	0.00597
17	0.01284	0.01233	0.02138	0.22159	0.50462	0.01290	0.06223	0.01634	0.01246	0.01729	0.01135	0.01650	0.00959	0.00562	0.00575	0.00178	0.00700	0.03760	0.00283	0.00800
18	0.01951	0.01047	0.01339	0.03228	0.01489	0.04950	0.05055	0.09769	0.01575	0.40849	0.04527	0.06679	0.01548	0.00974	0.05501	0.00220	0.00587	0.00631	0.07269	0.00811
19	0.07047	0.00994	0.01269	0.12591	0.01706	0.01019	0.00906	0.16133	0.01586	0.30693	0.01964	0.18197	0.01656	0.00887	0.00583	0.00187	0.00512	0.00747	0.00545	0.00780
20	0.01907	0.01319	0.01414	0.01112	0.01490	0.01439	0.00909	0.55847	0.02281	0.05724	0.01490	0.01538	0.01081	0.00672	0.00525	0.00161	0.00534	0.00513	0.19186	0.00860
21	0.65675	0.01134	0.00974	0.00836	0.01200	0.01285	0.00687	0.09412	0.04537	0.08349	0.01021	0.01090	0.00756	0.00563	0.00397	0.00174	0.00458	0.00361	0.00407	0.00685
22	0.00913	0.00847	0.05733	0.01011	0.01163	0.00764	0.07633	0.03788	0.01118	0.01529	0.06169	0.29479	0.02518	0.21283	0.05732	0.00338	0.04692	0.04360	0.00416	0.00516
23	0.22988	0.04595	0.01258	0.01026	0.03835	0.01121	0.03084	0.09165	0.03864	0.08158	0.14143	0.03968	0.01721	0.00712	0.00566	0.00164	0.04581	0.00554	0.02744	0.11751

[dist]
# distance from previous block
# <min> <max>
1	14

[block]
# block no. 3 follows, 42 sequences, length 17
# corresponding to MSA columns:
# 664-680
name=unknown_D
#
# <colnr> <probs for GDERKNQSTAVLIFYWHMCP>
#	G	D	E	R	K	N	Q	S	T	A	V	L	I	F	Y	W	H	M	C	P
0	0.05234	0.01650	0.07074	0.11433	0.11264	0.18199	0.01193	0.12637	0.02784	0.04918	0.01085	0.01269	0.00840	0.00567	0.00551	0.00154	0.02997	0.00432	0.00350	0.15370
1	0.01433	0.01030	0.01262	0.00968	0.01401	0.00900	0.03409	0.06022	0.10527	0.14061	0.01672	0.05158	0.04331	0.00624	0.00501	0.00131	0.00452	0.00523	0.00449	0.45145
2	0.01696	0.24412	0.08959	0.01303	0.05067	0.08859	0.03762	0.14260	0.08466	0.11097	0.03896	0.01548	0.01170	0.00632	0.00511	0.00159	0.00638	0.02348	0.00409	0.00806
3	0.11953	0.08081	0.15549	0.02689	0.03205	0.06920	0.06946	0.06034	0.05093	0.14955	0.01450	0.01856	0.01162	0.04099	0.01914	0.00205	0.00663	0.06069	0.00402	0.00755
4	0.04085	0.01215	0.01762	0.32831	0.16312	0.04505	0.05021	0.07324	0.01309	0.04169	0.01062	0.01386	0.00824	0.00554	0.00583	0.00167	0.03523	0.00475	0.00312	0.12585
5	0.00932	0.00510	0.00678	0.00678	0.00689	0.00510	0.00434	0.00805	0.00795	0.01101	0.01301	0.02379	0.01359	0.27200	0.02275	0.50280	0.00490	0.00598	0.06688	0.00297
6	0.02056	0.01893	0.01581	0.01299	0.01673	0.28186	0.01032	0.44837	0.02186	0.02698	0.01215	0.01282	0.00908	0.00641	0.00533	0.00158	0.00734	0.00458	0.05807	0.00823
7	0.00737	0.00527	0.00710	0.00825	0.00885	0.00500	0.00596	0.00880	0.01162	0.01553	0.09256	0.59484	0.03764	0.01672	0.00725	0.00230	0.00358	0.15132	0.00530	0.00475
8	0.00941	0.00671	0.00856	0.00867	0.01014	0.00666	0.00675	0.01341	0.10907	0.04699	0.32758	0.18944	0.03913	0.01298	0.00686	0.00208	0.00368	0.18041	0.00574	0.00575
9	0.05634	0.07963	0.01903	0.25886	0.10195	0.15615	0.06071	0.07425	0.01322	0.01693	0.00958	0.01278	0.00772	0.00606	0.00688	0.00177	0.10365	0.00459	0.00291	0.00699
10	0.15066	0.00800	0.00983	0.00937	0.01192	0.00782	0.00783	0.01687	0.01319	0.25018	0.02508	0.09839	0.05336	0.01132	0.00632	0.00214	0.00468	0.30097	0.00546	0.00662
11	0.00703	0.00521	0.00657	0.00730	0.00811	0.00475	0.00507	0.00842	0.01215	0.01611	0.17822	0.51650	0.17228	0.01583	0.00698	0.00212	0.00307	0.01412	0.00541	0.00475
12	0.01485	0.01472	0.01896	0.01588	0.04577	0.18466	0.24063	0.01902	0.09633	0.08030	0.01747	0.09808	0.03563	0.04469	0.00720	0.00202	0.00735	0.04546	0.00398	0.00701
13	0.01598	0.06791	0.02477	0.03952	0.21507	0.17326	0.27849	0.05003	0.01423	0.05065	0.01093	0.01351	0.00854	0.00524	0.00574	0.00169	0.00829	0.00521	0.00310	0.00783
14	0.01063	0.01000	0.01688	0.78870	0.03876	0.01250	0.01563	0.01438	0.01125	0.01438	0.01000	0.01500	0.00750	0.00563	0.00563	0.00188	0.00750	0.00500	0.00250	0.00625
15	0.01227	0.02226	0.40944	0.01981	0.02684	0.01364	0.37755	0.01792	0.01257	0.01792	0.01073	0.01350	0.00782	0.00505	0.00598	0.00184	0.00889	0.00538	0.00261	0.00796
16	0.01821	0.02090	0.01711	0.14746	0.02139	0.46039	0.04527	0.10534	0.01565	0.01660	0.00950	0.01178	0.00764	0.00617	0.00642	0.00166	0.07427	0.00428	0.00311	0.00685

[dist]
# distance from previous block
# <min> <max>
0	6

[block]
# block no. 4 follows, 42 sequences, length 20
# corresponding to MSA columns:
# 687-706
name=unknown_E
#
# <colnr> <probs for GDERKNQSTAVLIFYWHMCP>
#	G	D	E	R	K	N	Q	S	T	A	V	L	I	F	Y	W	H	M	C	P
0	0.09219	0.06442	0.01905	0.04524	0.08030	0.06378	0.13377	0.23487	0.05824	0.08307	0.01290	0.01438	0.00970	0.00816	0.05316	0.00216	0.00725	0.00510	0.00418	0.00808
1	0.58484	0.07979	0.01148	0.00841	0.01221	0.01316	0.00708	0.07332	0.01200	0.13804	0.01044	0.01098	0.00764	0.00557	0.00399	0.00169	0.00470	0.00359	0.00408	0.00698
2	0.01894	0.01378	0.01516	0.01159	0.01611	0.01430	0.00949	0.48460	0.06734	0.08058	0.01386	0.01393	0.01005	0.00622	0.00530	0.00151	0.00552	0.00478	0.00519	0.20176
3	0.00823	0.00557	0.00657	0.00665	0.00681	0.00565	0.00407	0.00856	0.00855	0.01146	0.01825	0.03721	0.02065	0.68865	0.09170	0.00559	0.00626	0.05244	0.00349	0.00366
4	0.01522	0.01239	0.04451	0.01153	0.01480	0.01280	0.00967	0.33127	0.17445	0.02638	0.06202	0.09432	0.01996	0.00965	0.00621	0.00195	0.00528	0.13421	0.00543	0.00793
5	0.01281	0.04256	0.01999	0.20677	0.10907	0.03490	0.18326	0.05869	0.01303	0.01789	0.01151	0.04409	0.00952	0.00557	0.00546	0.00158	0.00681	0.00535	0.02592	0.18520
6	0.05457	0.02056	0.01570	0.03997	0.01761	0.40143	0.01049	0.27671	0.01893	0.02221	0.01049	0.01156	0.00810	0.00600	0.00516	0.00152	0.00802	0.00414	0.00390	0.06292
7	0.01437	0.25283	0.10704	0.01784	0.02345	0.01614	0.40437	0.01825	0.01276	0.06443	0.01087	0.01325	0.00834	0.00497	0.00554	0.00167	0.00803	0.00524	0.00293	0.00768
8	0.01218	0.01244	0.02381	0.10047	0.19745	0.01254	0.33200	0.01582	0.01267	0.01746	0.06066	0.06824	0.01409	0.00692	0.00712	0.00192	0.05702	0.03672	0.00323	0.00724
9	0.01056	0.00766	0.01116	0.40323	0.02292	0.00893	0.00987	0.01376	0.01152	0.01763	0.01411	0.01794	0.01091	0.00608	0.00479	0.00160	0.00510	0.00512	0.41134	0.00576
10	0.01098	0.00992	0.01648	0.26096	0.29300	0.01103	0.01341	0.01401	0.01110	0.01540	0.01187	0.01694	0.01016	0.01736	0.25863	0.00414	0.00968	0.00534	0.00277	0.00681
11	0.00680	0.00563	0.00579	0.00588	0.00751	0.00480	0.00426	0.00807	0.01229	0.01478	0.05188	0.10229	0.65193	0.08263	0.00859	0.00223	0.00310	0.01183	0.00507	0.00462
12	0.05164	0.01756	0.01464	0.01242	0.01591	0.28610	0.00983	0.24862	0.07341	0.11935	0.04566	0.01712	0.01270	0.00709	0.00551	0.00168	0.00702	0.04109	0.00475	0.00791
13	0.02102	0.02682	0.01595	0.01450	0.01740	0.77963	0.01087	0.02247	0.01595	0.01377	0.00870	0.01015	0.00725	0.00580	0.00507	0.00145	0.01015	0.00362	0.00290	0.00652
14	0.00961	0.00857	0.01080	0.05983	0.01284	0.05971	0.02454	0.01113	0.01088	0.01433	0.02180	0.35661	0.02460	0.06198	0.04274	0.00274	0.14947	0.10848	0.00413	0.00520
15	0.00812	0.00570	0.00738	0.00738	0.00781	0.00613	0.00496	0.00898	0.00855	0.01183	0.01659	0.03053	0.01772	0.47695	0.35018	0.00699	0.00957	0.00726	0.00324	0.00410
16	0.00804	0.00666	0.00897	0.19947	0.01543	0.00681	0.00735	0.01014	0.01253	0.01616	0.18840	0.13254	0.28889	0.06450	0.00793	0.00215	0.00418	0.01008	0.00464	0.00513
17	0.01167	0.01000	0.01167	0.00834	0.01334	0.00750	0.00667	0.01417	0.01167	0.01834	0.01000	0.01167	0.00834	0.00417	0.00417	0.00083	0.00417	0.00333	0.00333	0.83663
18	0.02102	0.02682	0.01595	0.01450	0.01740	0.77963	0.01087	0.02247	0.01595	0.01377	0.00870	0.01015	0.00725	0.00580	0.00507	0.00145	0.01015	0.00362	0.00290	0.00652
19	0.01415	0.01477	0.06440	0.08138	0.23674	0.09323	0.11640	0.01905	0.10944	0.04213	0.01261	0.01507	0.00992	0.00611	0.00685	0.00179	0.08435	0.00525	0.05863	0.00774

[dist]
# distance from previous block
# <min> <max>
0	1

[block]
# block no. 5 follows, 42 sequences, length 85
# corresponding to MSA columns:
# 708-792
name=unknown_F
#
# <colnr> <probs for GDERKNQSTAVLIFYWHMCP>
#	G	D	E	R	K	N	Q	S	T	A	V	L	I	F	Y	W	H	M	C	P
0	0.01585	0.04689	0.20805	0.06039	0.01861	0.01325	0.01238	0.23784	0.09359	0.10919	0.11119	0.01811	0.01563	0.00698	0.00562	0.00174	0.00601	0.00561	0.00472	0.00834
1	0.01285	0.20909	0.17759	0.12959	0.05393	0.01495	0.06872	0.04088	0.12669	0.01751	0.01360	0.03212	0.01149	0.00660	0.00536	0.00175	0.00666	0.05975	0.00334	0.00753
2	0.01188	0.01090	0.01640	0.48579	0.02997	0.01275	0.04524	0.04297	0.14157	0.01721	0.01232	0.01557	0.00938	0.00602	0.00611	0.00180	0.04096	0.00515	0.00326	0.08475
3	0.00710	0.00523	0.00666	0.00734	0.00814	0.00478	0.00511	0.00856	0.01236	0.01653	0.21754	0.50143	0.14729	0.01561	0.00697	0.00210	0.00305	0.01395	0.00547	0.00478
4	0.01041	0.00803	0.01085	0.04046	0.01307	0.00889	0.00924	0.07822	0.01361	0.01836	0.10513	0.05899	0.02746	0.01506	0.06069	0.00280	0.10192	0.40633	0.00475	0.00573
5	0.01944	0.01570	0.01805	0.07463	0.11109	0.07625	0.04001	0.49683	0.02200	0.05134	0.01269	0.01364	0.00924	0.00631	0.00562	0.00169	0.00675	0.00502	0.00476	0.00892
6	0.02783	0.00523	0.00634	0.00708	0.00780	0.00514	0.00491	0.00973	0.01084	0.01634	0.02528	0.47602	0.02777	0.04569	0.05481	0.00253	0.00392	0.01164	0.24631	0.00479
7	0.07129	0.57937	0.13303	0.01078	0.01585	0.07999	0.01108	0.01741	0.01173	0.01475	0.00822	0.00953	0.00713	0.00500	0.00397	0.00134	0.00656	0.00322	0.00251	0.00725
8	0.02138	0.01365	0.01646	0.01265	0.01708	0.01433	0.05567	0.43629	0.08336	0.24451	0.01665	0.01586	0.01139	0.00676	0.00571	0.00174	0.00585	0.00544	0.00585	0.00939
9	0.01393	0.01337	0.02284	0.03454	0.76712	0.01337	0.01727	0.01727	0.01281	0.01839	0.01059	0.01393	0.00891	0.00501	0.00557	0.00167	0.00669	0.00501	0.00279	0.00891
10	0.00759	0.00574	0.00700	0.00668	0.00817	0.00515	0.00501	0.00989	0.01503	0.02044	0.55990	0.04554	0.25868	0.01230	0.00664	0.00181	0.00271	0.01067	0.00592	0.00515
11	0.00817	0.00553	0.00650	0.00650	0.00663	0.00565	0.00386	0.00842	0.00829	0.01118	0.01740	0.03499	0.01966	0.70727	0.12251	0.00590	0.00666	0.00791	0.00336	0.00361
12	0.00920	0.00563	0.00634	0.00614	0.00755	0.00541	0.00461	0.01200	0.02897	0.02111	0.31559	0.03242	0.10094	0.00926	0.00529	0.00156	0.00269	0.00784	0.41215	0.00530
13	0.42001	0.01032	0.00925	0.00832	0.01134	0.01177	0.00663	0.04754	0.21831	0.02434	0.01427	0.01489	0.01092	0.00621	0.00428	0.00170	0.00412	0.00447	0.16447	0.00684
14	0.01443	0.01329	0.02115	0.10110	0.48839	0.01387	0.05927	0.10161	0.09282	0.02047	0.01221	0.01481	0.00970	0.00553	0.00566	0.00173	0.00664	0.00526	0.00340	0.00865
15	0.00818	0.00546	0.00614	0.00614	0.00614	0.00546	0.00341	0.00818	0.00818	0.01091	0.01773	0.03683	0.02046	0.80222	0.02864	0.00546	0.00546	0.00818	0.00341	0.00341
16	0.01839	0.04878	0.01545	0.01303	0.01633	0.37643	0.01011	0.12702	0.27670	0.02023	0.01432	0.01438	0.01105	0.00654	0.00533	0.00164	0.00745	0.00476	0.00426	0.00781
17	0.06611	0.01327	0.01781	0.27909	0.27642	0.08503	0.01402	0.10009	0.01400	0.04083	0.01094	0.01395	0.00849	0.00561	0.00537	0.00172	0.00691	0.00479	0.02793	0.00761
18	0.01665	0.41450	0.02231	0.02533	0.01582	0.17579	0.00998	0.09364	0.14301	0.01739	0.01123	0.01189	0.00919	0.00571	0.00452	0.00144	0.00664	0.00396	0.00341	0.00759
19	0.84197	0.01088	0.00827	0.00740	0.01088	0.01262	0.00609	0.01654	0.00958	0.02525	0.00784	0.00914	0.00609	0.00522	0.00348	0.00174	0.00435	0.00305	0.00348	0.00609
20	0.01906	0.17620	0.01891	0.04219	0.01743	0.16715	0.01057	0.37531	0.07751	0.02502	0.01202	0.01259	0.00916	0.00620	0.00512	0.00157	0.00685	0.00447	0.00434	0.00832
21	0.01302	0.01317	0.02215	0.26121	0.33834	0.04697	0.14146	0.01651	0.01229	0.01660	0.01026	0.01421	0.00825	0.00549	0.00655	0.00181	0.05619	0.00522	0.00269	0.00760
22	0.00751	0.00517	0.00634	0.00700	0.00717	0.00501	0.00433	0.00801	0.00950	0.01267	0.02450	0.42466	0.02899	0.40274	0.01772	0.00384	0.00434	0.01216	0.00433	0.00400
23	0.00731	0.00552	0.00676	0.00697	0.00819	0.00497	0.00508	0.00915	0.01355	0.01805	0.34059	0.25302	0.25467	0.01408	0.00682	0.00197	0.00294	0.02981	0.00562	0.00494
24	0.01389	0.01189	0.01253	0.01123	0.01438	0.01364	0.00874	0.05405	0.69249	0.02364	0.03524	0.02228	0.04499	0.00791	0.00577	0.00190	0.00443	0.00658	0.00571	0.00872
25	0.11824	0.00973	0.01251	0.00972	0.01397	0.00877	0.00802	0.02619	0.01536	0.68611	0.02057	0.01801	0.01304	0.00677	0.00541	0.00174	0.00474	0.00536	0.00657	0.00918
26	0.04204	0.01123	0.01177	0.00957	0.01271	0.01222	0.00774	0.41942	0.01983	0.02912	0.01536	0.01649	0.01149	0.00663	0.00486	0.00153	0.00465	0.00508	0.35063	0.00766
27	0.01328	0.01518	0.03321	0.02372	0.02941	0.01423	0.74668	0.01803	0.01328	0.01803	0.01139	0.01518	0.00854	0.00474	0.00664	0.00190	0.00949	0.00664	0.00285	0.00759
28	0.01517	0.78981	0.02921	0.00973	0.01450	0.03764	0.00965	0.01697	0.01153	0.01325	0.00784	0.00905	0.00722	0.00483	0.00364	0.00121	0.00610	0.00302	0.00242	0.00721
29	0.31033	0.01360	0.01471	0.01184	0.01582	0.06129	0.09241	0.19690	0.12215	0.08927	0.01305	0.01350	0.00954	0.00607	0.00497	0.00175	0.00579	0.00468	0.00451	0.00783
30	0.00938	0.00955	0.09622	0.08429	0.04631	0.00805	0.00856	0.01259	0.07954	0.01526	0.06282	0.14257	0.05420	0.24246	0.03216	0.02806	0.00554	0.05303	0.00397	0.00544
31	0.00731	0.00573	0.00661	0.00639	0.00800	0.00503	0.00479	0.00934	0.01437	0.01888	0.40963	0.04811	0.40992	0.01288	0.00664	0.00184	0.00275	0.01103	0.00571	0.00503
32	0.01063	0.01000	0.01688	0.78870	0.03876	0.01250	0.01563	0.01438	0.01125	0.01438	0.01000	0.01500	0.00750	0.00563	0.00563	0.00188	0.00750	0.00500	0.00250	0.00625
33	0.00714	0.00572	0.00638	0.00621	0.00790	0.00496	0.00466	0.00902	0.01398	0.01794	0.31999	0.04965	0.50014	0.01323	0.00665	0.00185	0.00278	0.01124	0.00559	0.00496
34	0.00887	0.00692	0.00834	0.00813	0.00864	0.03637	0.00567	0.00979	0.00884	0.01203	0.01570	0.02852	0.01664	0.42494	0.32149	0.00652	0.05810	0.00696	0.00318	0.00433
35	0.01505	0.80561	0.02949	0.00963	0.01444	0.02227	0.00963	0.01685	0.01143	0.01324	0.00782	0.00903	0.00722	0.00481	0.00361	0.00120	0.00602	0.00301	0.00241	0.00722
36	0.28128	0.01334	0.01362	0.01078	0.01494	0.01462	0.00890	0.41455	0.01965	0.13684	0.01295	0.01293	0.00909	0.00630	0.00496	0.00171	0.00541	0.00451	0.00514	0.00847
37	0.02031	0.01392	0.02614	0.01207	0.01627	0.01479	0.00995	0.46274	0.15087	0.16747	0.01711	0.03498	0.01233	0.00719	0.00569	0.00175	0.00559	0.00565	0.00583	0.00932
38	0.01449	0.01394	0.01875	0.17657	0.36222	0.08821	0.01436	0.06930	0.14852	0.01924	0.01272	0.01503	0.01001	0.00581	0.00557	0.00173	0.00675	0.00512	0.00347	0.00820
39	0.45659	0.01273	0.05648	0.00954	0.01333	0.01318	0.00833	0.22317	0.01484	0.02691	0.01159	0.01464	0.00929	0.00639	0.00450	0.00175	0.00506	0.04878	0.05579	0.00710
40	0.01462	0.01392	0.01753	0.04930	0.06490	0.07230	0.12032	0.07402	0.39249	0.02116	0.01672	0.01730	0.01278	0.00696	0.00696	0.00189	0.07833	0.00583	0.00445	0.00821
41	0.00923	0.00689	0.00986	0.00981	0.01091	0.00771	0.00752	0.01090	0.00980	0.01417	0.01612	0.02349	0.01504	0.04230	0.76644	0.00912	0.01528	0.00637	0.00340	0.00563
42	0.01356	0.01378	0.01760	0.06655	0.18164	0.09768	0.01280	0.01641	0.05566	0.01566	0.00953	0.01307	0.00838	0.00751	0.01149	0.00198	0.37666	0.00477	0.00285	0.07242
43	0.00896	0.00894	0.06937	0.17928	0.01818	0.00801	0.08327	0.01149	0.01135	0.01549	0.02208	0.41650	0.02404	0.01205	0.00647	0.00207	0.00522	0.03617	0.05546	0.00559
44	0.00752	0.00613	0.00854	0.00902	0.03272	0.00558	0.05132	0.00907	0.01192	0.01541	0.06922	0.44009	0.26087	0.01507	0.00693	0.00211	0.00366	0.03479	0.00504	0.00500
45	0.01790	0.02133	0.01724	0.17920	0.06293	0.50101	0.04030	0.04233	0.01479	0.01497	0.00929	0.01174	0.00752	0.00583	0.00569	0.00161	0.03254	0.00419	0.00288	0.00672
46	0.01202	0.01286	0.08675	0.40894	0.02897	0.01347	0.07195	0.06056	0.09905	0.01722	0.01216	0.03840	0.00968	0.00667	0.00720	0.00194	0.09648	0.00554	0.00316	0.00699
47	0.00696	0.00554	0.00621	0.00666	0.00802	0.00487	0.00488	0.00830	0.01211	0.01495	0.04642	0.25266	0.48428	0.04528	0.00772	0.00219	0.00325	0.06988	0.00515	0.00469
48	0.01246	0.04062	0.20888	0.16841	0.09108	0.10232	0.03719	0.03216	0.06289	0.01746	0.08051	0.01928	0.07479	0.00693	0.00587	0.00177	0.02112	0.00573	0.00338	0.00717
49	0.02082	0.00986	0.01246	0.01010	0.01388	0.00944	0.00816	0.02650	0.20247	0.51387	0.09088	0.02173	0.01836	0.00755	0.00577	0.00179	0.00451	0.00625	0.00658	0.00901
50	0.01262	0.09168	0.02031	0.35644	0.32997	0.01393	0.01527	0.01676	0.05807	0.01645	0.01082	0.01434	0.00865	0.00542	0.00541	0.00173	0.00683	0.00489	0.00281	0.00759
51	0.01348	0.35539	0.02100	0.01143	0.01395	0.07786	0.01005	0.01505	0.01093	0.01375	0.02940	0.01503	0.06736	0.00897	0.03882	0.00203	0.28153	0.00470	0.00280	0.00647
52	0.00815	0.00567	0.00722	0.00690	0.00819	0.00526	0.00515	0.01071	0.01525	0.02194	0.64628	0.06900	0.06345	0.01130	0.00639	0.00175	0.00268	0.00994	0.08952	0.00526
53	0.01857	0.02078	0.16791	0.01505	0.02003	0.21002	0.09963	0.28878	0.01871	0.06887	0.01188	0.01287	0.00864	0.00601	0.00555	0.00167	0.00793	0.00474	0.00404	0.00831
54	0.00973	0.00492	0.00737	0.00737	0.00740	0.00494	0.00494	0.00740	0.00737	0.00986	0.00990	0.01723	0.00988	0.02010	0.04049	0.81608	0.00514	0.00492	0.00246	0.00251
55	0.01930	0.03630	0.01488	0.01131	0.01523	0.01482	0.00930	0.52782	0.05484	0.07766	0.01511	0.01531	0.01092	0.00672	0.00529	0.00162	0.00543	0.00513	0.14424	0.00875
56	0.00671	0.00570	0.00578	0.00576	0.00764	0.00478	0.00432	0.00819	0.01296	0.01552	0.08789	0.05363	0.73375	0.01413	0.00665	0.00189	0.00284	0.01180	0.00527	0.00478
57	0.00743	0.00567	0.00692	0.00775	0.00866	0.00539	0.00544	0.00970	0.06841	0.01532	0.03573	0.56105	0.18604	0.01610	0.00698	0.00219	0.00333	0.03767	0.00526	0.00496
58	0.01505	0.80561	0.02949	0.00963	0.01444	0.02227	0.00963	0.01685	0.01143	0.01324	0.00782	0.00903	0.00722	0.00481	0.00361	0.00120	0.00602	0.00301	0.00241	0.00722
59	0.01321	0.00724	0.00883	0.00775	0.01034	0.00644	0.00611	0.01580	0.04705	0.25609	0.19733	0.03929	0.31839	0.01110	0.00633	0.00184	0.00356	0.03069	0.00601	0.00659
60	0.01684	0.66569	0.02660	0.00970	0.01443	0.01981	0.00939	0.01871	0.01226	0.14643	0.01035	0.01081	0.00840	0.00519	0.00397	0.00130	0.00580	0.00347	0.00321	0.00764
61	0.00818	0.00546	0.00614	0.00614	0.00614	0.00546	0.00341	0.00818	0.00818	0.01091	0.01773	0.03683	0.02046	0.80222	0.02864	0.00546	0.00546	0.00818	0.00341	0.00341
62	0.02139	0.01576	0.01689	0.01295	0.01745	0.01745	0.01070	0.74835	0.02646	0.03547	0.01351	0.01351	0.00957	0.00676	0.00563	0.00169	0.00619	0.00507	0.00563	0.00957
63	0.01225	0.01035	0.01198	0.00861	0.01358	0.00810	0.00691	0.05824	0.01256	0.01937	0.01021	0.01178	0.00841	0.00432	0.00426	0.00088	0.00429	0.00344	0.00347	0.78698
64	0.01606	0.27860	0.01700	0.00976	0.01290	0.24184	0.00817	0.01803	0.01318	0.06269	0.01221	0.01366	0.00986	0.00578	0.00427	0.00134	0.00613	0.00404	0.25794	0.00655
65	0.69774	0.01174	0.00979	0.00838	0.01204	0.01347	0.00690	0.14517	0.01254	0.02705	0.00883	0.00991	0.00671	0.00549	0.00386	0.00173	0.00468	0.00340	0.00386	0.00671
66	0.01401	0.01788	0.16253	0.09200	0.09643	0.07027	0.33971	0.07958	0.03675	0.01901	0.01128	0.01411	0.00848	0.00530	0.00598	0.00180	0.00845	0.00552	0.00305	0.00785
67	0.01306	0.01103	0.01384	0.01196	0.01335	0.02770	0.00962	0.18586	0.01305	0.01835	0.01194	0.01753	0.01096	0.09115	0.22671	0.00436	0.30415	0.00554	0.00346	0.00640
68	0.00799	0.00539	0.00618	0.00633	0.00642	0.00533	0.00365	0.00814	0.00861	0.01143	0.02026	0.12958	0.03979	0.68879	0.02553	0.00499	0.00513	0.00922	0.00367	0.00358
69	0.01804	0.00817	0.01087	0.00892	0.01204	0.00733	0.00713	0.02093	0.04427	0.44885	0.31335	0.02820	0.02942	0.00877	0.00605	0.00176	0.00394	0.00746	0.00662	0.00788
70	0.00804	0.00603	0.00904	0.00904	0.01005	0.00703	0.00703	0.01005	0.00904	0.01306	0.01507	0.02211	0.01407	0.04221	0.77992	0.00904	0.01507	0.00603	0.00301	0.00502
71	0.02093	0.01553	0.01663	0.01286	0.01728	0.01724	0.01059	0.70363	0.07193	0.03472	0.01410	0.01398	0.01004	0.00681	0.00564	0.00170	0.00608	0.00515	0.00564	0.00953
72	0.01432	0.01225	0.01291	0.01152	0.01476	0.01415	0.00899	0.06129	0.72504	0.02406	0.02249	0.02067	0.01685	0.00760	0.00572	0.00190	0.00453	0.00631	0.00572	0.00894
73	0.00978	0.00489	0.00733	0.00733	0.00733	0.00489	0.00489	0.00733	0.00733	0.00978	0.00978	0.01711	0.00978	0.01955	0.02199	0.83627	0.00489	0.00489	0.00244	0.00244
74	0.02178	0.01424	0.04394	0.01190	0.01627	0.04699	0.01001	0.39919	0.04252	0.28807	0.01656	0.01607	0.01138	0.02688	0.00619	0.00180	0.00589	0.00529	0.00580	0.00922
75	0.01378	0.45077	0.07690	0.25650	0.02301	0.01824	0.01237	0.06143	0.01234	0.01530	0.00902	0.01139	0.00745	0.00523	0.00449	0.00149	0.00666	0.00385	0.00263	0.00714
76	0.02154	0.01177	0.01376	0.01075	0.01478	0.01198	0.00882	0.32755	0.04734	0.35021	0.01815	0.01707	0.01228	0.00686	0.00545	0.00168	0.00512	0.00539	0.10046	0.00906
77	0.00751	0.00517	0.00634	0.00699	0.00716	0.00501	0.00432	0.00801	0.00949	0.01265	0.02443	0.42095	0.02891	0.40657	0.01782	0.00386	0.00435	0.01212	0.00432	0.00400
78	0.00872	0.00655	0.00825	0.00794	0.00810	0.00742	0.00536	0.00924	0.00851	0.01180	0.01651	0.07237	0.01850	0.53464	0.12937	0.00532	0.12617	0.00782	0.00331	0.00411
79	0.00715	0.00569	0.00651	0.00646	0.00803	0.00505	0.00482	0.00896	0.01341	0.01726	0.26816	0.09317	0.45797	0.01535	0.05456	0.00233	0.00357	0.01124	0.00538	0.00493
80	0.01430	0.00961	0.01130	0.01024	0.01276	0.01007	0.00842	0.27231	0.01773	0.07089	0.06221	0.11117	0.02275	0.01088	0.00633	0.00200	0.00489	0.23537	0.09981	0.00696
81	0.06451	0.01101	0.01321	0.14134	0.01818	0.01032	0.00882	0.13610	0.01392	0.02094	0.01045	0.01238	0.00826	0.00491	0.00462	0.00121	0.00508	0.00389	0.00358	0.50727
82	0.00774	0.00565	0.00737	0.00786	0.00895	0.00529	0.00598	0.00976	0.01346	0.01816	0.31686	0.26779	0.12102	0.01445	0.00704	0.00211	0.00340	0.16653	0.00559	0.00501
83	0.01691	0.33359	0.05112	0.04671	0.01791	0.28837	0.05637	0.06937	0.01412	0.01549	0.00919	0.01095	0.00773	0.00666	0.03189	0.00169	0.00818	0.00383	0.00286	0.00708
84	0.40734	0.06456	0.06026	0.09898	0.01700	0.13626	0.00967	0.11184	0.01322	0.02229	0.00909	0.01070	0.00702	0.00554	0.00438	0.00167	0.00622	0.00369	0.00342	0.00684

[dist]
# distance from previous block
# <min> <max>
1	2

[block]
# block no. 6 follows, 42 sequences, length 10
# corresponding to MSA columns:
# 795-804
name=unknown_G
#
# <colnr> <probs for GDERKNQSTAVLIFYWHMCP>
#	G	D	E	R	K	N	Q	S	T	A	V	L	I	F	Y	W	H	M	C	P
0	0.28669	0.13049	0.13965	0.01068	0.01529	0.01495	0.01024	0.19494	0.06416	0.02412	0.01317	0.01379	0.04781	0.00619	0.00465	0.00168	0.00562	0.00440	0.00391	0.00759
1	0.07557	0.39315	0.06307	0.08207	0.07586	0.06433	0.01131	0.01799	0.08016	0.01588	0.00977	0.01152	0.00822	0.00565	0.00541	0.00154	0.06446	0.00390	0.00286	0.00728
2	0.01491	0.53946	0.05310	0.05191	0.01698	0.05678	0.06463	0.05957	0.01270	0.01566	0.00936	0.01101	0.00795	0.00515	0.00422	0.00136	0.00642	0.00372	0.05788	0.00721
3	0.00974	0.00588	0.00666	0.00655	0.00826	0.00534	0.00498	0.01170	0.01285	0.08710	0.09337	0.12288	0.30125	0.01155	0.00588	0.00178	0.00312	0.04759	0.24814	0.00539
4	0.01312	0.01588	0.09577	0.06807	0.10000	0.04334	0.40051	0.01706	0.01223	0.01684	0.01027	0.01402	0.00812	0.00586	0.00847	0.00195	0.15264	0.00572	0.00271	0.00741
5	0.01407	0.01123	0.01066	0.00937	0.01146	0.12653	0.00700	0.15085	0.06318	0.01872	0.01331	0.01749	0.01140	0.07461	0.01142	0.22604	0.00551	0.00504	0.14499	0.06711
6	0.00741	0.00569	0.00730	0.00779	0.00853	0.00574	0.00554	0.00862	0.01074	0.01422	0.04855	0.40568	0.18351	0.08137	0.12742	0.00348	0.04681	0.01228	0.00462	0.00469
7	0.01518	0.16990	0.01723	0.01152	0.01480	0.18554	0.05769	0.10429	0.01426	0.04412	0.05750	0.01659	0.01262	0.06042	0.13055	0.00291	0.00823	0.00499	0.00356	0.06813
8	0.00736	0.00557	0.00728	0.00793	0.00856	0.00549	0.00558	0.00868	0.01172	0.01580	0.15758	0.55241	0.10516	0.01580	0.00773	0.00217	0.05121	0.01395	0.00522	0.00481
9	0.16337	0.04600	0.06103	0.06013	0.01739	0.41961	0.01073	0.05751	0.01415	0.01741	0.00917	0.01098	0.00741	0.00593	0.00553	0.00160	0.05167	0.00382	0.02989	0.00666

[dist]
# distance from previous block
# <min> <max>
3	4

[block]
# block no. 7 follows, 42 sequences, length 13
# corresponding to MSA columns:
# 809-821
name=unknown_H
#
# <colnr> <probs for GDERKNQSTAVLIFYWHMCP>
#	G	D	E	R	K	N	Q	S	T	A	V	L	I	F	Y	W	H	M	C	P
0	0.01606	0.01615	0.01739	0.05504	0.01844	0.20391	0.09719	0.17024	0.04827	0.01956	0.01160	0.03995	0.00974	0.00847	0.04005	0.00208	0.14850	0.00521	0.00361	0.06856
1	0.04750	0.01133	0.01811	0.50177	0.23093	0.01307	0.01533	0.06454	0.01262	0.01733	0.01030	0.01437	0.00796	0.00552	0.00552	0.00180	0.00706	0.00493	0.00283	0.00718
2	0.01069	0.00666	0.00822	0.00806	0.00927	0.00651	0.00564	0.05834	0.04330	0.10525	0.10081	0.35564	0.02933	0.21135	0.01217	0.00291	0.00417	0.01113	0.00512	0.00544
3	0.52491	0.01009	0.00960	0.00809	0.01171	0.01074	0.00665	0.01979	0.01182	0.26349	0.01314	0.01314	0.00916	0.00587	0.00421	0.00171	0.00438	0.00403	0.06034	0.00715
4	0.00972	0.00629	0.00763	0.00723	0.00918	0.00558	0.00566	0.01180	0.01434	0.11344	0.29799	0.04649	0.34108	0.01251	0.00664	0.00191	0.00328	0.08785	0.00578	0.00560
5	0.00818	0.00546	0.00614	0.00614	0.00614	0.00546	0.00341	0.00818	0.00818	0.01091	0.01773	0.03683	0.02046	0.80222	0.02864	0.00546	0.00546	0.00818	0.00341	0.00341
6	0.01997	0.01459	0.01574	0.01245	0.01665	0.01615	0.01016	0.54691	0.18837	0.07527	0.01610	0.01550	0.01151	0.00696	0.00565	0.00174	0.00572	0.00539	0.00573	0.00942
7	0.00726	0.00526	0.00686	0.00743	0.00822	0.00486	0.00520	0.00889	0.01282	0.01749	0.30757	0.47353	0.08338	0.01515	0.00695	0.00207	0.00301	0.01359	0.00559	0.00486
8	0.01426	0.00890	0.01348	0.42879	0.02587	0.00992	0.01133	0.01738	0.01259	0.20547	0.01482	0.01730	0.01057	0.00616	0.00528	0.00172	0.00580	0.00522	0.17828	0.00687
9	0.00810	0.00579	0.00783	0.00783	0.00842	0.00638	0.00553	0.00927	0.00869	0.01217	0.01618	0.02824	0.01673	0.35857	0.46720	0.00755	0.01107	0.00693	0.00318	0.00435
10	0.02139	0.01576	0.01689	0.01295	0.01745	0.01745	0.01070	0.74835	0.02646	0.03547	0.01351	0.01351	0.00957	0.00676	0.00563	0.00169	0.00619	0.00507	0.00563	0.00957
11	0.04974	0.01459	0.01354	0.01053	0.01495	0.15899	0.00837	0.18244	0.01577	0.02163	0.01046	0.01169	0.00831	0.00511	0.00465	0.00118	0.00579	0.00377	0.00378	0.45470
12	0.01276	0.01003	0.00890	0.00837	0.01042	0.10569	0.00635	0.01920	0.23724	0.02063	0.01891	0.04422	0.01507	0.00714	0.00472	0.00154	0.00415	0.00572	0.45246	0.00649

[dist]
# distance from previous block
# <min> <max>
0	2

[block]
# block no. 8 follows, 42 sequences, length 11
# corresponding to MSA columns:
# 824-834
name=unknown_I
#
# <colnr> <probs for GDERKNQSTAVLIFYWHMCP>
#	G	D	E	R	K	N	Q	S	T	A	V	L	I	F	Y	W	H	M	C	P
0	0.84197	0.01088	0.00827	0.00740	0.01088	0.01262	0.00609	0.01654	0.00958	0.02525	0.00784	0.00914	0.00609	0.00522	0.00348	0.00174	0.00435	0.00305	0.00348	0.00609
1	0.01437	0.28049	0.04842	0.12086	0.23834	0.06141	0.08133	0.03917	0.03478	0.01647	0.00998	0.01245	0.00824	0.00519	0.00499	0.00156	0.00700	0.00442	0.00279	0.00773
2	0.01398	0.01677	0.11824	0.02172	0.26159	0.10490	0.07470	0.01838	0.08705	0.01707	0.01082	0.01363	0.00891	0.00657	0.00874	0.00190	0.19929	0.00499	0.00297	0.00777
3	0.00670	0.00552	0.00589	0.00619	0.00773	0.00471	0.00449	0.00802	0.01236	0.01501	0.05111	0.22321	0.59960	0.01502	0.00677	0.00199	0.00294	0.01281	0.00523	0.00471
4	0.00682	0.00548	0.00609	0.00641	0.00783	0.00475	0.00463	0.00823	0.01252	0.01560	0.11028	0.26022	0.50151	0.01496	0.00680	0.00200	0.00295	0.01288	0.00531	0.00475
5	0.50402	0.00961	0.00837	0.00737	0.01039	0.01068	0.00597	0.06872	0.01181	0.07219	0.01203	0.01333	0.00912	0.00581	0.00390	0.00162	0.00404	0.00396	0.23074	0.00633
6	0.77210	0.01077	0.00868	0.00762	0.01118	0.01225	0.00628	0.01747	0.01014	0.08906	0.00907	0.01000	0.00677	0.00537	0.00367	0.00174	0.00439	0.00327	0.00378	0.00639
7	0.15352	0.01138	0.01248	0.01007	0.01373	0.01192	0.00818	0.29965	0.01819	0.23542	0.01679	0.07301	0.01275	0.00735	0.00523	0.00172	0.00492	0.00573	0.08976	0.00820
8	0.02058	0.02358	0.01589	0.01397	0.01720	0.57494	0.01069	0.16421	0.07262	0.01871	0.01068	0.01160	0.00843	0.00612	0.00523	0.00153	0.00896	0.00411	0.00364	0.00729
9	0.01699	0.41939	0.02226	0.01161	0.01533	0.33609	0.00994	0.01866	0.01313	0.01345	0.00875	0.01051	0.00777	0.00814	0.06471	0.00192	0.00844	0.00350	0.00266	0.00676
10	0.27692	0.01185	0.01262	0.01010	0.01416	0.01251	0.00831	0.22464	0.06042	0.29126	0.01537	0.01459	0.01048	0.00641	0.00498	0.00174	0.00502	0.00473	0.00544	0.00846

[dist]
# distance from previous block
# <min> <max>
0	1

[block]
# block no. 9 follows, 42 sequences, length 12
# corresponding to MSA columns:
# 836-847
name=unknown_J
#
# <colnr> <probs for GDERKNQSTAVLIFYWHMCP>
#	G	D	E	R	K	N	Q	S	T	A	V	L	I	F	Y	W	H	M	C	P
0	0.00737	0.00563	0.00681	0.00703	0.00836	0.00506	0.00525	0.00925	0.01353	0.01780	0.30112	0.20068	0.30093	0.01407	0.00685	0.00199	0.00307	0.07469	0.00557	0.00495
1	0.00760	0.00584	0.00775	0.00780	0.00895	0.00615	0.00588	0.00924	0.01013	0.01356	0.02800	0.06502	0.23120	0.09405	0.46524	0.00642	0.01030	0.00830	0.00377	0.00480
2	0.01213	0.00731	0.00901	0.00811	0.01041	0.00686	0.00636	0.01590	0.09738	0.18087	0.33573	0.03856	0.18351	0.01091	0.00640	0.00186	0.00350	0.05264	0.00605	0.00650
3	0.09633	0.00766	0.00887	0.00839	0.01018	0.00848	0.00642	0.01556	0.15989	0.04092	0.09333	0.02353	0.01842	0.08399	0.26814	0.00448	0.00766	0.00626	0.12550	0.00598
4	0.01505	0.80561	0.02949	0.00963	0.01444	0.02227	0.00963	0.01685	0.01143	0.01324	0.00782	0.00903	0.00722	0.00481	0.00361	0.00120	0.00602	0.00301	0.00241	0.00722
5	0.00816	0.00685	0.00983	0.26318	0.01809	0.00729	0.00842	0.01032	0.01194	0.01541	0.10596	0.29097	0.19780	0.01228	0.00649	0.00201	0.00449	0.01084	0.00443	0.00524
6	0.03717	0.01855	0.34469	0.17261	0.08957	0.01185	0.06635	0.01606	0.01224	0.01792	0.08323	0.01574	0.01198	0.00583	0.00548	0.00172	0.00709	0.00506	0.00295	0.07392
7	0.04971	0.01133	0.01290	0.05313	0.01565	0.01241	0.00899	0.09371	0.41380	0.19018	0.02100	0.06055	0.01585	0.00773	0.00568	0.00186	0.00479	0.00639	0.00570	0.00863
8	0.08125	0.01587	0.01739	0.31555	0.02597	0.23055	0.07667	0.06192	0.01329	0.01660	0.00953	0.01282	0.00752	0.00606	0.00667	0.00179	0.08643	0.00459	0.00291	0.00663
9	0.01577	0.01318	0.07796	0.21893	0.02307	0.04481	0.07417	0.04341	0.14759	0.19679	0.03426	0.01711	0.01202	0.00662	0.00640	0.00185	0.04827	0.00554	0.00436	0.00788
10	0.01091	0.00959	0.01320	0.36036	0.02392	0.01115	0.01099	0.01801	0.23842	0.01872	0.15643	0.02422	0.06515	0.00785	0.00591	0.00187	0.00540	0.00679	0.00433	0.00679
11	0.01328	0.01296	0.01963	0.16508	0.02352	0.05387	0.23395	0.05615	0.23604	0.01988	0.06839	0.01997	0.01482	0.00676	0.00607	0.00188	0.00685	0.02928	0.00409	0.00753

[dist]
# distance from previous block
# <min> <max>
7	11

[block]
# block no. 10 follows, 42 sequences, length 11
# corresponding to MSA columns:
# 859-869
name=unknown_K
#
# <colnr> <probs for GDERKNQSTAVLIFYWHMCP>
#	G	D	E	R	K	N	Q	S	T	A	V	L	I	F	Y	W	H	M	C	P
0	0.01329	0.06987	0.01368	0.01149	0.03125	0.07515	0.00893	0.06063	0.32379	0.02064	0.13213	0.04864	0.04045	0.00889	0.00690	0.00188	0.07089	0.04918	0.00492	0.00739
1	0.01487	0.75477	0.02870	0.00996	0.01447	0.02195	0.00980	0.01664	0.01125	0.01326	0.00780	0.00924	0.00723	0.00514	0.00456	0.00128	0.05639	0.00313	0.00241	0.00715
2	0.00762	0.00574	0.00704	0.00672	0.00819	0.00516	0.00504	0.00995	0.01511	0.02062	0.57709	0.04524	0.24137	0.01223	0.00664	0.00180	0.00271	0.01063	0.00594	0.00516
3	0.02102	0.02682	0.01595	0.01450	0.01740	0.77963	0.01087	0.02247	0.01595	0.01377	0.00870	0.01015	0.00725	0.00580	0.00507	0.00145	0.01015	0.00362	0.00290	0.00652
4	0.02221	0.01101	0.01340	0.01051	0.01457	0.01083	0.00860	0.20791	0.08060	0.46602	0.01978	0.01803	0.01314	0.00694	0.00553	0.00171	0.00495	0.00554	0.06953	0.00919
5	0.00788	0.00575	0.00740	0.00699	0.00835	0.00527	0.00524	0.01045	0.01572	0.02206	0.71576	0.04287	0.10181	0.01169	0.00664	0.00178	0.00267	0.01029	0.00613	0.00527
6	0.28732	0.01153	0.01129	0.00927	0.01272	0.01272	0.00756	0.31131	0.01718	0.06246	0.01314	0.01402	0.00972	0.00622	0.00455	0.00162	0.00473	0.00447	0.19070	0.00746
7	0.00813	0.00566	0.00718	0.00718	0.00754	0.00602	0.00471	0.00885	0.00849	0.01168	0.01678	0.03156	0.01817	0.53031	0.29743	0.00674	0.00890	0.00741	0.00327	0.00399
8	0.00750	0.00548	0.00705	0.00719	0.00826	0.00503	0.00519	0.00953	0.01405	0.01937	0.47377	0.27875	0.11057	0.01365	0.00681	0.00194	0.00286	0.01214	0.00581	0.00503
9	0.01648	0.24411	0.04979	0.01256	0.01579	0.15841	0.01096	0.16883	0.01473	0.01849	0.00954	0.01152	0.00802	0.00672	0.00801	0.00168	0.19892	0.00415	0.03399	0.00729
10	0.01419	0.53937	0.22374	0.01171	0.01718	0.04953	0.01272	0.01720	0.01162	0.01448	0.00844	0.00995	0.00721	0.00519	0.00472	0.00142	0.03809	0.00341	0.00242	0.00744

[dist]
# distance from previous block
# <min> <max>
0	1

[block]
# block no. 11 follows, 42 sequences, length 24
# corresponding to MSA columns:
# 871-894
name=unknown_L
#
# <colnr> <probs for GDERKNQSTAVLIFYWHMCP>
#	G	D	E	R	K	N	Q	S	T	A	V	L	I	F	Y	W	H	M	C	P
0	0.01628	0.39148	0.02114	0.01057	0.01458	0.04763	0.00930	0.17562	0.09491	0.06301	0.01391	0.09313	0.01227	0.00702	0.00482	0.00154	0.00570	0.00532	0.00403	0.00774
1	0.01663	0.01283	0.01429	0.01083	0.01533	0.01276	0.00883	0.40407	0.01938	0.02714	0.01216	0.01325	0.00932	0.00774	0.04973	0.00176	0.00587	0.00441	0.00454	0.34913
2	0.01995	0.02510	0.01699	0.01502	0.01786	0.68096	0.05113	0.02156	0.01526	0.01399	0.00875	0.01058	0.00733	0.00604	0.00616	0.00155	0.06847	0.00389	0.00286	0.00655
3	0.00713	0.00553	0.00649	0.00666	0.00800	0.00489	0.00484	0.00885	0.01335	0.01741	0.28149	0.22753	0.35933	0.01416	0.00677	0.00195	0.00289	0.01230	0.00554	0.00489
4	0.00749	0.00557	0.00594	0.00594	0.00680	0.00514	0.00380	0.00814	0.01029	0.01285	0.03551	0.04467	0.35734	0.44561	0.01869	0.00385	0.00428	0.00986	0.00423	0.00402
5	0.00768	0.00571	0.00693	0.00681	0.00786	0.00551	0.00482	0.00916	0.01171	0.01565	0.23213	0.04026	0.22923	0.23503	0.15312	0.00414	0.00573	0.00934	0.00459	0.00459
6	0.02261	0.01382	0.01568	0.01202	0.01648	0.01456	0.00993	0.52154	0.02320	0.26688	0.01625	0.01529	0.01094	0.00682	0.00564	0.00171	0.00575	0.00525	0.00605	0.00957
7	0.84197	0.01088	0.00827	0.00740	0.01088	0.01262	0.00609	0.01654	0.00958	0.02525	0.00784	0.00914	0.00609	0.00522	0.00348	0.00174	0.00435	0.00305	0.00348	0.00609
8	0.01483	0.00986	0.01035	0.00878	0.01147	0.01071	0.00698	0.27798	0.11065	0.02648	0.01720	0.01831	0.01304	0.00676	0.00477	0.00152	0.00413	0.00532	0.43363	0.00725
9	0.01566	0.64701	0.02684	0.01063	0.01486	0.12388	0.00998	0.01738	0.01185	0.01333	0.00791	0.00940	0.00724	0.00529	0.00481	0.00132	0.05983	0.00322	0.00248	0.00706
