[name]
unknown

[dist]
# distance from previous block
# <min> <max>
0	71

[block]
# block no. 0 follows, 41 sequences, length 7
# corresponding to MSA columns:
# 94-100
name=unknown_A
#
# <colnr> <probs for GDERKNQSTAVLIFYWHMCP>
#	G	D	E	R	K	N	Q	S	T	A	V	L	I	F	Y	W	H	M	C	P
0	0.01127	0.00942	0.01271	0.01173	0.01236	0.01205	0.00979	0.01318	0.01059	0.01629	0.01574	0.02760	0.01551	0.01073	0.01274	0.00228	0.41599	0.18681	0.18739	0.00580
1	0.00757	0.00576	0.00654	0.00643	0.00766	0.00527	0.00451	0.00897	0.01237	0.01603	0.21776	0.04574	0.35458	0.22236	0.05113	0.00322	0.00417	0.01036	0.00495	0.00462
2	0.01529	0.80242	0.02997	0.00979	0.01468	0.02263	0.00979	0.01713	0.01162	0.01346	0.00795	0.00918	0.00734	0.00489	0.00367	0.00122	0.00612	0.00306	0.00245	0.00734
3	0.00711	0.00517	0.00670	0.00767	0.00828	0.00476	0.00524	0.00837	0.01185	0.01582	0.13380	0.62894	0.10162	0.01677	0.00718	0.00222	0.00320	0.01509	0.00545	0.00476
4	0.00761	0.00525	0.00645	0.00714	0.00732	0.00507	0.00443	0.00813	0.00970	0.01293	0.02511	0.43538	0.02974	0.38882	0.01766	0.00385	0.00438	0.01249	0.00443	0.00409
5	0.01515	0.64803	0.13056	0.01099	0.01625	0.06835	0.01142	0.01762	0.01197	0.01413	0.00832	0.00964	0.00733	0.00503	0.00401	0.00132	0.00670	0.00326	0.00247	0.00745
6	0.00697	0.00498	0.00664	0.00796	0.00830	0.00465	0.00531	0.00796	0.01095	0.01460	0.03153	0.79525	0.03783	0.01792	0.00730	0.00232	0.00332	0.01626	0.00531	0.00465

[dist]
# distance from previous block
# <min> <max>
11	70

[block]
# block no. 1 follows, 41 sequences, length 8
# corresponding to MSA columns:
# 174-181
name=unknown_B
#
# <colnr> <probs for GDERKNQSTAVLIFYWHMCP>
#	G	D	E	R	K	N	Q	S	T	A	V	L	I	F	Y	W	H	M	C	P
0	0.01392	0.01224	0.05195	0.02645	0.04499	0.01159	0.10309	0.11528	0.06939	0.07994	0.03738	0.05174	0.10061	0.00785	0.00722	0.00175	0.09178	0.00650	0.00431	0.16201
1	0.01293	0.00869	0.00978	0.00865	0.01142	0.00855	0.00668	0.05321	0.19113	0.11879	0.02838	0.12618	0.16243	0.00969	0.00574	0.00174	0.00389	0.00815	0.12317	0.10080
2	0.01427	0.07929	0.01489	0.16673	0.06295	0.04529	0.01021	0.01756	0.05863	0.14958	0.03363	0.09012	0.04146	0.00812	0.00628	0.00178	0.04350	0.04277	0.02469	0.08825
3	0.05228	0.09820	0.04794	0.01311	0.08678	0.15442	0.00991	0.09612	0.01428	0.01932	0.01060	0.03210	0.00895	0.00544	0.00475	0.00130	0.00620	0.00412	0.00342	0.33076
4	0.01609	0.01276	0.05189	0.04127	0.09328	0.07743	0.01006	0.05775	0.19505	0.18144	0.12889	0.03926	0.01978	0.04098	0.00685	0.00196	0.00548	0.00657	0.00519	0.00802
5	0.01513	0.01885	0.22300	0.01523	0.08273	0.10511	0.01335	0.20608	0.04488	0.02191	0.04486	0.06735	0.01316	0.04755	0.00768	0.00201	0.05343	0.00587	0.00392	0.00788
6	0.22749	0.01113	0.01040	0.00855	0.01197	0.07597	0.00661	0.05182	0.01219	0.06447	0.01216	0.01605	0.01044	0.12213	0.00795	0.00196	0.00503	0.00443	0.06305	0.27619
7	0.08509	0.01104	0.01266	0.06020	0.10509	0.05622	0.00937	0.15655	0.07917	0.02125	0.01980	0.27609	0.02001	0.01045	0.00606	0.00196	0.00525	0.03345	0.02334	0.00695

[dist]
# distance from previous block
# <min> <max>
0	2

[block]
# block no. 2 follows, 41 sequences, length 33
# corresponding to MSA columns:
# 184-216
name=unknown_C
#
# <colnr> <probs for GDERKNQSTAVLIFYWHMCP>
#	G	D	E	R	K	N	Q	S	T	A	V	L	I	F	Y	W	H	M	C	P
0	0.01142	0.01153	0.04509	0.12736	0.01567	0.11162	0.00846	0.09235	0.01439	0.01747	0.07025	0.03409	0.31767	0.08799	0.00842	0.00219	0.00549	0.00830	0.00435	0.00590
1	0.01615	0.01276	0.01313	0.01107	0.01448	0.04582	0.00880	0.27669	0.28371	0.05188	0.05831	0.02379	0.11879	0.00843	0.00588	0.00181	0.00505	0.00679	0.02833	0.00835
2	0.01440	0.16075	0.02833	0.06118	0.09795	0.07831	0.38987	0.01868	0.04687	0.01717	0.01103	0.01392	0.00870	0.00512	0.00580	0.00172	0.00832	0.00549	0.00293	0.02347
3	0.01703	0.19973	0.16741	0.01341	0.01783	0.37720	0.01239	0.02052	0.05708	0.01567	0.04398	0.01252	0.01005	0.00595	0.00499	0.00153	0.00832	0.00412	0.00305	0.00723
4	0.00997	0.00764	0.00932	0.00879	0.01066	0.00803	0.00679	0.01586	0.20166	0.03524	0.34175	0.03485	0.08474	0.01674	0.14898	0.00325	0.00566	0.03826	0.00548	0.00631
5	0.04990	0.00859	0.00850	0.00825	0.00933	0.07000	0.00563	0.01346	0.12111	0.01518	0.06312	0.10925	0.02178	0.39489	0.07343	0.00420	0.00604	0.00820	0.00411	0.00505
6	0.08565	0.12344	0.05124	0.01068	0.01552	0.04639	0.00929	0.24547	0.01658	0.02378	0.01075	0.01181	0.00841	0.00537	0.00466	0.00132	0.00562	0.00392	0.00394	0.31617
7	0.01709	0.01162	0.02011	0.01475	0.01958	0.01025	0.28149	0.02032	0.01432	0.28852	0.04632	0.01898	0.04448	0.00621	0.00593	0.00167	0.00636	0.00613	0.00473	0.16116
8	0.00744	0.00534	0.00706	0.00764	0.00840	0.00496	0.00535	0.00915	0.01314	0.01809	0.33639	0.48044	0.04458	0.01532	0.00707	0.00210	0.00306	0.01379	0.00572	0.00496
9	0.01225	0.01107	0.01686	0.30078	0.25873	0.01234	0.01368	0.01812	0.15838	0.01810	0.01553	0.05471	0.02976	0.00677	0.00573	0.00184	0.00618	0.00607	0.04553	0.00757
10	0.01268	0.02024	0.30604	0.02224	0.12067	0.01370	0.36517	0.01792	0.01285	0.01821	0.01142	0.03129	0.00884	0.00537	0.00613	0.00186	0.00870	0.00581	0.00276	0.00809
11	0.01865	0.00814	0.01061	0.00887	0.01212	0.00705	0.00704	0.02051	0.01481	0.48686	0.03175	0.14491	0.18297	0.01036	0.00621	0.00189	0.00420	0.00874	0.00642	0.00788
12	0.00689	0.00529	0.00632	0.00714	0.00808	0.00472	0.00494	0.00806	0.01175	0.01493	0.04159	0.51314	0.31344	0.01661	0.00709	0.00217	0.00316	0.01466	0.00531	0.00472
13	0.11761	0.02055	0.39849	0.01324	0.01957	0.01230	0.01482	0.07161	0.04037	0.21670	0.01391	0.01412	0.00946	0.00603	0.00532	0.00179	0.00673	0.00463	0.00413	0.00862
14	0.01416	0.01359	0.02322	0.03511	0.76330	0.01359	0.01755	0.01755	0.01302	0.01869	0.01076	0.01416	0.00906	0.00510	0.00566	0.00170	0.00680	0.00510	0.00283	0.00906
15	0.00718	0.00518	0.00685	0.00811	0.00863	0.00485	0.00565	0.00837	0.01128	0.01490	0.03274	0.68402	0.07405	0.01753	0.00733	0.00233	0.00349	0.08745	0.00531	0.00472
16	0.01350	0.01543	0.03375	0.02411	0.02989	0.01446	0.74253	0.01832	0.01350	0.01832	0.01157	0.01543	0.00868	0.00482	0.00675	0.00193	0.00964	0.00675	0.00289	0.00771
17	0.01411	0.01306	0.01895	0.33953	0.32190	0.08787	0.01530	0.01735	0.01287	0.06810	0.01164	0.03340	0.00935	0.00588	0.00568	0.00178	0.00727	0.00527	0.00308	0.00765
18	0.01416	0.01359	0.02322	0.03511	0.76330	0.01359	0.01755	0.01755	0.01302	0.01869	0.01076	0.01416	0.00906	0.00510	0.00566	0.00170	0.00680	0.00510	0.00283	0.00906
19	0.00697	0.00498	0.00664	0.00796	0.00830	0.00465	0.00531	0.00796	0.01095	0.01460	0.03153	0.79525	0.03783	0.01792	0.00730	0.00232	0.00332	0.01626	0.00531	0.00465
20	0.01209	0.01128	0.01926	0.26387	0.26286	0.01199	0.10651	0.05339	0.01293	0.01752	0.01468	0.15922	0.01392	0.00772	0.00612	0.00191	0.00675	0.00737	0.00336	0.00725
21	0.01147	0.02959	0.76934	0.01630	0.02476	0.01328	0.02113	0.01811	0.01208	0.01811	0.01026	0.01208	0.00725	0.00543	0.00543	0.00181	0.00845	0.00423	0.00242	0.00845
22	0.01186	0.01017	0.01186	0.00847	0.01356	0.00762	0.00678	0.01440	0.01186	0.01864	0.01017	0.01186	0.00847	0.00424	0.00424	0.00085	0.00424	0.00339	0.00339	0.83395
23	0.01127	0.01040	0.08474	0.00964	0.01244	0.00909	0.00825	0.01854	0.24577	0.06214	0.41722	0.03180	0.03586	0.00960	0.00628	0.00184	0.00395	0.00829	0.00581	0.00707
24	0.01404	0.01393	0.02517	0.03307	0.62755	0.01375	0.15174	0.01770	0.01311	0.01862	0.01091	0.01439	0.00899	0.00505	0.00586	0.00174	0.00732	0.00540	0.00284	0.00881
25	0.01526	0.01537	0.01988	0.02683	0.48472	0.12928	0.01469	0.02120	0.17721	0.01914	0.01324	0.01516	0.01066	0.00581	0.00562	0.00172	0.00683	0.00519	0.00351	0.00869
26	0.01416	0.01359	0.02322	0.03511	0.76330	0.01359	0.01755	0.01755	0.01302	0.01869	0.01076	0.01416	0.00906	0.00510	0.00566	0.00170	0.00680	0.00510	0.00283	0.00906
27	0.00832	0.00555	0.00624	0.00624	0.00624	0.00555	0.00347	0.00832	0.00832	0.01109	0.01802	0.03743	0.02080	0.79898	0.02911	0.00555	0.00555	0.00832	0.00347	0.00347
28	0.00817	0.00613	0.00919	0.00919	0.01021	0.00715	0.00715	0.01021	0.00919	0.01328	0.01532	0.02247	0.01430	0.04290	0.77631	0.00919	0.01532	0.00613	0.00306	0.00511
29	0.00770	0.00552	0.00720	0.00830	0.00886	0.00529	0.00573	0.03927	0.01173	0.01563	0.03072	0.72815	0.03641	0.01735	0.00726	0.00231	0.00354	0.04882	0.00533	0.00489
30	0.01103	0.01030	0.01543	0.01313	0.01388	0.01298	0.08476	0.01249	0.00922	0.01357	0.01144	0.01984	0.01160	0.18901	0.13463	0.00413	0.41803	0.00609	0.00284	0.00562
31	0.01354	0.01279	0.02079	0.17097	0.53423	0.01351	0.01617	0.01864	0.10673	0.01860	0.01224	0.01527	0.00986	0.00555	0.00569	0.00177	0.00666	0.00527	0.00316	0.00856
32	0.01203	0.00943	0.01186	0.25112	0.01994	0.01095	0.00959	0.02009	0.28805	0.02020	0.01773	0.01943	0.01351	0.00678	0.00521	0.00174	0.00491	0.00568	0.26471	0.00704

[dist]
# distance from previous block
# <min> <max>
0	1

[block]
# block no. 3 follows, 41 sequences, length 40
# corresponding to MSA columns:
# 218-257
name=unknown_D
#
# <colnr> <probs for GDERKNQSTAVLIFYWHMCP>
#	G	D	E	R	K	N	Q	S	T	A	V	L	I	F	Y	W	H	M	C	P
0	0.01499	0.07463	0.04411	0.01669	0.04043	0.19948	0.26562	0.05169	0.05851	0.01884	0.14064	0.01857	0.01661	0.00657	0.00597	0.00172	0.00778	0.00614	0.00375	0.00725
1	0.04830	0.01338	0.01439	0.01191	0.01578	0.01490	0.00957	0.29765	0.37826	0.10423	0.01906	0.01785	0.01381	0.00727	0.00569	0.00183	0.00522	0.00578	0.00583	0.00927
2	0.01251	0.01251	0.01752	0.01502	0.01502	0.01752	0.01251	0.01377	0.00876	0.01377	0.00751	0.01251	0.00751	0.01001	0.01877	0.00250	0.78851	0.00501	0.00250	0.00626
3	0.00684	0.00566	0.00600	0.00622	0.00785	0.00482	0.00455	0.00826	0.01279	0.01556	0.07758	0.18243	0.61176	0.01498	0.00685	0.00199	0.00296	0.01274	0.00535	0.00482
4	0.00697	0.00498	0.00664	0.00796	0.00830	0.00465	0.00531	0.00796	0.01095	0.01460	0.03153	0.79525	0.03783	0.01792	0.00730	0.00232	0.00332	0.01626	0.00531	0.00465
5	0.01186	0.01017	0.01186	0.00847	0.01356	0.00762	0.00678	0.01440	0.01186	0.01864	0.01017	0.01186	0.00847	0.00424	0.00424	0.00085	0.00424	0.00339	0.00339	0.83395
6	0.00697	0.00498	0.00664	0.00796	0.00830	0.00465	0.00531	0.00796	0.01095	0.01460	0.03153	0.79525	0.03783	0.01792	0.00730	0.00232	0.00332	0.01626	0.00531	0.00465
7	0.01423	0.01229	0.01293	0.01164	0.01487	0.01423	0.00905	0.03039	0.75297	0.02393	0.02328	0.02134	0.01746	0.00776	0.00582	0.00194	0.00453	0.00647	0.00582	0.00905
8	0.02137	0.02726	0.01621	0.01474	0.01768	0.77602	0.01105	0.02284	0.01621	0.01400	0.00884	0.01031	0.00737	0.00589	0.00516	0.00147	0.01031	0.00368	0.00295	0.00663
9	0.00791	0.00584	0.00739	0.00700	0.00843	0.00532	0.00525	0.01044	0.01576	0.02191	0.66435	0.04441	0.15054	0.01207	0.00675	0.00182	0.00273	0.01058	0.00616	0.00532
10	0.01511	0.06064	0.01084	0.00818	0.01087	0.01001	0.00662	0.20757	0.01643	0.08998	0.04276	0.01911	0.01420	0.00681	0.00468	0.00148	0.00404	0.00535	0.45830	0.00701
11	0.00832	0.00555	0.00624	0.00624	0.00624	0.00555	0.00347	0.00832	0.00832	0.01109	0.01802	0.03743	0.02080	0.79898	0.02911	0.00555	0.00555	0.00832	0.00347	0.00347
12	0.01515	0.77431	0.05687	0.01002	0.01505	0.02229	0.01020	0.01716	0.01164	0.01363	0.00804	0.00928	0.00734	0.00491	0.00373	0.00124	0.00620	0.00310	0.00245	0.00738
13	0.01164	0.01102	0.01866	0.59851	0.21959	0.01293	0.01630	0.01535	0.01183	0.01563	0.01031	0.01498	0.00798	0.00556	0.00570	0.00185	0.00742	0.00509	0.00261	0.00703
14	0.02151	0.01633	0.01701	0.01317	0.01765	0.04570	0.01083	0.69662	0.04776	0.03488	0.01383	0.01383	0.00987	0.00686	0.00570	0.00171	0.00639	0.00513	0.00562	0.00959
15	0.83938	0.01106	0.00841	0.00752	0.01106	0.01283	0.00619	0.01681	0.00973	0.02566	0.00796	0.00929	0.00619	0.00531	0.00354	0.00177	0.00442	0.00310	0.00354	0.00619
16	0.01299	0.06871	0.35709	0.02032	0.20663	0.01417	0.06737	0.02005	0.14031	0.01899	0.01258	0.01425	0.00957	0.00568	0.00554	0.00178	0.00730	0.00493	0.00314	0.00859
17	0.01197	0.01139	0.01910	0.50300	0.26829	0.01326	0.01623	0.01550	0.01179	0.01586	0.01020	0.01475	0.00807	0.00576	0.00644	0.00187	0.05158	0.00508	0.00263	0.00721
18	0.01056	0.00534	0.00537	0.00537	0.00664	0.00534	0.00397	0.01310	0.01183	0.02086	0.01863	0.02206	0.01494	0.04265	0.00514	0.00152	0.00280	0.00547	0.79317	0.00525
19	0.00751	0.00545	0.00657	0.00722	0.00829	0.00485	0.00506	0.00877	0.01205	0.03846	0.06609	0.47825	0.29839	0.01613	0.00704	0.00215	0.00319	0.01422	0.00540	0.00490
20	0.01423	0.01229	0.01293	0.01164	0.01487	0.01423	0.00905	0.03039	0.75297	0.02393	0.02328	0.02134	0.01746	0.00776	0.00582	0.00194	0.00453	0.00647	0.00582	0.00905
21	0.83938	0.01106	0.00841	0.00752	0.01106	0.01283	0.00619	0.01681	0.00973	0.02566	0.00796	0.00929	0.00619	0.00531	0.00354	0.00177	0.00442	0.00310	0.00354	0.00619
22	0.02174	0.01602	0.01717	0.01316	0.01774	0.01774	0.01087	0.74423	0.02689	0.03605	0.01373	0.01373	0.00973	0.00687	0.00572	0.00172	0.00629	0.00515	0.00572	0.00973
23	0.00817	0.00613	0.00919	0.00919	0.01021	0.00715	0.00715	0.01021	0.00919	0.01328	0.01532	0.02247	0.01430	0.04290	0.77631	0.00919	0.01532	0.00613	0.00306	0.00511
24	0.01529	0.80242	0.02997	0.00979	0.01468	0.02263	0.00979	0.01713	0.01162	0.01346	0.00795	0.00918	0.00734	0.00489	0.00367	0.00122	0.00612	0.00306	0.00245	0.00734
25	0.01080	0.01017	0.01716	0.78523	0.03940	0.01271	0.01589	0.01461	0.01144	0.01461	0.01017	0.01525	0.00762	0.00572	0.00572	0.00191	0.00762	0.00508	0.00254	0.00635
26	0.01321	0.01140	0.01196	0.01084	0.01390	0.01295	0.00841	0.02737	0.65219	0.02277	0.02800	0.02593	0.11873	0.00868	0.00595	0.00194	0.00430	0.00723	0.00575	0.00848
27	0.01066	0.00533	0.00533	0.00533	0.00666	0.00533	0.00400	0.01333	0.01200	0.02132	0.01866	0.02132	0.01466	0.00666	0.00400	0.00133	0.00267	0.00533	0.83073	0.00533
28	0.01144	0.01105	0.01729	0.49605	0.03024	0.01451	0.01462	0.01430	0.01043	0.01430	0.00917	0.01422	0.00758	0.00733	0.01062	0.00213	0.30081	0.00505	0.00253	0.00632
29	0.00735	0.00582	0.00662	0.00642	0.00809	0.00508	0.00481	0.00936	0.01444	0.01878	0.36993	0.04957	0.44691	0.01325	0.00675	0.00187	0.00281	0.01130	0.00575	0.00508
30	0.00787	0.00551	0.00637	0.00637	0.00763	0.00488	0.00456	0.00794	0.01109	0.01353	0.04119	0.04190	0.49886	0.01637	0.01220	0.29218	0.00362	0.00959	0.00432	0.00401
31	0.02111	0.06180	0.01689	0.01442	0.01755	0.69710	0.01098	0.06511	0.01663	0.01527	0.00909	0.01046	0.00751	0.00591	0.00512	0.00148	0.00989	0.00374	0.00309	0.00685
32	0.01209	0.01004	0.01109	0.01009	0.01267	0.01115	0.00778	0.02355	0.49583	0.02358	0.28050	0.02880	0.03020	0.00913	0.00614	0.00189	0.00389	0.00782	0.00599	0.00778
33	0.01333	0.04871	0.28477	0.01763	0.02289	0.03743	0.22505	0.05414	0.04630	0.01816	0.01072	0.01347	0.00831	0.00636	0.00847	0.00195	0.16640	0.00520	0.00291	0.00779
34	0.01723	0.18076	0.03508	0.01208	0.01615	0.08298	0.01019	0.23826	0.30184	0.02433	0.01569	0.01537	0.01194	0.00668	0.00527	0.00168	0.00597	0.00507	0.00476	0.00867
35	0.41065	0.01054	0.01089	0.00897	0.01282	0.01094	0.00736	0.04821	0.03892	0.33585	0.04235	0.01535	0.01179	0.00642	0.00474	0.00177	0.00462	0.00466	0.00528	0.00787
36	0.07396	0.29242	0.20490	0.01295	0.01812	0.04364	0.09179	0.04418	0.03472	0.01795	0.05996	0.03306	0.01238	0.00636	0.00505	0.00164	0.00674	0.02954	0.00322	0.00742
37	0.00996	0.01893	0.42746	0.01222	0.01748	0.00974	0.01407	0.01483	0.01392	0.02028	0.34691	0.02583	0.02822	0.00824	0.00602	0.00181	0.00587	0.00697	0.00416	0.00708
38	0.01182	0.02469	0.57223	0.01606	0.02336	0.01243	0.11029	0.01759	0.01261	0.04554	0.03736	0.01669	0.06127	0.00624	0.00574	0.00183	0.00791	0.00533	0.00297	0.00806
39	0.01381	0.01442	0.02076	0.02060	0.18738	0.08472	0.11461	0.01610	0.01117	0.01570	0.00902	0.01307	0.00804	0.00760	0.01239	0.00209	0.40550	0.00509	0.00270	0.03521

[dist]
# distance from previous block
# <min> <max>
0	1

[block]
# block no. 4 follows, 41 sequences, length 19
# corresponding to MSA columns:
# 259-277
name=unknown_E
#
# <colnr> <probs for GDERKNQSTAVLIFYWHMCP>
#	G	D	E	R	K	N	Q	S	T	A	V	L	I	F	Y	W	H	M	C	P
0	0.00755	0.00576	0.00695	0.00693	0.00837	0.00516	0.00518	0.00962	0.01438	0.01915	0.40334	0.13120	0.29901	0.01353	0.00686	0.00194	0.00294	0.04122	0.00580	0.00511
1	0.00697	0.00498	0.00664	0.00796	0.00830	0.00465	0.00531	0.00796	0.01095	0.01460	0.03153	0.79525	0.03783	0.01792	0.00730	0.00232	0.00332	0.01626	0.00531	0.00465
2	0.04704	0.01322	0.01778	0.02215	0.34930	0.03571	0.01296	0.04344	0.27805	0.06455	0.01571	0.01666	0.01216	0.00645	0.00617	0.00182	0.03827	0.00550	0.00425	0.00882
3	0.72763	0.01305	0.08238	0.00859	0.01265	0.01307	0.00782	0.04508	0.01062	0.02533	0.00841	0.00973	0.00643	0.00538	0.00381	0.00177	0.00489	0.00329	0.00352	0.00655
4	0.01251	0.01251	0.01752	0.01502	0.01502	0.01752	0.01251	0.01377	0.00876	0.01377	0.00751	0.01251	0.00751	0.01001	0.01877	0.00250	0.78851	0.00501	0.00250	0.00626
5	0.01391	0.52257	0.29771	0.01215	0.01833	0.01925	0.01390	0.01748	0.01179	0.01514	0.00879	0.01023	0.00731	0.00509	0.00431	0.00144	0.00696	0.00348	0.00244	0.00774
6	0.02137	0.02726	0.01621	0.01474	0.01768	0.77602	0.01105	0.02284	0.01621	0.01400	0.00884	0.01031	0.00737	0.00589	0.00516	0.00147	0.01031	0.00368	0.00295	0.00663
7	0.00810	0.00585	0.00765	0.00720	0.00855	0.00540	0.00540	0.01079	0.01619	0.02294	0.76028	0.04273	0.05397	0.01169	0.00675	0.00180	0.00270	0.01034	0.00630	0.00540
8	0.00810	0.00585	0.00765	0.00720	0.00855	0.00540	0.00540	0.01079	0.01619	0.02294	0.76028	0.04273	0.05397	0.01169	0.00675	0.00180	0.00270	0.01034	0.00630	0.00540
9	0.00832	0.00555	0.00624	0.00624	0.00624	0.00555	0.00347	0.00832	0.00832	0.01109	0.01802	0.03743	0.02080	0.79898	0.02911	0.00555	0.00555	0.00832	0.00347	0.00347
10	0.02220	0.01530	0.01672	0.01282	0.01738	0.01666	0.01059	0.66158	0.02568	0.12041	0.01475	0.01439	0.01024	0.00689	0.00573	0.00172	0.00613	0.00522	0.00588	0.00973
11	0.00810	0.00585	0.00765	0.00720	0.00855	0.00540	0.00540	0.01079	0.01619	0.02294	0.76028	0.04273	0.05397	0.01169	0.00675	0.00180	0.00270	0.01034	0.00630	0.00540
12	0.34462	0.06081	0.01262	0.00926	0.01338	0.01152	0.00775	0.05946	0.01400	0.39064	0.01545	0.01452	0.01037	0.00623	0.00475	0.00173	0.00485	0.00451	0.00533	0.00819
13	0.00826	0.00577	0.00738	0.00738	0.00777	0.00616	0.00489	0.00905	0.00866	0.01193	0.01698	0.03166	0.01829	0.50726	0.31741	0.00695	0.00932	0.00747	0.00331	0.00410
14	0.02137	0.02726	0.01621	0.01474	0.01768	0.77602	0.01105	0.02284	0.01621	0.01400	0.00884	0.01031	0.00737	0.00589	0.00516	0.00147	0.01031	0.00368	0.00295	0.00663
15	0.01040	0.00870	0.01356	0.01174	0.01348	0.00948	0.12318	0.01378	0.08556	0.03554	0.01730	0.11095	0.01687	0.15369	0.27032	0.00508	0.08319	0.00767	0.00370	0.00583
16	0.01186	0.01017	0.01186	0.00847	0.01356	0.00762	0.00678	0.01440	0.01186	0.01864	0.01017	0.01186	0.00847	0.00424	0.00424	0.00085	0.00424	0.00339	0.00339	0.83395
17	0.01270	0.01259	0.01865	0.33842	0.23877	0.06216	0.01508	0.01566	0.01157	0.01552	0.00986	0.01428	0.00820	0.00760	0.03245	0.00217	0.16954	0.00501	0.00266	0.00709
18	0.01041	0.00520	0.00608	0.00608	0.00694	0.00520	0.00434	0.01125	0.01039	0.01730	0.01558	0.01993	0.01299	0.01133	0.01048	0.29522	0.00348	0.00520	0.53826	0.00433

[dist]
# distance from previous block
# <min> <max>
0	27

[block]
# block no. 5 follows, 41 sequences, length 41
# corresponding to MSA columns:
# 305-345
name=unknown_F
#
# <colnr> <probs for GDERKNQSTAVLIFYWHMCP>
#	G	D	E	R	K	N	Q	S	T	A	V	L	I	F	Y	W	H	M	C	P
0	0.01529	0.80242	0.02997	0.00979	0.01468	0.02263	0.00979	0.01713	0.01162	0.01346	0.00795	0.00918	0.00734	0.00489	0.00367	0.00122	0.00612	0.00306	0.00245	0.00734
1	0.01275	0.01216	0.02068	0.34939	0.46000	0.01322	0.01685	0.01632	0.01236	0.01698	0.01051	0.01461	0.00846	0.00536	0.00569	0.00179	0.00714	0.00509	0.00271	0.00793
2	0.00707	0.00576	0.00625	0.00622	0.00794	0.00495	0.00463	0.00877	0.01363	0.01707	0.21277	0.08979	0.56716	0.01404	0.00678	0.00192	0.00287	0.01190	0.00553	0.00495
3	0.00897	0.00591	0.00766	0.00748	0.00885	0.00539	0.00551	0.01113	0.01472	0.07289	0.48220	0.22026	0.10114	0.01306	0.00681	0.00193	0.00301	0.01155	0.00604	0.00548
4	0.01423	0.01229	0.01293	0.01164	0.01487	0.01423	0.00905	0.03039	0.75297	0.02393	0.02328	0.02134	0.01746	0.00776	0.00582	0.00194	0.00453	0.00647	0.00582	0.00905
5	0.81235	0.01102	0.00857	0.00761	0.01118	0.01268	0.00627	0.01718	0.00995	0.05030	0.00845	0.00963	0.00646	0.00537	0.00361	0.00177	0.00444	0.00319	0.00366	0.00631
6	0.02174	0.01602	0.01717	0.01316	0.01774	0.01774	0.01087	0.74423	0.02689	0.03605	0.01373	0.01373	0.00973	0.00687	0.00572	0.00172	0.00629	0.00515	0.00572	0.00973
7	0.00832	0.00555	0.00624	0.00624	0.00624	0.00555	0.00347	0.00832	0.00832	0.01109	0.01802	0.03743	0.02080	0.79898	0.02911	0.00555	0.00555	0.00832	0.00347	0.00347
8	0.01529	0.80242	0.02997	0.00979	0.01468	0.02263	0.00979	0.01713	0.01162	0.01346	0.00795	0.00918	0.00734	0.00489	0.00367	0.00122	0.00612	0.00306	0.00245	0.00734
9	0.39076	0.01216	0.01400	0.05584	0.24170	0.03412	0.01051	0.04196	0.06412	0.02263	0.01084	0.01279	0.00857	0.00558	0.00460	0.00173	0.00544	0.00426	0.05105	0.00736
10	0.01445	0.01240	0.01306	0.01169	0.01496	0.01433	0.00911	0.05143	0.73157	0.02428	0.02300	0.02112	0.01723	0.00773	0.00582	0.00193	0.00458	0.00643	0.00582	0.00907
11	0.02442	0.00946	0.01288	0.00997	0.01417	0.00819	0.00819	0.02667	0.01636	0.71477	0.07459	0.02111	0.01697	0.00740	0.00582	0.00177	0.00471	0.00608	0.00702	0.00943
12	0.01365	0.01307	0.02230	0.14834	0.65403	0.01346	0.01730	0.01711	0.01278	0.01807	0.01067	0.01432	0.00884	0.00519	0.00567	0.00173	0.00692	0.00509	0.00279	0.00865
13	0.00752	0.00582	0.00684	0.00659	0.00819	0.00515	0.00494	0.00967	0.01483	0.01970	0.45611	0.04806	0.36017	0.01290	0.00675	0.00186	0.00278	0.01109	0.00587	0.00515
14	0.00994	0.00497	0.00745	0.00745	0.00745	0.00497	0.00497	0.00745	0.00745	0.00994	0.00994	0.01739	0.00994	0.01987	0.02235	0.83358	0.00497	0.00497	0.00248	0.00248
15	0.01890	0.01724	0.01711	0.01375	0.01740	0.20796	0.08601	0.35514	0.01997	0.02562	0.01262	0.01398	0.00956	0.00653	0.00608	0.00166	0.04447	0.00496	0.11305	0.00799
16	0.01898	0.01072	0.01302	0.01006	0.01437	0.00986	0.00816	0.12410	0.08749	0.33404	0.06756	0.01829	0.01495	0.00663	0.00540	0.00152	0.00471	0.00539	0.00569	0.23905
17	0.07564	0.01258	0.01371	0.01173	0.03924	0.02897	0.00907	0.36880	0.09405	0.05357	0.18758	0.02114	0.02060	0.00824	0.00624	0.02370	0.00517	0.00632	0.00552	0.00813
18	0.02148	0.01739	0.01692	0.01332	0.01765	0.11757	0.01084	0.62854	0.04645	0.03279	0.01336	0.01350	0.00964	0.00676	0.00565	0.00169	0.00677	0.00499	0.00536	0.00930
19	0.78359	0.01097	0.00874	0.00770	0.01130	0.01253	0.00635	0.01757	0.01019	0.07652	0.00897	0.00999	0.00674	0.00543	0.00369	0.00177	0.00446	0.00328	0.00378	0.00644
20	0.01610	0.01641	0.02400	0.01836	0.02262	0.19318	0.38942	0.01934	0.01411	0.10511	0.01420	0.09547	0.01201	0.00682	0.00659	0.00186	0.02658	0.00685	0.00364	0.00734
21	0.01305	0.00794	0.00787	0.00707	0.00906	0.02789	0.00549	0.15287	0.01494	0.02394	0.01746	0.01959	0.01353	0.00668	0.00436	0.00141	0.00356	0.00525	0.65182	0.00620
22	0.00828	0.00704	0.01073	0.11146	0.01455	0.00705	0.07447	0.01020	0.01183	0.01542	0.05186	0.40955	0.17240	0.01400	0.00722	0.00216	0.02349	0.03834	0.00468	0.00527
23	0.01710	0.01466	0.01171	0.01020	0.01291	0.24272	0.00792	0.18638	0.01691	0.05271	0.01469	0.01614	0.01128	0.00649	0.00482	0.00148	0.00592	0.00481	0.35423	0.00692
24	0.01423	0.01229	0.01293	0.01164	0.01487	0.01423	0.00905	0.03039	0.75297	0.02393	0.02328	0.02134	0.01746	0.00776	0.00582	0.00194	0.00453	0.00647	0.00582	0.00905
25	0.00732	0.00512	0.00653	0.00752	0.00777	0.00488	0.00483	0.00806	0.01027	0.01370	0.02805	0.60002	0.03344	0.21913	0.01292	0.00315	0.00389	0.01421	0.00483	0.00434
26	0.00866	0.00561	0.00788	0.00787	0.00852	0.00592	0.00566	0.00885	0.00908	0.01236	0.03883	0.02613	0.09192	0.10806	0.33141	0.30033	0.00901	0.00667	0.00322	0.00399
27	0.83938	0.01106	0.00841	0.00752	0.01106	0.01283	0.00619	0.01681	0.00973	0.02566	0.00796	0.00929	0.00619	0.00531	0.00354	0.00177	0.00442	0.00310	0.00354	0.00619
28	0.01251	0.01251	0.01752	0.01502	0.01502	0.01752	0.01251	0.01377	0.00876	0.01377	0.00751	0.01251	0.00751	0.01001	0.01877	0.00250	0.78851	0.00501	0.00250	0.00626
29	0.05618	0.01235	0.01310	0.01214	0.03608	0.01422	0.00919	0.04614	0.67716	0.02415	0.02192	0.02035	0.01647	0.00754	0.00570	0.00192	0.00463	0.00623	0.00562	0.00892
30	0.12161	0.00989	0.01270	0.00986	0.01418	0.00893	0.00815	0.02657	0.01559	0.67982	0.02084	0.01827	0.01322	0.00687	0.00549	0.00177	0.00481	0.00544	0.00666	0.00932
31	0.01147	0.02959	0.76934	0.01630	0.02476	0.01328	0.02113	0.01811	0.01208	0.01811	0.01026	0.01208	0.00725	0.00543	0.00543	0.00181	0.00845	0.00423	0.00242	0.00845
32	0.00715	0.00544	0.00659	0.00708	0.00816	0.00487	0.00501	0.00868	0.01281	0.01675	0.20364	0.38308	0.27926	0.01539	0.00700	0.00208	0.00304	0.01356	0.00553	0.00487
33	0.00810	0.00585	0.00765	0.00720	0.00855	0.00540	0.00540	0.01079	0.01619	0.02294	0.76028	0.04273	0.05397	0.01169	0.00675	0.00180	0.00270	0.01034	0.00630	0.00540
34	0.23726	0.01032	0.01186	0.00983	0.01363	0.01030	0.00819	0.09711	0.01529	0.39741	0.01882	0.02213	0.01408	0.00774	0.00545	0.00188	0.00495	0.09976	0.00577	0.00821
35	0.02338	0.00969	0.01285	0.01010	0.01420	0.00873	0.00825	0.02690	0.08379	0.64672	0.07466	0.02128	0.01727	0.00747	0.00583	0.00179	0.00468	0.00614	0.00691	0.00937
36	0.01162	0.02859	0.71747	0.01685	0.02512	0.01337	0.07201	0.01813	0.01218	0.01813	0.01036	0.01231	0.00735	0.00539	0.00553	0.00182	0.00854	0.00440	0.00245	0.00840
37	0.00832	0.00555	0.00624	0.00624	0.00624	0.00555	0.00347	0.00832	0.00832	0.01109	0.01802	0.03743	0.02080	0.79898	0.02911	0.00555	0.00555	0.00832	0.00347	0.00347
38	0.01671	0.16733	0.02176	0.01505	0.01823	0.25885	0.12412	0.08137	0.01399	0.01641	0.00936	0.01196	0.00795	0.00738	0.02513	0.00192	0.18788	0.00452	0.00299	0.00708
39	0.01196	0.01040	0.01289	0.04959	0.06530	0.00828	0.00796	0.01463	0.01192	0.01844	0.01021	0.01219	0.00847	0.00437	0.00441	0.00096	0.00458	0.00359	0.00331	0.73655
40	0.01207	0.00997	0.01047	0.00976	0.01159	0.09129	0.00766	0.06548	0.01414	0.07715	0.10366	0.14456	0.21833	0.01222	0.00813	0.00204	0.10196	0.08853	0.00497	0.00602

[dist]
# distance from previous block
# <min> <max>
0	1

[block]
# block no. 6 follows, 41 sequences, length 42
# corresponding to MSA columns:
# 347-388
name=unknown_G
#
# <colnr> <probs for GDERKNQSTAVLIFYWHMCP>
#	G	D	E	R	K	N	Q	S	T	A	V	L	I	F	Y	W	H	M	C	P
0	0.26915	0.05557	0.01283	0.00970	0.01336	0.01387	0.00802	0.31050	0.03205	0.05436	0.01304	0.01385	0.00972	0.00627	0.00463	0.00164	0.00497	0.00449	0.15427	0.00771
1	0.04230	0.10568	0.31080	0.03956	0.08797	0.09096	0.09494	0.07675	0.06307	0.01924	0.01112	0.01289	0.00844	0.00560	0.00537	0.00172	0.00778	0.00461	0.00309	0.00813
2	0.01405	0.05423	0.01445	0.05387	0.04653	0.03464	0.04874	0.16859	0.07467	0.07529	0.06155	0.21198	0.02197	0.01046	0.00632	0.00197	0.00541	0.08309	0.00500	0.00719
3	0.00730	0.00575	0.00659	0.00652	0.00809	0.00504	0.00484	0.00921	0.01412	0.01835	0.33378	0.10742	0.42533	0.01365	0.00680	0.00191	0.00285	0.01171	0.00570	0.00504
4	0.02182	0.00925	0.01199	0.00950	0.01326	0.00842	0.00774	0.06281	0.03541	0.55321	0.07801	0.02124	0.01712	0.00738	0.00560	0.00172	0.00448	0.00603	0.11620	0.00880
5	0.01423	0.01229	0.01293	0.01164	0.01487	0.01423	0.00905	0.03039	0.75297	0.02393	0.02328	0.02134	0.01746	0.00776	0.00582	0.00194	0.00453	0.00647	0.00582	0.00905
6	0.05172	0.00891	0.01123	0.00896	0.01258	0.00815	0.00730	0.05114	0.01542	0.52277	0.02070	0.01934	0.01382	0.00690	0.00522	0.00166	0.00435	0.00552	0.21582	0.00849
7	0.04681	0.01587	0.01690	0.01299	0.01753	0.01759	0.01073	0.72193	0.02637	0.03573	0.01356	0.01360	0.00962	0.00682	0.00566	0.00172	0.00624	0.00509	0.00566	0.00962
8	0.00881	0.00638	0.00869	0.00989	0.01118	0.00626	0.00845	0.01120	0.01297	0.01676	0.03293	0.12361	0.10026	0.01585	0.00775	0.00254	0.00489	0.60113	0.00527	0.00518
9	0.01529	0.80242	0.02997	0.00979	0.01468	0.02263	0.00979	0.01713	0.01162	0.01346	0.00795	0.00918	0.00734	0.00489	0.00367	0.00122	0.00612	0.00306	0.00245	0.00734
10	0.49321	0.01577	0.01183	0.01082	0.03587	0.21755	0.00829	0.07160	0.01316	0.06253	0.00948	0.01057	0.00727	0.00567	0.00431	0.00168	0.00623	0.00360	0.00371	0.00684
11	0.01580	0.01314	0.01439	0.01325	0.05668	0.01493	0.00990	0.17949	0.55986	0.02618	0.02059	0.01935	0.01538	0.00743	0.00579	0.00188	0.00502	0.00611	0.00563	0.00920
12	0.02456	0.00949	0.01292	0.00999	0.01422	0.00822	0.00822	0.02681	0.01636	0.72067	0.06875	0.02092	0.01665	0.00737	0.00581	0.00177	0.00473	0.00604	0.00703	0.00946
13	0.01026	0.00951	0.01554	0.66749	0.03465	0.01155	0.01420	0.01379	0.01185	0.01514	0.05519	0.02060	0.08345	0.00689	0.00588	0.00190	0.00690	0.00605	0.00301	0.00615
14	0.00738	0.00566	0.00677	0.00683	0.00820	0.00504	0.00499	0.00929	0.01400	0.01854	0.35855	0.19629	0.30988	0.01395	0.00686	0.00195	0.00289	0.01215	0.00574	0.00504
15	0.00851	0.00566	0.00744	0.00744	0.00780	0.00601	0.00497	0.00884	0.00849	0.01167	0.01587	0.02923	0.01691	0.42000	0.28623	0.13197	0.00884	0.00706	0.00318	0.00388
16	0.01532	0.41325	0.02378	0.01209	0.01526	0.02014	0.01088	0.12588	0.01295	0.01698	0.00867	0.01101	0.00776	0.00694	0.00915	0.00174	0.27388	0.00404	0.00296	0.00733
17	0.01462	0.00962	0.01108	0.00941	0.01234	0.00976	0.00744	0.16298	0.14180	0.15132	0.24247	0.03146	0.15202	0.00975	0.00622	0.00182	0.00413	0.00816	0.00607	0.00752
18	0.01147	0.02959	0.76934	0.01630	0.02476	0.01328	0.02113	0.01811	0.01208	0.01811	0.01026	0.01208	0.00725	0.00543	0.00543	0.00181	0.00845	0.00423	0.00242	0.00845
19	0.01511	0.01273	0.01343	0.01182	0.01521	0.01464	0.00927	0.11455	0.66737	0.02536	0.02216	0.02044	0.01655	0.00765	0.00581	0.00191	0.00474	0.00631	0.00581	0.00913
20	0.21081	0.01098	0.01253	0.00996	0.01408	0.01100	0.00819	0.12875	0.05336	0.43724	0.01789	0.01644	0.01187	0.00667	0.00520	0.00176	0.00491	0.00508	0.02451	0.00879
21	0.01247	0.01331	0.02619	0.01957	0.02326	0.01377	0.47529	0.01584	0.01182	0.01641	0.01221	0.04958	0.01092	0.09076	0.01175	0.00245	0.17767	0.00693	0.00297	0.00682
22	0.01147	0.02959	0.76934	0.01630	0.02476	0.01328	0.02113	0.01811	0.01208	0.01811	0.01026	0.01208	0.00725	0.00543	0.00543	0.00181	0.00845	0.00423	0.00242	0.00845
23	0.00715	0.00534	0.00666	0.00732	0.00822	0.00484	0.00511	0.00860	0.01250	0.01651	0.18779	0.47442	0.20291	0.01587	0.00707	0.00213	0.00310	0.01410	0.00551	0.00484
24	0.05958	0.01740	0.02558	0.01950	0.02352	0.18902	0.40977	0.01849	0.01310	0.01694	0.01005	0.01343	0.00804	0.00599	0.00829	0.00192	0.14384	0.00555	0.00287	0.00713
25	0.05640	0.01107	0.01862	0.01489	0.01817	0.01107	0.28018	0.08595	0.06566	0.01969	0.03918	0.22745	0.04828	0.01002	0.00686	0.00205	0.02175	0.05157	0.00436	0.00677
26	0.00747	0.00519	0.00649	0.00732	0.00752	0.00498	0.00462	0.00810	0.00996	0.01328	0.02646	0.51101	0.03144	0.31088	0.01548	0.00353	0.00415	0.01328	0.00462	0.00420
27	0.06204	0.01228	0.01470	0.25283	0.02270	0.06810	0.01116	0.08508	0.16317	0.22495	0.01628	0.01681	0.01147	0.00659	0.00559	0.00182	0.00616	0.00534	0.00480	0.00812
28	0.01307	0.21378	0.06198	0.05590	0.01801	0.01777	0.08331	0.01522	0.01026	0.01435	0.00854	0.01263	0.00787	0.02544	0.01259	0.00212	0.41315	0.00472	0.00255	0.00673
29	0.01251	0.01251	0.01752	0.01502	0.01502	0.01752	0.01251	0.01377	0.00876	0.01377	0.00751	0.01251	0.00751	0.01001	0.01877	0.00250	0.78851	0.00501	0.00250	0.00626
30	0.50623	0.01383	0.08496	0.02938	0.03688	0.01382	0.00924	0.13621	0.08063	0.02598	0.01066	0.01167	0.00802	0.00580	0.00440	0.00178	0.00528	0.00396	0.00395	0.00734
31	0.02566	0.00973	0.01327	0.01018	0.01460	0.00841	0.00841	0.02788	0.01637	0.76726	0.02257	0.01947	0.01416	0.00708	0.00575	0.00177	0.00487	0.00575	0.00708	0.00973
32	0.01147	0.02959	0.76934	0.01630	0.02476	0.01328	0.02113	0.01811	0.01208	0.01811	0.01026	0.01208	0.00725	0.00543	0.00543	0.00181	0.00845	0.00423	0.00242	0.00845
33	0.00805	0.00584	0.00758	0.00714	0.00852	0.00538	0.00536	0.01070	0.01607	0.02266	0.73438	0.04318	0.08005	0.01180	0.00675	0.00180	0.00271	0.01041	0.00626	0.00538
34	0.00687	0.00580	0.00595	0.00591	0.00780	0.00488	0.00444	0.00843	0.01331	0.01609	0.11809	0.05399	0.70044	0.01425	0.00676	0.00192	0.00288	0.01192	0.00540	0.00488
35	0.02318	0.01372	0.01495	0.01170	0.01597	0.08007	0.00955	0.31691	0.02061	0.38284	0.03930	0.01701	0.01293	0.00702	0.00572	0.00172	0.00586	0.00546	0.00614	0.00933
36	0.02145	0.00957	0.01190	0.00943	0.01312	0.00901	0.00769	0.12772	0.01683	0.48040	0.02034	0.01909	0.01364	0.00695	0.00532	0.00166	0.00454	0.00556	0.20712	0.00866
37	0.01107	0.01060	0.01783	0.68119	0.03666	0.01324	0.04332	0.01467	0.01126	0.01467	0.00996	0.01499	0.00765	0.00610	0.00703	0.00197	0.08371	0.00514	0.00255	0.00640
38	0.00828	0.00569	0.00696	0.00696	0.00722	0.00594	0.00437	0.00878	0.00853	0.01163	0.01736	0.03375	0.01920	0.61309	0.21282	0.00644	0.00795	0.00778	0.00337	0.00387
39	0.02104	0.02333	0.01652	0.04634	0.01860	0.52694	0.01120	0.22925	0.01907	0.02034	0.01030	0.01150	0.00805	0.00617	0.00534	0.00156	0.00905	0.00416	0.00373	0.00751
40	0.05727	0.01262	0.01782	0.45777	0.21852	0.08704	0.01501	0.01625	0.01223	0.01636	0.01029	0.01433	0.00807	0.00558	0.00549	0.00179	0.00737	0.00485	0.02431	0.00703
41	0.01513	0.49890	0.08754	0.00997	0.01453	0.01788	0.00986	0.05650	0.04550	0.05725	0.01150	0.01255	0.00935	0.00555	0.00419	0.00138	0.00568	0.00390	0.12537	0.00747

[dist]
# distance from previous block
# <min> <max>
0	1

[block]
# block no. 7 follows, 41 sequences, length 66
# corresponding to MSA columns:
# 390-412,440-482
name=unknown_H
#
# <colnr> <probs for GDERKNQSTAVLIFYWHMCP>
#	G	D	E	R	K	N	Q	S	T	A	V	L	I	F	Y	W	H	M	C	P
0	0.78661	0.01138	0.00897	0.00789	0.01149	0.01315	0.00650	0.06376	0.01084	0.02633	0.00834	0.00958	0.00642	0.00541	0.00368	0.00177	0.00455	0.00323	0.00368	0.00642
1	0.01693	0.01933	0.02015	0.01644	0.02019	0.32830	0.21301	0.02357	0.22833	0.01806	0.01374	0.01497	0.01065	0.00623	0.00609	0.00176	0.02550	0.00537	0.00375	0.00762
2	0.00802	0.00573	0.00784	0.00916	0.00995	0.00555	0.00713	0.00978	0.01198	0.01578	0.03095	0.45441	0.03554	0.01693	0.00758	0.00247	0.00423	0.34675	0.00529	0.00494
3	0.00697	0.00498	0.00664	0.00796	0.00830	0.00465	0.00531	0.00796	0.01095	0.01460	0.03153	0.79525	0.03783	0.01792	0.00730	0.00232	0.00332	0.01626	0.00531	0.00465
4	0.00837	0.00544	0.00704	0.00788	0.00871	0.00495	0.00543	0.00951	0.01161	0.07193	0.03397	0.64863	0.12164	0.01669	0.00712	0.00223	0.00339	0.01497	0.00544	0.00505
5	0.01428	0.01220	0.01293	0.01165	0.01485	0.01406	0.00912	0.05155	0.70423	0.02405	0.02324	0.02266	0.01778	0.00802	0.00589	0.00196	0.00461	0.03220	0.00580	0.00894
6	0.53142	0.01056	0.01025	0.00853	0.01240	0.01116	0.00703	0.02100	0.01225	0.30633	0.01349	0.01314	0.00921	0.00598	0.00438	0.00177	0.00459	0.00410	0.00488	0.00753
7	0.02174	0.01602	0.01717	0.01316	0.01774	0.01774	0.01087	0.74423	0.02689	0.03605	0.01373	0.01373	0.00973	0.00687	0.00572	0.00172	0.00629	0.00515	0.00572	0.00973
8	0.00832	0.00555	0.00624	0.00624	0.00624	0.00555	0.00347	0.00832	0.00832	0.01109	0.01802	0.03743	0.02080	0.79898	0.02911	0.00555	0.00555	0.00832	0.00347	0.00347
9	0.01529	0.80242	0.02997	0.00979	0.01468	0.02263	0.00979	0.01713	0.01162	0.01346	0.00795	0.00918	0.00734	0.00489	0.00367	0.00122	0.00612	0.00306	0.00245	0.00734
10	0.03279	0.07871	0.28337	0.09870	0.02160	0.01573	0.03293	0.08653	0.01233	0.01792	0.00951	0.01251	0.00763	0.00700	0.00959	0.00199	0.25624	0.00460	0.00282	0.00749
11	0.01405	0.01211	0.01348	0.01305	0.06298	0.01388	0.00954	0.04291	0.65048	0.02326	0.02185	0.02078	0.01659	0.00946	0.04730	0.00231	0.00529	0.00633	0.00548	0.00886
12	0.02566	0.00973	0.01327	0.01018	0.01460	0.00841	0.00841	0.02788	0.01637	0.76726	0.02257	0.01947	0.01416	0.00708	0.00575	0.00177	0.00487	0.00575	0.00708	0.00973
13	0.01867	0.00966	0.01207	0.01034	0.01376	0.00939	0.00851	0.06871	0.14720	0.38308	0.02647	0.03104	0.07780	0.00947	0.00626	0.00198	0.00482	0.14615	0.00628	0.00835
14	0.00724	0.00579	0.00647	0.00635	0.00803	0.00502	0.00474	0.00912	0.01410	0.01808	0.30560	0.07071	0.49140	0.01359	0.00677	0.00190	0.00284	0.01157	0.00566	0.00502
15	0.00994	0.00497	0.00745	0.00745	0.00745	0.00497	0.00497	0.00745	0.00745	0.00994	0.00994	0.01739	0.00994	0.01987	0.02235	0.83358	0.00497	0.00497	0.00248	0.00248
16	0.01529	0.80242	0.02997	0.00979	0.01468	0.02263	0.00979	0.01713	0.01162	0.01346	0.00795	0.00918	0.00734	0.00489	0.00367	0.00122	0.00612	0.00306	0.00245	0.00734
17	0.00859	0.00634	0.00771	0.00780	0.00947	0.00589	0.00618	0.01130	0.04314	0.03917	0.26513	0.07647	0.29122	0.01359	0.00699	0.00207	0.00354	0.18432	0.00567	0.00541
18	0.01080	0.01017	0.01716	0.78523	0.03940	0.01271	0.01589	0.01461	0.01144	0.01461	0.01017	0.01525	0.00762	0.00572	0.00572	0.00191	0.00762	0.00508	0.00254	0.00635
19	0.01876	0.01380	0.01658	0.01328	0.01732	0.02901	0.07477	0.38437	0.14632	0.11008	0.01789	0.02143	0.01399	0.00784	0.00607	0.00188	0.00609	0.08612	0.00553	0.00888
20	0.11358	0.01320	0.02100	0.03025	0.61566	0.01380	0.01580	0.01718	0.01230	0.01915	0.01017	0.01344	0.00860	0.00550	0.00640	0.00177	0.06595	0.00485	0.00289	0.00850
21	0.01611	0.06187	0.26013	0.01394	0.01942	0.04591	0.06893	0.29806	0.01804	0.02502	0.01253	0.01386	0.00922	0.00608	0.00537	0.00168	0.00696	0.00482	0.10367	0.00838
22	0.01033	0.00837	0.01069	0.00989	0.01117	0.00928	0.00758	0.05835	0.01178	0.01707	0.03567	0.34232	0.03816	0.01220	0.00945	0.00203	0.20600	0.00980	0.07668	0.11318
23	0.08552	0.00870	0.01000	0.00847	0.01147	0.00855	0.00675	0.06185	0.08690	0.27550	0.10296	0.02474	0.08837	0.00809	0.00539	0.00171	0.00398	0.00656	0.18702	0.00747
24	0.01331	0.01087	0.01469	0.01236	0.01397	0.01312	0.04016	0.07038	0.03066	0.09759	0.06782	0.02387	0.15799	0.01016	0.01247	0.00217	0.39068	0.00692	0.00412	0.00669
25	0.01092	0.01097	0.02145	0.03438	0.02042	0.01029	0.39192	0.01469	0.01450	0.01992	0.31233	0.02843	0.06721	0.00810	0.00672	0.00188	0.00647	0.00843	0.00437	0.00660
26	0.00696	0.00519	0.00648	0.00745	0.00818	0.00471	0.00510	0.00812	0.01160	0.01508	0.06228	0.60398	0.20018	0.01694	0.00716	0.00222	0.00320	0.01512	0.00534	0.00471
27	0.01102	0.01039	0.01755	0.73682	0.08612	0.01277	0.01599	0.01480	0.01154	0.01488	0.01020	0.01518	0.00772	0.00568	0.00572	0.00189	0.00757	0.00508	0.00256	0.00653
28	0.79390	0.01099	0.00868	0.00767	0.01126	0.01258	0.00632	0.01743	0.01011	0.06712	0.00878	0.00986	0.00664	0.00541	0.00366	0.00177	0.00445	0.00325	0.00374	0.00639
29	0.01251	0.01251	0.01752	0.01502	0.01502	0.01752	0.01251	0.01377	0.00876	0.01377	0.00751	0.01251	0.00751	0.01001	0.01877	0.00250	0.78851	0.00501	0.00250	0.00626
30	0.01591	0.22133	0.20007	0.01273	0.01799	0.03153	0.01265	0.20775	0.18304	0.02277	0.01347	0.01381	0.01022	0.00620	0.00514	0.00166	0.00644	0.00466	0.00405	0.00860
31	0.07818	0.00982	0.01296	0.01001	0.01437	0.00869	0.00826	0.02716	0.01594	0.71940	0.02162	0.01881	0.01364	0.00697	0.00561	0.00177	0.00484	0.00558	0.00685	0.00951
32	0.01147	0.02959	0.76934	0.01630	0.02476	0.01328	0.02113	0.01811	0.01208	0.01811	0.01026	0.01208	0.00725	0.00543	0.00543	0.00181	0.00845	0.00423	0.00242	0.00845
33	0.00694	0.00507	0.00654	0.00771	0.00823	0.00467	0.00520	0.00799	0.01120	0.01470	0.03465	0.70762	0.12344	0.01751	0.00724	0.00228	0.00327	0.01576	0.00531	0.00467
34	0.02174	0.01602	0.01717	0.01316	0.01774	0.01774	0.01087	0.74423	0.02689	0.03605	0.01373	0.01373	0.00973	0.00687	0.00572	0.00172	0.00629	0.00515	0.00572	0.00973
35	0.02139	0.02661	0.01626	0.01465	0.01769	0.73240	0.01104	0.06433	0.01682	0.01527	0.00912	0.01051	0.00750	0.00595	0.00519	0.00149	0.01008	0.00377	0.00311	0.00681
36	0.01530	0.00669	0.00779	0.00683	0.00912	0.00628	0.00536	0.01783	0.01335	0.25207	0.01987	0.02075	0.01451	0.00679	0.00454	0.00147	0.00335	0.00546	0.57595	0.00669
37	0.00784	0.00613	0.00774	0.06593	0.01062	0.00574	0.00586	0.01016	0.01464	0.01962	0.45316	0.07156	0.27530	0.01235	0.00669	0.00187	0.00316	0.01071	0.00566	0.00526
38	0.00994	0.00497	0.00745	0.00745	0.00745	0.00497	0.00497	0.00745	0.00745	0.00994	0.00994	0.01739	0.00994	0.01987	0.02235	0.83358	0.00497	0.00497	0.00248	0.00248
39	0.02140	0.02641	0.01628	0.01462	0.01769	0.71836	0.01104	0.07769	0.01702	0.01568	0.00921	0.01057	0.00755	0.00597	0.00520	0.00149	0.01001	0.00380	0.00316	0.00687
40	0.00964	0.00586	0.00677	0.00654	0.00687	0.00576	0.00384	0.00981	0.00893	0.06859	0.01837	0.03607	0.02029	0.73877	0.02734	0.00526	0.00549	0.00812	0.00374	0.00394
41	0.04209	0.01563	0.02052	0.01555	0.02022	0.06458	0.19905	0.38050	0.06033	0.10214	0.01410	0.01481	0.01007	0.00630	0.00590	0.00177	0.00713	0.00554	0.00489	0.00888
42	0.25895	0.00899	0.00791	0.00730	0.00957	0.05003	0.00573	0.06284	0.01232	0.02258	0.01436	0.01673	0.01139	0.00899	0.06276	0.00209	0.00480	0.00462	0.42211	0.00593
