[name]
unknown

[dist]
# distance from previous block
# <min> <max>
15	458

[block]
# block no. 0 follows, 45 sequences, length 11
# corresponding to MSA columns:
# 537-547
name=unknown_A
#
# <colnr> <probs for GDERKNQSTAVLIFYWHMCP>
#	G	D	E	R	K	N	Q	S	T	A	V	L	I	F	Y	W	H	M	C	P
0	0.01012	0.00967	0.01094	0.01363	0.18707	0.11388	0.00804	0.01175	0.01192	0.01495	0.08361	0.23082	0.17005	0.08960	0.00810	0.00212	0.00485	0.00928	0.00404	0.00555
1	0.00842	0.00615	0.00752	0.00798	0.00896	0.00605	0.00563	0.11039	0.01247	0.01652	0.02923	0.64048	0.08932	0.01515	0.00661	0.00207	0.00347	0.01353	0.00504	0.00503
2	0.01708	0.19890	0.01743	0.01067	0.01470	0.01605	0.00913	0.48481	0.02014	0.02628	0.01730	0.01720	0.11343	0.00699	0.00506	0.00153	0.00543	0.00527	0.00461	0.00798
3	0.01467	0.01301	0.01999	0.09360	0.53824	0.01358	0.01489	0.18844	0.01511	0.02098	0.01070	0.01328	0.00853	0.00522	0.00533	0.00161	0.00633	0.00479	0.00326	0.00843
4	0.00807	0.00831	0.11216	0.00711	0.00837	0.00613	0.00560	0.00905	0.00872	0.01171	0.01961	0.03350	0.09220	0.62258	0.02222	0.00439	0.00533	0.00763	0.00329	0.00402
5	0.02273	0.01131	0.01380	0.01058	0.01479	0.01112	0.00874	0.29646	0.01900	0.50615	0.01812	0.01629	0.01176	0.00657	0.00539	0.00164	0.00506	0.00519	0.00617	0.00913
6	0.00708	0.00526	0.00644	0.00654	0.00760	0.00479	0.00466	0.00874	0.01272	0.01711	0.36803	0.22290	0.21235	0.08136	0.00825	0.00213	0.00294	0.01123	0.00525	0.00462
7	0.65529	0.01070	0.00987	0.00869	0.01124	0.01306	0.00719	0.01512	0.00892	0.02150	0.00738	0.00942	0.00610	0.00600	0.00663	0.00182	0.18883	0.00332	0.00310	0.00583
8	0.00921	0.00693	0.00795	0.00742	0.00904	0.00700	0.00545	0.01401	0.18779	0.03926	0.32704	0.03585	0.15435	0.15356	0.00986	0.00237	0.00349	0.00867	0.00520	0.00556
9	0.01368	0.01033	0.01164	0.01008	0.01283	0.01094	0.00808	0.28328	0.12685	0.02262	0.01812	0.02843	0.01681	0.13950	0.00930	0.00235	0.00514	0.17601	0.00472	0.08930
10	0.01597	0.19996	0.01691	0.01061	0.01442	0.14091	0.00881	0.26321	0.01636	0.02072	0.01194	0.08931	0.01064	0.00646	0.00474	0.00138	0.00587	0.00489	0.00381	0.15308

[dist]
# distance from previous block
# <min> <max>
0	9

[block]
# block no. 1 follows, 45 sequences, length 6
# corresponding to MSA columns:
# 557-562
name=unknown_B
#
# <colnr> <probs for GDERKNQSTAVLIFYWHMCP>
#	G	D	E	R	K	N	Q	S	T	A	V	L	I	F	Y	W	H	M	C	P
0	0.01449	0.01278	0.01265	0.01061	0.01415	0.10828	0.00852	0.18360	0.19184	0.02155	0.01552	0.01999	0.01310	0.00693	0.00520	0.00151	0.00531	0.10244	0.00438	0.24714
1	0.00826	0.00709	0.01164	0.01004	0.01164	0.00665	0.16778	0.00992	0.01080	0.01436	0.08776	0.28327	0.11377	0.21808	0.01191	0.00279	0.00484	0.01048	0.00412	0.00478
2	0.08775	0.01146	0.01452	0.01516	0.17957	0.01191	0.01005	0.12528	0.20957	0.25324	0.01665	0.01610	0.01185	0.00624	0.00522	0.00168	0.00503	0.00515	0.00502	0.00855
3	0.00857	0.00738	0.01209	0.01088	0.01218	0.00826	0.10685	0.01053	0.00947	0.01341	0.01635	0.18969	0.01676	0.02680	0.42524	0.00558	0.10380	0.00777	0.00325	0.00515
4	0.01103	0.00998	0.00873	0.00842	0.00985	0.17541	0.00618	0.01240	0.01231	0.04981	0.15576	0.06602	0.12398	0.22187	0.01166	0.00268	0.00523	0.09947	0.00428	0.00491
5	0.00923	0.00665	0.01043	0.00930	0.00997	0.00698	0.09255	0.00904	0.00839	0.01142	0.01370	0.11916	0.01478	0.21445	0.01877	0.34615	0.08539	0.00697	0.00294	0.00374

[dist]
# distance from previous block
# <min> <max>
0	5

[block]
# block no. 2 follows, 45 sequences, length 13
# corresponding to MSA columns:
# 568-580
name=unknown_C
#
# <colnr> <probs for GDERKNQSTAVLIFYWHMCP>
#	G	D	E	R	K	N	Q	S	T	A	V	L	I	F	Y	W	H	M	C	P
0	0.01066	0.00973	0.10744	0.01290	0.14377	0.00743	0.00918	0.01315	0.01251	0.11287	0.18331	0.27897	0.05486	0.01062	0.00605	0.00183	0.00433	0.00946	0.00465	0.00628
1	0.00889	0.00707	0.00904	0.00887	0.01034	0.00798	0.00680	0.01399	0.19972	0.01524	0.02053	0.10668	0.06722	0.02771	0.45753	0.00578	0.00986	0.00722	0.00389	0.00566
2	0.00683	0.00512	0.00633	0.00673	0.00773	0.00463	0.00478	0.00838	0.01233	0.01639	0.27252	0.37423	0.22613	0.01415	0.00656	0.00193	0.00283	0.01251	0.00528	0.00463
3	0.01023	0.00756	0.00877	0.00851	0.01004	0.00773	0.00622	0.19697	0.03423	0.01895	0.02735	0.47734	0.10663	0.04395	0.00717	0.00210	0.00388	0.01170	0.00503	0.00564
4	0.01090	0.01031	0.01747	0.61411	0.21538	0.01213	0.01528	0.01438	0.01109	0.01464	0.00967	0.01406	0.00748	0.00523	0.00535	0.00174	0.00697	0.00477	0.00245	0.00657
5	0.01051	0.00870	0.01051	0.00844	0.01232	0.00691	0.00694	0.01292	0.01144	0.01713	0.01428	0.02354	0.01371	0.00670	0.00484	0.00122	0.00422	0.18859	0.00362	0.63349
6	0.01077	0.02777	0.78354	0.01530	0.02323	0.01247	0.01983	0.01700	0.01133	0.01700	0.00963	0.01133	0.00680	0.00510	0.00510	0.00170	0.00793	0.00397	0.00227	0.00793
7	0.00720	0.00528	0.00675	0.00679	0.00788	0.00483	0.00494	0.00920	0.01364	0.01881	0.51112	0.23406	0.12409	0.01272	0.00646	0.00182	0.00270	0.01127	0.00558	0.00483
8	0.00768	0.00625	0.00849	0.20522	0.01471	0.00651	0.00700	0.00930	0.01067	0.01359	0.04599	0.22767	0.23473	0.15036	0.00988	0.00250	0.00441	0.02634	0.00405	0.00465
9	0.01133	0.00615	0.00753	0.00703	0.00855	0.00557	0.00497	0.01239	0.01132	0.20580	0.04849	0.18215	0.18391	0.26542	0.01286	0.00292	0.00404	0.00943	0.00488	0.00526
10	0.01227	0.00678	0.00873	0.00803	0.00950	0.00717	0.00621	0.01408	0.01114	0.17995	0.01866	0.15561	0.01674	0.04097	0.10590	0.00270	0.10493	0.00702	0.27782	0.00580
11	0.49830	0.01398	0.01052	0.00919	0.01252	0.20657	0.00732	0.01900	0.01174	0.15243	0.01005	0.01061	0.00738	0.00541	0.00406	0.00159	0.00561	0.00348	0.00376	0.00649
12	0.01020	0.00760	0.00876	0.00829	0.01007	0.00764	0.00627	0.19690	0.01511	0.01995	0.11810	0.32603	0.18612	0.01276	0.00634	0.00192	0.00374	0.04330	0.00519	0.00570

[dist]
# distance from previous block
# <min> <max>
0	1

[block]
# block no. 3 follows, 45 sequences, length 30
# corresponding to MSA columns:
# 583-612
name=unknown_D
#
# <colnr> <probs for GDERKNQSTAVLIFYWHMCP>
#	G	D	E	R	K	N	Q	S	T	A	V	L	I	F	Y	W	H	M	C	P
0	0.00680	0.00509	0.00613	0.00660	0.00748	0.00462	0.00456	0.00804	0.01145	0.01497	0.16586	0.37772	0.24987	0.09494	0.00868	0.00229	0.00311	0.01240	0.00497	0.00442
1	0.00863	0.00592	0.00719	0.00828	0.08116	0.00583	0.00472	0.00958	0.00937	0.01344	0.02015	0.03164	0.09350	0.49122	0.01835	0.00372	0.00453	0.00731	0.17122	0.00424
2	0.00767	0.00568	0.00756	0.08367	0.01057	0.00555	0.00581	0.00983	0.01313	0.01828	0.43143	0.19107	0.09946	0.03065	0.00670	0.00187	0.00318	0.01016	0.05283	0.00492
3	0.00761	0.00541	0.00652	0.00672	0.00731	0.00505	0.00426	0.00823	0.00913	0.01244	0.02135	0.34719	0.02490	0.40955	0.01672	0.00354	0.00423	0.01039	0.00395	0.08549
4	0.00750	0.00507	0.00619	0.00654	0.00742	0.00474	0.00460	0.00916	0.01192	0.01695	0.24410	0.32852	0.10975	0.05823	0.00727	0.00201	0.00292	0.01104	0.15143	0.00463
5	0.00752	0.00563	0.00675	0.00718	0.00801	0.00549	0.00492	0.00992	0.08439	0.01500	0.11790	0.40793	0.12797	0.15378	0.01017	0.00257	0.00347	0.01190	0.00484	0.00467
6	0.00754	0.00572	0.00832	0.00832	0.00936	0.00650	0.00645	0.00940	0.00898	0.01266	0.01827	0.02406	0.08756	0.03767	0.71386	0.00796	0.01324	0.00629	0.00308	0.00477
7	0.00783	0.00678	0.00702	0.00789	0.00859	0.08077	0.00542	0.00885	0.01095	0.01373	0.02998	0.65507	0.10628	0.01540	0.00661	0.00207	0.00371	0.01372	0.00477	0.00456
8	0.01264	0.01392	0.02824	0.02063	0.02528	0.01384	0.61019	0.01787	0.08570	0.01728	0.01154	0.01474	0.00884	0.00528	0.00739	0.00187	0.08845	0.00614	0.00295	0.00722
9	0.02408	0.00914	0.01246	0.00955	0.01370	0.00789	0.00789	0.02616	0.01536	0.78158	0.02118	0.01827	0.01329	0.00664	0.00540	0.00166	0.00457	0.00540	0.00664	0.00914
10	0.01201	0.00709	0.00878	0.00761	0.00985	0.00659	0.00594	0.07901	0.01560	0.18303	0.42165	0.03509	0.16589	0.01011	0.00605	0.00170	0.00329	0.00865	0.00586	0.00619
11	0.01233	0.37087	0.45413	0.01263	0.01911	0.01629	0.01519	0.01660	0.01115	0.01509	0.00869	0.01015	0.00684	0.00488	0.00438	0.00146	0.00698	0.00349	0.00228	0.00748
12	0.00996	0.00646	0.00819	0.00768	0.00931	0.00622	0.00577	0.01362	0.10118	0.10715	0.47160	0.16960	0.03978	0.01108	0.00622	0.00179	0.00306	0.00977	0.00578	0.00580
13	0.01123	0.00752	0.00850	0.00808	0.00868	0.08359	0.00565	0.06532	0.00919	0.01155	0.00949	0.01540	0.00907	0.01642	0.01820	0.69647	0.00525	0.00456	0.00260	0.00323
14	0.11844	0.01369	0.01446	0.01137	0.01541	0.01511	0.00934	0.54343	0.09641	0.08804	0.01376	0.01351	0.00977	0.00637	0.00514	0.00164	0.00543	0.00477	0.00523	0.00867
15	0.01219	0.01267	0.01652	0.58404	0.10808	0.14809	0.01427	0.01534	0.01167	0.01400	0.00938	0.01340	0.00725	0.00534	0.00527	0.00170	0.00752	0.00454	0.00248	0.00626
16	0.60308	0.09234	0.01154	0.00831	0.01195	0.01387	0.00701	0.16130	0.01246	0.02483	0.00853	0.00952	0.00657	0.00523	0.00373	0.00160	0.00466	0.00328	0.00362	0.00657
17	0.00720	0.00517	0.00581	0.00602	0.00656	0.00488	0.00377	0.00772	0.00940	0.01206	0.02897	0.17289	0.22147	0.46403	0.01826	0.00379	0.00419	0.01002	0.00401	0.00378
18	0.00658	0.00503	0.00604	0.00666	0.00761	0.00449	0.00466	0.00783	0.01149	0.01478	0.11373	0.45539	0.30629	0.01506	0.00661	0.00200	0.00291	0.01327	0.00508	0.00449
19	0.67268	0.01195	0.00924	0.03728	0.01225	0.08943	0.00681	0.01723	0.06715	0.02249	0.00872	0.00988	0.00677	0.00523	0.00371	0.00165	0.00482	0.00327	0.00339	0.00606
20	0.01041	0.00982	0.01660	0.73117	0.10208	0.01200	0.01505	0.01396	0.01086	0.01405	0.00959	0.01422	0.00727	0.00532	0.00536	0.00177	0.00709	0.00477	0.00241	0.00619
21	0.00636	0.00540	0.00548	0.00555	0.00728	0.00452	0.00413	0.00769	0.01213	0.01446	0.05300	0.09360	0.73464	0.01377	0.00637	0.00183	0.00274	0.01155	0.00498	0.00452
22	0.01625	0.01474	0.02447	0.01787	0.02277	0.01500	0.41186	0.36121	0.01849	0.02490	0.01180	0.01374	0.00860	0.00541	0.00589	0.00172	0.00759	0.00564	0.00394	0.00811
23	0.01979	0.01582	0.01477	0.01384	0.09210	0.25326	0.00996	0.13600	0.11435	0.25316	0.01488	0.01451	0.01059	0.00616	0.00522	0.00158	0.00650	0.00473	0.00469	0.00808
24	0.04946	0.01292	0.01359	0.01135	0.01492	0.01465	0.00909	0.32703	0.43430	0.02717	0.01761	0.01666	0.01300	0.00685	0.00534	0.00173	0.00492	0.00544	0.00534	0.00865
25	0.00663	0.00479	0.00612	0.00714	0.00757	0.00445	0.00475	0.00752	0.01027	0.01351	0.03099	0.66815	0.10773	0.08286	0.00851	0.00240	0.00325	0.01425	0.00484	0.00428
26	0.62020	0.01102	0.01071	0.06996	0.08929	0.01256	0.00800	0.08985	0.01117	0.02362	0.00843	0.01001	0.00651	0.00514	0.00388	0.00166	0.00478	0.00343	0.00339	0.00642
27	0.09213	0.00714	0.00988	0.25867	0.01721	0.00817	0.00815	0.01067	0.00958	0.01390	0.01637	0.21818	0.01739	0.18259	0.08950	0.00330	0.02098	0.00796	0.00336	0.00485
28	0.18198	0.01407	0.01970	0.09492	0.09265	0.09061	0.24807	0.12799	0.04388	0.02054	0.01046	0.01270	0.00796	0.00522	0.00521	0.00169	0.00703	0.00483	0.00331	0.00718
29	0.12990	0.01234	0.01778	0.05212	0.34823	0.01310	0.04432	0.14709	0.01408	0.09780	0.01114	0.01308	0.00856	0.00562	0.00596	0.00168	0.06099	0.00466	0.00359	0.00797

[dist]
# distance from previous block
# <min> <max>
2	8

[block]
# block no. 4 follows, 45 sequences, length 43
# corresponding to MSA columns:
# 621-663
name=unknown_E
#
# <colnr> <probs for GDERKNQSTAVLIFYWHMCP>
#	G	D	E	R	K	N	Q	S	T	A	V	L	I	F	Y	W	H	M	C	P
0	0.00822	0.00628	0.00780	0.00852	0.00969	0.00634	0.00652	0.01191	0.13162	0.01587	0.03059	0.38496	0.10798	0.01438	0.00674	0.00217	0.00379	0.22636	0.00505	0.00521
1	0.01608	0.01715	0.23988	0.01415	0.08475	0.06201	0.01265	0.22547	0.01612	0.15015	0.01455	0.09702	0.01173	0.00697	0.00541	0.00169	0.00626	0.00568	0.00423	0.00803
2	0.00897	0.04115	0.14473	0.00979	0.01205	0.00729	0.00912	0.01143	0.01126	0.03688	0.02371	0.28017	0.02592	0.06466	0.00791	0.00235	0.00494	0.28798	0.00432	0.00537
3	0.04656	0.00935	0.01070	0.00958	0.01197	0.00983	0.00734	0.24267	0.09926	0.11094	0.02177	0.35383	0.02156	0.01094	0.00594	0.00189	0.00430	0.00942	0.00528	0.00689
4	0.06574	0.01106	0.01315	0.01030	0.01429	0.01108	0.00845	0.24326	0.07835	0.44103	0.03520	0.01680	0.01275	0.00665	0.00531	0.00166	0.00487	0.00525	0.00598	0.00881
5	0.23616	0.01334	0.01359	0.01081	0.01473	0.01483	0.00894	0.51921	0.02030	0.04908	0.01227	0.01375	0.00920	0.00639	0.00491	0.00166	0.00538	0.03249	0.00485	0.00810
6	0.01860	0.01012	0.03724	0.01183	0.01562	0.00905	0.13338	0.02109	0.01360	0.47722	0.01925	0.04228	0.03904	0.00991	0.07590	0.00236	0.04433	0.00601	0.00521	0.00794
7	0.44211	0.00980	0.01002	0.00814	0.01193	0.00993	0.00670	0.01976	0.01182	0.32893	0.01318	0.01278	0.00902	0.00556	0.00422	0.00158	0.00430	0.00394	0.00465	0.08162
8	0.01291	0.49733	0.33271	0.01165	0.01759	0.01770	0.01348	0.01645	0.01108	0.01439	0.00834	0.00971	0.00685	0.00480	0.00411	0.00137	0.00662	0.00331	0.00228	0.00731
9	0.01302	0.01126	0.01739	0.02069	0.32152	0.01313	0.01276	0.01516	0.01051	0.08300	0.01033	0.01397	0.00888	0.01067	0.09603	0.00267	0.32407	0.00491	0.00291	0.00710
10	0.01329	0.06677	0.02381	0.04001	0.02169	0.14630	0.39010	0.01629	0.01210	0.01520	0.01130	0.08336	0.01010	0.00649	0.00748	0.00180	0.11836	0.00614	0.00284	0.00656
11	0.01775	0.01255	0.01344	0.01059	0.01422	0.01363	0.00865	0.56341	0.02177	0.05149	0.01748	0.01752	0.07801	0.00706	0.00522	0.00158	0.00509	0.00545	0.12698	0.00812
12	0.00968	0.00527	0.00745	0.00734	0.00761	0.00543	0.00500	0.00891	0.07460	0.01049	0.01044	0.01665	0.00995	0.01764	0.01960	0.76904	0.00463	0.00479	0.00261	0.00288
13	0.01174	0.24724	0.54212	0.04423	0.02112	0.01490	0.01666	0.01661	0.01119	0.01565	0.00902	0.01069	0.00684	0.00497	0.00465	0.00155	0.00729	0.00369	0.00228	0.00756
14	0.01200	0.12318	0.58725	0.01492	0.02205	0.01344	0.08355	0.01733	0.01159	0.05211	0.01001	0.01160	0.00723	0.00506	0.00502	0.00164	0.00760	0.00411	0.00251	0.00780
15	0.00862	0.00710	0.01068	0.19180	0.10663	0.00742	0.00889	0.01094	0.01190	0.01609	0.17085	0.25261	0.07166	0.01102	0.00618	0.00191	0.00444	0.07484	0.02097	0.00544
16	0.01191	0.01109	0.01660	0.32354	0.21714	0.01298	0.01337	0.01802	0.19964	0.01678	0.01248	0.01520	0.00979	0.00613	0.00669	0.00181	0.09130	0.00509	0.00322	0.00723
17	0.08245	0.01315	0.02263	0.01742	0.04766	0.01316	0.39957	0.08483	0.15935	0.05221	0.01323	0.01492	0.00985	0.00534	0.00567	0.00173	0.00697	0.00565	0.00371	0.04050
18	0.22227	0.01272	0.02230	0.01654	0.02112	0.01267	0.43723	0.01865	0.07944	0.08727	0.01191	0.01388	0.00876	0.00507	0.00542	0.00176	0.00700	0.00537	0.00346	0.00716
19	0.02016	0.01491	0.01597	0.01230	0.01655	0.01653	0.01014	0.73435	0.05126	0.03343	0.01320	0.01314	0.00938	0.00647	0.00537	0.00162	0.00585	0.00488	0.00537	0.00911
20	0.02273	0.01130	0.01380	0.01058	0.01478	0.01110	0.00874	0.29558	0.01899	0.50705	0.01813	0.01629	0.01176	0.00657	0.00539	0.00164	0.00506	0.00519	0.00618	0.00913
21	0.01438	0.00690	0.00909	0.00771	0.01013	0.00619	0.00607	0.01673	0.01491	0.32438	0.40723	0.02961	0.03248	0.00883	0.00573	0.00164	0.00334	0.00757	0.08039	0.00668
22	0.00773	0.00550	0.00738	0.00738	0.00790	0.00603	0.00515	0.00878	0.00826	0.01154	0.01552	0.02742	0.01617	0.38787	0.44623	0.00708	0.01024	0.00668	0.00305	0.00410
23	0.02408	0.00914	0.01246	0.00955	0.01370	0.00789	0.00789	0.02616	0.01536	0.78158	0.02118	0.01827	0.01329	0.00664	0.00540	0.00166	0.00457	0.00540	0.00664	0.00914
24	0.00724	0.00539	0.00673	0.00658	0.00784	0.00488	0.00486	0.00937	0.01408	0.01931	0.55351	0.12628	0.18987	0.01212	0.00639	0.00177	0.00263	0.01063	0.00563	0.00488
25	0.00956	0.00950	0.01875	0.01493	0.01776	0.00889	0.37567	0.01226	0.01145	0.01542	0.02037	0.41749	0.02204	0.01077	0.00660	0.00200	0.00603	0.01087	0.00387	0.00578
26	0.84927	0.01038	0.00789	0.00706	0.01038	0.01204	0.00581	0.01578	0.00914	0.02408	0.00747	0.00872	0.00581	0.00498	0.00332	0.00166	0.00415	0.00291	0.00332	0.00581
27	0.01014	0.00954	0.01610	0.79845	0.03697	0.01193	0.01491	0.01371	0.01073	0.01371	0.00954	0.01431	0.00716	0.00537	0.00537	0.00179	0.00716	0.00477	0.00239	0.00596
28	0.01014	0.00954	0.01610	0.79845	0.03697	0.01193	0.01491	0.01371	0.01073	0.01371	0.00954	0.01431	0.00716	0.00537	0.00537	0.00179	0.00716	0.00477	0.00239	0.00596
29	0.01436	0.00944	0.01146	0.00835	0.01297	0.00734	0.00674	0.01667	0.01219	0.20795	0.01244	0.01291	0.00928	0.00464	0.00433	0.00101	0.00412	0.00373	0.00404	0.63603
30	0.08580	0.01066	0.01668	0.47575	0.20019	0.01258	0.01409	0.03691	0.01119	0.01605	0.00941	0.01336	0.00739	0.00552	0.00604	0.00177	0.06277	0.00460	0.00262	0.00661
31	0.00865	0.00618	0.00865	0.00989	0.01112	0.00618	0.00865	0.01112	0.01236	0.01606	0.02842	0.06055	0.03089	0.01483	0.00741	0.00247	0.00494	0.74174	0.00494	0.00494
32	0.01077	0.02777	0.78354	0.01530	0.02323	0.01247	0.01983	0.01700	0.01133	0.01700	0.00963	0.01133	0.00680	0.00510	0.00510	0.00170	0.00793	0.00397	0.00227	0.00793
33	0.01435	0.81458	0.02813	0.00918	0.01378	0.02124	0.00918	0.01607	0.01091	0.01263	0.00746	0.00861	0.00689	0.00459	0.00344	0.00115	0.00574	0.00287	0.00230	0.00689
34	0.01014	0.00954	0.01610	0.79845	0.03697	0.01193	0.01491	0.01371	0.01073	0.01371	0.00954	0.01431	0.00716	0.00537	0.00537	0.00179	0.00716	0.00477	0.00239	0.00596
35	0.00778	0.00531	0.00639	0.00639	0.00658	0.00550	0.00392	0.00815	0.00797	0.01081	0.01642	0.03241	0.01833	0.66199	0.17507	0.00587	0.00698	0.00741	0.00318	0.00355
36	0.00685	0.00546	0.00614	0.00597	0.00756	0.00475	0.00448	0.00868	0.01343	0.01733	0.34495	0.04700	0.48335	0.01254	0.00634	0.00176	0.00264	0.01068	0.00536	0.00475
37	0.00643	0.00537	0.00560	0.00569	0.00734	0.00454	0.00421	0.00781	0.01222	0.01480	0.09041	0.11766	0.67203	0.01374	0.00639	0.00184	0.00274	0.01159	0.00503	0.00454
38	0.01431	0.09460	0.45661	0.01389	0.02016	0.08333	0.01564	0.20250	0.01511	0.02046	0.01013	0.01133	0.00740	0.00543	0.00500	0.00160	0.00739	0.00404	0.00309	0.00799
39	0.01077	0.02777	0.78354	0.01530	0.02323	0.01247	0.01983	0.01700	0.01133	0.01700	0.00963	0.01133	0.00680	0.00510	0.00510	0.00170	0.00793	0.00397	0.00227	0.00793
40	0.01979	0.06154	0.01580	0.01362	0.01647	0.75477	0.01032	0.02119	0.01502	0.01311	0.00826	0.00963	0.00691	0.00549	0.00478	0.00137	0.00950	0.00343	0.00274	0.00625
41	0.00634	0.00544	0.00544	0.00544	0.00725	0.00453	0.00408	0.00770	0.01224	0.01450	0.05438	0.05166	0.77569	0.01359	0.00634	0.00181	0.00272	0.01133	0.00498	0.00453
42	0.02005	0.02558	0.01521	0.01383	0.01659	0.78980	0.01037	0.02143	0.01521	0.01314	0.00830	0.00968	0.00691	0.00553	0.00484	0.00138	0.00968	0.00346	0.00277	0.00622

[dist]
# distance from previous block
# <min> <max>
0	1

[block]
# block no. 5 follows, 45 sequences, length 44
# corresponding to MSA columns:
# 665-708
name=unknown_F
#
# <colnr> <probs for GDERKNQSTAVLIFYWHMCP>
#	G	D	E	R	K	N	Q	S	T	A	V	L	I	F	Y	W	H	M	C	P
0	0.17330	0.04103	0.01428	0.01210	0.01521	0.44053	0.00944	0.14774	0.04165	0.01904	0.00935	0.01045	0.00743	0.00574	0.00503	0.00151	0.03233	0.00371	0.00339	0.00673
1	0.01473	0.01201	0.01269	0.01098	0.01421	0.01371	0.00866	0.18600	0.57525	0.02481	0.01973	0.01848	0.01470	0.00706	0.00537	0.00175	0.00453	0.00576	0.04108	0.00848
2	0.77548	0.08146	0.00968	0.00725	0.01068	0.01285	0.00611	0.01581	0.00929	0.02307	0.00747	0.00871	0.00591	0.00495	0.00333	0.00162	0.00429	0.00290	0.00323	0.00591
3	0.00644	0.00544	0.00557	0.00554	0.00731	0.00457	0.00416	0.00789	0.01247	0.01505	0.11084	0.05075	0.71888	0.01339	0.00634	0.00180	0.00270	0.01120	0.00506	0.00457
4	0.02096	0.01414	0.01556	0.01193	0.01620	0.01532	0.00985	0.64890	0.02374	0.14701	0.01414	0.01370	0.00976	0.00647	0.00537	0.00162	0.00570	0.00492	0.00556	0.00913
5	0.00753	0.00521	0.00649	0.00698	0.00738	0.00507	0.00470	0.00842	0.00997	0.01339	0.10705	0.26532	0.02923	0.38101	0.01628	0.00355	0.00426	0.10989	0.00429	0.00401
6	0.00788	0.00518	0.00591	0.00591	0.00591	0.00518	0.00332	0.00777	0.00777	0.01036	0.01654	0.03421	0.01902	0.77280	0.02701	0.04598	0.00518	0.00765	0.00321	0.00321
7	0.02340	0.00893	0.01209	0.00933	0.01334	0.00775	0.00769	0.02550	0.01516	0.74455	0.02100	0.01836	0.01331	0.00662	0.00532	0.00164	0.00447	0.00538	0.04722	0.00893
8	0.00699	0.00546	0.00633	0.00611	0.00764	0.00481	0.00458	0.00895	0.01375	0.01811	0.42411	0.04573	0.40370	0.01225	0.00634	0.00175	0.00262	0.01050	0.00546	0.00481
9	0.00781	0.00520	0.00585	0.00585	0.00585	0.00520	0.00325	0.00781	0.00781	0.01041	0.01691	0.03513	0.01952	0.81135	0.02732	0.00520	0.00520	0.00781	0.00325	0.00325
10	0.01435	0.81458	0.02813	0.00918	0.01378	0.02124	0.00918	0.01607	0.01091	0.01263	0.00746	0.00861	0.00689	0.00459	0.00344	0.00115	0.00574	0.00287	0.00230	0.00689
11	0.84927	0.01038	0.00789	0.00706	0.01038	0.01204	0.00581	0.01578	0.00914	0.02408	0.00747	0.00872	0.00581	0.00498	0.00332	0.00166	0.00415	0.00291	0.00332	0.00581
12	0.01174	0.01174	0.01644	0.01409	0.01409	0.01644	0.01174	0.01292	0.00822	0.01292	0.00705	0.01174	0.00705	0.00940	0.01762	0.00235	0.80153	0.00470	0.00235	0.00587
13	0.75690	0.01024	0.00840	0.00734	0.01075	0.01158	0.00605	0.01694	0.00983	0.10887	0.00901	0.00979	0.00665	0.00517	0.00355	0.00166	0.00420	0.00319	0.00369	0.00619
14	0.84927	0.01038	0.00789	0.00706	0.01038	0.01204	0.00581	0.01578	0.00914	0.02408	0.00747	0.00872	0.00581	0.00498	0.00332	0.00166	0.00415	0.00291	0.00332	0.00581
15	0.01117	0.11584	0.69898	0.01462	0.02217	0.01345	0.01864	0.01690	0.01129	0.01651	0.00939	0.01103	0.00681	0.00504	0.00491	0.00164	0.00769	0.00384	0.00227	0.00782
16	0.00762	0.00532	0.00677	0.00691	0.00725	0.00559	0.00454	0.00833	0.00834	0.01143	0.01753	0.11718	0.01938	0.47829	0.26651	0.00595	0.00787	0.00799	0.00333	0.00386
17	0.02408	0.00914	0.01246	0.00955	0.01370	0.00789	0.00789	0.02616	0.01536	0.78158	0.02118	0.01827	0.01329	0.00664	0.00540	0.00166	0.00457	0.00540	0.00664	0.00914
18	0.02273	0.00884	0.01202	0.00932	0.01324	0.00766	0.00766	0.02484	0.01535	0.71903	0.08322	0.02007	0.01636	0.00700	0.00547	0.00166	0.00440	0.00575	0.00658	0.00880
19	0.01445	0.46824	0.22135	0.01161	0.01673	0.15793	0.01216	0.01728	0.01180	0.01385	0.00818	0.00951	0.00687	0.00489	0.00413	0.00133	0.00702	0.00326	0.00237	0.00704
20	0.00775	0.00543	0.00698	0.00698	0.00737	0.00582	0.00466	0.00853	0.00814	0.01124	0.01588	0.02941	0.01703	0.49755	0.33773	0.00660	0.00894	0.00697	0.00310	0.00388
21	0.02408	0.00914	0.01246	0.00955	0.01370	0.00789	0.00789	0.02616	0.01536	0.78158	0.02118	0.01827	0.01329	0.00664	0.00540	0.00166	0.00457	0.00540	0.00664	0.00914
22	0.01281	0.01227	0.02093	0.14868	0.66585	0.01263	0.01624	0.01606	0.01200	0.01696	0.01001	0.01344	0.00830	0.00487	0.00532	0.00162	0.00649	0.00478	0.00262	0.00812
23	0.01507	0.55324	0.03973	0.01015	0.01434	0.11021	0.00941	0.01900	0.13255	0.03632	0.01030	0.01090	0.00859	0.00520	0.00402	0.00131	0.00598	0.00355	0.00298	0.00715
24	0.00911	0.00588	0.00731	0.00672	0.00845	0.00524	0.00512	0.01129	0.01444	0.10476	0.50154	0.04069	0.23673	0.01118	0.00623	0.00172	0.00281	0.00965	0.00575	0.00538
25	0.00654	0.00467	0.00623	0.00747	0.00779	0.00436	0.00498	0.00747	0.01028	0.01370	0.02959	0.80785	0.03550	0.01682	0.00685	0.00218	0.00311	0.01526	0.00498	0.00436
26	0.00755	0.00556	0.00711	0.00693	0.00826	0.00512	0.00533	0.00992	0.01448	0.01997	0.59496	0.04393	0.14552	0.01176	0.00645	0.00179	0.00283	0.09186	0.00568	0.00498
27	0.01266	0.01212	0.02056	0.14262	0.59076	0.01227	0.04133	0.01589	0.01195	0.01696	0.01000	0.01333	0.00826	0.00480	0.00526	0.00157	0.00642	0.00472	0.00266	0.06584
28	0.02009	0.02440	0.01531	0.01366	0.01660	0.70326	0.01035	0.10410	0.01633	0.01545	0.00881	0.01004	0.00716	0.00563	0.00490	0.00141	0.00926	0.00361	0.00306	0.00655
29	0.00652	0.00531	0.00577	0.00593	0.00743	0.00456	0.00434	0.00794	0.01223	0.01515	0.13084	0.17866	0.56895	0.01385	0.00643	0.00186	0.00277	0.01181	0.00509	0.00456
30	0.01036	0.01005	0.01085	0.01034	0.01137	0.14131	0.00802	0.01195	0.00986	0.01280	0.01376	0.10558	0.01367	0.02633	0.43362	0.00557	0.15016	0.00624	0.00300	0.00518
31	0.01728	0.05154	0.01944	0.01599	0.05559	0.38413	0.19623	0.01964	0.01395	0.10045	0.01155	0.03615	0.00947	0.00596	0.00557	0.00159	0.02091	0.02445	0.00328	0.00685
32	0.01329	0.01275	0.02179	0.03295	0.77787	0.01275	0.01647	0.01647	0.01222	0.01754	0.01010	0.01329	0.00850	0.00478	0.00531	0.00159	0.00638	0.00478	0.00266	0.00850
33	0.00658	0.00519	0.00587	0.00622	0.00745	0.00455	0.00444	0.00788	0.01178	0.01483	0.11775	0.28747	0.44695	0.03915	0.00715	0.00202	0.00290	0.01229	0.00502	0.00449
34	0.00869	0.00682	0.00836	0.00788	0.00991	0.00643	0.03777	0.01218	0.10419	0.04820	0.12337	0.06091	0.40822	0.01212	0.00637	0.00190	0.00358	0.12254	0.00511	0.00544
35	0.01297	0.16952	0.33201	0.01631	0.02250	0.01420	0.27197	0.01749	0.01198	0.06618	0.01040	0.01236	0.00770	0.00491	0.00524	0.00163	0.00769	0.00467	0.00271	0.00758
36	0.01639	0.01139	0.01286	0.01081	0.01410	0.01222	0.00889	0.36054	0.13975	0.11110	0.05011	0.02612	0.05381	0.00863	0.00584	0.00182	0.00503	0.13725	0.00545	0.00790
37	0.03681	0.01375	0.01457	0.01196	0.01510	0.05315	0.00970	0.39009	0.20097	0.02619	0.01398	0.01443	0.01054	0.00701	0.00711	0.00175	0.12596	0.00500	0.03380	0.00812
38	0.10998	0.01255	0.01875	0.02147	0.34809	0.05788	0.11227	0.01930	0.01293	0.21575	0.01267	0.01401	0.00930	0.00530	0.00522	0.00164	0.00622	0.00486	0.00378	0.00806
39	0.00643	0.00510	0.00578	0.00632	0.00748	0.00446	0.00447	0.00760	0.01138	0.01415	0.04360	0.38044	0.45387	0.01500	0.00656	0.00197	0.00289	0.01304	0.00498	0.00446
40	0.01350	0.00647	0.00875	0.00836	0.01020	0.00580	0.00623	0.01493	0.01234	0.31614	0.02624	0.47702	0.02663	0.01276	0.00629	0.00198	0.00374	0.03072	0.00564	0.00626
41	0.06964	0.22261	0.02062	0.04539	0.24871	0.16388	0.04116	0.05173	0.05791	0.01674	0.00974	0.01155	0.00804	0.00512	0.00466	0.00147	0.00668	0.00405	0.00291	0.00736
42	0.39763	0.01274	0.01117	0.04056	0.01377	0.10345	0.00786	0.11806	0.13286	0.08120	0.02616	0.01272	0.00953	0.00586	0.00441	0.00165	0.00517	0.00412	0.00413	0.00697
43	0.05864	0.04124	0.18228	0.07252	0.34735	0.05078	0.13739	0.01672	0.01195	0.01712	0.00978	0.01257	0.00773	0.00489	0.00525	0.00164	0.00721	0.00464	0.00260	0.00771

[dist]
# distance from previous block
# <min> <max>
29	63

[block]
# block no. 6 follows, 45 sequences, length 21
# corresponding to MSA columns:
# 790-810
name=unknown_G
#
# <colnr> <probs for GDERKNQSTAVLIFYWHMCP>
#	G	D	E	R	K	N	Q	S	T	A	V	L	I	F	Y	W	H	M	C	P
0	0.07224	0.00834	0.01010	0.00900	0.01160	0.00816	0.00706	0.08399	0.07996	0.24827	0.05607	0.24032	0.02170	0.01012	0.00580	0.00184	0.00414	0.06818	0.00539	0.04771
1	0.00909	0.00656	0.00803	0.00748	0.00909	0.00639	0.00565	0.06422	0.06586	0.04003	0.51291	0.12416	0.09734	0.01116	0.00624	0.00176	0.00302	0.00976	0.00568	0.00556
2	0.01375	0.01250	0.02400	0.17437	0.02646	0.01247	0.43040	0.05941	0.03608	0.10397	0.01292	0.01681	0.00975	0.00554	0.00600	0.00180	0.00768	0.03543	0.00342	0.00725
3	0.01014	0.00954	0.01610	0.79845	0.03697	0.01193	0.01491	0.01371	0.01073	0.01371	0.00954	0.01431	0.00716	0.00537	0.00537	0.00179	0.00716	0.00477	0.00239	0.00596
4	0.01129	0.01072	0.01819	0.51712	0.30925	0.01223	0.01548	0.01473	0.01128	0.01512	0.00975	0.01393	0.00765	0.00515	0.00535	0.00172	0.00687	0.00477	0.00249	0.00690
5	0.01382	0.36434	0.02409	0.01276	0.01720	0.01553	0.20865	0.06840	0.01256	0.05087	0.01138	0.07642	0.01011	0.00574	0.00477	0.00143	0.00620	0.00509	0.00313	0.08752
6	0.02041	0.01504	0.01611	0.01235	0.01665	0.01665	0.01020	0.75997	0.02524	0.03383	0.01289	0.01289	0.00913	0.00644	0.00537	0.00161	0.00591	0.00483	0.00537	0.00913
7	0.07649	0.00600	0.00679	0.00715	0.00785	0.00617	0.00473	0.01030	0.08209	0.01413	0.02218	0.37083	0.02512	0.31933	0.01427	0.00326	0.00411	0.01051	0.00423	0.00445
8	0.01044	0.00985	0.01665	0.72487	0.10819	0.01201	0.01506	0.01398	0.01088	0.01408	0.00959	0.01421	0.00729	0.00531	0.00536	0.00177	0.00708	0.00477	0.00241	0.00621
9	0.01273	0.01218	0.02078	0.16903	0.64616	0.01261	0.01620	0.01598	0.01196	0.01686	0.01000	0.01347	0.00826	0.00489	0.00532	0.00163	0.00652	0.00478	0.00261	0.00805
10	0.01922	0.01182	0.01341	0.01063	0.01447	0.01234	0.00867	0.36138	0.12311	0.26040	0.02066	0.01925	0.08509	0.00731	0.00548	0.00167	0.00496	0.00580	0.00574	0.00860
11	0.08035	0.01169	0.01531	0.01799	0.25170	0.07573	0.02500	0.01488	0.05270	0.01599	0.01323	0.11620	0.02469	0.01027	0.06363	0.00235	0.19240	0.00613	0.00316	0.00660
12	0.01850	0.01346	0.01457	0.01168	0.01557	0.01490	0.00948	0.47147	0.25661	0.09133	0.01636	0.01556	0.01174	0.00672	0.00540	0.00168	0.00528	0.00527	0.00550	0.00893
13	0.01319	0.01645	0.25483	0.01590	0.15236	0.01223	0.01327	0.07282	0.24128	0.06451	0.07528	0.01711	0.01403	0.00635	0.00538	0.00171	0.00578	0.00535	0.00406	0.00813
14	0.01472	0.26261	0.01713	0.01014	0.01361	0.03842	0.00850	0.08283	0.34776	0.06614	0.01582	0.01652	0.01257	0.06305	0.00634	0.00181	0.00510	0.00497	0.00430	0.00765
15	0.01683	0.16976	0.01453	0.00927	0.01286	0.01146	0.00778	0.02211	0.20558	0.32124	0.05531	0.02126	0.09447	0.00732	0.00517	0.00162	0.00444	0.00588	0.00527	0.00786
16	0.01194	0.50621	0.07484	0.00889	0.01272	0.01557	0.00873	0.01413	0.01191	0.01491	0.15584	0.02050	0.07771	0.00701	0.00451	0.00140	0.00502	0.03850	0.00331	0.00634
17	0.17958	0.26187	0.01328	0.00700	0.00982	0.01166	0.00610	0.01473	0.01077	0.05278	0.01224	0.01396	0.00984	0.00589	0.00420	0.02852	0.00402	0.00392	0.34397	0.00586
18	0.05483	0.01298	0.01395	0.01349	0.11266	0.08713	0.00954	0.26909	0.11865	0.10600	0.04754	0.01727	0.02679	0.00668	0.00522	0.00162	0.00542	0.01939	0.06384	0.00790
19	0.15313	0.01076	0.01047	0.00921	0.01196	0.10812	0.00722	0.05928	0.08333	0.20048	0.07413	0.08447	0.06968	0.01115	0.08067	0.00236	0.00574	0.00635	0.00475	0.00673
20	0.18612	0.08755	0.01465	0.03715	0.15784	0.02452	0.06155	0.05919	0.01221	0.03351	0.02021	0.05331	0.17763	0.00736	0.00502	0.00162	0.00500	0.00611	0.00364	0.04581

[dist]
# distance from previous block
# <min> <max>
4	22

[block]
# block no. 7 follows, 45 sequences, length 6
# corresponding to MSA columns:
# 833-838
name=unknown_H
#
# <colnr> <probs for GDERKNQSTAVLIFYWHMCP>
#	G	D	E	R	K	N	Q	S	T	A	V	L	I	F	Y	W	H	M	C	P
0	0.05896	0.01053	0.01745	0.01731	0.19346	0.00996	0.16326	0.01871	0.01314	0.28077	0.01794	0.06401	0.03951	0.00712	0.00573	0.00177	0.00577	0.06244	0.00446	0.00768
1	0.01237	0.18409	0.01606	0.01197	0.08622	0.01221	0.04394	0.15300	0.05409	0.01852	0.01937	0.22313	0.07809	0.00899	0.00538	0.00165	0.00488	0.00770	0.00407	0.05428
2	0.01099	0.14059	0.27481	0.01047	0.01527	0.01146	0.01117	0.06850	0.05507	0.01754	0.06147	0.02249	0.19039	0.00745	0.00514	0.00156	0.00538	0.00594	0.00359	0.08072
3	0.01825	0.01486	0.01625	0.01296	0.01685	0.18088	0.11707	0.13644	0.15734	0.20367	0.01508	0.01495	0.01080	0.00603	0.00534	0.00160	0.00644	0.00502	0.00462	0.05555
4	0.01435	0.81458	0.02813	0.00918	0.01378	0.02124	0.00918	0.01607	0.01091	0.01263	0.00746	0.00861	0.00689	0.00459	0.00344	0.00115	0.00574	0.00287	0.00230	0.00689
5	0.00927	0.00576	0.00698	0.00682	0.00835	0.00511	0.00497	0.01072	0.01235	0.12582	0.16179	0.24117	0.29442	0.07186	0.00789	0.00212	0.00324	0.01097	0.00525	0.00515

[dist]
# distance from previous block
# <min> <max>
8	20

[block]
# block no. 8 follows, 45 sequences, length 6
# corresponding to MSA columns:
# 859-864
name=unknown_I
#
# <colnr> <probs for GDERKNQSTAVLIFYWHMCP>
#	G	D	E	R	K	N	Q	S	T	A	V	L	I	F	Y	W	H	M	C	P
0	0.19767	0.12517	0.01962	0.02390	0.50111	0.01379	0.01310	0.01626	0.01136	0.01829	0.00915	0.01162	0.00768	0.00480	0.00461	0.00155	0.00580	0.00410	0.00275	0.00768
1	0.01383	0.21860	0.14393	0.01409	0.10285	0.04275	0.06478	0.16053	0.01370	0.01802	0.01102	0.01528	0.00968	0.13887	0.00852	0.00211	0.00649	0.00474	0.00314	0.00708
2	0.01831	0.01600	0.01377	0.01152	0.01464	0.24456	0.00894	0.31248	0.07585	0.08998	0.01351	0.01609	0.01086	0.11963	0.00831	0.00207	0.00669	0.00499	0.00442	0.00739
3	0.00722	0.00506	0.00653	0.00745	0.00783	0.00488	0.00514	0.00817	0.00997	0.01323	0.02607	0.48129	0.03055	0.22484	0.01231	0.00302	0.00397	0.13377	0.00452	0.00417
4	0.00884	0.00788	0.00761	0.00801	0.00873	0.11542	0.00547	0.00973	0.01032	0.01276	0.02319	0.40551	0.05705	0.20377	0.08748	0.00339	0.00561	0.01076	0.00406	0.00441
5	0.12819	0.01981	0.01574	0.01707	0.17952	0.46362	0.01118	0.01900	0.01326	0.01552	0.00849	0.01048	0.00712	0.00557	0.00566	0.00153	0.06507	0.00376	0.00279	0.00663

[dist]
# distance from previous block
# <min> <max>
5	13

[block]
# block no. 9 follows, 45 sequences, length 17
# corresponding to MSA columns:
# 878-894
name=unknown_J
#
# <colnr> <probs for GDERKNQSTAVLIFYWHMCP>
#	G	D	E	R	K	N	Q	S	T	A	V	L	I	F	Y	W	H	M	C	P
0	0.10118	0.08010	0.05297	0.01200	0.06181	0.06167	0.05349	0.09629	0.03131	0.21576	0.04505	0.01436	0.01105	0.00568	0.00484	0.00147	0.00545	0.00455	0.00427	0.13668
1	0.15819	0.08914	0.01379	0.01096	0.05860	0.06653	0.00838	0.05329	0.14043	0.25876	0.04432	0.01543	0.01223	0.00613	0.00480	0.00158	0.00498	0.00472	0.00473	0.04301
2	0.11308	0.04488	0.09813	0.01173	0.01597	0.27359	0.04866	0.05234	0.01327	0.06264	0.00973	0.01098	0.00757	0.00506	0.00457	0.00135	0.00680	0.00369	0.00321	0.21274
3	0.13863	0.01119	0.08803	0.01031	0.04941	0.03508	0.00858	0.01767	0.01308	0.24678	0.14786	0.02048	0.01771	0.00688	0.00509	0.00157	0.00468	0.04134	0.00467	0.13097
4	0.05288	0.01052	0.01463	0.06254	0.24633	0.00944	0.01005	0.01572	0.01174	0.08914	0.01070	0.01253	0.00847	0.00460	0.00457	0.00122	0.00496	0.00396	0.00331	0.42270
5	0.01113	0.00954	0.01113	0.00795	0.01272	0.00716	0.00636	0.01352	0.01113	0.01749	0.00954	0.01113	0.00795	0.00398	0.00398	0.00080	0.00398	0.00318	0.00318	0.84417
6	0.01217	0.01167	0.01925	0.07298	0.31362	0.01079	0.14468	0.01533	0.01180	0.01720	0.00999	0.01277	0.00815	0.00448	0.00501	0.00135	0.00602	0.00447	0.00284	0.31544
7	0.01500	0.03832	0.03427	0.01331	0.01675	0.24129	0.13155	0.07783	0.24367	0.01881	0.05587	0.01793	0.05805	0.00669	0.00545	0.00165	0.00670	0.00561	0.00405	0.00720
8	0.00752	0.00538	0.00730	0.00751	0.00804	0.00580	0.00527	0.00863	0.00865	0.01200	0.01787	0.16340	0.01929	0.28966	0.40223	0.00637	0.00939	0.00809	0.00337	0.00421
9	0.01226	0.35657	0.46785	0.01274	0.01928	0.01613	0.01538	0.01661	0.01116	0.01517	0.00873	0.01020	0.00684	0.00489	0.00441	0.00147	0.00702	0.00351	0.00228	0.00750
10	0.02408	0.00914	0.01246	0.00955	0.01370	0.00789	0.00789	0.02616	0.01536	0.78158	0.02118	0.01827	0.01329	0.00664	0.00540	0.00166	0.00457	0.00540	0.00664	0.00914
11	0.01283	0.01207	0.01998	0.21281	0.53838	0.01288	0.01563	0.05216	0.01237	0.01727	0.01000	0.01346	0.00816	0.00516	0.00576	0.00167	0.03408	0.00478	0.00272	0.00784
12	0.01001	0.00500	0.00500	0.00500	0.00625	0.00500	0.00375	0.01251	0.01126	0.02001	0.01751	0.02001	0.01376	0.00625	0.00375	0.00125	0.00250	0.00500	0.84115	0.00500
13	0.00767	0.00575	0.00863	0.00863	0.00959	0.00671	0.00671	0.00959	0.00863	0.01246	0.01438	0.02109	0.01342	0.04026	0.79008	0.00863	0.01438	0.00575	0.00288	0.00479
14	0.00689	0.00546	0.00620	0.00601	0.00759	0.00476	0.00451	0.00876	0.01353	0.01757	0.36903	0.04661	0.45912	0.01245	0.00634	0.00176	0.00264	0.01062	0.00539	0.00476
15	0.01146	0.02247	0.49134	0.01769	0.02437	0.01305	0.26717	0.01685	0.01162	0.01685	0.00991	0.01241	0.00726	0.00513	0.00617	0.00177	0.04966	0.00480	0.00242	0.00759
16	0.10774	0.06591	0.01550	0.01299	0.01589	0.59110	0.02893	0.02034	0.03810	0.01467	0.00862	0.01005	0.00713	0.00560	0.00513	0.00146	0.03809	0.00357	0.00287	0.00630

[dist]
# distance from previous block
# <min> <max>
0	1

[block]
# block no. 10 follows, 45 sequences, length 114
# corresponding to MSA columns:
# 896-1009
name=unknown_K
#
# <colnr> <probs for GDERKNQSTAVLIFYWHMCP>
#	G	D	E	R	K	N	Q	S	T	A	V	L	I	F	Y	W	H	M	C	P
0	0.77533	0.01174	0.00854	0.00766	0.01094	0.08139	0.00622	0.01628	0.00968	0.02311	0.00755	0.00881	0.00591	0.00503	0.00346	0.00164	0.00465	0.00296	0.00327	0.00585
1	0.01422	0.01207	0.01738	0.36854	0.19633	0.01366	0.01371	0.25959	0.01583	0.02118	0.01077	0.01361	0.00811	0.00559	0.00536	0.00169	0.00657	0.00479	0.00343	0.00757
2	0.00637	0.00544	0.00548	0.00547	0.00727	0.00454	0.00410	0.00776	0.01230	0.01467	0.07126	0.05139	0.75870	0.01353	0.00634	0.00181	0.00271	0.01129	0.00501	0.00454
3	0.01947	0.02541	0.04900	0.01411	0.01716	0.73706	0.02906	0.02114	0.01498	0.01340	0.00842	0.00987	0.00694	0.00549	0.00489	0.00141	0.00959	0.00355	0.00274	0.00632
4	0.00777	0.00534	0.00656	0.00656	0.00680	0.00559	0.00413	0.00826	0.00802	0.01093	0.01627	0.03155	0.01796	0.61501	0.22154	0.00608	0.00754	0.00728	0.00316	0.00364
5	0.84927	0.01038	0.00789	0.00706	0.01038	0.01204	0.00581	0.01578	0.00914	0.02408	0.00747	0.00872	0.00581	0.00498	0.00332	0.00166	0.00415	0.00291	0.00332	0.00581
6	0.01329	0.01275	0.02179	0.03295	0.77787	0.01275	0.01647	0.01647	0.01222	0.01754	0.01010	0.01329	0.00850	0.00478	0.00531	0.00159	0.00638	0.00478	0.00266	0.00850
7	0.00667	0.00504	0.00620	0.00706	0.00792	0.00458	0.00503	0.00787	0.01107	0.01416	0.03716	0.50694	0.26440	0.01564	0.00674	0.00209	0.00315	0.07882	0.00498	0.00447
8	0.00636	0.00538	0.00550	0.00560	0.00729	0.00452	0.00415	0.00769	0.01208	0.01444	0.05239	0.11219	0.71643	0.01385	0.00638	0.00184	0.00275	0.01164	0.00498	0.00452
9	0.01367	0.01169	0.01232	0.01099	0.01408	0.01350	0.00857	0.06197	0.73420	0.02297	0.02144	0.01970	0.01605	0.00724	0.00546	0.00181	0.00432	0.00601	0.00546	0.00853
10	0.01435	0.81458	0.02813	0.00918	0.01378	0.02124	0.00918	0.01607	0.01091	0.01263	0.00746	0.00861	0.00689	0.00459	0.00344	0.00115	0.00574	0.00287	0.00230	0.00689
11	0.01077	0.02777	0.78354	0.01530	0.02323	0.01247	0.01983	0.01700	0.01133	0.01700	0.00963	0.01133	0.00680	0.00510	0.00510	0.00170	0.00793	0.00397	0.00227	0.00793
12	0.00712	0.00547	0.00652	0.00625	0.00773	0.00486	0.00469	0.00921	0.01407	0.01886	0.50122	0.04449	0.32613	0.01197	0.00634	0.00174	0.00260	0.01032	0.00556	0.00486
13	0.00697	0.00498	0.00673	0.00797	0.00847	0.00473	0.00574	0.00823	0.01071	0.01419	0.02935	0.65402	0.03455	0.01641	0.00697	0.00224	0.00349	0.16480	0.00497	0.00448
14	0.02055	0.01020	0.01250	0.00980	0.01349	0.00995	0.00797	0.22243	0.03254	0.45088	0.06308	0.01895	0.01472	0.04180	0.00632	0.00179	0.00474	0.00560	0.04424	0.00844
15	0.02408	0.00914	0.01246	0.00955	0.01370	0.00789	0.00789	0.02616	0.01536	0.78158	0.02118	0.01827	0.01329	0.00664	0.00540	0.00166	0.00457	0.00540	0.00664	0.00914
16	0.01435	0.81458	0.02813	0.00918	0.01378	0.02124	0.00918	0.01607	0.01091	0.01263	0.00746	0.00861	0.00689	0.00459	0.00344	0.00115	0.00574	0.00287	0.00230	0.00689
17	0.00822	0.00655	0.00962	0.00930	0.01011	0.00799	0.00731	0.01000	0.00855	0.01248	0.01344	0.02013	0.01269	0.05298	0.66896	0.00770	0.12057	0.00565	0.00281	0.00490
18	0.01370	0.32360	0.02425	0.02374	0.48165	0.01604	0.01365	0.01632	0.01171	0.01563	0.00908	0.01147	0.00788	0.00471	0.00459	0.00142	0.00613	0.00404	0.00252	0.00788
19	0.00654	0.00467	0.00623	0.00747	0.00779	0.00436	0.00498	0.00747	0.01028	0.01370	0.02959	0.80785	0.03550	0.01682	0.00685	0.00218	0.00311	0.01526	0.00498	0.00436
20	0.00753	0.00544	0.00712	0.00680	0.00801	0.00502	0.00506	0.00997	0.01490	0.02106	0.73104	0.08541	0.04976	0.01132	0.00636	0.00172	0.00257	0.01004	0.00585	0.00502
21	0.01088	0.02698	0.73917	0.01573	0.02352	0.01253	0.06342	0.01701	0.01141	0.01701	0.00971	0.01152	0.00688	0.00507	0.00517	0.00171	0.00800	0.00411	0.00229	0.00789
22	0.01720	0.01066	0.01826	0.01537	0.08337	0.00990	0.22889	0.02065	0.04821	0.35768	0.01822	0.06636	0.01405	0.00706	0.00590	0.00179	0.00597	0.05767	0.00488	0.00792
23	0.02408	0.00914	0.01246	0.00955	0.01370	0.00789	0.00789	0.02616	0.01536	0.78158	0.02118	0.01827	0.01329	0.00664	0.00540	0.00166	0.00457	0.00540	0.00664	0.00914
24	0.01315	0.01261	0.02154	0.06639	0.74550	0.01272	0.01641	0.01635	0.01216	0.01737	0.01007	0.01333	0.00844	0.00481	0.00532	0.00160	0.00641	0.00478	0.00265	0.00839
25	0.01170	0.01117	0.01921	0.30193	0.42980	0.01195	0.04981	0.01494	0.01159	0.01592	0.01122	0.06594	0.00978	0.00577	0.00548	0.00171	0.00656	0.00554	0.00272	0.00727
26	0.01469	0.00955	0.01387	0.01155	0.01463	0.00945	0.12094	0.06312	0.15865	0.22527	0.07393	0.11994	0.02058	0.00909	0.00607	0.00189	0.00500	0.10925	0.00526	0.00729
27	0.01578	0.01208	0.01338	0.05764	0.01596	0.01363	0.00924	0.20742	0.47848	0.08746	0.01886	0.01779	0.01380	0.00691	0.00543	0.00175	0.00485	0.00563	0.00536	0.00856
28	0.01858	0.22978	0.01855	0.01263	0.01587	0.59090	0.01006	0.02005	0.01410	0.01301	0.00808	0.00940	0.00691	0.00529	0.00448	0.00132	0.00866	0.00331	0.00264	0.00640
29	0.00701	0.00537	0.00583	0.00577	0.00691	0.00483	0.00395	0.00810	0.01122	0.01420	0.14886	0.04451	0.41973	0.27539	0.01324	0.00291	0.00351	0.00993	0.00455	0.00419
30	0.02387	0.00948	0.01267	0.00972	0.01388	0.00841	0.00803	0.06947	0.01595	0.73746	0.02069	0.01795	0.01304	0.00663	0.00540	0.00166	0.00465	0.00536	0.00657	0.00913
