[name]
unknown

[dist]
# distance from previous block
# <min> <max>
0	89

[block]
# block no. 0 follows, 38 sequences, length 10
# corresponding to MSA columns:
# 89-98
name=unknown_A
#
# <colnr> <probs for GDERKNQSTAVLIFYWHMCP>
#	G	D	E	R	K	N	Q	S	T	A	V	L	I	F	Y	W	H	M	C	P
0	0.00969	0.00692	0.00969	0.01108	0.01246	0.00692	0.00969	0.01246	0.01385	0.01800	0.03185	0.06786	0.03462	0.01662	0.00831	0.00277	0.00554	0.71057	0.00554	0.00554
1	0.00859	0.00645	0.00967	0.00967	0.01074	0.00752	0.00752	0.01074	0.00967	0.01396	0.01611	0.02363	0.01504	0.04512	0.76474	0.00967	0.01611	0.00645	0.00322	0.00537
2	0.00711	0.00609	0.00609	0.00609	0.00813	0.00508	0.00457	0.00863	0.01371	0.01625	0.06094	0.05789	0.74862	0.01524	0.00711	0.00203	0.00305	0.01270	0.00559	0.00508
3	0.02287	0.01685	0.01805	0.01384	0.01866	0.01866	0.01143	0.73100	0.02828	0.03791	0.01444	0.01444	0.01023	0.00722	0.00602	0.00181	0.00662	0.00542	0.00602	0.01023
4	0.01121	0.00561	0.00561	0.00561	0.00701	0.00561	0.00421	0.01402	0.01262	0.02243	0.01962	0.02243	0.01542	0.00701	0.00421	0.00140	0.00280	0.00561	0.82198	0.00561
5	0.32314	0.49812	0.02298	0.00940	0.01401	0.01992	0.00887	0.01789	0.01148	0.01899	0.00837	0.00970	0.00727	0.00531	0.00381	0.00150	0.00576	0.00323	0.00301	0.00727
6	0.01392	0.01018	0.01181	0.00993	0.01263	0.01057	0.00785	0.28248	0.02127	0.02932	0.47156	0.03345	0.03923	0.01039	0.00669	0.00186	0.00426	0.00882	0.00639	0.00739
7	0.02062	0.01473	0.01608	0.01282	0.01710	0.01616	0.01043	0.46618	0.18762	0.10026	0.06050	0.01859	0.01522	0.00775	0.00611	0.00187	0.00584	0.00611	0.00621	0.00980
8	0.02007	0.31633	0.02250	0.01354	0.01741	0.48540	0.01112	0.02176	0.01523	0.01451	0.00895	0.01040	0.00774	0.00580	0.00483	0.00145	0.00919	0.00363	0.00290	0.00726
9	0.45348	0.01347	0.01278	0.01040	0.01462	0.01502	0.00858	0.28749	0.01767	0.09731	0.01206	0.01251	0.00868	0.00637	0.00480	0.00184	0.00544	0.00432	0.00493	0.00825

[dist]
# distance from previous block
# <min> <max>
0	1

[block]
# block no. 1 follows, 38 sequences, length 25
# corresponding to MSA columns:
# 100-111,113-125
name=unknown_B
#
# <colnr> <probs for GDERKNQSTAVLIFYWHMCP>
#	G	D	E	R	K	N	Q	S	T	A	V	L	I	F	Y	W	H	M	C	P
0	0.54563	0.01199	0.01052	0.00938	0.01303	0.01380	0.00754	0.02260	0.24120	0.05131	0.01399	0.01414	0.01055	0.00646	0.00456	0.00192	0.00470	0.00447	0.00461	0.00759
1	0.01348	0.01066	0.01258	0.00904	0.01433	0.00808	0.00725	0.01613	0.01280	0.07079	0.01160	0.01303	0.00933	0.00466	0.00457	0.00096	0.00450	0.00374	0.00383	0.76863
2	0.01044	0.00662	0.00887	0.00871	0.01033	0.00617	0.00684	0.01304	0.01581	0.09283	0.45146	0.12168	0.04622	0.01342	0.00731	0.00213	0.00371	0.16204	0.00636	0.00601
3	0.01207	0.03112	0.75741	0.01715	0.02604	0.01397	0.02223	0.01905	0.01270	0.01905	0.01080	0.01270	0.00762	0.00572	0.00572	0.00191	0.00889	0.00445	0.00254	0.00889
4	0.01265	0.01085	0.01255	0.00914	0.01435	0.00850	0.00729	0.01632	0.06312	0.01999	0.01165	0.01317	0.00957	0.00471	0.00457	0.00097	0.00448	0.00379	0.00374	0.76858
5	0.01207	0.03112	0.75741	0.01715	0.02604	0.01397	0.02223	0.01905	0.01270	0.01905	0.01080	0.01270	0.00762	0.00572	0.00572	0.00191	0.00889	0.00445	0.00254	0.00889
6	0.01535	0.01311	0.01382	0.01232	0.01579	0.01514	0.00962	0.06607	0.70546	0.02579	0.02399	0.02205	0.01797	0.00812	0.00612	0.00203	0.00485	0.00673	0.00612	0.00956
7	0.83108	0.01163	0.00884	0.00791	0.01163	0.01350	0.00651	0.01768	0.01024	0.02699	0.00838	0.00977	0.00651	0.00558	0.00372	0.00186	0.00465	0.00326	0.00372	0.00651
8	0.00859	0.00645	0.00967	0.00967	0.01074	0.00752	0.00752	0.01074	0.00967	0.01396	0.01611	0.02363	0.01504	0.04512	0.76474	0.00967	0.01611	0.00645	0.00322	0.00537
9	0.00851	0.00615	0.00804	0.00757	0.00899	0.00568	0.00568	0.01135	0.01703	0.02412	0.74788	0.04494	0.05676	0.01230	0.00710	0.00189	0.00284	0.01088	0.00662	0.00568
10	0.01247	0.01069	0.01247	0.00891	0.01426	0.00802	0.00713	0.01515	0.01247	0.01960	0.01069	0.01247	0.00891	0.00446	0.00446	0.00089	0.00446	0.00356	0.00356	0.82536
11	0.02247	0.02867	0.01705	0.01550	0.01860	0.76443	0.01162	0.02402	0.01705	0.01472	0.00930	0.01085	0.00775	0.00620	0.00542	0.00155	0.01085	0.00387	0.00310	0.00697
12	0.02247	0.02867	0.01705	0.01550	0.01860	0.76443	0.01162	0.02402	0.01705	0.01472	0.00930	0.01085	0.00775	0.00620	0.00542	0.00155	0.01085	0.00387	0.00310	0.00697
13	0.01247	0.01069	0.01247	0.00891	0.01426	0.00802	0.00713	0.01515	0.01247	0.01960	0.01069	0.01247	0.00891	0.00446	0.00446	0.00089	0.00446	0.00356	0.00356	0.82536
14	0.00733	0.00524	0.00698	0.00838	0.00873	0.00489	0.00558	0.00838	0.01152	0.01536	0.03316	0.78466	0.03979	0.01885	0.00768	0.00244	0.00349	0.01710	0.00558	0.00489
15	0.00875	0.00583	0.00656	0.00656	0.00656	0.00583	0.00365	0.00875	0.00875	0.01166	0.01895	0.03937	0.02187	0.78858	0.03062	0.00583	0.00583	0.00875	0.00365	0.00365
16	0.79752	0.01141	0.00881	0.00790	0.01153	0.01318	0.00648	0.01743	0.01051	0.02687	0.03854	0.01121	0.00856	0.00586	0.00386	0.00186	0.00458	0.00357	0.00384	0.00648
17	0.00795	0.00569	0.00766	0.00885	0.00953	0.00540	0.00645	0.00955	0.01260	0.01685	0.10966	0.55563	0.04053	0.01768	0.00775	0.00245	0.00385	0.16113	0.00569	0.00511
18	0.02158	0.01057	0.01347	0.01024	0.01503	0.00900	0.00835	0.02502	0.06544	0.47250	0.01966	0.01808	0.01324	0.00655	0.00555	0.00157	0.00488	0.00532	0.00613	0.26783
19	0.00733	0.00524	0.00698	0.00838	0.00873	0.00489	0.00558	0.00838	0.01152	0.01536	0.03316	0.78466	0.03979	0.01885	0.00768	0.00244	0.00349	0.01710	0.00558	0.00489
20	0.01608	0.79220	0.03152	0.01029	0.01544	0.02380	0.01029	0.01801	0.01222	0.01415	0.00836	0.00965	0.00772	0.00515	0.00386	0.00129	0.00643	0.00322	0.00257	0.00772
21	0.02287	0.01685	0.01805	0.01384	0.01866	0.01866	0.01143	0.73100	0.02828	0.03791	0.01444	0.01444	0.01023	0.00722	0.00602	0.00181	0.00662	0.00542	0.00602	0.01023
22	0.01247	0.01069	0.01247	0.00891	0.01426	0.00802	0.00713	0.01515	0.01247	0.01960	0.01069	0.01247	0.00891	0.00446	0.00446	0.00089	0.00446	0.00356	0.00356	0.82536
23	0.01420	0.01623	0.03550	0.02535	0.03144	0.01521	0.72921	0.01927	0.01420	0.01927	0.01217	0.01623	0.00913	0.00507	0.00710	0.00203	0.01014	0.00710	0.00304	0.00811
24	0.01342	0.02064	0.26203	0.02183	0.02821	0.01513	0.43630	0.01874	0.01324	0.01874	0.01132	0.01482	0.00853	0.00580	0.00789	0.00205	0.08417	0.00608	0.00284	0.00821

[dist]
# distance from previous block
# <min> <max>
7	8

[block]
# block no. 2 follows, 38 sequences, length 10
# corresponding to MSA columns:
# 136-145
name=unknown_C
#
# <colnr> <probs for GDERKNQSTAVLIFYWHMCP>
#	G	D	E	R	K	N	Q	S	T	A	V	L	I	F	Y	W	H	M	C	P
0	0.83108	0.01163	0.00884	0.00791	0.01163	0.01350	0.00651	0.01768	0.01024	0.02699	0.00838	0.00977	0.00651	0.00558	0.00372	0.00186	0.00465	0.00326	0.00372	0.00651
1	0.01121	0.00561	0.00561	0.00561	0.00701	0.00561	0.00421	0.01402	0.01262	0.02243	0.01962	0.02243	0.01542	0.00701	0.00421	0.00140	0.00280	0.00561	0.82198	0.00561
2	0.01287	0.00938	0.01093	0.01033	0.01227	0.00980	0.00767	0.26623	0.01750	0.02341	0.02648	0.50982	0.02924	0.01470	0.00709	0.00222	0.00461	0.01293	0.00574	0.00679
3	0.02287	0.01685	0.01805	0.01384	0.01866	0.01866	0.01143	0.73100	0.02828	0.03791	0.01444	0.01444	0.01023	0.00722	0.00602	0.00181	0.00662	0.00542	0.00602	0.01023
4	0.01121	0.00561	0.00561	0.00561	0.00701	0.00561	0.00421	0.01402	0.01262	0.02243	0.01962	0.02243	0.01542	0.00701	0.00421	0.00140	0.00280	0.00561	0.82198	0.00561
5	0.01420	0.01623	0.03550	0.02535	0.03144	0.01521	0.72921	0.01927	0.01420	0.01927	0.01217	0.01623	0.00913	0.00507	0.00710	0.00203	0.01014	0.00710	0.00304	0.00811
6	0.53883	0.01859	0.27596	0.01121	0.01677	0.01366	0.01212	0.01817	0.01112	0.02416	0.00924	0.01082	0.00691	0.00563	0.00443	0.00188	0.00617	0.00368	0.00330	0.00736
7	0.07710	0.02478	0.01673	0.01460	0.01814	0.54060	0.01123	0.18776	0.01920	0.02094	0.01043	0.01161	0.00824	0.00640	0.00545	0.00163	0.00945	0.00419	0.00382	0.00770
8	0.01719	0.01243	0.01367	0.01196	0.01559	0.01383	0.00940	0.03148	0.60650	0.16017	0.02435	0.02208	0.01772	0.00803	0.00611	0.00201	0.00483	0.00666	0.00637	0.00965
9	0.02255	0.01058	0.01347	0.01066	0.01470	0.00996	0.00868	0.12727	0.05078	0.48861	0.15217	0.02408	0.02188	0.00831	0.00624	0.00187	0.00491	0.00686	0.00703	0.00939

[dist]
# distance from previous block
# <min> <max>
0	1

[block]
# block no. 3 follows, 38 sequences, length 11
# corresponding to MSA columns:
# 147-157
name=unknown_D
#
# <colnr> <probs for GDERKNQSTAVLIFYWHMCP>
#	G	D	E	R	K	N	Q	S	T	A	V	L	I	F	Y	W	H	M	C	P
0	0.00770	0.00563	0.00738	0.00842	0.00913	0.00511	0.00570	0.00887	0.01159	0.01567	0.03152	0.72843	0.03754	0.01780	0.00744	0.00233	0.00356	0.01612	0.00544	0.06463
1	0.01247	0.01069	0.01247	0.00891	0.01426	0.00802	0.00713	0.01515	0.01247	0.01960	0.01069	0.01247	0.00891	0.00446	0.00446	0.00089	0.00446	0.00356	0.00356	0.82536
2	0.00735	0.00575	0.00667	0.00719	0.00846	0.00507	0.00511	0.00883	0.01318	0.01675	0.12537	0.35241	0.38369	0.01638	0.00734	0.00218	0.00320	0.01429	0.00570	0.00507
3	0.02306	0.01475	0.01661	0.01269	0.01750	0.01542	0.01046	0.50308	0.02433	0.21177	0.01642	0.01576	0.01127	0.00706	0.00590	0.00175	0.00608	0.00542	0.00617	0.07449
4	0.28431	0.01483	0.01487	0.01177	0.01622	0.01650	0.00971	0.46542	0.02190	0.07018	0.01295	0.01323	0.00926	0.00670	0.00528	0.00183	0.00591	0.00475	0.00535	0.00903
5	0.00733	0.00524	0.00698	0.00838	0.00873	0.00489	0.00558	0.00838	0.01152	0.01536	0.03316	0.78466	0.03979	0.01885	0.00768	0.00244	0.00349	0.01710	0.00558	0.00489
6	0.01390	0.01257	0.01494	0.01274	0.01542	0.01473	0.01023	0.02305	0.36257	0.02063	0.01644	0.01751	0.01314	0.00821	0.01020	0.00201	0.25449	0.00568	0.00450	0.16704
7	0.28294	0.01422	0.01415	0.01152	0.01574	0.01595	0.00941	0.35280	0.14202	0.06266	0.01457	0.01454	0.01060	0.00686	0.00529	0.00187	0.00561	0.00498	0.00535	0.00891
8	0.02273	0.02097	0.01770	0.01442	0.01864	0.27864	0.01150	0.48454	0.02437	0.02983	0.01265	0.01319	0.00937	0.00687	0.00581	0.00172	0.00809	0.00488	0.00500	0.00910
9	0.01608	0.79220	0.03152	0.01029	0.01544	0.02380	0.01029	0.01801	0.01222	0.01415	0.00836	0.00965	0.00772	0.00515	0.00386	0.00129	0.00643	0.00322	0.00257	0.00772
10	0.00875	0.00583	0.00656	0.00656	0.00656	0.00583	0.00365	0.00875	0.00875	0.01166	0.01895	0.03937	0.02187	0.78858	0.03062	0.00583	0.00583	0.00875	0.00365	0.00365

[dist]
# distance from previous block
# <min> <max>
0	1

[block]
# block no. 4 follows, 38 sequences, length 12
# corresponding to MSA columns:
# 159-170
name=unknown_E
#
# <colnr> <probs for GDERKNQSTAVLIFYWHMCP>
#	G	D	E	R	K	N	Q	S	T	A	V	L	I	F	Y	W	H	M	C	P
0	0.07768	0.73321	0.02981	0.01011	0.01515	0.02302	0.01001	0.01799	0.01207	0.01512	0.00836	0.00966	0.00763	0.00518	0.00385	0.00133	0.00630	0.00322	0.00266	0.00763
1	0.01121	0.00561	0.00561	0.00561	0.00701	0.00561	0.00421	0.01402	0.01262	0.02243	0.01962	0.02243	0.01542	0.00701	0.00421	0.00140	0.00280	0.00561	0.82198	0.00561
2	0.83108	0.01163	0.00884	0.00791	0.01163	0.01350	0.00651	0.01768	0.01024	0.02699	0.00838	0.00977	0.00651	0.00558	0.00372	0.00186	0.00465	0.00326	0.00372	0.00651
3	0.26827	0.01839	0.01499	0.01248	0.01651	0.21417	0.00999	0.32749	0.01983	0.02847	0.01124	0.01207	0.00845	0.00645	0.00516	0.00175	0.00714	0.00435	0.00455	0.00824
4	0.01121	0.00561	0.00561	0.00561	0.00701	0.00561	0.00421	0.01402	0.01262	0.02243	0.01962	0.02243	0.01542	0.00701	0.00421	0.00140	0.00280	0.00561	0.82198	0.00561
5	0.00837	0.00567	0.00667	0.00704	0.00713	0.00558	0.00416	0.00865	0.00948	0.01264	0.02271	0.23632	0.02661	0.58517	0.02456	0.00494	0.00521	0.01096	0.00416	0.00397
6	0.01608	0.79220	0.03152	0.01029	0.01544	0.02380	0.01029	0.01801	0.01222	0.01415	0.00836	0.00965	0.00772	0.00515	0.00386	0.00129	0.00643	0.00322	0.00257	0.00772
7	0.01540	0.01216	0.01489	0.01173	0.01537	0.01262	0.00957	0.09511	0.07878	0.09188	0.01285	0.01453	0.01021	0.00698	0.00897	0.00165	0.20909	0.00474	0.00419	0.36926
8	0.01797	0.01451	0.01428	0.01218	0.01587	0.09064	0.00962	0.19483	0.35303	0.09685	0.02420	0.02279	0.08953	0.00839	0.00612	0.00192	0.00568	0.00670	0.00586	0.00905
9	0.19909	0.00920	0.00939	0.00836	0.01117	0.00946	0.00658	0.08648	0.07026	0.06601	0.20045	0.03468	0.24548	0.01056	0.00609	0.00193	0.00397	0.00856	0.00559	0.00670
10	0.34325	0.01215	0.01140	0.00973	0.01314	0.05548	0.00780	0.14336	0.04286	0.09570	0.18596	0.02042	0.02031	0.00776	0.00533	0.00185	0.00498	0.00586	0.00521	0.00745
11	0.04182	0.00973	0.08150	0.00941	0.01184	0.00793	0.00795	0.07957	0.01615	0.05284	0.38721	0.20573	0.04017	0.01223	0.00682	0.00201	0.00409	0.01068	0.00586	0.00645

[dist]
# distance from previous block
# <min> <max>
0	39

[block]
# block no. 5 follows, 38 sequences, length 11
# corresponding to MSA columns:
# 217-227
name=unknown_F
#
# <colnr> <probs for GDERKNQSTAVLIFYWHMCP>
#	G	D	E	R	K	N	Q	S	T	A	V	L	I	F	Y	W	H	M	C	P
0	0.18944	0.01692	0.04706	0.01244	0.01693	0.12381	0.01045	0.32498	0.02028	0.16034	0.01396	0.01397	0.00983	0.00671	0.00545	0.00179	0.00666	0.00482	0.00523	0.00894
1	0.32579	0.01504	0.06796	0.01108	0.01510	0.06890	0.00951	0.23238	0.01702	0.05662	0.04285	0.08551	0.01324	0.00771	0.00528	0.00188	0.00585	0.00575	0.00472	0.00781
2	0.16579	0.01554	0.01787	0.01419	0.01828	0.10088	0.12820	0.22983	0.05085	0.06038	0.01390	0.05941	0.01126	0.00723	0.00642	0.00187	0.04436	0.00582	0.00455	0.04335
3	0.09687	0.01786	0.01556	0.01304	0.01700	0.20786	0.01034	0.26026	0.17134	0.10655	0.01567	0.01542	0.01146	0.00703	0.00568	0.00180	0.00697	0.00518	0.00523	0.00890
4	0.31428	0.01653	0.01176	0.01051	0.01368	0.27236	0.00819	0.04886	0.01420	0.06611	0.01200	0.01337	0.00928	0.00625	0.00464	0.00166	0.00656	0.00417	0.15871	0.00688
5	0.09538	0.01591	0.01343	0.01189	0.01507	0.24310	0.00915	0.07890	0.08574	0.19400	0.01893	0.15831	0.01650	0.00906	0.00595	0.00189	0.00663	0.00719	0.00517	0.00782
6	0.21852	0.01448	0.01394	0.01174	0.01492	0.10953	0.00948	0.16865	0.04665	0.09153	0.06764	0.01698	0.03437	0.00781	0.00761	0.00192	0.12709	0.00535	0.00466	0.02712
7	0.17792	0.01909	0.01601	0.01316	0.01729	0.22226	0.01054	0.40010	0.02174	0.02945	0.01187	0.01256	0.00884	0.00663	0.00541	0.00175	0.00740	0.00458	0.00478	0.00862
8	0.00860	0.00640	0.00946	0.00946	0.01046	0.00741	0.00726	0.01061	0.00961	0.01381	0.01630	0.02468	0.01549	0.09453	0.71595	0.00941	0.01543	0.00660	0.00325	0.00526
9	0.01045	0.00522	0.00784	0.00784	0.00784	0.00522	0.00522	0.00784	0.00784	0.01045	0.01045	0.01829	0.01045	0.02090	0.02351	0.82497	0.00522	0.00522	0.00261	0.00261
10	0.02282	0.01818	0.01794	0.01403	0.01865	0.10256	0.01146	0.65146	0.02702	0.03530	0.01386	0.01404	0.00995	0.00711	0.00595	0.00178	0.00710	0.00524	0.00569	0.00986

[dist]
# distance from previous block
# <min> <max>
3	5

[block]
# block no. 6 follows, 38 sequences, length 25
# corresponding to MSA columns:
# 233-257
name=unknown_G
#
# <colnr> <probs for GDERKNQSTAVLIFYWHMCP>
#	G	D	E	R	K	N	Q	S	T	A	V	L	I	F	Y	W	H	M	C	P
0	0.02287	0.01685	0.01805	0.01384	0.01866	0.01866	0.01143	0.73100	0.02828	0.03791	0.01444	0.01444	0.01023	0.00722	0.00602	0.00181	0.00662	0.00542	0.00602	0.01023
1	0.01643	0.01333	0.01419	0.01239	0.01602	0.01522	0.00975	0.12260	0.62131	0.05356	0.02315	0.02133	0.01718	0.00801	0.00611	0.00200	0.00502	0.00659	0.00616	0.00964
2	0.00875	0.00583	0.00656	0.00656	0.00656	0.00583	0.00365	0.00875	0.00875	0.01166	0.01895	0.03937	0.02187	0.78858	0.03062	0.00583	0.00583	0.00875	0.00365	0.00365
3	0.01247	0.01069	0.01247	0.00891	0.01426	0.00802	0.00713	0.01515	0.01247	0.01960	0.01069	0.01247	0.00891	0.00446	0.00446	0.00089	0.00446	0.00356	0.00356	0.82536
4	0.83108	0.01163	0.00884	0.00791	0.01163	0.01350	0.00651	0.01768	0.01024	0.02699	0.00838	0.00977	0.00651	0.00558	0.00372	0.00186	0.00465	0.00326	0.00372	0.00651
5	0.00733	0.00524	0.00698	0.00838	0.00873	0.00489	0.00558	0.00838	0.01152	0.01536	0.03316	0.78466	0.03979	0.01885	0.00768	0.00244	0.00349	0.01710	0.00558	0.00489
6	0.01359	0.01136	0.01308	0.00944	0.01473	0.00916	0.00759	0.09224	0.01418	0.02157	0.01110	0.01269	0.00905	0.00475	0.00462	0.00099	0.00469	0.00376	0.00383	0.73757
7	0.01344	0.01066	0.01257	0.00903	0.01433	0.00807	0.00724	0.01609	0.01279	0.06838	0.01156	0.01300	0.00931	0.00465	0.00456	0.00096	0.00450	0.00373	0.00382	0.77131
8	0.00733	0.00524	0.00698	0.00838	0.00873	0.00489	0.00558	0.00838	0.01152	0.01536	0.03316	0.78466	0.03979	0.01885	0.00768	0.00244	0.00349	0.01710	0.00558	0.00489
9	0.01608	0.79220	0.03152	0.01029	0.01544	0.02380	0.01029	0.01801	0.01222	0.01415	0.00836	0.00965	0.00772	0.00515	0.00386	0.00129	0.00643	0.00322	0.00257	0.00772
10	0.00711	0.00609	0.00609	0.00609	0.00813	0.00508	0.00457	0.00863	0.01371	0.01625	0.06094	0.05789	0.74862	0.01524	0.00711	0.00203	0.00305	0.01270	0.00559	0.00508
11	0.01608	0.79220	0.03152	0.01029	0.01544	0.02380	0.01029	0.01801	0.01222	0.01415	0.00836	0.00965	0.00772	0.00515	0.00386	0.00129	0.00643	0.00322	0.00257	0.00772
12	0.01247	0.01069	0.01247	0.00891	0.01426	0.00802	0.00713	0.01515	0.01247	0.01960	0.01069	0.01247	0.00891	0.00446	0.00446	0.00089	0.00446	0.00356	0.00356	0.82536
13	0.00733	0.00524	0.00698	0.00838	0.00873	0.00489	0.00558	0.00838	0.01152	0.01536	0.03316	0.78466	0.03979	0.01885	0.00768	0.00244	0.00349	0.01710	0.00558	0.00489
14	0.01247	0.01069	0.01247	0.00891	0.01426	0.00802	0.00713	0.01515	0.01247	0.01960	0.01069	0.01247	0.00891	0.00446	0.00446	0.00089	0.00446	0.00356	0.00356	0.82536
15	0.02287	0.01685	0.01805	0.01384	0.01866	0.01866	0.01143	0.73100	0.02828	0.03791	0.01444	0.01444	0.01023	0.00722	0.00602	0.00181	0.00662	0.00542	0.00602	0.01023
16	0.00733	0.00524	0.00698	0.00838	0.00873	0.00489	0.00558	0.00838	0.01152	0.01536	0.03316	0.78466	0.03979	0.01885	0.00768	0.00244	0.00349	0.01710	0.00558	0.00489
17	0.00875	0.00583	0.00656	0.00656	0.00656	0.00583	0.00365	0.00875	0.00875	0.01166	0.01895	0.03937	0.02187	0.78858	0.03062	0.00583	0.00583	0.00875	0.00365	0.00365
18	0.01247	0.01069	0.01247	0.00891	0.01426	0.00802	0.00713	0.01515	0.01247	0.01960	0.01069	0.01247	0.00891	0.00446	0.00446	0.00089	0.00446	0.00356	0.00356	0.82536
19	0.00875	0.00583	0.00656	0.00656	0.00656	0.00583	0.00365	0.00875	0.00875	0.01166	0.01895	0.03937	0.02187	0.78858	0.03062	0.00583	0.00583	0.00875	0.00365	0.00365
20	0.02287	0.01685	0.01805	0.01384	0.01866	0.01866	0.01143	0.73100	0.02828	0.03791	0.01444	0.01444	0.01023	0.00722	0.00602	0.00181	0.00662	0.00542	0.00602	0.01023
21	0.01247	0.01069	0.01247	0.00891	0.01426	0.00802	0.00713	0.01515	0.01247	0.01960	0.01069	0.01247	0.00891	0.00446	0.00446	0.00089	0.00446	0.00356	0.00356	0.82536
22	0.01121	0.00561	0.00561	0.00561	0.00701	0.00561	0.00421	0.01402	0.01262	0.02243	0.01962	0.02243	0.01542	0.00701	0.00421	0.00140	0.00280	0.00561	0.82198	0.00561
23	0.79619	0.01186	0.00924	0.00817	0.01194	0.01372	0.00673	0.04848	0.01102	0.02746	0.00864	0.00997	0.00668	0.00565	0.00382	0.00186	0.00474	0.00335	0.00382	0.00668
24	0.02570	0.01053	0.01392	0.01087	0.01539	0.00950	0.00891	0.02960	0.09508	0.67660	0.02381	0.02069	0.01527	0.00752	0.00606	0.00188	0.00508	0.00613	0.00730	0.01016

[dist]
# distance from previous block
# <min> <max>
9	54

[block]
# block no. 7 follows, 38 sequences, length 9
# corresponding to MSA columns:
# 314-322
name=unknown_H
#
# <colnr> <probs for GDERKNQSTAVLIFYWHMCP>
#	G	D	E	R	K	N	Q	S	T	A	V	L	I	F	Y	W	H	M	C	P
0	0.01547	0.01563	0.03335	0.02390	0.02984	0.01458	0.65754	0.02027	0.01450	0.09249	0.01332	0.01665	0.00970	0.00531	0.00699	0.00201	0.00964	0.00699	0.00348	0.00832
1	0.02586	0.01027	0.01385	0.01056	0.01527	0.00878	0.00871	0.02822	0.01685	0.69816	0.02272	0.01985	0.01443	0.00721	0.00593	0.00179	0.00507	0.00586	0.00714	0.07346
2	0.02287	0.01685	0.01805	0.01384	0.01866	0.01866	0.01143	0.73100	0.02828	0.03791	0.01444	0.01444	0.01023	0.00722	0.00602	0.00181	0.00662	0.00542	0.00602	0.01023
3	0.00733	0.00524	0.00698	0.00838	0.00873	0.00489	0.00558	0.00838	0.01152	0.01536	0.03316	0.78466	0.03979	0.01885	0.00768	0.00244	0.00349	0.01710	0.00558	0.00489
4	0.02287	0.01685	0.01805	0.01384	0.01866	0.01866	0.01143	0.73100	0.02828	0.03791	0.01444	0.01444	0.01023	0.00722	0.00602	0.00181	0.00662	0.00542	0.00602	0.01023
5	0.00859	0.00645	0.00967	0.00967	0.01074	0.00752	0.00752	0.01074	0.00967	0.01396	0.01611	0.02363	0.01504	0.04512	0.76474	0.00967	0.01611	0.00645	0.00322	0.00537
6	0.01496	0.01292	0.01360	0.01224	0.01564	0.01496	0.00952	0.03197	0.74019	0.02516	0.02448	0.02244	0.01836	0.00816	0.00612	0.00204	0.00476	0.00680	0.00612	0.00952
7	0.00851	0.00615	0.00804	0.00757	0.00899	0.00568	0.00568	0.01135	0.01703	0.02412	0.74788	0.04494	0.05676	0.01230	0.00710	0.00189	0.00284	0.01088	0.00662	0.00568
8	0.01316	0.01316	0.01843	0.01579	0.01579	0.01843	0.01316	0.01448	0.00921	0.01448	0.00790	0.01316	0.00790	0.01053	0.01974	0.00263	0.77757	0.00526	0.00263	0.00658

[dist]
# distance from previous block
# <min> <max>
0	1

[block]
# block no. 8 follows, 38 sequences, length 10
# corresponding to MSA columns:
# 324-333
name=unknown_I
#
# <colnr> <probs for GDERKNQSTAVLIFYWHMCP>
#	G	D	E	R	K	N	Q	S	T	A	V	L	I	F	Y	W	H	M	C	P
0	0.01294	0.01236	0.01649	0.01356	0.01529	0.01505	0.01120	0.01470	0.01027	0.01614	0.00880	0.01294	0.00823	0.00856	0.01478	0.00207	0.52650	0.00471	0.00293	0.27248
1	0.01420	0.01623	0.03550	0.02535	0.03144	0.01521	0.72921	0.01927	0.01420	0.01927	0.01217	0.01623	0.00913	0.00507	0.00710	0.00203	0.01014	0.00710	0.00304	0.00811
2	0.00969	0.00692	0.00969	0.01108	0.01246	0.00692	0.00969	0.01246	0.01385	0.01800	0.03185	0.06786	0.03462	0.01662	0.00831	0.00277	0.00554	0.71057	0.00554	0.00554
3	0.00733	0.00524	0.00698	0.00838	0.00873	0.00489	0.00558	0.00838	0.01152	0.01536	0.03316	0.78466	0.03979	0.01885	0.00768	0.00244	0.00349	0.01710	0.00558	0.00489
4	0.00742	0.00582	0.00671	0.00709	0.00847	0.00512	0.00509	0.00901	0.01356	0.01730	0.16888	0.29171	0.40062	0.01591	0.00729	0.00214	0.00316	0.01382	0.00576	0.00512
5	0.02287	0.01685	0.01805	0.01384	0.01866	0.01866	0.01143	0.73100	0.02828	0.03791	0.01444	0.01444	0.01023	0.00722	0.00602	0.00181	0.00662	0.00542	0.00602	0.01023
6	0.01247	0.01069	0.01247	0.00891	0.01426	0.00802	0.00713	0.01515	0.01247	0.01960	0.01069	0.01247	0.00891	0.00446	0.00446	0.00089	0.00446	0.00356	0.00356	0.82536
7	0.11699	0.01890	0.01472	0.01257	0.01627	0.32366	0.00981	0.12410	0.05798	0.12375	0.05962	0.01548	0.01272	0.00682	0.00547	0.00167	0.00744	0.00491	0.00462	0.06249
8	0.47618	0.01288	0.01205	0.00995	0.01395	0.01438	0.00818	0.24335	0.01678	0.07885	0.05272	0.01393	0.01106	0.00660	0.00479	0.00185	0.00520	0.00455	0.00486	0.00789
9	0.15354	0.01483	0.01912	0.01554	0.01792	0.06347	0.11446	0.11801	0.01330	0.02062	0.00961	0.01307	0.00816	0.00817	0.01238	0.00223	0.37973	0.00512	0.00339	0.00733

[dist]
# distance from previous block
# <min> <max>
17	69

[block]
# block no. 9 follows, 38 sequences, length 8
# corresponding to MSA columns:
# 410-417
name=unknown_J
#
# <colnr> <probs for GDERKNQSTAVLIFYWHMCP>
#	G	D	E	R	K	N	Q	S	T	A	V	L	I	F	Y	W	H	M	C	P
0	0.14751	0.01332	0.01889	0.01430	0.01914	0.01326	0.18137	0.14896	0.07402	0.21784	0.01587	0.01619	0.01114	0.00635	0.00580	0.00182	0.00643	0.00560	0.00512	0.07705
1	0.08716	0.01318	0.01449	0.01160	0.01596	0.04025	0.00940	0.19912	0.15772	0.30527	0.01898	0.01763	0.01309	0.00713	0.00574	0.00181	0.00554	0.00557	0.00613	0.06424
2	0.01384	0.01098	0.00827	0.00791	0.00971	0.18232	0.00593	0.01635	0.01365	0.02063	0.01722	0.01973	0.01363	0.00682	0.00449	0.00144	0.00468	0.00520	0.63128	0.00593
3	0.00862	0.00636	0.00922	0.00922	0.01014	0.00728	0.00696	0.01046	0.00954	0.01364	0.01652	0.02589	0.01602	0.15159	0.65961	0.00912	0.01464	0.00678	0.00328	0.00512
4	0.00859	0.00645	0.00967	0.00967	0.01074	0.00752	0.00752	0.01074	0.00967	0.01396	0.01611	0.02363	0.01504	0.04512	0.76474	0.00967	0.01611	0.00645	0.00322	0.00537
5	0.01403	0.40239	0.40331	0.01380	0.02087	0.01877	0.01641	0.01854	0.01247	0.01666	0.00961	0.01121	0.00767	0.00544	0.00481	0.00160	0.00769	0.00385	0.00256	0.00832
6	0.01771	0.01262	0.01428	0.01119	0.01580	0.01241	0.00901	0.18603	0.20840	0.13636	0.01715	0.01676	0.01261	0.00652	0.00549	0.00155	0.00513	0.00522	0.00539	0.30037
7	0.10788	0.01363	0.01573	0.01230	0.01675	0.01421	0.04777	0.35971	0.04550	0.13228	0.01846	0.01950	0.05731	0.00756	0.00584	0.00180	0.00587	0.02976	0.00555	0.08260

[dist]
# distance from previous block
# <min> <max>
5	34

[block]
# block no. 10 follows, 38 sequences, length 18
# corresponding to MSA columns:
# 453-466,469-472
name=unknown_K
#
# <colnr> <probs for GDERKNQSTAVLIFYWHMCP>
#	G	D	E	R	K	N	Q	S	T	A	V	L	I	F	Y	W	H	M	C	P
0	0.01827	0.01097	0.01324	0.01023	0.01493	0.00970	0.00823	0.02367	0.15869	0.28959	0.01820	0.01738	0.01297	0.00628	0.00537	0.00147	0.00476	0.00512	0.00549	0.36544
1	0.01969	0.01047	0.01321	0.00980	0.01480	0.00843	0.00798	0.02219	0.01483	0.38513	0.01717	0.01645	0.01188	0.00594	0.00525	0.00137	0.00478	0.00480	0.00549	0.42032
2	0.00916	0.00667	0.00901	0.01023	0.01159	0.00651	0.00869	0.01162	0.01362	0.01755	0.03550	0.13290	0.12157	0.01666	0.00811	0.00265	0.00505	0.56195	0.00555	0.00542
3	0.00859	0.00645	0.00967	0.00967	0.01074	0.00752	0.00752	0.01074	0.00967	0.01396	0.01611	0.02363	0.01504	0.04512	0.76474	0.00967	0.01611	0.00645	0.00322	0.00537
4	0.01247	0.01069	0.01247	0.00891	0.01426	0.00802	0.00713	0.01515	0.01247	0.01960	0.01069	0.01247	0.00891	0.00446	0.00446	0.00089	0.00446	0.00356	0.00356	0.82536
5	0.02287	0.01685	0.01805	0.01384	0.01866	0.01866	0.01143	0.73100	0.02828	0.03791	0.01444	0.01444	0.01023	0.00722	0.00602	0.00181	0.00662	0.00542	0.00602	0.01023
6	0.00969	0.00692	0.00969	0.01108	0.01246	0.00692	0.00969	0.01246	0.01385	0.01800	0.03185	0.06786	0.03462	0.01662	0.00831	0.00277	0.00554	0.71057	0.00554	0.00554
7	0.02287	0.01685	0.01805	0.01384	0.01866	0.01866	0.01143	0.73100	0.02828	0.03791	0.01444	0.01444	0.01023	0.00722	0.00602	0.00181	0.00662	0.00542	0.00602	0.01023
8	0.00851	0.00615	0.00804	0.00757	0.00899	0.00568	0.00568	0.01135	0.01703	0.02412	0.74788	0.04494	0.05676	0.01230	0.00710	0.00189	0.00284	0.01088	0.00662	0.00568
9	0.02247	0.02867	0.01705	0.01550	0.01860	0.76443	0.01162	0.02402	0.01705	0.01472	0.00930	0.01085	0.00775	0.00620	0.00542	0.00155	0.01085	0.00387	0.00310	0.00697
10	0.00851	0.00615	0.00804	0.00757	0.00899	0.00568	0.00568	0.01135	0.01703	0.02412	0.74788	0.04494	0.05676	0.01230	0.00710	0.00189	0.00284	0.01088	0.00662	0.00568
11	0.02287	0.01685	0.01805	0.01384	0.01866	0.01866	0.01143	0.73100	0.02828	0.03791	0.01444	0.01444	0.01023	0.00722	0.00602	0.00181	0.00662	0.00542	0.00602	0.01023
12	0.00969	0.00692	0.00969	0.01108	0.01246	0.00692	0.00969	0.01246	0.01385	0.01800	0.03185	0.06786	0.03462	0.01662	0.00831	0.00277	0.00554	0.71057	0.00554	0.00554
13	0.02247	0.02867	0.01705	0.01550	0.01860	0.76443	0.01162	0.02402	0.01705	0.01472	0.00930	0.01085	0.00775	0.00620	0.00542	0.00155	0.01085	0.00387	0.00310	0.00697
14	0.00969	0.00692	0.00969	0.01108	0.01246	0.00692	0.00969	0.01246	0.01385	0.01800	0.03185	0.06786	0.03462	0.01662	0.00831	0.00277	0.00554	0.71057	0.00554	0.00554
15	0.01496	0.01292	0.01360	0.01224	0.01564	0.01496	0.00952	0.03197	0.74019	0.02516	0.02448	0.02244	0.01836	0.00816	0.00612	0.00204	0.00476	0.00680	0.00612	0.00952
16	0.00969	0.00692	0.00969	0.01108	0.01246	0.00692	0.00969	0.01246	0.01385	0.01800	0.03185	0.06786	0.03462	0.01662	0.00831	0.00277	0.00554	0.71057	0.00554	0.00554
17	0.01316	0.01316	0.01843	0.01579	0.01579	0.01843	0.01316	0.01448	0.00921	0.01448	0.00790	0.01316	0.00790	0.01053	0.01974	0.00263	0.77757	0.00526	0.00263	0.00658

[dist]
# distance from previous block
# <min> <max>
5	10

[block]
# block no. 11 follows, 38 sequences, length 8
# corresponding to MSA columns:
# 484-491
name=unknown_L
#
# <colnr> <probs for GDERKNQSTAVLIFYWHMCP>
#	G	D	E	R	K	N	Q	S	T	A	V	L	I	F	Y	W	H	M	C	P
0	0.44918	0.01229	0.01188	0.00988	0.01395	0.01346	0.00810	0.13581	0.08562	0.18532	0.01422	0.01406	0.01007	0.00650	0.00482	0.00187	0.00508	0.00455	0.00513	0.00820
1	0.24481	0.01275	0.01310	0.01082	0.01495	0.01377	0.00874	0.16423	0.22637	0.12837	0.01658	0.01610	0.01207	0.00680	0.00526	0.00181	0.00512	0.00513	0.00537	0.08784
2	0.00866	0.00623	0.00829	0.00833	0.00966	0.00586	0.00647	0.01134	0.01596	0.02221	0.54821	0.10817	0.05099	0.01368	0.00738	0.00211	0.00343	0.15112	0.00632	0.00559
3	0.01247	0.01069	0.01247	0.00891	0.01426	0.00802	0.00713	0.01515	0.01247	0.01960	0.01069	0.01247	0.00891	0.00446	0.00446	0.00089	0.00446	0.00356	0.00356	0.82536
4	0.00969	0.00692	0.00969	0.01108	0.01246	0.00692	0.00969	0.01246	0.01385	0.01800	0.03185	0.06786	0.03462	0.01662	0.00831	0.00277	0.00554	0.71057	0.00554	0.00554
5	0.01401	0.01561	0.03293	0.02352	0.02952	0.01441	0.64859	0.01881	0.01401	0.01931	0.01201	0.01581	0.00910	0.00500	0.00680	0.00190	0.00951	0.00670	0.00310	0.09936
6	0.01121	0.00561	0.00561	0.00561	0.00701	0.00561	0.00421	0.01402	0.01262	0.02243	0.01962	0.02243	0.01542	0.00701	0.00421	0.00140	0.00280	0.00561	0.82198	0.00561
7	0.02287	0.01685	0.01805	0.01384	0.01866	0.01866	0.01143	0.73100	0.02828	0.03791	0.01444	0.01444	0.01023	0.00722	0.00602	0.00181	0.00662	0.00542	0.00602	0.01023

[dist]
# distance from previous block
# <min> <max>
0	2

[block]
# block no. 12 follows, 38 sequences, length 7
# corresponding to MSA columns:
# 494-500
name=unknown_M
#
# <colnr> <probs for GDERKNQSTAVLIFYWHMCP>
#	G	D	E	R	K	N	Q	S	T	A	V	L	I	F	Y	W	H	M	C	P
0	0.01694	0.02035	0.02938	0.02209	0.02718	0.26362	0.49129	0.02085	0.01514	0.01776	0.01122	0.01444	0.00867	0.00545	0.00654	0.00187	0.01038	0.00603	0.00306	0.00774
1	0.01045	0.00522	0.00784	0.00784	0.00784	0.00522	0.00522	0.00784	0.00784	0.01045	0.01045	0.01829	0.01045	0.02090	0.02351	0.82497	0.00522	0.00522	0.00261	0.00261
2	0.31456	0.01324	0.01209	0.01076	0.01434	0.05891	0.00851	0.02611	0.38738	0.06823	0.01764	0.01700	0.01319	0.00706	0.00520	0.00194	0.00511	0.00529	0.00514	0.00831
3	0.01463	0.01083	0.01277	0.00945	0.01453	0.00875	0.00757	0.01854	0.07831	0.11790	0.01366	0.01443	0.01055	0.00518	0.00482	0.00112	0.00457	0.00418	0.00431	0.64388
4	0.01489	0.01273	0.02019	0.01492	0.01990	0.01168	0.23007	0.01974	0.09194	0.09993	0.01390	0.01562	0.01059	0.00572	0.00651	0.00157	0.05117	0.00537	0.00405	0.34951
5	0.07271	0.02293	0.01624	0.01421	0.01775	0.45757	0.01096	0.16887	0.12241	0.02172	0.01246	0.01317	0.00970	0.00665	0.00554	0.00169	0.00872	0.00457	0.00417	0.00797
6	0.02135	0.01712	0.01550	0.01281	0.01691	0.21041	0.01014	0.18600	0.15673	0.19722	0.01688	0.01628	0.01211	0.00695	0.00576	0.00172	0.00684	0.00527	0.00540	0.07861

[dist]
# distance from previous block
# <min> <max>
1	8

[block]
# block no. 13 follows, 38 sequences, length 17
# corresponding to MSA columns:
# 509-517,519-526
name=unknown_N
#
# <colnr> <probs for GDERKNQSTAVLIFYWHMCP>
#	G	D	E	R	K	N	Q	S	T	A	V	L	I	F	Y	W	H	M	C	P
0	0.02398	0.01438	0.01644	0.01268	0.01738	0.01508	0.01045	0.45749	0.05367	0.28763	0.01810	0.01688	0.01219	0.00734	0.00603	0.00183	0.00602	0.00569	0.00652	0.01020
1	0.02462	0.01336	0.01581	0.01219	0.01687	0.01356	0.01005	0.34872	0.05193	0.39885	0.01954	0.01781	0.01291	0.00737	0.00604	0.00184	0.00579	0.00579	0.00674	0.01021
2	0.00851	0.00615	0.00804	0.00757	0.00899	0.00568	0.00568	0.01135	0.01703	0.02412	0.74788	0.04494	0.05676	0.01230	0.00710	0.00189	0.00284	0.01088	0.00662	0.00568
3	0.02247	0.02867	0.01705	0.01550	0.01860	0.76443	0.01162	0.02402	0.01705	0.01472	0.00930	0.01085	0.00775	0.00620	0.00542	0.00155	0.01085	0.00387	0.00310	0.00697
4	0.00851	0.00615	0.00804	0.00757	0.00899	0.00568	0.00568	0.01135	0.01703	0.02412	0.74788	0.04494	0.05676	0.01230	0.00710	0.00189	0.00284	0.01088	0.00662	0.00568
5	0.00733	0.00524	0.00698	0.00838	0.00873	0.00489	0.00558	0.00838	0.01152	0.01536	0.03316	0.78466	0.03979	0.01885	0.00768	0.00244	0.00349	0.01710	0.00558	0.00489
6	0.00859	0.00645	0.00967	0.00967	0.01074	0.00752	0.00752	0.01074	0.00967	0.01396	0.01611	0.02363	0.01504	0.04512	0.76474	0.00967	0.01611	0.00645	0.00322	0.00537
7	0.01247	0.01069	0.01247	0.00891	0.01426	0.00802	0.00713	0.01515	0.01247	0.01960	0.01069	0.01247	0.00891	0.00446	0.00446	0.00089	0.00446	0.00356	0.00356	0.82536
8	0.01247	0.01069	0.01247	0.00891	0.01426	0.00802	0.00713	0.01515	0.01247	0.01960	0.01069	0.01247	0.00891	0.00446	0.00446	0.00089	0.00446	0.00356	0.00356	0.82536
9	0.00754	0.00539	0.00719	0.00843	0.00891	0.00505	0.00578	0.00882	0.01211	0.01625	0.09598	0.68771	0.04105	0.01817	0.00766	0.00241	0.00352	0.04738	0.00567	0.00498
10	0.00733	0.00524	0.00698	0.00838	0.00873	0.00489	0.00558	0.00838	0.01152	0.01536	0.03316	0.78466	0.03979	0.01885	0.00768	0.00244	0.00349	0.01710	0.00558	0.00489
11	0.02287	0.01685	0.01805	0.01384	0.01866	0.01866	0.01143	0.73100	0.02828	0.03791	0.01444	0.01444	0.01023	0.00722	0.00602	0.00181	0.00662	0.00542	0.00602	0.01023
12	0.01247	0.01069	0.01247	0.00891	0.01426	0.00802	0.00713	0.01515	0.01247	0.01960	0.01069	0.01247	0.00891	0.00446	0.00446	0.00089	0.00446	0.00356	0.00356	0.82536
13	0.16818	0.01161	0.01208	0.01046	0.01366	0.01287	0.00828	0.16633	0.25774	0.02782	0.21936	0.02465	0.02509	0.00863	0.00592	0.00192	0.00459	0.00698	0.00579	0.00804
14	0.01297	0.01248	0.01678	0.01389	0.01537	0.01555	0.01149	0.01466	0.01011	0.01589	0.00867	0.01297	0.00818	0.00885	0.01552	0.00215	0.56387	0.00479	0.00289	0.23290
15	0.00859	0.00645	0.00967	0.00967	0.01074	0.00752	0.00752	0.01074	0.00967	0.01396	0.01611	0.02363	0.01504	0.04512	0.76474	0.00967	0.01611	0.00645	0.00322	0.00537
16	0.01251	0.01083	0.01280	0.00928	0.01434	0.00858	0.00745	0.01511	0.01230	0.01933	0.01054	0.01251	0.00886	0.00478	0.00528	0.00099	0.04623	0.00366	0.00351	0.78112

[dist]
# distance from previous block
# <min> <max>
0	4

[block]
# block no. 14 follows, 38 sequences, length 17
# corresponding to MSA columns:
# 531-547
name=unknown_O
#
# <colnr> <probs for GDERKNQSTAVLIFYWHMCP>
#	G	D	E	R	K	N	Q	S	T	A	V	L	I	F	Y	W	H	M	C	P
0	0.24542	0.01347	0.01433	0.01129	0.01576	0.01435	0.00932	0.32893	0.02008	0.24624	0.01552	0.01494	0.01059	0.00684	0.00540	0.00184	0.00564	0.00501	0.00581	0.00922
1	0.02463	0.01077	0.01389	0.01101	0.01541	0.01004	0.00898	0.02984	0.15933	0.61172	0.02388	0.02086	0.01557	0.00759	0.00606	0.00190	0.00505	0.00620	0.00719	0.01010
2	0.01496	0.01292	0.01360	0.01224	0.01564	0.01496	0.00952	0.03197	0.74019	0.02516	0.02448	0.02244	0.01836	0.00816	0.00612	0.00204	0.00476	0.00680	0.00612	0.00952
3	0.00859	0.00645	0.00967	0.00967	0.01074	0.00752	0.00752	0.01074	0.00967	0.01396	0.01611	0.02363	0.01504	0.04512	0.76474	0.00967	0.01611	0.00645	0.00322	0.00537
4	0.02287	0.01685	0.01805	0.01384	0.01866	0.01866	0.01143	0.73100	0.02828	0.03791	0.01444	0.01444	0.01023	0.00722	0.00602	0.00181	0.00662	0.00542	0.00602	0.01023
5	0.00875	0.00583	0.00656	0.00656	0.00656	0.00583	0.00365	0.00875	0.00875	0.01166	0.01895	0.03937	0.02187	0.78858	0.03062	0.00583	0.00583	0.00875	0.00365	0.00365
6	0.01496	0.01292	0.01360	0.01224	0.01564	0.01496	0.00952	0.03197	0.74019	0.02516	0.02448	0.02244	0.01836	0.00816	0.00612	0.00204	0.00476	0.00680	0.00612	0.00952
7	0.02699	0.01024	0.01396	0.01070	0.01536	0.00884	0.00884	0.02932	0.01722	0.75522	0.02373	0.02048	0.01489	0.00745	0.00605	0.00186	0.00512	0.00605	0.00745	0.01024
8	0.01608	0.79220	0.03152	0.01029	0.01544	0.02380	0.01029	0.01801	0.01222	0.01415	0.00836	0.00965	0.00772	0.00515	0.00386	0.00129	0.00643	0.00322	0.00257	0.00772
9	0.00875	0.00583	0.00656	0.00656	0.00656	0.00583	0.00365	0.00875	0.00875	0.01166	0.01895	0.03937	0.02187	0.78858	0.03062	0.00583	0.00583	0.00875	0.00365	0.00365
10	0.01136	0.01069	0.01804	0.77412	0.04143	0.01337	0.01671	0.01537	0.01203	0.01537	0.01069	0.01604	0.00802	0.00601	0.00601	0.00200	0.00802	0.00535	0.00267	0.00668
11	0.02114	0.01111	0.01375	0.01059	0.01528	0.00999	0.00861	0.06783	0.10943	0.41277	0.01963	0.01813	0.01339	0.00669	0.00561	0.00161	0.00498	0.00541	0.00610	0.23796
12	0.01300	0.01238	0.01948	0.01391	0.01948	0.01021	0.22679	0.01640	0.01300	0.01950	0.01114	0.01362	0.00898	0.00464	0.00526	0.00124	0.00619	0.00464	0.00341	0.57675
13	0.08778	0.01382	0.01420	0.01143	0.01567	0.07500	0.00918	0.20016	0.13329	0.17754	0.05444	0.01752	0.01416	0.00700	0.00559	0.00169	0.00564	0.00543	0.00552	0.14491
14	0.01213	0.01078	0.01758	0.01362	0.01779	0.00931	0.20887	0.01512	0.01302	0.04254	0.01792	0.18152	0.01769	0.00871	0.00623	0.00171	0.00595	0.06215	0.00413	0.33326
15	0.01585	0.01345	0.02002	0.01540	0.02004	0.01346	0.21711	0.09642	0.25664	0.08106	0.01784	0.04269	0.01372	0.00685	0.00616	0.00182	0.00644	0.00649	0.00489	0.14366
16	0.18043	0.01319	0.01791	0.01350	0.01840	0.01298	0.16079	0.14983	0.04492	0.14064	0.01383	0.01475	0.01004	0.00593	0.00547	0.00169	0.00621	0.00511	0.00465	0.17975

[dist]
# distance from previous block
# <min> <max>
25	125

[block]
# block no. 15 follows, 38 sequences, length 8
# corresponding to MSA columns:
# 690-697
name=unknown_P
#
# <colnr> <probs for GDERKNQSTAVLIFYWHMCP>
#	G	D	E	R	K	N	Q	S	T	A	V	L	I	F	Y	W	H	M	C	P
0	0.11855	0.01044	0.01153	0.01058	0.01315	0.02814	0.00842	0.14781	0.05946	0.04945	0.06047	0.20410	0.02371	0.01159	0.00703	0.00211	0.03750	0.12908	0.00526	0.06163
1	0.13367	0.01551	0.01390	0.01173	0.01559	0.17637	0.00927	0.09520	0.16260	0.19201	0.04725	0.01715	0.01375	0.00703	0.00553	0.00176	0.00624	0.00531	0.00527	0.06487
2	0.01641	0.04630	0.02471	0.01760	0.02286	0.06478	0.34781	0.05763	0.01524	0.11629	0.04291	0.01648	0.01167	0.00575	0.00614	0.00170	0.00779	0.00595	0.00401	0.16797
3	0.28841	0.27542	0.01897	0.01024	0.01479	0.01731	0.00906	0.15651	0.01535	0.12689	0.01169	0.01213	0.00881	0.00601	0.00454	0.00166	0.00570	0.00405	0.00430	0.00816
4	0.00919	0.00612	0.00808	0.00808	0.00898	0.00672	0.00592	0.01097	0.01008	0.01523	0.01752	0.02703	0.01671	0.20984	0.43271	0.00702	0.01090	0.00680	0.17706	0.00502
5	0.02029	0.01356	0.01511	0.01240	0.01654	0.01472	0.00998	0.25511	0.34426	0.19894	0.02110	0.01943	0.01495	0.00769	0.00607	0.00192	0.00544	0.00618	0.00640	0.00992
6	0.01410	0.01128	0.01293	0.00997	0.01443	0.01001	0.00789	0.18050	0.01600	0.02321	0.01502	0.13160	0.01396	0.00731	0.00531	0.00134	0.00481	0.00608	0.00444	0.50980
7	0.01286	0.01104	0.01265	0.00942	0.01447	0.00909	0.00750	0.01773	0.12431	0.02046	0.01281	0.01401	0.01036	0.00502	0.00471	0.00107	0.00450	0.00406	0.00396	0.69998

[dist]
# distance from previous block
# <min> <max>
12	88

[block]
# block no. 16 follows, 38 sequences, length 137
# corresponding to MSA columns:
# 789-849,851-860,863-921,938-944
name=unknown_Q
#
# <colnr> <probs for GDERKNQSTAVLIFYWHMCP>
#	G	D	E	R	K	N	Q	S	T	A	V	L	I	F	Y	W	H	M	C	P
0	0.11748	0.07629	0.16646	0.01292	0.01836	0.01563	0.01245	0.32020	0.01954	0.12142	0.01406	0.01529	0.01027	0.00677	0.00554	0.00180	0.00655	0.02339	0.00488	0.03069
1	0.01906	0.01859	0.22382	0.01497	0.02107	0.01364	0.09995	0.21518	0.01825	0.21011	0.01521	0.01555	0.01045	0.00639	0.00595	0.00180	0.00713	0.00537	0.00487	0.07265
2	0.71271	0.01204	0.00964	0.00842	0.01225	0.03711	0.00689	0.01876	0.01110	0.08612	0.00974	0.01077	0.00732	0.00572	0.00399	0.00182	0.00488	0.00352	0.00400	0.03319
3	0.60685	0.01308	0.01140	0.00956	0.01358	0.01493	0.00788	0.21559	0.01524	0.03002	0.01006	0.01107	0.00755	0.00604	0.00436	0.00185	0.00520	0.00386	0.00436	0.00755
4	0.01508	0.60190	0.21303	0.01201	0.01809	0.02134	0.01328	0.01827	0.01234	0.01538	0.00897	0.01041	0.00770	0.00529	0.00432	0.00144	0.00705	0.00352	0.00257	0.00801
5	0.01671	0.01524	0.01386	0.01282	0.01559	0.19922	0.01039	0.23351	0.01886	0.02304	0.02103	0.09192	0.02090	0.01133	0.00685	0.00215	0.00704	0.26721	0.00508	0.00727
6	0.01489	0.01429	0.02442	0.03692	0.75106	0.01429	0.01846	0.01846	0.01370	0.01965	0.01132	0.01489	0.00953	0.00536	0.00596	0.00179	0.00715	0.00536	0.00298	0.00953
7	0.01247	0.01069	0.01247	0.00891	0.01426	0.00802	0.00713	0.01515	0.01247	0.01960	0.01069	0.01247	0.00891	0.00446	0.00446	0.00089	0.00446	0.00356	0.00356	0.82536
8	0.02247	0.02867	0.01705	0.01550	0.01860	0.76443	0.01162	0.02402	0.01705	0.01472	0.00930	0.01085	0.00775	0.00620	0.00542	0.00155	0.01085	0.00387	0.00310	0.00697
9	0.00733	0.00524	0.00698	0.00838	0.00873	0.00489	0.00558	0.00838	0.01152	0.01536	0.03316	0.78466	0.03979	0.01885	0.00768	0.00244	0.00349	0.01710	0.00558	0.00489
10	0.01121	0.00561	0.00561	0.00561	0.00701	0.00561	0.00421	0.01402	0.01262	0.02243	0.01962	0.02243	0.01542	0.00701	0.00421	0.00140	0.00280	0.00561	0.82198	0.00561
11	0.01136	0.01069	0.01804	0.77412	0.04143	0.01337	0.01671	0.01537	0.01203	0.01537	0.01069	0.01604	0.00802	0.00601	0.00601	0.00200	0.00802	0.00535	0.00267	0.00668
12	0.00733	0.00524	0.00698	0.00838	0.00873	0.00489	0.00558	0.00838	0.01152	0.01536	0.03316	0.78466	0.03979	0.01885	0.00768	0.00244	0.00349	0.01710	0.00558	0.00489
