[name]
unknown

[dist]
# distance from previous block
# <min> <max>
8	64

[block]
# block no. 0 follows, 49 sequences, length 49
# corresponding to MSA columns:
# 81-129
name=unknown_A
#
# <colnr> <probs for GDERKNQSTAVLIFYWHMCP>
#	G	D	E	R	K	N	Q	S	T	A	V	L	I	F	Y	W	H	M	C	P
0	0.01329	0.00916	0.01274	0.13708	0.10668	0.02317	0.03386	0.06820	0.08691	0.18942	0.07924	0.11134	0.03206	0.00845	0.03373	0.00185	0.00512	0.00641	0.00430	0.03696
1	0.01006	0.01178	0.11831	0.10714	0.08494	0.04560	0.19396	0.02535	0.01102	0.01503	0.01517	0.23446	0.01504	0.02630	0.00597	0.00178	0.00592	0.00748	0.05880	0.00589
2	0.07942	0.04240	0.01729	0.14165	0.03581	0.06589	0.18275	0.09870	0.01197	0.01682	0.03641	0.01357	0.00906	0.03305	0.02936	0.00189	0.11216	0.00471	0.00293	0.06417
3	0.08830	0.03135	0.04780	0.03266	0.10494	0.17203	0.04422	0.11458	0.05727	0.01767	0.01323	0.06425	0.05384	0.00632	0.00531	0.00149	0.04274	0.00498	0.00334	0.09369
4	0.15640	0.01041	0.08646	0.11840	0.10060	0.00932	0.04805	0.01492	0.04845	0.09736	0.18071	0.01926	0.04448	0.00645	0.00493	0.00157	0.00475	0.00549	0.00381	0.03817
5	0.01408	0.01208	0.01251	0.13063	0.04246	0.13419	0.00912	0.11735	0.24680	0.09201	0.03228	0.07701	0.04326	0.00707	0.00517	0.00162	0.00534	0.00581	0.00428	0.00695
6	0.00679	0.00489	0.00614	0.00650	0.00700	0.00488	0.00437	0.00761	0.00876	0.01166	0.02349	0.27567	0.11729	0.30288	0.18483	0.00432	0.00587	0.00952	0.00369	0.00385
7	0.85801	0.00978	0.00743	0.00665	0.00978	0.01134	0.00548	0.01486	0.00861	0.02269	0.00704	0.00821	0.00548	0.00469	0.00313	0.00156	0.00391	0.00274	0.00313	0.00548
8	0.01194	0.01364	0.02984	0.02131	0.02643	0.01279	0.77238	0.01620	0.01194	0.01620	0.01023	0.01364	0.00767	0.00426	0.00597	0.00171	0.00853	0.00597	0.00256	0.00682
9	0.01049	0.00899	0.01049	0.00749	0.01198	0.00674	0.00599	0.01273	0.01049	0.01648	0.00899	0.01049	0.00749	0.00374	0.00374	0.00075	0.00374	0.00300	0.00300	0.85320
10	0.01047	0.00863	0.00966	0.00897	0.01114	0.00954	0.00697	0.01999	0.47685	0.02021	0.24568	0.05032	0.02643	0.00867	0.00556	0.00173	0.00355	0.06370	0.00522	0.00669
11	0.07046	0.01003	0.01223	0.01006	0.01243	0.02333	0.02769	0.18584	0.01304	0.10876	0.03932	0.01520	0.01079	0.04931	0.11004	0.00260	0.17527	0.00475	0.03227	0.08657
12	0.01224	0.00929	0.03954	0.03681	0.04960	0.03079	0.03993	0.10013	0.01337	0.14290	0.20933	0.10097	0.03545	0.01056	0.06099	0.00214	0.07559	0.01975	0.00443	0.00619
13	0.01411	0.01162	0.01230	0.01060	0.01373	0.01329	0.00837	0.19901	0.60698	0.02362	0.01864	0.01732	0.01386	0.00668	0.00513	0.00167	0.00436	0.00545	0.00513	0.00814
14	0.01106	0.01106	0.01549	0.01328	0.01328	0.01549	0.01106	0.01217	0.00774	0.01217	0.00664	0.01106	0.00664	0.00885	0.01659	0.00221	0.81303	0.00443	0.00221	0.00553
15	0.01049	0.00899	0.01049	0.00749	0.01198	0.00674	0.00599	0.01273	0.01049	0.01648	0.00899	0.01049	0.00749	0.00374	0.00374	0.00075	0.00374	0.00300	0.00300	0.85320
16	0.01106	0.01106	0.01549	0.01328	0.01328	0.01549	0.01106	0.01217	0.00774	0.01217	0.00664	0.01106	0.00664	0.00885	0.01659	0.00221	0.81303	0.00443	0.00221	0.00553
17	0.00616	0.00442	0.00584	0.00698	0.00732	0.00411	0.00467	0.00705	0.00974	0.01293	0.02859	0.79514	0.05682	0.01575	0.00644	0.00204	0.00292	0.01426	0.00469	0.00411
18	0.00619	0.00497	0.00555	0.00586	0.00715	0.00432	0.00429	0.00749	0.01127	0.01403	0.10069	0.24592	0.51103	0.01344	0.00613	0.00181	0.00272	0.03812	0.00476	0.00428
19	0.18223	0.01362	0.01546	0.17877	0.19357	0.19296	0.07199	0.03352	0.01155	0.01627	0.00933	0.04150	0.00785	0.00526	0.00467	0.00154	0.00653	0.00435	0.00275	0.00629
20	0.01211	0.02904	0.16662	0.07325	0.04042	0.00945	0.02310	0.04907	0.06336	0.08694	0.01091	0.01207	0.00825	0.00464	0.00440	0.00121	0.00505	0.00379	0.00326	0.39305
21	0.27973	0.22735	0.04829	0.00978	0.01308	0.10430	0.03604	0.06644	0.01096	0.03878	0.00831	0.01027	0.00696	0.03436	0.00582	0.00159	0.08546	0.00347	0.00288	0.00614
22	0.01014	0.02616	0.79609	0.01441	0.02189	0.01174	0.01868	0.01601	0.01068	0.01601	0.00907	0.01068	0.00641	0.00480	0.00480	0.00160	0.00747	0.00374	0.00214	0.00747
23	0.00645	0.00465	0.00610	0.00678	0.00738	0.00431	0.00469	0.00778	0.01110	0.01509	0.25134	0.56488	0.06237	0.01413	0.00630	0.00191	0.00276	0.01272	0.00495	0.00431
24	0.00693	0.00508	0.00651	0.00644	0.00755	0.00466	0.00479	0.00898	0.01326	0.01835	0.57540	0.15284	0.12070	0.01152	0.00607	0.00170	0.00256	0.03673	0.00532	0.00462
25	0.03505	0.00921	0.01164	0.00894	0.01268	0.00819	0.06776	0.05028	0.10955	0.06752	0.08048	0.01754	0.07335	0.00574	0.00459	0.00120	0.00408	0.00490	0.00389	0.42340
26	0.85801	0.00978	0.00743	0.00665	0.00978	0.01134	0.00548	0.01486	0.00861	0.02269	0.00704	0.00821	0.00548	0.00469	0.00313	0.00156	0.00391	0.00274	0.00313	0.00548
27	0.00698	0.00589	0.00805	0.00720	0.00891	0.00525	0.07716	0.00881	0.01217	0.01579	0.27609	0.09419	0.40233	0.04030	0.00671	0.00181	0.00318	0.00988	0.00471	0.00462
28	0.02533	0.01523	0.21457	0.10808	0.12723	0.06621	0.03946	0.05132	0.13712	0.01720	0.01203	0.04018	0.00957	0.00553	0.00484	0.00152	0.00595	0.00467	0.04183	0.07213
29	0.00801	0.00651	0.00991	0.01022	0.06255	0.00615	0.07937	0.03438	0.01120	0.01530	0.11917	0.48604	0.02874	0.01226	0.00609	0.00185	0.00382	0.04667	0.00438	0.04739
30	0.02536	0.18118	0.23624	0.01209	0.05124	0.06569	0.02690	0.06659	0.07973	0.14220	0.01245	0.01283	0.02517	0.00534	0.00456	0.00144	0.00590	0.00413	0.00341	0.03755
31	0.01033	0.02498	0.73549	0.01409	0.02121	0.01181	0.01786	0.01685	0.07021	0.01641	0.00996	0.01131	0.00710	0.00496	0.00483	0.00161	0.00721	0.00389	0.00237	0.00751
32	0.00701	0.00500	0.00585	0.00587	0.00651	0.00473	0.00388	0.00794	0.01005	0.01337	0.20835	0.09057	0.16253	0.40551	0.01563	0.00327	0.00375	0.03226	0.00411	0.00381
33	0.01235	0.01236	0.03339	0.09805	0.32355	0.03751	0.27819	0.02862	0.01203	0.04258	0.04719	0.01433	0.00984	0.00489	0.00535	0.00159	0.00677	0.00521	0.01911	0.00710
34	0.01327	0.05526	0.19275	0.05890	0.03042	0.08349	0.15246	0.03409	0.10860	0.10975	0.01255	0.03963	0.00971	0.00682	0.03174	0.00184	0.04345	0.00497	0.00331	0.00699
35	0.00955	0.00899	0.01517	0.81013	0.03483	0.01123	0.01404	0.01292	0.01011	0.01292	0.00899	0.01348	0.00674	0.00506	0.00506	0.00169	0.00674	0.00449	0.00225	0.00562
36	0.00955	0.00899	0.01517	0.81013	0.03483	0.01123	0.01404	0.01292	0.01011	0.01292	0.00899	0.01348	0.00674	0.00506	0.00506	0.00169	0.00674	0.00449	0.00225	0.00562
37	0.01244	0.01043	0.02722	0.13484	0.08699	0.03765	0.04427	0.11422	0.11253	0.08315	0.04975	0.06500	0.09113	0.00766	0.00631	0.00171	0.07154	0.03259	0.00397	0.00658
38	0.01331	0.01186	0.03353	0.24038	0.07486	0.08300	0.20222	0.01700	0.06067	0.13471	0.01247	0.03058	0.00962	0.00588	0.00569	0.02313	0.00664	0.02457	0.00328	0.00661
39	0.00628	0.00445	0.00583	0.00689	0.00715	0.00419	0.00453	0.00707	0.00944	0.01259	0.02665	0.73874	0.03191	0.09819	0.00842	0.00234	0.00313	0.01366	0.00453	0.00400
40	0.00773	0.00531	0.00726	0.00829	0.00914	0.00516	0.00660	0.00940	0.01080	0.03437	0.02664	0.35156	0.02998	0.04333	0.00740	0.00229	0.00399	0.42161	0.00466	0.00449
41	0.02732	0.03581	0.18970	0.03705	0.03471	0.03627	0.18284	0.07358	0.01186	0.07500	0.02607	0.04454	0.04441	0.02754	0.00751	0.00179	0.12889	0.00538	0.00312	0.00662
42	0.21365	0.03858	0.01144	0.02417	0.05411	0.16160	0.00777	0.07496	0.08970	0.08442	0.03664	0.11857	0.03443	0.00716	0.00491	0.00159	0.02063	0.00556	0.00387	0.00625
43	0.00633	0.00497	0.00576	0.00616	0.00735	0.00440	0.00454	0.00769	0.01129	0.01426	0.12086	0.27537	0.42620	0.01353	0.00620	0.00185	0.00282	0.07135	0.00478	0.00431
44	0.01175	0.01105	0.02065	0.34394	0.15156	0.01176	0.26374	0.01518	0.01115	0.06711	0.01014	0.01355	0.00764	0.00491	0.00574	0.00167	0.03418	0.00502	0.00266	0.00660
45	0.01646	0.13058	0.07829	0.04299	0.20171	0.04367	0.01103	0.10372	0.04982	0.25278	0.01300	0.01331	0.00934	0.00537	0.00476	0.00148	0.00553	0.00437	0.00397	0.00782
46	0.00877	0.00724	0.00954	0.03583	0.01064	0.03550	0.00712	0.04926	0.00915	0.01276	0.01286	0.03911	0.01231	0.09551	0.52859	0.00621	0.10644	0.00554	0.00283	0.00480
47	0.01815	0.02907	0.01131	0.03645	0.01265	0.00839	0.00730	0.06532	0.06650	0.48501	0.07612	0.01827	0.01471	0.00652	0.00519	0.00154	0.02239	0.00527	0.10225	0.00760
48	0.04960	0.01211	0.12363	0.18049	0.01905	0.02365	0.01073	0.09377	0.01347	0.37367	0.01416	0.01430	0.00947	0.00579	0.00534	0.00161	0.03267	0.00457	0.00439	0.00754

[dist]
# distance from previous block
# <min> <max>
0	11

[block]
# block no. 1 follows, 49 sequences, length 49
# corresponding to MSA columns:
# 141-189
name=unknown_B
#
# <colnr> <probs for GDERKNQSTAVLIFYWHMCP>
#	G	D	E	R	K	N	Q	S	T	A	V	L	I	F	Y	W	H	M	C	P
0	0.01462	0.01114	0.03543	0.01374	0.15076	0.02927	0.04500	0.22503	0.04547	0.13636	0.08224	0.01991	0.08480	0.00680	0.00520	0.00154	0.00495	0.02342	0.02973	0.03459
1	0.01227	0.01110	0.01708	0.14790	0.31912	0.03272	0.08179	0.04032	0.08231	0.04972	0.01184	0.05297	0.00982	0.00540	0.00503	0.00151	0.00576	0.00505	0.00312	0.10518
2	0.01495	0.04251	0.09440	0.06114	0.01590	0.26317	0.02665	0.14525	0.01377	0.03928	0.01018	0.01195	0.00798	0.00584	0.00608	0.00150	0.10859	0.00405	0.12042	0.00640
3	0.01207	0.01278	0.01574	0.01347	0.01394	0.11455	0.03190	0.01329	0.00869	0.01231	0.00689	0.01089	0.00665	0.00827	0.01478	0.00208	0.68951	0.00432	0.00227	0.00561
4	0.00830	0.00553	0.00698	0.00735	0.00875	0.00507	0.00585	0.00998	0.01162	0.08328	0.07779	0.20218	0.26761	0.01309	0.00634	0.00197	0.00349	0.26519	0.00487	0.00478
5	0.00824	0.00533	0.00679	0.00658	0.00786	0.00485	0.00486	0.01003	0.01266	0.08666	0.41926	0.18157	0.14073	0.05407	0.00704	0.00188	0.00287	0.02867	0.00519	0.00483
6	0.00656	0.00515	0.00593	0.00574	0.00719	0.00452	0.00430	0.00839	0.01290	0.01693	0.41560	0.04328	0.42228	0.01159	0.00597	0.00165	0.00247	0.00992	0.00513	0.00452
7	0.00631	0.00501	0.00567	0.00578	0.00710	0.00437	0.00423	0.00780	0.01190	0.01520	0.23373	0.18265	0.46693	0.01272	0.00606	0.00174	0.00258	0.01094	0.00492	0.00437
8	0.27738	0.00939	0.00967	0.00735	0.01140	0.00846	0.00594	0.03615	0.01029	0.01889	0.00847	0.00982	0.00689	0.00411	0.00359	0.00103	0.00385	0.00296	0.00310	0.56127
9	0.07245	0.01190	0.01346	0.01038	0.01432	0.01245	0.00857	0.45764	0.01949	0.30522	0.01463	0.01372	0.00981	0.00605	0.00495	0.00154	0.00501	0.00463	0.00537	0.00841
10	0.10734	0.00936	0.01169	0.00906	0.01291	0.00878	0.00748	0.10959	0.01494	0.62824	0.01774	0.01571	0.01135	0.00608	0.00488	0.00156	0.00441	0.00479	0.00580	0.00829
11	0.04280	0.01368	0.01242	0.01058	0.01361	0.16181	0.00834	0.25792	0.27623	0.03617	0.06244	0.01571	0.01311	0.00639	0.00492	0.00153	0.00528	0.00494	0.04474	0.00736
12	0.01252	0.01201	0.02053	0.03104	0.79074	0.01201	0.01552	0.01552	0.01151	0.01652	0.00951	0.01252	0.00801	0.00451	0.00501	0.00150	0.00601	0.00451	0.00250	0.00801
13	0.01252	0.01201	0.02053	0.03104	0.79074	0.01201	0.01552	0.01552	0.01151	0.01652	0.00951	0.01252	0.00801	0.00451	0.00501	0.00150	0.00601	0.00451	0.00250	0.00801
14	0.00724	0.00537	0.00790	0.00790	0.00872	0.00620	0.00604	0.00888	0.00806	0.01157	0.01375	0.02102	0.01314	0.10628	0.73458	0.00785	0.01279	0.00559	0.00274	0.00439
15	0.00781	0.00571	0.00767	0.00865	0.00990	0.00558	0.00747	0.00997	0.01162	0.01490	0.03062	0.05572	0.14872	0.01379	0.00683	0.00223	0.00433	0.63923	0.00466	0.00460
16	0.01881	0.01396	0.01494	0.01155	0.01552	0.01549	0.00951	0.72758	0.07074	0.03120	0.01266	0.01256	0.00902	0.00612	0.00506	0.00153	0.00547	0.00462	0.00506	0.00856
17	0.35769	0.29211	0.01559	0.00855	0.01183	0.05123	0.00754	0.01591	0.00995	0.09462	0.00832	0.00941	0.00670	0.00517	0.00480	0.00145	0.08683	0.00316	0.00299	0.00616
18	0.01319	0.01223	0.01999	0.02910	0.71319	0.01238	0.01493	0.09140	0.01274	0.01806	0.00977	0.01248	0.00807	0.00466	0.00501	0.00150	0.00596	0.00451	0.00276	0.00807
19	0.00598	0.00512	0.00512	0.00512	0.00683	0.00427	0.00384	0.00726	0.01153	0.01366	0.05123	0.04866	0.78869	0.01281	0.00598	0.00171	0.00256	0.01067	0.00470	0.00427
20	0.01049	0.00899	0.01049	0.00749	0.01198	0.00674	0.00599	0.01273	0.01049	0.01648	0.00899	0.01049	0.00749	0.00374	0.00374	0.00075	0.00374	0.00300	0.00300	0.85320
21	0.00723	0.00541	0.00806	0.00806	0.00894	0.00629	0.00624	0.00899	0.00811	0.01169	0.01360	0.02018	0.01278	0.05684	0.78352	0.00805	0.01334	0.00546	0.00272	0.00448
22	0.00710	0.00515	0.00658	0.00623	0.00738	0.00475	0.00461	0.00927	0.01371	0.01922	0.69509	0.03815	0.09128	0.06081	0.00719	0.00180	0.00255	0.00913	0.00536	0.00463
23	0.00735	0.00490	0.00552	0.00552	0.00552	0.00490	0.00306	0.00735	0.00735	0.00980	0.01593	0.03309	0.01838	0.82229	0.02574	0.00490	0.00490	0.00735	0.00306	0.00306
24	0.00955	0.00899	0.01517	0.81013	0.03483	0.01123	0.01404	0.01292	0.01011	0.01292	0.00899	0.01348	0.00674	0.00506	0.00506	0.00169	0.00674	0.00449	0.00225	0.00562
25	0.01194	0.01364	0.02984	0.02131	0.02643	0.01279	0.77238	0.01620	0.01194	0.01620	0.01023	0.01364	0.00767	0.00426	0.00597	0.00171	0.00853	0.00597	0.00256	0.00682
26	0.01832	0.07277	0.01517	0.01269	0.01539	0.68353	0.00973	0.06241	0.01440	0.01345	0.00798	0.00929	0.00663	0.00532	0.00489	0.00133	0.03460	0.00333	0.00270	0.00605
27	0.01792	0.01352	0.01444	0.01137	0.01519	0.01507	0.00930	0.62768	0.17209	0.02977	0.01379	0.01346	0.00994	0.00622	0.00508	0.00156	0.00526	0.00478	0.00508	0.00848
28	0.01356	0.78310	0.04744	0.00892	0.01329	0.03946	0.00896	0.01529	0.01039	0.01202	0.00711	0.00821	0.00649	0.00436	0.00332	0.00110	0.00556	0.00275	0.00217	0.00650
29	0.00735	0.00490	0.00552	0.00552	0.00552	0.00490	0.00306	0.00735	0.00735	0.00980	0.01593	0.03309	0.01838	0.82229	0.02574	0.00490	0.00490	0.00735	0.00306	0.00306
30	0.00704	0.00529	0.00769	0.05368	0.00980	0.00582	0.00609	0.00860	0.00888	0.01236	0.04321	0.26261	0.01999	0.06095	0.45712	0.00557	0.00922	0.00828	0.00339	0.00440
31	0.00722	0.00542	0.00813	0.00813	0.00903	0.00632	0.00632	0.00903	0.00813	0.01174	0.01354	0.01987	0.01264	0.03792	0.80225	0.00813	0.01354	0.00542	0.00271	0.00451
32	0.00628	0.00446	0.00590	0.00701	0.00730	0.00419	0.00468	0.00714	0.00959	0.01278	0.02715	0.75526	0.03247	0.06265	0.00759	0.00223	0.00309	0.03157	0.00460	0.00406
33	0.01510	0.01179	0.01250	0.01045	0.01368	0.01330	0.00835	0.33489	0.41315	0.02542	0.01680	0.01608	0.01243	0.00646	0.00499	0.00160	0.00453	0.00516	0.06528	0.00802
34	0.85801	0.00978	0.00743	0.00665	0.00978	0.01134	0.00548	0.01486	0.00861	0.02269	0.00704	0.00821	0.00548	0.00469	0.00313	0.00156	0.00391	0.00274	0.00313	0.00548
35	0.00943	0.00471	0.00471	0.00471	0.00589	0.00471	0.00353	0.01178	0.01060	0.01885	0.01650	0.01885	0.01296	0.00589	0.00353	0.00118	0.00236	0.00471	0.85036	0.00471
36	0.00733	0.00624	0.01060	0.00988	0.01114	0.00584	0.15486	0.00891	0.01016	0.01360	0.02440	0.64505	0.02831	0.01354	0.00637	0.00199	0.00406	0.02879	0.00428	0.00465
37	0.01014	0.02616	0.79609	0.01441	0.02189	0.01174	0.01868	0.01601	0.01068	0.01601	0.00907	0.01068	0.00641	0.00480	0.00480	0.00160	0.00747	0.00374	0.00214	0.00747
38	0.01058	0.00930	0.01179	0.00842	0.01295	0.00715	0.05745	0.01297	0.01058	0.01646	0.00907	0.01070	0.00750	0.00378	0.00389	0.00081	0.00407	0.00320	0.00297	0.79637
39	0.01340	0.73783	0.08839	0.00924	0.01377	0.04166	0.00950	0.01536	0.01042	0.01224	0.00722	0.00835	0.00648	0.00439	0.00341	0.00113	0.00568	0.00280	0.00217	0.00655
40	0.01901	0.01267	0.01403	0.01096	0.01482	0.01370	0.00899	0.53307	0.12146	0.17575	0.01474	0.01399	0.01024	0.00621	0.00508	0.00155	0.00512	0.00481	0.00530	0.00852
41	0.00731	0.00522	0.00650	0.00621	0.00755	0.00470	0.00465	0.00935	0.01344	0.04155	0.56138	0.08607	0.20513	0.01107	0.00597	0.00164	0.00251	0.00966	0.00535	0.00474
42	0.00616	0.00440	0.00587	0.00704	0.00733	0.00411	0.00469	0.00704	0.00968	0.01291	0.02787	0.81899	0.03344	0.01584	0.00645	0.00205	0.00293	0.01438	0.00469	0.00411
43	0.00808	0.00550	0.00710	0.00723	0.00838	0.00525	0.00539	0.01059	0.05838	0.06092	0.34066	0.30744	0.05921	0.01222	0.00613	0.00183	0.00300	0.08259	0.00517	0.00493
44	0.00677	0.00486	0.00655	0.00769	0.00829	0.00464	0.00574	0.00811	0.01034	0.01362	0.02820	0.56061	0.05365	0.01517	0.00661	0.00213	0.00346	0.24457	0.00468	0.00428
45	0.01229	0.01591	0.27524	0.01171	0.01590	0.01217	0.01170	0.14179	0.27512	0.01965	0.02736	0.01472	0.01089	0.00762	0.02550	0.05458	0.05209	0.00476	0.00372	0.00728
46	0.00708	0.00569	0.00617	0.00604	0.00771	0.00512	0.00462	0.05523	0.01253	0.01566	0.13825	0.08976	0.55931	0.01232	0.00601	0.00174	0.00287	0.05443	0.00482	0.00461
47	0.05607	0.61534	0.02292	0.00933	0.01330	0.13092	0.00866	0.04124	0.03830	0.01348	0.00779	0.00877	0.00683	0.00462	0.00355	0.00117	0.00582	0.00295	0.00247	0.00647
48	0.09285	0.11254	0.41884	0.02612	0.01846	0.06148	0.04295	0.05373	0.02634	0.08703	0.00996	0.01103	0.00722	0.00498	0.00455	0.00152	0.00659	0.00379	0.00285	0.00718

[dist]
# distance from previous block
# <min> <max>
1	5

[block]
# block no. 2 follows, 49 sequences, length 51
# corresponding to MSA columns:
# 195-245
name=unknown_C
#
# <colnr> <probs for GDERKNQSTAVLIFYWHMCP>
#	G	D	E	R	K	N	Q	S	T	A	V	L	I	F	Y	W	H	M	C	P
0	0.04154	0.10023	0.01589	0.08313	0.07469	0.33132	0.02926	0.11443	0.07603	0.05275	0.02757	0.01192	0.00882	0.00542	0.00466	0.00143	0.00689	0.00403	0.00329	0.00670
1	0.02952	0.04018	0.05636	0.03158	0.01024	0.00722	0.00654	0.05135	0.05982	0.01838	0.27889	0.03220	0.15404	0.00921	0.00537	0.00161	0.00350	0.08170	0.11694	0.00534
2	0.01227	0.01304	0.04766	0.07332	0.45132	0.04734	0.18526	0.01594	0.03945	0.01604	0.01051	0.01336	0.01983	0.00485	0.00552	0.00158	0.02784	0.00489	0.00261	0.00736
3	0.01907	0.01427	0.01477	0.01145	0.01535	0.05512	0.00940	0.69406	0.02269	0.05356	0.01226	0.01231	0.00872	0.00603	0.00500	0.00150	0.00563	0.00451	0.02595	0.00836
4	0.01011	0.02237	0.11386	0.00919	0.01211	0.00939	0.00817	0.05492	0.30700	0.01854	0.11155	0.05682	0.17988	0.00891	0.00550	0.00172	0.00408	0.05483	0.00460	0.00645
5	0.00627	0.00455	0.00594	0.00702	0.00748	0.00423	0.00483	0.00727	0.00996	0.01311	0.02979	0.70727	0.09729	0.01547	0.00645	0.00204	0.00301	0.05920	0.00469	0.00415
6	0.00735	0.00490	0.00552	0.00552	0.00552	0.00490	0.00306	0.00735	0.00735	0.00980	0.01593	0.03309	0.01838	0.82229	0.02574	0.00490	0.00490	0.00735	0.00306	0.00306
7	0.00758	0.00542	0.00744	0.00827	0.00928	0.00529	0.00680	0.00966	0.01186	0.01584	0.19063	0.18999	0.03388	0.01353	0.00667	0.00212	0.00386	0.46243	0.00486	0.00458
8	0.00948	0.00889	0.01496	0.79251	0.03422	0.01108	0.01384	0.01279	0.01010	0.01292	0.00940	0.03115	0.00733	0.00529	0.00509	0.00169	0.00666	0.00471	0.00230	0.00558
9	0.01086	0.00898	0.01052	0.00754	0.01201	0.00676	0.00604	0.01309	0.01061	0.04005	0.00932	0.01069	0.00764	0.00382	0.00379	0.00077	0.00376	0.00306	0.00309	0.82760
10	0.01280	0.01255	0.02025	0.03024	0.75619	0.04723	0.01526	0.01573	0.01164	0.01634	0.00944	0.01236	0.00794	0.00454	0.00499	0.00149	0.00615	0.00445	0.00251	0.00791
11	0.01352	0.82533	0.02650	0.00865	0.01298	0.02001	0.00865	0.01514	0.01027	0.01190	0.00703	0.00811	0.00649	0.00433	0.00324	0.00108	0.00541	0.00270	0.00216	0.00649
12	0.01312	0.01067	0.01604	0.16376	0.33924	0.01062	0.01187	0.08393	0.01243	0.09180	0.01054	0.01267	0.00815	0.00475	0.00475	0.00138	0.00545	0.00424	0.00315	0.19144
13	0.01160	0.01195	0.01441	0.01255	0.01307	0.10088	0.01028	0.01335	0.04252	0.01260	0.00904	0.01279	0.02838	0.01041	0.06706	0.00247	0.61400	0.00459	0.00248	0.00557
14	0.05878	0.00881	0.01235	0.00947	0.01332	0.00780	0.04910	0.02320	0.01407	0.68944	0.04648	0.01735	0.01320	0.00623	0.00508	0.00157	0.00445	0.00517	0.00589	0.00823
15	0.01014	0.02616	0.79609	0.01441	0.02189	0.01174	0.01868	0.01601	0.01068	0.01601	0.00907	0.01068	0.00641	0.00480	0.00480	0.00160	0.00747	0.00374	0.00214	0.00747
16	0.00666	0.00476	0.00644	0.00761	0.00812	0.00454	0.00556	0.00790	0.01017	0.01346	0.02760	0.62856	0.03236	0.01537	0.00659	0.00212	0.00336	0.19990	0.00468	0.00424
17	0.00878	0.00439	0.00659	0.00659	0.00659	0.00439	0.00439	0.00659	0.00659	0.00878	0.00878	0.01537	0.00878	0.01757	0.01976	0.85288	0.00439	0.00439	0.00220	0.00220
18	0.01305	0.71395	0.13376	0.00946	0.01422	0.01886	0.01005	0.01526	0.01033	0.01247	0.00732	0.00847	0.00648	0.00439	0.00346	0.00115	0.00570	0.00285	0.00216	0.00663
19	0.85801	0.00978	0.00743	0.00665	0.00978	0.01134	0.00548	0.01486	0.00861	0.02269	0.00704	0.00821	0.00548	0.00469	0.00313	0.00156	0.00391	0.00274	0.00313	0.00548
20	0.01215	0.00892	0.01049	0.00805	0.01192	0.00762	0.00641	0.01635	0.13762	0.12002	0.07838	0.01506	0.01286	0.00515	0.00434	0.00109	0.00375	0.00424	0.00400	0.53160
21	0.00955	0.00899	0.01517	0.81013	0.03483	0.01123	0.01404	0.01292	0.01011	0.01292	0.00899	0.01348	0.00674	0.00506	0.00506	0.00169	0.00674	0.00449	0.00225	0.00562
22	0.01258	0.01086	0.01143	0.01029	0.01315	0.01258	0.00800	0.02687	0.78161	0.02115	0.02058	0.01887	0.01544	0.00686	0.00515	0.00172	0.00400	0.00572	0.00515	0.00800
23	0.85801	0.00978	0.00743	0.00665	0.00978	0.01134	0.00548	0.01486	0.00861	0.02269	0.00704	0.00821	0.00548	0.00469	0.00313	0.00156	0.00391	0.00274	0.00313	0.00548
24	0.00925	0.00719	0.00868	0.00714	0.00982	0.00620	0.00554	0.02507	0.05491	0.03410	0.39953	0.02542	0.04234	0.00746	0.00502	0.00127	0.00310	0.00642	0.00453	0.33700
25	0.01122	0.20001	0.48293	0.01443	0.02077	0.01376	0.15761	0.01586	0.01082	0.01514	0.00884	0.01067	0.00666	0.00460	0.00468	0.00151	0.00721	0.00393	0.00222	0.00713
26	0.05595	0.00843	0.00866	0.00876	0.00977	0.11598	0.00655	0.01096	0.01023	0.04514	0.01989	0.39696	0.02212	0.03404	0.08339	0.00259	0.08170	0.07016	0.00392	0.00480
27	0.06812	0.00911	0.01177	0.00908	0.01296	0.00829	0.00750	0.08295	0.01488	0.69216	0.01863	0.01632	0.01182	0.00616	0.00498	0.00156	0.00438	0.00491	0.00599	0.00843
28	0.00938	0.00722	0.00900	0.00744	0.00998	0.00637	0.02603	0.06847	0.01347	0.03868	0.37213	0.05153	0.10509	0.00830	0.00526	0.00137	0.00326	0.00718	0.00462	0.24521
29	0.02792	0.25673	0.25214	0.01155	0.01668	0.01318	0.09304	0.01474	0.01059	0.01501	0.02778	0.01083	0.00782	0.00466	0.00466	0.00129	0.03519	0.00365	0.00248	0.19005
30	0.00654	0.00472	0.00601	0.00659	0.00719	0.00439	0.00452	0.00772	0.01065	0.01432	0.19864	0.47478	0.10023	0.10496	0.00848	0.00225	0.00303	0.02611	0.00471	0.00416
31	0.00734	0.00496	0.00582	0.00582	0.00593	0.00507	0.00345	0.00755	0.00744	0.01003	0.01565	0.03154	0.01771	0.73046	0.11665	0.00528	0.00591	0.00713	0.00302	0.00323
32	0.81230	0.00971	0.00767	0.00678	0.00995	0.01113	0.00558	0.01540	0.00893	0.06490	0.00775	0.00871	0.00586	0.00478	0.00324	0.00156	0.00393	0.00287	0.00330	0.00565
33	0.00714	0.00515	0.00677	0.00654	0.00768	0.00478	0.00492	0.00942	0.01388	0.01955	0.70224	0.09035	0.04590	0.01087	0.00604	0.00166	0.00253	0.04440	0.00547	0.00472
34	0.01290	0.41289	0.17530	0.01104	0.01551	0.06963	0.04168	0.01760	0.14215	0.01451	0.00992	0.01085	0.00805	0.00507	0.00454	0.00137	0.03376	0.00365	0.00271	0.00688
35	0.01060	0.06116	0.63126	0.01531	0.02224	0.01230	0.14519	0.01600	0.01087	0.01585	0.00917	0.01106	0.00662	0.00469	0.00493	0.00159	0.00755	0.00406	0.00221	0.00732
36	0.02196	0.00978	0.01246	0.00955	0.01349	0.00917	0.00789	0.18232	0.01643	0.63380	0.01831	0.01614	0.01169	0.00622	0.00508	0.00155	0.00457	0.00497	0.00601	0.00860
37	0.00947	0.00847	0.01146	0.01023	0.01117	0.05248	0.05532	0.01098	0.00908	0.02722	0.05504	0.07421	0.01430	0.10806	0.28757	0.00442	0.23657	0.00609	0.00295	0.00492
38	0.01342	0.16091	0.04582	0.00928	0.01351	0.08096	0.00800	0.12498	0.06509	0.03371	0.01000	0.01088	0.00798	0.00462	0.00408	0.00109	0.00496	0.00345	0.00329	0.39397
39	0.00663	0.00506	0.00613	0.00634	0.00753	0.00456	0.00474	0.00831	0.01213	0.01595	0.30048	0.20168	0.30649	0.01267	0.00616	0.00180	0.00277	0.08113	0.00499	0.00445
40	0.10884	0.13769	0.13945	0.02839	0.05397	0.14383	0.04700	0.11864	0.02280	0.04691	0.01062	0.05511	0.00885	0.00605	0.01515	0.00155	0.00623	0.00435	0.02125	0.02331
41	0.05119	0.05113	0.09811	0.01464	0.04877	0.12609	0.21912	0.10880	0.07198	0.01745	0.01195	0.07031	0.01030	0.02797	0.00619	0.00171	0.03902	0.01540	0.00321	0.00666
42	0.00683	0.00470	0.00576	0.00627	0.00643	0.00461	0.00389	0.00728	0.00839	0.01122	0.02104	0.37434	0.02473	0.44341	0.04529	0.00378	0.00436	0.01034	0.00376	0.00357
43	0.01261	0.03756	0.17862	0.04669	0.27061	0.02761	0.08453	0.05649	0.01165	0.06061	0.00981	0.01217	0.00771	0.00570	0.01799	0.00167	0.09808	0.00437	0.00276	0.05276
44	0.06581	0.11040	0.16185	0.04795	0.06042	0.08856	0.06235	0.01774	0.05592	0.16041	0.01259	0.01333	0.03201	0.00537	0.00487	0.00147	0.02240	0.00427	0.00338	0.06889
45	0.00762	0.00707	0.05966	0.00773	0.00940	0.00635	0.00644	0.01050	0.06674	0.01466	0.16056	0.02993	0.17600	0.04180	0.32125	0.02093	0.00748	0.03716	0.00384	0.00489
46	0.00640	0.00452	0.00584	0.00676	0.00723	0.00421	0.00457	0.00747	0.01014	0.01374	0.08900	0.66654	0.07153	0.03070	0.00664	0.00202	0.00288	0.01320	0.04243	0.00417
47	0.06761	0.04519	0.15070	0.01245	0.10588	0.02502	0.01015	0.03515	0.20127	0.14874	0.05651	0.01901	0.06850	0.00661	0.00499	0.00161	0.00491	0.02428	0.00417	0.00725
48	0.01261	0.01134	0.01907	0.17043	0.55874	0.01173	0.03731	0.02877	0.02883	0.05719	0.01028	0.01311	0.00818	0.00477	0.00505	0.00155	0.00607	0.00461	0.00276	0.00758
49	0.00821	0.00673	0.01005	0.25621	0.01649	0.00798	0.00828	0.01007	0.00899	0.01242	0.01446	0.15629	0.01464	0.12144	0.21443	0.00385	0.07570	0.00681	0.04228	0.00469
50	0.10360	0.00910	0.01021	0.05264	0.03171	0.03272	0.00707	0.17715	0.01414	0.16304	0.07271	0.08077	0.14267	0.05758	0.02092	0.00193	0.00454	0.00664	0.00457	0.00630

[dist]
# distance from previous block
# <min> <max>
1	2

[block]
# block no. 3 follows, 49 sequences, length 12
# corresponding to MSA columns:
# 248-259
name=unknown_D
#
# <colnr> <probs for GDERKNQSTAVLIFYWHMCP>
#	G	D	E	R	K	N	Q	S	T	A	V	L	I	F	Y	W	H	M	C	P
0	0.11995	0.04646	0.01651	0.01326	0.05007	0.04483	0.16738	0.11744	0.01248	0.10437	0.01196	0.01660	0.01004	0.03841	0.02769	0.00200	0.12681	0.06372	0.00350	0.00652
1	0.02966	0.01228	0.12946	0.04212	0.03413	0.00975	0.14884	0.12382	0.01252	0.01789	0.01343	0.17282	0.01265	0.00684	0.00510	0.00149	0.00544	0.00623	0.00339	0.21213
2	0.01471	0.01427	0.01713	0.04144	0.35151	0.16621	0.04058	0.09981	0.14374	0.04314	0.01169	0.01311	0.00914	0.00527	0.00499	0.00152	0.00629	0.00455	0.00336	0.00757
3	0.07965	0.01057	0.01072	0.00842	0.01215	0.08024	0.00671	0.07340	0.07151	0.11417	0.01180	0.01244	0.00899	0.00485	0.00413	0.00113	0.00436	0.00372	0.07024	0.41081
4	0.01032	0.00873	0.01009	0.00937	0.01037	0.08025	0.00731	0.01171	0.01083	0.07523	0.13775	0.19708	0.08810	0.03357	0.00959	0.00199	0.24008	0.04850	0.00399	0.00515
5	0.00684	0.00515	0.00617	0.00638	0.00741	0.00483	0.00455	0.00882	0.04564	0.01532	0.23486	0.28290	0.23089	0.06852	0.02796	0.00216	0.00313	0.01071	0.02329	0.00445
6	0.00878	0.00439	0.00659	0.00659	0.00659	0.00439	0.00439	0.00659	0.00659	0.00878	0.00878	0.01537	0.00878	0.01757	0.01976	0.85288	0.00439	0.00439	0.00220	0.00220
7	0.07478	0.00570	0.00719	0.00700	0.00785	0.00620	0.00500	0.00951	0.00814	0.04676	0.01428	0.02413	0.01437	0.34790	0.39305	0.00603	0.00892	0.00597	0.00304	0.00419
8	0.01401	0.75270	0.02539	0.00905	0.01322	0.09090	0.00875	0.01560	0.01064	0.01194	0.00710	0.00820	0.00649	0.00441	0.00336	0.00110	0.00574	0.00275	0.00220	0.00643
9	0.04317	0.01386	0.22622	0.02868	0.02757	0.01061	0.06870	0.08128	0.03341	0.07213	0.01551	0.08945	0.04544	0.00810	0.00716	0.01568	0.11479	0.08835	0.00347	0.00642
10	0.07976	0.01204	0.01864	0.07952	0.38786	0.05226	0.12496	0.03099	0.01180	0.08004	0.01016	0.01247	0.00793	0.00468	0.00490	0.00149	0.00612	0.00446	0.00294	0.06697
11	0.07826	0.08552	0.04289	0.01010	0.01336	0.09238	0.06069	0.12036	0.05461	0.16763	0.04155	0.04707	0.09303	0.00691	0.00525	0.00155	0.03087	0.00550	0.03577	0.00671

[dist]
# distance from previous block
# <min> <max>
14	111

[block]
# block no. 4 follows, 49 sequences, length 79
# corresponding to MSA columns:
# 371-449
name=unknown_E
#
# <colnr> <probs for GDERKNQSTAVLIFYWHMCP>
#	G	D	E	R	K	N	Q	S	T	A	V	L	I	F	Y	W	H	M	C	P
0	0.06459	0.01171	0.07728	0.01295	0.01701	0.01014	0.25329	0.01536	0.04626	0.07282	0.06826	0.01472	0.01118	0.02027	0.00618	0.00152	0.06520	0.00491	0.00326	0.22309
1	0.00773	0.00590	0.00736	0.03143	0.00923	0.00588	0.00554	0.03027	0.08663	0.01509	0.11120	0.39932	0.08320	0.06430	0.04604	0.00235	0.00387	0.03912	0.00450	0.04102
2	0.00920	0.01139	0.15260	0.15044	0.12804	0.03428	0.02616	0.01210	0.02741	0.01421	0.01716	0.31838	0.03149	0.00932	0.00595	0.00179	0.03277	0.00823	0.00332	0.00578
3	0.01578	0.01252	0.01295	0.00992	0.01391	0.06870	0.00804	0.39731	0.01757	0.04462	0.01106	0.01170	0.00831	0.00517	0.00449	0.00121	0.00501	0.00392	0.03503	0.31276
4	0.01142	0.00811	0.00977	0.00753	0.01110	0.00658	0.00596	0.02755	0.02589	0.12012	0.14186	0.05055	0.04266	0.00607	0.00453	0.00111	0.00356	0.00510	0.00406	0.50648
5	0.01161	0.00828	0.00977	0.00881	0.01075	0.02956	0.00690	0.07443	0.15238	0.11905	0.05698	0.09225	0.10006	0.01558	0.19049	0.00320	0.06638	0.00675	0.03070	0.00608
6	0.11281	0.01421	0.19158	0.01287	0.09928	0.01167	0.01087	0.08723	0.26814	0.05491	0.03063	0.03514	0.01156	0.00599	0.00481	0.00160	0.00509	0.00486	0.00391	0.03286
7	0.00772	0.00517	0.00617	0.00636	0.00679	0.00508	0.00404	0.03387	0.00905	0.03300	0.02115	0.29152	0.05230	0.45850	0.03398	0.00370	0.00435	0.00960	0.00381	0.00382
8	0.00667	0.00510	0.00572	0.00577	0.00721	0.00442	0.00425	0.00810	0.01181	0.03541	0.18152	0.17233	0.50842	0.01268	0.00603	0.00174	0.00264	0.01085	0.00490	0.00445
9	0.02670	0.01663	0.24560	0.01590	0.01976	0.04031	0.24306	0.01482	0.01010	0.01470	0.00848	0.01161	0.00686	0.00609	0.00932	0.00184	0.29478	0.00462	0.00232	0.00649
10	0.13827	0.01302	0.04048	0.09378	0.09381	0.10544	0.03270	0.15363	0.11184	0.14921	0.01252	0.01308	0.00907	0.00554	0.00475	0.00156	0.00566	0.00438	0.00398	0.00729
11	0.00746	0.00551	0.00772	0.00851	0.00947	0.00535	0.02674	0.02008	0.01098	0.01439	0.02764	0.38215	0.06256	0.01435	0.00666	0.00216	0.00394	0.37520	0.00462	0.00452
12	0.00955	0.00899	0.01517	0.81013	0.03483	0.01123	0.01404	0.01292	0.01011	0.01292	0.00899	0.01348	0.00674	0.00506	0.00506	0.00169	0.00674	0.00449	0.00225	0.00562
13	0.00670	0.00459	0.00617	0.00682	0.00731	0.00430	0.00468	0.00762	0.01050	0.01430	0.21609	0.53598	0.03433	0.01465	0.00778	0.09452	0.00296	0.01198	0.00464	0.00407
14	0.00646	0.00497	0.00566	0.00584	0.00698	0.00447	0.00417	0.00775	0.01096	0.01411	0.13942	0.19702	0.40742	0.08906	0.04540	0.00234	0.00334	0.01047	0.02994	0.00422
15	0.01252	0.01201	0.02053	0.03104	0.79074	0.01201	0.01552	0.01552	0.01151	0.01652	0.00951	0.01252	0.00801	0.00451	0.00501	0.00150	0.00601	0.00451	0.00250	0.00801
16	0.01891	0.01401	0.01500	0.01157	0.01556	0.01553	0.00954	0.73856	0.05961	0.03136	0.01254	0.01246	0.00892	0.00611	0.00506	0.00153	0.00549	0.00461	0.00506	0.00857
17	0.01132	0.13747	0.09544	0.11720	0.01605	0.01003	0.00886	0.03340	0.01114	0.05359	0.03935	0.01335	0.03837	0.00489	0.00422	0.00114	0.00478	0.00389	0.00305	0.39245
18	0.02039	0.02194	0.01248	0.00948	0.01322	0.00988	0.00783	0.24897	0.01700	0.49109	0.03717	0.01617	0.01219	0.00626	0.00499	0.00152	0.00454	0.00498	0.05164	0.00826
19	0.01014	0.02616	0.79609	0.01441	0.02189	0.01174	0.01868	0.01601	0.01068	0.01601	0.00907	0.01068	0.00641	0.00480	0.00480	0.00160	0.00747	0.00374	0.00214	0.00747
20	0.00889	0.00714	0.01152	0.04779	0.01310	0.00694	0.15879	0.01152	0.01152	0.01614	0.06365	0.03555	0.12966	0.00944	0.00572	0.00179	0.00459	0.25690	0.19426	0.00510
21	0.01234	0.17099	0.35217	0.02565	0.01926	0.07878	0.13785	0.01621	0.01132	0.05868	0.02702	0.03367	0.00864	0.00524	0.00499	0.00152	0.02176	0.00438	0.00263	0.00690
22	0.00616	0.00440	0.00587	0.00704	0.00733	0.00411	0.00469	0.00704	0.00968	0.01291	0.02787	0.81899	0.03344	0.01584	0.00645	0.00205	0.00293	0.01438	0.00469	0.00411
23	0.00810	0.00579	0.00810	0.00926	0.01041	0.00578	0.00807	0.01040	0.01160	0.01508	0.02680	0.07387	0.02920	0.01401	0.00697	0.00232	0.00462	0.74031	0.00466	0.00464
24	0.03258	0.00914	0.01536	0.76682	0.03392	0.01128	0.03455	0.01306	0.01012	0.01327	0.00897	0.01334	0.00673	0.00502	0.00503	0.00168	0.00671	0.00449	0.00228	0.00565
25	0.01110	0.01046	0.01751	0.40843	0.36606	0.01156	0.02682	0.03768	0.01122	0.01517	0.01043	0.01393	0.02768	0.00503	0.00507	0.00160	0.00630	0.00469	0.00252	0.00675
26	0.01278	0.01096	0.01155	0.01033	0.01323	0.01267	0.00805	0.04929	0.75887	0.02147	0.02033	0.01866	0.01523	0.00684	0.00514	0.00171	0.00405	0.00568	0.00514	0.00802
27	0.00943	0.00471	0.00471	0.00471	0.00589	0.00471	0.00353	0.01178	0.01060	0.01885	0.01650	0.01885	0.01296	0.00589	0.00353	0.00118	0.00236	0.00471	0.85036	0.00471
28	0.01260	0.16954	0.29796	0.03571	0.03442	0.01371	0.22298	0.07201	0.01205	0.05472	0.00974	0.01156	0.00727	0.00480	0.00507	0.00154	0.02015	0.00433	0.00269	0.00718
29	0.00606	0.00510	0.00525	0.00526	0.00689	0.00430	0.00392	0.00739	0.01165	0.01405	0.09647	0.07051	0.72042	0.01274	0.00599	0.00171	0.00256	0.01069	0.00475	0.00430
30	0.06071	0.00866	0.01154	0.00889	0.01277	0.00761	0.00734	0.02420	0.01421	0.75913	0.01936	0.01680	0.01220	0.00619	0.00500	0.00156	0.00429	0.00498	0.00612	0.00846
31	0.01947	0.01376	0.01493	0.01144	0.01548	0.01508	0.00945	0.71950	0.02310	0.08720	0.01271	0.01251	0.00888	0.00608	0.00506	0.00152	0.00547	0.00459	0.00515	0.00860
32	0.01278	0.03526	0.11116	0.21747	0.15180	0.05372	0.09311	0.05978	0.02711	0.07575	0.01008	0.01265	0.00771	0.00548	0.00643	0.00166	0.10381	0.00451	0.00285	0.00685
33	0.02176	0.01009	0.01265	0.00970	0.01365	0.00963	0.00801	0.22448	0.01695	0.59090	0.01787	0.01586	0.01147	0.00621	0.00508	0.00155	0.00464	0.00494	0.00594	0.00860
34	0.00641	0.00506	0.00531	0.00529	0.00650	0.00447	0.00367	0.00739	0.01050	0.01289	0.07499	0.04386	0.54163	0.23688	0.01145	0.00259	0.00320	0.00968	0.00428	0.00396
35	0.01864	0.06057	0.01488	0.01283	0.01551	0.76639	0.00972	0.01996	0.01415	0.01235	0.00778	0.00907	0.00651	0.00517	0.00450	0.00129	0.00895	0.00323	0.00259	0.00589
36	0.01048	0.06531	0.36547	0.25407	0.06224	0.01180	0.04103	0.04219	0.01106	0.01533	0.01041	0.03538	0.00847	0.00558	0.00499	0.00164	0.00677	0.03861	0.00249	0.00668
37	0.00981	0.00796	0.00905	0.00831	0.01031	0.00861	0.00636	0.01804	0.39268	0.02057	0.39505	0.04332	0.03152	0.00873	0.00557	0.00166	0.00319	0.00755	0.00534	0.00635
38	0.00756	0.00559	0.00736	0.00826	0.00950	0.00539	0.00701	0.00958	0.01152	0.01469	0.03232	0.09278	0.19999	0.01380	0.00673	0.00218	0.00410	0.55242	0.00467	0.00454
39	0.01757	0.01181	0.07001	0.05007	0.10690	0.01057	0.10701	0.16052	0.01508	0.35064	0.03785	0.01526	0.01102	0.00573	0.00519	0.00158	0.00554	0.00503	0.00464	0.00798
40	0.01122	0.07800	0.53635	0.01512	0.10332	0.06674	0.01592	0.01583	0.01091	0.01560	0.00927	0.01109	0.00699	0.00494	0.00495	0.00153	0.02878	0.00379	0.05251	0.00714
41	0.01721	0.01304	0.01391	0.01110	0.01475	0.01457	0.00903	0.55650	0.22347	0.02870	0.01448	0.01409	0.01052	0.00627	0.00504	0.00156	0.00507	0.00486	0.02748	0.00834
42	0.00949	0.00855	0.01390	0.43195	0.14277	0.00998	0.02301	0.01202	0.00961	0.01286	0.01062	0.01712	0.00947	0.14119	0.09501	0.00289	0.03653	0.00508	0.00247	0.00547
43	0.01105	0.00941	0.03084	0.00774	0.01228	0.00690	0.00639	0.01338	0.01068	0.05325	0.00951	0.01081	0.00770	0.00389	0.00384	0.00081	0.00387	0.00311	0.00313	0.79141
44	0.80515	0.01002	0.00883	0.00757	0.01082	0.01143	0.05339	0.01495	0.00881	0.02228	0.00724	0.00855	0.00561	0.00467	0.00331	0.00157	0.00420	0.00294	0.00309	0.00556
45	0.00926	0.07952	0.01688	0.01211	0.01505	0.00966	0.28333	0.01164	0.01123	0.01446	0.04912	0.07079	0.31028	0.00874	0.00665	0.00171	0.07267	0.00791	0.00352	0.00550
46	0.07723	0.01371	0.01447	0.01123	0.01516	0.01524	0.00925	0.68711	0.05722	0.03074	0.01217	0.01217	0.00869	0.00601	0.00493	0.00153	0.00538	0.00448	0.00493	0.00836
47	0.01014	0.02616	0.79609	0.01441	0.02189	0.01174	0.01868	0.01601	0.01068	0.01601	0.00907	0.01068	0.00641	0.00480	0.00480	0.00160	0.00747	0.00374	0.00214	0.00747
48	0.01109	0.01113	0.01586	0.01348	0.01361	0.01542	0.03069	0.01227	0.00785	0.01227	0.00673	0.01113	0.00666	0.00873	0.01632	0.00220	0.79230	0.00447	0.00222	0.00556
49	0.01132	0.02827	0.09172	0.03973	0.01980	0.01406	0.30818	0.01416	0.00976	0.01410	0.00833	0.01205	0.00702	0.00651	0.01081	0.00192	0.38876	0.00493	0.00234	0.00623
50	0.00626	0.00474	0.00577	0.00634	0.00721	0.00426	0.00444	0.00749	0.01096	0.01426	0.15066	0.46160	0.26959	0.01407	0.00623	0.00188	0.00274	0.01243	0.00483	0.00426
51	0.00746	0.00520	0.00629	0.00621	0.00636	0.00550	0.00387	0.00779	0.00749	0.01020	0.01522	0.03016	0.01704	0.66513	0.15357	0.00534	0.03386	0.00693	0.00298	0.00339
52	0.02269	0.00861	0.01174	0.00900	0.01291	0.00743	0.00743	0.02464	0.01447	0.79425	0.01995	0.01721	0.01252	0.00626	0.00509	0.00156	0.00430	0.00509	0.00626	0.00861
53	0.01638	0.01280	0.09842	0.08128	0.07321	0.07090	0.01047	0.14370	0.07412	0.26397	0.01556	0.01840	0.01177	0.00656	0.00519	0.00163	0.00557	0.07808	0.00447	0.00754
54	0.00707	0.00546	0.00648	0.00617	0.00762	0.00503	0.00464	0.00974	0.05490	0.01817	0.50700	0.04029	0.28689	0.01095	0.00592	0.00164	0.00253	0.00946	0.00526	0.00478
55	0.01352	0.82533	0.02650	0.00865	0.01298	0.02001	0.00865	0.01514	0.01027	0.01190	0.00703	0.00811	0.00649	0.00433	0.00324	0.00108	0.00541	0.00270	0.00216	0.00649
56	0.00726	0.00528	0.00742	0.00742	0.00807	0.00594	0.00544	0.00857	0.00792	0.01121	0.01419	0.02346	0.01420	0.25116	0.59115	0.00725	0.01120	0.00594	0.00281	0.00412
57	0.01108	0.01068	0.01792	0.03771	0.36246	0.03117	0.13954	0.01368	0.01045	0.01471	0.01066	0.01540	0.00943	0.07034	0.14067	0.00294	0.06861	0.00508	0.02096	0.00650
58	0.01094	0.00692	0.00714	0.00659	0.00839	0.00745	0.00508	0.07432	0.19688	0.02041	0.01714	0.01834	0.01322	0.00614	0.00404	0.00133	0.00300	0.00494	0.58193	0.00580
59	0.00955	0.00899	0.01517	0.81013	0.03483	0.01123	0.01404	0.01292	0.01011	0.01292	0.00899	0.01348	0.00674	0.00506	0.00506	0.00169	0.00674	0.00449	0.00225	0.00562
60	0.00782	0.00589	0.00845	0.03813	0.01099	0.00582	0.03083	0.00997	0.01146	0.01494	0.06838	0.15792	0.08631	0.01332	0.00668	0.00216	0.00433	0.50737	0.00456	0.00466
61	0.09993	0.03299	0.01463	0.38493	0.10217	0.13852	0.01160	0.04700	0.01162	0.07302	0.00967	0.01240	0.00736	0.00600	0.02653	0.00174	0.00668	0.00414	0.00285	0.00622
62	0.35987	0.08192	0.01255	0.00999	0.01304	0.36804	0.00792	0.06512	0.01227	0.01776	0.00771	0.00886	0.00622	0.00498	0.00390	0.00141	0.00648	0.00308	0.00294	0.00593
63	0.02269	0.00861	0.01174	0.00900	0.01291	0.00743	0.00743	0.02464	0.01447	0.79425	0.01995	0.01721	0.01252	0.00626	0.00509	0.00156	0.00430	0.00509	0.00626	0.00861
64	0.01834	0.05934	0.01532	0.01183	0.01525	0.25603	0.00955	0.46150	0.01935	0.02390	0.01043	0.01109	0.00786	0.00581	0.00520	0.00145	0.03606	0.00406	0.02015	0.00747
65	0.00772	0.00579	0.00786	0.00779	0.00831	0.00659	0.00578	0.00887	0.00820	0.01145	0.01521	0.02786	0.01595	0.31470	0.36475	0.00580	0.08248	0.08778	0.00300	0.00410
66	0.00624	0.00446	0.00596	0.00713	0.00746	0.00417	0.00483	0.00718	0.00976	0.01300	0.02783	0.78915	0.03327	0.01577	0.00648	0.00206	0.00300	0.04345	0.00469	0.00413
67	0.02269	0.00861	0.01174	0.00900	0.01291	0.00743	0.00743	0.02464	0.01447	0.79425	0.01995	0.01721	0.01252	0.00626	0.00509	0.00156	0.00430	0.00509	0.00626	0.00861
68	0.00722	0.00542	0.00813	0.00813	0.00903	0.00632	0.00632	0.00903	0.00813	0.01174	0.01354	0.01987	0.01264	0.03792	0.80225	0.00813	0.01354	0.00542	0.00271	0.00451
69	0.01024	0.00873	0.01023	0.00746	0.01172	0.00659	0.00592	0.01242	0.01044	0.01628	0.01004	0.05555	0.00894	0.00442	0.00390	0.00082	0.00370	0.00363	0.00309	0.80587
70	0.01049	0.00899	0.01049	0.00749	0.01198	0.00674	0.00599	0.01273	0.01049	0.01648	0.00899	0.01049	0.00749	0.00374	0.00374	0.00075	0.00374	0.00300	0.00300	0.85320
71	0.00716	0.00517	0.00676	0.00636	0.00755	0.00477	0.00477	0.00954	0.01431	0.02028	0.78808	0.03777	0.04771	0.01034	0.00596	0.00159	0.00239	0.00914	0.00557	0.00477
72	0.00716	0.00517	0.00676	0.00636	0.00755	0.00477	0.00477	0.00954	0.01431	0.02028	0.78808	0.03777	0.04771	0.01034	0.00596	0.00159	0.00239	0.00914	0.00557	0.00477
73	0.02269	0.00861	0.01174	0.00900	0.01291	0.00743	0.00743	0.02464	0.01447	0.79425	0.01995	0.01721	0.01252	0.00626	0.00509	0.00156	0.00430	0.00509	0.00626	0.00861
74	0.28326	0.01099	0.01159	0.00922	0.01291	0.01169	0.00760	0.28509	0.03568	0.26420	0.01317	0.01265	0.00901	0.00572	0.00446	0.00155	0.00462	0.00418	0.00483	0.00761
75	0.85801	0.00978	0.00743	0.00665	0.00978	0.01134	0.00548	0.01486	0.00861	0.02269	0.00704	0.00821	0.00548	0.00469	0.00313	0.00156	0.00391	0.00274	0.00313	0.00548
