[name]
unknown

[dist]
# distance from previous block
# <min> <max>
0	44

[block]
# block no. 0 follows, 44 sequences, length 96
# corresponding to MSA columns:
# 70-165
name=unknown_A
#
# <colnr> <probs for GDERKNQSTAVLIFYWHMCP>
#	G	D	E	R	K	N	Q	S	T	A	V	L	I	F	Y	W	H	M	C	P
0	0.00772	0.00559	0.00699	0.00781	0.00865	0.00537	0.00548	0.01002	0.07434	0.03341	0.03189	0.60841	0.11440	0.01558	0.00677	0.00214	0.00332	0.04201	0.00514	0.00494
1	0.04026	0.00579	0.00736	0.00697	0.00833	0.00545	0.00528	0.01054	0.01511	0.02180	0.71988	0.04011	0.04908	0.01103	0.00634	0.00174	0.00271	0.03119	0.00587	0.00517
2	0.01285	0.01224	0.02080	0.13153	0.64886	0.01254	0.01608	0.01612	0.01233	0.01746	0.03968	0.01468	0.01012	0.00518	0.00544	0.00165	0.00643	0.00505	0.00279	0.00816
3	0.01396	0.01583	0.02384	0.01834	0.02247	0.18550	0.43722	0.01822	0.06367	0.01665	0.01365	0.04912	0.01186	0.00651	0.00616	0.00182	0.00837	0.07668	0.00326	0.00687
4	0.00885	0.00570	0.00687	0.03690	0.00782	0.00579	0.00423	0.00923	0.00849	0.04987	0.01694	0.03306	0.01861	0.68663	0.07510	0.00519	0.00594	0.00755	0.00342	0.00382
5	0.00805	0.00567	0.00612	0.00601	0.00779	0.00494	0.00458	0.00975	0.01267	0.05491	0.10627	0.06241	0.53012	0.01237	0.00610	0.00178	0.00291	0.03845	0.11413	0.00496
6	0.01421	0.65165	0.15202	0.01048	0.01569	0.01992	0.01115	0.04515	0.01171	0.01439	0.00816	0.00937	0.00707	0.00482	0.00385	0.00128	0.00620	0.00318	0.00245	0.00726
7	0.04032	0.00580	0.00765	0.00879	0.00977	0.00570	0.00702	0.00987	0.01157	0.01561	0.02938	0.35974	0.05657	0.01545	0.00710	0.00234	0.00416	0.39340	0.00497	0.00480
8	0.01030	0.00969	0.01635	0.79530	0.03755	0.01211	0.01514	0.01393	0.01090	0.01393	0.00969	0.01453	0.00727	0.00545	0.00545	0.00182	0.00727	0.00484	0.00242	0.00606
9	0.01030	0.00969	0.01635	0.79530	0.03755	0.01211	0.01514	0.01393	0.01090	0.01393	0.00969	0.01453	0.00727	0.00545	0.00545	0.00182	0.00727	0.00484	0.00242	0.00606
10	0.00780	0.00580	0.00857	0.00857	0.00948	0.00671	0.00658	0.00961	0.00871	0.01251	0.01478	0.02238	0.01405	0.09278	0.73548	0.00853	0.01397	0.00598	0.00295	0.00476
11	0.04636	0.01422	0.02430	0.01986	0.11141	0.01440	0.37690	0.22455	0.03602	0.04347	0.01189	0.01409	0.00885	0.00542	0.00610	0.00176	0.02302	0.00563	0.00370	0.00805
12	0.01404	0.01195	0.01260	0.01119	0.01436	0.01378	0.00874	0.07744	0.71529	0.02358	0.02158	0.01986	0.01615	0.00734	0.00554	0.00183	0.00443	0.00608	0.00554	0.00867
13	0.02446	0.00928	0.01265	0.00970	0.01392	0.00801	0.00801	0.02657	0.01560	0.77817	0.02151	0.01856	0.01350	0.00675	0.00548	0.00169	0.00464	0.00548	0.00675	0.00928
14	0.00664	0.00476	0.00631	0.00754	0.00789	0.00443	0.00504	0.00760	0.01049	0.01394	0.03069	0.78579	0.05470	0.01700	0.00695	0.00220	0.00315	0.01540	0.00506	0.00443
15	0.00793	0.00529	0.00595	0.00595	0.00595	0.00529	0.00330	0.00793	0.00793	0.01057	0.01718	0.03568	0.01982	0.80840	0.02775	0.00529	0.00529	0.00793	0.00330	0.00330
16	0.00947	0.00473	0.00710	0.00710	0.00710	0.00473	0.00473	0.00710	0.00710	0.00947	0.00947	0.01657	0.00947	0.01894	0.02131	0.84138	0.00473	0.00473	0.00237	0.00237
17	0.02446	0.00928	0.01265	0.00970	0.01392	0.00801	0.00801	0.02657	0.01560	0.77817	0.02151	0.01856	0.01350	0.00675	0.00548	0.00169	0.00464	0.00548	0.00675	0.00928
18	0.01093	0.02820	0.78016	0.01554	0.02360	0.01266	0.02014	0.01727	0.01151	0.01727	0.00978	0.01151	0.00691	0.00518	0.00518	0.00173	0.00806	0.00403	0.00230	0.00806
19	0.01349	0.01295	0.02213	0.03346	0.77440	0.01295	0.01673	0.01673	0.01241	0.01781	0.01025	0.01349	0.00864	0.00486	0.00540	0.00162	0.00648	0.00486	0.00270	0.00864
20	0.00791	0.00577	0.00745	0.00700	0.00834	0.00542	0.00526	0.01090	0.03999	0.02189	0.74695	0.04006	0.05030	0.01102	0.00640	0.00172	0.00263	0.00974	0.00599	0.00526
21	0.01751	0.00951	0.01125	0.00941	0.01263	0.00965	0.00751	0.06822	0.25015	0.32971	0.07088	0.02054	0.01684	0.00717	0.00531	0.00167	0.00416	0.00589	0.13384	0.00815
22	0.00805	0.00550	0.00690	0.00655	0.00785	0.00512	0.00491	0.01058	0.01473	0.02142	0.63527	0.03796	0.06711	0.01049	0.00603	0.00165	0.00257	0.00918	0.13300	0.00512
23	0.00664	0.00474	0.00633	0.00759	0.00791	0.00443	0.00506	0.00759	0.01044	0.01392	0.03005	0.80485	0.03606	0.01708	0.00696	0.00221	0.00316	0.01550	0.00506	0.00443
24	0.08571	0.01482	0.01562	0.01209	0.01635	0.01647	0.00997	0.68204	0.04041	0.03333	0.01285	0.01291	0.00917	0.00645	0.00529	0.00164	0.00582	0.00478	0.00529	0.00899
25	0.30851	0.01893	0.08235	0.01321	0.01711	0.32214	0.13005	0.01866	0.01252	0.01825	0.00867	0.01042	0.00682	0.00522	0.00464	0.00160	0.00760	0.00383	0.00295	0.00649
26	0.20042	0.05657	0.01786	0.01388	0.01717	0.24923	0.19119	0.01723	0.01204	0.01673	0.00968	0.02513	0.00818	0.00894	0.07871	0.00233	0.06090	0.00457	0.00292	0.00632
27	0.01292	0.36078	0.38500	0.01334	0.01961	0.04190	0.06442	0.01703	0.01155	0.01526	0.00888	0.01049	0.00704	0.00494	0.00454	0.00148	0.00724	0.00370	0.00236	0.00750
28	0.01253	0.00965	0.01143	0.00823	0.01301	0.00734	0.00660	0.01493	0.01171	0.08870	0.01079	0.01198	0.00858	0.00429	0.00417	0.00089	0.00409	0.00344	0.00356	0.76407
29	0.01110	0.01044	0.01761	0.51013	0.26874	0.01195	0.01508	0.01446	0.01135	0.01516	0.01102	0.05876	0.00932	0.00592	0.00552	0.00178	0.00679	0.00545	0.00266	0.00678
30	0.01458	0.81168	0.02857	0.00933	0.01399	0.02157	0.00933	0.01632	0.01108	0.01283	0.00758	0.00875	0.00700	0.00466	0.00350	0.00117	0.00583	0.00292	0.00233	0.00700
31	0.00727	0.00554	0.00668	0.00643	0.00788	0.00495	0.00481	0.00940	0.01432	0.01930	0.51554	0.06079	0.29294	0.01216	0.00645	0.00177	0.00265	0.01053	0.00567	0.00495
32	0.00779	0.00584	0.00876	0.00876	0.00974	0.00681	0.00681	0.00974	0.00876	0.01266	0.01460	0.02142	0.01363	0.04089	0.78680	0.00876	0.01460	0.00584	0.00292	0.00487
33	0.00965	0.00636	0.00793	0.00782	0.00866	0.03852	0.00580	0.02567	0.00940	0.01353	0.01344	0.01985	0.01230	0.02382	0.30048	0.30223	0.00823	0.02373	0.15841	0.00418
34	0.01159	0.01784	0.27465	0.01975	0.09587	0.01229	0.35381	0.01622	0.01205	0.01698	0.01241	0.08741	0.01058	0.00687	0.02507	0.00198	0.00813	0.00632	0.00282	0.00737
35	0.02434	0.00947	0.01277	0.00979	0.01402	0.00830	0.00809	0.05049	0.01593	0.75378	0.02123	0.01838	0.01336	0.00674	0.00548	0.00169	0.00468	0.00546	0.00671	0.00928
36	0.01267	0.01412	0.02892	0.02116	0.02551	0.01440	0.59856	0.01655	0.01192	0.01655	0.01022	0.01412	0.00804	0.00563	0.00884	0.00195	0.17501	0.00608	0.00268	0.00706
37	0.01040	0.00531	0.00534	0.00525	0.00659	0.00535	0.00396	0.02953	0.01175	0.02064	0.01768	0.02016	0.01387	0.00636	0.00385	0.00128	0.00262	0.00508	0.81981	0.00518
38	0.00879	0.00628	0.00879	0.01004	0.01130	0.00628	0.00879	0.01130	0.01255	0.01632	0.02887	0.06150	0.03138	0.01506	0.00753	0.00251	0.00502	0.73770	0.00502	0.00502
39	0.00791	0.00537	0.00637	0.00637	0.00651	0.00551	0.00383	0.00820	0.00805	0.01088	0.01679	0.03355	0.01890	0.69391	0.14098	0.00580	0.00668	0.00762	0.00325	0.00354
40	0.00691	0.00511	0.00685	0.00793	0.00823	0.00505	0.00541	0.00787	0.01033	0.01388	0.02888	0.76453	0.03459	0.01670	0.00751	0.00222	0.04360	0.01495	0.00492	0.00451
41	0.00664	0.00474	0.00633	0.00759	0.00791	0.00443	0.00506	0.00759	0.01044	0.01392	0.03005	0.80485	0.03606	0.01708	0.00696	0.00221	0.00316	0.01550	0.00506	0.00443
42	0.32125	0.01051	0.01394	0.26045	0.20896	0.01189	0.01135	0.01532	0.01071	0.01923	0.00959	0.01256	0.00755	0.00522	0.00456	0.00168	0.00562	0.00416	0.05885	0.00658
43	0.01099	0.02781	0.75863	0.01575	0.02374	0.01269	0.04128	0.01727	0.01155	0.01727	0.00982	0.01160	0.00695	0.00516	0.00522	0.00173	0.00809	0.00410	0.00232	0.00804
44	0.00784	0.00562	0.00762	0.00762	0.00820	0.00620	0.00539	0.00900	0.00842	0.01181	0.01565	0.02719	0.01614	0.35168	0.47944	0.00735	0.01083	0.00669	0.00308	0.00423
45	0.01201	0.01345	0.07023	0.01573	0.01713	0.01598	0.12730	0.01407	0.00926	0.01407	0.00793	0.01233	0.00731	0.00849	0.01527	0.00226	0.62347	0.00498	0.00244	0.00632
46	0.01030	0.00969	0.01635	0.79530	0.03755	0.01211	0.01514	0.01393	0.01090	0.01393	0.00969	0.01453	0.00727	0.00545	0.00545	0.00182	0.00727	0.00484	0.00242	0.00606
47	0.02446	0.00928	0.01265	0.00970	0.01392	0.00801	0.00801	0.02657	0.01560	0.77817	0.02151	0.01856	0.01350	0.00675	0.00548	0.00169	0.00464	0.00548	0.00675	0.00928
48	0.02334	0.00903	0.01229	0.00951	0.01353	0.00782	0.00782	0.02548	0.01559	0.72752	0.07174	0.02004	0.01604	0.00704	0.00555	0.00169	0.00450	0.00578	0.00670	0.00900
49	0.01124	0.01092	0.01551	0.05321	0.01482	0.01501	0.01134	0.01266	0.00854	0.01309	0.00838	0.01346	0.00811	0.01394	0.13036	0.00329	0.64291	0.00493	0.00247	0.00581
50	0.01205	0.01031	0.01095	0.01010	0.01277	0.01162	0.00776	0.02442	0.60316	0.02100	0.02684	0.09983	0.10754	0.00909	0.00579	0.00188	0.00402	0.00769	0.00544	0.00775
51	0.00646	0.00547	0.00557	0.00565	0.00740	0.00459	0.00420	0.00781	0.01230	0.01468	0.05364	0.09978	0.72589	0.01401	0.00648	0.00186	0.00279	0.01176	0.00506	0.00459
52	0.01133	0.01123	0.02086	0.45242	0.09339	0.01240	0.22983	0.01511	0.01157	0.01559	0.01049	0.01474	0.00801	0.00528	0.00589	0.00179	0.02308	0.00532	0.04506	0.00659
53	0.01358	0.01140	0.01451	0.08776	0.01628	0.01386	0.01057	0.24516	0.01477	0.02029	0.01558	0.05112	0.06263	0.00988	0.02434	0.00218	0.29963	0.07583	0.00390	0.00675
54	0.01079	0.01027	0.01470	0.25756	0.02037	0.03056	0.01154	0.01272	0.00931	0.01308	0.00972	0.01597	0.00908	0.08850	0.09426	0.00313	0.37508	0.00518	0.00255	0.00563
55	0.20326	0.01399	0.08004	0.02321	0.41316	0.01323	0.06320	0.09228	0.01301	0.02095	0.00995	0.01232	0.00792	0.00508	0.00500	0.00166	0.00622	0.00447	0.00311	0.00795
56	0.00664	0.00474	0.00633	0.00759	0.00791	0.00443	0.00506	0.00759	0.01044	0.01392	0.03005	0.80485	0.03606	0.01708	0.00696	0.00221	0.00316	0.01550	0.00506	0.00443
57	0.01129	0.02770	0.75996	0.01539	0.02334	0.01254	0.01982	0.01751	0.01162	0.03729	0.01009	0.01170	0.00708	0.00522	0.00519	0.00173	0.00797	0.00407	0.00242	0.00809
58	0.01341	0.01287	0.02198	0.05340	0.75511	0.01293	0.01669	0.01666	0.01237	0.01771	0.01024	0.01352	0.00860	0.00487	0.00540	0.00162	0.00650	0.00486	0.00269	0.00857
59	0.01569	0.01496	0.01413	0.05275	0.05042	0.16649	0.00993	0.12347	0.44575	0.02181	0.01708	0.01669	0.01292	0.00672	0.00540	0.00172	0.00588	0.00535	0.00471	0.00813
60	0.01841	0.01802	0.01614	0.01349	0.01624	0.27404	0.01081	0.32571	0.01793	0.02205	0.01005	0.01171	0.00799	0.00698	0.00837	0.00175	0.20464	0.00441	0.00381	0.00746
61	0.00665	0.00499	0.00617	0.00701	0.00778	0.00451	0.00482	0.00780	0.01123	0.01456	0.07679	0.56643	0.22967	0.01590	0.00679	0.00209	0.00303	0.01415	0.00511	0.00451
62	0.01053	0.00838	0.00987	0.00821	0.01127	0.00718	0.00619	0.08306	0.01219	0.01768	0.01690	0.26167	0.01774	0.06224	0.00668	0.00163	0.00404	0.00755	0.00402	0.44298
63	0.01219	0.00704	0.00725	0.00652	0.00838	0.00735	0.00507	0.15558	0.01416	0.02302	0.01688	0.01893	0.01307	0.00639	0.00413	0.00134	0.00321	0.00505	0.67855	0.00589
64	0.00943	0.00808	0.01153	0.01031	0.01084	0.00984	0.04526	0.01056	0.00859	0.01237	0.01326	0.04336	0.01395	0.29256	0.21192	0.00494	0.26898	0.00649	0.00292	0.00480
65	0.01586	0.01872	0.01336	0.01233	0.01435	0.49069	0.00937	0.01737	0.01286	0.01306	0.01035	0.01399	0.00927	0.03810	0.22975	0.00368	0.06389	0.00438	0.00283	0.00580
66	0.00664	0.00474	0.00633	0.00759	0.00791	0.00443	0.00506	0.00759	0.01044	0.01392	0.03005	0.80485	0.03606	0.01708	0.00696	0.00221	0.00316	0.01550	0.00506	0.00443
67	0.01135	0.00601	0.00807	0.00804	0.00948	0.00544	0.00583	0.01280	0.01238	0.21121	0.11931	0.50862	0.03216	0.01369	0.00651	0.00202	0.00347	0.01223	0.00561	0.00576
68	0.01221	0.00622	0.00825	0.00811	0.00975	0.00556	0.00592	0.01355	0.01219	0.25336	0.02906	0.50816	0.07829	0.01362	0.00646	0.00202	0.00360	0.01209	0.00559	0.00596
69	0.01093	0.02820	0.78016	0.01554	0.02360	0.01266	0.02014	0.01727	0.01151	0.01727	0.00978	0.01151	0.00691	0.00518	0.00518	0.00173	0.00806	0.00403	0.00230	0.00806
70	0.01660	0.01108	0.01179	0.00951	0.01264	0.01200	0.00770	0.44426	0.01976	0.04507	0.01514	0.01609	0.01124	0.00647	0.00480	0.00149	0.00459	0.00499	0.33716	0.00760
71	0.00683	0.00490	0.00661	0.00779	0.00820	0.00468	0.00537	0.00792	0.01043	0.01395	0.02895	0.71458	0.03432	0.01857	0.05922	0.00267	0.00402	0.05157	0.00492	0.00449
72	0.01131	0.01029	0.01055	0.01003	0.01167	0.14932	0.00775	0.03205	0.07076	0.03524	0.01424	0.01894	0.01256	0.03004	0.54197	0.00651	0.01243	0.00541	0.00328	0.00566
73	0.01612	0.02016	0.44484	0.01457	0.07029	0.01096	0.01542	0.02068	0.01309	0.29940	0.01416	0.01426	0.00946	0.00574	0.00531	0.00170	0.00668	0.00462	0.00398	0.00855
74	0.02446	0.00928	0.01265	0.00970	0.01392	0.00801	0.00801	0.02657	0.01560	0.77817	0.02151	0.01856	0.01350	0.00675	0.00548	0.00169	0.00464	0.00548	0.00675	0.00928
75	0.01349	0.01295	0.02213	0.03346	0.77440	0.01295	0.01673	0.01673	0.01241	0.01781	0.01025	0.01349	0.00864	0.00486	0.00540	0.00162	0.00648	0.00486	0.00270	0.00864
76	0.01112	0.04913	0.72541	0.01571	0.02355	0.01296	0.05330	0.01725	0.01156	0.01715	0.00978	0.01158	0.00697	0.00514	0.00519	0.00172	0.00805	0.00411	0.00232	0.00800
77	0.00770	0.00558	0.00778	0.00792	0.00858	0.00616	0.00574	0.00904	0.00874	0.01227	0.01697	0.11227	0.01768	0.23093	0.50936	0.00716	0.01099	0.00744	0.00326	0.00443
78	0.03470	0.01863	0.03223	0.01591	0.01983	0.33552	0.24316	0.02168	0.12136	0.08482	0.01238	0.01365	0.00934	0.00563	0.00550	0.00164	0.00823	0.00498	0.00354	0.00726
79	0.01431	0.05688	0.51621	0.01403	0.02075	0.02673	0.01641	0.12686	0.03239	0.10709	0.01180	0.01262	0.00825	0.00560	0.00519	0.00168	0.00721	0.00432	0.00336	0.00831
80	0.02411	0.00920	0.01254	0.00964	0.01380	0.00795	0.00795	0.02623	0.01560	0.76242	0.03713	0.01902	0.01429	0.00684	0.00550	0.00169	0.00460	0.00557	0.00673	0.00919
81	0.01273	0.04267	0.00947	0.00812	0.01022	0.00655	0.00631	0.01447	0.01317	0.24931	0.13980	0.27465	0.11799	0.01195	0.00625	0.00191	0.00372	0.05892	0.00559	0.00620
82	0.01689	0.16651	0.12123	0.01168	0.01584	0.19390	0.01061	0.11072	0.08682	0.12549	0.07664	0.01510	0.01286	0.00629	0.00502	0.00154	0.00650	0.00471	0.00406	0.00758
83	0.00908	0.00593	0.00722	0.00689	0.00863	0.00525	0.00525	0.01102	0.01377	0.10342	0.32375	0.11140	0.31064	0.01233	0.00642	0.00184	0.00304	0.04315	0.00561	0.00534
84	0.00652	0.00523	0.00583	0.00631	0.00757	0.00454	0.00449	0.00774	0.01167	0.01442	0.04565	0.33853	0.49230	0.01505	0.00664	0.00198	0.00291	0.01302	0.00506	0.00454
85	0.01759	0.02180	0.02165	0.01736	0.02117	0.50004	0.28638	0.02017	0.01449	0.01487	0.00939	0.01164	0.00749	0.00524	0.00548	0.00157	0.00959	0.00459	0.00279	0.00670
86	0.01766	0.01566	0.01328	0.01133	0.01449	0.24371	0.00887	0.24803	0.10887	0.08587	0.01778	0.05005	0.07020	0.00738	0.00534	0.00161	0.00623	0.00565	0.06054	0.00747
87	0.00751	0.00556	0.00700	0.00664	0.00802	0.00506	0.00498	0.00989	0.01494	0.02070	0.65443	0.04264	0.16926	0.01158	0.00643	0.00174	0.00260	0.01013	0.00585	0.00506
88	0.01332	0.54183	0.28743	0.01147	0.01730	0.01850	0.01305	0.01665	0.01123	0.01436	0.00834	0.00970	0.00697	0.00484	0.00408	0.00136	0.00660	0.00330	0.00232	0.00736
89	0.00875	0.00587	0.00683	0.00653	0.00798	0.00559	0.00490	0.04829	0.01411	0.02047	0.37566	0.08695	0.14898	0.01046	0.00573	0.00165	0.00281	0.00898	0.22425	0.00521
90	0.01103	0.04975	0.75949	0.01537	0.02333	0.01291	0.01985	0.01724	0.01150	0.01714	0.00972	0.01143	0.00691	0.00517	0.00513	0.00171	0.00800	0.00400	0.00230	0.00803
91	0.01023	0.00818	0.00964	0.00955	0.03253	0.00893	0.00694	0.01716	0.30332	0.01802	0.12825	0.04563	0.04391	0.16690	0.10691	0.00340	0.00558	0.06405	0.00471	0.00617
92	0.00744	0.00531	0.00724	0.00850	0.00916	0.00511	0.00644	0.00896	0.01122	0.01481	0.02961	0.52926	0.03432	0.01633	0.00717	0.00232	0.00385	0.28324	0.00505	0.00465
93	0.01867	0.01187	0.01349	0.01091	0.01479	0.01249	0.00881	0.23022	0.29356	0.25010	0.01874	0.01728	0.01317	0.00678	0.00542	0.00168	0.00487	0.00545	0.00575	0.05596
94	0.01427	0.01137	0.01157	0.01011	0.01282	0.06331	0.00789	0.20336	0.26642	0.03640	0.05707	0.06409	0.03138	0.02736	0.05335	0.00220	0.00535	0.00637	0.10793	0.00737
95	0.02096	0.01344	0.01507	0.01166	0.01586	0.01435	0.00960	0.52744	0.06135	0.21160	0.03218	0.01538	0.01159	0.00674	0.00549	0.00166	0.00551	0.00522	0.00578	0.00915

[dist]
# distance from previous block
# <min> <max>
6	16

[block]
# block no. 1 follows, 44 sequences, length 7
# corresponding to MSA columns:
# 182-188
name=unknown_B
#
# <colnr> <probs for GDERKNQSTAVLIFYWHMCP>
#	G	D	E	R	K	N	Q	S	T	A	V	L	I	F	Y	W	H	M	C	P
0	0.01657	0.33450	0.08620	0.01103	0.01561	0.01708	0.01030	0.21269	0.13863	0.08776	0.01282	0.01288	0.00973	0.00583	0.00466	0.00149	0.00571	0.00429	0.00406	0.00815
1	0.35727	0.01169	0.01170	0.00961	0.01331	0.01286	0.00787	0.24237	0.08164	0.15021	0.01308	0.01321	0.00940	0.00736	0.03447	0.00196	0.00523	0.00435	0.00473	0.00767
2	0.11495	0.00921	0.07610	0.00840	0.01097	0.00804	0.00715	0.01593	0.10906	0.11250	0.12076	0.14981	0.03815	0.01019	0.03593	0.00201	0.00430	0.00743	0.15280	0.00630
3	0.13716	0.01047	0.01395	0.01138	0.01458	0.04275	0.12951	0.01934	0.12395	0.19871	0.01573	0.01769	0.01203	0.04514	0.14639	0.00312	0.00722	0.00543	0.03840	0.00704
4	0.00956	0.13013	0.01182	0.00868	0.01057	0.03504	0.03707	0.01131	0.01219	0.03384	0.14567	0.22474	0.16667	0.02978	0.00698	0.00195	0.02851	0.08559	0.00454	0.00535
5	0.01079	0.14479	0.53799	0.01328	0.01955	0.01268	0.01601	0.01554	0.01127	0.01603	0.01276	0.14092	0.01169	0.00705	0.00521	0.00172	0.00691	0.00573	0.00276	0.00730
6	0.06363	0.01371	0.01392	0.01125	0.01488	0.10732	0.03339	0.31734	0.09509	0.14953	0.01504	0.01504	0.01080	0.00638	0.00512	0.00160	0.00566	0.00493	0.10727	0.00809

[dist]
# distance from previous block
# <min> <max>
0	1

[block]
# block no. 2 follows, 44 sequences, length 9
# corresponding to MSA columns:
# 190-198
name=unknown_C
#
# <colnr> <probs for GDERKNQSTAVLIFYWHMCP>
#	G	D	E	R	K	N	Q	S	T	A	V	L	I	F	Y	W	H	M	C	P
0	0.03936	0.16975	0.07790	0.01027	0.01428	0.01424	0.00926	0.29741	0.07948	0.02300	0.02198	0.02160	0.18374	0.00775	0.00522	0.00162	0.00520	0.00600	0.00444	0.00750
1	0.24477	0.01154	0.13056	0.00954	0.01269	0.00971	0.00890	0.03495	0.09284	0.02076	0.13651	0.07082	0.02128	0.00895	0.00544	0.00189	0.00468	0.14605	0.02189	0.00624
2	0.01091	0.00846	0.00882	0.00818	0.00969	0.04377	0.00583	0.18148	0.01369	0.01767	0.02498	0.21973	0.13961	0.26713	0.01310	0.00297	0.00474	0.00944	0.00448	0.00530
3	0.30396	0.13681	0.01160	0.00813	0.01061	0.09412	0.00650	0.01407	0.01118	0.01825	0.13575	0.04482	0.01765	0.13005	0.00806	0.00218	0.00497	0.03210	0.00368	0.00552
4	0.32147	0.13589	0.01225	0.00845	0.01139	0.01206	0.00707	0.05816	0.05136	0.06035	0.01177	0.01402	0.00965	0.01438	0.20083	0.00337	0.00712	0.00421	0.04992	0.00629
5	0.01023	0.02462	0.65778	0.01396	0.02103	0.01139	0.01761	0.01577	0.01165	0.01686	0.01696	0.01798	0.12781	0.00654	0.00538	0.00174	0.00722	0.00521	0.00274	0.00751
6	0.14335	0.16608	0.42812	0.01224	0.01812	0.01339	0.01434	0.01612	0.01137	0.01780	0.05405	0.01538	0.01085	0.00603	0.00481	0.00167	0.00654	0.04972	0.00286	0.00717
7	0.06205	0.01246	0.01157	0.00924	0.01302	0.14828	0.00729	0.08048	0.01365	0.10075	0.01204	0.01310	0.00928	0.00521	0.00440	0.00120	0.00511	0.00391	0.12117	0.36580
8	0.13105	0.01260	0.01162	0.01030	0.01247	0.16206	0.00807	0.14790	0.01358	0.01919	0.05030	0.01674	0.01217	0.05946	0.18655	0.00349	0.08074	0.00499	0.05061	0.00613

[dist]
# distance from previous block
# <min> <max>
0	10

[block]
# block no. 3 follows, 44 sequences, length 86
# corresponding to MSA columns:
# 209-262,264-295
name=unknown_D
#
# <colnr> <probs for GDERKNQSTAVLIFYWHMCP>
#	G	D	E	R	K	N	Q	S	T	A	V	L	I	F	Y	W	H	M	C	P
0	0.00763	0.00559	0.00766	0.00907	0.03140	0.00536	0.00666	0.00929	0.01157	0.01530	0.06824	0.45421	0.06429	0.01559	0.00706	0.00226	0.00386	0.26514	0.00503	0.00480
1	0.01369	0.01333	0.02193	0.03290	0.75233	0.03549	0.01655	0.01688	0.01250	0.01768	0.01020	0.01339	0.00859	0.00488	0.00538	0.00161	0.00657	0.00482	0.00270	0.00857
2	0.84691	0.01054	0.00801	0.00717	0.01054	0.01223	0.00590	0.01603	0.00928	0.02446	0.00759	0.00886	0.00590	0.00506	0.00337	0.00169	0.00422	0.00295	0.00337	0.00590
3	0.01349	0.01295	0.02213	0.03346	0.77440	0.01295	0.01673	0.01673	0.01241	0.01781	0.01025	0.01349	0.00864	0.00486	0.00540	0.00162	0.00648	0.00486	0.00270	0.00864
4	0.00736	0.00562	0.00646	0.00621	0.00784	0.00491	0.00467	0.00930	0.01385	0.03256	0.37932	0.04649	0.43093	0.01247	0.00642	0.00178	0.00271	0.01064	0.00552	0.00494
5	0.00734	0.00538	0.00764	0.00814	0.00879	0.00578	0.00592	0.00878	0.00937	0.01303	0.02085	0.33146	0.02284	0.07600	0.43498	0.00598	0.00955	0.00977	0.00379	0.00460
6	0.01093	0.02820	0.78016	0.01554	0.02360	0.01266	0.02014	0.01727	0.01151	0.01727	0.00978	0.01151	0.00691	0.00518	0.00518	0.00173	0.00806	0.00403	0.00230	0.00806
7	0.02392	0.01015	0.01319	0.01011	0.01435	0.00931	0.00836	0.13291	0.01707	0.66977	0.02028	0.01776	0.01288	0.00672	0.00548	0.00168	0.00484	0.00540	0.00656	0.00928
8	0.00792	0.00566	0.00779	0.00905	0.00993	0.00553	0.00728	0.00980	0.01170	0.01535	0.02934	0.36159	0.03327	0.01588	0.00730	0.00239	0.00427	0.44614	0.00504	0.00478
9	0.01458	0.81168	0.02857	0.00933	0.01399	0.02157	0.00933	0.01632	0.01108	0.01283	0.00758	0.00875	0.00700	0.00466	0.00350	0.00117	0.00583	0.00292	0.00233	0.00700
10	0.02037	0.02598	0.01545	0.01404	0.01685	0.78652	0.01053	0.02177	0.01545	0.01334	0.00843	0.00983	0.00702	0.00562	0.00492	0.00140	0.00983	0.00351	0.00281	0.00632
11	0.01030	0.00969	0.01635	0.79530	0.03755	0.01211	0.01514	0.01393	0.01090	0.01393	0.00969	0.01453	0.00727	0.00545	0.00545	0.00182	0.00727	0.00484	0.00242	0.00606
12	0.51957	0.01253	0.01039	0.00897	0.01234	0.08200	0.00728	0.16581	0.03146	0.02490	0.03376	0.01338	0.02987	0.00611	0.00425	0.00168	0.00501	0.02012	0.00396	0.00661
13	0.00855	0.00695	0.01082	0.04652	0.01302	0.00690	0.09247	0.01126	0.04918	0.01553	0.02617	0.40190	0.02910	0.01399	0.00694	0.00223	0.00469	0.24386	0.00469	0.00524
14	0.02446	0.00928	0.01265	0.00970	0.01392	0.00801	0.00801	0.02657	0.01560	0.77817	0.02151	0.01856	0.01350	0.00675	0.00548	0.00169	0.00464	0.00548	0.00675	0.00928
15	0.00879	0.00628	0.00879	0.01004	0.01130	0.00628	0.00879	0.01130	0.01255	0.01632	0.02887	0.06150	0.03138	0.01506	0.00753	0.00251	0.00502	0.73770	0.00502	0.00502
16	0.01509	0.74131	0.02739	0.00975	0.01425	0.09008	0.00944	0.01681	0.01147	0.01287	0.00766	0.00884	0.00700	0.00475	0.00363	0.00119	0.00619	0.00297	0.00237	0.00694
17	0.00898	0.00527	0.00602	0.00605	0.00685	0.00543	0.00420	0.01060	0.00986	0.01583	0.01732	0.04294	0.01622	0.26047	0.14748	0.00384	0.00550	0.00633	0.41634	0.00448
18	0.00779	0.00583	0.00870	0.00870	0.00965	0.00678	0.00674	0.00970	0.00874	0.01261	0.01466	0.02172	0.01376	0.05742	0.77045	0.00869	0.01440	0.00589	0.00293	0.00483
19	0.00758	0.00557	0.00709	0.00671	0.00806	0.00508	0.00503	0.01002	0.01510	0.02108	0.69330	0.04201	0.13014	0.01144	0.00643	0.00173	0.00259	0.01004	0.00590	0.00508
20	0.01232	0.01529	0.09744	0.04754	0.02741	0.01320	0.62953	0.01687	0.01257	0.01716	0.01175	0.05074	0.00939	0.00525	0.00631	0.00184	0.00875	0.00658	0.00281	0.00724
21	0.02446	0.00928	0.01265	0.00970	0.01392	0.00801	0.00801	0.02657	0.01560	0.77817	0.02151	0.01856	0.01350	0.00675	0.00548	0.00169	0.00464	0.00548	0.00675	0.00928
22	0.00664	0.00474	0.00633	0.00759	0.00791	0.00443	0.00506	0.00759	0.01044	0.01392	0.03005	0.80485	0.03606	0.01708	0.00696	0.00221	0.00316	0.01550	0.00506	0.00443
23	0.01190	0.01197	0.01585	0.01375	0.01397	0.05111	0.01135	0.01318	0.00872	0.01308	0.00796	0.01278	0.00780	0.01249	0.09401	0.00298	0.68397	0.00482	0.00246	0.00587
24	0.01276	0.01205	0.02038	0.03057	0.68696	0.01203	0.01549	0.01578	0.01224	0.01743	0.01249	0.08555	0.01165	0.00620	0.00559	0.00169	0.00614	0.02385	0.00297	0.00817
25	0.02069	0.01623	0.01628	0.01268	0.01690	0.08584	0.01038	0.69044	0.02472	0.03248	0.01267	0.01280	0.00907	0.00646	0.00541	0.00162	0.00634	0.00478	0.00522	0.00901
26	0.00796	0.00569	0.00697	0.00658	0.00813	0.00509	0.00496	0.01017	0.01457	0.04728	0.53783	0.04330	0.25779	0.01175	0.00640	0.00175	0.00270	0.01017	0.00576	0.00514
27	0.00803	0.00619	0.00922	0.00908	0.01000	0.00738	0.00711	0.00993	0.00874	0.01268	0.01418	0.02087	0.01326	0.03909	0.74271	0.00840	0.05955	0.00578	0.00289	0.00493
28	0.01016	0.00508	0.00508	0.00508	0.00635	0.00508	0.00381	0.01270	0.01143	0.02033	0.01778	0.02033	0.01397	0.00635	0.00381	0.00127	0.00254	0.00508	0.83867	0.00508
29	0.01081	0.00822	0.00918	0.00845	0.00990	0.00905	0.00599	0.08482	0.23720	0.01674	0.01799	0.02724	0.01713	0.40031	0.10982	0.00433	0.00618	0.00686	0.00413	0.00565
30	0.01093	0.02820	0.78016	0.01554	0.02360	0.01266	0.02014	0.01727	0.01151	0.01727	0.00978	0.01151	0.00691	0.00518	0.00518	0.00173	0.00806	0.00403	0.00230	0.00806
31	0.02446	0.00928	0.01265	0.00970	0.01392	0.00801	0.00801	0.02657	0.01560	0.77817	0.02151	0.01856	0.01350	0.00675	0.00548	0.00169	0.00464	0.00548	0.00675	0.00928
32	0.00664	0.00474	0.00633	0.00759	0.00791	0.00443	0.00506	0.00759	0.01044	0.01392	0.03005	0.80485	0.03606	0.01708	0.00696	0.00221	0.00316	0.01550	0.00506	0.00443
33	0.01253	0.37178	0.45056	0.01282	0.01938	0.01657	0.01540	0.01685	0.01132	0.01532	0.00882	0.01030	0.00695	0.00495	0.00444	0.00148	0.00708	0.00354	0.00232	0.00759
34	0.02446	0.00928	0.01265	0.00970	0.01392	0.00801	0.00801	0.02657	0.01560	0.77817	0.02151	0.01856	0.01350	0.00675	0.00548	0.00169	0.00464	0.00548	0.00675	0.00928
35	0.00664	0.00474	0.00633	0.00759	0.00791	0.00443	0.00506	0.00759	0.01044	0.01392	0.03005	0.80485	0.03606	0.01708	0.00696	0.00221	0.00316	0.01550	0.00506	0.00443
36	0.00772	0.00557	0.00729	0.00686	0.00814	0.00514	0.00514	0.01029	0.01543	0.02186	0.77152	0.04072	0.05144	0.01115	0.00643	0.00171	0.00257	0.00986	0.00600	0.00514
37	0.01287	0.01471	0.03217	0.02298	0.02849	0.01379	0.75460	0.01746	0.01287	0.01746	0.01103	0.01471	0.00827	0.00460	0.00643	0.00184	0.00919	0.00643	0.00276	0.00735
38	0.01193	0.01193	0.01670	0.01431	0.01431	0.01670	0.01193	0.01312	0.00835	0.01312	0.00716	0.01193	0.00716	0.00954	0.01789	0.00239	0.79843	0.00477	0.00239	0.00596
39	0.01205	0.26727	0.55082	0.01364	0.02067	0.01538	0.01684	0.01698	0.01138	0.01591	0.00911	0.01067	0.00693	0.00502	0.00467	0.00156	0.00738	0.00369	0.00231	0.00773
40	0.00879	0.00628	0.00879	0.01004	0.01130	0.00628	0.00879	0.01130	0.01255	0.01632	0.02887	0.06150	0.03138	0.01506	0.00753	0.00251	0.00502	0.73770	0.00502	0.00502
41	0.00664	0.00474	0.00633	0.00759	0.00791	0.00443	0.00506	0.00759	0.01044	0.01392	0.03005	0.80485	0.03606	0.01708	0.00696	0.00221	0.00316	0.01550	0.00506	0.00443
42	0.00859	0.00614	0.00856	0.00982	0.01099	0.00611	0.00845	0.01096	0.01236	0.01610	0.02897	0.12807	0.03179	0.01524	0.00748	0.00248	0.00485	0.67302	0.00502	0.00497
43	0.04693	0.00931	0.01253	0.00963	0.01382	0.00813	0.00796	0.02628	0.01543	0.75758	0.02113	0.01829	0.01329	0.00670	0.00542	0.00169	0.00463	0.00541	0.00666	0.00919
44	0.01046	0.00572	0.00798	0.00767	0.00809	0.00586	0.00534	0.07430	0.00890	0.01188	0.01030	0.01742	0.01002	0.01773	0.01953	0.74444	0.00486	0.02374	0.00271	0.00305
45	0.01093	0.02820	0.78016	0.01554	0.02360	0.01266	0.02014	0.01727	0.01151	0.01727	0.00978	0.01151	0.00691	0.00518	0.00518	0.00173	0.00806	0.00403	0.00230	0.00806
46	0.01093	0.02820	0.78016	0.01554	0.02360	0.01266	0.02014	0.01727	0.01151	0.01727	0.00978	0.01151	0.00691	0.00518	0.00518	0.00173	0.00806	0.00403	0.00230	0.00806
47	0.01149	0.01045	0.01744	0.02298	0.43970	0.01038	0.07820	0.01376	0.01091	0.01529	0.01269	0.02107	0.01239	0.27042	0.02773	0.00298	0.00648	0.00603	0.00291	0.00669
48	0.01107	0.05667	0.75285	0.01531	0.02325	0.01298	0.01975	0.01723	0.01149	0.01710	0.00970	0.01141	0.00691	0.00516	0.00512	0.00171	0.00798	0.00399	0.00230	0.00802
49	0.00664	0.00474	0.00633	0.00759	0.00791	0.00443	0.00506	0.00759	0.01044	0.01392	0.03005	0.80485	0.03606	0.01708	0.00696	0.00221	0.00316	0.01550	0.00506	0.00443
50	0.00825	0.00603	0.00807	0.00899	0.01029	0.00585	0.00762	0.01053	0.01269	0.01647	0.09925	0.09251	0.14065	0.01462	0.00725	0.00233	0.00439	0.53416	0.00512	0.00494
51	0.01321	0.01438	0.05312	0.01908	0.02287	0.01493	0.43047	0.08227	0.01256	0.01762	0.00997	0.01358	0.00797	0.00633	0.00986	0.00199	0.25412	0.00569	0.00287	0.00712
52	0.01209	0.01225	0.01849	0.01606	0.05067	0.01624	0.08624	0.01372	0.00899	0.01377	0.00769	0.01228	0.00734	0.00883	0.01617	0.00230	0.68327	0.00494	0.00244	0.00623
53	0.00658	0.00498	0.00608	0.00696	0.00774	0.00448	0.00478	0.00766	0.01104	0.01416	0.03773	0.57527	0.26067	0.01608	0.00680	0.00210	0.00304	0.01428	0.00506	0.00448
54	0.01109	0.00946	0.01108	0.00805	0.01269	0.00714	0.00640	0.01345	0.01127	0.01759	0.01063	0.04779	0.00936	0.00464	0.00417	0.00087	0.00400	0.00379	0.00331	0.80323
55	0.04595	0.00546	0.00701	0.00806	0.00873	0.00534	0.00591	0.00897	0.01071	0.01472	0.02756	0.50671	0.03200	0.08688	0.00880	0.00254	0.00388	0.20141	0.00482	0.00455
56	0.01853	0.08404	0.14129	0.01030	0.01486	0.00988	0.00979	0.04333	0.01460	0.43205	0.11035	0.01875	0.01614	0.00671	0.00530	0.00161	0.00507	0.00543	0.00532	0.04663
57	0.01305	0.01407	0.02914	0.02114	0.02620	0.01351	0.64151	0.01842	0.08012	0.03493	0.01256	0.03069	0.00966	0.00524	0.00657	0.00185	0.02425	0.00653	0.00313	0.00743
58	0.01278	0.01446	0.03078	0.02220	0.02722	0.01405	0.68772	0.01707	0.01246	0.01707	0.01068	0.01446	0.00817	0.00504	0.00747	0.00189	0.08026	0.00628	0.00272	0.00723
59	0.01656	0.01125	0.01191	0.00960	0.01274	0.01224	0.00778	0.46275	0.02003	0.02882	0.01494	0.01595	0.01113	0.00647	0.00481	0.00149	0.00463	0.00498	0.33432	0.00762
60	0.01783	0.01383	0.01473	0.01196	0.01580	0.01555	0.00966	0.46226	0.32431	0.02969	0.01677	0.01602	0.01225	0.00689	0.00549	0.00172	0.00532	0.00542	0.00549	0.00901
61	0.01098	0.08803	0.66036	0.01445	0.02166	0.01287	0.01816	0.01656	0.01124	0.01650	0.01005	0.01241	0.00759	0.02604	0.04860	0.00215	0.00818	0.00413	0.00236	0.00769
62	0.01498	0.01199	0.01234	0.01014	0.01377	0.08005	0.00800	0.10752	0.25194	0.10241	0.09119	0.01794	0.01573	0.00653	0.00515	0.00147	0.00479	0.00528	0.00484	0.23394
63	0.01314	0.50244	0.32522	0.01178	0.01778	0.01805	0.01360	0.01670	0.01125	0.01458	0.00845	0.00984	0.00696	0.00487	0.00416	0.00139	0.00671	0.00335	0.00232	0.00741
64	0.03403	0.00956	0.01420	0.29693	0.04524	0.00973	0.01084	0.02147	0.01368	0.46283	0.01661	0.01676	0.01094	0.00619	0.00543	0.00173	0.00565	0.00518	0.00499	0.00802
65	0.01349	0.01295	0.02213	0.03346	0.77440	0.01295	0.01673	0.01673	0.01241	0.01781	0.01025	0.01349	0.00864	0.00486	0.00540	0.00162	0.00648	0.00486	0.00270	0.00864
66	0.00731	0.00528	0.00610	0.00627	0.00694	0.00495	0.00407	0.00816	0.01048	0.01371	0.13091	0.18120	0.20671	0.36569	0.01596	0.00342	0.00393	0.01043	0.00441	0.00407
67	0.00662	0.00537	0.00590	0.00629	0.00771	0.00465	0.00462	0.00795	0.01193	0.01461	0.04748	0.24209	0.54731	0.01470	0.00663	0.00197	0.00298	0.05154	0.00506	0.00458
68	0.01076	0.01103	0.08226	0.01789	0.27286	0.00988	0.01119	0.01578	0.15575	0.01732	0.01992	0.29192	0.02021	0.00992	0.00601	0.00191	0.00501	0.02926	0.00410	0.00701
69	0.01190	0.01101	0.01843	0.22736	0.47948	0.01161	0.01468	0.01500	0.01180	0.01657	0.01223	0.08495	0.01098	0.00617	0.00548	0.00171	0.00620	0.00582	0.04118	0.00743
70	0.00670	0.00479	0.00639	0.00766	0.00800	0.00448	0.00516	0.00769	0.01050	0.01398	0.03001	0.78404	0.03593	0.01702	0.00697	0.00222	0.00321	0.03571	0.00506	0.00444
71	0.00779	0.00584	0.00876	0.00876	0.00974	0.00681	0.00681	0.00974	0.00876	0.01266	0.01460	0.02142	0.01363	0.04089	0.78680	0.00876	0.01460	0.00584	0.00292	0.00487
72	0.01116	0.02683	0.71226	0.01714	0.09084	0.01269	0.01984	0.01722	0.01159	0.01731	0.00983	0.01169	0.00706	0.00515	0.00520	0.00172	0.00792	0.00410	0.00234	0.00811
73	0.01953	0.01468	0.01569	0.01230	0.01645	0.01635	0.01007	0.63509	0.14870	0.03243	0.01460	0.01430	0.01050	0.00669	0.00547	0.00167	0.00572	0.00512	0.00547	0.00916
74	0.01242	0.01193	0.02050	0.28387	0.51155	0.01270	0.03637	0.01583	0.01193	0.01652	0.01009	0.01387	0.00818	0.00505	0.00544	0.00169	0.00681	0.00490	0.00261	0.00775
75	0.00664	0.00474	0.00633	0.00759	0.00791	0.00443	0.00506	0.00759	0.01044	0.01392	0.03005	0.80485	0.03606	0.01708	0.00696	0.00221	0.00316	0.01550	0.00506	0.00443
76	0.01349	0.01295	0.02213	0.03346	0.77440	0.01295	0.01673	0.01673	0.01241	0.01781	0.01025	0.01349	0.00864	0.00486	0.00540	0.00162	0.00648	0.00486	0.00270	0.00864
77	0.01349	0.01295	0.02213	0.03346	0.77440	0.01295	0.01673	0.01673	0.01241	0.01781	0.01025	0.01349	0.00864	0.00486	0.00540	0.00162	0.00648	0.00486	0.00270	0.00864
78	0.00779	0.00584	0.00876	0.00876	0.00974	0.00681	0.00681	0.00974	0.00876	0.01266	0.01460	0.02142	0.01363	0.04089	0.78680	0.00876	0.01460	0.00584	0.00292	0.00487
79	0.00891	0.00765	0.00936	0.00923	0.01037	0.07665	0.00715	0.01081	0.00936	0.01272	0.01405	0.02038	0.01304	0.03773	0.71677	0.00810	0.01418	0.00563	0.00291	0.00500
80	0.01093	0.02820	0.78016	0.01554	0.02360	0.01266	0.02014	0.01727	0.01151	0.01727	0.00978	0.01151	0.00691	0.00518	0.00518	0.00173	0.00806	0.00403	0.00230	0.00806
81	0.01410	0.03979	0.01247	0.01040	0.01309	0.01203	0.00812	0.31700	0.17352	0.02405	0.02070	0.29053	0.02006	0.01033	0.00593	0.00186	0.00465	0.00879	0.00522	0.00737
82	0.00712	0.00608	0.00618	0.00606	0.00800	0.00542	0.00457	0.00979	0.07987	0.01565	0.07191	0.04927	0.68475	0.01316	0.00636	0.00184	0.00290	0.01098	0.00513	0.00498
83	0.15627	0.05464	0.04091	0.01006	0.01378	0.01214	0.00850	0.26130	0.03169	0.20568	0.06577	0.08629	0.01485	0.00746	0.00520	0.00170	0.00493	0.00588	0.00514	0.00783
84	0.01484	0.00841	0.01083	0.00901	0.01230	0.00729	0.00727	0.01690	0.01277	0.28197	0.02004	0.12896	0.03359	0.00864	0.00596	0.00161	0.03309	0.10435	0.00495	0.27720
85	0.01332	0.01271	0.03594	0.28803	0.02655	0.07173	0.22848	0.01698	0.03005	0.09227	0.02612	0.03539	0.00998	0.00592	0.00627	0.00177	0.04445	0.00557	0.00323	0.04524

[dist]
# distance from previous block
# <min> <max>
0	28

[block]
# block no. 4 follows, 44 sequences, length 16
# corresponding to MSA columns:
# 324-339
name=unknown_E
#
# <colnr> <probs for GDERKNQSTAVLIFYWHMCP>
#	G	D	E	R	K	N	Q	S	T	A	V	L	I	F	Y	W	H	M	C	P
0	0.00722	0.00510	0.00604	0.00654	0.00692	0.00485	0.00411	0.00778	0.00954	0.01247	0.02750	0.34214	0.12962	0.38631	0.01660	0.00360	0.00410	0.01141	0.00424	0.00393
1	0.01455	0.01359	0.01504	0.01684	0.20194	0.11123	0.01074	0.09837	0.34170	0.02079	0.01724	0.08473	0.01437	0.00730	0.00554	0.00175	0.00562	0.00619	0.00444	0.00804
2	0.01396	0.04549	0.45673	0.01287	0.01896	0.01129	0.01484	0.06203	0.01366	0.17273	0.10989	0.01669	0.01409	0.00633	0.00536	0.00169	0.00647	0.00509	0.00386	0.00797
3	0.01213	0.08063	0.01948	0.33744	0.37154	0.01296	0.01478	0.01536	0.01164	0.01594	0.01018	0.01385	0.00821	0.00516	0.00517	0.00164	0.00654	0.00470	0.04538	0.00727
4	0.00807	0.00626	0.00751	0.00757	0.00919	0.00598	0.00602	0.01135	0.07882	0.01823	0.28756	0.04794	0.28043	0.01266	0.00663	0.00196	0.00339	0.18977	0.00541	0.00524
5	0.01287	0.01654	0.15005	0.04466	0.25036	0.03325	0.37642	0.01723	0.01253	0.01734	0.01049	0.01369	0.00810	0.00482	0.00586	0.00174	0.00816	0.00546	0.00266	0.00779
6	0.01536	0.01734	0.02337	0.02119	0.16556	0.24482	0.32110	0.05004	0.01409	0.01696	0.01111	0.01535	0.00919	0.00557	0.00580	0.00169	0.00852	0.04270	0.00299	0.00725
7	0.01378	0.01115	0.01239	0.01207	0.07292	0.01255	0.00870	0.10200	0.51064	0.02324	0.01961	0.01904	0.01482	0.00695	0.00526	0.00172	0.00439	0.00576	0.13488	0.00815
8	0.08707	0.01105	0.01430	0.13231	0.26933	0.07135	0.01106	0.02782	0.05668	0.01812	0.03358	0.09688	0.01328	0.00685	0.00515	0.00166	0.00550	0.00592	0.12528	0.00680
9	0.01803	0.01728	0.05404	0.01388	0.07538	0.24390	0.01056	0.21979	0.14128	0.08161	0.01375	0.01412	0.01026	0.00621	0.00520	0.00159	0.00669	0.00471	0.05379	0.00793
10	0.01823	0.01893	0.14184	0.01304	0.01749	0.17397	0.01169	0.39114	0.07524	0.04433	0.01291	0.03352	0.00977	0.00647	0.00534	0.00164	0.00690	0.00486	0.00442	0.00829
11	0.01270	0.37668	0.26976	0.07965	0.01909	0.01625	0.01309	0.01697	0.05588	0.01535	0.00951	0.01104	0.00765	0.00501	0.00438	0.00142	0.00645	0.00366	0.00259	0.07288
12	0.05176	0.01377	0.11826	0.01112	0.01523	0.02581	0.00996	0.15929	0.25109	0.18290	0.05753	0.01909	0.04551	0.00712	0.00544	0.00174	0.00515	0.00572	0.00520	0.00831
13	0.01584	0.01662	0.02048	0.01720	0.07890	0.21390	0.23229	0.15329	0.01552	0.01931	0.03377	0.01436	0.02826	0.00596	0.00641	0.00164	0.06087	0.00520	0.00342	0.05677
14	0.01087	0.00976	0.07255	0.04753	0.21473	0.00833	0.01051	0.01344	0.01233	0.08241	0.04972	0.16930	0.13120	0.01051	0.00622	0.00194	0.00496	0.13295	0.00428	0.00647
15	0.01329	0.01136	0.01363	0.01059	0.01406	0.01167	0.00864	0.15148	0.04399	0.01988	0.01019	0.01216	0.00842	0.00602	0.00783	0.00140	0.20324	0.00405	0.00352	0.44459

[dist]
# distance from previous block
# <min> <max>
6	22

[block]
# block no. 5 follows, 44 sequences, length 12
# corresponding to MSA columns:
# 442-453
name=unknown_F
#
# <colnr> <probs for GDERKNQSTAVLIFYWHMCP>
#	G	D	E	R	K	N	Q	S	T	A	V	L	I	F	Y	W	H	M	C	P
0	0.01247	0.01488	0.10482	0.02305	0.22181	0.01361	0.33722	0.01622	0.01179	0.01671	0.01069	0.03977	0.00896	0.00594	0.00791	0.00187	0.13633	0.00580	0.00271	0.00744
1	0.00849	0.00679	0.00722	0.00696	0.00845	0.00682	0.00493	0.01247	0.17281	0.01508	0.03472	0.03922	0.34600	0.26636	0.03762	0.00316	0.00427	0.00904	0.00454	0.00506
2	0.00913	0.00687	0.00909	0.00931	0.01127	0.00631	0.00787	0.01152	0.01226	0.01670	0.05697	0.10187	0.02756	0.01266	0.00669	0.00209	0.00457	0.49746	0.00468	0.18512
3	0.02072	0.01527	0.01636	0.01254	0.01691	0.01691	0.01036	0.75622	0.02563	0.03436	0.01309	0.01309	0.00927	0.00654	0.00545	0.00164	0.00600	0.00491	0.00545	0.00927
4	0.01130	0.00969	0.01130	0.00807	0.01292	0.00727	0.00646	0.01373	0.01130	0.01776	0.00969	0.01130	0.00807	0.00404	0.00404	0.00081	0.00404	0.00323	0.00323	0.84173
5	0.02366	0.01057	0.01345	0.01031	0.01456	0.00993	0.00852	0.18366	0.01776	0.61803	0.01970	0.01738	0.01259	0.00670	0.00548	0.00168	0.00493	0.00536	0.00647	0.00928
6	0.01650	0.01948	0.01998	0.03787	0.05683	0.39025	0.20822	0.02040	0.09515	0.01568	0.01065	0.01270	0.00849	0.00575	0.00626	0.00165	0.05942	0.00476	0.00305	0.00693
7	0.01331	0.01276	0.02179	0.07771	0.73160	0.01290	0.01664	0.01657	0.01233	0.01759	0.01022	0.01355	0.00856	0.00489	0.00540	0.00163	0.00652	0.00486	0.00268	0.00849
8	0.00889	0.17904	0.01150	0.00725	0.00926	0.00853	0.00588	0.01094	0.01354	0.01803	0.42322	0.11041	0.15235	0.01074	0.00585	0.00167	0.00336	0.00917	0.00497	0.00539
9	0.01048	0.00572	0.00769	0.00805	0.00920	0.00520	0.00570	0.01168	0.01155	0.17846	0.02821	0.63556	0.03120	0.01486	0.00664	0.00210	0.00348	0.01334	0.00542	0.00547
10	0.01214	0.06945	0.49298	0.01874	0.18391	0.01285	0.04082	0.01719	0.01201	0.04492	0.03788	0.01319	0.00918	0.00533	0.00522	0.00167	0.00730	0.00448	0.00270	0.00804
11	0.01436	0.63945	0.02507	0.00971	0.01403	0.01985	0.00918	0.01905	0.17330	0.01497	0.01072	0.01124	0.00907	0.00525	0.00394	0.00131	0.00550	0.00361	0.00302	0.00735

[dist]
# distance from previous block
# <min> <max>
0	6

[block]
# block no. 6 follows, 44 sequences, length 16
# corresponding to MSA columns:
# 462-477
name=unknown_G
#
# <colnr> <probs for GDERKNQSTAVLIFYWHMCP>
#	G	D	E	R	K	N	Q	S	T	A	V	L	I	F	Y	W	H	M	C	P
0	0.00871	0.00649	0.00797	0.00719	0.00861	0.00616	0.00498	0.00980	0.00896	0.01285	0.01470	0.02609	0.01538	0.41500	0.21864	0.00510	0.00740	0.00625	0.00319	0.20653
1	0.01534	0.01168	0.01279	0.01091	0.01392	0.01286	0.00857	0.38636	0.20045	0.02627	0.01968	0.21994	0.01799	0.00948	0.00587	0.00184	0.00486	0.00796	0.00537	0.00786
2	0.00662	0.00519	0.00602	0.00665	0.00776	0.00459	0.00474	0.00785	0.01151	0.01441	0.04262	0.39986	0.40464	0.01536	0.00672	0.00204	0.00303	0.04079	0.00506	0.00454
3	0.01253	0.01370	0.02655	0.01983	0.02335	0.01484	0.48502	0.01589	0.01123	0.01589	0.00962	0.01370	0.00787	0.00639	0.01059	0.00204	0.29567	0.00583	0.00262	0.00685
4	0.01387	0.01119	0.01201	0.01037	0.01341	0.01243	0.00817	0.20047	0.41707	0.02475	0.12437	0.02422	0.08721	0.00827	0.00572	0.00178	0.00435	0.00684	0.00554	0.00795
5	0.01820	0.01392	0.01636	0.20190	0.02190	0.01575	0.01152	0.57665	0.02207	0.02942	0.01227	0.01344	0.00879	0.00628	0.00545	0.00168	0.00631	0.00489	0.00472	0.00849
6	0.00832	0.00643	0.00778	0.00844	0.00942	0.00664	0.00592	0.01276	0.19286	0.01607	0.02815	0.61507	0.03136	0.01474	0.00662	0.00213	0.00344	0.01324	0.00518	0.00544
7	0.01574	0.01310	0.01594	0.01695	0.19892	0.01444	0.01112	0.24932	0.35571	0.02514	0.01651	0.01646	0.01244	0.00652	0.00548	0.00173	0.00535	0.00546	0.00483	0.00883
