[name]
unknown

[dist]
# distance from previous block
# <min> <max>
0	32

[block]
# block no. 0 follows, 53 sequences, length 46
# corresponding to MSA columns:
# 32-77
name=unknown_A
#
# <colnr> <probs for GDERKNQSTAVLIFYWHMCP>
#	G	D	E	R	K	N	Q	S	T	A	V	L	I	F	Y	W	H	M	C	P
0	0.01160	0.00932	0.00975	0.00891	0.01098	0.06711	0.00703	0.28133	0.05219	0.01923	0.02145	0.23586	0.09614	0.01003	0.00549	0.00171	0.00436	0.13733	0.00443	0.00577
1	0.18894	0.00837	0.00896	0.00799	0.02433	0.02855	0.00607	0.07643	0.07102	0.04496	0.01279	0.11954	0.01184	0.04314	0.12601	0.00241	0.00525	0.00511	0.00344	0.20486
2	0.00952	0.00758	0.00757	0.00716	0.00865	0.09414	0.00530	0.02260	0.09212	0.06954	0.26934	0.15652	0.10869	0.06509	0.00656	0.00176	0.00353	0.00798	0.05138	0.00497
3	0.01344	0.00854	0.01081	0.00833	0.01184	0.00765	0.04885	0.04393	0.11745	0.22383	0.01376	0.01387	0.01004	0.00492	0.00418	0.00116	0.00385	0.00411	0.11276	0.33667
4	0.00589	0.00460	0.00536	0.00577	0.00680	0.00407	0.00414	0.00710	0.01053	0.01339	0.12482	0.34506	0.40027	0.01297	0.00584	0.00174	0.00259	0.03048	0.00453	0.00404
5	0.10195	0.00663	0.00791	0.00693	0.00924	0.00614	0.00538	0.01469	0.02960	0.33196	0.05651	0.15496	0.19291	0.04602	0.00593	0.00173	0.00340	0.00744	0.00485	0.00582
6	0.00594	0.00476	0.00530	0.00536	0.00668	0.00413	0.00395	0.00735	0.01129	0.01431	0.22425	0.14781	0.51821	0.01193	0.00571	0.00163	0.00243	0.01021	0.00463	0.00413
7	0.01674	0.01999	0.01282	0.01146	0.01400	0.64343	0.00869	0.10769	0.01434	0.01397	0.01172	0.01247	0.08105	0.00570	0.00449	0.00129	0.00764	0.00388	0.00292	0.00570
8	0.23292	0.00747	0.00815	0.00705	0.00950	0.00761	0.00560	0.04280	0.06820	0.21925	0.21248	0.04858	0.05078	0.00708	0.00454	0.00150	0.00333	0.00572	0.05154	0.00591
9	0.03803	0.00656	0.00844	0.00741	0.00961	0.00599	0.00573	0.04504	0.01238	0.36186	0.13570	0.24754	0.07673	0.00938	0.00529	0.00162	0.00336	0.00810	0.00518	0.00605
10	0.00572	0.00467	0.00506	0.00533	0.00659	0.00401	0.00385	0.00686	0.01052	0.01288	0.06036	0.24266	0.58936	0.01277	0.00576	0.00169	0.00251	0.01093	0.00446	0.00401
11	0.01858	0.01274	0.01394	0.01069	0.01450	0.01385	0.00883	0.69152	0.02138	0.12642	0.01239	0.01207	0.00859	0.00576	0.00478	0.00144	0.00511	0.00437	0.00492	0.00813
12	0.10542	0.00641	0.00741	0.00670	0.00864	0.00628	0.00523	0.01314	0.08767	0.14171	0.35731	0.02959	0.13533	0.02129	0.00543	0.00159	0.00299	0.03554	0.01698	0.00535
13	0.54334	0.00814	0.00730	0.00637	0.00914	0.00879	0.00518	0.01488	0.00959	0.16495	0.01301	0.01332	0.06451	0.00540	0.00354	0.00144	0.00349	0.00377	0.10830	0.00555
14	0.16011	0.00846	0.01047	0.00821	0.01177	0.00790	0.00677	0.03481	0.03434	0.64170	0.01674	0.01483	0.01075	0.00568	0.00450	0.00148	0.00402	0.00445	0.00538	0.00763
15	0.05392	0.00525	0.00728	0.00728	0.00813	0.00600	0.00551	0.00858	0.00768	0.01150	0.01326	0.05144	0.01298	0.12539	0.64572	0.00676	0.01096	0.00553	0.00269	0.00414
16	0.00744	0.00480	0.00602	0.00607	0.00683	0.00479	0.00427	0.00867	0.00924	0.04251	0.11851	0.17027	0.06682	0.22445	0.17589	0.00360	0.00519	0.00773	0.12287	0.00404
17	0.01080	0.00621	0.00803	0.00771	0.00950	0.00586	0.00624	0.05849	0.01231	0.19540	0.12117	0.15794	0.12077	0.01081	0.00577	0.00179	0.00362	0.24733	0.00488	0.00536
18	0.22941	0.00929	0.00995	0.00845	0.01155	0.00996	0.00678	0.02184	0.33367	0.28504	0.01604	0.01478	0.01130	0.00578	0.00437	0.00154	0.00386	0.00450	0.00474	0.00716
19	0.00814	0.00707	0.00889	0.18401	0.01357	0.06412	0.02727	0.01011	0.01150	0.01517	0.33768	0.06916	0.13004	0.00899	0.00602	0.04868	0.00392	0.00726	0.03381	0.00458
20	0.02740	0.01099	0.01481	0.45788	0.09546	0.06764	0.02261	0.18814	0.01280	0.01672	0.00905	0.01192	0.00685	0.00506	0.00508	0.00153	0.03292	0.00417	0.00279	0.00618
21	0.00735	0.00489	0.00659	0.00741	0.00824	0.00464	0.00569	0.00876	0.01022	0.05664	0.04400	0.46228	0.06221	0.01362	0.00617	0.00198	0.00339	0.27706	0.00452	0.00432
22	0.00565	0.00484	0.00484	0.00484	0.00646	0.00403	0.00363	0.00686	0.01089	0.01291	0.04842	0.04600	0.80027	0.01210	0.00565	0.00161	0.00242	0.01009	0.00444	0.00403
23	0.00991	0.00850	0.00991	0.00708	0.01133	0.00637	0.00566	0.01203	0.00991	0.01557	0.00850	0.00991	0.00708	0.00354	0.00354	0.00071	0.00354	0.00283	0.00283	0.86124
24	0.13602	0.01185	0.01603	0.37344	0.21458	0.08830	0.05482	0.01484	0.01101	0.01579	0.00965	0.01321	0.00780	0.00546	0.00508	0.00174	0.00654	0.00441	0.00282	0.00662
25	0.00680	0.00471	0.00594	0.00655	0.00691	0.00462	0.00457	0.00760	0.00863	0.01142	0.02104	0.27803	0.02422	0.37959	0.01437	0.00321	0.00401	0.20046	0.00374	0.00357
26	0.01055	0.01090	0.06052	0.35629	0.44060	0.01104	0.01425	0.01368	0.01029	0.01418	0.00876	0.01211	0.00699	0.00449	0.00474	0.00150	0.00604	0.00421	0.00225	0.00661
27	0.02384	0.21470	0.27062	0.01122	0.01621	0.04418	0.09586	0.01500	0.05417	0.01454	0.00875	0.01011	0.00690	0.00428	0.00407	0.00122	0.00576	0.00345	0.00244	0.19268
28	0.00834	0.00645	0.00957	0.01211	0.14025	0.00644	0.00877	0.01063	0.01098	0.01449	0.02305	0.04684	0.03865	0.01171	0.00628	0.00206	0.00457	0.62981	0.00407	0.00492
29	0.00695	0.00463	0.00521	0.00521	0.00521	0.00463	0.00290	0.00695	0.00695	0.00927	0.01506	0.03128	0.01738	0.83203	0.02433	0.00463	0.00463	0.00695	0.00290	0.00290
30	0.00572	0.00476	0.00501	0.00520	0.00661	0.00405	0.00384	0.00690	0.01064	0.01284	0.04467	0.15983	0.67038	0.01255	0.00574	0.00168	0.00252	0.02861	0.00444	0.00402
31	0.01359	0.10411	0.01890	0.02196	0.47005	0.17614	0.05223	0.03628	0.01171	0.03809	0.00880	0.01089	0.00725	0.00445	0.00451	0.00135	0.00628	0.00392	0.00252	0.00697
32	0.02039	0.00849	0.01200	0.01079	0.09890	0.00750	0.00786	0.02235	0.01337	0.71883	0.01777	0.01578	0.01136	0.00573	0.00480	0.00147	0.00424	0.00475	0.00553	0.00807
33	0.16770	0.01959	0.01280	0.01243	0.06861	0.61490	0.00889	0.01789	0.01240	0.01370	0.00737	0.00869	0.00608	0.00479	0.00410	0.00129	0.00754	0.00307	0.00254	0.00562
34	0.00623	0.00475	0.00650	0.09575	0.00975	0.00468	0.00533	0.00746	0.00968	0.01277	0.08222	0.60562	0.10503	0.01320	0.00588	0.00184	0.00310	0.01186	0.00424	0.00410
35	0.00859	0.00542	0.00681	0.00644	0.00735	0.00569	0.00464	0.03667	0.00934	0.06363	0.10055	0.02404	0.01718	0.28879	0.23842	0.00422	0.02334	0.00594	0.13867	0.00427
36	0.86579	0.00924	0.00702	0.00629	0.00924	0.01072	0.00518	0.01405	0.00813	0.02144	0.00666	0.00776	0.00518	0.00444	0.00296	0.00148	0.00370	0.00259	0.00296	0.00518
37	0.00982	0.00962	0.01167	0.05772	0.27451	0.09980	0.00875	0.02995	0.03470	0.01456	0.06385	0.02641	0.32386	0.00785	0.00510	0.00149	0.00452	0.00669	0.00346	0.00568
38	0.01278	0.83490	0.02505	0.00818	0.01227	0.01891	0.00818	0.01431	0.00971	0.01125	0.00664	0.00767	0.00613	0.00409	0.00307	0.00102	0.00511	0.00256	0.00204	0.00613
39	0.00666	0.00474	0.00644	0.00751	0.00812	0.00459	0.00575	0.00803	0.00985	0.01298	0.02549	0.47305	0.02935	0.04468	0.00699	0.00215	0.00353	0.33167	0.00436	0.00406
40	0.01270	0.01128	0.00836	0.00764	0.00945	0.26892	0.00581	0.08727	0.01235	0.01699	0.01253	0.01422	0.00987	0.00537	0.00379	0.00118	0.00460	0.00399	0.49852	0.00516
41	0.01183	0.01136	0.01940	0.02934	0.80221	0.01136	0.01467	0.01467	0.01088	0.01562	0.00899	0.01183	0.00757	0.00426	0.00473	0.00142	0.00568	0.00426	0.00237	0.00757
42	0.01206	0.01051	0.01670	0.19652	0.47356	0.01113	0.01294	0.04665	0.09394	0.06311	0.01068	0.01291	0.00833	0.00476	0.00476	0.00148	0.00551	0.00441	0.00289	0.00714
43	0.02896	0.34373	0.13844	0.01042	0.01455	0.17496	0.00996	0.18482	0.01337	0.02803	0.00833	0.00919	0.00663	0.00472	0.00394	0.00124	0.00610	0.00323	0.00280	0.00661
44	0.01178	0.01184	0.02066	0.05825	0.60705	0.03348	0.15648	0.01481	0.01098	0.01532	0.00905	0.01197	0.00743	0.00426	0.00489	0.00146	0.00623	0.00448	0.00237	0.00722
45	0.01074	0.00955	0.01120	0.01092	0.13391	0.05603	0.00729	0.01390	0.08349	0.03661	0.03885	0.01474	0.07206	0.00495	0.00416	0.00105	0.00408	0.00413	0.00321	0.47912

[dist]
# distance from previous block
# <min> <max>
0	1

[block]
# block no. 1 follows, 53 sequences, length 30
# corresponding to MSA columns:
# 79-108
name=unknown_B
#
# <colnr> <probs for GDERKNQSTAVLIFYWHMCP>
#	G	D	E	R	K	N	Q	S	T	A	V	L	I	F	Y	W	H	M	C	P
0	0.01139	0.01327	0.09965	0.02416	0.41793	0.01162	0.32031	0.01497	0.01096	0.01545	0.00922	0.01208	0.00730	0.00420	0.00507	0.00150	0.00676	0.00474	0.00235	0.00708
1	0.00602	0.00486	0.00535	0.00523	0.00668	0.00419	0.00392	0.00757	0.01176	0.01497	0.29603	0.04261	0.55138	0.01134	0.00565	0.00158	0.00237	0.00961	0.00471	0.00419
2	0.01150	0.00845	0.01007	0.00728	0.01145	0.00646	0.00585	0.01358	0.01043	0.12411	0.00992	0.01078	0.00773	0.00387	0.00371	0.00081	0.00361	0.00310	0.00326	0.74403
3	0.00959	0.02472	0.80726	0.01362	0.02069	0.01110	0.01766	0.01514	0.01009	0.01514	0.00858	0.01009	0.00605	0.00454	0.00454	0.00151	0.00706	0.00353	0.00202	0.00706
4	0.01910	0.01189	0.01342	0.01029	0.01408	0.01260	0.00850	0.56919	0.01997	0.25074	0.01358	0.01284	0.00918	0.00579	0.00479	0.00145	0.00492	0.00445	0.00510	0.00813
5	0.00754	0.00591	0.00907	0.00827	0.00924	0.00586	0.11161	0.00873	0.00854	0.01145	0.01705	0.11620	0.01870	0.41400	0.09351	0.00381	0.00566	0.13775	0.00322	0.00388
6	0.86579	0.00924	0.00702	0.00629	0.00924	0.01072	0.00518	0.01405	0.00813	0.02144	0.00666	0.00776	0.00518	0.00444	0.00296	0.00148	0.00370	0.00259	0.00296	0.00518
7	0.00878	0.00533	0.00704	0.00636	0.00784	0.00486	0.00486	0.01098	0.01355	0.12720	0.69241	0.03303	0.04053	0.00924	0.00552	0.00150	0.00250	0.00812	0.00535	0.00501
8	0.00631	0.00459	0.00594	0.00619	0.00701	0.00423	0.00442	0.00792	0.01159	0.01594	0.43743	0.35549	0.09110	0.01202	0.00582	0.00169	0.00247	0.01073	0.00487	0.00423
9	0.01022	0.00734	0.00802	0.00724	0.00953	0.00743	0.00562	0.01620	0.30603	0.12478	0.07010	0.03081	0.35936	0.00903	0.00524	0.00159	0.00315	0.00753	0.00484	0.00595
10	0.71288	0.00904	0.00776	0.00669	0.00978	0.01005	0.00551	0.01572	0.00914	0.16343	0.00886	0.00930	0.00638	0.00470	0.00329	0.00148	0.00376	0.00299	0.00349	0.00571
11	0.00952	0.00525	0.00545	0.00523	0.00653	0.00536	0.00396	0.08202	0.01110	0.01851	0.01606	0.08135	0.01340	0.00633	0.00369	0.00121	0.00255	0.00516	0.71258	0.00475
12	0.00727	0.00527	0.00630	0.00608	0.00756	0.00481	0.00470	0.00953	0.04097	0.05098	0.38679	0.03969	0.32111	0.01066	0.00567	0.00161	0.00265	0.07887	0.00489	0.00460
13	0.00692	0.00474	0.00575	0.00575	0.00593	0.00492	0.00356	0.00729	0.00711	0.00966	0.01457	0.02858	0.01621	0.66026	0.19449	0.00529	0.00640	0.00656	0.00282	0.00319
14	0.00580	0.00425	0.00545	0.00641	0.00687	0.00390	0.00433	0.00668	0.00939	0.01230	0.02938	0.72134	0.13722	0.01458	0.00604	0.00190	0.00272	0.01311	0.00444	0.00390
15	0.00644	0.00478	0.00600	0.00589	0.00699	0.00434	0.00434	0.00831	0.01246	0.01709	0.55947	0.14652	0.17791	0.01090	0.00570	0.00158	0.00236	0.00958	0.00500	0.00434
16	0.01511	0.00979	0.01108	0.00884	0.01187	0.01013	0.00717	0.40510	0.01773	0.16940	0.15266	0.02125	0.12397	0.00733	0.00505	0.00148	0.00414	0.00593	0.00503	0.00695
17	0.00748	0.00538	0.00695	0.00765	0.00848	0.00534	0.00577	0.07921	0.01089	0.01443	0.02469	0.53852	0.02831	0.01363	0.00612	0.00197	0.00345	0.22284	0.00446	0.00442
18	0.00695	0.00463	0.00521	0.00521	0.00521	0.00463	0.00290	0.00695	0.00695	0.00927	0.01506	0.03128	0.01738	0.83203	0.02433	0.00463	0.00463	0.00695	0.00290	0.00290
19	0.00676	0.00504	0.00623	0.00695	0.00764	0.00501	0.00481	0.00941	0.11708	0.01358	0.03950	0.65651	0.05232	0.01336	0.00583	0.00186	0.00288	0.01201	0.02881	0.00442
20	0.00695	0.00463	0.00521	0.00521	0.00521	0.00463	0.00290	0.00695	0.00695	0.00927	0.01506	0.03128	0.01738	0.83203	0.02433	0.00463	0.00463	0.00695	0.00290	0.00290
21	0.00565	0.00484	0.00484	0.00484	0.00646	0.00403	0.00363	0.00686	0.01089	0.01291	0.04842	0.04600	0.80027	0.01210	0.00565	0.00161	0.00242	0.01009	0.00444	0.00403
22	0.00991	0.00850	0.00991	0.00708	0.01133	0.00637	0.00566	0.01203	0.00991	0.01557	0.00850	0.00991	0.00708	0.00354	0.00354	0.00071	0.00354	0.00283	0.00283	0.86124
23	0.00619	0.00485	0.00553	0.00537	0.00669	0.00427	0.00398	0.00780	0.01185	0.01544	0.37215	0.04083	0.43550	0.05062	0.00654	0.00171	0.00246	0.00931	0.00472	0.00419
24	0.01010	0.00910	0.01242	0.00887	0.01320	0.00716	0.11272	0.01248	0.01010	0.01554	0.00866	0.01032	0.00710	0.00361	0.00383	0.00083	0.00416	0.00322	0.00277	0.74380
25	0.00695	0.00465	0.00530	0.00530	0.00534	0.00468	0.00301	0.00701	0.00698	0.00933	0.01498	0.03082	0.01718	0.80278	0.05330	0.00475	0.00493	0.00688	0.00288	0.00295
26	0.07830	0.00821	0.00995	0.00888	0.01095	0.00899	0.00705	0.01760	0.22269	0.22425	0.03379	0.15583	0.01630	0.00836	0.00652	0.00173	0.11628	0.05348	0.00452	0.00633
27	0.04118	0.01082	0.19147	0.14622	0.01451	0.02708	0.00885	0.02937	0.00899	0.01259	0.01309	0.12496	0.01350	0.30030	0.01208	0.00270	0.02861	0.00617	0.00278	0.00473
28	0.08086	0.24096	0.12061	0.00993	0.01356	0.14938	0.00922	0.14998	0.01234	0.01616	0.00948	0.01098	0.02945	0.02555	0.02472	0.00153	0.04535	0.00356	0.00280	0.04357
29	0.00918	0.14134	0.33795	0.01019	0.04196	0.02839	0.01048	0.01198	0.00943	0.01274	0.01432	0.05755	0.08302	0.20119	0.00917	0.00220	0.00554	0.00529	0.00259	0.00549

[dist]
# distance from previous block
# <min> <max>
0	15

[block]
# block no. 2 follows, 53 sequences, length 132
# corresponding to MSA columns:
# 124-203,228-279
name=unknown_C
#
# <colnr> <probs for GDERKNQSTAVLIFYWHMCP>
#	G	D	E	R	K	N	Q	S	T	A	V	L	I	F	Y	W	H	M	C	P
0	0.02781	0.07588	0.01352	0.01152	0.12296	0.00923	0.05228	0.01537	0.11840	0.07791	0.01155	0.03209	0.00947	0.00480	0.00419	0.00115	0.00430	0.02026	0.00328	0.38403
1	0.19207	0.14680	0.08799	0.00862	0.01231	0.01116	0.00791	0.13031	0.03121	0.23032	0.07249	0.01382	0.02446	0.00556	0.00419	0.00141	0.00445	0.00418	0.00403	0.00673
2	0.01309	0.15593	0.05006	0.01017	0.01336	0.10486	0.02321	0.10809	0.38690	0.01796	0.01494	0.01462	0.03690	0.00590	0.00474	0.00146	0.02248	0.00457	0.00384	0.00694
3	0.00823	0.00563	0.00626	0.00587	0.00631	0.00580	0.00360	0.09597	0.00872	0.01165	0.01465	0.02902	0.01632	0.73765	0.02209	0.00427	0.00471	0.00665	0.00311	0.00349
4	0.01082	0.01013	0.01033	0.00768	0.01172	0.09849	0.00607	0.01284	0.01033	0.01513	0.00837	0.00976	0.00697	0.00370	0.00363	0.00077	0.00412	0.00286	0.00279	0.76351
5	0.01010	0.02420	0.01374	0.01163	0.01171	0.01357	0.00955	0.01103	0.00732	0.01124	0.00728	0.01279	0.00754	0.10237	0.01645	0.00236	0.71548	0.00447	0.00218	0.00498
6	0.01212	0.43158	0.28840	0.01065	0.01540	0.07977	0.01162	0.03401	0.01034	0.01308	0.00746	0.00881	0.00617	0.00457	0.00437	0.00127	0.04878	0.00306	0.00214	0.00640
7	0.01065	0.01349	0.19215	0.02327	0.53845	0.01045	0.01416	0.01386	0.01051	0.01512	0.01088	0.10477	0.00998	0.00555	0.00485	0.00150	0.00565	0.00516	0.00253	0.00704
8	0.00682	0.00458	0.00525	0.00538	0.00541	0.00455	0.00307	0.00692	0.00720	0.00960	0.01635	0.12238	0.01900	0.73870	0.02225	0.00433	0.00442	0.00771	0.00307	0.00301
9	0.00808	0.00507	0.00651	0.00602	0.00733	0.00469	0.00456	0.01030	0.01314	0.07630	0.65324	0.03224	0.03892	0.00901	0.00531	0.00146	0.00238	0.00789	0.10277	0.00477
10	0.00978	0.02337	0.71828	0.01437	0.02118	0.01121	0.10529	0.01516	0.01023	0.01516	0.00870	0.01041	0.00619	0.00448	0.00467	0.00152	0.00718	0.00377	0.00206	0.00699
11	0.00637	0.00443	0.00558	0.00628	0.00652	0.00428	0.00411	0.00700	0.00848	0.01128	0.02213	0.47986	0.02609	0.31455	0.01282	0.00295	0.00357	0.06627	0.00387	0.00356
12	0.00572	0.00469	0.00505	0.00528	0.00658	0.00402	0.00384	0.00689	0.01060	0.01297	0.06896	0.21650	0.60704	0.01265	0.00575	0.00168	0.00249	0.01080	0.00447	0.00402
13	0.11536	0.00824	0.01021	0.00810	0.01133	0.00777	0.00662	0.08889	0.01382	0.52664	0.13534	0.01782	0.01579	0.00632	0.00472	0.00148	0.00386	0.00509	0.00538	0.00725
14	0.11789	0.00826	0.01063	0.00825	0.01186	0.00745	0.00681	0.02224	0.01305	0.71596	0.01746	0.01530	0.01107	0.00575	0.00460	0.00148	0.00402	0.00455	0.00558	0.00780
15	0.00630	0.00450	0.00609	0.00720	0.00768	0.00429	0.00526	0.00748	0.00962	0.01273	0.02608	0.63315	0.03058	0.01453	0.00623	0.00201	0.00318	0.20466	0.00443	0.00401
16	0.00582	0.00416	0.00555	0.00666	0.00693	0.00388	0.00444	0.00666	0.00915	0.01220	0.02634	0.82891	0.03161	0.01497	0.00610	0.00194	0.00277	0.01359	0.00444	0.00388
17	0.01817	0.01339	0.01434	0.01100	0.01482	0.01482	0.00908	0.78627	0.02247	0.03012	0.01148	0.01148	0.00813	0.00574	0.00478	0.00143	0.00526	0.00430	0.00478	0.00813
18	0.00565	0.00484	0.00484	0.00484	0.00646	0.00403	0.00363	0.00686	0.01089	0.01291	0.04842	0.04600	0.80027	0.01210	0.00565	0.00161	0.00242	0.01009	0.00444	0.00403
19	0.00997	0.00489	0.00537	0.00505	0.00644	0.00473	0.00386	0.01216	0.01080	0.09990	0.10549	0.01970	0.01596	0.00608	0.00376	0.00120	0.00242	0.00497	0.67241	0.00484
20	0.00869	0.00450	0.00466	0.00462	0.00573	0.00446	0.00346	0.01092	0.01039	0.01796	0.09714	0.01968	0.01567	0.00601	0.00358	0.00115	0.00223	0.00489	0.76981	0.00446
21	0.00770	0.00550	0.00770	0.00880	0.00990	0.00550	0.00770	0.00990	0.01100	0.01430	0.02531	0.05391	0.02751	0.01320	0.00660	0.00220	0.00440	0.77004	0.00440	0.00440
22	0.00610	0.00499	0.00547	0.00571	0.00721	0.00435	0.00452	0.00752	0.01092	0.01322	0.04338	0.04773	0.63163	0.01234	0.00586	0.00174	0.00285	0.17593	0.00443	0.00411
23	0.00628	0.00435	0.00541	0.00608	0.00624	0.00418	0.00382	0.00677	0.00827	0.01102	0.02181	0.50857	0.02590	0.34311	0.01342	0.00302	0.00352	0.01092	0.00382	0.00349
24	0.00582	0.00416	0.00555	0.00666	0.00693	0.00388	0.00444	0.00666	0.00915	0.01220	0.02634	0.82891	0.03161	0.01497	0.00610	0.00194	0.00277	0.01359	0.00444	0.00388
25	0.86579	0.00924	0.00702	0.00629	0.00924	0.01072	0.00518	0.01405	0.00813	0.02144	0.00666	0.00776	0.00518	0.00444	0.00296	0.00148	0.00370	0.00259	0.00296	0.00518
26	0.00695	0.00463	0.00521	0.00521	0.00521	0.00463	0.00290	0.00695	0.00695	0.00927	0.01506	0.03128	0.01738	0.83203	0.02433	0.00463	0.00463	0.00695	0.00290	0.00290
27	0.01980	0.00779	0.01044	0.00812	0.01160	0.00671	0.00667	0.02158	0.01339	0.72308	0.02193	0.01936	0.09383	0.00656	0.00489	0.00149	0.00390	0.00536	0.00576	0.00771
28	0.01278	0.83490	0.02505	0.00818	0.01227	0.01891	0.00818	0.01431	0.00971	0.01125	0.00664	0.00767	0.00613	0.00409	0.00307	0.00102	0.00511	0.00256	0.00204	0.00613
29	0.01278	0.83490	0.02505	0.00818	0.01227	0.01891	0.00818	0.01431	0.00971	0.01125	0.00664	0.00767	0.00613	0.00409	0.00307	0.00102	0.00511	0.00256	0.00204	0.00613
30	0.00665	0.00488	0.00623	0.00589	0.00707	0.00446	0.00442	0.00879	0.01326	0.01852	0.72155	0.03677	0.12364	0.01001	0.00564	0.00151	0.00227	0.00879	0.00518	0.00446
31	0.00594	0.00421	0.00551	0.00651	0.00675	0.00396	0.00428	0.00669	0.00892	0.01190	0.02517	0.74595	0.03013	0.09995	0.00800	0.00222	0.00297	0.01290	0.00428	0.00378
32	0.01406	0.62976	0.02214	0.00922	0.01290	0.21945	0.00845	0.01552	0.01068	0.01136	0.00683	0.00791	0.00614	0.00430	0.00338	0.00108	0.00600	0.00269	0.00215	0.00598
33	0.00582	0.00416	0.00555	0.00666	0.00693	0.00388	0.00444	0.00666	0.00915	0.01220	0.02634	0.82891	0.03161	0.01497	0.00610	0.00194	0.00277	0.01359	0.00444	0.00388
34	0.00903	0.00850	0.01434	0.82054	0.03292	0.01062	0.01327	0.01221	0.00956	0.01221	0.00850	0.01274	0.00637	0.00478	0.00478	0.00159	0.00637	0.00425	0.00212	0.00531
35	0.00830	0.00415	0.00623	0.00623	0.00623	0.00415	0.00415	0.00623	0.00623	0.00830	0.00830	0.01453	0.00830	0.01660	0.01868	0.86094	0.00415	0.00415	0.00208	0.00208
36	0.10689	0.00858	0.01350	0.72753	0.03021	0.01063	0.01235	0.01242	0.00939	0.01327	0.00829	0.01217	0.00623	0.00474	0.00457	0.00158	0.00607	0.00406	0.00222	0.00529
37	0.01021	0.22966	0.01534	0.00981	0.01123	0.02690	0.00841	0.01160	0.00896	0.01233	0.09940	0.01487	0.04338	0.01033	0.09350	0.00229	0.37938	0.00457	0.00259	0.00525
38	0.01183	0.01136	0.01940	0.02934	0.80221	0.01136	0.01467	0.01467	0.01088	0.01562	0.00899	0.01183	0.00757	0.00426	0.00473	0.00142	0.00568	0.00426	0.00237	0.00757
39	0.00582	0.00416	0.00555	0.00666	0.00693	0.00388	0.00444	0.00666	0.00915	0.01220	0.02634	0.82891	0.03161	0.01497	0.00610	0.00194	0.00277	0.01359	0.00444	0.00388
40	0.00630	0.00455	0.00612	0.00668	0.00719	0.00457	0.00468	0.00739	0.00893	0.01214	0.07701	0.43887	0.05153	0.11308	0.21198	0.00366	0.00550	0.02207	0.00384	0.00392
41	0.00582	0.00416	0.00555	0.00666	0.00693	0.00388	0.00444	0.00666	0.00915	0.01220	0.02634	0.82891	0.03161	0.01497	0.00610	0.00194	0.00277	0.01359	0.00444	0.00388
42	0.00991	0.00850	0.00991	0.00708	0.01133	0.00637	0.00566	0.01203	0.00991	0.01557	0.00850	0.00991	0.00708	0.00354	0.00354	0.00071	0.00354	0.00283	0.00283	0.86124
43	0.01206	0.01005	0.01082	0.00975	0.01239	0.01146	0.00774	0.10276	0.62399	0.02040	0.01929	0.02129	0.01539	0.00717	0.00505	0.00167	0.00401	0.09263	0.00480	0.00726
44	0.10425	0.00540	0.00555	0.00552	0.00714	0.00500	0.00427	0.00823	0.01084	0.01474	0.13757	0.04069	0.52709	0.02860	0.00582	0.00170	0.00277	0.07625	0.00434	0.00423
45	0.06563	0.00819	0.01088	0.00839	0.01205	0.00722	0.00693	0.02281	0.01339	0.76449	0.01822	0.01582	0.01148	0.00584	0.00471	0.00148	0.00405	0.00469	0.00576	0.00798
46	0.01452	0.01129	0.01221	0.01025	0.01333	0.01266	0.00832	0.39505	0.33593	0.02434	0.01617	0.01848	0.01278	0.00682	0.00500	0.00159	0.00457	0.08439	0.00478	0.00751
47	0.00582	0.00433	0.00543	0.00630	0.00688	0.00394	0.00432	0.00676	0.00956	0.01239	0.03114	0.64451	0.19928	0.01432	0.00601	0.00187	0.00272	0.02604	0.00444	0.00392
48	0.00991	0.00850	0.00991	0.00708	0.01133	0.00637	0.00566	0.01203	0.00991	0.01557	0.00850	0.00991	0.00708	0.00354	0.00354	0.00071	0.00354	0.00283	0.00283	0.86124
49	0.00582	0.00418	0.00552	0.00659	0.00692	0.00389	0.00441	0.00666	0.00921	0.01222	0.02708	0.80281	0.05723	0.01488	0.00609	0.00193	0.00276	0.01347	0.00444	0.00389
50	0.00582	0.00416	0.00555	0.00666	0.00693	0.00388	0.00444	0.00666	0.00915	0.01220	0.02634	0.82891	0.03161	0.01497	0.00610	0.00194	0.00277	0.01359	0.00444	0.00388
51	0.00753	0.00541	0.00746	0.00836	0.00948	0.00534	0.00721	0.00971	0.01129	0.01482	0.11447	0.05159	0.05342	0.01278	0.00646	0.00210	0.00409	0.65957	0.00450	0.00440
52	0.00664	0.00488	0.00621	0.00588	0.00706	0.00446	0.00441	0.00877	0.01323	0.01845	0.71388	0.03688	0.13135	0.01004	0.00564	0.00152	0.00227	0.00881	0.00517	0.00446
53	0.00683	0.00512	0.00768	0.00768	0.00853	0.00597	0.00597	0.00853	0.00768	0.01110	0.01280	0.01878	0.01195	0.03585	0.81308	0.00768	0.01280	0.00512	0.00256	0.00427
54	0.01002	0.00577	0.00838	0.00782	0.00928	0.00618	0.00615	0.01173	0.00898	0.18443	0.01416	0.01845	0.01202	0.04319	0.62295	0.00627	0.01075	0.00508	0.00330	0.00509
55	0.00795	0.00616	0.00741	0.00702	0.00845	0.00630	0.00527	0.01289	0.21006	0.01858	0.51427	0.12179	0.03585	0.00954	0.00549	0.00158	0.00270	0.00839	0.00507	0.00521
56	0.01603	0.01951	0.01262	0.01154	0.01386	0.63743	0.00871	0.01871	0.10203	0.01258	0.00933	0.01073	0.00772	0.00832	0.08849	0.00195	0.00850	0.00356	0.00275	0.00564
57	0.00692	0.00491	0.00661	0.00661	0.00712	0.00540	0.00466	0.00794	0.00743	0.01049	0.01378	0.02385	0.01417	0.35982	0.47426	0.00630	0.00925	0.00585	0.02092	0.00371
58	0.01826	0.02111	0.01326	0.01188	0.01448	0.72080	0.00898	0.01957	0.01356	0.10237	0.00870	0.00949	0.00680	0.00504	0.00437	0.00126	0.00810	0.00328	0.00286	0.00584
59	0.01594	0.01288	0.01265	0.01025	0.01339	0.10405	0.00822	0.56077	0.01922	0.02490	0.01525	0.09868	0.06806	0.00707	0.00493	0.00148	0.00518	0.00555	0.00446	0.00709
60	0.01189	0.01027	0.01081	0.00973	0.01243	0.01189	0.00757	0.02540	0.79357	0.01999	0.01945	0.01783	0.01459	0.00648	0.00486	0.00162	0.00378	0.00540	0.00486	0.00757
61	0.01189	0.01027	0.01081	0.00973	0.01243	0.01189	0.00757	0.02540	0.79357	0.01999	0.01945	0.01783	0.01459	0.00648	0.00486	0.00162	0.00378	0.00540	0.00486	0.00757
62	0.00634	0.00487	0.00580	0.00557	0.00688	0.00433	0.00418	0.00820	0.01253	0.01680	0.51486	0.03961	0.33141	0.01066	0.00564	0.00155	0.00232	0.00919	0.00495	0.00433
63	0.00585	0.00487	0.00514	0.00526	0.00677	0.00416	0.00402	0.00716	0.01091	0.01316	0.06447	0.07282	0.69185	0.01223	0.00574	0.00167	0.00259	0.07279	0.00446	0.00407
64	0.00694	0.00496	0.00680	0.00773	0.00855	0.00482	0.00619	0.00866	0.01064	0.01412	0.11412	0.32360	0.03096	0.01343	0.00632	0.00203	0.00359	0.41781	0.00451	0.00423
65	0.00991	0.00850	0.00991	0.00708	0.01133	0.00637	0.00566	0.01203	0.00991	0.01557	0.00850	0.00991	0.00708	0.00354	0.00354	0.00071	0.00354	0.00283	0.00283	0.86124
66	0.01401	0.01509	0.01703	0.05348	0.47510	0.27426	0.01256	0.05440	0.01228	0.01492	0.00857	0.01079	0.00709	0.00457	0.00460	0.00137	0.00665	0.00387	0.00251	0.00685
67	0.00701	0.00511	0.00593	0.00583	0.00667	0.00471	0.00388	0.00770	0.00845	0.01128	0.02141	0.13886	0.13225	0.44889	0.01550	0.00321	0.00392	0.06462	0.00343	0.10135
68	0.01155	0.00583	0.00780	0.00700	0.00881	0.00523	0.00535	0.01335	0.01263	0.28479	0.36566	0.20220	0.03085	0.00960	0.00546	0.00159	0.00298	0.00842	0.00530	0.00560
69	0.00944	0.00888	0.01438	0.69168	0.02973	0.01126	0.01279	0.03048	0.00956	0.01254	0.00826	0.01240	0.00640	0.00529	0.00626	0.00166	0.11721	0.00424	0.00218	0.00537
70	0.12037	0.07431	0.01284	0.00928	0.01262	0.06667	0.07584	0.08635	0.06633	0.02777	0.00990	0.01177	0.00811	0.02026	0.09684	0.00196	0.01688	0.00373	0.00305	0.27513
71	0.00631	0.00435	0.00549	0.00609	0.00647	0.00409	0.00401	0.00673	0.00870	0.01141	0.03842	0.47133	0.12482	0.16900	0.01091	0.10052	0.00323	0.01072	0.00389	0.00352
72	0.00640	0.00461	0.00575	0.00619	0.00674	0.00438	0.00417	0.00771	0.02927	0.01337	0.19447	0.42613	0.07788	0.17893	0.00963	0.00236	0.00304	0.01075	0.00432	0.00392
73	0.83957	0.00937	0.00725	0.00643	0.00942	0.01085	0.00530	0.03793	0.00858	0.02171	0.00680	0.00788	0.00527	0.00448	0.00301	0.00148	0.00375	0.00264	0.00301	0.00527
74	0.00990	0.02666	0.02482	0.01123	0.05612	0.01017	0.07947	0.01560	0.27033	0.01469	0.01400	0.01830	0.01216	0.10689	0.17753	0.00328	0.11636	0.02336	0.00330	0.00581
75	0.01797	0.01304	0.01404	0.01079	0.01452	0.01437	0.00888	0.74791	0.02187	0.04888	0.01175	0.01209	0.00845	0.02631	0.00527	0.00152	0.00521	0.00438	0.00476	0.00800
76	0.00592	0.00432	0.00558	0.00639	0.00691	0.00397	0.00436	0.00696	0.00986	0.01312	0.12207	0.65321	0.11161	0.01405	0.00600	0.00185	0.00267	0.01263	0.00454	0.00397
77	0.01529	0.43364	0.01936	0.01022	0.01351	0.41119	0.00870	0.01667	0.01161	0.01147	0.00701	0.00814	0.00615	0.00450	0.00368	0.00113	0.00684	0.00281	0.00225	0.00584
78	0.00567	0.00476	0.00492	0.00505	0.00651	0.00402	0.00372	0.00684	0.01070	0.01283	0.04590	0.13542	0.71247	0.01243	0.00570	0.00165	0.00246	0.01049	0.00444	0.00402
79	0.76897	0.00972	0.00786	0.00682	0.00988	0.01119	0.00562	0.10225	0.00977	0.02244	0.00721	0.00819	0.00551	0.00459	0.00317	0.00147	0.00388	0.00278	0.00317	0.00551
80	0.01026	0.00572	0.00736	0.00661	0.00827	0.00529	0.00502	0.01185	0.01137	0.20539	0.25658	0.03003	0.13671	0.14004	0.10057	0.00271	0.00437	0.02963	0.00456	0.01767
81	0.00597	0.00422	0.00550	0.00647	0.00671	0.00398	0.00424	0.00669	0.00886	0.01182	0.02487	0.72499	0.02976	0.12142	0.00848	0.00229	0.00302	0.01272	0.00424	0.00375
82	0.00683	0.00512	0.00768	0.00768	0.00853	0.00597	0.00597	0.00853	0.00768	0.01110	0.01280	0.01878	0.01195	0.03585	0.81308	0.00768	0.01280	0.00512	0.00256	0.00427
83	0.00683	0.00512	0.00768	0.00768	0.00853	0.00597	0.00597	0.00853	0.00768	0.01110	0.01280	0.01878	0.01195	0.03585	0.81308	0.00768	0.01280	0.00512	0.00256	0.00427
84	0.00611	0.00472	0.00558	0.00566	0.00682	0.00419	0.00413	0.00765	0.01156	0.01518	0.33387	0.20028	0.35348	0.01178	0.00574	0.00164	0.00243	0.01024	0.00476	0.00419
85	0.00690	0.00484	0.00625	0.00625	0.00660	0.00519	0.00418	0.00761	0.00726	0.01003	0.01412	0.02605	0.01511	0.49882	0.35443	0.00591	0.00805	0.00618	0.00276	0.00347
86	0.00749	0.00535	0.00746	0.00856	0.00956	0.00532	0.00733	0.00953	0.01079	0.01406	0.02543	0.14243	0.02798	0.01341	0.00654	0.00217	0.00422	0.68364	0.00441	0.00434
87	0.76778	0.00882	0.00710	0.00657	0.00932	0.01013	0.00546	0.01358	0.00846	0.02063	0.00879	0.01304	0.00773	0.00544	0.00337	0.00156	0.00378	0.09025	0.00312	0.00509
88	0.00882	0.00675	0.00976	0.01196	0.12791	0.00682	0.00880	0.04786	0.01154	0.01526	0.02222	0.04562	0.02361	0.01152	0.00624	0.00205	0.00463	0.61947	0.00412	0.00505
89	0.00582	0.00416	0.00555	0.00666	0.00693	0.00388	0.00444	0.00666	0.00915	0.01220	0.02634	0.82891	0.03161	0.01497	0.00610	0.00194	0.00277	0.01359	0.00444	0.00388
90	0.02144	0.00813	0.01109	0.00850	0.01220	0.00702	0.00702	0.02329	0.01368	0.80552	0.01886	0.01627	0.01183	0.00592	0.00481	0.00148	0.00407	0.00481	0.00592	0.00813
91	0.00664	0.00488	0.00621	0.00588	0.00706	0.00446	0.00441	0.00877	0.01323	0.01845	0.71388	0.03688	0.13135	0.01004	0.00564	0.00152	0.00227	0.00881	0.00517	0.00446
92	0.00695	0.00463	0.00521	0.00521	0.00521	0.00463	0.00290	0.00695	0.00695	0.00927	0.01506	0.03128	0.01738	0.83203	0.02433	0.00463	0.00463	0.00695	0.00290	0.00290
93	0.00891	0.00445	0.00445	0.00445	0.00557	0.00445	0.00334	0.01114	0.01002	0.01782	0.01559	0.01782	0.01225	0.00557	0.00334	0.00111	0.00223	0.00445	0.85856	0.00445
94	0.01189	0.01027	0.01081	0.00973	0.01243	0.01189	0.00757	0.02540	0.79357	0.01999	0.01945	0.01783	0.01459	0.00648	0.00486	0.00162	0.00378	0.00540	0.00486	0.00757
95	0.01785	0.02278	0.01354	0.01231	0.01478	0.81284	0.00924	0.01909	0.01354	0.01170	0.00739	0.00862	0.00616	0.00493	0.00431	0.00123	0.00862	0.00308	0.00246	0.00554
96	0.02144	0.00813	0.01109	0.00850	0.01220	0.00702	0.00702	0.02329	0.01368	0.80552	0.01886	0.01627	0.01183	0.00592	0.00481	0.00148	0.00407	0.00481	0.00592	0.00813
97	0.00565	0.00484	0.00484	0.00484	0.00646	0.00403	0.00363	0.00686	0.01089	0.01291	0.04842	0.04600	0.80027	0.01210	0.00565	0.00161	0.00242	0.01009	0.00444	0.00403
98	0.01785	0.02278	0.01354	0.01231	0.01478	0.81284	0.00924	0.01909	0.01354	0.01170	0.00739	0.00862	0.00616	0.00493	0.00431	0.00123	0.00862	0.00308	0.00246	0.00554
99	0.00565	0.00484	0.00484	0.00484	0.00646	0.00403	0.00363	0.00686	0.01089	0.01291	0.04842	0.04600	0.80027	0.01210	0.00565	0.00161	0.00242	0.01009	0.00444	0.00403
100	0.00582	0.00416	0.00555	0.00666	0.00693	0.00388	0.00444	0.00666	0.00915	0.01220	0.02634	0.82891	0.03161	0.01497	0.00610	0.00194	0.00277	0.01359	0.00444	0.00388
101	0.02144	0.00813	0.01109	0.00850	0.01220	0.00702	0.00702	0.02329	0.01368	0.80552	0.01886	0.01627	0.01183	0.00592	0.00481	0.00148	0.00407	0.00481	0.00592	0.00813
102	0.86579	0.00924	0.00702	0.00629	0.00924	0.01072	0.00518	0.01405	0.00813	0.02144	0.00666	0.00776	0.00518	0.00444	0.00296	0.00148	0.00370	0.00259	0.00296	0.00518
103	0.00569	0.00484	0.00489	0.00488	0.00648	0.00405	0.00366	0.00693	0.01098	0.01312	0.07346	0.04566	0.77510	0.01203	0.00565	0.00161	0.00242	0.01004	0.00447	0.00405
104	0.01785	0.02278	0.01354	0.01231	0.01478	0.81284	0.00924	0.01909	0.01354	0.01170	0.00739	0.00862	0.00616	0.00493	0.00431	0.00123	0.00862	0.00308	0.00246	0.00554
105	0.86579	0.00924	0.00702	0.00629	0.00924	0.01072	0.00518	0.01405	0.00813	0.02144	0.00666	0.00776	0.00518	0.00444	0.00296	0.00148	0.00370	0.00259	0.00296	0.00518
106	0.00580	0.00424	0.00547	0.00645	0.00688	0.00390	0.00434	0.00668	0.00935	0.01228	0.02887	0.73948	0.11941	0.01465	0.00605	0.00190	0.00273	0.01319	0.00444	0.00390
107	0.00959	0.02472	0.80726	0.01362	0.02069	0.01110	0.01766	0.01514	0.01009	0.01514	0.00858	0.01009	0.00605	0.00454	0.00454	0.00151	0.00706	0.00353	0.00202	0.00706
108	0.00856	0.00538	0.00703	0.00639	0.00784	0.00497	0.00487	0.01104	0.03205	0.10900	0.69199	0.03306	0.04057	0.00925	0.00552	0.00150	0.00250	0.00813	0.00533	0.00500
109	0.64934	0.00803	0.00638	0.00582	0.00832	0.00914	0.00471	0.01331	0.00861	0.02053	0.00891	0.01030	0.00696	0.00472	0.00305	0.00139	0.00333	0.00306	0.21908	0.00499
110	0.01128	0.01289	0.02820	0.02015	0.02498	0.01209	0.78485	0.01531	0.01128	0.01531	0.00967	0.01289	0.00725	0.00403	0.00564	0.00161	0.00806	0.00564	0.00242	0.00645
111	0.01817	0.01339	0.01434	0.01100	0.01482	0.01482	0.00908	0.78627	0.02247	0.03012	0.01148	0.01148	0.00813	0.00574	0.00478	0.00143	0.00526	0.00430	0.00478	0.00813
112	0.00580	0.00439	0.00534	0.00607	0.00677	0.00395	0.00417	0.00676	0.00972	0.01248	0.04462	0.56703	0.26551	0.02593	0.00622	0.00187	0.00269	0.01235	0.00443	0.00392
113	0.00588	0.00485	0.00517	0.00509	0.00660	0.00413	0.00382	0.00731	0.01145	0.01422	0.20574	0.04384	0.64214	0.01162	0.00565	0.00159	0.00239	0.00979	0.00461	0.00413
114	0.00567	0.00484	0.00487	0.00486	0.00647	0.00404	0.00365	0.00690	0.01094	0.01302	0.06130	0.04582	0.78732	0.01206	0.00565	0.00161	0.00242	0.01006	0.00445	0.00404
115	0.03812	0.00921	0.01166	0.00896	0.01267	0.00866	0.00740	0.17579	0.01533	0.63426	0.01713	0.01513	0.01095	0.00585	0.00476	0.00147	0.00430	0.00466	0.00563	0.00807
116	0.35198	0.00997	0.01016	0.00828	0.01156	0.01074	0.00679	0.22876	0.05051	0.21483	0.02893	0.02755	0.00941	0.00557	0.00412	0.00148	0.00417	0.00407	0.00435	0.00678
117	0.01788	0.01311	0.01404	0.01079	0.01454	0.01450	0.00891	0.76230	0.02209	0.02974	0.01160	0.01167	0.00826	0.00573	0.00474	0.00142	0.00517	0.00431	0.03119	0.00801
118	0.00587	0.00485	0.00514	0.00507	0.00659	0.00413	0.00380	0.00728	0.01141	0.01413	0.19448	0.04400	0.65345	0.01165	0.00565	0.00159	0.00239	0.00981	0.00460	0.00413
119	0.00627	0.00463	0.00588	0.00624	0.00705	0.00428	0.00442	0.00792	0.02468	0.01511	0.32735	0.41548	0.12799	0.01248	0.00585	0.00173	0.00255	0.01112	0.00476	0.00421
120	0.02261	0.00601	0.00704	0.00678	0.00815	0.00597	0.00502	0.09805	0.05361	0.03096	0.24826	0.28037	0.12553	0.02756	0.00585	0.00170	0.00297	0.00929	0.04941	0.00487
121	0.00693	0.00472	0.00563	0.00563	0.00577	0.00486	0.00341	0.00722	0.00707	0.00957	0.01468	0.02918	0.01646	0.69821	0.15690	0.00515	0.00601	0.00664	0.00284	0.00313
122	0.01785	0.02278	0.01354	0.01231	0.01478	0.81284	0.00924	0.01909	0.01354	0.01170	0.00739	0.00862	0.00616	0.00493	0.00431	0.00123	0.00862	0.00308	0.00246	0.00554
123	0.02050	0.00535	0.00653	0.00622	0.00754	0.00496	0.00456	0.02103	0.01117	0.12477	0.23391	0.16015	0.15649	0.13969	0.00841	0.00208	0.00312	0.03208	0.04680	0.00463
124	0.00613	0.00484	0.00531	0.00538	0.00680	0.00417	0.00402	0.00747	0.01109	0.02625	0.14162	0.13198	0.57959	0.01206	0.00572	0.00165	0.00253	0.03467	0.00457	0.00416
125	0.00972	0.02377	0.74441	0.01415	0.02103	0.01118	0.07955	0.01515	0.01019	0.01515	0.00867	0.01032	0.00615	0.00450	0.00463	0.00152	0.00714	0.00370	0.00205	0.00701
126	0.00579	0.00441	0.00529	0.00598	0.00672	0.00396	0.00411	0.00674	0.00970	0.01237	0.03381	0.53088	0.30212	0.03660	0.00645	0.00190	0.00270	0.01217	0.00439	0.00391
127	0.01009	0.00645	0.00768	0.00719	0.00872	0.00642	0.00535	0.12330	0.03333	0.11292	0.02344	0.25377	0.13284	0.13316	0.05479	0.00246	0.00417	0.03705	0.03180	0.00507
128	0.00987	0.00847	0.00938	0.10124	0.01241	0.08378	0.00707	0.14535	0.02855	0.01541	0.01866	0.43011	0.02039	0.02751	0.00632	0.00181	0.03927	0.02540	0.00392	0.00507
129	0.67274	0.07649	0.02153	0.00708	0.01026	0.01175	0.00604	0.10221	0.01002	0.02148	0.02047	0.00868	0.00627	0.00465	0.00324	0.00144	0.00402	0.00290	0.00312	0.00561
130	0.01145	0.01109	0.01425	0.06401	0.01431	0.05214	0.02652	0.07601	0.09890	0.01412	0.00879	0.02446	0.00780	0.00756	0.01196	0.00190	0.54183	0.00446	0.00269	0.00575
131	0.02697	0.10490	0.02114	0.01465	0.01791	0.01200	0.40556	0.02996	0.01054	0.01472	0.07294	0.01440	0.01057	0.01929	0.05809	0.00202	0.13038	0.00518	0.02294	0.00585

[dist]
# distance from previous block
# <min> <max>
0	1

[block]
# block no. 3 follows, 53 sequences, length 26
# corresponding to MSA columns:
# 281-306
name=unknown_D
#
# <colnr> <probs for GDERKNQSTAVLIFYWHMCP>
#	G	D	E	R	K	N	Q	S	T	A	V	L	I	F	Y	W	H	M	C	P
0	0.01120	0.08268	0.01056	0.06056	0.01119	0.02194	0.00651	0.15178	0.01385	0.09233	0.36118	0.02327	0.03945	0.00842	0.00627	0.07895	0.00378	0.00619	0.00439	0.00549
1	0.01177	0.43024	0.25404	0.01195	0.01703	0.01512	0.15159	0.01494	0.01020	0.03125	0.00804	0.00952	0.00644	0.00425	0.00400	0.00128	0.00619	0.00345	0.00219	0.00651
2	0.12968	0.01082	0.04276	0.01088	0.08636	0.01074	0.00830	0.30577	0.01546	0.22533	0.01281	0.01285	0.00898	0.00541	0.00438	0.00142	0.00454	0.00419	0.09205	0.00727
3	0.01022	0.01011	0.01419	0.01223	0.01229	0.01407	0.01016	0.01131	0.00734	0.01148	0.00670	0.01100	0.00664	0.01016	0.06768	0.00246	0.77043	0.00424	0.00212	0.00517
4	0.00992	0.01346	0.22315	0.01408	0.13747	0.02706	0.12722	0.04787	0.01123	0.02840	0.01990	0.02073	0.22366	0.00663	0.00532	0.00151	0.02852	0.00579	0.00303	0.04504
5	0.00688	0.00460	0.00523	0.00531	0.00533	0.00458	0.00300	0.00693	0.00709	0.00946	0.01580	0.08339	0.01831	0.77864	0.02314	0.00446	0.00451	0.00738	0.00300	0.00296
6	0.01817	0.01339	0.01434	0.01100	0.01482	0.01482	0.00908	0.78627	0.02247	0.03012	0.01148	0.01148	0.00813	0.00574	0.00478	0.00143	0.00526	0.00430	0.00478	0.00813
7	0.00580	0.00442	0.00534	0.00602	0.00678	0.00396	0.00417	0.00682	0.00992	0.01273	0.06574	0.53336	0.29012	0.01380	0.00593	0.00181	0.00263	0.01221	0.00447	0.00396
8	0.00790	0.00681	0.00828	0.00813	0.00908	0.07888	0.00627	0.00950	0.00818	0.01110	0.01224	0.01807	0.01147	0.05705	0.69850	0.00688	0.02975	0.00497	0.00255	0.00436
9	0.00648	0.00475	0.00562	0.00605	0.00677	0.00447	0.00429	0.00740	0.00926	0.01182	0.02879	0.20077	0.24732	0.28276	0.01206	0.00278	0.00358	0.14740	0.00392	0.00370
10	0.00753	0.00538	0.00751	0.00861	0.00963	0.00535	0.00741	0.00961	0.01083	0.01411	0.02540	0.12439	0.02788	0.01336	0.00656	0.00218	0.00425	0.70125	0.00440	0.00435
11	0.00580	0.00425	0.00545	0.00641	0.00687	0.00390	0.00433	0.00668	0.00938	0.01230	0.02927	0.72512	0.13351	0.01459	0.00604	0.00190	0.00273	0.01312	0.00444	0.00390
12	0.00991	0.00850	0.00991	0.00708	0.01133	0.00637	0.00566	0.01203	0.00991	0.01557	0.00850	0.00991	0.00708	0.00354	0.00354	0.00071	0.00354	0.00283	0.00283	0.86124
13	0.00688	0.00490	0.00654	0.00654	0.00700	0.00536	0.00455	0.00780	0.00734	0.01025	0.01385	0.02455	0.01446	0.40367	0.44869	0.00627	0.00903	0.00597	0.00272	0.00363
14	0.00699	0.00479	0.00563	0.00586	0.00690	0.00427	0.00410	0.00799	0.01004	0.06660	0.05867	0.33536	0.33812	0.11251	0.00803	0.00209	0.00293	0.01061	0.00438	0.00413
15	0.39629	0.00903	0.00950	0.00772	0.01107	0.00931	0.00636	0.07204	0.02753	0.38756	0.01293	0.01219	0.00867	0.00526	0.00398	0.00148	0.00398	0.00380	0.00450	0.00681
16	0.01291	0.00847	0.00983	0.00851	0.01106	0.00894	0.00669	0.05007	0.37997	0.19654	0.22764	0.02201	0.02188	0.00721	0.00505	0.00155	0.00350	0.00609	0.00520	0.00690
17	0.01350	0.01107	0.01171	0.01005	0.01304	0.01264	0.00795	0.22032	0.59603	0.02259	0.01741	0.01620	0.01293	0.00629	0.00484	0.00157	0.00416	0.00512	0.00484	0.00771
18	0.00741	0.00462	0.00621	0.00684	0.00749	0.00438	0.00476	0.00842	0.00940	0.08370	0.02399	0.64946	0.02736	0.03220	0.07968	0.00246	0.00383	0.01171	0.02179	0.00429
19	0.09759	0.00823	0.01073	0.00830	0.01193	0.00736	0.00686	0.02246	0.01318	0.73481	0.01776	0.01550	0.01123	0.00578	0.00464	0.00148	0.00403	0.00461	0.00565	0.00787
20	0.00582	0.00416	0.00555	0.00666	0.00693	0.00388	0.00444	0.00666	0.00915	0.01220	0.02634	0.82891	0.03161	0.01497	0.00610	0.00194	0.00277	0.01359	0.00444	0.00388
21	0.00808	0.00415	0.00617	0.00627	0.00629	0.00413	0.00418	0.00627	0.00649	0.00865	0.00993	0.08797	0.01040	0.01646	0.01755	0.78347	0.00403	0.00500	0.00229	0.00224
22	0.01072	0.01035	0.01644	0.25468	0.47583	0.04331	0.01311	0.01341	0.01045	0.01416	0.01036	0.08627	0.00935	0.00541	0.00485	0.00151	0.00573	0.00506	0.00249	0.00650
23	0.00754	0.00587	0.00786	0.00748	0.00781	0.00696	0.00544	0.00838	0.00730	0.01037	0.01261	0.02274	0.01330	0.37926	0.32352	0.00534	0.15602	0.00575	0.00262	0.00384
24	0.01785	0.02278	0.01354	0.01231	0.01478	0.81284	0.00924	0.01909	0.01354	0.01170	0.00739	0.00862	0.00616	0.00493	0.00431	0.00123	0.00862	0.00308	0.00246	0.00554
25	0.01035	0.00953	0.01606	0.34823	0.40214	0.01047	0.01307	0.01285	0.00985	0.01349	0.00867	0.01242	0.00712	0.00567	0.00623	0.07901	0.02226	0.00424	0.00224	0.00611

[dist]
# distance from previous block
# <min> <max>
0	351

# created by:
# /st0/software/busco_prod/Augustus/scripts/msa2prfl.pl ./align_prep/29212.fa
