[name]
unknown

[dist]
# distance from previous block
# <min> <max>
0	132

[block]
# block no. 0 follows, 48 sequences, length 24
# corresponding to MSA columns:
# 132-155
name=unknown_A
#
# <colnr> <probs for GDERKNQSTAVLIFYWHMCP>
#	G	D	E	R	K	N	Q	S	T	A	V	L	I	F	Y	W	H	M	C	P
0	0.00827	0.00591	0.00827	0.00945	0.01063	0.00591	0.00827	0.01063	0.01181	0.01536	0.02717	0.05788	0.02953	0.01417	0.00709	0.00236	0.00472	0.75313	0.00472	0.00472
1	0.01058	0.09250	0.72962	0.01414	0.02146	0.01261	0.01811	0.01618	0.01080	0.01590	0.00904	0.01062	0.00651	0.00483	0.00474	0.00158	0.00741	0.00370	0.00217	0.00750
2	0.01623	0.01574	0.01287	0.01139	0.01435	0.28931	0.00879	0.06523	0.40509	0.08269	0.01580	0.01515	0.01185	0.00628	0.00500	0.00157	0.00600	0.00480	0.00440	0.00744
3	0.01029	0.02654	0.79309	0.01462	0.02221	0.01192	0.01896	0.01625	0.01083	0.01625	0.00921	0.01083	0.00650	0.00487	0.00487	0.00162	0.00758	0.00379	0.00217	0.00758
4	0.01951	0.01437	0.01540	0.01181	0.01591	0.01591	0.00975	0.77056	0.02412	0.03234	0.01232	0.01232	0.00873	0.00616	0.00513	0.00154	0.00565	0.00462	0.00513	0.00873
5	0.00750	0.00556	0.00704	0.00661	0.00794	0.00525	0.00497	0.01053	0.05604	0.02030	0.70790	0.03782	0.08222	0.01042	0.00601	0.00163	0.00252	0.00916	0.00558	0.00500
6	0.01270	0.01219	0.02083	0.03149	0.78767	0.01219	0.01575	0.01575	0.01168	0.01676	0.00965	0.01270	0.00813	0.00457	0.00508	0.00152	0.00610	0.00457	0.00254	0.00813
7	0.01951	0.01437	0.01540	0.01181	0.01591	0.01591	0.00975	0.77056	0.02412	0.03234	0.01232	0.01232	0.00873	0.00616	0.00513	0.00154	0.00565	0.00462	0.00513	0.00873
8	0.01029	0.02654	0.79309	0.01462	0.02221	0.01192	0.01896	0.01625	0.01083	0.01625	0.00921	0.01083	0.00650	0.00487	0.00487	0.00162	0.00758	0.00379	0.00217	0.00758
9	0.01096	0.01046	0.01559	0.07515	0.01674	0.01062	0.13182	0.01335	0.01009	0.01519	0.00867	0.01156	0.00733	0.00540	0.00783	0.00140	0.22481	0.00405	0.00269	0.41628
10	0.22105	0.01298	0.01331	0.01043	0.01431	0.01437	0.00862	0.54589	0.01988	0.07367	0.01153	0.01166	0.00819	0.00583	0.00466	0.00155	0.00517	0.00421	0.00473	0.00796
11	0.31369	0.01349	0.01243	0.01009	0.01371	0.07661	0.00823	0.41846	0.04475	0.02710	0.01045	0.01092	0.00769	0.00563	0.00441	0.00155	0.00529	0.00391	0.00425	0.00737
12	0.01099	0.01044	0.01773	0.47298	0.35956	0.01174	0.01490	0.01425	0.01087	0.01468	0.00935	0.01326	0.00739	0.00489	0.00511	0.00163	0.00652	0.00457	0.00239	0.00675
13	0.01861	0.01393	0.01489	0.01162	0.01557	0.01549	0.00954	0.67184	0.12430	0.03089	0.01346	0.01323	0.00965	0.00627	0.00514	0.00157	0.00544	0.00478	0.00514	0.00865
14	0.01022	0.00954	0.01491	0.63829	0.03068	0.01192	0.01320	0.01493	0.11209	0.01416	0.01049	0.01421	0.00800	0.00568	0.00607	0.00176	0.07044	0.00472	0.00267	0.00601
15	0.01062	0.00973	0.01582	0.68952	0.09387	0.01178	0.01405	0.06668	0.01135	0.01476	0.00939	0.01351	0.00708	0.00516	0.00513	0.00168	0.00670	0.00457	0.00250	0.00611
16	0.01764	0.01340	0.01508	0.11735	0.01828	0.01505	0.01021	0.60838	0.08477	0.02888	0.01260	0.01307	0.00905	0.00609	0.00514	0.00158	0.00567	0.00471	0.00476	0.00827
17	0.01064	0.00973	0.01510	0.64613	0.03105	0.01204	0.01329	0.06148	0.07462	0.01496	0.01016	0.01391	0.00768	0.00557	0.00581	0.00173	0.05267	0.00466	0.00270	0.00608
18	0.10232	0.01636	0.01365	0.17283	0.01881	0.32739	0.01004	0.12268	0.13425	0.01786	0.01073	0.01203	0.00826	0.00558	0.00474	0.00152	0.00691	0.00408	0.00337	0.00658
19	0.10720	0.01224	0.01514	0.06832	0.01607	0.05884	0.07263	0.19303	0.01316	0.04642	0.01159	0.01374	0.04985	0.00710	0.00914	0.00182	0.28905	0.00477	0.00337	0.00652
20	0.14211	0.01642	0.01785	0.01429	0.01755	0.28964	0.21825	0.05408	0.01269	0.06084	0.00927	0.01123	0.00724	0.00548	0.00628	0.00161	0.10148	0.00429	0.00300	0.00641
21	0.05693	0.01863	0.01489	0.01278	0.01556	0.45559	0.07976	0.08079	0.06177	0.01571	0.01272	0.01384	0.06944	0.00622	0.00574	0.00151	0.06422	0.00448	0.00317	0.00623
22	0.17884	0.01714	0.01473	0.01254	0.01522	0.35265	0.07973	0.07100	0.05447	0.01679	0.00883	0.01057	0.00718	0.00583	0.00646	0.00159	0.13333	0.00387	0.00300	0.00622
23	0.33495	0.01288	0.01483	0.01172	0.01533	0.07095	0.15231	0.23959	0.01439	0.02315	0.01014	0.04105	0.00809	0.00565	0.00484	0.00161	0.02365	0.00447	0.00365	0.00673

[dist]
# distance from previous block
# <min> <max>
2	35

[block]
# block no. 1 follows, 48 sequences, length 6
# corresponding to MSA columns:
# 194-199
name=unknown_B
#
# <colnr> <probs for GDERKNQSTAVLIFYWHMCP>
#	G	D	E	R	K	N	Q	S	T	A	V	L	I	F	Y	W	H	M	C	P
0	0.17027	0.01051	0.01392	0.47050	0.02602	0.01248	0.01157	0.19162	0.01324	0.01949	0.00950	0.01236	0.00704	0.00530	0.00477	0.00165	0.00602	0.00424	0.00312	0.00638
1	0.01085	0.01030	0.01484	0.34812	0.02268	0.01337	0.01195	0.01533	0.14633	0.01430	0.01027	0.01367	0.00837	0.00699	0.00982	0.00193	0.32723	0.00475	0.00279	0.00610
2	0.01426	0.01211	0.01553	0.15443	0.01835	0.01502	0.01118	0.31530	0.01478	0.02047	0.00939	0.01210	0.00755	0.00717	0.01007	0.00187	0.34559	0.00455	0.00340	0.00687
3	0.01472	0.01255	0.01558	0.01277	0.01450	0.01580	0.01060	0.33248	0.01473	0.02079	0.00909	0.01169	0.00758	0.00779	0.01190	0.00195	0.47055	0.00454	0.00346	0.00693
4	0.01404	0.01169	0.01545	0.32984	0.02321	0.01407	0.01182	0.32623	0.01554	0.02092	0.01000	0.01266	0.00760	0.00628	0.00732	0.00174	0.15662	0.00457	0.00345	0.00694
5	0.05339	0.01207	0.01502	0.34785	0.02339	0.06713	0.01173	0.22867	0.01399	0.01887	0.00943	0.01230	0.00728	0.00610	0.00709	0.00172	0.14986	0.00439	0.00315	0.00655

[dist]
# distance from previous block
# <min> <max>
3	18

[block]
# block no. 2 follows, 48 sequences, length 16
# corresponding to MSA columns:
# 218-233
name=unknown_C
#
# <colnr> <probs for GDERKNQSTAVLIFYWHMCP>
#	G	D	E	R	K	N	Q	S	T	A	V	L	I	F	Y	W	H	M	C	P
0	0.09400	0.01388	0.02033	0.08653	0.28143	0.10976	0.21316	0.08757	0.01293	0.01792	0.00960	0.01221	0.00755	0.00481	0.00511	0.00158	0.00698	0.00464	0.00285	0.00715
1	0.06426	0.08720	0.01624	0.45511	0.08023	0.01296	0.01224	0.14936	0.01293	0.04776	0.00986	0.01267	0.00739	0.00523	0.00484	0.00160	0.00617	0.00431	0.00301	0.00660
2	0.25836	0.01084	0.01099	0.00890	0.01254	0.02941	0.00731	0.22321	0.01422	0.06144	0.01167	0.01521	0.00962	0.00587	0.00439	0.00142	0.00460	0.07440	0.00397	0.23163
3	0.01427	0.55395	0.11915	0.01155	0.07818	0.04354	0.01053	0.01659	0.01112	0.08663	0.00886	0.00983	0.00728	0.00468	0.00386	0.00125	0.00582	0.00327	0.00263	0.00702
4	0.00813	0.00595	0.00808	0.00886	0.01021	0.00568	0.00744	0.01022	0.01135	0.01508	0.02566	0.18886	0.02824	0.01353	0.00668	0.00216	0.00433	0.55035	0.00457	0.08461
5	0.02200	0.01207	0.01271	0.01011	0.01386	0.14969	0.00817	0.09466	0.01555	0.58044	0.01730	0.01551	0.01124	0.00614	0.00506	0.00154	0.00536	0.00478	0.00557	0.00823
6	0.01064	0.00912	0.01064	0.00760	0.01216	0.00684	0.00608	0.01292	0.01064	0.01672	0.00912	0.01064	0.00760	0.00380	0.00380	0.00076	0.00380	0.00304	0.00304	0.85104
7	0.00739	0.00527	0.00707	0.00707	0.00758	0.00577	0.00495	0.00841	0.00790	0.01104	0.01482	0.02611	0.01541	0.38522	0.45613	0.00679	0.00985	0.00637	0.00291	0.00393
8	0.01211	0.01384	0.03028	0.02163	0.02682	0.01298	0.76903	0.01644	0.01211	0.01644	0.01038	0.01384	0.00779	0.00433	0.00606	0.00173	0.00865	0.00606	0.00260	0.00692
9	0.01276	0.01102	0.01160	0.01044	0.01334	0.01276	0.00812	0.02727	0.77840	0.02146	0.02088	0.01914	0.01566	0.00696	0.00522	0.00174	0.00406	0.00580	0.00522	0.00812
10	0.01758	0.01342	0.01432	0.01142	0.01518	0.01502	0.00929	0.55886	0.23895	0.02924	0.01476	0.01426	0.01070	0.00639	0.00516	0.00160	0.00519	0.00496	0.00516	0.00855
11	0.00721	0.00524	0.00679	0.00640	0.00763	0.00482	0.00480	0.00958	0.01440	0.02029	0.75339	0.03880	0.08016	0.01060	0.00605	0.00162	0.00243	0.00935	0.00561	0.00482
12	0.01830	0.02314	0.01648	0.01426	0.01721	0.70203	0.10363	0.01999	0.01424	0.01304	0.00823	0.00982	0.00675	0.00517	0.00480	0.00137	0.00918	0.00364	0.00264	0.00607
13	0.00755	0.00546	0.00741	0.00850	0.00948	0.00531	0.00698	0.00943	0.01126	0.01462	0.02930	0.26573	0.08651	0.01461	0.00686	0.00224	0.00409	0.49537	0.00474	0.00454
14	0.19512	0.05193	0.01153	0.00947	0.01258	0.01251	0.00756	0.02388	0.51951	0.07579	0.01718	0.01614	0.01282	0.00631	0.00468	0.00166	0.00414	0.00495	0.00471	0.00753
15	0.52871	0.17377	0.09705	0.00854	0.01239	0.07818	0.00801	0.01571	0.00977	0.01926	0.00743	0.00866	0.00595	0.00474	0.00350	0.00147	0.00510	0.00292	0.00283	0.00601

[dist]
# distance from previous block
# <min> <max>
1	5

[block]
# block no. 3 follows, 48 sequences, length 14
# corresponding to MSA columns:
# 239-252
name=unknown_D
#
# <colnr> <probs for GDERKNQSTAVLIFYWHMCP>
#	G	D	E	R	K	N	Q	S	T	A	V	L	I	F	Y	W	H	M	C	P
0	0.11324	0.00961	0.01449	0.56229	0.02818	0.01221	0.01263	0.01321	0.00963	0.01418	0.00844	0.01257	0.00666	0.00580	0.00706	0.00179	0.15563	0.00433	0.00238	0.00567
1	0.01328	0.70369	0.08568	0.00956	0.01389	0.01933	0.00974	0.01522	0.01028	0.01242	0.00727	0.00864	0.00659	0.00475	0.00437	0.00122	0.06234	0.00295	0.00220	0.00659
2	0.85592	0.00992	0.00754	0.00675	0.00992	0.01151	0.00556	0.01508	0.00873	0.02302	0.00714	0.00834	0.00556	0.00476	0.00318	0.00159	0.00397	0.00278	0.00318	0.00556
3	0.01211	0.01384	0.03028	0.02163	0.02682	0.01298	0.76903	0.01644	0.01211	0.01644	0.01038	0.01384	0.00779	0.00433	0.00606	0.00173	0.00865	0.00606	0.00260	0.00692
4	0.01029	0.02654	0.79309	0.01462	0.02221	0.01192	0.01896	0.01625	0.01083	0.01625	0.00921	0.01083	0.00650	0.00487	0.00487	0.00162	0.00758	0.00379	0.00217	0.00758
5	0.00662	0.00522	0.00597	0.00578	0.00727	0.00457	0.00434	0.00844	0.01301	0.01697	0.39170	0.04426	0.44392	0.01183	0.00606	0.00168	0.00252	0.01011	0.00517	0.00457
6	0.00606	0.00520	0.00520	0.00520	0.00693	0.00433	0.00390	0.00736	0.01170	0.01386	0.05198	0.04938	0.78558	0.01299	0.00606	0.00173	0.00260	0.01083	0.00476	0.00433
7	0.01029	0.02654	0.79309	0.01462	0.02221	0.01192	0.01896	0.01625	0.01083	0.01625	0.00921	0.01083	0.00650	0.00487	0.00487	0.00162	0.00758	0.00379	0.00217	0.00758
8	0.00726	0.00524	0.00686	0.00646	0.00767	0.00484	0.00484	0.00968	0.01452	0.02058	0.78496	0.03833	0.04841	0.01049	0.00605	0.00161	0.00242	0.00928	0.00565	0.00484
9	0.01401	0.01398	0.02646	0.01910	0.02402	0.01373	0.57406	0.21008	0.01520	0.02052	0.01088	0.01345	0.00803	0.00480	0.00582	0.00168	0.00788	0.00569	0.00325	0.00738
10	0.00606	0.00520	0.00520	0.00520	0.00693	0.00433	0.00390	0.00736	0.01170	0.01386	0.05198	0.04938	0.78558	0.01299	0.00606	0.00173	0.00260	0.01083	0.00476	0.00433
11	0.00625	0.00447	0.00595	0.00714	0.00744	0.00417	0.00476	0.00714	0.00982	0.01310	0.02828	0.81633	0.03394	0.01608	0.00655	0.00208	0.00298	0.01459	0.00476	0.00417
12	0.01064	0.00912	0.01064	0.00760	0.01216	0.00684	0.00608	0.01292	0.01064	0.01672	0.00912	0.01064	0.00760	0.00380	0.00380	0.00076	0.00380	0.00304	0.00304	0.85104
13	0.01211	0.01384	0.03028	0.02163	0.02682	0.01298	0.76903	0.01644	0.01211	0.01644	0.01038	0.01384	0.00779	0.00433	0.00606	0.00173	0.00865	0.00606	0.00260	0.00692

[dist]
# distance from previous block
# <min> <max>
0	1

[block]
# block no. 4 follows, 48 sequences, length 7
# corresponding to MSA columns:
# 254-260
name=unknown_E
#
# <colnr> <probs for GDERKNQSTAVLIFYWHMCP>
#	G	D	E	R	K	N	Q	S	T	A	V	L	I	F	Y	W	H	M	C	P
0	0.01372	0.82276	0.02689	0.00878	0.01317	0.02030	0.00878	0.01536	0.01043	0.01207	0.00713	0.00823	0.00658	0.00439	0.00329	0.00110	0.00549	0.00274	0.00219	0.00658
1	0.01063	0.10578	0.71684	0.01404	0.02131	0.01275	0.01794	0.01616	0.01079	0.01583	0.00900	0.01057	0.00651	0.00483	0.00472	0.00157	0.00737	0.00369	0.00217	0.00748
2	0.01686	0.01961	0.01348	0.01222	0.01495	0.51574	0.00927	0.02293	0.28978	0.01577	0.01260	0.01282	0.00987	0.00589	0.00484	0.00147	0.00738	0.00420	0.00357	0.00673
3	0.00891	0.00446	0.00668	0.00668	0.00668	0.00446	0.00446	0.00668	0.00668	0.00891	0.00891	0.01560	0.00891	0.01783	0.02005	0.85071	0.00446	0.00446	0.00223	0.00223
4	0.85592	0.00992	0.00754	0.00675	0.00992	0.01151	0.00556	0.01508	0.00873	0.02302	0.00714	0.00834	0.00556	0.00476	0.00318	0.00159	0.00397	0.00278	0.00318	0.00556
5	0.01151	0.22266	0.48734	0.01255	0.01865	0.01413	0.01483	0.01765	0.12351	0.01597	0.01041	0.01141	0.00787	0.00506	0.00453	0.00151	0.00654	0.00383	0.00262	0.00741
6	0.01786	0.02476	0.12894	0.01343	0.01679	0.68341	0.01124	0.01987	0.01400	0.01310	0.00812	0.00949	0.00659	0.00523	0.00466	0.00137	0.00901	0.00338	0.00257	0.00619

[dist]
# distance from previous block
# <min> <max>
0	1

[block]
# block no. 5 follows, 48 sequences, length 17
# corresponding to MSA columns:
# 262-278
name=unknown_F
#
# <colnr> <probs for GDERKNQSTAVLIFYWHMCP>
#	G	D	E	R	K	N	Q	S	T	A	V	L	I	F	Y	W	H	M	C	P
0	0.01276	0.01102	0.01160	0.01044	0.01334	0.01276	0.00812	0.02727	0.77840	0.02146	0.02088	0.01914	0.01566	0.00696	0.00522	0.00174	0.00406	0.00580	0.00522	0.00812
1	0.02194	0.00896	0.01226	0.00953	0.01313	0.00829	0.00788	0.02384	0.01406	0.71967	0.01900	0.01689	0.01215	0.00659	0.00623	0.00165	0.07840	0.00510	0.00597	0.00845
2	0.00664	0.00522	0.00600	0.00580	0.00728	0.00458	0.00435	0.00848	0.01305	0.01709	0.40408	0.04407	0.43147	0.01179	0.00606	0.00168	0.00251	0.01008	0.00519	0.00458
3	0.01276	0.01102	0.01160	0.01044	0.01334	0.01276	0.00812	0.02727	0.77840	0.02146	0.02088	0.01914	0.01566	0.00696	0.00522	0.00174	0.00406	0.00580	0.00522	0.00812
4	0.85592	0.00992	0.00754	0.00675	0.00992	0.01151	0.00556	0.01508	0.00873	0.02302	0.00714	0.00834	0.00556	0.00476	0.00318	0.00159	0.00397	0.00278	0.00318	0.00556
5	0.01917	0.02445	0.01454	0.01322	0.01586	0.79907	0.00991	0.02049	0.01454	0.01256	0.00793	0.00925	0.00661	0.00529	0.00463	0.00132	0.00925	0.00330	0.00264	0.00595
6	0.01276	0.01102	0.01160	0.01044	0.01334	0.01276	0.00812	0.02727	0.77840	0.02146	0.02088	0.01914	0.01566	0.00696	0.00522	0.00174	0.00406	0.00580	0.00522	0.00812
7	0.01951	0.01437	0.01540	0.01181	0.01591	0.01591	0.00975	0.77056	0.02412	0.03234	0.01232	0.01232	0.00873	0.00616	0.00513	0.00154	0.00565	0.00462	0.00513	0.00873
8	0.01068	0.11655	0.70647	0.01396	0.02119	0.01286	0.01781	0.01615	0.01079	0.01578	0.00897	0.01054	0.00651	0.00482	0.00470	0.00157	0.00735	0.00367	0.00217	0.00747
9	0.01211	0.01384	0.03028	0.02163	0.02682	0.01298	0.76903	0.01644	0.01211	0.01644	0.01038	0.01384	0.00779	0.00433	0.00606	0.00173	0.00865	0.00606	0.00260	0.00692
10	0.01951	0.01437	0.01540	0.01181	0.01591	0.01591	0.00975	0.77056	0.02412	0.03234	0.01232	0.01232	0.00873	0.00616	0.00513	0.00154	0.00565	0.00462	0.00513	0.00873
11	0.00619	0.00512	0.00543	0.00553	0.00705	0.00436	0.00408	0.00754	0.01173	0.01436	0.11331	0.13511	0.63624	0.01312	0.00612	0.00176	0.00263	0.01112	0.00484	0.00436
12	0.01951	0.01437	0.01540	0.01181	0.01591	0.01591	0.00975	0.77056	0.02412	0.03234	0.01232	0.01232	0.00873	0.00616	0.00513	0.00154	0.00565	0.00462	0.00513	0.00873
13	0.00802	0.00583	0.00792	0.00897	0.01021	0.00573	0.00777	0.01026	0.01180	0.01519	0.02997	0.05692	0.11500	0.01404	0.00697	0.00229	0.00448	0.66922	0.00473	0.00468
14	0.01029	0.02654	0.79309	0.01462	0.02221	0.01192	0.01896	0.01625	0.01083	0.01625	0.00921	0.01083	0.00650	0.00487	0.00487	0.00162	0.00758	0.00379	0.00217	0.00758
15	0.01422	0.74942	0.02575	0.00919	0.01342	0.09185	0.00888	0.01584	0.01080	0.01212	0.00721	0.00832	0.00659	0.00447	0.00341	0.00112	0.00583	0.00280	0.00224	0.00653
16	0.00654	0.00513	0.00591	0.00590	0.00727	0.00451	0.00435	0.00822	0.01256	0.01633	0.32805	0.13188	0.42028	0.01239	0.00611	0.00173	0.00257	0.01066	0.00510	0.00451

[dist]
# distance from previous block
# <min> <max>
5	10

[block]
# block no. 6 follows, 48 sequences, length 55
# corresponding to MSA columns:
# 289-343
name=unknown_G
#
# <colnr> <probs for GDERKNQSTAVLIFYWHMCP>
#	G	D	E	R	K	N	Q	S	T	A	V	L	I	F	Y	W	H	M	C	P
0	0.01340	0.11173	0.01749	0.20819	0.24277	0.06406	0.01207	0.06364	0.14834	0.05125	0.01173	0.01350	0.00911	0.00533	0.00487	0.00155	0.00594	0.00451	0.00324	0.00727
1	0.68355	0.01044	0.00890	0.00812	0.02954	0.01200	0.00640	0.07611	0.08836	0.02345	0.00901	0.00986	0.00690	0.00509	0.00358	0.00160	0.00416	0.00328	0.00352	0.00613
2	0.05964	0.00659	0.00674	0.00666	0.00748	0.05471	0.00456	0.00944	0.01029	0.01418	0.20314	0.08457	0.06192	0.38606	0.01520	0.00324	0.00431	0.05323	0.00398	0.00408
3	0.72152	0.01064	0.00880	0.00756	0.01089	0.01222	0.00623	0.13648	0.01121	0.02452	0.00798	0.00898	0.00607	0.00499	0.00349	0.00158	0.00424	0.00307	0.00349	0.00607
4	0.00766	0.00530	0.00603	0.00610	0.00632	0.00538	0.00364	0.00870	0.05766	0.01108	0.01796	0.12893	0.02034	0.66821	0.02236	0.00441	0.00467	0.00823	0.00345	0.00356
5	0.02062	0.00884	0.01241	0.02980	0.08750	0.00787	0.00825	0.02270	0.01410	0.64832	0.02102	0.01898	0.06216	0.00658	0.00521	0.00159	0.00448	0.00546	0.00579	0.00832
6	0.00956	0.00478	0.00478	0.00478	0.00598	0.00478	0.00359	0.01196	0.01076	0.01913	0.01674	0.01913	0.01315	0.00598	0.00359	0.00120	0.00239	0.00478	0.84816	0.00478
7	0.01099	0.01165	0.02337	0.38628	0.03077	0.01224	0.41874	0.01489	0.01125	0.01489	0.00980	0.01377	0.00735	0.00470	0.00563	0.00172	0.00781	0.00536	0.00245	0.00635
8	0.01006	0.00950	0.01606	0.71190	0.12788	0.01150	0.01443	0.01343	0.01044	0.01356	0.00919	0.01356	0.00700	0.00506	0.00512	0.00169	0.00675	0.00456	0.00231	0.00600
9	0.00800	0.00649	0.00973	0.07211	0.01176	0.00795	0.00763	0.00987	0.00836	0.01206	0.01252	0.01855	0.01160	0.03221	0.64025	0.00699	0.11118	0.00530	0.00265	0.00480
10	0.00693	0.00498	0.00636	0.00682	0.00755	0.00468	0.00487	0.00833	0.01121	0.01511	0.24714	0.33393	0.09440	0.13037	0.00926	0.00237	0.00327	0.09335	0.00478	0.00428
11	0.01029	0.02654	0.79309	0.01462	0.02221	0.01192	0.01896	0.01625	0.01083	0.01625	0.00921	0.01083	0.00650	0.00487	0.00487	0.00162	0.00758	0.00379	0.00217	0.00758
12	0.01450	0.01216	0.01651	0.24144	0.02235	0.01366	0.10414	0.31945	0.16135	0.02280	0.01278	0.01419	0.00938	0.00579	0.00526	0.00165	0.00606	0.00500	0.00402	0.00752
13	0.24859	0.00991	0.01008	0.00854	0.01170	0.01065	0.00687	0.14231	0.18468	0.15104	0.02076	0.01981	0.14019	0.00713	0.00477	0.00164	0.00410	0.00550	0.00475	0.00698
14	0.00689	0.00473	0.00576	0.00633	0.00647	0.00459	0.00389	0.00731	0.00857	0.01143	0.02187	0.40238	0.02585	0.44105	0.01690	0.00361	0.00403	0.01082	0.00389	0.00361
15	0.01684	0.01055	0.01244	0.01006	0.01323	0.01127	0.00820	0.38748	0.01756	0.19269	0.01458	0.01567	0.01079	0.01434	0.20515	0.00323	0.00729	0.00497	0.03614	0.00754
16	0.00701	0.00488	0.00605	0.00633	0.00675	0.00467	0.00411	0.00795	0.01011	0.01379	0.22368	0.29124	0.03154	0.34220	0.01439	0.00314	0.00364	0.01028	0.00432	0.00391
17	0.00647	0.00468	0.00616	0.00718	0.00769	0.00437	0.00501	0.00761	0.01040	0.01381	0.07785	0.65632	0.08011	0.01537	0.00653	0.00206	0.00307	0.07622	0.00482	0.00427
18	0.00625	0.00447	0.00595	0.00714	0.00744	0.00417	0.00476	0.00714	0.00982	0.01310	0.02828	0.81633	0.03394	0.01608	0.00655	0.00208	0.00298	0.01459	0.00476	0.00417
19	0.40298	0.00844	0.00669	0.00624	0.00845	0.05933	0.00491	0.01396	0.01006	0.02051	0.01172	0.01348	0.00920	0.00537	0.00346	0.00139	0.00357	0.00376	0.40126	0.00522
20	0.01121	0.00605	0.00732	0.00699	0.00849	0.00587	0.00528	0.01366	0.05631	0.15886	0.06976	0.11121	0.02066	0.15087	0.00882	0.00223	0.00366	0.09876	0.24866	0.00535
21	0.23220	0.00755	0.00862	0.00737	0.00995	0.00742	0.00587	0.01589	0.01307	0.26280	0.34359	0.02401	0.02611	0.00771	0.00503	0.00160	0.00343	0.00630	0.00523	0.00625
22	0.02166	0.01033	0.01282	0.00990	0.01386	0.00998	0.00815	0.22332	0.04879	0.55761	0.01816	0.01617	0.01177	0.00633	0.00516	0.00158	0.00469	0.00504	0.00598	0.00871
23	0.00745	0.00501	0.00576	0.00576	0.00581	0.00506	0.00331	0.00756	0.00751	0.01007	0.01602	0.03276	0.01830	0.77226	0.07305	0.00517	0.00551	0.00734	0.00309	0.00320
24	0.00727	0.00504	0.00593	0.00588	0.00632	0.00486	0.00370	0.00804	0.00973	0.01319	0.22578	0.07368	0.07250	0.51555	0.01859	0.00374	0.00405	0.00849	0.00397	0.00370
25	0.14399	0.01371	0.01423	0.01105	0.01502	0.01526	0.00913	0.65812	0.02183	0.03095	0.01155	0.01173	0.00825	0.00595	0.00484	0.00155	0.00540	0.00435	0.00484	0.00825
26	0.01064	0.00912	0.01064	0.00760	0.01216	0.00684	0.00608	0.01292	0.01064	0.01672	0.00912	0.01064	0.00760	0.00380	0.00380	0.00076	0.00380	0.00304	0.00304	0.85104
27	0.00667	0.00493	0.00624	0.00652	0.00746	0.00450	0.00466	0.00832	0.01223	0.01657	0.37054	0.34369	0.16262	0.01308	0.00625	0.00182	0.00267	0.01160	0.00516	0.00450
28	0.02137	0.00837	0.01138	0.00885	0.01253	0.00726	0.00726	0.02340	0.01467	0.71044	0.10040	0.01965	0.01645	0.00678	0.00525	0.00159	0.00416	0.00559	0.00628	0.00832
29	0.00827	0.00591	0.00827	0.00945	0.01063	0.00591	0.00827	0.01063	0.01181	0.01536	0.02717	0.05788	0.02953	0.01417	0.00709	0.00236	0.00472	0.75313	0.00472	0.00472
30	0.00994	0.00584	0.00772	0.00691	0.00859	0.00530	0.00530	0.01229	0.01455	0.15155	0.65499	0.03478	0.04234	0.00979	0.00590	0.00161	0.00275	0.00858	0.00577	0.00550
31	0.00719	0.00523	0.00683	0.00684	0.00797	0.00486	0.00521	0.00935	0.01344	0.01861	0.55373	0.13713	0.08761	0.01179	0.00624	0.00177	0.00279	0.10333	0.00537	0.00471
32	0.00744	0.00531	0.00732	0.00850	0.00932	0.00519	0.00683	0.00920	0.01100	0.01443	0.02762	0.36919	0.03134	0.01495	0.00687	0.00225	0.00401	0.44998	0.00474	0.00450
33	0.01064	0.00912	0.01064	0.00760	0.01216	0.00684	0.00608	0.01292	0.01064	0.01672	0.00912	0.01064	0.00760	0.00380	0.00380	0.00076	0.00380	0.00304	0.00304	0.85104
34	0.01065	0.00997	0.01626	0.25973	0.31043	0.01149	0.01302	0.01331	0.01009	0.01416	0.00975	0.01405	0.00833	0.01120	0.14256	0.00284	0.12857	0.00471	0.00245	0.00641
35	0.00831	0.00540	0.00686	0.00698	0.00829	0.00490	0.00525	0.00997	0.01217	0.09018	0.23360	0.27949	0.20100	0.01277	0.00624	0.00186	0.00307	0.09363	0.00515	0.00488
36	0.85592	0.00992	0.00754	0.00675	0.00992	0.01151	0.00556	0.01508	0.00873	0.02302	0.00714	0.00834	0.00556	0.00476	0.00318	0.00159	0.00397	0.00278	0.00318	0.00556
37	0.00724	0.00488	0.00566	0.00588	0.00594	0.00483	0.00341	0.00740	0.00790	0.01053	0.01840	0.17791	0.02147	0.67150	0.02251	0.00444	0.00461	0.00878	0.00341	0.00330
38	0.00746	0.00497	0.00560	0.00560	0.00560	0.00497	0.00311	0.00746	0.00746	0.00995	0.01617	0.03358	0.01865	0.81967	0.02612	0.00497	0.00497	0.00746	0.00311	0.00311
39	0.01152	0.00969	0.01110	0.00814	0.01255	0.00799	0.00652	0.07766	0.06148	0.01834	0.01015	0.01133	0.00822	0.00420	0.00400	0.00089	0.00397	0.00335	0.00336	0.72553
40	0.01885	0.01332	0.01484	0.05976	0.01667	0.01466	0.00972	0.60987	0.06673	0.10281	0.01338	0.01329	0.00940	0.00616	0.00514	0.00157	0.00550	0.00474	0.00508	0.00851
41	0.02176	0.00901	0.01187	0.00929	0.01313	0.00818	0.00761	0.02528	0.10863	0.69653	0.02032	0.01767	0.01307	0.00643	0.00517	0.00161	0.00433	0.00524	0.00621	0.00866
42	0.00746	0.00497	0.00560	0.00560	0.00560	0.00497	0.00311	0.00746	0.00746	0.00995	0.01617	0.03358	0.01865	0.81967	0.02612	0.00497	0.00497	0.00746	0.00311	0.00311
43	0.01275	0.54434	0.19948	0.01167	0.01688	0.01752	0.10459	0.01570	0.01072	0.01355	0.00800	0.00951	0.00671	0.00449	0.00399	0.00129	0.00635	0.00339	0.00224	0.00685
44	0.01561	0.04662	0.01565	0.02529	0.01509	0.29331	0.01045	0.15313	0.01331	0.01606	0.00823	0.01065	0.00705	0.00693	0.00970	0.00174	0.33790	0.00403	0.00291	0.00633
45	0.01121	0.00995	0.10579	0.00861	0.01223	0.00694	0.00755	0.02532	0.01121	0.12415	0.01624	0.24324	0.01577	0.00785	0.00493	0.00137	0.00414	0.00677	0.00392	0.37279
46	0.01170	0.35286	0.47907	0.01223	0.01850	0.01535	0.01479	0.01589	0.01067	0.01454	0.00836	0.00977	0.00653	0.00468	0.00423	0.00141	0.00672	0.00336	0.00218	0.00717
47	0.00631	0.00455	0.00598	0.00702	0.00743	0.00422	0.00473	0.00732	0.01021	0.01362	0.07830	0.73250	0.06766	0.01558	0.00650	0.00204	0.00292	0.01408	0.00482	0.00422
48	0.01450	0.01301	0.01240	0.01091	0.01394	0.10975	0.00852	0.11031	0.58531	0.03568	0.01831	0.01713	0.01371	0.00665	0.00514	0.00166	0.00488	0.00535	0.00491	0.00793
49	0.01202	0.01355	0.02908	0.02077	0.02593	0.01260	0.72272	0.01622	0.01202	0.01645	0.01030	0.01365	0.00777	0.00429	0.00592	0.00167	0.00836	0.00587	0.00262	0.05815
50	0.01245	0.01226	0.01071	0.00995	0.01233	0.17332	0.00755	0.02089	0.42966	0.01764	0.02301	0.11895	0.11261	0.00849	0.00537	0.00170	0.00482	0.00700	0.00457	0.00671
51	0.01100	0.04998	0.19831	0.02820	0.01345	0.00874	0.00938	0.01569	0.10733	0.11574	0.35371	0.02475	0.02688	0.00777	0.00540	0.00161	0.00436	0.00660	0.00461	0.00649
52	0.01006	0.00950	0.01606	0.71190	0.12788	0.01150	0.01443	0.01343	0.01044	0.01356	0.00919	0.01356	0.00700	0.00506	0.00512	0.00169	0.00675	0.00456	0.00231	0.00600
53	0.01010	0.00829	0.00906	0.00856	0.01061	0.00894	0.00647	0.06300	0.36799	0.01870	0.06914	0.21160	0.16583	0.01036	0.00573	0.00180	0.00354	0.00891	0.00505	0.00635
54	0.01204	0.01266	0.02582	0.14696	0.07244	0.01268	0.53043	0.01587	0.01159	0.03980	0.01021	0.01369	0.00774	0.00483	0.00652	0.00174	0.05997	0.00560	0.00264	0.00677

[dist]
# distance from previous block
# <min> <max>
0	2

[block]
# block no. 7 follows, 48 sequences, length 76
# corresponding to MSA columns:
# 346-421
name=unknown_H
#
# <colnr> <probs for GDERKNQSTAVLIFYWHMCP>
#	G	D	E	R	K	N	Q	S	T	A	V	L	I	F	Y	W	H	M	C	P
0	0.00625	0.00447	0.00595	0.00714	0.00744	0.00417	0.00476	0.00714	0.00982	0.01310	0.02828	0.81633	0.03394	0.01608	0.00655	0.00208	0.00298	0.01459	0.00476	0.00417
1	0.00628	0.00449	0.00598	0.00712	0.00745	0.00419	0.00477	0.00722	0.00996	0.01331	0.04979	0.79421	0.03435	0.01592	0.00654	0.00207	0.00296	0.01444	0.00479	0.00419
2	0.02198	0.04736	0.05015	0.00938	0.01354	0.00834	0.00815	0.02414	0.01430	0.71782	0.01910	0.01672	0.01212	0.00619	0.00506	0.00157	0.00457	0.00498	0.00596	0.00858
3	0.00956	0.00478	0.00478	0.00478	0.00598	0.00478	0.00359	0.01196	0.01076	0.01913	0.01674	0.01913	0.01315	0.00598	0.00359	0.00120	0.00239	0.00478	0.84816	0.00478
4	0.10826	0.01890	0.01414	0.01197	0.01525	0.40380	0.00939	0.31829	0.01774	0.02154	0.00959	0.01038	0.00734	0.00558	0.00467	0.00144	0.00726	0.00377	0.00369	0.00701
5	0.01823	0.01561	0.25425	0.01148	0.01660	0.01093	0.01161	0.20350	0.01579	0.36721	0.01491	0.01416	0.00982	0.00585	0.00507	0.00159	0.00567	0.00461	0.00476	0.00838
6	0.01085	0.02261	0.55727	0.01679	0.02363	0.01224	0.25084	0.01631	0.01123	0.01631	0.00957	0.01176	0.00690	0.00470	0.00524	0.00166	0.00791	0.00449	0.00230	0.00738
7	0.00956	0.00478	0.00478	0.00478	0.00598	0.00478	0.00359	0.01196	0.01076	0.01913	0.01674	0.01913	0.01315	0.00598	0.00359	0.00120	0.00239	0.00478	0.84816	0.00478
8	0.01270	0.01219	0.02083	0.03149	0.78767	0.01219	0.01575	0.01575	0.01168	0.01676	0.00965	0.01270	0.00813	0.00457	0.00508	0.00152	0.00610	0.00457	0.00254	0.00813
9	0.85592	0.00992	0.00754	0.00675	0.00992	0.01151	0.00556	0.01508	0.00873	0.02302	0.00714	0.00834	0.00556	0.00476	0.00318	0.00159	0.00397	0.00278	0.00318	0.00556
10	0.00900	0.00830	0.01547	0.01310	0.01544	0.00789	0.28226	0.01159	0.01127	0.01501	0.02146	0.29103	0.02311	0.01124	0.00654	0.00204	0.00557	0.24039	0.00397	0.00534
11	0.00625	0.00447	0.00595	0.00714	0.00744	0.00417	0.00476	0.00714	0.00982	0.01310	0.02828	0.81633	0.03394	0.01608	0.00655	0.00208	0.00298	0.01459	0.00476	0.00417
12	0.00720	0.00524	0.00677	0.00639	0.00763	0.00482	0.00479	0.00956	0.01438	0.02023	0.74710	0.03890	0.08649	0.01062	0.00605	0.00162	0.00243	0.00936	0.00560	0.00482
13	0.01887	0.01406	0.01504	0.01168	0.01567	0.01561	0.00960	0.70034	0.09538	0.03131	0.01313	0.01296	0.00938	0.00624	0.00514	0.00156	0.00550	0.00473	0.00514	0.00867
14	0.00624	0.00450	0.00591	0.00704	0.00742	0.00418	0.00472	0.00716	0.00992	0.01314	0.02950	0.77671	0.07276	0.01592	0.00652	0.00207	0.00296	0.01439	0.00476	0.00418
15	0.02081	0.00948	0.01203	0.00953	0.01329	0.00901	0.00777	0.06397	0.16642	0.59958	0.01996	0.01753	0.01308	0.00646	0.00517	0.00162	0.00437	0.00526	0.00606	0.00861
16	0.01948	0.00839	0.01099	0.00876	0.01222	0.00758	0.00712	0.02266	0.08665	0.59572	0.10171	0.02154	0.05895	0.00720	0.00531	0.00161	0.00404	0.00596	0.00608	0.00803
17	0.00969	0.00912	0.01539	0.80734	0.03534	0.01140	0.01425	0.01311	0.01026	0.01311	0.00912	0.01368	0.00684	0.00513	0.00513	0.00171	0.00684	0.00456	0.00228	0.00570
18	0.00717	0.00561	0.00867	0.00893	0.00985	0.00531	0.07759	0.00865	0.01040	0.01382	0.02639	0.60393	0.03067	0.01462	0.00660	0.00210	0.00383	0.14679	0.00455	0.00453
19	0.00622	0.00459	0.00583	0.00683	0.00736	0.00419	0.00462	0.00718	0.01013	0.01322	0.03216	0.69072	0.15704	0.01557	0.00647	0.00203	0.00292	0.01397	0.00476	0.00419
20	0.00625	0.00447	0.00595	0.00714	0.00744	0.00417	0.00476	0.00714	0.00982	0.01310	0.02828	0.81633	0.03394	0.01608	0.00655	0.00208	0.00298	0.01459	0.00476	0.00417
21	0.00625	0.00447	0.00595	0.00714	0.00744	0.00417	0.00476	0.00714	0.00982	0.01310	0.02828	0.81633	0.03394	0.01608	0.00655	0.00208	0.00298	0.01459	0.00476	0.00417
22	0.02302	0.00873	0.01191	0.00913	0.01310	0.00754	0.00754	0.02501	0.01469	0.79122	0.02024	0.01746	0.01270	0.00635	0.00516	0.00159	0.00437	0.00516	0.00635	0.00873
23	0.00608	0.00513	0.00527	0.00538	0.00698	0.00432	0.00398	0.00734	0.01152	0.01379	0.04981	0.11955	0.71681	0.01328	0.00611	0.00176	0.00263	0.01117	0.00476	0.00432
24	0.73349	0.00975	0.00818	0.00710	0.01039	0.01093	0.00585	0.01654	0.00961	0.13594	0.00907	0.00968	0.00661	0.00500	0.00347	0.00159	0.00403	0.00313	0.00364	0.00602
25	0.00634	0.00453	0.00603	0.00709	0.00746	0.00422	0.00477	0.00735	0.01021	0.01372	0.09095	0.75189	0.03514	0.01561	0.00651	0.00204	0.00293	0.01415	0.00484	0.00422
26	0.00891	0.00446	0.00668	0.00668	0.00668	0.00446	0.00446	0.00668	0.00668	0.00891	0.00891	0.01560	0.00891	0.01783	0.02005	0.85071	0.00446	0.00446	0.00223	0.00223
27	0.02302	0.00873	0.01191	0.00913	0.01310	0.00754	0.00754	0.02501	0.01469	0.79122	0.02024	0.01746	0.01270	0.00635	0.00516	0.00159	0.00437	0.00516	0.00635	0.00873
28	0.00655	0.00474	0.00619	0.00683	0.00748	0.00438	0.00474	0.00794	0.01137	0.01544	0.26211	0.53689	0.07787	0.01420	0.00637	0.00192	0.00279	0.01276	0.00504	0.00438
29	0.00746	0.00499	0.00565	0.00565	0.00567	0.00500	0.00318	0.00750	0.00748	0.00999	0.01612	0.03330	0.01853	0.80350	0.04213	0.00504	0.00516	0.00742	0.00310	0.00314
30	0.00745	0.00528	0.00710	0.00809	0.00882	0.00516	0.00632	0.00901	0.01065	0.01403	0.04614	0.31417	0.03016	0.11690	0.00929	0.00258	0.00410	0.38585	0.00456	0.00433
31	0.00982	0.00925	0.01563	0.77332	0.06833	0.01143	0.01432	0.01323	0.01032	0.01327	0.00914	0.01364	0.00690	0.00511	0.00513	0.00170	0.00681	0.00456	0.00229	0.00581
32	0.01094	0.01058	0.01869	0.52618	0.14989	0.01196	0.13899	0.04358	0.01133	0.01498	0.00954	0.01350	0.00727	0.00495	0.00528	0.00168	0.00698	0.00481	0.00248	0.00640
33	0.01302	0.01073	0.01187	0.00930	0.01326	0.01044	0.00743	0.16508	0.25061	0.02123	0.01338	0.01360	0.01031	0.00524	0.00450	0.00122	0.00424	0.00420	0.00412	0.42623
34	0.01662	0.00908	0.01084	0.00878	0.01195	0.00883	0.00708	0.20598	0.03974	0.33452	0.09577	0.04703	0.16456	0.00826	0.00545	0.00162	0.00412	0.00679	0.00560	0.00737
35	0.02302	0.00873	0.01191	0.00913	0.01310	0.00754	0.00754	0.02501	0.01469	0.79122	0.02024	0.01746	0.01270	0.00635	0.00516	0.00159	0.00437	0.00516	0.00635	0.00873
36	0.01174	0.00952	0.01016	0.00890	0.01155	0.01031	0.00698	0.16709	0.34436	0.02154	0.11346	0.02780	0.21754	0.00876	0.00552	0.00168	0.00381	0.00726	0.00513	0.00689
37	0.00816	0.00583	0.00815	0.00933	0.01046	0.00581	0.00808	0.01045	0.01171	0.01524	0.02723	0.09772	0.02976	0.01427	0.00706	0.00235	0.00463	0.71433	0.00473	0.00470
38	0.01064	0.00912	0.01064	0.00760	0.01216	0.00684	0.00608	0.01292	0.01064	0.01672	0.00912	0.01064	0.00760	0.00380	0.00380	0.00076	0.00380	0.00304	0.00304	0.85104
39	0.00969	0.00912	0.01539	0.80734	0.03534	0.01140	0.01425	0.01311	0.01026	0.01311	0.00912	0.01368	0.00684	0.00513	0.00513	0.00171	0.00684	0.00456	0.00228	0.00570
40	0.00606	0.00520	0.00520	0.00520	0.00693	0.00433	0.00390	0.00736	0.01170	0.01386	0.05198	0.04938	0.78558	0.01299	0.00606	0.00173	0.00260	0.01083	0.00476	0.00433
41	0.00746	0.00500	0.00573	0.00573	0.00577	0.00504	0.00327	0.00754	0.00750	0.01004	0.01605	0.03292	0.01837	0.78159	0.06381	0.00513	0.00540	0.00737	0.00309	0.00318
42	0.00634	0.00450	0.00593	0.00704	0.00731	0.00422	0.00465	0.00717	0.00966	0.01288	0.02743	0.76135	0.03286	0.07251	0.00792	0.00229	0.00312	0.01409	0.00465	0.00409
43	0.00746	0.00522	0.00698	0.00698	0.00744	0.00568	0.00483	0.00829	0.00782	0.01089	0.01463	0.02602	0.01529	0.39070	0.41564	0.04371	0.00937	0.00634	0.00289	0.00381
44	0.00969	0.00912	0.01539	0.80734	0.03534	0.01140	0.01425	0.01311	0.01026	0.01311	0.00912	0.01368	0.00684	0.00513	0.00513	0.00171	0.00684	0.00456	0.00228	0.00570
45	0.03748	0.01064	0.01299	0.00998	0.01398	0.01041	0.00824	0.27395	0.01773	0.52322	0.01735	0.01557	0.01124	0.00626	0.00511	0.00157	0.00479	0.00493	0.00588	0.00867
46	0.00896	0.00649	0.00724	0.00700	0.00857	0.00648	0.00527	0.08733	0.08277	0.01786	0.12024	0.17436	0.21541	0.04628	0.00650	0.00185	0.00326	0.04476	0.14420	0.00519
47	0.01253	0.00641	0.00855	0.00735	0.00948	0.00574	0.00574	0.01480	0.01458	0.27809	0.52943	0.03136	0.03648	0.00911	0.00575	0.00161	0.00307	0.00790	0.00588	0.00614
48	0.00632	0.00456	0.00600	0.00713	0.00754	0.00424	0.00485	0.00729	0.01000	0.01323	0.02948	0.74648	0.07325	0.01584	0.00654	0.00208	0.00303	0.04317	0.00476	0.00420
49	0.00679	0.00460	0.00615	0.00721	0.00763	0.00428	0.00485	0.00772	0.00998	0.03829	0.02802	0.79046	0.03325	0.01576	0.00650	0.00207	0.00302	0.01428	0.00481	0.00432
50	0.00625	0.00447	0.00595	0.00714	0.00744	0.00417	0.00476	0.00714	0.00982	0.01310	0.02828	0.81633	0.03394	0.01608	0.00655	0.00208	0.00298	0.01459	0.00476	0.00417
51	0.00726	0.00524	0.00686	0.00646	0.00767	0.00484	0.00484	0.00968	0.01452	0.02058	0.78496	0.03833	0.04841	0.01049	0.00605	0.00161	0.00242	0.00928	0.00565	0.00484
52	0.01005	0.00816	0.00917	0.00899	0.01075	0.00896	0.00665	0.04703	0.39783	0.01807	0.02393	0.38313	0.02374	0.01109	0.00582	0.00189	0.00363	0.00977	0.00501	0.00634
53	0.00619	0.00512	0.00543	0.00552	0.00705	0.00436	0.00408	0.00755	0.01176	0.01439	0.11653	0.12991	0.63822	0.01309	0.00611	0.00176	0.00262	0.01109	0.00485	0.00436
54	0.01463	0.00921	0.00989	0.00821	0.01086	0.00984	0.00658	0.30662	0.07012	0.08191	0.01559	0.01638	0.01159	0.00614	0.00442	0.00140	0.00391	0.00482	0.40106	0.00683
55	0.01438	0.01183	0.01251	0.01077	0.01396	0.01352	0.00851	0.20543	0.59760	0.02407	0.01883	0.01751	0.01400	0.00677	0.00520	0.00169	0.00444	0.00552	0.00520	0.00827
56	0.00746	0.00497	0.00560	0.00560	0.00560	0.00497	0.00311	0.00746	0.00746	0.00995	0.01617	0.03358	0.01865	0.81967	0.02612	0.00497	0.00497	0.00746	0.00311	0.00311
57	0.02269	0.00927	0.01224	0.00938	0.01336	0.00833	0.00775	0.09543	0.01558	0.71953	0.01949	0.01698	0.01233	0.00633	0.00516	0.00158	0.00449	0.00511	0.00624	0.00873
58	0.00734	0.00547	0.00811	0.00811	0.00898	0.00634	0.00624	0.00907	0.00821	0.01181	0.01387	0.02086	0.01313	0.07952	0.75872	0.00807	0.01328	0.00560	0.00277	0.00450
59	0.00891	0.00446	0.00668	0.00668	0.00668	0.00446	0.00446	0.00668	0.00668	0.00891	0.00891	0.01560	0.00891	0.01783	0.02005	0.85071	0.00446	0.00446	0.00223	0.00223
60	0.00625	0.00447	0.00595	0.00714	0.00744	0.00417	0.00476	0.00714	0.00982	0.01310	0.02828	0.81633	0.03394	0.01608	0.00655	0.00208	0.00298	0.01459	0.00476	0.00417
61	0.00746	0.00497	0.00560	0.00560	0.00560	0.00497	0.00311	0.00746	0.00746	0.00995	0.01617	0.03358	0.01865	0.81967	0.02612	0.00497	0.00497	0.00746	0.00311	0.00311
62	0.00733	0.00550	0.00825	0.00825	0.00916	0.00641	0.00641	0.00916	0.00825	0.01191	0.01374	0.02016	0.01283	0.03848	0.79934	0.00825	0.01374	0.00550	0.00275	0.00458
63	0.00635	0.00522	0.00563	0.00577	0.00734	0.00450	0.00440	0.00780	0.01180	0.01441	0.09873	0.09130	0.62693	0.01310	0.00618	0.00180	0.00280	0.07674	0.00482	0.00439
64	0.00726	0.00524	0.00686	0.00646	0.00767	0.00484	0.00484	0.00968	0.01452	0.02058	0.78496	0.03833	0.04841	0.01049	0.00605	0.00161	0.00242	0.00928	0.00565	0.00484
65	0.01211	0.01384	0.03028	0.02163	0.02682	0.01298	0.76903	0.01644	0.01211	0.01644	0.01038	0.01384	0.00779	0.00433	0.00606	0.00173	0.00865	0.00606	0.00260	0.00692
66	0.00723	0.00524	0.00682	0.00642	0.00765	0.00483	0.00482	0.00963	0.01446	0.02041	0.76716	0.03860	0.06631	0.01055	0.00605	0.00162	0.00243	0.00932	0.00563	0.00483
67	0.01297	0.01146	0.01170	0.01053	0.01342	0.03822	0.00818	0.02705	0.75366	0.02118	0.02046	0.01882	0.01537	0.00691	0.00520	0.00173	0.00423	0.00572	0.00514	0.00805
68	0.01477	0.02549	0.40061	0.01392	0.01901	0.40873	0.01440	0.01839	0.01270	0.01439	0.00856	0.01004	0.00656	0.00508	0.00475	0.00147	0.00843	0.00355	0.00241	0.00676
69	0.74783	0.01033	0.00839	0.00730	0.01054	0.01187	0.00601	0.09822	0.01054	0.02400	0.02231	0.00934	0.00671	0.00502	0.00345	0.00158	0.00412	0.00310	0.00344	0.00589
70	0.01976	0.00877	0.01122	0.00897	0.01256	0.00808	0.00729	0.02370	0.13792	0.59329	0.02334	0.02075	0.08619	0.00708	0.00526	0.00163	0.00415	0.00580	0.00602	0.00822
71	0.01184	0.01120	0.01839	0.25273	0.49806	0.01202	0.01460	0.01608	0.08370	0.01616	0.01056	0.01359	0.00847	0.00496	0.00511	0.00160	0.00612	0.00468	0.00272	0.00743
72	0.01360	0.00728	0.00951	0.00937	0.08322	0.00641	0.00656	0.01544	0.01315	0.32678	0.10023	0.03212	0.33653	0.00931	0.00561	0.00164	0.00362	0.00782	0.00527	0.00650
73	0.00828	0.00552	0.00670	0.00629	0.00791	0.00488	0.00476	0.01019	0.01332	0.09065	0.41745	0.07443	0.30799	0.01124	0.00599	0.00167	0.00269	0.00968	0.00536	0.00500
74	0.00709	0.00524	0.00661	0.00627	0.00756	0.00477	0.00470	0.00934	0.01411	0.01959	0.67721	0.03995	0.15678	0.01086	0.00605	0.00163	0.00245	0.00951	0.00552	0.00477
75	0.01257	0.02061	0.47763	0.01292	0.01877	0.01235	0.01470	0.21681	0.04838	0.02117	0.08383	0.01419	0.01145	0.00584	0.00507	0.00161	0.00643	0.00462	0.00342	0.00765

[dist]
# distance from previous block
# <min> <max>
0	2

[block]
# block no. 8 follows, 48 sequences, length 89
# corresponding to MSA columns:
# 424-512
name=unknown_I
#
# <colnr> <probs for GDERKNQSTAVLIFYWHMCP>
#	G	D	E	R	K	N	Q	S	T	A	V	L	I	F	Y	W	H	M	C	P
0	0.43560	0.01162	0.01099	0.00905	0.01258	0.01310	0.00742	0.29581	0.08644	0.05636	0.01085	0.01117	0.00795	0.00555	0.00417	0.00158	0.00461	0.00383	0.00421	0.00709
1	0.01398	0.40469	0.21686	0.01094	0.01595	0.01668	0.01149	0.19164	0.01365	0.01785	0.00910	0.01026	0.00728	0.00611	0.03189	0.00158	0.00634	0.00354	0.00289	0.00727
2	0.01891	0.00797	0.01079	0.02324	0.01224	0.00708	0.00705	0.02125	0.02862	0.58284	0.19854	0.02230	0.02098	0.00731	0.00537	0.00160	0.00395	0.00612	0.00609	0.00776
3	0.00928	0.00584	0.00760	0.00690	0.00849	0.00542	0.00526	0.01205	0.03999	0.11010	0.67070	0.03527	0.04318	0.00989	0.00592	0.00161	0.00270	0.00869	0.00572	0.00540
4	0.01463	0.68932	0.02482	0.00952	0.01362	0.15048	0.00897	0.01622	0.01111	0.01215	0.00727	0.00840	0.00659	0.00454	0.00352	0.00113	0.00612	0.00284	0.00227	0.00648
5	0.00733	0.00550	0.00825	0.00825	0.00916	0.00641	0.00641	0.00916	0.00825	0.01191	0.01374	0.02016	0.01283	0.03848	0.79934	0.00825	0.01374	0.00550	0.00275	0.00458
6	0.01292	0.01205	0.01985	0.10911	0.65063	0.01240	0.01513	0.07443	0.01251	0.01761	0.00981	0.01277	0.00804	0.00475	0.00509	0.00154	0.00614	0.00457	0.00272	0.00793
7	0.01672	0.01299	0.01383	0.01124	0.01485	0.01461	0.00908	0.46337	0.33585	0.02784	0.01586	0.01514	0.01159	0.00649	0.00517	0.00162	0.00499	0.00511	0.00517	0.00848
8	0.00625	0.00447	0.00595	0.00714	0.00744	0.00417	0.00476	0.00714	0.00982	0.01310	0.02828	0.81633	0.03394	0.01608	0.00655	0.00208	0.00298	0.01459	0.00476	0.00417
9	0.00726	0.00524	0.00686	0.00646	0.00767	0.00484	0.00484	0.00968	0.01452	0.02058	0.78496	0.03833	0.04841	0.01049	0.00605	0.00161	0.00242	0.00928	0.00565	0.00484
10	0.23506	0.01041	0.01181	0.00942	0.01290	0.01094	0.00778	0.17694	0.01459	0.37504	0.01417	0.01356	0.00957	0.00611	0.00556	0.00163	0.06748	0.00438	0.00496	0.00767
11	0.00734	0.00548	0.00814	0.00814	0.00902	0.00636	0.00628	0.00910	0.00822	0.01183	0.01384	0.02068	0.01306	0.06903	0.76911	0.00812	0.01340	0.00557	0.00276	0.00452
12	0.02275	0.00917	0.01218	0.00934	0.01332	0.00820	0.00771	0.08324	0.01542	0.73195	0.01962	0.01706	0.01239	0.00634	0.00516	0.00158	0.00447	0.00512	0.00626	0.00873
13	0.01172	0.01012	0.01061	0.00963	0.01235	0.01145	0.00747	0.02418	0.65946	0.02028	0.02571	0.02383	0.13510	0.00790	0.00535	0.00174	0.00383	0.00658	0.00515	0.00753
14	0.01929	0.02092	0.01484	0.01272	0.01588	0.52449	0.00986	0.28347	0.01790	0.01949	0.00947	0.01033	0.00735	0.00559	0.00480	0.00140	0.00799	0.00377	0.00352	0.00692
15	0.00722	0.00498	0.00613	0.00634	0.00655	0.00508	0.00398	0.00770	0.00802	0.01085	0.01789	0.17013	0.02034	0.53974	0.15857	0.00504	0.00616	0.00838	0.00334	0.00356
