[name]
unknown

[dist]
# distance from previous block
# <min> <max>
26	257

[block]
# block no. 0 follows, 52 sequences, length 31
# corresponding to MSA columns:
# 284-314
name=unknown_A
#
# <colnr> <probs for GDERKNQSTAVLIFYWHMCP>
#	G	D	E	R	K	N	Q	S	T	A	V	L	I	F	Y	W	H	M	C	P
0	0.08752	0.12854	0.09285	0.00948	0.01296	0.05795	0.00851	0.09773	0.05977	0.23886	0.01283	0.04019	0.00986	0.03931	0.00589	0.00159	0.05495	0.00440	0.00389	0.03294
1	0.05261	0.07786	0.01373	0.03691	0.01304	0.04987	0.05205	0.04104	0.01013	0.08754	0.03347	0.12257	0.01163	0.00752	0.00843	0.00165	0.27815	0.00541	0.00315	0.09324
2	0.01415	0.03837	0.04487	0.01442	0.16798	0.32919	0.00978	0.01707	0.08194	0.07243	0.01305	0.11097	0.01193	0.00670	0.00485	0.00148	0.00627	0.04505	0.00327	0.00622
3	0.01086	0.00864	0.02781	0.01092	0.04906	0.00779	0.17327	0.05058	0.04400	0.12946	0.11790	0.05313	0.23639	0.00792	0.00537	0.00155	0.00441	0.00718	0.00418	0.04957
4	0.02902	0.01515	0.22600	0.05156	0.20747	0.08020	0.03597	0.06911	0.02510	0.08236	0.01202	0.02801	0.02316	0.00561	0.00482	0.00151	0.00598	0.05231	0.00305	0.04157
5	0.01317	0.04952	0.10342	0.04272	0.03208	0.00816	0.06323	0.01609	0.03583	0.27753	0.20192	0.04276	0.01912	0.02231	0.03233	0.00177	0.00476	0.00585	0.00440	0.02304
6	0.28190	0.01084	0.01061	0.00886	0.01191	0.04616	0.00717	0.26630	0.10266	0.08647	0.04954	0.01319	0.01036	0.00793	0.06401	0.00196	0.00514	0.00421	0.00412	0.00666
7	0.01095	0.15614	0.38873	0.01624	0.09877	0.01288	0.21906	0.01521	0.01057	0.01478	0.00870	0.01075	0.00663	0.00436	0.00467	0.00147	0.00696	0.00406	0.00219	0.00689
8	0.01617	0.08966	0.01427	0.07056	0.01528	0.27500	0.03669	0.09938	0.08910	0.17295	0.05020	0.01402	0.01078	0.00570	0.00465	0.00141	0.00608	0.01771	0.00378	0.00662
9	0.01043	0.00917	0.01312	0.35707	0.08081	0.05293	0.03422	0.05137	0.02836	0.04672	0.03020	0.12487	0.01334	0.00739	0.00575	0.00170	0.04502	0.07874	0.00315	0.00562
10	0.00632	0.00464	0.00583	0.00650	0.00720	0.00431	0.00465	0.00748	0.01009	0.01321	0.10564	0.43287	0.17270	0.08643	0.00777	0.00214	0.00308	0.11070	0.00444	0.00401
11	0.01873	0.01016	0.01212	0.00948	0.01301	0.01025	0.00776	0.30731	0.07295	0.40097	0.07235	0.01621	0.01322	0.00625	0.00493	0.00149	0.00442	0.00501	0.00544	0.00794
12	0.01748	0.06406	0.14705	0.02839	0.05198	0.00956	0.04330	0.04614	0.04456	0.47416	0.01525	0.01435	0.01011	0.00548	0.00475	0.00149	0.00503	0.00452	0.00460	0.00775
13	0.01143	0.01330	0.05630	0.01995	0.05807	0.01217	0.67384	0.01610	0.05765	0.01581	0.01032	0.01322	0.00776	0.00426	0.00559	0.00162	0.00777	0.00556	0.00258	0.00668
14	0.00619	0.00458	0.00578	0.00621	0.00701	0.00417	0.00438	0.00757	0.01105	0.01483	0.28449	0.42811	0.17196	0.01293	0.00595	0.00176	0.00258	0.01150	0.00477	0.00417
15	0.00832	0.01173	0.27575	0.00864	0.01129	0.00714	0.00858	0.01053	0.00848	0.03426	0.01320	0.04667	0.01329	0.39625	0.12222	0.00387	0.00657	0.00577	0.00272	0.00473
16	0.05108	0.00967	0.06068	0.00968	0.01334	0.00829	0.04541	0.02122	0.01284	0.61417	0.03084	0.01554	0.01136	0.00602	0.00566	0.00155	0.06499	0.00477	0.00517	0.00770
17	0.00646	0.00495	0.00599	0.00627	0.00748	0.00448	0.00484	0.00810	0.01152	0.01494	0.23931	0.15885	0.33761	0.01229	0.00598	0.00177	0.00285	0.15733	0.00471	0.00427
18	0.00586	0.00454	0.00534	0.00593	0.00683	0.00402	0.00415	0.00691	0.01018	0.01290	0.06029	0.46424	0.36400	0.01376	0.00597	0.00181	0.00264	0.01208	0.00453	0.00402
19	0.01110	0.28894	0.45966	0.01162	0.01729	0.02781	0.03071	0.01503	0.01045	0.03187	0.04719	0.01088	0.00828	0.00474	0.00419	0.00137	0.00625	0.00358	0.00232	0.00671
20	0.00891	0.00817	0.01121	0.01022	0.01029	0.01069	0.00803	0.00978	0.00787	0.01157	0.01289	0.23113	0.01460	0.11088	0.01438	0.00240	0.50234	0.00713	0.00286	0.00465
21	0.00697	0.00502	0.00692	0.00692	0.00749	0.00559	0.00497	0.00810	0.00753	0.01061	0.01377	0.02343	0.01402	0.31154	0.53790	0.00672	0.01011	0.00584	0.00271	0.00384
22	0.01192	0.01172	0.02083	0.02854	0.69916	0.01161	0.11425	0.01496	0.01109	0.01579	0.00920	0.01213	0.00763	0.00429	0.00492	0.00146	0.00607	0.00450	0.00241	0.00753
23	0.01138	0.01346	0.05393	0.02021	0.02518	0.01222	0.75692	0.01552	0.01140	0.01552	0.00977	0.01298	0.00731	0.00410	0.00568	0.00163	0.00814	0.00565	0.00244	0.00656
24	0.01100	0.12285	0.51110	0.01316	0.07051	0.01167	0.01445	0.02818	0.02357	0.04798	0.00914	0.01044	0.00678	0.00453	0.00434	0.00138	0.00623	0.00353	0.00242	0.09674
25	0.01296	0.83261	0.02539	0.00829	0.01244	0.01917	0.00829	0.01451	0.00985	0.01140	0.00674	0.00777	0.00622	0.00415	0.00311	0.00104	0.00518	0.00259	0.00207	0.00622
26	0.01005	0.00861	0.01005	0.00718	0.01148	0.00646	0.00574	0.01220	0.01005	0.01579	0.00861	0.01005	0.00718	0.00359	0.00359	0.00072	0.00359	0.00287	0.00287	0.85932
27	0.00772	0.00650	0.01026	0.02478	0.04361	0.00615	0.11635	0.01034	0.02835	0.01758	0.50484	0.10104	0.08437	0.00929	0.00569	0.00159	0.00344	0.00852	0.00460	0.00497
28	0.86392	0.00937	0.00712	0.00637	0.00937	0.01087	0.00525	0.01425	0.00825	0.02174	0.00675	0.00787	0.00525	0.00450	0.00300	0.00150	0.00375	0.00262	0.00300	0.00525
29	0.00600	0.00438	0.00553	0.00635	0.00684	0.00404	0.00427	0.00689	0.00953	0.01251	0.05802	0.62458	0.14134	0.07634	0.00750	0.00211	0.00288	0.01257	0.00441	0.00391
30	0.01005	0.00861	0.01005	0.00718	0.01148	0.00646	0.00574	0.01220	0.01005	0.01579	0.00861	0.01005	0.00718	0.00359	0.00359	0.00072	0.00359	0.00287	0.00287	0.85932

[dist]
# distance from previous block
# <min> <max>
0	1

[block]
# block no. 1 follows, 52 sequences, length 17
# corresponding to MSA columns:
# 316-330,332,333
name=unknown_B
#
# <colnr> <probs for GDERKNQSTAVLIFYWHMCP>
#	G	D	E	R	K	N	Q	S	T	A	V	L	I	F	Y	W	H	M	C	P
0	0.56365	0.04585	0.00838	0.00709	0.00970	0.04665	0.00576	0.05187	0.00971	0.01945	0.01229	0.09995	0.04869	0.00659	0.00384	0.00156	0.00400	0.04643	0.00334	0.00522
1	0.01409	0.00672	0.00867	0.00732	0.00971	0.00607	0.00571	0.01633	0.04829	0.39382	0.20649	0.06650	0.10539	0.07419	0.00682	0.00181	0.00348	0.00702	0.00531	0.00626
2	0.01187	0.01049	0.05194	0.00932	0.01327	0.00910	0.04561	0.09168	0.11222	0.06060	0.01085	0.01179	0.00844	0.00470	0.00486	0.00112	0.05351	0.00372	0.00340	0.48152
3	0.00603	0.00485	0.00538	0.00540	0.00677	0.00419	0.00399	0.00748	0.01152	0.01459	0.23251	0.12727	0.52903	0.01200	0.00577	0.00164	0.00245	0.01024	0.00471	0.00419
4	0.01157	0.00930	0.01150	0.00998	0.09591	0.00772	0.00707	0.07500	0.01139	0.06003	0.00948	0.01074	0.00758	0.00398	0.00389	0.00090	0.00399	0.00325	0.00315	0.65358
5	0.01296	0.83261	0.02539	0.00829	0.01244	0.01917	0.00829	0.01451	0.00985	0.01140	0.00674	0.00777	0.00622	0.00415	0.00311	0.00104	0.00518	0.00259	0.00207	0.00622
6	0.01005	0.00861	0.01005	0.00718	0.01148	0.00646	0.00574	0.01220	0.01005	0.01579	0.00861	0.01005	0.00718	0.00359	0.00359	0.00072	0.00359	0.00287	0.00287	0.85932
7	0.00695	0.00505	0.00653	0.00725	0.00813	0.00485	0.00571	0.00847	0.01039	0.01351	0.07454	0.20880	0.14225	0.11624	0.00865	0.00236	0.00372	0.35813	0.00434	0.00411
8	0.01214	0.13722	0.32124	0.02750	0.04444	0.09711	0.01205	0.09600	0.01186	0.01605	0.00859	0.00994	0.00665	0.00450	0.00420	0.00126	0.00607	0.00337	0.00257	0.17724
9	0.00684	0.00526	0.00631	0.00614	0.00751	0.00487	0.00470	0.00935	0.05101	0.01708	0.46140	0.04007	0.27928	0.01077	0.00576	0.00162	0.00259	0.06990	0.00498	0.00457
10	0.01036	0.09655	0.01169	0.00730	0.01159	0.00782	0.00601	0.01245	0.01003	0.01532	0.00841	0.00981	0.00708	0.00365	0.00354	0.00075	0.00376	0.00284	0.00279	0.76828
11	0.01301	0.47608	0.13283	0.01063	0.04998	0.14289	0.00990	0.01521	0.01059	0.01264	0.00742	0.00868	0.00636	0.00430	0.00364	0.00113	0.00591	0.00292	0.00222	0.08364
12	0.00765	0.00571	0.00670	0.00658	0.00809	0.00545	0.00512	0.01062	0.09437	0.04090	0.24816	0.04026	0.30676	0.05606	0.00682	0.00187	0.00307	0.13635	0.00473	0.00474
13	0.01200	0.05297	0.10250	0.17956	0.40847	0.01179	0.05260	0.06115	0.01147	0.04785	0.00945	0.01200	0.00739	0.00459	0.00476	0.00148	0.00605	0.00425	0.00259	0.00710
14	0.01208	0.01301	0.02388	0.02393	0.35593	0.06006	0.40711	0.01548	0.01140	0.01543	0.00937	0.01235	0.00742	0.00424	0.00524	0.00153	0.00717	0.00496	0.00243	0.00697
15	0.03839	0.01499	0.01410	0.01122	0.01480	0.15114	0.00909	0.60703	0.04814	0.02676	0.01109	0.01128	0.00806	0.00567	0.00472	0.00143	0.00583	0.00415	0.00440	0.00770
16	0.00637	0.00468	0.00580	0.00636	0.00709	0.00435	0.00454	0.00753	0.01014	0.01328	0.12668	0.36550	0.19071	0.12122	0.00853	0.00224	0.00312	0.10348	0.00439	0.00398

[dist]
# distance from previous block
# <min> <max>
0	20

[block]
# block no. 2 follows, 52 sequences, length 27
# corresponding to MSA columns:
# 354-380
name=unknown_C
#
# <colnr> <probs for GDERKNQSTAVLIFYWHMCP>
#	G	D	E	R	K	N	Q	S	T	A	V	L	I	F	Y	W	H	M	C	P
0	0.43935	0.01126	0.01032	0.00851	0.01183	0.05265	0.00696	0.25171	0.03529	0.11524	0.01009	0.01036	0.00727	0.00516	0.00391	0.00148	0.00454	0.00352	0.00394	0.00660
1	0.00730	0.00522	0.00671	0.00728	0.00815	0.00510	0.00578	0.00883	0.01027	0.01342	0.09430	0.04600	0.10648	0.23285	0.01135	0.00277	0.00412	0.41592	0.00413	0.00402
2	0.17660	0.00888	0.01027	0.00841	0.01168	0.00891	0.00682	0.05208	0.15755	0.43723	0.03883	0.03654	0.01258	0.00617	0.00459	0.00154	0.00396	0.00489	0.00513	0.00736
3	0.01483	0.01453	0.01446	0.01651	0.24835	0.26268	0.01030	0.02029	0.24222	0.08788	0.01265	0.01318	0.00972	0.00535	0.00471	0.00145	0.00598	0.00433	0.00351	0.00708
4	0.00641	0.00463	0.00618	0.00723	0.00782	0.00439	0.00535	0.00766	0.00989	0.01299	0.02775	0.57040	0.07615	0.01452	0.00630	0.00202	0.00324	0.21849	0.00449	0.00409
5	0.01226	0.16658	0.08815	0.06545	0.03414	0.13050	0.03138	0.07329	0.06872	0.01438	0.02128	0.01198	0.00836	0.00909	0.09531	0.00220	0.15413	0.00403	0.00270	0.00607
6	0.00749	0.00535	0.00745	0.00856	0.00954	0.00531	0.00726	0.00949	0.01084	0.01415	0.02583	0.18284	0.02858	0.01369	0.00661	0.00219	0.00419	0.64179	0.00447	0.00437
7	0.01002	0.00912	0.03462	0.25467	0.16383	0.00964	0.01071	0.06155	0.10950	0.01577	0.03603	0.05211	0.05393	0.00797	0.02182	0.00181	0.00531	0.13219	0.00339	0.00601
8	0.01322	0.15044	0.04166	0.02000	0.33156	0.17941	0.13089	0.01572	0.01129	0.01403	0.00836	0.01068	0.00699	0.00458	0.00504	0.00139	0.04170	0.00398	0.00235	0.00671
9	0.00726	0.00549	0.00680	0.00660	0.00788	0.00531	0.00500	0.01051	0.09461	0.01797	0.52622	0.10870	0.11347	0.01048	0.00573	0.00163	0.00264	0.05382	0.00508	0.00479
10	0.01010	0.00984	0.03858	0.03366	0.46315	0.02030	0.04733	0.01255	0.01070	0.01489	0.03761	0.21548	0.01563	0.00759	0.00528	0.00162	0.00508	0.04115	0.00309	0.00638
11	0.04003	0.00813	0.01042	0.00842	0.01158	0.00757	0.00680	0.05599	0.08488	0.54629	0.09478	0.07227	0.01653	0.00700	0.00500	0.00154	0.00388	0.00582	0.00560	0.00747
12	0.02401	0.00685	0.00982	0.04492	0.01099	0.00824	0.02137	0.06122	0.00889	0.01288	0.01167	0.01705	0.01071	0.04286	0.56841	0.00603	0.12165	0.00497	0.00267	0.00480
13	0.86392	0.00937	0.00712	0.00637	0.00937	0.01087	0.00525	0.01425	0.00825	0.02174	0.00675	0.00787	0.00525	0.00450	0.00300	0.00150	0.00375	0.00262	0.00300	0.00525
14	0.00695	0.00503	0.00648	0.00721	0.00796	0.00485	0.00534	0.04099	0.01054	0.01393	0.06630	0.49471	0.08141	0.04512	0.00690	0.00206	0.00331	0.18217	0.00449	0.00424
15	0.01800	0.01336	0.01430	0.01106	0.01487	0.01483	0.00911	0.73266	0.07413	0.02985	0.01218	0.01207	0.00868	0.00587	0.00485	0.00147	0.00523	0.00444	0.00485	0.00820
16	0.01145	0.01093	0.01877	0.25437	0.46650	0.01155	0.08637	0.05343	0.01129	0.01556	0.00916	0.01234	0.00733	0.00452	0.00490	0.00151	0.00616	0.00445	0.00246	0.00694
17	0.00694	0.00465	0.00532	0.00542	0.00544	0.00463	0.00308	0.00702	0.00725	0.00967	0.01632	0.10442	0.01894	0.75518	0.02297	0.00445	0.00453	0.00766	0.00308	0.00303
18	0.00915	0.00861	0.01453	0.81804	0.03338	0.01077	0.01346	0.01238	0.00969	0.01238	0.00861	0.01292	0.00646	0.00484	0.00484	0.00161	0.00646	0.00431	0.00215	0.00538
19	0.00590	0.00487	0.00518	0.00520	0.00668	0.00415	0.00386	0.00724	0.01129	0.01392	0.15065	0.09967	0.64037	0.01215	0.00576	0.00164	0.00246	0.01027	0.00462	0.00415
20	0.01173	0.22113	0.01715	0.26718	0.08283	0.01261	0.04963	0.02881	0.11738	0.06986	0.04626	0.03422	0.01051	0.00541	0.00453	0.00145	0.00534	0.00458	0.00307	0.00633
21	0.01171	0.00969	0.01171	0.01256	0.14875	0.05066	0.00825	0.21079	0.08379	0.01780	0.01398	0.10221	0.01295	0.09629	0.18331	0.00323	0.00679	0.00584	0.00358	0.00611
22	0.00661	0.00486	0.00570	0.00578	0.00664	0.00451	0.00406	0.00776	0.01032	0.01355	0.21969	0.09724	0.24627	0.27029	0.01182	0.00265	0.00331	0.07085	0.00421	0.00386
23	0.01305	0.06851	0.16018	0.08876	0.13507	0.22032	0.03143	0.04902	0.05132	0.01441	0.00872	0.01078	0.00702	0.00531	0.00607	0.00150	0.11573	0.00385	0.00252	0.00642
24	0.01326	0.00764	0.00929	0.00819	0.01059	0.00763	0.00639	0.01867	0.25125	0.27922	0.15470	0.12909	0.05167	0.00844	0.00528	0.00163	0.00349	0.02167	0.00527	0.00664
25	0.01172	0.46839	0.28711	0.01195	0.05271	0.01570	0.06355	0.01488	0.01014	0.01321	0.00771	0.00915	0.00634	0.00430	0.00386	0.00126	0.00607	0.00321	0.00210	0.00662
26	0.00657	0.00449	0.00585	0.00652	0.00698	0.00420	0.00439	0.00757	0.00982	0.03223	0.14557	0.58792	0.03197	0.11196	0.00830	0.00222	0.00299	0.01197	0.00448	0.00402

[dist]
# distance from previous block
# <min> <max>
0	1

[block]
# block no. 3 follows, 52 sequences, length 24
# corresponding to MSA columns:
# 382-405
name=unknown_D
#
# <colnr> <probs for GDERKNQSTAVLIFYWHMCP>
#	G	D	E	R	K	N	Q	S	T	A	V	L	I	F	Y	W	H	M	C	P
0	0.01379	0.01442	0.04824	0.06753	0.41481	0.16818	0.03128	0.12012	0.04444	0.01700	0.00954	0.01156	0.00762	0.00478	0.00474	0.00143	0.00636	0.00414	0.00282	0.00717
1	0.01416	0.10094	0.20513	0.05329	0.07149	0.01255	0.04348	0.25111	0.04354	0.10511	0.01175	0.04559	0.00900	0.00556	0.00470	0.00148	0.00567	0.00453	0.00359	0.00732
2	0.00816	0.00553	0.00770	0.00866	0.00978	0.00545	0.00739	0.01022	0.01105	0.04693	0.02551	0.14341	0.02772	0.01329	0.00656	0.00217	0.00426	0.64713	0.00453	0.00456
3	0.01309	0.01138	0.06123	0.05318	0.32424	0.01079	0.05596	0.14425	0.05154	0.09823	0.06388	0.01671	0.04243	0.00578	0.00501	0.00152	0.00529	0.02469	0.00360	0.00721
4	0.00939	0.00543	0.00698	0.00648	0.00793	0.00491	0.00481	0.01108	0.01224	0.16287	0.39507	0.15415	0.10843	0.07936	0.00723	0.00187	0.00293	0.00880	0.00505	0.00497
5	0.01215	0.04966	0.15208	0.09461	0.13577	0.18436	0.09627	0.01631	0.09971	0.01432	0.01029	0.01289	0.00834	0.03904	0.05184	0.00195	0.00711	0.00430	0.00265	0.00635
6	0.22196	0.00790	0.00855	0.00738	0.00996	0.00815	0.00587	0.06026	0.09333	0.24072	0.08299	0.08248	0.01504	0.00672	0.00439	0.00150	0.00354	0.00537	0.12765	0.00625
7	0.47235	0.01138	0.11007	0.00982	0.01347	0.01023	0.14196	0.01431	0.00963	0.05728	0.03465	0.05277	0.03293	0.00546	0.00409	0.00156	0.00483	0.00437	0.00312	0.00573
8	0.00607	0.00475	0.00551	0.00569	0.00685	0.00418	0.00412	0.00748	0.01131	0.01459	0.24187	0.24130	0.40422	0.01238	0.00584	0.00169	0.00250	0.01074	0.00472	0.00418
9	0.01288	0.01403	0.14083	0.01476	0.01909	0.04440	0.32940	0.13709	0.05868	0.08012	0.01276	0.09037	0.01042	0.00583	0.00529	0.00160	0.00651	0.00576	0.00339	0.00682
10	0.00617	0.00457	0.00564	0.00633	0.00701	0.00421	0.00444	0.00720	0.00982	0.01272	0.06108	0.46902	0.21246	0.09181	0.00786	0.00215	0.00303	0.07614	0.00438	0.00395
11	0.01246	0.70976	0.14392	0.00913	0.01374	0.01797	0.00975	0.01464	0.00991	0.01200	0.00704	0.00815	0.00621	0.00422	0.00334	0.00111	0.00548	0.00274	0.00207	0.00636
12	0.01095	0.02008	0.46677	0.01658	0.11669	0.05687	0.15193	0.01631	0.06824	0.01560	0.00969	0.01145	0.00719	0.00464	0.00484	0.00153	0.00701	0.00417	0.00240	0.00706
13	0.00695	0.00515	0.00671	0.00758	0.00864	0.00491	0.00621	0.00867	0.01075	0.01375	0.03113	0.21086	0.20142	0.01350	0.00637	0.00204	0.00367	0.44293	0.00448	0.00427
14	0.00971	0.04516	0.05411	0.00833	0.01026	0.04973	0.00676	0.01398	0.17511	0.06808	0.12883	0.26273	0.04246	0.01154	0.05477	0.00206	0.00440	0.04213	0.00434	0.00552
15	0.00754	0.00560	0.00692	0.00668	0.00797	0.00551	0.00506	0.01111	0.11120	0.01841	0.53556	0.09564	0.06801	0.01002	0.00562	0.00160	0.00265	0.05223	0.03778	0.00489
16	0.01300	0.01471	0.04768	0.14992	0.36831	0.24244	0.03146	0.01558	0.01168	0.01424	0.03950	0.01211	0.00849	0.00482	0.00473	0.00142	0.00671	0.00415	0.00249	0.00654
17	0.86392	0.00937	0.00712	0.00637	0.00937	0.01087	0.00525	0.01425	0.00825	0.02174	0.00675	0.00787	0.00525	0.00450	0.00300	0.00150	0.00375	0.00262	0.00300	0.00525
18	0.01603	0.08647	0.01632	0.01353	0.06992	0.38597	0.08264	0.18884	0.01484	0.01675	0.00979	0.02693	0.00827	0.00551	0.00466	0.00138	0.00713	0.03552	0.00310	0.00641
19	0.00692	0.00519	0.00779	0.00779	0.00865	0.00606	0.00606	0.00865	0.00779	0.01125	0.01298	0.01904	0.01211	0.03634	0.81049	0.00779	0.01298	0.00519	0.00260	0.00433
20	0.01277	0.01083	0.03070	0.01036	0.01338	0.03670	0.06512	0.06621	0.50464	0.08623	0.04895	0.01906	0.05979	0.00666	0.00503	0.00160	0.00436	0.00566	0.00468	0.00726
21	0.00634	0.00460	0.00609	0.00711	0.00771	0.00434	0.00522	0.00755	0.00988	0.01294	0.02836	0.57553	0.09615	0.01451	0.00627	0.00200	0.00318	0.19365	0.00449	0.00408
22	0.03491	0.01486	0.01388	0.01118	0.01455	0.17587	0.00903	0.50308	0.05713	0.06827	0.01130	0.01152	0.00823	0.00578	0.00515	0.00145	0.03787	0.00415	0.00429	0.00751
23	0.01672	0.01144	0.01274	0.01032	0.01371	0.01243	0.00846	0.44843	0.17709	0.14357	0.01561	0.01734	0.01181	0.00664	0.00503	0.00157	0.00477	0.06951	0.00501	0.00780

[dist]
# distance from previous block
# <min> <max>
0	3

[block]
# block no. 4 follows, 52 sequences, length 24
# corresponding to MSA columns:
# 409-432
name=unknown_E
#
# <colnr> <probs for GDERKNQSTAVLIFYWHMCP>
#	G	D	E	R	K	N	Q	S	T	A	V	L	I	F	Y	W	H	M	C	P
0	0.08133	0.01065	0.01595	0.38864	0.33915	0.05544	0.01312	0.01393	0.01034	0.01452	0.00860	0.01190	0.00684	0.00461	0.00465	0.00151	0.00608	0.00411	0.00234	0.00631
1	0.03901	0.00976	0.01201	0.00929	0.01301	0.00948	0.00765	0.22373	0.04693	0.55103	0.01690	0.01509	0.01097	0.00594	0.00483	0.00149	0.00442	0.00471	0.00559	0.00816
2	0.01554	0.04763	0.13763	0.01432	0.06356	0.40817	0.10226	0.12453	0.01390	0.01566	0.00860	0.01004	0.00672	0.00487	0.00461	0.00137	0.00766	0.00373	0.00273	0.00647
3	0.86392	0.00937	0.00712	0.00637	0.00937	0.01087	0.00525	0.01425	0.00825	0.02174	0.00675	0.00787	0.00525	0.00450	0.00300	0.00150	0.00375	0.00262	0.00300	0.00525
4	0.01005	0.00861	0.01005	0.00718	0.01148	0.00646	0.00574	0.01220	0.01005	0.01579	0.00861	0.01005	0.00718	0.00359	0.00359	0.00072	0.00359	0.00287	0.00287	0.85932
5	0.00705	0.00470	0.00529	0.00529	0.00529	0.00470	0.00294	0.00705	0.00705	0.00940	0.01527	0.03171	0.01762	0.82969	0.02467	0.00470	0.00470	0.00705	0.00294	0.00294
6	0.01152	0.01030	0.01012	0.00922	0.01149	0.08652	0.00706	0.02099	0.53599	0.01816	0.10960	0.01994	0.04192	0.00784	0.00615	0.07234	0.00411	0.00568	0.00450	0.00654
7	0.00663	0.00489	0.00620	0.00599	0.00713	0.00446	0.00445	0.00866	0.01300	0.01801	0.63455	0.10280	0.14392	0.01065	0.00576	0.00158	0.00235	0.00937	0.00516	0.00446
8	0.00753	0.00662	0.00742	0.00827	0.07291	0.06222	0.00547	0.00917	0.01174	0.01516	0.28349	0.20196	0.26806	0.01093	0.00565	0.00163	0.00319	0.00950	0.00446	0.00462
9	0.00638	0.00463	0.00612	0.00714	0.00776	0.00437	0.00527	0.00761	0.00993	0.01299	0.02852	0.55554	0.10206	0.01445	0.00627	0.00200	0.00320	0.20718	0.00449	0.00409
10	0.01223	0.01134	0.01855	0.12695	0.63048	0.01175	0.01417	0.08592	0.01196	0.01676	0.00929	0.01208	0.00758	0.00452	0.00481	0.00146	0.00581	0.00432	0.00260	0.00744
11	0.01629	0.04843	0.01573	0.01695	0.22445	0.56910	0.01080	0.01798	0.01288	0.01291	0.00790	0.00957	0.00662	0.00478	0.00444	0.00129	0.00782	0.00342	0.00246	0.00619
12	0.00686	0.00495	0.00648	0.00610	0.00724	0.00457	0.00457	0.00914	0.01372	0.01943	0.79691	0.03620	0.04572	0.00991	0.00572	0.00152	0.00229	0.00876	0.00533	0.00457
13	0.00781	0.00583	0.00785	0.07429	0.01038	0.02503	0.00618	0.00966	0.02283	0.04248	0.12056	0.21948	0.02199	0.06052	0.29575	0.00408	0.00709	0.04998	0.00367	0.00452
14	0.04096	0.00764	0.00905	0.00786	0.01027	0.00772	0.00617	0.01811	0.25032	0.22811	0.28447	0.02506	0.06808	0.00780	0.00516	0.00156	0.00331	0.00660	0.00526	0.00649
15	0.01085	0.03543	0.18430	0.06962	0.32109	0.02345	0.01284	0.01603	0.14610	0.01603	0.03982	0.04879	0.01162	0.00583	0.00490	0.00155	0.00550	0.03630	0.00301	0.00695
16	0.31977	0.00853	0.00948	0.00767	0.01102	0.00844	0.00630	0.01979	0.02779	0.47495	0.01460	0.01354	0.00968	0.00546	0.00414	0.00149	0.00390	0.00407	0.04238	0.00701
17	0.01486	0.01606	0.01290	0.01264	0.08649	0.37104	0.00894	0.08733	0.23791	0.01660	0.03862	0.01471	0.04888	0.00597	0.00472	0.00143	0.00624	0.00455	0.00358	0.00652
18	0.01655	0.00710	0.00958	0.00774	0.01058	0.00623	0.00623	0.01857	0.01382	0.52947	0.29051	0.02337	0.02376	0.00736	0.00517	0.00151	0.00348	0.00623	0.00577	0.00696
19	0.02702	0.01009	0.01127	0.00926	0.01202	0.01091	0.00734	0.37863	0.11945	0.09626	0.09018	0.04489	0.01499	0.09054	0.05284	0.00219	0.00499	0.00559	0.00466	0.00687
20	0.00593	0.00427	0.00563	0.00665	0.00702	0.00397	0.00447	0.00685	0.00951	0.01266	0.05632	0.76643	0.06261	0.01487	0.00615	0.00194	0.00278	0.01345	0.00453	0.00397
21	0.24753	0.00828	0.00981	0.00787	0.01119	0.00791	0.02521	0.01892	0.01196	0.47935	0.01906	0.01762	0.10234	0.00628	0.00449	0.00152	0.00393	0.00491	0.00492	0.00691
22	0.00734	0.00546	0.00689	0.00645	0.00774	0.00527	0.00486	0.01069	0.08587	0.01951	0.72474	0.03452	0.04285	0.00960	0.00564	0.00154	0.00243	0.00846	0.00530	0.00486
23	0.04327	0.16448	0.41720	0.01392	0.03836	0.08700	0.14027	0.01555	0.01063	0.01461	0.00836	0.01008	0.00637	0.00446	0.00445	0.00143	0.00696	0.00370	0.00220	0.00669

[dist]
# distance from previous block
# <min> <max>
0	1

[block]
# block no. 5 follows, 52 sequences, length 72
# corresponding to MSA columns:
# 434-505
name=unknown_F
#
# <colnr> <probs for GDERKNQSTAVLIFYWHMCP>
#	G	D	E	R	K	N	Q	S	T	A	V	L	I	F	Y	W	H	M	C	P
0	0.00973	0.00895	0.01457	0.75008	0.04496	0.01102	0.01317	0.05275	0.02270	0.01351	0.00895	0.01292	0.00670	0.00491	0.00485	0.00160	0.00635	0.00433	0.00234	0.00561
1	0.01278	0.61768	0.13725	0.00991	0.01452	0.01739	0.04999	0.06704	0.01087	0.01349	0.00751	0.00867	0.00640	0.00432	0.00358	0.00117	0.00563	0.00302	0.00228	0.00651
2	0.86392	0.00937	0.00712	0.00637	0.00937	0.01087	0.00525	0.01425	0.00825	0.02174	0.00675	0.00787	0.00525	0.00450	0.00300	0.00150	0.00375	0.00262	0.00300	0.00525
3	0.01066	0.01033	0.01529	0.03179	0.18582	0.01244	0.05950	0.01411	0.11676	0.01415	0.01279	0.03009	0.07019	0.00738	0.01012	0.00182	0.38267	0.00517	0.00282	0.00611
4	0.00591	0.00431	0.00556	0.00653	0.00698	0.00397	0.00441	0.00682	0.00956	0.01260	0.04555	0.72526	0.11520	0.01475	0.00613	0.00192	0.00276	0.01329	0.00452	0.00397
5	0.01284	0.03222	0.01288	0.36116	0.02131	0.01019	0.01002	0.01766	0.17028	0.20778	0.02952	0.04049	0.01109	0.00601	0.00528	0.00160	0.03435	0.00502	0.00380	0.00651
6	0.01226	0.00980	0.01051	0.00938	0.01210	0.01105	0.00732	0.02409	0.67016	0.07693	0.03239	0.02016	0.06831	0.00697	0.00499	0.00163	0.00374	0.00580	0.00499	0.00743
7	0.01209	0.40544	0.15511	0.04453	0.09642	0.04476	0.15031	0.01497	0.01046	0.01331	0.00796	0.00980	0.00657	0.00429	0.00411	0.00130	0.00629	0.00358	0.00219	0.00653
8	0.01117	0.24718	0.06462	0.33798	0.02349	0.04240	0.12888	0.02691	0.01029	0.01300	0.00817	0.01103	0.00653	0.00471	0.00497	0.00146	0.04510	0.00394	0.00223	0.00595
9	0.00577	0.00486	0.00500	0.00507	0.00660	0.00409	0.00376	0.00700	0.01100	0.01322	0.06887	0.09945	0.72396	0.01240	0.00576	0.00166	0.00247	0.01043	0.00452	0.00409
10	0.01164	0.12379	0.18512	0.04209	0.34520	0.02390	0.03566	0.05673	0.05183	0.01581	0.01038	0.05760	0.00888	0.00519	0.00464	0.00146	0.00582	0.00455	0.00266	0.00706
11	0.00754	0.00641	0.00690	0.00753	0.00867	0.06832	0.00592	0.00905	0.01082	0.01333	0.03079	0.25973	0.23367	0.01292	0.00611	0.00192	0.00381	0.29791	0.00433	0.00431
12	0.01296	0.83261	0.02539	0.00829	0.01244	0.01917	0.00829	0.01451	0.00985	0.01140	0.00674	0.00777	0.00622	0.00415	0.00311	0.00104	0.00518	0.00259	0.00207	0.00622
13	0.00636	0.00521	0.00550	0.00548	0.00706	0.00458	0.00419	0.02997	0.01133	0.01378	0.06807	0.04540	0.65590	0.04320	0.00650	0.00179	0.00279	0.07417	0.00447	0.00421
14	0.08065	0.01027	0.01270	0.01135	0.05804	0.01107	0.06900	0.04392	0.45103	0.17265	0.01698	0.01605	0.01233	0.00595	0.00482	0.00159	0.00438	0.00506	0.00465	0.00752
15	0.00690	0.00467	0.00530	0.00539	0.00547	0.00461	0.00309	0.00702	0.00738	0.00978	0.01753	0.09512	0.05005	0.73254	0.02245	0.00436	0.00446	0.00771	0.00312	0.00306
16	0.16993	0.18497	0.09106	0.04469	0.02568	0.01237	0.00883	0.15356	0.01301	0.23501	0.01132	0.01140	0.00802	0.00509	0.00413	0.00140	0.00491	0.00374	0.00382	0.00704
17	0.01245	0.68075	0.09477	0.07283	0.01491	0.01773	0.00958	0.02734	0.01009	0.01216	0.00714	0.00847	0.00626	0.00427	0.00341	0.00113	0.00546	0.00285	0.00212	0.00627
18	0.00769	0.00549	0.00767	0.00879	0.00985	0.00548	0.00760	0.00984	0.01104	0.01437	0.02572	0.10264	0.02815	0.01350	0.00666	0.00221	0.00436	0.72004	0.00446	0.00443
19	0.07632	0.01115	0.01243	0.00990	0.01342	0.07348	0.03323	0.19177	0.12783	0.37605	0.01547	0.01433	0.01050	0.00580	0.00474	0.00149	0.00482	0.00458	0.00499	0.00769
20	0.00787	0.00569	0.00781	0.00873	0.00990	0.00571	0.00755	0.01049	0.03703	0.01508	0.08641	0.05200	0.02887	0.01289	0.00656	0.00216	0.00427	0.68187	0.00455	0.00458
21	0.01339	0.76789	0.02454	0.00852	0.01264	0.01885	0.00836	0.07526	0.01087	0.01291	0.00712	0.00808	0.00638	0.00428	0.00325	0.00107	0.00519	0.00273	0.00229	0.00638
22	0.00705	0.00470	0.00529	0.00529	0.00529	0.00470	0.00294	0.00705	0.00705	0.00940	0.01527	0.03171	0.01762	0.82969	0.02467	0.00470	0.00470	0.00705	0.00294	0.00294
23	0.01202	0.01302	0.02698	0.02022	0.06845	0.01243	0.67727	0.07616	0.01231	0.01673	0.00991	0.01290	0.00744	0.00424	0.00560	0.00161	0.00781	0.00553	0.00264	0.00674
24	0.01810	0.02310	0.01373	0.01248	0.01498	0.81024	0.00936	0.01935	0.01373	0.01186	0.00749	0.00874	0.00624	0.00499	0.00437	0.00125	0.00874	0.00312	0.00250	0.00562
25	0.00590	0.00422	0.00562	0.00675	0.00703	0.00394	0.00450	0.00675	0.00928	0.01237	0.02671	0.82653	0.03205	0.01518	0.00619	0.00197	0.00281	0.01378	0.00450	0.00394
26	0.86392	0.00937	0.00712	0.00637	0.00937	0.01087	0.00525	0.01425	0.00825	0.02174	0.00675	0.00787	0.00525	0.00450	0.00300	0.00150	0.00375	0.00262	0.00300	0.00525
27	0.00692	0.00458	0.00553	0.00583	0.00594	0.00451	0.00357	0.00703	0.00765	0.01019	0.01776	0.21552	0.02061	0.54817	0.01929	0.07075	0.00421	0.03548	0.00329	0.00316
28	0.00680	0.00482	0.00635	0.00701	0.00765	0.00464	0.00521	0.00818	0.01030	0.01384	0.16982	0.33342	0.03118	0.14170	0.00915	0.00239	0.00348	0.22561	0.00440	0.00405
29	0.74957	0.00922	0.00768	0.00668	0.00978	0.01036	0.00550	0.01552	0.00901	0.12780	0.00843	0.00904	0.00616	0.00470	0.00325	0.00150	0.00380	0.00293	0.00341	0.00566
30	0.01753	0.01407	0.01390	0.07413	0.01607	0.14259	0.00929	0.48637	0.06784	0.09185	0.01188	0.01209	0.00851	0.00567	0.00478	0.00145	0.00577	0.00427	0.00436	0.00756
31	0.00632	0.00487	0.00577	0.00567	0.00694	0.00432	0.00420	0.00805	0.01225	0.01625	0.42731	0.10765	0.35027	0.01132	0.00576	0.00161	0.00240	0.00979	0.00492	0.00432
32	0.00705	0.00470	0.00529	0.00529	0.00529	0.00470	0.00294	0.00705	0.00705	0.00940	0.01527	0.03171	0.01762	0.82969	0.02467	0.00470	0.00470	0.00705	0.00294	0.00294
33	0.01144	0.01307	0.02859	0.02042	0.02533	0.01225	0.78186	0.01552	0.01144	0.01552	0.00980	0.01307	0.00735	0.00408	0.00572	0.00163	0.00817	0.00572	0.00245	0.00654
34	0.39323	0.01171	0.01125	0.00903	0.01252	0.01319	0.00745	0.44238	0.01634	0.02664	0.00947	0.00997	0.00691	0.00523	0.00403	0.00147	0.00463	0.00359	0.00403	0.00691
35	0.00643	0.00481	0.00581	0.00586	0.00687	0.00437	0.00422	0.00794	0.01146	0.01529	0.35669	0.16758	0.25086	0.10026	0.00787	0.00199	0.00274	0.03012	0.00468	0.00415
36	0.00969	0.00561	0.00718	0.00641	0.00817	0.00501	0.00494	0.01172	0.01330	0.17744	0.51346	0.03395	0.16506	0.00951	0.00555	0.00154	0.00269	0.00822	0.00533	0.00524
37	0.01810	0.02310	0.01373	0.01248	0.01498	0.81024	0.00936	0.01935	0.01373	0.01186	0.00749	0.00874	0.00624	0.00499	0.00437	0.00125	0.00874	0.00312	0.00250	0.00562
38	0.11541	0.01294	0.01336	0.01043	0.01414	0.04008	0.00858	0.59970	0.03127	0.08913	0.01164	0.01158	0.00822	0.00566	0.00462	0.00146	0.00515	0.00418	0.00465	0.00780
39	0.02157	0.00852	0.01142	0.00875	0.01251	0.00753	0.00723	0.06315	0.01433	0.76263	0.01873	0.01624	0.01180	0.00599	0.00487	0.00150	0.00419	0.00485	0.00594	0.00825
40	0.07988	0.01007	0.01108	0.00823	0.01231	0.00922	0.00668	0.22904	0.01349	0.02041	0.00931	0.01032	0.00732	0.00429	0.00390	0.00099	0.00409	0.00327	0.00344	0.55268
41	0.01686	0.02045	0.01341	0.01210	0.01453	0.63966	0.00918	0.03500	0.12399	0.01342	0.00925	0.01022	0.00750	0.00542	0.00506	0.00135	0.05023	0.00354	0.00287	0.00595
42	0.00629	0.00450	0.00603	0.00693	0.00745	0.00424	0.00493	0.00753	0.01019	0.01371	0.14291	0.60802	0.03358	0.01415	0.00618	0.00193	0.00294	0.10974	0.00462	0.00410
43	0.00672	0.00489	0.00632	0.00608	0.00718	0.00449	0.00452	0.00883	0.01321	0.01851	0.69360	0.09924	0.08731	0.01046	0.00575	0.00157	0.00234	0.00924	0.00522	0.00449
44	0.00703	0.00478	0.00572	0.00572	0.00587	0.00493	0.00348	0.00733	0.00718	0.00972	0.01487	0.02951	0.01666	0.69190	0.16115	0.00523	0.00614	0.00673	0.00288	0.00318
45	0.01296	0.83261	0.02539	0.00829	0.01244	0.01917	0.00829	0.01451	0.00985	0.01140	0.00674	0.00777	0.00622	0.00415	0.00311	0.00104	0.00518	0.00259	0.00207	0.00622
46	0.01738	0.01069	0.01169	0.00971	0.01292	0.07309	0.00786	0.15713	0.20770	0.34821	0.01754	0.01840	0.01281	0.00661	0.00499	0.00156	0.00466	0.06435	0.00513	0.00760
47	0.00742	0.00540	0.00727	0.00802	0.00920	0.00525	0.00683	0.00955	0.01155	0.01512	0.14955	0.05085	0.11841	0.01271	0.00643	0.00205	0.00389	0.56145	0.00460	0.00444
48	0.01199	0.01151	0.01967	0.02974	0.79946	0.01151	0.01487	0.01487	0.01103	0.01583	0.00912	0.01199	0.00768	0.00432	0.00480	0.00144	0.00576	0.00432	0.00240	0.00768
49	0.01005	0.00861	0.01005	0.00718	0.01148	0.00646	0.00574	0.01220	0.01005	0.01579	0.00861	0.01005	0.00718	0.00359	0.00359	0.00072	0.00359	0.00287	0.00287	0.85932
50	0.00727	0.00511	0.00614	0.00611	0.00645	0.00538	0.00390	0.00843	0.05174	0.01048	0.01536	0.05025	0.01671	0.59580	0.18616	0.00509	0.00632	0.00676	0.00302	0.00352
51	0.00753	0.00549	0.00742	0.00838	0.00957	0.00538	0.00725	0.00962	0.01114	0.01431	0.02884	0.05357	0.13239	0.01324	0.00656	0.00215	0.00419	0.66411	0.00447	0.00441
52	0.00611	0.00450	0.00630	0.00709	0.00754	0.00420	0.02596	0.00711	0.00957	0.01283	0.06632	0.76295	0.03208	0.01460	0.00615	0.00194	0.00293	0.01329	0.00449	0.00404
53	0.01299	0.01243	0.02242	0.06614	0.22692	0.01243	0.37326	0.16503	0.01349	0.03139	0.01007	0.01256	0.00764	0.00456	0.00524	0.00154	0.00682	0.00499	0.00295	0.00713
54	0.01110	0.13286	0.60392	0.01354	0.05974	0.01206	0.01571	0.01577	0.01047	0.06846	0.00916	0.01042	0.00663	0.00462	0.00443	0.00146	0.00661	0.00357	0.00234	0.00713
55	0.01939	0.00773	0.01049	0.00822	0.01156	0.00672	0.00672	0.02133	0.01385	0.67920	0.14185	0.01960	0.01732	0.00661	0.00501	0.00150	0.00383	0.00549	0.00589	0.00767
56	0.01071	0.42074	0.04078	0.01033	0.07371	0.01389	0.00856	0.01250	0.00912	0.01184	0.00891	0.01193	0.00819	0.01462	0.25774	0.00329	0.07148	0.00370	0.00227	0.00570
57	0.04023	0.05905	0.10243	0.01881	0.33236	0.01167	0.07323	0.05069	0.15153	0.04883	0.04157	0.01440	0.01058	0.00523	0.00479	0.00150	0.00542	0.01722	0.00322	0.00724
58	0.01194	0.05453	0.02163	0.02689	0.61432	0.01205	0.15739	0.01497	0.01105	0.01554	0.00912	0.01198	0.00754	0.00427	0.00488	0.00145	0.00618	0.00449	0.00239	0.00739
59	0.00687	0.00481	0.00576	0.00612	0.00715	0.00431	0.00437	0.00798	0.01032	0.05400	0.07050	0.36577	0.31892	0.06874	0.00720	0.00199	0.00292	0.04356	0.00451	0.00420
60	0.00958	0.00918	0.01582	0.68734	0.07562	0.01096	0.07343	0.01316	0.03272	0.01305	0.00906	0.01303	0.00684	0.00481	0.00491	0.00161	0.00648	0.00445	0.00227	0.00567
61	0.04054	0.05797	0.25400	0.01142	0.01585	0.04174	0.05478	0.13284	0.08867	0.15756	0.01346	0.03649	0.03098	0.00584	0.00514	0.00153	0.03576	0.00463	0.00366	0.00712
62	0.01086	0.04755	0.61425	0.01334	0.03242	0.05627	0.02791	0.01561	0.01070	0.05595	0.01029	0.01350	0.00798	0.00527	0.00472	0.00155	0.00684	0.05561	0.00246	0.00692
63	0.00613	0.00489	0.00550	0.00552	0.00689	0.00426	0.00413	0.00766	0.01168	0.01490	0.26183	0.10550	0.49739	0.01186	0.00579	0.00165	0.00250	0.03296	0.00474	0.00423
64	0.01464	0.58337	0.02174	0.00947	0.01315	0.23945	0.00856	0.01612	0.01104	0.03407	0.00730	0.00829	0.00639	0.00444	0.00351	0.00111	0.00614	0.00280	0.00230	0.00611
65	0.07809	0.05823	0.02736	0.01324	0.15459	0.04647	0.00923	0.21702	0.15385	0.13021	0.05350	0.01415	0.01132	0.00567	0.00464	0.00147	0.00487	0.00456	0.00416	0.00738
66	0.01200	0.01277	0.01447	0.19339	0.04473	0.23688	0.11408	0.03537	0.01162	0.01359	0.01257	0.02173	0.01187	0.04432	0.00646	0.00179	0.03056	0.17344	0.00292	0.00544
67	0.00608	0.00486	0.00549	0.00588	0.00714	0.00427	0.00444	0.00738	0.01074	0.01327	0.05706	0.21287	0.51314	0.01299	0.00596	0.00179	0.00280	0.11520	0.00451	0.00412
68	0.01039	0.14516	0.22363	0.04195	0.07337	0.01121	0.12074	0.02796	0.07552	0.02764	0.02484	0.17044	0.01293	0.00679	0.00491	0.00156	0.00558	0.00606	0.00302	0.00631
69	0.01346	0.02995	0.12418	0.05155	0.29414	0.26286	0.07896	0.01690	0.05484	0.01453	0.00914	0.01113	0.00731	0.00469	0.00470	0.00142	0.00701	0.00400	0.00251	0.00675
70	0.00948	0.00771	0.00985	0.00935	0.05120	0.01973	0.06650	0.07797	0.12237	0.03873	0.06117	0.12062	0.21749	0.12666	0.00824	0.00209	0.00409	0.03727	0.00415	0.00533
71	0.00785	0.00603	0.00745	0.00788	0.00913	0.00617	0.00619	0.01186	0.16294	0.01547	0.10977	0.25112	0.09454	0.01207	0.00603	0.00192	0.00349	0.27052	0.00466	0.00493

[dist]
# distance from previous block
# <min> <max>
1	3

[block]
# block no. 6 follows, 52 sequences, length 24
# corresponding to MSA columns:
# 510-533
name=unknown_G
#
# <colnr> <probs for GDERKNQSTAVLIFYWHMCP>
#	G	D	E	R	K	N	Q	S	T	A	V	L	I	F	Y	W	H	M	C	P
0	0.13256	0.37047	0.15966	0.03243	0.01446	0.02991	0.04635	0.01513	0.01028	0.08733	0.01082	0.01163	0.05087	0.00494	0.00387	0.00132	0.00533	0.00362	0.00273	0.00630
1	0.05640	0.00809	0.01018	0.32830	0.05104	0.06139	0.00844	0.01076	0.00979	0.01267	0.01945	0.02456	0.19219	0.15979	0.00863	0.00217	0.00513	0.02332	0.00298	0.00471
2	0.00842	0.00724	0.01074	0.22089	0.06959	0.00780	0.04015	0.01220	0.11228	0.01553	0.20976	0.19540	0.05284	0.00875	0.00543	0.00166	0.00418	0.00788	0.00392	0.00533
3	0.00608	0.00441	0.00572	0.00671	0.00718	0.00411	0.00465	0.00705	0.00954	0.01253	0.02848	0.66482	0.10577	0.03780	0.00671	0.00203	0.00297	0.07504	0.00445	0.00397
4	0.01207	0.00855	0.01026	0.00743	0.01164	0.00657	0.00598	0.01417	0.01071	0.15153	0.01043	0.01116	0.00801	0.00400	0.00381	0.00085	0.00368	0.00322	0.00341	0.71253
5	0.01810	0.02310	0.01373	0.01248	0.01498	0.81024	0.00936	0.01935	0.01373	0.01186	0.00749	0.00874	0.00624	0.00499	0.00437	0.00125	0.00874	0.00312	0.00250	0.00562
6	0.01842	0.01357	0.01454	0.01115	0.01503	0.01503	0.00921	0.78330	0.02278	0.03054	0.01163	0.01163	0.00824	0.00582	0.00485	0.00145	0.00533	0.00436	0.00485	0.00824
7	0.00583	0.00491	0.00505	0.00502	0.00661	0.00414	0.00376	0.00716	0.01129	0.01368	0.11848	0.04567	0.72774	0.01205	0.00573	0.00163	0.00244	0.01009	0.00458	0.00414
8	0.01574	0.01090	0.01212	0.00982	0.01326	0.01163	0.00790	0.27626	0.32191	0.16507	0.01589	0.01490	0.01140	0.00594	0.00477	0.00147	0.00436	0.00476	0.00491	0.08699
9	0.01005	0.00861	0.01005	0.00718	0.01148	0.00646	0.00574	0.01220	0.01005	0.01579	0.00861	0.01005	0.00718	0.00359	0.00359	0.00072	0.00359	0.00287	0.00287	0.85932
10	0.00592	0.00431	0.00558	0.00655	0.00699	0.00397	0.00442	0.00684	0.00959	0.01266	0.05308	0.72583	0.10695	0.01473	0.00613	0.00192	0.00276	0.01327	0.00452	0.00397
11	0.01296	0.83261	0.02539	0.00829	0.01244	0.01917	0.00829	0.01451	0.00985	0.01140	0.00674	0.00777	0.00622	0.00415	0.00311	0.00104	0.00518	0.00259	0.00207	0.00622
12	0.01067	0.00822	0.00948	0.00922	0.01099	0.04125	0.00755	0.20562	0.03818	0.01808	0.02065	0.17188	0.02145	0.01251	0.05089	0.00224	0.00503	0.34624	0.00439	0.00547
13	0.01745	0.00732	0.00980	0.00802	0.01094	0.00646	0.00650	0.01920	0.01291	0.57329	0.06978	0.02417	0.05991	0.07292	0.00672	0.00183	0.00399	0.07629	0.00549	0.00701
14	0.00582	0.00491	0.00503	0.00500	0.00660	0.00413	0.00375	0.00713	0.01126	0.01360	0.10869	0.04581	0.73759	0.01208	0.00573	0.00163	0.00244	0.01011	0.00457	0.00413
15	0.24635	0.00947	0.01071	0.00846	0.01203	0.00949	0.00698	0.15214	0.01390	0.46077	0.01452	0.01335	0.00954	0.00557	0.00437	0.00149	0.00423	0.00418	0.00500	0.00744
16	0.04294	0.02114	0.63150	0.01268	0.01866	0.01044	0.01561	0.01487	0.03595	0.01564	0.01145	0.01685	0.00955	0.00594	0.00486	0.00164	0.00653	0.11452	0.00253	0.00671
17	0.20357	0.00795	0.00940	0.00822	0.01101	0.00785	0.00683	0.05989	0.01224	0.36075	0.01791	0.07114	0.01510	0.00788	0.00495	0.00169	0.00411	0.17822	0.00483	0.00647
18	0.00915	0.00861	0.01453	0.81804	0.03338	0.01077	0.01346	0.01238	0.00969	0.01238	0.00861	0.01292	0.00646	0.00484	0.00484	0.00161	0.00646	0.00431	0.00215	0.00538
19	0.02707	0.00980	0.01542	0.09913	0.40106	0.01016	0.04187	0.03045	0.09587	0.05367	0.01127	0.01498	0.00948	0.08230	0.00780	0.07013	0.00537	0.00474	0.00292	0.00651
20	0.00833	0.00694	0.01080	0.04320	0.18135	0.00675	0.05148	0.01030	0.01065	0.02633	0.04755	0.26384	0.12372	0.01073	0.00583	0.00182	0.00421	0.17711	0.00388	0.00517
21	0.00684	0.00495	0.00649	0.00638	0.00747	0.00460	0.00484	0.00898	0.01306	0.01825	0.64502	0.10116	0.06203	0.01071	0.00584	0.00163	0.00253	0.07954	0.00517	0.00450
22	0.00915	0.00861	0.01453	0.81804	0.03338	0.01077	0.01346	0.01238	0.00969	0.01238	0.00861	0.01292	0.00646	0.00484	0.00484	0.00161	0.00646	0.00431	0.00215	0.00538
23	0.01345	0.04058	0.26900	0.01328	0.01794	0.15151	0.14266	0.05190	0.14653	0.08820	0.01160	0.01237	0.00848	0.00509	0.00480	0.00150	0.00662	0.00432	0.00318	0.00699

[dist]
# distance from previous block
# <min> <max>
0	1

[block]
# block no. 7 follows, 52 sequences, length 12
# corresponding to MSA columns:
# 535-546
name=unknown_H
#
# <colnr> <probs for GDERKNQSTAVLIFYWHMCP>
#	G	D	E	R	K	N	Q	S	T	A	V	L	I	F	Y	W	H	M	C	P
0	0.70501	0.00991	0.01028	0.00852	0.01157	0.01129	0.10242	0.01425	0.00859	0.02035	0.00710	0.00869	0.00558	0.00469	0.00413	0.00155	0.05467	0.00311	0.00288	0.00541
1	0.00689	0.00486	0.00662	0.00683	0.00740	0.00526	0.00489	0.00808	0.00803	0.01142	0.01619	0.16973	0.01706	0.21496	0.43437	0.00562	0.00858	0.00716	0.05211	0.00394
2	0.01296	0.83261	0.02539	0.00829	0.01244	0.01917	0.00829	0.01451	0.00985	0.01140	0.00674	0.00777	0.00622	0.00415	0.00311	0.00104	0.00518	0.00259	0.00207	0.00622
3	0.01005	0.00861	0.01005	0.00718	0.01148	0.00646	0.00574	0.01220	0.01005	0.01579	0.00861	0.01005	0.00718	0.00359	0.00359	0.00072	0.00359	0.00287	0.00287	0.85932
4	0.00684	0.00489	0.00662	0.00676	0.00724	0.00530	0.00474	0.00784	0.00771	0.01072	0.01552	0.12430	0.01659	0.31999	0.42663	0.00595	0.00872	0.00693	0.00296	0.00378
5	0.00929	0.01070	0.11182	0.12595	0.12079	0.01052	0.02714	0.01154	0.00935	0.01329	0.03656	0.16513	0.04737	0.00830	0.00869	0.00181	0.26701	0.00638	0.00280	0.00556
6	0.00632	0.00471	0.00592	0.00634	0.00724	0.00430	0.00462	0.00781	0.01118	0.01488	0.26822	0.35136	0.20018	0.01279	0.00599	0.00178	0.00271	0.07470	0.00475	0.00421
7	0.01226	0.01070	0.09707	0.06576	0.01473	0.00798	0.02823	0.05393	0.01133	0.14020	0.01046	0.01145	0.00783	0.00429	0.00411	0.00105	0.00447	0.00351	0.00331	0.50732
8	0.01291	0.61002	0.06356	0.00884	0.01301	0.09256	0.00858	0.01473	0.01026	0.01220	0.00715	0.00828	0.00634	0.00418	0.00337	0.00104	0.00543	0.00273	0.00221	0.11259
9	0.00724	0.00546	0.00805	0.00858	0.04270	0.00603	0.00633	0.00904	0.00882	0.01248	0.08788	0.02495	0.01711	0.07056	0.57064	0.00615	0.01029	0.09017	0.00307	0.00444
10	0.01581	0.02133	0.11193	0.05894	0.01629	0.61209	0.01036	0.01779	0.01306	0.01282	0.05882	0.01095	0.00880	0.00525	0.00451	0.00132	0.00799	0.00361	0.00260	0.00573
11	0.01254	0.01390	0.01361	0.36644	0.02236	0.30124	0.01093	0.01545	0.05902	0.01255	0.00901	0.01195	0.00725	0.00730	0.05762	0.00192	0.06488	0.00400	0.00248	0.00554

[dist]
# distance from previous block
# <min> <max>
0	1

[block]
# block no. 8 follows, 52 sequences, length 53
# corresponding to MSA columns:
# 548-600
name=unknown_I
#
# <colnr> <probs for GDERKNQSTAVLIFYWHMCP>
#	G	D	E	R	K	N	Q	S	T	A	V	L	I	F	Y	W	H	M	C	P
