[name]
unknown

[dist]
# distance from previous block
# <min> <max>
17	330

[block]
# block no. 0 follows, 33 sequences, length 43
# corresponding to MSA columns:
# 465-507
name=unknown_A
#
# <colnr> <probs for GDERKNQSTAVLIFYWHMCP>
#	G	D	E	R	K	N	Q	S	T	A	V	L	I	F	Y	W	H	M	C	P
0	0.00937	0.00788	0.01323	0.01249	0.01400	0.00737	0.13099	0.01130	0.01313	0.01757	0.03217	0.63069	0.03753	0.01793	0.00829	0.00259	0.00512	0.01676	0.00561	0.00598
1	0.01502	0.01693	0.03669	0.02646	0.03269	0.01587	0.65545	0.02026	0.01534	0.02079	0.01491	0.06936	0.01231	0.00659	0.00781	0.00225	0.01060	0.00853	0.00352	0.00863
2	0.01554	0.01776	0.03885	0.02775	0.03441	0.01665	0.70366	0.02109	0.01554	0.02109	0.01332	0.01776	0.00999	0.00555	0.00777	0.00222	0.01110	0.00777	0.00333	0.00888
3	0.01440	0.01440	0.02016	0.01728	0.01728	0.02016	0.01440	0.01584	0.01008	0.01584	0.00864	0.01440	0.00864	0.01152	0.02160	0.00288	0.75659	0.00576	0.00288	0.00720
4	0.01716	0.02020	0.03523	0.02582	0.03189	0.14654	0.57997	0.02202	0.01610	0.02020	0.01276	0.01670	0.00972	0.00577	0.00744	0.00213	0.01124	0.00714	0.00334	0.00866
5	0.01243	0.01170	0.01975	0.75282	0.04534	0.01463	0.01828	0.01682	0.01316	0.01682	0.01170	0.01755	0.00878	0.00658	0.00658	0.00219	0.00878	0.00585	0.00293	0.00731
6	0.01629	0.01564	0.02672	0.04041	0.72757	0.01564	0.02020	0.02020	0.01499	0.02151	0.01238	0.01629	0.01043	0.00587	0.00652	0.00196	0.00782	0.00587	0.00326	0.01043
7	0.01760	0.77260	0.03450	0.01126	0.01690	0.02605	0.01126	0.01971	0.01338	0.01549	0.00915	0.01056	0.00845	0.00563	0.00422	0.00141	0.00704	0.00352	0.00282	0.00845
8	0.02503	0.01844	0.01976	0.01515	0.02042	0.02042	0.01251	0.70562	0.03095	0.04149	0.01581	0.01581	0.01120	0.00790	0.00659	0.00198	0.00724	0.00593	0.00659	0.01120
9	0.02954	0.01120	0.01528	0.01171	0.01681	0.00968	0.00968	0.03208	0.01884	0.73213	0.02597	0.02241	0.01630	0.00815	0.00662	0.00204	0.00560	0.00662	0.00815	0.01120
10	0.02503	0.01844	0.01976	0.01515	0.02042	0.02042	0.01251	0.70562	0.03095	0.04149	0.01581	0.01581	0.01120	0.00790	0.00659	0.00198	0.00724	0.00593	0.00659	0.01120
11	0.02503	0.01844	0.01976	0.01515	0.02042	0.02042	0.01251	0.70562	0.03095	0.04149	0.01581	0.01581	0.01120	0.00790	0.00659	0.00198	0.00724	0.00593	0.00659	0.01120
12	0.01320	0.03405	0.73453	0.01876	0.02849	0.01529	0.02432	0.02085	0.01390	0.02085	0.01181	0.01390	0.00834	0.00625	0.00625	0.00208	0.00973	0.00486	0.00278	0.00973
13	0.00932	0.00673	0.00880	0.00828	0.00984	0.00621	0.00621	0.01242	0.01863	0.02640	0.72410	0.04918	0.06212	0.01346	0.00776	0.00207	0.00311	0.01191	0.00725	0.00621
14	0.02592	0.01040	0.01412	0.01110	0.01556	0.00906	0.00906	0.02856	0.01881	0.60579	0.15095	0.02720	0.02450	0.00910	0.00683	0.00204	0.00515	0.00757	0.00799	0.01031
15	0.02954	0.01120	0.01528	0.01171	0.01681	0.00968	0.00968	0.03208	0.01884	0.73213	0.02597	0.02241	0.01630	0.00815	0.00662	0.00204	0.00560	0.00662	0.00815	0.01120
16	0.00830	0.00585	0.00756	0.00881	0.00912	0.00553	0.00573	0.00924	0.01206	0.01608	0.03350	0.63522	0.04003	0.15454	0.01290	0.00334	0.00428	0.01708	0.00573	0.00510
17	0.00802	0.00573	0.00764	0.00917	0.00955	0.00535	0.00611	0.00917	0.01260	0.01681	0.03628	0.76434	0.04354	0.02062	0.00840	0.00267	0.00382	0.01872	0.00611	0.00535
18	0.01456	0.00834	0.00857	0.00775	0.00995	0.00869	0.00602	0.13891	0.01688	0.02758	0.02046	0.02298	0.01586	0.00771	0.00496	0.00161	0.00382	0.00610	0.66222	0.00704
19	0.00778	0.00667	0.00667	0.00667	0.00889	0.00556	0.00500	0.00945	0.01501	0.01778	0.06669	0.06336	0.72490	0.01667	0.00778	0.00222	0.00333	0.01389	0.00611	0.00556
20	0.02503	0.01844	0.01976	0.01515	0.02042	0.02042	0.01251	0.70562	0.03095	0.04149	0.01581	0.01581	0.01120	0.00790	0.00659	0.00198	0.00724	0.00593	0.00659	0.01120
21	0.81514	0.01273	0.00968	0.00866	0.01273	0.01477	0.00713	0.01935	0.01120	0.02954	0.00917	0.01069	0.00713	0.00611	0.00407	0.00204	0.00509	0.00356	0.00407	0.00713
22	0.01243	0.01170	0.01975	0.75282	0.04534	0.01463	0.01828	0.01682	0.01316	0.01682	0.01170	0.01755	0.00878	0.00658	0.00658	0.00219	0.00878	0.00585	0.00293	0.00731
23	0.01637	0.01414	0.01489	0.01340	0.01712	0.01637	0.01042	0.03498	0.71568	0.02754	0.02679	0.02456	0.02010	0.00893	0.00670	0.00223	0.00521	0.00744	0.00670	0.01042
24	0.02503	0.01844	0.01976	0.01515	0.02042	0.02042	0.01251	0.70562	0.03095	0.04149	0.01581	0.01581	0.01120	0.00790	0.00659	0.00198	0.00724	0.00593	0.00659	0.01120
25	0.01243	0.01170	0.01975	0.75282	0.04534	0.01463	0.01828	0.01682	0.01316	0.01682	0.01170	0.01755	0.00878	0.00658	0.00658	0.00219	0.00878	0.00585	0.00293	0.00731
26	0.00797	0.00651	0.00704	0.00727	0.00910	0.00558	0.00531	0.00968	0.01492	0.01842	0.12315	0.18751	0.54051	0.01708	0.00789	0.00229	0.00340	0.01457	0.00622	0.00558
27	0.02503	0.01844	0.01976	0.01515	0.02042	0.02042	0.01251	0.70562	0.03095	0.04149	0.01581	0.01581	0.01120	0.00790	0.00659	0.00198	0.00724	0.00593	0.00659	0.01120
28	0.02503	0.01844	0.01976	0.01515	0.02042	0.02042	0.01251	0.70562	0.03095	0.04149	0.01581	0.01581	0.01120	0.00790	0.00659	0.00198	0.00724	0.00593	0.00659	0.01120
29	0.00932	0.00673	0.00880	0.00828	0.00984	0.00621	0.00621	0.01242	0.01863	0.02640	0.72410	0.04918	0.06212	0.01346	0.00776	0.00207	0.00311	0.01191	0.00725	0.00621
30	0.81514	0.01273	0.00968	0.00866	0.01273	0.01477	0.00713	0.01935	0.01120	0.02954	0.00917	0.01069	0.00713	0.00611	0.00407	0.00204	0.00509	0.00356	0.00407	0.00713
31	0.02503	0.01844	0.01976	0.01515	0.02042	0.02042	0.01251	0.70562	0.03095	0.04149	0.01581	0.01581	0.01120	0.00790	0.00659	0.00198	0.00724	0.00593	0.00659	0.01120
32	0.01554	0.01776	0.03885	0.02775	0.03441	0.01665	0.70366	0.02109	0.01554	0.02109	0.01332	0.01776	0.00999	0.00555	0.00777	0.00222	0.01110	0.00777	0.00333	0.00888
33	0.81514	0.01273	0.00968	0.00866	0.01273	0.01477	0.00713	0.01935	0.01120	0.02954	0.00917	0.01069	0.00713	0.00611	0.00407	0.00204	0.00509	0.00356	0.00407	0.00713
34	0.02503	0.01844	0.01976	0.01515	0.02042	0.02042	0.01251	0.70562	0.03095	0.04149	0.01581	0.01581	0.01120	0.00790	0.00659	0.00198	0.00724	0.00593	0.00659	0.01120
35	0.02954	0.01120	0.01528	0.01171	0.01681	0.00968	0.00968	0.03208	0.01884	0.73213	0.02597	0.02241	0.01630	0.00815	0.00662	0.00204	0.00560	0.00662	0.00815	0.01120
36	0.01205	0.01114	0.01056	0.00984	0.01172	0.13797	0.00738	0.01491	0.01864	0.02456	0.59629	0.04250	0.05251	0.01226	0.00744	0.00200	0.00468	0.01053	0.00656	0.00647
37	0.02503	0.01844	0.01976	0.01515	0.02042	0.02042	0.01251	0.70562	0.03095	0.04149	0.01581	0.01581	0.01120	0.00790	0.00659	0.00198	0.00724	0.00593	0.00659	0.01120
38	0.01331	0.01266	0.02103	0.55602	0.16483	0.01533	0.01826	0.01733	0.01320	0.01757	0.01154	0.01703	0.00906	0.00692	0.00798	0.00222	0.07903	0.00584	0.00298	0.00786
39	0.00802	0.00573	0.00764	0.00917	0.00955	0.00535	0.00611	0.00917	0.01260	0.01681	0.03628	0.76434	0.04354	0.02062	0.00840	0.00267	0.00382	0.01872	0.00611	0.00535
40	0.02503	0.01844	0.01976	0.01515	0.02042	0.02042	0.01251	0.70562	0.03095	0.04149	0.01581	0.01581	0.01120	0.00790	0.00659	0.00198	0.00724	0.00593	0.00659	0.01120
41	0.02954	0.01120	0.01528	0.01171	0.01681	0.00968	0.00968	0.03208	0.01884	0.73213	0.02597	0.02241	0.01630	0.00815	0.00662	0.00204	0.00560	0.00662	0.00815	0.01120
42	0.01111	0.00784	0.00940	0.00869	0.01089	0.00741	0.00662	0.01553	0.09437	0.07320	0.43848	0.04809	0.21637	0.01338	0.00757	0.00212	0.00357	0.01154	0.00697	0.00686

[dist]
# distance from previous block
# <min> <max>
0	3

[block]
# block no. 1 follows, 33 sequences, length 28
# corresponding to MSA columns:
# 511-538
name=unknown_B
#
# <colnr> <probs for GDERKNQSTAVLIFYWHMCP>
#	G	D	E	R	K	N	Q	S	T	A	V	L	I	F	Y	W	H	M	C	P
0	0.02503	0.01844	0.01976	0.01515	0.02042	0.02042	0.01251	0.70562	0.03095	0.04149	0.01581	0.01581	0.01120	0.00790	0.00659	0.00198	0.00724	0.00593	0.00659	0.01120
1	0.70730	0.01185	0.00920	0.00832	0.01205	0.01361	0.00679	0.01881	0.01155	0.02887	0.01082	0.01255	0.00844	0.00632	0.00414	0.00197	0.00482	0.00391	0.11168	0.00700
2	0.00896	0.00663	0.00836	0.00811	0.00966	0.00603	0.00601	0.01166	0.01752	0.02418	0.55860	0.11638	0.16426	0.01461	0.00783	0.00215	0.00321	0.01284	0.00697	0.00603
3	0.02503	0.01844	0.01976	0.01515	0.02042	0.02042	0.01251	0.70562	0.03095	0.04149	0.01581	0.01581	0.01120	0.00790	0.00659	0.00198	0.00724	0.00593	0.00659	0.01120
4	0.01243	0.01170	0.01975	0.75282	0.04534	0.01463	0.01828	0.01682	0.01316	0.01682	0.01170	0.01755	0.00878	0.00658	0.00658	0.00219	0.00878	0.00585	0.00293	0.00731
5	0.02503	0.01844	0.01976	0.01515	0.02042	0.02042	0.01251	0.70562	0.03095	0.04149	0.01581	0.01581	0.01120	0.00790	0.00659	0.00198	0.00724	0.00593	0.00659	0.01120
6	0.01365	0.01170	0.01365	0.00975	0.01560	0.00878	0.00780	0.01658	0.01365	0.02145	0.01170	0.01365	0.00975	0.00488	0.00488	0.00098	0.00488	0.00390	0.00390	0.80888
7	0.02503	0.01844	0.01976	0.01515	0.02042	0.02042	0.01251	0.70562	0.03095	0.04149	0.01581	0.01581	0.01120	0.00790	0.00659	0.00198	0.00724	0.00593	0.00659	0.01120
8	0.01365	0.01170	0.01365	0.00975	0.01560	0.00878	0.00780	0.01658	0.01365	0.02145	0.01170	0.01365	0.00975	0.00488	0.00488	0.00098	0.00488	0.00390	0.00390	0.80888
9	0.01440	0.01440	0.02016	0.01728	0.01728	0.02016	0.01440	0.01584	0.01008	0.01584	0.00864	0.01440	0.00864	0.01152	0.02160	0.00288	0.75659	0.00576	0.00288	0.00720
10	0.01304	0.01232	0.02084	0.64121	0.15222	0.01479	0.01858	0.01735	0.01345	0.01755	0.01181	0.01735	0.00903	0.00647	0.00657	0.00216	0.00863	0.00585	0.00298	0.00780
11	0.01061	0.00758	0.01061	0.01212	0.01364	0.00758	0.01061	0.01364	0.01515	0.01970	0.03486	0.07426	0.03789	0.01819	0.00909	0.00303	0.00606	0.68326	0.00606	0.00606
12	0.00802	0.00573	0.00764	0.00917	0.00955	0.00535	0.00611	0.00917	0.01260	0.01681	0.03628	0.76434	0.04354	0.02062	0.00840	0.00267	0.00382	0.01872	0.00611	0.00535
13	0.00802	0.00573	0.00764	0.00917	0.00955	0.00535	0.00611	0.00917	0.01260	0.01681	0.03628	0.76434	0.04354	0.02062	0.00840	0.00267	0.00382	0.01872	0.00611	0.00535
14	0.01320	0.03405	0.73453	0.01876	0.02849	0.01529	0.02432	0.02085	0.01390	0.02085	0.01181	0.01390	0.00834	0.00625	0.00625	0.00208	0.00973	0.00486	0.00278	0.00973
15	0.01637	0.01414	0.01489	0.01340	0.01712	0.01637	0.01042	0.03498	0.71568	0.02754	0.02679	0.02456	0.02010	0.00893	0.00670	0.00223	0.00521	0.00744	0.00670	0.01042
16	0.02503	0.01844	0.01976	0.01515	0.02042	0.02042	0.01251	0.70562	0.03095	0.04149	0.01581	0.01581	0.01120	0.00790	0.00659	0.00198	0.00724	0.00593	0.00659	0.01120
17	0.00957	0.00638	0.00718	0.00718	0.00718	0.00638	0.00399	0.00957	0.00957	0.01276	0.02074	0.04308	0.02393	0.76864	0.03351	0.00638	0.00638	0.00957	0.00399	0.00399
18	0.01227	0.00614	0.00614	0.00614	0.00767	0.00614	0.00460	0.01534	0.01381	0.02454	0.02148	0.02454	0.01687	0.00767	0.00460	0.00153	0.00307	0.00614	0.80518	0.00614
19	0.81514	0.01273	0.00968	0.00866	0.01273	0.01477	0.00713	0.01935	0.01120	0.02954	0.00917	0.01069	0.00713	0.00611	0.00407	0.00204	0.00509	0.00356	0.00407	0.00713
20	0.01614	0.01162	0.01391	0.01006	0.01579	0.00892	0.00809	0.01901	0.01446	0.13279	0.01394	0.01502	0.01078	0.00539	0.00515	0.00114	0.00499	0.00433	0.00457	0.68391
21	0.01629	0.01564	0.02672	0.04041	0.72757	0.01564	0.02020	0.02020	0.01499	0.02151	0.01238	0.01629	0.01043	0.00587	0.00652	0.00196	0.00782	0.00587	0.00326	0.01043
22	0.01365	0.01170	0.01365	0.00975	0.01560	0.00878	0.00780	0.01658	0.01365	0.02145	0.01170	0.01365	0.00975	0.00488	0.00488	0.00098	0.00488	0.00390	0.00390	0.80888
23	0.00902	0.00649	0.00857	0.00877	0.00998	0.00604	0.00644	0.01155	0.01667	0.02321	0.48304	0.25906	0.05528	0.01583	0.00803	0.00230	0.00349	0.05346	0.00685	0.00595
24	0.01357	0.03150	0.62554	0.02017	0.02942	0.01550	0.13075	0.02089	0.01416	0.02089	0.01205	0.01450	0.00860	0.00614	0.00649	0.00211	0.00994	0.00532	0.00287	0.00960
25	0.06880	0.01409	0.01479	0.01301	0.01604	0.11270	0.04792	0.12497	0.09240	0.09969	0.02307	0.24902	0.02215	0.01168	0.00734	0.00222	0.02809	0.00985	0.03405	0.00812
26	0.18954	0.01045	0.01142	0.01035	0.01337	0.03529	0.00829	0.01989	0.06268	0.17173	0.13973	0.03169	0.06444	0.01645	0.12183	0.00348	0.00706	0.06878	0.00582	0.00769
27	0.18055	0.08821	0.01423	0.01021	0.01402	0.01224	0.00840	0.07334	0.03760	0.22057	0.18032	0.04960	0.06559	0.00956	0.00624	0.00201	0.00501	0.00764	0.00623	0.00844

[dist]
# distance from previous block
# <min> <max>
10	39

[block]
# block no. 2 follows, 33 sequences, length 12
# corresponding to MSA columns:
# 589-600
name=unknown_C
#
# <colnr> <probs for GDERKNQSTAVLIFYWHMCP>
#	G	D	E	R	K	N	Q	S	T	A	V	L	I	F	Y	W	H	M	C	P
0	0.08684	0.01642	0.12907	0.01263	0.01863	0.01269	0.01176	0.14797	0.01813	0.22724	0.01631	0.01632	0.01143	0.00668	0.00583	0.00172	0.00630	0.00517	0.00543	0.24343
1	0.02115	0.02008	0.07590	0.01451	0.01892	0.22075	0.01208	0.03074	0.31612	0.16885	0.02067	0.01963	0.01504	0.00794	0.00643	0.00203	0.00756	0.00615	0.00573	0.00973
2	0.01860	0.01553	0.14560	0.01293	0.01778	0.01225	0.01197	0.02740	0.24430	0.24506	0.15026	0.02640	0.02438	0.00902	0.00679	0.00212	0.00578	0.00752	0.00653	0.00977
3	0.01940	0.01475	0.12058	0.01778	0.14733	0.01168	0.01329	0.07910	0.01680	0.27248	0.02157	0.13728	0.01797	0.01261	0.06392	0.00279	0.00739	0.00812	0.00566	0.00951
4	0.01369	0.00739	0.01003	0.01032	0.01205	0.00680	0.00780	0.01552	0.01458	0.19013	0.03353	0.45883	0.03593	0.01716	0.00810	0.00259	0.00466	0.13740	0.00659	0.00689
5	0.00833	0.00597	0.00792	0.00895	0.00962	0.00556	0.00614	0.00995	0.01406	0.01912	0.20244	0.59158	0.04803	0.01889	0.00825	0.00253	0.00365	0.01707	0.00639	0.00556
6	0.01320	0.03405	0.73453	0.01876	0.02849	0.01529	0.02432	0.02085	0.01390	0.02085	0.01181	0.01390	0.00834	0.00625	0.00625	0.00208	0.00973	0.00486	0.00278	0.00973
7	0.01554	0.01776	0.03885	0.02775	0.03441	0.01665	0.70366	0.02109	0.01554	0.02109	0.01332	0.01776	0.00999	0.00555	0.00777	0.00222	0.01110	0.00777	0.00333	0.00888
8	0.00864	0.00620	0.00819	0.00875	0.00968	0.00576	0.00616	0.01071	0.01547	0.02136	0.36289	0.42475	0.05236	0.01722	0.00810	0.00239	0.00348	0.01548	0.00665	0.00576
9	0.00798	0.00590	0.00746	0.00871	0.00943	0.00539	0.00591	0.00922	0.01304	0.01698	0.04185	0.63606	0.16823	0.01990	0.00829	0.00259	0.00373	0.01783	0.00611	0.00539
10	0.00802	0.00573	0.00764	0.00917	0.00955	0.00535	0.00611	0.00917	0.01260	0.01681	0.03628	0.76434	0.04354	0.02062	0.00840	0.00267	0.00382	0.01872	0.00611	0.00535
11	0.02827	0.01324	0.01654	0.01268	0.01782	0.01270	0.01047	0.22146	0.02225	0.53795	0.02311	0.02055	0.01486	0.00808	0.00661	0.00202	0.00606	0.00643	0.00771	0.01120

[dist]
# distance from previous block
# <min> <max>
0	1

[block]
# block no. 3 follows, 33 sequences, length 20
# corresponding to MSA columns:
# 602-621
name=unknown_D
#
# <colnr> <probs for GDERKNQSTAVLIFYWHMCP>
#	G	D	E	R	K	N	Q	S	T	A	V	L	I	F	Y	W	H	M	C	P
0	0.01479	0.01191	0.01871	0.58840	0.03904	0.01426	0.01645	0.02053	0.09088	0.09839	0.01496	0.01887	0.01086	0.00702	0.00660	0.00218	0.00803	0.00611	0.00393	0.00809
1	0.01698	0.01696	0.02426	0.07330	0.54156	0.09356	0.01828	0.02221	0.08787	0.02130	0.01360	0.01674	0.01113	0.00632	0.00648	0.00197	0.00804	0.00585	0.00361	0.00996
2	0.01460	0.01466	0.02308	0.09798	0.12569	0.01855	0.08955	0.01714	0.01170	0.01733	0.01001	0.01536	0.00906	0.00954	0.01636	0.00260	0.48991	0.00600	0.00299	0.00786
3	0.01760	0.77260	0.03450	0.01126	0.01690	0.02605	0.01126	0.01971	0.01338	0.01549	0.00915	0.01056	0.00845	0.00563	0.00422	0.00141	0.00704	0.00352	0.00282	0.00845
4	0.01394	0.01196	0.01378	0.01014	0.01576	0.00959	0.00808	0.01855	0.08892	0.02210	0.01332	0.01482	0.01086	0.00531	0.00507	0.00111	0.00491	0.00428	0.00420	0.72328
5	0.01637	0.01414	0.01489	0.01340	0.01712	0.01637	0.01042	0.03498	0.71568	0.02754	0.02679	0.02456	0.02010	0.00893	0.00670	0.00223	0.00521	0.00744	0.00670	0.01042
6	0.01520	0.02014	0.14037	0.02644	0.03354	0.01645	0.60452	0.02105	0.01530	0.02105	0.01310	0.01719	0.00975	0.00565	0.00755	0.00220	0.01090	0.00735	0.00325	0.00900
7	0.02653	0.01054	0.01431	0.01120	0.01577	0.00916	0.00916	0.02916	0.01881	0.62712	0.12985	0.02639	0.02311	0.00894	0.00679	0.00204	0.00523	0.00741	0.00801	0.01046
8	0.00916	0.00675	0.00858	0.00820	0.00985	0.00617	0.00621	0.01206	0.01801	0.02497	0.60842	0.05205	0.15192	0.01407	0.00782	0.00213	0.00325	0.03722	0.00705	0.00612
9	0.00802	0.00573	0.00764	0.00917	0.00955	0.00535	0.00611	0.00917	0.01260	0.01681	0.03628	0.76434	0.04354	0.02062	0.00840	0.00267	0.00382	0.01872	0.00611	0.00535
10	0.02954	0.01120	0.01528	0.01171	0.01681	0.00968	0.00968	0.03208	0.01884	0.73213	0.02597	0.02241	0.01630	0.00815	0.00662	0.00204	0.00560	0.00662	0.00815	0.01120
11	0.01320	0.03405	0.73453	0.01876	0.02849	0.01529	0.02432	0.02085	0.01390	0.02085	0.01181	0.01390	0.00834	0.00625	0.00625	0.00208	0.00973	0.00486	0.00278	0.00973
12	0.81514	0.01273	0.00968	0.00866	0.01273	0.01477	0.00713	0.01935	0.01120	0.02954	0.00917	0.01069	0.00713	0.00611	0.00407	0.00204	0.00509	0.00356	0.00407	0.00713
13	0.00792	0.00667	0.00686	0.00682	0.00898	0.00562	0.00511	0.00972	0.01534	0.01858	0.12707	0.06205	0.66403	0.01638	0.00778	0.00221	0.00331	0.01371	0.00622	0.00562
14	0.01575	0.01605	0.02875	0.02910	0.28362	0.01676	0.26812	0.02170	0.10006	0.02126	0.01394	0.01756	0.01119	0.00695	0.00920	0.00222	0.11798	0.00674	0.00365	0.00939
15	0.00933	0.00671	0.00892	0.00907	0.01043	0.00630	0.00694	0.01210	0.01708	0.02373	0.49735	0.16843	0.05505	0.01541	0.00809	0.00233	0.00372	0.12611	0.00686	0.00605
16	0.01217	0.01891	0.25929	0.01816	0.02362	0.01221	0.22383	0.01692	0.01407	0.01961	0.02110	0.24950	0.02133	0.01113	0.00753	0.00236	0.00812	0.04806	0.00416	0.00792
17	0.01825	0.01444	0.01732	0.01332	0.01848	0.01403	0.04915	0.30920	0.02128	0.02975	0.01614	0.02161	0.01354	0.00770	0.00624	0.00170	0.00636	0.08133	0.00525	0.33493
18	0.01967	0.01557	0.01923	0.01437	0.01978	0.01554	0.08827	0.37346	0.02282	0.03194	0.01453	0.01582	0.01091	0.00667	0.00607	0.00166	0.00670	0.00550	0.04858	0.26290
19	0.01995	0.01194	0.01512	0.01267	0.05474	0.01030	0.00965	0.05971	0.04214	0.27453	0.01896	0.02105	0.01425	0.00720	0.00599	0.00163	0.00550	0.04600	0.00575	0.36292

[dist]
# distance from previous block
# <min> <max>
16	76

[block]
# block no. 4 follows, 33 sequences, length 51
# corresponding to MSA columns:
# 710-760
name=unknown_E
#
# <colnr> <probs for GDERKNQSTAVLIFYWHMCP>
#	G	D	E	R	K	N	Q	S	T	A	V	L	I	F	Y	W	H	M	C	P
0	0.01481	0.01634	0.03436	0.19785	0.03697	0.01617	0.54287	0.02009	0.01498	0.02009	0.01294	0.01771	0.00970	0.00579	0.00749	0.00221	0.01055	0.00732	0.00323	0.00851
1	0.01289	0.01233	0.01984	0.58025	0.03876	0.01593	0.01737	0.01659	0.01244	0.01659	0.01098	0.01681	0.00874	0.00774	0.01011	0.00236	0.18422	0.00583	0.00291	0.00729
2	0.01271	0.01105	0.01703	0.47115	0.08478	0.01262	0.01478	0.04198	0.01461	0.04391	0.02532	0.02831	0.17727	0.00900	0.00686	0.00217	0.00726	0.00777	0.00402	0.00742
3	0.04267	0.01761	0.01781	0.01375	0.01895	0.08162	0.01119	0.44166	0.02486	0.05892	0.01453	0.01505	0.01069	0.00706	0.00606	0.00172	0.00699	0.00527	0.00566	0.19792
4	0.01635	0.01422	0.01460	0.01231	0.01656	0.04895	0.00967	0.10452	0.37675	0.02628	0.02476	0.02386	0.07904	0.00845	0.00632	0.00188	0.00552	0.00686	0.00582	0.19727
5	0.01539	0.01472	0.02508	0.20754	0.56752	0.01540	0.01975	0.01941	0.01456	0.02041	0.01222	0.01659	0.01004	0.00603	0.00653	0.00201	0.00804	0.00586	0.00318	0.00970
6	0.02328	0.19537	0.02322	0.01424	0.01959	0.02174	0.01222	0.54470	0.02683	0.03539	0.01424	0.01458	0.01055	0.00737	0.00603	0.00184	0.00720	0.00536	0.00570	0.01055
7	0.01233	0.01030	0.01224	0.00961	0.01418	0.00797	0.00740	0.01484	0.01341	0.02036	0.01747	0.18977	0.01768	0.00857	0.00570	0.00137	0.00463	0.00738	0.00442	0.62037
8	0.62772	0.01341	0.01367	0.01611	0.18044	0.01497	0.01020	0.01955	0.01209	0.02765	0.00992	0.01201	0.00790	0.00605	0.00465	0.00202	0.00573	0.00410	0.00388	0.00790
9	0.01766	0.02095	0.03411	0.02522	0.03111	0.18687	0.54156	0.02231	0.01627	0.01992	0.01258	0.01638	0.00963	0.00584	0.00734	0.00210	0.01128	0.00694	0.00334	0.00859
10	0.01399	0.01013	0.01275	0.01283	0.01523	0.01059	0.01106	0.17598	0.01886	0.02481	0.03039	0.06055	0.03163	0.01577	0.00850	0.00278	0.00634	0.52435	0.00618	0.00727
11	0.00864	0.00670	0.00786	0.00757	0.00942	0.00592	0.00568	0.01112	0.01704	0.02261	0.43524	0.05541	0.35334	0.01487	0.00777	0.00214	0.00321	0.01278	0.00675	0.00592
12	0.00897	0.00672	0.00831	0.00791	0.00962	0.00606	0.00593	0.01174	0.01780	0.02443	0.57363	0.05242	0.21382	0.01419	0.00777	0.00211	0.00316	0.01236	0.00699	0.00606
13	0.81514	0.01273	0.00968	0.00866	0.01273	0.01477	0.00713	0.01935	0.01120	0.02954	0.00917	0.01069	0.00713	0.00611	0.00407	0.00204	0.00509	0.00356	0.00407	0.00713
14	0.01466	0.01355	0.02252	0.03287	0.55919	0.01343	0.01692	0.01838	0.01585	0.02266	0.17936	0.02401	0.02255	0.00765	0.00681	0.00198	0.00671	0.00728	0.00419	0.00944
15	0.01502	0.01260	0.01388	0.01310	0.01630	0.01431	0.01046	0.02997	0.55133	0.02570	0.02869	0.03622	0.02427	0.01110	0.00726	0.00242	0.00541	0.16600	0.00655	0.00940
16	0.01865	0.01154	0.01416	0.01037	0.01598	0.00906	0.00839	0.02145	0.01528	0.24498	0.01619	0.01641	0.01181	0.00590	0.00542	0.00131	0.00510	0.00476	0.00524	0.55799
17	0.07187	0.01810	0.01916	0.01476	0.01996	0.02008	0.01219	0.66493	0.02978	0.04078	0.01541	0.01550	0.01095	0.00780	0.00644	0.00198	0.00712	0.00579	0.00644	0.01095
18	0.81514	0.01273	0.00968	0.00866	0.01273	0.01477	0.00713	0.01935	0.01120	0.02954	0.00917	0.01069	0.00713	0.00611	0.00407	0.00204	0.00509	0.00356	0.00407	0.00713
19	0.01754	0.01388	0.01492	0.01325	0.01709	0.01578	0.01035	0.03473	0.65400	0.08991	0.02672	0.02437	0.01976	0.00886	0.00669	0.00222	0.00524	0.00737	0.00683	0.01049
20	0.01320	0.03405	0.73453	0.01876	0.02849	0.01529	0.02432	0.02085	0.01390	0.02085	0.01181	0.01390	0.00834	0.00625	0.00625	0.00208	0.00973	0.00486	0.00278	0.00973
21	0.00940	0.00705	0.01058	0.01058	0.01176	0.00823	0.00823	0.01176	0.01058	0.01528	0.01763	0.02586	0.01646	0.04937	0.74255	0.01058	0.01763	0.00705	0.00353	0.00588
22	0.00778	0.00667	0.00667	0.00667	0.00889	0.00556	0.00500	0.00945	0.01501	0.01778	0.06669	0.06336	0.72490	0.01667	0.00778	0.00222	0.00333	0.01389	0.00611	0.00556
23	0.01243	0.01170	0.01975	0.75282	0.04534	0.01463	0.01828	0.01682	0.01316	0.01682	0.01170	0.01755	0.00878	0.00658	0.00658	0.00219	0.00878	0.00585	0.00293	0.00731
24	0.00778	0.00667	0.00667	0.00667	0.00889	0.00556	0.00500	0.00945	0.01501	0.01778	0.06669	0.06336	0.72490	0.01667	0.00778	0.00222	0.00333	0.01389	0.00611	0.00556
25	0.02494	0.02872	0.02220	0.02407	0.18801	0.53946	0.01546	0.02630	0.01928	0.02007	0.01360	0.01694	0.01169	0.00845	0.00729	0.00229	0.01159	0.00558	0.00434	0.00973
26	0.00809	0.00576	0.00762	0.00907	0.00944	0.00540	0.00601	0.00919	0.01246	0.01662	0.03557	0.73096	0.04263	0.05525	0.00956	0.00285	0.00394	0.01829	0.00601	0.00528
27	0.01547	0.01397	0.02360	0.30331	0.44164	0.01499	0.01900	0.01950	0.01449	0.05266	0.01276	0.01704	0.01009	0.00624	0.00655	0.00205	0.00807	0.00589	0.00336	0.00931
28	0.01418	0.01201	0.01393	0.01000	0.01582	0.00931	0.00802	0.04847	0.01445	0.02238	0.01189	0.01375	0.00982	0.00502	0.00495	0.00102	0.00499	0.00399	0.00402	0.77196
29	0.01760	0.77260	0.03450	0.01126	0.01690	0.02605	0.01126	0.01971	0.01338	0.01549	0.00915	0.01056	0.00845	0.00563	0.00422	0.00141	0.00704	0.00352	0.00282	0.00845
30	0.01363	0.01323	0.01853	0.01610	0.01623	0.01823	0.01326	0.01511	0.01012	0.01565	0.01017	0.01691	0.01017	0.04750	0.10440	0.00391	0.64086	0.00607	0.00300	0.00692
31	0.01100	0.00724	0.00956	0.01072	0.01224	0.00724	0.00920	0.01404	0.01484	0.02084	0.03172	0.06260	0.03296	0.01572	0.00804	0.00268	0.00536	0.52440	0.19354	0.00608
32	0.00940	0.00705	0.01058	0.01058	0.01176	0.00823	0.00823	0.01176	0.01058	0.01528	0.01763	0.02586	0.01646	0.04937	0.74255	0.01058	0.01763	0.00705	0.00353	0.00588
33	0.02286	0.23703	0.02395	0.01413	0.01940	0.06490	0.01216	0.46717	0.02515	0.03247	0.01355	0.01406	0.01024	0.00718	0.00587	0.00180	0.00746	0.00513	0.00531	0.01019
34	0.01760	0.77260	0.03450	0.01126	0.01690	0.02605	0.01126	0.01971	0.01338	0.01549	0.00915	0.01056	0.00845	0.00563	0.00422	0.00141	0.00704	0.00352	0.00282	0.00845
35	0.01781	0.01910	0.02504	0.10344	0.44408	0.18608	0.06860	0.02137	0.01571	0.01975	0.01187	0.01549	0.00978	0.00613	0.00648	0.00194	0.00911	0.00562	0.00326	0.00935
36	0.81514	0.01273	0.00968	0.00866	0.01273	0.01477	0.00713	0.01935	0.01120	0.02954	0.00917	0.01069	0.00713	0.00611	0.00407	0.00204	0.00509	0.00356	0.00407	0.00713
37	0.00792	0.00667	0.00686	0.00681	0.00898	0.00562	0.00511	0.00971	0.01533	0.01855	0.12541	0.06209	0.66570	0.01639	0.00778	0.00221	0.00331	0.01372	0.00621	0.00562
38	0.02954	0.01120	0.01528	0.01171	0.01681	0.00968	0.00968	0.03208	0.01884	0.73213	0.02597	0.02241	0.01630	0.00815	0.00662	0.00204	0.00560	0.00662	0.00815	0.01120
39	0.02092	0.19163	0.02032	0.01180	0.01729	0.01569	0.01013	0.17776	0.01875	0.19261	0.01541	0.01549	0.01132	0.00652	0.00552	0.00156	0.00609	0.00492	0.00526	0.25103
40	0.02172	0.02660	0.01908	0.01705	0.01949	0.53886	0.01319	0.02335	0.01624	0.01604	0.00974	0.01258	0.00853	0.00812	0.01035	0.00203	0.22161	0.00467	0.00325	0.00751
41	0.01320	0.03405	0.73453	0.01876	0.02849	0.01529	0.02432	0.02085	0.01390	0.02085	0.01181	0.01390	0.00834	0.00625	0.00625	0.00208	0.00973	0.00486	0.00278	0.00973
42	0.01378	0.01307	0.02217	0.50475	0.28290	0.01498	0.01895	0.01800	0.01380	0.01845	0.01194	0.01711	0.00935	0.00633	0.00656	0.00211	0.00844	0.00586	0.00304	0.00840
43	0.00907	0.00672	0.00846	0.00803	0.00969	0.00611	0.00602	0.01195	0.01806	0.02503	0.61984	0.05142	0.16723	0.01397	0.00777	0.00209	0.00314	0.01222	0.00707	0.00611
44	0.00932	0.00673	0.00880	0.00828	0.00984	0.00621	0.00621	0.01242	0.01863	0.02640	0.72410	0.04918	0.06212	0.01346	0.00776	0.00207	0.00311	0.01191	0.00725	0.00621
45	0.01376	0.12740	0.64605	0.01782	0.02703	0.01665	0.02267	0.02070	0.01383	0.02017	0.01148	0.01348	0.00835	0.00618	0.00600	0.00200	0.00939	0.00469	0.00278	0.00957
46	0.02643	0.01224	0.01796	0.01844	0.18356	0.01108	0.01215	0.02930	0.01794	0.56541	0.02278	0.02097	0.01492	0.00761	0.00660	0.00202	0.00612	0.00644	0.00700	0.01102
47	0.01406	0.01177	0.01550	0.01138	0.01687	0.00926	0.06935	0.01707	0.01396	0.05079	0.01427	0.07026	0.01256	0.00624	0.00547	0.00126	0.00538	0.00546	0.00419	0.64490
48	0.02213	0.08228	0.02171	0.02204	0.18602	0.51900	0.01437	0.02438	0.01741	0.01733	0.01062	0.01281	0.00893	0.00648	0.00595	0.00174	0.01057	0.00457	0.00332	0.00835
49	0.01843	0.19425	0.03038	0.01913	0.02486	0.01921	0.30017	0.14707	0.10554	0.05401	0.01501	0.01676	0.01137	0.00653	0.00654	0.00198	0.00848	0.00635	0.00442	0.00949
50	0.06894	0.00879	0.00992	0.00992	0.01177	0.00897	0.00725	0.12450	0.04524	0.02233	0.03497	0.45689	0.13240	0.01646	0.00764	0.00243	0.00446	0.01438	0.00607	0.00667

[dist]
# distance from previous block
# <min> <max>
16	54

[block]
# block no. 5 follows, 33 sequences, length 10
# corresponding to MSA columns:
# 838-847
name=unknown_F
#
# <colnr> <probs for GDERKNQSTAVLIFYWHMCP>
#	G	D	E	R	K	N	Q	S	T	A	V	L	I	F	Y	W	H	M	C	P
0	0.01264	0.01097	0.04067	0.01202	0.01334	0.01179	0.00938	0.11669	0.01424	0.01969	0.02257	0.30214	0.02508	0.15970	0.01606	0.00331	0.18690	0.01136	0.00487	0.00659
1	0.34210	0.01309	0.01248	0.01119	0.01430	0.04062	0.00893	0.02240	0.21206	0.02589	0.08550	0.02173	0.05647	0.00888	0.00755	0.00220	0.09530	0.00633	0.00507	0.00791
2	0.02366	0.01934	0.01889	0.01510	0.01991	0.10646	0.01222	0.52259	0.13308	0.03633	0.01679	0.01666	0.01222	0.00792	0.00652	0.00198	0.00749	0.00595	0.00622	0.01065
3	0.01243	0.01170	0.01975	0.75282	0.04534	0.01463	0.01828	0.01682	0.01316	0.01682	0.01170	0.01755	0.00878	0.00658	0.00658	0.00219	0.00878	0.00585	0.00293	0.00731
4	0.02503	0.01844	0.01976	0.01515	0.02042	0.02042	0.01251	0.70562	0.03095	0.04149	0.01581	0.01581	0.01120	0.00790	0.00659	0.00198	0.00724	0.00593	0.00659	0.01120
5	0.01365	0.01170	0.01365	0.00975	0.01560	0.00878	0.00780	0.01658	0.01365	0.02145	0.01170	0.01365	0.00975	0.00488	0.00488	0.00098	0.00488	0.00390	0.00390	0.80888
6	0.02503	0.01844	0.01976	0.01515	0.02042	0.02042	0.01251	0.70562	0.03095	0.04149	0.01581	0.01581	0.01120	0.00790	0.00659	0.00198	0.00724	0.00593	0.00659	0.01120
7	0.01502	0.01251	0.01438	0.01040	0.01618	0.01017	0.00837	0.09930	0.01573	0.02386	0.01219	0.01391	0.00992	0.00524	0.00508	0.00110	0.00516	0.00414	0.00422	0.71312
8	0.02908	0.01194	0.01573	0.01206	0.01717	0.01076	0.00996	0.10039	0.02007	0.66209	0.02494	0.02174	0.01578	0.00812	0.00662	0.00203	0.00577	0.00655	0.00799	0.01120
9	0.01958	0.01641	0.01546	0.01329	0.01745	0.14275	0.01037	0.03061	0.39051	0.13745	0.02178	0.02057	0.01610	0.00790	0.00632	0.00194	0.00641	0.00629	0.00599	0.11284

[dist]
# distance from previous block
# <min> <max>
1	10

[block]
# block no. 6 follows, 33 sequences, length 10
# corresponding to MSA columns:
# 858-867
name=unknown_G
#
# <colnr> <probs for GDERKNQSTAVLIFYWHMCP>
#	G	D	E	R	K	N	Q	S	T	A	V	L	I	F	Y	W	H	M	C	P
0	0.02349	0.01762	0.01891	0.01468	0.01981	0.01937	0.01204	0.59694	0.10434	0.03893	0.01678	0.01664	0.01209	0.00786	0.00651	0.00195	0.00690	0.00599	0.00646	0.05269
1	0.00932	0.00673	0.00880	0.00828	0.00984	0.00621	0.00621	0.01242	0.01863	0.02640	0.72410	0.04918	0.06212	0.01346	0.00776	0.00207	0.00311	0.01191	0.00725	0.00621
2	0.02503	0.01844	0.01976	0.01515	0.02042	0.02042	0.01251	0.70562	0.03095	0.04149	0.01581	0.01581	0.01120	0.00790	0.00659	0.00198	0.00724	0.00593	0.00659	0.01120
3	0.01243	0.01170	0.01975	0.75282	0.04534	0.01463	0.01828	0.01682	0.01316	0.01682	0.01170	0.01755	0.00878	0.00658	0.00658	0.00219	0.00878	0.00585	0.00293	0.00731
4	0.01629	0.01564	0.02672	0.04041	0.72757	0.01564	0.02020	0.02020	0.01499	0.02151	0.01238	0.01629	0.01043	0.00587	0.00652	0.00196	0.00782	0.00587	0.00326	0.01043
5	0.02217	0.01873	0.01960	0.17890	0.02593	0.11886	0.01382	0.45909	0.02531	0.03252	0.01412	0.01565	0.01028	0.00746	0.00650	0.00199	0.00822	0.00568	0.00533	0.00984
6	0.20015	0.01717	0.01752	0.01371	0.01871	0.01916	0.01132	0.55351	0.02658	0.03884	0.01433	0.01467	0.01029	0.00751	0.00603	0.00199	0.00677	0.00540	0.00603	0.01029
7	0.00923	0.00624	0.00728	0.00762	0.00771	0.00615	0.00446	0.00948	0.01025	0.01366	0.02419	0.20294	0.02828	0.60285	0.02794	0.00556	0.00581	0.01160	0.00446	0.00429
8	0.19862	0.01589	0.01629	0.01297	0.01755	0.01773	0.01066	0.47862	0.02455	0.03651	0.01474	0.01569	0.01089	0.00974	0.04574	0.00243	0.00710	0.00548	0.04908	0.00973
9	0.20015	0.01717	0.01752	0.01371	0.01871	0.01916	0.01132	0.55351	0.02658	0.03884	0.01433	0.01467	0.01029	0.00751	0.00603	0.00199	0.00677	0.00540	0.00603	0.01029

[dist]
# distance from previous block
# <min> <max>
6	50

[block]
# block no. 7 follows, 33 sequences, length 24
# corresponding to MSA columns:
# 923-946
name=unknown_H
#
# <colnr> <probs for GDERKNQSTAVLIFYWHMCP>
#	G	D	E	R	K	N	Q	S	T	A	V	L	I	F	Y	W	H	M	C	P
0	0.27601	0.01600	0.01372	0.01134	0.01592	0.13778	0.00904	0.07905	0.05083	0.02513	0.01237	0.01479	0.01010	0.00643	0.00515	0.00165	0.00640	0.02282	0.00430	0.28116
1	0.31178	0.01429	0.02063	0.01566	0.02087	0.01447	0.21653	0.07720	0.01602	0.20859	0.01525	0.01622	0.01066	0.00661	0.00603	0.00209	0.00719	0.00579	0.00510	0.00902
2	0.02503	0.01844	0.01976	0.01515	0.02042	0.02042	0.01251	0.70562	0.03095	0.04149	0.01581	0.01581	0.01120	0.00790	0.00659	0.00198	0.00724	0.00593	0.00659	0.01120
3	0.01575	0.01683	0.03269	0.02406	0.02996	0.01658	0.52542	0.02466	0.19555	0.02275	0.01678	0.01951	0.01259	0.00642	0.00749	0.00222	0.00958	0.00769	0.00420	0.00928
4	0.02513	0.02920	0.01829	0.01639	0.01997	0.66321	0.01239	0.02691	0.01868	0.09333	0.01188	0.01301	0.00932	0.00693	0.00601	0.00173	0.01120	0.00450	0.00390	0.00802
5	0.01677	0.01073	0.01291	0.01067	0.01398	0.01055	0.00846	0.19396	0.02155	0.14037	0.39184	0.03437	0.03885	0.01071	0.00712	0.00198	0.00466	0.00908	0.00703	0.05443
6	0.01637	0.01414	0.01489	0.01340	0.01712	0.01637	0.01042	0.03498	0.71568	0.02754	0.02679	0.02456	0.02010	0.00893	0.00670	0.00223	0.00521	0.00744	0.00670	0.01042
7	0.01365	0.01170	0.01365	0.00975	0.01560	0.00878	0.00780	0.01658	0.01365	0.02145	0.01170	0.01365	0.00975	0.00488	0.00488	0.00098	0.00488	0.00390	0.00390	0.80888
8	0.02494	0.02091	0.01955	0.01549	0.02040	0.15826	0.01255	0.57589	0.02860	0.03664	0.01473	0.01505	0.01068	0.00769	0.00646	0.00192	0.00813	0.00560	0.00598	0.01052
9	0.01629	0.01564	0.02672	0.04041	0.72757	0.01564	0.02020	0.02020	0.01499	0.02151	0.01238	0.01629	0.01043	0.00587	0.00652	0.00196	0.00782	0.00587	0.00326	0.01043
10	0.01554	0.01776	0.03885	0.02775	0.03441	0.01665	0.70366	0.02109	0.01554	0.02109	0.01332	0.01776	0.00999	0.00555	0.00777	0.00222	0.01110	0.00777	0.00333	0.00888
11	0.01629	0.01564	0.02672	0.04041	0.72757	0.01564	0.02020	0.02020	0.01499	0.02151	0.01238	0.01629	0.01043	0.00587	0.00652	0.00196	0.00782	0.00587	0.00326	0.01043
12	0.02065	0.01517	0.01664	0.01361	0.01762	0.01654	0.01087	0.52656	0.02624	0.03514	0.02107	0.20826	0.01951	0.01117	0.00705	0.00216	0.00636	0.00922	0.00646	0.00969
13	0.00932	0.00673	0.00880	0.00828	0.00984	0.00621	0.00621	0.01242	0.01863	0.02640	0.72410	0.04918	0.06212	0.01346	0.00776	0.00207	0.00311	0.01191	0.00725	0.00621
14	0.00802	0.00573	0.00764	0.00917	0.00955	0.00535	0.00611	0.00917	0.01260	0.01681	0.03628	0.76434	0.04354	0.02062	0.00840	0.00267	0.00382	0.01872	0.00611	0.00535
15	0.02613	0.01234	0.01822	0.01909	0.19955	0.01121	0.01238	0.02903	0.01785	0.54942	0.02248	0.02084	0.01479	0.00756	0.00659	0.00202	0.00617	0.00643	0.00689	0.01100
16	0.00851	0.00690	0.00768	0.00807	0.01011	0.00608	0.00644	0.01053	0.01504	0.01828	0.05851	0.06616	0.54826	0.01706	0.00812	0.00243	0.00404	0.18599	0.00610	0.00569
17	0.00957	0.00638	0.00718	0.00718	0.00718	0.00638	0.00399	0.00957	0.00957	0.01276	0.02074	0.04308	0.02393	0.76864	0.03351	0.00638	0.00638	0.00957	0.00399	0.00399
18	0.01613	0.01548	0.02643	0.06972	0.69950	0.01560	0.02012	0.02006	0.01491	0.02131	0.01236	0.01635	0.01036	0.00590	0.00652	0.00197	0.00786	0.00587	0.00324	0.01030
19	0.01746	0.01405	0.01567	0.01181	0.01725	0.01319	0.00954	0.23156	0.09471	0.02830	0.01460	0.01549	0.01131	0.00625	0.00560	0.00142	0.00564	0.00491	0.00503	0.47619
20	0.60975	0.01348	0.01406	0.01682	0.19652	0.01499	0.01049	0.01957	0.01218	0.02747	0.00999	0.01213	0.00798	0.00605	0.00470	0.00202	0.00579	0.00416	0.00386	0.00798
21	0.01530	0.01463	0.02493	0.22357	0.55216	0.01538	0.01971	0.01933	0.01452	0.02030	0.01221	0.01662	0.01000	0.00605	0.00653	0.00202	0.00807	0.00586	0.00317	0.00963
22	0.01376	0.20733	0.02354	0.56216	0.03803	0.01756	0.01648	0.01756	0.01322	0.01648	0.01105	0.01575	0.00869	0.00634	0.00598	0.00199	0.00833	0.00525	0.00290	0.00761
23	0.61008	0.01307	0.01124	0.00942	0.01390	0.01427	0.00772	0.08008	0.01338	0.02924	0.01018	0.01165	0.00793	0.00606	0.00443	0.00185	0.00525	0.00383	0.00427	0.14213

[dist]
# distance from previous block
# <min> <max>
0	9

[block]
# block no. 8 follows, 33 sequences, length 16
# corresponding to MSA columns:
# 956-971
name=unknown_I
#
# <colnr> <probs for GDERKNQSTAVLIFYWHMCP>
#	G	D	E	R	K	N	Q	S	T	A	V	L	I	F	Y	W	H	M	C	P
0	0.02300	0.01673	0.01990	0.01884	0.13843	0.01805	0.01327	0.44349	0.10743	0.10650	0.01755	0.01758	0.01263	0.00771	0.00659	0.00201	0.00694	0.00617	0.00620	0.01098
1	0.02503	0.01844	0.01976	0.01515	0.02042	0.02042	0.01251	0.70562	0.03095	0.04149	0.01581	0.01581	0.01120	0.00790	0.00659	0.00198	0.00724	0.00593	0.00659	0.01120
2	0.01629	0.01564	0.02672	0.04041	0.72757	0.01564	0.02020	0.02020	0.01499	0.02151	0.01238	0.01629	0.01043	0.00587	0.00652	0.00196	0.00782	0.00587	0.00326	0.01043
3	0.02410	0.01798	0.01923	0.01496	0.02006	0.01998	0.01229	0.63354	0.10454	0.03999	0.01699	0.01675	0.01215	0.00801	0.00660	0.00200	0.00703	0.00609	0.00660	0.01111
4	0.02312	0.01731	0.01873	0.01424	0.01961	0.01846	0.01172	0.58989	0.02805	0.03812	0.01512	0.01544	0.01095	0.00739	0.00630	0.00181	0.00685	0.00559	0.00613	0.14517
5	0.02503	0.01844	0.01976	0.01515	0.02042	0.02042	0.01251	0.70562	0.03095	0.04149	0.01581	0.01581	0.01120	0.00790	0.00659	0.00198	0.00724	0.00593	0.00659	0.01120
6	0.01365	0.01170	0.01365	0.00975	0.01560	0.00878	0.00780	0.01658	0.01365	0.02145	0.01170	0.01365	0.00975	0.00488	0.00488	0.00098	0.00488	0.00390	0.00390	0.80888
7	0.00893	0.00729	0.00804	0.00816	0.01029	0.00662	0.00639	0.01201	0.05829	0.01955	0.12343	0.06142	0.50130	0.01614	0.00793	0.00234	0.00389	0.12573	0.00625	0.00600
8	0.14994	0.37467	0.28653	0.01357	0.02044	0.02022	0.01535	0.02007	0.01320	0.01981	0.01013	0.01180	0.00819	0.00594	0.00494	0.00176	0.00770	0.00402	0.00301	0.00870
9	0.19653	0.01515	0.01568	0.01243	0.01713	0.01644	0.01019	0.38347	0.05028	0.09774	0.01586	0.01611	0.01143	0.00739	0.00581	0.00192	0.00613	0.00544	0.06166	0.05320
10	0.07936	0.01416	0.01713	0.01404	0.01721	0.01648	0.01156	0.18925	0.07976	0.19267	0.01660	0.01765	0.01228	0.00907	0.01117	0.00229	0.24704	0.00601	0.03692	0.00935
11	0.01543	0.02070	0.34506	0.01480	0.02103	0.01161	0.05535	0.02058	0.01581	0.15794	0.15593	0.05412	0.02242	0.00866	0.00671	0.00208	0.00711	0.00739	0.04838	0.00890
12	0.03835	0.14466	0.24227	0.01315	0.01828	0.01305	0.01379	0.01659	0.01370	0.01932	0.02027	0.16491	0.02072	0.01098	0.00664	0.00214	0.00681	0.13747	0.00420	0.09272
13	0.14910	0.05772	0.02228	0.01543	0.02123	0.01331	0.23139	0.01867	0.01383	0.02235	0.01165	0.01430	0.00931	0.00534	0.00563	0.00158	0.00704	0.00506	0.00368	0.37109
14	0.01612	0.01331	0.01855	0.01434	0.01884	0.07196	0.17279	0.01979	0.03771	0.13533	0.11438	0.02907	0.13783	0.00892	0.00684	0.00189	0.00658	0.00809	0.00529	0.16236
15	0.14785	0.01104	0.01429	0.01153	0.01578	0.00992	0.07895	0.01666	0.01392	0.05152	0.05839	0.12206	0.01954	0.00902	0.00611	0.00179	0.00543	0.06406	0.00472	0.33743

[dist]
# distance from previous block
# <min> <max>
12	23

[block]
# block no. 9 follows, 33 sequences, length 18
# corresponding to MSA columns:
# 1000-1017
name=unknown_J
#
# <colnr> <probs for GDERKNQSTAVLIFYWHMCP>
#	G	D	E	R	K	N	Q	S	T	A	V	L	I	F	Y	W	H	M	C	P
0	0.13695	0.01187	0.01400	0.01126	0.01583	0.01150	0.00913	0.05232	0.12352	0.39251	0.06964	0.02191	0.01795	0.00806	0.00620	0.00198	0.00530	0.00642	0.00687	0.07679
1	0.56006	0.01240	0.01237	0.18316	0.02061	0.01423	0.00980	0.01853	0.01187	0.02588	0.00997	0.01255	0.00773	0.00612	0.00473	0.00199	0.00594	0.00413	0.00379	0.07414
2	0.02503	0.01844	0.01976	0.01515	0.02042	0.02042	0.01251	0.70562	0.03095	0.04149	0.01581	0.01581	0.01120	0.00790	0.00659	0.00198	0.00724	0.00593	0.00659	0.01120
3	0.01272	0.01170	0.01832	0.57867	0.03837	0.01326	0.01583	0.01676	0.01328	0.01791	0.01170	0.01664	0.00900	0.00618	0.00618	0.00191	0.00786	0.00539	0.00315	0.19518
4	0.20149	0.01194	0.01272	0.00949	0.01493	0.01018	0.00764	0.01723	0.01308	0.02335	0.01111	0.01296	0.00914	0.00517	0.00469	0.00122	0.00493	0.00382	0.00394	0.62098
5	0.28839	0.01983	0.01554	0.01317	0.01742	0.24695	0.01046	0.18386	0.01908	0.10860	0.01297	0.01361	0.00956	0.00698	0.00555	0.00191	0.00781	0.00468	0.00491	0.00871
6	0.02300	0.01743	0.01862	0.01474	0.01964	0.01947	0.01202	0.54844	0.19143	0.03822	0.01838	0.01786	0.01328	0.00814	0.00661	0.00204	0.00677	0.00628	0.00661	0.01101
7	0.20056	0.01194	0.01739	0.57841	0.03770	0.01466	0.01567	0.01741	0.01270	0.01980	0.01111	0.01594	0.00839	0.00647	0.00599	0.00216	0.00791	0.00531	0.00319	0.00727
8	0.00802	0.00573	0.00764	0.00917	0.00955	0.00535	0.00611	0.00917	0.01260	0.01681	0.03628	0.76434	0.04354	0.02062	0.00840	0.00267	0.00382	0.01872	0.00611	0.00535
9	0.01273	0.01201	0.02029	0.69702	0.09877	0.01471	0.01843	0.01709	0.01331	0.01719	0.01175	0.01745	0.00891	0.00653	0.00658	0.00218	0.00870	0.00585	0.00295	0.00756
10	0.00940	0.00705	0.01058	0.01058	0.01176	0.00823	0.00823	0.01176	0.01058	0.01528	0.01763	0.02586	0.01646	0.04937	0.74255	0.01058	0.01763	0.00705	0.00353	0.00588
11	0.00940	0.00705	0.01058	0.01058	0.01176	0.00823	0.00823	0.01176	0.01058	0.01528	0.01763	0.02586	0.01646	0.04937	0.74255	0.01058	0.01763	0.00705	0.00353	0.00588
12	0.01726	0.71476	0.08932	0.01185	0.01780	0.02521	0.01229	0.01980	0.01342	0.01591	0.00936	0.01082	0.00844	0.00568	0.00438	0.00146	0.00725	0.00363	0.00281	0.00855
13	0.01798	0.18830	0.41468	0.01549	0.02325	0.01630	0.01807	0.02324	0.01494	0.18639	0.01456	0.01517	0.01023	0.00656	0.00590	0.00193	0.00818	0.00499	0.00405	0.00980
14	0.01365	0.01170	0.01365	0.00975	0.01560	0.00878	0.00780	0.01658	0.01365	0.02145	0.01170	0.01365	0.00975	0.00488	0.00488	0.00098	0.00488	0.00390	0.00390	0.80888
15	0.00908	0.00654	0.00862	0.00868	0.00996	0.00608	0.00641	0.01172	0.01705	0.02381	0.52795	0.21806	0.05653	0.01538	0.00798	0.00226	0.00342	0.04754	0.00692	0.00600
