[name]
unknown

[dist]
# distance from previous block
# <min> <max>
62	332

[block]
# block no. 0 follows, 47 sequences, length 11
# corresponding to MSA columns:
# 377-387
name=unknown_A
#
# <colnr> <probs for GDERKNQSTAVLIFYWHMCP>
#	G	D	E	R	K	N	Q	S	T	A	V	L	I	F	Y	W	H	M	C	P
0	0.04456	0.01073	0.01201	0.01069	0.05063	0.03241	0.00802	0.10509	0.29608	0.13744	0.09332	0.01803	0.01574	0.00650	0.00504	0.00153	0.00438	0.00534	0.00488	0.13758
1	0.01482	0.71853	0.02566	0.00918	0.01359	0.01967	0.00893	0.07704	0.01190	0.04853	0.00826	0.00911	0.00714	0.00469	0.00358	0.00117	0.00553	0.00305	0.00266	0.00696
2	0.01645	0.23020	0.12922	0.01467	0.15562	0.06271	0.01156	0.10368	0.01372	0.19660	0.01175	0.01227	0.00865	0.00528	0.00464	0.00145	0.00598	0.00410	0.00364	0.00783
3	0.01516	0.01306	0.01881	0.02356	0.45595	0.01397	0.01350	0.27571	0.01591	0.02212	0.01049	0.01263	0.00834	0.00556	0.00614	0.00161	0.07108	0.00465	0.00346	0.00825
4	0.00674	0.00482	0.00581	0.00642	0.00683	0.00454	0.00412	0.00740	0.00942	0.01230	0.02796	0.43225	0.13831	0.29301	0.01345	0.00308	0.00367	0.01174	0.00425	0.00388
5	0.01371	0.01307	0.02231	0.01688	0.02010	0.01449	0.34470	0.15225	0.01312	0.04319	0.00995	0.01297	0.00787	0.00642	0.00970	0.00190	0.28200	0.00531	0.00310	0.00696
6	0.01359	0.01050	0.01730	0.33380	0.34750	0.01120	0.01386	0.01663	0.01184	0.15602	0.01154	0.01416	0.00858	0.00519	0.00519	0.00163	0.00617	0.00474	0.00318	0.00738
7	0.70178	0.01276	0.00895	0.00804	0.01117	0.15458	0.00645	0.01631	0.00994	0.02143	0.00740	0.00863	0.00583	0.00493	0.00349	0.00156	0.00501	0.00292	0.00312	0.00571
8	0.00615	0.00528	0.00528	0.00528	0.00703	0.00440	0.00396	0.00747	0.01187	0.01407	0.05276	0.05012	0.78238	0.01319	0.00615	0.00176	0.00264	0.01099	0.00484	0.00440
9	0.00871	0.00831	0.00754	0.00815	0.00905	0.14850	0.00569	0.00974	0.01106	0.01328	0.02764	0.58139	0.11334	0.01397	0.00624	0.00193	0.00414	0.01229	0.00444	0.00458
10	0.60740	0.01288	0.00941	0.00847	0.01156	0.15472	0.00674	0.01770	0.09594	0.02125	0.00896	0.00986	0.00699	0.00518	0.00372	0.00158	0.00502	0.00326	0.00336	0.00600

[dist]
# distance from previous block
# <min> <max>
0	13

[block]
# block no. 1 follows, 47 sequences, length 7
# corresponding to MSA columns:
# 401-407
name=unknown_B
#
# <colnr> <probs for GDERKNQSTAVLIFYWHMCP>
#	G	D	E	R	K	N	Q	S	T	A	V	L	I	F	Y	W	H	M	C	P
0	0.00943	0.00751	0.00924	0.00881	0.01034	0.00862	0.00669	0.01564	0.28209	0.01529	0.01686	0.02187	0.01482	0.12908	0.41343	0.00558	0.00928	0.00595	0.00373	0.00574
1	0.01194	0.01256	0.01010	0.01010	0.01192	0.28785	0.00809	0.01380	0.01315	0.01470	0.07550	0.03848	0.13610	0.01073	0.00607	0.00187	0.00595	0.32179	0.00411	0.00519
2	0.01281	0.53052	0.02140	0.00848	0.01300	0.01573	0.00793	0.01471	0.01066	0.01394	0.00796	0.00923	0.00705	0.00424	0.00353	0.00099	0.00496	0.00289	0.00253	0.30745
3	0.01095	0.00995	0.01425	0.52094	0.02789	0.01206	0.01224	0.01844	0.28351	0.01633	0.01352	0.01586	0.01014	0.00587	0.00524	0.00175	0.00593	0.00508	0.00338	0.00666
4	0.01191	0.01763	0.27349	0.02322	0.29616	0.01254	0.25587	0.01637	0.01172	0.01674	0.00989	0.01264	0.00760	0.00466	0.00540	0.00165	0.00750	0.00486	0.00247	0.00768
5	0.01112	0.00823	0.00936	0.00866	0.01055	0.00851	0.00652	0.27867	0.01542	0.02038	0.02628	0.42072	0.12990	0.01228	0.00606	0.00187	0.00394	0.01066	0.00497	0.00591
6	0.01482	0.01251	0.01790	0.05790	0.42029	0.01315	0.01294	0.28369	0.01651	0.02277	0.06637	0.01467	0.01135	0.00567	0.00525	0.00157	0.00579	0.00500	0.00373	0.00811

[dist]
# distance from previous block
# <min> <max>
2	40

[block]
# block no. 2 follows, 47 sequences, length 17
# corresponding to MSA columns:
# 448-464
name=unknown_C
#
# <colnr> <probs for GDERKNQSTAVLIFYWHMCP>
#	G	D	E	R	K	N	Q	S	T	A	V	L	I	F	Y	W	H	M	C	P
0	0.01975	0.01596	0.01551	0.01217	0.01614	0.12072	0.00992	0.66707	0.02318	0.03013	0.01191	0.01209	0.00857	0.00613	0.00514	0.00153	0.00622	0.00451	0.00487	0.00848
1	0.08093	0.00591	0.00695	0.00766	0.00858	0.00605	0.00536	0.01069	0.11246	0.01531	0.02583	0.63709	0.02945	0.01408	0.00617	0.00202	0.00326	0.01257	0.00476	0.00489
2	0.01691	0.01243	0.01359	0.01088	0.01427	0.01357	0.00879	0.59939	0.02169	0.02916	0.08157	0.12220	0.01579	0.00798	0.00548	0.00164	0.00508	0.00646	0.00520	0.00789
3	0.01315	0.64479	0.19588	0.01022	0.01539	0.01872	0.01119	0.01579	0.01067	0.01319	0.00771	0.00894	0.00666	0.00456	0.00370	0.00123	0.00604	0.00302	0.00222	0.00691
4	0.01156	0.00994	0.01168	0.00881	0.01280	0.00889	0.00709	0.05743	0.07776	0.01785	0.01024	0.01171	0.00840	0.00480	0.00539	0.00105	0.08449	0.00357	0.00332	0.64323
5	0.01316	0.01208	0.02186	0.01598	0.02066	0.01121	0.41813	0.01827	0.11663	0.09473	0.01271	0.01443	0.00945	0.00484	0.00543	0.00153	0.00662	0.00534	0.00348	0.19344
6	0.04158	0.00973	0.01466	0.18977	0.18123	0.00963	0.01086	0.02044	0.01310	0.43226	0.01540	0.01559	0.01039	0.00574	0.00516	0.00163	0.00535	0.00491	0.00462	0.00796
7	0.01980	0.01459	0.01563	0.01198	0.01615	0.01615	0.00990	0.76713	0.02448	0.03282	0.01250	0.01250	0.00886	0.00625	0.00521	0.00156	0.00573	0.00469	0.00521	0.00886
8	0.01080	0.00926	0.01080	0.00771	0.01234	0.00694	0.00617	0.01311	0.01080	0.01697	0.00926	0.01080	0.00771	0.00386	0.00386	0.00077	0.00386	0.00309	0.00309	0.84882
9	0.02232	0.00910	0.01205	0.00940	0.01332	0.00818	0.00771	0.02561	0.09106	0.71133	0.02061	0.01790	0.01319	0.00651	0.00524	0.00163	0.00440	0.00530	0.00633	0.00880
10	0.01235	0.01388	0.02977	0.02295	0.10308	0.01309	0.69049	0.01661	0.01225	0.01671	0.01046	0.01393	0.00794	0.00441	0.00605	0.00173	0.00852	0.00599	0.00263	0.00715
11	0.00997	0.00945	0.01565	0.73382	0.03388	0.01196	0.01419	0.01324	0.01020	0.01324	0.00904	0.01366	0.00693	0.00556	0.00627	0.00178	0.07845	0.00462	0.00231	0.00578
12	0.01980	0.01459	0.01563	0.01198	0.01615	0.01615	0.00990	0.76713	0.02448	0.03282	0.01250	0.01250	0.00886	0.00625	0.00521	0.00156	0.00573	0.00469	0.00521	0.00886
13	0.01069	0.01067	0.00908	0.00880	0.01061	0.18120	0.00651	0.01484	0.17365	0.01582	0.09510	0.22090	0.20025	0.01071	0.00577	0.00174	0.00452	0.00902	0.00454	0.00558
14	0.00983	0.00926	0.01562	0.80447	0.03587	0.01157	0.01446	0.01331	0.01041	0.01331	0.00926	0.01388	0.00694	0.00521	0.00521	0.00174	0.00694	0.00463	0.00231	0.00579
15	0.01980	0.01459	0.01563	0.01198	0.01615	0.01615	0.00990	0.76713	0.02448	0.03282	0.01250	0.01250	0.00886	0.00625	0.00521	0.00156	0.00573	0.00469	0.00521	0.00886
16	0.01040	0.00956	0.01562	0.75916	0.03474	0.01183	0.01420	0.05640	0.01122	0.01442	0.00944	0.01381	0.00705	0.00527	0.00521	0.00173	0.00687	0.00463	0.00248	0.00596

[dist]
# distance from previous block
# <min> <max>
0	3

[block]
# block no. 3 follows, 47 sequences, length 23
# corresponding to MSA columns:
# 468-490
name=unknown_D
#
# <colnr> <probs for GDERKNQSTAVLIFYWHMCP>
#	G	D	E	R	K	N	Q	S	T	A	V	L	I	F	Y	W	H	M	C	P
0	0.02009	0.01594	0.01510	0.01198	0.01585	0.16262	0.00970	0.55076	0.02167	0.10579	0.01248	0.01245	0.00886	0.00610	0.00512	0.00153	0.00629	0.00449	0.00486	0.00832
1	0.01978	0.01498	0.01560	0.01204	0.01615	0.04625	0.00990	0.73833	0.02411	0.03205	0.01233	0.01238	0.00877	0.00622	0.00519	0.00155	0.00587	0.00464	0.00511	0.00875
2	0.00906	0.00702	0.00757	0.00767	0.00848	0.05132	0.00530	0.08567	0.01113	0.01446	0.03965	0.34406	0.02487	0.29496	0.01337	0.00305	0.00448	0.05923	0.00418	0.00448
3	0.01198	0.37616	0.45419	0.01223	0.01850	0.01584	0.01469	0.01610	0.01081	0.01463	0.00842	0.00983	0.00663	0.00473	0.00424	0.00141	0.00676	0.00338	0.00221	0.00725
4	0.01269	0.01217	0.02077	0.08325	0.73480	0.01232	0.01588	0.01580	0.01176	0.01677	0.00976	0.01295	0.00816	0.00468	0.00516	0.00156	0.00624	0.00464	0.00256	0.00809
5	0.01980	0.01459	0.01563	0.01198	0.01615	0.01615	0.00990	0.76713	0.02448	0.03282	0.01250	0.01250	0.00886	0.00625	0.00521	0.00156	0.00573	0.00469	0.00521	0.00886
6	0.01080	0.00926	0.01080	0.00771	0.01234	0.00694	0.00617	0.01311	0.01080	0.01697	0.00926	0.01080	0.00771	0.00386	0.00386	0.00077	0.00386	0.00309	0.00309	0.84882
7	0.01014	0.00957	0.01618	0.72596	0.11195	0.01165	0.01462	0.01358	0.01056	0.01368	0.00931	0.01378	0.00707	0.00515	0.00520	0.00172	0.00687	0.00463	0.00234	0.00604
8	0.01004	0.00953	0.01604	0.62640	0.03145	0.01174	0.05687	0.01325	0.01038	0.01357	0.01030	0.01662	0.00852	0.00617	0.00660	0.00184	0.08826	0.05415	0.00249	0.00578
9	0.01289	0.01237	0.02114	0.03196	0.78450	0.01237	0.01598	0.01598	0.01186	0.01701	0.00980	0.01289	0.00825	0.00464	0.00516	0.00155	0.00619	0.00464	0.00258	0.00825
10	0.00983	0.00926	0.01562	0.80447	0.03587	0.01157	0.01446	0.01331	0.01041	0.01331	0.00926	0.01388	0.00694	0.00521	0.00521	0.00174	0.00694	0.00463	0.00231	0.00579
11	0.01980	0.01459	0.01563	0.01198	0.01615	0.01615	0.00990	0.76713	0.02448	0.03282	0.01250	0.01250	0.00886	0.00625	0.00521	0.00156	0.00573	0.00469	0.00521	0.00886
12	0.01289	0.01237	0.02114	0.03196	0.78450	0.01237	0.01598	0.01598	0.01186	0.01701	0.00980	0.01289	0.00825	0.00464	0.00516	0.00155	0.00619	0.00464	0.00258	0.00825
13	0.01980	0.01459	0.01563	0.01198	0.01615	0.01615	0.00990	0.76713	0.02448	0.03282	0.01250	0.01250	0.00886	0.00625	0.00521	0.00156	0.00573	0.00469	0.00521	0.00886
14	0.01045	0.02694	0.79000	0.01484	0.02254	0.01209	0.01924	0.01649	0.01099	0.01649	0.00935	0.01099	0.00660	0.00495	0.00495	0.00165	0.00770	0.00385	0.00220	0.00770
15	0.01980	0.01459	0.01563	0.01198	0.01615	0.01615	0.00990	0.76713	0.02448	0.03282	0.01250	0.01250	0.00886	0.00625	0.00521	0.00156	0.00573	0.00469	0.00521	0.00886
16	0.01001	0.00944	0.01594	0.76012	0.07885	0.01162	0.01455	0.01346	0.01050	0.01352	0.00929	0.01383	0.00702	0.00517	0.00520	0.00172	0.00690	0.00463	0.00233	0.00593
17	0.00983	0.00926	0.01562	0.80447	0.03587	0.01157	0.01446	0.01331	0.01041	0.01331	0.00926	0.01388	0.00694	0.00521	0.00521	0.00174	0.00694	0.00463	0.00231	0.00579
18	0.00983	0.00926	0.01562	0.80447	0.03587	0.01157	0.01446	0.01331	0.01041	0.01331	0.00926	0.01388	0.00694	0.00521	0.00521	0.00174	0.00694	0.00463	0.00231	0.00579
19	0.01012	0.00955	0.01614	0.73173	0.10635	0.01165	0.01461	0.01356	0.01055	0.01365	0.00931	0.01379	0.00707	0.00515	0.00520	0.00172	0.00687	0.00463	0.00234	0.00602
20	0.01045	0.02694	0.79000	0.01484	0.02254	0.01209	0.01924	0.01649	0.01099	0.01649	0.00935	0.01099	0.00660	0.00495	0.00495	0.00165	0.00770	0.00385	0.00220	0.00770
21	0.00983	0.00926	0.01562	0.80447	0.03587	0.01157	0.01446	0.01331	0.01041	0.01331	0.00926	0.01388	0.00694	0.00521	0.00521	0.00174	0.00694	0.00463	0.00231	0.00579
22	0.01289	0.01237	0.02114	0.03196	0.78450	0.01237	0.01598	0.01598	0.01186	0.01701	0.00980	0.01289	0.00825	0.00464	0.00516	0.00155	0.00619	0.00464	0.00258	0.00825

[dist]
# distance from previous block
# <min> <max>
5	9

[block]
# block no. 4 follows, 47 sequences, length 21
# corresponding to MSA columns:
# 500-520
name=unknown_E
#
# <colnr> <probs for GDERKNQSTAVLIFYWHMCP>
#	G	D	E	R	K	N	Q	S	T	A	V	L	I	F	Y	W	H	M	C	P
0	0.00737	0.00532	0.00696	0.00655	0.00778	0.00491	0.00491	0.00983	0.01474	0.02088	0.78175	0.03890	0.04914	0.01065	0.00614	0.00164	0.00246	0.00942	0.00573	0.00491
1	0.00983	0.00926	0.01562	0.80447	0.03587	0.01157	0.01446	0.01331	0.01041	0.01331	0.00926	0.01388	0.00694	0.00521	0.00521	0.00174	0.00694	0.00463	0.00231	0.00579
2	0.01229	0.01405	0.03073	0.02195	0.02722	0.01317	0.76558	0.01668	0.01229	0.01668	0.01054	0.01405	0.00790	0.00439	0.00615	0.00176	0.00878	0.00615	0.00263	0.00702
3	0.02336	0.00886	0.01209	0.00927	0.01329	0.00765	0.00765	0.02538	0.01491	0.78810	0.02055	0.01773	0.01289	0.00645	0.00524	0.00161	0.00443	0.00524	0.00645	0.00886
4	0.01945	0.02482	0.01476	0.01342	0.01610	0.79608	0.01006	0.02079	0.01476	0.01275	0.00805	0.00939	0.00671	0.00537	0.00470	0.00134	0.00939	0.00335	0.00268	0.00604
5	0.01045	0.02694	0.79000	0.01484	0.02254	0.01209	0.01924	0.01649	0.01099	0.01649	0.00935	0.01099	0.00660	0.00495	0.00495	0.00165	0.00770	0.00385	0.00220	0.00770
6	0.01295	0.01119	0.01178	0.01060	0.01354	0.01295	0.00824	0.02767	0.77509	0.02178	0.02120	0.01943	0.01590	0.00707	0.00530	0.00177	0.00412	0.00589	0.00530	0.00824
7	0.00634	0.00453	0.00604	0.00725	0.00755	0.00423	0.00483	0.00725	0.00997	0.01329	0.02870	0.81358	0.03444	0.01632	0.00665	0.00211	0.00302	0.01480	0.00483	0.00423
8	0.00839	0.00599	0.00839	0.00959	0.01079	0.00599	0.00839	0.01079	0.01199	0.01558	0.02757	0.05874	0.02997	0.01439	0.00719	0.00240	0.00480	0.74945	0.00480	0.00480
9	0.01000	0.00942	0.01592	0.76271	0.07634	0.01161	0.01454	0.01345	0.01049	0.01351	0.00929	0.01383	0.00701	0.00518	0.00520	0.00173	0.00690	0.00463	0.00233	0.00592
10	0.00744	0.00558	0.00837	0.00837	0.00930	0.00651	0.00651	0.00930	0.00837	0.01209	0.01395	0.02046	0.01302	0.03906	0.79635	0.00837	0.01395	0.00558	0.00279	0.00465
11	0.00634	0.00453	0.00604	0.00725	0.00755	0.00423	0.00483	0.00725	0.00997	0.01329	0.02870	0.81358	0.03444	0.01632	0.00665	0.00211	0.00302	0.01480	0.00483	0.00423
12	0.01289	0.01237	0.02114	0.03196	0.78450	0.01237	0.01598	0.01598	0.01186	0.01701	0.00980	0.01289	0.00825	0.00464	0.00516	0.00155	0.00619	0.00464	0.00258	0.00825
13	0.01229	0.01405	0.03073	0.02195	0.02722	0.01317	0.76558	0.01668	0.01229	0.01668	0.01054	0.01405	0.00790	0.00439	0.00615	0.00176	0.00878	0.00615	0.00263	0.00702
14	0.00971	0.00485	0.00485	0.00485	0.00607	0.00485	0.00364	0.01213	0.01092	0.01942	0.01699	0.01942	0.01335	0.00607	0.00364	0.00121	0.00243	0.00485	0.84589	0.00485
15	0.01980	0.01459	0.01563	0.01198	0.01615	0.01615	0.00990	0.76713	0.02448	0.03282	0.01250	0.01250	0.00886	0.00625	0.00521	0.00156	0.00573	0.00469	0.00521	0.00886
16	0.01303	0.61542	0.22412	0.01044	0.01573	0.01841	0.01158	0.01583	0.01069	0.01335	0.00778	0.00904	0.00666	0.00458	0.00376	0.00125	0.00612	0.00306	0.00222	0.00694
17	0.00830	0.00595	0.00777	0.00855	0.00950	0.00602	0.00689	0.01069	0.05205	0.01446	0.02465	0.10244	0.02689	0.20535	0.01165	0.00298	0.00470	0.48218	0.00443	0.00455
18	0.01622	0.01940	0.01585	0.01383	0.01576	0.47355	0.04786	0.01807	0.03673	0.01316	0.00819	0.01061	0.00710	0.00662	0.00890	0.00169	0.27383	0.00397	0.00263	0.00604
19	0.01392	0.82012	0.02729	0.00891	0.01337	0.02061	0.00891	0.01559	0.01058	0.01225	0.00724	0.00835	0.00668	0.00446	0.00334	0.00111	0.00557	0.00278	0.00223	0.00668
20	0.02336	0.00886	0.01209	0.00927	0.01329	0.00765	0.00765	0.02538	0.01491	0.78810	0.02055	0.01773	0.01289	0.00645	0.00524	0.00161	0.00443	0.00524	0.00645	0.00886

[dist]
# distance from previous block
# <min> <max>
0	2

[block]
# block no. 5 follows, 47 sequences, length 15
# corresponding to MSA columns:
# 523-537
name=unknown_F
#
# <colnr> <probs for GDERKNQSTAVLIFYWHMCP>
#	G	D	E	R	K	N	Q	S	T	A	V	L	I	F	Y	W	H	M	C	P
0	0.01980	0.01459	0.01563	0.01198	0.01615	0.01615	0.00990	0.76713	0.02448	0.03282	0.01250	0.01250	0.00886	0.00625	0.00521	0.00156	0.00573	0.00469	0.00521	0.00886
1	0.00634	0.00453	0.00604	0.00725	0.00755	0.00423	0.00483	0.00725	0.00997	0.01329	0.02870	0.81358	0.03444	0.01632	0.00665	0.00211	0.00302	0.01480	0.00483	0.00423
2	0.01980	0.01459	0.01563	0.01198	0.01615	0.01615	0.00990	0.76713	0.02448	0.03282	0.01250	0.01250	0.00886	0.00625	0.00521	0.00156	0.00573	0.00469	0.00521	0.00886
3	0.85377	0.01007	0.00765	0.00685	0.01007	0.01168	0.00564	0.01531	0.00886	0.02336	0.00725	0.00846	0.00564	0.00483	0.00322	0.00161	0.00403	0.00282	0.00322	0.00564
4	0.01198	0.37716	0.45323	0.01222	0.01849	0.01585	0.01468	0.01610	0.01081	0.01462	0.00842	0.00983	0.00663	0.00473	0.00424	0.00141	0.00676	0.00338	0.00221	0.00725
5	0.00634	0.00453	0.00604	0.00725	0.00755	0.00423	0.00483	0.00725	0.00997	0.01329	0.02870	0.81358	0.03444	0.01632	0.00665	0.00211	0.00302	0.01480	0.00483	0.00423
6	0.01045	0.02694	0.79000	0.01484	0.02254	0.01209	0.01924	0.01649	0.01099	0.01649	0.00935	0.01099	0.00660	0.00495	0.00495	0.00165	0.00770	0.00385	0.00220	0.00770
7	0.00615	0.00528	0.00528	0.00528	0.00703	0.00440	0.00396	0.00747	0.01187	0.01407	0.05276	0.05012	0.78238	0.01319	0.00615	0.00176	0.00264	0.01099	0.00484	0.00440
8	0.01363	0.54267	0.02205	0.00887	0.01334	0.01672	0.00829	0.07964	0.01183	0.01523	0.00821	0.00934	0.00713	0.00446	0.00363	0.00106	0.00514	0.00303	0.00270	0.22301
9	0.01171	0.01814	0.28911	0.02066	0.13267	0.01278	0.37861	0.01638	0.01164	0.01653	0.00990	0.01275	0.00747	0.00477	0.00595	0.00171	0.03427	0.00509	0.00247	0.00738
10	0.01769	0.01671	0.01527	0.01259	0.01550	0.24074	0.01012	0.37353	0.01788	0.02239	0.00996	0.01132	0.00779	0.00649	0.00740	0.00162	0.16805	0.00422	0.00382	0.03691
11	0.00826	0.00522	0.00711	0.00761	0.00848	0.00507	0.00544	0.00950	0.01019	0.08963	0.02574	0.53024	0.05993	0.02013	0.17751	0.00340	0.00551	0.01170	0.00455	0.00479
12	0.01153	0.27382	0.55260	0.01300	0.01968	0.01474	0.01603	0.01621	0.01087	0.01517	0.00869	0.01017	0.00662	0.00479	0.00445	0.00148	0.00703	0.00352	0.00221	0.00738
13	0.01158	0.33093	0.41846	0.01203	0.01784	0.01478	0.01418	0.01558	0.01093	0.01477	0.01033	0.01469	0.00894	0.00569	0.00455	0.00152	0.00659	0.07712	0.00247	0.00702
14	0.01008	0.00973	0.01711	0.72714	0.03501	0.01173	0.08869	0.01364	0.01060	0.01364	0.00938	0.01390	0.00704	0.00513	0.00530	0.00174	0.00712	0.00478	0.00235	0.00591

[dist]
# distance from previous block
# <min> <max>
0	2

[block]
# block no. 6 follows, 47 sequences, length 15
# corresponding to MSA columns:
# 540-554
name=unknown_G
#
# <colnr> <probs for GDERKNQSTAVLIFYWHMCP>
#	G	D	E	R	K	N	Q	S	T	A	V	L	I	F	Y	W	H	M	C	P
0	0.00826	0.00628	0.00793	0.00746	0.00892	0.00642	0.00568	0.01255	0.13335	0.01969	0.54539	0.03303	0.03842	0.01440	0.12617	0.00268	0.00447	0.00828	0.00522	0.00540
1	0.01061	0.01055	0.01495	0.01273	0.01325	0.01401	0.04491	0.01193	0.00879	0.01296	0.01423	0.01761	0.12885	0.00954	0.01487	0.00217	0.64416	0.00564	0.00270	0.00555
2	0.00983	0.00926	0.01562	0.80447	0.03587	0.01157	0.01446	0.01331	0.01041	0.01331	0.00926	0.01388	0.00694	0.00521	0.00521	0.00174	0.00694	0.00463	0.00231	0.00579
3	0.01289	0.01237	0.02114	0.03196	0.78450	0.01237	0.01598	0.01598	0.01186	0.01701	0.00980	0.01289	0.00825	0.00464	0.00516	0.00155	0.00619	0.00464	0.00258	0.00825
4	0.01334	0.01093	0.01187	0.01066	0.01353	0.01240	0.00853	0.14139	0.54101	0.02258	0.02080	0.02432	0.01693	0.00805	0.00557	0.00183	0.00448	0.11877	0.00521	0.00782
5	0.01289	0.01237	0.02114	0.03196	0.78450	0.01237	0.01598	0.01598	0.01186	0.01701	0.00980	0.01289	0.00825	0.00464	0.00516	0.00155	0.00619	0.00464	0.00258	0.00825
6	0.01980	0.01459	0.01563	0.01198	0.01615	0.01615	0.00990	0.76713	0.02448	0.03282	0.01250	0.01250	0.00886	0.00625	0.00521	0.00156	0.00573	0.00469	0.00521	0.00886
7	0.01215	0.01364	0.02848	0.02069	0.02516	0.01359	0.65090	0.01605	0.01164	0.01605	0.00997	0.01364	0.00774	0.00511	0.00781	0.00184	0.13023	0.00590	0.00258	0.00682
8	0.00983	0.00926	0.01562	0.80447	0.03587	0.01157	0.01446	0.01331	0.01041	0.01331	0.00926	0.01388	0.00694	0.00521	0.00521	0.00174	0.00694	0.00463	0.00231	0.00579
9	0.01198	0.43995	0.23322	0.01016	0.01501	0.04858	0.01102	0.01478	0.01107	0.01373	0.01501	0.01569	0.12865	0.00600	0.00428	0.00137	0.00586	0.00439	0.00265	0.00657
10	0.01352	0.01063	0.01688	0.20183	0.37415	0.01062	0.01283	0.01641	0.01184	0.13742	0.01128	0.01356	0.00860	0.00493	0.00498	0.00148	0.00573	0.00449	0.00320	0.13560
11	0.14486	0.01261	0.01575	0.34612	0.23486	0.13110	0.01282	0.01550	0.01123	0.01582	0.00891	0.01207	0.00706	0.00502	0.00480	0.00160	0.00665	0.00415	0.00259	0.00648
12	0.36266	0.01183	0.01038	0.00895	0.01197	0.12954	0.02399	0.06729	0.01150	0.03696	0.01137	0.12032	0.01055	0.00656	0.00458	0.00152	0.02318	0.00489	0.00352	0.13844
13	0.14079	0.01199	0.01805	0.01412	0.01674	0.01380	0.22038	0.13244	0.01188	0.01836	0.00949	0.01344	0.00811	0.06300	0.01071	0.00211	0.28019	0.00497	0.00304	0.00638
14	0.00861	0.01039	0.13085	0.06653	0.01550	0.00792	0.16370	0.01109	0.01047	0.01406	0.02137	0.26525	0.10233	0.13693	0.00925	0.00237	0.00547	0.00909	0.00354	0.00529

[dist]
# distance from previous block
# <min> <max>
11	69

[block]
# block no. 7 follows, 47 sequences, length 19
# corresponding to MSA columns:
# 628-646
name=unknown_H
#
# <colnr> <probs for GDERKNQSTAVLIFYWHMCP>
#	G	D	E	R	K	N	Q	S	T	A	V	L	I	F	Y	W	H	M	C	P
0	0.00942	0.00804	0.01036	0.00841	0.01175	0.00654	0.05129	0.01160	0.01116	0.01598	0.02055	0.09166	0.13673	0.00795	0.00508	0.00134	0.00402	0.11354	0.00373	0.47086
1	0.01859	0.01036	0.01231	0.05688	0.01460	0.03407	0.00814	0.19141	0.03410	0.38843	0.02065	0.01938	0.09992	0.00692	0.00523	0.00157	0.00478	0.00556	0.00537	0.06173
2	0.01095	0.09037	0.34807	0.01166	0.01643	0.09213	0.01254	0.01460	0.01064	0.01463	0.01021	0.01303	0.00841	0.01369	0.21032	0.00321	0.00886	0.00406	0.00251	0.10366
3	0.45137	0.01236	0.01189	0.01027	0.01267	0.10341	0.04133	0.01602	0.05513	0.01894	0.00821	0.01023	0.00679	0.00612	0.00725	0.00177	0.21366	0.00366	0.00301	0.00592
4	0.23175	0.07175	0.40113	0.01167	0.01736	0.01260	0.01322	0.09041	0.01204	0.07894	0.00983	0.01083	0.00706	0.00513	0.00444	0.00159	0.00616	0.00370	0.00309	0.00730
5	0.01105	0.16570	0.65657	0.01381	0.02093	0.01358	0.01743	0.01633	0.01092	0.01575	0.00898	0.01053	0.00661	0.00486	0.00467	0.00156	0.00732	0.00366	0.00220	0.00752
6	0.00615	0.00528	0.00528	0.00528	0.00703	0.00440	0.00396	0.00747	0.01187	0.01407	0.05276	0.05012	0.78238	0.01319	0.00615	0.00176	0.00264	0.01099	0.00484	0.00440
7	0.00744	0.00558	0.00837	0.00837	0.00930	0.00651	0.00651	0.00930	0.00837	0.01209	0.01395	0.02046	0.01302	0.03906	0.79635	0.00837	0.01395	0.00558	0.00279	0.00465
8	0.01945	0.02482	0.01476	0.01342	0.01610	0.79608	0.01006	0.02079	0.01476	0.01275	0.00805	0.00939	0.00671	0.00537	0.00470	0.00134	0.00939	0.00335	0.00268	0.00604
9	0.01080	0.00926	0.01080	0.00771	0.01234	0.00694	0.00617	0.01311	0.01080	0.01697	0.00926	0.01080	0.00771	0.00386	0.00386	0.00077	0.00386	0.00309	0.00309	0.84882
10	0.00757	0.00505	0.00568	0.00568	0.00568	0.00505	0.00316	0.00757	0.00757	0.01010	0.01641	0.03408	0.01893	0.81698	0.02651	0.00505	0.00505	0.00757	0.00316	0.00316
11	0.01295	0.01119	0.01178	0.01060	0.01354	0.01295	0.00824	0.02767	0.77509	0.02178	0.02120	0.01943	0.01590	0.00707	0.00530	0.00177	0.00412	0.00589	0.00530	0.00824
12	0.01080	0.00926	0.01080	0.00771	0.01234	0.00694	0.00617	0.01311	0.01080	0.01697	0.00926	0.01080	0.00771	0.00386	0.00386	0.00077	0.00386	0.00309	0.00309	0.84882
13	0.00737	0.00532	0.00696	0.00655	0.00778	0.00491	0.00491	0.00983	0.01474	0.02088	0.78175	0.03890	0.04914	0.01065	0.00614	0.00164	0.00246	0.00942	0.00573	0.00491
14	0.00737	0.00532	0.00696	0.00655	0.00778	0.00491	0.00491	0.00983	0.01474	0.02088	0.78175	0.03890	0.04914	0.01065	0.00614	0.00164	0.00246	0.00942	0.00573	0.00491
15	0.01980	0.01459	0.01563	0.01198	0.01615	0.01615	0.00990	0.76713	0.02448	0.03282	0.01250	0.01250	0.00886	0.00625	0.00521	0.00156	0.00573	0.00469	0.00521	0.00886
16	0.01080	0.00926	0.01080	0.00771	0.01234	0.00694	0.00617	0.01311	0.01080	0.01697	0.00926	0.01080	0.00771	0.00386	0.00386	0.00077	0.00386	0.00309	0.00309	0.84882
17	0.01295	0.01119	0.01178	0.01060	0.01354	0.01295	0.00824	0.02767	0.77509	0.02178	0.02120	0.01943	0.01590	0.00707	0.00530	0.00177	0.00412	0.00589	0.00530	0.00824
18	0.01374	0.42300	0.11135	0.01017	0.01450	0.01643	0.00984	0.02010	0.25449	0.05968	0.01269	0.01272	0.00996	0.00546	0.00426	0.00141	0.00529	0.00404	0.00344	0.00742

[dist]
# distance from previous block
# <min> <max>
1	4

[block]
# block no. 8 follows, 47 sequences, length 22
# corresponding to MSA columns:
# 651-672
name=unknown_I
#
# <colnr> <probs for GDERKNQSTAVLIFYWHMCP>
#	G	D	E	R	K	N	Q	S	T	A	V	L	I	F	Y	W	H	M	C	P
0	0.01750	0.00984	0.01286	0.01004	0.01399	0.00919	0.05264	0.02295	0.20730	0.39040	0.01782	0.01653	0.01231	0.00595	0.00503	0.00149	0.00449	0.00502	0.00524	0.17940
1	0.01046	0.01017	0.01518	0.33001	0.02217	0.01351	0.01218	0.01254	0.00918	0.01293	0.01054	0.01470	0.05307	0.00779	0.01168	0.00203	0.43879	0.00497	0.00245	0.00565
2	0.00719	0.00604	0.00634	0.00613	0.00797	0.00557	0.00464	0.01039	0.11051	0.01598	0.14650	0.04466	0.58533	0.01206	0.00604	0.00174	0.00280	0.01012	0.00502	0.00496
3	0.01392	0.82012	0.02729	0.00891	0.01337	0.02061	0.00891	0.01559	0.01058	0.01225	0.00724	0.00835	0.00668	0.00446	0.00334	0.00111	0.00557	0.00278	0.00223	0.00668
4	0.01289	0.01237	0.02114	0.03196	0.78450	0.01237	0.01598	0.01598	0.01186	0.01701	0.00980	0.01289	0.00825	0.00464	0.00516	0.00155	0.00619	0.00464	0.00258	0.00825
5	0.00792	0.00584	0.00774	0.00868	0.01000	0.00566	0.00746	0.01009	0.01196	0.01527	0.03288	0.05692	0.18853	0.01413	0.00697	0.00226	0.00434	0.59383	0.00480	0.00471
6	0.00754	0.00517	0.00629	0.00629	0.00650	0.00538	0.00392	0.00796	0.00775	0.01055	0.01585	0.03099	0.01759	0.64053	0.20113	0.00580	0.00707	0.00712	0.00307	0.00349
7	0.00671	0.00515	0.00621	0.00672	0.00786	0.00465	0.00503	0.00822	0.01167	0.01497	0.13921	0.29081	0.33541	0.01401	0.00646	0.00195	0.00306	0.12248	0.00495	0.00447
8	0.01229	0.01405	0.03073	0.02195	0.02722	0.01317	0.76558	0.01668	0.01229	0.01668	0.01054	0.01405	0.00790	0.00439	0.00615	0.00176	0.00878	0.00615	0.00263	0.00702
9	0.01295	0.01119	0.01178	0.01060	0.01354	0.01295	0.00824	0.02767	0.77509	0.02178	0.02120	0.01943	0.01590	0.00707	0.00530	0.00177	0.00412	0.00589	0.00530	0.00824
10	0.01914	0.01245	0.01403	0.01075	0.01489	0.01289	0.00883	0.46847	0.05440	0.20160	0.01430	0.01378	0.00994	0.00602	0.00505	0.00148	0.00512	0.00466	0.00522	0.11696
11	0.01851	0.01390	0.01563	0.11400	0.01869	0.01556	0.01049	0.67009	0.02267	0.03031	0.01208	0.01268	0.00861	0.00612	0.00521	0.00159	0.00589	0.00468	0.00484	0.00846
12	0.85377	0.01007	0.00765	0.00685	0.01007	0.01168	0.00564	0.01531	0.00886	0.02336	0.00725	0.00846	0.00564	0.00483	0.00322	0.00161	0.00403	0.00282	0.00322	0.00564
13	0.00746	0.00551	0.00802	0.00802	0.00883	0.00632	0.00608	0.00908	0.00827	0.01183	0.01427	0.02221	0.01378	0.13920	0.69724	0.00794	0.01280	0.00584	0.00284	0.00446
14	0.00983	0.00926	0.01562	0.80447	0.03587	0.01157	0.01446	0.01331	0.01041	0.01331	0.00926	0.01388	0.00694	0.00521	0.00521	0.00174	0.00694	0.00463	0.00231	0.00579
15	0.01405	0.01013	0.01181	0.00866	0.01313	0.00864	0.00702	0.14583	0.01373	0.12319	0.01134	0.01202	0.00861	0.00462	0.00428	0.00102	0.00426	0.00365	0.00391	0.59011
16	0.00737	0.00532	0.00696	0.00655	0.00778	0.00491	0.00491	0.00983	0.01474	0.02088	0.78175	0.03890	0.04914	0.01065	0.00614	0.00164	0.00246	0.00942	0.00573	0.00491
17	0.01315	0.36828	0.36056	0.01191	0.01775	0.01630	0.01357	0.11274	0.01255	0.01676	0.00884	0.01005	0.00692	0.00490	0.00429	0.00141	0.00652	0.00350	0.00260	0.00741
18	0.01475	0.12050	0.01769	0.01333	0.01533	0.29787	0.05639	0.01684	0.04561	0.01324	0.00820	0.01080	0.00724	0.00678	0.00965	0.00174	0.33125	0.00405	0.00258	0.00614
19	0.01612	0.01506	0.01246	0.01079	0.01363	0.25344	0.00841	0.22803	0.17558	0.02135	0.01377	0.01444	0.01058	0.00716	0.03005	0.00169	0.00621	0.00459	0.14960	0.00703
20	0.01017	0.00911	0.00957	0.00912	0.01054	0.11341	0.00691	0.03718	0.10835	0.01384	0.01434	0.02024	0.01313	0.12401	0.46939	0.00596	0.01073	0.00553	0.00322	0.00525
21	0.01208	0.00883	0.01110	0.00975	0.01181	0.01001	0.00781	0.26168	0.01389	0.03937	0.01344	0.01748	0.01146	0.02644	0.49032	0.00576	0.03370	0.00525	0.00368	0.00619

[dist]
# distance from previous block
# <min> <max>
4	84

[block]
# block no. 9 follows, 47 sequences, length 6
# corresponding to MSA columns:
# 766-771
name=unknown_J
#
# <colnr> <probs for GDERKNQSTAVLIFYWHMCP>
#	G	D	E	R	K	N	Q	S	T	A	V	L	I	F	Y	W	H	M	C	P
0	0.15856	0.54021	0.02168	0.00908	0.01278	0.01781	0.00851	0.01504	0.00998	0.01444	0.00729	0.00887	0.00657	0.00506	0.00504	0.00133	0.10377	0.00302	0.00245	0.04850
1	0.40161	0.10914	0.01211	0.04963	0.01301	0.01129	0.00724	0.01894	0.01137	0.30225	0.01224	0.01213	0.00850	0.00540	0.00408	0.00156	0.00452	0.00380	0.00424	0.00696
2	0.01320	0.52717	0.22988	0.01139	0.01666	0.05756	0.05036	0.01615	0.01099	0.01363	0.00801	0.00940	0.00672	0.00463	0.00398	0.00130	0.00649	0.00327	0.00226	0.00694
3	0.00922	0.00704	0.00904	0.00803	0.01005	0.00661	0.02929	0.06221	0.01079	0.01562	0.01696	0.23234	0.01757	0.09694	0.15686	0.00312	0.00584	0.00751	0.06715	0.22780
4	0.07672	0.07589	0.31413	0.01219	0.01672	0.22500	0.01255	0.03856	0.01195	0.01595	0.00955	0.01147	0.00754	0.00761	0.05945	0.00198	0.03198	0.00380	0.06036	0.00659
5	0.07858	0.01120	0.01554	0.38951	0.11934	0.01282	0.01239	0.22895	0.01466	0.05218	0.01056	0.01311	0.00779	0.00546	0.00505	0.00165	0.00618	0.00453	0.00341	0.00708

[dist]
# distance from previous block
# <min> <max>
1	5

[block]
# block no. 10 follows, 47 sequences, length 42
# corresponding to MSA columns:
# 777-818
name=unknown_K
#
# <colnr> <probs for GDERKNQSTAVLIFYWHMCP>
#	G	D	E	R	K	N	Q	S	T	A	V	L	I	F	Y	W	H	M	C	P
0	0.22853	0.01419	0.17063	0.01048	0.01451	0.01228	0.00986	0.14051	0.23499	0.03623	0.01428	0.06757	0.01143	0.00654	0.00477	0.00169	0.00502	0.00508	0.00411	0.00730
1	0.00840	0.06080	0.00753	0.00608	0.00813	0.00581	0.00474	0.00981	0.01202	0.08961	0.06278	0.09621	0.58540	0.01209	0.00591	0.00172	0.00303	0.01010	0.00484	0.00499
2	0.01629	0.01676	0.01485	0.04860	0.11405	0.29780	0.01043	0.14404	0.24612	0.01934	0.01303	0.01358	0.01005	0.00593	0.00504	0.00155	0.00668	0.00456	0.00386	0.00744
3	0.01657	0.06981	0.01470	0.01149	0.01490	0.16713	0.00920	0.27253	0.32439	0.02306	0.01478	0.01441	0.01113	0.00629	0.00502	0.00157	0.00578	0.00478	0.00455	0.00791
4	0.02053	0.01772	0.01435	0.01194	0.01541	0.36199	0.00941	0.24885	0.01775	0.21255	0.01253	0.01242	0.00891	0.00591	0.00499	0.00148	0.00704	0.00423	0.00439	0.00760
5	0.00778	0.00549	0.00641	0.00615	0.00777	0.00480	0.00462	0.00954	0.01301	0.06900	0.31831	0.09614	0.40797	0.01201	0.00612	0.00173	0.00272	0.01028	0.00528	0.00488
6	0.01158	0.01380	0.09794	0.01727	0.02086	0.01336	0.38102	0.01576	0.06241	0.01555	0.01035	0.01382	0.00837	0.00831	0.06319	0.00234	0.22932	0.00543	0.00268	0.00664
7	0.00634	0.00453	0.00604	0.00725	0.00755	0.00423	0.00483	0.00725	0.00997	0.01329	0.02870	0.81358	0.03444	0.01632	0.00665	0.00211	0.00302	0.01480	0.00483	0.00423
8	0.02180	0.01137	0.01363	0.01045	0.01454	0.01137	0.00864	0.34976	0.01909	0.45781	0.01703	0.01544	0.01113	0.00636	0.00522	0.00159	0.00500	0.00500	0.00591	0.00886
9	0.04589	0.00508	0.00497	0.00494	0.00624	0.00515	0.00373	0.01227	0.01083	0.01958	0.01657	0.01895	0.01302	0.00601	0.00362	0.00123	0.00250	0.00477	0.80977	0.00489
10	0.01290	0.00651	0.00851	0.00744	0.00959	0.00579	0.00574	0.01486	0.01384	0.29446	0.34182	0.10442	0.10532	0.03675	0.00654	0.00180	0.00332	0.00851	0.00573	0.00616
11	0.00898	0.00589	0.00742	0.00690	0.00849	0.00546	0.00522	0.01174	0.05104	0.09445	0.52855	0.09041	0.13378	0.01077	0.00605	0.00169	0.00279	0.00940	0.00561	0.00535
12	0.01229	0.01405	0.03073	0.02195	0.02722	0.01317	0.76558	0.01668	0.01229	0.01668	0.01054	0.01405	0.00790	0.00439	0.00615	0.00176	0.00878	0.00615	0.00263	0.00702
13	0.01003	0.00944	0.01609	0.65411	0.10364	0.01135	0.03678	0.01338	0.01046	0.01367	0.00967	0.01425	0.00751	0.00745	0.05949	0.00217	0.00741	0.00474	0.00238	0.00597
14	0.00673	0.00530	0.00599	0.00606	0.00747	0.00469	0.00456	0.00828	0.01212	0.01536	0.20224	0.08078	0.47086	0.06802	0.00767	0.00203	0.00298	0.07950	0.00491	0.00445
15	0.00905	0.00452	0.00678	0.00678	0.00678	0.00452	0.00452	0.00678	0.00678	0.00905	0.00905	0.01583	0.00905	0.01809	0.02035	0.84848	0.00452	0.00452	0.00226	0.00226
16	0.00783	0.00675	0.00889	0.00881	0.00930	0.00780	0.00665	0.00889	0.00973	0.01321	0.02671	0.42499	0.16951	0.01354	0.00971	0.00210	0.24583	0.01098	0.00406	0.00470
17	0.00778	0.00672	0.00728	0.00810	0.00861	0.07862	0.00560	0.00874	0.01033	0.01321	0.02584	0.70415	0.03067	0.01498	0.00691	0.00205	0.03810	0.01330	0.00452	0.00446
18	0.00632	0.00498	0.00571	0.00623	0.00735	0.00438	0.00444	0.00753	0.01118	0.01400	0.06677	0.36830	0.43092	0.01443	0.00638	0.00192	0.00283	0.02712	0.00486	0.00435
19	0.02014	0.01403	0.01528	0.01172	0.01587	0.01532	0.00968	0.69473	0.02355	0.10654	0.01329	0.01301	0.00925	0.00627	0.00521	0.00157	0.00560	0.00474	0.00533	0.00886
20	0.01752	0.02077	0.01387	0.01258	0.01534	0.56357	0.00952	0.02284	0.24049	0.01543	0.01195	0.01237	0.00944	0.00587	0.00487	0.00147	0.00783	0.00411	0.00346	0.00669
21	0.00653	0.00529	0.00580	0.00567	0.00727	0.00456	0.00425	0.00820	0.01276	0.01619	0.27925	0.04663	0.55457	0.01240	0.00615	0.00172	0.00258	0.01050	0.00511	0.00456
22	0.00971	0.00485	0.00485	0.00485	0.00607	0.00485	0.00364	0.01213	0.01092	0.01942	0.01699	0.01942	0.01335	0.00607	0.00364	0.00121	0.00243	0.00485	0.84589	0.00485
23	0.01139	0.01139	0.01595	0.01367	0.01367	0.01595	0.01139	0.01253	0.00798	0.01253	0.00684	0.01139	0.00684	0.00911	0.01709	0.00228	0.80745	0.00456	0.00228	0.00570
24	0.85377	0.01007	0.00765	0.00685	0.01007	0.01168	0.00564	0.01531	0.00886	0.02336	0.00725	0.00846	0.00564	0.00483	0.00322	0.00161	0.00403	0.00282	0.00322	0.00564
25	0.00634	0.00453	0.00604	0.00725	0.00755	0.00423	0.00483	0.00725	0.00997	0.01329	0.02870	0.81358	0.03444	0.01632	0.00665	0.00211	0.00302	0.01480	0.00483	0.00423
26	0.00634	0.00453	0.00604	0.00725	0.00755	0.00423	0.00483	0.00725	0.00997	0.01329	0.02870	0.81358	0.03444	0.01632	0.00665	0.00211	0.00302	0.01480	0.00483	0.00423
27	0.33441	0.00932	0.01043	0.00836	0.01209	0.00916	0.00690	0.02161	0.01264	0.50166	0.01557	0.01425	0.01017	0.00584	0.00448	0.00161	0.00428	0.00433	0.00524	0.00766
28	0.85377	0.01007	0.00765	0.00685	0.01007	0.01168	0.00564	0.01531	0.00886	0.02336	0.00725	0.00846	0.00564	0.00483	0.00322	0.00161	0.00403	0.00282	0.00322	0.00564
29	0.00634	0.00453	0.00604	0.00725	0.00755	0.00423	0.00483	0.00725	0.00997	0.01329	0.02870	0.81358	0.03444	0.01632	0.00665	0.00211	0.00302	0.01480	0.00483	0.00423
30	0.02336	0.00886	0.01209	0.00927	0.01329	0.00765	0.00765	0.02538	0.01491	0.78810	0.02055	0.01773	0.01289	0.00645	0.00524	0.00161	0.00443	0.00524	0.00645	0.00886
31	0.00677	0.00475	0.00612	0.00704	0.00734	0.00454	0.00469	0.00757	0.00955	0.01271	0.02576	0.57992	0.03052	0.20301	0.01132	0.00282	0.00362	0.06350	0.00444	0.00402
32	0.10154	0.00898	0.01167	0.00904	0.01299	0.00803	0.00746	0.02443	0.01434	0.71611	0.01929	0.01685	0.01221	0.00629	0.00505	0.00161	0.00439	0.00501	0.00614	0.00856
33	0.01139	0.01139	0.01595	0.01367	0.01367	0.01595	0.01139	0.01253	0.00798	0.01253	0.00684	0.01139	0.00684	0.00911	0.01709	0.00228	0.80745	0.00456	0.00228	0.00570
34	0.00633	0.00458	0.00599	0.00712	0.00752	0.00424	0.00477	0.00727	0.01010	0.01335	0.03033	0.76184	0.08514	0.01610	0.00661	0.00209	0.00300	0.01455	0.00483	0.00424
35	0.00631	0.00465	0.00592	0.00693	0.00747	0.00426	0.00469	0.00729	0.01028	0.01342	0.03260	0.68998	0.15554	0.01581	0.00657	0.00206	0.00296	0.01419	0.00483	0.00426
36	0.00706	0.00489	0.00578	0.00619	0.00641	0.00473	0.00378	0.00746	0.00868	0.01145	0.02305	0.30001	0.07595	0.49047	0.01838	0.00383	0.00420	0.01026	0.00384	0.00360
37	0.00692	0.00531	0.00634	0.00608	0.00750	0.00472	0.00456	0.00896	0.01368	0.01836	0.51236	0.04305	0.32010	0.01159	0.00615	0.00168	0.00252	0.01000	0.00540	0.00472
38	0.00752	0.00478	0.00586	0.00655	0.00718	0.00459	0.00456	0.00897	0.01049	0.01539	0.07561	0.45233	0.02834	0.06792	0.00717	0.00205	0.00304	0.04616	0.23709	0.00440
39	0.01614	0.01277	0.01357	0.01124	0.01475	0.01444	0.00901	0.37158	0.42599	0.02692	0.01715	0.01621	0.01262	0.00669	0.00526	0.00167	0.00487	0.00533	0.00526	0.00853
40	0.01600	0.01270	0.01349	0.01121	0.01470	0.01438	0.00898	0.35709	0.44070	0.02670	0.01732	0.01634	0.01276	0.00670	0.00526	0.00168	0.00484	0.00535	0.00526	0.00852
41	0.01269	0.06675	0.01692	0.09964	0.17086	0.06730	0.01176	0.03892	0.11159	0.01548	0.00994	0.01269	0.00840	0.00672	0.00936	0.00180	0.29964	0.00452	0.00288	0.03215

[dist]
# distance from previous block
# <min> <max>
0	2

[block]
# block no. 11 follows, 47 sequences, length 6
# corresponding to MSA columns:
# 821-826
name=unknown_L
#
# <colnr> <probs for GDERKNQSTAVLIFYWHMCP>
#	G	D	E	R	K	N	Q	S	T	A	V	L	I	F	Y	W	H	M	C	P
0	0.01072	0.01306	0.17826	0.00925	0.01453	0.00805	0.00898	0.01384	0.01084	0.01687	0.00928	0.01084	0.00747	0.00409	0.00409	0.00096	0.00468	0.00325	0.00289	0.66805
1	0.01031	0.01012	0.09098	0.01028	0.01252	0.00965	0.00899	0.01637	0.23331	0.03833	0.07855	0.06786	0.01943	0.01448	0.14072	0.00304	0.09011	0.13447	0.00419	0.00626
2	0.01423	0.66665	0.09262	0.00975	0.01446	0.01940	0.00992	0.09428	0.01207	0.01477	0.00797	0.00902	0.00690	0.00469	0.00368	0.00121	0.00577	0.00308	0.00254	0.00700
3	0.00847	0.00452	0.00662	0.00688	0.00695	0.00446	0.00459	0.00688	0.00747	0.00996	0.01327	0.18728	0.01450	0.01771	0.01741	0.66659	0.00420	0.00673	0.00281	0.00268
4	0.01520	0.01073	0.01124	0.00974	0.01235	0.09156	0.00762	0.22710	0.04747	0.16683	0.11927	0.19082	0.02128	0.00927	0.00567	0.00172	0.00475	0.03536	0.00516	0.00687
5	0.04303	0.09644	0.07172	0.09307	0.34069	0.18138	0.01314	0.04246	0.01259	0.01614	0.03574	0.01238	0.00887	0.00512	0.00483	0.00149	0.00677	0.00423	0.00274	0.00717

[dist]
# distance from previous block
# <min> <max>
1	72

[block]
# block no. 12 follows, 47 sequences, length 33
# corresponding to MSA columns:
# 910-942
name=unknown_M
#
# <colnr> <probs for GDERKNQSTAVLIFYWHMCP>
#	G	D	E	R	K	N	Q	S	T	A	V	L	I	F	Y	W	H	M	C	P
0	0.01211	0.00896	0.01007	0.00888	0.01094	0.00951	0.00672	0.28983	0.07433	0.02174	0.11973	0.22268	0.04993	0.11979	0.00863	0.00221	0.00429	0.00856	0.00490	0.00620
1	0.00764	0.00662	0.00948	0.05222	0.07004	0.00620	0.06961	0.00935	0.01127	0.01442	0.08633	0.17338	0.35863	0.09152	0.00813	0.00212	0.00395	0.00997	0.00424	0.00487
2	0.03852	0.01321	0.10512	0.16416	0.10718	0.01261	0.01202	0.21232	0.08626	0.11640	0.01303	0.01507	0.00973	0.00614	0.00574	0.00169	0.04348	0.02568	0.00397	0.00766
3	0.01225	0.33481	0.09017	0.05039	0.01622	0.01637	0.06096	0.01446	0.00990	0.01343	0.00777	0.01040	0.00690	0.00598	0.00821	0.00158	0.26309	0.00378	0.00234	0.07098
4	0.00744	0.00558	0.00837	0.00837	0.00930	0.00651	0.00651	0.00930	0.00837	0.01209	0.01395	0.02046	0.01302	0.03906	0.79635	0.00837	0.01395	0.00558	0.00279	0.00465
5	0.01879	0.01234	0.12723	0.01044	0.01466	0.00983	0.00955	0.18639	0.01606	0.42016	0.04475	0.07732	0.01400	0.00709	0.00533	0.00165	0.00502	0.00579	0.00540	0.00819
6	0.21516	0.00897	0.00968	0.00865	0.01126	0.00950	0.00673	0.11416	0.12443	0.16974	0.01879	0.24661	0.01734	0.00900	0.00517	0.00177	0.00405	0.00747	0.00488	0.00665
7	0.00907	0.00672	0.00796	0.00734	0.00766	0.00751	0.00489	0.06652	0.00893	0.01220	0.01469	0.02907	0.01637	0.63541	0.02348	0.00437	0.12373	0.00691	0.00318	0.00397
8	0.02111	0.00882	0.01166	0.00919	0.01290	0.00797	0.00750	0.02441	0.09035	0.65323	0.07895	0.01952	0.01597	0.00683	0.00531	0.00163	0.00425	0.00562	0.00628	0.00850
9	0.03082	0.08144	0.46208	0.01683	0.14618	0.14302	0.01613	0.01703	0.01169	0.01580	0.00901	0.01079	0.00687	0.00493	0.00479	0.00154	0.00750	0.00380	0.00237	0.00739
10	0.00673	0.00530	0.00593	0.00583	0.00734	0.00468	0.00438	0.00841	0.01244	0.01604	0.25885	0.04472	0.48886	0.03382	0.03466	0.00204	0.00308	0.02370	0.02868	0.00454
11	0.00745	0.00554	0.00819	0.00819	0.00906	0.00641	0.00629	0.00918	0.00832	0.01196	0.01411	0.02136	0.01341	0.09074	0.74520	0.00815	0.01336	0.00571	0.00281	0.00455
12	0.01164	0.00718	0.00869	0.00819	0.01020	0.00713	0.00619	0.01602	0.18303	0.18683	0.02823	0.27951	0.14836	0.01304	0.05842	0.00228	0.00424	0.00944	0.00516	0.00621
13	0.01945	0.02482	0.01476	0.01342	0.01610	0.79608	0.01006	0.02079	0.01476	0.01275	0.00805	0.00939	0.00671	0.00537	0.00470	0.00134	0.00939	0.00335	0.00268	0.00604
14	0.01228	0.01019	0.01104	0.00984	0.01251	0.01148	0.00766	0.08052	0.55463	0.02244	0.18350	0.02307	0.02248	0.00777	0.00547	0.00172	0.00389	0.00655	0.00539	0.00758
15	0.00757	0.00505	0.00568	0.00568	0.00568	0.00505	0.00316	0.00757	0.00757	0.01010	0.01641	0.03408	0.01893	0.81698	0.02651	0.00505	0.00505	0.00757	0.00316	0.00316
16	0.00746	0.00550	0.00797	0.00797	0.00876	0.00629	0.00601	0.00904	0.00825	0.01179	0.01431	0.02247	0.01389	0.15407	0.68253	0.00788	0.01263	0.00587	0.00284	0.00443
17	0.00925	0.00490	0.00503	0.00503	0.00598	0.00490	0.00354	0.01116	0.01020	0.01742	0.01686	0.02256	0.01454	0.17983	0.00854	0.00204	0.00299	0.00544	0.66531	0.00449
18	0.00634	0.00453	0.00604	0.00725	0.00755	0.00423	0.00483	0.00725	0.00997	0.01329	0.02870	0.81358	0.03444	0.01632	0.00665	0.00211	0.00302	0.01480	0.00483	0.00423
19	0.02336	0.00886	0.01209	0.00927	0.01329	0.00765	0.00765	0.02538	0.01491	0.78810	0.02055	0.01773	0.01289	0.00645	0.00524	0.00161	0.00443	0.00524	0.00645	0.00886
20	0.00655	0.00534	0.00582	0.00584	0.00746	0.00461	0.00447	0.00816	0.01241	0.01544	0.18513	0.04871	0.58963	0.01281	0.00623	0.00179	0.00277	0.06730	0.00500	0.00452
