[name]
unknown

[dist]
# distance from previous block
# <min> <max>
0	13

[block]
# block no. 0 follows, 44 sequences, length 10
# corresponding to MSA columns:
# 13-22
name=unknown_A
#
# <colnr> <probs for GDERKNQSTAVLIFYWHMCP>
#	G	D	E	R	K	N	Q	S	T	A	V	L	I	F	Y	W	H	M	C	P
0	0.00879	0.00628	0.00879	0.01004	0.01130	0.00628	0.00879	0.01130	0.01255	0.01632	0.02887	0.06150	0.03138	0.01506	0.00753	0.00251	0.00502	0.73770	0.00502	0.00502
1	0.19399	0.01133	0.01226	0.00999	0.01368	0.01206	0.00812	0.21701	0.15024	0.23972	0.06401	0.01678	0.01374	0.00673	0.00510	0.00170	0.00472	0.00520	0.00543	0.00819
2	0.01030	0.00969	0.01635	0.79530	0.03755	0.01211	0.01514	0.01393	0.01090	0.01393	0.00969	0.01453	0.00727	0.00545	0.00545	0.00182	0.00727	0.00484	0.00242	0.00606
3	0.00671	0.00548	0.00560	0.00560	0.00711	0.00473	0.00399	0.00784	0.01162	0.01398	0.04839	0.04945	0.63706	0.15652	0.01027	0.00246	0.00321	0.01086	0.00475	0.00437
4	0.01554	0.01658	0.01865	0.05361	0.11925	0.23350	0.15235	0.05620	0.24002	0.01856	0.01358	0.01477	0.01048	0.00589	0.00551	0.00168	0.00731	0.00517	0.00371	0.00764
5	0.00947	0.00473	0.00710	0.00710	0.00710	0.00473	0.00473	0.00710	0.00710	0.00947	0.00947	0.01657	0.00947	0.01894	0.02131	0.84138	0.00473	0.00473	0.00237	0.00237
6	0.01075	0.01005	0.01640	0.68760	0.08180	0.01228	0.01474	0.01526	0.06875	0.01485	0.01068	0.01491	0.00807	0.00556	0.00545	0.00181	0.00699	0.00495	0.00268	0.00641
7	0.19347	0.00750	0.00824	0.00809	0.00978	0.00802	0.00602	0.05256	0.07224	0.04104	0.08790	0.31260	0.02400	0.05154	0.08988	0.00282	0.00495	0.00923	0.00458	0.00556
8	0.04030	0.01268	0.01510	0.16714	0.10791	0.09602	0.01119	0.11812	0.04278	0.01779	0.01289	0.01625	0.04995	0.05124	0.00897	0.00196	0.16238	0.00512	0.00331	0.05890
9	0.06240	0.04548	0.19724	0.01621	0.15791	0.01385	0.01309	0.28424	0.01685	0.08899	0.01216	0.01376	0.00911	0.03746	0.00608	0.00179	0.00632	0.00468	0.00400	0.00836

[dist]
# distance from previous block
# <min> <max>
0	1

[block]
# block no. 1 follows, 44 sequences, length 23
# corresponding to MSA columns:
# 24,25,57-77
name=unknown_B
#
# <colnr> <probs for GDERKNQSTAVLIFYWHMCP>
#	G	D	E	R	K	N	Q	S	T	A	V	L	I	F	Y	W	H	M	C	P
0	0.01232	0.00971	0.01083	0.00912	0.01223	0.02201	0.00701	0.09924	0.18297	0.04871	0.06359	0.14174	0.02935	0.04974	0.00648	0.00170	0.00426	0.00686	0.00461	0.27751
1	0.01298	0.06191	0.04666	0.08823	0.38350	0.01378	0.25669	0.01663	0.01222	0.01694	0.01020	0.01358	0.00822	0.00495	0.00598	0.00170	0.03013	0.00523	0.00265	0.00782
2	0.03853	0.02003	0.21808	0.08061	0.19430	0.21580	0.01455	0.05650	0.06589	0.02944	0.01068	0.01250	0.00824	0.00549	0.00518	0.00163	0.00757	0.00433	0.00302	0.00764
3	0.00683	0.00499	0.00610	0.00690	0.00746	0.00461	0.00457	0.00770	0.01039	0.01349	0.03270	0.52375	0.17662	0.15484	0.01049	0.00268	0.00346	0.01340	0.00475	0.00427
4	0.00975	0.00719	0.00876	0.05541	0.01098	0.00744	0.00631	0.13320	0.01358	0.01836	0.14724	0.21668	0.11005	0.12725	0.07145	0.00290	0.00493	0.00951	0.03364	0.00537
5	0.01787	0.10564	0.01937	0.01397	0.01793	0.22773	0.13122	0.24794	0.08998	0.04381	0.01206	0.01321	0.00925	0.01900	0.00562	0.00164	0.00734	0.00474	0.00395	0.00774
6	0.01187	0.01052	0.01214	0.15088	0.08138	0.07197	0.00921	0.07113	0.17298	0.01767	0.02041	0.05350	0.10107	0.10090	0.03027	0.00236	0.00570	0.02350	0.04611	0.00643
7	0.00892	0.00597	0.00713	0.00703	0.00820	0.00598	0.00512	0.06397	0.01144	0.01596	0.04921	0.14602	0.17964	0.07988	0.12565	0.10980	0.00523	0.00845	0.15173	0.00467
8	0.01044	0.00938	0.01586	0.66607	0.03361	0.01130	0.04199	0.01380	0.01107	0.03597	0.01208	0.09233	0.01031	0.00660	0.00564	0.00185	0.00686	0.00597	0.00282	0.00604
9	0.05338	0.00701	0.00737	0.00742	0.00847	0.05238	0.00506	0.01085	0.01056	0.08730	0.02506	0.31644	0.09764	0.27093	0.01319	0.00305	0.00441	0.01031	0.00443	0.00474
10	0.01094	0.01042	0.01784	0.63746	0.16841	0.01231	0.03675	0.01453	0.01123	0.01472	0.00983	0.01435	0.00754	0.00532	0.00547	0.00178	0.00718	0.00489	0.00248	0.00655
11	0.00909	0.00493	0.00694	0.00699	0.00734	0.00497	0.00483	0.00804	0.00817	0.01144	0.01428	0.04747	0.05548	0.01954	0.09889	0.58470	0.00537	0.00566	0.09272	0.00313
12	0.01764	0.07811	0.02042	0.06134	0.02003	0.01637	0.15505	0.47195	0.02024	0.02707	0.01175	0.01308	0.00867	0.00610	0.00611	0.00169	0.04663	0.00503	0.00435	0.00836
13	0.00779	0.00584	0.00876	0.00876	0.00974	0.00681	0.00681	0.00974	0.00876	0.01266	0.01460	0.02142	0.01363	0.04089	0.78680	0.00876	0.01460	0.00584	0.00292	0.00487
14	0.14981	0.00869	0.01011	0.00940	0.01205	0.00891	0.00785	0.07712	0.07373	0.17878	0.05181	0.03540	0.06602	0.01017	0.00599	0.00201	0.00460	0.27565	0.00523	0.00667
15	0.01258	0.01203	0.01989	0.02855	0.60607	0.02863	0.04282	0.01551	0.01224	0.01715	0.01340	0.11789	0.01286	0.00677	0.00570	0.00173	0.00618	0.02904	0.00308	0.00788
16	0.01069	0.01010	0.01641	0.01349	0.01540	0.01125	0.19063	0.05682	0.01186	0.01649	0.08161	0.21136	0.06765	0.01040	0.00997	0.00207	0.24537	0.00867	0.00379	0.00597
17	0.01002	0.00501	0.00550	0.00550	0.00651	0.00501	0.00400	0.01153	0.01053	0.01806	0.01605	0.01954	0.01303	0.00898	0.00746	0.17664	0.00300	0.00501	0.66410	0.00451
18	0.00799	0.00512	0.00637	0.00645	0.00704	0.00482	0.00431	0.00771	0.00946	0.01221	0.07093	0.09732	0.21626	0.19516	0.01678	0.31231	0.00408	0.00843	0.00373	0.00350
19	0.01117	0.01096	0.01766	0.42842	0.02774	0.01397	0.07273	0.01422	0.02545	0.01409	0.00911	0.01370	0.00750	0.00694	0.01014	0.00203	0.30052	0.00497	0.00250	0.00618
20	0.01855	0.01411	0.01636	0.17594	0.02122	0.01591	0.01136	0.60127	0.02256	0.03009	0.01238	0.01339	0.00885	0.00632	0.00545	0.00167	0.00626	0.00490	0.00482	0.00860
21	0.00664	0.00474	0.00633	0.00759	0.00791	0.00443	0.00506	0.00759	0.01044	0.01392	0.03005	0.80485	0.03606	0.01708	0.00696	0.00221	0.00316	0.01550	0.00506	0.00443
22	0.01185	0.00998	0.01075	0.00995	0.01250	0.01118	0.00772	0.02330	0.54758	0.02081	0.07059	0.02875	0.09310	0.05060	0.00700	0.00207	0.00417	0.06528	0.00537	0.00747

[dist]
# distance from previous block
# <min> <max>
0	6

[block]
# block no. 2 follows, 44 sequences, length 92
# corresponding to MSA columns:
# 84-101,104-177
name=unknown_C
#
# <colnr> <probs for GDERKNQSTAVLIFYWHMCP>
#	G	D	E	R	K	N	Q	S	T	A	V	L	I	F	Y	W	H	M	C	P
0	0.04938	0.01378	0.01988	0.01501	0.01948	0.01438	0.23647	0.32041	0.13001	0.10264	0.01446	0.01505	0.01036	0.00604	0.00569	0.00174	0.00651	0.00554	0.00470	0.00846
1	0.01998	0.03995	0.05908	0.01271	0.01719	0.06605	0.01089	0.64656	0.02377	0.03144	0.01245	0.01267	0.00893	0.00635	0.00535	0.00161	0.00635	0.00471	0.00502	0.00895
2	0.00781	0.00576	0.00834	0.00834	0.00917	0.00659	0.00629	0.00947	0.00864	0.01235	0.01499	0.02354	0.01455	0.15505	0.67389	0.00824	0.01322	0.00615	0.00298	0.00463
3	0.04700	0.12853	0.01467	0.00946	0.01361	0.01005	0.00804	0.02410	0.01473	0.61269	0.04783	0.01766	0.01376	0.00656	0.00516	0.00161	0.00472	0.00519	0.00596	0.00868
4	0.01882	0.01414	0.01514	0.01193	0.01593	0.01566	0.00975	0.60391	0.13130	0.03166	0.03855	0.01629	0.03729	0.00705	0.00553	0.00168	0.00554	0.00546	0.00547	0.00890
5	0.01458	0.81168	0.02857	0.00933	0.01399	0.02157	0.00933	0.01632	0.01108	0.01283	0.00758	0.00875	0.00700	0.00466	0.00350	0.00117	0.00583	0.00292	0.00233	0.00700
6	0.00854	0.00648	0.00797	0.00744	0.00901	0.00638	0.00562	0.01297	0.12674	0.02173	0.63255	0.03814	0.07395	0.01069	0.00630	0.00174	0.00284	0.00937	0.00590	0.00564
7	0.03674	0.00523	0.00529	0.00537	0.00663	0.00525	0.00399	0.01235	0.01127	0.01988	0.01856	0.09039	0.01570	0.00727	0.00408	0.00137	0.00265	0.00595	0.73698	0.00505
8	0.00764	0.00546	0.00747	0.00873	0.00949	0.00529	0.00680	0.00932	0.01142	0.01503	0.02950	0.45836	0.03388	0.01614	0.00722	0.00235	0.00403	0.35212	0.00504	0.00470
9	0.01200	0.02150	0.46796	0.01373	0.01977	0.01303	0.01546	0.02202	0.31769	0.01952	0.01483	0.01510	0.01086	0.00608	0.00533	0.00178	0.00654	0.00490	0.00362	0.00829
10	0.01130	0.00969	0.01130	0.00807	0.01292	0.00727	0.00646	0.01373	0.01130	0.01776	0.00969	0.01130	0.00807	0.00404	0.00404	0.00081	0.00404	0.00323	0.00323	0.84173
11	0.00684	0.00564	0.00608	0.00625	0.00798	0.00487	0.00487	0.00844	0.01257	0.01526	0.08121	0.05332	0.63191	0.01388	0.00660	0.00194	0.00309	0.11945	0.00510	0.00469
12	0.00788	0.00533	0.00610	0.00610	0.00622	0.00536	0.00354	0.00803	0.00811	0.01082	0.01816	0.03533	0.04200	0.73869	0.07250	0.00539	0.00577	0.00791	0.00333	0.00344
13	0.00947	0.00473	0.00710	0.00710	0.00710	0.00473	0.00473	0.00710	0.00710	0.00947	0.00947	0.01657	0.00947	0.01894	0.02131	0.84138	0.00473	0.00473	0.00237	0.00237
14	0.00770	0.00535	0.00603	0.00598	0.00638	0.00518	0.00361	0.00816	0.00935	0.01234	0.10260	0.03853	0.12702	0.61400	0.02254	0.00443	0.00465	0.00863	0.00383	0.00368
15	0.00772	0.00557	0.00729	0.00686	0.00814	0.00514	0.00514	0.01029	0.01543	0.02186	0.77152	0.04072	0.05144	0.01115	0.00643	0.00171	0.00257	0.00986	0.00600	0.00514
16	0.01458	0.81168	0.02857	0.00933	0.01399	0.02157	0.00933	0.01632	0.01108	0.01283	0.00758	0.00875	0.00700	0.00466	0.00350	0.00117	0.00583	0.00292	0.00233	0.00700
17	0.02037	0.02598	0.01545	0.01404	0.01685	0.78652	0.01053	0.02177	0.01545	0.01334	0.00843	0.00983	0.00702	0.00562	0.00492	0.00140	0.00983	0.00351	0.00281	0.00632
18	0.00784	0.00565	0.00780	0.00780	0.00844	0.00629	0.00561	0.00912	0.00848	0.01194	0.01549	0.02631	0.01575	0.30424	0.52635	0.00757	0.01141	0.00656	0.00305	0.00433
19	0.01421	0.01157	0.01235	0.01101	0.01416	0.01323	0.00859	0.02883	0.71976	0.06798	0.02215	0.02023	0.01645	0.00736	0.00554	0.00184	0.00433	0.00612	0.00562	0.00867
20	0.01230	0.01254	0.01664	0.01430	0.01442	0.05045	0.01187	0.01350	0.00866	0.01313	0.00721	0.01184	0.00715	0.00937	0.01732	0.00234	0.76385	0.00472	0.00240	0.00598
21	0.00814	0.00493	0.00588	0.00653	0.00729	0.00474	0.00456	0.00983	0.01114	0.01700	0.06940	0.44017	0.02800	0.01236	0.00565	0.00180	0.00287	0.01093	0.34405	0.00474
22	0.00664	0.00474	0.00633	0.00759	0.00791	0.00443	0.00506	0.00759	0.01044	0.01392	0.03005	0.80485	0.03606	0.01708	0.00696	0.00221	0.00316	0.01550	0.00506	0.00443
23	0.84691	0.01054	0.00801	0.00717	0.01054	0.01223	0.00590	0.01603	0.00928	0.02446	0.00759	0.00886	0.00590	0.00506	0.00337	0.00169	0.00422	0.00295	0.00337	0.00590
24	0.01130	0.00969	0.01130	0.00807	0.01292	0.00727	0.00646	0.01373	0.01130	0.01776	0.00969	0.01130	0.00807	0.00404	0.00404	0.00081	0.00404	0.00323	0.00323	0.84173
25	0.00793	0.00529	0.00595	0.00595	0.00595	0.00529	0.00330	0.00793	0.00793	0.01057	0.01718	0.03568	0.01982	0.80840	0.02775	0.00529	0.00529	0.00793	0.00330	0.00330
26	0.00793	0.00529	0.00595	0.00595	0.00595	0.00529	0.00330	0.00793	0.00793	0.01057	0.01718	0.03568	0.01982	0.80840	0.02775	0.00529	0.00529	0.00793	0.00330	0.00330
27	0.00754	0.00552	0.00708	0.00679	0.00806	0.00505	0.00505	0.00991	0.01486	0.02075	0.66336	0.09062	0.11154	0.01175	0.00646	0.00176	0.00263	0.01036	0.00586	0.00505
28	0.00757	0.00540	0.00649	0.00640	0.00719	0.00509	0.00431	0.00890	0.01184	0.01612	0.34513	0.09143	0.12391	0.31990	0.01470	0.00314	0.00368	0.00969	0.00478	0.00432
29	0.47397	0.00997	0.01012	0.00832	0.01207	0.01032	0.00686	0.02081	0.01215	0.36623	0.01390	0.01325	0.00935	0.00583	0.00433	0.00169	0.00441	0.00410	0.00490	0.00743
30	0.00810	0.00598	0.00762	0.00714	0.00854	0.00570	0.00537	0.01152	0.06496	0.02192	0.72198	0.03938	0.04914	0.01090	0.00637	0.00172	0.00269	0.00962	0.00597	0.00537
31	0.01734	0.00841	0.01073	0.00880	0.01193	0.00777	0.00705	0.06132	0.06353	0.41223	0.23261	0.02746	0.08953	0.00861	0.00583	0.00172	0.00396	0.00723	0.00625	0.00768
32	0.13670	0.00679	0.00733	0.00671	0.00887	0.00663	0.00520	0.01489	0.01212	0.17597	0.04802	0.10234	0.10424	0.00836	0.00480	0.00160	0.00331	0.00681	0.33335	0.00595
33	0.00664	0.00474	0.00633	0.00759	0.00791	0.00443	0.00506	0.00759	0.01044	0.01392	0.03005	0.80485	0.03606	0.01708	0.00696	0.00221	0.00316	0.01550	0.00506	0.00443
34	0.01356	0.01171	0.01233	0.01109	0.01418	0.01356	0.00863	0.02897	0.76455	0.02281	0.02219	0.02034	0.01664	0.00740	0.00555	0.00185	0.00431	0.00616	0.00555	0.00863
35	0.01364	0.01074	0.01150	0.01021	0.01325	0.01192	0.00798	0.05357	0.56513	0.08172	0.02670	0.02470	0.12849	0.00827	0.00567	0.00183	0.00417	0.00686	0.00557	0.00811
36	0.02311	0.01041	0.01325	0.01020	0.01435	0.00978	0.00841	0.17924	0.01770	0.59650	0.04500	0.01815	0.01389	0.00685	0.00551	0.00168	0.00485	0.00551	0.00645	0.00914
37	0.00766	0.00557	0.00721	0.00680	0.00811	0.00512	0.00510	0.01018	0.01530	0.02155	0.74011	0.04124	0.08304	0.01126	0.00643	0.00172	0.00258	0.00993	0.00596	0.00512
38	0.00772	0.00557	0.00729	0.00686	0.00814	0.00514	0.00514	0.01029	0.01543	0.02186	0.77152	0.04072	0.05144	0.01115	0.00643	0.00171	0.00257	0.00986	0.00600	0.00514
39	0.04493	0.01150	0.01237	0.01023	0.01343	0.01248	0.00815	0.36640	0.15650	0.04367	0.09957	0.04571	0.10305	0.03907	0.00651	0.00187	0.00476	0.00678	0.00535	0.00770
40	0.00650	0.00553	0.00560	0.00558	0.00740	0.00463	0.00419	0.00793	0.01256	0.01504	0.08686	0.05195	0.74036	0.01369	0.00644	0.00184	0.00275	0.01143	0.00510	0.00463
41	0.01996	0.00823	0.01049	0.00840	0.01173	0.00746	0.00682	0.05037	0.01472	0.51868	0.02005	0.01889	0.01348	0.00662	0.00497	0.00156	0.00405	0.00534	0.26019	0.00800
42	0.00779	0.00584	0.00876	0.00876	0.00974	0.00681	0.00681	0.00974	0.00876	0.01266	0.01460	0.02142	0.01363	0.04089	0.78680	0.00876	0.01460	0.00584	0.00292	0.00487
43	0.00947	0.00473	0.00710	0.00710	0.00710	0.00473	0.00473	0.00710	0.00710	0.00947	0.00947	0.01657	0.00947	0.01894	0.02131	0.84138	0.00473	0.00473	0.00237	0.00237
44	0.00648	0.00552	0.00558	0.00557	0.00739	0.00462	0.00417	0.00790	0.01252	0.01496	0.07825	0.05209	0.74902	0.01372	0.00644	0.00184	0.00276	0.01145	0.00509	0.00462
45	0.84691	0.01054	0.00801	0.00717	0.01054	0.01223	0.00590	0.01603	0.00928	0.02446	0.00759	0.00886	0.00590	0.00506	0.00337	0.00169	0.00422	0.00295	0.00337	0.00590
46	0.00680	0.00481	0.00628	0.00739	0.00766	0.00453	0.00484	0.00763	0.01013	0.01350	0.02845	0.70918	0.03404	0.11550	0.00954	0.00260	0.00343	0.01456	0.00484	0.00429
47	0.01130	0.00969	0.01130	0.00807	0.01292	0.00727	0.00646	0.01373	0.01130	0.01776	0.00969	0.01130	0.00807	0.00404	0.00404	0.00081	0.00404	0.00323	0.00323	0.84173
48	0.00788	0.00549	0.00700	0.00700	0.00736	0.00586	0.00461	0.00860	0.00824	0.01135	0.01622	0.03036	0.01751	0.52234	0.31066	0.00658	0.00876	0.00715	0.00316	0.00389
49	0.00947	0.00473	0.00710	0.00710	0.00710	0.00473	0.00473	0.00710	0.00710	0.00947	0.00947	0.01657	0.00947	0.01894	0.02131	0.84138	0.00473	0.00473	0.00237	0.00237
50	0.00922	0.00478	0.00711	0.00719	0.00725	0.00479	0.00483	0.00723	0.00738	0.00988	0.01102	0.06920	0.01139	0.01961	0.04796	0.75552	0.00499	0.00549	0.00257	0.00259
51	0.01986	0.05721	0.10109	0.01374	0.05268	0.21070	0.07688	0.02251	0.01449	0.35467	0.01467	0.01445	0.01008	0.00590	0.00528	0.00160	0.00691	0.00474	0.00447	0.00806
52	0.01277	0.01222	0.02082	0.20542	0.60808	0.01276	0.01637	0.01610	0.01207	0.01693	0.01013	0.01373	0.00833	0.00499	0.00541	0.00166	0.00666	0.00485	0.00264	0.00805
53	0.06238	0.01809	0.01568	0.01270	0.01657	0.23640	0.01019	0.50911	0.02190	0.02786	0.01148	0.01194	0.00846	0.00620	0.00520	0.00157	0.00700	0.00441	0.00459	0.00826
54	0.01198	0.01237	0.02313	0.14115	0.02496	0.01178	0.39570	0.01567	0.01194	0.01682	0.01029	0.01360	0.00801	0.00476	0.00604	0.00156	0.03773	0.00521	0.00282	0.24448
55	0.01180	0.00974	0.04080	0.01295	0.12473	0.06927	0.00876	0.01448	0.05054	0.11143	0.03452	0.26183	0.01996	0.01735	0.18224	0.00343	0.00719	0.00849	0.00420	0.00629
56	0.01504	0.00783	0.01022	0.00922	0.01184	0.00740	0.00758	0.01866	0.09069	0.31289	0.16578	0.03640	0.05920	0.01027	0.00628	0.00195	0.00424	0.21153	0.00593	0.00704
57	0.01359	0.01127	0.01204	0.01087	0.01385	0.01291	0.00843	0.02781	0.70033	0.04868	0.02256	0.05993	0.01751	0.00786	0.00562	0.00186	0.00427	0.00661	0.00556	0.00844
58	0.00835	0.00581	0.00759	0.00721	0.00867	0.00559	0.00550	0.01053	0.01331	0.05661	0.42388	0.03716	0.17166	0.01846	0.19138	0.00341	0.00556	0.00899	0.00514	0.00519
59	0.00778	0.00527	0.00601	0.00609	0.00648	0.00511	0.00374	0.00837	0.00944	0.01284	0.08704	0.11181	0.09311	0.54123	0.02049	0.00412	0.00445	0.00899	0.05383	0.00380
60	0.00670	0.00479	0.00637	0.00755	0.00792	0.00446	0.00506	0.00773	0.01069	0.01432	0.06753	0.76622	0.03684	0.01678	0.00693	0.00219	0.00313	0.01521	0.00511	0.00446
61	0.00700	0.00502	0.00670	0.00782	0.00836	0.00473	0.00554	0.00828	0.01112	0.01483	0.08469	0.63706	0.05068	0.01632	0.00698	0.00221	0.00336	0.10963	0.00512	0.00456
62	0.00760	0.00586	0.00654	0.00644	0.00810	0.00523	0.00479	0.02609	0.02834	0.03353	0.20241	0.14712	0.47190	0.01322	0.00645	0.00186	0.00292	0.01129	0.00532	0.00498
63	0.00748	0.00555	0.00691	0.00658	0.00792	0.00505	0.00489	0.00974	0.01461	0.02014	0.61116	0.04277	0.18616	0.03850	0.00715	0.00186	0.00270	0.01010	0.00573	0.00498
64	0.84691	0.01054	0.00801	0.00717	0.01054	0.01223	0.00590	0.01603	0.00928	0.02446	0.00759	0.00886	0.00590	0.00506	0.00337	0.00169	0.00422	0.00295	0.00337	0.00590
65	0.01819	0.02236	0.01577	0.01411	0.01620	0.58802	0.01089	0.01954	0.01362	0.01329	0.00810	0.01037	0.00706	0.00663	0.00826	0.00166	0.21317	0.00384	0.00270	0.00623
66	0.00947	0.00473	0.00710	0.00710	0.00710	0.00473	0.00473	0.00710	0.00710	0.00947	0.00947	0.01657	0.00947	0.01894	0.02131	0.84138	0.00473	0.00473	0.00237	0.00237
67	0.00668	0.00477	0.00636	0.00757	0.00792	0.00445	0.00506	0.00768	0.01061	0.01418	0.05502	0.77911	0.03658	0.01688	0.00694	0.00220	0.00314	0.01531	0.00509	0.00445
68	0.00664	0.00474	0.00633	0.00759	0.00791	0.00443	0.00506	0.00759	0.01044	0.01392	0.03005	0.80485	0.03606	0.01708	0.00696	0.00221	0.00316	0.01550	0.00506	0.00443
69	0.00677	0.00484	0.00633	0.00738	0.00785	0.00449	0.00498	0.00772	0.01072	0.01421	0.06613	0.68394	0.09439	0.01660	0.00735	0.02913	0.00315	0.01457	0.00502	0.00441
70	0.02037	0.02598	0.01545	0.01404	0.01685	0.78652	0.01053	0.02177	0.01545	0.01334	0.00843	0.00983	0.00702	0.00562	0.00492	0.00140	0.00983	0.00351	0.00281	0.00632
71	0.00753	0.00557	0.00702	0.00666	0.00803	0.00506	0.00499	0.00992	0.01498	0.02079	0.66420	0.04248	0.15943	0.01154	0.00643	0.00173	0.00260	0.01011	0.00586	0.00506
72	0.00900	0.00630	0.00743	0.00690	0.00875	0.00579	0.00526	0.01203	0.06930	0.07904	0.39202	0.04183	0.31280	0.01151	0.00630	0.00177	0.00293	0.00985	0.00568	0.00553
73	0.00797	0.00538	0.00660	0.00660	0.00681	0.00559	0.00412	0.00828	0.00807	0.01096	0.01627	0.03173	0.01801	0.60740	0.18965	0.04521	0.00725	0.00733	0.00318	0.00359
74	0.01450	0.01621	0.01632	0.01423	0.01509	0.25127	0.01150	0.01576	0.01051	0.01319	0.00754	0.01129	0.00712	0.00835	0.01394	0.00209	0.55813	0.00439	0.00251	0.00607
75	0.00783	0.00567	0.00790	0.00790	0.00858	0.00635	0.00574	0.00918	0.00851	0.01202	0.01539	0.02576	0.01552	0.27476	0.55551	0.00770	0.01176	0.00648	0.00304	0.00439
76	0.00752	0.00566	0.00749	0.00728	0.00855	0.00562	0.00554	0.00967	0.01262	0.01746	0.38730	0.03614	0.16374	0.02181	0.27419	0.00415	0.00673	0.00877	0.00478	0.00496
77	0.01021	0.00835	0.01308	0.01694	0.22672	0.00833	0.02812	0.01297	0.01252	0.01676	0.02321	0.04690	0.02444	0.01195	0.00690	0.00224	0.00553	0.51443	0.00431	0.00609
78	0.22551	0.00959	0.01152	0.00908	0.01309	0.00904	0.00750	0.02399	0.01406	0.59392	0.01811	0.01618	0.01164	0.00634	0.00497	0.00169	0.00454	0.00486	0.00592	0.00845
79	0.01243	0.00662	0.00880	0.00766	0.00977	0.00595	0.00595	0.01487	0.01548	0.23464	0.56052	0.03449	0.04077	0.00991	0.00616	0.00171	0.00315	0.00863	0.00621	0.00631
80	0.01145	0.00828	0.00924	0.00852	0.03323	0.00799	0.00647	0.17874	0.01578	0.07991	0.06806	0.03968	0.45700	0.01129	0.00616	0.00180	0.00384	0.04112	0.00525	0.00619
81	0.01232	0.01046	0.01123	0.01018	0.01292	0.01183	0.00788	0.02507	0.61229	0.02232	0.14438	0.02497	0.05388	0.00827	0.00573	0.00183	0.00397	0.00698	0.00560	0.00790
82	0.01403	0.01124	0.01270	0.00942	0.01398	0.01012	0.00761	0.23979	0.01564	0.02270	0.01134	0.03582	0.00928	0.00520	0.00456	0.00110	0.00461	0.00411	0.00396	0.56278
83	0.01627	0.00953	0.01181	0.00869	0.01330	0.00755	0.00705	0.01858	0.01293	0.30498	0.01415	0.01404	0.01012	0.00506	0.00458	0.00114	0.00426	0.00408	0.00456	0.52731
84	0.84691	0.01054	0.00801	0.00717	0.01054	0.01223	0.00590	0.01603	0.00928	0.02446	0.00759	0.00886	0.00590	0.00506	0.00337	0.00169	0.00422	0.00295	0.00337	0.00590
85	0.01045	0.03515	0.11597	0.01259	0.01461	0.02470	0.06386	0.01288	0.00983	0.01430	0.05606	0.01715	0.01214	0.03630	0.25292	0.00421	0.29272	0.00543	0.00281	0.00593
86	0.01130	0.00969	0.01130	0.00807	0.01292	0.00727	0.00646	0.01373	0.01130	0.01776	0.00969	0.01130	0.00807	0.00404	0.00404	0.00081	0.00404	0.00323	0.00323	0.84173
87	0.01188	0.00967	0.01136	0.00815	0.01296	0.00730	0.00653	0.01429	0.01149	0.05111	0.01021	0.01162	0.00831	0.00416	0.00410	0.00085	0.00406	0.00333	0.00338	0.80523
88	0.01128	0.02604	0.66802	0.01756	0.08937	0.01276	0.06505	0.01723	0.01167	0.01732	0.00990	0.01188	0.00714	0.00512	0.00528	0.00172	0.00799	0.00425	0.00236	0.00806
89	0.46807	0.01055	0.01207	0.01511	0.24292	0.01139	0.00908	0.01514	0.01057	0.02092	0.01346	0.01658	0.07292	0.02956	0.00511	0.00181	0.00484	0.03000	0.00337	0.00652
90	0.03442	0.06568	0.27430	0.01025	0.01443	0.00964	0.01083	0.05506	0.01390	0.03648	0.30740	0.02689	0.10210	0.00842	0.00565	0.00169	0.00497	0.00701	0.00431	0.00655
91	0.01404	0.12904	0.01380	0.00982	0.01254	0.01195	0.00786	0.29738	0.01674	0.05535	0.04176	0.32519	0.02091	0.01056	0.00579	0.00180	0.00470	0.00895	0.00491	0.00690

[dist]
# distance from previous block
# <min> <max>
0	1

[block]
# block no. 3 follows, 44 sequences, length 36
# corresponding to MSA columns:
# 179-214
name=unknown_D
#
# <colnr> <probs for GDERKNQSTAVLIFYWHMCP>
#	G	D	E	R	K	N	Q	S	T	A	V	L	I	F	Y	W	H	M	C	P
0	0.00939	0.00748	0.00907	0.00862	0.01020	0.00767	0.02410	0.11906	0.03869	0.01750	0.03298	0.36115	0.25298	0.01341	0.00725	0.00201	0.05658	0.01148	0.00490	0.00551
1	0.01245	0.00754	0.00915	0.00851	0.03218	0.03499	0.00611	0.01480	0.03697	0.19590	0.37122	0.03232	0.04827	0.15384	0.00995	0.00235	0.00398	0.00803	0.00544	0.00602
2	0.01206	0.02722	0.70407	0.01519	0.02279	0.05420	0.01907	0.01793	0.01191	0.05158	0.01024	0.01174	0.00721	0.00527	0.00518	0.00171	0.00800	0.00407	0.00253	0.00802
3	0.02094	0.00850	0.01152	0.00910	0.01270	0.00741	0.00741	0.02314	0.01557	0.61911	0.17925	0.02322	0.02148	0.00767	0.00568	0.00169	0.00420	0.00640	0.00659	0.00841
4	0.00818	0.00632	0.00893	0.14943	0.01346	0.00640	0.00695	0.01095	0.01461	0.02043	0.63376	0.03599	0.04345	0.01012	0.00625	0.00173	0.00342	0.00895	0.00535	0.00531
5	0.04357	0.01432	0.01683	0.01599	0.15345	0.01557	0.01121	0.53865	0.05820	0.05781	0.01316	0.01359	0.00957	0.00624	0.00539	0.00165	0.00590	0.00492	0.00495	0.00903
6	0.00741	0.00582	0.00687	0.00735	0.00894	0.00528	0.00601	0.00928	0.01259	0.01562	0.07111	0.05560	0.45341	0.01420	0.00687	0.00210	0.00365	0.29800	0.00508	0.00479
7	0.01016	0.00508	0.00508	0.00508	0.00635	0.00508	0.00381	0.01270	0.01143	0.02033	0.01778	0.02033	0.01397	0.00635	0.00381	0.00127	0.00254	0.00508	0.83867	0.00508
8	0.23394	0.01229	0.01741	0.02364	0.47363	0.01284	0.01291	0.06624	0.03085	0.05171	0.01049	0.01262	0.00835	0.00516	0.00488	0.00165	0.00572	0.00442	0.00329	0.00798
9	0.01349	0.01295	0.02213	0.03346	0.77440	0.01295	0.01673	0.01673	0.01241	0.01781	0.01025	0.01349	0.00864	0.00486	0.00540	0.00162	0.00648	0.00486	0.00270	0.00864
10	0.01016	0.00508	0.00508	0.00508	0.00635	0.00508	0.00381	0.01270	0.01143	0.02033	0.01778	0.02033	0.01397	0.00635	0.00381	0.00127	0.00254	0.00508	0.83867	0.00508
11	0.00790	0.00684	0.00761	0.00710	0.00878	0.00683	0.00553	0.04262	0.01262	0.01575	0.08152	0.04462	0.59901	0.01277	0.00795	0.00190	0.11067	0.01021	0.00476	0.00502
12	0.01859	0.01042	0.01272	0.01094	0.03700	0.01051	0.00843	0.19493	0.13158	0.33547	0.03714	0.13349	0.01699	0.00836	0.00572	0.00178	0.00470	0.00700	0.00587	0.00835
13	0.01130	0.00969	0.01130	0.00807	0.01292	0.00727	0.00646	0.01373	0.01130	0.01776	0.00969	0.01130	0.00807	0.00404	0.00404	0.00081	0.00404	0.00323	0.00323	0.84173
14	0.01349	0.01295	0.02213	0.03346	0.77440	0.01295	0.01673	0.01673	0.01241	0.01781	0.01025	0.01349	0.00864	0.00486	0.00540	0.00162	0.00648	0.00486	0.00270	0.00864
15	0.01368	0.00962	0.01155	0.00837	0.01310	0.00740	0.00674	0.01605	0.01208	0.15527	0.01183	0.01262	0.00906	0.00453	0.00430	0.00097	0.00415	0.00364	0.00387	0.69120
16	0.01130	0.00969	0.01130	0.00807	0.01292	0.00727	0.00646	0.01373	0.01130	0.01776	0.00969	0.01130	0.00807	0.00404	0.00404	0.00081	0.00404	0.00323	0.00323	0.84173
17	0.01030	0.00969	0.01635	0.79530	0.03755	0.01211	0.01514	0.01393	0.01090	0.01393	0.00969	0.01453	0.00727	0.00545	0.00545	0.00182	0.00727	0.00484	0.00242	0.00606
18	0.01356	0.01171	0.01233	0.01109	0.01418	0.01356	0.00863	0.02897	0.76455	0.02281	0.02219	0.02034	0.01664	0.00740	0.00555	0.00185	0.00431	0.00616	0.00555	0.00863
19	0.01193	0.01193	0.01670	0.01431	0.01431	0.01670	0.01193	0.01312	0.00835	0.01312	0.00716	0.01193	0.00716	0.00954	0.01789	0.00239	0.79843	0.00477	0.00239	0.00596
20	0.01193	0.01193	0.01670	0.01431	0.01431	0.01670	0.01193	0.01312	0.00835	0.01312	0.00716	0.01193	0.00716	0.00954	0.01789	0.00239	0.79843	0.00477	0.00239	0.00596
21	0.01016	0.00508	0.00508	0.00508	0.00635	0.00508	0.00381	0.01270	0.01143	0.02033	0.01778	0.02033	0.01397	0.00635	0.00381	0.00127	0.00254	0.00508	0.83867	0.00508
22	0.02072	0.01527	0.01636	0.01254	0.01691	0.01691	0.01036	0.75622	0.02563	0.03436	0.01309	0.01309	0.00927	0.00654	0.00545	0.00164	0.00600	0.00491	0.00545	0.00927
23	0.00739	0.00556	0.00683	0.00651	0.00794	0.00500	0.00488	0.00965	0.01465	0.02002	0.58617	0.04376	0.23794	0.01183	0.00643	0.00175	0.00262	0.01029	0.00576	0.00500
24	0.01016	0.00508	0.00508	0.00508	0.00635	0.00508	0.00381	0.01270	0.01143	0.02033	0.01778	0.02033	0.01397	0.00635	0.00381	0.00127	0.00254	0.00508	0.83867	0.00508
25	0.02038	0.02565	0.01548	0.01400	0.01686	0.76225	0.01053	0.04493	0.01577	0.01401	0.00857	0.00993	0.00709	0.00565	0.00493	0.00141	0.00971	0.00356	0.00289	0.00641
26	0.01104	0.01044	0.01754	0.55099	0.24258	0.01205	0.01515	0.01447	0.01138	0.01505	0.01164	0.01574	0.03776	0.00561	0.00547	0.00176	0.00687	0.00511	0.00260	0.00672
27	0.01016	0.00508	0.00508	0.00508	0.00635	0.00508	0.00381	0.01270	0.01143	0.02033	0.01778	0.02033	0.01397	0.00635	0.00381	0.00127	0.00254	0.00508	0.83867	0.00508
28	0.00705	0.00555	0.00636	0.00616	0.00773	0.00486	0.00462	0.00899	0.01385	0.01812	0.39540	0.04689	0.42989	0.01254	0.00644	0.00178	0.00267	0.01072	0.00551	0.00486
29	0.00664	0.00474	0.00633	0.00759	0.00791	0.00443	0.00506	0.00759	0.01044	0.01392	0.03005	0.80485	0.03606	0.01708	0.00696	0.00221	0.00316	0.01550	0.00506	0.00443
30	0.01343	0.01276	0.02152	0.09322	0.69605	0.01299	0.01644	0.03605	0.01264	0.01794	0.01028	0.01356	0.00854	0.00495	0.00540	0.00164	0.00653	0.00486	0.00275	0.00845
31	0.00879	0.00628	0.00879	0.01004	0.01130	0.00628	0.00879	0.01130	0.01255	0.01632	0.02887	0.06150	0.03138	0.01506	0.00753	0.00251	0.00502	0.73770	0.00502	0.00502
32	0.01458	0.81168	0.02857	0.00933	0.01399	0.02157	0.00933	0.01632	0.01108	0.01283	0.00758	0.00875	0.00700	0.00466	0.00350	0.00117	0.00583	0.00292	0.00233	0.00700
33	0.01193	0.01193	0.01670	0.01431	0.01431	0.01670	0.01193	0.01312	0.00835	0.01312	0.00716	0.01193	0.00716	0.00954	0.01789	0.00239	0.79843	0.00477	0.00239	0.00596
34	0.01193	0.01193	0.01670	0.01431	0.01431	0.01670	0.01193	0.01312	0.00835	0.01312	0.00716	0.01193	0.00716	0.00954	0.01789	0.00239	0.79843	0.00477	0.00239	0.00596
35	0.01016	0.00508	0.00508	0.00508	0.00635	0.00508	0.00381	0.01270	0.01143	0.02033	0.01778	0.02033	0.01397	0.00635	0.00381	0.00127	0.00254	0.00508	0.83867	0.00508

[dist]
# distance from previous block
# <min> <max>
0	33

[block]
# block no. 4 follows, 44 sequences, length 41
# corresponding to MSA columns:
# 248-288
name=unknown_E
#
# <colnr> <probs for GDERKNQSTAVLIFYWHMCP>
#	G	D	E	R	K	N	Q	S	T	A	V	L	I	F	Y	W	H	M	C	P
0	0.01189	0.00967	0.01137	0.00815	0.01296	0.00730	0.00653	0.01430	0.01150	0.05171	0.01022	0.01163	0.00832	0.00416	0.00410	0.00085	0.00406	0.00333	0.00339	0.80457
1	0.00947	0.00473	0.00710	0.00710	0.00710	0.00473	0.00473	0.00710	0.00710	0.00947	0.00947	0.01657	0.00947	0.01894	0.02131	0.84138	0.00473	0.00473	0.00237	0.00237
2	0.00664	0.00474	0.00633	0.00759	0.00791	0.00443	0.00506	0.00759	0.01044	0.01392	0.03005	0.80485	0.03606	0.01708	0.00696	0.00221	0.00316	0.01550	0.00506	0.00443
3	0.02038	0.02566	0.01548	0.01400	0.01686	0.76317	0.01053	0.04405	0.01576	0.01398	0.00857	0.00993	0.00709	0.00565	0.00493	0.00141	0.00972	0.00355	0.00289	0.00641
4	0.02037	0.02598	0.01545	0.01404	0.01685	0.78652	0.01053	0.02177	0.01545	0.01334	0.00843	0.00983	0.00702	0.00562	0.00492	0.00140	0.00983	0.00351	0.00281	0.00632
5	0.01016	0.00508	0.00508	0.00508	0.00635	0.00508	0.00381	0.01270	0.01143	0.02033	0.01778	0.02033	0.01397	0.00635	0.00381	0.00127	0.00254	0.00508	0.83867	0.00508
6	0.00772	0.00557	0.00729	0.00686	0.00814	0.00514	0.00514	0.01029	0.01543	0.02186	0.77152	0.04072	0.05144	0.01115	0.00643	0.00171	0.00257	0.00986	0.00600	0.00514
7	0.84691	0.01054	0.00801	0.00717	0.01054	0.01223	0.00590	0.01603	0.00928	0.02446	0.00759	0.00886	0.00590	0.00506	0.00337	0.00169	0.00422	0.00295	0.00337	0.00590
8	0.00782	0.00571	0.00809	0.00809	0.00884	0.00645	0.00598	0.00931	0.00856	0.01216	0.01521	0.02480	0.01510	0.22320	0.60649	0.00794	0.01239	0.00634	0.00301	0.00450
9	0.41320	0.01010	0.01021	0.00886	0.01129	0.02850	0.00709	0.01627	0.01016	0.15044	0.01137	0.01489	0.00946	0.11142	0.02962	0.00245	0.14035	0.00443	0.00375	0.00614
10	0.02037	0.02598	0.01545	0.01404	0.01685	0.78652	0.01053	0.02177	0.01545	0.01334	0.00843	0.00983	0.00702	0.00562	0.00492	0.00140	0.00983	0.00351	0.00281	0.00632
11	0.01193	0.01193	0.01670	0.01431	0.01431	0.01670	0.01193	0.01312	0.00835	0.01312	0.00716	0.01193	0.00716	0.00954	0.01789	0.00239	0.79843	0.00477	0.00239	0.00596
12	0.01030	0.00969	0.01635	0.79530	0.03755	0.01211	0.01514	0.01393	0.01090	0.01393	0.00969	0.01453	0.00727	0.00545	0.00545	0.00182	0.00727	0.00484	0.00242	0.00606
13	0.00779	0.00584	0.00876	0.00876	0.00974	0.00681	0.00681	0.00974	0.00876	0.01266	0.01460	0.02142	0.01363	0.04089	0.78680	0.00876	0.01460	0.00584	0.00292	0.00487
14	0.00793	0.00529	0.00595	0.00595	0.00595	0.00529	0.00330	0.00793	0.00793	0.01057	0.01718	0.03568	0.01982	0.80840	0.02775	0.00529	0.00529	0.00793	0.00330	0.00330
15	0.00793	0.00529	0.00595	0.00595	0.00595	0.00529	0.00330	0.00793	0.00793	0.01057	0.01718	0.03568	0.01982	0.80840	0.02775	0.00529	0.00529	0.00793	0.00330	0.00330
16	0.00664	0.00474	0.00633	0.00759	0.00791	0.00443	0.00506	0.00759	0.01044	0.01392	0.03005	0.80485	0.03606	0.01708	0.00696	0.00221	0.00316	0.01550	0.00506	0.00443
17	0.00779	0.00584	0.00876	0.00876	0.00974	0.00681	0.00681	0.00974	0.00876	0.01266	0.01460	0.02142	0.01363	0.04089	0.78680	0.00876	0.01460	0.00584	0.00292	0.00487
18	0.00879	0.00628	0.00879	0.01004	0.01130	0.00628	0.00879	0.01130	0.01255	0.01632	0.02887	0.06150	0.03138	0.01506	0.00753	0.00251	0.00502	0.73770	0.00502	0.00502
19	0.01010	0.00612	0.00804	0.00834	0.00962	0.00582	0.00622	0.01239	0.05268	0.12803	0.10636	0.43693	0.03225	0.03202	0.00717	0.00218	0.00371	0.12113	0.00539	0.00551
20	0.00779	0.00584	0.00876	0.00876	0.00974	0.00681	0.00681	0.00974	0.00876	0.01266	0.01460	0.02142	0.01363	0.04089	0.78680	0.00876	0.01460	0.00584	0.00292	0.00487
21	0.01356	0.01171	0.01233	0.01109	0.01418	0.01356	0.00863	0.02897	0.76455	0.02281	0.02219	0.02034	0.01664	0.00740	0.00555	0.00185	0.00431	0.00616	0.00555	0.00863
22	0.01453	0.01170	0.01251	0.01106	0.01427	0.01334	0.00866	0.05732	0.68843	0.07082	0.02179	0.01994	0.01616	0.00732	0.00554	0.00183	0.00440	0.00607	0.00562	0.00870
23	0.00736	0.00540	0.00656	0.00693	0.00813	0.00484	0.00507	0.00892	0.01242	0.03404	0.19119	0.31709	0.29532	0.01434	0.00667	0.00199	0.00306	0.06059	0.00529	0.00479
24	0.84691	0.01054	0.00801	0.00717	0.01054	0.01223	0.00590	0.01603	0.00928	0.02446	0.00759	0.00886	0.00590	0.00506	0.00337	0.00169	0.00422	0.00295	0.00337	0.00590
25	0.01216	0.00798	0.00840	0.00757	0.00966	0.00857	0.00588	0.11862	0.17845	0.02293	0.07906	0.02098	0.01694	0.00699	0.00463	0.00148	0.00341	0.00568	0.47416	0.00644
26	0.00663	0.00479	0.00628	0.00746	0.00787	0.00444	0.00500	0.00761	0.01056	0.01397	0.03163	0.75747	0.08241	0.01687	0.00693	0.00219	0.00314	0.01525	0.00506	0.00444
27	0.00789	0.00529	0.00604	0.00608	0.00612	0.00531	0.00346	0.00797	0.00803	0.01073	0.01748	0.05771	0.02011	0.76217	0.05001	0.00530	0.00550	0.00809	0.00334	0.00338
28	0.00657	0.00503	0.00603	0.00684	0.00771	0.00449	0.00473	0.00768	0.01116	0.01421	0.03918	0.53204	0.30297	0.01589	0.00677	0.00208	0.00302	0.01405	0.00506	0.00449
29	0.00659	0.00551	0.00559	0.00557	0.00737	0.00464	0.00418	0.00806	0.01254	0.01519	0.08626	0.05114	0.72100	0.01350	0.00638	0.00182	0.00275	0.01127	0.02601	0.00464
30	0.00935	0.00682	0.00809	0.00769	0.00926	0.00670	0.00574	0.12568	0.01501	0.02046	0.30889	0.25398	0.14416	0.01231	0.00633	0.00185	0.00330	0.01074	0.03814	0.00550
31	0.00993	0.00574	0.00668	0.00634	0.00688	0.00559	0.00387	0.01029	0.00897	0.09930	0.01770	0.03301	0.01883	0.68000	0.02411	0.00469	0.00509	0.00752	0.04140	0.00407
32	0.84691	0.01054	0.00801	0.00717	0.01054	0.01223	0.00590	0.01603	0.00928	0.02446	0.00759	0.00886	0.00590	0.00506	0.00337	0.00169	0.00422	0.00295	0.00337	0.00590
33	0.00746	0.00518	0.00635	0.00686	0.00719	0.00501	0.00444	0.00818	0.00977	0.01306	0.07780	0.31894	0.04506	0.39478	0.01688	0.00366	0.00424	0.05686	0.00429	0.00398
34	0.06357	0.02709	0.73154	0.01501	0.02277	0.01263	0.01925	0.01719	0.01137	0.01772	0.00965	0.01134	0.00684	0.00517	0.00507	0.00172	0.00782	0.00396	0.00237	0.00792
35	0.00651	0.00527	0.00578	0.00620	0.00754	0.00455	0.00444	0.00775	0.01178	0.01446	0.04701	0.29800	0.53195	0.01488	0.00661	0.00196	0.00289	0.01281	0.00506	0.00455
36	0.84691	0.01054	0.00801	0.00717	0.01054	0.01223	0.00590	0.01603	0.00928	0.02446	0.00759	0.00886	0.00590	0.00506	0.00337	0.00169	0.00422	0.00295	0.00337	0.00590
37	0.00891	0.00732	0.01057	0.00996	0.01060	0.00917	0.00785	0.01040	0.00855	0.01254	0.01264	0.01955	0.01214	0.07170	0.52195	0.03959	0.21316	0.00563	0.00278	0.00497
38	0.19680	0.01445	0.01767	0.05848	0.44830	0.14154	0.01326	0.01729	0.01217	0.01835	0.00934	0.01192	0.00771	0.00506	0.00488	0.00161	0.00658	0.00422	0.00285	0.00754
39	0.00915	0.00728	0.00952	0.00894	0.01020	0.02547	0.00699	0.05737	0.01187	0.01665	0.22211	0.02599	0.04262	0.02667	0.42677	0.00555	0.07069	0.00689	0.00394	0.00533
40	0.00663	0.00479	0.00628	0.00748	0.00788	0.00444	0.00501	0.00760	0.01054	0.01396	0.03137	0.76528	0.07476	0.01691	0.00693	0.00219	0.00314	0.01529	0.00506	0.00444

[dist]
# distance from previous block
# <min> <max>
4	5

[block]
# block no. 5 follows, 44 sequences, length 49
# corresponding to MSA columns:
# 294-299,302-335,340-348
name=unknown_F
#
# <colnr> <probs for GDERKNQSTAVLIFYWHMCP>
#	G	D	E	R	K	N	Q	S	T	A	V	L	I	F	Y	W	H	M	C	P
0	0.08437	0.24382	0.42797	0.01239	0.01865	0.01456	0.01459	0.01728	0.01151	0.06994	0.01110	0.01217	0.02909	0.00538	0.00461	0.00157	0.00672	0.00394	0.00279	0.00756
1	0.29351	0.04731	0.01335	0.03331	0.01448	0.17454	0.00888	0.10581	0.06383	0.05258	0.01006	0.01138	0.00789	0.00613	0.00616	0.00168	0.10972	0.00392	0.00359	0.03186
2	0.00947	0.00473	0.00710	0.00710	0.00710	0.00473	0.00473	0.00710	0.00710	0.00947	0.00947	0.01657	0.00947	0.01894	0.02131	0.84138	0.00473	0.00473	0.00237	0.00237
3	0.01308	0.01218	0.01378	0.01559	0.18656	0.07552	0.00988	0.02228	0.41350	0.01936	0.02108	0.02187	0.08422	0.05850	0.00696	0.00198	0.00518	0.00626	0.00448	0.00773
4	0.01093	0.02820	0.78016	0.01554	0.02360	0.01266	0.02014	0.01727	0.01151	0.01727	0.00978	0.01151	0.00691	0.00518	0.00518	0.00173	0.00806	0.00403	0.00230	0.00806
5	0.00940	0.00719	0.00849	0.00828	0.00996	0.00725	0.00635	0.08103	0.11461	0.01963	0.23826	0.20548	0.15114	0.01239	0.00647	0.00195	0.00357	0.09737	0.00542	0.00574
6	0.01093	0.02820	0.78016	0.01554	0.02360	0.01266	0.02014	0.01727	0.01151	0.01727	0.00978	0.01151	0.00691	0.00518	0.00518	0.00173	0.00806	0.00403	0.00230	0.00806
7	0.01130	0.00969	0.01130	0.00807	0.01292	0.00727	0.00646	0.01373	0.01130	0.01776	0.00969	0.01130	0.00807	0.00404	0.00404	0.00081	0.00404	0.00323	0.00323	0.84173
8	0.00664	0.00474	0.00633	0.00759	0.00791	0.00443	0.00506	0.00759	0.01044	0.01392	0.03005	0.80485	0.03606	0.01708	0.00696	0.00221	0.00316	0.01550	0.00506	0.00443
9	0.01132	0.02282	0.51379	0.01676	0.02329	0.01293	0.18627	0.01667	0.01173	0.01717	0.04253	0.01353	0.00915	0.00566	0.00656	0.00181	0.07297	0.00489	0.00257	0.00760
10	0.84691	0.01054	0.00801	0.00717	0.01054	0.01223	0.00590	0.01603	0.00928	0.02446	0.00759	0.00886	0.00590	0.00506	0.00337	0.00169	0.00422	0.00295	0.00337	0.00590
11	0.01227	0.01387	0.05981	0.01801	0.02071	0.01528	0.32383	0.01514	0.01040	0.01514	0.00891	0.01307	0.00761	0.00726	0.01248	0.00212	0.42947	0.00543	0.00254	0.00665
12	0.01130	0.00969	0.01130	0.00807	0.01292	0.00727	0.00646	0.01373	0.01130	0.01776	0.00969	0.01130	0.00807	0.00404	0.00404	0.00081	0.00404	0.00323	0.00323	0.84173
13	0.00772	0.00557	0.00729	0.00686	0.00814	0.00514	0.00514	0.01029	0.01543	0.02186	0.77152	0.04072	0.05144	0.01115	0.00643	0.00171	0.00257	0.00986	0.00600	0.00514
14	0.01228	0.01179	0.02027	0.31812	0.47639	0.01266	0.03828	0.01571	0.01186	0.01635	0.01007	0.01392	0.00811	0.00507	0.00545	0.00170	0.00685	0.00490	0.00260	0.00763
15	0.00776	0.00530	0.00616	0.00624	0.00642	0.00530	0.00372	0.00803	0.00837	0.01114	0.01962	0.08903	0.05482	0.66155	0.08017	0.00517	0.00570	0.00847	0.00348	0.00355
16	0.02037	0.02598	0.01545	0.01404	0.01685	0.78652	0.01053	0.02177	0.01545	0.01334	0.00843	0.00983	0.00702	0.00562	0.00492	0.00140	0.00983	0.00351	0.00281	0.00632
17	0.00696	0.00533	0.00767	0.00829	0.00898	0.00494	0.04534	0.00814	0.01070	0.01416	0.03064	0.71419	0.08165	0.01620	0.00690	0.00217	0.00346	0.01476	0.00494	0.00460
18	0.02072	0.01527	0.01636	0.01254	0.01691	0.01691	0.01036	0.75622	0.02563	0.03436	0.01309	0.01309	0.00927	0.00654	0.00545	0.00164	0.00600	0.00491	0.00545	0.00927
19	0.84691	0.01054	0.00801	0.00717	0.01054	0.01223	0.00590	0.01603	0.00928	0.02446	0.00759	0.00886	0.00590	0.00506	0.00337	0.00169	0.00422	0.00295	0.00337	0.00590
20	0.01193	0.01193	0.01670	0.01431	0.01431	0.01670	0.01193	0.01312	0.00835	0.01312	0.00716	0.01193	0.00716	0.00954	0.01789	0.00239	0.79843	0.00477	0.00239	0.00596
21	0.00821	0.00588	0.00631	0.00601	0.00803	0.00496	0.00458	0.00975	0.01294	0.08629	0.10423	0.04846	0.64912	0.01296	0.00635	0.00182	0.00292	0.01083	0.00529	0.00508
22	0.00646	0.00547	0.00557	0.00566	0.00740	0.00459	0.00420	0.00781	0.01230	0.01468	0.05362	0.10059	0.72510	0.01402	0.00648	0.00186	0.00279	0.01176	0.00506	0.00459
23	0.01245	0.00951	0.01129	0.00822	0.01287	0.00726	0.00657	0.01480	0.01170	0.09149	0.01143	0.03509	0.00942	0.00468	0.00426	0.00093	0.00407	0.00381	0.00362	0.73654
24	0.00796	0.04424	0.00820	0.00689	0.00838	0.00590	0.00528	0.01042	0.01503	0.02097	0.68905	0.03994	0.09541	0.01100	0.00629	0.00170	0.00274	0.00963	0.00577	0.00520
25	0.01390	0.01188	0.01252	0.01116	0.01431	0.01372	0.00871	0.06386	0.72910	0.02336	0.02175	0.01999	0.01629	0.00736	0.00554	0.00184	0.00440	0.00610	0.00554	0.00866
26	0.01156	0.01801	0.30227	0.01477	0.01779	0.01519	0.01500	0.01467	0.00953	0.01467	0.00814	0.01177	0.00706	0.00791	0.01314	0.00214	0.50278	0.00449	0.00235	0.00675
27	0.01130	0.00780	0.00994	0.00894	0.01185	0.00665	0.00734	0.01355	0.01215	0.10234	0.02054	0.12240	0.02063	0.00997	0.00584	0.00171	0.00437	0.27963	0.00451	0.33854
28	0.01625	0.01917	0.01574	0.01398	0.01548	0.42451	0.01099	0.01755	0.01217	0.01326	0.00849	0.03361	0.00792	0.00768	0.01070	0.00186	0.35745	0.00441	0.00269	0.00611
29	0.01206	0.27115	0.54710	0.01361	0.02062	0.01542	0.01679	0.01697	0.01138	0.01589	0.00910	0.01065	0.00693	0.00502	0.00466	0.00155	0.00737	0.00368	0.00231	0.00773
30	0.00779	0.00584	0.00876	0.00876	0.00974	0.00681	0.00681	0.00974	0.00876	0.01266	0.01460	0.02142	0.01363	0.04089	0.78680	0.00876	0.01460	0.00584	0.00292	0.00487
31	0.06648	0.51627	0.21880	0.01061	0.01590	0.01779	0.01163	0.01615	0.01122	0.01499	0.02854	0.01151	0.03000	0.00525	0.00408	0.00138	0.00613	0.00362	0.00256	0.00708
32	0.01339	0.34373	0.30052	0.01265	0.01780	0.05122	0.01374	0.04848	0.01168	0.01544	0.00860	0.01044	0.00709	0.00566	0.00628	0.00157	0.11821	0.00370	0.00248	0.00731
33	0.01170	0.49066	0.01952	0.00797	0.01102	0.01498	0.00708	0.01296	0.01048	0.01256	0.01673	0.04030	0.11172	0.20069	0.00984	0.00228	0.00523	0.00557	0.00299	0.00572
