[name]
unknown

[dist]
# distance from previous block
# <min> <max>
0	279

[block]
# block no. 0 follows, 54 sequences, length 11
# corresponding to MSA columns:
# 279-289
name=unknown_A
#
# <colnr> <probs for GDERKNQSTAVLIFYWHMCP>
#	G	D	E	R	K	N	Q	S	T	A	V	L	I	F	Y	W	H	M	C	P
0	0.00760	0.00543	0.00760	0.00868	0.00977	0.00543	0.00760	0.00977	0.01085	0.01411	0.02496	0.05319	0.02714	0.01303	0.00651	0.00217	0.00434	0.77315	0.00434	0.00434
1	0.01691	0.01004	0.01161	0.00942	0.01274	0.01054	0.00761	0.20791	0.30331	0.33127	0.01707	0.01548	0.01179	0.00600	0.00476	0.00150	0.00419	0.00484	0.00519	0.00782
2	0.45488	0.00881	0.00902	0.00737	0.01065	0.00913	0.00608	0.05151	0.01107	0.37102	0.01212	0.01154	0.00815	0.00508	0.00381	0.00146	0.00388	0.00360	0.00429	0.00653
3	0.00671	0.00477	0.00609	0.00579	0.00670	0.00447	0.00416	0.00853	0.01217	0.01713	0.65920	0.03443	0.03952	0.15959	0.00891	0.00204	0.00265	0.00822	0.00477	0.00416
4	0.00641	0.00452	0.00514	0.00535	0.00569	0.00432	0.00328	0.00678	0.00798	0.01036	0.02300	0.18851	0.16275	0.52604	0.01717	0.00352	0.00382	0.00869	0.00343	0.00325
5	0.00890	0.00838	0.01414	0.82296	0.03247	0.01048	0.01309	0.01205	0.00943	0.01205	0.00838	0.01257	0.00629	0.00471	0.00471	0.00157	0.00629	0.00419	0.00210	0.00524
6	0.00671	0.00463	0.00539	0.00537	0.00640	0.00427	0.00388	0.00832	0.01103	0.01554	0.32028	0.11985	0.21983	0.08453	0.00687	0.00177	0.00253	0.00850	0.16021	0.00411
7	0.71369	0.00892	0.00766	0.00660	0.00965	0.00991	0.00544	0.01552	0.00902	0.16425	0.00875	0.00918	0.00630	0.00464	0.00325	0.00146	0.00371	0.00295	0.00345	0.00564
8	0.00827	0.00611	0.00711	0.00672	0.00808	0.00605	0.00495	0.14955	0.01270	0.01696	0.23262	0.25746	0.17213	0.08070	0.00710	0.00187	0.00314	0.00925	0.00453	0.00470
9	0.00757	0.00638	0.00956	0.35103	0.01799	0.00704	0.00833	0.01005	0.01109	0.01470	0.28666	0.02890	0.12374	0.00822	0.00531	0.00161	0.00419	0.08925	0.00369	0.00471
10	0.06197	0.00771	0.00983	0.37226	0.01881	0.06180	0.00842	0.01035	0.00963	0.01255	0.01900	0.17240	0.15630	0.05179	0.00599	0.00177	0.00480	0.00693	0.00305	0.00463

[dist]
# distance from previous block
# <min> <max>
12	29

[block]
# block no. 1 follows, 54 sequences, length 13
# corresponding to MSA columns:
# 319-331
name=unknown_B
#
# <colnr> <probs for GDERKNQSTAVLIFYWHMCP>
#	G	D	E	R	K	N	Q	S	T	A	V	L	I	F	Y	W	H	M	C	P
0	0.01278	0.01186	0.02373	0.01712	0.02161	0.01115	0.59419	0.05095	0.03576	0.12516	0.01112	0.01316	0.00803	0.00436	0.00532	0.00153	0.00700	0.00529	0.00305	0.03683
1	0.01365	0.01000	0.01499	0.11221	0.21522	0.01034	0.08329	0.09283	0.14780	0.18552	0.05508	0.01504	0.01140	0.00540	0.00485	0.00149	0.00503	0.00487	0.00386	0.00711
2	0.01188	0.00643	0.00879	0.23873	0.01480	0.00675	0.00699	0.01425	0.01065	0.21145	0.01418	0.01577	0.01033	0.00536	0.00406	0.00132	0.00381	0.00442	0.40449	0.00553
3	0.06765	0.01508	0.01112	0.00978	0.01217	0.37429	0.00748	0.18272	0.05659	0.01716	0.01070	0.02960	0.00890	0.05689	0.00544	0.00150	0.00603	0.00403	0.11713	0.00576
4	0.00557	0.00478	0.00478	0.00478	0.00637	0.00398	0.00358	0.00677	0.01075	0.01274	0.04776	0.04538	0.80297	0.01194	0.00557	0.00159	0.00239	0.00995	0.00438	0.00398
5	0.01648	0.01212	0.01324	0.01055	0.01394	0.01334	0.00877	0.68044	0.02059	0.02754	0.01322	0.01716	0.01069	0.00669	0.00497	0.00152	0.00507	0.11150	0.00466	0.00751
6	0.75473	0.00966	0.00789	0.00682	0.00985	0.01111	0.00562	0.11685	0.00990	0.02229	0.00720	0.00815	0.00549	0.00455	0.00316	0.00145	0.00385	0.00278	0.00316	0.00549
7	0.01147	0.01099	0.01877	0.08752	0.74789	0.01115	0.01437	0.01429	0.01064	0.01516	0.00883	0.01174	0.00738	0.00424	0.00467	0.00141	0.00565	0.00420	0.00232	0.00730
8	0.01137	0.00905	0.00984	0.00869	0.01116	0.01002	0.00679	0.09986	0.49409	0.04851	0.15544	0.02201	0.07811	0.00728	0.00498	0.00155	0.00353	0.00610	0.00486	0.00676
9	0.00696	0.00480	0.00654	0.00741	0.00814	0.00465	0.00585	0.00809	0.00966	0.01259	0.02476	0.28453	0.08418	0.01392	0.00787	0.11638	0.00367	0.38208	0.00405	0.00385
10	0.00890	0.00838	0.01414	0.82296	0.03247	0.01048	0.01309	0.01205	0.00943	0.01205	0.00838	0.01257	0.00629	0.00471	0.00471	0.00157	0.00629	0.00419	0.00210	0.00524
11	0.65700	0.11899	0.00975	0.00670	0.00985	0.01123	0.00571	0.01494	0.00886	0.11003	0.00794	0.00861	0.00598	0.00450	0.00314	0.00140	0.00387	0.00280	0.00313	0.00557
12	0.44463	0.00976	0.00938	0.00818	0.01093	0.01113	0.00678	0.20632	0.07115	0.02185	0.01112	0.01547	0.00950	0.00615	0.00448	0.00158	0.03642	0.10561	0.00366	0.00591

[dist]
# distance from previous block
# <min> <max>
1	3

[block]
# block no. 2 follows, 54 sequences, length 20
# corresponding to MSA columns:
# 335-354
name=unknown_C
#
# <colnr> <probs for GDERKNQSTAVLIFYWHMCP>
#	G	D	E	R	K	N	Q	S	T	A	V	L	I	F	Y	W	H	M	C	P
0	0.01151	0.01001	0.05517	0.01053	0.10232	0.02168	0.00782	0.16664	0.01310	0.05343	0.10542	0.01722	0.06859	0.00576	0.00446	0.00120	0.00416	0.02526	0.00364	0.31206
1	0.01138	0.01095	0.01751	0.12969	0.55879	0.02896	0.03792	0.01528	0.09097	0.01531	0.00983	0.01231	0.00797	0.00448	0.00467	0.00143	0.00558	0.00429	0.00257	0.03011
2	0.01124	0.00998	0.09511	0.00864	0.01206	0.00801	0.00769	0.01349	0.01030	0.13457	0.08895	0.01337	0.01120	0.00533	0.00592	0.00120	0.13629	0.00395	0.00329	0.41941
3	0.01394	0.01061	0.05058	0.01762	0.34200	0.00937	0.05347	0.04916	0.01175	0.22306	0.01145	0.01244	0.00842	0.00456	0.00452	0.00130	0.00498	0.00413	0.00342	0.16323
4	0.00978	0.00838	0.00978	0.00698	0.01117	0.00629	0.00559	0.01187	0.00978	0.01536	0.00838	0.00978	0.00698	0.00349	0.00349	0.00070	0.00349	0.00279	0.00279	0.86312
5	0.00679	0.00484	0.00648	0.00648	0.00695	0.00530	0.00453	0.00772	0.00725	0.01014	0.01363	0.02406	0.01419	0.39398	0.46028	0.00623	0.00901	0.00586	0.00267	0.00360
6	0.01010	0.10310	0.01148	0.00711	0.01128	0.00770	0.00587	0.01213	0.00975	0.01488	0.00817	0.00952	0.00688	0.00355	0.00344	0.00073	0.00367	0.00276	0.00270	0.76516
7	0.00674	0.00505	0.00758	0.00758	0.00842	0.00589	0.00589	0.00842	0.00758	0.01095	0.01263	0.01852	0.01179	0.03536	0.81561	0.00758	0.01263	0.00505	0.00253	0.00421
8	0.00975	0.00907	0.01496	0.04225	0.52233	0.00896	0.02962	0.01203	0.01039	0.01436	0.01659	0.17244	0.10289	0.00712	0.00505	0.00153	0.00476	0.00665	0.00295	0.00629
9	0.01125	0.04143	0.42312	0.01183	0.01672	0.10337	0.01280	0.01883	0.28025	0.01608	0.01196	0.01234	0.00888	0.00517	0.00452	0.00148	0.00598	0.00404	0.00301	0.00694
10	0.01139	0.01085	0.01843	0.02767	0.76084	0.01083	0.01392	0.01416	0.01088	0.01560	0.05267	0.01297	0.00951	0.00450	0.00472	0.00140	0.00542	0.00444	0.00249	0.00730
11	0.03567	0.01600	0.21824	0.11269	0.21811	0.13197	0.10246	0.04922	0.01122	0.01507	0.00857	0.01078	0.00664	0.00445	0.00457	0.00141	0.00658	0.00390	0.00238	0.04007
12	0.00675	0.00500	0.00730	0.00730	0.00805	0.00574	0.00555	0.00824	0.00750	0.01074	0.01288	0.01993	0.01240	0.12667	0.72513	0.00723	0.01171	0.00526	0.00256	0.00406
13	0.14488	0.04889	0.01173	0.00960	0.01253	0.12514	0.00764	0.16258	0.38842	0.02025	0.01358	0.01320	0.01026	0.00563	0.00434	0.00146	0.00471	0.00426	0.00404	0.00686
14	0.00959	0.00529	0.00704	0.00662	0.00798	0.00481	0.00491	0.01116	0.01181	0.18626	0.37742	0.24689	0.03199	0.03339	0.00640	0.02684	0.00287	0.00886	0.00495	0.00494
15	0.00749	0.00543	0.00719	0.00842	0.09749	0.00531	0.00497	0.02755	0.00880	0.01176	0.06330	0.18711	0.10153	0.31757	0.01403	0.11312	0.00392	0.00786	0.00333	0.00381
16	0.01444	0.01632	0.01564	0.09370	0.01747	0.38173	0.12982	0.08463	0.07878	0.01440	0.00898	0.01078	0.00715	0.00530	0.00587	0.00146	0.10090	0.00397	0.00275	0.00594
17	0.01952	0.00996	0.01206	0.00932	0.01296	0.00989	0.00767	0.29304	0.05750	0.49264	0.01607	0.01446	0.01053	0.00580	0.00474	0.00145	0.00441	0.00460	0.00539	0.00799
18	0.00747	0.00460	0.00551	0.00574	0.00630	0.00454	0.00404	0.00829	0.00865	0.01250	0.04096	0.07934	0.05229	0.29686	0.01307	0.10105	0.00363	0.13000	0.21164	0.00353
19	0.00685	0.00492	0.00623	0.00714	0.04810	0.00480	0.00445	0.00752	0.00830	0.01098	0.02042	0.23147	0.06727	0.44268	0.01539	0.00329	0.00402	0.09914	0.00347	0.00358

[dist]
# distance from previous block
# <min> <max>
1	5

[block]
# block no. 3 follows, 54 sequences, length 190
# corresponding to MSA columns:
# 360-549
name=unknown_D
#
# <colnr> <probs for GDERKNQSTAVLIFYWHMCP>
#	G	D	E	R	K	N	Q	S	T	A	V	L	I	F	Y	W	H	M	C	P
0	0.01289	0.01344	0.01663	0.05038	0.50315	0.19201	0.01224	0.03235	0.02551	0.01480	0.00869	0.01093	0.00721	0.00438	0.00448	0.00131	0.00606	0.00384	0.00248	0.07719
1	0.01173	0.01013	0.01066	0.00960	0.01226	0.01173	0.00746	0.02505	0.79636	0.01972	0.01919	0.01759	0.01439	0.00640	0.00480	0.00160	0.00373	0.00533	0.00480	0.00746
2	0.01336	0.01063	0.01149	0.00992	0.01277	0.01198	0.00799	0.28375	0.44048	0.02247	0.01718	0.01962	0.01371	0.00692	0.00497	0.00160	0.00430	0.09485	0.00472	0.00729
3	0.01323	0.07950	0.01763	0.02009	0.42952	0.02668	0.03547	0.20601	0.02572	0.01857	0.00940	0.01116	0.00752	0.00453	0.00447	0.00132	0.00538	0.00400	0.00298	0.07681
4	0.00890	0.00838	0.01414	0.82296	0.03247	0.01048	0.01309	0.01205	0.00943	0.01205	0.00838	0.01257	0.00629	0.00471	0.00471	0.00157	0.00629	0.00419	0.00210	0.00524
5	0.00674	0.00461	0.00560	0.00600	0.00623	0.00455	0.00392	0.00725	0.00795	0.01054	0.01880	0.20388	0.02169	0.53149	0.01744	0.00363	0.00415	0.12883	0.00341	0.00330
6	0.01318	0.72011	0.02310	0.00866	0.01241	0.11724	0.00824	0.01465	0.01000	0.01115	0.00664	0.00773	0.00606	0.00422	0.00342	0.00105	0.02149	0.00262	0.00207	0.00596
7	0.00974	0.09850	0.73827	0.01295	0.01965	0.01165	0.01657	0.01486	0.00992	0.01458	0.00829	0.00974	0.00598	0.00444	0.00435	0.00145	0.00679	0.00340	0.00199	0.00688
8	0.01761	0.02247	0.01336	0.01215	0.01458	0.81537	0.00911	0.01883	0.01336	0.01154	0.00729	0.00850	0.00607	0.00486	0.00425	0.00121	0.00850	0.00304	0.00243	0.00547
9	0.01618	0.01234	0.01317	0.01050	0.01396	0.01381	0.00854	0.57383	0.24035	0.02690	0.01354	0.01309	0.00981	0.00587	0.00474	0.00147	0.00478	0.00455	0.00474	0.00786
10	0.01167	0.01120	0.01914	0.02894	0.80488	0.01120	0.01447	0.01447	0.01074	0.01540	0.00887	0.01167	0.00747	0.00420	0.00467	0.00140	0.00560	0.00420	0.00233	0.00747
11	0.00663	0.00484	0.00637	0.00632	0.00737	0.00459	0.00482	0.00862	0.01211	0.01684	0.55058	0.10082	0.08623	0.01265	0.07219	0.00209	0.00334	0.08449	0.00477	0.00434
12	0.00585	0.00479	0.00516	0.00507	0.00654	0.00410	0.00380	0.00730	0.01140	0.01429	0.23750	0.04282	0.61226	0.01136	0.00557	0.00156	0.00235	0.00959	0.00458	0.00410
13	0.00782	0.00457	0.00507	0.00494	0.00609	0.00438	0.00371	0.00994	0.01112	0.01763	0.28193	0.02578	0.08788	0.00741	0.00424	0.00127	0.00222	0.00624	0.50341	0.00438
14	0.00667	0.00482	0.00630	0.00593	0.00704	0.00445	0.00445	0.00890	0.01335	0.01891	0.80239	0.03522	0.04449	0.00964	0.00556	0.00148	0.00222	0.00853	0.00519	0.00445
15	0.01029	0.23985	0.60171	0.01201	0.01821	0.01299	0.01494	0.01472	0.00986	0.01391	0.00796	0.00932	0.00599	0.00436	0.00409	0.00136	0.00646	0.00323	0.00200	0.00673
16	0.86760	0.00912	0.00693	0.00620	0.00912	0.01058	0.00511	0.01386	0.00802	0.02115	0.00657	0.00766	0.00511	0.00438	0.00292	0.00146	0.00365	0.00255	0.00292	0.00511
17	0.00986	0.00866	0.01093	0.00781	0.01204	0.00665	0.05574	0.01208	0.00986	0.01535	0.00845	0.00997	0.00699	0.00352	0.00362	0.00076	0.00378	0.00297	0.00277	0.80818
18	0.00562	0.00478	0.00483	0.00482	0.00637	0.00400	0.00360	0.00683	0.01078	0.01288	0.07076	0.04487	0.76901	0.02277	0.00582	0.00163	0.00241	0.00987	0.00438	0.00398
19	0.08487	0.00811	0.01064	0.00822	0.01182	0.00720	0.00679	0.02229	0.01308	0.74891	0.01770	0.01542	0.01118	0.00573	0.00460	0.00146	0.00398	0.00458	0.00562	0.00780
20	0.03753	0.00958	0.01181	0.00907	0.01274	0.00928	0.00749	0.24897	0.01594	0.56224	0.01621	0.01448	0.01046	0.00575	0.00470	0.00145	0.00435	0.00455	0.00545	0.00796
21	0.86760	0.00912	0.00693	0.00620	0.00912	0.01058	0.00511	0.01386	0.00802	0.02115	0.00657	0.00766	0.00511	0.00438	0.00292	0.00146	0.00365	0.00255	0.00292	0.00511
22	0.01167	0.01120	0.01914	0.02894	0.80488	0.01120	0.01447	0.01447	0.01074	0.01540	0.00887	0.01167	0.00747	0.00420	0.00467	0.00140	0.00560	0.00420	0.00233	0.00747
23	0.01582	0.01216	0.01297	0.01042	0.01382	0.01364	0.00845	0.52968	0.28508	0.02632	0.01399	0.01345	0.01018	0.00591	0.00474	0.00148	0.00469	0.00461	0.00474	0.00783
24	0.01485	0.01014	0.01639	0.02205	0.53903	0.00977	0.01194	0.01732	0.01166	0.28122	0.01213	0.01314	0.00888	0.00475	0.00469	0.00142	0.00507	0.00438	0.00351	0.00765
25	0.00677	0.00453	0.00517	0.00526	0.00528	0.00451	0.00298	0.00683	0.00703	0.00938	0.01576	0.09576	0.01828	0.76783	0.02254	0.00436	0.00442	0.00739	0.00298	0.00294
26	0.03863	0.00805	0.01086	0.00834	0.01198	0.00701	0.00689	0.02279	0.01338	0.79190	0.01835	0.01588	0.01154	0.00581	0.00470	0.00146	0.00400	0.00470	0.00578	0.00796
27	0.01149	0.01162	0.04394	0.02746	0.71002	0.01115	0.07136	0.01445	0.01074	0.01535	0.00917	0.01239	0.00773	0.00434	0.00476	0.00143	0.00580	0.01712	0.00236	0.00732
28	0.00949	0.02419	0.79648	0.01355	0.02048	0.01097	0.03061	0.01493	0.00997	0.01493	0.00848	0.01000	0.00599	0.00447	0.00450	0.00149	0.00699	0.00352	0.00200	0.00696
29	0.00574	0.00410	0.00547	0.00657	0.00684	0.00383	0.00438	0.00657	0.00903	0.01204	0.02599	0.83122	0.03119	0.01477	0.00602	0.00191	0.00274	0.01340	0.00438	0.00383
30	0.02115	0.00802	0.01094	0.00839	0.01204	0.00693	0.00693	0.02298	0.01350	0.80815	0.01860	0.01605	0.01167	0.00584	0.00474	0.00146	0.00401	0.00474	0.00584	0.00802
31	0.03246	0.22523	0.27415	0.01057	0.01536	0.01241	0.03828	0.07459	0.07150	0.18497	0.01117	0.01138	0.00803	0.00487	0.00421	0.00137	0.00543	0.00376	0.00327	0.00701
32	0.00975	0.05173	0.71749	0.01452	0.08452	0.01124	0.01685	0.01487	0.01001	0.01484	0.00843	0.01001	0.00610	0.00444	0.00444	0.00147	0.00679	0.00351	0.00202	0.00698
33	0.00574	0.00410	0.00547	0.00657	0.00684	0.00383	0.00438	0.00657	0.00903	0.01204	0.02599	0.83122	0.03119	0.01477	0.00602	0.00191	0.00274	0.01340	0.00438	0.00383
34	0.01095	0.40971	0.43762	0.01089	0.01647	0.01460	0.01299	0.01455	0.00978	0.01311	0.00756	0.00882	0.00601	0.00427	0.00379	0.00126	0.00606	0.00303	0.00200	0.00653
35	0.00760	0.00543	0.00760	0.00868	0.00977	0.00543	0.00760	0.00977	0.01085	0.01411	0.02496	0.05319	0.02714	0.01303	0.00651	0.00217	0.00434	0.77315	0.00434	0.00434
36	0.00979	0.00966	0.03659	0.01726	0.24840	0.00955	0.19930	0.01230	0.01004	0.01432	0.01328	0.16098	0.01304	0.00718	0.00640	0.00165	0.10157	0.05547	0.06739	0.00583
37	0.00674	0.00505	0.00758	0.00758	0.00842	0.00589	0.00589	0.00842	0.00758	0.01095	0.01263	0.01852	0.01179	0.03536	0.81561	0.00758	0.01263	0.00505	0.00253	0.00421
38	0.00672	0.00472	0.00607	0.00620	0.00669	0.00480	0.00428	0.00771	0.00868	0.01193	0.15696	0.12409	0.02315	0.36547	0.18886	0.00421	0.00567	0.05666	0.00348	0.00364
39	0.00978	0.00838	0.00978	0.00698	0.01117	0.00629	0.00559	0.01187	0.00978	0.01536	0.00838	0.00978	0.00698	0.00349	0.00349	0.00070	0.00349	0.00279	0.00279	0.86312
40	0.01399	0.03335	0.38659	0.01249	0.01786	0.00981	0.13076	0.01784	0.01140	0.30093	0.01224	0.01252	0.00821	0.00488	0.00471	0.00149	0.00601	0.00423	0.00344	0.00724
41	0.01025	0.00643	0.00808	0.00686	0.00907	0.00580	0.00534	0.01330	0.07706	0.16298	0.46322	0.02605	0.02980	0.00766	0.00501	0.00136	0.00289	0.00662	0.00488	0.14732
42	0.01355	0.23176	0.01511	0.00986	0.01284	0.21799	0.00806	0.03231	0.37752	0.01552	0.01271	0.01253	0.00998	0.00537	0.00419	0.00134	0.00531	0.00399	0.00346	0.00659
43	0.00702	0.00502	0.00694	0.00803	0.00886	0.00493	0.00660	0.00878	0.01029	0.01347	0.02528	0.29430	0.02839	0.01357	0.00636	0.00209	0.00384	0.53770	0.00435	0.00418
44	0.01261	0.83713	0.02471	0.00807	0.01210	0.01866	0.00807	0.01412	0.00958	0.01109	0.00656	0.00756	0.00605	0.00403	0.00303	0.00101	0.00504	0.00252	0.00202	0.00605
45	0.01068	0.16040	0.01173	0.02541	0.01098	0.20473	0.00705	0.02932	0.03828	0.01270	0.01685	0.30698	0.01833	0.00946	0.00502	0.00159	0.00495	0.11715	0.00345	0.00495
46	0.00614	0.00483	0.00591	0.00591	0.00710	0.00467	0.00446	0.00752	0.00975	0.01260	0.11073	0.06259	0.40773	0.03719	0.27418	0.01686	0.00585	0.00815	0.00378	0.00404
47	0.00674	0.00502	0.00742	0.00742	0.00820	0.00581	0.00569	0.00832	0.00753	0.01083	0.01278	0.01935	0.01214	0.08866	0.76280	0.00738	0.01209	0.00517	0.00255	0.00412
48	0.00566	0.00478	0.00490	0.00487	0.00643	0.00402	0.00365	0.00694	0.01096	0.01325	0.11085	0.04453	0.73957	0.01175	0.00557	0.00158	0.00237	0.00983	0.00445	0.00402
49	0.01761	0.02247	0.01336	0.01215	0.01458	0.81537	0.00911	0.01883	0.01336	0.01154	0.00729	0.00850	0.00607	0.00486	0.00425	0.00121	0.00850	0.00304	0.00243	0.00547
50	0.01426	0.01243	0.10552	0.00960	0.01389	0.01068	0.00861	0.36777	0.01572	0.07781	0.01045	0.01094	0.00767	0.00476	0.00425	0.00117	0.00471	0.00367	0.00379	0.31228
51	0.00674	0.00505	0.00758	0.00758	0.00842	0.00589	0.00589	0.00842	0.00758	0.01095	0.01263	0.01852	0.01179	0.03536	0.81561	0.00758	0.01263	0.00505	0.00253	0.00421
52	0.84607	0.00921	0.00746	0.00654	0.00951	0.01061	0.02478	0.01389	0.00810	0.02100	0.00664	0.00779	0.00516	0.00437	0.00298	0.00146	0.00376	0.00263	0.00290	0.00514
53	0.00674	0.00502	0.00741	0.00741	0.00820	0.00580	0.00569	0.00831	0.00753	0.01082	0.01278	0.01937	0.01215	0.08998	0.76150	0.00737	0.01208	0.00518	0.00255	0.00412
54	0.01261	0.83713	0.02471	0.00807	0.01210	0.01866	0.00807	0.01412	0.00958	0.01109	0.00656	0.00756	0.00605	0.00403	0.00303	0.00101	0.00504	0.00252	0.00202	0.00605
55	0.00699	0.00499	0.00689	0.00798	0.00880	0.00490	0.00653	0.00871	0.01025	0.01342	0.02530	0.31044	0.02847	0.01360	0.00635	0.00209	0.00381	0.52194	0.00435	0.00417
56	0.00890	0.00838	0.01414	0.82296	0.03247	0.01048	0.01309	0.01205	0.00943	0.01205	0.00838	0.01257	0.00629	0.00471	0.00471	0.00157	0.00629	0.00419	0.00210	0.00524
57	0.01136	0.01134	0.02170	0.02349	0.42313	0.01098	0.32806	0.01450	0.01087	0.03502	0.01034	0.05807	0.00877	0.00474	0.00511	0.00151	0.00636	0.00528	0.00256	0.00683
58	0.00576	0.00412	0.00549	0.00655	0.00684	0.00384	0.00438	0.00661	0.00912	0.01218	0.04188	0.81492	0.03146	0.01467	0.00601	0.00191	0.00273	0.01330	0.00439	0.00384
59	0.01261	0.83713	0.02471	0.00807	0.01210	0.01866	0.00807	0.01412	0.00958	0.01109	0.00656	0.00756	0.00605	0.00403	0.00303	0.00101	0.00504	0.00252	0.00202	0.00605
60	0.01102	0.07664	0.01144	0.00754	0.01148	0.00800	0.00621	0.03874	0.01029	0.06521	0.00887	0.01007	0.00720	0.00398	0.00412	0.00086	0.04153	0.00300	0.00295	0.67085
61	0.01061	0.01392	0.15685	0.01948	0.15151	0.01115	0.48329	0.01446	0.01074	0.01494	0.01024	0.06132	0.00845	0.00475	0.00526	0.00156	0.00708	0.00546	0.00243	0.00649
62	0.00599	0.00428	0.00575	0.00684	0.00722	0.00404	0.00480	0.00698	0.00927	0.01231	0.02585	0.72980	0.03066	0.01454	0.00608	0.00195	0.00294	0.11244	0.00437	0.00390
63	0.00978	0.00838	0.00978	0.00698	0.01117	0.00629	0.00559	0.01187	0.00978	0.01536	0.00838	0.00978	0.00698	0.00349	0.00349	0.00070	0.00349	0.00279	0.00279	0.86312
64	0.02331	0.04100	0.26262	0.00980	0.04178	0.00831	0.00969	0.01332	0.01026	0.05155	0.06625	0.01192	0.00955	0.00441	0.00403	0.00109	0.00465	0.00355	0.00281	0.42011
65	0.08600	0.01359	0.03657	0.01017	0.01333	0.16186	0.00830	0.36821	0.09895	0.07416	0.01250	0.07314	0.01001	0.00614	0.00458	0.00144	0.00532	0.00469	0.00412	0.00690
66	0.00827	0.00493	0.00574	0.00594	0.00709	0.00493	0.00475	0.01085	0.03835	0.01693	0.13313	0.02960	0.02089	0.00813	0.00453	0.00146	0.00282	0.20884	0.47831	0.00450
67	0.00983	0.00981	0.01808	0.51767	0.14475	0.01092	0.19464	0.01312	0.01002	0.01326	0.00872	0.01247	0.00666	0.00447	0.00491	0.00155	0.00657	0.00451	0.00220	0.00583
68	0.01792	0.01321	0.01415	0.01085	0.01462	0.01462	0.00896	0.78916	0.02217	0.02972	0.01132	0.01132	0.00802	0.00566	0.00472	0.00142	0.00519	0.00425	0.00472	0.00802
69	0.00680	0.00479	0.00623	0.00622	0.00661	0.00515	0.00422	0.00757	0.00727	0.01008	0.02575	0.02550	0.01520	0.47065	0.37171	0.00585	0.00808	0.00609	0.00275	0.00348
70	0.01261	0.83713	0.02471	0.00807	0.01210	0.01866	0.00807	0.01412	0.00958	0.01109	0.00656	0.00756	0.00605	0.00403	0.00303	0.00101	0.00504	0.00252	0.00202	0.00605
71	0.00775	0.00722	0.07258	0.00681	0.00860	0.03229	0.00573	0.01028	0.02943	0.04533	0.56656	0.05229	0.11850	0.00923	0.00540	0.00150	0.00295	0.00800	0.00474	0.00481
72	0.01302	0.00951	0.01392	0.16916	0.26273	0.00984	0.01040	0.08746	0.08156	0.16329	0.06119	0.01459	0.01103	0.00525	0.00468	0.00142	0.00485	0.00460	0.01665	0.05485
73	0.01460	0.07345	0.01674	0.01942	0.36978	0.39895	0.01145	0.01654	0.01192	0.01325	0.00795	0.00986	0.00670	0.00451	0.00435	0.00128	0.00696	0.00352	0.00236	0.00641
74	0.00686	0.00457	0.00514	0.00514	0.00514	0.00457	0.00286	0.00686	0.00686	0.00914	0.01486	0.03086	0.01714	0.83430	0.02400	0.00457	0.00457	0.00686	0.00286	0.00286
75	0.00839	0.00527	0.00620	0.00603	0.00684	0.00581	0.00459	0.01022	0.00965	0.01595	0.08018	0.13769	0.01668	0.00761	0.00569	0.00139	0.12475	0.00602	0.53659	0.00443
76	0.01118	0.01074	0.06918	0.08942	0.17361	0.00961	0.28908	0.01416	0.01076	0.10661	0.01316	0.14453	0.01174	0.00620	0.00523	0.00159	0.00593	0.01790	0.00307	0.00627
77	0.01352	0.45124	0.12881	0.01009	0.01396	0.24306	0.00967	0.01590	0.03838	0.01206	0.00746	0.00856	0.00634	0.00448	0.00385	0.00117	0.02025	0.00293	0.00223	0.00605
78	0.00978	0.00838	0.00978	0.00698	0.01117	0.00629	0.00559	0.01187	0.00978	0.01536	0.00838	0.00978	0.00698	0.00349	0.00349	0.00070	0.00349	0.00279	0.00279	0.86312
79	0.02652	0.01592	0.01264	0.01184	0.05787	0.37980	0.00870	0.14515	0.19152	0.01667	0.01116	0.01201	0.00881	0.00780	0.07106	0.00187	0.00699	0.00398	0.00335	0.00634
80	0.07132	0.02633	0.01398	0.01184	0.01238	0.10013	0.00978	0.01238	0.00798	0.01205	0.00634	0.00989	0.00610	0.00754	0.01317	0.00191	0.66565	0.00387	0.00216	0.00520
81	0.01013	0.20019	0.02664	0.35201	0.06084	0.02787	0.00995	0.02743	0.00978	0.01271	0.02287	0.04091	0.00854	0.05133	0.00549	0.00151	0.01936	0.00416	0.00240	0.10589
82	0.01090	0.01128	0.00939	0.00914	0.01049	0.27718	0.02018	0.07418	0.01154	0.01334	0.01784	0.45781	0.01996	0.01039	0.00551	0.00164	0.02195	0.00886	0.00367	0.00479
83	0.01543	0.00704	0.00929	0.00761	0.01030	0.00638	0.00610	0.01818	0.06658	0.47767	0.29369	0.02288	0.02337	0.00721	0.00503	0.00148	0.00337	0.00611	0.00554	0.00673
84	0.08711	0.00812	0.01060	0.00819	0.01179	0.00720	0.00676	0.02203	0.01299	0.72966	0.01744	0.01526	0.01106	0.00567	0.00457	0.00144	0.00397	0.00453	0.00554	0.02607
85	0.01213	0.01121	0.01651	0.03322	0.01676	0.03921	0.26218	0.12533	0.25447	0.03142	0.01382	0.06874	0.01112	0.00572	0.00499	0.00150	0.00546	0.00547	0.00367	0.07706
86	0.00685	0.00459	0.00526	0.00526	0.00529	0.00463	0.00300	0.00693	0.00689	0.00923	0.01475	0.03028	0.01689	0.79714	0.06082	0.00471	0.00495	0.00677	0.00284	0.00292
87	0.01113	0.01272	0.02782	0.01987	0.02464	0.01192	0.78776	0.01510	0.01113	0.01510	0.00954	0.01272	0.00715	0.00397	0.00556	0.00159	0.00795	0.00556	0.00238	0.00636
88	0.00683	0.00624	0.00586	0.00575	0.00728	0.07072	0.00434	0.00823	0.01139	0.01376	0.17728	0.05805	0.56063	0.01105	0.00550	0.00157	0.00293	0.03403	0.00436	0.00419
89	0.00937	0.00888	0.01487	0.64038	0.07297	0.01057	0.06455	0.01334	0.07421	0.01307	0.00975	0.03043	0.00761	0.00499	0.00480	0.00157	0.00607	0.00457	0.00240	0.00559
90	0.00760	0.00543	0.00760	0.00868	0.00977	0.00543	0.00760	0.00977	0.01085	0.01411	0.02496	0.05319	0.02714	0.01303	0.00651	0.00217	0.00434	0.77315	0.00434	0.00434
91	0.00646	0.00477	0.00693	0.00730	0.00797	0.00525	0.00548	0.00789	0.00812	0.01137	0.01708	0.26846	0.01817	0.02841	0.54416	0.00569	0.00936	0.02989	0.00315	0.00410
92	0.00774	0.00593	0.00834	0.00881	0.02648	0.00614	0.02371	0.00983	0.01096	0.01482	0.16185	0.04312	0.07133	0.01134	0.00686	0.00194	0.07131	0.47289	0.03207	0.00452
93	0.00681	0.00886	0.17574	0.00868	0.01065	0.00578	0.05012	0.00880	0.00940	0.01284	0.02216	0.58616	0.05156	0.01192	0.00565	0.00180	0.00390	0.01077	0.00377	0.00463
94	0.00913	0.00861	0.01455	0.75778	0.09588	0.01054	0.01321	0.01225	0.00954	0.01232	0.00842	0.01250	0.00638	0.00467	0.00471	0.00156	0.00623	0.00419	0.00211	0.00542
95	0.00670	0.00484	0.00667	0.00670	0.00731	0.00527	0.00484	0.00793	0.00803	0.01130	0.09010	0.07554	0.01761	0.24550	0.47376	0.00582	0.00884	0.00641	0.00299	0.00385
96	0.01680	0.01457	0.08340	0.01109	0.01495	0.07071	0.00966	0.63967	0.02008	0.02659	0.01126	0.01247	0.00837	0.00576	0.00473	0.00143	0.00555	0.03099	0.00430	0.00762
97	0.01213	0.08138	0.02565	0.01782	0.02226	0.09219	0.61916	0.04266	0.01161	0.01494	0.00913	0.01183	0.00699	0.00413	0.00520	0.00150	0.00767	0.00502	0.00244	0.00630
98	0.00703	0.00548	0.00814	0.00797	0.00874	0.00660	0.00626	0.00866	0.00755	0.01098	0.01210	0.01785	0.01133	0.03314	0.74992	0.00712	0.07937	0.00498	0.00249	0.00429
99	0.00649	0.00493	0.00537	0.00518	0.00676	0.00421	0.00391	0.00793	0.01141	0.04891	0.20506	0.04196	0.60889	0.01119	0.00553	0.00156	0.00243	0.00942	0.00461	0.00426
100	0.01261	0.83713	0.02471	0.00807	0.01210	0.01866	0.00807	0.01412	0.00958	0.01109	0.00656	0.00756	0.00605	0.00403	0.00303	0.00101	0.00504	0.00252	0.00202	0.00605
101	0.05070	0.00816	0.01086	0.00836	0.01198	0.00721	0.00691	0.03761	0.01347	0.76543	0.01804	0.01566	0.01137	0.00578	0.00468	0.00146	0.00402	0.00466	0.00571	0.00792
102	0.00574	0.00410	0.00547	0.00657	0.00684	0.00383	0.00438	0.00657	0.00903	0.01204	0.02599	0.83122	0.03119	0.01477	0.00602	0.00191	0.00274	0.01340	0.00438	0.00383
103	0.03058	0.00980	0.01721	0.01266	0.01672	0.00886	0.29981	0.01988	0.01252	0.49840	0.01501	0.01467	0.00987	0.00511	0.00502	0.00151	0.00548	0.00502	0.00450	0.00735
104	0.01032	0.01032	0.01444	0.01238	0.01238	0.01444	0.01032	0.01135	0.00722	0.01135	0.00619	0.01032	0.00619	0.00825	0.01547	0.00206	0.82567	0.00413	0.00206	0.00516
105	0.00574	0.00448	0.00522	0.00567	0.00664	0.00395	0.00401	0.00686	0.01020	0.01295	0.10265	0.39396	0.39487	0.01300	0.00577	0.00173	0.00253	0.01136	0.00445	0.00395
106	0.00632	0.00434	0.00530	0.00583	0.00597	0.00421	0.00359	0.00672	0.00791	0.01055	0.02025	0.41900	0.02395	0.43686	0.01528	0.00328	0.00368	0.01003	0.00359	0.00333
107	0.01792	0.01321	0.01415	0.01085	0.01462	0.01462	0.00896	0.78916	0.02217	0.02972	0.01132	0.01132	0.00802	0.00566	0.00472	0.00142	0.00519	0.00425	0.00472	0.00802
108	0.01173	0.01013	0.01066	0.00960	0.01226	0.01173	0.00746	0.02505	0.79636	0.01972	0.01919	0.01759	0.01439	0.00640	0.00480	0.00160	0.00373	0.00533	0.00480	0.00746
109	0.86760	0.00912	0.00693	0.00620	0.00912	0.01058	0.00511	0.01386	0.00802	0.02115	0.00657	0.00766	0.00511	0.00438	0.00292	0.00146	0.00365	0.00255	0.00292	0.00511
110	0.01069	0.01581	0.23515	0.01817	0.02352	0.01167	0.58353	0.01506	0.01082	0.01506	0.00925	0.01199	0.00684	0.00411	0.00528	0.00156	0.00769	0.00501	0.00228	0.00652
111	0.86760	0.00912	0.00693	0.00620	0.00912	0.01058	0.00511	0.01386	0.00802	0.02115	0.00657	0.00766	0.00511	0.00438	0.00292	0.00146	0.00365	0.00255	0.00292	0.00511
112	0.00667	0.00482	0.00630	0.00593	0.00704	0.00445	0.00445	0.00890	0.01335	0.01891	0.80239	0.03522	0.04449	0.00964	0.00556	0.00148	0.00222	0.00853	0.00519	0.00445
113	0.00658	0.00482	0.00618	0.00584	0.00699	0.00441	0.00438	0.00872	0.01313	0.01840	0.74045	0.03605	0.10675	0.00983	0.00556	0.00149	0.00224	0.00864	0.00512	0.00441
114	0.00671	0.00487	0.00613	0.00678	0.00742	0.00478	0.00470	0.03218	0.06429	0.01386	0.08845	0.65721	0.02977	0.01318	0.00577	0.00181	0.00282	0.01186	0.03313	0.00428
115	0.01211	0.41704	0.30693	0.01080	0.01569	0.12275	0.02768	0.01507	0.01026	0.01262	0.00740	0.00866	0.00605	0.00430	0.00377	0.00122	0.00626	0.00300	0.00207	0.00631
116	0.00890	0.00838	0.01414	0.82296	0.03247	0.01048	0.01309	0.01205	0.00943	0.01205	0.00838	0.01257	0.00629	0.00471	0.00471	0.00157	0.00629	0.00419	0.00210	0.00524
117	0.01670	0.01203	0.01284	0.00998	0.01340	0.01325	0.00820	0.68491	0.02052	0.02809	0.01186	0.01216	0.00856	0.00564	0.00453	0.00137	0.00479	0.00427	0.11936	0.00753
118	0.00937	0.00670	0.00788	0.00625	0.00905	0.00549	0.00489	0.01150	0.01075	0.05100	0.18644	0.01740	0.01662	0.00539	0.00396	0.00099	0.00295	0.00450	0.19097	0.44789
119	0.00682	0.00504	0.00719	0.00715	0.00781	0.00576	0.00534	0.00814	0.00742	0.01058	0.01299	0.02093	0.01280	0.19953	0.63973	0.00687	0.02396	0.00541	0.00259	0.00395
120	0.01792	0.01321	0.01415	0.01085	0.01462	0.01462	0.00896	0.78916	0.02217	0.02972	0.01132	0.01132	0.00802	0.00566	0.00472	0.00142	0.00519	0.00425	0.00472	0.00802
121	0.01261	0.83713	0.02471	0.00807	0.01210	0.01866	0.00807	0.01412	0.00958	0.01109	0.00656	0.00756	0.00605	0.00403	0.00303	0.00101	0.00504	0.00252	0.00202	0.00605
122	0.00684	0.00461	0.00537	0.00542	0.00550	0.00466	0.00320	0.00702	0.00705	0.00944	0.01521	0.05065	0.01736	0.74303	0.07532	0.00465	0.00505	0.02373	0.00291	0.00300
123	0.00656	0.00482	0.00615	0.00582	0.00698	0.00440	0.00436	0.00869	0.01309	0.01830	0.72762	0.03623	0.11965	0.00987	0.00556	0.00149	0.00224	0.00867	0.00511	0.00440
124	0.00686	0.00457	0.00514	0.00514	0.00514	0.00457	0.00286	0.00686	0.00686	0.00914	0.01486	0.03086	0.01714	0.83430	0.02400	0.00457	0.00457	0.00686	0.00286	0.00286
125	0.00769	0.00632	0.00719	0.00779	0.00876	0.07125	0.00615	0.00940	0.01103	0.01427	0.18168	0.27210	0.03011	0.01218	0.00599	0.00188	0.00379	0.33374	0.00437	0.00431
126	0.00946	0.02439	0.80987	0.01344	0.02041	0.01095	0.01742	0.01493	0.00995	0.01493	0.00846	0.00995	0.00597	0.00448	0.00448	0.00149	0.00697	0.00348	0.00199	0.00697
127	0.01916	0.00862	0.01099	0.00871	0.01217	0.00815	0.00710	0.04864	0.17099	0.62418	0.01848	0.01620	0.01210	0.00594	0.00475	0.00149	0.00399	0.00484	0.00559	0.00791
128	0.00745	0.00532	0.00742	0.00851	0.00953	0.00530	0.00733	0.00951	0.01070	0.01394	0.02505	0.11706	0.02747	0.01317	0.00647	0.00215	0.00421	0.71078	0.00434	0.00430
129	0.00745	0.00564	0.00710	0.00673	0.00684	0.00648	0.00457	0.00785	0.00701	0.00977	0.01304	0.02563	0.01452	0.58468	0.12594	0.00452	0.14997	0.00614	0.00267	0.00344
130	0.00970	0.00920	0.01558	0.59368	0.25552	0.01069	0.01349	0.01275	0.00981	0.01302	0.00852	0.01231	0.00663	0.00457	0.00470	0.00152	0.00609	0.00419	0.00216	0.00588
131	0.01361	0.01523	0.01748	0.01393	0.01668	0.30558	0.25750	0.06512	0.01189	0.01431	0.00874	0.01108	0.00706	0.00525	0.00652	0.00148	0.14562	0.00422	0.07294	0.00577
132	0.81290	0.00960	0.00754	0.00714	0.03591	0.03527	0.00554	0.01403	0.00828	0.02067	0.00666	0.00782	0.00522	0.00439	0.00302	0.00145	0.00386	0.00262	0.00288	0.00520
133	0.00691	0.00496	0.00711	0.00711	0.00790	0.00566	0.00542	0.00850	0.00771	0.01133	0.01305	0.01951	0.01227	0.10168	0.68079	0.00679	0.01108	0.00515	0.07299	0.00411
134	0.00583	0.00468	0.00523	0.00547	0.00672	0.00408	0.00405	0.00711	0.01068	0.01332	0.12263	0.20557	0.52302	0.01233	0.00571	0.00168	0.00255	0.05085	0.00446	0.00402
135	0.01742	0.01295	0.01386	0.01075	0.01443	0.01438	0.00884	0.72643	0.08572	0.02890	0.01197	0.01184	0.00854	0.00572	0.00472	0.00143	0.00507	0.00433	0.00472	0.00797
136	0.01048	0.01000	0.01695	0.36170	0.46463	0.01096	0.01381	0.01339	0.01012	0.01391	0.00861	0.01202	0.00695	0.00450	0.00491	0.00149	0.02267	0.00420	0.00223	0.00649
137	0.74759	0.00958	0.03769	0.00670	0.00985	0.01021	0.00576	0.01484	0.00866	0.10234	0.00788	0.00861	0.00582	0.00453	0.00317	0.00146	0.00381	0.00281	0.00318	0.00548
138	0.01996	0.00824	0.01091	0.00843	0.01193	0.00740	0.00694	0.08497	0.01420	0.69364	0.06826	0.01689	0.01348	0.00607	0.00479	0.00146	0.00399	0.00494	0.00570	0.00779
139	0.00878	0.00818	0.01353	0.69494	0.02893	0.01028	0.01223	0.01166	0.00912	0.01190	0.00866	0.01301	0.00681	0.00788	0.08338	0.00218	0.05702	0.00427	0.00213	0.00513
140	0.01790	0.01397	0.01409	0.01096	0.01462	0.08036	0.00897	0.72592	0.02145	0.02822	0.01099	0.01109	0.00786	0.00559	0.00468	0.00140	0.00546	0.00415	0.00453	0.00781
141	0.07828	0.00538	0.00665	0.00611	0.00753	0.00511	0.00466	0.01021	0.01292	0.06970	0.68681	0.03173	0.03915	0.00896	0.00529	0.00148	0.00246	0.00779	0.00505	0.00473
142	0.00664	0.00503	0.00735	0.00735	0.00825	0.00574	0.00570	0.00828	0.00784	0.01109	0.01551	0.02073	0.07674	0.03344	0.74911	0.00709	0.01179	0.00545	0.00268	0.00419
143	0.01082	0.01158	0.01186	0.01058	0.01211	0.25021	0.07161	0.01247	0.00956	0.01152	0.00994	0.01398	0.00897	0.02014	0.40255	0.00447	0.11595	0.00437	0.00243	0.00489
144	0.01085	0.38288	0.46354	0.01107	0.01674	0.01435	0.01330	0.01457	0.00979	0.01324	0.00762	0.00890	0.00601	0.00428	0.00384	0.00128	0.00612	0.00306	0.00200	0.00656
145	0.00679	0.00510	0.00608	0.00638	0.00737	0.00482	0.00455	0.07109	0.01098	0.01434	0.10619	0.47768	0.23554	0.01277	0.00575	0.00175	0.00279	0.01126	0.00448	0.00427
146	0.00799	0.00680	0.01068	0.45841	0.02118	0.00790	0.00931	0.01068	0.01058	0.01441	0.27039	0.02069	0.01952	0.00888	0.07151	0.00202	0.00533	0.00570	0.03317	0.00486
147	0.04867	0.01189	0.05578	0.01884	0.22758	0.03740	0.34560	0.01528	0.01133	0.09561	0.07511	0.01414	0.01058	0.00476	0.00504	0.00150	0.00625	0.00506	0.00296	0.00661
148	0.01715	0.02169	0.01343	0.01216	0.01444	0.76401	0.00919	0.01835	0.01297	0.01153	0.00722	0.00862	0.00608	0.00508	0.00497	0.00127	0.06090	0.00311	0.00241	0.00545
149	0.08199	0.01005	0.01036	0.00932	0.01200	0.01163	0.00727	0.02414	0.73165	0.01984	0.01815	0.01678	0.01363	0.00623	0.00464	0.00159	0.00372	0.00510	0.00464	0.00727
150	0.00699	0.00611	0.00576	0.00583	0.00689	0.07078	0.00408	0.00786	0.00972	0.01165	0.03225	0.13531	0.40728	0.22976	0.01044	0.00241	0.00358	0.03568	0.00381	0.00380
151	0.23580	0.04699	0.00878	0.00715	0.00947	0.03620	0.00573	0.08673	0.08231	0.03533	0.01157	0.01358	0.00936	0.02709	0.13652	0.00238	0.00521	0.00393	0.18343	0.05243
152	0.01071	0.19462	0.56226	0.01206	0.01789	0.07845	0.01449	0.01490	0.01014	0.01378	0.00834	0.02689	0.00654	0.00464	0.00419	0.00138	0.00660	0.00346	0.00208	0.00659
153	0.00578	0.00422	0.00544	0.00633	0.00680	0.00388	0.00429	0.00672	0.00946	0.01250	0.07184	0.69992	0.11713	0.01417	0.00594	0.00186	0.00267	0.01275	0.00442	0.00388
154	0.00645	0.00458	0.00614	0.00715	0.00766	0.00442	0.00531	0.00764	0.00945	0.01248	0.02474	0.50936	0.02870	0.08147	0.00766	0.00222	0.00342	0.26299	0.00424	0.00392
155	0.01116	0.01075	0.01855	0.17071	0.63918	0.01110	0.04146	0.01406	0.01052	0.01479	0.00881	0.01187	0.00725	0.00428	0.00471	0.00144	0.00581	0.00425	0.00229	0.00703
156	0.00978	0.00838	0.00978	0.00698	0.01117	0.00629	0.00559	0.01187	0.00978	0.01536	0.00838	0.00978	0.00698	0.00349	0.00349	0.00070	0.00349	0.00279	0.00279	0.86312
157	0.01032	0.01032	0.01444	0.01238	0.01238	0.01444	0.01032	0.01135	0.00722	0.01135	0.00619	0.01032	0.00619	0.00825	0.01547	0.00206	0.82567	0.00413	0.00206	0.00516
158	0.00574	0.00410	0.00547	0.00657	0.00684	0.00383	0.00438	0.00657	0.00903	0.01204	0.02599	0.83122	0.03119	0.01477	0.00602	0.00191	0.00274	0.01340	0.00438	0.00383
159	0.00662	0.00482	0.00623	0.00587	0.00701	0.00443	0.00441	0.00879	0.01322	0.01860	0.76427	0.03573	0.08281	0.00976	0.00556	0.00149	0.00223	0.00860	0.00515	0.00443
160	0.00565	0.00478	0.00488	0.00486	0.00642	0.00401	0.00364	0.00692	0.01093	0.01317	0.10074	0.04466	0.74972	0.01178	0.00557	0.00158	0.00238	0.00985	0.00444	0.00401
161	0.00674	0.00505	0.00758	0.00758	0.00842	0.00589	0.00589	0.00842	0.00758	0.01095	0.01263	0.01852	0.01179	0.03536	0.81561	0.00758	0.01263	0.00505	0.00253	0.00421
162	0.00574	0.00410	0.00547	0.00657	0.00684	0.00383	0.00438	0.00657	0.00903	0.01204	0.02599	0.83122	0.03119	0.01477	0.00602	0.00191	0.00274	0.01340	0.00438	0.00383
163	0.01261	0.83713	0.02471	0.00807	0.01210	0.01866	0.00807	0.01412	0.00958	0.01109	0.00656	0.00756	0.00605	0.00403	0.00303	0.00101	0.00504	0.00252	0.00202	0.00605
164	0.00704	0.00526	0.00761	0.01984	0.00865	0.00498	0.05542	0.00910	0.01178	0.01664	0.45404	0.19723	0.03483	0.01023	0.00555	0.00161	0.00294	0.07370	0.06910	0.00444
165	0.00990	0.00845	0.00984	0.00704	0.01123	0.00641	0.00564	0.02355	0.00996	0.01558	0.00842	0.00980	0.00700	0.00352	0.00351	0.00071	0.00352	0.00282	0.00282	0.85027
166	0.00717	0.00493	0.00644	0.00600	0.00721	0.00453	0.00452	0.00936	0.01331	0.04661	0.76235	0.03471	0.05583	0.00954	0.00553	0.00148	0.00229	0.00842	0.00520	0.00457
167	0.01436	0.34617	0.10922	0.01094	0.01495	0.19381	0.07266	0.12165	0.01249	0.05091	0.00838	0.00936	0.00666	0.00457	0.00398	0.00123	0.00624	0.00333	0.00268	0.00641
168	0.06181	0.00892	0.07598	0.01070	0.11755	0.00735	0.00795	0.01643	0.02238	0.34611	0.23384	0.02047	0.03678	0.00662	0.00485	0.00147	0.00391	0.00562	0.00466	0.00661
169	0.00741	0.00560	0.00694	0.00647	0.00781	0.00551	0.00489	0.01126	0.12783	0.01903	0.68788	0.03264	0.04009	0.00917	0.00545	0.00150	0.00244	0.00806	0.00513	0.00489
170	0.01111	0.01081	0.01912	0.02595	0.64009	0.01069	0.11203	0.01390	0.01065	0.01509	0.01036	0.07908	0.00938	0.00504	0.00489	0.00147	0.00566	0.00513	0.00251	0.00703
171	0.01153	0.35740	0.12665	0.05594	0.18662	0.01438	0.15722	0.01438	0.01016	0.01332	0.00795	0.00997	0.00656	0.00415	0.00413	0.00129	0.00602	0.00366	0.00215	0.00649
172	0.01165	0.01303	0.03021	0.35272	0.11676	0.18510	0.19517	0.01456	0.01084	0.01310	0.00848	0.01158	0.00658	0.00451	0.00481	0.00148	0.00709	0.00425	0.00226	0.00584
173	0.00561	0.00478	0.00483	0.00482	0.00639	0.00400	0.00361	0.00684	0.01084	0.01295	0.07435	0.04502	0.77625	0.01186	0.00557	0.00159	0.00238	0.00990	0.00441	0.00400
174	0.01164	0.01128	0.01958	0.02848	0.76551	0.01124	0.05349	0.01450	0.01076	0.01539	0.00890	0.01172	0.00745	0.00419	0.00471	0.00141	0.00572	0.00427	0.00234	0.00741
175	0.01602	0.01020	0.03155	0.01854	0.39412	0.00956	0.01089	0.05968	0.02546	0.35547	0.01333	0.01359	0.00938	0.00502	0.00470	0.00143	0.00490	0.00444	0.00399	0.00773
176	0.00890	0.00838	0.01414	0.82296	0.03247	0.01048	0.01309	0.01205	0.00943	0.01205	0.00838	0.01257	0.00629	0.00471	0.00471	0.00157	0.00629	0.00419	0.00210	0.00524
177	0.10598	0.01798	0.01229	0.01078	0.01354	0.54502	0.00829	0.05489	0.01325	0.16127	0.00950	0.00995	0.00710	0.00503	0.00423	0.00129	0.00701	0.00336	0.00322	0.00602
178	0.00916	0.00918	0.00794	0.00760	0.00902	0.18776	0.00567	0.02764	0.02516	0.01420	0.20703	0.17752	0.23702	0.00993	0.00577	0.00156	0.04098	0.00823	0.00404	0.00460
179	0.03848	0.32809	0.15758	0.00911	0.01352	0.07867	0.00906	0.04025	0.01050	0.03831	0.00797	0.00904	0.00650	0.00416	0.00361	0.00107	0.00519	0.00293	0.00249	0.23348
180	0.02478	0.02067	0.00995	0.00877	0.01036	0.08767	0.00699	0.01314	0.00943	0.18460	0.01245	0.01568	0.01034	0.02173	0.43854	0.00476	0.10706	0.00460	0.00318	0.00532
181	0.00946	0.02439	0.80987	0.01344	0.02041	0.01095	0.01742	0.01493	0.00995	0.01493	0.00846	0.00995	0.00597	0.00448	0.00448	0.00149	0.00697	0.00348	0.00199	0.00697
182	0.00992	0.00597	0.00831	0.00713	0.00899	0.00545	0.04280	0.01232	0.02930	0.18090	0.54664	0.03036	0.07545	0.00864	0.00538	0.00149	0.00291	0.00761	0.00514	0.00531
183	0.15745	0.01581	0.02824	0.01572	0.17812	0.33070	0.13023	0.05049	0.01192	0.02718	0.00821	0.00993	0.00653	0.00455	0.00435	0.00137	0.00677	0.00367	0.00263	0.00613
184	0.01798	0.01312	0.01410	0.01081	0.01458	0.01449	0.00893	0.77640	0.02202	0.04268	0.01144	0.01140	0.00808	0.00566	0.00472	0.00142	0.00517	0.00425	0.00474	0.00802
185	0.01139	0.01075	0.01747	0.02504	0.66045	0.01050	0.01292	0.01446	0.03827	0.01555	0.00916	0.01160	0.00764	0.00417	0.00450	0.00130	0.00523	0.00403	0.00249	0.13307
186	0.01069	0.00567	0.00755	0.00668	0.00844	0.00510	0.00514	0.01269	0.01303	0.24140	0.51714	0.09515	0.03412	0.00899	0.00537	0.00151	0.00277	0.00786	0.00531	0.00541
187	0.00654	0.00444	0.00524	0.00554	0.00562	0.00436	0.00329	0.00677	0.00747	0.00996	0.01800	0.25706	0.02111	0.60268	0.01892	0.00382	0.00405	0.00871	0.00329	0.00313
188	0.01397	0.01197	0.01258	0.01173	0.07819	0.06667	0.00860	0.25211	0.44779	0.02180	0.01519	0.01462	0.01136	0.00589	0.00473	0.00150	0.00464	0.00476	0.00441	0.00750
189	0.01247	0.73551	0.09738	0.00870	0.01295	0.04339	0.00897	0.01434	0.00974	0.01146	0.00676	0.00782	0.00604	0.00410	0.00320	0.00106	0.00533	0.00263	0.00203	0.00612

[dist]
# distance from previous block
# <min> <max>
0	1

[block]
# block no. 4 follows, 54 sequences, length 51
# corresponding to MSA columns:
# 551-601
name=unknown_E
#
# <colnr> <probs for GDERKNQSTAVLIFYWHMCP>
#	G	D	E	R	K	N	Q	S	T	A	V	L	I	F	Y	W	H	M	C	P
0	0.01581	0.05898	0.03470	0.01433	0.10710	0.03895	0.22826	0.03506	0.05274	0.34478	0.01348	0.01369	0.00933	0.00498	0.00484	0.00146	0.00560	0.00471	0.00396	0.00723
1	0.00675	0.00500	0.00730	0.00730	0.00804	0.00574	0.00554	0.00824	0.00749	0.01074	0.01289	0.01994	0.01240	0.12723	0.72458	0.00723	0.01170	0.00526	0.00256	0.00405
2	0.00574	0.00410	0.00547	0.00657	0.00684	0.00383	0.00438	0.00657	0.00903	0.01204	0.02599	0.83122	0.03119	0.01477	0.00602	0.00191	0.00274	0.01340	0.00438	0.00383
