[name]
unknown

[dist]
# distance from previous block
# <min> <max>
0	19

[block]
# block no. 0 follows, 49 sequences, length 7
# corresponding to MSA columns:
# 19-25
name=unknown_A
#
# <colnr> <probs for GDERKNQSTAVLIFYWHMCP>
#	G	D	E	R	K	N	Q	S	T	A	V	L	I	F	Y	W	H	M	C	P
0	0.01623	0.00778	0.01043	0.00931	0.01205	0.00729	0.00788	0.06815	0.01387	0.40981	0.02236	0.03395	0.01937	0.00955	0.00590	0.00189	0.00454	0.32725	0.00549	0.00691
1	0.01798	0.01090	0.01252	0.01017	0.01372	0.01151	0.00821	0.22037	0.30534	0.30526	0.01816	0.01651	0.01260	0.00644	0.00510	0.00161	0.00452	0.00518	0.00553	0.00838
2	0.23338	0.01087	0.01124	0.00932	0.01241	0.01212	0.00751	0.32617	0.10068	0.06563	0.01255	0.01418	0.00976	0.05518	0.09504	0.00248	0.00575	0.00450	0.00426	0.00696
3	0.01058	0.00728	0.00632	0.00590	0.00755	0.09421	0.00446	0.01281	0.01101	0.01791	0.01483	0.01699	0.01173	0.00562	0.00367	0.00115	0.00324	0.00439	0.67709	0.08324
4	0.01215	0.00807	0.00969	0.00844	0.01077	0.00802	0.00672	0.20864	0.01566	0.10815	0.26494	0.11651	0.05321	0.00953	0.00568	0.00166	0.00382	0.09167	0.00515	0.05151
5	0.01271	0.01267	0.06318	0.02058	0.34537	0.01152	0.12644	0.10901	0.04563	0.01852	0.01028	0.01239	0.00815	0.00462	0.00490	0.00140	0.00587	0.00443	0.00302	0.17931
6	0.06342	0.07771	0.04121	0.01410	0.11111	0.05318	0.12402	0.12437	0.08846	0.14077	0.01220	0.01293	0.00902	0.00515	0.00476	0.00144	0.00565	0.00444	0.00377	0.10229

[dist]
# distance from previous block
# <min> <max>
14	44

[block]
# block no. 1 follows, 49 sequences, length 8
# corresponding to MSA columns:
# 70-77
name=unknown_B
#
# <colnr> <probs for GDERKNQSTAVLIFYWHMCP>
#	G	D	E	R	K	N	Q	S	T	A	V	L	I	F	Y	W	H	M	C	P
0	0.00956	0.08312	0.05848	0.00916	0.02607	0.00921	0.02904	0.01269	0.11078	0.02857	0.07312	0.10520	0.03916	0.23771	0.04408	0.00285	0.08967	0.00684	0.00353	0.02116
1	0.01115	0.07611	0.38337	0.01078	0.01541	0.09204	0.01199	0.04045	0.01145	0.01642	0.01281	0.03768	0.03656	0.00574	0.00445	0.00144	0.00584	0.00445	0.21550	0.00637
2	0.07196	0.10771	0.27369	0.01479	0.17870	0.01133	0.01245	0.01483	0.01061	0.01626	0.00877	0.01054	0.00698	0.00439	0.00426	0.00128	0.00565	0.00351	0.00252	0.23977
3	0.01476	0.01421	0.01349	0.01168	0.01413	0.17590	0.00925	0.15524	0.33758	0.01949	0.01372	0.01414	0.01066	0.00677	0.00726	0.00169	0.16405	0.00475	0.00403	0.00718
4	0.00735	0.00490	0.00552	0.00552	0.00552	0.00490	0.00306	0.00735	0.00735	0.00980	0.01593	0.03309	0.01838	0.82229	0.02574	0.00490	0.00490	0.00735	0.00306	0.00306
5	0.01668	0.01682	0.14537	0.01172	0.01578	0.16172	0.01058	0.34513	0.07623	0.07738	0.01221	0.01266	0.00891	0.00664	0.02673	0.00168	0.00645	0.00433	0.03539	0.00759
6	0.00734	0.00496	0.00579	0.00579	0.00588	0.00505	0.00340	0.00753	0.00743	0.01001	0.01569	0.03172	0.01779	0.74108	0.10614	0.00524	0.00580	0.00715	0.00303	0.00321
7	0.01729	0.01302	0.01414	0.01072	0.01486	0.01370	0.00881	0.60528	0.02083	0.02846	0.01144	0.01177	0.00835	0.00556	0.00477	0.00135	0.00516	0.00421	0.00460	0.19569

[dist]
# distance from previous block
# <min> <max>
2	24

[block]
# block no. 2 follows, 49 sequences, length 32
# corresponding to MSA columns:
# 102-133
name=unknown_C
#
# <colnr> <probs for GDERKNQSTAVLIFYWHMCP>
#	G	D	E	R	K	N	Q	S	T	A	V	L	I	F	Y	W	H	M	C	P
0	0.01726	0.01721	0.09188	0.01249	0.01613	0.20306	0.02476	0.39749	0.03477	0.04102	0.01060	0.01146	0.00792	0.00600	0.00605	0.00155	0.08477	0.00421	0.00389	0.00749
1	0.01454	0.01177	0.01397	0.01162	0.01493	0.05096	0.09574	0.07508	0.50809	0.11845	0.01812	0.01713	0.01328	0.00635	0.00520	0.00166	0.00491	0.00547	0.00486	0.00788
2	0.00943	0.00471	0.00471	0.00471	0.00589	0.00471	0.00353	0.01178	0.01060	0.01885	0.01650	0.01885	0.01296	0.00589	0.00353	0.00118	0.00236	0.00471	0.85036	0.00471
3	0.00857	0.00447	0.00643	0.00643	0.00643	0.00447	0.00420	0.00670	0.00670	0.00893	0.00984	0.01798	0.01020	0.13623	0.02064	0.72784	0.00447	0.00483	0.00232	0.00232
4	0.00663	0.00515	0.00603	0.00581	0.00723	0.00455	0.00436	0.00853	0.01308	0.01734	0.46115	0.04261	0.37647	0.01143	0.00597	0.00164	0.00246	0.00982	0.00518	0.00455
5	0.00943	0.00471	0.00471	0.00471	0.00589	0.00471	0.00353	0.01178	0.01060	0.01885	0.01650	0.01885	0.01296	0.00589	0.00353	0.00118	0.00236	0.00471	0.85036	0.00471
6	0.01889	0.02410	0.01433	0.01303	0.01563	0.80199	0.00977	0.02019	0.01433	0.01238	0.00782	0.00912	0.00651	0.00521	0.00456	0.00130	0.00912	0.00326	0.00261	0.00586
7	0.85801	0.00978	0.00743	0.00665	0.00978	0.01134	0.00548	0.01486	0.00861	0.02269	0.00704	0.00821	0.00548	0.00469	0.00313	0.00156	0.00391	0.00274	0.00313	0.00548
8	0.00722	0.00542	0.00813	0.00813	0.00903	0.00632	0.00632	0.00903	0.00813	0.01174	0.01354	0.01987	0.01264	0.03792	0.80225	0.00813	0.01354	0.00542	0.00271	0.00451
9	0.00722	0.00542	0.00813	0.00813	0.00903	0.00632	0.00632	0.00903	0.00813	0.01174	0.01354	0.01987	0.01264	0.03792	0.80225	0.00813	0.01354	0.00542	0.00271	0.00451
10	0.85801	0.00978	0.00743	0.00665	0.00978	0.01134	0.00548	0.01486	0.00861	0.02269	0.00704	0.00821	0.00548	0.00469	0.00313	0.00156	0.00391	0.00274	0.00313	0.00548
11	0.01094	0.00926	0.01073	0.00771	0.01218	0.00721	0.00618	0.05230	0.01118	0.01728	0.00915	0.01057	0.00755	0.00387	0.00381	0.00079	0.00384	0.00308	0.00310	0.80929
12	0.01843	0.02079	0.01398	0.01225	0.01509	0.58148	0.00938	0.18791	0.01623	0.01709	0.00927	0.01034	0.00734	0.00544	0.00461	0.00134	0.00794	0.00363	0.05103	0.00641
13	0.00732	0.00506	0.00629	0.00629	0.00656	0.00532	0.00403	0.00785	0.00758	0.01038	0.01523	0.02917	0.01668	0.58994	0.25576	0.00586	0.00746	0.00678	0.00296	0.00349
14	0.53399	0.07519	0.13518	0.04795	0.01364	0.01234	0.00857	0.05287	0.04788	0.02069	0.00838	0.00957	0.00641	0.00488	0.00369	0.00154	0.00482	0.00322	0.00305	0.00616
15	0.01024	0.02545	0.75281	0.01480	0.02214	0.01180	0.06125	0.01602	0.01075	0.01602	0.00914	0.01084	0.00648	0.00477	0.00487	0.00161	0.00753	0.00386	0.00216	0.00744
16	0.01049	0.00899	0.01049	0.00749	0.01198	0.00674	0.00599	0.01273	0.01049	0.01648	0.00899	0.01049	0.00749	0.00374	0.00374	0.00075	0.00374	0.00300	0.00300	0.85320
17	0.00627	0.00457	0.00591	0.00677	0.00731	0.00421	0.00462	0.00737	0.01044	0.01390	0.12476	0.64606	0.10946	0.01486	0.00635	0.00196	0.00283	0.01336	0.00480	0.00421
18	0.00943	0.00471	0.00471	0.00471	0.00589	0.00471	0.00353	0.01178	0.01060	0.01885	0.01650	0.01885	0.01296	0.00589	0.00353	0.00118	0.00236	0.00471	0.85036	0.00471
19	0.79175	0.01013	0.00804	0.00704	0.01025	0.01169	0.00580	0.07482	0.00980	0.02341	0.00744	0.00852	0.00572	0.00480	0.00328	0.00156	0.00404	0.00288	0.00328	0.00572
20	0.01487	0.00933	0.01084	0.00932	0.01225	0.00985	0.00735	0.02364	0.43416	0.25716	0.13356	0.02115	0.01930	0.00719	0.00525	0.00165	0.00386	0.00603	0.00555	0.00771
21	0.00943	0.00471	0.00471	0.00471	0.00589	0.00471	0.00353	0.01178	0.01060	0.01885	0.01650	0.01885	0.01296	0.00589	0.00353	0.00118	0.00236	0.00471	0.85036	0.00471
22	0.01106	0.01106	0.01549	0.01328	0.01328	0.01549	0.01106	0.01217	0.00774	0.01217	0.00664	0.01106	0.00664	0.00885	0.01659	0.00221	0.81303	0.00443	0.00221	0.00553
23	0.02129	0.01084	0.01312	0.01006	0.01402	0.01075	0.00831	0.32621	0.01822	0.48739	0.01681	0.01517	0.01094	0.00618	0.00507	0.00155	0.00481	0.00487	0.00578	0.00860
24	0.00735	0.00490	0.00552	0.00552	0.00552	0.00490	0.00306	0.00735	0.00735	0.00980	0.01593	0.03309	0.01838	0.82229	0.02574	0.00490	0.00490	0.00735	0.00306	0.00306
25	0.00625	0.00473	0.00578	0.00637	0.00722	0.00425	0.00445	0.00747	0.01091	0.01422	0.14688	0.47561	0.25927	0.01413	0.00624	0.00188	0.00274	0.01251	0.00482	0.00425
26	0.00729	0.00516	0.00682	0.00682	0.00727	0.00561	0.00469	0.00819	0.00774	0.01077	0.01474	0.02648	0.01551	0.43023	0.41387	0.00651	0.00922	0.00639	0.00289	0.00379
27	0.01477	0.01685	0.01314	0.01111	0.01400	0.40553	0.00863	0.01638	0.01200	0.01379	0.00806	0.00989	0.00688	0.00523	0.00605	0.00124	0.12576	0.00334	0.00269	0.30468
28	0.01904	0.01592	0.01283	0.01104	0.01416	0.36096	0.00858	0.02310	0.16354	0.29706	0.01469	0.01394	0.01042	0.00591	0.00486	0.00148	0.00638	0.00440	0.00442	0.00727
29	0.01126	0.09428	0.15178	0.01569	0.01939	0.01367	0.30269	0.01449	0.01045	0.01478	0.05259	0.01320	0.00930	0.00606	0.00865	0.00177	0.24601	0.00500	0.00252	0.00640
30	0.05306	0.08942	0.01371	0.22705	0.01858	0.01010	0.02683	0.02961	0.05432	0.06005	0.01069	0.03842	0.00870	0.00498	0.00435	0.00126	0.00490	0.00411	0.00311	0.33675
31	0.01686	0.05929	0.10784	0.01249	0.01678	0.08629	0.16810	0.03718	0.03137	0.34025	0.06077	0.01557	0.01197	0.00572	0.00514	0.00155	0.00598	0.00505	0.00433	0.00747

[dist]
# distance from previous block
# <min> <max>
0	5

[block]
# block no. 3 follows, 49 sequences, length 9
# corresponding to MSA columns:
# 139-147
name=unknown_D
#
# <colnr> <probs for GDERKNQSTAVLIFYWHMCP>
#	G	D	E	R	K	N	Q	S	T	A	V	L	I	F	Y	W	H	M	C	P
0	0.15842	0.06967	0.27790	0.01034	0.01423	0.06947	0.01075	0.01404	0.01130	0.01747	0.21574	0.01720	0.01727	0.00657	0.00562	0.00158	0.06814	0.00495	0.00327	0.00607
1	0.00788	0.00670	0.00759	0.00790	0.00864	0.06728	0.00576	0.00928	0.01123	0.01489	0.22711	0.44976	0.03294	0.01294	0.00696	0.00190	0.06364	0.04848	0.00458	0.00455
2	0.00958	0.00857	0.07218	0.00873	0.01079	0.00760	0.02737	0.01485	0.21650	0.06036	0.19142	0.24254	0.02666	0.07051	0.00721	0.00200	0.00384	0.00879	0.00471	0.00581
3	0.01241	0.01160	0.01633	0.01323	0.01669	0.01263	0.21155	0.02403	0.57665	0.01983	0.01783	0.01747	0.01337	0.00617	0.00536	0.00171	0.00521	0.00578	0.00446	0.00769
4	0.00991	0.01518	0.30368	0.01485	0.13408	0.00994	0.06320	0.01512	0.12149	0.01602	0.01588	0.22758	0.01523	0.00796	0.00540	0.00173	0.00561	0.00712	0.00333	0.00669
5	0.01008	0.00739	0.00846	0.00779	0.00942	0.00755	0.00585	0.21191	0.01409	0.01873	0.13154	0.20239	0.13465	0.14597	0.00919	0.00229	0.00395	0.05883	0.00464	0.00528
6	0.01770	0.23017	0.01819	0.01084	0.01496	0.01683	0.00936	0.57184	0.02018	0.02655	0.01078	0.01107	0.00804	0.00561	0.00458	0.00140	0.00552	0.00406	0.00429	0.00804
7	0.01352	0.82533	0.02650	0.00865	0.01298	0.02001	0.00865	0.01514	0.01027	0.01190	0.00703	0.00811	0.00649	0.00433	0.00324	0.00108	0.00541	0.00270	0.00216	0.00649
8	0.01265	0.60799	0.23136	0.01021	0.01537	0.02222	0.01133	0.01540	0.01040	0.01300	0.00758	0.00880	0.00647	0.00446	0.00367	0.00122	0.00598	0.00298	0.00216	0.00675

[dist]
# distance from previous block
# <min> <max>
0	2

[block]
# block no. 4 follows, 49 sequences, length 13
# corresponding to MSA columns:
# 150-162
name=unknown_E
#
# <colnr> <probs for GDERKNQSTAVLIFYWHMCP>
#	G	D	E	R	K	N	Q	S	T	A	V	L	I	F	Y	W	H	M	C	P
0	0.01014	0.02616	0.79609	0.01441	0.02189	0.01174	0.01868	0.01601	0.01068	0.01601	0.00907	0.01068	0.00641	0.00480	0.00480	0.00160	0.00747	0.00374	0.00214	0.00747
1	0.01352	0.82533	0.02650	0.00865	0.01298	0.02001	0.00865	0.01514	0.01027	0.01190	0.00703	0.00811	0.00649	0.00433	0.00324	0.00108	0.00541	0.00270	0.00216	0.00649
2	0.01922	0.01416	0.01518	0.01163	0.01568	0.01568	0.00961	0.77388	0.02378	0.03187	0.01214	0.01214	0.00860	0.00607	0.00506	0.00152	0.00556	0.00455	0.00506	0.00860
3	0.85801	0.00978	0.00743	0.00665	0.00978	0.01134	0.00548	0.01486	0.00861	0.02269	0.00704	0.00821	0.00548	0.00469	0.00313	0.00156	0.00391	0.00274	0.00313	0.00548
4	0.01889	0.02410	0.01433	0.01303	0.01563	0.80199	0.00977	0.02019	0.01433	0.01238	0.00782	0.00912	0.00651	0.00521	0.00456	0.00130	0.00912	0.00326	0.00261	0.00586
5	0.01266	0.62235	0.22196	0.01012	0.01524	0.01791	0.01120	0.01536	0.01038	0.01294	0.00755	0.00876	0.00647	0.00445	0.00364	0.00121	0.00593	0.00297	0.00216	0.00674
6	0.01014	0.02616	0.79609	0.01441	0.02189	0.01174	0.01868	0.01601	0.01068	0.01601	0.00907	0.01068	0.00641	0.00480	0.00480	0.00160	0.00747	0.00374	0.00214	0.00747
7	0.01012	0.00849	0.01012	0.00778	0.01175	0.00660	0.00633	0.01238	0.01067	0.01627	0.01180	0.01783	0.01090	0.00536	0.00426	0.00100	0.00389	0.12197	0.00326	0.71926
8	0.01129	0.01044	0.01086	0.00802	0.01233	0.08319	0.00636	0.01345	0.01086	0.01608	0.00888	0.01035	0.00740	0.00389	0.00382	0.00080	0.00426	0.00302	0.00296	0.77174
9	0.01076	0.01459	0.20730	0.01043	0.01331	0.14565	0.05730	0.01389	0.07237	0.01313	0.01282	0.02094	0.01241	0.35807	0.01390	0.00299	0.00643	0.00552	0.00289	0.00529
10	0.01493	0.01707	0.01969	0.02224	0.35226	0.32426	0.14420	0.01748	0.01270	0.01483	0.00897	0.01137	0.00736	0.00474	0.00500	0.00146	0.00767	0.00427	0.00255	0.00696
11	0.22523	0.36326	0.02185	0.01155	0.01576	0.01573	0.20189	0.06343	0.01113	0.01696	0.00817	0.00980	0.00667	0.00451	0.00402	0.00139	0.00583	0.00366	0.00269	0.00645
12	0.01374	0.01506	0.15355	0.02119	0.35220	0.01299	0.07538	0.20654	0.06329	0.02055	0.01086	0.01260	0.00832	0.00508	0.00507	0.00155	0.00623	0.00458	0.00325	0.00797

[dist]
# distance from previous block
# <min> <max>
12	95

[block]
# block no. 5 follows, 49 sequences, length 29
# corresponding to MSA columns:
# 263-291
name=unknown_F
#
# <colnr> <probs for GDERKNQSTAVLIFYWHMCP>
#	G	D	E	R	K	N	Q	S	T	A	V	L	I	F	Y	W	H	M	C	P
0	0.00878	0.16349	0.01055	0.00763	0.00900	0.05649	0.00578	0.02375	0.01025	0.01282	0.02220	0.44416	0.06607	0.09071	0.02196	0.00218	0.00425	0.03137	0.00389	0.00469
1	0.01123	0.07287	0.03073	0.00853	0.01198	0.00864	0.00724	0.01329	0.01067	0.08053	0.01411	0.03080	0.05813	0.00632	0.00575	0.00126	0.09303	0.07663	0.00339	0.45487
2	0.00840	0.00800	0.00729	0.02655	0.00907	0.13032	0.00536	0.00971	0.01158	0.01398	0.14207	0.25931	0.27994	0.05679	0.00696	0.00190	0.00391	0.01001	0.00434	0.00451
3	0.01116	0.10578	0.28002	0.14440	0.25598	0.01267	0.04301	0.01496	0.01072	0.01503	0.00931	0.02811	0.00756	0.00505	0.00524	0.00156	0.03573	0.00430	0.00234	0.00707
4	0.00955	0.00899	0.01517	0.81013	0.03483	0.01123	0.01404	0.01292	0.01011	0.01292	0.00899	0.01348	0.00674	0.00506	0.00506	0.00169	0.00674	0.00449	0.00225	0.00562
5	0.00980	0.00826	0.00976	0.00742	0.01125	0.00633	0.00579	0.01183	0.01036	0.01591	0.01197	0.13801	0.01158	0.00565	0.00417	0.00095	0.00362	0.00479	0.00326	0.71927
6	0.01119	0.01154	0.01533	0.64123	0.07370	0.13600	0.01345	0.01421	0.01085	0.01303	0.00883	0.01274	0.00678	0.00505	0.00497	0.00161	0.00708	0.00430	0.00232	0.00579
7	0.01229	0.00831	0.01014	0.00760	0.01146	0.00656	0.00607	0.01450	0.01185	0.16565	0.13397	0.01607	0.01479	0.00526	0.00435	0.00104	0.00364	0.00436	0.00402	0.55804
8	0.01546	0.13950	0.01418	0.00993	0.01308	0.05606	0.00823	0.23204	0.13093	0.14200	0.01659	0.10365	0.01430	0.00765	0.00508	0.00160	0.00494	0.07302	0.00459	0.00719
9	0.06264	0.00875	0.01125	0.00856	0.01255	0.00748	0.00703	0.02161	0.01332	0.58916	0.01696	0.01532	0.01109	0.00564	0.00470	0.00139	0.00416	0.00452	0.00540	0.18847
10	0.01056	0.00922	0.01145	0.00818	0.01270	0.00704	0.04407	0.01290	0.01056	0.01646	0.00905	0.01064	0.00750	0.00377	0.00386	0.00080	0.00398	0.00314	0.00297	0.81115
11	0.00893	0.00802	0.01279	0.47489	0.07572	0.00929	0.01112	0.01147	0.01003	0.01331	0.01403	0.23037	0.01406	0.00799	0.00576	0.00174	0.03296	0.00708	0.00296	0.04747
12	0.05688	0.14330	0.01546	0.01062	0.01424	0.23728	0.00873	0.21201	0.01579	0.20402	0.01167	0.01164	0.00844	0.00549	0.00452	0.00139	0.00614	0.00391	0.00406	0.02442
13	0.00644	0.00462	0.00612	0.00685	0.00740	0.00430	0.00472	0.00775	0.01100	0.01501	0.24435	0.59653	0.03751	0.01427	0.00631	0.00192	0.00278	0.01289	0.00494	0.00430
14	0.07489	0.01307	0.01173	0.00942	0.01296	0.21433	0.00743	0.01610	0.01161	0.10119	0.00959	0.01075	0.00759	0.00481	0.00491	0.00114	0.05893	0.00337	0.00321	0.42298
15	0.01142	0.09038	0.14510	0.01606	0.01966	0.01410	0.30872	0.01457	0.01008	0.01431	0.00858	0.01189	0.00710	0.00652	0.02342	0.00192	0.28263	0.00477	0.00234	0.00641
16	0.00722	0.00520	0.00716	0.00735	0.00795	0.00567	0.00535	0.00845	0.00828	0.01152	0.01647	0.10201	0.01737	0.26084	0.44959	0.00623	0.00945	0.05669	0.00313	0.00407
17	0.00710	0.00508	0.00689	0.00774	0.00854	0.00488	0.00599	0.00883	0.01136	0.01524	0.18334	0.37688	0.03476	0.01402	0.00655	0.00206	0.00346	0.28797	0.00486	0.00445
18	0.01179	0.29284	0.29822	0.01205	0.01655	0.06211	0.04066	0.01489	0.01031	0.01365	0.00904	0.05554	0.00805	0.00588	0.00617	0.00153	0.12770	0.00414	0.00234	0.00654
19	0.00786	0.01136	0.24639	0.00977	0.01248	0.00684	0.00973	0.01064	0.01060	0.01463	0.04984	0.37072	0.02477	0.01186	0.00606	0.00196	0.00469	0.18058	0.00394	0.00528
20	0.00616	0.00440	0.00587	0.00704	0.00733	0.00411	0.00469	0.00704	0.00968	0.01291	0.02787	0.81899	0.03344	0.01584	0.00645	0.00205	0.00293	0.01438	0.00469	0.00411
21	0.03515	0.02727	0.01402	0.01061	0.01451	0.01327	0.00877	0.52435	0.03552	0.21906	0.01417	0.01357	0.00973	0.00607	0.00495	0.00152	0.00510	0.00464	0.02934	0.00838
22	0.01212	0.24763	0.23478	0.13955	0.02193	0.01402	0.18669	0.01580	0.01097	0.05753	0.00934	0.01143	0.00711	0.00466	0.00468	0.00149	0.00683	0.00415	0.00249	0.00681
23	0.26912	0.00919	0.01013	0.08235	0.01355	0.00864	0.00675	0.01473	0.01032	0.10485	0.00962	0.01083	0.00737	0.00444	0.00383	0.00118	0.00414	0.00329	0.00333	0.42236
24	0.00968	0.00917	0.01519	0.74127	0.03297	0.01160	0.01379	0.01286	0.00991	0.01286	0.00878	0.01327	0.00673	0.00538	0.00605	0.00173	0.07641	0.00449	0.00224	0.00561
25	0.01455	0.04175	0.16363	0.01093	0.01475	0.00921	0.08302	0.01736	0.01244	0.31334	0.10668	0.05527	0.05826	0.00718	0.00614	0.00165	0.06645	0.00598	0.00442	0.00702
26	0.01538	0.01583	0.06202	0.25435	0.02129	0.28884	0.01119	0.08570	0.06376	0.10318	0.01115	0.01316	0.00840	0.00559	0.00491	0.00153	0.00703	0.01682	0.00330	0.00656
27	0.01681	0.31940	0.01808	0.00947	0.01334	0.01260	0.05463	0.03649	0.02994	0.34319	0.08475	0.01534	0.01313	0.00578	0.00452	0.00139	0.00483	0.00461	0.00436	0.00733
28	0.09022	0.02898	0.22652	0.05598	0.01608	0.04824	0.01171	0.05227	0.06162	0.01597	0.01303	0.01488	0.08253	0.00702	0.00835	0.00178	0.25096	0.00470	0.00287	0.00629

[dist]
# distance from previous block
# <min> <max>
2	19

[block]
# block no. 6 follows, 49 sequences, length 93
# corresponding to MSA columns:
# 389-481
name=unknown_G
#
# <colnr> <probs for GDERKNQSTAVLIFYWHMCP>
#	G	D	E	R	K	N	Q	S	T	A	V	L	I	F	Y	W	H	M	C	P
0	0.01491	0.01768	0.10470	0.10268	0.01936	0.30444	0.13458	0.13151	0.01415	0.01701	0.00993	0.01186	0.00762	0.00519	0.00485	0.00147	0.00742	0.00422	0.07996	0.00648
1	0.00990	0.01048	0.01288	0.04801	0.06899	0.13308	0.13996	0.01189	0.01175	0.01398	0.02960	0.06075	0.37640	0.00913	0.00610	0.00166	0.03863	0.00785	0.00362	0.00534
2	0.00739	0.00598	0.00667	0.00635	0.00803	0.00568	0.00481	0.01100	0.12526	0.01730	0.32941	0.04013	0.39132	0.01099	0.00585	0.00166	0.00270	0.00936	0.00510	0.00501
3	0.03397	0.01258	0.07735	0.03052	0.01348	0.17588	0.08718	0.06441	0.04233	0.01668	0.01509	0.17422	0.01404	0.00747	0.00488	0.00154	0.00540	0.00635	0.21091	0.00571
4	0.01331	0.02905	0.01139	0.09529	0.06024	0.02304	0.00824	0.09988	0.07067	0.19905	0.02227	0.14183	0.10425	0.00899	0.00554	0.00174	0.00454	0.08953	0.00464	0.00651
5	0.00629	0.00476	0.00561	0.00622	0.00700	0.00431	0.00427	0.00724	0.01010	0.01284	0.03470	0.42521	0.30175	0.11629	0.00873	0.00230	0.00309	0.03076	0.00449	0.00405
6	0.01049	0.00899	0.01049	0.00749	0.01198	0.00674	0.00599	0.01273	0.01049	0.01648	0.00899	0.01049	0.00749	0.00374	0.00374	0.00075	0.00374	0.00300	0.00300	0.85320
7	0.00716	0.00517	0.00676	0.00636	0.00755	0.00477	0.00477	0.00954	0.01431	0.02028	0.78808	0.03777	0.04771	0.01034	0.00596	0.00159	0.00239	0.00914	0.00557	0.00477
8	0.01014	0.02616	0.79609	0.01441	0.02189	0.01174	0.01868	0.01601	0.01068	0.01601	0.00907	0.01068	0.00641	0.00480	0.00480	0.00160	0.00747	0.00374	0.00214	0.00747
9	0.00687	0.00519	0.00636	0.00618	0.00752	0.00469	0.00470	0.00893	0.01334	0.01803	0.52632	0.04213	0.26363	0.01128	0.00603	0.00167	0.00257	0.05469	0.00526	0.00462
10	0.00727	0.00519	0.00714	0.00830	0.00908	0.00506	0.00661	0.00895	0.01077	0.01414	0.02726	0.39555	0.03103	0.01480	0.00675	0.00221	0.00389	0.42691	0.00467	0.00441
11	0.00629	0.00455	0.00595	0.00683	0.00733	0.00421	0.00465	0.00740	0.01044	0.01398	0.13497	0.66391	0.08099	0.01489	0.00636	0.00197	0.00284	0.01342	0.00482	0.00421
12	0.01293	0.01107	0.01629	0.02081	0.42526	0.01118	0.03078	0.18089	0.01430	0.03880	0.01869	0.01979	0.16387	0.00654	0.00524	0.00155	0.00524	0.00580	0.00360	0.00738
13	0.00598	0.00512	0.00512	0.00512	0.00683	0.00427	0.00384	0.00726	0.01153	0.01366	0.05123	0.04866	0.78869	0.01281	0.00598	0.00171	0.00256	0.01067	0.00470	0.00427
14	0.00735	0.00490	0.00552	0.00552	0.00552	0.00490	0.00306	0.00735	0.00735	0.00980	0.01593	0.03309	0.01838	0.82229	0.02574	0.00490	0.00490	0.00735	0.00306	0.00306
15	0.06268	0.01188	0.01351	0.01040	0.01435	0.01240	0.00859	0.45714	0.01955	0.31487	0.01479	0.01383	0.00990	0.00607	0.00497	0.00154	0.00501	0.00466	0.00541	0.00844
16	0.00741	0.00569	0.00848	0.00837	0.00923	0.00676	0.00655	0.00918	0.00811	0.01176	0.01321	0.01944	0.01235	0.03653	0.76447	0.00784	0.05199	0.00537	0.00269	0.00456
17	0.00616	0.00440	0.00587	0.00704	0.00733	0.00411	0.00469	0.00704	0.00968	0.01291	0.02787	0.81899	0.03344	0.01584	0.00645	0.00205	0.00293	0.01438	0.00469	0.00411
18	0.01352	0.82533	0.02650	0.00865	0.01298	0.02001	0.00865	0.01514	0.01027	0.01190	0.00703	0.00811	0.00649	0.00433	0.00324	0.00108	0.00541	0.00270	0.00216	0.00649
19	0.01352	0.82533	0.02650	0.00865	0.01298	0.02001	0.00865	0.01514	0.01027	0.01190	0.00703	0.00811	0.00649	0.00433	0.00324	0.00108	0.00541	0.00270	0.00216	0.00649
20	0.00726	0.00531	0.00705	0.00804	0.00904	0.00510	0.00653	0.00902	0.01107	0.01428	0.03074	0.27183	0.14381	0.01433	0.00668	0.00216	0.00385	0.43478	0.00467	0.00444
21	0.01922	0.01416	0.01518	0.01163	0.01568	0.01568	0.00961	0.77388	0.02378	0.03187	0.01214	0.01214	0.00860	0.00607	0.00506	0.00152	0.00556	0.00455	0.00506	0.00860
22	0.00644	0.00460	0.00618	0.00736	0.00777	0.00435	0.00517	0.00752	0.00995	0.01322	0.02772	0.71306	0.03284	0.01558	0.00653	0.00209	0.00317	0.11758	0.00469	0.00418
23	0.00878	0.00439	0.00659	0.00659	0.00659	0.00439	0.00439	0.00659	0.00659	0.00878	0.00878	0.01537	0.00878	0.01757	0.01976	0.85288	0.00439	0.00439	0.00220	0.00220
24	0.01261	0.01292	0.01275	0.01476	0.16775	0.23899	0.00998	0.01613	0.09964	0.01542	0.03696	0.02942	0.01728	0.00864	0.00565	0.00178	0.00609	0.28347	0.00371	0.00606
25	0.01976	0.00800	0.01063	0.00837	0.01175	0.00707	0.00683	0.03718	0.01428	0.62529	0.09867	0.01938	0.01611	0.00664	0.00503	0.00153	0.00395	0.00546	0.08625	0.00784
26	0.01922	0.01416	0.01518	0.01163	0.01568	0.01568	0.00961	0.77388	0.02378	0.03187	0.01214	0.01214	0.00860	0.00607	0.00506	0.00152	0.00556	0.00455	0.00506	0.00860
27	0.01014	0.02616	0.79609	0.01441	0.02189	0.01174	0.01868	0.01601	0.01068	0.01601	0.00907	0.01068	0.00641	0.00480	0.00480	0.00160	0.00747	0.00374	0.00214	0.00747
28	0.00716	0.00517	0.00676	0.00636	0.00755	0.00477	0.00477	0.00954	0.01431	0.02028	0.78808	0.03777	0.04771	0.01034	0.00596	0.00159	0.00239	0.00914	0.00557	0.00477
29	0.00943	0.00471	0.00471	0.00471	0.00589	0.00471	0.00353	0.01178	0.01060	0.01885	0.01650	0.01885	0.01296	0.00589	0.00353	0.00118	0.00236	0.00471	0.85036	0.00471
30	0.01241	0.01266	0.05576	0.03028	0.75582	0.01200	0.01566	0.01554	0.01148	0.01650	0.00949	0.01243	0.00794	0.00452	0.00500	0.00151	0.00607	0.00447	0.00249	0.00799
31	0.01198	0.01339	0.02841	0.02220	0.11262	0.01277	0.66686	0.01602	0.01178	0.01613	0.01006	0.01345	0.00768	0.00441	0.00614	0.00170	0.02919	0.00576	0.00254	0.00692
32	0.00878	0.00439	0.00659	0.00659	0.00659	0.00439	0.00439	0.00659	0.00659	0.00878	0.00878	0.01537	0.00878	0.01757	0.01976	0.85288	0.00439	0.00439	0.00220	0.00220
33	0.01199	0.01225	0.01881	0.11568	0.29595	0.06205	0.09920	0.01441	0.01026	0.01429	0.00843	0.01204	0.00725	0.00610	0.00912	0.00178	0.28685	0.00456	0.00238	0.00660
34	0.01297	0.27949	0.08969	0.22826	0.02050	0.08115	0.02686	0.08648	0.09921	0.01557	0.00989	0.01159	0.00778	0.00509	0.00443	0.00144	0.00619	0.00391	0.00283	0.00666
35	0.00598	0.00512	0.00512	0.00512	0.00683	0.00427	0.00384	0.00726	0.01153	0.01366	0.05123	0.04866	0.78869	0.01281	0.00598	0.00171	0.00256	0.01067	0.00470	0.00427
36	0.00629	0.00482	0.00576	0.00619	0.00719	0.00430	0.00439	0.00761	0.01127	0.01463	0.18479	0.37944	0.31785	0.01364	0.00618	0.00183	0.00269	0.01197	0.00486	0.00430
37	0.21396	0.01590	0.32048	0.01137	0.01635	0.01027	0.07541	0.01684	0.01136	0.16885	0.08163	0.01407	0.01123	0.00552	0.00466	0.00159	0.00564	0.00444	0.00352	0.00692
38	0.04437	0.01002	0.01680	0.12593	0.32513	0.01024	0.11717	0.01429	0.04694	0.01737	0.20066	0.01911	0.01776	0.00609	0.00531	0.00159	0.00539	0.00583	0.00337	0.00663
39	0.01662	0.02031	0.01467	0.01310	0.01495	0.57360	0.01015	0.01786	0.01242	0.01232	0.00747	0.00968	0.00655	0.00627	0.00805	0.00157	0.24257	0.00360	0.00249	0.00577
40	0.01077	0.00929	0.00971	0.00888	0.01142	0.01031	0.00687	0.02151	0.57102	0.01910	0.02896	0.02702	0.22689	0.00849	0.00537	0.00171	0.00361	0.00707	0.00502	0.00698
41	0.01738	0.01025	0.01222	0.00917	0.01333	0.00942	0.00751	0.22329	0.01556	0.30920	0.01391	0.01343	0.00966	0.00531	0.00460	0.00126	0.00444	0.00419	0.00477	0.31112
42	0.01194	0.01364	0.02984	0.02131	0.02643	0.01279	0.77238	0.01620	0.01194	0.01620	0.01023	0.01364	0.00767	0.00426	0.00597	0.00171	0.00853	0.00597	0.00256	0.00682
43	0.02971	0.01216	0.01854	0.01413	0.01804	0.01252	0.27218	0.26991	0.11616	0.08015	0.02903	0.05097	0.01198	0.00633	0.00550	0.00167	0.00605	0.03328	0.00424	0.00744
44	0.00802	0.00569	0.00781	0.00884	0.00986	0.00568	0.00751	0.01006	0.01112	0.01449	0.02557	0.06835	0.02797	0.10552	0.00910	0.00261	0.00465	0.65821	0.00448	0.00447
45	0.00878	0.00439	0.00659	0.00659	0.00659	0.00439	0.00439	0.00659	0.00659	0.00878	0.00878	0.01537	0.00878	0.01757	0.01976	0.85288	0.00439	0.00439	0.00220	0.00220
46	0.01169	0.01109	0.01894	0.15799	0.59045	0.01145	0.03217	0.01473	0.01130	0.01582	0.01072	0.01599	0.00935	0.00529	0.00518	0.00160	0.00609	0.06018	0.00262	0.00734
47	0.01461	0.01049	0.01606	0.16834	0.34049	0.01087	0.01215	0.03256	0.11300	0.20961	0.01350	0.01469	0.00987	0.00538	0.00505	0.00158	0.00545	0.00481	0.00378	0.00772
48	0.00751	0.00584	0.00868	0.00851	0.00935	0.00701	0.00667	0.00926	0.00810	0.01177	0.01303	0.01921	0.01219	0.03575	0.74361	0.00769	0.07322	0.00534	0.00267	0.00459
49	0.00803	0.00658	0.00718	0.00717	0.00872	0.00668	0.00523	0.01290	0.23437	0.01538	0.03366	0.24910	0.30805	0.06457	0.00715	0.00201	0.00323	0.01003	0.00472	0.00523
50	0.01238	0.01188	0.02028	0.06643	0.75640	0.01198	0.01545	0.01540	0.01145	0.01636	0.00949	0.01256	0.00795	0.00453	0.00501	0.00151	0.00604	0.00450	0.00249	0.00790
51	0.01085	0.02119	0.49185	0.01715	0.02369	0.01216	0.31794	0.01609	0.01118	0.01609	0.00953	0.01185	0.00691	0.00459	0.00527	0.00164	0.00789	0.00462	0.00230	0.00721
52	0.00955	0.00899	0.01517	0.81013	0.03483	0.01123	0.01404	0.01292	0.01011	0.01292	0.00899	0.01348	0.00674	0.00506	0.00506	0.00169	0.00674	0.00449	0.00225	0.00562
53	0.00862	0.00445	0.00647	0.00647	0.00647	0.00445	0.00424	0.00667	0.00667	0.00890	0.00959	0.01738	0.00987	0.10867	0.02044	0.75687	0.00445	0.00473	0.00229	0.00229
54	0.01049	0.00899	0.01049	0.00749	0.01198	0.00674	0.00599	0.01273	0.01049	0.01648	0.00899	0.01049	0.00749	0.00374	0.00374	0.00075	0.00374	0.00300	0.00300	0.85320
55	0.00616	0.00440	0.00587	0.00704	0.00733	0.00411	0.00469	0.00704	0.00968	0.01291	0.02787	0.81899	0.03344	0.01584	0.00645	0.00205	0.00293	0.01438	0.00469	0.00411
56	0.00734	0.00494	0.00569	0.00569	0.00575	0.00500	0.00329	0.00747	0.00741	0.00994	0.01577	0.03219	0.01799	0.76903	0.07846	0.00512	0.00549	0.00722	0.00304	0.00316
57	0.01144	0.06906	0.28550	0.01821	0.02406	0.01289	0.47249	0.01607	0.01141	0.01586	0.00964	0.01230	0.00717	0.00445	0.00541	0.00163	0.00798	0.00502	0.00239	0.00702
58	0.01439	0.01274	0.01905	0.01430	0.01815	0.05925	0.31632	0.27767	0.01592	0.02190	0.01194	0.01385	0.00893	0.00526	0.00510	0.00152	0.00636	0.00508	0.16531	0.00698
59	0.00610	0.00475	0.00555	0.00615	0.00711	0.00420	0.00431	0.00720	0.01063	0.01342	0.05601	0.45085	0.37706	0.01434	0.00623	0.00189	0.00275	0.01257	0.00471	0.00420
60	0.01701	0.00992	0.01172	0.00945	0.01269	0.01014	0.00763	0.24948	0.12816	0.29302	0.17436	0.02010	0.01893	0.00712	0.00527	0.00158	0.00425	0.00584	0.00559	0.00773
61	0.01329	0.37274	0.08959	0.01039	0.01424	0.04652	0.03595	0.05262	0.19998	0.03528	0.01156	0.01270	0.00943	0.03688	0.00552	0.00154	0.03760	0.00406	0.00319	0.00691
62	0.01050	0.01097	0.02980	0.00897	0.01117	0.19385	0.05938	0.02768	0.01327	0.03182	0.25002	0.05118	0.26288	0.00931	0.00558	0.00158	0.00470	0.00783	0.00428	0.00522
63	0.05005	0.00982	0.01140	0.00850	0.01267	0.00860	0.02255	0.08922	0.06924	0.01852	0.01005	0.01125	0.00808	0.00438	0.00430	0.00099	0.02320	0.00344	0.00334	0.63041
64	0.01713	0.28700	0.01832	0.01159	0.01476	0.54541	0.00940	0.01854	0.01300	0.01222	0.00756	0.00879	0.00651	0.00492	0.00413	0.00123	0.00790	0.00308	0.00246	0.00607
65	0.00874	0.00442	0.00663	0.00663	0.00666	0.00445	0.00445	0.00666	0.00663	0.00887	0.00892	0.01550	0.00890	0.01816	0.04271	0.82810	0.00466	0.00442	0.00221	0.00226
66	0.00713	0.00518	0.00722	0.00782	0.00849	0.00547	0.00591	0.00859	0.00936	0.01289	0.02138	0.32996	0.02361	0.05949	0.28669	0.00434	0.02343	0.14279	0.02589	0.00435
67	0.01142	0.08150	0.07574	0.19296	0.29954	0.01337	0.02712	0.01415	0.01013	0.01423	0.00846	0.01188	0.00714	0.00569	0.00771	0.00169	0.20396	0.00430	0.00232	0.00669
68	0.00713	0.00521	0.00727	0.00880	0.03870	0.00504	0.00637	0.00862	0.01047	0.01386	0.02676	0.50975	0.03088	0.01472	0.00659	0.00213	0.00368	0.28497	0.00460	0.00446
69	0.00722	0.00542	0.00813	0.00813	0.00903	0.00632	0.00632	0.00903	0.00813	0.01174	0.01354	0.01987	0.01264	0.03792	0.80225	0.00813	0.01354	0.00542	0.00271	0.00451
70	0.66178	0.00973	0.00805	0.00703	0.01004	0.01111	0.00575	0.10514	0.01064	0.02335	0.00872	0.00989	0.00670	0.00499	0.00341	0.00152	0.00393	0.00318	0.09928	0.00576
71	0.02154	0.00974	0.02662	0.00948	0.01341	0.00878	0.00794	0.14617	0.01582	0.63903	0.01865	0.03338	0.01221	0.00641	0.00510	0.00157	0.00454	0.00517	0.00595	0.00849
72	0.00624	0.00446	0.00596	0.00713	0.00746	0.00417	0.00483	0.00717	0.00976	0.01299	0.02783	0.78960	0.03328	0.01577	0.00647	0.00206	0.00300	0.04301	0.00469	0.00413
73	0.00810	0.00574	0.00798	0.00912	0.01025	0.00573	0.00791	0.01037	0.01154	0.01512	0.02660	0.08654	0.02893	0.01387	0.00689	0.00229	0.00454	0.71112	0.02271	0.00464
74	0.01849	0.01664	0.01484	0.01320	0.07311	0.26549	0.00983	0.42051	0.01904	0.05876	0.01105	0.01163	0.00820	0.00568	0.00485	0.00144	0.00658	0.00416	0.02893	0.00757
75	0.01931	0.01402	0.01509	0.01157	0.01561	0.01547	0.00956	0.75463	0.02354	0.05146	0.01234	0.01227	0.00870	0.00608	0.00506	0.00152	0.00553	0.00457	0.00509	0.00860
76	0.00943	0.00471	0.00471	0.00471	0.00589	0.00471	0.00353	0.01178	0.01060	0.01885	0.01650	0.01885	0.01296	0.00589	0.00353	0.00118	0.00236	0.00471	0.85036	0.00471
77	0.00735	0.00490	0.00552	0.00552	0.00552	0.00490	0.00306	0.00735	0.00735	0.00980	0.01593	0.03309	0.01838	0.82229	0.02574	0.00490	0.00490	0.00735	0.00306	0.00306
78	0.00943	0.00471	0.00471	0.00471	0.00589	0.00471	0.00353	0.01178	0.01060	0.01885	0.01650	0.01885	0.01296	0.00589	0.00353	0.00118	0.00236	0.00471	0.85036	0.00471
79	0.00964	0.00911	0.01519	0.76206	0.03353	0.01149	0.01386	0.01287	0.00997	0.01287	0.00885	0.01334	0.00673	0.00528	0.00575	0.00172	0.05538	0.00449	0.00224	0.00561
80	0.01205	0.01034	0.01087	0.00979	0.01255	0.01179	0.00761	0.04250	0.68362	0.02063	0.02357	0.02181	0.09567	0.00746	0.00523	0.00171	0.00389	0.00620	0.00510	0.00763
81	0.00943	0.00471	0.00471	0.00471	0.00589	0.00471	0.00353	0.01178	0.01060	0.01885	0.01650	0.01885	0.01296	0.00589	0.00353	0.00118	0.00236	0.00471	0.85036	0.00471
82	0.00616	0.00440	0.00587	0.00704	0.00733	0.00411	0.00469	0.00704	0.00968	0.01291	0.02787	0.81899	0.03344	0.01584	0.00645	0.00205	0.00293	0.01438	0.00469	0.00411
83	0.00620	0.00496	0.00548	0.00570	0.00696	0.00431	0.00410	0.00745	0.01121	0.01401	0.12149	0.21968	0.50669	0.05000	0.00698	0.00192	0.00273	0.01119	0.00471	0.00423
84	0.01125	0.05027	0.30158	0.01738	0.02270	0.01303	0.38195	0.01561	0.01092	0.01548	0.00926	0.01205	0.00705	0.00501	0.00671	0.00170	0.10395	0.00486	0.00235	0.00689
85	0.00791	0.00565	0.00787	0.00904	0.01010	0.00561	0.00773	0.01006	0.01141	0.01487	0.02691	0.14866	0.02962	0.01419	0.00692	0.00230	0.00445	0.66744	0.00466	0.00459
86	0.33960	0.00957	0.01030	0.00830	0.01189	0.02311	0.00683	0.05489	0.01267	0.45309	0.01448	0.01342	0.00956	0.00564	0.00433	0.00156	0.00430	0.00414	0.00495	0.00737
87	0.24568	0.01026	0.00977	0.00908	0.01084	0.09947	0.00703	0.10369	0.01136	0.01777	0.01493	0.27922	0.01581	0.00936	0.00659	0.00180	0.11860	0.01958	0.00372	0.00544
88	0.01162	0.01137	0.02016	0.24552	0.48960	0.01189	0.10612	0.01488	0.01118	0.01548	0.00945	0.01292	0.00762	0.00463	0.00514	0.00158	0.00651	0.00468	0.00244	0.00720
89	0.24986	0.01116	0.01141	0.00947	0.01289	0.01237	0.00767	0.23106	0.24853	0.13368	0.01440	0.01381	0.01037	0.00596	0.00455	0.00160	0.00445	0.00448	0.00472	0.00755
90	0.01077	0.01063	0.04311	0.02770	0.01600	0.00834	0.17502	0.01362	0.01080	0.01632	0.00926	0.01125	0.00748	0.00392	0.00430	0.00101	0.00499	0.00371	0.00285	0.61892
91	0.03801	0.06077	0.05534	0.00838	0.01160	0.00781	0.00736	0.04360	0.01164	0.07682	0.01978	0.06332	0.10265	0.00824	0.00508	0.00149	0.00424	0.18925	0.00391	0.28068
92	0.03559	0.00977	0.02792	0.41975	0.02462	0.01083	0.02696	0.04985	0.04434	0.20436	0.01208	0.01413	0.00858	0.00570	0.00587	0.00167	0.06608	0.00463	0.00351	0.02378

[dist]
# distance from previous block
# <min> <max>
2	18

[block]
# block no. 7 follows, 49 sequences, length 17
# corresponding to MSA columns:
# 500-516
name=unknown_H
#
# <colnr> <probs for GDERKNQSTAVLIFYWHMCP>
#	G	D	E	R	K	N	Q	S	T	A	V	L	I	F	Y	W	H	M	C	P
0	0.01735	0.13999	0.01565	0.01196	0.01475	0.60172	0.00929	0.05468	0.01391	0.01327	0.00911	0.05780	0.00823	0.00576	0.00450	0.00133	0.00803	0.00391	0.00278	0.00598
1	0.01314	0.00861	0.01099	0.00959	0.01131	0.04013	0.00772	0.01483	0.01168	0.23329	0.15238	0.11355	0.02032	0.00921	0.00859	0.00181	0.22401	0.06245	0.00445	0.04194
2	0.00659	0.00524	0.00603	0.00647	0.00788	0.00468	0.00511	0.00812	0.01136	0.01398	0.04207	0.13224	0.50100	0.01345	0.00630	0.00191	0.00317	0.21535	0.00468	0.00436
3	0.00989	0.00934	0.01578	0.72071	0.12159	0.01132	0.01421	0.01322	0.01027	0.01333	0.00905	0.01337	0.00689	0.00499	0.00505	0.00166	0.00666	0.00450	0.00228	0.00589
4	0.01756	0.03004	0.01204	0.01038	0.01319	0.25974	0.00839	0.03515	0.01375	0.31874	0.01710	0.02354	0.01421	0.00830	0.02175	0.00178	0.00615	0.17693	0.00455	0.00670
5	0.01665	0.01972	0.01479	0.09878	0.10626	0.54683	0.01062	0.06365	0.01401	0.01414	0.01023	0.01183	0.03996	0.00549	0.00475	0.00140	0.00802	0.00392	0.00279	0.00618
6	0.00828	0.00665	0.00968	0.34870	0.01809	0.00760	0.00781	0.00981	0.00880	0.01153	0.04252	0.02491	0.01454	0.44268	0.01616	0.00340	0.00559	0.00620	0.00281	0.00422
7	0.00616	0.00440	0.00587	0.00704	0.00733	0.00411	0.00469	0.00704	0.00968	0.01291	0.02787	0.81899	0.03344	0.01584	0.00645	0.00205	0.00293	0.01438	0.00469	0.00411
8	0.00956	0.00898	0.01501	0.72482	0.07893	0.01095	0.01364	0.01281	0.01026	0.01317	0.01104	0.01511	0.04419	0.00539	0.00510	0.00168	0.00650	0.00479	0.00238	0.00570
9	0.34744	0.01636	0.01181	0.01023	0.01335	0.32341	0.00806	0.18017	0.01412	0.02060	0.00844	0.00941	0.00656	0.00519	0.00411	0.00145	0.00632	0.00333	0.00334	0.00630
10	0.01185	0.42992	0.40727	0.01150	0.01739	0.01592	0.01362	0.01557	0.01047	0.01393	0.00804	0.00938	0.00645	0.00456	0.00402	0.00134	0.00643	0.00321	0.00215	0.00698
11	0.01354	0.00666	0.00823	0.00702	0.00953	0.00583	0.00550	0.01504	0.01232	0.35827	0.03263	0.03202	0.34401	0.07505	0.04910	0.00223	0.00409	0.00766	0.00515	0.00610
12	0.01324	0.01458	0.01448	0.36604	0.02362	0.28203	0.01159	0.01693	0.09987	0.01360	0.00968	0.01237	0.00765	0.00570	0.00605	0.00161	0.08809	0.00420	0.00270	0.00597
13	0.01096	0.00807	0.01010	0.00904	0.01094	0.00833	0.05367	0.24718	0.01437	0.01973	0.02121	0.40440	0.04266	0.01085	0.00564	0.00175	0.00402	0.00958	0.10174	0.00575
14	0.00626	0.00456	0.00586	0.00674	0.00725	0.00421	0.00457	0.00730	0.01024	0.01359	0.09994	0.64562	0.11406	0.03579	0.00686	0.00205	0.00289	0.01332	0.00473	0.00416
15	0.01659	0.18507	0.01674	0.10321	0.01685	0.41429	0.00987	0.01826	0.01259	0.09482	0.00899	0.01039	0.00718	0.00536	0.00519	0.00139	0.06059	0.00355	0.00283	0.00623
16	0.01508	0.01183	0.01460	0.03141	0.01548	0.01281	0.08913	0.45023	0.10661	0.02508	0.01568	0.15951	0.01375	0.00772	0.00542	0.00166	0.00525	0.00662	0.00467	0.00745

[dist]
# distance from previous block
# <min> <max>
1	2

[block]
# block no. 8 follows, 49 sequences, length 74
# corresponding to MSA columns:
# 519-592
name=unknown_I
#
# <colnr> <probs for GDERKNQSTAVLIFYWHMCP>
#	G	D	E	R	K	N	Q	S	T	A	V	L	I	F	Y	W	H	M	C	P
0	0.07437	0.10952	0.17680	0.01031	0.01496	0.01130	0.01009	0.12306	0.02861	0.36989	0.01425	0.01352	0.00958	0.00561	0.00468	0.00151	0.00523	0.00431	0.00452	0.00790
1	0.01607	0.01154	0.01262	0.01051	0.01389	0.01277	0.00841	0.25415	0.43911	0.13688	0.01792	0.01658	0.01293	0.00653	0.00511	0.00163	0.00452	0.00527	0.00528	0.00827
2	0.06206	0.02349	0.67624	0.01342	0.02010	0.01143	0.01676	0.01608	0.04738	0.01654	0.01031	0.04567	0.00794	0.00537	0.00479	0.00162	0.00689	0.00423	0.00245	0.00723
3	0.80680	0.00971	0.00770	0.00679	0.00997	0.01110	0.00560	0.01546	0.00897	0.06998	0.00783	0.00877	0.00591	0.00479	0.00325	0.00156	0.00394	0.00288	0.00332	0.00567
4	0.00598	0.00512	0.00512	0.00512	0.00683	0.00427	0.00384	0.00726	0.01153	0.01366	0.05123	0.04866	0.78869	0.01281	0.00598	0.00171	0.00256	0.01067	0.00470	0.00427
5	0.01527	0.49326	0.07266	0.01006	0.01449	0.01798	0.00964	0.27717	0.01496	0.01906	0.00893	0.00967	0.00721	0.00496	0.00397	0.00127	0.00560	0.00341	0.00316	0.00728
6	0.02269	0.00861	0.01174	0.00900	0.01291	0.00743	0.00743	0.02464	0.01447	0.79425	0.01995	0.01721	0.01252	0.00626	0.00509	0.00156	0.00430	0.00509	0.00626	0.00861
7	0.00673	0.00539	0.00645	0.00675	0.03856	0.00478	0.00473	0.00852	0.01260	0.01647	0.35229	0.07585	0.41949	0.01159	0.00595	0.00167	0.00264	0.00995	0.00497	0.00462
8	0.01426	0.00887	0.01098	0.02619	0.01279	0.00706	0.00662	0.01645	0.01172	0.25859	0.01240	0.01265	0.00904	0.00456	0.00419	0.00102	0.00399	0.00368	0.00399	0.57094
9	0.00632	0.00452	0.00605	0.00723	0.00759	0.00425	0.00498	0.00732	0.00984	0.01309	0.02778	0.75647	0.03309	0.01569	0.00650	0.00208	0.00308	0.07528	0.00469	0.00415
10	0.01352	0.82533	0.02650	0.00865	0.01298	0.02001	0.00865	0.01514	0.01027	0.01190	0.00703	0.00811	0.00649	0.00433	0.00324	0.00108	0.00541	0.00270	0.00216	0.00649
11	0.01351	0.01547	0.06365	0.29162	0.17713	0.25111	0.01277	0.05222	0.01237	0.01472	0.00889	0.01160	0.00703	0.00497	0.00482	0.00148	0.00718	0.00401	0.00257	0.04287
12	0.01194	0.01364	0.02984	0.02131	0.02643	0.01279	0.77238	0.01620	0.01194	0.01620	0.01023	0.01364	0.00767	0.00426	0.00597	0.00171	0.00853	0.00597	0.00256	0.00682
13	0.01370	0.01844	0.13069	0.01142	0.01407	0.43994	0.00959	0.01557	0.01237	0.01309	0.01409	0.25482	0.01466	0.00837	0.00517	0.00158	0.00699	0.00670	0.00317	0.00558
14	0.01355	0.01392	0.01095	0.00998	0.01202	0.28316	0.00732	0.04300	0.28253	0.01538	0.01464	0.01915	0.01294	0.22751	0.01053	0.00243	0.00606	0.00527	0.00370	0.00594
15	0.00897	0.00799	0.01148	0.01047	0.01096	0.01049	0.00848	0.01046	0.00795	0.01193	0.01040	0.01586	0.00991	0.02469	0.44461	0.00543	0.37749	0.00497	0.00248	0.00498
16	0.00878	0.00439	0.00659	0.00659	0.00659	0.00439	0.00439	0.00659	0.00659	0.00878	0.00878	0.01537	0.00878	0.01757	0.01976	0.85288	0.00439	0.00439	0.00220	0.00220
17	0.01194	0.01364	0.02984	0.02131	0.02643	0.01279	0.77238	0.01620	0.01194	0.01620	0.01023	0.01364	0.00767	0.00426	0.00597	0.00171	0.00853	0.00597	0.00256	0.00682
18	0.04922	0.00864	0.01160	0.00892	0.01281	0.00756	0.00737	0.02433	0.01429	0.76974	0.01954	0.01693	0.01229	0.00621	0.00502	0.00156	0.00429	0.00501	0.00616	0.00851
19	0.01586	0.01199	0.01274	0.01042	0.01374	0.01341	0.00839	0.43279	0.28400	0.02675	0.01553	0.01520	0.01144	0.00632	0.00492	0.00155	0.00467	0.00497	0.09733	0.00797
20	0.00598	0.00512	0.00512	0.00512	0.00683	0.00427	0.00384	0.00726	0.01153	0.01366	0.05123	0.04866	0.78869	0.01281	0.00598	0.00171	0.00256	0.01067	0.00470	0.00427
21	0.00628	0.00474	0.00634	0.00710	0.00773	0.00435	0.02347	0.00730	0.01002	0.01310	0.03099	0.68197	0.14770	0.01510	0.00637	0.00199	0.00301	0.01360	0.00464	0.00420
22	0.85801	0.00978	0.00743	0.00665	0.00978	0.01134	0.00548	0.01486	0.00861	0.02269	0.00704	0.00821	0.00548	0.00469	0.00313	0.00156	0.00391	0.00274	0.00313	0.00548
