[name]
unknown

[dist]
# distance from previous block
# <min> <max>
0	682

[block]
# block no. 0 follows, 48 sequences, length 75
# corresponding to MSA columns:
# 745-819
name=unknown_A
#
# <colnr> <probs for GDERKNQSTAVLIFYWHMCP>
#	G	D	E	R	K	N	Q	S	T	A	V	L	I	F	Y	W	H	M	C	P
0	0.00949	0.00485	0.00499	0.00506	0.00625	0.00485	0.00386	0.01188	0.01082	0.01891	0.01736	0.02142	0.01412	0.00646	0.00379	0.00126	0.00253	0.04905	0.79827	0.00478
1	0.80566	0.00960	0.00745	0.00677	0.00978	0.01108	0.00551	0.01461	0.00880	0.02243	0.00839	0.05613	0.00724	0.00543	0.00337	0.00162	0.00391	0.00348	0.00327	0.00547
2	0.01352	0.77566	0.07221	0.00913	0.01370	0.01981	0.00938	0.01542	0.01045	0.01232	0.00726	0.00838	0.00658	0.00442	0.00339	0.00113	0.00561	0.00281	0.00219	0.00664
3	0.00937	0.00476	0.00485	0.00492	0.00606	0.00475	0.00366	0.01167	0.01070	0.01877	0.01742	0.06629	0.01438	0.00658	0.00376	0.00125	0.00243	0.00536	0.79827	0.00475
4	0.64686	0.01161	0.00870	0.00788	0.01087	0.11740	0.00638	0.02899	0.01012	0.03629	0.00895	0.01183	0.00745	0.00547	0.00368	0.00159	0.00474	0.04735	0.01817	0.00566
5	0.05002	0.01016	0.01242	0.00970	0.01347	0.00991	0.00795	0.23964	0.01693	0.49853	0.01797	0.06291	0.01256	0.00682	0.00517	0.00160	0.00464	0.00548	0.00579	0.00835
6	0.12806	0.01192	0.01536	0.01288	0.06126	0.01257	0.11137	0.25154	0.15085	0.17044	0.01423	0.01420	0.01012	0.00581	0.00502	0.00162	0.00533	0.00488	0.00463	0.00792
7	0.01334	0.77442	0.02578	0.00875	0.01293	0.01948	0.00864	0.01500	0.01030	0.01206	0.00752	0.00894	0.00695	0.00641	0.05038	0.00152	0.00598	0.00291	0.00223	0.00647
8	0.01064	0.00912	0.01064	0.00760	0.01216	0.00684	0.00608	0.01292	0.01064	0.01672	0.00912	0.01064	0.00760	0.00380	0.00380	0.00076	0.00380	0.00304	0.00304	0.85104
9	0.01845	0.01344	0.01462	0.01113	0.01529	0.01436	0.00917	0.63895	0.02193	0.06006	0.01220	0.01229	0.00873	0.00585	0.00495	0.00144	0.00535	0.00443	0.00490	0.12246
10	0.00872	0.00453	0.00654	0.00654	0.00654	0.00453	0.00427	0.00679	0.00679	0.00905	0.00989	0.01803	0.01023	0.12610	0.02087	0.73652	0.00453	0.00486	0.00235	0.00235
11	0.02302	0.00873	0.01191	0.00913	0.01310	0.00754	0.00754	0.02501	0.01469	0.79122	0.02024	0.01746	0.01270	0.00635	0.00516	0.00159	0.00437	0.00516	0.00635	0.00873
12	0.01951	0.01437	0.01540	0.01181	0.01591	0.01591	0.00975	0.77056	0.02412	0.03234	0.01232	0.01232	0.00873	0.00616	0.00513	0.00154	0.00565	0.00462	0.00513	0.00873
13	0.00612	0.00510	0.00534	0.00549	0.00702	0.00432	0.00404	0.00740	0.01152	0.01394	0.06842	0.15264	0.66434	0.01334	0.00613	0.00178	0.00265	0.01129	0.00479	0.00432
14	0.01917	0.02445	0.01454	0.01322	0.01586	0.79907	0.00991	0.02049	0.01454	0.01256	0.00793	0.00925	0.00661	0.00529	0.00463	0.00132	0.00925	0.00330	0.00264	0.00595
15	0.01002	0.00946	0.01599	0.72237	0.11773	0.01149	0.01441	0.01340	0.01042	0.01351	0.00918	0.01357	0.00698	0.00507	0.00512	0.00169	0.00676	0.00456	0.00231	0.00597
16	0.85592	0.00992	0.00754	0.00675	0.00992	0.01151	0.00556	0.01508	0.00873	0.02302	0.00714	0.00834	0.00556	0.00476	0.00318	0.00159	0.00397	0.00278	0.00318	0.00556
17	0.00606	0.00520	0.00520	0.00520	0.00693	0.00433	0.00390	0.00736	0.01170	0.01386	0.05198	0.04938	0.78558	0.01299	0.00606	0.00173	0.00260	0.01083	0.00476	0.00433
18	0.00625	0.00447	0.00595	0.00714	0.00744	0.00417	0.00476	0.00714	0.00982	0.01310	0.02828	0.81633	0.03394	0.01608	0.00655	0.00208	0.00298	0.01459	0.00476	0.00417
19	0.00625	0.00447	0.00595	0.00714	0.00744	0.00417	0.00476	0.00714	0.00982	0.01310	0.02828	0.81633	0.03394	0.01608	0.00655	0.00208	0.00298	0.01459	0.00476	0.00417
20	0.00956	0.00478	0.00478	0.00478	0.00598	0.00478	0.00359	0.01196	0.01076	0.01913	0.01674	0.01913	0.01315	0.00598	0.00359	0.00120	0.00239	0.00478	0.84816	0.00478
21	0.05321	0.00948	0.01186	0.00917	0.01299	0.00879	0.00752	0.14083	0.01562	0.53017	0.06717	0.01711	0.01371	0.00633	0.00503	0.00152	0.00438	0.00508	0.00573	0.07429
22	0.01342	0.75320	0.09383	0.00929	0.01396	0.01957	0.00967	0.01544	0.01046	0.01244	0.00731	0.00846	0.00658	0.00443	0.00343	0.00114	0.00567	0.00284	0.00219	0.00667
23	0.00956	0.00478	0.00478	0.00478	0.00598	0.00478	0.00359	0.01196	0.01076	0.01913	0.01674	0.01913	0.01315	0.00598	0.00359	0.00120	0.00239	0.00478	0.84816	0.00478
24	0.01138	0.00532	0.00574	0.00537	0.00694	0.00515	0.00412	0.01372	0.01129	0.12338	0.01721	0.01890	0.01309	0.00603	0.00380	0.00125	0.00266	0.00483	0.73449	0.00532
25	0.01951	0.01437	0.01540	0.01181	0.01591	0.01591	0.00975	0.77056	0.02412	0.03234	0.01232	0.01232	0.00873	0.00616	0.00513	0.00154	0.00565	0.00462	0.00513	0.00873
26	0.00668	0.00522	0.00605	0.00584	0.00731	0.00459	0.00438	0.00855	0.01315	0.01731	0.42837	0.04371	0.40704	0.01171	0.00606	0.00167	0.00251	0.01003	0.00522	0.00459
27	0.01123	0.01123	0.01572	0.01347	0.01347	0.01572	0.01123	0.01235	0.00786	0.01235	0.00674	0.01123	0.00674	0.00898	0.01684	0.00225	0.81028	0.00449	0.00225	0.00561
28	0.00969	0.00912	0.01539	0.80734	0.03534	0.01140	0.01425	0.01311	0.01026	0.01311	0.00912	0.01368	0.00684	0.00513	0.00513	0.00171	0.00684	0.00456	0.00228	0.00570
29	0.01851	0.01430	0.01741	0.01313	0.01738	0.01552	0.11228	0.66873	0.02250	0.03019	0.01206	0.01252	0.00860	0.00591	0.00526	0.00157	0.00605	0.00481	0.00479	0.00848
30	0.00625	0.00447	0.00595	0.00714	0.00744	0.00417	0.00476	0.00714	0.00982	0.01310	0.02828	0.81633	0.03394	0.01608	0.00655	0.00208	0.00298	0.01459	0.00476	0.00417
31	0.85592	0.00992	0.00754	0.00675	0.00992	0.01151	0.00556	0.01508	0.00873	0.02302	0.00714	0.00834	0.00556	0.00476	0.00318	0.00159	0.00397	0.00278	0.00318	0.00556
32	0.01010	0.00938	0.01488	0.69974	0.03237	0.01158	0.01342	0.01502	0.11398	0.01424	0.01071	0.01442	0.00803	0.00538	0.00514	0.00171	0.00646	0.00473	0.00268	0.00603
33	0.01123	0.01123	0.01572	0.01347	0.01347	0.01572	0.01123	0.01235	0.00786	0.01235	0.00674	0.01123	0.00674	0.00898	0.01684	0.00225	0.81028	0.00449	0.00225	0.00561
34	0.00610	0.00514	0.00526	0.00534	0.00694	0.00433	0.00394	0.00735	0.01148	0.01373	0.04962	0.10292	0.71781	0.02899	0.00649	0.00182	0.00267	0.01103	0.00473	0.00430
35	0.01951	0.01437	0.01540	0.01181	0.01591	0.01591	0.00975	0.77056	0.02412	0.03234	0.01232	0.01232	0.00873	0.00616	0.00513	0.00154	0.00565	0.00462	0.00513	0.00873
36	0.00818	0.00805	0.01358	0.01087	0.01366	0.00725	0.25348	0.01053	0.01180	0.01478	0.03634	0.05339	0.46811	0.01031	0.00614	0.00178	0.00472	0.05779	0.00406	0.00520
37	0.00726	0.00524	0.00686	0.00646	0.00767	0.00484	0.00484	0.00968	0.01452	0.02058	0.78496	0.03833	0.04841	0.01049	0.00605	0.00161	0.00242	0.00928	0.00565	0.00484
38	0.01270	0.01219	0.02083	0.03149	0.78767	0.01219	0.01575	0.01575	0.01168	0.01676	0.00965	0.01270	0.00813	0.00457	0.00508	0.00152	0.00610	0.00457	0.00254	0.00813
39	0.01911	0.01364	0.01484	0.01134	0.01547	0.01473	0.00935	0.66904	0.02257	0.08043	0.01261	0.01253	0.00890	0.00601	0.00504	0.00149	0.00543	0.00454	0.00506	0.06786
40	0.00625	0.00447	0.00595	0.00714	0.00744	0.00417	0.00476	0.00714	0.00982	0.01310	0.02828	0.81633	0.03394	0.01608	0.00655	0.00208	0.00298	0.01459	0.00476	0.00417
41	0.00969	0.00912	0.01539	0.80734	0.03534	0.01140	0.01425	0.01311	0.01026	0.01311	0.00912	0.01368	0.00684	0.00513	0.00513	0.00171	0.00684	0.00456	0.00228	0.00570
42	0.01198	0.01345	0.02811	0.02042	0.02483	0.01338	0.65651	0.01583	0.01148	0.01583	0.00984	0.01345	0.00763	0.00502	0.00766	0.00181	0.12768	0.00582	0.00254	0.00673
43	0.85592	0.00992	0.00754	0.00675	0.00992	0.01151	0.00556	0.01508	0.00873	0.02302	0.00714	0.00834	0.00556	0.00476	0.00318	0.00159	0.00397	0.00278	0.00318	0.00556
44	0.01630	0.01621	0.01612	0.01366	0.04670	0.25519	0.11191	0.26184	0.10593	0.02078	0.01470	0.01529	0.06954	0.00621	0.00518	0.00154	0.00676	0.00503	0.00390	0.00719
45	0.00891	0.00446	0.00668	0.00668	0.00668	0.00446	0.00446	0.00668	0.00668	0.00891	0.00891	0.01560	0.00891	0.01783	0.02005	0.85071	0.00446	0.00446	0.00223	0.00223
46	0.01293	0.02218	0.43774	0.01559	0.02161	0.11888	0.17542	0.10298	0.01312	0.01763	0.00964	0.01143	0.00704	0.00496	0.00512	0.00160	0.00781	0.00430	0.00266	0.00735
47	0.01088	0.00929	0.01190	0.00857	0.01304	0.00721	0.05963	0.01330	0.01098	0.03347	0.03926	0.01208	0.00929	0.00415	0.00407	0.00088	0.00410	0.00354	0.00318	0.74118
48	0.01967	0.01410	0.01523	0.01168	0.01578	0.01551	0.00965	0.73473	0.02367	0.06881	0.01270	0.01257	0.00892	0.00617	0.00513	0.00154	0.00558	0.00465	0.00519	0.00873
49	0.00709	0.00519	0.00666	0.00640	0.00759	0.00475	0.00476	0.00932	0.01397	0.01951	0.67293	0.09384	0.10664	0.01108	0.00609	0.00166	0.00247	0.00978	0.00552	0.00475
50	0.00625	0.00447	0.00595	0.00714	0.00744	0.00417	0.00476	0.00714	0.00982	0.01310	0.02828	0.81633	0.03394	0.01608	0.00655	0.00208	0.00298	0.01459	0.00476	0.00417
51	0.01932	0.02246	0.01460	0.01289	0.01580	0.65531	0.00983	0.13799	0.01604	0.03652	0.00895	0.00995	0.00710	0.00545	0.00472	0.00136	0.00856	0.00356	0.00313	0.00646
52	0.00738	0.00497	0.00575	0.00582	0.00588	0.00499	0.00337	0.00752	0.00765	0.01024	0.01682	0.08256	0.01934	0.73118	0.06204	0.00495	0.00527	0.00782	0.00320	0.00325
53	0.00718	0.00524	0.00675	0.00637	0.00762	0.00481	0.00478	0.00953	0.01434	0.02014	0.73745	0.03904	0.09620	0.01065	0.00605	0.00162	0.00243	0.00938	0.00559	0.00481
54	0.01809	0.02267	0.01470	0.01325	0.01554	0.69330	0.01009	0.01939	0.01364	0.01253	0.00777	0.00952	0.00663	0.00579	0.00628	0.00145	0.11741	0.00346	0.00259	0.00590
55	0.01691	0.01390	0.02079	0.01534	0.01985	0.01441	0.29320	0.45310	0.01918	0.06287	0.01198	0.01313	0.00857	0.00548	0.00548	0.00161	0.00671	0.00518	0.00424	0.00805
56	0.00626	0.00463	0.00586	0.00683	0.00741	0.00423	0.00467	0.00725	0.01020	0.01328	0.03260	0.66160	0.17147	0.01548	0.00647	0.00202	0.00294	0.02783	0.00476	0.00421
57	0.01917	0.02445	0.01454	0.01322	0.01586	0.79907	0.00991	0.02049	0.01454	0.01256	0.00793	0.00925	0.00661	0.00529	0.00463	0.00132	0.00925	0.00330	0.00264	0.00595
58	0.02231	0.00987	0.01261	0.00967	0.01366	0.00923	0.00799	0.17496	0.01658	0.63858	0.01865	0.01643	0.01190	0.00631	0.00515	0.00158	0.00462	0.00505	0.00611	0.00873
59	0.01123	0.01123	0.01572	0.01347	0.01347	0.01572	0.01123	0.01235	0.00786	0.01235	0.00674	0.01123	0.00674	0.00898	0.01684	0.00225	0.81028	0.00449	0.00225	0.00561
60	0.74293	0.01189	0.00849	0.00762	0.01072	0.11785	0.00615	0.01581	0.00952	0.02161	0.00725	0.00846	0.00570	0.00483	0.00337	0.00155	0.00468	0.00285	0.00310	0.00561
61	0.02302	0.00873	0.01191	0.00913	0.01310	0.00754	0.00754	0.02501	0.01469	0.79122	0.02024	0.01746	0.01270	0.00635	0.00516	0.00159	0.00437	0.00516	0.00635	0.00873
62	0.01917	0.02445	0.01454	0.01322	0.01586	0.79907	0.00991	0.02049	0.01454	0.01256	0.00793	0.00925	0.00661	0.00529	0.00463	0.00132	0.00925	0.00330	0.00264	0.00595
63	0.01914	0.01402	0.01501	0.01155	0.01555	0.01550	0.00953	0.74280	0.02364	0.03185	0.01248	0.01257	0.00889	0.00615	0.00508	0.00153	0.00553	0.00463	0.03598	0.00858
64	0.00726	0.00524	0.00686	0.00646	0.00767	0.00484	0.00484	0.00968	0.01452	0.02058	0.78496	0.03833	0.04841	0.01049	0.00605	0.00161	0.00242	0.00928	0.00565	0.00484
65	0.00891	0.00446	0.00668	0.00668	0.00668	0.00446	0.00446	0.00668	0.00668	0.00891	0.00891	0.01560	0.00891	0.01783	0.02005	0.85071	0.00446	0.00446	0.00223	0.00223
66	0.01029	0.02654	0.79309	0.01462	0.02221	0.01192	0.01896	0.01625	0.01083	0.01625	0.00921	0.01083	0.00650	0.00487	0.00487	0.00162	0.00758	0.00379	0.00217	0.00758
67	0.01123	0.01123	0.01572	0.01347	0.01347	0.01572	0.01123	0.01235	0.00786	0.01235	0.00674	0.01123	0.00674	0.00898	0.01684	0.00225	0.81028	0.00449	0.00225	0.00561
68	0.00947	0.00873	0.01274	0.01138	0.01188	0.01099	0.05773	0.01078	0.00896	0.01320	0.01495	0.29190	0.01658	0.01100	0.01192	0.00211	0.43860	0.00812	0.04380	0.00515
69	0.00625	0.00447	0.00595	0.00714	0.00744	0.00417	0.00476	0.00714	0.00982	0.01310	0.02828	0.81633	0.03394	0.01608	0.00655	0.00208	0.00298	0.01459	0.00476	0.00417
70	0.00634	0.00456	0.00604	0.00718	0.00758	0.00426	0.00490	0.00732	0.00999	0.01324	0.02916	0.74973	0.06327	0.01586	0.00656	0.00208	0.00305	0.04993	0.00476	0.00420
71	0.01364	0.80358	0.04534	0.00892	0.01339	0.02010	0.00902	0.01539	0.01044	0.01217	0.00718	0.00829	0.00658	0.00440	0.00333	0.00111	0.00554	0.00277	0.00219	0.00661
72	0.36761	0.01190	0.01113	0.00901	0.01267	0.05020	0.00735	0.25344	0.04250	0.06146	0.01021	0.01078	0.00759	0.00525	0.00412	0.00145	0.00475	0.00364	0.00397	0.12098
73	0.04852	0.01369	0.01250	0.01049	0.01366	0.18449	0.00830	0.23490	0.12873	0.15732	0.06645	0.03413	0.05032	0.00689	0.00510	0.00156	0.00551	0.00535	0.00475	0.00735
74	0.03337	0.01151	0.01287	0.01041	0.01405	0.02527	0.00842	0.25864	0.25969	0.28302	0.01753	0.01609	0.01217	0.00644	0.00513	0.00162	0.00475	0.00512	0.00549	0.00843

[dist]
# distance from previous block
# <min> <max>
4	13

[block]
# block no. 1 follows, 48 sequences, length 9
# corresponding to MSA columns:
# 833-841
name=unknown_B
#
# <colnr> <probs for GDERKNQSTAVLIFYWHMCP>
#	G	D	E	R	K	N	Q	S	T	A	V	L	I	F	Y	W	H	M	C	P
0	0.01072	0.00991	0.01630	0.63512	0.16029	0.01177	0.01426	0.05382	0.01124	0.01474	0.00938	0.01344	0.00716	0.00509	0.00512	0.00167	0.00665	0.00457	0.00248	0.00627
1	0.01270	0.01219	0.02083	0.03149	0.78767	0.01219	0.01575	0.01575	0.01168	0.01676	0.00965	0.01270	0.00813	0.00457	0.00508	0.00152	0.00610	0.00457	0.00254	0.00813
2	0.01064	0.00912	0.01064	0.00760	0.01216	0.00684	0.00608	0.01292	0.01064	0.01672	0.00912	0.01064	0.00760	0.00380	0.00380	0.00076	0.00380	0.00304	0.00304	0.85104
3	0.01578	0.01323	0.01300	0.01106	0.01432	0.09243	0.00874	0.23980	0.45235	0.05680	0.01710	0.01612	0.01264	0.00654	0.00513	0.00163	0.00505	0.00518	0.00499	0.00810
4	0.01167	0.00909	0.01075	0.00773	0.01224	0.00690	0.00620	0.01392	0.01098	0.08104	0.01004	0.01121	0.00802	0.00401	0.00391	0.00083	0.00385	0.00322	0.00331	0.78109
5	0.01270	0.01219	0.02083	0.03149	0.78767	0.01219	0.01575	0.01575	0.01168	0.01676	0.00965	0.01270	0.00813	0.00457	0.00508	0.00152	0.00610	0.00457	0.00254	0.00813
6	0.01372	0.82276	0.02689	0.00878	0.01317	0.02030	0.00878	0.01536	0.01043	0.01207	0.00713	0.00823	0.00658	0.00439	0.00329	0.00110	0.00549	0.00274	0.00219	0.00658
7	0.01876	0.00939	0.01179	0.00900	0.01306	0.00831	0.00735	0.07427	0.06787	0.47791	0.01677	0.01541	0.01127	0.00570	0.00480	0.00137	0.00428	0.00460	0.00531	0.23276
8	0.00649	0.00477	0.00608	0.00669	0.00743	0.00437	0.00466	0.00784	0.01131	0.01515	0.22878	0.50596	0.14321	0.01419	0.00635	0.00191	0.00278	0.01268	0.00499	0.00437

[dist]
# distance from previous block
# <min> <max>
0	1

[block]
# block no. 2 follows, 48 sequences, length 24
# corresponding to MSA columns:
# 843-866
name=unknown_C
#
# <colnr> <probs for GDERKNQSTAVLIFYWHMCP>
#	G	D	E	R	K	N	Q	S	T	A	V	L	I	F	Y	W	H	M	C	P
0	0.01141	0.00993	0.01280	0.00920	0.01379	0.00806	0.07705	0.06765	0.01174	0.01782	0.00947	0.01106	0.00770	0.00402	0.00410	0.00091	0.00438	0.00343	0.00315	0.71233
1	0.01256	0.01159	0.01112	0.01008	0.01272	0.09567	0.00777	0.02379	0.58241	0.02002	0.09463	0.02154	0.05883	0.00744	0.00528	0.00168	0.00438	0.00614	0.00496	0.00737
2	0.01270	0.01219	0.02083	0.03149	0.78767	0.01219	0.01575	0.01575	0.01168	0.01676	0.00965	0.01270	0.00813	0.00457	0.00508	0.00152	0.00610	0.00457	0.00254	0.00813
3	0.01987	0.01176	0.01356	0.01057	0.01440	0.01224	0.00866	0.44671	0.03957	0.29969	0.01620	0.05712	0.01166	0.00678	0.00522	0.00159	0.00501	0.00537	0.00555	0.00847
4	0.01336	0.69866	0.07449	0.01033	0.01499	0.01911	0.07986	0.01552	0.01061	0.01273	0.00756	0.00891	0.00669	0.00441	0.00365	0.00119	0.00591	0.00312	0.00223	0.00668
5	0.00746	0.00497	0.00560	0.00560	0.00560	0.00497	0.00311	0.00746	0.00746	0.00995	0.01617	0.03358	0.01865	0.81967	0.02612	0.00497	0.00497	0.00746	0.00311	0.00311
6	0.00606	0.00520	0.00520	0.00520	0.00693	0.00433	0.00390	0.00736	0.01170	0.01386	0.05198	0.04938	0.78558	0.01299	0.00606	0.00173	0.00260	0.01083	0.00476	0.00433
7	0.01128	0.01074	0.01826	0.39817	0.43211	0.01182	0.01504	0.01450	0.01101	0.01504	0.00940	0.01316	0.00752	0.00484	0.00510	0.00161	0.00645	0.00457	0.00242	0.00698
8	0.06580	0.00990	0.01236	0.00953	0.01348	0.00939	0.00787	0.17062	0.01623	0.60238	0.01801	0.01598	0.01155	0.00623	0.00505	0.00158	0.00460	0.00493	0.00595	0.00857
9	0.01270	0.01219	0.02083	0.03149	0.78767	0.01219	0.01575	0.01575	0.01168	0.01676	0.00965	0.01270	0.00813	0.00457	0.00508	0.00152	0.00610	0.00457	0.00254	0.00813
10	0.01123	0.01123	0.01572	0.01347	0.01347	0.01572	0.01123	0.01235	0.00786	0.01235	0.00674	0.01123	0.00674	0.00898	0.01684	0.00225	0.81028	0.00449	0.00225	0.00561
11	0.00726	0.00524	0.00686	0.00646	0.00767	0.00484	0.00484	0.00968	0.01452	0.02058	0.78496	0.03833	0.04841	0.01049	0.00605	0.00161	0.00242	0.00928	0.00565	0.00484
12	0.01649	0.01989	0.02027	0.01621	0.01976	0.47415	0.28809	0.01892	0.01350	0.03251	0.00909	0.01118	0.00719	0.00504	0.00544	0.00150	0.02730	0.00438	0.00271	0.00636
13	0.00746	0.00477	0.00638	0.00729	0.00785	0.00441	0.00496	0.00843	0.01017	0.06898	0.02770	0.75896	0.03241	0.01538	0.00645	0.00205	0.00308	0.01391	0.00488	0.00450
14	0.01710	0.01222	0.08417	0.01015	0.01379	0.07190	0.00878	0.10808	0.15632	0.32386	0.12132	0.01875	0.01659	0.00678	0.00522	0.00160	0.00488	0.00550	0.00523	0.00776
15	0.00743	0.00509	0.00618	0.00618	0.00638	0.00529	0.00384	0.00784	0.00763	0.01038	0.01563	0.03062	0.01737	0.64742	0.19661	0.00570	0.00691	0.00703	0.00303	0.00343
16	0.00803	0.00543	0.00703	0.00652	0.00791	0.00495	0.00493	0.01036	0.01436	0.06119	0.69901	0.03790	0.09201	0.01042	0.00601	0.00162	0.00254	0.00916	0.00563	0.00502
17	0.00625	0.00447	0.00595	0.00714	0.00744	0.00417	0.00476	0.00714	0.00982	0.01310	0.02828	0.81633	0.03394	0.01608	0.00655	0.00208	0.00298	0.01459	0.00476	0.00417
18	0.01241	0.01190	0.02030	0.10636	0.71507	0.01212	0.01560	0.01549	0.01155	0.01641	0.00960	0.01279	0.00800	0.00463	0.00508	0.00154	0.00617	0.00457	0.00251	0.00789
19	0.01231	0.01011	0.01153	0.00839	0.01287	0.00855	0.00677	0.15536	0.01318	0.01966	0.00972	0.01096	0.00781	0.00424	0.00405	0.00091	0.00415	0.00334	0.00343	0.69268
20	0.01815	0.01868	0.01431	0.01225	0.01543	0.39614	0.00954	0.27405	0.15322	0.02079	0.01170	0.01204	0.00893	0.00588	0.00490	0.00147	0.00712	0.00419	0.00394	0.00727
21	0.00690	0.00491	0.00613	0.00670	0.00716	0.00458	0.00433	0.00760	0.00915	0.01235	0.02336	0.52536	0.02760	0.26299	0.01241	0.00289	0.00364	0.01168	0.00415	0.05610
22	0.01207	0.03407	0.02754	0.01968	0.02435	0.04447	0.64685	0.01599	0.01224	0.01637	0.06574	0.01521	0.01060	0.00491	0.00617	0.00170	0.02647	0.00606	0.00280	0.00669
23	0.01361	0.41044	0.15762	0.01058	0.01511	0.05588	0.05695	0.01624	0.01163	0.10176	0.06563	0.01381	0.03975	0.00549	0.00432	0.00136	0.00580	0.00420	0.00305	0.00678

[dist]
# distance from previous block
# <min> <max>
3	12

[block]
# block no. 3 follows, 48 sequences, length 41
# corresponding to MSA columns:
# 879-919
name=unknown_D
#
# <colnr> <probs for GDERKNQSTAVLIFYWHMCP>
#	G	D	E	R	K	N	Q	S	T	A	V	L	I	F	Y	W	H	M	C	P
0	0.05175	0.01763	0.01374	0.01156	0.01474	0.35045	0.00909	0.34905	0.01817	0.02227	0.01064	0.01147	0.00810	0.00571	0.00470	0.00142	0.00683	0.00400	0.08164	0.00705
1	0.00622	0.00458	0.00584	0.00685	0.00736	0.00419	0.00463	0.00718	0.01011	0.01322	0.03191	0.69891	0.14901	0.01560	0.00647	0.00203	0.00292	0.01401	0.00476	0.00419
2	0.01029	0.02654	0.79309	0.01462	0.02221	0.01192	0.01896	0.01625	0.01083	0.01625	0.00921	0.01083	0.00650	0.00487	0.00487	0.00162	0.00758	0.00379	0.00217	0.00758
3	0.01189	0.01182	0.01780	0.01489	0.05546	0.09104	0.26785	0.04548	0.08241	0.03305	0.10666	0.13946	0.01733	0.00771	0.00668	0.00175	0.07154	0.00717	0.00369	0.00632
4	0.01029	0.02654	0.79309	0.01462	0.02221	0.01192	0.01896	0.01625	0.01083	0.01625	0.00921	0.01083	0.00650	0.00487	0.00487	0.00162	0.00758	0.00379	0.00217	0.00758
5	0.00625	0.00447	0.00595	0.00714	0.00744	0.00417	0.00476	0.00714	0.00982	0.01310	0.02828	0.81633	0.03394	0.01608	0.00655	0.00208	0.00298	0.01459	0.00476	0.00417
6	0.01949	0.01477	0.01536	0.01186	0.01591	0.04713	0.00976	0.74066	0.02374	0.03155	0.01214	0.01220	0.00864	0.00612	0.00511	0.00153	0.00579	0.00457	0.00503	0.00862
7	0.01147	0.01093	0.01860	0.34925	0.47954	0.01187	0.01513	0.01467	0.01110	0.01527	0.00943	0.01310	0.00760	0.00480	0.00510	0.00160	0.00640	0.00457	0.00243	0.00713
8	0.01211	0.01384	0.03028	0.02163	0.02682	0.01298	0.76903	0.01644	0.01211	0.01644	0.01038	0.01384	0.00779	0.00433	0.00606	0.00173	0.00865	0.00606	0.00260	0.00692
9	0.00625	0.00447	0.00595	0.00714	0.00744	0.00417	0.00476	0.00714	0.00982	0.01310	0.02828	0.81633	0.03394	0.01608	0.00655	0.00208	0.00298	0.01459	0.00476	0.00417
10	0.01123	0.01123	0.01572	0.01347	0.01347	0.01572	0.01123	0.01235	0.00786	0.01235	0.00674	0.01123	0.00674	0.00898	0.01684	0.00225	0.81028	0.00449	0.00225	0.00561
11	0.02302	0.00873	0.01191	0.00913	0.01310	0.00754	0.00754	0.02501	0.01469	0.79122	0.02024	0.01746	0.01270	0.00635	0.00516	0.00159	0.00437	0.00516	0.00635	0.00873
12	0.01951	0.01437	0.01540	0.01181	0.01591	0.01591	0.00975	0.77056	0.02412	0.03234	0.01232	0.01232	0.00873	0.00616	0.00513	0.00154	0.00565	0.00462	0.00513	0.00873
13	0.00726	0.00524	0.00686	0.00646	0.00767	0.00484	0.00484	0.00968	0.01452	0.02058	0.78496	0.03833	0.04841	0.01049	0.00605	0.00161	0.00242	0.00928	0.00565	0.00484
14	0.00969	0.00912	0.01539	0.80734	0.03534	0.01140	0.01425	0.01311	0.01026	0.01311	0.00912	0.01368	0.00684	0.00513	0.00513	0.00171	0.00684	0.00456	0.00228	0.00570
15	0.01653	0.01100	0.01232	0.01033	0.01371	0.01195	0.00825	0.15192	0.45526	0.22090	0.01928	0.01756	0.01373	0.00667	0.00519	0.00167	0.00441	0.00544	0.00550	0.00838
16	0.19393	0.01241	0.01301	0.01013	0.01406	0.01337	0.00835	0.47218	0.01884	0.11516	0.01190	0.01195	0.00843	0.00571	0.00463	0.00150	0.00501	0.00418	0.00471	0.07052
17	0.01917	0.02445	0.01454	0.01322	0.01586	0.79907	0.00991	0.02049	0.01454	0.01256	0.00793	0.00925	0.00661	0.00529	0.00463	0.00132	0.00925	0.00330	0.00264	0.00595
18	0.00625	0.00447	0.00595	0.00714	0.00744	0.00417	0.00476	0.00714	0.00982	0.01310	0.02828	0.81633	0.03394	0.01608	0.00655	0.00208	0.00298	0.01459	0.00476	0.00417
19	0.01029	0.02654	0.79309	0.01462	0.02221	0.01192	0.01896	0.01625	0.01083	0.01625	0.00921	0.01083	0.00650	0.00487	0.00487	0.00162	0.00758	0.00379	0.00217	0.00758
20	0.01226	0.01059	0.01113	0.01005	0.01287	0.01214	0.00781	0.02579	0.72139	0.02090	0.02320	0.02139	0.07291	0.00741	0.00528	0.00174	0.00395	0.00618	0.00519	0.00784
21	0.01951	0.01437	0.01540	0.01181	0.01591	0.01591	0.00975	0.77056	0.02412	0.03234	0.01232	0.01232	0.00873	0.00616	0.00513	0.00154	0.00565	0.00462	0.00513	0.00873
22	0.00625	0.00447	0.00595	0.00714	0.00744	0.00417	0.00476	0.00714	0.00982	0.01310	0.02828	0.81633	0.03394	0.01608	0.00655	0.00208	0.00298	0.01459	0.00476	0.00417
23	0.00969	0.00912	0.01539	0.80734	0.03534	0.01140	0.01425	0.01311	0.01026	0.01311	0.00912	0.01368	0.00684	0.00513	0.00513	0.00171	0.00684	0.00456	0.00228	0.00570
24	0.00660	0.00461	0.00585	0.00670	0.00692	0.00440	0.00429	0.00723	0.00915	0.01220	0.02484	0.59370	0.02959	0.24463	0.01211	0.00291	0.00355	0.01256	0.00429	0.00387
25	0.00626	0.00462	0.00586	0.00678	0.00736	0.00422	0.00462	0.00728	0.01034	0.01353	0.06281	0.65201	0.16491	0.01532	0.00645	0.00200	0.00289	0.01372	0.00480	0.00422
26	0.01022	0.00590	0.00781	0.00696	0.00868	0.00535	0.00535	0.01256	0.01455	0.16514	0.64150	0.03441	0.04171	0.00971	0.00588	0.00161	0.00279	0.00851	0.00578	0.00557
27	0.01211	0.01384	0.03028	0.02163	0.02682	0.01298	0.76903	0.01644	0.01211	0.01644	0.01038	0.01384	0.00779	0.00433	0.00606	0.00173	0.00865	0.00606	0.00260	0.00692
28	0.85592	0.00992	0.00754	0.00675	0.00992	0.01151	0.00556	0.01508	0.00873	0.02302	0.00714	0.00834	0.00556	0.00476	0.00318	0.00159	0.00397	0.00278	0.00318	0.00556
29	0.02302	0.00873	0.01191	0.00913	0.01310	0.00754	0.00754	0.02501	0.01469	0.79122	0.02024	0.01746	0.01270	0.00635	0.00516	0.00159	0.00437	0.00516	0.00635	0.00873
30	0.01489	0.65090	0.02423	0.00974	0.01375	0.18796	0.00902	0.01647	0.01131	0.01218	0.00731	0.00845	0.00659	0.00458	0.00358	0.00115	0.00630	0.00286	0.00229	0.00645
31	0.01052	0.00863	0.00998	0.00728	0.01146	0.00661	0.00580	0.01281	0.01065	0.01699	0.00998	0.01160	0.00823	0.00405	0.00378	0.00081	0.00364	0.00324	0.09873	0.75522
32	0.01918	0.02416	0.01457	0.01318	0.01586	0.77639	0.00991	0.04222	0.01482	0.01313	0.00806	0.00934	0.00667	0.00531	0.00464	0.00133	0.00915	0.00334	0.00272	0.00603
33	0.00846	0.00603	0.00779	0.00774	0.00833	0.00637	0.00536	0.00917	0.00857	0.01202	0.01579	0.02750	0.01635	0.39228	0.43698	0.00684	0.00997	0.00670	0.00326	0.00446
34	0.00730	0.00529	0.00709	0.00707	0.00773	0.00571	0.00505	0.00851	0.00853	0.01184	0.06068	0.02743	0.06031	0.30256	0.44513	0.00638	0.00947	0.00668	0.00315	0.00408
35	0.01150	0.01168	0.01568	0.01346	0.01355	0.04257	0.01118	0.01263	0.00809	0.01236	0.00678	0.01116	0.00673	0.00885	0.01642	0.00221	0.78282	0.00445	0.00226	0.00562
36	0.01078	0.07521	0.65725	0.01617	0.10831	0.01248	0.01795	0.01614	0.01090	0.01604	0.00913	0.01088	0.00669	0.00481	0.00480	0.00158	0.00728	0.00381	0.00221	0.00758
37	0.01205	0.43427	0.40073	0.01163	0.01758	0.01621	0.01375	0.01580	0.01062	0.01411	0.00815	0.00950	0.00654	0.00463	0.00406	0.00135	0.00651	0.00325	0.00218	0.00707
38	0.01270	0.01219	0.02083	0.03149	0.78767	0.01219	0.01575	0.01575	0.01168	0.01676	0.00965	0.01270	0.00813	0.00457	0.00508	0.00152	0.00610	0.00457	0.00254	0.00813
39	0.27392	0.00955	0.00950	0.19424	0.01553	0.09822	0.00769	0.01302	0.01022	0.01675	0.01373	0.20390	0.01354	0.00774	0.00464	0.00166	0.00484	0.00628	0.08981	0.00522
40	0.06661	0.01358	0.01435	0.01112	0.01501	0.01504	0.00917	0.68484	0.02250	0.03106	0.01227	0.01248	0.00879	0.00607	0.00493	0.00152	0.00537	0.00452	0.05243	0.00832

[dist]
# distance from previous block
# <min> <max>
0	1

[block]
# block no. 4 follows, 48 sequences, length 32
# corresponding to MSA columns:
# 921-952
name=unknown_E
#
# <colnr> <probs for GDERKNQSTAVLIFYWHMCP>
#	G	D	E	R	K	N	Q	S	T	A	V	L	I	F	Y	W	H	M	C	P
0	0.01247	0.01069	0.01139	0.01038	0.01317	0.01232	0.00813	0.02619	0.72896	0.02107	0.02129	0.02164	0.01656	0.00743	0.00534	0.00178	0.00410	0.05399	0.00519	0.00790
1	0.01064	0.00912	0.01064	0.00760	0.01216	0.00684	0.00608	0.01292	0.01064	0.01672	0.00912	0.01064	0.00760	0.00380	0.00380	0.00076	0.00380	0.00304	0.00304	0.85104
2	0.00624	0.00450	0.00592	0.00705	0.00742	0.00418	0.00472	0.00716	0.00992	0.01314	0.02945	0.77861	0.07090	0.01592	0.00653	0.00207	0.00296	0.01440	0.00476	0.00418
3	0.01123	0.01123	0.01572	0.01347	0.01347	0.01572	0.01123	0.01235	0.00786	0.01235	0.00674	0.01123	0.00674	0.00898	0.01684	0.00225	0.81028	0.00449	0.00225	0.00561
4	0.00751	0.00545	0.00720	0.00734	0.00857	0.00515	0.00588	0.00984	0.01347	0.01847	0.49445	0.04532	0.08989	0.01183	0.00638	0.00186	0.00317	0.24815	0.00529	0.00477
5	0.02302	0.00873	0.01191	0.00913	0.01310	0.00754	0.00754	0.02501	0.01469	0.79122	0.02024	0.01746	0.01270	0.00635	0.00516	0.00159	0.00437	0.00516	0.00635	0.00873
6	0.01846	0.00772	0.01045	0.00836	0.01153	0.00676	0.00676	0.02057	0.01464	0.56822	0.24153	0.02350	0.02304	0.00755	0.00542	0.00160	0.00380	0.00635	0.00615	0.00761
7	0.01258	0.01207	0.02061	0.06289	0.75722	0.01216	0.01569	0.01564	0.01163	0.01662	0.00963	0.01274	0.00808	0.00459	0.00508	0.00153	0.00613	0.00457	0.00253	0.00803
8	0.01238	0.00797	0.00896	0.00768	0.00923	0.00828	0.00541	0.22228	0.01284	0.09417	0.01550	0.02603	0.01529	0.51136	0.01817	0.00368	0.00510	0.00644	0.00400	0.00524
9	0.85592	0.00992	0.00754	0.00675	0.00992	0.01151	0.00556	0.01508	0.00873	0.02302	0.00714	0.00834	0.00556	0.00476	0.00318	0.00159	0.00397	0.00278	0.00318	0.00556
10	0.01211	0.01384	0.03028	0.02163	0.02682	0.01298	0.76903	0.01644	0.01211	0.01644	0.01038	0.01384	0.00779	0.00433	0.00606	0.00173	0.00865	0.00606	0.00260	0.00692
11	0.01655	0.00805	0.01072	0.00901	0.01179	0.00748	0.02539	0.10343	0.01424	0.41456	0.06122	0.25553	0.02030	0.00939	0.00564	0.00173	0.00410	0.00814	0.00561	0.00713
12	0.01957	0.01348	0.01476	0.01138	0.01538	0.01466	0.00937	0.66630	0.02269	0.11810	0.01363	0.03346	0.00982	0.00643	0.00517	0.00156	0.00543	0.00494	0.00526	0.00861
13	0.01211	0.01384	0.03028	0.02163	0.02682	0.01298	0.76903	0.01644	0.01211	0.01644	0.01038	0.01384	0.00779	0.00433	0.00606	0.00173	0.00865	0.00606	0.00260	0.00692
14	0.00666	0.00518	0.00543	0.00544	0.00704	0.00449	0.00413	0.00823	0.01186	0.01515	0.11534	0.04526	0.59843	0.01201	0.00582	0.00169	0.00264	0.04004	0.10071	0.00445
15	0.01029	0.02654	0.79309	0.01462	0.02221	0.01192	0.01896	0.01625	0.01083	0.01625	0.00921	0.01083	0.00650	0.00487	0.00487	0.00162	0.00758	0.00379	0.00217	0.00758
16	0.00680	0.00485	0.00658	0.00777	0.00830	0.00464	0.00571	0.00809	0.01036	0.01371	0.02798	0.61126	0.03275	0.01556	0.00669	0.00216	0.00345	0.21427	0.00475	0.00432
17	0.00625	0.00447	0.00595	0.00714	0.00744	0.00417	0.00476	0.00714	0.00982	0.01310	0.02828	0.81633	0.03394	0.01608	0.00655	0.00208	0.00298	0.01459	0.00476	0.00417
18	0.00624	0.00471	0.00576	0.00654	0.00730	0.00424	0.00451	0.00731	0.01056	0.01362	0.06495	0.55763	0.25819	0.01494	0.00639	0.00196	0.00284	0.01326	0.00480	0.00424
19	0.00732	0.00536	0.00628	0.00598	0.00754	0.00471	0.00451	0.00920	0.01321	0.04762	0.41412	0.04265	0.38987	0.01149	0.00602	0.00167	0.00258	0.00984	0.00526	0.00476
20	0.00824	0.00692	0.00902	0.00882	0.00979	0.05351	0.00688	0.01000	0.00860	0.01197	0.01302	0.01903	0.01213	0.03492	0.70992	0.00751	0.05695	0.00531	0.00272	0.00472
21	0.85592	0.00992	0.00754	0.00675	0.00992	0.01151	0.00556	0.01508	0.00873	0.02302	0.00714	0.00834	0.00556	0.00476	0.00318	0.00159	0.00397	0.00278	0.00318	0.00556
22	0.02277	0.00914	0.01216	0.00932	0.01330	0.00814	0.00770	0.07829	0.01536	0.73698	0.01968	0.01710	0.01242	0.00634	0.00516	0.00158	0.00446	0.00512	0.00626	0.00873
23	0.01374	0.69387	0.10059	0.00963	0.01422	0.06971	0.00984	0.01578	0.01073	0.01251	0.00739	0.00855	0.00658	0.00449	0.00353	0.00116	0.00593	0.00288	0.00222	0.00664
24	0.00668	0.00518	0.00608	0.00594	0.00733	0.00458	0.00442	0.00853	0.01304	0.01724	0.42395	0.08258	0.37223	0.01188	0.00608	0.00169	0.00253	0.01023	0.00521	0.00458
25	0.01825	0.02259	0.01452	0.01372	0.04853	0.68714	0.00998	0.02096	0.09055	0.01362	0.00930	0.01039	0.00758	0.00542	0.00471	0.00137	0.00860	0.00361	0.00290	0.00626
26	0.02134	0.00836	0.01137	0.00884	0.01252	0.00725	0.00725	0.02337	0.01467	0.70913	0.10170	0.01969	0.01651	0.00679	0.00525	0.00159	0.00416	0.00560	0.00628	0.00832
27	0.00684	0.00529	0.00696	0.00805	0.04703	0.00500	0.00533	0.00818	0.01101	0.01467	0.15859	0.48002	0.17638	0.01380	0.00655	0.00191	0.02289	0.01223	0.00474	0.00455
28	0.01372	0.82276	0.02689	0.00878	0.01317	0.02030	0.00878	0.01536	0.01043	0.01207	0.00713	0.00823	0.00658	0.00439	0.00329	0.00110	0.00549	0.00274	0.00219	0.00658
29	0.54441	0.00989	0.00919	0.00774	0.01110	0.01077	0.00635	0.08599	0.02776	0.19068	0.01267	0.01266	0.04088	0.00563	0.00395	0.00159	0.00415	0.00387	0.00416	0.00654
30	0.01699	0.01889	0.01879	0.01591	0.05755	0.41683	0.20672	0.10445	0.01481	0.04929	0.01006	0.01229	0.00795	0.00533	0.00515	0.00149	0.00823	0.01942	0.00311	0.00672
31	0.83026	0.01037	0.00776	0.00695	0.01011	0.03566	0.00569	0.01525	0.00891	0.02270	0.00717	0.00836	0.00559	0.00478	0.00322	0.00158	0.00413	0.00279	0.00316	0.00557

[dist]
# distance from previous block
# <min> <max>
0	1

[block]
# block no. 5 follows, 48 sequences, length 105
# corresponding to MSA columns:
# 954-1058
name=unknown_F
#
# <colnr> <probs for GDERKNQSTAVLIFYWHMCP>
#	G	D	E	R	K	N	Q	S	T	A	V	L	I	F	Y	W	H	M	C	P
0	0.01171	0.01238	0.01052	0.03523	0.01250	0.28082	0.00823	0.01324	0.01187	0.01346	0.01885	0.25327	0.02057	0.01100	0.00670	0.00189	0.06176	0.20714	0.00377	0.00508
1	0.01330	0.01173	0.01187	0.01061	0.01355	0.04676	0.00826	0.05529	0.71676	0.02149	0.02000	0.01846	0.01501	0.00686	0.00519	0.00171	0.00434	0.00565	0.00511	0.00805
2	0.01250	0.00908	0.01076	0.00786	0.01221	0.00713	0.00632	0.03859	0.01168	0.12670	0.01248	0.01318	0.03885	0.00460	0.00412	0.00094	0.00389	0.00370	0.00364	0.67178
3	0.00645	0.00486	0.00631	0.00717	0.00766	0.00471	0.00495	0.00744	0.00995	0.01313	0.03017	0.65696	0.13316	0.01608	0.03159	0.00223	0.03491	0.01340	0.00460	0.00426
4	0.03511	0.17696	0.62544	0.01329	0.02014	0.01349	0.01665	0.01605	0.01070	0.01565	0.00876	0.01027	0.00649	0.00478	0.00453	0.00152	0.00708	0.00356	0.00220	0.00734
5	0.00661	0.00476	0.00617	0.00683	0.00750	0.00440	0.00477	0.00800	0.01127	0.01531	0.23251	0.52642	0.08852	0.01414	0.00634	0.00192	0.00282	0.02647	0.02086	0.00438
6	0.02302	0.00873	0.01191	0.00913	0.01310	0.00754	0.00754	0.02501	0.01469	0.79122	0.02024	0.01746	0.01270	0.00635	0.00516	0.00159	0.00437	0.00516	0.00635	0.00873
7	0.01114	0.01060	0.01801	0.43356	0.39779	0.01178	0.01497	0.01438	0.01095	0.01487	0.00938	0.01321	0.00746	0.00486	0.00511	0.00162	0.00648	0.00457	0.00241	0.00687
8	0.01835	0.01089	0.01803	0.01346	0.01764	0.01031	0.24964	0.06301	0.06208	0.43091	0.01629	0.01594	0.01092	0.00582	0.00581	0.00166	0.03089	0.00543	0.00489	0.00802
9	0.01930	0.02042	0.05453	0.01212	0.01528	0.55479	0.00967	0.02105	0.01427	0.19027	0.01105	0.01149	0.00818	0.00553	0.00473	0.00139	0.00786	0.00379	0.02763	0.00663
10	0.01634	0.01932	0.01802	0.02027	0.28535	0.46093	0.07404	0.01851	0.01335	0.01434	0.00873	0.01083	0.00723	0.00496	0.00490	0.00143	0.00811	0.00397	0.00260	0.00679
11	0.01115	0.01121	0.01620	0.01357	0.01410	0.02969	0.07994	0.01248	0.00834	0.01253	0.00786	0.01326	0.00780	0.07480	0.01637	0.00240	0.65554	0.00485	0.00236	0.00553
12	0.01666	0.01635	0.01358	0.01165	0.01484	0.27545	0.00910	0.22659	0.29493	0.02130	0.01387	0.01373	0.01051	0.00609	0.00495	0.00152	0.00621	0.00456	0.00427	0.03383
13	0.00994	0.00798	0.01036	0.00923	0.01132	0.00822	0.06852	0.04507	0.24401	0.04085	0.21791	0.19648	0.08870	0.01003	0.00585	0.00177	0.00374	0.00893	0.00501	0.00608
14	0.00619	0.00514	0.00541	0.00547	0.00704	0.00436	0.00406	0.00756	0.01180	0.01441	0.11719	0.11111	0.65656	0.01302	0.00610	0.00175	0.00261	0.01099	0.00485	0.00436
15	0.05484	0.00860	0.01147	0.00890	0.01269	0.00756	0.00732	0.02381	0.01444	0.72066	0.05987	0.01820	0.01430	0.00651	0.00513	0.00159	0.00425	0.00528	0.00619	0.00840
16	0.01137	0.16983	0.61423	0.01350	0.02025	0.05475	0.01665	0.01631	0.01095	0.01530	0.00877	0.01028	0.00652	0.00481	0.00458	0.00151	0.00729	0.00358	0.00220	0.00732
17	0.00969	0.00912	0.01539	0.80734	0.03534	0.01140	0.01425	0.01311	0.01026	0.01311	0.00912	0.01368	0.00684	0.00513	0.00513	0.00171	0.00684	0.00456	0.00228	0.00570
18	0.00625	0.00447	0.00595	0.00714	0.00744	0.00417	0.00476	0.00714	0.00982	0.01310	0.02828	0.81633	0.03394	0.01608	0.00655	0.00208	0.00298	0.01459	0.00476	0.00417
19	0.00641	0.00478	0.00635	0.00710	0.00773	0.00439	0.01759	0.00754	0.01047	0.01386	0.09273	0.64687	0.12508	0.01505	0.00644	0.00200	0.00298	0.01356	0.00480	0.00429
20	0.01160	0.32963	0.50142	0.01240	0.01877	0.01511	0.01508	0.01591	0.01068	0.01466	0.00842	0.00984	0.00653	0.00469	0.00427	0.00142	0.00679	0.00339	0.00218	0.00720
21	0.04237	0.00825	0.01093	0.00863	0.01206	0.00736	0.00704	0.04151	0.01474	0.60464	0.16444	0.02103	0.01916	0.00709	0.00527	0.00159	0.00402	0.00586	0.00610	0.00791
22	0.00931	0.00676	0.00892	0.00962	0.01108	0.00695	0.00829	0.07336	0.04281	0.01692	0.02574	0.07264	0.02740	0.01329	0.00684	0.00226	0.00473	0.64312	0.00478	0.00517
23	0.00733	0.00549	0.00820	0.00820	0.00910	0.00639	0.00635	0.00913	0.00823	0.01187	0.01379	0.02041	0.01294	0.05298	0.78499	0.00819	0.01358	0.00553	0.00276	0.00455
24	0.01146	0.29805	0.53182	0.01263	0.01913	0.01478	0.01549	0.01595	0.01069	0.01483	0.00850	0.00995	0.00653	0.00471	0.00434	0.00145	0.00687	0.00343	0.00218	0.00724
25	0.00726	0.00524	0.00686	0.00646	0.00767	0.00484	0.00484	0.00968	0.01452	0.02058	0.78496	0.03833	0.04841	0.01049	0.00605	0.00161	0.00242	0.00928	0.00565	0.00484
26	0.01311	0.01119	0.01180	0.01051	0.01347	0.01292	0.00820	0.06521	0.73989	0.02202	0.02045	0.01880	0.01531	0.00692	0.00522	0.00173	0.00414	0.00574	0.00522	0.00815
27	0.01372	0.82276	0.02689	0.00878	0.01317	0.02030	0.00878	0.01536	0.01043	0.01207	0.00713	0.00823	0.00658	0.00439	0.00329	0.00110	0.00549	0.00274	0.00219	0.00658
28	0.00969	0.00912	0.01539	0.80734	0.03534	0.01140	0.01425	0.01311	0.01026	0.01311	0.00912	0.01368	0.00684	0.00513	0.00513	0.00171	0.00684	0.00456	0.00228	0.00570
29	0.00618	0.00497	0.00553	0.00595	0.00719	0.00432	0.00430	0.00737	0.01108	0.01365	0.04349	0.30375	0.51725	0.01405	0.00625	0.00187	0.00278	0.03097	0.00476	0.00429
30	0.00882	0.00690	0.00719	0.00671	0.00884	0.00673	0.00515	0.03464	0.18672	0.04687	0.04067	0.03860	0.51720	0.01080	0.00568	0.00170	0.00308	0.00897	0.04921	0.00552
31	0.00927	0.00736	0.00860	0.00877	0.00990	0.04844	0.00688	0.01226	0.09562	0.02712	0.04723	0.08720	0.02257	0.17359	0.09822	0.00334	0.03731	0.28731	0.00410	0.00490
32	0.00746	0.00500	0.00571	0.00571	0.00574	0.00503	0.00325	0.00753	0.00749	0.01003	0.01607	0.03302	0.01841	0.78715	0.05831	0.00511	0.00534	0.00738	0.00309	0.00317
33	0.00638	0.00455	0.00610	0.00729	0.00764	0.00427	0.00498	0.00736	0.00995	0.01324	0.02821	0.76980	0.03367	0.01596	0.00658	0.00210	0.00308	0.05989	0.00476	0.00420
34	0.49147	0.00807	0.00689	0.00648	0.00896	0.00885	0.00523	0.01322	0.03378	0.02013	0.01903	0.02155	0.16185	0.00725	0.00413	0.00162	0.00354	0.05558	0.11713	0.00524
35	0.81199	0.01069	0.00791	0.00709	0.01023	0.05285	0.00579	0.01537	0.00904	0.02247	0.00719	0.00838	0.00561	0.00479	0.00325	0.00157	0.00425	0.00281	0.00315	0.00558
36	0.01230	0.01178	0.02010	0.13569	0.68663	0.01209	0.01555	0.01539	0.01149	0.01627	0.00958	0.01283	0.00795	0.00465	0.00509	0.00155	0.00620	0.00457	0.00250	0.00780
37	0.01238	0.01182	0.02014	0.05779	0.73077	0.01194	0.01533	0.01540	0.01150	0.01644	0.00979	0.01303	0.00827	0.00592	0.03621	0.00179	0.00642	0.00461	0.00254	0.00790
38	0.01064	0.00912	0.01064	0.00760	0.01216	0.00684	0.00608	0.01292	0.01064	0.01672	0.00912	0.01064	0.00760	0.00380	0.00380	0.00076	0.00380	0.00304	0.00304	0.85104
39	0.01465	0.56801	0.09427	0.01033	0.01461	0.19689	0.00997	0.01661	0.01140	0.01257	0.00751	0.00870	0.00658	0.00464	0.00374	0.00120	0.00654	0.00297	0.00229	0.00653
40	0.01123	0.01123	0.01572	0.01347	0.01347	0.01572	0.01123	0.01235	0.00786	0.01235	0.00674	0.01123	0.00674	0.00898	0.01684	0.00225	0.81028	0.00449	0.00225	0.00561
41	0.02048	0.00966	0.01212	0.00964	0.01337	0.00931	0.00788	0.09767	0.15990	0.55812	0.01972	0.01800	0.01317	0.00659	0.00520	0.00163	0.00444	0.01854	0.00599	0.00854
42	0.01851	0.01270	0.01401	0.01102	0.01478	0.01377	0.00907	0.56405	0.07370	0.12275	0.03685	0.01607	0.01172	0.00667	0.00522	0.00159	0.00520	0.03424	0.01974	0.00835
43	0.85592	0.00992	0.00754	0.00675	0.00992	0.01151	0.00556	0.01508	0.00873	0.02302	0.00714	0.00834	0.00556	0.00476	0.00318	0.00159	0.00397	0.00278	0.00318	0.00556
44	0.03228	0.01204	0.02170	0.36186	0.02895	0.05567	0.35973	0.01506	0.01132	0.01501	0.00978	0.01352	0.00740	0.00478	0.00544	0.00168	0.00762	0.00514	0.02478	0.00625
45	0.01123	0.01123	0.01572	0.01347	0.01347	0.01572	0.01123	0.01235	0.00786	0.01235	0.00674	0.01123	0.00674	0.00898	0.01684	0.00225	0.81028	0.00449	0.00225	0.00561
46	0.00650	0.00469	0.00621	0.00734	0.00782	0.00440	0.00516	0.00760	0.01018	0.01343	0.02938	0.67930	0.07283	0.01567	0.00659	0.00210	0.00318	0.10861	0.00476	0.00425
47	0.00694	0.00555	0.00649	0.00666	0.00786	0.00529	0.00485	0.00919	0.06322	0.01523	0.16682	0.29538	0.33667	0.01304	0.00650	0.00184	0.02768	0.01126	0.00487	0.00466
48	0.00607	0.00518	0.00522	0.00526	0.00695	0.00433	0.00393	0.00736	0.01164	0.01384	0.05124	0.07328	0.76216	0.01309	0.00608	0.00174	0.00261	0.01095	0.00476	0.00433
49	0.01064	0.00912	0.01064	0.00760	0.01216	0.00684	0.00608	0.01292	0.01064	0.01672	0.00912	0.01064	0.00760	0.00380	0.00380	0.00076	0.00380	0.00304	0.00304	0.85104
50	0.14583	0.37831	0.32755	0.01077	0.01624	0.01558	0.01230	0.01567	0.01032	0.01546	0.00796	0.00928	0.00639	0.00464	0.00390	0.00138	0.00608	0.00316	0.00234	0.00682
51	0.01449	0.01131	0.01940	0.01475	0.01873	0.01110	0.33488	0.04057	0.19267	0.19152	0.04074	0.04088	0.01334	0.00622	0.00567	0.00172	0.00608	0.02413	0.00433	0.00746
52	0.01799	0.01785	0.01412	0.01211	0.01515	0.36994	0.00946	0.21712	0.15483	0.06758	0.01213	0.01243	0.00918	0.00604	0.00543	0.00151	0.04168	0.00426	0.00397	0.00722
53	0.28730	0.01342	0.01465	0.01641	0.23928	0.13271	0.04980	0.09866	0.04566	0.01995	0.01053	0.01204	0.02837	0.00523	0.00448	0.00154	0.00579	0.00410	0.00322	0.00686
54	0.15156	0.01018	0.01294	0.01442	0.21058	0.02898	0.00914	0.04427	0.09455	0.24933	0.07734	0.01635	0.01335	0.00600	0.00482	0.00157	0.00464	0.00495	0.03755	0.00746
