[name]
unknown

[dist]
# distance from previous block
# <min> <max>
0	43

[block]
# block no. 0 follows, 42 sequences, length 15
# corresponding to MSA columns:
# 50-64
name=unknown_A
#
# <colnr> <probs for GDERKNQSTAVLIFYWHMCP>
#	G	D	E	R	K	N	Q	S	T	A	V	L	I	F	Y	W	H	M	C	P
0	0.01428	0.01585	0.01934	0.01614	0.01913	0.24273	0.23571	0.01705	0.01352	0.01595	0.01558	0.02754	0.01503	0.00874	0.00768	0.00202	0.08638	0.21740	0.00351	0.00642
1	0.01320	0.01353	0.01119	0.01090	0.01285	0.23468	0.00801	0.01888	0.24069	0.01700	0.02199	0.32942	0.02230	0.01110	0.00612	0.00193	0.00565	0.00942	0.00470	0.00647
2	0.01412	0.01115	0.01655	0.56102	0.03224	0.01315	0.01397	0.16626	0.01480	0.08514	0.01179	0.01506	0.00849	0.00598	0.00563	0.00183	0.00699	0.00507	0.00354	0.00723
3	0.01690	0.25157	0.02520	0.01589	0.02021	0.32332	0.23573	0.01946	0.01381	0.01492	0.00926	0.01136	0.00764	0.00519	0.00512	0.00151	0.00874	0.00437	0.00274	0.00705
4	0.01401	0.56208	0.02404	0.00923	0.01410	0.01775	0.00872	0.01603	0.01151	0.01480	0.00849	0.00984	0.00756	0.00462	0.00378	0.00109	0.00545	0.00311	0.00269	0.26110
5	0.00807	0.01287	0.24058	0.00887	0.01273	0.00730	0.00933	0.01106	0.01254	0.01600	0.04265	0.04122	0.53291	0.01153	0.00625	0.00186	0.00452	0.00951	0.00435	0.00584
6	0.01213	0.00901	0.01145	0.01024	0.01232	0.01022	0.00816	0.23604	0.01437	0.01992	0.01460	0.01948	0.01269	0.03136	0.54292	0.00679	0.01236	0.00573	0.00382	0.00642
7	0.01556	0.02313	0.54043	0.01420	0.02130	0.01160	0.01696	0.02076	0.01317	0.24837	0.01380	0.01411	0.00921	0.00584	0.00544	0.00177	0.00724	0.00462	0.00378	0.00870
8	0.02102	0.02682	0.01595	0.01450	0.01740	0.77963	0.01087	0.02247	0.01595	0.01377	0.00870	0.01015	0.00725	0.00580	0.00507	0.00145	0.01015	0.00362	0.00290	0.00652
9	0.00882	0.00804	0.01470	0.01270	0.01467	0.00753	0.23218	0.01096	0.01154	0.01549	0.02501	0.55877	0.02844	0.01369	0.00702	0.00217	0.00517	0.01313	0.00450	0.00550
10	0.01167	0.01000	0.01167	0.00834	0.01334	0.00750	0.00667	0.01417	0.01167	0.01834	0.01000	0.01167	0.00834	0.00417	0.00417	0.00083	0.00417	0.00333	0.00333	0.83663
11	0.01371	0.01185	0.00852	0.00808	0.00987	0.24228	0.00606	0.01598	0.01307	0.01877	0.01540	0.01767	0.01223	0.00632	0.00428	0.00135	0.00493	0.00475	0.57924	0.00564
12	0.01320	0.01379	0.02535	0.02441	0.25093	0.01485	0.30812	0.01648	0.01177	0.01682	0.00997	0.01396	0.00832	0.00632	0.00978	0.00199	0.23801	0.00564	0.00272	0.00757
13	0.01793	0.01191	0.05798	0.24912	0.02257	0.04015	0.01145	0.02311	0.13833	0.34223	0.01738	0.01743	0.01186	0.00653	0.00562	0.00180	0.00597	0.00541	0.00497	0.00826
14	0.01205	0.14650	0.05784	0.01097	0.01397	0.01234	0.00978	0.01967	0.28848	0.01877	0.02235	0.03545	0.02099	0.01019	0.00616	0.00205	0.00524	0.29535	0.00475	0.00709

[dist]
# distance from previous block
# <min> <max>
0	3

[block]
# block no. 1 follows, 42 sequences, length 10
# corresponding to MSA columns:
# 68-77
name=unknown_B
#
# <colnr> <probs for GDERKNQSTAVLIFYWHMCP>
#	G	D	E	R	K	N	Q	S	T	A	V	L	I	F	Y	W	H	M	C	P
0	0.02296	0.01225	0.01459	0.01130	0.01564	0.01237	0.00930	0.32030	0.06773	0.42451	0.01872	0.01698	0.01237	0.00692	0.00565	0.00173	0.00534	0.00546	0.00634	0.00953
1	0.00739	0.00531	0.00700	0.00748	0.00828	0.00492	0.00527	0.00917	0.01324	0.01828	0.38105	0.43735	0.04480	0.01471	0.00692	0.00204	0.00297	0.01322	0.00569	0.00492
2	0.01089	0.01027	0.01735	0.72931	0.09612	0.01257	0.01576	0.01461	0.01138	0.01469	0.01005	0.01492	0.00761	0.00558	0.00562	0.00186	0.00744	0.00500	0.00252	0.00646
3	0.01764	0.02040	0.01924	0.02407	0.37535	0.41378	0.01393	0.01999	0.01445	0.01598	0.00960	0.01195	0.00804	0.00542	0.00531	0.00156	0.00850	0.00429	0.00285	0.00767
4	0.44387	0.00864	0.00804	0.00797	0.01052	0.00938	0.00665	0.01356	0.01117	0.02094	0.02323	0.03340	0.15086	0.00992	0.00533	0.00202	0.00433	0.22028	0.00430	0.00558
5	0.01726	0.02107	0.02308	0.01828	0.02212	0.41440	0.31141	0.02004	0.01435	0.01549	0.00971	0.01235	0.00779	0.00565	0.00664	0.00170	0.06393	0.00495	0.00285	0.00693
6	0.32106	0.01415	0.02012	0.01555	0.01934	0.07934	0.30022	0.01719	0.01144	0.01968	0.00925	0.01209	0.00735	0.00577	0.00709	0.00189	0.12392	0.00480	0.00303	0.00673
7	0.08345	0.01263	0.02161	0.01734	0.04210	0.01311	0.34026	0.01939	0.18241	0.01944	0.01605	0.02265	0.01363	0.00733	0.00708	0.00202	0.05925	0.10904	0.00386	0.00736
8	0.01486	0.08050	0.02112	0.07108	0.21149	0.01408	0.15011	0.06786	0.18891	0.07087	0.01431	0.01572	0.01091	0.00582	0.00560	0.00172	0.00643	0.00545	0.00392	0.03921
9	0.01702	0.01339	0.01761	0.07978	0.01955	0.03159	0.12698	0.34511	0.08883	0.07635	0.08747	0.04045	0.01520	0.00719	0.00593	0.00178	0.00624	0.00625	0.00500	0.00828

[dist]
# distance from previous block
# <min> <max>
19	74

[block]
# block no. 2 follows, 42 sequences, length 29
# corresponding to MSA columns:
# 160-188
name=unknown_C
#
# <colnr> <probs for GDERKNQSTAVLIFYWHMCP>
#	G	D	E	R	K	N	Q	S	T	A	V	L	I	F	Y	W	H	M	C	P
0	0.05252	0.00887	0.01073	0.00950	0.01202	0.02639	0.02228	0.08063	0.07328	0.21441	0.12952	0.26883	0.02608	0.01082	0.00616	0.00190	0.00428	0.00940	0.00566	0.02671
1	0.28139	0.01360	0.01238	0.01032	0.01409	0.13678	0.00830	0.09624	0.06719	0.28497	0.01463	0.01408	0.01015	0.00625	0.00488	0.00170	0.00564	0.00449	0.00498	0.00793
2	0.06590	0.01784	0.01403	0.01277	0.01514	0.41810	0.07460	0.01706	0.01368	0.01504	0.01598	0.26106	0.01682	0.00943	0.00579	0.00177	0.00755	0.00779	0.00367	0.00597
3	0.06322	0.01292	0.01067	0.01093	0.01271	0.25215	0.00866	0.01463	0.01332	0.01590	0.02275	0.16992	0.04473	0.01214	0.00652	0.00210	0.00631	0.31051	0.00436	0.00555
4	0.06713	0.01291	0.01405	0.01056	0.01522	0.01274	0.00863	0.37782	0.01886	0.02724	0.01161	0.01243	0.00881	0.00551	0.00485	0.00131	0.00518	0.00417	0.00448	0.37648
5	0.01393	0.01337	0.02284	0.03454	0.76712	0.01337	0.01727	0.01727	0.01281	0.01839	0.01059	0.01393	0.00891	0.00501	0.00557	0.00167	0.00669	0.00501	0.00279	0.00891
6	0.01248	0.27585	0.53678	0.01400	0.02121	0.01599	0.01725	0.01751	0.01174	0.01637	0.00938	0.01097	0.00716	0.00518	0.00480	0.00160	0.00759	0.00379	0.00239	0.00797
7	0.00896	0.00640	0.00895	0.01024	0.01149	0.00639	0.00889	0.01148	0.01285	0.01672	0.02985	0.09823	0.03262	0.01564	0.00775	0.00258	0.00509	0.69552	0.00518	0.00515
8	0.00682	0.00502	0.00640	0.00750	0.00807	0.00460	0.00508	0.00787	0.01110	0.01450	0.03510	0.68166	0.15148	0.01710	0.00710	0.00223	0.00320	0.01535	0.00522	0.00460
9	0.00804	0.00603	0.00904	0.00904	0.01005	0.00703	0.00703	0.01005	0.00904	0.01306	0.01507	0.02211	0.01407	0.04221	0.77992	0.00904	0.01507	0.00603	0.00301	0.00502
10	0.02525	0.00958	0.01306	0.01001	0.01437	0.00827	0.00827	0.02743	0.01611	0.77102	0.02220	0.01915	0.01393	0.00697	0.00566	0.00174	0.00479	0.00566	0.00697	0.00958
11	0.01400	0.01209	0.01273	0.01145	0.01463	0.01400	0.00891	0.02990	0.75695	0.02354	0.02291	0.02100	0.01718	0.00764	0.00573	0.00191	0.00445	0.00636	0.00573	0.00891
12	0.01167	0.01000	0.01167	0.00834	0.01334	0.00750	0.00667	0.01417	0.01167	0.01834	0.01000	0.01167	0.00834	0.00417	0.00417	0.00083	0.00417	0.00333	0.00333	0.83663
13	0.00693	0.00495	0.00661	0.00792	0.00828	0.00463	0.00535	0.00796	0.01085	0.01445	0.03098	0.77474	0.03706	0.01756	0.00720	0.00230	0.00333	0.03910	0.00522	0.00459
14	0.01168	0.01107	0.01877	0.54905	0.27020	0.01278	0.01615	0.01530	0.01175	0.01565	0.01019	0.01466	0.00795	0.00543	0.00561	0.00181	0.00724	0.00501	0.00259	0.00710
15	0.01393	0.01337	0.02284	0.03454	0.76712	0.01337	0.01727	0.01727	0.01281	0.01839	0.01059	0.01393	0.00891	0.00501	0.00557	0.00167	0.00669	0.00501	0.00279	0.00891
16	0.02139	0.01576	0.01689	0.01295	0.01745	0.01745	0.01070	0.74835	0.02646	0.03547	0.01351	0.01351	0.00957	0.00676	0.00563	0.00169	0.00619	0.00507	0.00563	0.00957
17	0.01385	0.55887	0.26577	0.01167	0.01759	0.01934	0.01318	0.01716	0.01158	0.01470	0.00855	0.00993	0.00719	0.00498	0.00416	0.00139	0.00675	0.00337	0.00240	0.00757
18	0.01063	0.01000	0.01688	0.78870	0.03876	0.01250	0.01563	0.01438	0.01125	0.01438	0.01000	0.01500	0.00750	0.00563	0.00563	0.00188	0.00750	0.00500	0.00250	0.00625
19	0.00920	0.00727	0.00978	0.00872	0.01097	0.00713	0.00680	0.01130	0.00985	0.01467	0.01355	0.01927	0.01245	0.05473	0.50909	0.00632	0.01130	0.00524	0.00313	0.26922
20	0.10481	0.01164	0.01825	0.02600	0.52654	0.01171	0.01367	0.01641	0.01294	0.05023	0.11245	0.04289	0.01565	0.00640	0.00554	0.00172	0.00570	0.00587	0.00357	0.00801
21	0.01902	0.01500	0.01878	0.01981	0.25567	0.01616	0.01279	0.51604	0.02212	0.03004	0.01258	0.01364	0.00936	0.00620	0.00561	0.00168	0.00635	0.00505	0.00473	0.00936
22	0.41236	0.01130	0.00968	0.00870	0.01150	0.08549	0.00690	0.09065	0.01365	0.02382	0.19570	0.05164	0.02020	0.00781	0.00492	0.00176	0.00467	0.02860	0.00444	0.00621
23	0.01052	0.15391	0.40261	0.01234	0.01752	0.01194	0.01394	0.01448	0.01145	0.01594	0.01636	0.26137	0.01671	0.00916	0.00563	0.00184	0.00632	0.00772	0.00329	0.00694
24	0.01393	0.01535	0.01658	0.54269	0.03197	0.25627	0.01412	0.01695	0.01274	0.01419	0.00959	0.01346	0.00742	0.00568	0.00545	0.00174	0.00834	0.00456	0.00263	0.00634
25	0.08397	0.01661	0.01504	0.01343	0.05128	0.20321	0.01019	0.34045	0.06056	0.02514	0.01387	0.07039	0.01177	0.00751	0.00585	0.00174	0.02772	0.02885	0.00453	0.00789
26	0.07469	0.01102	0.01548	0.50456	0.02991	0.03574	0.01300	0.07915	0.01322	0.11425	0.01167	0.01467	0.00843	0.00580	0.00539	0.00177	0.00673	0.00483	0.00346	0.04622
27	0.01323	0.04744	0.01371	0.01087	0.01315	0.01115	0.03320	0.06839	0.04246	0.10440	0.01615	0.14076	0.01560	0.09147	0.01112	0.00225	0.19427	0.02624	0.00411	0.14004
28	0.06017	0.01230	0.03297	0.01077	0.01419	0.09001	0.02481	0.05770	0.15808	0.19781	0.07372	0.08913	0.01713	0.00786	0.00595	0.00171	0.03017	0.00638	0.00506	0.10407

[dist]
# distance from previous block
# <min> <max>
22	99

[block]
# block no. 3 follows, 42 sequences, length 30
# corresponding to MSA columns:
# 323-352
name=unknown_D
#
# <colnr> <probs for GDERKNQSTAVLIFYWHMCP>
#	G	D	E	R	K	N	Q	S	T	A	V	L	I	F	Y	W	H	M	C	P
0	0.27663	0.01247	0.01222	0.01026	0.01394	0.03435	0.00827	0.18481	0.22677	0.10154	0.03405	0.01542	0.01209	0.00657	0.00496	0.00175	0.00495	0.00491	0.00500	0.02904
1	0.24211	0.01330	0.01581	0.01759	0.23190	0.05980	0.03609	0.13944	0.06686	0.07156	0.04470	0.01442	0.01097	0.00599	0.00508	0.00171	0.00582	0.00482	0.00408	0.00795
2	0.01220	0.01040	0.01088	0.00986	0.01272	0.01148	0.00765	0.05493	0.51007	0.02165	0.03235	0.03025	0.23289	0.00951	0.00599	0.00190	0.00407	0.00790	0.00558	0.00774
3	0.01342	0.00846	0.01003	0.00788	0.01169	0.00678	0.00628	0.01548	0.01317	0.20698	0.02871	0.02769	0.26134	0.00823	0.00537	0.00142	0.00389	0.00676	0.00488	0.35154
4	0.02112	0.02402	0.01619	0.01411	0.01741	0.58645	0.01083	0.20646	0.01861	0.01927	0.00992	0.01100	0.00784	0.00604	0.00522	0.00151	0.00915	0.00399	0.00359	0.00730
5	0.01646	0.01272	0.02271	0.01714	0.02078	0.01339	0.31834	0.01943	0.01273	0.23430	0.01334	0.01549	0.00976	0.00688	0.00982	0.00202	0.23716	0.00586	0.00392	0.00774
6	0.01251	0.01864	0.24384	0.01973	0.02505	0.01449	0.39145	0.01708	0.01195	0.01708	0.01022	0.01366	0.00790	0.00593	0.00861	0.00198	0.16414	0.00558	0.00263	0.00752
7	0.00690	0.00492	0.00652	0.00777	0.00809	0.00460	0.00516	0.00785	0.01068	0.01424	0.03054	0.77093	0.03661	0.04608	0.00796	0.00240	0.00334	0.01572	0.00516	0.00453
8	0.01129	0.02911	0.77306	0.01604	0.02436	0.01307	0.02079	0.01782	0.01188	0.01782	0.01010	0.01188	0.00713	0.00535	0.00535	0.00178	0.00832	0.00416	0.00238	0.00832
9	0.01505	0.80561	0.02949	0.00963	0.01444	0.02227	0.00963	0.01685	0.01143	0.01324	0.00782	0.00903	0.00722	0.00481	0.00361	0.00120	0.00602	0.00301	0.00241	0.00722
10	0.01076	0.01014	0.01713	0.75761	0.06879	0.01254	0.01570	0.01450	0.01132	0.01454	0.01003	0.01496	0.00756	0.00560	0.00562	0.00187	0.00747	0.00500	0.00251	0.00636
11	0.01063	0.01000	0.01688	0.78870	0.03876	0.01250	0.01563	0.01438	0.01125	0.01438	0.01000	0.01500	0.00750	0.00563	0.00563	0.00188	0.00750	0.00500	0.00250	0.00625
12	0.00665	0.00570	0.00570	0.00570	0.00760	0.00475	0.00428	0.00808	0.01283	0.01520	0.05701	0.05416	0.76483	0.01425	0.00665	0.00190	0.00285	0.01188	0.00523	0.00475
13	0.00795	0.00637	0.00952	0.23348	0.01700	0.00686	0.00823	0.00973	0.01091	0.01437	0.02494	0.57213	0.02863	0.01416	0.00673	0.00217	0.00449	0.01282	0.00444	0.00506
14	0.01930	0.25186	0.01986	0.01309	0.01654	0.56078	0.01051	0.02085	0.01464	0.01362	0.00845	0.00982	0.00724	0.00551	0.00465	0.00138	0.00896	0.00345	0.00276	0.00673
15	0.00818	0.00546	0.00614	0.00614	0.00614	0.00546	0.00341	0.00818	0.00818	0.01091	0.01773	0.03683	0.02046	0.80222	0.02864	0.00546	0.00546	0.00818	0.00341	0.00341
16	0.00686	0.00490	0.00653	0.00784	0.00816	0.00457	0.00522	0.00784	0.01077	0.01437	0.03102	0.79855	0.03722	0.01763	0.00718	0.00229	0.00326	0.01600	0.00522	0.00457
17	0.01393	0.01337	0.02284	0.03454	0.76712	0.01337	0.01727	0.01727	0.01281	0.01839	0.01059	0.01393	0.00891	0.00501	0.00557	0.00167	0.00669	0.00501	0.00279	0.00891
18	0.01505	0.80561	0.02949	0.00963	0.01444	0.02227	0.00963	0.01685	0.01143	0.01324	0.00782	0.00903	0.00722	0.00481	0.00361	0.00120	0.00602	0.00301	0.00241	0.00722
19	0.01400	0.01209	0.01273	0.01145	0.01463	0.01400	0.00891	0.02990	0.75695	0.02354	0.02291	0.02100	0.01718	0.00764	0.00573	0.00191	0.00445	0.00636	0.00573	0.00891
20	0.01578	0.01297	0.01373	0.01181	0.01531	0.01483	0.00934	0.20303	0.58093	0.02642	0.02064	0.01919	0.01535	0.00742	0.00570	0.00186	0.00487	0.00605	0.00570	0.00907
21	0.01328	0.01518	0.03321	0.02372	0.02941	0.01423	0.74668	0.01803	0.01328	0.01803	0.01139	0.01518	0.00854	0.00474	0.00664	0.00190	0.00949	0.00664	0.00285	0.00759
22	0.00873	0.00572	0.00776	0.00863	0.00958	0.00542	0.00653	0.01040	0.01220	0.06251	0.09634	0.46972	0.03582	0.01582	0.00721	0.00229	0.00386	0.22094	0.00541	0.00512
23	0.01278	0.01368	0.02485	0.01904	0.02176	0.01580	0.36256	0.01568	0.01084	0.01568	0.00929	0.01368	0.00794	0.00741	0.01283	0.00219	0.41875	0.00574	0.00265	0.00684
24	0.01393	0.01337	0.02284	0.03454	0.76712	0.01337	0.01727	0.01727	0.01281	0.01839	0.01059	0.01393	0.00891	0.00501	0.00557	0.00167	0.00669	0.00501	0.00279	0.00891
25	0.01393	0.01337	0.02284	0.03454	0.76712	0.01337	0.01727	0.01727	0.01281	0.01839	0.01059	0.01393	0.00891	0.00501	0.00557	0.00167	0.00669	0.00501	0.00279	0.00891
26	0.00717	0.00539	0.00671	0.00764	0.00858	0.00494	0.00559	0.00854	0.01173	0.01502	0.03833	0.46115	0.24667	0.01631	0.00713	0.00223	0.00346	0.13348	0.00522	0.00472
27	0.01144	0.05969	0.74378	0.01579	0.02397	0.01343	0.02035	0.01778	0.01186	0.01764	0.01001	0.01177	0.00713	0.00533	0.00528	0.00176	0.00823	0.00411	0.00238	0.00827
28	0.00696	0.00548	0.00631	0.00674	0.00804	0.00483	0.00490	0.00842	0.01249	0.01578	0.12164	0.29394	0.42297	0.01511	0.00687	0.00204	0.00307	0.04431	0.00533	0.00477
29	0.04456	0.01342	0.01536	0.01281	0.01555	0.01612	0.01043	0.28145	0.25403	0.02497	0.01455	0.01541	0.01125	0.00788	0.00930	0.00198	0.23262	0.00537	0.00467	0.00825

[dist]
# distance from previous block
# <min> <max>
0	1

[block]
# block no. 4 follows, 42 sequences, length 30
# corresponding to MSA columns:
# 364-393
name=unknown_E
#
# <colnr> <probs for GDERKNQSTAVLIFYWHMCP>
#	G	D	E	R	K	N	Q	S	T	A	V	L	I	F	Y	W	H	M	C	P
0	0.01195	0.01135	0.01927	0.48606	0.33104	0.01285	0.01629	0.01554	0.01188	0.01599	0.01024	0.01457	0.00807	0.00538	0.00560	0.00179	0.00717	0.00501	0.00262	0.00732
1	0.01468	0.53061	0.02368	0.01026	0.01451	0.01940	0.00938	0.02137	0.26979	0.01681	0.01305	0.01318	0.01067	0.00579	0.00434	0.00145	0.00548	0.00417	0.00356	0.00781
2	0.00964	0.00552	0.00656	0.00656	0.00777	0.00587	0.00501	0.01205	0.01085	0.01824	0.01722	0.02137	0.01430	0.01891	0.27285	0.00399	0.00694	0.00552	0.54567	0.00517
3	0.01223	0.01180	0.01913	0.01367	0.01891	0.00983	0.26312	0.01551	0.01223	0.01823	0.01048	0.01289	0.00841	0.00437	0.00502	0.00120	0.00601	0.00448	0.00317	0.54932
4	0.02115	0.02299	0.01627	0.01396	0.01742	0.51550	0.01081	0.27403	0.01959	0.02129	0.01037	0.01131	0.00805	0.00613	0.00527	0.00153	0.00878	0.00412	0.00385	0.00758
5	0.02357	0.01226	0.01472	0.01129	0.01571	0.01226	0.00932	0.34059	0.02060	0.45150	0.01843	0.01670	0.01204	0.00687	0.00565	0.00172	0.00540	0.00540	0.00639	0.00957
6	0.05565	0.01939	0.01620	0.01325	0.01716	0.28138	0.01056	0.46613	0.02211	0.02752	0.01161	0.01216	0.00862	0.00636	0.00535	0.00161	0.00749	0.00448	0.00459	0.00837
7	0.00818	0.00546	0.00614	0.00614	0.00614	0.00546	0.00341	0.00818	0.00818	0.01091	0.01773	0.03683	0.02046	0.80222	0.02864	0.00546	0.00546	0.00818	0.00341	0.00341
8	0.02139	0.01576	0.01689	0.01295	0.01745	0.01745	0.01070	0.74835	0.02646	0.03547	0.01351	0.01351	0.00957	0.00676	0.00563	0.00169	0.00619	0.00507	0.00563	0.00957
9	0.01652	0.01962	0.01356	0.01261	0.01485	0.51189	0.00954	0.01817	0.01356	0.01353	0.01091	0.01429	0.00961	0.01842	0.27360	0.00408	0.01186	0.00446	0.00294	0.00600
10	0.00686	0.00490	0.00653	0.00784	0.00816	0.00457	0.00522	0.00784	0.01077	0.01437	0.03102	0.79855	0.03722	0.01763	0.00718	0.00229	0.00326	0.01600	0.00522	0.00457
11	0.02525	0.00958	0.01306	0.01001	0.01437	0.00827	0.00827	0.02743	0.01611	0.77102	0.02220	0.01915	0.01393	0.00697	0.00566	0.00174	0.00479	0.00566	0.00697	0.00958
12	0.01063	0.01000	0.01688	0.78870	0.03876	0.01250	0.01563	0.01438	0.01125	0.01438	0.01000	0.01500	0.00750	0.00563	0.00563	0.00188	0.00750	0.00500	0.00250	0.00625
13	0.01220	0.02366	0.51308	0.02245	0.28176	0.01317	0.01957	0.01763	0.01220	0.01802	0.01027	0.01259	0.00775	0.00523	0.00542	0.00174	0.00775	0.00446	0.00252	0.00852
14	0.01129	0.02911	0.77306	0.01604	0.02436	0.01307	0.02079	0.01782	0.01188	0.01782	0.01010	0.01188	0.00713	0.00535	0.00535	0.00178	0.00832	0.00416	0.00238	0.00832
15	0.01231	0.01231	0.01724	0.01477	0.01477	0.01724	0.01231	0.01354	0.00862	0.01354	0.00739	0.01231	0.00739	0.00985	0.01847	0.00246	0.79192	0.00492	0.00246	0.00616
16	0.00818	0.00546	0.00614	0.00614	0.00614	0.00546	0.00341	0.00818	0.00818	0.01091	0.01773	0.03683	0.02046	0.80222	0.02864	0.00546	0.00546	0.00818	0.00341	0.00341
17	0.02525	0.00958	0.01306	0.01001	0.01437	0.00827	0.00827	0.02743	0.01611	0.77102	0.02220	0.01915	0.01393	0.00697	0.00566	0.00174	0.00479	0.00566	0.00697	0.00958
18	0.01895	0.29671	0.02064	0.01281	0.01637	0.51717	0.01044	0.02052	0.01438	0.01359	0.00840	0.00976	0.00724	0.00546	0.00457	0.00136	0.00872	0.00341	0.00273	0.00677
19	0.00686	0.00490	0.00653	0.00784	0.00816	0.00457	0.00522	0.00784	0.01077	0.01437	0.03102	0.79855	0.03722	0.01763	0.00718	0.00229	0.00326	0.01600	0.00522	0.00457
20	0.00804	0.00580	0.00763	0.00731	0.00863	0.00539	0.00557	0.01069	0.01572	0.02217	0.71337	0.04352	0.05167	0.01178	0.00672	0.00183	0.00283	0.05990	0.00612	0.00530
21	0.01328	0.01518	0.03321	0.02372	0.02941	0.01423	0.74668	0.01803	0.01328	0.01803	0.01139	0.01518	0.00854	0.00474	0.00664	0.00190	0.00949	0.00664	0.00285	0.00759
22	0.01236	0.01339	0.02755	0.28882	0.03265	0.01363	0.49333	0.01676	0.01258	0.01676	0.01091	0.01512	0.00818	0.00505	0.00629	0.00189	0.00880	0.00607	0.00273	0.00713
23	0.02102	0.02682	0.01595	0.01450	0.01740	0.77963	0.01087	0.02247	0.01595	0.01377	0.00870	0.01015	0.00725	0.00580	0.00507	0.00145	0.01015	0.00362	0.00290	0.00652
24	0.00811	0.00556	0.00662	0.00646	0.00692	0.00541	0.00407	0.00903	0.01087	0.01495	0.27640	0.03863	0.03177	0.52820	0.02102	0.00418	0.00449	0.00887	0.00438	0.00407
25	0.01624	0.01593	0.01334	0.01083	0.01492	0.27559	0.00841	0.01925	0.06349	0.08237	0.01147	0.01242	0.00904	0.00521	0.00472	0.00120	0.00631	0.00384	0.00366	0.42176
26	0.01332	0.01185	0.01598	0.01294	0.01609	0.06049	0.17433	0.21999	0.01655	0.02145	0.04336	0.21269	0.13590	0.01020	0.00639	0.00190	0.00586	0.00921	0.00468	0.00684
27	0.01569	0.23789	0.30963	0.01371	0.01927	0.25169	0.01433	0.04728	0.01358	0.01602	0.00918	0.01064	0.00729	0.00540	0.00480	0.00152	0.00818	0.00372	0.00267	0.00752
28	0.19087	0.00963	0.00916	0.00842	0.01077	0.08584	0.00651	0.01536	0.04479	0.10708	0.25454	0.09770	0.10228	0.00981	0.00572	0.00181	0.00423	0.02422	0.00514	0.00612
29	0.24084	0.01115	0.01214	0.00985	0.01382	0.01152	0.00803	0.11530	0.14021	0.31885	0.01683	0.01574	0.01158	0.00646	0.00502	0.00172	0.00476	0.00490	0.00549	0.04577

[dist]
# distance from previous block
# <min> <max>
18	50

[block]
# block no. 5 follows, 42 sequences, length 18
# corresponding to MSA columns:
# 445-462
name=unknown_F
#
# <colnr> <probs for GDERKNQSTAVLIFYWHMCP>
#	G	D	E	R	K	N	Q	S	T	A	V	L	I	F	Y	W	H	M	C	P
0	0.01365	0.00838	0.01018	0.02653	0.02978	0.00777	0.00698	0.06768	0.06393	0.20779	0.05681	0.13243	0.24955	0.01048	0.00606	0.00179	0.00404	0.00886	0.00547	0.08184
1	0.01477	0.02445	0.35984	0.01481	0.02030	0.25468	0.03704	0.02024	0.09353	0.01704	0.01098	0.01242	0.00837	0.00581	0.00575	0.00167	0.03643	0.00428	0.00297	0.05463
2	0.01263	0.30692	0.50703	0.01375	0.02081	0.01636	0.01680	0.01747	0.01172	0.01618	0.00929	0.01086	0.00716	0.00516	0.00473	0.00158	0.00749	0.00375	0.00239	0.00793
3	0.01633	0.01325	0.01404	0.01192	0.01552	0.01509	0.00947	0.25638	0.52668	0.02730	0.01994	0.01864	0.01478	0.00736	0.00570	0.00184	0.00500	0.00595	0.00570	0.00912
4	0.01607	0.19918	0.03539	0.00963	0.01290	0.01133	0.00814	0.06509	0.03534	0.26234	0.02068	0.26192	0.01930	0.00978	0.00564	0.00179	0.00478	0.00823	0.00508	0.00738
5	0.26517	0.26868	0.01776	0.01052	0.01430	0.25718	0.00887	0.01924	0.01262	0.06794	0.00907	0.01010	0.00734	0.00539	0.00417	0.00148	0.00674	0.00339	0.00319	0.00682
6	0.01795	0.02754	0.25461	0.01498	0.01959	0.53799	0.01400	0.02101	0.01467	0.01505	0.00914	0.01069	0.00721	0.00566	0.00516	0.00155	0.00957	0.00379	0.00273	0.00709
7	0.00686	0.00490	0.00653	0.00784	0.00816	0.00457	0.00522	0.00784	0.01077	0.01437	0.03102	0.79855	0.03722	0.01763	0.00718	0.00229	0.00326	0.01600	0.00522	0.00457
8	0.01129	0.02911	0.77306	0.01604	0.02436	0.01307	0.02079	0.01782	0.01188	0.01782	0.01010	0.01188	0.00713	0.00535	0.00535	0.00178	0.00832	0.00416	0.00238	0.00832
9	0.02010	0.00954	0.01220	0.00970	0.01328	0.00893	0.00787	0.13583	0.01768	0.45917	0.21587	0.02429	0.02354	0.00813	0.00591	0.00174	0.00445	0.00675	0.00655	0.00845
10	0.00823	0.00658	0.00974	0.25376	0.01753	0.00719	0.00826	0.00995	0.01057	0.01390	0.02259	0.44822	0.02558	0.12028	0.00960	0.00259	0.00490	0.01147	0.00412	0.00494
11	0.00952	0.00609	0.00786	0.00875	0.01005	0.00609	0.00745	0.01212	0.01259	0.01815	0.02619	0.05008	0.02673	0.01271	0.00656	0.00219	0.00438	0.50102	0.26628	0.00520
12	0.01572	0.01885	0.02777	0.02081	0.02562	0.25551	0.51473	0.01943	0.01412	0.01669	0.01054	0.01359	0.00813	0.00508	0.00615	0.00176	0.00970	0.00569	0.00286	0.00725
13	0.01207	0.01711	0.25682	0.32056	0.22495	0.01308	0.01752	0.04115	0.01238	0.01723	0.01031	0.01369	0.00783	0.00542	0.00552	0.00179	0.00750	0.00474	0.00264	0.00772
14	0.01393	0.01337	0.02284	0.03454	0.76712	0.01337	0.01727	0.01727	0.01281	0.01839	0.01059	0.01393	0.00891	0.00501	0.00557	0.00167	0.00669	0.00501	0.00279	0.00891
15	0.00783	0.00622	0.00825	0.03140	0.00986	0.00652	0.00631	0.00930	0.01177	0.01598	0.17490	0.44546	0.11840	0.01473	0.00835	0.00215	0.09987	0.01270	0.00500	0.00498
16	0.01821	0.01997	0.25526	0.01392	0.01963	0.01607	0.01388	0.51807	0.02186	0.02990	0.01244	0.01300	0.00880	0.00631	0.00554	0.00172	0.00686	0.00478	0.00460	0.00918
17	0.01085	0.00889	0.01085	0.00897	0.01281	0.00718	0.00742	0.01338	0.01207	0.01787	0.01624	0.02800	0.01592	0.00775	0.00530	0.00139	0.00449	0.23216	0.00392	0.57453

[dist]
# distance from previous block
# <min> <max>
0	3

[block]
# block no. 6 follows, 42 sequences, length 8
# corresponding to MSA columns:
# 466-473
name=unknown_G
#
# <colnr> <probs for GDERKNQSTAVLIFYWHMCP>
#	G	D	E	R	K	N	Q	S	T	A	V	L	I	F	Y	W	H	M	C	P
0	0.00764	0.00550	0.00723	0.00730	0.00833	0.00509	0.00528	0.00980	0.01440	0.02014	0.54700	0.26611	0.04840	0.01332	0.00680	0.00192	0.00284	0.01190	0.00591	0.00509
1	0.02125	0.02030	0.01507	0.01303	0.01644	0.44873	0.01007	0.10081	0.09502	0.18406	0.01368	0.01363	0.01001	0.00635	0.00533	0.00159	0.00795	0.00451	0.00438	0.00777
2	0.59768	0.01344	0.01166	0.01273	0.13354	0.11641	0.00854	0.01746	0.01096	0.02259	0.00840	0.01005	0.00670	0.00527	0.00403	0.00169	0.00551	0.00344	0.00329	0.00661
3	0.00708	0.00514	0.00632	0.00715	0.00767	0.00477	0.00471	0.00794	0.01061	0.01383	0.03272	0.52640	0.15436	0.17050	0.01129	0.00284	0.00362	0.01379	0.00487	0.00437
4	0.06408	0.04683	0.01240	0.01037	0.01308	0.23733	0.00805	0.01953	0.11294	0.12031	0.26757	0.02346	0.02488	0.00805	0.00561	0.00166	0.00564	0.00641	0.00494	0.00684
5	0.08217	0.01196	0.01578	0.24202	0.02250	0.03183	0.04717	0.13703	0.01397	0.08054	0.01109	0.01358	0.00842	0.00613	0.00687	0.00171	0.10624	0.00465	0.00363	0.15272
6	0.07236	0.01253	0.05090	0.06292	0.01630	0.01325	0.01007	0.22421	0.14007	0.09715	0.07908	0.06634	0.01591	0.00814	0.00726	0.00189	0.10263	0.00625	0.00489	0.00785
7	0.12347	0.01146	0.06180	0.31070	0.02391	0.01189	0.05456	0.08137	0.03559	0.05296	0.01296	0.05328	0.01036	0.00656	0.00568	0.00181	0.03115	0.00543	0.09832	0.00676

[dist]
# distance from previous block
# <min> <max>
6	75

[block]
# block no. 7 follows, 42 sequences, length 26
# corresponding to MSA columns:
# 563-588
name=unknown_H
#
# <colnr> <probs for GDERKNQSTAVLIFYWHMCP>
#	G	D	E	R	K	N	Q	S	T	A	V	L	I	F	Y	W	H	M	C	P
0	0.10551	0.00777	0.02937	0.00758	0.00973	0.00727	0.00609	0.03436	0.06893	0.02111	0.35578	0.03820	0.22116	0.01088	0.00611	0.00182	0.00338	0.03246	0.02678	0.00573
1	0.03591	0.01178	0.01424	0.01128	0.01489	0.01222	0.07524	0.37155	0.01974	0.06568	0.06924	0.04654	0.20907	0.00905	0.00604	0.00179	0.00522	0.00754	0.00531	0.00767
2	0.01653	0.01362	0.01572	0.01556	0.14437	0.04075	0.01067	0.24298	0.27325	0.04758	0.01592	0.01600	0.01198	0.00643	0.00546	0.00165	0.00554	0.00527	0.00485	0.10587
3	0.01346	0.00697	0.00928	0.00801	0.01030	0.00625	0.00625	0.01597	0.01599	0.26070	0.52809	0.03476	0.04064	0.01006	0.00633	0.00176	0.00333	0.00874	0.00644	0.00667
4	0.00940	0.00803	0.01165	0.01087	0.01155	0.01028	0.00871	0.01116	0.00891	0.01322	0.01263	0.01899	0.01194	0.03191	0.53765	0.00695	0.26224	0.00568	0.00284	0.00538
5	0.00672	0.00545	0.00596	0.00638	0.00778	0.00469	0.00458	0.00800	0.01217	0.01494	0.04874	0.29100	0.53333	0.01533	0.00682	0.00202	0.00298	0.01319	0.00523	0.00469
6	0.01573	0.01801	0.01673	0.01467	0.01580	0.31647	0.01175	0.01705	0.01150	0.01363	0.00790	0.01146	0.00733	0.00826	0.01321	0.00206	0.48508	0.00441	0.00263	0.00630
7	0.01063	0.01000	0.01688	0.78870	0.03876	0.01250	0.01563	0.01438	0.01125	0.01438	0.01000	0.01500	0.00750	0.00563	0.00563	0.00188	0.00750	0.00500	0.00250	0.00625
8	0.01129	0.02911	0.77306	0.01604	0.02436	0.01307	0.02079	0.01782	0.01188	0.01782	0.01010	0.01188	0.00713	0.00535	0.00535	0.00178	0.00832	0.00416	0.00238	0.00832
9	0.00978	0.00489	0.00733	0.00733	0.00733	0.00489	0.00489	0.00733	0.00733	0.00978	0.00978	0.01711	0.00978	0.01955	0.02199	0.83627	0.00489	0.00489	0.00244	0.00244
10	0.00796	0.00575	0.00752	0.00708	0.00841	0.00531	0.00531	0.01062	0.01593	0.02257	0.76415	0.04204	0.05310	0.01150	0.00664	0.00177	0.00265	0.01018	0.00619	0.00531
11	0.00686	0.00490	0.00653	0.00784	0.00816	0.00457	0.00522	0.00784	0.01077	0.01437	0.03102	0.79855	0.03722	0.01763	0.00718	0.00229	0.00326	0.01600	0.00522	0.00457
12	0.01393	0.01337	0.02284	0.03454	0.76712	0.01337	0.01727	0.01727	0.01281	0.01839	0.01059	0.01393	0.00891	0.00501	0.00557	0.00167	0.00669	0.00501	0.00279	0.00891
13	0.01393	0.01337	0.02284	0.03454	0.76712	0.01337	0.01727	0.01727	0.01281	0.01839	0.01059	0.01393	0.00891	0.00501	0.00557	0.00167	0.00669	0.00501	0.00279	0.00891
14	0.00665	0.00570	0.00570	0.00570	0.00760	0.00475	0.00428	0.00808	0.01283	0.01520	0.05701	0.05416	0.76483	0.01425	0.00665	0.00190	0.00285	0.01188	0.00523	0.00475
15	0.02525	0.00958	0.01306	0.01001	0.01437	0.00827	0.00827	0.02743	0.01611	0.77102	0.02220	0.01915	0.01393	0.00697	0.00566	0.00174	0.00479	0.00566	0.00697	0.00958
16	0.00772	0.00552	0.00753	0.00883	0.00954	0.00532	0.00673	0.00934	0.01163	0.01534	0.03054	0.51004	0.03532	0.01681	0.00741	0.00241	0.00402	0.29594	0.00521	0.00481
17	0.01049	0.00525	0.00525	0.00525	0.00656	0.00525	0.00393	0.01311	0.01180	0.02098	0.01836	0.02098	0.01442	0.00656	0.00393	0.00131	0.00262	0.00525	0.83346	0.00525
18	0.00686	0.00490	0.00653	0.00784	0.00816	0.00457	0.00522	0.00784	0.01077	0.01437	0.03102	0.79855	0.03722	0.01763	0.00718	0.00229	0.00326	0.01600	0.00522	0.00457
19	0.01129	0.02911	0.77306	0.01604	0.02436	0.01307	0.02079	0.01782	0.01188	0.01782	0.01010	0.01188	0.00713	0.00535	0.00535	0.00178	0.00832	0.00416	0.00238	0.00832
20	0.01328	0.01518	0.03321	0.02372	0.02941	0.01423	0.74668	0.01803	0.01328	0.01803	0.01139	0.01518	0.00854	0.00474	0.00664	0.00190	0.00949	0.00664	0.00285	0.00759
21	0.01063	0.01000	0.01688	0.78870	0.03876	0.01250	0.01563	0.01438	0.01125	0.01438	0.01000	0.01500	0.00750	0.00563	0.00563	0.00188	0.00750	0.00500	0.00250	0.00625
22	0.01116	0.00948	0.01008	0.00927	0.01186	0.01029	0.00714	0.02130	0.45323	0.02106	0.12552	0.03303	0.23348	0.00999	0.00610	0.00189	0.00377	0.00840	0.00564	0.00728
23	0.10340	0.01147	0.01369	0.01060	0.01491	0.01132	0.00875	0.23227	0.01843	0.48857	0.01833	0.01657	0.01192	0.00674	0.00544	0.00173	0.00515	0.00524	0.00625	0.00924
24	0.55262	0.01183	0.01318	0.01621	0.25170	0.01301	0.00980	0.03988	0.01114	0.02339	0.00889	0.01080	0.00710	0.00521	0.00421	0.00172	0.00515	0.00374	0.00333	0.00710
25	0.01393	0.01337	0.02284	0.03454	0.76712	0.01337	0.01727	0.01727	0.01281	0.01839	0.01059	0.01393	0.00891	0.00501	0.00557	0.00167	0.00669	0.00501	0.00279	0.00891

[dist]
# distance from previous block
# <min> <max>
0	1

[block]
# block no. 8 follows, 42 sequences, length 6
# corresponding to MSA columns:
# 590-595
name=unknown_I
#
# <colnr> <probs for GDERKNQSTAVLIFYWHMCP>
#	G	D	E	R	K	N	Q	S	T	A	V	L	I	F	Y	W	H	M	C	P
0	0.01629	0.01300	0.01315	0.01013	0.01461	0.11249	0.00808	0.10918	0.05002	0.13390	0.01272	0.01327	0.00961	0.00529	0.00477	0.00121	0.00533	0.00408	0.00422	0.45864
1	0.11900	0.00696	0.00799	0.00775	0.00976	0.00660	0.00614	0.01134	0.01310	0.01941	0.25659	0.10043	0.15750	0.01167	0.00623	0.00190	0.00364	0.15564	0.00508	0.09328
2	0.01238	0.00952	0.01134	0.00834	0.01290	0.00733	0.00665	0.01487	0.01248	0.07997	0.09087	0.01549	0.01353	0.00517	0.00455	0.00101	0.00406	0.00425	0.00393	0.68135
3	0.18677	0.00939	0.01060	0.00848	0.01214	0.00875	0.00682	0.05455	0.01403	0.19967	0.18746	0.02005	0.01964	0.00688	0.00503	0.00150	0.00411	0.00550	0.00500	0.23364
4	0.01447	0.00699	0.00940	0.00849	0.01069	0.00624	0.00646	0.01638	0.01430	0.31726	0.22765	0.28233	0.03230	0.01172	0.00643	0.00193	0.00370	0.01030	0.00618	0.00676
5	0.14076	0.00706	0.00818	0.00802	0.00994	0.00662	0.00584	0.01181	0.01116	0.07631	0.02316	0.48128	0.02565	0.01259	0.00598	0.00191	0.00371	0.01103	0.00477	0.14422

[dist]
# distance from previous block
# <min> <max>
1	31

[block]
# block no. 9 follows, 42 sequences, length 11
# corresponding to MSA columns:
# 627-637
name=unknown_J
#
# <colnr> <probs for GDERKNQSTAVLIFYWHMCP>
#	G	D	E	R	K	N	Q	S	T	A	V	L	I	F	Y	W	H	M	C	P
0	0.01613	0.01119	0.01293	0.00991	0.01405	0.01061	0.00802	0.26416	0.01797	0.12337	0.13811	0.01832	0.01693	0.00663	0.00527	0.00140	0.00468	0.00536	0.00506	0.30990
1	0.51451	0.01199	0.01112	0.00913	0.01303	0.01324	0.00752	0.20748	0.01468	0.09899	0.01078	0.01135	0.00784	0.00574	0.00428	0.00169	0.00486	0.00383	0.00437	0.04357
2	0.59110	0.01267	0.01116	0.00937	0.01310	0.05665	0.03008	0.14064	0.01322	0.06334	0.00967	0.01062	0.00721	0.00559	0.00414	0.00172	0.00517	0.00366	0.00397	0.00692
3	0.00810	0.00578	0.00776	0.00776	0.00833	0.00634	0.00544	0.00923	0.00867	0.01212	0.01624	0.02859	0.01688	0.37704	0.44894	0.00746	0.01084	0.00698	0.00319	0.00431
4	0.00812	0.00577	0.00704	0.00717	0.00801	0.00554	0.00514	0.00952	0.01176	0.01574	0.22665	0.04552	0.11876	0.34108	0.01600	0.00348	0.00434	0.15121	0.00473	0.00443
5	0.10136	0.01279	0.01452	0.01123	0.01558	0.01327	0.00927	0.38657	0.02066	0.33226	0.01649	0.01538	0.01100	0.00669	0.00544	0.00172	0.00545	0.00511	0.00597	0.00924
6	0.08797	0.01069	0.01465	0.33366	0.02456	0.01172	0.01145	0.10251	0.05169	0.27270	0.01496	0.01603	0.01026	0.00627	0.00546	0.00180	0.00602	0.00513	0.00460	0.00786
7	0.19043	0.01099	0.01579	0.46574	0.02904	0.01285	0.05548	0.08150	0.01263	0.05920	0.01059	0.01385	0.00779	0.00566	0.00523	0.00182	0.00668	0.00472	0.00325	0.00677
8	0.23679	0.01098	0.01221	0.00987	0.01385	0.01125	0.00807	0.10929	0.11423	0.39048	0.01752	0.01612	0.01180	0.00657	0.00510	0.00176	0.00479	0.00500	0.00573	0.00858
9	0.01528	0.01362	0.02427	0.02811	0.45854	0.01335	0.20669	0.06117	0.01405	0.09121	0.01208	0.01473	0.00933	0.00523	0.00586	0.00174	0.00721	0.00550	0.00337	0.00867
10	0.10138	0.01073	0.01305	0.01034	0.01445	0.01043	0.00853	0.14491	0.05661	0.50728	0.01975	0.01919	0.01340	0.00715	0.00554	0.00178	0.00498	0.03520	0.00627	0.00903

[dist]
# distance from previous block
# <min> <max>
0	30

[block]
# block no. 10 follows, 42 sequences, length 84
# corresponding to MSA columns:
# 668-751
name=unknown_K
#
# <colnr> <probs for GDERKNQSTAVLIFYWHMCP>
#	G	D	E	R	K	N	Q	S	T	A	V	L	I	F	Y	W	H	M	C	P
0	0.28473	0.01139	0.04080	0.00974	0.01387	0.01098	0.00828	0.07437	0.07801	0.38809	0.01659	0.01544	0.01114	0.00639	0.00495	0.00175	0.00485	0.00479	0.00548	0.00836
1	0.22726	0.01113	0.04316	0.00981	0.01412	0.01018	0.00841	0.07398	0.01503	0.50438	0.01754	0.01598	0.01141	0.00645	0.00510	0.00174	0.00492	0.00491	0.00582	0.00866
2	0.04072	0.06271	0.17310	0.00865	0.01220	0.03962	0.00855	0.01174	0.01266	0.01625	0.06702	0.03820	0.46622	0.01094	0.00599	0.00180	0.00458	0.00891	0.00431	0.00582
3	0.11495	0.01790	0.01568	0.01269	0.01669	0.20283	0.01021	0.48776	0.02197	0.02901	0.01169	0.01219	0.00861	0.00635	0.00525	0.00164	0.00695	0.00448	0.00472	0.00843
4	0.23830	0.01371	0.01414	0.01112	0.01534	0.01505	0.00918	0.46646	0.02073	0.12345	0.01309	0.01305	0.00919	0.00638	0.00507	0.00171	0.00553	0.00461	0.00523	0.00865
5	0.01558	0.01166	0.01288	0.01091	0.01392	0.01259	0.00853	0.40372	0.10183	0.02661	0.01966	0.24299	0.01876	0.03637	0.00681	0.00198	0.00506	0.00843	0.00537	0.03635
6	0.01605	0.01278	0.01397	0.01092	0.01527	0.01302	0.00880	0.30458	0.20509	0.02633	0.01462	0.01474	0.01104	0.00605	0.00513	0.00144	0.00503	0.00477	0.00483	0.30554
7	0.01282	0.00951	0.01185	0.01044	0.01270	0.01076	0.00835	0.27441	0.01528	0.02109	0.01451	0.01903	0.01246	0.02951	0.50268	0.00641	0.01189	0.00568	0.00395	0.00665
8	0.01595	0.01897	0.01258	0.01211	0.01409	0.50211	0.00885	0.01723	0.01410	0.01399	0.01669	0.29245	0.01798	0.01004	0.00583	0.00175	0.00768	0.00806	0.00373	0.00582
9	0.84197	0.01088	0.00827	0.00740	0.01088	0.01262	0.00609	0.01654	0.00958	0.02525	0.00784	0.00914	0.00609	0.00522	0.00348	0.00174	0.00435	0.00305	0.00348	0.00609
10	0.00961	0.00553	0.00661	0.00661	0.00781	0.00589	0.00504	0.01202	0.01081	0.01815	0.01718	0.02138	0.01430	0.01932	0.28179	0.00408	0.00708	0.00553	0.53611	0.00517
11	0.00686	0.00490	0.00653	0.00784	0.00816	0.00457	0.00522	0.00784	0.01077	0.01437	0.03102	0.79855	0.03722	0.01763	0.00718	0.00229	0.00326	0.01600	0.00522	0.00457
12	0.00796	0.00575	0.00752	0.00708	0.00841	0.00531	0.00531	0.01062	0.01593	0.02257	0.76415	0.04204	0.05310	0.01150	0.00664	0.00177	0.00265	0.01018	0.00619	0.00531
13	0.00686	0.00490	0.00653	0.00784	0.00816	0.00457	0.00522	0.00784	0.01077	0.01437	0.03102	0.79855	0.03722	0.01763	0.00718	0.00229	0.00326	0.01600	0.00522	0.00457
14	0.84197	0.01088	0.00827	0.00740	0.01088	0.01262	0.00609	0.01654	0.00958	0.02525	0.00784	0.00914	0.00609	0.00522	0.00348	0.00174	0.00435	0.00305	0.00348	0.00609
15	0.02139	0.01576	0.01689	0.01295	0.01745	0.01745	0.01070	0.74835	0.02646	0.03547	0.01351	0.01351	0.00957	0.00676	0.00563	0.00169	0.00619	0.00507	0.00563	0.00957
16	0.02102	0.02682	0.01595	0.01450	0.01740	0.77963	0.01087	0.02247	0.01595	0.01377	0.00870	0.01015	0.00725	0.00580	0.00507	0.00145	0.01015	0.00362	0.00290	0.00652
17	0.84197	0.01088	0.00827	0.00740	0.01088	0.01262	0.00609	0.01654	0.00958	0.02525	0.00784	0.00914	0.00609	0.00522	0.00348	0.00174	0.00435	0.00305	0.00348	0.00609
18	0.02139	0.01576	0.01689	0.01295	0.01745	0.01745	0.01070	0.74835	0.02646	0.03547	0.01351	0.01351	0.00957	0.00676	0.00563	0.00169	0.00619	0.00507	0.00563	0.00957
19	0.84197	0.01088	0.00827	0.00740	0.01088	0.01262	0.00609	0.01654	0.00958	0.02525	0.00784	0.00914	0.00609	0.00522	0.00348	0.00174	0.00435	0.00305	0.00348	0.00609
20	0.01393	0.01337	0.02284	0.03454	0.76712	0.01337	0.01727	0.01727	0.01281	0.01839	0.01059	0.01393	0.00891	0.00501	0.00557	0.00167	0.00669	0.00501	0.00279	0.00891
21	0.01400	0.01209	0.01273	0.01145	0.01463	0.01400	0.00891	0.02990	0.75695	0.02354	0.02291	0.02100	0.01718	0.00764	0.00573	0.00191	0.00445	0.00636	0.00573	0.00891
22	0.02139	0.01576	0.01689	0.01295	0.01745	0.01745	0.01070	0.74835	0.02646	0.03547	0.01351	0.01351	0.00957	0.00676	0.00563	0.00169	0.00619	0.00507	0.00563	0.00957
23	0.00665	0.00570	0.00570	0.00570	0.00760	0.00475	0.00428	0.00808	0.01283	0.01520	0.05701	0.05416	0.76483	0.01425	0.00665	0.00190	0.00285	0.01188	0.00523	0.00475
24	0.01049	0.00525	0.00525	0.00525	0.00656	0.00525	0.00393	0.01311	0.01180	0.02098	0.01836	0.02098	0.01442	0.00656	0.00393	0.00131	0.00262	0.00525	0.83346	0.00525
25	0.01592	0.02026	0.07519	0.01992	0.02478	0.28822	0.43596	0.01960	0.01415	0.01649	0.01034	0.01316	0.00799	0.00516	0.00600	0.00173	0.00965	0.00540	0.00283	0.00726
26	0.02160	0.29461	0.01894	0.00988	0.01439	0.01328	0.00876	0.02364	0.01443	0.49968	0.01705	0.01553	0.01153	0.00620	0.00493	0.00155	0.00523	0.00471	0.00533	0.00873
27	0.00665	0.00570	0.00570	0.00570	0.00760	0.00475	0.00428	0.00808	0.01283	0.01520	0.05701	0.05416	0.76483	0.01425	0.00665	0.00190	0.00285	0.01188	0.00523	0.00475
28	0.00797	0.00603	0.00759	0.00843	0.00983	0.00566	0.00694	0.00997	0.01268	0.01599	0.03967	0.13844	0.29517	0.01530	0.00731	0.00231	0.00414	0.39641	0.00520	0.00496
29	0.01509	0.05441	0.25922	0.02214	0.29450	0.22445	0.01632	0.01886	0.01332	0.01673	0.00980	0.01204	0.00782	0.00533	0.00528	0.00163	0.00813	0.00428	0.00267	0.00800
30	0.84197	0.01088	0.00827	0.00740	0.01088	0.01262	0.00609	0.01654	0.00958	0.02525	0.00784	0.00914	0.00609	0.00522	0.00348	0.00174	0.00435	0.00305	0.00348	0.00609
31	0.01851	0.02155	0.01479	0.01341	0.01641	0.50548	0.01017	0.02513	0.28127	0.01727	0.01379	0.01403	0.01080	0.00646	0.00531	0.00161	0.00811	0.00460	0.00391	0.00738
32	0.02114	0.01564	0.01674	0.01290	0.01735	0.01733	0.01063	0.72350	0.05173	0.03505	0.01384	0.01377	0.00983	0.00679	0.00563	0.00170	0.00613	0.00511	0.00563	0.00955
33	0.84197	0.01088	0.00827	0.00740	0.01088	0.01262	0.00609	0.01654	0.00958	0.02525	0.00784	0.00914	0.00609	0.00522	0.00348	0.00174	0.00435	0.00305	0.00348	0.00609
34	0.01400	0.01209	0.01273	0.01145	0.01463	0.01400	0.00891	0.02990	0.75695	0.02354	0.02291	0.02100	0.01718	0.00764	0.00573	0.00191	0.00445	0.00636	0.00573	0.00891
35	0.01363	0.01307	0.02230	0.10261	0.70138	0.01329	0.01712	0.01701	0.01267	0.01802	0.01053	0.01403	0.00879	0.00507	0.00558	0.00169	0.00676	0.00501	0.00276	0.00867
36	0.84197	0.01088	0.00827	0.00740	0.01088	0.01262	0.00609	0.01654	0.00958	0.02525	0.00784	0.00914	0.00609	0.00522	0.00348	0.00174	0.00435	0.00305	0.00348	0.00609
37	0.00753	0.00593	0.00695	0.00749	0.00909	0.00536	0.00604	0.00935	0.01276	0.01574	0.04582	0.09902	0.46198	0.01490	0.00708	0.00217	0.00371	0.26897	0.00521	0.00490
38	0.00686	0.00490	0.00653	0.00784	0.00816	0.00457	0.00522	0.00784	0.01077	0.01437	0.03102	0.79855	0.03722	0.01763	0.00718	0.00229	0.00326	0.01600	0.00522	0.00457
39	0.02102	0.02682	0.01595	0.01450	0.01740	0.77963	0.01087	0.02247	0.01595	0.01377	0.00870	0.01015	0.00725	0.00580	0.00507	0.00145	0.01015	0.00362	0.00290	0.00652
40	0.01063	0.01000	0.01688	0.78870	0.03876	0.01250	0.01563	0.01438	0.01125	0.01438	0.01000	0.01500	0.00750	0.00563	0.00563	0.00188	0.00750	0.00500	0.00250	0.00625
41	0.01275	0.01216	0.02071	0.30458	0.50632	0.01306	0.01668	0.01624	0.01226	0.01695	0.01038	0.01431	0.00841	0.00523	0.00559	0.00174	0.00698	0.00501	0.00268	0.00796
42	0.00686	0.00490	0.00653	0.00784	0.00816	0.00457	0.00522	0.00784	0.01077	0.01437	0.03102	0.79855	0.03722	0.01763	0.00718	0.00229	0.00326	0.01600	0.00522	0.00457
43	0.00686	0.00490	0.00653	0.00784	0.00816	0.00457	0.00522	0.00784	0.01077	0.01437	0.03102	0.79855	0.03722	0.01763	0.00718	0.00229	0.00326	0.01600	0.00522	0.00457
44	0.10184	0.00970	0.01261	0.00977	0.01404	0.00868	0.00807	0.02641	0.01549	0.70108	0.02085	0.01822	0.01320	0.00680	0.00546	0.00174	0.00475	0.00541	0.00664	0.00925
