[name]
unknown

[dist]
# distance from previous block
# <min> <max>
0	42

[block]
# block no. 0 follows, 47 sequences, length 49
# corresponding to MSA columns:
# 45-93
name=unknown_A
#
# <colnr> <probs for GDERKNQSTAVLIFYWHMCP>
#	G	D	E	R	K	N	Q	S	T	A	V	L	I	F	Y	W	H	M	C	P
0	0.01502	0.04953	0.14603	0.01113	0.01499	0.10442	0.01022	0.17089	0.17114	0.09475	0.04197	0.01779	0.01294	0.00666	0.00509	0.00161	0.00564	0.04928	0.06347	0.00744
1	0.01201	0.16091	0.37954	0.01463	0.02050	0.01333	0.17871	0.01692	0.04405	0.04943	0.01125	0.01452	0.00888	0.00542	0.00508	0.00162	0.00710	0.04604	0.00276	0.00728
2	0.01359	0.01195	0.01897	0.02659	0.60177	0.01188	0.01398	0.08710	0.01313	0.05183	0.01232	0.01453	0.04152	0.00519	0.00513	0.00152	0.00579	0.00485	0.00312	0.05522
3	0.08290	0.01089	0.06124	0.01190	0.01511	0.01012	0.16571	0.01314	0.01071	0.01647	0.07161	0.08680	0.04425	0.00710	0.00730	0.00161	0.15307	0.00587	0.00323	0.22100
4	0.01055	0.00892	0.00995	0.00972	0.03838	0.00968	0.00728	0.01968	0.44133	0.01942	0.11509	0.03101	0.17527	0.00926	0.00573	0.00180	0.00376	0.07127	0.00512	0.00679
5	0.00678	0.00503	0.00700	0.00878	0.05405	0.00476	0.00558	0.00786	0.01013	0.01357	0.02755	0.74801	0.03277	0.01557	0.00657	0.00209	0.00325	0.03146	0.00470	0.00448
6	0.01573	0.46194	0.02123	0.01055	0.01413	0.32450	0.00914	0.01732	0.01246	0.01293	0.05091	0.01047	0.00907	0.00516	0.00403	0.00123	0.00690	0.00338	0.00260	0.00633
7	0.00634	0.00453	0.00604	0.00725	0.00755	0.00423	0.00483	0.00725	0.00997	0.01329	0.02870	0.81358	0.03444	0.01632	0.00665	0.00211	0.00302	0.01480	0.00483	0.00423
8	0.01973	0.01252	0.01409	0.01089	0.01480	0.01329	0.00896	0.53461	0.02141	0.20968	0.05755	0.01535	0.01215	0.00654	0.00524	0.00157	0.00517	0.00509	0.02280	0.00855
9	0.01230	0.01191	0.02070	0.17219	0.60277	0.01227	0.06049	0.01554	0.01162	0.01632	0.00974	0.01314	0.00799	0.00473	0.00522	0.00159	0.00648	0.00473	0.00253	0.00773
10	0.01331	0.01399	0.02335	0.02736	0.49420	0.08399	0.23351	0.01662	0.01225	0.01653	0.00985	0.01291	0.00801	0.00463	0.00540	0.00159	0.00723	0.00496	0.00260	0.00769
11	0.09950	0.01154	0.01791	0.01796	0.22213	0.04450	0.21890	0.07195	0.01252	0.01915	0.01155	0.01410	0.00906	0.00508	0.00486	0.00153	0.00590	0.00487	0.20020	0.00680
12	0.00634	0.00453	0.00604	0.00725	0.00755	0.00423	0.00483	0.00725	0.00997	0.01329	0.02870	0.81358	0.03444	0.01632	0.00665	0.00211	0.00302	0.01480	0.00483	0.00423
13	0.01289	0.01237	0.02114	0.03196	0.78450	0.01237	0.01598	0.01598	0.01186	0.01701	0.00980	0.01289	0.00825	0.00464	0.00516	0.00155	0.00619	0.00464	0.00258	0.00825
14	0.01289	0.01237	0.02114	0.03196	0.78450	0.01237	0.01598	0.01598	0.01186	0.01701	0.00980	0.01289	0.00825	0.00464	0.00516	0.00155	0.00619	0.00464	0.00258	0.00825
15	0.00713	0.00531	0.00662	0.00630	0.00763	0.00481	0.00472	0.00936	0.01417	0.01952	0.63603	0.04114	0.19571	0.01115	0.00614	0.00166	0.00249	0.00973	0.00555	0.00481
16	0.01080	0.00926	0.01080	0.00771	0.01234	0.00694	0.00617	0.01311	0.01080	0.01697	0.00926	0.01080	0.00771	0.00386	0.00386	0.00077	0.00386	0.00309	0.00309	0.84882
17	0.01289	0.01237	0.02114	0.03196	0.78450	0.01237	0.01598	0.01598	0.01186	0.01701	0.00980	0.01289	0.00825	0.00464	0.00516	0.00155	0.00619	0.00464	0.00258	0.00825
18	0.01187	0.01180	0.02149	0.01646	0.02037	0.01174	0.42082	0.04422	0.18207	0.01846	0.05856	0.02293	0.01515	0.00682	0.00607	0.00184	0.00672	0.11188	0.00380	0.00692
19	0.01183	0.34242	0.48664	0.01248	0.01889	0.01548	0.01513	0.01613	0.01083	0.01481	0.00851	0.00994	0.00663	0.00475	0.00431	0.00144	0.00685	0.00343	0.00221	0.00729
20	0.01391	0.70282	0.09658	0.00971	0.01436	0.06323	0.00992	0.01597	0.01085	0.01267	0.00748	0.00865	0.00668	0.00455	0.00356	0.00118	0.00598	0.00291	0.00225	0.00674
21	0.02284	0.00970	0.01260	0.00966	0.01371	0.00889	0.00798	0.13354	0.01630	0.67797	0.01937	0.01696	0.01230	0.00642	0.00523	0.00160	0.00462	0.00516	0.00627	0.00886
22	0.01205	0.01334	0.02677	0.01973	0.02359	0.01391	0.56347	0.01557	0.01113	0.01557	0.00954	0.01334	0.00762	0.00566	0.00908	0.00190	0.22281	0.00572	0.00254	0.00667
23	0.01707	0.01763	0.01985	0.01548	0.01944	0.27106	0.24359	0.25801	0.05008	0.02076	0.01081	0.01226	0.00816	0.00542	0.00533	0.00156	0.00781	0.00475	0.00359	0.00734
24	0.00691	0.00537	0.00665	0.00654	0.00785	0.00518	0.00494	0.00865	0.01147	0.01519	0.23738	0.03781	0.33134	0.04829	0.23879	0.00378	0.00599	0.00886	0.00442	0.00457
25	0.01079	0.01023	0.01735	0.56264	0.27022	0.01182	0.01494	0.01414	0.01087	0.01447	0.00942	0.01357	0.00735	0.00503	0.00519	0.00168	0.00671	0.00463	0.00240	0.00656
26	0.00937	0.00848	0.01452	0.01383	0.12196	0.00829	0.17139	0.01222	0.01318	0.01854	0.42377	0.02811	0.04689	0.00965	0.04021	0.00197	0.03977	0.00769	0.00432	0.00585
27	0.00634	0.00453	0.00604	0.00725	0.00755	0.00423	0.00483	0.00725	0.00997	0.01329	0.02870	0.81358	0.03444	0.01632	0.00665	0.00211	0.00302	0.01480	0.00483	0.00423
28	0.00681	0.00589	0.00685	0.00799	0.08140	0.00515	0.00518	0.00827	0.01171	0.01429	0.04669	0.10859	0.64761	0.01263	0.00610	0.00177	0.00301	0.01069	0.00462	0.00475
29	0.00634	0.00453	0.00604	0.00725	0.00755	0.00423	0.00483	0.00725	0.00997	0.01329	0.02870	0.81358	0.03444	0.01632	0.00665	0.00211	0.00302	0.01480	0.00483	0.00423
30	0.01392	0.82012	0.02729	0.00891	0.01337	0.02061	0.00891	0.01559	0.01058	0.01225	0.00724	0.00835	0.00668	0.00446	0.00334	0.00111	0.00557	0.00278	0.00223	0.00668
31	0.01168	0.30910	0.51868	0.01273	0.01928	0.01512	0.01557	0.01617	0.01085	0.01498	0.00860	0.01006	0.00663	0.00477	0.00438	0.00146	0.00694	0.00347	0.00221	0.00734
32	0.01945	0.02482	0.01476	0.01342	0.01610	0.79608	0.01006	0.02079	0.01476	0.01275	0.00805	0.00939	0.00671	0.00537	0.00470	0.00134	0.00939	0.00335	0.00268	0.00604
33	0.01045	0.02694	0.79000	0.01484	0.02254	0.01209	0.01924	0.01649	0.01099	0.01649	0.00935	0.01099	0.00660	0.00495	0.00495	0.00165	0.00770	0.00385	0.00220	0.00770
34	0.00634	0.00453	0.00604	0.00725	0.00755	0.00423	0.00483	0.00725	0.00997	0.01329	0.02870	0.81358	0.03444	0.01632	0.00665	0.00211	0.00302	0.01480	0.00483	0.00423
35	0.01229	0.01405	0.03073	0.02195	0.02722	0.01317	0.76558	0.01668	0.01229	0.01668	0.01054	0.01405	0.00790	0.00439	0.00615	0.00176	0.00878	0.00615	0.00263	0.00702
36	0.01289	0.01237	0.02114	0.03196	0.78450	0.01237	0.01598	0.01598	0.01186	0.01701	0.00980	0.01289	0.00825	0.00464	0.00516	0.00155	0.00619	0.00464	0.00258	0.00825
37	0.00615	0.00528	0.00528	0.00528	0.00703	0.00440	0.00396	0.00747	0.01187	0.01407	0.05276	0.05012	0.78238	0.01319	0.00615	0.00176	0.00264	0.01099	0.00484	0.00440
38	0.01392	0.82012	0.02729	0.00891	0.01337	0.02061	0.00891	0.01559	0.01058	0.01225	0.00724	0.00835	0.00668	0.00446	0.00334	0.00111	0.00557	0.00278	0.00223	0.00668
39	0.01945	0.02482	0.01476	0.01342	0.01610	0.79608	0.01006	0.02079	0.01476	0.01275	0.00805	0.00939	0.00671	0.00537	0.00470	0.00134	0.00939	0.00335	0.00268	0.00604
40	0.00615	0.00528	0.00528	0.00528	0.00703	0.00440	0.00396	0.00747	0.01187	0.01407	0.05276	0.05012	0.78238	0.01319	0.00615	0.00176	0.00264	0.01099	0.00484	0.00440
41	0.01392	0.82012	0.02729	0.00891	0.01337	0.02061	0.00891	0.01559	0.01058	0.01225	0.00724	0.00835	0.00668	0.00446	0.00334	0.00111	0.00557	0.00278	0.00223	0.00668
42	0.01923	0.01404	0.01503	0.01158	0.01559	0.01552	0.00955	0.72487	0.02373	0.03207	0.01275	0.01289	0.00911	0.00624	0.00512	0.00154	0.00555	0.00470	0.05227	0.00863
43	0.00745	0.00555	0.00821	0.00821	0.00908	0.00642	0.00631	0.00920	0.00832	0.01197	0.01410	0.02127	0.01337	0.08554	0.75035	0.00817	0.01342	0.00570	0.00281	0.00456
44	0.00657	0.00481	0.00642	0.00746	0.00775	0.00470	0.00505	0.00746	0.00984	0.01319	0.02758	0.76519	0.03303	0.03399	0.00749	0.00219	0.03407	0.01425	0.00470	0.00426
45	0.01244	0.01192	0.02033	0.14461	0.67533	0.01226	0.01576	0.01559	0.01165	0.01647	0.00972	0.01303	0.00806	0.00472	0.00516	0.00157	0.00630	0.00464	0.00254	0.00789
46	0.00621	0.00528	0.00535	0.00533	0.00707	0.00442	0.00400	0.00758	0.01200	0.01438	0.08562	0.04961	0.74932	0.01307	0.00615	0.00175	0.00263	0.01092	0.00488	0.00442
47	0.01045	0.02694	0.79000	0.01484	0.02254	0.01209	0.01924	0.01649	0.01099	0.01649	0.00935	0.01099	0.00660	0.00495	0.00495	0.00165	0.00770	0.00385	0.00220	0.00770
48	0.01288	0.01137	0.01660	0.02193	0.43469	0.01189	0.01221	0.05022	0.23866	0.03489	0.08730	0.01739	0.01454	0.00604	0.00530	0.00162	0.00516	0.00548	0.00387	0.00797

[dist]
# distance from previous block
# <min> <max>
0	5

[block]
# block no. 1 follows, 47 sequences, length 103
# corresponding to MSA columns:
# 99-201
name=unknown_B
#
# <colnr> <probs for GDERKNQSTAVLIFYWHMCP>
#	G	D	E	R	K	N	Q	S	T	A	V	L	I	F	Y	W	H	M	C	P
0	0.00634	0.00453	0.00604	0.00725	0.00755	0.00423	0.00483	0.00725	0.00997	0.01329	0.02870	0.81358	0.03444	0.01632	0.00665	0.00211	0.00302	0.01480	0.00483	0.00423
1	0.01980	0.01459	0.01563	0.01198	0.01615	0.01615	0.00990	0.76713	0.02448	0.03282	0.01250	0.01250	0.00886	0.00625	0.00521	0.00156	0.00573	0.00469	0.00521	0.00886
2	0.00634	0.00453	0.00604	0.00725	0.00755	0.00423	0.00483	0.00725	0.00997	0.01329	0.02870	0.81358	0.03444	0.01632	0.00665	0.00211	0.00302	0.01480	0.00483	0.00423
3	0.01726	0.00978	0.01236	0.04619	0.09178	0.00992	0.00845	0.22015	0.01592	0.27868	0.01584	0.01610	0.01118	0.00671	0.02038	0.00164	0.00479	0.00492	0.20029	0.00765
4	0.01258	0.01236	0.01952	0.14229	0.56279	0.04704	0.01503	0.01545	0.01138	0.01583	0.00934	0.01273	0.00785	0.00521	0.00636	0.00164	0.08798	0.00457	0.00251	0.00753
5	0.01927	0.02448	0.01493	0.01392	0.03698	0.77478	0.01022	0.02066	0.01468	0.01286	0.00810	0.00949	0.00675	0.00535	0.00471	0.00135	0.00930	0.00339	0.00268	0.00610
6	0.01229	0.01405	0.03073	0.02195	0.02722	0.01317	0.76558	0.01668	0.01229	0.01668	0.01054	0.01405	0.00790	0.00439	0.00615	0.00176	0.00878	0.00615	0.00263	0.00702
7	0.00634	0.00453	0.00604	0.00725	0.00755	0.00423	0.00483	0.00725	0.00997	0.01329	0.02870	0.81358	0.03444	0.01632	0.00665	0.00211	0.00302	0.01480	0.00483	0.00423
8	0.00634	0.00453	0.00604	0.00725	0.00755	0.00423	0.00483	0.00725	0.00997	0.01329	0.02870	0.81358	0.03444	0.01632	0.00665	0.00211	0.00302	0.01480	0.00483	0.00423
9	0.00983	0.00926	0.01562	0.80447	0.03587	0.01157	0.01446	0.01331	0.01041	0.01331	0.00926	0.01388	0.00694	0.00521	0.00521	0.00174	0.00694	0.00463	0.00231	0.00579
10	0.00839	0.00599	0.00839	0.00959	0.01079	0.00599	0.00839	0.01079	0.01199	0.01558	0.02757	0.05874	0.02997	0.01439	0.00719	0.00240	0.00480	0.74945	0.00480	0.00480
11	0.00744	0.00557	0.00830	0.00830	0.00920	0.00647	0.00642	0.00925	0.00835	0.01204	0.01401	0.02082	0.01318	0.05979	0.77583	0.00828	0.01371	0.00563	0.00280	0.00461
12	0.85377	0.01007	0.00765	0.00685	0.01007	0.01168	0.00564	0.01531	0.00886	0.02336	0.00725	0.00846	0.00564	0.00483	0.00322	0.00161	0.00403	0.00282	0.00322	0.00564
13	0.00734	0.00532	0.00691	0.00651	0.00776	0.00490	0.00489	0.00976	0.01466	0.02069	0.76074	0.03922	0.07027	0.01072	0.00614	0.00164	0.00246	0.00946	0.00571	0.00490
14	0.01118	0.00627	0.00642	0.00589	0.00754	0.00650	0.00455	0.12213	0.01290	0.02137	0.01633	0.01841	0.01269	0.00609	0.00387	0.00126	0.00291	0.00483	0.72341	0.00544
15	0.00983	0.00926	0.01562	0.80447	0.03587	0.01157	0.01446	0.01331	0.01041	0.01331	0.00926	0.01388	0.00694	0.00521	0.00521	0.00174	0.00694	0.00463	0.00231	0.00579
16	0.00634	0.00453	0.00604	0.00725	0.00755	0.00423	0.00483	0.00725	0.00997	0.01329	0.02870	0.81358	0.03444	0.01632	0.00665	0.00211	0.00302	0.01480	0.00483	0.00423
17	0.01132	0.01130	0.01594	0.04840	0.01465	0.01576	0.01153	0.01257	0.00808	0.01257	0.00694	0.01150	0.00684	0.00894	0.01657	0.00225	0.77229	0.00456	0.00228	0.00570
18	0.01108	0.00857	0.04070	0.00647	0.00817	0.11401	0.00521	0.01352	0.01145	0.01837	0.01542	0.01767	0.01214	0.00592	0.00384	0.00125	0.00362	0.00460	0.69285	0.00514
19	0.00634	0.00453	0.00604	0.00725	0.00755	0.00423	0.00483	0.00725	0.00997	0.01329	0.02870	0.81358	0.03444	0.01632	0.00665	0.00211	0.00302	0.01480	0.00483	0.00423
20	0.00983	0.00926	0.01562	0.80447	0.03587	0.01157	0.01446	0.01331	0.01041	0.01331	0.00926	0.01388	0.00694	0.00521	0.00521	0.00174	0.00694	0.00463	0.00231	0.00579
21	0.01057	0.05532	0.76271	0.01463	0.02221	0.01240	0.01887	0.01646	0.01098	0.01634	0.00927	0.01090	0.00660	0.00493	0.00489	0.00163	0.00762	0.00381	0.00220	0.00766
22	0.00634	0.00453	0.00604	0.00725	0.00755	0.00423	0.00483	0.00725	0.00997	0.01329	0.02870	0.81358	0.03444	0.01632	0.00665	0.00211	0.00302	0.01480	0.00483	0.00423
23	0.01917	0.02422	0.01463	0.01329	0.01599	0.76168	0.00998	0.02110	0.04815	0.01314	0.00863	0.00983	0.00711	0.00544	0.00472	0.00136	0.00916	0.00347	0.00280	0.00613
24	0.00637	0.00455	0.00607	0.00723	0.00756	0.00425	0.00484	0.00732	0.01009	0.01348	0.04754	0.79420	0.03481	0.01617	0.00663	0.00210	0.00301	0.01467	0.00486	0.00425
25	0.04640	0.01430	0.01529	0.01175	0.01589	0.01580	0.00971	0.72478	0.02375	0.05130	0.01254	0.01250	0.00885	0.00621	0.00515	0.00157	0.00564	0.00464	0.00518	0.00875
26	0.00789	0.00581	0.00750	0.00729	0.00759	0.00654	0.00500	0.00859	0.00787	0.01096	0.01472	0.02759	0.01590	0.49202	0.27237	0.00585	0.08301	0.00665	0.00296	0.00387
27	0.01945	0.02482	0.01476	0.01342	0.01610	0.79608	0.01006	0.02079	0.01476	0.01275	0.00805	0.00939	0.00671	0.00537	0.00470	0.00134	0.00939	0.00335	0.00268	0.00604
28	0.77505	0.01029	0.00892	0.00920	0.08256	0.01175	0.00661	0.01537	0.00914	0.02277	0.00749	0.00887	0.00588	0.00482	0.00340	0.00161	0.00423	0.00299	0.00316	0.00588
29	0.00615	0.00528	0.00528	0.00528	0.00703	0.00440	0.00396	0.00747	0.01187	0.01407	0.05276	0.05012	0.78238	0.01319	0.00615	0.00176	0.00264	0.01099	0.00484	0.00440
30	0.00634	0.00453	0.00604	0.00725	0.00755	0.00423	0.00483	0.00725	0.00997	0.01329	0.02870	0.81358	0.03444	0.01632	0.00665	0.00211	0.00302	0.01480	0.00483	0.00423
31	0.01716	0.01301	0.01395	0.01133	0.01500	0.01456	0.00915	0.44219	0.32704	0.05539	0.01630	0.01548	0.01184	0.00659	0.00525	0.00165	0.00503	0.00519	0.00529	0.00861
32	0.00615	0.00528	0.00528	0.00528	0.00703	0.00440	0.00396	0.00747	0.01187	0.01407	0.05276	0.05012	0.78238	0.01319	0.00615	0.00176	0.00264	0.01099	0.00484	0.00440
33	0.01071	0.08665	0.73258	0.01440	0.02185	0.01274	0.01846	0.01642	0.01096	0.01617	0.00919	0.01080	0.00660	0.00491	0.00483	0.00161	0.00754	0.00377	0.00220	0.00762
34	0.73279	0.00990	0.00830	0.00720	0.01054	0.01110	0.00593	0.01678	0.00974	0.13478	0.00919	0.00981	0.00670	0.00507	0.00352	0.00161	0.00409	0.00317	0.00369	0.00611
35	0.00634	0.00453	0.00604	0.00725	0.00755	0.00423	0.00483	0.00725	0.00997	0.01329	0.02870	0.81358	0.03444	0.01632	0.00665	0.00211	0.00302	0.01480	0.00483	0.00423
36	0.01289	0.01237	0.02114	0.03196	0.78450	0.01237	0.01598	0.01598	0.01186	0.01701	0.00980	0.01289	0.00825	0.00464	0.00516	0.00155	0.00619	0.00464	0.00258	0.00825
37	0.01230	0.44917	0.38398	0.01168	0.01766	0.01663	0.01374	0.01601	0.01077	0.01424	0.00822	0.00959	0.00664	0.00469	0.00409	0.00136	0.00656	0.00328	0.00221	0.00716
38	0.00864	0.00475	0.00523	0.00562	0.00654	0.00466	0.00402	0.01058	0.01062	0.01747	0.02071	0.27203	0.02006	0.00933	0.00460	0.00150	0.00262	0.00802	0.57837	0.00466
39	0.00787	0.00675	0.00878	0.00809	0.00966	0.03482	0.06897	0.01017	0.03466	0.01689	0.32063	0.22045	0.20875	0.01174	0.00619	0.00178	0.00347	0.01045	0.00493	0.00495
40	0.01094	0.01078	0.01429	0.01252	0.01281	0.04824	0.01026	0.01220	0.00834	0.01241	0.00840	0.01344	0.00822	0.03071	0.16115	0.00342	0.60925	0.00475	0.00241	0.00547
41	0.00634	0.00453	0.00604	0.00725	0.00755	0.00423	0.00483	0.00725	0.00997	0.01329	0.02870	0.81358	0.03444	0.01632	0.00665	0.00211	0.00302	0.01480	0.00483	0.00423
42	0.01114	0.01007	0.01401	0.47116	0.02649	0.01215	0.01185	0.01934	0.33147	0.01687	0.01427	0.01621	0.01070	0.00599	0.00525	0.00175	0.00576	0.00516	0.00357	0.00682
43	0.00946	0.00861	0.01213	0.01060	0.01129	0.01068	0.03525	0.01110	0.01051	0.01530	0.25649	0.05177	0.05693	0.04900	0.03030	0.00230	0.40240	0.00698	0.00365	0.00524
44	0.00634	0.00453	0.00604	0.00725	0.00755	0.00423	0.00483	0.00725	0.00997	0.01329	0.02870	0.81358	0.03444	0.01632	0.00665	0.00211	0.00302	0.01480	0.00483	0.00423
45	0.01945	0.02482	0.01476	0.01342	0.01610	0.79608	0.01006	0.02079	0.01476	0.01275	0.00805	0.00939	0.00671	0.00537	0.00470	0.00134	0.00939	0.00335	0.00268	0.00604
46	0.00637	0.00455	0.00606	0.00724	0.00756	0.00424	0.00484	0.00730	0.01007	0.01344	0.04369	0.79816	0.03474	0.01620	0.00664	0.00211	0.00301	0.01470	0.00485	0.00424
47	0.01045	0.02694	0.79000	0.01484	0.02254	0.01209	0.01924	0.01649	0.01099	0.01649	0.00935	0.01099	0.00660	0.00495	0.00495	0.00165	0.00770	0.00385	0.00220	0.00770
48	0.68592	0.00930	0.00739	0.00664	0.00955	0.01063	0.00541	0.03519	0.00964	0.02294	0.00907	0.01045	0.00705	0.00508	0.00335	0.00154	0.00380	0.00322	0.14823	0.00559
49	0.01945	0.02482	0.01476	0.01342	0.01610	0.79608	0.01006	0.02079	0.01476	0.01275	0.00805	0.00939	0.00671	0.00537	0.00470	0.00134	0.00939	0.00335	0.00268	0.00604
50	0.01863	0.02163	0.01536	0.01483	0.08793	0.57815	0.01052	0.12935	0.04594	0.01643	0.00938	0.01057	0.00753	0.00549	0.00484	0.00141	0.00835	0.00377	0.00314	0.00674
51	0.00618	0.00528	0.00531	0.00530	0.00705	0.00441	0.00398	0.00752	0.01193	0.01421	0.06842	0.04988	0.76663	0.01313	0.00615	0.00176	0.00263	0.01096	0.00486	0.00441
52	0.01289	0.01237	0.02114	0.03196	0.78450	0.01237	0.01598	0.01598	0.01186	0.01701	0.00980	0.01289	0.00825	0.00464	0.00516	0.00155	0.00619	0.00464	0.00258	0.00825
53	0.01314	0.01158	0.01186	0.01068	0.01362	0.03553	0.00830	0.02747	0.75317	0.02152	0.02082	0.01914	0.01563	0.00702	0.00528	0.00175	0.00427	0.00581	0.00522	0.00818
54	0.00615	0.00528	0.00528	0.00528	0.00703	0.00440	0.00396	0.00747	0.01187	0.01407	0.05276	0.05012	0.78238	0.01319	0.00615	0.00176	0.00264	0.01099	0.00484	0.00440
55	0.01045	0.02694	0.79000	0.01484	0.02254	0.01209	0.01924	0.01649	0.01099	0.01649	0.00935	0.01099	0.00660	0.00495	0.00495	0.00165	0.00770	0.00385	0.00220	0.00770
56	0.01139	0.01139	0.01595	0.01367	0.01367	0.01595	0.01139	0.01253	0.00798	0.01253	0.00684	0.01139	0.00684	0.00911	0.01709	0.00228	0.80745	0.00456	0.00228	0.00570
57	0.00634	0.00453	0.00604	0.00725	0.00755	0.00423	0.00483	0.00725	0.00997	0.01329	0.02870	0.81358	0.03444	0.01632	0.00665	0.00211	0.00302	0.01480	0.00483	0.00423
58	0.01946	0.02457	0.01478	0.01338	0.01610	0.77688	0.01006	0.03916	0.01500	0.01324	0.00816	0.00947	0.00676	0.00539	0.00471	0.00135	0.00930	0.00339	0.00275	0.00611
59	0.01390	0.01307	0.01218	0.01101	0.01388	0.12729	0.00856	0.04452	0.61596	0.02050	0.01930	0.01929	0.01491	0.00708	0.00528	0.00172	0.00496	0.03390	0.00489	0.00780
60	0.01945	0.02482	0.01476	0.01342	0.01610	0.79608	0.01006	0.02079	0.01476	0.01275	0.00805	0.00939	0.00671	0.00537	0.00470	0.00134	0.00939	0.00335	0.00268	0.00604
61	0.02549	0.00557	0.00686	0.00679	0.00801	0.00529	0.00499	0.01011	0.05413	0.01866	0.48796	0.20272	0.12033	0.01180	0.00614	0.00176	0.00272	0.01039	0.00537	0.00491
62	0.01752	0.01976	0.01673	0.01914	0.26245	0.48073	0.01186	0.05030	0.01424	0.04613	0.00930	0.01098	0.00754	0.00521	0.00489	0.00143	0.00801	0.00390	0.00291	0.00698
63	0.00634	0.00453	0.00604	0.00725	0.00755	0.00423	0.00483	0.00725	0.00997	0.01329	0.02870	0.81358	0.03444	0.01632	0.00665	0.00211	0.00302	0.01480	0.00483	0.00423
64	0.01076	0.02323	0.58899	0.01617	0.02308	0.01208	0.18877	0.01630	0.01142	0.01669	0.03726	0.01269	0.00842	0.00502	0.00526	0.00167	0.00776	0.00457	0.00242	0.00744
65	0.00982	0.00697	0.00884	0.00825	0.00981	0.00779	0.00647	0.11961	0.04351	0.01704	0.03426	0.02013	0.02890	0.02591	0.47309	0.00554	0.00980	0.00554	0.15329	0.00544
66	0.00634	0.00453	0.00604	0.00725	0.00755	0.00423	0.00483	0.00725	0.00997	0.01329	0.02870	0.81358	0.03444	0.01632	0.00665	0.00211	0.00302	0.01480	0.00483	0.00423
67	0.01945	0.02482	0.01476	0.01342	0.01610	0.79608	0.01006	0.02079	0.01476	0.01275	0.00805	0.00939	0.00671	0.00537	0.00470	0.00134	0.00939	0.00335	0.00268	0.00604
68	0.00634	0.00453	0.00604	0.00725	0.00755	0.00423	0.00483	0.00725	0.00997	0.01329	0.02870	0.81358	0.03444	0.01632	0.00665	0.00211	0.00302	0.01480	0.00483	0.00423
69	0.14328	0.01075	0.01250	0.00973	0.01368	0.01078	0.00803	0.24564	0.01689	0.45092	0.01620	0.01481	0.01063	0.00615	0.00494	0.00160	0.00476	0.00472	0.00561	0.00839
70	0.01111	0.17777	0.64496	0.01371	0.02079	0.01371	0.01728	0.01632	0.01092	0.01569	0.00895	0.01049	0.00661	0.00485	0.00464	0.00155	0.00729	0.00365	0.00220	0.00750
71	0.01945	0.02482	0.01476	0.01342	0.01610	0.79608	0.01006	0.02079	0.01476	0.01275	0.00805	0.00939	0.00671	0.00537	0.00470	0.00134	0.00939	0.00335	0.00268	0.00604
72	0.01953	0.01444	0.01563	0.03311	0.01668	0.01603	0.01002	0.74704	0.02411	0.03230	0.01242	0.01254	0.00881	0.00622	0.00521	0.00157	0.00576	0.00469	0.00513	0.00877
73	0.00622	0.00529	0.00537	0.00538	0.00712	0.00444	0.00406	0.00758	0.01193	0.01424	0.06729	0.05005	0.75330	0.01316	0.00617	0.00177	0.00267	0.02469	0.00485	0.00441
74	0.51160	0.01049	0.00930	0.00824	0.01136	0.01209	0.00663	0.06283	0.24896	0.02328	0.01227	0.01252	0.00931	0.00566	0.00400	0.00164	0.00410	0.00396	0.03515	0.00661
75	0.01718	0.01280	0.01364	0.01069	0.01440	0.01389	0.00876	0.62126	0.02206	0.02922	0.02023	0.01973	0.15739	0.00758	0.00539	0.00160	0.00514	0.00590	0.00514	0.00800
76	0.00649	0.00529	0.00573	0.00562	0.00724	0.00454	0.00422	0.00811	0.01265	0.01592	0.25086	0.04707	0.58312	0.01250	0.00615	0.00173	0.00259	0.01056	0.00508	0.00454
77	0.01993	0.01437	0.01550	0.01188	0.01604	0.01583	0.00981	0.73935	0.02413	0.06111	0.01280	0.01270	0.00901	0.00626	0.00521	0.00156	0.00568	0.00471	0.00526	0.00886
78	0.01392	0.82012	0.02729	0.00891	0.01337	0.02061	0.00891	0.01559	0.01058	0.01225	0.00724	0.00835	0.00668	0.00446	0.00334	0.00111	0.00557	0.00278	0.00223	0.00668
79	0.00698	0.00548	0.00642	0.00668	0.00819	0.00492	0.00534	0.00879	0.01241	0.01569	0.17470	0.05049	0.44747	0.01307	0.00644	0.00191	0.00319	0.21225	0.00498	0.00460
80	0.01980	0.01459	0.01563	0.01198	0.01615	0.01615	0.00990	0.76713	0.02448	0.03282	0.01250	0.01250	0.00886	0.00625	0.00521	0.00156	0.00573	0.00469	0.00521	0.00886
81	0.00792	0.00575	0.00759	0.00743	0.00798	0.00641	0.00525	0.02565	0.00836	0.01167	0.01477	0.02609	0.01537	0.38776	0.40383	0.00650	0.03815	0.00642	0.00299	0.00411
82	0.00634	0.00453	0.00604	0.00725	0.00755	0.00423	0.00483	0.00725	0.00997	0.01329	0.02870	0.81358	0.03444	0.01632	0.00665	0.00211	0.00302	0.01480	0.00483	0.00423
83	0.01161	0.01136	0.03942	0.30355	0.46778	0.01178	0.01504	0.01489	0.01129	0.01578	0.00988	0.01345	0.00795	0.00491	0.00511	0.00160	0.00634	0.00462	0.03640	0.00723
84	0.01775	0.02053	0.01572	0.01431	0.05419	0.52499	0.04347	0.11078	0.01490	0.01576	0.00893	0.01064	0.00730	0.00580	0.00608	0.00149	0.08978	0.00387	0.02725	0.00647
85	0.00634	0.00453	0.00604	0.00725	0.00755	0.00423	0.00483	0.00725	0.00997	0.01329	0.02870	0.81358	0.03444	0.01632	0.00665	0.00211	0.00302	0.01480	0.00483	0.00423
86	0.01256	0.01204	0.02055	0.11409	0.70491	0.01229	0.01582	0.01570	0.01170	0.01662	0.00974	0.01299	0.00811	0.00470	0.00516	0.00157	0.00627	0.00464	0.00255	0.00799
87	0.01110	0.02607	0.73581	0.01464	0.02209	0.01238	0.01859	0.06902	0.01194	0.01763	0.00957	0.01110	0.00675	0.00504	0.00497	0.00164	0.00756	0.00391	0.00241	0.00778
88	0.00635	0.00459	0.00598	0.00708	0.00748	0.00426	0.00474	0.00727	0.01006	0.01329	0.03015	0.74547	0.08649	0.03118	0.00699	0.00215	0.00303	0.01440	0.00480	0.00422
89	0.00868	0.00739	0.00926	0.00876	0.00967	0.06336	0.03327	0.01005	0.00878	0.01184	0.01405	0.04232	0.01413	0.23285	0.45513	0.00632	0.05061	0.00613	0.00290	0.00449
90	0.00730	0.00600	0.00668	0.00768	0.00821	0.05968	0.00525	0.00828	0.01040	0.01332	0.02783	0.72212	0.05101	0.01543	0.00651	0.00206	0.00350	0.02968	0.00468	0.00437
91	0.01344	0.01499	0.01689	0.01417	0.01566	0.22871	0.10737	0.01514	0.01086	0.01371	0.06187	0.01311	0.00990	0.00759	0.01152	0.00191	0.42982	0.00477	0.00268	0.00591
92	0.73133	0.01003	0.00815	0.00727	0.01036	0.01150	0.00591	0.07167	0.01012	0.02338	0.00915	0.06511	0.00790	0.00574	0.00361	0.00164	0.00409	0.00380	0.00349	0.00578
93	0.01945	0.02482	0.01476	0.01342	0.01610	0.79608	0.01006	0.02079	0.01476	0.01275	0.00805	0.00939	0.00671	0.00537	0.00470	0.00134	0.00939	0.00335	0.00268	0.00604
94	0.01005	0.00947	0.01601	0.75041	0.08825	0.01163	0.01457	0.01349	0.01051	0.01357	0.00929	0.01381	0.00703	0.00517	0.00520	0.00172	0.00689	0.00463	0.00233	0.00596
95	0.00720	0.00621	0.00638	0.00699	0.00797	0.05970	0.00489	0.00828	0.01097	0.01353	0.03567	0.49019	0.29419	0.01446	0.00634	0.00194	0.00333	0.01267	0.00468	0.00441
96	0.01549	0.01184	0.01291	0.01087	0.01414	0.01330	0.00871	0.29955	0.39351	0.06057	0.01757	0.01763	0.01323	0.00912	0.06066	0.00216	0.00543	0.02000	0.00513	0.00818
97	0.01103	0.01097	0.01520	0.01308	0.01321	0.01514	0.01087	0.01218	0.00825	0.01264	0.01005	0.01410	0.06111	0.00940	0.01632	0.00224	0.75113	0.00501	0.00246	0.00561
98	0.00642	0.00461	0.00621	0.00733	0.00768	0.00439	0.00495	0.00739	0.00986	0.01321	0.02767	0.75808	0.03294	0.01791	0.06191	0.00255	0.00379	0.01416	0.00469	0.00426
99	0.00981	0.00921	0.01531	0.69038	0.09021	0.01113	0.01384	0.01310	0.01062	0.01364	0.01234	0.01634	0.06130	0.00572	0.00527	0.00172	0.00658	0.00507	0.00251	0.00587
100	0.01226	0.01371	0.02944	0.02116	0.02622	0.01291	0.71886	0.03480	0.01251	0.01695	0.01126	0.04358	0.00891	0.00488	0.00614	0.00176	0.00849	0.00643	0.00278	0.00697
101	0.00946	0.00488	0.00488	0.00488	0.00613	0.00482	0.00366	0.01181	0.01099	0.01904	0.01949	0.02156	0.06716	0.00657	0.00382	0.00125	0.00244	0.00528	0.78704	0.00482
102	0.01357	0.73939	0.10491	0.00951	0.01430	0.01974	0.00996	0.01569	0.01062	0.01268	0.00745	0.00862	0.00667	0.00451	0.00350	0.00117	0.00579	0.00289	0.00222	0.00679

[dist]
# distance from previous block
# <min> <max>
0	7

[block]
# block no. 2 follows, 47 sequences, length 46
# corresponding to MSA columns:
# 209-254
name=unknown_C
#
# <colnr> <probs for GDERKNQSTAVLIFYWHMCP>
#	G	D	E	R	K	N	Q	S	T	A	V	L	I	F	Y	W	H	M	C	P
0	0.01295	0.01258	0.02082	0.05497	0.74326	0.03123	0.01579	0.01602	0.01188	0.01680	0.00974	0.01283	0.00817	0.00467	0.00515	0.00155	0.00629	0.00461	0.00257	0.00812
1	0.00918	0.00805	0.00991	0.00944	0.01038	0.07309	0.00742	0.01091	0.00897	0.01261	0.01250	0.01805	0.01154	0.02977	0.56508	0.00644	0.13872	0.00520	0.04781	0.00494
2	0.00632	0.00461	0.00596	0.00705	0.00750	0.00425	0.00474	0.00727	0.01017	0.01337	0.03121	0.73400	0.11241	0.01599	0.00660	0.00208	0.00298	0.01441	0.00483	0.00425
3	0.01071	0.00889	0.01031	0.00748	0.01182	0.00677	0.00596	0.01303	0.01081	0.01717	0.00989	0.01151	0.00818	0.00404	0.00384	0.00081	0.00374	0.00323	0.07265	0.77915
4	0.01153	0.01009	0.01444	0.01193	0.01471	0.01063	0.16359	0.10104	0.26907	0.02022	0.14191	0.15461	0.02181	0.00860	0.00603	0.00179	0.01866	0.00786	0.00468	0.00680
5	0.02021	0.01512	0.01644	0.01293	0.01679	0.01671	0.01051	0.69046	0.02365	0.03198	0.01326	0.01416	0.00989	0.00732	0.00674	0.00186	0.07232	0.00509	0.00536	0.00920
6	0.00676	0.00512	0.00684	0.00772	0.00804	0.00520	0.00535	0.00769	0.00986	0.01325	0.02763	0.72424	0.05482	0.01563	0.00749	0.00212	0.06941	0.01384	0.00462	0.00436
7	0.01571	0.02914	0.72928	0.01788	0.02546	0.01477	0.02046	0.01987	0.01428	0.02126	0.01460	0.01825	0.01166	0.00845	0.00719	0.00260	0.00923	0.00559	0.00405	0.01026
8	0.01141	0.00961	0.01022	0.00922	0.01182	0.01063	0.00716	0.05840	0.51277	0.02075	0.10479	0.02701	0.16698	0.00857	0.00555	0.00174	0.00374	0.00718	0.00525	0.00719
9	0.00634	0.00453	0.00604	0.00725	0.00755	0.00423	0.00483	0.00725	0.00997	0.01329	0.02870	0.81358	0.03444	0.01632	0.00665	0.00211	0.00302	0.01480	0.00483	0.00423
10	0.01378	0.01181	0.01210	0.01075	0.01377	0.04048	0.00839	0.06864	0.69078	0.03797	0.02024	0.01866	0.01512	0.00695	0.00527	0.00174	0.00440	0.00572	0.00523	0.00821
11	0.00634	0.00453	0.00604	0.00725	0.00755	0.00423	0.00483	0.00725	0.00997	0.01329	0.02870	0.81358	0.03444	0.01632	0.00665	0.00211	0.00302	0.01480	0.00483	0.00423
12	0.14891	0.00905	0.01142	0.00890	0.01281	0.00826	0.00735	0.02386	0.01399	0.67249	0.01854	0.01632	0.01179	0.00620	0.00493	0.00161	0.00437	0.00487	0.00596	0.00838
13	0.01272	0.01220	0.02084	0.07397	0.74379	0.01233	0.01590	0.01584	0.01178	0.01681	0.00977	0.01294	0.00818	0.00467	0.00516	0.00156	0.00623	0.00464	0.00256	0.00811
14	0.01945	0.02482	0.01476	0.01342	0.01610	0.79608	0.01006	0.02079	0.01476	0.01275	0.00805	0.00939	0.00671	0.00537	0.00470	0.00134	0.00939	0.00335	0.00268	0.00604
15	0.12427	0.02080	0.01449	0.01258	0.01568	0.53390	0.03178	0.15431	0.01569	0.01781	0.00882	0.00997	0.00700	0.00543	0.00465	0.00143	0.00804	0.00361	0.00320	0.00652
16	0.00615	0.00528	0.00528	0.00528	0.00703	0.00440	0.00396	0.00747	0.01187	0.01407	0.05276	0.05012	0.78238	0.01319	0.00615	0.00176	0.00264	0.01099	0.00484	0.00440
17	0.01839	0.05285	0.01444	0.01154	0.01495	0.25560	0.00917	0.21348	0.19366	0.14190	0.01417	0.01378	0.01036	0.00612	0.00499	0.00153	0.00628	0.00455	0.00451	0.00774
18	0.01392	0.82012	0.02729	0.00891	0.01337	0.02061	0.00891	0.01559	0.01058	0.01225	0.00724	0.00835	0.00668	0.00446	0.00334	0.00111	0.00557	0.00278	0.00223	0.00668
19	0.00634	0.00453	0.00604	0.00725	0.00755	0.00423	0.00483	0.00725	0.00997	0.01329	0.02870	0.81358	0.03444	0.01632	0.00665	0.00211	0.00302	0.01480	0.00483	0.00423
20	0.01945	0.02482	0.01476	0.01342	0.01610	0.79608	0.01006	0.02079	0.01476	0.01275	0.00805	0.00939	0.00671	0.00537	0.00470	0.00134	0.00939	0.00335	0.00268	0.00604
21	0.01045	0.02694	0.79000	0.01484	0.02254	0.01209	0.01924	0.01649	0.01099	0.01649	0.00935	0.01099	0.00660	0.00495	0.00495	0.00165	0.00770	0.00385	0.00220	0.00770
22	0.00626	0.00528	0.00541	0.00538	0.00710	0.00444	0.00404	0.00767	0.01211	0.01463	0.11293	0.04919	0.72186	0.01298	0.00615	0.00175	0.00262	0.01086	0.00491	0.00444
23	0.01093	0.00603	0.00616	0.00572	0.00729	0.00622	0.00440	0.10336	0.01256	0.02103	0.01645	0.01858	0.01281	0.00609	0.00383	0.00126	0.00283	0.00483	0.74432	0.00534
24	0.01421	0.01091	0.01181	0.01044	0.01351	0.01231	0.00817	0.02740	0.68324	0.11438	0.02112	0.01922	0.01553	0.00699	0.00529	0.00175	0.00416	0.00581	0.00544	0.00832
25	0.00634	0.00453	0.00604	0.00725	0.00755	0.00423	0.00483	0.00725	0.00997	0.01329	0.02870	0.81358	0.03444	0.01632	0.00665	0.00211	0.00302	0.01480	0.00483	0.00423
26	0.01915	0.01340	0.01464	0.01144	0.01537	0.01463	0.00937	0.60366	0.08814	0.10842	0.01458	0.03849	0.01067	0.00665	0.00526	0.00160	0.00537	0.00516	0.00533	0.00866
27	0.01349	0.01488	0.01564	0.01361	0.01430	0.21849	0.01105	0.01468	0.00974	0.01259	0.00715	0.01087	0.00680	0.00814	0.01387	0.00204	0.60026	0.00424	0.00238	0.00579
28	0.00634	0.00453	0.00604	0.00725	0.00755	0.00423	0.00483	0.00725	0.00997	0.01329	0.02870	0.81358	0.03444	0.01632	0.00665	0.00211	0.00302	0.01480	0.00483	0.00423
29	0.01775	0.01684	0.01483	0.01413	0.10788	0.28657	0.01001	0.33434	0.01810	0.02246	0.01111	0.01221	0.00852	0.00573	0.00485	0.00145	0.00671	0.00423	0.09493	0.00737
30	0.03561	0.02254	0.01395	0.01259	0.01526	0.68125	0.00951	0.06072	0.01489	0.01453	0.00891	0.01026	0.00728	0.00545	0.00462	0.00135	0.00859	0.00352	0.06306	0.00610
31	0.00634	0.00453	0.00604	0.00725	0.00755	0.00423	0.00483	0.00725	0.00997	0.01329	0.02870	0.81358	0.03444	0.01632	0.00665	0.00211	0.00302	0.01480	0.00483	0.00423
32	0.01285	0.01396	0.01327	0.01191	0.01392	0.27326	0.08429	0.01643	0.12744	0.01486	0.03146	0.24126	0.01739	0.00925	0.00667	0.00178	0.07775	0.02261	0.00375	0.00588
33	0.01980	0.01459	0.01563	0.01198	0.01615	0.01615	0.00990	0.76713	0.02448	0.03282	0.01250	0.01250	0.00886	0.00625	0.00521	0.00156	0.00573	0.00469	0.00521	0.00886
34	0.00628	0.00510	0.00558	0.00584	0.00721	0.00439	0.00423	0.00758	0.01161	0.01435	0.09703	0.23241	0.55271	0.01376	0.00627	0.00184	0.00272	0.01180	0.00490	0.00439
35	0.01553	0.01247	0.01323	0.01112	0.01452	0.01416	0.00887	0.30607	0.49250	0.02594	0.01792	0.01682	0.01325	0.00676	0.00527	0.00169	0.00473	0.00544	0.00527	0.00847
36	0.00621	0.00517	0.00542	0.00558	0.00712	0.00439	0.00410	0.00750	0.01168	0.01412	0.06673	0.15426	0.66273	0.01356	0.00622	0.00180	0.00269	0.01148	0.00486	0.00439
37	0.01931	0.01165	0.01297	0.01044	0.01408	0.05324	0.00849	0.25943	0.13299	0.33495	0.05014	0.01803	0.01380	0.00684	0.00531	0.00163	0.00499	0.02779	0.00560	0.00832
38	0.05818	0.45421	0.33572	0.01121	0.01691	0.01667	0.01292	0.01594	0.01066	0.01458	0.00809	0.00943	0.00659	0.00468	0.00399	0.00136	0.00635	0.00322	0.00227	0.00704
39	0.01945	0.02482	0.01476	0.01342	0.01610	0.79608	0.01006	0.02079	0.01476	0.01275	0.00805	0.00939	0.00671	0.00537	0.00470	0.00134	0.00939	0.00335	0.00268	0.00604
40	0.04930	0.00929	0.01066	0.00767	0.01224	0.00716	0.00615	0.01321	0.01071	0.01726	0.00916	0.01069	0.00762	0.00390	0.00383	0.00081	0.00386	0.00307	0.00309	0.81031
41	0.01096	0.00580	0.00582	0.00576	0.00708	0.00562	0.00423	0.01301	0.01169	0.02048	0.01808	0.02096	0.01441	0.00687	0.00419	0.00145	0.00289	0.00524	0.82995	0.00551
42	0.00728	0.00534	0.00683	0.00651	0.00778	0.00489	0.00491	0.00962	0.01439	0.02008	0.69104	0.04051	0.12031	0.01099	0.00617	0.00167	0.00253	0.02866	0.00562	0.00486
43	0.01335	0.01369	0.01809	0.01442	0.01774	0.16571	0.27024	0.08808	0.07037	0.03228	0.03452	0.07611	0.07619	0.00752	0.00602	0.00173	0.02303	0.06070	0.00372	0.00648
44	0.00839	0.00599	0.00839	0.00959	0.01079	0.00599	0.00839	0.01079	0.01199	0.01558	0.02757	0.05874	0.02997	0.01439	0.00719	0.00240	0.00480	0.74945	0.00480	0.00480
45	0.01525	0.01084	0.01196	0.01028	0.01348	0.01193	0.00813	0.10100	0.52614	0.16167	0.04047	0.01956	0.03132	0.00709	0.00532	0.00171	0.00427	0.00585	0.00550	0.00825

[dist]
# distance from previous block
# <min> <max>
3	8

[block]
# block no. 3 follows, 47 sequences, length 95
# corresponding to MSA columns:
# 266-360
name=unknown_D
#
# <colnr> <probs for GDERKNQSTAVLIFYWHMCP>
#	G	D	E	R	K	N	Q	S	T	A	V	L	I	F	Y	W	H	M	C	P
0	0.01183	0.43183	0.06912	0.00865	0.01228	0.01440	0.00828	0.07258	0.01267	0.01605	0.15689	0.02098	0.11479	0.00712	0.00456	0.00139	0.00475	0.02209	0.00350	0.00626
1	0.85377	0.01007	0.00765	0.00685	0.01007	0.01168	0.00564	0.01531	0.00886	0.02336	0.00725	0.00846	0.00564	0.00483	0.00322	0.00161	0.00403	0.00282	0.00322	0.00564
2	0.00757	0.00507	0.00580	0.00580	0.00584	0.00511	0.00330	0.00765	0.00761	0.01018	0.01630	0.03349	0.01868	0.78311	0.06002	0.00519	0.00544	0.00749	0.00314	0.00322
3	0.01392	0.82012	0.02729	0.00891	0.01337	0.02061	0.00891	0.01559	0.01058	0.01225	0.00724	0.00835	0.00668	0.00446	0.00334	0.00111	0.00557	0.00278	0.00223	0.00668
4	0.00818	0.00667	0.00979	0.00937	0.01012	0.00828	0.00743	0.00991	0.00830	0.01217	0.01261	0.01875	0.01186	0.03343	0.64991	0.00722	0.16306	0.00539	0.00269	0.00485
5	0.00983	0.00926	0.01562	0.80447	0.03587	0.01157	0.01446	0.01331	0.01041	0.01331	0.00926	0.01388	0.00694	0.00521	0.00521	0.00174	0.00694	0.00463	0.00231	0.00579
6	0.01080	0.00926	0.01080	0.00771	0.01234	0.00694	0.00617	0.01311	0.01080	0.01697	0.00926	0.01080	0.00771	0.00386	0.00386	0.00077	0.00386	0.00309	0.00309	0.84882
7	0.00757	0.00505	0.00568	0.00568	0.00568	0.00505	0.00316	0.00757	0.00757	0.01010	0.01641	0.03408	0.01893	0.81698	0.02651	0.00505	0.00505	0.00757	0.00316	0.00316
8	0.00725	0.00532	0.00680	0.00643	0.00771	0.00486	0.00482	0.00960	0.01446	0.02022	0.71077	0.03999	0.12053	0.01089	0.00614	0.00165	0.00247	0.00957	0.00565	0.00486
9	0.00634	0.00453	0.00604	0.00725	0.00755	0.00423	0.00483	0.00725	0.00997	0.01329	0.02870	0.81358	0.03444	0.01632	0.00665	0.00211	0.00302	0.01480	0.00483	0.00423
10	0.01945	0.02482	0.01476	0.01342	0.01610	0.79608	0.01006	0.02079	0.01476	0.01275	0.00805	0.00939	0.00671	0.00537	0.00470	0.00134	0.00939	0.00335	0.00268	0.00604
11	0.00905	0.00452	0.00678	0.00678	0.00678	0.00452	0.00452	0.00678	0.00678	0.00905	0.00905	0.01583	0.00905	0.01809	0.02035	0.84848	0.00452	0.00452	0.00226	0.00226
12	0.00953	0.00488	0.00488	0.00488	0.00612	0.00483	0.00366	0.01190	0.01097	0.01914	0.01881	0.02098	0.05246	0.00643	0.00377	0.00124	0.00244	0.00517	0.80312	0.00483
13	0.00834	0.00596	0.00834	0.00954	0.01071	0.00595	0.00831	0.01071	0.01194	0.01553	0.02760	0.07636	0.03008	0.01443	0.00718	0.00239	0.00475	0.73230	0.00480	0.00478
14	0.01957	0.01480	0.01578	0.01265	0.04035	0.03775	0.01009	0.72268	0.02382	0.03176	0.01229	0.01243	0.00878	0.00618	0.00519	0.00156	0.00585	0.00465	0.00506	0.00876
15	0.00674	0.00484	0.00640	0.00698	0.00764	0.00450	0.00487	0.00825	0.01183	0.01624	0.32152	0.51235	0.04016	0.01411	0.00645	0.00193	0.00280	0.01271	0.00518	0.00450
16	0.01289	0.01237	0.02114	0.03196	0.78450	0.01237	0.01598	0.01598	0.01186	0.01701	0.00980	0.01289	0.00825	0.00464	0.00516	0.00155	0.00619	0.00464	0.00258	0.00825
17	0.00944	0.00739	0.01028	0.00917	0.01044	0.00833	0.03962	0.03472	0.01091	0.04616	0.14840	0.02645	0.11462	0.06603	0.21206	0.00371	0.16832	0.02317	0.04557	0.00520
18	0.00615	0.00528	0.00528	0.00528	0.00703	0.00440	0.00396	0.00747	0.01187	0.01407	0.05276	0.05012	0.78238	0.01319	0.00615	0.00176	0.00264	0.01099	0.00484	0.00440
19	0.01392	0.82012	0.02729	0.00891	0.01337	0.02061	0.00891	0.01559	0.01058	0.01225	0.00724	0.00835	0.00668	0.00446	0.00334	0.00111	0.00557	0.00278	0.00223	0.00668
20	0.81135	0.01030	0.00806	0.00711	0.01038	0.01191	0.00586	0.05354	0.00966	0.02385	0.00752	0.00867	0.00580	0.00491	0.00332	0.00161	0.00412	0.00291	0.00332	0.00580
21	0.00751	0.00530	0.00695	0.00695	0.00739	0.00574	0.00474	0.00839	0.00795	0.01104	0.01525	0.02764	0.01614	0.44916	0.39050	0.00662	0.00926	0.00663	0.00298	0.00386
22	0.00897	0.00568	0.00744	0.00680	0.00832	0.00518	0.00517	0.01136	0.01469	0.09906	0.68570	0.03702	0.06385	0.01028	0.00605	0.00164	0.00266	0.00903	0.00578	0.00530
23	0.00737	0.00532	0.00696	0.00655	0.00778	0.00491	0.00491	0.00983	0.01474	0.02088	0.78175	0.03890	0.04914	0.01065	0.00614	0.00164	0.00246	0.00942	0.00573	0.00491
24	0.01602	0.46532	0.02202	0.01111	0.01500	0.09444	0.00956	0.04167	0.23326	0.01735	0.01333	0.01429	0.01111	0.00654	0.00489	0.00167	0.00610	0.00441	0.00387	0.00802
25	0.01466	0.00914	0.01119	0.00819	0.01263	0.00716	0.00663	0.01689	0.01206	0.25416	0.01273	0.01293	0.00931	0.00465	0.00428	0.00103	0.00403	0.00375	0.00412	0.59046
26	0.00615	0.00528	0.00528	0.00528	0.00703	0.00440	0.00396	0.00747	0.01187	0.01407	0.05276	0.05012	0.78238	0.01319	0.00615	0.00176	0.00264	0.01099	0.00484	0.00440
27	0.01045	0.02694	0.79000	0.01484	0.02254	0.01209	0.01924	0.01649	0.01099	0.01649	0.00935	0.01099	0.00660	0.00495	0.00495	0.00165	0.00770	0.00385	0.00220	0.00770
28	0.04302	0.01446	0.01541	0.01184	0.01598	0.01603	0.00978	0.74619	0.02405	0.03256	0.01236	0.01239	0.00877	0.00621	0.00515	0.00156	0.00568	0.00464	0.00515	0.00877
29	0.00634	0.00453	0.00604	0.00725	0.00755	0.00423	0.00483	0.00725	0.00997	0.01329	0.02870	0.81358	0.03444	0.01632	0.00665	0.00211	0.00302	0.01480	0.00483	0.00423
30	0.01289	0.01237	0.02114	0.03196	0.78450	0.01237	0.01598	0.01598	0.01186	0.01701	0.00980	0.01289	0.00825	0.00464	0.00516	0.00155	0.00619	0.00464	0.00258	0.00825
31	0.02336	0.00886	0.01209	0.00927	0.01329	0.00765	0.00765	0.02538	0.01491	0.78810	0.02055	0.01773	0.01289	0.00645	0.00524	0.00161	0.00443	0.00524	0.00645	0.00886
32	0.01045	0.02694	0.79000	0.01484	0.02254	0.01209	0.01924	0.01649	0.01099	0.01649	0.00935	0.01099	0.00660	0.00495	0.00495	0.00165	0.00770	0.00385	0.00220	0.00770
33	0.00905	0.00452	0.00678	0.00678	0.00678	0.00452	0.00452	0.00678	0.00678	0.00905	0.00905	0.01583	0.00905	0.01809	0.02035	0.84848	0.00452	0.00452	0.00226	0.00226
34	0.00634	0.00453	0.00604	0.00725	0.00755	0.00423	0.00483	0.00725	0.00997	0.01329	0.02870	0.81358	0.03444	0.01632	0.00665	0.00211	0.00302	0.01480	0.00483	0.00423
35	0.00745	0.00553	0.00811	0.00811	0.00895	0.00637	0.00618	0.00913	0.00829	0.01190	0.01419	0.02178	0.01359	0.11480	0.72139	0.00805	0.01308	0.00577	0.00283	0.00450
36	0.01980	0.01459	0.01563	0.01198	0.01615	0.01615	0.00990	0.76713	0.02448	0.03282	0.01250	0.01250	0.00886	0.00625	0.00521	0.00156	0.00573	0.00469	0.00521	0.00886
37	0.01229	0.01405	0.03073	0.02195	0.02722	0.01317	0.76558	0.01668	0.01229	0.01668	0.01054	0.01405	0.00790	0.00439	0.00615	0.00176	0.00878	0.00615	0.00263	0.00702
38	0.85377	0.01007	0.00765	0.00685	0.01007	0.01168	0.00564	0.01531	0.00886	0.02336	0.00725	0.00846	0.00564	0.00483	0.00322	0.00161	0.00403	0.00282	0.00322	0.00564
39	0.01013	0.00956	0.01616	0.72925	0.10876	0.01165	0.01461	0.01357	0.01055	0.01367	0.00931	0.01379	0.00707	0.00515	0.00520	0.00172	0.00687	0.00463	0.00234	0.00602
40	0.85377	0.01007	0.00765	0.00685	0.01007	0.01168	0.00564	0.01531	0.00886	0.02336	0.00725	0.00846	0.00564	0.00483	0.00322	0.00161	0.00403	0.00282	0.00322	0.00564
