[name]
unknown

[dist]
# distance from previous block
# <min> <max>
8	66

[block]
# block no. 0 follows, 48 sequences, length 67
# corresponding to MSA columns:
# 76-142
name=unknown_A
#
# <colnr> <probs for GDERKNQSTAVLIFYWHMCP>
#	G	D	E	R	K	N	Q	S	T	A	V	L	I	F	Y	W	H	M	C	P
0	0.04800	0.04524	0.07674	0.02640	0.13820	0.03835	0.09292	0.01885	0.16313	0.13348	0.04974	0.01581	0.02549	0.00576	0.00516	0.00153	0.01772	0.00499	0.00385	0.08863
1	0.09276	0.03709	0.03349	0.01116	0.05608	0.08222	0.04283	0.05304	0.13725	0.23356	0.06125	0.01625	0.02779	0.00604	0.00485	0.00150	0.00499	0.00490	0.00447	0.08849
2	0.08068	0.04416	0.03709	0.01043	0.03365	0.01142	0.03018	0.27568	0.06301	0.12638	0.15759	0.01770	0.01659	0.00656	0.00501	0.00151	0.00467	0.00532	0.00474	0.06765
3	0.20859	0.01430	0.01296	0.01072	0.01419	0.18922	0.04015	0.18637	0.10858	0.11158	0.01190	0.01215	0.00875	0.00558	0.00457	0.00150	0.00578	0.00410	0.00408	0.04493
4	0.22653	0.08039	0.03045	0.01163	0.09030	0.08670	0.03464	0.06813	0.05013	0.17865	0.05588	0.01492	0.03906	0.00589	0.00455	0.00153	0.00512	0.00455	0.00402	0.00694
5	0.15565	0.09764	0.02976	0.01100	0.05166	0.22585	0.00851	0.03144	0.10498	0.11538	0.03798	0.01262	0.00994	0.00546	0.00440	0.00141	0.00576	0.00397	0.00363	0.08296
6	0.37046	0.17237	0.01381	0.00899	0.01246	0.09869	0.02157	0.11407	0.06337	0.02025	0.01055	0.01130	0.03546	0.00535	0.00392	0.00146	0.00510	0.00363	0.00336	0.02384
7	0.04500	0.07564	0.10166	0.01238	0.11722	0.04484	0.00952	0.07838	0.08859	0.07706	0.16317	0.01832	0.03344	0.00637	0.00491	0.00145	0.00484	0.00525	0.00398	0.10799
8	0.04983	0.01424	0.17509	0.01084	0.03113	0.08685	0.00990	0.10185	0.04237	0.22776	0.09949	0.01729	0.01421	0.05479	0.00626	0.00174	0.00547	0.00506	0.00432	0.04153
9	0.13929	0.04254	0.01346	0.01017	0.01405	0.05865	0.00832	0.39370	0.07866	0.02542	0.01123	0.01165	0.00841	0.00548	0.00452	0.00139	0.00514	0.00402	0.00423	0.15966
10	0.44733	0.01076	0.01351	0.01620	0.28169	0.01142	0.04034	0.01633	0.01047	0.09502	0.00942	0.01096	0.00723	0.00483	0.00415	0.00157	0.00494	0.00377	0.00324	0.00682
11	0.00659	0.00531	0.00595	0.00614	0.00769	0.00467	0.00480	0.00820	0.01198	0.01484	0.12623	0.06692	0.55346	0.01300	0.00626	0.00184	0.00297	0.14386	0.00485	0.00445
12	0.00863	0.00446	0.00661	0.00673	0.00677	0.00443	0.00449	0.00673	0.00702	0.00937	0.01101	0.10215	0.01162	0.01764	0.01859	0.75899	0.00430	0.00555	0.00250	0.00244
13	0.04169	0.22573	0.07771	0.09689	0.14734	0.01435	0.22620	0.01651	0.05864	0.03308	0.00996	0.01217	0.00786	0.00473	0.00482	0.00151	0.00660	0.00448	0.00269	0.00702
14	0.01372	0.82276	0.02689	0.00878	0.01317	0.02030	0.00878	0.01536	0.01043	0.01207	0.00713	0.00823	0.00658	0.00439	0.00329	0.00110	0.00549	0.00274	0.00219	0.00658
15	0.01454	0.18101	0.33064	0.01203	0.01760	0.01306	0.04354	0.09672	0.02880	0.16691	0.01153	0.01203	0.00823	0.00518	0.00465	0.00148	0.00617	0.00404	0.00340	0.03844
16	0.00969	0.00912	0.01539	0.80734	0.03534	0.01140	0.01425	0.01311	0.01026	0.01311	0.00912	0.01368	0.00684	0.00513	0.00513	0.00171	0.00684	0.00456	0.00228	0.00570
17	0.00746	0.00497	0.00560	0.00560	0.00560	0.00497	0.00311	0.00746	0.00746	0.00995	0.01617	0.03358	0.01865	0.81967	0.02612	0.00497	0.00497	0.00746	0.00311	0.00311
18	0.01672	0.01158	0.02196	0.01603	0.02052	0.01076	0.41903	0.01994	0.01306	0.34577	0.01445	0.01529	0.00984	0.00535	0.00605	0.00169	0.03452	0.00562	0.00418	0.00765
19	0.01123	0.01123	0.01572	0.01347	0.01347	0.01572	0.01123	0.01235	0.00786	0.01235	0.00674	0.01123	0.00674	0.00898	0.01684	0.00225	0.81028	0.00449	0.00225	0.00561
20	0.00625	0.00447	0.00595	0.00714	0.00744	0.00417	0.00476	0.00714	0.00982	0.01310	0.02828	0.81633	0.03394	0.01608	0.00655	0.00208	0.00298	0.01459	0.00476	0.00417
21	0.00668	0.00502	0.00620	0.00643	0.00751	0.00454	0.00469	0.00835	0.01230	0.01643	0.34342	0.27222	0.23685	0.01292	0.00624	0.00181	0.00271	0.03606	0.00512	0.00450
22	0.01951	0.01730	0.02661	0.01172	0.01513	0.34841	0.00933	0.20490	0.07617	0.20090	0.01292	0.01272	0.00926	0.00587	0.00493	0.00147	0.00680	0.00426	0.00431	0.00747
23	0.01482	0.66169	0.02440	0.00968	0.01371	0.17743	0.00901	0.01640	0.01126	0.01217	0.00729	0.00844	0.00659	0.00457	0.00356	0.00114	0.00625	0.00286	0.00229	0.00646
24	0.01064	0.00912	0.01064	0.00760	0.01216	0.00684	0.00608	0.01292	0.01064	0.01672	0.00912	0.01064	0.00760	0.00380	0.00380	0.00076	0.00380	0.00304	0.00304	0.85104
25	0.00969	0.00912	0.01539	0.80734	0.03534	0.01140	0.01425	0.01311	0.01026	0.01311	0.00912	0.01368	0.00684	0.00513	0.00513	0.00171	0.00684	0.00456	0.00228	0.00570
26	0.00743	0.00511	0.00629	0.00629	0.00653	0.00535	0.00398	0.00791	0.00767	0.01046	0.01553	0.03006	0.01713	0.61478	0.22892	0.00583	0.00727	0.00695	0.00301	0.00350
27	0.01095	0.01051	0.01717	0.40263	0.26805	0.01252	0.01411	0.01379	0.01022	0.01411	0.00881	0.01288	0.00722	0.00573	0.00748	0.00176	0.16871	0.00455	0.00235	0.00645
28	0.67798	0.01050	0.00804	0.00719	0.01021	0.06016	0.00582	0.04507	0.01004	0.02175	0.01225	0.01299	0.09006	0.00574	0.00366	0.00158	0.00422	0.00376	0.00339	0.00558
29	0.00690	0.00532	0.00641	0.00650	0.00787	0.00475	0.00495	0.00868	0.01234	0.01624	0.28559	0.15539	0.31619	0.01247	0.00619	0.00179	0.00290	0.10344	0.00500	0.03109
30	0.01089	0.00940	0.01093	0.00812	0.01234	0.00780	0.00649	0.01445	0.09352	0.01707	0.01030	0.01158	0.00844	0.00433	0.00443	0.00092	0.03321	0.00339	0.00325	0.72913
31	0.01236	0.01181	0.02006	0.06211	0.72697	0.01189	0.01531	0.01538	0.01163	0.01653	0.01079	0.01432	0.02374	0.00494	0.00514	0.00155	0.00603	0.01893	0.00261	0.00789
32	0.01331	0.03203	0.01126	0.00895	0.01161	0.00946	0.02234	0.22153	0.07999	0.11933	0.37777	0.02569	0.02841	0.00820	0.00554	0.00159	0.00389	0.00695	0.00540	0.00675
33	0.01190	0.01587	0.18416	0.02220	0.22467	0.01260	0.37434	0.01653	0.03957	0.01659	0.01026	0.01306	0.00788	0.00469	0.00573	0.00166	0.02314	0.00516	0.00258	0.00739
34	0.01097	0.01043	0.01770	0.47741	0.35527	0.01174	0.01489	0.01423	0.01087	0.01466	0.00935	0.01326	0.00739	0.00489	0.00511	0.00163	0.00652	0.00456	0.00239	0.00673
35	0.01268	0.01220	0.02071	0.02981	0.70746	0.01226	0.04955	0.01646	0.05687	0.01703	0.01035	0.01313	0.00856	0.00470	0.00513	0.00155	0.00609	0.00471	0.00270	0.00807
36	0.00726	0.00524	0.00686	0.00646	0.00767	0.00484	0.00484	0.00968	0.01452	0.02058	0.78496	0.03833	0.04841	0.01049	0.00605	0.00161	0.00242	0.00928	0.00565	0.00484
37	0.01260	0.01219	0.02085	0.04297	0.65691	0.01228	0.07706	0.01657	0.06605	0.01700	0.01050	0.01327	0.00861	0.00473	0.00517	0.00156	0.00617	0.00478	0.00273	0.00798
38	0.00606	0.00520	0.00520	0.00520	0.00693	0.00433	0.00390	0.00736	0.01170	0.01386	0.05198	0.04938	0.78558	0.01299	0.00606	0.00173	0.00260	0.01083	0.00476	0.00433
39	0.01372	0.82276	0.02689	0.00878	0.01317	0.02030	0.00878	0.01536	0.01043	0.01207	0.00713	0.00823	0.00658	0.00439	0.00329	0.00110	0.00549	0.00274	0.00219	0.00658
40	0.01443	0.01588	0.10304	0.02334	0.42900	0.12091	0.05493	0.14253	0.01408	0.01871	0.00985	0.01202	0.00782	0.00495	0.00506	0.00152	0.00675	0.00440	0.00295	0.00780
41	0.00969	0.00912	0.01539	0.80734	0.03534	0.01140	0.01425	0.01311	0.01026	0.01311	0.00912	0.01368	0.00684	0.00513	0.00513	0.00171	0.00684	0.00456	0.00228	0.00570
42	0.00746	0.00497	0.00560	0.00560	0.00560	0.00497	0.00311	0.00746	0.00746	0.00995	0.01617	0.03358	0.01865	0.81967	0.02612	0.00497	0.00497	0.00746	0.00311	0.00311
43	0.01220	0.01410	0.07796	0.02468	0.29821	0.01262	0.44983	0.01618	0.01187	0.01654	0.01004	0.01323	0.00782	0.00445	0.00563	0.00165	0.00767	0.00537	0.00255	0.00740
44	0.44050	0.01176	0.07260	0.00885	0.01273	0.01138	0.00785	0.15250	0.01307	0.20732	0.01136	0.01142	0.00790	0.00540	0.00413	0.00158	0.00465	0.00376	0.00420	0.00704
45	0.00827	0.00591	0.00827	0.00945	0.01063	0.00591	0.00827	0.01063	0.01181	0.01536	0.02717	0.05788	0.02953	0.01417	0.00709	0.00236	0.00472	0.75313	0.00472	0.00472
46	0.00746	0.00497	0.00560	0.00560	0.00560	0.00497	0.00311	0.00746	0.00746	0.00995	0.01617	0.03358	0.01865	0.81967	0.02612	0.00497	0.00497	0.00746	0.00311	0.00311
47	0.01277	0.13817	0.17601	0.01255	0.04978	0.02910	0.04289	0.05232	0.39253	0.01882	0.01486	0.01480	0.01128	0.00586	0.00487	0.00159	0.00545	0.00478	0.00385	0.00771
48	0.01455	0.65545	0.05165	0.00976	0.01396	0.15594	0.00934	0.01629	0.01116	0.01230	0.00735	0.00850	0.00659	0.00456	0.00358	0.00116	0.00622	0.00288	0.00227	0.00651
49	0.09877	0.30393	0.30930	0.01130	0.01656	0.09246	0.01234	0.03804	0.01140	0.05079	0.00873	0.00985	0.00679	0.00484	0.00414	0.00140	0.00644	0.00336	0.00260	0.00695
50	0.01166	0.01113	0.01895	0.29917	0.52811	0.01192	0.01523	0.01484	0.01119	0.01550	0.00947	0.01304	0.00768	0.00476	0.00510	0.00159	0.00635	0.00457	0.00245	0.00729
51	0.00746	0.00497	0.00560	0.00560	0.00560	0.00497	0.00311	0.00746	0.00746	0.00995	0.01617	0.03358	0.01865	0.81967	0.02612	0.00497	0.00497	0.00746	0.00311	0.00311
52	0.01451	0.01598	0.01901	0.02424	0.46791	0.26114	0.06489	0.01704	0.01262	0.01532	0.01043	0.01279	0.03106	0.00504	0.00503	0.00148	0.00716	0.00446	0.00264	0.00724
53	0.00840	0.00819	0.05873	0.00976	0.01201	0.00699	0.13703	0.01132	0.01369	0.01936	0.58162	0.03164	0.03765	0.00905	0.00631	0.00165	0.02816	0.00825	0.00481	0.00539
54	0.01252	0.01201	0.02050	0.07845	0.74214	0.01214	0.01566	0.01559	0.01160	0.01654	0.00962	0.01276	0.00805	0.00461	0.00508	0.00154	0.00614	0.00457	0.00252	0.00798
55	0.03779	0.00692	0.00949	0.00851	0.01028	0.00749	0.00680	0.01426	0.01027	0.22675	0.01506	0.01820	0.01209	0.02265	0.40546	0.00495	0.07694	0.00516	0.09509	0.00586
56	0.01276	0.01100	0.01207	0.01069	0.01328	0.01294	0.00842	0.06814	0.62021	0.02107	0.04992	0.01867	0.01563	0.00728	0.00651	0.00178	0.09123	0.00573	0.00491	0.00775
57	0.00741	0.00538	0.00707	0.00700	0.00823	0.00503	0.00549	0.00977	0.01385	0.01923	0.59995	0.04276	0.07690	0.01134	0.00626	0.00177	0.00289	0.15943	0.00542	0.00480
58	0.01372	0.82276	0.02689	0.00878	0.01317	0.02030	0.00878	0.01536	0.01043	0.01207	0.00713	0.00823	0.00658	0.00439	0.00329	0.00110	0.00549	0.00274	0.00219	0.00658
59	0.01260	0.01209	0.02064	0.05829	0.76168	0.01216	0.01570	0.01566	0.01163	0.01664	0.00963	0.01273	0.00808	0.00459	0.00508	0.00153	0.00612	0.00457	0.00253	0.00804
60	0.00733	0.00550	0.00825	0.00825	0.00916	0.00641	0.00641	0.00916	0.00825	0.01191	0.01374	0.02016	0.01283	0.03848	0.79934	0.00825	0.01374	0.00550	0.00275	0.00458
61	0.85592	0.00992	0.00754	0.00675	0.00992	0.01151	0.00556	0.01508	0.00873	0.02302	0.00714	0.00834	0.00556	0.00476	0.00318	0.00159	0.00397	0.00278	0.00318	0.00556
62	0.00969	0.00912	0.01539	0.80734	0.03534	0.01140	0.01425	0.01311	0.01026	0.01311	0.00912	0.01368	0.00684	0.00513	0.00513	0.00171	0.00684	0.00456	0.00228	0.00570
63	0.01141	0.01052	0.01610	0.15737	0.36892	0.01007	0.01190	0.01424	0.01105	0.01611	0.00936	0.01210	0.00771	0.00438	0.00461	0.00127	0.00537	0.00400	0.00268	0.32082
64	0.00687	0.00517	0.00637	0.00628	0.00754	0.00467	0.00469	0.00883	0.01320	0.01785	0.48736	0.12129	0.24409	0.01185	0.00614	0.00172	0.00260	0.03358	0.00529	0.00463
65	0.01633	0.01922	0.01683	0.09948	0.20784	0.47614	0.04265	0.03462	0.01351	0.01423	0.00867	0.01081	0.00710	0.00508	0.00486	0.00143	0.00813	0.00388	0.00263	0.00656
66	0.01246	0.01212	0.02102	0.07627	0.61452	0.01226	0.09843	0.01631	0.05471	0.01677	0.01033	0.01325	0.00843	0.00471	0.00520	0.00157	0.00631	0.00480	0.00268	0.00785

[dist]
# distance from previous block
# <min> <max>
0	1

[block]
# block no. 1 follows, 48 sequences, length 17
# corresponding to MSA columns:
# 144-160
name=unknown_B
#
# <colnr> <probs for GDERKNQSTAVLIFYWHMCP>
#	G	D	E	R	K	N	Q	S	T	A	V	L	I	F	Y	W	H	M	C	P
0	0.01756	0.01257	0.01369	0.01103	0.01470	0.01388	0.00894	0.42868	0.28485	0.11397	0.01618	0.01527	0.01158	0.00646	0.00517	0.00161	0.00495	0.00509	0.00530	0.00852
1	0.01621	0.20919	0.11335	0.01267	0.01672	0.33172	0.06421	0.12859	0.03271	0.01628	0.00903	0.01022	0.00720	0.00513	0.00453	0.00138	0.00747	0.00368	0.00290	0.00682
2	0.01932	0.01177	0.01345	0.01057	0.01437	0.01238	0.00865	0.39685	0.12879	0.27905	0.03946	0.01577	0.01222	0.00647	0.00518	0.00159	0.00490	0.00511	0.00556	0.00852
3	0.01212	0.45053	0.38509	0.01151	0.01739	0.01638	0.01354	0.01578	0.01062	0.01403	0.00810	0.00945	0.00655	0.00462	0.00403	0.00134	0.00647	0.00323	0.00218	0.00705
4	0.01176	0.47914	0.20312	0.01010	0.01459	0.01547	0.01083	0.01450	0.01078	0.01374	0.03312	0.04818	0.01168	0.00635	0.00434	0.00143	0.00570	0.09600	0.00270	0.00644
5	0.00641	0.00458	0.00614	0.00733	0.00769	0.00430	0.00504	0.00742	0.00998	0.01328	0.02819	0.75671	0.03359	0.01593	0.00659	0.00211	0.00311	0.07264	0.00476	0.00421
6	0.01047	0.01096	0.06501	0.56632	0.22052	0.01163	0.01491	0.01396	0.01065	0.01421	0.00926	0.01326	0.00714	0.00498	0.00510	0.00166	0.00670	0.00452	0.00234	0.00642
7	0.01245	0.01193	0.02037	0.09705	0.72410	0.01212	0.01562	0.01552	0.01156	0.01645	0.00961	0.01278	0.00802	0.00462	0.00508	0.00154	0.00616	0.00457	0.00252	0.00792
8	0.00740	0.00520	0.00675	0.00675	0.00715	0.00560	0.00454	0.00820	0.00780	0.01080	0.01511	0.02775	0.01612	0.48039	0.36194	0.00640	0.00878	0.00661	0.00295	0.00375
9	0.00733	0.00550	0.00825	0.00825	0.00916	0.00641	0.00641	0.00916	0.00825	0.01191	0.01374	0.02016	0.01283	0.03848	0.79934	0.00825	0.01374	0.00550	0.00275	0.00458
10	0.01074	0.07321	0.59750	0.01458	0.02086	0.01298	0.06718	0.01572	0.01052	0.01551	0.00885	0.01092	0.00662	0.00532	0.00635	0.00168	0.10805	0.00396	0.00221	0.00723
11	0.00667	0.00498	0.00715	0.00794	0.00852	0.00468	0.03630	0.00783	0.01009	0.01343	0.02745	0.71634	0.03248	0.01543	0.00658	0.00209	0.00336	0.07967	0.00467	0.00433
12	0.07754	0.38246	0.21626	0.01100	0.01581	0.14189	0.01135	0.06327	0.01191	0.01529	0.00811	0.00931	0.00662	0.00479	0.00401	0.00133	0.00651	0.00322	0.00252	0.00679
13	0.01601	0.06009	0.28593	0.01263	0.01796	0.01475	0.01290	0.46996	0.01881	0.02571	0.01097	0.01159	0.00784	0.00562	0.00495	0.00155	0.00631	0.00424	0.00395	0.00822
14	0.04331	0.33461	0.10300	0.01077	0.01494	0.17329	0.01002	0.18633	0.01438	0.01762	0.01052	0.01132	0.03886	0.00538	0.00425	0.00134	0.00633	0.00372	0.00308	0.00692
15	0.01258	0.25154	0.43561	0.01219	0.01826	0.01439	0.01419	0.09639	0.01222	0.03605	0.00922	0.01040	0.00697	0.00486	0.00441	0.00142	0.00652	0.00358	0.00264	0.04655
16	0.01363	0.17153	0.37611	0.01248	0.01810	0.03968	0.01370	0.19883	0.07413	0.01963	0.01044	0.01130	0.00777	0.00527	0.00466	0.00150	0.00650	0.00394	0.00314	0.00766

[dist]
# distance from previous block
# <min> <max>
24	64

[block]
# block no. 2 follows, 48 sequences, length 29
# corresponding to MSA columns:
# 234-262
name=unknown_C
#
# <colnr> <probs for GDERKNQSTAVLIFYWHMCP>
#	G	D	E	R	K	N	Q	S	T	A	V	L	I	F	Y	W	H	M	C	P
0	0.01520	0.05007	0.01367	0.00976	0.01386	0.01182	0.00805	0.35436	0.01687	0.05441	0.03069	0.01228	0.00928	0.00532	0.00489	0.00123	0.02989	0.00403	0.00412	0.35021
1	0.07285	0.06966	0.25283	0.01521	0.12716	0.01240	0.08303	0.07599	0.12383	0.05107	0.04282	0.02864	0.01073	0.00564	0.00495	0.00160	0.00599	0.00480	0.00337	0.00743
2	0.05452	0.07332	0.05806	0.01882	0.30692	0.11273	0.01192	0.11265	0.15327	0.03102	0.01166	0.01284	0.00914	0.00534	0.00482	0.00152	0.00597	0.00439	0.00341	0.00767
3	0.00659	0.00487	0.00616	0.00658	0.00744	0.00444	0.00465	0.00810	0.01184	0.01594	0.30698	0.40863	0.16181	0.01354	0.00629	0.00186	0.00271	0.01205	0.00508	0.00444
4	0.01197	0.01113	0.01834	0.33428	0.44225	0.01212	0.01477	0.06417	0.01194	0.01635	0.00962	0.01306	0.00766	0.00489	0.00510	0.00160	0.00636	0.00457	0.00261	0.00722
5	0.03232	0.12415	0.31207	0.01569	0.14015	0.11294	0.03416	0.04871	0.03751	0.01608	0.01030	0.05343	0.00865	0.00562	0.00508	0.00154	0.02733	0.00444	0.00269	0.00710
6	0.00994	0.00946	0.01624	0.73662	0.07468	0.01150	0.04297	0.01338	0.01041	0.01343	0.00920	0.01363	0.00694	0.00507	0.00516	0.00170	0.00687	0.00462	0.00231	0.00587
7	0.00625	0.00447	0.00595	0.00714	0.00744	0.00417	0.00476	0.00714	0.00982	0.01310	0.02828	0.81633	0.03394	0.01608	0.00655	0.00208	0.00298	0.01459	0.00476	0.00417
8	0.01169	0.01183	0.06597	0.01817	0.30435	0.03737	0.01120	0.01857	0.28342	0.01764	0.01670	0.15076	0.01501	0.00741	0.00535	0.00170	0.00505	0.00661	0.00385	0.00735
9	0.03874	0.49255	0.02151	0.01028	0.01401	0.29013	0.00904	0.01750	0.01197	0.04211	0.00791	0.00894	0.00680	0.00479	0.00382	0.00121	0.00671	0.00303	0.00254	0.00642
10	0.01030	0.00745	0.00948	0.00869	0.03671	0.00623	0.00654	0.01226	0.01113	0.08559	0.03697	0.21510	0.01899	0.00886	0.00521	0.00146	0.00384	0.12622	0.00407	0.38488
11	0.01531	0.38333	0.15232	0.01127	0.01567	0.24479	0.01088	0.06766	0.01270	0.03155	0.00835	0.00945	0.00686	0.00489	0.00411	0.00129	0.00692	0.00326	0.00261	0.00676
12	0.00677	0.00520	0.00620	0.00599	0.00738	0.00463	0.00448	0.00872	0.01330	0.01778	0.48162	0.06535	0.33077	0.01161	0.00607	0.00167	0.00251	0.01003	0.00528	0.00463
13	0.01372	0.82276	0.02689	0.00878	0.01317	0.02030	0.00878	0.01536	0.01043	0.01207	0.00713	0.00823	0.00658	0.00439	0.00329	0.00110	0.00549	0.00274	0.00219	0.00658
14	0.00736	0.00537	0.00759	0.00759	0.00827	0.00606	0.00559	0.00874	0.00805	0.01142	0.01435	0.02350	0.01428	0.23310	0.60671	0.00743	0.01156	0.00599	0.00284	0.00421
15	0.02290	0.00892	0.01203	0.00922	0.01319	0.00783	0.00762	0.05027	0.01501	0.76551	0.01997	0.01729	0.01257	0.00634	0.00516	0.00159	0.00441	0.00514	0.00631	0.00873
16	0.00969	0.00912	0.01539	0.80734	0.03534	0.01140	0.01425	0.01311	0.01026	0.01311	0.00912	0.01368	0.00684	0.00513	0.00513	0.00171	0.00684	0.00456	0.00228	0.00570
17	0.85592	0.00992	0.00754	0.00675	0.00992	0.01151	0.00556	0.01508	0.00873	0.02302	0.00714	0.00834	0.00556	0.00476	0.00318	0.00159	0.00397	0.00278	0.00318	0.00556
18	0.01037	0.02606	0.76713	0.01519	0.04794	0.01193	0.01885	0.01623	0.01086	0.01627	0.00922	0.01090	0.00655	0.00486	0.00488	0.00162	0.00753	0.00382	0.00218	0.00760
19	0.73693	0.00953	0.00785	0.00698	0.01008	0.01077	0.00569	0.01555	0.00932	0.09092	0.00943	0.05175	0.00769	0.00550	0.00353	0.00161	0.00395	0.00361	0.00354	0.00577
20	0.06243	0.07502	0.01434	0.27412	0.02035	0.00992	0.07723	0.01400	0.01141	0.09616	0.08198	0.05984	0.01571	0.00733	0.00531	0.00170	0.00542	0.11369	0.00359	0.05047
21	0.00622	0.00460	0.00582	0.00679	0.00735	0.00420	0.00461	0.00718	0.01016	0.01324	0.03254	0.67857	0.16895	0.01552	0.00646	0.00202	0.00291	0.01391	0.00476	0.00420
22	0.17985	0.00829	0.06791	0.00810	0.01016	0.00749	0.00677	0.01258	0.05682	0.06773	0.06637	0.20966	0.04018	0.07235	0.08885	0.00273	0.00507	0.07967	0.00410	0.00532
23	0.01619	0.06194	0.01442	0.01102	0.01461	0.01479	0.00898	0.39761	0.35526	0.02632	0.01577	0.01507	0.01165	0.00641	0.00506	0.00160	0.00494	0.00503	0.00499	0.00833
24	0.01387	0.62559	0.13125	0.00991	0.01471	0.01867	0.01029	0.09716	0.01196	0.01484	0.00798	0.00903	0.00680	0.00465	0.00371	0.00122	0.00579	0.00309	0.00251	0.00695
25	0.01899	0.08637	0.01642	0.01154	0.01567	0.01630	0.00967	0.70329	0.02290	0.03053	0.01186	0.01195	0.00854	0.00600	0.00497	0.00150	0.00563	0.00445	0.00487	0.00854
26	0.01841	0.05384	0.08521	0.01191	0.01634	0.01576	0.01053	0.66751	0.02229	0.02994	0.01180	0.01199	0.00843	0.00596	0.00502	0.00153	0.00581	0.00446	0.00473	0.00852
27	0.01798	0.11386	0.08607	0.01169	0.01614	0.01609	0.01045	0.61144	0.02127	0.02844	0.01141	0.01169	0.00827	0.00583	0.00489	0.00149	0.00580	0.00432	0.00451	0.00836
28	0.03421	0.62468	0.17068	0.00994	0.01489	0.01835	0.01065	0.04125	0.01093	0.01382	0.00770	0.00886	0.00662	0.00455	0.00365	0.00122	0.00585	0.00301	0.00231	0.00682

[dist]
# distance from previous block
# <min> <max>
5	12

[block]
# block no. 3 follows, 48 sequences, length 9
# corresponding to MSA columns:
# 275-283
name=unknown_D
#
# <colnr> <probs for GDERKNQSTAVLIFYWHMCP>
#	G	D	E	R	K	N	Q	S	T	A	V	L	I	F	Y	W	H	M	C	P
0	0.23562	0.18403	0.42862	0.01134	0.01711	0.01351	0.01333	0.01576	0.01019	0.01720	0.00824	0.00964	0.00627	0.00475	0.00410	0.00151	0.00620	0.00331	0.00244	0.00684
1	0.01093	0.11604	0.12010	0.00938	0.01381	0.00926	0.04096	0.01357	0.01079	0.03959	0.01177	0.09048	0.01081	0.00568	0.00440	0.00117	0.00471	0.03093	0.00312	0.45247
2	0.01056	0.16452	0.46153	0.01181	0.01746	0.01237	0.01386	0.01591	0.08365	0.01602	0.05925	0.01640	0.08343	0.00608	0.00481	0.00155	0.00610	0.00478	0.00291	0.00699
3	0.00834	0.00523	0.00698	0.00727	0.00828	0.00483	0.00529	0.00993	0.01195	0.09111	0.27260	0.43581	0.03627	0.01319	0.00629	0.00190	0.00305	0.06161	0.00520	0.00487
4	0.01274	0.01139	0.01498	0.01256	0.04447	0.08680	0.16705	0.19993	0.01350	0.01760	0.01266	0.01940	0.01164	0.24336	0.10610	0.00335	0.00742	0.00571	0.00339	0.00595
5	0.00669	0.00540	0.00607	0.00640	0.00798	0.00478	0.00513	0.00829	0.01173	0.01428	0.04496	0.05178	0.57181	0.01333	0.00635	0.00191	0.00320	0.22072	0.00475	0.00444
6	0.01255	0.55237	0.28709	0.01076	0.01624	0.01745	0.01224	0.01566	0.01056	0.01349	0.00784	0.00911	0.00656	0.00455	0.00383	0.00128	0.00620	0.00310	0.00219	0.00692
7	0.01319	0.01450	0.01543	0.01341	0.01406	0.20952	0.01090	0.01436	0.00951	0.01240	0.00703	0.01074	0.00670	0.00807	0.01382	0.00202	0.61210	0.00420	0.00234	0.00570
8	0.05291	0.00549	0.00674	0.00635	0.00772	0.00515	0.00479	0.00975	0.01394	0.02007	0.67370	0.03776	0.11583	0.01042	0.00590	0.00162	0.00252	0.00908	0.00543	0.00483

[dist]
# distance from previous block
# <min> <max>
0	3

[block]
# block no. 4 follows, 48 sequences, length 79
# corresponding to MSA columns:
# 287-330,332-366
name=unknown_E
#
# <colnr> <probs for GDERKNQSTAVLIFYWHMCP>
#	G	D	E	R	K	N	Q	S	T	A	V	L	I	F	Y	W	H	M	C	P
0	0.00891	0.00446	0.00668	0.00668	0.00668	0.00446	0.00446	0.00668	0.00668	0.00891	0.00891	0.01560	0.00891	0.01783	0.02005	0.85071	0.00446	0.00446	0.00223	0.00223
1	0.82877	0.01046	0.03277	0.00700	0.01032	0.01152	0.00599	0.01512	0.00880	0.02280	0.00721	0.00842	0.00559	0.00477	0.00323	0.00159	0.00409	0.00281	0.00314	0.00562
2	0.01059	0.02612	0.77479	0.01450	0.02199	0.01181	0.01869	0.01645	0.01092	0.03440	0.00947	0.01099	0.00665	0.00491	0.00488	0.00162	0.00751	0.00382	0.00226	0.00761
3	0.00624	0.00452	0.00590	0.00701	0.00741	0.00418	0.00470	0.00716	0.00996	0.01315	0.02996	0.76196	0.08721	0.01586	0.00651	0.00206	0.00295	0.01432	0.00476	0.00418
4	0.01418	0.71017	0.02548	0.01038	0.05834	0.06776	0.00923	0.01589	0.01084	0.02780	0.00759	0.00874	0.00680	0.00449	0.00352	0.00115	0.00573	0.00293	0.00232	0.00668
5	0.05726	0.01658	0.01391	0.01174	0.01493	0.39420	0.06498	0.02042	0.01392	0.25817	0.01479	0.01544	0.05157	0.00615	0.00497	0.00149	0.00696	0.02177	0.00399	0.00676
6	0.01323	0.71031	0.13510	0.00961	0.01445	0.01912	0.01022	0.01549	0.01048	0.01266	0.00743	0.00860	0.00657	0.00446	0.00352	0.00117	0.00578	0.00289	0.00219	0.00673
7	0.02217	0.00874	0.01177	0.00908	0.01293	0.00766	0.00748	0.04641	0.01496	0.73235	0.05608	0.01830	0.01427	0.00654	0.00520	0.00159	0.00431	0.00534	0.00628	0.00855
8	0.02795	0.07480	0.70871	0.01391	0.02113	0.01229	0.01771	0.01608	0.01076	0.01614	0.00904	0.01062	0.00652	0.00481	0.00471	0.00157	0.00728	0.00369	0.00221	0.03008
9	0.01211	0.01028	0.01334	0.27609	0.02031	0.01239	0.01038	0.12527	0.22594	0.01848	0.01327	0.01553	0.01031	0.02505	0.00721	0.00181	0.12143	0.00499	0.06916	0.00667
10	0.01196	0.01032	0.01083	0.00981	0.01257	0.01175	0.00761	0.02488	0.68642	0.02055	0.02461	0.02277	0.10803	0.00769	0.00532	0.00174	0.00389	0.00640	0.00517	0.00767
11	0.01133	0.22865	0.52862	0.01376	0.02032	0.01415	0.08409	0.01604	0.01084	0.01520	0.00878	0.01044	0.00664	0.00470	0.00458	0.00150	0.00714	0.00373	0.00221	0.00727
12	0.01053	0.12050	0.58931	0.01330	0.01950	0.01269	0.01621	0.01535	0.01053	0.01534	0.02598	0.01168	0.00781	0.00715	0.05161	0.00198	0.05723	0.00393	0.00228	0.00711
13	0.01940	0.01415	0.01521	0.01171	0.01578	0.01563	0.00966	0.73306	0.04451	0.04954	0.01274	0.01262	0.00901	0.00619	0.00514	0.00155	0.00557	0.00466	0.00516	0.00871
14	0.01319	0.01123	0.01184	0.01053	0.01351	0.01296	0.00823	0.07442	0.73054	0.02215	0.02034	0.01871	0.01522	0.00691	0.00522	0.00173	0.00416	0.00573	0.00522	0.00816
15	0.01178	0.01212	0.01581	0.46105	0.12812	0.13092	0.01312	0.01484	0.03007	0.01372	0.00905	0.01268	0.00720	0.00551	0.00628	0.00166	0.09348	0.00436	0.00246	0.02577
16	0.00969	0.00912	0.01539	0.80734	0.03534	0.01140	0.01425	0.01311	0.01026	0.01311	0.00912	0.01368	0.00684	0.00513	0.00513	0.00171	0.00684	0.00456	0.00228	0.00570
17	0.00625	0.00447	0.00595	0.00714	0.00744	0.00417	0.00476	0.00714	0.00982	0.01310	0.02828	0.81633	0.03394	0.01608	0.00655	0.00208	0.00298	0.01459	0.00476	0.00417
18	0.02302	0.00873	0.01191	0.00913	0.01310	0.00754	0.00754	0.02501	0.01469	0.79122	0.02024	0.01746	0.01270	0.00635	0.00516	0.00159	0.00437	0.00516	0.00635	0.00873
19	0.00696	0.00509	0.00654	0.00648	0.00756	0.00467	0.00474	0.00898	0.01336	0.01853	0.57305	0.19222	0.10909	0.01180	0.00615	0.00172	0.00255	0.01046	0.00540	0.00467
20	0.00956	0.00478	0.00478	0.00478	0.00598	0.00478	0.00359	0.01196	0.01076	0.01913	0.01674	0.01913	0.01315	0.00598	0.00359	0.00120	0.00239	0.00478	0.84816	0.00478
21	0.01730	0.02135	0.01482	0.01328	0.01530	0.61494	0.01022	0.01858	0.01297	0.01251	0.00765	0.00972	0.00664	0.00616	0.00750	0.00154	0.19754	0.00358	0.00255	0.00587
22	0.00820	0.00588	0.00817	0.00932	0.01052	0.00586	0.00813	0.01053	0.01181	0.01531	0.02793	0.05762	0.05289	0.01414	0.00706	0.00234	0.00466	0.73020	0.00473	0.00471
23	0.01372	0.82276	0.02689	0.00878	0.01317	0.02030	0.00878	0.01536	0.01043	0.01207	0.00713	0.00823	0.00658	0.00439	0.00329	0.00110	0.00549	0.00274	0.00219	0.00658
24	0.00891	0.00446	0.00668	0.00668	0.00668	0.00446	0.00446	0.00668	0.00668	0.00891	0.00891	0.01560	0.00891	0.01783	0.02005	0.85071	0.00446	0.00446	0.00223	0.00223
25	0.01372	0.82276	0.02689	0.00878	0.01317	0.02030	0.00878	0.01536	0.01043	0.01207	0.00713	0.00823	0.00658	0.00439	0.00329	0.00110	0.00549	0.00274	0.00219	0.00658
26	0.00969	0.00912	0.01539	0.80734	0.03534	0.01140	0.01425	0.01311	0.01026	0.01311	0.00912	0.01368	0.00684	0.00513	0.00513	0.00171	0.00684	0.00456	0.00228	0.00570
27	0.00623	0.00520	0.00543	0.00537	0.00703	0.00440	0.00403	0.00769	0.01209	0.01480	0.15431	0.04784	0.68267	0.01265	0.00606	0.00172	0.00257	0.01061	0.00489	0.00440
28	0.00969	0.00912	0.01539	0.80734	0.03534	0.01140	0.01425	0.01311	0.01026	0.01311	0.00912	0.01368	0.00684	0.00513	0.00513	0.00171	0.00684	0.00456	0.00228	0.00570
29	0.02302	0.00873	0.01191	0.00913	0.01310	0.00754	0.00754	0.02501	0.01469	0.79122	0.02024	0.01746	0.01270	0.00635	0.00516	0.00159	0.00437	0.00516	0.00635	0.00873
30	0.00848	0.01135	0.19937	0.01045	0.03956	0.00744	0.07273	0.01184	0.01308	0.01844	0.43937	0.02974	0.10004	0.00864	0.00574	0.00163	0.00434	0.00766	0.00436	0.00575
31	0.01372	0.82276	0.02689	0.00878	0.01317	0.02030	0.00878	0.01536	0.01043	0.01207	0.00713	0.00823	0.00658	0.00439	0.00329	0.00110	0.00549	0.00274	0.00219	0.00658
32	0.00640	0.00476	0.00597	0.00663	0.00738	0.00433	0.00461	0.00766	0.01108	0.01465	0.17487	0.51751	0.18655	0.01441	0.00636	0.00193	0.00280	0.01284	0.00493	0.00433
33	0.00817	0.00584	0.00816	0.00934	0.01048	0.00582	0.00810	0.01046	0.01172	0.01525	0.02722	0.09456	0.02974	0.01427	0.00706	0.00235	0.00464	0.71741	0.00473	0.00470
34	0.00729	0.00528	0.00690	0.00660	0.00783	0.00489	0.00503	0.00968	0.01428	0.02006	0.71724	0.03985	0.06820	0.01079	0.00612	0.00166	0.00257	0.05534	0.00557	0.00482
35	0.00681	0.00486	0.00659	0.00778	0.00832	0.00465	0.00573	0.00811	0.01037	0.01372	0.02797	0.60685	0.03272	0.01555	0.00670	0.00216	0.00346	0.21857	0.00475	0.00432
36	0.00660	0.00461	0.00585	0.00670	0.00691	0.00440	0.00428	0.00724	0.00914	0.01219	0.02477	0.58936	0.02951	0.24908	0.01222	0.00292	0.00356	0.01252	0.00428	0.00386
37	0.01921	0.01527	0.01515	0.01188	0.01576	0.10002	0.00970	0.67341	0.02275	0.02977	0.01188	0.01216	0.00859	0.00676	0.02218	0.00166	0.00621	0.00450	0.00481	0.00834
38	0.01951	0.01437	0.01540	0.01181	0.01591	0.01591	0.00975	0.77056	0.02412	0.03234	0.01232	0.01232	0.00873	0.00616	0.00513	0.00154	0.00565	0.00462	0.00513	0.00873
39	0.00746	0.00497	0.00560	0.00560	0.00560	0.00497	0.00311	0.00746	0.00746	0.00995	0.01617	0.03358	0.01865	0.81967	0.02612	0.00497	0.00497	0.00746	0.00311	0.00311
40	0.00625	0.00447	0.00595	0.00714	0.00744	0.00417	0.00476	0.00714	0.00982	0.01310	0.02828	0.81633	0.03394	0.01608	0.00655	0.00208	0.00298	0.01459	0.00476	0.00417
41	0.01150	0.00965	0.01110	0.00806	0.01253	0.00782	0.00647	0.08172	0.03283	0.01826	0.00973	0.01102	0.00792	0.00410	0.00396	0.00086	0.00397	0.00326	0.00329	0.75196
42	0.01023	0.00881	0.01087	0.09982	0.01452	0.00719	0.00693	0.01255	0.01054	0.01606	0.01041	0.06538	0.00929	0.00478	0.00414	0.00096	0.00410	0.00399	0.00307	0.69636
43	0.85592	0.00992	0.00754	0.00675	0.00992	0.01151	0.00556	0.01508	0.00873	0.02302	0.00714	0.00834	0.00556	0.00476	0.00318	0.00159	0.00397	0.00278	0.00318	0.00556
44	0.55424	0.01107	0.00987	0.00824	0.01161	0.01257	0.00678	0.25137	0.01365	0.02575	0.00922	0.01009	0.00691	0.00526	0.00381	0.00155	0.00442	0.00345	0.04364	0.00651
45	0.01896	0.01272	0.01407	0.01106	0.01493	0.01378	0.00905	0.49785	0.15725	0.17267	0.01534	0.01450	0.01071	0.00634	0.00515	0.00158	0.00512	0.00493	0.00538	0.00862
46	0.00634	0.00519	0.00559	0.00554	0.00711	0.00444	0.00413	0.00787	0.01227	0.01533	0.21421	0.06974	0.59936	0.01253	0.00608	0.00172	0.00257	0.01060	0.00496	0.00444
47	0.00809	0.00702	0.02763	0.01374	0.21151	0.00649	0.00806	0.00970	0.01039	0.01420	0.02295	0.56502	0.02645	0.01276	0.00614	0.00194	0.00395	0.03455	0.00412	0.00530
48	0.01916	0.01423	0.01545	0.01230	0.03652	0.01574	0.00987	0.73220	0.04219	0.03166	0.01246	0.01250	0.00888	0.00614	0.00513	0.00154	0.00562	0.00465	0.00507	0.00870
49	0.00712	0.00524	0.00667	0.00631	0.00758	0.00478	0.00473	0.00942	0.01420	0.01980	0.70065	0.03960	0.13321	0.01078	0.00605	0.00163	0.00244	0.00946	0.00555	0.00478
50	0.01272	0.01179	0.01769	0.02434	0.52459	0.01239	0.01316	0.01966	0.27217	0.01836	0.01347	0.01489	0.01069	0.00538	0.00513	0.00160	0.00540	0.00499	0.00345	0.00813
51	0.00606	0.00520	0.00520	0.00520	0.00693	0.00433	0.00390	0.00736	0.01170	0.01386	0.05198	0.04938	0.78558	0.01299	0.00606	0.00173	0.00260	0.01083	0.00476	0.00433
52	0.00733	0.00550	0.00825	0.00825	0.00916	0.00641	0.00641	0.00916	0.00825	0.01191	0.01374	0.02016	0.01283	0.03848	0.79934	0.00825	0.01374	0.00550	0.00275	0.00458
53	0.01064	0.00912	0.01064	0.00760	0.01216	0.00684	0.00608	0.01292	0.01064	0.01672	0.00912	0.01064	0.00760	0.00380	0.00380	0.00076	0.00380	0.00304	0.00304	0.85104
54	0.01951	0.01437	0.01540	0.01181	0.01591	0.01591	0.00975	0.77056	0.02412	0.03234	0.01232	0.01232	0.00873	0.00616	0.00513	0.00154	0.00565	0.00462	0.00513	0.00873
55	0.01042	0.02564	0.73880	0.01512	0.02254	0.01199	0.07234	0.01626	0.01092	0.01626	0.00929	0.01105	0.00659	0.00484	0.00496	0.00163	0.00766	0.00395	0.00220	0.00754
56	0.00742	0.00513	0.00637	0.00637	0.00664	0.00539	0.00407	0.00796	0.00769	0.01052	0.01546	0.02967	0.01696	0.59207	0.25140	0.00593	0.00753	0.00689	0.00300	0.00354
57	0.85592	0.00992	0.00754	0.00675	0.00992	0.01151	0.00556	0.01508	0.00873	0.02302	0.00714	0.00834	0.00556	0.00476	0.00318	0.00159	0.00397	0.00278	0.00318	0.00556
58	0.01270	0.01219	0.02083	0.03149	0.78767	0.01219	0.01575	0.01575	0.01168	0.01676	0.00965	0.01270	0.00813	0.00457	0.00508	0.00152	0.00610	0.00457	0.00254	0.00813
59	0.01509	0.01780	0.38138	0.03748	0.04113	0.01047	0.10215	0.01928	0.01236	0.29220	0.01328	0.01368	0.00891	0.00534	0.00513	0.00162	0.00650	0.00459	0.00372	0.00787
60	0.00973	0.00917	0.01540	0.78884	0.03483	0.01150	0.01418	0.01309	0.01020	0.01309	0.00906	0.01362	0.00684	0.00522	0.00540	0.00172	0.02557	0.00456	0.00228	0.00570
61	0.00781	0.00560	0.00772	0.00887	0.00990	0.00552	0.00745	0.00985	0.01141	0.01487	0.02808	0.20818	0.05138	0.01452	0.00695	0.00229	0.00432	0.58594	0.00473	0.00460
62	0.01763	0.01043	0.01711	0.07556	0.19445	0.00991	0.13070	0.02071	0.03592	0.41023	0.01544	0.01557	0.01053	0.00555	0.00528	0.00161	0.00562	0.00514	0.00455	0.00806
63	0.01029	0.02654	0.79309	0.01462	0.02221	0.01192	0.01896	0.01625	0.01083	0.01625	0.00921	0.01083	0.00650	0.00487	0.00487	0.00162	0.00758	0.00379	0.00217	0.00758
64	0.01029	0.02654	0.79309	0.01462	0.02221	0.01192	0.01896	0.01625	0.01083	0.01625	0.00921	0.01083	0.00650	0.00487	0.00487	0.00162	0.00758	0.00379	0.00217	0.00758
65	0.01129	0.25966	0.56875	0.01291	0.01956	0.01437	0.01598	0.01599	0.01071	0.01503	0.00860	0.01007	0.00652	0.00473	0.00441	0.00147	0.00697	0.00348	0.00217	0.00729
66	0.01023	0.00891	0.10569	0.01029	0.07971	0.00668	0.00809	0.01270	0.01257	0.13127	0.25334	0.16723	0.10059	0.01012	0.00585	0.00175	0.00395	0.06042	0.00474	0.00587
67	0.01078	0.01065	0.01641	0.28649	0.04232	0.01402	0.04703	0.01289	0.00898	0.01291	0.00780	0.01223	0.00686	0.00733	0.01202	0.00202	0.47664	0.00459	0.00228	0.00577
68	0.85592	0.00992	0.00754	0.00675	0.00992	0.01151	0.00556	0.01508	0.00873	0.02302	0.00714	0.00834	0.00556	0.00476	0.00318	0.00159	0.00397	0.00278	0.00318	0.00556
69	0.01064	0.00912	0.01064	0.00760	0.01216	0.00684	0.00608	0.01292	0.01064	0.01672	0.00912	0.01064	0.00760	0.00380	0.00380	0.00076	0.00380	0.00304	0.00304	0.85104
70	0.01218	0.01229	0.05528	0.01822	0.18453	0.01108	0.26932	0.01716	0.11958	0.04796	0.01343	0.01516	0.03935	0.00510	0.00524	0.00150	0.00613	0.00521	0.00325	0.15803
71	0.01029	0.02654	0.79309	0.01462	0.02221	0.01192	0.01896	0.01625	0.01083	0.01625	0.00921	0.01083	0.00650	0.00487	0.00487	0.00162	0.00758	0.00379	0.00217	0.00758
72	0.00625	0.00447	0.00595	0.00714	0.00744	0.00417	0.00476	0.00714	0.00982	0.01310	0.02828	0.81633	0.03394	0.01608	0.00655	0.00208	0.00298	0.01459	0.00476	0.00417
73	0.00933	0.00748	0.00861	0.00794	0.00983	0.00788	0.00607	0.01638	0.30994	0.02060	0.45438	0.03143	0.07089	0.00924	0.00573	0.00167	0.00306	0.00801	0.00544	0.00609
74	0.15290	0.01712	0.23983	0.01353	0.10005	0.13277	0.01189	0.05613	0.03004	0.14753	0.02571	0.01334	0.00920	0.00556	0.00472	0.00157	0.00621	0.02120	0.00349	0.00720
75	0.01129	0.00928	0.01410	0.36484	0.06192	0.03106	0.05885	0.05249	0.02542	0.08492	0.01480	0.19388	0.01382	0.00783	0.00587	0.00177	0.03144	0.00695	0.00345	0.00603
76	0.07645	0.07737	0.01610	0.06547	0.15462	0.16562	0.05869	0.05443	0.17590	0.01769	0.04426	0.01384	0.01073	0.00553	0.00479	0.00150	0.00601	0.00454	0.00341	0.04304
77	0.06136	0.04304	0.16970	0.09737	0.10386	0.00987	0.02254	0.07126	0.01225	0.04669	0.07244	0.06335	0.13951	0.00726	0.00512	0.00158	0.00512	0.00609	0.00354	0.05803
78	0.02760	0.21336	0.40377	0.03246	0.12883	0.01362	0.02706	0.01561	0.01084	0.01539	0.00912	0.01150	0.00729	0.00485	0.00451	0.00146	0.00657	0.01910	0.00235	0.04471

[dist]
# distance from previous block
# <min> <max>
8	40

[block]
# block no. 5 follows, 48 sequences, length 61
# corresponding to MSA columns:
# 412-472
name=unknown_F
#
# <colnr> <probs for GDERKNQSTAVLIFYWHMCP>
#	G	D	E	R	K	N	Q	S	T	A	V	L	I	F	Y	W	H	M	C	P
0	0.01265	0.43827	0.33374	0.01140	0.01696	0.04717	0.01292	0.03095	0.02756	0.01437	0.00840	0.00963	0.00679	0.00471	0.00406	0.00134	0.00645	0.00329	0.00232	0.00704
1	0.00914	0.00708	0.02582	0.01051	0.06317	0.00726	0.04294	0.01158	0.02625	0.06591	0.07419	0.02163	0.02974	0.02799	0.53138	0.00602	0.01078	0.01994	0.00331	0.00536
2	0.01152	0.01211	0.02063	0.01622	0.01798	0.01479	0.26706	0.01373	0.00929	0.01373	0.00797	0.01211	0.00709	0.00741	0.01320	0.00207	0.53965	0.00502	0.00236	0.00605
3	0.00913	0.00746	0.01122	0.01483	0.21981	0.00735	0.00965	0.01149	0.01167	0.01547	0.02520	0.08005	0.10643	0.01154	0.00641	0.00205	0.00478	0.43575	0.00414	0.00557
4	0.01029	0.02654	0.79309	0.01462	0.02221	0.01192	0.01896	0.01625	0.01083	0.01625	0.00921	0.01083	0.00650	0.00487	0.00487	0.00162	0.00758	0.00379	0.00217	0.00758
5	0.01178	0.01121	0.01888	0.26910	0.53301	0.01197	0.01505	0.01529	0.03464	0.01578	0.00983	0.01320	0.00796	0.00482	0.00510	0.00159	0.00626	0.00461	0.00254	0.00738
6	0.00625	0.00447	0.00595	0.00714	0.00744	0.00417	0.00476	0.00714	0.00982	0.01310	0.02828	0.81633	0.03394	0.01608	0.00655	0.00208	0.00298	0.01459	0.00476	0.00417
7	0.00969	0.00912	0.01539	0.80734	0.03534	0.01140	0.01425	0.01311	0.01026	0.01311	0.00912	0.01368	0.00684	0.00513	0.00513	0.00171	0.00684	0.00456	0.00228	0.00570
8	0.01145	0.01822	0.30186	0.01919	0.05352	0.01267	0.44389	0.01619	0.01148	0.01623	0.00980	0.01262	0.00730	0.00471	0.00600	0.00170	0.03846	0.00513	0.00243	0.00715
9	0.00733	0.00550	0.00825	0.00825	0.00916	0.00641	0.00641	0.00916	0.00825	0.01191	0.01374	0.02016	0.01283	0.03848	0.79934	0.00825	0.01374	0.00550	0.00275	0.00458
10	0.01211	0.01384	0.03028	0.02163	0.02682	0.01298	0.76903	0.01644	0.01211	0.01644	0.01038	0.01384	0.00779	0.00433	0.00606	0.00173	0.00865	0.00606	0.00260	0.00692
11	0.00625	0.00447	0.00595	0.00714	0.00744	0.00417	0.00476	0.00714	0.00982	0.01310	0.02828	0.81633	0.03394	0.01608	0.00655	0.00208	0.00298	0.01459	0.00476	0.00417
12	0.01921	0.02319	0.01465	0.01304	0.01587	0.70063	0.00989	0.11478	0.01575	0.01504	0.00848	0.00964	0.00688	0.00540	0.00469	0.00135	0.00880	0.00347	0.00296	0.00630
13	0.00969	0.00912	0.01539	0.80734	0.03534	0.01140	0.01425	0.01311	0.01026	0.01311	0.00912	0.01368	0.00684	0.00513	0.00513	0.00171	0.00684	0.00456	0.00228	0.00570
14	0.00625	0.00447	0.00595	0.00714	0.00744	0.00417	0.00476	0.00714	0.00982	0.01310	0.02828	0.81633	0.03394	0.01608	0.00655	0.00208	0.00298	0.01459	0.00476	0.00417
15	0.01080	0.01025	0.01739	0.52153	0.31249	0.01169	0.01480	0.01408	0.01078	0.01446	0.00932	0.01332	0.00731	0.00492	0.00511	0.00164	0.00657	0.00456	0.00238	0.00659
16	0.00733	0.00550	0.00825	0.00825	0.00916	0.00641	0.00641	0.00916	0.00825	0.01191	0.01374	0.02016	0.01283	0.03848	0.79934	0.00825	0.01374	0.00550	0.00275	0.00458
17	0.00733	0.00550	0.00825	0.00825	0.00916	0.00641	0.00641	0.00916	0.00825	0.01191	0.01374	0.02016	0.01283	0.03848	0.79934	0.00825	0.01374	0.00550	0.00275	0.00458
18	0.00733	0.00550	0.00825	0.00825	0.00916	0.00641	0.00641	0.00916	0.00825	0.01191	0.01374	0.02016	0.01283	0.03848	0.79934	0.00825	0.01374	0.00550	0.00275	0.00458
19	0.02302	0.00873	0.01191	0.00913	0.01310	0.00754	0.00754	0.02501	0.01469	0.79122	0.02024	0.01746	0.01270	0.00635	0.00516	0.00159	0.00437	0.00516	0.00635	0.00873
20	0.00716	0.00524	0.00671	0.00634	0.00760	0.00480	0.00476	0.00948	0.01428	0.01999	0.72051	0.03930	0.11323	0.01071	0.00605	0.00162	0.00244	0.00942	0.00557	0.00480
21	0.01048	0.00597	0.00792	0.00709	0.00885	0.00542	0.00549	0.01281	0.01448	0.17646	0.60737	0.03469	0.04062	0.00976	0.00590	0.00163	0.00288	0.03077	0.00576	0.00563
22	0.01007	0.02496	0.73479	0.01402	0.02113	0.01139	0.01791	0.01576	0.01111	0.01657	0.06673	0.01287	0.00961	0.00529	0.00496	0.00162	0.00720	0.00420	0.00242	0.00738
23	0.00913	0.00480	0.00495	0.00499	0.00598	0.00478	0.00357	0.01112	0.01025	0.01758	0.01712	0.05337	0.01477	0.12189	0.00690	0.00177	0.00278	0.00556	0.69415	0.00452
24	0.01409	0.76856	0.02605	0.00908	0.01335	0.07317	0.00886	0.01571	0.01071	0.01210	0.00719	0.00830	0.00659	0.00445	0.00338	0.00111	0.00574	0.00278	0.00223	0.00654
25	0.07046	0.01420	0.01446	0.01141	0.01526	0.05174	0.00932	0.60837	0.10450	0.02966	0.01272	0.01267	0.00918	0.00612	0.00500	0.00155	0.00554	0.00457	0.00491	0.00834
26	0.00928	0.00584	0.00724	0.00653	0.00837	0.00514	0.00501	0.01134	0.01368	0.12890	0.45667	0.03757	0.24116	0.01039	0.00587	0.00162	0.00278	0.00894	0.00544	0.02823
27	0.10765	0.09837	0.17648	0.01033	0.01506	0.01077	0.02493	0.06202	0.01314	0.38252	0.01416	0.01355	0.00951	0.00553	0.00466	0.00152	0.00525	0.00428	0.00445	0.03581
28	0.01328	0.01105	0.01173	0.01044	0.01341	0.01270	0.00815	0.04951	0.73224	0.04549	0.02061	0.01889	0.01536	0.00692	0.00522	0.00173	0.00412	0.00575	0.00525	0.00816
29	0.02302	0.00873	0.01191	0.00913	0.01310	0.00754	0.00754	0.02501	0.01469	0.79122	0.02024	0.01746	0.01270	0.00635	0.00516	0.00159	0.00437	0.00516	0.00635	0.00873
30	0.01355	0.78481	0.06341	0.00906	0.01360	0.01990	0.00926	0.01541	0.01045	0.01227	0.00723	0.00835	0.00658	0.00441	0.00337	0.00112	0.00559	0.00279	0.00219	0.00663
31	0.01268	0.01225	0.02118	0.03112	0.75892	0.01222	0.04421	0.01577	0.01170	0.01675	0.00968	0.01274	0.00811	0.00456	0.00512	0.00153	0.00619	0.00463	0.00254	0.00808
32	0.00645	0.00514	0.00579	0.00578	0.00721	0.00447	0.00428	0.00806	0.01239	0.01587	0.27695	0.12149	0.48295	0.01252	0.00611	0.00173	0.00258	0.01072	0.00504	0.00447
33	0.00733	0.00550	0.00825	0.00825	0.00916	0.00641	0.00641	0.00916	0.00825	0.01191	0.01374	0.02016	0.01283	0.03848	0.79934	0.00825	0.01374	0.00550	0.00275	0.00458
34	0.01303	0.01243	0.02163	0.09020	0.51846	0.03341	0.16270	0.01626	0.01188	0.05505	0.01024	0.01315	0.00814	0.00468	0.00527	0.00158	0.00666	0.00486	0.00272	0.00767
