[name]
unknown

[dist]
# distance from previous block
# <min> <max>
0	103

[block]
# block no. 0 follows, 44 sequences, length 35
# corresponding to MSA columns:
# 131-165
name=unknown_A
#
# <colnr> <probs for GDERKNQSTAVLIFYWHMCP>
#	G	D	E	R	K	N	Q	S	T	A	V	L	I	F	Y	W	H	M	C	P
0	0.01128	0.00634	0.00838	0.00826	0.00995	0.00562	0.00608	0.01272	0.01182	0.18915	0.02609	0.50796	0.02797	0.01336	0.00637	0.00198	0.00369	0.05237	0.00527	0.08534
1	0.01621	0.00834	0.01134	0.01070	0.07526	0.00775	0.00768	0.01964	0.07443	0.36255	0.31060	0.02684	0.02801	0.00834	0.00585	0.00170	0.00397	0.00718	0.00603	0.00757
2	0.00889	0.00698	0.00676	0.00673	0.00698	0.07052	0.00402	0.00906	0.00871	0.01101	0.01725	0.08177	0.01977	0.69167	0.02454	0.00477	0.00553	0.00803	0.00337	0.00363
3	0.01551	0.22236	0.19309	0.01269	0.01740	0.01651	0.03057	0.22603	0.04652	0.05391	0.01088	0.01205	0.00835	0.00612	0.00645	0.00164	0.10415	0.00429	0.00355	0.00793
4	0.28635	0.11503	0.01474	0.07654	0.01614	0.36117	0.00930	0.01840	0.01238	0.01692	0.00813	0.00982	0.00668	0.00539	0.00457	0.00152	0.02437	0.00340	0.00289	0.00624
5	0.00677	0.00522	0.00619	0.00670	0.00780	0.00465	0.00479	0.00816	0.01201	0.01543	0.14547	0.37075	0.33905	0.01485	0.00669	0.00200	0.00296	0.03070	0.00519	0.00462
6	0.01528	0.52174	0.06419	0.01022	0.01459	0.07718	0.00974	0.10752	0.01372	0.03809	0.07267	0.01246	0.01117	0.00560	0.00424	0.00133	0.00597	0.00392	0.00318	0.00719
7	0.00742	0.00543	0.00675	0.00757	0.00810	0.00533	0.00505	0.00944	0.07310	0.01414	0.02790	0.59727	0.04915	0.14407	0.01019	0.00267	0.00359	0.01340	0.00482	0.00460
8	0.03118	0.03737	0.08765	0.16827	0.09791	0.05394	0.04308	0.25097	0.01633	0.02166	0.01573	0.01928	0.07344	0.00696	0.00555	0.00173	0.00645	0.05123	0.00384	0.00744
9	0.00936	0.00731	0.00976	0.01079	0.07378	0.00782	0.00728	0.05862	0.10323	0.01608	0.02100	0.31574	0.02201	0.05485	0.25133	0.00426	0.00743	0.00946	0.00420	0.00569
10	0.84691	0.01054	0.00801	0.00717	0.01054	0.01223	0.00590	0.01603	0.00928	0.02446	0.00759	0.00886	0.00590	0.00506	0.00337	0.00169	0.00422	0.00295	0.00337	0.00590
11	0.01038	0.00969	0.01593	0.72952	0.03549	0.01171	0.01442	0.01391	0.01093	0.01425	0.00969	0.01426	0.00733	0.00533	0.00533	0.00173	0.00700	0.00471	0.00249	0.07589
12	0.00947	0.00473	0.00710	0.00710	0.00710	0.00473	0.00473	0.00710	0.00710	0.00947	0.00947	0.01657	0.00947	0.01894	0.02131	0.84138	0.00473	0.00473	0.00237	0.00237
13	0.01458	0.81168	0.02857	0.00933	0.01399	0.02157	0.00933	0.01632	0.01108	0.01283	0.00758	0.00875	0.00700	0.00466	0.00350	0.00117	0.00583	0.00292	0.00233	0.00700
14	0.01953	0.02031	0.01521	0.01317	0.01643	0.46440	0.02952	0.11473	0.13869	0.09629	0.01266	0.01297	0.00957	0.00611	0.00518	0.00155	0.00790	0.00440	0.00399	0.00740
15	0.06415	0.01233	0.02372	0.23927	0.05921	0.01289	0.39304	0.01564	0.01171	0.01652	0.01110	0.05176	0.00912	0.00573	0.00655	0.00186	0.04982	0.00605	0.00279	0.00674
16	0.01083	0.01070	0.01890	0.51961	0.03166	0.01269	0.15102	0.01421	0.01092	0.01448	0.01046	0.04716	0.00864	0.00630	0.00729	0.00191	0.10884	0.00557	0.00259	0.00622
17	0.00864	0.00712	0.00999	0.01071	0.05827	0.02517	0.05366	0.01029	0.01146	0.02965	0.04967	0.43333	0.11939	0.01389	0.00726	0.00211	0.04206	0.09748	0.00464	0.00520
18	0.00780	0.00581	0.00861	0.00861	0.00953	0.00673	0.00663	0.00964	0.00872	0.01254	0.01474	0.02218	0.01396	0.08209	0.74605	0.00858	0.01410	0.00595	0.00294	0.00478
19	0.01277	0.01221	0.02082	0.20605	0.60747	0.01276	0.01637	0.01610	0.01207	0.01693	0.01013	0.01373	0.00833	0.00499	0.00541	0.00166	0.00666	0.00485	0.00264	0.00805
20	0.00701	0.00556	0.00618	0.00636	0.00782	0.00492	0.00478	0.00849	0.01221	0.01520	0.11820	0.09048	0.50062	0.08838	0.00860	0.00225	0.00328	0.10011	0.00499	0.00458
21	0.00976	0.00808	0.01193	0.01595	0.27900	0.00810	0.00848	0.01122	0.00998	0.01369	0.01765	0.02781	0.07812	0.38140	0.09280	0.00404	0.00641	0.00693	0.00320	0.00546
22	0.01442	0.77910	0.05982	0.00959	0.01439	0.02120	0.00978	0.01636	0.01110	0.01301	0.00767	0.00886	0.00699	0.00469	0.00357	0.00119	0.00592	0.00296	0.00233	0.00704
23	0.00791	0.00535	0.00626	0.00626	0.00637	0.00545	0.00369	0.00813	0.00802	0.01080	0.01689	0.03410	0.01914	0.72348	0.11174	0.00567	0.00632	0.00770	0.00326	0.00348
24	0.06861	0.00935	0.01240	0.00956	0.01374	0.00824	0.00790	0.02600	0.01526	0.73771	0.02076	0.01804	0.01309	0.00666	0.00537	0.00169	0.00462	0.00535	0.00657	0.00910
25	0.00811	0.00536	0.00699	0.00734	0.00833	0.00491	0.00521	0.00971	0.01259	0.06461	0.28213	0.44615	0.08953	0.01420	0.00665	0.00199	0.00303	0.01269	0.00549	0.00499
26	0.00746	0.00578	0.00719	0.00721	0.00834	0.00557	0.00530	0.00954	0.03008	0.01762	0.34768	0.25446	0.20853	0.01324	0.00711	0.00192	0.04121	0.01148	0.00534	0.00494
27	0.84691	0.01054	0.00801	0.00717	0.01054	0.01223	0.00590	0.01603	0.00928	0.02446	0.00759	0.00886	0.00590	0.00506	0.00337	0.00169	0.00422	0.00295	0.00337	0.00590
28	0.01247	0.23136	0.53716	0.01383	0.02068	0.06352	0.01673	0.01730	0.01164	0.01587	0.00913	0.01069	0.00694	0.00507	0.00473	0.00156	0.00759	0.00371	0.00234	0.00767
29	0.01279	0.01353	0.02537	0.16882	0.20093	0.03573	0.38549	0.01737	0.05209	0.01704	0.01111	0.01455	0.00857	0.00499	0.00592	0.00177	0.00797	0.00567	0.00283	0.00744
30	0.00785	0.00559	0.00749	0.00749	0.00802	0.00612	0.00523	0.00892	0.00838	0.01171	0.01577	0.02786	0.01643	0.38783	0.44368	0.00719	0.01039	0.00678	0.00309	0.00416
31	0.01242	0.01238	0.11540	0.01003	0.01368	0.05765	0.00901	0.03156	0.15065	0.08798	0.12618	0.02628	0.08951	0.00815	0.00557	0.00164	0.00486	0.07491	0.00459	0.15756
32	0.01258	0.25705	0.37645	0.01712	0.13833	0.01544	0.07778	0.01692	0.01164	0.01605	0.00931	0.01127	0.00732	0.00493	0.00482	0.00155	0.00724	0.00403	0.00241	0.00777
33	0.01482	0.00966	0.01122	0.00976	0.01242	0.00994	0.00756	0.27326	0.06047	0.14087	0.02317	0.30897	0.05704	0.01082	0.00604	0.00186	0.00445	0.00927	0.00545	0.02293
34	0.03478	0.02974	0.01596	0.01213	0.01639	0.01630	0.01001	0.64346	0.08346	0.04591	0.01370	0.01357	0.00981	0.00651	0.00536	0.00163	0.00577	0.00491	0.00534	0.02526

[dist]
# distance from previous block
# <min> <max>
1	3

[block]
# block no. 1 follows, 44 sequences, length 77
# corresponding to MSA columns:
# 169-245
name=unknown_B
#
# <colnr> <probs for GDERKNQSTAVLIFYWHMCP>
#	G	D	E	R	K	N	Q	S	T	A	V	L	I	F	Y	W	H	M	C	P
0	0.05143	0.01294	0.01254	0.01088	0.01352	0.13744	0.00855	0.30729	0.01670	0.02196	0.01423	0.09125	0.01276	0.03190	0.22730	0.00374	0.00870	0.00593	0.00414	0.00682
1	0.01099	0.00950	0.01024	0.05096	0.04793	0.08284	0.00754	0.12518	0.05152	0.01763	0.02538	0.37838	0.10824	0.02561	0.02017	0.00210	0.00485	0.01046	0.00462	0.00585
2	0.00750	0.00554	0.00700	0.00669	0.00803	0.00505	0.00500	0.00986	0.01486	0.02060	0.64687	0.06416	0.15521	0.01170	0.00645	0.00175	0.00262	0.01026	0.00584	0.00505
3	0.01049	0.00572	0.00578	0.00566	0.00710	0.00590	0.00427	0.01427	0.08382	0.02056	0.01821	0.02033	0.01423	0.00645	0.00398	0.00133	0.00271	0.00519	0.75860	0.00542
4	0.00664	0.00474	0.00633	0.00759	0.00791	0.00443	0.00506	0.00759	0.01044	0.01392	0.03005	0.80485	0.03606	0.01708	0.00696	0.00221	0.00316	0.01550	0.00506	0.00443
5	0.04413	0.00959	0.01271	0.00977	0.01398	0.00853	0.00807	0.06059	0.01592	0.72505	0.02078	0.01807	0.01311	0.00670	0.00543	0.00168	0.00469	0.00539	0.00661	0.00920
6	0.01356	0.01171	0.01233	0.01109	0.01418	0.01356	0.00863	0.02897	0.76455	0.02281	0.02219	0.02034	0.01664	0.00740	0.00555	0.00185	0.00431	0.00616	0.00555	0.00863
7	0.01287	0.01471	0.03217	0.02298	0.02849	0.01379	0.75460	0.01746	0.01287	0.01746	0.01103	0.01471	0.00827	0.00460	0.00643	0.00184	0.00919	0.00643	0.00276	0.00735
8	0.01854	0.01419	0.01513	0.01210	0.01607	0.01589	0.00983	0.53455	0.25085	0.03084	0.01586	0.01530	0.01152	0.00680	0.00548	0.00170	0.00549	0.00529	0.00548	0.00908
9	0.02072	0.01527	0.01636	0.01254	0.01691	0.01691	0.01036	0.75622	0.02563	0.03436	0.01309	0.01309	0.00927	0.00654	0.00545	0.00164	0.00600	0.00491	0.00545	0.00927
10	0.00727	0.00540	0.00678	0.00677	0.00796	0.00490	0.00495	0.00930	0.01389	0.01899	0.49416	0.19800	0.17586	0.01282	0.00654	0.00184	0.00273	0.01130	0.00564	0.00490
11	0.01112	0.06882	0.74119	0.01522	0.02310	0.01312	0.01958	0.01722	0.01149	0.01704	0.00967	0.01137	0.00691	0.00515	0.00509	0.00170	0.00794	0.00397	0.00230	0.00800
12	0.01125	0.01067	0.01808	0.56734	0.25803	0.01236	0.01562	0.01477	0.01135	0.01509	0.00986	0.01422	0.00768	0.00527	0.00543	0.00176	0.00703	0.00485	0.00251	0.00683
13	0.00662	0.00501	0.00612	0.00694	0.00775	0.00451	0.00479	0.00777	0.01123	0.01447	0.06655	0.54986	0.25693	0.01587	0.00678	0.00208	0.00302	0.01408	0.00510	0.00451
14	0.05449	0.01113	0.01023	0.00980	0.01115	0.19694	0.00737	0.01281	0.01037	0.01325	0.01341	0.05348	0.01310	0.12410	0.39419	0.00561	0.04466	0.00576	0.00304	0.00511
15	0.01991	0.01468	0.01583	0.01215	0.01642	0.01605	0.01000	0.69600	0.02435	0.03278	0.01281	0.01310	0.00922	0.00677	0.00584	0.02595	0.00586	0.00482	0.00525	0.05223
16	0.00678	0.00484	0.00640	0.00747	0.00786	0.00452	0.00501	0.00784	0.01078	0.01448	0.09352	0.71155	0.03681	0.04477	0.00765	0.00228	0.00319	0.01474	0.00508	0.00445
17	0.01227	0.00841	0.01021	0.00823	0.01154	0.00735	0.00648	0.01618	0.09882	0.13387	0.28033	0.02375	0.02508	0.00732	0.00527	0.00138	0.00364	0.00623	0.00499	0.32866
18	0.01299	0.01642	0.12515	0.02156	0.02733	0.01379	0.62762	0.05214	0.01330	0.01823	0.01097	0.01423	0.00815	0.00476	0.00623	0.00181	0.00890	0.00606	0.00283	0.00753
19	0.00837	0.00572	0.00750	0.00697	0.00837	0.00526	0.00526	0.01092	0.01544	0.05141	0.74222	0.03986	0.04996	0.01097	0.00639	0.00171	0.00265	0.00969	0.00603	0.00531
20	0.02316	0.01136	0.01394	0.01069	0.01496	0.01110	0.00883	0.27992	0.01909	0.51990	0.01858	0.01666	0.01203	0.00668	0.00547	0.00167	0.00511	0.00528	0.00630	0.00928
21	0.01577	0.03502	0.05252	0.04788	0.07903	0.01296	0.04982	0.01843	0.03630	0.24485	0.01291	0.01477	0.00975	0.00845	0.03479	0.00218	0.30817	0.00507	0.00386	0.00744
22	0.01564	0.01828	0.01944	0.01673	0.05126	0.33178	0.15646	0.01767	0.01232	0.01426	0.00857	0.01168	0.00738	0.00676	0.00979	0.00184	0.28641	0.00458	0.00265	0.00650
23	0.00940	0.00476	0.00705	0.00705	0.00705	0.00476	0.00467	0.00714	0.00714	0.00952	0.00980	0.01739	0.00991	0.05260	0.02158	0.80574	0.00476	0.00487	0.00241	0.00241
24	0.01580	0.01382	0.01877	0.06571	0.04350	0.07682	0.18733	0.23835	0.07950	0.06635	0.01479	0.04996	0.03123	0.00761	0.02568	0.00194	0.04505	0.00595	0.00416	0.00769
25	0.81760	0.01050	0.00818	0.00726	0.01066	0.01208	0.00598	0.01640	0.00950	0.05132	0.00809	0.00920	0.00617	0.00512	0.00345	0.00169	0.00423	0.00304	0.00349	0.00602
26	0.01220	0.01027	0.01332	0.01274	0.15112	0.00833	0.00838	0.01476	0.01167	0.04663	0.01024	0.01198	0.00838	0.00429	0.00434	0.00099	0.00450	0.00361	0.00327	0.65899
27	0.00711	0.00574	0.00645	0.00681	0.00848	0.00508	0.00546	0.00881	0.01246	0.01518	0.04773	0.05504	0.56143	0.01416	0.00675	0.00203	0.00340	0.21811	0.00505	0.00472
28	0.02072	0.01527	0.01636	0.01254	0.01691	0.01691	0.01036	0.75622	0.02563	0.03436	0.01309	0.01309	0.00927	0.00654	0.00545	0.00164	0.00600	0.00491	0.00545	0.00927
29	0.01085	0.00743	0.00889	0.00810	0.01016	0.00741	0.00620	0.01626	0.19525	0.10700	0.39881	0.07037	0.11068	0.01029	0.00614	0.00178	0.00327	0.00890	0.00584	0.00636
30	0.02354	0.00965	0.01275	0.00989	0.01403	0.00871	0.00813	0.05011	0.07103	0.69878	0.02129	0.01851	0.01359	0.00679	0.00549	0.00170	0.00466	0.00551	0.00662	0.00923
31	0.00719	0.00540	0.00667	0.00667	0.00791	0.00487	0.00488	0.00916	0.01372	0.01856	0.45095	0.19248	0.22565	0.01296	0.00654	0.00184	0.00273	0.01136	0.00559	0.00487
32	0.00790	0.00538	0.00645	0.00645	0.00662	0.00556	0.00393	0.00825	0.00808	0.01094	0.01672	0.03314	0.01872	0.67178	0.16287	0.00590	0.00694	0.00756	0.00324	0.00358
33	0.01778	0.00889	0.01120	0.00905	0.01224	0.00839	0.00729	0.13897	0.01699	0.38238	0.25538	0.02570	0.04857	0.00830	0.00577	0.00168	0.00411	0.00694	0.02258	0.00776
34	0.02430	0.00954	0.01281	0.00982	0.01405	0.00840	0.00812	0.05838	0.01604	0.74575	0.02114	0.01832	0.01331	0.00674	0.00548	0.00168	0.00470	0.00546	0.00669	0.00928
35	0.79579	0.01084	0.00853	0.00750	0.01094	0.01252	0.00618	0.06183	0.01029	0.02507	0.00793	0.00912	0.00611	0.00515	0.00350	0.00168	0.00433	0.00307	0.00350	0.00611
36	0.01651	0.23098	0.01935	0.01244	0.01554	0.27224	0.02235	0.11005	0.01384	0.01612	0.00865	0.01054	0.00741	0.00615	0.00718	0.00154	0.16587	0.00381	0.00295	0.05648
37	0.01278	0.42636	0.39821	0.01238	0.01872	0.01719	0.01465	0.01679	0.01129	0.01501	0.00866	0.01011	0.00695	0.00492	0.00433	0.00144	0.00693	0.00346	0.00232	0.00752
38	0.01093	0.02820	0.78016	0.01554	0.02360	0.01266	0.02014	0.01727	0.01151	0.01727	0.00978	0.01151	0.00691	0.00518	0.00518	0.00173	0.00806	0.00403	0.00230	0.00806
39	0.00740	0.00514	0.00643	0.00694	0.00718	0.00513	0.00442	0.00801	0.00903	0.01215	0.02199	0.34012	0.02554	0.40137	0.11052	0.00448	0.00556	0.01069	0.00396	0.00394
40	0.00899	0.00688	0.00864	0.00826	0.00971	0.00738	0.00626	0.05498	0.09851	0.01695	0.16282	0.07293	0.10388	0.08473	0.31857	0.00485	0.00802	0.00789	0.00433	0.00543
41	0.00695	0.00526	0.00644	0.00688	0.00795	0.00474	0.00496	0.00851	0.01241	0.01631	0.22859	0.34930	0.26194	0.01448	0.00669	0.00199	0.00297	0.04363	0.00530	0.00469
42	0.00671	0.00478	0.00634	0.00752	0.00785	0.00447	0.00501	0.00767	0.01048	0.01400	0.04754	0.76218	0.03592	0.04186	0.00760	0.00230	0.00322	0.01512	0.00503	0.00441
43	0.01449	0.01537	0.03107	0.07446	0.08247	0.01450	0.63431	0.01832	0.01379	0.01887	0.01265	0.01701	0.00993	0.00589	0.00703	0.00215	0.00936	0.00675	0.00335	0.00825
44	0.00776	0.00626	0.00848	0.00839	0.00938	0.00698	0.00645	0.00938	0.01000	0.01365	0.04949	0.13474	0.19166	0.02713	0.39442	0.00538	0.09337	0.00847	0.00375	0.00487
45	0.00785	0.00558	0.00742	0.00742	0.00793	0.00609	0.00514	0.00887	0.00836	0.01166	0.01583	0.02821	0.01658	0.40674	0.42498	0.00710	0.01016	0.00684	0.00310	0.00412
46	0.00722	0.00524	0.00681	0.00708	0.00801	0.00483	0.00506	0.00908	0.01328	0.01832	0.43828	0.34550	0.08366	0.01365	0.00664	0.00192	0.00282	0.01219	0.00558	0.00483
47	0.01614	0.01299	0.01378	0.01162	0.01516	0.01477	0.00925	0.29085	0.49847	0.02697	0.01891	0.01773	0.01399	0.00709	0.00551	0.00177	0.00492	0.00571	0.00551	0.00886
48	0.00780	0.00581	0.00862	0.00862	0.00954	0.00674	0.00663	0.00964	0.00872	0.01255	0.01474	0.02216	0.01395	0.08068	0.74745	0.00858	0.01412	0.00595	0.00294	0.00479
49	0.00746	0.00533	0.00726	0.00852	0.00920	0.00513	0.00648	0.00900	0.01124	0.01483	0.02960	0.52157	0.03427	0.01631	0.00718	0.00233	0.00387	0.29072	0.00505	0.00465
50	0.01030	0.00969	0.01635	0.79530	0.03755	0.01211	0.01514	0.01393	0.01090	0.01393	0.00969	0.01453	0.00727	0.00545	0.00545	0.00182	0.00727	0.00484	0.00242	0.00606
51	0.01021	0.00772	0.00908	0.01000	0.04934	0.07027	0.00678	0.01150	0.01130	0.09177	0.02460	0.54262	0.02755	0.01555	0.05234	0.00245	0.03487	0.01197	0.00470	0.00538
52	0.01016	0.00508	0.00508	0.00508	0.00635	0.00508	0.00381	0.01270	0.01143	0.02033	0.01778	0.02033	0.01397	0.00635	0.00381	0.00127	0.00254	0.00508	0.83867	0.00508
53	0.00792	0.00531	0.00609	0.00609	0.00614	0.00536	0.00349	0.00802	0.00797	0.01068	0.01704	0.03494	0.01950	0.76861	0.06710	0.00547	0.00577	0.00782	0.00328	0.00338
54	0.01474	0.11076	0.01528	0.14200	0.04457	0.01155	0.00937	0.09733	0.06592	0.14335	0.02734	0.01544	0.03466	0.00577	0.00487	0.00141	0.00515	0.00465	0.00405	0.24178
55	0.01498	0.01643	0.01208	0.01072	0.01324	0.36770	0.00787	0.01806	0.11148	0.01467	0.01254	0.01763	0.01152	0.19721	0.01030	0.00229	0.00705	0.00487	0.00336	0.14600
56	0.00659	0.00553	0.00572	0.00567	0.00745	0.00466	0.00426	0.00810	0.01277	0.01553	0.13623	0.05114	0.69068	0.01351	0.00644	0.00183	0.00274	0.01132	0.00517	0.00466
57	0.01067	0.01007	0.01702	0.70716	0.12280	0.01221	0.01532	0.01425	0.01108	0.01438	0.00976	0.01441	0.00743	0.00538	0.00544	0.00179	0.00718	0.00485	0.00245	0.00635
58	0.01427	0.18980	0.41356	0.01288	0.01908	0.01412	0.01472	0.04829	0.07750	0.12757	0.01221	0.01277	0.00881	0.00554	0.00491	0.00161	0.00669	0.00422	0.00335	0.00811
59	0.01702	0.01948	0.01563	0.28811	0.02398	0.47808	0.01203	0.01924	0.01386	0.04947	0.00948	0.01189	0.00741	0.00561	0.00513	0.00156	0.00869	0.00407	0.00286	0.00637
60	0.01343	0.00699	0.00916	0.00788	0.01022	0.00633	0.00617	0.01618	0.03710	0.27443	0.47190	0.03317	0.06509	0.00967	0.00609	0.00171	0.00332	0.00835	0.00620	0.00661
61	0.01654	0.01340	0.01375	0.01163	0.01515	0.05070	0.00924	0.25626	0.46957	0.05464	0.01867	0.01751	0.01376	0.00702	0.00549	0.00176	0.00511	0.00562	0.00543	0.00875
62	0.00786	0.00530	0.00593	0.00593	0.00601	0.00525	0.00334	0.00792	0.00814	0.01077	0.01896	0.03647	0.05516	0.77108	0.02675	0.00512	0.00517	0.00810	0.00339	0.00336
63	0.01193	0.01193	0.01670	0.01431	0.01431	0.01670	0.01193	0.01312	0.00835	0.01312	0.00716	0.01193	0.00716	0.00954	0.01789	0.00239	0.79843	0.00477	0.00239	0.00596
64	0.00658	0.00497	0.00609	0.00699	0.00775	0.00448	0.00479	0.00766	0.01102	0.01415	0.03739	0.58533	0.25083	0.01613	0.00681	0.00211	0.00305	0.01433	0.00506	0.00448
65	0.01388	0.00715	0.00933	0.00850	0.01064	0.00664	0.00644	0.03553	0.05278	0.28640	0.17866	0.30870	0.02955	0.01143	0.00622	0.00189	0.00370	0.01004	0.00589	0.00663
66	0.00878	0.00682	0.00818	0.00808	0.00940	0.00720	0.00589	0.01341	0.18400	0.01675	0.15667	0.18817	0.08840	0.12503	0.14459	0.00356	0.00556	0.00933	0.00473	0.00546
67	0.01130	0.00969	0.01130	0.00807	0.01292	0.00727	0.00646	0.01373	0.01130	0.01776	0.00969	0.01130	0.00807	0.00404	0.00404	0.00081	0.00404	0.00323	0.00323	0.84173
68	0.01252	0.01305	0.04539	0.26822	0.26252	0.08326	0.05504	0.03150	0.01197	0.01586	0.01020	0.01398	0.00831	0.00830	0.07049	0.00227	0.04158	0.00481	0.00269	0.03804
69	0.01398	0.44223	0.27443	0.01265	0.04142	0.10237	0.01326	0.01725	0.01174	0.01450	0.00848	0.00992	0.00702	0.00494	0.00427	0.00139	0.00702	0.00341	0.00239	0.00732
70	0.00992	0.00880	0.01438	0.38351	0.14897	0.01023	0.01216	0.01276	0.01032	0.01398	0.01173	0.01774	0.01019	0.06562	0.24241	0.00409	0.00923	0.00534	0.00267	0.00595
71	0.01543	0.20162	0.14869	0.04724	0.10507	0.01324	0.04072	0.04653	0.02531	0.18105	0.01303	0.01378	0.02273	0.00547	0.00485	0.00148	0.00595	0.00442	0.00366	0.09973
72	0.01285	0.01120	0.01477	0.03905	0.22562	0.03145	0.00985	0.03518	0.01225	0.04438	0.01031	0.01227	0.00840	0.00451	0.00457	0.00113	0.00505	0.00386	0.00323	0.51007
73	0.01075	0.00965	0.04141	0.05175	0.04685	0.00959	0.04004	0.07886	0.22382	0.01914	0.07099	0.28442	0.06843	0.01077	0.00613	0.00193	0.00447	0.00954	0.00484	0.00661
74	0.01145	0.01095	0.01543	0.04284	0.01552	0.01229	0.06895	0.01347	0.01007	0.01526	0.01074	0.01393	0.04352	0.00719	0.01092	0.00172	0.37861	0.00466	0.00285	0.30962
75	0.10648	0.01047	0.10737	0.23494	0.06010	0.00921	0.01071	0.01270	0.01110	0.03224	0.02043	0.21046	0.09588	0.00955	0.00575	0.00191	0.00533	0.04580	0.00367	0.00590
76	0.03478	0.00978	0.01463	0.15480	0.18443	0.01067	0.04149	0.04358	0.07760	0.01842	0.16983	0.05213	0.04675	0.00907	0.03124	0.00204	0.05908	0.02909	0.00393	0.00665

[dist]
# distance from previous block
# <min> <max>
5	8

[block]
# block no. 2 follows, 44 sequences, length 60
# corresponding to MSA columns:
# 254-313
name=unknown_C
#
# <colnr> <probs for GDERKNQSTAVLIFYWHMCP>
#	G	D	E	R	K	N	Q	S	T	A	V	L	I	F	Y	W	H	M	C	P
0	0.22597	0.01312	0.05160	0.01334	0.06406	0.05787	0.10813	0.02146	0.25951	0.07467	0.01507	0.01682	0.01166	0.00634	0.00513	0.00178	0.00563	0.03614	0.00419	0.00750
1	0.01375	0.01293	0.01871	0.07371	0.48205	0.06433	0.01420	0.07689	0.03348	0.01859	0.01260	0.01847	0.01110	0.00620	0.00555	0.00168	0.00640	0.08264	0.00326	0.04346
2	0.00785	0.00535	0.00642	0.00648	0.00665	0.00550	0.00395	0.00821	0.00817	0.01106	0.01733	0.06743	0.01954	0.64900	0.14982	0.00571	0.00670	0.00793	0.00332	0.00361
3	0.01503	0.59458	0.02425	0.01002	0.01406	0.16509	0.00921	0.01671	0.01189	0.01301	0.01030	0.01152	0.04417	0.00661	0.03248	0.00152	0.00676	0.00355	0.00258	0.00668
4	0.01016	0.00508	0.00508	0.00508	0.00635	0.00508	0.00381	0.01270	0.01143	0.02033	0.01778	0.02033	0.01397	0.00635	0.00381	0.00127	0.00254	0.00508	0.83867	0.00508
5	0.01711	0.05043	0.02235	0.11069	0.04037	0.01172	0.32550	0.02046	0.01359	0.30921	0.01471	0.01585	0.01011	0.00554	0.00578	0.00174	0.00698	0.00567	0.00423	0.00795
6	0.01171	0.01135	0.01602	0.01970	0.30547	0.09222	0.04729	0.01419	0.01105	0.01496	0.01184	0.01648	0.01052	0.02042	0.33817	0.00467	0.03931	0.00521	0.00280	0.00663
7	0.01130	0.00969	0.01130	0.00807	0.01292	0.00727	0.00646	0.01373	0.01130	0.01776	0.00969	0.01130	0.00807	0.00404	0.00404	0.00081	0.00404	0.00323	0.00323	0.84173
8	0.01184	0.24997	0.50350	0.01367	0.02031	0.01486	0.04257	0.01656	0.01139	0.01585	0.01014	0.04746	0.00833	0.00556	0.00483	0.00159	0.00724	0.00433	0.00245	0.00756
9	0.01531	0.01142	0.01999	0.23221	0.17063	0.01178	0.17617	0.01856	0.01275	0.21788	0.01310	0.01531	0.00940	0.00569	0.00627	0.00178	0.04502	0.00536	0.00369	0.00769
10	0.01356	0.01171	0.01233	0.01109	0.01418	0.01356	0.00863	0.02897	0.76455	0.02281	0.02219	0.02034	0.01664	0.00740	0.00555	0.00185	0.00431	0.00616	0.00555	0.00863
11	0.00678	0.00482	0.00640	0.00760	0.00794	0.00453	0.00511	0.00774	0.01040	0.01385	0.02941	0.74277	0.03514	0.05354	0.00794	0.00237	0.00333	0.04095	0.00498	0.00440
12	0.01474	0.01618	0.01741	0.13931	0.30864	0.27663	0.01317	0.01720	0.01311	0.01552	0.04276	0.05004	0.01091	0.00621	0.00580	0.00163	0.03568	0.00510	0.00293	0.00701
13	0.01541	0.14327	0.18859	0.06702	0.05457	0.01392	0.01234	0.14543	0.03420	0.14300	0.01387	0.01508	0.03699	0.02380	0.00657	0.00175	0.06776	0.00481	0.00382	0.00781
14	0.00681	0.00491	0.00650	0.00770	0.00817	0.00459	0.00533	0.00792	0.01071	0.01416	0.03111	0.70698	0.06965	0.01676	0.00698	0.00222	0.00330	0.07664	0.00506	0.00449
15	0.00738	0.00537	0.00684	0.00777	0.00844	0.00511	0.00541	0.04235	0.01140	0.01504	0.03127	0.67070	0.09498	0.01623	0.00687	0.00217	0.00335	0.04953	0.00508	0.00469
16	0.01339	0.01322	0.02358	0.03115	0.62996	0.01311	0.14102	0.01715	0.03089	0.01787	0.01068	0.01387	0.00877	0.00488	0.00558	0.00166	0.00688	0.00516	0.00278	0.00842
17	0.00818	0.00673	0.01054	0.05832	0.01233	0.00656	0.10848	0.00973	0.01053	0.01386	0.02505	0.34354	0.08630	0.20350	0.01177	0.00287	0.00487	0.06797	0.00416	0.00472
18	0.01030	0.00969	0.01635	0.79530	0.03755	0.01211	0.01514	0.01393	0.01090	0.01393	0.00969	0.01453	0.00727	0.00545	0.00545	0.00182	0.00727	0.00484	0.00242	0.00606
19	0.01673	0.01440	0.01580	0.01585	0.15075	0.07779	0.01086	0.29241	0.29899	0.02537	0.01561	0.01561	0.01173	0.00649	0.00543	0.00169	0.00577	0.00526	0.00478	0.00868
20	0.05369	0.00867	0.01026	0.00878	0.01165	0.00825	0.00681	0.04983	0.09407	0.13730	0.04888	0.20490	0.06245	0.00915	0.00597	0.00163	0.03775	0.00767	0.00475	0.22754
21	0.01348	0.33213	0.21018	0.03324	0.24885	0.04448	0.01439	0.01683	0.01175	0.01547	0.00901	0.01102	0.00748	0.00490	0.00458	0.00146	0.00675	0.00384	0.00246	0.00771
22	0.01389	0.01187	0.01251	0.01116	0.01430	0.01371	0.00871	0.06240	0.73058	0.02334	0.02177	0.02001	0.01630	0.00736	0.00554	0.00184	0.00439	0.00611	0.00554	0.00866
23	0.01133	0.00942	0.01159	0.04089	0.12953	0.03965	0.00856	0.14787	0.04637	0.01915	0.06058	0.30299	0.10804	0.01128	0.00618	0.00190	0.00463	0.02906	0.00465	0.00634
24	0.01240	0.01435	0.10415	0.18657	0.35254	0.01296	0.20418	0.01639	0.01212	0.01686	0.01028	0.01381	0.00808	0.00495	0.00565	0.00173	0.00750	0.00517	0.00261	0.00771
25	0.00947	0.00473	0.00710	0.00710	0.00710	0.00473	0.00473	0.00710	0.00710	0.00947	0.00947	0.01657	0.00947	0.01894	0.02131	0.84138	0.00473	0.00473	0.00237	0.00237
26	0.01030	0.00969	0.01635	0.79530	0.03755	0.01211	0.01514	0.01393	0.01090	0.01393	0.00969	0.01453	0.00727	0.00545	0.00545	0.00182	0.00727	0.00484	0.00242	0.00606
27	0.00971	0.00919	0.01532	0.01345	0.06791	0.00867	0.22363	0.03893	0.04485	0.01699	0.06659	0.16431	0.27663	0.01041	0.00638	0.00188	0.00513	0.00971	0.00431	0.00602
28	0.01212	0.01155	0.01964	0.36132	0.45730	0.01259	0.01605	0.01553	0.01176	0.01614	0.01001	0.01394	0.00805	0.00511	0.00542	0.00170	0.00682	0.00485	0.00258	0.00753
29	0.01887	0.02354	0.01445	0.01322	0.01574	0.69327	0.00984	0.02021	0.01459	0.01311	0.00935	0.01222	0.00825	0.06372	0.04502	0.00204	0.00975	0.00394	0.00285	0.00604
30	0.01138	0.01094	0.08784	0.00927	0.01312	0.00867	0.00801	0.01694	0.18185	0.05539	0.08548	0.08404	0.06752	0.00739	0.00518	0.00144	0.00425	0.00623	0.00435	0.33072
31	0.00779	0.00584	0.00876	0.00876	0.00974	0.00681	0.00681	0.00974	0.00876	0.01266	0.01460	0.02142	0.01363	0.04089	0.78680	0.00876	0.01460	0.00584	0.00292	0.00487
32	0.01130	0.00969	0.01130	0.00807	0.01292	0.00727	0.00646	0.01373	0.01130	0.01776	0.00969	0.01130	0.00807	0.00404	0.00404	0.00081	0.00404	0.00323	0.00323	0.84173
33	0.01287	0.01471	0.03217	0.02298	0.02849	0.01379	0.75460	0.01746	0.01287	0.01746	0.01103	0.01471	0.00827	0.00460	0.00643	0.00184	0.00919	0.00643	0.00276	0.00735
34	0.02037	0.02598	0.01545	0.01404	0.01685	0.78652	0.01053	0.02177	0.01545	0.01334	0.00843	0.00983	0.00702	0.00562	0.00492	0.00140	0.00983	0.00351	0.00281	0.00632
35	0.01139	0.01111	0.01543	0.01339	0.01341	0.01529	0.01098	0.01248	0.00842	0.01298	0.00899	0.05264	0.00947	0.06600	0.01804	0.00258	0.70358	0.00552	0.00258	0.00570
36	0.00749	0.00535	0.00730	0.00856	0.00925	0.00516	0.00654	0.00906	0.01128	0.01487	0.02958	0.50927	0.03420	0.01628	0.00719	0.00233	0.00390	0.30267	0.00504	0.00466
37	0.01030	0.00969	0.01635	0.79530	0.03755	0.01211	0.01514	0.01393	0.01090	0.01393	0.00969	0.01453	0.00727	0.00545	0.00545	0.00182	0.00727	0.00484	0.00242	0.00606
38	0.02037	0.02598	0.01545	0.01404	0.01685	0.78652	0.01053	0.02177	0.01545	0.01334	0.00843	0.00983	0.00702	0.00562	0.00492	0.00140	0.00983	0.00351	0.00281	0.00632
39	0.00713	0.00517	0.00657	0.00698	0.00778	0.00478	0.00486	0.00864	0.01228	0.01667	0.30698	0.38467	0.11214	0.07932	0.00841	0.00224	0.00308	0.01239	0.00527	0.00462
40	0.05446	0.00932	0.01248	0.00961	0.01379	0.00817	0.00794	0.02618	0.01537	0.75068	0.02100	0.01820	0.01322	0.00669	0.00541	0.00169	0.00462	0.00539	0.00662	0.00915
41	0.01030	0.00969	0.01635	0.79530	0.03755	0.01211	0.01514	0.01393	0.01090	0.01393	0.00969	0.01453	0.00727	0.00545	0.00545	0.00182	0.00727	0.00484	0.00242	0.00606
42	0.01349	0.01295	0.02213	0.03346	0.77440	0.01295	0.01673	0.01673	0.01241	0.01781	0.01025	0.01349	0.00864	0.00486	0.00540	0.00162	0.00648	0.00486	0.00270	0.00864
43	0.69595	0.01241	0.00918	0.00821	0.01152	0.10469	0.00662	0.01748	0.04230	0.03840	0.00860	0.00966	0.00665	0.00526	0.00369	0.00166	0.00490	0.00321	0.00347	0.00614
44	0.01090	0.00580	0.00587	0.00561	0.00709	0.00591	0.00427	0.06491	0.01243	0.02131	0.01745	0.01982	0.01364	0.00637	0.00393	0.00130	0.00278	0.00507	0.78017	0.00538
45	0.01287	0.01471	0.03217	0.02298	0.02849	0.01379	0.75460	0.01746	0.01287	0.01746	0.01103	0.01471	0.00827	0.00460	0.00643	0.00184	0.00919	0.00643	0.00276	0.00735
46	0.08580	0.01347	0.01277	0.01103	0.01430	0.09151	0.00870	0.19560	0.40720	0.02453	0.01719	0.01663	0.01289	0.00676	0.00517	0.00171	0.00515	0.00527	0.05623	0.00810
47	0.06793	0.08515	0.01969	0.02365	0.44537	0.01414	0.01346	0.10397	0.04286	0.01936	0.01064	0.01326	0.00884	0.00726	0.04446	0.00200	0.06213	0.00466	0.00314	0.00801
48	0.00884	0.00738	0.00973	0.00938	0.01022	0.04106	0.00725	0.01048	0.00892	0.01254	0.01369	0.02117	0.01317	0.11043	0.58669	0.00734	0.10810	0.00582	0.00289	0.00491
49	0.00798	0.00585	0.00752	0.00705	0.00842	0.00553	0.00530	0.01115	0.04986	0.02191	0.73708	0.03979	0.04984	0.01097	0.00639	0.00172	0.00265	0.00969	0.00598	0.00530
50	0.00793	0.00529	0.00595	0.00595	0.00595	0.00529	0.00330	0.00793	0.00793	0.01057	0.01718	0.03568	0.01982	0.80840	0.02775	0.00529	0.00529	0.00793	0.00330	0.00330
51	0.00664	0.00474	0.00633	0.00759	0.00791	0.00443	0.00506	0.00759	0.01044	0.01392	0.03005	0.80485	0.03606	0.01708	0.00696	0.00221	0.00316	0.01550	0.00506	0.00443
52	0.01315	0.01128	0.01197	0.01080	0.01375	0.01297	0.00838	0.02766	0.71195	0.02274	0.07480	0.02177	0.01909	0.00766	0.00561	0.00184	0.00419	0.00642	0.00558	0.00838
53	0.01458	0.81168	0.02857	0.00933	0.01399	0.02157	0.00933	0.01632	0.01108	0.01283	0.00758	0.00875	0.00700	0.00466	0.00350	0.00117	0.00583	0.00292	0.00233	0.00700
54	0.00701	0.00555	0.00631	0.00612	0.00771	0.00485	0.00459	0.00893	0.01377	0.01792	0.37619	0.04720	0.44922	0.01261	0.00644	0.00178	0.00268	0.01077	0.00548	0.00485
55	0.01458	0.81168	0.02857	0.00933	0.01399	0.02157	0.00933	0.01632	0.01108	0.01283	0.00758	0.00875	0.00700	0.00466	0.00350	0.00117	0.00583	0.00292	0.00233	0.00700
56	0.00644	0.00552	0.00552	0.00552	0.00736	0.00460	0.00414	0.00782	0.01243	0.01473	0.05523	0.05247	0.77218	0.01381	0.00644	0.00184	0.00276	0.01151	0.00506	0.00460
57	0.00707	0.00555	0.00639	0.00618	0.00775	0.00487	0.00464	0.00904	0.01391	0.01824	0.40761	0.04669	0.41762	0.01250	0.00644	0.00178	0.00267	0.01070	0.00552	0.00487
58	0.01113	0.00949	0.01111	0.00802	0.01268	0.00716	0.00640	0.01356	0.01151	0.01797	0.04720	0.01275	0.01021	0.00439	0.00416	0.00085	0.00397	0.00356	0.00337	0.80054
59	0.02072	0.01527	0.01636	0.01254	0.01691	0.01691	0.01036	0.75622	0.02563	0.03436	0.01309	0.01309	0.00927	0.00654	0.00545	0.00164	0.00600	0.00491	0.00545	0.00927

[dist]
# distance from previous block
# <min> <max>
0	2

[block]
# block no. 3 follows, 44 sequences, length 13
# corresponding to MSA columns:
# 316-328
name=unknown_D
#
# <colnr> <probs for GDERKNQSTAVLIFYWHMCP>
#	G	D	E	R	K	N	Q	S	T	A	V	L	I	F	Y	W	H	M	C	P
0	0.04847	0.00899	0.00987	0.00891	0.01125	0.03554	0.00689	0.04072	0.22955	0.11586	0.25539	0.06161	0.06592	0.04055	0.00674	0.00193	0.00399	0.03558	0.00550	0.00673
1	0.02041	0.02471	0.01556	0.01387	0.01686	0.69506	0.01051	0.10905	0.01666	0.01584	0.00898	0.01022	0.00729	0.00573	0.00498	0.00143	0.00938	0.00368	0.00312	0.00667
2	0.01204	0.00875	0.00982	0.00883	0.01075	0.00915	0.00679	0.25128	0.01521	0.02000	0.02347	0.03577	0.12399	0.28145	0.01357	0.00308	0.00511	0.15062	0.00458	0.00576
3	0.01373	0.00736	0.00951	0.00819	0.01060	0.00688	0.00641	0.01736	0.08630	0.26858	0.45611	0.03157	0.03578	0.00936	0.00604	0.00172	0.00341	0.00808	0.00620	0.00682
4	0.01274	0.01726	0.31248	0.01158	0.01719	0.01057	0.01230	0.12255	0.01412	0.05645	0.09575	0.01527	0.01288	0.00577	0.00502	0.00143	0.00576	0.00463	0.00366	0.26259
5	0.01091	0.01211	0.05419	0.01739	0.02102	0.01131	0.43684	0.01424	0.01161	0.01596	0.01553	0.20996	0.01526	0.01001	0.04790	0.00233	0.07533	0.00840	0.00328	0.00641
6	0.00664	0.00474	0.00633	0.00759	0.00791	0.00443	0.00506	0.00759	0.01044	0.01392	0.03005	0.80485	0.03606	0.01708	0.00696	0.00221	0.00316	0.01550	0.00506	0.00443
7	0.01810	0.33340	0.02058	0.01220	0.01573	0.48722	0.01006	0.01964	0.01374	0.01314	0.00810	0.00941	0.00701	0.00524	0.00436	0.00131	0.00827	0.00328	0.00262	0.00658
8	0.01491	0.07703	0.06974	0.02263	0.33546	0.15707	0.08572	0.01774	0.01252	0.04850	0.00988	0.01248	0.00810	0.00560	0.00670	0.00166	0.09922	0.00458	0.00281	0.00764
9	0.00793	0.00529	0.00595	0.00595	0.00595	0.00529	0.00330	0.00793	0.00793	0.01057	0.01718	0.03568	0.01982	0.80840	0.02775	0.00529	0.00529	0.00793	0.00330	0.00330
10	0.00708	0.00493	0.00620	0.00703	0.00724	0.00472	0.00446	0.00771	0.00959	0.01278	0.02568	0.54369	0.03054	0.28575	0.01402	0.00326	0.00388	0.01293	0.00446	0.00405
11	0.01249	0.01056	0.01740	0.44891	0.18780	0.01149	0.04584	0.01582	0.01178	0.08607	0.01096	0.01437	0.00826	0.00527	0.00534	0.00166	0.00661	0.00481	0.00298	0.09158
12	0.05408	0.01316	0.01616	0.06464	0.15649	0.05298	0.04908	0.12842	0.32175	0.02183	0.01517	0.01588	0.01161	0.00645	0.00605	0.00177	0.04678	0.00532	0.00427	0.00812

[dist]
# distance from previous block
# <min> <max>
5	34

[block]
# block no. 4 follows, 44 sequences, length 58
# corresponding to MSA columns:
# 365-422
name=unknown_E
#
# <colnr> <probs for GDERKNQSTAVLIFYWHMCP>
#	G	D	E	R	K	N	Q	S	T	A	V	L	I	F	Y	W	H	M	C	P
0	0.01296	0.01193	0.01263	0.10655	0.04518	0.14529	0.02633	0.16453	0.01463	0.01833	0.01823	0.29986	0.01896	0.01112	0.02862	0.00204	0.00607	0.02883	0.00418	0.02370
1	0.01098	0.00668	0.00683	0.00653	0.00824	0.00713	0.00497	0.01663	0.19304	0.02092	0.01885	0.02033	0.01462	0.00660	0.00423	0.00141	0.00297	0.00534	0.63777	0.00594
2	0.02446	0.00928	0.01265	0.00970	0.01392	0.00801	0.00801	0.02657	0.01560	0.77817	0.02151	0.01856	0.01350	0.00675	0.00548	0.00169	0.00464	0.00548	0.00675	0.00928
3	0.00782	0.00572	0.00814	0.00814	0.00890	0.00648	0.00604	0.00934	0.00858	0.01220	0.01517	0.02456	0.01499	0.20992	0.61963	0.00800	0.01255	0.00630	0.00300	0.00452
4	0.00772	0.00557	0.00729	0.00686	0.00814	0.00514	0.00514	0.01029	0.01543	0.02186	0.77152	0.04072	0.05144	0.01115	0.00643	0.00171	0.00257	0.00986	0.00600	0.00514
5	0.00680	0.00554	0.00602	0.00590	0.00758	0.00475	0.00442	0.00851	0.01327	0.01672	0.25558	0.04918	0.57059	0.01306	0.00644	0.00181	0.00271	0.01105	0.00533	0.00475
6	0.01130	0.00969	0.01130	0.00807	0.01292	0.00727	0.00646	0.01373	0.01130	0.01776	0.00969	0.01130	0.00807	0.00404	0.00404	0.00081	0.00404	0.00323	0.00323	0.84173
7	0.01356	0.01171	0.01233	0.01109	0.01418	0.01356	0.00863	0.02897	0.76455	0.02281	0.02219	0.02034	0.01664	0.00740	0.00555	0.00185	0.00431	0.00616	0.00555	0.00863
8	0.00780	0.00544	0.00695	0.00703	0.00738	0.00576	0.00463	0.00853	0.00837	0.01150	0.01709	0.07895	0.01869	0.49246	0.28985	0.00630	0.00839	0.00768	0.00328	0.00392
9	0.01093	0.02820	0.78016	0.01554	0.02360	0.01266	0.02014	0.01727	0.01151	0.01727	0.00978	0.01151	0.00691	0.00518	0.00518	0.00173	0.00806	0.00403	0.00230	0.00806
10	0.00651	0.00527	0.00579	0.00620	0.00754	0.00455	0.00444	0.00775	0.01177	0.01446	0.04698	0.29893	0.53105	0.01488	0.00661	0.00196	0.00289	0.01281	0.00506	0.00455
11	0.01458	0.81168	0.02857	0.00933	0.01399	0.02157	0.00933	0.01632	0.01108	0.01283	0.00758	0.00875	0.00700	0.00466	0.00350	0.00117	0.00583	0.00292	0.00233	0.00700
12	0.01092	0.04166	0.28133	0.01111	0.01511	0.12462	0.01140	0.01457	0.01360	0.01819	0.32138	0.02435	0.04182	0.00922	0.03577	0.00193	0.00615	0.00653	0.00397	0.00638
13	0.01030	0.00969	0.01635	0.79530	0.03755	0.01211	0.01514	0.01393	0.01090	0.01393	0.00969	0.01453	0.00727	0.00545	0.00545	0.00182	0.00727	0.00484	0.00242	0.00606
14	0.01770	0.00793	0.01059	0.00865	0.01171	0.00709	0.00693	0.02040	0.03906	0.46460	0.30896	0.02711	0.02814	0.00845	0.00585	0.00170	0.00384	0.00718	0.00642	0.00767
15	0.01297	0.01083	0.01534	0.33606	0.12011	0.01219	0.01235	0.08228	0.17928	0.05472	0.01442	0.01814	0.01134	0.00641	0.00551	0.00176	0.00599	0.04497	0.00380	0.05154
16	0.00793	0.00529	0.00595	0.00595	0.00595	0.00529	0.00330	0.00793	0.00793	0.01057	0.01718	0.03568	0.01982	0.80840	0.02775	0.00529	0.00529	0.00793	0.00330	0.00330
17	0.01130	0.00969	0.01130	0.00807	0.01292	0.00727	0.00646	0.01373	0.01130	0.01776	0.00969	0.01130	0.00807	0.00404	0.00404	0.00081	0.00404	0.00323	0.00323	0.84173
18	0.01232	0.01027	0.01673	0.56387	0.03157	0.01203	0.06612	0.05410	0.03612	0.08313	0.03641	0.01582	0.00974	0.00589	0.00582	0.00181	0.02319	0.00522	0.00320	0.00665
19	0.01974	0.04068	0.01617	0.01294	0.01657	0.27727	0.01034	0.42211	0.06348	0.02532	0.01169	0.01224	0.00880	0.00632	0.00562	0.00158	0.03222	0.00445	0.00438	0.00807
20	0.01349	0.01295	0.02213	0.03346	0.77440	0.01295	0.01673	0.01673	0.01241	0.01781	0.01025	0.01349	0.00864	0.00486	0.00540	0.00162	0.00648	0.00486	0.00270	0.00864
21	0.01511	0.03787	0.06014	0.01187	0.03387	0.13240	0.00960	0.10968	0.29251	0.04979	0.01521	0.01545	0.01165	0.00803	0.04743	0.00194	0.00622	0.00487	0.00431	0.13205
22	0.10980	0.30788	0.17506	0.01075	0.01568	0.03690	0.01091	0.07580	0.01302	0.15591	0.01167	0.03457	0.00906	0.00573	0.00448	0.00151	0.00594	0.00415	0.00358	0.00759
23	0.00664	0.00474	0.00633	0.00759	0.00791	0.00443	0.00506	0.00759	0.01044	0.01392	0.03005	0.80485	0.03606	0.01708	0.00696	0.00221	0.00316	0.01550	0.00506	0.00443
24	0.00796	0.00620	0.00836	0.03088	0.01045	0.00570	0.04632	0.00976	0.01220	0.03749	0.07964	0.23327	0.33524	0.01373	0.00670	0.00204	0.00378	0.14033	0.00495	0.00499
25	0.05846	0.00960	0.01544	0.70189	0.03436	0.01177	0.01406	0.01428	0.01100	0.03930	0.01127	0.01544	0.02959	0.00571	0.00536	0.00181	0.00688	0.00495	0.00269	0.00611
26	0.00664	0.00474	0.00633	0.00759	0.00791	0.00443	0.00506	0.00759	0.01044	0.01392	0.03005	0.80485	0.03606	0.01708	0.00696	0.00221	0.00316	0.01550	0.00506	0.00443
27	0.01376	0.00744	0.00919	0.00803	0.01065	0.00687	0.00636	0.04428	0.03798	0.28163	0.05676	0.05781	0.29984	0.01419	0.10055	0.00264	0.00508	0.02488	0.00545	0.00659
28	0.01446	0.01575	0.01816	0.28753	0.29590	0.24460	0.01433	0.01729	0.01281	0.01515	0.00951	0.01275	0.00769	0.00529	0.00527	0.00162	0.00775	0.00445	0.00264	0.00706
29	0.01317	0.01262	0.02154	0.11060	0.69979	0.01287	0.01657	0.01645	0.01226	0.01742	0.01020	0.01360	0.00850	0.00492	0.00540	0.00164	0.00656	0.00486	0.00267	0.00837
30	0.84691	0.01054	0.00801	0.00717	0.01054	0.01223	0.00590	0.01603	0.00928	0.02446	0.00759	0.00886	0.00590	0.00506	0.00337	0.00169	0.00422	0.00295	0.00337	0.00590
31	0.00664	0.00474	0.00633	0.00759	0.00791	0.00443	0.00506	0.00759	0.01044	0.01392	0.03005	0.80485	0.03606	0.01708	0.00696	0.00221	0.00316	0.01550	0.00506	0.00443
32	0.02391	0.00916	0.01248	0.00961	0.01373	0.00792	0.00792	0.02603	0.01560	0.75329	0.04619	0.01929	0.01474	0.00689	0.00551	0.00169	0.00457	0.00563	0.00672	0.00914
33	0.01030	0.00969	0.01635	0.79530	0.03755	0.01211	0.01514	0.01393	0.01090	0.01393	0.00969	0.01453	0.00727	0.00545	0.00545	0.00182	0.00727	0.00484	0.00242	0.00606
34	0.01165	0.00968	0.01134	0.00812	0.01295	0.00729	0.00650	0.01406	0.01142	0.03747	0.01000	0.01149	0.00822	0.00411	0.00407	0.00083	0.00405	0.00329	0.00332	0.82016
35	0.00793	0.00529	0.00595	0.00595	0.00595	0.00529	0.00330	0.00793	0.00793	0.01057	0.01718	0.03568	0.01982	0.80840	0.02775	0.00529	0.00529	0.00793	0.00330	0.00330
36	0.01193	0.01193	0.01670	0.01431	0.01431	0.01670	0.01193	0.01312	0.00835	0.01312	0.00716	0.01193	0.00716	0.00954	0.01789	0.00239	0.79843	0.00477	0.00239	0.00596
37	0.01179	0.02307	0.50055	0.01507	0.02035	0.05932	0.01705	0.01626	0.01077	0.01576	0.00890	0.01154	0.00699	0.00655	0.00907	0.00191	0.25116	0.00423	0.00236	0.00731
38	0.01349	0.01295	0.02213	0.03346	0.77440	0.01295	0.01673	0.01673	0.01241	0.01781	0.01025	0.01349	0.00864	0.00486	0.00540	0.00162	0.00648	0.00486	0.00270	0.00864
39	0.00772	0.00557	0.00729	0.00686	0.00814	0.00514	0.00514	0.01029	0.01543	0.02186	0.77152	0.04072	0.05144	0.01115	0.00643	0.00171	0.00257	0.00986	0.00600	0.00514
40	0.00793	0.00529	0.00595	0.00595	0.00595	0.00529	0.00330	0.00793	0.00793	0.01057	0.01718	0.03568	0.01982	0.80840	0.02775	0.00529	0.00529	0.00793	0.00330	0.00330
41	0.00644	0.00552	0.00552	0.00552	0.00736	0.00460	0.00414	0.00782	0.01243	0.01473	0.05523	0.05247	0.77218	0.01381	0.00644	0.00184	0.00276	0.01151	0.00506	0.00460
42	0.00779	0.00584	0.00876	0.00876	0.00974	0.00681	0.00681	0.00974	0.00876	0.01266	0.01460	0.02142	0.01363	0.04089	0.78680	0.00876	0.01460	0.00584	0.00292	0.00487
43	0.02037	0.02598	0.01545	0.01404	0.01685	0.78652	0.01053	0.02177	0.01545	0.01334	0.00843	0.00983	0.00702	0.00562	0.00492	0.00140	0.00983	0.00351	0.00281	0.00632
44	0.01287	0.01471	0.03217	0.02298	0.02849	0.01379	0.75460	0.01746	0.01287	0.01746	0.01103	0.01471	0.00827	0.00460	0.00643	0.00184	0.00919	0.00643	0.00276	0.00735
45	0.00783	0.00569	0.00797	0.00797	0.00868	0.00639	0.00583	0.00923	0.00853	0.01207	0.01532	0.02541	0.01536	0.25556	0.57449	0.00779	0.01200	0.00642	0.00303	0.00443
46	0.02446	0.00928	0.01265	0.00970	0.01392	0.00801	0.00801	0.02657	0.01560	0.77817	0.02151	0.01856	0.01350	0.00675	0.00548	0.00169	0.00464	0.00548	0.00675	0.00928
47	0.01356	0.01171	0.01233	0.01109	0.01418	0.01356	0.00863	0.02897	0.76455	0.02281	0.02219	0.02034	0.01664	0.00740	0.00555	0.00185	0.00431	0.00616	0.00555	0.00863
48	0.02037	0.02598	0.01545	0.01404	0.01685	0.78652	0.01053	0.02177	0.01545	0.01334	0.00843	0.00983	0.00702	0.00562	0.00492	0.00140	0.00983	0.00351	0.00281	0.00632
49	0.00793	0.00529	0.00595	0.00595	0.00595	0.00529	0.00330	0.00793	0.00793	0.01057	0.01718	0.03568	0.01982	0.80840	0.02775	0.00529	0.00529	0.00793	0.00330	0.00330
50	0.02012	0.01497	0.01602	0.01242	0.01668	0.01663	0.01022	0.69518	0.08764	0.03339	0.01385	0.01370	0.00989	0.00662	0.00546	0.00165	0.00586	0.00501	0.00546	0.00922
51	0.01208	0.01101	0.01757	0.30739	0.34861	0.01195	0.01414	0.07629	0.01285	0.01735	0.01435	0.05979	0.06028	0.00648	0.00558	0.00174	0.00630	0.00588	0.00311	0.00725
