[name]
unknown

[dist]
# distance from previous block
# <min> <max>
0	210

[block]
# block no. 0 follows, 50 sequences, length 22
# corresponding to MSA columns:
# 220-241
name=unknown_A
#
# <colnr> <probs for GDERKNQSTAVLIFYWHMCP>
#	G	D	E	R	K	N	Q	S	T	A	V	L	I	F	Y	W	H	M	C	P
0	0.07851	0.01294	0.15981	0.00997	0.01359	0.06735	0.00946	0.14054	0.01369	0.18616	0.01525	0.02038	0.01237	0.00689	0.00490	0.00160	0.00518	0.12952	0.10513	0.00674
1	0.01597	0.01497	0.01195	0.01166	0.07305	0.37778	0.00825	0.01749	0.01313	0.18654	0.01860	0.08711	0.12770	0.00734	0.00501	0.00148	0.00621	0.00575	0.00384	0.00616
2	0.00647	0.00473	0.00613	0.00709	0.00756	0.00454	0.00481	0.00815	0.05287	0.01352	0.06367	0.73933	0.03265	0.01486	0.00627	0.00198	0.00292	0.01345	0.00469	0.00429
3	0.01041	0.02287	0.61725	0.01581	0.02263	0.01182	0.19725	0.01583	0.01082	0.01583	0.00921	0.01121	0.00661	0.00461	0.00501	0.00160	0.00761	0.00420	0.00220	0.00721
4	0.01081	0.00860	0.00850	0.00765	0.00896	0.07626	0.00540	0.17322	0.02980	0.01571	0.05927	0.02766	0.04834	0.45090	0.01616	0.00333	0.00507	0.03591	0.00371	0.00474
5	0.00672	0.00508	0.00619	0.00591	0.00724	0.00456	0.00444	0.00875	0.01331	0.01808	0.57500	0.04037	0.26432	0.01090	0.00588	0.00160	0.00240	0.00945	0.00524	0.00456
6	0.00941	0.00886	0.01495	0.81285	0.03433	0.01107	0.01384	0.01274	0.00997	0.01274	0.00886	0.01329	0.00664	0.00498	0.00498	0.00166	0.00664	0.00443	0.00221	0.00554
7	0.01151	0.11829	0.53250	0.01244	0.01833	0.07482	0.01474	0.01593	0.01128	0.05884	0.07665	0.01276	0.01018	0.00526	0.00465	0.00149	0.00665	0.00406	0.00266	0.00696
8	0.01239	0.60292	0.24285	0.01012	0.01526	0.01744	0.01130	0.01517	0.01024	0.01287	0.00749	0.00870	0.00637	0.00440	0.00363	0.00121	0.00590	0.00295	0.00212	0.00667
9	0.01333	0.82783	0.02612	0.00853	0.01279	0.01972	0.00853	0.01493	0.01013	0.01173	0.00693	0.00800	0.00640	0.00426	0.00320	0.00107	0.00533	0.00267	0.00213	0.00640
10	0.00720	0.00503	0.00642	0.00642	0.00676	0.00537	0.00424	0.00788	0.00754	0.01039	0.01481	0.02765	0.01596	0.52470	0.32254	0.00604	0.00808	0.00652	0.00289	0.00357
11	0.00686	0.00509	0.00640	0.00607	0.00733	0.00462	0.00455	0.00903	0.01365	0.01891	0.66833	0.03901	0.17048	0.01059	0.00588	0.00159	0.00238	0.00926	0.00534	0.00462
12	0.01000	0.02578	0.79900	0.01421	0.02157	0.01158	0.01842	0.01579	0.01052	0.01579	0.00895	0.01052	0.00631	0.00474	0.00474	0.00158	0.00737	0.00368	0.00210	0.00737
13	0.00712	0.00534	0.00801	0.00801	0.00890	0.00623	0.00623	0.00890	0.00801	0.01157	0.01335	0.01958	0.01246	0.03738	0.80507	0.00801	0.01335	0.00534	0.00267	0.00445
14	0.00720	0.00502	0.00640	0.00640	0.00673	0.00535	0.00422	0.00787	0.00753	0.01038	0.01483	0.02775	0.01601	0.53081	0.31649	0.00602	0.00801	0.00654	0.00289	0.00355
15	0.00604	0.00468	0.00551	0.00610	0.00703	0.00415	0.00427	0.00714	0.01052	0.01336	0.07106	0.45577	0.35838	0.01410	0.00614	0.00186	0.00271	0.01238	0.00467	0.00415
16	0.00724	0.00486	0.00558	0.00558	0.00563	0.00491	0.00320	0.00734	0.00729	0.00977	0.01557	0.03188	0.01780	0.78040	0.06936	0.00501	0.00531	0.00714	0.00300	0.00310
17	0.01040	0.00905	0.01113	0.00795	0.01240	0.00689	0.03790	0.01269	0.01040	0.01623	0.00891	0.01047	0.00739	0.00371	0.00378	0.00078	0.00389	0.00307	0.00294	0.82003
18	0.01403	0.01396	0.17760	0.04089	0.26850	0.04248	0.03321	0.05920	0.01242	0.18538	0.01345	0.01459	0.04120	0.00661	0.03618	0.00177	0.00615	0.00466	0.00344	0.02428
19	0.05541	0.00563	0.00732	0.13042	0.01163	0.00569	0.00604	0.00883	0.01011	0.03376	0.02827	0.44497	0.19293	0.01242	0.00584	0.00186	0.00351	0.02665	0.00421	0.00451
20	0.04548	0.15107	0.05816	0.00913	0.02874	0.02467	0.00782	0.11842	0.05402	0.03040	0.01146	0.01227	0.04152	0.00483	0.00405	0.00111	0.00454	0.00368	0.00327	0.38538
21	0.12339	0.31413	0.09315	0.01013	0.01431	0.03094	0.05165	0.15999	0.04893	0.03437	0.02252	0.02402	0.00840	0.00511	0.00409	0.00135	0.00537	0.00380	0.00317	0.04118

[dist]
# distance from previous block
# <min> <max>
8	17

[block]
# block no. 1 follows, 50 sequences, length 15
# corresponding to MSA columns:
# 259-273
name=unknown_B
#
# <colnr> <probs for GDERKNQSTAVLIFYWHMCP>
#	G	D	E	R	K	N	Q	S	T	A	V	L	I	F	Y	W	H	M	C	P
0	0.01235	0.01186	0.09482	0.01479	0.09711	0.01016	0.22155	0.07483	0.08587	0.10692	0.01659	0.11721	0.05769	0.00679	0.00538	0.00162	0.00565	0.00645	0.00374	0.04863
1	0.00642	0.00459	0.00618	0.00734	0.00778	0.00435	0.00523	0.00754	0.00989	0.01311	0.02728	0.68541	0.03221	0.01529	0.00646	0.00207	0.00319	0.14689	0.00462	0.00414
2	0.01041	0.06756	0.37101	0.01180	0.01623	0.09465	0.05202	0.03709	0.01140	0.01528	0.07115	0.19005	0.01533	0.00755	0.00512	0.00162	0.00606	0.00640	0.00307	0.00621
3	0.01190	0.07949	0.09078	0.03836	0.04697	0.12174	0.16784	0.01466	0.01172	0.04761	0.09782	0.06919	0.01347	0.00586	0.00489	0.00139	0.00590	0.00527	0.00315	0.16200
4	0.00724	0.00559	0.00647	0.00649	0.00764	0.00542	0.00463	0.01015	0.10934	0.01538	0.22557	0.21311	0.22792	0.12212	0.00853	0.00216	0.00306	0.00989	0.00469	0.00460
5	0.00876	0.00861	0.05468	0.29459	0.09097	0.00864	0.05650	0.01126	0.01007	0.01372	0.01588	0.28331	0.01639	0.00880	0.00587	0.00177	0.03456	0.02607	0.04421	0.00536
6	0.04730	0.06266	0.05762	0.01611	0.16206	0.14975	0.14488	0.05874	0.10267	0.04991	0.04170	0.04784	0.01094	0.00573	0.00515	0.00153	0.02025	0.00502	0.00328	0.00683
7	0.01204	0.07799	0.35270	0.04628	0.11829	0.07029	0.14624	0.03807	0.01141	0.03452	0.00921	0.01128	0.00697	0.00484	0.00532	0.00155	0.03935	0.00416	0.00245	0.00705
8	0.00734	0.00498	0.00578	0.00564	0.00693	0.00468	0.00425	0.00933	0.01180	0.01702	0.30235	0.03361	0.24433	0.01209	0.07606	0.00206	0.00337	0.00792	0.23594	0.00453
9	0.01246	0.01203	0.01032	0.00999	0.01191	0.24386	0.00790	0.09710	0.04926	0.03212	0.02041	0.14471	0.06399	0.01008	0.00571	0.00179	0.00559	0.25119	0.00410	0.00550
10	0.01413	0.06407	0.27710	0.15007	0.05098	0.01081	0.04174	0.05208	0.01213	0.24039	0.01252	0.03184	0.00894	0.00544	0.00487	0.00156	0.00601	0.00453	0.00351	0.00728
11	0.00603	0.00477	0.00534	0.00577	0.00685	0.00418	0.00406	0.00708	0.01047	0.01299	0.04017	0.33323	0.47083	0.05606	0.00708	0.00197	0.00278	0.01170	0.00454	0.00409
12	0.01259	0.00668	0.00870	0.00739	0.00958	0.00616	0.00581	0.05884	0.01470	0.26631	0.50187	0.02935	0.03382	0.00867	0.00555	0.00156	0.00313	0.00749	0.00567	0.00612
13	0.08773	0.13207	0.24185	0.07191	0.12598	0.12136	0.04979	0.04387	0.01124	0.01555	0.00841	0.01041	0.00665	0.00492	0.00506	0.00149	0.04885	0.00372	0.00245	0.00669
14	0.01368	0.01780	0.26780	0.07710	0.14394	0.14616	0.04376	0.06499	0.05263	0.09180	0.02635	0.01255	0.00866	0.00518	0.00487	0.00152	0.00670	0.00426	0.00306	0.00717

[dist]
# distance from previous block
# <min> <max>
0	2

[block]
# block no. 2 follows, 50 sequences, length 28
# corresponding to MSA columns:
# 276-303
name=unknown_C
#
# <colnr> <probs for GDERKNQSTAVLIFYWHMCP>
#	G	D	E	R	K	N	Q	S	T	A	V	L	I	F	Y	W	H	M	C	P
0	0.00940	0.00767	0.03580	0.01063	0.11485	0.03018	0.00697	0.02910	0.02347	0.05606	0.03314	0.10621	0.03807	0.26004	0.18341	0.00399	0.00666	0.03598	0.00340	0.00496
1	0.01171	0.03467	0.26952	0.01091	0.01506	0.04414	0.04803	0.08417	0.19420	0.01876	0.01355	0.01446	0.01018	0.00555	0.00455	0.00148	0.00528	0.00450	0.20243	0.00683
2	0.01137	0.01065	0.01821	0.35879	0.08559	0.01180	0.19598	0.11861	0.01211	0.01620	0.00998	0.01379	0.00782	0.02387	0.05693	0.00211	0.03226	0.00490	0.00273	0.00629
3	0.08537	0.02618	0.02622	0.13110	0.15948	0.13235	0.06054	0.19006	0.01400	0.01924	0.01005	0.01203	0.00778	0.00509	0.00461	0.00145	0.00602	0.00416	0.08045	0.02382
4	0.00714	0.00527	0.00765	0.00765	0.00841	0.00603	0.00578	0.00867	0.00790	0.01130	0.01368	0.02142	0.01326	0.14835	0.69520	0.00756	0.01215	0.00561	0.00272	0.00425
5	0.00592	0.00495	0.00515	0.00532	0.00680	0.00419	0.00391	0.00712	0.01110	0.01336	0.04725	0.15708	0.68470	0.01305	0.00596	0.00173	0.00258	0.01103	0.00463	0.00419
6	0.00866	0.00433	0.00649	0.00649	0.00649	0.00433	0.00433	0.00649	0.00649	0.00866	0.00866	0.01515	0.00866	0.01732	0.01948	0.85498	0.00433	0.00433	0.00216	0.00216
7	0.01119	0.01139	0.01522	0.01308	0.01317	0.04477	0.01086	0.01229	0.00788	0.01200	0.00659	0.01083	0.00654	0.00859	0.01591	0.00215	0.78555	0.00432	0.00220	0.00546
8	0.01165	0.01114	0.01899	0.21396	0.61572	0.01166	0.01496	0.01470	0.01103	0.01545	0.00925	0.01256	0.00760	0.00457	0.00495	0.00152	0.00609	0.00444	0.00241	0.00734
9	0.01311	0.77488	0.07714	0.00890	0.01337	0.01918	0.00918	0.01498	0.01015	0.01199	0.00706	0.00816	0.00639	0.00430	0.00330	0.00110	0.00546	0.00273	0.00213	0.00646
10	0.15656	0.01725	0.39219	0.01081	0.01636	0.01007	0.01213	0.03146	0.01085	0.11188	0.00994	0.01088	0.00715	0.00470	0.00428	0.00140	0.00560	0.00354	0.00300	0.17996
11	0.00723	0.00485	0.00553	0.00550	0.00559	0.00482	0.00315	0.00742	0.00778	0.01046	0.07566	0.03298	0.02036	0.76184	0.02386	0.00458	0.00464	0.00739	0.00321	0.00315
12	0.01243	0.01359	0.05535	0.15420	0.05741	0.08791	0.30378	0.09585	0.01232	0.01613	0.01060	0.01343	0.03191	0.00547	0.00670	0.00167	0.10701	0.00503	0.00274	0.00646
13	0.00643	0.00463	0.00596	0.00653	0.00712	0.00430	0.00448	0.00767	0.01076	0.01458	0.24368	0.49400	0.07987	0.07648	0.00767	0.00209	0.00287	0.01197	0.00475	0.00416
14	0.00945	0.00886	0.01608	0.05371	0.12302	0.00851	0.26023	0.01232	0.01179	0.01642	0.18606	0.09442	0.08360	0.00758	0.00558	0.00163	0.00514	0.02055	0.06927	0.00574
15	0.01096	0.00764	0.00897	0.00758	0.01031	0.00710	0.00596	0.03182	0.15108	0.12508	0.19039	0.02625	0.15299	0.00849	0.02149	0.00156	0.00358	0.02275	0.00469	0.20131
16	0.00941	0.00886	0.01495	0.81285	0.03433	0.01107	0.01384	0.01274	0.00997	0.01274	0.00886	0.01329	0.00664	0.00498	0.00498	0.00166	0.00664	0.00443	0.00221	0.00554
17	0.01238	0.01189	0.01065	0.00991	0.01216	0.18044	0.00757	0.06855	0.30794	0.01727	0.01850	0.19453	0.01735	0.00865	0.00529	0.00166	0.00493	0.05989	0.00430	0.04613
18	0.33945	0.01017	0.07526	0.10903	0.01347	0.04671	0.00785	0.01290	0.00949	0.01730	0.01214	0.14589	0.01158	0.00712	0.00507	0.00165	0.05804	0.02196	0.08965	0.00528
19	0.05387	0.03046	0.06556	0.01230	0.05958	0.22252	0.00974	0.25714	0.07032	0.02032	0.01071	0.01181	0.00827	0.00575	0.00548	0.00148	0.06876	0.00407	0.07501	0.00688
20	0.03835	0.18208	0.02985	0.01110	0.06954	0.01289	0.00886	0.23177	0.03149	0.23464	0.01249	0.01241	0.00897	0.00539	0.00466	0.00138	0.01930	0.00409	0.00422	0.07652
21	0.06837	0.02718	0.18641	0.01377	0.01757	0.01312	0.16796	0.15694	0.04966	0.01845	0.01048	0.03015	0.00857	0.00628	0.00749	0.00174	0.18047	0.02554	0.00307	0.00676
22	0.00983	0.01606	0.39264	0.19950	0.02089	0.00956	0.01365	0.01373	0.01043	0.06600	0.01362	0.18602	0.01252	0.00723	0.00516	0.00169	0.00603	0.00620	0.00294	0.00630
23	0.00799	0.00654	0.00975	0.29646	0.01779	0.00707	0.00861	0.01014	0.01017	0.01352	0.01952	0.30094	0.03469	0.01038	0.00571	0.00183	0.00459	0.14953	0.02385	0.06090
24	0.00884	0.00798	0.00769	0.00819	0.00908	0.13045	0.00579	0.05381	0.01112	0.01379	0.02344	0.62588	0.02726	0.01336	0.00600	0.00188	0.00405	0.03247	0.00432	0.00459
25	0.00697	0.00562	0.00686	0.00712	0.00810	0.00557	0.00514	0.00879	0.05495	0.01351	0.03066	0.46748	0.23040	0.01320	0.00681	0.00186	0.06574	0.01141	0.00438	0.04542
26	0.01527	0.15129	0.24487	0.01256	0.01679	0.44957	0.01202	0.01792	0.01244	0.01317	0.00794	0.00928	0.00639	0.00488	0.00436	0.00134	0.00794	0.00326	0.00236	0.00634
27	0.06405	0.21553	0.22813	0.01067	0.01523	0.12749	0.01082	0.05407	0.01232	0.16214	0.04698	0.01207	0.00944	0.00526	0.00435	0.00140	0.00599	0.00385	0.00330	0.00692

[dist]
# distance from previous block
# <min> <max>
0	31

[block]
# block no. 3 follows, 50 sequences, length 85
# corresponding to MSA columns:
# 335-396,398-420
name=unknown_D
#
# <colnr> <probs for GDERKNQSTAVLIFYWHMCP>
#	G	D	E	R	K	N	Q	S	T	A	V	L	I	F	Y	W	H	M	C	P
0	0.06502	0.04641	0.11772	0.01149	0.06024	0.08630	0.03879	0.07699	0.06528	0.17006	0.01575	0.17052	0.01400	0.00800	0.01765	0.00172	0.00537	0.01802	0.00401	0.00667
1	0.28785	0.13254	0.07874	0.00828	0.01160	0.01064	0.00750	0.01599	0.01085	0.20484	0.08975	0.05001	0.01297	0.02158	0.00506	0.00158	0.03544	0.00462	0.00387	0.00628
2	0.01197	0.20220	0.04395	0.03376	0.16730	0.01205	0.10744	0.01559	0.07888	0.05886	0.05906	0.01658	0.04015	0.00563	0.00470	0.00141	0.00527	0.03527	0.00321	0.09672
3	0.00610	0.00436	0.00581	0.00692	0.00724	0.00407	0.00463	0.00701	0.00967	0.01292	0.04813	0.80035	0.03335	0.01547	0.00635	0.00201	0.00288	0.01403	0.00465	0.00407
4	0.01024	0.00876	0.01024	0.00737	0.01171	0.00659	0.00588	0.01243	0.01032	0.01616	0.00927	0.02827	0.00795	0.00395	0.00375	0.00077	0.00367	0.00320	0.00299	0.83648
5	0.01327	0.00982	0.01137	0.00834	0.01262	0.00845	0.00675	0.16393	0.01331	0.09960	0.01058	0.01134	0.00811	0.00440	0.00408	0.00097	0.00410	0.00347	0.00368	0.60182
6	0.01083	0.01079	0.01512	0.01298	0.01300	0.01508	0.01081	0.01193	0.00764	0.01199	0.00668	0.01108	0.00666	0.00931	0.03253	0.00230	0.79925	0.00438	0.00219	0.00543
7	0.00628	0.00445	0.00570	0.00661	0.00689	0.00419	0.00431	0.00700	0.00919	0.01220	0.02613	0.65612	0.05514	0.15927	0.00972	0.00251	0.00322	0.01282	0.00434	0.00387
8	0.00974	0.00919	0.01303	0.01152	0.01179	0.01248	0.00946	0.01104	0.00775	0.01186	0.00865	0.01358	0.00837	0.01757	0.25992	0.00398	0.56793	0.00466	0.00233	0.00514
9	0.86003	0.00964	0.00733	0.00655	0.00964	0.01118	0.00540	0.01465	0.00848	0.02236	0.00694	0.00810	0.00540	0.00463	0.00308	0.00154	0.00386	0.00270	0.00308	0.00540
10	0.00656	0.00504	0.00601	0.00584	0.00717	0.00448	0.00435	0.00843	0.01284	0.01715	0.47232	0.08125	0.32773	0.01139	0.00591	0.00163	0.00244	0.00985	0.00512	0.00448
11	0.01502	0.01201	0.01275	0.01067	0.01396	0.01362	0.00852	0.32674	0.48021	0.02508	0.01696	0.01594	0.01252	0.00645	0.00504	0.00161	0.00456	0.00518	0.00504	0.00812
12	0.01049	0.01027	0.01434	0.01240	0.01245	0.01420	0.01023	0.01157	0.00764	0.01185	0.00741	0.01253	0.00748	0.05200	0.06363	0.00266	0.72677	0.00457	0.00225	0.00527
13	0.00703	0.00524	0.00735	0.00727	0.00822	0.00567	0.00553	0.00879	0.00955	0.01345	0.18833	0.02624	0.07456	0.07638	0.52629	0.00596	0.00966	0.00663	0.00345	0.00440
14	0.86003	0.00964	0.00733	0.00655	0.00964	0.01118	0.00540	0.01465	0.00848	0.02236	0.00694	0.00810	0.00540	0.00463	0.00308	0.00154	0.00386	0.00270	0.00308	0.00540
15	0.01307	0.76605	0.08565	0.00897	0.01347	0.01910	0.00929	0.01499	0.01016	0.01204	0.00708	0.00819	0.00639	0.00430	0.00332	0.00111	0.00549	0.00274	0.00213	0.00647
16	0.01862	0.02376	0.01413	0.01284	0.01541	0.80482	0.00963	0.01990	0.01413	0.01220	0.00770	0.00899	0.00642	0.00514	0.00449	0.00128	0.00899	0.00321	0.00257	0.00578
17	0.00594	0.00505	0.00511	0.00510	0.00676	0.00423	0.00382	0.00724	0.01147	0.01372	0.07935	0.04755	0.76270	0.01253	0.00589	0.00168	0.00252	0.01046	0.00466	0.00423
18	0.14408	0.01327	0.09861	0.01435	0.01895	0.01175	0.31795	0.13662	0.01343	0.16493	0.01157	0.01276	0.00814	0.00497	0.00504	0.00159	0.00637	0.00479	0.00363	0.00719
19	0.01333	0.82783	0.02612	0.00853	0.01279	0.01972	0.00853	0.01493	0.01013	0.01173	0.00693	0.00800	0.00640	0.00426	0.00320	0.00107	0.00533	0.00267	0.00213	0.00640
20	0.01000	0.02578	0.79900	0.01421	0.02157	0.01158	0.01842	0.01579	0.01052	0.01579	0.00895	0.01052	0.00631	0.00474	0.00474	0.00158	0.00737	0.00368	0.00210	0.00737
21	0.00866	0.00433	0.00649	0.00649	0.00649	0.00433	0.00433	0.00649	0.00649	0.00866	0.00866	0.01515	0.00866	0.01732	0.01948	0.85498	0.00433	0.00433	0.00216	0.00216
22	0.00725	0.00483	0.00544	0.00544	0.00544	0.00483	0.00302	0.00725	0.00725	0.00966	0.01571	0.03262	0.01812	0.82483	0.02537	0.00483	0.00483	0.00725	0.00302	0.00302
23	0.00610	0.00506	0.00533	0.00526	0.00686	0.00429	0.00395	0.00755	0.01184	0.01461	0.18072	0.04608	0.66076	0.01220	0.00589	0.00166	0.00249	0.01025	0.00478	0.00429
24	0.00705	0.00510	0.00666	0.00627	0.00745	0.00470	0.00470	0.00941	0.01411	0.01999	0.79110	0.03723	0.04703	0.01019	0.00588	0.00157	0.00235	0.00901	0.00549	0.00470
25	0.01265	0.00862	0.05042	0.00918	0.01128	0.00858	0.00763	0.09902	0.01125	0.20239	0.01403	0.01805	0.01163	0.09985	0.32544	0.00449	0.09062	0.00517	0.00373	0.00598
26	0.00606	0.00437	0.00575	0.00684	0.00720	0.00406	0.00458	0.00695	0.00964	0.01276	0.02865	0.78216	0.07162	0.01546	0.00634	0.00201	0.00287	0.01398	0.00463	0.00406
27	0.00612	0.00437	0.00584	0.00699	0.00730	0.00409	0.00471	0.00702	0.00959	0.01278	0.02745	0.80340	0.03287	0.01557	0.00637	0.00203	0.00293	0.03188	0.00463	0.00406
28	0.02462	0.00825	0.00959	0.00890	0.02657	0.00909	0.00646	0.10284	0.21405	0.06823	0.01689	0.08173	0.01578	0.26774	0.05487	0.00305	0.05131	0.02026	0.00406	0.00575
29	0.01034	0.01829	0.41286	0.07680	0.05932	0.01256	0.04533	0.01422	0.00964	0.01434	0.00840	0.01129	0.00669	0.00674	0.02851	0.00193	0.24985	0.00411	0.00219	0.00658
30	0.00607	0.00463	0.00558	0.00624	0.00707	0.00414	0.00434	0.00716	0.01045	0.01342	0.08101	0.50293	0.30055	0.01424	0.00617	0.00188	0.00273	0.01258	0.00468	0.00414
31	0.01352	0.01127	0.01190	0.01037	0.01339	0.01292	0.00816	0.15539	0.65400	0.02266	0.01886	0.01746	0.01406	0.00663	0.00506	0.00166	0.00421	0.00544	0.00506	0.00799
32	0.01052	0.01432	0.22873	0.38313	0.15001	0.01139	0.08569	0.01451	0.01059	0.03085	0.00930	0.01248	0.00696	0.00478	0.00499	0.00161	0.00684	0.00438	0.00234	0.00658
33	0.01372	0.01410	0.22192	0.20488	0.06047	0.01090	0.02835	0.09116	0.08415	0.18571	0.01275	0.01403	0.00905	0.02050	0.00532	0.00165	0.00592	0.00456	0.00361	0.00726
34	0.00746	0.00627	0.00885	0.28461	0.01627	0.00679	0.00741	0.00928	0.01002	0.01279	0.06532	0.11950	0.23666	0.13605	0.04933	0.00251	0.00489	0.00799	0.00349	0.00451
35	0.19523	0.00951	0.01025	0.00793	0.01174	0.00891	0.00641	0.05729	0.07431	0.06501	0.01012	0.01103	0.00792	0.00458	0.00424	0.00113	0.03043	0.00337	0.00343	0.47715
36	0.32548	0.26130	0.07345	0.00912	0.01271	0.09296	0.00836	0.05583	0.05009	0.01750	0.00809	0.00922	0.00659	0.00496	0.00426	0.00141	0.04652	0.00314	0.00283	0.00618
37	0.00762	0.00458	0.00529	0.00575	0.00657	0.00444	0.00407	0.00922	0.01000	0.01540	0.02314	0.34347	0.07814	0.02630	0.03846	0.00190	0.00307	0.00898	0.39927	0.00434
38	0.00713	0.00533	0.00599	0.00572	0.00736	0.00468	0.00433	0.00904	0.02868	0.04989	0.29014	0.04250	0.49844	0.01142	0.00583	0.00164	0.00257	0.00969	0.00499	0.00463
39	0.05359	0.00770	0.01005	0.00803	0.01124	0.00680	0.00653	0.02006	0.01375	0.57428	0.14454	0.02246	0.08397	0.00729	0.00514	0.00156	0.00378	0.00602	0.00580	0.00739
40	0.00941	0.00886	0.01495	0.81285	0.03433	0.01107	0.01384	0.01274	0.00997	0.01274	0.00886	0.01329	0.00664	0.00498	0.00498	0.00166	0.00664	0.00443	0.00221	0.00554
41	0.00748	0.00548	0.00681	0.00639	0.00777	0.00514	0.00482	0.01038	0.05950	0.03223	0.63689	0.03717	0.14061	0.01023	0.00582	0.00159	0.00250	0.00894	0.00536	0.00489
42	0.00946	0.00668	0.00721	0.00646	0.00830	0.00660	0.00497	0.15737	0.01386	0.01919	0.17945	0.03173	0.28862	0.04335	0.00599	0.00164	0.00311	0.00762	0.19321	0.00518
43	0.01333	0.82783	0.02612	0.00853	0.01279	0.01972	0.00853	0.01493	0.01013	0.01173	0.00693	0.00800	0.00640	0.00426	0.00320	0.00107	0.00533	0.00267	0.00213	0.00640
44	0.05579	0.01066	0.01267	0.00974	0.01363	0.01061	0.00804	0.31434	0.01746	0.44771	0.01586	0.01448	0.01042	0.00597	0.00489	0.00150	0.00469	0.00466	0.00550	0.03141
45	0.01333	0.82783	0.02612	0.00853	0.01279	0.01972	0.00853	0.01493	0.01013	0.01173	0.00693	0.00800	0.00640	0.00426	0.00320	0.00107	0.00533	0.00267	0.00213	0.00640
46	0.86003	0.00964	0.00733	0.00655	0.00964	0.01118	0.00540	0.01465	0.00848	0.02236	0.00694	0.00810	0.00540	0.00463	0.00308	0.00154	0.00386	0.00270	0.00308	0.00540
47	0.01000	0.02578	0.79900	0.01421	0.02157	0.01158	0.01842	0.01579	0.01052	0.01579	0.00895	0.01052	0.00631	0.00474	0.00474	0.00158	0.00737	0.00368	0.00210	0.00737
48	0.00725	0.00483	0.00544	0.00544	0.00544	0.00483	0.00302	0.00725	0.00725	0.00966	0.01571	0.03262	0.01812	0.82483	0.02537	0.00483	0.00483	0.00725	0.00302	0.00302
49	0.00621	0.00444	0.00593	0.00703	0.00740	0.00416	0.00480	0.00722	0.00983	0.01314	0.05909	0.75005	0.03333	0.01530	0.00637	0.00202	0.00296	0.05196	0.00466	0.00410
50	0.00607	0.00434	0.00578	0.00694	0.00723	0.00405	0.00463	0.00694	0.00954	0.01272	0.02747	0.82157	0.03297	0.01562	0.00636	0.00202	0.00289	0.01417	0.00463	0.00405
51	0.00592	0.00505	0.00509	0.00508	0.00675	0.00422	0.00381	0.00721	0.01143	0.01364	0.06981	0.04769	0.77229	0.01256	0.00589	0.00168	0.00252	0.01048	0.00465	0.00422
52	0.01000	0.02578	0.79900	0.01421	0.02157	0.01158	0.01842	0.01579	0.01052	0.01579	0.00895	0.01052	0.00631	0.00474	0.00474	0.00158	0.00737	0.00368	0.00210	0.00737
53	0.02236	0.00848	0.01157	0.00887	0.01272	0.00733	0.00733	0.02429	0.01427	0.79719	0.01966	0.01697	0.01234	0.00617	0.00501	0.00154	0.00424	0.00501	0.00617	0.00848
54	0.02236	0.00848	0.01157	0.00887	0.01272	0.00733	0.00733	0.02429	0.01427	0.79719	0.01966	0.01697	0.01234	0.00617	0.00501	0.00154	0.00424	0.00501	0.00617	0.00848
55	0.01215	0.54334	0.30026	0.01054	0.01591	0.01683	0.01204	0.01523	0.01027	0.01317	0.00764	0.00889	0.00637	0.00443	0.00374	0.00125	0.00605	0.00303	0.00212	0.00674
56	0.01334	0.00897	0.01465	0.01141	0.01414	0.00888	0.19117	0.04000	0.01265	0.23760	0.21449	0.02169	0.01981	0.06840	0.00824	0.00190	0.09560	0.00633	0.00440	0.00634
57	0.00607	0.00434	0.00578	0.00694	0.00723	0.00405	0.00463	0.00694	0.00954	0.01272	0.02747	0.82157	0.03297	0.01562	0.00636	0.00202	0.00289	0.01417	0.00463	0.00405
58	0.01034	0.00886	0.01034	0.00738	0.01181	0.00664	0.00591	0.01255	0.01034	0.01624	0.00886	0.01034	0.00738	0.00369	0.00369	0.00074	0.00369	0.00295	0.00295	0.85530
59	0.01249	0.29303	0.02031	0.17960	0.17512	0.01460	0.05653	0.05697	0.04552	0.03103	0.00931	0.01151	0.00758	0.00493	0.00493	0.00143	0.04480	0.00398	0.01965	0.00668
60	0.00866	0.00433	0.00649	0.00649	0.00649	0.00433	0.00433	0.00649	0.00649	0.00866	0.00866	0.01515	0.00866	0.01732	0.01948	0.85498	0.00433	0.00433	0.00216	0.00216
61	0.02236	0.00848	0.01157	0.00887	0.01272	0.00733	0.00733	0.02429	0.01427	0.79719	0.01966	0.01697	0.01234	0.00617	0.00501	0.00154	0.00424	0.00501	0.00617	0.00848
62	0.01834	0.01975	0.01422	0.01223	0.01527	0.49754	0.00947	0.26827	0.06462	0.01902	0.00988	0.01056	0.00764	0.00551	0.00469	0.00138	0.00753	0.00378	0.00351	0.00679
63	0.01034	0.00886	0.01034	0.00738	0.01181	0.00664	0.00591	0.01255	0.01034	0.01624	0.00886	0.01034	0.00738	0.00369	0.00369	0.00074	0.00369	0.00295	0.00295	0.85530
64	0.01121	0.31891	0.51653	0.01213	0.01836	0.01455	0.01480	0.01547	0.01038	0.01430	0.00821	0.00960	0.00634	0.00456	0.00417	0.00139	0.00662	0.00331	0.00211	0.00701
65	0.01420	0.01184	0.01279	0.01170	0.05829	0.02707	0.00875	0.21988	0.53008	0.02317	0.01729	0.01636	0.01290	0.00640	0.00503	0.00162	0.00454	0.00523	0.00486	0.00800
66	0.00929	0.00465	0.00465	0.00465	0.00581	0.00465	0.00348	0.01161	0.01045	0.01858	0.01626	0.01858	0.01278	0.00581	0.00348	0.00116	0.00232	0.00465	0.85250	0.00465
67	0.00992	0.04253	0.74148	0.01368	0.02066	0.01141	0.01750	0.01544	0.01070	0.01591	0.04875	0.01183	0.00839	0.00500	0.00476	0.00157	0.00707	0.00393	0.00228	0.00721
68	0.21513	0.01210	0.02248	0.07138	0.02209	0.01228	0.50383	0.01525	0.01067	0.01710	0.00908	0.01204	0.00693	0.00456	0.00563	0.00167	0.04396	0.00495	0.00262	0.00627
69	0.01022	0.00968	0.01640	0.59753	0.24335	0.01129	0.01424	0.01344	0.01035	0.01371	0.00900	0.01303	0.00699	0.00483	0.00497	0.00161	0.00645	0.00443	0.00228	0.00619
70	0.00797	0.00530	0.00696	0.00643	0.00776	0.00486	0.00486	0.01030	0.01412	0.06655	0.74488	0.03602	0.04495	0.00995	0.00583	0.00157	0.00246	0.00877	0.00553	0.00493
71	0.00716	0.00518	0.00722	0.00722	0.00783	0.00580	0.00524	0.00839	0.00778	0.01098	0.01408	0.02359	0.01420	0.27972	0.56512	0.00703	0.01073	0.00593	0.00278	0.00401
72	0.00595	0.00483	0.00528	0.00564	0.00689	0.00416	0.00405	0.00709	0.01079	0.01323	0.04326	0.29120	0.55316	0.01356	0.00604	0.00179	0.00264	0.01167	0.00463	0.00416
73	0.01052	0.00685	0.00890	0.00775	0.00935	0.00714	0.02673	0.07164	0.01294	0.09823	0.33270	0.03877	0.02610	0.02626	0.03285	0.00183	0.08703	0.00671	0.18225	0.00545
74	0.11845	0.20728	0.03655	0.01197	0.01537	0.42442	0.08958	0.01760	0.01218	0.01380	0.00771	0.00916	0.00641	0.00476	0.00417	0.00131	0.00742	0.00331	0.00251	0.00601
75	0.86003	0.00964	0.00733	0.00655	0.00964	0.01118	0.00540	0.01465	0.00848	0.02236	0.00694	0.00810	0.00540	0.00463	0.00308	0.00154	0.00386	0.00270	0.00308	0.00540
76	0.10573	0.00958	0.01160	0.01019	0.02611	0.02545	0.04661	0.06084	0.18305	0.06127	0.03039	0.01585	0.01143	0.04072	0.05928	0.00220	0.17097	0.00488	0.11767	0.00617
77	0.00639	0.00463	0.00609	0.00704	0.00761	0.00433	0.00501	0.00760	0.01030	0.01367	0.09266	0.60202	0.08798	0.01471	0.00636	0.00200	0.00304	0.10968	0.00469	0.00418
78	0.01050	0.01102	0.01928	0.20718	0.02257	0.05170	0.31833	0.01335	0.01050	0.01390	0.01199	0.14438	0.01127	0.00694	0.00718	0.00178	0.12306	0.00653	0.00274	0.00577
79	0.00607	0.00434	0.00578	0.00694	0.00723	0.00405	0.00463	0.00694	0.00954	0.01272	0.02747	0.82157	0.03297	0.01562	0.00636	0.00202	0.00289	0.01417	0.00463	0.00405
80	0.00662	0.00483	0.00623	0.00641	0.00731	0.00443	0.00460	0.00836	0.01229	0.01692	0.46401	0.31353	0.10133	0.01229	0.00605	0.00174	0.00256	0.01094	0.00512	0.00443
81	0.01129	0.01489	0.14571	0.07446	0.02526	0.01248	0.56651	0.01551	0.01123	0.01551	0.00964	0.01285	0.00725	0.00458	0.00619	0.00169	0.05050	0.00536	0.00242	0.00667
82	0.03555	0.06210	0.01446	0.01270	0.05914	0.52763	0.00932	0.06079	0.05556	0.02833	0.00897	0.01006	0.00726	0.00506	0.00441	0.00128	0.00748	0.00345	0.00292	0.08351
83	0.01726	0.01403	0.06905	0.02884	0.04943	0.05525	0.00996	0.51322	0.03273	0.09267	0.01304	0.05859	0.01000	0.00634	0.00502	0.00153	0.00556	0.00498	0.00457	0.00791
84	0.02780	0.02623	0.12196	0.00959	0.01387	0.00971	0.00874	0.13872	0.09742	0.19186	0.03060	0.03093	0.01073	0.00551	0.00457	0.00132	0.00463	0.00441	0.00418	0.25720

[dist]
# distance from previous block
# <min> <max>
2	7

[block]
# block no. 4 follows, 50 sequences, length 14
# corresponding to MSA columns:
# 428-441
name=unknown_E
#
# <colnr> <probs for GDERKNQSTAVLIFYWHMCP>
#	G	D	E	R	K	N	Q	S	T	A	V	L	I	F	Y	W	H	M	C	P
0	0.06165	0.12306	0.09125	0.01870	0.33654	0.03459	0.03035	0.01754	0.12134	0.07222	0.01111	0.01242	0.00869	0.00490	0.00457	0.00145	0.00553	0.00419	0.00308	0.03683
1	0.01167	0.00991	0.02683	0.05534	0.06699	0.03159	0.00783	0.12153	0.13548	0.04571	0.08069	0.05160	0.09978	0.00677	0.00487	0.00138	0.00427	0.00566	0.00404	0.22806
2	0.00755	0.00537	0.00692	0.00736	0.00841	0.00501	0.00550	0.02522	0.01088	0.03185	0.10330	0.40958	0.07328	0.04946	0.00702	0.00204	0.00341	0.17528	0.00457	0.05801
3	0.01271	0.18021	0.15291	0.00976	0.01442	0.01213	0.00942	0.12921	0.09565	0.03852	0.01046	0.01120	0.00813	0.00473	0.00415	0.00119	0.00498	0.00359	0.00325	0.29339
4	0.00705	0.00525	0.00667	0.00675	0.00803	0.00486	0.00536	0.00916	0.01284	0.01727	0.43387	0.04445	0.20361	0.01164	0.00614	0.00178	0.00297	0.20267	0.00507	0.00457
5	0.08191	0.01208	0.07915	0.03197	0.11738	0.01082	0.19624	0.11674	0.01324	0.18953	0.02526	0.01384	0.00941	0.00618	0.03087	0.00175	0.00611	0.00479	0.02211	0.03061
6	0.01358	0.16460	0.11766	0.03806	0.05354	0.04019	0.04846	0.11775	0.15760	0.07954	0.01353	0.01505	0.03125	0.00604	0.00547	0.00155	0.05683	0.02861	0.00358	0.00710
7	0.02076	0.00841	0.01111	0.00870	0.01230	0.00755	0.00713	0.02366	0.07421	0.68723	0.01950	0.01720	0.01259	0.00619	0.00492	0.00153	0.00410	0.00504	0.05968	0.00819
8	0.00637	0.00472	0.00595	0.00638	0.00721	0.00430	0.00450	0.00781	0.01140	0.01530	0.28792	0.41900	0.17433	0.01326	0.00612	0.00181	0.00264	0.01178	0.00492	0.00430
9	0.01132	0.01891	0.42050	0.05656	0.02145	0.01178	0.18827	0.05608	0.07277	0.04096	0.01105	0.03416	0.00834	0.00526	0.00530	0.00163	0.02099	0.00475	0.00279	0.00714
10	0.00952	0.00901	0.01286	0.32197	0.18204	0.06368	0.01070	0.01181	0.01047	0.01346	0.01612	0.25473	0.04665	0.00836	0.00539	0.00171	0.00537	0.00749	0.00311	0.00555
11	0.00702	0.00522	0.00588	0.00563	0.00724	0.00451	0.00425	0.00867	0.01241	0.05064	0.29755	0.04298	0.50712	0.01152	0.00585	0.00164	0.00254	0.00977	0.00499	0.00456
12	0.00973	0.00941	0.01612	0.67859	0.03177	0.01157	0.07394	0.01293	0.00990	0.01293	0.00875	0.01309	0.00671	0.00526	0.00607	0.00171	0.07913	0.00454	0.00224	0.00562
13	0.22186	0.06963	0.05997	0.09115	0.01551	0.05053	0.10185	0.08061	0.01127	0.01744	0.01297	0.16222	0.01259	0.00723	0.00478	0.00163	0.00527	0.04585	0.00330	0.02433

[dist]
# distance from previous block
# <min> <max>
0	1

[block]
# block no. 5 follows, 50 sequences, length 7
# corresponding to MSA columns:
# 443-449
name=unknown_F
#
# <colnr> <probs for GDERKNQSTAVLIFYWHMCP>
#	G	D	E	R	K	N	Q	S	T	A	V	L	I	F	Y	W	H	M	C	P
0	0.01470	0.10765	0.19331	0.01198	0.01584	0.36784	0.01105	0.04054	0.12643	0.01511	0.04231	0.01190	0.00943	0.00542	0.00457	0.00141	0.00711	0.00389	0.00297	0.00655
1	0.29236	0.00946	0.01037	0.00794	0.01187	0.00880	0.03448	0.04632	0.01074	0.10189	0.00955	0.01048	0.00731	0.00438	0.00377	0.00116	0.00405	0.00326	0.00341	0.41841
2	0.01102	0.00999	0.03302	0.01335	0.16281	0.02692	0.00883	0.05836	0.32589	0.01831	0.06696	0.16656	0.03958	0.00836	0.00538	0.00170	0.00430	0.02754	0.00435	0.00677
3	0.00874	0.00774	0.01278	0.01441	0.19026	0.00767	0.10893	0.01135	0.04639	0.01462	0.06239	0.32440	0.04026	0.01360	0.11005	0.00259	0.00568	0.00892	0.00367	0.00555
4	0.00717	0.00554	0.00775	0.00763	0.00849	0.00630	0.00583	0.00867	0.00835	0.01165	0.01807	0.02414	0.11436	0.11204	0.58071	0.00656	0.05331	0.00616	0.00294	0.00433
5	0.05792	0.01066	0.11475	0.30802	0.12058	0.00980	0.01123	0.03110	0.04537	0.01621	0.01230	0.01494	0.03255	0.00538	0.00454	0.00151	0.00528	0.00453	0.18734	0.00601
6	0.00811	0.00559	0.00703	0.00657	0.00787	0.00554	0.00501	0.05559	0.01332	0.01936	0.52713	0.03063	0.03509	0.01283	0.10970	0.00234	0.00397	0.00761	0.13182	0.00489

[dist]
# distance from previous block
# <min> <max>
0	5

[block]
# block no. 6 follows, 50 sequences, length 11
# corresponding to MSA columns:
# 455-465
name=unknown_G
#
# <colnr> <probs for GDERKNQSTAVLIFYWHMCP>
#	G	D	E	R	K	N	Q	S	T	A	V	L	I	F	Y	W	H	M	C	P
0	0.01452	0.16130	0.04362	0.13365	0.04924	0.20674	0.07221	0.12742	0.02772	0.04475	0.01010	0.02550	0.00815	0.01989	0.00495	0.00147	0.00657	0.00418	0.03152	0.00648
1	0.00996	0.00559	0.00628	0.06384	0.00874	0.00579	0.00477	0.03180	0.04209	0.04483	0.06742	0.01922	0.01458	0.00609	0.00390	0.00127	0.00285	0.00497	0.65093	0.00507
2	0.00640	0.00534	0.00609	0.00662	0.04561	0.00465	0.00455	0.00788	0.01166	0.01454	0.15927	0.09604	0.58972	0.01205	0.00587	0.00168	0.00269	0.01023	0.00465	0.00445
3	0.01142	0.27850	0.06463	0.15542	0.13867	0.05887	0.01023	0.01403	0.03819	0.01328	0.04273	0.01493	0.01037	0.12088	0.00727	0.00186	0.00574	0.00437	0.00260	0.00601
4	0.04379	0.07296	0.31458	0.01457	0.12735	0.05078	0.03001	0.06162	0.07940	0.11301	0.02539	0.01326	0.00925	0.00532	0.00474	0.00153	0.00608	0.01574	0.00325	0.00737
5	0.00941	0.00886	0.01495	0.81285	0.03433	0.01107	0.01384	0.01274	0.00997	0.01274	0.00886	0.01329	0.00664	0.00498	0.00498	0.00166	0.00664	0.00443	0.00221	0.00554
6	0.00665	0.00510	0.00602	0.00656	0.00750	0.00480	0.00468	0.00846	0.05494	0.01335	0.03342	0.38606	0.27809	0.08721	0.00790	0.00217	0.00315	0.07516	0.00450	0.00428
7	0.01197	0.08607	0.04616	0.04242	0.50377	0.01252	0.13871	0.01502	0.01123	0.01571	0.03612	0.01290	0.00893	0.00474	0.00533	0.00151	0.03241	0.00465	0.00252	0.00731
8	0.11101	0.24282	0.41976	0.01103	0.01644	0.01312	0.01289	0.01474	0.01035	0.01558	0.05403	0.03876	0.00949	0.00528	0.00424	0.00145	0.00595	0.00395	0.00251	0.00660
9	0.00829	0.00572	0.00661	0.00630	0.00677	0.00596	0.00400	0.07713	0.00881	0.01187	0.01508	0.02916	0.01656	0.65466	0.11864	0.00492	0.00593	0.00677	0.00316	0.00369
10	0.01161	0.04267	0.09678	0.01434	0.08733	0.08317	0.20571	0.02870	0.03688	0.01574	0.01096	0.07557	0.00954	0.00524	0.00481	0.00134	0.00600	0.00493	0.00289	0.25581

[dist]
# distance from previous block
# <min> <max>
1	4

[block]
# block no. 7 follows, 50 sequences, length 54
# corresponding to MSA columns:
# 470-523
name=unknown_H
#
# <colnr> <probs for GDERKNQSTAVLIFYWHMCP>
#	G	D	E	R	K	N	Q	S	T	A	V	L	I	F	Y	W	H	M	C	P
0	0.01311	0.04369	0.12447	0.01212	0.01467	0.19291	0.01075	0.03983	0.08384	0.02938	0.02291	0.01162	0.00824	0.00657	0.00892	0.00167	0.30584	0.00407	0.00280	0.06259
1	0.01109	0.17520	0.08177	0.01086	0.09395	0.01001	0.03479	0.01323	0.02584	0.08434	0.02662	0.07115	0.01289	0.19392	0.05325	0.00251	0.00551	0.00542	0.00314	0.08451
2	0.01726	0.01302	0.01394	0.01136	0.01415	0.10549	0.00925	0.29956	0.07665	0.18203	0.01247	0.01293	0.00912	0.00661	0.00754	0.00165	0.19071	0.00451	0.00431	0.00743
3	0.00765	0.00650	0.00888	0.00806	0.00936	0.00661	0.06807	0.00893	0.01013	0.03060	0.03180	0.20214	0.35896	0.08991	0.00938	0.00213	0.12278	0.00957	0.00398	0.00454
4	0.01091	0.01091	0.01527	0.01309	0.01309	0.01527	0.01091	0.01200	0.00763	0.01200	0.00654	0.01091	0.00654	0.00872	0.01636	0.00218	0.81570	0.00436	0.00218	0.00545
5	0.00979	0.00942	0.01540	0.62171	0.02959	0.01201	0.03338	0.01266	0.00952	0.01266	0.00840	0.01279	0.00665	0.00576	0.00743	0.00177	0.17885	0.00445	0.00222	0.00555
6	0.01353	0.01169	0.02341	0.01700	0.02149	0.01084	0.53940	0.01722	0.02726	0.17927	0.01546	0.01699	0.07031	0.00532	0.00569	0.00165	0.00698	0.00606	0.00350	0.00692
7	0.00875	0.00734	0.00788	0.00735	0.00939	0.00761	0.00563	0.01540	0.32376	0.01776	0.18726	0.03397	0.32884	0.00977	0.00556	0.00166	0.00306	0.00825	0.00498	0.00579
8	0.00726	0.00506	0.00666	0.00651	0.00760	0.00468	0.00483	0.00935	0.01328	0.03643	0.62694	0.16997	0.04344	0.01110	0.00596	0.00166	0.00254	0.02673	0.00534	0.00468
9	0.01056	0.01498	0.23709	0.19408	0.02054	0.09951	0.07758	0.03946	0.01066	0.01406	0.01023	0.01420	0.00842	0.04936	0.17469	0.00308	0.00856	0.00453	0.00248	0.00594
10	0.00660	0.00475	0.00628	0.00682	0.00754	0.00443	0.00490	0.00815	0.01147	0.01567	0.31783	0.44626	0.05504	0.01334	0.00621	0.00186	0.00281	0.07073	0.00495	0.00434
11	0.01062	0.00903	0.01049	0.00752	0.01193	0.00694	0.00602	0.03782	0.01077	0.01674	0.00896	0.01039	0.00742	0.00377	0.00373	0.00076	0.00375	0.00300	0.00302	0.82730
12	0.00799	0.00703	0.01103	0.02768	0.01146	0.00735	0.11631	0.00991	0.01112	0.01536	0.25692	0.26452	0.08747	0.01080	0.00760	0.00182	0.12717	0.00941	0.00416	0.00489
13	0.43159	0.01262	0.01091	0.00906	0.01243	0.10264	0.00736	0.27100	0.01448	0.07167	0.00949	0.01004	0.00697	0.00523	0.00400	0.00150	0.00501	0.00350	0.00385	0.00666
14	0.01392	0.00661	0.00886	0.00744	0.00981	0.00588	0.00588	0.01608	0.01418	0.36847	0.44520	0.02815	0.03148	0.00839	0.00549	0.00156	0.00320	0.00722	0.00579	0.00640
15	0.02116	0.00822	0.01118	0.00866	0.01231	0.00712	0.00712	0.02312	0.01425	0.73613	0.08026	0.01856	0.01506	0.00649	0.00508	0.00154	0.00409	0.00533	0.00612	0.00819
16	0.03747	0.00960	0.01653	0.01265	0.01629	0.00885	0.27073	0.03496	0.01271	0.32419	0.01899	0.08333	0.06515	0.00713	0.00555	0.00169	0.00549	0.05731	0.00448	0.00690
17	0.00628	0.00458	0.00591	0.00660	0.00723	0.00421	0.00456	0.00753	0.01077	0.01446	0.20430	0.56571	0.11130	0.01408	0.00620	0.00189	0.00273	0.01263	0.00482	0.00421
18	0.00607	0.00434	0.00578	0.00694	0.00723	0.00405	0.00463	0.00694	0.00954	0.01272	0.02747	0.82157	0.03297	0.01562	0.00636	0.00202	0.00289	0.01417	0.00463	0.00405
19	0.01151	0.01112	0.01901	0.22093	0.52815	0.01190	0.04596	0.01449	0.01080	0.01514	0.00910	0.01253	0.00749	0.00483	0.00568	0.00158	0.05577	0.00449	0.00239	0.00712
20	0.01165	0.01537	0.19869	0.01731	0.10855	0.03369	0.25780	0.01683	0.11529	0.02831	0.01117	0.01408	0.00882	0.00560	0.00676	0.00171	0.11373	0.02486	0.00283	0.00694
21	0.01398	0.01625	0.01736	0.27112	0.07670	0.35210	0.13810	0.01651	0.01210	0.01327	0.00856	0.01136	0.00678	0.00495	0.00511	0.00150	0.02166	0.00415	0.00243	0.00600
22	0.01030	0.00886	0.01049	0.03498	0.01258	0.00680	0.00618	0.01256	0.01032	0.01612	0.00886	0.01044	0.00736	0.00374	0.00374	0.00077	0.00379	0.00300	0.00293	0.82618
23	0.09898	0.01204	0.01935	0.16324	0.02195	0.01300	0.28630	0.20798	0.01378	0.03579	0.00994	0.01237	0.00742	0.00524	0.00601	0.00165	0.07021	0.00480	0.00319	0.00675
24	0.00609	0.00441	0.00572	0.00675	0.00714	0.00408	0.00452	0.00697	0.00963	0.01270	0.02898	0.74034	0.09218	0.03637	0.00682	0.00207	0.00291	0.01370	0.00459	0.00403
25	0.00641	0.00496	0.00585	0.00586	0.00711	0.00439	0.00430	0.00807	0.01225	0.01611	0.36067	0.16263	0.35934	0.01205	0.00596	0.00169	0.00251	0.01044	0.00499	0.00439
26	0.02099	0.01068	0.01293	0.00991	0.01382	0.01059	0.00819	0.32652	0.01795	0.48976	0.01657	0.01496	0.01079	0.00609	0.00500	0.00152	0.00474	0.00480	0.00569	0.00848
27	0.01670	0.01072	0.01242	0.00933	0.01344	0.01020	0.00764	0.30904	0.01636	0.22077	0.01280	0.01265	0.00906	0.00520	0.00452	0.00123	0.00452	0.00407	0.00455	0.31475
28	0.02236	0.00848	0.01157	0.00887	0.01272	0.00733	0.00733	0.02429	0.01427	0.79719	0.01966	0.01697	0.01234	0.00617	0.00501	0.00154	0.00424	0.00501	0.00617	0.00848
29	0.00705	0.00510	0.00666	0.00627	0.00745	0.00470	0.00470	0.00941	0.01411	0.01999	0.79110	0.03723	0.04703	0.01019	0.00588	0.00157	0.00235	0.00901	0.00549	0.00470
30	0.00868	0.00795	0.01342	0.55205	0.02668	0.00932	0.05805	0.01141	0.00997	0.01293	0.01384	0.22625	0.01364	0.00774	0.00540	0.00176	0.00576	0.00708	0.00287	0.00522
31	0.02220	0.00874	0.01173	0.00899	0.01285	0.00771	0.00743	0.05972	0.01470	0.76114	0.01930	0.01673	0.01216	0.00616	0.00501	0.00154	0.00430	0.00499	0.00611	0.00848
32	0.00720	0.00481	0.00545	0.00550	0.00551	0.00480	0.00308	0.00724	0.00734	0.00978	0.01617	0.06350	0.01870	0.79315	0.02463	0.00472	0.00476	0.00752	0.00308	0.00306
33	0.00930	0.00483	0.00510	0.04041	0.00707	0.00493	0.00394	0.01166	0.01043	0.01832	0.01593	0.01835	0.01250	0.00577	0.00355	0.00118	0.00251	0.00464	0.81487	0.00469
34	0.13736	0.20292	0.30772	0.01141	0.01627	0.18714	0.01202	0.04525	0.01141	0.01564	0.00804	0.00932	0.00630	0.00475	0.00410	0.00139	0.00668	0.00324	0.00247	0.00655
35	0.00941	0.00886	0.01495	0.81285	0.03433	0.01107	0.01384	0.01274	0.00997	0.01274	0.00886	0.01329	0.00664	0.00498	0.00498	0.00166	0.00664	0.00443	0.00221	0.00554
36	0.01333	0.82783	0.02612	0.00853	0.01279	0.01972	0.00853	0.01493	0.01013	0.01173	0.00693	0.00800	0.00640	0.00426	0.00320	0.00107	0.00533	0.00267	0.00213	0.00640
37	0.01435	0.01100	0.01202	0.00915	0.01313	0.03628	0.00739	0.26962	0.05876	0.07750	0.03823	0.01270	0.00988	0.00508	0.00440	0.00115	0.00447	0.00398	0.00406	0.40686
38	0.00624	0.00603	0.04901	0.00620	0.00781	0.00463	0.00497	0.00769	0.01084	0.01345	0.04131	0.24811	0.52225	0.01301	0.00599	0.00179	0.00296	0.03886	0.00449	0.00435
39	0.01333	0.82783	0.02612	0.00853	0.01279	0.01972	0.00853	0.01493	0.01013	0.01173	0.00693	0.00800	0.00640	0.00426	0.00320	0.00107	0.00533	0.00267	0.00213	0.00640
40	0.00815	0.00610	0.00757	0.00791	0.00913	0.00614	0.00610	0.05937	0.08670	0.01634	0.13245	0.32627	0.08449	0.01269	0.00619	0.00194	0.00351	0.20921	0.00480	0.00495
41	0.01211	0.01161	0.01982	0.09204	0.73408	0.01178	0.01518	0.01510	0.01124	0.01601	0.00934	0.01241	0.00780	0.00448	0.00494	0.00149	0.00598	0.00444	0.00245	0.00771
42	0.02022	0.00850	0.01123	0.00875	0.01229	0.00764	0.00717	0.08160	0.01497	0.64177	0.11362	0.01906	0.01629	0.00665	0.00512	0.00154	0.00411	0.00546	0.00599	0.00802
43	0.00810	0.00453	0.00507	0.00549	0.00633	0.00442	0.00391	0.00989	0.01012	0.01642	0.02041	0.31555	0.02024	0.00943	0.00455	0.00148	0.00253	0.00817	0.53893	0.00442
44	0.00941	0.00886	0.01495	0.81285	0.03433	0.01107	0.01384	0.01274	0.00997	0.01274	0.00886	0.01329	0.00664	0.00498	0.00498	0.00166	0.00664	0.00443	0.00221	0.00554
45	0.01819	0.01069	0.01239	0.00999	0.01354	0.01118	0.00809	0.22845	0.26833	0.33675	0.01779	0.01615	0.01223	0.00631	0.00502	0.00158	0.00448	0.00507	0.00549	0.00829
46	0.00803	0.00574	0.00803	0.00918	0.01033	0.00574	0.00803	0.01033	0.01147	0.01492	0.02639	0.05622	0.02869	0.01377	0.00688	0.00229	0.00459	0.76018	0.00459	0.00459
47	0.00980	0.00926	0.01566	0.70839	0.13574	0.01118	0.01404	0.01308	0.01015	0.01321	0.00893	0.01316	0.00681	0.00491	0.00498	0.00164	0.00655	0.00443	0.00225	0.00585
48	0.00744	0.00570	0.00821	0.00804	0.00873	0.00674	0.00613	0.00890	0.00787	0.01133	0.01316	0.02079	0.01282	0.14919	0.63018	0.00709	0.07514	0.00554	0.00268	0.00432
49	0.00725	0.00483	0.00544	0.00544	0.00544	0.00483	0.00302	0.00725	0.00725	0.00966	0.01571	0.03262	0.01812	0.82483	0.02537	0.00483	0.00483	0.00725	0.00302	0.00302
50	0.01034	0.00886	0.01034	0.00738	0.01181	0.00664	0.00591	0.01255	0.01034	0.01624	0.00886	0.01034	0.00738	0.00369	0.00369	0.00074	0.00369	0.00295	0.00295	0.85530
