[name]
unknown

[dist]
# distance from previous block
# <min> <max>
2	80

[block]
# block no. 0 follows, 47 sequences, length 13
# corresponding to MSA columns:
# 85-97
name=unknown_A
#
# <colnr> <probs for GDERKNQSTAVLIFYWHMCP>
#	G	D	E	R	K	N	Q	S	T	A	V	L	I	F	Y	W	H	M	C	P
0	0.00732	0.00533	0.00714	0.00808	0.00896	0.00500	0.00613	0.00883	0.01071	0.01431	0.02709	0.50588	0.03123	0.01487	0.00666	0.00213	0.00368	0.26417	0.00471	0.05778
1	0.01234	0.01215	0.01998	0.02510	0.47423	0.01364	0.06178	0.01485	0.01056	0.01547	0.00883	0.01245	0.00775	0.00615	0.00928	0.00181	0.27914	0.00471	0.00248	0.00730
2	0.01160	0.00848	0.00991	0.00840	0.01063	0.00874	0.00661	0.26765	0.01806	0.02495	0.51986	0.02991	0.03542	0.00915	0.00582	0.00161	0.00357	0.00781	0.00555	0.00626
3	0.29779	0.00953	0.00973	0.00742	0.01157	0.00856	0.00599	0.01386	0.01014	0.01915	0.00857	0.01000	0.00701	0.00419	0.00364	0.00106	0.00392	0.00299	0.00313	0.56176
4	0.00846	0.01285	0.27448	0.01057	0.01381	0.00841	0.01084	0.01175	0.00926	0.01359	0.01238	0.01724	0.01083	0.02744	0.52691	0.00608	0.01182	0.00499	0.00259	0.00569
5	0.01163	0.29698	0.53033	0.01282	0.01942	0.01499	0.01572	0.01619	0.01085	0.01505	0.00863	0.01010	0.00663	0.00478	0.00440	0.00147	0.00697	0.00349	0.00221	0.00735
6	0.00700	0.00538	0.00646	0.00651	0.00792	0.00484	0.00504	0.00894	0.01302	0.01710	0.35102	0.07087	0.34248	0.01241	0.00632	0.00181	0.00290	0.12012	0.00520	0.00467
7	0.00891	0.28226	0.01321	0.00765	0.00949	0.00982	0.00615	0.01011	0.01033	0.01300	0.02336	0.47706	0.08610	0.01202	0.00548	0.00174	0.00386	0.01040	0.00395	0.00508
8	0.01945	0.02482	0.01476	0.01342	0.01610	0.79608	0.01006	0.02079	0.01476	0.01275	0.00805	0.00939	0.00671	0.00537	0.00470	0.00134	0.00939	0.00335	0.00268	0.00604
9	0.01289	0.01237	0.02114	0.03196	0.78450	0.01237	0.01598	0.01598	0.01186	0.01701	0.00980	0.01289	0.00825	0.00464	0.00516	0.00155	0.00619	0.00464	0.00258	0.00825
10	0.01397	0.01183	0.01697	0.34553	0.21245	0.01333	0.01328	0.27060	0.01556	0.02086	0.01049	0.01317	0.00791	0.00542	0.00520	0.00163	0.00634	0.00465	0.00336	0.00743
11	0.00750	0.00514	0.00612	0.00598	0.00639	0.00500	0.00375	0.00834	0.01001	0.01377	0.27697	0.03572	0.02922	0.54246	0.01957	0.00389	0.00417	0.00820	0.00403	0.00375
12	0.01004	0.01528	0.27926	0.53564	0.03133	0.01175	0.01609	0.01439	0.01061	0.01439	0.00929	0.01290	0.00682	0.00512	0.00512	0.00171	0.00720	0.00436	0.00227	0.00644

[dist]
# distance from previous block
# <min> <max>
0	1

[block]
# block no. 1 follows, 47 sequences, length 11
# corresponding to MSA columns:
# 99-109
name=unknown_B
#
# <colnr> <probs for GDERKNQSTAVLIFYWHMCP>
#	G	D	E	R	K	N	Q	S	T	A	V	L	I	F	Y	W	H	M	C	P
0	0.01312	0.00991	0.01023	0.00870	0.01144	0.05200	0.00687	0.22775	0.09582	0.08833	0.13147	0.02970	0.27471	0.00923	0.00564	0.00165	0.00417	0.00754	0.00513	0.00661
1	0.02094	0.00940	0.01201	0.00958	0.01335	0.00889	0.00779	0.02591	0.19193	0.60965	0.02070	0.01812	0.01359	0.00659	0.00525	0.00165	0.00436	0.00539	0.00618	0.00872
2	0.01177	0.01322	0.02858	0.02067	0.02551	0.01239	0.69946	0.01586	0.01209	0.01639	0.01211	0.08355	0.01021	0.00543	0.00619	0.00179	0.00828	0.00690	0.00283	0.00678
3	0.01289	0.01237	0.02114	0.03196	0.78450	0.01237	0.01598	0.01598	0.01186	0.01701	0.00980	0.01289	0.00825	0.00464	0.00516	0.00155	0.00619	0.00464	0.00258	0.00825
4	0.01237	0.01058	0.01147	0.00994	0.01278	0.05486	0.04840	0.07452	0.38449	0.05526	0.04703	0.02641	0.21282	0.00841	0.00554	0.00171	0.00438	0.00705	0.00494	0.00705
5	0.00635	0.00487	0.00581	0.00644	0.00737	0.00434	0.00450	0.00752	0.01105	0.01414	0.09252	0.46449	0.32248	0.01470	0.00642	0.00194	0.00283	0.01295	0.00490	0.00434
6	0.01392	0.82012	0.02729	0.00891	0.01337	0.02061	0.00891	0.01559	0.01058	0.01225	0.00724	0.00835	0.00668	0.00446	0.00334	0.00111	0.00557	0.00278	0.00223	0.00668
7	0.01015	0.00958	0.01619	0.72394	0.11391	0.01165	0.01462	0.01358	0.01056	0.01369	0.00931	0.01378	0.00708	0.00515	0.00520	0.00172	0.00686	0.00463	0.00234	0.00604
8	0.01045	0.02694	0.79000	0.01484	0.02254	0.01209	0.01924	0.01649	0.01099	0.01649	0.00935	0.01099	0.00660	0.00495	0.00495	0.00165	0.00770	0.00385	0.00220	0.00770
9	0.03892	0.00531	0.00664	0.00686	0.00794	0.00494	0.00493	0.00937	0.01213	0.05245	0.31078	0.37850	0.11582	0.01299	0.00622	0.00186	0.00287	0.01151	0.00518	0.00477
10	0.01719	0.36889	0.02066	0.01077	0.01492	0.09301	0.00948	0.36581	0.01745	0.02187	0.00977	0.01038	0.00770	0.00538	0.00434	0.00134	0.00601	0.00373	0.00366	0.00763

[dist]
# distance from previous block
# <min> <max>
0	1

[block]
# block no. 2 follows, 47 sequences, length 14
# corresponding to MSA columns:
# 111-124
name=unknown_C
#
# <colnr> <probs for GDERKNQSTAVLIFYWHMCP>
#	G	D	E	R	K	N	Q	S	T	A	V	L	I	F	Y	W	H	M	C	P
0	0.01150	0.01269	0.02623	0.01926	0.02344	0.01245	0.59510	0.01515	0.01163	0.01587	0.01323	0.07459	0.04185	0.00616	0.00738	0.00184	0.09542	0.00682	0.00285	0.00656
1	0.00672	0.00521	0.00612	0.00608	0.00743	0.00461	0.00449	0.00850	0.01294	0.01703	0.37629	0.13339	0.36766	0.01241	0.00621	0.00175	0.00260	0.01073	0.00524	0.00461
2	0.01165	0.01224	0.02414	0.01811	0.02236	0.01185	0.52901	0.01710	0.11852	0.01716	0.01568	0.02228	0.03407	0.00646	0.00618	0.00185	0.00738	0.11379	0.00338	0.00680
3	0.01952	0.02268	0.01494	0.01312	0.01611	0.63328	0.01003	0.17658	0.01679	0.01694	0.00898	0.01004	0.00716	0.00555	0.00480	0.00139	0.00863	0.00363	0.00321	0.00663
4	0.01302	0.00792	0.00969	0.00819	0.01054	0.00780	0.00644	0.16871	0.01627	0.17216	0.40335	0.02899	0.05609	0.03472	0.03075	0.00193	0.00396	0.00751	0.00556	0.00642
5	0.01953	0.01161	0.01328	0.01032	0.01418	0.01196	0.00848	0.43017	0.01983	0.28930	0.01966	0.01840	0.09482	0.00708	0.00532	0.00160	0.00495	0.00557	0.00559	0.00837
6	0.01400	0.01243	0.01521	0.36375	0.09146	0.09823	0.01200	0.23036	0.01509	0.01962	0.01068	0.01332	0.00806	0.00554	0.00503	0.00159	0.00646	0.00452	0.06581	0.00684
7	0.01147	0.12594	0.45385	0.01629	0.02281	0.01354	0.25094	0.01643	0.01135	0.01600	0.00944	0.01160	0.00702	0.00471	0.00511	0.00161	0.00776	0.00443	0.00234	0.00735
8	0.00689	0.00495	0.00653	0.00688	0.00767	0.00459	0.00488	0.00862	0.01250	0.01731	0.42766	0.40316	0.04223	0.01331	0.00638	0.00186	0.00272	0.01195	0.00531	0.00459
9	0.01066	0.07516	0.74363	0.01448	0.02198	0.01261	0.01861	0.01644	0.01097	0.01623	0.00922	0.01083	0.00660	0.00492	0.00485	0.00162	0.00757	0.00378	0.00220	0.00763
10	0.01318	0.01323	0.01990	0.11682	0.62625	0.08804	0.01524	0.01615	0.01198	0.01618	0.00957	0.01266	0.00795	0.00477	0.00512	0.00155	0.00658	0.00451	0.00256	0.00776
11	0.32138	0.00888	0.00990	0.00820	0.01158	0.00878	0.00665	0.01999	0.01225	0.43724	0.01654	0.09132	0.01236	0.00682	0.00465	0.00166	0.00415	0.00529	0.00513	0.00725
12	0.00665	0.00476	0.00637	0.00740	0.00789	0.00448	0.00519	0.00787	0.01069	0.01435	0.11093	0.65591	0.03562	0.01551	0.00664	0.00209	0.00313	0.08523	0.00493	0.00436
13	0.01373	0.16887	0.19257	0.01222	0.03602	0.11297	0.01146	0.08853	0.22536	0.01815	0.01351	0.01577	0.01091	0.00619	0.00488	0.00158	0.00612	0.05019	0.00357	0.00739

[dist]
# distance from previous block
# <min> <max>
5	16

[block]
# block no. 3 follows, 47 sequences, length 47
# corresponding to MSA columns:
# 141-187
name=unknown_D
#
# <colnr> <probs for GDERKNQSTAVLIFYWHMCP>
#	G	D	E	R	K	N	Q	S	T	A	V	L	I	F	Y	W	H	M	C	P
0	0.01271	0.27186	0.40961	0.01407	0.07767	0.04984	0.01477	0.06417	0.01196	0.01609	0.00887	0.01034	0.00690	0.00487	0.00447	0.00146	0.00687	0.00361	0.00245	0.00742
1	0.00676	0.00532	0.00611	0.00597	0.00748	0.00467	0.00452	0.00860	0.01312	0.01707	0.36825	0.04553	0.43958	0.01212	0.00618	0.00173	0.00263	0.03449	0.00522	0.00463
2	0.07767	0.01344	0.01344	0.01103	0.01462	0.07409	0.00887	0.35249	0.25927	0.09767	0.01529	0.01465	0.01107	0.00636	0.00506	0.00162	0.00526	0.00488	0.00502	0.00822
3	0.01250	0.01227	0.07797	0.27063	0.43644	0.01176	0.01516	0.01586	0.01156	0.07104	0.01036	0.01340	0.00805	0.00497	0.00516	0.00162	0.00641	0.00462	0.00274	0.00748
4	0.00643	0.00459	0.00614	0.00734	0.00768	0.00430	0.00498	0.00739	0.01005	0.01339	0.02866	0.78338	0.03426	0.01624	0.00667	0.00213	0.00309	0.04420	0.00483	0.00425
5	0.00700	0.00506	0.00668	0.00727	0.00810	0.00474	0.00536	0.00870	0.01204	0.01634	0.29487	0.39367	0.07217	0.01389	0.00653	0.00197	0.00307	0.12283	0.00514	0.00456
6	0.57042	0.19378	0.01208	0.00728	0.01069	0.01302	0.00632	0.01510	0.00968	0.04516	0.01119	0.01195	0.06593	0.00544	0.00354	0.00151	0.00428	0.00352	0.00323	0.00589
7	0.43450	0.01648	0.01089	0.00980	0.01274	0.35523	0.00763	0.03904	0.01196	0.01884	0.00810	0.00937	0.00647	0.00515	0.00394	0.00148	0.00637	0.00318	0.03293	0.00588
8	0.00737	0.00532	0.00696	0.00655	0.00778	0.00491	0.00491	0.00983	0.01474	0.02088	0.78175	0.03890	0.04914	0.01065	0.00614	0.00164	0.00246	0.00942	0.00573	0.00491
9	0.01170	0.00698	0.03387	0.00747	0.00970	0.00585	0.00606	0.01408	0.01448	0.22673	0.50522	0.03300	0.08469	0.00949	0.00586	0.00164	0.00317	0.00821	0.00575	0.00603
10	0.07634	0.05683	0.36755	0.01701	0.02317	0.01292	0.33901	0.01644	0.01137	0.01691	0.00960	0.01199	0.00709	0.00468	0.00526	0.00167	0.00778	0.00471	0.00247	0.00720
11	0.01103	0.01048	0.01779	0.50123	0.32973	0.01189	0.01506	0.01436	0.01098	0.01476	0.00947	0.01349	0.00746	0.00498	0.00519	0.00166	0.00665	0.00463	0.00242	0.00675
12	0.00632	0.00461	0.00596	0.00704	0.00750	0.00425	0.00474	0.00728	0.01017	0.01338	0.03128	0.73182	0.11454	0.01598	0.00659	0.00208	0.00298	0.01440	0.00483	0.00425
13	0.01326	0.01545	0.02783	0.02038	0.02505	0.12345	0.62579	0.01708	0.01245	0.01594	0.01002	0.01327	0.00769	0.00474	0.00643	0.00172	0.04434	0.00568	0.00263	0.00683
14	0.00723	0.00532	0.00677	0.00640	0.00769	0.00485	0.00480	0.00955	0.01441	0.02009	0.69716	0.04020	0.13422	0.01094	0.00614	0.00165	0.00248	0.00960	0.00563	0.00485
15	0.00639	0.00457	0.00610	0.00731	0.00763	0.00427	0.00492	0.00734	0.01002	0.01335	0.02868	0.79522	0.03433	0.01627	0.00666	0.00212	0.00306	0.03268	0.00483	0.00424
16	0.01289	0.01237	0.02114	0.03196	0.78450	0.01237	0.01598	0.01598	0.01186	0.01701	0.00980	0.01289	0.00825	0.00464	0.00516	0.00155	0.00619	0.00464	0.00258	0.00825
17	0.00983	0.00926	0.01562	0.80447	0.03587	0.01157	0.01446	0.01331	0.01041	0.01331	0.00926	0.01388	0.00694	0.00521	0.00521	0.00174	0.00694	0.00463	0.00231	0.00579
18	0.01289	0.01237	0.02114	0.03196	0.78450	0.01237	0.01598	0.01598	0.01186	0.01701	0.00980	0.01289	0.00825	0.00464	0.00516	0.00155	0.00619	0.00464	0.00258	0.00825
19	0.02276	0.00984	0.01269	0.00973	0.01378	0.00910	0.00804	0.15166	0.01654	0.65952	0.01918	0.01684	0.01220	0.00641	0.00523	0.00160	0.00465	0.00514	0.00624	0.00886
20	0.07131	0.18075	0.52288	0.01239	0.01854	0.01320	0.01499	0.01554	0.01050	0.01565	0.00932	0.01207	0.00750	0.06738	0.00617	0.00180	0.00681	0.00385	0.00235	0.00700
21	0.01045	0.02694	0.79000	0.01484	0.02254	0.01209	0.01924	0.01649	0.01099	0.01649	0.00935	0.01099	0.00660	0.00495	0.00495	0.00165	0.00770	0.00385	0.00220	0.00770
22	0.01920	0.01390	0.01458	0.01134	0.01522	0.04249	0.00930	0.64304	0.02259	0.07127	0.01312	0.01320	0.00934	0.00622	0.00507	0.00153	0.00554	0.00468	0.06993	0.00845
23	0.00617	0.00522	0.00533	0.00542	0.00707	0.00438	0.00402	0.00746	0.01173	0.01401	0.05103	0.10480	0.72881	0.01341	0.00619	0.00178	0.00267	0.01126	0.00484	0.00438
24	0.09209	0.01707	0.06313	0.01170	0.01526	0.24592	0.00971	0.34336	0.03025	0.04502	0.01205	0.06876	0.00985	0.00652	0.00497	0.00155	0.00653	0.00483	0.00410	0.00732
25	0.01279	0.43009	0.35283	0.01174	0.01747	0.06635	0.01340	0.01631	0.01102	0.01410	0.00819	0.00955	0.00665	0.00472	0.00411	0.00136	0.00672	0.00328	0.00224	0.00708
26	0.01045	0.02694	0.79000	0.01484	0.02254	0.01209	0.01924	0.01649	0.01099	0.01649	0.00935	0.01099	0.00660	0.00495	0.00495	0.00165	0.00770	0.00385	0.00220	0.00770
27	0.00632	0.00461	0.00596	0.00704	0.00750	0.00425	0.00474	0.00727	0.01017	0.01337	0.03122	0.73371	0.11269	0.01599	0.00660	0.00208	0.00298	0.01441	0.00483	0.00425
28	0.01893	0.07834	0.01661	0.01323	0.06478	0.17013	0.01018	0.49346	0.02042	0.04712	0.01127	0.01174	0.00834	0.00584	0.00496	0.00148	0.00643	0.00429	0.00435	0.00809
29	0.01740	0.00779	0.01043	0.00849	0.01148	0.00706	0.00683	0.04597	0.01478	0.48035	0.24957	0.02410	0.02369	0.00978	0.05590	0.00205	0.00449	0.00650	0.00595	0.00740
30	0.33554	0.01010	0.00998	0.00865	0.01171	0.01121	0.00692	0.08609	0.24284	0.10272	0.10883	0.01684	0.01514	0.00652	0.00459	0.00166	0.00406	0.00498	0.00467	0.00696
31	0.01069	0.01105	0.01651	0.01341	0.01593	0.11949	0.27074	0.01306	0.01076	0.01375	0.01404	0.11916	0.01363	0.09157	0.23761	0.00397	0.00929	0.00683	0.00302	0.00548
32	0.00768	0.00547	0.00660	0.00622	0.00777	0.00486	0.00470	0.00971	0.01373	0.05401	0.48768	0.04190	0.30777	0.01135	0.00610	0.00168	0.00261	0.00978	0.00545	0.00491
33	0.00971	0.00485	0.00485	0.00485	0.00607	0.00485	0.00364	0.01213	0.01092	0.01942	0.01699	0.01942	0.01335	0.00607	0.00364	0.00121	0.00243	0.00485	0.84589	0.00485
34	0.01289	0.01237	0.02114	0.03196	0.78450	0.01237	0.01598	0.01598	0.01186	0.01701	0.00980	0.01289	0.00825	0.00464	0.00516	0.00155	0.00619	0.00464	0.00258	0.00825
35	0.01015	0.00958	0.01619	0.72436	0.11350	0.01165	0.01462	0.01358	0.01056	0.01369	0.00931	0.01378	0.00708	0.00515	0.00520	0.00172	0.00686	0.00463	0.00234	0.00604
36	0.01137	0.01082	0.01839	0.41658	0.41177	0.01197	0.01523	0.01465	0.01114	0.01517	0.00953	0.01338	0.00760	0.00492	0.00518	0.00164	0.00656	0.00463	0.00245	0.00702
37	0.00632	0.00463	0.00594	0.00699	0.00748	0.00425	0.00472	0.00728	0.01022	0.01340	0.03189	0.71237	0.13360	0.01590	0.00658	0.00207	0.00297	0.01430	0.00483	0.00425
38	0.04496	0.16365	0.54448	0.01395	0.02047	0.01378	0.07008	0.01617	0.01083	0.01590	0.00889	0.01066	0.00668	0.00496	0.00510	0.00158	0.03446	0.00381	0.00228	0.00732
39	0.01139	0.01139	0.01595	0.01367	0.01367	0.01595	0.01139	0.01253	0.00798	0.01253	0.00684	0.01139	0.00684	0.00911	0.01709	0.00228	0.80745	0.00456	0.00228	0.00570
40	0.00638	0.00462	0.00604	0.00709	0.00753	0.00427	0.00478	0.00738	0.01031	0.01369	0.06512	0.72907	0.08276	0.01585	0.00659	0.00207	0.00297	0.01431	0.00488	0.00427
41	0.01239	0.01187	0.02024	0.15739	0.66295	0.01224	0.01574	0.01555	0.01162	0.01641	0.00971	0.01305	0.00804	0.00473	0.00516	0.00158	0.00631	0.00464	0.00253	0.00785
42	0.32917	0.01360	0.11920	0.01422	0.01875	0.01188	0.32720	0.01565	0.01100	0.01948	0.06438	0.01332	0.00983	0.00508	0.00489	0.00168	0.00639	0.00483	0.00302	0.00644
43	0.01188	0.01300	0.00960	0.00901	0.01106	0.30161	0.00678	0.04778	0.01313	0.01423	0.02944	0.08552	0.34321	0.01215	0.06645	0.00213	0.00621	0.00769	0.00389	0.00523
44	0.00957	0.00669	0.00800	0.00753	0.00925	0.00671	0.00582	0.01424	0.16298	0.06392	0.38060	0.03493	0.09311	0.03307	0.00641	0.00181	0.00320	0.07630	0.07016	0.00569
45	0.01391	0.01330	0.01391	0.01166	0.04881	0.14723	0.05719	0.11621	0.12687	0.01913	0.03268	0.01314	0.01008	0.00517	0.00466	0.00124	0.00549	0.00420	0.00364	0.35147
46	0.01184	0.01073	0.01347	0.11824	0.07596	0.05866	0.04355	0.01461	0.02483	0.03757	0.00980	0.01178	0.00788	0.00435	0.00436	0.00108	0.00505	0.00368	0.00303	0.53951

[dist]
# distance from previous block
# <min> <max>
0	19

[block]
# block no. 4 follows, 47 sequences, length 6
# corresponding to MSA columns:
# 207-212
name=unknown_E
#
# <colnr> <probs for GDERKNQSTAVLIFYWHMCP>
#	G	D	E	R	K	N	Q	S	T	A	V	L	I	F	Y	W	H	M	C	P
0	0.03696	0.01418	0.13324	0.01007	0.01359	0.13294	0.00906	0.11581	0.10001	0.07159	0.09846	0.02002	0.09415	0.00702	0.00504	0.00153	0.00525	0.00556	0.07728	0.04824
1	0.01399	0.09691	0.15284	0.01077	0.01495	0.07633	0.01002	0.08560	0.25056	0.07096	0.01422	0.01433	0.01068	0.00576	0.00471	0.00147	0.00536	0.00448	0.05806	0.09799
2	0.25602	0.06482	0.05269	0.04048	0.01281	0.01118	0.00789	0.14875	0.06428	0.02048	0.01599	0.12418	0.05104	0.00991	0.05568	0.00214	0.00523	0.04629	0.00392	0.00622
3	0.01191	0.28411	0.40445	0.01418	0.02038	0.01507	0.14958	0.01623	0.01109	0.01514	0.00887	0.01068	0.00686	0.00469	0.00464	0.00149	0.00719	0.00391	0.00229	0.00724
4	0.00855	0.00570	0.00714	0.00708	0.00861	0.00506	0.00531	0.01019	0.01205	0.08642	0.18487	0.29185	0.20139	0.01255	0.00616	0.00183	0.00316	0.07497	0.00504	0.06208
5	0.01137	0.00780	0.01298	0.01058	0.01255	0.00765	0.18175	0.01323	0.07810	0.08288	0.01295	0.01785	0.01103	0.08104	0.01321	0.34194	0.00530	0.00538	0.08758	0.00483

[dist]
# distance from previous block
# <min> <max>
0	3

[block]
# block no. 5 follows, 47 sequences, length 115
# corresponding to MSA columns:
# 216-330
name=unknown_F
#
# <colnr> <probs for GDERKNQSTAVLIFYWHMCP>
#	G	D	E	R	K	N	Q	S	T	A	V	L	I	F	Y	W	H	M	C	P
0	0.00952	0.00804	0.03669	0.00810	0.01016	0.00774	0.00639	0.01568	0.26164	0.04288	0.26731	0.10969	0.14716	0.03734	0.00654	0.00186	0.00342	0.00865	0.00517	0.00602
1	0.01717	0.37761	0.03879	0.01098	0.01476	0.32566	0.00952	0.04474	0.01316	0.09062	0.00912	0.00991	0.00739	0.00509	0.00417	0.00128	0.00702	0.00335	0.00293	0.00674
2	0.01231	0.01417	0.05600	0.02090	0.05127	0.01308	0.63773	0.01775	0.08828	0.01719	0.01153	0.01443	0.00866	0.00469	0.00598	0.00175	0.00819	0.00599	0.00288	0.00721
3	0.00905	0.00452	0.00678	0.00678	0.00678	0.00452	0.00452	0.00678	0.00678	0.00905	0.00905	0.01583	0.00905	0.01809	0.02035	0.84848	0.00452	0.00452	0.00226	0.00226
4	0.01289	0.01237	0.02114	0.03196	0.78450	0.01237	0.01598	0.01598	0.01186	0.01701	0.00980	0.01289	0.00825	0.00464	0.00516	0.00155	0.00619	0.00464	0.00258	0.00825
5	0.01113	0.01066	0.01834	0.47175	0.33053	0.01194	0.04225	0.01448	0.01105	0.01489	0.00951	0.01350	0.00749	0.00495	0.00522	0.00166	0.00671	0.00469	0.00243	0.00680
6	0.00749	0.00664	0.00859	0.00763	0.00976	0.00604	0.08048	0.01029	0.07105	0.01560	0.11108	0.04347	0.55069	0.01166	0.00613	0.00177	0.00343	0.03846	0.00473	0.00502
7	0.00983	0.00926	0.01562	0.80447	0.03587	0.01157	0.01446	0.01331	0.01041	0.01331	0.00926	0.01388	0.00694	0.00521	0.00521	0.00174	0.00694	0.00463	0.00231	0.00579
8	0.00678	0.00491	0.00650	0.00762	0.00822	0.00463	0.00555	0.00804	0.01055	0.01385	0.03024	0.59155	0.08902	0.01566	0.00673	0.00215	0.00338	0.17542	0.00483	0.00437
9	0.01430	0.76635	0.02644	0.00922	0.01355	0.07303	0.00899	0.01595	0.01086	0.01229	0.00729	0.00842	0.00668	0.00452	0.00343	0.00113	0.00583	0.00282	0.00226	0.00664
10	0.00983	0.00926	0.01562	0.80447	0.03587	0.01157	0.01446	0.01331	0.01041	0.01331	0.00926	0.01388	0.00694	0.00521	0.00521	0.00174	0.00694	0.00463	0.00231	0.00579
11	0.00752	0.00540	0.00737	0.00852	0.00940	0.00525	0.00685	0.00930	0.01121	0.01465	0.02898	0.34870	0.06072	0.01508	0.00694	0.00226	0.00403	0.43844	0.00481	0.00456
12	0.00673	0.00530	0.00607	0.00588	0.00738	0.00464	0.00441	0.00858	0.01322	0.01727	0.39544	0.04484	0.43770	0.01199	0.00615	0.00170	0.00255	0.01025	0.00526	0.00464
13	0.00684	0.00530	0.00623	0.00599	0.00745	0.00469	0.00450	0.00880	0.01349	0.01791	0.46370	0.04379	0.36904	0.01176	0.00615	0.00169	0.00254	0.01010	0.00534	0.00469
14	0.01079	0.10602	0.71396	0.01425	0.02162	0.01294	0.01821	0.01640	0.01095	0.01607	0.00914	0.01073	0.00661	0.00490	0.00479	0.00160	0.00748	0.00374	0.00220	0.00760
15	0.01139	0.01139	0.01595	0.01367	0.01367	0.01595	0.01139	0.01253	0.00798	0.01253	0.00684	0.01139	0.00684	0.00911	0.01709	0.00228	0.80745	0.00456	0.00228	0.00570
16	0.00721	0.00479	0.00577	0.00634	0.00660	0.00464	0.00399	0.00788	0.00903	0.01253	0.02225	0.39904	0.02567	0.35976	0.01489	0.00329	0.00383	0.01070	0.08797	0.00383
17	0.00634	0.00453	0.00604	0.00725	0.00755	0.00423	0.00483	0.00725	0.00997	0.01329	0.02870	0.81358	0.03444	0.01632	0.00665	0.00211	0.00302	0.01480	0.00483	0.00423
18	0.00983	0.00926	0.01562	0.80447	0.03587	0.01157	0.01446	0.01331	0.01041	0.01331	0.00926	0.01388	0.00694	0.00521	0.00521	0.00174	0.00694	0.00463	0.00231	0.00579
19	0.00862	0.00629	0.00829	0.03939	0.01077	0.00639	0.00711	0.08464	0.01223	0.01614	0.02589	0.40628	0.02907	0.01413	0.00666	0.00216	0.00414	0.30206	0.00476	0.00497
20	0.85377	0.01007	0.00765	0.00685	0.01007	0.01168	0.00564	0.01531	0.00886	0.02336	0.00725	0.00846	0.00564	0.00483	0.00322	0.00161	0.00403	0.00282	0.00322	0.00564
21	0.00745	0.00553	0.00810	0.00810	0.00894	0.00636	0.00618	0.00913	0.00829	0.01189	0.01419	0.02182	0.01361	0.11662	0.71959	0.00804	0.01306	0.00578	0.00283	0.00450
22	0.00744	0.00558	0.00837	0.00837	0.00930	0.00651	0.00651	0.00930	0.00837	0.01209	0.01395	0.02046	0.01302	0.03906	0.79635	0.00837	0.01395	0.00558	0.00279	0.00465
23	0.01218	0.38506	0.38793	0.01302	0.04432	0.01600	0.04468	0.01608	0.01089	0.01460	0.00846	0.00999	0.00674	0.00469	0.00428	0.00141	0.00673	0.00349	0.00224	0.00723
24	0.01323	0.01133	0.01193	0.01065	0.01365	0.01308	0.00831	0.05795	0.74436	0.02224	0.02084	0.01915	0.01561	0.00703	0.00530	0.00176	0.00419	0.00584	0.00530	0.00827
25	0.02336	0.00886	0.01209	0.00927	0.01329	0.00765	0.00765	0.02538	0.01491	0.78810	0.02055	0.01773	0.01289	0.00645	0.00524	0.00161	0.00443	0.00524	0.00645	0.00886
26	0.01036	0.02470	0.68185	0.01383	0.02074	0.04157	0.01736	0.01576	0.01123	0.01611	0.01362	0.01483	0.08395	0.00579	0.00506	0.00165	0.00726	0.00454	0.00248	0.00730
27	0.00993	0.01463	0.25999	0.39047	0.02633	0.01143	0.01454	0.01380	0.01047	0.01453	0.01228	0.01538	0.05949	0.00609	0.00631	0.00174	0.08653	0.00481	0.03499	0.00625
28	0.00634	0.00453	0.00604	0.00725	0.00755	0.00423	0.00483	0.00725	0.00997	0.01329	0.02870	0.81358	0.03444	0.01632	0.00665	0.00211	0.00302	0.01480	0.00483	0.00423
29	0.02323	0.00908	0.01222	0.00937	0.01340	0.00798	0.00774	0.05400	0.01527	0.75896	0.02023	0.01752	0.01274	0.00644	0.00524	0.00161	0.00448	0.00522	0.00640	0.00886
30	0.03071	0.04281	0.16055	0.04335	0.09233	0.12637	0.01084	0.01875	0.04383	0.24127	0.03291	0.01842	0.10212	0.00658	0.00512	0.00158	0.00583	0.00527	0.00408	0.00728
31	0.01037	0.00943	0.01568	0.50530	0.15557	0.01104	0.03856	0.01355	0.01059	0.01457	0.01026	0.01446	0.00808	0.00675	0.03889	0.00195	0.03761	0.00474	0.08649	0.00609
32	0.01879	0.01390	0.01508	0.04036	0.01639	0.01544	0.00977	0.68252	0.05388	0.03118	0.01290	0.01308	0.00923	0.00624	0.00516	0.00156	0.00559	0.00474	0.03560	0.00858
33	0.37519	0.33209	0.04869	0.01071	0.08930	0.04180	0.00867	0.01572	0.01013	0.01770	0.00761	0.00899	0.00639	0.00469	0.00358	0.00140	0.00518	0.00305	0.00270	0.00641
34	0.00654	0.00529	0.00581	0.00568	0.00727	0.00456	0.00426	0.00822	0.01278	0.01623	0.28382	0.04656	0.54997	0.01238	0.00615	0.00172	0.00258	0.01049	0.00512	0.00456
35	0.01009	0.01129	0.09354	0.67133	0.06135	0.01171	0.04037	0.01383	0.01059	0.01387	0.00933	0.01357	0.00699	0.00513	0.00521	0.00172	0.00705	0.00460	0.00232	0.00611
36	0.01274	0.33068	0.04794	0.01118	0.01387	0.02877	0.01010	0.04318	0.01013	0.01379	0.00756	0.01013	0.00693	0.00644	0.00926	0.00160	0.33920	0.00367	0.00246	0.09035
37	0.00633	0.00458	0.00599	0.00712	0.00752	0.00424	0.00477	0.00727	0.01010	0.01335	0.03033	0.76197	0.08500	0.01610	0.00661	0.00209	0.00300	0.01455	0.00483	0.00424
38	0.01295	0.01119	0.01178	0.01060	0.01354	0.01295	0.00824	0.02767	0.77509	0.02178	0.02120	0.01943	0.01590	0.00707	0.00530	0.00177	0.00412	0.00589	0.00530	0.00824
39	0.01945	0.02482	0.01476	0.01342	0.01610	0.79608	0.01006	0.02079	0.01476	0.01275	0.00805	0.00939	0.00671	0.00537	0.00470	0.00134	0.00939	0.00335	0.00268	0.00604
40	0.00639	0.00474	0.00597	0.00687	0.00752	0.00432	0.00472	0.00746	0.01058	0.01380	0.06404	0.61430	0.18605	0.01542	0.00654	0.00203	0.00295	0.02713	0.00487	0.00430
41	0.01372	0.77452	0.07114	0.00925	0.01389	0.02012	0.00950	0.01565	0.01061	0.01250	0.00736	0.00851	0.00668	0.00448	0.00343	0.00114	0.00569	0.00285	0.00223	0.00674
42	0.00618	0.00528	0.00532	0.00531	0.00705	0.00441	0.00398	0.00753	0.01194	0.01423	0.07032	0.04985	0.76472	0.01313	0.00615	0.00176	0.00263	0.01095	0.00486	0.00441
43	0.00757	0.00505	0.00568	0.00568	0.00568	0.00505	0.00316	0.00757	0.00757	0.01010	0.01641	0.03408	0.01893	0.81698	0.02651	0.00505	0.00505	0.00757	0.00316	0.00316
44	0.01153	0.01260	0.02547	0.01892	0.02269	0.01280	0.54691	0.01496	0.01124	0.01556	0.01165	0.09326	0.01035	0.00647	0.00827	0.00189	0.15945	0.00671	0.00279	0.00649
45	0.01051	0.00910	0.00947	0.00869	0.01082	0.05296	0.00665	0.01842	0.36222	0.02031	0.33358	0.02922	0.08883	0.00891	0.00568	0.00169	0.00362	0.00759	0.00529	0.00646
46	0.01623	0.01228	0.01310	0.01075	0.01415	0.01372	0.00869	0.42677	0.27387	0.02739	0.01621	0.01660	0.01216	0.00670	0.00513	0.00162	0.00484	0.02262	0.08905	0.00816
47	0.00983	0.00926	0.01562	0.80447	0.03587	0.01157	0.01446	0.01331	0.01041	0.01331	0.00926	0.01388	0.00694	0.00521	0.00521	0.00174	0.00694	0.00463	0.00231	0.00579
48	0.01079	0.10602	0.71396	0.01425	0.02162	0.01294	0.01821	0.01640	0.01095	0.01607	0.00914	0.01073	0.00661	0.00490	0.00479	0.00160	0.00748	0.00374	0.00220	0.00760
49	0.00725	0.00532	0.00679	0.00642	0.00771	0.00486	0.00482	0.00959	0.01445	0.02020	0.70907	0.04002	0.12224	0.01090	0.00614	0.00165	0.00247	0.00957	0.00564	0.00486
50	0.01045	0.02694	0.79000	0.01484	0.02254	0.01209	0.01924	0.01649	0.01099	0.01649	0.00935	0.01099	0.00660	0.00495	0.00495	0.00165	0.00770	0.00385	0.00220	0.00770
51	0.01201	0.30391	0.17239	0.23939	0.07427	0.04141	0.04394	0.01526	0.01099	0.01406	0.02260	0.01158	0.00767	0.00492	0.00452	0.00147	0.00662	0.00392	0.00237	0.00669
52	0.01451	0.73980	0.02613	0.00922	0.01364	0.02016	0.00901	0.09052	0.01197	0.01430	0.00776	0.00877	0.00690	0.00463	0.00353	0.00116	0.00559	0.00297	0.00252	0.00690
53	0.00634	0.00453	0.00604	0.00725	0.00755	0.00423	0.00483	0.00725	0.00997	0.01329	0.02870	0.81358	0.03444	0.01632	0.00665	0.00211	0.00302	0.01480	0.00483	0.00423
54	0.01789	0.00798	0.01071	0.03733	0.01246	0.00726	0.00708	0.04697	0.01458	0.50065	0.19076	0.05348	0.02173	0.03898	0.00631	0.00177	0.00410	0.00659	0.00590	0.00747
55	0.01851	0.02058	0.01708	0.01481	0.04705	0.50259	0.10679	0.14457	0.01596	0.04945	0.00970	0.01099	0.00754	0.00541	0.00501	0.00145	0.00837	0.00406	0.00325	0.00684
56	0.01078	0.01053	0.01495	0.23876	0.01944	0.03252	0.01158	0.01254	0.00882	0.01260	0.00837	0.01373	0.00780	0.05765	0.04030	0.00247	0.48448	0.00476	0.00237	0.00554
57	0.01510	0.01429	0.09154	0.07408	0.13400	0.09364	0.01094	0.29962	0.01656	0.02267	0.01192	0.01350	0.00902	0.00567	0.00482	0.00149	0.00584	0.00449	0.16343	0.00736
58	0.01295	0.01119	0.01178	0.01060	0.01354	0.01295	0.00824	0.02767	0.77509	0.02178	0.02120	0.01943	0.01590	0.00707	0.00530	0.00177	0.00412	0.00589	0.00530	0.00824
59	0.01373	0.00951	0.01083	0.00964	0.01230	0.01021	0.00753	0.09593	0.37413	0.14648	0.07478	0.13465	0.03295	0.00881	0.00561	0.00178	0.00406	0.03422	0.00542	0.00741
60	0.01258	0.01206	0.02059	0.10898	0.70986	0.01229	0.01583	0.01572	0.01171	0.01664	0.00974	0.01299	0.00812	0.00470	0.00516	0.00157	0.00626	0.00464	0.00255	0.00800
61	0.00971	0.00485	0.00485	0.00485	0.00607	0.00485	0.00364	0.01213	0.01092	0.01942	0.01699	0.01942	0.01335	0.00607	0.00364	0.00121	0.00243	0.00485	0.84589	0.00485
62	0.00674	0.00525	0.00614	0.00615	0.00753	0.00465	0.00460	0.00850	0.01280	0.01671	0.33315	0.12222	0.39153	0.01256	0.00624	0.00177	0.00269	0.04099	0.00518	0.00460
63	0.01091	0.00626	0.00804	0.00804	0.00954	0.00595	0.00591	0.01354	0.08760	0.18821	0.04149	0.48590	0.05496	0.01289	0.00619	0.00196	0.00349	0.03817	0.00526	0.00571
64	0.00905	0.00452	0.00678	0.00678	0.00678	0.00452	0.00452	0.00678	0.00678	0.00905	0.00905	0.01583	0.00905	0.01809	0.02035	0.84848	0.00452	0.00452	0.00226	0.00226
65	0.00971	0.00485	0.00485	0.00485	0.00607	0.00485	0.00364	0.01213	0.01092	0.01942	0.01699	0.01942	0.01335	0.00607	0.00364	0.00121	0.00243	0.00485	0.84589	0.00485
66	0.01211	0.01372	0.01030	0.00963	0.01150	0.32323	0.00736	0.01344	0.01256	0.01341	0.02826	0.06244	0.33329	0.00982	0.00672	0.00168	0.08569	0.03594	0.00372	0.00519
67	0.01378	0.78764	0.05851	0.00915	0.01374	0.02026	0.00933	0.01563	0.01060	0.01243	0.00733	0.00846	0.00668	0.00448	0.00341	0.00114	0.00566	0.00283	0.00223	0.00672
68	0.01945	0.02482	0.01476	0.01342	0.01610	0.79608	0.01006	0.02079	0.01476	0.01275	0.00805	0.00939	0.00671	0.00537	0.00470	0.00134	0.00939	0.00335	0.00268	0.00604
69	0.01258	0.01206	0.02059	0.10898	0.70986	0.01229	0.01583	0.01572	0.01171	0.01664	0.00974	0.01299	0.00812	0.00470	0.00516	0.00157	0.00626	0.00464	0.00255	0.00800
70	0.01964	0.01451	0.01554	0.01195	0.01609	0.01607	0.00986	0.74974	0.04214	0.03256	0.01271	0.01267	0.00902	0.00627	0.00521	0.00157	0.00569	0.00472	0.00521	0.00884
71	0.01289	0.01237	0.02114	0.03196	0.78450	0.01237	0.01598	0.01598	0.01186	0.01701	0.00980	0.01289	0.00825	0.00464	0.00516	0.00155	0.00619	0.00464	0.00258	0.00825
72	0.00634	0.00453	0.00604	0.00725	0.00755	0.00423	0.00483	0.00725	0.00997	0.01329	0.02870	0.81358	0.03444	0.01632	0.00665	0.00211	0.00302	0.01480	0.00483	0.00423
73	0.01071	0.01015	0.01719	0.58393	0.24959	0.01180	0.01490	0.01407	0.01083	0.01436	0.00941	0.01360	0.00732	0.00504	0.00519	0.00168	0.00673	0.00463	0.00239	0.00649
74	0.01277	0.01225	0.02092	0.06177	0.75561	0.01234	0.01592	0.01588	0.01180	0.01687	0.00977	0.01293	0.00820	0.00466	0.00516	0.00155	0.00622	0.00464	0.00257	0.00815
75	0.00628	0.00528	0.00544	0.00540	0.00711	0.00445	0.00405	0.00771	0.01216	0.01475	0.12544	0.04900	0.70928	0.01294	0.00615	0.00175	0.00262	0.01083	0.00493	0.00445
76	0.01816	0.02227	0.01488	0.01481	0.09221	0.65720	0.01032	0.02021	0.04184	0.01377	0.00907	0.01051	0.00747	0.00538	0.00472	0.00137	0.00860	0.00364	0.03729	0.00629
77	0.01980	0.01459	0.01563	0.01198	0.01615	0.01615	0.00990	0.76713	0.02448	0.03282	0.01250	0.01250	0.00886	0.00625	0.00521	0.00156	0.00573	0.00469	0.00521	0.00886
78	0.01491	0.06984	0.01369	0.01131	0.01428	0.24167	0.00882	0.02485	0.50185	0.01851	0.01642	0.01576	0.01260	0.00639	0.00499	0.00160	0.00575	0.00494	0.00433	0.00749
79	0.00627	0.00519	0.00551	0.00573	0.00726	0.00443	0.00426	0.00757	0.01159	0.01401	0.04824	0.16292	0.64318	0.01370	0.00627	0.00184	0.00278	0.04004	0.00483	0.00439
80	0.01056	0.05423	0.76376	0.01464	0.02222	0.01239	0.01889	0.01646	0.01098	0.01635	0.00927	0.01090	0.00660	0.00493	0.00489	0.00163	0.00762	0.00381	0.00220	0.00766
81	0.00757	0.00505	0.00568	0.00568	0.00568	0.00505	0.00316	0.00757	0.00757	0.01010	0.01641	0.03408	0.01893	0.81698	0.02651	0.00505	0.00505	0.00757	0.00316	0.00316
82	0.01615	0.07582	0.02233	0.01677	0.07189	0.04524	0.28427	0.35835	0.01778	0.02356	0.01103	0.01265	0.00822	0.00530	0.00538	0.00159	0.00700	0.00502	0.00377	0.00788
83	0.00634	0.00453	0.00604	0.00725	0.00755	0.00423	0.00483	0.00725	0.00997	0.01329	0.02870	0.81358	0.03444	0.01632	0.00665	0.00211	0.00302	0.01480	0.00483	0.00423
84	0.00983	0.00926	0.01562	0.80447	0.03587	0.01157	0.01446	0.01331	0.01041	0.01331	0.00926	0.01388	0.00694	0.00521	0.00521	0.00174	0.00694	0.00463	0.00231	0.00579
85	0.00824	0.00681	0.01100	0.00925	0.01116	0.00634	0.13232	0.01101	0.01422	0.01996	0.62185	0.03555	0.04145	0.00975	0.00619	0.00169	0.00361	0.03917	0.00518	0.00526
86	0.01229	0.01405	0.03073	0.02195	0.02722	0.01317	0.76558	0.01668	0.01229	0.01668	0.01054	0.01405	0.00790	0.00439	0.00615	0.00176	0.00878	0.00615	0.00263	0.00702
87	0.01045	0.02694	0.79000	0.01484	0.02254	0.01209	0.01924	0.01649	0.01099	0.01649	0.00935	0.01099	0.00660	0.00495	0.00495	0.00165	0.00770	0.00385	0.00220	0.00770
88	0.00757	0.00506	0.00571	0.00570	0.00573	0.00505	0.00320	0.00763	0.00775	0.01037	0.03575	0.03420	0.01970	0.79661	0.02599	0.00496	0.00498	0.00762	0.00322	0.00320
89	0.00680	0.00530	0.00617	0.00595	0.00743	0.00467	0.00447	0.00872	0.01340	0.01769	0.44031	0.04415	0.39257	0.01184	0.00615	0.00169	0.00254	0.01015	0.00531	0.00467
90	0.01045	0.02694	0.79000	0.01484	0.02254	0.01209	0.01924	0.01649	0.01099	0.01649	0.00935	0.01099	0.00660	0.00495	0.00495	0.00165	0.00770	0.00385	0.00220	0.00770
91	0.00634	0.00453	0.00604	0.00725	0.00755	0.00423	0.00483	0.00725	0.00997	0.01329	0.02870	0.81358	0.03444	0.01632	0.00665	0.00211	0.00302	0.01480	0.00483	0.00423
92	0.00680	0.00530	0.00618	0.00596	0.00743	0.00467	0.00447	0.00873	0.01341	0.01771	0.44260	0.04412	0.39027	0.01183	0.00615	0.00169	0.00254	0.01015	0.00532	0.00467
93	0.00983	0.00926	0.01562	0.80447	0.03587	0.01157	0.01446	0.01331	0.01041	0.01331	0.00926	0.01388	0.00694	0.00521	0.00521	0.00174	0.00694	0.00463	0.00231	0.00579
94	0.01391	0.11714	0.14530	0.01754	0.13130	0.09993	0.22532	0.01721	0.01210	0.09234	0.01116	0.04517	0.00901	0.00549	0.00560	0.00160	0.03470	0.00504	0.00297	0.00718
95	0.04241	0.48225	0.02175	0.01062	0.01434	0.32502	0.00926	0.01763	0.01217	0.01279	0.00756	0.00876	0.00666	0.00483	0.00387	0.00122	0.00702	0.00301	0.00244	0.00640
96	0.01213	0.04289	0.06473	0.05421	0.23265	0.04275	0.35141	0.01563	0.01174	0.01592	0.01119	0.07094	0.00968	0.00559	0.00603	0.00170	0.03515	0.00589	0.00272	0.00705
97	0.00983	0.00926	0.01562	0.80447	0.03587	0.01157	0.01446	0.01331	0.01041	0.01331	0.00926	0.01388	0.00694	0.00521	0.00521	0.00174	0.00694	0.00463	0.00231	0.00579
98	0.00820	0.00565	0.00706	0.00752	0.00828	0.00561	0.00535	0.01034	0.07185	0.04008	0.06487	0.33642	0.02796	0.23596	0.01205	0.00290	0.00399	0.13686	0.00450	0.00455
99	0.04044	0.05186	0.45427	0.01209	0.01710	0.03489	0.01374	0.01453	0.03856	0.01587	0.01503	0.19402	0.01458	0.00814	0.00534	0.00177	0.00617	0.05188	0.00311	0.00659
100	0.02336	0.00886	0.01209	0.00927	0.01329	0.00765	0.00765	0.02538	0.01491	0.78810	0.02055	0.01773	0.01289	0.00645	0.00524	0.00161	0.00443	0.00524	0.00645	0.00886
101	0.00737	0.00532	0.00696	0.00655	0.00778	0.00491	0.00491	0.00983	0.01474	0.02088	0.78175	0.03890	0.04914	0.01065	0.00614	0.00164	0.00246	0.00942	0.00573	0.00491
102	0.01138	0.01119	0.03767	0.20133	0.47733	0.01125	0.03245	0.01451	0.01159	0.01599	0.02894	0.01818	0.05653	0.00590	0.00537	0.00165	0.00610	0.04265	0.00282	0.00718
103	0.01085	0.01059	0.01490	0.01294	0.01307	0.01465	0.01072	0.01209	0.00803	0.01247	0.00782	0.01265	0.00769	0.01326	0.12484	0.00312	0.69773	0.00470	0.00235	0.00555
104	0.02223	0.01068	0.01321	0.01013	0.01420	0.01035	0.00837	0.26049	0.01794	0.54870	0.01800	0.01607	0.01161	0.00638	0.00523	0.00160	0.00484	0.00506	0.00605	0.00886
105	0.01095	0.01143	0.02246	0.45015	0.03195	0.01229	0.35456	0.01483	0.01126	0.01483	0.00984	0.01396	0.00738	0.00484	0.00563	0.00174	0.00777	0.00532	0.00246	0.00635
106	0.01192	0.01139	0.01939	0.27682	0.54721	0.01212	0.01550	0.01513	0.01140	0.01584	0.00962	0.01320	0.00783	0.00482	0.00517	0.00161	0.00643	0.00464	0.00249	0.00747
107	0.00774	0.00596	0.00869	0.00853	0.00931	0.00707	0.00658	0.00939	0.00827	0.01196	0.01364	0.02094	0.01306	0.10174	0.67577	0.00765	0.07063	0.00567	0.00278	0.00460
108	0.00757	0.00505	0.00568	0.00568	0.00568	0.00505	0.00316	0.00757	0.00757	0.01010	0.01641	0.03408	0.01893	0.81698	0.02651	0.00505	0.00505	0.00757	0.00316	0.00316
109	0.01175	0.00997	0.01205	0.00869	0.01329	0.00810	0.03584	0.08843	0.01222	0.01854	0.00963	0.01109	0.00783	0.00412	0.00408	0.00089	0.00423	0.00336	0.00328	0.73260
110	0.05350	0.04236	0.01243	0.00930	0.01312	0.00895	0.00766	0.03871	0.09036	0.61764	0.01959	0.03577	0.01309	0.00659	0.00512	0.00162	0.00442	0.00532	0.00597	0.00848
111	0.00753	0.00522	0.00653	0.00653	0.00683	0.00551	0.00422	0.00812	0.00783	0.01073	0.01563	0.02976	0.01706	0.57041	0.27052	0.00610	0.00787	0.00694	0.00304	0.00363
112	0.04489	0.02570	0.73819	0.01431	0.02166	0.01190	0.01832	0.01628	0.01100	0.01688	0.02877	0.01160	0.00763	0.00509	0.00491	0.00165	0.00741	0.00395	0.00233	0.00754
113	0.01256	0.01431	0.09669	0.02293	0.37835	0.05400	0.09008	0.01603	0.04237	0.01595	0.00956	0.01253	0.00797	0.00571	0.00770	0.00171	0.17562	0.00464	0.00261	0.02865
114	0.01156	0.09971	0.26677	0.01128	0.01581	0.01261	0.01147	0.02076	0.37022	0.01830	0.01903	0.01859	0.08832	0.00671	0.00507	0.00166	0.00529	0.00541	0.00392	0.00752

[dist]
# distance from previous block
# <min> <max>
1	6

[block]
# block no. 6 follows, 47 sequences, length 72
# corresponding to MSA columns:
# 337-345,348-410
name=unknown_G
#
# <colnr> <probs for GDERKNQSTAVLIFYWHMCP>
#	G	D	E	R	K	N	Q	S	T	A	V	L	I	F	Y	W	H	M	C	P
0	0.01515	0.01669	0.01725	0.04878	0.34775	0.30264	0.01262	0.01888	0.10207	0.01565	0.01033	0.01233	0.00846	0.00542	0.00556	0.00154	0.04445	0.00431	0.00291	0.00722
1	0.01045	0.02694	0.79000	0.01484	0.02254	0.01209	0.01924	0.01649	0.01099	0.01649	0.00935	0.01099	0.00660	0.00495	0.00495	0.00165	0.00770	0.00385	0.00220	0.00770
2	0.00617	0.00520	0.00535	0.00547	0.00708	0.00438	0.00404	0.00745	0.01169	0.01399	0.05043	0.12388	0.71013	0.01349	0.00620	0.00179	0.00267	0.01136	0.00484	0.00438
3	0.01008	0.00899	0.08544	0.26078	0.08083	0.00829	0.00958	0.01324	0.01084	0.01700	0.01322	0.01632	0.01025	0.00557	0.00439	0.00145	0.00467	0.00467	0.42868	0.00570
4	0.01181	0.01412	0.11073	0.02023	0.18347	0.01368	0.25157	0.01497	0.01052	0.01525	0.00906	0.01268	0.00757	0.00677	0.02476	0.00200	0.27647	0.00502	0.00246	0.00687
5	0.00916	0.00529	0.00634	0.00602	0.00736	0.00510	0.00456	0.01155	0.01269	0.05545	0.36255	0.02820	0.02948	0.01000	0.04931	0.00183	0.00318	0.00697	0.37990	0.00506
6	0.00839	0.00599	0.00839	0.00959	0.01079	0.00599	0.00839	0.01079	0.01199	0.01558	0.02757	0.05874	0.02997	0.01439	0.00719	0.00240	0.00480	0.74945	0.00480	0.00480
7	0.12300	0.00932	0.01175	0.00912	0.01306	0.00860	0.00753	0.06484	0.01470	0.65475	0.01851	0.01632	0.01180	0.00624	0.00499	0.00161	0.00445	0.00492	0.00599	0.00847
8	0.00634	0.00453	0.00604	0.00725	0.00755	0.00423	0.00483	0.00725	0.00997	0.01329	0.02870	0.81358	0.03444	0.01632	0.00665	0.00211	0.00302	0.01480	0.00483	0.00423
9	0.00634	0.00453	0.00604	0.00725	0.00755	0.00423	0.00483	0.00725	0.00997	0.01329	0.02870	0.81358	0.03444	0.01632	0.00665	0.00211	0.00302	0.01480	0.00483	0.00423
10	0.02336	0.00886	0.01209	0.00927	0.01329	0.00765	0.00765	0.02538	0.01491	0.78810	0.02055	0.01773	0.01289	0.00645	0.00524	0.00161	0.00443	0.00524	0.00645	0.00886
11	0.00771	0.00530	0.00696	0.00696	0.00755	0.00577	0.00490	0.00889	0.00830	0.01200	0.01522	0.02578	0.01540	0.34547	0.41338	0.00636	0.00929	0.00630	0.08439	0.00407
12	0.01150	0.01056	0.01519	0.01108	0.01567	0.00902	0.16666	0.03011	0.08522	0.01769	0.01074	0.01235	0.00857	0.00433	0.00451	0.00109	0.00496	0.00403	0.00325	0.57349
13	0.01290	0.00789	0.00966	0.00789	0.01092	0.00700	0.00623	0.02997	0.08269	0.21374	0.25570	0.02527	0.08604	0.00771	0.00526	0.00144	0.00353	0.00652	0.00514	0.21450
14	0.01581	0.51113	0.02247	0.01026	0.01431	0.14443	0.00924	0.15012	0.04976	0.01642	0.00896	0.00978	0.00751	0.00504	0.00398	0.00126	0.00615	0.00336	0.00297	0.00704
15	0.01498	0.01119	0.01217	0.01055	0.01375	0.01254	0.00832	0.09578	0.60380	0.12547	0.02030	0.01856	0.01484	0.00691	0.00528	0.00173	0.00431	0.00569	0.00544	0.00838
16	0.01166	0.10447	0.41110	0.01665	0.09499	0.01330	0.14942	0.01767	0.09926	0.01674	0.01075	0.01242	0.00807	0.00501	0.00505	0.00162	0.00711	0.00446	0.00267	0.00759
17	0.00955	0.00607	0.00736	0.00707	0.00891	0.00549	0.00553	0.01180	0.03950	0.13248	0.19383	0.10550	0.32441	0.01184	0.00616	0.00183	0.00324	0.10880	0.00528	0.00535
18	0.01089	0.12928	0.69159	0.01408	0.02136	0.01319	0.01791	0.01638	0.01094	0.01595	0.00907	0.01065	0.00661	0.00488	0.00474	0.00158	0.00742	0.00371	0.00220	0.00757
19	0.01092	0.01002	0.01309	0.08680	0.01509	0.01059	0.00883	0.01293	0.00976	0.01504	0.00840	0.01131	0.00733	0.00585	0.00869	0.00140	0.28963	0.00376	0.00272	0.46786
20	0.00767	0.00551	0.00802	0.00802	0.00897	0.00634	0.00622	0.00958	0.00863	0.01283	0.01425	0.02035	0.01305	0.03574	0.71671	0.00765	0.01279	0.00551	0.08749	0.00467
21	0.01137	0.01083	0.01840	0.41539	0.41292	0.01197	0.01523	0.01465	0.01114	0.01517	0.00953	0.01338	0.00760	0.00492	0.00518	0.00164	0.00656	0.00463	0.00245	0.00703
22	0.01408	0.01198	0.01580	0.01874	0.31258	0.01275	0.01127	0.21685	0.20676	0.02211	0.01752	0.01803	0.08512	0.00650	0.00530	0.00163	0.00520	0.00558	0.00418	0.00804
23	0.00693	0.00504	0.00705	0.00780	0.00839	0.00520	0.00568	0.00828	0.00951	0.01298	0.02308	0.45167	0.02610	0.04308	0.28770	0.00443	0.00710	0.07152	0.00407	0.00440
24	0.00790	0.00548	0.00678	0.00721	0.00770	0.00552	0.00515	0.00907	0.02385	0.01233	0.02063	0.06932	0.02299	0.48511	0.03702	0.00407	0.00508	0.25710	0.00380	0.00388
25	0.04301	0.76406	0.02621	0.00895	0.01335	0.02014	0.00883	0.04189	0.01101	0.01335	0.00742	0.00850	0.00672	0.00453	0.00340	0.00115	0.00552	0.00285	0.00237	0.00672
26	0.01097	0.00885	0.03706	0.00777	0.01164	0.00666	0.00640	0.01318	0.01133	0.09084	0.03889	0.05773	0.11027	0.00737	0.03175	0.00136	0.00416	0.00518	0.00376	0.53487
27	0.04279	0.01363	0.02467	0.04036	0.27381	0.04912	0.39469	0.04255	0.01260	0.03912	0.01039	0.01330	0.00803	0.00467	0.00557	0.00165	0.00752	0.00530	0.00283	0.00742
