[name]
unknown

[dist]
# distance from previous block
# <min> <max>
6	8

[block]
# block no. 0 follows, 38 sequences, length 6
# corresponding to MSA columns:
# 59-64
name=unknown_A
#
# <colnr> <probs for GDERKNQSTAVLIFYWHMCP>
#	G	D	E	R	K	N	Q	S	T	A	V	L	I	F	Y	W	H	M	C	P
0	0.01579	0.01433	0.02277	0.10779	0.56407	0.01489	0.01718	0.13030	0.01582	0.02209	0.01174	0.01493	0.00949	0.00572	0.00597	0.00181	0.00715	0.00537	0.00343	0.00935
1	0.01264	0.01255	0.01855	0.08397	0.26370	0.08687	0.10816	0.01536	0.01321	0.01725	0.01879	0.28302	0.01972	0.01016	0.00666	0.00204	0.00672	0.00953	0.00388	0.00723
2	0.06401	0.29427	0.01899	0.01100	0.01400	0.13555	0.00916	0.06345	0.01356	0.01697	0.01611	0.23597	0.01716	0.00980	0.00633	0.00182	0.05358	0.00764	0.00384	0.00680
3	0.01075	0.10294	0.19125	0.01041	0.01403	0.05385	0.01019	0.01354	0.01234	0.01598	0.06301	0.03062	0.19439	0.13683	0.11129	0.00350	0.00747	0.00757	0.00380	0.00625
4	0.01518	0.01451	0.01428	0.01534	0.11802	0.17641	0.01017	0.13012	0.11309	0.02068	0.02074	0.28321	0.02098	0.01091	0.00647	0.00200	0.00628	0.00933	0.00481	0.00746
5	0.06284	0.29130	0.01975	0.14837	0.09766	0.01489	0.01046	0.01482	0.01165	0.01561	0.01442	0.13732	0.01484	0.11224	0.00864	0.00229	0.00614	0.00676	0.00332	0.00667

[dist]
# distance from previous block
# <min> <max>
0	1

[block]
# block no. 1 follows, 38 sequences, length 14
# corresponding to MSA columns:
# 66-79
name=unknown_B
#
# <colnr> <probs for GDERKNQSTAVLIFYWHMCP>
#	G	D	E	R	K	N	Q	S	T	A	V	L	I	F	Y	W	H	M	C	P
0	0.01521	0.05305	0.02149	0.09647	0.09230	0.06011	0.09774	0.11001	0.01362	0.01870	0.00998	0.01385	0.00850	0.00798	0.01211	0.00218	0.35058	0.00534	0.00319	0.00761
1	0.01481	0.14166	0.38380	0.01412	0.02109	0.01540	0.01588	0.15414	0.01556	0.02199	0.01110	0.01253	0.00834	0.00571	0.00528	0.00163	0.00736	0.00430	0.00338	0.14192
2	0.02181	0.10724	0.01854	0.01496	0.01827	0.68822	0.01149	0.02340	0.01655	0.01466	0.00920	0.01073	0.00775	0.00609	0.00526	0.00152	0.01039	0.00381	0.00305	0.00705
3	0.00792	0.00613	0.00722	0.00694	0.00862	0.00542	0.00521	0.01020	0.01562	0.02078	0.45654	0.05043	0.35019	0.01354	0.00710	0.00195	0.00293	0.01165	0.00618	0.00542
4	0.00873	0.00589	0.00686	0.00686	0.00697	0.00600	0.00402	0.00894	0.00884	0.01189	0.01868	0.03784	0.02121	0.71628	0.10202	0.00621	0.00683	0.00852	0.00360	0.00381
5	0.01388	0.01467	0.01752	0.40481	0.02927	0.16461	0.01440	0.01666	0.01225	0.01496	0.01002	0.01469	0.00828	0.00905	0.04646	0.00244	0.19152	0.00509	0.00278	0.00665
6	0.01199	0.00692	0.00915	0.00816	0.01019	0.00627	0.00627	0.01473	0.01706	0.16164	0.61167	0.04034	0.04889	0.01139	0.00690	0.00189	0.00327	0.00997	0.00678	0.00653
7	0.01163	0.01066	0.01185	0.18712	0.01834	0.08270	0.00921	0.08669	0.01565	0.01956	0.16731	0.03554	0.27933	0.01071	0.00689	0.00194	0.02485	0.00885	0.00483	0.00632
8	0.01399	0.01497	0.01311	0.15456	0.01849	0.27549	0.00985	0.01659	0.01609	0.01915	0.34799	0.02744	0.03026	0.00896	0.00630	0.00179	0.00665	0.00736	0.00463	0.00632
9	0.01260	0.00689	0.00882	0.00834	0.01037	0.00611	0.00623	0.01445	0.01458	0.20827	0.18333	0.28475	0.18386	0.01381	0.00702	0.00209	0.00368	0.01206	0.00628	0.00647
10	0.01426	0.23681	0.02201	0.16599	0.02101	0.06917	0.01295	0.01631	0.01117	0.01458	0.00868	0.01258	0.00786	0.00779	0.01148	0.00205	0.35109	0.00460	0.00266	0.00695
11	0.01394	0.10547	0.06412	0.01117	0.01409	0.13860	0.00929	0.10938	0.05761	0.02063	0.16483	0.21847	0.02675	0.01077	0.00629	0.00190	0.00579	0.00902	0.00490	0.00696
12	0.01415	0.23422	0.22640	0.01902	0.02559	0.01725	0.34289	0.01887	0.01326	0.01780	0.01075	0.01348	0.00834	0.00526	0.00584	0.00179	0.00879	0.00532	0.00278	0.00821
13	0.30322	0.01131	0.01137	0.00937	0.01319	0.01156	0.00749	0.15832	0.01515	0.02585	0.07721	0.09262	0.01562	0.00754	0.00506	0.00166	0.00472	0.00583	0.00458	0.21833

[dist]
# distance from previous block
# <min> <max>
0	7

[block]
# block no. 2 follows, 38 sequences, length 25
# corresponding to MSA columns:
# 93-117
name=unknown_C
#
# <colnr> <probs for GDERKNQSTAVLIFYWHMCP>
#	G	D	E	R	K	N	Q	S	T	A	V	L	I	F	Y	W	H	M	C	P
0	0.01221	0.12344	0.03588	0.02629	0.01410	0.01163	0.00838	0.01802	0.18017	0.01994	0.11991	0.06603	0.08936	0.00850	0.00594	0.00163	0.02125	0.00697	0.00466	0.22569
1	0.01092	0.01673	0.27234	0.01401	0.01895	0.01034	0.13696	0.01545	0.03821	0.03776	0.04107	0.15214	0.18912	0.01026	0.00666	0.00205	0.00649	0.00918	0.00418	0.00720
2	0.12983	0.00753	0.00882	0.04972	0.01187	0.00732	0.00661	0.01372	0.01306	0.13935	0.06067	0.29499	0.20758	0.01320	0.00658	0.00212	0.00404	0.01130	0.00550	0.00618
3	0.08969	0.00901	0.01306	0.34005	0.02350	0.01047	0.01075	0.06232	0.01130	0.01606	0.01064	0.01624	0.00901	0.01205	0.01284	0.33318	0.00648	0.00510	0.00298	0.00528
4	0.02106	0.01598	0.02028	0.01540	0.02029	0.01713	0.12923	0.50947	0.08390	0.08163	0.01552	0.01580	0.01103	0.00696	0.00621	0.00187	0.00695	0.00585	0.00563	0.00982
5	0.83108	0.01163	0.00884	0.00791	0.01163	0.01350	0.00651	0.01768	0.01024	0.02699	0.00838	0.00977	0.00651	0.00558	0.00372	0.00186	0.00465	0.00326	0.00372	0.00651
6	0.01113	0.10466	0.01703	0.03211	0.12298	0.01111	0.08851	0.01364	0.01172	0.01614	0.08378	0.02353	0.01729	0.11373	0.30057	0.00527	0.01029	0.00663	0.00345	0.00643
7	0.00730	0.00534	0.00687	0.00810	0.00865	0.00491	0.00546	0.00841	0.01179	0.01547	0.03655	0.69588	0.12638	0.01841	0.00761	0.00239	0.00344	0.01656	0.00558	0.00491
8	0.01207	0.03112	0.75741	0.01715	0.02604	0.01397	0.02223	0.01905	0.01270	0.01905	0.01080	0.01270	0.00762	0.00572	0.00572	0.00191	0.00889	0.00445	0.00254	0.00889
9	0.00781	0.00577	0.00730	0.00765	0.00874	0.00526	0.00546	0.00971	0.01427	0.01931	0.34824	0.34369	0.16381	0.01541	0.00733	0.00214	0.00313	0.01367	0.00604	0.00526
10	0.01675	0.01528	0.01451	0.01282	0.01634	0.10692	0.00999	0.10796	0.57347	0.02529	0.02152	0.02015	0.01617	0.00782	0.00602	0.00195	0.00571	0.00629	0.00574	0.00929
11	0.01191	0.01002	0.01347	0.22326	0.02109	0.00918	0.00958	0.01432	0.01178	0.01730	0.01066	0.01418	0.00885	0.00690	0.00722	0.10187	0.00555	0.00427	0.00320	0.49539
12	0.01367	0.01212	0.01524	0.34180	0.02594	0.08373	0.01238	0.01906	0.13395	0.06750	0.12292	0.03824	0.01807	0.00801	0.00713	0.00199	0.06020	0.00657	0.00425	0.00722
13	0.01334	0.03082	0.66697	0.01694	0.02513	0.10565	0.02093	0.01966	0.01323	0.01852	0.01061	0.01247	0.00764	0.00577	0.00568	0.00186	0.00913	0.00438	0.00261	0.00866
14	0.00731	0.00532	0.00690	0.00816	0.00867	0.00490	0.00549	0.00840	0.01173	0.01544	0.03580	0.71559	0.10715	0.01850	0.00762	0.00240	0.00345	0.01668	0.00558	0.00490
15	0.00990	0.00847	0.00879	0.00830	0.01077	0.00854	0.00634	0.01686	0.26594	0.01972	0.08099	0.04498	0.46231	0.01264	0.00677	0.00203	0.00363	0.01056	0.00582	0.00665
16	0.00818	0.00559	0.00673	0.00729	0.00743	0.00545	0.00443	0.00860	0.00986	0.01315	0.02467	0.33931	0.02908	0.47880	0.02139	0.00447	0.00489	0.01211	0.00443	0.00414
17	0.00965	0.00860	0.01445	0.12215	0.01817	0.00904	0.13075	0.01241	0.01180	0.01574	0.02447	0.07527	0.14819	0.02448	0.31194	0.00516	0.01036	0.03766	0.00378	0.00595
18	0.01616	0.01191	0.01582	0.31874	0.02623	0.01362	0.01246	0.08368	0.26825	0.14244	0.01797	0.01887	0.01294	0.00710	0.00606	0.00198	0.00629	0.00598	0.00494	0.00856
19	0.13176	0.01228	0.01676	0.02004	0.31040	0.01134	0.01160	0.01685	0.01264	0.02069	0.01061	0.01306	0.00881	0.00498	0.00495	0.00139	0.00557	0.00424	0.00335	0.37868
20	0.55271	0.04195	0.06378	0.01021	0.01444	0.08599	0.00893	0.12148	0.01373	0.02641	0.00951	0.01075	0.00729	0.00587	0.00436	0.00181	0.00588	0.00371	0.00387	0.00730
21	0.01459	0.01377	0.01791	0.04658	0.28698	0.12063	0.06222	0.01756	0.01342	0.01908	0.01313	0.01645	0.01074	0.00645	0.00677	0.00175	0.07988	0.00533	0.23920	0.00755
22	0.01275	0.09049	0.51192	0.01807	0.02578	0.01479	0.17729	0.01876	0.01314	0.01886	0.03549	0.01430	0.00960	0.00574	0.00591	0.00188	0.00876	0.00515	0.00279	0.00851
23	0.01231	0.01069	0.01328	0.11950	0.01818	0.00879	0.00851	0.01518	0.01241	0.01899	0.01069	0.01299	0.00878	0.00468	0.00468	0.00105	0.00497	0.00382	0.00344	0.70704
24	0.01070	0.00886	0.00972	0.00902	0.01142	0.00924	0.00690	0.01886	0.30711	0.02227	0.25860	0.03962	0.24088	0.01148	0.00671	0.00199	0.00367	0.00976	0.00612	0.00705

[dist]
# distance from previous block
# <min> <max>
0	2

[block]
# block no. 3 follows, 38 sequences, length 54
# corresponding to MSA columns:
# 120-155,158,160-176
name=unknown_D
#
# <colnr> <probs for GDERKNQSTAVLIFYWHMCP>
#	G	D	E	R	K	N	Q	S	T	A	V	L	I	F	Y	W	H	M	C	P
0	0.01230	0.00930	0.01255	0.01413	0.14837	0.00929	0.00899	0.05276	0.11231	0.06853	0.36431	0.07438	0.06722	0.01039	0.00667	0.00192	0.00427	0.00916	0.00580	0.00734
1	0.01045	0.00522	0.00784	0.00784	0.00784	0.00522	0.00522	0.00784	0.00784	0.01045	0.01045	0.01829	0.01045	0.02090	0.02351	0.82497	0.00522	0.00522	0.00261	0.00261
2	0.02114	0.01042	0.01336	0.00998	0.01491	0.00851	0.00815	0.02361	0.01531	0.45887	0.01848	0.01725	0.01248	0.00624	0.00541	0.00147	0.00485	0.00505	0.00588	0.33862
3	0.00733	0.00524	0.00698	0.00838	0.00873	0.00489	0.00558	0.00838	0.01152	0.01536	0.03316	0.78466	0.03979	0.01885	0.00768	0.00244	0.00349	0.01710	0.00558	0.00489
4	0.01406	0.01493	0.02964	0.10848	0.24478	0.01488	0.41271	0.01841	0.01361	0.01877	0.01158	0.01568	0.00908	0.00549	0.00717	0.00198	0.04116	0.00632	0.00297	0.00832
5	0.01277	0.01077	0.01320	0.01168	0.01237	0.04449	0.00949	0.01469	0.01091	0.01769	0.01268	0.01680	0.01092	0.00893	0.01288	0.00209	0.43335	0.00534	0.33274	0.00620
6	0.00733	0.00524	0.00698	0.00838	0.00873	0.00489	0.00558	0.00838	0.01152	0.01536	0.03316	0.78466	0.03979	0.01885	0.00768	0.00244	0.00349	0.01710	0.00558	0.00489
7	0.01136	0.01069	0.01804	0.77412	0.04143	0.01337	0.01671	0.01537	0.01203	0.01537	0.01069	0.01604	0.00802	0.00601	0.00601	0.00200	0.00802	0.00535	0.00267	0.00668
8	0.01136	0.01069	0.01804	0.77412	0.04143	0.01337	0.01671	0.01537	0.01203	0.01537	0.01069	0.01604	0.00802	0.00601	0.00601	0.00200	0.00802	0.00535	0.00267	0.00668
9	0.00859	0.00645	0.00967	0.00967	0.01074	0.00752	0.00752	0.01074	0.00967	0.01396	0.01611	0.02363	0.01504	0.04512	0.76474	0.00967	0.01611	0.00645	0.00322	0.00537
10	0.83108	0.01163	0.00884	0.00791	0.01163	0.01350	0.00651	0.01768	0.01024	0.02699	0.00838	0.00977	0.00651	0.00558	0.00372	0.00186	0.00465	0.00326	0.00372	0.00651
11	0.00785	0.00567	0.00781	0.00864	0.00919	0.00581	0.00604	0.00916	0.01070	0.01461	0.02652	0.47936	0.03038	0.09078	0.25210	0.00504	0.00773	0.01300	0.00467	0.00494
12	0.02094	0.10858	0.01821	0.01457	0.01793	0.60079	0.01124	0.02427	0.09797	0.01584	0.01091	0.01203	0.00894	0.00631	0.00534	0.00158	0.00969	0.00413	0.00338	0.00734
13	0.35346	0.01177	0.04802	0.00923	0.01267	0.05518	0.00779	0.01835	0.01403	0.15579	0.23012	0.02231	0.02302	0.00795	0.00534	0.00185	0.00478	0.00611	0.00515	0.00708
14	0.01648	0.74497	0.03063	0.01062	0.01564	0.06962	0.01038	0.01839	0.01252	0.01419	0.00842	0.00972	0.00772	0.00521	0.00396	0.00130	0.00671	0.00326	0.00261	0.00767
15	0.00961	0.00882	0.01557	0.01303	0.01552	0.00817	0.21969	0.01228	0.01366	0.01828	0.15839	0.30640	0.12906	0.01305	0.00734	0.00218	0.00534	0.03257	0.00502	0.00603
16	0.00875	0.00583	0.00656	0.00656	0.00656	0.00583	0.00365	0.00875	0.00875	0.01166	0.01895	0.03937	0.02187	0.78858	0.03062	0.00583	0.00583	0.00875	0.00365	0.00365
17	0.02113	0.01518	0.01620	0.01262	0.01692	0.01671	0.01036	0.62428	0.02595	0.03561	0.01521	0.01563	0.01100	0.00719	0.00575	0.00175	0.00605	0.00544	0.12747	0.00954
18	0.00869	0.00581	0.00658	0.00664	0.00665	0.00579	0.00373	0.00873	0.00886	0.01182	0.01955	0.07057	0.02262	0.75636	0.02966	0.00569	0.00573	0.00910	0.00373	0.00370
19	0.01207	0.03112	0.75741	0.01715	0.02604	0.01397	0.02223	0.01905	0.01270	0.01905	0.01080	0.01270	0.00762	0.00572	0.00572	0.00191	0.00889	0.00445	0.00254	0.00889
20	0.02699	0.01024	0.01396	0.01070	0.01536	0.00884	0.00884	0.02932	0.01722	0.75522	0.02373	0.02048	0.01489	0.00745	0.00605	0.00186	0.00512	0.00605	0.00745	0.01024
21	0.83108	0.01163	0.00884	0.00791	0.01163	0.01350	0.00651	0.01768	0.01024	0.02699	0.00838	0.00977	0.00651	0.00558	0.00372	0.00186	0.00465	0.00326	0.00372	0.00651
22	0.01136	0.01069	0.01804	0.77412	0.04143	0.01337	0.01671	0.01537	0.01203	0.01537	0.01069	0.01604	0.00802	0.00601	0.00601	0.00200	0.00802	0.00535	0.00267	0.00668
23	0.01136	0.01069	0.01804	0.77412	0.04143	0.01337	0.01671	0.01537	0.01203	0.01537	0.01069	0.01604	0.00802	0.00601	0.00601	0.00200	0.00802	0.00535	0.00267	0.00668
24	0.01121	0.00561	0.00561	0.00561	0.00701	0.00561	0.00421	0.01402	0.01262	0.02243	0.01962	0.02243	0.01542	0.00701	0.00421	0.00140	0.00280	0.00561	0.82198	0.00561
25	0.01234	0.00944	0.02986	0.01115	0.01349	0.00946	0.00932	0.01937	0.23821	0.07455	0.02934	0.12533	0.04670	0.01325	0.00730	0.00240	0.00507	0.33050	0.00579	0.00712
26	0.01823	0.01454	0.01544	0.01290	0.01689	0.01649	0.01031	0.32051	0.44634	0.03043	0.02034	0.01914	0.01501	0.00777	0.00608	0.00194	0.00553	0.00623	0.00608	0.00981
27	0.83108	0.01163	0.00884	0.00791	0.01163	0.01350	0.00651	0.01768	0.01024	0.02699	0.00838	0.00977	0.00651	0.00558	0.00372	0.00186	0.00465	0.00326	0.00372	0.00651
28	0.01231	0.01892	0.31259	0.01223	0.01900	0.01042	0.01321	0.01672	0.01257	0.01938	0.01073	0.01257	0.00839	0.00496	0.00496	0.00130	0.00624	0.00392	0.00315	0.49643
29	0.83108	0.01163	0.00884	0.00791	0.01163	0.01350	0.00651	0.01768	0.01024	0.02699	0.00838	0.00977	0.00651	0.00558	0.00372	0.00186	0.00465	0.00326	0.00372	0.00651
30	0.00711	0.00609	0.00609	0.00609	0.00813	0.00508	0.00457	0.00863	0.01371	0.01625	0.06094	0.05789	0.74862	0.01524	0.00711	0.00203	0.00305	0.01270	0.00559	0.00508
31	0.00859	0.00645	0.00967	0.00967	0.01074	0.00752	0.00752	0.01074	0.00967	0.01396	0.01611	0.02363	0.01504	0.04512	0.76474	0.00967	0.01611	0.00645	0.00322	0.00537
32	0.01937	0.01255	0.01418	0.01196	0.01588	0.01355	0.00953	0.10596	0.45011	0.24254	0.02319	0.02101	0.01647	0.00785	0.00609	0.00196	0.00507	0.00643	0.00650	0.00981
33	0.00875	0.00583	0.00656	0.00656	0.00656	0.00583	0.00365	0.00875	0.00875	0.01166	0.01895	0.03937	0.02187	0.78858	0.03062	0.00583	0.00583	0.00875	0.00365	0.00365
34	0.01157	0.01091	0.01842	0.73016	0.08375	0.01342	0.01681	0.01555	0.01213	0.01563	0.01073	0.01597	0.00811	0.00598	0.00601	0.00199	0.00797	0.00535	0.00269	0.00685
35	0.00998	0.00581	0.00630	0.00618	0.00767	0.00556	0.00464	0.01262	0.01391	0.02207	0.21487	0.03291	0.12151	0.00946	0.00534	0.00161	0.00284	0.00790	0.50327	0.00556
36	0.01261	0.01206	0.01874	0.29714	0.02622	0.03068	0.09599	0.01576	0.03438	0.01599	0.01084	0.01566	0.00901	0.00836	0.01168	0.04396	0.27524	0.00554	0.05350	0.00664
37	0.01668	0.01929	0.01758	0.39229	0.02986	0.36975	0.01419	0.01945	0.01433	0.01504	0.00995	0.01349	0.00789	0.00623	0.00613	0.00181	0.03170	0.00465	0.00287	0.00682
38	0.02699	0.01024	0.01396	0.01070	0.01536	0.00884	0.00884	0.02932	0.01722	0.75522	0.02373	0.02048	0.01489	0.00745	0.00605	0.00186	0.00512	0.00605	0.00745	0.01024
39	0.01284	0.07807	0.67493	0.01664	0.02500	0.05268	0.02095	0.01924	0.01289	0.01853	0.01057	0.01242	0.00763	0.00570	0.00559	0.00185	0.00884	0.00434	0.00257	0.00872
40	0.01677	0.01510	0.04143	0.01923	0.02408	0.05468	0.39270	0.02205	0.09121	0.15923	0.01618	0.05069	0.01237	0.00681	0.00736	0.00202	0.04842	0.00698	0.00429	0.00840
41	0.00742	0.00527	0.00695	0.00826	0.00859	0.00494	0.00546	0.00840	0.01135	0.01513	0.03228	0.73856	0.03868	0.06646	0.00910	0.00265	0.00364	0.01659	0.00546	0.00481
42	0.00866	0.00620	0.00842	0.00842	0.00906	0.00684	0.00596	0.00994	0.00930	0.01304	0.01726	0.02997	0.01779	0.34464	0.46899	0.00812	0.01197	0.00737	0.00339	0.00468
43	0.01256	0.01147	0.01239	0.01043	0.01356	0.08989	0.00823	0.05059	0.01272	0.01764	0.01536	0.01881	0.05648	0.01881	0.24763	0.00399	0.06433	0.00529	0.00359	0.32624
44	0.01135	0.00923	0.01192	0.01368	0.09581	0.00973	0.00976	0.01810	0.22839	0.01982	0.02899	0.15645	0.06306	0.01312	0.00724	0.00236	0.00506	0.28346	0.00543	0.00705
45	0.00853	0.00586	0.00704	0.00705	0.00751	0.00568	0.00445	0.00948	0.01149	0.01575	0.23615	0.12075	0.03411	0.47654	0.02120	0.00430	0.00470	0.01027	0.00473	0.00438
46	0.01420	0.01623	0.03550	0.02535	0.03144	0.01521	0.72921	0.01927	0.01420	0.01927	0.01217	0.01623	0.00913	0.00507	0.00710	0.00203	0.01014	0.00710	0.00304	0.00811
47	0.01662	0.01166	0.01611	0.35680	0.02736	0.01321	0.01274	0.13640	0.12358	0.15750	0.01576	0.01767	0.01131	0.00755	0.00693	0.04373	0.00663	0.00570	0.00461	0.00813
48	0.00908	0.00716	0.01060	0.01032	0.01128	0.00869	0.00812	0.01114	0.00962	0.01402	0.01523	0.02251	0.01428	0.04142	0.68504	0.00892	0.09757	0.00632	0.00316	0.00550
49	0.00711	0.00609	0.00609	0.00609	0.00813	0.00508	0.00457	0.00863	0.01371	0.01625	0.06094	0.05789	0.74862	0.01524	0.00711	0.00203	0.00305	0.01270	0.00559	0.00508
50	0.01891	0.02525	0.10171	0.01859	0.02319	0.46246	0.22508	0.02208	0.01574	0.01653	0.01031	0.01264	0.00814	0.00581	0.00595	0.00173	0.01043	0.00489	0.00302	0.00752
51	0.35047	0.01154	0.01236	0.00993	0.01423	0.01182	0.00820	0.10365	0.01565	0.38106	0.01650	0.01548	0.01099	0.00667	0.00511	0.00186	0.00510	0.00485	0.00579	0.00874
52	0.01098	0.00999	0.01215	0.23563	0.02001	0.08926	0.01003	0.01402	0.01519	0.01984	0.37010	0.03532	0.03460	0.01027	0.00673	0.00199	0.00553	0.08729	0.00495	0.00610
53	0.01720	0.01787	0.01365	0.01203	0.01519	0.30563	0.00927	0.16625	0.09574	0.02108	0.02727	0.02675	0.22861	0.00929	0.00612	0.00180	0.00702	0.00712	0.00476	0.00736

[dist]
# distance from previous block
# <min> <max>
24	93

[block]
# block no. 4 follows, 38 sequences, length 12
# corresponding to MSA columns:
# 277-288
name=unknown_E
#
# <colnr> <probs for GDERKNQSTAVLIFYWHMCP>
#	G	D	E	R	K	N	Q	S	T	A	V	L	I	F	Y	W	H	M	C	P
0	0.15212	0.02071	0.21813	0.01353	0.01877	0.13043	0.01313	0.18738	0.08726	0.05797	0.03602	0.01464	0.01097	0.00664	0.00551	0.00183	0.00720	0.00489	0.00433	0.00854
1	0.20588	0.14179	0.01727	0.01274	0.01637	0.44405	0.01013	0.02190	0.01476	0.05174	0.00961	0.01086	0.00779	0.00595	0.00482	0.00159	0.00849	0.00373	0.00336	0.00714
2	0.01981	0.02404	0.01651	0.01452	0.01759	0.55837	0.01111	0.02151	0.01540	0.01545	0.00935	0.01138	0.00795	0.00645	0.00699	0.00158	0.10165	0.00399	0.00312	0.13325
3	0.00859	0.00645	0.00967	0.00967	0.01074	0.00752	0.00752	0.01074	0.00967	0.01396	0.01611	0.02363	0.01504	0.04512	0.76474	0.00967	0.01611	0.00645	0.00322	0.00537
4	0.00733	0.00524	0.00698	0.00838	0.00873	0.00489	0.00558	0.00838	0.01152	0.01536	0.03316	0.78466	0.03979	0.01885	0.00768	0.00244	0.00349	0.01710	0.00558	0.00489
5	0.01207	0.03112	0.75741	0.01715	0.02604	0.01397	0.02223	0.01905	0.01270	0.01905	0.01080	0.01270	0.00762	0.00572	0.00572	0.00191	0.00889	0.00445	0.00254	0.00889
6	0.01247	0.01069	0.01247	0.00891	0.01426	0.00802	0.00713	0.01515	0.01247	0.01960	0.01069	0.01247	0.00891	0.00446	0.00446	0.00089	0.00446	0.00356	0.00356	0.82536
7	0.02162	0.01232	0.01445	0.01179	0.01598	0.01277	0.00951	0.13867	0.30365	0.35698	0.02260	0.02032	0.01554	0.00769	0.00607	0.00192	0.00521	0.00625	0.00670	0.00995
8	0.14008	0.01157	0.01258	0.00935	0.01438	0.01014	0.00755	0.10123	0.01402	0.02293	0.01078	0.01229	0.00870	0.00496	0.00453	0.00115	0.00474	0.00374	0.00388	0.60139
9	0.01251	0.01259	0.01065	0.01054	0.01244	0.19690	0.00783	0.01645	0.12624	0.01764	0.08070	0.26918	0.13168	0.01290	0.00679	0.00208	0.00555	0.05596	0.00512	0.00625
10	0.01229	0.01168	0.01419	0.22072	0.02149	0.12567	0.06167	0.01500	0.01395	0.04059	0.09664	0.14164	0.09025	0.01075	0.00675	0.00208	0.00655	0.09744	0.00438	0.00628
11	0.10493	0.01390	0.01652	0.15467	0.02174	0.04638	0.04390	0.25090	0.07490	0.15301	0.01500	0.01575	0.01065	0.00667	0.00574	0.00183	0.00651	0.00532	0.00503	0.04666

[dist]
# distance from previous block
# <min> <max>
38	73

[block]
# block no. 5 follows, 38 sequences, length 16
# corresponding to MSA columns:
# 386-401
name=unknown_F
#
# <colnr> <probs for GDERKNQSTAVLIFYWHMCP>
#	G	D	E	R	K	N	Q	S	T	A	V	L	I	F	Y	W	H	M	C	P
0	0.01442	0.01300	0.01268	0.01107	0.01380	0.15887	0.03980	0.13101	0.01793	0.05063	0.25178	0.03496	0.15184	0.01059	0.00664	0.00190	0.00569	0.06111	0.00544	0.00684
1	0.05560	0.04993	0.01585	0.01159	0.01625	0.01475	0.00954	0.37067	0.07831	0.06738	0.01445	0.01478	0.01071	0.00645	0.00537	0.00157	0.00562	0.00491	0.03666	0.20961
2	0.02253	0.02705	0.01719	0.01527	0.01861	0.66215	0.01160	0.12098	0.01859	0.01790	0.01000	0.01134	0.00809	0.00634	0.00551	0.00158	0.01027	0.00409	0.00350	0.00742
3	0.01232	0.00743	0.00936	0.00861	0.01065	0.00695	0.00651	0.06749	0.01629	0.14671	0.33419	0.21198	0.11171	0.01291	0.00697	0.00202	0.00368	0.01128	0.00637	0.00655
4	0.00879	0.00638	0.00936	0.00936	0.01046	0.00738	0.00727	0.01099	0.00989	0.01460	0.01638	0.02354	0.01507	0.04226	0.70762	0.00905	0.01511	0.00638	0.06472	0.00539
5	0.01334	0.01073	0.01787	0.01432	0.01734	0.01046	0.23221	0.10560	0.01448	0.07441	0.02055	0.19857	0.02065	0.16915	0.01188	0.00290	0.00668	0.04752	0.00459	0.00676
6	0.01423	0.41585	0.35562	0.01460	0.05441	0.01897	0.01601	0.01850	0.01251	0.01660	0.00959	0.01126	0.00776	0.00541	0.00479	0.00159	0.00756	0.00387	0.00258	0.00833
7	0.01178	0.01174	0.02318	0.01749	0.02104	0.01131	0.41096	0.01490	0.01192	0.01622	0.01479	0.02439	0.01386	0.25467	0.11084	0.00419	0.00956	0.00753	0.00325	0.00637
8	0.01247	0.01069	0.01247	0.00891	0.01426	0.00802	0.00713	0.01515	0.01247	0.01960	0.01069	0.01247	0.00891	0.00446	0.00446	0.00089	0.00446	0.00356	0.00356	0.82536
9	0.00813	0.00587	0.00782	0.00889	0.00976	0.00556	0.00668	0.00991	0.01301	0.01730	0.12898	0.44920	0.07900	0.01717	0.00774	0.00244	0.00395	0.20769	0.00571	0.00518
10	0.01325	0.01261	0.02156	0.34860	0.22817	0.01380	0.11265	0.04970	0.01353	0.01834	0.01217	0.01798	0.01000	0.00639	0.00670	0.00196	0.03519	0.03988	0.00313	0.03438
11	0.01619	0.21731	0.05308	0.14131	0.01951	0.01453	0.01090	0.07717	0.07473	0.15334	0.14332	0.02047	0.01875	0.00741	0.00564	0.00175	0.00583	0.00597	0.00475	0.00804
12	0.01371	0.01062	0.01255	0.04745	0.04989	0.05125	0.00908	0.10919	0.04599	0.08466	0.02527	0.25629	0.09983	0.01192	0.00828	0.00212	0.10324	0.00980	0.04189	0.00695
13	0.04388	0.05219	0.01852	0.01425	0.01793	0.12280	0.17190	0.07497	0.10808	0.03593	0.10958	0.11582	0.02005	0.00849	0.00625	0.00186	0.00668	0.00763	0.00458	0.05860
14	0.05380	0.12165	0.30424	0.01454	0.02022	0.04862	0.07927	0.05022	0.01405	0.05663	0.04098	0.04873	0.01463	0.00788	0.00598	0.00194	0.00743	0.09757	0.00372	0.00790
15	0.01524	0.01390	0.10598	0.01140	0.01441	0.08080	0.01011	0.04379	0.04896	0.11585	0.01630	0.05603	0.01319	0.00801	0.00791	0.00184	0.14551	0.00584	0.24069	0.04423

[dist]
# distance from previous block
# <min> <max>
1	38

[block]
# block no. 6 follows, 38 sequences, length 15
# corresponding to MSA columns:
# 455-469
name=unknown_G
#
# <colnr> <probs for GDERKNQSTAVLIFYWHMCP>
#	G	D	E	R	K	N	Q	S	T	A	V	L	I	F	Y	W	H	M	C	P
0	0.01294	0.01239	0.02051	0.44680	0.07802	0.01461	0.11243	0.04764	0.06925	0.01778	0.01183	0.01609	0.00914	0.00659	0.00777	0.00206	0.09789	0.00569	0.00315	0.00741
1	0.01523	0.01403	0.01600	0.20090	0.02254	0.11247	0.03977	0.15221	0.14048	0.02198	0.05910	0.06896	0.01688	0.00866	0.00680	0.00201	0.03321	0.05654	0.00457	0.00767
2	0.01864	0.01418	0.01533	0.01264	0.01645	0.01572	0.01010	0.45247	0.20138	0.03146	0.01967	0.12955	0.01658	0.00916	0.00629	0.00196	0.00570	0.00747	0.00598	0.00927
3	0.08765	0.00634	0.00784	0.00886	0.00991	0.00626	0.00664	0.01043	0.01232	0.01760	0.06737	0.46964	0.06390	0.01655	0.00740	0.00242	0.00405	0.18411	0.00545	0.00525
4	0.01608	0.79220	0.03152	0.01029	0.01544	0.02380	0.01029	0.01801	0.01222	0.01415	0.00836	0.00965	0.00772	0.00515	0.00386	0.00129	0.00643	0.00322	0.00257	0.00772
5	0.00916	0.00634	0.00792	0.00817	0.00973	0.00577	0.00631	0.01121	0.01432	0.06116	0.21784	0.20074	0.25109	0.01506	0.00740	0.00222	0.00370	0.15036	0.00594	0.00558
6	0.01247	0.01069	0.01247	0.00891	0.01426	0.00802	0.00713	0.01515	0.01247	0.01960	0.01069	0.01247	0.00891	0.00446	0.00446	0.00089	0.00446	0.00356	0.00356	0.82536
7	0.01247	0.01069	0.01247	0.00891	0.01426	0.00802	0.00713	0.01515	0.01247	0.01960	0.01069	0.01247	0.00891	0.00446	0.00446	0.00089	0.00446	0.00356	0.00356	0.82536
8	0.01259	0.12882	0.05528	0.01834	0.02288	0.01372	0.40488	0.01621	0.01314	0.01747	0.01708	0.21748	0.01694	0.00873	0.00672	0.00202	0.00779	0.00906	0.00362	0.00724
9	0.01235	0.08509	0.70593	0.01666	0.02529	0.01467	0.02138	0.01898	0.01267	0.01870	0.01062	0.01248	0.00763	0.00568	0.00558	0.00186	0.00872	0.00436	0.00254	0.00881
10	0.01624	0.01408	0.06595	0.01127	0.01501	0.05870	0.00941	0.27589	0.05142	0.04288	0.05851	0.06492	0.01635	0.09902	0.00867	0.00217	0.00588	0.00649	0.06202	0.11511
11	0.02699	0.01024	0.01396	0.01070	0.01536	0.00884	0.00884	0.02932	0.01722	0.75522	0.02373	0.02048	0.01489	0.00745	0.00605	0.00186	0.00512	0.00605	0.00745	0.01024
12	0.01247	0.01069	0.01247	0.00891	0.01426	0.00802	0.00713	0.01515	0.01247	0.01960	0.01069	0.01247	0.00891	0.00446	0.00446	0.00089	0.00446	0.00356	0.00356	0.82536
13	0.19935	0.00942	0.01098	0.00943	0.01293	0.00895	0.00771	0.01978	0.01423	0.29804	0.06646	0.07122	0.05031	0.00930	0.00589	0.00193	0.00469	0.10457	0.00573	0.08908
14	0.01287	0.01008	0.05674	0.00973	0.01300	0.00821	0.00795	0.05691	0.05806	0.11505	0.07549	0.26792	0.06070	0.01104	0.00629	0.00183	0.00446	0.00959	0.00527	0.20881

[dist]
# distance from previous block
# <min> <max>
0	42

[block]
# block no. 7 follows, 38 sequences, length 11
# corresponding to MSA columns:
# 525-535
name=unknown_H
#
# <colnr> <probs for GDERKNQSTAVLIFYWHMCP>
#	G	D	E	R	K	N	Q	S	T	A	V	L	I	F	Y	W	H	M	C	P
0	0.01531	0.01397	0.01265	0.01298	0.08600	0.21038	0.00886	0.06028	0.01566	0.09955	0.06721	0.10843	0.21652	0.03646	0.00720	0.00201	0.00612	0.00866	0.00489	0.00688
1	0.01442	0.47760	0.33158	0.01313	0.01982	0.01974	0.01523	0.01844	0.01242	0.01618	0.00937	0.01091	0.00768	0.00538	0.00463	0.00154	0.00745	0.00372	0.00256	0.00820
2	0.06282	0.01116	0.01304	0.01032	0.01460	0.01060	0.00830	0.09457	0.14026	0.24147	0.09018	0.01982	0.01704	0.00710	0.00559	0.00162	0.00477	0.00575	0.00571	0.23527
3	0.06754	0.01027	0.01473	0.01215	0.01530	0.01011	0.12139	0.12804	0.01668	0.13454	0.17170	0.16390	0.04876	0.01069	0.00672	0.00204	0.00532	0.04716	0.00562	0.00735
4	0.01214	0.01175	0.01821	0.44788	0.03040	0.01554	0.01518	0.01499	0.01082	0.01499	0.00949	0.01480	0.00797	0.00796	0.01192	0.00227	0.33909	0.00531	0.00266	0.00664
5	0.00894	0.00658	0.00868	0.00982	0.01103	0.00645	0.00794	0.01165	0.04282	0.01732	0.03483	0.28155	0.10623	0.01681	0.00791	0.00257	0.00464	0.40320	0.00558	0.00546
6	0.00859	0.00645	0.00967	0.00967	0.01074	0.00752	0.00752	0.01074	0.00967	0.01396	0.01611	0.02363	0.01504	0.04512	0.76474	0.00967	0.01611	0.00645	0.00322	0.00537
7	0.01925	0.01088	0.05640	0.01153	0.01523	0.00940	0.01020	0.09191	0.01679	0.36574	0.02509	0.03711	0.02137	0.01075	0.00687	0.00220	0.00565	0.26893	0.00630	0.00840
8	0.02247	0.02867	0.01705	0.01550	0.01860	0.76443	0.01162	0.02402	0.01705	0.01472	0.00930	0.01085	0.00775	0.00620	0.00542	0.00155	0.01085	0.00387	0.00310	0.00697
9	0.00847	0.00663	0.00894	0.00810	0.00989	0.00601	0.04103	0.01111	0.01611	0.02204	0.55104	0.04655	0.21620	0.01263	0.00710	0.00193	0.00325	0.01112	0.00620	0.00566
10	0.01750	0.25743	0.26269	0.01411	0.01983	0.23959	0.01447	0.02100	0.01419	0.07234	0.01061	0.01183	0.00824	0.00582	0.00510	0.00161	0.00845	0.00403	0.00309	0.00807

[dist]
# distance from previous block
# <min> <max>
5	113

[block]
# block no. 8 follows, 38 sequences, length 12
# corresponding to MSA columns:
# 657-660,662-666,669-671
name=unknown_I
#
# <colnr> <probs for GDERKNQSTAVLIFYWHMCP>
#	G	D	E	R	K	N	Q	S	T	A	V	L	I	F	Y	W	H	M	C	P
0	0.04138	0.07497	0.49847	0.01563	0.02267	0.12200	0.01803	0.02110	0.09481	0.01908	0.01189	0.01324	0.00881	0.00602	0.00554	0.00183	0.00842	0.00451	0.00306	0.00854
1	0.01153	0.01069	0.01721	0.65915	0.03735	0.01256	0.01527	0.01534	0.01210	0.01601	0.01069	0.01550	0.00815	0.00578	0.00578	0.00184	0.00748	0.00508	0.00281	0.12969
2	0.01313	0.00634	0.00704	0.00655	0.00818	0.00613	0.00480	0.01534	0.01259	0.13054	0.02012	0.02527	0.01653	0.15158	0.00937	0.00229	0.00371	0.00625	0.54829	0.00594
3	0.00859	0.00645	0.00967	0.00967	0.01074	0.00752	0.00752	0.01074	0.00967	0.01396	0.01611	0.02363	0.01504	0.04512	0.76474	0.00967	0.01611	0.00645	0.00322	0.00537
4	0.01584	0.02583	0.56930	0.01552	0.02333	0.01267	0.01884	0.02165	0.01384	0.20532	0.01407	0.01467	0.00946	0.00615	0.00580	0.00189	0.00794	0.00485	0.00378	0.00923
5	0.02247	0.02867	0.01705	0.01550	0.01860	0.76443	0.01162	0.02402	0.01705	0.01472	0.00930	0.01085	0.00775	0.00620	0.00542	0.00155	0.01085	0.00387	0.00310	0.00697
6	0.00779	0.00574	0.00729	0.00770	0.00875	0.00524	0.00547	0.00966	0.01414	0.01915	0.33607	0.36881	0.15082	0.01558	0.00735	0.00215	0.00315	0.01385	0.00602	0.00524
7	0.05397	0.22077	0.23387	0.01414	0.01956	0.26674	0.01405	0.05897	0.03421	0.01790	0.01013	0.01153	0.00807	0.00587	0.00509	0.00163	0.00850	0.00401	0.00307	0.00794
8	0.01126	0.00957	0.01318	0.26632	0.02207	0.00967	0.01016	0.03846	0.04083	0.01912	0.12509	0.12175	0.02031	0.00831	0.00592	0.00170	0.00537	0.00725	0.00417	0.25949
9	0.09312	0.04054	0.06386	0.01062	0.01379	0.01052	0.00893	0.15177	0.01589	0.16419	0.02288	0.30193	0.02252	0.01164	0.00642	0.00209	0.00509	0.04116	0.00552	0.00751
10	0.01225	0.14995	0.47476	0.01387	0.02057	0.01394	0.01645	0.01706	0.01201	0.01718	0.01162	0.01619	0.00987	0.12316	0.00907	0.00232	0.00772	0.00483	0.00278	0.06439
11	0.01012	0.00934	0.00951	0.06261	0.01284	0.11982	0.00766	0.01165	0.01271	0.01557	0.02891	0.51299	0.05847	0.01569	0.00727	0.00230	0.00511	0.08702	0.00500	0.00540

[dist]
# distance from previous block
# <min> <max>
6	35

[block]
# block no. 9 follows, 38 sequences, length 6
# corresponding to MSA columns:
# 707-712
name=unknown_J
#
# <colnr> <probs for GDERKNQSTAVLIFYWHMCP>
#	G	D	E	R	K	N	Q	S	T	A	V	L	I	F	Y	W	H	M	C	P
0	0.13505	0.07999	0.05818	0.01310	0.04470	0.01287	0.09981	0.12613	0.01609	0.14559	0.07867	0.02175	0.09592	0.00762	0.00577	0.00181	0.00587	0.00636	0.00485	0.03988
1	0.01549	0.06862	0.01891	0.01415	0.01776	0.03374	0.13731	0.18066	0.06824	0.05235	0.06566	0.02662	0.07696	0.00906	0.00778	0.00201	0.08252	0.08803	0.00478	0.02932
2	0.01565	0.12926	0.10814	0.01512	0.02091	0.01507	0.18477	0.17422	0.01635	0.02269	0.01155	0.01343	0.00893	0.00546	0.00550	0.00154	0.00710	0.00488	0.00371	0.23572
3	0.01268	0.02157	0.39197	0.01663	0.02338	0.01233	0.18166	0.01798	0.01361	0.05503	0.06211	0.01963	0.07265	0.00676	0.00616	0.00187	0.00782	0.00616	0.00348	0.06654
4	0.01290	0.01167	0.01624	0.01340	0.08445	0.00943	0.09165	0.01593	0.01279	0.01957	0.01092	0.01313	0.00899	0.00461	0.00490	0.00111	0.00536	0.00414	0.00345	0.65537
5	0.07242	0.00891	0.01027	0.00860	0.01168	0.00857	0.00686	0.09656	0.01623	0.24045	0.12226	0.02613	0.08737	0.00846	0.00559	0.00172	0.00411	0.00686	0.22190	0.03506

[dist]
# distance from previous block
# <min> <max>
5	23

[block]
# block no. 10 follows, 38 sequences, length 18
# corresponding to MSA columns:
# 736-753
name=unknown_K
#
# <colnr> <probs for GDERKNQSTAVLIFYWHMCP>
#	G	D	E	R	K	N	Q	S	T	A	V	L	I	F	Y	W	H	M	C	P
0	0.01651	0.01282	0.01642	0.34408	0.04459	0.05778	0.01283	0.15796	0.04521	0.11284	0.01399	0.01627	0.01018	0.00645	0.00578	0.00181	0.00688	0.00531	0.04638	0.06591
1	0.27396	0.01110	0.01455	0.01810	0.26145	0.01158	0.01075	0.01749	0.01286	0.09873	0.08555	0.01926	0.04122	0.01090	0.08580	0.00267	0.00652	0.00568	0.00416	0.00767
2	0.00851	0.00615	0.00804	0.00757	0.00899	0.00568	0.00568	0.01135	0.01703	0.02412	0.74788	0.04494	0.05676	0.01230	0.00710	0.00189	0.00284	0.01088	0.00662	0.00568
3	0.02247	0.02867	0.01705	0.01550	0.01860	0.76443	0.01162	0.02402	0.01705	0.01472	0.00930	0.01085	0.00775	0.00620	0.00542	0.00155	0.01085	0.00387	0.00310	0.00697
4	0.00859	0.00645	0.00967	0.00967	0.01074	0.00752	0.00752	0.01074	0.00967	0.01396	0.01611	0.02363	0.01504	0.04512	0.76474	0.00967	0.01611	0.00645	0.00322	0.00537
5	0.00754	0.00604	0.00604	0.00604	0.00801	0.00513	0.00453	0.00920	0.01360	0.01691	0.05656	0.05414	0.67094	0.01436	0.00680	0.00196	0.00302	0.01195	0.09208	0.00513
6	0.00872	0.00819	0.06922	0.00826	0.01033	0.00632	0.00696	0.01181	0.01647	0.02321	0.64442	0.04311	0.09622	0.01194	0.00698	0.00190	0.00335	0.01047	0.00622	0.00590
7	0.00733	0.00524	0.00698	0.00838	0.00873	0.00489	0.00558	0.00838	0.01152	0.01536	0.03316	0.78466	0.03979	0.01885	0.00768	0.00244	0.00349	0.01710	0.00558	0.00489
8	0.01569	0.72786	0.02940	0.00991	0.01475	0.02231	0.00980	0.01769	0.01226	0.01483	0.00928	0.01070	0.00835	0.00530	0.00389	0.00130	0.00614	0.00341	0.06960	0.00755
9	0.00733	0.00524	0.00698	0.00838	0.00873	0.00489	0.00558	0.00838	0.01152	0.01536	0.03316	0.78466	0.03979	0.01885	0.00768	0.00244	0.00349	0.01710	0.00558	0.00489
10	0.01676	0.71131	0.02999	0.01084	0.01577	0.10227	0.01043	0.01865	0.01273	0.01421	0.00846	0.00978	0.00772	0.00526	0.00403	0.00131	0.00690	0.00329	0.00263	0.00764
11	0.01510	0.01532	0.03141	0.02285	0.02799	0.01513	0.57266	0.01944	0.01377	0.07882	0.01253	0.01616	0.00943	0.00601	0.00874	0.00210	0.11436	0.00676	0.00335	0.00808
12	0.01675	0.01297	0.01432	0.01089	0.01561	0.01260	0.00882	0.30589	0.06631	0.02758	0.01374	0.01463	0.01052	0.00600	0.00518	0.00137	0.00523	0.00467	0.06297	0.38395
13	0.01668	0.01714	0.01760	0.31758	0.07217	0.23559	0.01360	0.12435	0.01607	0.01920	0.01088	0.01385	0.00845	0.00606	0.00569	0.00172	0.00825	0.00475	0.00340	0.08700
14	0.07493	0.01748	0.01703	0.01352	0.01798	0.09707	0.01100	0.55987	0.07658	0.03384	0.01422	0.01433	0.01030	0.00707	0.00581	0.00180	0.00681	0.00521	0.00557	0.00959
15	0.12677	0.01245	0.01332	0.01040	0.01499	0.01218	0.00836	0.18888	0.11629	0.02564	0.01380	0.03524	0.01105	0.00618	0.00505	0.00144	0.00502	0.00479	0.00458	0.38357
16	0.03567	0.01111	0.01392	0.01190	0.01429	0.01267	0.00957	0.07421	0.15213	0.19001	0.12392	0.07611	0.02096	0.00986	0.00993	0.00214	0.21081	0.00735	0.00546	0.00800
17	0.17871	0.01523	0.01756	0.01374	0.01809	0.12421	0.14654	0.14409	0.01655	0.14013	0.01367	0.01474	0.00995	0.00619	0.00547	0.00174	0.00689	0.00509	0.06271	0.05871

[dist]
# distance from previous block
# <min> <max>
13	126

[block]
# block no. 11 follows, 38 sequences, length 39
# corresponding to MSA columns:
# 890-928
name=unknown_L
#
# <colnr> <probs for GDERKNQSTAVLIFYWHMCP>
#	G	D	E	R	K	N	Q	S	T	A	V	L	I	F	Y	W	H	M	C	P
0	0.06003	0.10832	0.09792	0.01275	0.01768	0.01294	0.09914	0.08305	0.05905	0.10168	0.01831	0.02155	0.06557	0.00730	0.00570	0.00172	0.00615	0.05785	0.00438	0.15890
1	0.01986	0.01333	0.01405	0.04076	0.01650	0.09529	0.00952	0.07921	0.24835	0.28240	0.02283	0.04107	0.05008	0.00805	0.00605	0.00188	0.00570	0.00651	0.00600	0.03256
2	0.18213	0.07175	0.06861	0.02688	0.01607	0.01430	0.00992	0.19454	0.12186	0.10808	0.04519	0.01727	0.03013	0.00704	0.00535	0.00179	0.00554	0.00534	0.02853	0.03969
3	0.19035	0.06125	0.16501	0.01256	0.05600	0.06660	0.01117	0.01881	0.05812	0.08991	0.16417	0.04670	0.02004	0.00779	0.00558	0.00185	0.00585	0.00618	0.00448	0.00757
4	0.21210	0.01305	0.01467	0.06810	0.01776	0.01399	0.02858	0.23014	0.10335	0.16004	0.01527	0.01540	0.01087	0.00664	0.00541	0.00181	0.00571	0.00509	0.00524	0.06679
5	0.04004	0.00929	0.01204	0.01034	0.01315	0.00898	0.04935	0.07050	0.08526	0.16691	0.07888	0.22360	0.02409	0.06721	0.00813	0.00223	0.00477	0.00930	0.03753	0.07840
6	0.01687	0.01504	0.09583	0.01303	0.04367	0.12133	0.01062	0.09858	0.09371	0.16671	0.02144	0.21998	0.01972	0.01027	0.00640	0.00201	0.00617	0.02538	0.00526	0.00798
7	0.01545	0.01406	0.01604	0.01515	0.09951	0.13901	0.06548	0.01936	0.08808	0.08631	0.01646	0.12804	0.01482	0.00788	0.00630	0.00169	0.03221	0.00670	0.00426	0.22319
8	0.01410	0.01154	0.01580	0.04770	0.15363	0.01061	0.03828	0.07016	0.05844	0.06119	0.01520	0.10016	0.01343	0.00691	0.00557	0.00151	0.00544	0.00609	0.00417	0.36009
9	0.01700	0.07801	0.26966	0.01466	0.03952	0.09960	0.03820	0.02307	0.11911	0.17166	0.05826	0.01733	0.01367	0.00679	0.00581	0.00183	0.00720	0.00545	0.00440	0.00876
10	0.01884	0.01433	0.01569	0.01462	0.08797	0.06869	0.01059	0.25282	0.20802	0.12343	0.07945	0.02106	0.04133	0.00793	0.00612	0.00187	0.00587	0.00644	0.00576	0.00919
11	0.01355	0.01986	0.32626	0.07330	0.15775	0.01211	0.01633	0.01827	0.01305	0.06391	0.01165	0.01376	0.00879	0.00544	0.00547	0.00162	0.00711	0.00455	0.00320	0.22402
12	0.01408	0.01275	0.09666	0.01711	0.20786	0.01091	0.01173	0.10268	0.03802	0.06676	0.02284	0.02649	0.11523	0.00836	0.00592	0.00184	0.00552	0.05770	0.16964	0.00789
13	0.01628	0.12251	0.15634	0.01941	0.21152	0.01601	0.01451	0.22858	0.03763	0.02477	0.08225	0.01671	0.01388	0.00668	0.00576	0.00176	0.00674	0.00548	0.00417	0.00901
14	0.25873	0.01259	0.01391	0.01226	0.05973	0.01328	0.00933	0.20575	0.05765	0.24371	0.04446	0.01652	0.01274	0.00695	0.00540	0.00185	0.00538	0.00526	0.00561	0.00889
15	0.01922	0.01420	0.01542	0.01261	0.01666	0.01573	0.01016	0.36591	0.30300	0.08327	0.06371	0.01984	0.01655	0.00791	0.00613	0.00191	0.00556	0.00633	0.00620	0.00968
16	0.13248	0.01107	0.01959	0.01554	0.01904	0.01071	0.30810	0.01557	0.01280	0.06380	0.02018	0.30329	0.02058	0.01045	0.00676	0.00215	0.00654	0.01022	0.00436	0.00680
17	0.71228	0.01240	0.01020	0.00878	0.01267	0.01425	0.00724	0.12253	0.01289	0.02860	0.00927	0.01046	0.00706	0.00582	0.00406	0.00185	0.00494	0.00357	0.00406	0.00706
18	0.00859	0.00645	0.00967	0.00967	0.01074	0.00752	0.00752	0.01074	0.00967	0.01396	0.01611	0.02363	0.01504	0.04512	0.76474	0.00967	0.01611	0.00645	0.00322	0.00537
19	0.02279	0.01453	0.01632	0.01278	0.01734	0.01553	0.01047	0.44340	0.13001	0.22500	0.01837	0.01721	0.01265	0.00742	0.00604	0.00185	0.00595	0.00579	0.00641	0.01013
20	0.01443	0.01259	0.01426	0.12423	0.01943	0.01473	0.01058	0.02953	0.63316	0.02373	0.02246	0.02150	0.01684	0.00785	0.00611	0.00204	0.00524	0.00659	0.00561	0.00910
21	0.00711	0.00609	0.00609	0.00609	0.00813	0.00508	0.00457	0.00863	0.01371	0.01625	0.06094	0.05789	0.74862	0.01524	0.00711	0.00203	0.00305	0.01270	0.00559	0.00508
22	0.01608	0.79220	0.03152	0.01029	0.01544	0.02380	0.01029	0.01801	0.01222	0.01415	0.00836	0.00965	0.00772	0.00515	0.00386	0.00129	0.00643	0.00322	0.00257	0.00772
23	0.00875	0.00583	0.00656	0.00656	0.00656	0.00583	0.00365	0.00875	0.00875	0.01166	0.01895	0.03937	0.02187	0.78858	0.03062	0.00583	0.00583	0.00875	0.00365	0.00365
24	0.01082	0.03148	0.00940	0.00869	0.01081	0.16600	0.00649	0.01270	0.03316	0.01598	0.04363	0.15260	0.44954	0.01341	0.00673	0.00197	0.00489	0.01108	0.00500	0.00564
25	0.01320	0.01257	0.02137	0.38971	0.41147	0.01385	0.01762	0.01698	0.01290	0.01760	0.01102	0.01544	0.00881	0.00567	0.00598	0.00189	0.00756	0.00535	0.00283	0.00817
26	0.01496	0.01292	0.01360	0.01224	0.01564	0.01496	0.00952	0.03197	0.74019	0.02516	0.02448	0.02244	0.01836	0.00816	0.00612	0.00204	0.00476	0.00680	0.00612	0.00952
27	0.01062	0.00780	0.00908	0.00875	0.01003	0.05556	0.00650	0.01256	0.01187	0.04969	0.13826	0.02879	0.02271	0.15997	0.34435	0.00592	0.00982	0.00730	0.09495	0.00547
28	0.02699	0.01024	0.01396	0.01070	0.01536	0.00884	0.00884	0.02932	0.01722	0.75522	0.02373	0.02048	0.01489	0.00745	0.00605	0.00186	0.00512	0.00605	0.00745	0.01024
29	0.00733	0.00524	0.00698	0.00838	0.00873	0.00489	0.00558	0.00838	0.01152	0.01536	0.03316	0.78466	0.03979	0.01885	0.00768	0.00244	0.00349	0.01710	0.00558	0.00489
30	0.01899	0.01985	0.01502	0.01337	0.01655	0.37231	0.01051	0.20686	0.01917	0.02148	0.01970	0.02540	0.09461	0.00900	0.00619	0.00185	0.00809	0.10913	0.00450	0.00741
31	0.01689	0.01808	0.02248	0.03128	0.55810	0.21191	0.01666	0.01993	0.01458	0.01835	0.01078	0.01382	0.00906	0.00558	0.00582	0.00172	0.00812	0.00497	0.00301	0.00886
32	0.02287	0.01685	0.01805	0.01384	0.01866	0.01866	0.01143	0.73100	0.02828	0.03791	0.01444	0.01444	0.01023	0.00722	0.00602	0.00181	0.00662	0.00542	0.00602	0.01023
33	0.02079	0.01582	0.01688	0.01342	0.01786	0.01768	0.01093	0.54685	0.21583	0.03455	0.01709	0.01655	0.01237	0.00747	0.00605	0.00187	0.00613	0.00578	0.00605	0.01004
34	0.01686	0.01288	0.01394	0.01217	0.01581	0.01452	0.00957	0.07840	0.61062	0.10879	0.02373	0.02169	0.01743	0.00802	0.00611	0.00200	0.00493	0.00662	0.00626	0.00965
35	0.01673	0.01933	0.22581	0.01333	0.01863	0.12221	0.01308	0.02024	0.01377	0.16112	0.01274	0.01393	0.00942	0.00633	0.00696	0.00166	0.09263	0.00453	0.00386	0.22370
36	0.10534	0.01065	0.01275	0.01114	0.01404	0.01132	0.03583	0.20374	0.06055	0.07078	0.02027	0.19840	0.01937	0.01570	0.11779	0.00316	0.00687	0.04424	0.00513	0.03293
