[name]
unknown

[dist]
# distance from previous block
# <min> <max>
0	96

[block]
# block no. 0 follows, 39 sequences, length 56
# corresponding to MSA columns:
# 112-151,153-168
name=unknown_A
#
# <colnr> <probs for GDERKNQSTAVLIFYWHMCP>
#	G	D	E	R	K	N	Q	S	T	A	V	L	I	F	Y	W	H	M	C	P
0	0.00876	0.00618	0.00776	0.00787	0.00938	0.00564	0.00605	0.01093	0.01459	0.04928	0.32088	0.16204	0.22647	0.01429	0.00722	0.00211	0.00346	0.12566	0.00596	0.00547
1	0.01547	0.73065	0.09312	0.01069	0.01606	0.02258	0.01112	0.01779	0.01206	0.01432	0.00842	0.00974	0.00758	0.00511	0.00395	0.00132	0.00653	0.00326	0.00253	0.00769
2	0.01226	0.01051	0.01226	0.00876	0.01401	0.00788	0.00701	0.01489	0.01226	0.01927	0.01051	0.01226	0.00876	0.00438	0.00438	0.00088	0.00438	0.00350	0.00350	0.82832
3	0.00754	0.00546	0.00697	0.00787	0.00852	0.00508	0.00540	0.00879	0.01201	0.01594	0.11360	0.53091	0.11510	0.08526	0.00943	0.00261	0.00360	0.04566	0.00543	0.00483
4	0.00773	0.00555	0.00733	0.00788	0.00869	0.00515	0.00553	0.00955	0.01376	0.01897	0.35604	0.45382	0.04661	0.01563	0.00729	0.00216	0.00314	0.01406	0.00595	0.00515
5	0.00805	0.00550	0.00661	0.00715	0.00729	0.00537	0.00433	0.00846	0.00967	0.01289	0.02413	0.33358	0.02843	0.48784	0.02123	0.00442	0.00483	0.01183	0.00433	0.00406
6	0.02248	0.01656	0.01775	0.01361	0.01834	0.01834	0.01124	0.73556	0.02780	0.03727	0.01420	0.01420	0.01006	0.00710	0.00592	0.00177	0.00651	0.00532	0.00592	0.01006
7	0.00808	0.00548	0.00660	0.00718	0.00736	0.00533	0.00440	0.00859	0.00986	0.01330	0.02455	0.35469	0.02875	0.44301	0.01983	0.00420	0.00468	0.01198	0.02797	0.00415
8	0.01117	0.01051	0.01774	0.77795	0.04073	0.01314	0.01642	0.01511	0.01182	0.01511	0.01051	0.01577	0.00788	0.00591	0.00591	0.00197	0.00788	0.00526	0.00263	0.00657
9	0.00840	0.00600	0.00771	0.00731	0.00852	0.00560	0.00531	0.01082	0.01566	0.02209	0.65456	0.04345	0.05124	0.11588	0.01005	0.00238	0.00318	0.01042	0.00612	0.00531
10	0.01441	0.01390	0.02322	0.03353	0.65685	0.01459	0.01746	0.01763	0.01288	0.01864	0.01068	0.01441	0.00915	0.00595	0.00766	0.00187	0.11005	0.00526	0.00288	0.00898
11	0.00860	0.00573	0.00645	0.00645	0.00645	0.00573	0.00358	0.00860	0.00860	0.01147	0.01863	0.03870	0.02150	0.79217	0.03010	0.00573	0.00573	0.00860	0.00358	0.00358
12	0.00846	0.00630	0.00933	0.00933	0.01033	0.00730	0.00718	0.01045	0.00945	0.01360	0.01600	0.02410	0.01516	0.08633	0.72727	0.00929	0.01527	0.00646	0.00319	0.00518
13	0.01226	0.01051	0.01226	0.00876	0.01401	0.00788	0.00701	0.01489	0.01226	0.01927	0.01051	0.01226	0.00876	0.00438	0.00438	0.00088	0.00438	0.00350	0.00350	0.82832
14	0.02653	0.01006	0.01372	0.01052	0.01510	0.00869	0.00869	0.02882	0.01693	0.75937	0.02333	0.02013	0.01464	0.00732	0.00595	0.00183	0.00503	0.00595	0.00732	0.01006
15	0.01581	0.79572	0.03099	0.01012	0.01518	0.02340	0.01012	0.01771	0.01202	0.01391	0.00822	0.00949	0.00759	0.00506	0.00379	0.00126	0.00632	0.00316	0.00253	0.00759
16	0.01226	0.01051	0.01226	0.00876	0.01401	0.00788	0.00701	0.01489	0.01226	0.01927	0.01051	0.01226	0.00876	0.00438	0.00438	0.00088	0.00438	0.00350	0.00350	0.82832
17	0.00876	0.00603	0.00696	0.00722	0.00768	0.00603	0.00459	0.01019	0.04908	0.01395	0.02390	0.19040	0.05315	0.48638	0.02095	0.00434	0.00492	0.03924	0.05185	0.00438
18	0.01117	0.01051	0.01774	0.77795	0.04073	0.01314	0.01642	0.01511	0.01182	0.01511	0.01051	0.01577	0.00788	0.00591	0.00591	0.00197	0.00788	0.00526	0.00263	0.00657
19	0.00721	0.00515	0.00686	0.00823	0.00858	0.00480	0.00549	0.00823	0.01132	0.01510	0.03259	0.78831	0.03911	0.01853	0.00755	0.00240	0.00343	0.01681	0.00549	0.00480
20	0.01606	0.01337	0.01413	0.01231	0.01589	0.01534	0.00969	0.15365	0.62017	0.02691	0.02236	0.02070	0.01666	0.00786	0.00600	0.00197	0.00500	0.00645	0.00600	0.00948
21	0.52695	0.01428	0.01039	0.00935	0.01244	0.16529	0.00724	0.04658	0.01194	0.02252	0.01004	0.01388	0.00881	0.11035	0.00761	0.00229	0.00604	0.00413	0.00362	0.00627
22	0.02111	0.02637	0.01615	0.01466	0.01765	0.69642	0.01103	0.04151	0.01671	0.01512	0.01147	0.01294	0.03720	0.00758	0.02758	0.00178	0.01040	0.00426	0.00322	0.00682
23	0.52511	0.01153	0.01100	0.00912	0.01314	0.01244	0.00752	0.08922	0.01372	0.23756	0.01313	0.01306	0.00911	0.00617	0.00453	0.00182	0.00489	0.00419	0.00492	0.00780
24	0.01273	0.01210	0.02055	0.44458	0.36192	0.01355	0.01720	0.01648	0.01256	0.01700	0.01079	0.01526	0.00855	0.00562	0.00589	0.00187	0.00750	0.00526	0.00276	0.00783
25	0.00767	0.00569	0.00629	0.00666	0.00806	0.00504	0.00480	0.00927	0.01290	0.01698	0.08670	0.26375	0.40722	0.01476	0.00677	0.00202	0.00308	0.01271	0.11459	0.00504
26	0.00925	0.00661	0.00921	0.01057	0.01181	0.00656	0.00904	0.01177	0.01334	0.01738	0.03147	0.15408	0.03465	0.01660	0.00809	0.00268	0.00520	0.63088	0.00545	0.00537
27	0.00737	0.00532	0.00701	0.00831	0.00882	0.00496	0.00574	0.00855	0.01161	0.01534	0.03403	0.69325	0.07880	0.01816	0.00756	0.00240	0.00356	0.06886	0.00549	0.00486
28	0.00849	0.00615	0.00858	0.00858	0.00932	0.00689	0.00624	0.00997	0.00923	0.01305	0.01668	0.02789	0.01681	0.26968	0.54617	0.00837	0.01279	0.00702	0.00329	0.00477
29	0.01398	0.01588	0.03447	0.02537	0.05940	0.01492	0.70565	0.01891	0.01394	0.01896	0.01193	0.01590	0.00899	0.00500	0.00693	0.00198	0.00985	0.00691	0.00299	0.00803
30	0.01396	0.01595	0.03490	0.02493	0.03091	0.01496	0.73380	0.01894	0.01396	0.01894	0.01196	0.01595	0.00897	0.00499	0.00698	0.00199	0.00997	0.00698	0.00299	0.00798
31	0.00721	0.00515	0.00686	0.00823	0.00858	0.00480	0.00549	0.00823	0.01132	0.01510	0.03259	0.78831	0.03911	0.01853	0.00755	0.00240	0.00343	0.01681	0.00549	0.00480
32	0.01464	0.01405	0.02400	0.03630	0.75528	0.01405	0.01815	0.01815	0.01347	0.01932	0.01112	0.01464	0.00937	0.00527	0.00585	0.00176	0.00703	0.00527	0.00293	0.00937
33	0.01117	0.01051	0.01774	0.77795	0.04073	0.01314	0.01642	0.01511	0.01182	0.01511	0.01051	0.01577	0.00788	0.00591	0.00591	0.00197	0.00788	0.00526	0.00263	0.00657
34	0.01581	0.79572	0.03099	0.01012	0.01518	0.02340	0.01012	0.01771	0.01202	0.01391	0.00822	0.00949	0.00759	0.00506	0.00379	0.00126	0.00632	0.00316	0.00253	0.00759
35	0.00721	0.00515	0.00686	0.00823	0.00858	0.00480	0.00549	0.00823	0.01132	0.01510	0.03259	0.78831	0.03911	0.01853	0.00755	0.00240	0.00343	0.01681	0.00549	0.00480
36	0.01038	0.00966	0.01552	0.63191	0.03454	0.01160	0.01417	0.01386	0.01214	0.01527	0.01986	0.02355	0.14882	0.00763	0.00612	0.00198	0.00696	0.00662	0.00317	0.00627
37	0.01294	0.01294	0.01811	0.01553	0.01553	0.01811	0.01294	0.01423	0.00906	0.01423	0.00776	0.01294	0.00776	0.01035	0.01941	0.00259	0.78134	0.00518	0.00259	0.00647
38	0.83394	0.01144	0.00869	0.00778	0.01144	0.01327	0.00640	0.01738	0.01006	0.02653	0.00823	0.00961	0.00640	0.00549	0.00366	0.00183	0.00457	0.00320	0.00366	0.00640
39	0.01117	0.01051	0.01774	0.77795	0.04073	0.01314	0.01642	0.01511	0.01182	0.01511	0.01051	0.01577	0.00788	0.00591	0.00591	0.00197	0.00788	0.00526	0.00263	0.00657
40	0.00720	0.00518	0.00683	0.00814	0.00855	0.00481	0.00545	0.00824	0.01141	0.01513	0.03370	0.75867	0.06804	0.01838	0.00753	0.00239	0.00341	0.01664	0.00549	0.00481
41	0.00845	0.00634	0.00950	0.00950	0.01056	0.00739	0.00739	0.01056	0.00950	0.01373	0.01584	0.02323	0.01478	0.04435	0.76873	0.00950	0.01584	0.00634	0.00317	0.00528
42	0.01102	0.00551	0.00551	0.00551	0.00689	0.00551	0.00413	0.01378	0.01240	0.02205	0.01929	0.02205	0.01516	0.00689	0.00413	0.00138	0.00276	0.00551	0.82500	0.00551
43	0.02248	0.01656	0.01775	0.01361	0.01834	0.01834	0.01124	0.73556	0.02780	0.03727	0.01420	0.01420	0.01006	0.00710	0.00592	0.00177	0.00651	0.00532	0.00592	0.01006
44	0.01394	0.00738	0.00935	0.00870	0.01089	0.00669	0.00655	0.04290	0.01428	0.24854	0.06314	0.30566	0.16319	0.04404	0.00776	0.00224	0.00408	0.02797	0.00604	0.00668
45	0.79057	0.01233	0.00912	0.00818	0.01180	0.05361	0.00667	0.01772	0.01042	0.02589	0.00828	0.00966	0.00647	0.00552	0.00375	0.00181	0.00490	0.00323	0.00363	0.00643
46	0.01186	0.03059	0.76153	0.01686	0.02560	0.01373	0.02185	0.01873	0.01249	0.01873	0.01061	0.01249	0.00749	0.00562	0.00562	0.00187	0.00874	0.00437	0.00250	0.00874
47	0.02632	0.01041	0.01394	0.01069	0.01527	0.00921	0.00883	0.06657	0.01751	0.72080	0.02284	0.01981	0.01439	0.00731	0.00595	0.00183	0.00511	0.00591	0.00724	0.01006
48	0.02653	0.01006	0.01372	0.01052	0.01510	0.00869	0.00869	0.02882	0.01693	0.75937	0.02333	0.02013	0.01464	0.00732	0.00595	0.00183	0.00503	0.00595	0.00732	0.01006
49	0.02653	0.01006	0.01372	0.01052	0.01510	0.00869	0.00869	0.02882	0.01693	0.75937	0.02333	0.02013	0.01464	0.00732	0.00595	0.00183	0.00503	0.00595	0.00732	0.01006
50	0.00721	0.00515	0.00686	0.00823	0.00858	0.00480	0.00549	0.00823	0.01132	0.01510	0.03259	0.78831	0.03911	0.01853	0.00755	0.00240	0.00343	0.01681	0.00549	0.00480
51	0.83394	0.01144	0.00869	0.00778	0.01144	0.01327	0.00640	0.01738	0.01006	0.02653	0.00823	0.00961	0.00640	0.00549	0.00366	0.00183	0.00457	0.00320	0.00366	0.00640
52	0.02568	0.01144	0.01457	0.01117	0.01578	0.01073	0.00923	0.17790	0.01922	0.60705	0.02140	0.01888	0.01367	0.00727	0.00594	0.00182	0.00534	0.00582	0.00702	0.01006
53	0.00721	0.00515	0.00686	0.00823	0.00858	0.00480	0.00549	0.00823	0.01132	0.01510	0.03259	0.78831	0.03911	0.01853	0.00755	0.00240	0.00343	0.01681	0.00549	0.00480
54	0.00707	0.00599	0.00610	0.00607	0.00804	0.00503	0.00455	0.00864	0.01366	0.01641	0.09876	0.05620	0.71375	0.01482	0.00699	0.00199	0.00298	0.01238	0.00555	0.00503
55	0.00837	0.00604	0.00790	0.00744	0.00883	0.00558	0.00558	0.01116	0.01674	0.02371	0.75216	0.04417	0.05580	0.01209	0.00697	0.00186	0.00279	0.01069	0.00651	0.00558

[dist]
# distance from previous block
# <min> <max>
0	29

[block]
# block no. 1 follows, 39 sequences, length 124
# corresponding to MSA columns:
# 198-321
name=unknown_B
#
# <colnr> <probs for GDERKNQSTAVLIFYWHMCP>
#	G	D	E	R	K	N	Q	S	T	A	V	L	I	F	Y	W	H	M	C	P
0	0.01393	0.01586	0.03439	0.02464	0.03044	0.01505	0.71199	0.01880	0.01381	0.01880	0.01184	0.01586	0.00894	0.00515	0.00735	0.00201	0.03330	0.00692	0.00298	0.00793
1	0.01324	0.29000	0.49085	0.01453	0.02175	0.01715	0.01759	0.01825	0.01222	0.01696	0.00971	0.01148	0.00753	0.00557	0.00542	0.00169	0.03129	0.00398	0.00251	0.00828
2	0.01199	0.02970	0.71727	0.01735	0.02592	0.01381	0.06521	0.01874	0.01258	0.01874	0.01070	0.01270	0.00758	0.00558	0.00570	0.00188	0.00881	0.00453	0.00253	0.00869
3	0.00724	0.00517	0.00689	0.00821	0.00858	0.00483	0.00549	0.00832	0.01148	0.01534	0.05327	0.76693	0.03959	0.01834	0.00753	0.00239	0.00341	0.01664	0.00552	0.00483
4	0.83394	0.01144	0.00869	0.00778	0.01144	0.01327	0.00640	0.01738	0.01006	0.02653	0.00823	0.00961	0.00640	0.00549	0.00366	0.00183	0.00457	0.00320	0.00366	0.00640
5	0.01581	0.79572	0.03099	0.01012	0.01518	0.02340	0.01012	0.01771	0.01202	0.01391	0.00822	0.00949	0.00759	0.00506	0.00379	0.00126	0.00632	0.00316	0.00253	0.00759
6	0.00847	0.00626	0.00910	0.00910	0.01001	0.00717	0.00688	0.01030	0.00938	0.01343	0.01621	0.02529	0.01568	0.14397	0.67034	0.00900	0.01449	0.00664	0.00322	0.00505
7	0.01823	0.50062	0.02552	0.01209	0.01637	0.30985	0.01062	0.01998	0.01384	0.01413	0.00858	0.00994	0.00760	0.00546	0.00439	0.00136	0.00799	0.00341	0.00273	0.00731
8	0.01513	0.04007	0.43694	0.04933	0.07338	0.01237	0.01698	0.02019	0.01339	0.16909	0.01316	0.01424	0.00922	0.00582	0.00555	0.00175	0.00736	0.00468	0.00361	0.08773
9	0.01231	0.24686	0.37190	0.01380	0.04374	0.01485	0.01511	0.01663	0.01267	0.01742	0.07623	0.08815	0.01532	0.00746	0.00545	0.00176	0.00690	0.02252	0.00322	0.00771
10	0.01130	0.00777	0.00914	0.00837	0.01061	0.00747	0.00649	0.06682	0.08047	0.09208	0.30118	0.07414	0.24383	0.01221	0.00680	0.00197	0.00365	0.04312	0.00611	0.00646
11	0.01294	0.01294	0.01811	0.01553	0.01553	0.01811	0.01294	0.01423	0.00906	0.01423	0.00776	0.01294	0.00776	0.01035	0.01941	0.00259	0.78134	0.00518	0.00259	0.00647
12	0.01087	0.00932	0.01034	0.01036	0.05102	0.00972	0.00743	0.01917	0.32886	0.02077	0.11672	0.03827	0.32133	0.01115	0.00651	0.00197	0.00391	0.00941	0.00569	0.00717
13	0.69107	0.06137	0.09525	0.00895	0.01327	0.01394	0.00838	0.01756	0.01046	0.02488	0.00850	0.00993	0.00660	0.00548	0.00389	0.00180	0.00515	0.00333	0.00346	0.00674
14	0.11549	0.28463	0.15786	0.01257	0.01769	0.16663	0.01221	0.11674	0.01507	0.03735	0.01002	0.01118	0.00794	0.00575	0.00476	0.00158	0.00741	0.00388	0.00334	0.00791
15	0.00845	0.00634	0.00950	0.00950	0.01056	0.00739	0.00739	0.01056	0.00950	0.01373	0.01584	0.02323	0.01478	0.04435	0.76873	0.00950	0.01584	0.00634	0.00317	0.00528
16	0.00837	0.00604	0.00790	0.00744	0.00883	0.00558	0.00558	0.01116	0.01674	0.02371	0.75216	0.04417	0.05580	0.01209	0.00697	0.00186	0.00279	0.01069	0.00651	0.00558
17	0.02198	0.01632	0.01747	0.01351	0.01815	0.01811	0.01112	0.69011	0.07407	0.03646	0.01484	0.01471	0.01057	0.00716	0.00592	0.00179	0.00639	0.00541	0.00592	0.01001
18	0.02211	0.01720	0.01749	0.01365	0.01821	0.07021	0.01117	0.65532	0.05845	0.03514	0.01428	0.01430	0.01024	0.00707	0.00588	0.00177	0.00672	0.00528	0.00572	0.00980
19	0.00714	0.00539	0.00661	0.00758	0.00841	0.00486	0.00520	0.00831	0.01195	0.01535	0.04052	0.57621	0.24609	0.01750	0.00739	0.00228	0.00330	0.01556	0.00549	0.00486
20	0.01441	0.11199	0.26249	0.02387	0.32418	0.08014	0.01751	0.01852	0.01299	0.01777	0.01024	0.01289	0.00830	0.00574	0.00632	0.00177	0.05497	0.00460	0.00273	0.00856
21	0.00721	0.00539	0.00662	0.00758	0.00833	0.00489	0.00515	0.00832	0.01176	0.01516	0.03900	0.56764	0.22164	0.05151	0.00839	0.00244	0.00342	0.01534	0.00541	0.00480
22	0.02590	0.01020	0.01371	0.01060	0.01511	0.00901	0.00873	0.02896	0.05564	0.72029	0.02337	0.02023	0.01482	0.00736	0.00595	0.00184	0.00501	0.00599	0.00725	0.01003
23	0.00721	0.00515	0.00686	0.00823	0.00858	0.00480	0.00549	0.00823	0.01132	0.01510	0.03259	0.78831	0.03911	0.01853	0.00755	0.00240	0.00343	0.01681	0.00549	0.00480
24	0.01117	0.01051	0.01774	0.77795	0.04073	0.01314	0.01642	0.01511	0.01182	0.01511	0.01051	0.01577	0.00788	0.00591	0.00591	0.00197	0.00788	0.00526	0.00263	0.00657
25	0.01396	0.01595	0.03490	0.02493	0.03091	0.01496	0.73380	0.01894	0.01396	0.01894	0.01196	0.01595	0.00897	0.00499	0.00698	0.00199	0.00997	0.00698	0.00299	0.00798
26	0.01746	0.01539	0.01483	0.01278	0.01643	0.09999	0.01006	0.20452	0.48602	0.02669	0.01996	0.01884	0.01491	0.00758	0.00592	0.00189	0.00580	0.00603	0.00566	0.00925
27	0.01201	0.15775	0.55195	0.01473	0.02190	0.01437	0.01800	0.01737	0.01227	0.01750	0.01269	0.09978	0.01109	0.00698	0.00553	0.00183	0.00773	0.00557	0.00284	0.00810
28	0.01487	0.01561	0.10216	0.01459	0.01879	0.12195	0.17527	0.05886	0.01442	0.08255	0.05861	0.01815	0.01339	0.01298	0.14016	0.00308	0.00907	0.00581	0.05372	0.06595
29	0.00721	0.00515	0.00686	0.00823	0.00858	0.00480	0.00549	0.00823	0.01132	0.01510	0.03259	0.78831	0.03911	0.01853	0.00755	0.00240	0.00343	0.01681	0.00549	0.00480
30	0.01186	0.03059	0.76153	0.01686	0.02560	0.01373	0.02185	0.01873	0.01249	0.01873	0.01061	0.01249	0.00749	0.00562	0.00562	0.00187	0.00874	0.00437	0.00250	0.00874
31	0.01439	0.01383	0.02338	0.06662	0.67979	0.01426	0.01776	0.01778	0.01313	0.01883	0.01089	0.01458	0.00921	0.00561	0.00668	0.00182	0.05422	0.00526	0.00289	0.00907
32	0.01464	0.01405	0.02400	0.03630	0.75528	0.01405	0.01815	0.01815	0.01347	0.01932	0.01112	0.01464	0.00937	0.00527	0.00585	0.00176	0.00703	0.00527	0.00293	0.00937
33	0.01170	0.00693	0.00811	0.00729	0.00977	0.00594	0.00565	0.01362	0.01487	0.18695	0.17929	0.04617	0.45590	0.01270	0.00675	0.00193	0.00342	0.01066	0.00610	0.00626
34	0.00847	0.00666	0.00789	0.00842	0.01018	0.00626	0.00688	0.01127	0.05237	0.01714	0.04527	0.08016	0.39307	0.01528	0.00745	0.00231	0.00412	0.30589	0.00550	0.00541
35	0.01213	0.08256	0.71190	0.01640	0.02489	0.01439	0.02105	0.01866	0.01245	0.01840	0.01045	0.01228	0.00750	0.00558	0.00549	0.00183	0.00858	0.00429	0.00250	0.00866
36	0.00794	0.00533	0.00712	0.00832	0.00883	0.00495	0.00561	0.00902	0.01154	0.04336	0.03224	0.75913	0.03818	0.01810	0.00749	0.00238	0.00349	0.01640	0.00556	0.00500
37	0.01294	0.01294	0.01811	0.01553	0.01553	0.01811	0.01294	0.01423	0.00906	0.01423	0.00776	0.01294	0.00776	0.01035	0.01941	0.00259	0.78134	0.00518	0.00259	0.00647
38	0.01377	0.01377	0.02525	0.18467	0.44175	0.01408	0.18382	0.01771	0.01325	0.01838	0.01119	0.01517	0.00897	0.00533	0.00613	0.00186	0.00788	0.00566	0.00288	0.00847
39	0.01464	0.01405	0.02400	0.03630	0.75528	0.01405	0.01815	0.01815	0.01347	0.01932	0.01112	0.01464	0.00937	0.00527	0.00585	0.00176	0.00703	0.00527	0.00293	0.00937
40	0.01117	0.01051	0.01774	0.77795	0.04073	0.01314	0.01642	0.01511	0.01182	0.01511	0.01051	0.01577	0.00788	0.00591	0.00591	0.00197	0.00788	0.00526	0.00263	0.00657
41	0.01338	0.07242	0.52898	0.01908	0.11022	0.01419	0.08122	0.01915	0.01293	0.05793	0.01132	0.01326	0.00822	0.00558	0.00567	0.00183	0.00830	0.00471	0.00285	0.00875
42	0.01321	0.01033	0.01223	0.00885	0.01392	0.00787	0.00709	0.01582	0.01277	0.07534	0.03639	0.01393	0.01078	0.00486	0.00459	0.00098	0.00438	0.00393	0.00389	0.73885
43	0.71270	0.01065	0.00863	0.00784	0.01106	0.01230	0.00632	0.01626	0.00993	0.02451	0.00952	0.01255	0.00804	0.05675	0.07104	0.00273	0.00561	0.00380	0.00361	0.00614
44	0.01390	0.01579	0.03400	0.02443	0.03009	0.01512	0.69545	0.01869	0.01370	0.01869	0.01174	0.01579	0.00891	0.00527	0.00764	0.00203	0.05100	0.00688	0.00297	0.00790
45	0.01522	0.55613	0.19643	0.01209	0.01775	0.06635	0.01294	0.01822	0.01234	0.01505	0.00881	0.01032	0.00757	0.00537	0.00467	0.00145	0.02540	0.00352	0.00256	0.00778
46	0.01463	0.00929	0.01109	0.00945	0.01264	0.00862	0.00732	0.09540	0.07783	0.17644	0.05718	0.20514	0.10434	0.01049	0.00617	0.00180	0.00433	0.00896	0.00561	0.17325
47	0.01635	0.01195	0.01456	0.05821	0.01652	0.01273	0.04006	0.33670	0.05507	0.06807	0.24849	0.02536	0.02536	0.03494	0.00711	0.00197	0.00537	0.00730	0.00578	0.00809
48	0.03847	0.01059	0.05636	0.00998	0.01288	0.04174	0.00819	0.06362	0.06611	0.20632	0.17263	0.20704	0.05919	0.01109	0.00647	0.00198	0.00464	0.00950	0.00588	0.00732
49	0.01909	0.00874	0.01155	0.00947	0.01280	0.00791	0.00758	0.02245	0.06118	0.44245	0.29303	0.02914	0.03008	0.00913	0.00633	0.00185	0.00418	0.00775	0.00694	0.00836
50	0.00988	0.00674	0.00940	0.00995	0.01140	0.00693	0.00828	0.01222	0.01235	0.05561	0.02786	0.04903	0.08137	0.04387	0.24917	0.00484	0.00853	0.38224	0.00478	0.00556
51	0.01574	0.68175	0.06826	0.01077	0.01577	0.06773	0.01073	0.01788	0.01225	0.01420	0.00866	0.01018	0.00783	0.00647	0.02968	0.00159	0.00704	0.00337	0.00258	0.00753
52	0.01211	0.07944	0.71489	0.01643	0.02493	0.01435	0.02110	0.01866	0.01246	0.01842	0.01046	0.01229	0.00750	0.00558	0.00550	0.00183	0.00859	0.00429	0.00250	0.00867
53	0.00860	0.00573	0.00645	0.00645	0.00645	0.00573	0.00358	0.00860	0.00860	0.01147	0.01863	0.03870	0.02150	0.79217	0.03010	0.00573	0.00573	0.00860	0.00358	0.00358
54	0.00815	0.00595	0.00778	0.00841	0.00953	0.00558	0.00644	0.01022	0.01387	0.01860	0.26397	0.28428	0.12390	0.01552	0.00746	0.00227	0.00369	0.19333	0.00580	0.00524
55	0.65622	0.01141	0.00987	0.05525	0.01366	0.01320	0.00739	0.04841	0.06193	0.02567	0.01079	0.04516	0.00889	0.00633	0.00423	0.00187	0.00482	0.00426	0.00394	0.00671
56	0.00699	0.00599	0.00599	0.00599	0.00799	0.00499	0.00449	0.00849	0.01348	0.01598	0.05991	0.05691	0.75288	0.01498	0.00699	0.00200	0.00300	0.01248	0.00549	0.00499
57	0.02543	0.00982	0.01337	0.01033	0.01472	0.00850	0.00850	0.02774	0.01691	0.71457	0.06772	0.02159	0.01715	0.00761	0.00601	0.00183	0.00490	0.00624	0.00727	0.00979
58	0.01186	0.01088	0.01774	0.73140	0.03937	0.01346	0.01611	0.05899	0.01280	0.01646	0.01074	0.01567	0.00802	0.00598	0.00591	0.00196	0.00780	0.00526	0.00283	0.00678
59	0.51870	0.01271	0.01140	0.00955	0.01340	0.01443	0.00784	0.23356	0.04020	0.02946	0.01115	0.01207	0.00836	0.00613	0.00444	0.00180	0.00506	0.00408	0.04811	0.00755
60	0.00721	0.00515	0.00686	0.00823	0.00858	0.00480	0.00549	0.00823	0.01132	0.01510	0.03259	0.78831	0.03911	0.01853	0.00755	0.00240	0.00343	0.01681	0.00549	0.00480
61	0.01186	0.03059	0.76153	0.01686	0.02560	0.01373	0.02185	0.01873	0.01249	0.01873	0.01061	0.01249	0.00749	0.00562	0.00562	0.00187	0.00874	0.00437	0.00250	0.00874
62	0.01471	0.01270	0.01337	0.01203	0.01538	0.01471	0.00936	0.03142	0.74459	0.02474	0.02407	0.02206	0.01805	0.00802	0.00602	0.00201	0.00468	0.00669	0.00602	0.00936
63	0.00845	0.00634	0.00950	0.00950	0.01056	0.00739	0.00739	0.01056	0.00950	0.01373	0.01584	0.02323	0.01478	0.04435	0.76873	0.00950	0.01584	0.00634	0.00317	0.00528
64	0.83394	0.01144	0.00869	0.00778	0.01144	0.01327	0.00640	0.01738	0.01006	0.02653	0.00823	0.00961	0.00640	0.00549	0.00366	0.00183	0.00457	0.00320	0.00366	0.00640
65	0.00699	0.00599	0.00599	0.00599	0.00799	0.00499	0.00449	0.00849	0.01348	0.01598	0.05991	0.05691	0.75288	0.01498	0.00699	0.00200	0.00300	0.01248	0.00549	0.00499
66	0.01547	0.72932	0.09439	0.01070	0.01608	0.02256	0.01114	0.01780	0.01206	0.01433	0.00843	0.00975	0.00758	0.00511	0.00395	0.00132	0.00653	0.00327	0.00253	0.00769
67	0.01226	0.01051	0.01226	0.00876	0.01401	0.00788	0.00701	0.01489	0.01226	0.01927	0.01051	0.01226	0.00876	0.00438	0.00438	0.00088	0.00438	0.00350	0.00350	0.82832
68	0.01294	0.01294	0.01811	0.01553	0.01553	0.01811	0.01294	0.01423	0.00906	0.01423	0.00776	0.01294	0.00776	0.01035	0.01941	0.00259	0.78134	0.00518	0.00259	0.00647
69	0.01226	0.01051	0.01226	0.00876	0.01401	0.00788	0.00701	0.01489	0.01226	0.01927	0.01051	0.01226	0.00876	0.00438	0.00438	0.00088	0.00438	0.00350	0.00350	0.82832
70	0.00837	0.00604	0.00790	0.00744	0.00883	0.00558	0.00558	0.01116	0.01674	0.02371	0.75216	0.04417	0.05580	0.01209	0.00697	0.00186	0.00279	0.01069	0.00651	0.00558
71	0.01464	0.01405	0.02400	0.03630	0.75528	0.01405	0.01815	0.01815	0.01347	0.01932	0.01112	0.01464	0.00937	0.00527	0.00585	0.00176	0.00703	0.00527	0.00293	0.00937
72	0.01581	0.79572	0.03099	0.01012	0.01518	0.02340	0.01012	0.01771	0.01202	0.01391	0.00822	0.00949	0.00759	0.00506	0.00379	0.00126	0.00632	0.00316	0.00253	0.00759
73	0.01243	0.01219	0.01714	0.01484	0.01496	0.01690	0.01231	0.01382	0.00911	0.01418	0.00868	0.01410	0.00856	0.01420	0.10421	0.00337	0.69471	0.00531	0.00265	0.00633
74	0.01117	0.01051	0.01774	0.77795	0.04073	0.01314	0.01642	0.01511	0.01182	0.01511	0.01051	0.01577	0.00788	0.00591	0.00591	0.00197	0.00788	0.00526	0.00263	0.00657
75	0.83394	0.01144	0.00869	0.00778	0.01144	0.01327	0.00640	0.01738	0.01006	0.02653	0.00823	0.00961	0.00640	0.00549	0.00366	0.00183	0.00457	0.00320	0.00366	0.00640
76	0.01961	0.01514	0.01613	0.01303	0.01725	0.01700	0.01055	0.47591	0.29212	0.03265	0.01784	0.01710	0.01301	0.00744	0.00595	0.00186	0.00583	0.00583	0.00595	0.00980
77	0.01311	0.01453	0.03072	0.02247	0.02748	0.01394	0.61026	0.01744	0.01339	0.01824	0.01415	0.10614	0.01243	0.00685	0.00771	0.00207	0.05024	0.00803	0.00326	0.00752
78	0.00879	0.00774	0.01346	0.01209	0.01384	0.00722	0.17790	0.01078	0.01204	0.01604	0.02887	0.57427	0.06238	0.01517	0.00739	0.00229	0.00496	0.01430	0.00490	0.00556
79	0.00845	0.00634	0.00950	0.00950	0.01056	0.00739	0.00739	0.01056	0.00950	0.01373	0.01584	0.02323	0.01478	0.04435	0.76873	0.00950	0.01584	0.00634	0.00317	0.00528
80	0.00746	0.00575	0.00681	0.00708	0.00841	0.00511	0.00511	0.00919	0.01378	0.01796	0.25312	0.27218	0.33639	0.01520	0.00715	0.00208	0.00307	0.01326	0.00579	0.00511
81	0.81470	0.01140	0.00881	0.00784	0.01152	0.01316	0.00646	0.01766	0.01023	0.04399	0.00859	0.00986	0.00660	0.00553	0.00371	0.00183	0.00459	0.00327	0.00375	0.00649
82	0.00714	0.00604	0.00621	0.00629	0.00825	0.00510	0.00480	0.00872	0.01349	0.01608	0.05817	0.05751	0.70909	0.01506	0.00706	0.00204	0.00314	0.05530	0.00549	0.00502
83	0.02209	0.02819	0.01676	0.01524	0.01828	0.76843	0.01143	0.02361	0.01676	0.01447	0.00914	0.01066	0.00762	0.00609	0.00533	0.00152	0.01066	0.00381	0.00305	0.00686
84	0.01296	0.01314	0.01180	0.01095	0.01197	0.21437	0.00802	0.01399	0.01106	0.01318	0.01369	0.02381	0.01414	0.30490	0.16153	0.00477	0.14097	0.00629	0.00319	0.00528
85	0.04136	0.01544	0.01671	0.01302	0.01757	0.01694	0.01069	0.57984	0.10046	0.10301	0.01593	0.01545	0.01122	0.00718	0.00588	0.00181	0.00614	0.00547	0.00600	0.00990
86	0.83394	0.01144	0.00869	0.00778	0.01144	0.01327	0.00640	0.01738	0.01006	0.02653	0.00823	0.00961	0.00640	0.00549	0.00366	0.00183	0.00457	0.00320	0.00366	0.00640
87	0.00710	0.00600	0.00615	0.00611	0.00806	0.00504	0.00458	0.00871	0.01375	0.01661	0.11653	0.05587	0.69586	0.01474	0.00699	0.00199	0.00298	0.01233	0.00557	0.00504
88	0.02248	0.01656	0.01775	0.01361	0.01834	0.01834	0.01124	0.73556	0.02780	0.03727	0.01420	0.01420	0.01006	0.00710	0.00592	0.00177	0.00651	0.00532	0.00592	0.01006
89	0.01512	0.01291	0.01360	0.01212	0.01554	0.01490	0.00946	0.06888	0.70646	0.02541	0.02354	0.02165	0.01763	0.00797	0.00601	0.00199	0.00478	0.00661	0.00601	0.00940
90	0.00852	0.00577	0.00677	0.00683	0.00695	0.00586	0.00404	0.00878	0.00881	0.01185	0.01897	0.07001	0.02161	0.68406	0.10241	0.00596	0.00664	0.00874	0.00363	0.00381
91	0.01527	0.00843	0.01058	0.00892	0.01171	0.00790	0.00705	0.09818	0.01774	0.24477	0.38501	0.03479	0.10417	0.01037	0.00655	0.00185	0.00390	0.00883	0.00659	0.00737
92	0.02022	0.01018	0.01245	0.01015	0.01388	0.00985	0.00818	0.08615	0.14538	0.40786	0.08018	0.02485	0.07745	0.00837	0.00601	0.00184	0.00463	0.00688	0.05656	0.00892
93	0.83394	0.01144	0.00869	0.00778	0.01144	0.01327	0.00640	0.01738	0.01006	0.02653	0.00823	0.00961	0.00640	0.00549	0.00366	0.00183	0.00457	0.00320	0.00366	0.00640
94	0.01375	0.01314	0.02239	0.22676	0.57178	0.01382	0.01771	0.01737	0.01304	0.01824	0.01097	0.01493	0.00899	0.00543	0.00587	0.00181	0.00725	0.00527	0.00285	0.00865
95	0.01117	0.01051	0.01774	0.77795	0.04073	0.01314	0.01642	0.01511	0.01182	0.01511	0.01051	0.01577	0.00788	0.00591	0.00591	0.00197	0.00788	0.00526	0.00263	0.00657
96	0.01876	0.01379	0.01489	0.01200	0.01599	0.01503	0.00972	0.44146	0.17082	0.07040	0.05330	0.02223	0.09795	0.00840	0.00610	0.00185	0.00550	0.00667	0.00599	0.00915
97	0.01396	0.01595	0.03490	0.02493	0.03091	0.01496	0.73380	0.01894	0.01396	0.01894	0.01196	0.01595	0.00897	0.00499	0.00698	0.00199	0.00997	0.00698	0.00299	0.00798
98	0.01294	0.01294	0.01811	0.01553	0.01553	0.01811	0.01294	0.01423	0.00906	0.01423	0.00776	0.01294	0.00776	0.01035	0.01941	0.00259	0.78134	0.00518	0.00259	0.00647
99	0.00860	0.00573	0.00645	0.00645	0.00645	0.00573	0.00358	0.00860	0.00860	0.01147	0.01863	0.03870	0.02150	0.79217	0.03010	0.00573	0.00573	0.00860	0.00358	0.00358
100	0.01117	0.01051	0.01774	0.77795	0.04073	0.01314	0.01642	0.01511	0.01182	0.01511	0.01051	0.01577	0.00788	0.00591	0.00591	0.00197	0.00788	0.00526	0.00263	0.00657
101	0.01027	0.00514	0.00770	0.00770	0.00770	0.00514	0.00514	0.00770	0.00770	0.01027	0.01027	0.01798	0.01027	0.02054	0.02311	0.82794	0.00514	0.00514	0.00257	0.00257
102	0.01806	0.02019	0.01496	0.01246	0.01653	0.40896	0.00959	0.06338	0.01558	0.01784	0.01001	0.01154	0.00824	0.00545	0.00497	0.00127	0.00782	0.00378	0.00341	0.34596
103	0.01186	0.03059	0.76153	0.01686	0.02560	0.01373	0.02185	0.01873	0.01249	0.01873	0.01061	0.01249	0.00749	0.00562	0.00562	0.00187	0.00874	0.00437	0.00250	0.00874
104	0.00789	0.00603	0.00724	0.00693	0.00854	0.00537	0.00520	0.01022	0.01560	0.02101	0.50989	0.04863	0.29975	0.01310	0.00698	0.00191	0.00286	0.01132	0.00615	0.00537
105	0.01408	0.01353	0.01909	0.01588	0.01678	0.01795	0.05665	0.09616	0.01148	0.01713	0.00875	0.01326	0.00810	0.00966	0.01712	0.00246	0.64667	0.00530	0.00299	0.00697
106	0.01464	0.01405	0.02400	0.03630	0.75528	0.01405	0.01815	0.01815	0.01347	0.01932	0.01112	0.01464	0.00937	0.00527	0.00585	0.00176	0.00703	0.00527	0.00293	0.00937
107	0.00703	0.00583	0.00616	0.00642	0.00810	0.00496	0.00468	0.00844	0.01307	0.01581	0.05473	0.19549	0.61764	0.01565	0.00710	0.00207	0.00308	0.01330	0.00549	0.00496
108	0.02209	0.02819	0.01676	0.01524	0.01828	0.76843	0.01143	0.02361	0.01676	0.01447	0.00914	0.01066	0.00762	0.00609	0.00533	0.00152	0.01066	0.00381	0.00305	0.00686
109	0.00859	0.00576	0.00658	0.00658	0.00663	0.00580	0.00375	0.00868	0.00864	0.01156	0.01851	0.03804	0.02121	0.76032	0.06156	0.00589	0.00616	0.00850	0.00357	0.00366
110	0.01186	0.03059	0.76153	0.01686	0.02560	0.01373	0.02185	0.01873	0.01249	0.01873	0.01061	0.01249	0.00749	0.00562	0.00562	0.00187	0.00874	0.00437	0.00250	0.00874
111	0.83394	0.01144	0.00869	0.00778	0.01144	0.01327	0.00640	0.01738	0.01006	0.02653	0.00823	0.00961	0.00640	0.00549	0.00366	0.00183	0.00457	0.00320	0.00366	0.00640
112	0.01464	0.01405	0.02400	0.03630	0.75528	0.01405	0.01815	0.01815	0.01347	0.01932	0.01112	0.01464	0.00937	0.00527	0.00585	0.00176	0.00703	0.00527	0.00293	0.00937
113	0.00953	0.00681	0.00953	0.01089	0.01225	0.00681	0.00953	0.01225	0.01361	0.01770	0.03131	0.06671	0.03403	0.01634	0.00817	0.00272	0.00545	0.71547	0.00545	0.00545
114	0.00860	0.00573	0.00645	0.00645	0.00645	0.00573	0.00358	0.00860	0.00860	0.01147	0.01863	0.03870	0.02150	0.79217	0.03010	0.00573	0.00573	0.00860	0.00358	0.00358
115	0.00699	0.00599	0.00599	0.00599	0.00799	0.00499	0.00449	0.00849	0.01348	0.01598	0.05991	0.05691	0.75288	0.01498	0.00699	0.00200	0.00300	0.01248	0.00549	0.00499
116	0.01867	0.00870	0.01084	0.00893	0.01248	0.00764	0.00717	0.02144	0.05436	0.44525	0.03690	0.03384	0.28795	0.01019	0.00634	0.00190	0.00426	0.00840	0.00657	0.00815
117	0.01294	0.01294	0.01811	0.01553	0.01553	0.01811	0.01294	0.01423	0.00906	0.01423	0.00776	0.01294	0.00776	0.01035	0.01941	0.00259	0.78134	0.00518	0.00259	0.00647
118	0.00721	0.00515	0.00686	0.00823	0.00858	0.00480	0.00549	0.00823	0.01132	0.01510	0.03259	0.78831	0.03911	0.01853	0.00755	0.00240	0.00343	0.01681	0.00549	0.00480
119	0.02246	0.01437	0.01612	0.01260	0.01710	0.01536	0.01033	0.45762	0.12319	0.22099	0.01790	0.01680	0.01233	0.00728	0.00594	0.00182	0.00588	0.00567	0.00629	0.00996
120	0.00847	0.00627	0.00915	0.00915	0.01008	0.00720	0.00695	0.01033	0.00940	0.01346	0.01617	0.02504	0.01557	0.13183	0.68233	0.00906	0.01466	0.00660	0.00322	0.00508
121	0.01629	0.01349	0.01426	0.01235	0.01598	0.01545	0.00974	0.17454	0.59891	0.02729	0.02206	0.02047	0.01643	0.00784	0.00600	0.00196	0.00505	0.00641	0.00600	0.00950
122	0.01417	0.55084	0.17686	0.01118	0.01658	0.01942	0.01199	0.01717	0.01265	0.01600	0.09290	0.01402	0.01303	0.00597	0.00453	0.00146	0.00642	0.00426	0.00297	0.00760
123	0.02095	0.30055	0.01997	0.04289	0.01589	0.01416	0.00938	0.02319	0.01488	0.41274	0.05597	0.01728	0.01393	0.00668	0.00520	0.00163	0.00551	0.00514	0.00530	0.00876

[dist]
# distance from previous block
# <min> <max>
6	19

[block]
# block no. 2 follows, 39 sequences, length 10
# corresponding to MSA columns:
# 342-351
name=unknown_C
#
# <colnr> <probs for GDERKNQSTAVLIFYWHMCP>
#	G	D	E	R	K	N	Q	S	T	A	V	L	I	F	Y	W	H	M	C	P
0	0.01317	0.01108	0.01204	0.01092	0.01379	0.01249	0.00844	0.02650	0.56766	0.02449	0.20106	0.02744	0.02723	0.00901	0.00625	0.00197	0.00422	0.00766	0.00614	0.00844
1	0.00899	0.00712	0.00851	0.00742	0.00990	0.00600	0.00567	0.01144	0.01489	0.02082	0.40928	0.03941	0.20809	0.01089	0.00635	0.00165	0.00322	0.00937	0.00554	0.20544
2	0.63297	0.00991	0.00825	0.00789	0.01074	0.01121	0.00618	0.01516	0.01037	0.02375	0.01416	0.19890	0.01436	0.00866	0.00460	0.00197	0.00430	0.00651	0.00410	0.00602
3	0.01197	0.00837	0.00920	0.00819	0.00934	0.00880	0.00544	0.18532	0.01327	0.01774	0.01756	0.03274	0.01872	0.60132	0.02422	0.00477	0.00592	0.00780	0.00415	0.00516
4	0.01464	0.01405	0.02400	0.03630	0.75528	0.01405	0.01815	0.01815	0.01347	0.01932	0.01112	0.01464	0.00937	0.00527	0.00585	0.00176	0.00703	0.00527	0.00293	0.00937
5	0.01102	0.00551	0.00551	0.00551	0.00689	0.00551	0.00413	0.01378	0.01240	0.02205	0.01929	0.02205	0.01516	0.00689	0.00413	0.00138	0.00276	0.00551	0.82500	0.00551
6	0.06397	0.00993	0.01092	0.00837	0.01253	0.00863	0.00667	0.08298	0.01363	0.02210	0.01285	0.01466	0.01029	0.00532	0.00442	0.00114	0.00420	0.00415	0.20344	0.49981
7	0.02091	0.01578	0.01686	0.01329	0.01774	0.01761	0.01086	0.59338	0.17254	0.03474	0.01619	0.01579	0.01167	0.00729	0.00594	0.00182	0.00614	0.00560	0.00594	0.00992
8	0.46378	0.01560	0.01267	0.01069	0.01458	0.13316	0.00864	0.23334	0.01642	0.02786	0.01016	0.01115	0.00769	0.00607	0.00460	0.00177	0.00611	0.00393	0.00424	0.00757
9	0.01934	0.01045	0.01443	0.19716	0.02119	0.01037	0.01062	0.05459	0.06069	0.37828	0.01916	0.02135	0.01376	0.00734	0.00594	0.00184	0.00573	0.05411	0.00554	0.08811

[dist]
# distance from previous block
# <min> <max>
0	8

[block]
# block no. 3 follows, 39 sequences, length 25
# corresponding to MSA columns:
# 360-380,393-396
name=unknown_D
#
# <colnr> <probs for GDERKNQSTAVLIFYWHMCP>
#	G	D	E	R	K	N	Q	S	T	A	V	L	I	F	Y	W	H	M	C	P
0	0.02326	0.01053	0.01367	0.01104	0.01514	0.00985	0.00921	0.13251	0.01804	0.53437	0.02321	0.02655	0.01699	0.00870	0.00629	0.00196	0.00532	0.11721	0.00681	0.00934
1	0.00729	0.00605	0.00664	0.00661	0.00843	0.00540	0.00500	0.00895	0.01302	0.01601	0.08768	0.05099	0.60211	0.01944	0.12654	0.00317	0.00500	0.01143	0.00518	0.00507
2	0.01192	0.02744	0.64393	0.01558	0.02378	0.01282	0.01952	0.01813	0.01245	0.01881	0.01060	0.01245	0.00769	0.00542	0.00542	0.00172	0.00806	0.00423	0.00266	0.13737
3	0.01363	0.01825	0.14893	0.02366	0.03007	0.01476	0.62206	0.01891	0.01373	0.01891	0.01175	0.01541	0.00874	0.00508	0.00677	0.00197	0.00978	0.00657	0.00291	0.00810
4	0.00979	0.00739	0.01082	0.13128	0.01672	0.00780	0.01061	0.01270	0.01333	0.01729	0.02805	0.05871	0.02993	0.01470	0.00781	0.00260	0.00583	0.60401	0.00500	0.00562
5	0.00743	0.00524	0.00680	0.00795	0.00824	0.00495	0.00519	0.00829	0.01089	0.01452	0.03039	0.66978	0.03633	0.14085	0.01111	0.00293	0.00380	0.01551	0.00519	0.00461
6	0.01078	0.00743	0.00822	0.00757	0.00832	0.00771	0.00479	0.12269	0.01161	0.01552	0.01794	0.03485	0.01970	0.66896	0.02630	0.00511	0.00585	0.00809	0.00395	0.00460
7	0.00898	0.00570	0.00630	0.00630	0.00652	0.00570	0.00367	0.00941	0.00920	0.01313	0.01874	0.03609	0.02050	0.66892	0.02602	0.00505	0.00527	0.00812	0.13250	0.00389
8	0.14328	0.01250	0.01264	0.01137	0.01476	0.01448	0.00890	0.02922	0.62931	0.02502	0.02158	0.02011	0.01622	0.00763	0.00565	0.00198	0.00466	0.00614	0.00565	0.00890
9	0.01026	0.00592	0.00795	0.00860	0.00961	0.00542	0.00600	0.01149	0.01221	0.13278	0.03113	0.66685	0.03524	0.01676	0.00730	0.00231	0.00368	0.01509	0.00578	0.00564
10	0.01372	0.01047	0.01241	0.00894	0.01413	0.00797	0.00718	0.01632	0.01274	0.09500	0.01182	0.01307	0.00936	0.00468	0.00454	0.00097	0.00445	0.00375	0.00389	0.74460
11	0.02053	0.02497	0.01646	0.01551	0.04660	0.60936	0.01133	0.02474	0.14176	0.01643	0.01179	0.01278	0.00948	0.00639	0.00547	0.00162	0.00949	0.00436	0.00355	0.00738
12	0.21331	0.01536	0.01562	0.01224	0.01672	0.01715	0.01010	0.56667	0.02363	0.03475	0.01280	0.01312	0.00920	0.00672	0.00539	0.00179	0.00605	0.00483	0.00539	0.00920
13	0.01388	0.01646	0.06024	0.02464	0.03072	0.01491	0.70896	0.01894	0.01391	0.01894	0.01192	0.01583	0.00892	0.00501	0.00693	0.00199	0.00993	0.00689	0.00297	0.00800
14	0.01773	0.04861	0.01889	0.01520	0.01755	0.22086	0.04286	0.18065	0.01571	0.01971	0.00979	0.01260	0.00829	0.00803	0.01141	0.00204	0.33426	0.00484	0.00348	0.00750
15	0.02428	0.01013	0.01349	0.01024	0.01493	0.00856	0.00843	0.02662	0.01619	0.64235	0.02130	0.01888	0.01371	0.00685	0.00570	0.00168	0.00493	0.00556	0.00672	0.13944
16	0.02354	0.01261	0.01807	0.01357	0.01840	0.01208	0.12398	0.20301	0.01916	0.46272	0.01926	0.01799	0.01260	0.00690	0.00610	0.00184	0.00618	0.00596	0.00629	0.00973
17	0.00848	0.00616	0.00807	0.00791	0.00933	0.00574	0.00615	0.01120	0.01608	0.02238	0.60349	0.04838	0.08729	0.01291	0.00716	0.00200	0.00322	0.12222	0.00629	0.00553
18	0.00820	0.00606	0.00740	0.00728	0.00859	0.00559	0.00539	0.01025	0.01442	0.01945	0.41076	0.04834	0.20635	0.13649	0.01075	0.00259	0.00355	0.07770	0.00572	0.00512
19	0.02075	0.01571	0.01678	0.01326	0.01768	0.01753	0.01082	0.57920	0.18697	0.03449	0.01639	0.01594	0.01183	0.00730	0.00594	0.00183	0.00610	0.00563	0.00594	0.00990
20	0.83394	0.01144	0.00869	0.00778	0.01144	0.01327	0.00640	0.01738	0.01006	0.02653	0.00823	0.00961	0.00640	0.00549	0.00366	0.00183	0.00457	0.00320	0.00366	0.00640
21	0.83394	0.01144	0.00869	0.00778	0.01144	0.01327	0.00640	0.01738	0.01006	0.02653	0.00823	0.00961	0.00640	0.00549	0.00366	0.00183	0.00457	0.00320	0.00366	0.00640
22	0.70564	0.01225	0.01012	0.00870	0.01253	0.01407	0.00717	0.13094	0.01287	0.02823	0.00918	0.01033	0.00698	0.00574	0.00402	0.00182	0.00488	0.00354	0.00402	0.00698
23	0.00860	0.00573	0.00645	0.00645	0.00645	0.00573	0.00358	0.00860	0.00860	0.01147	0.01863	0.03870	0.02150	0.79217	0.03010	0.00573	0.00573	0.00860	0.00358	0.00358
24	0.00852	0.00575	0.00643	0.00643	0.00653	0.00569	0.00363	0.00859	0.00885	0.01170	0.02079	0.03965	0.05968	0.75159	0.02889	0.00554	0.00559	0.00880	0.00368	0.00366

[dist]
# distance from previous block
# <min> <max>
2	3

[block]
# block no. 4 follows, 39 sequences, length 26
# corresponding to MSA columns:
# 400,401,405-428
name=unknown_E
#
# <colnr> <probs for GDERKNQSTAVLIFYWHMCP>
#	G	D	E	R	K	N	Q	S	T	A	V	L	I	F	Y	W	H	M	C	P
0	0.01611	0.01340	0.01416	0.01232	0.01591	0.01536	0.00970	0.15820	0.61554	0.02699	0.02229	0.02065	0.01661	0.00786	0.00600	0.00196	0.00501	0.00644	0.00600	0.00949
1	0.01464	0.01405	0.02400	0.03630	0.75528	0.01405	0.01815	0.01815	0.01347	0.01932	0.01112	0.01464	0.00937	0.00527	0.00585	0.00176	0.00703	0.00527	0.00293	0.00937
2	0.00860	0.00573	0.00645	0.00645	0.00645	0.00573	0.00358	0.00860	0.00860	0.01147	0.01863	0.03870	0.02150	0.79217	0.03010	0.00573	0.00573	0.00860	0.00358	0.00358
3	0.01176	0.01111	0.01880	0.65184	0.16223	0.01329	0.01672	0.01563	0.01210	0.01583	0.01062	0.01557	0.00814	0.00580	0.00590	0.00193	0.00774	0.00526	0.00268	0.00705
4	0.00845	0.00634	0.00950	0.00950	0.01056	0.00739	0.00739	0.01056	0.00950	0.01373	0.01584	0.02323	0.01478	0.04435	0.76873	0.00950	0.01584	0.00634	0.00317	0.00528
5	0.01751	0.01390	0.01485	0.01242	0.01622	0.01568	0.00992	0.31558	0.41451	0.02976	0.05978	0.02008	0.01687	0.00787	0.00603	0.00190	0.00532	0.00635	0.00600	0.00944
6	0.83394	0.01144	0.00869	0.00778	0.01144	0.01327	0.00640	0.01738	0.01006	0.02653	0.00823	0.00961	0.00640	0.00549	0.00366	0.00183	0.00457	0.00320	0.00366	0.00640
7	0.01117	0.01051	0.01774	0.77795	0.04073	0.01314	0.01642	0.01511	0.01182	0.01511	0.01051	0.01577	0.00788	0.00591	0.00591	0.00197	0.00788	0.00526	0.00263	0.00657
8	0.01471	0.01270	0.01337	0.01203	0.01538	0.01471	0.00936	0.03142	0.74459	0.02474	0.02407	0.02206	0.01805	0.00802	0.00602	0.00201	0.00468	0.00669	0.00602	0.00936
9	0.01186	0.03059	0.76153	0.01686	0.02560	0.01373	0.02185	0.01873	0.01249	0.01873	0.01061	0.01249	0.00749	0.00562	0.00562	0.00187	0.00874	0.00437	0.00250	0.00874
10	0.01117	0.01051	0.01774	0.77795	0.04073	0.01314	0.01642	0.01511	0.01182	0.01511	0.01051	0.01577	0.00788	0.00591	0.00591	0.00197	0.00788	0.00526	0.00263	0.00657
11	0.01186	0.03059	0.76153	0.01686	0.02560	0.01373	0.02185	0.01873	0.01249	0.01873	0.01061	0.01249	0.00749	0.00562	0.00562	0.00187	0.00874	0.00437	0.00250	0.00874
12	0.00704	0.00580	0.00618	0.00649	0.00812	0.00495	0.00471	0.00843	0.01300	0.01578	0.05386	0.21900	0.59469	0.01576	0.00711	0.00209	0.00309	0.01344	0.00549	0.00495
13	0.00772	0.00551	0.00745	0.00882	0.00939	0.00525	0.00638	0.00912	0.01183	0.01567	0.03231	0.62839	0.03799	0.01804	0.00769	0.00247	0.00388	0.17165	0.00548	0.00495
14	0.01857	0.01434	0.01534	0.01269	0.01669	0.01613	0.01018	0.34557	0.40043	0.05485	0.01964	0.01849	0.01437	0.00759	0.00597	0.00190	0.00551	0.00605	0.00602	0.00969
15	0.01201	0.05952	0.73390	0.01660	0.02520	0.01410	0.02141	0.01869	0.01247	0.01855	0.01052	0.01237	0.00750	0.00560	0.00555	0.00185	0.00865	0.00432	0.00250	0.00870
16	0.02328	0.01808	0.01660	0.01334	0.01761	0.20717	0.01072	0.39767	0.02258	0.19150	0.01493	0.01461	0.01045	0.00689	0.00577	0.00172	0.00724	0.00508	0.00550	0.00924
17	0.00709	0.00558	0.00642	0.00708	0.00828	0.00490	0.00498	0.00836	0.01243	0.01555	0.04660	0.41341	0.40497	0.01671	0.00726	0.00219	0.00321	0.01459	0.00549	0.00490
18	0.01870	0.02289	0.02194	0.01795	0.02142	0.46618	0.21110	0.02115	0.01502	0.01568	0.00975	0.01241	0.00801	0.00632	0.00755	0.00179	0.10720	0.00486	0.00297	0.00712
19	0.02580	0.01123	0.01445	0.01108	0.01568	0.01043	0.00915	0.15607	0.01888	0.62936	0.02169	0.01906	0.01381	0.00728	0.00594	0.00182	0.00530	0.00583	0.00707	0.01006
20	0.00721	0.00515	0.00686	0.00823	0.00858	0.00480	0.00549	0.00823	0.01132	0.01510	0.03259	0.78831	0.03911	0.01853	0.00755	0.00240	0.00343	0.01681	0.00549	0.00480
21	0.01160	0.01096	0.01852	0.68487	0.13041	0.01325	0.01664	0.01549	0.01203	0.01564	0.01059	0.01562	0.00807	0.00583	0.00591	0.00194	0.00778	0.00526	0.00267	0.00692
