[name]
unknown

[dist]
# distance from previous block
# <min> <max>
4	156

[block]
# block no. 0 follows, 50 sequences, length 34
# corresponding to MSA columns:
# 165-198
name=unknown_A
#
# <colnr> <probs for GDERKNQSTAVLIFYWHMCP>
#	G	D	E	R	K	N	Q	S	T	A	V	L	I	F	Y	W	H	M	C	P
0	0.03727	0.07924	0.04445	0.00982	0.02643	0.01109	0.00816	0.22407	0.11127	0.21597	0.09291	0.05618	0.01496	0.00668	0.00490	0.00150	0.00450	0.00540	0.00480	0.04040
1	0.04328	0.01301	0.01259	0.01054	0.01360	0.19873	0.03774	0.17230	0.05904	0.21618	0.08856	0.01895	0.02393	0.00682	0.00509	0.00155	0.00558	0.06099	0.00457	0.00694
2	0.10674	0.03445	0.03088	0.01003	0.01374	0.03085	0.00837	0.31006	0.15410	0.21733	0.01448	0.01375	0.01014	0.00590	0.00472	0.00152	0.00483	0.00452	0.00487	0.01873
3	0.08461	0.01148	0.01206	0.01058	0.05769	0.08155	0.00793	0.19503	0.10881	0.13657	0.05265	0.03549	0.01181	0.00587	0.00463	0.00138	0.00475	0.00464	0.00429	0.16818
4	0.05676	0.01308	0.01300	0.01247	0.10985	0.14531	0.00882	0.30641	0.03936	0.07628	0.01829	0.01824	0.14693	0.00679	0.00497	0.00150	0.00539	0.00532	0.00420	0.00703
5	0.00748	0.00538	0.00664	0.00669	0.00782	0.00475	0.00458	0.00846	0.00946	0.03369	0.02287	0.46735	0.06282	0.16777	0.00946	0.00230	0.00342	0.01044	0.00406	0.15456
6	0.01796	0.01600	0.01424	0.01163	0.01510	0.21526	0.00929	0.48108	0.12651	0.02508	0.01204	0.01213	0.00889	0.00588	0.00487	0.00147	0.00616	0.00432	0.00438	0.00771
7	0.01909	0.01187	0.01351	0.01049	0.01432	0.01243	0.00867	0.49692	0.03186	0.24620	0.01475	0.01520	0.01045	0.00628	0.00503	0.00152	0.00501	0.03489	0.00524	0.03627
8	0.01344	0.08471	0.15327	0.01206	0.03672	0.20297	0.04829	0.01965	0.24534	0.04746	0.03758	0.01548	0.04954	0.00598	0.00481	0.00150	0.00605	0.00475	0.00353	0.00685
9	0.01148	0.03179	0.04726	0.05941	0.02373	0.01314	0.56198	0.01506	0.01086	0.01499	0.00929	0.01278	0.00727	0.00506	0.00761	0.00175	0.15225	0.00540	0.00242	0.00645
10	0.00610	0.00506	0.00533	0.00527	0.00686	0.00430	0.00395	0.00755	0.01185	0.01462	0.18150	0.04607	0.65998	0.01219	0.00589	0.00166	0.00249	0.01025	0.00478	0.00430
11	0.01175	0.01431	0.15838	0.05650	0.51846	0.01187	0.09356	0.01578	0.04109	0.01620	0.00977	0.01241	0.00782	0.00458	0.00500	0.00153	0.00638	0.00450	0.00250	0.00759
12	0.00824	0.01018	0.15095	0.05951	0.01505	0.00752	0.13655	0.01094	0.01049	0.01420	0.02066	0.34263	0.04361	0.01075	0.00599	0.00190	0.00510	0.13679	0.00368	0.00527
13	0.00786	0.00562	0.00779	0.00867	0.00982	0.00555	0.00744	0.01016	0.01194	0.01581	0.16167	0.05287	0.03193	0.01314	0.00671	0.00217	0.00419	0.62731	0.00475	0.00461
14	0.00765	0.00562	0.00750	0.00845	0.00969	0.00547	0.00728	0.00977	0.01145	0.01466	0.03066	0.05476	0.16366	0.01357	0.00671	0.00219	0.00422	0.62757	0.00460	0.00452
15	0.01425	0.01444	0.31608	0.01042	0.01502	0.00838	0.01107	0.01769	0.01255	0.32796	0.14101	0.05870	0.01668	0.00675	0.00511	0.00159	0.00508	0.00561	0.00440	0.00721
16	0.01698	0.02102	0.01437	0.01289	0.01491	0.63677	0.00990	0.01822	0.01274	0.01216	0.00746	0.00940	0.00645	0.00590	0.00702	0.00148	0.18069	0.00346	0.00249	0.00571
17	0.02236	0.00848	0.01157	0.00887	0.01272	0.00733	0.00733	0.02429	0.01427	0.79719	0.01966	0.01697	0.01234	0.00617	0.00501	0.00154	0.00424	0.00501	0.00617	0.00848
18	0.01135	0.01263	0.02685	0.16108	0.02752	0.01233	0.64087	0.01539	0.01145	0.01539	0.00987	0.01342	0.00740	0.00434	0.00572	0.00168	0.00809	0.00563	0.00247	0.00651
19	0.01009	0.00955	0.01617	0.63206	0.20984	0.01125	0.01418	0.01333	0.01029	0.01356	0.00898	0.01307	0.00693	0.00486	0.00497	0.00162	0.00648	0.00443	0.00227	0.00608
20	0.01245	0.02088	0.54455	0.01428	0.02068	0.01098	0.12976	0.01732	0.01137	0.15404	0.01101	0.01210	0.00757	0.00491	0.00496	0.00159	0.00697	0.00425	0.00289	0.00747
21	0.00592	0.00492	0.00518	0.00538	0.00682	0.00418	0.00394	0.00712	0.01104	0.01333	0.04642	0.18482	0.65749	0.01315	0.00597	0.00174	0.00259	0.01117	0.00463	0.00418
22	0.16043	0.02245	0.62920	0.01312	0.01964	0.01155	0.04539	0.01559	0.01021	0.01696	0.00863	0.01021	0.00620	0.00470	0.00449	0.00158	0.00679	0.00359	0.00229	0.00699
23	0.01006	0.02532	0.77024	0.01446	0.02174	0.01161	0.04672	0.01579	0.01057	0.01579	0.00899	0.01063	0.00636	0.00472	0.00478	0.00158	0.00741	0.00377	0.00212	0.00734
24	0.00941	0.00886	0.01495	0.81285	0.03433	0.01107	0.01384	0.01274	0.00997	0.01274	0.00886	0.01329	0.00664	0.00498	0.00498	0.00166	0.00664	0.00443	0.00221	0.00554
25	0.01120	0.01064	0.01755	0.02608	0.65452	0.01049	0.01326	0.01386	0.01135	0.01579	0.01665	0.01864	0.14655	0.00589	0.00510	0.00152	0.00532	0.00552	0.00285	0.00724
26	0.01012	0.00958	0.01622	0.62466	0.21702	0.01126	0.01419	0.01335	0.01030	0.01359	0.00898	0.01306	0.00695	0.00485	0.00497	0.00162	0.00647	0.00443	0.00228	0.00610
27	0.01607	0.01097	0.01759	0.01860	0.28673	0.04166	0.14597	0.01876	0.01280	0.31621	0.05316	0.01544	0.01148	0.00538	0.00516	0.00154	0.00566	0.00510	0.00406	0.00767
28	0.00829	0.00777	0.00726	0.00798	0.00868	0.14570	0.00551	0.00923	0.01035	0.01263	0.02398	0.67783	0.02827	0.01376	0.00603	0.00189	0.00397	0.01223	0.00426	0.00435
29	0.01496	0.03556	0.24715	0.01379	0.05692	0.23471	0.04296	0.22056	0.02533	0.01888	0.01020	0.03753	0.00805	0.00552	0.00482	0.00148	0.00705	0.00425	0.00316	0.00710
30	0.01792	0.03629	0.01553	0.01245	0.01584	0.34244	0.07506	0.25298	0.07194	0.09440	0.01125	0.01172	0.00835	0.00551	0.00483	0.00143	0.00696	0.00417	0.00382	0.00711
31	0.00990	0.00693	0.00826	0.00805	0.00970	0.00692	0.00626	0.16751	0.01335	0.05705	0.02790	0.32652	0.16537	0.01225	0.00602	0.00188	0.00375	0.15229	0.00477	0.00532
32	0.01080	0.01013	0.01560	0.18899	0.40315	0.03324	0.01229	0.01440	0.07908	0.01519	0.01338	0.15614	0.01267	0.00676	0.00520	0.00163	0.00545	0.00623	0.00303	0.00666
33	0.03712	0.18231	0.04345	0.00879	0.01152	0.08349	0.00738	0.07582	0.01236	0.16641	0.05621	0.26001	0.01786	0.00865	0.00497	0.00156	0.00461	0.00719	0.00414	0.00612

[dist]
# distance from previous block
# <min> <max>
3	69

[block]
# block no. 1 follows, 50 sequences, length 26
# corresponding to MSA columns:
# 269-294
name=unknown_B
#
# <colnr> <probs for GDERKNQSTAVLIFYWHMCP>
#	G	D	E	R	K	N	Q	S	T	A	V	L	I	F	Y	W	H	M	C	P
0	0.01006	0.00802	0.00929	0.00785	0.01095	0.02061	0.00641	0.04415	0.02873	0.04263	0.02020	0.02773	0.13207	0.00779	0.00495	0.00135	0.00393	0.18959	0.00384	0.41984
1	0.01413	0.06396	0.36769	0.01173	0.01691	0.06696	0.01266	0.09157	0.07301	0.17250	0.03786	0.01384	0.02376	0.00562	0.00479	0.00152	0.00605	0.00438	0.00361	0.00743
2	0.01339	0.54577	0.02227	0.01229	0.14869	0.01618	0.00934	0.01561	0.03009	0.07321	0.06297	0.01172	0.01014	0.00491	0.00387	0.00122	0.00511	0.00367	0.00280	0.00674
3	0.01256	0.16944	0.01269	0.00830	0.01092	0.01031	0.00683	0.19077	0.01426	0.10980	0.11938	0.18660	0.09749	0.00900	0.00516	0.00157	0.00406	0.02018	0.00451	0.00617
4	0.01111	0.29354	0.54098	0.01231	0.01864	0.01430	0.01512	0.01550	0.01039	0.01443	0.00827	0.00968	0.00634	0.00458	0.00422	0.00141	0.00669	0.00334	0.00211	0.00704
5	0.01227	0.01097	0.01711	0.35285	0.34185	0.01215	0.01368	0.14716	0.01288	0.01745	0.00961	0.01267	0.00748	0.00494	0.00496	0.00156	0.00615	0.00444	0.00280	0.00702
6	0.01827	0.01082	0.01600	0.01475	0.15124	0.01051	0.10766	0.16472	0.04141	0.38886	0.01520	0.01481	0.01032	0.00560	0.00511	0.00155	0.00529	0.00495	0.00479	0.00813
7	0.01293	0.01015	0.01696	0.33114	0.33675	0.01078	0.03806	0.01589	0.01133	0.15115	0.01099	0.01355	0.00817	0.00495	0.00500	0.00157	0.00599	0.00458	0.00302	0.00704
8	0.01183	0.01132	0.01931	0.16709	0.66123	0.01171	0.01504	0.01485	0.01111	0.01566	0.00929	0.01250	0.00768	0.00454	0.00494	0.00151	0.00605	0.00444	0.00242	0.00748
9	0.00589	0.00505	0.00505	0.00505	0.00673	0.00421	0.00379	0.00715	0.01136	0.01347	0.05049	0.04797	0.79171	0.01262	0.00589	0.00168	0.00252	0.01052	0.00463	0.00421
10	0.02236	0.00848	0.01157	0.00887	0.01272	0.00733	0.00733	0.02429	0.01427	0.79719	0.01966	0.01697	0.01234	0.00617	0.00501	0.00154	0.00424	0.00501	0.00617	0.00848
11	0.01006	0.04571	0.41128	0.01438	0.04464	0.03635	0.15950	0.01419	0.01075	0.01502	0.01285	0.15396	0.01197	0.00680	0.00525	0.00167	0.00663	0.02973	0.00273	0.00651
12	0.00607	0.00434	0.00578	0.00694	0.00723	0.00405	0.00463	0.00694	0.00954	0.01272	0.02747	0.82157	0.03297	0.01562	0.00636	0.00202	0.00289	0.01417	0.00463	0.00405
13	0.01188	0.01297	0.02625	0.01911	0.02377	0.01257	0.64167	0.01780	0.14664	0.01682	0.01186	0.01434	0.00890	0.00465	0.00574	0.00168	0.00763	0.00584	0.00297	0.00693
14	0.01803	0.01251	0.18857	0.08591	0.04393	0.00879	0.01070	0.02099	0.01292	0.52169	0.01590	0.01502	0.01030	0.00568	0.00495	0.00156	0.00522	0.00464	0.00476	0.00794
15	0.01176	0.01345	0.02941	0.02101	0.02605	0.01261	0.77563	0.01597	0.01176	0.01597	0.01008	0.01345	0.00756	0.00420	0.00588	0.00168	0.00840	0.00588	0.00252	0.00672
16	0.00589	0.00505	0.00505	0.00505	0.00673	0.00421	0.00379	0.00715	0.01136	0.01347	0.05049	0.04797	0.79171	0.01262	0.00589	0.00168	0.00252	0.01052	0.00463	0.00421
17	0.01031	0.01044	0.01967	0.52308	0.08043	0.01159	0.24454	0.01388	0.01060	0.01394	0.00926	0.01328	0.00700	0.00471	0.00525	0.00166	0.00713	0.00487	0.00232	0.00605
18	0.02157	0.00846	0.01163	0.00936	0.03339	0.00736	0.00745	0.02354	0.01418	0.74988	0.04566	0.01753	0.01340	0.00626	0.00504	0.00154	0.00422	0.00513	0.00605	0.00834
19	0.01183	0.01132	0.01931	0.16709	0.66123	0.01171	0.01504	0.01485	0.01111	0.01566	0.00929	0.01250	0.00768	0.00454	0.00494	0.00151	0.00605	0.00444	0.00242	0.00748
20	0.00641	0.00458	0.00618	0.00733	0.00777	0.00434	0.00522	0.00753	0.00988	0.01311	0.02728	0.68803	0.03222	0.01529	0.00645	0.00207	0.00319	0.14434	0.00462	0.00414
21	0.01805	0.01226	0.01352	0.01071	0.01441	0.01334	0.00874	0.47408	0.19595	0.16262	0.01521	0.01436	0.01069	0.00619	0.00501	0.00155	0.00492	0.00484	0.00521	0.00834
22	0.62198	0.01363	0.00925	0.00833	0.01127	0.23572	0.00660	0.01614	0.01008	0.01949	0.00716	0.00835	0.00569	0.00477	0.00348	0.00147	0.00531	0.00284	0.00294	0.00551
23	0.01477	0.01446	0.01554	0.01273	0.01596	0.19377	0.14238	0.19651	0.23926	0.01988	0.01422	0.07306	0.01161	0.00641	0.00516	0.00158	0.00616	0.00548	0.00400	0.00706
24	0.00720	0.00553	0.00672	0.00734	0.00820	0.00554	0.00514	0.01045	0.14510	0.01445	0.05492	0.59678	0.08622	0.01366	0.00609	0.00192	0.00303	0.01223	0.00474	0.00475
25	0.13107	0.00833	0.01123	0.00910	0.01223	0.00782	0.06312	0.04252	0.01276	0.44631	0.04603	0.15647	0.01577	0.00760	0.00508	0.00164	0.00423	0.00649	0.00515	0.00703

[dist]
# distance from previous block
# <min> <max>
3	76

[block]
# block no. 2 follows, 50 sequences, length 50
# corresponding to MSA columns:
# 371-420
name=unknown_C
#
# <colnr> <probs for GDERKNQSTAVLIFYWHMCP>
#	G	D	E	R	K	N	Q	S	T	A	V	L	I	F	Y	W	H	M	C	P
0	0.01240	0.00827	0.01260	0.01142	0.08924	0.00755	0.10503	0.01534	0.04527	0.20677	0.26039	0.04040	0.05694	0.00726	0.00531	0.00150	0.00417	0.00657	0.00463	0.09896
1	0.01285	0.01175	0.02169	0.01595	0.02024	0.01126	0.45044	0.03978	0.11180	0.10051	0.04242	0.01500	0.01057	0.00507	0.00567	0.00158	0.02385	0.00552	0.00346	0.09061
2	0.01129	0.41888	0.32536	0.01082	0.01592	0.01487	0.02638	0.01449	0.01026	0.01349	0.00980	0.08924	0.00900	0.00557	0.00416	0.00137	0.00594	0.00426	0.00237	0.00655
3	0.01055	0.01002	0.01701	0.50798	0.33029	0.01137	0.01441	0.01373	0.01051	0.01412	0.00906	0.01292	0.00713	0.00477	0.00496	0.00159	0.00636	0.00443	0.00231	0.00646
4	0.01034	0.00886	0.01034	0.00738	0.01181	0.00664	0.00591	0.01255	0.01034	0.01624	0.00886	0.01034	0.00738	0.00369	0.00369	0.00074	0.00369	0.00295	0.00295	0.85530
5	0.01207	0.01145	0.01886	0.10166	0.64587	0.01183	0.01443	0.01616	0.08742	0.01640	0.01040	0.01304	0.00850	0.00472	0.00495	0.00152	0.00579	0.00456	0.00270	0.00767
6	0.01034	0.00886	0.01034	0.00738	0.01181	0.00664	0.00591	0.01255	0.01034	0.01624	0.00886	0.01034	0.00738	0.00369	0.00369	0.00074	0.00369	0.00295	0.00295	0.85530
7	0.00607	0.00434	0.00578	0.00694	0.00723	0.00405	0.00463	0.00694	0.00954	0.01272	0.02747	0.82157	0.03297	0.01562	0.00636	0.00202	0.00289	0.01417	0.00463	0.00405
8	0.00589	0.00505	0.00505	0.00505	0.00673	0.00421	0.00379	0.00715	0.01136	0.01347	0.05049	0.04797	0.79171	0.01262	0.00589	0.00168	0.00252	0.01052	0.00463	0.00421
9	0.00607	0.00434	0.00578	0.00694	0.00723	0.00405	0.00463	0.00694	0.00954	0.01272	0.02747	0.82157	0.03297	0.01562	0.00636	0.00202	0.00289	0.01417	0.00463	0.00405
10	0.01385	0.74861	0.02494	0.00895	0.01305	0.09707	0.00864	0.01542	0.01052	0.01177	0.00701	0.00809	0.00640	0.00435	0.00333	0.00109	0.00569	0.00272	0.00218	0.00634
11	0.01553	0.11765	0.36164	0.01138	0.01685	0.01134	0.01254	0.07583	0.01279	0.29748	0.01278	0.01264	0.00865	0.00529	0.00466	0.00150	0.00585	0.00410	0.00379	0.00773
12	0.01059	0.15357	0.64835	0.01354	0.02033	0.01291	0.04348	0.01565	0.01050	0.01514	0.00866	0.01022	0.00637	0.00464	0.00453	0.00150	0.00708	0.00360	0.00212	0.00719
13	0.86003	0.00964	0.00733	0.00655	0.00964	0.01118	0.00540	0.01465	0.00848	0.02236	0.00694	0.00810	0.00540	0.00463	0.00308	0.00154	0.00386	0.00270	0.00308	0.00540
14	0.00941	0.00886	0.01495	0.81285	0.03433	0.01107	0.01384	0.01274	0.00997	0.01274	0.00886	0.01329	0.00664	0.00498	0.00498	0.00166	0.00664	0.00443	0.00221	0.00554
15	0.01240	0.01071	0.01127	0.01014	0.01296	0.01240	0.00789	0.02649	0.78473	0.02085	0.02029	0.01860	0.01522	0.00676	0.00507	0.00169	0.00394	0.00564	0.00507	0.00789
16	0.00685	0.00509	0.00638	0.00605	0.00732	0.00462	0.00454	0.00901	0.01362	0.01883	0.65976	0.03914	0.17909	0.01062	0.00588	0.00159	0.00238	0.00928	0.00533	0.00462
17	0.01333	0.82783	0.02612	0.00853	0.01279	0.01972	0.00853	0.01493	0.01013	0.01173	0.00693	0.00800	0.00640	0.00426	0.00320	0.00107	0.00533	0.00267	0.00213	0.00640
18	0.20890	0.03555	0.01711	0.02077	0.41296	0.03975	0.08672	0.01592	0.06330	0.01762	0.01054	0.01255	0.02768	0.00485	0.00457	0.00151	0.00556	0.00432	0.00284	0.00699
19	0.01849	0.01373	0.01470	0.01138	0.01528	0.01524	0.00936	0.72479	0.07650	0.03068	0.01255	0.01243	0.00895	0.00604	0.00499	0.00151	0.00538	0.00457	0.00499	0.00844
20	0.86003	0.00964	0.00733	0.00655	0.00964	0.01118	0.00540	0.01465	0.00848	0.02236	0.00694	0.00810	0.00540	0.00463	0.00308	0.00154	0.00386	0.00270	0.00308	0.00540
21	0.00987	0.00949	0.01653	0.67761	0.10854	0.01126	0.06994	0.01323	0.01024	0.01332	0.00900	0.01321	0.00684	0.00487	0.00504	0.00164	0.00670	0.00454	0.00226	0.00586
22	0.01722	0.01285	0.18565	0.01036	0.01474	0.00949	0.00992	0.02294	0.19973	0.43666	0.01744	0.01594	0.01170	0.00600	0.00497	0.00159	0.00486	0.00487	0.00500	0.00809
23	0.00624	0.00506	0.00553	0.00541	0.00695	0.00436	0.00406	0.00783	0.01218	0.01541	0.27165	0.04476	0.56934	0.01190	0.00589	0.00165	0.00247	0.01007	0.00488	0.00436
24	0.01510	0.01879	0.07160	0.01224	0.01517	0.49023	0.08463	0.01719	0.01340	0.03094	0.11228	0.01513	0.04031	0.00599	0.00485	0.00140	0.00738	0.00462	0.03297	0.00581
25	0.00621	0.00499	0.00554	0.00555	0.00697	0.00432	0.00411	0.00772	0.01190	0.01510	0.24161	0.12138	0.52251	0.01228	0.00593	0.00169	0.00252	0.01049	0.00485	0.00432
26	0.01003	0.00891	0.01160	0.00843	0.01264	0.00696	0.07760	0.01234	0.01057	0.01594	0.01308	0.01433	0.08467	0.00462	0.00411	0.00092	0.00402	0.00397	0.00308	0.69217
27	0.01221	0.01157	0.01712	0.01476	0.07406	0.01242	0.22815	0.02265	0.50671	0.01912	0.01657	0.01666	0.01249	0.00586	0.00529	0.00167	0.00537	0.00562	0.00415	0.00756
28	0.00672	0.00503	0.00697	0.08612	0.00997	0.00495	0.00556	0.00831	0.01106	0.01507	0.27203	0.48887	0.03491	0.01282	0.00607	0.00184	0.00309	0.01155	0.00467	0.00441
29	0.01261	0.01007	0.01097	0.00997	0.01269	0.01141	0.00787	0.02475	0.65891	0.07028	0.02085	0.02220	0.01636	0.00741	0.00525	0.00174	0.00403	0.07993	0.00510	0.00760
30	0.01034	0.00886	0.01034	0.00738	0.01181	0.00664	0.00591	0.01255	0.01034	0.01624	0.00886	0.01034	0.00738	0.00369	0.00369	0.00074	0.00369	0.00295	0.00295	0.85530
31	0.01240	0.01071	0.01127	0.01014	0.01296	0.01240	0.00789	0.02649	0.78473	0.02085	0.02029	0.01860	0.01522	0.00676	0.00507	0.00169	0.00394	0.00564	0.00507	0.00789
32	0.00607	0.00434	0.00578	0.00694	0.00723	0.00405	0.00463	0.00694	0.00954	0.01272	0.02747	0.82157	0.03297	0.01562	0.00636	0.00202	0.00289	0.01417	0.00463	0.00405
33	0.01234	0.01184	0.02023	0.03059	0.79373	0.01184	0.01530	0.01530	0.01135	0.01628	0.00938	0.01234	0.00790	0.00444	0.00493	0.00148	0.00592	0.00444	0.00247	0.00790
34	0.02236	0.00848	0.01157	0.00887	0.01272	0.00733	0.00733	0.02429	0.01427	0.79719	0.01966	0.01697	0.01234	0.00617	0.00501	0.00154	0.00424	0.00501	0.00617	0.00848
35	0.01862	0.02376	0.01413	0.01284	0.01541	0.80482	0.00963	0.01990	0.01413	0.01220	0.00770	0.00899	0.00642	0.00514	0.00449	0.00128	0.00899	0.00321	0.00257	0.00578
36	0.00589	0.00505	0.00505	0.00505	0.00673	0.00421	0.00379	0.00715	0.01136	0.01347	0.05049	0.04797	0.79171	0.01262	0.00589	0.00168	0.00252	0.01052	0.00463	0.00421
37	0.00941	0.00886	0.01495	0.81285	0.03433	0.01107	0.01384	0.01274	0.00997	0.01274	0.00886	0.01329	0.00664	0.00498	0.00498	0.00166	0.00664	0.00443	0.00221	0.00554
38	0.02236	0.00848	0.01157	0.00887	0.01272	0.00733	0.00733	0.02429	0.01427	0.79719	0.01966	0.01697	0.01234	0.00617	0.00501	0.00154	0.00424	0.00501	0.00617	0.00848
39	0.01227	0.01204	0.02136	0.02942	0.69931	0.01194	0.10882	0.01538	0.01140	0.01625	0.00946	0.01247	0.00785	0.00441	0.00505	0.00151	0.00623	0.00462	0.00247	0.00775
40	0.01234	0.01184	0.02023	0.03059	0.79373	0.01184	0.01530	0.01530	0.01135	0.01628	0.00938	0.01234	0.00790	0.00444	0.00493	0.00148	0.00592	0.00444	0.00247	0.00790
41	0.01008	0.00954	0.01615	0.63517	0.20682	0.01125	0.01417	0.01332	0.01028	0.01354	0.00898	0.01307	0.00693	0.00486	0.00497	0.00162	0.00648	0.00443	0.00227	0.00607
42	0.01000	0.02578	0.79900	0.01421	0.02157	0.01158	0.01842	0.01579	0.01052	0.01579	0.00895	0.01052	0.00631	0.00474	0.00474	0.00158	0.00737	0.00368	0.00210	0.00737
43	0.00987	0.00862	0.01070	0.00918	0.01135	0.04756	0.08185	0.04710	0.20648	0.01959	0.41423	0.02829	0.06754	0.00843	0.00557	0.00160	0.00382	0.00746	0.00488	0.00589
44	0.00878	0.00646	0.00707	0.00670	0.00747	0.00690	0.00434	0.03425	0.18797	0.01289	0.01666	0.02876	0.01717	0.61120	0.02007	0.00401	0.00465	0.00679	0.00355	0.00431
45	0.01301	0.01420	0.01954	0.08985	0.22665	0.19563	0.23325	0.03440	0.01256	0.01566	0.08623	0.01441	0.01122	0.00519	0.00521	0.00152	0.00706	0.00502	0.00284	0.00655
46	0.01237	0.01328	0.03890	0.25032	0.27427	0.16190	0.01273	0.03420	0.02758	0.01450	0.01098	0.01367	0.04515	0.00552	0.00572	0.00156	0.06381	0.00450	0.00260	0.00646
47	0.01245	0.01190	0.02087	0.01574	0.01937	0.02717	0.40901	0.13356	0.04900	0.04082	0.04037	0.10980	0.01250	0.00657	0.00648	0.00171	0.06607	0.00656	0.00346	0.00660
48	0.01342	0.01348	0.02209	0.01661	0.02077	0.09031	0.45040	0.03281	0.19952	0.06832	0.01298	0.01446	0.00963	0.00507	0.00548	0.00163	0.00706	0.00548	0.00343	0.00706
49	0.19703	0.00946	0.01113	0.00935	0.01197	0.03010	0.04743	0.01803	0.14405	0.21860	0.08060	0.04057	0.02985	0.03082	0.00665	0.00176	0.09640	0.00533	0.00435	0.00651

[dist]
# distance from previous block
# <min> <max>
3	18

[block]
# block no. 3 follows, 50 sequences, length 72
# corresponding to MSA columns:
# 439-468,471-512
name=unknown_D
#
# <colnr> <probs for GDERKNQSTAVLIFYWHMCP>
#	G	D	E	R	K	N	Q	S	T	A	V	L	I	F	Y	W	H	M	C	P
0	0.01608	0.01410	0.11155	0.03539	0.01616	0.05420	0.04819	0.34025	0.11865	0.12629	0.04305	0.02935	0.01131	0.00613	0.00505	0.00155	0.00555	0.00496	0.00448	0.00772
1	0.18174	0.08733	0.13090	0.01039	0.01471	0.01080	0.07870	0.05984	0.02397	0.31848	0.02798	0.01327	0.00961	0.00538	0.00452	0.00152	0.00514	0.00428	0.00417	0.00728
2	0.01262	0.06853	0.15283	0.07388	0.06325	0.01297	0.34798	0.13091	0.01310	0.03257	0.02474	0.01278	0.00819	0.00485	0.00540	0.00159	0.01895	0.00493	0.00289	0.00703
3	0.01456	0.26048	0.16069	0.01088	0.01539	0.01476	0.03316	0.22769	0.10518	0.07292	0.01228	0.01254	0.02744	0.00545	0.00446	0.00142	0.00553	0.00415	0.00361	0.00742
4	0.04566	0.12451	0.26668	0.01097	0.01577	0.08450	0.01127	0.06645	0.05345	0.21560	0.01234	0.02627	0.00894	0.00542	0.00455	0.00146	0.00584	0.00412	0.00363	0.03256
5	0.01513	0.01803	0.41845	0.01193	0.01755	0.01053	0.01328	0.08853	0.05469	0.28219	0.01346	0.01327	0.00903	0.00544	0.00487	0.00156	0.00595	0.00431	0.00390	0.00787
6	0.00960	0.00713	0.00790	0.00738	0.00927	0.03012	0.00555	0.03824	0.13395	0.08295	0.15960	0.20834	0.21459	0.01049	0.00560	0.00166	0.00330	0.00903	0.00484	0.05044
7	0.01279	0.01181	0.01914	0.02419	0.49759	0.01267	0.06851	0.06951	0.03035	0.03909	0.00965	0.01241	0.00797	0.00543	0.00712	0.00163	0.15536	0.00458	0.00277	0.00742
8	0.00721	0.00500	0.00629	0.00629	0.00659	0.00530	0.00409	0.00780	0.00750	0.01030	0.01492	0.02827	0.01624	0.56241	0.28521	0.00589	0.00767	0.00661	0.00290	0.00350
9	0.00780	0.00589	0.00742	0.00701	0.00726	0.00661	0.00481	0.00848	0.00841	0.01176	0.13153	0.02874	0.02017	0.50486	0.08545	0.00417	0.13572	0.00689	0.00323	0.00379
10	0.01333	0.82783	0.02612	0.00853	0.01279	0.01972	0.00853	0.01493	0.01013	0.01173	0.00693	0.00800	0.00640	0.00426	0.00320	0.00107	0.00533	0.00267	0.00213	0.00640
11	0.01359	0.57562	0.14993	0.01011	0.01462	0.13736	0.01030	0.01582	0.01080	0.01246	0.00737	0.00856	0.00639	0.00447	0.00364	0.00118	0.00622	0.00291	0.00219	0.00646
12	0.00941	0.00886	0.01495	0.81285	0.03433	0.01107	0.01384	0.01274	0.00997	0.01274	0.00886	0.01329	0.00664	0.00498	0.00498	0.00166	0.00664	0.00443	0.00221	0.00554
13	0.00592	0.00494	0.00516	0.00534	0.00681	0.00418	0.00391	0.00712	0.01109	0.01335	0.04701	0.16519	0.67674	0.01308	0.00596	0.00173	0.00258	0.01107	0.00463	0.00418
14	0.01610	0.13327	0.01306	0.00892	0.01217	0.04767	0.00741	0.02024	0.15478	0.34314	0.08874	0.03323	0.01585	0.00674	0.00486	0.00150	0.00437	0.04136	0.00489	0.04171
15	0.00870	0.00754	0.01310	0.01076	0.01310	0.00689	0.23730	0.01082	0.01122	0.05732	0.07431	0.28558	0.22132	0.01055	0.00599	0.00178	0.00450	0.00991	0.00413	0.00518
16	0.01234	0.01184	0.02023	0.03059	0.79373	0.01184	0.01530	0.01530	0.01135	0.01628	0.00938	0.01234	0.00790	0.00444	0.00493	0.00148	0.00592	0.00444	0.00247	0.00790
17	0.01307	0.00914	0.01085	0.00797	0.01222	0.00745	0.00643	0.05904	0.03486	0.15881	0.01134	0.01188	0.00858	0.00436	0.00405	0.00096	0.00390	0.00349	0.00372	0.62789
18	0.06119	0.00915	0.01072	0.00873	0.01216	0.00891	0.00699	0.02148	0.26491	0.31623	0.04904	0.01713	0.02575	0.00610	0.00474	0.00145	0.00392	0.00497	0.00501	0.16143
19	0.02339	0.00577	0.00692	0.00657	0.00785	0.02044	0.00491	0.03597	0.01370	0.01914	0.61128	0.11380	0.09038	0.01054	0.00582	0.00161	0.00268	0.00924	0.00523	0.00477
20	0.00941	0.00886	0.01495	0.81285	0.03433	0.01107	0.01384	0.01274	0.00997	0.01274	0.00886	0.01329	0.00664	0.00498	0.00498	0.00166	0.00664	0.00443	0.00221	0.00554
21	0.12000	0.01591	0.01458	0.01225	0.01536	0.31336	0.12451	0.06066	0.20802	0.01730	0.01299	0.01361	0.03849	0.00567	0.00475	0.00151	0.00656	0.00451	0.00347	0.00649
22	0.01234	0.01184	0.02023	0.03059	0.79373	0.01184	0.01530	0.01530	0.01135	0.01628	0.00938	0.01234	0.00790	0.00444	0.00493	0.00148	0.00592	0.00444	0.00247	0.00790
23	0.00941	0.00886	0.01495	0.81285	0.03433	0.01107	0.01384	0.01274	0.00997	0.01274	0.00886	0.01329	0.00664	0.00498	0.00498	0.00166	0.00664	0.00443	0.00221	0.00554
24	0.14549	0.01053	0.01161	0.00951	0.01294	0.01120	0.00774	0.21445	0.20889	0.26644	0.01614	0.01595	0.01152	0.00627	0.00479	0.00159	0.00444	0.02768	0.00508	0.00775
25	0.00625	0.00441	0.00573	0.00671	0.00696	0.00417	0.00438	0.00699	0.00920	0.01226	0.02569	0.70203	0.03072	0.13823	0.00924	0.00245	0.00319	0.01312	0.00438	0.00389
26	0.00986	0.00931	0.01575	0.69431	0.14940	0.01119	0.01406	0.01312	0.01018	0.01327	0.00894	0.01314	0.00683	0.00490	0.00498	0.00163	0.00653	0.00443	0.00225	0.00589
27	0.00725	0.00483	0.00544	0.00544	0.00544	0.00483	0.00302	0.00725	0.00725	0.00966	0.01571	0.03262	0.01812	0.82483	0.02537	0.00483	0.00483	0.00725	0.00302	0.00302
28	0.01032	0.01002	0.01396	0.01205	0.01223	0.01367	0.00997	0.01160	0.00861	0.01321	0.12543	0.01489	0.01268	0.00895	0.01477	0.00209	0.69246	0.00507	0.00268	0.00534
29	0.01000	0.02578	0.79900	0.01421	0.02157	0.01158	0.01842	0.01579	0.01052	0.01579	0.00895	0.01052	0.00631	0.00474	0.00474	0.00158	0.00737	0.00368	0.00210	0.00737
30	0.01064	0.00931	0.01184	0.01090	0.13029	0.00743	0.00733	0.01297	0.01049	0.01625	0.00894	0.01064	0.00746	0.00381	0.00388	0.00085	0.00403	0.00318	0.00288	0.72689
31	0.86003	0.00964	0.00733	0.00655	0.00964	0.01118	0.00540	0.01465	0.00848	0.02236	0.00694	0.00810	0.00540	0.00463	0.00308	0.00154	0.00386	0.00270	0.00308	0.00540
32	0.01235	0.01167	0.01887	0.02750	0.67542	0.01193	0.01417	0.01699	0.12854	0.01698	0.01103	0.01329	0.00900	0.00479	0.00496	0.00151	0.00562	0.00462	0.00286	0.00789
33	0.00725	0.00483	0.00544	0.00544	0.00544	0.00483	0.00302	0.00725	0.00725	0.00966	0.01571	0.03262	0.01812	0.82483	0.02537	0.00483	0.00483	0.00725	0.00302	0.00302
34	0.01118	0.01586	0.19973	0.01885	0.02413	0.01221	0.56208	0.01555	0.01130	0.01571	0.01022	0.03594	0.00798	0.00478	0.00595	0.00168	0.03202	0.00559	0.00248	0.00675
35	0.01152	0.01242	0.02505	0.01843	0.02282	0.01202	0.60450	0.01702	0.12879	0.01654	0.01284	0.04836	0.01040	0.00535	0.00581	0.00171	0.00739	0.02926	0.00306	0.00673
36	0.00659	0.00486	0.00629	0.00723	0.00802	0.00455	0.00544	0.00794	0.01042	0.01348	0.03132	0.46590	0.16853	0.01455	0.00642	0.00204	0.00331	0.22428	0.00462	0.00423
37	0.16426	0.00868	0.01085	0.00848	0.01220	0.00798	0.00700	0.02266	0.01329	0.66594	0.01751	0.01546	0.01116	0.00591	0.00469	0.00154	0.00418	0.00462	0.00565	0.00796
38	0.01027	0.02391	0.68239	0.01524	0.02225	0.01173	0.13315	0.01581	0.01071	0.01581	0.00912	0.01097	0.00650	0.00465	0.00491	0.00159	0.00752	0.00402	0.00217	0.00727
39	0.01020	0.00982	0.01709	0.59138	0.19400	0.01135	0.06840	0.01351	0.01039	0.01371	0.00906	0.01310	0.00697	0.00481	0.00504	0.00162	0.00662	0.00454	0.00229	0.00612
40	0.00737	0.00539	0.00719	0.00817	0.00925	0.00521	0.00680	0.00926	0.01112	0.01432	0.03023	0.18735	0.14505	0.01392	0.00664	0.00216	0.00398	0.51756	0.00460	0.00444
41	0.00941	0.00886	0.01495	0.81285	0.03433	0.01107	0.01384	0.01274	0.00997	0.01274	0.00886	0.01329	0.00664	0.00498	0.00498	0.00166	0.00664	0.00443	0.00221	0.00554
42	0.00869	0.00649	0.00852	0.00933	0.01073	0.00675	0.00801	0.01278	0.12864	0.01582	0.02547	0.05052	0.02665	0.01271	0.00661	0.00220	0.00449	0.64585	0.00466	0.00509
43	0.01234	0.01184	0.02023	0.03059	0.79373	0.01184	0.01530	0.01530	0.01135	0.01628	0.00938	0.01234	0.00790	0.00444	0.00493	0.00148	0.00592	0.00444	0.00247	0.00790
44	0.01936	0.01056	0.01275	0.01034	0.03666	0.01059	0.00820	0.32264	0.03254	0.39750	0.04464	0.01674	0.04101	0.00644	0.00506	0.00153	0.00465	0.00514	0.00549	0.00816
45	0.01176	0.01345	0.02941	0.02101	0.02605	0.01261	0.77563	0.01597	0.01176	0.01597	0.01008	0.01345	0.00756	0.00420	0.00588	0.00168	0.00840	0.00588	0.00252	0.00672
46	0.00621	0.00444	0.00594	0.00710	0.00745	0.00417	0.00487	0.00718	0.00968	0.01288	0.02740	0.76707	0.03266	0.01548	0.00640	0.00204	0.00301	0.06729	0.00462	0.00409
47	0.01000	0.02578	0.79900	0.01421	0.02157	0.01158	0.01842	0.01579	0.01052	0.01579	0.00895	0.01052	0.00631	0.00474	0.00474	0.00158	0.00737	0.00368	0.00210	0.00737
48	0.01003	0.00932	0.01559	0.38987	0.32230	0.01031	0.01301	0.01284	0.01043	0.01410	0.01188	0.13540	0.01111	0.00639	0.00517	0.00165	0.00580	0.00591	0.00268	0.00622
49	0.00607	0.00434	0.00578	0.00694	0.00723	0.00405	0.00463	0.00694	0.00954	0.01272	0.02747	0.82157	0.03297	0.01562	0.00636	0.00202	0.00289	0.01417	0.00463	0.00405
50	0.01176	0.01345	0.02941	0.02101	0.02605	0.01261	0.77563	0.01597	0.01176	0.01597	0.01008	0.01345	0.00756	0.00420	0.00588	0.00168	0.00840	0.00588	0.00252	0.00672
51	0.01767	0.02195	0.01505	0.01553	0.13335	0.68466	0.01049	0.01921	0.01370	0.01282	0.00796	0.00950	0.00664	0.00503	0.00456	0.00131	0.00852	0.00340	0.00255	0.00610
52	0.01000	0.02578	0.79900	0.01421	0.02157	0.01158	0.01842	0.01579	0.01052	0.01579	0.00895	0.01052	0.00631	0.00474	0.00474	0.00158	0.00737	0.00368	0.00210	0.00737
53	0.00589	0.00505	0.00505	0.00505	0.00673	0.00421	0.00379	0.00715	0.01136	0.01347	0.05049	0.04797	0.79171	0.01262	0.00589	0.00168	0.00252	0.01052	0.00463	0.00421
54	0.01947	0.01313	0.01444	0.01107	0.01504	0.01423	0.00915	0.66304	0.02205	0.14745	0.01313	0.01272	0.00906	0.00601	0.00499	0.00150	0.00530	0.00457	0.00517	0.00848
55	0.01176	0.01345	0.02941	0.02101	0.02605	0.01261	0.77563	0.01597	0.01176	0.01597	0.01008	0.01345	0.00756	0.00420	0.00588	0.00168	0.00840	0.00588	0.00252	0.00672
56	0.00687	0.00608	0.00735	0.00892	0.12598	0.00536	0.00553	0.00839	0.01136	0.01389	0.04426	0.04257	0.67294	0.01138	0.00575	0.00165	0.00304	0.00960	0.00430	0.00477
57	0.02236	0.00848	0.01157	0.00887	0.01272	0.00733	0.00733	0.02429	0.01427	0.79719	0.01966	0.01697	0.01234	0.00617	0.00501	0.00154	0.00424	0.00501	0.00617	0.00848
58	0.00986	0.00931	0.01575	0.69431	0.14940	0.01119	0.01406	0.01312	0.01018	0.01327	0.00894	0.01314	0.00683	0.00490	0.00498	0.00163	0.00653	0.00443	0.00225	0.00589
59	0.01216	0.01167	0.01992	0.07714	0.74854	0.01180	0.01521	0.01514	0.01127	0.01607	0.00935	0.01239	0.00782	0.00447	0.00494	0.00149	0.00596	0.00444	0.00245	0.00776
60	0.01240	0.01071	0.01127	0.01014	0.01296	0.01240	0.00789	0.02649	0.78473	0.02085	0.02029	0.01860	0.01522	0.00676	0.00507	0.00169	0.00394	0.00564	0.00507	0.00789
61	0.86003	0.00964	0.00733	0.00655	0.00964	0.01118	0.00540	0.01465	0.00848	0.02236	0.00694	0.00810	0.00540	0.00463	0.00308	0.00154	0.00386	0.00270	0.00308	0.00540
62	0.00589	0.00505	0.00505	0.00505	0.00673	0.00421	0.00379	0.00715	0.01136	0.01347	0.05049	0.04797	0.79171	0.01262	0.00589	0.00168	0.00252	0.01052	0.00463	0.00421
63	0.01895	0.01396	0.01496	0.01147	0.01546	0.01546	0.00947	0.77711	0.02344	0.03141	0.01197	0.01197	0.00848	0.00598	0.00499	0.00150	0.00548	0.00449	0.00499	0.00848
64	0.01893	0.01436	0.01493	0.01152	0.01546	0.04752	0.00948	0.74636	0.02306	0.03063	0.01179	0.01185	0.00839	0.00595	0.00497	0.00149	0.00563	0.00444	0.00489	0.00837
65	0.02236	0.00848	0.01157	0.00887	0.01272	0.00733	0.00733	0.02429	0.01427	0.79719	0.01966	0.01697	0.01234	0.00617	0.00501	0.00154	0.00424	0.00501	0.00617	0.00848
66	0.01391	0.01037	0.01132	0.00995	0.01293	0.01163	0.00780	0.02615	0.66798	0.13849	0.02019	0.01835	0.01478	0.00667	0.00506	0.00167	0.00399	0.00554	0.00524	0.00798
67	0.01169	0.01118	0.01906	0.20483	0.62459	0.01167	0.01497	0.01473	0.01104	0.01549	0.00926	0.01255	0.00762	0.00456	0.00495	0.00152	0.00608	0.00444	0.00241	0.00737
68	0.00607	0.00434	0.00578	0.00694	0.00723	0.00405	0.00463	0.00694	0.00954	0.01272	0.02747	0.82157	0.03297	0.01562	0.00636	0.00202	0.00289	0.01417	0.00463	0.00405
69	0.02236	0.00848	0.01157	0.00887	0.01272	0.00733	0.00733	0.02429	0.01427	0.79719	0.01966	0.01697	0.01234	0.00617	0.00501	0.00154	0.00424	0.00501	0.00617	0.00848
70	0.00607	0.00434	0.00578	0.00694	0.00723	0.00405	0.00463	0.00694	0.00954	0.01272	0.02747	0.82157	0.03297	0.01562	0.00636	0.00202	0.00289	0.01417	0.00463	0.00405
71	0.00592	0.00494	0.00516	0.00534	0.00681	0.00418	0.00391	0.00712	0.01109	0.01335	0.04701	0.16519	0.67674	0.01308	0.00596	0.00173	0.00258	0.01107	0.00463	0.00418

[dist]
# distance from previous block
# <min> <max>
0	3

[block]
# block no. 4 follows, 50 sequences, length 6
# corresponding to MSA columns:
# 516-521
name=unknown_E
#
# <colnr> <probs for GDERKNQSTAVLIFYWHMCP>
#	G	D	E	R	K	N	Q	S	T	A	V	L	I	F	Y	W	H	M	C	P
0	0.01963	0.00788	0.01069	0.00840	0.01178	0.00686	0.00686	0.02163	0.01424	0.65815	0.15767	0.02059	0.01854	0.00689	0.00517	0.00155	0.00390	0.00573	0.00605	0.00781
1	0.01034	0.00886	0.01034	0.00738	0.01181	0.00664	0.00591	0.01255	0.01034	0.01624	0.00886	0.01034	0.00738	0.00369	0.00369	0.00074	0.00369	0.00295	0.00295	0.85530
2	0.01234	0.01184	0.02023	0.03059	0.79373	0.01184	0.01530	0.01530	0.01135	0.01628	0.00938	0.01234	0.00790	0.00444	0.00493	0.00148	0.00592	0.00444	0.00247	0.00790
3	0.01444	0.01198	0.02093	0.01819	0.15833	0.01165	0.33175	0.10515	0.07310	0.14805	0.01250	0.01393	0.00910	0.00495	0.00531	0.00156	0.00639	0.00518	0.00362	0.04391
4	0.01274	0.60888	0.09730	0.01128	0.01597	0.01771	0.14666	0.01519	0.01046	0.01286	0.00768	0.00920	0.00660	0.00430	0.00382	0.00122	0.00607	0.00333	0.00220	0.00654
5	0.01295	0.01031	0.01111	0.00985	0.01244	0.04097	0.00802	0.26690	0.21294	0.02220	0.09635	0.02802	0.05229	0.00869	0.00556	0.00174	0.00458	0.18348	0.00486	0.00675

[dist]
# distance from previous block
# <min> <max>
0	1

[block]
# block no. 5 follows, 50 sequences, length 6
# corresponding to MSA columns:
# 523-528
name=unknown_F
#
# <colnr> <probs for GDERKNQSTAVLIFYWHMCP>
#	G	D	E	R	K	N	Q	S	T	A	V	L	I	F	Y	W	H	M	C	P
0	0.01354	0.01228	0.08449	0.00950	0.01354	0.04447	0.00828	0.27240	0.01528	0.05168	0.03910	0.04089	0.05768	0.00587	0.00461	0.00126	0.00475	0.00466	0.00391	0.31181
1	0.01383	0.36675	0.25033	0.01141	0.01611	0.23693	0.01175	0.01657	0.01136	0.01305	0.00774	0.00902	0.00638	0.00465	0.00401	0.00128	0.00695	0.00312	0.00225	0.00651
2	0.10299	0.49849	0.25704	0.01003	0.01510	0.01635	0.01117	0.01516	0.01007	0.01409	0.00754	0.00877	0.00626	0.00445	0.00365	0.00127	0.00579	0.00298	0.00223	0.00658
3	0.00771	0.00520	0.00659	0.00624	0.00743	0.00477	0.00457	0.00961	0.01289	0.05810	0.55922	0.07821	0.11029	0.09773	0.00795	0.00195	0.00276	0.00903	0.00513	0.00464
4	0.01034	0.00886	0.01034	0.00738	0.01181	0.00664	0.00591	0.01255	0.01034	0.01624	0.00886	0.01034	0.00738	0.00369	0.00369	0.00074	0.00369	0.00295	0.00295	0.85530
5	0.01418	0.08683	0.02160	0.01504	0.01918	0.01152	0.39229	0.08037	0.01297	0.17916	0.01388	0.06127	0.01119	0.00597	0.00546	0.00164	0.00648	0.05035	0.00369	0.00693

[dist]
# distance from previous block
# <min> <max>
0	2

[block]
# block no. 6 follows, 50 sequences, length 8
# corresponding to MSA columns:
# 531-538
name=unknown_G
#
# <colnr> <probs for GDERKNQSTAVLIFYWHMCP>
#	G	D	E	R	K	N	Q	S	T	A	V	L	I	F	Y	W	H	M	C	P
0	0.00769	0.00555	0.00764	0.00848	0.00960	0.00550	0.00719	0.00986	0.01155	0.01525	0.12705	0.08205	0.06095	0.01463	0.05072	0.00248	0.00463	0.56002	0.00460	0.00456
1	0.01000	0.02578	0.79900	0.01421	0.02157	0.01158	0.01842	0.01579	0.01052	0.01579	0.00895	0.01052	0.00631	0.00474	0.00474	0.00158	0.00737	0.00368	0.00210	0.00737
2	0.00866	0.00433	0.00649	0.00649	0.00649	0.00433	0.00433	0.00649	0.00649	0.00866	0.00866	0.01515	0.00866	0.01732	0.01948	0.85498	0.00433	0.00433	0.00216	0.00216
3	0.00866	0.00433	0.00649	0.00649	0.00649	0.00433	0.00433	0.00649	0.00649	0.00866	0.00866	0.01515	0.00866	0.01732	0.01948	0.85498	0.00433	0.00433	0.00216	0.00216
4	0.01333	0.82783	0.02612	0.00853	0.01279	0.01972	0.00853	0.01493	0.01013	0.01173	0.00693	0.00800	0.00640	0.00426	0.00320	0.00107	0.00533	0.00267	0.00213	0.00640
5	0.01895	0.01396	0.01496	0.01147	0.01546	0.01546	0.00947	0.77711	0.02344	0.03141	0.01197	0.01197	0.00848	0.00598	0.00499	0.00150	0.00548	0.00449	0.00499	0.00848
6	0.00708	0.00506	0.00650	0.00616	0.00718	0.00472	0.00448	0.00912	0.01321	0.01863	0.68933	0.03663	0.04324	0.11711	0.00844	0.00200	0.00268	0.00878	0.00516	0.00448
7	0.00610	0.00506	0.00533	0.00527	0.00686	0.00430	0.00395	0.00755	0.01185	0.01462	0.18146	0.04607	0.66003	0.01219	0.00589	0.00166	0.00249	0.01025	0.00478	0.00430

[dist]
# distance from previous block
# <min> <max>
0	1

[block]
# block no. 7 follows, 50 sequences, length 8
# corresponding to MSA columns:
# 540-547
name=unknown_H
#
# <colnr> <probs for GDERKNQSTAVLIFYWHMCP>
#	G	D	E	R	K	N	Q	S	T	A	V	L	I	F	Y	W	H	M	C	P
0	0.01278	0.01013	0.01244	0.01344	0.15863	0.01102	0.00900	0.11125	0.36427	0.05107	0.03719	0.02038	0.01473	0.00684	0.00508	0.00163	0.00439	0.07220	0.07621	0.00734
1	0.01372	0.47364	0.02526	0.01262	0.01694	0.08753	0.22512	0.06495	0.01181	0.01424	0.00821	0.00988	0.00686	0.00444	0.00419	0.00129	0.00653	0.00374	0.00247	0.00657
2	0.01438	0.67527	0.02403	0.00908	0.01329	0.01892	0.00871	0.15780	0.01262	0.01542	0.00787	0.00874	0.00679	0.00459	0.00353	0.00115	0.00536	0.00301	0.00267	0.00679
3	0.00755	0.00574	0.00715	0.00773	0.00859	0.00596	0.00555	0.01104	0.15476	0.01417	0.02429	0.50860	0.02688	0.05394	0.07457	0.00262	0.00419	0.06739	0.00447	0.00479
4	0.01414	0.03477	0.10892	0.01335	0.04386	0.34265	0.08580	0.07678	0.01262	0.01454	0.00948	0.01201	0.00787	0.01121	0.15523	0.00267	0.04118	0.00411	0.00269	0.00610
5	0.01218	0.01383	0.16043	0.01407	0.13356	0.01227	0.01105	0.05087	0.49334	0.01960	0.01619	0.01588	0.01218	0.00600	0.00498	0.00163	0.00494	0.00504	0.00412	0.00781
6	0.00731	0.00884	0.15513	0.04123	0.01120	0.00603	0.00775	0.00958	0.01076	0.01477	0.17085	0.36292	0.06469	0.04284	0.00665	0.00195	0.00396	0.06450	0.00416	0.00486
7	0.03697	0.40038	0.06952	0.01006	0.04411	0.05698	0.00893	0.15710	0.01325	0.01691	0.06786	0.01445	0.07303	0.00578	0.00418	0.00131	0.00523	0.00426	0.00317	0.00655

[dist]
# distance from previous block
# <min> <max>
0	3

[block]
# block no. 8 follows, 50 sequences, length 25
# corresponding to MSA columns:
# 551-575
name=unknown_I
#
# <colnr> <probs for GDERKNQSTAVLIFYWHMCP>
#	G	D	E	R	K	N	Q	S	T	A	V	L	I	F	Y	W	H	M	C	P
0	0.03778	0.13804	0.09254	0.01468	0.06599	0.07091	0.20475	0.23057	0.01467	0.01953	0.02440	0.02904	0.00866	0.00530	0.00509	0.00150	0.02162	0.00463	0.00323	0.00708
1	0.67440	0.03450	0.00912	0.02471	0.01118	0.13088	0.00634	0.01561	0.00953	0.03631	0.00736	0.00852	0.00575	0.00473	0.00338	0.00149	0.00474	0.00286	0.00303	0.00555
2	0.01306	0.01584	0.13593	0.06416	0.47293	0.14611	0.01445	0.03447	0.02713	0.01579	0.00928	0.01166	0.00750	0.00471	0.00484	0.00148	0.00665	0.00414	0.00253	0.00735
3	0.00656	0.00562	0.00585	0.00540	0.00750	0.00457	0.00411	0.00797	0.01121	0.01388	0.04422	0.04230	0.67357	0.01128	0.00556	0.00154	0.00270	0.00938	0.00438	0.13241
4	0.01720	0.01271	0.01527	0.01444	0.15851	0.01340	0.01007	0.51285	0.01936	0.08325	0.01177	0.01225	0.00855	0.00551	0.00486	0.00143	0.00531	0.00438	0.00443	0.08445
5	0.00781	0.00787	0.00642	0.00622	0.00804	0.12480	0.00467	0.00907	0.01178	0.01327	0.04405	0.04210	0.67342	0.01150	0.00568	0.00162	0.00350	0.00942	0.00432	0.00444
6	0.00985	0.00931	0.01575	0.69502	0.14872	0.01119	0.01406	0.01312	0.01018	0.01327	0.00894	0.01315	0.00683	0.00490	0.00498	0.00163	0.00654	0.00443	0.00225	0.00589
7	0.01031	0.06514	0.21963	0.01589	0.09783	0.01114	0.24207	0.01398	0.01079	0.01524	0.08005	0.01521	0.01145	0.01007	0.12610	0.00256	0.03835	0.00511	0.00266	0.00642
8	0.03243	0.13502	0.01661	0.01262	0.08462	0.02704	0.05469	0.26768	0.17505	0.12390	0.01342	0.01339	0.00986	0.00562	0.00474	0.00148	0.00522	0.00454	0.00428	0.00778
9	0.14798	0.00956	0.01149	0.00895	0.01271	0.00925	0.00739	0.14684	0.01491	0.55434	0.01648	0.01481	0.01066	0.00591	0.00472	0.00153	0.00439	0.00458	0.00551	0.00802
10	0.00589	0.00505	0.00505	0.00505	0.00673	0.00421	0.00379	0.00715	0.01136	0.01347	0.05049	0.04797	0.79171	0.01262	0.00589	0.00168	0.00252	0.01052	0.00463	0.00421
11	0.01367	0.01134	0.01199	0.01040	0.01345	0.01299	0.00820	0.17281	0.63632	0.02291	0.01867	0.01730	0.01390	0.00661	0.00506	0.00165	0.00425	0.00541	0.00506	0.00800
12	0.01746	0.02182	0.01430	0.01288	0.01506	0.68589	0.00982	0.01871	0.01315	0.01217	0.00753	0.00928	0.00644	0.00568	0.00628	0.00142	0.13050	0.00338	0.00251	0.00573
13	0.00607	0.00434	0.00578	0.00694	0.00723	0.00405	0.00463	0.00694	0.00954	0.01272	0.02747	0.82157	0.03297	0.01562	0.00636	0.00202	0.00289	0.01417	0.00463	0.00405
14	0.00589	0.00505	0.00505	0.00505	0.00673	0.00421	0.00379	0.00715	0.01136	0.01347	0.05049	0.04797	0.79171	0.01262	0.00589	0.00168	0.00252	0.01052	0.00463	0.00421
15	0.01000	0.02578	0.79900	0.01421	0.02157	0.01158	0.01842	0.01579	0.01052	0.01579	0.00895	0.01052	0.00631	0.00474	0.00474	0.00158	0.00737	0.00368	0.00210	0.00737
16	0.01091	0.01091	0.01527	0.01309	0.01309	0.01527	0.01091	0.01200	0.00763	0.01200	0.00654	0.01091	0.00654	0.00872	0.01636	0.00218	0.81570	0.00436	0.00218	0.00545
17	0.01034	0.00886	0.01034	0.00738	0.01181	0.00664	0.00591	0.01255	0.01034	0.01624	0.00886	0.01034	0.00738	0.00369	0.00369	0.00074	0.00369	0.00295	0.00295	0.85530
18	0.01111	0.00936	0.01016	0.00921	0.01164	0.01055	0.00712	0.02238	0.59942	0.02064	0.20564	0.02308	0.02287	0.00759	0.00527	0.00166	0.00356	0.00645	0.00517	0.00712
19	0.01176	0.01345	0.02941	0.02101	0.02605	0.01261	0.77563	0.01597	0.01176	0.01597	0.01008	0.01345	0.00756	0.00420	0.00588	0.00168	0.00840	0.00588	0.00252	0.00672
20	0.00790	0.00565	0.00785	0.00880	0.00995	0.00560	0.00759	0.01021	0.01182	0.01559	0.12725	0.05372	0.03111	0.01330	0.00675	0.00220	0.00429	0.66111	0.00471	0.00460
