[name]
unknown

[dist]
# distance from previous block
# <min> <max>
5	115

[block]
# block no. 0 follows, 46 sequences, length 43
# corresponding to MSA columns:
# 141-183
name=unknown_A
#
# <colnr> <probs for GDERKNQSTAVLIFYWHMCP>
#	G	D	E	R	K	N	Q	S	T	A	V	L	I	F	Y	W	H	M	C	P
0	0.01323	0.53119	0.22854	0.01169	0.01710	0.03802	0.06496	0.01629	0.01108	0.01391	0.00817	0.00962	0.00685	0.00467	0.00406	0.00133	0.00656	0.00337	0.00229	0.00706
1	0.03368	0.27968	0.26234	0.01117	0.01553	0.01463	0.01176	0.01595	0.07037	0.03021	0.01051	0.01394	0.00913	0.10436	0.00848	0.00199	0.09257	0.00426	0.00273	0.00671
2	0.17540	0.13454	0.25035	0.01131	0.01575	0.01392	0.01165	0.04469	0.12050	0.01843	0.01045	0.01177	0.00817	0.00579	0.00595	0.00164	0.10327	0.00396	0.02001	0.03244
3	0.00875	0.09831	0.18549	0.00983	0.01266	0.00864	0.03715	0.01135	0.01082	0.01493	0.11324	0.28918	0.02310	0.04475	0.10498	0.00276	0.00603	0.00874	0.00373	0.00556
4	0.00963	0.00746	0.00895	0.00811	0.01037	0.00670	0.00599	0.10174	0.01220	0.01717	0.02049	0.44445	0.02267	0.01106	0.00562	0.00162	0.00369	0.00978	0.00436	0.28795
5	0.01291	0.54338	0.29098	0.01113	0.01680	0.01792	0.01268	0.01615	0.01089	0.01393	0.00809	0.00941	0.00675	0.00470	0.00396	0.00132	0.00640	0.00320	0.00225	0.00714
6	0.11174	0.01167	0.01335	0.01034	0.01441	0.01198	0.00854	0.34684	0.01871	0.37433	0.01583	0.01466	0.01050	0.00628	0.00508	0.00161	0.00503	0.00481	0.00564	0.00864
7	0.01020	0.00962	0.01625	0.74726	0.08895	0.01180	0.01479	0.01370	0.01067	0.01377	0.00943	0.01402	0.00714	0.00524	0.00528	0.00175	0.00699	0.00470	0.00237	0.00605
8	0.00755	0.00566	0.00850	0.00850	0.00944	0.00661	0.00661	0.00944	0.00850	0.01227	0.01416	0.02077	0.01322	0.03965	0.79326	0.00850	0.01416	0.00566	0.00283	0.00472
9	0.01015	0.02488	0.70232	0.01423	0.02123	0.01141	0.01795	0.01573	0.01105	0.01639	0.01161	0.09771	0.00976	0.00627	0.00521	0.00173	0.00730	0.00511	0.00252	0.00743
10	0.00985	0.00493	0.00493	0.00493	0.00616	0.00493	0.00370	0.01232	0.01109	0.01971	0.01725	0.01971	0.01355	0.00616	0.00370	0.00123	0.00246	0.00493	0.84356	0.00493
11	0.02044	0.00910	0.01193	0.00900	0.01325	0.00758	0.00738	0.02256	0.01406	0.58754	0.01791	0.01619	0.01174	0.00587	0.00496	0.00142	0.00435	0.00475	0.00567	0.22432
12	0.00625	0.00536	0.00536	0.00536	0.00714	0.00446	0.00402	0.00759	0.01205	0.01428	0.05355	0.05088	0.77909	0.01339	0.00625	0.00179	0.00268	0.01116	0.00491	0.00446
13	0.00985	0.00493	0.00493	0.00493	0.00616	0.00493	0.00370	0.01232	0.01109	0.01971	0.01725	0.01971	0.01355	0.00616	0.00370	0.00123	0.00246	0.00493	0.84356	0.00493
14	0.00736	0.00588	0.00683	0.00683	0.00844	0.00559	0.00532	0.04050	0.01178	0.01479	0.03997	0.06748	0.48169	0.01895	0.17517	0.00329	0.00551	0.08540	0.00448	0.00475
15	0.01392	0.34244	0.01779	0.00949	0.01229	0.15079	0.00822	0.04286	0.01176	0.01519	0.01018	0.01208	0.00863	0.00575	0.00548	0.00136	0.10311	0.00376	0.21875	0.00615
16	0.00918	0.00459	0.00689	0.00689	0.00689	0.00459	0.00459	0.00689	0.00689	0.00918	0.00918	0.01607	0.00918	0.01837	0.02066	0.84619	0.00459	0.00459	0.00230	0.00230
17	0.00644	0.00460	0.00613	0.00736	0.00767	0.00429	0.00491	0.00736	0.01012	0.01350	0.02914	0.81076	0.03497	0.01656	0.00675	0.00215	0.00307	0.01503	0.00491	0.00429
18	0.01903	0.02384	0.01568	0.01564	0.09831	0.70935	0.01086	0.02059	0.01467	0.01340	0.00836	0.00991	0.00698	0.00537	0.00482	0.00138	0.00918	0.00354	0.00271	0.00637
19	0.01060	0.02735	0.78682	0.01507	0.02288	0.01228	0.01953	0.01674	0.01116	0.01674	0.00949	0.01116	0.00670	0.00502	0.00502	0.00167	0.00781	0.00391	0.00223	0.00781
20	0.01096	0.00940	0.01096	0.00783	0.01253	0.00705	0.00626	0.01331	0.01096	0.01723	0.00940	0.01096	0.00783	0.00392	0.00392	0.00078	0.00392	0.00313	0.00313	0.84653
21	0.00727	0.00546	0.00677	0.00663	0.00801	0.00496	0.00510	0.00946	0.01393	0.01887	0.51566	0.04447	0.23537	0.01186	0.00635	0.00177	0.00278	0.08493	0.00549	0.00484
22	0.00644	0.00471	0.00606	0.00710	0.00761	0.00433	0.00480	0.00745	0.01048	0.01378	0.05052	0.69900	0.12623	0.01603	0.00667	0.00209	0.00301	0.01442	0.00493	0.00433
23	0.01315	0.01136	0.01195	0.01076	0.01375	0.01315	0.00837	0.02809	0.77168	0.02211	0.02152	0.01972	0.01614	0.00717	0.00538	0.00179	0.00418	0.00598	0.00538	0.00837
24	0.01694	0.01360	0.01688	0.01789	0.24015	0.01476	0.01159	0.42776	0.13969	0.02684	0.01329	0.01392	0.00994	0.00600	0.00529	0.00161	0.00569	0.00494	0.00452	0.00871
25	0.00985	0.00493	0.00493	0.00493	0.00616	0.00493	0.00370	0.01232	0.01109	0.01971	0.01725	0.01971	0.01355	0.00616	0.00370	0.00123	0.00246	0.00493	0.84356	0.00493
26	0.85155	0.01022	0.00777	0.00695	0.01022	0.01186	0.00573	0.01554	0.00900	0.02372	0.00736	0.00859	0.00573	0.00491	0.00327	0.00164	0.00409	0.00286	0.00327	0.00573
27	0.01157	0.01157	0.01619	0.01388	0.01388	0.01619	0.01157	0.01272	0.00810	0.01272	0.00694	0.01157	0.00694	0.00925	0.01735	0.00231	0.80453	0.00463	0.00231	0.00578
28	0.00986	0.00922	0.01551	0.77291	0.03538	0.01148	0.01433	0.01329	0.01055	0.01351	0.01011	0.04278	0.00805	0.00569	0.00534	0.00178	0.00690	0.00507	0.00244	0.00582
29	0.00769	0.00513	0.00577	0.00577	0.00577	0.00513	0.00320	0.00769	0.00769	0.01025	0.01666	0.03460	0.01922	0.81421	0.02691	0.00513	0.00513	0.00769	0.00320	0.00320
30	0.00985	0.00493	0.00493	0.00493	0.00616	0.00493	0.00370	0.01232	0.01109	0.01971	0.01725	0.01971	0.01355	0.00616	0.00370	0.00123	0.00246	0.00493	0.84356	0.00493
31	0.01163	0.01112	0.01866	0.36422	0.40452	0.01246	0.01523	0.01480	0.01112	0.01532	0.00949	0.01341	0.00770	0.00528	0.00611	0.00171	0.06292	0.00470	0.00248	0.00711
32	0.07608	0.01347	0.01647	0.04698	0.21317	0.01469	0.01139	0.44016	0.07063	0.02700	0.01208	0.01303	0.00901	0.00584	0.00514	0.00161	0.00575	0.00469	0.00435	0.00844
33	0.00985	0.00493	0.00493	0.00493	0.00616	0.00493	0.00370	0.01232	0.01109	0.01971	0.01725	0.01971	0.01355	0.00616	0.00370	0.00123	0.00246	0.00493	0.84356	0.00493
34	0.00637	0.00487	0.00586	0.00665	0.00748	0.00435	0.00459	0.00744	0.01080	0.01377	0.03776	0.54246	0.29770	0.01544	0.00657	0.00202	0.00293	0.01366	0.00491	0.00435
35	0.01565	0.01372	0.01332	0.01147	0.01464	0.10636	0.00904	0.18981	0.47705	0.03956	0.01752	0.01667	0.01310	0.00683	0.00565	0.00171	0.02940	0.00535	0.00498	0.00818
36	0.01660	0.40855	0.06254	0.01178	0.06745	0.04517	0.01010	0.14838	0.02928	0.13747	0.01100	0.01142	0.00844	0.00528	0.00433	0.00137	0.00577	0.00382	0.00356	0.00769
37	0.00918	0.00459	0.00689	0.00689	0.00689	0.00459	0.00459	0.00689	0.00689	0.00918	0.00918	0.01607	0.00918	0.01837	0.02066	0.84619	0.00459	0.00459	0.00230	0.00230
38	0.00677	0.00484	0.00652	0.00774	0.00819	0.00458	0.00549	0.00794	0.01045	0.01387	0.02895	0.69033	0.03424	0.01625	0.00684	0.00219	0.00336	0.13217	0.00490	0.00439
39	0.10562	0.03791	0.03671	0.09725	0.02220	0.28902	0.30294	0.01788	0.01272	0.01578	0.00920	0.01175	0.00719	0.00495	0.00520	0.00160	0.00831	0.00458	0.00270	0.00650
40	0.05082	0.02062	0.18120	0.01702	0.17973	0.34123	0.01287	0.01805	0.01285	0.01560	0.00893	0.01075	0.00718	0.00501	0.00477	0.00142	0.00763	0.00374	0.00266	0.09792
41	0.01345	0.01603	0.10129	0.02065	0.29152	0.15119	0.01387	0.01589	0.01106	0.01483	0.00851	0.01171	0.00741	0.00649	0.00944	0.00181	0.29101	0.00436	0.00249	0.00700
42	0.01871	0.02280	0.01513	0.09880	0.01852	0.65697	0.01069	0.06948	0.01516	0.01435	0.00860	0.01024	0.00698	0.00549	0.00486	0.00142	0.00902	0.00363	0.00285	0.00629

[dist]
# distance from previous block
# <min> <max>
0	1

[block]
# block no. 1 follows, 46 sequences, length 9
# corresponding to MSA columns:
# 185-193
name=unknown_B
#
# <colnr> <probs for GDERKNQSTAVLIFYWHMCP>
#	G	D	E	R	K	N	Q	S	T	A	V	L	I	F	Y	W	H	M	C	P
0	0.01165	0.01001	0.01024	0.00908	0.01082	0.16630	0.08700	0.01314	0.01130	0.01558	0.01585	0.06730	0.04998	0.00892	0.00740	0.14575	0.00501	0.00564	0.34414	0.00490
1	0.00985	0.00493	0.00493	0.00493	0.00616	0.00493	0.00370	0.01232	0.01109	0.01971	0.01725	0.01971	0.01355	0.00616	0.00370	0.00123	0.00246	0.00493	0.84356	0.00493
2	0.01096	0.00940	0.01096	0.00783	0.01253	0.00705	0.00626	0.01331	0.01096	0.01723	0.00940	0.01096	0.00783	0.00392	0.00392	0.00078	0.00392	0.00313	0.00313	0.84653
3	0.00729	0.00521	0.00711	0.00833	0.00901	0.00503	0.00638	0.00883	0.01096	0.01444	0.02867	0.50415	0.03311	0.01576	0.00697	0.00226	0.00380	0.31327	0.00489	0.00453
4	0.01413	0.81739	0.02770	0.00905	0.01357	0.02092	0.00905	0.01583	0.01074	0.01244	0.00735	0.00848	0.00678	0.00452	0.00339	0.00113	0.00565	0.00283	0.00226	0.00678
5	0.01975	0.02520	0.01498	0.01362	0.01634	0.79299	0.01021	0.02111	0.01498	0.01294	0.00817	0.00953	0.00681	0.00545	0.00477	0.00136	0.00953	0.00340	0.00272	0.00613
6	0.01214	0.01794	0.30206	0.02264	0.35684	0.01258	0.06294	0.01799	0.10948	0.01768	0.01131	0.01331	0.00873	0.00513	0.00524	0.00165	0.00674	0.00467	0.00283	0.00809
7	0.01180	0.01245	0.08181	0.15798	0.23364	0.01109	0.10193	0.03776	0.01173	0.01694	0.00997	0.01284	0.00795	0.00483	0.00532	0.00145	0.02923	0.00443	0.02708	0.21977
8	0.00641	0.00473	0.00600	0.00702	0.00758	0.00432	0.00476	0.00740	0.01045	0.01363	0.03331	0.68094	0.16209	0.01602	0.00666	0.00209	0.00300	0.01437	0.00491	0.00432

[dist]
# distance from previous block
# <min> <max>
3	4

[block]
# block no. 2 follows, 46 sequences, length 48
# corresponding to MSA columns:
# 198-245
name=unknown_C
#
# <colnr> <probs for GDERKNQSTAVLIFYWHMCP>
#	G	D	E	R	K	N	Q	S	T	A	V	L	I	F	Y	W	H	M	C	P
0	0.01401	0.79268	0.02734	0.03328	0.01427	0.02064	0.00922	0.01576	0.01074	0.01247	0.00741	0.00865	0.00679	0.00455	0.00345	0.00115	0.00570	0.00288	0.00226	0.00676
1	0.00652	0.00537	0.00577	0.00568	0.00734	0.00462	0.00427	0.00809	0.01252	0.01556	0.19232	0.04792	0.61907	0.01356	0.02620	0.00193	0.00293	0.01071	0.00503	0.00457
2	0.00769	0.00513	0.00577	0.00577	0.00577	0.00513	0.00320	0.00769	0.00769	0.01025	0.01666	0.03460	0.01922	0.81421	0.02691	0.00513	0.00513	0.00769	0.00320	0.00320
3	0.01096	0.00940	0.01096	0.00783	0.01253	0.00705	0.00626	0.01331	0.01096	0.01723	0.00940	0.01096	0.00783	0.00392	0.00392	0.00078	0.00392	0.00313	0.00313	0.84653
4	0.01413	0.81739	0.02770	0.00905	0.01357	0.02092	0.00905	0.01583	0.01074	0.01244	0.00735	0.00848	0.00678	0.00452	0.00339	0.00113	0.00565	0.00283	0.00226	0.00678
5	0.01975	0.02520	0.01498	0.01362	0.01634	0.79299	0.01021	0.02111	0.01498	0.01294	0.00817	0.00953	0.00681	0.00545	0.00477	0.00136	0.00953	0.00340	0.00272	0.00613
6	0.00826	0.00530	0.00670	0.00670	0.00748	0.00571	0.00482	0.00981	0.00904	0.01390	0.01575	0.02423	0.01495	0.24100	0.35256	0.00544	0.00826	0.00600	0.24970	0.00437
7	0.01293	0.01112	0.01176	0.01060	0.01352	0.01283	0.00824	0.02738	0.74214	0.02208	0.05107	0.02050	0.01746	0.00731	0.00541	0.00179	0.00412	0.00612	0.00540	0.00824
8	0.01036	0.00978	0.01654	0.70781	0.12715	0.01184	0.01487	0.01384	0.01075	0.01397	0.00946	0.01397	0.00721	0.00522	0.00528	0.00174	0.00695	0.00470	0.00238	0.00618
9	0.00998	0.00940	0.01586	0.80150	0.03641	0.01175	0.01468	0.01351	0.01057	0.01351	0.00940	0.01409	0.00705	0.00529	0.00529	0.00176	0.00705	0.00470	0.00235	0.00587
10	0.01060	0.02735	0.78682	0.01507	0.02288	0.01228	0.01953	0.01674	0.01116	0.01674	0.00949	0.01116	0.00670	0.00502	0.00502	0.00167	0.00781	0.00391	0.00223	0.00781
11	0.00625	0.00536	0.00536	0.00536	0.00714	0.00446	0.00402	0.00759	0.01205	0.01428	0.05355	0.05088	0.77909	0.01339	0.00625	0.00179	0.00268	0.01116	0.00491	0.00446
12	0.01364	0.04685	0.48121	0.01457	0.02104	0.01383	0.07156	0.23595	0.01527	0.02149	0.01045	0.01176	0.00747	0.00535	0.00514	0.00164	0.00724	0.00430	0.00316	0.00808
13	0.01248	0.01426	0.03119	0.02228	0.02763	0.01337	0.76203	0.01693	0.01248	0.01693	0.01070	0.01426	0.00802	0.00446	0.00624	0.00178	0.00891	0.00624	0.00267	0.00713
14	0.00630	0.00514	0.00557	0.00592	0.00729	0.00442	0.00427	0.00752	0.01151	0.01406	0.04668	0.26482	0.56958	0.01428	0.00639	0.00189	0.00279	0.01225	0.00491	0.00442
15	0.01289	0.01258	0.02214	0.06619	0.67490	0.01260	0.08810	0.01617	0.01201	0.01707	0.00999	0.01324	0.00828	0.00471	0.00533	0.00160	0.00657	0.00486	0.00261	0.00814
16	0.01040	0.00966	0.01494	0.12509	0.24049	0.01127	0.01154	0.01239	0.01014	0.01438	0.01422	0.23076	0.01503	0.00938	0.00925	0.00197	0.24232	0.00750	0.00312	0.00615
17	0.01258	0.12158	0.01957	0.02167	0.42442	0.01211	0.03841	0.01534	0.01156	0.01659	0.00946	0.01187	0.00798	0.00444	0.00463	0.00129	0.00559	0.00404	0.00272	0.25413
18	0.00985	0.00493	0.00493	0.00493	0.00616	0.00493	0.00370	0.01232	0.01109	0.01971	0.01725	0.01971	0.01355	0.00616	0.00370	0.00123	0.00246	0.00493	0.84356	0.00493
19	0.01094	0.01073	0.06857	0.00837	0.01330	0.00744	0.00725	0.01357	0.01098	0.01719	0.00940	0.01098	0.00775	0.00400	0.00400	0.00085	0.00420	0.00319	0.00307	0.78426
20	0.01868	0.02342	0.01514	0.01365	0.01602	0.69196	0.01039	0.02002	0.01409	0.01291	0.00801	0.00980	0.00683	0.00594	0.00640	0.00149	0.11293	0.00356	0.00267	0.00608
21	0.01826	0.01362	0.01408	0.01129	0.01481	0.07165	0.00909	0.52087	0.05173	0.07935	0.04079	0.05875	0.01229	0.00768	0.00617	0.04544	0.00560	0.00548	0.00503	0.00800
22	0.05956	0.01126	0.01231	0.01217	0.10105	0.08962	0.00874	0.11656	0.02891	0.01924	0.04409	0.02371	0.02959	0.00737	0.00520	0.00152	0.00517	0.16428	0.00389	0.25577
23	0.00857	0.00721	0.01045	0.24144	0.01733	0.00827	0.00887	0.01143	0.06679	0.01426	0.02084	0.39234	0.02268	0.01179	0.00714	0.00204	0.07123	0.06811	0.00397	0.00523
24	0.85155	0.01022	0.00777	0.00695	0.01022	0.01186	0.00573	0.01554	0.00900	0.02372	0.00736	0.00859	0.00573	0.00491	0.00327	0.00164	0.00409	0.00286	0.00327	0.00573
25	0.00985	0.00493	0.00493	0.00493	0.00616	0.00493	0.00370	0.01232	0.01109	0.01971	0.01725	0.01971	0.01355	0.00616	0.00370	0.00123	0.00246	0.00493	0.84356	0.00493
26	0.03897	0.14283	0.01437	0.00951	0.01292	0.03914	0.00793	0.17850	0.07246	0.22404	0.18387	0.01964	0.01913	0.00708	0.00513	0.00155	0.00467	0.00564	0.00510	0.00751
27	0.03161	0.18530	0.04769	0.00780	0.00986	0.00908	0.00659	0.01109	0.01176	0.01623	0.30280	0.15096	0.02901	0.07234	0.08301	0.00254	0.00489	0.00799	0.00417	0.00527
28	0.00873	0.00799	0.01385	0.01101	0.01356	0.00736	0.22702	0.01160	0.01373	0.01874	0.42664	0.03407	0.16480	0.00939	0.00624	0.00172	0.00441	0.00886	0.00474	0.00553
29	0.08013	0.00821	0.01027	0.00850	0.01137	0.00768	0.00661	0.06084	0.01332	0.45945	0.01965	0.11438	0.01599	0.14840	0.00910	0.00230	0.00448	0.00667	0.00545	0.00718
30	0.02010	0.01481	0.01587	0.01216	0.01639	0.01639	0.01005	0.76360	0.02486	0.03332	0.01269	0.01269	0.00899	0.00635	0.00529	0.00159	0.00582	0.00476	0.00529	0.00899
31	0.01096	0.00940	0.01096	0.00783	0.01253	0.00705	0.00626	0.01331	0.01096	0.01723	0.00940	0.01096	0.00783	0.00392	0.00392	0.00078	0.00392	0.00313	0.00313	0.84653
32	0.00831	0.00699	0.00743	0.00728	0.00917	0.00698	0.00545	0.01357	0.23469	0.01645	0.03998	0.17146	0.42811	0.01211	0.00608	0.00185	0.00319	0.01030	0.00505	0.00558
33	0.01078	0.06645	0.74925	0.01477	0.02242	0.01271	0.01901	0.01670	0.01114	0.01653	0.00938	0.01103	0.00670	0.00500	0.00494	0.00165	0.00771	0.00385	0.00223	0.00776
34	0.00699	0.00527	0.00653	0.00701	0.00813	0.00481	0.00528	0.00866	0.01219	0.01596	0.21455	0.27582	0.25616	0.01393	0.00657	0.00197	0.00312	0.13732	0.00512	0.00461
35	0.01255	0.34721	0.23148	0.01221	0.01627	0.03501	0.01268	0.01529	0.01018	0.01371	0.00783	0.01014	0.00681	0.00607	0.00796	0.00163	0.24028	0.00366	0.00228	0.00676
36	0.01195	0.01066	0.01627	0.49680	0.04355	0.01249	0.06843	0.11116	0.11879	0.01772	0.01182	0.01485	0.00884	0.00563	0.00533	0.00173	0.00649	0.00501	0.02576	0.00673
37	0.01157	0.01157	0.01619	0.01388	0.01388	0.01619	0.01157	0.01272	0.00810	0.01272	0.00694	0.01157	0.00694	0.00925	0.01735	0.00231	0.80453	0.00463	0.00231	0.00578
38	0.00825	0.00695	0.01105	0.09386	0.14371	0.00694	0.04713	0.01000	0.01062	0.01432	0.02288	0.55155	0.02616	0.01275	0.00631	0.00199	0.00433	0.01175	0.00414	0.00530
39	0.00965	0.00826	0.01121	0.19974	0.01705	0.00805	0.00821	0.01187	0.01021	0.01478	0.01268	0.11495	0.01222	0.05494	0.08739	0.00229	0.03824	0.00559	0.00311	0.36958
40	0.01588	0.01672	0.07711	0.01610	0.04655	0.14200	0.23148	0.23776	0.12301	0.02180	0.01227	0.01352	0.00916	0.00560	0.00547	0.00164	0.00727	0.00508	0.00379	0.00778
41	0.00985	0.00493	0.00493	0.00493	0.00616	0.00493	0.00370	0.01232	0.01109	0.01971	0.01725	0.01971	0.01355	0.00616	0.00370	0.00123	0.00246	0.00493	0.84356	0.00493
42	0.01096	0.00940	0.01096	0.00783	0.01253	0.00705	0.00626	0.01331	0.01096	0.01723	0.00940	0.01096	0.00783	0.00392	0.00392	0.00078	0.00392	0.00313	0.00313	0.84653
43	0.00759	0.00550	0.00765	0.00765	0.00831	0.00615	0.00556	0.00890	0.00825	0.01165	0.01493	0.02504	0.01507	0.27891	0.55653	0.00745	0.01137	0.00629	0.00295	0.00425
44	0.05697	0.00934	0.01457	0.56888	0.02951	0.01079	0.01255	0.01657	0.01159	0.20042	0.01206	0.01475	0.00844	0.00557	0.00519	0.00172	0.00628	0.00475	0.00341	0.00662
45	0.05749	0.00868	0.01218	0.35248	0.02219	0.01003	0.01078	0.07051	0.06350	0.01730	0.01639	0.02784	0.01508	0.00827	0.00565	0.00190	0.00562	0.22219	0.06602	0.00590
46	0.01486	0.09300	0.07823	0.01509	0.01942	0.09393	0.25901	0.23542	0.01586	0.02053	0.01250	0.09398	0.01072	0.00640	0.00550	0.00165	0.00707	0.00591	0.00360	0.00730
47	0.01200	0.06190	0.26663	0.16909	0.02479	0.01293	0.21365	0.08942	0.01269	0.01747	0.01061	0.03786	0.00828	0.00535	0.00535	0.00167	0.00736	0.00503	0.00279	0.03515

[dist]
# distance from previous block
# <min> <max>
1	14

[block]
# block no. 3 follows, 46 sequences, length 18
# corresponding to MSA columns:
# 260-277
name=unknown_D
#
# <colnr> <probs for GDERKNQSTAVLIFYWHMCP>
#	G	D	E	R	K	N	Q	S	T	A	V	L	I	F	Y	W	H	M	C	P
0	0.01436	0.02178	0.40814	0.03379	0.02113	0.07334	0.07947	0.24576	0.01575	0.02147	0.01047	0.01184	0.00753	0.00542	0.00520	0.00163	0.00741	0.00435	0.00325	0.00794
1	0.01050	0.01965	0.42873	0.01603	0.02187	0.01132	0.24457	0.01528	0.01140	0.01627	0.01305	0.14184	0.01169	0.00672	0.00567	0.00178	0.00738	0.00643	0.00280	0.00703
2	0.01284	0.01116	0.01662	0.03983	0.40313	0.01029	0.01171	0.03971	0.01212	0.04929	0.01025	0.01246	0.00834	0.00454	0.00472	0.00127	0.00528	0.00411	0.00306	0.33926
3	0.00985	0.00493	0.00493	0.00493	0.00616	0.00493	0.00370	0.01232	0.01109	0.01971	0.01725	0.01971	0.01355	0.00616	0.00370	0.00123	0.00246	0.00493	0.84356	0.00493
4	0.01096	0.00940	0.01096	0.00783	0.01253	0.00705	0.00626	0.01331	0.01096	0.01723	0.00940	0.01096	0.00783	0.00392	0.00392	0.00078	0.00392	0.00313	0.00313	0.84653
5	0.00769	0.00513	0.00577	0.00577	0.00577	0.00513	0.00320	0.00769	0.00769	0.01025	0.01666	0.03460	0.01922	0.81421	0.02691	0.00513	0.00513	0.00769	0.00320	0.00320
6	0.02298	0.00883	0.01203	0.00928	0.01324	0.00764	0.00764	0.02504	0.01512	0.75010	0.05537	0.01897	0.01476	0.00674	0.00536	0.00164	0.00441	0.00551	0.00651	0.00881
7	0.06696	0.01139	0.01617	0.40417	0.15215	0.01310	0.01303	0.20459	0.03298	0.02001	0.01049	0.01336	0.00790	0.00548	0.00515	0.00168	0.00635	0.00463	0.00327	0.00713
8	0.00671	0.00537	0.00600	0.00584	0.00743	0.00466	0.00438	0.00849	0.01315	0.01689	0.32717	0.04658	0.50385	0.01241	0.00624	0.00174	0.00261	0.01055	0.00525	0.00466
9	0.01289	0.01266	0.02204	0.02978	0.63551	0.01296	0.09492	0.01600	0.01175	0.01685	0.00977	0.01308	0.00821	0.00507	0.00638	0.00166	0.07501	0.00487	0.00260	0.00802
10	0.00985	0.00493	0.00493	0.00493	0.00616	0.00493	0.00370	0.01232	0.01109	0.01971	0.01725	0.01971	0.01355	0.00616	0.00370	0.00123	0.00246	0.00493	0.84356	0.00493
11	0.03383	0.39112	0.05230	0.01929	0.34189	0.01648	0.01240	0.01653	0.04260	0.01534	0.00912	0.01101	0.00782	0.00474	0.00432	0.00138	0.00590	0.00380	0.00257	0.00754
12	0.00769	0.00513	0.00577	0.00577	0.00577	0.00513	0.00320	0.00769	0.00769	0.01025	0.01666	0.03460	0.01922	0.81421	0.02691	0.00513	0.00513	0.00769	0.00320	0.00320
13	0.00818	0.00645	0.00828	0.00875	0.06742	0.00617	0.00597	0.01159	0.07911	0.01976	0.52683	0.03778	0.17250	0.01049	0.00609	0.00169	0.00296	0.00916	0.00538	0.00544
14	0.40843	0.00957	0.01018	0.00827	0.01197	0.00967	0.00682	0.02101	0.01228	0.43116	0.01458	0.01362	0.00967	0.00578	0.00437	0.00164	0.00431	0.00418	0.00502	0.00748
15	0.01154	0.01052	0.01735	0.46280	0.02885	0.01149	0.13399	0.05015	0.04734	0.03755	0.01065	0.01397	0.00801	0.00512	0.00524	0.00161	0.00663	0.00480	0.00291	0.12947
16	0.01339	0.25863	0.01681	0.00903	0.01347	0.07940	0.00774	0.07214	0.01230	0.01662	0.00892	0.01021	0.00751	0.00442	0.00393	0.00100	0.00507	0.00319	0.00300	0.45321
17	0.01060	0.02735	0.78682	0.01507	0.02288	0.01228	0.01953	0.01674	0.01116	0.01674	0.00949	0.01116	0.00670	0.00502	0.00502	0.00167	0.00781	0.00391	0.00223	0.00781

[dist]
# distance from previous block
# <min> <max>
0	1

[block]
# block no. 4 follows, 46 sequences, length 23
# corresponding to MSA columns:
# 279-301
name=unknown_E
#
# <colnr> <probs for GDERKNQSTAVLIFYWHMCP>
#	G	D	E	R	K	N	Q	S	T	A	V	L	I	F	Y	W	H	M	C	P
0	0.01984	0.07349	0.01458	0.01134	0.01483	0.40148	0.00894	0.02155	0.01435	0.27143	0.01247	0.01243	0.00900	0.00560	0.00477	0.00138	0.00704	0.00398	0.00401	0.08749
1	0.09888	0.01071	0.01704	0.01281	0.01710	0.01004	0.21561	0.02250	0.06167	0.45230	0.01681	0.01618	0.01118	0.00585	0.00538	0.00169	0.00566	0.00538	0.00509	0.00813
2	0.00671	0.00479	0.00645	0.00767	0.00810	0.00453	0.00538	0.00783	0.01039	0.01380	0.02899	0.71265	0.03437	0.01631	0.00682	0.00218	0.00330	0.11046	0.00490	0.00437
3	0.04930	0.02381	0.40101	0.01381	0.01937	0.23221	0.01466	0.15081	0.01458	0.01891	0.00960	0.01087	0.00710	0.00537	0.00493	0.00157	0.00779	0.00387	0.00296	0.00746
4	0.01588	0.01590	0.32565	0.01140	0.01655	0.00921	0.01226	0.01965	0.01337	0.35245	0.10297	0.01950	0.01545	0.00677	0.00539	0.00169	0.00563	0.03776	0.00464	0.00788
5	0.01157	0.01157	0.01619	0.01388	0.01388	0.01619	0.01157	0.01272	0.00810	0.01272	0.00694	0.01157	0.00694	0.00925	0.01735	0.00231	0.80453	0.00463	0.00231	0.00578
6	0.00641	0.00499	0.00583	0.00640	0.00744	0.00441	0.00450	0.00761	0.01127	0.01428	0.08128	0.42061	0.37656	0.01479	0.00649	0.00195	0.00286	0.01296	0.00496	0.00441
7	0.01840	0.01078	0.01687	0.02093	0.39761	0.01017	0.01200	0.02099	0.01358	0.40084	0.01540	0.01554	0.01073	0.00563	0.00527	0.00160	0.00539	0.00501	0.00458	0.00869
8	0.01731	0.03028	0.17326	0.01177	0.01640	0.01299	0.01110	0.32250	0.11518	0.17810	0.01537	0.04676	0.01127	0.00660	0.00528	0.00166	0.00564	0.00523	0.00485	0.00844
9	0.01321	0.61038	0.22661	0.01062	0.01601	0.01865	0.01179	0.01607	0.01085	0.01357	0.00791	0.00918	0.00676	0.00465	0.00382	0.00127	0.00622	0.00311	0.00225	0.00705
10	0.00885	0.00557	0.00712	0.00767	0.00885	0.00568	0.00634	0.01123	0.01141	0.01703	0.05278	0.03900	0.02274	0.01454	0.10696	0.00274	0.00507	0.34565	0.31590	0.00488
11	0.01289	0.01164	0.02038	0.01474	0.01941	0.01043	0.34303	0.01608	0.01188	0.09004	0.01093	0.01313	0.00837	0.00470	0.00582	0.00139	0.04996	0.00480	0.00321	0.34717
12	0.01148	0.01188	0.02068	0.01730	0.06651	0.01387	0.26699	0.01387	0.01003	0.01452	0.01053	0.08878	0.01007	0.00803	0.01179	0.00207	0.40647	0.00617	0.00270	0.00626
13	0.01157	0.01157	0.01619	0.01388	0.01388	0.01619	0.01157	0.01272	0.00810	0.01272	0.00694	0.01157	0.00694	0.00925	0.01735	0.00231	0.80453	0.00463	0.00231	0.00578
14	0.00726	0.00519	0.00708	0.00830	0.00897	0.00500	0.00634	0.00878	0.01093	0.01441	0.02868	0.51378	0.03317	0.01579	0.00697	0.00226	0.00378	0.30390	0.00489	0.00452
15	0.01248	0.01426	0.03119	0.02228	0.02763	0.01337	0.76203	0.01693	0.01248	0.01693	0.01070	0.01426	0.00802	0.00446	0.00624	0.00178	0.00891	0.00624	0.00267	0.00713
16	0.00658	0.00471	0.00626	0.00727	0.00770	0.00438	0.00492	0.00770	0.01075	0.01450	0.12701	0.71002	0.03691	0.01581	0.00668	0.00208	0.00299	0.01431	0.00503	0.00438
17	0.00945	0.00575	0.00777	0.00841	0.00960	0.00541	0.00656	0.01108	0.01160	0.11513	0.02863	0.40267	0.06075	0.01441	0.00674	0.00217	0.00389	0.27974	0.00511	0.00512
18	0.00690	0.00523	0.00740	0.11109	0.01142	0.00527	0.00618	0.00816	0.01018	0.01350	0.02656	0.70670	0.03132	0.01509	0.00656	0.00210	0.00359	0.01368	0.00457	0.00450
19	0.01334	0.16054	0.16942	0.06742	0.12582	0.01470	0.23960	0.11391	0.01335	0.01806	0.00994	0.01226	0.00766	0.00491	0.00518	0.00159	0.00724	0.00469	0.00283	0.00753
20	0.01903	0.01083	0.01283	0.01010	0.01406	0.01072	0.00820	0.18808	0.17576	0.35780	0.01769	0.01626	0.01213	0.00629	0.00514	0.00155	0.00465	0.00505	0.00558	0.11826
21	0.00825	0.00591	0.00759	0.00745	0.00789	0.00666	0.00528	0.00930	0.00862	0.01260	0.01609	0.09598	0.01689	0.33608	0.23057	0.00496	0.09564	0.00709	0.11292	0.00423
22	0.01239	0.01196	0.02095	0.01595	0.01992	0.01203	0.38498	0.02007	0.27017	0.04242	0.11495	0.01952	0.01639	0.00627	0.00592	0.00177	0.00634	0.00656	0.00412	0.00733

[dist]
# distance from previous block
# <min> <max>
1	4

[block]
# block no. 5 follows, 46 sequences, length 12
# corresponding to MSA columns:
# 309-320
name=unknown_F
#
# <colnr> <probs for GDERKNQSTAVLIFYWHMCP>
#	G	D	E	R	K	N	Q	S	T	A	V	L	I	F	Y	W	H	M	C	P
0	0.01912	0.00927	0.01326	0.23289	0.01998	0.00926	0.00976	0.02247	0.06588	0.51488	0.01767	0.01701	0.01159	0.00623	0.00531	0.00168	0.00520	0.00519	0.00528	0.00807
1	0.00670	0.00536	0.00641	0.00652	0.00788	0.00508	0.00489	0.00820	0.01099	0.01397	0.07537	0.12256	0.44831	0.02101	0.22826	0.00371	0.00595	0.00994	0.00437	0.00454
2	0.01766	0.12455	0.03614	0.07130	0.17795	0.01308	0.01102	0.18079	0.04389	0.25060	0.01384	0.01411	0.00986	0.00573	0.00502	0.00156	0.00557	0.00467	0.00440	0.00828
3	0.01222	0.00977	0.01043	0.00933	0.01151	0.01097	0.00691	0.10765	0.44019	0.01964	0.01893	0.02365	0.01629	0.26491	0.01225	0.00283	0.00468	0.00638	0.00467	0.00679
4	0.00918	0.00459	0.00689	0.00689	0.00689	0.00459	0.00459	0.00689	0.00689	0.00918	0.00918	0.01607	0.00918	0.01837	0.02066	0.84619	0.00459	0.00459	0.00230	0.00230
5	0.01493	0.27374	0.02579	0.01576	0.02015	0.22186	0.32273	0.01769	0.01258	0.01444	0.00896	0.01116	0.00731	0.00474	0.00494	0.00146	0.00804	0.00440	0.00256	0.00675
6	0.01096	0.00940	0.01096	0.00783	0.01253	0.00705	0.00626	0.01331	0.01096	0.01723	0.00940	0.01096	0.00783	0.00392	0.00392	0.00078	0.00392	0.00313	0.00313	0.84653
7	0.01176	0.01201	0.02088	0.01551	0.01927	0.01207	0.32772	0.01469	0.01087	0.01595	0.00932	0.01251	0.00768	0.00552	0.00835	0.00160	0.21177	0.00483	0.00273	0.27496
8	0.01555	0.01273	0.07358	0.02549	0.53662	0.01135	0.01436	0.01863	0.01274	0.20792	0.01262	0.01417	0.00943	0.00519	0.00524	0.00159	0.00595	0.00480	0.00356	0.00849
9	0.01321	0.01092	0.01477	0.01648	0.25843	0.01027	0.01005	0.12023	0.05209	0.04865	0.01243	0.06697	0.01063	0.00564	0.00485	0.00132	0.00492	0.00490	0.00363	0.32961
10	0.06020	0.01681	0.01481	0.01349	0.06794	0.29998	0.03887	0.18730	0.09151	0.05693	0.01244	0.05291	0.01011	0.00625	0.00504	0.00152	0.00679	0.00481	0.00390	0.04839
11	0.01684	0.01379	0.05457	0.05209	0.09915	0.01430	0.01089	0.38916	0.20637	0.06559	0.01468	0.01474	0.01069	0.00627	0.00529	0.00165	0.00556	0.00504	0.00479	0.00856

[dist]
# distance from previous block
# <min> <max>
5	28

[block]
# block no. 6 follows, 46 sequences, length 35
# corresponding to MSA columns:
# 353-387
name=unknown_G
#
# <colnr> <probs for GDERKNQSTAVLIFYWHMCP>
#	G	D	E	R	K	N	Q	S	T	A	V	L	I	F	Y	W	H	M	C	P
0	0.01369	0.37965	0.16321	0.01090	0.01558	0.01677	0.01088	0.08035	0.22507	0.01765	0.01215	0.01247	0.00957	0.00551	0.00441	0.00145	0.00566	0.00407	0.00338	0.00760
1	0.01326	0.09071	0.50874	0.01409	0.02022	0.20948	0.01602	0.01809	0.03368	0.01559	0.00932	0.01078	0.00700	0.00515	0.00484	0.00155	0.00797	0.00375	0.00245	0.00732
2	0.01205	0.10459	0.18735	0.01865	0.02424	0.01360	0.49183	0.01647	0.01212	0.01659	0.04340	0.01408	0.00943	0.00486	0.00567	0.00168	0.00805	0.00552	0.00267	0.00714
3	0.00637	0.00487	0.00586	0.00664	0.00748	0.00435	0.00459	0.00744	0.01081	0.01378	0.03786	0.53934	0.30075	0.01543	0.00657	0.00202	0.00293	0.01365	0.00491	0.00435
4	0.00714	0.00539	0.00659	0.00629	0.00768	0.00484	0.00471	0.00930	0.01414	0.01925	0.57453	0.04269	0.25501	0.01153	0.00624	0.00170	0.00255	0.01001	0.00556	0.00484
5	0.01158	0.01250	0.02565	0.30398	0.03080	0.01278	0.49186	0.01570	0.01179	0.01570	0.01023	0.01420	0.00767	0.00476	0.00589	0.00178	0.00824	0.00568	0.00256	0.00668
6	0.01827	0.01221	0.01358	0.01102	0.01475	0.01324	0.00890	0.32076	0.30542	0.19654	0.01785	0.01654	0.01261	0.00670	0.00533	0.00168	0.00491	0.00534	0.00560	0.00876
7	0.00852	0.00608	0.00852	0.00974	0.01095	0.00608	0.00852	0.01095	0.01217	0.01582	0.02799	0.05963	0.03042	0.01460	0.00730	0.00243	0.00487	0.74565	0.00487	0.00487
8	0.00774	0.00560	0.00821	0.00821	0.00917	0.00647	0.00637	0.00967	0.00871	0.01288	0.01441	0.02068	0.01324	0.03692	0.72894	0.00790	0.01321	0.00560	0.07132	0.00474
9	0.01180	0.01899	0.30436	0.01967	0.02591	0.01297	0.49361	0.01686	0.01200	0.01686	0.01026	0.01314	0.00754	0.00466	0.00580	0.00174	0.00852	0.00540	0.00251	0.00738
10	0.00998	0.00940	0.01586	0.80150	0.03641	0.01175	0.01468	0.01351	0.01057	0.01351	0.00940	0.01409	0.00705	0.00529	0.00529	0.00176	0.00705	0.00470	0.00235	0.00587
11	0.00625	0.00536	0.00536	0.00536	0.00714	0.00446	0.00402	0.00759	0.01205	0.01428	0.05355	0.05088	0.77909	0.01339	0.00625	0.00179	0.00268	0.01116	0.00491	0.00446
12	0.00748	0.00540	0.00707	0.00665	0.00790	0.00499	0.00499	0.00998	0.01496	0.02120	0.77844	0.03949	0.04988	0.01081	0.00624	0.00166	0.00249	0.00956	0.00582	0.00499
13	0.00702	0.00536	0.00644	0.00622	0.00763	0.00478	0.00465	0.00905	0.01378	0.01852	0.49929	0.07068	0.30357	0.01191	0.00626	0.00172	0.00258	0.01031	0.00547	0.00478
14	0.00644	0.00460	0.00613	0.00736	0.00767	0.00429	0.00491	0.00736	0.01012	0.01350	0.02914	0.81076	0.03497	0.01656	0.00675	0.00215	0.00307	0.01503	0.00491	0.00429
15	0.01060	0.02735	0.78682	0.01507	0.02288	0.01228	0.01953	0.01674	0.01116	0.01674	0.00949	0.01116	0.00670	0.00502	0.00502	0.00167	0.00781	0.00391	0.00223	0.00781
16	0.01248	0.01426	0.03119	0.02228	0.02763	0.01337	0.76203	0.01693	0.01248	0.01693	0.01070	0.01426	0.00802	0.00446	0.00624	0.00178	0.00891	0.00624	0.00267	0.00713
17	0.01021	0.01589	0.29457	0.51720	0.03152	0.01194	0.01644	0.01468	0.01078	0.01468	0.00943	0.01303	0.00692	0.00519	0.00519	0.00173	0.00732	0.00441	0.00231	0.00657
18	0.01262	0.00855	0.01004	0.00895	0.01129	0.00891	0.00691	0.09858	0.23869	0.12811	0.25080	0.14691	0.02806	0.00955	0.00583	0.00176	0.00372	0.00824	0.00559	0.00687
19	0.01042	0.00930	0.01396	0.39131	0.02328	0.01197	0.01159	0.01289	0.00974	0.01412	0.01002	0.01474	0.00839	0.03085	0.00970	0.00196	0.27194	0.00480	0.13342	0.00562
20	0.00903	0.01940	0.50431	0.01156	0.01719	0.00945	0.01392	0.01343	0.01148	0.01585	0.02542	0.02552	0.28592	0.00805	0.00547	0.00171	0.00596	0.00653	0.00320	0.00660
21	0.01011	0.01045	0.02129	0.01637	0.01974	0.00984	0.46020	0.01319	0.01148	0.01552	0.01749	0.30245	0.01796	0.01014	0.03572	0.00216	0.00699	0.00940	0.00349	0.00602
22	0.20549	0.13335	0.32944	0.01316	0.07927	0.01344	0.01309	0.05501	0.03842	0.05950	0.00992	0.01108	0.00741	0.00512	0.00445	0.00158	0.00612	0.00377	0.00300	0.00737
23	0.00952	0.00773	0.00844	0.00776	0.00989	0.00792	0.00596	0.06660	0.23222	0.01963	0.22866	0.05331	0.30062	0.01051	0.00594	0.00175	0.00329	0.00890	0.00531	0.00603
24	0.01205	0.01153	0.01947	0.27194	0.51419	0.01247	0.01553	0.01522	0.01140	0.01589	0.00964	0.01333	0.00790	0.00509	0.00579	0.00166	0.04220	0.00470	0.00252	0.00748
25	0.00646	0.00491	0.00595	0.00665	0.00751	0.00440	0.00462	0.00763	0.01111	0.01432	0.09274	0.50472	0.27971	0.01510	0.00655	0.00199	0.00290	0.01336	0.00498	0.00440
26	0.01419	0.05812	0.47418	0.01375	0.02012	0.01415	0.01564	0.28670	0.01609	0.02254	0.01055	0.01160	0.00753	0.00548	0.00505	0.00162	0.00699	0.00417	0.00334	0.00819
27	0.01734	0.02063	0.01732	0.02043	0.29286	0.51085	0.01239	0.01934	0.01392	0.01450	0.00881	0.01082	0.00738	0.00518	0.00494	0.00144	0.00836	0.00388	0.00269	0.00694
28	0.00881	0.00817	0.01501	0.01276	0.01483	0.00784	0.25727	0.01107	0.01106	0.01486	0.02224	0.44442	0.02472	0.01212	0.00694	0.00206	0.02840	0.08798	0.00409	0.00534
29	0.01369	0.09898	0.22032	0.01515	0.05329	0.13410	0.14623	0.02026	0.19583	0.03207	0.01243	0.01348	0.00944	0.00547	0.00514	0.00161	0.00705	0.00470	0.00325	0.00751
30	0.01096	0.01089	0.05036	0.02236	0.46792	0.01009	0.01230	0.01435	0.05062	0.01709	0.08186	0.06313	0.15070	0.00750	0.00557	0.00166	0.00513	0.00681	0.00353	0.00717
31	0.01222	0.01444	0.05854	0.02155	0.02683	0.01304	0.71067	0.01663	0.01235	0.01682	0.01123	0.03910	0.00882	0.00486	0.00621	0.00179	0.00869	0.00643	0.00273	0.00707
32	0.00643	0.00464	0.00609	0.00726	0.00764	0.00430	0.00486	0.00737	0.01022	0.01354	0.03041	0.77102	0.07388	0.01640	0.00672	0.00213	0.00305	0.01483	0.00491	0.00430
33	0.01435	0.01076	0.04214	0.29382	0.02302	0.01116	0.06575	0.05529	0.16913	0.19259	0.03356	0.01794	0.01216	0.00635	0.00545	0.00175	0.00581	0.02738	0.00424	0.00736
34	0.01221	0.01184	0.03789	0.10771	0.29280	0.09466	0.01161	0.06149	0.02608	0.03238	0.04402	0.18834	0.02837	0.00815	0.00561	0.00172	0.00574	0.01905	0.00357	0.00675

[dist]
# distance from previous block
# <min> <max>
1	8

[block]
# block no. 7 follows, 46 sequences, length 92
# corresponding to MSA columns:
# 396-487
name=unknown_H
#
# <colnr> <probs for GDERKNQSTAVLIFYWHMCP>
#	G	D	E	R	K	N	Q	S	T	A	V	L	I	F	Y	W	H	M	C	P
0	0.01483	0.01277	0.02478	0.01815	0.02274	0.01234	0.49914	0.01951	0.07849	0.17692	0.01354	0.01536	0.00972	0.00539	0.00658	0.00178	0.05079	0.00594	0.00369	0.00755
1	0.01159	0.03598	0.24522	0.01470	0.02050	0.01112	0.25283	0.02943	0.01176	0.01717	0.00985	0.01205	0.00756	0.00447	0.00500	0.00139	0.00674	0.00438	0.00274	0.29553
2	0.00698	0.00538	0.00637	0.00612	0.00759	0.00477	0.00459	0.00900	0.01378	0.01838	0.48351	0.04412	0.34657	0.01186	0.00624	0.00171	0.00257	0.01021	0.00545	0.00477
3	0.01413	0.81739	0.02770	0.00905	0.01357	0.02092	0.00905	0.01583	0.01074	0.01244	0.00735	0.00848	0.00678	0.00452	0.00339	0.00113	0.00565	0.00283	0.00226	0.00678
4	0.01339	0.00932	0.01121	0.00813	0.01271	0.00718	0.00655	0.01568	0.01176	0.16353	0.01158	0.01230	0.00883	0.00442	0.00418	0.00095	0.00403	0.00355	0.00378	0.68691
5	0.00998	0.00940	0.01586	0.80150	0.03641	0.01175	0.01468	0.01351	0.01057	0.01351	0.00940	0.01409	0.00705	0.00529	0.00529	0.00176	0.00705	0.00470	0.00235	0.00587
6	0.00755	0.00566	0.00850	0.00850	0.00944	0.00661	0.00661	0.00944	0.00850	0.01227	0.01416	0.02077	0.01322	0.03965	0.79326	0.00850	0.01416	0.00566	0.00283	0.00472
7	0.02010	0.01481	0.01587	0.01216	0.01639	0.01639	0.01005	0.76360	0.02486	0.03332	0.01269	0.01269	0.00899	0.00635	0.00529	0.00159	0.00582	0.00476	0.00529	0.00899
8	0.29244	0.01771	0.01184	0.01067	0.01357	0.42330	0.00826	0.01899	0.01280	0.07546	0.00982	0.01180	0.00791	0.00567	0.00436	0.00150	0.00696	0.02655	0.03426	0.00613
9	0.85155	0.01022	0.00777	0.00695	0.01022	0.01186	0.00573	0.01554	0.00900	0.02372	0.00736	0.00859	0.00573	0.00491	0.00327	0.00164	0.00409	0.00286	0.00327	0.00573
10	0.01135	0.00947	0.01040	0.00946	0.01189	0.01056	0.00730	0.02234	0.53160	0.02182	0.26166	0.02599	0.02684	0.00833	0.00565	0.00175	0.00365	0.00711	0.00552	0.00730
11	0.00634	0.00512	0.00565	0.00603	0.00733	0.00442	0.00433	0.00758	0.01152	0.01423	0.06642	0.29164	0.52226	0.01432	0.00641	0.00190	0.00280	0.01234	0.00493	0.00442
12	0.00691	0.00502	0.00652	0.00690	0.00774	0.00463	0.00489	0.00859	0.01249	0.01712	0.37852	0.40450	0.08912	0.01369	0.00648	0.00190	0.00278	0.01224	0.00533	0.00463
13	0.00918	0.00459	0.00689	0.00689	0.00689	0.00459	0.00459	0.00689	0.00689	0.00918	0.00918	0.01607	0.00918	0.01837	0.02066	0.84619	0.00459	0.00459	0.00230	0.00230
14	0.01174	0.01711	0.26593	0.19700	0.26616	0.04091	0.06027	0.01585	0.01139	0.01589	0.00953	0.01257	0.00740	0.00515	0.00574	0.00168	0.04141	0.00449	0.00243	0.00737
15	0.00631	0.00512	0.00560	0.00599	0.00731	0.00441	0.00430	0.00752	0.01144	0.01403	0.04581	0.29196	0.54300	0.01440	0.00641	0.00190	0.00280	0.01239	0.00491	0.00441
16	0.04202	0.19894	0.33877	0.01182	0.01714	0.01326	0.04036	0.01689	0.10436	0.01709	0.08578	0.01521	0.02866	0.00584	0.00478	0.00153	0.00599	0.00463	0.00312	0.04382
17	0.01525	0.27220	0.03928	0.01451	0.01850	0.23223	0.21451	0.05004	0.01283	0.01482	0.00874	0.01080	0.00723	0.00518	0.00563	0.00149	0.06325	0.00415	0.00264	0.00674
18	0.00731	0.00497	0.00588	0.00625	0.00634	0.00487	0.00372	0.00759	0.00842	0.01123	0.02044	0.26969	0.02399	0.57261	0.02080	0.00422	0.00450	0.00991	0.00372	0.00353
19	0.20722	0.01242	0.01573	0.10870	0.01850	0.01389	0.10783	0.29140	0.04674	0.05620	0.01112	0.01256	0.00820	0.00588	0.00578	0.00170	0.06019	0.00458	0.00398	0.00738
20	0.01916	0.01762	0.01551	0.01482	0.11059	0.35307	0.02651	0.13437	0.04750	0.17336	0.01228	0.01272	0.00904	0.00573	0.00505	0.00149	0.00719	0.00432	0.00399	0.02566
21	0.00868	0.00722	0.01111	0.01523	0.25312	0.00700	0.00851	0.01049	0.01132	0.01563	0.11462	0.46343	0.02835	0.01210	0.00620	0.00190	0.00402	0.01109	0.00429	0.00567
22	0.00692	0.00538	0.00628	0.00606	0.00755	0.00475	0.00454	0.00888	0.01363	0.01803	0.44596	0.04471	0.38434	0.01199	0.00624	0.00172	0.00258	0.01029	0.00540	0.00475
23	0.01527	0.28114	0.29969	0.01166	0.01717	0.04842	0.01267	0.04594	0.02891	0.17483	0.01146	0.01187	0.00834	0.00529	0.00456	0.00147	0.00634	0.00390	0.00333	0.00770
24	0.01298	0.01172	0.01733	0.29917	0.02419	0.01391	0.10372	0.16323	0.10473	0.01871	0.01117	0.01401	0.00862	0.00641	0.00781	0.00184	0.16515	0.00504	0.00333	0.00692
25	0.00715	0.00509	0.00688	0.00805	0.00863	0.00490	0.00598	0.00851	0.01067	0.01410	0.02825	0.53992	0.03286	0.04937	0.00777	0.00236	0.00372	0.24652	0.00482	0.00443
26	0.00926	0.00845	0.01420	0.55031	0.02839	0.00992	0.05270	0.01225	0.01088	0.01421	0.06512	0.17166	0.01545	0.00782	0.00569	0.00183	0.00606	0.00713	0.00310	0.00557
27	0.02248	0.00989	0.01268	0.00984	0.01387	0.00923	0.00809	0.11618	0.07324	0.63558	0.01991	0.01748	0.01281	0.00657	0.00532	0.00164	0.00464	0.00530	0.00630	0.00895
28	0.01906	0.12201	0.01654	0.01306	0.01600	0.69863	0.01007	0.02046	0.01446	0.01288	0.00807	0.00940	0.00681	0.00533	0.00460	0.00133	0.00906	0.00333	0.00267	0.00621
29	0.02149	0.01092	0.01327	0.01031	0.01431	0.01081	0.00847	0.25966	0.06968	0.47740	0.03532	0.01691	0.01282	0.00662	0.00533	0.00163	0.00485	0.00528	0.00605	0.00886
30	0.01978	0.02436	0.01505	0.01350	0.01635	0.73045	0.01020	0.08090	0.01578	0.01458	0.00854	0.00979	0.00699	0.00552	0.00481	0.00138	0.00923	0.00351	0.00293	0.00636
31	0.01602	0.01778	0.01188	0.01088	0.01293	0.48696	0.00824	0.01772	0.01325	0.01507	0.01096	0.01291	0.00896	0.00595	0.00533	0.00139	0.06461	0.00398	0.26946	0.00572
32	0.00892	0.00796	0.01432	0.03006	0.01510	0.00764	0.22426	0.01139	0.01146	0.01522	0.02302	0.32542	0.02515	0.01220	0.00674	0.00212	0.00541	0.24407	0.00419	0.00533
33	0.00829	0.00766	0.08024	0.00843	0.04247	0.00602	0.00632	0.01016	0.01158	0.03176	0.32423	0.12795	0.03173	0.26551	0.01268	0.00282	0.00410	0.00881	0.00442	0.00483
34	0.00756	0.00565	0.00842	0.00842	0.00934	0.00657	0.00651	0.00939	0.00847	0.01222	0.01423	0.02116	0.01339	0.06152	0.77162	0.00840	0.01391	0.00572	0.00284	0.00468
35	0.02010	0.01481	0.01587	0.01216	0.01639	0.01639	0.01005	0.76360	0.02486	0.03332	0.01269	0.01269	0.00899	0.00635	0.00529	0.00159	0.00582	0.00476	0.00529	0.00899
36	0.25930	0.01050	0.01337	0.24449	0.01946	0.01320	0.01050	0.03032	0.00959	0.01685	0.00802	0.01143	0.00670	0.00650	0.00877	0.00187	0.27979	0.00406	0.00271	0.04257
37	0.01115	0.12308	0.64691	0.01478	0.02204	0.01340	0.06457	0.01664	0.01119	0.01623	0.00930	0.01103	0.00679	0.00493	0.00490	0.00161	0.00762	0.00392	0.00226	0.00764
38	0.01399	0.00624	0.00736	0.00645	0.00844	0.00585	0.00493	0.01602	0.01195	0.26132	0.01832	0.02098	0.01410	0.10503	0.00705	0.00184	0.00343	0.00539	0.47530	0.00601
39	0.00756	0.00563	0.00833	0.00833	0.00921	0.00652	0.00640	0.00933	0.00845	0.01215	0.01432	0.02163	0.01359	0.08786	0.74556	0.00829	0.01360	0.00579	0.00286	0.00463
40	0.01315	0.01136	0.01195	0.01076	0.01375	0.01315	0.00837	0.02809	0.77168	0.02211	0.02152	0.01972	0.01614	0.00717	0.00538	0.00179	0.00418	0.00598	0.00538	0.00837
41	0.02017	0.01469	0.01579	0.01211	0.01633	0.01622	0.01000	0.74831	0.02465	0.04890	0.01286	0.01280	0.00908	0.00635	0.00529	0.00159	0.00579	0.00477	0.00531	0.00899
42	0.01178	0.00937	0.01105	0.00793	0.01259	0.00709	0.00636	0.01411	0.01123	0.06621	0.01013	0.01141	0.00817	0.00408	0.00400	0.00084	0.00395	0.00327	0.00335	0.79309
43	0.01015	0.00948	0.01347	0.01198	0.01231	0.01280	0.00981	0.01156	0.00824	0.01256	0.00949	0.01482	0.00916	0.02000	0.29171	0.00450	0.52506	0.00499	0.00250	0.00541
44	0.85155	0.01022	0.00777	0.00695	0.01022	0.01186	0.00573	0.01554	0.00900	0.02372	0.00736	0.00859	0.00573	0.00491	0.00327	0.00164	0.00409	0.00286	0.00327	0.00573
