[name]
unknown

[dist]
# distance from previous block
# <min> <max>
0	39

[block]
# block no. 0 follows, 46 sequences, length 209
# corresponding to MSA columns:
# 40-64,70-253
name=unknown_A
#
# <colnr> <probs for GDERKNQSTAVLIFYWHMCP>
#	G	D	E	R	K	N	Q	S	T	A	V	L	I	F	Y	W	H	M	C	P
0	0.03272	0.01248	0.05922	0.01631	0.20720	0.01210	0.01120	0.27454	0.04537	0.10950	0.03215	0.03876	0.03098	0.00727	0.00552	0.00171	0.00549	0.08504	0.00449	0.00793
1	0.12965	0.01064	0.01498	0.04875	0.31645	0.01116	0.02680	0.03659	0.13906	0.05137	0.12939	0.01879	0.01622	0.00641	0.00521	0.00166	0.00502	0.02061	0.00392	0.00734
2	0.08463	0.01133	0.03322	0.18334	0.08506	0.01156	0.08392	0.12959	0.06957	0.16763	0.04387	0.01534	0.01101	0.00582	0.00520	0.00164	0.00574	0.00503	0.00412	0.04237
3	0.00941	0.00743	0.00978	0.00925	0.01067	0.00871	0.00726	0.04513	0.14874	0.01544	0.03754	0.02019	0.01427	0.02875	0.52527	0.00622	0.05981	0.00572	0.02477	0.00565
4	0.01148	0.01158	0.03783	0.41849	0.21106	0.02603	0.08584	0.01608	0.08371	0.01562	0.01074	0.01420	0.00831	0.00532	0.00558	0.00172	0.02185	0.00493	0.00274	0.00688
5	0.00997	0.00807	0.01190	0.21742	0.12141	0.00830	0.00964	0.01130	0.01130	0.01523	0.02151	0.44251	0.02369	0.01283	0.00740	0.04141	0.00515	0.01070	0.00427	0.00597
6	0.00902	0.01622	0.39131	0.01080	0.01528	0.00858	0.01216	0.01331	0.01309	0.01900	0.39952	0.02553	0.02860	0.00796	0.00564	0.00167	0.00512	0.00677	0.00405	0.00638
7	0.01802	0.00930	0.01173	0.00887	0.01313	0.00783	0.00721	0.02100	0.06160	0.43365	0.01638	0.01533	0.01121	0.00555	0.00477	0.00131	0.00425	0.00450	0.00512	0.33924
8	0.01096	0.00940	0.01096	0.00783	0.01253	0.00705	0.00626	0.01331	0.01096	0.01723	0.00940	0.01096	0.00783	0.00392	0.00392	0.00078	0.00392	0.00313	0.00313	0.84653
9	0.01274	0.50541	0.32747	0.01142	0.01725	0.01751	0.01319	0.01619	0.01091	0.01414	0.00819	0.00954	0.00675	0.00472	0.00404	0.00135	0.00651	0.00325	0.00225	0.00719
10	0.85155	0.01022	0.00777	0.00695	0.01022	0.01186	0.00573	0.01554	0.00900	0.02372	0.00736	0.00859	0.00573	0.00491	0.00327	0.00164	0.00409	0.00286	0.00327	0.00573
11	0.85155	0.01022	0.00777	0.00695	0.01022	0.01186	0.00573	0.01554	0.00900	0.02372	0.00736	0.00859	0.00573	0.00491	0.00327	0.00164	0.00409	0.00286	0.00327	0.00573
12	0.00918	0.00459	0.00689	0.00689	0.00689	0.00459	0.00459	0.00689	0.00689	0.00918	0.00918	0.01607	0.00918	0.01837	0.02066	0.84619	0.00459	0.00459	0.00230	0.00230
13	0.85155	0.01022	0.00777	0.00695	0.01022	0.01186	0.00573	0.01554	0.00900	0.02372	0.00736	0.00859	0.00573	0.00491	0.00327	0.00164	0.00409	0.00286	0.00327	0.00573
14	0.00657	0.00517	0.00604	0.00640	0.00762	0.00464	0.00466	0.00795	0.01152	0.01463	0.11370	0.28119	0.41255	0.01581	0.05648	0.00233	0.00356	0.02983	0.00486	0.00449
15	0.00655	0.00470	0.00605	0.00708	0.00745	0.00439	0.00468	0.00741	0.01001	0.01323	0.02947	0.68665	0.08075	0.09424	0.00868	0.00241	0.00324	0.01407	0.00474	0.00420
16	0.00739	0.00540	0.00694	0.00655	0.00784	0.00495	0.00491	0.00980	0.01474	0.02068	0.72377	0.04035	0.10488	0.01100	0.00624	0.00167	0.00251	0.00968	0.00575	0.00495
17	0.34223	0.00702	0.00605	0.00573	0.00776	0.00766	0.00450	0.01359	0.01026	0.02129	0.01334	0.01532	0.01046	0.00566	0.00353	0.00139	0.00311	0.00411	0.51174	0.00524
18	0.00691	0.00559	0.00617	0.00608	0.00768	0.00498	0.00453	0.00914	0.04622	0.01649	0.25128	0.09468	0.49624	0.01260	0.00624	0.00177	0.00272	0.01073	0.00518	0.00477
19	0.85155	0.01022	0.00777	0.00695	0.01022	0.01186	0.00573	0.01554	0.00900	0.02372	0.00736	0.00859	0.00573	0.00491	0.00327	0.00164	0.00409	0.00286	0.00327	0.00573
20	0.00839	0.00599	0.00837	0.00958	0.01074	0.00597	0.00829	0.01072	0.01204	0.01567	0.02806	0.10740	0.03071	0.01473	0.00727	0.00242	0.00475	0.69918	0.00487	0.00483
21	0.02372	0.00900	0.01227	0.00941	0.01350	0.00777	0.00777	0.02576	0.01513	0.78489	0.02086	0.01799	0.01309	0.00654	0.00532	0.00164	0.00450	0.00532	0.00654	0.00900
22	0.00876	0.00588	0.00776	0.00852	0.00967	0.00570	0.00671	0.01107	0.04765	0.06608	0.02930	0.36021	0.07806	0.01444	0.00679	0.00219	0.00394	0.31721	0.00502	0.00505
23	0.01073	0.00864	0.01046	0.00874	0.01225	0.00732	0.00725	0.06025	0.01225	0.01778	0.01577	0.02720	0.01539	0.00761	0.00512	0.00138	0.00435	0.24922	0.00384	0.51443
24	0.00761	0.00509	0.00579	0.00587	0.00589	0.00507	0.00331	0.00767	0.00784	0.01046	0.01745	0.08396	0.02022	0.76348	0.02563	0.00494	0.00499	0.00815	0.00331	0.00327
25	0.00920	0.00723	0.00828	0.00779	0.00972	0.00736	0.00602	0.01503	0.23401	0.03312	0.33026	0.03727	0.20621	0.01051	0.00604	0.00178	0.00321	0.05563	0.00543	0.00591
26	0.01527	0.01106	0.01225	0.00988	0.01293	0.01189	0.00797	0.46615	0.02070	0.02844	0.26667	0.02202	0.02283	0.00781	0.00550	0.00159	0.00450	0.00636	0.05878	0.00741
27	0.27233	0.01040	0.01108	0.00921	0.01278	0.01103	0.00747	0.07664	0.20988	0.30165	0.01633	0.01520	0.01134	0.00619	0.00471	0.00167	0.00439	0.00470	0.00516	0.00784
28	0.00644	0.00460	0.00613	0.00736	0.00767	0.00429	0.00491	0.00736	0.01012	0.01350	0.02914	0.81076	0.03497	0.01656	0.00675	0.00215	0.00307	0.01503	0.00491	0.00429
29	0.36951	0.00951	0.01039	0.00838	0.01213	0.00948	0.00692	0.02149	0.01257	0.46695	0.01522	0.01406	0.01001	0.00586	0.00446	0.00164	0.00433	0.00429	0.00518	0.00763
30	0.02174	0.01124	0.01355	0.01049	0.01456	0.01122	0.00863	0.29204	0.06675	0.46530	0.01795	0.01619	0.01180	0.00651	0.00531	0.00163	0.00495	0.00516	0.00602	0.00895
31	0.00644	0.00460	0.00613	0.00736	0.00767	0.00429	0.00491	0.00736	0.01012	0.01350	0.02914	0.81076	0.03497	0.01656	0.00675	0.00215	0.00307	0.01503	0.00491	0.00429
32	0.01096	0.00940	0.01096	0.00783	0.01253	0.00705	0.00626	0.01331	0.01096	0.01723	0.00940	0.01096	0.00783	0.00392	0.00392	0.00078	0.00392	0.00313	0.00313	0.84653
33	0.02010	0.01481	0.01587	0.01216	0.01639	0.01639	0.01005	0.76360	0.02486	0.03332	0.01269	0.01269	0.00899	0.00635	0.00529	0.00159	0.00582	0.00476	0.00529	0.00899
34	0.00769	0.00513	0.00577	0.00577	0.00577	0.00513	0.00320	0.00769	0.00769	0.01025	0.01666	0.03460	0.01922	0.81421	0.02691	0.00513	0.00513	0.00769	0.00320	0.00320
35	0.83254	0.01020	0.00787	0.00701	0.01030	0.01177	0.00577	0.01577	0.00914	0.04120	0.00767	0.00880	0.00589	0.00494	0.00332	0.00164	0.00410	0.00292	0.00335	0.00580
36	0.00644	0.00460	0.00613	0.00736	0.00767	0.00429	0.00491	0.00736	0.01012	0.01350	0.02914	0.81076	0.03497	0.01656	0.00675	0.00215	0.00307	0.01503	0.00491	0.00429
37	0.00766	0.00566	0.00732	0.00763	0.00896	0.00532	0.00620	0.00992	0.01332	0.01780	0.34846	0.04954	0.17663	0.01278	0.00666	0.00199	0.00347	0.30053	0.00528	0.00484
38	0.00769	0.00513	0.00577	0.00577	0.00577	0.00513	0.00320	0.00769	0.00769	0.01025	0.01666	0.03460	0.01922	0.81421	0.02691	0.00513	0.00513	0.00769	0.00320	0.00320
39	0.82711	0.01036	0.00801	0.00711	0.01041	0.01199	0.00585	0.03753	0.00946	0.02400	0.00752	0.00871	0.00582	0.00495	0.00333	0.00163	0.00414	0.00292	0.00333	0.00582
40	0.01400	0.78680	0.05710	0.00928	0.01393	0.02058	0.00945	0.01587	0.01076	0.01260	0.00743	0.00858	0.00678	0.00454	0.00346	0.00115	0.00574	0.00287	0.00226	0.00682
41	0.00769	0.00513	0.00577	0.00577	0.00577	0.00513	0.00320	0.00769	0.00769	0.01025	0.01666	0.03460	0.01922	0.81421	0.02691	0.00513	0.00513	0.00769	0.00320	0.00320
42	0.00644	0.00460	0.00613	0.00736	0.00767	0.00429	0.00491	0.00736	0.01012	0.01350	0.02914	0.81076	0.03497	0.01656	0.00675	0.00215	0.00307	0.01503	0.00491	0.00429
43	0.01297	0.01197	0.01734	0.03998	0.42630	0.01294	0.01287	0.02069	0.31180	0.01889	0.01436	0.01566	0.01134	0.00591	0.00585	0.00170	0.04234	0.00521	0.00369	0.00820
44	0.05087	0.05272	0.20112	0.01253	0.01751	0.05594	0.01206	0.46473	0.01956	0.04561	0.01144	0.01194	0.00820	0.00585	0.00504	0.00158	0.00638	0.00434	0.00424	0.00833
45	0.00632	0.00506	0.00566	0.00615	0.00735	0.00440	0.00437	0.00750	0.01129	0.01397	0.04391	0.35095	0.48524	0.01464	0.00645	0.00193	0.00283	0.01269	0.00491	0.00440
46	0.85155	0.01022	0.00777	0.00695	0.01022	0.01186	0.00573	0.01554	0.00900	0.02372	0.00736	0.00859	0.00573	0.00491	0.00327	0.00164	0.00409	0.00286	0.00327	0.00573
47	0.01854	0.01624	0.31813	0.01164	0.01720	0.00955	0.01241	0.02220	0.01356	0.48156	0.01637	0.01530	0.01056	0.00594	0.00520	0.00165	0.00581	0.00476	0.00484	0.00853
48	0.06609	0.02622	0.73542	0.01453	0.02205	0.01225	0.01862	0.01666	0.01102	0.01720	0.00935	0.01099	0.00663	0.00501	0.00491	0.00167	0.00757	0.00384	0.00230	0.00768
49	0.01329	0.01143	0.01204	0.01079	0.01380	0.01322	0.00840	0.04342	0.75611	0.02235	0.02133	0.01958	0.01599	0.00716	0.00538	0.00179	0.00422	0.00595	0.00538	0.00838
50	0.09280	0.01441	0.01516	0.01171	0.01585	0.01600	0.00967	0.69819	0.02347	0.03248	0.01223	0.01233	0.00870	0.00622	0.00511	0.00159	0.00567	0.00459	0.00511	0.00870
51	0.02372	0.00900	0.01227	0.00941	0.01350	0.00777	0.00777	0.02576	0.01513	0.78489	0.02086	0.01799	0.01309	0.00654	0.00532	0.00164	0.00450	0.00532	0.00654	0.00900
52	0.00690	0.00553	0.00627	0.00652	0.00811	0.00490	0.00517	0.00861	0.01236	0.01532	0.11829	0.05183	0.53118	0.01342	0.00650	0.00193	0.00318	0.18437	0.00499	0.00461
53	0.08528	0.00909	0.01193	0.00922	0.01325	0.00807	0.00762	0.02500	0.01467	0.72829	0.01985	0.01729	0.01254	0.00642	0.00516	0.00164	0.00447	0.00513	0.00630	0.00875
54	0.00671	0.00499	0.00589	0.00638	0.00714	0.00457	0.00430	0.00769	0.01056	0.01363	0.08850	0.36605	0.25784	0.17838	0.01068	0.00261	0.00333	0.01196	0.00463	0.00417
55	0.00625	0.00536	0.00536	0.00536	0.00714	0.00446	0.00402	0.00759	0.01205	0.01428	0.05355	0.05088	0.77909	0.01339	0.00625	0.00179	0.00268	0.01116	0.00491	0.00446
56	0.01315	0.01136	0.01195	0.01076	0.01375	0.01315	0.00837	0.02809	0.77168	0.02211	0.02152	0.01972	0.01614	0.00717	0.00538	0.00179	0.00418	0.00598	0.00538	0.00837
57	0.02010	0.01481	0.01587	0.01216	0.01639	0.01639	0.01005	0.76360	0.02486	0.03332	0.01269	0.01269	0.00899	0.00635	0.00529	0.00159	0.00582	0.00476	0.00529	0.00899
58	0.01738	0.00781	0.00952	0.00785	0.01075	0.00740	0.00631	0.05486	0.06354	0.39787	0.01909	0.01854	0.01328	0.00642	0.00468	0.00148	0.00374	0.00518	0.33694	0.00735
59	0.00769	0.00513	0.00577	0.00577	0.00577	0.00513	0.00320	0.00769	0.00769	0.01025	0.01666	0.03460	0.01922	0.81421	0.02691	0.00513	0.00513	0.00769	0.00320	0.00320
60	0.00769	0.00513	0.00577	0.00577	0.00577	0.00513	0.00320	0.00769	0.00769	0.01025	0.01666	0.03460	0.01922	0.81421	0.02691	0.00513	0.00513	0.00769	0.00320	0.00320
61	0.01626	0.01117	0.01185	0.00951	0.01261	0.01217	0.00769	0.48620	0.01969	0.02805	0.01436	0.01567	0.01082	0.02707	0.00530	0.00156	0.00465	0.00489	0.29305	0.00745
62	0.02267	0.01067	0.01331	0.01020	0.01433	0.01026	0.00843	0.23877	0.01794	0.56792	0.01850	0.01646	0.01190	0.00649	0.00531	0.00162	0.00488	0.00516	0.00618	0.00899
63	0.00749	0.00524	0.00680	0.00766	0.00818	0.00513	0.00558	0.00863	0.01007	0.01329	0.02505	0.33424	0.02880	0.25330	0.01293	0.00313	0.00427	0.25168	0.00439	0.00416
64	0.02010	0.01481	0.01587	0.01216	0.01639	0.01639	0.01005	0.76360	0.02486	0.03332	0.01269	0.01269	0.00899	0.00635	0.00529	0.00159	0.00582	0.00476	0.00529	0.00899
65	0.00760	0.00514	0.00574	0.00574	0.00585	0.00508	0.00326	0.00768	0.00797	0.01051	0.01900	0.03563	0.06755	0.76328	0.02559	0.00491	0.00497	0.00791	0.00331	0.00328
66	0.02333	0.00892	0.01217	0.00941	0.01343	0.00773	0.00779	0.02539	0.01506	0.76540	0.02104	0.01905	0.01353	0.00675	0.00537	0.00166	0.00451	0.02409	0.00650	0.00889
67	0.85155	0.01022	0.00777	0.00695	0.01022	0.01186	0.00573	0.01554	0.00900	0.02372	0.00736	0.00859	0.00573	0.00491	0.00327	0.00164	0.00409	0.00286	0.00327	0.00573
68	0.00644	0.00460	0.00613	0.00736	0.00767	0.00429	0.00491	0.00736	0.01012	0.01350	0.02914	0.81076	0.03497	0.01656	0.00675	0.00215	0.00307	0.01503	0.00491	0.00429
69	0.00769	0.00513	0.00577	0.00577	0.00577	0.00513	0.00320	0.00769	0.00769	0.01025	0.01666	0.03460	0.01922	0.81421	0.02691	0.00513	0.00513	0.00769	0.00320	0.00320
70	0.01735	0.01344	0.01432	0.01161	0.01535	0.01511	0.00938	0.47316	0.31977	0.02889	0.01618	0.01547	0.01181	0.00667	0.00532	0.00167	0.00517	0.00524	0.00532	0.00874
71	0.52308	0.01614	0.01062	0.00958	0.01264	0.32032	0.00750	0.01774	0.01136	0.01946	0.00768	0.00896	0.00615	0.00512	0.00386	0.00153	0.00624	0.00308	0.00306	0.00588
72	0.01704	0.01321	0.01410	0.01150	0.01515	0.01484	0.00927	0.45589	0.31943	0.02844	0.01655	0.03370	0.01241	0.00691	0.00536	0.00168	0.00511	0.00547	0.00532	0.00864
73	0.00644	0.00460	0.00613	0.00736	0.00767	0.00429	0.00491	0.00736	0.01012	0.01350	0.02914	0.81076	0.03497	0.01656	0.00675	0.00215	0.00307	0.01503	0.00491	0.00429
74	0.00796	0.00544	0.00668	0.00708	0.00748	0.00544	0.00496	0.00877	0.00917	0.01210	0.02041	0.04289	0.02293	0.54931	0.02041	0.00423	0.00504	0.25217	0.00375	0.00375
75	0.01371	0.01495	0.02122	0.12930	0.32351	0.17365	0.19048	0.01680	0.01255	0.01571	0.01088	0.01380	0.02891	0.00512	0.00541	0.00161	0.00758	0.00498	0.00268	0.00717
76	0.01133	0.01065	0.01806	0.43875	0.36425	0.01189	0.01507	0.01451	0.01111	0.01504	0.00963	0.01371	0.00770	0.00542	0.00571	0.02650	0.00664	0.00470	0.00247	0.00687
77	0.00937	0.00713	0.00824	0.00787	0.00898	0.00787	0.00551	0.01428	0.24200	0.01427	0.01747	0.02682	0.01683	0.39220	0.17473	0.02425	0.00665	0.00668	0.00377	0.00507
78	0.48456	0.01203	0.01109	0.00916	0.01278	0.01365	0.00752	0.29855	0.06349	0.02724	0.01027	0.01084	0.00762	0.00559	0.00417	0.00163	0.00475	0.00378	0.00417	0.00713
79	0.00836	0.00530	0.00658	0.00712	0.00819	0.00516	0.00559	0.01050	0.01185	0.01746	0.14006	0.18559	0.04600	0.01157	0.00581	0.00185	0.00332	0.23205	0.28287	0.00479
80	0.00998	0.00940	0.01586	0.80150	0.03641	0.01175	0.01468	0.01351	0.01057	0.01351	0.00940	0.01409	0.00705	0.00529	0.00529	0.00176	0.00705	0.00470	0.00235	0.00587
81	0.01492	0.01153	0.01580	0.02994	0.06516	0.03266	0.13174	0.02266	0.31754	0.16810	0.01670	0.01655	0.01221	0.00594	0.00529	0.00160	0.00532	0.00535	0.00456	0.11642
82	0.00725	0.00539	0.00674	0.00641	0.00775	0.00489	0.00480	0.00952	0.01441	0.01989	0.64110	0.04165	0.18804	0.01130	0.00624	0.00169	0.00253	0.00986	0.00565	0.00489
83	0.79890	0.01015	0.00806	0.00711	0.01043	0.01160	0.00586	0.01619	0.00939	0.07213	0.00822	0.00919	0.00619	0.00501	0.00340	0.00164	0.00412	0.00302	0.00348	0.00593
84	0.00667	0.00477	0.00634	0.00721	0.00772	0.00444	0.00492	0.00793	0.01117	0.01516	0.19135	0.64379	0.03819	0.01532	0.00664	0.00204	0.00294	0.01385	0.00510	0.00444
85	0.01037	0.00708	0.00830	0.00785	0.00969	0.00701	0.00590	0.04526	0.15220	0.10053	0.14121	0.20600	0.19455	0.03364	0.00702	0.02366	0.00350	0.02521	0.00521	0.00582
86	0.85155	0.01022	0.00777	0.00695	0.01022	0.01186	0.00573	0.01554	0.00900	0.02372	0.00736	0.00859	0.00573	0.00491	0.00327	0.00164	0.00409	0.00286	0.00327	0.00573
87	0.52465	0.00974	0.00955	0.00792	0.01152	0.01024	0.00653	0.01958	0.01142	0.32430	0.01269	0.01230	0.00863	0.00555	0.00408	0.00164	0.00425	0.00383	0.00456	0.00702
88	0.06632	0.00646	0.00714	0.00663	0.00841	0.00618	0.00493	0.01210	0.07194	0.08635	0.21972	0.03668	0.28858	0.12582	0.00880	0.00220	0.00336	0.00862	0.02454	0.00523
89	0.01099	0.00799	0.00935	0.00892	0.01051	0.00832	0.00657	0.25790	0.01495	0.01999	0.02340	0.52840	0.02600	0.03164	0.00673	0.00203	0.00403	0.01146	0.00499	0.00582
90	0.00756	0.00565	0.00843	0.00843	0.00936	0.00657	0.00653	0.00940	0.00848	0.01223	0.01422	0.02108	0.01335	0.05732	0.77577	0.00842	0.01395	0.00571	0.00284	0.00469
91	0.00740	0.00536	0.00597	0.00589	0.00658	0.00511	0.00377	0.00841	0.02628	0.01304	0.12987	0.03916	0.22009	0.48023	0.01828	0.00372	0.00411	0.00880	0.00405	0.00388
92	0.03080	0.00625	0.00734	0.00713	0.00869	0.00592	0.00524	0.04549	0.04239	0.08323	0.18003	0.25949	0.23096	0.05361	0.00722	0.00201	0.00328	0.01056	0.00513	0.00524
93	0.85155	0.01022	0.00777	0.00695	0.01022	0.01186	0.00573	0.01554	0.00900	0.02372	0.00736	0.00859	0.00573	0.00491	0.00327	0.00164	0.00409	0.00286	0.00327	0.00573
94	0.01660	0.01264	0.01344	0.01100	0.01450	0.01416	0.00886	0.42348	0.30078	0.02794	0.01637	0.01593	0.01205	0.00664	0.00518	0.00163	0.00491	0.00523	0.08027	0.00840
95	0.30112	0.00703	0.00717	0.00736	0.00898	0.00744	0.00561	0.01132	0.00997	0.03519	0.02073	0.23849	0.05964	0.12021	0.00832	0.00239	0.00403	0.13601	0.00414	0.00486
96	0.00794	0.00549	0.00751	0.00861	0.00947	0.00534	0.00683	0.00966	0.01124	0.03126	0.02801	0.37609	0.03167	0.03717	0.00756	0.00237	0.00410	0.40011	0.00488	0.00467
97	0.01238	0.01273	0.02329	0.01747	0.02178	0.01276	0.46420	0.02019	0.26415	0.01892	0.06311	0.01767	0.01337	0.00576	0.00595	0.00178	0.00694	0.00636	0.00377	0.00740
98	0.00654	0.00523	0.00588	0.00605	0.00741	0.00461	0.00441	0.00796	0.01187	0.01495	0.14879	0.18910	0.49148	0.03103	0.03853	0.00217	0.00324	0.01136	0.00492	0.00449
99	0.00769	0.00513	0.00577	0.00577	0.00577	0.00513	0.00320	0.00769	0.00769	0.01025	0.01666	0.03460	0.01922	0.81421	0.02691	0.00513	0.00513	0.00769	0.00320	0.00320
100	0.01309	0.00665	0.00883	0.00757	0.00982	0.00594	0.00593	0.01540	0.01494	0.28647	0.49524	0.03233	0.05708	0.00940	0.00592	0.00166	0.00320	0.00813	0.00605	0.00637
101	0.01219	0.01135	0.01416	0.39917	0.02510	0.06172	0.01163	0.03914	0.33139	0.01759	0.01450	0.01614	0.01091	0.00612	0.00529	0.00175	0.00597	0.00516	0.00372	0.00702
102	0.01904	0.01429	0.01527	0.01195	0.01599	0.01590	0.00979	0.65226	0.13792	0.03162	0.01403	0.01376	0.01007	0.00647	0.00530	0.00162	0.00557	0.00494	0.00530	0.00890
103	0.01279	0.01098	0.01164	0.01050	0.01337	0.01263	0.00815	0.02694	0.72355	0.02206	0.06966	0.02098	0.01828	0.00740	0.00543	0.00178	0.00408	0.00620	0.00541	0.00815
104	0.01206	0.01212	0.00987	0.00980	0.01123	0.26648	0.00730	0.01371	0.05998	0.01346	0.01912	0.20042	0.05411	0.02629	0.00875	0.14324	0.00582	0.11759	0.00374	0.00490
105	0.05629	0.11512	0.35020	0.01485	0.01992	0.01429	0.14603	0.01603	0.02675	0.01594	0.00907	0.01151	0.00714	0.00576	0.00744	0.00176	0.16806	0.00432	0.00245	0.00706
106	0.00644	0.00460	0.00613	0.00736	0.00767	0.00429	0.00491	0.00736	0.01012	0.01350	0.02914	0.81076	0.03497	0.01656	0.00675	0.00215	0.00307	0.01503	0.00491	0.00429
107	0.00733	0.00556	0.00688	0.00769	0.00853	0.00544	0.00546	0.00998	0.09574	0.01473	0.03101	0.57844	0.11810	0.01500	0.00658	0.00209	0.00328	0.06841	0.00496	0.00481
108	0.00680	0.00516	0.00593	0.00618	0.00718	0.00466	0.00430	0.00797	0.01117	0.01434	0.14564	0.22360	0.33444	0.17170	0.01046	0.00252	0.00327	0.02573	0.00470	0.00426
109	0.02229	0.01129	0.01369	0.01049	0.01464	0.01118	0.00867	0.31713	0.01897	0.48810	0.01763	0.01590	0.01147	0.00647	0.00531	0.00162	0.00502	0.00510	0.00605	0.00899
110	0.00769	0.00513	0.00577	0.00577	0.00577	0.00513	0.00320	0.00769	0.00769	0.01025	0.01666	0.03460	0.01922	0.81421	0.02691	0.00513	0.00513	0.00769	0.00320	0.00320
111	0.02103	0.01330	0.01493	0.01145	0.01564	0.01416	0.00946	0.57254	0.02234	0.22794	0.01481	0.01407	0.01005	0.00640	0.00530	0.00160	0.00548	0.00490	0.00561	0.00899
112	0.00692	0.00506	0.00650	0.00682	0.00773	0.00464	0.00486	0.00864	0.01263	0.01727	0.39064	0.36592	0.11579	0.01349	0.00645	0.00188	0.00275	0.01203	0.00534	0.00464
113	0.00707	0.00522	0.00599	0.00600	0.00689	0.00481	0.00405	0.00819	0.01105	0.01449	0.21605	0.11189	0.26497	0.29471	0.01356	0.00296	0.00353	0.00990	0.00453	0.00413
114	0.01248	0.01426	0.03119	0.02228	0.02763	0.01337	0.76203	0.01693	0.01248	0.01693	0.01070	0.01426	0.00802	0.00446	0.00624	0.00178	0.00891	0.00624	0.00267	0.00713
115	0.85155	0.01022	0.00777	0.00695	0.01022	0.01186	0.00573	0.01554	0.00900	0.02372	0.00736	0.00859	0.00573	0.00491	0.00327	0.00164	0.00409	0.00286	0.00327	0.00573
116	0.01407	0.00778	0.00935	0.00821	0.01061	0.00753	0.00627	0.05201	0.13071	0.27145	0.04573	0.14277	0.13545	0.09911	0.00806	0.00213	0.00398	0.00809	0.03003	0.00664
117	0.67260	0.00996	0.00874	0.00748	0.01093	0.01098	0.00617	0.01775	0.01032	0.18826	0.01028	0.01062	0.00732	0.00526	0.00371	0.00164	0.00418	0.00339	0.00398	0.00643
118	0.00769	0.00513	0.00577	0.00577	0.00577	0.00513	0.00320	0.00769	0.00769	0.01025	0.01666	0.03460	0.01922	0.81421	0.02691	0.00513	0.00513	0.00769	0.00320	0.00320
119	0.85155	0.01022	0.00777	0.00695	0.01022	0.01186	0.00573	0.01554	0.00900	0.02372	0.00736	0.00859	0.00573	0.00491	0.00327	0.00164	0.00409	0.00286	0.00327	0.00573
120	0.00644	0.00460	0.00613	0.00736	0.00767	0.00429	0.00491	0.00736	0.01012	0.01350	0.02914	0.81076	0.03497	0.01656	0.00675	0.00215	0.00307	0.01503	0.00491	0.00429
121	0.00760	0.00579	0.00724	0.00796	0.00941	0.00543	0.00669	0.00959	0.01212	0.01520	0.03835	0.05609	0.33373	0.01411	0.00687	0.00217	0.00398	0.44808	0.00488	0.00470
122	0.00694	0.00538	0.00631	0.00608	0.00756	0.00476	0.00456	0.00892	0.01368	0.01815	0.45854	0.04452	0.37169	0.01195	0.00624	0.00172	0.00258	0.01027	0.00542	0.00476
123	0.01096	0.00940	0.01096	0.00783	0.01253	0.00705	0.00626	0.01331	0.01096	0.01723	0.00940	0.01096	0.00783	0.00392	0.00392	0.00078	0.00392	0.00313	0.00313	0.84653
124	0.01171	0.00960	0.01058	0.00949	0.01198	0.01065	0.00735	0.06887	0.47349	0.02252	0.27172	0.02582	0.02686	0.00832	0.00566	0.00174	0.00373	0.00709	0.00552	0.00729
125	0.01791	0.01211	0.01305	0.01028	0.01379	0.01314	0.00840	0.53935	0.02099	0.07790	0.01429	0.01469	0.01033	0.00631	0.00491	0.00151	0.00494	0.00483	0.20323	0.00803
126	0.00755	0.00566	0.00850	0.00850	0.00944	0.00661	0.00661	0.00944	0.00850	0.01227	0.01416	0.02077	0.01322	0.03965	0.79326	0.00850	0.01416	0.00566	0.00283	0.00472
127	0.01315	0.01136	0.01195	0.01076	0.01375	0.01315	0.00837	0.02809	0.77168	0.02211	0.02152	0.01972	0.01614	0.00717	0.00538	0.00179	0.00418	0.00598	0.00538	0.00837
128	0.01393	0.01174	0.01239	0.01092	0.01404	0.01351	0.00856	0.11042	0.68809	0.02337	0.02053	0.01894	0.01534	0.00708	0.00537	0.00177	0.00437	0.00584	0.00537	0.00844
129	0.00769	0.00513	0.00577	0.00577	0.00577	0.00513	0.00320	0.00769	0.00769	0.01025	0.01666	0.03460	0.01922	0.81421	0.02691	0.00513	0.00513	0.00769	0.00320	0.00320
130	0.01975	0.02520	0.01498	0.01362	0.01634	0.79299	0.01021	0.02111	0.01498	0.01294	0.00817	0.00953	0.00681	0.00545	0.00477	0.00136	0.00953	0.00340	0.00272	0.00613
131	0.01815	0.03393	0.01410	0.01178	0.01420	0.28119	0.00936	0.01967	0.01300	0.26865	0.01340	0.06375	0.01071	0.00739	0.00801	0.00172	0.19501	0.00505	0.00402	0.00690
132	0.00755	0.00566	0.00850	0.00850	0.00944	0.00661	0.00661	0.00944	0.00850	0.01227	0.01416	0.02077	0.01322	0.03965	0.79326	0.00850	0.01416	0.00566	0.00283	0.00472
133	0.00769	0.00513	0.00577	0.00577	0.00577	0.00513	0.00320	0.00769	0.00769	0.01025	0.01666	0.03460	0.01922	0.81421	0.02691	0.00513	0.00513	0.00769	0.00320	0.00320
134	0.00768	0.00680	0.05666	0.00719	0.00885	0.00545	0.00591	0.01041	0.01472	0.02092	0.72954	0.03769	0.04714	0.01044	0.00616	0.00166	0.00283	0.00920	0.00559	0.00517
135	0.01208	0.01846	0.32310	0.02513	0.44697	0.01249	0.05300	0.01646	0.01171	0.01705	0.00980	0.01238	0.00770	0.00482	0.00520	0.00162	0.00701	0.00447	0.00247	0.00809
136	0.01542	0.01711	0.01881	0.05936	0.46454	0.30215	0.01393	0.01792	0.01307	0.01550	0.00926	0.01181	0.00773	0.00501	0.00506	0.00150	0.00752	0.00423	0.00264	0.00743
137	0.00998	0.00940	0.01586	0.80150	0.03641	0.01175	0.01468	0.01351	0.01057	0.01351	0.00940	0.01409	0.00705	0.00529	0.00529	0.00176	0.00705	0.00470	0.00235	0.00587
138	0.00742	0.00540	0.00699	0.00659	0.00786	0.00496	0.00494	0.00986	0.01483	0.02087	0.74440	0.04002	0.08413	0.01093	0.00624	0.00167	0.00250	0.00964	0.00578	0.00496
139	0.00803	0.00573	0.00776	0.00836	0.00947	0.00558	0.00685	0.01026	0.01272	0.01715	0.27594	0.08441	0.03636	0.06429	0.00817	0.00234	0.00402	0.42271	0.00508	0.00478
140	0.00892	0.00518	0.00753	0.00801	0.00849	0.00518	0.00614	0.00849	0.00897	0.01180	0.01661	0.03327	0.01757	0.01688	0.01539	0.51300	0.00470	0.29723	0.00331	0.00331
141	0.00852	0.00608	0.00852	0.00974	0.01095	0.00608	0.00852	0.01095	0.01217	0.01582	0.02799	0.05963	0.03042	0.01460	0.00730	0.00243	0.00487	0.74565	0.00487	0.00487
142	0.02010	0.01481	0.01587	0.01216	0.01639	0.01639	0.01005	0.76360	0.02486	0.03332	0.01269	0.01269	0.00899	0.00635	0.00529	0.00159	0.00582	0.00476	0.00529	0.00899
143	0.00753	0.00523	0.00617	0.00603	0.00656	0.00504	0.00385	0.00844	0.01038	0.01413	0.27138	0.03725	0.07770	0.49712	0.01875	0.00377	0.00410	0.00853	0.00418	0.00387
144	0.02326	0.00973	0.01272	0.00975	0.01386	0.00885	0.00806	0.11835	0.01635	0.69058	0.01983	0.01733	0.01257	0.00652	0.00531	0.00163	0.00466	0.00525	0.00639	0.00900
145	0.01248	0.01426	0.03119	0.02228	0.02763	0.01337	0.76203	0.01693	0.01248	0.01693	0.01070	0.01426	0.00802	0.00446	0.00624	0.00178	0.00891	0.00624	0.00267	0.00713
146	0.01492	0.01224	0.01295	0.01112	0.01442	0.01398	0.00880	0.21570	0.58119	0.02497	0.01927	0.01793	0.01431	0.00696	0.00536	0.00174	0.00460	0.00567	0.00536	0.00853
147	0.00644	0.00460	0.00613	0.00736	0.00767	0.00429	0.00491	0.00736	0.01012	0.01350	0.02914	0.81076	0.03497	0.01656	0.00675	0.00215	0.00307	0.01503	0.00491	0.00429
148	0.00625	0.00536	0.00536	0.00536	0.00714	0.00446	0.00402	0.00759	0.01205	0.01428	0.05355	0.05088	0.77909	0.01339	0.00625	0.00179	0.00268	0.01116	0.00491	0.00446
149	0.85155	0.01022	0.00777	0.00695	0.01022	0.01186	0.00573	0.01554	0.00900	0.02372	0.00736	0.00859	0.00573	0.00491	0.00327	0.00164	0.00409	0.00286	0.00327	0.00573
150	0.00660	0.00471	0.00624	0.00724	0.00766	0.00440	0.00488	0.00770	0.01069	0.01440	0.12360	0.69789	0.03654	0.03165	0.00708	0.00214	0.00304	0.01419	0.00499	0.00436
151	0.85155	0.01022	0.00777	0.00695	0.01022	0.01186	0.00573	0.01554	0.00900	0.02372	0.00736	0.00859	0.00573	0.00491	0.00327	0.00164	0.00409	0.00286	0.00327	0.00573
152	0.01695	0.01268	0.01368	0.01127	0.01488	0.01416	0.00905	0.34782	0.39077	0.08355	0.01763	0.01654	0.01280	0.00677	0.00534	0.00169	0.00492	0.00540	0.00543	0.00869
153	0.00852	0.00608	0.00852	0.00974	0.01095	0.00608	0.00852	0.01095	0.01217	0.01582	0.02799	0.05963	0.03042	0.01460	0.00730	0.00243	0.00487	0.74565	0.00487	0.00487
154	0.00713	0.00504	0.00597	0.00629	0.00672	0.00483	0.00399	0.00778	0.00947	0.01249	0.07600	0.25467	0.12788	0.40952	0.03608	0.00369	0.00427	0.01029	0.00408	0.00384
155	0.00755	0.00566	0.00850	0.00850	0.00944	0.00661	0.00661	0.00944	0.00850	0.01227	0.01416	0.02077	0.01322	0.03965	0.79326	0.00850	0.01416	0.00566	0.00283	0.00472
156	0.01096	0.00940	0.01096	0.00783	0.01253	0.00705	0.00626	0.01331	0.01096	0.01723	0.00940	0.01096	0.00783	0.00392	0.00392	0.00078	0.00392	0.00313	0.00313	0.84653
157	0.00654	0.00537	0.00576	0.00566	0.00732	0.00459	0.00424	0.00815	0.01273	0.01590	0.22318	0.04821	0.60845	0.01278	0.00625	0.00176	0.00263	0.01078	0.00512	0.00459
158	0.08975	0.00557	0.00641	0.00651	0.00729	0.00554	0.00439	0.00911	0.01056	0.01567	0.23687	0.22381	0.03044	0.29477	0.01331	0.00299	0.00372	0.00951	0.01953	0.00426
159	0.00758	0.00578	0.00721	0.00792	0.00937	0.00541	0.00665	0.00956	0.01212	0.01518	0.03859	0.05600	0.34093	0.01410	0.00686	0.00216	0.00396	0.44102	0.00489	0.00470
160	0.01248	0.01426	0.03119	0.02228	0.02763	0.01337	0.76203	0.01693	0.01248	0.01693	0.01070	0.01426	0.00802	0.00446	0.00624	0.00178	0.00891	0.00624	0.00267	0.00713
161	0.01159	0.01060	0.01781	0.22774	0.46372	0.01121	0.01433	0.01441	0.01134	0.01564	0.01152	0.01809	0.01024	0.00670	0.00643	0.05542	0.00623	0.07722	0.00275	0.00700
162	0.01062	0.00777	0.00902	0.00869	0.01021	0.00814	0.00635	0.20482	0.06889	0.01918	0.02325	0.47844	0.02537	0.06478	0.00751	0.00215	0.00398	0.01101	0.02406	0.00575
163	0.00801	0.00577	0.00791	0.00906	0.01014	0.00566	0.00761	0.01010	0.01178	0.01530	0.02950	0.20169	0.06914	0.01491	0.00714	0.00235	0.00442	0.56990	0.00488	0.00474
164	0.01273	0.26096	0.27541	0.01493	0.02056	0.01532	0.22024	0.03089	0.02674	0.03233	0.00963	0.01157	0.00747	0.00496	0.00532	0.00156	0.03517	0.00434	0.00258	0.00730
165	0.01486	0.00786	0.00955	0.00853	0.01037	0.05634	0.00642	0.01568	0.04630	0.28412	0.01623	0.07797	0.01371	0.03126	0.03006	0.32472	0.00498	0.03126	0.00428	0.00550
166	0.00759	0.00552	0.00778	0.00778	0.00847	0.00622	0.00571	0.00898	0.00828	0.01174	0.01482	0.02441	0.01480	0.24350	0.59157	0.00761	0.01178	0.00620	0.00293	0.00432
167	0.85155	0.01022	0.00777	0.00695	0.01022	0.01186	0.00573	0.01554	0.00900	0.02372	0.00736	0.00859	0.00573	0.00491	0.00327	0.00164	0.00409	0.00286	0.00327	0.00573
168	0.00769	0.00513	0.00577	0.00577	0.00577	0.00513	0.00320	0.00769	0.00769	0.01025	0.01666	0.03460	0.01922	0.81421	0.02691	0.00513	0.00513	0.00769	0.00320	0.00320
169	0.00998	0.00940	0.01586	0.80150	0.03641	0.01175	0.01468	0.01351	0.01057	0.01351	0.00940	0.01409	0.00705	0.00529	0.00529	0.00176	0.00705	0.00470	0.00235	0.00587
170	0.85155	0.01022	0.00777	0.00695	0.01022	0.01186	0.00573	0.01554	0.00900	0.02372	0.00736	0.00859	0.00573	0.00491	0.00327	0.00164	0.00409	0.00286	0.00327	0.00573
171	0.01009	0.00516	0.00518	0.00510	0.00640	0.00520	0.00384	0.02986	0.01141	0.02003	0.01714	0.01955	0.01344	0.00616	0.00373	0.00124	0.00254	0.00492	0.82399	0.00502
172	0.00726	0.00519	0.00708	0.00830	0.00897	0.00500	0.00633	0.00878	0.01093	0.01441	0.02868	0.51415	0.03317	0.01579	0.00697	0.00226	0.00378	0.30354	0.00489	0.00452
173	0.01459	0.00701	0.00931	0.00857	0.01073	0.00641	0.00654	0.03671	0.02838	0.35100	0.02486	0.39144	0.02411	0.01163	0.00608	0.00191	0.00387	0.04463	0.00564	0.00659
174	0.00715	0.00540	0.00660	0.00634	0.00774	0.00486	0.00478	0.00931	0.01408	0.01911	0.55616	0.04314	0.25835	0.01162	0.00626	0.00171	0.00259	0.02441	0.00554	0.00484
175	0.00657	0.00470	0.00629	0.00751	0.00788	0.00441	0.00514	0.00759	0.01025	0.01364	0.02906	0.76299	0.03468	0.01644	0.00678	0.00217	0.00318	0.06150	0.00490	0.00433
176	0.01999	0.00983	0.01216	0.00988	0.01358	0.00967	0.00798	0.02659	0.28226	0.51557	0.02109	0.01860	0.01416	0.00677	0.00534	0.00169	0.00439	0.00555	0.00613	0.00877
177	0.29456	0.00940	0.01080	0.00860	0.01242	0.00911	0.00710	0.02242	0.01312	0.53586	0.01644	0.01492	0.01068	0.00601	0.00465	0.00164	0.00436	0.00451	0.00547	0.00793
178	0.00664	0.00516	0.00603	0.00625	0.00749	0.00456	0.00452	0.00818	0.01232	0.01596	0.24504	0.25373	0.37811	0.01354	0.00638	0.00185	0.00273	0.01177	0.00516	0.00456
179	0.01975	0.02520	0.01498	0.01362	0.01634	0.79299	0.01021	0.02111	0.01498	0.01294	0.00817	0.00953	0.00681	0.00545	0.00477	0.00136	0.00953	0.00340	0.00272	0.00613
180	0.07355	0.01176	0.01339	0.01041	0.01427	0.01221	0.00850	0.39534	0.01917	0.31020	0.01563	0.01576	0.01094	0.05641	0.00651	0.00183	0.00518	0.00503	0.00550	0.00843
181	0.01212	0.01249	0.01611	0.01386	0.01405	0.06901	0.01147	0.01329	0.00856	0.01274	0.00702	0.01143	0.00693	0.00899	0.01649	0.00225	0.75048	0.00454	0.00234	0.00581
182	0.02022	0.00978	0.01216	0.00985	0.01358	0.00955	0.00797	0.02653	0.26577	0.53219	0.02108	0.01857	0.01410	0.00675	0.00534	0.00169	0.00439	0.00554	0.00616	0.00879
183	0.00674	0.00512	0.00620	0.00647	0.00758	0.00459	0.00465	0.00834	0.01242	0.01640	0.29517	0.29870	0.28137	0.01355	0.00641	0.00186	0.00274	0.01189	0.00522	0.00459
184	0.00687	0.00489	0.00638	0.00700	0.00757	0.00458	0.00478	0.00818	0.01136	0.01552	0.25360	0.50839	0.03803	0.08694	0.00842	0.00227	0.00308	0.01272	0.00503	0.00440
185	0.57730	0.00982	0.00926	0.00776	0.01131	0.01050	0.00640	0.01893	0.01103	0.27589	0.01183	0.01170	0.00816	0.00545	0.00395	0.00164	0.00422	0.00368	0.00436	0.00681
186	0.00852	0.00608	0.00852	0.00974	0.01095	0.00608	0.00852	0.01095	0.01217	0.01582	0.02799	0.05963	0.03042	0.01460	0.00730	0.00243	0.00487	0.74565	0.00487	0.00487
187	0.00649	0.00464	0.00619	0.00742	0.00775	0.00434	0.00500	0.00745	0.01017	0.01355	0.02911	0.79215	0.03485	0.01651	0.00676	0.00215	0.00311	0.03313	0.00491	0.00431
188	0.00710	0.00511	0.00672	0.00691	0.00781	0.00473	0.00496	0.00901	0.01318	0.01836	0.50189	0.32415	0.04438	0.01293	0.00642	0.00184	0.00271	0.01158	0.00548	0.00473
189	0.00852	0.00608	0.00852	0.00974	0.01095	0.00608	0.00852	0.01095	0.01217	0.01582	0.02799	0.05963	0.03042	0.01460	0.00730	0.00243	0.00487	0.74565	0.00487	0.00487
190	0.01180	0.01226	0.02006	0.01604	0.01742	0.01547	0.20482	0.01381	0.00922	0.01381	0.00791	0.01226	0.00722	0.00802	0.01449	0.00218	0.59965	0.00504	0.00241	0.00613
191	0.01096	0.00940	0.01096	0.00783	0.01253	0.00705	0.00626	0.01331	0.01096	0.01723	0.00940	0.01096	0.00783	0.00392	0.00392	0.00078	0.00392	0.00313	0.00313	0.84653
192	0.00748	0.00540	0.00707	0.00665	0.00790	0.00499	0.00499	0.00998	0.01496	0.02120	0.77844	0.03949	0.04988	0.01081	0.00624	0.00166	0.00249	0.00956	0.00582	0.00499
193	0.01083	0.02541	0.68212	0.03152	0.04143	0.01238	0.08976	0.01668	0.01130	0.01671	0.00961	0.01156	0.00687	0.00497	0.00515	0.00168	0.00787	0.00416	0.00229	0.00772
194	0.00918	0.00459	0.00689	0.00689	0.00689	0.00459	0.00459	0.00689	0.00689	0.00918	0.00918	0.01607	0.00918	0.01837	0.02066	0.84619	0.00459	0.00459	0.00230	0.00230
195	0.01157	0.01157	0.01619	0.01388	0.01388	0.01619	0.01157	0.01272	0.00810	0.01272	0.00694	0.01157	0.00694	0.00925	0.01735	0.00231	0.80453	0.00463	0.00231	0.00578
196	0.00843	0.00602	0.00841	0.00963	0.01081	0.00601	0.00836	0.01079	0.01208	0.01572	0.02804	0.09274	0.03062	0.01469	0.00728	0.00242	0.00479	0.71344	0.00487	0.00484
197	0.01033	0.00975	0.01648	0.71602	0.11920	0.01184	0.01485	0.01381	0.01073	0.01393	0.00946	0.01398	0.00719	0.00522	0.00528	0.00174	0.00696	0.00470	0.00238	0.00615
198	0.01072	0.01056	0.03810	0.52313	0.24445	0.01163	0.01476	0.01412	0.01110	0.01485	0.02984	0.03413	0.00921	0.00554	0.00532	0.00171	0.00664	0.00506	0.00257	0.00657
199	0.00757	0.00556	0.00712	0.00673	0.00803	0.00519	0.00504	0.01035	0.03699	0.02077	0.71005	0.05499	0.07977	0.01093	0.00622	0.00168	0.00256	0.00963	0.00575	0.00505
200	0.01149	0.01004	0.01282	0.02565	0.06269	0.00844	0.04323	0.03667	0.06350	0.01803	0.02674	0.01257	0.00935	0.00446	0.00433	0.00101	0.00441	0.00379	0.00334	0.63745
201	0.00767	0.03765	0.00715	0.00658	0.00791	0.00534	0.00486	0.00930	0.01227	0.03885	0.24524	0.27633	0.25178	0.01270	0.00612	0.00180	0.00291	0.01106	0.04968	0.00481
202	0.01334	0.14528	0.26495	0.01498	0.09615	0.05826	0.06929	0.05679	0.09454	0.04787	0.02673	0.01292	0.00932	0.00542	0.00518	0.00155	0.02478	0.00438	0.00312	0.04512
203	0.03048	0.14323	0.25481	0.01090	0.01608	0.02964	0.01136	0.06325	0.03497	0.14779	0.01367	0.01414	0.04418	0.00621	0.01943	0.00156	0.00589	0.00430	0.00356	0.14456
204	0.04914	0.18714	0.39640	0.01294	0.01877	0.04559	0.06051	0.01762	0.05490	0.06234	0.03986	0.01260	0.00934	0.00533	0.00476	0.00156	0.00673	0.00418	0.00291	0.00739
205	0.02916	0.07108	0.42918	0.02913	0.03533	0.01224	0.04834	0.08861	0.01298	0.10407	0.02722	0.01267	0.00871	0.00530	0.00496	0.00157	0.00667	0.00426	0.00319	0.06533
206	0.06624	0.01130	0.08899	0.04313	0.01650	0.00978	0.16480	0.07321	0.06100	0.04778	0.04868	0.12780	0.06789	0.00850	0.00576	0.00179	0.00550	0.08748	0.00402	0.05985
207	0.04290	0.01428	0.22718	0.01302	0.01751	0.00963	0.18067	0.01493	0.01176	0.07492	0.08828	0.05771	0.01531	0.05746	0.02420	0.00203	0.00634	0.04451	0.00348	0.09388
208	0.02730	0.01599	0.25715	0.01182	0.01559	0.09695	0.03350	0.05902	0.06172	0.03206	0.03317	0.18930	0.03495	0.00910	0.00602	0.00184	0.02786	0.07645	0.00375	0.00647

[dist]
# distance from previous block
# <min> <max>
15	63

[block]
# block no. 1 follows, 46 sequences, length 31
# corresponding to MSA columns:
# 333-363
name=unknown_B
#
# <colnr> <probs for GDERKNQSTAVLIFYWHMCP>
#	G	D	E	R	K	N	Q	S	T	A	V	L	I	F	Y	W	H	M	C	P
0	0.01160	0.04889	0.22258	0.31571	0.02460	0.03461	0.02568	0.04260	0.02889	0.06279	0.03199	0.04008	0.05258	0.00637	0.00559	0.00171	0.02871	0.00525	0.00307	0.00667
1	0.04462	0.01505	0.15353	0.01356	0.01671	0.10329	0.12846	0.01452	0.01112	0.01536	0.03498	0.04211	0.06063	0.00782	0.00865	0.00186	0.21664	0.06273	0.00302	0.04535
2	0.01298	0.07122	0.09750	0.01270	0.05731	0.11314	0.03783	0.05030	0.06505	0.06842	0.04359	0.04732	0.03320	0.00879	0.00659	0.00185	0.06466	0.19711	0.00392	0.00652
3	0.08137	0.00857	0.05813	0.04470	0.18476	0.00770	0.00895	0.01118	0.01091	0.01599	0.06727	0.40596	0.02437	0.01130	0.00593	0.00191	0.00436	0.03690	0.00404	0.00568
4	0.01102	0.01167	0.08191	0.19926	0.22314	0.06283	0.01223	0.01367	0.01120	0.03614	0.01501	0.22891	0.01507	0.00840	0.00619	0.00180	0.04456	0.00736	0.00324	0.00638
5	0.01056	0.05511	0.01323	0.18137	0.14802	0.10188	0.00972	0.01292	0.01241	0.01572	0.17793	0.07470	0.12887	0.00903	0.02458	0.00182	0.00547	0.00707	0.00370	0.00587
6	0.17496	0.00795	0.00947	0.06502	0.05856	0.00859	0.00712	0.01195	0.01070	0.06871	0.02658	0.12586	0.26232	0.03364	0.00750	0.00194	0.10181	0.00786	0.00401	0.00546
7	0.01958	0.01494	0.01543	0.01195	0.01605	0.05433	0.00980	0.68766	0.02364	0.03152	0.01247	0.01264	0.00895	0.00622	0.00519	0.00154	0.00587	0.00465	0.02332	0.03424
8	0.01594	0.01259	0.01586	0.33620	0.02461	0.01449	0.01195	0.45568	0.01899	0.02519	0.01134	0.01327	0.00819	0.00591	0.00529	0.00166	0.00632	0.00473	0.00408	0.00771
9	0.00998	0.00940	0.01586	0.80150	0.03641	0.01175	0.01468	0.01351	0.01057	0.01351	0.00940	0.01409	0.00705	0.00529	0.00529	0.00176	0.00705	0.00470	0.00235	0.00587
10	0.02153	0.00964	0.01217	0.00950	0.01331	0.00907	0.00779	0.13933	0.04613	0.57119	0.01930	0.01739	0.01261	0.00650	0.00517	0.00160	0.00451	0.00522	0.07940	0.00862
11	0.02010	0.01481	0.01587	0.01216	0.01639	0.01639	0.01005	0.76360	0.02486	0.03332	0.01269	0.01269	0.00899	0.00635	0.00529	0.00159	0.00582	0.00476	0.00529	0.00899
12	0.02010	0.01481	0.01587	0.01216	0.01639	0.01639	0.01005	0.76360	0.02486	0.03332	0.01269	0.01269	0.00899	0.00635	0.00529	0.00159	0.00582	0.00476	0.00529	0.00899
13	0.00625	0.00536	0.00536	0.00536	0.00714	0.00446	0.00402	0.00759	0.01205	0.01428	0.05355	0.05088	0.77909	0.01339	0.00625	0.00179	0.00268	0.01116	0.00491	0.00446
14	0.01433	0.01061	0.01192	0.00972	0.01348	0.01065	0.00771	0.06813	0.37739	0.12645	0.01699	0.01624	0.01261	0.00599	0.00490	0.00143	0.00424	0.00490	0.00481	0.27748
15	0.28692	0.01385	0.01322	0.01056	0.01441	0.05341	0.00867	0.48675	0.01928	0.02923	0.01076	0.01122	0.00783	0.00584	0.00462	0.00159	0.00545	0.00408	0.00451	0.00780
16	0.00644	0.00460	0.00613	0.00736	0.00767	0.00429	0.00491	0.00736	0.01012	0.01350	0.02914	0.81076	0.03497	0.01656	0.00675	0.00215	0.00307	0.01503	0.00491	0.00429
17	0.85155	0.01022	0.00777	0.00695	0.01022	0.01186	0.00573	0.01554	0.00900	0.02372	0.00736	0.00859	0.00573	0.00491	0.00327	0.00164	0.00409	0.00286	0.00327	0.00573
18	0.01975	0.02520	0.01498	0.01362	0.01634	0.79299	0.01021	0.02111	0.01498	0.01294	0.00817	0.00953	0.00681	0.00545	0.00477	0.00136	0.00953	0.00340	0.00272	0.00613
19	0.00918	0.00459	0.00689	0.00689	0.00689	0.00459	0.00459	0.00689	0.00689	0.00918	0.00918	0.01607	0.00918	0.01837	0.02066	0.84619	0.00459	0.00459	0.00230	0.00230
20	0.01920	0.01389	0.01501	0.01177	0.01579	0.01534	0.00964	0.59973	0.14471	0.07760	0.01462	0.01415	0.01039	0.00649	0.00530	0.00162	0.00547	0.00499	0.00538	0.00889
21	0.85155	0.01022	0.00777	0.00695	0.01022	0.01186	0.00573	0.01554	0.00900	0.02372	0.00736	0.00859	0.00573	0.00491	0.00327	0.00164	0.00409	0.00286	0.00327	0.00573
22	0.01204	0.00964	0.01136	0.00825	0.01277	0.00769	0.00663	0.04358	0.01167	0.06024	0.01010	0.01144	0.00814	0.00430	0.00440	0.00090	0.02484	0.00336	0.00338	0.74526
23	0.00720	0.00544	0.00668	0.00652	0.00792	0.00492	0.00498	0.00936	0.01389	0.01876	0.50793	0.04440	0.26084	0.01186	0.00632	0.00176	0.00274	0.06816	0.00548	0.00483
24	0.00740	0.00540	0.00695	0.00656	0.00785	0.00495	0.00492	0.00982	0.01477	0.02074	0.73035	0.04025	0.09826	0.01098	0.00624	0.00167	0.00251	0.00967	0.00576	0.00495
25	0.00741	0.00540	0.00696	0.00657	0.00785	0.00496	0.00493	0.00983	0.01479	0.02078	0.73399	0.04019	0.09459	0.01097	0.00624	0.00167	0.00251	0.00966	0.00576	0.00496
26	0.01819	0.01366	0.01521	0.08397	0.01767	0.01523	0.01014	0.62535	0.05559	0.03003	0.01359	0.05266	0.01041	0.00679	0.00536	0.00164	0.00572	0.00532	0.00501	0.00845
27	0.01413	0.81739	0.02770	0.00905	0.01357	0.02092	0.00905	0.01583	0.01074	0.01244	0.00735	0.00848	0.00678	0.00452	0.00339	0.00113	0.00565	0.00283	0.00226	0.00678
28	0.02217	0.01067	0.01320	0.01021	0.01428	0.01036	0.00841	0.22149	0.05995	0.54306	0.01873	0.01668	0.01217	0.00653	0.00531	0.00163	0.00483	0.00521	0.00615	0.00896
29	0.01787	0.01370	0.01461	0.01171	0.01554	0.01535	0.00951	0.52756	0.26454	0.02972	0.01552	0.01495	0.01128	0.00661	0.00532	0.00165	0.00529	0.00515	0.00532	0.00879
30	0.01083	0.01626	0.30753	0.01060	0.01649	0.00905	0.01134	0.01462	0.01104	0.01704	0.00943	0.01104	0.00740	0.00434	0.00434	0.00112	0.00541	0.00343	0.00279	0.52593

[dist]
# distance from previous block
# <min> <max>
1	41

[block]
# block no. 2 follows, 46 sequences, length 57
# corresponding to MSA columns:
# 405-461
name=unknown_C
#
# <colnr> <probs for GDERKNQSTAVLIFYWHMCP>
