[name]
unknown

[dist]
# distance from previous block
# <min> <max>
23	180

[block]
# block no. 0 follows, 50 sequences, length 51
# corresponding to MSA columns:
# 282-332
name=unknown_A
#
# <colnr> <probs for GDERKNQSTAVLIFYWHMCP>
#	G	D	E	R	K	N	Q	S	T	A	V	L	I	F	Y	W	H	M	C	P
0	0.05547	0.07361	0.24440	0.01258	0.09434	0.05985	0.01126	0.07038	0.02265	0.08064	0.02634	0.01544	0.01015	0.05696	0.07175	0.00222	0.00651	0.03436	0.00311	0.04799
1	0.03801	0.10708	0.44072	0.04394	0.10661	0.03022	0.01427	0.01475	0.01068	0.01540	0.02759	0.01313	0.05213	0.00516	0.00456	0.00146	0.00626	0.00410	0.00247	0.06146
2	0.02335	0.08229	0.46632	0.01132	0.01651	0.04896	0.01316	0.01428	0.01142	0.03430	0.14856	0.01810	0.07819	0.00635	0.00488	0.00153	0.00589	0.00509	0.00304	0.00649
3	0.01252	0.36962	0.34704	0.01106	0.01647	0.01444	0.02533	0.01597	0.01087	0.08795	0.03950	0.01113	0.00852	0.00487	0.00416	0.00136	0.00601	0.00361	0.00264	0.00694
4	0.00947	0.00985	0.07468	0.00947	0.05741	0.03363	0.02125	0.01303	0.09519	0.01564	0.02327	0.04151	0.23148	0.00756	0.00493	0.00137	0.00412	0.04893	0.00367	0.29355
5	0.01280	0.12838	0.15387	0.01181	0.08815	0.01162	0.01011	0.13404	0.06243	0.04666	0.01026	0.01126	0.00796	0.00467	0.00426	0.00121	0.00510	0.00367	0.00321	0.28853
6	0.01216	0.01418	0.19994	0.01160	0.01564	0.01168	0.05964	0.03800	0.46203	0.05734	0.05192	0.01698	0.01378	0.00623	0.00508	0.00165	0.00502	0.00529	0.00427	0.00759
7	0.01899	0.00924	0.01147	0.00930	0.01280	0.00904	0.00752	0.02504	0.27530	0.53417	0.01988	0.01752	0.01331	0.00637	0.00503	0.00159	0.00414	0.00522	0.00580	0.00828
8	0.01782	0.05630	0.03156	0.00950	0.01302	0.00987	0.00799	0.07091	0.21455	0.43281	0.01878	0.01893	0.01341	0.00666	0.00504	0.00160	0.00440	0.05355	0.00538	0.00793
9	0.00666	0.00493	0.00622	0.00622	0.00729	0.00449	0.00454	0.00853	0.01271	0.01742	0.51234	0.20453	0.16225	0.01172	0.00598	0.00168	0.00249	0.01034	0.00517	0.00449
10	0.00676	0.00508	0.00626	0.00596	0.00727	0.00458	0.00447	0.00884	0.01342	0.01835	0.60524	0.03993	0.23392	0.01080	0.00588	0.00160	0.00240	0.00939	0.00527	0.00458
11	0.00685	0.00509	0.00638	0.00606	0.00732	0.00462	0.00454	0.00901	0.01363	0.01884	0.66086	0.03912	0.17799	0.01062	0.00588	0.00159	0.00238	0.00928	0.00534	0.00462
12	0.01034	0.00886	0.01034	0.00738	0.01181	0.00664	0.00591	0.01255	0.01034	0.01624	0.00886	0.01034	0.00738	0.00369	0.00369	0.00074	0.00369	0.00295	0.00295	0.85530
13	0.01008	0.00864	0.01003	0.00725	0.01152	0.00651	0.00579	0.01224	0.01039	0.01608	0.01123	0.01248	0.05203	0.00420	0.00382	0.00079	0.00362	0.00338	0.00305	0.80685
14	0.01333	0.82783	0.02612	0.00853	0.01279	0.01972	0.00853	0.01493	0.01013	0.01173	0.00693	0.00800	0.00640	0.00426	0.00320	0.00107	0.00533	0.00267	0.00213	0.00640
15	0.43117	0.01184	0.01122	0.00906	0.01261	0.01336	0.00748	0.40342	0.01611	0.02698	0.00950	0.01007	0.00697	0.00532	0.00405	0.00152	0.00469	0.00361	0.00405	0.00697
16	0.86003	0.00964	0.00733	0.00655	0.00964	0.01118	0.00540	0.01465	0.00848	0.02236	0.00694	0.00810	0.00540	0.00463	0.00308	0.00154	0.00386	0.00270	0.00308	0.00540
17	0.00835	0.00444	0.00627	0.00627	0.00627	0.00444	0.00405	0.00666	0.00666	0.00888	0.01018	0.01892	0.01070	0.19145	0.02075	0.67165	0.00444	0.00496	0.00235	0.00235
18	0.35385	0.00894	0.00989	0.00795	0.01150	0.00885	0.00656	0.02048	0.01198	0.49057	0.01463	0.01346	0.00959	0.00556	0.00425	0.00154	0.00409	0.00410	0.00495	0.00726
19	0.00866	0.00433	0.00649	0.00649	0.00649	0.00433	0.00433	0.00649	0.00649	0.00866	0.00866	0.01515	0.00866	0.01732	0.01948	0.85498	0.00433	0.00433	0.00216	0.00216
20	0.00665	0.00488	0.00624	0.00632	0.00731	0.00447	0.00458	0.00847	0.01255	0.01726	0.49778	0.25372	0.12736	0.01195	0.00601	0.00171	0.00252	0.01060	0.00515	0.00447
21	0.00705	0.00510	0.00666	0.00627	0.00745	0.00470	0.00470	0.00941	0.01411	0.01999	0.79110	0.03723	0.04703	0.01019	0.00588	0.00157	0.00235	0.00901	0.00549	0.00470
22	0.00798	0.00570	0.00795	0.00901	0.01016	0.00568	0.00784	0.01027	0.01162	0.01521	0.06992	0.05514	0.02973	0.01357	0.00683	0.00225	0.00446	0.71742	0.00464	0.00460
23	0.00770	0.00522	0.00656	0.00622	0.00758	0.00472	0.00466	0.00974	0.01327	0.06259	0.55351	0.08809	0.17490	0.01066	0.00582	0.00161	0.00252	0.00931	0.02053	0.00479
24	0.02236	0.00848	0.01157	0.00887	0.01272	0.00733	0.00733	0.02429	0.01427	0.79719	0.01966	0.01697	0.01234	0.00617	0.00501	0.00154	0.00424	0.00501	0.00617	0.00848
25	0.01895	0.01396	0.01496	0.01147	0.01546	0.01546	0.00947	0.77711	0.02344	0.03141	0.01197	0.01197	0.00848	0.00598	0.00499	0.00150	0.00548	0.00449	0.00499	0.00848
26	0.00725	0.00483	0.00544	0.00544	0.00544	0.00483	0.00302	0.00725	0.00725	0.00966	0.01571	0.03262	0.01812	0.82483	0.02537	0.00483	0.00483	0.00725	0.00302	0.00302
27	0.00682	0.00451	0.00554	0.00624	0.00658	0.00433	0.00406	0.00768	0.00910	0.01279	0.02294	0.51028	0.02639	0.21651	0.01070	0.00260	0.00330	0.01109	0.12467	0.00388
28	0.01017	0.00645	0.00554	0.00542	0.00671	0.08017	0.00406	0.01240	0.01080	0.01798	0.01545	0.01768	0.01218	0.00574	0.00358	0.00117	0.00295	0.00451	0.77228	0.00475
29	0.01333	0.01292	0.00875	0.00820	0.00997	0.35126	0.00615	0.01521	0.01204	0.01582	0.01255	0.01443	0.01002	0.00552	0.00392	0.00121	0.00521	0.00402	0.48432	0.00514
30	0.00989	0.00819	0.00907	0.00851	0.01053	0.00898	0.00646	0.01868	0.45499	0.01896	0.18606	0.14592	0.07457	0.00920	0.00549	0.00171	0.00336	0.00795	0.00506	0.00640
31	0.00668	0.00508	0.00614	0.00587	0.00721	0.00454	0.00440	0.00867	0.01321	0.01786	0.54998	0.04073	0.28947	0.01098	0.00588	0.00161	0.00241	0.00950	0.00521	0.00454
32	0.00648	0.00501	0.00590	0.00580	0.00712	0.00444	0.00431	0.00824	0.01256	0.01660	0.41158	0.10638	0.36429	0.01168	0.00592	0.00165	0.00247	0.01008	0.00505	0.00444
33	0.01333	0.82783	0.02612	0.00853	0.01279	0.01972	0.00853	0.01493	0.01013	0.01173	0.00693	0.00800	0.00640	0.00426	0.00320	0.00107	0.00533	0.00267	0.00213	0.00640
34	0.86003	0.00964	0.00733	0.00655	0.00964	0.01118	0.00540	0.01465	0.00848	0.02236	0.00694	0.00810	0.00540	0.00463	0.00308	0.00154	0.00386	0.00270	0.00308	0.00540
35	0.00589	0.00505	0.00505	0.00505	0.00673	0.00421	0.00379	0.00715	0.01136	0.01347	0.05049	0.04797	0.79171	0.01262	0.00589	0.00168	0.00252	0.01052	0.00463	0.00421
36	0.00705	0.00510	0.00666	0.00627	0.00745	0.00470	0.00470	0.00941	0.01411	0.01999	0.79110	0.03723	0.04703	0.01019	0.00588	0.00157	0.00235	0.00901	0.00549	0.00470
37	0.00746	0.00507	0.00613	0.00644	0.00675	0.00507	0.00436	0.00807	0.00838	0.01107	0.01857	0.03895	0.02095	0.60742	0.02041	0.00415	0.00477	0.20907	0.00344	0.00344
38	0.01395	0.01128	0.00952	0.00828	0.01053	0.17660	0.00645	0.22692	0.01485	0.02081	0.01326	0.01471	0.01023	0.00571	0.00412	0.00128	0.00461	0.00430	0.43661	0.00595
39	0.01643	0.01122	0.01256	0.00997	0.01328	0.01201	0.00811	0.47620	0.06933	0.12042	0.17792	0.01833	0.01751	0.00694	0.00518	0.00153	0.00457	0.00558	0.00524	0.00764
40	0.62814	0.00962	0.00844	0.00710	0.01046	0.01044	0.00582	0.04372	0.02573	0.08105	0.00864	0.00945	0.00652	0.00471	0.00343	0.00143	0.00392	0.00304	0.00341	0.12491
41	0.01026	0.00707	0.00872	0.00834	0.00985	0.00716	0.01800	0.17128	0.01291	0.06141	0.02293	0.33768	0.05698	0.10784	0.00830	0.00224	0.00410	0.13512	0.00456	0.00525
42	0.00658	0.00493	0.00533	0.00540	0.00622	0.00453	0.00355	0.00725	0.00935	0.01168	0.03264	0.07596	0.37879	0.39366	0.01507	0.00319	0.00367	0.02468	0.00387	0.00365
43	0.00938	0.00954	0.01851	0.01427	0.01741	0.00891	0.41696	0.02945	0.01134	0.01500	0.02147	0.24802	0.13924	0.00882	0.00600	0.00177	0.00584	0.00894	0.00351	0.00561
44	0.20315	0.15160	0.26724	0.02739	0.01568	0.04095	0.05050	0.02861	0.06054	0.01741	0.08336	0.01279	0.01068	0.00530	0.00430	0.00149	0.00560	0.00405	0.00293	0.00643
45	0.01195	0.09284	0.09583	0.01192	0.01641	0.02761	0.17108	0.08859	0.01183	0.01683	0.00908	0.01095	0.00725	0.00452	0.00513	0.00123	0.05515	0.00386	0.00284	0.35512
46	0.00605	0.00469	0.00544	0.00600	0.00697	0.00413	0.00421	0.00703	0.01036	0.01299	0.03830	0.42271	0.40424	0.01419	0.00645	0.02271	0.00275	0.01214	0.00457	0.00408
47	0.07506	0.00797	0.01245	0.21342	0.01800	0.00835	0.13007	0.01170	0.02491	0.01495	0.03493	0.03188	0.19867	0.00886	0.00566	0.00181	0.00512	0.18740	0.00357	0.00520
48	0.01311	0.21106	0.15823	0.05121	0.18387	0.04093	0.02449	0.01579	0.01108	0.13193	0.01164	0.06385	0.00989	0.04544	0.00558	0.00161	0.00573	0.00469	0.00304	0.00684
49	0.01058	0.17324	0.54815	0.01293	0.01887	0.01310	0.03285	0.01505	0.01017	0.01458	0.00866	0.01058	0.00667	0.00648	0.04422	0.00184	0.05930	0.00367	0.00215	0.00691
50	0.00724	0.00488	0.00566	0.00579	0.00589	0.00488	0.00347	0.00746	0.00764	0.01018	0.01689	0.06993	0.01938	0.72201	0.03688	0.00460	0.00488	0.05596	0.00319	0.00319

[dist]
# distance from previous block
# <min> <max>
0	41

[block]
# block no. 1 follows, 50 sequences, length 118
# corresponding to MSA columns:
# 374-491
name=unknown_B
#
# <colnr> <probs for GDERKNQSTAVLIFYWHMCP>
#	G	D	E	R	K	N	Q	S	T	A	V	L	I	F	Y	W	H	M	C	P
0	0.28752	0.04500	0.03186	0.01234	0.05999	0.15808	0.10446	0.04467	0.01092	0.04560	0.00908	0.04226	0.00768	0.00574	0.00589	0.00159	0.11418	0.00414	0.00295	0.00605
1	0.00878	0.00579	0.00744	0.00672	0.00823	0.00543	0.00513	0.04854	0.01458	0.07812	0.69536	0.03448	0.04255	0.00968	0.00577	0.00156	0.00265	0.00849	0.00551	0.00517
2	0.12933	0.01300	0.01398	0.01189	0.06256	0.01442	0.00917	0.56855	0.08216	0.02843	0.01181	0.01201	0.00858	0.00577	0.00474	0.00152	0.00517	0.00434	0.00459	0.00799
3	0.01191	0.01484	0.19067	0.05987	0.56722	0.01187	0.01573	0.03941	0.01149	0.01650	0.00934	0.01197	0.00751	0.00458	0.00489	0.00151	0.00626	0.00428	0.00246	0.00770
4	0.22939	0.00861	0.00979	0.00799	0.01112	0.00850	0.00638	0.03680	0.06456	0.42100	0.01564	0.01652	0.01131	0.10568	0.00699	0.00194	0.00421	0.00469	0.00485	0.02402
5	0.00935	0.01241	0.25214	0.02342	0.01382	0.00867	0.01036	0.04293	0.04814	0.04368	0.01245	0.01624	0.01045	0.02287	0.44422	0.00511	0.01028	0.00478	0.00283	0.00585
6	0.00936	0.00582	0.00746	0.00669	0.00834	0.00535	0.00514	0.03550	0.01424	0.12158	0.61569	0.03450	0.09138	0.00969	0.00574	0.00157	0.00271	0.00845	0.00550	0.00528
7	0.04003	0.00951	0.01195	0.00931	0.01308	0.00905	0.00765	0.13635	0.08031	0.60027	0.01828	0.01616	0.01185	0.00616	0.00497	0.00155	0.00439	0.00493	0.00583	0.00836
8	0.00661	0.00456	0.00563	0.00626	0.00641	0.00441	0.00390	0.00708	0.00850	0.01133	0.02211	0.46237	0.02621	0.38404	0.01502	0.00330	0.00378	0.01102	0.00390	0.00358
9	0.00705	0.00510	0.00666	0.00627	0.00745	0.00470	0.00470	0.00941	0.01411	0.01999	0.79110	0.03723	0.04703	0.01019	0.00588	0.00157	0.00235	0.00901	0.00549	0.00470
10	0.15203	0.01321	0.01368	0.01066	0.01449	0.01472	0.00880	0.64172	0.03592	0.02977	0.01133	0.01148	0.00812	0.00578	0.00469	0.00151	0.00520	0.00423	0.00469	0.00798
11	0.01895	0.01396	0.01496	0.01147	0.01546	0.01546	0.00947	0.77711	0.02344	0.03141	0.01197	0.01197	0.00848	0.00598	0.00499	0.00150	0.00548	0.00449	0.00499	0.00848
12	0.00607	0.00436	0.00576	0.00689	0.00722	0.00405	0.00460	0.00695	0.00959	0.01274	0.02809	0.80089	0.05325	0.01554	0.00635	0.00202	0.00288	0.01407	0.00463	0.00405
13	0.00607	0.00434	0.00578	0.00694	0.00723	0.00405	0.00463	0.00694	0.00954	0.01272	0.02747	0.82157	0.03297	0.01562	0.00636	0.00202	0.00289	0.01417	0.00463	0.00405
14	0.06062	0.01375	0.01458	0.01123	0.01517	0.01525	0.00927	0.73934	0.02269	0.03097	0.01172	0.01178	0.00832	0.00592	0.00489	0.00150	0.00540	0.00440	0.00489	0.00832
15	0.86003	0.00964	0.00733	0.00655	0.00964	0.01118	0.00540	0.01465	0.00848	0.02236	0.00694	0.00810	0.00540	0.00463	0.00308	0.00154	0.00386	0.00270	0.00308	0.00540
16	0.00831	0.00473	0.00509	0.00508	0.00569	0.00472	0.00332	0.00948	0.00900	0.01437	0.03343	0.02525	0.01587	0.37488	0.01376	0.02239	0.00350	0.00591	0.43136	0.00386
17	0.00712	0.00534	0.00801	0.00801	0.00890	0.00623	0.00623	0.00890	0.00801	0.01157	0.01335	0.01958	0.01246	0.03738	0.80507	0.00801	0.01335	0.00534	0.00267	0.00445
18	0.00607	0.00434	0.00578	0.00694	0.00723	0.00405	0.00463	0.00694	0.00954	0.01272	0.02747	0.82157	0.03297	0.01562	0.00636	0.00202	0.00289	0.01417	0.00463	0.00405
19	0.00702	0.00518	0.00678	0.00771	0.00869	0.00493	0.00618	0.00868	0.01086	0.01397	0.03129	0.29021	0.17450	0.01412	0.00654	0.00210	0.00368	0.38862	0.00461	0.00435
20	0.01772	0.00866	0.01087	0.00889	0.01212	0.00837	0.00715	0.02300	0.22328	0.48806	0.11759	0.01998	0.01752	0.00684	0.00514	0.00159	0.00392	0.00569	0.00579	0.00784
21	0.86003	0.00964	0.00733	0.00655	0.00964	0.01118	0.00540	0.01465	0.00848	0.02236	0.00694	0.00810	0.00540	0.00463	0.00308	0.00154	0.00386	0.00270	0.00308	0.00540
22	0.01034	0.00886	0.01034	0.00738	0.01181	0.00664	0.00591	0.01255	0.01034	0.01624	0.00886	0.01034	0.00738	0.00369	0.00369	0.00074	0.00369	0.00295	0.00295	0.85530
23	0.00725	0.00483	0.00544	0.00544	0.00544	0.00483	0.00302	0.00725	0.00725	0.00966	0.01571	0.03262	0.01812	0.82483	0.02537	0.00483	0.00483	0.00725	0.00302	0.00302
24	0.00705	0.00510	0.00666	0.00627	0.00745	0.00470	0.00470	0.00941	0.01411	0.01999	0.79110	0.03723	0.04703	0.01019	0.00588	0.00157	0.00235	0.00901	0.00549	0.00470
25	0.01895	0.01396	0.01496	0.01147	0.01546	0.01546	0.00947	0.77711	0.02344	0.03141	0.01197	0.01197	0.00848	0.00598	0.00499	0.00150	0.00548	0.00449	0.00499	0.00848
26	0.02236	0.00848	0.01157	0.00887	0.01272	0.00733	0.00733	0.02429	0.01427	0.79719	0.01966	0.01697	0.01234	0.00617	0.00501	0.00154	0.00424	0.00501	0.00617	0.00848
27	0.00647	0.00464	0.00623	0.00737	0.00786	0.00440	0.00531	0.00764	0.00998	0.01319	0.02768	0.64889	0.04634	0.01518	0.00646	0.00207	0.00324	0.16826	0.00462	0.00416
28	0.02143	0.00893	0.01171	0.00910	0.01288	0.00812	0.00748	0.06176	0.07419	0.69933	0.01933	0.01684	0.01237	0.00621	0.00502	0.00155	0.00428	0.00503	0.00603	0.00844
29	0.01862	0.02376	0.01413	0.01284	0.01541	0.80482	0.00963	0.01990	0.01413	0.01220	0.00770	0.00899	0.00642	0.00514	0.00449	0.00128	0.00899	0.00321	0.00257	0.00578
30	0.00941	0.00886	0.01495	0.81285	0.03433	0.01107	0.01384	0.01274	0.00997	0.01274	0.00886	0.01329	0.00664	0.00498	0.00498	0.00166	0.00664	0.00443	0.00221	0.00554
31	0.00766	0.00476	0.00618	0.00618	0.00633	0.00490	0.00395	0.00728	0.00714	0.00967	0.01315	0.02512	0.01429	0.44820	0.15040	0.26700	0.00606	0.00604	0.00270	0.00299
32	0.86003	0.00964	0.00733	0.00655	0.00964	0.01118	0.00540	0.01465	0.00848	0.02236	0.00694	0.00810	0.00540	0.00463	0.00308	0.00154	0.00386	0.00270	0.00308	0.00540
33	0.00725	0.00483	0.00544	0.00544	0.00544	0.00483	0.00302	0.00725	0.00725	0.00966	0.01571	0.03262	0.01812	0.82483	0.02537	0.00483	0.00483	0.00725	0.00302	0.00302
34	0.00941	0.00886	0.01495	0.81285	0.03433	0.01107	0.01384	0.01274	0.00997	0.01274	0.00886	0.01329	0.00664	0.00498	0.00498	0.00166	0.00664	0.00443	0.00221	0.00554
35	0.00956	0.00780	0.00932	0.00807	0.04908	0.00627	0.00587	0.01170	0.02525	0.04430	0.02056	0.08215	0.19099	0.00686	0.00454	0.00114	0.00350	0.00577	0.00360	0.50366
36	0.00705	0.00510	0.00666	0.00627	0.00745	0.00470	0.00470	0.00941	0.01411	0.01999	0.79110	0.03723	0.04703	0.01019	0.00588	0.00157	0.00235	0.00901	0.00549	0.00470
37	0.01427	0.01029	0.01133	0.00990	0.01292	0.01144	0.00778	0.02607	0.63996	0.16672	0.02017	0.01829	0.01467	0.00665	0.00506	0.00166	0.00400	0.00552	0.00528	0.00800
38	0.00603	0.00509	0.00524	0.00529	0.00694	0.00430	0.00403	0.00737	0.01143	0.01369	0.06566	0.04817	0.73510	0.01263	0.00594	0.00171	0.00263	0.04987	0.00465	0.00424
39	0.01423	0.00743	0.00915	0.00794	0.01055	0.00699	0.00624	0.01801	0.14575	0.35329	0.05729	0.12475	0.18399	0.00912	0.00545	0.00167	0.00359	0.02245	0.00540	0.00669
40	0.86003	0.00964	0.00733	0.00655	0.00964	0.01118	0.00540	0.01465	0.00848	0.02236	0.00694	0.00810	0.00540	0.00463	0.00308	0.00154	0.00386	0.00270	0.00308	0.00540
41	0.09324	0.00986	0.01200	0.00928	0.01310	0.00956	0.00766	0.19959	0.01592	0.55173	0.01677	0.01504	0.01084	0.00599	0.00484	0.00153	0.00450	0.00469	0.00563	0.00822
42	0.00624	0.00475	0.00568	0.00610	0.00703	0.00426	0.00429	0.00749	0.01096	0.01425	0.18000	0.37561	0.29824	0.04305	0.00680	0.00192	0.00273	0.01167	0.00473	0.00419
43	0.00688	0.00493	0.00562	0.00556	0.00619	0.00465	0.00359	0.00768	0.00968	0.01279	0.18999	0.05490	0.19481	0.45304	0.01647	0.00338	0.00375	0.00850	0.00394	0.00367
44	0.07825	0.00904	0.01158	0.00894	0.01276	0.00829	0.00738	0.08915	0.01468	0.67858	0.01814	0.01594	0.01154	0.00605	0.00488	0.00154	0.00432	0.00481	0.00586	0.00828
45	0.04985	0.01019	0.01245	0.00958	0.01345	0.00993	0.00791	0.25257	0.01685	0.53826	0.01689	0.01515	0.01093	0.00606	0.00494	0.00153	0.00461	0.00477	0.00570	0.00838
46	0.02756	0.00639	0.00761	0.00689	0.00888	0.00590	0.00522	0.02745	0.05717	0.21047	0.13254	0.13650	0.26620	0.06976	0.00703	0.00190	0.00331	0.00864	0.00501	0.00555
47	0.24224	0.00663	0.00650	0.00585	0.00798	0.00686	0.00463	0.01451	0.01054	0.14666	0.01429	0.01547	0.01070	0.00555	0.00363	0.00133	0.00305	0.00418	0.48394	0.00548
48	0.00725	0.00483	0.00544	0.00544	0.00544	0.00483	0.00302	0.00725	0.00725	0.00966	0.01571	0.03262	0.01812	0.82483	0.02537	0.00483	0.00483	0.00725	0.00302	0.00302
49	0.38991	0.00765	0.00745	0.00663	0.00882	0.00809	0.00505	0.01383	0.00964	0.15509	0.05706	0.01955	0.02624	0.22215	0.00959	0.00242	0.00405	0.01829	0.02327	0.00522
50	0.00811	0.00506	0.00647	0.00670	0.00778	0.00458	0.00480	0.00948	0.01128	0.10064	0.18756	0.44462	0.14122	0.01283	0.00599	0.00181	0.00286	0.01139	0.02212	0.00471
51	0.01857	0.01359	0.01455	0.01120	0.01508	0.01503	0.00924	0.74683	0.02292	0.03091	0.01214	0.01223	0.00865	0.00598	0.00493	0.00148	0.00536	0.00449	0.03852	0.00833
52	0.01086	0.00889	0.01350	0.01116	0.01353	0.00955	0.14767	0.19540	0.01250	0.01719	0.01293	0.01830	0.01134	0.05415	0.40987	0.00498	0.00994	0.02920	0.00328	0.00578
53	0.00727	0.00505	0.00673	0.00673	0.00715	0.00547	0.00463	0.00800	0.00757	0.01052	0.01418	0.02539	0.01488	0.40229	0.39819	0.05445	0.00888	0.00617	0.00280	0.00366
54	0.05340	0.00831	0.01109	0.00861	0.01226	0.00730	0.00708	0.02296	0.01404	0.71731	0.06906	0.01794	0.01432	0.00637	0.00499	0.00154	0.00410	0.00518	0.00601	0.00812
55	0.01283	0.01149	0.01213	0.02676	0.03451	0.07035	0.02226	0.08922	0.45546	0.02001	0.04766	0.01638	0.01352	0.00608	0.00485	0.00148	0.00454	0.00502	0.00439	0.14107
56	0.01857	0.01541	0.01464	0.01163	0.01533	0.14538	0.00942	0.61515	0.05962	0.02772	0.01168	0.01180	0.00847	0.00588	0.00491	0.00147	0.00599	0.00433	0.00459	0.00800
57	0.00666	0.00519	0.00612	0.00590	0.00736	0.00454	0.00439	0.00843	0.01240	0.01651	0.38432	0.11332	0.34223	0.01135	0.00582	0.00162	0.00254	0.00980	0.00494	0.04659
58	0.05699	0.01704	0.45468	0.01081	0.01559	0.00900	0.01252	0.01296	0.01085	0.01618	0.14227	0.04878	0.09301	0.00933	0.06678	0.00210	0.00616	0.00570	0.00310	0.00616
59	0.00831	0.00667	0.04709	0.00780	0.00898	0.00615	0.03600	0.00992	0.03333	0.04166	0.06585	0.06128	0.01759	0.30786	0.23422	0.05802	0.00711	0.03458	0.00328	0.00430
60	0.00615	0.00439	0.00587	0.00702	0.00735	0.00411	0.00476	0.00707	0.00962	0.01281	0.02743	0.79278	0.03281	0.01555	0.00638	0.00203	0.00296	0.04223	0.00463	0.00407
61	0.00749	0.00551	0.00722	0.00712	0.00749	0.00616	0.00500	0.00832	0.00776	0.01079	0.01480	0.04303	0.01590	0.43346	0.30219	0.00561	0.07041	0.03503	0.00292	0.00380
62	0.00642	0.00491	0.00585	0.00594	0.00709	0.00438	0.00431	0.00800	0.01197	0.01580	0.33725	0.20716	0.31992	0.03032	0.00642	0.00178	0.00259	0.01063	0.00493	0.00434
63	0.01043	0.00850	0.00918	0.00831	0.01058	0.00912	0.00642	0.10977	0.34206	0.01964	0.13253	0.08931	0.20517	0.00922	0.00547	0.00167	0.00350	0.00778	0.00498	0.00635
64	0.00715	0.00522	0.00740	0.00739	0.00809	0.00588	0.00548	0.00855	0.00804	0.01142	0.03848	0.02300	0.01480	0.20925	0.60874	0.00711	0.01113	0.00588	0.00284	0.00414
65	0.86003	0.00964	0.00733	0.00655	0.00964	0.01118	0.00540	0.01465	0.00848	0.02236	0.00694	0.00810	0.00540	0.00463	0.00308	0.00154	0.00386	0.00270	0.00308	0.00540
66	0.00669	0.00503	0.00588	0.00570	0.00683	0.00456	0.00408	0.00824	0.01191	0.01585	0.39422	0.04009	0.29820	0.16003	0.00945	0.00220	0.00286	0.00921	0.00474	0.00422
67	0.00626	0.00468	0.00578	0.00645	0.00721	0.00426	0.00453	0.00740	0.01043	0.01357	0.10300	0.48426	0.22576	0.04628	0.00698	0.00202	0.00291	0.04946	0.00464	0.00414
68	0.76729	0.00951	0.00780	0.00681	0.00998	0.01075	0.00561	0.01572	0.00912	0.10815	0.00835	0.00908	0.00617	0.00480	0.00330	0.00154	0.00390	0.00296	0.00343	0.00574
69	0.86003	0.00964	0.00733	0.00655	0.00964	0.01118	0.00540	0.01465	0.00848	0.02236	0.00694	0.00810	0.00540	0.00463	0.00308	0.00154	0.00386	0.00270	0.00308	0.00540
70	0.00610	0.00506	0.00534	0.00527	0.00686	0.00430	0.00395	0.00757	0.01186	0.01466	0.18595	0.04601	0.65551	0.01218	0.00589	0.00166	0.00249	0.01024	0.00479	0.00430
71	0.86003	0.00964	0.00733	0.00655	0.00964	0.01118	0.00540	0.01465	0.00848	0.02236	0.00694	0.00810	0.00540	0.00463	0.00308	0.00154	0.00386	0.00270	0.00308	0.00540
72	0.00725	0.00483	0.00544	0.00544	0.00544	0.00483	0.00302	0.00725	0.00725	0.00966	0.01571	0.03262	0.01812	0.82483	0.02537	0.00483	0.00483	0.00725	0.00302	0.00302
73	0.01071	0.00602	0.00616	0.00565	0.00723	0.00624	0.00437	0.12428	0.01236	0.02047	0.01563	0.01761	0.01214	0.00583	0.00371	0.00121	0.00279	0.00462	0.72777	0.00521
74	0.00772	0.00538	0.00700	0.00769	0.00838	0.00538	0.00604	0.00910	0.00979	0.01283	0.02214	0.04683	0.02448	0.33660	0.01424	0.00330	0.00469	0.46049	0.00397	0.00397
75	0.00653	0.00507	0.00593	0.00572	0.00712	0.00448	0.00429	0.00838	0.01286	0.01702	0.45434	0.04212	0.38565	0.01130	0.00588	0.00162	0.00243	0.00970	0.00510	0.00448
76	0.00712	0.00534	0.00801	0.00801	0.00890	0.00623	0.00623	0.00890	0.00801	0.01157	0.01335	0.01958	0.01246	0.03738	0.80507	0.00801	0.01335	0.00534	0.00267	0.00445
77	0.00648	0.00515	0.00587	0.00590	0.00738	0.00454	0.00457	0.00817	0.01212	0.01542	0.24838	0.04610	0.49297	0.01211	0.00601	0.00173	0.00274	0.10511	0.00486	0.00439
78	0.01034	0.00886	0.01034	0.00738	0.01181	0.00664	0.00591	0.01255	0.01034	0.01624	0.00886	0.01034	0.00738	0.00369	0.00369	0.00074	0.00369	0.00295	0.00295	0.85530
79	0.02095	0.01075	0.01297	0.00994	0.01385	0.01069	0.00821	0.33542	0.01806	0.48071	0.01648	0.01490	0.01074	0.00609	0.00500	0.00152	0.00476	0.00480	0.00568	0.00848
80	0.00705	0.00510	0.00666	0.00627	0.00745	0.00470	0.00470	0.00941	0.01411	0.01999	0.79110	0.03723	0.04703	0.01019	0.00588	0.00157	0.00235	0.00901	0.00549	0.00470
81	0.00655	0.00508	0.00596	0.00574	0.00714	0.00449	0.00431	0.00843	0.01292	0.01715	0.46931	0.04190	0.37059	0.01125	0.00588	0.00162	0.00243	0.00967	0.00511	0.00449
82	0.00789	0.00679	0.00696	0.00662	0.00865	0.00673	0.00505	0.01310	0.24938	0.01574	0.04120	0.03893	0.55273	0.01082	0.00564	0.00169	0.00296	0.00902	0.00477	0.00534
83	0.00640	0.00507	0.00575	0.00558	0.00704	0.00442	0.00419	0.00813	0.01256	0.01630	0.37228	0.04330	0.46815	0.01157	0.00589	0.00163	0.00245	0.00987	0.00500	0.00442
84	0.86003	0.00964	0.00733	0.00655	0.00964	0.01118	0.00540	0.01465	0.00848	0.02236	0.00694	0.00810	0.00540	0.00463	0.00308	0.00154	0.00386	0.00270	0.00308	0.00540
85	0.00720	0.00503	0.00646	0.00646	0.00682	0.00539	0.00430	0.00791	0.00755	0.01042	0.01477	0.02743	0.01587	0.51139	0.33572	0.00610	0.00822	0.00649	0.00288	0.00359
86	0.00712	0.00534	0.00801	0.00801	0.00890	0.00623	0.00623	0.00890	0.00801	0.01157	0.01335	0.01958	0.01246	0.03738	0.80507	0.00801	0.01335	0.00534	0.00267	0.00445
87	0.00725	0.00483	0.00544	0.00544	0.00544	0.00483	0.00302	0.00725	0.00725	0.00966	0.01571	0.03262	0.01812	0.82483	0.02537	0.00483	0.00483	0.00725	0.00302	0.00302
88	0.01000	0.02578	0.79900	0.01421	0.02157	0.01158	0.01842	0.01579	0.01052	0.01579	0.00895	0.01052	0.00631	0.00474	0.00474	0.00158	0.00737	0.00368	0.00210	0.00737
89	0.01223	0.01173	0.02004	0.05911	0.76605	0.01182	0.01524	0.01520	0.01130	0.01615	0.00936	0.01237	0.00785	0.00446	0.00494	0.00149	0.00595	0.00444	0.00246	0.00781
90	0.00860	0.00437	0.00655	0.00655	0.00659	0.00440	0.00440	0.00659	0.00655	0.00877	0.00884	0.01532	0.00881	0.01809	0.04996	0.82212	0.00468	0.00437	0.00218	0.00225
91	0.00941	0.00886	0.01495	0.81285	0.03433	0.01107	0.01384	0.01274	0.00997	0.01274	0.00886	0.01329	0.00664	0.00498	0.00498	0.00166	0.00664	0.00443	0.00221	0.00554
92	0.02084	0.00853	0.01141	0.00868	0.01261	0.00724	0.00715	0.02280	0.01377	0.69822	0.01830	0.01613	0.01171	0.00586	0.00485	0.00144	0.00417	0.00475	0.00576	0.11580
93	0.00626	0.00451	0.00594	0.00675	0.00726	0.00418	0.00462	0.00744	0.01051	0.01419	0.18006	0.64111	0.05978	0.01444	0.00625	0.00192	0.00277	0.01303	0.00480	0.00418
94	0.02236	0.00848	0.01157	0.00887	0.01272	0.00733	0.00733	0.02429	0.01427	0.79719	0.01966	0.01697	0.01234	0.00617	0.00501	0.00154	0.00424	0.00501	0.00617	0.00848
95	0.01240	0.01071	0.01127	0.01014	0.01296	0.01240	0.00789	0.02649	0.78473	0.02085	0.02029	0.01860	0.01522	0.00676	0.00507	0.00169	0.00394	0.00564	0.00507	0.00789
96	0.86003	0.00964	0.00733	0.00655	0.00964	0.01118	0.00540	0.01465	0.00848	0.02236	0.00694	0.00810	0.00540	0.00463	0.00308	0.00154	0.00386	0.00270	0.00308	0.00540
97	0.00642	0.00501	0.00583	0.00574	0.00709	0.00442	0.00426	0.00814	0.01244	0.01631	0.37839	0.10475	0.39978	0.01178	0.00592	0.00166	0.00248	0.01014	0.00501	0.00442
98	0.02236	0.00848	0.01157	0.00887	0.01272	0.00733	0.00733	0.02429	0.01427	0.79719	0.01966	0.01697	0.01234	0.00617	0.00501	0.00154	0.00424	0.00501	0.00617	0.00848
99	0.00704	0.00503	0.00690	0.00805	0.00876	0.00489	0.00631	0.00862	0.01050	0.01381	0.02694	0.44222	0.03085	0.01470	0.00662	0.00216	0.00373	0.38394	0.00461	0.00432
100	0.00929	0.00465	0.00465	0.00465	0.00581	0.00465	0.00348	0.01161	0.01045	0.01858	0.01626	0.01858	0.01278	0.00581	0.00348	0.00116	0.00232	0.00465	0.85250	0.00465
101	0.86003	0.00964	0.00733	0.00655	0.00964	0.01118	0.00540	0.01465	0.00848	0.02236	0.00694	0.00810	0.00540	0.00463	0.00308	0.00154	0.00386	0.00270	0.00308	0.00540
102	0.01895	0.01396	0.01496	0.01147	0.01546	0.01546	0.00947	0.77711	0.02344	0.03141	0.01197	0.01197	0.00848	0.00598	0.00499	0.00150	0.00548	0.00449	0.00499	0.00848
103	0.86003	0.00964	0.00733	0.00655	0.00964	0.01118	0.00540	0.01465	0.00848	0.02236	0.00694	0.00810	0.00540	0.00463	0.00308	0.00154	0.00386	0.00270	0.00308	0.00540
104	0.00700	0.00509	0.00658	0.00621	0.00741	0.00468	0.00466	0.00929	0.01397	0.01967	0.75441	0.03776	0.08393	0.01031	0.00588	0.00157	0.00236	0.00909	0.00544	0.00468
105	0.86003	0.00964	0.00733	0.00655	0.00964	0.01118	0.00540	0.01465	0.00848	0.02236	0.00694	0.00810	0.00540	0.00463	0.00308	0.00154	0.00386	0.00270	0.00308	0.00540
106	0.01240	0.01071	0.01127	0.01014	0.01296	0.01240	0.00789	0.02649	0.78473	0.02085	0.02029	0.01860	0.01522	0.00676	0.00507	0.00169	0.00394	0.00564	0.00507	0.00789
107	0.00709	0.00488	0.00549	0.00549	0.00571	0.00482	0.00323	0.00730	0.00773	0.01016	0.01947	0.03382	0.10356	0.70486	0.05295	0.00460	0.00490	0.00754	0.00318	0.00321
108	0.00670	0.00508	0.00618	0.00590	0.00723	0.00455	0.00443	0.00873	0.01328	0.01803	0.56851	0.04046	0.27085	0.01092	0.00588	0.00160	0.00240	0.00947	0.00523	0.00455
109	0.00731	0.00493	0.00578	0.00597	0.00612	0.00492	0.00371	0.00763	0.00787	0.01044	0.01749	0.06437	0.02000	0.69254	0.02233	0.00441	0.00473	0.10292	0.00328	0.00326
110	0.08551	0.00977	0.01183	0.00928	0.01301	0.00956	0.00762	0.16143	0.08369	0.52861	0.01733	0.01551	0.01135	0.00607	0.00486	0.00155	0.00441	0.00479	0.00562	0.00819
111	0.01034	0.00886	0.01034	0.00738	0.01181	0.00664	0.00591	0.01255	0.01034	0.01624	0.00886	0.01034	0.00738	0.00369	0.00369	0.00074	0.00369	0.00295	0.00295	0.85530
112	0.00627	0.00459	0.00588	0.00655	0.00721	0.00421	0.00454	0.00751	0.01078	0.01442	0.19844	0.55093	0.13221	0.01404	0.00620	0.00188	0.00273	0.01257	0.00482	0.00421
113	0.01548	0.01421	0.01269	0.01090	0.01393	0.18300	0.00855	0.23775	0.37492	0.02191	0.01508	0.01465	0.01133	0.00616	0.00487	0.00153	0.00541	0.00475	0.03540	0.00749
114	0.01535	0.15069	0.14072	0.02794	0.17251	0.08013	0.04942	0.07977	0.03004	0.18904	0.01151	0.01224	0.00843	0.00507	0.00465	0.00144	0.00599	0.00415	0.00344	0.00746
115	0.00870	0.00696	0.02074	0.00884	0.03914	0.03517	0.00684	0.02815	0.02486	0.04418	0.09671	0.09365	0.15779	0.03236	0.14152	0.00298	0.00564	0.23662	0.00421	0.00495
116	0.00634	0.00458	0.00605	0.00714	0.00754	0.00436	0.00489	0.00764	0.03037	0.01305	0.02723	0.76108	0.03227	0.01529	0.00635	0.00203	0.00301	0.05199	0.00464	0.00418
117	0.00600	0.00462	0.00549	0.00618	0.00703	0.00411	0.00429	0.00703	0.01028	0.01302	0.03675	0.50993	0.33862	0.01441	0.00617	0.00189	0.00274	0.01270	0.00463	0.00411

[dist]
# distance from previous block
# <min> <max>
1	3

[block]
# block no. 2 follows, 50 sequences, length 37
# corresponding to MSA columns:
# 495-505,511-536
name=unknown_C
#
# <colnr> <probs for GDERKNQSTAVLIFYWHMCP>
#	G	D	E	R	K	N	Q	S	T	A	V	L	I	F	Y	W	H	M	C	P
0	0.01987	0.04289	0.00940	0.00841	0.02198	0.02175	0.00625	0.11897	0.06047	0.01529	0.01814	0.16041	0.05469	0.16172	0.21370	0.00389	0.01770	0.03569	0.00369	0.00510
1	0.66991	0.03606	0.06177	0.00831	0.01182	0.04613	0.04696	0.04037	0.00958	0.02114	0.00744	0.00870	0.00575	0.00467	0.00347	0.00152	0.00465	0.00301	0.00300	0.00575
2	0.00866	0.00433	0.00649	0.00649	0.00649	0.00433	0.00433	0.00649	0.00649	0.00866	0.00866	0.01515	0.00866	0.01732	0.01948	0.85498	0.00433	0.00433	0.00216	0.00216
3	0.00984	0.00952	0.01676	0.68117	0.08355	0.01128	0.09101	0.01323	0.01024	0.01330	0.00902	0.01324	0.00682	0.00487	0.00507	0.00165	0.00677	0.00458	0.00226	0.00581
4	0.12275	0.01238	0.08740	0.03353	0.01534	0.06117	0.12388	0.08602	0.15623	0.01844	0.06468	0.01825	0.02623	0.02130	0.03985	0.00199	0.04902	0.05157	0.00361	0.00636
5	0.01618	0.00952	0.01121	0.00957	0.01271	0.00996	0.00767	0.02467	0.42847	0.33493	0.02038	0.02009	0.01482	0.00692	0.00515	0.00167	0.00410	0.04853	0.00549	0.00794
6	0.00627	0.00450	0.00599	0.00707	0.00749	0.00422	0.00490	0.00732	0.00991	0.01317	0.05321	0.71004	0.05197	0.01520	0.00638	0.00202	0.00301	0.07854	0.00465	0.00412
7	0.04868	0.00681	0.00957	0.05022	0.01155	0.00638	0.05008	0.01383	0.01218	0.24580	0.17826	0.20890	0.09278	0.00973	0.00560	0.00171	0.00376	0.03342	0.00494	0.00581
8	0.00959	0.00565	0.00705	0.00645	0.00818	0.00509	0.00493	0.01102	0.01197	0.15926	0.24393	0.03419	0.31206	0.01307	0.06817	0.07771	0.00378	0.00814	0.00478	0.00497
9	0.01126	0.01264	0.02732	0.01976	0.02438	0.01185	0.70732	0.01517	0.01157	0.01568	0.01162	0.08504	0.00981	0.00521	0.00592	0.00171	0.00792	0.00662	0.00271	0.00649
10	0.40824	0.00902	0.00961	0.00780	0.01130	0.00910	0.00644	0.01985	0.01160	0.44026	0.01380	0.01288	0.00914	0.00546	0.00412	0.00154	0.00406	0.00395	0.00475	0.00706
11	0.17977	0.00678	0.00772	0.00696	0.00912	0.00656	0.00536	0.01407	0.01145	0.24103	0.12376	0.17797	0.09503	0.03604	0.00568	0.00174	0.00339	0.00745	0.05442	0.00569
12	0.00641	0.00513	0.00583	0.00623	0.00763	0.00455	0.00487	0.00787	0.01118	0.01372	0.04229	0.13653	0.52855	0.01323	0.00618	0.00186	0.00305	0.18599	0.00462	0.00428
13	0.00622	0.00506	0.00551	0.00540	0.00694	0.00435	0.00405	0.00780	0.01214	0.01532	0.26154	0.04491	0.57950	0.01193	0.00589	0.00165	0.00248	0.01009	0.00487	0.00435
14	0.00763	0.00483	0.00636	0.00703	0.00779	0.00443	0.00491	0.00872	0.01034	0.08395	0.06348	0.64524	0.07761	0.01428	0.00620	0.00195	0.00301	0.03291	0.00481	0.00450
15	0.01401	0.00847	0.00967	0.00823	0.01054	0.00875	0.00638	0.27812	0.01512	0.15043	0.01743	0.17075	0.01556	0.08344	0.00683	0.00184	0.00408	0.00671	0.17729	0.00635
16	0.00971	0.00505	0.00509	0.00494	0.00623	0.00512	0.00374	0.04484	0.01102	0.01914	0.01607	0.01830	0.01259	0.00581	0.00355	0.00118	0.00246	0.00464	0.81571	0.00481
17	0.06126	0.00792	0.00971	0.00783	0.01103	0.00717	0.00636	0.06852	0.01374	0.48248	0.02729	0.02502	0.23417	0.00792	0.00516	0.00158	0.00381	0.00643	0.00549	0.00710
18	0.02430	0.00531	0.00658	0.00660	0.00789	0.00480	0.00478	0.00994	0.01134	0.12012	0.17288	0.35496	0.20115	0.03754	0.00651	0.00188	0.00297	0.01073	0.00492	0.00480
19	0.00744	0.00484	0.00526	0.00526	0.00580	0.00471	0.00331	0.00817	0.00864	0.01221	0.02176	0.03208	0.14992	0.49927	0.03262	0.00359	0.00408	0.00723	0.18022	0.00359
20	0.65155	0.00998	0.00877	0.00743	0.01072	0.01116	0.00612	0.10345	0.01097	0.12695	0.00922	0.00973	0.00668	0.00499	0.00356	0.00154	0.00409	0.00321	0.00372	0.00616
21	0.00914	0.00523	0.00659	0.00683	0.00806	0.00479	0.00504	0.01054	0.01081	0.13416	0.02803	0.41461	0.13733	0.01226	0.00574	0.00181	0.00311	0.07171	0.11932	0.00488
22	0.01545	0.00719	0.00923	0.00774	0.01050	0.00642	0.00614	0.01788	0.05552	0.44495	0.12143	0.09655	0.16193	0.00872	0.00540	0.00162	0.00356	0.00737	0.00560	0.00680
23	0.00723	0.00492	0.00587	0.00587	0.00602	0.00507	0.00356	0.00752	0.00738	0.00998	0.01531	0.03044	0.01718	0.69325	0.15565	0.00536	0.00626	0.00693	0.00296	0.00326
24	0.00941	0.00886	0.01495	0.81285	0.03433	0.01107	0.01384	0.01274	0.00997	0.01274	0.00886	0.01329	0.00664	0.00498	0.00498	0.00166	0.00664	0.00443	0.00221	0.00554
25	0.01034	0.00886	0.01034	0.00738	0.01181	0.00664	0.00591	0.01255	0.01034	0.01624	0.00886	0.01034	0.00738	0.00369	0.00369	0.00074	0.00369	0.00295	0.00295	0.85530
26	0.00591	0.00499	0.00511	0.00522	0.00678	0.00419	0.00386	0.00713	0.01120	0.01340	0.04845	0.11651	0.72449	0.01289	0.00593	0.00171	0.00256	0.01084	0.00463	0.00419
27	0.01166	0.01457	0.11603	0.02132	0.13340	0.01237	0.56362	0.01610	0.02965	0.01610	0.01009	0.01307	0.00765	0.00436	0.00560	0.00164	0.00783	0.00542	0.00253	0.00699
28	0.01110	0.00931	0.01075	0.00774	0.01214	0.00743	0.00622	0.08029	0.01150	0.01759	0.00913	0.01048	0.00748	0.00389	0.00381	0.00081	0.00385	0.00309	0.00313	0.78027
29	0.00828	0.00704	0.00738	0.00707	0.00904	0.00717	0.00536	0.01417	0.29264	0.01609	0.03742	0.10722	0.44053	0.01076	0.00564	0.00172	0.00307	0.00907	0.00479	0.00553
30	0.01082	0.01306	0.16753	0.01146	0.01522	0.01092	0.10116	0.02001	0.41081	0.01838	0.06062	0.02074	0.10334	0.00691	0.00524	0.00166	0.00491	0.00602	0.00415	0.00706
31	0.00646	0.00471	0.00608	0.00650	0.00727	0.00433	0.00458	0.00797	0.01157	0.01576	0.34159	0.43249	0.10594	0.01313	0.00612	0.00181	0.00264	0.01174	0.00498	0.00433
32	0.07884	0.01077	0.01189	0.00977	0.01311	0.01162	0.00787	0.24460	0.28411	0.20495	0.05704	0.01647	0.01351	0.00642	0.00493	0.00158	0.00438	0.00511	0.00518	0.00785
33	0.01049	0.10370	0.00993	0.00729	0.00921	0.04588	0.00576	0.01247	0.01315	0.13221	0.45527	0.10987	0.04687	0.00925	0.00542	0.00154	0.00336	0.00795	0.00494	0.00544
34	0.01367	0.06426	0.01281	0.01076	0.04675	0.03202	0.00820	0.11951	0.46998	0.07229	0.08080	0.01797	0.01566	0.00660	0.00498	0.00159	0.00433	0.00542	0.00480	0.00759
35	0.05360	0.09616	0.29633	0.01692	0.22623	0.12910	0.01363	0.01587	0.02318	0.01568	0.06032	0.01231	0.00954	0.00506	0.00461	0.00146	0.00647	0.00405	0.00259	0.00692
36	0.05844	0.33006	0.21707	0.01063	0.02739	0.11812	0.01072	0.01623	0.03462	0.06409	0.01168	0.01238	0.05876	0.00527	0.00413	0.00135	0.00596	0.00378	0.00275	0.00657

[dist]
# distance from previous block
# <min> <max>
0	5

[block]
# block no. 3 follows, 50 sequences, length 6
# corresponding to MSA columns:
# 542-547
name=unknown_D
#
# <colnr> <probs for GDERKNQSTAVLIFYWHMCP>
#	G	D	E	R	K	N	Q	S	T	A	V	L	I	F	Y	W	H	M	C	P
0	0.04662	0.17942	0.19844	0.01376	0.14684	0.08900	0.01138	0.04829	0.01151	0.01589	0.03608	0.01105	0.00829	0.00468	0.00423	0.00127	0.00580	0.00361	0.00266	0.16119
1	0.01395	0.11265	0.09397	0.01303	0.07486	0.05554	0.13129	0.01689	0.03450	0.19072	0.01304	0.08026	0.01063	0.00591	0.00525	0.00147	0.03521	0.00512	0.00354	0.10219
2	0.01259	0.20538	0.44986	0.01230	0.01797	0.11337	0.01404	0.01702	0.04477	0.05528	0.00938	0.01044	0.00705	0.00484	0.00439	0.00143	0.00680	0.00355	0.00251	0.00703
3	0.09574	0.01429	0.01762	0.02430	0.54406	0.18888	0.01307	0.01626	0.01169	0.01596	0.00877	0.01118	0.00732	0.00461	0.00466	0.00144	0.00641	0.00400	0.00255	0.00718
4	0.19161	0.01400	0.14618	0.05613	0.18592	0.07520	0.01122	0.08724	0.04203	0.01836	0.04385	0.03200	0.00965	0.00645	0.02707	0.00174	0.03733	0.00435	0.00305	0.00662
5	0.01249	0.01206	0.05928	0.02258	0.49488	0.01151	0.01279	0.13777	0.04852	0.01856	0.01528	0.01680	0.10371	0.00581	0.00505	0.00152	0.00543	0.00520	0.00324	0.00751

[dist]
# distance from previous block
# <min> <max>
5	17

[block]
# block no. 4 follows, 50 sequences, length 40
# corresponding to MSA columns:
# 565-604
name=unknown_E
#
# <colnr> <probs for GDERKNQSTAVLIFYWHMCP>
#	G	D	E	R	K	N	Q	S	T	A	V	L	I	F	Y	W	H	M	C	P
0	0.01711	0.00732	0.00988	0.00798	0.01091	0.00643	0.00643	0.01918	0.01421	0.53045	0.28443	0.02392	0.02425	0.00755	0.00531	0.00155	0.00359	0.00639	0.00594	0.00719
1	0.00721	0.00497	0.00615	0.00615	0.00639	0.00522	0.00391	0.00770	0.00746	0.01019	0.01506	0.02902	0.01656	0.60754	0.24052	0.00571	0.00718	0.00672	0.00292	0.00341
2	0.01266	0.01062	0.01119	0.00985	0.01272	0.01205	0.00772	0.12264	0.61507	0.02156	0.02195	0.02040	0.08498	0.00719	0.00514	0.00166	0.00402	0.00593	0.00502	0.00763
3	0.01169	0.01118	0.01906	0.20358	0.62580	0.01167	0.01498	0.01473	0.01104	0.01550	0.00926	0.01255	0.00762	0.00456	0.00495	0.00152	0.00608	0.00444	0.00241	0.00737
4	0.01047	0.00898	0.01040	0.00757	0.01189	0.00703	0.00604	0.01349	0.06243	0.01655	0.00963	0.01089	0.00791	0.00390	0.00378	0.00080	0.00371	0.00313	0.00310	0.79829
5	0.00618	0.00438	0.00575	0.00680	0.00707	0.00412	0.00448	0.00697	0.00933	0.01245	0.02640	0.74980	0.03162	0.08923	0.00809	0.00228	0.00307	0.01354	0.00448	0.00396
6	0.01224	0.00880	0.01053	0.00762	0.01196	0.00675	0.00613	0.01441	0.01096	0.13982	0.01057	0.01139	0.00817	0.00408	0.00390	0.00087	0.00378	0.00328	0.00346	0.72129
7	0.01030	0.09875	0.72869	0.01369	0.02077	0.01232	0.01752	0.01571	0.01049	0.01542	0.00876	0.01029	0.00632	0.00469	0.00460	0.00153	0.00718	0.00359	0.00211	0.00728
8	0.86003	0.00964	0.00733	0.00655	0.00964	0.01118	0.00540	0.01465	0.00848	0.02236	0.00694	0.00810	0.00540	0.00463	0.00308	0.00154	0.00386	0.00270	0.00308	0.00540
9	0.00941	0.00886	0.01495	0.81285	0.03433	0.01107	0.01384	0.01274	0.00997	0.01274	0.00886	0.01329	0.00664	0.00498	0.00498	0.00166	0.00664	0.00443	0.00221	0.00554
10	0.00707	0.00498	0.00610	0.00612	0.00652	0.00514	0.00399	0.00768	0.00787	0.01059	0.01848	0.04675	0.08728	0.52273	0.23268	0.00534	0.00687	0.00718	0.00311	0.00353
11	0.02205	0.00898	0.01188	0.00910	0.01297	0.00807	0.00752	0.09278	0.01510	0.72752	0.01896	0.01651	0.01199	0.00615	0.00501	0.00154	0.00435	0.00496	0.00606	0.00848
12	0.00713	0.00531	0.00784	0.00784	0.00867	0.00614	0.00601	0.00879	0.00796	0.01144	0.01351	0.02046	0.01284	0.09036	0.75262	0.00780	0.01278	0.00547	0.00269	0.00435
13	0.01895	0.01396	0.01496	0.01147	0.01546	0.01546	0.00947	0.77711	0.02344	0.03141	0.01197	0.01197	0.00848	0.00598	0.00499	0.00150	0.00548	0.00449	0.00499	0.00848
14	0.00775	0.00555	0.00764	0.00835	0.00951	0.00544	0.00708	0.01006	0.01222	0.01636	0.24404	0.05082	0.03391	0.01275	0.00660	0.00209	0.00395	0.54639	0.00485	0.00462
15	0.01034	0.00886	0.01034	0.00738	0.01181	0.00664	0.00591	0.01255	0.01034	0.01624	0.00886	0.01034	0.00738	0.00369	0.00369	0.00074	0.00369	0.00295	0.00295	0.85530
16	0.01862	0.02376	0.01413	0.01284	0.01541	0.80482	0.00963	0.01990	0.01413	0.01220	0.00770	0.00899	0.00642	0.00514	0.00449	0.00128	0.00899	0.00321	0.00257	0.00578
17	0.01895	0.01396	0.01496	0.01147	0.01546	0.01546	0.00947	0.77711	0.02344	0.03141	0.01197	0.01197	0.00848	0.00598	0.00499	0.00150	0.00548	0.00449	0.00499	0.00848
18	0.02070	0.01115	0.01322	0.01013	0.01405	0.01128	0.00837	0.39017	0.01872	0.42502	0.01592	0.01454	0.01046	0.00608	0.00500	0.00152	0.00485	0.00476	0.00559	0.00848
19	0.01091	0.01091	0.01527	0.01309	0.01309	0.01527	0.01091	0.01200	0.00763	0.01200	0.00654	0.01091	0.00654	0.00872	0.01636	0.00218	0.81570	0.00436	0.00218	0.00545
20	0.01864	0.02322	0.01417	0.01277	0.01541	0.76156	0.00962	0.06140	0.01464	0.01325	0.00794	0.00915	0.00653	0.00518	0.00452	0.00130	0.00880	0.00328	0.00270	0.00593
21	0.01240	0.01071	0.01127	0.01014	0.01296	0.01240	0.00789	0.02649	0.78473	0.02085	0.02029	0.01860	0.01522	0.00676	0.00507	0.00169	0.00394	0.00564	0.00507	0.00789
22	0.00787	0.00485	0.00727	0.00727	0.00773	0.00531	0.00531	0.00773	0.00727	0.01016	0.01107	0.01743	0.01061	0.02763	0.42327	0.41964	0.00897	0.00485	0.00242	0.00334
23	0.00786	0.00568	0.00780	0.00883	0.01002	0.00561	0.00767	0.01009	0.01153	0.01494	0.04659	0.05521	0.08046	0.01361	0.00679	0.00224	0.00440	0.69151	0.00461	0.00457
24	0.86003	0.00964	0.00733	0.00655	0.00964	0.01118	0.00540	0.01465	0.00848	0.02236	0.00694	0.00810	0.00540	0.00463	0.00308	0.00154	0.00386	0.00270	0.00308	0.00540
