[name]
unknown

[dist]
# distance from previous block
# <min> <max>
13	374

[block]
# block no. 0 follows, 52 sequences, length 7
# corresponding to MSA columns:
# 534-540
name=unknown_A
#
# <colnr> <probs for GDERKNQSTAVLIFYWHMCP>
#	G	D	E	R	K	N	Q	S	T	A	V	L	I	F	Y	W	H	M	C	P
0	0.06634	0.13679	0.01384	0.12721	0.01541	0.01239	0.00845	0.17702	0.20745	0.09158	0.08327	0.01525	0.01282	0.00591	0.00457	0.00147	0.00462	0.00469	0.00408	0.00686
1	0.00949	0.08466	0.01856	0.01418	0.06703	0.00961	0.35091	0.01217	0.01109	0.01475	0.10174	0.16151	0.10750	0.00763	0.00550	0.00161	0.00550	0.00761	0.00332	0.00563
2	0.00780	0.00649	0.00721	0.00727	0.00792	0.07743	0.00514	0.00882	0.00833	0.01091	0.01534	0.14838	0.01641	0.27570	0.36919	0.00533	0.00845	0.00692	0.00299	0.00395
3	0.01292	0.01428	0.20153	0.06489	0.08766	0.12712	0.02633	0.01630	0.04389	0.16269	0.06601	0.07281	0.01380	0.00670	0.00502	0.00157	0.00571	0.06070	0.00358	0.00649
4	0.01034	0.05345	0.05849	0.00794	0.01033	0.08224	0.00655	0.01484	0.19309	0.06933	0.12584	0.02744	0.23221	0.07861	0.00677	0.00180	0.00408	0.00681	0.00421	0.00562
5	0.01105	0.00941	0.00987	0.08634	0.08224	0.12147	0.00732	0.03818	0.07744	0.01574	0.01277	0.01604	0.01058	0.06796	0.03027	0.00181	0.06184	0.00455	0.32978	0.00536
6	0.01134	0.10717	0.46629	0.01390	0.08491	0.07023	0.03455	0.06863	0.01121	0.01537	0.00912	0.01166	0.00725	0.06117	0.00587	0.00167	0.00668	0.00385	0.00238	0.00676

[dist]
# distance from previous block
# <min> <max>
5	44

[block]
# block no. 1 follows, 52 sequences, length 12
# corresponding to MSA columns:
# 596-607
name=unknown_B
#
# <colnr> <probs for GDERKNQSTAVLIFYWHMCP>
#	G	D	E	R	K	N	Q	S	T	A	V	L	I	F	Y	W	H	M	C	P
0	0.00811	0.08088	0.07583	0.00804	0.00952	0.07049	0.00658	0.00950	0.01000	0.01284	0.06007	0.49315	0.02497	0.01217	0.00616	0.03611	0.00401	0.06317	0.00386	0.00454
1	0.01438	0.29913	0.15047	0.07079	0.01577	0.01394	0.01014	0.16988	0.03387	0.13784	0.01067	0.01162	0.00806	0.02771	0.00475	0.00144	0.00543	0.00379	0.00333	0.00698
2	0.09644	0.01387	0.03854	0.06482	0.01538	0.21165	0.04953	0.12250	0.01298	0.13369	0.01003	0.01109	0.00749	0.00521	0.00525	0.00138	0.06732	0.00379	0.00337	0.12568
3	0.00714	0.07519	0.00753	0.00615	0.00776	0.00592	0.00480	0.03753	0.01150	0.01451	0.14916	0.16891	0.41772	0.01154	0.00560	0.00165	0.00295	0.05552	0.00443	0.00450
4	0.04825	0.26102	0.14951	0.01079	0.01449	0.35842	0.00998	0.01625	0.01156	0.01277	0.00952	0.03126	0.03687	0.00520	0.00408	0.00128	0.00683	0.00357	0.00244	0.00594
5	0.00790	0.00470	0.00661	0.06713	0.00830	0.00472	0.00471	0.00694	0.00743	0.00959	0.01586	0.02140	0.14189	0.08392	0.01614	0.57783	0.00412	0.00547	0.00258	0.00276
6	0.01089	0.34332	0.22292	0.01237	0.10443	0.01337	0.05159	0.01372	0.01027	0.01369	0.07828	0.01371	0.01088	0.07462	0.00588	0.00160	0.00562	0.00413	0.00248	0.00622
7	0.01344	0.04548	0.22167	0.08290	0.01725	0.07987	0.01150	0.15015	0.16883	0.07727	0.01183	0.01257	0.00873	0.00566	0.00558	0.00155	0.07097	0.00423	0.00346	0.00706
8	0.01369	0.14559	0.12871	0.01491	0.01925	0.24711	0.29804	0.04906	0.01218	0.01442	0.00857	0.01053	0.00672	0.00450	0.00473	0.00141	0.00761	0.00412	0.00245	0.00638
9	0.01191	0.00920	0.09750	0.00801	0.01109	0.00713	0.00711	0.08195	0.03985	0.20710	0.11506	0.06581	0.21999	0.00833	0.00516	0.00152	0.00381	0.02055	0.00460	0.07433
10	0.01016	0.06934	0.08059	0.00861	0.01036	0.09769	0.03938	0.01186	0.03437	0.04561	0.07508	0.02244	0.01516	0.38249	0.01463	0.00296	0.06581	0.00571	0.00305	0.00468
11	0.01393	0.02606	0.07130	0.01041	0.01374	0.03881	0.08319	0.06724	0.20952	0.21927	0.01868	0.07829	0.07098	0.00693	0.00530	0.00157	0.02478	0.00588	0.00442	0.02973

[dist]
# distance from previous block
# <min> <max>
0	49

[block]
# block no. 2 follows, 52 sequences, length 183
# corresponding to MSA columns:
# 664-846
name=unknown_C
#
# <colnr> <probs for GDERKNQSTAVLIFYWHMCP>
#	G	D	E	R	K	N	Q	S	T	A	V	L	I	F	Y	W	H	M	C	P
0	0.00920	0.01078	0.12037	0.19813	0.08000	0.02442	0.14557	0.01218	0.01081	0.02554	0.09261	0.12053	0.10339	0.00727	0.00529	0.00161	0.00546	0.00672	0.00315	0.01697
1	0.00934	0.01863	0.03804	0.00968	0.08596	0.01765	0.00696	0.06382	0.06909	0.03880	0.36892	0.07728	0.08635	0.00867	0.00564	0.00154	0.02641	0.01985	0.00448	0.04287
2	0.01418	0.03791	0.13338	0.02283	0.08801	0.07535	0.02053	0.30615	0.01571	0.07108	0.06092	0.07023	0.03530	0.00694	0.01817	0.00159	0.00557	0.00524	0.00389	0.00699
3	0.01471	0.19420	0.10568	0.01037	0.01408	0.13142	0.00937	0.26611	0.01479	0.05385	0.01122	0.08923	0.00967	0.00607	0.00462	0.00138	0.01775	0.00458	0.00348	0.03744
4	0.02320	0.11875	0.06043	0.01252	0.12848	0.09149	0.00907	0.07366	0.06503	0.01509	0.02941	0.22773	0.01518	0.00821	0.00601	0.00161	0.08414	0.02073	0.00334	0.00592
5	0.00693	0.00477	0.00564	0.00561	0.00591	0.00476	0.00347	0.00744	0.00816	0.01103	0.11397	0.04735	0.05597	0.60713	0.08851	0.00438	0.00497	0.00738	0.00331	0.00333
6	0.00899	0.00777	0.01057	0.00974	0.08230	0.00647	0.05133	0.01099	0.01028	0.01506	0.05618	0.20099	0.05049	0.00707	0.00463	0.00121	0.00375	0.00631	0.00338	0.45248
7	0.01420	0.09749	0.27928	0.01242	0.05141	0.10426	0.01201	0.29266	0.01516	0.02020	0.00980	0.01079	0.00729	0.00508	0.00447	0.00140	0.00619	0.00379	0.04492	0.00718
8	0.01072	0.05320	0.05232	0.03601	0.54481	0.01038	0.01264	0.01331	0.01065	0.01491	0.01261	0.14079	0.01241	0.00652	0.00502	0.00155	0.00527	0.04729	0.00280	0.00678
9	0.86392	0.00937	0.00712	0.00637	0.00937	0.01087	0.00525	0.01425	0.00825	0.02174	0.00675	0.00787	0.00525	0.00450	0.00300	0.00150	0.00375	0.00262	0.00300	0.00525
10	0.01172	0.19780	0.15502	0.00938	0.01383	0.03850	0.00912	0.06870	0.01099	0.02745	0.00842	0.00977	0.00685	0.00440	0.00445	0.00109	0.04830	0.00315	0.00268	0.36837
11	0.00704	0.00472	0.00538	0.00538	0.00542	0.00475	0.00306	0.00711	0.00708	0.00947	0.01518	0.03122	0.01740	0.79887	0.05519	0.00482	0.00502	0.00698	0.00292	0.00299
12	0.00698	0.00496	0.00663	0.00663	0.00709	0.00543	0.00461	0.00791	0.00744	0.01039	0.01404	0.02491	0.01466	0.40395	0.44637	0.00636	0.00914	0.00605	0.00275	0.00368
13	0.82584	0.04622	0.00794	0.00646	0.00951	0.01124	0.00538	0.01426	0.00832	0.02128	0.00675	0.00787	0.00529	0.00448	0.00300	0.00148	0.00381	0.00262	0.00296	0.00529
14	0.00590	0.00422	0.00562	0.00675	0.00703	0.00394	0.00450	0.00675	0.00928	0.01237	0.02671	0.82653	0.03205	0.01518	0.00619	0.00197	0.00281	0.01378	0.00450	0.00394
15	0.09281	0.00878	0.00981	0.00724	0.01134	0.00718	0.00580	0.01311	0.05095	0.01660	0.00902	0.01026	0.00739	0.00383	0.00360	0.00084	0.00362	0.00298	0.00299	0.73183
16	0.01335	0.32252	0.10116	0.05494	0.10562	0.19739	0.01038	0.04652	0.04181	0.01367	0.01008	0.01130	0.04223	0.00497	0.00410	0.00128	0.00617	0.00363	0.00254	0.00635
17	0.01246	0.01100	0.01754	0.13191	0.48469	0.01148	0.04288	0.06043	0.10609	0.05707	0.01102	0.01311	0.00861	0.00483	0.00486	0.00150	0.00561	0.00454	0.00300	0.00738
18	0.00694	0.00523	0.00669	0.00628	0.00736	0.00507	0.00472	0.00894	0.01279	0.01787	0.63785	0.03580	0.12517	0.04693	0.00710	0.00171	0.04548	0.00861	0.00497	0.00448
19	0.01117	0.01071	0.01837	0.25497	0.56608	0.01131	0.02866	0.01417	0.01066	0.01484	0.00898	0.01228	0.00732	0.00446	0.00483	0.00149	0.00600	0.00434	0.00233	0.00700
20	0.01096	0.03528	0.08300	0.29740	0.23980	0.02340	0.12106	0.02647	0.08607	0.01501	0.00997	0.01274	0.00772	0.00474	0.00489	0.00154	0.00629	0.00450	0.00256	0.00661
21	0.00707	0.00546	0.00720	0.04947	0.00966	0.00552	0.00630	0.00865	0.01026	0.01321	0.02897	0.21630	0.20298	0.05581	0.00762	0.00213	0.04044	0.31451	0.00417	0.00427
22	0.00585	0.00467	0.00517	0.00554	0.00664	0.00407	0.00392	0.00689	0.01025	0.01266	0.03989	0.30549	0.50223	0.05564	0.00686	0.00191	0.00269	0.01124	0.00442	0.00398
23	0.00849	0.00670	0.01014	0.17503	0.07231	0.00721	0.04199	0.00991	0.00899	0.04253	0.01605	0.24465	0.01732	0.26002	0.01190	0.00267	0.04844	0.00786	0.00322	0.00456
24	0.01117	0.20655	0.43940	0.05531	0.09008	0.01298	0.01422	0.01586	0.05792	0.03993	0.00929	0.01065	0.00703	0.00465	0.00432	0.00142	0.00624	0.00362	0.00239	0.00697
25	0.00956	0.00873	0.01056	0.00947	0.00995	0.05157	0.00728	0.01147	0.07435	0.01201	0.04636	0.01955	0.01280	0.26918	0.07348	0.00323	0.35753	0.00544	0.00281	0.00467
26	0.01106	0.01057	0.01799	0.28737	0.54909	0.01127	0.01441	0.01406	0.01059	0.01470	0.00895	0.01230	0.00728	0.00449	0.00481	0.00150	0.00599	0.00431	0.00232	0.00693
27	0.71304	0.01044	0.00901	0.05898	0.01200	0.06615	0.04081	0.01454	0.00886	0.02019	0.00705	0.00849	0.00549	0.00454	0.00333	0.00150	0.00446	0.00290	0.00289	0.00534
28	0.00573	0.00491	0.00491	0.00491	0.00655	0.00409	0.00368	0.00695	0.01105	0.01309	0.04909	0.04664	0.79750	0.01227	0.00573	0.00164	0.00245	0.01023	0.00450	0.00409
29	0.07577	0.10829	0.15618	0.01700	0.25920	0.08210	0.06121	0.01596	0.09115	0.01559	0.01049	0.05352	0.00890	0.00519	0.00452	0.00145	0.00582	0.00443	0.00273	0.02048
30	0.03073	0.15064	0.16671	0.01271	0.05739	0.11450	0.05100	0.30959	0.02776	0.02031	0.00957	0.01050	0.00723	0.00503	0.00447	0.00139	0.00620	0.00382	0.00328	0.00719
31	0.00602	0.00430	0.00575	0.00687	0.00720	0.00403	0.00469	0.00694	0.00939	0.01249	0.02665	0.78157	0.03181	0.01508	0.00621	0.00198	0.00291	0.05764	0.00450	0.00397
32	0.00783	0.00584	0.00841	0.00838	0.00932	0.00658	0.00643	0.00931	0.00837	0.01210	0.01379	0.02011	0.01287	0.03649	0.80002	0.00786	0.01316	0.00546	0.00289	0.00479
33	0.01141	0.44579	0.39863	0.01094	0.01653	0.01538	0.01290	0.01491	0.01003	0.01329	0.00768	0.00895	0.00618	0.00437	0.00383	0.00128	0.00613	0.00307	0.00206	0.00667
34	0.00842	0.00421	0.00631	0.00631	0.00631	0.00421	0.00421	0.00631	0.00631	0.00842	0.00842	0.01473	0.00842	0.01684	0.01894	0.85901	0.00421	0.00421	0.00210	0.00210
35	0.01144	0.01307	0.02859	0.02042	0.02533	0.01225	0.78186	0.01552	0.01144	0.01552	0.00980	0.01307	0.00735	0.00408	0.00572	0.00163	0.00817	0.00572	0.00245	0.00654
36	0.01144	0.32946	0.15817	0.18437	0.17085	0.02744	0.01240	0.01430	0.01013	0.01317	0.00794	0.01018	0.00654	0.00450	0.00433	0.00135	0.02130	0.00350	0.00216	0.00646
37	0.00977	0.02471	0.78145	0.01401	0.02110	0.01128	0.04068	0.01535	0.01027	0.01535	0.00873	0.01032	0.00617	0.00459	0.00464	0.00154	0.00719	0.00364	0.00206	0.00714
38	0.00903	0.00452	0.00452	0.00452	0.00565	0.00452	0.00339	0.01129	0.01016	0.01807	0.01581	0.01807	0.01242	0.00565	0.00339	0.00113	0.00226	0.00452	0.85659	0.00452
39	0.00590	0.00422	0.00562	0.00675	0.00703	0.00394	0.00450	0.00675	0.00928	0.01237	0.02671	0.82653	0.03205	0.01518	0.00619	0.00197	0.00281	0.01378	0.00450	0.00394
40	0.04927	0.01625	0.04476	0.09624	0.05135	0.37785	0.00963	0.05463	0.04781	0.14906	0.01098	0.03565	0.00852	0.00557	0.00481	0.00143	0.02244	0.00410	0.00333	0.00634
41	0.00590	0.00422	0.00562	0.00675	0.00703	0.00394	0.00450	0.00675	0.00928	0.01237	0.02671	0.82653	0.03205	0.01518	0.00619	0.00197	0.00281	0.01378	0.00450	0.00394
42	0.01050	0.04681	0.05258	0.00894	0.05359	0.00793	0.00711	0.02802	0.04067	0.01603	0.00905	0.01040	0.00742	0.00386	0.00376	0.00086	0.00400	0.00310	0.00289	0.68246
43	0.02174	0.00825	0.01125	0.00862	0.01237	0.00712	0.00712	0.02362	0.01387	0.80282	0.01912	0.01649	0.01200	0.00600	0.00487	0.00150	0.00412	0.00487	0.00600	0.00825
44	0.00591	0.00492	0.00517	0.00510	0.00666	0.00417	0.00383	0.00731	0.01148	0.01413	0.17198	0.04492	0.67396	0.01188	0.00573	0.00162	0.00243	0.00999	0.00464	0.00417
45	0.01052	0.04798	0.05760	0.29861	0.05255	0.04733	0.13306	0.01329	0.01027	0.02850	0.08499	0.01423	0.01051	0.00588	0.00708	0.00165	0.16283	0.00479	0.00259	0.00575
46	0.01112	0.01759	0.32495	0.01880	0.18815	0.05351	0.23341	0.01545	0.02331	0.01532	0.00973	0.01290	0.00766	0.00478	0.00518	0.00156	0.01824	0.02903	0.00239	0.00691
47	0.00928	0.00874	0.01476	0.78276	0.06766	0.01080	0.01352	0.01249	0.00975	0.01254	0.00864	0.01288	0.00651	0.00482	0.00484	0.00161	0.00643	0.00431	0.00216	0.00549
48	0.01114	0.01097	0.01705	0.32037	0.40771	0.05354	0.01370	0.01391	0.01037	0.01399	0.00861	0.01205	0.00704	0.00490	0.00572	0.00155	0.07432	0.00424	0.00229	0.00652
49	0.01810	0.02310	0.01373	0.01248	0.01498	0.81024	0.00936	0.01935	0.01373	0.01186	0.00749	0.00874	0.00624	0.00499	0.00437	0.00125	0.00874	0.00312	0.00250	0.00562
50	0.00590	0.00422	0.00562	0.00675	0.00703	0.00394	0.00450	0.00675	0.00928	0.01237	0.02671	0.82653	0.03205	0.01518	0.00619	0.00197	0.00281	0.01378	0.00450	0.00394
51	0.00584	0.00491	0.00506	0.00502	0.00661	0.00414	0.00377	0.00717	0.01130	0.01371	0.12148	0.04563	0.72472	0.01204	0.00573	0.00163	0.00244	0.01009	0.00458	0.00414
52	0.00692	0.00519	0.00779	0.00779	0.00865	0.00606	0.00606	0.00865	0.00779	0.01125	0.01298	0.01904	0.01211	0.03634	0.81049	0.00779	0.01298	0.00519	0.00260	0.00433
53	0.02174	0.00825	0.01125	0.00862	0.01237	0.00712	0.00712	0.02362	0.01387	0.80282	0.01912	0.01649	0.01200	0.00600	0.00487	0.00150	0.00412	0.00487	0.00600	0.00825
54	0.00590	0.00422	0.00562	0.00675	0.00703	0.00394	0.00450	0.00675	0.00928	0.01237	0.02671	0.82653	0.03205	0.01518	0.00619	0.00197	0.00281	0.01378	0.00450	0.00394
55	0.01005	0.00861	0.01005	0.00718	0.01148	0.00646	0.00574	0.01220	0.01005	0.01579	0.00861	0.01005	0.00718	0.00359	0.00359	0.00072	0.00359	0.00287	0.00287	0.85932
56	0.01205	0.01041	0.01096	0.00986	0.01260	0.01205	0.00767	0.02575	0.79071	0.02027	0.01972	0.01808	0.01479	0.00657	0.00493	0.00164	0.00384	0.00548	0.00493	0.00767
57	0.01842	0.01357	0.01454	0.01115	0.01503	0.01503	0.00921	0.78330	0.02278	0.03054	0.01163	0.01163	0.00824	0.00582	0.00485	0.00145	0.00533	0.00436	0.00485	0.00824
58	0.86392	0.00937	0.00712	0.00637	0.00937	0.01087	0.00525	0.01425	0.00825	0.02174	0.00675	0.00787	0.00525	0.00450	0.00300	0.00150	0.00375	0.00262	0.00300	0.00525
59	0.86392	0.00937	0.00712	0.00637	0.00937	0.01087	0.00525	0.01425	0.00825	0.02174	0.00675	0.00787	0.00525	0.00450	0.00300	0.00150	0.00375	0.00262	0.00300	0.00525
60	0.01199	0.01151	0.01967	0.02974	0.79946	0.01151	0.01487	0.01487	0.01103	0.01583	0.00912	0.01199	0.00768	0.00432	0.00480	0.00144	0.00576	0.00432	0.00240	0.00768
61	0.01205	0.01041	0.01096	0.00986	0.01260	0.01205	0.00767	0.02575	0.79071	0.02027	0.01972	0.01808	0.01479	0.00657	0.00493	0.00164	0.00384	0.00548	0.00493	0.00767
62	0.00590	0.00422	0.00562	0.00675	0.00703	0.00394	0.00450	0.00675	0.00928	0.01237	0.02671	0.82653	0.03205	0.01518	0.00619	0.00197	0.00281	0.01378	0.00450	0.00394
63	0.00686	0.00495	0.00648	0.00610	0.00724	0.00457	0.00457	0.00914	0.01372	0.01943	0.79691	0.03620	0.04572	0.00991	0.00572	0.00152	0.00229	0.00876	0.00533	0.00457
64	0.02127	0.00900	0.01171	0.00898	0.01275	0.00824	0.00742	0.13116	0.01513	0.69350	0.01806	0.01581	0.01146	0.00597	0.00487	0.00149	0.00429	0.00480	0.00584	0.00825
65	0.00972	0.02507	0.80458	0.01381	0.02097	0.01125	0.01790	0.01535	0.01023	0.01535	0.00870	0.01023	0.00614	0.00460	0.00460	0.00153	0.00716	0.00358	0.00205	0.00716
66	0.00573	0.00491	0.00491	0.00491	0.00655	0.00409	0.00368	0.00695	0.01105	0.01309	0.04909	0.04664	0.79750	0.01227	0.00573	0.00164	0.00245	0.01023	0.00450	0.00409
67	0.00672	0.00450	0.00585	0.00667	0.00726	0.00412	0.00456	0.00766	0.00969	0.05403	0.02848	0.70819	0.10531	0.01442	0.00607	0.00191	0.00285	0.01296	0.00458	0.00418
68	0.00753	0.00549	0.00743	0.00840	0.00958	0.00538	0.00727	0.00963	0.01114	0.01432	0.02875	0.05361	0.12932	0.01324	0.00657	0.00215	0.00420	0.66713	0.00447	0.00441
69	0.00602	0.00427	0.00559	0.00660	0.00685	0.00401	0.00434	0.00678	0.00905	0.01206	0.02553	0.74466	0.03056	0.09908	0.00809	0.00225	0.00301	0.01308	0.00434	0.00383
70	0.00915	0.00861	0.01453	0.81804	0.03338	0.01077	0.01346	0.01238	0.00969	0.01238	0.00861	0.01292	0.00646	0.00484	0.00484	0.00161	0.00646	0.00431	0.00215	0.00538
71	0.00972	0.02507	0.80458	0.01381	0.02097	0.01125	0.01790	0.01535	0.01023	0.01535	0.00870	0.01023	0.00614	0.00460	0.00460	0.00153	0.00716	0.00358	0.00205	0.00716
72	0.00635	0.00470	0.00592	0.00611	0.00705	0.00428	0.00439	0.00797	0.01178	0.01598	0.41110	0.30125	0.17112	0.01207	0.00587	0.00169	0.00249	0.01069	0.00491	0.00428
73	0.00591	0.00452	0.00545	0.00616	0.00697	0.00406	0.00433	0.00695	0.00999	0.01272	0.03481	0.51295	0.31023	0.01405	0.00604	0.00186	0.00275	0.04174	0.00450	0.00401
74	0.00812	0.00443	0.00484	0.00517	0.00605	0.00435	0.00371	0.00997	0.00990	0.01641	0.01898	0.25354	0.01814	0.00842	0.00420	0.00137	0.00242	0.00721	0.60841	0.00435
75	0.05416	0.00864	0.01416	0.74764	0.03145	0.01067	0.02423	0.01250	0.00965	0.01303	0.00867	0.01276	0.00653	0.00483	0.00473	0.00160	0.00626	0.00424	0.01886	0.00538
76	0.00973	0.01672	0.38023	0.07455	0.13468	0.06334	0.02469	0.01335	0.01035	0.01428	0.01283	0.19816	0.01237	0.00703	0.00501	0.00161	0.00602	0.00609	0.00271	0.00625
77	0.01015	0.00964	0.01629	0.53272	0.29406	0.01111	0.01388	0.01322	0.01010	0.01354	0.00874	0.01256	0.00687	0.00474	0.00506	0.00157	0.02305	0.00431	0.00224	0.00616
78	0.01744	0.08518	0.01439	0.01188	0.01451	0.70213	0.00910	0.04045	0.01358	0.01254	0.00780	0.00902	0.00648	0.00497	0.00426	0.00123	0.00817	0.00316	0.02800	0.00571
79	0.00696	0.00493	0.00639	0.00603	0.00717	0.00457	0.00452	0.00924	0.01356	0.01937	0.76195	0.03539	0.04423	0.00972	0.00561	0.00151	0.00228	0.00857	0.04343	0.00457
80	0.00619	0.00459	0.00585	0.00674	0.00744	0.00424	0.00489	0.00734	0.00995	0.01287	0.03107	0.53909	0.18638	0.01429	0.00618	0.00195	0.00302	0.13938	0.00449	0.00406
81	0.00705	0.00470	0.00529	0.00529	0.00529	0.00470	0.00294	0.00705	0.00705	0.00940	0.01527	0.03171	0.01762	0.82969	0.02467	0.00470	0.00470	0.00705	0.00294	0.00294
82	0.00579	0.00491	0.00499	0.00497	0.00658	0.00412	0.00373	0.00707	0.01119	0.01342	0.08844	0.04609	0.75794	0.01215	0.00573	0.00163	0.00245	0.01015	0.00454	0.00412
83	0.00622	0.00446	0.00590	0.00653	0.00710	0.00414	0.00452	0.00753	0.01073	0.01468	0.27842	0.56824	0.03652	0.01346	0.00603	0.00182	0.00264	0.01214	0.00477	0.00414
84	0.01005	0.00861	0.01005	0.00718	0.01148	0.00646	0.00574	0.01220	0.01005	0.01579	0.00861	0.01005	0.00718	0.00359	0.00359	0.00072	0.00359	0.00287	0.00287	0.85932
85	0.00692	0.00519	0.00779	0.00779	0.00865	0.00606	0.00606	0.00865	0.00779	0.01125	0.01298	0.01904	0.01211	0.03634	0.81049	0.00779	0.01298	0.00519	0.00260	0.00433
86	0.00686	0.00495	0.00648	0.00610	0.00724	0.00457	0.00457	0.00914	0.01372	0.01943	0.79691	0.03620	0.04572	0.00991	0.00572	0.00152	0.00229	0.00876	0.00533	0.00457
87	0.01842	0.01357	0.01454	0.01115	0.01503	0.01503	0.00921	0.78330	0.02278	0.03054	0.01163	0.01163	0.00824	0.00582	0.00485	0.00145	0.00533	0.00436	0.00485	0.00824
88	0.00578	0.00471	0.00511	0.00544	0.00668	0.00405	0.00392	0.00690	0.01054	0.01288	0.04265	0.27122	0.57707	0.01311	0.00586	0.00173	0.00256	0.01125	0.00450	0.00405
89	0.01172	0.00603	0.00804	0.00692	0.00892	0.00541	0.00541	0.01387	0.01377	0.27546	0.54271	0.02976	0.03470	0.00863	0.00544	0.00152	0.00289	0.00749	0.00555	0.00577
90	0.01144	0.01307	0.02859	0.02042	0.02533	0.01225	0.78186	0.01552	0.01144	0.01552	0.00980	0.01307	0.00735	0.00408	0.00572	0.00163	0.00817	0.00572	0.00245	0.00654
91	0.00972	0.02507	0.80458	0.01381	0.02097	0.01125	0.01790	0.01535	0.01023	0.01535	0.00870	0.01023	0.00614	0.00460	0.00460	0.00153	0.00716	0.00358	0.00205	0.00716
92	0.01199	0.01151	0.01967	0.02974	0.79946	0.01151	0.01487	0.01487	0.01103	0.01583	0.00912	0.01199	0.00768	0.00432	0.00480	0.00144	0.00576	0.00432	0.00240	0.00768
93	0.00681	0.00501	0.00645	0.00659	0.00771	0.00465	0.00512	0.00879	0.01237	0.01681	0.45358	0.11830	0.14706	0.01149	0.00597	0.00173	0.00282	0.16936	0.00495	0.00442
94	0.01498	0.01154	0.01230	0.00987	0.01297	0.08810	0.04818	0.38207	0.01701	0.09792	0.02032	0.02008	0.18969	0.00764	0.00568	0.03987	0.00498	0.00570	0.00440	0.00667
95	0.02019	0.13181	0.01360	0.00876	0.01257	0.00950	0.00745	0.07728	0.01391	0.62863	0.01673	0.01484	0.01086	0.00571	0.00461	0.00143	0.00437	0.00450	0.00533	0.00794
96	0.00682	0.00487	0.00667	0.00779	0.00847	0.00472	0.00608	0.00832	0.01018	0.01339	0.02621	0.45680	0.03006	0.01432	0.00643	0.00209	0.00360	0.37450	0.00448	0.00419
97	0.01685	0.01194	0.01313	0.01046	0.01384	0.01300	0.00856	0.62312	0.02035	0.07300	0.01427	0.09307	0.01180	0.00713	0.00508	0.00155	0.00497	0.04542	0.00486	0.00763
98	0.01005	0.00861	0.01005	0.00718	0.01148	0.00646	0.00574	0.01220	0.01005	0.01579	0.00861	0.01005	0.00718	0.00359	0.00359	0.00072	0.00359	0.00287	0.00287	0.85932
99	0.00699	0.00467	0.00530	0.00536	0.00538	0.00466	0.00302	0.00703	0.00716	0.00955	0.01586	0.07294	0.01837	0.78745	0.02371	0.00456	0.00460	0.00740	0.00302	0.00299
100	0.02155	0.00856	0.01144	0.00877	0.01253	0.00759	0.00725	0.06831	0.01439	0.75739	0.01868	0.01621	0.01177	0.00599	0.00487	0.00150	0.00419	0.00484	0.00593	0.00825
101	0.00630	0.00476	0.00533	0.00559	0.00681	0.00422	0.00413	0.00770	0.01084	0.01411	0.11242	0.21147	0.44294	0.01209	0.00565	0.00168	0.00260	0.05011	0.08706	0.00417
102	0.01472	0.20246	0.31556	0.01103	0.01600	0.11871	0.01177	0.01786	0.01157	0.22014	0.01082	0.01112	0.00770	0.00492	0.00431	0.00137	0.00613	0.00363	0.00315	0.00703
103	0.00676	0.00508	0.00666	0.00738	0.00786	0.00524	0.00525	0.00847	0.05466	0.01275	0.02395	0.59895	0.02773	0.05800	0.04377	0.00238	0.04598	0.07067	0.00423	0.00423
104	0.05799	0.39634	0.08129	0.01208	0.01630	0.10301	0.19523	0.01564	0.01072	0.04403	0.00818	0.00973	0.00666	0.00442	0.00427	0.00130	0.02048	0.00360	0.00241	0.00631
105	0.00705	0.00470	0.00529	0.00529	0.00529	0.00470	0.00294	0.00705	0.00705	0.00940	0.01527	0.03171	0.01762	0.82969	0.02467	0.00470	0.00470	0.00705	0.00294	0.00294
106	0.00596	0.00449	0.00535	0.00600	0.00670	0.00406	0.00408	0.00685	0.00965	0.01232	0.03303	0.49084	0.28461	0.09306	0.00782	0.00212	0.00288	0.01195	0.00435	0.00389
107	0.00664	0.00478	0.00628	0.00625	0.00719	0.00443	0.00456	0.00859	0.01270	0.01781	0.61997	0.21776	0.04258	0.01112	0.00582	0.00163	0.00241	0.00992	0.00514	0.00443
108	0.01042	0.19898	0.63678	0.01262	0.01914	0.01296	0.01583	0.01517	0.01015	0.01450	0.00827	0.00970	0.00616	0.00451	0.00428	0.00143	0.00674	0.00337	0.00205	0.00696
109	0.00972	0.02507	0.80458	0.01381	0.02097	0.01125	0.01790	0.01535	0.01023	0.01535	0.00870	0.01023	0.00614	0.00460	0.00460	0.00153	0.00716	0.00358	0.00205	0.00716
110	0.00692	0.00519	0.00779	0.00779	0.00865	0.00606	0.00606	0.00865	0.00779	0.01125	0.01298	0.01904	0.01211	0.03634	0.81049	0.00779	0.01298	0.00519	0.00260	0.00433
111	0.01400	0.01041	0.01111	0.00940	0.01230	0.01162	0.00748	0.25684	0.40277	0.05813	0.01662	0.01602	0.01230	0.00618	0.00467	0.00150	0.00407	0.00496	0.13221	0.00740
112	0.29683	0.00885	0.01005	0.00800	0.01151	0.00870	0.00660	0.05469	0.01243	0.51285	0.01474	0.01346	0.00962	0.00550	0.00426	0.00150	0.00406	0.00412	0.00497	0.00727
113	0.86392	0.00937	0.00712	0.00637	0.00937	0.01087	0.00525	0.01425	0.00825	0.02174	0.00675	0.00787	0.00525	0.00450	0.00300	0.00150	0.00375	0.00262	0.00300	0.00525
114	0.01179	0.01130	0.01930	0.08684	0.74398	0.01146	0.01477	0.01469	0.01094	0.01558	0.00908	0.01206	0.00759	0.00436	0.00480	0.00145	0.00581	0.00432	0.00238	0.00751
115	0.86392	0.00937	0.00712	0.00637	0.00937	0.01087	0.00525	0.01425	0.00825	0.02174	0.00675	0.00787	0.00525	0.00450	0.00300	0.00150	0.00375	0.00262	0.00300	0.00525
116	0.01214	0.01129	0.01988	0.03650	0.45591	0.01105	0.18960	0.04929	0.01170	0.04686	0.01070	0.01480	0.00893	0.00490	0.00506	0.00150	0.00605	0.04900	0.00280	0.05205
117	0.00819	0.00460	0.00485	0.00500	0.00613	0.00446	0.00376	0.01017	0.01027	0.01663	0.02228	0.09676	0.13251	0.00789	0.00416	0.00134	0.00245	0.04574	0.60841	0.00440
118	0.01005	0.00861	0.01005	0.00718	0.01148	0.00646	0.00574	0.01220	0.01005	0.01579	0.00861	0.01005	0.00718	0.00359	0.00359	0.00072	0.00359	0.00287	0.00287	0.85932
119	0.01005	0.00861	0.01005	0.00718	0.01148	0.00646	0.00574	0.01220	0.01005	0.01579	0.00861	0.01005	0.00718	0.00359	0.00359	0.00072	0.00359	0.00287	0.00287	0.85932
120	0.00931	0.00949	0.04722	0.31155	0.02197	0.00962	0.16859	0.01368	0.10459	0.01480	0.07018	0.03293	0.10484	0.00678	0.00532	0.00166	0.00559	0.05300	0.00321	0.00568
121	0.04118	0.01019	0.01548	0.06542	0.43981	0.00963	0.01119	0.01435	0.01071	0.05857	0.00939	0.01154	0.00760	0.00422	0.00436	0.00123	0.00496	0.00384	0.00275	0.27358
122	0.00960	0.00903	0.01545	0.71963	0.03176	0.01090	0.07225	0.03523	0.01022	0.01325	0.00891	0.01298	0.00668	0.00483	0.00489	0.00160	0.00649	0.00442	0.01633	0.00554
123	0.00953	0.00900	0.01522	0.71260	0.13585	0.01087	0.01365	0.01271	0.00987	0.01284	0.00868	0.01280	0.00662	0.00477	0.00484	0.00159	0.00637	0.00431	0.00219	0.00569
124	0.01182	0.01154	0.01834	0.04953	0.67091	0.04698	0.01388	0.01446	0.01089	0.01521	0.00983	0.05407	0.00879	0.00509	0.00528	0.00149	0.03742	0.00475	0.00249	0.00723
125	0.01057	0.01004	0.01704	0.39153	0.43199	0.01102	0.01402	0.01357	0.01038	0.01418	0.00923	0.02830	0.00759	0.00477	0.00485	0.00153	0.00602	0.00450	0.00233	0.00655
126	0.01363	0.01562	0.01639	0.23009	0.13527	0.34531	0.09726	0.01596	0.01168	0.01306	0.00835	0.01102	0.00672	0.00492	0.00521	0.00145	0.04389	0.00397	0.01427	0.00593
127	0.01603	0.01187	0.01287	0.02355	0.01394	0.01316	0.00841	0.52891	0.17138	0.04301	0.05484	0.01462	0.01174	0.00616	0.00484	0.00148	0.00473	0.00483	0.04592	0.00771
128	0.00593	0.00472	0.00532	0.00558	0.00677	0.00411	0.00403	0.00719	0.01090	0.01373	0.14193	0.26359	0.48357	0.01277	0.00585	0.00171	0.00253	0.01103	0.00461	0.00411
129	0.00701	0.00483	0.00594	0.00594	0.00617	0.00506	0.00376	0.00747	0.00724	0.00988	0.01467	0.02838	0.01617	0.62141	0.23097	0.00551	0.00687	0.00656	0.00285	0.00330
130	0.00626	0.00493	0.00564	0.00547	0.00687	0.00432	0.00410	0.00798	0.01230	0.01606	0.39920	0.04175	0.44554	0.01117	0.00572	0.00158	0.00238	0.00954	0.00489	0.00432
131	0.01569	0.00647	0.00804	0.00667	0.00917	0.00588	0.00534	0.01775	0.01210	0.42909	0.01754	0.01724	0.01220	0.00583	0.00417	0.00132	0.00324	0.00470	0.41108	0.00647
132	0.01510	0.01193	0.01268	0.01048	0.01376	0.01348	0.00841	0.38862	0.42287	0.02519	0.01585	0.01499	0.01165	0.00621	0.00489	0.00155	0.00455	0.00494	0.00489	0.00794
133	0.00584	0.00494	0.00506	0.00512	0.00673	0.00417	0.00390	0.00711	0.01105	0.01316	0.04788	0.04705	0.75758	0.01233	0.00578	0.00167	0.00256	0.04947	0.00450	0.00411
134	0.00972	0.02507	0.80458	0.01381	0.02097	0.01125	0.01790	0.01535	0.01023	0.01535	0.00870	0.01023	0.00614	0.00460	0.00460	0.00153	0.00716	0.00358	0.00205	0.00716
135	0.01199	0.01151	0.01967	0.02974	0.79946	0.01151	0.01487	0.01487	0.01103	0.01583	0.00912	0.01199	0.00768	0.00432	0.00480	0.00144	0.00576	0.00432	0.00240	0.00768
136	0.46255	0.00930	0.00938	0.00767	0.01103	0.00978	0.00632	0.08547	0.01171	0.32585	0.01198	0.01155	0.00813	0.00520	0.00389	0.00150	0.00403	0.00365	0.00433	0.00668
137	0.01470	0.00884	0.00997	0.00883	0.01101	0.08486	0.00687	0.08394	0.01268	0.32238	0.01944	0.28509	0.01809	0.00936	0.00591	0.00169	0.04723	0.03808	0.00479	0.00626
138	0.00722	0.00504	0.00634	0.00629	0.00753	0.00458	0.00476	0.00905	0.01228	0.05165	0.41917	0.15107	0.20749	0.01131	0.00583	0.00167	0.00267	0.07653	0.00498	0.00453
139	0.00590	0.00422	0.00562	0.00675	0.00703	0.00394	0.00450	0.00675	0.00928	0.01237	0.02671	0.82653	0.03205	0.01518	0.00619	0.00197	0.00281	0.01378	0.00450	0.00394
140	0.00726	0.00529	0.00704	0.00759	0.00848	0.00515	0.02025	0.00873	0.00997	0.01293	0.02564	0.13039	0.11178	0.20643	0.01076	0.00271	0.00418	0.40727	0.00407	0.00404
141	0.01296	0.83261	0.02539	0.00829	0.01244	0.01917	0.00829	0.01451	0.00985	0.01140	0.00674	0.00777	0.00622	0.00415	0.00311	0.00104	0.00518	0.00259	0.00207	0.00622
142	0.05127	0.01341	0.01426	0.01096	0.01481	0.01487	0.00906	0.75343	0.02222	0.03020	0.01144	0.01149	0.00812	0.00577	0.00478	0.00146	0.00527	0.00430	0.00478	0.00812
143	0.00592	0.00423	0.00564	0.00674	0.00703	0.00395	0.00450	0.00679	0.00935	0.01248	0.03876	0.81417	0.03227	0.01510	0.00618	0.00196	0.00280	0.01370	0.00451	0.00395
144	0.00663	0.00584	0.00574	0.00564	0.00716	0.04660	0.00421	0.00806	0.01167	0.01433	0.20364	0.07735	0.56303	0.01152	0.00567	0.00161	0.00277	0.00970	0.00457	0.00427
145	0.01071	0.26444	0.55900	0.01230	0.01852	0.01362	0.02923	0.01510	0.01014	0.01418	0.00814	0.00955	0.00619	0.00446	0.00418	0.00139	0.00659	0.00333	0.00206	0.00687
146	0.01616	0.00968	0.04198	0.00865	0.01160	0.08521	0.00714	0.05796	0.02742	0.41081	0.21045	0.05655	0.02032	0.00723	0.00508	0.00150	0.00424	0.00600	0.00519	0.00683
147	0.17414	0.14453	0.11505	0.01377	0.03278	0.09652	0.26861	0.04610	0.01099	0.01613	0.00831	0.01029	0.00652	0.00455	0.00479	0.00147	0.03266	0.00398	0.00254	0.00627
148	0.00915	0.00861	0.01453	0.81804	0.03338	0.01077	0.01346	0.01238	0.00969	0.01238	0.00861	0.01292	0.00646	0.00484	0.00484	0.00161	0.00646	0.00431	0.00215	0.00538
149	0.01626	0.00778	0.01005	0.00786	0.01131	0.00648	0.00632	0.01807	0.01226	0.47542	0.01862	0.09536	0.05341	0.00658	0.00470	0.00134	0.00377	0.00549	0.00494	0.23397
150	0.01463	0.16011	0.01612	0.05420	0.01487	0.40744	0.00974	0.01599	0.01107	0.01175	0.00710	0.00931	0.00628	0.00581	0.00740	0.00147	0.23535	0.00340	0.00230	0.00562
151	0.00972	0.02507	0.80458	0.01381	0.02097	0.01125	0.01790	0.01535	0.01023	0.01535	0.00870	0.01023	0.00614	0.00460	0.00460	0.00153	0.00716	0.00358	0.00205	0.00716
152	0.00577	0.00490	0.00498	0.00499	0.00658	0.00411	0.00373	0.00704	0.01112	0.01333	0.07777	0.05928	0.75548	0.01223	0.00573	0.00164	0.00245	0.01023	0.00453	0.00411
153	0.78208	0.00978	0.00784	0.00684	0.00992	0.01127	0.00563	0.08869	0.00965	0.02259	0.00722	0.00824	0.00554	0.00463	0.00318	0.00150	0.00390	0.00279	0.00318	0.00554
154	0.00607	0.00433	0.00581	0.00693	0.00729	0.00408	0.00478	0.00703	0.00944	0.01255	0.02662	0.76075	0.03170	0.01503	0.00623	0.00199	0.00295	0.07796	0.00450	0.00398
155	0.00638	0.00493	0.00581	0.00559	0.00694	0.00437	0.00419	0.00821	0.01258	0.01674	0.47900	0.04064	0.36531	0.01091	0.00572	0.00157	0.00236	0.00939	0.00498	0.00437
156	0.00724	0.00499	0.00645	0.00605	0.00724	0.00461	0.00455	0.00952	0.01351	0.03290	0.73797	0.03480	0.04320	0.00959	0.00557	0.00150	0.00232	0.00845	0.05493	0.00463
157	0.00643	0.00494	0.00588	0.00565	0.00698	0.00439	0.00424	0.00832	0.01271	0.01703	0.51364	0.04015	0.33049	0.01080	0.00572	0.00157	0.00235	0.00932	0.00502	0.00439
158	0.01296	0.83261	0.02539	0.00829	0.01244	0.01917	0.00829	0.01451	0.00985	0.01140	0.00674	0.00777	0.00622	0.00415	0.00311	0.00104	0.00518	0.00259	0.00207	0.00622
159	0.00972	0.02507	0.80458	0.01381	0.02097	0.01125	0.01790	0.01535	0.01023	0.01535	0.00870	0.01023	0.00614	0.00460	0.00460	0.00153	0.00716	0.00358	0.00205	0.00716
160	0.00590	0.00422	0.00562	0.00675	0.00703	0.00394	0.00450	0.00675	0.00928	0.01237	0.02671	0.82653	0.03205	0.01518	0.00619	0.00197	0.00281	0.01378	0.00450	0.00394
161	0.01060	0.01060	0.01484	0.01272	0.01272	0.01484	0.01060	0.01166	0.00742	0.01166	0.00636	0.01060	0.00636	0.00848	0.01590	0.00212	0.82082	0.00424	0.00212	0.00530
162	0.00690	0.00493	0.00676	0.00788	0.00860	0.00479	0.00622	0.00846	0.01026	0.01348	0.02616	0.42439	0.02988	0.01425	0.00645	0.00211	0.00367	0.40612	0.00448	0.00421
163	0.00588	0.00488	0.00514	0.00514	0.00665	0.00414	0.00383	0.00722	0.01130	0.01385	0.14160	0.08024	0.66923	0.01211	0.00575	0.00164	0.00245	0.01020	0.00460	0.00414
164	0.86392	0.00937	0.00712	0.00637	0.00937	0.01087	0.00525	0.01425	0.00825	0.02174	0.00675	0.00787	0.00525	0.00450	0.00300	0.00150	0.00375	0.00262	0.00300	0.00525
165	0.01020	0.14573	0.68816	0.01299	0.01970	0.01244	0.01647	0.01522	0.01017	0.01476	0.00840	0.00986	0.00615	0.00454	0.00438	0.00146	0.00687	0.00343	0.00205	0.00702
166	0.01120	0.04349	0.07220	0.26004	0.16017	0.01125	0.14538	0.08277	0.01150	0.01584	0.00911	0.01185	0.00706	0.00448	0.00472	0.00141	0.00610	0.00423	0.00259	0.13461
167	0.48305	0.00966	0.01012	0.22519	0.01642	0.03377	0.00809	0.05397	0.00949	0.01842	0.00779	0.01009	0.00613	0.00631	0.04059	0.00184	0.04750	0.00338	0.00279	0.00541
168	0.00915	0.00861	0.01453	0.81804	0.03338	0.01077	0.01346	0.01238	0.00969	0.01238	0.00861	0.01292	0.00646	0.00484	0.00484	0.00161	0.00646	0.00431	0.00215	0.00538
169	0.86392	0.00937	0.00712	0.00637	0.00937	0.01087	0.00525	0.01425	0.00825	0.02174	0.00675	0.00787	0.00525	0.00450	0.00300	0.00150	0.00375	0.00262	0.00300	0.00525
170	0.01826	0.00822	0.01093	0.00861	0.01182	0.00762	0.00705	0.06068	0.01352	0.56772	0.09274	0.01762	0.01453	0.00774	0.04167	0.00177	0.04735	0.00510	0.00535	0.05170
171	0.01075	0.00886	0.00905	0.00830	0.01026	0.05566	0.00641	0.01860	0.40030	0.01853	0.12739	0.01984	0.01771	0.00778	0.03124	0.00170	0.03557	0.00553	0.20031	0.00619
172	0.00590	0.00422	0.00562	0.00675	0.00703	0.00394	0.00450	0.00675	0.00928	0.01237	0.02671	0.82653	0.03205	0.01518	0.00619	0.00197	0.00281	0.01378	0.00450	0.00394
173	0.00972	0.02507	0.80458	0.01381	0.02097	0.01125	0.01790	0.01535	0.01023	0.01535	0.00870	0.01023	0.00614	0.00460	0.00460	0.00153	0.00716	0.00358	0.00205	0.00716
174	0.01374	0.00703	0.00912	0.00817	0.01053	0.00661	0.00665	0.05037	0.05386	0.33621	0.09874	0.10764	0.07774	0.00944	0.00556	0.00173	0.00381	0.18156	0.00522	0.00627
175	0.00632	0.00442	0.00564	0.00645	0.00669	0.00423	0.00423	0.00700	0.00875	0.01165	0.02345	0.56471	0.02780	0.24309	0.01138	0.00275	0.00342	0.05027	0.00406	0.00368
176	0.00585	0.00442	0.00542	0.00622	0.00689	0.00398	0.00426	0.00681	0.00979	0.01258	0.03315	0.60194	0.25248	0.01434	0.00605	0.00187	0.00271	0.01275	0.00450	0.00398
177	0.01267	0.01036	0.01104	0.00982	0.01263	0.01185	0.00767	0.03974	0.73612	0.06105	0.01954	0.01788	0.01453	0.00653	0.00493	0.00163	0.00388	0.00543	0.00498	0.00771
178	0.01199	0.01151	0.01967	0.02974	0.79946	0.01151	0.01487	0.01487	0.01103	0.01583	0.00912	0.01199	0.00768	0.00432	0.00480	0.00144	0.00576	0.00432	0.00240	0.00768
179	0.00677	0.00520	0.00623	0.00597	0.00731	0.00481	0.00447	0.00931	0.05368	0.01741	0.51442	0.06337	0.26195	0.01059	0.00569	0.00158	0.00243	0.00918	0.00504	0.00458
180	0.00882	0.00785	0.01394	0.01263	0.04469	0.00756	0.22777	0.01154	0.01133	0.01500	0.06216	0.05417	0.05686	0.01019	0.00624	0.00196	0.00533	0.43293	0.00386	0.00516
181	0.00929	0.00544	0.00710	0.00665	0.00766	0.00543	0.00475	0.01043	0.00940	0.13522	0.13457	0.02712	0.01977	0.35266	0.22494	0.00448	0.00641	0.02055	0.00372	0.00441
182	0.00728	0.00553	0.00616	0.00675	0.00752	0.04656	0.00466	0.00822	0.00993	0.04771	0.02876	0.57520	0.16295	0.05033	0.00678	0.00197	0.00320	0.01189	0.00439	0.00420

[dist]
# distance from previous block
# <min> <max>
0	1

[block]
# block no. 3 follows, 52 sequences, length 55
# corresponding to MSA columns:
# 848-902
name=unknown_D
#
# <colnr> <probs for GDERKNQSTAVLIFYWHMCP>
#	G	D	E	R	K	N	Q	S	T	A	V	L	I	F	Y	W	H	M	C	P
0	0.01361	0.08737	0.01742	0.22817	0.15185	0.31797	0.08725	0.01596	0.01165	0.01298	0.00822	0.01073	0.00665	0.00468	0.00459	0.00140	0.00727	0.00384	0.00235	0.00604
1	0.01862	0.00757	0.01016	0.00802	0.01127	0.00657	0.00654	0.02051	0.01365	0.64239	0.12624	0.02124	0.07088	0.00696	0.00505	0.00151	0.00376	0.00577	0.00580	0.00746
2	0.32075	0.01514	0.01126	0.03749	0.05096	0.33928	0.00786	0.03982	0.01134	0.01666	0.00760	0.00897	0.00613	0.00464	0.00384	0.00130	0.00602	0.00305	0.00278	0.10512
3	0.00573	0.00491	0.00491	0.00491	0.00655	0.00409	0.00368	0.00695	0.01105	0.01309	0.04909	0.04664	0.79750	0.01227	0.00573	0.00164	0.00245	0.01023	0.00450	0.00409
4	0.01144	0.01307	0.02859	0.02042	0.02533	0.01225	0.78186	0.01552	0.01144	0.01552	0.00980	0.01307	0.00735	0.00408	0.00572	0.00163	0.00817	0.00572	0.00245	0.00654
5	0.00588	0.00492	0.00512	0.00507	0.00664	0.00416	0.00380	0.00725	0.01140	0.01394	0.14920	0.04524	0.69686	0.01196	0.00573	0.00162	0.00243	0.01003	0.00461	0.00416
6	0.00673	0.00495	0.00630	0.00596	0.00716	0.00452	0.00447	0.00890	0.01342	0.01873	0.71393	0.03736	0.12914	0.01017	0.00572	0.00154	0.00230	0.00893	0.00524	0.00452
7	0.86392	0.00937	0.00712	0.00637	0.00937	0.01087	0.00525	0.01425	0.00825	0.02174	0.00675	0.00787	0.00525	0.00450	0.00300	0.00150	0.00375	0.00262	0.00300	0.00525
8	0.00781	0.00558	0.00781	0.00892	0.01004	0.00558	0.00781	0.01004	0.01116	0.01450	0.02566	0.05466	0.02789	0.01339	0.00669	0.00223	0.00446	0.76685	0.00446	0.00446
9	0.01934	0.01424	0.01520	0.01182	0.01574	0.01552	0.00962	0.77131	0.02325	0.03126	0.01265	0.01308	0.00923	0.00650	0.00530	0.00165	0.00568	0.00470	0.00517	0.00875
10	0.02174	0.00825	0.01125	0.00862	0.01237	0.00712	0.00712	0.02362	0.01387	0.80282	0.01912	0.01649	0.01200	0.00600	0.00487	0.00150	0.00412	0.00487	0.00600	0.00825
11	0.01205	0.01041	0.01096	0.00986	0.01260	0.01205	0.00767	0.02575	0.79071	0.02027	0.01972	0.01808	0.01479	0.00657	0.00493	0.00164	0.00384	0.00548	0.00493	0.00767
12	0.00573	0.00491	0.00491	0.00491	0.00655	0.00409	0.00368	0.00695	0.01105	0.01309	0.04909	0.04664	0.79750	0.01227	0.00573	0.00164	0.00245	0.01023	0.00450	0.00409
13	0.73182	0.00941	0.00790	0.00683	0.00995	0.01060	0.00563	0.04625	0.00949	0.11309	0.00839	0.00903	0.00615	0.00473	0.00329	0.00150	0.00386	0.00296	0.00342	0.00572
14	0.01810	0.02310	0.01373	0.01248	0.01498	0.81024	0.00936	0.01935	0.01373	0.01186	0.00749	0.00874	0.00624	0.00499	0.00437	0.00125	0.00874	0.00312	0.00250	0.00562
15	0.00590	0.00422	0.00562	0.00675	0.00703	0.00394	0.00450	0.00675	0.00928	0.01237	0.02671	0.82653	0.03205	0.01518	0.00619	0.00197	0.00281	0.01378	0.00450	0.00394
16	0.01628	0.06981	0.03182	0.01245	0.06116	0.17285	0.06258	0.22683	0.15186	0.12682	0.01257	0.01268	0.00923	0.00546	0.00470	0.00144	0.00584	0.00433	0.00399	0.00730
17	0.01010	0.11915	0.71381	0.01317	0.01998	0.01218	0.01678	0.01525	0.01019	0.01489	0.00847	0.00994	0.00615	0.00455	0.00443	0.00148	0.00693	0.00347	0.00205	0.00705
18	0.00618	0.00485	0.00558	0.00555	0.00686	0.00426	0.00411	0.00777	0.01188	0.01544	0.33275	0.12390	0.43024	0.01167	0.00577	0.00163	0.00243	0.01004	0.00482	0.00426
19	0.02014	0.01081	0.01283	0.00984	0.01365	0.01093	0.00813	0.38925	0.01816	0.43112	0.01552	0.01416	0.01019	0.00591	0.00486	0.00148	0.00471	0.00463	0.00544	0.00824
20	0.01399	0.01274	0.02789	0.21835	0.12717	0.12291	0.05384	0.17031	0.11814	0.06960	0.01138	0.01285	0.00848	0.00525	0.00483	0.00150	0.00606	0.00442	0.00341	0.00689
21	0.00705	0.00470	0.00529	0.00529	0.00529	0.00470	0.00294	0.00705	0.00705	0.00940	0.01527	0.03171	0.01762	0.82969	0.02467	0.00470	0.00470	0.00705	0.00294	0.00294
22	0.00652	0.00466	0.00633	0.00745	0.00800	0.00447	0.00557	0.00781	0.00989	0.01306	0.02637	0.57653	0.03070	0.01460	0.00635	0.00205	0.00335	0.25768	0.00449	0.00411
23	0.01263	0.01389	0.03379	0.04521	0.12313	0.31216	0.00883	0.06819	0.01199	0.01377	0.01322	0.19612	0.01348	0.06577	0.04446	0.00202	0.00653	0.00621	0.00311	0.00550
24	0.02174	0.00825	0.01125	0.00862	0.01237	0.00712	0.00712	0.02362	0.01387	0.80282	0.01912	0.01649	0.01200	0.00600	0.00487	0.00150	0.00412	0.00487	0.00600	0.00825
25	0.01296	0.83261	0.02539	0.00829	0.01244	0.01917	0.00829	0.01451	0.00985	0.01140	0.00674	0.00777	0.00622	0.00415	0.00311	0.00104	0.00518	0.00259	0.00207	0.00622
26	0.00658	0.00494	0.00609	0.00580	0.00707	0.00445	0.00435	0.00861	0.01306	0.01787	0.61306	0.03876	0.23054	0.01049	0.00572	0.00155	0.00233	0.00912	0.00513	0.00445
27	0.00693	0.00516	0.00761	0.00761	0.00842	0.00596	0.00584	0.00854	0.00774	0.01112	0.01314	0.01993	0.01250	0.09248	0.75488	0.00757	0.01239	0.00532	0.00262	0.00423
28	0.01231	0.00991	0.01056	0.00932	0.01185	0.01138	0.00732	0.11392	0.55098	0.02084	0.01765	0.01702	0.01333	0.00642	0.00511	0.00156	0.03492	0.00515	0.13328	0.00717
29	0.00942	0.00904	0.01573	0.73156	0.06201	0.01090	0.06788	0.01270	0.00986	0.01274	0.00872	0.01290	0.00657	0.00477	0.00490	0.00161	0.00655	0.00441	0.00218	0.00555
30	0.34870	0.38076	0.01644	0.00808	0.01163	0.07026	0.00725	0.08219	0.01062	0.01718	0.00722	0.00822	0.00602	0.00449	0.00331	0.00127	0.00488	0.00280	0.00271	0.00597
31	0.00705	0.00470	0.00529	0.00529	0.00529	0.00470	0.00294	0.00705	0.00705	0.00940	0.01527	0.03171	0.01762	0.82969	0.02467	0.00470	0.00470	0.00705	0.00294	0.00294
32	0.00915	0.00861	0.01453	0.81804	0.03338	0.01077	0.01346	0.01238	0.00969	0.01238	0.00861	0.01292	0.00646	0.00484	0.00484	0.00161	0.00646	0.00431	0.00215	0.00538
33	0.01005	0.00861	0.01005	0.00718	0.01148	0.00646	0.00574	0.01220	0.01005	0.01579	0.00861	0.01005	0.00718	0.00359	0.00359	0.00072	0.00359	0.00287	0.00287	0.85932
34	0.00678	0.00495	0.00637	0.00601	0.00719	0.00454	0.00451	0.00899	0.01353	0.01899	0.74518	0.03692	0.09773	0.01007	0.00572	0.00153	0.00230	0.00887	0.00528	0.00454
35	0.00972	0.02507	0.80458	0.01381	0.02097	0.01125	0.01790	0.01535	0.01023	0.01535	0.00870	0.01023	0.00614	0.00460	0.00460	0.00153	0.00716	0.00358	0.00205	0.00716
