[name]
unknown

[dist]
# distance from previous block
# <min> <max>
0	95

[block]
# block no. 0 follows, 51 sequences, length 8
# corresponding to MSA columns:
# 95-102
name=unknown_A
#
# <colnr> <probs for GDERKNQSTAVLIFYWHMCP>
#	G	D	E	R	K	N	Q	S	T	A	V	L	I	F	Y	W	H	M	C	P
0	0.00691	0.00627	0.05288	0.00681	0.00842	0.00503	0.00572	0.00904	0.01227	0.01645	0.37037	0.08147	0.25153	0.01127	0.00592	0.00172	0.00305	0.13547	0.00478	0.00460
1	0.01530	0.01980	0.08213	0.01234	0.04465	0.55517	0.00961	0.01710	0.01296	0.01319	0.05543	0.07551	0.01085	0.00604	0.00465	0.00135	0.00748	0.00443	0.00284	0.04918
2	0.00971	0.00951	0.01388	0.68071	0.03002	0.07352	0.01252	0.01261	0.01011	0.01251	0.01026	0.08404	0.00881	0.00585	0.00499	0.00164	0.00641	0.00512	0.00242	0.00535
3	0.00704	0.00519	0.00751	0.00751	0.00825	0.00593	0.00566	0.00853	0.00778	0.01112	0.01352	0.02127	0.01314	0.15769	0.68815	0.00742	0.01188	0.00555	0.00269	0.00417
4	0.01331	0.37516	0.01770	0.03238	0.01319	0.06128	0.00815	0.01938	0.28905	0.06671	0.04789	0.01371	0.01161	0.00554	0.00418	0.00135	0.00481	0.00419	0.00358	0.00683
5	0.05465	0.11792	0.40187	0.01128	0.01621	0.01078	0.03892	0.01502	0.03581	0.08514	0.03093	0.13587	0.01200	0.00654	0.00474	0.00156	0.00570	0.00542	0.00305	0.00658
6	0.01325	0.15631	0.18394	0.01369	0.09827	0.04498	0.07322	0.08227	0.19935	0.06853	0.01220	0.01276	0.00919	0.00521	0.00463	0.00147	0.00574	0.00431	0.00337	0.00733
7	0.01225	0.04713	0.01742	0.01989	0.37556	0.01052	0.10657	0.02966	0.02616	0.09450	0.01242	0.08824	0.01111	0.05814	0.00667	0.00173	0.03360	0.00555	0.00313	0.03974

[dist]
# distance from previous block
# <min> <max>
2	11

[block]
# block no. 1 follows, 51 sequences, length 26
# corresponding to MSA columns:
# 114-139
name=unknown_B
#
# <colnr> <probs for GDERKNQSTAVLIFYWHMCP>
#	G	D	E	R	K	N	Q	S	T	A	V	L	I	F	Y	W	H	M	C	P
0	0.01483	0.03787	0.11795	0.01403	0.15398	0.09313	0.01050	0.15293	0.08939	0.15859	0.02646	0.08391	0.01175	0.00633	0.00492	0.00152	0.00544	0.00523	0.00396	0.00728
1	0.01319	0.02704	0.01991	0.06702	0.11616	0.24574	0.29445	0.02763	0.01193	0.01425	0.01021	0.07267	0.00895	0.00557	0.00567	0.00155	0.04399	0.00524	0.00265	0.00619
2	0.01077	0.02414	0.74231	0.01361	0.02061	0.01110	0.01733	0.01619	0.01065	0.07464	0.00961	0.01085	0.00667	0.00478	0.00469	0.00155	0.00703	0.00373	0.00238	0.00735
3	0.05163	0.21462	0.30763	0.01127	0.01627	0.08829	0.01198	0.11773	0.04745	0.07504	0.00982	0.01054	0.00733	0.00495	0.00428	0.00140	0.00615	0.00359	0.00297	0.00705
4	0.01050	0.03958	0.24167	0.04909	0.12246	0.00936	0.03399	0.04762	0.01107	0.07850	0.01672	0.21981	0.05844	0.00806	0.00554	0.00166	0.02933	0.00696	0.00337	0.00628
5	0.00686	0.00636	0.00583	0.00585	0.00747	0.06471	0.00440	0.00813	0.01131	0.01320	0.04425	0.08881	0.65759	0.01211	0.00577	0.00168	0.00308	0.04392	0.00441	0.00427
6	0.00599	0.00428	0.00570	0.00684	0.00713	0.00399	0.00456	0.00684	0.00941	0.01254	0.02709	0.82409	0.03250	0.01540	0.00627	0.00200	0.00285	0.01397	0.00456	0.00399
7	0.01114	0.01668	0.25482	0.01959	0.09300	0.01206	0.48778	0.01563	0.01120	0.01572	0.00955	0.01231	0.00712	0.00432	0.00538	0.00161	0.00777	0.00504	0.00236	0.00692
8	0.01173	0.01159	0.01976	0.16562	0.53134	0.02991	0.10694	0.01511	0.03136	0.01543	0.00948	0.01255	0.00768	0.00452	0.00498	0.00152	0.00628	0.00455	0.00246	0.00719
9	0.00604	0.00436	0.00574	0.00682	0.00720	0.00405	0.00463	0.00696	0.00956	0.01265	0.02822	0.75978	0.07154	0.01519	0.00626	0.00199	0.00289	0.03756	0.00456	0.00402
10	0.00953	0.00974	0.01944	0.03833	0.07721	0.00926	0.41828	0.01236	0.01072	0.01451	0.01610	0.30835	0.01657	0.00828	0.00588	0.00176	0.00607	0.00863	0.00323	0.00572
11	0.01413	0.03369	0.01909	0.11783	0.26359	0.01134	0.18362	0.08256	0.01260	0.17185	0.01170	0.02404	0.00874	0.00506	0.00523	0.00155	0.01785	0.00489	0.00337	0.00728
12	0.01214	0.01164	0.01746	0.28313	0.43663	0.06285	0.01380	0.07481	0.01186	0.01583	0.00917	0.01223	0.00733	0.00472	0.00486	0.00151	0.00623	0.00430	0.00255	0.00694
13	0.01128	0.00774	0.01132	0.03470	0.24505	0.00731	0.00823	0.01337	0.01211	0.16928	0.18376	0.02703	0.19557	0.04407	0.00618	0.00169	0.00399	0.00691	0.00427	0.00615
14	0.01225	0.05398	0.48243	0.01458	0.10173	0.01089	0.04859	0.01662	0.01107	0.13872	0.01049	0.01157	0.00744	0.00476	0.00466	0.00148	0.00638	0.00393	0.00281	0.05562
15	0.01177	0.01235	0.05236	0.02439	0.56122	0.07196	0.03972	0.01477	0.03051	0.01544	0.01256	0.07475	0.04503	0.00569	0.00501	0.00151	0.00579	0.00532	0.00275	0.00711
16	0.01213	0.01066	0.01750	0.28271	0.46228	0.01139	0.01386	0.05813	0.01158	0.05834	0.00977	0.01269	0.00765	0.00473	0.00489	0.00152	0.00596	0.00441	0.00269	0.00709
17	0.01409	0.01188	0.09452	0.13651	0.39738	0.01057	0.01312	0.03959	0.01196	0.20471	0.01165	0.01321	0.00852	0.00494	0.00487	0.00151	0.00567	0.00444	0.00331	0.00755
18	0.00900	0.00901	0.04807	0.44866	0.10333	0.00949	0.03422	0.01231	0.04484	0.01357	0.01618	0.12008	0.09698	0.00707	0.00520	0.00167	0.00553	0.00631	0.00290	0.00558
19	0.01137	0.07143	0.01625	0.20991	0.28411	0.01090	0.04418	0.05736	0.03601	0.05033	0.01288	0.11550	0.01182	0.00650	0.00506	0.00159	0.00548	0.03972	0.00309	0.00651
20	0.01154	0.01028	0.01654	0.26596	0.30686	0.01165	0.03038	0.02971	0.01050	0.06094	0.01024	0.01333	0.02694	0.00565	0.00701	0.00165	0.15704	0.00456	0.00263	0.01660
21	0.08596	0.03407	0.08219	0.01626	0.25663	0.01090	0.05621	0.15047	0.02500	0.06263	0.05729	0.04079	0.08797	0.00623	0.00490	0.00152	0.00511	0.00538	0.00357	0.00691
22	0.01318	0.03631	0.15818	0.05082	0.16118	0.03298	0.04541	0.21189	0.07858	0.05121	0.01323	0.09323	0.01920	0.00629	0.00499	0.00156	0.00563	0.00537	0.00359	0.00719
23	0.01330	0.03735	0.05822	0.08693	0.18073	0.11848	0.06686	0.12648	0.07742	0.05649	0.08266	0.01605	0.04560	0.00586	0.00496	0.00150	0.00578	0.00502	0.00351	0.00681
24	0.01085	0.03594	0.30115	0.03853	0.08054	0.05349	0.05452	0.01527	0.07401	0.04218	0.07505	0.01581	0.04548	0.02816	0.00575	0.00158	0.03391	0.00476	0.00301	0.08004
25	0.01123	0.01153	0.13165	0.01266	0.13523	0.03605	0.04201	0.04868	0.04093	0.09127	0.07949	0.09762	0.10093	0.00707	0.00501	0.00146	0.00474	0.00613	0.00370	0.13261

[dist]
# distance from previous block
# <min> <max>
29	91

[block]
# block no. 2 follows, 51 sequences, length 21
# corresponding to MSA columns:
# 234-254
name=unknown_C
#
# <colnr> <probs for GDERKNQSTAVLIFYWHMCP>
#	G	D	E	R	K	N	Q	S	T	A	V	L	I	F	Y	W	H	M	C	P
0	0.03053	0.04217	0.15274	0.01299	0.09478	0.08418	0.06128	0.10772	0.10575	0.11634	0.02480	0.01558	0.06131	0.02128	0.00519	0.00154	0.00558	0.00479	0.00366	0.04778
1	0.09615	0.06792	0.15541	0.01158	0.05187	0.02706	0.09695	0.01630	0.05369	0.17114	0.08998	0.06312	0.02336	0.00623	0.00496	0.00152	0.01659	0.00530	0.00373	0.03715
2	0.05442	0.10598	0.15252	0.01191	0.06997	0.05010	0.06064	0.01621	0.05882	0.14009	0.05832	0.01549	0.05829	0.00591	0.00542	0.00147	0.06191	0.00468	0.00342	0.06442
3	0.01127	0.09312	0.20017	0.01092	0.03676	0.09575	0.04129	0.05089	0.06297	0.03294	0.12824	0.04596	0.04499	0.00735	0.03249	0.00164	0.00564	0.00519	0.00335	0.08908
4	0.02584	0.06640	0.22055	0.03553	0.05967	0.08528	0.05483	0.07427	0.14407	0.06613	0.02936	0.06205	0.01091	0.00588	0.00478	0.00151	0.00578	0.00488	0.00339	0.03888
5	0.09949	0.08435	0.26474	0.04847	0.04623	0.06161	0.08707	0.04168	0.04656	0.06412	0.01007	0.02594	0.00781	0.00572	0.01992	0.00162	0.03786	0.00410	0.00283	0.03982
6	0.02749	0.10222	0.10261	0.03914	0.05581	0.04688	0.03254	0.10885	0.12887	0.15676	0.01320	0.02605	0.01011	0.00567	0.00477	0.00144	0.01539	0.02621	0.00383	0.09218
7	0.01074	0.14107	0.13780	0.01393	0.16513	0.02415	0.06198	0.01396	0.04192	0.03373	0.15831	0.03645	0.01591	0.04257	0.00598	0.00158	0.02855	0.00524	0.00318	0.05783
8	0.01206	0.05184	0.24307	0.01355	0.05991	0.05502	0.15370	0.01628	0.05869	0.08469	0.04788	0.01308	0.00970	0.00488	0.00473	0.00139	0.00603	0.00436	0.00303	0.15612
9	0.04188	0.06754	0.08176	0.00927	0.01235	0.00994	0.02609	0.22311	0.03085	0.08934	0.07503	0.18260	0.04712	0.02089	0.00539	0.00161	0.00445	0.01779	0.00427	0.04872
10	0.13901	0.01522	0.06233	0.01078	0.01370	0.26884	0.03905	0.07866	0.07044	0.03119	0.01013	0.03588	0.00860	0.04652	0.00636	0.00161	0.07326	0.00413	0.00311	0.08119
11	0.11965	0.37315	0.12414	0.01052	0.01450	0.04606	0.07000	0.01521	0.02800	0.03546	0.00803	0.00954	0.00667	0.00489	0.00505	0.00137	0.09024	0.00335	0.00247	0.03171
12	0.00714	0.00479	0.00549	0.00549	0.00553	0.00483	0.00314	0.00723	0.00718	0.00962	0.01537	0.03152	0.01759	0.78797	0.06396	0.00492	0.00518	0.00705	0.00296	0.00305
13	0.01130	0.01141	0.07414	0.01420	0.06300	0.01031	0.27075	0.08135	0.13092	0.04797	0.05383	0.05127	0.11702	0.00693	0.00548	0.00165	0.00561	0.03259	0.00374	0.00654
14	0.00664	0.00501	0.00613	0.00585	0.00715	0.00450	0.00439	0.00867	0.01317	0.01795	0.59078	0.03960	0.25073	0.01070	0.00580	0.00158	0.00237	0.00929	0.00518	0.00450
15	0.00615	0.00439	0.00588	0.00698	0.00735	0.00413	0.00480	0.00715	0.00967	0.01290	0.04927	0.74768	0.03261	0.01511	0.00629	0.00200	0.00295	0.06606	0.00458	0.00405
16	0.76458	0.00925	0.00740	0.00651	0.00956	0.01043	0.00533	0.01407	0.00874	0.02152	0.04202	0.00942	0.00729	0.00474	0.00321	0.00147	0.00372	0.00296	0.00314	0.06466
17	0.26313	0.13721	0.31772	0.01077	0.01581	0.01208	0.05775	0.01605	0.01021	0.10435	0.00919	0.01018	0.00671	0.00469	0.00406	0.00147	0.00566	0.00347	0.00284	0.00663
18	0.01356	0.50499	0.07311	0.01094	0.01491	0.11231	0.09280	0.01562	0.01064	0.04196	0.00783	0.00928	0.00666	0.00471	0.00466	0.00127	0.06276	0.00330	0.00235	0.00634
19	0.10847	0.05210	0.01491	0.03908	0.30068	0.13412	0.02839	0.01550	0.01172	0.09130	0.11264	0.01495	0.01282	0.00663	0.03482	0.00168	0.00578	0.00462	0.00324	0.00653
20	0.01090	0.13008	0.01146	0.00819	0.01012	0.03079	0.02154	0.15674	0.01264	0.04099	0.11208	0.17256	0.02060	0.17613	0.00925	0.00224	0.00445	0.05994	0.00399	0.00531

[dist]
# distance from previous block
# <min> <max>
1	4

[block]
# block no. 3 follows, 51 sequences, length 26
# corresponding to MSA columns:
# 259-284
name=unknown_D
#
# <colnr> <probs for GDERKNQSTAVLIFYWHMCP>
#	G	D	E	R	K	N	Q	S	T	A	V	L	I	F	Y	W	H	M	C	P
0	0.01149	0.01266	0.08340	0.24440	0.45170	0.06410	0.01442	0.01462	0.01093	0.01475	0.00932	0.01300	0.00766	0.00480	0.00488	0.00152	0.00633	0.02076	0.00239	0.00689
1	0.00887	0.00765	0.01136	0.21178	0.14721	0.00780	0.00891	0.01161	0.04011	0.01517	0.14708	0.20104	0.01986	0.00796	0.00518	0.00154	0.00434	0.00715	0.00353	0.13187
2	0.10424	0.01209	0.07037	0.08505	0.31432	0.02475	0.17307	0.01537	0.01103	0.07408	0.01107	0.01324	0.03282	0.00479	0.00484	0.00151	0.00604	0.00461	0.00282	0.03387
3	0.01296	0.01255	0.04433	0.07830	0.42512	0.05784	0.12627	0.05250	0.01198	0.06384	0.00991	0.01228	0.00778	0.00456	0.00491	0.00145	0.00621	0.00444	0.00279	0.05999
4	0.00964	0.00798	0.00807	0.00743	0.00920	0.09156	0.00566	0.01326	0.12328	0.06480	0.39268	0.03107	0.16465	0.01027	0.03702	0.00180	0.00381	0.00768	0.00483	0.00533
5	0.01161	0.19119	0.33587	0.01296	0.06523	0.05047	0.04653	0.05265	0.04250	0.01535	0.00963	0.04115	0.00793	0.00513	0.00473	0.00141	0.02935	0.00401	0.00256	0.06974
6	0.00965	0.01117	0.22272	0.00992	0.01300	0.00719	0.01012	0.01269	0.01134	0.09527	0.04167	0.06334	0.07653	0.01029	0.00591	0.00193	0.00497	0.38262	0.00405	0.00562
7	0.00752	0.00625	0.00980	0.00842	0.01015	0.00577	0.12196	0.00991	0.01289	0.01779	0.51853	0.08380	0.11649	0.00988	0.00587	0.00163	0.00337	0.04034	0.00479	0.00484
8	0.00599	0.00428	0.00570	0.00684	0.00713	0.00399	0.00456	0.00684	0.00941	0.01254	0.02709	0.82409	0.03250	0.01540	0.00627	0.00200	0.00285	0.01397	0.00456	0.00399
9	0.01019	0.00873	0.01019	0.00728	0.01165	0.00655	0.00582	0.01237	0.01019	0.01601	0.00873	0.01019	0.00728	0.00364	0.00364	0.00073	0.00364	0.00291	0.00291	0.85734
10	0.10645	0.01129	0.01109	0.00901	0.01230	0.12393	0.00720	0.15521	0.01313	0.13478	0.01116	0.01236	0.00858	0.00956	0.12134	0.00219	0.00620	0.00384	0.00367	0.23673
11	0.00854	0.00427	0.00640	0.00640	0.00640	0.00427	0.00427	0.00640	0.00640	0.00854	0.00854	0.01494	0.00854	0.01707	0.01921	0.85702	0.00427	0.00427	0.00213	0.00213
12	0.00611	0.00436	0.00584	0.00698	0.00732	0.00409	0.00477	0.00705	0.00953	0.01268	0.02702	0.77648	0.03224	0.01528	0.00630	0.00201	0.00295	0.06039	0.00456	0.00402
13	0.04072	0.00963	0.01208	0.00928	0.01309	0.00916	0.00767	0.19773	0.01601	0.60509	0.01735	0.01539	0.01113	0.00601	0.00489	0.00151	0.00445	0.00477	0.00574	0.00829
14	0.01145	0.01201	0.01428	0.06780	0.01434	0.12956	0.01039	0.01276	0.00865	0.01187	0.00733	0.01134	0.00692	0.01015	0.07867	0.00246	0.57821	0.00422	0.00225	0.00535
15	0.01019	0.00873	0.01019	0.00728	0.01165	0.00655	0.00582	0.01237	0.01019	0.01601	0.00873	0.01019	0.00728	0.00364	0.00364	0.00073	0.00364	0.00291	0.00291	0.85734
16	0.01139	0.08296	0.17558	0.01041	0.01408	0.01217	0.00978	0.03718	0.45667	0.01812	0.01836	0.01775	0.07496	0.00656	0.00520	0.00160	0.03080	0.00523	0.00402	0.00719
17	0.00609	0.00490	0.00530	0.00536	0.00669	0.00425	0.00389	0.00736	0.01112	0.01385	0.15151	0.11815	0.55813	0.07263	0.00727	0.00190	0.00267	0.01026	0.00457	0.00412
18	0.00602	0.00494	0.00529	0.00530	0.00679	0.00422	0.00394	0.00742	0.01156	0.01433	0.17575	0.09266	0.62032	0.01221	0.00583	0.00166	0.00248	0.01034	0.00471	0.00422
19	0.01351	0.09499	0.29711	0.01287	0.05479	0.01279	0.05106	0.25392	0.01450	0.04272	0.00993	0.01098	0.00732	0.00490	0.00456	0.00139	0.00599	0.00389	0.00321	0.09958
20	0.31039	0.00997	0.01061	0.09390	0.04625	0.01139	0.00779	0.14054	0.15569	0.02057	0.01502	0.01562	0.09335	0.00624	0.00488	0.00159	0.04157	0.00465	0.00372	0.00627
21	0.23296	0.29381	0.02950	0.00876	0.01242	0.08427	0.00774	0.08274	0.04846	0.14303	0.01000	0.01029	0.00758	0.00494	0.00379	0.00134	0.00501	0.00337	0.00340	0.00659
22	0.00881	0.00693	0.00758	0.00738	0.00881	0.03509	0.00544	0.14866	0.01295	0.01682	0.11159	0.39004	0.19677	0.01206	0.00580	0.00175	0.00340	0.01050	0.00465	0.00495
23	0.01509	0.00931	0.01154	0.00985	0.02595	0.00950	0.03252	0.24407	0.09567	0.23243	0.04900	0.20889	0.01730	0.00838	0.00532	0.00164	0.00429	0.00718	0.00505	0.00704
24	0.04358	0.04826	0.04626	0.01143	0.07263	0.00931	0.09622	0.03709	0.12823	0.15155	0.05784	0.11432	0.01460	0.00665	0.00488	0.00148	0.00454	0.00588	0.02960	0.11564
25	0.01331	0.01077	0.04039	0.01592	0.25999	0.00966	0.03990	0.05945	0.08292	0.13564	0.01175	0.01276	0.00891	0.00470	0.00454	0.00127	0.00483	0.00414	0.00350	0.27565

[dist]
# distance from previous block
# <min> <max>
0	11

[block]
# block no. 4 follows, 51 sequences, length 75
# corresponding to MSA columns:
# 296-370
name=unknown_E
#
# <colnr> <probs for GDERKNQSTAVLIFYWHMCP>
#	G	D	E	R	K	N	Q	S	T	A	V	L	I	F	Y	W	H	M	C	P
0	0.36440	0.03016	0.22178	0.00943	0.01366	0.01122	0.00952	0.10215	0.05823	0.07691	0.05194	0.01185	0.00921	0.00527	0.00409	0.00153	0.00489	0.00379	0.00344	0.00653
1	0.05086	0.04974	0.18149	0.01150	0.07301	0.01078	0.01012	0.12678	0.11259	0.08638	0.01143	0.01202	0.00853	0.00491	0.00437	0.00131	0.00499	0.00388	0.00350	0.23181
2	0.01799	0.03014	0.01290	0.00980	0.01354	0.07539	0.00799	0.30583	0.04171	0.27850	0.03217	0.01367	0.01036	0.00567	0.00469	0.00137	0.00492	0.00439	0.00478	0.12421
3	0.00602	0.00488	0.00535	0.00546	0.00683	0.00421	0.00401	0.00739	0.01138	0.01422	0.16894	0.16261	0.55655	0.01250	0.00588	0.00169	0.00252	0.01067	0.00470	0.00421
4	0.01425	0.12921	0.07263	0.01827	0.30787	0.05897	0.04475	0.16964	0.03207	0.06806	0.01128	0.01257	0.02851	0.00508	0.00467	0.00142	0.00581	0.00430	0.00322	0.00743
5	0.04486	0.05200	0.11311	0.03426	0.28297	0.04280	0.21048	0.06516	0.06149	0.03056	0.01012	0.01222	0.00785	0.00466	0.00493	0.00152	0.00648	0.00455	0.00280	0.00719
6	0.00769	0.00636	0.01057	0.00945	0.01096	0.00591	0.16194	0.00939	0.01036	0.03135	0.07312	0.46037	0.08879	0.04604	0.00681	0.00196	0.00403	0.02755	0.02269	0.00466
7	0.04717	0.13801	0.02695	0.02486	0.06013	0.04554	0.00832	0.16870	0.12586	0.06826	0.01126	0.01178	0.00865	0.00495	0.00422	0.00124	0.00478	0.00381	0.00362	0.23190
8	0.00704	0.00519	0.00750	0.00750	0.00824	0.00593	0.00565	0.00852	0.00778	0.01111	0.01353	0.02132	0.01316	0.16062	0.68525	0.00741	0.01185	0.00556	0.00269	0.00417
9	0.00596	0.00439	0.00558	0.00654	0.00705	0.00402	0.00443	0.00688	0.00970	0.01266	0.03080	0.69685	0.15734	0.01491	0.00620	0.00194	0.00279	0.01338	0.00456	0.00402
10	0.01389	0.22441	0.17279	0.01147	0.06048	0.08833	0.01042	0.08627	0.07888	0.09855	0.01106	0.01182	0.00843	0.00520	0.00460	0.00138	0.03013	0.00384	0.07114	0.00689
11	0.02598	0.15775	0.17928	0.01540	0.22270	0.01216	0.01167	0.08239	0.02886	0.04350	0.00941	0.01086	0.00743	0.00451	0.00427	0.00128	0.00544	0.00366	0.00280	0.17068
12	0.01097	0.00946	0.01276	0.05197	0.04982	0.02335	0.06730	0.10485	0.13641	0.03197	0.08341	0.01945	0.07549	0.02872	0.12773	0.00269	0.14829	0.00572	0.00362	0.00603
13	0.00788	0.00647	0.00714	0.00705	0.00865	0.00656	0.00523	0.01289	0.24153	0.01593	0.11333	0.22613	0.29995	0.01120	0.00568	0.00173	0.00297	0.00966	0.00478	0.00524
14	0.01020	0.00886	0.01457	0.34681	0.26726	0.00972	0.04079	0.01317	0.01051	0.01517	0.02610	0.01441	0.00907	0.00499	0.00463	0.00147	0.00539	0.00456	0.18628	0.00603
15	0.08071	0.04883	0.02665	0.03372	0.24266	0.02694	0.08745	0.09930	0.03614	0.09561	0.01213	0.08185	0.01045	0.00625	0.00588	0.00160	0.07643	0.01720	0.00337	0.00684
16	0.01935	0.01431	0.01222	0.01022	0.01337	0.31079	0.00804	0.08147	0.02980	0.37657	0.02666	0.01379	0.01028	0.00574	0.00469	0.00141	0.00593	0.00429	0.04397	0.00711
17	0.00599	0.00428	0.00570	0.00684	0.00713	0.00399	0.00456	0.00684	0.00941	0.01254	0.02709	0.82409	0.03250	0.01540	0.00627	0.00200	0.00285	0.01397	0.00456	0.00399
18	0.01229	0.01269	0.05522	0.02733	0.68238	0.05714	0.01441	0.01521	0.01127	0.01590	0.00942	0.01215	0.00783	0.00449	0.00477	0.00144	0.00593	0.00428	0.03835	0.00750
19	0.01219	0.01519	0.21402	0.05906	0.03444	0.02748	0.24578	0.11544	0.11033	0.04214	0.01225	0.05069	0.00956	0.00550	0.00516	0.00160	0.00648	0.00522	0.02048	0.00698
20	0.00757	0.00541	0.00752	0.00865	0.00963	0.00536	0.00732	0.00958	0.01097	0.01432	0.02621	0.19308	0.02904	0.01390	0.00670	0.00221	0.00423	0.62933	0.00453	0.00443
21	0.21575	0.01340	0.01616	0.03296	0.38215	0.16120	0.06026	0.01571	0.01095	0.01655	0.00833	0.01060	0.00685	0.00464	0.00468	0.00147	0.02529	0.00383	0.00259	0.00664
22	0.00631	0.00500	0.00558	0.00558	0.00681	0.00457	0.00406	0.00749	0.01024	0.01281	0.08332	0.04069	0.49755	0.15806	0.10969	0.00299	0.00426	0.02688	0.00409	0.00401
23	0.01314	0.01313	0.02891	0.02382	0.53203	0.10908	0.02465	0.07170	0.06851	0.01711	0.04285	0.01320	0.00976	0.00498	0.00488	0.00146	0.00595	0.00452	0.00293	0.00741
24	0.01082	0.01120	0.01463	0.63678	0.02955	0.13805	0.01280	0.01364	0.01033	0.01243	0.00841	0.01228	0.00651	0.00517	0.00555	0.00161	0.05835	0.00417	0.00224	0.00549
25	0.00611	0.00439	0.00583	0.00689	0.00727	0.00407	0.00464	0.00701	0.00946	0.01265	0.02669	0.79459	0.03191	0.01512	0.00623	0.00197	0.00290	0.02611	0.00453	0.02163
26	0.00715	0.00476	0.00536	0.00536	0.00536	0.00476	0.00298	0.00715	0.00715	0.00953	0.01548	0.03216	0.01787	0.82729	0.02501	0.00476	0.00476	0.00715	0.00298	0.00298
27	0.01019	0.00873	0.01019	0.00728	0.01165	0.00655	0.00582	0.01237	0.01019	0.01601	0.00873	0.01019	0.00728	0.00364	0.00364	0.00073	0.00364	0.00291	0.00291	0.85734
28	0.00686	0.00502	0.00643	0.00608	0.00728	0.00459	0.00456	0.00908	0.01368	0.01915	0.73012	0.03762	0.11064	0.01025	0.00580	0.00156	0.00233	0.00901	0.00534	0.00459
29	0.01160	0.01326	0.02900	0.02071	0.02568	0.01243	0.77879	0.01574	0.01160	0.01574	0.00994	0.01326	0.00746	0.00414	0.00580	0.00166	0.00829	0.00580	0.00249	0.00663
30	0.01069	0.01644	0.34820	0.19491	0.10104	0.01126	0.02653	0.01691	0.15786	0.03635	0.01158	0.02725	0.00876	0.00529	0.00486	0.00159	0.00618	0.00449	0.00285	0.00697
31	0.01612	0.01125	0.05301	0.01560	0.18266	0.02585	0.12182	0.02074	0.14279	0.33482	0.01522	0.01506	0.01062	0.00545	0.00504	0.00155	0.00532	0.00495	0.00434	0.00778
32	0.00680	0.00490	0.00643	0.00629	0.00731	0.00453	0.00462	0.00889	0.01319	0.01857	0.67190	0.16210	0.04416	0.01090	0.00587	0.00162	0.00240	0.00970	0.00527	0.00453
33	0.00591	0.00498	0.00511	0.00508	0.00670	0.00419	0.00381	0.00724	0.01143	0.01382	0.11336	0.04639	0.73072	0.01224	0.00581	0.00165	0.00247	0.01024	0.00464	0.00419
34	0.01019	0.00873	0.01019	0.00728	0.01165	0.00655	0.00582	0.01237	0.01019	0.01601	0.00873	0.01019	0.00728	0.00364	0.00364	0.00073	0.00364	0.00291	0.00291	0.85734
35	0.00847	0.00431	0.00647	0.00647	0.00651	0.00435	0.00435	0.00651	0.00647	0.00867	0.00875	0.01514	0.00871	0.01799	0.05578	0.81764	0.00468	0.00431	0.00216	0.00224
36	0.00585	0.00492	0.00507	0.00516	0.00669	0.00414	0.00382	0.00708	0.01110	0.01333	0.06182	0.11497	0.71396	0.01266	0.00585	0.00169	0.00252	0.01066	0.00458	0.00414
37	0.00599	0.00428	0.00570	0.00684	0.00713	0.00399	0.00456	0.00684	0.00941	0.01254	0.02709	0.82409	0.03250	0.01540	0.00627	0.00200	0.00285	0.01397	0.00456	0.00399
38	0.01142	0.17603	0.54476	0.01270	0.01864	0.07622	0.01511	0.01573	0.01054	0.02954	0.00845	0.00992	0.00637	0.00480	0.00485	0.00146	0.04089	0.00346	0.00220	0.00690
39	0.01894	0.00768	0.01041	0.00822	0.01147	0.00669	0.00669	0.02093	0.01403	0.63958	0.17869	0.02084	0.01920	0.00690	0.00512	0.00153	0.00380	0.00575	0.00594	0.00760
40	0.01186	0.01282	0.01790	0.01454	0.01591	0.11059	0.17493	0.01361	0.00917	0.01269	0.00734	0.01106	0.00665	0.00722	0.01250	0.00194	0.54684	0.00448	0.00227	0.00568
41	0.09481	0.01090	0.01489	0.05621	0.15096	0.02466	0.07610	0.16876	0.04853	0.28433	0.01343	0.01361	0.00935	0.00539	0.00482	0.00152	0.00522	0.00457	0.00432	0.00761
42	0.01176	0.01114	0.01888	0.04378	0.68606	0.01121	0.02993	0.01489	0.02760	0.01597	0.01081	0.01579	0.00954	0.00517	0.00504	0.00154	0.00576	0.06505	0.00265	0.00745
43	0.01019	0.00873	0.01019	0.00728	0.01165	0.00655	0.00582	0.01237	0.01019	0.01601	0.00873	0.01019	0.00728	0.00364	0.00364	0.00073	0.00364	0.00291	0.00291	0.85734
44	0.01441	0.00959	0.07337	0.00826	0.01220	0.00727	0.00722	0.03142	0.04363	0.32017	0.01893	0.01811	0.11576	0.00602	0.00460	0.00128	0.00403	0.00490	0.00442	0.29441
45	0.01019	0.00873	0.01019	0.00728	0.01165	0.00655	0.00582	0.01237	0.01019	0.01601	0.00873	0.01019	0.00728	0.00364	0.00364	0.00073	0.00364	0.00291	0.00291	0.85734
46	0.00710	0.00475	0.00537	0.00542	0.00543	0.00473	0.00304	0.00713	0.00723	0.00964	0.01593	0.06246	0.01843	0.79623	0.02430	0.00466	0.00469	0.00741	0.00304	0.00302
47	0.00909	0.00760	0.01262	0.60953	0.02686	0.00923	0.01126	0.01099	0.00895	0.01153	0.00868	0.01357	0.00706	0.00801	0.00855	0.21937	0.00597	0.00434	0.00217	0.00461
48	0.01050	0.00872	0.01022	0.00732	0.01167	0.00657	0.00586	0.01268	0.01029	0.03651	0.00901	0.01036	0.00741	0.00370	0.00367	0.00075	0.00365	0.00296	0.00299	0.83514
49	0.00940	0.00886	0.01496	0.78237	0.06601	0.01095	0.01371	0.01266	0.00988	0.01270	0.00876	0.01306	0.00660	0.00489	0.00491	0.00163	0.00652	0.00437	0.00219	0.00556
50	0.01314	0.83025	0.02575	0.00841	0.01261	0.01945	0.00841	0.01472	0.00999	0.01156	0.00683	0.00788	0.00631	0.00420	0.00315	0.00105	0.00526	0.00263	0.00210	0.00631
51	0.00696	0.00508	0.00594	0.00577	0.00721	0.00446	0.00431	0.00862	0.01224	0.04868	0.34148	0.10854	0.39994	0.01148	0.00581	0.00164	0.00252	0.00987	0.00496	0.00450
52	0.00916	0.00458	0.00458	0.00458	0.00573	0.00458	0.00344	0.01145	0.01031	0.01832	0.01603	0.01832	0.01260	0.00573	0.00344	0.00115	0.00229	0.00458	0.85457	0.00458
53	0.00666	0.00501	0.00616	0.00588	0.00716	0.00451	0.00441	0.00871	0.01322	0.01807	0.60460	0.03940	0.23684	0.01066	0.00580	0.00157	0.00236	0.00927	0.00519	0.00451
54	0.01868	0.01376	0.01475	0.01131	0.01524	0.01524	0.00934	0.78025	0.02311	0.03097	0.01180	0.01180	0.00836	0.00590	0.00492	0.00147	0.00541	0.00442	0.00492	0.00836
55	0.02029	0.00957	0.01203	0.00942	0.01308	0.00916	0.00781	0.21558	0.01619	0.55416	0.01788	0.01794	0.01222	0.00651	0.00505	0.00156	0.00452	0.05323	0.00569	0.00812
56	0.01061	0.00884	0.01026	0.00751	0.01159	0.00709	0.00601	0.07310	0.01151	0.01750	0.07168	0.01244	0.01049	0.00433	0.00391	0.00085	0.00367	0.00351	0.00327	0.72184
57	0.01222	0.01056	0.01111	0.01000	0.01278	0.01222	0.00778	0.02611	0.78776	0.02056	0.02000	0.01833	0.01500	0.00667	0.00500	0.00167	0.00389	0.00556	0.00500	0.00778
58	0.86201	0.00950	0.00722	0.00646	0.00950	0.01102	0.00532	0.01445	0.00836	0.02205	0.00684	0.00798	0.00532	0.00456	0.00304	0.00152	0.00380	0.00266	0.00304	0.00532
59	0.01868	0.01376	0.01475	0.01131	0.01524	0.01524	0.00934	0.78025	0.02311	0.03097	0.01180	0.01180	0.00836	0.00590	0.00492	0.00147	0.00541	0.00442	0.00492	0.00836
60	0.86201	0.00950	0.00722	0.00646	0.00950	0.01102	0.00532	0.01445	0.00836	0.02205	0.00684	0.00798	0.00532	0.00456	0.00304	0.00152	0.00380	0.00266	0.00304	0.00532
61	0.01216	0.01168	0.01995	0.03016	0.79664	0.01168	0.01508	0.01508	0.01119	0.01605	0.00924	0.01216	0.00778	0.00438	0.00487	0.00146	0.00584	0.00438	0.00243	0.00778
62	0.01222	0.01056	0.01111	0.01000	0.01278	0.01222	0.00778	0.02611	0.78776	0.02056	0.02000	0.01833	0.01500	0.00667	0.00500	0.00167	0.00389	0.00556	0.00500	0.00778
63	0.00599	0.00428	0.00570	0.00684	0.00713	0.00399	0.00456	0.00684	0.00941	0.01254	0.02709	0.82409	0.03250	0.01540	0.00627	0.00200	0.00285	0.01397	0.00456	0.00399
64	0.05341	0.00930	0.01180	0.00908	0.01287	0.00869	0.00750	0.14837	0.01534	0.64359	0.01766	0.01558	0.01128	0.00599	0.00487	0.00151	0.00437	0.00477	0.00577	0.00825
65	0.00712	0.00487	0.00588	0.00588	0.00606	0.00505	0.00363	0.00748	0.00730	0.00992	0.01501	0.02952	0.01672	0.66475	0.18599	0.00541	0.00649	0.00676	0.00291	0.00327
66	0.02121	0.00818	0.01114	0.00860	0.01226	0.00708	0.00708	0.02314	0.01406	0.75693	0.06219	0.01783	0.01405	0.00630	0.00499	0.00152	0.00408	0.00516	0.00605	0.00816
67	0.00624	0.00493	0.00562	0.00558	0.00694	0.00431	0.00413	0.00784	0.01202	0.01553	0.31667	0.11200	0.45706	0.01184	0.00584	0.00165	0.00246	0.01015	0.00487	0.00431
68	0.01019	0.00873	0.01019	0.00728	0.01165	0.00655	0.00582	0.01237	0.01019	0.01601	0.00873	0.01019	0.00728	0.00364	0.00364	0.00073	0.00364	0.00291	0.00291	0.85734
69	0.00620	0.00499	0.00553	0.00539	0.00688	0.00432	0.00405	0.00782	0.01214	0.01549	0.30657	0.04364	0.53648	0.01162	0.00580	0.00162	0.00243	0.00986	0.00486	0.00432
70	0.00696	0.00502	0.00657	0.00618	0.00734	0.00464	0.00464	0.00927	0.01391	0.01971	0.79405	0.03671	0.04637	0.01005	0.00580	0.00155	0.00232	0.00889	0.00541	0.00464
71	0.01152	0.01382	0.06484	0.02040	0.02548	0.01238	0.74351	0.01573	0.01154	0.01573	0.00989	0.01312	0.00740	0.00417	0.00575	0.00165	0.00824	0.00570	0.00247	0.00666
72	0.00711	0.00592	0.00728	0.00781	0.00823	0.03606	0.00558	0.00806	0.00936	0.01242	0.02414	0.62279	0.06100	0.01479	0.03732	0.00219	0.10977	0.01182	0.00410	0.00426
73	0.00597	0.00433	0.00564	0.00670	0.00709	0.00400	0.00450	0.00686	0.00955	0.01260	0.02888	0.76265	0.09278	0.01516	0.00624	0.00197	0.00282	0.01369	0.00456	0.00400
74	0.01517	0.00878	0.01034	0.00910	0.02375	0.03860	0.00705	0.18094	0.01435	0.29481	0.02042	0.19309	0.04990	0.04319	0.00622	0.00180	0.00435	0.06654	0.00500	0.00661

[dist]
# distance from previous block
# <min> <max>
0	1

[block]
# block no. 5 follows, 51 sequences, length 56
# corresponding to MSA columns:
# 372-427
name=unknown_F
#
# <colnr> <probs for GDERKNQSTAVLIFYWHMCP>
#	G	D	E	R	K	N	Q	S	T	A	V	L	I	F	Y	W	H	M	C	P
0	0.01379	0.04151	0.01961	0.01946	0.24644	0.24964	0.19435	0.01686	0.05166	0.01450	0.00915	0.01150	0.00748	0.00501	0.00589	0.00151	0.07810	0.00435	0.00257	0.00663
1	0.00953	0.00880	0.01473	0.70817	0.10010	0.01069	0.01330	0.01273	0.00997	0.01313	0.00912	0.01326	0.00694	0.00490	0.00484	0.00160	0.00629	0.00438	0.04189	0.00562
2	0.00803	0.00575	0.00711	0.00658	0.00807	0.00551	0.00500	0.01147	0.09620	0.05132	0.61120	0.03490	0.11040	0.00974	0.00568	0.00157	0.00258	0.00851	0.00532	0.00508
3	0.01458	0.02991	0.36354	0.03221	0.01831	0.05151	0.07882	0.07702	0.01274	0.24007	0.02619	0.01297	0.00893	0.00524	0.00485	0.00153	0.00627	0.00433	0.00356	0.00742
4	0.00956	0.00689	0.00892	0.16830	0.01365	0.00664	0.02438	0.01206	0.01020	0.01639	0.01218	0.01465	0.00963	0.00488	0.00385	0.00113	0.00370	0.00405	0.40160	0.26733
5	0.01508	0.01140	0.05979	0.02269	0.51313	0.01029	0.01283	0.01784	0.01203	0.25738	0.01234	0.01347	0.00905	0.00492	0.00488	0.00148	0.00541	0.00451	0.00354	0.00793
6	0.00637	0.00496	0.00578	0.00565	0.00700	0.00437	0.00421	0.00811	0.01241	0.01632	0.40542	0.08214	0.39674	0.01145	0.00583	0.00162	0.00243	0.00984	0.00497	0.00437
7	0.00961	0.00899	0.01443	0.70862	0.03105	0.01122	0.01300	0.01372	0.07863	0.01323	0.00963	0.01346	0.00730	0.00523	0.00542	0.00166	0.04223	0.00447	0.00243	0.00566
8	0.02205	0.00836	0.01140	0.00874	0.01254	0.00722	0.00722	0.02395	0.01407	0.80004	0.01939	0.01673	0.01216	0.00608	0.00494	0.00152	0.00418	0.00494	0.00608	0.00836
9	0.00603	0.00431	0.00574	0.00681	0.00714	0.00402	0.00457	0.00695	0.00961	0.01286	0.06102	0.78925	0.03312	0.01516	0.00625	0.00198	0.00283	0.01375	0.00460	0.00402
10	0.00681	0.00502	0.00636	0.00603	0.00725	0.00457	0.00452	0.00898	0.01356	0.01887	0.69682	0.03809	0.14412	0.01036	0.00580	0.00156	0.00234	0.00908	0.00530	0.00457
11	0.00659	0.00511	0.00607	0.00611	0.00749	0.00458	0.00476	0.00841	0.01225	0.01597	0.33013	0.04459	0.38326	0.01171	0.00596	0.00171	0.00276	0.13326	0.00488	0.00440
12	0.00599	0.00428	0.00570	0.00684	0.00713	0.00399	0.00456	0.00684	0.00941	0.01254	0.02709	0.82409	0.03250	0.01540	0.00627	0.00200	0.00285	0.01397	0.00456	0.00399
13	0.01019	0.00873	0.01019	0.00728	0.01165	0.00655	0.00582	0.01237	0.01019	0.01601	0.00873	0.01019	0.00728	0.00364	0.00364	0.00073	0.00364	0.00291	0.00291	0.85734
14	0.00696	0.00502	0.00657	0.00618	0.00734	0.00464	0.00464	0.00927	0.01391	0.01971	0.79405	0.03671	0.04637	0.01005	0.00580	0.00155	0.00232	0.00889	0.00541	0.00464
15	0.01602	0.01038	0.01599	0.01292	0.05261	0.05253	0.20814	0.03602	0.01224	0.35228	0.01444	0.01681	0.01079	0.11464	0.00837	0.00200	0.04753	0.00529	0.00414	0.00687
16	0.00986	0.02542	0.80183	0.01401	0.02127	0.01141	0.01816	0.01556	0.01038	0.01556	0.00882	0.01038	0.00623	0.00467	0.00467	0.00156	0.00726	0.00363	0.00208	0.00726
17	0.00599	0.00428	0.00570	0.00684	0.00713	0.00399	0.00456	0.00684	0.00941	0.01254	0.02709	0.82409	0.03250	0.01540	0.00627	0.00200	0.00285	0.01397	0.00456	0.00399
18	0.02205	0.00836	0.01140	0.00874	0.01254	0.00722	0.00722	0.02395	0.01407	0.80004	0.01939	0.01673	0.01216	0.00608	0.00494	0.00152	0.00418	0.00494	0.00608	0.00836
19	0.00891	0.01170	0.20805	0.01208	0.08801	0.00824	0.05459	0.04648	0.04471	0.01568	0.09292	0.32995	0.02104	0.00953	0.00576	0.00174	0.02266	0.00849	0.00368	0.00578
20	0.01160	0.01326	0.02900	0.02071	0.02568	0.01243	0.77879	0.01574	0.01160	0.01574	0.00994	0.01326	0.00746	0.00414	0.00580	0.00166	0.00829	0.00580	0.00249	0.00663
21	0.00696	0.00502	0.00657	0.00618	0.00734	0.00464	0.00464	0.00927	0.01391	0.01971	0.79405	0.03671	0.04637	0.01005	0.00580	0.00155	0.00232	0.00889	0.00541	0.00464
22	0.00836	0.00523	0.00678	0.00660	0.00725	0.00541	0.00452	0.00917	0.00814	0.08035	0.01567	0.06944	0.01626	0.44190	0.28818	0.00539	0.00746	0.00668	0.00322	0.00399
23	0.11508	0.01174	0.01770	0.23398	0.19032	0.08742	0.18560	0.01445	0.01066	0.01512	0.00955	0.04852	0.00802	0.00516	0.00517	0.00158	0.02640	0.00480	0.00255	0.00616
24	0.00689	0.00502	0.00648	0.00612	0.00730	0.00461	0.00459	0.00915	0.01376	0.01936	0.75362	0.03728	0.08702	0.01018	0.00580	0.00155	0.00233	0.00897	0.00536	0.00461
25	0.00692	0.00480	0.00532	0.00531	0.00561	0.00466	0.00313	0.00717	0.00794	0.01034	0.03538	0.03476	0.14741	0.67704	0.02147	0.00419	0.00434	0.00771	0.00329	0.00320
26	0.01280	0.11100	0.13612	0.13875	0.17665	0.02405	0.11326	0.17917	0.01330	0.01793	0.00951	0.01169	0.00734	0.00543	0.02072	0.00161	0.00651	0.00426	0.00285	0.00705
27	0.01398	0.01158	0.03018	0.02388	0.53336	0.01135	0.05305	0.08676	0.03385	0.12513	0.02185	0.01329	0.00912	0.00488	0.00494	0.00149	0.00562	0.00462	0.00327	0.00781
28	0.00607	0.00433	0.00579	0.00689	0.00722	0.00406	0.00466	0.00700	0.00957	0.01278	0.04584	0.78252	0.03272	0.01521	0.00628	0.00199	0.00289	0.03557	0.00458	0.00402
29	0.00916	0.00458	0.00458	0.00458	0.00573	0.00458	0.00344	0.01145	0.01031	0.01832	0.01603	0.01832	0.01260	0.00573	0.00344	0.00115	0.00229	0.00458	0.85457	0.00458
30	0.01445	0.05121	0.33418	0.01318	0.03565	0.17654	0.04035	0.18498	0.03165	0.05735	0.00997	0.01092	0.00729	0.00509	0.00468	0.00146	0.00688	0.00387	0.00308	0.00720
31	0.27527	0.01292	0.01478	0.01709	0.28419	0.15771	0.07015	0.01607	0.01099	0.05965	0.00932	0.02253	0.00763	0.00493	0.00435	0.00148	0.00581	0.01575	0.00290	0.00648
32	0.01107	0.00940	0.01012	0.00942	0.01174	0.01071	0.00719	0.02256	0.64437	0.01908	0.02131	0.16677	0.01823	0.00828	0.00523	0.00173	0.00370	0.00711	0.00492	0.00708
33	0.05922	0.19925	0.19969	0.01629	0.22474	0.16894	0.01247	0.01628	0.03362	0.01461	0.00847	0.01010	0.00689	0.00462	0.00426	0.00136	0.00646	0.00352	0.00240	0.00679
34	0.00608	0.00461	0.00561	0.00616	0.00701	0.00414	0.00431	0.00729	0.01067	0.01390	0.15447	0.45797	0.27271	0.01364	0.00605	0.00182	0.00265	0.01205	0.00470	0.00414
35	0.01150	0.01497	0.21390	0.31490	0.06585	0.07030	0.01353	0.09192	0.06012	0.01576	0.00953	0.01206	0.00722	0.00534	0.00573	0.00161	0.07248	0.00417	0.00264	0.00649
36	0.01027	0.00699	0.00853	0.00707	0.00949	0.00628	0.00553	0.07977	0.01368	0.09163	0.42840	0.02541	0.02887	0.00757	0.00501	0.00132	0.00308	0.00649	0.04239	0.21224
37	0.00865	0.00505	0.00576	0.00572	0.00701	0.00481	0.00431	0.01084	0.02707	0.05949	0.15148	0.12894	0.12634	0.00896	0.00477	0.00147	0.00263	0.04162	0.39036	0.00473
38	0.00704	0.00523	0.00691	0.00719	0.00805	0.00498	0.02294	0.05263	0.01126	0.01518	0.18187	0.55659	0.07471	0.01334	0.00606	0.00185	0.00300	0.01200	0.00471	0.00445
39	0.00599	0.00428	0.00570	0.00684	0.00713	0.00399	0.00456	0.00684	0.00941	0.01254	0.02709	0.82409	0.03250	0.01540	0.00627	0.00200	0.00285	0.01397	0.00456	0.00399
40	0.01816	0.01351	0.01446	0.01120	0.01504	0.01500	0.00921	0.71964	0.08456	0.03013	0.01246	0.01232	0.00889	0.00596	0.00492	0.00149	0.00529	0.00452	0.00492	0.00831
41	0.01162	0.01139	0.01782	0.27052	0.50133	0.05544	0.01417	0.01480	0.02806	0.01485	0.00923	0.01241	0.00748	0.00463	0.00486	0.00151	0.00618	0.00433	0.00242	0.00695
42	0.16990	0.01202	0.01814	0.05772	0.14336	0.08260	0.27200	0.01476	0.02443	0.01585	0.00976	0.03785	0.00838	0.04979	0.00671	0.00178	0.06128	0.00490	0.00268	0.00608
43	0.01014	0.00947	0.01410	0.15983	0.01730	0.01114	0.11215	0.01505	0.19171	0.01480	0.03164	0.05634	0.03533	0.05423	0.00911	0.00200	0.20122	0.04533	0.00329	0.00582
44	0.01249	0.08386	0.01676	0.09810	0.13291	0.05202	0.11447	0.10527	0.03163	0.03303	0.02759	0.01207	0.00848	0.00461	0.00451	0.00126	0.00551	0.00409	0.00303	0.24833
45	0.00648	0.00451	0.00553	0.00615	0.00635	0.00433	0.00385	0.00698	0.00849	0.01127	0.02279	0.45839	0.04988	0.36547	0.01434	0.00318	0.00367	0.01092	0.00388	0.00356
46	0.01256	0.01769	0.42094	0.01223	0.01716	0.01082	0.02862	0.05260	0.01150	0.16320	0.05836	0.01334	0.00996	0.00585	0.00643	0.00161	0.12194	0.00436	0.00320	0.02763
47	0.04573	0.21620	0.01451	0.00910	0.01169	0.04498	0.07811	0.03197	0.06036	0.06177	0.19023	0.15509	0.02143	0.00805	0.00495	0.00152	0.00440	0.03028	0.00391	0.00571
48	0.00986	0.02542	0.80183	0.01401	0.02127	0.01141	0.01816	0.01556	0.01038	0.01556	0.00882	0.01038	0.00623	0.00467	0.00467	0.00156	0.00726	0.00363	0.00208	0.00726
49	0.01163	0.01317	0.02850	0.02123	0.06829	0.01239	0.73659	0.01571	0.01158	0.01576	0.00990	0.01320	0.00747	0.00416	0.00575	0.00165	0.00815	0.00572	0.00248	0.00669
50	0.01300	0.05170	0.29444	0.01580	0.11303	0.13413	0.12217	0.03605	0.05662	0.06600	0.01006	0.01159	0.00756	0.00501	0.00529	0.00152	0.04212	0.00416	0.00275	0.00700
51	0.01190	0.01091	0.01898	0.04492	0.59206	0.01080	0.08897	0.01471	0.01116	0.05106	0.01145	0.08943	0.01026	0.00549	0.00510	0.00154	0.00574	0.00545	0.00280	0.00728
52	0.00612	0.00442	0.00582	0.00681	0.00725	0.00411	0.00468	0.00715	0.00985	0.01310	0.07274	0.70368	0.07229	0.01485	0.00624	0.00196	0.00288	0.04739	0.00461	0.00406
53	0.00666	0.00490	0.00624	0.00615	0.00722	0.00448	0.00452	0.00862	0.01286	0.01780	0.58285	0.16554	0.13150	0.01119	0.00587	0.00163	0.00242	0.00988	0.00517	0.00448
54	0.01138	0.10779	0.44970	0.01671	0.19790	0.05296	0.01525	0.01554	0.01071	0.03435	0.00906	0.01092	0.00696	0.00576	0.03320	0.00169	0.00693	0.00376	0.00230	0.00712
55	0.00917	0.05021	0.03026	0.03222	0.11629	0.00835	0.10604	0.03018	0.03823	0.01492	0.07676	0.17241	0.01768	0.03380	0.15506	0.00287	0.00629	0.03053	0.06327	0.00546

[dist]
# distance from previous block
# <min> <max>
0	4

[block]
# block no. 6 follows, 51 sequences, length 61
# corresponding to MSA columns:
# 432-492
name=unknown_G
#
# <colnr> <probs for GDERKNQSTAVLIFYWHMCP>
#	G	D	E	R	K	N	Q	S	T	A	V	L	I	F	Y	W	H	M	C	P
0	0.01121	0.05824	0.28111	0.01913	0.25182	0.01183	0.15908	0.04620	0.01156	0.01640	0.06498	0.01326	0.00987	0.00495	0.00514	0.00153	0.01937	0.00463	0.00262	0.00708
1	0.05106	0.00536	0.00731	0.00730	0.00812	0.00604	0.00547	0.00869	0.00786	0.01161	0.01398	0.02195	0.02768	0.16912	0.57042	0.04095	0.01052	0.01970	0.00276	0.00410
2	0.00829	0.00809	0.04892	0.00825	0.00981	0.07752	0.00676	0.01073	0.04171	0.01340	0.11266	0.02450	0.10030	0.02428	0.44504	0.00505	0.00927	0.03731	0.00332	0.00480
3	0.01718	0.01316	0.01534	0.01158	0.01564	0.01405	0.06822	0.63536	0.02077	0.02812	0.01131	0.01173	0.00817	0.00551	0.00484	0.00141	0.00543	0.00436	0.00450	0.10330
4	0.01204	0.01155	0.01973	0.06354	0.76422	0.01164	0.01502	0.01497	0.01113	0.01591	0.00922	0.01220	0.00773	0.00440	0.00487	0.00147	0.00587	0.00438	0.00242	0.00769
5	0.00882	0.00544	0.00717	0.00650	0.00798	0.00496	0.00496	0.01109	0.01393	0.11614	0.69831	0.03424	0.04214	0.00956	0.00569	0.00154	0.00255	0.00840	0.00549	0.00510
6	0.01314	0.83025	0.02575	0.00841	0.01261	0.01945	0.00841	0.01472	0.00999	0.01156	0.00683	0.00788	0.00631	0.00420	0.00315	0.00105	0.00526	0.00263	0.00210	0.00631
7	0.00581	0.00498	0.00498	0.00498	0.00664	0.00415	0.00373	0.00705	0.01120	0.01328	0.04978	0.04729	0.79464	0.01245	0.00581	0.00166	0.00249	0.01037	0.00456	0.00415
8	0.00663	0.00489	0.00619	0.00612	0.00720	0.00446	0.00449	0.00855	0.01277	0.01758	0.55854	0.16840	0.15340	0.01128	0.00588	0.00164	0.00243	0.00994	0.00515	0.00446
9	0.00674	0.00501	0.00627	0.00595	0.00721	0.00454	0.00447	0.00885	0.01340	0.01848	0.65248	0.03872	0.18870	0.01050	0.00580	0.00157	0.00235	0.00917	0.00525	0.00454
10	0.01340	0.01081	0.01153	0.01009	0.01304	0.01232	0.00793	0.10956	0.66658	0.05845	0.01906	0.01753	0.01413	0.00655	0.00499	0.00164	0.00407	0.00540	0.00504	0.00787
11	0.01222	0.01056	0.01111	0.01000	0.01278	0.01222	0.00778	0.02611	0.78776	0.02056	0.02000	0.01833	0.01500	0.00667	0.00500	0.00167	0.00389	0.00556	0.00500	0.00778
12	0.16792	0.00886	0.01002	0.00766	0.01155	0.00781	0.00620	0.01653	0.04755	0.22965	0.01181	0.01194	0.00861	0.00461	0.00395	0.00113	0.00383	0.00354	0.00389	0.43292
13	0.86201	0.00950	0.00722	0.00646	0.00950	0.01102	0.00532	0.01445	0.00836	0.02205	0.00684	0.00798	0.00532	0.00456	0.00304	0.00152	0.00380	0.00266	0.00304	0.00532
14	0.00928	0.00873	0.01474	0.81548	0.03385	0.01092	0.01365	0.01256	0.00983	0.01256	0.00873	0.01310	0.00655	0.00491	0.00491	0.00164	0.00655	0.00437	0.00218	0.00546
15	0.00599	0.00428	0.00570	0.00684	0.00713	0.00399	0.00456	0.00684	0.00941	0.01254	0.02709	0.82409	0.03250	0.01540	0.00627	0.00200	0.00285	0.01397	0.00456	0.00399
16	0.00677	0.00502	0.00631	0.00599	0.00723	0.00456	0.00449	0.00891	0.01347	0.01865	0.67232	0.03844	0.16875	0.01044	0.00580	0.00156	0.00235	0.00913	0.00527	0.00456
17	0.01093	0.28759	0.54903	0.01218	0.01845	0.01403	0.01498	0.01529	0.01025	0.01426	0.00817	0.00956	0.00625	0.00452	0.00418	0.00139	0.00661	0.00330	0.00208	0.00695
18	0.01075	0.01075	0.01505	0.01290	0.01290	0.01505	0.01075	0.01183	0.00753	0.01183	0.00645	0.01075	0.00645	0.00860	0.01613	0.00215	0.81830	0.00430	0.00215	0.00538
19	0.00598	0.00431	0.00567	0.00675	0.00710	0.00400	0.00452	0.00685	0.00949	0.01258	0.02816	0.78748	0.06842	0.01526	0.00625	0.00198	0.00283	0.01380	0.00456	0.00400
20	0.01010	0.00967	0.01330	0.01153	0.01153	0.01319	0.00934	0.01098	0.00746	0.01141	0.00809	0.01463	0.00852	0.15702	0.01774	0.00262	0.67081	0.00482	0.00230	0.00494
21	0.03270	0.00979	0.01169	0.00934	0.01249	0.01010	0.00758	0.32020	0.01639	0.30094	0.05162	0.01655	0.01239	0.04410	0.11845	0.00253	0.00586	0.00502	0.00492	0.00735
