[name]
unknown

[dist]
# distance from previous block
# <min> <max>
0	73

[block]
# block no. 0 follows, 41 sequences, length 69
# corresponding to MSA columns:
# 85-153
name=unknown_A
#
# <colnr> <probs for GDERKNQSTAVLIFYWHMCP>
#	G	D	E	R	K	N	Q	S	T	A	V	L	I	F	Y	W	H	M	C	P
0	0.02566	0.00973	0.01327	0.01018	0.01460	0.00841	0.00841	0.02788	0.01637	0.76726	0.02257	0.01947	0.01416	0.00708	0.00575	0.00177	0.00487	0.00575	0.00708	0.00973
1	0.01354	0.01532	0.03310	0.02479	0.07522	0.01441	0.69772	0.01827	0.01347	0.01834	0.01152	0.01535	0.00870	0.00484	0.00668	0.00191	0.00947	0.00665	0.00289	0.00780
2	0.01296	0.01196	0.01789	0.23196	0.31885	0.01318	0.01411	0.02008	0.22639	0.01896	0.01612	0.01818	0.04149	0.00642	0.00577	0.00183	0.00621	0.00577	0.00372	0.00815
3	0.00815	0.00624	0.00773	0.00847	0.01005	0.00582	0.00710	0.01026	0.01311	0.01639	0.04233	0.06039	0.34999	0.01523	0.00740	0.00233	0.00423	0.41440	0.00529	0.00508
4	0.01423	0.01229	0.01293	0.01164	0.01487	0.01423	0.00905	0.03039	0.75297	0.02393	0.02328	0.02134	0.01746	0.00776	0.00582	0.00194	0.00453	0.00647	0.00582	0.00905
5	0.01416	0.01359	0.02322	0.03511	0.76330	0.01359	0.01755	0.01755	0.01302	0.01869	0.01076	0.01416	0.00906	0.00510	0.00566	0.00170	0.00680	0.00510	0.00283	0.00906
6	0.02288	0.01419	0.01603	0.01229	0.01683	0.01503	0.01016	0.53601	0.02383	0.24858	0.01630	0.01540	0.01102	0.00693	0.00573	0.00173	0.00588	0.00532	0.00612	0.00973
7	0.01394	0.04548	0.06175	0.01950	0.05338	0.09295	0.39652	0.05563	0.01426	0.01839	0.01471	0.02365	0.01308	0.00716	0.00652	0.00196	0.00840	0.14193	0.00345	0.00732
8	0.01163	0.02847	0.71133	0.01692	0.02516	0.01338	0.07803	0.01813	0.01219	0.01813	0.01037	0.01234	0.00736	0.00539	0.00554	0.00182	0.00855	0.00443	0.00245	0.00840
9	0.00676	0.00579	0.00579	0.00579	0.00773	0.00483	0.00435	0.00821	0.01304	0.01545	0.05794	0.05505	0.76098	0.01449	0.00676	0.00193	0.00290	0.01207	0.00531	0.00483
10	0.01389	0.01291	0.01970	0.09350	0.48283	0.01370	0.01494	0.02103	0.22796	0.01986	0.01435	0.01634	0.01138	0.00592	0.00571	0.00179	0.00621	0.00549	0.00367	0.00882
11	0.02075	0.01589	0.23558	0.01284	0.01853	0.01021	0.05818	0.02442	0.01494	0.50128	0.01828	0.01705	0.01179	0.00646	0.00572	0.00179	0.00622	0.00537	0.00545	0.00923
12	0.01381	0.01323	0.02258	0.11351	0.68764	0.01350	0.01738	0.01725	0.01286	0.01826	0.01070	0.01427	0.00891	0.00516	0.00567	0.00172	0.00688	0.00510	0.00280	0.00878
13	0.00817	0.00613	0.00919	0.00919	0.01021	0.00715	0.00715	0.01021	0.00919	0.01328	0.01532	0.02247	0.01430	0.04290	0.77631	0.00919	0.01532	0.00613	0.00306	0.00511
14	0.01363	0.01292	0.02186	0.03268	0.69768	0.01288	0.01650	0.01697	0.01330	0.01906	0.07592	0.01664	0.01296	0.00567	0.00576	0.00171	0.00644	0.00555	0.00313	0.00874
15	0.03397	0.02181	0.45294	0.01396	0.02048	0.01247	0.01588	0.02243	0.15609	0.17066	0.01521	0.01530	0.01059	0.00621	0.00553	0.00183	0.00688	0.00494	0.00404	0.00878
16	0.00920	0.00783	0.00948	0.00949	0.01059	0.07370	0.00723	0.01104	0.00997	0.01344	0.01650	0.10247	0.01628	0.05174	0.61440	0.00773	0.01344	0.00702	0.00330	0.00516
17	0.02137	0.02726	0.01621	0.01474	0.01768	0.77602	0.01105	0.02284	0.01621	0.01400	0.00884	0.01031	0.00737	0.00589	0.00516	0.00147	0.01031	0.00368	0.00295	0.00663
18	0.02566	0.00973	0.01327	0.01018	0.01460	0.00841	0.00841	0.02788	0.01637	0.76726	0.02257	0.01947	0.01416	0.00708	0.00575	0.00177	0.00487	0.00575	0.00708	0.00973
19	0.01092	0.01015	0.01696	0.63919	0.11237	0.01216	0.01515	0.01459	0.01202	0.01576	0.07544	0.01752	0.01180	0.00617	0.00580	0.00188	0.00711	0.00554	0.00290	0.00655
20	0.00810	0.00585	0.00765	0.00720	0.00855	0.00540	0.00540	0.01079	0.01619	0.02294	0.76028	0.04273	0.05397	0.01169	0.00675	0.00180	0.00270	0.01034	0.00630	0.00540
21	0.01168	0.02811	0.69246	0.01712	0.02529	0.01341	0.09653	0.01814	0.01223	0.01814	0.01040	0.01243	0.00740	0.00537	0.00557	0.00182	0.00858	0.00449	0.00247	0.00838
22	0.00911	0.00976	0.08950	0.01082	0.01189	0.00933	0.00898	0.01073	0.01033	0.01458	0.02178	0.45525	0.02513	0.04589	0.01132	0.00245	0.23217	0.01141	0.00412	0.00546
23	0.01416	0.01359	0.02322	0.03511	0.76330	0.01359	0.01755	0.01755	0.01302	0.01869	0.01076	0.01416	0.00906	0.00510	0.00566	0.00170	0.00680	0.00510	0.00283	0.00906
24	0.01931	0.28910	0.02086	0.01306	0.01667	0.52153	0.01062	0.02091	0.01466	0.01382	0.00854	0.00993	0.00736	0.00556	0.00466	0.00139	0.00890	0.00347	0.00278	0.00687
25	0.83938	0.01106	0.00841	0.00752	0.01106	0.01283	0.00619	0.01681	0.00973	0.02566	0.00796	0.00929	0.00619	0.00531	0.00354	0.00177	0.00442	0.00310	0.00354	0.00619
26	0.01522	0.01456	0.03485	0.01311	0.04582	0.09474	0.01002	0.05867	0.59429	0.02301	0.02049	0.01931	0.01545	0.00735	0.00573	0.00187	0.00541	0.00600	0.00530	0.00881
27	0.01443	0.03718	0.40552	0.01555	0.08453	0.01218	0.01570	0.07090	0.04177	0.13935	0.01519	0.09570	0.01227	0.00715	0.00570	0.00183	0.00685	0.00593	0.00387	0.00840
28	0.00697	0.00498	0.00664	0.00796	0.00830	0.00465	0.00531	0.00796	0.01095	0.01460	0.03153	0.79525	0.03783	0.01792	0.00730	0.00232	0.00332	0.01626	0.00531	0.00465
29	0.00676	0.00579	0.00579	0.00579	0.00773	0.00483	0.00435	0.00821	0.01304	0.01545	0.05794	0.05505	0.76098	0.01449	0.00676	0.00193	0.00290	0.01207	0.00531	0.00483
30	0.01510	0.01345	0.02418	0.02864	0.46855	0.01313	0.19405	0.01906	0.03401	0.09695	0.01295	0.01628	0.01023	0.00554	0.00599	0.00179	0.00720	0.02075	0.00342	0.00872
31	0.02066	0.09791	0.01827	0.01269	0.01719	0.01793	0.01065	0.64620	0.02477	0.03300	0.01318	0.01352	0.00962	0.00774	0.02864	0.00189	0.00655	0.00496	0.00530	0.00934
32	0.00681	0.00580	0.00586	0.00585	0.00776	0.00485	0.00439	0.00831	0.01316	0.01574	0.08457	0.05458	0.73418	0.01438	0.00676	0.00193	0.00289	0.01201	0.00535	0.00485
33	0.01180	0.00974	0.01084	0.00988	0.01237	0.01074	0.00761	0.02265	0.46181	0.02354	0.31452	0.02979	0.03189	0.00931	0.00619	0.00188	0.00380	0.00800	0.00601	0.00761
34	0.01914	0.06447	0.21712	0.01637	0.15502	0.01153	0.01356	0.02272	0.01432	0.38406	0.01623	0.01589	0.01096	0.00614	0.00552	0.00173	0.00625	0.00506	0.00477	0.00912
35	0.02141	0.02609	0.01631	0.01457	0.01769	0.69677	0.01103	0.09824	0.01733	0.01630	0.00935	0.01067	0.00761	0.00600	0.00522	0.00150	0.00989	0.00384	0.00324	0.00695
36	0.00791	0.00581	0.00741	0.00708	0.00845	0.00531	0.00528	0.01042	0.01566	0.02184	0.65925	0.07254	0.12725	0.01222	0.00677	0.00183	0.00274	0.01075	0.00616	0.00531
37	0.76864	0.01095	0.00883	0.00775	0.01137	0.01245	0.00639	0.01778	0.01031	0.09014	0.00923	0.01018	0.00689	0.00546	0.00373	0.00177	0.00446	0.00333	0.00385	0.00650
38	0.01195	0.01134	0.01924	0.52765	0.28797	0.01301	0.01646	0.01562	0.01198	0.01601	0.01037	0.01487	0.00812	0.00550	0.00570	0.00183	0.00734	0.00509	0.00264	0.00728
39	0.00922	0.00658	0.00922	0.01053	0.01185	0.00658	0.00922	0.01185	0.01317	0.01712	0.03029	0.06452	0.03292	0.01580	0.00790	0.00263	0.00527	0.72480	0.00527	0.00527
40	0.00743	0.00517	0.00650	0.00737	0.00759	0.00495	0.00468	0.00809	0.01005	0.01340	0.02691	0.53620	0.03201	0.28491	0.01476	0.00342	0.00408	0.01355	0.00468	0.00424
41	0.01797	0.01044	0.01114	0.00929	0.01258	0.08787	0.00738	0.06124	0.01597	0.36335	0.09504	0.03055	0.23373	0.00950	0.00607	0.00179	0.00476	0.00774	0.00599	0.00761
42	0.01080	0.01017	0.01716	0.78523	0.03940	0.01271	0.01589	0.01461	0.01144	0.01461	0.01017	0.01525	0.00762	0.00572	0.00572	0.00191	0.00762	0.00508	0.00254	0.00635
43	0.01416	0.01359	0.02322	0.03511	0.76330	0.01359	0.01755	0.01755	0.01302	0.01869	0.01076	0.01416	0.00906	0.00510	0.00566	0.00170	0.00680	0.00510	0.00283	0.00906
44	0.00965	0.00708	0.00954	0.01063	0.01211	0.00725	0.00920	0.01346	0.07749	0.01771	0.02968	0.06077	0.03157	0.01510	0.00772	0.00257	0.00520	0.66235	0.00532	0.00560
45	0.01465	0.67276	0.15402	0.01088	0.01637	0.02106	0.01169	0.01729	0.01170	0.01424	0.00834	0.00966	0.00732	0.00498	0.00397	0.00132	0.00651	0.00325	0.00244	0.00753
46	0.02566	0.00973	0.01327	0.01018	0.01460	0.00841	0.00841	0.02788	0.01637	0.76726	0.02257	0.01947	0.01416	0.00708	0.00575	0.00177	0.00487	0.00575	0.00708	0.00973
47	0.00767	0.00583	0.00705	0.00675	0.00828	0.00521	0.00506	0.00996	0.01518	0.02054	0.53505	0.04668	0.28070	0.01259	0.00675	0.00184	0.00276	0.01090	0.00598	0.00521
48	0.01224	0.01189	0.02097	0.44797	0.28711	0.01319	0.09240	0.01601	0.01220	0.01640	0.01052	0.01489	0.00823	0.00541	0.00581	0.00184	0.00755	0.00526	0.00268	0.00743
49	0.01066	0.00533	0.00533	0.00533	0.00666	0.00533	0.00400	0.01333	0.01200	0.02132	0.01866	0.02132	0.01466	0.00666	0.00400	0.00133	0.00267	0.00533	0.83073	0.00533
50	0.00676	0.00579	0.00579	0.00579	0.00773	0.00483	0.00435	0.00821	0.01304	0.01545	0.05794	0.05505	0.76098	0.01449	0.00676	0.00193	0.00290	0.01207	0.00531	0.00483
51	0.01061	0.01096	0.02109	0.01598	0.01984	0.01010	0.39915	0.01402	0.01356	0.01781	0.10466	0.05520	0.23393	0.00919	0.00682	0.00196	0.00659	0.03798	0.00412	0.00644
52	0.01603	0.02501	0.31202	0.03986	0.02301	0.29373	0.13424	0.04014	0.01432	0.03417	0.01033	0.01229	0.00776	0.00559	0.00557	0.00171	0.00916	0.00452	0.00289	0.00766
53	0.01133	0.01040	0.01751	0.20356	0.33113	0.01088	0.04915	0.01428	0.01220	0.01665	0.01679	0.20045	0.01699	0.00893	0.00626	0.00197	0.00622	0.05474	0.00350	0.00708
54	0.02525	0.01039	0.01368	0.01049	0.01493	0.00938	0.00866	0.10274	0.01747	0.69084	0.02164	0.01887	0.01370	0.00706	0.00575	0.00176	0.00502	0.00569	0.00694	0.00973
55	0.01147	0.02959	0.76934	0.01630	0.02476	0.01328	0.02113	0.01811	0.01208	0.01811	0.01026	0.01208	0.00725	0.00543	0.00543	0.00181	0.00845	0.00423	0.00242	0.00845
56	0.01703	0.03610	0.18129	0.04564	0.02036	0.07877	0.09442	0.25569	0.03151	0.09221	0.01323	0.01491	0.00979	0.02218	0.05895	0.00232	0.00797	0.00516	0.00416	0.00834
57	0.00992	0.00715	0.03889	0.00823	0.00995	0.00608	0.00643	0.01264	0.03664	0.09814	0.41892	0.25714	0.04213	0.01265	0.00672	0.00195	0.00339	0.01122	0.00592	0.00587
58	0.01929	0.01919	0.01586	0.01346	0.01656	0.32549	0.01059	0.30569	0.01899	0.02256	0.01144	0.01354	0.00923	0.02802	0.07462	0.00243	0.07671	0.00470	0.00403	0.00762
59	0.01204	0.02772	0.68641	0.01779	0.08872	0.01319	0.02052	0.01830	0.01226	0.03606	0.01060	0.01243	0.00757	0.00544	0.00546	0.00180	0.00822	0.00434	0.00256	0.00854
60	0.01701	0.02360	0.19770	0.01800	0.05841	0.32809	0.17246	0.08321	0.01542	0.01805	0.01029	0.01232	0.00791	0.00560	0.00564	0.00168	0.00921	0.00467	0.00305	0.00768
61	0.00830	0.00557	0.00636	0.00632	0.00644	0.00553	0.00363	0.00853	0.00900	0.01212	0.08255	0.03789	0.02368	0.73053	0.02717	0.00522	0.00530	0.00849	0.00371	0.00363
62	0.01215	0.06734	0.47575	0.01546	0.02173	0.01382	0.08031	0.05238	0.01294	0.01875	0.08156	0.01525	0.01197	0.00649	0.00698	0.00185	0.08930	0.00509	0.00300	0.00787
63	0.00854	0.00619	0.00819	0.08846	0.01079	0.00673	0.00577	0.00949	0.00888	0.01206	0.01646	0.03103	0.01765	0.50987	0.23045	0.00616	0.00843	0.00738	0.00326	0.00422
64	0.02137	0.02726	0.01621	0.01474	0.01768	0.77602	0.01105	0.02284	0.01621	0.01400	0.00884	0.01031	0.00737	0.00589	0.00516	0.00147	0.01031	0.00368	0.00295	0.00663
65	0.09683	0.01566	0.28470	0.06937	0.01805	0.01019	0.04262	0.02785	0.01117	0.01704	0.01491	0.16963	0.01439	0.01345	0.09497	0.07507	0.00744	0.00697	0.00328	0.00640
66	0.01457	0.01210	0.01293	0.01137	0.01459	0.01376	0.00891	0.12165	0.58106	0.02541	0.09906	0.02258	0.02027	0.00805	0.00590	0.00190	0.00457	0.00670	0.00586	0.00876
67	0.00888	0.00724	0.03913	0.00878	0.01020	0.00685	0.00695	0.05080	0.01121	0.01511	0.02486	0.17727	0.13588	0.02601	0.30466	0.10762	0.00853	0.04098	0.00400	0.00505
68	0.02318	0.01214	0.09316	0.01298	0.08075	0.00937	0.01053	0.02596	0.01563	0.62388	0.02025	0.01823	0.01299	0.00674	0.00571	0.00177	0.00541	0.00554	0.00622	0.00954

[dist]
# distance from previous block
# <min> <max>
0	3

[block]
# block no. 1 follows, 41 sequences, length 18
# corresponding to MSA columns:
# 157-174
name=unknown_B
#
# <colnr> <probs for GDERKNQSTAVLIFYWHMCP>
#	G	D	E	R	K	N	Q	S	T	A	V	L	I	F	Y	W	H	M	C	P
0	0.03188	0.23928	0.21038	0.01436	0.03455	0.06360	0.10850	0.05769	0.06235	0.08626	0.01237	0.03289	0.00970	0.00592	0.00518	0.00165	0.00713	0.00483	0.00345	0.00802
1	0.01959	0.14878	0.08198	0.01404	0.01781	0.56993	0.01170	0.04385	0.01547	0.01494	0.00897	0.01039	0.00743	0.00573	0.00496	0.00147	0.00937	0.00368	0.00291	0.00699
2	0.00828	0.00569	0.00695	0.00695	0.00720	0.00593	0.00435	0.00877	0.00853	0.01162	0.01737	0.03383	0.01923	0.61705	0.20891	0.00642	0.00790	0.00779	0.00337	0.00386
3	0.01633	0.01440	0.02058	0.01591	0.02034	0.01539	0.23300	0.24770	0.30298	0.02597	0.01676	0.01719	0.01239	0.00659	0.00607	0.00187	0.00663	0.00615	0.00490	0.00885
4	0.00818	0.00608	0.00897	0.00897	0.00991	0.00703	0.00687	0.01007	0.00913	0.01311	0.01553	0.02362	0.01480	0.10103	0.71887	0.00891	0.01457	0.00630	0.00310	0.00498
5	0.00800	0.00606	0.00849	0.00853	0.00964	0.00667	0.00656	0.00984	0.00987	0.01362	0.02262	0.02988	0.13123	0.08340	0.58505	0.00762	0.01245	0.03198	0.00351	0.00497
6	0.02174	0.01602	0.01717	0.01316	0.01774	0.01774	0.01087	0.74423	0.02689	0.03605	0.01373	0.01373	0.00973	0.00687	0.00572	0.00172	0.00629	0.00515	0.00572	0.00973
7	0.02174	0.01602	0.01717	0.01316	0.01774	0.01774	0.01087	0.74423	0.02689	0.03605	0.01373	0.01373	0.00973	0.00687	0.00572	0.00172	0.00629	0.00515	0.00572	0.00973
8	0.01416	0.01359	0.02322	0.03511	0.76330	0.01359	0.01755	0.01755	0.01302	0.01869	0.01076	0.01416	0.00906	0.00510	0.00566	0.00170	0.00680	0.00510	0.00283	0.00906
9	0.00821	0.00598	0.00846	0.00846	0.00923	0.00675	0.00623	0.00974	0.00898	0.01273	0.01599	0.02619	0.01591	0.23071	0.59071	0.00829	0.01289	0.00667	0.00316	0.00470
10	0.02174	0.01602	0.01717	0.01316	0.01774	0.01774	0.01087	0.74423	0.02689	0.03605	0.01373	0.01373	0.00973	0.00687	0.00572	0.00172	0.00629	0.00515	0.00572	0.00973
11	0.01534	0.01536	0.01720	0.01832	0.19255	0.19238	0.07747	0.04216	0.15802	0.04515	0.01728	0.09760	0.04238	0.00757	0.00584	0.00176	0.00676	0.00657	0.00406	0.03625
12	0.00792	0.00569	0.00658	0.00654	0.00722	0.00554	0.00424	0.00870	0.01016	0.01331	0.08660	0.04035	0.19759	0.46639	0.10526	0.00480	0.00578	0.00912	0.00408	0.00413
13	0.01697	0.28382	0.16074	0.01495	0.07532	0.32624	0.01300	0.01966	0.01368	0.01494	0.00896	0.01056	0.00747	0.00542	0.00475	0.00147	0.00831	0.00369	0.00267	0.00739
14	0.65211	0.06854	0.01040	0.00826	0.01160	0.07027	0.00675	0.01658	0.01045	0.02302	0.00992	0.07230	0.00890	0.00633	0.00397	0.00175	0.00490	0.00419	0.00356	0.00619
15	0.01572	0.01777	0.01685	0.19970	0.15595	0.34290	0.01288	0.01818	0.01371	0.01526	0.03871	0.01446	0.01007	0.00903	0.06764	0.00228	0.03434	0.00476	0.00295	0.00682
16	0.01808	0.01439	0.01547	0.09677	0.01884	0.07473	0.01022	0.37423	0.01978	0.06569	0.01246	0.01343	0.00921	0.00597	0.00528	0.00149	0.00614	0.00459	0.00460	0.22865
17	0.01753	0.01651	0.19251	0.01241	0.01737	0.01315	0.01195	0.29724	0.07582	0.15449	0.07728	0.01940	0.05349	0.00742	0.00580	0.00178	0.00596	0.00592	0.00521	0.00877

[dist]
# distance from previous block
# <min> <max>
0	1

[block]
# block no. 2 follows, 41 sequences, length 6
# corresponding to MSA columns:
# 176-181
name=unknown_C
#
# <colnr> <probs for GDERKNQSTAVLIFYWHMCP>
#	G	D	E	R	K	N	Q	S	T	A	V	L	I	F	Y	W	H	M	C	P
0	0.01311	0.09006	0.31366	0.01776	0.15930	0.05520	0.04683	0.01779	0.03423	0.01787	0.01049	0.01248	0.00821	0.00515	0.00513	0.00153	0.00711	0.00426	0.00284	0.17699
1	0.00960	0.04750	0.12992	0.00974	0.01208	0.05079	0.00844	0.01132	0.01117	0.01491	0.02175	0.44403	0.02450	0.01374	0.00805	0.08941	0.00491	0.01078	0.00413	0.07324
2	0.02743	0.01163	0.14857	0.00999	0.01337	0.00817	0.02805	0.02864	0.05318	0.04968	0.02686	0.20774	0.15880	0.05620	0.00748	0.00209	0.00490	0.04304	0.00445	0.10973
3	0.05399	0.08107	0.12988	0.01182	0.01700	0.01125	0.08693	0.01755	0.07299	0.05528	0.01287	0.01609	0.01052	0.00568	0.00501	0.00142	0.00572	0.04565	0.00360	0.35568
4	0.08907	0.04640	0.16884	0.01365	0.03523	0.26886	0.01211	0.10124	0.01489	0.05584	0.01263	0.09410	0.01109	0.00733	0.00600	0.00175	0.04462	0.00541	0.00362	0.00733
5	0.09865	0.07862	0.17683	0.01155	0.01538	0.01164	0.03165	0.05788	0.12229	0.01994	0.05504	0.14394	0.01995	0.00968	0.00595	0.00199	0.00559	0.12209	0.00433	0.00702

[dist]
# distance from previous block
# <min> <max>
1	12

[block]
# block no. 3 follows, 41 sequences, length 88
# corresponding to MSA columns:
# 195-234,254-301
name=unknown_D
#
# <colnr> <probs for GDERKNQSTAVLIFYWHMCP>
#	G	D	E	R	K	N	Q	S	T	A	V	L	I	F	Y	W	H	M	C	P
0	0.01234	0.08453	0.51327	0.01551	0.05092	0.06276	0.03168	0.01813	0.04398	0.01824	0.08417	0.01529	0.01238	0.00611	0.00546	0.00175	0.00762	0.00488	0.00300	0.00799
1	0.01511	0.04304	0.01268	0.01101	0.01306	0.28911	0.00837	0.01660	0.01255	0.08730	0.01501	0.02019	0.03878	0.13099	0.22713	0.00432	0.03968	0.00557	0.00351	0.00600
2	0.01812	0.10543	0.15103	0.01139	0.01617	0.01115	0.03810	0.04101	0.04289	0.35341	0.06146	0.02170	0.07405	0.00748	0.00567	0.00176	0.00559	0.01996	0.00524	0.00841
3	0.11494	0.07928	0.01106	0.09565	0.01269	0.00904	0.00711	0.01152	0.03713	0.01370	0.01095	0.01692	0.01018	0.05007	0.09572	0.40550	0.00640	0.00489	0.00285	0.00440
4	0.00973	0.00747	0.01089	0.12511	0.03753	0.00790	0.01043	0.01294	0.03354	0.01698	0.02657	0.05463	0.02809	0.01379	0.00746	0.00248	0.00564	0.57837	0.00481	0.00564
5	0.00819	0.00607	0.00890	0.00890	0.00982	0.00699	0.00679	0.01003	0.00911	0.01306	0.01559	0.02394	0.01494	0.11708	0.70301	0.00883	0.01436	0.00634	0.00310	0.00495
6	0.01061	0.02626	0.01525	0.45279	0.07278	0.01108	0.02848	0.03954	0.03065	0.01591	0.01633	0.22292	0.01610	0.00899	0.00612	0.00198	0.00631	0.00809	0.00350	0.00630
7	0.01795	0.15307	0.16296	0.01490	0.04887	0.45662	0.01294	0.02058	0.01443	0.01501	0.00908	0.01066	0.00744	0.00557	0.00497	0.00149	0.00898	0.00374	0.00277	0.02800
8	0.00889	0.00632	0.00846	0.00947	0.01055	0.00627	0.00785	0.01095	0.01222	0.01588	0.02934	0.07552	0.06431	0.15954	0.01173	0.00313	0.00517	0.54459	0.00494	0.00490
9	0.01556	0.09451	0.16736	0.01363	0.04406	0.04721	0.01236	0.20611	0.22974	0.02358	0.01591	0.01818	0.01256	0.00787	0.02283	0.00196	0.00653	0.04705	0.00446	0.00853
10	0.00697	0.00498	0.00664	0.00796	0.00830	0.00465	0.00531	0.00796	0.01095	0.01460	0.03153	0.79525	0.03783	0.01792	0.00730	0.00232	0.00332	0.01626	0.00531	0.00465
11	0.02077	0.10331	0.01756	0.01425	0.01739	0.70211	0.01093	0.02228	0.01576	0.01395	0.00875	0.01020	0.00737	0.00580	0.00501	0.00145	0.00990	0.00362	0.00290	0.00670
12	0.01222	0.01062	0.01349	0.08551	0.01693	0.00881	0.03786	0.04415	0.01250	0.01894	0.01037	0.01241	0.00845	0.00451	0.00454	0.00103	0.00487	0.00376	0.00338	0.68565
13	0.01529	0.80242	0.02997	0.00979	0.01468	0.02263	0.00979	0.01713	0.01162	0.01346	0.00795	0.00918	0.00734	0.00489	0.00367	0.00122	0.00612	0.00306	0.00245	0.00734
14	0.01496	0.01265	0.01335	0.01179	0.01515	0.01457	0.00923	0.10043	0.68173	0.02512	0.02234	0.02059	0.01670	0.00767	0.00581	0.00192	0.00470	0.00634	0.00581	0.00912
15	0.01251	0.01251	0.01752	0.01502	0.01502	0.01752	0.01251	0.01377	0.00876	0.01377	0.00751	0.01251	0.00751	0.01001	0.01877	0.00250	0.78851	0.00501	0.00250	0.00626
16	0.00832	0.00555	0.00624	0.00624	0.00624	0.00555	0.00347	0.00832	0.00832	0.01109	0.01802	0.03743	0.02080	0.79898	0.02911	0.00555	0.00555	0.00832	0.00347	0.00347
17	0.00823	0.00591	0.00808	0.00808	0.00872	0.00655	0.00577	0.00950	0.00886	0.01246	0.01633	0.02808	0.01674	0.32653	0.49601	0.00782	0.01165	0.00695	0.00321	0.00449
18	0.02077	0.10331	0.01756	0.01425	0.01739	0.70211	0.01093	0.02228	0.01576	0.01395	0.00875	0.01020	0.00737	0.00580	0.00501	0.00145	0.00990	0.00362	0.00290	0.00670
19	0.00907	0.00780	0.00892	0.00840	0.01063	0.00769	0.03391	0.01448	0.20557	0.01774	0.04358	0.11772	0.44185	0.01275	0.00661	0.00200	0.00370	0.03621	0.00535	0.00604
20	0.01764	0.01308	0.01467	0.01127	0.01564	0.01335	0.00920	0.42890	0.02031	0.05646	0.01317	0.01425	0.00997	0.00963	0.08088	0.00219	0.00652	0.00475	0.00482	0.25330
21	0.00810	0.00585	0.00765	0.00720	0.00855	0.00540	0.00540	0.01079	0.01619	0.02294	0.76028	0.04273	0.05397	0.01169	0.00675	0.00180	0.00270	0.01034	0.00630	0.00540
22	0.01796	0.46137	0.02392	0.01196	0.01600	0.35411	0.01034	0.01964	0.01364	0.01370	0.00834	0.00968	0.00735	0.00533	0.00432	0.00133	0.00796	0.00333	0.00267	0.00703
23	0.01423	0.01229	0.01293	0.01164	0.01487	0.01423	0.00905	0.03039	0.75297	0.02393	0.02328	0.02134	0.01746	0.00776	0.00582	0.00194	0.00453	0.00647	0.00582	0.00905
24	0.01557	0.02396	0.44168	0.01545	0.03836	0.04387	0.01677	0.27276	0.03603	0.02439	0.01176	0.01287	0.00842	0.00600	0.00554	0.00177	0.00763	0.00460	0.00369	0.00886
25	0.01060	0.00970	0.01386	0.01245	0.01290	0.01296	0.01015	0.01220	0.00895	0.01355	0.01095	0.01689	0.01050	0.02448	0.35208	0.00545	0.44832	0.00550	0.00275	0.00575
26	0.02174	0.01602	0.01717	0.01316	0.01774	0.01774	0.01087	0.74423	0.02689	0.03605	0.01373	0.01373	0.00973	0.00687	0.00572	0.00172	0.00629	0.00515	0.00572	0.00973
27	0.02191	0.01576	0.01700	0.01303	0.01761	0.01735	0.01077	0.71406	0.02645	0.06684	0.01410	0.01397	0.00991	0.00688	0.00572	0.00172	0.00623	0.00518	0.00578	0.00973
28	0.00810	0.00585	0.00765	0.00720	0.00855	0.00540	0.00540	0.01079	0.01619	0.02294	0.76028	0.04273	0.05397	0.01169	0.00675	0.00180	0.00270	0.01034	0.00630	0.00540
29	0.01251	0.01251	0.01752	0.01502	0.01502	0.01752	0.01251	0.01377	0.00876	0.01377	0.00751	0.01251	0.00751	0.01001	0.01877	0.00250	0.78851	0.00501	0.00250	0.00626
30	0.00810	0.00585	0.00765	0.00720	0.00855	0.00540	0.00540	0.01079	0.01619	0.02294	0.76028	0.04273	0.05397	0.01169	0.00675	0.00180	0.00270	0.01034	0.00630	0.00540
31	0.01186	0.01017	0.01186	0.00847	0.01356	0.00762	0.00678	0.01440	0.01186	0.01864	0.01017	0.01186	0.00847	0.00424	0.00424	0.00085	0.00424	0.00339	0.00339	0.83395
32	0.01845	0.01536	0.02119	0.01599	0.02072	0.01636	0.21332	0.44739	0.12057	0.02951	0.01441	0.01522	0.01047	0.00642	0.00602	0.00181	0.00698	0.00577	0.00495	0.00908
33	0.02137	0.02726	0.01621	0.01474	0.01768	0.77602	0.01105	0.02284	0.01621	0.01400	0.00884	0.01031	0.00737	0.00589	0.00516	0.00147	0.01031	0.00368	0.00295	0.00663
34	0.00780	0.00584	0.00724	0.00689	0.00837	0.00527	0.00517	0.01023	0.01550	0.02130	0.60624	0.04543	0.20904	0.01231	0.00675	0.00183	0.00274	0.01072	0.00608	0.00527
35	0.00888	0.00561	0.00819	0.00819	0.00870	0.00612	0.00590	0.00892	0.00841	0.01173	0.01348	0.02204	0.01326	0.11351	0.39994	0.33422	0.01020	0.00590	0.00288	0.00390
36	0.01529	0.80242	0.02997	0.00979	0.01468	0.02263	0.00979	0.01713	0.01162	0.01346	0.00795	0.00918	0.00734	0.00489	0.00367	0.00122	0.00612	0.00306	0.00245	0.00734
37	0.07548	0.01066	0.01720	0.57796	0.15726	0.01264	0.01512	0.01509	0.01156	0.01615	0.01069	0.03636	0.00860	0.00592	0.00558	0.00187	0.00712	0.00524	0.00274	0.00675
38	0.19055	0.01071	0.01234	0.01039	0.01342	0.01185	0.00846	0.19068	0.01497	0.17552	0.01433	0.01631	0.01100	0.01678	0.21964	0.00386	0.06204	0.00510	0.00458	0.00746
39	0.01299	0.05036	0.10164	0.03555	0.11671	0.02500	0.01047	0.01638	0.02807	0.04521	0.01085	0.01261	0.00871	0.00477	0.00469	0.00119	0.00540	0.00390	0.00331	0.50219
40	0.01159	0.06422	0.16307	0.21889	0.07669	0.02678	0.01294	0.01380	0.01054	0.01434	0.00984	0.01434	0.00830	0.00968	0.01085	0.23221	0.05391	0.00465	0.00256	0.04081
41	0.01004	0.00646	0.00839	0.00765	0.00937	0.00601	0.00582	0.01318	0.04275	0.09600	0.66136	0.03967	0.04875	0.01110	0.00662	0.00180	0.00298	0.00975	0.00636	0.00595
42	0.00894	0.00554	0.00744	0.00834	0.00913	0.00513	0.00585	0.01015	0.01162	0.08859	0.03057	0.67501	0.03521	0.01673	0.00719	0.00229	0.00359	0.05802	0.00548	0.00518
43	0.01322	0.02118	0.35430	0.02603	0.40877	0.04061	0.01891	0.01799	0.01272	0.01827	0.01047	0.01310	0.00819	0.00527	0.00554	0.00174	0.00766	0.00466	0.00265	0.00870
44	0.01780	0.01042	0.01222	0.01039	0.01370	0.01084	0.00813	0.02657	0.37230	0.30658	0.04875	0.02297	0.01783	0.08526	0.00811	0.00222	0.00469	0.00651	0.00609	0.00864
45	0.00682	0.00557	0.00603	0.00640	0.00788	0.00478	0.00461	0.00814	0.01246	0.01522	0.05063	0.26010	0.56065	0.01544	0.00691	0.00204	0.00301	0.01323	0.00531	0.00478
46	0.01173	0.04155	0.02306	0.01773	0.02156	0.01139	0.39933	0.01549	0.01329	0.01762	0.01948	0.03630	0.01905	0.00955	0.00713	0.00220	0.00763	0.31538	0.00390	0.00665
47	0.00994	0.00497	0.00745	0.00745	0.00745	0.00497	0.00497	0.00745	0.00745	0.00994	0.00994	0.01739	0.00994	0.01987	0.02235	0.83358	0.00497	0.00497	0.00248	0.00248
48	0.02095	0.01563	0.01672	0.01300	0.01744	0.01737	0.01068	0.66930	0.10310	0.03478	0.01473	0.01453	0.01054	0.00696	0.00573	0.00174	0.00611	0.00529	0.00573	0.00966
49	0.01147	0.02959	0.76934	0.01630	0.02476	0.01328	0.02113	0.01811	0.01208	0.01811	0.01026	0.01208	0.00725	0.00543	0.00543	0.00181	0.00845	0.00423	0.00242	0.00845
50	0.01735	0.01442	0.06756	0.01633	0.04833	0.01391	0.20302	0.18969	0.09446	0.16059	0.01507	0.01621	0.01092	0.00799	0.03805	0.00217	0.06497	0.00579	0.00458	0.00858
51	0.00697	0.00498	0.00664	0.00796	0.00830	0.00465	0.00531	0.00796	0.01095	0.01460	0.03153	0.79525	0.03783	0.01792	0.00730	0.00232	0.00332	0.01626	0.00531	0.00465
52	0.01589	0.72637	0.02862	0.01027	0.01498	0.09654	0.00991	0.01769	0.01207	0.01351	0.00804	0.00929	0.00734	0.00499	0.00382	0.00125	0.00653	0.00312	0.00250	0.00727
53	0.01279	0.27617	0.50631	0.01489	0.04784	0.01628	0.01738	0.01778	0.01196	0.01665	0.00954	0.01122	0.00734	0.00525	0.00488	0.00162	0.00765	0.00388	0.00244	0.00812
54	0.00804	0.00584	0.00757	0.00714	0.00851	0.00537	0.00535	0.01069	0.01606	0.02262	0.73070	0.04325	0.08375	0.01181	0.00675	0.00180	0.00271	0.01042	0.00626	0.00537
55	0.00832	0.00555	0.00624	0.00624	0.00624	0.00555	0.00347	0.00832	0.00832	0.01109	0.01802	0.03743	0.02080	0.79898	0.02911	0.00555	0.00555	0.00832	0.00347	0.00347
56	0.01109	0.08734	0.01704	0.38750	0.15089	0.01199	0.01315	0.01419	0.01225	0.01616	0.08743	0.09271	0.01675	0.00786	0.00589	0.00188	0.00631	0.04963	0.00337	0.00659
57	0.01345	0.01525	0.03307	0.04352	0.04854	0.01440	0.70606	0.01821	0.01344	0.01824	0.01152	0.01539	0.00866	0.00485	0.00670	0.00192	0.00952	0.00667	0.00288	0.00771
58	0.02137	0.02726	0.01621	0.01474	0.01768	0.77602	0.01105	0.02284	0.01621	0.01400	0.00884	0.01031	0.00737	0.00589	0.00516	0.00147	0.01031	0.00368	0.00295	0.00663
59	0.00817	0.00613	0.00919	0.00919	0.01021	0.00715	0.00715	0.01021	0.00919	0.01328	0.01532	0.02247	0.01430	0.04290	0.77631	0.00919	0.01532	0.00613	0.00306	0.00511
60	0.01553	0.01786	0.02727	0.02425	0.18608	0.19659	0.41013	0.01924	0.01405	0.01737	0.01074	0.01393	0.00845	0.00514	0.00613	0.00177	0.00919	0.00566	0.00289	0.00775
61	0.02188	0.01580	0.01703	0.01305	0.01763	0.01740	0.01078	0.71843	0.02651	0.06239	0.01405	0.01394	0.00989	0.00687	0.00572	0.00172	0.00624	0.00517	0.00577	0.00973
62	0.01529	0.80242	0.02997	0.00979	0.01468	0.02263	0.00979	0.01713	0.01162	0.01346	0.00795	0.00918	0.00734	0.00489	0.00367	0.00122	0.00612	0.00306	0.00245	0.00734
63	0.01186	0.01017	0.01186	0.00847	0.01356	0.00762	0.00678	0.01440	0.01186	0.01864	0.01017	0.01186	0.00847	0.00424	0.00424	0.00085	0.00424	0.00339	0.00339	0.83395
64	0.02566	0.00973	0.01327	0.01018	0.01460	0.00841	0.00841	0.02788	0.01637	0.76726	0.02257	0.01947	0.01416	0.00708	0.00575	0.00177	0.00487	0.00575	0.00708	0.00973
65	0.00697	0.00498	0.00664	0.00796	0.00830	0.00465	0.00531	0.00796	0.01095	0.01460	0.03153	0.79525	0.03783	0.01792	0.00730	0.00232	0.00332	0.01626	0.00531	0.00465
66	0.02174	0.01602	0.01717	0.01316	0.01774	0.01774	0.01087	0.74423	0.02689	0.03605	0.01373	0.01373	0.00973	0.00687	0.00572	0.00172	0.00629	0.00515	0.00572	0.00973
67	0.00994	0.00497	0.00745	0.00745	0.00745	0.00497	0.00497	0.00745	0.00745	0.00994	0.00994	0.01739	0.00994	0.01987	0.02235	0.83358	0.00497	0.00497	0.00248	0.00248
68	0.01350	0.01543	0.03375	0.02411	0.02989	0.01446	0.74253	0.01832	0.01350	0.01832	0.01157	0.01543	0.00868	0.00482	0.00675	0.00193	0.00964	0.00675	0.00289	0.00771
69	0.00817	0.00613	0.00919	0.00919	0.01021	0.00715	0.00715	0.01021	0.00919	0.01328	0.01532	0.02247	0.01430	0.04290	0.77631	0.00919	0.01532	0.00613	0.00306	0.00511
70	0.00832	0.00555	0.00624	0.00624	0.00624	0.00555	0.00347	0.00832	0.00832	0.01109	0.01802	0.03743	0.02080	0.79898	0.02911	0.00555	0.00555	0.00832	0.00347	0.00347
71	0.83938	0.01106	0.00841	0.00752	0.01106	0.01283	0.00619	0.01681	0.00973	0.02566	0.00796	0.00929	0.00619	0.00531	0.00354	0.00177	0.00442	0.00310	0.00354	0.00619
72	0.02174	0.01602	0.01717	0.01316	0.01774	0.01774	0.01087	0.74423	0.02689	0.03605	0.01373	0.01373	0.00973	0.00687	0.00572	0.00172	0.00629	0.00515	0.00572	0.00973
73	0.01421	0.50599	0.02304	0.01019	0.01390	0.09249	0.00926	0.03176	0.01178	0.01396	0.01005	0.01278	0.00917	0.01474	0.20107	0.00329	0.00888	0.00395	0.00272	0.00675
74	0.01351	0.01157	0.01232	0.01128	0.01423	0.01329	0.00869	0.02819	0.68017	0.02301	0.02409	0.09727	0.01946	0.00876	0.00597	0.00198	0.00441	0.00743	0.00577	0.00862
75	0.83938	0.01106	0.00841	0.00752	0.01106	0.01283	0.00619	0.01681	0.00973	0.02566	0.00796	0.00929	0.00619	0.00531	0.00354	0.00177	0.00442	0.00310	0.00354	0.00619
76	0.00752	0.00600	0.00685	0.00714	0.00886	0.00533	0.00569	0.00939	0.01338	0.01661	0.11980	0.05625	0.50621	0.01455	0.00705	0.00210	0.00348	0.19340	0.00540	0.00500
77	0.00719	0.00514	0.00689	0.00822	0.00864	0.00484	0.00569	0.00835	0.01117	0.01485	0.03140	0.72356	0.03735	0.01771	0.00736	0.00235	0.00351	0.08577	0.00531	0.00471
78	0.01080	0.01017	0.01716	0.78523	0.03940	0.01271	0.01589	0.01461	0.01144	0.01461	0.01017	0.01525	0.00762	0.00572	0.00572	0.00191	0.00762	0.00508	0.00254	0.00635
79	0.01251	0.01251	0.01752	0.01502	0.01502	0.01752	0.01251	0.01377	0.00876	0.01377	0.00751	0.01251	0.00751	0.01001	0.01877	0.00250	0.78851	0.00501	0.00250	0.00626
80	0.00820	0.00602	0.00863	0.00863	0.00945	0.00684	0.00644	0.00985	0.00902	0.01286	0.01584	0.02534	0.01555	0.18810	0.63282	0.00849	0.01344	0.00655	0.00314	0.00479
81	0.01186	0.01017	0.01186	0.00847	0.01356	0.00762	0.00678	0.01440	0.01186	0.01864	0.01017	0.01186	0.00847	0.00424	0.00424	0.00085	0.00424	0.00339	0.00339	0.83395
82	0.11144	0.00987	0.01276	0.00990	0.01423	0.00887	0.00817	0.02671	0.01567	0.68909	0.02103	0.01840	0.01332	0.00689	0.00552	0.00177	0.00482	0.00547	0.00671	0.00936
83	0.03292	0.00887	0.01079	0.00979	0.01226	0.00882	0.00763	0.17781	0.01605	0.19453	0.02595	0.32057	0.05534	0.01231	0.00654	0.00206	0.00454	0.08039	0.00577	0.00706
84	0.01287	0.01881	0.23489	0.02037	0.02652	0.01390	0.45442	0.01922	0.08560	0.01873	0.01280	0.03232	0.00979	0.00557	0.00631	0.00191	0.00867	0.00623	0.00310	0.00798
85	0.00994	0.00497	0.00745	0.00745	0.00745	0.00497	0.00497	0.00745	0.00745	0.00994	0.00994	0.01739	0.00994	0.01987	0.02235	0.83358	0.00497	0.00497	0.00248	0.00248
86	0.01483	0.08387	0.03800	0.01363	0.01720	0.19093	0.12870	0.03740	0.23074	0.01906	0.08943	0.01977	0.04409	0.00858	0.03684	0.00204	0.00718	0.00606	0.00421	0.00744
87	0.01275	0.32421	0.11736	0.36173	0.04859	0.01671	0.01420	0.01613	0.01164	0.01472	0.00933	0.01243	0.00751	0.00534	0.00488	0.00162	0.00711	0.00418	0.00250	0.00708

[dist]
# distance from previous block
# <min> <max>
0	5

[block]
# block no. 4 follows, 41 sequences, length 97
# corresponding to MSA columns:
# 307-403
name=unknown_E
#
# <colnr> <probs for GDERKNQSTAVLIFYWHMCP>
#	G	D	E	R	K	N	Q	S	T	A	V	L	I	F	Y	W	H	M	C	P
0	0.03532	0.22828	0.28444	0.04107	0.01896	0.06259	0.04448	0.04387	0.01274	0.01704	0.03256	0.11218	0.01308	0.00732	0.00530	0.00172	0.00691	0.02168	0.00317	0.00729
1	0.01534	0.35017	0.02365	0.06193	0.01795	0.16359	0.06197	0.01729	0.01189	0.01405	0.00840	0.01106	0.00750	0.00643	0.00812	0.00169	0.20545	0.00405	0.00259	0.00689
2	0.01927	0.00864	0.01144	0.00931	0.01266	0.00780	0.00748	0.02252	0.06275	0.48019	0.26069	0.02709	0.02722	0.00861	0.00608	0.00179	0.00415	0.00728	0.00675	0.00829
3	0.01529	0.80242	0.02997	0.00979	0.01468	0.02263	0.00979	0.01713	0.01162	0.01346	0.00795	0.00918	0.00734	0.00489	0.00367	0.00122	0.00612	0.00306	0.00245	0.00734
4	0.01363	0.01176	0.01236	0.01117	0.01430	0.01347	0.00867	0.02861	0.69340	0.02325	0.02607	0.02405	0.07731	0.00830	0.00590	0.00194	0.00440	0.00692	0.00578	0.00871
5	0.00822	0.00594	0.00824	0.00824	0.00893	0.00663	0.00596	0.00960	0.00891	0.01257	0.01619	0.02730	0.01640	0.28691	0.53517	0.00802	0.01217	0.00684	0.00319	0.00458
6	0.01568	0.75356	0.02911	0.01010	0.01487	0.07012	0.00987	0.01749	0.01191	0.01349	0.00801	0.00925	0.00734	0.00496	0.00376	0.00124	0.00638	0.00310	0.00248	0.00730
7	0.01066	0.00533	0.00533	0.00533	0.00666	0.00533	0.00400	0.01333	0.01200	0.02132	0.01866	0.02132	0.01466	0.00666	0.00400	0.00133	0.00267	0.00533	0.83073	0.00533
8	0.01080	0.01017	0.01716	0.78523	0.03940	0.01271	0.01589	0.01461	0.01144	0.01461	0.01017	0.01525	0.00762	0.00572	0.00572	0.00191	0.00762	0.00508	0.00254	0.00635
9	0.01416	0.01359	0.02322	0.03511	0.76330	0.01359	0.01755	0.01755	0.01302	0.01869	0.01076	0.01416	0.00906	0.00510	0.00566	0.00170	0.00680	0.00510	0.00283	0.00906
10	0.01080	0.01017	0.01716	0.78523	0.03940	0.01271	0.01589	0.01461	0.01144	0.01461	0.01017	0.01525	0.00762	0.00572	0.00572	0.00191	0.00762	0.00508	0.00254	0.00635
11	0.02174	0.01602	0.01717	0.01316	0.01774	0.01774	0.01087	0.74423	0.02689	0.03605	0.01373	0.01373	0.00973	0.00687	0.00572	0.00172	0.00629	0.00515	0.00572	0.00973
12	0.00994	0.00497	0.00745	0.00745	0.00745	0.00497	0.00497	0.00745	0.00745	0.00994	0.00994	0.01739	0.00994	0.01987	0.02235	0.83358	0.00497	0.00497	0.00248	0.00248
13	0.00817	0.00613	0.00919	0.00919	0.01021	0.00715	0.00715	0.01021	0.00919	0.01328	0.01532	0.02247	0.01430	0.04290	0.77631	0.00919	0.01532	0.00613	0.00306	0.00511
14	0.00676	0.00579	0.00579	0.00579	0.00773	0.00483	0.00435	0.00821	0.01304	0.01545	0.05794	0.05505	0.76098	0.01449	0.00676	0.00193	0.00290	0.01207	0.00531	0.00483
15	0.01147	0.02959	0.76934	0.01630	0.02476	0.01328	0.02113	0.01811	0.01208	0.01811	0.01026	0.01208	0.00725	0.00543	0.00543	0.00181	0.00845	0.00423	0.00242	0.00845
16	0.01423	0.01229	0.01293	0.01164	0.01487	0.01423	0.00905	0.03039	0.75297	0.02393	0.02328	0.02134	0.01746	0.00776	0.00582	0.00194	0.00453	0.00647	0.00582	0.00905
17	0.02566	0.00973	0.01327	0.01018	0.01460	0.00841	0.00841	0.02788	0.01637	0.76726	0.02257	0.01947	0.01416	0.00708	0.00575	0.00177	0.00487	0.00575	0.00708	0.00973
18	0.01423	0.01229	0.01293	0.01164	0.01487	0.01423	0.00905	0.03039	0.75297	0.02393	0.02328	0.02134	0.01746	0.00776	0.00582	0.00194	0.00453	0.00647	0.00582	0.00905
19	0.01066	0.00533	0.00533	0.00533	0.00666	0.00533	0.00400	0.01333	0.01200	0.02132	0.01866	0.02132	0.01466	0.00666	0.00400	0.00133	0.00267	0.00533	0.83073	0.00533
20	0.02174	0.01602	0.01717	0.01316	0.01774	0.01774	0.01087	0.74423	0.02689	0.03605	0.01373	0.01373	0.00973	0.00687	0.00572	0.00172	0.00629	0.00515	0.00572	0.00973
21	0.01416	0.01359	0.02322	0.03511	0.76330	0.01359	0.01755	0.01755	0.01302	0.01869	0.01076	0.01416	0.00906	0.00510	0.00566	0.00170	0.00680	0.00510	0.00283	0.00906
22	0.01529	0.80242	0.02997	0.00979	0.01468	0.02263	0.00979	0.01713	0.01162	0.01346	0.00795	0.00918	0.00734	0.00489	0.00367	0.00122	0.00612	0.00306	0.00245	0.00734
23	0.00684	0.00580	0.00591	0.00588	0.00778	0.00486	0.00441	0.00837	0.01324	0.01592	0.10222	0.05427	0.71641	0.01431	0.00676	0.00192	0.00288	0.01196	0.00537	0.00486
24	0.00810	0.00585	0.00765	0.00720	0.00855	0.00540	0.00540	0.01079	0.01619	0.02294	0.76028	0.04273	0.05397	0.01169	0.00675	0.00180	0.00270	0.01034	0.00630	0.00540
25	0.00676	0.00579	0.00579	0.00579	0.00773	0.00483	0.00435	0.00821	0.01304	0.01545	0.05794	0.05505	0.76098	0.01449	0.00676	0.00193	0.00290	0.01207	0.00531	0.00483
26	0.00697	0.00498	0.00664	0.00796	0.00830	0.00465	0.00531	0.00796	0.01095	0.01460	0.03153	0.79525	0.03783	0.01792	0.00730	0.00232	0.00332	0.01626	0.00531	0.00465
27	0.00697	0.00498	0.00664	0.00796	0.00830	0.00465	0.00531	0.00796	0.01095	0.01460	0.03153	0.79525	0.03783	0.01792	0.00730	0.00232	0.00332	0.01626	0.00531	0.00465
28	0.01529	0.80242	0.02997	0.00979	0.01468	0.02263	0.00979	0.01713	0.01162	0.01346	0.00795	0.00918	0.00734	0.00489	0.00367	0.00122	0.00612	0.00306	0.00245	0.00734
29	0.01736	0.02064	0.01629	0.01452	0.01628	0.45394	0.01136	0.01879	0.01308	0.01387	0.00873	0.01182	0.00782	0.00953	0.05455	0.00229	0.29562	0.00431	0.00279	0.00641
30	0.02174	0.01602	0.01717	0.01316	0.01774	0.01774	0.01087	0.74423	0.02689	0.03605	0.01373	0.01373	0.00973	0.00687	0.00572	0.00172	0.00629	0.00515	0.00572	0.00973
31	0.83938	0.01106	0.00841	0.00752	0.01106	0.01283	0.00619	0.01681	0.00973	0.02566	0.00796	0.00929	0.00619	0.00531	0.00354	0.00177	0.00442	0.00310	0.00354	0.00619
32	0.02174	0.01602	0.01717	0.01316	0.01774	0.01774	0.01087	0.74423	0.02689	0.03605	0.01373	0.01373	0.00973	0.00687	0.00572	0.00172	0.00629	0.00515	0.00572	0.00973
33	0.00922	0.00658	0.00922	0.01053	0.01185	0.00658	0.00922	0.01185	0.01317	0.01712	0.03029	0.06452	0.03292	0.01580	0.00790	0.00263	0.00527	0.72480	0.00527	0.00527
34	0.01439	0.01195	0.01275	0.01142	0.01462	0.01369	0.00889	0.02956	0.69934	0.04986	0.05115	0.02208	0.01873	0.00789	0.00585	0.00193	0.00447	0.00659	0.00588	0.00894
35	0.83938	0.01106	0.00841	0.00752	0.01106	0.01283	0.00619	0.01681	0.00973	0.02566	0.00796	0.00929	0.00619	0.00531	0.00354	0.00177	0.00442	0.00310	0.00354	0.00619
36	0.00873	0.00655	0.00864	0.00836	0.00876	0.00751	0.00590	0.00966	0.00871	0.01223	0.01580	0.02886	0.01680	0.41872	0.31620	0.00661	0.09723	0.00710	0.00320	0.00441
37	0.01084	0.01017	0.01696	0.75583	0.03842	0.01252	0.01554	0.01461	0.01145	0.01477	0.01017	0.01512	0.00766	0.00566	0.00566	0.00187	0.00750	0.00502	0.00257	0.03768
38	0.01739	0.01959	0.01689	0.04155	0.01757	0.38100	0.03898	0.08841	0.01440	0.01617	0.00986	0.03146	0.00880	0.02899	0.01007	0.00197	0.24223	0.00482	0.00314	0.00671
39	0.01084	0.01005	0.01431	0.01277	0.01316	0.01352	0.01044	0.01240	0.00893	0.01358	0.01052	0.01636	0.01013	0.02270	0.31101	0.00508	0.49024	0.00544	0.00272	0.00581
40	0.00755	0.00583	0.00689	0.00662	0.00821	0.00516	0.00497	0.00973	0.01490	0.01987	0.47244	0.04778	0.34373	0.01284	0.00675	0.00185	0.00278	0.01105	0.00589	0.00516
41	0.07214	0.00981	0.01300	0.01003	0.01440	0.00866	0.00828	0.02724	0.01599	0.72491	0.02173	0.01889	0.01370	0.00698	0.00563	0.00177	0.00484	0.00560	0.00688	0.00953
42	0.01378	0.01519	0.07365	0.03037	0.48005	0.01385	0.25175	0.01784	0.01312	0.01853	0.01099	0.01444	0.00882	0.00503	0.00600	0.00178	0.00782	0.00558	0.00282	0.00859
43	0.00787	0.00540	0.00655	0.00698	0.00715	0.00536	0.00429	0.00832	0.00922	0.01236	0.02221	0.28106	0.02588	0.49925	0.06917	0.00474	0.00544	0.01074	0.00404	0.00395
44	0.01423	0.01229	0.01293	0.01164	0.01487	0.01423	0.00905	0.03039	0.75297	0.02393	0.02328	0.02134	0.01746	0.00776	0.00582	0.00194	0.00453	0.00647	0.00582	0.00905
45	0.00719	0.00581	0.00639	0.00625	0.00799	0.00501	0.00469	0.00904	0.01406	0.01787	0.28461	0.05107	0.53281	0.01358	0.00676	0.00189	0.00283	0.01151	0.00563	0.00501
46	0.01188	0.01127	0.01911	0.54314	0.27302	0.01299	0.01642	0.01556	0.01195	0.01593	0.01036	0.01490	0.00809	0.00552	0.00570	0.00184	0.00736	0.00509	0.00264	0.00723
47	0.02174	0.01602	0.01717	0.01316	0.01774	0.01774	0.01087	0.74423	0.02689	0.03605	0.01373	0.01373	0.00973	0.00687	0.00572	0.00172	0.00629	0.00515	0.00572	0.00973
48	0.00682	0.00574	0.00591	0.00598	0.00779	0.00484	0.00444	0.00828	0.01301	0.01564	0.07942	0.10130	0.69210	0.01461	0.00679	0.00195	0.00292	0.01228	0.00534	0.00484
49	0.00697	0.00498	0.00664	0.00796	0.00830	0.00465	0.00531	0.00796	0.01095	0.01460	0.03153	0.79525	0.03783	0.01792	0.00730	0.00232	0.00332	0.01626	0.00531	0.00465
50	0.01508	0.75937	0.07116	0.01015	0.01524	0.02211	0.01042	0.01718	0.01165	0.01372	0.00808	0.00934	0.00734	0.00492	0.00377	0.00126	0.00625	0.00312	0.00245	0.00740
51	0.01459	0.01247	0.01314	0.01171	0.01501	0.01440	0.00914	0.06482	0.71795	0.02451	0.02282	0.02097	0.01709	0.00772	0.00582	0.00193	0.00461	0.00640	0.00582	0.00909
52	0.00832	0.00555	0.00624	0.00624	0.00624	0.00555	0.00347	0.00832	0.00832	0.01109	0.01802	0.03743	0.02080	0.79898	0.02911	0.00555	0.00555	0.00832	0.00347	0.00347
53	0.02174	0.01602	0.01717	0.01316	0.01774	0.01774	0.01087	0.74423	0.02689	0.03605	0.01373	0.01373	0.00973	0.00687	0.00572	0.00172	0.00629	0.00515	0.00572	0.00973
54	0.02137	0.02726	0.01621	0.01474	0.01768	0.77602	0.01105	0.02284	0.01621	0.01400	0.00884	0.01031	0.00737	0.00589	0.00516	0.00147	0.01031	0.00368	0.00295	0.00663
55	0.02139	0.02655	0.01627	0.01464	0.01769	0.72822	0.01104	0.06831	0.01688	0.01539	0.00915	0.01053	0.00752	0.00596	0.00519	0.00149	0.01006	0.00378	0.00312	0.00683
