[name]
unknown

[dist]
# distance from previous block
# <min> <max>
21	369

[block]
# block no. 0 follows, 37 sequences, length 21
# corresponding to MSA columns:
# 379-399
name=unknown_A
#
# <colnr> <probs for GDERKNQSTAVLIFYWHMCP>
#	G	D	E	R	K	N	Q	S	T	A	V	L	I	F	Y	W	H	M	C	P
0	0.01333	0.01116	0.01221	0.01108	0.01396	0.01250	0.00856	0.02647	0.52816	0.02530	0.23245	0.02945	0.02997	0.00952	0.00651	0.00203	0.00428	0.00812	0.00638	0.00856
1	0.01156	0.01088	0.01836	0.77016	0.04216	0.01360	0.01700	0.01564	0.01224	0.01564	0.01088	0.01632	0.00816	0.00612	0.00612	0.00204	0.00816	0.00544	0.00272	0.00680
2	0.00929	0.00620	0.00930	0.00930	0.01008	0.00698	0.00698	0.01008	0.00930	0.01318	0.01473	0.02248	0.01395	0.03879	0.54784	0.24439	0.01320	0.00620	0.00310	0.00465
3	0.01269	0.01088	0.01269	0.00907	0.01451	0.00816	0.00725	0.01541	0.01269	0.01995	0.01088	0.01269	0.00907	0.00453	0.00453	0.00091	0.00453	0.00363	0.00363	0.82229
4	0.01523	0.01315	0.01384	0.01246	0.01592	0.01523	0.00969	0.03253	0.73563	0.02561	0.02491	0.02284	0.01869	0.00830	0.00623	0.00208	0.00484	0.00692	0.00623	0.00969
5	0.01156	0.01088	0.01836	0.77016	0.04216	0.01360	0.01700	0.01564	0.01224	0.01564	0.01088	0.01632	0.00816	0.00612	0.00612	0.00204	0.00816	0.00544	0.00272	0.00680
6	0.01141	0.00571	0.00571	0.00571	0.00713	0.00571	0.00428	0.01426	0.01284	0.02282	0.01997	0.02282	0.01569	0.00713	0.00428	0.00143	0.00285	0.00571	0.81886	0.00571
7	0.01515	0.01454	0.02485	0.03757	0.74669	0.01454	0.01879	0.01879	0.01394	0.02000	0.01151	0.01515	0.00970	0.00545	0.00606	0.00182	0.00727	0.00545	0.00303	0.00970
8	0.01156	0.01088	0.01836	0.77016	0.04216	0.01360	0.01700	0.01564	0.01224	0.01564	0.01088	0.01632	0.00816	0.00612	0.00612	0.00204	0.00816	0.00544	0.00272	0.00680
9	0.01141	0.00571	0.00571	0.00571	0.00713	0.00571	0.00428	0.01426	0.01284	0.02282	0.01997	0.02282	0.01569	0.00713	0.00428	0.00143	0.00285	0.00571	0.81886	0.00571
10	0.00890	0.00593	0.00668	0.00668	0.00668	0.00593	0.00371	0.00890	0.00890	0.01187	0.01929	0.04006	0.02225	0.78487	0.03116	0.00593	0.00593	0.00890	0.00371	0.00371
11	0.01156	0.01088	0.01836	0.77016	0.04216	0.01360	0.01700	0.01564	0.01224	0.01564	0.01088	0.01632	0.00816	0.00612	0.00612	0.00204	0.00816	0.00544	0.00272	0.00680
12	0.01637	0.78856	0.03208	0.01047	0.01571	0.02422	0.01047	0.01833	0.01244	0.01440	0.00851	0.00982	0.00786	0.00524	0.00393	0.00131	0.00655	0.00327	0.00262	0.00786
13	0.00874	0.00656	0.00984	0.00984	0.01093	0.00765	0.00765	0.01093	0.00984	0.01421	0.01640	0.02405	0.01530	0.04591	0.76062	0.00984	0.01640	0.00656	0.00328	0.00547
14	0.01515	0.01454	0.02485	0.03757	0.74669	0.01454	0.01879	0.01879	0.01394	0.02000	0.01151	0.01515	0.00970	0.00545	0.00606	0.00182	0.00727	0.00545	0.00303	0.00970
15	0.01228	0.03166	0.75316	0.01745	0.02649	0.01422	0.02262	0.01939	0.01292	0.01939	0.01099	0.01292	0.00775	0.00582	0.00582	0.00194	0.00905	0.00452	0.00258	0.00905
16	0.01339	0.01339	0.01875	0.01607	0.01607	0.01875	0.01339	0.01473	0.00937	0.01473	0.00804	0.01339	0.00804	0.01071	0.02009	0.00268	0.77367	0.00536	0.00268	0.00670
17	0.77021	0.01193	0.00934	0.00836	0.01213	0.01384	0.00685	0.01903	0.06207	0.02733	0.00969	0.01086	0.00749	0.00587	0.00396	0.00191	0.00474	0.00357	0.00396	0.00685
18	0.21157	0.01496	0.01367	0.01136	0.01548	0.17463	0.00909	0.02602	0.04405	0.39380	0.01735	0.01625	0.01173	0.00689	0.00547	0.00183	0.00636	0.00504	0.00568	0.00878
19	0.01246	0.01179	0.01998	0.58735	0.21797	0.01384	0.01745	0.01643	0.01266	0.01673	0.01104	0.01603	0.00854	0.00595	0.00611	0.00198	0.00794	0.00544	0.00280	0.00752
20	0.01156	0.01088	0.01836	0.77016	0.04216	0.01360	0.01700	0.01564	0.01224	0.01564	0.01088	0.01632	0.00816	0.00612	0.00612	0.00204	0.00816	0.00544	0.00272	0.00680

[dist]
# distance from previous block
# <min> <max>
0	1

[block]
# block no. 1 follows, 37 sequences, length 15
# corresponding to MSA columns:
# 401-415
name=unknown_B
#
# <colnr> <probs for GDERKNQSTAVLIFYWHMCP>
#	G	D	E	R	K	N	Q	S	T	A	V	L	I	F	Y	W	H	M	C	P
0	0.55434	0.01099	0.00939	0.00820	0.01185	0.01196	0.00666	0.05848	0.01252	0.04822	0.01964	0.01999	0.14692	0.00764	0.00469	0.00187	0.00455	0.00537	0.00439	0.05231
1	0.01446	0.43486	0.36904	0.01373	0.02075	0.01955	0.01615	0.01882	0.01266	0.01673	0.00967	0.01127	0.00781	0.00551	0.00481	0.00160	0.00771	0.00386	0.00260	0.00841
2	0.01521	0.57513	0.23540	0.01244	0.01875	0.02140	0.01390	0.01863	0.01257	0.01581	0.00921	0.01069	0.00783	0.00540	0.00446	0.00149	0.00725	0.00363	0.00261	0.00819
3	0.00825	0.00624	0.00761	0.00727	0.00889	0.00560	0.00545	0.01075	0.01635	0.02223	0.54608	0.04954	0.25659	0.01338	0.00722	0.00197	0.00295	0.01161	0.00643	0.00560
4	0.02570	0.01032	0.01374	0.01071	0.01523	0.00911	0.00879	0.02879	0.05459	0.67222	0.02631	0.02307	0.05611	0.00806	0.00622	0.00191	0.00507	0.00657	0.00740	0.01009
5	0.02482	0.00983	0.01336	0.01044	0.01471	0.00854	0.00854	0.02726	0.01749	0.64867	0.12542	0.02434	0.02115	0.00827	0.00631	0.00190	0.00488	0.00685	0.00746	0.00976
6	0.02327	0.01715	0.01837	0.01408	0.01898	0.01898	0.01163	0.72628	0.02878	0.03858	0.01470	0.01470	0.01041	0.00735	0.00612	0.00184	0.00674	0.00551	0.00612	0.01041
7	0.02058	0.01581	0.01686	0.01354	0.01796	0.01773	0.01098	0.49416	0.26528	0.03424	0.01812	0.01742	0.01318	0.00767	0.00616	0.00192	0.00610	0.00598	0.00616	0.01017
8	0.01269	0.01088	0.01269	0.00907	0.01451	0.00816	0.00725	0.01541	0.01269	0.01995	0.01088	0.01269	0.00907	0.00453	0.00453	0.00091	0.00453	0.00363	0.00363	0.82229
9	0.01959	0.02260	0.01531	0.01371	0.01664	0.50918	0.01039	0.09222	0.01850	0.01960	0.18155	0.01951	0.01980	0.00786	0.00598	0.00168	0.00870	0.00577	0.00429	0.00712
10	0.00745	0.00537	0.00706	0.00841	0.00885	0.00498	0.00563	0.00854	0.01183	0.01567	0.03513	0.74544	0.07503	0.01900	0.00778	0.00247	0.00353	0.01718	0.00568	0.00498
11	0.01962	0.01633	0.01630	0.01285	0.01750	0.09069	0.01036	0.39167	0.12338	0.03002	0.01471	0.01501	0.01101	0.00672	0.00571	0.00163	0.00639	0.00511	0.00526	0.19974
12	0.20561	0.52858	0.02530	0.08653	0.01747	0.02070	0.01023	0.01798	0.01195	0.01758	0.00875	0.01050	0.00760	0.00543	0.00412	0.00152	0.00629	0.00350	0.00290	0.00746
13	0.20147	0.09228	0.01625	0.01144	0.01597	0.05903	0.00956	0.22747	0.01869	0.26707	0.01552	0.01496	0.01073	0.00678	0.00536	0.00180	0.00603	0.00492	0.00556	0.00912
14	0.12788	0.01242	0.01900	0.01482	0.01876	0.01255	0.24349	0.01988	0.18126	0.02075	0.01638	0.04259	0.01414	0.13594	0.01023	0.00258	0.00675	0.00681	0.00416	0.08962

[dist]
# distance from previous block
# <min> <max>
2	14

[block]
# block no. 2 follows, 37 sequences, length 16
# corresponding to MSA columns:
# 430-445
name=unknown_C
#
# <colnr> <probs for GDERKNQSTAVLIFYWHMCP>
#	G	D	E	R	K	N	Q	S	T	A	V	L	I	F	Y	W	H	M	C	P
0	0.01346	0.01202	0.01646	0.01791	0.24174	0.01014	0.01083	0.01646	0.01308	0.01996	0.01108	0.01346	0.00926	0.00482	0.00501	0.00119	0.00538	0.00419	0.00344	0.57010
1	0.01859	0.01447	0.01584	0.01214	0.01705	0.01475	0.00987	0.39326	0.11007	0.03049	0.01462	0.01500	0.01096	0.00648	0.00558	0.00154	0.00574	0.00503	0.00527	0.29326
2	0.01920	0.01302	0.01475	0.01175	0.01556	0.01378	0.00952	0.42734	0.02398	0.11311	0.24192	0.02501	0.02563	0.00898	0.00647	0.00187	0.00537	0.00731	0.00648	0.00897
3	0.01156	0.01088	0.01836	0.77016	0.04216	0.01360	0.01700	0.01564	0.01224	0.01564	0.01088	0.01632	0.00816	0.00612	0.00612	0.00204	0.00816	0.00544	0.00272	0.00680
4	0.01700	0.01363	0.01462	0.01244	0.01612	0.01535	0.00986	0.24551	0.43671	0.02951	0.10131	0.02285	0.02044	0.00847	0.00631	0.00199	0.00521	0.00694	0.00625	0.00948
5	0.01063	0.00532	0.00797	0.00797	0.00797	0.00532	0.00532	0.00797	0.00797	0.01063	0.01063	0.01861	0.01063	0.02127	0.02392	0.82190	0.00532	0.00532	0.00266	0.00266
6	0.01523	0.01315	0.01384	0.01246	0.01592	0.01523	0.00969	0.03253	0.73563	0.02561	0.02491	0.02284	0.01869	0.00830	0.00623	0.00208	0.00484	0.00692	0.00623	0.00969
7	0.02327	0.01715	0.01837	0.01408	0.01898	0.01898	0.01163	0.72628	0.02878	0.03858	0.01470	0.01470	0.01041	0.00735	0.00612	0.00184	0.00674	0.00551	0.00612	0.01041
8	0.01612	0.01359	0.01434	0.01264	0.01626	0.01564	0.00990	0.10935	0.65735	0.02704	0.02378	0.02194	0.01777	0.00820	0.00622	0.00205	0.00505	0.00676	0.00622	0.00977
9	0.01508	0.01633	0.03343	0.02413	0.02992	0.01583	0.62259	0.07123	0.04198	0.02104	0.01287	0.01651	0.00968	0.00562	0.00754	0.00207	0.03530	0.00703	0.00342	0.00841
10	0.02287	0.02917	0.01735	0.01577	0.01892	0.76030	0.01183	0.02444	0.01735	0.01498	0.00946	0.01104	0.00788	0.00631	0.00552	0.00158	0.01104	0.00394	0.00315	0.00710
11	0.00746	0.00533	0.00710	0.00852	0.00888	0.00497	0.00568	0.00852	0.01172	0.01563	0.03374	0.78088	0.04049	0.01918	0.00781	0.00249	0.00355	0.01740	0.00568	0.00497
12	0.01768	0.01342	0.01455	0.01221	0.01565	0.01482	0.00958	0.38712	0.19620	0.02965	0.02046	0.13504	0.01800	0.07634	0.00856	0.00235	0.00572	0.00795	0.00587	0.00883
13	0.02116	0.01549	0.01685	0.01349	0.01789	0.01710	0.01108	0.53359	0.14229	0.06361	0.01803	0.02021	0.01375	0.00821	0.00631	0.00195	0.00629	0.05658	0.00616	0.00995
14	0.01544	0.01036	0.01296	0.01047	0.01400	0.03861	0.05919	0.05400	0.01479	0.19171	0.04271	0.09924	0.12801	0.09146	0.00884	0.00218	0.00529	0.00807	0.00523	0.18743
15	0.09133	0.02176	0.01610	0.01365	0.01760	0.40198	0.01063	0.17131	0.01866	0.07501	0.01171	0.01261	0.00897	0.00637	0.00544	0.00161	0.00845	0.00435	0.00421	0.09827

[dist]
# distance from previous block
# <min> <max>
4	15

[block]
# block no. 3 follows, 37 sequences, length 22
# corresponding to MSA columns:
# 461-482
name=unknown_D
#
# <colnr> <probs for GDERKNQSTAVLIFYWHMCP>
#	G	D	E	R	K	N	Q	S	T	A	V	L	I	F	Y	W	H	M	C	P
0	0.04236	0.02534	0.46919	0.07196	0.02452	0.06017	0.01839	0.08375	0.06516	0.02123	0.01326	0.01684	0.01024	0.00677	0.00595	0.00197	0.00827	0.04256	0.00341	0.00866
1	0.00777	0.00560	0.00687	0.00774	0.00826	0.00523	0.00506	0.00865	0.01136	0.01485	0.03434	0.49848	0.13767	0.20283	0.01334	0.00326	0.00406	0.01471	0.00521	0.00470
2	0.01373	0.01336	0.02332	0.25435	0.36031	0.01377	0.11825	0.01763	0.01338	0.01862	0.01139	0.01546	0.00911	0.00552	0.00610	0.00183	0.00771	0.00553	0.00300	0.08764
3	0.01399	0.01400	0.02561	0.20448	0.35578	0.01422	0.20188	0.01808	0.01361	0.01887	0.01156	0.01565	0.00920	0.00548	0.00630	0.00189	0.00813	0.00581	0.00301	0.05245
4	0.01156	0.01088	0.01836	0.77016	0.04216	0.01360	0.01700	0.01564	0.01224	0.01564	0.01088	0.01632	0.00816	0.00612	0.00612	0.00204	0.00816	0.00544	0.00272	0.00680
5	0.01269	0.01088	0.01269	0.00907	0.01451	0.00816	0.00725	0.01541	0.01269	0.01995	0.01088	0.01269	0.00907	0.00453	0.00453	0.00091	0.00453	0.00363	0.00363	0.82229
6	0.01894	0.01431	0.02702	0.01966	0.02514	0.01339	0.42410	0.07501	0.01657	0.24831	0.04184	0.01874	0.01289	0.00633	0.00681	0.00199	0.00821	0.00690	0.00484	0.00900
7	0.02327	0.01715	0.01837	0.01408	0.01898	0.01898	0.01163	0.72628	0.02878	0.03858	0.01470	0.01470	0.01041	0.00735	0.00612	0.00184	0.00674	0.00551	0.00612	0.01041
8	0.01063	0.00532	0.00797	0.00797	0.00797	0.00532	0.00532	0.00797	0.00797	0.01063	0.01063	0.01861	0.01063	0.02127	0.02392	0.82190	0.00532	0.00532	0.00266	0.00266
9	0.02551	0.01128	0.01447	0.01134	0.01591	0.01058	0.00929	0.08195	0.11485	0.60054	0.02355	0.02065	0.01527	0.00766	0.00616	0.00191	0.00527	0.00621	0.00729	0.01032
10	0.02327	0.01715	0.01837	0.01408	0.01898	0.01898	0.01163	0.72628	0.02878	0.03858	0.01470	0.01470	0.01041	0.00735	0.00612	0.00184	0.00674	0.00551	0.00612	0.01041
11	0.01523	0.01315	0.01384	0.01246	0.01592	0.01523	0.00969	0.03253	0.73563	0.02561	0.02491	0.02284	0.01869	0.00830	0.00623	0.00208	0.00484	0.00692	0.00623	0.00969
12	0.01269	0.01088	0.01269	0.00907	0.01451	0.00816	0.00725	0.01541	0.01269	0.01995	0.01088	0.01269	0.00907	0.00453	0.00453	0.00091	0.00453	0.00363	0.00363	0.82229
13	0.01637	0.78856	0.03208	0.01047	0.01571	0.02422	0.01047	0.01833	0.01244	0.01440	0.00851	0.00982	0.00786	0.00524	0.00393	0.00131	0.00655	0.00327	0.00262	0.00786
14	0.00740	0.00581	0.00670	0.00732	0.00858	0.00511	0.00517	0.00880	0.01311	0.01651	0.08194	0.38260	0.39522	0.01701	0.00749	0.00225	0.00329	0.01484	0.00573	0.00511
15	0.01714	0.73407	0.03083	0.01050	0.01570	0.02316	0.01037	0.01913	0.01279	0.06597	0.00961	0.01059	0.00837	0.00540	0.00408	0.00135	0.00645	0.00347	0.00297	0.00803
16	0.01539	0.13601	0.47618	0.01608	0.02318	0.19507	0.01834	0.02046	0.01392	0.01764	0.01028	0.01204	0.00780	0.00585	0.00548	0.00176	0.00918	0.00421	0.00273	0.00841
17	0.01528	0.06446	0.01374	0.00980	0.01373	0.00986	0.03257	0.08770	0.01578	0.16151	0.09835	0.02786	0.15317	0.05040	0.00727	0.00185	0.00487	0.00718	0.00525	0.21938
18	0.01451	0.29816	0.10979	0.01251	0.01708	0.01532	0.08201	0.05082	0.01370	0.07191	0.01684	0.19753	0.01656	0.00889	0.00572	0.00179	0.00631	0.00756	0.00399	0.04902
19	0.01513	0.27061	0.14288	0.01806	0.07604	0.05928	0.19626	0.01927	0.03382	0.01760	0.01074	0.01318	0.00873	0.00570	0.00619	0.00172	0.04478	0.00491	0.00296	0.05214
20	0.05741	0.03701	0.05389	0.06330	0.03511	0.07691	0.11338	0.12786	0.08506	0.17724	0.09444	0.01971	0.01637	0.00731	0.00617	0.00190	0.00682	0.00627	0.00515	0.00869
21	0.15779	0.01129	0.01351	0.01079	0.01471	0.02877	0.05394	0.08729	0.03456	0.19369	0.19055	0.02270	0.02213	0.00781	0.00582	0.00176	0.00508	0.00645	0.00558	0.12578

[dist]
# distance from previous block
# <min> <max>
41	74

[block]
# block no. 4 follows, 37 sequences, length 31
# corresponding to MSA columns:
# 583-613
name=unknown_E
#
# <colnr> <probs for GDERKNQSTAVLIFYWHMCP>
#	G	D	E	R	K	N	Q	S	T	A	V	L	I	F	Y	W	H	M	C	P
0	0.01591	0.01130	0.01521	0.29219	0.02510	0.01272	0.01201	0.05519	0.23636	0.16056	0.01987	0.08467	0.01561	0.00825	0.00631	0.00205	0.00612	0.00706	0.00514	0.00839
1	0.01856	0.02148	0.26904	0.01875	0.13672	0.03636	0.01630	0.29946	0.01983	0.08437	0.01353	0.01455	0.00970	0.00652	0.00599	0.00187	0.00761	0.00517	0.00446	0.00974
2	0.01843	0.21600	0.14160	0.01329	0.01854	0.07245	0.01266	0.31756	0.02020	0.02635	0.07442	0.01555	0.01319	0.00692	0.00556	0.00171	0.00705	0.00514	0.00449	0.00890
3	0.01200	0.00970	0.01090	0.01089	0.07412	0.00949	0.00764	0.19243	0.01773	0.02245	0.04564	0.04391	0.49448	0.01257	0.00685	0.00199	0.00438	0.01039	0.00557	0.00689
4	0.01295	0.01209	0.07549	0.00982	0.01482	0.00874	0.00856	0.04519	0.01438	0.04901	0.14011	0.01890	0.01778	0.00628	0.00524	0.00125	0.00475	0.00518	0.00434	0.54513
5	0.01732	0.29709	0.24947	0.01339	0.01942	0.07588	0.01411	0.04679	0.07159	0.12107	0.01306	0.01362	0.00980	0.00615	0.00521	0.00169	0.00736	0.00448	0.00376	0.00876
6	0.01480	0.45127	0.28870	0.01314	0.01959	0.01987	0.01475	0.01992	0.07443	0.01714	0.01080	0.01204	0.00874	0.00571	0.00480	0.00160	0.00730	0.00403	0.00291	0.00844
7	0.00738	0.00562	0.00680	0.00773	0.00867	0.00504	0.00533	0.00861	0.01248	0.01594	0.04336	0.53524	0.27992	0.01793	0.00762	0.00234	0.00340	0.01588	0.00568	0.00504
8	0.00825	0.00624	0.00761	0.00727	0.00889	0.00560	0.00545	0.01076	0.01636	0.02225	0.54830	0.04950	0.25435	0.01337	0.00722	0.00197	0.00295	0.01160	0.00644	0.00560
9	0.00723	0.00620	0.00620	0.00620	0.00827	0.00517	0.00465	0.00878	0.01395	0.01654	0.06201	0.05891	0.74421	0.01550	0.00723	0.00207	0.00310	0.01292	0.00568	0.00517
10	0.01052	0.01477	0.19933	0.07693	0.01728	0.07301	0.01170	0.01343	0.01249	0.01651	0.02320	0.43276	0.02570	0.01332	0.00730	0.00224	0.02718	0.01161	0.00434	0.00640
11	0.01987	0.01606	0.02108	0.02392	0.32370	0.01712	0.01463	0.43002	0.02257	0.03080	0.01336	0.01489	0.01011	0.00656	0.00610	0.00183	0.00696	0.00549	0.00483	0.01011
12	0.19034	0.01378	0.01385	0.01189	0.01575	0.01577	0.00948	0.18825	0.41923	0.02897	0.01908	0.01823	0.01422	0.00753	0.00568	0.00198	0.00525	0.00583	0.00568	0.00920
13	0.01637	0.78856	0.03208	0.01047	0.01571	0.02422	0.01047	0.01833	0.01244	0.01440	0.00851	0.00982	0.00786	0.00524	0.00393	0.00131	0.00655	0.00327	0.00262	0.00786
14	0.02327	0.01715	0.01837	0.01408	0.01898	0.01898	0.01163	0.72628	0.02878	0.03858	0.01470	0.01470	0.01041	0.00735	0.00612	0.00184	0.00674	0.00551	0.00612	0.01041
15	0.00746	0.00533	0.00710	0.00852	0.00888	0.00497	0.00568	0.00852	0.01172	0.01563	0.03374	0.78088	0.04049	0.01918	0.00781	0.00249	0.00355	0.01740	0.00568	0.00497
16	0.02746	0.01042	0.01421	0.01089	0.01563	0.00900	0.00900	0.02983	0.01752	0.75093	0.02415	0.02083	0.01515	0.00758	0.00616	0.00189	0.00521	0.00616	0.00758	0.01042
17	0.01228	0.03166	0.75316	0.01745	0.02649	0.01422	0.02262	0.01939	0.01292	0.01939	0.01099	0.01292	0.00775	0.00582	0.00582	0.00194	0.00905	0.00452	0.00258	0.00905
18	0.01156	0.01088	0.01836	0.77016	0.04216	0.01360	0.01700	0.01564	0.01224	0.01564	0.01088	0.01632	0.00816	0.00612	0.00612	0.00204	0.00816	0.00544	0.00272	0.00680
19	0.01028	0.00664	0.00883	0.00814	0.00984	0.00620	0.00620	0.01307	0.01676	0.08602	0.62471	0.04189	0.05077	0.01471	0.06627	0.00254	0.00415	0.01029	0.00654	0.00615
20	0.01156	0.01088	0.01836	0.77016	0.04216	0.01360	0.01700	0.01564	0.01224	0.01564	0.01088	0.01632	0.00816	0.00612	0.00612	0.00204	0.00816	0.00544	0.00272	0.00680
21	0.01515	0.01454	0.02485	0.03757	0.74669	0.01454	0.01879	0.01879	0.01394	0.02000	0.01151	0.01515	0.00970	0.00545	0.00606	0.00182	0.00727	0.00545	0.00303	0.00970
22	0.00903	0.00654	0.00885	0.01014	0.01133	0.00636	0.00835	0.01129	0.01348	0.01748	0.03529	0.24952	0.09736	0.01737	0.00819	0.00267	0.00489	0.47081	0.00565	0.00543
23	0.02149	0.02710	0.02043	0.01741	0.02107	0.63816	0.12869	0.02365	0.01687	0.01574	0.00994	0.01194	0.00811	0.00612	0.00580	0.00166	0.01092	0.00448	0.00314	0.00729
24	0.00990	0.00654	0.00847	0.00928	0.01034	0.00634	0.00664	0.01261	0.07445	0.07444	0.03212	0.59537	0.03618	0.01714	0.00760	0.00243	0.00397	0.07444	0.00587	0.00586
25	0.00772	0.00573	0.00726	0.00838	0.00923	0.00528	0.00599	0.00911	0.01250	0.01616	0.03960	0.53653	0.18982	0.01811	0.00777	0.00244	0.00372	0.10389	0.00568	0.00510
26	0.01498	0.01437	0.02454	0.07188	0.71369	0.01450	0.01870	0.01864	0.01386	0.01979	0.01148	0.01520	0.00962	0.00549	0.00606	0.00183	0.00731	0.00545	0.00302	0.00956
27	0.01387	0.01345	0.02352	0.28590	0.45088	0.01430	0.07358	0.01778	0.01340	0.01848	0.01137	0.01566	0.00914	0.00566	0.00617	0.00191	0.00781	0.00559	0.00293	0.00860
28	0.01434	0.01619	0.03433	0.02480	0.03036	0.01582	0.65138	0.01911	0.01393	0.01911	0.01194	0.01619	0.00916	0.00573	0.00855	0.00213	0.08877	0.00703	0.00305	0.00810
29	0.28938	0.01121	0.01517	0.51086	0.03184	0.01364	0.01347	0.01644	0.01162	0.01966	0.01008	0.01415	0.00764	0.00597	0.00533	0.00199	0.00699	0.00472	0.00308	0.00674
30	0.02225	0.01707	0.02041	0.01543	0.02048	0.01858	0.09373	0.64489	0.02713	0.03639	0.01443	0.01491	0.01028	0.00710	0.00625	0.00186	0.00715	0.00571	0.00577	0.01016

[dist]
# distance from previous block
# <min> <max>
7	10

[block]
# block no. 5 follows, 37 sequences, length 7
# corresponding to MSA columns:
# 624-630
name=unknown_F
#
# <colnr> <probs for GDERKNQSTAVLIFYWHMCP>
#	G	D	E	R	K	N	Q	S	T	A	V	L	I	F	Y	W	H	M	C	P
0	0.01317	0.02604	0.52859	0.01593	0.02328	0.01452	0.01869	0.02338	0.23245	0.02128	0.01522	0.01594	0.01107	0.00657	0.00594	0.00198	0.00777	0.00525	0.00369	0.00924
1	0.08502	0.24719	0.02170	0.47220	0.03145	0.01684	0.01410	0.01666	0.01214	0.01631	0.00995	0.01378	0.00793	0.00581	0.00525	0.00181	0.00737	0.00459	0.00278	0.00711
2	0.02454	0.01510	0.01711	0.01311	0.01796	0.01595	0.01083	0.51473	0.02536	0.25496	0.01757	0.01656	0.01185	0.00742	0.00613	0.00185	0.00627	0.00571	0.00656	0.01041
3	0.00856	0.00647	0.00794	0.00770	0.00925	0.00601	0.00572	0.01166	0.04867	0.02215	0.50795	0.11797	0.19004	0.01355	0.00723	0.00201	0.00308	0.01186	0.00641	0.00576
4	0.01211	0.00986	0.01167	0.00896	0.01315	0.00809	0.00707	0.05745	0.01508	0.02248	0.23364	0.02285	0.02394	0.00713	0.00545	0.00127	0.00417	0.00600	0.00472	0.52492
5	0.01588	0.01341	0.01873	0.31679	0.15151	0.01469	0.01441	0.23201	0.01761	0.02391	0.01215	0.01516	0.00922	0.00617	0.00590	0.00179	0.00710	0.00523	0.00392	0.11440
6	0.01890	0.01387	0.05873	0.13884	0.31401	0.01309	0.01511	0.08407	0.01602	0.24296	0.01551	0.01690	0.01108	0.00639	0.00609	0.00188	0.00683	0.00562	0.00461	0.00950

[dist]
# distance from previous block
# <min> <max>
15	39

[block]
# block no. 6 follows, 37 sequences, length 19
# corresponding to MSA columns:
# 672-690
name=unknown_G
#
# <colnr> <probs for GDERKNQSTAVLIFYWHMCP>
#	G	D	E	R	K	N	Q	S	T	A	V	L	I	F	Y	W	H	M	C	P
0	0.01441	0.03967	0.24867	0.35752	0.03102	0.01347	0.01696	0.04758	0.01399	0.11511	0.03529	0.01650	0.01057	0.00644	0.00600	0.00196	0.00778	0.00536	0.00358	0.00813
1	0.01252	0.01027	0.01428	0.26036	0.02294	0.04073	0.05491	0.01682	0.09046	0.08470	0.04246	0.17538	0.12786	0.01057	0.00671	0.00210	0.00600	0.00933	0.00470	0.00691
2	0.01378	0.01338	0.02349	0.30356	0.42608	0.01428	0.08114	0.01771	0.01336	0.01837	0.01136	0.01570	0.00910	0.00567	0.00619	0.00192	0.00787	0.00561	0.00292	0.00851
3	0.01310	0.01313	0.02015	0.49813	0.03487	0.06021	0.10435	0.01811	0.07717	0.01691	0.01199	0.01635	0.00921	0.00660	0.00743	0.00207	0.07417	0.00570	0.00310	0.00725
4	0.01866	0.08200	0.01748	0.24134	0.06995	0.09773	0.01220	0.02138	0.01473	0.26995	0.01710	0.08239	0.01340	0.00765	0.00601	0.00190	0.00687	0.00635	0.00471	0.00821
5	0.02024	0.01399	0.01578	0.01192	0.01694	0.01385	0.00976	0.37275	0.03809	0.13856	0.01509	0.01514	0.01087	0.00648	0.00561	0.00155	0.00574	0.00502	0.00552	0.27710
6	0.00738	0.00565	0.00677	0.00768	0.00866	0.00504	0.00531	0.00862	0.01253	0.01596	0.04404	0.51771	0.29700	0.01784	0.00760	0.00233	0.00339	0.01577	0.00568	0.00504
7	0.01264	0.01348	0.10546	0.01012	0.01601	0.00892	0.00918	0.01591	0.01272	0.01988	0.01089	0.01272	0.00890	0.00469	0.00469	0.00104	0.00510	0.00374	0.00350	0.72041
8	0.01363	0.14903	0.06337	0.01027	0.01566	0.01225	0.00910	0.01832	0.10324	0.01965	0.01223	0.01347	0.00998	0.00521	0.00472	0.00119	0.00521	0.00403	0.00371	0.52573
9	0.01347	0.01242	0.01821	0.02483	0.41343	0.01270	0.01358	0.01993	0.18659	0.02060	0.02555	0.02638	0.16945	0.00829	0.00635	0.00193	0.00580	0.00741	0.00436	0.00872
10	0.01398	0.01549	0.11210	0.02569	0.41594	0.01241	0.01548	0.01775	0.01340	0.01990	0.01124	0.01406	0.00925	0.00520	0.00553	0.00153	0.00659	0.00474	0.00317	0.27655
11	0.01350	0.18966	0.10807	0.01010	0.01407	0.01183	0.00951	0.01699	0.03529	0.10776	0.31386	0.02826	0.05217	0.00893	0.00598	0.00173	0.00493	0.00739	0.00515	0.05483
12	0.02206	0.09199	0.08318	0.01250	0.01764	0.01462	0.01118	0.24731	0.08070	0.29700	0.01797	0.01694	0.01233	0.00705	0.00584	0.00180	0.00611	0.00548	0.00591	0.04238
13	0.01598	0.01229	0.01454	0.01348	0.08015	0.01269	0.00979	0.24212	0.13778	0.04946	0.17470	0.02566	0.04617	0.00864	0.00627	0.00181	0.00518	0.02694	0.00570	0.11064
14	0.01881	0.01075	0.01310	0.01050	0.01430	0.01026	0.00842	0.17664	0.03596	0.27100	0.20511	0.05586	0.02539	0.00891	0.00629	0.00180	0.00479	0.00744	0.00645	0.10820
15	0.06919	0.01498	0.01384	0.01171	0.01552	0.13568	0.00921	0.13662	0.22221	0.07987	0.04683	0.02138	0.07950	0.00792	0.00585	0.00178	0.00592	0.00619	0.00530	0.11050
16	0.01533	0.01645	0.15024	0.08078	0.02026	0.01447	0.01265	0.13321	0.33747	0.03828	0.03706	0.01978	0.02927	0.00750	0.00606	0.00193	0.00611	0.00613	0.00509	0.06197
17	0.01874	0.01306	0.01526	0.10716	0.01953	0.01432	0.01071	0.22418	0.26990	0.15844	0.02250	0.02166	0.06057	0.00809	0.00624	0.00197	0.00575	0.00658	0.00597	0.00937
18	0.01811	0.01377	0.01678	0.21951	0.02417	0.01549	0.01228	0.29162	0.18818	0.08148	0.01660	0.01742	0.01203	0.00715	0.00609	0.00192	0.00649	0.00580	0.00523	0.03988

[dist]
# distance from previous block
# <min> <max>
17	102

[block]
# block no. 7 follows, 37 sequences, length 6
# corresponding to MSA columns:
# 808-813
name=unknown_H
#
# <colnr> <probs for GDERKNQSTAVLIFYWHMCP>
#	G	D	E	R	K	N	Q	S	T	A	V	L	I	F	Y	W	H	M	C	P
0	0.02033	0.01510	0.01754	0.01598	0.10401	0.01635	0.01161	0.49395	0.06818	0.06171	0.07097	0.04423	0.01563	0.00799	0.00626	0.00188	0.00622	0.00644	0.00585	0.00974
1	0.01726	0.01222	0.01319	0.01098	0.01455	0.03781	0.00853	0.14765	0.23139	0.14534	0.02222	0.02413	0.05978	0.11989	0.00963	0.00240	0.00547	0.00670	0.00562	0.10524
2	0.01837	0.01451	0.01863	0.01429	0.01901	0.01499	0.12185	0.34009	0.12251	0.06413	0.01970	0.01986	0.07238	0.00749	0.00622	0.00182	0.00639	0.00640	0.00540	0.10597
3	0.01763	0.01251	0.01502	0.01374	0.07633	0.01262	0.01013	0.21475	0.13770	0.12562	0.01947	0.07868	0.01626	0.00846	0.00614	0.00183	0.00552	0.05894	0.00554	0.16311
4	0.01819	0.01593	0.01983	0.02330	0.31414	0.07171	0.01403	0.26615	0.10768	0.02655	0.01518	0.05254	0.01239	0.00719	0.00615	0.00187	0.00689	0.00612	0.00463	0.00952
5	0.14057	0.01496	0.01668	0.01306	0.01769	0.05997	0.06899	0.26935	0.09103	0.12953	0.01515	0.01535	0.01093	0.00665	0.00566	0.00177	0.00634	0.00524	0.00526	0.10584

[dist]
# distance from previous block
# <min> <max>
13	23

[block]
# block no. 8 follows, 37 sequences, length 6
# corresponding to MSA columns:
# 837-842
name=unknown_I
#
# <colnr> <probs for GDERKNQSTAVLIFYWHMCP>
#	G	D	E	R	K	N	Q	S	T	A	V	L	I	F	Y	W	H	M	C	P
0	0.00821	0.00673	0.00707	0.00687	0.00894	0.00593	0.00517	0.04616	0.01493	0.01840	0.12352	0.09271	0.60392	0.01498	0.00721	0.00206	0.00329	0.01259	0.00581	0.00549
1	0.01469	0.01408	0.02402	0.13094	0.65690	0.01442	0.01856	0.01839	0.01372	0.01944	0.01143	0.01530	0.00950	0.00554	0.00607	0.00185	0.00739	0.00545	0.00299	0.00933
2	0.01479	0.34211	0.15510	0.24522	0.02605	0.08985	0.01477	0.01828	0.01294	0.01573	0.00977	0.01248	0.00793	0.00571	0.00509	0.00167	0.00792	0.00422	0.00269	0.00767
3	0.01866	0.02123	0.02400	0.02161	0.12679	0.32154	0.23122	0.07039	0.06817	0.01948	0.01211	0.01440	0.00952	0.00605	0.00621	0.00181	0.00954	0.00548	0.00354	0.00823
4	0.01673	0.01444	0.01865	0.02109	0.25071	0.01603	0.01327	0.17020	0.30731	0.02573	0.01732	0.01803	0.01335	0.00736	0.00713	0.00199	0.06005	0.00605	0.00493	0.00963
5	0.01275	0.00740	0.00995	0.00920	0.01107	0.00738	0.00704	0.01546	0.04106	0.16553	0.21830	0.05840	0.02942	0.11350	0.23402	0.00481	0.00794	0.03487	0.00542	0.00649

[dist]
# distance from previous block
# <min> <max>
10	28

[block]
# block no. 9 follows, 37 sequences, length 57
# corresponding to MSA columns:
# 876-932
name=unknown_J
#
# <colnr> <probs for GDERKNQSTAVLIFYWHMCP>
#	G	D	E	R	K	N	Q	S	T	A	V	L	I	F	Y	W	H	M	C	P
0	0.10316	0.07731	0.35984	0.01409	0.02060	0.04029	0.01549	0.05616	0.08258	0.15212	0.01434	0.01476	0.01013	0.00640	0.00557	0.00188	0.00729	0.00485	0.00414	0.00901
1	0.04197	0.00707	0.00944	0.07093	0.01309	0.00740	0.00804	0.01164	0.03510	0.01754	0.06812	0.40758	0.04985	0.01594	0.00803	0.00246	0.03298	0.18190	0.00532	0.00561
2	0.01485	0.01456	0.02911	0.06447	0.10749	0.01417	0.46143	0.01908	0.01413	0.07793	0.01545	0.04631	0.03646	0.00661	0.00765	0.00207	0.04910	0.00732	0.00359	0.00820
3	0.01304	0.17264	0.61885	0.01615	0.02449	0.01608	0.02035	0.01919	0.01283	0.01846	0.01052	0.01235	0.00777	0.00571	0.00546	0.00182	0.00858	0.00429	0.00259	0.00882
4	0.01335	0.04830	0.41724	0.02089	0.02857	0.01508	0.32934	0.01945	0.01358	0.01933	0.01152	0.01440	0.00843	0.00551	0.00637	0.00197	0.00953	0.00567	0.00281	0.00866
5	0.01108	0.01026	0.00988	0.01047	0.01207	0.13337	0.00829	0.01313	0.01429	0.01722	0.06775	0.20022	0.14972	0.01514	0.00757	0.00237	0.00558	0.30061	0.00529	0.00568
6	0.01612	0.01868	0.20688	0.02687	0.40408	0.03409	0.01773	0.02141	0.06634	0.10790	0.01381	0.01571	0.01046	0.00603	0.00601	0.00187	0.00740	0.00537	0.00370	0.00955
7	0.01856	0.01501	0.01572	0.11248	0.04315	0.12722	0.01135	0.17873	0.16977	0.12306	0.01892	0.06886	0.01537	0.00848	0.00629	0.00198	0.00672	0.04440	0.00529	0.00865
8	0.00746	0.00533	0.00710	0.00852	0.00888	0.00497	0.00568	0.00852	0.01172	0.01563	0.03374	0.78088	0.04049	0.01918	0.00781	0.00249	0.00355	0.01740	0.00568	0.00497
9	0.01249	0.01193	0.02035	0.56534	0.19488	0.01401	0.03989	0.01643	0.01260	0.01669	0.01099	0.01599	0.00853	0.00607	0.00653	0.00201	0.02950	0.00550	0.00280	0.00748
10	0.01635	0.01290	0.03489	0.18260	0.12816	0.01320	0.09874	0.09314	0.11465	0.13945	0.04047	0.06743	0.01496	0.00760	0.00640	0.00199	0.00677	0.00691	0.00474	0.00864
11	0.01382	0.31757	0.48078	0.01481	0.02242	0.01800	0.01803	0.01899	0.01274	0.01750	0.01005	0.01175	0.00779	0.00560	0.00510	0.00170	0.00810	0.00405	0.00260	0.00860
12	0.00774	0.00554	0.00743	0.00855	0.00897	0.00540	0.00578	0.00887	0.01125	0.01514	0.03031	0.62234	0.03573	0.08444	0.10794	0.00372	0.00542	0.01530	0.00521	0.00493
13	0.01261	0.09398	0.69379	0.01687	0.02561	0.01504	0.02162	0.01930	0.01288	0.01898	0.01078	0.01267	0.00776	0.00577	0.00566	0.00189	0.00884	0.00442	0.00259	0.00895
14	0.02136	0.01124	0.01374	0.01131	0.01529	0.01121	0.00914	0.08072	0.22697	0.39888	0.08806	0.02469	0.02025	0.00850	0.00634	0.00197	0.00502	0.02871	0.00694	0.00964
15	0.00989	0.00727	0.00968	0.01058	0.01216	0.00727	0.00901	0.01354	0.05887	0.01953	0.13120	0.06245	0.07579	0.01570	0.00808	0.00261	0.00507	0.52960	0.00583	0.00588
16	0.01515	0.01454	0.02485	0.03757	0.74669	0.01454	0.01879	0.01879	0.01394	0.02000	0.01151	0.01515	0.00970	0.00545	0.00606	0.00182	0.00727	0.00545	0.00303	0.00970
17	0.02036	0.01117	0.01493	0.01217	0.01609	0.01095	0.06002	0.07924	0.17061	0.36724	0.05044	0.10307	0.01987	0.00918	0.00652	0.00203	0.00536	0.02493	0.00658	0.00924
18	0.01156	0.01088	0.01836	0.77016	0.04216	0.01360	0.01700	0.01564	0.01224	0.01564	0.01088	0.01632	0.00816	0.00612	0.00612	0.00204	0.00816	0.00544	0.00272	0.00680
19	0.02603	0.01000	0.01345	0.01043	0.01487	0.00870	0.00858	0.02844	0.01710	0.68601	0.02378	0.02101	0.01520	0.00754	0.00599	0.00185	0.00500	0.00612	0.07991	0.01000
20	0.01228	0.03166	0.75316	0.01745	0.02649	0.01422	0.02262	0.01939	0.01292	0.01939	0.01099	0.01292	0.00775	0.00582	0.00582	0.00194	0.00905	0.00452	0.00258	0.00905
21	0.01263	0.01197	0.02029	0.55245	0.25153	0.01388	0.01753	0.01657	0.01274	0.01694	0.01107	0.01597	0.00862	0.00592	0.00610	0.00197	0.00790	0.00544	0.00281	0.00766
22	0.02746	0.01042	0.01421	0.01089	0.01563	0.00900	0.00900	0.02983	0.01752	0.75093	0.02415	0.02083	0.01515	0.00758	0.00616	0.00189	0.00521	0.00616	0.00758	0.01042
23	0.01237	0.03113	0.73031	0.01808	0.04909	0.01423	0.02250	0.01937	0.01296	0.01940	0.01100	0.01299	0.00782	0.00580	0.00582	0.00193	0.00899	0.00455	0.00260	0.00907
24	0.01156	0.01088	0.01836	0.77016	0.04216	0.01360	0.01700	0.01564	0.01224	0.01564	0.01088	0.01632	0.00816	0.00612	0.00612	0.00204	0.00816	0.00544	0.00272	0.00680
25	0.01392	0.33657	0.46268	0.01464	0.02215	0.01825	0.01772	0.01896	0.01273	0.01738	0.00999	0.01167	0.00779	0.00558	0.00506	0.00169	0.00804	0.00402	0.00260	0.00857
26	0.01515	0.01454	0.02485	0.03757	0.74669	0.01454	0.01879	0.01879	0.01394	0.02000	0.01151	0.01515	0.00970	0.00545	0.00606	0.00182	0.00727	0.00545	0.00303	0.00970
27	0.02327	0.01715	0.01837	0.01408	0.01898	0.01898	0.01163	0.72628	0.02878	0.03858	0.01470	0.01470	0.01041	0.00735	0.00612	0.00184	0.00674	0.00551	0.00612	0.01041
28	0.01637	0.78856	0.03208	0.01047	0.01571	0.02422	0.01047	0.01833	0.01244	0.01440	0.00851	0.00982	0.00786	0.00524	0.00393	0.00131	0.00655	0.00327	0.00262	0.00786
29	0.00725	0.00613	0.00627	0.00639	0.00832	0.00515	0.00473	0.00876	0.01377	0.01646	0.05973	0.11716	0.68743	0.01580	0.00728	0.00210	0.00314	0.01328	0.00568	0.00515
30	0.00746	0.00533	0.00710	0.00852	0.00888	0.00497	0.00568	0.00852	0.01172	0.01563	0.03374	0.78088	0.04049	0.01918	0.00781	0.00249	0.00355	0.01740	0.00568	0.00497
31	0.00746	0.00533	0.00710	0.00852	0.00888	0.00497	0.00568	0.00852	0.01172	0.01563	0.03374	0.78088	0.04049	0.01918	0.00781	0.00249	0.00355	0.01740	0.00568	0.00497
32	0.01156	0.01088	0.01836	0.77016	0.04216	0.01360	0.01700	0.01564	0.01224	0.01564	0.01088	0.01632	0.00816	0.00612	0.00612	0.00204	0.00816	0.00544	0.00272	0.00680
33	0.01156	0.01088	0.01836	0.77016	0.04216	0.01360	0.01700	0.01564	0.01224	0.01564	0.01088	0.01632	0.00816	0.00612	0.00612	0.00204	0.00816	0.00544	0.00272	0.00680
34	0.00746	0.00533	0.00710	0.00852	0.00888	0.00497	0.00568	0.00852	0.01172	0.01563	0.03374	0.78088	0.04049	0.01918	0.00781	0.00249	0.00355	0.01740	0.00568	0.00497
35	0.02746	0.01042	0.01421	0.01089	0.01563	0.00900	0.00900	0.02983	0.01752	0.75093	0.02415	0.02083	0.01515	0.00758	0.00616	0.00189	0.00521	0.00616	0.00758	0.01042
36	0.02327	0.01715	0.01837	0.01408	0.01898	0.01898	0.01163	0.72628	0.02878	0.03858	0.01470	0.01470	0.01041	0.00735	0.00612	0.00184	0.00674	0.00551	0.00612	0.01041
37	0.00906	0.00675	0.00877	0.00980	0.01135	0.00646	0.00830	0.01148	0.01397	0.01774	0.04046	0.09250	0.22701	0.01661	0.00810	0.00260	0.00487	0.49302	0.00565	0.00549
38	0.01588	0.69947	0.11695	0.01129	0.01698	0.02304	0.01190	0.01845	0.01249	0.01499	0.00880	0.01018	0.00784	0.00531	0.00415	0.00138	0.00684	0.00342	0.00261	0.00800
39	0.01484	0.01271	0.01356	0.01237	0.01569	0.01464	0.00970	0.03111	0.68408	0.02509	0.02545	0.02614	0.01987	0.00892	0.00639	0.00213	0.00490	0.05683	0.00619	0.00940
40	0.02261	0.00984	0.01298	0.01040	0.01436	0.00892	0.00842	0.02644	0.08289	0.54048	0.16720	0.02596	0.02394	0.00862	0.00637	0.00192	0.00471	0.00720	0.00729	0.00943
41	0.02060	0.01560	0.01693	0.01290	0.01787	0.01642	0.01058	0.54150	0.05118	0.03393	0.01422	0.01455	0.01041	0.00675	0.00577	0.00164	0.00617	0.00514	0.00557	0.19226
42	0.02287	0.02917	0.01735	0.01577	0.01892	0.76030	0.01183	0.02444	0.01735	0.01498	0.00946	0.01104	0.00788	0.00631	0.00552	0.00158	0.01104	0.00394	0.00315	0.00710
43	0.01215	0.01148	0.01942	0.65009	0.15763	0.01375	0.01729	0.01616	0.01252	0.01635	0.01098	0.01613	0.00841	0.00601	0.00611	0.00200	0.00801	0.00544	0.00277	0.00727
44	0.01523	0.01315	0.01384	0.01246	0.01592	0.01523	0.00969	0.03253	0.73563	0.02561	0.02491	0.02284	0.01869	0.00830	0.00623	0.00208	0.00484	0.00692	0.00623	0.00969
45	0.02746	0.01042	0.01421	0.01089	0.01563	0.00900	0.00900	0.02983	0.01752	0.75093	0.02415	0.02083	0.01515	0.00758	0.00616	0.00189	0.00521	0.00616	0.00758	0.01042
46	0.02746	0.01042	0.01421	0.01089	0.01563	0.00900	0.00900	0.02983	0.01752	0.75093	0.02415	0.02083	0.01515	0.00758	0.00616	0.00189	0.00521	0.00616	0.00758	0.01042
47	0.02350	0.01678	0.01814	0.01391	0.01880	0.01844	0.01149	0.68847	0.02817	0.07725	0.01521	0.01503	0.01067	0.00736	0.00613	0.00184	0.00665	0.00555	0.00620	0.01041
48	0.01228	0.03166	0.75316	0.01745	0.02649	0.01422	0.02262	0.01939	0.01292	0.01939	0.01099	0.01292	0.00775	0.00582	0.00582	0.00194	0.00905	0.00452	0.00258	0.00905
49	0.02721	0.01144	0.01438	0.01116	0.01581	0.04978	0.00915	0.02954	0.01751	0.71098	0.02335	0.02030	0.01476	0.00751	0.00612	0.00188	0.00553	0.00604	0.00734	0.01024
50	0.00745	0.00536	0.00707	0.00844	0.00886	0.00498	0.00564	0.00853	0.01180	0.01566	0.03478	0.75415	0.06654	0.01904	0.00779	0.00247	0.00353	0.01724	0.00568	0.00498
51	0.01704	0.01634	0.01623	0.01886	0.20032	0.25175	0.01215	0.01955	0.01562	0.09549	0.05554	0.02986	0.06083	0.00931	0.00653	0.00198	0.00746	0.15308	0.00444	0.00762
52	0.00746	0.00533	0.00710	0.00852	0.00888	0.00497	0.00568	0.00852	0.01172	0.01563	0.03374	0.78088	0.04049	0.01918	0.00781	0.00249	0.00355	0.01740	0.00568	0.00497
53	0.01445	0.01651	0.03612	0.02580	0.03199	0.01548	0.72446	0.01961	0.01445	0.01961	0.01238	0.01651	0.00929	0.00516	0.00722	0.00206	0.01032	0.00722	0.00310	0.00826
54	0.01450	0.01635	0.03521	0.02675	0.08965	0.01540	0.66753	0.01954	0.01441	0.01964	0.01231	0.01640	0.00932	0.00518	0.00713	0.00204	0.01007	0.00708	0.00309	0.00837
55	0.01501	0.01440	0.02458	0.06709	0.71830	0.01451	0.01871	0.01866	0.01387	0.01982	0.01149	0.01520	0.00963	0.00548	0.00606	0.00183	0.00731	0.00545	0.00302	0.00958
56	0.00878	0.00633	0.00816	0.00833	0.00946	0.00600	0.00599	0.04106	0.01542	0.02134	0.40880	0.35851	0.04834	0.01514	0.00743	0.00216	0.00334	0.01354	0.00626	0.00563

[dist]
# distance from previous block
# <min> <max>
0	3

[block]
# block no. 10 follows, 37 sequences, length 23
# corresponding to MSA columns:
# 936-958
name=unknown_K
#
# <colnr> <probs for GDERKNQSTAVLIFYWHMCP>
#	G	D	E	R	K	N	Q	S	T	A	V	L	I	F	Y	W	H	M	C	P
0	0.01486	0.01413	0.02403	0.03614	0.70659	0.01413	0.01830	0.01845	0.01395	0.01991	0.01266	0.01809	0.01109	0.00608	0.00619	0.00187	0.00718	0.04370	0.00317	0.00947
1	0.01466	0.12870	0.32805	0.01929	0.02632	0.05666	0.27909	0.01991	0.01380	0.04001	0.01147	0.01395	0.00856	0.00557	0.00607	0.00188	0.00917	0.00537	0.00296	0.00853
2	0.01253	0.01460	0.07329	0.02088	0.02576	0.01273	0.49778	0.01677	0.01366	0.01858	0.01774	0.21096	0.01714	0.00877	0.00729	0.00216	0.00852	0.00965	0.00372	0.00747
3	0.00739	0.00560	0.00683	0.00781	0.00869	0.00503	0.00537	0.00860	0.01241	0.01591	0.04242	0.55920	0.25656	0.01805	0.00764	0.00236	0.00341	0.01603	0.00568	0.00503
4	0.01508	0.55144	0.25798	0.01266	0.01909	0.02109	0.01428	0.01866	0.01259	0.01596	0.00929	0.01079	0.00782	0.00542	0.00452	0.00151	0.00733	0.00366	0.00261	0.00823
5	0.01441	0.29909	0.02536	0.27061	0.24308	0.01780	0.01512	0.01757	0.01282	0.01649	0.01019	0.01357	0.00851	0.00559	0.00529	0.00170	0.00730	0.00464	0.00278	0.00806
6	0.00802	0.00591	0.00751	0.00780	0.00892	0.00539	0.00558	0.01005	0.01479	0.02014	0.38632	0.31898	0.14719	0.01539	0.00744	0.00215	0.00316	0.01367	0.00620	0.00539
7	0.01773	0.01804	0.02247	0.06461	0.02364	0.16967	0.23039	0.14592	0.19861	0.02320	0.01524	0.01665	0.01148	0.00663	0.00636	0.00193	0.00834	0.00606	0.00440	0.00866
8	0.01386	0.32461	0.47407	0.01475	0.02232	0.01809	0.01792	0.01898	0.01274	0.01746	0.01003	0.01172	0.00779	0.00559	0.00508	0.00169	0.00808	0.00404	0.00260	0.00859
9	0.01389	0.32981	0.46911	0.01470	0.02225	0.01816	0.01783	0.01897	0.01273	0.01742	0.01001	0.01170	0.00779	0.00559	0.00507	0.00169	0.00806	0.00403	0.00260	0.00858
10	0.01515	0.01454	0.02485	0.03757	0.74669	0.01454	0.01879	0.01879	0.01394	0.02000	0.01151	0.01515	0.00970	0.00545	0.00606	0.00182	0.00727	0.00545	0.00303	0.00970
11	0.01266	0.01200	0.02035	0.54522	0.25848	0.01389	0.01755	0.01661	0.01276	0.01698	0.01107	0.01596	0.00863	0.00592	0.00610	0.00197	0.00789	0.00544	0.00282	0.00769
12	0.01396	0.01211	0.01852	0.13507	0.37097	0.01272	0.01386	0.09682	0.01410	0.01941	0.01376	0.02161	0.01275	0.20428	0.01247	0.00290	0.00700	0.00634	0.00351	0.00783
13	0.00746	0.00533	0.00710	0.00852	0.00888	0.00497	0.00568	0.00852	0.01172	0.01563	0.03374	0.78088	0.04049	0.01918	0.00781	0.00249	0.00355	0.01740	0.00568	0.00497
14	0.02150	0.02360	0.01659	0.01466	0.01815	0.48538	0.01123	0.10675	0.17031	0.05199	0.01396	0.01438	0.01077	0.00690	0.00577	0.00173	0.00898	0.00485	0.00434	0.00817
15	0.01235	0.00980	0.01198	0.01101	0.01345	0.01032	0.04516	0.07140	0.26623	0.04419	0.06379	0.28976	0.09956	0.01274	0.00697	0.00219	0.00457	0.01124	0.00588	0.00742
16	0.01289	0.01223	0.02075	0.49969	0.30227	0.01395	0.01766	0.01680	0.01287	0.01725	0.01111	0.01589	0.00873	0.00587	0.00610	0.00196	0.00783	0.00545	0.00283	0.00787
17	0.00904	0.00647	0.00889	0.01008	0.01120	0.00631	0.00821	0.01137	0.01379	0.01827	0.11421	0.26814	0.03930	0.01705	0.00813	0.00262	0.00473	0.43094	0.00578	0.00546
18	0.01500	0.01439	0.02458	0.06782	0.71760	0.01451	0.01871	0.01866	0.01387	0.01982	0.01149	0.01520	0.00963	0.00548	0.00606	0.00183	0.00731	0.00545	0.00302	0.00958
19	0.01287	0.14160	0.64843	0.01643	0.02493	0.01567	0.02085	0.01923	0.01285	0.01866	0.01063	0.01247	0.00777	0.00573	0.00554	0.00185	0.00868	0.00434	0.00259	0.00887
20	0.00808	0.00592	0.00771	0.00888	0.00978	0.00555	0.00661	0.00971	0.01281	0.01670	0.05780	0.47495	0.13920	0.01788	0.00788	0.00250	0.00400	0.19313	0.00570	0.00519
21	0.01565	0.02721	0.52754	0.01641	0.02419	0.01568	0.01924	0.23643	0.01779	0.02528	0.01212	0.01347	0.00857	0.00629	0.00591	0.00191	0.00834	0.00483	0.00367	0.00947
22	0.02279	0.02004	0.01675	0.03356	0.01836	0.33718	0.01126	0.14546	0.04235	0.20681	0.01453	0.01488	0.01055	0.00723	0.00702	0.00182	0.07099	0.00503	0.00484	0.00856

[dist]
# distance from previous block
# <min> <max>
0	7

[block]
# block no. 11 follows, 37 sequences, length 93
# corresponding to MSA columns:
# 966-1058
name=unknown_L
#
# <colnr> <probs for GDERKNQSTAVLIFYWHMCP>
#	G	D	E	R	K	N	Q	S	T	A	V	L	I	F	Y	W	H	M	C	P
0	0.01417	0.01354	0.02307	0.23823	0.55372	0.01429	0.01830	0.01792	0.01347	0.01880	0.01134	0.01547	0.00928	0.00564	0.00608	0.00188	0.00752	0.00545	0.00295	0.00890
1	0.48156	0.10965	0.01449	0.01011	0.01434	0.01644	0.00853	0.19848	0.05244	0.02857	0.01093	0.01179	0.00836	0.00618	0.00452	0.00182	0.00547	0.00405	0.00436	0.00790
2	0.03923	0.01419	0.01332	0.01132	0.01473	0.12537	0.00900	0.25462	0.05546	0.07916	0.09498	0.03011	0.18711	0.00995	0.00643	0.00191	0.00588	0.03364	0.00566	0.00794
