[name]
unknown

[dist]
# distance from previous block
# <min> <max>
12	516

[block]
# block no. 0 follows, 44 sequences, length 69
# corresponding to MSA columns:
# 524-592
name=unknown_A
#
# <colnr> <probs for GDERKNQSTAVLIFYWHMCP>
#	G	D	E	R	K	N	Q	S	T	A	V	L	I	F	Y	W	H	M	C	P
0	0.04238	0.37033	0.23594	0.01085	0.01586	0.01595	0.01165	0.06769	0.03699	0.01688	0.01034	0.01215	0.00847	0.02315	0.03035	0.00174	0.00637	0.00386	0.07187	0.00716
1	0.17803	0.27456	0.04973	0.03429	0.01424	0.10734	0.00883	0.07217	0.03109	0.07944	0.02474	0.01284	0.00939	0.03941	0.00522	0.00162	0.00578	0.00397	0.04046	0.00684
2	0.19289	0.07386	0.14227	0.01098	0.01530	0.04793	0.01026	0.20328	0.10066	0.03888	0.01204	0.01301	0.00914	0.00803	0.05456	0.00206	0.00632	0.00430	0.01937	0.03487
3	0.01490	0.12310	0.03288	0.01153	0.03158	0.11028	0.00928	0.16052	0.20348	0.03368	0.03296	0.06843	0.02895	0.00880	0.04034	0.00195	0.03544	0.00568	0.00427	0.04194
4	0.12716	0.21816	0.07234	0.01190	0.09924	0.03816	0.00932	0.01467	0.01081	0.04786	0.01337	0.03525	0.04390	0.03078	0.18146	0.00322	0.00761	0.00486	0.02351	0.00641
5	0.04883	0.06894	0.05623	0.01064	0.01395	0.10759	0.04425	0.08775	0.06132	0.12172	0.04723	0.09642	0.06616	0.00865	0.00617	0.03892	0.00551	0.04344	0.00434	0.06194
6	0.05079	0.28943	0.11577	0.01127	0.01556	0.18731	0.02516	0.04820	0.01299	0.06807	0.01149	0.01250	0.03619	0.00565	0.00475	0.00142	0.02358	0.00396	0.03077	0.04514
7	0.05358	0.12949	0.13047	0.01332	0.07916	0.22274	0.01100	0.04749	0.04431	0.05135	0.01311	0.05125	0.04166	0.00624	0.00488	0.00149	0.00670	0.00473	0.00332	0.08370
8	0.06782	0.04657	0.01155	0.00937	0.01165	0.02885	0.00720	0.26594	0.04835	0.02096	0.01591	0.09263	0.01541	0.22503	0.08937	0.00338	0.00628	0.02321	0.00425	0.00628
9	0.35547	0.01184	0.10189	0.01062	0.07549	0.01004	0.00852	0.01450	0.01047	0.01994	0.01167	0.11925	0.01092	0.00645	0.00441	0.00154	0.00467	0.00503	0.00339	0.21388
10	0.00947	0.00473	0.00710	0.00710	0.00710	0.00473	0.00473	0.00710	0.00710	0.00947	0.00947	0.01657	0.00947	0.01894	0.02131	0.84138	0.00473	0.00473	0.00237	0.00237
11	0.00953	0.00541	0.00756	0.00728	0.00780	0.00538	0.00509	0.04112	0.00999	0.01365	0.19899	0.02242	0.01989	0.01645	0.01691	0.59549	0.00425	0.00602	0.00341	0.00336
12	0.01783	0.00953	0.01139	0.00930	0.01220	0.00951	0.00716	0.16639	0.08716	0.33309	0.01863	0.02265	0.01481	0.24153	0.01200	0.00275	0.00507	0.00615	0.00537	0.00746
13	0.00698	0.00518	0.00658	0.00753	0.00828	0.00483	0.00536	0.00846	0.02394	0.01471	0.05759	0.56290	0.15988	0.01596	0.00689	0.00216	0.00329	0.08977	0.00509	0.00461
14	0.01130	0.00969	0.01130	0.00807	0.01292	0.00727	0.00646	0.01373	0.01130	0.01776	0.00969	0.01130	0.00807	0.00404	0.00404	0.00081	0.00404	0.00323	0.00323	0.84173
15	0.01122	0.05952	0.69787	0.01579	0.02354	0.01311	0.07012	0.01724	0.01159	0.01710	0.00978	0.01162	0.00700	0.00512	0.00520	0.00171	0.00804	0.00415	0.00233	0.00797
16	0.01086	0.00922	0.01083	0.00803	0.01244	0.00700	0.00633	0.01314	0.01122	0.01740	0.01164	0.08739	0.01076	0.00529	0.00432	0.00094	0.00395	0.00441	0.00341	0.76145
17	0.01373	0.00700	0.00899	0.00805	0.01036	0.00631	0.00618	0.01609	0.04481	0.29968	0.17900	0.20897	0.14601	0.01114	0.00617	0.00184	0.00358	0.00964	0.00590	0.00657
18	0.00696	0.00488	0.00623	0.00718	0.00742	0.00464	0.00462	0.00767	0.00981	0.01309	0.02685	0.61372	0.03202	0.21371	0.01212	0.00298	0.00369	0.01362	0.00462	0.00415
19	0.00813	0.00667	0.00718	0.00754	0.00858	0.04130	0.00525	0.01058	0.08343	0.01507	0.08598	0.38819	0.18182	0.11337	0.00918	0.00241	0.00372	0.01188	0.00485	0.00486
20	0.01228	0.01381	0.08825	0.14375	0.24515	0.07073	0.13901	0.01607	0.02830	0.01657	0.01392	0.02270	0.01258	0.00699	0.00593	0.00186	0.00713	0.14473	0.00314	0.00709
21	0.00657	0.00553	0.00569	0.00565	0.00744	0.00465	0.00424	0.00806	0.01272	0.01542	0.12482	0.05133	0.70216	0.01355	0.00644	0.00183	0.00274	0.01135	0.00515	0.00465
22	0.00785	0.00535	0.00641	0.00646	0.00663	0.00549	0.00393	0.00820	0.00817	0.01105	0.01734	0.06754	0.01956	0.65231	0.14648	0.00570	0.00666	0.00793	0.00332	0.00360
23	0.01097	0.01229	0.20730	0.01127	0.03870	0.00831	0.02698	0.01375	0.05942	0.07953	0.04437	0.18041	0.01706	0.01190	0.01006	0.21473	0.02028	0.02318	0.00370	0.00579
24	0.01018	0.00976	0.01636	0.23636	0.02223	0.03709	0.18089	0.01303	0.01138	0.01491	0.01694	0.18393	0.01707	0.01159	0.06164	0.00249	0.04009	0.10483	0.00344	0.00580
25	0.00664	0.00474	0.00633	0.00759	0.00791	0.00443	0.00506	0.00759	0.01044	0.01392	0.03005	0.80485	0.03606	0.01708	0.00696	0.00221	0.00316	0.01550	0.00506	0.00443
26	0.01462	0.05999	0.05955	0.08870	0.03572	0.04934	0.06801	0.21708	0.05266	0.02165	0.01134	0.01285	0.00872	0.00531	0.00492	0.00139	0.00593	0.00435	0.02157	0.25630
27	0.01151	0.00678	0.00865	0.00752	0.00985	0.00593	0.00588	0.01382	0.01460	0.18165	0.42369	0.03528	0.12850	0.00998	0.00603	0.00166	0.00326	0.03232	0.00574	0.08736
28	0.01237	0.01033	0.01608	0.26406	0.16851	0.03083	0.07059	0.03930	0.01242	0.08016	0.06707	0.01868	0.02822	0.04675	0.06651	0.00240	0.00692	0.00566	0.01835	0.03479
29	0.01445	0.77423	0.04703	0.00979	0.01456	0.02118	0.02671	0.01637	0.01113	0.01304	0.00771	0.00895	0.00702	0.00468	0.00361	0.00120	0.00596	0.00302	0.00234	0.00703
30	0.00689	0.00512	0.00644	0.00714	0.00799	0.00467	0.00505	0.00828	0.01183	0.01561	0.16855	0.48237	0.18823	0.01526	0.00678	0.00206	0.00306	0.04481	0.00523	0.00462
31	0.00668	0.00481	0.00635	0.00757	0.00796	0.00447	0.00511	0.00768	0.01056	0.01400	0.03096	0.76069	0.06327	0.01691	0.00695	0.00221	0.00319	0.03113	0.00506	0.00445
32	0.01718	0.01982	0.01953	0.08384	0.08574	0.41061	0.16590	0.08537	0.01513	0.01657	0.01003	0.01281	0.00809	0.00558	0.00541	0.00159	0.00876	0.01807	0.00303	0.00695
33	0.02396	0.00946	0.01270	0.00976	0.01393	0.00833	0.00805	0.05704	0.01602	0.73129	0.03650	0.01878	0.01409	0.00683	0.00550	0.00169	0.00465	0.00555	0.00668	0.00919
34	0.55623	0.01221	0.01095	0.00906	0.01278	0.01388	0.00747	0.27645	0.01503	0.02794	0.00953	0.01035	0.00709	0.00558	0.00411	0.00167	0.00484	0.00364	0.00411	0.00709
35	0.01278	0.00991	0.01627	0.11988	0.01917	0.01003	0.19386	0.06027	0.09144	0.12389	0.01950	0.24639	0.01836	0.00927	0.00619	0.00193	0.00575	0.02386	0.00444	0.00679
36	0.01221	0.00786	0.00831	0.00761	0.00972	0.00846	0.00588	0.04818	0.25920	0.05374	0.04717	0.02072	0.01603	0.00690	0.00461	0.00151	0.00335	0.00562	0.46633	0.00659
37	0.01016	0.00508	0.00508	0.00508	0.00635	0.00508	0.00381	0.01270	0.01143	0.02033	0.01778	0.02033	0.01397	0.00635	0.00381	0.00127	0.00254	0.00508	0.83867	0.00508
38	0.01175	0.01093	0.01814	0.43819	0.31916	0.01226	0.01511	0.03942	0.01219	0.01648	0.04659	0.01534	0.00998	0.00553	0.00548	0.00173	0.00670	0.00509	0.00280	0.00711
39	0.01030	0.00969	0.01635	0.79530	0.03755	0.01211	0.01514	0.01393	0.01090	0.01393	0.00969	0.01453	0.00727	0.00545	0.00545	0.00182	0.00727	0.00484	0.00242	0.00606
40	0.00947	0.00473	0.00710	0.00710	0.00710	0.00473	0.00473	0.00710	0.00710	0.00947	0.00947	0.01657	0.00947	0.01894	0.02131	0.84138	0.00473	0.00473	0.00237	0.00237
41	0.01202	0.01225	0.01221	0.01123	0.01226	0.19770	0.00871	0.01329	0.01013	0.01264	0.01110	0.01704	0.01063	0.08646	0.29586	0.04013	0.22317	0.00512	0.00276	0.00528
42	0.03643	0.07931	0.15383	0.01725	0.18818	0.11396	0.01303	0.18373	0.07772	0.05419	0.01189	0.01299	0.00902	0.00570	0.00510	0.00160	0.00666	0.00449	0.01676	0.00815
43	0.00688	0.00552	0.00673	0.00682	0.00819	0.00487	0.02311	0.00842	0.01235	0.01578	0.17068	0.28010	0.40268	0.01412	0.00660	0.00193	0.00301	0.01232	0.00517	0.00471
44	0.02091	0.01186	0.01384	0.01079	0.01474	0.01219	0.00881	0.36663	0.05316	0.33379	0.03779	0.01728	0.01291	0.03304	0.00619	0.00178	0.00518	0.00543	0.02485	0.00884
45	0.01658	0.01923	0.01835	0.02128	0.29271	0.40438	0.05038	0.01878	0.01375	0.01520	0.01017	0.04787	0.00901	0.00594	0.00569	0.00157	0.03440	0.00474	0.00286	0.00712
46	0.01444	0.78261	0.05646	0.00956	0.01435	0.02124	0.00973	0.01636	0.01109	0.01299	0.00766	0.00885	0.00699	0.00468	0.00356	0.00119	0.00591	0.00296	0.00233	0.00704
47	0.01353	0.56299	0.23489	0.01111	0.01664	0.01879	0.01228	0.01710	0.04221	0.01446	0.00879	0.00998	0.00737	0.00492	0.00405	0.00135	0.00638	0.00336	0.00246	0.00736
48	0.00712	0.00525	0.00720	0.00783	0.00850	0.00540	0.00561	0.00845	0.00984	0.01336	0.02543	0.41604	0.08126	0.05546	0.31083	0.00485	0.00766	0.01117	0.00416	0.00457
49	0.00693	0.00518	0.00651	0.00746	0.00831	0.00476	0.00542	0.00823	0.01126	0.01450	0.03612	0.50071	0.21824	0.01595	0.00692	0.00217	0.00336	0.12836	0.00505	0.00456
50	0.00947	0.00473	0.00710	0.00710	0.00710	0.00473	0.00473	0.00710	0.00710	0.00947	0.00947	0.01657	0.00947	0.01894	0.02131	0.84138	0.00473	0.00473	0.00237	0.00237
51	0.01153	0.01095	0.01857	0.50214	0.32109	0.01244	0.01575	0.01501	0.01148	0.01542	0.00991	0.01413	0.00779	0.00522	0.00543	0.00174	0.00696	0.00485	0.00253	0.00705
52	0.01218	0.03036	0.02141	0.19997	0.15254	0.02784	0.22641	0.03959	0.01186	0.01612	0.01141	0.07569	0.01008	0.00668	0.00776	0.00188	0.13243	0.00606	0.00287	0.00686
53	0.01179	0.01093	0.01856	0.02571	0.51970	0.01112	0.04412	0.01474	0.01166	0.01670	0.04513	0.01672	0.01176	0.01408	0.19966	0.00341	0.00843	0.00539	0.00290	0.00749
54	0.00793	0.00529	0.00595	0.00595	0.00595	0.00529	0.00330	0.00793	0.00793	0.01057	0.01718	0.03568	0.01982	0.80840	0.02775	0.00529	0.00529	0.00793	0.00330	0.00330
55	0.01148	0.01190	0.02293	0.16197	0.02489	0.01246	0.39065	0.02802	0.01198	0.01633	0.04462	0.10658	0.01299	0.00714	0.00777	0.00194	0.10962	0.00709	0.00310	0.00654
56	0.01155	0.01636	0.27375	0.14551	0.06617	0.01157	0.13519	0.03553	0.01193	0.05134	0.01369	0.13809	0.01226	0.00730	0.00635	0.00186	0.04479	0.00654	0.00315	0.00706
57	0.01224	0.06994	0.19027	0.04678	0.01794	0.05233	0.03828	0.01486	0.00984	0.01422	0.00807	0.01172	0.00712	0.00771	0.01255	0.00207	0.47062	0.00448	0.00240	0.00657
58	0.00791	0.00537	0.00639	0.00639	0.00654	0.00553	0.00386	0.00821	0.00806	0.01090	0.01677	0.03343	0.01884	0.68741	0.14741	0.00583	0.00675	0.00760	0.00324	0.00355
59	0.01433	0.01510	0.01813	0.30545	0.28641	0.20503	0.01435	0.04740	0.01316	0.01597	0.00971	0.01295	0.00776	0.00533	0.00530	0.00164	0.00758	0.00452	0.00274	0.00715
60	0.01529	0.00806	0.01019	0.00861	0.01138	0.00764	0.00681	0.03432	0.11824	0.31851	0.32906	0.02917	0.06136	0.00893	0.00592	0.00173	0.00370	0.00761	0.00618	0.00730
61	0.01689	0.48307	0.02341	0.01061	0.01511	0.01954	0.00970	0.29874	0.04022	0.02135	0.01014	0.01076	0.00817	0.00547	0.00431	0.00137	0.00585	0.00378	0.00362	0.00791
62	0.01286	0.01022	0.03577	0.04342	0.01447	0.00774	0.00746	0.01542	0.01182	0.11065	0.01114	0.01234	0.00867	0.00447	0.00431	0.00099	0.00438	0.00360	0.00360	0.67667
63	0.04056	0.01340	0.01432	0.01143	0.01512	0.01495	0.00932	0.52296	0.13203	0.02993	0.01620	0.01617	0.04273	0.00702	0.00573	0.00168	0.03015	0.00533	0.06250	0.00850
64	0.00651	0.00553	0.00561	0.00559	0.00740	0.00463	0.00419	0.00795	0.01258	0.01509	0.09193	0.05187	0.73525	0.01367	0.00644	0.00183	0.00275	0.01142	0.00511	0.00463
65	0.05999	0.01013	0.01335	0.08907	0.01653	0.00886	0.06351	0.04268	0.01218	0.09113	0.01157	0.03736	0.00933	0.00504	0.00460	0.00120	0.00486	0.00428	0.00360	0.51073
66	0.00664	0.00474	0.00633	0.00759	0.00791	0.00443	0.00506	0.00759	0.01044	0.01392	0.03005	0.80485	0.03606	0.01708	0.00696	0.00221	0.00316	0.01550	0.00506	0.00443
67	0.01349	0.01295	0.02213	0.03346	0.77440	0.01295	0.01673	0.01673	0.01241	0.01781	0.01025	0.01349	0.00864	0.00486	0.00540	0.00162	0.00648	0.00486	0.00270	0.00864
68	0.01105	0.00969	0.01256	0.20369	0.01904	0.00847	0.00862	0.01378	0.01120	0.01681	0.00969	0.01211	0.00787	0.00439	0.00439	0.00106	0.00484	0.00363	0.00303	0.63408

[dist]
# distance from previous block
# <min> <max>
1	15

[block]
# block no. 1 follows, 44 sequences, length 23
# corresponding to MSA columns:
# 609-631
name=unknown_B
#
# <colnr> <probs for GDERKNQSTAVLIFYWHMCP>
#	G	D	E	R	K	N	Q	S	T	A	V	L	I	F	Y	W	H	M	C	P
0	0.02397	0.00954	0.01275	0.00983	0.01401	0.00847	0.00810	0.04787	0.04237	0.72985	0.02129	0.01846	0.01348	0.00676	0.00548	0.00169	0.00467	0.00549	0.00667	0.00925
1	0.01287	0.10605	0.40973	0.01391	0.03447	0.04497	0.04655	0.08611	0.05840	0.03666	0.06753	0.01538	0.03165	0.00607	0.00523	0.00166	0.00687	0.00488	0.00329	0.00773
2	0.02072	0.01527	0.01636	0.01254	0.01691	0.01691	0.01036	0.75622	0.02563	0.03436	0.01309	0.01309	0.00927	0.00654	0.00545	0.00164	0.00600	0.00491	0.00545	0.00927
3	0.00947	0.00473	0.00710	0.00710	0.00710	0.00473	0.00473	0.00710	0.00710	0.00947	0.00947	0.01657	0.00947	0.01894	0.02131	0.84138	0.00473	0.00473	0.00237	0.00237
4	0.01138	0.01085	0.01810	0.50385	0.25512	0.01274	0.01535	0.01470	0.01114	0.01502	0.00965	0.01401	0.00767	0.00561	0.00646	0.00180	0.07239	0.00484	0.00250	0.00682
5	0.02066	0.05605	0.01583	0.01178	0.01576	0.07528	0.00971	0.41085	0.05109	0.22096	0.01471	0.01426	0.01027	0.00659	0.00585	0.00165	0.03978	0.00489	0.00529	0.00875
6	0.01093	0.02820	0.78016	0.01554	0.02360	0.01266	0.02014	0.01727	0.01151	0.01727	0.00978	0.01151	0.00691	0.00518	0.00518	0.00173	0.00806	0.00403	0.00230	0.00806
7	0.00779	0.00582	0.00866	0.00866	0.00960	0.00676	0.00669	0.00967	0.00873	0.01258	0.01470	0.02194	0.01385	0.06882	0.75917	0.00864	0.01426	0.00592	0.00293	0.00481
8	0.01276	0.01460	0.12949	0.21104	0.24534	0.01268	0.21967	0.01685	0.01221	0.05657	0.01086	0.01407	0.00822	0.00507	0.00567	0.00175	0.00754	0.00521	0.00280	0.00761
9	0.01030	0.00969	0.01635	0.79530	0.03755	0.01211	0.01514	0.01393	0.01090	0.01393	0.00969	0.01453	0.00727	0.00545	0.00545	0.00182	0.00727	0.00484	0.00242	0.00606
10	0.00664	0.00474	0.00633	0.00759	0.00791	0.00443	0.00506	0.00759	0.01044	0.01392	0.03005	0.80485	0.03606	0.01708	0.00696	0.00221	0.00316	0.01550	0.00506	0.00443
11	0.01703	0.01415	0.01413	0.01176	0.01536	0.07201	0.00939	0.35536	0.34862	0.02702	0.01828	0.01747	0.04020	0.00711	0.00549	0.00172	0.00543	0.00560	0.00528	0.00860
12	0.01336	0.01207	0.01136	0.01063	0.01250	0.17033	0.00830	0.10193	0.11736	0.01737	0.04731	0.02809	0.01747	0.06897	0.01035	0.12470	0.03936	0.17861	0.00410	0.00582
13	0.09859	0.01854	0.04701	0.05522	0.03371	0.34886	0.03809	0.01760	0.01203	0.01481	0.00820	0.01097	0.00704	0.00673	0.00898	0.00180	0.25875	0.00408	0.00269	0.00631
14	0.00704	0.00579	0.00623	0.00608	0.00783	0.00510	0.00457	0.00928	0.04359	0.01680	0.22917	0.04829	0.56525	0.01290	0.00640	0.00181	0.00278	0.01089	0.00531	0.00490
15	0.01130	0.00969	0.01130	0.00807	0.01292	0.00727	0.00646	0.01373	0.01130	0.01776	0.00969	0.01130	0.00807	0.00404	0.00404	0.00081	0.00404	0.00323	0.00323	0.84173
16	0.00813	0.00559	0.00697	0.00737	0.00781	0.00565	0.00518	0.00901	0.00939	0.01247	0.02073	0.06491	0.02317	0.50215	0.07588	0.00465	0.00582	0.21735	0.00382	0.00394
17	0.00766	0.00557	0.00722	0.00680	0.00811	0.00512	0.00510	0.01019	0.01531	0.02157	0.74215	0.04121	0.08099	0.01125	0.00643	0.00172	0.00258	0.00993	0.00596	0.00512
18	0.01106	0.01149	0.02356	0.01802	0.02188	0.01083	0.49323	0.01465	0.01238	0.01663	0.01747	0.16353	0.01718	0.00861	0.00672	0.00202	0.00740	0.13335	0.00356	0.00643
19	0.01971	0.01115	0.01311	0.01068	0.01449	0.01153	0.00862	0.14201	0.30334	0.37281	0.02045	0.01838	0.01403	0.00696	0.00550	0.00174	0.00473	0.00565	0.00609	0.00903
20	0.01326	0.24404	0.07036	0.01867	0.02408	0.01596	0.50229	0.01713	0.01228	0.01612	0.00997	0.01283	0.00783	0.00465	0.00553	0.00164	0.00817	0.00530	0.00261	0.00729
21	0.00983	0.04204	0.01353	0.49061	0.02626	0.01011	0.01132	0.01302	0.01207	0.01646	0.19683	0.02128	0.01873	0.00690	0.00544	0.00171	0.00559	0.00601	0.08649	0.00578
22	0.00664	0.00474	0.00633	0.00759	0.00791	0.00443	0.00506	0.00759	0.01044	0.01392	0.03005	0.80485	0.03606	0.01708	0.00696	0.00221	0.00316	0.01550	0.00506	0.00443

[dist]
# distance from previous block
# <min> <max>
1	8

[block]
# block no. 2 follows, 44 sequences, length 28
# corresponding to MSA columns:
# 640-667
name=unknown_C
#
# <colnr> <probs for GDERKNQSTAVLIFYWHMCP>
#	G	D	E	R	K	N	Q	S	T	A	V	L	I	F	Y	W	H	M	C	P
0	0.52795	0.01070	0.00934	0.00807	0.01110	0.03299	0.00638	0.11269	0.01185	0.07883	0.01081	0.01422	0.00905	0.12721	0.00754	0.00222	0.00480	0.00416	0.00387	0.00621
1	0.01193	0.01193	0.01670	0.01431	0.01431	0.01670	0.01193	0.01312	0.00835	0.01312	0.00716	0.01193	0.00716	0.00954	0.01789	0.00239	0.79843	0.00477	0.00239	0.00596
2	0.01616	0.01223	0.01328	0.01112	0.01454	0.01360	0.00887	0.28308	0.38844	0.07130	0.09079	0.01964	0.01720	0.00742	0.00560	0.00175	0.00476	0.00604	0.00563	0.00856
3	0.01193	0.01193	0.01670	0.01431	0.01431	0.01670	0.01193	0.01312	0.00835	0.01312	0.00716	0.01193	0.00716	0.00954	0.01789	0.00239	0.79843	0.00477	0.00239	0.00596
4	0.01287	0.01471	0.03217	0.02298	0.02849	0.01379	0.75460	0.01746	0.01287	0.01746	0.01103	0.01471	0.00827	0.00460	0.00643	0.00184	0.00919	0.00643	0.00276	0.00735
5	0.00772	0.00557	0.00729	0.00686	0.00814	0.00514	0.00514	0.01029	0.01543	0.02186	0.77152	0.04072	0.05144	0.01115	0.00643	0.00171	0.00257	0.00986	0.00600	0.00514
6	0.00664	0.00474	0.00633	0.00759	0.00791	0.00443	0.00506	0.00759	0.01044	0.01392	0.03005	0.80485	0.03606	0.01708	0.00696	0.00221	0.00316	0.01550	0.00506	0.00443
7	0.01193	0.01193	0.01670	0.01431	0.01431	0.01670	0.01193	0.01312	0.00835	0.01312	0.00716	0.01193	0.00716	0.00954	0.01789	0.00239	0.79843	0.00477	0.00239	0.00596
8	0.00772	0.00557	0.00729	0.00686	0.00814	0.00514	0.00514	0.01029	0.01543	0.02186	0.77152	0.04072	0.05144	0.01115	0.00643	0.00171	0.00257	0.00986	0.00600	0.00514
9	0.02072	0.01527	0.01636	0.01254	0.01691	0.01691	0.01036	0.75622	0.02563	0.03436	0.01309	0.01309	0.00927	0.00654	0.00545	0.00164	0.00600	0.00491	0.00545	0.00927
10	0.00793	0.00529	0.00595	0.00595	0.00595	0.00529	0.00330	0.00793	0.00793	0.01057	0.01718	0.03568	0.01982	0.80840	0.02775	0.00529	0.00529	0.00793	0.00330	0.00330
11	0.02222	0.01287	0.01487	0.01140	0.01571	0.01334	0.00942	0.46364	0.02161	0.33261	0.01646	0.01528	0.01097	0.00663	0.00547	0.00166	0.00545	0.00514	0.00597	0.00927
12	0.01193	0.01193	0.01670	0.01431	0.01431	0.01670	0.01193	0.01312	0.00835	0.01312	0.00716	0.01193	0.00716	0.00954	0.01789	0.00239	0.79843	0.00477	0.00239	0.00596
13	0.02037	0.02598	0.01545	0.01404	0.01685	0.78652	0.01053	0.02177	0.01545	0.01334	0.00843	0.00983	0.00702	0.00562	0.00492	0.00140	0.00983	0.00351	0.00281	0.00632
14	0.84691	0.01054	0.00801	0.00717	0.01054	0.01223	0.00590	0.01603	0.00928	0.02446	0.00759	0.00886	0.00590	0.00506	0.00337	0.00169	0.00422	0.00295	0.00337	0.00590
15	0.01202	0.04967	0.46321	0.02187	0.28775	0.01311	0.04205	0.01705	0.01186	0.01731	0.00991	0.01221	0.00756	0.00503	0.00524	0.00167	0.00746	0.00436	0.00246	0.00820
16	0.00879	0.00628	0.00879	0.01004	0.01130	0.00628	0.00879	0.01130	0.01255	0.01632	0.02887	0.06150	0.03138	0.01506	0.00753	0.00251	0.00502	0.73770	0.00502	0.00502
17	0.00793	0.00529	0.00595	0.00595	0.00595	0.00529	0.00330	0.00793	0.00793	0.01057	0.01718	0.03568	0.01982	0.80840	0.02775	0.00529	0.00529	0.00793	0.00330	0.00330
18	0.02380	0.01033	0.01330	0.01020	0.01444	0.00957	0.00842	0.15453	0.01736	0.64772	0.02003	0.01760	0.01275	0.00671	0.00548	0.00168	0.00488	0.00538	0.00652	0.00928
19	0.01356	0.01171	0.01233	0.01109	0.01418	0.01356	0.00863	0.02897	0.76455	0.02281	0.02219	0.02034	0.01664	0.00740	0.00555	0.00185	0.00431	0.00616	0.00555	0.00863
20	0.01016	0.00508	0.00508	0.00508	0.00635	0.00508	0.00381	0.01270	0.01143	0.02033	0.01778	0.02033	0.01397	0.00635	0.00381	0.00127	0.00254	0.00508	0.83867	0.00508
21	0.02072	0.01527	0.01636	0.01254	0.01691	0.01691	0.01036	0.75622	0.02563	0.03436	0.01309	0.01309	0.00927	0.00654	0.00545	0.00164	0.00600	0.00491	0.00545	0.00927
22	0.01349	0.01295	0.02213	0.03346	0.77440	0.01295	0.01673	0.01673	0.01241	0.01781	0.01025	0.01349	0.00864	0.00486	0.00540	0.00162	0.00648	0.00486	0.00270	0.00864
23	0.01458	0.81168	0.02857	0.00933	0.01399	0.02157	0.00933	0.01632	0.01108	0.01283	0.00758	0.00875	0.00700	0.00466	0.00350	0.00117	0.00583	0.00292	0.00233	0.00700
24	0.84691	0.01054	0.00801	0.00717	0.01054	0.01223	0.00590	0.01603	0.00928	0.02446	0.00759	0.00886	0.00590	0.00506	0.00337	0.00169	0.00422	0.00295	0.00337	0.00590
25	0.00797	0.00584	0.00802	0.00795	0.00855	0.00659	0.00574	0.00921	0.00846	0.01194	0.01527	0.02614	0.01560	0.31011	0.49514	0.00734	0.03622	0.00654	0.00304	0.00435
26	0.00772	0.00557	0.00729	0.00686	0.00814	0.00514	0.00514	0.01029	0.01543	0.02186	0.77152	0.04072	0.05144	0.01115	0.00643	0.00171	0.00257	0.00986	0.00600	0.00514
27	0.00667	0.00579	0.00599	0.00589	0.00765	0.00511	0.00447	0.00804	0.01226	0.01466	0.05323	0.05078	0.74032	0.01363	0.00692	0.00186	0.03590	0.01123	0.00495	0.00466

[dist]
# distance from previous block
# <min> <max>
0	39

[block]
# block no. 3 follows, 44 sequences, length 59
# corresponding to MSA columns:
# 707-765
name=unknown_D
#
# <colnr> <probs for GDERKNQSTAVLIFYWHMCP>
#	G	D	E	R	K	N	Q	S	T	A	V	L	I	F	Y	W	H	M	C	P
0	0.00696	0.00545	0.00630	0.00628	0.00773	0.00479	0.00464	0.00876	0.01337	0.01741	0.33088	0.13446	0.40722	0.01315	0.00650	0.00183	0.00273	0.01132	0.00543	0.00479
1	0.00947	0.00473	0.00710	0.00710	0.00710	0.00473	0.00473	0.00710	0.00710	0.00947	0.00947	0.01657	0.00947	0.01894	0.02131	0.84138	0.00473	0.00473	0.00237	0.00237
2	0.02006	0.02548	0.01549	0.01405	0.01676	0.75891	0.01058	0.02146	0.01519	0.01333	0.00838	0.00991	0.00703	0.00576	0.00538	0.00144	0.03811	0.00356	0.00279	0.00631
3	0.02242	0.01255	0.01467	0.01125	0.01555	0.01286	0.00929	0.42443	0.02107	0.37259	0.01692	0.01557	0.01119	0.00664	0.00547	0.00166	0.00538	0.00517	0.00604	0.00927
4	0.09444	0.06742	0.01919	0.01470	0.06289	0.04424	0.20303	0.06915	0.06017	0.26978	0.03127	0.01556	0.01118	0.00585	0.00539	0.00168	0.00622	0.00530	0.00452	0.00802
5	0.01042	0.00971	0.01380	0.01229	0.01264	0.01309	0.01006	0.01189	0.00850	0.01295	0.00987	0.01539	0.00952	0.02098	0.29843	0.00471	0.51244	0.00516	0.00258	0.00556
6	0.01130	0.00969	0.01130	0.00807	0.01292	0.00727	0.00646	0.01373	0.01130	0.01776	0.00969	0.01130	0.00807	0.00404	0.00404	0.00081	0.00404	0.00323	0.00323	0.84173
7	0.01368	0.00835	0.00880	0.00761	0.00992	0.00886	0.00600	0.21020	0.06497	0.05102	0.01697	0.01836	0.01289	0.00649	0.00442	0.00142	0.00364	0.00512	0.53471	0.00657
8	0.01457	0.01283	0.04035	0.03962	0.01581	0.01405	0.00957	0.15176	0.58513	0.02426	0.01975	0.01859	0.01471	0.00710	0.00551	0.00181	0.00484	0.00583	0.00530	0.00863
9	0.00930	0.01993	0.49752	0.01188	0.01767	0.00972	0.01430	0.01382	0.01184	0.01634	0.02636	0.02645	0.28612	0.00833	0.00564	0.00177	0.00612	0.00676	0.00331	0.00680
10	0.01212	0.01155	0.01965	0.36067	0.45792	0.01259	0.01605	0.01553	0.01176	0.01614	0.01001	0.01394	0.00805	0.00511	0.00542	0.00170	0.00682	0.00485	0.00258	0.00753
11	0.01043	0.21907	0.01449	0.00916	0.01133	0.01137	0.00771	0.06045	0.01048	0.01412	0.01265	0.01753	0.01159	0.02908	0.52887	0.00629	0.01172	0.00501	0.00293	0.00572
12	0.02221	0.01289	0.01489	0.01141	0.01572	0.01337	0.00943	0.46642	0.02165	0.32978	0.01643	0.01526	0.01095	0.00663	0.00547	0.00166	0.00546	0.00514	0.00597	0.00927
13	0.01078	0.01014	0.01530	0.01307	0.01392	0.01308	0.07850	0.01257	0.00905	0.01380	0.01015	0.01525	0.00941	0.01747	0.22599	0.00401	0.46680	0.00523	0.04973	0.00574
14	0.01825	0.31265	0.02024	0.01232	0.01581	0.50742	0.01009	0.01978	0.01385	0.01315	0.00812	0.00944	0.00701	0.00527	0.00440	0.00132	0.00837	0.00329	0.00263	0.00657
15	0.00879	0.00628	0.00879	0.01004	0.01130	0.00628	0.00879	0.01130	0.01255	0.01632	0.02887	0.06150	0.03138	0.01506	0.00753	0.00251	0.00502	0.73770	0.00502	0.00502
16	0.01233	0.01176	0.02002	0.31143	0.50555	0.01265	0.01615	0.01571	0.01186	0.01639	0.01005	0.01387	0.00814	0.00507	0.00542	0.00169	0.00677	0.00485	0.00260	0.00769
17	0.01316	0.01387	0.02731	0.02716	0.34855	0.01342	0.41717	0.01746	0.03326	0.01776	0.01100	0.01434	0.00866	0.00478	0.00596	0.00174	0.00789	0.00575	0.00281	0.00794
18	0.00750	0.00511	0.00607	0.00649	0.00659	0.00500	0.00388	0.00782	0.00875	0.01167	0.02142	0.28908	0.02517	0.54770	0.02090	0.00427	0.00459	0.01042	0.00388	0.00367
19	0.02067	0.01696	0.01622	0.01278	0.01690	0.13831	0.01039	0.64036	0.02403	0.03104	0.01235	0.01258	0.00892	0.00640	0.00537	0.00160	0.00660	0.00469	0.00504	0.00881
20	0.00947	0.00473	0.00710	0.00710	0.00710	0.00473	0.00473	0.00710	0.00710	0.00947	0.00947	0.01657	0.00947	0.01894	0.02131	0.84138	0.00473	0.00473	0.00237	0.00237
21	0.01349	0.01295	0.02213	0.03346	0.77440	0.01295	0.01673	0.01673	0.01241	0.01781	0.01025	0.01349	0.00864	0.00486	0.00540	0.00162	0.00648	0.00486	0.00270	0.00864
22	0.00779	0.00584	0.00876	0.00876	0.00974	0.00681	0.00681	0.00974	0.00876	0.01266	0.01460	0.02142	0.01363	0.04089	0.78680	0.00876	0.01460	0.00584	0.00292	0.00487
23	0.01566	0.01256	0.01336	0.01143	0.01487	0.01427	0.00905	0.21409	0.55720	0.04511	0.01985	0.01845	0.01468	0.00716	0.00552	0.00179	0.00475	0.00583	0.00555	0.00881
24	0.01287	0.01471	0.03217	0.02298	0.02849	0.01379	0.75460	0.01746	0.01287	0.01746	0.01103	0.01471	0.00827	0.00460	0.00643	0.00184	0.00919	0.00643	0.00276	0.00735
25	0.00784	0.00562	0.00766	0.00766	0.00826	0.00622	0.00544	0.00903	0.00844	0.01184	0.01561	0.02699	0.01605	0.34060	0.49040	0.00740	0.01096	0.00666	0.00307	0.00426
26	0.02072	0.01527	0.01636	0.01254	0.01691	0.01691	0.01036	0.75622	0.02563	0.03436	0.01309	0.01309	0.00927	0.00654	0.00545	0.00164	0.00600	0.00491	0.00545	0.00927
27	0.01287	0.01471	0.03217	0.02298	0.02849	0.01379	0.75460	0.01746	0.01287	0.01746	0.01103	0.01471	0.00827	0.00460	0.00643	0.00184	0.00919	0.00643	0.00276	0.00735
28	0.00793	0.00529	0.00595	0.00595	0.00595	0.00529	0.00330	0.00793	0.00793	0.01057	0.01718	0.03568	0.01982	0.80840	0.02775	0.00529	0.00529	0.00793	0.00330	0.00330
29	0.02037	0.02598	0.01545	0.01404	0.01685	0.78652	0.01053	0.02177	0.01545	0.01334	0.00843	0.00983	0.00702	0.00562	0.00492	0.00140	0.00983	0.00351	0.00281	0.00632
30	0.01287	0.01471	0.03217	0.02298	0.02849	0.01379	0.75460	0.01746	0.01287	0.01746	0.01103	0.01471	0.00827	0.00460	0.00643	0.00184	0.00919	0.00643	0.00276	0.00735
31	0.02030	0.01506	0.01612	0.01246	0.01674	0.01671	0.01026	0.71282	0.06973	0.03367	0.01363	0.01352	0.00971	0.00660	0.00546	0.00165	0.00590	0.00498	0.00546	0.00923
32	0.01458	0.81168	0.02857	0.00933	0.01399	0.02157	0.00933	0.01632	0.01108	0.01283	0.00758	0.00875	0.00700	0.00466	0.00350	0.00117	0.00583	0.00292	0.00233	0.00700
33	0.01407	0.01196	0.01261	0.01120	0.01437	0.01380	0.00875	0.08069	0.71199	0.02363	0.02154	0.01982	0.01612	0.00734	0.00554	0.00183	0.00443	0.00607	0.00554	0.00867
34	0.00664	0.00474	0.00633	0.00759	0.00791	0.00443	0.00506	0.00759	0.01044	0.01392	0.03005	0.80485	0.03606	0.01708	0.00696	0.00221	0.00316	0.01550	0.00506	0.00443
35	0.00664	0.00474	0.00633	0.00759	0.00791	0.00443	0.00506	0.00759	0.01044	0.01392	0.03005	0.80485	0.03606	0.01708	0.00696	0.00221	0.00316	0.01550	0.00506	0.00443
36	0.00664	0.00474	0.00633	0.00759	0.00791	0.00443	0.00506	0.00759	0.01044	0.01392	0.03005	0.80485	0.03606	0.01708	0.00696	0.00221	0.00316	0.01550	0.00506	0.00443
37	0.00772	0.00557	0.00729	0.00686	0.00814	0.00514	0.00514	0.01029	0.01543	0.02186	0.77152	0.04072	0.05144	0.01115	0.00643	0.00171	0.00257	0.00986	0.00600	0.00514
38	0.02072	0.01527	0.01636	0.01254	0.01691	0.01691	0.01036	0.75622	0.02563	0.03436	0.01309	0.01309	0.00927	0.00654	0.00545	0.00164	0.00600	0.00491	0.00545	0.00927
39	0.84691	0.01054	0.00801	0.00717	0.01054	0.01223	0.00590	0.01603	0.00928	0.02446	0.00759	0.00886	0.00590	0.00506	0.00337	0.00169	0.00422	0.00295	0.00337	0.00590
40	0.00772	0.00557	0.00729	0.00686	0.00814	0.00514	0.00514	0.01029	0.01543	0.02186	0.77152	0.04072	0.05144	0.01115	0.00643	0.00171	0.00257	0.00986	0.00600	0.00514
41	0.01193	0.01193	0.01670	0.01431	0.01431	0.01670	0.01193	0.01312	0.00835	0.01312	0.00716	0.01193	0.00716	0.00954	0.01789	0.00239	0.79843	0.00477	0.00239	0.00596
42	0.00792	0.00532	0.00613	0.00613	0.00619	0.00539	0.00353	0.00805	0.00798	0.01071	0.01701	0.03474	0.01941	0.75805	0.07755	0.00551	0.00590	0.00779	0.00328	0.00341
43	0.84691	0.01054	0.00801	0.00717	0.01054	0.01223	0.00590	0.01603	0.00928	0.02446	0.00759	0.00886	0.00590	0.00506	0.00337	0.00169	0.00422	0.00295	0.00337	0.00590
44	0.02022	0.01476	0.01589	0.01232	0.01657	0.01632	0.01013	0.66876	0.08971	0.05789	0.01416	0.01390	0.01005	0.00663	0.00546	0.00166	0.00581	0.00504	0.00550	0.00922
45	0.01118	0.00956	0.01117	0.00806	0.01278	0.00719	0.00642	0.01356	0.01128	0.01766	0.01024	0.03271	0.00883	0.00439	0.00412	0.00085	0.00401	0.00356	0.00328	0.81915
46	0.01194	0.01261	0.02211	0.01718	0.01949	0.01475	0.30638	0.01450	0.01041	0.01495	0.01185	0.01570	0.05789	0.00786	0.01259	0.00213	0.43266	0.00587	0.00271	0.00643
47	0.02072	0.01527	0.01636	0.01254	0.01691	0.01691	0.01036	0.75622	0.02563	0.03436	0.01309	0.01309	0.00927	0.00654	0.00545	0.00164	0.00600	0.00491	0.00545	0.00927
48	0.01356	0.01171	0.01233	0.01109	0.01418	0.01356	0.00863	0.02897	0.76455	0.02281	0.02219	0.02034	0.01664	0.00740	0.00555	0.00185	0.00431	0.00616	0.00555	0.00863
49	0.02072	0.01527	0.01636	0.01254	0.01691	0.01691	0.01036	0.75622	0.02563	0.03436	0.01309	0.01309	0.00927	0.00654	0.00545	0.00164	0.00600	0.00491	0.00545	0.00927
50	0.84691	0.01054	0.00801	0.00717	0.01054	0.01223	0.00590	0.01603	0.00928	0.02446	0.00759	0.00886	0.00590	0.00506	0.00337	0.00169	0.00422	0.00295	0.00337	0.00590
51	0.01093	0.02820	0.78016	0.01554	0.02360	0.01266	0.02014	0.01727	0.01151	0.01727	0.00978	0.01151	0.00691	0.00518	0.00518	0.00173	0.00806	0.00403	0.00230	0.00806
52	0.00644	0.00552	0.00552	0.00552	0.00736	0.00460	0.00414	0.00782	0.01243	0.01473	0.05523	0.05247	0.77218	0.01381	0.00644	0.00184	0.00276	0.01151	0.00506	0.00460
53	0.02391	0.00916	0.01247	0.00961	0.01373	0.00792	0.00792	0.02603	0.01560	0.75323	0.04625	0.01929	0.01475	0.00689	0.00551	0.00169	0.00457	0.00563	0.00672	0.00914
54	0.00772	0.00557	0.00729	0.00686	0.00814	0.00514	0.00514	0.01029	0.01543	0.02186	0.77152	0.04072	0.05144	0.01115	0.00643	0.00171	0.00257	0.00986	0.00600	0.00514
55	0.00793	0.00529	0.00595	0.00595	0.00595	0.00529	0.00330	0.00793	0.00793	0.01057	0.01718	0.03568	0.01982	0.80840	0.02775	0.00529	0.00529	0.00793	0.00330	0.00330
56	0.01153	0.00947	0.01087	0.01004	0.01227	0.01090	0.00775	0.04697	0.43815	0.01905	0.01902	0.02142	0.01558	0.06964	0.26741	0.00437	0.00787	0.00612	0.00453	0.00706
57	0.00727	0.00523	0.00689	0.00716	0.00805	0.00484	0.00511	0.00916	0.01334	0.01854	0.46144	0.36027	0.04501	0.01363	0.00665	0.00192	0.00282	0.01222	0.00561	0.00484
58	0.37205	0.14120	0.03742	0.01320	0.01758	0.03093	0.25363	0.01716	0.03768	0.01983	0.00931	0.01125	0.00729	0.00494	0.00455	0.00165	0.00633	0.00424	0.00304	0.00671

[dist]
# distance from previous block
# <min> <max>
0	2

[block]
# block no. 4 follows, 44 sequences, length 97
# corresponding to MSA columns:
# 786-803,805-883
name=unknown_E
#
# <colnr> <probs for GDERKNQSTAVLIFYWHMCP>
#	G	D	E	R	K	N	Q	S	T	A	V	L	I	F	Y	W	H	M	C	P
0	0.04203	0.13471	0.05850	0.01160	0.01495	0.27838	0.00964	0.02193	0.26498	0.01776	0.07990	0.01596	0.01409	0.00651	0.00502	0.00157	0.00648	0.00488	0.00392	0.00717
1	0.35103	0.04543	0.40383	0.01172	0.01745	0.03030	0.01343	0.01663	0.01060	0.01983	0.00892	0.01057	0.00669	0.00609	0.02557	0.00188	0.00664	0.00359	0.00277	0.00702
2	0.01627	0.01181	0.01277	0.01030	0.01316	0.01287	0.00796	0.49753	0.01957	0.02621	0.01481	0.03919	0.01330	0.26492	0.01267	0.00282	0.00570	0.00613	0.00475	0.00724
3	0.01222	0.01200	0.01750	0.17799	0.18076	0.03255	0.01338	0.01519	0.05449	0.01486	0.00925	0.01324	0.00805	0.00749	0.01166	0.00205	0.40309	0.00486	0.00266	0.00672
4	0.00664	0.00474	0.00633	0.00759	0.00791	0.00443	0.00506	0.00759	0.01044	0.01392	0.03005	0.80485	0.03606	0.01708	0.00696	0.00221	0.00316	0.01550	0.00506	0.00443
5	0.01140	0.01082	0.01835	0.53194	0.29227	0.01240	0.01569	0.01490	0.01142	0.01527	0.00989	0.01417	0.00774	0.00525	0.00543	0.00175	0.00699	0.00485	0.00252	0.00695
6	0.01016	0.00508	0.00508	0.00508	0.00635	0.00508	0.00381	0.01270	0.01143	0.02033	0.01778	0.02033	0.01397	0.00635	0.00381	0.00127	0.00254	0.00508	0.83867	0.00508
7	0.01030	0.00969	0.01635	0.79530	0.03755	0.01211	0.01514	0.01393	0.01090	0.01393	0.00969	0.01453	0.00727	0.00545	0.00545	0.00182	0.00727	0.00484	0.00242	0.00606
8	0.00772	0.00557	0.00729	0.00686	0.00814	0.00514	0.00514	0.01029	0.01543	0.02186	0.77152	0.04072	0.05144	0.01115	0.00643	0.00171	0.00257	0.00986	0.00600	0.00514
9	0.00969	0.00780	0.00912	0.02957	0.01096	0.00819	0.00653	0.01663	0.27401	0.02135	0.42899	0.03400	0.10144	0.00993	0.00610	0.00177	0.00332	0.00859	0.00567	0.00633
10	0.02037	0.02598	0.01545	0.01404	0.01685	0.78652	0.01053	0.02177	0.01545	0.01334	0.00843	0.00983	0.00702	0.00562	0.00492	0.00140	0.00983	0.00351	0.00281	0.00632
11	0.01030	0.00969	0.01635	0.79530	0.03755	0.01211	0.01514	0.01393	0.01090	0.01393	0.00969	0.01453	0.00727	0.00545	0.00545	0.00182	0.00727	0.00484	0.00242	0.00606
12	0.01130	0.00969	0.01130	0.00807	0.01292	0.00727	0.00646	0.01373	0.01130	0.01776	0.00969	0.01130	0.00807	0.00404	0.00404	0.00081	0.00404	0.00323	0.00323	0.84173
13	0.00779	0.00584	0.00876	0.00876	0.00974	0.00681	0.00681	0.00974	0.00876	0.01266	0.01460	0.02142	0.01363	0.04089	0.78680	0.00876	0.01460	0.00584	0.00292	0.00487
14	0.01458	0.81168	0.02857	0.00933	0.01399	0.02157	0.00933	0.01632	0.01108	0.01283	0.00758	0.00875	0.00700	0.00466	0.00350	0.00117	0.00583	0.00292	0.00233	0.00700
15	0.00644	0.00552	0.00552	0.00552	0.00736	0.00460	0.00414	0.00782	0.01243	0.01473	0.05523	0.05247	0.77218	0.01381	0.00644	0.00184	0.00276	0.01151	0.00506	0.00460
16	0.00793	0.00529	0.00595	0.00595	0.00595	0.00529	0.00330	0.00793	0.00793	0.01057	0.01718	0.03568	0.01982	0.80840	0.02775	0.00529	0.00529	0.00793	0.00330	0.00330
17	0.84691	0.01054	0.00801	0.00717	0.01054	0.01223	0.00590	0.01603	0.00928	0.02446	0.00759	0.00886	0.00590	0.00506	0.00337	0.00169	0.00422	0.00295	0.00337	0.00590
18	0.01356	0.01171	0.01233	0.01109	0.01418	0.01356	0.00863	0.02897	0.76455	0.02281	0.02219	0.02034	0.01664	0.00740	0.00555	0.00185	0.00431	0.00616	0.00555	0.00863
19	0.00947	0.00473	0.00710	0.00710	0.00710	0.00473	0.00473	0.00710	0.00710	0.00947	0.00947	0.01657	0.00947	0.01894	0.02131	0.84138	0.00473	0.00473	0.00237	0.00237
20	0.00793	0.00529	0.00595	0.00595	0.00595	0.00529	0.00330	0.00793	0.00793	0.01057	0.01718	0.03568	0.01982	0.80840	0.02775	0.00529	0.00529	0.00793	0.00330	0.00330
21	0.05464	0.01508	0.01602	0.01232	0.01665	0.01671	0.01018	0.72583	0.02496	0.03395	0.01286	0.01292	0.00913	0.00648	0.00537	0.00164	0.00593	0.00483	0.00537	0.00913
22	0.01458	0.81168	0.02857	0.00933	0.01399	0.02157	0.00933	0.01632	0.01108	0.01283	0.00758	0.00875	0.00700	0.00466	0.00350	0.00117	0.00583	0.00292	0.00233	0.00700
23	0.01287	0.01471	0.03217	0.02298	0.02849	0.01379	0.75460	0.01746	0.01287	0.01746	0.01103	0.01471	0.00827	0.00460	0.00643	0.00184	0.00919	0.00643	0.00276	0.00735
24	0.00935	0.00814	0.01176	0.01086	0.01146	0.01055	0.00875	0.01101	0.00861	0.01283	0.01179	0.01783	0.01118	0.02905	0.49639	0.00635	0.31064	0.00544	0.00272	0.00528
25	0.00664	0.00474	0.00633	0.00759	0.00791	0.00443	0.00506	0.00759	0.01044	0.01392	0.03005	0.80485	0.03606	0.01708	0.00696	0.00221	0.00316	0.01550	0.00506	0.00443
26	0.00652	0.00521	0.00584	0.00635	0.00758	0.00453	0.00451	0.00773	0.01163	0.01440	0.04513	0.35423	0.47694	0.01512	0.00665	0.00199	0.00292	0.01311	0.00506	0.00453
27	0.02053	0.01517	0.01625	0.01250	0.01683	0.01681	0.01031	0.73622	0.04595	0.03404	0.01334	0.01329	0.00947	0.00657	0.00546	0.00164	0.00595	0.00494	0.00546	0.00925
28	0.84691	0.01054	0.00801	0.00717	0.01054	0.01223	0.00590	0.01603	0.00928	0.02446	0.00759	0.00886	0.00590	0.00506	0.00337	0.00169	0.00422	0.00295	0.00337	0.00590
29	0.01488	0.75751	0.04828	0.00951	0.01425	0.02077	0.00957	0.01677	0.01127	0.04437	0.00821	0.00922	0.00726	0.00476	0.00363	0.00120	0.00584	0.00305	0.00251	0.00712
30	0.00671	0.00480	0.00641	0.00767	0.00802	0.00449	0.00518	0.00771	0.01051	0.01400	0.03001	0.78017	0.03590	0.01701	0.00698	0.00222	0.00322	0.03948	0.00506	0.00445
31	0.01497	0.01308	0.01658	0.01370	0.01521	0.01677	0.01139	0.27001	0.01432	0.02046	0.00921	0.01233	0.00789	0.00851	0.01359	0.00213	0.52449	0.00482	0.00345	0.00711
32	0.00947	0.00473	0.00710	0.00710	0.00710	0.00473	0.00473	0.00710	0.00710	0.00947	0.00947	0.01657	0.00947	0.01894	0.02131	0.84138	0.00473	0.00473	0.00237	0.00237
33	0.00664	0.00474	0.00633	0.00759	0.00791	0.00443	0.00506	0.00759	0.01044	0.01392	0.03005	0.80485	0.03606	0.01708	0.00696	0.00221	0.00316	0.01550	0.00506	0.00443
34	0.05823	0.00933	0.01246	0.00960	0.01378	0.00819	0.00793	0.02614	0.01534	0.74723	0.02094	0.01816	0.01318	0.00668	0.00540	0.00169	0.00462	0.00538	0.00661	0.00914
35	0.01201	0.01217	0.01806	0.01507	0.01556	0.01644	0.07708	0.01350	0.00875	0.01350	0.00750	0.01217	0.00725	0.00911	0.01689	0.00234	0.72919	0.00492	0.00242	0.00609
36	0.00683	0.00488	0.00654	0.00781	0.00820	0.00459	0.00539	0.00792	0.01062	0.01413	0.02994	0.73963	0.03565	0.01690	0.00701	0.00224	0.00333	0.07886	0.00506	0.00448
37	0.00755	0.00545	0.00714	0.00697	0.00811	0.00503	0.00513	0.00987	0.01466	0.02064	0.65760	0.15812	0.04908	0.01206	0.00651	0.00179	0.00266	0.01073	0.00586	0.00503
38	0.02071	0.01558	0.01633	0.01259	0.01691	0.03945	0.01037	0.73471	0.02533	0.03374	0.01295	0.01299	0.00921	0.00652	0.00544	0.00163	0.00611	0.00487	0.00538	0.00918
39	0.01437	0.01163	0.01261	0.01096	0.01398	0.01325	0.00861	0.19739	0.47420	0.02388	0.01898	0.01938	0.01470	0.04385	0.09439	0.00272	0.00591	0.00590	0.00514	0.00814
40	0.02072	0.01527	0.01636	0.01254	0.01691	0.01691	0.01036	0.75622	0.02563	0.03436	0.01309	0.01309	0.00927	0.00654	0.00545	0.00164	0.00600	0.00491	0.00545	0.00927
41	0.00808	0.00941	0.12619	0.00910	0.04932	0.00652	0.00770	0.01086	0.01367	0.01856	0.37566	0.03878	0.28393	0.01080	0.00619	0.00175	0.00368	0.00926	0.00495	0.00559
42	0.00664	0.00474	0.00633	0.00759	0.00791	0.00443	0.00506	0.00759	0.01044	0.01392	0.03005	0.80485	0.03606	0.01708	0.00696	0.00221	0.00316	0.01550	0.00506	0.00443
43	0.00947	0.00473	0.00710	0.00710	0.00710	0.00473	0.00473	0.00710	0.00710	0.00947	0.00947	0.01657	0.00947	0.01894	0.02131	0.84138	0.00473	0.00473	0.00237	0.00237
44	0.00664	0.00474	0.00633	0.00759	0.00791	0.00443	0.00506	0.00759	0.01044	0.01392	0.03005	0.80485	0.03606	0.01708	0.00696	0.00221	0.00316	0.01550	0.00506	0.00443
45	0.02037	0.02598	0.01545	0.01404	0.01685	0.78652	0.01053	0.02177	0.01545	0.01334	0.00843	0.00983	0.00702	0.00562	0.00492	0.00140	0.00983	0.00351	0.00281	0.00632
46	0.01349	0.01295	0.02213	0.03346	0.77440	0.01295	0.01673	0.01673	0.01241	0.01781	0.01025	0.01349	0.00864	0.00486	0.00540	0.00162	0.00648	0.00486	0.00270	0.00864
47	0.02446	0.00928	0.01265	0.00970	0.01392	0.00801	0.00801	0.02657	0.01560	0.77817	0.02151	0.01856	0.01350	0.00675	0.00548	0.00169	0.00464	0.00548	0.00675	0.00928
48	0.02037	0.02598	0.01545	0.01404	0.01685	0.78652	0.01053	0.02177	0.01545	0.01334	0.00843	0.00983	0.00702	0.00562	0.00492	0.00140	0.00983	0.00351	0.00281	0.00632
49	0.01287	0.01471	0.03217	0.02298	0.02849	0.01379	0.75460	0.01746	0.01287	0.01746	0.01103	0.01471	0.00827	0.00460	0.00643	0.00184	0.00919	0.00643	0.00276	0.00735
50	0.01093	0.02820	0.78016	0.01554	0.02360	0.01266	0.02014	0.01727	0.01151	0.01727	0.00978	0.01151	0.00691	0.00518	0.00518	0.00173	0.00806	0.00403	0.00230	0.00806
51	0.00755	0.00564	0.00663	0.00633	0.00793	0.00497	0.00477	0.00958	0.01410	0.03648	0.43663	0.04540	0.36979	0.01222	0.00641	0.00177	0.00270	0.01049	0.00560	0.00500
52	0.01458	0.81168	0.02857	0.00933	0.01399	0.02157	0.00933	0.01632	0.01108	0.01283	0.00758	0.00875	0.00700	0.00466	0.00350	0.00117	0.00583	0.00292	0.00233	0.00700
53	0.02072	0.01527	0.01636	0.01254	0.01691	0.01691	0.01036	0.75622	0.02563	0.03436	0.01309	0.01309	0.00927	0.00654	0.00545	0.00164	0.00600	0.00491	0.00545	0.00927
54	0.01093	0.02820	0.78016	0.01554	0.02360	0.01266	0.02014	0.01727	0.01151	0.01727	0.00978	0.01151	0.00691	0.00518	0.00518	0.00173	0.00806	0.00403	0.00230	0.00806
55	0.01217	0.01233	0.01666	0.01431	0.01439	0.03894	0.01189	0.01337	0.00855	0.01313	0.00719	0.01187	0.00715	0.00943	0.01752	0.00236	0.77564	0.00473	0.00240	0.00597
56	0.00974	0.00769	0.00903	0.00832	0.01023	0.00805	0.00635	0.01675	0.27440	0.02219	0.51248	0.03368	0.03941	0.00985	0.00612	0.00176	0.00317	0.00858	0.00584	0.00635
57	0.01130	0.00969	0.01130	0.00807	0.01292	0.00727	0.00646	0.01373	0.01130	0.01776	0.00969	0.01130	0.00807	0.00404	0.00404	0.00081	0.00404	0.00323	0.00323	0.84173
