[name]
unknown

[dist]
# distance from previous block
# <min> <max>
0	348

[block]
# block no. 0 follows, 45 sequences, length 53
# corresponding to MSA columns:
# 370-407,411-425
name=unknown_A
#
# <colnr> <probs for GDERKNQSTAVLIFYWHMCP>
#	G	D	E	R	K	N	Q	S	T	A	V	L	I	F	Y	W	H	M	C	P
0	0.00963	0.00692	0.00918	0.01001	0.01154	0.00712	0.00861	0.01368	0.10675	0.03631	0.02742	0.05442	0.02864	0.01368	0.00712	0.00237	0.00485	0.63123	0.00505	0.00549
1	0.27933	0.01125	0.01212	0.01093	0.06049	0.01213	0.00825	0.17704	0.13812	0.18569	0.04325	0.01494	0.01169	0.00623	0.00478	0.00167	0.00470	0.00473	0.00486	0.00779
2	0.01366	0.25174	0.03657	0.04535	0.29628	0.01495	0.01189	0.10778	0.05412	0.01806	0.03111	0.01579	0.06893	0.00592	0.00487	0.00150	0.00570	0.00489	0.00327	0.00761
3	0.21119	0.18884	0.18394	0.01077	0.01527	0.13369	0.01062	0.09105	0.01279	0.01864	0.01222	0.01313	0.06589	0.00582	0.00441	0.00152	0.00624	0.00406	0.00312	0.00681
4	0.13587	0.01070	0.01053	0.00930	0.01204	0.05890	0.00731	0.11627	0.24907	0.04550	0.18434	0.02447	0.08421	0.00817	0.00539	0.00172	0.00431	0.01991	0.00505	0.00692
5	0.01176	0.21377	0.23153	0.01425	0.13903	0.07252	0.01225	0.01490	0.01196	0.01530	0.03792	0.02006	0.16989	0.00689	0.00500	0.00155	0.00604	0.00548	0.00304	0.00685
6	0.01594	0.01142	0.01239	0.01017	0.01348	0.01223	0.00816	0.39662	0.12701	0.08121	0.02347	0.07084	0.15130	0.00851	0.00560	0.00171	0.00472	0.00688	0.03055	0.00778
7	0.00875	0.00788	0.01031	0.00954	0.01025	0.00944	0.00751	0.01010	0.01058	0.01457	0.11966	0.17954	0.22834	0.01217	0.01106	0.00209	0.32990	0.00917	0.00402	0.00511
8	0.01873	0.01450	0.01745	0.01720	0.19604	0.01573	0.01168	0.58476	0.02217	0.02999	0.01223	0.01298	0.00898	0.00605	0.00536	0.00161	0.00602	0.00482	0.00473	0.00898
9	0.00674	0.00527	0.00611	0.00628	0.00759	0.00464	0.00457	0.00832	0.01260	0.01627	0.24909	0.22665	0.39948	0.01362	0.00646	0.00186	0.00276	0.01180	0.00524	0.00464
10	0.01621	0.01016	0.01266	0.01055	0.06145	0.00885	0.00791	0.07596	0.06004	0.26089	0.01427	0.01421	0.01028	0.00526	0.00471	0.00124	0.00448	0.00429	0.00455	0.41203
11	0.00636	0.00539	0.00549	0.00556	0.00728	0.00452	0.00413	0.00769	0.01211	0.01445	0.05284	0.09855	0.72979	0.01379	0.00638	0.00184	0.00274	0.01157	0.00498	0.00452
12	0.01721	0.01426	0.01514	0.01310	0.03799	0.13660	0.01029	0.18769	0.11387	0.13987	0.01282	0.01383	0.00974	0.00727	0.00895	0.00183	0.24292	0.00482	0.00419	0.00760
13	0.01129	0.20946	0.46178	0.01296	0.01874	0.01407	0.01519	0.01561	0.01070	0.01515	0.00955	0.01193	0.00766	0.00961	0.10291	0.00247	0.05742	0.00398	0.00235	0.00717
14	0.65863	0.01138	0.01170	0.00955	0.01323	0.01271	0.09967	0.09389	0.01126	0.02425	0.00846	0.00987	0.00645	0.00508	0.00391	0.00167	0.00494	0.00353	0.00346	0.00634
15	0.01540	0.01531	0.01777	0.01599	0.09424	0.21853	0.17238	0.02118	0.19910	0.08280	0.07919	0.01696	0.01396	0.00623	0.00554	0.00165	0.00683	0.00556	0.00400	0.00738
16	0.01525	0.08893	0.01831	0.01390	0.01672	0.33136	0.15792	0.04840	0.01296	0.01444	0.01066	0.04355	0.00988	0.10609	0.00916	0.00206	0.08623	0.00513	0.00293	0.00614
17	0.21690	0.01174	0.10708	0.00968	0.01410	0.00944	0.00888	0.02258	0.01340	0.50818	0.01652	0.01516	0.01072	0.00606	0.00487	0.00167	0.00489	0.00463	0.00532	0.00820
18	0.01192	0.28174	0.53970	0.01333	0.02018	0.01530	0.01640	0.01670	0.01120	0.01559	0.00893	0.01045	0.00683	0.00494	0.00457	0.00152	0.00723	0.00361	0.00228	0.00760
19	0.26362	0.01338	0.01371	0.01162	0.01375	0.09218	0.00953	0.16530	0.01262	0.02048	0.00848	0.01087	0.00709	0.00710	0.00962	0.00190	0.32485	0.00407	0.00329	0.00655
20	0.01250	0.00813	0.01132	0.01048	0.05840	0.00784	0.05346	0.04344	0.09063	0.17158	0.34095	0.06235	0.05965	0.03666	0.00670	0.00184	0.00400	0.00803	0.00543	0.00660
21	0.00654	0.00467	0.00623	0.00747	0.00779	0.00436	0.00498	0.00747	0.01028	0.01370	0.02959	0.80785	0.03550	0.01682	0.00685	0.00218	0.00311	0.01526	0.00498	0.00436
22	0.00767	0.00575	0.00863	0.00863	0.00959	0.00671	0.00671	0.00959	0.00863	0.01246	0.01438	0.02109	0.01342	0.04026	0.79008	0.00863	0.01438	0.00575	0.00288	0.00479
23	0.01014	0.00954	0.01610	0.79845	0.03697	0.01193	0.01491	0.01371	0.01073	0.01371	0.00954	0.01431	0.00716	0.00537	0.00537	0.00179	0.00716	0.00477	0.00239	0.00596
24	0.00660	0.00488	0.00618	0.00705	0.00771	0.00446	0.00483	0.00776	0.01108	0.01456	0.10248	0.60332	0.16804	0.01571	0.00671	0.00207	0.00299	0.01405	0.00507	0.00446
25	0.01329	0.01275	0.02179	0.03295	0.77787	0.01275	0.01647	0.01647	0.01222	0.01754	0.01010	0.01329	0.00850	0.00478	0.00531	0.00159	0.00638	0.00478	0.00266	0.00850
26	0.01174	0.01081	0.01773	0.44087	0.30095	0.01227	0.01477	0.04630	0.01184	0.01616	0.01013	0.01404	0.00797	0.00533	0.00558	0.00170	0.02549	0.00478	0.03454	0.00697
27	0.55054	0.01440	0.01099	0.01060	0.06042	0.19566	0.00783	0.06279	0.01175	0.02169	0.00816	0.00949	0.00644	0.00519	0.00393	0.00159	0.00570	0.00327	0.00327	0.00628
28	0.01847	0.01392	0.01491	0.01189	0.01582	0.01553	0.00967	0.53723	0.23647	0.04545	0.01560	0.01503	0.01128	0.00669	0.00540	0.00167	0.00541	0.00520	0.00542	0.00895
29	0.01016	0.00890	0.01271	0.08016	0.20454	0.00925	0.02466	0.01514	0.17070	0.01742	0.09605	0.20864	0.10009	0.00970	0.00594	0.00183	0.00453	0.00871	0.00433	0.00654
30	0.00691	0.00496	0.00656	0.00722	0.00787	0.00461	0.00501	0.00840	0.01200	0.01644	0.29074	0.53889	0.04081	0.01477	0.00667	0.00201	0.00291	0.01331	0.00531	0.00461
31	0.03272	0.02800	0.01582	0.26169	0.02135	0.01444	0.01193	0.13144	0.01204	0.03264	0.00945	0.01304	0.00775	0.00728	0.01040	0.00196	0.34286	0.00469	0.03405	0.00647
32	0.00748	0.00543	0.00705	0.00675	0.00798	0.00500	0.00502	0.00987	0.01478	0.02077	0.70138	0.08814	0.07732	0.01144	0.00636	0.00172	0.00258	0.01011	0.00582	0.00500
33	0.01084	0.01051	0.01460	0.03726	0.01363	0.01415	0.01054	0.01227	0.00941	0.01411	0.10537	0.01782	0.06012	0.00973	0.01513	0.00222	0.62791	0.00573	0.00296	0.00569
34	0.09525	0.00963	0.01081	0.00786	0.01249	0.00765	0.00631	0.01374	0.01093	0.01815	0.00933	0.01089	0.00774	0.00408	0.00391	0.00088	0.00399	0.00315	0.00319	0.76002
35	0.36669	0.45030	0.01922	0.00839	0.01243	0.01722	0.00779	0.03929	0.01061	0.01813	0.00764	0.00879	0.00651	0.00482	0.00345	0.00138	0.00508	0.00295	0.00283	0.00651
36	0.02109	0.01140	0.10790	0.01016	0.01458	0.00858	0.00925	0.05106	0.01522	0.60344	0.07451	0.01880	0.01506	0.00676	0.00543	0.00167	0.00489	0.00551	0.00600	0.00869
37	0.06451	0.01363	0.01474	0.01148	0.01553	0.01488	0.00944	0.58124	0.05730	0.10670	0.04617	0.01468	0.01146	0.00662	0.00531	0.00163	0.00546	0.00505	0.00541	0.00875
38	0.00652	0.00473	0.00617	0.00732	0.00774	0.00437	0.00491	0.00749	0.01043	0.01376	0.03149	0.74977	0.09235	0.01657	0.00681	0.00215	0.00308	0.01496	0.00498	0.00437
39	0.00654	0.00467	0.00623	0.00747	0.00779	0.00436	0.00498	0.00747	0.01028	0.01370	0.02959	0.80785	0.03550	0.01682	0.00685	0.00218	0.00311	0.01526	0.00498	0.00436
40	0.84927	0.01038	0.00789	0.00706	0.01038	0.01204	0.00581	0.01578	0.00914	0.02408	0.00747	0.00872	0.00581	0.00498	0.00332	0.00166	0.00415	0.00291	0.00332	0.00581
41	0.01066	0.01007	0.01704	0.67188	0.15947	0.01206	0.01517	0.01417	0.01098	0.01435	0.00963	0.01414	0.00738	0.00527	0.00536	0.00176	0.00703	0.00477	0.00243	0.00638
42	0.01148	0.01571	0.22440	0.25319	0.25947	0.01289	0.01632	0.01535	0.01104	0.01568	0.00943	0.01287	0.00746	0.00562	0.00681	0.00177	0.10625	0.00455	0.00243	0.00727
43	0.00672	0.00545	0.00596	0.00583	0.00748	0.00469	0.00437	0.00843	0.01312	0.01659	0.26889	0.04822	0.55987	0.01281	0.00634	0.00178	0.00266	0.01085	0.00526	0.00469
44	0.01424	0.00747	0.00941	0.00806	0.01060	0.00685	0.00632	0.07532	0.01507	0.29406	0.24679	0.11012	0.15307	0.01008	0.00597	0.00174	0.00363	0.00860	0.00588	0.00669
45	0.00652	0.00477	0.00613	0.00722	0.00772	0.00438	0.00487	0.00750	0.01052	0.01380	0.03266	0.71400	0.12737	0.01642	0.00679	0.00213	0.00307	0.01477	0.00498	0.00438
46	0.00863	0.00735	0.01207	0.01078	0.01215	0.00836	0.10033	0.01072	0.00914	0.01310	0.01394	0.05316	0.01322	0.04796	0.56976	0.00684	0.08825	0.00617	0.00290	0.00515
47	0.01236	0.00959	0.01001	0.00916	0.01167	0.01087	0.00708	0.02376	0.54286	0.02173	0.02056	0.02002	0.01560	0.00698	0.00495	0.00165	0.00373	0.00575	0.25422	0.00746
48	0.02005	0.02558	0.01521	0.01383	0.01659	0.78980	0.01037	0.02143	0.01521	0.01314	0.00830	0.00968	0.00691	0.00553	0.00484	0.00138	0.00968	0.00346	0.00277	0.00622
49	0.00767	0.00575	0.00863	0.00863	0.00959	0.00671	0.00671	0.00959	0.00863	0.01246	0.01438	0.02109	0.01342	0.04026	0.79008	0.00863	0.01438	0.00575	0.00288	0.00479
50	0.01113	0.00954	0.01113	0.00795	0.01272	0.00716	0.00636	0.01352	0.01113	0.01749	0.00954	0.01113	0.00795	0.00398	0.00398	0.00080	0.00398	0.00318	0.00318	0.84417
51	0.02027	0.02454	0.04325	0.00998	0.01378	0.00937	0.00853	0.11402	0.01590	0.51409	0.07962	0.02070	0.03372	0.00738	0.00597	0.00170	0.03504	0.02786	0.00592	0.00836
52	0.04521	0.23678	0.34741	0.01365	0.06474	0.06354	0.01402	0.01845	0.08455	0.04884	0.01057	0.01164	0.00810	0.00524	0.00463	0.00153	0.00671	0.00391	0.00286	0.00760

[dist]
# distance from previous block
# <min> <max>
0	1

[block]
# block no. 1 follows, 45 sequences, length 23
# corresponding to MSA columns:
# 427-449
name=unknown_B
#
# <colnr> <probs for GDERKNQSTAVLIFYWHMCP>
#	G	D	E	R	K	N	Q	S	T	A	V	L	I	F	Y	W	H	M	C	P
0	0.50962	0.21635	0.01477	0.01008	0.07421	0.01477	0.00785	0.06821	0.01097	0.02131	0.00807	0.00936	0.00654	0.00497	0.00366	0.00152	0.00486	0.00319	0.00315	0.00654
1	0.04234	0.05622	0.02232	0.02430	0.38902	0.10778	0.18112	0.01799	0.01277	0.07912	0.01073	0.01313	0.00845	0.00496	0.00533	0.00160	0.00713	0.00486	0.00301	0.00782
2	0.01276	0.16816	0.23247	0.02309	0.38760	0.01432	0.05478	0.01658	0.01175	0.01645	0.00951	0.01193	0.00771	0.00482	0.00496	0.00155	0.00682	0.00428	0.00248	0.00798
3	0.00781	0.00520	0.00585	0.00585	0.00585	0.00520	0.00325	0.00781	0.00781	0.01041	0.01691	0.03513	0.01952	0.81135	0.02732	0.00520	0.00520	0.00781	0.00325	0.00325
4	0.00976	0.06375	0.01104	0.01048	0.09895	0.05735	0.03138	0.01207	0.01341	0.01825	0.32647	0.03167	0.17126	0.00915	0.00559	0.00159	0.00390	0.00786	0.11043	0.00563
5	0.01014	0.00954	0.01610	0.79845	0.03697	0.01193	0.01491	0.01371	0.01073	0.01371	0.00954	0.01431	0.00716	0.00537	0.00537	0.00179	0.00716	0.00477	0.00239	0.00596
6	0.01398	0.01488	0.07733	0.01612	0.17000	0.11164	0.01128	0.02424	0.45767	0.01983	0.01675	0.01664	0.01280	0.00638	0.00532	0.00171	0.00567	0.00531	0.00429	0.00816
7	0.01286	0.05058	0.40076	0.01669	0.11306	0.01307	0.07630	0.05513	0.13838	0.05276	0.01241	0.01356	0.00912	0.00549	0.00525	0.00169	0.00689	0.00467	0.00323	0.00811
8	0.00769	0.00566	0.00814	0.00814	0.00894	0.00645	0.00611	0.00928	0.00848	0.01210	0.01482	0.02353	0.01448	0.17463	0.65716	0.00803	0.01278	0.00611	0.00294	0.00452
9	0.00953	0.00865	0.01421	0.63741	0.03106	0.01047	0.01290	0.01277	0.01124	0.01467	0.10458	0.08210	0.01477	0.00698	0.00561	0.00181	0.00626	0.00623	0.00303	0.00572
10	0.05387	0.00850	0.01130	0.18269	0.04680	0.00941	0.00877	0.06547	0.05258	0.04752	0.21075	0.06983	0.12769	0.00907	0.00672	0.00180	0.06934	0.00750	0.00437	0.00601
11	0.00654	0.00467	0.00623	0.00747	0.00779	0.00436	0.00498	0.00747	0.01028	0.01370	0.02959	0.80785	0.03550	0.01682	0.00685	0.00218	0.00311	0.01526	0.00498	0.00436
12	0.14469	0.21431	0.22847	0.01246	0.01734	0.13609	0.06446	0.05759	0.01221	0.01717	0.00887	0.01054	0.00707	0.00597	0.02299	0.00169	0.02462	0.00373	0.00273	0.00698
13	0.00932	0.00466	0.00699	0.00699	0.00699	0.00466	0.00466	0.00699	0.00699	0.00932	0.00932	0.01632	0.00932	0.01865	0.02098	0.84382	0.00466	0.00466	0.00233	0.00233
14	0.01029	0.00880	0.01405	0.01141	0.01332	0.02728	0.20231	0.01247	0.01023	0.01508	0.01394	0.02133	0.01282	0.20889	0.10902	0.00340	0.08848	0.00607	0.20555	0.00525
15	0.01385	0.01009	0.01259	0.07887	0.07683	0.01074	0.00899	0.30713	0.01667	0.06449	0.01923	0.31776	0.01924	0.01020	0.00593	0.00185	0.00491	0.00885	0.00482	0.00698
16	0.01703	0.01205	0.01717	0.17969	0.21924	0.01274	0.02941	0.23987	0.01647	0.18290	0.01317	0.01446	0.00941	0.00579	0.00538	0.00166	0.00608	0.00496	0.00425	0.00827
17	0.01812	0.14334	0.01590	0.01132	0.01463	0.29034	0.00916	0.11290	0.05138	0.16099	0.01257	0.01342	0.00964	0.01003	0.10063	0.00233	0.00793	0.00431	0.00389	0.00718
18	0.84927	0.01038	0.00789	0.00706	0.01038	0.01204	0.00581	0.01578	0.00914	0.02408	0.00747	0.00872	0.00581	0.00498	0.00332	0.00166	0.00415	0.00291	0.00332	0.00581
19	0.01489	0.07006	0.06004	0.06308	0.35459	0.01394	0.07514	0.16245	0.06177	0.05452	0.01169	0.01357	0.00903	0.00536	0.00528	0.00162	0.00637	0.00485	0.00348	0.00827
20	0.01276	0.01206	0.02090	0.02018	0.24760	0.01090	0.24814	0.01605	0.01211	0.04650	0.01057	0.01311	0.00838	0.00449	0.00518	0.00139	0.00633	0.00475	0.00301	0.29557
21	0.00738	0.00527	0.00629	0.00660	0.00771	0.00472	0.00465	0.00867	0.01170	0.04411	0.14321	0.33998	0.30393	0.07071	0.00799	0.00217	0.00309	0.01214	0.00506	0.00463
22	0.01441	0.01660	0.21322	0.01241	0.01702	0.01393	0.01185	0.20463	0.38993	0.02382	0.01649	0.01602	0.01212	0.00651	0.00535	0.00174	0.00561	0.00522	0.00461	0.00851

[dist]
# distance from previous block
# <min> <max>
1	4

[block]
# block no. 2 follows, 45 sequences, length 33
# corresponding to MSA columns:
# 454-486
name=unknown_C
#
# <colnr> <probs for GDERKNQSTAVLIFYWHMCP>
#	G	D	E	R	K	N	Q	S	T	A	V	L	I	F	Y	W	H	M	C	P
0	0.22811	0.07833	0.01220	0.01218	0.11732	0.06558	0.00856	0.01436	0.01140	0.05372	0.01709	0.14814	0.01745	0.00928	0.00536	0.00187	0.00504	0.18407	0.00391	0.00602
1	0.01455	0.11863	0.01692	0.01224	0.01438	0.03744	0.01029	0.24710	0.01415	0.01938	0.00984	0.01274	0.00843	0.01140	0.10352	0.00268	0.33145	0.00459	0.00336	0.00691
2	0.01336	0.06576	0.16560	0.01345	0.08135	0.17206	0.04395	0.01641	0.01216	0.01619	0.00928	0.01105	0.00750	0.00465	0.00456	0.00123	0.00647	0.00365	0.00280	0.34854
3	0.01050	0.06856	0.21664	0.01032	0.01359	0.01012	0.01008	0.10099	0.01132	0.01581	0.01298	0.01952	0.01194	0.18218	0.27715	0.00473	0.00918	0.00539	0.00305	0.00598
4	0.01863	0.00892	0.01134	0.00936	0.01269	0.00850	0.00750	0.02344	0.17444	0.47693	0.09279	0.06159	0.03576	0.00858	0.02236	0.00188	0.00440	0.00658	0.00612	0.00818
5	0.01273	0.01404	0.11818	0.01377	0.01638	0.01431	0.06587	0.08953	0.01121	0.03228	0.00888	0.01205	0.00755	0.00739	0.01182	0.00193	0.43535	0.00454	0.00287	0.11931
6	0.00692	0.00542	0.00626	0.00612	0.00762	0.00476	0.00456	0.00878	0.01348	0.01762	0.37737	0.08141	0.41537	0.01256	0.00636	0.00177	0.00265	0.01078	0.00540	0.00476
7	0.00989	0.00841	0.01261	0.09730	0.22976	0.00856	0.00958	0.01363	0.06836	0.01964	0.42357	0.02835	0.03167	0.00836	0.00588	0.00168	0.00423	0.00753	0.00459	0.00638
8	0.01435	0.81458	0.02813	0.00918	0.01378	0.02124	0.00918	0.01607	0.01091	0.01263	0.00746	0.00861	0.00689	0.00459	0.00344	0.00115	0.00574	0.00287	0.00230	0.00689
9	0.01035	0.00858	0.00947	0.00901	0.01109	0.00933	0.00679	0.01925	0.42010	0.01967	0.13826	0.18761	0.10744	0.01046	0.00597	0.00187	0.00360	0.00906	0.00538	0.00671
10	0.01362	0.65359	0.18270	0.01044	0.01571	0.01944	0.01136	0.01626	0.01099	0.01352	0.00791	0.00917	0.00687	0.00470	0.00378	0.00126	0.00619	0.00309	0.00229	0.00710
11	0.00699	0.00562	0.00668	0.00684	0.00836	0.00531	0.00536	0.00864	0.01133	0.01419	0.04071	0.04501	0.48212	0.02058	0.20703	0.00364	0.00600	0.10651	0.00444	0.00465
12	0.00864	0.00713	0.01004	0.10484	0.01299	0.02485	0.00780	0.01042	0.00887	0.01239	0.01331	0.02102	0.01273	0.13624	0.50173	0.00658	0.08696	0.00576	0.00281	0.00486
13	0.01533	0.00976	0.01046	0.00868	0.01147	0.01046	0.00695	0.31255	0.07390	0.07585	0.01623	0.01706	0.01208	0.00643	0.00463	0.00146	0.00413	0.00504	0.39034	0.00718
14	0.01332	0.02157	0.31611	0.01577	0.02068	0.21139	0.16542	0.01718	0.01226	0.01548	0.01068	0.06594	0.00908	0.00626	0.00647	0.00173	0.07589	0.00515	0.00268	0.00694
15	0.00734	0.00535	0.00690	0.00677	0.00793	0.00491	0.00498	0.00952	0.01418	0.01975	0.60227	0.16518	0.10065	0.01211	0.00642	0.00178	0.00264	0.01072	0.00569	0.00491
16	0.01247	0.04061	0.20232	0.01791	0.16568	0.05789	0.06136	0.01706	0.09596	0.01616	0.01080	0.03215	0.00907	0.00674	0.00872	0.00186	0.22818	0.00493	0.00285	0.00727
17	0.00773	0.00542	0.00712	0.00805	0.00865	0.00532	0.00604	0.00905	0.01049	0.01382	0.02587	0.30472	0.02953	0.21932	0.01232	0.00307	0.00440	0.31024	0.00452	0.00431
18	0.01570	0.01765	0.01407	0.01394	0.07714	0.39128	0.02597	0.02105	0.22199	0.01623	0.01505	0.11851	0.01347	0.00742	0.00535	0.00164	0.00703	0.00591	0.00379	0.00681
19	0.00971	0.00855	0.01331	0.10896	0.17506	0.00908	0.04482	0.01225	0.02310	0.01539	0.02247	0.17108	0.09765	0.01077	0.00731	0.00203	0.07300	0.18571	0.00385	0.00590
20	0.02067	0.01461	0.01585	0.01215	0.01643	0.01601	0.01004	0.70688	0.02452	0.08793	0.01349	0.01328	0.00943	0.00646	0.00537	0.00161	0.00581	0.00487	0.00546	0.00913
21	0.84927	0.01038	0.00789	0.00706	0.01038	0.01204	0.00581	0.01578	0.00914	0.02408	0.00747	0.00872	0.00581	0.00498	0.00332	0.00166	0.00415	0.00291	0.00332	0.00581
22	0.01610	0.01092	0.01222	0.01057	0.01389	0.01195	0.00834	0.02792	0.57554	0.21671	0.02168	0.01958	0.01559	0.00712	0.00545	0.00178	0.00433	0.00590	0.00576	0.00866
23	0.00775	0.00544	0.00704	0.00704	0.00745	0.00585	0.00474	0.00857	0.00816	0.01129	0.01583	0.02911	0.01690	0.48064	0.35445	0.00667	0.00914	0.00692	0.00309	0.00391
24	0.01126	0.01099	0.01677	0.31648	0.08794	0.01440	0.01336	0.01353	0.00953	0.01362	0.00826	0.01286	0.00721	0.00746	0.01187	0.00207	0.42916	0.00473	0.00239	0.00613
25	0.00781	0.00520	0.00585	0.00585	0.00585	0.00520	0.00325	0.00781	0.00781	0.01041	0.01691	0.03513	0.01952	0.81135	0.02732	0.00520	0.00520	0.00781	0.00325	0.00325
26	0.00906	0.00722	0.00885	0.00874	0.00965	0.07301	0.00660	0.01007	0.00885	0.01188	0.01283	0.01914	0.01203	0.03289	0.56624	0.17843	0.01200	0.00533	0.00276	0.00441
27	0.01177	0.00626	0.00758	0.00684	0.00817	0.00585	0.00466	0.01255	0.01035	0.20835	0.02287	0.03253	0.11773	0.47394	0.04464	0.00396	0.00502	0.00759	0.00434	0.00498
28	0.01100	0.01027	0.01384	0.18703	0.03312	0.06669	0.07322	0.06330	0.06213	0.01615	0.04402	0.26328	0.01841	0.00976	0.00737	0.00193	0.10036	0.00835	0.00378	0.00597
29	0.00810	0.00858	0.11068	0.00907	0.01079	0.00723	0.00789	0.01028	0.00885	0.01273	0.01416	0.02204	0.01352	0.15881	0.56438	0.00716	0.01206	0.00584	0.00286	0.00496
30	0.01284	0.07458	0.31368	0.01614	0.17227	0.01100	0.01384	0.01656	0.01202	0.13396	0.03187	0.13989	0.01371	0.00723	0.00538	0.00171	0.00605	0.00620	0.00354	0.00753
31	0.01246	0.29897	0.48496	0.01312	0.01964	0.05403	0.01569	0.01690	0.01138	0.01530	0.00882	0.01031	0.00684	0.00495	0.00452	0.00149	0.00726	0.00356	0.00230	0.00749
32	0.01318	0.01145	0.01334	0.27385	0.08533	0.10986	0.01052	0.13741	0.01406	0.01901	0.03316	0.03337	0.01097	0.00614	0.00497	0.00157	0.00587	0.00504	0.20445	0.00644

[dist]
# distance from previous block
# <min> <max>
2	10

[block]
# block no. 3 follows, 45 sequences, length 20
# corresponding to MSA columns:
# 497-516
name=unknown_D
#
# <colnr> <probs for GDERKNQSTAVLIFYWHMCP>
#	G	D	E	R	K	N	Q	S	T	A	V	L	I	F	Y	W	H	M	C	P
0	0.01854	0.08247	0.01744	0.01329	0.06038	0.01254	0.09749	0.19128	0.03362	0.30386	0.01572	0.05269	0.01162	0.00673	0.00617	0.00169	0.05580	0.00556	0.00489	0.00823
1	0.52310	0.01351	0.15338	0.00967	0.01397	0.01140	0.05589	0.01549	0.01001	0.02123	0.00932	0.04745	0.00774	0.00544	0.00407	0.00162	0.00510	0.00393	0.00315	0.08453
2	0.01525	0.00952	0.01197	0.05856	0.01452	0.00821	0.00759	0.04377	0.01288	0.25509	0.01497	0.01523	0.03988	0.00553	0.00507	0.00124	0.02919	0.00440	0.00433	0.44279
3	0.01450	0.26572	0.02304	0.01424	0.05564	0.01399	0.24917	0.01783	0.03916	0.12368	0.01249	0.01404	0.00954	0.00519	0.00485	0.00149	0.00618	0.00484	0.11722	0.00720
4	0.59425	0.01032	0.00935	0.00790	0.01140	0.01135	0.00650	0.07549	0.01169	0.17546	0.01094	0.01130	0.00781	0.00547	0.00391	0.00164	0.00432	0.00362	0.03058	0.00671
5	0.27684	0.01138	0.01213	0.00968	0.01357	0.01201	0.00797	0.24318	0.04613	0.29387	0.01449	0.01378	0.00986	0.00610	0.00475	0.00165	0.00483	0.00449	0.00519	0.00808
6	0.00653	0.00490	0.00606	0.00693	0.00766	0.00443	0.00475	0.00762	0.01095	0.01417	0.06103	0.58746	0.22647	0.01579	0.00670	0.00207	0.00299	0.01406	0.00501	0.00443
7	0.00767	0.00575	0.00863	0.00863	0.00959	0.00671	0.00671	0.00959	0.00863	0.01246	0.01438	0.02109	0.01342	0.04026	0.79008	0.00863	0.01438	0.00575	0.00288	0.00479
8	0.00760	0.00544	0.00669	0.00638	0.00773	0.00497	0.00478	0.00993	0.01435	0.02020	0.58635	0.04028	0.16993	0.01100	0.00611	0.00167	0.00256	0.00957	0.07951	0.00497
9	0.01267	0.01448	0.03167	0.02262	0.02805	0.01357	0.75837	0.01719	0.01267	0.01719	0.01086	0.01448	0.00814	0.00452	0.00633	0.00181	0.00905	0.00633	0.00271	0.00724
10	0.00721	0.00547	0.00664	0.00635	0.00778	0.00490	0.00476	0.00938	0.01428	0.01936	0.55296	0.04366	0.27408	0.01178	0.00634	0.00173	0.00259	0.01021	0.00562	0.00490
11	0.01077	0.02777	0.78354	0.01530	0.02323	0.01247	0.01983	0.01700	0.01133	0.01700	0.00963	0.01133	0.00680	0.00510	0.00510	0.00170	0.00793	0.00397	0.00227	0.00793
12	0.01113	0.00954	0.01113	0.00795	0.01272	0.00716	0.00636	0.01352	0.01113	0.01749	0.00954	0.01113	0.00795	0.00398	0.00398	0.00080	0.00398	0.00318	0.00318	0.84417
13	0.01294	0.12141	0.02063	0.01542	0.06614	0.01404	0.23996	0.02160	0.34910	0.01881	0.01730	0.01783	0.04784	0.00621	0.00549	0.00171	0.00599	0.00588	0.00399	0.00770
14	0.00650	0.00482	0.00607	0.00707	0.00768	0.00439	0.00480	0.00752	0.01067	0.01386	0.03452	0.65735	0.18282	0.01618	0.00675	0.00211	0.00304	0.01448	0.00498	0.00439
15	0.01317	0.01169	0.01511	0.05044	0.03256	0.02924	0.03862	0.17839	0.07494	0.01874	0.01403	0.01738	0.05795	0.01113	0.07965	0.00258	0.32144	0.02266	0.00357	0.00672
16	0.00749	0.00548	0.00702	0.00664	0.00795	0.00502	0.00498	0.00992	0.01493	0.02091	0.71140	0.04112	0.11467	0.01121	0.00633	0.00170	0.00255	0.00985	0.00583	0.00502
17	0.84927	0.01038	0.00789	0.00706	0.01038	0.01204	0.00581	0.01578	0.00914	0.02408	0.00747	0.00872	0.00581	0.00498	0.00332	0.00166	0.00415	0.00291	0.00332	0.00581
18	0.01319	0.01094	0.01416	0.15605	0.07013	0.01073	0.02662	0.13381	0.09371	0.04089	0.01176	0.01335	0.00907	0.00511	0.00479	0.00132	0.00519	0.00428	0.00367	0.37122
19	0.27082	0.11875	0.01207	0.00782	0.01169	0.01040	0.00655	0.01546	0.01126	0.10290	0.06141	0.01461	0.04666	0.00557	0.00412	0.00131	0.00418	0.00410	0.00375	0.28657

[dist]
# distance from previous block
# <min> <max>
0	2

[block]
# block no. 4 follows, 45 sequences, length 68
# corresponding to MSA columns:
# 524-591
name=unknown_E
#
# <colnr> <probs for GDERKNQSTAVLIFYWHMCP>
#	G	D	E	R	K	N	Q	S	T	A	V	L	I	F	Y	W	H	M	C	P
0	0.01566	0.01348	0.04741	0.05589	0.06416	0.04735	0.40339	0.01956	0.03031	0.21028	0.02878	0.01568	0.01036	0.00537	0.00587	0.00173	0.00744	0.00579	0.00380	0.00769
1	0.01324	0.01256	0.01987	0.02520	0.46903	0.01302	0.08992	0.02021	0.24201	0.01900	0.01375	0.01546	0.01086	0.00552	0.00546	0.00169	0.00600	0.00533	0.00352	0.00837
2	0.01083	0.01005	0.04588	0.00955	0.01217	0.01010	0.02500	0.07478	0.28582	0.01977	0.11871	0.03044	0.25099	0.00957	0.00666	0.00182	0.05842	0.00783	0.00494	0.00669
3	0.00642	0.00515	0.00573	0.00620	0.00745	0.00447	0.00442	0.00762	0.01150	0.01420	0.04509	0.33511	0.49824	0.01480	0.00653	0.00195	0.00287	0.01280	0.00498	0.00447
4	0.01141	0.00992	0.01225	0.01058	0.09100	0.00788	0.00745	0.01418	0.02960	0.01762	0.00990	0.01157	0.00821	0.00414	0.00415	0.00090	0.00423	0.00341	0.00318	0.73844
5	0.00654	0.00467	0.00623	0.00747	0.00779	0.00436	0.00498	0.00747	0.01028	0.01370	0.02959	0.80785	0.03550	0.01682	0.00685	0.00218	0.00311	0.01526	0.00498	0.00436
6	0.01517	0.57041	0.10270	0.01077	0.01533	0.17981	0.01052	0.01728	0.01184	0.01318	0.00786	0.00911	0.00688	0.00484	0.00390	0.00125	0.00678	0.00310	0.00239	0.00686
7	0.02141	0.01343	0.01511	0.01159	0.01584	0.01426	0.00957	0.55995	0.02255	0.23765	0.01515	0.01435	0.01026	0.00650	0.00538	0.00162	0.00554	0.00499	0.00572	0.00913
8	0.00704	0.00547	0.00641	0.00617	0.00768	0.00483	0.00463	0.00906	0.01389	0.01842	0.45652	0.04521	0.37110	0.01213	0.00634	0.00174	0.00261	0.01042	0.00550	0.00483
9	0.01014	0.00954	0.01610	0.79845	0.03697	0.01193	0.01491	0.01371	0.01073	0.01371	0.00954	0.01431	0.00716	0.00537	0.00537	0.00179	0.00716	0.00477	0.00239	0.00596
10	0.01001	0.00500	0.00500	0.00500	0.00625	0.00500	0.00375	0.01251	0.01126	0.02001	0.01751	0.02001	0.01376	0.00625	0.00375	0.00125	0.00250	0.00500	0.84115	0.00500
11	0.01267	0.01448	0.03167	0.02262	0.02805	0.01357	0.75837	0.01719	0.01267	0.01719	0.01086	0.01448	0.00814	0.00452	0.00633	0.00181	0.00905	0.00633	0.00271	0.00724
12	0.01335	0.01153	0.01214	0.01092	0.01396	0.01335	0.00850	0.02852	0.76817	0.02245	0.02185	0.02003	0.01639	0.00728	0.00546	0.00182	0.00425	0.00607	0.00546	0.00850
13	0.00757	0.00547	0.00715	0.00677	0.00801	0.00505	0.00506	0.01007	0.01508	0.02134	0.75703	0.05864	0.05028	0.01112	0.00634	0.00170	0.00255	0.00984	0.00589	0.00505
14	0.00671	0.00505	0.00626	0.00714	0.00798	0.00460	0.00511	0.00793	0.01107	0.01418	0.03666	0.50924	0.24994	0.01567	0.00676	0.00210	0.00319	0.09095	0.00498	0.00447
15	0.01841	0.01259	0.01391	0.01128	0.01507	0.01374	0.00912	0.34252	0.30694	0.17039	0.01787	0.01663	0.01268	0.00680	0.00541	0.00170	0.00502	0.00541	0.00565	0.00889
16	0.01329	0.01275	0.02179	0.03295	0.77787	0.01275	0.01647	0.01647	0.01222	0.01754	0.01010	0.01329	0.00850	0.00478	0.00531	0.00159	0.00638	0.00478	0.00266	0.00850
17	0.00705	0.00472	0.00605	0.00711	0.00756	0.00446	0.00480	0.00822	0.01042	0.01464	0.02780	0.69121	0.03228	0.01525	0.00639	0.00204	0.00302	0.01374	0.12878	0.00446
18	0.00654	0.00467	0.00623	0.00747	0.00779	0.00436	0.00498	0.00747	0.01028	0.01370	0.02959	0.80785	0.03550	0.01682	0.00685	0.00218	0.00311	0.01526	0.00498	0.00436
19	0.84927	0.01038	0.00789	0.00706	0.01038	0.01204	0.00581	0.01578	0.00914	0.02408	0.00747	0.00872	0.00581	0.00498	0.00332	0.00166	0.00415	0.00291	0.00332	0.00581
20	0.01113	0.00954	0.01113	0.00795	0.01272	0.00716	0.00636	0.01352	0.01113	0.01749	0.00954	0.01113	0.00795	0.00398	0.00398	0.00080	0.00398	0.00318	0.00318	0.84417
21	0.00650	0.00482	0.00607	0.00707	0.00768	0.00439	0.00480	0.00752	0.01066	0.01386	0.03448	0.65867	0.18152	0.01618	0.00675	0.00211	0.00304	0.01448	0.00498	0.00439
22	0.07193	0.25119	0.03448	0.01252	0.05163	0.31493	0.00998	0.04833	0.09513	0.03127	0.00999	0.01097	0.00815	0.00551	0.00473	0.00143	0.02404	0.00373	0.00311	0.00694
23	0.01444	0.01207	0.01275	0.01114	0.01437	0.01386	0.00876	0.14131	0.65361	0.02421	0.02047	0.01893	0.01527	0.00715	0.00545	0.00179	0.00450	0.00588	0.00545	0.00859
24	0.00932	0.00466	0.00699	0.00699	0.00699	0.00466	0.00466	0.00699	0.00699	0.00932	0.00932	0.01632	0.00932	0.01865	0.02098	0.84382	0.00466	0.00466	0.00233	0.00233
25	0.01077	0.02777	0.78354	0.01530	0.02323	0.01247	0.01983	0.01700	0.01133	0.01700	0.00963	0.01133	0.00680	0.00510	0.00510	0.00170	0.00793	0.00397	0.00227	0.00793
26	0.03548	0.01235	0.05094	0.01094	0.01536	0.04602	0.04154	0.18036	0.01649	0.40299	0.01604	0.01512	0.01074	0.00601	0.00517	0.00153	0.00536	0.00483	0.00530	0.11742
27	0.01329	0.01275	0.02179	0.03295	0.77787	0.01275	0.01647	0.01647	0.01222	0.01754	0.01010	0.01329	0.00850	0.00478	0.00531	0.00159	0.00638	0.00478	0.00266	0.00850
28	0.00654	0.00467	0.00623	0.00747	0.00779	0.00436	0.00498	0.00747	0.01028	0.01370	0.02959	0.80785	0.03550	0.01682	0.00685	0.00218	0.00311	0.01526	0.00498	0.00436
29	0.01084	0.00969	0.01657	0.70326	0.03480	0.01167	0.05473	0.01434	0.01104	0.04907	0.01057	0.03151	0.00810	0.00562	0.00545	0.00179	0.00705	0.00511	0.00265	0.00614
30	0.00760	0.00549	0.00718	0.00675	0.00802	0.00506	0.00506	0.01013	0.01519	0.02153	0.77503	0.04010	0.05065	0.01097	0.00633	0.00169	0.00253	0.00971	0.00591	0.00506
31	0.07239	0.00955	0.01224	0.00958	0.01359	0.00881	0.00787	0.04240	0.08043	0.65357	0.02023	0.01773	0.01301	0.00660	0.00528	0.00167	0.00455	0.00529	0.00631	0.00888
32	0.01326	0.01283	0.02224	0.03248	0.74353	0.01279	0.05045	0.01651	0.01224	0.01752	0.01013	0.01334	0.00849	0.00477	0.00536	0.00160	0.00650	0.00485	0.00266	0.00844
33	0.01081	0.02703	0.74841	0.01524	0.02281	0.01265	0.01946	0.01681	0.01119	0.01681	0.00951	0.01135	0.00681	0.00530	0.00567	0.00173	0.04427	0.00400	0.00227	0.00784
34	0.02097	0.01333	0.01496	0.01155	0.01574	0.01422	0.00952	0.53176	0.06303	0.22530	0.01550	0.01466	0.01059	0.00654	0.00538	0.00164	0.00547	0.00505	0.00570	0.00910
35	0.84927	0.01038	0.00789	0.00706	0.01038	0.01204	0.00581	0.01578	0.00914	0.02408	0.00747	0.00872	0.00581	0.00498	0.00332	0.00166	0.00415	0.00291	0.00332	0.00581
36	0.00767	0.00575	0.00863	0.00863	0.00959	0.00671	0.00671	0.00959	0.00863	0.01246	0.01438	0.02109	0.01342	0.04026	0.79008	0.00863	0.01438	0.00575	0.00288	0.00479
37	0.02005	0.02558	0.01521	0.01383	0.01659	0.78980	0.01037	0.02143	0.01521	0.01314	0.00830	0.00968	0.00691	0.00553	0.00484	0.00138	0.00968	0.00346	0.00277	0.00622
38	0.00779	0.00559	0.00753	0.00797	0.00907	0.00534	0.00631	0.01003	0.01338	0.01830	0.38848	0.17603	0.04119	0.01330	0.00680	0.00205	0.00347	0.26705	0.00542	0.00490
39	0.00668	0.00545	0.00591	0.00579	0.00746	0.00468	0.00435	0.00836	0.01304	0.01640	0.24919	0.04853	0.57969	0.01289	0.00634	0.00178	0.00267	0.01089	0.00523	0.00468
40	0.01174	0.01174	0.01644	0.01409	0.01409	0.01644	0.01174	0.01292	0.00822	0.01292	0.00705	0.01174	0.00705	0.00940	0.01762	0.00235	0.80153	0.00470	0.00235	0.00587
41	0.00781	0.00520	0.00585	0.00585	0.00585	0.00520	0.00325	0.00781	0.00781	0.01041	0.01691	0.03513	0.01952	0.81135	0.02732	0.00520	0.00520	0.00781	0.00325	0.00325
42	0.01335	0.01153	0.01214	0.01092	0.01396	0.01335	0.00850	0.02852	0.76817	0.02245	0.02185	0.02003	0.01639	0.00728	0.00546	0.00182	0.00425	0.00607	0.00546	0.00850
43	0.01113	0.00954	0.01113	0.00795	0.01272	0.00716	0.00636	0.01352	0.01113	0.01749	0.00954	0.01113	0.00795	0.00398	0.00398	0.00080	0.00398	0.00318	0.00318	0.84417
44	0.00680	0.00546	0.00607	0.00591	0.00753	0.00472	0.00444	0.00858	0.01331	0.01705	0.31538	0.04747	0.51310	0.01265	0.00634	0.00177	0.00265	0.01074	0.00532	0.00472
45	0.01267	0.01448	0.03167	0.02262	0.02805	0.01357	0.75837	0.01719	0.01267	0.01719	0.01086	0.01448	0.00814	0.00452	0.00633	0.00181	0.00905	0.00633	0.00271	0.00724
46	0.01077	0.02777	0.78354	0.01530	0.02323	0.01247	0.01983	0.01700	0.01133	0.01700	0.00963	0.01133	0.00680	0.00510	0.00510	0.00170	0.00793	0.00397	0.00227	0.00793
47	0.00654	0.00467	0.00623	0.00747	0.00779	0.00436	0.00498	0.00747	0.01028	0.01370	0.02959	0.80785	0.03550	0.01682	0.00685	0.00218	0.00311	0.01526	0.00498	0.00436
48	0.76488	0.01025	0.00836	0.00731	0.01072	0.01162	0.00603	0.01684	0.00977	0.10155	0.00888	0.00970	0.00658	0.00515	0.00353	0.00166	0.00419	0.00316	0.00366	0.00615
49	0.70267	0.01033	0.00881	0.00758	0.01106	0.01156	0.00625	0.03895	0.01053	0.13682	0.00967	0.01026	0.00702	0.00527	0.00369	0.00166	0.00427	0.00333	0.00387	0.00640
50	0.02041	0.01504	0.01611	0.01235	0.01665	0.01665	0.01020	0.75997	0.02524	0.03383	0.01289	0.01289	0.00913	0.00644	0.00537	0.00161	0.00591	0.00483	0.00537	0.00913
51	0.01038	0.00979	0.01654	0.73897	0.09454	0.01199	0.01503	0.01393	0.01085	0.01401	0.00958	0.01423	0.00726	0.00532	0.00536	0.00177	0.00710	0.00477	0.00241	0.00616
52	0.02041	0.01504	0.01611	0.01235	0.01665	0.01665	0.01020	0.75997	0.02524	0.03383	0.01289	0.01289	0.00913	0.00644	0.00537	0.00161	0.00591	0.00483	0.00537	0.00913
53	0.10828	0.00836	0.01035	0.00829	0.01173	0.00770	0.00677	0.02208	0.01381	0.53520	0.01893	0.01764	0.01260	0.00638	0.00482	0.00157	0.00407	0.00505	0.18848	0.00788
54	0.00767	0.00575	0.00863	0.00863	0.00959	0.00671	0.00671	0.00959	0.00863	0.01246	0.01438	0.02109	0.01342	0.04026	0.79008	0.00863	0.01438	0.00575	0.00288	0.00479
55	0.02008	0.01472	0.01576	0.01212	0.01632	0.01628	0.01000	0.73655	0.02480	0.03340	0.01303	0.01311	0.00927	0.00644	0.00532	0.00160	0.00580	0.00484	0.03156	0.00900
56	0.00654	0.00467	0.00623	0.00747	0.00779	0.00436	0.00498	0.00747	0.01028	0.01370	0.02959	0.80785	0.03550	0.01682	0.00685	0.00218	0.00311	0.01526	0.00498	0.00436
57	0.01098	0.00970	0.01623	0.71905	0.07607	0.01178	0.01466	0.01446	0.01104	0.05077	0.01013	0.01445	0.00752	0.00540	0.00537	0.00177	0.00699	0.00480	0.00260	0.00625
58	0.01663	0.49889	0.02296	0.01104	0.01490	0.32875	0.00966	0.01822	0.01263	0.01283	0.00780	0.00904	0.00690	0.00497	0.00400	0.00124	0.00732	0.00311	0.00248	0.00662
59	0.01267	0.01448	0.03167	0.02262	0.02805	0.01357	0.75837	0.01719	0.01267	0.01719	0.01086	0.01448	0.00814	0.00452	0.00633	0.00181	0.00905	0.00633	0.00271	0.00724
60	0.00729	0.00583	0.00673	0.00783	0.00827	0.04780	0.00528	0.00825	0.01055	0.01367	0.02841	0.76371	0.03392	0.01619	0.00674	0.00214	0.00348	0.01461	0.00486	0.00446
61	0.01288	0.01181	0.01936	0.16223	0.55088	0.01231	0.01498	0.06013	0.01277	0.01806	0.02929	0.01440	0.00958	0.00520	0.00528	0.00162	0.00622	0.00491	0.04023	0.00786
62	0.00743	0.00548	0.00694	0.00658	0.00792	0.00499	0.00493	0.00981	0.01480	0.02059	0.67876	0.04164	0.14751	0.01132	0.00633	0.00170	0.00256	0.00992	0.00579	0.00499
63	0.01949	0.10557	0.01659	0.01326	0.01631	0.65988	0.01024	0.06992	0.01544	0.01446	0.00852	0.00978	0.00706	0.00550	0.00473	0.00137	0.00903	0.00349	0.00289	0.00648
64	0.01521	0.01196	0.01332	0.00988	0.01445	0.01133	0.00805	0.34165	0.01733	0.02467	0.01101	0.01190	0.00847	0.00506	0.00459	0.00115	0.00482	0.00391	0.00414	0.47709
65	0.05394	0.29231	0.03869	0.01172	0.01444	0.06652	0.02619	0.08402	0.01156	0.01557	0.00996	0.01220	0.03929	0.00696	0.00903	0.00172	0.29229	0.00420	0.00280	0.00657
66	0.00785	0.00525	0.00610	0.00610	0.00622	0.00534	0.00360	0.00809	0.00797	0.01084	0.01668	0.03341	0.01879	0.71747	0.10005	0.00544	0.00602	0.00754	0.02379	0.00344
67	0.10524	0.01184	0.03281	0.01210	0.01608	0.06384	0.12746	0.02224	0.01371	0.46019	0.01603	0.01550	0.01070	0.00621	0.00612	0.00171	0.06008	0.00508	0.00502	0.00804

[dist]
# distance from previous block
# <min> <max>
0	9

[block]
# block no. 5 follows, 45 sequences, length 128
# corresponding to MSA columns:
# 601-728
name=unknown_F
#
# <colnr> <probs for GDERKNQSTAVLIFYWHMCP>
#	G	D	E	R	K	N	Q	S	T	A	V	L	I	F	Y	W	H	M	C	P
0	0.01382	0.01936	0.23842	0.05283	0.35715	0.15401	0.03681	0.03438	0.01276	0.01680	0.00970	0.01213	0.00768	0.00506	0.00520	0.00160	0.00752	0.00435	0.00262	0.00781
1	0.00773	0.00573	0.00730	0.00674	0.00825	0.00516	0.00508	0.01018	0.01476	0.02084	0.68328	0.03911	0.09449	0.01072	0.00619	0.00164	0.00263	0.00942	0.00569	0.05506
2	0.07439	0.01352	0.01331	0.01130	0.01474	0.06698	0.00898	0.25972	0.42789	0.02555	0.01708	0.01627	0.01270	0.00674	0.00524	0.00171	0.00514	0.00528	0.00510	0.00836
3	0.00776	0.00539	0.00681	0.00681	0.00715	0.00573	0.00445	0.00842	0.00809	0.01112	0.01604	0.03027	0.01740	0.54435	0.29144	0.00639	0.00838	0.00709	0.00312	0.00379
4	0.05286	0.43532	0.33880	0.01188	0.01780	0.01703	0.02858	0.01646	0.01103	0.01507	0.00843	0.00986	0.00683	0.00482	0.00418	0.00141	0.00664	0.00339	0.00234	0.00727
5	0.01363	0.66483	0.12418	0.00972	0.01455	0.01914	0.01023	0.01598	0.01098	0.01363	0.00834	0.00964	0.00729	0.00476	0.00368	0.00123	0.00583	0.00314	0.05231	0.00691
6	0.00721	0.00531	0.00675	0.00674	0.00787	0.00485	0.00492	0.00926	0.01377	0.01897	0.52492	0.20456	0.13985	0.01255	0.00644	0.00181	0.00268	0.01109	0.00559	0.00485
7	0.11505	0.09330	0.44574	0.01253	0.01872	0.02922	0.01451	0.01875	0.01194	0.17498	0.01153	0.01216	0.00803	0.00537	0.00479	0.00163	0.00662	0.00402	0.00331	0.00779
8	0.01291	0.01067	0.01740	0.02446	0.52136	0.01045	0.01293	0.01584	0.01323	0.08926	0.19568	0.02022	0.01911	0.00645	0.00557	0.00162	0.00528	0.00603	0.00381	0.00773
9	0.00730	0.00548	0.00677	0.00653	0.00791	0.00495	0.00491	0.00952	0.01432	0.01954	0.56828	0.05821	0.22474	0.01181	0.00637	0.00175	0.00265	0.02839	0.00564	0.00492
10	0.00717	0.00566	0.00652	0.00651	0.00810	0.00508	0.00504	0.00931	0.02796	0.01711	0.28226	0.04841	0.43648	0.01278	0.00645	0.00185	0.00296	0.10022	0.00529	0.00483
11	0.01338	0.01281	0.01967	0.21529	0.50538	0.05363	0.01533	0.06848	0.01294	0.01753	0.01006	0.01332	0.00814	0.00508	0.00531	0.00163	0.00671	0.00471	0.00279	0.00781
12	0.01326	0.01281	0.02213	0.03259	0.75174	0.01278	0.04233	0.01650	0.01224	0.01752	0.01012	0.01333	0.00849	0.00477	0.00535	0.00160	0.00647	0.00484	0.00266	0.00846
13	0.00904	0.00544	0.00664	0.00729	0.00843	0.00541	0.00590	0.01134	0.01159	0.01764	0.02342	0.13138	0.02337	0.01103	0.00562	0.00186	0.00357	0.30715	0.39898	0.00490
14	0.01014	0.00954	0.01610	0.79845	0.03697	0.01193	0.01491	0.01371	0.01073	0.01371	0.00954	0.01431	0.00716	0.00537	0.00537	0.00179	0.00716	0.00477	0.00239	0.00596
15	0.01279	0.11299	0.19214	0.01839	0.02401	0.04505	0.43484	0.01786	0.05732	0.01676	0.01074	0.01324	0.00815	0.00486	0.00561	0.00169	0.00815	0.00528	0.00273	0.00738
16	0.01109	0.05253	0.69794	0.01650	0.08303	0.01278	0.01921	0.01693	0.01139	0.01690	0.00960	0.01140	0.00694	0.00506	0.00506	0.00167	0.00774	0.00400	0.00230	0.00794
17	0.00932	0.00466	0.00699	0.00699	0.00699	0.00466	0.00466	0.00699	0.00699	0.00932	0.00932	0.01632	0.00932	0.01865	0.02098	0.84382	0.00466	0.00466	0.00233	0.00233
18	0.57043	0.01446	0.03772	0.00962	0.01302	0.17252	0.03237	0.04606	0.01119	0.02149	0.00803	0.00943	0.00631	0.00524	0.00420	0.00162	0.02364	0.00329	0.00321	0.00615
19	0.00758	0.00569	0.00708	0.00698	0.00837	0.00528	0.00536	0.01015	0.03507	0.01919	0.49331	0.07313	0.19674	0.01206	0.00645	0.00182	0.00291	0.09223	0.00556	0.00501
20	0.02370	0.00934	0.01253	0.00965	0.01378	0.00824	0.00796	0.04309	0.03658	0.74323	0.02101	0.01820	0.01328	0.00666	0.00540	0.00166	0.00459	0.00540	0.00658	0.00912
21	0.02041	0.01504	0.01611	0.01235	0.01665	0.01665	0.01020	0.75997	0.02524	0.03383	0.01289	0.01289	0.00913	0.00644	0.00537	0.00161	0.00591	0.00483	0.00537	0.00913
22	0.00634	0.00544	0.00544	0.00544	0.00725	0.00453	0.00408	0.00770	0.01224	0.01450	0.05438	0.05166	0.77569	0.01359	0.00634	0.00181	0.00272	0.01133	0.00498	0.00453
23	0.01001	0.00500	0.00500	0.00500	0.00625	0.00500	0.00375	0.01251	0.01126	0.02001	0.01751	0.02001	0.01376	0.00625	0.00375	0.00125	0.00250	0.00500	0.84115	0.00500
24	0.01435	0.81458	0.02813	0.00918	0.01378	0.02124	0.00918	0.01607	0.01091	0.01263	0.00746	0.00861	0.00689	0.00459	0.00344	0.00115	0.00574	0.00287	0.00230	0.00689
25	0.00634	0.00544	0.00544	0.00544	0.00725	0.00453	0.00408	0.00770	0.01224	0.01450	0.05438	0.05166	0.77569	0.01359	0.00634	0.00181	0.00272	0.01133	0.00498	0.00453
26	0.00760	0.00549	0.00718	0.00675	0.00802	0.00506	0.00506	0.01013	0.01519	0.02153	0.77503	0.04010	0.05065	0.01097	0.00633	0.00169	0.00253	0.00971	0.00591	0.00506
27	0.00654	0.00467	0.00623	0.00747	0.00779	0.00436	0.00498	0.00747	0.01028	0.01370	0.02959	0.80785	0.03550	0.01682	0.00685	0.00218	0.00311	0.01526	0.00498	0.00436
28	0.02005	0.02558	0.01521	0.01383	0.01659	0.78980	0.01037	0.02143	0.01521	0.01314	0.00830	0.00968	0.00691	0.00553	0.00484	0.00138	0.00968	0.00346	0.00277	0.00622
29	0.01174	0.01174	0.01644	0.01409	0.01409	0.01644	0.01174	0.01292	0.00822	0.01292	0.00705	0.01174	0.00705	0.00940	0.01762	0.00235	0.80153	0.00470	0.00235	0.00587
30	0.01335	0.01153	0.01214	0.01092	0.01396	0.01335	0.00850	0.02852	0.76817	0.02245	0.02185	0.02003	0.01639	0.00728	0.00546	0.00182	0.00425	0.00607	0.00546	0.00850
31	0.10697	0.00926	0.01200	0.00930	0.01337	0.00831	0.00768	0.02512	0.01474	0.70550	0.01980	0.01731	0.01254	0.00648	0.00519	0.00166	0.00453	0.00515	0.00631	0.00880
32	0.02005	0.02558	0.01521	0.01383	0.01659	0.78980	0.01037	0.02143	0.01521	0.01314	0.00830	0.00968	0.00691	0.00553	0.00484	0.00138	0.00968	0.00346	0.00277	0.00622
33	0.01077	0.02777	0.78354	0.01530	0.02323	0.01247	0.01983	0.01700	0.01133	0.01700	0.00963	0.01133	0.00680	0.00510	0.00510	0.00170	0.00793	0.00397	0.00227	0.00793
34	0.02041	0.01504	0.01611	0.01235	0.01665	0.01665	0.01020	0.75997	0.02524	0.03383	0.01289	0.01289	0.00913	0.00644	0.00537	0.00161	0.00591	0.00483	0.00537	0.00913
35	0.01014	0.18653	0.33736	0.01060	0.01564	0.01152	0.01193	0.01365	0.01142	0.01525	0.02219	0.06336	0.21409	0.00783	0.00512	0.00159	0.00563	0.00626	0.00319	0.04670
36	0.00932	0.00466	0.00699	0.00699	0.00699	0.00466	0.00466	0.00699	0.00699	0.00932	0.00932	0.01632	0.00932	0.01865	0.02098	0.84382	0.00466	0.00466	0.00233	0.00233
37	0.00657	0.00500	0.00606	0.00674	0.00763	0.00448	0.00469	0.00779	0.01136	0.01467	0.10545	0.49067	0.27904	0.01523	0.00664	0.00202	0.00293	0.01347	0.00507	0.00448
38	0.00836	0.00712	0.01107	0.33929	0.05688	0.00793	0.00965	0.01052	0.01063	0.01392	0.02112	0.41220	0.04763	0.01134	0.00614	0.00198	0.00495	0.01024	0.00379	0.00523
