[name]
unknown

[dist]
# distance from previous block
# <min> <max>
0	377

[block]
# block no. 0 follows, 47 sequences, length 7
# corresponding to MSA columns:
# 377-383
name=unknown_A
#
# <colnr> <probs for GDERKNQSTAVLIFYWHMCP>
#	G	D	E	R	K	N	Q	S	T	A	V	L	I	F	Y	W	H	M	C	P
0	0.01342	0.00978	0.01158	0.01064	0.01315	0.01047	0.00906	0.34394	0.01749	0.02318	0.02093	0.03838	0.02067	0.01080	0.00632	0.00203	0.00521	0.42140	0.00498	0.00658
1	0.48041	0.00796	0.00661	0.00616	0.00873	0.00847	0.00490	0.01186	0.01019	0.01927	0.02729	0.02681	0.34778	0.00851	0.00451	0.00168	0.00342	0.00642	0.00393	0.00509
2	0.01578	0.00728	0.00909	0.00751	0.01054	0.00622	0.00603	0.01749	0.01357	0.44716	0.03473	0.03199	0.35183	0.00942	0.00564	0.00168	0.00364	0.00777	0.00574	0.00690
3	0.01170	0.01550	0.35282	0.01071	0.01531	0.00859	0.01173	0.01566	0.01312	0.16167	0.29992	0.02267	0.02366	0.00735	0.00545	0.00164	0.00513	0.00619	0.00431	0.00687
4	0.00831	0.00661	0.00814	0.00745	0.00966	0.00542	0.00542	0.00983	0.01034	0.01491	0.02014	0.45998	0.02267	0.01083	0.00542	0.00152	0.00339	0.00964	0.00406	0.37625
5	0.48384	0.36688	0.01630	0.00776	0.01152	0.01561	0.00708	0.01543	0.00962	0.01847	0.00725	0.00841	0.00610	0.00467	0.00328	0.00139	0.00471	0.00280	0.00278	0.00610
6	0.01216	0.01354	0.00989	0.00983	0.01130	0.35306	0.00710	0.01336	0.01241	0.01347	0.05802	0.38332	0.05992	0.01106	0.00574	0.00173	0.00578	0.00931	0.00393	0.00507

[dist]
# distance from previous block
# <min> <max>
1	19

[block]
# block no. 1 follows, 47 sequences, length 22
# corresponding to MSA columns:
# 403-424
name=unknown_B
#
# <colnr> <probs for GDERKNQSTAVLIFYWHMCP>
#	G	D	E	R	K	N	Q	S	T	A	V	L	I	F	Y	W	H	M	C	P
0	0.01464	0.01752	0.06763	0.01854	0.02320	0.21053	0.46817	0.08289	0.01390	0.01708	0.01001	0.01257	0.00761	0.00483	0.00563	0.00163	0.00861	0.00519	0.00285	0.00697
1	0.00806	0.00470	0.00543	0.00603	0.00679	0.00455	0.00422	0.00975	0.01046	0.01642	0.02271	0.40745	0.02366	0.01107	0.00511	0.00165	0.00272	0.00972	0.43495	0.00455
2	0.02336	0.00886	0.01209	0.00927	0.01329	0.00765	0.00765	0.02538	0.01491	0.78810	0.02055	0.01773	0.01289	0.00645	0.00524	0.00161	0.00443	0.00524	0.00645	0.00886
3	0.00839	0.00498	0.00592	0.00654	0.00746	0.00488	0.00495	0.01033	0.01083	0.01673	0.02276	0.27795	0.02326	0.01093	0.00528	0.00173	0.00308	0.15360	0.41577	0.00465
4	0.00971	0.00485	0.00485	0.00485	0.00607	0.00485	0.00364	0.01213	0.01092	0.01942	0.01699	0.01942	0.01335	0.00607	0.00364	0.00121	0.00243	0.00485	0.84589	0.00485
5	0.00954	0.00487	0.00492	0.00492	0.00604	0.00487	0.00360	0.01178	0.01066	0.01870	0.01694	0.02054	0.01378	0.06849	0.00540	0.00151	0.00263	0.00506	0.78102	0.00472
6	0.21877	0.01091	0.01077	0.00968	0.01269	0.01264	0.00761	0.02465	0.58753	0.02217	0.01778	0.01674	0.01339	0.00652	0.00479	0.00173	0.00410	0.00514	0.00479	0.00761
7	0.72874	0.01075	0.00885	0.00762	0.01098	0.01235	0.00628	0.12802	0.01120	0.02478	0.00804	0.00907	0.00612	0.00505	0.00352	0.00160	0.00428	0.00310	0.00352	0.00612
8	0.01375	0.01101	0.01180	0.01050	0.01352	0.01255	0.00820	0.02750	0.71657	0.08077	0.02115	0.01930	0.01567	0.00702	0.00529	0.00175	0.00415	0.00584	0.00539	0.00829
9	0.02336	0.00886	0.01209	0.00927	0.01329	0.00765	0.00765	0.02538	0.01491	0.78810	0.02055	0.01773	0.01289	0.00645	0.00524	0.00161	0.00443	0.00524	0.00645	0.00886
10	0.01874	0.00750	0.00964	0.00777	0.01085	0.00671	0.00629	0.02089	0.01356	0.52776	0.01934	0.01830	0.01305	0.00632	0.00470	0.00148	0.00375	0.00511	0.29075	0.00750
11	0.01980	0.01459	0.01563	0.01198	0.01615	0.01615	0.00990	0.76713	0.02448	0.03282	0.01250	0.01250	0.00886	0.00625	0.00521	0.00156	0.00573	0.00469	0.00521	0.00886
12	0.00798	0.00521	0.00671	0.00750	0.00842	0.00509	0.00588	0.00992	0.01131	0.01618	0.08348	0.28578	0.02893	0.01274	0.00610	0.00197	0.00350	0.28506	0.20361	0.00464
13	0.00934	0.00490	0.00519	0.00537	0.00650	0.00488	0.00405	0.01163	0.01091	0.01865	0.01867	0.08885	0.01622	0.00748	0.00413	0.00137	0.00263	0.05464	0.71980	0.00480
14	0.00971	0.00485	0.00485	0.00485	0.00607	0.00485	0.00364	0.01213	0.01092	0.01942	0.01699	0.01942	0.01335	0.00607	0.00364	0.00121	0.00243	0.00485	0.84589	0.00485
15	0.01924	0.01424	0.01597	0.01229	0.01641	0.03426	0.05001	0.61899	0.06472	0.08050	0.01330	0.01324	0.00941	0.00619	0.00525	0.00158	0.00581	0.00484	0.00510	0.00866
16	0.01760	0.00740	0.01004	0.00858	0.01135	0.00649	0.00670	0.01924	0.01323	0.52569	0.02331	0.28727	0.02019	0.00979	0.00571	0.00178	0.00395	0.00848	0.00590	0.00729
17	0.00971	0.00485	0.00485	0.00485	0.00607	0.00485	0.00364	0.01213	0.01092	0.01942	0.01699	0.01942	0.01335	0.00607	0.00364	0.00121	0.00243	0.00485	0.84589	0.00485
18	0.01080	0.00926	0.01080	0.00771	0.01234	0.00694	0.00617	0.01311	0.01080	0.01697	0.00926	0.01080	0.00771	0.00386	0.00386	0.00077	0.00386	0.00309	0.00309	0.84882
19	0.01857	0.01447	0.01491	0.01180	0.01569	0.05247	0.00961	0.60093	0.15690	0.02992	0.01383	0.01358	0.01000	0.00635	0.00520	0.00159	0.00562	0.00484	0.00511	0.00861
20	0.01312	0.00815	0.00850	0.00727	0.00948	0.00868	0.00576	0.26784	0.01551	0.02396	0.01547	0.01707	0.01183	0.00613	0.00417	0.00133	0.00355	0.00480	0.56117	0.00621
21	0.01060	0.00934	0.01368	0.06176	0.30454	0.00977	0.01046	0.01570	0.18483	0.01690	0.03908	0.24428	0.01906	0.00897	0.00570	0.00179	0.00472	0.02807	0.00397	0.00678

[dist]
# distance from previous block
# <min> <max>
0	2

[block]
# block no. 2 follows, 47 sequences, length 45
# corresponding to MSA columns:
# 427-471
name=unknown_C
#
# <colnr> <probs for GDERKNQSTAVLIFYWHMCP>
#	G	D	E	R	K	N	Q	S	T	A	V	L	I	F	Y	W	H	M	C	P
0	0.01945	0.02482	0.01476	0.01342	0.01610	0.79608	0.01006	0.02079	0.01476	0.01275	0.00805	0.00939	0.00671	0.00537	0.00470	0.00134	0.00939	0.00335	0.00268	0.00604
1	0.02045	0.01355	0.01498	0.01149	0.01563	0.01460	0.00949	0.63225	0.02274	0.17017	0.01397	0.01345	0.00959	0.00629	0.00521	0.00157	0.00549	0.00479	0.00543	0.00886
2	0.01496	0.01174	0.01263	0.01068	0.01390	0.01319	0.00849	0.26548	0.45004	0.04438	0.08152	0.01876	0.01630	0.00708	0.00534	0.00169	0.00451	0.00578	0.00533	0.00818
3	0.02084	0.01292	0.01459	0.01119	0.01532	0.01367	0.00924	0.55060	0.02169	0.25330	0.01485	0.01403	0.01003	0.00631	0.00522	0.00158	0.00535	0.00485	0.00557	0.00886
4	0.01823	0.01263	0.01388	0.01113	0.01489	0.01383	0.00903	0.42116	0.25622	0.14771	0.01646	0.01547	0.01168	0.00653	0.00524	0.00163	0.00503	0.00515	0.00543	0.00867
5	0.00983	0.00926	0.01562	0.80447	0.03587	0.01157	0.01446	0.01331	0.01041	0.01331	0.00926	0.01388	0.00694	0.00521	0.00521	0.00174	0.00694	0.00463	0.00231	0.00579
6	0.00728	0.00508	0.00561	0.00564	0.00597	0.00491	0.00334	0.00755	0.00842	0.01091	0.02343	0.05483	0.16078	0.64975	0.02228	0.00437	0.00456	0.00837	0.00351	0.00341
7	0.00839	0.00599	0.00839	0.00959	0.01079	0.00599	0.00839	0.01079	0.01199	0.01558	0.02757	0.05874	0.02997	0.01439	0.00719	0.00240	0.00480	0.74945	0.00480	0.00480
8	0.00744	0.00558	0.00837	0.00837	0.00930	0.00651	0.00651	0.00930	0.00837	0.01209	0.01395	0.02046	0.01302	0.03906	0.79635	0.00837	0.01395	0.00558	0.00279	0.00465
9	0.02336	0.00886	0.01209	0.00927	0.01329	0.00765	0.00765	0.02538	0.01491	0.78810	0.02055	0.01773	0.01289	0.00645	0.00524	0.00161	0.00443	0.00524	0.00645	0.00886
10	0.00707	0.00493	0.00604	0.00657	0.00690	0.00475	0.00426	0.00776	0.00933	0.01240	0.06138	0.34090	0.06089	0.37843	0.01563	0.00342	0.00401	0.05740	0.00412	0.00382
11	0.00779	0.00573	0.00761	0.00859	0.00980	0.00554	0.00725	0.00986	0.01178	0.01509	0.03226	0.12784	0.16721	0.01435	0.00695	0.00225	0.00424	0.54638	0.00481	0.00467
12	0.00634	0.00453	0.00604	0.00725	0.00755	0.00423	0.00483	0.00725	0.00997	0.01329	0.02870	0.81358	0.03444	0.01632	0.00665	0.00211	0.00302	0.01480	0.00483	0.00423
13	0.00662	0.00475	0.00629	0.00706	0.00761	0.00442	0.00486	0.00795	0.01126	0.01535	0.23258	0.60385	0.03842	0.01478	0.00651	0.00199	0.00287	0.01335	0.00508	0.00442
14	0.00705	0.00501	0.00645	0.00665	0.00737	0.00470	0.00461	0.00860	0.01200	0.01662	0.40627	0.30107	0.03942	0.13889	0.00950	0.00233	0.00305	0.01096	0.00502	0.00441
15	0.80142	0.00999	0.00793	0.00700	0.01027	0.01143	0.00577	0.01594	0.00924	0.07157	0.00809	0.00904	0.00610	0.00494	0.00335	0.00161	0.00405	0.00297	0.00343	0.00584
16	0.01812	0.01003	0.01193	0.00994	0.01342	0.01032	0.00795	0.02653	0.39799	0.40192	0.02087	0.01858	0.01441	0.00676	0.00527	0.00169	0.00428	0.00556	0.00587	0.00855
17	0.00818	0.00558	0.00655	0.00620	0.00790	0.00487	0.00469	0.00996	0.01309	0.08748	0.31243	0.08085	0.40945	0.01180	0.00609	0.00172	0.00276	0.01008	0.00531	0.00498
18	0.00746	0.00553	0.00707	0.00756	0.00848	0.00541	0.00550	0.01026	0.08181	0.01665	0.26190	0.42937	0.03689	0.01352	0.00642	0.00196	0.00311	0.08109	0.00515	0.00486
19	0.79549	0.01039	0.00821	0.00721	0.01050	0.01199	0.00594	0.06785	0.00995	0.02403	0.00762	0.00874	0.00586	0.00493	0.00336	0.00161	0.00415	0.00295	0.00336	0.00586
20	0.02336	0.00886	0.01209	0.00927	0.01329	0.00765	0.00765	0.02538	0.01491	0.78810	0.02055	0.01773	0.01289	0.00645	0.00524	0.00161	0.00443	0.00524	0.00645	0.00886
21	0.00622	0.00524	0.00539	0.00543	0.00709	0.00441	0.00404	0.00757	0.01190	0.01433	0.08375	0.08739	0.71301	0.01323	0.00618	0.00177	0.00265	0.01111	0.00488	0.00441
22	0.01594	0.00744	0.01025	0.00943	0.01205	0.00683	0.00802	0.01814	0.01346	0.40489	0.02403	0.03807	0.02136	0.01038	0.00621	0.00200	0.00461	0.37441	0.00563	0.00684
23	0.00634	0.00453	0.00604	0.00725	0.00755	0.00423	0.00483	0.00725	0.00997	0.01329	0.02870	0.81358	0.03444	0.01632	0.00665	0.00211	0.00302	0.01480	0.00483	0.00423
24	0.02031	0.01294	0.01451	0.01121	0.01528	0.01381	0.00923	0.53678	0.06462	0.22405	0.01504	0.01422	0.01028	0.00635	0.00522	0.00159	0.00531	0.00490	0.00553	0.00882
25	0.01138	0.15953	0.01385	0.00794	0.01253	0.00947	0.00668	0.01357	0.01076	0.01610	0.00888	0.01035	0.00752	0.00397	0.00376	0.00083	0.00417	0.00303	0.00293	0.69274
26	0.85377	0.01007	0.00765	0.00685	0.01007	0.01168	0.00564	0.01531	0.00886	0.02336	0.00725	0.00846	0.00564	0.00483	0.00322	0.00161	0.00403	0.00282	0.00322	0.00564
27	0.00634	0.00453	0.00604	0.00725	0.00755	0.00423	0.00483	0.00725	0.00997	0.01329	0.02870	0.81358	0.03444	0.01632	0.00665	0.00211	0.00302	0.01480	0.00483	0.00423
28	0.01229	0.01405	0.03073	0.02195	0.02722	0.01317	0.76558	0.01668	0.01229	0.01668	0.01054	0.01405	0.00790	0.00439	0.00615	0.00176	0.00878	0.00615	0.00263	0.00702
29	0.06986	0.63240	0.11197	0.00969	0.01434	0.06150	0.00993	0.01596	0.01074	0.01350	0.00752	0.00872	0.00660	0.00459	0.00359	0.00122	0.00592	0.00294	0.00232	0.00669
30	0.01079	0.00838	0.00933	0.00870	0.01056	0.00920	0.00642	0.01899	0.41497	0.04251	0.11384	0.11056	0.02229	0.15926	0.00983	0.02162	0.00399	0.00755	0.00487	0.00634
31	0.00634	0.00453	0.00604	0.00725	0.00755	0.00423	0.00483	0.00725	0.00997	0.01329	0.02870	0.81358	0.03444	0.01632	0.00665	0.00211	0.00302	0.01480	0.00483	0.00423
32	0.01233	0.01234	0.02248	0.12441	0.49760	0.01256	0.18571	0.01571	0.01166	0.01635	0.00981	0.01323	0.00797	0.00479	0.00574	0.00164	0.03055	0.00498	0.00255	0.00759
33	0.01289	0.01237	0.02114	0.03196	0.78450	0.01237	0.01598	0.01598	0.01186	0.01701	0.00980	0.01289	0.00825	0.00464	0.00516	0.00155	0.00619	0.00464	0.00258	0.00825
34	0.00710	0.00510	0.00678	0.00718	0.00805	0.00478	0.00529	0.00895	0.01258	0.01733	0.40212	0.34010	0.04120	0.01328	0.00646	0.00191	0.00295	0.09894	0.00528	0.00464
35	0.01080	0.00926	0.01080	0.00771	0.01234	0.00694	0.00617	0.01311	0.01080	0.01697	0.00926	0.01080	0.00771	0.00386	0.00386	0.00077	0.00386	0.00309	0.00309	0.84882
36	0.00757	0.00505	0.00568	0.00568	0.00568	0.00505	0.00316	0.00757	0.00757	0.01010	0.01641	0.03408	0.01893	0.81698	0.02651	0.00505	0.00505	0.00757	0.00316	0.00316
37	0.00971	0.00485	0.00485	0.00485	0.00607	0.00485	0.00364	0.01213	0.01092	0.01942	0.01699	0.01942	0.01335	0.00607	0.00364	0.00121	0.00243	0.00485	0.84589	0.00485
38	0.01366	0.00701	0.00858	0.00732	0.00998	0.00618	0.00579	0.01601	0.04758	0.33164	0.13731	0.03399	0.33401	0.00981	0.00574	0.00168	0.00341	0.00820	0.00564	0.00646
39	0.01945	0.02482	0.01476	0.01342	0.01610	0.79608	0.01006	0.02079	0.01476	0.01275	0.00805	0.00939	0.00671	0.00537	0.00470	0.00134	0.00939	0.00335	0.00268	0.00604
40	0.01936	0.01437	0.01539	0.01189	0.01599	0.01595	0.00979	0.72052	0.07180	0.03212	0.01305	0.01294	0.00930	0.00630	0.00522	0.00158	0.00563	0.00476	0.00522	0.00882
41	0.01318	0.01130	0.01190	0.01064	0.01363	0.01306	0.00830	0.05215	0.75025	0.02215	0.02091	0.01920	0.01566	0.00704	0.00530	0.00176	0.00417	0.00585	0.00530	0.00826
42	0.01980	0.01459	0.01563	0.01198	0.01615	0.01615	0.00990	0.76713	0.02448	0.03282	0.01250	0.01250	0.00886	0.00625	0.00521	0.00156	0.00573	0.00469	0.00521	0.00886
43	0.01555	0.01180	0.01270	0.01062	0.01397	0.01311	0.00848	0.28932	0.40121	0.07356	0.03527	0.01899	0.05734	0.00716	0.00533	0.00168	0.00460	0.00578	0.00532	0.00821
44	0.01298	0.00816	0.00998	0.00872	0.01116	0.00845	0.00691	0.10189	0.13847	0.18322	0.11485	0.02481	0.11513	0.01636	0.21088	0.00341	0.00653	0.00661	0.00488	0.00662

[dist]
# distance from previous block
# <min> <max>
4	13

[block]
# block no. 3 follows, 47 sequences, length 110
# corresponding to MSA columns:
# 485-594
name=unknown_D
#
# <colnr> <probs for GDERKNQSTAVLIFYWHMCP>
#	G	D	E	R	K	N	Q	S	T	A	V	L	I	F	Y	W	H	M	C	P
0	0.01334	0.01304	0.02172	0.01684	0.03733	0.02941	0.38743	0.05773	0.30639	0.03767	0.01490	0.01601	0.01112	0.00558	0.00570	0.00173	0.00669	0.00586	0.00387	0.00763
1	0.00756	0.00536	0.00635	0.00614	0.00747	0.00480	0.00447	0.00913	0.01250	0.04741	0.34021	0.08406	0.31840	0.09431	0.00854	0.02090	0.00295	0.00984	0.00503	0.00460
2	0.01392	0.82012	0.02729	0.00891	0.01337	0.02061	0.00891	0.01559	0.01058	0.01225	0.00724	0.00835	0.00668	0.00446	0.00334	0.00111	0.00557	0.00278	0.00223	0.00668
3	0.00971	0.00485	0.00485	0.00485	0.00607	0.00485	0.00364	0.01213	0.01092	0.01942	0.01699	0.01942	0.01335	0.00607	0.00364	0.00121	0.00243	0.00485	0.84589	0.00485
4	0.01364	0.08446	0.36065	0.01386	0.01958	0.01405	0.09059	0.21386	0.10142	0.02104	0.01147	0.01244	0.00838	0.00543	0.00505	0.00161	0.00672	0.00445	0.00338	0.00791
5	0.01282	0.01051	0.01148	0.01015	0.01209	0.10054	0.00802	0.18933	0.01314	0.05477	0.01278	0.01701	0.01106	0.05481	0.38815	0.00502	0.07369	0.00510	0.00350	0.00602
6	0.02336	0.00886	0.01209	0.00927	0.01329	0.00765	0.00765	0.02538	0.01491	0.78810	0.02055	0.01773	0.01289	0.00645	0.00524	0.00161	0.00443	0.00524	0.00645	0.00886
7	0.00679	0.00491	0.00641	0.00686	0.00763	0.00454	0.00483	0.00839	0.01213	0.01664	0.35864	0.44381	0.07160	0.01371	0.00641	0.00189	0.00276	0.01229	0.00523	0.00454
8	0.85377	0.01007	0.00765	0.00685	0.01007	0.01168	0.00564	0.01531	0.00886	0.02336	0.00725	0.00846	0.00564	0.00483	0.00322	0.00161	0.00403	0.00282	0.00322	0.00564
9	0.00744	0.00558	0.00837	0.00837	0.00930	0.00651	0.00651	0.00930	0.00837	0.01209	0.01395	0.02046	0.01302	0.03906	0.79635	0.00837	0.01395	0.00558	0.00279	0.00465
10	0.00741	0.00530	0.00727	0.00847	0.00924	0.00515	0.00669	0.00910	0.01102	0.01449	0.02811	0.41950	0.03211	0.01531	0.00693	0.00226	0.00395	0.39834	0.00481	0.00453
11	0.02336	0.00886	0.01209	0.00927	0.01329	0.00765	0.00765	0.02538	0.01491	0.78810	0.02055	0.01773	0.01289	0.00645	0.00524	0.00161	0.00443	0.00524	0.00645	0.00886
12	0.00737	0.00532	0.00696	0.00655	0.00778	0.00491	0.00491	0.00983	0.01474	0.02088	0.78175	0.03890	0.04914	0.01065	0.00614	0.00164	0.00246	0.00942	0.00573	0.00491
13	0.00744	0.00558	0.00837	0.00837	0.00930	0.00651	0.00651	0.00930	0.00837	0.01209	0.01395	0.02046	0.01302	0.03906	0.79635	0.00837	0.01395	0.00558	0.00279	0.00465
14	0.00983	0.00926	0.01562	0.80447	0.03587	0.01157	0.01446	0.01331	0.01041	0.01331	0.00926	0.01388	0.00694	0.00521	0.00521	0.00174	0.00694	0.00463	0.00231	0.00579
15	0.00638	0.00513	0.00570	0.00587	0.00726	0.00444	0.00428	0.00780	0.01194	0.01499	0.16272	0.20178	0.51660	0.01342	0.00625	0.00181	0.00269	0.01151	0.00498	0.00444
16	0.07674	0.00527	0.00508	0.00501	0.00639	0.00540	0.00380	0.01239	0.01076	0.01973	0.01621	0.01855	0.01274	0.00597	0.00361	0.00125	0.00255	0.00469	0.77897	0.00492
17	0.00757	0.00505	0.00568	0.00568	0.00568	0.00505	0.00316	0.00757	0.00757	0.01010	0.01641	0.03408	0.01893	0.81698	0.02651	0.00505	0.00505	0.00757	0.00316	0.00316
18	0.45690	0.00949	0.00977	0.00800	0.01161	0.00976	0.00660	0.02012	0.01175	0.38885	0.01360	0.01289	0.00911	0.00560	0.00419	0.00161	0.00422	0.00398	0.00476	0.00718
19	0.00674	0.00482	0.00650	0.00771	0.00818	0.00457	0.00553	0.00794	0.01036	0.01374	0.02848	0.66635	0.03357	0.01594	0.00675	0.00217	0.00337	0.15810	0.00483	0.00434
20	0.01709	0.00743	0.00998	0.00829	0.01115	0.00658	0.00667	0.01921	0.01432	0.48170	0.22057	0.06207	0.02421	0.00836	0.00556	0.00166	0.00378	0.04173	0.04240	0.00725
21	0.00919	0.00493	0.00506	0.00503	0.00629	0.00482	0.00377	0.01152	0.01131	0.01903	0.08106	0.02382	0.08788	0.00709	0.00407	0.00130	0.00245	0.00579	0.70076	0.00482
22	0.00757	0.00505	0.00568	0.00568	0.00568	0.00505	0.00316	0.00757	0.00757	0.01010	0.01641	0.03408	0.01893	0.81698	0.02651	0.00505	0.00505	0.00757	0.00316	0.00316
23	0.00757	0.00505	0.00568	0.00568	0.00568	0.00505	0.00316	0.00757	0.00757	0.01010	0.01641	0.03408	0.01893	0.81698	0.02651	0.00505	0.00505	0.00757	0.00316	0.00316
24	0.01684	0.00842	0.01064	0.00904	0.01196	0.00814	0.00724	0.02146	0.17459	0.41123	0.09206	0.02569	0.01919	0.07218	0.00723	0.00200	0.00427	0.08463	0.00570	0.00748
25	0.00736	0.00537	0.00683	0.00757	0.00825	0.00525	0.00524	0.04411	0.04641	0.01521	0.08740	0.67770	0.03355	0.01496	0.00648	0.00203	0.00315	0.01349	0.00494	0.00469
26	0.00859	0.00554	0.00790	0.00873	0.00957	0.00554	0.00721	0.00957	0.01040	0.01359	0.02192	0.04564	0.02358	0.01552	0.01121	0.26069	0.00471	0.52203	0.00402	0.00402
27	0.02242	0.01037	0.01302	0.00998	0.01405	0.00990	0.00825	0.22126	0.01744	0.58865	0.01842	0.01635	0.01183	0.00639	0.00523	0.00160	0.00477	0.00509	0.00612	0.00886
28	0.00826	0.00533	0.00683	0.00705	0.00821	0.00483	0.00514	0.00981	0.01207	0.08774	0.22949	0.38138	0.15399	0.01333	0.00633	0.00190	0.00302	0.04515	0.00522	0.00489
29	0.00704	0.00554	0.00651	0.00701	0.00852	0.00502	0.00571	0.00877	0.01188	0.01465	0.04242	0.06775	0.47302	0.01372	0.00657	0.00202	0.00349	0.30099	0.00482	0.00455
30	0.00839	0.00599	0.00839	0.00959	0.01079	0.00599	0.00839	0.01079	0.01199	0.01558	0.02757	0.05874	0.02997	0.01439	0.00719	0.00240	0.00480	0.74945	0.00480	0.00480
31	0.00683	0.00504	0.00610	0.00671	0.00773	0.00460	0.00494	0.00828	0.01128	0.01482	0.09605	0.36242	0.27323	0.01399	0.00634	0.00194	0.00304	0.10615	0.05607	0.00445
32	0.81426	0.01077	0.00799	0.00716	0.01036	0.04883	0.00585	0.01557	0.00914	0.02286	0.00729	0.00850	0.00569	0.00486	0.00329	0.00160	0.00428	0.00285	0.00320	0.00566
33	0.00737	0.00532	0.00696	0.00655	0.00778	0.00491	0.00491	0.00983	0.01474	0.02088	0.78175	0.03890	0.04914	0.01065	0.00614	0.00164	0.00246	0.00942	0.00573	0.00491
34	0.01149	0.01094	0.01860	0.38681	0.44062	0.01200	0.01528	0.01475	0.01119	0.01531	0.00955	0.01335	0.00765	0.00490	0.00518	0.00163	0.00653	0.00463	0.00246	0.00712
35	0.01963	0.01533	0.01548	0.01207	0.01609	0.07809	0.00988	0.69224	0.03950	0.03099	0.01233	0.01240	0.00883	0.00620	0.00517	0.00155	0.00599	0.00461	0.00501	0.00862
36	0.01980	0.01459	0.01563	0.01198	0.01615	0.01615	0.00990	0.76713	0.02448	0.03282	0.01250	0.01250	0.00886	0.00625	0.00521	0.00156	0.00573	0.00469	0.00521	0.00886
37	0.01077	0.01021	0.01730	0.56864	0.26441	0.01182	0.01493	0.01412	0.01085	0.01444	0.00942	0.01358	0.00734	0.00503	0.00519	0.00168	0.00671	0.00463	0.00239	0.00654
38	0.01392	0.82012	0.02729	0.00891	0.01337	0.02061	0.00891	0.01559	0.01058	0.01225	0.00724	0.00835	0.00668	0.00446	0.00334	0.00111	0.00557	0.00278	0.00223	0.00668
39	0.11784	0.01020	0.01100	0.00885	0.04343	0.04425	0.00668	0.01386	0.01078	0.01758	0.00897	0.01052	0.00743	0.00408	0.00387	0.00094	0.00423	0.00313	0.00306	0.66930
40	0.00983	0.00926	0.01562	0.80447	0.03587	0.01157	0.01446	0.01331	0.01041	0.01331	0.00926	0.01388	0.00694	0.00521	0.00521	0.00174	0.00694	0.00463	0.00231	0.00579
41	0.02163	0.01165	0.01381	0.01059	0.01468	0.01179	0.00875	0.38649	0.01957	0.42040	0.01663	0.01518	0.01093	0.00635	0.00522	0.00159	0.00506	0.00497	0.00584	0.00886
42	0.01702	0.01039	0.01402	0.01139	0.01359	0.01196	0.00945	0.06255	0.01207	0.34816	0.01319	0.01416	0.00961	0.00755	0.01066	0.00188	0.37641	0.00479	0.00428	0.04687
43	0.00621	0.00505	0.00551	0.00588	0.00719	0.00435	0.00422	0.00741	0.01129	0.01383	0.04541	0.28319	0.55405	0.01414	0.00631	0.00187	0.00275	0.01215	0.00484	0.00435
44	0.01229	0.01405	0.03073	0.02195	0.02722	0.01317	0.76558	0.01668	0.01229	0.01668	0.01054	0.01405	0.00790	0.00439	0.00615	0.00176	0.00878	0.00615	0.00263	0.00702
45	0.01945	0.02482	0.01476	0.01342	0.01610	0.79608	0.01006	0.02079	0.01476	0.01275	0.00805	0.00939	0.00671	0.00537	0.00470	0.00134	0.00939	0.00335	0.00268	0.00604
46	0.41591	0.01771	0.22128	0.01050	0.01485	0.17757	0.01034	0.01719	0.01093	0.04956	0.00851	0.00971	0.00641	0.00504	0.00408	0.00156	0.00617	0.00331	0.00296	0.00641
47	0.00757	0.00505	0.00568	0.00568	0.00568	0.00505	0.00316	0.00757	0.00757	0.01010	0.01641	0.03408	0.01893	0.81698	0.02651	0.00505	0.00505	0.00757	0.00316	0.00316
48	0.00905	0.00452	0.00678	0.00678	0.00678	0.00452	0.00452	0.00678	0.00678	0.00905	0.00905	0.01583	0.00905	0.01809	0.02035	0.84848	0.00452	0.00452	0.00226	0.00226
49	0.53014	0.00974	0.00892	0.00725	0.01099	0.00989	0.00591	0.01503	0.00980	0.05656	0.00854	0.00968	0.00668	0.00458	0.00353	0.00133	0.00399	0.00302	0.00333	0.29109
50	0.00629	0.00476	0.00581	0.00665	0.00739	0.00428	0.00457	0.00732	0.01055	0.01353	0.03605	0.58051	0.26278	0.01536	0.00650	0.00201	0.00290	0.01364	0.00483	0.00428
51	0.01289	0.01237	0.02114	0.03196	0.78450	0.01237	0.01598	0.01598	0.01186	0.01701	0.00980	0.01289	0.00825	0.00464	0.00516	0.00155	0.00619	0.00464	0.00258	0.00825
52	0.00751	0.00506	0.00566	0.00566	0.00574	0.00502	0.00319	0.00757	0.00778	0.01028	0.01812	0.03483	0.05481	0.77921	0.02555	0.00489	0.00494	0.00773	0.00323	0.00321
53	0.00678	0.00489	0.00652	0.00767	0.00824	0.00462	0.00557	0.00804	0.01050	0.01383	0.02956	0.61325	0.06772	0.01575	0.00674	0.00216	0.00339	0.17557	0.00483	0.00436
54	0.00622	0.00523	0.00540	0.00545	0.00710	0.00441	0.00405	0.00757	0.01189	0.01434	0.08500	0.09605	0.70298	0.01326	0.00618	0.00177	0.00265	0.01115	0.00488	0.00441
55	0.00852	0.00507	0.00589	0.00572	0.00692	0.00487	0.00428	0.01092	0.01273	0.01998	0.38275	0.04639	0.03092	0.00848	0.00490	0.00144	0.00245	0.00726	0.42565	0.00487
56	0.00805	0.00563	0.00630	0.00621	0.00727	0.00531	0.00427	0.00948	0.04315	0.04926	0.04904	0.05653	0.29821	0.36651	0.01511	0.00324	0.00398	0.05397	0.00421	0.00426
57	0.67097	0.00949	0.00805	0.00703	0.01020	0.01058	0.00576	0.01645	0.00987	0.12937	0.00988	0.01062	0.00726	0.00516	0.00354	0.00158	0.00396	0.00332	0.07091	0.00603
58	0.01517	0.00715	0.00887	0.00739	0.01032	0.00611	0.00591	0.01688	0.01352	0.41833	0.05260	0.03295	0.36389	0.00961	0.00568	0.00168	0.00357	0.00795	0.00570	0.00674
59	0.02159	0.00969	0.01235	0.00969	0.01358	0.00914	0.00793	0.09090	0.12227	0.61434	0.01993	0.01750	0.01296	0.00652	0.00524	0.00163	0.00450	0.00528	0.00618	0.00878
60	0.00629	0.00528	0.00544	0.00540	0.00708	0.00446	0.00403	0.00769	0.01206	0.01463	0.12004	0.04877	0.69977	0.02796	0.00653	0.00181	0.00267	0.01078	0.00489	0.00442
61	0.78078	0.00996	0.00804	0.00706	0.01035	0.01133	0.00582	0.01619	0.00939	0.09058	0.00842	0.00927	0.00628	0.00498	0.00340	0.00161	0.00406	0.00303	0.00351	0.00592
62	0.02336	0.00886	0.01209	0.00927	0.01329	0.00765	0.00765	0.02538	0.01491	0.78810	0.02055	0.01773	0.01289	0.00645	0.00524	0.00161	0.00443	0.00524	0.00645	0.00886
63	0.00683	0.00517	0.00547	0.00547	0.00639	0.00471	0.00357	0.00752	0.00982	0.01217	0.03538	0.04245	0.41751	0.39734	0.01588	0.00333	0.00379	0.00936	0.00403	0.00380
64	0.00757	0.00505	0.00568	0.00568	0.00568	0.00505	0.00316	0.00757	0.00757	0.01010	0.01641	0.03408	0.01893	0.81698	0.02651	0.00505	0.00505	0.00757	0.00316	0.00316
65	0.00615	0.00528	0.00528	0.00528	0.00703	0.00440	0.00396	0.00747	0.01187	0.01407	0.05276	0.05012	0.78238	0.01319	0.00615	0.00176	0.00264	0.01099	0.00484	0.00440
66	0.01104	0.00988	0.01311	0.01026	0.04987	0.00811	0.06718	0.01350	0.01084	0.01674	0.00927	0.01118	0.00771	0.00418	0.00471	0.00096	0.04151	0.00347	0.00299	0.70349
67	0.01286	0.57797	0.26013	0.01072	0.01617	0.01801	0.01206	0.01587	0.01071	0.01355	0.00788	0.00916	0.00666	0.00461	0.00383	0.00128	0.00622	0.00311	0.00222	0.00699
68	0.55847	0.01122	0.04588	0.00835	0.01183	0.01190	0.00712	0.05473	0.15680	0.07329	0.01114	0.01148	0.00828	0.00544	0.00393	0.00164	0.00433	0.00370	0.00388	0.00660
69	0.27416	0.01213	0.01237	0.00990	0.01359	0.01332	0.00812	0.42250	0.01801	0.11047	0.01252	0.04887	0.00949	0.00630	0.00467	0.00161	0.00495	0.00464	0.00472	0.00766
70	0.00757	0.00505	0.00568	0.00568	0.00568	0.00505	0.00316	0.00757	0.00757	0.01010	0.01641	0.03408	0.01893	0.81698	0.02651	0.00505	0.00505	0.00757	0.00316	0.00316
71	0.82021	0.01002	0.00783	0.00695	0.01020	0.01152	0.00572	0.01572	0.00911	0.05427	0.00779	0.00883	0.00593	0.00490	0.00330	0.00161	0.00404	0.00292	0.00335	0.00577
72	0.01196	0.00999	0.01135	0.00852	0.01280	0.00867	0.00681	0.09534	0.11289	0.01938	0.02940	0.01278	0.00989	0.00469	0.00424	0.00101	0.00406	0.00377	0.00367	0.62879
73	0.02015	0.00848	0.01130	0.00902	0.01230	0.00776	0.00724	0.05214	0.05732	0.57944	0.01827	0.01729	0.01224	0.00848	0.00785	0.14782	0.00448	0.00513	0.00561	0.00769
74	0.00859	0.00554	0.00790	0.00873	0.00957	0.00554	0.00721	0.00957	0.01040	0.01359	0.02192	0.04564	0.02358	0.01552	0.01121	0.26069	0.00471	0.52203	0.00402	0.00402
75	0.00839	0.00599	0.00839	0.00959	0.01079	0.00599	0.00839	0.01079	0.01199	0.01558	0.02757	0.05874	0.02997	0.01439	0.00719	0.00240	0.00480	0.74945	0.00480	0.00480
76	0.00905	0.00452	0.00678	0.00678	0.00678	0.00452	0.00452	0.00678	0.00678	0.00905	0.00905	0.01583	0.00905	0.01809	0.02035	0.84848	0.00452	0.00452	0.00226	0.00226
77	0.00711	0.00531	0.00660	0.00628	0.00762	0.00480	0.00471	0.00933	0.01413	0.01943	0.62644	0.04129	0.20535	0.01119	0.00614	0.00166	0.00250	0.00975	0.00554	0.00480
78	0.85377	0.01007	0.00765	0.00685	0.01007	0.01168	0.00564	0.01531	0.00886	0.02336	0.00725	0.00846	0.00564	0.00483	0.00322	0.00161	0.00403	0.00282	0.00322	0.00564
79	0.00676	0.00483	0.00652	0.00773	0.00821	0.00459	0.00556	0.00797	0.01038	0.01376	0.02847	0.65958	0.03353	0.01592	0.00676	0.00217	0.00338	0.16469	0.00483	0.00435
80	0.00624	0.00527	0.00533	0.00532	0.00699	0.00443	0.00394	0.00752	0.01175	0.01404	0.06557	0.04924	0.73661	0.04617	0.00699	0.00189	0.00273	0.01082	0.00478	0.00436
81	0.85377	0.01007	0.00765	0.00685	0.01007	0.01168	0.00564	0.01531	0.00886	0.02336	0.00725	0.00846	0.00564	0.00483	0.00322	0.00161	0.00403	0.00282	0.00322	0.00564
82	0.85377	0.01007	0.00765	0.00685	0.01007	0.01168	0.00564	0.01531	0.00886	0.02336	0.00725	0.00846	0.00564	0.00483	0.00322	0.00161	0.00403	0.00282	0.00322	0.00564
83	0.00693	0.00478	0.00587	0.00650	0.00666	0.00462	0.00403	0.00741	0.00882	0.01177	0.02283	0.44104	0.02703	0.39897	0.01614	0.00352	0.00399	0.01135	0.00403	0.00372
84	0.06033	0.00876	0.01143	0.00897	0.01263	0.00790	0.00734	0.05734	0.01496	0.62749	0.09556	0.03280	0.01635	0.00695	0.00526	0.00162	0.00425	0.00568	0.00614	0.00824
85	0.00757	0.00505	0.00568	0.00568	0.00568	0.00505	0.00316	0.00757	0.00757	0.01010	0.01641	0.03408	0.01893	0.81698	0.02651	0.00505	0.00505	0.00757	0.00316	0.00316
86	0.00615	0.00528	0.00528	0.00528	0.00703	0.00440	0.00396	0.00747	0.01187	0.01407	0.05276	0.05012	0.78238	0.01319	0.00615	0.00176	0.00264	0.01099	0.00484	0.00440
87	0.00639	0.00460	0.00607	0.00723	0.00761	0.00428	0.00489	0.00735	0.01009	0.01338	0.02960	0.76538	0.06299	0.01615	0.00664	0.00211	0.00305	0.03310	0.00483	0.00425
88	0.00712	0.00531	0.00662	0.00629	0.00763	0.00481	0.00472	0.00935	0.01416	0.01950	0.63395	0.04117	0.19779	0.01116	0.00614	0.00166	0.00249	0.00974	0.00555	0.00481
89	0.01229	0.01405	0.03073	0.02195	0.02722	0.01317	0.76558	0.01668	0.01229	0.01668	0.01054	0.01405	0.00790	0.00439	0.00615	0.00176	0.00878	0.00615	0.00263	0.00702
90	0.00634	0.00453	0.00604	0.00725	0.00755	0.00423	0.00483	0.00725	0.00997	0.01329	0.02870	0.81358	0.03444	0.01632	0.00665	0.00211	0.00302	0.01480	0.00483	0.00423
91	0.00705	0.00531	0.00652	0.00622	0.00759	0.00478	0.00466	0.00921	0.01399	0.01911	0.59184	0.04182	0.24016	0.01131	0.00615	0.00167	0.00250	0.00983	0.00550	0.00478
92	0.00658	0.00524	0.00635	0.00656	0.00782	0.00501	0.00489	0.00799	0.01047	0.01333	0.03676	0.17287	0.41839	0.02163	0.24747	0.00384	0.00616	0.01000	0.00421	0.00444
93	0.00617	0.00522	0.00534	0.00543	0.00708	0.00438	0.00403	0.00746	0.01172	0.01401	0.05085	0.11075	0.72299	0.01344	0.00619	0.00179	0.00267	0.01129	0.00484	0.00438
94	0.00690	0.00530	0.00631	0.00606	0.00749	0.00471	0.00454	0.00891	0.01363	0.01824	0.49912	0.04325	0.33342	0.01163	0.00615	0.00168	0.00253	0.01003	0.00538	0.00471
95	0.01392	0.82012	0.02729	0.00891	0.01337	0.02061	0.00891	0.01559	0.01058	0.01225	0.00724	0.00835	0.00668	0.00446	0.00334	0.00111	0.00557	0.00278	0.00223	0.00668
96	0.00757	0.00505	0.00568	0.00568	0.00568	0.00505	0.00316	0.00757	0.00757	0.01010	0.01641	0.03408	0.01893	0.81698	0.02651	0.00505	0.00505	0.00757	0.00316	0.00316
97	0.02308	0.00932	0.01237	0.00948	0.01352	0.00833	0.00783	0.08429	0.01567	0.72812	0.01991	0.01731	0.01257	0.00643	0.00523	0.00161	0.00453	0.00519	0.00635	0.00886
98	0.01139	0.01139	0.01595	0.01367	0.01367	0.01595	0.01139	0.01253	0.00798	0.01253	0.00684	0.01139	0.00684	0.00911	0.01709	0.00228	0.80745	0.00456	0.00228	0.00570
99	0.01914	0.01878	0.01496	0.01250	0.01593	0.35494	0.00985	0.38773	0.07606	0.02327	0.01121	0.01167	0.00845	0.00593	0.00499	0.00148	0.00720	0.00420	0.00412	0.00759
100	0.00783	0.00472	0.00654	0.00679	0.00721	0.00452	0.00466	0.00756	0.00950	0.01283	0.17193	0.23912	0.06190	0.01587	0.01307	0.40650	0.00361	0.00862	0.00379	0.00343
101	0.02336	0.00886	0.01209	0.00927	0.01329	0.00765	0.00765	0.02538	0.01491	0.78810	0.02055	0.01773	0.01289	0.00645	0.00524	0.00161	0.00443	0.00524	0.00645	0.00886
102	0.03174	0.18064	0.59008	0.01315	0.01984	0.01346	0.01631	0.01602	0.01101	0.01601	0.04009	0.01154	0.00831	0.00508	0.00464	0.00154	0.00698	0.00384	0.00237	0.00734
103	0.01800	0.01558	0.01247	0.01078	0.01368	0.34572	0.00834	0.08984	0.03269	0.22221	0.09354	0.04953	0.05064	0.00712	0.00520	0.00152	0.00633	0.00548	0.00448	0.00684
104	0.00905	0.00452	0.00678	0.00678	0.00678	0.00452	0.00452	0.00678	0.00678	0.00905	0.00905	0.01583	0.00905	0.01809	0.02035	0.84848	0.00452	0.00452	0.00226	0.00226
105	0.00703	0.00559	0.00676	0.00699	0.03882	0.00498	0.00492	0.00899	0.01330	0.01758	0.41432	0.04302	0.38568	0.01158	0.00611	0.00169	0.00269	0.00995	0.00519	0.00481
106	0.12453	0.08693	0.38669	0.01242	0.01818	0.01399	0.01373	0.24594	0.01481	0.02204	0.00986	0.01090	0.00717	0.00529	0.00467	0.00157	0.00644	0.00388	0.00326	0.00770
107	0.06552	0.02196	0.01454	0.01277	0.01578	0.59708	0.00979	0.16954	0.01638	0.01734	0.00889	0.00996	0.00708	0.00551	0.00472	0.00140	0.00836	0.00359	0.00322	0.00658
108	0.01575	0.00729	0.01031	0.00884	0.01138	0.00711	0.00711	0.01769	0.01178	0.41723	0.01739	0.01903	0.01295	0.02203	0.38333	0.00484	0.00898	0.00540	0.00470	0.00685
109	0.01081	0.02685	0.75868	0.01479	0.02228	0.04377	0.01887	0.01667	0.01115	0.01634	0.00929	0.01093	0.00660	0.00496	0.00494	0.00164	0.00776	0.00383	0.00222	0.00763

[dist]
# distance from previous block
# <min> <max>
0	2

[block]
# block no. 4 follows, 47 sequences, length 108
# corresponding to MSA columns:
# 597-704
name=unknown_E
#
# <colnr> <probs for GDERKNQSTAVLIFYWHMCP>
#	G	D	E	R	K	N	Q	S	T	A	V	L	I	F	Y	W	H	M	C	P
0	0.01553	0.02426	0.28998	0.01479	0.01954	0.42380	0.09278	0.03157	0.01334	0.01482	0.00884	0.01050	0.00683	0.00513	0.00495	0.00150	0.00867	0.00384	0.00255	0.00677
1	0.01968	0.01808	0.01533	0.01247	0.01613	0.28264	0.00995	0.51212	0.02116	0.02596	0.01098	0.01144	0.00812	0.00595	0.00503	0.00149	0.00698	0.00423	0.00435	0.00789
2	0.01007	0.00950	0.01605	0.74422	0.09425	0.01163	0.01458	0.01351	0.01053	0.01359	0.00930	0.01381	0.00704	0.00516	0.00520	0.00172	0.00688	0.00463	0.00233	0.00598
3	0.85377	0.01007	0.00765	0.00685	0.01007	0.01168	0.00564	0.01531	0.00886	0.02336	0.00725	0.00846	0.00564	0.00483	0.00322	0.00161	0.00403	0.00282	0.00322	0.00564
4	0.00818	0.00510	0.00764	0.00764	0.00815	0.00560	0.00560	0.00815	0.00764	0.01070	0.01170	0.01834	0.01120	0.02945	0.44092	0.39317	0.00963	0.00510	0.00255	0.00356
5	0.00748	0.00527	0.00688	0.00691	0.00733	0.00567	0.00468	0.00832	0.00800	0.01107	0.01571	0.05240	0.01681	0.44955	0.36478	0.00642	0.00890	0.00692	0.00305	0.00385
6	0.01285	0.00666	0.00935	0.00835	0.01038	0.00666	0.00660	0.01473	0.01120	0.27896	0.07345	0.02245	0.04857	0.04328	0.41572	0.00520	0.00916	0.00602	0.00435	0.00607
7	0.02269	0.00869	0.01185	0.00919	0.01307	0.00752	0.00754	0.02466	0.01471	0.75747	0.02087	0.04919	0.01374	0.00684	0.00529	0.00163	0.00438	0.00562	0.00638	0.00868
8	0.00634	0.00453	0.00604	0.00725	0.00755	0.00423	0.00483	0.00725	0.00997	0.01329	0.02870	0.81358	0.03444	0.01632	0.00665	0.00211	0.00302	0.01480	0.00483	0.00423
9	0.01288	0.00631	0.00806	0.00734	0.00936	0.00585	0.00587	0.01515	0.01317	0.24601	0.20858	0.04946	0.02503	0.00880	0.00533	0.00163	0.00339	0.11646	0.24528	0.00603
10	0.33319	0.00793	0.00738	0.00664	0.00891	0.00860	0.00515	0.05385	0.04337	0.07273	0.01434	0.01731	0.03135	0.10186	0.00652	0.00190	0.00374	0.00462	0.26502	0.00557
11	0.01424	0.00684	0.00916	0.00772	0.01015	0.00609	0.00609	0.01651	0.01481	0.35057	0.45465	0.02980	0.03356	0.00884	0.00575	0.00163	0.00331	0.00762	0.00604	0.00661
12	0.01295	0.01119	0.01178	0.01060	0.01354	0.01295	0.00824	0.02767	0.77509	0.02178	0.02120	0.01943	0.01590	0.00707	0.00530	0.00177	0.00412	0.00589	0.00530	0.00824
13	0.30659	0.00696	0.00711	0.00720	0.00880	0.00736	0.00528	0.02998	0.01027	0.04644	0.05929	0.40583	0.02294	0.04553	0.00617	0.00200	0.00355	0.00937	0.00431	0.00501
14	0.00679	0.00524	0.00622	0.00656	0.00768	0.00481	0.00469	0.00876	0.04384	0.01561	0.20422	0.34564	0.29379	0.01359	0.00631	0.00187	0.00281	0.01192	0.00505	0.00461
15	0.19330	0.01377	0.02037	0.01529	0.01954	0.07486	0.35489	0.16774	0.01421	0.03344	0.01041	0.01242	0.00778	0.00502	0.00512	0.00163	0.00692	0.00487	0.03143	0.00698
16	0.00744	0.00558	0.00837	0.00837	0.00930	0.00651	0.00651	0.00930	0.00837	0.01209	0.01395	0.02046	0.01302	0.03906	0.79635	0.00837	0.01395	0.00558	0.00279	0.00465
17	0.09745	0.00693	0.00757	0.00680	0.00916	0.00652	0.00531	0.01363	0.07275	0.16513	0.13850	0.03566	0.39454	0.01021	0.00561	0.00170	0.00322	0.00843	0.00514	0.00576
18	0.00952	0.00536	0.00719	0.00759	0.00862	0.00489	0.00536	0.01069	0.01108	0.15609	0.05935	0.63417	0.03111	0.01426	0.00637	0.00200	0.00326	0.01282	0.00517	0.00511
19	0.02022	0.01391	0.01521	0.01166	0.01581	0.01514	0.00963	0.67889	0.02335	0.12268	0.01346	0.01312	0.00934	0.00627	0.00521	0.00157	0.00558	0.00475	0.00536	0.00886
20	0.00636	0.00464	0.00599	0.00701	0.00751	0.00428	0.00474	0.00738	0.01037	0.01368	0.06098	0.69943	0.11698	0.01575	0.00657	0.00206	0.00296	0.01417	0.00487	0.00428
21	0.01240	0.00918	0.01025	0.00915	0.01175	0.00993	0.00712	0.02195	0.46270	0.10904	0.18847	0.02588	0.08323	0.00825	0.00554	0.00172	0.00368	0.00698	0.00549	0.00729
22	0.85377	0.01007	0.00765	0.00685	0.01007	0.01168	0.00564	0.01531	0.00886	0.02336	0.00725	0.00846	0.00564	0.00483	0.00322	0.00161	0.00403	0.00282	0.00322	0.00564
23	0.00646	0.00527	0.00557	0.00551	0.00704	0.00453	0.00404	0.00785	0.01198	0.01482	0.16386	0.04710	0.60752	0.07621	0.00776	0.00200	0.00280	0.01048	0.00484	0.00438
24	0.01285	0.00939	0.01049	0.00907	0.01175	0.00999	0.00713	0.14473	0.30054	0.09163	0.21561	0.02657	0.11100	0.00848	0.00559	0.00168	0.00383	0.00711	0.00544	0.00712
25	0.00641	0.00461	0.00608	0.00720	0.00760	0.00429	0.00486	0.00740	0.01023	0.01361	0.05429	0.74887	0.06109	0.01599	0.00662	0.00209	0.00302	0.02662	0.00486	0.00427
26	0.00642	0.00459	0.00613	0.00734	0.00767	0.00429	0.00497	0.00738	0.01004	0.01338	0.02866	0.78572	0.03428	0.01624	0.00667	0.00213	0.00309	0.04193	0.00483	0.00425
27	0.00748	0.00541	0.00750	0.00750	0.00813	0.00604	0.00543	0.00874	0.00811	0.01145	0.01474	0.02486	0.01493	0.29030	0.54771	0.00730	0.01107	0.00622	0.00291	0.00417
28	0.00840	0.00653	0.00737	0.00676	0.00859	0.00622	0.00518	0.08927	0.04702	0.01931	0.36155	0.04001	0.35208	0.01110	0.00601	0.00169	0.00295	0.00943	0.00528	0.00525
29	0.00744	0.00558	0.00837	0.00837	0.00930	0.00651	0.00651	0.00930	0.00837	0.01209	0.01395	0.02046	0.01302	0.03906	0.79635	0.00837	0.01395	0.00558	0.00279	0.00465
30	0.00754	0.00519	0.00638	0.00638	0.00662	0.00543	0.00403	0.00802	0.00778	0.01062	0.01577	0.03052	0.01739	0.61394	0.22744	0.00592	0.00737	0.00705	0.00306	0.00355
31	0.01295	0.01119	0.01178	0.01060	0.01354	0.01295	0.00824	0.02767	0.77509	0.02178	0.02120	0.01943	0.01590	0.00707	0.00530	0.00177	0.00412	0.00589	0.00530	0.00824
32	0.01232	0.01358	0.05951	0.01755	0.02178	0.01330	0.44143	0.01956	0.23707	0.01782	0.01331	0.01526	0.01011	0.00562	0.00679	0.00180	0.07672	0.00582	0.00337	0.00730
33	0.02011	0.01374	0.01506	0.01159	0.01571	0.01494	0.00956	0.65031	0.04112	0.13354	0.01379	0.01337	0.00956	0.00630	0.00522	0.00157	0.00552	0.00479	0.00538	0.00884
34	0.05111	0.35681	0.01891	0.01013	0.01353	0.04527	0.00884	0.08447	0.23731	0.01739	0.01199	0.01260	0.00973	0.00674	0.02636	0.00167	0.07242	0.00411	0.00347	0.00713
35	0.35276	0.32343	0.03303	0.00879	0.01258	0.09299	0.00789	0.03672	0.03118	0.04834	0.00841	0.00933	0.00681	0.00490	0.00364	0.00140	0.00529	0.00311	0.00300	0.00641
36	0.00971	0.00485	0.00485	0.00485	0.00607	0.00485	0.00364	0.01213	0.01092	0.01942	0.01699	0.01942	0.01335	0.00607	0.00364	0.00121	0.00243	0.00485	0.84589	0.00485
37	0.45974	0.01093	0.01064	0.00867	0.01231	0.01189	0.00715	0.20502	0.01411	0.19710	0.01154	0.01154	0.00807	0.00555	0.00417	0.00160	0.00454	0.00383	0.00444	0.00716
38	0.00645	0.00500	0.00647	0.00706	0.00792	0.00452	0.02482	0.00757	0.01059	0.01361	0.03532	0.56690	0.25456	0.01507	0.00649	0.00200	0.00306	0.01345	0.00478	0.00435
39	0.01945	0.02482	0.01476	0.01342	0.01610	0.79608	0.01006	0.02079	0.01476	0.01275	0.00805	0.00939	0.00671	0.00537	0.00470	0.00134	0.00939	0.00335	0.00268	0.00604
40	0.01287	0.01240	0.02124	0.03103	0.73603	0.01242	0.04345	0.01632	0.03218	0.01713	0.01013	0.01311	0.00844	0.00470	0.00520	0.00156	0.00623	0.00473	0.00265	0.00820
41	0.00757	0.00505	0.00568	0.00568	0.00568	0.00505	0.00316	0.00757	0.00757	0.01010	0.01641	0.03408	0.01893	0.81698	0.02651	0.00505	0.00505	0.00757	0.00316	0.00316
42	0.00757	0.00505	0.00568	0.00568	0.00568	0.00505	0.00316	0.00757	0.00757	0.01010	0.01641	0.03408	0.01893	0.81698	0.02651	0.00505	0.00505	0.00757	0.00316	0.00316
43	0.00625	0.00528	0.00541	0.00538	0.00709	0.00444	0.00403	0.00766	0.01210	0.01461	0.11027	0.04923	0.72453	0.01299	0.00615	0.00175	0.00262	0.01087	0.00491	0.00444
44	0.01733	0.01315	0.01402	0.01116	0.01489	0.01456	0.00909	0.55921	0.17134	0.02911	0.01751	0.01695	0.07361	0.00698	0.00530	0.00162	0.00516	0.00544	0.00520	0.00837
45	0.00694	0.00516	0.00557	0.00555	0.00638	0.00476	0.00360	0.00765	0.00983	0.01240	0.07235	0.04135	0.35468	0.42298	0.01653	0.00343	0.00386	0.00917	0.00403	0.00379
46	0.01945	0.02482	0.01476	0.01342	0.01610	0.79608	0.01006	0.02079	0.01476	0.01275	0.00805	0.00939	0.00671	0.00537	0.00470	0.00134	0.00939	0.00335	0.00268	0.00604
47	0.00700	0.00500	0.00679	0.00800	0.00858	0.00479	0.00597	0.00838	0.01061	0.01402	0.02834	0.57357	0.03302	0.01570	0.00682	0.00220	0.00359	0.24840	0.00482	0.00441
48	0.00616	0.00524	0.00531	0.00536	0.00706	0.00439	0.00399	0.00746	0.01179	0.01403	0.05171	0.08334	0.74983	0.01332	0.00618	0.00177	0.00265	0.01116	0.00484	0.00439
49	0.00665	0.00468	0.00606	0.00705	0.00733	0.00445	0.00466	0.00744	0.00960	0.01279	0.02640	0.64221	0.03142	0.16364	0.01032	0.00267	0.00346	0.04059	0.00452	0.00405
50	0.01050	0.00562	0.00570	0.00542	0.00686	0.00574	0.00413	0.07170	0.01199	0.02047	0.01663	0.01887	0.01299	0.00608	0.00376	0.00124	0.00269	0.00484	0.77957	0.00517
51	0.00656	0.00491	0.00609	0.00661	0.00749	0.00444	0.00465	0.00795	0.01161	0.01537	0.22260	0.43925	0.21516	0.01416	0.00640	0.00191	0.00279	0.01256	0.00506	0.00444
52	0.12044	0.00724	0.00870	0.00760	0.01010	0.00677	0.00601	0.01584	0.01286	0.30770	0.16547	0.06678	0.13610	0.05139	0.00659	0.00189	0.00373	0.05319	0.00531	0.00628
