[name]
unknown

[dist]
# distance from previous block
# <min> <max>
0	68

[block]
# block no. 0 follows, 49 sequences, length 66
# corresponding to MSA columns:
# 68-133
name=unknown_A
#
# <colnr> <probs for GDERKNQSTAVLIFYWHMCP>
#	G	D	E	R	K	N	Q	S	T	A	V	L	I	F	Y	W	H	M	C	P
0	0.85801	0.00978	0.00743	0.00665	0.00978	0.01134	0.00548	0.01486	0.00861	0.02269	0.00704	0.00821	0.00548	0.00469	0.00313	0.00156	0.00391	0.00274	0.00313	0.00548
1	0.01252	0.01201	0.02053	0.03104	0.79074	0.01201	0.01552	0.01552	0.01151	0.01652	0.00951	0.01252	0.00801	0.00451	0.00501	0.00150	0.00601	0.00451	0.00250	0.00801
2	0.01258	0.01086	0.01143	0.01029	0.01315	0.01258	0.00800	0.02687	0.78161	0.02115	0.02058	0.01887	0.01544	0.00686	0.00515	0.00172	0.00400	0.00572	0.00515	0.00800
3	0.01258	0.01086	0.01143	0.01029	0.01315	0.01258	0.00800	0.02687	0.78161	0.02115	0.02058	0.01887	0.01544	0.00686	0.00515	0.00172	0.00400	0.00572	0.00515	0.00800
4	0.00632	0.00514	0.00560	0.00548	0.00704	0.00441	0.00411	0.00792	0.01234	0.01558	0.26528	0.04550	0.57344	0.01209	0.00597	0.00167	0.00251	0.01023	0.00495	0.00441
5	0.00603	0.00512	0.00520	0.00518	0.00686	0.00429	0.00389	0.00736	0.01166	0.01397	0.08601	0.04815	0.75371	0.01269	0.00598	0.00170	0.00255	0.01060	0.00474	0.00429
6	0.01014	0.02616	0.79609	0.01441	0.02189	0.01174	0.01868	0.01601	0.01068	0.01601	0.00907	0.01068	0.00641	0.00480	0.00480	0.00160	0.00747	0.00374	0.00214	0.00747
7	0.00943	0.00471	0.00471	0.00471	0.00589	0.00471	0.00353	0.01178	0.01060	0.01885	0.01650	0.01885	0.01296	0.00589	0.00353	0.00118	0.00236	0.00471	0.85036	0.00471
8	0.00616	0.00449	0.00581	0.00683	0.00729	0.00414	0.00461	0.00712	0.00997	0.01315	0.04711	0.72443	0.10944	0.01542	0.00640	0.00201	0.00288	0.01389	0.00471	0.00414
9	0.01252	0.01201	0.02053	0.03104	0.79074	0.01201	0.01552	0.01552	0.01151	0.01652	0.00951	0.01252	0.00801	0.00451	0.00501	0.00150	0.00601	0.00451	0.00250	0.00801
10	0.00732	0.00553	0.00817	0.00812	0.00895	0.00647	0.00627	0.00902	0.00808	0.01165	0.01350	0.02032	0.01279	0.07723	0.74342	0.00782	0.03266	0.00549	0.00271	0.00447
11	0.29942	0.00899	0.01031	0.00822	0.01187	0.00873	0.00678	0.02140	0.01253	0.53864	0.01567	0.01423	0.01018	0.00574	0.00444	0.00156	0.00417	0.00431	0.00522	0.00757
12	0.00616	0.00440	0.00587	0.00704	0.00733	0.00411	0.00469	0.00704	0.00968	0.01291	0.02787	0.81899	0.03344	0.01584	0.00645	0.00205	0.00293	0.01438	0.00469	0.00411
13	0.01258	0.01086	0.01143	0.01029	0.01315	0.01258	0.00800	0.02687	0.78161	0.02115	0.02058	0.01887	0.01544	0.00686	0.00515	0.00172	0.00400	0.00572	0.00515	0.00800
14	0.81968	0.00998	0.00779	0.00688	0.01005	0.01154	0.00567	0.04954	0.00930	0.02311	0.00727	0.00839	0.00562	0.00476	0.00322	0.00156	0.00399	0.00282	0.00322	0.00562
15	0.01041	0.06869	0.71957	0.01442	0.02161	0.01224	0.05258	0.01598	0.01071	0.01580	0.00902	0.01067	0.00647	0.00475	0.00477	0.00158	0.00741	0.00378	0.00216	0.00739
16	0.00890	0.00595	0.00705	0.00670	0.00798	0.00612	0.00508	0.05289	0.05394	0.01891	0.30095	0.09335	0.02756	0.03009	0.04238	0.00191	0.02697	0.02016	0.27808	0.00505
17	0.01049	0.00899	0.01049	0.00749	0.01198	0.00674	0.00599	0.01273	0.01049	0.01648	0.00899	0.01049	0.00749	0.00374	0.00374	0.00075	0.00374	0.00300	0.00300	0.85320
18	0.01049	0.00899	0.01049	0.00749	0.01198	0.00674	0.00599	0.01273	0.01049	0.01648	0.00899	0.01049	0.00749	0.00374	0.00374	0.00075	0.00374	0.00300	0.00300	0.85320
19	0.85801	0.00978	0.00743	0.00665	0.00978	0.01134	0.00548	0.01486	0.00861	0.02269	0.00704	0.00821	0.00548	0.00469	0.00313	0.00156	0.00391	0.00274	0.00313	0.00548
20	0.06434	0.01324	0.01398	0.01108	0.01483	0.01480	0.00905	0.57825	0.17873	0.02916	0.01359	0.01331	0.00983	0.00616	0.00497	0.00156	0.00515	0.00469	0.00497	0.00830
21	0.01462	0.58390	0.05207	0.00985	0.01390	0.16681	0.00925	0.05926	0.01179	0.01328	0.00766	0.00883	0.00672	0.00519	0.01734	0.00129	0.00633	0.00300	0.00242	0.00649
22	0.01143	0.01037	0.01623	0.50182	0.17748	0.01225	0.01356	0.10756	0.01190	0.01591	0.00931	0.01295	0.00721	0.00535	0.00589	0.00167	0.06552	0.00450	0.00264	0.00644
23	0.85801	0.00978	0.00743	0.00665	0.00978	0.01134	0.00548	0.01486	0.00861	0.02269	0.00704	0.00821	0.00548	0.00469	0.00313	0.00156	0.00391	0.00274	0.00313	0.00548
24	0.01178	0.01021	0.01673	0.10696	0.51697	0.01026	0.01279	0.01455	0.01184	0.06663	0.09243	0.01846	0.07647	0.00595	0.00519	0.00155	0.00532	0.00552	0.00321	0.00716
25	0.22653	0.01520	0.01270	0.04716	0.01478	0.23663	0.00871	0.24950	0.05680	0.04761	0.01006	0.01087	0.00759	0.00557	0.00478	0.00151	0.02967	0.00381	0.00372	0.00679
26	0.00735	0.00490	0.00552	0.00552	0.00552	0.00490	0.00306	0.00735	0.00735	0.00980	0.01593	0.03309	0.01838	0.82229	0.02574	0.00490	0.00490	0.00735	0.00306	0.00306
27	0.00692	0.00516	0.00643	0.00611	0.00741	0.00467	0.00459	0.00909	0.01376	0.01896	0.64137	0.03994	0.19524	0.01083	0.00597	0.00161	0.00242	0.00945	0.00539	0.00467
28	0.01106	0.01106	0.01549	0.01328	0.01328	0.01549	0.01106	0.01217	0.00774	0.01217	0.00664	0.01106	0.00664	0.00885	0.01659	0.00221	0.81303	0.00443	0.00221	0.00553
29	0.01326	0.76293	0.08659	0.00910	0.01367	0.01936	0.00944	0.01521	0.01031	0.01222	0.00719	0.00831	0.00648	0.00436	0.00337	0.00112	0.00557	0.00278	0.00216	0.00657
30	0.01117	0.00939	0.01085	0.00781	0.01227	0.00744	0.00627	0.07216	0.01152	0.01768	0.00923	0.01061	0.00758	0.00393	0.00385	0.00081	0.00389	0.00312	0.00316	0.78726
31	0.01288	0.01270	0.02017	0.03001	0.74658	0.05703	0.01519	0.01579	0.01167	0.01628	0.00942	0.01232	0.00792	0.00455	0.00498	0.00149	0.00618	0.00443	0.00251	0.00789
32	0.00651	0.00579	0.00714	0.00645	0.00840	0.00496	0.06390	0.00808	0.01171	0.01422	0.08777	0.04534	0.68775	0.01201	0.00598	0.00170	0.00302	0.01022	0.00458	0.00450
33	0.00867	0.00607	0.00688	0.00644	0.00684	0.00640	0.00404	0.08240	0.00897	0.01206	0.01517	0.03011	0.01693	0.70802	0.02333	0.00446	0.03932	0.00696	0.00322	0.00371
34	0.26302	0.07556	0.01407	0.09044	0.01606	0.29232	0.04128	0.10676	0.01283	0.01789	0.00824	0.00980	0.00653	0.00511	0.00444	0.00146	0.02161	0.00348	0.00297	0.00613
35	0.01083	0.01014	0.01322	0.08989	0.11102	0.08165	0.08863	0.04009	0.15517	0.01585	0.01747	0.24302	0.01726	0.04326	0.00640	0.00187	0.00522	0.02264	0.02034	0.00603
36	0.01527	0.01404	0.01317	0.01330	0.12321	0.24991	0.00911	0.15008	0.05253	0.09030	0.16770	0.03589	0.01731	0.00685	0.00515	0.00150	0.00580	0.01798	0.00415	0.00673
37	0.08827	0.11436	0.53077	0.01224	0.01814	0.01211	0.01464	0.01569	0.05194	0.01619	0.01074	0.07371	0.00893	0.00571	0.00462	0.00158	0.00637	0.00446	0.00259	0.00694
38	0.01577	0.01095	0.01198	0.00965	0.01270	0.01185	0.00773	0.44471	0.08927	0.07788	0.08831	0.01786	0.01443	0.07027	0.00661	0.00178	0.00466	0.00537	0.09088	0.00735
39	0.00635	0.00451	0.00599	0.00710	0.00743	0.00425	0.00482	0.00727	0.00968	0.01288	0.02716	0.73013	0.03237	0.05922	0.00753	0.00222	0.00314	0.05927	0.00460	0.00408
40	0.58530	0.00940	0.00884	0.00742	0.01080	0.01007	0.00611	0.01806	0.01052	0.27458	0.01126	0.01115	0.00778	0.00520	0.00377	0.00156	0.00404	0.00350	0.00415	0.00650
41	0.01198	0.01351	0.02911	0.02207	0.08610	0.01273	0.71328	0.01614	0.01190	0.01622	0.01017	0.01355	0.00770	0.00428	0.00589	0.00169	0.00833	0.00585	0.00255	0.00691
42	0.00668	0.00515	0.00610	0.00586	0.00726	0.00457	0.00440	0.00863	0.01319	0.01762	0.49233	0.04214	0.34512	0.01133	0.00597	0.00164	0.00246	0.00976	0.00522	0.00457
43	0.01247	0.01214	0.02125	0.03028	0.73107	0.01208	0.07461	0.01557	0.01155	0.01650	0.00957	0.01260	0.00798	0.00449	0.00508	0.00152	0.00620	0.00462	0.00251	0.00792
44	0.00672	0.00486	0.00647	0.00756	0.00820	0.00461	0.00563	0.00804	0.01037	0.01360	0.02919	0.54587	0.08518	0.01509	0.00657	0.00211	0.00340	0.22755	0.00468	0.00428
45	0.00993	0.01271	0.17808	0.01440	0.04645	0.00959	0.22510	0.01435	0.07144	0.01591	0.01744	0.10881	0.01696	0.00862	0.00597	0.00190	0.00615	0.22651	0.00350	0.00618
46	0.00712	0.00520	0.00670	0.00641	0.00763	0.00478	0.00486	0.00942	0.01399	0.01955	0.69890	0.03946	0.10156	0.01069	0.00601	0.00163	0.00250	0.04341	0.00546	0.00473
47	0.01154	0.01011	0.01505	0.38766	0.19476	0.01156	0.01231	0.08544	0.12782	0.01711	0.01167	0.01433	0.00894	0.00536	0.00495	0.00160	0.00575	0.00470	0.06261	0.00672
48	0.01488	0.62262	0.02342	0.00976	0.01365	0.21785	0.00894	0.01642	0.01130	0.01202	0.00723	0.00837	0.00650	0.00455	0.00358	0.00114	0.00635	0.00284	0.00228	0.00633
49	0.01009	0.00773	0.01130	0.14924	0.17531	0.00799	0.00868	0.01269	0.05229	0.07524	0.08197	0.08405	0.08336	0.17517	0.00964	0.00235	0.00479	0.03881	0.00370	0.00562
50	0.01087	0.01021	0.01678	0.25081	0.11540	0.01104	0.16888	0.02973	0.16924	0.01635	0.01477	0.05509	0.02588	0.00649	0.00544	0.00172	0.00596	0.05864	0.02018	0.00652
51	0.75378	0.06507	0.00910	0.00715	0.01033	0.05698	0.00593	0.01519	0.00904	0.02138	0.00708	0.00826	0.00560	0.00470	0.00322	0.00152	0.00431	0.00277	0.00303	0.00557
52	0.06245	0.01290	0.01220	0.01195	0.09752	0.23181	0.00841	0.01913	0.03891	0.28719	0.06159	0.01898	0.08589	0.00672	0.00500	0.00152	0.00555	0.02102	0.00439	0.00687
53	0.01205	0.07523	0.04796	0.28697	0.05694	0.01278	0.17859	0.10795	0.10596	0.01729	0.01139	0.01430	0.00876	0.00530	0.00511	0.00162	0.00642	0.01769	0.02095	0.00674
54	0.00776	0.00617	0.00869	0.01014	0.11125	0.00605	0.00656	0.00972	0.01219	0.01687	0.36992	0.22028	0.09536	0.01121	0.00646	0.00177	0.03759	0.05229	0.00469	0.00503
55	0.01648	0.01267	0.01356	0.01096	0.01449	0.01418	0.00887	0.49080	0.27759	0.02778	0.04795	0.01549	0.01256	0.00652	0.00513	0.00159	0.00491	0.00514	0.00511	0.00824
56	0.01046	0.00595	0.00710	0.00634	0.00842	0.00518	0.00492	0.01224	0.01289	0.20249	0.22920	0.03676	0.37266	0.01024	0.00563	0.00162	0.00292	0.00862	0.05090	0.00546
57	0.00906	0.00577	0.00591	0.00572	0.00728	0.00583	0.00434	0.01301	0.12976	0.01810	0.05264	0.02621	0.18824	0.00775	0.00442	0.00139	0.00266	0.00636	0.50043	0.00512
58	0.00955	0.00899	0.01517	0.81013	0.03483	0.01123	0.01404	0.01292	0.01011	0.01292	0.00899	0.01348	0.00674	0.00506	0.00506	0.00169	0.00674	0.00449	0.00225	0.00562
59	0.01792	0.01295	0.01402	0.01111	0.01486	0.01430	0.00906	0.53833	0.20267	0.08885	0.01475	0.01413	0.01053	0.00627	0.00508	0.00157	0.00510	0.00487	0.00517	0.00846
60	0.00815	0.00582	0.00815	0.00931	0.01048	0.00582	0.00815	0.01048	0.01164	0.01513	0.02677	0.05704	0.02910	0.01397	0.00698	0.00233	0.00466	0.75671	0.00466	0.00466
61	0.01252	0.01201	0.02053	0.03104	0.79074	0.01201	0.01552	0.01552	0.01151	0.01652	0.00951	0.01252	0.00801	0.00451	0.00501	0.00150	0.00601	0.00451	0.00250	0.00801
62	0.00767	0.00591	0.00694	0.00672	0.00816	0.00568	0.00500	0.04253	0.08089	0.01784	0.36242	0.17233	0.23596	0.01145	0.00594	0.00171	0.00280	0.00995	0.00513	0.00497
63	0.09837	0.01379	0.11590	0.01082	0.01477	0.01314	0.00966	0.29943	0.27907	0.05651	0.01452	0.01419	0.01058	0.00604	0.00484	0.00160	0.00501	0.00469	0.01921	0.00787
64	0.01154	0.01182	0.01463	0.05578	0.09594	0.15449	0.10943	0.04168	0.01165	0.01468	0.05041	0.06355	0.07003	0.01096	0.08873	0.00239	0.11649	0.06685	0.00319	0.00576
65	0.01160	0.01110	0.01900	0.10159	0.52596	0.01103	0.08297	0.01465	0.01156	0.01643	0.07028	0.01453	0.01092	0.00493	0.00508	0.00149	0.00585	0.00488	0.00276	0.07341

[dist]
# distance from previous block
# <min> <max>
1	5

[block]
# block no. 1 follows, 49 sequences, length 17
# corresponding to MSA columns:
# 140-156
name=unknown_B
#
# <colnr> <probs for GDERKNQSTAVLIFYWHMCP>
#	G	D	E	R	K	N	Q	S	T	A	V	L	I	F	Y	W	H	M	C	P
0	0.26822	0.05213	0.01457	0.07574	0.17165	0.18245	0.04213	0.03571	0.05705	0.04267	0.00933	0.01092	0.00734	0.00497	0.00432	0.00150	0.00600	0.00377	0.00302	0.00651
1	0.03979	0.01244	0.01790	0.02397	0.51169	0.09511	0.05596	0.03384	0.02455	0.01642	0.02679	0.08366	0.02377	0.00589	0.00512	0.00155	0.00597	0.00547	0.00293	0.00718
2	0.01056	0.00846	0.00992	0.00832	0.01133	0.00796	0.00659	0.06714	0.15214	0.02973	0.07816	0.06426	0.03677	0.00983	0.07797	0.00195	0.00471	0.06001	0.00402	0.35017
3	0.01489	0.01275	0.01603	0.01861	0.30845	0.05040	0.01135	0.22265	0.23066	0.04165	0.01350	0.01415	0.01029	0.00566	0.00504	0.00156	0.00543	0.00481	0.00403	0.00808
4	0.00735	0.00490	0.00552	0.00552	0.00552	0.00490	0.00306	0.00735	0.00735	0.00980	0.01593	0.03309	0.01838	0.82229	0.02574	0.00490	0.00490	0.00735	0.00306	0.00306
5	0.04295	0.02323	0.59145	0.01554	0.09980	0.07167	0.01670	0.01673	0.04623	0.01628	0.00947	0.01103	0.00696	0.00489	0.00476	0.00157	0.00715	0.00383	0.00238	0.00736
6	0.01257	0.01099	0.01246	0.01264	0.10122	0.01251	0.00886	0.02558	0.69438	0.02063	0.01933	0.01815	0.01459	0.00659	0.00513	0.00169	0.00423	0.00558	0.00485	0.00800
7	0.00681	0.00496	0.00654	0.00747	0.00824	0.00469	0.00564	0.00828	0.01081	0.01421	0.08754	0.45325	0.11058	0.01455	0.00653	0.00207	0.00337	0.23539	0.00475	0.00434
8	0.01393	0.76384	0.02556	0.00899	0.01318	0.08002	0.00874	0.01553	0.01059	0.01193	0.00709	0.00819	0.00649	0.00439	0.00335	0.00110	0.00569	0.00275	0.00220	0.00644
9	0.01898	0.01199	0.01340	0.01043	0.01417	0.01278	0.00857	0.50582	0.05645	0.20843	0.01469	0.01415	0.01017	0.00614	0.00495	0.00151	0.00495	0.00474	0.06939	0.00828
10	0.01376	0.01117	0.01144	0.01015	0.01303	0.05841	0.00791	0.02551	0.62452	0.10032	0.05237	0.01892	0.01598	0.00685	0.00514	0.00167	0.00427	0.00565	0.00513	0.00780
11	0.00657	0.00509	0.00602	0.00617	0.00746	0.00454	0.00465	0.00823	0.01213	0.01573	0.27345	0.15934	0.37878	0.01260	0.00614	0.00178	0.00275	0.07917	0.00496	0.00444
12	0.01568	0.01753	0.01245	0.01122	0.01374	0.45521	0.00855	0.07726	0.15339	0.01603	0.04865	0.01516	0.04650	0.00811	0.05199	0.00183	0.00737	0.00458	0.02852	0.00622
13	0.00775	0.00541	0.00668	0.00690	0.00753	0.00560	0.00491	0.00936	0.04410	0.01242	0.01926	0.06997	0.04065	0.39283	0.15405	0.00441	0.00602	0.14452	0.05362	0.00401
14	0.00816	0.01132	0.21066	0.01002	0.01302	0.00729	0.06735	0.01131	0.04564	0.01461	0.02239	0.39498	0.09145	0.01072	0.00573	0.00179	0.00459	0.00960	0.00379	0.05559
15	0.13753	0.27009	0.03412	0.01033	0.01358	0.21015	0.00885	0.06554	0.11355	0.01618	0.00935	0.01033	0.00767	0.00540	0.00498	0.00142	0.06796	0.00351	0.00299	0.00647
16	0.23982	0.13139	0.01291	0.00845	0.01210	0.01155	0.00715	0.15047	0.01352	0.22669	0.04494	0.01298	0.01019	0.00549	0.00418	0.00141	0.00441	0.00402	0.02630	0.07202

[dist]
# distance from previous block
# <min> <max>
3	10

[block]
# block no. 2 follows, 49 sequences, length 80
# corresponding to MSA columns:
# 167-246
name=unknown_C
#
# <colnr> <probs for GDERKNQSTAVLIFYWHMCP>
#	G	D	E	R	K	N	Q	S	T	A	V	L	I	F	Y	W	H	M	C	P
0	0.05082	0.27559	0.20511	0.03576	0.01622	0.06939	0.03067	0.01853	0.20384	0.01587	0.01111	0.01186	0.00871	0.00526	0.00456	0.00146	0.02136	0.00392	0.00299	0.00698
1	0.01517	0.08788	0.01395	0.01047	0.01362	0.01296	0.00884	0.46786	0.01875	0.02486	0.03273	0.06012	0.01530	0.00834	0.00543	0.00170	0.00514	0.18502	0.00468	0.00717
2	0.00879	0.00713	0.00798	0.00789	0.00959	0.00743	0.00595	0.03509	0.26848	0.01684	0.06504	0.25735	0.21251	0.01146	0.00587	0.00184	0.00335	0.05688	0.00489	0.00564
3	0.06165	0.01234	0.01475	0.25656	0.02124	0.01408	0.01075	0.49913	0.01876	0.02555	0.01090	0.01234	0.00786	0.00568	0.00495	0.00157	0.00584	0.00444	0.00409	0.00751
4	0.24877	0.01141	0.01313	0.05695	0.17790	0.02830	0.00930	0.23958	0.02853	0.02215	0.01048	0.03045	0.00862	0.04837	0.00556	0.00169	0.00513	0.00433	0.00357	0.04578
5	0.00955	0.00899	0.01517	0.81013	0.03483	0.01123	0.01404	0.01292	0.01011	0.01292	0.00899	0.01348	0.00674	0.00506	0.00506	0.00169	0.00674	0.00449	0.00225	0.00562
6	0.05159	0.00758	0.00851	0.02975	0.01025	0.02373	0.00601	0.04640	0.14847	0.12124	0.24012	0.06029	0.05382	0.00802	0.00505	0.00155	0.00341	0.00675	0.16144	0.00602
7	0.01371	0.04192	0.07432	0.00843	0.01136	0.04111	0.00732	0.01651	0.04083	0.28882	0.30726	0.02629	0.07178	0.00809	0.00538	0.00157	0.00399	0.01958	0.00518	0.00653
8	0.01403	0.67849	0.06658	0.00953	0.01380	0.12066	0.00934	0.01584	0.01082	0.01218	0.00724	0.00838	0.00649	0.00447	0.00350	0.00114	0.00600	0.00283	0.00222	0.00646
9	0.00727	0.00568	0.00632	0.00611	0.00775	0.00520	0.00459	0.00999	0.07997	0.03367	0.25015	0.08554	0.45609	0.01162	0.00591	0.00169	0.00270	0.00990	0.00501	0.00482
10	0.01615	0.43315	0.02054	0.01079	0.01428	0.40277	0.00920	0.01761	0.01226	0.01213	0.00741	0.00860	0.00650	0.00476	0.00389	0.00119	0.00722	0.00297	0.00238	0.00618
11	0.01285	0.01354	0.01266	0.01109	0.01336	0.28351	0.08906	0.07695	0.04872	0.01676	0.19109	0.14431	0.02161	0.00839	0.00548	0.00160	0.00588	0.03344	0.00399	0.00572
12	0.01654	0.08231	0.26589	0.01062	0.01549	0.00985	0.01105	0.02000	0.02857	0.40519	0.03999	0.01515	0.01125	0.00704	0.03677	0.00180	0.00572	0.00461	0.00440	0.00776
13	0.00748	0.00557	0.00722	0.00791	0.00921	0.00530	0.00667	0.00955	0.01191	0.01534	0.11874	0.05273	0.22572	0.01326	0.00661	0.00209	0.00386	0.48151	0.00477	0.00457
14	0.04918	0.00971	0.01042	0.00852	0.01139	0.01039	0.00688	0.33828	0.06074	0.10944	0.01488	0.01539	0.01090	0.00602	0.00443	0.00141	0.00409	0.00466	0.31625	0.00701
15	0.01300	0.58212	0.02554	0.01124	0.01552	0.04896	0.16534	0.01513	0.01085	0.01290	0.01011	0.01148	0.04907	0.00481	0.00400	0.00125	0.00604	0.00383	0.00240	0.00641
16	0.01263	0.00656	0.00798	0.00693	0.00848	0.00623	0.00486	0.05423	0.01090	0.25247	0.04945	0.02797	0.05205	0.45845	0.01659	0.00342	0.00455	0.00673	0.00433	0.00519
17	0.00815	0.00582	0.00815	0.00931	0.01048	0.00582	0.00815	0.01048	0.01164	0.01513	0.02677	0.05704	0.02910	0.01397	0.00698	0.00233	0.00466	0.75671	0.00466	0.00466
18	0.85801	0.00978	0.00743	0.00665	0.00978	0.01134	0.00548	0.01486	0.00861	0.02269	0.00704	0.00821	0.00548	0.00469	0.00313	0.00156	0.00391	0.00274	0.00313	0.00548
19	0.00716	0.00517	0.00676	0.00636	0.00755	0.00477	0.00477	0.00954	0.01431	0.02028	0.78808	0.03777	0.04771	0.01034	0.00596	0.00159	0.00239	0.00914	0.00557	0.00477
20	0.01888	0.01391	0.01493	0.01151	0.01546	0.01538	0.00948	0.75381	0.02341	0.03137	0.01255	0.03327	0.00925	0.00633	0.00510	0.00153	0.00550	0.00481	0.00505	0.00848
21	0.01220	0.01210	0.03643	0.09682	0.68915	0.01196	0.03646	0.01533	0.01139	0.01619	0.00948	0.01259	0.00786	0.00455	0.00503	0.00153	0.00617	0.00453	0.00248	0.00776
22	0.02248	0.02681	0.01206	0.00899	0.01291	0.00771	0.00746	0.02443	0.01438	0.77680	0.01966	0.01701	0.01238	0.00622	0.00504	0.00155	0.00433	0.00503	0.00617	0.00856
23	0.00598	0.00512	0.00512	0.00512	0.00683	0.00427	0.00384	0.00726	0.01153	0.01366	0.05123	0.04866	0.78869	0.01281	0.00598	0.00171	0.00256	0.01067	0.00470	0.00427
24	0.00603	0.00490	0.00536	0.00573	0.00699	0.00422	0.00411	0.00719	0.01094	0.01342	0.04386	0.29152	0.55059	0.01376	0.00613	0.00182	0.00268	0.01184	0.00470	0.00422
25	0.01889	0.02410	0.01433	0.01303	0.01563	0.80199	0.00977	0.02019	0.01433	0.01238	0.00782	0.00912	0.00651	0.00521	0.00456	0.00130	0.00912	0.00326	0.00261	0.00586
26	0.01892	0.02327	0.01440	0.01291	0.01564	0.73650	0.00976	0.08296	0.01512	0.01400	0.00818	0.00937	0.00669	0.00528	0.00460	0.00132	0.00882	0.00336	0.00281	0.00609
27	0.00716	0.00517	0.00676	0.00636	0.00755	0.00477	0.00477	0.00954	0.01431	0.02028	0.78808	0.03777	0.04771	0.01034	0.00596	0.00159	0.00239	0.00914	0.00557	0.00477
28	0.00614	0.00473	0.00562	0.00625	0.00715	0.00421	0.00436	0.00726	0.01066	0.01360	0.07818	0.47451	0.33050	0.01435	0.00624	0.00189	0.00276	0.01264	0.00474	0.00421
29	0.00727	0.00487	0.00554	0.00563	0.00565	0.00484	0.00318	0.00733	0.00752	0.01003	0.01681	0.09073	0.01949	0.76314	0.02432	0.00469	0.00476	0.00787	0.00318	0.00314
30	0.00943	0.00471	0.00471	0.00471	0.00589	0.00471	0.00353	0.01178	0.01060	0.01885	0.01650	0.01885	0.01296	0.00589	0.00353	0.00118	0.00236	0.00471	0.85036	0.00471
31	0.01106	0.01106	0.01549	0.01328	0.01328	0.01549	0.01106	0.01217	0.00774	0.01217	0.00664	0.01106	0.00664	0.00885	0.01659	0.00221	0.81303	0.00443	0.00221	0.00553
32	0.01194	0.01364	0.02984	0.02131	0.02643	0.01279	0.77238	0.01620	0.01194	0.01620	0.01023	0.01364	0.00767	0.00426	0.00597	0.00171	0.00853	0.00597	0.00256	0.00682
33	0.01014	0.02616	0.79609	0.01441	0.02189	0.01174	0.01868	0.01601	0.01068	0.01601	0.00907	0.01068	0.00641	0.00480	0.00480	0.00160	0.00747	0.00374	0.00214	0.00747
34	0.01368	0.74878	0.05694	0.00913	0.01349	0.06285	0.00912	0.01546	0.01051	0.01209	0.00716	0.00827	0.00649	0.00439	0.00338	0.00111	0.00570	0.00278	0.00219	0.00649
35	0.01931	0.01403	0.01509	0.01157	0.01561	0.01548	0.00956	0.75524	0.02354	0.05083	0.01233	0.01227	0.00870	0.00607	0.00506	0.00152	0.00553	0.00457	0.00509	0.00860
36	0.01712	0.01498	0.01280	0.01060	0.01366	0.23130	0.00841	0.40879	0.01846	0.02380	0.01184	0.01268	0.00892	0.00580	0.00461	0.00139	0.00589	0.00423	0.17770	0.00704
37	0.00878	0.00439	0.00659	0.00659	0.00659	0.00439	0.00439	0.00659	0.00659	0.00878	0.00878	0.01537	0.00878	0.01757	0.01976	0.85288	0.00439	0.00439	0.00220	0.00220
38	0.01049	0.00899	0.01049	0.00749	0.01198	0.00674	0.00599	0.01273	0.01049	0.01648	0.00899	0.01049	0.00749	0.00374	0.00374	0.00075	0.00374	0.00300	0.00300	0.85320
39	0.00616	0.00440	0.00587	0.00704	0.00733	0.00411	0.00469	0.00704	0.00968	0.01291	0.02787	0.81899	0.03344	0.01584	0.00645	0.00205	0.00293	0.01438	0.00469	0.00411
40	0.01284	0.66466	0.18122	0.00981	0.01477	0.01835	0.01067	0.01532	0.01036	0.01272	0.00744	0.00863	0.00647	0.00442	0.00356	0.00119	0.00582	0.00291	0.00216	0.00669
41	0.01014	0.02616	0.79609	0.01441	0.02189	0.01174	0.01868	0.01601	0.01068	0.01601	0.00907	0.01068	0.00641	0.00480	0.00480	0.00160	0.00747	0.00374	0.00214	0.00747
42	0.09383	0.00987	0.01192	0.00886	0.01309	0.00874	0.04134	0.11364	0.01286	0.16998	0.01140	0.01193	0.00843	0.00465	0.00422	0.00113	0.00432	0.00371	0.00389	0.46221
43	0.01252	0.01201	0.02053	0.03104	0.79074	0.01201	0.01552	0.01552	0.01151	0.01652	0.00951	0.01252	0.00801	0.00451	0.00501	0.00150	0.00601	0.00451	0.00250	0.00801
44	0.01148	0.01503	0.21384	0.06070	0.51966	0.01150	0.01564	0.01519	0.01140	0.01644	0.05337	0.01353	0.00979	0.00493	0.00501	0.00154	0.00620	0.00457	0.00257	0.00758
45	0.00621	0.00444	0.00591	0.00701	0.00734	0.00414	0.00470	0.00715	0.00989	0.01324	0.06224	0.78367	0.03409	0.01559	0.00643	0.00203	0.00291	0.01414	0.00473	0.00414
46	0.01252	0.01201	0.02053	0.03104	0.79074	0.01201	0.01552	0.01552	0.01151	0.01652	0.00951	0.01252	0.00801	0.00451	0.00501	0.00150	0.00601	0.00451	0.00250	0.00801
47	0.03074	0.12295	0.44275	0.01760	0.21279	0.05749	0.01582	0.01599	0.01100	0.01557	0.00881	0.01067	0.00680	0.00469	0.00461	0.00149	0.00686	0.00375	0.00228	0.00735
48	0.01211	0.01161	0.01980	0.13630	0.68862	0.01191	0.01532	0.01517	0.01132	0.01603	0.00944	0.01265	0.00784	0.00458	0.00501	0.00153	0.00611	0.00450	0.00247	0.00769
49	0.00735	0.00490	0.00552	0.00552	0.00552	0.00490	0.00306	0.00735	0.00735	0.00980	0.01593	0.03309	0.01838	0.82229	0.02574	0.00490	0.00490	0.00735	0.00306	0.00306
50	0.01352	0.82533	0.02650	0.00865	0.01298	0.02001	0.00865	0.01514	0.01027	0.01190	0.00703	0.00811	0.00649	0.00433	0.00324	0.00108	0.00541	0.00270	0.00216	0.00649
51	0.02269	0.00861	0.01174	0.00900	0.01291	0.00743	0.00743	0.02464	0.01447	0.79425	0.01995	0.01721	0.01252	0.00626	0.00509	0.00156	0.00430	0.00509	0.00626	0.00861
52	0.00598	0.00512	0.00512	0.00512	0.00683	0.00427	0.00384	0.00726	0.01153	0.01366	0.05123	0.04866	0.78869	0.01281	0.00598	0.00171	0.00256	0.01067	0.00470	0.00427
53	0.00735	0.00490	0.00552	0.00552	0.00552	0.00490	0.00306	0.00735	0.00735	0.00980	0.01593	0.03309	0.01838	0.82229	0.02574	0.00490	0.00490	0.00735	0.00306	0.00306
54	0.83474	0.01023	0.02908	0.00686	0.01011	0.01135	0.00584	0.01490	0.00866	0.02250	0.00710	0.00828	0.00550	0.00470	0.00318	0.00157	0.00401	0.00277	0.00310	0.00553
55	0.00892	0.00768	0.00794	0.00743	0.00965	0.00798	0.00570	0.01601	0.35531	0.01701	0.03755	0.03536	0.44350	0.01015	0.00561	0.00171	0.00320	0.00846	0.00490	0.00594
56	0.01322	0.01108	0.01174	0.01033	0.01328	0.01270	0.00810	0.11814	0.66337	0.02244	0.04463	0.01866	0.01565	0.00688	0.00516	0.00169	0.00414	0.00569	0.00515	0.00797
57	0.01026	0.02531	0.74436	0.01488	0.02219	0.01181	0.06956	0.01603	0.01076	0.01603	0.00915	0.01088	0.00649	0.00477	0.00488	0.00161	0.00754	0.00389	0.00216	0.00743
58	0.00724	0.00537	0.00790	0.00790	0.00872	0.00620	0.00603	0.00888	0.00806	0.01157	0.01376	0.02104	0.01315	0.10730	0.73357	0.00784	0.01278	0.00559	0.00274	0.00439
59	0.01866	0.05824	0.01485	0.01284	0.01552	0.76867	0.00972	0.01998	0.01416	0.01236	0.00778	0.00908	0.00651	0.00517	0.00450	0.00129	0.00896	0.00323	0.00259	0.00589
60	0.01181	0.01111	0.01859	0.23920	0.54393	0.01176	0.01468	0.03946	0.01160	0.01614	0.02769	0.01335	0.00862	0.00484	0.00504	0.00155	0.00611	0.00461	0.00259	0.00731
61	0.01663	0.00763	0.01002	0.00828	0.01116	0.00697	0.00660	0.01973	0.08201	0.47093	0.22966	0.06826	0.02354	0.00796	0.00541	0.00161	0.00368	0.00677	0.00588	0.00725
62	0.00606	0.00479	0.00547	0.00601	0.00706	0.00419	0.00424	0.00716	0.01067	0.01331	0.04036	0.40697	0.43740	0.01422	0.00620	0.00187	0.00273	0.01239	0.00469	0.00419
63	0.01290	0.67772	0.16864	0.00972	0.01462	0.01848	0.01051	0.01530	0.01035	0.01266	0.00741	0.00859	0.00647	0.00441	0.00353	0.00118	0.00579	0.00289	0.00216	0.00667
64	0.01165	0.01113	0.01895	0.25961	0.56897	0.01179	0.01509	0.01476	0.01110	0.01546	0.00936	0.01280	0.00764	0.00467	0.00502	0.00156	0.00622	0.00450	0.00243	0.00731
65	0.00631	0.00494	0.00565	0.00615	0.00719	0.00443	0.00436	0.00762	0.02378	0.01332	0.03850	0.36050	0.40211	0.05779	0.00726	0.00204	0.00293	0.03629	0.00461	0.00421
66	0.00604	0.00514	0.00522	0.00525	0.00694	0.00432	0.00397	0.00736	0.01153	0.01371	0.05047	0.04892	0.76530	0.01284	0.00601	0.00173	0.00263	0.03365	0.00469	0.00428
67	0.01280	0.01186	0.01979	0.02930	0.72707	0.01192	0.01489	0.01639	0.05328	0.03835	0.01040	0.01299	0.00854	0.00468	0.00502	0.00152	0.00585	0.00459	0.00275	0.00803
68	0.00816	0.00617	0.00797	0.00849	0.00967	0.00629	0.00696	0.05246	0.01170	0.01522	0.02920	0.20545	0.15544	0.01343	0.00712	0.00212	0.04776	0.39709	0.00456	0.00475
69	0.03993	0.01043	0.01492	0.56477	0.02876	0.01246	0.01255	0.22179	0.01381	0.01844	0.00979	0.01294	0.00721	0.00532	0.00499	0.00164	0.00633	0.00445	0.00305	0.00643
70	0.01252	0.01201	0.02053	0.03104	0.79074	0.01201	0.01552	0.01552	0.01151	0.01652	0.00951	0.01252	0.00801	0.00451	0.00501	0.00150	0.00601	0.00451	0.00250	0.00801
71	0.06556	0.06304	0.50820	0.05619	0.02009	0.01243	0.03295	0.06822	0.08305	0.02890	0.01029	0.01156	0.00747	0.00507	0.00471	0.00158	0.00663	0.00397	0.00275	0.00732
72	0.01314	0.01060	0.15660	0.01006	0.02752	0.00787	0.00919	0.03204	0.01126	0.26869	0.01585	0.06310	0.01287	0.01821	0.29512	0.00400	0.00825	0.02514	0.00397	0.00654
73	0.03518	0.01314	0.05487	0.01152	0.03004	0.18778	0.06054	0.05179	0.13850	0.08302	0.09210	0.04074	0.01765	0.00792	0.00545	0.00170	0.00573	0.15179	0.00416	0.00638
74	0.01202	0.26213	0.48635	0.01263	0.01884	0.01397	0.04514	0.01632	0.01085	0.06468	0.00921	0.01045	0.00687	0.00473	0.00441	0.00145	0.00670	0.00361	0.00242	0.00723
75	0.01235	0.03313	0.23987	0.15026	0.16147	0.06799	0.13013	0.01612	0.01153	0.08122	0.01171	0.01377	0.03734	0.00516	0.00508	0.00158	0.00687	0.00467	0.00277	0.00700
76	0.00716	0.00594	0.00980	0.00932	0.01044	0.00560	0.12646	0.00868	0.01019	0.01372	0.05888	0.62467	0.02919	0.01462	0.03755	0.00222	0.00421	0.01245	0.00432	0.00458
77	0.01239	0.01179	0.01952	0.06247	0.69226	0.01203	0.01482	0.01638	0.07709	0.01676	0.01043	0.01310	0.00859	0.00473	0.00502	0.00153	0.00587	0.00461	0.00272	0.00791
78	0.00868	0.03432	0.26070	0.00928	0.01262	0.05043	0.00949	0.01183	0.01226	0.01675	0.31307	0.10177	0.12095	0.00895	0.00549	0.00162	0.00454	0.00760	0.00403	0.00562
79	0.01079	0.00944	0.01531	0.02194	0.47698	0.00942	0.01217	0.01353	0.01162	0.01637	0.04635	0.02756	0.01635	0.00772	0.00557	0.00174	0.00525	0.23602	0.04918	0.00667

[dist]
# distance from previous block
# <min> <max>
0	9

[block]
# block no. 3 follows, 49 sequences, length 51
# corresponding to MSA columns:
# 256-306
name=unknown_D
#
# <colnr> <probs for GDERKNQSTAVLIFYWHMCP>
#	G	D	E	R	K	N	Q	S	T	A	V	L	I	F	Y	W	H	M	C	P
0	0.01148	0.06741	0.29267	0.07628	0.07117	0.08660	0.04807	0.04783	0.01172	0.04239	0.02380	0.13758	0.01269	0.00709	0.00516	0.00164	0.00630	0.04054	0.00306	0.00652
1	0.36033	0.00943	0.02525	0.00798	0.01144	0.00931	0.00667	0.04529	0.03712	0.35171	0.01670	0.01578	0.07064	0.00612	0.00436	0.00158	0.00410	0.00455	0.00470	0.00695
2	0.04811	0.48253	0.02119	0.01071	0.04025	0.16203	0.00916	0.01659	0.06367	0.01324	0.00815	0.00948	0.00713	0.00512	0.00497	0.00131	0.08422	0.00324	0.00250	0.00640
3	0.00708	0.00539	0.00744	0.00918	0.06965	0.00512	0.00618	0.00852	0.01056	0.01395	0.05069	0.49436	0.10999	0.01408	0.00639	0.00202	0.00348	0.16682	0.00454	0.00456
4	0.01198	0.01108	0.01812	0.27849	0.47348	0.01191	0.01438	0.07428	0.01200	0.01651	0.00988	0.02742	0.00811	0.00501	0.00505	0.00157	0.00615	0.00468	0.00266	0.00722
5	0.00800	0.07055	0.00952	0.00820	0.00880	0.00788	0.00612	0.00899	0.00913	0.01251	0.05679	0.38749	0.02313	0.13443	0.06561	0.00282	0.16228	0.00960	0.00368	0.00448
6	0.00865	0.00696	0.03096	0.00769	0.00889	0.05956	0.00577	0.01021	0.01155	0.07111	0.21220	0.44611	0.04326	0.01310	0.02218	0.00196	0.00370	0.02653	0.00476	0.00484
7	0.03222	0.01835	0.39541	0.01538	0.07273	0.01102	0.15681	0.02970	0.01197	0.17860	0.02231	0.01306	0.00861	0.00508	0.00508	0.00160	0.00673	0.00455	0.00321	0.00756
8	0.01249	0.01511	0.11222	0.01275	0.01511	0.19374	0.07054	0.06019	0.01100	0.01409	0.00935	0.01291	0.00815	0.02400	0.16947	0.00308	0.24287	0.00444	0.00260	0.00590
9	0.00753	0.00584	0.00704	0.00717	0.00820	0.00582	0.00521	0.06803	0.01152	0.01511	0.09245	0.41841	0.24008	0.02585	0.00708	0.00193	0.05203	0.01145	0.00462	0.00463
10	0.01252	0.01201	0.02053	0.03104	0.79074	0.01201	0.01552	0.01552	0.01151	0.01652	0.00951	0.01252	0.00801	0.00451	0.00501	0.00150	0.00601	0.00451	0.00250	0.00801
11	0.01295	0.02385	0.11057	0.01566	0.09150	0.06536	0.24726	0.11084	0.03568	0.06936	0.06224	0.04562	0.07300	0.00630	0.00543	0.00161	0.00634	0.00596	0.00356	0.00689
12	0.01070	0.06785	0.38553	0.01581	0.02157	0.01214	0.29116	0.01523	0.01109	0.01553	0.01262	0.01460	0.06851	0.00533	0.00557	0.00163	0.03071	0.00505	0.00249	0.00687
13	0.01451	0.00714	0.00971	0.00900	0.01141	0.00665	0.00760	0.01705	0.03678	0.35304	0.07586	0.03729	0.02278	0.01016	0.00604	0.00193	0.00433	0.35680	0.00543	0.00648
14	0.01089	0.20286	0.62592	0.01314	0.01992	0.01357	0.01647	0.01582	0.01059	0.01510	0.00862	0.01011	0.00642	0.00470	0.00446	0.00149	0.00702	0.00351	0.00214	0.00726
15	0.02979	0.07765	0.13335	0.01014	0.01363	0.00956	0.06876	0.05227	0.09229	0.14809	0.11372	0.10180	0.08566	0.00804	0.00531	0.00165	0.00472	0.03268	0.00433	0.00655
16	0.01246	0.01196	0.02042	0.04586	0.77637	0.01200	0.01549	0.01547	0.01149	0.01645	0.00950	0.01253	0.00799	0.00452	0.00501	0.00151	0.00602	0.00451	0.00250	0.00796
17	0.01356	0.01404	0.07059	0.05864	0.01854	0.07873	0.18121	0.13432	0.30061	0.01972	0.01387	0.01466	0.01043	0.00587	0.00574	0.00166	0.04147	0.00513	0.00384	0.00737
18	0.00737	0.00565	0.00757	0.00900	0.06180	0.00553	0.00596	0.00975	0.07135	0.01484	0.11319	0.53164	0.05081	0.01350	0.00623	0.00195	0.00329	0.07109	0.00468	0.00481
19	0.07069	0.01580	0.12768	0.01590	0.07217	0.09655	0.23633	0.16514	0.06481	0.04584	0.01083	0.01241	0.00808	0.00521	0.00545	0.00160	0.03028	0.00469	0.00331	0.00725
20	0.00707	0.00492	0.00663	0.00752	0.00798	0.00482	0.00528	0.00808	0.00988	0.04006	0.02660	0.70978	0.03128	0.01509	0.00688	0.00206	0.03853	0.05853	0.00464	0.00436
21	0.05187	0.01812	0.32217	0.01850	0.07414	0.01230	0.38685	0.01597	0.01121	0.01641	0.00954	0.01214	0.00709	0.00456	0.00545	0.00165	0.01769	0.00484	0.00241	0.00707
22	0.01323	0.17308	0.01845	0.08901	0.32198	0.08692	0.02741	0.02986	0.01169	0.06828	0.01145	0.07607	0.01019	0.00579	0.00476	0.00147	0.00583	0.01584	0.02180	0.00689
23	0.17557	0.00812	0.02179	0.00818	0.01094	0.00785	0.00660	0.01781	0.06451	0.34358	0.05134	0.12839	0.01576	0.01088	0.09045	0.00234	0.00494	0.00616	0.01810	0.00666
24	0.01047	0.08712	0.18254	0.12044	0.03752	0.01155	0.27377	0.01456	0.03512	0.01551	0.06748	0.01795	0.09160	0.00588	0.00531	0.00161	0.00655	0.00568	0.00290	0.00642
25	0.01132	0.01412	0.12802	0.24379	0.10603	0.06585	0.27603	0.01510	0.01135	0.01495	0.01048	0.01538	0.00849	0.00524	0.00541	0.00167	0.00742	0.05032	0.00254	0.00650
26	0.01279	0.01228	0.01999	0.07665	0.67512	0.03324	0.03014	0.04868	0.01205	0.01686	0.00956	0.01249	0.00791	0.00462	0.00502	0.00151	0.00617	0.00450	0.00260	0.00781
27	0.01113	0.00867	0.05799	0.04495	0.03894	0.00864	0.03495	0.02424	0.01064	0.10023	0.01544	0.10298	0.01381	0.00831	0.01654	0.00177	0.16894	0.05783	0.26833	0.00568
28	0.07002	0.18956	0.19179	0.01187	0.03906	0.03444	0.07185	0.05413	0.10935	0.10148	0.01305	0.05936	0.02108	0.00588	0.00465	0.00152	0.00567	0.00479	0.00342	0.00705
29	0.02504	0.10522	0.11874	0.03780	0.23224	0.05511	0.01185	0.11073	0.07932	0.14503	0.02317	0.01320	0.00950	0.00534	0.00478	0.00149	0.00574	0.00438	0.00362	0.00768
30	0.00662	0.00521	0.00649	0.00755	0.04177	0.00473	0.00522	0.00796	0.01086	0.01382	0.05714	0.36443	0.33766	0.01376	0.00624	0.00191	0.00310	0.09648	0.00462	0.00442
31	0.01165	0.15262	0.10460	0.13583	0.22945	0.05576	0.05538	0.01484	0.03150	0.01456	0.01106	0.05002	0.00998	0.00603	0.00547	0.00159	0.04418	0.05619	0.00268	0.00663
32	0.03299	0.11740	0.17384	0.01584	0.10699	0.01276	0.19892	0.09699	0.02427	0.11581	0.01158	0.02506	0.00889	0.00532	0.00516	0.00157	0.01609	0.01992	0.00327	0.00735
33	0.01214	0.01661	0.22192	0.01762	0.12449	0.08239	0.24979	0.01736	0.10034	0.03157	0.04547	0.01520	0.01060	0.00538	0.00533	0.00162	0.00699	0.02509	0.00300	0.00709
34	0.00968	0.00623	0.00669	0.00618	0.00784	0.00621	0.00473	0.12261	0.01318	0.01958	0.12994	0.07479	0.17211	0.00850	0.00476	0.00144	0.00291	0.00707	0.39038	0.00517
35	0.10770	0.06848	0.16363	0.05379	0.11892	0.06277	0.08243	0.13121	0.03954	0.04318	0.02928	0.01389	0.03640	0.02118	0.00518	0.00160	0.00606	0.00455	0.00324	0.00697
36	0.04128	0.15334	0.27072	0.07034	0.23812	0.01317	0.04911	0.04859	0.01140	0.02739	0.00951	0.02796	0.00767	0.00493	0.00466	0.00150	0.00636	0.00417	0.00255	0.00723
37	0.00848	0.00514	0.00589	0.00623	0.00716	0.00509	0.00445	0.05565	0.01097	0.01683	0.02160	0.39608	0.02236	0.01060	0.00500	0.00161	0.00282	0.00926	0.40010	0.00466
38	0.01248	0.18246	0.53422	0.01261	0.01893	0.03078	0.01518	0.01694	0.01112	0.10601	0.00991	0.01090	0.00714	0.00489	0.00452	0.00149	0.00673	0.00368	0.00263	0.00737
39	0.04324	0.06556	0.32261	0.01189	0.01685	0.09465	0.01240	0.13971	0.10577	0.08378	0.03308	0.01345	0.02355	0.00568	0.00479	0.00154	0.00619	0.00434	0.00353	0.00739
40	0.01280	0.29614	0.34714	0.01268	0.01836	0.01524	0.08410	0.12713	0.01258	0.01696	0.00893	0.01029	0.00687	0.00478	0.00442	0.00142	0.00659	0.00371	0.00261	0.00724
41	0.00717	0.00575	0.00787	0.00789	0.00935	0.00530	0.05196	0.00900	0.01151	0.01472	0.09828	0.17904	0.30426	0.01298	0.00638	0.00196	0.00365	0.25374	0.00463	0.00456
42	0.03807	0.01158	0.06692	0.04528	0.54247	0.01066	0.01338	0.01504	0.01190	0.05671	0.12467	0.01625	0.01388	0.00549	0.00508	0.00153	0.00544	0.00512	0.00313	0.00739
43	0.01046	0.01034	0.07237	0.00804	0.01276	0.00713	0.00699	0.01299	0.01050	0.01644	0.00899	0.01050	0.00740	0.00383	0.00383	0.00082	0.00404	0.00305	0.00293	0.78658
44	0.00621	0.00504	0.00552	0.00559	0.00703	0.00434	0.00412	0.00764	0.01179	0.01476	0.18175	0.14614	0.55690	0.01275	0.00604	0.00173	0.00258	0.01087	0.00485	0.00434
45	0.01115	0.20401	0.31475	0.01389	0.01890	0.01369	0.17994	0.01494	0.01076	0.01491	0.05285	0.02832	0.00959	0.00550	0.00595	0.00157	0.08552	0.00457	0.00249	0.00670
46	0.03165	0.03281	0.37076	0.01293	0.04719	0.05760	0.03521	0.04989	0.05398	0.21393	0.02799	0.01343	0.00951	0.00544	0.00488	0.00156	0.00621	0.00436	0.01308	0.00760
47	0.01051	0.01128	0.07122	0.50159	0.21938	0.01158	0.07446	0.01403	0.01064	0.01428	0.00922	0.01306	0.00710	0.00484	0.00510	0.00164	0.00675	0.00456	0.00233	0.00643
48	0.00725	0.00535	0.00685	0.00782	0.02540	0.00515	0.00532	0.05998	0.01090	0.01443	0.02818	0.65863	0.09052	0.01462	0.00631	0.00199	0.00321	0.03889	0.00467	0.00453
49	0.06203	0.01530	0.31194	0.02454	0.06204	0.00972	0.08829	0.02430	0.04008	0.07780	0.05178	0.10065	0.06665	0.00723	0.00526	0.00169	0.00572	0.03494	0.00343	0.00662
50	0.01190	0.01909	0.33472	0.02031	0.21440	0.07417	0.22031	0.01627	0.01151	0.01590	0.00940	0.01181	0.00716	0.00462	0.00515	0.00158	0.00752	0.00449	0.00238	0.00730

[dist]
# distance from previous block
# <min> <max>
4	29

[block]
# block no. 4 follows, 49 sequences, length 11
# corresponding to MSA columns:
# 336-346
name=unknown_E
#
# <colnr> <probs for GDERKNQSTAVLIFYWHMCP>
#	G	D	E	R	K	N	Q	S	T	A	V	L	I	F	Y	W	H	M	C	P
0	0.01434	0.01482	0.13654	0.06923	0.04467	0.10143	0.16161	0.12683	0.06973	0.12015	0.01345	0.08056	0.01078	0.00620	0.00527	0.00162	0.00645	0.00553	0.00369	0.00712
1	0.04272	0.01384	0.01766	0.01768	0.20572	0.15289	0.15692	0.05693	0.15655	0.09146	0.01332	0.01435	0.02569	0.00545	0.00511	0.00156	0.00635	0.00492	0.00358	0.00732
2	0.00640	0.00479	0.00598	0.00687	0.00750	0.00449	0.00470	0.00791	0.04251	0.01338	0.03130	0.66211	0.15343	0.01498	0.00632	0.00198	0.00292	0.01342	0.00471	0.00430
3	0.01280	0.01136	0.01516	0.18888	0.20558	0.04632	0.03118	0.17117	0.13401	0.01904	0.01444	0.07781	0.03695	0.00650	0.00520	0.00162	0.00561	0.00566	0.00363	0.00706
4	0.06249	0.01306	0.07620	0.19714	0.15363	0.04420	0.01182	0.27277	0.01522	0.05366	0.01082	0.02778	0.00829	0.00581	0.00526	0.02064	0.00598	0.00452	0.00352	0.00721
5	0.01379	0.01467	0.01927	0.02558	0.53991	0.18487	0.04704	0.01636	0.01191	0.01533	0.00899	0.01173	0.00758	0.00492	0.00567	0.00151	0.05672	0.00429	0.00251	0.00734
6	0.00598	0.00512	0.00512	0.00512	0.00683	0.00427	0.00384	0.00726	0.01153	0.01366	0.05123	0.04866	0.78869	0.01281	0.00598	0.00171	0.00256	0.01067	0.00470	0.00427
7	0.01364	0.01300	0.01869	0.04464	0.53782	0.08147	0.03469	0.11932	0.01355	0.01834	0.04839	0.01348	0.00989	0.00508	0.00505	0.00150	0.00613	0.00467	0.00301	0.00765
8	0.01362	0.01389	0.04611	0.07765	0.16339	0.15497	0.02995	0.11627	0.17881	0.01863	0.08886	0.01568	0.01311	0.00615	0.00557	0.00158	0.04005	0.00501	0.00368	0.00703
9	0.00905	0.00726	0.00930	0.00829	0.01038	0.00672	0.02782	0.06955	0.01130	0.01600	0.05693	0.37803	0.02195	0.01030	0.00597	0.00159	0.04258	0.03344	0.00405	0.26948
10	0.07385	0.00529	0.00581	0.00579	0.00609	0.00545	0.00348	0.00802	0.00757	0.01102	0.01555	0.05884	0.01763	0.68927	0.06283	0.00470	0.00519	0.00715	0.00311	0.00336

[dist]
# distance from previous block
# <min> <max>
1	3

[block]
# block no. 5 follows, 49 sequences, length 63
# corresponding to MSA columns:
# 351-413
name=unknown_F
#
# <colnr> <probs for GDERKNQSTAVLIFYWHMCP>
#	G	D	E	R	K	N	Q	S	T	A	V	L	I	F	Y	W	H	M	C	P
0	0.71360	0.01005	0.00876	0.08087	0.01255	0.01168	0.00659	0.07482	0.00995	0.02252	0.00762	0.00901	0.00584	0.00484	0.00346	0.00157	0.00430	0.00304	0.00320	0.00574
1	0.01795	0.07895	0.01555	0.01137	0.01516	0.08790	0.00936	0.55574	0.11190	0.02722	0.01234	0.01234	0.00905	0.00595	0.00488	0.00149	0.00569	0.00443	0.00461	0.00811
2	0.00673	0.00504	0.00681	0.06500	0.00971	0.00493	0.00578	0.00803	0.01015	0.01326	0.02842	0.54314	0.10744	0.03498	0.00688	0.00211	0.00349	0.12936	0.00447	0.00429
3	0.07886	0.03743	0.29315	0.01020	0.01466	0.03253	0.01075	0.03192	0.01219	0.12243	0.18917	0.01793	0.02627	0.00634	0.00502	0.00150	0.01672	0.00508	0.00374	0.08410
4	0.00991	0.05283	0.66214	0.01325	0.01976	0.01116	0.01659	0.01515	0.01104	0.01622	0.08132	0.01502	0.01116	0.00568	0.00494	0.00161	0.00681	0.03579	0.00256	0.00707
5	0.00616	0.00440	0.00587	0.00704	0.00733	0.00411	0.00469	0.00704	0.00968	0.01291	0.02787	0.81899	0.03344	0.01584	0.00645	0.00205	0.00293	0.01438	0.00469	0.00411
6	0.01104	0.22512	0.58131	0.01318	0.01980	0.01384	0.03862	0.01580	0.01061	0.01499	0.00860	0.01012	0.00646	0.00467	0.00445	0.00147	0.00699	0.00355	0.00215	0.00721
7	0.05605	0.00964	0.07415	0.01065	0.01348	0.02692	0.12582	0.02807	0.02386	0.12998	0.13951	0.11148	0.05631	0.00925	0.00579	0.00180	0.00488	0.16202	0.00440	0.00593
8	0.01047	0.03845	0.61893	0.07949	0.12225	0.01190	0.01771	0.01569	0.01073	0.01575	0.00908	0.01109	0.00664	0.00478	0.00482	0.00159	0.00719	0.00388	0.00219	0.00738
9	0.00641	0.00542	0.00625	0.07945	0.00959	0.00495	0.00503	0.00789	0.01124	0.01365	0.05433	0.12775	0.60045	0.01242	0.00598	0.00176	0.00305	0.03548	0.00448	0.00440
10	0.05438	0.02936	0.14781	0.26280	0.07026	0.08778	0.01210	0.14361	0.01331	0.01796	0.06749	0.01482	0.03335	0.00576	0.00490	0.00156	0.00618	0.00466	0.01538	0.00651
