[name]
unknown

[dist]
# distance from previous block
# <min> <max>
5	129

[block]
# block no. 0 follows, 54 sequences, length 8
# corresponding to MSA columns:
# 129-136
name=unknown_A
#
# <colnr> <probs for GDERKNQSTAVLIFYWHMCP>
#	G	D	E	R	K	N	Q	S	T	A	V	L	I	F	Y	W	H	M	C	P
0	0.26330	0.00951	0.01127	0.00964	0.04471	0.03260	0.07038	0.05979	0.02883	0.13374	0.01090	0.05460	0.00879	0.00544	0.00489	0.00140	0.06672	0.00417	0.03707	0.14227
1	0.05097	0.01142	0.03027	0.04561	0.04347	0.08647	0.03733	0.27728	0.05531	0.05567	0.01319	0.05639	0.03897	0.07657	0.00623	0.00165	0.00505	0.00491	0.00372	0.09951
2	0.10856	0.00881	0.01070	0.00865	0.01167	0.00894	0.04229	0.12713	0.13803	0.30819	0.09937	0.01672	0.01420	0.00604	0.00457	0.00146	0.00395	0.00494	0.06891	0.00689
3	0.02971	0.00967	0.01083	0.00937	0.01115	0.12260	0.06305	0.12688	0.03598	0.05169	0.11129	0.10205	0.01516	0.01079	0.05448	0.16598	0.05511	0.00571	0.00347	0.00504
4	0.11299	0.00814	0.01051	0.00815	0.01172	0.00733	0.00673	0.02199	0.01290	0.72277	0.01730	0.01514	0.01096	0.00568	0.00454	0.00146	0.00397	0.00450	0.00552	0.00771
5	0.00633	0.00438	0.00544	0.00606	0.00625	0.00424	0.00388	0.00686	0.00818	0.01088	0.02108	0.44161	0.02485	0.37179	0.01388	0.00309	0.00362	0.05044	0.00371	0.00343
6	0.00674	0.00505	0.00758	0.00758	0.00842	0.00589	0.00589	0.00842	0.00758	0.01095	0.01263	0.01852	0.01179	0.03536	0.81561	0.00758	0.01263	0.00505	0.00253	0.00421
7	0.01609	0.10934	0.04719	0.01028	0.01420	0.01419	0.00888	0.57723	0.05064	0.02545	0.01074	0.01096	0.00789	0.00529	0.00442	0.00132	0.00506	0.00395	0.00415	0.07272

[dist]
# distance from previous block
# <min> <max>
0	1

[block]
# block no. 1 follows, 54 sequences, length 84
# corresponding to MSA columns:
# 138-221
name=unknown_B
#
# <colnr> <probs for GDERKNQSTAVLIFYWHMCP>
#	G	D	E	R	K	N	Q	S	T	A	V	L	I	F	Y	W	H	M	C	P
0	0.03270	0.01323	0.01407	0.01224	0.08042	0.06176	0.00922	0.59410	0.09114	0.02636	0.01150	0.01169	0.00838	0.00553	0.00466	0.00142	0.00526	0.00424	0.00435	0.00772
1	0.03965	0.76043	0.02350	0.00818	0.01216	0.01816	0.00803	0.06192	0.01031	0.01256	0.00685	0.00780	0.00614	0.00414	0.00313	0.00105	0.00501	0.00263	0.00221	0.00614
2	0.22122	0.41693	0.05886	0.00839	0.01209	0.10529	0.00784	0.01554	0.01005	0.09510	0.00797	0.00868	0.00639	0.00442	0.00339	0.00121	0.00509	0.00286	0.00267	0.00600
3	0.00658	0.00482	0.00617	0.00583	0.00699	0.00441	0.00437	0.00871	0.01312	0.01837	0.73671	0.03610	0.11051	0.00984	0.00556	0.00149	0.00224	0.00865	0.00512	0.00441
4	0.00711	0.00535	0.00664	0.00622	0.00752	0.00515	0.00469	0.01038	0.09206	0.01857	0.67193	0.03414	0.09328	0.00947	0.00548	0.00150	0.00239	0.00830	0.00510	0.00472
5	0.01210	0.10521	0.51821	0.01244	0.01831	0.01108	0.07444	0.01636	0.01067	0.16237	0.01024	0.01106	0.00713	0.00465	0.00446	0.00144	0.00629	0.00378	0.00274	0.00702
6	0.00574	0.00410	0.00547	0.00657	0.00684	0.00383	0.00438	0.00657	0.00903	0.01204	0.02599	0.83122	0.03119	0.01477	0.00602	0.00191	0.00274	0.01340	0.00438	0.00383
7	0.01234	0.01125	0.01095	0.00984	0.01250	0.08172	0.00763	0.03700	0.71556	0.01917	0.01803	0.01670	0.01356	0.00625	0.00475	0.00156	0.00417	0.00511	0.00459	0.00730
8	0.01289	0.03214	0.01115	0.00823	0.01202	0.00890	0.00666	0.13305	0.14746	0.12031	0.01195	0.01210	0.00899	0.00464	0.00405	0.00107	0.00390	0.00369	0.00380	0.45300
9	0.04136	0.01120	0.01225	0.00967	0.01315	0.04328	0.00789	0.38157	0.10088	0.28563	0.01521	0.01421	0.02982	0.00589	0.00469	0.00145	0.00466	0.00458	0.00495	0.00768
10	0.01761	0.02247	0.01336	0.01215	0.01458	0.81537	0.00911	0.01883	0.01336	0.01154	0.00729	0.00850	0.00607	0.00486	0.00425	0.00121	0.00850	0.00304	0.00243	0.00547
11	0.00686	0.00457	0.00514	0.00514	0.00514	0.00457	0.00286	0.00686	0.00686	0.00914	0.01486	0.03086	0.01714	0.83430	0.02400	0.00457	0.00457	0.00686	0.00286	0.00286
12	0.01261	0.71168	0.09840	0.00882	0.01304	0.06533	0.00902	0.01448	0.00984	0.01148	0.00678	0.00785	0.00604	0.00413	0.00324	0.00107	0.00543	0.00264	0.00204	0.00610
13	0.00933	0.00881	0.01490	0.70211	0.15004	0.01059	0.01330	0.01242	0.00963	0.01256	0.00845	0.01243	0.00647	0.00464	0.00471	0.00155	0.00618	0.00419	0.00213	0.00558
14	0.00793	0.01073	0.22265	0.00906	0.01161	0.00728	0.00858	0.01239	0.15608	0.01433	0.01997	0.42794	0.02112	0.01038	0.00540	0.00175	0.00412	0.03950	0.00381	0.00537
15	0.00667	0.00482	0.00630	0.00593	0.00704	0.00445	0.00445	0.00890	0.01335	0.01891	0.80239	0.03522	0.04449	0.00964	0.00556	0.00148	0.00222	0.00853	0.00519	0.00445
16	0.03005	0.00591	0.00698	0.00701	0.00826	0.00607	0.00516	0.01184	0.19220	0.01630	0.26977	0.31456	0.06921	0.01077	0.00550	0.00168	0.00285	0.02627	0.00469	0.00492
17	0.01180	0.04716	0.02218	0.06604	0.35863	0.04070	0.32328	0.04438	0.01131	0.01533	0.00905	0.01184	0.00719	0.00421	0.00495	0.00146	0.00664	0.00464	0.00242	0.00679
18	0.11218	0.42967	0.01867	0.00891	0.01272	0.01620	0.00807	0.30850	0.01418	0.01932	0.00837	0.00900	0.00669	0.00469	0.00366	0.00121	0.00494	0.00318	0.00315	0.00669
19	0.01252	0.76944	0.07298	0.00849	0.01267	0.03527	0.00867	0.01427	0.00968	0.01134	0.00669	0.00773	0.00605	0.00408	0.00314	0.00104	0.00524	0.00259	0.00202	0.00609
20	0.01677	0.01459	0.28085	0.01047	0.01520	0.03996	0.01074	0.09268	0.01312	0.43634	0.01406	0.01326	0.00919	0.00532	0.00463	0.00146	0.00529	0.00421	0.00430	0.00757
21	0.00616	0.00480	0.00560	0.00540	0.00673	0.00423	0.00405	0.00791	0.01215	0.01606	0.45374	0.03991	0.39493	0.01070	0.00557	0.00153	0.00230	0.00918	0.00482	0.00423
22	0.00819	0.00410	0.00614	0.00614	0.00614	0.00410	0.00410	0.00614	0.00614	0.00819	0.00819	0.01433	0.00819	0.01638	0.01843	0.86282	0.00410	0.00410	0.00205	0.00205
23	0.00633	0.00481	0.00582	0.00557	0.00683	0.00430	0.00418	0.00823	0.01253	0.01697	0.56572	0.03841	0.28238	0.01036	0.00556	0.00152	0.00228	0.00897	0.00494	0.00430
24	0.00663	0.00482	0.00624	0.00589	0.00702	0.00443	0.00441	0.00881	0.01324	0.01866	0.77255	0.03562	0.07449	0.00973	0.00556	0.00149	0.00223	0.00858	0.00516	0.00443
25	0.00946	0.02439	0.80987	0.01344	0.02041	0.01095	0.01742	0.01493	0.00995	0.01493	0.00846	0.00995	0.00597	0.00448	0.00448	0.00149	0.00697	0.00348	0.00199	0.00697
26	0.00686	0.00457	0.00514	0.00514	0.00514	0.00457	0.00286	0.00686	0.00686	0.00914	0.01486	0.03086	0.01714	0.83430	0.02400	0.00457	0.00457	0.00686	0.00286	0.00286
27	0.00676	0.00496	0.00710	0.00710	0.00778	0.00563	0.00530	0.00811	0.00744	0.01059	0.01307	0.02094	0.01284	0.19207	0.66034	0.00699	0.01105	0.00541	0.00259	0.00394
28	0.02115	0.00802	0.01094	0.00839	0.01204	0.00693	0.00693	0.02298	0.01350	0.80815	0.01860	0.01605	0.01167	0.00584	0.00474	0.00146	0.00401	0.00474	0.00584	0.00802
29	0.01022	0.00947	0.03500	0.00745	0.01166	0.03425	0.00616	0.03025	0.01019	0.01555	0.00841	0.00978	0.00695	0.00362	0.00358	0.00076	0.00381	0.00286	0.00280	0.78723
30	0.00789	0.00421	0.00597	0.00597	0.00599	0.00423	0.00389	0.00634	0.00632	0.00845	0.00965	0.01778	0.01009	0.18285	0.03806	0.66875	0.00439	0.00468	0.00222	0.00226
31	0.00879	0.00439	0.00439	0.00439	0.00549	0.00439	0.00330	0.01099	0.00989	0.01758	0.01538	0.01758	0.01209	0.00549	0.00330	0.00110	0.00220	0.00439	0.86047	0.00439
32	0.86760	0.00912	0.00693	0.00620	0.00912	0.01058	0.00511	0.01386	0.00802	0.02115	0.00657	0.00766	0.00511	0.00438	0.00292	0.00146	0.00365	0.00255	0.00292	0.00511
33	0.01032	0.01032	0.01444	0.01238	0.01238	0.01444	0.01032	0.01135	0.00722	0.01135	0.00619	0.01032	0.00619	0.00825	0.01547	0.00206	0.82567	0.00413	0.00206	0.00516
34	0.00879	0.00439	0.00439	0.00439	0.00549	0.00439	0.00330	0.01099	0.00989	0.01758	0.01538	0.01758	0.01209	0.00549	0.00330	0.00110	0.00220	0.00439	0.86047	0.00439
35	0.01079	0.01129	0.02215	0.20422	0.25807	0.01138	0.38294	0.01422	0.01063	0.01450	0.00908	0.01237	0.00705	0.00421	0.00511	0.00153	0.00688	0.00485	0.00230	0.00643
36	0.01762	0.01572	0.01412	0.01138	0.01475	0.25200	0.03031	0.49922	0.03519	0.04803	0.01047	0.01080	0.00766	0.00540	0.00460	0.00137	0.00618	0.00396	0.00401	0.00720
37	0.00574	0.00410	0.00547	0.00657	0.00684	0.00383	0.00438	0.00657	0.00903	0.01204	0.02599	0.83122	0.03119	0.01477	0.00602	0.00191	0.00274	0.01340	0.00438	0.00383
38	0.01003	0.00556	0.00738	0.00650	0.00820	0.00502	0.00502	0.01216	0.01338	0.20202	0.62055	0.03077	0.03687	0.00876	0.00537	0.00148	0.00264	0.00765	0.00534	0.00528
39	0.00978	0.00838	0.00978	0.00698	0.01117	0.00629	0.00559	0.01187	0.00978	0.01536	0.00838	0.00978	0.00698	0.00349	0.00349	0.00070	0.00349	0.00279	0.00279	0.86312
40	0.00952	0.02393	0.77893	0.01369	0.02057	0.01099	0.04789	0.01494	0.01000	0.01494	0.00850	0.01006	0.00602	0.00446	0.00452	0.00150	0.00701	0.00357	0.00201	0.00694
41	0.00674	0.00505	0.00758	0.00758	0.00842	0.00589	0.00589	0.00842	0.00758	0.01095	0.01263	0.01852	0.01179	0.03536	0.81561	0.00758	0.01263	0.00505	0.00253	0.00421
42	0.01137	0.01098	0.01885	0.07078	0.67402	0.01108	0.06166	0.01456	0.03524	0.01528	0.00997	0.01263	0.02321	0.00444	0.00475	0.00143	0.00566	0.00443	0.00244	0.00721
43	0.01167	0.01120	0.01914	0.02894	0.80488	0.01120	0.01447	0.01447	0.01074	0.01540	0.00887	0.01167	0.00747	0.00420	0.00467	0.00140	0.00560	0.00420	0.00233	0.00747
44	0.01245	0.00586	0.00790	0.00729	0.00909	0.00522	0.00548	0.01384	0.01137	0.35449	0.09839	0.40377	0.02410	0.01044	0.00543	0.00168	0.00323	0.00921	0.00508	0.00569
45	0.04252	0.00805	0.01084	0.00833	0.01196	0.00702	0.00688	0.02275	0.01336	0.78828	0.01830	0.01584	0.01151	0.00580	0.00470	0.00146	0.00400	0.00469	0.00576	0.00795
46	0.04478	0.01145	0.03243	0.05062	0.41353	0.03267	0.01151	0.08200	0.23776	0.01782	0.01189	0.01311	0.00930	0.00500	0.00463	0.00146	0.00509	0.00442	0.00325	0.00727
47	0.02115	0.00802	0.01094	0.00839	0.01204	0.00693	0.00693	0.02298	0.01350	0.80815	0.01860	0.01605	0.01167	0.00584	0.00474	0.00146	0.00401	0.00474	0.00584	0.00802
48	0.00584	0.00417	0.00555	0.00650	0.00686	0.00389	0.00438	0.00680	0.00946	0.01272	0.10363	0.75162	0.03252	0.01426	0.00597	0.00187	0.00268	0.01292	0.00446	0.00389
49	0.01167	0.01120	0.01914	0.02894	0.80488	0.01120	0.01447	0.01447	0.01074	0.01540	0.00887	0.01167	0.00747	0.00420	0.00467	0.00140	0.00560	0.00420	0.00233	0.00747
50	0.86760	0.00912	0.00693	0.00620	0.00912	0.01058	0.00511	0.01386	0.00802	0.02115	0.00657	0.00766	0.00511	0.00438	0.00292	0.00146	0.00365	0.00255	0.00292	0.00511
51	0.00705	0.00504	0.00636	0.00596	0.00723	0.00465	0.00449	0.00944	0.03358	0.03883	0.67210	0.03546	0.13256	0.00973	0.00552	0.00150	0.00233	0.00851	0.00510	0.00457
52	0.00673	0.00492	0.00583	0.00554	0.00694	0.00434	0.00418	0.00851	0.01227	0.04438	0.45936	0.03878	0.36011	0.01047	0.00554	0.00153	0.00236	0.00899	0.00487	0.00438
53	0.01167	0.01120	0.01914	0.02894	0.80488	0.01120	0.01447	0.01447	0.01074	0.01540	0.00887	0.01167	0.00747	0.00420	0.00467	0.00140	0.00560	0.00420	0.00233	0.00747
54	0.00667	0.00482	0.00630	0.00593	0.00704	0.00445	0.00445	0.00890	0.01335	0.01891	0.80239	0.03522	0.04449	0.00964	0.00556	0.00148	0.00222	0.00853	0.00519	0.00445
55	0.86760	0.00912	0.00693	0.00620	0.00912	0.01058	0.00511	0.01386	0.00802	0.02115	0.00657	0.00766	0.00511	0.00438	0.00292	0.00146	0.00365	0.00255	0.00292	0.00511
56	0.23417	0.01103	0.01162	0.00913	0.01266	0.01191	0.00754	0.42465	0.01668	0.19806	0.01171	0.01143	0.00808	0.00537	0.00427	0.00144	0.00454	0.00392	0.00451	0.00728
57	0.00649	0.00481	0.00605	0.00574	0.00693	0.00437	0.00431	0.00855	0.01292	0.01789	0.67765	0.03690	0.16987	0.01002	0.00556	0.00150	0.00225	0.00876	0.00506	0.00437
58	0.01679	0.15639	0.01523	0.01148	0.01417	0.68440	0.00894	0.01805	0.01274	0.01147	0.00717	0.00835	0.00607	0.00472	0.00405	0.00118	0.00793	0.00295	0.00236	0.00556
59	0.03504	0.00665	0.00834	0.00681	0.00946	0.00604	0.00549	0.01817	0.01199	0.48731	0.01710	0.01645	0.01169	0.00567	0.00415	0.00132	0.00331	0.00456	0.33388	0.00657
60	0.01189	0.65329	0.20231	0.00928	0.01398	0.01691	0.01018	0.01430	0.00967	0.01196	0.00699	0.00810	0.00603	0.00413	0.00335	0.00112	0.00548	0.00274	0.00201	0.00626
61	0.01191	0.06891	0.55589	0.01269	0.01870	0.01085	0.07183	0.02806	0.01081	0.15133	0.01021	0.01109	0.00708	0.00467	0.00452	0.00146	0.00639	0.00381	0.00272	0.00707
62	0.01073	0.16859	0.19663	0.01201	0.01453	0.03200	0.03284	0.01294	0.00852	0.01222	0.00689	0.00975	0.00614	0.00642	0.01014	0.00171	0.44643	0.00370	0.00206	0.00577
63	0.01303	0.01222	0.01947	0.08043	0.34584	0.03920	0.19839	0.19920	0.01355	0.01836	0.00952	0.01180	0.00739	0.00455	0.00488	0.00146	0.00621	0.00450	0.00290	0.00710
64	0.12729	0.10026	0.10240	0.01036	0.01430	0.01368	0.03345	0.40422	0.10992	0.02334	0.01076	0.01109	0.00794	0.00522	0.00431	0.00141	0.00508	0.00393	0.00383	0.00719
65	0.00576	0.00417	0.00545	0.00643	0.00681	0.00386	0.00433	0.00664	0.00926	0.01227	0.04878	0.75669	0.08326	0.01444	0.00598	0.00188	0.00270	0.01304	0.00440	0.00386
66	0.32743	0.00848	0.00842	0.00704	0.00979	0.00907	0.00572	0.16074	0.01221	0.17291	0.01201	0.01247	0.00868	0.00518	0.00370	0.00136	0.00364	0.00376	0.22136	0.00603
67	0.75356	0.00991	0.00788	0.00686	0.00986	0.03212	0.00563	0.09771	0.00969	0.02183	0.00710	0.00808	0.00545	0.00453	0.00315	0.00145	0.00394	0.00275	0.00310	0.00543
68	0.01117	0.01278	0.04685	0.02119	0.15214	0.01178	0.64115	0.01500	0.01103	0.01515	0.00940	0.01247	0.00717	0.00402	0.00539	0.00156	0.00754	0.00529	0.00237	0.00656
69	0.00758	0.00611	0.00844	0.00797	0.00839	0.00745	0.00603	0.00864	0.00729	0.01053	0.01180	0.02016	0.01204	0.25528	0.41064	0.00548	0.19426	0.00535	0.00251	0.00404
70	0.73350	0.01123	0.00794	0.00714	0.00998	0.13755	0.00574	0.01464	0.00887	0.01964	0.00668	0.00779	0.00526	0.00445	0.00313	0.00142	0.00441	0.00263	0.00284	0.00516
71	0.00662	0.00482	0.00622	0.00587	0.00701	0.00442	0.00440	0.00879	0.01321	0.01858	0.76284	0.03575	0.08425	0.00976	0.00556	0.00149	0.00223	0.00860	0.00515	0.00442
72	0.00989	0.00977	0.04029	0.57808	0.14271	0.01088	0.05230	0.04290	0.04133	0.01376	0.00905	0.01252	0.00688	0.00470	0.00475	0.00154	0.00615	0.00429	0.00235	0.00587
73	0.86760	0.00912	0.00693	0.00620	0.00912	0.01058	0.00511	0.01386	0.00802	0.02115	0.00657	0.00766	0.00511	0.00438	0.00292	0.00146	0.00365	0.00255	0.00292	0.00511
74	0.00683	0.00468	0.00569	0.00569	0.00588	0.00487	0.00354	0.00721	0.00702	0.00955	0.01435	0.02807	0.01593	0.65358	0.20306	0.00525	0.00639	0.00645	0.00278	0.00316
75	0.00978	0.00838	0.00978	0.00698	0.01117	0.00629	0.00559	0.01187	0.00978	0.01536	0.00838	0.00978	0.00698	0.00349	0.00349	0.00070	0.00349	0.00279	0.00279	0.86312
76	0.01196	0.01025	0.01080	0.00964	0.01235	0.01184	0.00752	0.05430	0.76673	0.02011	0.01889	0.01735	0.01415	0.00637	0.00479	0.00159	0.00379	0.00529	0.00479	0.00748
77	0.00559	0.00472	0.00483	0.00492	0.00641	0.00397	0.00365	0.00675	0.01061	0.01268	0.04604	0.10775	0.74171	0.01217	0.00561	0.00162	0.00242	0.01023	0.00438	0.00397
78	0.01167	0.01120	0.01914	0.02894	0.80488	0.01120	0.01447	0.01447	0.01074	0.01540	0.00887	0.01167	0.00747	0.00420	0.00467	0.00140	0.00560	0.00420	0.00233	0.00747
79	0.00558	0.00475	0.00480	0.00484	0.00639	0.00398	0.00361	0.00676	0.01069	0.01271	0.04699	0.07331	0.77554	0.01204	0.00559	0.00160	0.00240	0.01007	0.00438	0.00398
80	0.00686	0.00457	0.00514	0.00514	0.00514	0.00457	0.00286	0.00686	0.00686	0.00914	0.01486	0.03086	0.01714	0.83430	0.02400	0.00457	0.00457	0.00686	0.00286	0.00286
81	0.72593	0.00964	0.00756	0.00672	0.00959	0.03915	0.00547	0.04502	0.05020	0.02075	0.00902	0.00980	0.03628	0.00484	0.00324	0.00146	0.00384	0.00307	0.00313	0.00531
82	0.18370	0.00908	0.01116	0.00872	0.01225	0.00886	0.03578	0.11008	0.03788	0.51144	0.01511	0.01380	0.00990	0.00548	0.00442	0.00146	0.00422	0.00431	0.00498	0.00738
83	0.01655	0.02045	0.01440	0.01515	0.15612	0.67134	0.01007	0.01805	0.01289	0.01223	0.00757	0.00907	0.00632	0.00474	0.00433	0.00125	0.00798	0.00325	0.00241	0.00582

[dist]
# distance from previous block
# <min> <max>
0	2

[block]
# block no. 2 follows, 54 sequences, length 35
# corresponding to MSA columns:
# 224-258
name=unknown_C
#
# <colnr> <probs for GDERKNQSTAVLIFYWHMCP>
#	G	D	E	R	K	N	Q	S	T	A	V	L	I	F	Y	W	H	M	C	P
0	0.01585	0.13973	0.01611	0.01079	0.01451	0.01469	0.05503	0.51882	0.12572	0.02460	0.01156	0.01168	0.00854	0.00541	0.00452	0.00139	0.00513	0.00421	0.00417	0.00754
1	0.01058	0.00885	0.01031	0.00763	0.01135	0.00759	0.00610	0.09828	0.01088	0.01645	0.00889	0.01096	0.00753	0.04251	0.00525	0.00103	0.04966	0.00322	0.00297	0.67998
2	0.01037	0.00845	0.00913	0.00810	0.01040	0.00917	0.00631	0.12116	0.38492	0.01954	0.17751	0.02564	0.17349	0.00802	0.00509	0.00155	0.00337	0.00671	0.00478	0.00627
3	0.01264	0.69608	0.02244	0.00813	0.01216	0.01707	0.00786	0.06255	0.01039	0.01272	0.00705	0.00804	0.00627	0.00408	0.00318	0.00100	0.00488	0.00266	0.00227	0.09853
4	0.00675	0.00499	0.00726	0.00726	0.00799	0.00572	0.00550	0.00822	0.00748	0.01071	0.01292	0.02012	0.01248	0.13902	0.71290	0.00719	0.01158	0.00529	0.00257	0.00403
5	0.01665	0.01927	0.01579	0.01313	0.01617	0.54457	0.13199	0.15674	0.01459	0.01537	0.00837	0.00967	0.00659	0.00486	0.00454	0.00131	0.00782	0.00365	0.00283	0.00607
6	0.81040	0.01002	0.00736	0.00660	0.00949	0.06474	0.00538	0.01419	0.00838	0.02051	0.00661	0.00772	0.00517	0.00441	0.00301	0.00144	0.00397	0.00259	0.00289	0.00513
7	0.01095	0.01398	0.11210	0.01918	0.02419	0.01182	0.70475	0.01508	0.01100	0.01508	0.00942	0.01242	0.00703	0.00403	0.00545	0.00158	0.00784	0.00534	0.00234	0.00642
8	0.00890	0.00838	0.01414	0.82296	0.03247	0.01048	0.01309	0.01205	0.00943	0.01205	0.00838	0.01257	0.00629	0.00471	0.00471	0.00157	0.00629	0.00419	0.00210	0.00524
9	0.01209	0.05935	0.01151	0.00946	0.01224	0.01198	0.00748	0.02433	0.72338	0.04549	0.01842	0.01694	0.01381	0.00624	0.00469	0.00156	0.00382	0.00514	0.00467	0.00740
10	0.04388	0.00805	0.01083	0.00833	0.01196	0.00703	0.00688	0.02273	0.01335	0.78702	0.01828	0.01582	0.01150	0.00580	0.00469	0.00146	0.00400	0.00468	0.00576	0.00795
11	0.01206	0.06230	0.01971	0.02603	0.65550	0.06115	0.06579	0.01476	0.01085	0.01488	0.00868	0.01130	0.00728	0.00422	0.00460	0.00138	0.00590	0.00412	0.00232	0.00718
12	0.09443	0.14387	0.03946	0.00833	0.01207	0.00938	0.00731	0.02049	0.02534	0.56865	0.01524	0.01374	0.01003	0.00538	0.00429	0.00139	0.00424	0.00415	0.00481	0.00740
13	0.00588	0.00488	0.00521	0.00537	0.00689	0.00420	0.00419	0.00722	0.01076	0.01295	0.04429	0.04657	0.68478	0.01211	0.00572	0.00168	0.00269	0.12621	0.00437	0.00404
14	0.02115	0.00802	0.01094	0.00839	0.01204	0.00693	0.00693	0.02298	0.01350	0.80815	0.01860	0.01605	0.01167	0.00584	0.00474	0.00146	0.00401	0.00474	0.00584	0.00802
15	0.00984	0.12382	0.71381	0.01278	0.01939	0.01189	0.01628	0.01483	0.00991	0.01446	0.00823	0.00966	0.00598	0.00443	0.00430	0.00143	0.00673	0.00337	0.00199	0.00686
16	0.07276	0.00840	0.01089	0.00840	0.01201	0.00762	0.00694	0.06869	0.01368	0.71297	0.01743	0.01525	0.01105	0.00574	0.00463	0.00146	0.00406	0.00458	0.00559	0.00785
17	0.20140	0.00812	0.00988	0.00781	0.01119	0.00760	0.00643	0.02040	0.01232	0.60478	0.05097	0.01511	0.01173	0.00569	0.00439	0.00146	0.00385	0.00444	0.00518	0.00724
18	0.00579	0.00414	0.00552	0.00662	0.00691	0.00387	0.00446	0.00664	0.00907	0.01209	0.02596	0.81215	0.03109	0.01473	0.00603	0.00192	0.00277	0.03203	0.00438	0.00384
19	0.02073	0.00812	0.01093	0.00844	0.01205	0.00714	0.00695	0.02307	0.04839	0.77300	0.01863	0.01612	0.01179	0.00586	0.00474	0.00147	0.00400	0.00477	0.00579	0.00800
20	0.01088	0.02140	0.64095	0.01360	0.01998	0.01063	0.09932	0.01580	0.01046	0.09899	0.00965	0.01090	0.00670	0.00457	0.00462	0.00150	0.00676	0.00384	0.00244	0.00701
21	0.01577	0.00677	0.00904	0.00735	0.01003	0.00598	0.00591	0.01775	0.01321	0.50697	0.26465	0.02218	0.02201	0.00701	0.00490	0.00144	0.00333	0.00591	0.06315	0.00666
22	0.01147	0.01104	0.01898	0.08219	0.73654	0.01117	0.03059	0.01432	0.01066	0.01517	0.00885	0.01175	0.00738	0.00423	0.00469	0.00142	0.00570	0.00423	0.00232	0.00730
23	0.01159	0.01112	0.01899	0.05218	0.78228	0.01118	0.01443	0.01440	0.01070	0.01531	0.00885	0.01170	0.00743	0.00422	0.00467	0.00141	0.00562	0.00420	0.00233	0.00740
24	0.01167	0.01120	0.01914	0.02894	0.80488	0.01120	0.01447	0.01447	0.01074	0.01540	0.00887	0.01167	0.00747	0.00420	0.00467	0.00140	0.00560	0.00420	0.00233	0.00747
25	0.00643	0.00481	0.00597	0.00568	0.00690	0.00435	0.00426	0.00844	0.01278	0.01757	0.63862	0.03742	0.20910	0.01014	0.00556	0.00151	0.00226	0.00884	0.00501	0.00435
26	0.01184	0.01204	0.02281	0.02354	0.39144	0.01177	0.37115	0.06690	0.01169	0.01623	0.00934	0.01213	0.00736	0.00419	0.00509	0.00149	0.00666	0.00483	0.00252	0.00699
27	0.07981	0.09347	0.11176	0.00975	0.01359	0.15735	0.00881	0.09570	0.01311	0.35238	0.01251	0.01201	0.00856	0.00519	0.00432	0.00137	0.00539	0.00385	0.00404	0.00702
28	0.01229	0.00783	0.01254	0.00986	0.01264	0.00727	0.17277	0.01548	0.06553	0.25557	0.31910	0.02379	0.04989	0.00714	0.00526	0.00151	0.00409	0.00659	0.00473	0.00612
29	0.00594	0.00418	0.00541	0.00632	0.00655	0.00396	0.00412	0.00662	0.00865	0.01154	0.02407	0.69365	0.02877	0.15564	0.00911	0.00237	0.00305	0.01228	0.00412	0.00366
30	0.76060	0.05302	0.05283	0.00678	0.01000	0.01109	0.00601	0.02733	0.00846	0.02043	0.00675	0.00785	0.00525	0.00439	0.00304	0.00144	0.00393	0.00263	0.00285	0.00531
31	0.77668	0.01074	0.09200	0.00697	0.01031	0.01062	0.00641	0.01397	0.00823	0.02050	0.00677	0.00790	0.00520	0.00439	0.00308	0.00146	0.00400	0.00265	0.00282	0.00530
32	0.61563	0.00989	0.01015	0.01153	0.18361	0.01102	0.00745	0.07306	0.00970	0.02055	0.00743	0.00882	0.00584	0.00444	0.00344	0.00144	0.00419	0.00304	0.00293	0.00584
33	0.33584	0.02569	0.01131	0.00895	0.01230	0.01292	0.00737	0.41636	0.08624	0.02528	0.01016	0.01045	0.00747	0.00522	0.00402	0.00144	0.00448	0.00368	0.00400	0.00684
34	0.24461	0.01261	0.01212	0.00966	0.01311	0.06121	0.00792	0.52297	0.03137	0.02617	0.00995	0.01028	0.00724	0.00528	0.00421	0.00142	0.00495	0.00374	0.00410	0.00708

[dist]
# distance from previous block
# <min> <max>
1	12

[block]
# block no. 3 follows, 54 sequences, length 88
# corresponding to MSA columns:
# 271-358
name=unknown_D
#
# <colnr> <probs for GDERKNQSTAVLIFYWHMCP>
#	G	D	E	R	K	N	Q	S	T	A	V	L	I	F	Y	W	H	M	C	P
0	0.10865	0.04195	0.01405	0.01142	0.06392	0.03156	0.00887	0.61267	0.01929	0.02684	0.01040	0.01075	0.00756	0.00535	0.00445	0.00140	0.00512	0.00397	0.00423	0.00755
1	0.45060	0.01112	0.01047	0.00848	0.01182	0.01256	0.00700	0.39435	0.01497	0.02536	0.00890	0.00946	0.00654	0.00501	0.00380	0.00144	0.00440	0.00338	0.00380	0.00654
2	0.27382	0.06484	0.01272	0.00959	0.02587	0.02843	0.00784	0.47857	0.01674	0.02537	0.00947	0.00993	0.00697	0.00513	0.00406	0.00140	0.00478	0.00360	0.00392	0.00696
3	0.21630	0.06338	0.01399	0.01333	0.18003	0.02551	0.00908	0.34444	0.03664	0.03994	0.00970	0.01053	0.00732	0.00496	0.00417	0.00140	0.00489	0.00375	0.00361	0.00704
4	0.14922	0.63911	0.02135	0.00915	0.06240	0.01683	0.00802	0.02622	0.00960	0.01327	0.00678	0.00790	0.00602	0.00412	0.00314	0.00111	0.00486	0.00266	0.00222	0.00602
5	0.02886	0.65669	0.10479	0.00857	0.01280	0.01652	0.00882	0.01476	0.00997	0.07203	0.02446	0.00904	0.00726	0.00434	0.00336	0.00111	0.00508	0.00292	0.00239	0.00624
6	0.00667	0.00482	0.00630	0.00593	0.00704	0.00445	0.00445	0.00890	0.01335	0.01891	0.80239	0.03522	0.04449	0.00964	0.00556	0.00148	0.00222	0.00853	0.00519	0.00445
7	0.00579	0.00479	0.00508	0.00501	0.00650	0.00407	0.00375	0.00719	0.01126	0.01396	0.19752	0.04336	0.65245	0.01148	0.00557	0.00157	0.00236	0.00967	0.00454	0.00407
8	0.00936	0.02370	0.78148	0.01317	0.01994	0.01072	0.01696	0.01472	0.01007	0.01507	0.03651	0.01085	0.00733	0.00466	0.00452	0.00149	0.00680	0.00366	0.00210	0.00688
9	0.00574	0.00410	0.00547	0.00657	0.00684	0.00383	0.00438	0.00657	0.00903	0.01204	0.02599	0.83122	0.03119	0.01477	0.00602	0.00191	0.00274	0.01340	0.00438	0.00383
10	0.01173	0.01013	0.01066	0.00960	0.01226	0.01173	0.00746	0.02505	0.79636	0.01972	0.01919	0.01759	0.01439	0.00640	0.00480	0.00160	0.00373	0.00533	0.00480	0.00746
11	0.01162	0.58357	0.26966	0.00974	0.01469	0.01625	0.01099	0.01437	0.00970	0.01229	0.00715	0.00831	0.00603	0.00417	0.00348	0.00116	0.00564	0.00282	0.00201	0.00634
12	0.01563	0.36347	0.06522	0.00895	0.01285	0.01368	0.00832	0.17651	0.01317	0.23127	0.01122	0.01162	0.00837	0.03452	0.00468	0.00137	0.00489	0.00369	0.00364	0.00693
13	0.01763	0.02187	0.01341	0.01206	0.01458	0.76340	0.00910	0.06882	0.01393	0.01272	0.00755	0.00869	0.00620	0.00491	0.00428	0.00123	0.00829	0.00312	0.00258	0.00563
14	0.00686	0.00457	0.00514	0.00514	0.00514	0.00457	0.00286	0.00686	0.00686	0.00914	0.01486	0.03086	0.01714	0.83430	0.02400	0.00457	0.00457	0.00686	0.00286	0.00286
15	0.01280	0.74257	0.02378	0.00963	0.06367	0.05824	0.00854	0.01438	0.00985	0.01140	0.00674	0.00788	0.00614	0.00409	0.00319	0.00104	0.00525	0.00266	0.00206	0.00611
16	0.01167	0.01120	0.01914	0.02894	0.80488	0.01120	0.01447	0.01447	0.01074	0.01540	0.00887	0.01167	0.00747	0.00420	0.00467	0.00140	0.00560	0.00420	0.00233	0.00747
17	0.00609	0.00466	0.00692	0.00743	0.00799	0.00435	0.05521	0.00712	0.00916	0.01224	0.02492	0.77810	0.02963	0.01407	0.00599	0.00189	0.00307	0.01290	0.00425	0.00399
18	0.00667	0.00482	0.00630	0.00593	0.00704	0.00445	0.00445	0.00890	0.01335	0.01891	0.80239	0.03522	0.04449	0.00964	0.00556	0.00148	0.00222	0.00853	0.00519	0.00445
19	0.00581	0.00415	0.00555	0.00664	0.00694	0.00389	0.00449	0.00668	0.00909	0.01211	0.02595	0.80345	0.03104	0.01471	0.00604	0.00192	0.00279	0.04052	0.00438	0.00385
20	0.04509	0.07074	0.03380	0.01498	0.01860	0.37883	0.34034	0.01669	0.01191	0.01343	0.00819	0.01023	0.00650	0.00441	0.00469	0.00137	0.00784	0.00407	0.00239	0.00590
21	0.03574	0.01312	0.01400	0.01075	0.01451	0.01454	0.00888	0.77290	0.02187	0.02954	0.01122	0.01124	0.00796	0.00563	0.00468	0.00142	0.00516	0.00421	0.00468	0.00796
22	0.01102	0.42883	0.41915	0.01077	0.01627	0.01479	0.01277	0.01453	0.00977	0.01302	0.00751	0.00876	0.00601	0.00426	0.00376	0.00125	0.00601	0.00300	0.00200	0.00651
23	0.01216	0.72171	0.13621	0.00883	0.01328	0.01756	0.00940	0.01423	0.00963	0.01164	0.00683	0.00790	0.00604	0.00410	0.00323	0.00108	0.00532	0.00266	0.00201	0.00618
24	0.00871	0.10151	0.00872	0.00622	0.00836	0.00661	0.00499	0.01097	0.05016	0.08717	0.26518	0.03155	0.31783	0.00895	0.00502	0.00142	0.00293	0.00749	0.00440	0.06181
25	0.00819	0.00410	0.00614	0.00614	0.00614	0.00410	0.00410	0.00614	0.00614	0.00819	0.00819	0.01433	0.00819	0.01638	0.01843	0.86282	0.00410	0.00410	0.00205	0.00205
26	0.00592	0.00421	0.00559	0.00663	0.00695	0.00397	0.00451	0.00679	0.00904	0.01203	0.02536	0.73966	0.03021	0.05587	0.00695	0.00207	0.00293	0.06317	0.00430	0.00381
27	0.00667	0.00482	0.00630	0.00593	0.00704	0.00445	0.00445	0.00890	0.01335	0.01891	0.80239	0.03522	0.04449	0.00964	0.00556	0.00148	0.00222	0.00853	0.00519	0.00445
28	0.01080	0.02250	0.71784	0.01286	0.01944	0.01049	0.01621	0.01586	0.01036	0.10630	0.00963	0.01066	0.00663	0.00464	0.00451	0.00149	0.00663	0.00363	0.00243	0.00709
29	0.00682	0.00455	0.00515	0.00519	0.00520	0.00454	0.00291	0.00685	0.00693	0.00925	0.01525	0.05942	0.01764	0.80504	0.02336	0.00448	0.00451	0.00709	0.00291	0.00289
30	0.00676	0.00468	0.00563	0.00561	0.00591	0.00477	0.00354	0.00726	0.00760	0.01028	0.06722	0.02968	0.05748	0.59768	0.16232	0.00475	0.00574	0.00680	0.00303	0.00326
31	0.02115	0.00802	0.01094	0.00839	0.01204	0.00693	0.00693	0.02298	0.01350	0.80815	0.01860	0.01605	0.01167	0.00584	0.00474	0.00146	0.00401	0.00474	0.00584	0.00802
32	0.00978	0.00838	0.00978	0.00698	0.01117	0.00629	0.00559	0.01187	0.00978	0.01536	0.00838	0.00978	0.00698	0.00349	0.00349	0.00070	0.00349	0.00279	0.00279	0.86312
33	0.00819	0.00410	0.00614	0.00614	0.00614	0.00410	0.00410	0.00614	0.00614	0.00819	0.00819	0.01433	0.00819	0.01638	0.01843	0.86282	0.00410	0.00410	0.00205	0.00205
34	0.00879	0.00439	0.00439	0.00439	0.00549	0.00439	0.00330	0.01099	0.00989	0.01758	0.01538	0.01758	0.01209	0.00549	0.00330	0.00110	0.00220	0.00439	0.86047	0.00439
35	0.86760	0.00912	0.00693	0.00620	0.00912	0.01058	0.00511	0.01386	0.00802	0.02115	0.00657	0.00766	0.00511	0.00438	0.00292	0.00146	0.00365	0.00255	0.00292	0.00511
36	0.01032	0.01032	0.01444	0.01238	0.01238	0.01444	0.01032	0.01135	0.00722	0.01135	0.00619	0.01032	0.00619	0.00825	0.01547	0.00206	0.82567	0.00413	0.00206	0.00516
37	0.00879	0.00439	0.00439	0.00439	0.00549	0.00439	0.00330	0.01099	0.00989	0.01758	0.01538	0.01758	0.01209	0.00549	0.00330	0.00110	0.00220	0.00439	0.86047	0.00439
38	0.01164	0.01129	0.01962	0.02844	0.76185	0.01124	0.05712	0.01451	0.01076	0.01539	0.00891	0.01173	0.00745	0.00419	0.00472	0.00141	0.00573	0.00428	0.00234	0.00741
39	0.01729	0.02185	0.01368	0.01307	0.05817	0.77101	0.00941	0.01859	0.01322	0.01175	0.00738	0.00868	0.00615	0.00482	0.00427	0.00122	0.00834	0.00310	0.00242	0.00558
40	0.00574	0.00410	0.00547	0.00657	0.00684	0.00383	0.00438	0.00657	0.00903	0.01204	0.02599	0.83122	0.03119	0.01477	0.00602	0.00191	0.00274	0.01340	0.00438	0.00383
41	0.01921	0.00926	0.05891	0.00915	0.01257	0.00803	0.00794	0.02116	0.01256	0.66915	0.01657	0.01503	0.01070	0.00603	0.00596	0.00153	0.09883	0.00460	0.00517	0.00763
42	0.00978	0.00838	0.00978	0.00698	0.01117	0.00629	0.00559	0.01187	0.00978	0.01536	0.00838	0.00978	0.00698	0.00349	0.00349	0.00070	0.00349	0.00279	0.00279	0.86312
43	0.00972	0.02016	0.57067	0.01312	0.01799	0.01200	0.01528	0.01385	0.00913	0.01385	0.00778	0.01006	0.00604	0.00561	0.00779	0.00166	0.25316	0.00368	0.00201	0.00642
44	0.00819	0.00410	0.00614	0.00614	0.00614	0.00410	0.00410	0.00614	0.00614	0.00819	0.00819	0.01433	0.00819	0.01638	0.01843	0.86282	0.00410	0.00410	0.00205	0.00205
45	0.01960	0.10388	0.02790	0.00845	0.01216	0.00847	0.00726	0.03771	0.01316	0.66939	0.03200	0.01522	0.01147	0.00567	0.00455	0.00141	0.00418	0.00452	0.00529	0.00771
46	0.01153	0.01092	0.01837	0.12567	0.68526	0.01122	0.01413	0.03866	0.01094	0.01544	0.00889	0.01177	0.00734	0.00431	0.00468	0.00142	0.00567	0.00420	0.00238	0.00721
47	0.02115	0.00802	0.01094	0.00839	0.01204	0.00693	0.00693	0.02298	0.01350	0.80815	0.01860	0.01605	0.01167	0.00584	0.00474	0.00146	0.00401	0.00474	0.00584	0.00802
48	0.02115	0.00802	0.01094	0.00839	0.01204	0.00693	0.00693	0.02298	0.01350	0.80815	0.01860	0.01605	0.01167	0.00584	0.00474	0.00146	0.00401	0.00474	0.00584	0.00802
49	0.01232	0.01094	0.01526	0.05843	0.35355	0.01181	0.02740	0.11499	0.30761	0.01864	0.01305	0.01392	0.01008	0.00523	0.00474	0.00149	0.00493	0.00466	0.00355	0.00740
50	0.00973	0.02251	0.68415	0.01447	0.02109	0.01111	0.14126	0.01496	0.01014	0.01496	0.00863	0.01040	0.00616	0.00440	0.00465	0.00151	0.00713	0.00382	0.00205	0.00687
51	0.00574	0.00410	0.00547	0.00657	0.00684	0.00383	0.00438	0.00657	0.00903	0.01204	0.02599	0.83122	0.03119	0.01477	0.00602	0.00191	0.00274	0.01340	0.00438	0.00383
52	0.01160	0.01113	0.01901	0.04906	0.78531	0.01118	0.01444	0.01441	0.01070	0.01532	0.00886	0.01169	0.00744	0.00421	0.00467	0.00140	0.00562	0.00420	0.00233	0.00741
53	0.86760	0.00912	0.00693	0.00620	0.00912	0.01058	0.00511	0.01386	0.00802	0.02115	0.00657	0.00766	0.00511	0.00438	0.00292	0.00146	0.00365	0.00255	0.00292	0.00511
54	0.01167	0.01120	0.01914	0.02894	0.80488	0.01120	0.01447	0.01447	0.01074	0.01540	0.00887	0.01167	0.00747	0.00420	0.00467	0.00140	0.00560	0.00420	0.00233	0.00747
55	0.00670	0.00483	0.00631	0.00597	0.00706	0.00447	0.00448	0.00888	0.01318	0.01863	0.77234	0.03549	0.04364	0.02510	0.00592	0.00155	0.00231	0.02360	0.00513	0.00442
56	0.01167	0.01120	0.01914	0.02894	0.80488	0.01120	0.01447	0.01447	0.01074	0.01540	0.00887	0.01167	0.00747	0.00420	0.00467	0.00140	0.00560	0.00420	0.00233	0.00747
57	0.00588	0.00420	0.00556	0.00646	0.00682	0.00392	0.00435	0.00684	0.00947	0.01275	0.11513	0.71926	0.03236	0.03494	0.00642	0.00193	0.00272	0.01268	0.00443	0.00388
58	0.86760	0.00912	0.00693	0.00620	0.00912	0.01058	0.00511	0.01386	0.00802	0.02115	0.00657	0.00766	0.00511	0.00438	0.00292	0.00146	0.00365	0.00255	0.00292	0.00511
59	0.01974	0.00807	0.01131	0.10221	0.01439	0.00734	0.00764	0.02172	0.01303	0.71645	0.01742	0.01565	0.01105	0.00571	0.00474	0.00147	0.00427	0.00468	0.00540	0.00770
60	0.00589	0.00422	0.00560	0.00646	0.00687	0.00393	0.00439	0.00694	0.00972	0.01313	0.14991	0.70417	0.03331	0.01395	0.00595	0.00185	0.00265	0.01263	0.00451	0.00393
61	0.01261	0.83713	0.02471	0.00807	0.01210	0.01866	0.00807	0.01412	0.00958	0.01109	0.00656	0.00756	0.00605	0.00403	0.00303	0.00101	0.00504	0.00252	0.00202	0.00605
62	0.02107	0.00815	0.01102	0.00845	0.01210	0.00712	0.00698	0.04200	0.01371	0.78882	0.01842	0.01593	0.01158	0.00583	0.00474	0.00146	0.00404	0.00473	0.00581	0.00802
63	0.01173	0.01013	0.01066	0.00960	0.01226	0.01173	0.00746	0.02505	0.79636	0.01972	0.01919	0.01759	0.01439	0.00640	0.00480	0.00160	0.00373	0.00533	0.00480	0.00746
64	0.01157	0.00714	0.05992	0.00718	0.00953	0.00567	0.00607	0.01384	0.01308	0.27761	0.46654	0.02765	0.05828	0.00814	0.00522	0.00148	0.00313	0.00701	0.00517	0.00577
65	0.01006	0.01075	0.05437	0.01233	0.01286	0.01364	0.03181	0.01144	0.00749	0.01160	0.00681	0.01090	0.00657	0.00970	0.06657	0.00238	0.70920	0.00419	0.00210	0.00522
66	0.01183	0.01199	0.02415	0.01754	0.02196	0.01145	0.62075	0.01681	0.11117	0.06716	0.01133	0.01349	0.00836	0.00439	0.00537	0.00156	0.00706	0.00542	0.00292	0.02528
67	0.05333	0.01170	0.01498	0.01142	0.01500	0.01241	0.14328	0.49847	0.01808	0.04191	0.06883	0.01536	0.06126	0.00600	0.00490	0.00146	0.00519	0.00507	0.00427	0.00709
68	0.01060	0.00998	0.01666	0.02484	0.66246	0.00990	0.01262	0.01307	0.01054	0.01485	0.01330	0.10820	0.06051	0.00591	0.00488	0.00147	0.00507	0.00562	0.00270	0.00683
69	0.01903	0.00762	0.01042	0.00844	0.01168	0.00669	0.00703	0.02090	0.01308	0.68344	0.01960	0.02188	0.01410	0.00696	0.00502	0.00157	0.00406	0.12543	0.00560	0.00745
70	0.01755	0.01117	0.01613	0.01203	0.01598	0.01115	0.18852	0.32612	0.01640	0.31470	0.01361	0.01340	0.00917	0.00533	0.00492	0.00147	0.00539	0.00473	0.00459	0.00764
71	0.00999	0.02044	0.56700	0.03892	0.13965	0.01110	0.11697	0.01481	0.01021	0.01495	0.00866	0.01064	0.00636	0.00438	0.00466	0.00149	0.00687	0.00388	0.00210	0.00692
72	0.00675	0.00500	0.00730	0.00730	0.00805	0.00574	0.00555	0.00824	0.00750	0.01074	0.01288	0.01992	0.01239	0.12573	0.72607	0.00724	0.01172	0.00526	0.00256	0.00406
73	0.39710	0.11015	0.08677	0.00941	0.01275	0.25892	0.03576	0.01556	0.01014	0.01624	0.00707	0.00830	0.00567	0.00448	0.00358	0.00134	0.00576	0.00289	0.00256	0.00554
74	0.00640	0.00481	0.00592	0.00564	0.00687	0.00433	0.00423	0.00836	0.01269	0.01735	0.61193	0.03778	0.23593	0.01022	0.00556	0.00151	0.00227	0.00889	0.00499	0.00433
75	0.01010	0.01034	0.01976	0.42196	0.13992	0.01110	0.29077	0.01349	0.01022	0.01362	0.00887	0.01250	0.00677	0.00438	0.00501	0.00155	0.00678	0.00468	0.00223	0.00596
76	0.86760	0.00912	0.00693	0.00620	0.00912	0.01058	0.00511	0.01386	0.00802	0.02115	0.00657	0.00766	0.00511	0.00438	0.00292	0.00146	0.00365	0.00255	0.00292	0.00511
77	0.00676	0.00495	0.00707	0.00707	0.00774	0.00562	0.00526	0.00810	0.00743	0.01057	0.01309	0.02108	0.01290	0.20102	0.65147	0.00695	0.01096	0.00543	0.00259	0.00393
78	0.00978	0.00838	0.00978	0.00698	0.01117	0.00629	0.00559	0.01187	0.00978	0.01536	0.00838	0.00978	0.00698	0.00349	0.00349	0.00070	0.00349	0.00279	0.00279	0.86312
79	0.01173	0.01013	0.01066	0.00960	0.01226	0.01173	0.00746	0.02505	0.79636	0.01972	0.01919	0.01759	0.01439	0.00640	0.00480	0.00160	0.00373	0.00533	0.00480	0.00746
80	0.00557	0.00478	0.00478	0.00478	0.00637	0.00398	0.00358	0.00677	0.01075	0.01274	0.04776	0.04538	0.80297	0.01194	0.00557	0.00159	0.00239	0.00995	0.00438	0.00398
81	0.01167	0.01120	0.01914	0.02894	0.80488	0.01120	0.01447	0.01447	0.01074	0.01540	0.00887	0.01167	0.00747	0.00420	0.00467	0.00140	0.00560	0.00420	0.00233	0.00747
82	0.00674	0.00475	0.00598	0.00596	0.00638	0.00496	0.00397	0.00749	0.00771	0.01054	0.06690	0.02791	0.05671	0.48265	0.27630	0.00519	0.00690	0.00654	0.00298	0.00345
83	0.00683	0.00458	0.00513	0.00513	0.00517	0.00456	0.00287	0.00685	0.00694	0.00922	0.01557	0.03117	0.03430	0.81634	0.02360	0.00451	0.00452	0.00692	0.00289	0.00288
84	0.01116	0.00867	0.01097	0.00966	0.10268	0.00692	0.00675	0.01331	0.01027	0.09660	0.00948	0.01064	0.00752	0.00381	0.00376	0.00086	0.00379	0.00316	0.00305	0.67695
85	0.31223	0.00840	0.00956	0.00764	0.01103	0.00818	0.00630	0.01984	0.01161	0.53752	0.01446	0.01316	0.00941	0.00533	0.00411	0.00146	0.00389	0.00399	0.00483	0.00702
86	0.82029	0.00986	0.00729	0.00653	0.00942	0.05538	0.00533	0.01414	0.00832	0.02062	0.00661	0.00771	0.00516	0.00440	0.00299	0.00145	0.00392	0.00258	0.00289	0.00513
87	0.01342	0.01120	0.01509	0.03126	0.31402	0.01177	0.02345	0.24857	0.15743	0.03504	0.01249	0.01337	0.02625	0.00520	0.00467	0.00141	0.00495	0.00449	0.00363	0.06227

[dist]
# distance from previous block
# <min> <max>
0	5

[block]
# block no. 4 follows, 54 sequences, length 189
# corresponding to MSA columns:
# 364-552
name=unknown_E
#
# <colnr> <probs for GDERKNQSTAVLIFYWHMCP>
#	G	D	E	R	K	N	Q	S	T	A	V	L	I	F	Y	W	H	M	C	P
0	0.01889	0.00752	0.01022	0.00801	0.01126	0.00654	0.00654	0.02078	0.01347	0.68483	0.14106	0.01904	0.01680	0.00643	0.00487	0.00146	0.00373	0.00533	0.00573	0.00747
1	0.01123	0.01587	0.27714	0.04563	0.02210	0.01120	0.42051	0.01596	0.04843	0.06979	0.01024	0.01229	0.00740	0.00441	0.00509	0.00155	0.00710	0.00478	0.00260	0.00668
2	0.01164	0.30362	0.43268	0.01142	0.01677	0.12185	0.01309	0.01518	0.01028	0.01316	0.00765	0.00894	0.00601	0.00438	0.00395	0.00129	0.00651	0.00309	0.00206	0.00645
3	0.00674	0.00505	0.00758	0.00758	0.00842	0.00589	0.00589	0.00842	0.00758	0.01095	0.01263	0.01852	0.01179	0.03536	0.81561	0.00758	0.01263	0.00505	0.00253	0.00421
4	0.01353	0.56242	0.07768	0.00974	0.01364	0.19651	0.03120	0.02564	0.01067	0.01183	0.00700	0.00814	0.00611	0.00427	0.00350	0.00111	0.00604	0.00281	0.00215	0.00602
5	0.86760	0.00912	0.00693	0.00620	0.00912	0.01058	0.00511	0.01386	0.00802	0.02115	0.00657	0.00766	0.00511	0.00438	0.00292	0.00146	0.00365	0.00255	0.00292	0.00511
6	0.86760	0.00912	0.00693	0.00620	0.00912	0.01058	0.00511	0.01386	0.00802	0.02115	0.00657	0.00766	0.00511	0.00438	0.00292	0.00146	0.00365	0.00255	0.00292	0.00511
7	0.00890	0.00838	0.01414	0.82296	0.03247	0.01048	0.01309	0.01205	0.00943	0.01205	0.00838	0.01257	0.00629	0.00471	0.00471	0.00157	0.00629	0.00419	0.00210	0.00524
8	0.01182	0.01008	0.01064	0.00950	0.01217	0.01159	0.00741	0.06148	0.72953	0.02006	0.03397	0.01813	0.02934	0.00653	0.00482	0.00159	0.00375	0.00542	0.00479	0.00737
9	0.02007	0.00976	0.01202	0.00921	0.01290	0.00951	0.00761	0.27983	0.01640	0.54719	0.01616	0.01446	0.01045	0.00578	0.00473	0.00144	0.00441	0.00458	0.00546	0.00802
10	0.04855	0.01295	0.01377	0.01064	0.01434	0.01437	0.00877	0.73424	0.04878	0.02905	0.01142	0.01141	0.00814	0.00564	0.00465	0.00142	0.00508	0.00422	0.00465	0.00789
11	0.01286	0.75102	0.05184	0.00845	0.01257	0.01810	0.00846	0.06802	0.01047	0.01252	0.00695	0.00791	0.00618	0.00416	0.00319	0.00105	0.00512	0.00268	0.00220	0.00622
12	0.00557	0.00478	0.00478	0.00478	0.00637	0.00398	0.00358	0.00677	0.01075	0.01274	0.04776	0.04538	0.80297	0.01194	0.00557	0.00159	0.00239	0.00995	0.00438	0.00398
13	0.00657	0.00482	0.00615	0.00582	0.00698	0.00440	0.00437	0.00869	0.01310	0.01831	0.72939	0.03620	0.11786	0.00986	0.00556	0.00149	0.00224	0.00866	0.00511	0.00440
14	0.01650	0.01501	0.06820	0.01080	0.01424	0.20869	0.00905	0.30542	0.16405	0.12135	0.01255	0.01232	0.00907	0.00554	0.00460	0.00141	0.00570	0.00416	0.00413	0.00722
15	0.00826	0.00434	0.00635	0.00631	0.00643	0.00442	0.00427	0.00687	0.03343	0.00868	0.00872	0.01459	0.00853	0.01670	0.04589	0.80316	0.00438	0.00417	0.00216	0.00231
16	0.02110	0.00811	0.01100	0.00843	0.01208	0.00706	0.00696	0.03617	0.01364	0.79475	0.01848	0.01597	0.01161	0.00583	0.00474	0.00146	0.00403	0.00473	0.00582	0.00802
17	0.07445	0.00786	0.00897	0.00840	0.01002	0.05803	0.04303	0.14406	0.01187	0.06005	0.01961	0.48001	0.02136	0.01076	0.00536	0.00171	0.00393	0.02122	0.00419	0.00511
18	0.01192	0.61891	0.17901	0.00924	0.01376	0.01665	0.00988	0.01504	0.06435	0.01245	0.00781	0.00873	0.00662	0.00429	0.00344	0.00115	0.00533	0.00291	0.00221	0.00633
19	0.01129	0.01074	0.01826	0.02742	0.74946	0.01076	0.01382	0.01398	0.01057	0.01513	0.00960	0.04062	0.00845	0.00565	0.03267	0.00163	0.00574	0.00455	0.00241	0.00723
20	0.00860	0.00777	0.01109	0.01002	0.01041	0.01030	0.00813	0.00991	0.00738	0.01112	0.00933	0.01452	0.00899	0.03766	0.38419	0.00465	0.43436	0.00461	0.00229	0.00467
21	0.01128	0.00803	0.00924	0.00812	0.01037	0.00851	0.00637	0.09680	0.30759	0.10451	0.31034	0.02473	0.03965	0.00773	0.00512	0.00154	0.00334	0.02537	0.00503	0.00632
