[name]
unknown

[dist]
# distance from previous block
# <min> <max>
0	74

[block]
# block no. 0 follows, 44 sequences, length 18
# corresponding to MSA columns:
# 81-98
name=unknown_A
#
# <colnr> <probs for GDERKNQSTAVLIFYWHMCP>
#	G	D	E	R	K	N	Q	S	T	A	V	L	I	F	Y	W	H	M	C	P
0	0.01034	0.01324	0.23542	0.01315	0.06442	0.00864	0.01259	0.01400	0.01236	0.04670	0.02179	0.04208	0.02204	0.01118	0.00662	0.00219	0.00599	0.44681	0.00414	0.00631
1	0.01737	0.32877	0.01925	0.01019	0.01431	0.01570	0.00893	0.09577	0.20736	0.20633	0.01532	0.01458	0.01131	0.00607	0.00471	0.00152	0.00516	0.00458	0.00456	0.00821
2	0.01390	0.19046	0.31793	0.01322	0.01850	0.22101	0.04279	0.01743	0.01261	0.01506	0.01307	0.01427	0.07556	0.00594	0.00492	0.00154	0.00763	0.00442	0.00271	0.00703
3	0.01583	0.32516	0.21799	0.01208	0.01751	0.01761	0.01249	0.28089	0.01639	0.02166	0.01012	0.01101	0.00779	0.00547	0.00463	0.00148	0.00646	0.00391	0.00344	0.00808
4	0.00947	0.00473	0.00710	0.00710	0.00710	0.00473	0.00473	0.00710	0.00710	0.00947	0.00947	0.01657	0.00947	0.01894	0.02131	0.84138	0.00473	0.00473	0.00237	0.00237
5	0.01288	0.01341	0.02578	0.02472	0.29287	0.01261	0.39059	0.01670	0.01250	0.01763	0.01057	0.01382	0.00838	0.00461	0.00574	0.00162	0.00753	0.00544	0.00280	0.11980
6	0.01811	0.01360	0.01461	0.01185	0.01570	0.01518	0.00958	0.43843	0.31328	0.06473	0.01703	0.01617	0.01234	0.00689	0.00549	0.00172	0.00528	0.00542	0.00555	0.00902
7	0.01491	0.01434	0.02537	0.01847	0.02350	0.01415	0.46128	0.21700	0.05508	0.02232	0.01207	0.01432	0.00896	0.00523	0.00595	0.00171	0.00771	0.00578	0.00366	0.06820
8	0.03685	0.01776	0.01909	0.02224	0.33205	0.29898	0.07219	0.07355	0.01448	0.01742	0.01139	0.01348	0.03514	0.00557	0.00529	0.00157	0.00771	0.00468	0.00305	0.00751
9	0.00793	0.00529	0.00595	0.00595	0.00595	0.00529	0.00330	0.00793	0.00793	0.01057	0.01718	0.03568	0.01982	0.80840	0.02775	0.00529	0.00529	0.00793	0.00330	0.00330
10	0.01030	0.00969	0.01635	0.79530	0.03755	0.01211	0.01514	0.01393	0.01090	0.01393	0.00969	0.01453	0.00727	0.00545	0.00545	0.00182	0.00727	0.00484	0.00242	0.00606
11	0.01287	0.01471	0.03217	0.02298	0.02849	0.01379	0.75460	0.01746	0.01287	0.01746	0.01103	0.01471	0.00827	0.00460	0.00643	0.00184	0.00919	0.00643	0.00276	0.00735
12	0.02057	0.01986	0.01597	0.01319	0.01688	0.34681	0.01044	0.44139	0.02127	0.02535	0.01109	0.01169	0.00831	0.00615	0.00522	0.00154	0.00764	0.00431	0.00432	0.00801
13	0.00904	0.00593	0.00770	0.00725	0.00882	0.00543	0.00561	0.01147	0.01494	0.08120	0.58722	0.04174	0.10656	0.01136	0.00645	0.00179	0.00297	0.07320	0.00590	0.00542
14	0.00690	0.00554	0.00615	0.00600	0.00764	0.00480	0.00450	0.00870	0.01350	0.01728	0.31112	0.04827	0.51470	0.01286	0.00644	0.00180	0.00269	0.01092	0.00540	0.00480
15	0.02126	0.01768	0.01494	0.01235	0.01604	0.30504	0.00978	0.26991	0.04604	0.21231	0.01377	0.01349	0.00975	0.00628	0.00526	0.00157	0.00704	0.00457	0.00478	0.00814
16	0.01349	0.01295	0.02213	0.03346	0.77440	0.01295	0.01673	0.01673	0.01241	0.01781	0.01025	0.01349	0.00864	0.00486	0.00540	0.00162	0.00648	0.00486	0.00270	0.00864
17	0.00659	0.00557	0.00573	0.00582	0.00762	0.00471	0.00444	0.00805	0.01243	0.01483	0.05352	0.05305	0.72421	0.01389	0.00651	0.00188	0.00291	0.05854	0.00506	0.00463

[dist]
# distance from previous block
# <min> <max>
7	17

[block]
# block no. 1 follows, 44 sequences, length 41
# corresponding to MSA columns:
# 117-157
name=unknown_B
#
# <colnr> <probs for GDERKNQSTAVLIFYWHMCP>
#	G	D	E	R	K	N	Q	S	T	A	V	L	I	F	Y	W	H	M	C	P
0	0.01354	0.36376	0.09677	0.01174	0.01583	0.01731	0.05173	0.02005	0.24293	0.01662	0.01244	0.01324	0.01004	0.00604	0.00590	0.00159	0.08518	0.00441	0.00335	0.00752
1	0.05009	0.01311	0.05953	0.01314	0.01765	0.01194	0.17728	0.24285	0.01591	0.02268	0.01299	0.09204	0.01113	0.00635	0.00534	0.00153	0.00595	0.00573	0.00395	0.23081
2	0.06379	0.09527	0.01588	0.01170	0.01539	0.12553	0.00955	0.34841	0.17926	0.02530	0.01439	0.01441	0.02801	0.00656	0.00536	0.00162	0.02203	0.00482	0.00460	0.00812
3	0.01349	0.01295	0.02213	0.03346	0.77440	0.01295	0.01673	0.01673	0.01241	0.01781	0.01025	0.01349	0.00864	0.00486	0.00540	0.00162	0.00648	0.00486	0.00270	0.00864
4	0.02037	0.02598	0.01545	0.01404	0.01685	0.78652	0.01053	0.02177	0.01545	0.01334	0.00843	0.00983	0.00702	0.00562	0.00492	0.00140	0.00983	0.00351	0.00281	0.00632
5	0.27768	0.00967	0.01122	0.00892	0.01288	0.00931	0.00736	0.02332	0.01366	0.54612	0.01722	0.01557	0.01116	0.00623	0.00483	0.00169	0.00451	0.00470	0.00571	0.00824
6	0.22818	0.01191	0.01075	0.00923	0.01229	0.08878	0.00732	0.24284	0.01594	0.04362	0.02261	0.07774	0.19055	0.00855	0.00521	0.00172	0.00492	0.00660	0.00457	0.00666
7	0.00890	0.03139	0.22727	0.00966	0.01289	0.00779	0.00979	0.01234	0.01341	0.01893	0.39580	0.03398	0.04990	0.05397	0.00731	0.00199	0.00464	0.08958	0.00458	0.00589
8	0.00879	0.00628	0.00879	0.01004	0.01130	0.00628	0.00879	0.01130	0.01255	0.01632	0.02887	0.06150	0.03138	0.01506	0.00753	0.00251	0.00502	0.73770	0.00502	0.00502
9	0.01093	0.02820	0.78016	0.01554	0.02360	0.01266	0.02014	0.01727	0.01151	0.01727	0.00978	0.01151	0.00691	0.00518	0.00518	0.00173	0.00806	0.00403	0.00230	0.00806
10	0.02041	0.02468	0.01556	0.01386	0.01686	0.69319	0.01051	0.11084	0.01668	0.01589	0.00899	0.01023	0.00730	0.00573	0.00498	0.00143	0.00937	0.00368	0.00313	0.00668
11	0.01193	0.01193	0.01670	0.01431	0.01431	0.01670	0.01193	0.01312	0.00835	0.01312	0.00716	0.01193	0.00716	0.00954	0.01789	0.00239	0.79843	0.00477	0.00239	0.00596
12	0.00684	0.00554	0.00607	0.00593	0.00760	0.00477	0.00445	0.00858	0.01335	0.01692	0.27576	0.04885	0.55028	0.01299	0.00644	0.00180	0.00270	0.01100	0.00535	0.00477
13	0.00793	0.00529	0.00595	0.00595	0.00595	0.00529	0.00330	0.00793	0.00793	0.01057	0.01718	0.03568	0.01982	0.80840	0.02775	0.00529	0.00529	0.00793	0.00330	0.00330
14	0.01230	0.01168	0.01880	0.28836	0.24609	0.01350	0.06221	0.05621	0.03143	0.01652	0.01094	0.01462	0.02460	0.00631	0.00795	0.00186	0.16157	0.00512	0.00282	0.00709
15	0.01349	0.01295	0.02213	0.03346	0.77440	0.01295	0.01673	0.01673	0.01241	0.01781	0.01025	0.01349	0.00864	0.00486	0.00540	0.00162	0.00648	0.00486	0.00270	0.00864
16	0.02207	0.01311	0.01502	0.01152	0.01583	0.01370	0.00951	0.49304	0.02202	0.30265	0.01613	0.01506	0.01079	0.00662	0.00546	0.00165	0.00551	0.00512	0.00592	0.00927
17	0.01115	0.01058	0.01782	0.58027	0.22219	0.01246	0.01544	0.01461	0.01121	0.01488	0.00976	0.01419	0.00761	0.00542	0.00581	0.00178	0.03079	0.00485	0.00249	0.00670
18	0.01854	0.01866	0.01484	0.01275	0.01611	0.33235	0.00994	0.24782	0.23122	0.02244	0.01376	0.01381	0.01044	0.00641	0.00526	0.00160	0.00710	0.00469	0.00439	0.00788
19	0.01336	0.01295	0.02251	0.05601	0.71070	0.01297	0.05757	0.01669	0.01239	0.01767	0.01028	0.01359	0.00857	0.00486	0.00546	0.00164	0.00665	0.00494	0.00269	0.00849
20	0.01366	0.61571	0.21656	0.01088	0.01639	0.01934	0.01203	0.01656	0.01119	0.01394	0.00813	0.00944	0.00697	0.00479	0.00392	0.00131	0.00639	0.00319	0.00232	0.00726
21	0.01093	0.02820	0.78016	0.01554	0.02360	0.01266	0.02014	0.01727	0.01151	0.01727	0.00978	0.01151	0.00691	0.00518	0.00518	0.00173	0.00806	0.00403	0.00230	0.00806
22	0.00779	0.00584	0.00876	0.00876	0.00974	0.00681	0.00681	0.00974	0.00876	0.01266	0.01460	0.02142	0.01363	0.04089	0.78680	0.00876	0.01460	0.00584	0.00292	0.00487
23	0.00707	0.00505	0.00681	0.00807	0.00858	0.00479	0.00580	0.00832	0.01085	0.01439	0.02981	0.65817	0.03513	0.01668	0.00707	0.00227	0.00353	0.15800	0.00505	0.00454
24	0.71940	0.01072	0.00867	0.00777	0.01110	0.01243	0.00632	0.01801	0.12484	0.02421	0.00982	0.01061	0.00755	0.00542	0.00371	0.00171	0.00423	0.00344	0.00371	0.00632
25	0.00703	0.00495	0.00641	0.00729	0.00757	0.00480	0.00477	0.00782	0.00972	0.01304	0.02590	0.56701	0.03062	0.20584	0.06763	0.00341	0.00448	0.01302	0.00449	0.00419
26	0.00755	0.00545	0.00714	0.00697	0.00811	0.00503	0.00513	0.00988	0.01467	0.02065	0.65807	0.15764	0.04909	0.01205	0.00651	0.00179	0.00266	0.01072	0.00586	0.00503
27	0.06680	0.00959	0.01237	0.00971	0.01376	0.00879	0.00796	0.02625	0.09031	0.66268	0.02084	0.01822	0.01341	0.00672	0.00538	0.00170	0.00458	0.00542	0.00645	0.00903
28	0.01251	0.01195	0.02035	0.26802	0.54753	0.01269	0.01624	0.01587	0.01195	0.01662	0.01008	0.01381	0.00821	0.00504	0.00541	0.00168	0.00672	0.00485	0.00261	0.00784
29	0.00668	0.00487	0.00630	0.00735	0.00787	0.00448	0.00497	0.00776	0.01090	0.01442	0.07173	0.68911	0.11063	0.01644	0.00688	0.00215	0.00309	0.01480	0.00511	0.00448
30	0.00745	0.00544	0.00625	0.00625	0.00696	0.00531	0.00410	0.00817	0.00944	0.01217	0.02850	0.03866	0.25051	0.44632	0.13733	0.00476	0.00593	0.00871	0.00379	0.00394
31	0.00920	0.00667	0.00861	0.00930	0.01061	0.00668	0.00755	0.08461	0.01320	0.01730	0.02904	0.28504	0.06973	0.01476	0.00709	0.00230	0.00443	0.40357	0.00508	0.00524
32	0.01193	0.01193	0.01670	0.01431	0.01431	0.01670	0.01193	0.01312	0.00835	0.01312	0.00716	0.01193	0.00716	0.00954	0.01789	0.00239	0.79843	0.00477	0.00239	0.00596
33	0.00774	0.00553	0.00735	0.00729	0.00803	0.00572	0.00517	0.00926	0.01066	0.01495	0.24926	0.07495	0.02833	0.25548	0.28074	0.00521	0.00753	0.00823	0.00410	0.00447
34	0.01245	0.01212	0.02133	0.26700	0.47509	0.01278	0.08791	0.01594	0.01199	0.01658	0.01016	0.01393	0.00818	0.00501	0.00551	0.00170	0.00698	0.00501	0.00262	0.00772
35	0.01289	0.44855	0.37692	0.01221	0.01844	0.01744	0.01434	0.01676	0.01128	0.01488	0.00860	0.01003	0.00695	0.00490	0.00428	0.00143	0.00686	0.00343	0.00232	0.00749
36	0.01041	0.00851	0.00940	0.01002	0.01150	0.08476	0.00819	0.01360	0.07517	0.03910	0.04291	0.18200	0.02845	0.01350	0.00692	0.00225	0.00505	0.43788	0.00492	0.00548
37	0.02071	0.01714	0.01589	0.01279	0.01669	0.22569	0.03259	0.39662	0.04647	0.14116	0.01335	0.01333	0.00953	0.00629	0.00534	0.00159	0.00688	0.00470	0.00485	0.00839
38	0.01318	0.01230	0.01830	0.36575	0.02768	0.05580	0.15167	0.06681	0.16968	0.04415	0.01310	0.01556	0.00974	0.00582	0.00563	0.00179	0.00698	0.00537	0.00350	0.00717
39	0.01405	0.01251	0.02029	0.15666	0.55262	0.01303	0.01555	0.08843	0.01356	0.04506	0.01083	0.01380	0.00864	0.00518	0.00541	0.00166	0.00650	0.00488	0.00306	0.00829
40	0.01430	0.01219	0.01479	0.07506	0.06699	0.06789	0.02671	0.20725	0.02712	0.04611	0.01323	0.09314	0.01180	0.01100	0.08360	0.00247	0.14915	0.00588	0.00383	0.06749

[dist]
# distance from previous block
# <min> <max>
4	38

[block]
# block no. 2 follows, 44 sequences, length 30
# corresponding to MSA columns:
# 198-227
name=unknown_C
#
# <colnr> <probs for GDERKNQSTAVLIFYWHMCP>
#	G	D	E	R	K	N	Q	S	T	A	V	L	I	F	Y	W	H	M	C	P
0	0.58280	0.01335	0.01119	0.00953	0.01304	0.13151	0.05219	0.04651	0.02994	0.02241	0.00859	0.00991	0.00671	0.00519	0.00396	0.00162	0.00545	0.00342	0.00338	0.03932
1	0.38162	0.01287	0.02149	0.01599	0.02056	0.01310	0.42358	0.01683	0.01128	0.02056	0.00951	0.01212	0.00723	0.00480	0.00508	0.00177	0.00699	0.00489	0.00303	0.00671
2	0.24773	0.01345	0.02483	0.01821	0.02305	0.01334	0.52376	0.01737	0.03204	0.01958	0.01036	0.01321	0.00783	0.00480	0.00555	0.00180	0.00766	0.00545	0.00301	0.00698
3	0.25858	0.01882	0.01321	0.01151	0.01482	0.39719	0.00896	0.12678	0.01506	0.05601	0.00951	0.01047	0.00736	0.00561	0.00456	0.00152	0.00728	0.00364	0.00355	0.02556
4	0.30716	0.00771	0.00825	0.00868	0.01070	0.00825	0.00738	0.01268	0.01132	0.01906	0.02291	0.06127	0.06709	0.01147	0.00597	0.00217	0.00455	0.41364	0.00444	0.00529
5	0.00870	0.00625	0.00866	0.00987	0.01115	0.00621	0.00861	0.01116	0.01255	0.01626	0.02986	0.06116	0.05921	0.01501	0.00749	0.00248	0.00494	0.71042	0.00502	0.00500
6	0.01207	0.01213	0.02146	0.01533	0.02050	0.01044	0.37072	0.01555	0.01207	0.01762	0.01034	0.01296	0.00817	0.00431	0.00520	0.00131	0.00655	0.00479	0.00300	0.43548
7	0.01458	0.81168	0.02857	0.00933	0.01399	0.02157	0.00933	0.01632	0.01108	0.01283	0.00758	0.00875	0.00700	0.00466	0.00350	0.00117	0.00583	0.00292	0.00233	0.00700
8	0.01130	0.00969	0.01130	0.00807	0.01292	0.00727	0.00646	0.01373	0.01130	0.01776	0.00969	0.01130	0.00807	0.00404	0.00404	0.00081	0.00404	0.00323	0.00323	0.84173
9	0.00657	0.00502	0.00604	0.00685	0.00771	0.00449	0.00473	0.00767	0.01115	0.01421	0.03902	0.53682	0.29829	0.01591	0.00677	0.00208	0.00302	0.01408	0.00506	0.00449
10	0.02037	0.02598	0.01545	0.01404	0.01685	0.78652	0.01053	0.02177	0.01545	0.01334	0.00843	0.00983	0.00702	0.00562	0.00492	0.00140	0.00983	0.00351	0.00281	0.00632
11	0.02446	0.00928	0.01265	0.00970	0.01392	0.00801	0.00801	0.02657	0.01560	0.77817	0.02151	0.01856	0.01350	0.00675	0.00548	0.00169	0.00464	0.00548	0.00675	0.00928
12	0.00664	0.00474	0.00633	0.00759	0.00791	0.00443	0.00506	0.00759	0.01044	0.01392	0.03005	0.80485	0.03606	0.01708	0.00696	0.00221	0.00316	0.01550	0.00506	0.00443
13	0.01287	0.01471	0.03217	0.02298	0.02849	0.01379	0.75460	0.01746	0.01287	0.01746	0.01103	0.01471	0.00827	0.00460	0.00643	0.00184	0.00919	0.00643	0.00276	0.00735
14	0.01849	0.02205	0.01459	0.01323	0.01612	0.57341	0.01001	0.02375	0.22198	0.01595	0.01222	0.01273	0.00967	0.00611	0.00509	0.00153	0.00831	0.00424	0.00356	0.00696
15	0.00664	0.00474	0.00633	0.00759	0.00791	0.00443	0.00506	0.00759	0.01044	0.01392	0.03005	0.80485	0.03606	0.01708	0.00696	0.00221	0.00316	0.01550	0.00506	0.00443
16	0.02446	0.00928	0.01265	0.00970	0.01392	0.00801	0.00801	0.02657	0.01560	0.77817	0.02151	0.01856	0.01350	0.00675	0.00548	0.00169	0.00464	0.00548	0.00675	0.00928
17	0.01974	0.01491	0.01662	0.01283	0.01712	0.01647	0.04002	0.65859	0.09424	0.03260	0.01386	0.01383	0.00992	0.00655	0.00550	0.00166	0.00597	0.00509	0.00535	0.00913
18	0.01287	0.01471	0.03217	0.02298	0.02849	0.01379	0.75460	0.01746	0.01287	0.01746	0.01103	0.01471	0.00827	0.00460	0.00643	0.00184	0.00919	0.00643	0.00276	0.00735
19	0.84691	0.01054	0.00801	0.00717	0.01054	0.01223	0.00590	0.01603	0.00928	0.02446	0.00759	0.00886	0.00590	0.00506	0.00337	0.00169	0.00422	0.00295	0.00337	0.00590
20	0.01794	0.02090	0.01434	0.01299	0.01590	0.51116	0.00986	0.02433	0.28231	0.01671	0.01333	0.01358	0.01045	0.00625	0.00514	0.00156	0.00787	0.00446	0.00378	0.00714
21	0.01030	0.00969	0.01635	0.79530	0.03755	0.01211	0.01514	0.01393	0.01090	0.01393	0.00969	0.01453	0.00727	0.00545	0.00545	0.00182	0.00727	0.00484	0.00242	0.00606
22	0.01714	0.02018	0.01397	0.01192	0.01545	0.50892	0.00908	0.01890	0.01397	0.01492	0.00888	0.01036	0.00740	0.00505	0.00460	0.00119	0.00777	0.00341	0.00296	0.30392
23	0.01337	0.01123	0.01806	0.01298	0.01796	0.00942	0.24318	0.01644	0.01231	0.10839	0.01152	0.01325	0.00878	0.00454	0.00497	0.00124	0.00574	0.00451	0.00350	0.47862
24	0.01141	0.01170	0.02384	0.01837	0.02237	0.01111	0.48891	0.01527	0.01275	0.01705	0.01738	0.03137	0.01650	0.00832	0.00682	0.00208	0.00771	0.26694	0.00356	0.00652
25	0.00845	0.00604	0.00840	0.00961	0.01073	0.00598	0.00816	0.01075	0.01233	0.01613	0.04901	0.16588	0.03258	0.01524	0.00742	0.00245	0.00469	0.61617	0.00505	0.00494
26	0.30880	0.00817	0.00893	0.00892	0.01131	0.00858	0.00762	0.01439	0.01161	0.08554	0.02003	0.03739	0.01999	0.01042	0.00576	0.00209	0.00467	0.38853	0.00453	0.03273
27	0.17880	0.01175	0.01642	0.01214	0.01678	0.01104	0.18997	0.10568	0.01317	0.04590	0.01040	0.01211	0.00802	0.00477	0.00471	0.00136	0.00559	0.00424	0.00353	0.34364
28	0.14265	0.00756	0.01033	0.01051	0.01240	0.00776	0.06160	0.01249	0.01205	0.01770	0.02420	0.04976	0.02567	0.01272	0.00679	0.00233	0.00519	0.56837	0.00460	0.00533
29	0.52066	0.01048	0.01032	0.00860	0.01226	0.01108	0.03657	0.05997	0.01127	0.05581	0.01055	0.01396	0.00873	0.00574	0.00413	0.00159	0.00457	0.05585	0.00371	0.15414

[dist]
# distance from previous block
# <min> <max>
7	30

[block]
# block no. 3 follows, 44 sequences, length 9
# corresponding to MSA columns:
# 258-266
name=unknown_D
#
# <colnr> <probs for GDERKNQSTAVLIFYWHMCP>
#	G	D	E	R	K	N	Q	S	T	A	V	L	I	F	Y	W	H	M	C	P
0	0.01892	0.01508	0.01422	0.01185	0.01547	0.23691	0.04458	0.02445	0.21109	0.26692	0.01653	0.01578	0.01179	0.00629	0.00528	0.00159	0.00625	0.00497	0.00484	0.06717
1	0.02352	0.01312	0.01330	0.01070	0.01459	0.18704	0.00859	0.02547	0.01557	0.60229	0.01850	0.01655	0.01201	0.00649	0.00535	0.00162	0.00583	0.00503	0.00584	0.00860
2	0.01797	0.01370	0.01487	0.01140	0.01577	0.01442	0.00932	0.52598	0.08279	0.02960	0.01305	0.01327	0.00960	0.00604	0.00514	0.00146	0.00541	0.00463	0.00495	0.20065
3	0.01989	0.02499	0.01523	0.01384	0.01667	0.73292	0.01040	0.02227	0.06739	0.01400	0.00938	0.01056	0.00769	0.00574	0.00496	0.00144	0.00945	0.00370	0.00300	0.00648
4	0.00713	0.00510	0.00689	0.00815	0.00869	0.00485	0.00592	0.00844	0.01092	0.01447	0.02978	0.63391	0.03498	0.01662	0.00709	0.00228	0.00359	0.18157	0.00505	0.00456
5	0.00679	0.00485	0.00650	0.00776	0.00814	0.00456	0.00532	0.00785	0.01058	0.01408	0.02997	0.75330	0.03573	0.01694	0.00700	0.00223	0.00329	0.06558	0.00506	0.00447
6	0.01288	0.01405	0.02350	0.01815	0.02078	0.06423	0.34205	0.01560	0.01081	0.01507	0.00896	0.01303	0.00764	0.00709	0.01197	0.00208	0.39749	0.00543	0.00258	0.00660
7	0.01703	0.01343	0.01428	0.01180	0.01550	0.01518	0.00947	0.38104	0.40683	0.02840	0.01778	0.01683	0.01307	0.00698	0.00550	0.00175	0.00513	0.00556	0.00550	0.00894
8	0.00771	0.00588	0.00747	0.00770	0.00906	0.00508	0.00538	0.00900	0.01064	0.01480	0.02537	0.62236	0.02962	0.01408	0.00629	0.00189	0.00336	0.01268	0.00464	0.19697

[dist]
# distance from previous block
# <min> <max>
46	134

[block]
# block no. 4 follows, 44 sequences, length 7
# corresponding to MSA columns:
# 436-439,445-447
name=unknown_E
#
# <colnr> <probs for GDERKNQSTAVLIFYWHMCP>
#	G	D	E	R	K	N	Q	S	T	A	V	L	I	F	Y	W	H	M	C	P
0	0.58458	0.01421	0.00988	0.00891	0.01202	0.21048	0.00705	0.01716	0.01123	0.02145	0.05354	0.01101	0.00892	0.00557	0.00395	0.00162	0.00556	0.00351	0.00339	0.00597
1	0.01095	0.01112	0.02210	0.01716	0.02095	0.01050	0.44282	0.01457	0.01272	0.01684	0.02092	0.03340	0.08675	0.00885	0.00679	0.00206	0.00724	0.24423	0.00371	0.00634
2	0.01056	0.00809	0.01014	0.00954	0.01215	0.00747	0.00802	0.08107	0.01327	0.01832	0.02153	0.07956	0.02236	0.01097	0.00623	0.00189	0.00471	0.40567	0.00451	0.26394
3	0.02037	0.02598	0.01545	0.01404	0.01685	0.78652	0.01053	0.02177	0.01545	0.01334	0.00843	0.00983	0.00702	0.00562	0.00492	0.00140	0.00983	0.00351	0.00281	0.00632
4	0.01425	0.01273	0.02442	0.01754	0.02271	0.01141	0.46970	0.01797	0.01292	0.13185	0.01229	0.01450	0.00901	0.00479	0.00574	0.00158	0.00732	0.00555	0.00347	0.20024
5	0.00853	0.00619	0.00843	0.00955	0.01087	0.00609	0.00828	0.01092	0.01254	0.01614	0.03174	0.06051	0.11211	0.01492	0.00741	0.00244	0.00477	0.65856	0.00502	0.00497
6	0.27073	0.00739	0.00790	0.00716	0.00930	0.00756	0.00559	0.01324	0.01352	0.07648	0.47982	0.02920	0.03453	0.00893	0.00541	0.00170	0.00323	0.00739	0.00523	0.00568

[dist]
# distance from previous block
# <min> <max>
83	335

[block]
# block no. 5 follows, 44 sequences, length 9
# corresponding to MSA columns:
# 846-854
name=unknown_F
#
# <colnr> <probs for GDERKNQSTAVLIFYWHMCP>
#	G	D	E	R	K	N	Q	S	T	A	V	L	I	F	Y	W	H	M	C	P
0	0.00768	0.00568	0.00728	0.00732	0.00864	0.00521	0.00560	0.00985	0.01375	0.01883	0.43659	0.15727	0.13435	0.01271	0.00660	0.00189	0.00310	0.12015	0.00551	0.03199
1	0.11827	0.01622	0.01356	0.24096	0.02082	0.34590	0.01050	0.01703	0.01335	0.01618	0.12346	0.01573	0.01364	0.00633	0.00511	0.00161	0.00729	0.00479	0.00325	0.00601
2	0.01028	0.00871	0.01368	0.13480	0.23859	0.00903	0.01185	0.01312	0.01226	0.01632	0.02176	0.03995	0.05567	0.01057	0.00654	0.00211	0.00568	0.37891	0.00395	0.00622
3	0.05202	0.01018	0.01292	0.01202	0.12744	0.00843	0.00814	0.01562	0.01182	0.09692	0.01090	0.01227	0.00862	0.00449	0.00436	0.00106	0.00448	0.00370	0.00352	0.59109
4	0.04773	0.01072	0.01540	0.01109	0.01598	0.00882	0.15665	0.01506	0.01169	0.04678	0.01032	0.01216	0.00823	0.00430	0.00454	0.00109	0.00510	0.00395	0.00327	0.60712
5	0.12704	0.33997	0.05126	0.01130	0.01515	0.34456	0.00983	0.01863	0.01271	0.01477	0.00803	0.00933	0.00686	0.00514	0.00415	0.00136	0.00741	0.00322	0.00267	0.00661
6	0.00828	0.00596	0.00818	0.00937	0.01048	0.00586	0.00788	0.01045	0.01217	0.01580	0.03046	0.19358	0.07110	0.01535	0.00737	0.00242	0.00457	0.57079	0.00503	0.00489
7	0.01101	0.01095	0.02180	0.01718	0.02079	0.01048	0.42386	0.01465	0.01254	0.01677	0.01823	0.03345	0.01763	0.01052	0.04570	0.00245	0.00782	0.29420	0.00366	0.00631
8	0.01395	0.01322	0.02234	0.01872	0.13252	0.01250	0.31460	0.14855	0.01467	0.02062	0.01093	0.01334	0.00845	0.00484	0.00547	0.00150	0.00686	0.00508	0.00336	0.22850

[dist]
# distance from previous block
# <min> <max>
12	53

[block]
# block no. 6 follows, 44 sequences, length 13
# corresponding to MSA columns:
# 908-920
name=unknown_G
#
# <colnr> <probs for GDERKNQSTAVLIFYWHMCP>
#	G	D	E	R	K	N	Q	S	T	A	V	L	I	F	Y	W	H	M	C	P
0	0.01478	0.01547	0.02018	0.01518	0.01975	0.19730	0.28755	0.01775	0.01312	0.05756	0.01052	0.01261	0.00819	0.00477	0.00522	0.00138	0.00739	0.00462	0.00314	0.28350
1	0.00840	0.00618	0.00844	0.00756	0.00809	0.00609	0.07467	0.00883	0.00840	0.01123	0.01659	0.03368	0.01872	0.73205	0.02572	0.00496	0.00566	0.00779	0.00325	0.00369
2	0.00780	0.00567	0.00764	0.00864	0.00928	0.00570	0.00660	0.00927	0.01093	0.01449	0.02747	0.41449	0.03158	0.09117	0.00958	0.00263	0.03526	0.29242	0.00477	0.00461
3	0.01030	0.00969	0.01635	0.79530	0.03755	0.01211	0.01514	0.01393	0.01090	0.01393	0.00969	0.01453	0.00727	0.00545	0.00545	0.00182	0.00727	0.00484	0.00242	0.00606
4	0.01589	0.01492	0.02608	0.01896	0.02403	0.01499	0.46805	0.30190	0.01778	0.02397	0.01182	0.01408	0.00866	0.00535	0.00606	0.00176	0.00796	0.00585	0.00380	0.00809
5	0.02072	0.01527	0.01636	0.01254	0.01691	0.01691	0.01036	0.75622	0.02563	0.03436	0.01309	0.01309	0.00927	0.00654	0.00545	0.00164	0.00600	0.00491	0.00545	0.00927
6	0.01130	0.00969	0.01130	0.00807	0.01292	0.00727	0.00646	0.01373	0.01130	0.01776	0.00969	0.01130	0.00807	0.00404	0.00404	0.00081	0.00404	0.00323	0.00323	0.84173
7	0.02072	0.01527	0.01636	0.01254	0.01691	0.01691	0.01036	0.75622	0.02563	0.03436	0.01309	0.01309	0.00927	0.00654	0.00545	0.00164	0.00600	0.00491	0.00545	0.00927
8	0.01130	0.00969	0.01130	0.00807	0.01292	0.00727	0.00646	0.01373	0.01130	0.01776	0.00969	0.01130	0.00807	0.00404	0.00404	0.00081	0.00404	0.00323	0.00323	0.84173
9	0.02185	0.01281	0.01475	0.01138	0.01563	0.01333	0.00938	0.44316	0.05441	0.32023	0.01673	0.01551	0.01122	0.00666	0.00547	0.00167	0.00540	0.00518	0.00596	0.00925
10	0.01220	0.31788	0.01707	0.00915	0.01230	0.01413	0.00786	0.01852	0.25059	0.01868	0.24049	0.02197	0.02333	0.00746	0.00502	0.00155	0.00438	0.00602	0.00445	0.00696
11	0.01524	0.00823	0.01055	0.00832	0.01179	0.00688	0.00664	0.01758	0.01426	0.31183	0.25509	0.02340	0.02387	0.00733	0.00535	0.00143	0.00381	0.00619	0.00546	0.25673
12	0.01713	0.01393	0.02160	0.01585	0.02069	0.01391	0.29630	0.32929	0.01835	0.09687	0.01276	0.01405	0.00917	0.00557	0.00569	0.00164	0.00691	0.00538	0.00432	0.09059

[dist]
# distance from previous block
# <min> <max>
6	51

[block]
# block no. 7 follows, 44 sequences, length 8
# corresponding to MSA columns:
# 978-985
name=unknown_H
#
# <colnr> <probs for GDERKNQSTAVLIFYWHMCP>
#	G	D	E	R	K	N	Q	S	T	A	V	L	I	F	Y	W	H	M	C	P
0	0.07243	0.01113	0.01824	0.01373	0.01752	0.01076	0.26360	0.01441	0.01165	0.01763	0.07351	0.03931	0.04266	0.00637	0.00702	0.00159	0.11081	0.00573	0.00332	0.25856
1	0.19629	0.01189	0.01522	0.01161	0.01589	0.02944	0.14825	0.11744	0.05013	0.03932	0.01152	0.03990	0.00930	0.00543	0.00477	0.00144	0.00545	0.00463	0.00373	0.27835
2	0.01344	0.01349	0.01653	0.01280	0.01706	0.11674	0.16539	0.01947	0.20273	0.01837	0.01296	0.01411	0.01014	0.00522	0.00504	0.00137	0.00599	0.00469	0.00366	0.34080
3	0.07461	0.01362	0.02048	0.01505	0.01986	0.07400	0.31740	0.07930	0.01336	0.01919	0.01028	0.01257	0.00801	0.00468	0.00517	0.00142	0.00682	0.00470	0.00320	0.29625
4	0.01592	0.01357	0.02293	0.01692	0.02170	0.01343	0.37479	0.18144	0.10763	0.10897	0.01397	0.01530	0.01010	0.00558	0.00587	0.00172	0.00710	0.00579	0.00417	0.05312
5	0.00904	0.00775	0.01159	0.01101	0.01226	0.00845	0.07671	0.01099	0.01124	0.01505	0.02617	0.21532	0.11102	0.01330	0.00926	0.00228	0.16436	0.27466	0.00430	0.00524
6	0.01287	0.01120	0.01373	0.01002	0.01478	0.04648	0.07581	0.05105	0.01252	0.04835	0.01038	0.01192	0.00831	0.00440	0.00443	0.00101	0.00491	0.00371	0.00341	0.65071
7	0.18393	0.01753	0.01455	0.01259	0.01585	0.32623	0.07755	0.02239	0.24010	0.01882	0.01265	0.01326	0.00982	0.00595	0.00494	0.00164	0.00698	0.00447	0.00374	0.00703

[dist]
# distance from previous block
# <min> <max>
1	2

[block]
# block no. 8 follows, 44 sequences, length 6
# corresponding to MSA columns:
# 988-993
name=unknown_I
#
# <colnr> <probs for GDERKNQSTAVLIFYWHMCP>
#	G	D	E	R	K	N	Q	S	T	A	V	L	I	F	Y	W	H	M	C	P
0	0.00879	0.00628	0.00879	0.01004	0.01130	0.00628	0.00879	0.01130	0.01255	0.01632	0.02887	0.06150	0.03138	0.01506	0.00753	0.00251	0.00502	0.73770	0.00502	0.00502
1	0.00644	0.00552	0.00552	0.00552	0.00736	0.00460	0.00414	0.00782	0.01243	0.01473	0.05523	0.05247	0.77218	0.01381	0.00644	0.00184	0.00276	0.01151	0.00506	0.00460
2	0.01130	0.00969	0.01130	0.00807	0.01292	0.00727	0.00646	0.01373	0.01130	0.01776	0.00969	0.01130	0.00807	0.00404	0.00404	0.00081	0.00404	0.00323	0.00323	0.84173
3	0.02072	0.01527	0.01636	0.01254	0.01691	0.01691	0.01036	0.75622	0.02563	0.03436	0.01309	0.01309	0.00927	0.00654	0.00545	0.00164	0.00600	0.00491	0.00545	0.00927
4	0.01130	0.00969	0.01130	0.00807	0.01292	0.00727	0.00646	0.01373	0.01130	0.01776	0.00969	0.01130	0.00807	0.00404	0.00404	0.00081	0.00404	0.00323	0.00323	0.84173
5	0.02446	0.00928	0.01265	0.00970	0.01392	0.00801	0.00801	0.02657	0.01560	0.77817	0.02151	0.01856	0.01350	0.00675	0.00548	0.00169	0.00464	0.00548	0.00675	0.00928

[dist]
# distance from previous block
# <min> <max>
0	1

[block]
# block no. 9 follows, 44 sequences, length 10
# corresponding to MSA columns:
# 995-997,999-1005
name=unknown_J
#
# <colnr> <probs for GDERKNQSTAVLIFYWHMCP>
#	G	D	E	R	K	N	Q	S	T	A	V	L	I	F	Y	W	H	M	C	P
0	0.00720	0.00555	0.00657	0.00632	0.00783	0.00492	0.00474	0.00929	0.01421	0.01897	0.48145	0.04548	0.34331	0.01222	0.00644	0.00177	0.00265	0.01053	0.00562	0.00492
1	0.01130	0.00969	0.01130	0.00807	0.01292	0.00727	0.00646	0.01373	0.01130	0.01776	0.00969	0.01130	0.00807	0.00404	0.00404	0.00081	0.00404	0.00323	0.00323	0.84173
2	0.01598	0.01381	0.02003	0.01518	0.01952	0.01447	0.25026	0.34208	0.14561	0.02557	0.01690	0.01759	0.06344	0.00657	0.00586	0.00175	0.00652	0.00607	0.00457	0.00822
3	0.01717	0.01259	0.01405	0.01054	0.01508	0.01238	0.00862	0.40462	0.01913	0.07955	0.01230	0.01275	0.00908	0.00554	0.00488	0.00130	0.00511	0.00427	0.00464	0.34638
4	0.02061	0.01882	0.01606	0.01304	0.01689	0.27215	0.01042	0.51263	0.02226	0.02739	0.01154	0.01201	0.00853	0.00624	0.00528	0.00156	0.00727	0.00445	0.00458	0.00829
5	0.01130	0.00969	0.01130	0.00807	0.01292	0.00727	0.00646	0.01373	0.01130	0.01776	0.00969	0.01130	0.00807	0.00404	0.00404	0.00081	0.00404	0.00323	0.00323	0.84173
6	0.01187	0.01261	0.02487	0.01870	0.02239	0.01294	0.47670	0.01543	0.01218	0.01691	0.08114	0.02049	0.01394	0.00705	0.00879	0.00199	0.16390	0.06823	0.00317	0.00668
7	0.05112	0.00745	0.01041	0.01066	0.01215	0.00794	0.03953	0.01245	0.03623	0.01700	0.06487	0.05032	0.02771	0.01321	0.00803	0.00237	0.07207	0.54643	0.00469	0.00536
8	0.25045	0.01062	0.01125	0.00996	0.01305	0.01151	0.00838	0.25511	0.01594	0.05222	0.01683	0.02768	0.01558	0.00880	0.00549	0.00191	0.00506	0.24125	0.00470	0.03420
9	0.30130	0.01274	0.01500	0.01228	0.01575	0.08195	0.14892	0.13309	0.01376	0.04844	0.01308	0.03801	0.01146	0.00707	0.00550	0.00182	0.02578	0.10342	0.00389	0.00671

[dist]
# distance from previous block
# <min> <max>
4	11

[block]
# block no. 10 follows, 44 sequences, length 6
# corresponding to MSA columns:
# 1017-1022
name=unknown_K
#
# <colnr> <probs for GDERKNQSTAVLIFYWHMCP>
#	G	D	E	R	K	N	Q	S	T	A	V	L	I	F	Y	W	H	M	C	P
0	0.01244	0.01290	0.01561	0.01265	0.01585	0.15118	0.19577	0.07872	0.07857	0.01750	0.02797	0.06267	0.27688	0.00896	0.00602	0.00176	0.00610	0.00792	0.00414	0.00635
1	0.00855	0.00735	0.01061	0.31779	0.02025	0.00798	0.00965	0.01111	0.01186	0.01481	0.03063	0.03980	0.28378	0.01083	0.00633	0.00200	0.00511	0.19226	0.00401	0.00528
2	0.30708	0.01197	0.01963	0.21242	0.02443	0.01281	0.30318	0.01606	0.01110	0.01904	0.00948	0.01259	0.00718	0.00498	0.00510	0.00178	0.00695	0.00480	0.00289	0.00651
3	0.01287	0.01471	0.03217	0.02298	0.02849	0.01379	0.75460	0.01746	0.01287	0.01746	0.01103	0.01471	0.00827	0.00460	0.00643	0.00184	0.00919	0.00643	0.00276	0.00735
4	0.02072	0.01527	0.01636	0.01254	0.01691	0.01691	0.01036	0.75622	0.02563	0.03436	0.01309	0.01309	0.00927	0.00654	0.00545	0.00164	0.00600	0.00491	0.00545	0.00927
5	0.01130	0.00969	0.01130	0.00807	0.01292	0.00727	0.00646	0.01373	0.01130	0.01776	0.00969	0.01130	0.00807	0.00404	0.00404	0.00081	0.00404	0.00323	0.00323	0.84173

[dist]
# distance from previous block
# <min> <max>
1	2

[block]
# block no. 11 follows, 44 sequences, length 8
# corresponding to MSA columns:
# 1025-1032
name=unknown_L
#
# <colnr> <probs for GDERKNQSTAVLIFYWHMCP>
#	G	D	E	R	K	N	Q	S	T	A	V	L	I	F	Y	W	H	M	C	P
0	0.19100	0.01071	0.01350	0.01045	0.01460	0.01047	0.05704	0.12377	0.01551	0.47244	0.01683	0.01557	0.01102	0.00623	0.00511	0.00169	0.00504	0.00495	0.00562	0.00846
1	0.01878	0.01561	0.01522	0.01185	0.01610	0.12039	0.00960	0.50604	0.02135	0.02814	0.01177	0.01228	0.00872	0.00591	0.00509	0.00144	0.00613	0.00438	0.00464	0.17656
2	0.00664	0.00509	0.00609	0.00677	0.00772	0.00454	0.00472	0.00785	0.01149	0.01472	0.08612	0.47587	0.31184	0.01548	0.00673	0.00204	0.00298	0.01365	0.00512	0.00454
3	0.02037	0.02598	0.01545	0.01404	0.01685	0.78652	0.01053	0.02177	0.01545	0.01334	0.00843	0.00983	0.00702	0.00562	0.00492	0.00140	0.00983	0.00351	0.00281	0.00632
4	0.01356	0.01171	0.01233	0.01109	0.01418	0.01356	0.00863	0.02897	0.76455	0.02281	0.02219	0.02034	0.01664	0.00740	0.00555	0.00185	0.00431	0.00616	0.00555	0.00863
5	0.01130	0.00969	0.01130	0.00807	0.01292	0.00727	0.00646	0.01373	0.01130	0.01776	0.00969	0.01130	0.00807	0.00404	0.00404	0.00081	0.00404	0.00323	0.00323	0.84173
6	0.84691	0.01054	0.00801	0.00717	0.01054	0.01223	0.00590	0.01603	0.00928	0.02446	0.00759	0.00886	0.00590	0.00506	0.00337	0.00169	0.00422	0.00295	0.00337	0.00590
7	0.01287	0.01471	0.03217	0.02298	0.02849	0.01379	0.75460	0.01746	0.01287	0.01746	0.01103	0.01471	0.00827	0.00460	0.00643	0.00184	0.00919	0.00643	0.00276	0.00735

[dist]
# distance from previous block
# <min> <max>
2	5

[block]
# block no. 12 follows, 44 sequences, length 38
# corresponding to MSA columns:
# 1048-1085
name=unknown_M
#
# <colnr> <probs for GDERKNQSTAVLIFYWHMCP>
#	G	D	E	R	K	N	Q	S	T	A	V	L	I	F	Y	W	H	M	C	P
0	0.01747	0.02083	0.01468	0.01252	0.01601	0.53377	0.02999	0.01926	0.01415	0.01477	0.00887	0.01040	0.00737	0.00512	0.00470	0.00124	0.00809	0.00351	0.00293	0.25430
1	0.02072	0.01527	0.01636	0.01254	0.01691	0.01691	0.01036	0.75622	0.02563	0.03436	0.01309	0.01309	0.00927	0.00654	0.00545	0.00164	0.00600	0.00491	0.00545	0.00927
2	0.01130	0.00969	0.01130	0.00807	0.01292	0.00727	0.00646	0.01373	0.01130	0.01776	0.00969	0.01130	0.00807	0.00404	0.00404	0.00081	0.00404	0.00323	0.00323	0.84173
3	0.00751	0.00511	0.00607	0.00648	0.00658	0.00501	0.00387	0.00782	0.00874	0.01166	0.02136	0.28533	0.02509	0.55156	0.02100	0.00429	0.00460	0.01039	0.00387	0.00367
4	0.02037	0.02598	0.01545	0.01404	0.01685	0.78652	0.01053	0.02177	0.01545	0.01334	0.00843	0.00983	0.00702	0.00562	0.00492	0.00140	0.00983	0.00351	0.00281	0.00632
5	0.01223	0.00966	0.01140	0.00819	0.01299	0.00732	0.00657	0.01463	0.01161	0.07105	0.01052	0.01181	0.00845	0.00423	0.00414	0.00087	0.00408	0.00339	0.00348	0.78340
6	0.01280	0.01451	0.03110	0.02238	0.02751	0.01399	0.70322	0.01716	0.01256	0.01716	0.01076	0.01451	0.00819	0.00494	0.00723	0.00188	0.06379	0.00632	0.00273	0.00726
7	0.01182	0.21979	0.59636	0.01402	0.02125	0.01484	0.01750	0.01704	0.01140	0.01618	0.00924	0.01083	0.00693	0.00505	0.00477	0.00159	0.00751	0.00376	0.00231	0.00780
8	0.01186	0.22676	0.58968	0.01396	0.02116	0.01492	0.01740	0.01703	0.01140	0.01614	0.00922	0.01081	0.00693	0.00505	0.00475	0.00158	0.00749	0.00375	0.00231	0.00779
9	0.01680	0.01233	0.02274	0.01687	0.02102	0.01223	0.36904	0.01996	0.01309	0.28513	0.01409	0.01561	0.00993	0.00617	0.00798	0.00187	0.13740	0.00582	0.00410	0.00780
10	0.00674	0.00481	0.00643	0.00770	0.00806	0.00451	0.00522	0.00775	0.01053	0.01402	0.03000	0.77233	0.03585	0.01699	0.00698	0.00223	0.00324	0.04709	0.00506	0.00445
11	0.00779	0.00584	0.00876	0.00876	0.00974	0.00681	0.00681	0.00974	0.00876	0.01266	0.01460	0.02142	0.01363	0.04089	0.78680	0.00876	0.01460	0.00584	0.00292	0.00487
12	0.01053	0.00993	0.01678	0.73830	0.09268	0.01218	0.01526	0.01414	0.01101	0.01422	0.00973	0.01446	0.00737	0.00541	0.00545	0.00180	0.00721	0.00485	0.00244	0.00625
13	0.01093	0.02820	0.78016	0.01554	0.02360	0.01266	0.02014	0.01727	0.01151	0.01727	0.00978	0.01151	0.00691	0.00518	0.00518	0.00173	0.00806	0.00403	0.00230	0.00806
14	0.01349	0.01295	0.02213	0.03346	0.77440	0.01295	0.01673	0.01673	0.01241	0.01781	0.01025	0.01349	0.00864	0.00486	0.00540	0.00162	0.00648	0.00486	0.00270	0.00864
15	0.00779	0.00584	0.00876	0.00876	0.00974	0.00681	0.00681	0.00974	0.00876	0.01266	0.01460	0.02142	0.01363	0.04089	0.78680	0.00876	0.01460	0.00584	0.00292	0.00487
16	0.01246	0.01189	0.02025	0.28074	0.53523	0.01268	0.01622	0.01582	0.01192	0.01655	0.01007	0.01383	0.00819	0.00505	0.00541	0.00168	0.00673	0.00485	0.00261	0.00780
17	0.01587	0.01417	0.02659	0.01925	0.02437	0.01373	0.51275	0.16949	0.01580	0.11241	0.01271	0.01484	0.00910	0.00525	0.00612	0.00178	0.00799	0.00601	0.00379	0.00798
18	0.00664	0.00474	0.00633	0.00759	0.00791	0.00443	0.00506	0.00759	0.01044	0.01392	0.03005	0.80485	0.03606	0.01708	0.00696	0.00221	0.00316	0.01550	0.00506	0.00443
19	0.01351	0.01194	0.01381	0.01198	0.01525	0.01358	0.06444	0.02811	0.70831	0.02241	0.02135	0.01992	0.01602	0.00719	0.00561	0.00185	0.00468	0.00618	0.00534	0.00853
20	0.01349	0.01295	0.02213	0.03346	0.77440	0.01295	0.01673	0.01673	0.01241	0.01781	0.01025	0.01349	0.00864	0.00486	0.00540	0.00162	0.00648	0.00486	0.00270	0.00864
21	0.00779	0.00584	0.00876	0.00876	0.00974	0.00681	0.00681	0.00974	0.00876	0.01266	0.01460	0.02142	0.01363	0.04089	0.78680	0.00876	0.01460	0.00584	0.00292	0.00487
22	0.00694	0.00604	0.00669	0.00748	0.06111	0.00519	0.00502	0.00845	0.01243	0.01494	0.05208	0.04974	0.71868	0.01318	0.00637	0.00183	0.00302	0.01104	0.00490	0.00488
23	0.01104	0.05049	0.75877	0.01536	0.02332	0.01291	0.01983	0.01724	0.01150	0.01714	0.00972	0.01143	0.00691	0.00516	0.00513	0.00171	0.00799	0.00400	0.00230	0.00803
24	0.01146	0.00983	0.01138	0.00829	0.01301	0.00771	0.00661	0.01480	0.06408	0.01812	0.01057	0.01194	0.00868	0.00427	0.00414	0.00088	0.00406	0.00344	0.00339	0.78336
25	0.00664	0.00474	0.00633	0.00759	0.00791	0.00443	0.00506	0.00759	0.01044	0.01392	0.03005	0.80485	0.03606	0.01708	0.00696	0.00221	0.00316	0.01550	0.00506	0.00443
26	0.01294	0.01226	0.02080	0.08391	0.67054	0.01243	0.01607	0.01616	0.01232	0.01744	0.01152	0.01693	0.01014	0.00561	0.00555	0.00170	0.00643	0.05621	0.00284	0.00821
27	0.01030	0.00969	0.01635	0.79530	0.03755	0.01211	0.01514	0.01393	0.01090	0.01393	0.00969	0.01453	0.00727	0.00545	0.00545	0.00182	0.00727	0.00484	0.00242	0.00606
28	0.00871	0.00623	0.00868	0.00982	0.01108	0.00620	0.00854	0.01123	0.01275	0.01669	0.07964	0.06008	0.03275	0.01479	0.00745	0.00246	0.00485	0.68794	0.00509	0.00503
29	0.00702	0.00533	0.00651	0.00697	0.00809	0.00482	0.00512	0.00863	0.01244	0.01625	0.21083	0.31599	0.27815	0.01445	0.00672	0.00200	0.00306	0.07765	0.00528	0.00470
30	0.08214	0.08468	0.01389	0.00955	0.01375	0.00978	0.00804	0.04091	0.01495	0.63631	0.01902	0.01682	0.01225	0.00643	0.00515	0.00164	0.00475	0.00505	0.00606	0.00882
31	0.01349	0.01295	0.02213	0.03346	0.77440	0.01295	0.01673	0.01673	0.01241	0.01781	0.01025	0.01349	0.00864	0.00486	0.00540	0.00162	0.00648	0.00486	0.00270	0.00864
32	0.00743	0.00566	0.00672	0.00724	0.00849	0.00522	0.00562	0.00894	0.01165	0.01459	0.03901	0.12355	0.35800	0.12517	0.00981	0.00257	0.00388	0.24709	0.00480	0.00454
33	0.08987	0.01811	0.26335	0.12134	0.02124	0.01430	0.01372	0.31514	0.05014	0.02458	0.01145	0.01272	0.00825	0.00585	0.00518	0.00170	0.00661	0.00449	0.00383	0.00810
34	0.01817	0.02225	0.01458	0.01322	0.01577	0.60615	0.01003	0.02081	0.08188	0.01427	0.01277	0.01385	0.06021	0.00663	0.00605	0.00155	0.06785	0.00439	0.00318	0.00638
35	0.07149	0.75691	0.02716	0.00918	0.01376	0.02093	0.00909	0.01630	0.01095	0.01362	0.00758	0.00875	0.00692	0.00469	0.00349	0.00120	0.00572	0.00292	0.00240	0.00692
36	0.57675	0.27058	0.01468	0.00787	0.01166	0.01526	0.00702	0.01612	0.00986	0.02068	0.00759	0.00882	0.00626	0.00493	0.00341	0.00152	0.00474	0.00294	0.00304	0.00626
37	0.01432	0.01180	0.01107	0.00985	0.01258	0.13667	0.00764	0.02085	0.27891	0.13912	0.08304	0.02695	0.18830	0.00879	0.00599	0.00175	0.02304	0.00708	0.00514	0.00712

[dist]
# distance from previous block
# <min> <max>
0	3

[block]
# block no. 13 follows, 44 sequences, length 33
# corresponding to MSA columns:
# 1089-1121
name=unknown_N
#
# <colnr> <probs for GDERKNQSTAVLIFYWHMCP>
#	G	D	E	R	K	N	Q	S	T	A	V	L	I	F	Y	W	H	M	C	P
0	0.01225	0.31116	0.50872	0.01330	0.02013	0.01588	0.01624	0.01693	0.01135	0.01566	0.00899	0.01051	0.00694	0.00499	0.00457	0.00152	0.00725	0.00363	0.00231	0.00767
1	0.11603	0.01331	0.01988	0.02855	0.61712	0.04592	0.01488	0.04774	0.01271	0.01913	0.00997	0.01275	0.00826	0.00499	0.00513	0.00162	0.00632	0.00457	0.00290	0.00823
2	0.00832	0.00666	0.00969	0.00946	0.01110	0.00646	0.07062	0.01044	0.01172	0.01509	0.03171	0.04818	0.22380	0.08009	0.10314	0.00325	0.00596	0.33490	0.00445	0.00495
3	0.09495	0.01095	0.01257	0.04020	0.04695	0.01192	0.00880	0.02605	0.43945	0.21813	0.01967	0.01829	0.01413	0.00683	0.00532	0.00178	0.00459	0.00558	0.00542	0.00845
4	0.01349	0.01295	0.02213	0.03346	0.77440	0.01295	0.01673	0.01673	0.01241	0.01781	0.01025	0.01349	0.00864	0.00486	0.00540	0.00162	0.00648	0.00486	0.00270	0.00864
5	0.00879	0.00628	0.00879	0.01004	0.01130	0.00628	0.00879	0.01130	0.01255	0.01632	0.02887	0.06150	0.03138	0.01506	0.00753	0.00251	0.00502	0.73770	0.00502	0.00502
6	0.01739	0.01487	0.01822	0.08656	0.27179	0.07625	0.01291	0.38738	0.01915	0.02541	0.01148	0.01309	0.00871	0.00581	0.00539	0.00163	0.00657	0.00478	0.00406	0.00855
7	0.01242	0.01186	0.02020	0.28804	0.52817	0.01267	0.01620	0.01580	0.01191	0.01651	0.01007	0.01384	0.00818	0.00506	0.00542	0.00169	0.00674	0.00485	0.00261	0.00777
8	0.00664	0.00474	0.00633	0.00759	0.00791	0.00443	0.00506	0.00759	0.01044	0.01392	0.03005	0.80485	0.03606	0.01708	0.00696	0.00221	0.00316	0.01550	0.00506	0.00443
9	0.00664	0.00474	0.00633	0.00759	0.00791	0.00443	0.00506	0.00759	0.01044	0.01392	0.03005	0.80485	0.03606	0.01708	0.00696	0.00221	0.00316	0.01550	0.00506	0.00443
10	0.01118	0.08117	0.72935	0.01512	0.02295	0.01326	0.01941	0.01720	0.01148	0.01697	0.00963	0.01132	0.00691	0.00514	0.00507	0.00169	0.00791	0.00395	0.00230	0.00799
11	0.00644	0.00552	0.00552	0.00552	0.00736	0.00460	0.00414	0.00782	0.01243	0.01473	0.05523	0.05247	0.77218	0.01381	0.00644	0.00184	0.00276	0.01151	0.00506	0.00460
12	0.00664	0.00474	0.00633	0.00759	0.00791	0.00443	0.00506	0.00759	0.01044	0.01392	0.03005	0.80485	0.03606	0.01708	0.00696	0.00221	0.00316	0.01550	0.00506	0.00443
13	0.01469	0.00972	0.01021	0.00857	0.01123	0.01052	0.00684	0.31384	0.07693	0.02618	0.01624	0.01741	0.01229	0.00651	0.00461	0.00146	0.00408	0.00510	0.43653	0.00705
14	0.02037	0.02598	0.01545	0.01404	0.01685	0.78652	0.01053	0.02177	0.01545	0.01334	0.00843	0.00983	0.00702	0.00562	0.00492	0.00140	0.00983	0.00351	0.00281	0.00632
15	0.01130	0.00969	0.01130	0.00807	0.01292	0.00727	0.00646	0.01373	0.01130	0.01776	0.00969	0.01130	0.00807	0.00404	0.00404	0.00081	0.00404	0.00323	0.00323	0.84173
16	0.01723	0.01406	0.01415	0.01186	0.01542	0.07604	0.00951	0.33589	0.34007	0.04707	0.01750	0.01810	0.01328	0.00720	0.00554	0.00175	0.00551	0.03595	0.00530	0.00858
17	0.01140	0.01153	0.02323	0.01786	0.05267	0.01086	0.47322	0.01526	0.01333	0.01880	0.19396	0.02142	0.01917	0.00634	0.00614	0.00175	0.00686	0.00706	0.08246	0.00666
18	0.01030	0.00969	0.01635	0.79530	0.03755	0.01211	0.01514	0.01393	0.01090	0.01393	0.00969	0.01453	0.00727	0.00545	0.00545	0.00182	0.00727	0.00484	0.00242	0.00606
19	0.00729	0.00556	0.00670	0.00641	0.00788	0.00496	0.00481	0.00946	0.01443	0.01948	0.53216	0.04465	0.29229	0.01203	0.00643	0.00176	0.00264	0.01041	0.00569	0.00496
