[name]
unknown

[dist]
# distance from previous block
# <min> <max>
16	57

[block]
# block no. 0 follows, 50 sequences, length 27
# corresponding to MSA columns:
# 78-104
name=unknown_A
#
# <colnr> <probs for GDERKNQSTAVLIFYWHMCP>
#	G	D	E	R	K	N	Q	S	T	A	V	L	I	F	Y	W	H	M	C	P
0	0.03662	0.01596	0.08852	0.01038	0.01430	0.26631	0.00883	0.10185	0.01295	0.01667	0.00874	0.01006	0.00702	0.00466	0.00448	0.00114	0.02499	0.00331	0.00296	0.36025
1	0.01653	0.01214	0.01257	0.01128	0.06932	0.13796	0.00830	0.07719	0.18055	0.25329	0.01467	0.01417	0.01053	0.00556	0.00470	0.00138	0.00506	0.00442	0.00444	0.15594
2	0.01399	0.05791	0.01988	0.10625	0.26025	0.26982	0.16973	0.01663	0.01212	0.01427	0.00880	0.01136	0.00714	0.00467	0.00490	0.00146	0.00748	0.00425	0.00247	0.00663
3	0.00877	0.02717	0.17456	0.00792	0.00991	0.00684	0.00703	0.01071	0.03352	0.05458	0.01620	0.14364	0.01717	0.44248	0.01594	0.00337	0.00503	0.00725	0.00328	0.00462
4	0.01218	0.01154	0.01953	0.15608	0.59416	0.01194	0.05054	0.05430	0.01177	0.01648	0.00946	0.01252	0.00771	0.00460	0.00499	0.00152	0.00613	0.00451	0.00256	0.00749
5	0.00605	0.00444	0.00567	0.00666	0.00716	0.00407	0.00450	0.00697	0.00981	0.01283	0.03090	0.70633	0.14599	0.01517	0.00629	0.00197	0.00284	0.01363	0.00463	0.00407
6	0.01114	0.01143	0.04411	0.27755	0.36275	0.01154	0.15609	0.01452	0.01093	0.01514	0.00952	0.01296	0.00752	0.00462	0.00508	0.00157	0.00656	0.00469	0.02547	0.00682
7	0.01001	0.00947	0.01602	0.65385	0.18869	0.01123	0.01414	0.01326	0.01025	0.01346	0.00896	0.01310	0.00690	0.00487	0.00497	0.00162	0.00650	0.00443	0.00227	0.00602
8	0.01662	0.00721	0.00973	0.00789	0.01074	0.00634	0.00634	0.01870	0.01421	0.50540	0.30929	0.02457	0.02536	0.00768	0.00534	0.00155	0.00353	0.00651	0.00591	0.00706
9	0.00607	0.00434	0.00578	0.00694	0.00723	0.00405	0.00463	0.00694	0.00954	0.01272	0.02747	0.82157	0.03297	0.01562	0.00636	0.00202	0.00289	0.01417	0.00463	0.00405
10	0.00637	0.00503	0.00574	0.00565	0.00705	0.00440	0.00420	0.00805	0.01236	0.01605	0.34754	0.08864	0.44756	0.01182	0.00591	0.00166	0.00248	0.01013	0.00497	0.00440
11	0.00685	0.00509	0.00638	0.00606	0.00732	0.00462	0.00454	0.00901	0.01363	0.01885	0.66212	0.03910	0.17673	0.01061	0.00588	0.00159	0.00238	0.00928	0.00534	0.00462
12	0.01561	0.01193	0.01281	0.01062	0.01398	0.01340	0.00851	0.33572	0.43115	0.06534	0.01683	0.01578	0.01229	0.00641	0.00503	0.00160	0.00459	0.00513	0.00509	0.00816
13	0.01234	0.01184	0.02023	0.03059	0.79373	0.01184	0.01530	0.01530	0.01135	0.01628	0.00938	0.01234	0.00790	0.00444	0.00493	0.00148	0.00592	0.00444	0.00247	0.00790
14	0.00620	0.00439	0.00575	0.00678	0.00704	0.00413	0.00446	0.00697	0.00930	0.01240	0.02624	0.73914	0.03142	0.10017	0.00835	0.00232	0.00309	0.01345	0.00446	0.00394
15	0.01588	0.01244	0.01323	0.01085	0.01429	0.01402	0.00873	0.42555	0.38000	0.02647	0.01586	0.01507	0.01163	0.00635	0.00503	0.00159	0.00476	0.00503	0.00503	0.00820
16	0.00941	0.00886	0.01495	0.81285	0.03433	0.01107	0.01384	0.01274	0.00997	0.01274	0.00886	0.01329	0.00664	0.00498	0.00498	0.00166	0.00664	0.00443	0.00221	0.00554
17	0.00679	0.00502	0.00730	0.00767	0.00837	0.00553	0.00572	0.00827	0.00850	0.01194	0.01786	0.27574	0.01901	0.03043	0.54997	0.00610	0.01001	0.00816	0.00330	0.00432
18	0.01016	0.06408	0.76209	0.01394	0.02115	0.01196	0.01794	0.01574	0.01050	0.01559	0.00885	0.01040	0.00632	0.00471	0.00466	0.00155	0.00727	0.00363	0.00211	0.00732
19	0.00717	0.00482	0.00547	0.00550	0.00557	0.00479	0.00313	0.00728	0.00756	0.01008	0.03350	0.06174	0.03525	0.76113	0.02386	0.00460	0.00466	0.00761	0.00316	0.00312
20	0.01000	0.02578	0.79900	0.01421	0.02157	0.01158	0.01842	0.01579	0.01052	0.01579	0.00895	0.01052	0.00631	0.00474	0.00474	0.00158	0.00737	0.00368	0.00210	0.00737
21	0.01193	0.01248	0.02440	0.06133	0.39099	0.01217	0.38014	0.01550	0.01149	0.01597	0.00969	0.01291	0.00768	0.00435	0.00539	0.00158	0.00715	0.00513	0.00248	0.00723
22	0.00781	0.00644	0.00729	0.04880	0.00981	0.03123	0.00579	0.04826	0.05337	0.01461	0.03262	0.30899	0.29309	0.01250	0.00599	0.00185	0.00354	0.09880	0.00448	0.00473
23	0.00941	0.00886	0.01495	0.81285	0.03433	0.01107	0.01384	0.01274	0.00997	0.01274	0.00886	0.01329	0.00664	0.00498	0.00498	0.00166	0.00664	0.00443	0.00221	0.00554
24	0.01098	0.08401	0.19750	0.01186	0.01435	0.03244	0.01143	0.01337	0.00907	0.05028	0.00899	0.01233	0.00779	0.01222	0.14997	0.00291	0.35787	0.00423	0.00244	0.00596
25	0.01154	0.01272	0.15286	0.01080	0.01578	0.00880	0.11803	0.04880	0.01138	0.06057	0.00979	0.01126	0.00755	0.00419	0.00432	0.00110	0.00512	0.00368	0.00301	0.49867
26	0.05923	0.11033	0.29199	0.03082	0.03700	0.02776	0.21770	0.04003	0.01125	0.05831	0.00998	0.03339	0.00778	0.00511	0.00530	0.00157	0.03840	0.00453	0.00268	0.00685

[dist]
# distance from previous block
# <min> <max>
1	4

[block]
# block no. 1 follows, 50 sequences, length 47
# corresponding to MSA columns:
# 109-155
name=unknown_B
#
# <colnr> <probs for GDERKNQSTAVLIFYWHMCP>
#	G	D	E	R	K	N	Q	S	T	A	V	L	I	F	Y	W	H	M	C	P
0	0.01862	0.01745	0.01453	0.01193	0.01536	0.30519	0.00948	0.47484	0.04460	0.02402	0.01067	0.01109	0.00794	0.00570	0.00481	0.00142	0.00672	0.00406	0.00410	0.00747
1	0.01311	0.31993	0.09877	0.12450	0.06716	0.01406	0.03269	0.08467	0.01180	0.07074	0.00926	0.01073	0.00729	0.00464	0.00415	0.00128	0.00558	0.00359	0.00282	0.11323
2	0.01123	0.11297	0.44866	0.01181	0.01720	0.01129	0.02972	0.01632	0.08151	0.08431	0.02608	0.06645	0.04890	0.00616	0.00482	0.00156	0.00596	0.00501	0.00309	0.00697
3	0.01122	0.01433	0.17001	0.06708	0.04666	0.01136	0.43679	0.04039	0.01162	0.01659	0.01063	0.01346	0.00798	0.00462	0.00524	0.00158	0.00714	0.00513	0.11156	0.00660
4	0.00619	0.00439	0.00575	0.00679	0.00705	0.00413	0.00446	0.00697	0.00931	0.01241	0.02628	0.74140	0.03146	0.09785	0.00829	0.00231	0.00309	0.01347	0.00446	0.00394
5	0.01029	0.02284	0.63004	0.01488	0.02123	0.01207	0.10553	0.01542	0.01037	0.01542	0.00883	0.01090	0.00648	0.00508	0.00605	0.00165	0.08963	0.00401	0.00216	0.00710
6	0.01187	0.05577	0.19060	0.04190	0.08280	0.01252	0.42702	0.01592	0.01126	0.04983	0.00986	0.01250	0.00740	0.00465	0.00584	0.00163	0.04418	0.00499	0.00255	0.00692
7	0.01110	0.01010	0.01676	0.06856	0.56718	0.01020	0.01306	0.01383	0.01113	0.01581	0.01291	0.07047	0.01220	0.00639	0.00519	0.00161	0.00543	0.09622	0.04490	0.00696
8	0.00618	0.00486	0.00562	0.00616	0.00728	0.00431	0.00453	0.00740	0.01071	0.01334	0.03963	0.33164	0.43678	0.01383	0.00616	0.00187	0.00287	0.08804	0.00462	0.00419
9	0.00958	0.00903	0.01525	0.76834	0.07754	0.01112	0.01393	0.01288	0.01005	0.01294	0.00889	0.01323	0.00672	0.00495	0.00498	0.00165	0.00660	0.00443	0.00223	0.00567
10	0.13221	0.45966	0.01941	0.01059	0.09126	0.08427	0.00841	0.01480	0.01027	0.01416	0.00822	0.00988	0.00717	0.00639	0.04911	0.00160	0.00576	0.00318	0.05751	0.00613
11	0.00941	0.00886	0.01495	0.81285	0.03433	0.01107	0.01384	0.01274	0.00997	0.01274	0.00886	0.01329	0.00664	0.00498	0.00498	0.00166	0.00664	0.00443	0.00221	0.00554
12	0.86003	0.00964	0.00733	0.00655	0.00964	0.01118	0.00540	0.01465	0.00848	0.02236	0.00694	0.00810	0.00540	0.00463	0.00308	0.00154	0.00386	0.00270	0.00308	0.00540
13	0.01290	0.01096	0.01155	0.01024	0.01315	0.01263	0.00801	0.08385	0.72655	0.02166	0.01965	0.01809	0.01470	0.00670	0.00507	0.00168	0.00406	0.00555	0.00507	0.00793
14	0.01333	0.82783	0.02612	0.00853	0.01279	0.01972	0.00853	0.01493	0.01013	0.01173	0.00693	0.00800	0.00640	0.00426	0.00320	0.00107	0.00533	0.00267	0.00213	0.00640
15	0.00703	0.00506	0.00686	0.00688	0.00757	0.00531	0.00495	0.00844	0.00949	0.01332	0.20638	0.10843	0.02434	0.21028	0.34760	0.00509	0.00762	0.00758	0.00364	0.00414
16	0.01225	0.56743	0.27705	0.01037	0.01564	0.01708	0.01174	0.01520	0.01026	0.01304	0.00758	0.00882	0.00637	0.00442	0.00370	0.00123	0.00599	0.00300	0.00212	0.00671
17	0.01742	0.00876	0.01092	0.00937	0.01237	0.03340	0.00782	0.08888	0.04255	0.44716	0.02055	0.02768	0.01663	0.00834	0.00554	0.00175	0.00460	0.22356	0.00545	0.00725
18	0.00671	0.00474	0.00615	0.00666	0.00741	0.00441	0.00480	0.00780	0.01073	0.01430	0.20555	0.37484	0.14507	0.01393	0.00756	0.08857	0.00301	0.07908	0.00457	0.00408
19	0.00807	0.00667	0.00970	0.01282	0.19664	0.00641	0.00793	0.00991	0.01089	0.01433	0.02780	0.25315	0.18924	0.01179	0.00606	0.00189	0.00400	0.21344	0.00410	0.00515
20	0.00815	0.00684	0.00992	0.00933	0.00996	0.00865	0.00743	0.00970	0.00789	0.01164	0.01156	0.01752	0.01098	0.04738	0.57356	0.00636	0.23078	0.00512	0.00255	0.00469
21	0.00712	0.00548	0.00767	0.00788	0.00837	0.00619	0.00580	0.00832	0.00849	0.01188	0.01825	0.32534	0.02019	0.09803	0.34958	0.00485	0.09013	0.00878	0.00340	0.00427
22	0.01161	0.01208	0.01516	0.01306	0.01330	0.08731	0.01079	0.01272	0.00823	0.01201	0.00665	0.01073	0.00653	0.00840	0.01528	0.00210	0.74210	0.00426	0.00222	0.00548
23	0.01341	0.01630	0.08737	0.01671	0.18451	0.26741	0.03928	0.01544	0.01092	0.01333	0.00847	0.01207	0.00756	0.05903	0.00920	0.00184	0.22439	0.00419	0.00243	0.00615
24	0.00637	0.00455	0.00609	0.00707	0.00754	0.00428	0.00495	0.00754	0.01025	0.01377	0.11600	0.66071	0.03421	0.01482	0.00635	0.00200	0.00298	0.08164	0.00472	0.00417
25	0.01091	0.01091	0.01527	0.01309	0.01309	0.01527	0.01091	0.01200	0.00763	0.01200	0.00654	0.01091	0.00654	0.00872	0.01636	0.00218	0.81570	0.00436	0.00218	0.00545
26	0.01294	0.01204	0.01975	0.02885	0.72272	0.01217	0.01477	0.08481	0.01245	0.01766	0.00961	0.01230	0.00795	0.00458	0.00494	0.00148	0.00588	0.00445	0.00270	0.00795
27	0.01484	0.48948	0.02064	0.00955	0.01337	0.10153	0.00858	0.09518	0.12870	0.05984	0.01026	0.01061	0.00828	0.00502	0.00390	0.00125	0.00547	0.00349	0.00314	0.00689
28	0.00737	0.00517	0.00613	0.00603	0.00655	0.00512	0.00389	0.00885	0.04800	0.01364	0.25859	0.08452	0.02796	0.47775	0.01705	0.00348	0.00389	0.00817	0.00400	0.00385
29	0.00994	0.02424	0.72746	0.08708	0.02274	0.01153	0.01800	0.01551	0.01047	0.01551	0.00894	0.01078	0.00634	0.00476	0.00476	0.00159	0.00730	0.00375	0.00211	0.00720
30	0.01149	0.09507	0.08285	0.41136	0.10673	0.05136	0.10662	0.01475	0.01079	0.04916	0.00931	0.01240	0.00708	0.00480	0.00486	0.00155	0.00672	0.00433	0.00246	0.00631
31	0.01329	0.03946	0.05265	0.20579	0.30116	0.15309	0.02538	0.08554	0.04657	0.01614	0.00959	0.01201	0.00759	0.00494	0.00483	0.00149	0.00660	0.00421	0.00274	0.00693
32	0.00673	0.00508	0.00621	0.00593	0.00724	0.00456	0.00444	0.00877	0.01333	0.01815	0.58185	0.04027	0.25744	0.01088	0.00588	0.00160	0.00240	0.00944	0.00524	0.00456
33	0.00744	0.00521	0.00677	0.00637	0.00765	0.00484	0.00481	0.00966	0.01350	0.04321	0.65687	0.03632	0.10372	0.01202	0.05768	0.00199	0.00314	0.00877	0.00526	0.00476
34	0.01137	0.17358	0.07286	0.24291	0.14830	0.01344	0.22454	0.01466	0.01071	0.01419	0.00886	0.01191	0.00703	0.00459	0.00506	0.00152	0.02119	0.00444	0.00232	0.00653
35	0.01752	0.01135	0.01244	0.00975	0.01317	0.01218	0.00799	0.51993	0.01958	0.13663	0.01390	0.01398	0.00987	0.00597	0.00469	0.00144	0.00469	0.00459	0.17261	0.00772
36	0.00725	0.00483	0.00544	0.00544	0.00544	0.00483	0.00302	0.00725	0.00725	0.00966	0.01571	0.03262	0.01812	0.82483	0.02537	0.00483	0.00483	0.00725	0.00302	0.00302
37	0.01108	0.01128	0.02174	0.25730	0.08718	0.01160	0.38521	0.05756	0.01169	0.01566	0.01109	0.07463	0.00930	0.00542	0.00552	0.00167	0.00710	0.00588	0.00273	0.00636
38	0.01395	0.27973	0.10330	0.01374	0.05522	0.19240	0.14138	0.01640	0.01133	0.04163	0.00840	0.01022	0.00689	0.00498	0.00546	0.00141	0.08082	0.00377	0.00246	0.00648
39	0.01000	0.00729	0.01108	0.05220	0.05053	0.00752	0.07725	0.01227	0.01200	0.09620	0.31068	0.09906	0.02638	0.00872	0.00672	0.00167	0.09386	0.02931	0.08178	0.00549
40	0.86003	0.00964	0.00733	0.00655	0.00964	0.01118	0.00540	0.01465	0.00848	0.02236	0.00694	0.00810	0.00540	0.00463	0.00308	0.00154	0.00386	0.00270	0.00308	0.00540
41	0.00778	0.00486	0.00520	0.00511	0.00644	0.00452	0.00384	0.00979	0.01151	0.01732	0.19171	0.03150	0.25728	0.00882	0.00473	0.00141	0.00239	0.00736	0.41389	0.00452
42	0.01000	0.02578	0.79900	0.01421	0.02157	0.01158	0.01842	0.01579	0.01052	0.01579	0.00895	0.01052	0.00631	0.00474	0.00474	0.00158	0.00737	0.00368	0.00210	0.00737
43	0.00740	0.00546	0.00696	0.00652	0.00780	0.00520	0.00491	0.01051	0.06408	0.02004	0.74112	0.03602	0.04497	0.00997	0.00583	0.00158	0.00245	0.00880	0.00546	0.00491
44	0.01190	0.01171	0.02089	0.12495	0.59142	0.01186	0.12346	0.01508	0.01124	0.01580	0.00941	0.01261	0.00769	0.00447	0.00508	0.00153	0.00636	0.00465	0.00244	0.00744
45	0.00676	0.00495	0.00639	0.00667	0.00765	0.00458	0.00497	0.00855	0.01217	0.01655	0.39589	0.26585	0.12593	0.01245	0.00614	0.00180	0.00279	0.10042	0.00503	0.00445
46	0.01259	0.00817	0.00965	0.00815	0.01058	0.00826	0.00645	0.18440	0.09434	0.14504	0.36922	0.02720	0.07801	0.00843	0.00546	0.00157	0.00352	0.00713	0.00539	0.00643

[dist]
# distance from previous block
# <min> <max>
0	6

[block]
# block no. 2 follows, 50 sequences, length 38
# corresponding to MSA columns:
# 162-199
name=unknown_C
#
# <colnr> <probs for GDERKNQSTAVLIFYWHMCP>
#	G	D	E	R	K	N	Q	S	T	A	V	L	I	F	Y	W	H	M	C	P
0	0.00968	0.00900	0.01495	0.79062	0.03381	0.01120	0.01372	0.03393	0.01034	0.01325	0.00895	0.01325	0.00670	0.00501	0.00498	0.00166	0.00661	0.00443	0.00229	0.00562
1	0.01234	0.00948	0.01073	0.00920	0.01142	0.01034	0.00727	0.35459	0.01607	0.02137	0.03873	0.20517	0.17188	0.00988	0.00663	0.00172	0.08439	0.00800	0.00456	0.00623
2	0.01590	0.01245	0.01324	0.01085	0.01430	0.01403	0.00874	0.42769	0.37782	0.02650	0.01584	0.01505	0.01161	0.00635	0.00503	0.00159	0.00477	0.00502	0.00503	0.00820
3	0.00597	0.00473	0.00538	0.00590	0.00696	0.00414	0.00417	0.00706	0.01054	0.01313	0.04012	0.39657	0.44981	0.01397	0.00610	0.00184	0.00269	0.01216	0.00463	0.00414
4	0.03502	0.01518	0.01430	0.01187	0.01460	0.19595	0.00955	0.36008	0.09314	0.02190	0.01062	0.01164	0.00822	0.00638	0.00711	0.00160	0.16764	0.00424	0.00384	0.00713
5	0.01213	0.01163	0.01985	0.08648	0.73948	0.01179	0.01519	0.01511	0.01125	0.01603	0.00934	0.01240	0.00781	0.00448	0.00494	0.00149	0.00597	0.00444	0.00245	0.00773
6	0.01197	0.45631	0.29945	0.01200	0.04813	0.01613	0.03786	0.01518	0.01029	0.01350	0.00784	0.00935	0.00647	0.00458	0.00434	0.00132	0.03308	0.00326	0.00215	0.00678
7	0.01127	0.00654	0.00820	0.00738	0.00928	0.00615	0.00564	0.08785	0.01373	0.19072	0.29030	0.21115	0.11076	0.01038	0.00571	0.00167	0.00322	0.00902	0.00530	0.00571
8	0.00694	0.00504	0.00672	0.00776	0.00858	0.00483	0.00608	0.00849	0.01059	0.01379	0.02926	0.40016	0.10610	0.01449	0.00655	0.00211	0.00362	0.34998	0.00461	0.00431
9	0.01407	0.01412	0.01985	0.17541	0.07911	0.13786	0.25670	0.19221	0.01438	0.01826	0.00979	0.01224	0.00742	0.00502	0.00540	0.00157	0.02205	0.00472	0.00303	0.00681
10	0.00895	0.00461	0.00674	0.00664	0.00675	0.00465	0.00448	0.02858	0.00698	0.00931	0.00875	0.01506	0.00865	0.01699	0.01907	0.83052	0.00436	0.00433	0.00225	0.00235
11	0.02094	0.00853	0.01126	0.00881	0.01246	0.00767	0.00722	0.02397	0.08282	0.69627	0.01958	0.01718	0.01261	0.00621	0.00496	0.00154	0.00414	0.00505	0.04050	0.00827
12	0.01333	0.82783	0.02612	0.00853	0.01279	0.01972	0.00853	0.01493	0.01013	0.01173	0.00693	0.00800	0.00640	0.00426	0.00320	0.00107	0.00533	0.00267	0.00213	0.00640
13	0.00661	0.00485	0.00622	0.00655	0.00747	0.00447	0.00478	0.00827	0.01191	0.01615	0.36483	0.32734	0.13681	0.01273	0.00612	0.00180	0.00272	0.06098	0.00500	0.00439
14	0.00592	0.00495	0.00515	0.00531	0.00680	0.00419	0.00390	0.00712	0.01111	0.01336	0.04727	0.15629	0.68547	0.01304	0.00596	0.00173	0.00258	0.01103	0.00463	0.00419
15	0.00705	0.00510	0.00666	0.00627	0.00745	0.00470	0.00470	0.00941	0.01411	0.01999	0.79110	0.03723	0.04703	0.01019	0.00588	0.00157	0.00235	0.00901	0.00549	0.00470
16	0.01034	0.00886	0.01034	0.00738	0.01181	0.00664	0.00591	0.01255	0.01034	0.01624	0.00886	0.01034	0.00738	0.00369	0.00369	0.00074	0.00369	0.00295	0.00295	0.85530
17	0.00675	0.00508	0.00623	0.00595	0.00726	0.00457	0.00446	0.00881	0.01338	0.01826	0.59464	0.04008	0.24457	0.01084	0.00588	0.00160	0.00240	0.00941	0.00526	0.00457
18	0.86003	0.00964	0.00733	0.00655	0.00964	0.01118	0.00540	0.01465	0.00848	0.02236	0.00694	0.00810	0.00540	0.00463	0.00308	0.00154	0.00386	0.00270	0.00308	0.00540
19	0.86003	0.00964	0.00733	0.00655	0.00964	0.01118	0.00540	0.01465	0.00848	0.02236	0.00694	0.00810	0.00540	0.00463	0.00308	0.00154	0.00386	0.00270	0.00308	0.00540
20	0.01333	0.82783	0.02612	0.00853	0.01279	0.01972	0.00853	0.01493	0.01013	0.01173	0.00693	0.00800	0.00640	0.00426	0.00320	0.00107	0.00533	0.00267	0.00213	0.00640
21	0.86003	0.00964	0.00733	0.00655	0.00964	0.01118	0.00540	0.01465	0.00848	0.02236	0.00694	0.00810	0.00540	0.00463	0.00308	0.00154	0.00386	0.00270	0.00308	0.00540
22	0.01240	0.01071	0.01127	0.01014	0.01296	0.01240	0.00789	0.02649	0.78473	0.02085	0.02029	0.01860	0.01522	0.00676	0.00507	0.00169	0.00394	0.00564	0.00507	0.00789
23	0.00725	0.00483	0.00544	0.00544	0.00544	0.00483	0.00302	0.00725	0.00725	0.00966	0.01571	0.03262	0.01812	0.82483	0.02537	0.00483	0.00483	0.00725	0.00302	0.00302
24	0.00607	0.00434	0.00578	0.00694	0.00723	0.00405	0.00463	0.00694	0.00954	0.01272	0.02747	0.82157	0.03297	0.01562	0.00636	0.00202	0.00289	0.01417	0.00463	0.00405
25	0.00627	0.00448	0.00601	0.00716	0.00754	0.00422	0.00496	0.00728	0.00973	0.01294	0.02737	0.74585	0.03254	0.01543	0.00641	0.00205	0.00306	0.08798	0.00462	0.00410
26	0.02138	0.01006	0.01254	0.00962	0.01351	0.00967	0.00794	0.24119	0.01691	0.57656	0.01745	0.01553	0.01123	0.00612	0.00500	0.00153	0.00460	0.00486	0.00583	0.00848
27	0.02236	0.00848	0.01157	0.00887	0.01272	0.00733	0.00733	0.02429	0.01427	0.79719	0.01966	0.01697	0.01234	0.00617	0.00501	0.00154	0.00424	0.00501	0.00617	0.00848
28	0.59363	0.01187	0.00967	0.00823	0.01148	0.08192	0.00670	0.18957	0.01240	0.02354	0.00816	0.00906	0.00619	0.00498	0.00364	0.00151	0.00468	0.00315	0.00347	0.00614
29	0.00941	0.00886	0.01495	0.81285	0.03433	0.01107	0.01384	0.01274	0.00997	0.01274	0.00886	0.01329	0.00664	0.00498	0.00498	0.00166	0.00664	0.00443	0.00221	0.00554
30	0.02227	0.00863	0.01166	0.00894	0.01280	0.00754	0.00738	0.04401	0.01451	0.77713	0.01946	0.01683	0.01224	0.00616	0.00501	0.00154	0.00427	0.00500	0.00614	0.00848
31	0.01801	0.09429	0.01585	0.01110	0.01505	0.01570	0.00929	0.65742	0.06703	0.02884	0.01196	0.01197	0.00867	0.00586	0.00481	0.00146	0.00538	0.00438	0.00471	0.00824
32	0.01003	0.00846	0.00985	0.00719	0.01118	0.00647	0.00562	0.01203	0.01003	0.01559	0.00954	0.01254	0.00845	0.08493	0.00584	0.00114	0.00380	0.00338	0.00296	0.77098
33	0.00654	0.00461	0.00557	0.00614	0.00645	0.00439	0.00389	0.00709	0.00878	0.01154	0.02493	0.42175	0.10195	0.34690	0.01410	0.00314	0.00365	0.01097	0.00397	0.00364
34	0.00831	0.00675	0.00636	0.00627	0.00667	0.08397	0.00389	0.00860	0.00834	0.01034	0.01758	0.03208	0.06868	0.66309	0.02140	0.00419	0.00508	0.03186	0.00313	0.00342
35	0.01504	0.00671	0.00892	0.00779	0.01021	0.00589	0.00603	0.01657	0.01246	0.44413	0.04964	0.27859	0.09656	0.00996	0.00556	0.00171	0.00358	0.00862	0.00550	0.00652
36	0.01227	0.03929	0.09132	0.01150	0.01484	0.08768	0.13300	0.14934	0.01323	0.05093	0.01527	0.24495	0.01496	0.00799	0.00527	0.00158	0.00550	0.00711	0.00372	0.09025
37	0.07441	0.01644	0.03969	0.01147	0.01489	0.25927	0.00939	0.36074	0.01758	0.09930	0.01075	0.01119	0.00787	0.00572	0.00516	0.00147	0.03937	0.00399	0.00402	0.00728

[dist]
# distance from previous block
# <min> <max>
0	2

[block]
# block no. 3 follows, 50 sequences, length 56
# corresponding to MSA columns:
# 202-257
name=unknown_D
#
# <colnr> <probs for GDERKNQSTAVLIFYWHMCP>
#	G	D	E	R	K	N	Q	S	T	A	V	L	I	F	Y	W	H	M	C	P
0	0.01298	0.01192	0.01924	0.07720	0.64908	0.01225	0.01448	0.11018	0.01277	0.01795	0.00967	0.01235	0.00789	0.00467	0.00494	0.00149	0.00591	0.00445	0.00277	0.00782
1	0.01064	0.00895	0.00973	0.00894	0.01128	0.00996	0.00695	0.02091	0.53959	0.01977	0.16464	0.02634	0.08959	0.00823	0.00538	0.00170	0.00356	0.04191	0.00509	0.00683
2	0.01034	0.00886	0.01034	0.00738	0.01181	0.00664	0.00591	0.01255	0.01034	0.01624	0.00886	0.01034	0.00738	0.00369	0.00369	0.00074	0.00369	0.00295	0.00295	0.85530
3	0.00631	0.00507	0.00563	0.00549	0.00699	0.00439	0.00412	0.00797	0.01235	0.01582	0.31746	0.04410	0.52328	0.01175	0.00589	0.00164	0.00246	0.00998	0.00494	0.00439
4	0.00701	0.00509	0.00660	0.00622	0.00742	0.00468	0.00467	0.00931	0.01400	0.01972	0.76086	0.03767	0.07745	0.01029	0.00588	0.00157	0.00236	0.00908	0.00545	0.00468
5	0.86003	0.00964	0.00733	0.00655	0.00964	0.01118	0.00540	0.01465	0.00848	0.02236	0.00694	0.00810	0.00540	0.00463	0.00308	0.00154	0.00386	0.00270	0.00308	0.00540
6	0.00725	0.00483	0.00544	0.00544	0.00544	0.00483	0.00302	0.00725	0.00725	0.00966	0.01571	0.03262	0.01812	0.82483	0.02537	0.00483	0.00483	0.00725	0.00302	0.00302
7	0.01862	0.02376	0.01413	0.01284	0.01541	0.80482	0.00963	0.01990	0.01413	0.01220	0.00770	0.00899	0.00642	0.00514	0.00449	0.00128	0.00899	0.00321	0.00257	0.00578
8	0.01895	0.01396	0.01496	0.01147	0.01546	0.01546	0.00947	0.77711	0.02344	0.03141	0.01197	0.01197	0.00848	0.00598	0.00499	0.00150	0.00548	0.00449	0.00499	0.00848
9	0.01333	0.82783	0.02612	0.00853	0.01279	0.01972	0.00853	0.01493	0.01013	0.01173	0.00693	0.00800	0.00640	0.00426	0.00320	0.00107	0.00533	0.00267	0.00213	0.00640
10	0.01034	0.00886	0.01034	0.00738	0.01181	0.00664	0.00591	0.01255	0.01034	0.01624	0.00886	0.01034	0.00738	0.00369	0.00369	0.00074	0.00369	0.00295	0.00295	0.85530
11	0.00982	0.01040	0.06374	0.25625	0.05459	0.00986	0.26643	0.01294	0.01065	0.03104	0.01405	0.20973	0.01351	0.00730	0.00560	0.00174	0.00628	0.00725	0.00299	0.00584
12	0.01033	0.00964	0.01503	0.57626	0.02819	0.01233	0.01289	0.05744	0.01020	0.01366	0.00849	0.01265	0.00673	0.00593	0.00768	0.00177	0.19831	0.00442	0.00237	0.00569
13	0.01895	0.01396	0.01496	0.01147	0.01546	0.01546	0.00947	0.77711	0.02344	0.03141	0.01197	0.01197	0.00848	0.00598	0.00499	0.00150	0.00548	0.00449	0.00499	0.00848
14	0.01110	0.02424	0.72883	0.01373	0.02078	0.01120	0.01743	0.01654	0.01086	0.08542	0.00990	0.01110	0.00685	0.00486	0.00476	0.00158	0.00709	0.00380	0.00247	0.00747
15	0.86003	0.00964	0.00733	0.00655	0.00964	0.01118	0.00540	0.01465	0.00848	0.02236	0.00694	0.00810	0.00540	0.00463	0.00308	0.00154	0.00386	0.00270	0.00308	0.00540
16	0.00941	0.00886	0.01495	0.81285	0.03433	0.01107	0.01384	0.01274	0.00997	0.01274	0.00886	0.01329	0.00664	0.00498	0.00498	0.00166	0.00664	0.00443	0.00221	0.00554
17	0.00607	0.00434	0.00578	0.00694	0.00723	0.00405	0.00463	0.00694	0.00954	0.01272	0.02747	0.82157	0.03297	0.01562	0.00636	0.00202	0.00289	0.01417	0.00463	0.00405
18	0.00778	0.00556	0.00775	0.00889	0.00993	0.00552	0.00760	0.00990	0.01123	0.01464	0.02653	0.15385	0.02923	0.01400	0.00682	0.00226	0.00437	0.66502	0.00459	0.00452
19	0.00607	0.00434	0.00578	0.00694	0.00723	0.00405	0.00463	0.00694	0.00954	0.01272	0.02747	0.82157	0.03297	0.01562	0.00636	0.00202	0.00289	0.01417	0.00463	0.00405
20	0.01034	0.00886	0.01034	0.00738	0.01181	0.00664	0.00591	0.01255	0.01034	0.01624	0.00886	0.01034	0.00738	0.00369	0.00369	0.00074	0.00369	0.00295	0.00295	0.85530
21	0.01234	0.01184	0.02023	0.03059	0.79373	0.01184	0.01530	0.01530	0.01135	0.01628	0.00938	0.01234	0.00790	0.00444	0.00493	0.00148	0.00592	0.00444	0.00247	0.00790
22	0.01065	0.01100	0.01939	0.01518	0.01722	0.01281	0.29672	0.01304	0.00960	0.01391	0.05457	0.01421	0.00985	0.00978	0.08510	0.00250	0.39083	0.00530	0.00255	0.00579
23	0.00713	0.00531	0.00787	0.00787	0.00871	0.00615	0.00605	0.00881	0.00797	0.01147	0.01348	0.02030	0.01277	0.08089	0.76200	0.00784	0.01288	0.00545	0.00269	0.00437
24	0.01789	0.01343	0.01436	0.01125	0.01505	0.01496	0.00922	0.65541	0.14686	0.02970	0.01332	0.01304	0.00957	0.00611	0.00500	0.00153	0.00524	0.00467	0.00500	0.00838
25	0.01326	0.19288	0.24814	0.01061	0.01518	0.01209	0.03149	0.10638	0.03181	0.13479	0.14019	0.01580	0.01448	0.00593	0.00470	0.00146	0.00535	0.00474	0.00370	0.00701
26	0.01539	0.15575	0.01834	0.02956	0.01663	0.44673	0.13788	0.01728	0.01237	0.01271	0.00835	0.01044	0.00703	0.00715	0.06005	0.00181	0.03035	0.00377	0.00248	0.00594
27	0.00926	0.00755	0.00892	0.00735	0.01013	0.00673	0.00571	0.01343	0.13518	0.01857	0.34431	0.02312	0.02554	0.00695	0.00484	0.00124	0.00316	0.00597	0.00437	0.35766
28	0.11243	0.15112	0.14044	0.01117	0.06005	0.08305	0.00987	0.05813	0.01261	0.29639	0.01229	0.01218	0.00860	0.00524	0.00439	0.00144	0.00547	0.00392	0.00389	0.00733
29	0.01223	0.43572	0.35727	0.01114	0.01672	0.01597	0.01283	0.06005	0.01108	0.01463	0.00809	0.00931	0.00648	0.00457	0.00396	0.00131	0.00621	0.00321	0.00229	0.00694
30	0.05141	0.00852	0.01142	0.00879	0.01262	0.00746	0.00726	0.02396	0.01407	0.77032	0.01922	0.01666	0.01210	0.00612	0.00495	0.00154	0.00423	0.00493	0.00606	0.00838
31	0.00679	0.00508	0.00629	0.00599	0.00728	0.00459	0.00449	0.00889	0.01347	0.01848	0.62008	0.03971	0.21899	0.01075	0.00588	0.00159	0.00239	0.00936	0.00529	0.00459
32	0.04063	0.01278	0.09674	0.15232	0.16658	0.04180	0.04075	0.15754	0.02957	0.17663	0.01205	0.01351	0.00874	0.02200	0.00533	0.00161	0.00586	0.00452	0.00369	0.00736
33	0.01036	0.00982	0.01665	0.56051	0.27930	0.01132	0.01431	0.01356	0.01041	0.01388	0.00903	0.01298	0.00705	0.00481	0.00497	0.00160	0.00641	0.00443	0.00230	0.00630
34	0.00596	0.00501	0.00518	0.00529	0.00686	0.00423	0.00395	0.00721	0.01123	0.01344	0.04817	0.10659	0.71602	0.01288	0.00595	0.00172	0.00260	0.02886	0.00463	0.00421
35	0.00944	0.00855	0.01323	0.01878	0.41226	0.00827	0.01021	0.01164	0.01120	0.01499	0.02478	0.10317	0.24159	0.00881	0.00554	0.00167	0.00451	0.08171	0.00351	0.00613
36	0.06169	0.01233	0.01336	0.01132	0.05236	0.05886	0.00875	0.37871	0.09372	0.21933	0.01416	0.01365	0.00988	0.00591	0.00484	0.00151	0.00510	0.00457	0.02195	0.00800
37	0.61034	0.01138	0.01037	0.01043	0.09330	0.08278	0.02302	0.03122	0.00962	0.02026	0.00741	0.00898	0.00593	0.00491	0.00428	0.00155	0.05233	0.00313	0.00295	0.00579
38	0.01317	0.61618	0.15050	0.01007	0.01472	0.07996	0.02760	0.01548	0.01054	0.01252	0.00739	0.00861	0.00641	0.00441	0.00361	0.00118	0.00602	0.00295	0.00217	0.00651
39	0.00725	0.00483	0.00544	0.00544	0.00544	0.00483	0.00302	0.00725	0.00725	0.00966	0.01571	0.03262	0.01812	0.82483	0.02537	0.00483	0.00483	0.00725	0.00302	0.00302
40	0.01206	0.01294	0.08459	0.20965	0.30717	0.03123	0.12683	0.07798	0.05748	0.01676	0.01013	0.01283	0.00786	0.00484	0.00507	0.00157	0.00650	0.00463	0.00275	0.00712
41	0.00866	0.00433	0.00649	0.00649	0.00649	0.00433	0.00433	0.00649	0.00649	0.00866	0.00866	0.01515	0.00866	0.01732	0.01948	0.85498	0.00433	0.00433	0.00216	0.00216
42	0.00786	0.00566	0.00779	0.00879	0.00997	0.00560	0.00761	0.01011	0.01162	0.01514	0.07228	0.05468	0.07004	0.01350	0.00677	0.00222	0.00435	0.67678	0.00464	0.00458
43	0.01068	0.01061	0.01451	0.01257	0.01271	0.03071	0.01041	0.01185	0.00781	0.01196	0.00725	0.01174	0.00713	0.01153	0.09531	0.00275	0.71843	0.00444	0.00224	0.00536
44	0.00941	0.00886	0.01495	0.81285	0.03433	0.01107	0.01384	0.01274	0.00997	0.01274	0.00886	0.01329	0.00664	0.00498	0.00498	0.00166	0.00664	0.00443	0.00221	0.00554
45	0.01772	0.01335	0.01427	0.01122	0.01499	0.01488	0.00918	0.63638	0.16617	0.02943	0.01353	0.01321	0.00974	0.00613	0.00500	0.00153	0.00520	0.00470	0.00500	0.00837
46	0.00941	0.00886	0.01495	0.81285	0.03433	0.01107	0.01384	0.01274	0.00997	0.01274	0.00886	0.01329	0.00664	0.00498	0.00498	0.00166	0.00664	0.00443	0.00221	0.00554
47	0.00611	0.00503	0.00538	0.00535	0.00688	0.00429	0.00399	0.00756	0.01179	0.01464	0.18626	0.07758	0.62326	0.01230	0.00591	0.00168	0.00251	0.01039	0.00479	0.00429
48	0.00941	0.00886	0.01495	0.81285	0.03433	0.01107	0.01384	0.01274	0.00997	0.01274	0.00886	0.01329	0.00664	0.00498	0.00498	0.00166	0.00664	0.00443	0.00221	0.00554
49	0.01123	0.00952	0.00998	0.00897	0.01158	0.01057	0.00698	0.07344	0.53992	0.01974	0.02723	0.02544	0.20784	0.00817	0.00527	0.00168	0.00370	0.00677	0.00496	0.00701
50	0.01306	0.01103	0.01164	0.01028	0.01321	0.01271	0.00805	0.10186	0.70828	0.02191	0.01945	0.01793	0.01454	0.00668	0.00506	0.00167	0.00410	0.00552	0.00506	0.00795
51	0.00668	0.00508	0.00654	0.00725	0.00788	0.00503	0.00530	0.00781	0.00992	0.01299	0.02940	0.48706	0.15854	0.05420	0.00788	0.00216	0.05091	0.12678	0.00440	0.00419
52	0.00631	0.00456	0.00597	0.00668	0.00726	0.00422	0.00461	0.00758	0.01079	0.01461	0.22331	0.58540	0.07198	0.01409	0.00622	0.00189	0.00274	0.01268	0.00485	0.00422
53	0.76910	0.00968	0.00821	0.00787	0.04843	0.01099	0.00600	0.01525	0.00896	0.06756	0.00781	0.00883	0.00593	0.00471	0.00329	0.00154	0.00398	0.00292	0.00324	0.00570
54	0.01788	0.01258	0.01244	0.01008	0.01333	0.12902	0.00809	0.34995	0.01754	0.21753	0.01582	0.01695	0.04702	0.04674	0.00596	0.00166	0.00537	0.02530	0.03941	0.00735
55	0.01885	0.05878	0.01404	0.01169	0.01461	0.56501	0.00902	0.02088	0.04994	0.17492	0.01073	0.01104	0.00805	0.00538	0.00457	0.00135	0.00759	0.00367	0.00341	0.00647

[dist]
# distance from previous block
# <min> <max>
0	1

[block]
# block no. 4 follows, 50 sequences, length 20
# corresponding to MSA columns:
# 259-278
name=unknown_E
#
# <colnr> <probs for GDERKNQSTAVLIFYWHMCP>
#	G	D	E	R	K	N	Q	S	T	A	V	L	I	F	Y	W	H	M	C	P
0	0.56068	0.01048	0.00882	0.00792	0.01090	0.03990	0.00634	0.01860	0.25532	0.02152	0.01121	0.01147	0.00855	0.00532	0.00377	0.00158	0.00407	0.00365	0.00370	0.00620
1	0.01202	0.01862	0.34033	0.01840	0.25893	0.11298	0.01470	0.01616	0.03610	0.03110	0.05313	0.01278	0.00951	0.00525	0.00531	0.00154	0.03908	0.00427	0.00264	0.00714
2	0.00841	0.00700	0.00945	0.29133	0.01735	0.00751	0.00793	0.01159	0.08253	0.04524	0.02983	0.09615	0.34785	0.00937	0.00550	0.00170	0.00421	0.00800	0.00388	0.00518
3	0.01040	0.00905	0.01113	0.00795	0.01240	0.00689	0.03788	0.01269	0.01040	0.01623	0.00891	0.01047	0.00739	0.00371	0.00378	0.00078	0.00389	0.00307	0.00294	0.82005
4	0.01230	0.01778	0.36455	0.04305	0.01857	0.01168	0.06471	0.22702	0.01443	0.02028	0.06261	0.01405	0.03236	0.00557	0.00492	0.00151	0.00614	0.00458	0.00330	0.07059
5	0.01473	0.01084	0.01226	0.00911	0.01332	0.01017	0.00743	0.31432	0.01582	0.08722	0.01098	0.01153	0.00823	0.00480	0.00431	0.00110	0.00444	0.00373	0.00402	0.45165
6	0.00893	0.00731	0.00834	0.00825	0.01014	0.00774	0.00662	0.01517	0.29182	0.01642	0.03030	0.03769	0.24450	0.01249	0.05992	0.00228	0.00435	0.21739	0.00465	0.00567
7	0.01333	0.82783	0.02612	0.00853	0.01279	0.01972	0.00853	0.01493	0.01013	0.01173	0.00693	0.00800	0.00640	0.00426	0.00320	0.00107	0.00533	0.00267	0.00213	0.00640
8	0.00607	0.00434	0.00578	0.00694	0.00723	0.00405	0.00463	0.00694	0.00954	0.01272	0.02747	0.82157	0.03297	0.01562	0.00636	0.00202	0.00289	0.01417	0.00463	0.00405
9	0.00931	0.00838	0.01151	0.01027	0.01043	0.01103	0.00811	0.01026	0.00761	0.01135	0.01005	0.01784	0.01048	0.21414	0.16475	0.00391	0.46818	0.00525	0.00248	0.00467
10	0.00975	0.01850	0.46144	0.35805	0.02707	0.01136	0.01645	0.01447	0.01028	0.01447	0.00891	0.01171	0.00646	0.00484	0.00484	0.00161	0.00706	0.00400	0.00215	0.00658
11	0.00910	0.00804	0.01094	0.00982	0.00997	0.01044	0.00763	0.00998	0.00758	0.01120	0.01059	0.01918	0.01118	0.26784	0.15707	0.00403	0.42293	0.00543	0.00253	0.00452
12	0.01295	0.01295	0.01306	0.01267	0.07778	0.17675	0.00927	0.01865	0.26599	0.01598	0.01253	0.01394	0.01012	0.00668	0.00793	0.00167	0.23130	0.00458	0.08874	0.00645
13	0.08301	0.01206	0.14153	0.00938	0.01308	0.00989	0.00867	0.18717	0.08741	0.07038	0.17987	0.01924	0.05352	0.00671	0.00489	0.00148	0.00444	0.00543	0.00430	0.09755
14	0.01408	0.01117	0.01594	0.01237	0.01572	0.07597	0.22138	0.11038	0.07996	0.16384	0.20426	0.01982	0.01879	0.00655	0.00543	0.00157	0.00546	0.00607	0.00445	0.00679
15	0.01195	0.01227	0.04598	0.01881	0.34988	0.07583	0.05129	0.01465	0.01117	0.01589	0.00905	0.01126	0.00749	0.00420	0.00445	0.00118	0.00548	0.00380	0.00266	0.34271
16	0.00752	0.00542	0.00731	0.00772	0.00890	0.00522	0.00638	0.00980	0.01266	0.01716	0.37282	0.04736	0.06314	0.01211	0.00640	0.00195	0.00351	0.39500	0.00500	0.00463
17	0.01000	0.02578	0.79900	0.01421	0.02157	0.01158	0.01842	0.01579	0.01052	0.01579	0.00895	0.01052	0.00631	0.00474	0.00474	0.00158	0.00737	0.00368	0.00210	0.00737
18	0.01128	0.01200	0.02136	0.01650	0.01867	0.01412	0.34014	0.01371	0.00941	0.01371	0.00807	0.01200	0.00698	0.00678	0.01185	0.00197	0.46814	0.00502	0.00233	0.00600
19	0.01022	0.01127	0.10776	0.02032	0.41150	0.00944	0.04494	0.01324	0.01180	0.01682	0.20254	0.08564	0.01938	0.00681	0.00530	0.00157	0.00507	0.00635	0.00335	0.00668

[dist]
# distance from previous block
# <min> <max>
7	28

[block]
# block no. 5 follows, 50 sequences, length 33
# corresponding to MSA columns:
# 307-339
name=unknown_F
#
# <colnr> <probs for GDERKNQSTAVLIFYWHMCP>
#	G	D	E	R	K	N	Q	S	T	A	V	L	I	F	Y	W	H	M	C	P
0	0.06100	0.01225	0.01364	0.01277	0.11256	0.17013	0.03750	0.02148	0.01349	0.47169	0.01495	0.01419	0.01006	0.00559	0.00484	0.00149	0.00555	0.00449	0.00468	0.00764
1	0.18541	0.01114	0.01614	0.02189	0.49281	0.01151	0.01189	0.08137	0.01187	0.06786	0.00996	0.01239	0.00805	0.03098	0.00522	0.00161	0.00532	0.00422	0.00306	0.00732
2	0.01027	0.00876	0.01152	0.01341	0.15403	0.04727	0.02487	0.04250	0.11027	0.01696	0.10133	0.03660	0.02284	0.00989	0.00598	0.00190	0.00484	0.36664	0.00423	0.00587
3	0.01412	0.01290	0.01869	0.04010	0.51208	0.05168	0.03453	0.19856	0.01428	0.01953	0.00985	0.01210	0.00789	0.00496	0.00524	0.00150	0.02669	0.00443	0.00307	0.00779
4	0.00941	0.00886	0.01495	0.81285	0.03433	0.01107	0.01384	0.01274	0.00997	0.01274	0.00886	0.01329	0.00664	0.00498	0.00498	0.00166	0.00664	0.00443	0.00221	0.00554
5	0.00674	0.00539	0.00609	0.00596	0.00747	0.00489	0.00451	0.00913	0.05631	0.01616	0.30273	0.06733	0.44028	0.01158	0.00589	0.00168	0.00263	0.03567	0.00495	0.00460
6	0.00607	0.00434	0.00578	0.00694	0.00723	0.00405	0.00463	0.00694	0.00954	0.01272	0.02747	0.82157	0.03297	0.01562	0.00636	0.00202	0.00289	0.01417	0.00463	0.00405
7	0.01034	0.00886	0.01034	0.00738	0.01181	0.00664	0.00591	0.01255	0.01034	0.01624	0.00886	0.01034	0.00738	0.00369	0.00369	0.00074	0.00369	0.00295	0.00295	0.85530
8	0.00712	0.00534	0.00801	0.00801	0.00890	0.00623	0.00623	0.00890	0.00801	0.01157	0.01335	0.01958	0.01246	0.03738	0.80507	0.00801	0.01335	0.00534	0.00267	0.00445
9	0.00607	0.00434	0.00578	0.00694	0.00723	0.00405	0.00463	0.00694	0.00954	0.01272	0.02747	0.82157	0.03297	0.01562	0.00636	0.00202	0.00289	0.01417	0.00463	0.00405
10	0.02236	0.00848	0.01157	0.00887	0.01272	0.00733	0.00733	0.02429	0.01427	0.79719	0.01966	0.01697	0.01234	0.00617	0.00501	0.00154	0.00424	0.00501	0.00617	0.00848
11	0.00607	0.00434	0.00578	0.00694	0.00723	0.00405	0.00463	0.00694	0.00954	0.01272	0.02747	0.82157	0.03297	0.01562	0.00636	0.00202	0.00289	0.01417	0.00463	0.00405
12	0.01862	0.02376	0.01413	0.01284	0.01541	0.80482	0.00963	0.01990	0.01413	0.01220	0.00770	0.00899	0.00642	0.00514	0.00449	0.00128	0.00899	0.00321	0.00257	0.00578
13	0.01000	0.02578	0.79900	0.01421	0.02157	0.01158	0.01842	0.01579	0.01052	0.01579	0.00895	0.01052	0.00631	0.00474	0.00474	0.00158	0.00737	0.00368	0.00210	0.00737
14	0.00705	0.00510	0.00666	0.00627	0.00745	0.00470	0.00470	0.00941	0.01411	0.01999	0.79110	0.03723	0.04703	0.01019	0.00588	0.00157	0.00235	0.00901	0.00549	0.00470
15	0.00725	0.00483	0.00544	0.00544	0.00544	0.00483	0.00302	0.00725	0.00725	0.00966	0.01571	0.03262	0.01812	0.82483	0.02537	0.00483	0.00483	0.00725	0.00302	0.00302
16	0.00589	0.00505	0.00505	0.00505	0.00673	0.00421	0.00379	0.00715	0.01136	0.01347	0.05049	0.04797	0.79171	0.01262	0.00589	0.00168	0.00252	0.01052	0.00463	0.00421
17	0.86003	0.00964	0.00733	0.00655	0.00964	0.01118	0.00540	0.01465	0.00848	0.02236	0.00694	0.00810	0.00540	0.00463	0.00308	0.00154	0.00386	0.00270	0.00308	0.00540
18	0.01000	0.02578	0.79900	0.01421	0.02157	0.01158	0.01842	0.01579	0.01052	0.01579	0.00895	0.01052	0.00631	0.00474	0.00474	0.00158	0.00737	0.00368	0.00210	0.00737
19	0.01093	0.00979	0.01373	0.01202	0.01384	0.01147	0.09644	0.05137	0.21183	0.01650	0.01652	0.02636	0.01541	0.00903	0.00896	0.00200	0.24024	0.22364	0.00380	0.00612
20	0.00610	0.00441	0.00577	0.00680	0.00721	0.00408	0.00458	0.00705	0.00982	0.01304	0.05745	0.74626	0.07853	0.01524	0.00632	0.00199	0.00285	0.01376	0.00466	0.00408
21	0.01895	0.01396	0.01496	0.01147	0.01546	0.01546	0.00947	0.77711	0.02344	0.03141	0.01197	0.01197	0.00848	0.00598	0.00499	0.00150	0.00548	0.00449	0.00499	0.00848
22	0.02201	0.00905	0.01192	0.00914	0.01300	0.00816	0.00755	0.10161	0.01521	0.71853	0.01887	0.01645	0.01194	0.00615	0.00501	0.00154	0.00437	0.00496	0.00605	0.00848
23	0.00941	0.00886	0.01495	0.81285	0.03433	0.01107	0.01384	0.01274	0.00997	0.01274	0.00886	0.01329	0.00664	0.00498	0.00498	0.00166	0.00664	0.00443	0.00221	0.00554
24	0.00705	0.00510	0.00666	0.00627	0.00745	0.00470	0.00470	0.00941	0.01411	0.01999	0.79110	0.03723	0.04703	0.01019	0.00588	0.00157	0.00235	0.00901	0.00549	0.00470
25	0.01842	0.01370	0.01466	0.01136	0.01526	0.01521	0.00935	0.71672	0.08469	0.03056	0.01264	0.01250	0.00902	0.00605	0.00499	0.00151	0.00536	0.00458	0.00499	0.00843
26	0.01076	0.01071	0.01498	0.01290	0.01291	0.01493	0.01072	0.01184	0.00769	0.01202	0.00717	0.03523	0.00734	0.00893	0.01606	0.00218	0.79132	0.00466	0.00225	0.00541
27	0.00607	0.00434	0.00578	0.00694	0.00723	0.00405	0.00463	0.00694	0.00954	0.01272	0.02747	0.82157	0.03297	0.01562	0.00636	0.00202	0.00289	0.01417	0.00463	0.00405
28	0.01141	0.01239	0.02353	0.01771	0.02066	0.01371	0.45741	0.01431	0.01005	0.01431	0.00861	0.01239	0.00714	0.00608	0.01024	0.00189	0.34434	0.00525	0.00238	0.00619
29	0.00605	0.00443	0.00569	0.00670	0.00717	0.00407	0.00452	0.00697	0.00977	0.01282	0.03039	0.72357	0.12909	0.01524	0.00630	0.00198	0.00285	0.01371	0.00463	0.00407
30	0.00849	0.00721	0.01064	0.36231	0.01973	0.00812	0.00897	0.01219	0.07421	0.01668	0.36355	0.02547	0.04728	0.00769	0.00542	0.00162	0.00438	0.00676	0.00399	0.00531
31	0.00700	0.00532	0.00627	0.00631	0.00777	0.00455	0.00455	0.00828	0.01065	0.03336	0.06911	0.37257	0.31392	0.01250	0.00579	0.00170	0.00286	0.01091	0.00449	0.11209
32	0.01496	0.58325	0.02256	0.00971	0.01359	0.18289	0.00885	0.08812	0.01222	0.01369	0.00757	0.00858	0.00660	0.00461	0.00364	0.00115	0.00611	0.00295	0.00249	0.00646

[dist]
# distance from previous block
# <min> <max>
0	2

[block]
# block no. 6 follows, 50 sequences, length 32
# corresponding to MSA columns:
# 342-373
name=unknown_G
#
# <colnr> <probs for GDERKNQSTAVLIFYWHMCP>
#	G	D	E	R	K	N	Q	S	T	A	V	L	I	F	Y	W	H	M	C	P
0	0.20574	0.30627	0.14216	0.01066	0.01483	0.14914	0.06259	0.01586	0.01056	0.01516	0.00759	0.00902	0.00624	0.00465	0.00408	0.00136	0.02222	0.00318	0.00245	0.00622
1	0.00742	0.00573	0.00753	0.00803	0.06192	0.00539	0.00552	0.00999	0.03989	0.01832	0.54297	0.07327	0.15021	0.01039	0.00584	0.00163	0.00278	0.03317	0.00507	0.00493
2	0.00757	0.06749	0.00809	0.00652	0.00801	0.00611	0.00502	0.01020	0.05125	0.01803	0.54141	0.09246	0.13872	0.01028	0.00567	0.00158	0.00272	0.00894	0.00504	0.00488
3	0.01446	0.01544	0.01215	0.01105	0.01363	0.32314	0.00845	0.02262	0.42571	0.01678	0.01484	0.01490	0.01156	0.00835	0.06294	0.00199	0.00661	0.00466	0.00391	0.00681
4	0.01376	0.01455	0.01885	0.02656	0.61706	0.19184	0.01401	0.01634	0.01198	0.01536	0.00900	0.01158	0.00756	0.00460	0.00483	0.00144	0.00662	0.00416	0.00249	0.00741
5	0.01240	0.01071	0.01127	0.01014	0.01296	0.01240	0.00789	0.02649	0.78473	0.02085	0.02029	0.01860	0.01522	0.00676	0.00507	0.00169	0.00394	0.00564	0.00507	0.00789
6	0.01234	0.01184	0.02023	0.03059	0.79373	0.01184	0.01530	0.01530	0.01135	0.01628	0.00938	0.01234	0.00790	0.00444	0.00493	0.00148	0.00592	0.00444	0.00247	0.00790
7	0.01316	0.00837	0.00877	0.00738	0.00967	0.00897	0.00588	0.31791	0.01565	0.02372	0.01454	0.01594	0.01106	0.00588	0.00409	0.00130	0.00359	0.00458	0.51339	0.00618
8	0.01895	0.01396	0.01496	0.01147	0.01546	0.01546	0.00947	0.77711	0.02344	0.03141	0.01197	0.01197	0.00848	0.00598	0.00499	0.00150	0.00548	0.00449	0.00499	0.00848
9	0.86003	0.00964	0.00733	0.00655	0.00964	0.01118	0.00540	0.01465	0.00848	0.02236	0.00694	0.00810	0.00540	0.00463	0.00308	0.00154	0.00386	0.00270	0.00308	0.00540
10	0.00607	0.00434	0.00578	0.00694	0.00723	0.00405	0.00463	0.00694	0.00954	0.01272	0.02747	0.82157	0.03297	0.01562	0.00636	0.00202	0.00289	0.01417	0.00463	0.00405
11	0.00929	0.00465	0.00465	0.00465	0.00581	0.00465	0.00348	0.01161	0.01045	0.01858	0.01626	0.01858	0.01278	0.00581	0.00348	0.00116	0.00232	0.00465	0.85250	0.00465
12	0.00705	0.00510	0.00666	0.00627	0.00745	0.00470	0.00470	0.00941	0.01411	0.01999	0.79110	0.03723	0.04703	0.01019	0.00588	0.00157	0.00235	0.00901	0.00549	0.00470
