[name]
unknown

[dist]
# distance from previous block
# <min> <max>
0	598

[block]
# block no. 0 follows, 47 sequences, length 25
# corresponding to MSA columns:
# 603-627
name=unknown_A
#
# <colnr> <probs for GDERKNQSTAVLIFYWHMCP>
#	G	D	E	R	K	N	Q	S	T	A	V	L	I	F	Y	W	H	M	C	P
0	0.00659	0.00471	0.00632	0.00753	0.00794	0.00444	0.00526	0.00767	0.01021	0.01357	0.02857	0.72410	0.03391	0.01609	0.00671	0.00215	0.00323	0.10190	0.00483	0.00430
1	0.01125	0.01661	0.30807	0.26302	0.17461	0.01182	0.01568	0.06021	0.01179	0.01675	0.01002	0.01283	0.00754	0.00511	0.00501	0.00163	0.00675	0.00435	0.04982	0.00712
2	0.02261	0.02904	0.17871	0.27886	0.04133	0.10894	0.08490	0.02548	0.05401	0.01536	0.01191	0.04964	0.01007	0.00620	0.00528	0.00170	0.00698	0.04867	0.01385	0.00644
3	0.01136	0.20352	0.57628	0.01448	0.06324	0.01401	0.01675	0.01626	0.01095	0.01557	0.00890	0.01051	0.00671	0.00482	0.00460	0.00152	0.00714	0.00365	0.00223	0.00750
4	0.00619	0.00528	0.00533	0.00531	0.00706	0.00441	0.00399	0.00754	0.01196	0.01427	0.07453	0.04978	0.76048	0.01311	0.00615	0.00175	0.00263	0.01094	0.00486	0.00441
5	0.01616	0.01213	0.10736	0.20260	0.02125	0.01066	0.07961	0.05636	0.10370	0.31298	0.01528	0.01562	0.01042	0.00585	0.00528	0.00167	0.00584	0.00506	0.00441	0.00774
6	0.01228	0.06101	0.44832	0.03346	0.02037	0.01283	0.07670	0.06387	0.15515	0.04761	0.01217	0.01311	0.00883	0.00542	0.00506	0.00165	0.00675	0.00449	0.00316	0.00776
7	0.00634	0.00453	0.00604	0.00725	0.00755	0.00423	0.00483	0.00725	0.00997	0.01329	0.02870	0.81358	0.03444	0.01632	0.00665	0.00211	0.00302	0.01480	0.00483	0.00423
8	0.01126	0.01088	0.01805	0.54401	0.10508	0.03001	0.10905	0.05601	0.01159	0.01514	0.00955	0.01355	0.00729	0.00523	0.00568	0.00172	0.03219	0.00479	0.00255	0.00635
9	0.02727	0.10668	0.04569	0.03532	0.17376	0.01107	0.03392	0.08782	0.01379	0.29097	0.04018	0.08395	0.01321	0.00663	0.00513	0.00159	0.00519	0.00566	0.00444	0.00772
10	0.01591	0.01217	0.04641	0.01562	0.12966	0.06608	0.16022	0.02030	0.11551	0.26281	0.03154	0.07297	0.01320	0.00651	0.00548	0.00167	0.00585	0.00600	0.00440	0.00767
11	0.00692	0.00461	0.00581	0.00677	0.00728	0.00434	0.00460	0.00810	0.01020	0.01438	0.02758	0.64860	0.05851	0.01444	0.00611	0.00195	0.00290	0.01295	0.14962	0.00434
12	0.01719	0.01511	0.04539	0.03854	0.11621	0.24951	0.09443	0.01962	0.01354	0.23669	0.03715	0.01459	0.01059	0.00666	0.02908	0.00173	0.00701	0.00474	0.03504	0.00718
13	0.01503	0.15252	0.12396	0.14786	0.15174	0.01226	0.02711	0.04061	0.01257	0.22182	0.03681	0.01414	0.01009	0.00546	0.00490	0.00154	0.00586	0.00455	0.00363	0.00754
14	0.01371	0.01264	0.02048	0.02960	0.69341	0.01282	0.01526	0.10503	0.01335	0.01889	0.01012	0.01284	0.00832	0.00483	0.00516	0.00155	0.00613	0.00465	0.00289	0.00832
15	0.01071	0.06530	0.46778	0.01389	0.06109	0.03612	0.03877	0.01602	0.05772	0.01728	0.14935	0.01654	0.01497	0.00605	0.00514	0.00161	0.00642	0.00502	0.00307	0.00713
16	0.01190	0.01514	0.13726	0.09303	0.10811	0.01277	0.46588	0.01688	0.05426	0.01666	0.01076	0.01376	0.00811	0.00472	0.00573	0.00172	0.00792	0.00550	0.00268	0.00721
17	0.01165	0.01358	0.15278	0.15139	0.06478	0.02538	0.23197	0.06562	0.01228	0.01770	0.01157	0.01441	0.00877	0.00515	0.00508	0.00158	0.00654	0.00497	0.18817	0.00662
18	0.00674	0.00457	0.00590	0.00697	0.00738	0.00430	0.00469	0.00783	0.01008	0.01402	0.02731	0.71943	0.03194	0.01510	0.00629	0.00201	0.00295	0.01362	0.10454	0.00430
19	0.01163	0.01074	0.01782	0.34393	0.25416	0.01187	0.08239	0.07563	0.01208	0.01645	0.01106	0.06004	0.00934	0.00584	0.00571	0.00169	0.03240	0.00537	0.02507	0.00677
20	0.01197	0.16571	0.28639	0.01191	0.01647	0.03597	0.05620	0.01662	0.09444	0.07066	0.01439	0.15178	0.01301	0.00725	0.00534	0.00165	0.02396	0.00602	0.00335	0.00691
21	0.00632	0.00462	0.00595	0.00702	0.00749	0.00425	0.00473	0.00728	0.01020	0.01339	0.03155	0.72307	0.12311	0.01594	0.00659	0.00207	0.00298	0.01435	0.00483	0.00425
22	0.03931	0.03233	0.22199	0.06194	0.15909	0.03001	0.18250	0.10473	0.01334	0.01881	0.07570	0.01457	0.01107	0.00542	0.00531	0.00163	0.00682	0.00506	0.00307	0.00732
23	0.01634	0.03962	0.06836	0.01581	0.17056	0.08924	0.05280	0.16848	0.08113	0.16682	0.04483	0.03787	0.01199	0.00617	0.00521	0.00159	0.00588	0.00520	0.00424	0.00786
24	0.01491	0.00974	0.01335	0.04707	0.01448	0.01057	0.05717	0.07633	0.11560	0.24425	0.10783	0.04596	0.03979	0.00797	0.00776	0.00181	0.15693	0.01663	0.00476	0.00711

[dist]
# distance from previous block
# <min> <max>
3	25

[block]
# block no. 1 follows, 47 sequences, length 167
# corresponding to MSA columns:
# 653-819
name=unknown_B
#
# <colnr> <probs for GDERKNQSTAVLIFYWHMCP>
#	G	D	E	R	K	N	Q	S	T	A	V	L	I	F	Y	W	H	M	C	P
0	0.02864	0.04931	0.02482	0.00938	0.01132	0.00984	0.03684	0.02913	0.03464	0.05289	0.06964	0.02637	0.23949	0.04835	0.04510	0.00223	0.21224	0.00684	0.00375	0.05919
1	0.01453	0.08772	0.06906	0.01226	0.03396	0.12853	0.04405	0.07986	0.41513	0.03636	0.01575	0.01541	0.01193	0.00618	0.00504	0.00161	0.00566	0.00497	0.00425	0.00775
2	0.01251	0.07947	0.07443	0.08011	0.45344	0.01267	0.07084	0.01657	0.06570	0.03227	0.01193	0.01488	0.02646	0.00527	0.00515	0.00159	0.00620	0.01998	0.00288	0.00767
3	0.00634	0.00453	0.00604	0.00725	0.00755	0.00423	0.00483	0.00725	0.00997	0.01329	0.02870	0.81358	0.03444	0.01632	0.00665	0.00211	0.00302	0.01480	0.00483	0.00423
4	0.01698	0.01673	0.01381	0.01192	0.01510	0.28041	0.00930	0.22124	0.31737	0.02163	0.01442	0.01418	0.01090	0.00627	0.00507	0.00157	0.00634	0.00471	0.00438	0.00765
5	0.01901	0.02404	0.01497	0.03457	0.03942	0.75238	0.01035	0.02046	0.01456	0.01289	0.00813	0.00961	0.00676	0.00534	0.00472	0.00136	0.00923	0.00343	0.00267	0.00610
6	0.01445	0.65252	0.07967	0.00996	0.01440	0.12853	0.00980	0.01639	0.01120	0.01262	0.00750	0.00869	0.00668	0.00462	0.00365	0.00118	0.00626	0.00294	0.00229	0.00666
7	0.01235	0.40674	0.40455	0.01196	0.01798	0.03659	0.01405	0.01617	0.01089	0.01436	0.00830	0.00969	0.00664	0.00472	0.00417	0.00138	0.00672	0.00333	0.00223	0.00717
8	0.00615	0.00528	0.00528	0.00528	0.00703	0.00440	0.00396	0.00747	0.01187	0.01407	0.05276	0.05012	0.78238	0.01319	0.00615	0.00176	0.00264	0.01099	0.00484	0.00440
9	0.02184	0.01103	0.09346	0.00998	0.01440	0.00853	0.00897	0.06084	0.01497	0.67051	0.01898	0.01677	0.01204	0.00628	0.00521	0.00161	0.00484	0.00507	0.00594	0.00874
10	0.00983	0.00926	0.01562	0.80447	0.03587	0.01157	0.01446	0.01331	0.01041	0.01331	0.00926	0.01388	0.00694	0.00521	0.00521	0.00174	0.00694	0.00463	0.00231	0.00579
11	0.00745	0.00555	0.00824	0.00824	0.00912	0.00644	0.00634	0.00921	0.00833	0.01199	0.01407	0.02113	0.01331	0.07722	0.75858	0.00821	0.01351	0.00568	0.00281	0.00458
12	0.01980	0.01459	0.01563	0.01198	0.01615	0.01615	0.00990	0.76713	0.02448	0.03282	0.01250	0.01250	0.00886	0.00625	0.00521	0.00156	0.00573	0.00469	0.00521	0.00886
13	0.00983	0.00926	0.01562	0.80447	0.03587	0.01157	0.01446	0.01331	0.01041	0.01331	0.00926	0.01388	0.00694	0.00521	0.00521	0.00174	0.00694	0.00463	0.00231	0.00579
14	0.01229	0.01405	0.03073	0.02195	0.02722	0.01317	0.76558	0.01668	0.01229	0.01668	0.01054	0.01405	0.00790	0.00439	0.00615	0.00176	0.00878	0.00615	0.00263	0.00702
15	0.00635	0.00480	0.00587	0.00662	0.00741	0.00432	0.00458	0.00748	0.01084	0.01401	0.08380	0.53651	0.25852	0.01502	0.00647	0.00198	0.00287	0.01332	0.00489	0.00432
16	0.00617	0.00523	0.00532	0.00540	0.00707	0.00439	0.00401	0.00746	0.01175	0.01402	0.05122	0.09870	0.73479	0.01339	0.00619	0.00178	0.00266	0.01123	0.00484	0.00439
17	0.00641	0.00458	0.00610	0.00721	0.00757	0.00427	0.00484	0.00742	0.01027	0.01378	0.07662	0.76429	0.03538	0.01595	0.00661	0.00208	0.00299	0.01446	0.00489	0.00427
18	0.01372	0.03629	0.01346	0.00962	0.01405	0.01058	0.03277	0.23823	0.04837	0.02174	0.01072	0.01172	0.00839	0.00475	0.00438	0.00109	0.00464	0.00378	0.00377	0.50793
19	0.11350	0.32549	0.28290	0.01141	0.01654	0.14140	0.01223	0.01670	0.01119	0.01510	0.00809	0.00943	0.00653	0.00481	0.00409	0.00139	0.00673	0.00324	0.00241	0.00680
20	0.00702	0.00514	0.00552	0.00552	0.00621	0.00480	0.00347	0.00753	0.00924	0.01164	0.03053	0.04031	0.31549	0.50476	0.01860	0.00377	0.00411	0.00890	0.00381	0.00364
21	0.85377	0.01007	0.00765	0.00685	0.01007	0.01168	0.00564	0.01531	0.00886	0.02336	0.00725	0.00846	0.00564	0.00483	0.00322	0.00161	0.00403	0.00282	0.00322	0.00564
22	0.00737	0.00534	0.00696	0.00661	0.00785	0.00493	0.00500	0.00980	0.01458	0.02055	0.74006	0.03980	0.06690	0.01083	0.00618	0.00166	0.00253	0.03246	0.00568	0.00490
23	0.03398	0.01472	0.09324	0.04140	0.14103	0.03296	0.40851	0.08908	0.03585	0.01833	0.01179	0.01432	0.02911	0.00503	0.00563	0.00168	0.00753	0.00550	0.00298	0.00732
24	0.78528	0.00997	0.00802	0.00705	0.01034	0.01135	0.00581	0.01614	0.00936	0.08643	0.00835	0.00922	0.00624	0.00497	0.00339	0.00161	0.00406	0.00302	0.00349	0.00591
25	0.01229	0.01405	0.03073	0.02195	0.02722	0.01317	0.76558	0.01668	0.01229	0.01668	0.01054	0.01405	0.00790	0.00439	0.00615	0.00176	0.00878	0.00615	0.00263	0.00702
26	0.00699	0.00523	0.00656	0.00735	0.00809	0.00505	0.00512	0.00920	0.07360	0.01460	0.07823	0.60971	0.10373	0.01485	0.00647	0.00203	0.00308	0.03054	0.00493	0.00463
27	0.01266	0.01214	0.02073	0.08962	0.72863	0.01231	0.01587	0.01578	0.01175	0.01674	0.00976	0.01296	0.00815	0.00468	0.00516	0.00156	0.00624	0.00464	0.00256	0.00807
28	0.00634	0.00453	0.00604	0.00725	0.00755	0.00423	0.00483	0.00725	0.00997	0.01329	0.02870	0.81358	0.03444	0.01632	0.00665	0.00211	0.00302	0.01480	0.00483	0.00423
29	0.01223	0.01170	0.01984	0.14400	0.65095	0.01201	0.01539	0.01533	0.01165	0.01638	0.01105	0.01419	0.03212	0.00499	0.00519	0.00158	0.00619	0.00484	0.00261	0.00777
30	0.01630	0.04095	0.03542	0.06687	0.18328	0.40087	0.09974	0.06608	0.01401	0.01550	0.00908	0.01116	0.00733	0.00511	0.00500	0.00147	0.00811	0.00411	0.00277	0.00684
31	0.02027	0.01254	0.01421	0.01103	0.01505	0.01328	0.00907	0.47537	0.08842	0.26186	0.01573	0.01471	0.01071	0.00638	0.00523	0.00160	0.00519	0.00496	0.00559	0.00880
32	0.02049	0.01396	0.01488	0.01151	0.01558	0.05273	0.00946	0.58363	0.02211	0.18140	0.01388	0.01338	0.00955	0.00625	0.00519	0.00156	0.00565	0.00473	0.00533	0.00872
33	0.00843	0.00549	0.00700	0.00653	0.00767	0.00512	0.00470	0.01032	0.01317	0.06732	0.56430	0.03649	0.04016	0.18844	0.01058	0.00239	0.00315	0.00874	0.00521	0.00478
34	0.00634	0.00453	0.00604	0.00725	0.00755	0.00423	0.00483	0.00725	0.00997	0.01329	0.02870	0.81358	0.03444	0.01632	0.00665	0.00211	0.00302	0.01480	0.00483	0.00423
35	0.00656	0.00529	0.00584	0.00571	0.00729	0.00457	0.00428	0.00827	0.01284	0.01637	0.29871	0.04633	0.53499	0.01233	0.00615	0.00172	0.00258	0.01046	0.00514	0.00457
36	0.00737	0.00532	0.00696	0.00655	0.00778	0.00491	0.00491	0.00983	0.01474	0.02088	0.78175	0.03890	0.04914	0.01065	0.00614	0.00164	0.00246	0.00942	0.00573	0.00491
37	0.85377	0.01007	0.00765	0.00685	0.01007	0.01168	0.00564	0.01531	0.00886	0.02336	0.00725	0.00846	0.00564	0.00483	0.00322	0.00161	0.00403	0.00282	0.00322	0.00564
38	0.01366	0.00674	0.00917	0.00870	0.01082	0.00616	0.00706	0.01556	0.01281	0.31537	0.06098	0.20607	0.04404	0.01152	0.00624	0.00198	0.00410	0.24728	0.00549	0.00625
39	0.85377	0.01007	0.00765	0.00685	0.01007	0.01168	0.00564	0.01531	0.00886	0.02336	0.00725	0.00846	0.00564	0.00483	0.00322	0.00161	0.00403	0.00282	0.00322	0.00564
40	0.85377	0.01007	0.00765	0.00685	0.01007	0.01168	0.00564	0.01531	0.00886	0.02336	0.00725	0.00846	0.00564	0.00483	0.00322	0.00161	0.00403	0.00282	0.00322	0.00564
41	0.00634	0.00453	0.00604	0.00725	0.00755	0.00423	0.00483	0.00725	0.00997	0.01329	0.02870	0.81358	0.03444	0.01632	0.00665	0.00211	0.00302	0.01480	0.00483	0.00423
42	0.85377	0.01007	0.00765	0.00685	0.01007	0.01168	0.00564	0.01531	0.00886	0.02336	0.00725	0.00846	0.00564	0.00483	0.00322	0.00161	0.00403	0.00282	0.00322	0.00564
43	0.00971	0.00485	0.00485	0.00485	0.00607	0.00485	0.00364	0.01213	0.01092	0.01942	0.01699	0.01942	0.01335	0.00607	0.00364	0.00121	0.00243	0.00485	0.84589	0.00485
44	0.01080	0.00926	0.01080	0.00771	0.01234	0.00694	0.00617	0.01311	0.01080	0.01697	0.00926	0.01080	0.00771	0.00386	0.00386	0.00077	0.00386	0.00309	0.00309	0.84882
45	0.02246	0.01031	0.01298	0.00995	0.01402	0.00981	0.00822	0.21319	0.01733	0.59687	0.01851	0.01640	0.01187	0.00640	0.00523	0.00160	0.00476	0.00510	0.00613	0.00886
46	0.02249	0.01026	0.01295	0.00993	0.01399	0.00973	0.00820	0.20695	0.01725	0.60322	0.01858	0.01645	0.01190	0.00640	0.00523	0.00160	0.00475	0.00510	0.00614	0.00886
47	0.00954	0.00965	0.01933	0.01516	0.01813	0.00904	0.41420	0.01233	0.01122	0.01512	0.01893	0.38335	0.02016	0.00990	0.00638	0.00192	0.00612	0.01015	0.00365	0.00573
48	0.00744	0.00558	0.00837	0.00837	0.00930	0.00651	0.00651	0.00930	0.00837	0.01209	0.01395	0.02046	0.01302	0.03906	0.79635	0.00837	0.01395	0.00558	0.00279	0.00465
49	0.00634	0.00453	0.00604	0.00725	0.00755	0.00423	0.00483	0.00725	0.00997	0.01329	0.02870	0.81358	0.03444	0.01632	0.00665	0.00211	0.00302	0.01480	0.00483	0.00423
50	0.01916	0.00783	0.01046	0.00843	0.01167	0.00686	0.00680	0.02116	0.01420	0.58258	0.10087	0.07259	0.03901	0.00768	0.00533	0.00162	0.00394	0.00642	0.06563	0.00775
51	0.31310	0.01014	0.01102	0.00883	0.01257	0.01038	0.00728	0.12498	0.03431	0.39528	0.01479	0.01380	0.00987	0.00587	0.00453	0.00161	0.00446	0.00433	0.00512	0.00772
52	0.02273	0.00918	0.01220	0.00943	0.01341	0.00822	0.00776	0.05198	0.05254	0.72354	0.02029	0.01762	0.01289	0.00647	0.00524	0.00162	0.00446	0.00525	0.00635	0.00883
53	0.85377	0.01007	0.00765	0.00685	0.01007	0.01168	0.00564	0.01531	0.00886	0.02336	0.00725	0.00846	0.00564	0.00483	0.00322	0.00161	0.00403	0.00282	0.00322	0.00564
54	0.00913	0.00583	0.00599	0.00567	0.00733	0.00562	0.00433	0.07258	0.01255	0.01861	0.06230	0.03099	0.29786	0.00890	0.00480	0.00146	0.00278	0.00730	0.43096	0.00502
55	0.83181	0.01051	0.02803	0.00706	0.01040	0.01169	0.00599	0.01534	0.00892	0.02319	0.00731	0.00853	0.00566	0.00484	0.00327	0.00161	0.00412	0.00285	0.00320	0.00569
56	0.01124	0.01106	0.01518	0.45969	0.05387	0.08391	0.01283	0.03256	0.01079	0.01384	0.01004	0.01591	0.00860	0.00735	0.02545	0.00199	0.16533	0.05192	0.00259	0.00587
57	0.00627	0.00484	0.00572	0.00643	0.00734	0.00430	0.00447	0.00734	0.01076	0.01362	0.03876	0.49436	0.34717	0.01501	0.00644	0.00197	0.00286	0.01321	0.00483	0.00430
58	0.80092	0.00999	0.00794	0.00700	0.01028	0.01143	0.00577	0.01595	0.00925	0.07203	0.00810	0.00905	0.00610	0.00494	0.00335	0.00161	0.00405	0.00297	0.00343	0.00584
59	0.00762	0.00507	0.00647	0.00692	0.00783	0.00462	0.00485	0.00891	0.01135	0.06398	0.16580	0.49226	0.14470	0.03548	0.00692	0.00202	0.00301	0.01248	0.00505	0.00464
60	0.00674	0.00506	0.00626	0.00657	0.00761	0.00458	0.00475	0.00837	0.01227	0.01636	0.31257	0.31284	0.22726	0.01338	0.00635	0.00186	0.00277	0.03470	0.00516	0.00454
61	0.01392	0.82012	0.02729	0.00891	0.01337	0.02061	0.00891	0.01559	0.01058	0.01225	0.00724	0.00835	0.00668	0.00446	0.00334	0.00111	0.00557	0.00278	0.00223	0.00668
62	0.00744	0.00558	0.00837	0.00837	0.00930	0.00651	0.00651	0.00930	0.00837	0.01209	0.01395	0.02046	0.01302	0.03906	0.79635	0.00837	0.01395	0.00558	0.00279	0.00465
63	0.01392	0.82012	0.02729	0.00891	0.01337	0.02061	0.00891	0.01559	0.01058	0.01225	0.00724	0.00835	0.00668	0.00446	0.00334	0.00111	0.00557	0.00278	0.00223	0.00668
64	0.01094	0.05553	0.54878	0.03655	0.07012	0.01236	0.06785	0.01701	0.07516	0.01663	0.01093	0.03582	0.00841	0.00539	0.00506	0.00165	0.00713	0.00453	0.00260	0.00754
65	0.00731	0.00532	0.00688	0.00649	0.00774	0.00489	0.00487	0.00971	0.01460	0.02055	0.74598	0.03945	0.08511	0.01077	0.00614	0.00164	0.00247	0.00950	0.00569	0.00489
66	0.01112	0.17991	0.64290	0.01370	0.02077	0.01374	0.01725	0.01632	0.01092	0.01567	0.00894	0.01049	0.00661	0.00485	0.00464	0.00155	0.00729	0.00364	0.00220	0.00750
67	0.00853	0.00733	0.01154	0.45486	0.02358	0.00846	0.01030	0.01098	0.01030	0.01359	0.01700	0.31238	0.01774	0.00948	0.00570	0.00185	0.00526	0.02044	0.02583	0.02487
68	0.01756	0.01431	0.01432	0.01165	0.01530	0.07763	0.00938	0.46885	0.26577	0.02765	0.01495	0.01449	0.01095	0.00644	0.00520	0.00161	0.00550	0.00497	0.00504	0.00843
69	0.01945	0.02482	0.01476	0.01342	0.01610	0.79608	0.01006	0.02079	0.01476	0.01275	0.00805	0.00939	0.00671	0.00537	0.00470	0.00134	0.00939	0.00335	0.00268	0.00604
70	0.00673	0.00472	0.00591	0.00669	0.00694	0.00450	0.00427	0.00736	0.00925	0.01229	0.02539	0.54266	0.04931	0.27369	0.01302	0.00305	0.00366	0.01238	0.00429	0.00389
71	0.01139	0.01139	0.01595	0.01367	0.01367	0.01595	0.01139	0.01253	0.00798	0.01253	0.00684	0.01139	0.00684	0.00911	0.01709	0.00228	0.80745	0.00456	0.00228	0.00570
72	0.00983	0.00926	0.01562	0.80447	0.03587	0.01157	0.01446	0.01331	0.01041	0.01331	0.00926	0.01388	0.00694	0.00521	0.00521	0.00174	0.00694	0.00463	0.00231	0.00579
73	0.01229	0.01405	0.03073	0.02195	0.02722	0.01317	0.76558	0.01668	0.01229	0.01668	0.01054	0.01405	0.00790	0.00439	0.00615	0.00176	0.00878	0.00615	0.00263	0.00702
74	0.00879	0.00732	0.00796	0.00784	0.00965	0.00760	0.00583	0.01509	0.30136	0.01679	0.03413	0.24897	0.28489	0.01172	0.00597	0.00186	0.00331	0.01010	0.00501	0.00581
75	0.00640	0.00457	0.00609	0.00722	0.00756	0.00426	0.00484	0.00738	0.01020	0.01367	0.06565	0.77558	0.03516	0.01604	0.00662	0.00209	0.00299	0.01454	0.00488	0.00426
76	0.01114	0.01102	0.01547	0.01333	0.01339	0.01535	0.01108	0.01233	0.00800	0.01250	0.00729	0.01197	0.00723	0.01102	0.06668	0.00267	0.75696	0.00462	0.00231	0.00563
77	0.01520	0.01217	0.01375	0.01141	0.01486	0.01358	0.04579	0.25598	0.46274	0.04859	0.01872	0.01770	0.03174	0.00681	0.00533	0.00170	0.00482	0.00563	0.00516	0.00830
78	0.01017	0.02498	0.71912	0.01409	0.02120	0.01144	0.01794	0.01589	0.01133	0.01689	0.07927	0.01352	0.01045	0.00546	0.00506	0.00165	0.00722	0.00435	0.00252	0.00744
79	0.01807	0.05028	0.01362	0.10241	0.01593	0.01085	0.00897	0.15568	0.03219	0.36936	0.01669	0.01703	0.02849	0.00670	0.00609	0.00165	0.07105	0.02020	0.04701	0.00774
80	0.01240	0.06268	0.01510	0.39664	0.02473	0.05146	0.01154	0.08210	0.25397	0.01755	0.01312	0.01495	0.00991	0.00584	0.00509	0.00167	0.00598	0.00485	0.00352	0.00689
81	0.00795	0.00515	0.00601	0.00583	0.00712	0.00483	0.00437	0.01019	0.01286	0.01910	0.39256	0.04639	0.14791	0.01006	0.01799	0.00163	0.00267	0.00817	0.28443	0.00480
82	0.85377	0.01007	0.00765	0.00685	0.01007	0.01168	0.00564	0.01531	0.00886	0.02336	0.00725	0.00846	0.00564	0.00483	0.00322	0.00161	0.00403	0.00282	0.00322	0.00564
83	0.00745	0.00544	0.00735	0.00856	0.02948	0.00522	0.00641	0.00903	0.01112	0.01458	0.06643	0.34168	0.10893	0.02930	0.00747	0.02468	0.00382	0.30380	0.00470	0.00454
84	0.01631	0.01241	0.01372	0.04798	0.01569	0.01349	0.00906	0.38347	0.25142	0.05905	0.01497	0.01471	0.01096	0.00617	0.00508	0.00154	0.00501	0.00488	0.00490	0.10917
85	0.01289	0.01237	0.02114	0.03196	0.78450	0.01237	0.01598	0.01598	0.01186	0.01701	0.00980	0.01289	0.00825	0.00464	0.00516	0.00155	0.00619	0.00464	0.00258	0.00825
86	0.01329	0.00707	0.00916	0.00780	0.01020	0.00650	0.00612	0.01651	0.07196	0.28011	0.44673	0.02953	0.03329	0.00878	0.00571	0.00162	0.00329	0.00757	0.00587	0.02891
87	0.01116	0.08100	0.44616	0.01209	0.01744	0.01151	0.01375	0.03674	0.10755	0.04456	0.06417	0.05299	0.01299	0.05785	0.00642	0.00186	0.00618	0.00522	0.00324	0.00712
88	0.02002	0.01422	0.01540	0.01181	0.01597	0.01561	0.00976	0.71993	0.02388	0.08088	0.01301	0.01284	0.00911	0.00626	0.00521	0.00157	0.00565	0.00472	0.00529	0.00886
89	0.01805	0.00773	0.01039	0.00849	0.01161	0.00679	0.00692	0.02015	0.01453	0.53214	0.19008	0.02658	0.05971	0.00821	0.00561	0.00167	0.00393	0.05380	0.00610	0.00752
90	0.06454	0.01078	0.01922	0.35919	0.17730	0.01174	0.19052	0.01446	0.01089	0.01538	0.00988	0.01386	0.00779	0.00737	0.06340	0.00218	0.00756	0.00494	0.00253	0.00647
91	0.01198	0.02732	0.10696	0.10208	0.01574	0.00967	0.04147	0.16245	0.02687	0.08971	0.02720	0.02733	0.29073	0.02994	0.00609	0.00176	0.00495	0.00705	0.00426	0.00645
92	0.01900	0.00854	0.01197	0.02409	0.01320	0.00818	0.02040	0.03785	0.01332	0.54682	0.01796	0.01773	0.01234	0.01320	0.16811	0.00303	0.04593	0.00527	0.00532	0.00776
93	0.00634	0.00453	0.00604	0.00725	0.00755	0.00423	0.00483	0.00725	0.00997	0.01329	0.02870	0.81358	0.03444	0.01632	0.00665	0.00211	0.00302	0.01480	0.00483	0.00423
94	0.00965	0.06452	0.25168	0.01221	0.07069	0.00883	0.04121	0.01254	0.01080	0.05264	0.01884	0.38456	0.02003	0.01023	0.00571	0.00183	0.00516	0.00909	0.00368	0.00609
95	0.01177	0.04381	0.34665	0.06693	0.02369	0.01268	0.28760	0.01764	0.08473	0.03733	0.01114	0.01319	0.00815	0.00499	0.00539	0.00169	0.00754	0.00493	0.00278	0.00738
96	0.00629	0.00474	0.00582	0.00669	0.00741	0.00428	0.00458	0.00731	0.01051	0.01351	0.03554	0.59640	0.24721	0.01543	0.00651	0.00201	0.00291	0.01372	0.00483	0.00428
97	0.01894	0.02397	0.01483	0.01343	0.01594	0.74643	0.01015	0.02027	0.01433	0.01273	0.00797	0.00952	0.00672	0.00560	0.00548	0.00140	0.06018	0.00343	0.00266	0.00602
98	0.01484	0.01173	0.01341	0.02419	0.01474	0.01127	0.02163	0.35134	0.01696	0.02401	0.01074	0.01168	0.00822	0.00496	0.00453	0.00116	0.00484	0.00389	0.00402	0.44186
99	0.01316	0.01381	0.02019	0.04155	0.06759	0.09949	0.21949	0.06883	0.01141	0.01546	0.00866	0.01216	0.00735	0.00679	0.01075	0.00192	0.36737	0.00488	0.00265	0.00649
100	0.00834	0.00497	0.00507	0.00514	0.00648	0.00467	0.00382	0.01031	0.01117	0.01729	0.02935	0.07993	0.26447	0.00903	0.00465	0.00145	0.00253	0.00748	0.51919	0.00467
101	0.01096	0.01956	0.42693	0.13627	0.06173	0.01211	0.14892	0.01577	0.01121	0.02877	0.03364	0.01306	0.00840	0.00527	0.00583	0.00171	0.04558	0.00464	0.00250	0.00715
102	0.00638	0.00527	0.00549	0.00545	0.00703	0.00450	0.00401	0.00775	0.01192	0.01459	0.13277	0.04783	0.65099	0.06405	0.00745	0.00195	0.00277	0.01060	0.00483	0.00438
103	0.01140	0.20254	0.10483	0.14807	0.01928	0.01342	0.11029	0.03079	0.10839	0.01593	0.07329	0.01742	0.06836	0.00636	0.00563	0.00160	0.04730	0.00530	0.00321	0.00657
104	0.01238	0.00762	0.00842	0.00771	0.00980	0.00803	0.00597	0.06430	0.21826	0.10681	0.01969	0.09890	0.01625	0.00763	0.00476	0.00155	0.00344	0.02604	0.36605	0.00641
105	0.01089	0.01066	0.01497	0.01300	0.01310	0.01475	0.01076	0.01209	0.00807	0.01251	0.00809	0.03366	0.00816	0.01213	0.09018	0.00285	0.71127	0.00493	0.00240	0.00556
106	0.03735	0.01216	0.01432	0.04656	0.07812	0.06299	0.00999	0.20804	0.06156	0.07726	0.03196	0.01394	0.01004	0.00689	0.00829	0.00173	0.22652	0.00473	0.06222	0.02536
107	0.01066	0.01042	0.06729	0.22667	0.01881	0.02855	0.00997	0.03556	0.23594	0.02938	0.07522	0.14981	0.03347	0.00842	0.00581	0.00180	0.02138	0.02035	0.00409	0.00641
108	0.00941	0.00784	0.01420	0.01208	0.01421	0.00733	0.23969	0.01156	0.01114	0.06381	0.02250	0.46236	0.02457	0.01187	0.00644	0.00199	0.00501	0.06428	0.00426	0.00543
109	0.00638	0.00465	0.00593	0.00694	0.00740	0.00429	0.00465	0.00729	0.01008	0.01323	0.03097	0.68411	0.12306	0.05522	0.00756	0.00222	0.00307	0.01399	0.00475	0.00420
110	0.01587	0.03933	0.01332	0.01162	0.01425	0.40353	0.00893	0.06627	0.21322	0.01641	0.01271	0.01382	0.01020	0.01006	0.10358	0.00233	0.00807	0.00440	0.02548	0.00660
111	0.01911	0.01421	0.01554	0.05278	0.01709	0.01574	0.01006	0.71390	0.02350	0.03151	0.01227	0.01254	0.00874	0.00615	0.00518	0.00156	0.00576	0.00465	0.00502	0.02468
112	0.09968	0.19461	0.10817	0.04021	0.01639	0.03403	0.10935	0.11255	0.06089	0.01773	0.01148	0.01464	0.02210	0.06233	0.02768	0.00198	0.03960	0.01678	0.00314	0.00666
113	0.01879	0.02378	0.01427	0.01300	0.01558	0.75431	0.00972	0.02009	0.01449	0.01271	0.00942	0.01110	0.02690	0.02763	0.00533	0.00145	0.00910	0.00366	0.00275	0.00592
114	0.02336	0.00886	0.01209	0.00927	0.01329	0.00765	0.00765	0.02538	0.01491	0.78810	0.02055	0.01773	0.01289	0.00645	0.00524	0.00161	0.00443	0.00524	0.00645	0.00886
115	0.00868	0.00699	0.00799	0.00871	0.00981	0.05702	0.00681	0.04699	0.01194	0.01520	0.02769	0.36481	0.07877	0.01412	0.00664	0.00213	0.00426	0.31194	0.00470	0.00482
116	0.02905	0.07759	0.12833	0.01312	0.01641	0.07996	0.08989	0.01867	0.13585	0.11608	0.01185	0.01329	0.00914	0.00658	0.00836	0.00178	0.22894	0.00466	0.00339	0.00706
117	0.00634	0.00533	0.00552	0.00559	0.00723	0.00457	0.00415	0.00793	0.02723	0.01434	0.06934	0.11699	0.68098	0.01327	0.00618	0.00179	0.00270	0.01118	0.00487	0.00447
118	0.00638	0.00507	0.00576	0.00626	0.00748	0.00445	0.00457	0.00763	0.01122	0.01390	0.04263	0.31674	0.46965	0.01436	0.00640	0.00193	0.00292	0.06347	0.00483	0.00437
119	0.01131	0.04056	0.25388	0.29278	0.08966	0.01217	0.12732	0.01548	0.01110	0.04278	0.00980	0.01278	0.00731	0.00505	0.00547	0.00166	0.02722	0.00455	0.00251	0.02660
120	0.18993	0.01242	0.01875	0.02902	0.04244	0.02495	0.28038	0.13677	0.04088	0.07120	0.01094	0.01262	0.00814	0.00508	0.00520	0.00159	0.01907	0.00473	0.00354	0.08235
121	0.00744	0.00558	0.00837	0.00837	0.00930	0.00651	0.00651	0.00930	0.00837	0.01209	0.01395	0.02046	0.01302	0.03906	0.79635	0.00837	0.01395	0.00558	0.00279	0.00465
122	0.01409	0.79540	0.02690	0.00905	0.01345	0.04471	0.00895	0.01576	0.01071	0.01227	0.00727	0.00839	0.00668	0.00448	0.00338	0.00112	0.00569	0.00280	0.00224	0.00666
123	0.00703	0.00531	0.00650	0.00620	0.00757	0.00477	0.00465	0.00918	0.01395	0.01900	0.58037	0.04200	0.25169	0.01135	0.00615	0.00167	0.00251	0.00985	0.00548	0.00477
124	0.00707	0.00531	0.00655	0.00624	0.00760	0.00479	0.00468	0.00925	0.01404	0.01923	0.60445	0.04163	0.22747	0.01126	0.00615	0.00167	0.00250	0.00980	0.00551	0.00479
125	0.00663	0.00475	0.00630	0.00706	0.00762	0.00442	0.00486	0.00796	0.01129	0.01539	0.23635	0.59997	0.03849	0.01475	0.00651	0.00198	0.00287	0.01332	0.00508	0.00442
126	0.01392	0.82012	0.02729	0.00891	0.01337	0.02061	0.00891	0.01559	0.01058	0.01225	0.00724	0.00835	0.00668	0.00446	0.00334	0.00111	0.00557	0.00278	0.00223	0.00668
127	0.01501	0.00641	0.00766	0.00657	0.00887	0.00594	0.00520	0.01728	0.01247	0.31800	0.01837	0.01876	0.01317	0.00621	0.00426	0.00137	0.00321	0.00500	0.51982	0.00641
128	0.01634	0.01287	0.01368	0.01128	0.01483	0.01453	0.00906	0.39313	0.40413	0.02724	0.01690	0.01601	0.01242	0.00666	0.00525	0.00167	0.00492	0.00530	0.00525	0.00855
129	0.01392	0.82012	0.02729	0.00891	0.01337	0.02061	0.00891	0.01559	0.01058	0.01225	0.00724	0.00835	0.00668	0.00446	0.00334	0.00111	0.00557	0.00278	0.00223	0.00668
130	0.01945	0.02482	0.01476	0.01342	0.01610	0.79608	0.01006	0.02079	0.01476	0.01275	0.00805	0.00939	0.00671	0.00537	0.00470	0.00134	0.00939	0.00335	0.00268	0.00604
131	0.00734	0.00530	0.00694	0.00657	0.00777	0.00490	0.00491	0.00976	0.01462	0.02069	0.76214	0.05907	0.04875	0.01079	0.00616	0.00165	0.00247	0.00956	0.00571	0.00490
132	0.01923	0.00866	0.01137	0.00869	0.01263	0.00727	0.00710	0.02135	0.01397	0.55190	0.08079	0.01792	0.01472	0.00621	0.00500	0.00143	0.00414	0.00510	0.00563	0.19690
133	0.01295	0.01119	0.01178	0.01060	0.01354	0.01295	0.00824	0.02767	0.77509	0.02178	0.02120	0.01943	0.01590	0.00707	0.00530	0.00177	0.00412	0.00589	0.00530	0.00824
134	0.00983	0.00926	0.01562	0.80447	0.03587	0.01157	0.01446	0.01331	0.01041	0.01331	0.00926	0.01388	0.00694	0.00521	0.00521	0.00174	0.00694	0.00463	0.00231	0.00579
135	0.00744	0.00558	0.00837	0.00837	0.00930	0.00651	0.00651	0.00930	0.00837	0.01209	0.01395	0.02046	0.01302	0.03906	0.79635	0.00837	0.01395	0.00558	0.00279	0.00465
136	0.00641	0.00458	0.00611	0.00732	0.00765	0.00428	0.00494	0.00736	0.01003	0.01336	0.02867	0.79118	0.03431	0.01626	0.00666	0.00212	0.00307	0.03661	0.00483	0.00425
137	0.00634	0.00453	0.00604	0.00725	0.00755	0.00423	0.00483	0.00725	0.00997	0.01329	0.02870	0.81358	0.03444	0.01632	0.00665	0.00211	0.00302	0.01480	0.00483	0.00423
138	0.01952	0.02283	0.01493	0.01314	0.01611	0.64429	0.01003	0.16604	0.01665	0.01665	0.00892	0.01000	0.00713	0.00554	0.00480	0.00138	0.00868	0.00361	0.00317	0.00659
139	0.01392	0.82012	0.02729	0.00891	0.01337	0.02061	0.00891	0.01559	0.01058	0.01225	0.00724	0.00835	0.00668	0.00446	0.00334	0.00111	0.00557	0.00278	0.00223	0.00668
140	0.02260	0.00903	0.01206	0.00936	0.01331	0.00804	0.00770	0.02555	0.07074	0.73182	0.02059	0.01785	0.01311	0.00649	0.00524	0.00162	0.00441	0.00528	0.00636	0.00882
141	0.00971	0.00485	0.00485	0.00485	0.00607	0.00485	0.00364	0.01213	0.01092	0.01942	0.01699	0.01942	0.01335	0.00607	0.00364	0.00121	0.00243	0.00485	0.84589	0.00485
142	0.00804	0.00586	0.00745	0.00688	0.00827	0.00558	0.00520	0.04337	0.03168	0.02143	0.73156	0.03732	0.04665	0.01038	0.00608	0.00164	0.00264	0.00913	0.00570	0.00516
143	0.00889	0.00580	0.00786	0.00865	0.00983	0.00560	0.00708	0.01076	0.01153	0.07148	0.02792	0.22281	0.06371	0.05356	0.00783	0.00238	0.00429	0.46032	0.00485	0.00487
144	0.00847	0.00531	0.00745	0.00788	0.00874	0.00490	0.02770	0.00958	0.01054	0.10064	0.02697	0.68260	0.03088	0.03288	0.00692	0.00211	0.00340	0.01331	0.00491	0.00481
145	0.18066	0.01237	0.01588	0.28853	0.14233	0.10465	0.06487	0.02952	0.01102	0.01637	0.00873	0.01187	0.00695	0.00538	0.00590	0.00168	0.08010	0.00422	0.00265	0.00631
146	0.01271	0.01219	0.02081	0.07841	0.73948	0.01233	0.01589	0.01582	0.01177	0.01679	0.00976	0.01295	0.00817	0.00467	0.00516	0.00156	0.00623	0.00464	0.00256	0.00810
147	0.01080	0.00926	0.01080	0.00771	0.01234	0.00694	0.00617	0.01311	0.01080	0.01697	0.00926	0.01080	0.00771	0.00386	0.00386	0.00077	0.00386	0.00309	0.00309	0.84882
148	0.00634	0.00453	0.00604	0.00725	0.00755	0.00423	0.00483	0.00725	0.00997	0.01329	0.02870	0.81358	0.03444	0.01632	0.00665	0.00211	0.00302	0.01480	0.00483	0.00423
149	0.00720	0.00532	0.00673	0.00638	0.00768	0.00484	0.00478	0.00950	0.01434	0.01994	0.68089	0.04045	0.15059	0.01100	0.00614	0.00165	0.00248	0.00964	0.00561	0.00484
150	0.01980	0.01459	0.01563	0.01198	0.01615	0.01615	0.00990	0.76713	0.02448	0.03282	0.01250	0.01250	0.00886	0.00625	0.00521	0.00156	0.00573	0.00469	0.00521	0.00886
151	0.85377	0.01007	0.00765	0.00685	0.01007	0.01168	0.00564	0.01531	0.00886	0.02336	0.00725	0.00846	0.00564	0.00483	0.00322	0.00161	0.00403	0.00282	0.00322	0.00564
152	0.01980	0.01459	0.01563	0.01198	0.01615	0.01615	0.00990	0.76713	0.02448	0.03282	0.01250	0.01250	0.00886	0.00625	0.00521	0.00156	0.00573	0.00469	0.00521	0.00886
153	0.02336	0.00886	0.01209	0.00927	0.01329	0.00765	0.00765	0.02538	0.01491	0.78810	0.02055	0.01773	0.01289	0.00645	0.00524	0.00161	0.00443	0.00524	0.00645	0.00886
154	0.00633	0.00458	0.00599	0.00713	0.00752	0.00424	0.00478	0.00727	0.01009	0.01334	0.03023	0.76500	0.08204	0.01612	0.00662	0.00209	0.00300	0.01456	0.00483	0.00424
155	0.01252	0.01339	0.02698	0.02586	0.32311	0.01286	0.47269	0.01641	0.01212	0.01681	0.01025	0.01359	0.00804	0.00449	0.00576	0.00167	0.00777	0.00556	0.00261	0.00750
156	0.00759	0.00542	0.00706	0.00795	0.00862	0.00537	0.00597	0.00938	0.03774	0.01384	0.02561	0.34856	0.02907	0.17152	0.01068	0.00278	0.00412	0.28983	0.00451	0.00438
157	0.01279	0.56249	0.27502	0.01084	0.01635	0.01784	0.01227	0.01589	0.01072	0.01363	0.00792	0.00921	0.00666	0.00462	0.00386	0.00129	0.00626	0.00313	0.00222	0.00701
158	0.85377	0.01007	0.00765	0.00685	0.01007	0.01168	0.00564	0.01531	0.00886	0.02336	0.00725	0.00846	0.00564	0.00483	0.00322	0.00161	0.00403	0.00282	0.00322	0.00564
159	0.01229	0.01405	0.03073	0.02195	0.02722	0.01317	0.76558	0.01668	0.01229	0.01668	0.01054	0.01405	0.00790	0.00439	0.00615	0.00176	0.00878	0.00615	0.00263	0.00702
160	0.00634	0.00457	0.00601	0.00716	0.00753	0.00424	0.00479	0.00726	0.01006	0.01333	0.02985	0.77722	0.07007	0.01617	0.00662	0.00210	0.00300	0.01462	0.00483	0.00424
161	0.01295	0.01119	0.01178	0.01060	0.01354	0.01295	0.00824	0.02767	0.77509	0.02178	0.02120	0.01943	0.01590	0.00707	0.00530	0.00177	0.00412	0.00589	0.00530	0.00824
162	0.00734	0.00532	0.00693	0.00652	0.00776	0.00490	0.00489	0.00978	0.01468	0.02074	0.76622	0.03914	0.06476	0.01070	0.00614	0.00164	0.00246	0.00945	0.00571	0.00490
163	0.00744	0.00558	0.00837	0.00837	0.00930	0.00651	0.00651	0.00930	0.00837	0.01209	0.01395	0.02046	0.01302	0.03906	0.79635	0.00837	0.01395	0.00558	0.00279	0.00465
164	0.04586	0.02062	0.01392	0.01239	0.01490	0.56591	0.00950	0.09257	0.01465	0.01559	0.00907	0.01063	0.00742	0.00580	0.00564	0.00144	0.07411	0.00369	0.07011	0.00618
165	0.00804	0.00644	0.00940	0.00906	0.00981	0.00788	0.00711	0.00972	0.00828	0.01207	0.01298	0.01965	0.01233	0.06685	0.64653	0.00731	0.13356	0.00551	0.00273	0.00475
166	0.48887	0.01138	0.01143	0.20163	0.08164	0.08271	0.00907	0.01557	0.01014	0.03400	0.00827	0.01040	0.00641	0.00499	0.00403	0.00161	0.00540	0.00350	0.00296	0.00599

[dist]
# distance from previous block
# <min> <max>
1	2

[block]
# block no. 2 follows, 47 sequences, length 46
# corresponding to MSA columns:
# 822-867
name=unknown_C
#
# <colnr> <probs for GDERKNQSTAVLIFYWHMCP>
#	G	D	E	R	K	N	Q	S	T	A	V	L	I	F	Y	W	H	M	C	P
0	0.75945	0.00949	0.00734	0.00663	0.00962	0.01092	0.00542	0.01495	0.00909	0.02292	0.00834	0.00968	0.00650	0.00497	0.00327	0.00157	0.00385	0.00305	0.09738	0.00555
1	0.01050	0.00892	0.01047	0.00761	0.01195	0.00677	0.00606	0.01283	0.01114	0.01731	0.07568	0.01322	0.01128	0.00444	0.00405	0.00085	0.00374	0.00363	0.00331	0.77625
2	0.00971	0.00485	0.00485	0.00485	0.00607	0.00485	0.00364	0.01213	0.01092	0.01942	0.01699	0.01942	0.01335	0.00607	0.00364	0.00121	0.00243	0.00485	0.84589	0.00485
3	0.00744	0.00558	0.00837	0.00837	0.00930	0.00651	0.00651	0.00930	0.00837	0.01209	0.01395	0.02046	0.01302	0.03906	0.79635	0.00837	0.01395	0.00558	0.00279	0.00465
4	0.00983	0.00926	0.01562	0.80447	0.03587	0.01157	0.01446	0.01331	0.01041	0.01331	0.00926	0.01388	0.00694	0.00521	0.00521	0.00174	0.00694	0.00463	0.00231	0.00579
5	0.00971	0.00485	0.00485	0.00485	0.00607	0.00485	0.00364	0.01213	0.01092	0.01942	0.01699	0.01942	0.01335	0.00607	0.00364	0.00121	0.00243	0.00485	0.84589	0.00485
6	0.00626	0.00488	0.00569	0.00634	0.00731	0.00431	0.00443	0.00735	0.01085	0.01365	0.03981	0.46086	0.37999	0.01487	0.00642	0.00195	0.00284	0.01304	0.00483	0.00431
7	0.00789	0.00587	0.00773	0.00750	0.00787	0.00667	0.00526	0.00873	0.00792	0.01111	0.01452	0.02656	0.01545	0.43462	0.32664	0.00608	0.08615	0.00650	0.00293	0.00399
8	0.01101	0.00944	0.01089	0.00799	0.01246	0.00752	0.00637	0.01452	0.08474	0.01744	0.01041	0.01163	0.00851	0.00417	0.00400	0.00087	0.00388	0.00336	0.00330	0.76750
9	0.01022	0.00909	0.01210	0.01103	0.04865	0.04872	0.10002	0.02926	0.17004	0.01978	0.39558	0.05590	0.03141	0.00880	0.00588	0.00169	0.00425	0.02658	0.00489	0.00612
10	0.01080	0.00926	0.01080	0.00771	0.01234	0.00694	0.00617	0.01311	0.01080	0.01697	0.00926	0.01080	0.00771	0.00386	0.00386	0.00077	0.00386	0.00309	0.00309	0.84882
11	0.01080	0.00926	0.01080	0.00771	0.01234	0.00694	0.00617	0.01311	0.01080	0.01697	0.00926	0.01080	0.00771	0.00386	0.00386	0.00077	0.00386	0.00309	0.00309	0.84882
12	0.01164	0.01076	0.01118	0.00827	0.01270	0.08328	0.00655	0.01386	0.01118	0.01656	0.00914	0.01066	0.00762	0.00400	0.00394	0.00083	0.00439	0.00311	0.00305	0.76729
13	0.01069	0.00914	0.01086	0.00822	0.02995	0.00697	0.00634	0.01302	0.01101	0.01716	0.04572	0.01217	0.00968	0.00420	0.00399	0.00083	0.00384	0.00342	0.00320	0.78959
14	0.01146	0.13238	0.56630	0.01418	0.03960	0.01315	0.03500	0.01631	0.01101	0.04401	0.01029	0.01183	0.02297	0.00528	0.00538	0.00161	0.04535	0.00401	0.00244	0.00743
15	0.01958	0.01030	0.01275	0.01017	0.01356	0.01061	0.00833	0.16505	0.11120	0.43689	0.01760	0.01641	0.01194	0.00673	0.00631	0.00167	0.08223	0.00513	0.04527	0.00829
16	0.00737	0.00532	0.00696	0.00655	0.00778	0.00491	0.00491	0.00983	0.01474	0.02088	0.78175	0.03890	0.04914	0.01065	0.00614	0.00164	0.00246	0.00942	0.00573	0.00491
17	0.01265	0.01126	0.01338	0.01151	0.01464	0.01268	0.08136	0.02591	0.67492	0.02102	0.02126	0.01997	0.04162	0.00702	0.00541	0.00177	0.00452	0.00609	0.00503	0.00799
18	0.01906	0.02399	0.01458	0.01325	0.01594	0.74856	0.00995	0.02121	0.06090	0.01329	0.00885	0.01000	0.00727	0.00547	0.00473	0.00137	0.00907	0.00351	0.00284	0.00617
19	0.00971	0.00485	0.00485	0.00485	0.00607	0.00485	0.00364	0.01213	0.01092	0.01942	0.01699	0.01942	0.01335	0.00607	0.00364	0.00121	0.00243	0.00485	0.84589	0.00485
20	0.85377	0.01007	0.00765	0.00685	0.01007	0.01168	0.00564	0.01531	0.00886	0.02336	0.00725	0.00846	0.00564	0.00483	0.00322	0.00161	0.00403	0.00282	0.00322	0.00564
21	0.01392	0.82012	0.02729	0.00891	0.01337	0.02061	0.00891	0.01559	0.01058	0.01225	0.00724	0.00835	0.00668	0.00446	0.00334	0.00111	0.00557	0.00278	0.00223	0.00668
22	0.77309	0.01051	0.00843	0.00734	0.01066	0.01211	0.00605	0.08804	0.01037	0.02428	0.00776	0.00885	0.00595	0.00497	0.00341	0.00161	0.00419	0.00300	0.00341	0.00595
23	0.85377	0.01007	0.00765	0.00685	0.01007	0.01168	0.00564	0.01531	0.00886	0.02336	0.00725	0.00846	0.00564	0.00483	0.00322	0.00161	0.00403	0.00282	0.00322	0.00564
24	0.00733	0.00532	0.00691	0.00651	0.00776	0.00490	0.00488	0.00976	0.01465	0.02067	0.75933	0.03925	0.07169	0.01072	0.00614	0.00164	0.00246	0.00947	0.00571	0.00490
25	0.00673	0.00481	0.00648	0.00769	0.00816	0.00456	0.00550	0.00791	0.01035	0.01372	0.02849	0.67253	0.03361	0.01595	0.00675	0.00217	0.00335	0.15209	0.00483	0.00434
26	0.85377	0.01007	0.00765	0.00685	0.01007	0.01168	0.00564	0.01531	0.00886	0.02336	0.00725	0.00846	0.00564	0.00483	0.00322	0.00161	0.00403	0.00282	0.00322	0.00564
27	0.02215	0.00890	0.01196	0.00912	0.01320	0.00759	0.00751	0.02419	0.01451	0.71350	0.01945	0.01706	0.01239	0.00620	0.00510	0.00153	0.00438	0.00503	0.00612	0.09012
28	0.00685	0.00530	0.00624	0.00601	0.00746	0.00469	0.00450	0.00882	0.01351	0.01797	0.47030	0.04369	0.36241	0.01173	0.00615	0.00169	0.00253	0.01009	0.00535	0.00469
29	0.01295	0.01119	0.01178	0.01060	0.01354	0.01295	0.00824	0.02767	0.77509	0.02178	0.02120	0.01943	0.01590	0.00707	0.00530	0.00177	0.00412	0.00589	0.00530	0.00824
30	0.85377	0.01007	0.00765	0.00685	0.01007	0.01168	0.00564	0.01531	0.00886	0.02336	0.00725	0.00846	0.00564	0.00483	0.00322	0.00161	0.00403	0.00282	0.00322	0.00564
31	0.00900	0.00714	0.00831	0.00770	0.00950	0.00736	0.00587	0.01516	0.25004	0.02060	0.48646	0.03379	0.09888	0.00975	0.00588	0.00169	0.00299	0.00845	0.00552	0.00590
32	0.00615	0.00528	0.00528	0.00528	0.00703	0.00440	0.00396	0.00747	0.01187	0.01407	0.05276	0.05012	0.78238	0.01319	0.00615	0.00176	0.00264	0.01099	0.00484	0.00440
33	0.85377	0.01007	0.00765	0.00685	0.01007	0.01168	0.00564	0.01531	0.00886	0.02336	0.00725	0.00846	0.00564	0.00483	0.00322	0.00161	0.00403	0.00282	0.00322	0.00564
34	0.02170	0.01086	0.01324	0.01022	0.01425	0.01070	0.00842	0.26965	0.05393	0.50333	0.01793	0.01609	0.01170	0.00641	0.00523	0.00160	0.00484	0.00509	0.00598	0.00883
35	0.00715	0.00511	0.00697	0.00817	0.00883	0.00493	0.00624	0.00865	0.01077	0.01420	0.02826	0.51563	0.03268	0.01555	0.00686	0.00223	0.00372	0.30479	0.00482	0.00445
36	0.01191	0.01327	0.02857	0.02075	0.02563	0.01248	0.69233	0.01611	0.01226	0.01658	0.01218	0.01837	0.01004	0.00536	0.00625	0.00182	0.00839	0.07805	0.00284	0.00681
37	0.02336	0.00886	0.01209	0.00927	0.01329	0.00765	0.00765	0.02538	0.01491	0.78810	0.02055	0.01773	0.01289	0.00645	0.00524	0.00161	0.00443	0.00524	0.00645	0.00886
38	0.00640	0.00457	0.00610	0.00731	0.00764	0.00428	0.00493	0.00734	0.01002	0.01335	0.02867	0.79365	0.03433	0.01626	0.00666	0.00212	0.00307	0.03420	0.00483	0.00424
39	0.01045	0.02694	0.79000	0.01484	0.02254	0.01209	0.01924	0.01649	0.01099	0.01649	0.00935	0.01099	0.00660	0.00495	0.00495	0.00165	0.00770	0.00385	0.00220	0.00770
40	0.02033	0.00954	0.01200	0.00965	0.01337	0.00920	0.00783	0.02605	0.23633	0.56489	0.02073	0.01822	0.01377	0.00663	0.00526	0.00166	0.00434	0.00543	0.00611	0.00868
41	0.00621	0.00528	0.00536	0.00534	0.00707	0.00442	0.00400	0.00758	0.01201	0.01439	0.08715	0.04959	0.74779	0.01307	0.00615	0.00175	0.00263	0.01092	0.00488	0.00442
42	0.01289	0.01237	0.02114	0.03196	0.78450	0.01237	0.01598	0.01598	0.01186	0.01701	0.00980	0.01289	0.00825	0.00464	0.00516	0.00155	0.00619	0.00464	0.00258	0.00825
43	0.00684	0.00526	0.00626	0.00610	0.00748	0.00468	0.00454	0.00877	0.01336	0.01782	0.45759	0.08698	0.33159	0.01195	0.00618	0.00171	0.00256	0.01033	0.00534	0.00468
44	0.00996	0.00598	0.00692	0.00640	0.00848	0.00511	0.00490	0.01146	0.01251	0.18159	0.08551	0.11633	0.50152	0.01189	0.00600	0.00175	0.00305	0.01003	0.00524	0.00537
45	0.00767	0.00545	0.00690	0.00722	0.00821	0.00520	0.00514	0.01014	0.06713	0.04025	0.27437	0.43665	0.07920	0.01332	0.00631	0.00190	0.00294	0.01190	0.00521	0.00489

[dist]
# distance from previous block
# <min> <max>
3	6

[block]
# block no. 3 follows, 47 sequences, length 75
# corresponding to MSA columns:
# 874-912,914-949
name=unknown_D
#
# <colnr> <probs for GDERKNQSTAVLIFYWHMCP>
#	G	D	E	R	K	N	Q	S	T	A	V	L	I	F	Y	W	H	M	C	P
