[name]
unknown

[dist]
# distance from previous block
# <min> <max>
2	94

[block]
# block no. 0 follows, 47 sequences, length 98
# corresponding to MSA columns:
# 116-209,212,213,217,218
name=unknown_A
#
# <colnr> <probs for GDERKNQSTAVLIFYWHMCP>
#	G	D	E	R	K	N	Q	S	T	A	V	L	I	F	Y	W	H	M	C	P
0	0.04292	0.12780	0.13797	0.01342	0.09114	0.13814	0.04255	0.09737	0.04036	0.04747	0.04452	0.01254	0.00968	0.00526	0.00464	0.00138	0.00619	0.00411	0.00325	0.12926
1	0.05154	0.02320	0.01214	0.01008	0.02998	0.07550	0.03512	0.04666	0.12159	0.22450	0.02041	0.04779	0.11520	0.00719	0.00549	0.00154	0.03203	0.00581	0.00458	0.12966
2	0.07142	0.24877	0.06247	0.01221	0.06422	0.12198	0.05889	0.05321	0.08007	0.05102	0.08748	0.01407	0.01225	0.00575	0.00481	0.00145	0.02110	0.00444	0.00337	0.02101
3	0.05089	0.13559	0.16628	0.04624	0.06829	0.02763	0.08474	0.08628	0.02600	0.11353	0.06101	0.01391	0.01083	0.00543	0.00481	0.00148	0.00589	0.00452	0.00350	0.08316
4	0.07483	0.05728	0.13543	0.01350	0.05535	0.09889	0.07017	0.28868	0.04944	0.06182	0.01129	0.01209	0.00831	0.00550	0.00491	0.00153	0.00637	0.00432	0.00384	0.03645
5	0.08585	0.20068	0.16879	0.01230	0.06152	0.04284	0.03583	0.10982	0.09418	0.05222	0.02726	0.06430	0.01087	0.00610	0.00469	0.00154	0.00573	0.00482	0.00348	0.00721
6	0.00885	0.00703	0.00784	0.00766	0.00935	0.00724	0.00570	0.03410	0.23329	0.01773	0.13052	0.23383	0.21763	0.01139	0.00590	0.00181	0.00322	0.00985	0.04138	0.00568
7	0.00634	0.00453	0.00604	0.00725	0.00755	0.00423	0.00483	0.00725	0.00997	0.01329	0.02870	0.81358	0.03444	0.01632	0.00665	0.00211	0.00302	0.01480	0.00483	0.00423
8	0.01281	0.01561	0.12990	0.02584	0.43537	0.06225	0.20873	0.01654	0.01203	0.01658	0.00981	0.01270	0.00783	0.00466	0.00535	0.00160	0.00727	0.00484	0.00255	0.00772
9	0.01080	0.00926	0.01080	0.00771	0.01234	0.00694	0.00617	0.01311	0.01080	0.01697	0.00926	0.01080	0.00771	0.00386	0.00386	0.00077	0.00386	0.00309	0.00309	0.84882
10	0.85377	0.01007	0.00765	0.00685	0.01007	0.01168	0.00564	0.01531	0.00886	0.02336	0.00725	0.00846	0.00564	0.00483	0.00322	0.00161	0.00403	0.00282	0.00322	0.00564
11	0.01872	0.01357	0.01472	0.01160	0.01549	0.01495	0.00955	0.61891	0.10363	0.06674	0.01449	0.01557	0.01075	0.00671	0.00531	0.00162	0.00545	0.03834	0.00526	0.00861
12	0.01430	0.33398	0.04052	0.01765	0.23394	0.08791	0.10428	0.03292	0.01203	0.04603	0.00918	0.01101	0.00760	0.00470	0.00449	0.00137	0.00646	0.00395	0.00267	0.02501
13	0.00640	0.00529	0.00562	0.00554	0.00719	0.00450	0.00415	0.00796	0.01246	0.01546	0.20196	0.04782	0.63231	0.01267	0.00615	0.00173	0.00260	0.01067	0.00502	0.00450
14	0.01148	0.01109	0.01929	0.37746	0.39994	0.01207	0.06391	0.01483	0.01124	0.01533	0.00960	0.01341	0.00764	0.00488	0.00524	0.00164	0.00669	0.00473	0.00246	0.00707
15	0.01080	0.00926	0.01080	0.00771	0.01234	0.00694	0.00617	0.01311	0.01080	0.01697	0.00926	0.01080	0.00771	0.00386	0.00386	0.00077	0.00386	0.00309	0.00309	0.84882
16	0.01178	0.01247	0.05202	0.02092	0.36140	0.08416	0.09661	0.01511	0.04232	0.01675	0.10465	0.06945	0.06340	0.00692	0.00553	0.00164	0.00589	0.01869	0.00337	0.00694
17	0.00741	0.00553	0.00692	0.00665	0.00797	0.00517	0.00499	0.01015	0.04596	0.01953	0.60099	0.08066	0.14161	0.01120	0.00616	0.00170	0.00263	0.02428	0.00553	0.00495
18	0.01392	0.12444	0.17574	0.01281	0.03180	0.05031	0.06378	0.12313	0.27869	0.03432	0.01380	0.01409	0.01040	0.00589	0.00524	0.00161	0.02370	0.00472	0.00383	0.00777
19	0.01323	0.03453	0.33991	0.01170	0.01697	0.09034	0.01239	0.04374	0.02705	0.11471	0.01237	0.07181	0.00998	0.00589	0.00485	0.00146	0.00616	0.00469	0.00333	0.17489
20	0.01241	0.26125	0.45905	0.01269	0.01884	0.04774	0.01485	0.05256	0.04604	0.01609	0.00935	0.01059	0.00715	0.00498	0.00449	0.00148	0.00688	0.00364	0.00251	0.00741
21	0.02882	0.31356	0.25386	0.01236	0.01724	0.08514	0.08524	0.01578	0.01131	0.01469	0.04625	0.01252	0.02952	0.00546	0.00514	0.00147	0.04823	0.00411	0.00256	0.00675
22	0.01051	0.00603	0.00792	0.00704	0.00885	0.00544	0.00542	0.01284	0.01466	0.17351	0.60209	0.03511	0.07005	0.00991	0.00596	0.00164	0.00286	0.00865	0.00584	0.00568
23	0.01040	0.01845	0.41139	0.24550	0.12787	0.01151	0.01649	0.01507	0.01119	0.01592	0.05947	0.01390	0.00968	0.00535	0.00513	0.00166	0.00693	0.00454	0.00251	0.00704
24	0.01564	0.01254	0.01683	0.06883	0.23977	0.02811	0.04713	0.30312	0.01677	0.07223	0.01324	0.01448	0.04107	0.00570	0.00515	0.00151	0.00578	0.00487	0.00396	0.08328
25	0.00638	0.00465	0.00609	0.00713	0.00759	0.00435	0.00484	0.00737	0.01006	0.01330	0.03009	0.70954	0.09845	0.01712	0.04411	0.00238	0.00351	0.01403	0.00474	0.00426
26	0.01197	0.00607	0.00815	0.00775	0.00943	0.00546	0.00575	0.01355	0.01251	0.26146	0.17974	0.40222	0.03058	0.01202	0.00610	0.00186	0.00335	0.01066	0.00553	0.00584
27	0.00985	0.01532	0.29013	0.41786	0.02822	0.01117	0.04908	0.01405	0.01066	0.01459	0.01108	0.08440	0.00932	0.00607	0.00529	0.00174	0.00694	0.00533	0.00251	0.00638
28	0.01011	0.00953	0.01611	0.73537	0.10283	0.01164	0.01460	0.01354	0.01054	0.01364	0.00930	0.01380	0.00706	0.00516	0.00520	0.00172	0.00687	0.00463	0.00234	0.00601
29	0.00699	0.00502	0.00651	0.00743	0.00795	0.00479	0.00507	0.04154	0.01082	0.01449	0.05956	0.74505	0.03391	0.01562	0.00656	0.00207	0.00312	0.01412	0.00489	0.00447
30	0.00745	0.00555	0.00820	0.00820	0.00907	0.00642	0.00630	0.00919	0.00832	0.01196	0.01411	0.02133	0.01340	0.08873	0.74719	0.00816	0.01338	0.00571	0.00281	0.00455
31	0.85377	0.01007	0.00765	0.00685	0.01007	0.01168	0.00564	0.01531	0.00886	0.02336	0.00725	0.00846	0.00564	0.00483	0.00322	0.00161	0.00403	0.00282	0.00322	0.00564
32	0.00619	0.00528	0.00533	0.00532	0.00706	0.00441	0.00399	0.00755	0.01196	0.01429	0.07628	0.04976	0.75872	0.01311	0.00615	0.00175	0.00263	0.01094	0.00486	0.00441
33	0.01151	0.00999	0.01135	0.01135	0.07908	0.01107	0.00808	0.05528	0.44813	0.01953	0.02695	0.02577	0.20459	0.00843	0.00605	0.00176	0.04216	0.00693	0.00480	0.00720
34	0.00868	0.00599	0.00702	0.00655	0.00835	0.00546	0.00498	0.01138	0.06275	0.08887	0.34046	0.05915	0.34833	0.01122	0.00602	0.00171	0.00284	0.00959	0.00538	0.00526
35	0.10977	0.01076	0.01056	0.00966	0.01163	0.09992	0.00737	0.22349	0.01434	0.01983	0.01789	0.35151	0.01896	0.01044	0.00630	0.00182	0.05679	0.00860	0.00434	0.00599
36	0.01080	0.10781	0.71224	0.01424	0.02160	0.01296	0.01819	0.01640	0.01095	0.01606	0.00913	0.01073	0.00661	0.00490	0.00478	0.00159	0.00748	0.00374	0.00220	0.00759
37	0.00726	0.00548	0.00685	0.00722	0.00854	0.00507	0.00577	0.00923	0.01258	0.01643	0.24629	0.10330	0.27277	0.01310	0.00653	0.00196	0.00334	0.25856	0.00507	0.00466
38	0.05397	0.00949	0.01383	0.04420	0.38042	0.00974	0.01040	0.06313	0.01213	0.01913	0.01252	0.01512	0.01003	0.00531	0.00450	0.00143	0.00467	0.00463	0.31855	0.00681
39	0.01129	0.02534	0.72064	0.01431	0.02169	0.01168	0.01817	0.01699	0.01124	0.06654	0.01007	0.01143	0.00703	0.00502	0.00494	0.00163	0.00739	0.00392	0.00250	0.02819
40	0.00651	0.00483	0.00612	0.00708	0.00777	0.00444	0.00501	0.00765	0.01056	0.01368	0.03351	0.58118	0.18708	0.01548	0.00660	0.00207	0.00312	0.08813	0.00483	0.00432
41	0.01099	0.22996	0.01391	0.00939	0.05338	0.14485	0.00715	0.01252	0.01197	0.01378	0.06451	0.10486	0.28545	0.00919	0.00513	0.00153	0.00481	0.00740	0.00368	0.00552
42	0.02099	0.01267	0.01444	0.01107	0.01519	0.01330	0.00915	0.51852	0.02127	0.28597	0.01520	0.01425	0.01021	0.00632	0.00522	0.00158	0.00530	0.00487	0.00562	0.00886
43	0.00744	0.00558	0.00837	0.00837	0.00930	0.00651	0.00651	0.00930	0.00837	0.01209	0.01395	0.02046	0.01302	0.03906	0.79635	0.00837	0.01395	0.00558	0.00279	0.00465
44	0.01392	0.82012	0.02729	0.00891	0.01337	0.02061	0.00891	0.01559	0.01058	0.01225	0.00724	0.00835	0.00668	0.00446	0.00334	0.00111	0.00557	0.00278	0.00223	0.00668
45	0.01392	0.82012	0.02729	0.00891	0.01337	0.02061	0.00891	0.01559	0.01058	0.01225	0.00724	0.00835	0.00668	0.00446	0.00334	0.00111	0.00557	0.00278	0.00223	0.00668
46	0.01055	0.00999	0.01692	0.62239	0.21232	0.01176	0.01482	0.01394	0.01075	0.01418	0.00938	0.01365	0.00725	0.00507	0.00519	0.00169	0.00676	0.00463	0.00238	0.00637
47	0.01945	0.02482	0.01476	0.01342	0.01610	0.79608	0.01006	0.02079	0.01476	0.01275	0.00805	0.00939	0.00671	0.00537	0.00470	0.00134	0.00939	0.00335	0.00268	0.00604
48	0.00753	0.00523	0.00662	0.00662	0.00694	0.00556	0.00432	0.00817	0.00785	0.01079	0.01555	0.02934	0.01687	0.54625	0.29443	0.00620	0.00815	0.00688	0.00303	0.00368
49	0.00733	0.00526	0.00707	0.05905	0.00960	0.00527	0.00579	0.00844	0.00979	0.01293	0.02393	0.40637	0.02760	0.20642	0.01164	0.01744	0.00415	0.16354	0.00422	0.00416
50	0.00642	0.00524	0.00567	0.00566	0.00722	0.00449	0.00421	0.00795	0.01234	0.01542	0.20151	0.09491	0.58513	0.01286	0.00618	0.00176	0.00262	0.01090	0.00502	0.00449
51	0.01129	0.01139	0.02149	0.02047	0.22268	0.01129	0.34014	0.01453	0.02962	0.01549	0.01266	0.08168	0.01178	0.11500	0.00927	0.00220	0.05299	0.00655	0.00291	0.00655
52	0.01702	0.01615	0.32408	0.01136	0.01692	0.00937	0.01217	0.02068	0.01296	0.40727	0.01501	0.01438	0.00989	0.00561	0.00499	0.00155	0.00569	0.00448	0.00443	0.08599
53	0.01392	0.82012	0.02729	0.00891	0.01337	0.02061	0.00891	0.01559	0.01058	0.01225	0.00724	0.00835	0.00668	0.00446	0.00334	0.00111	0.00557	0.00278	0.00223	0.00668
54	0.03343	0.01127	0.01348	0.03984	0.11752	0.01200	0.00915	0.32418	0.10381	0.02354	0.01266	0.01406	0.00975	0.00689	0.00629	0.07972	0.00501	0.00461	0.07943	0.09337
55	0.01623	0.01818	0.01269	0.01160	0.01392	0.49479	0.00877	0.05369	0.04791	0.04053	0.01164	0.05291	0.01025	0.02868	0.13458	0.00264	0.00900	0.00465	0.02138	0.00596
56	0.00694	0.00532	0.00636	0.00615	0.00758	0.00475	0.00464	0.00896	0.01358	0.01816	0.48543	0.04368	0.32639	0.01171	0.00618	0.00170	0.00259	0.02980	0.00537	0.00471
57	0.01289	0.01237	0.02114	0.03196	0.78450	0.01237	0.01598	0.01598	0.01186	0.01701	0.00980	0.01289	0.00825	0.00464	0.00516	0.00155	0.00619	0.00464	0.00258	0.00825
58	0.01945	0.02482	0.01476	0.01342	0.01610	0.79608	0.01006	0.02079	0.01476	0.01275	0.00805	0.00939	0.00671	0.00537	0.00470	0.00134	0.00939	0.00335	0.00268	0.00604
59	0.01080	0.00926	0.01080	0.00771	0.01234	0.00694	0.00617	0.01311	0.01080	0.01697	0.00926	0.01080	0.00771	0.00386	0.00386	0.00077	0.00386	0.00309	0.00309	0.84882
60	0.00645	0.00502	0.00585	0.00629	0.00731	0.00457	0.00443	0.00756	0.01054	0.01330	0.03784	0.32069	0.38575	0.08068	0.07665	0.00272	0.00395	0.01162	0.00452	0.00426
61	0.00629	0.00506	0.00561	0.00593	0.00723	0.00438	0.00427	0.00756	0.01151	0.01429	0.09306	0.27070	0.51803	0.01393	0.00630	0.00185	0.00274	0.01199	0.00489	0.00438
62	0.01095	0.00896	0.01363	0.01772	0.33814	0.00864	0.00995	0.01406	0.04311	0.05925	0.29898	0.04932	0.03599	0.00751	0.00551	0.00156	0.00432	0.00682	0.00420	0.06136
63	0.01683	0.01519	0.01383	0.01168	0.01504	0.17022	0.00923	0.30569	0.33997	0.02415	0.01529	0.01481	0.01141	0.00642	0.00514	0.00160	0.00578	0.00493	0.00474	0.00804
64	0.00924	0.00838	0.01145	0.00994	0.01091	0.00997	0.03741	0.01064	0.00979	0.01387	0.11021	0.02543	0.15732	0.11968	0.05274	0.00268	0.34060	0.00677	0.00337	0.04960
65	0.01262	0.00897	0.00821	0.00740	0.00917	0.10214	0.00564	0.14820	0.01333	0.01979	0.01416	0.01654	0.01123	0.00745	0.00604	0.10222	0.00411	0.00460	0.49278	0.00541
66	0.01317	0.00954	0.01170	0.00872	0.01303	0.00796	0.02895	0.02935	0.08923	0.14211	0.02754	0.01347	0.01021	0.00479	0.00436	0.00107	0.00412	0.00396	0.00393	0.57280
67	0.04823	0.11153	0.01644	0.01238	0.01418	0.17976	0.01023	0.11217	0.01189	0.01559	0.00812	0.01093	0.00720	0.00819	0.03589	0.00202	0.38211	0.00407	0.00279	0.00626
68	0.85377	0.01007	0.00765	0.00685	0.01007	0.01168	0.00564	0.01531	0.00886	0.02336	0.00725	0.00846	0.00564	0.00483	0.00322	0.00161	0.00403	0.00282	0.00322	0.00564
69	0.00744	0.00558	0.00837	0.00837	0.00930	0.00651	0.00651	0.00930	0.00837	0.01209	0.01395	0.02046	0.01302	0.03906	0.79635	0.00837	0.01395	0.00558	0.00279	0.00465
70	0.00732	0.00532	0.00689	0.00650	0.00775	0.00489	0.00488	0.00973	0.01463	0.02061	0.75273	0.03935	0.07832	0.01075	0.00614	0.00164	0.00246	0.00948	0.00570	0.00489
71	0.00677	0.00483	0.00653	0.00773	0.00822	0.00459	0.00557	0.00798	0.01039	0.01377	0.02847	0.65812	0.03352	0.01592	0.00676	0.00217	0.00339	0.16611	0.00483	0.00435
72	0.01289	0.01237	0.02114	0.03196	0.78450	0.01237	0.01598	0.01598	0.01186	0.01701	0.00980	0.01289	0.00825	0.00464	0.00516	0.00155	0.00619	0.00464	0.00258	0.00825
73	0.00631	0.00527	0.00541	0.00538	0.00702	0.00446	0.00399	0.00764	0.01187	0.01436	0.10227	0.04857	0.69459	0.05119	0.00712	0.00191	0.00274	0.01072	0.00482	0.00437
74	0.01169	0.00618	0.00806	0.00786	0.00951	0.00562	0.00583	0.03298	0.01205	0.23857	0.02820	0.45976	0.09999	0.01281	0.00617	0.00193	0.00353	0.03821	0.00531	0.00573
75	0.01945	0.02482	0.01476	0.01342	0.01610	0.79608	0.01006	0.02079	0.01476	0.01275	0.00805	0.00939	0.00671	0.00537	0.00470	0.00134	0.00939	0.00335	0.00268	0.00604
76	0.01925	0.01327	0.02903	0.01134	0.01536	0.01405	0.00942	0.50809	0.13415	0.16820	0.01520	0.01445	0.01059	0.00638	0.00522	0.00160	0.00529	0.00495	0.00539	0.00874
77	0.00694	0.00511	0.00670	0.00749	0.00775	0.00518	0.00510	0.00776	0.00952	0.01280	0.02527	0.61157	0.03001	0.14483	0.01054	0.00261	0.05557	0.03669	0.00440	0.00417
78	0.01382	0.76785	0.02751	0.00976	0.01426	0.02012	0.05798	0.01566	0.01069	0.01254	0.00745	0.00872	0.00676	0.00445	0.00352	0.00116	0.00578	0.00300	0.00225	0.00671
79	0.01980	0.01459	0.01563	0.01198	0.01615	0.01615	0.00990	0.76713	0.02448	0.03282	0.01250	0.01250	0.00886	0.00625	0.00521	0.00156	0.00573	0.00469	0.00521	0.00886
80	0.01445	0.01447	0.05986	0.04495	0.56758	0.04330	0.07133	0.08107	0.01361	0.01896	0.01096	0.01407	0.00903	0.00548	0.00563	0.00175	0.00687	0.00498	0.00313	0.00852
81	0.01361	0.24733	0.02251	0.02408	0.51114	0.06558	0.01355	0.01618	0.01168	0.01536	0.00894	0.01135	0.00770	0.00463	0.00460	0.00141	0.00622	0.00402	0.00248	0.00765
82	0.01141	0.03538	0.44818	0.01222	0.01787	0.01076	0.02847	0.05203	0.06750	0.06777	0.07737	0.01777	0.07875	0.00637	0.00515	0.00161	0.00607	0.00518	0.00341	0.04673
83	0.04534	0.30462	0.09795	0.01184	0.06489	0.04327	0.01033	0.18278	0.01465	0.16088	0.01126	0.01160	0.00836	0.00532	0.00443	0.00141	0.00574	0.00390	0.00373	0.00771
84	0.00777	0.00548	0.00641	0.00624	0.00636	0.00573	0.00382	0.00803	0.00815	0.01102	0.06328	0.03333	0.04040	0.69409	0.02411	0.00457	0.05686	0.00758	0.00330	0.00346
85	0.00716	0.00521	0.00607	0.00591	0.00680	0.00484	0.00401	0.00841	0.01132	0.01514	0.31559	0.03974	0.21284	0.31884	0.01391	0.00297	0.00349	0.00909	0.00454	0.00412
86	0.01261	0.49571	0.20856	0.01119	0.01582	0.01753	0.02800	0.01532	0.01035	0.01340	0.00791	0.00974	0.00684	0.00587	0.02219	0.00155	0.10500	0.00339	0.00225	0.00677
87	0.32129	0.00930	0.01050	0.00840	0.01214	0.00910	0.00693	0.02177	0.01274	0.51374	0.01578	0.01440	0.01029	0.00587	0.00451	0.00161	0.00429	0.00437	0.00529	0.00771
88	0.01229	0.01405	0.03073	0.02195	0.02722	0.01317	0.76558	0.01668	0.01229	0.01668	0.01054	0.01405	0.00790	0.00439	0.00615	0.00176	0.00878	0.00615	0.00263	0.00702
89	0.01723	0.02032	0.01392	0.03954	0.01603	0.54148	0.00968	0.02254	0.23585	0.01539	0.01192	0.01247	0.00939	0.00586	0.00489	0.00148	0.00777	0.00413	0.00343	0.00667
90	0.01316	0.04973	0.24739	0.01778	0.02356	0.01277	0.41793	0.04887	0.01260	0.08847	0.01107	0.01321	0.00798	0.00482	0.00556	0.00168	0.00781	0.00520	0.00295	0.00745
91	0.00640	0.00480	0.00595	0.00673	0.00749	0.00435	0.00467	0.00755	0.01083	0.01406	0.08798	0.55162	0.22674	0.01508	0.00649	0.00199	0.00291	0.02513	0.00490	0.00433
92	0.00929	0.00669	0.00863	0.00918	0.01050	0.00681	0.00748	0.11136	0.01304	0.01719	0.02590	0.28809	0.02853	0.01389	0.00676	0.00220	0.00437	0.42006	0.00486	0.00516
93	0.00702	0.00611	0.03378	0.00812	0.00890	0.01854	0.02430	0.00825	0.01020	0.01353	0.02753	0.68896	0.05839	0.01511	0.00680	0.00207	0.02381	0.02948	0.00459	0.00450
94	0.00857	0.00711	0.01047	0.00971	0.01054	0.00860	0.03307	0.02177	0.00869	0.01256	0.01328	0.05889	0.01305	0.09268	0.49529	0.00620	0.17581	0.00599	0.00285	0.00487
95	0.00634	0.00453	0.00604	0.00725	0.00755	0.00423	0.00483	0.00725	0.00997	0.01329	0.02870	0.81358	0.03444	0.01632	0.00665	0.00211	0.00302	0.01480	0.00483	0.00423
96	0.10127	0.01353	0.01500	0.07920	0.01726	0.09965	0.05728	0.32428	0.01741	0.17774	0.01251	0.01298	0.00882	0.00594	0.00543	0.00160	0.03331	0.00455	0.00447	0.00774
97	0.04307	0.01277	0.01998	0.02628	0.55237	0.02787	0.06289	0.11754	0.01369	0.05769	0.01062	0.01293	0.00842	0.00495	0.00516	0.00156	0.00619	0.00469	0.00315	0.00815

[dist]
# distance from previous block
# <min> <max>
0	1

[block]
# block no. 1 follows, 47 sequences, length 19
# corresponding to MSA columns:
# 220-238
name=unknown_B
#
# <colnr> <probs for GDERKNQSTAVLIFYWHMCP>
#	G	D	E	R	K	N	Q	S	T	A	V	L	I	F	Y	W	H	M	C	P
0	0.26777	0.05857	0.03068	0.01486	0.16647	0.08012	0.04700	0.12350	0.01240	0.01987	0.00908	0.01121	0.00739	0.00716	0.04616	0.00196	0.08192	0.00398	0.00312	0.00678
1	0.00669	0.00522	0.00591	0.00586	0.00718	0.00461	0.00425	0.00822	0.01225	0.01582	0.28118	0.09790	0.42310	0.08898	0.00812	0.00206	0.00284	0.01043	0.00496	0.00443
2	0.01071	0.01096	0.05501	0.04727	0.32269	0.04076	0.05287	0.01372	0.02418	0.01725	0.21532	0.04911	0.07049	0.00744	0.00604	0.00165	0.03762	0.00666	0.00364	0.00661
3	0.01137	0.00645	0.00662	0.00603	0.00772	0.00671	0.00467	0.13620	0.01315	0.02162	0.01625	0.01828	0.01261	0.00610	0.00390	0.00127	0.00297	0.00483	0.70775	0.00551
4	0.01080	0.00926	0.01080	0.00771	0.01234	0.00694	0.00617	0.01311	0.01080	0.01697	0.00926	0.01080	0.00771	0.00386	0.00386	0.00077	0.00386	0.00309	0.00309	0.84882
5	0.00895	0.00773	0.01180	0.38745	0.05221	0.00881	0.01011	0.01247	0.06543	0.01568	0.17978	0.17916	0.02217	0.00870	0.00570	0.00178	0.00497	0.00778	0.00377	0.00556
6	0.01109	0.01021	0.01475	0.01053	0.01529	0.00818	0.15663	0.01382	0.01109	0.01691	0.00951	0.01144	0.00775	0.00396	0.00431	0.00097	0.00483	0.00369	0.00300	0.68204
7	0.00793	0.00543	0.00662	0.00656	0.00799	0.00484	0.00490	0.00965	0.01269	0.07188	0.29307	0.19558	0.29859	0.01251	0.00622	0.00180	0.00287	0.04071	0.00526	0.00488
8	0.04565	0.01194	0.03749	0.01563	0.02013	0.01098	0.38120	0.01982	0.07805	0.24634	0.01491	0.01701	0.01082	0.00564	0.00565	0.00170	0.00660	0.03498	0.00410	0.03135
9	0.01893	0.10040	0.01595	0.01299	0.01584	0.72238	0.00995	0.02030	0.01436	0.01270	0.00797	0.00929	0.00671	0.00528	0.00457	0.00132	0.00903	0.00330	0.00264	0.00610
10	0.01207	0.00643	0.00806	0.00701	0.00930	0.00562	0.00548	0.01403	0.01389	0.26263	0.30968	0.03571	0.26903	0.01011	0.00586	0.00167	0.00314	0.00859	0.00568	0.00601
11	0.01265	0.07013	0.08755	0.09193	0.01622	0.18182	0.03528	0.06264	0.09179	0.01519	0.02363	0.01624	0.01084	0.09261	0.14647	0.00310	0.02784	0.00487	0.00310	0.00610
12	0.78946	0.00998	0.00800	0.00704	0.01032	0.01137	0.00580	0.01609	0.00933	0.08259	0.00828	0.00918	0.00620	0.00496	0.00338	0.00161	0.00406	0.00301	0.00347	0.00589
13	0.01315	0.01338	0.04824	0.05042	0.68798	0.04463	0.01567	0.03361	0.01220	0.01709	0.00976	0.01269	0.00811	0.00473	0.00513	0.00155	0.00638	0.00456	0.00262	0.00809
14	0.00739	0.00548	0.00802	0.00808	0.00890	0.00627	0.00614	0.00905	0.00838	0.01198	0.01492	0.06227	0.01462	0.10441	0.69004	0.00776	0.01263	0.00622	0.00293	0.00450
15	0.00851	0.00710	0.01057	0.00970	0.01050	0.00858	0.04069	0.01006	0.00835	0.01210	0.01265	0.02021	0.01234	0.14226	0.48754	0.00632	0.17935	0.00567	0.00273	0.00476
16	0.01980	0.01459	0.01563	0.01198	0.01615	0.01615	0.00990	0.76713	0.02448	0.03282	0.01250	0.01250	0.00886	0.00625	0.00521	0.00156	0.00573	0.00469	0.00521	0.00886
17	0.00725	0.00521	0.00662	0.00663	0.00755	0.00488	0.00478	0.00902	0.01254	0.01730	0.45861	0.14968	0.08332	0.14434	0.00963	0.00232	0.00312	0.05764	0.00507	0.00449
18	0.01091	0.15652	0.63729	0.01358	0.02052	0.01324	0.01704	0.01611	0.01106	0.01595	0.03600	0.01154	0.00810	0.00507	0.00473	0.00156	0.00716	0.00387	0.00233	0.00743

[dist]
# distance from previous block
# <min> <max>
0	4

[block]
# block no. 2 follows, 47 sequences, length 73
# corresponding to MSA columns:
# 243-315
name=unknown_C
#
# <colnr> <probs for GDERKNQSTAVLIFYWHMCP>
#	G	D	E	R	K	N	Q	S	T	A	V	L	I	F	Y	W	H	M	C	P
0	0.13728	0.01636	0.01325	0.01177	0.03776	0.30000	0.00894	0.20528	0.07222	0.08215	0.03859	0.03147	0.01044	0.00614	0.00481	0.00152	0.00644	0.00447	0.00403	0.00705
1	0.04015	0.15338	0.19542	0.03511	0.12907	0.04394	0.04595	0.15830	0.01422	0.11994	0.01105	0.01206	0.00814	0.00525	0.00479	0.00152	0.00631	0.00419	0.00345	0.00777
2	0.01363	0.01517	0.01515	0.01329	0.01416	0.25430	0.01071	0.01488	0.01007	0.01257	0.00762	0.01130	0.00715	0.00968	0.05797	0.00234	0.51758	0.00425	0.00243	0.00574
3	0.00697	0.00527	0.00642	0.00621	0.00755	0.00473	0.00463	0.00902	0.01368	0.01854	0.53339	0.07724	0.26402	0.01165	0.00617	0.00169	0.00254	0.01012	0.00543	0.00473
4	0.00731	0.00532	0.00688	0.00649	0.00775	0.00489	0.00487	0.00972	0.01461	0.02057	0.74799	0.03942	0.08310	0.01076	0.00614	0.00164	0.00247	0.00949	0.00569	0.00489
5	0.00983	0.00926	0.01562	0.80447	0.03587	0.01157	0.01446	0.01331	0.01041	0.01331	0.00926	0.01388	0.00694	0.00521	0.00521	0.00174	0.00694	0.00463	0.00231	0.00579
6	0.00634	0.00455	0.00602	0.00720	0.00754	0.00423	0.00481	0.00726	0.01002	0.01331	0.02933	0.79366	0.05396	0.01623	0.00663	0.00211	0.00301	0.01470	0.00483	0.00423
7	0.00660	0.00474	0.00644	0.00743	0.00784	0.00464	0.00513	0.00766	0.00971	0.01308	0.02610	0.65187	0.03066	0.04405	0.12501	0.00314	0.00476	0.03238	0.00448	0.00427
8	0.01045	0.02694	0.79000	0.01484	0.02254	0.01209	0.01924	0.01649	0.01099	0.01649	0.00935	0.01099	0.00660	0.00495	0.00495	0.00165	0.00770	0.00385	0.00220	0.00770
9	0.00752	0.00527	0.00682	0.00682	0.00722	0.00567	0.00458	0.00831	0.00791	0.01094	0.01536	0.02830	0.01642	0.48671	0.35334	0.00646	0.00883	0.00673	0.00300	0.00379
10	0.00645	0.00525	0.00572	0.00569	0.00724	0.00451	0.00423	0.00802	0.01245	0.01565	0.22501	0.09008	0.56601	0.01276	0.00618	0.00175	0.00262	0.01083	0.00505	0.00451
11	0.01080	0.00926	0.01080	0.00771	0.01234	0.00694	0.00617	0.01311	0.01080	0.01697	0.00926	0.01080	0.00771	0.00386	0.00386	0.00077	0.00386	0.00309	0.00309	0.84882
12	0.83802	0.01005	0.00774	0.00689	0.01013	0.01161	0.00568	0.01550	0.00898	0.03787	0.00750	0.00864	0.00578	0.00486	0.00326	0.00161	0.00404	0.00287	0.00328	0.00570
13	0.01243	0.01489	0.14323	0.02794	0.56355	0.01244	0.11670	0.01616	0.01178	0.01689	0.00982	0.01275	0.00794	0.00465	0.00526	0.00159	0.00677	0.00472	0.00253	0.00800
14	0.00741	0.00566	0.00695	0.00723	0.00858	0.00533	0.00568	0.00990	0.04704	0.01669	0.25219	0.13521	0.25554	0.01285	0.00644	0.00193	0.00326	0.20222	0.00510	0.00480
15	0.00735	0.00495	0.00575	0.00597	0.00602	0.00490	0.00346	0.00751	0.00801	0.01069	0.01867	0.17755	0.02179	0.66961	0.02285	0.00451	0.00468	0.00890	0.00346	0.00335
16	0.01143	0.01092	0.01423	0.04993	0.01370	0.04938	0.01032	0.01288	0.00884	0.01361	0.00852	0.01262	0.00781	0.00831	0.01396	0.00205	0.61327	0.00455	0.12808	0.00559
17	0.23869	0.19169	0.26415	0.01253	0.01779	0.01403	0.14201	0.01628	0.02891	0.01758	0.00882	0.01047	0.00681	0.00476	0.00435	0.00154	0.00635	0.00379	0.00263	0.00682
18	0.00810	0.00549	0.00713	0.00663	0.00802	0.00502	0.00500	0.01048	0.01462	0.05811	0.71074	0.03838	0.08132	0.01056	0.00610	0.00164	0.00256	0.00929	0.00573	0.00508
19	0.01115	0.02274	0.08604	0.00919	0.01380	0.00846	0.03082	0.04371	0.06353	0.01763	0.01110	0.04785	0.00941	0.00486	0.00430	0.00105	0.00445	0.00403	0.00329	0.60257
20	0.01203	0.00997	0.01316	0.01332	0.12085	0.01053	0.00924	0.01433	0.05503	0.06028	0.11376	0.02482	0.13620	0.00913	0.00903	0.00193	0.22072	0.02914	0.00416	0.13237
21	0.01343	0.01087	0.01179	0.00980	0.01315	0.01159	0.00777	0.15874	0.38547	0.02233	0.01624	0.01602	0.01235	0.00615	0.00508	0.00147	0.02177	0.00492	0.07267	0.19839
22	0.01526	0.23298	0.01948	0.01690	0.24183	0.23810	0.01098	0.01734	0.01236	0.04677	0.00900	0.01064	0.00752	0.00479	0.00440	0.00129	0.00661	0.00363	0.00273	0.09738
23	0.02913	0.01341	0.01352	0.09453	0.03371	0.21742	0.00994	0.07681	0.01159	0.01455	0.00985	0.01361	0.00864	0.01527	0.21842	0.00351	0.20297	0.00450	0.00279	0.00584
24	0.00634	0.00456	0.00601	0.00717	0.00753	0.00424	0.00480	0.00726	0.01005	0.01332	0.02966	0.78335	0.06406	0.01619	0.00663	0.00210	0.00301	0.01465	0.00483	0.00424
25	0.00691	0.00477	0.00587	0.00652	0.00668	0.00461	0.00406	0.00740	0.00886	0.01181	0.02300	0.45217	0.02725	0.38754	0.01585	0.00348	0.00396	0.01145	0.00406	0.00373
26	0.00746	0.00549	0.00792	0.00792	0.00869	0.00626	0.00595	0.00901	0.00824	0.01176	0.01436	0.02274	0.01401	0.16943	0.66732	0.00781	0.01246	0.00591	0.00285	0.00440
27	0.01210	0.01395	0.05879	0.14491	0.09969	0.04028	0.48609	0.01605	0.01181	0.01586	0.00997	0.01351	0.00764	0.00480	0.00626	0.00174	0.04163	0.00550	0.00255	0.00688
28	0.02037	0.01143	0.01338	0.01035	0.01422	0.01169	0.00851	0.39613	0.01956	0.34783	0.05082	0.01612	0.01252	0.00653	0.00521	0.00157	0.00492	0.00514	0.03514	0.00854
29	0.85377	0.01007	0.00765	0.00685	0.01007	0.01168	0.00564	0.01531	0.00886	0.02336	0.00725	0.00846	0.00564	0.00483	0.00322	0.00161	0.00403	0.00282	0.00322	0.00564
30	0.01029	0.01983	0.46727	0.01471	0.02050	0.01103	0.16635	0.01561	0.04419	0.01681	0.07434	0.08938	0.01330	0.00645	0.00546	0.00172	0.00690	0.00587	0.00295	0.00703
31	0.00749	0.00538	0.00738	0.00738	0.00797	0.00597	0.00528	0.00867	0.00808	0.01136	0.01485	0.02546	0.01519	0.32488	0.51350	0.00715	0.01068	0.00631	0.00292	0.00410
32	0.00632	0.00484	0.00580	0.00650	0.00737	0.00432	0.00452	0.00745	0.01088	0.01392	0.07154	0.50007	0.30791	0.01492	0.00644	0.00196	0.00286	0.01317	0.00488	0.00432
33	0.14718	0.00904	0.01142	0.00891	0.01281	0.00825	0.00735	0.02388	0.01400	0.67408	0.01856	0.01634	0.01181	0.00621	0.00494	0.00161	0.00437	0.00488	0.00596	0.00838
34	0.01183	0.01164	0.01971	0.32378	0.39308	0.03098	0.09099	0.01533	0.02310	0.01554	0.00980	0.01340	0.00780	0.00488	0.00527	0.00164	0.00678	0.00478	0.00253	0.00714
35	0.00634	0.00491	0.00579	0.00643	0.00742	0.00436	0.00454	0.00750	0.01096	0.01386	0.05608	0.44191	0.36237	0.01477	0.00643	0.00196	0.00289	0.03229	0.00485	0.00433
36	0.01364	0.65516	0.02522	0.00989	0.01405	0.06505	0.06033	0.01553	0.01127	0.01325	0.06701	0.01115	0.01003	0.00498	0.00383	0.00121	0.00578	0.00356	0.00255	0.00653
37	0.04026	0.01154	0.01526	0.31720	0.11746	0.04288	0.01183	0.23027	0.01514	0.09217	0.01208	0.04956	0.00940	0.00605	0.00519	0.00165	0.00610	0.00506	0.00372	0.00719
38	0.02050	0.01012	0.01220	0.00973	0.01342	0.03667	0.00790	0.09213	0.13344	0.53592	0.05708	0.01827	0.01456	0.00669	0.00527	0.00162	0.00458	0.00543	0.00599	0.00847
39	0.00634	0.00453	0.00604	0.00725	0.00755	0.00423	0.00483	0.00725	0.00997	0.01329	0.02870	0.81358	0.03444	0.01632	0.00665	0.00211	0.00302	0.01480	0.00483	0.00423
40	0.01275	0.01223	0.02088	0.06774	0.74983	0.01234	0.01591	0.01586	0.01179	0.01684	0.00977	0.01294	0.00819	0.00467	0.00516	0.00156	0.00622	0.00464	0.00257	0.00813
41	0.01830	0.05849	0.01598	0.04903	0.02855	0.47628	0.02935	0.19682	0.04705	0.01802	0.00974	0.01085	0.00765	0.00556	0.00484	0.00143	0.00796	0.00389	0.00334	0.00687
42	0.00730	0.00511	0.00572	0.00569	0.00611	0.00492	0.00346	0.00776	0.00899	0.01179	0.09258	0.03738	0.15776	0.60029	0.02102	0.00415	0.00438	0.00835	0.00369	0.00354
43	0.01342	0.16408	0.08130	0.03030	0.03422	0.11049	0.14029	0.02004	0.25419	0.01659	0.01258	0.01365	0.00987	0.00582	0.00592	0.00162	0.07039	0.00472	0.00334	0.00718
44	0.01169	0.01159	0.01699	0.01735	0.16868	0.01523	0.01232	0.01323	0.00876	0.01343	0.00743	0.01169	0.00712	0.00821	0.01469	0.00213	0.64632	0.00457	0.00234	0.00621
45	0.01233	0.18502	0.35987	0.01471	0.08235	0.01318	0.09736	0.01654	0.02129	0.07018	0.01203	0.01333	0.04342	0.00524	0.00481	0.00152	0.00662	0.00438	0.00277	0.03303
46	0.20089	0.00901	0.01104	0.00990	0.05482	0.00871	0.00756	0.03476	0.02595	0.44979	0.03522	0.04425	0.02725	0.00701	0.00499	0.00168	0.00436	0.04996	0.00529	0.00756
47	0.00727	0.00550	0.00778	0.00772	0.00880	0.00602	0.00596	0.00915	0.00973	0.01361	0.13046	0.02681	0.11353	0.03172	0.58354	0.00657	0.01088	0.00681	0.00347	0.00466
48	0.01175	0.18145	0.22526	0.01264	0.07725	0.07482	0.01163	0.01565	0.06377	0.03364	0.04926	0.08238	0.03005	0.00755	0.00514	0.00165	0.00588	0.10025	0.00334	0.00663
49	0.01530	0.01534	0.01482	0.06920	0.14073	0.22512	0.01061	0.11098	0.30427	0.01930	0.01394	0.01445	0.01072	0.00599	0.00510	0.00159	0.00627	0.00477	0.00394	0.00755
50	0.01070	0.01042	0.01534	0.22627	0.01935	0.01413	0.01189	0.01252	0.00866	0.01271	0.00797	0.01268	0.00729	0.01011	0.06709	0.00255	0.53770	0.00465	0.00232	0.00565
51	0.01237	0.01242	0.02242	0.09959	0.40552	0.01273	0.22864	0.01663	0.06796	0.01671	0.01066	0.01373	0.00853	0.00501	0.00601	0.00167	0.04395	0.00516	0.00276	0.00755
52	0.01632	0.01286	0.01367	0.01128	0.01482	0.01452	0.00906	0.39113	0.40616	0.02721	0.01692	0.01602	0.01244	0.00667	0.00526	0.00167	0.00491	0.00530	0.00526	0.00854
53	0.00790	0.00601	0.00702	0.00739	0.00864	0.00589	0.00532	0.01133	0.14122	0.03522	0.03367	0.43775	0.23206	0.01360	0.00626	0.00195	0.00318	0.02556	0.00496	0.00509
54	0.00905	0.00452	0.00678	0.00678	0.00678	0.00452	0.00452	0.00678	0.00678	0.00905	0.00905	0.01583	0.00905	0.01809	0.02035	0.84848	0.00452	0.00452	0.00226	0.00226
55	0.00897	0.00719	0.01170	0.01142	0.01323	0.00706	0.12066	0.01166	0.01203	0.01575	0.02505	0.05212	0.02670	0.01290	0.00704	0.00230	0.00539	0.63924	0.00447	0.00513
56	0.00653	0.00467	0.00626	0.00747	0.00785	0.00439	0.00516	0.00758	0.01016	0.01350	0.02860	0.74431	0.03403	0.01614	0.00670	0.00214	0.00318	0.08222	0.00483	0.00428
57	0.01298	0.17777	0.18813	0.01694	0.02246	0.01434	0.39636	0.04816	0.01229	0.04651	0.01010	0.01235	0.00762	0.00468	0.00526	0.00159	0.00761	0.00489	0.00272	0.00725
58	0.01917	0.01725	0.01503	0.01230	0.01589	0.24867	0.00988	0.50914	0.02100	0.02602	0.01187	0.01371	0.00919	0.00636	0.00515	0.00154	0.00678	0.03878	0.00444	0.00783
59	0.00737	0.00526	0.00660	0.00630	0.00727	0.00492	0.00448	0.00922	0.01300	0.01816	0.57790	0.03828	0.07300	0.19336	0.01075	0.00242	0.00305	0.00907	0.00511	0.00449
60	0.01106	0.00924	0.01075	0.00797	0.01222	0.00735	0.00632	0.06412	0.01167	0.01776	0.01103	0.07484	0.00992	0.00501	0.00417	0.00093	0.00392	0.00413	0.00337	0.72422
61	0.03338	0.03033	0.16379	0.03760	0.18325	0.04007	0.26363	0.01588	0.01138	0.03327	0.01043	0.04380	0.00862	0.00564	0.00672	0.00173	0.09545	0.00527	0.00268	0.00709
62	0.00647	0.00462	0.00604	0.00706	0.00742	0.00432	0.00470	0.00740	0.01008	0.01346	0.06428	0.70352	0.05370	0.07062	0.00797	0.00228	0.00312	0.01395	0.00476	0.00419
63	0.01151	0.01267	0.10122	0.38380	0.29230	0.01218	0.04672	0.04882	0.01169	0.01595	0.00965	0.01317	0.00748	0.00500	0.00520	0.00165	0.00678	0.00461	0.00254	0.00703
64	0.01250	0.36988	0.25294	0.01487	0.07391	0.01604	0.16087	0.01610	0.01113	0.01471	0.00869	0.01058	0.00701	0.00460	0.00450	0.00143	0.00687	0.00389	0.00232	0.00716
65	0.00756	0.00508	0.00586	0.00586	0.00593	0.00515	0.00338	0.00769	0.00763	0.01023	0.01624	0.03315	0.01853	0.76388	0.07906	0.00528	0.00566	0.00744	0.00313	0.00326
66	0.00651	0.00476	0.00613	0.00690	0.00754	0.00437	0.00475	0.00775	0.01106	0.01478	0.16999	0.58593	0.12049	0.01492	0.00650	0.00199	0.00287	0.01339	0.00500	0.00437
67	0.00890	0.00786	0.00924	0.00900	0.01004	0.09153	0.00694	0.01059	0.00900	0.01208	0.01314	0.01954	0.01236	0.07116	0.64224	0.00720	0.04624	0.00539	0.00277	0.00477
68	0.01105	0.00615	0.00805	0.00710	0.00903	0.00552	0.00549	0.01332	0.01458	0.20076	0.55306	0.03469	0.09067	0.00983	0.00593	0.00164	0.00293	0.00854	0.00584	0.00581
69	0.00673	0.00505	0.00625	0.00648	0.00752	0.00456	0.00466	0.00840	0.01245	0.01670	0.35367	0.30078	0.22139	0.01316	0.00631	0.00183	0.00269	0.01160	0.00522	0.00456
70	0.01372	0.08033	0.07363	0.02459	0.45257	0.10221	0.10567	0.04306	0.02451	0.01670	0.00972	0.01223	0.00794	0.00479	0.00507	0.00152	0.00687	0.00449	0.00268	0.00771
71	0.01340	0.70185	0.14101	0.00980	0.01473	0.01934	0.01045	0.01573	0.01064	0.01288	0.00755	0.00875	0.00667	0.00453	0.00358	0.00119	0.00589	0.00294	0.00222	0.00683
72	0.01291	0.01622	0.24079	0.01458	0.01903	0.01264	0.17598	0.11040	0.01279	0.07061	0.03824	0.01423	0.02656	0.00625	0.00768	0.00174	0.16499	0.00501	0.00320	0.04617

[dist]
# distance from previous block
# <min> <max>
0	1

[block]
# block no. 3 follows, 47 sequences, length 42
# corresponding to MSA columns:
# 317-332,337-362
name=unknown_D
#
# <colnr> <probs for GDERKNQSTAVLIFYWHMCP>
#	G	D	E	R	K	N	Q	S	T	A	V	L	I	F	Y	W	H	M	C	P
0	0.01100	0.01094	0.01655	0.38199	0.09169	0.04831	0.05261	0.01356	0.01006	0.01354	0.00940	0.04691	0.00824	0.00680	0.00896	0.00189	0.25405	0.00506	0.00247	0.00598
1	0.01176	0.01136	0.01972	0.30693	0.47373	0.01213	0.05873	0.01507	0.01137	0.01567	0.00965	0.01331	0.00776	0.00483	0.00523	0.00163	0.00661	0.00472	0.00249	0.00730
2	0.15507	0.20361	0.03880	0.00928	0.01265	0.01128	0.05116	0.01679	0.02807	0.22517	0.01595	0.18198	0.01433	0.00764	0.00479	0.00161	0.00468	0.00629	0.00418	0.00666
3	0.00655	0.00516	0.00598	0.00648	0.00773	0.00459	0.00486	0.00793	0.01141	0.01422	0.05988	0.27137	0.44324	0.01420	0.00644	0.00195	0.00305	0.11571	0.00485	0.00442
4	0.00792	0.00515	0.00584	0.00566	0.00701	0.00478	0.00425	0.01011	0.01274	0.01882	0.34698	0.03456	0.20245	0.00961	0.00526	0.00152	0.00249	0.00816	0.30193	0.00478
5	0.01076	0.07402	0.70016	0.01490	0.02226	0.01267	0.06172	0.01645	0.01104	0.01625	0.00929	0.01101	0.00668	0.00489	0.00492	0.00162	0.00763	0.00392	0.00223	0.00760
6	0.01144	0.07442	0.43603	0.01676	0.02317	0.01308	0.28148	0.01701	0.04604	0.01652	0.01016	0.01228	0.00748	0.00481	0.00528	0.00166	0.00778	0.00468	0.00249	0.00742
7	0.00687	0.00530	0.00626	0.00602	0.00747	0.00470	0.00452	0.00885	0.01355	0.01806	0.47942	0.04355	0.35323	0.01170	0.00615	0.00169	0.00253	0.01007	0.00536	0.00470
8	0.00642	0.00511	0.00580	0.00624	0.00751	0.00449	0.00460	0.00774	0.01140	0.01416	0.06447	0.27587	0.48067	0.01413	0.00638	0.00191	0.00292	0.07093	0.00486	0.00439
9	0.01303	0.39245	0.22199	0.01249	0.05129	0.03305	0.03539	0.04266	0.08376	0.01533	0.00950	0.01078	0.00773	0.00515	0.00488	0.00143	0.04555	0.00371	0.00265	0.00719
10	0.01939	0.01152	0.08709	0.01136	0.03757	0.00967	0.04352	0.08491	0.09681	0.48773	0.01814	0.02887	0.01226	0.00689	0.01812	0.00175	0.00520	0.00531	0.00545	0.00844
11	0.00757	0.00507	0.00577	0.00577	0.00580	0.00510	0.00327	0.00763	0.00760	0.01017	0.01632	0.03361	0.01873	0.79041	0.05281	0.00516	0.00535	0.00751	0.00314	0.00321
12	0.01192	0.02273	0.48650	0.01766	0.08573	0.08829	0.18031	0.01691	0.01171	0.01621	0.00952	0.01166	0.00703	0.00484	0.00520	0.00163	0.00797	0.00436	0.00237	0.00743
13	0.06364	0.01243	0.05110	0.19190	0.15834	0.03737	0.04955	0.16641	0.05320	0.13208	0.02577	0.01413	0.00957	0.00561	0.00513	0.00163	0.00602	0.00477	0.00382	0.00754
14	0.01220	0.01223	0.01754	0.29773	0.32900	0.09726	0.02892	0.01539	0.02828	0.01507	0.01058	0.01561	0.00898	0.00572	0.00577	0.00168	0.04098	0.04756	0.00267	0.00681
15	0.00706	0.00531	0.00653	0.00622	0.00759	0.00478	0.00467	0.00922	0.01400	0.01913	0.59443	0.04178	0.23755	0.01130	0.00615	0.00167	0.00250	0.00982	0.00550	0.00478
16	0.00652	0.00476	0.00614	0.00699	0.00761	0.00439	0.00484	0.00772	0.01090	0.01449	0.13629	0.60147	0.12009	0.01513	0.00654	0.00202	0.00294	0.03186	0.00496	0.00436
17	0.03234	0.06780	0.06062	0.04664	0.01589	0.09449	0.00940	0.28380	0.04195	0.07660	0.01132	0.01198	0.00845	0.00534	0.00465	0.00134	0.00564	0.00402	0.00397	0.21377
18	0.01347	0.01431	0.01508	0.01505	0.12719	0.25760	0.08222	0.03452	0.01286	0.03223	0.11096	0.11060	0.03550	0.00784	0.00692	0.00168	0.10601	0.00635	0.00346	0.00615
19	0.00668	0.00500	0.00646	0.00753	0.02744	0.00461	0.00507	0.00789	0.01080	0.01424	0.10178	0.54619	0.16170	0.03275	0.00694	0.00207	0.00310	0.04050	0.00482	0.00442
20	0.04540	0.29697	0.01779	0.00970	0.01362	0.12584	0.00836	0.10520	0.01278	0.03360	0.00894	0.01024	0.00746	0.00561	0.02120	0.00134	0.03714	0.00336	0.00302	0.23244
21	0.01284	0.01752	0.29607	0.01455	0.05648	0.02626	0.10186	0.07235	0.25941	0.05058	0.01439	0.03099	0.01082	0.00594	0.00527	0.00169	0.00626	0.00515	0.00371	0.00785
22	0.00720	0.00500	0.00641	0.00695	0.00733	0.00503	0.00470	0.00806	0.00901	0.01222	0.02156	0.32571	0.02464	0.32239	0.12941	0.00414	0.00551	0.06904	0.02175	0.00394
23	0.01160	0.07818	0.53506	0.01355	0.02022	0.01178	0.06242	0.01648	0.01124	0.06083	0.00991	0.01136	0.00720	0.00481	0.00477	0.00149	0.00689	0.00389	0.00260	0.12572
24	0.01145	0.01140	0.01971	0.05355	0.24055	0.01245	0.19179	0.01410	0.01065	0.01519	0.01130	0.07512	0.01060	0.00712	0.00886	0.00186	0.22865	0.03747	0.00278	0.03541
25	0.30930	0.01264	0.02258	0.01662	0.02117	0.01264	0.49736	0.01620	0.01108	0.01904	0.00938	0.01208	0.00710	0.00455	0.00511	0.00170	0.00710	0.00497	0.00284	0.00654
26	0.00665	0.00528	0.00599	0.00595	0.00744	0.00462	0.00448	0.00837	0.01274	0.01635	0.29266	0.08130	0.47724	0.01253	0.00621	0.00176	0.00268	0.03805	0.00513	0.00458
27	0.00615	0.00528	0.00528	0.00528	0.00703	0.00440	0.00396	0.00747	0.01187	0.01407	0.05276	0.05012	0.78238	0.01319	0.00615	0.00176	0.00264	0.01099	0.00484	0.00440
28	0.01023	0.00968	0.01371	0.01211	0.01238	0.01316	0.00995	0.01158	0.00809	0.01240	0.00894	0.01407	0.00866	0.01795	0.24714	0.00408	0.57320	0.00486	0.00243	0.00539
29	0.85377	0.01007	0.00765	0.00685	0.01007	0.01168	0.00564	0.01531	0.00886	0.02336	0.00725	0.00846	0.00564	0.00483	0.00322	0.00161	0.00403	0.00282	0.00322	0.00564
30	0.01392	0.82012	0.02729	0.00891	0.01337	0.02061	0.00891	0.01559	0.01058	0.01225	0.00724	0.00835	0.00668	0.00446	0.00334	0.00111	0.00557	0.00278	0.00223	0.00668
31	0.00754	0.00518	0.00633	0.00633	0.00656	0.00540	0.00397	0.00799	0.00777	0.01058	0.01581	0.03078	0.01750	0.62838	0.21315	0.00585	0.00721	0.00709	0.00307	0.00352
32	0.01945	0.02482	0.01476	0.01342	0.01610	0.79608	0.01006	0.02079	0.01476	0.01275	0.00805	0.00939	0.00671	0.00537	0.00470	0.00134	0.00939	0.00335	0.00268	0.00604
33	0.01045	0.02694	0.79000	0.01484	0.02254	0.01209	0.01924	0.01649	0.01099	0.01649	0.00935	0.01099	0.00660	0.00495	0.00495	0.00165	0.00770	0.00385	0.00220	0.00770
34	0.01235	0.01314	0.02477	0.01854	0.02189	0.01430	0.46203	0.05231	0.01137	0.01601	0.00933	0.01303	0.00757	0.00615	0.00996	0.00193	0.29053	0.00551	0.00264	0.00665
35	0.01945	0.02482	0.01476	0.01342	0.01610	0.79608	0.01006	0.02079	0.01476	0.01275	0.00805	0.00939	0.00671	0.00537	0.00470	0.00134	0.00939	0.00335	0.00268	0.00604
36	0.00631	0.00526	0.00551	0.00550	0.00714	0.00446	0.00410	0.00776	0.01217	0.01490	0.14305	0.07229	0.66772	0.01297	0.00617	0.00175	0.00263	0.01091	0.00495	0.00446
37	0.00661	0.00516	0.00600	0.00608	0.00739	0.00454	0.00445	0.00824	0.01251	0.01627	0.29889	0.18666	0.39283	0.01289	0.00624	0.00178	0.00265	0.01115	0.00514	0.00454
38	0.00731	0.00532	0.00688	0.00649	0.00774	0.00489	0.00487	0.00971	0.01460	0.02055	0.74572	0.03945	0.08538	0.01077	0.00614	0.00164	0.00247	0.00950	0.00569	0.00489
39	0.03424	0.02360	0.34961	0.01386	0.01891	0.31842	0.03539	0.07032	0.05750	0.01662	0.00973	0.01099	0.00735	0.00530	0.00488	0.00153	0.00796	0.00387	0.00281	0.00709
40	0.01287	0.01152	0.03371	0.09535	0.34479	0.01103	0.15939	0.01629	0.03190	0.09245	0.01250	0.06873	0.01045	0.00563	0.00536	0.00160	0.00617	0.00559	0.00320	0.07147
41	0.03491	0.01109	0.01456	0.01626	0.24056	0.03401	0.01018	0.14243	0.07422	0.17973	0.06566	0.02965	0.02860	0.02325	0.00607	0.00167	0.03485	0.00542	0.02287	0.02400

[dist]
# distance from previous block
# <min> <max>
6	10

[block]
# block no. 4 follows, 47 sequences, length 123
# corresponding to MSA columns:
# 373-430,451-515
name=unknown_E
#
# <colnr> <probs for GDERKNQSTAVLIFYWHMCP>
#	G	D	E	R	K	N	Q	S	T	A	V	L	I	F	Y	W	H	M	C	P
0	0.01215	0.03651	0.21345	0.20836	0.20133	0.04255	0.01462	0.05838	0.10347	0.01700	0.01084	0.01311	0.00832	0.00540	0.00546	0.00165	0.03270	0.00449	0.00287	0.00734
1	0.00674	0.00530	0.00609	0.00589	0.00740	0.00465	0.00442	0.00862	0.01326	0.01738	0.40661	0.04467	0.42646	0.01195	0.00615	0.00170	0.00255	0.01023	0.00527	0.00465
2	0.01262	0.01069	0.01456	0.01787	0.30791	0.01114	0.01054	0.10417	0.20995	0.03992	0.09472	0.02168	0.10727	0.00711	0.00542	0.00164	0.00476	0.00622	0.00426	0.00754
3	0.81174	0.01001	0.00788	0.00697	0.01023	0.01148	0.00574	0.01582	0.00917	0.06207	0.00792	0.00893	0.00601	0.00492	0.00332	0.00161	0.00405	0.00294	0.00339	0.00580
4	0.00684	0.00527	0.00603	0.00586	0.00719	0.00469	0.00426	0.00848	0.01257	0.01647	0.35577	0.04346	0.38168	0.10850	0.00859	0.00210	0.00285	0.00992	0.00501	0.00447
