[name]
unknown

[dist]
# distance from previous block
# <min> <max>
0	173

[block]
# block no. 0 follows, 51 sequences, length 11
# corresponding to MSA columns:
# 368-376,380,381
name=unknown_A
#
# <colnr> <probs for GDERKNQSTAVLIFYWHMCP>
#	G	D	E	R	K	N	Q	S	T	A	V	L	I	F	Y	W	H	M	C	P
0	0.00792	0.00566	0.00792	0.00905	0.01018	0.00566	0.00792	0.01018	0.01131	0.01471	0.02602	0.05543	0.02828	0.01358	0.00679	0.00226	0.00453	0.76356	0.00453	0.00453
1	0.01838	0.02274	0.01398	0.01256	0.01520	0.75126	0.00948	0.07367	0.01458	0.01337	0.00789	0.00907	0.00647	0.00512	0.00447	0.00128	0.00862	0.00325	0.00270	0.00589
2	0.00690	0.00436	0.00538	0.00619	0.00672	0.00416	0.00424	0.00817	0.00967	0.01421	0.02389	0.59118	0.02675	0.01260	0.00545	0.00175	0.00269	0.01126	0.25026	0.00416
3	0.00627	0.00449	0.00595	0.00665	0.00719	0.00418	0.00458	0.00755	0.01071	0.01462	0.24878	0.59649	0.03651	0.01385	0.00613	0.00187	0.00270	0.01250	0.00481	0.00418
4	0.01255	0.01298	0.01127	0.00883	0.01267	0.23809	0.00688	0.01447	0.01127	0.01486	0.00841	0.00981	0.00700	0.00405	0.00387	0.00088	0.00515	0.00298	0.00280	0.61116
5	0.01222	0.24806	0.02122	0.08451	0.51111	0.01386	0.01304	0.01478	0.01074	0.01449	0.00851	0.01100	0.00726	0.00437	0.00437	0.00136	0.00572	0.00387	0.00232	0.00718
6	0.01680	0.01078	0.01217	0.00999	0.01337	0.01159	0.00804	0.22777	0.35902	0.24867	0.01762	0.01612	0.01240	0.00629	0.00496	0.00157	0.00438	0.00507	0.00529	0.00810
7	0.01120	0.01420	0.24098	0.19507	0.01993	0.01158	0.01243	0.04824	0.17475	0.05767	0.01179	0.01360	0.00891	0.00747	0.04887	0.00200	0.10707	0.00448	0.00309	0.00668
8	0.01264	0.02056	0.56645	0.01322	0.04500	0.01058	0.01519	0.01788	0.05259	0.18161	0.01166	0.01220	0.00800	0.00506	0.00475	0.00155	0.00638	0.00404	0.00309	0.00754
9	0.00939	0.17942	0.41732	0.01082	0.01546	0.01087	0.01229	0.01287	0.01002	0.01389	0.01370	0.24509	0.01384	0.00768	0.00483	0.00158	0.00559	0.00642	0.00280	0.00613
10	0.00676	0.00483	0.00525	0.00525	0.00573	0.00459	0.00320	0.00712	0.00832	0.01061	0.02540	0.03653	0.24240	0.59176	0.01946	0.00387	0.00411	0.00808	0.00344	0.00332

[dist]
# distance from previous block
# <min> <max>
0	3

[block]
# block no. 1 follows, 51 sequences, length 81
# corresponding to MSA columns:
# 385,393-472
name=unknown_B
#
# <colnr> <probs for GDERKNQSTAVLIFYWHMCP>
#	G	D	E	R	K	N	Q	S	T	A	V	L	I	F	Y	W	H	M	C	P
0	0.29425	0.00830	0.00944	0.00780	0.01098	0.00812	0.00632	0.01904	0.01171	0.46293	0.01611	0.09939	0.01209	0.00657	0.00446	0.00157	0.00392	0.00515	0.00493	0.00691
1	0.01319	0.01344	0.06883	0.01728	0.10241	0.01285	0.34166	0.18188	0.15936	0.01994	0.01208	0.01360	0.00902	0.00505	0.00529	0.00159	0.00652	0.00518	0.00345	0.00738
2	0.01157	0.00972	0.01160	0.01199	0.10985	0.01054	0.00839	0.02111	0.49265	0.03656	0.05430	0.02165	0.01628	0.00701	0.00510	0.00162	0.00411	0.08562	0.00451	0.07581
3	0.01139	0.41554	0.34057	0.09617	0.01839	0.01527	0.01293	0.01483	0.01013	0.01330	0.00784	0.00945	0.00630	0.00447	0.00396	0.00132	0.00621	0.00322	0.00210	0.00661
4	0.00691	0.00516	0.00767	0.00779	0.00860	0.00591	0.00598	0.00857	0.00806	0.01153	0.01464	0.10455	0.01443	0.03458	0.72292	0.00727	0.01207	0.00619	0.00284	0.00435
5	0.00837	0.00435	0.00642	0.00638	0.00650	0.00431	0.00431	0.00671	0.00720	0.00972	0.09174	0.01724	0.01254	0.01633	0.01779	0.76641	0.00406	0.00476	0.00248	0.00240
6	0.01839	0.02240	0.01401	0.01252	0.01520	0.72364	0.00948	0.10019	0.01490	0.01403	0.00804	0.00917	0.00654	0.00515	0.00448	0.00129	0.00850	0.00330	0.00278	0.00598
7	0.01516	0.01649	0.22249	0.06329	0.11498	0.08794	0.01238	0.25853	0.03430	0.11016	0.01118	0.01199	0.00802	0.00529	0.00480	0.00149	0.00617	0.00417	0.00360	0.00755
8	0.00700	0.00479	0.00532	0.00532	0.00550	0.00470	0.00306	0.00714	0.00758	0.00993	0.01912	0.03376	0.10014	0.74099	0.02298	0.00444	0.00452	0.00749	0.00315	0.00310
9	0.00715	0.00476	0.00536	0.00536	0.00536	0.00476	0.00298	0.00715	0.00715	0.00953	0.01548	0.03216	0.01787	0.82729	0.02501	0.00476	0.00476	0.00715	0.00298	0.00298
10	0.01218	0.01138	0.01871	0.19147	0.39323	0.01203	0.10876	0.09657	0.07484	0.01722	0.01036	0.01296	0.00813	0.00481	0.00501	0.00154	0.00609	0.00465	0.00286	0.00721
11	0.01198	0.01167	0.01998	0.02776	0.66654	0.01208	0.06127	0.01478	0.01083	0.01559	0.00899	0.01208	0.00762	0.00481	0.00612	0.00154	0.09204	0.00446	0.00241	0.00746
12	0.00905	0.00831	0.01375	0.72967	0.03083	0.01027	0.01252	0.01198	0.00954	0.01224	0.00945	0.01512	0.00775	0.09202	0.00704	0.00197	0.00636	0.00466	0.00227	0.00520
13	0.77144	0.00903	0.00715	0.00643	0.00927	0.01035	0.00525	0.01390	0.00895	0.02180	0.09022	0.01103	0.00967	0.00514	0.00333	0.00152	0.00364	0.00332	0.00329	0.00525
14	0.07031	0.01718	0.32076	0.02176	0.41953	0.03520	0.01543	0.01536	0.01076	0.01616	0.00886	0.01109	0.00697	0.00452	0.00465	0.00150	0.00634	0.00394	0.00234	0.00735
15	0.01262	0.01260	0.03664	0.02173	0.37270	0.06035	0.17813	0.11016	0.01251	0.01703	0.00998	0.01285	0.00812	0.00807	0.09026	0.00219	0.01954	0.00469	0.00277	0.00707
16	0.02012	0.00885	0.01095	0.00878	0.01213	0.05576	0.00708	0.02187	0.01356	0.66850	0.01948	0.10176	0.01396	0.00701	0.00505	0.00156	0.00433	0.00579	0.00570	0.00774
17	0.00715	0.00476	0.00536	0.00536	0.00536	0.00476	0.00298	0.00715	0.00715	0.00953	0.01548	0.03216	0.01787	0.82729	0.02501	0.00476	0.00476	0.00715	0.00298	0.00298
18	0.01052	0.12415	0.62136	0.01288	0.01929	0.01250	0.01584	0.01657	0.09267	0.01559	0.00976	0.01091	0.00716	0.00482	0.00452	0.00151	0.00666	0.00371	0.00239	0.00720
19	0.00861	0.00474	0.00729	0.09210	0.00931	0.00497	0.00526	0.00705	0.00676	0.00896	0.00856	0.01474	0.00833	0.01578	0.01769	0.76642	0.00451	0.00428	0.00214	0.00249
20	0.00702	0.00527	0.00790	0.00790	0.00878	0.00614	0.00614	0.00878	0.00790	0.01141	0.01316	0.01931	0.01229	0.03686	0.80782	0.00790	0.01316	0.00527	0.00263	0.00439
21	0.86201	0.00950	0.00722	0.00646	0.00950	0.01102	0.00532	0.01445	0.00836	0.02205	0.00684	0.00798	0.00532	0.00456	0.00304	0.00152	0.00380	0.00266	0.00304	0.00532
22	0.00986	0.02542	0.80183	0.01401	0.02127	0.01141	0.01816	0.01556	0.01038	0.01556	0.00882	0.01038	0.00623	0.00467	0.00467	0.00156	0.00726	0.00363	0.00208	0.00726
23	0.00703	0.00522	0.00767	0.00767	0.00847	0.00602	0.00586	0.00863	0.00783	0.01124	0.01337	0.02047	0.01279	0.10829	0.73708	0.00761	0.01240	0.00544	0.00266	0.00426
24	0.00804	0.00643	0.00788	0.00702	0.00929	0.00526	0.00521	0.00965	0.01017	0.01474	0.07640	0.36129	0.03277	0.00948	0.00503	0.00138	0.00321	0.02483	0.00386	0.39807
25	0.01000	0.05281	0.76174	0.01393	0.02105	0.01171	0.03109	0.01554	0.01038	0.01543	0.00877	0.01034	0.00625	0.00464	0.00464	0.00154	0.00721	0.00363	0.00208	0.00722
26	0.00599	0.00428	0.00570	0.00684	0.00713	0.00399	0.00456	0.00684	0.00941	0.01254	0.02709	0.82409	0.03250	0.01540	0.00627	0.00200	0.00285	0.01397	0.00456	0.00399
27	0.00995	0.00481	0.00500	0.00483	0.00614	0.00474	0.00367	0.01221	0.01054	0.06607	0.01624	0.01822	0.01257	0.00575	0.00353	0.00117	0.00241	0.00460	0.80275	0.00481
28	0.30994	0.28603	0.23162	0.00933	0.01391	0.01397	0.00997	0.01535	0.04316	0.01673	0.00795	0.00905	0.00631	0.00456	0.00361	0.00138	0.00524	0.00304	0.00255	0.00629
29	0.01045	0.01132	0.02264	0.01683	0.02037	0.01127	0.52494	0.01363	0.01093	0.01490	0.04095	0.06630	0.08131	0.00642	0.00731	0.00174	0.12324	0.00660	0.00285	0.00600
30	0.00590	0.00461	0.00536	0.00595	0.00689	0.00407	0.00417	0.00694	0.01026	0.01289	0.03792	0.45340	0.39619	0.01399	0.00605	0.00184	0.00268	0.01225	0.00456	0.00407
31	0.01174	0.01113	0.01501	0.01270	0.01319	0.01508	0.01058	0.10760	0.00947	0.01421	0.00712	0.01088	0.00669	0.00826	0.01473	0.00207	0.71699	0.00432	0.00250	0.00575
32	0.01197	0.01172	0.02072	0.06469	0.67653	0.01173	0.09977	0.01504	0.01117	0.01586	0.00930	0.01233	0.00769	0.00438	0.00497	0.00149	0.00614	0.00454	0.00243	0.00755
33	0.00707	0.00525	0.00781	0.00781	0.00870	0.00610	0.00607	0.00884	0.00796	0.01158	0.01324	0.01928	0.01229	0.03607	0.78753	0.00773	0.01289	0.00525	0.02412	0.00439
34	0.00605	0.00499	0.00532	0.00524	0.00679	0.00425	0.00393	0.00753	0.01178	0.01465	0.20910	0.04503	0.63447	0.01193	0.00581	0.00164	0.00245	0.01005	0.00474	0.00425
35	0.01185	0.01136	0.01939	0.11457	0.71465	0.01159	0.01493	0.01481	0.01104	0.01568	0.00919	0.01226	0.00765	0.00444	0.00487	0.00148	0.00591	0.00438	0.00241	0.00753
36	0.01158	0.01014	0.01077	0.02621	0.01258	0.05798	0.00687	0.04175	0.24182	0.03005	0.02399	0.01373	0.01048	0.02119	0.01985	0.00132	0.00435	0.00404	0.00364	0.44765
37	0.01342	0.01044	0.01408	0.06106	0.30514	0.06032	0.01030	0.03717	0.11691	0.15782	0.10790	0.01831	0.05304	0.00618	0.00503	0.00152	0.00491	0.00540	0.00395	0.00709
38	0.01306	0.81209	0.04327	0.00853	0.01281	0.01926	0.00863	0.01473	0.00999	0.01165	0.00688	0.00794	0.00630	0.00421	0.00319	0.00106	0.00530	0.00265	0.00210	0.00633
39	0.01048	0.01470	0.24680	0.05000	0.29737	0.01059	0.10173	0.01472	0.04624	0.01620	0.09463	0.01627	0.04730	0.00553	0.00506	0.00154	0.00595	0.00513	0.00285	0.00691
40	0.00597	0.00496	0.00522	0.00520	0.00675	0.00421	0.00388	0.00735	0.01151	0.01412	0.14994	0.07032	0.66922	0.01221	0.00582	0.00165	0.00248	0.01028	0.00468	0.00421
41	0.00605	0.00433	0.00576	0.00680	0.00714	0.00404	0.00457	0.00701	0.00972	0.01304	0.08019	0.76956	0.03346	0.01503	0.00624	0.00196	0.00281	0.01362	0.00462	0.00404
42	0.00976	0.00900	0.00880	0.00913	0.01054	0.16284	0.00751	0.01184	0.01240	0.01528	0.19078	0.04219	0.02794	0.01113	0.00611	0.00191	0.00489	0.44886	0.00433	0.00478
43	0.00640	0.00468	0.00601	0.00635	0.00717	0.00429	0.00451	0.00794	0.01159	0.01578	0.36804	0.39424	0.11935	0.01272	0.00601	0.00176	0.00258	0.01135	0.00494	0.00429
44	0.86201	0.00950	0.00722	0.00646	0.00950	0.01102	0.00532	0.01445	0.00836	0.02205	0.00684	0.00798	0.00532	0.00456	0.00304	0.00152	0.00380	0.00266	0.00304	0.00532
45	0.00916	0.00458	0.00458	0.00458	0.00573	0.00458	0.00344	0.01145	0.01031	0.01832	0.01603	0.01832	0.01260	0.00573	0.00344	0.00115	0.00229	0.00458	0.85457	0.00458
46	0.86201	0.00950	0.00722	0.00646	0.00950	0.01102	0.00532	0.01445	0.00836	0.02205	0.00684	0.00798	0.00532	0.00456	0.00304	0.00152	0.00380	0.00266	0.00304	0.00532
47	0.01836	0.02342	0.01393	0.01266	0.01519	0.80756	0.00950	0.01962	0.01393	0.01203	0.00760	0.00886	0.00633	0.00506	0.00443	0.00127	0.00886	0.00317	0.00253	0.00570
48	0.01868	0.01376	0.01475	0.01131	0.01524	0.01524	0.00934	0.78025	0.02311	0.03097	0.01180	0.01180	0.00836	0.00590	0.00492	0.00147	0.00541	0.00442	0.00492	0.00836
49	0.01294	0.01274	0.01994	0.02704	0.63263	0.06707	0.07593	0.06218	0.01214	0.01666	0.00934	0.01200	0.00769	0.00450	0.00491	0.00146	0.00622	0.00441	0.00260	0.00758
50	0.00599	0.00428	0.00570	0.00684	0.00713	0.00399	0.00456	0.00684	0.00941	0.01254	0.02709	0.82409	0.03250	0.01540	0.00627	0.00200	0.00285	0.01397	0.00456	0.00399
51	0.01767	0.01279	0.01367	0.01059	0.01423	0.01411	0.00872	0.69882	0.02175	0.02963	0.01225	0.01249	0.00881	0.00588	0.00476	0.00144	0.00508	0.00444	0.09491	0.00796
52	0.00857	0.00568	0.00784	0.00848	0.00976	0.00553	0.00723	0.01078	0.01188	0.06348	0.15760	0.06924	0.03051	0.01256	0.00649	0.00209	0.00408	0.56866	0.00477	0.00477
53	0.01335	0.75503	0.05005	0.00885	0.01305	0.06732	0.00879	0.01504	0.01024	0.01172	0.00694	0.00802	0.00631	0.00427	0.00328	0.00108	0.00554	0.00269	0.00213	0.00630
54	0.00741	0.00529	0.00734	0.00847	0.00938	0.00522	0.00704	0.00931	0.01081	0.01414	0.02630	0.25721	0.02939	0.01405	0.00665	0.00219	0.00409	0.56679	0.00453	0.00439
55	0.00712	0.00519	0.00772	0.00772	0.00851	0.00598	0.00592	0.00857	0.00778	0.01117	0.01296	0.01948	0.01225	0.06273	0.73283	0.05965	0.01233	0.00527	0.00261	0.00420
56	0.01361	0.75734	0.02468	0.00879	0.01285	0.09067	0.00851	0.01516	0.01034	0.01160	0.00690	0.00797	0.00631	0.00428	0.00327	0.00107	0.00558	0.00268	0.00214	0.00625
57	0.01208	0.00876	0.01018	0.00901	0.02865	0.00926	0.00690	0.18792	0.21017	0.07640	0.35260	0.02456	0.02671	0.00786	0.00532	0.00156	0.00362	0.00667	0.00518	0.00659
58	0.84430	0.00983	0.02374	0.00662	0.00975	0.01103	0.00559	0.01447	0.00841	0.02191	0.00688	0.00803	0.00534	0.00456	0.00308	0.00152	0.00387	0.00268	0.00302	0.00536
59	0.00700	0.00490	0.00603	0.00605	0.00640	0.00508	0.00391	0.00757	0.00765	0.01034	0.01724	0.04912	0.06417	0.54539	0.23349	0.00535	0.00683	0.00701	0.00302	0.00345
60	0.01128	0.01105	0.01748	0.32642	0.43663	0.04742	0.01409	0.01418	0.01063	0.01435	0.00885	0.01231	0.00719	0.00480	0.00537	0.00155	0.04305	0.00432	0.00233	0.00670
61	0.01384	0.24224	0.13664	0.01630	0.21175	0.17617	0.04382	0.07671	0.01226	0.01509	0.00841	0.01006	0.00688	0.00462	0.00432	0.00133	0.00657	0.00360	0.00251	0.00687
62	0.00584	0.00498	0.00502	0.00501	0.00666	0.00416	0.00376	0.00711	0.01127	0.01343	0.06805	0.04703	0.77628	0.01239	0.00581	0.00166	0.00248	0.01034	0.00458	0.00416
63	0.01199	0.01019	0.01074	0.00959	0.01232	0.01160	0.00748	0.07028	0.66228	0.02056	0.03523	0.02069	0.08096	0.00717	0.00508	0.00165	0.00384	0.00595	0.00497	0.00745
64	0.01836	0.02342	0.01393	0.01266	0.01519	0.80756	0.00950	0.01962	0.01393	0.01203	0.00760	0.00886	0.00633	0.00506	0.00443	0.00127	0.00886	0.00317	0.00253	0.00570
65	0.00584	0.00498	0.00502	0.00501	0.00666	0.00416	0.00376	0.00711	0.01127	0.01343	0.06809	0.04703	0.77624	0.01239	0.00581	0.00166	0.00248	0.01033	0.00458	0.00416
66	0.01314	0.83025	0.02575	0.00841	0.01261	0.01945	0.00841	0.01472	0.00999	0.01156	0.00683	0.00788	0.00631	0.00420	0.00315	0.00105	0.00526	0.00263	0.00210	0.00631
67	0.00650	0.00551	0.00569	0.00568	0.00733	0.00499	0.00424	0.00905	0.09329	0.01398	0.04458	0.11442	0.64319	0.01210	0.00576	0.00169	0.00267	0.01019	0.00461	0.00452
68	0.01868	0.01376	0.01475	0.01131	0.01524	0.01524	0.00934	0.78025	0.02311	0.03097	0.01180	0.01180	0.00836	0.00590	0.00492	0.00147	0.00541	0.00442	0.00492	0.00836
69	0.01412	0.03144	0.11065	0.00949	0.01396	0.00872	0.04022	0.05683	0.06276	0.23266	0.01257	0.01270	0.00904	0.00479	0.00436	0.00120	0.00458	0.00392	0.00388	0.36211
70	0.00687	0.00502	0.00645	0.00609	0.00729	0.00460	0.00457	0.00911	0.01370	0.01922	0.73755	0.03751	0.10317	0.01023	0.00580	0.00155	0.00233	0.00900	0.00535	0.00460
71	0.01416	0.00662	0.00888	0.00740	0.00982	0.00587	0.00587	0.01628	0.01398	0.39208	0.42438	0.02717	0.03005	0.00815	0.00539	0.00153	0.00321	0.00700	0.00573	0.00642
72	0.00618	0.00499	0.00550	0.00537	0.00687	0.00431	0.00403	0.00778	0.01208	0.01537	0.29222	0.04385	0.55090	0.01166	0.00580	0.00162	0.00243	0.00989	0.00484	0.00431
73	0.01187	0.08600	0.04604	0.10852	0.51623	0.03223	0.01384	0.01456	0.01059	0.01471	0.00862	0.01158	0.00729	0.00489	0.00589	0.00151	0.09204	0.00416	0.00234	0.00708
74	0.01187	0.01250	0.02468	0.02522	0.39358	0.01207	0.41435	0.01543	0.01140	0.01589	0.00961	0.01273	0.00761	0.00426	0.00535	0.00156	0.00712	0.00512	0.00246	0.00718
75	0.00792	0.00566	0.00792	0.00905	0.01018	0.00566	0.00792	0.01018	0.01131	0.01471	0.02602	0.05543	0.02828	0.01358	0.00679	0.00226	0.00453	0.76356	0.00453	0.00453
76	0.00832	0.00792	0.01404	0.04889	0.07661	0.00750	0.23388	0.01058	0.01075	0.01413	0.03924	0.27730	0.18577	0.00994	0.00587	0.00176	0.00482	0.03379	0.00369	0.00520
77	0.01137	0.22411	0.46201	0.05003	0.08082	0.01365	0.01473	0.06188	0.01110	0.01541	0.00853	0.01010	0.00651	0.00462	0.00433	0.00142	0.00650	0.00352	0.00229	0.00705
78	0.01110	0.00719	0.01076	0.00927	0.01151	0.00671	0.11402	0.01390	0.07332	0.19629	0.06902	0.26617	0.13563	0.01015	0.00573	0.00175	0.00400	0.04304	0.00470	0.00576
79	0.01695	0.02114	0.01306	0.01195	0.01424	0.70762	0.00893	0.01820	0.01314	0.01187	0.00839	0.01074	0.00732	0.04465	0.06927	0.00195	0.00902	0.00351	0.00256	0.00547
80	0.03149	0.00973	0.02696	0.24308	0.15698	0.00987	0.01070	0.07024	0.04037	0.31478	0.01379	0.02889	0.00977	0.00557	0.00490	0.00155	0.00524	0.00476	0.00406	0.00726

[dist]
# distance from previous block
# <min> <max>
0	3

[block]
# block no. 2 follows, 51 sequences, length 14
# corresponding to MSA columns:
# 476-489
name=unknown_C
#
# <colnr> <probs for GDERKNQSTAVLIFYWHMCP>
#	G	D	E	R	K	N	Q	S	T	A	V	L	I	F	Y	W	H	M	C	P
0	0.06332	0.09453	0.01201	0.00777	0.01187	0.00897	0.00643	0.08685	0.01162	0.05844	0.03460	0.01117	0.00868	0.00430	0.00381	0.00095	0.00397	0.00331	0.00327	0.56412
1	0.07205	0.32315	0.30659	0.01082	0.01582	0.03986	0.04065	0.05499	0.01091	0.01540	0.00857	0.00993	0.00677	0.00461	0.00395	0.00133	0.00593	0.00336	0.05872	0.00657
2	0.09653	0.00581	0.00736	0.00823	0.00945	0.00593	0.00694	0.01027	0.01070	0.01541	0.02356	0.14777	0.02549	0.01240	0.00613	0.00208	0.00410	0.54153	0.05576	0.00454
3	0.01154	0.01144	0.05521	0.02078	0.39743	0.01096	0.09664	0.01696	0.18439	0.03353	0.01500	0.06081	0.05116	0.00594	0.00512	0.00157	0.00537	0.00562	0.00330	0.00724
4	0.00771	0.00458	0.00589	0.00589	0.00592	0.00461	0.00363	0.00690	0.00687	0.00919	0.01254	0.02458	0.01381	0.46345	0.05337	0.35496	0.00489	0.00589	0.00262	0.00269
5	0.00753	0.00660	0.00755	0.04890	0.00971	0.07156	0.02964	0.00885	0.01016	0.01291	0.02697	0.44793	0.17433	0.01417	0.06190	0.00222	0.00434	0.01062	0.03976	0.00437
6	0.01199	0.01355	0.06550	0.01906	0.05558	0.01266	0.56735	0.06668	0.05897	0.01683	0.01039	0.01313	0.00787	0.00470	0.00617	0.00166	0.05290	0.00544	0.00276	0.00682
7	0.00781	0.00559	0.00777	0.00873	0.00987	0.00554	0.00756	0.01008	0.01160	0.01526	0.11087	0.05336	0.03028	0.01319	0.00668	0.00218	0.00428	0.68019	0.00462	0.00454
8	0.01314	0.83025	0.02575	0.00841	0.01261	0.01945	0.00841	0.01472	0.00999	0.01156	0.00683	0.00788	0.00631	0.00420	0.00315	0.00105	0.00526	0.00263	0.00210	0.00631
9	0.02205	0.00836	0.01140	0.00874	0.01254	0.00722	0.00722	0.02395	0.01407	0.80004	0.01939	0.01673	0.01216	0.00608	0.00494	0.00152	0.00418	0.00494	0.00608	0.00836
10	0.01188	0.00990	0.01039	0.00940	0.01200	0.01138	0.00730	0.02449	0.70187	0.02031	0.01956	0.01833	0.01474	0.00656	0.00483	0.00161	0.00371	0.00545	0.09886	0.00743
11	0.01666	0.11444	0.08236	0.03377	0.12179	0.03508	0.10518	0.06519	0.01299	0.34348	0.01332	0.01342	0.00922	0.00519	0.00477	0.00147	0.00558	0.00447	0.00404	0.00757
12	0.00792	0.00566	0.00792	0.00905	0.01018	0.00566	0.00792	0.01018	0.01131	0.01471	0.02602	0.05543	0.02828	0.01358	0.00679	0.00226	0.00453	0.76356	0.00453	0.00453
13	0.01625	0.01349	0.01294	0.01080	0.01406	0.12642	0.00859	0.31718	0.33009	0.07494	0.01502	0.01435	0.01100	0.00610	0.00488	0.00153	0.00521	0.00474	0.00469	0.00774

[dist]
# distance from previous block
# <min> <max>
0	1

[block]
# block no. 3 follows, 51 sequences, length 23
# corresponding to MSA columns:
# 491-513
name=unknown_D
#
# <colnr> <probs for GDERKNQSTAVLIFYWHMCP>
#	G	D	E	R	K	N	Q	S	T	A	V	L	I	F	Y	W	H	M	C	P
0	0.00711	0.00477	0.00547	0.00551	0.00555	0.00480	0.00315	0.00720	0.00724	0.00969	0.01573	0.05468	0.01806	0.77136	0.05646	0.00481	0.00505	0.00727	0.00301	0.00306
1	0.04690	0.19717	0.13740	0.00988	0.02674	0.01189	0.03010	0.09744	0.05413	0.02965	0.00940	0.01045	0.00745	0.00444	0.00398	0.00114	0.00495	0.00339	0.00297	0.31054
2	0.01441	0.63365	0.02287	0.00944	0.01324	0.21149	0.00867	0.01591	0.01095	0.01168	0.00702	0.00812	0.00631	0.00441	0.00346	0.00110	0.00613	0.00276	0.00221	0.00616
3	0.15067	0.13125	0.56636	0.01201	0.01816	0.01243	0.01473	0.01526	0.00999	0.01609	0.00823	0.00965	0.00609	0.00459	0.00420	0.00148	0.00642	0.00334	0.00224	0.00681
4	0.01444	0.01237	0.04708	0.01590	0.20510	0.01277	0.04321	0.37207	0.05732	0.02263	0.01147	0.01313	0.00888	0.00887	0.09203	0.00220	0.03041	0.00459	0.01801	0.00749
5	0.00714	0.00480	0.00556	0.00556	0.00562	0.00487	0.00322	0.00727	0.00720	0.00967	0.01530	0.03116	0.01743	0.76602	0.08570	0.00501	0.00542	0.00700	0.00295	0.00309
6	0.01773	0.01329	0.01421	0.01111	0.01488	0.01480	0.00911	0.66919	0.13571	0.02944	0.01301	0.01276	0.00934	0.00601	0.00493	0.00150	0.00518	0.00459	0.00493	0.00827
7	0.00882	0.00544	0.00717	0.00650	0.00799	0.00496	0.00496	0.01109	0.01393	0.11636	0.69810	0.03423	0.04213	0.00956	0.00569	0.00154	0.00255	0.00840	0.00549	0.00510
8	0.01384	0.00695	0.00885	0.00738	0.00990	0.00629	0.00587	0.06156	0.01409	0.34850	0.30028	0.02848	0.15017	0.00851	0.00538	0.00155	0.00332	0.00719	0.00553	0.00635
9	0.00606	0.00440	0.00558	0.00649	0.00692	0.00408	0.00433	0.00689	0.00944	0.01238	0.02892	0.66127	0.12567	0.08331	0.00779	0.00219	0.00297	0.01295	0.00443	0.00393
10	0.01314	0.83025	0.02575	0.00841	0.01261	0.01945	0.00841	0.01472	0.00999	0.01156	0.00683	0.00788	0.00631	0.00420	0.00315	0.00105	0.00526	0.00263	0.00210	0.00631
11	0.01216	0.01168	0.01995	0.03016	0.79664	0.01168	0.01508	0.01508	0.01119	0.01605	0.00924	0.01216	0.00778	0.00438	0.00487	0.00146	0.00584	0.00438	0.00243	0.00778
12	0.75797	0.00936	0.00774	0.00675	0.00988	0.01055	0.00556	0.01562	0.00907	0.11841	0.00840	0.00907	0.00617	0.00475	0.00328	0.00152	0.00385	0.00294	0.00342	0.00570
13	0.01222	0.01056	0.01111	0.01000	0.01278	0.01222	0.00778	0.02611	0.78776	0.02056	0.02000	0.01833	0.01500	0.00667	0.00500	0.00167	0.00389	0.00556	0.00500	0.00778
14	0.00599	0.00428	0.00570	0.00684	0.00713	0.00399	0.00456	0.00684	0.00941	0.01254	0.02709	0.82409	0.03250	0.01540	0.00627	0.00200	0.00285	0.01397	0.00456	0.00399
15	0.01314	0.83025	0.02575	0.00841	0.01261	0.01945	0.00841	0.01472	0.00999	0.01156	0.00683	0.00788	0.00631	0.00420	0.00315	0.00105	0.00526	0.00263	0.00210	0.00631
16	0.02205	0.00836	0.01140	0.00874	0.01254	0.00722	0.00722	0.02395	0.01407	0.80004	0.01939	0.01673	0.01216	0.00608	0.00494	0.00152	0.00418	0.00494	0.00608	0.00836
17	0.00631	0.00458	0.00600	0.00686	0.00746	0.00427	0.00489	0.00754	0.01032	0.01373	0.12375	0.57829	0.09377	0.01429	0.00624	0.00194	0.00295	0.09799	0.00466	0.00414
18	0.00712	0.00486	0.00590	0.00621	0.00646	0.00486	0.00406	0.00764	0.00810	0.01078	0.01845	0.13332	0.02106	0.56951	0.05135	0.00416	0.00483	0.12453	0.00340	0.00340
19	0.01146	0.00794	0.00932	0.00812	0.01035	0.00826	0.00634	0.10301	0.23224	0.10919	0.40076	0.02647	0.02940	0.00818	0.00538	0.00157	0.00332	0.00700	0.00531	0.00636
20	0.01318	0.67551	0.11275	0.00938	0.01380	0.08061	0.00960	0.01520	0.01034	0.01205	0.00712	0.00824	0.00630	0.00432	0.00343	0.00113	0.00577	0.00278	0.00213	0.00637
21	0.01299	0.50592	0.18629	0.01095	0.01564	0.11490	0.06397	0.01557	0.01067	0.01274	0.00756	0.00890	0.00637	0.00440	0.00381	0.00123	0.00633	0.00312	0.00218	0.00645
22	0.04965	0.03458	0.06085	0.01026	0.01386	0.01256	0.00874	0.30933	0.27311	0.12107	0.04405	0.01516	0.01214	0.00616	0.00484	0.00154	0.00468	0.00486	0.00478	0.00778

[dist]
# distance from previous block
# <min> <max>
1	3

[block]
# block no. 4 follows, 51 sequences, length 34
# corresponding to MSA columns:
# 517-550
name=unknown_E
#
# <colnr> <probs for GDERKNQSTAVLIFYWHMCP>
#	G	D	E	R	K	N	Q	S	T	A	V	L	I	F	Y	W	H	M	C	P
0	0.01057	0.00960	0.01356	0.12252	0.17814	0.03566	0.03167	0.08909	0.01183	0.01615	0.12626	0.10112	0.06376	0.00786	0.00734	0.00169	0.15752	0.00637	0.00338	0.00591
1	0.03252	0.02573	0.11962	0.01214	0.07744	0.00939	0.07677	0.03725	0.11403	0.26614	0.02779	0.12269	0.02679	0.00703	0.00532	0.00162	0.02023	0.00610	0.00431	0.00708
2	0.00948	0.00779	0.00878	0.00836	0.01033	0.00845	0.00654	0.01724	0.39208	0.01805	0.15982	0.06244	0.12328	0.01038	0.03581	0.00197	0.00382	0.10447	0.00485	0.00606
3	0.00765	0.00518	0.00676	0.00628	0.00757	0.00475	0.00474	0.00992	0.01386	0.05676	0.74095	0.03599	0.06100	0.00991	0.00576	0.00155	0.00241	0.00873	0.00542	0.00480
4	0.01019	0.06100	0.42367	0.19665	0.02333	0.03709	0.10928	0.01458	0.01053	0.01447	0.01075	0.01293	0.04403	0.00502	0.00483	0.00156	0.00695	0.00432	0.00229	0.00653
5	0.01234	0.01406	0.09603	0.22111	0.35156	0.13705	0.02686	0.02858	0.01143	0.02705	0.00933	0.02564	0.00758	0.00489	0.00483	0.00150	0.00659	0.00431	0.00249	0.00675
6	0.00702	0.00527	0.00790	0.00790	0.00878	0.00614	0.00614	0.00878	0.00790	0.01141	0.01316	0.01931	0.01229	0.03686	0.80782	0.00790	0.01316	0.00527	0.00263	0.00439
7	0.00720	0.00470	0.00546	0.00550	0.00552	0.00469	0.00315	0.00708	0.00719	0.00958	0.01545	0.06535	0.01779	0.72948	0.02375	0.07030	0.00464	0.00722	0.00298	0.00296
8	0.01647	0.01557	0.05646	0.01527	0.17732	0.22975	0.01060	0.22223	0.06466	0.10802	0.01167	0.02956	0.00895	0.00556	0.00480	0.00145	0.00625	0.00437	0.00373	0.00732
9	0.01031	0.02531	0.76013	0.01394	0.02095	0.05355	0.01770	0.01578	0.01056	0.01538	0.00875	0.01030	0.00623	0.00469	0.00466	0.00154	0.00735	0.00361	0.00210	0.00718
10	0.00604	0.00499	0.00530	0.00522	0.00678	0.00425	0.00392	0.00751	0.01176	0.01459	0.20218	0.04513	0.64142	0.01195	0.00581	0.00164	0.00245	0.01007	0.00474	0.00425
11	0.14132	0.04023	0.01173	0.04059	0.20552	0.05720	0.00839	0.02728	0.07646	0.03864	0.01638	0.22314	0.04548	0.00794	0.00486	0.00160	0.00445	0.00681	0.03604	0.00593
12	0.00928	0.00873	0.01474	0.81548	0.03385	0.01092	0.01365	0.01256	0.00983	0.01256	0.00873	0.01310	0.00655	0.00491	0.00491	0.00164	0.00655	0.00437	0.00218	0.00546
13	0.00977	0.00788	0.00885	0.00810	0.01010	0.00857	0.00622	0.01809	0.41518	0.02009	0.36194	0.02645	0.02877	0.00812	0.00529	0.00159	0.00313	0.00699	0.03859	0.00626
14	0.00699	0.00499	0.00685	0.00799	0.00871	0.00486	0.00630	0.00857	0.01040	0.01367	0.02653	0.42537	0.03031	0.01445	0.00654	0.00213	0.00372	0.40280	0.00454	0.00427
15	0.00984	0.00930	0.01574	0.66420	0.18079	0.01106	0.01392	0.01304	0.01009	0.01323	0.00883	0.01292	0.00679	0.00481	0.00490	0.00160	0.00641	0.00437	0.00223	0.00591
16	0.02453	0.02195	0.01857	0.01693	0.02015	0.35364	0.01213	0.08721	0.12743	0.06804	0.07318	0.05835	0.02102	0.01244	0.00887	0.00317	0.00934	0.00776	0.00687	0.04841
17	0.59144	0.00855	0.00772	0.00681	0.00962	0.00937	0.00556	0.01483	0.01007	0.12784	0.12749	0.01501	0.01316	0.00588	0.00383	0.00155	0.00365	0.02813	0.00386	0.00561
18	0.73349	0.00887	0.00732	0.00668	0.00939	0.01029	0.00545	0.01359	0.00829	0.02045	0.00779	0.00969	0.00637	0.00942	0.12401	0.00248	0.00521	0.00305	0.00298	0.00518
19	0.00972	0.00901	0.01419	0.69441	0.03068	0.01111	0.01277	0.01459	0.12676	0.01376	0.01043	0.01389	0.00782	0.00518	0.00493	0.00164	0.00615	0.00455	0.00261	0.00581
20	0.00782	0.00601	0.00813	0.00796	0.00903	0.00692	0.00607	0.01122	0.12505	0.01259	0.01442	0.02045	0.01326	0.11183	0.60840	0.00665	0.01092	0.00550	0.00302	0.00476
21	0.00842	0.00624	0.00742	0.00683	0.00836	0.00608	0.00517	0.12448	0.01422	0.01936	0.45442	0.12971	0.15613	0.02344	0.00603	0.00166	0.00291	0.00904	0.00506	0.00501
22	0.17011	0.00557	0.00528	0.00510	0.00663	0.00578	0.00392	0.01161	0.01031	0.01891	0.08643	0.01941	0.05155	0.00622	0.00369	0.00128	0.00259	0.00488	0.57602	0.00471
23	0.00601	0.00488	0.00532	0.00544	0.00682	0.00420	0.00399	0.00735	0.01134	0.01412	0.15717	0.16248	0.56869	0.01253	0.00588	0.00169	0.00252	0.01069	0.00469	0.00420
24	0.01611	0.01205	0.01306	0.01037	0.01374	0.01327	0.00844	0.56941	0.11801	0.02797	0.13041	0.01637	0.01491	0.00662	0.00506	0.00151	0.00475	0.00524	0.00500	0.00773
25	0.00633	0.00447	0.00585	0.00681	0.00713	0.00425	0.00462	0.00718	0.00924	0.01228	0.02525	0.63731	0.02993	0.13727	0.00913	0.00244	0.00329	0.07901	0.00432	0.00389
26	0.00657	0.00745	0.12537	0.00792	0.00925	0.00511	0.00661	0.00815	0.00955	0.01300	0.02434	0.70178	0.02855	0.01378	0.00603	0.00193	0.00351	0.01242	0.00419	0.00448
27	0.01147	0.01288	0.02690	0.01954	0.02376	0.01282	0.66334	0.01515	0.01099	0.01515	0.00942	0.01288	0.00731	0.00481	0.00735	0.00173	0.13004	0.00557	0.00244	0.00644
28	0.02085	0.02672	0.53197	0.02024	0.05208	0.01610	0.07805	0.02261	0.01690	0.09588	0.01953	0.02455	0.01620	0.01116	0.00892	0.00331	0.00987	0.00714	0.00587	0.01206
29	0.01096	0.01089	0.01579	0.01550	0.13071	0.01454	0.01140	0.01232	0.00808	0.01246	0.00687	0.01096	0.00665	0.00797	0.01443	0.00205	0.69618	0.00431	0.00219	0.00574
30	0.00583	0.00487	0.00509	0.00526	0.00671	0.00412	0.00386	0.00702	0.01093	0.01317	0.04637	0.16406	0.68009	0.01289	0.00588	0.00171	0.00254	0.01091	0.00456	0.00412
31	0.00596	0.00453	0.00550	0.00622	0.00698	0.00406	0.00430	0.00699	0.01013	0.01302	0.05984	0.54854	0.27766	0.01427	0.00611	0.00187	0.00272	0.01265	0.00459	0.00406
32	0.01394	0.05698	0.09206	0.15929	0.18810	0.12907	0.04134	0.13957	0.05876	0.05871	0.01035	0.01204	0.00786	0.00505	0.00476	0.00148	0.00634	0.00420	0.00310	0.00701
33	0.01082	0.01006	0.12729	0.01016	0.06742	0.03775	0.00810	0.03691	0.00985	0.12280	0.01342	0.02011	0.01224	0.25597	0.21740	0.00412	0.02166	0.00535	0.00318	0.00539

[dist]
# distance from previous block
# <min> <max>
0	7

[block]
# block no. 5 follows, 51 sequences, length 24
# corresponding to MSA columns:
# 558-581
name=unknown_F
#
# <colnr> <probs for GDERKNQSTAVLIFYWHMCP>
#	G	D	E	R	K	N	Q	S	T	A	V	L	I	F	Y	W	H	M	C	P
0	0.00632	0.00458	0.00596	0.00650	0.00717	0.00423	0.00454	0.00771	0.01109	0.01510	0.29753	0.50206	0.08226	0.01335	0.00608	0.00182	0.00264	0.01197	0.00486	0.00423
1	0.04120	0.25710	0.23182	0.07765	0.05805	0.07947	0.02920	0.09032	0.04787	0.01576	0.00887	0.01033	0.00698	0.00484	0.00446	0.00140	0.02173	0.00359	0.00260	0.00675
2	0.00838	0.00687	0.00936	0.05029	0.01001	0.00849	0.00671	0.00945	0.00775	0.01129	0.01186	0.02070	0.01214	0.28907	0.23384	0.00452	0.24725	0.00553	0.04223	0.00427
3	0.00693	0.00471	0.00558	0.00583	0.00598	0.00463	0.00355	0.00729	0.00807	0.01080	0.05444	0.19423	0.02253	0.59574	0.01967	0.00396	0.00425	0.03503	0.00347	0.00332
4	0.01413	0.01080	0.01234	0.00946	0.01388	0.00837	0.00725	0.01541	0.01239	0.08244	0.01259	0.01485	0.01050	0.00587	0.00507	0.00137	0.00473	0.00410	0.00418	0.75025
5	0.01407	0.01085	0.07292	0.16025	0.20565	0.01024	0.01136	0.07612	0.03833	0.22165	0.01441	0.01691	0.03585	0.00608	0.00554	0.00160	0.04317	0.04411	0.00376	0.00712
6	0.01546	0.01676	0.07763	0.01203	0.01432	0.35277	0.01007	0.01715	0.01150	0.13036	0.00939	0.01121	0.00751	0.00770	0.04535	0.00190	0.24602	0.00390	0.00292	0.00607
7	0.06922	0.04930	0.07471	0.01388	0.01675	0.39589	0.01116	0.10097	0.01474	0.03149	0.01111	0.01387	0.00947	0.00768	0.00777	0.00204	0.15398	0.00453	0.00379	0.00763
8	0.00770	0.00469	0.00523	0.00523	0.00550	0.00469	0.00315	0.00813	0.00786	0.01157	0.01525	0.02797	0.01613	0.58948	0.01957	0.04813	0.00415	0.00639	0.20585	0.00332
9	0.00754	0.00545	0.00743	0.00842	0.00951	0.00535	0.00716	0.00959	0.01121	0.01456	0.05381	0.12549	0.09156	0.01353	0.00663	0.00216	0.00413	0.60746	0.00456	0.00445
10	0.00630	0.00447	0.00585	0.00668	0.00707	0.00422	0.00452	0.00729	0.00974	0.01310	0.11337	0.61417	0.03226	0.10695	0.00837	0.00227	0.00307	0.04184	0.00448	0.00397
11	0.00928	0.00873	0.01474	0.81548	0.03385	0.01092	0.01365	0.01256	0.00983	0.01256	0.00873	0.01310	0.00655	0.00491	0.00491	0.00164	0.00655	0.00437	0.00218	0.00546
12	0.00684	0.00513	0.00575	0.00552	0.00710	0.00443	0.00416	0.00845	0.01218	0.04749	0.28575	0.04267	0.52417	0.01142	0.00577	0.00162	0.00250	0.00968	0.00490	0.00448
13	0.00775	0.00651	0.00699	0.00657	0.00790	0.06983	0.00493	0.00986	0.01361	0.01836	0.64612	0.03564	0.12758	0.00991	0.00569	0.00154	0.00287	0.00859	0.00508	0.00467
14	0.01001	0.00978	0.01545	0.43913	0.02454	0.01275	0.04351	0.01237	0.00891	0.01237	0.00780	0.01210	0.00654	0.00646	0.00976	0.00186	0.35460	0.00440	0.00218	0.00547
15	0.00916	0.00458	0.00458	0.00458	0.00573	0.00458	0.00344	0.01145	0.01031	0.01832	0.01603	0.01832	0.01260	0.00573	0.00344	0.00115	0.00229	0.00458	0.85457	0.00458
16	0.00985	0.00738	0.00958	0.07381	0.01194	0.00735	0.00676	0.03502	0.02479	0.08396	0.07555	0.24902	0.05874	0.00899	0.00645	0.00156	0.10157	0.00748	0.00389	0.21633
17	0.16820	0.35246	0.33726	0.01032	0.01555	0.01463	0.01180	0.01501	0.00984	0.01512	0.00764	0.00891	0.00609	0.00446	0.00375	0.00134	0.00580	0.00304	0.00226	0.00651
18	0.01845	0.00757	0.01025	0.00813	0.01131	0.00661	0.00661	0.02045	0.01403	0.61410	0.20397	0.02149	0.02031	0.00703	0.00515	0.00153	0.00374	0.00588	0.00592	0.00748
19	0.20662	0.13546	0.47733	0.01175	0.01751	0.01250	0.04474	0.01519	0.00991	0.01650	0.00813	0.00959	0.00608	0.00456	0.00412	0.00148	0.00622	0.00335	0.00232	0.00665
20	0.03966	0.01242	0.08486	0.18886	0.15608	0.04965	0.21045	0.06596	0.01164	0.01586	0.01140	0.07984	0.01000	0.00585	0.00521	0.00163	0.00650	0.03495	0.00281	0.00636
21	0.14413	0.01005	0.01367	0.05947	0.24894	0.02970	0.00976	0.03609	0.01231	0.36735	0.01340	0.01354	0.00928	0.00525	0.00462	0.00150	0.00490	0.00434	0.00420	0.00751
22	0.01591	0.04467	0.01437	0.04011	0.03506	0.40187	0.02613	0.11916	0.18401	0.01654	0.01092	0.01170	0.00857	0.00562	0.00518	0.00144	0.04482	0.00402	0.00334	0.00657
23	0.08544	0.01134	0.01745	0.08205	0.16230	0.02705	0.18647	0.12283	0.03922	0.19852	0.01217	0.01328	0.00870	0.00507	0.00495	0.00154	0.00584	0.00471	0.00374	0.00729

[dist]
# distance from previous block
# <min> <max>
1	7

[block]
# block no. 6 follows, 51 sequences, length 30
# corresponding to MSA columns:
# 589-618
name=unknown_G
#
# <colnr> <probs for GDERKNQSTAVLIFYWHMCP>
#	G	D	E	R	K	N	Q	S	T	A	V	L	I	F	Y	W	H	M	C	P
0	0.03153	0.62858	0.18482	0.00958	0.01438	0.01751	0.01037	0.03149	0.01031	0.01304	0.00735	0.00848	0.00631	0.00434	0.00350	0.00117	0.00564	0.00287	0.00218	0.00653
1	0.35725	0.01030	0.01045	0.00990	0.07685	0.06093	0.00723	0.08710	0.03160	0.20848	0.08396	0.01376	0.01157	0.00563	0.00422	0.00150	0.00440	0.00420	0.00413	0.00656
2	0.02685	0.00852	0.01006	0.00903	0.01118	0.00900	0.03478	0.22011	0.14144	0.01971	0.05724	0.25157	0.09846	0.01010	0.00559	0.00175	0.00400	0.06994	0.00466	0.00600
3	0.01674	0.01179	0.01319	0.01100	0.03578	0.01291	0.00867	0.40394	0.24165	0.13743	0.01577	0.01503	0.02504	0.00627	0.00517	0.00155	0.02011	0.00493	0.00498	0.00804
4	0.00705	0.00503	0.00692	0.00806	0.00881	0.00491	0.00641	0.00868	0.01045	0.01373	0.02650	0.40176	0.03018	0.01440	0.00656	0.00214	0.00377	0.42582	0.00454	0.00428
5	0.00944	0.00788	0.00935	0.00703	0.01065	0.00611	0.00555	0.01166	0.01105	0.01687	0.19047	0.01633	0.01633	0.00512	0.00414	0.00092	0.00333	0.00429	0.00349	0.66000
6	0.00684	0.00502	0.00641	0.00606	0.00727	0.00459	0.00455	0.00905	0.01364	0.01906	0.71933	0.03777	0.12149	0.01029	0.00580	0.00156	0.00234	0.00904	0.00532	0.00459
7	0.00715	0.00476	0.00536	0.00536	0.00536	0.00476	0.00298	0.00715	0.00715	0.00953	0.01548	0.03216	0.01787	0.82729	0.02501	0.00476	0.00476	0.00715	0.00298	0.00298
8	0.01138	0.00606	0.00786	0.00718	0.00907	0.00549	0.00556	0.01341	0.02913	0.25163	0.26314	0.15643	0.12290	0.02622	0.00605	0.00174	0.00322	0.06266	0.00526	0.00562
9	0.00649	0.00498	0.00589	0.00570	0.00700	0.00443	0.00423	0.00828	0.01254	0.01671	0.46094	0.05908	0.33811	0.03615	0.00640	0.00170	0.00247	0.00953	0.00498	0.00438
10	0.00662	0.00499	0.00613	0.00589	0.00715	0.00449	0.00440	0.00861	0.01305	0.01779	0.57458	0.06570	0.24086	0.01085	0.00582	0.00159	0.00238	0.00944	0.00516	0.00449
11	0.02083	0.00811	0.01106	0.00866	0.01224	0.00705	0.00715	0.02276	0.01394	0.73454	0.04987	0.01923	0.01422	0.00657	0.00506	0.00155	0.00412	0.03900	0.00599	0.00805
12	0.01222	0.01056	0.01111	0.01000	0.01278	0.01222	0.00778	0.02611	0.78776	0.02056	0.02000	0.01833	0.01500	0.00667	0.00500	0.00167	0.00389	0.00556	0.00500	0.00778
13	0.01216	0.01168	0.01995	0.03016	0.79664	0.01168	0.01508	0.01508	0.01119	0.01605	0.00924	0.01216	0.00778	0.00438	0.00487	0.00146	0.00584	0.00438	0.00243	0.00778
14	0.00694	0.00468	0.00542	0.00562	0.00567	0.00463	0.00326	0.00709	0.00755	0.01007	0.01755	0.17328	0.02047	0.68261	0.02167	0.00427	0.00442	0.00836	0.00326	0.00316
15	0.01239	0.01154	0.01914	0.06196	0.63889	0.01173	0.04207	0.07881	0.01215	0.01708	0.01012	0.01391	0.00857	0.00488	0.00498	0.00151	0.00587	0.03413	0.00271	0.00756
16	0.01698	0.01329	0.01379	0.01419	0.17333	0.18727	0.00945	0.19515	0.02739	0.19613	0.01261	0.01309	0.00918	0.00544	0.00466	0.00141	0.00565	0.00429	0.08944	0.00726
17	0.00617	0.00447	0.00587	0.00693	0.00740	0.00417	0.00484	0.00719	0.00973	0.01282	0.02865	0.68948	0.08837	0.01500	0.00629	0.00200	0.00299	0.08902	0.00456	0.00406
18	0.01019	0.00873	0.01019	0.00728	0.01165	0.00655	0.00582	0.01237	0.01019	0.01601	0.00873	0.01019	0.00728	0.00364	0.00364	0.00073	0.00364	0.00291	0.00291	0.85734
19	0.00990	0.00809	0.00919	0.00990	0.03843	0.07397	0.00782	0.01377	0.13420	0.04382	0.02368	0.10517	0.05255	0.01128	0.00609	0.00198	0.00461	0.43577	0.00442	0.00533
20	0.01031	0.00883	0.01259	0.21271	0.14563	0.00830	0.00923	0.01281	0.01049	0.03914	0.04080	0.05431	0.01015	0.00501	0.00442	0.00120	0.00465	0.00438	0.00293	0.40212
21	0.00614	0.00494	0.00547	0.00544	0.00687	0.00427	0.00404	0.00766	0.01184	0.01503	0.25670	0.09576	0.53464	0.01197	0.00584	0.00165	0.00247	0.01019	0.00480	0.00427
22	0.00615	0.00437	0.00577	0.00674	0.00702	0.00417	0.00447	0.00696	0.00911	0.01218	0.02527	0.70670	0.03009	0.09942	0.04442	0.00255	0.00351	0.01288	0.00431	0.00391
23	0.00986	0.02542	0.80183	0.01401	0.02127	0.01141	0.01816	0.01556	0.01038	0.01556	0.00882	0.01038	0.00623	0.00467	0.00467	0.00156	0.00726	0.00363	0.00208	0.00726
24	0.00674	0.00471	0.00560	0.00580	0.00619	0.00452	0.00367	0.00742	0.00909	0.01217	0.14723	0.21240	0.09088	0.44374	0.01607	0.00336	0.00375	0.00923	0.00386	0.00357
25	0.35299	0.00954	0.00895	0.00753	0.01034	0.01063	0.00612	0.26339	0.01370	0.02394	0.01098	0.01206	0.00831	0.00532	0.00376	0.00140	0.00391	0.00376	0.23725	0.00611
26	0.00754	0.00635	0.00694	0.00749	0.00802	0.07197	0.00524	0.00847	0.00953	0.01225	0.03691	0.50368	0.03868	0.12914	0.05082	0.00264	0.03612	0.05013	0.00399	0.00411
27	0.30756	0.11047	0.01207	0.00833	0.01183	0.01141	0.00701	0.10339	0.09028	0.27324	0.01277	0.01226	0.00896	0.00537	0.00407	0.00147	0.00429	0.00388	0.00431	0.00701
28	0.38514	0.01379	0.01151	0.01120	0.08509	0.20665	0.00811	0.16219	0.01291	0.02049	0.00887	0.01099	0.00719	0.00524	0.00404	0.00147	0.00556	0.03010	0.00327	0.00620
29	0.01318	0.54500	0.19057	0.01014	0.01483	0.09140	0.01064	0.05009	0.01103	0.01334	0.00756	0.00869	0.00638	0.00446	0.00368	0.00120	0.00603	0.00297	0.00226	0.00655

[dist]
# distance from previous block
# <min> <max>
0	2

[block]
# block no. 7 follows, 51 sequences, length 34
# corresponding to MSA columns:
# 621-654
name=unknown_H
#
# <colnr> <probs for GDERKNQSTAVLIFYWHMCP>
#	G	D	E	R	K	N	Q	S	T	A	V	L	I	F	Y	W	H	M	C	P
0	0.01337	0.01154	0.03852	0.02258	0.44925	0.01148	0.09613	0.01674	0.05366	0.13245	0.01110	0.01310	0.00861	0.00519	0.00619	0.00158	0.09330	0.00465	0.00308	0.00747
1	0.00677	0.00526	0.00633	0.00684	0.00822	0.00482	0.00561	0.00849	0.01130	0.01408	0.06137	0.06589	0.42074	0.01293	0.00625	0.00193	0.00338	0.34089	0.00457	0.00433
2	0.01103	0.01732	0.29431	0.01790	0.02355	0.01207	0.48041	0.01617	0.04784	0.01591	0.01003	0.01250	0.00739	0.00444	0.00537	0.00162	0.00773	0.00504	0.00246	0.00690
3	0.00928	0.00873	0.01474	0.81548	0.03385	0.01092	0.01365	0.01256	0.00983	0.01256	0.00873	0.01310	0.00655	0.00491	0.00491	0.00164	0.00655	0.00437	0.00218	0.00546
4	0.00667	0.00468	0.00582	0.00609	0.00656	0.00445	0.00401	0.00766	0.00998	0.01360	0.24805	0.30022	0.04795	0.29729	0.01267	0.00282	0.00336	0.01002	0.00426	0.00383
5	0.02433	0.05075	0.06142	0.01437	0.04566	0.09242	0.24815	0.09446	0.19174	0.02928	0.01193	0.01310	0.00908	0.00511	0.00514	0.00150	0.02079	0.00472	0.00336	0.07269
6	0.01376	0.09701	0.04011	0.10333	0.05926	0.09979	0.03096	0.15711	0.14138	0.06258	0.01319	0.02747	0.02528	0.00583	0.00493	0.00147	0.02798	0.00461	0.07719	0.00674
7	0.01444	0.01070	0.12575	0.00890	0.01272	0.00804	0.00816	0.05404	0.08218	0.29955	0.11122	0.01791	0.03386	0.00614	0.00475	0.00140	0.00422	0.00505	0.04479	0.14619
8	0.05905	0.07762	0.30606	0.04417	0.04487	0.05765	0.03593	0.16530	0.03322	0.03936	0.01131	0.06966	0.00937	0.00589	0.00472	0.00153	0.00607	0.01819	0.00315	0.00690
9	0.01154	0.17521	0.52931	0.01197	0.01795	0.01213	0.01443	0.01589	0.01088	0.09418	0.05450	0.01205	0.00914	0.00503	0.00447	0.00146	0.00629	0.00387	0.00268	0.00704
10	0.00610	0.00442	0.00577	0.00670	0.00718	0.00409	0.00459	0.00713	0.00994	0.01321	0.08815	0.68563	0.09109	0.01471	0.00621	0.00194	0.00282	0.03162	0.00463	0.00407
11	0.01118	0.01001	0.02392	0.01100	0.05523	0.08583	0.08971	0.04927	0.15805	0.06548	0.09864	0.06794	0.15909	0.00854	0.00548	0.00166	0.00469	0.08399	0.00426	0.00602
12	0.01740	0.08529	0.04956	0.01122	0.01426	0.47288	0.00905	0.03931	0.03236	0.15963	0.01128	0.05594	0.00913	0.00580	0.00456	0.00136	0.00708	0.00417	0.00337	0.00634
13	0.06400	0.00980	0.01191	0.00923	0.01291	0.00958	0.00761	0.23830	0.01634	0.50359	0.05317	0.01581	0.01234	0.00614	0.00488	0.00151	0.00442	0.00486	0.00556	0.00803
14	0.00669	0.00501	0.00620	0.00590	0.00718	0.00452	0.00443	0.00876	0.01328	0.01821	0.62081	0.03917	0.22054	0.01061	0.00580	0.00157	0.00236	0.00923	0.00521	0.00452
15	0.01544	0.00941	0.02562	0.06300	0.04381	0.00935	0.00809	0.18293	0.10042	0.28570	0.04769	0.14422	0.02690	0.00766	0.00519	0.00161	0.00438	0.00647	0.00495	0.00717
