[name]
unknown

[dist]
# distance from previous block
# <min> <max>
7	76

[block]
# block no. 0 follows, 49 sequences, length 11
# corresponding to MSA columns:
# 105-115
name=unknown_A
#
# <colnr> <probs for GDERKNQSTAVLIFYWHMCP>
#	G	D	E	R	K	N	Q	S	T	A	V	L	I	F	Y	W	H	M	C	P
0	0.08197	0.06480	0.08255	0.11201	0.01581	0.01024	0.03687	0.04092	0.02987	0.15999	0.03777	0.06953	0.06409	0.00740	0.01858	0.00170	0.08185	0.00546	0.00371	0.07489
1	0.04005	0.07291	0.10868	0.01131	0.08643	0.08492	0.02713	0.03942	0.03348	0.10019	0.17745	0.03696	0.11088	0.02422	0.00553	0.00159	0.00489	0.00614	0.00398	0.02385
2	0.00974	0.07912	0.24196	0.08599	0.01610	0.00934	0.02451	0.02762	0.01102	0.02782	0.05274	0.09062	0.08923	0.03155	0.00562	0.00162	0.00522	0.04477	0.00322	0.14221
3	0.00846	0.02582	0.00776	0.00695	0.00838	0.00618	0.00525	0.02631	0.08588	0.04076	0.44382	0.06377	0.09545	0.10443	0.00814	0.00204	0.00317	0.04737	0.00502	0.00504
4	0.01453	0.23095	0.12853	0.01074	0.01498	0.01517	0.01012	0.27703	0.17474	0.02158	0.04450	0.01332	0.01077	0.00577	0.00459	0.00146	0.00534	0.00438	0.00391	0.00759
5	0.01078	0.01060	0.01717	0.28324	0.06246	0.01316	0.11026	0.03151	0.00973	0.01367	0.00887	0.03869	0.00780	0.00692	0.01013	0.00191	0.34981	0.00498	0.00243	0.00588
6	0.00670	0.00466	0.00567	0.00625	0.00647	0.00448	0.00390	0.00719	0.00868	0.01150	0.02333	0.42312	0.05817	0.38876	0.01535	0.00336	0.00383	0.01097	0.00394	0.00363
7	0.00943	0.00471	0.00471	0.00471	0.00589	0.00471	0.00353	0.01178	0.01060	0.01885	0.01650	0.01885	0.01296	0.00589	0.00353	0.00118	0.00236	0.00471	0.85036	0.00471
8	0.01146	0.05277	0.01213	0.01028	0.01189	0.14283	0.00819	0.06529	0.08380	0.01419	0.01167	0.01537	0.01029	0.02075	0.36646	0.00458	0.14474	0.00472	0.00297	0.00562
9	0.00850	0.00659	0.00751	0.00629	0.00829	0.00559	0.00434	0.00955	0.00903	0.01290	0.01645	0.02532	0.08716	0.41040	0.01486	0.00290	0.00421	0.00589	0.00319	0.35103
10	0.01319	0.15602	0.34905	0.01538	0.14448	0.08819	0.01406	0.04239	0.04896	0.06773	0.01006	0.01128	0.00761	0.00495	0.00459	0.00147	0.00660	0.00386	0.00276	0.00738

[dist]
# distance from previous block
# <min> <max>
0	17

[block]
# block no. 1 follows, 49 sequences, length 16
# corresponding to MSA columns:
# 133-148
name=unknown_B
#
# <colnr> <probs for GDERKNQSTAVLIFYWHMCP>
#	G	D	E	R	K	N	Q	S	T	A	V	L	I	F	Y	W	H	M	C	P
0	0.06524	0.02359	0.02494	0.01027	0.01341	0.01139	0.06438	0.19690	0.27750	0.06344	0.02104	0.07719	0.11337	0.00766	0.00522	0.00166	0.00453	0.00643	0.00468	0.00714
1	0.01256	0.21011	0.07036	0.01157	0.05236	0.01371	0.02404	0.13828	0.01243	0.04146	0.07879	0.06397	0.01307	0.02022	0.02906	0.00185	0.18105	0.01538	0.00332	0.00642
2	0.01078	0.06092	0.03181	0.12179	0.21058	0.01036	0.06189	0.05066	0.07477	0.01624	0.05853	0.07838	0.06096	0.05070	0.00621	0.00171	0.00518	0.00599	0.00333	0.07921
3	0.01593	0.19247	0.11207	0.01128	0.01480	0.37115	0.00989	0.06407	0.01300	0.06265	0.00953	0.01185	0.00802	0.07533	0.00619	0.00163	0.00724	0.00374	0.00287	0.00629
4	0.12154	0.22247	0.01585	0.07834	0.01496	0.01474	0.00864	0.18702	0.23092	0.02046	0.01314	0.01342	0.02672	0.00573	0.00439	0.00148	0.00491	0.00430	0.00384	0.00713
5	0.06392	0.24404	0.17524	0.37217	0.02445	0.01383	0.01291	0.01430	0.01018	0.01386	0.00833	0.01106	0.00652	0.00478	0.00437	0.00149	0.00633	0.00372	0.00226	0.00623
6	0.14303	0.08335	0.01849	0.14207	0.22658	0.07585	0.14580	0.01527	0.02463	0.01597	0.00971	0.04419	0.00824	0.00520	0.00498	0.00156	0.02122	0.00465	0.00268	0.00653
7	0.01272	0.00900	0.01038	0.00882	0.01102	0.00974	0.00685	0.32208	0.01494	0.05356	0.01697	0.02172	0.07884	0.17874	0.21746	0.00394	0.00720	0.00589	0.00407	0.00605
8	0.00943	0.00471	0.00471	0.00471	0.00589	0.00471	0.00353	0.01178	0.01060	0.01885	0.01650	0.01885	0.01296	0.00589	0.00353	0.00118	0.00236	0.00471	0.85036	0.00471
9	0.04316	0.25751	0.37060	0.03829	0.01750	0.10492	0.01305	0.01549	0.01094	0.01437	0.01115	0.01236	0.06016	0.00527	0.00435	0.00142	0.00656	0.00384	0.00241	0.00664
10	0.00943	0.00471	0.00471	0.00471	0.00589	0.00471	0.00353	0.01178	0.01060	0.01885	0.01650	0.01885	0.01296	0.00589	0.00353	0.00118	0.00236	0.00471	0.85036	0.00471
11	0.01471	0.33457	0.08553	0.01021	0.01418	0.13525	0.00941	0.21272	0.01458	0.01772	0.01346	0.01394	0.09201	0.00588	0.00435	0.00134	0.00588	0.00422	0.00326	0.00679
12	0.01220	0.01381	0.06374	0.00976	0.01211	0.27522	0.00794	0.05057	0.06655	0.01684	0.27631	0.02281	0.06403	0.01030	0.07376	0.00207	0.00623	0.00610	0.00399	0.00568
13	0.02317	0.04029	0.26321	0.02566	0.01441	0.01036	0.01098	0.01348	0.05844	0.01654	0.22747	0.02075	0.06080	0.00767	0.00747	0.00170	0.16636	0.00582	0.00346	0.02194
14	0.04021	0.07070	0.01446	0.01110	0.01459	0.26671	0.00887	0.28291	0.10841	0.02096	0.01091	0.01140	0.00839	0.00547	0.00458	0.00136	0.00625	0.00392	0.00380	0.10500
15	0.07695	0.10239	0.01472	0.01020	0.01407	0.04732	0.00853	0.35846	0.04737	0.24944	0.01363	0.01303	0.00946	0.00583	0.00471	0.00148	0.00516	0.00437	0.00485	0.00801

[dist]
# distance from previous block
# <min> <max>
5	9

[block]
# block no. 2 follows, 49 sequences, length 6
# corresponding to MSA columns:
# 159-164
name=unknown_C
#
# <colnr> <probs for GDERKNQSTAVLIFYWHMCP>
#	G	D	E	R	K	N	Q	S	T	A	V	L	I	F	Y	W	H	M	C	P
0	0.00618	0.00513	0.00540	0.00534	0.00695	0.00436	0.00400	0.00765	0.01200	0.01480	0.17785	0.04679	0.66136	0.01238	0.00597	0.00169	0.00253	0.01041	0.00485	0.00436
1	0.01359	0.48372	0.01985	0.00904	0.01259	0.15701	0.00809	0.06821	0.01217	0.01369	0.01513	0.01554	0.14106	0.00606	0.00408	0.00126	0.00559	0.00430	0.00288	0.00614
2	0.00943	0.00471	0.00471	0.00471	0.00589	0.00471	0.00353	0.01178	0.01060	0.01885	0.01650	0.01885	0.01296	0.00589	0.00353	0.00118	0.00236	0.00471	0.85036	0.00471
3	0.01322	0.01292	0.08354	0.22687	0.06333	0.01313	0.08776	0.22263	0.14658	0.02023	0.01188	0.01364	0.00887	0.00570	0.00572	0.00166	0.04674	0.00480	0.00354	0.00724
4	0.01020	0.08315	0.01346	0.13644	0.08771	0.07377	0.00944	0.01202	0.00964	0.01266	0.01226	0.08823	0.01218	0.06215	0.17773	0.00330	0.14620	0.04134	0.00276	0.00536
5	0.01304	0.01232	0.01760	0.08465	0.36014	0.04833	0.01302	0.11800	0.01208	0.01686	0.00890	0.01196	0.00752	0.00608	0.00843	0.00172	0.24509	0.00443	0.00275	0.00707

[dist]
# distance from previous block
# <min> <max>
8	15

[block]
# block no. 3 follows, 49 sequences, length 18
# corresponding to MSA columns:
# 184-201
name=unknown_D
#
# <colnr> <probs for GDERKNQSTAVLIFYWHMCP>
#	G	D	E	R	K	N	Q	S	T	A	V	L	I	F	Y	W	H	M	C	P
0	0.01068	0.07899	0.54619	0.01378	0.02000	0.01156	0.09845	0.01546	0.01089	0.04073	0.02234	0.06589	0.00922	0.00556	0.00493	0.00158	0.00686	0.00473	0.00256	0.02961
1	0.00989	0.00968	0.04036	0.01526	0.12855	0.00890	0.24186	0.01341	0.05195	0.02824	0.18568	0.13340	0.04713	0.00828	0.00587	0.00173	0.00528	0.05458	0.00388	0.00606
2	0.00621	0.00449	0.00588	0.00697	0.00739	0.00417	0.00473	0.00716	0.00987	0.01303	0.02951	0.74204	0.08719	0.01557	0.00644	0.00204	0.00296	0.03554	0.00469	0.00413
3	0.01049	0.00899	0.01049	0.00749	0.01198	0.00674	0.00599	0.01273	0.01049	0.01648	0.00899	0.01049	0.00749	0.00374	0.00374	0.00075	0.00374	0.00300	0.00300	0.85320
4	0.00939	0.00921	0.01429	0.01192	0.01422	0.06428	0.24094	0.01218	0.05312	0.01475	0.05469	0.37058	0.04802	0.02271	0.00627	0.00184	0.00517	0.00969	0.00387	0.03285
5	0.23439	0.01068	0.00934	0.00870	0.01065	0.17089	0.00672	0.03208	0.01006	0.03975	0.01097	0.01514	0.00975	0.06898	0.33586	0.00443	0.00908	0.00436	0.00299	0.00518
6	0.01166	0.00906	0.00981	0.00878	0.01136	0.00981	0.00684	0.04396	0.46722	0.07837	0.09781	0.02655	0.18055	0.00836	0.00539	0.00168	0.00362	0.00699	0.00517	0.00698
7	0.01086	0.33066	0.07131	0.00831	0.01144	0.08725	0.00765	0.01309	0.02532	0.01470	0.19996	0.02317	0.16295	0.00750	0.00467	0.00139	0.00464	0.00589	0.00353	0.00570
8	0.01188	0.01004	0.01292	0.33148	0.02160	0.01162	0.01026	0.17007	0.22145	0.01906	0.01751	0.03696	0.08994	0.00679	0.00521	0.00167	0.00525	0.00570	0.00391	0.00669
9	0.00706	0.00465	0.00621	0.00711	0.00763	0.00431	0.00484	0.00806	0.01013	0.05373	0.06037	0.74361	0.03298	0.01511	0.00636	0.00201	0.00298	0.01367	0.00481	0.00437
10	0.01229	0.58646	0.04321	0.05291	0.01396	0.01747	0.00915	0.01403	0.01004	0.01224	0.01063	0.01207	0.06832	0.00565	0.00538	0.00133	0.11265	0.00369	0.00237	0.00617
11	0.00672	0.00463	0.00615	0.00712	0.00758	0.00433	0.00489	0.00776	0.01007	0.03071	0.06878	0.69427	0.03306	0.04060	0.00703	0.00212	0.00309	0.05215	0.00472	0.00424
12	0.01868	0.01496	0.01458	0.01159	0.01533	0.11957	0.00940	0.57383	0.09411	0.05773	0.01267	0.01257	0.00912	0.00604	0.00500	0.00151	0.00584	0.00451	0.00479	0.00818
13	0.00871	0.00582	0.00889	0.04826	0.00976	0.00654	0.02941	0.00832	0.00745	0.01030	0.01027	0.03059	0.01010	0.05592	0.18161	0.46886	0.08842	0.00497	0.00240	0.00340
14	0.01742	0.02174	0.01634	0.04335	0.01770	0.64331	0.11177	0.01960	0.03734	0.01318	0.00857	0.01018	0.00695	0.00513	0.00478	0.00138	0.00880	0.00374	0.00266	0.00605
15	0.07069	0.07007	0.03916	0.01344	0.11666	0.06191	0.04246	0.10436	0.03933	0.29077	0.01313	0.01338	0.00934	0.00585	0.00596	0.00158	0.08569	0.00447	0.00418	0.00757
16	0.00667	0.00466	0.00594	0.00673	0.00702	0.00447	0.00445	0.00744	0.00929	0.01241	0.04976	0.51656	0.02930	0.24799	0.01203	0.00288	0.00360	0.06068	0.00425	0.00386
17	0.01288	0.19463	0.14507	0.04538	0.01557	0.07271	0.02479	0.09338	0.20759	0.02872	0.05337	0.05951	0.01273	0.00631	0.00474	0.00151	0.00549	0.00503	0.00362	0.00697

[dist]
# distance from previous block
# <min> <max>
0	1

[block]
# block no. 4 follows, 49 sequences, length 90
# corresponding to MSA columns:
# 203-207,209-293
name=unknown_E
#
# <colnr> <probs for GDERKNQSTAVLIFYWHMCP>
#	G	D	E	R	K	N	Q	S	T	A	V	L	I	F	Y	W	H	M	C	P
0	0.01280	0.04610	0.17795	0.08782	0.03969	0.01059	0.02178	0.14639	0.04607	0.11508	0.07810	0.09285	0.01538	0.02260	0.00589	0.00173	0.02242	0.04597	0.00398	0.00681
1	0.00901	0.00575	0.00733	0.00667	0.00834	0.00521	0.00511	0.01140	0.02560	0.10989	0.56946	0.03608	0.12753	0.01001	0.00582	0.00160	0.00273	0.02253	0.00547	0.02447
2	0.01049	0.00899	0.01049	0.00749	0.01198	0.00674	0.00599	0.01273	0.01049	0.01648	0.00899	0.01049	0.00749	0.00374	0.00374	0.00075	0.00374	0.00300	0.00300	0.85320
3	0.01049	0.04078	0.03870	0.14903	0.05749	0.04447	0.05834	0.02537	0.07954	0.05162	0.10733	0.04523	0.14939	0.00845	0.00657	0.03646	0.04531	0.03592	0.00373	0.00577
4	0.00667	0.00466	0.00568	0.00628	0.00652	0.00446	0.00395	0.00719	0.00878	0.01161	0.02397	0.43887	0.06731	0.36349	0.01475	0.00326	0.00376	0.01115	0.00399	0.00367
5	0.01605	0.01136	0.01210	0.02686	0.01328	0.08929	0.00806	0.25223	0.06670	0.19243	0.16467	0.01969	0.04672	0.00728	0.00585	0.00158	0.04799	0.00573	0.00496	0.00716
6	0.38470	0.01225	0.01180	0.00946	0.01311	0.01379	0.00781	0.44316	0.01717	0.02787	0.00992	0.01043	0.00724	0.00547	0.00422	0.00154	0.00484	0.00376	0.00422	0.00724
7	0.02942	0.54034	0.14384	0.00943	0.01404	0.01662	0.00979	0.06333	0.01130	0.01445	0.02092	0.01146	0.04901	0.00503	0.00381	0.00123	0.00544	0.00351	0.00258	0.04445
8	0.03544	0.01324	0.01678	0.01596	0.16293	0.04564	0.09272	0.39296	0.09270	0.02437	0.01267	0.04887	0.01001	0.00603	0.00515	0.00157	0.00580	0.00515	0.00415	0.00785
9	0.00616	0.00440	0.00587	0.00704	0.00733	0.00411	0.00469	0.00704	0.00968	0.01291	0.02787	0.81899	0.03344	0.01584	0.00645	0.00205	0.00293	0.01438	0.00469	0.00411
10	0.01060	0.01098	0.05139	0.40316	0.09762	0.01252	0.06674	0.01440	0.06740	0.01407	0.00945	0.01312	0.00753	0.00595	0.00777	0.00179	0.19220	0.00464	0.00250	0.00617
11	0.00922	0.00835	0.01420	0.01213	0.02819	0.00887	0.19336	0.04508	0.01060	0.01474	0.06831	0.16299	0.03236	0.01779	0.24672	0.00374	0.09575	0.01888	0.00334	0.00538
12	0.00616	0.00440	0.00587	0.00704	0.00733	0.00411	0.00469	0.00704	0.00968	0.01291	0.02787	0.81899	0.03344	0.01584	0.00645	0.00205	0.00293	0.01438	0.00469	0.00411
13	0.01715	0.15792	0.01690	0.04440	0.01611	0.52822	0.02754	0.07502	0.01385	0.01386	0.00806	0.00953	0.00671	0.00525	0.00492	0.00134	0.04096	0.00342	0.00268	0.00617
14	0.00684	0.00478	0.00633	0.00725	0.00789	0.00448	0.00521	0.00807	0.01048	0.02935	0.08083	0.59559	0.07611	0.01483	0.00644	0.00203	0.00315	0.12122	0.00478	0.00433
15	0.14771	0.04241	0.01169	0.15246	0.01603	0.01044	0.00908	0.17693	0.01355	0.04851	0.01622	0.02827	0.01536	0.00851	0.00538	0.00184	0.00512	0.28045	0.00403	0.00603
16	0.01277	0.01393	0.01538	0.01331	0.01404	0.19189	0.02796	0.01402	0.00941	0.01238	0.00745	0.01175	0.00716	0.00805	0.01343	0.00200	0.59538	0.02171	0.00237	0.00561
17	0.01889	0.02410	0.01433	0.01303	0.01563	0.80199	0.00977	0.02019	0.01433	0.01238	0.00782	0.00912	0.00651	0.00521	0.00456	0.00130	0.00912	0.00326	0.00261	0.00586
18	0.01544	0.01727	0.01759	0.09308	0.04163	0.39913	0.19552	0.01773	0.01293	0.06600	0.01082	0.06923	0.00919	0.00578	0.00513	0.00152	0.00789	0.00499	0.00295	0.00619
19	0.00607	0.00513	0.00526	0.00522	0.00689	0.00431	0.00392	0.00744	0.01175	0.01420	0.11094	0.04778	0.72864	0.01261	0.00598	0.00170	0.00255	0.01055	0.00477	0.00431
20	0.01565	0.01346	0.08515	0.01156	0.03138	0.01339	0.00974	0.32238	0.34389	0.07472	0.01590	0.01520	0.01154	0.00627	0.00507	0.00161	0.00500	0.00501	0.00485	0.00823
21	0.01350	0.01186	0.01408	0.04580	0.03722	0.08897	0.09859	0.10184	0.30143	0.07151	0.03461	0.05208	0.06728	0.00705	0.00564	0.00166	0.02947	0.00600	0.00433	0.00709
22	0.00633	0.00485	0.00580	0.00617	0.00720	0.00432	0.00439	0.00771	0.01146	0.01493	0.21602	0.34768	0.31810	0.01341	0.00616	0.00182	0.00267	0.01176	0.00490	0.00432
23	0.01217	0.00984	0.01260	0.01220	0.12328	0.00956	0.03009	0.14047	0.12184	0.04265	0.10728	0.05139	0.03320	0.00652	0.00495	0.00139	0.00436	0.02440	0.00411	0.24770
24	0.06115	0.34723	0.03799	0.00973	0.01363	0.10250	0.00867	0.10164	0.08862	0.16623	0.01154	0.01154	0.00870	0.00527	0.00416	0.00135	0.00546	0.00375	0.00366	0.00718
25	0.15485	0.01284	0.01663	0.05330	0.40068	0.10545	0.04589	0.07865	0.01228	0.01801	0.01038	0.03878	0.02021	0.00527	0.00475	0.00153	0.00598	0.00455	0.00293	0.00704
26	0.01463	0.01671	0.01234	0.01236	0.08139	0.46300	0.00860	0.01638	0.01393	0.03147	0.21586	0.01924	0.05942	0.00693	0.00506	0.00142	0.00662	0.00535	0.00356	0.00574
27	0.00735	0.00490	0.00552	0.00552	0.00552	0.00490	0.00306	0.00735	0.00735	0.00980	0.01593	0.03309	0.01838	0.82229	0.02574	0.00490	0.00490	0.00735	0.00306	0.00306
28	0.07988	0.05235	0.02418	0.02374	0.12988	0.00882	0.00809	0.03573	0.04240	0.27475	0.19719	0.02178	0.06571	0.00709	0.00508	0.00155	0.00414	0.00595	0.00477	0.00692
29	0.03561	0.01633	0.01810	0.06587	0.17523	0.32011	0.15645	0.01664	0.01209	0.01420	0.00914	0.02344	0.00770	0.00674	0.04145	0.00183	0.06572	0.00443	0.00257	0.00635
30	0.00694	0.00491	0.00635	0.00665	0.00755	0.00451	0.00477	0.00856	0.01200	0.03179	0.36114	0.37998	0.10710	0.01295	0.00618	0.00182	0.00272	0.02448	0.00510	0.00451
31	0.03104	0.01261	0.01357	0.03248	0.08192	0.07275	0.00917	0.32801	0.18425	0.06873	0.03854	0.02923	0.02255	0.01763	0.00531	0.00159	0.00520	0.00509	0.00454	0.03579
32	0.03813	0.01347	0.01418	0.01148	0.01466	0.14299	0.07914	0.35785	0.03272	0.05844	0.05460	0.08030	0.01290	0.02269	0.02254	0.00175	0.00600	0.00559	0.02353	0.00704
33	0.00616	0.00442	0.00585	0.00700	0.00732	0.00411	0.00468	0.00705	0.00972	0.01292	0.02837	0.80254	0.04957	0.01578	0.00644	0.00205	0.00293	0.01430	0.00469	0.00411
34	0.00971	0.01278	0.18189	0.26323	0.10644	0.01052	0.08897	0.01313	0.01072	0.01471	0.05638	0.06837	0.07198	0.00671	0.00610	0.00171	0.06185	0.00585	0.00281	0.00614
35	0.01040	0.02390	0.67394	0.01555	0.07104	0.01205	0.03387	0.01571	0.01055	0.01578	0.00895	0.01089	0.00655	0.00506	0.00569	0.00164	0.06503	0.00388	0.00217	0.00736
36	0.00616	0.00440	0.00587	0.00704	0.00733	0.00411	0.00469	0.00704	0.00968	0.01291	0.02787	0.81899	0.03344	0.01584	0.00645	0.00205	0.00293	0.01438	0.00469	0.00411
37	0.01033	0.38949	0.01703	0.00858	0.01105	0.01310	0.00761	0.01202	0.00912	0.01183	0.01021	0.01400	0.00952	0.02101	0.39610	0.00459	0.04240	0.00411	0.00243	0.00548
38	0.00619	0.00442	0.00589	0.00702	0.00734	0.00412	0.00470	0.00710	0.00980	0.01309	0.04667	0.79967	0.03380	0.01571	0.00644	0.00204	0.00292	0.01425	0.00472	0.00412
39	0.33057	0.01243	0.01224	0.00973	0.01344	0.01391	0.00803	0.47781	0.01797	0.04310	0.01040	0.01078	0.00752	0.00556	0.00434	0.00154	0.00493	0.00389	0.00437	0.00744
40	0.11554	0.00801	0.05192	0.05083	0.01090	0.00783	0.00677	0.11654	0.00994	0.01481	0.01046	0.01485	0.02397	0.01526	0.10469	0.42032	0.00582	0.00442	0.00282	0.00429
41	0.01889	0.02410	0.01433	0.01303	0.01563	0.80199	0.00977	0.02019	0.01433	0.01238	0.00782	0.00912	0.00651	0.00521	0.00456	0.00130	0.00912	0.00326	0.00261	0.00586
42	0.01493	0.01350	0.05895	0.22265	0.02152	0.04897	0.06582	0.38712	0.01703	0.02256	0.01085	0.02944	0.00825	0.00592	0.00573	0.00162	0.04945	0.00474	0.00371	0.00724
43	0.00598	0.00510	0.00514	0.00517	0.00684	0.00426	0.00386	0.00725	0.01148	0.01364	0.05065	0.06771	0.77002	0.01288	0.00599	0.00172	0.00257	0.01076	0.00470	0.00426
44	0.10022	0.01537	0.22778	0.02782	0.01908	0.01160	0.22079	0.08982	0.07695	0.09434	0.05721	0.01433	0.01064	0.00541	0.00510	0.00162	0.00630	0.00495	0.00349	0.00716
45	0.01059	0.01075	0.07891	0.04013	0.03953	0.00971	0.15707	0.10809	0.12335	0.01818	0.07826	0.13133	0.12774	0.00853	0.00568	0.00173	0.00508	0.03497	0.00408	0.00630
46	0.00624	0.00479	0.00573	0.00622	0.00718	0.00427	0.00439	0.00750	0.01108	0.01431	0.15262	0.41224	0.31751	0.01387	0.00620	0.00185	0.00271	0.01219	0.00483	0.00427
47	0.11629	0.05657	0.36733	0.01285	0.01803	0.09136	0.06758	0.06672	0.10360	0.01784	0.01020	0.01140	0.00762	0.00520	0.00494	0.00157	0.02696	0.00399	0.00289	0.00706
48	0.01475	0.01000	0.02893	0.00934	0.01257	0.00982	0.00752	0.13793	0.24604	0.20267	0.03340	0.08779	0.01482	0.04344	0.00598	0.00169	0.00427	0.00589	0.00492	0.11823
49	0.10278	0.26671	0.05429	0.01213	0.03307	0.14101	0.13124	0.07820	0.02252	0.01588	0.00944	0.03120	0.00804	0.00750	0.06384	0.00190	0.00699	0.00410	0.00279	0.00640
50	0.02110	0.00959	0.01216	0.00947	0.01328	0.00908	0.00777	0.13901	0.07940	0.60274	0.02982	0.01687	0.01267	0.00634	0.00510	0.00157	0.00444	0.00511	0.00597	0.00850
51	0.00701	0.00476	0.00562	0.00595	0.00603	0.00468	0.00353	0.00726	0.00802	0.01069	0.01933	0.25656	0.02267	0.59298	0.02025	0.00409	0.00434	0.00935	0.00353	0.00336
52	0.06637	0.24135	0.19962	0.01012	0.01484	0.01262	0.01034	0.05192	0.03261	0.27391	0.03169	0.01293	0.00975	0.00539	0.00441	0.00144	0.00533	0.00406	0.00386	0.00745
53	0.57067	0.04801	0.10733	0.02127	0.01312	0.03156	0.06237	0.02678	0.00963	0.02023	0.00858	0.04529	0.00714	0.00520	0.00379	0.00157	0.00490	0.00368	0.00300	0.00586
54	0.00616	0.00440	0.00587	0.00704	0.00733	0.00411	0.00469	0.00704	0.00968	0.01291	0.02787	0.81899	0.03344	0.01584	0.00645	0.00205	0.00293	0.01438	0.00469	0.00411
55	0.09136	0.01061	0.01265	0.01020	0.03578	0.04285	0.06195	0.09657	0.08847	0.13976	0.04802	0.01380	0.01083	0.00520	0.00450	0.00128	0.00463	0.00428	0.00400	0.31325
56	0.01191	0.01172	0.01382	0.08578	0.05992	0.11496	0.01026	0.06424	0.03088	0.01425	0.01160	0.01777	0.03223	0.04551	0.04027	0.00228	0.35400	0.06997	0.00289	0.00574
57	0.00615	0.00445	0.00582	0.00691	0.00730	0.00412	0.00464	0.00706	0.00981	0.01296	0.02944	0.76731	0.08411	0.01564	0.00642	0.00203	0.00291	0.01413	0.00469	0.00412
58	0.01140	0.01207	0.03694	0.08194	0.23709	0.01193	0.35596	0.01492	0.02596	0.01543	0.01080	0.04562	0.00924	0.04179	0.00726	0.00184	0.06475	0.00568	0.00264	0.00673
59	0.00860	0.00725	0.01058	0.09876	0.05158	0.00781	0.04480	0.01152	0.06568	0.01649	0.30949	0.13568	0.06017	0.00995	0.00742	0.03003	0.08811	0.02662	0.00423	0.00523
60	0.00613	0.00453	0.00573	0.00669	0.00724	0.00414	0.00454	0.00708	0.01002	0.01305	0.03213	0.67842	0.17126	0.01529	0.00637	0.00199	0.00287	0.01370	0.00469	0.00414
61	0.01421	0.69659	0.02494	0.00956	0.01368	0.12549	0.02807	0.01585	0.01086	0.01207	0.00722	0.00839	0.00652	0.00444	0.00349	0.00113	0.00599	0.00286	0.00223	0.00641
62	0.00615	0.00444	0.00583	0.00694	0.00731	0.00412	0.00465	0.00705	0.00978	0.01295	0.02912	0.77782	0.07381	0.01568	0.00643	0.00204	0.00291	0.01418	0.00469	0.00412
63	0.02033	0.01239	0.01408	0.01079	0.01479	0.01304	0.00891	0.53426	0.02080	0.27570	0.01464	0.01376	0.00985	0.00613	0.00507	0.00153	0.00516	0.00472	0.00544	0.00860
64	0.10248	0.09486	0.05782	0.01137	0.01310	0.04931	0.00985	0.04097	0.00958	0.07000	0.00855	0.01201	0.00760	0.05075	0.01188	0.00203	0.43497	0.00419	0.00275	0.00594
65	0.01889	0.02410	0.01433	0.01303	0.01563	0.80199	0.00977	0.02019	0.01433	0.01238	0.00782	0.00912	0.00651	0.00521	0.00456	0.00130	0.00912	0.00326	0.00261	0.00586
66	0.01456	0.01717	0.01503	0.22176	0.02060	0.43462	0.06434	0.01655	0.01229	0.01276	0.00957	0.05878	0.00848	0.02207	0.00596	0.00160	0.05097	0.00457	0.00262	0.00569
67	0.00620	0.00471	0.00565	0.00629	0.00710	0.00423	0.00434	0.00727	0.01048	0.01345	0.07753	0.48259	0.29146	0.04541	0.00700	0.00202	0.00285	0.01255	0.00468	0.00416
68	0.06665	0.01022	0.01408	0.09463	0.11330	0.01250	0.01036	0.04809	0.05866	0.07037	0.04073	0.01490	0.02910	0.02640	0.02567	0.00206	0.34804	0.00489	0.00313	0.00622
69	0.01460	0.01075	0.01308	0.05432	0.06219	0.02787	0.03863	0.23262	0.18704	0.12308	0.05781	0.07055	0.05403	0.00739	0.00533	0.00164	0.00483	0.02214	0.00475	0.00735
70	0.00616	0.00469	0.00567	0.00635	0.00718	0.00420	0.00441	0.00727	0.01059	0.01362	0.08278	0.50930	0.29061	0.01447	0.00626	0.00191	0.00277	0.01280	0.00475	0.00420
71	0.10057	0.05865	0.26875	0.01059	0.01592	0.01008	0.05246	0.02835	0.01074	0.03345	0.00906	0.01053	0.00701	0.00435	0.00417	0.00122	0.00538	0.00343	0.00277	0.36254
72	0.14555	0.02107	0.04421	0.00793	0.01050	0.00798	0.00650	0.09007	0.01295	0.17995	0.20389	0.12438	0.02221	0.06852	0.00662	0.00185	0.00391	0.00686	0.00470	0.03037
73	0.01545	0.01938	0.05064	0.01711	0.05386	0.41753	0.30828	0.01815	0.01304	0.01419	0.00886	0.01112	0.00703	0.00485	0.00531	0.00149	0.02037	0.00441	0.00256	0.00639
74	0.01208	0.00628	0.00803	0.00749	0.00941	0.00568	0.00563	0.01407	0.04636	0.27894	0.06948	0.33756	0.15558	0.01138	0.00582	0.00179	0.00335	0.00992	0.00529	0.00587
75	0.00733	0.00489	0.00552	0.00555	0.00555	0.00489	0.00310	0.00735	0.00740	0.00987	0.01618	0.04909	0.01869	0.80587	0.02535	0.00484	0.00486	0.00750	0.00310	0.00309
76	0.04471	0.01114	0.01390	0.06948	0.01594	0.01176	0.04959	0.34037	0.05168	0.23494	0.02653	0.05227	0.01184	0.00667	0.00535	0.00162	0.01718	0.02236	0.00493	0.00776
77	0.01317	0.01271	0.01269	0.00978	0.01374	0.16519	0.04748	0.10885	0.01313	0.01772	0.04105	0.01170	0.00909	0.00462	0.00428	0.00104	0.00523	0.00365	0.00326	0.50163
78	0.00969	0.00562	0.00734	0.00748	0.00870	0.00517	0.00543	0.02625	0.01107	0.15339	0.05056	0.50008	0.05314	0.05472	0.00712	0.00207	0.00344	0.06142	0.00489	0.02242
79	0.00763	0.00658	0.00899	0.05173	0.03844	0.02871	0.06111	0.00963	0.03642	0.01423	0.08070	0.41880	0.17969	0.01241	0.00608	0.00186	0.00378	0.02409	0.00435	0.00479
80	0.05631	0.02550	0.01213	0.00996	0.01192	0.05063	0.07354	0.05838	0.04126	0.06601	0.26787	0.04347	0.08530	0.00853	0.00765	0.00172	0.16309	0.00677	0.00420	0.00576
81	0.00616	0.00440	0.00587	0.00704	0.00733	0.00411	0.00469	0.00704	0.00968	0.01291	0.02787	0.81899	0.03344	0.01584	0.00645	0.00205	0.00293	0.01438	0.00469	0.00411
82	0.11504	0.05257	0.37178	0.11216	0.03543	0.03040	0.05536	0.07455	0.03474	0.02823	0.00942	0.01124	0.00698	0.00511	0.00510	0.00160	0.03670	0.00396	0.00269	0.00694
83	0.01344	0.01213	0.01588	0.09609	0.01794	0.04845	0.12724	0.12792	0.31689	0.03896	0.01411	0.01502	0.01070	0.00634	0.00676	0.00173	0.11405	0.00516	0.00395	0.00724
84	0.00616	0.00440	0.00587	0.00704	0.00733	0.00411	0.00469	0.00704	0.00968	0.01291	0.02787	0.81899	0.03344	0.01584	0.00645	0.00205	0.00293	0.01438	0.00469	0.00411
85	0.01039	0.26392	0.06180	0.06594	0.02593	0.04384	0.00804	0.04487	0.02655	0.01473	0.10920	0.06502	0.17532	0.00964	0.05234	0.00186	0.00518	0.00627	0.00346	0.00570
86	0.00618	0.00448	0.00585	0.00694	0.00735	0.00415	0.00469	0.00711	0.00985	0.01300	0.02952	0.75128	0.08736	0.01559	0.00643	0.00203	0.00294	0.02643	0.00469	0.00413
87	0.01936	0.01395	0.01504	0.01153	0.01558	0.01537	0.00953	0.74516	0.02342	0.06109	0.01244	0.01233	0.00875	0.00608	0.00506	0.00152	0.00552	0.00457	0.00510	0.00860
88	0.04127	0.01213	0.01073	0.01051	0.05236	0.25596	0.00731	0.07544	0.01080	0.01279	0.00868	0.01264	0.00785	0.01139	0.01236	0.41948	0.02728	0.00400	0.00261	0.00438
89	0.01889	0.02410	0.01433	0.01303	0.01563	0.80199	0.00977	0.02019	0.01433	0.01238	0.00782	0.00912	0.00651	0.00521	0.00456	0.00130	0.00912	0.00326	0.00261	0.00586

[dist]
# distance from previous block
# <min> <max>
8	17

[block]
# block no. 5 follows, 49 sequences, length 47
# corresponding to MSA columns:
# 311-357
name=unknown_F
#
# <colnr> <probs for GDERKNQSTAVLIFYWHMCP>
#	G	D	E	R	K	N	Q	S	T	A	V	L	I	F	Y	W	H	M	C	P
0	0.06653	0.60292	0.08276	0.00973	0.01422	0.01814	0.03729	0.09100	0.01161	0.01504	0.00781	0.00892	0.00667	0.00456	0.00364	0.00122	0.00560	0.00309	0.00252	0.00672
1	0.00639	0.00466	0.00572	0.00640	0.00694	0.00431	0.00426	0.00727	0.00985	0.01289	0.07088	0.50209	0.16576	0.15655	0.00973	0.00247	0.00318	0.01220	0.00446	0.00399
2	0.00725	0.00530	0.00755	0.00755	0.00826	0.00601	0.00561	0.00866	0.00796	0.01132	0.01407	0.02276	0.01390	0.20974	0.63215	0.00742	0.01165	0.00584	0.00279	0.00420
3	0.03901	0.01072	0.09064	0.12689	0.05516	0.00997	0.06015	0.08265	0.16997	0.04043	0.01737	0.24201	0.01647	0.00849	0.00544	0.00176	0.00499	0.00753	0.00395	0.00641
4	0.09569	0.03270	0.02469	0.17989	0.07561	0.04853	0.05658	0.08369	0.16082	0.03845	0.01235	0.05554	0.01014	0.00638	0.00623	0.00169	0.09590	0.00507	0.00343	0.00663
5	0.00666	0.00471	0.00618	0.00688	0.00721	0.00469	0.00462	0.00750	0.00889	0.01200	0.02261	0.48312	0.02632	0.21839	0.13843	0.00373	0.00515	0.02499	0.00397	0.00393
6	0.85801	0.00978	0.00743	0.00665	0.00978	0.01134	0.00548	0.01486	0.00861	0.02269	0.00704	0.00821	0.00548	0.00469	0.00313	0.00156	0.00391	0.00274	0.00313	0.00548
7	0.00768	0.00527	0.00664	0.00635	0.00769	0.00476	0.00474	0.00969	0.01335	0.06002	0.53563	0.11796	0.17900	0.01113	0.00597	0.00166	0.00258	0.00973	0.00536	0.00482
8	0.01626	0.01745	0.01389	0.01212	0.01508	0.37614	0.03701	0.11340	0.30911	0.01822	0.01331	0.01338	0.01022	0.00591	0.00490	0.00150	0.00671	0.00445	0.00387	0.00705
9	0.01241	0.05389	0.01253	0.01050	0.05414	0.13040	0.03535	0.03827	0.13245	0.03105	0.03192	0.01464	0.02514	0.02623	0.00752	0.14117	0.00513	0.00436	0.00328	0.22962
10	0.01238	0.01233	0.03543	0.24657	0.36416	0.09555	0.04862	0.01534	0.01153	0.04344	0.01067	0.01539	0.00892	0.00539	0.00514	0.00160	0.00655	0.05143	0.00271	0.00685
11	0.00621	0.00446	0.00590	0.00696	0.00734	0.00415	0.00468	0.00719	0.00999	0.01335	0.07250	0.75585	0.05176	0.01545	0.00641	0.00202	0.00289	0.01399	0.00474	0.00415
12	0.01505	0.05350	0.04656	0.14289	0.13286	0.06552	0.03884	0.16080	0.07170	0.14709	0.02363	0.01610	0.01063	0.00599	0.00507	0.00158	0.00582	0.04513	0.00390	0.00732
13	0.01082	0.00831	0.00970	0.00885	0.01083	0.00911	0.00696	0.03457	0.29439	0.07746	0.14576	0.07421	0.14132	0.00943	0.00673	0.00179	0.08436	0.05424	0.00488	0.00629
14	0.00614	0.00448	0.00579	0.00683	0.00728	0.00413	0.00460	0.00706	0.00989	0.01299	0.03045	0.73380	0.11696	0.01551	0.00640	0.00202	0.00289	0.01397	0.00469	0.00413
15	0.01133	0.06276	0.28578	0.34306	0.07684	0.01211	0.01484	0.05581	0.01130	0.05111	0.00957	0.01219	0.00706	0.00507	0.00507	0.00160	0.02102	0.00416	0.00256	0.00676
16	0.00656	0.00469	0.00633	0.00750	0.00797	0.00445	0.00539	0.00773	0.01008	0.01336	0.02765	0.66533	0.03257	0.01546	0.00656	0.00211	0.00328	0.16408	0.00469	0.00422
17	0.01248	0.33568	0.25316	0.01416	0.04715	0.06458	0.17579	0.01595	0.01105	0.01423	0.00846	0.01028	0.00678	0.00452	0.00444	0.00140	0.00694	0.00381	0.00228	0.00687
18	0.01698	0.06141	0.01432	0.22395	0.01915	0.06902	0.00992	0.05865	0.01285	0.36083	0.01358	0.01417	0.00936	0.00599	0.00607	0.00161	0.08621	0.00455	0.00419	0.00717
19	0.00922	0.00469	0.00479	0.00486	0.00598	0.00468	0.00361	0.01149	0.01055	0.01848	0.01721	0.06884	0.01424	0.00651	0.00372	0.00123	0.00239	0.00532	0.79753	0.00468
20	0.06193	0.01869	0.01438	0.01205	0.01536	0.39164	0.00948	0.37452	0.01848	0.02207	0.00981	0.01049	0.00744	0.00559	0.00472	0.00142	0.00718	0.00384	0.00379	0.00713
21	0.00615	0.00446	0.00581	0.00690	0.00730	0.00412	0.00463	0.00706	0.00982	0.01297	0.02964	0.76076	0.09053	0.01561	0.00642	0.00203	0.00291	0.01410	0.00469	0.00412
22	0.05044	0.01295	0.01375	0.13628	0.01767	0.13088	0.04807	0.14899	0.28731	0.03994	0.04128	0.01522	0.01170	0.00611	0.00517	0.00161	0.01652	0.00493	0.00408	0.00711
23	0.05914	0.27295	0.19251	0.01259	0.03355	0.10208	0.11356	0.06026	0.01211	0.05158	0.03885	0.01142	0.00859	0.00497	0.00443	0.00141	0.00647	0.00394	0.00281	0.00681
24	0.00651	0.00511	0.00593	0.00634	0.00745	0.00468	0.00452	0.00840	0.05138	0.01434	0.10739	0.38052	0.35196	0.01359	0.00614	0.00185	0.00278	0.01188	0.00480	0.00444
25	0.01314	0.11800	0.04339	0.05190	0.07339	0.23376	0.01962	0.04415	0.09165	0.01538	0.09646	0.04204	0.05408	0.00724	0.01749	0.00162	0.06199	0.00519	0.00333	0.00619
26	0.00616	0.00440	0.00587	0.00704	0.00733	0.00411	0.00469	0.00704	0.00968	0.01291	0.02787	0.81899	0.03344	0.01584	0.00645	0.00205	0.00293	0.01438	0.00469	0.00411
27	0.03276	0.00948	0.01102	0.02468	0.01270	0.00876	0.00696	0.15213	0.07118	0.11180	0.01396	0.10962	0.01195	0.00620	0.00459	0.00125	0.00413	0.00513	0.00411	0.39759
28	0.01368	0.01630	0.19017	0.01350	0.04826	0.13318	0.10682	0.16982	0.01450	0.05462	0.08545	0.04608	0.04210	0.00650	0.00563	0.00159	0.03594	0.00540	0.00358	0.00687
29	0.46130	0.09443	0.02851	0.03513	0.10640	0.11621	0.02801	0.04881	0.01071	0.01932	0.00784	0.00936	0.00627	0.00476	0.00380	0.00148	0.00534	0.00325	0.00291	0.00615
30	0.01295	0.00781	0.05125	0.00797	0.01051	0.00652	0.00663	0.01606	0.06194	0.28547	0.40668	0.05669	0.03087	0.00862	0.00557	0.00161	0.00344	0.00744	0.00556	0.00641
31	0.34612	0.00920	0.00977	0.00869	0.05956	0.00882	0.00643	0.01462	0.01042	0.08979	0.06095	0.01214	0.00985	0.00483	0.00385	0.00125	0.00391	0.00359	0.00348	0.33271
32	0.00616	0.00440	0.00587	0.00704	0.00733	0.00411	0.00469	0.00704	0.00968	0.01291	0.02787	0.81899	0.03344	0.01584	0.00645	0.00205	0.00293	0.01438	0.00469	0.00411
33	0.01079	0.07319	0.16310	0.14477	0.30044	0.01140	0.07103	0.01418	0.01117	0.01550	0.06550	0.06121	0.02429	0.00582	0.00509	0.00158	0.00605	0.00534	0.00275	0.00682
34	0.01047	0.01907	0.44817	0.19261	0.04963	0.01191	0.04490	0.01642	0.09910	0.01580	0.01035	0.01243	0.00763	0.00521	0.00537	0.00166	0.03542	0.00427	0.00254	0.00704
35	0.00922	0.00537	0.00680	0.00694	0.00826	0.00478	0.00500	0.01043	0.01112	0.15867	0.04951	0.46986	0.20814	0.01321	0.00608	0.00187	0.00309	0.01165	0.00501	0.00500
36	0.01317	0.19770	0.01510	0.02260	0.05760	0.07219	0.00823	0.23436	0.01456	0.01866	0.05595	0.14380	0.04202	0.02498	0.05510	0.00198	0.00563	0.00617	0.00379	0.00639
37	0.00615	0.00444	0.00582	0.00693	0.00731	0.00412	0.00464	0.00705	0.00979	0.01295	0.02923	0.77431	0.07725	0.01567	0.00643	0.00203	0.00291	0.01416	0.00469	0.00412
38	0.23799	0.01010	0.01310	0.45681	0.02481	0.01204	0.01098	0.14551	0.01208	0.01882	0.00901	0.01184	0.00673	0.00514	0.00454	0.00162	0.00578	0.00403	0.00297	0.00610
39	0.03443	0.00816	0.01207	0.33234	0.01997	0.01011	0.00992	0.03824	0.00940	0.01325	0.01063	0.01658	0.00952	0.09878	0.20503	0.00367	0.14030	0.00496	0.01747	0.00515
40	0.01889	0.02410	0.01433	0.01303	0.01563	0.80199	0.00977	0.02019	0.01433	0.01238	0.00782	0.00912	0.00651	0.00521	0.00456	0.00130	0.00912	0.00326	0.00261	0.00586
41	0.03305	0.01053	0.01512	0.16057	0.03654	0.08858	0.16476	0.02985	0.01126	0.05548	0.01486	0.20447	0.01461	0.00811	0.00623	0.00174	0.05635	0.04219	0.00336	0.04233
42	0.00638	0.00464	0.00565	0.00636	0.00685	0.00431	0.00418	0.00715	0.00952	0.01238	0.02961	0.50632	0.17002	0.18977	0.01054	0.00261	0.00329	0.01217	0.00434	0.00391
43	0.01132	0.01327	0.13467	0.03780	0.11108	0.01122	0.21823	0.05185	0.17656	0.01778	0.04508	0.04794	0.06050	0.00623	0.00538	0.00164	0.00594	0.00594	0.00349	0.03407
44	0.01168	0.05116	0.11341	0.30415	0.06654	0.05826	0.21148	0.04481	0.05970	0.01550	0.01004	0.01292	0.00760	0.00492	0.00515	0.00162	0.00712	0.00471	0.00263	0.00660
45	0.00676	0.00526	0.00646	0.00665	0.00761	0.00505	0.00487	0.00816	0.01126	0.01487	0.22018	0.27771	0.26588	0.05019	0.00764	0.00199	0.04649	0.04389	0.00470	0.00437
46	0.01304	0.01011	0.01265	0.00953	0.01370	0.00910	0.06330	0.09017	0.14201	0.09824	0.01246	0.01298	0.00946	0.00479	0.00441	0.00114	0.00437	0.00404	0.00386	0.48065

[dist]
# distance from previous block
# <min> <max>
0	2

[block]
# block no. 6 follows, 49 sequences, length 18
# corresponding to MSA columns:
# 360-377
name=unknown_G
#
# <colnr> <probs for GDERKNQSTAVLIFYWHMCP>
#	G	D	E	R	K	N	Q	S	T	A	V	L	I	F	Y	W	H	M	C	P
0	0.01223	0.01279	0.03380	0.05863	0.18459	0.06374	0.31391	0.06154	0.05449	0.01662	0.01330	0.03110	0.04682	0.02136	0.00622	0.00172	0.02972	0.02761	0.00302	0.00679
1	0.00616	0.00440	0.00587	0.00704	0.00733	0.00411	0.00469	0.00704	0.00968	0.01291	0.02787	0.81899	0.03344	0.01584	0.00645	0.00205	0.00293	0.01438	0.00469	0.00411
2	0.01049	0.00899	0.01049	0.00749	0.01198	0.00674	0.00599	0.01273	0.01049	0.01648	0.00899	0.01049	0.00749	0.00374	0.00374	0.00075	0.00374	0.00300	0.00300	0.85320
3	0.01325	0.04283	0.13044	0.06292	0.21767	0.01071	0.05656	0.09079	0.03169	0.13785	0.05746	0.05522	0.05738	0.00639	0.00517	0.00158	0.00549	0.00562	0.00372	0.00723
4	0.04514	0.01369	0.01748	0.01375	0.01748	0.12576	0.22817	0.11148	0.25351	0.09895	0.01422	0.01461	0.01045	0.00564	0.00521	0.00161	0.00625	0.00513	0.00407	0.00740
5	0.00631	0.00455	0.00597	0.00684	0.00734	0.00422	0.00467	0.00744	0.01049	0.01409	0.14713	0.66063	0.07189	0.01484	0.00636	0.00197	0.00283	0.01338	0.00483	0.00422
6	0.01281	0.01462	0.26041	0.01222	0.01662	0.00996	0.11118	0.08612	0.06983	0.15489	0.05179	0.14709	0.01490	0.00733	0.00538	0.00168	0.00564	0.00649	0.00399	0.00705
7	0.00968	0.00901	0.01422	0.21626	0.18424	0.01044	0.03313	0.01199	0.01007	0.01393	0.05101	0.07397	0.07550	0.01066	0.08841	0.00243	0.17035	0.00604	0.00288	0.00578
8	0.00623	0.00450	0.00578	0.00676	0.00716	0.00418	0.00450	0.00708	0.00968	0.01276	0.02910	0.69507	0.09948	0.07251	0.00777	0.00222	0.00304	0.01355	0.00458	0.00405
9	0.01352	0.82533	0.02650	0.00865	0.01298	0.02001	0.00865	0.01514	0.01027	0.01190	0.00703	0.00811	0.00649	0.00433	0.00324	0.00108	0.00541	0.00270	0.00216	0.00649
10	0.00636	0.00493	0.00548	0.00571	0.00692	0.00434	0.00409	0.00765	0.01114	0.01421	0.12291	0.22465	0.45825	0.05730	0.00707	0.00193	0.00275	0.01094	0.03915	0.00424
11	0.01922	0.01416	0.01518	0.01163	0.01568	0.01568	0.00961	0.77388	0.02378	0.03187	0.01214	0.01214	0.00860	0.00607	0.00506	0.00152	0.00556	0.00455	0.00506	0.00860
12	0.39045	0.21627	0.18350	0.00916	0.01356	0.03737	0.00937	0.01591	0.00998	0.06315	0.00825	0.00927	0.00637	0.00473	0.00368	0.00144	0.00524	0.00310	0.00284	0.00635
13	0.01734	0.02103	0.01355	0.01231	0.01492	0.62904	0.00929	0.02113	0.15893	0.01427	0.03388	0.01182	0.00944	0.00568	0.00471	0.00139	0.00795	0.00390	0.00317	0.00623
14	0.00867	0.05175	0.01012	0.02860	0.01105	0.00660	0.03696	0.01035	0.01015	0.01446	0.01775	0.38795	0.01954	0.00948	0.00511	0.00144	0.00373	0.00845	0.00371	0.35415
15	0.00645	0.00480	0.00558	0.00601	0.00672	0.00439	0.00401	0.00731	0.00990	0.01272	0.06855	0.33578	0.27263	0.21866	0.01116	0.00264	0.00329	0.01116	0.00432	0.00393
16	0.03019	0.01419	0.26362	0.26880	0.04540	0.01028	0.06971	0.01380	0.04190	0.01493	0.04052	0.05851	0.05287	0.00675	0.00586	0.04221	0.00621	0.00540	0.00276	0.00612
17	0.01331	0.05420	0.15628	0.03114	0.04139	0.08023	0.09348	0.17435	0.13707	0.01893	0.01230	0.03802	0.00993	0.02688	0.04413	0.00200	0.05092	0.00494	0.00346	0.00706

[dist]
# distance from previous block
# <min> <max>
7	11

[block]
# block no. 7 follows, 49 sequences, length 23
# corresponding to MSA columns:
# 392-414
name=unknown_H
#
# <colnr> <probs for GDERKNQSTAVLIFYWHMCP>
#	G	D	E	R	K	N	Q	S	T	A	V	L	I	F	Y	W	H	M	C	P
0	0.01261	0.01340	0.03506	0.01525	0.01779	0.08651	0.25067	0.07012	0.06853	0.01588	0.03469	0.01321	0.00907	0.00669	0.00987	0.00185	0.32447	0.00505	0.00289	0.00639
1	0.00643	0.00470	0.00606	0.00674	0.00742	0.00433	0.00472	0.00775	0.01103	0.01479	0.20960	0.52992	0.11858	0.01416	0.00630	0.00191	0.00281	0.03355	0.00490	0.00430
2	0.01114	0.04633	0.14658	0.35951	0.03672	0.01211	0.07921	0.09544	0.05380	0.01636	0.03056	0.04108	0.00941	0.00575	0.00550	0.00166	0.03454	0.00495	0.00288	0.00647
3	0.01216	0.01816	0.30896	0.01682	0.05798	0.03350	0.27377	0.08234	0.09340	0.01782	0.01087	0.01273	0.00806	0.00504	0.00554	0.00164	0.02618	0.00482	0.00288	0.00734
4	0.00627	0.00444	0.00584	0.00691	0.00718	0.00418	0.00455	0.00707	0.00948	0.01264	0.02683	0.75037	0.03213	0.08625	0.00814	0.00230	0.00311	0.01376	0.00455	0.00402
5	0.00779	0.00652	0.02779	0.00752	0.00854	0.00666	0.00569	0.01014	0.07077	0.01354	0.11694	0.08779	0.11348	0.21909	0.21323	0.00417	0.06454	0.00758	0.00369	0.00455
6	0.00705	0.00513	0.00679	0.00750	0.00843	0.00487	0.00583	0.00881	0.01156	0.01537	0.19617	0.30868	0.10717	0.01369	0.00649	0.00201	0.00338	0.27174	0.00487	0.00446
7	0.01142	0.09225	0.50983	0.03626	0.04146	0.01291	0.13725	0.07045	0.01179	0.01676	0.00931	0.01115	0.00682	0.00477	0.00488	0.00157	0.00727	0.00410	0.00243	0.00733
8	0.01341	0.76688	0.02674	0.00956	0.01395	0.01949	0.06365	0.01522	0.01039	0.01221	0.00726	0.00851	0.00657	0.00432	0.00344	0.00113	0.00563	0.00294	0.00219	0.00651
9	0.00790	0.00564	0.00786	0.00903	0.01008	0.00561	0.00771	0.01005	0.01139	0.01485	0.02691	0.15269	0.02965	0.01420	0.00692	0.00229	0.00444	0.66352	0.00466	0.00459
10	0.01103	0.00920	0.01065	0.00784	0.01206	0.00739	0.00624	0.08050	0.01163	0.01766	0.01032	0.05548	0.00903	0.00462	0.00401	0.00089	0.00386	0.00377	0.00327	0.73056
11	0.00808	0.00692	0.00968	0.11593	0.06859	0.02188	0.03089	0.01050	0.04221	0.01418	0.10461	0.16344	0.16594	0.04567	0.16530	0.00313	0.00606	0.00822	0.00376	0.00501
12	0.00632	0.00449	0.00595	0.00706	0.00737	0.00423	0.00476	0.00721	0.00964	0.01284	0.02716	0.74151	0.03242	0.06049	0.00755	0.00222	0.00312	0.04700	0.00460	0.00407
13	0.06807	0.01081	0.04426	0.01484	0.07242	0.01080	0.26501	0.04072	0.09137	0.01642	0.04478	0.01586	0.01110	0.01285	0.17623	0.03447	0.05537	0.00536	0.00306	0.00620
14	0.09965	0.01142	0.01287	0.11855	0.03471	0.01301	0.00925	0.26136	0.30928	0.03570	0.01484	0.01566	0.01118	0.00625	0.00494	0.00164	0.00493	0.02275	0.00447	0.00755
15	0.00640	0.00495	0.00583	0.00601	0.00719	0.00439	0.00436	0.00792	0.01192	0.01555	0.27755	0.24629	0.35784	0.01282	0.00610	0.00176	0.00260	0.01116	0.00497	0.00439
16	0.03957	0.11301	0.38436	0.01150	0.01650	0.01135	0.01284	0.01640	0.01137	0.16029	0.07769	0.02803	0.01190	0.00612	0.00563	0.00160	0.06398	0.01749	0.00332	0.00703
17	0.06132	0.01655	0.33315	0.01244	0.04222	0.01044	0.04263	0.08984	0.01327	0.27799	0.04169	0.01404	0.01023	0.00558	0.00493	0.00158	0.00585	0.00452	0.00400	0.00774
18	0.01129	0.03781	0.01418	0.03136	0.11537	0.14289	0.04362	0.01299	0.00981	0.01275	0.01048	0.04425	0.00999	0.05910	0.21160	0.00354	0.21577	0.00503	0.00259	0.00556
19	0.02156	0.00930	0.01234	0.05287	0.01443	0.00863	0.00805	0.11443	0.01536	0.65976	0.01841	0.01640	0.01173	0.00617	0.00508	0.00157	0.00459	0.00499	0.00590	0.00844
20	0.00646	0.00453	0.00578	0.00666	0.00687	0.00431	0.00428	0.00712	0.00909	0.01212	0.02485	0.62033	0.02964	0.21970	0.01133	0.00277	0.00343	0.01260	0.00428	0.00384
21	0.01136	0.00916	0.05672	0.03482	0.01151	0.06181	0.00745	0.01384	0.05181	0.14167	0.09727	0.02170	0.02867	0.14274	0.22498	0.00391	0.06549	0.00582	0.00372	0.00555
22	0.25910	0.01193	0.01172	0.03701	0.01350	0.11090	0.03188	0.05212	0.09472	0.03555	0.00972	0.01105	0.00770	0.00529	0.00534	0.00143	0.08737	0.00366	0.00327	0.20676

[dist]
# distance from previous block
# <min> <max>
0	1

[block]
# block no. 8 follows, 49 sequences, length 26
# corresponding to MSA columns:
# 417-442
name=unknown_I
#
# <colnr> <probs for GDERKNQSTAVLIFYWHMCP>
#	G	D	E	R	K	N	Q	S	T	A	V	L	I	F	Y	W	H	M	C	P
0	0.01124	0.10693	0.09448	0.05720	0.05778	0.01120	0.07667	0.01581	0.12798	0.01607	0.01150	0.01297	0.02630	0.00505	0.00513	0.00130	0.05128	0.00414	0.00303	0.30393
1	0.07440	0.01039	0.01422	0.30075	0.02157	0.06346	0.09292	0.11104	0.01248	0.03461	0.05071	0.12022	0.01330	0.00716	0.00556	0.00171	0.02629	0.02991	0.00338	0.00593
