[name]
unknown

[dist]
# distance from previous block
# <min> <max>
2	47

[block]
# block no. 0 follows, 46 sequences, length 33
# corresponding to MSA columns:
# 54-86
name=unknown_A
#
# <colnr> <probs for GDERKNQSTAVLIFYWHMCP>
#	G	D	E	R	K	N	Q	S	T	A	V	L	I	F	Y	W	H	M	C	P
0	0.00855	0.00657	0.00860	0.12039	0.01249	0.00722	0.00670	0.01194	0.11433	0.01441	0.02040	0.21030	0.05227	0.14805	0.16657	0.00371	0.00628	0.00830	0.06786	0.00504
1	0.01397	0.01005	0.01546	0.32287	0.20340	0.01082	0.01233	0.01808	0.08726	0.19048	0.01549	0.01710	0.04742	0.00602	0.00534	0.00169	0.00579	0.00528	0.00379	0.00735
2	0.00788	0.00521	0.00607	0.00648	0.00751	0.00510	0.00467	0.01002	0.04099	0.01585	0.02777	0.31747	0.15352	0.01454	0.08202	0.00239	0.00393	0.00985	0.27400	0.00473
3	0.03959	0.00692	0.00799	0.00767	0.00892	0.00702	0.00541	0.13693	0.01242	0.04628	0.05900	0.32867	0.05895	0.23579	0.01189	0.00280	0.00415	0.01000	0.00455	0.00506
4	0.00894	0.00603	0.00756	0.05260	0.00971	0.00600	0.00552	0.05962	0.01224	0.04475	0.19474	0.28365	0.05942	0.12571	0.00892	0.00227	0.00361	0.00989	0.09389	0.00494
5	0.07524	0.01057	0.00898	0.00805	0.01049	0.13528	0.00623	0.13953	0.01462	0.01837	0.07074	0.03387	0.42795	0.01013	0.00562	0.00167	0.00443	0.00810	0.00454	0.00563
6	0.00996	0.00624	0.00748	0.00691	0.00858	0.00581	0.00509	0.01245	0.06395	0.13165	0.26719	0.07777	0.22066	0.14149	0.00943	0.00229	0.00341	0.00907	0.00519	0.00536
7	0.00726	0.00527	0.00632	0.00671	0.00734	0.00508	0.00445	0.00881	0.04687	0.01393	0.11899	0.34973	0.11724	0.26261	0.01282	0.00295	0.00364	0.01120	0.00451	0.00426
8	0.05275	0.00784	0.00849	0.00758	0.00942	0.00825	0.00573	0.20974	0.01452	0.02162	0.10766	0.12767	0.01989	0.11319	0.00783	0.00203	0.00386	0.00705	0.25916	0.00574
9	0.01538	0.00913	0.01153	0.00984	0.01264	0.00918	0.03465	0.12568	0.16000	0.26050	0.06823	0.22023	0.02073	0.00937	0.00578	0.00180	0.00430	0.00813	0.00554	0.00737
10	0.00710	0.00509	0.00633	0.00669	0.00737	0.00478	0.00460	0.00833	0.01113	0.01496	0.22797	0.30059	0.11465	0.20707	0.01145	0.00271	0.00346	0.04672	0.00474	0.00426
11	0.00684	0.00514	0.00606	0.00627	0.00726	0.00466	0.00437	0.00816	0.01163	0.01524	0.22908	0.24241	0.27994	0.13743	0.00957	0.00236	0.00311	0.01121	0.00488	0.00436
12	0.00753	0.00529	0.00661	0.00665	0.00706	0.00553	0.00437	0.00823	0.00826	0.01121	0.01833	0.05235	0.06136	0.50225	0.26682	0.00592	0.00778	0.00745	0.00323	0.00378
13	0.01230	0.00993	0.00741	0.00707	0.00867	0.19943	0.00530	0.01449	0.01205	0.01804	0.01501	0.01720	0.01189	0.00598	0.00396	0.00126	0.00421	0.00455	0.63603	0.00522
14	0.01060	0.02735	0.78682	0.01507	0.02288	0.01228	0.01953	0.01674	0.01116	0.01674	0.00949	0.01116	0.00670	0.00502	0.00502	0.00167	0.00781	0.00391	0.00223	0.00781
15	0.00766	0.00525	0.00639	0.00639	0.00660	0.00546	0.00398	0.00809	0.00787	0.01071	0.01609	0.03145	0.01786	0.63829	0.20096	0.00589	0.00718	0.00723	0.00312	0.00355
16	0.00687	0.00505	0.00639	0.00679	0.00766	0.00463	0.00481	0.00842	0.01211	0.01634	0.30550	0.37827	0.14792	0.04288	0.00723	0.00203	0.00291	0.02446	0.00518	0.00454
17	0.13459	0.00766	0.00925	0.00779	0.01056	0.00714	0.00617	0.01743	0.01343	0.36266	0.20087	0.05158	0.09622	0.04350	0.00632	0.00183	0.00377	0.00696	0.00555	0.00674
18	0.01145	0.48505	0.01967	0.00865	0.01165	0.01497	0.00784	0.01311	0.00977	0.01225	0.01029	0.01436	0.00979	0.06663	0.27953	0.00394	0.00858	0.00411	0.00252	0.00585
19	0.00761	0.00543	0.00733	0.00733	0.00787	0.00597	0.00515	0.00869	0.00815	0.01141	0.01523	0.02668	0.01578	0.37092	0.46550	0.00705	0.01030	0.00653	0.00299	0.00407
20	0.00741	0.00619	0.00663	0.00663	0.00798	0.04262	0.00486	0.00912	0.01296	0.01676	0.32828	0.18679	0.31935	0.01260	0.00627	0.00178	0.00301	0.01089	0.00516	0.00472
21	0.00942	0.00818	0.01305	0.01217	0.08453	0.00794	0.13689	0.01352	0.08776	0.02018	0.50035	0.03074	0.03549	0.00879	0.00606	0.00169	0.00412	0.00818	0.00493	0.00600
22	0.00640	0.00476	0.00597	0.00694	0.00756	0.00433	0.00472	0.00741	0.01052	0.01366	0.03422	0.65258	0.18986	0.01590	0.00664	0.00207	0.00299	0.01422	0.00491	0.00433
23	0.01193	0.00998	0.01487	0.04662	0.01570	0.04727	0.17869	0.11889	0.03653	0.05192	0.01642	0.21168	0.01592	0.01351	0.10110	0.08463	0.00684	0.00772	0.00383	0.00596
24	0.01273	0.01316	0.04923	0.05052	0.34160	0.03207	0.21708	0.05246	0.04910	0.01755	0.01160	0.04029	0.00976	0.03377	0.00625	0.00175	0.00678	0.00550	0.00299	0.04580
25	0.00985	0.00493	0.00493	0.00493	0.00616	0.00493	0.00370	0.01232	0.01109	0.01971	0.01725	0.01971	0.01355	0.00616	0.00370	0.00123	0.00246	0.00493	0.84356	0.00493
26	0.01353	0.01477	0.05977	0.05792	0.20173	0.08887	0.26594	0.08492	0.01300	0.01735	0.01008	0.01319	0.00805	0.00670	0.03697	0.00198	0.09005	0.00509	0.00284	0.00724
27	0.00899	0.00472	0.00708	0.00708	0.00719	0.00483	0.00483	0.00719	0.00708	0.00955	0.00978	0.01663	0.00966	0.02090	0.11260	0.74651	0.00573	0.00472	0.00236	0.00258
28	0.01166	0.01068	0.01261	0.01023	0.06069	0.05273	0.03606	0.01408	0.01132	0.01697	0.00941	0.01114	0.00781	0.00407	0.00413	0.00090	0.00457	0.00336	0.00306	0.71450
29	0.04756	0.03852	0.24695	0.05249	0.08182	0.01304	0.01282	0.19605	0.14213	0.05864	0.01360	0.04988	0.01055	0.00627	0.00515	0.00167	0.00598	0.00507	0.00390	0.00792
30	0.00897	0.04259	0.01069	0.01219	0.16840	0.00749	0.00746	0.04031	0.01202	0.01583	0.07596	0.22108	0.25365	0.03917	0.00666	0.00188	0.00395	0.02966	0.00426	0.03778
31	0.04020	0.09865	0.05456	0.06604	0.24230	0.04920	0.04783	0.04159	0.01189	0.04059	0.01086	0.04476	0.00945	0.04046	0.00573	0.00156	0.00581	0.00466	0.00301	0.18085
32	0.01366	0.01255	0.04967	0.22238	0.02076	0.10372	0.04734	0.04040	0.06376	0.10979	0.04915	0.01474	0.01069	0.00588	0.00593	0.00155	0.06316	0.00470	0.00352	0.15664

[dist]
# distance from previous block
# <min> <max>
0	10

[block]
# block no. 1 follows, 46 sequences, length 77
# corresponding to MSA columns:
# 97-173
name=unknown_B
#
# <colnr> <probs for GDERKNQSTAVLIFYWHMCP>
#	G	D	E	R	K	N	Q	S	T	A	V	L	I	F	Y	W	H	M	C	P
0	0.01328	0.38669	0.26467	0.01142	0.01662	0.08091	0.01229	0.04715	0.01179	0.01498	0.00985	0.01111	0.03120	0.00521	0.00458	0.00138	0.02768	0.00362	0.00254	0.04301
1	0.14058	0.03787	0.12723	0.00908	0.01395	0.00956	0.00847	0.04581	0.03278	0.01881	0.00951	0.01087	0.00759	0.00445	0.00406	0.00112	0.00467	0.00334	0.00314	0.50711
2	0.00671	0.00481	0.00637	0.00718	0.00773	0.00447	0.00493	0.00803	0.01136	0.01547	0.22074	0.61354	0.03878	0.01509	0.00662	0.00202	0.00292	0.01363	0.00514	0.00447
3	0.01301	0.01214	0.01716	0.37835	0.20657	0.06102	0.01378	0.12945	0.01315	0.01733	0.00973	0.01313	0.00763	0.00568	0.00634	0.00172	0.07935	0.00462	0.00288	0.00695
4	0.01816	0.00789	0.01057	0.00854	0.01168	0.00700	0.00688	0.02068	0.03468	0.51653	0.26748	0.02504	0.02514	0.00795	0.00562	0.00165	0.00384	0.00672	0.00628	0.00768
5	0.00809	0.00586	0.00797	0.00903	0.01022	0.00574	0.00768	0.01029	0.01205	0.01562	0.05240	0.12839	0.09814	0.01457	0.00712	0.00233	0.00443	0.59037	0.00490	0.00478
6	0.00652	0.00512	0.00592	0.00642	0.00759	0.00452	0.00465	0.00784	0.01153	0.01451	0.08811	0.33055	0.41842	0.01446	0.00649	0.00195	0.00293	0.05305	0.00496	0.00446
7	0.00638	0.00498	0.00579	0.00638	0.00742	0.00439	0.00448	0.00755	0.01118	0.01410	0.06278	0.42553	0.39047	0.01488	0.00649	0.00196	0.00286	0.01302	0.00494	0.00439
8	0.02352	0.00932	0.01247	0.00956	0.01366	0.00825	0.00790	0.06651	0.01567	0.74339	0.02041	0.01770	0.01286	0.00653	0.00531	0.00163	0.00457	0.00529	0.00647	0.00900
9	0.01413	0.81739	0.02770	0.00905	0.01357	0.02092	0.00905	0.01583	0.01074	0.01244	0.00735	0.00848	0.00678	0.00452	0.00339	0.00113	0.00565	0.00283	0.00226	0.00678
10	0.01206	0.01039	0.01131	0.00946	0.01302	0.01056	0.00742	0.02184	0.46261	0.02000	0.01848	0.01787	0.04579	0.00625	0.00488	0.00143	0.00402	0.00516	0.00454	0.31289
11	0.01157	0.01157	0.01619	0.01388	0.01388	0.01619	0.01157	0.01272	0.00810	0.01272	0.00694	0.01157	0.00694	0.00925	0.01735	0.00231	0.80453	0.00463	0.00231	0.00578
12	0.00662	0.00473	0.00634	0.00756	0.00794	0.00444	0.00521	0.00766	0.01029	0.01369	0.02904	0.74746	0.03458	0.01640	0.00679	0.00217	0.00322	0.07660	0.00490	0.00434
13	0.00646	0.00469	0.00610	0.00717	0.00763	0.00433	0.00484	0.00747	0.01044	0.01382	0.05653	0.72264	0.09616	0.01611	0.00669	0.00210	0.00302	0.01453	0.00494	0.00433
14	0.85155	0.01022	0.00777	0.00695	0.01022	0.01186	0.00573	0.01554	0.00900	0.02372	0.00736	0.00859	0.00573	0.00491	0.00327	0.00164	0.00409	0.00286	0.00327	0.00573
15	0.01096	0.00940	0.01096	0.00783	0.01253	0.00705	0.00626	0.01331	0.01096	0.01723	0.00940	0.01096	0.00783	0.00392	0.00392	0.00078	0.00392	0.00313	0.00313	0.84653
16	0.00883	0.00790	0.00965	0.00887	0.00977	0.03347	0.00694	0.01028	0.01097	0.01482	0.18638	0.05648	0.21868	0.08177	0.04412	0.00251	0.25069	0.02893	0.00400	0.00494
17	0.01079	0.01054	0.01620	0.62104	0.07713	0.04582	0.01418	0.01389	0.01053	0.01361	0.00906	0.01352	0.00710	0.00577	0.00680	0.00180	0.10919	0.00463	0.00238	0.00602
18	0.85155	0.01022	0.00777	0.00695	0.01022	0.01186	0.00573	0.01554	0.00900	0.02372	0.00736	0.00859	0.00573	0.00491	0.00327	0.00164	0.00409	0.00286	0.00327	0.00573
19	0.01157	0.01157	0.01619	0.01388	0.01388	0.01619	0.01157	0.01272	0.00810	0.01272	0.00694	0.01157	0.00694	0.00925	0.01735	0.00231	0.80453	0.00463	0.00231	0.00578
20	0.00933	0.00500	0.00723	0.00697	0.00736	0.00480	0.00473	0.00743	0.00723	0.00986	0.00920	0.01564	0.00907	0.01715	0.01925	0.77495	0.00453	0.00447	0.00237	0.07344
21	0.00700	0.00487	0.00614	0.00694	0.00719	0.00469	0.00452	0.00768	0.00938	0.01249	0.02467	0.49383	0.02915	0.29758	0.01389	0.00321	0.00390	0.05462	0.00430	0.00394
22	0.01413	0.81739	0.02770	0.00905	0.01357	0.02092	0.00905	0.01583	0.01074	0.01244	0.00735	0.00848	0.00678	0.00452	0.00339	0.00113	0.00565	0.00283	0.00226	0.00678
23	0.01261	0.01216	0.02100	0.14344	0.64583	0.01247	0.04327	0.01586	0.01184	0.01671	0.00989	0.01327	0.00817	0.00478	0.00528	0.00161	0.00649	0.00476	0.00258	0.00797
24	0.00652	0.00466	0.00608	0.00719	0.00752	0.00436	0.00476	0.00739	0.01001	0.01329	0.02903	0.73214	0.05727	0.07268	0.00815	0.00235	0.00320	0.01439	0.00479	0.00422
25	0.00857	0.00718	0.01147	0.28869	0.04136	0.00859	0.00973	0.01107	0.00933	0.01285	0.01236	0.01819	0.01090	0.02652	0.49265	0.00592	0.01142	0.00530	0.00266	0.00523
26	0.00998	0.00940	0.01586	0.80150	0.03641	0.01175	0.01468	0.01351	0.01057	0.01351	0.00940	0.01409	0.00705	0.00529	0.00529	0.00176	0.00705	0.00470	0.00235	0.00587
27	0.01060	0.02735	0.78682	0.01507	0.02288	0.01228	0.01953	0.01674	0.01116	0.01674	0.00949	0.01116	0.00670	0.00502	0.00502	0.00167	0.00781	0.00391	0.00223	0.00781
28	0.00918	0.00459	0.00689	0.00689	0.00689	0.00459	0.00459	0.00689	0.00689	0.00918	0.00918	0.01607	0.00918	0.01837	0.02066	0.84619	0.00459	0.00459	0.00230	0.00230
29	0.01191	0.01259	0.02192	0.01708	0.01912	0.01512	0.29787	0.01433	0.00977	0.01433	0.00837	0.01259	0.00735	0.00742	0.01311	0.00211	0.50100	0.00524	0.00245	0.00630
30	0.00852	0.00608	0.00852	0.00974	0.01095	0.00608	0.00852	0.01095	0.01217	0.01582	0.02799	0.05963	0.03042	0.01460	0.00730	0.00243	0.00487	0.74565	0.00487	0.00487
31	0.01195	0.01127	0.01569	0.15368	0.12676	0.01404	0.01187	0.01769	0.22458	0.01616	0.01191	0.01453	0.00976	0.00733	0.01014	0.00196	0.32554	0.00503	0.00323	0.00690
32	0.01015	0.00957	0.01617	0.75903	0.07754	0.01179	0.01477	0.01366	0.01065	0.01372	0.00943	0.01404	0.00712	0.00525	0.00528	0.00175	0.00700	0.00470	0.00236	0.00601
33	0.02164	0.01136	0.01361	0.01054	0.01461	0.01140	0.00867	0.30603	0.06909	0.44888	0.01780	0.01610	0.01173	0.00651	0.00531	0.00163	0.00498	0.00515	0.00599	0.00895
34	0.00769	0.00513	0.00577	0.00577	0.00577	0.00513	0.00320	0.00769	0.00769	0.01025	0.01666	0.03460	0.01922	0.81421	0.02691	0.00513	0.00513	0.00769	0.00320	0.00320
35	0.01244	0.01414	0.03072	0.03658	0.04283	0.01332	0.73362	0.01686	0.01243	0.01688	0.01066	0.01423	0.00801	0.00448	0.00620	0.00178	0.00883	0.00618	0.00267	0.00713
36	0.02220	0.01050	0.01309	0.01014	0.01419	0.01012	0.00834	0.19781	0.06601	0.56078	0.01900	0.01687	0.01233	0.00654	0.00531	0.00163	0.00479	0.00523	0.00618	0.00895
37	0.04919	0.00994	0.01263	0.00977	0.01381	0.00931	0.00805	0.13052	0.04196	0.62786	0.01929	0.01700	0.01237	0.00648	0.00525	0.00163	0.00466	0.00518	0.00622	0.00887
38	0.01141	0.00862	0.00971	0.00885	0.01118	0.00884	0.00718	0.25224	0.02979	0.02109	0.05794	0.09591	0.26375	0.01143	0.00620	0.00189	0.00424	0.17856	0.00506	0.00609
39	0.01142	0.01090	0.01559	0.32893	0.02397	0.04436	0.09983	0.01799	0.23796	0.01632	0.01440	0.06368	0.01191	0.03189	0.00677	0.00191	0.04617	0.00591	0.00349	0.00659
40	0.00649	0.00475	0.00612	0.00719	0.00771	0.00438	0.00492	0.00751	0.01044	0.01367	0.03220	0.68872	0.12938	0.01609	0.00670	0.00211	0.00308	0.03930	0.00491	0.00433
41	0.00807	0.00593	0.00720	0.00702	0.00705	0.00652	0.00450	0.00833	0.00800	0.01093	0.01669	0.11458	0.01926	0.62118	0.02347	0.00443	0.11183	0.00806	0.00327	0.00367
42	0.01221	0.01417	0.09380	0.09175	0.11288	0.01271	0.45942	0.01626	0.01186	0.03664	0.01065	0.01410	0.00817	0.00637	0.04007	0.00205	0.04148	0.00560	0.00269	0.00711
43	0.01096	0.00940	0.01096	0.00783	0.01253	0.00705	0.00626	0.01331	0.01096	0.01723	0.00940	0.01096	0.00783	0.00392	0.00392	0.00078	0.00392	0.00313	0.00313	0.84653
44	0.01297	0.55771	0.27722	0.01103	0.01663	0.01808	0.01249	0.01613	0.01088	0.01385	0.00805	0.00936	0.00676	0.00469	0.00393	0.00131	0.00636	0.00318	0.00225	0.00712
45	0.01152	0.00631	0.00828	0.00727	0.00927	0.00566	0.00563	0.01383	0.01482	0.21442	0.54062	0.03476	0.08653	0.00989	0.00600	0.00166	0.00301	0.00859	0.00595	0.00597
46	0.00724	0.00539	0.00673	0.00640	0.00775	0.00489	0.00480	0.00951	0.01440	0.01986	0.63789	0.04170	0.19127	0.01131	0.00624	0.00169	0.00253	0.00987	0.00564	0.00489
47	0.00769	0.00513	0.00577	0.00577	0.00577	0.00513	0.00320	0.00769	0.00769	0.01025	0.01666	0.03460	0.01922	0.81421	0.02691	0.00513	0.00513	0.00769	0.00320	0.00320
48	0.00701	0.00534	0.00644	0.00625	0.00763	0.00477	0.00466	0.00903	0.01371	0.01844	0.49262	0.08592	0.29496	0.01200	0.00627	0.00173	0.00259	0.01040	0.00546	0.00477
49	0.00644	0.00460	0.00613	0.00736	0.00767	0.00429	0.00491	0.00736	0.01012	0.01350	0.02914	0.81076	0.03497	0.01656	0.00675	0.00215	0.00307	0.01503	0.00491	0.00429
50	0.85155	0.01022	0.00777	0.00695	0.01022	0.01186	0.00573	0.01554	0.00900	0.02372	0.00736	0.00859	0.00573	0.00491	0.00327	0.00164	0.00409	0.00286	0.00327	0.00573
51	0.01413	0.81739	0.02770	0.00905	0.01357	0.02092	0.00905	0.01583	0.01074	0.01244	0.00735	0.00848	0.00678	0.00452	0.00339	0.00113	0.00565	0.00283	0.00226	0.00678
52	0.00677	0.00487	0.00641	0.00709	0.00773	0.00452	0.00491	0.00820	0.01170	0.01596	0.26736	0.54880	0.05666	0.01466	0.00657	0.00199	0.00288	0.01321	0.00520	0.00452
53	0.00769	0.00513	0.00577	0.00577	0.00577	0.00513	0.00320	0.00769	0.00769	0.01025	0.01666	0.03460	0.01922	0.81421	0.02691	0.00513	0.00513	0.00769	0.00320	0.00320
54	0.01413	0.81739	0.02770	0.00905	0.01357	0.02092	0.00905	0.01583	0.01074	0.01244	0.00735	0.00848	0.00678	0.00452	0.00339	0.00113	0.00565	0.00283	0.00226	0.00678
55	0.01060	0.02735	0.78682	0.01507	0.02288	0.01228	0.01953	0.01674	0.01116	0.01674	0.00949	0.01116	0.00670	0.00502	0.00502	0.00167	0.00781	0.00391	0.00223	0.00781
56	0.85155	0.01022	0.00777	0.00695	0.01022	0.01186	0.00573	0.01554	0.00900	0.02372	0.00736	0.00859	0.00573	0.00491	0.00327	0.00164	0.00409	0.00286	0.00327	0.00573
57	0.01572	0.47988	0.02230	0.01155	0.04620	0.28245	0.00964	0.01737	0.01214	0.01280	0.00803	0.00956	0.00713	0.00635	0.03776	0.00154	0.00736	0.00322	0.00246	0.00654
58	0.00857	0.00534	0.00737	0.00789	0.00847	0.00531	0.00605	0.00879	0.00945	0.01237	0.01985	0.03883	0.04413	0.14087	0.01543	0.32473	0.00473	0.32459	0.00363	0.00361
59	0.00748	0.00540	0.00707	0.00665	0.00790	0.00499	0.00499	0.00998	0.01496	0.02120	0.77844	0.03949	0.04988	0.01081	0.00624	0.00166	0.00249	0.00956	0.00582	0.00499
60	0.01873	0.09323	0.01610	0.01256	0.01587	0.44665	0.00990	0.21762	0.08587	0.01911	0.01050	0.01120	0.00823	0.00576	0.00484	0.00144	0.00771	0.00394	0.00360	0.00715
61	0.01421	0.33797	0.02606	0.01469	0.01900	0.03992	0.27581	0.10812	0.01298	0.01664	0.00918	0.01135	0.00751	0.00518	0.00594	0.00153	0.07959	0.00445	0.00280	0.00707
62	0.01343	0.05659	0.04186	0.09344	0.49151	0.01293	0.03823	0.06332	0.01269	0.04946	0.03440	0.01385	0.00959	0.00532	0.00572	0.00161	0.04040	0.00481	0.00298	0.00786
63	0.01217	0.18248	0.27643	0.01584	0.02124	0.03924	0.26299	0.01621	0.01134	0.01537	0.00946	0.01203	0.00745	0.00648	0.03958	0.00192	0.05573	0.00456	0.00243	0.00707
64	0.00769	0.00513	0.00577	0.00577	0.00577	0.00513	0.00320	0.00769	0.00769	0.01025	0.01666	0.03460	0.01922	0.81421	0.02691	0.00513	0.00513	0.00769	0.00320	0.00320
65	0.01278	0.20847	0.20713	0.07455	0.05010	0.04731	0.24474	0.03984	0.01195	0.01579	0.00933	0.01176	0.00730	0.00493	0.00543	0.00159	0.03289	0.00449	0.00252	0.00714
66	0.01319	0.05385	0.37869	0.01534	0.06962	0.10375	0.07586	0.03645	0.01224	0.07167	0.02503	0.02768	0.02260	0.00590	0.00604	0.00167	0.06550	0.00466	0.00291	0.00735
67	0.00755	0.00566	0.00850	0.00850	0.00944	0.00661	0.00661	0.00944	0.00850	0.01227	0.01416	0.02077	0.01322	0.03965	0.79326	0.00850	0.01416	0.00566	0.00283	0.00472
68	0.00741	0.00543	0.00696	0.00666	0.00796	0.00498	0.00505	0.00978	0.01456	0.02029	0.67462	0.04149	0.12053	0.01123	0.00628	0.00171	0.00262	0.04184	0.00569	0.00493
69	0.01131	0.16793	0.17106	0.09230	0.04795	0.01130	0.03265	0.01399	0.05958	0.03410	0.01185	0.01581	0.02911	0.00939	0.00933	0.23994	0.00583	0.02804	0.00277	0.00575
70	0.00998	0.00940	0.01586	0.80150	0.03641	0.01175	0.01468	0.01351	0.01057	0.01351	0.00940	0.01409	0.00705	0.00529	0.00529	0.00176	0.00705	0.00470	0.00235	0.00587
71	0.00763	0.00535	0.00690	0.00690	0.00729	0.00574	0.00461	0.00841	0.00802	0.01109	0.01562	0.02886	0.01673	0.49311	0.34461	0.00652	0.00887	0.00685	0.00305	0.00383
72	0.00961	0.00890	0.01269	0.22750	0.06023	0.03484	0.01021	0.01147	0.00991	0.01344	0.01559	0.28424	0.01677	0.01123	0.03362	0.00223	0.22066	0.00818	0.00325	0.00542
73	0.01394	0.01406	0.05273	0.13710	0.35305	0.05629	0.13563	0.13791	0.01411	0.01902	0.01032	0.01308	0.00807	0.00507	0.00538	0.00163	0.00699	0.00486	0.00301	0.00776
74	0.00755	0.00588	0.00772	0.00833	0.00920	0.00605	0.00651	0.00907	0.01087	0.01423	0.03092	0.32674	0.17599	0.01567	0.04146	0.00245	0.07689	0.23522	0.00457	0.00466
75	0.00769	0.00513	0.00577	0.00577	0.00577	0.00513	0.00320	0.00769	0.00769	0.01025	0.01666	0.03460	0.01922	0.81421	0.02691	0.00513	0.00513	0.00769	0.00320	0.00320
76	0.01343	0.01300	0.01611	0.06832	0.07844	0.11027	0.02502	0.06202	0.01089	0.04658	0.00891	0.01251	0.00780	0.00944	0.05538	0.00236	0.44577	0.00461	0.00279	0.00634

[dist]
# distance from previous block
# <min> <max>
0	2

[block]
# block no. 2 follows, 46 sequences, length 34
# corresponding to MSA columns:
# 176-209
name=unknown_C
#
# <colnr> <probs for GDERKNQSTAVLIFYWHMCP>
#	G	D	E	R	K	N	Q	S	T	A	V	L	I	F	Y	W	H	M	C	P
0	0.01470	0.01083	0.03538	0.13643	0.01823	0.01004	0.05766	0.10422	0.07722	0.17527	0.01321	0.01415	0.00962	0.00557	0.00520	0.01749	0.00522	0.00450	0.00407	0.28099
1	0.58834	0.01244	0.01003	0.00874	0.01192	0.09430	0.00708	0.10472	0.05275	0.02320	0.00882	0.00989	0.00683	0.00543	0.00433	0.00164	0.03632	0.00338	0.00353	0.00630
2	0.00802	0.00646	0.00730	0.00704	0.00881	0.00626	0.00541	0.01219	0.14486	0.01808	0.29072	0.04224	0.34857	0.01152	0.00617	0.00179	0.00303	0.06089	0.00529	0.00535
3	0.02890	0.01004	0.01399	0.13913	0.01812	0.00913	0.07918	0.03681	0.04445	0.14098	0.01193	0.01329	0.00891	0.00484	0.00467	0.00125	0.00506	0.00419	0.00367	0.42147
4	0.00660	0.00487	0.00622	0.00716	0.00782	0.00448	0.00501	0.00777	0.01082	0.01416	0.06910	0.59451	0.15963	0.01562	0.00668	0.00208	0.00310	0.06502	0.00495	0.00440
5	0.00783	0.00697	0.00867	0.00809	0.00927	0.00781	0.00640	0.00923	0.01039	0.01351	0.03441	0.03532	0.44050	0.01732	0.15782	0.00319	0.20610	0.00848	0.00386	0.00484
6	0.07462	0.01353	0.01452	0.01128	0.01524	0.01483	0.00929	0.62148	0.02259	0.07253	0.06613	0.01457	0.01184	0.00657	0.00522	0.00160	0.00540	0.00500	0.00526	0.00850
7	0.01037	0.00608	0.00739	0.00677	0.00877	0.00530	0.00518	0.01214	0.01335	0.18181	0.24590	0.11035	0.34332	0.01149	0.00609	0.00175	0.00305	0.00981	0.00551	0.00557
8	0.01049	0.00640	0.00854	0.00766	0.00926	0.00621	0.00592	0.01273	0.01425	0.15084	0.55451	0.07563	0.03979	0.01028	0.00688	0.00173	0.05875	0.00879	0.00565	0.00569
9	0.85155	0.01022	0.00777	0.00695	0.01022	0.01186	0.00573	0.01554	0.00900	0.02372	0.00736	0.00859	0.00573	0.00491	0.00327	0.00164	0.00409	0.00286	0.00327	0.00573
10	0.01975	0.02520	0.01498	0.01362	0.01634	0.79299	0.01021	0.02111	0.01498	0.01294	0.00817	0.00953	0.00681	0.00545	0.00477	0.00136	0.00953	0.00340	0.00272	0.00613
11	0.01157	0.01157	0.01619	0.01388	0.01388	0.01619	0.01157	0.01272	0.00810	0.01272	0.00694	0.01157	0.00694	0.00925	0.01735	0.00231	0.80453	0.00463	0.00231	0.00578
12	0.01413	0.81739	0.02770	0.00905	0.01357	0.02092	0.00905	0.01583	0.01074	0.01244	0.00735	0.00848	0.00678	0.00452	0.00339	0.00113	0.00565	0.00283	0.00226	0.00678
13	0.00689	0.00538	0.00625	0.00603	0.00754	0.00474	0.00453	0.00884	0.01358	0.01790	0.43324	0.04491	0.39714	0.01204	0.00624	0.00172	0.00258	0.01032	0.00539	0.00474
14	0.74856	0.01208	0.00866	0.00778	0.01098	0.10858	0.00628	0.01623	0.00974	0.02238	0.00746	0.00870	0.00586	0.00497	0.00346	0.00160	0.00476	0.00293	0.00320	0.00578
15	0.00769	0.00513	0.00577	0.00577	0.00577	0.00513	0.00320	0.00769	0.00769	0.01025	0.01666	0.03460	0.01922	0.81421	0.02691	0.00513	0.00513	0.00769	0.00320	0.00320
16	0.01157	0.01157	0.01619	0.01388	0.01388	0.01619	0.01157	0.01272	0.00810	0.01272	0.00694	0.01157	0.00694	0.00925	0.01735	0.00231	0.80453	0.00463	0.00231	0.00578
17	0.00769	0.00586	0.00875	0.00867	0.00959	0.00693	0.00677	0.00955	0.00848	0.01229	0.01392	0.02046	0.01301	0.03864	0.76751	0.00829	0.04039	0.00563	0.00281	0.00476
18	0.01562	0.01119	0.01851	0.13412	0.39195	0.01115	0.06296	0.01883	0.02820	0.23453	0.01325	0.01483	0.00966	0.00535	0.00533	0.00163	0.00602	0.00501	0.00375	0.00811
19	0.01068	0.00760	0.00963	0.00997	0.01182	0.00796	0.00843	0.01622	0.20211	0.06845	0.02590	0.04690	0.02570	0.01221	0.00669	0.00222	0.00467	0.51171	0.00511	0.00602
20	0.03989	0.10458	0.01810	0.16864	0.01900	0.01555	0.05773	0.01359	0.00919	0.01347	0.00772	0.01177	0.00697	0.00748	0.01220	0.00201	0.47928	0.00447	0.00237	0.00600
21	0.03962	0.00968	0.01131	0.04810	0.01383	0.00796	0.00687	0.04126	0.03327	0.01799	0.00980	0.01136	0.00800	0.00420	0.00405	0.00092	0.00416	0.00334	0.00324	0.72105
22	0.01164	0.01090	0.01081	0.01082	0.06175	0.16260	0.00746	0.07753	0.01168	0.01470	0.06643	0.03928	0.01557	0.23113	0.19755	0.00418	0.05132	0.00604	0.00334	0.00527
23	0.00710	0.00491	0.00609	0.00664	0.00686	0.00479	0.00419	0.00769	0.00913	0.01225	0.05226	0.39295	0.02748	0.38572	0.04481	0.00374	0.00440	0.01108	0.00408	0.00383
24	0.00778	0.00591	0.00732	0.00744	0.00889	0.00563	0.00591	0.01070	0.05946	0.01794	0.33692	0.06859	0.21601	0.01238	0.00649	0.00192	0.00329	0.20710	0.00529	0.00502
25	0.01578	0.06712	0.02014	0.01800	0.16110	0.18847	0.15910	0.16998	0.05834	0.01929	0.02262	0.01286	0.00899	0.00562	0.00589	0.00159	0.04951	0.00475	0.00336	0.00746
26	0.00998	0.00940	0.01586	0.80150	0.03641	0.01175	0.01468	0.01351	0.01057	0.01351	0.00940	0.01409	0.00705	0.00529	0.00529	0.00176	0.00705	0.00470	0.00235	0.00587
27	0.00769	0.00513	0.00577	0.00577	0.00577	0.00513	0.00320	0.00769	0.00769	0.01025	0.01666	0.03460	0.01922	0.81421	0.02691	0.00513	0.00513	0.00769	0.00320	0.00320
28	0.17464	0.07431	0.32957	0.03192	0.04834	0.01321	0.03705	0.14176	0.01334	0.07387	0.01031	0.01146	0.00746	0.00527	0.00469	0.00161	0.00634	0.00400	0.00328	0.00757
29	0.01381	0.12243	0.15171	0.06750	0.21478	0.14482	0.01321	0.06668	0.04072	0.01682	0.05127	0.01319	0.01003	0.00565	0.00553	0.00156	0.04568	0.00441	0.00294	0.00726
30	0.01281	0.03704	0.06796	0.01408	0.05461	0.03011	0.15108	0.01572	0.03005	0.13113	0.01246	0.01568	0.01007	0.01546	0.22353	0.00365	0.15946	0.00522	0.00326	0.00660
31	0.00726	0.00494	0.00589	0.00632	0.00642	0.00484	0.00379	0.00758	0.00853	0.01137	0.02096	0.30234	0.02465	0.53905	0.01995	0.00410	0.00442	0.01022	0.00379	0.00358
32	0.01920	0.02429	0.01506	0.01364	0.01618	0.74141	0.01030	0.02055	0.01452	0.01292	0.00809	0.00967	0.00682	0.00570	0.00560	0.00143	0.06232	0.00349	0.00270	0.00611
33	0.01589	0.01815	0.01282	0.01174	0.01405	0.46828	0.00884	0.04408	0.11663	0.01457	0.01178	0.01474	0.01014	0.06841	0.14397	0.00294	0.00918	0.00449	0.00322	0.00608

[dist]
# distance from previous block
# <min> <max>
0	1

[block]
# block no. 3 follows, 46 sequences, length 7
# corresponding to MSA columns:
# 211-217
name=unknown_D
#
# <colnr> <probs for GDERKNQSTAVLIFYWHMCP>
#	G	D	E	R	K	N	Q	S	T	A	V	L	I	F	Y	W	H	M	C	P
0	0.01654	0.01304	0.01386	0.01144	0.01504	0.01473	0.00919	0.38658	0.40768	0.02757	0.01722	0.01630	0.01265	0.00677	0.00534	0.00169	0.00498	0.00538	0.00534	0.00867
1	0.49582	0.01067	0.01027	0.00977	0.05584	0.01194	0.00736	0.18368	0.01301	0.02418	0.01174	0.08728	0.01054	0.00678	0.00436	0.00171	0.00455	0.04014	0.00392	0.00644
2	0.00738	0.00540	0.00693	0.00655	0.00784	0.00495	0.00491	0.00978	0.01473	0.02064	0.71997	0.04041	0.10870	0.01102	0.00624	0.00167	0.00251	0.00969	0.00575	0.00495
3	0.01481	0.01695	0.12865	0.01431	0.01770	0.15051	0.10703	0.12953	0.10355	0.04218	0.01102	0.01283	0.00861	0.00660	0.00836	0.00180	0.21029	0.00471	0.00336	0.00719
4	0.00697	0.00500	0.00655	0.00760	0.00816	0.00475	0.00546	0.00815	0.01045	0.01374	0.02923	0.54161	0.07611	0.08566	0.00860	0.00245	0.00360	0.16683	0.00475	0.00433
5	0.00821	0.00615	0.00801	0.00775	0.00911	0.00657	0.00599	0.01038	0.04159	0.04539	0.02693	0.03021	0.25392	0.05528	0.42290	0.00546	0.04003	0.00742	0.00374	0.00496
6	0.01484	0.01246	0.01488	0.04886	0.01673	0.01399	0.07497	0.22691	0.46646	0.02432	0.01760	0.01707	0.01306	0.00662	0.00543	0.00173	0.00518	0.00561	0.00498	0.00831

[dist]
# distance from previous block
# <min> <max>
0	9

[block]
# block no. 4 follows, 46 sequences, length 41
# corresponding to MSA columns:
# 227-267
name=unknown_E
#
# <colnr> <probs for GDERKNQSTAVLIFYWHMCP>
#	G	D	E	R	K	N	Q	S	T	A	V	L	I	F	Y	W	H	M	C	P
0	0.00750	0.07114	0.00843	0.00769	0.04833	0.00631	0.00549	0.00906	0.01196	0.01494	0.11632	0.15853	0.45760	0.01249	0.00609	0.00179	0.00324	0.04352	0.00467	0.00490
1	0.01196	0.01168	0.01856	0.36138	0.39650	0.04468	0.01511	0.01511	0.01136	0.01528	0.00951	0.01331	0.00768	0.00518	0.00576	0.00168	0.04105	0.00465	0.00249	0.00709
2	0.34534	0.09256	0.01734	0.01284	0.04740	0.01243	0.23125	0.01500	0.01086	0.01907	0.05236	0.01556	0.07133	0.00585	0.00506	0.00166	0.02966	0.00501	0.00320	0.00622
3	0.00956	0.00952	0.00805	0.00760	0.00943	0.16243	0.00571	0.01170	0.03646	0.01656	0.28561	0.03788	0.35833	0.01075	0.00592	0.00166	0.00403	0.00892	0.00479	0.00509
4	0.01388	0.01542	0.01585	0.01381	0.01458	0.23599	0.01118	0.01510	0.01004	0.01278	0.00729	0.01099	0.00690	0.00818	0.01379	0.00204	0.57958	0.00428	0.00243	0.00588
5	0.00769	0.00513	0.00577	0.00577	0.00577	0.00513	0.00320	0.00769	0.00769	0.01025	0.01666	0.03460	0.01922	0.81421	0.02691	0.00513	0.00513	0.00769	0.00320	0.00320
6	0.00725	0.00539	0.00675	0.00641	0.00776	0.00489	0.00481	0.00953	0.01442	0.01990	0.64226	0.04163	0.18688	0.01129	0.00624	0.00169	0.00253	0.00986	0.00565	0.00489
7	0.01189	0.00727	0.00912	0.00862	0.01057	0.00714	0.00679	0.07462	0.07520	0.15936	0.15934	0.19210	0.06104	0.03406	0.00682	0.00202	0.00395	0.15861	0.00538	0.00608
8	0.00628	0.00536	0.00540	0.00539	0.00716	0.00448	0.00404	0.00765	0.01213	0.01446	0.07247	0.05058	0.76005	0.01332	0.00625	0.00178	0.00267	0.01112	0.00493	0.00448
9	0.01975	0.02520	0.01498	0.01362	0.01634	0.79299	0.01021	0.02111	0.01498	0.01294	0.00817	0.00953	0.00681	0.00545	0.00477	0.00136	0.00953	0.00340	0.00272	0.00613
10	0.02010	0.01481	0.01587	0.01216	0.01639	0.01639	0.01005	0.76360	0.02486	0.03332	0.01269	0.01269	0.00899	0.00635	0.00529	0.00159	0.00582	0.00476	0.00529	0.00899
11	0.00794	0.00589	0.00771	0.00859	0.00994	0.00566	0.00733	0.01011	0.01222	0.01560	0.05582	0.05694	0.21183	0.01420	0.00702	0.00225	0.00427	0.54699	0.00491	0.00477
12	0.02372	0.00900	0.01227	0.00941	0.01350	0.00777	0.00777	0.02576	0.01513	0.78489	0.02086	0.01799	0.01309	0.00654	0.00532	0.00164	0.00450	0.00532	0.00654	0.00900
13	0.00835	0.00597	0.00833	0.00954	0.01069	0.00594	0.00823	0.01066	0.01200	0.01563	0.02808	0.12020	0.03079	0.01476	0.00726	0.00241	0.00472	0.68673	0.00487	0.00482
14	0.01048	0.02508	0.68812	0.01510	0.02229	0.01187	0.06938	0.01619	0.01119	0.01656	0.01075	0.05958	0.00849	0.00568	0.00521	0.00171	0.00760	0.00474	0.00242	0.00755
15	0.38719	0.01401	0.01109	0.00951	0.01288	0.22140	0.00757	0.03402	0.01257	0.22728	0.01134	0.01147	0.00807	0.00552	0.00427	0.00156	0.00570	0.00371	0.00405	0.00678
16	0.01413	0.81739	0.02770	0.00905	0.01357	0.02092	0.00905	0.01583	0.01074	0.01244	0.00735	0.00848	0.00678	0.00452	0.00339	0.00113	0.00565	0.00283	0.00226	0.00678
17	0.68679	0.01176	0.04938	0.00805	0.01166	0.02927	0.00698	0.07649	0.01078	0.05660	0.00850	0.00948	0.00638	0.00511	0.00365	0.00163	0.00456	0.00319	0.00351	0.00625
18	0.00985	0.00493	0.00493	0.00493	0.00616	0.00493	0.00370	0.01232	0.01109	0.01971	0.01725	0.01971	0.01355	0.00616	0.00370	0.00123	0.00246	0.00493	0.84356	0.00493
19	0.07318	0.01113	0.05627	0.02982	0.01430	0.07287	0.07421	0.10782	0.01285	0.01778	0.04897	0.05661	0.02720	0.01469	0.15118	0.00312	0.04906	0.16923	0.00377	0.00594
20	0.00729	0.00496	0.00588	0.00628	0.00638	0.00486	0.00375	0.00758	0.00847	0.01130	0.02068	0.28494	0.02430	0.55694	0.02041	0.00416	0.00446	0.01006	0.00375	0.00356
21	0.00985	0.00493	0.00493	0.00493	0.00616	0.00493	0.00370	0.01232	0.01109	0.01971	0.01725	0.01971	0.01355	0.00616	0.00370	0.00123	0.00246	0.00493	0.84356	0.00493
22	0.01592	0.01904	0.23171	0.01399	0.04939	0.17073	0.03393	0.13262	0.11349	0.10654	0.01249	0.01315	0.00914	0.00595	0.00578	0.00164	0.04850	0.00450	0.00373	0.00776
23	0.01414	0.01739	0.20044	0.01889	0.16077	0.10016	0.20540	0.01939	0.10130	0.09146	0.01224	0.01379	0.00908	0.00527	0.00541	0.00166	0.00726	0.00497	0.00326	0.00773
24	0.02372	0.00900	0.01227	0.00941	0.01350	0.00777	0.00777	0.02576	0.01513	0.78489	0.02086	0.01799	0.01309	0.00654	0.00532	0.00164	0.00450	0.00532	0.00654	0.00900
25	0.00995	0.03877	0.49608	0.07353	0.06458	0.01077	0.01554	0.01459	0.01128	0.01627	0.06720	0.13076	0.01405	0.00712	0.00536	0.00173	0.00654	0.00602	0.00291	0.00696
26	0.01286	0.11583	0.11692	0.09636	0.27622	0.01352	0.02904	0.11433	0.01286	0.01769	0.01063	0.01427	0.00889	0.00832	0.06918	0.00217	0.04390	0.02670	0.00292	0.00739
27	0.01412	0.15555	0.35238	0.01523	0.08120	0.01341	0.09827	0.05688	0.01263	0.13487	0.01121	0.01234	0.00810	0.00515	0.00496	0.00158	0.00683	0.00431	0.00314	0.00785
28	0.00643	0.00466	0.00607	0.00720	0.00763	0.00431	0.00484	0.00738	0.01028	0.01356	0.03111	0.74948	0.09497	0.01631	0.00671	0.00212	0.00304	0.01472	0.00491	0.00431
29	0.01251	0.01413	0.08130	0.11737	0.38899	0.09011	0.08655	0.01568	0.01187	0.01583	0.01202	0.01498	0.04674	0.00687	0.03830	0.00192	0.02987	0.00502	0.00269	0.00726
30	0.04158	0.01801	0.01477	0.09514	0.04207	0.36756	0.01042	0.15814	0.11957	0.04291	0.01136	0.01240	0.00874	0.00593	0.00534	0.00155	0.02951	0.00426	0.00364	0.00708
31	0.00641	0.00536	0.00557	0.00552	0.00724	0.00453	0.00414	0.00789	0.01242	0.01516	0.14584	0.04943	0.68626	0.01306	0.00625	0.00177	0.00265	0.01095	0.00503	0.00453
32	0.06115	0.01616	0.15825	0.01381	0.04955	0.01414	0.07224	0.42274	0.01902	0.10259	0.01236	0.01287	0.00870	0.00583	0.00521	0.00163	0.00623	0.00468	0.00443	0.00843
33	0.04950	0.06870	0.09040	0.31059	0.02374	0.02905	0.03451	0.08783	0.14892	0.08634	0.01269	0.01432	0.00931	0.00572	0.00508	0.00167	0.00615	0.00472	0.00358	0.00718
34	0.01097	0.01001	0.01406	0.01750	0.29651	0.01023	0.03391	0.01697	0.22767	0.01789	0.04707	0.02655	0.23228	0.00805	0.00563	0.00170	0.00463	0.00710	0.00415	0.00712
35	0.00674	0.00473	0.00605	0.00698	0.00721	0.00449	0.00450	0.00744	0.00953	0.01271	0.02613	0.62353	0.03117	0.20897	0.01161	0.00287	0.00356	0.01326	0.00450	0.00403
36	0.01374	0.04778	0.01809	0.02016	0.29615	0.17264	0.03493	0.01619	0.03546	0.01473	0.00943	0.01308	0.00840	0.04248	0.02130	0.00198	0.21938	0.00458	0.00266	0.00684
37	0.01024	0.00602	0.00741	0.00663	0.00829	0.00604	0.06509	0.01351	0.05084	0.01961	0.01694	0.01927	0.01324	0.00607	0.00399	0.00131	0.00307	0.00509	0.73206	0.00528
38	0.21083	0.00657	0.00749	0.00810	0.00953	0.00680	0.00637	0.01105	0.01067	0.03985	0.02328	0.34831	0.02579	0.01282	0.00605	0.00210	0.00395	0.25092	0.00455	0.00497
39	0.01208	0.01228	0.04274	0.24609	0.47004	0.01241	0.09618	0.01556	0.01165	0.01617	0.00986	0.01344	0.00792	0.00485	0.00535	0.00165	0.00682	0.00485	0.00254	0.00752
40	0.21466	0.01478	0.07518	0.04534	0.01511	0.21158	0.05994	0.01539	0.01078	0.01587	0.00962	0.01325	0.00833	0.04933	0.14300	0.00300	0.08196	0.00427	0.00280	0.00581

[dist]
# distance from previous block
# <min> <max>
0	14

[block]
# block no. 5 follows, 46 sequences, length 28
# corresponding to MSA columns:
# 283-306,310-313
name=unknown_F
#
# <colnr> <probs for GDERKNQSTAVLIFYWHMCP>
#	G	D	E	R	K	N	Q	S	T	A	V	L	I	F	Y	W	H	M	C	P
0	0.01256	0.01569	0.19063	0.06119	0.05084	0.08824	0.01130	0.08603	0.06017	0.01785	0.01151	0.01320	0.02635	0.00665	0.03514	0.00165	0.03559	0.00417	0.00316	0.26809
1	0.00848	0.00716	0.00899	0.00889	0.00997	0.06664	0.00688	0.01033	0.00899	0.01232	0.01370	0.01991	0.01273	0.03704	0.73306	0.00795	0.01381	0.00549	0.00282	0.00483
2	0.02007	0.01554	0.01580	0.01227	0.01639	0.07114	0.01006	0.71126	0.02416	0.03188	0.01237	0.01247	0.00884	0.00628	0.00525	0.00157	0.00608	0.00466	0.00511	0.00879
3	0.01139	0.04245	0.02151	0.37830	0.12937	0.01242	0.24641	0.01501	0.01139	0.01526	0.00979	0.01360	0.00756	0.00484	0.00542	0.00166	0.00728	0.00501	0.00253	0.05881
4	0.01096	0.00940	0.01096	0.00783	0.01253	0.00705	0.00626	0.01331	0.01096	0.01723	0.00940	0.01096	0.00783	0.00392	0.00392	0.00078	0.00392	0.00313	0.00313	0.84653
5	0.00641	0.00534	0.00549	0.00546	0.00710	0.00454	0.00403	0.00774	0.01196	0.01446	0.09668	0.04915	0.68623	0.06293	0.00753	0.00198	0.00282	0.01084	0.00486	0.00442
6	0.00679	0.00505	0.00632	0.00670	0.00765	0.00458	0.00476	0.00837	0.01229	0.01649	0.30970	0.37409	0.19022	0.01381	0.00646	0.00190	0.00278	0.01224	0.00524	0.00458
7	0.00715	0.00511	0.00695	0.00817	0.00879	0.00491	0.00614	0.00859	0.01082	0.01429	0.02875	0.55418	0.03341	0.01589	0.00694	0.00225	0.00368	0.26460	0.00489	0.00449
8	0.01248	0.01426	0.03119	0.02228	0.02763	0.01337	0.76203	0.01693	0.01248	0.01693	0.01070	0.01426	0.00802	0.00446	0.00624	0.00178	0.00891	0.00624	0.00267	0.00713
9	0.01157	0.01157	0.01619	0.01388	0.01388	0.01619	0.01157	0.01272	0.00810	0.01272	0.00694	0.01157	0.00694	0.00925	0.01735	0.00231	0.80453	0.00463	0.00231	0.00578
10	0.00768	0.00517	0.00599	0.00599	0.00607	0.00525	0.00348	0.00783	0.00775	0.01042	0.01645	0.03346	0.01873	0.75056	0.08988	0.00540	0.00587	0.00752	0.00317	0.00333
11	0.01096	0.00940	0.01096	0.00783	0.01253	0.00705	0.00626	0.01331	0.01096	0.01723	0.00940	0.01096	0.00783	0.00392	0.00392	0.00078	0.00392	0.00313	0.00313	0.84653
12	0.01232	0.01007	0.01112	0.01036	0.01287	0.01133	0.00825	0.07918	0.49815	0.02087	0.02206	0.02917	0.01904	0.05344	0.00700	0.00211	0.00452	0.17569	0.00513	0.00733
13	0.00756	0.00565	0.00840	0.00840	0.00932	0.00656	0.00649	0.00938	0.00847	0.01220	0.01424	0.02123	0.01342	0.06556	0.76763	0.00838	0.01386	0.00573	0.00284	0.00467
14	0.00998	0.00940	0.01586	0.80150	0.03641	0.01175	0.01468	0.01351	0.01057	0.01351	0.00940	0.01409	0.00705	0.00529	0.00529	0.00176	0.00705	0.00470	0.00235	0.00587
15	0.01042	0.03477	0.21327	0.06361	0.17014	0.03162	0.01191	0.04268	0.04126	0.01679	0.06371	0.02520	0.23733	0.00788	0.00548	0.00167	0.00544	0.00662	0.00355	0.00666
16	0.02010	0.01481	0.01587	0.01216	0.01639	0.01639	0.01005	0.76360	0.02486	0.03332	0.01269	0.01269	0.00899	0.00635	0.00529	0.00159	0.00582	0.00476	0.00529	0.00899
17	0.01413	0.81739	0.02770	0.00905	0.01357	0.02092	0.00905	0.01583	0.01074	0.01244	0.00735	0.00848	0.00678	0.00452	0.00339	0.00113	0.00565	0.00283	0.00226	0.00678
18	0.01360	0.07415	0.09415	0.12971	0.26149	0.01241	0.01276	0.01941	0.17768	0.10853	0.03469	0.01544	0.01130	0.00573	0.00515	0.00163	0.00572	0.00497	0.00367	0.00782
19	0.01234	0.07954	0.20904	0.01127	0.01517	0.05878	0.03978	0.08119	0.01395	0.07844	0.18231	0.02654	0.02119	0.00821	0.00564	0.00174	0.00566	0.13842	0.00415	0.00665
20	0.00985	0.00493	0.00493	0.00493	0.00616	0.00493	0.00370	0.01232	0.01109	0.01971	0.01725	0.01971	0.01355	0.00616	0.00370	0.00123	0.00246	0.00493	0.84356	0.00493
21	0.01064	0.01244	0.11061	0.19255	0.05737	0.01095	0.23778	0.02854	0.06728	0.01636	0.03541	0.10930	0.06064	0.00722	0.00583	0.00180	0.00656	0.01889	0.00330	0.00653
22	0.01067	0.02687	0.75910	0.01533	0.02305	0.01232	0.04677	0.01675	0.01121	0.01675	0.00953	0.01128	0.00675	0.00500	0.00507	0.00168	0.00785	0.00399	0.00225	0.00779
23	0.01133	0.01095	0.01545	0.04206	0.07266	0.01457	0.01121	0.01358	0.05589	0.01356	0.00897	0.01372	0.00848	0.04148	0.06243	0.00269	0.58751	0.00490	0.00259	0.00598
24	0.01444	0.72924	0.05332	0.00961	0.01411	0.07956	0.00950	0.01626	0.01108	0.01263	0.00749	0.00865	0.00678	0.00461	0.00355	0.00117	0.00603	0.00291	0.00230	0.00677
25	0.02121	0.01078	0.01313	0.01009	0.01410	0.01047	0.00826	0.26699	0.01782	0.46591	0.01738	0.01649	0.01168	0.03700	0.00605	0.00170	0.00492	0.00510	0.00582	0.05509
26	0.01026	0.00888	0.01132	0.00847	0.01252	0.00697	0.05287	0.01260	0.01137	0.01712	0.07183	0.06417	0.05535	0.00577	0.00454	0.00105	0.00400	0.00498	0.00352	0.63241
27	0.01284	0.03834	0.09458	0.03101	0.04606	0.19092	0.08230	0.05051	0.04018	0.01532	0.02484	0.04666	0.03222	0.06913	0.09329	0.00261	0.06807	0.00535	0.00309	0.05266

[dist]
# distance from previous block
# <min> <max>
1	3

[block]
# block no. 6 follows, 46 sequences, length 19
# corresponding to MSA columns:
# 317-335
name=unknown_G
#
# <colnr> <probs for GDERKNQSTAVLIFYWHMCP>
#	G	D	E	R	K	N	Q	S	T	A	V	L	I	F	Y	W	H	M	C	P
0	0.01155	0.13392	0.52126	0.01706	0.14470	0.01343	0.03457	0.01646	0.01127	0.01625	0.00929	0.01117	0.00704	0.00486	0.00483	0.00156	0.00720	0.00392	0.00233	0.02734
1	0.02990	0.01046	0.07853	0.02763	0.06712	0.02832	0.00872	0.03474	0.14492	0.21722	0.03584	0.21925	0.01881	0.04567	0.00661	0.00195	0.00468	0.00781	0.00483	0.00700
2	0.00762	0.00538	0.00708	0.00708	0.00753	0.00584	0.00484	0.00853	0.00808	0.01122	0.01546	0.02795	0.01634	0.44213	0.39504	0.00674	0.00947	0.00672	0.00302	0.00393
3	0.00998	0.00940	0.01586	0.80150	0.03641	0.01175	0.01468	0.01351	0.01057	0.01351	0.00940	0.01409	0.00705	0.00529	0.00529	0.00176	0.00705	0.00470	0.00235	0.00587
4	0.01060	0.02735	0.78682	0.01507	0.02288	0.01228	0.01953	0.01674	0.01116	0.01674	0.00949	0.01116	0.00670	0.00502	0.00502	0.00167	0.00781	0.00391	0.00223	0.00781
5	0.01181	0.01189	0.01716	0.52471	0.22019	0.09604	0.01459	0.01500	0.01141	0.01439	0.00940	0.01335	0.00735	0.00516	0.00522	0.00167	0.00712	0.00456	0.00246	0.00652
6	0.00864	0.00490	0.00686	0.00692	0.00708	0.00499	0.00466	0.00753	0.00749	0.01006	0.01234	0.02298	0.01296	0.20679	0.09918	0.52424	0.00569	0.04113	0.00269	0.00288
7	0.01110	0.06012	0.49219	0.01438	0.01942	0.01400	0.01636	0.01535	0.01011	0.01519	0.00853	0.01117	0.00678	0.00642	0.00907	0.00186	0.27450	0.00410	0.00226	0.00708
8	0.00788	0.00582	0.00741	0.00694	0.00831	0.00556	0.00523	0.01125	0.06835	0.02126	0.72504	0.03810	0.04750	0.01055	0.00617	0.00167	0.00261	0.00931	0.00579	0.00523
9	0.00642	0.00470	0.00604	0.00711	0.00760	0.00432	0.00480	0.00739	0.01036	0.01359	0.03220	0.71558	0.12817	0.01616	0.00669	0.00210	0.00302	0.01454	0.00491	0.00432
10	0.02010	0.01481	0.01587	0.01216	0.01639	0.01639	0.01005	0.76360	0.02486	0.03332	0.01269	0.01269	0.00899	0.00635	0.00529	0.00159	0.00582	0.00476	0.00529	0.00899
11	0.01268	0.01228	0.02134	0.12417	0.64916	0.01251	0.05828	0.01594	0.01189	0.01680	0.00992	0.01327	0.00819	0.00476	0.00530	0.00161	0.00652	0.00480	0.00259	0.00800
12	0.01291	0.25376	0.33481	0.01395	0.03964	0.08301	0.08546	0.01791	0.08146	0.01569	0.00998	0.01138	0.00777	0.00505	0.00468	0.00151	0.00706	0.00398	0.00263	0.00737
13	0.02194	0.01185	0.01404	0.01076	0.01492	0.01201	0.00889	0.38842	0.01991	0.41549	0.01684	0.01539	0.01107	0.00645	0.00530	0.00161	0.00515	0.00504	0.00593	0.00899
