[name]
unknown

[dist]
# distance from previous block
# <min> <max>
6	86

[block]
# block no. 0 follows, 50 sequences, length 114
# corresponding to MSA columns:
# 122-235
name=unknown_A
#
# <colnr> <probs for GDERKNQSTAVLIFYWHMCP>
#	G	D	E	R	K	N	Q	S	T	A	V	L	I	F	Y	W	H	M	C	P
0	0.08704	0.01024	0.02679	0.01035	0.04078	0.02350	0.02882	0.19207	0.13319	0.17818	0.09363	0.04716	0.01531	0.00924	0.06762	0.00209	0.00524	0.01701	0.00467	0.00707
1	0.12510	0.01141	0.05304	0.01032	0.04077	0.05780	0.00815	0.08539	0.30216	0.11701	0.01666	0.10978	0.01369	0.00705	0.00487	0.00162	0.00453	0.00575	0.00445	0.02045
2	0.01363	0.01021	0.01108	0.00946	0.04001	0.10449	0.02273	0.06475	0.04010	0.17826	0.16754	0.01968	0.06526	0.00650	0.00485	0.00132	0.00442	0.00537	0.00435	0.22598
3	0.09024	0.01003	0.01222	0.09636	0.07350	0.02276	0.03551	0.04061	0.34461	0.07459	0.07163	0.01801	0.01441	0.00633	0.00492	0.00160	0.00454	0.02468	0.01734	0.03611
4	0.01150	0.01024	0.03114	0.01964	0.41726	0.00945	0.01101	0.01469	0.05373	0.05580	0.04060	0.07347	0.03983	0.00581	0.00485	0.00139	0.00482	0.00529	0.00323	0.18624
5	0.00975	0.00920	0.01555	0.72345	0.12112	0.01116	0.01401	0.01303	0.01012	0.01314	0.00892	0.01318	0.00679	0.00492	0.00498	0.00164	0.00656	0.00443	0.00224	0.00581
6	0.00759	0.00570	0.00603	0.00574	0.00764	0.00504	0.00438	0.00987	0.06719	0.07077	0.07734	0.04317	0.64839	0.01164	0.00577	0.00167	0.00274	0.00971	0.00481	0.00480
7	0.00929	0.00465	0.00465	0.00465	0.00581	0.00465	0.00348	0.01161	0.01045	0.01858	0.01626	0.01858	0.01278	0.00581	0.00348	0.00116	0.00232	0.00465	0.85250	0.00465
8	0.00600	0.00505	0.00520	0.00516	0.00680	0.00425	0.00387	0.00736	0.01162	0.01407	0.11967	0.04697	0.72215	0.01240	0.00589	0.00167	0.00251	0.01038	0.00471	0.00425
9	0.00705	0.00510	0.00666	0.00627	0.00745	0.00470	0.00470	0.00941	0.01411	0.01999	0.79110	0.03723	0.04703	0.01019	0.00588	0.00157	0.00235	0.00901	0.00549	0.00470
10	0.86003	0.00964	0.00733	0.00655	0.00964	0.01118	0.00540	0.01465	0.00848	0.02236	0.00694	0.00810	0.00540	0.00463	0.00308	0.00154	0.00386	0.00270	0.00308	0.00540
11	0.06943	0.00926	0.01177	0.00907	0.01290	0.00860	0.00749	0.12125	0.01513	0.65405	0.01795	0.01582	0.01144	0.00606	0.00490	0.00154	0.00438	0.00481	0.00584	0.00831
12	0.86003	0.00964	0.00733	0.00655	0.00964	0.01118	0.00540	0.01465	0.00848	0.02236	0.00694	0.00810	0.00540	0.00463	0.00308	0.00154	0.00386	0.00270	0.00308	0.00540
13	0.01045	0.00896	0.01039	0.00754	0.01188	0.00697	0.00602	0.01334	0.05426	0.01650	0.00951	0.01080	0.00783	0.00387	0.00377	0.00079	0.00371	0.00311	0.00307	0.80723
14	0.02202	0.00903	0.01191	0.00913	0.01300	0.00814	0.00754	0.09986	0.01519	0.72032	0.01889	0.01646	0.01195	0.00615	0.00501	0.00154	0.00437	0.00496	0.00605	0.00848
15	0.86003	0.00964	0.00733	0.00655	0.00964	0.01118	0.00540	0.01465	0.00848	0.02236	0.00694	0.00810	0.00540	0.00463	0.00308	0.00154	0.00386	0.00270	0.00308	0.00540
16	0.00725	0.00483	0.00544	0.00544	0.00544	0.00483	0.00302	0.00725	0.00725	0.00966	0.01571	0.03262	0.01812	0.82483	0.02537	0.00483	0.00483	0.00725	0.00302	0.00302
17	0.00712	0.00534	0.00801	0.00801	0.00890	0.00623	0.00623	0.00890	0.00801	0.01157	0.01335	0.01958	0.01246	0.03738	0.80507	0.00801	0.01335	0.00534	0.00267	0.00445
18	0.01922	0.00930	0.01160	0.00924	0.01276	0.00902	0.00752	0.10455	0.16311	0.52204	0.06271	0.01789	0.01444	0.00649	0.00507	0.00157	0.00421	0.00530	0.00579	0.00815
19	0.02155	0.00901	0.01180	0.00913	0.01294	0.00821	0.00751	0.07917	0.05863	0.69745	0.01914	0.01669	0.01222	0.00619	0.00501	0.00155	0.00431	0.00501	0.00602	0.00845
20	0.01176	0.01345	0.02941	0.02101	0.02605	0.01261	0.77563	0.01597	0.01176	0.01597	0.01008	0.01345	0.00756	0.00420	0.00588	0.00168	0.00840	0.00588	0.00252	0.00672
21	0.00758	0.00617	0.00867	0.00848	0.00940	0.03191	0.03205	0.00919	0.00855	0.01187	0.01529	0.15189	0.01553	0.05847	0.57143	0.00632	0.03292	0.00679	0.00298	0.00448
22	0.00597	0.00475	0.00536	0.00584	0.00694	0.00414	0.00414	0.00706	0.01060	0.01316	0.04090	0.37027	0.47560	0.01387	0.00609	0.00183	0.00268	0.01204	0.00463	0.00414
23	0.00613	0.00438	0.00583	0.00690	0.00724	0.00409	0.00463	0.00708	0.00980	0.01314	0.07079	0.77709	0.03376	0.01531	0.00633	0.00200	0.00286	0.01388	0.00468	0.00409
24	0.01234	0.01184	0.02023	0.03059	0.79373	0.01184	0.01530	0.01530	0.01135	0.01628	0.00938	0.01234	0.00790	0.00444	0.00493	0.00148	0.00592	0.00444	0.00247	0.00790
25	0.01139	0.01187	0.01913	0.01573	0.04301	0.02941	0.21989	0.01386	0.03685	0.01355	0.00812	0.01189	0.00718	0.00720	0.01248	0.00199	0.52327	0.00480	0.00239	0.00598
26	0.00613	0.00440	0.00583	0.00696	0.00731	0.00411	0.00471	0.00706	0.00966	0.01282	0.02810	0.77477	0.05464	0.01547	0.00637	0.00202	0.00294	0.03801	0.00463	0.00407
27	0.04386	0.31978	0.09186	0.01149	0.05440	0.03227	0.06992	0.14677	0.01273	0.01724	0.00871	0.00999	0.00705	0.00454	0.00406	0.00122	0.00557	0.00348	0.00286	0.15220
28	0.03463	0.40035	0.04839	0.01073	0.01428	0.39003	0.00934	0.01730	0.01199	0.01234	0.00737	0.00856	0.00638	0.00470	0.00386	0.00120	0.00710	0.00296	0.00236	0.00612
29	0.01288	0.00788	0.00837	0.00710	0.00930	0.00832	0.00564	0.26543	0.01500	0.05019	0.03982	0.01693	0.01244	0.00602	0.00411	0.00130	0.00344	0.00475	0.51503	0.00605
30	0.01183	0.10908	0.01623	0.11787	0.11222	0.03256	0.10924	0.04172	0.05967	0.08008	0.20876	0.01899	0.01817	0.00643	0.00551	0.00154	0.03436	0.00566	0.00371	0.00636
31	0.00675	0.00508	0.00624	0.00595	0.00726	0.00457	0.00446	0.00882	0.01339	0.01828	0.59685	0.04005	0.24235	0.01083	0.00588	0.00160	0.00240	0.00941	0.00526	0.00457
32	0.01333	0.82783	0.02612	0.00853	0.01279	0.01972	0.00853	0.01493	0.01013	0.01173	0.00693	0.00800	0.00640	0.00426	0.00320	0.00107	0.00533	0.00267	0.00213	0.00640
33	0.00636	0.00498	0.00575	0.00574	0.00706	0.00438	0.00423	0.00799	0.01219	0.01586	0.32962	0.13428	0.41969	0.01205	0.00594	0.00168	0.00250	0.01037	0.00496	0.00438
34	0.00657	0.00502	0.00604	0.00595	0.00722	0.00449	0.00443	0.00840	0.01269	0.01695	0.44877	0.11227	0.30813	0.01160	0.00594	0.00166	0.00250	0.02183	0.00509	0.00447
35	0.01020	0.07342	0.75309	0.01387	0.02105	0.01206	0.01783	0.01573	0.01050	0.01554	0.00883	0.01037	0.00632	0.00471	0.00464	0.00155	0.00725	0.00362	0.00211	0.00731
36	0.01224	0.01174	0.02005	0.05744	0.76767	0.01182	0.01525	0.01521	0.01130	0.01616	0.00936	0.01237	0.00785	0.00446	0.00494	0.00149	0.00595	0.00444	0.00246	0.00781
37	0.00607	0.00434	0.00578	0.00694	0.00723	0.00405	0.00463	0.00694	0.00954	0.01272	0.02747	0.82157	0.03297	0.01562	0.00636	0.00202	0.00289	0.01417	0.00463	0.00405
38	0.01034	0.00886	0.01034	0.00738	0.01181	0.00664	0.00591	0.01255	0.01034	0.01624	0.00886	0.01034	0.00738	0.00369	0.00369	0.00074	0.00369	0.00295	0.00295	0.85530
39	0.00720	0.00525	0.00679	0.00638	0.00760	0.00492	0.00479	0.00988	0.03541	0.02001	0.76980	0.03672	0.04615	0.01010	0.00586	0.00157	0.00240	0.00892	0.00548	0.00479
40	0.01034	0.00886	0.01034	0.00738	0.01181	0.00664	0.00591	0.01255	0.01034	0.01624	0.00886	0.01034	0.00738	0.00369	0.00369	0.00074	0.00369	0.00295	0.00295	0.85530
41	0.00724	0.00485	0.00551	0.00551	0.00554	0.00487	0.00311	0.00730	0.00727	0.00972	0.01564	0.03224	0.01796	0.80219	0.04779	0.00492	0.00508	0.00719	0.00301	0.00306
42	0.86003	0.00964	0.00733	0.00655	0.00964	0.01118	0.00540	0.01465	0.00848	0.02236	0.00694	0.00810	0.00540	0.00463	0.00308	0.00154	0.00386	0.00270	0.00308	0.00540
43	0.00607	0.00434	0.00578	0.00694	0.00723	0.00405	0.00463	0.00694	0.00954	0.01272	0.02747	0.82157	0.03297	0.01562	0.00636	0.00202	0.00289	0.01417	0.00463	0.00405
44	0.00705	0.00510	0.00666	0.00627	0.00745	0.00470	0.00470	0.00941	0.01411	0.01999	0.79110	0.03723	0.04703	0.01019	0.00588	0.00157	0.00235	0.00901	0.00549	0.00470
45	0.00941	0.00886	0.01495	0.81285	0.03433	0.01107	0.01384	0.01274	0.00997	0.01274	0.00886	0.01329	0.00664	0.00498	0.00498	0.00166	0.00664	0.00443	0.00221	0.00554
46	0.00723	0.00491	0.00585	0.00585	0.00600	0.00506	0.00354	0.00752	0.00737	0.00997	0.01532	0.03051	0.01721	0.69758	0.15137	0.00535	0.00621	0.00694	0.00296	0.00325
47	0.86003	0.00964	0.00733	0.00655	0.00964	0.01118	0.00540	0.01465	0.00848	0.02236	0.00694	0.00810	0.00540	0.00463	0.00308	0.00154	0.00386	0.00270	0.00308	0.00540
48	0.00705	0.00510	0.00666	0.00627	0.00745	0.00470	0.00470	0.00941	0.01411	0.01999	0.79110	0.03723	0.04703	0.01019	0.00588	0.00157	0.00235	0.00901	0.00549	0.00470
49	0.02236	0.00848	0.01157	0.00887	0.01272	0.00733	0.00733	0.02429	0.01427	0.79719	0.01966	0.01697	0.01234	0.00617	0.00501	0.00154	0.00424	0.00501	0.00617	0.00848
50	0.01034	0.00886	0.01034	0.00738	0.01181	0.00664	0.00591	0.01255	0.01034	0.01624	0.00886	0.01034	0.00738	0.00369	0.00369	0.00074	0.00369	0.00295	0.00295	0.85530
51	0.01333	0.82783	0.02612	0.00853	0.01279	0.01972	0.00853	0.01493	0.01013	0.01173	0.00693	0.00800	0.00640	0.00426	0.00320	0.00107	0.00533	0.00267	0.00213	0.00640
52	0.01091	0.01091	0.01527	0.01309	0.01309	0.01527	0.01091	0.01200	0.00763	0.01200	0.00654	0.01091	0.00654	0.00872	0.01636	0.00218	0.81570	0.00436	0.00218	0.00545
53	0.01034	0.00886	0.01034	0.00738	0.01181	0.00664	0.00591	0.01255	0.01034	0.01624	0.00886	0.01034	0.00738	0.00369	0.00369	0.00074	0.00369	0.00295	0.00295	0.85530
54	0.01000	0.02578	0.79900	0.01421	0.02157	0.01158	0.01842	0.01579	0.01052	0.01579	0.00895	0.01052	0.00631	0.00474	0.00474	0.00158	0.00737	0.00368	0.00210	0.00737
55	0.00705	0.00510	0.00666	0.00627	0.00745	0.00470	0.00470	0.00941	0.01411	0.01999	0.79110	0.03723	0.04703	0.01019	0.00588	0.00157	0.00235	0.00901	0.00549	0.00470
56	0.01234	0.01184	0.02023	0.03059	0.79373	0.01184	0.01530	0.01530	0.01135	0.01628	0.00938	0.01234	0.00790	0.00444	0.00493	0.00148	0.00592	0.00444	0.00247	0.00790
57	0.01815	0.02300	0.01417	0.05332	0.01637	0.76465	0.00984	0.01954	0.01391	0.01223	0.00776	0.00921	0.00643	0.00513	0.00452	0.00130	0.00887	0.00327	0.00255	0.00577
58	0.00705	0.00510	0.00666	0.00627	0.00745	0.00470	0.00470	0.00941	0.01411	0.01999	0.79110	0.03723	0.04703	0.01019	0.00588	0.00157	0.00235	0.00901	0.00549	0.00470
59	0.00615	0.00543	0.00523	0.00521	0.00691	0.02041	0.00391	0.00741	0.01142	0.01344	0.04963	0.04718	0.77582	0.01247	0.00586	0.00168	0.00266	0.01037	0.00459	0.00424
60	0.01823	0.02311	0.01418	0.01285	0.01529	0.76486	0.00970	0.01950	0.01380	0.01219	0.00765	0.00909	0.00643	0.00532	0.00509	0.00133	0.04981	0.00327	0.00255	0.00576
61	0.01263	0.01082	0.01140	0.01019	0.01305	0.01251	0.00795	0.05282	0.75802	0.02122	0.02000	0.01836	0.01498	0.00674	0.00507	0.00168	0.00400	0.00560	0.00507	0.00791
62	0.00725	0.00483	0.00544	0.00544	0.00544	0.00483	0.00302	0.00725	0.00725	0.00966	0.01571	0.03262	0.01812	0.82483	0.02537	0.00483	0.00483	0.00725	0.00302	0.00302
63	0.01412	0.01289	0.01215	0.01068	0.01363	0.11884	0.00834	0.12729	0.57849	0.02112	0.01748	0.01641	0.01313	0.00644	0.00498	0.00161	0.00483	0.00516	0.00473	0.00769
64	0.01228	0.01178	0.02012	0.04644	0.77835	0.01183	0.01527	0.01525	0.01132	0.01621	0.00937	0.01236	0.00787	0.00445	0.00494	0.00148	0.00594	0.00444	0.00246	0.00785
65	0.01240	0.01071	0.01127	0.01014	0.01296	0.01240	0.00789	0.02649	0.78473	0.02085	0.02029	0.01860	0.01522	0.00676	0.00507	0.00169	0.00394	0.00564	0.00507	0.00789
66	0.02236	0.00848	0.01157	0.00887	0.01272	0.00733	0.00733	0.02429	0.01427	0.79719	0.01966	0.01697	0.01234	0.00617	0.00501	0.00154	0.00424	0.00501	0.00617	0.00848
67	0.06135	0.05080	0.61860	0.01300	0.01940	0.01165	0.01596	0.05883	0.01127	0.03848	0.01011	0.01286	0.00768	0.00528	0.00471	0.00159	0.00675	0.04195	0.00257	0.00717
68	0.01518	0.01717	0.01488	0.01346	0.04175	0.38347	0.01035	0.07567	0.01203	0.01376	0.00761	0.01014	0.00668	0.00669	0.00953	0.00168	0.34758	0.00384	0.00259	0.00593
69	0.01084	0.01036	0.05839	0.01038	0.09505	0.00780	0.00777	0.04049	0.01092	0.01676	0.00903	0.01062	0.00741	0.00391	0.00393	0.00089	0.00421	0.00321	0.00292	0.68508
70	0.03617	0.02810	0.01462	0.56745	0.02815	0.15656	0.01229	0.05748	0.01146	0.01406	0.00886	0.01227	0.00678	0.00506	0.00478	0.00156	0.00682	0.00413	0.01767	0.00575
71	0.00683	0.00475	0.00589	0.00614	0.00656	0.00455	0.00400	0.00776	0.00990	0.01354	0.23877	0.27917	0.03092	0.34278	0.01395	0.00304	0.00353	0.00990	0.00422	0.00382
72	0.01183	0.01196	0.01642	0.50146	0.09310	0.12345	0.07262	0.06677	0.01169	0.01448	0.00900	0.01248	0.00691	0.00504	0.00521	0.00159	0.02305	0.00438	0.00250	0.00606
73	0.00723	0.00492	0.00586	0.00586	0.00601	0.00506	0.00355	0.00752	0.00737	0.00998	0.01532	0.03046	0.01719	0.69470	0.15421	0.00536	0.00624	0.00693	0.00296	0.00326
74	0.00687	0.00481	0.00618	0.00650	0.00686	0.00492	0.00432	0.00755	0.00822	0.01111	0.01955	0.25282	0.04860	0.35527	0.21052	0.02371	0.00628	0.00879	0.00343	0.00369
75	0.86003	0.00964	0.00733	0.00655	0.00964	0.01118	0.00540	0.01465	0.00848	0.02236	0.00694	0.00810	0.00540	0.00463	0.00308	0.00154	0.00386	0.00270	0.00308	0.00540
76	0.01862	0.02376	0.01413	0.01284	0.01541	0.80482	0.00963	0.01990	0.01413	0.01220	0.00770	0.00899	0.00642	0.00514	0.00449	0.00128	0.00899	0.00321	0.00257	0.00578
77	0.00652	0.00480	0.00610	0.00635	0.00726	0.00438	0.00454	0.00815	0.01198	0.01630	0.39586	0.33678	0.14735	0.01260	0.00606	0.00176	0.00258	0.01119	0.00504	0.00438
78	0.01801	0.01126	0.01263	0.00998	0.01351	0.01197	0.00815	0.41586	0.11996	0.22045	0.01540	0.01473	0.01075	0.00612	0.00486	0.00150	0.00466	0.00479	0.08740	0.00803
79	0.00611	0.00437	0.00582	0.00692	0.00724	0.00407	0.00463	0.00703	0.00971	0.01299	0.05499	0.79331	0.03347	0.01542	0.00634	0.00201	0.00287	0.01398	0.00466	0.00407
80	0.86003	0.00964	0.00733	0.00655	0.00964	0.01118	0.00540	0.01465	0.00848	0.02236	0.00694	0.00810	0.00540	0.00463	0.00308	0.00154	0.00386	0.00270	0.00308	0.00540
81	0.01212	0.01158	0.04229	0.10690	0.39491	0.01173	0.05680	0.03911	0.19703	0.03057	0.02596	0.01514	0.01054	0.00537	0.00507	0.00158	0.00559	0.01692	0.00327	0.00747
82	0.01333	0.82783	0.02612	0.00853	0.01279	0.01972	0.00853	0.01493	0.01013	0.01173	0.00693	0.00800	0.00640	0.00426	0.00320	0.00107	0.00533	0.00267	0.00213	0.00640
83	0.00690	0.00505	0.00621	0.00599	0.00699	0.00473	0.00429	0.00855	0.01188	0.01627	0.46113	0.03711	0.16595	0.17995	0.05523	0.00263	0.00352	0.00870	0.00467	0.00426
84	0.01602	0.01279	0.01329	0.01092	0.01434	0.03679	0.00877	0.42101	0.36225	0.02616	0.01555	0.01483	0.01142	0.00631	0.00501	0.00158	0.00490	0.00496	0.00495	0.00814
85	0.00607	0.00434	0.00578	0.00694	0.00723	0.00405	0.00463	0.00694	0.00954	0.01272	0.02747	0.82157	0.03297	0.01562	0.00636	0.00202	0.00289	0.01417	0.00463	0.00405
86	0.01273	0.10947	0.11299	0.05265	0.13532	0.07068	0.34246	0.03173	0.01172	0.04291	0.00957	0.01203	0.00738	0.00460	0.00531	0.00154	0.02276	0.00470	0.00258	0.00689
87	0.03440	0.21712	0.48708	0.01336	0.01950	0.03137	0.10066	0.01566	0.01059	0.01493	0.00851	0.01014	0.00645	0.00457	0.00444	0.00146	0.00693	0.00365	0.00220	0.00697
88	0.00607	0.00434	0.00578	0.00694	0.00723	0.00405	0.00463	0.00694	0.00954	0.01272	0.02747	0.82157	0.03297	0.01562	0.00636	0.00202	0.00289	0.01417	0.00463	0.00405
89	0.00941	0.00886	0.01495	0.81285	0.03433	0.01107	0.01384	0.01274	0.00997	0.01274	0.00886	0.01329	0.00664	0.00498	0.00498	0.00166	0.00664	0.00443	0.00221	0.00554
90	0.01248	0.23003	0.30307	0.04213	0.07039	0.08377	0.09087	0.05472	0.03996	0.01534	0.00902	0.01062	0.00702	0.00472	0.00448	0.00143	0.00674	0.00379	0.00248	0.00696
91	0.01008	0.00958	0.01430	0.52002	0.05378	0.07016	0.06352	0.01278	0.01028	0.01320	0.01069	0.07216	0.00914	0.00637	0.00574	0.04480	0.00625	0.00515	0.05659	0.00538
92	0.00712	0.00534	0.00801	0.00801	0.00890	0.00623	0.00623	0.00890	0.00801	0.01157	0.01335	0.01958	0.01246	0.03738	0.80507	0.00801	0.01335	0.00534	0.00267	0.00445
93	0.01169	0.12916	0.01676	0.01242	0.01318	0.06069	0.01049	0.01287	0.00836	0.01197	0.00666	0.01038	0.00652	0.00788	0.01379	0.00197	0.65337	0.00405	0.00220	0.00561
94	0.01872	0.00770	0.01028	0.00815	0.01144	0.00667	0.00663	0.02064	0.01397	0.61711	0.12711	0.02267	0.09142	0.00733	0.00521	0.00156	0.00382	0.00608	0.00593	0.00756
95	0.00702	0.00509	0.00661	0.00623	0.00742	0.00469	0.00467	0.00933	0.01402	0.01978	0.76734	0.03758	0.07093	0.01027	0.00588	0.00157	0.00236	0.00906	0.00546	0.00469
96	0.00616	0.00441	0.00587	0.00688	0.00725	0.00411	0.00463	0.00717	0.00997	0.01340	0.09831	0.74881	0.03427	0.01511	0.00632	0.00198	0.00284	0.01369	0.00471	0.00411
97	0.00607	0.00434	0.00578	0.00694	0.00723	0.00405	0.00463	0.00694	0.00954	0.01272	0.02747	0.82157	0.03297	0.01562	0.00636	0.00202	0.00289	0.01417	0.00463	0.00405
98	0.01358	0.01020	0.01107	0.00978	0.01267	0.01146	0.00766	0.02567	0.65708	0.12126	0.02006	0.01839	0.01476	0.00665	0.00501	0.00165	0.00392	0.00552	0.03576	0.00785
99	0.00712	0.00534	0.00801	0.00801	0.00890	0.00623	0.00623	0.00890	0.00801	0.01157	0.01335	0.01958	0.01246	0.03738	0.80507	0.00801	0.01335	0.00534	0.00267	0.00445
100	0.86003	0.00964	0.00733	0.00655	0.00964	0.01118	0.00540	0.01465	0.00848	0.02236	0.00694	0.00810	0.00540	0.00463	0.00308	0.00154	0.00386	0.00270	0.00308	0.00540
101	0.02199	0.00908	0.01194	0.00915	0.01302	0.00821	0.00756	0.10611	0.01526	0.71396	0.01883	0.01642	0.01192	0.00615	0.00501	0.00154	0.00438	0.00496	0.00604	0.00848
102	0.01274	0.61114	0.20657	0.01001	0.01494	0.04611	0.01088	0.01531	0.01036	0.01269	0.00743	0.00862	0.00638	0.00441	0.00360	0.00119	0.00594	0.00292	0.00214	0.00660
103	0.01125	0.01173	0.02274	0.06374	0.09999	0.01154	0.46549	0.05751	0.01213	0.01638	0.04240	0.01770	0.09351	0.00571	0.00618	0.00167	0.04479	0.00612	0.00296	0.00647
104	0.01333	0.82783	0.02612	0.00853	0.01279	0.01972	0.00853	0.01493	0.01013	0.01173	0.00693	0.00800	0.00640	0.00426	0.00320	0.00107	0.00533	0.00267	0.00213	0.00640
105	0.01224	0.01194	0.01442	0.54380	0.02764	0.16341	0.01221	0.06876	0.01181	0.04219	0.00941	0.01273	0.00715	0.00632	0.03424	0.00181	0.00717	0.00425	0.00264	0.00586
106	0.01182	0.01595	0.21752	0.04124	0.07426	0.05683	0.20925	0.03322	0.17132	0.01685	0.01153	0.01310	0.00873	0.00509	0.00537	0.00156	0.02983	0.00469	0.00300	0.06884
107	0.00607	0.00434	0.00578	0.00694	0.00723	0.00405	0.00463	0.00694	0.00954	0.01272	0.02747	0.82157	0.03297	0.01562	0.00636	0.00202	0.00289	0.01417	0.00463	0.00405
108	0.19942	0.11112	0.18786	0.01219	0.01639	0.27971	0.09609	0.01685	0.01138	0.01558	0.00799	0.00952	0.00630	0.00473	0.00425	0.00142	0.00703	0.00344	0.00252	0.00622
109	0.00597	0.00484	0.00530	0.00562	0.00689	0.00417	0.00405	0.00714	0.01089	0.01338	0.05902	0.27233	0.55614	0.01344	0.00603	0.00178	0.00263	0.01155	0.00465	0.00417
110	0.01129	0.05570	0.21213	0.01141	0.07171	0.00928	0.03347	0.01472	0.02638	0.05840	0.00967	0.01103	0.00753	0.00425	0.00419	0.00111	0.00505	0.00349	0.00287	0.44632
111	0.13901	0.02067	0.01272	0.01156	0.01413	0.64526	0.00874	0.01855	0.01331	0.01410	0.05203	0.01046	0.00858	0.00535	0.00437	0.00134	0.00787	0.00347	0.00281	0.00566
112	0.01019	0.07127	0.75516	0.01388	0.02108	0.01204	0.01786	0.01574	0.01050	0.01556	0.00883	0.01038	0.00632	0.00471	0.00465	0.00155	0.00725	0.00363	0.00211	0.00731
113	0.06151	0.15958	0.07242	0.03928	0.01753	0.10183	0.18414	0.09193	0.16047	0.01733	0.01097	0.01222	0.00851	0.00523	0.00513	0.00151	0.03601	0.00440	0.00317	0.00684

[dist]
# distance from previous block
# <min> <max>
0	1

[block]
# block no. 1 follows, 50 sequences, length 24
# corresponding to MSA columns:
# 237-260
name=unknown_B
#
# <colnr> <probs for GDERKNQSTAVLIFYWHMCP>
#	G	D	E	R	K	N	Q	S	T	A	V	L	I	F	Y	W	H	M	C	P
0	0.01018	0.01152	0.09974	0.03259	0.12303	0.00971	0.30383	0.01357	0.03574	0.03004	0.01557	0.17882	0.03897	0.06499	0.00705	0.00193	0.00615	0.00732	0.00315	0.00611
1	0.13813	0.02315	0.01415	0.12106	0.13731	0.01022	0.07956	0.05448	0.05999	0.04146	0.01181	0.01489	0.02815	0.00527	0.00456	0.00141	0.00506	0.04032	0.00320	0.20582
2	0.01636	0.01984	0.01505	0.04222	0.10791	0.56082	0.01064	0.01788	0.01264	0.01267	0.00776	0.00983	0.00662	0.00561	0.00641	0.00146	0.13424	0.00358	0.00248	0.00597
3	0.00693	0.00509	0.00649	0.00614	0.00737	0.00465	0.00461	0.00917	0.01382	0.01931	0.71355	0.03836	0.12501	0.01044	0.00588	0.00158	0.00237	0.00917	0.00540	0.00465
4	0.00599	0.00467	0.00545	0.00607	0.00700	0.00412	0.00424	0.00704	0.01038	0.01307	0.03808	0.46515	0.38255	0.01424	0.00615	0.00187	0.00272	0.01249	0.00463	0.00412
5	0.01913	0.01366	0.01477	0.01133	0.01531	0.01501	0.00936	0.73591	0.02293	0.07333	0.01239	0.01224	0.00869	0.00599	0.00499	0.00150	0.00542	0.00452	0.00505	0.00848
6	0.02236	0.00848	0.01157	0.00887	0.01272	0.00733	0.00733	0.02429	0.01427	0.79719	0.01966	0.01697	0.01234	0.00617	0.00501	0.00154	0.00424	0.00501	0.00617	0.00848
7	0.00941	0.00886	0.01495	0.81285	0.03433	0.01107	0.01384	0.01274	0.00997	0.01274	0.00886	0.01329	0.00664	0.00498	0.00498	0.00166	0.00664	0.00443	0.00221	0.00554
8	0.01173	0.01756	0.32081	0.02071	0.33611	0.04726	0.06913	0.04147	0.01155	0.01653	0.00965	0.01189	0.00748	0.00470	0.00483	0.00151	0.00658	0.00421	0.04895	0.00735
9	0.00720	0.00481	0.00545	0.00550	0.00551	0.00480	0.00308	0.00724	0.00734	0.00979	0.01618	0.06420	0.01872	0.79244	0.02461	0.00472	0.00475	0.00753	0.00308	0.00306
10	0.00705	0.00510	0.00666	0.00627	0.00745	0.00470	0.00470	0.00941	0.01411	0.01999	0.79110	0.03723	0.04703	0.01019	0.00588	0.00157	0.00235	0.00901	0.00549	0.00470
11	0.19199	0.00931	0.03078	0.00861	0.01240	0.00844	0.00728	0.04325	0.01325	0.59858	0.01659	0.01486	0.01067	0.00581	0.00461	0.00154	0.00428	0.00449	0.00541	0.00783
12	0.00866	0.00433	0.00649	0.00649	0.00649	0.00433	0.00433	0.00649	0.00649	0.00866	0.00866	0.01515	0.00866	0.01732	0.01948	0.85498	0.00433	0.00433	0.00216	0.00216
13	0.00712	0.00534	0.00801	0.00801	0.00890	0.00623	0.00623	0.00890	0.00801	0.01157	0.01335	0.01958	0.01246	0.03738	0.80507	0.00801	0.01335	0.00534	0.00267	0.00445
14	0.01862	0.02376	0.01413	0.01284	0.01541	0.80482	0.00963	0.01990	0.01413	0.01220	0.00770	0.00899	0.00642	0.00514	0.00449	0.00128	0.00899	0.00321	0.00257	0.00578
15	0.86003	0.00964	0.00733	0.00655	0.00964	0.01118	0.00540	0.01465	0.00848	0.02236	0.00694	0.00810	0.00540	0.00463	0.00308	0.00154	0.00386	0.00270	0.00308	0.00540
16	0.00651	0.00499	0.00745	0.00792	0.00855	0.00475	0.05408	0.00766	0.00958	0.01285	0.02536	0.71318	0.02989	0.01642	0.06277	0.00243	0.00398	0.01302	0.00435	0.00425
17	0.01034	0.00886	0.01034	0.00738	0.01181	0.00664	0.00591	0.01255	0.01034	0.01624	0.00886	0.01034	0.00738	0.00369	0.00369	0.00074	0.00369	0.00295	0.00295	0.85530
18	0.70488	0.01151	0.05161	0.00780	0.01088	0.06226	0.00674	0.01488	0.00890	0.02068	0.00707	0.00847	0.00559	0.00493	0.00412	0.00157	0.05675	0.00289	0.00294	0.00553
19	0.01628	0.00746	0.02774	0.00805	0.01064	0.00639	0.00636	0.01778	0.01203	0.48898	0.02006	0.16690	0.01694	0.14376	0.02508	0.00231	0.00435	0.00704	0.00520	0.00666
20	0.01039	0.07586	0.67163	0.01453	0.02146	0.01220	0.09444	0.01575	0.01062	0.01554	0.00893	0.01066	0.00645	0.00465	0.00475	0.00156	0.00734	0.00384	0.00215	0.00724
21	0.01604	0.03955	0.01655	0.01474	0.06582	0.51625	0.08726	0.01770	0.01247	0.01279	0.00783	0.00996	0.00665	0.00561	0.00671	0.00149	0.15039	0.00375	0.00248	0.00597
22	0.00622	0.00442	0.00582	0.00680	0.00713	0.00415	0.00453	0.00713	0.00972	0.01304	0.08068	0.71525	0.03300	0.06744	0.00755	0.00217	0.00298	0.01336	0.00458	0.00403
23	0.01654	0.01780	0.03260	0.01412	0.04782	0.41977	0.15359	0.05492	0.01396	0.10669	0.06521	0.01307	0.01035	0.00544	0.00496	0.00143	0.00753	0.00445	0.00329	0.00644

[dist]
# distance from previous block
# <min> <max>
0	2

[block]
# block no. 2 follows, 50 sequences, length 27
# corresponding to MSA columns:
# 269-295
name=unknown_C
#
# <colnr> <probs for GDERKNQSTAVLIFYWHMCP>
#	G	D	E	R	K	N	Q	S	T	A	V	L	I	F	Y	W	H	M	C	P
0	0.01079	0.00913	0.01058	0.00760	0.01200	0.00710	0.00609	0.05245	0.01102	0.01703	0.00902	0.01042	0.00744	0.00381	0.00376	0.00078	0.00378	0.00303	0.00306	0.81111
1	0.01350	0.67801	0.02368	0.00909	0.01288	0.09821	0.00861	0.01503	0.01044	0.01184	0.00837	0.00951	0.03128	0.00485	0.00410	0.00117	0.04790	0.00306	0.00226	0.00622
2	0.00607	0.00434	0.00578	0.00694	0.00723	0.00405	0.00463	0.00694	0.00954	0.01272	0.02747	0.82157	0.03297	0.01562	0.00636	0.00202	0.00289	0.01417	0.00463	0.00405
3	0.04500	0.01411	0.01533	0.01183	0.01575	0.04772	0.04929	0.66024	0.04399	0.02922	0.01177	0.01199	0.00844	0.00584	0.00495	0.00150	0.00569	0.00448	0.00470	0.00816
4	0.82167	0.01028	0.00764	0.00684	0.00990	0.04736	0.00559	0.01489	0.00874	0.02190	0.00698	0.00814	0.00544	0.00465	0.00315	0.00153	0.00409	0.00272	0.00306	0.00542
5	0.01167	0.07638	0.12468	0.32325	0.17107	0.07260	0.05170	0.04417	0.04925	0.01497	0.00947	0.01221	0.00734	0.00489	0.00482	0.00154	0.00660	0.00424	0.00253	0.00660
6	0.01499	0.26950	0.06726	0.01041	0.01430	0.06885	0.00932	0.27089	0.16704	0.02058	0.03249	0.01241	0.00991	0.00557	0.00442	0.00139	0.00541	0.00413	0.00378	0.00736
7	0.00904	0.00545	0.00720	0.00690	0.00828	0.00498	0.00521	0.01098	0.01294	0.12833	0.45715	0.20349	0.05916	0.01104	0.00591	0.00170	0.00286	0.04899	0.00533	0.00508
8	0.01291	0.00963	0.01061	0.00944	0.01215	0.01066	0.00735	0.02374	0.57927	0.12196	0.07677	0.04670	0.04183	0.00740	0.00519	0.00167	0.00379	0.00623	0.00522	0.00750
9	0.00599	0.00476	0.00538	0.00584	0.00695	0.00416	0.00415	0.00712	0.01070	0.01333	0.05954	0.35855	0.46844	0.01377	0.00608	0.00182	0.00267	0.01195	0.00465	0.00416
10	0.00639	0.00475	0.00596	0.00634	0.00721	0.00431	0.00449	0.00787	0.01153	0.01547	0.30578	0.39125	0.18417	0.01309	0.00610	0.00179	0.00263	0.01162	0.00494	0.00431
11	0.86003	0.00964	0.00733	0.00655	0.00964	0.01118	0.00540	0.01465	0.00848	0.02236	0.00694	0.00810	0.00540	0.00463	0.00308	0.00154	0.00386	0.00270	0.00308	0.00540
12	0.01176	0.01345	0.02941	0.02101	0.02605	0.01261	0.77563	0.01597	0.01176	0.01597	0.01008	0.01345	0.00756	0.00420	0.00588	0.00168	0.00840	0.00588	0.00252	0.00672
13	0.86003	0.00964	0.00733	0.00655	0.00964	0.01118	0.00540	0.01465	0.00848	0.02236	0.00694	0.00810	0.00540	0.00463	0.00308	0.00154	0.00386	0.00270	0.00308	0.00540
14	0.01862	0.02376	0.01413	0.01284	0.01541	0.80482	0.00963	0.01990	0.01413	0.01220	0.00770	0.00899	0.00642	0.00514	0.00449	0.00128	0.00899	0.00321	0.00257	0.00578
15	0.00705	0.00510	0.00666	0.00627	0.00745	0.00470	0.00470	0.00941	0.01411	0.01999	0.79110	0.03723	0.04703	0.01019	0.00588	0.00157	0.00235	0.00901	0.00549	0.00470
16	0.02236	0.00848	0.01157	0.00887	0.01272	0.00733	0.00733	0.02429	0.01427	0.79719	0.01966	0.01697	0.01234	0.00617	0.00501	0.00154	0.00424	0.00501	0.00617	0.00848
17	0.00690	0.00510	0.00645	0.00615	0.00741	0.00465	0.00464	0.00908	0.01362	0.01885	0.65734	0.03937	0.16198	0.01066	0.00591	0.00160	0.00243	0.02789	0.00533	0.00462
18	0.01333	0.82783	0.02612	0.00853	0.01279	0.01972	0.00853	0.01493	0.01013	0.01173	0.00693	0.00800	0.00640	0.00426	0.00320	0.00107	0.00533	0.00267	0.00213	0.00640
19	0.00820	0.00534	0.00698	0.00645	0.00784	0.00488	0.00488	0.01045	0.01393	0.08083	0.68943	0.05464	0.06682	0.01008	0.00582	0.00158	0.00252	0.00887	0.00549	0.00497
20	0.02236	0.00848	0.01157	0.00887	0.01272	0.00733	0.00733	0.02429	0.01427	0.79719	0.01966	0.01697	0.01234	0.00617	0.00501	0.00154	0.00424	0.00501	0.00617	0.00848
21	0.00941	0.00886	0.01495	0.81285	0.03433	0.01107	0.01384	0.01274	0.00997	0.01274	0.00886	0.01329	0.00664	0.00498	0.00498	0.00166	0.00664	0.00443	0.00221	0.00554
22	0.00686	0.00533	0.00642	0.00695	0.00835	0.00489	0.00570	0.00859	0.01142	0.01422	0.05527	0.07375	0.41768	0.01316	0.00634	0.00196	0.00344	0.34066	0.00463	0.00438
23	0.00632	0.00455	0.00599	0.00672	0.00727	0.00422	0.00462	0.00757	0.01075	0.01459	0.22220	0.60190	0.05644	0.01416	0.00623	0.00190	0.00274	0.01276	0.00485	0.00422
24	0.00607	0.00434	0.00578	0.00694	0.00723	0.00405	0.00463	0.00694	0.00954	0.01272	0.02747	0.82157	0.03297	0.01562	0.00636	0.00202	0.00289	0.01417	0.00463	0.00405
25	0.03487	0.01308	0.01435	0.05532	0.01606	0.01451	0.00941	0.62493	0.08332	0.06426	0.01272	0.01272	0.00903	0.00597	0.00496	0.00152	0.00534	0.00457	0.00486	0.00821
26	0.05929	0.01073	0.01151	0.00864	0.01278	0.03383	0.00697	0.21195	0.03410	0.02052	0.00983	0.01081	0.00773	0.00446	0.00406	0.00102	0.00434	0.00342	0.00353	0.54047

[dist]
# distance from previous block
# <min> <max>
0	7

[block]
# block no. 3 follows, 50 sequences, length 86
# corresponding to MSA columns:
# 303-363,365-389
name=unknown_D
#
# <colnr> <probs for GDERKNQSTAVLIFYWHMCP>
#	G	D	E	R	K	N	Q	S	T	A	V	L	I	F	Y	W	H	M	C	P
0	0.01271	0.01152	0.01657	0.02250	0.49549	0.05098	0.01223	0.06194	0.10780	0.04411	0.04275	0.04499	0.04248	0.00586	0.00506	0.00153	0.00537	0.00532	0.00335	0.00744
1	0.01277	0.01089	0.01148	0.01022	0.01310	0.01257	0.00798	0.06920	0.74141	0.02145	0.01981	0.01822	0.01483	0.00672	0.00507	0.00168	0.00403	0.00557	0.00507	0.00792
2	0.01333	0.82783	0.02612	0.00853	0.01279	0.01972	0.00853	0.01493	0.01013	0.01173	0.00693	0.00800	0.00640	0.00426	0.00320	0.00107	0.00533	0.00267	0.00213	0.00640
3	0.00876	0.00732	0.00761	0.00711	0.00928	0.00746	0.00546	0.01503	0.31280	0.03212	0.03810	0.03590	0.47342	0.01021	0.00555	0.00168	0.00311	0.00851	0.00483	0.00573
4	0.01240	0.01071	0.01127	0.01014	0.01296	0.01240	0.00789	0.02649	0.78473	0.02085	0.02029	0.01860	0.01522	0.00676	0.00507	0.00169	0.00394	0.00564	0.00507	0.00789
5	0.01179	0.12885	0.57885	0.01305	0.01950	0.01323	0.01577	0.13132	0.01243	0.01763	0.00914	0.01041	0.00665	0.00486	0.00457	0.00150	0.00681	0.00367	0.00255	0.00741
6	0.00736	0.00570	0.00847	0.00833	0.00917	0.00681	0.00653	0.00910	0.00799	0.01160	0.01292	0.01903	0.01208	0.03555	0.75475	0.00764	0.06455	0.00528	0.00264	0.00451
7	0.02223	0.00869	0.01170	0.00897	0.01283	0.00763	0.00741	0.05268	0.01461	0.76831	0.01937	0.01678	0.01219	0.00616	0.00501	0.00154	0.00429	0.00499	0.00612	0.00848
8	0.00615	0.00439	0.00587	0.00702	0.00735	0.00411	0.00476	0.00707	0.00962	0.01281	0.02743	0.79272	0.03281	0.01555	0.00638	0.00203	0.00296	0.04230	0.00463	0.00407
9	0.01077	0.14724	0.66451	0.01323	0.02005	0.01272	0.01667	0.01584	0.01054	0.03212	0.00887	0.01028	0.00646	0.00470	0.00451	0.00150	0.00699	0.00356	0.00220	0.00724
10	0.01819	0.00810	0.01054	0.00849	0.01169	0.00746	0.00687	0.03403	0.09194	0.54638	0.12470	0.02055	0.03378	0.00765	0.02444	0.00171	0.00411	0.00573	0.02600	0.00763
11	0.00607	0.00434	0.00578	0.00694	0.00723	0.00405	0.00463	0.00694	0.00954	0.01272	0.02747	0.82157	0.03297	0.01562	0.00636	0.00202	0.00289	0.01417	0.00463	0.00405
12	0.01981	0.01220	0.01382	0.01064	0.01455	0.01289	0.00877	0.52617	0.04168	0.26526	0.01455	0.01368	0.00984	0.00606	0.00500	0.00152	0.00506	0.00468	0.00535	0.00846
13	0.01188	0.01051	0.03224	0.54411	0.05167	0.03073	0.03707	0.12427	0.01232	0.05589	0.00997	0.01314	0.00735	0.00522	0.00516	0.00162	0.01991	0.00447	0.01621	0.00625
14	0.01895	0.01396	0.01496	0.01147	0.01546	0.01546	0.00947	0.77711	0.02344	0.03141	0.01197	0.01197	0.00848	0.00598	0.00499	0.00150	0.00548	0.00449	0.00499	0.00848
15	0.01227	0.01292	0.02146	0.15371	0.37661	0.08506	0.23397	0.01550	0.01150	0.01524	0.00934	0.01250	0.00746	0.00452	0.00518	0.00155	0.00704	0.00474	0.00245	0.00698
16	0.00668	0.00508	0.00614	0.00588	0.00722	0.00454	0.00441	0.00868	0.01322	0.01788	0.55165	0.04070	0.28780	0.01098	0.00588	0.00161	0.00241	0.00950	0.00521	0.00454
17	0.01096	0.03557	0.47103	0.01996	0.27286	0.01190	0.07623	0.01562	0.01088	0.01588	0.00914	0.01129	0.00693	0.00459	0.00486	0.00154	0.00694	0.00408	0.00226	0.00747
18	0.01191	0.01204	0.01683	0.31170	0.16807	0.10085	0.10543	0.01731	0.17396	0.01544	0.01138	0.01376	0.00877	0.00518	0.00505	0.00159	0.00642	0.00473	0.00294	0.00664
19	0.00705	0.00510	0.00666	0.00627	0.00745	0.00470	0.00470	0.00941	0.01411	0.01999	0.79110	0.03723	0.04703	0.01019	0.00588	0.00157	0.00235	0.00901	0.00549	0.00470
20	0.00983	0.00837	0.01189	0.01067	0.01121	0.01092	0.00866	0.01121	0.00821	0.05203	0.01081	0.05521	0.01038	0.01964	0.30985	0.00432	0.43368	0.00525	0.00269	0.00516
21	0.00617	0.00441	0.00590	0.00705	0.00739	0.00413	0.00480	0.00711	0.00964	0.01284	0.02742	0.78244	0.03275	0.01552	0.00639	0.00204	0.00298	0.05232	0.00463	0.00408
22	0.00700	0.00509	0.00658	0.00621	0.00741	0.00468	0.00466	0.00929	0.01397	0.01965	0.75323	0.03778	0.08511	0.01031	0.00588	0.00157	0.00236	0.00909	0.00544	0.00468
23	0.86003	0.00964	0.00733	0.00655	0.00964	0.01118	0.00540	0.01465	0.00848	0.02236	0.00694	0.00810	0.00540	0.00463	0.00308	0.00154	0.00386	0.00270	0.00308	0.00540
24	0.00941	0.00886	0.01495	0.81285	0.03433	0.01107	0.01384	0.01274	0.00997	0.01274	0.00886	0.01329	0.00664	0.00498	0.00498	0.00166	0.00664	0.00443	0.00221	0.00554
25	0.00941	0.00886	0.01495	0.81285	0.03433	0.01107	0.01384	0.01274	0.00997	0.01274	0.00886	0.01329	0.00664	0.00498	0.00498	0.00166	0.00664	0.00443	0.00221	0.00554
26	0.86003	0.00964	0.00733	0.00655	0.00964	0.01118	0.00540	0.01465	0.00848	0.02236	0.00694	0.00810	0.00540	0.00463	0.00308	0.00154	0.00386	0.00270	0.00308	0.00540
27	0.01034	0.00886	0.01034	0.00738	0.01181	0.00664	0.00591	0.01255	0.01034	0.01624	0.00886	0.01034	0.00738	0.00369	0.00369	0.00074	0.00369	0.00295	0.00295	0.85530
28	0.00607	0.00436	0.00576	0.00688	0.00721	0.00405	0.00460	0.00695	0.00960	0.01275	0.02824	0.79562	0.05842	0.01552	0.00635	0.00201	0.00288	0.01405	0.00463	0.00405
29	0.01176	0.01345	0.02941	0.02101	0.02605	0.01261	0.77563	0.01597	0.01176	0.01597	0.01008	0.01345	0.00756	0.00420	0.00588	0.00168	0.00840	0.00588	0.00252	0.00672
30	0.02004	0.00797	0.01082	0.00847	0.01192	0.00693	0.00693	0.02203	0.01424	0.67913	0.13685	0.02004	0.01761	0.00678	0.00514	0.00155	0.00395	0.00562	0.00607	0.00791
31	0.02236	0.00848	0.01157	0.00887	0.01272	0.00733	0.00733	0.02429	0.01427	0.79719	0.01966	0.01697	0.01234	0.00617	0.00501	0.00154	0.00424	0.00501	0.00617	0.00848
32	0.00724	0.00487	0.00562	0.00562	0.00568	0.00493	0.00325	0.00737	0.00730	0.00980	0.01554	0.03169	0.01772	0.76872	0.08092	0.00506	0.00544	0.00711	0.00300	0.00312
33	0.01240	0.01071	0.01127	0.01014	0.01296	0.01240	0.00789	0.02649	0.78473	0.02085	0.02029	0.01860	0.01522	0.00676	0.00507	0.00169	0.00394	0.00564	0.00507	0.00789
34	0.00589	0.00505	0.00505	0.00505	0.00673	0.00421	0.00379	0.00715	0.01136	0.01347	0.05049	0.04797	0.79171	0.01262	0.00589	0.00168	0.00252	0.01052	0.00463	0.00421
35	0.01296	0.01163	0.01969	0.02923	0.74484	0.01156	0.01480	0.01586	0.01153	0.06517	0.01002	0.01263	0.00817	0.00455	0.00494	0.00148	0.00582	0.00448	0.00270	0.00793
36	0.01000	0.02578	0.79900	0.01421	0.02157	0.01158	0.01842	0.01579	0.01052	0.01579	0.00895	0.01052	0.00631	0.00474	0.00474	0.00158	0.00737	0.00368	0.00210	0.00737
37	0.00607	0.00434	0.00578	0.00694	0.00723	0.00405	0.00463	0.00694	0.00954	0.01272	0.02747	0.82157	0.03297	0.01562	0.00636	0.00202	0.00289	0.01417	0.00463	0.00405
38	0.00941	0.00886	0.01495	0.81285	0.03433	0.01107	0.01384	0.01274	0.00997	0.01274	0.00886	0.01329	0.00664	0.00498	0.00498	0.00166	0.00664	0.00443	0.00221	0.00554
39	0.01000	0.02578	0.79900	0.01421	0.02157	0.01158	0.01842	0.01579	0.01052	0.01579	0.00895	0.01052	0.00631	0.00474	0.00474	0.00158	0.00737	0.00368	0.00210	0.00737
40	0.00803	0.00574	0.00803	0.00918	0.01033	0.00574	0.00803	0.01033	0.01147	0.01492	0.02639	0.05622	0.02869	0.01377	0.00688	0.00229	0.00459	0.76018	0.00459	0.00459
41	0.00609	0.00439	0.00578	0.00685	0.00722	0.00407	0.00460	0.00701	0.00974	0.01295	0.04877	0.77040	0.06299	0.01535	0.00633	0.00200	0.00286	0.01389	0.00465	0.00407
42	0.01220	0.01170	0.01998	0.06813	0.75730	0.01181	0.01523	0.01517	0.01128	0.01611	0.00935	0.01238	0.00784	0.00447	0.00494	0.00149	0.00596	0.00444	0.00246	0.00778
43	0.00607	0.00434	0.00578	0.00694	0.00723	0.00405	0.00463	0.00694	0.00954	0.01272	0.02747	0.82157	0.03297	0.01562	0.00636	0.00202	0.00289	0.01417	0.00463	0.00405
44	0.01220	0.00999	0.01133	0.00834	0.01261	0.00870	0.00673	0.17079	0.04552	0.01956	0.00998	0.01102	0.00794	0.00429	0.00402	0.00093	0.00407	0.00338	0.00346	0.64514
45	0.06025	0.02018	0.01463	0.05945	0.07464	0.58079	0.03119	0.04576	0.04201	0.01416	0.00854	0.01002	0.00692	0.00511	0.00456	0.00137	0.00804	0.00355	0.00274	0.00610
46	0.00789	0.00509	0.00615	0.00586	0.00707	0.00488	0.00440	0.01052	0.03216	0.01957	0.53027	0.03095	0.03556	0.00874	0.00511	0.00144	0.00238	0.00757	0.26962	0.00476
47	0.01344	0.24170	0.07532	0.01292	0.06206	0.01380	0.14928	0.11420	0.11135	0.07151	0.06345	0.01448	0.02393	0.00549	0.00471	0.00145	0.00560	0.00475	0.00350	0.00707
48	0.01214	0.01049	0.01103	0.00994	0.01272	0.01208	0.00773	0.02573	0.75451	0.02056	0.02147	0.01974	0.04555	0.00699	0.00510	0.00169	0.00389	0.00583	0.00505	0.00775
49	0.01025	0.00995	0.04133	0.22924	0.07156	0.06181	0.03788	0.01387	0.08916	0.03119	0.04314	0.06975	0.10299	0.00817	0.02605	0.00183	0.07486	0.01851	0.05273	0.00575
50	0.00866	0.00433	0.00649	0.00649	0.00649	0.00433	0.00433	0.00649	0.00649	0.00866	0.00866	0.01515	0.00866	0.01732	0.01948	0.85498	0.00433	0.00433	0.00216	0.00216
51	0.00984	0.00930	0.01573	0.69791	0.14591	0.01119	0.01406	0.01311	0.01017	0.01326	0.00894	0.01315	0.00683	0.00490	0.00498	0.00163	0.00654	0.00443	0.00225	0.00588
52	0.05722	0.00984	0.01180	0.03949	0.01347	0.02110	0.04122	0.17091	0.08545	0.13447	0.08343	0.01609	0.02640	0.00668	0.02679	0.00153	0.00465	0.00478	0.02988	0.21478
53	0.01325	0.43917	0.21015	0.01089	0.01573	0.05814	0.03915	0.06812	0.05998	0.03023	0.00900	0.00997	0.00723	0.00473	0.00401	0.00130	0.00603	0.00341	0.00262	0.00689
54	0.01361	0.78621	0.02555	0.00868	0.01293	0.01950	0.00858	0.05390	0.01081	0.01273	0.00719	0.00820	0.00650	0.00435	0.00329	0.00109	0.00534	0.00276	0.00228	0.00650
55	0.00719	0.00481	0.00545	0.00551	0.00553	0.00479	0.00310	0.00723	0.00736	0.00982	0.01630	0.07228	0.01887	0.78415	0.02441	0.00469	0.00473	0.00760	0.00310	0.00307
56	0.01338	0.15675	0.15566	0.01150	0.01552	0.01359	0.06644	0.18454	0.14277	0.05005	0.07516	0.01441	0.01195	0.00599	0.00554	0.00153	0.05962	0.00470	0.00371	0.00718
57	0.54674	0.11580	0.01163	0.00837	0.01095	0.03716	0.00709	0.01429	0.00869	0.01850	0.00688	0.00870	0.00580	0.00546	0.00594	0.00161	0.17505	0.00306	0.00276	0.00555
58	0.00647	0.00504	0.00587	0.00574	0.00711	0.00444	0.00428	0.00824	0.01261	0.01661	0.41045	0.08162	0.39047	0.01159	0.00591	0.00164	0.00246	0.00997	0.00505	0.00444
59	0.01313	0.13802	0.27764	0.01414	0.14530	0.01175	0.01244	0.05147	0.03014	0.12545	0.01061	0.01158	0.00789	0.00477	0.00445	0.00136	0.00570	0.00382	0.00306	0.12729
60	0.01146	0.08884	0.52910	0.01240	0.01824	0.03453	0.01463	0.03140	0.03443	0.07732	0.01157	0.06898	0.00936	0.00580	0.00477	0.00156	0.00644	0.01639	0.00282	0.01999
61	0.01339	0.01166	0.01989	0.01582	0.06724	0.01161	0.34395	0.17853	0.05156	0.07762	0.09148	0.03314	0.03464	0.00600	0.00571	0.00162	0.01929	0.00600	0.00383	0.00701
62	0.00628	0.00483	0.00575	0.00601	0.00710	0.00430	0.00432	0.00773	0.01155	0.01508	0.25421	0.29597	0.33313	0.01290	0.00604	0.00176	0.00259	0.01128	0.00487	0.00430
63	0.01159	0.31359	0.18037	0.00941	0.01416	0.01280	0.00959	0.05291	0.01093	0.01508	0.00927	0.05059	0.00815	0.00484	0.00393	0.00114	0.00511	0.00364	0.00266	0.28023
64	0.01497	0.04930	0.01741	0.01895	0.29545	0.22815	0.06230	0.07984	0.12266	0.04627	0.01101	0.01235	0.00866	0.00512	0.00483	0.00146	0.00652	0.00432	0.00320	0.00725
65	0.00607	0.00434	0.00578	0.00694	0.00723	0.00405	0.00463	0.00694	0.00954	0.01272	0.02747	0.82157	0.03297	0.01562	0.00636	0.00202	0.00289	0.01417	0.00463	0.00405
66	0.01160	0.01091	0.04314	0.01219	0.01688	0.00881	0.25913	0.01457	0.01108	0.06873	0.00999	0.01181	0.00774	0.00406	0.00453	0.00113	0.00540	0.00408	0.00300	0.49123
67	0.00941	0.00886	0.01495	0.81285	0.03433	0.01107	0.01384	0.01274	0.00997	0.01274	0.00886	0.01329	0.00664	0.00498	0.00498	0.00166	0.00664	0.00443	0.00221	0.00554
68	0.01060	0.00901	0.01048	0.00751	0.01192	0.00691	0.00601	0.03563	0.01073	0.01670	0.00895	0.01039	0.00742	0.00376	0.00373	0.00076	0.00375	0.00300	0.00301	0.82973
69	0.00941	0.00886	0.01495	0.81285	0.03433	0.01107	0.01384	0.01274	0.00997	0.01274	0.00886	0.01329	0.00664	0.00498	0.00498	0.00166	0.00664	0.00443	0.00221	0.00554
70	0.01218	0.01168	0.01994	0.07376	0.75182	0.01180	0.01522	0.01516	0.01127	0.01609	0.00935	0.01239	0.00783	0.00447	0.00494	0.00149	0.00596	0.00444	0.00245	0.00777
71	0.00941	0.00886	0.01495	0.81285	0.03433	0.01107	0.01384	0.01274	0.00997	0.01274	0.00886	0.01329	0.00664	0.00498	0.00498	0.00166	0.00664	0.00443	0.00221	0.00554
72	0.00600	0.00461	0.00550	0.00621	0.00704	0.00411	0.00430	0.00702	0.01025	0.01301	0.03638	0.52209	0.32670	0.01446	0.00618	0.00189	0.00275	0.01276	0.00463	0.00411
73	0.01195	0.01023	0.01088	0.00982	0.01250	0.01175	0.00762	0.02504	0.71957	0.02078	0.08546	0.02017	0.01791	0.00705	0.00514	0.00168	0.00381	0.00592	0.00511	0.00762
