[name]
unknown

[dist]
# distance from previous block
# <min> <max>
0	2

[block]
# block no. 0 follows, 53 sequences, length 33
# corresponding to MSA columns:
# 2-34
name=unknown_A
#
# <colnr> <probs for GDERKNQSTAVLIFYWHMCP>
#	G	D	E	R	K	N	Q	S	T	A	V	L	I	F	Y	W	H	M	C	P
0	0.01208	0.01200	0.01779	0.01415	0.01738	0.11753	0.32572	0.01708	0.16511	0.05476	0.01466	0.02124	0.01262	0.00657	0.00566	0.00168	0.02320	0.15111	0.00345	0.00621
1	0.31289	0.01027	0.01024	0.00817	0.01157	0.01084	0.00666	0.29541	0.01403	0.02304	0.04680	0.03127	0.00920	0.00524	0.00395	0.00131	0.00414	0.00383	0.00374	0.18739
2	0.00998	0.00824	0.01039	0.00821	0.01085	0.00796	0.00662	0.01187	0.01018	0.05268	0.15952	0.01526	0.01438	0.00596	0.00682	0.00122	0.19342	0.00435	0.00327	0.45882
3	0.01435	0.01145	0.16260	0.00888	0.01346	0.00753	0.00848	0.01702	0.01142	0.32378	0.01255	0.01243	0.00874	0.00466	0.00423	0.00116	0.00442	0.00374	0.00388	0.36523
4	0.00769	0.00591	0.00716	0.00667	0.00812	0.00590	0.00505	0.01204	0.16233	0.01903	0.61520	0.03278	0.07499	0.00925	0.00549	0.00153	0.00255	0.00809	0.00515	0.00507
5	0.00695	0.00463	0.00521	0.00521	0.00521	0.00463	0.00290	0.00695	0.00695	0.00927	0.01506	0.03128	0.01738	0.83203	0.02433	0.00463	0.00463	0.00695	0.00290	0.00290
6	0.00565	0.00484	0.00484	0.00484	0.00646	0.00403	0.00363	0.00686	0.01089	0.01291	0.04842	0.04600	0.80027	0.01210	0.00565	0.00161	0.00242	0.01009	0.00444	0.00403
7	0.01258	0.78365	0.07453	0.00852	0.01280	0.01842	0.00878	0.01436	0.00974	0.01149	0.00677	0.00782	0.00613	0.00412	0.00316	0.00105	0.00523	0.00262	0.00204	0.00619
8	0.01063	0.00552	0.00713	0.00688	0.00847	0.00489	0.00509	0.01185	0.01089	0.25827	0.02824	0.42751	0.17223	0.01162	0.00561	0.00174	0.00311	0.01020	0.00490	0.00523
9	0.01420	0.08197	0.17845	0.01089	0.01508	0.01337	0.01030	0.32688	0.24207	0.03876	0.01295	0.01282	0.00948	0.00557	0.00462	0.00147	0.00517	0.00433	0.00403	0.00758
10	0.00677	0.00843	0.15857	0.00755	0.00952	0.00552	0.00688	0.00864	0.00972	0.01283	0.02749	0.31941	0.22612	0.09512	0.00758	0.00207	0.00383	0.07566	0.00382	0.00447
11	0.01197	0.51865	0.17750	0.01329	0.16473	0.01594	0.01128	0.01454	0.01001	0.01284	0.00747	0.00894	0.00639	0.00421	0.00367	0.00119	0.00560	0.00307	0.00210	0.00659
12	0.01085	0.36283	0.45976	0.01115	0.01682	0.01420	0.01336	0.01463	0.01002	0.01361	0.02809	0.00974	0.00709	0.00449	0.00395	0.00131	0.00612	0.00326	0.00211	0.00661
13	0.01128	0.01289	0.02820	0.02015	0.02498	0.01209	0.78485	0.01531	0.01128	0.01531	0.00967	0.01289	0.00725	0.00403	0.00564	0.00161	0.00806	0.00564	0.00242	0.00645
14	0.01369	0.00624	0.00811	0.00682	0.00909	0.00562	0.00540	0.01576	0.01293	0.36776	0.30359	0.02367	0.02407	0.00726	0.00483	0.00142	0.00305	0.00614	0.16846	0.00611
15	0.01096	0.01515	0.17693	0.01890	0.02416	0.01190	0.63838	0.01528	0.01105	0.01528	0.00946	0.01236	0.00702	0.00413	0.00543	0.00159	0.00787	0.00524	0.00234	0.00656
16	0.00959	0.02472	0.80726	0.01362	0.02069	0.01110	0.01766	0.01514	0.01009	0.01514	0.00858	0.01009	0.00605	0.00454	0.00454	0.00151	0.00706	0.00353	0.00202	0.00706
17	0.00581	0.00423	0.00548	0.00648	0.00689	0.00390	0.00436	0.00668	0.00932	0.01227	0.02853	0.75145	0.10766	0.01469	0.00606	0.00191	0.00274	0.01324	0.00444	0.00390
18	0.00903	0.00850	0.01434	0.82054	0.03292	0.01062	0.01327	0.01221	0.00956	0.01221	0.00850	0.01274	0.00637	0.00478	0.00478	0.00159	0.00637	0.00425	0.00212	0.00531
19	0.01132	0.01415	0.17118	0.02491	0.53192	0.01142	0.13523	0.01486	0.01079	0.01548	0.00902	0.01166	0.00723	0.00428	0.00484	0.00147	0.00631	0.00434	0.00231	0.00730
20	0.00687	0.00494	0.00677	0.00677	0.00731	0.00548	0.00484	0.00795	0.00741	0.01042	0.01364	0.02340	0.01395	0.33005	0.52163	0.00656	0.00978	0.00580	0.00268	0.00376
21	0.00690	0.00475	0.00592	0.00643	0.00677	0.00469	0.00444	0.00764	0.00845	0.01117	0.02006	0.20620	0.02297	0.45062	0.01596	0.00344	0.00418	0.20231	0.00361	0.00349
22	0.01068	0.00998	0.01676	0.02501	0.65038	0.00993	0.01272	0.01314	0.01055	0.01496	0.01230	0.16782	0.01216	0.00630	0.00499	0.00152	0.00512	0.00604	0.00276	0.00687
23	0.10309	0.01291	0.04499	0.01781	0.29293	0.12302	0.09752	0.06663	0.01227	0.16735	0.01063	0.01184	0.00788	0.00477	0.00460	0.00144	0.00587	0.00416	0.00327	0.00704
24	0.00601	0.00445	0.00631	0.00711	0.00754	0.00416	0.03065	0.00695	0.00922	0.01231	0.02578	0.80150	0.03079	0.01461	0.00609	0.00193	0.00295	0.01332	0.00437	0.00397
25	0.86579	0.00924	0.00702	0.00629	0.00924	0.01072	0.00518	0.01405	0.00813	0.02144	0.00666	0.00776	0.00518	0.00444	0.00296	0.00148	0.00370	0.00259	0.00296	0.00518
26	0.02144	0.00813	0.01109	0.00850	0.01220	0.00702	0.00702	0.02329	0.01368	0.80552	0.01886	0.01627	0.01183	0.00592	0.00481	0.00148	0.00407	0.00481	0.00592	0.00813
27	0.01185	0.02156	0.65526	0.01265	0.01907	0.01032	0.01563	0.01669	0.01078	0.16603	0.01054	0.01127	0.00716	0.00480	0.00459	0.00151	0.00649	0.00378	0.00276	0.00727
28	0.00565	0.00484	0.00484	0.00484	0.00646	0.00403	0.00363	0.00686	0.01089	0.01291	0.04842	0.04600	0.80027	0.01210	0.00565	0.00161	0.00242	0.01009	0.00444	0.00403
29	0.01659	0.01245	0.01350	0.01025	0.01415	0.01321	0.00843	0.63846	0.02007	0.02735	0.01091	0.01118	0.00793	0.00532	0.00454	0.00130	0.00493	0.00402	0.00441	0.17100
30	0.01261	0.01623	0.31460	0.01093	0.01590	0.01114	0.01140	0.29597	0.01480	0.02095	0.05966	0.01218	0.00948	0.00512	0.00451	0.00133	0.00543	0.00400	0.00339	0.17036
31	0.01132	0.06267	0.61873	0.01312	0.01916	0.16453	0.01560	0.01585	0.01073	0.01430	0.00826	0.00970	0.00608	0.00459	0.00443	0.00144	0.00727	0.00340	0.00210	0.00673
32	0.01146	0.01081	0.01759	0.02509	0.65122	0.01040	0.01295	0.01417	0.01070	0.01561	0.00890	0.01146	0.00748	0.00412	0.00450	0.00128	0.00527	0.00399	0.00245	0.17055

[dist]
# distance from previous block
# <min> <max>
0	1

[block]
# block no. 1 follows, 53 sequences, length 22
# corresponding to MSA columns:
# 36-57
name=unknown_B
#
# <colnr> <probs for GDERKNQSTAVLIFYWHMCP>
#	G	D	E	R	K	N	Q	S	T	A	V	L	I	F	Y	W	H	M	C	P
0	0.01536	0.01523	0.01223	0.01061	0.01352	0.32224	0.00822	0.11083	0.29592	0.06418	0.01298	0.01283	0.00984	0.00554	0.00454	0.00137	0.00583	0.00415	0.00383	0.07075
1	0.01206	0.20820	0.02075	0.02428	0.61340	0.01316	0.01312	0.01458	0.01060	0.01457	0.00843	0.01083	0.00723	0.00422	0.00433	0.00132	0.00554	0.00385	0.00229	0.00723
2	0.66319	0.01023	0.00877	0.00741	0.01058	0.01170	0.00611	0.19863	0.01156	0.02352	0.00781	0.00865	0.00588	0.00475	0.00339	0.00147	0.00407	0.00300	0.00339	0.00588
3	0.00635	0.00492	0.00610	0.00596	0.00721	0.00468	0.00452	0.00807	0.01111	0.01481	0.31995	0.03565	0.33035	0.01691	0.19864	0.00302	0.00484	0.00836	0.00430	0.00427
4	0.00869	0.01981	0.61564	0.01196	0.01740	0.00937	0.01450	0.01311	0.00987	0.01443	0.01282	0.20580	0.01216	0.00703	0.00491	0.00162	0.00604	0.00594	0.00260	0.00630
5	0.01257	0.63780	0.02164	0.00855	0.01231	0.01723	0.00803	0.01696	0.19707	0.01334	0.00971	0.01010	0.00815	0.00466	0.00350	0.00117	0.00479	0.00324	0.00272	0.00648
6	0.01278	0.83490	0.02505	0.00818	0.01227	0.01891	0.00818	0.01431	0.00971	0.01125	0.00664	0.00767	0.00613	0.00409	0.00307	0.00102	0.00511	0.00256	0.00204	0.00613
7	0.00582	0.00416	0.00555	0.00666	0.00693	0.00388	0.00444	0.00666	0.00915	0.01220	0.02634	0.82891	0.03161	0.01497	0.00610	0.00194	0.00277	0.01359	0.00444	0.00388
8	0.01230	0.01116	0.01457	0.01218	0.01309	0.01468	0.01013	0.19669	0.01094	0.01595	0.00752	0.01070	0.00672	0.00774	0.01308	0.00193	0.62776	0.00421	0.00273	0.00592
9	0.01170	0.01172	0.02150	0.02714	0.61644	0.01153	0.19876	0.01482	0.01098	0.01554	0.00915	0.01208	0.00749	0.00420	0.00495	0.00147	0.00625	0.00459	0.00238	0.00730
10	0.00565	0.00484	0.00484	0.00484	0.00646	0.00403	0.00363	0.00686	0.01089	0.01291	0.04842	0.04600	0.80027	0.01210	0.00565	0.00161	0.00242	0.01009	0.00444	0.00403
11	0.00604	0.00480	0.00480	0.00480	0.00635	0.00409	0.00360	0.00737	0.01079	0.01350	0.04449	0.04262	0.70584	0.01132	0.00537	0.00155	0.00240	0.00941	0.10678	0.00409
12	0.66319	0.01023	0.00877	0.00741	0.01058	0.01170	0.00611	0.19863	0.01156	0.02352	0.00781	0.00865	0.00588	0.00475	0.00339	0.00147	0.00407	0.00300	0.00339	0.00588
13	0.00676	0.00489	0.00639	0.00601	0.00714	0.00451	0.00451	0.00902	0.01353	0.01917	0.79969	0.03570	0.04510	0.00977	0.00564	0.00150	0.00225	0.00864	0.00526	0.00451
14	0.00891	0.00445	0.00445	0.00445	0.00557	0.00445	0.00334	0.01114	0.01002	0.01782	0.01559	0.01782	0.01225	0.00557	0.00334	0.00111	0.00223	0.00445	0.85856	0.00445
15	0.01253	0.77263	0.08516	0.00860	0.01291	0.01831	0.00891	0.01438	0.00974	0.01154	0.00679	0.00785	0.00613	0.00412	0.00318	0.00106	0.00526	0.00263	0.00204	0.00621
16	0.00650	0.00488	0.00602	0.00573	0.00698	0.00440	0.00430	0.00850	0.01290	0.01767	0.62012	0.03816	0.22560	0.01033	0.00564	0.00153	0.00229	0.00899	0.00506	0.00440
17	0.00840	0.00456	0.00492	0.00483	0.00594	0.00447	0.00362	0.01063	0.01086	0.01814	0.20301	0.02209	0.02010	0.00657	0.00389	0.00121	0.00223	0.00546	0.65461	0.00447
18	0.00679	0.00457	0.00526	0.00542	0.00546	0.00453	0.00312	0.00691	0.00726	0.00969	0.01667	0.14490	0.01940	0.71564	0.02173	0.00425	0.00437	0.00790	0.00312	0.00304
19	0.01207	0.01180	0.01917	0.02867	0.77130	0.04282	0.01446	0.01484	0.01099	0.01546	0.00893	0.01170	0.00752	0.00428	0.00472	0.00141	0.00579	0.00421	0.00237	0.00749
20	0.01396	0.48094	0.04944	0.01206	0.10793	0.23865	0.00959	0.01571	0.01093	0.01204	0.00720	0.00852	0.00631	0.00436	0.00367	0.00115	0.00623	0.00294	0.00220	0.00617
21	0.39656	0.08295	0.03560	0.00764	0.01037	0.12968	0.00639	0.03109	0.01079	0.01844	0.19652	0.01476	0.01508	0.00577	0.00391	0.00139	0.00435	0.00418	0.00336	0.02116

[dist]
# distance from previous block
# <min> <max>
0	3

[block]
# block no. 2 follows, 53 sequences, length 20
# corresponding to MSA columns:
# 61-80
name=unknown_C
#
# <colnr> <probs for GDERKNQSTAVLIFYWHMCP>
#	G	D	E	R	K	N	Q	S	T	A	V	L	I	F	Y	W	H	M	C	P
0	0.01207	0.08944	0.31327	0.13850	0.01928	0.08015	0.01268	0.12903	0.12829	0.01695	0.01033	0.01152	0.00769	0.00503	0.00451	0.00146	0.00617	0.00391	0.00290	0.00681
1	0.00952	0.01264	0.22940	0.00883	0.01355	0.00749	0.00887	0.01252	0.01003	0.01539	0.03380	0.05267	0.00922	0.00459	0.00401	0.00102	0.00443	0.00375	0.00276	0.55549
2	0.01499	0.06941	0.23430	0.01068	0.01511	0.05462	0.02428	0.17398	0.04202	0.22271	0.06641	0.01381	0.01101	0.00553	0.00464	0.00143	0.00539	0.00437	0.00396	0.02134
3	0.01037	0.04908	0.47216	0.01600	0.02208	0.01177	0.31973	0.01518	0.01055	0.01507	0.00894	0.01111	0.00653	0.00432	0.00492	0.00153	0.00739	0.00433	0.00218	0.00679
4	0.00587	0.00485	0.00515	0.00508	0.00659	0.00413	0.00381	0.00729	0.01142	0.01417	0.19965	0.04393	0.64825	0.01164	0.00565	0.00159	0.00239	0.00980	0.00460	0.00413
5	0.01228	0.70796	0.14760	0.00903	0.01359	0.01769	0.00966	0.01444	0.00977	0.01185	0.00695	0.00805	0.00612	0.00416	0.00330	0.00110	0.00542	0.00271	0.00204	0.00628
6	0.32116	0.00773	0.00840	0.00733	0.01008	0.00784	0.00608	0.01660	0.01088	0.31717	0.01514	0.01928	0.01194	0.00649	0.00427	0.00155	0.00379	0.12387	0.09428	0.00610
7	0.00625	0.00487	0.00568	0.00547	0.00683	0.00429	0.00411	0.00803	0.01232	0.01629	0.45396	0.04044	0.39263	0.01085	0.00564	0.00155	0.00233	0.00931	0.00488	0.00429
8	0.00582	0.00416	0.00555	0.00666	0.00693	0.00388	0.00444	0.00666	0.00915	0.01220	0.02634	0.82891	0.03161	0.01497	0.00610	0.00194	0.00277	0.01359	0.00444	0.00388
9	0.01744	0.02192	0.01336	0.01214	0.01461	0.75779	0.00912	0.01952	0.06715	0.01227	0.00822	0.00925	0.00674	0.00503	0.00435	0.00126	0.00829	0.00324	0.00263	0.00568
10	0.01817	0.01339	0.01434	0.01100	0.01482	0.01482	0.00908	0.78627	0.02247	0.03012	0.01148	0.01148	0.00813	0.00574	0.00478	0.00143	0.00526	0.00430	0.00478	0.00813
11	0.00581	0.00485	0.00507	0.00502	0.00656	0.00411	0.00376	0.00718	0.01129	0.01384	0.15985	0.04447	0.68826	0.01176	0.00565	0.00160	0.00240	0.00987	0.00456	0.00411
12	0.00676	0.00489	0.00639	0.00601	0.00714	0.00451	0.00451	0.00902	0.01353	0.01917	0.79969	0.03570	0.04510	0.00977	0.00564	0.00150	0.00225	0.00864	0.00526	0.00451
13	0.01817	0.01339	0.01434	0.01100	0.01482	0.01482	0.00908	0.78627	0.02247	0.03012	0.01148	0.01148	0.00813	0.00574	0.00478	0.00143	0.00526	0.00430	0.00478	0.00813
14	0.00582	0.00485	0.00508	0.00503	0.00656	0.00411	0.00377	0.00720	0.01131	0.01389	0.16613	0.04439	0.68195	0.01174	0.00565	0.00160	0.00239	0.00986	0.00457	0.00411
15	0.00685	0.00508	0.00658	0.00729	0.00838	0.00482	0.00595	0.00861	0.01092	0.01410	0.10282	0.17181	0.20871	0.01291	0.00621	0.00196	0.00349	0.40477	0.00450	0.00425
16	0.00616	0.00486	0.00556	0.00538	0.00677	0.00425	0.00404	0.00786	0.01211	0.01580	0.39480	0.04125	0.45209	0.01103	0.00564	0.00156	0.00234	0.00942	0.00482	0.00425
17	0.01401	0.01082	0.01156	0.00961	0.01240	0.01210	0.00753	0.37332	0.31481	0.02298	0.01509	0.01701	0.01205	0.13548	0.00788	0.00201	0.00460	0.00514	0.00452	0.00709
18	0.00627	0.00796	0.13056	0.00622	0.00869	0.00514	0.00583	0.00816	0.01077	0.01326	0.04218	0.04037	0.67584	0.01092	0.00548	0.00160	0.00315	0.00906	0.00406	0.00451
19	0.14507	0.00926	0.01002	0.00751	0.01146	0.00825	0.00606	0.10686	0.03483	0.01840	0.00890	0.01000	0.00714	0.00404	0.00364	0.00094	0.00378	0.00305	0.00315	0.59765

[dist]
# distance from previous block
# <min> <max>
0	4

[block]
# block no. 3 follows, 53 sequences, length 99
# corresponding to MSA columns:
# 85-183
name=unknown_D
#
# <colnr> <probs for GDERKNQSTAVLIFYWHMCP>
#	G	D	E	R	K	N	Q	S	T	A	V	L	I	F	Y	W	H	M	C	P
0	0.00920	0.00669	0.00795	0.00784	0.00909	0.00688	0.00571	0.22008	0.01280	0.01711	0.02227	0.60513	0.02518	0.01245	0.00574	0.00180	0.00345	0.01105	0.00453	0.00504
1	0.01087	0.34946	0.49374	0.01144	0.01731	0.01423	0.01386	0.01481	0.00994	0.01358	0.00780	0.00912	0.00609	0.00436	0.00395	0.00132	0.00628	0.00314	0.00203	0.00669
2	0.01243	0.00840	0.01345	0.59824	0.02725	0.00964	0.01156	0.01525	0.01069	0.22938	0.01133	0.01371	0.00787	0.00509	0.00479	0.00156	0.00574	0.00440	0.00316	0.00608
3	0.63121	0.00793	0.00632	0.00578	0.00824	0.00901	0.00467	0.01325	0.00865	0.02045	0.00910	0.01052	0.00711	0.00475	0.00306	0.00138	0.00329	0.00310	0.23718	0.00498
4	0.01194	0.02162	0.59020	0.01290	0.01908	0.01212	0.01531	0.22624	0.01348	0.01924	0.00937	0.01047	0.00662	0.00487	0.00461	0.00149	0.00657	0.00374	0.00277	0.00736
5	0.01884	0.01877	0.01287	0.01127	0.01407	0.59224	0.00863	0.02024	0.01358	0.22901	0.01053	0.01071	0.00771	0.00520	0.00445	0.00130	0.00737	0.00355	0.00341	0.00625
6	0.00575	0.00445	0.00524	0.00588	0.00673	0.00395	0.00409	0.00674	0.00990	0.01251	0.03579	0.49387	0.36055	0.01375	0.00591	0.00180	0.00262	0.01209	0.00444	0.00395
7	0.00632	0.00487	0.00578	0.00555	0.00687	0.00432	0.00416	0.00817	0.01249	0.01670	0.50315	0.03977	0.34318	0.01069	0.00564	0.00155	0.00232	0.00921	0.00494	0.00432
8	0.01010	0.00525	0.00706	0.00716	0.00837	0.00474	0.00515	0.01121	0.01039	0.22937	0.02429	0.60644	0.02620	0.01249	0.00575	0.00181	0.00313	0.01118	0.00484	0.00505
9	0.02000	0.01045	0.01252	0.00960	0.01336	0.01046	0.00793	0.35943	0.01755	0.46391	0.01560	0.01416	0.01020	0.00584	0.00480	0.00146	0.00459	0.00458	0.00542	0.00813
10	0.00691	0.00481	0.00613	0.00613	0.00644	0.00513	0.00404	0.00754	0.00722	0.00994	0.01422	0.02665	0.01537	0.53717	0.31644	0.00576	0.00766	0.00627	0.00277	0.00340
11	0.00891	0.00445	0.00445	0.00445	0.00557	0.00445	0.00334	0.01114	0.01002	0.01782	0.01559	0.01782	0.01225	0.00557	0.00334	0.00111	0.00223	0.00445	0.85856	0.00445
12	0.01099	0.38166	0.46265	0.01122	0.01698	0.01454	0.01348	0.01477	0.00992	0.01342	0.00773	0.00902	0.00609	0.00434	0.00389	0.00130	0.00620	0.00310	0.00203	0.00665
13	0.01168	0.01178	0.02181	0.02682	0.58944	0.01156	0.22551	0.01484	0.01099	0.01553	0.00918	0.01212	0.00748	0.00420	0.00498	0.00147	0.00633	0.00464	0.00238	0.00726
14	0.00694	0.00496	0.00682	0.00793	0.00869	0.00484	0.00637	0.00858	0.01025	0.01345	0.02573	0.36935	0.02918	0.01392	0.00640	0.00209	0.00374	0.46215	0.00442	0.00419
15	0.01450	0.00968	0.01089	0.00939	0.01237	0.01056	0.00742	0.02482	0.58008	0.23503	0.01929	0.01740	0.01384	0.00633	0.00485	0.00158	0.00386	0.00524	0.00515	0.00772
16	0.01169	0.01122	0.01916	0.06756	0.76505	0.01132	0.01460	0.01455	0.01082	0.01545	0.00897	0.01187	0.00751	0.00428	0.00473	0.00143	0.00571	0.00426	0.00235	0.00746
17	0.01883	0.00872	0.01101	0.00884	0.01226	0.00836	0.00717	0.02387	0.22718	0.59048	0.01902	0.01670	0.01259	0.00607	0.00482	0.00152	0.00399	0.00497	0.00563	0.00798
18	0.01274	0.01047	0.01284	0.01201	0.14432	0.00982	0.00822	0.24561	0.02475	0.02002	0.00963	0.01081	0.00758	0.00436	0.00413	0.00106	0.00442	0.00355	0.00337	0.45030
19	0.01335	0.06429	0.19245	0.01227	0.01522	0.30954	0.01130	0.03007	0.05596	0.01320	0.00808	0.00998	0.00669	0.00584	0.00745	0.00154	0.23075	0.00361	0.00242	0.00599
20	0.01031	0.00997	0.01679	0.01275	0.01606	0.02741	0.31896	0.04089	0.05008	0.02577	0.12671	0.08654	0.02965	0.00628	0.00564	0.00146	0.04213	0.00613	0.00335	0.16310
21	0.01258	0.01261	0.07384	0.01510	0.24428	0.10525	0.00997	0.06660	0.02508	0.05723	0.00944	0.01090	0.00748	0.00431	0.00423	0.00114	0.00519	0.00358	0.00292	0.32827
22	0.00634	0.00453	0.00614	0.00724	0.00775	0.00433	0.00533	0.00754	0.00966	0.01278	0.02606	0.61675	0.03049	0.01449	0.00624	0.00201	0.00322	0.22067	0.00443	0.00402
23	0.12759	0.00858	0.01049	0.00833	0.01179	0.00817	0.00682	0.04955	0.08840	0.58023	0.01789	0.01597	0.03249	0.00594	0.00460	0.00149	0.00399	0.00471	0.00536	0.00759
24	0.01388	0.00992	0.01626	0.18457	0.41452	0.01003	0.02693	0.01654	0.01139	0.23116	0.01160	0.01325	0.00849	0.00481	0.00478	0.00147	0.00542	0.00443	0.00329	0.00724
25	0.00646	0.00487	0.00597	0.00569	0.00695	0.00438	0.00427	0.00843	0.01281	0.01745	0.59403	0.03852	0.25183	0.01041	0.00564	0.00153	0.00230	0.00904	0.00504	0.00438
26	0.01136	0.00947	0.00694	0.00661	0.00809	0.22575	0.00495	0.01331	0.01099	0.01614	0.01335	0.01530	0.01058	0.00539	0.00361	0.00115	0.00398	0.00408	0.62420	0.00475
27	0.00613	0.00429	0.00545	0.00626	0.00646	0.00409	0.00402	0.00674	0.00855	0.01140	0.02325	0.61055	0.02772	0.23864	0.01109	0.00268	0.00328	0.01177	0.00402	0.00361
28	0.01058	0.01227	0.06237	0.23894	0.02694	0.01164	0.53624	0.01445	0.01075	0.01445	0.00929	0.01272	0.00695	0.00426	0.00535	0.00160	0.00755	0.00516	0.00232	0.00617
29	0.01505	0.01106	0.01217	0.00963	0.01272	0.01200	0.00783	0.57350	0.02002	0.02712	0.22725	0.01811	0.01825	0.00684	0.00502	0.00145	0.00444	0.00549	0.00491	0.00714
30	0.00582	0.00416	0.00555	0.00666	0.00693	0.00388	0.00444	0.00666	0.00915	0.01220	0.02634	0.82891	0.03161	0.01497	0.00610	0.00194	0.00277	0.01359	0.00444	0.00388
31	0.00912	0.00654	0.01224	0.01004	0.01136	0.00632	0.21787	0.00871	0.00761	0.01022	0.00868	0.01408	0.00801	0.01316	0.01511	0.62569	0.00522	0.00456	0.00217	0.00327
32	0.01144	0.01241	0.01412	0.59928	0.02795	0.23023	0.01217	0.01409	0.01065	0.01207	0.00819	0.01161	0.00631	0.00482	0.00465	0.00149	0.00699	0.00393	0.00222	0.00537
33	0.00582	0.00416	0.00555	0.00666	0.00693	0.00388	0.00444	0.00666	0.00915	0.01220	0.02634	0.82891	0.03161	0.01497	0.00610	0.00194	0.00277	0.01359	0.00444	0.00388
34	0.00695	0.00463	0.00521	0.00521	0.00521	0.00463	0.00290	0.00695	0.00695	0.00927	0.01506	0.03128	0.01738	0.83203	0.02433	0.00463	0.00463	0.00695	0.00290	0.00290
35	0.01792	0.02069	0.01372	0.01202	0.01479	0.63517	0.00920	0.18989	0.01553	0.01580	0.00830	0.00926	0.00660	0.00511	0.00441	0.00128	0.00787	0.00335	0.00298	0.00612
36	0.24978	0.01874	0.01179	0.01067	0.01320	0.57161	0.00816	0.01750	0.01189	0.01436	0.00716	0.00844	0.00589	0.00488	0.00425	0.00132	0.02936	0.00297	0.00259	0.00543
37	0.00582	0.00416	0.00555	0.00666	0.00693	0.00388	0.00444	0.00666	0.00915	0.01220	0.02634	0.82891	0.03161	0.01497	0.00610	0.00194	0.00277	0.01359	0.00444	0.00388
38	0.01171	0.36333	0.24489	0.01023	0.01476	0.02833	0.01074	0.01766	0.22447	0.01476	0.01072	0.01116	0.00843	0.00489	0.00400	0.00133	0.00537	0.00362	0.00282	0.00678
39	0.01264	0.01240	0.01069	0.00945	0.01195	0.22899	0.00726	0.01871	0.30181	0.04528	0.14490	0.03260	0.01658	0.00643	0.00489	0.00140	0.01849	0.00512	0.00402	0.10640
40	0.01743	0.01347	0.01215	0.01023	0.01334	0.23004	0.00807	0.13212	0.22390	0.26651	0.01482	0.01391	0.01049	0.00577	0.00468	0.00144	0.00541	0.00442	0.00453	0.00727
41	0.01907	0.01195	0.01345	0.01031	0.01410	0.01269	0.00852	0.57740	0.02007	0.24239	0.01350	0.01279	0.00914	0.00579	0.00479	0.00145	0.00493	0.00444	0.00509	0.00813
42	0.01307	0.00840	0.01023	0.00747	0.01157	0.00655	0.00604	0.01512	0.01094	0.23182	0.01133	0.01165	0.00838	0.00419	0.00389	0.00092	0.00368	0.00337	0.00368	0.62770
43	0.00647	0.00468	0.00633	0.00734	0.00783	0.00459	0.00543	0.00766	0.00956	0.01268	0.02530	0.57653	0.02953	0.03650	0.00695	0.00209	0.02191	0.22028	0.00433	0.00403
44	0.00911	0.00858	0.01449	0.79643	0.05636	0.01064	0.01332	0.01229	0.00960	0.01232	0.00851	0.01272	0.00641	0.00476	0.00478	0.00159	0.00635	0.00425	0.00213	0.00538
45	0.00686	0.00499	0.00701	0.00701	0.00763	0.00561	0.00513	0.00810	0.00748	0.01060	0.01342	0.02220	0.01343	0.25380	0.59716	0.00685	0.01057	0.00562	0.00265	0.00389
46	0.01007	0.00992	0.01456	0.23374	0.01812	0.01354	0.01123	0.01170	0.00793	0.01170	0.00688	0.01108	0.00630	0.00738	0.01270	0.00195	0.59965	0.00420	0.00210	0.00525
47	0.00676	0.00489	0.00639	0.00601	0.00714	0.00451	0.00451	0.00902	0.01353	0.01917	0.79969	0.03570	0.04510	0.00977	0.00564	0.00150	0.00225	0.00864	0.00526	0.00451
48	0.00740	0.00494	0.00680	0.00680	0.00772	0.00556	0.00525	0.00925	0.00832	0.01294	0.01357	0.01851	0.01203	0.02756	0.59141	0.00588	0.00991	0.00494	0.23689	0.00432
49	0.00985	0.00996	0.00929	0.00895	0.01024	0.22686	0.00687	0.01142	0.00929	0.01126	0.01132	0.01600	0.01036	0.02738	0.59168	0.00592	0.01166	0.00456	0.00253	0.00462
50	0.01085	0.01041	0.01359	0.01178	0.01252	0.01389	0.00967	0.01531	0.22256	0.01383	0.00988	0.01248	0.00855	0.00785	0.01272	0.00196	0.59894	0.00452	0.00285	0.00587
51	0.00578	0.00435	0.00535	0.00616	0.00680	0.00392	0.00422	0.00671	0.00963	0.01240	0.03239	0.61458	0.24203	0.01419	0.00598	0.00185	0.00268	0.01263	0.00444	0.00392
52	0.00676	0.00489	0.00639	0.00601	0.00714	0.00451	0.00451	0.00902	0.01353	0.01917	0.79969	0.03570	0.04510	0.00977	0.00564	0.00150	0.00225	0.00864	0.00526	0.00451
53	0.01143	0.01247	0.02579	0.02266	0.23775	0.01189	0.57401	0.01513	0.01117	0.01539	0.00948	0.01260	0.00734	0.00409	0.00539	0.00156	0.00741	0.00526	0.00240	0.00675
54	0.00651	0.00469	0.00616	0.00619	0.00708	0.00434	0.00449	0.00837	0.01233	0.01726	0.58798	0.25284	0.04141	0.01120	0.00576	0.00162	0.00240	0.01000	0.00504	0.00434
55	0.02055	0.00957	0.01198	0.00919	0.01292	0.00916	0.00759	0.23216	0.01609	0.59325	0.01684	0.01496	0.01082	0.00587	0.00480	0.00147	0.00439	0.00467	0.00561	0.00813
56	0.01446	0.01047	0.01713	0.02363	0.58594	0.01017	0.01258	0.01703	0.01165	0.23185	0.01169	0.01304	0.00874	0.00471	0.00475	0.00144	0.00524	0.00441	0.00334	0.00773
57	0.00996	0.01054	0.02172	0.04575	0.02039	0.00996	0.54282	0.01347	0.01183	0.01625	0.22590	0.01913	0.01758	0.00563	0.00561	0.00158	0.00641	0.00641	0.00319	0.00587
58	0.01189	0.00756	0.00831	0.00705	0.00914	0.00790	0.00558	0.26110	0.01493	0.05109	0.18397	0.01958	0.01801	0.00654	0.00436	0.00131	0.00328	0.00532	0.36728	0.00579
59	0.24682	0.35660	0.11770	0.00911	0.01297	0.16135	0.00876	0.01522	0.01003	0.01462	0.00703	0.00818	0.00587	0.00440	0.00345	0.00125	0.00562	0.00278	0.00237	0.00588
60	0.01130	0.01285	0.02796	0.02039	0.04606	0.01207	0.76397	0.01529	0.01127	0.01532	0.00965	0.01286	0.00726	0.00404	0.00562	0.00161	0.00799	0.00560	0.00242	0.00648
61	0.00702	0.00505	0.00675	0.00678	0.00790	0.00478	0.00538	0.00926	0.01284	0.01784	0.58770	0.04069	0.04028	0.01071	0.00590	0.00169	0.00284	0.21708	0.00503	0.00448
62	0.00874	0.00779	0.01267	0.28317	0.25289	0.00840	0.01054	0.01101	0.00987	0.01330	0.01522	0.28655	0.01593	0.00833	0.00527	0.00168	0.00489	0.03522	0.00305	0.00547
63	0.01005	0.02148	0.59399	0.01541	0.02186	0.01137	0.22768	0.01518	0.01042	0.01518	0.00888	0.01086	0.00638	0.00440	0.00484	0.00154	0.00734	0.00411	0.00213	0.00689
64	0.00676	0.00489	0.00639	0.00601	0.00714	0.00451	0.00451	0.00902	0.01353	0.01917	0.79969	0.03570	0.04510	0.00977	0.00564	0.00150	0.00225	0.00864	0.00526	0.00451
65	0.00690	0.00470	0.00553	0.00543	0.00574	0.00460	0.00334	0.00752	0.00875	0.01198	0.22985	0.03249	0.02497	0.60693	0.01921	0.00378	0.00398	0.00741	0.00354	0.00334
66	0.01396	0.01391	0.01181	0.01052	0.01324	0.23136	0.00813	0.07716	0.52583	0.01843	0.01559	0.01486	0.01183	0.00601	0.00471	0.00150	0.00521	0.00469	0.00420	0.00705
67	0.63366	0.01295	0.00881	0.00794	0.01076	0.23030	0.00629	0.01543	0.00962	0.01878	0.00686	0.00800	0.00544	0.00457	0.00333	0.00141	0.00504	0.00272	0.00282	0.00528
68	0.00644	0.00463	0.00609	0.00624	0.00707	0.00429	0.00448	0.00819	0.01200	0.01673	0.52946	0.31288	0.04039	0.01159	0.00580	0.00166	0.00244	0.01037	0.00497	0.00429
69	0.24547	0.39928	0.22247	0.00907	0.01362	0.01465	0.00981	0.01445	0.00938	0.01504	0.00715	0.00832	0.00585	0.00430	0.00342	0.00127	0.00523	0.00282	0.00229	0.00611
70	0.01136	0.01380	0.08674	0.01937	0.02435	0.01210	0.70315	0.03879	0.01153	0.01575	0.00964	0.01264	0.00719	0.00412	0.00553	0.00160	0.00790	0.00544	0.00246	0.00654
71	0.00586	0.00419	0.00558	0.00663	0.00694	0.00391	0.00444	0.00674	0.00931	0.01245	0.05447	0.80006	0.03210	0.01478	0.00608	0.00193	0.00275	0.01341	0.00447	0.00391
72	0.01171	0.01123	0.01918	0.06419	0.76832	0.01132	0.01461	0.01456	0.01082	0.01547	0.00897	0.01187	0.00752	0.00428	0.00473	0.00143	0.00571	0.00426	0.00236	0.00747
73	0.01615	0.01196	0.01479	0.01553	0.22969	0.03722	0.01013	0.34481	0.11104	0.14044	0.01274	0.01297	0.00925	0.00542	0.00477	0.00145	0.00512	0.00446	0.00423	0.00783
74	0.01047	0.01050	0.02219	0.01633	0.01985	0.00991	0.57113	0.01282	0.00990	0.01339	0.00930	0.01334	0.00754	0.00747	0.00921	0.23686	0.00699	0.00523	0.00232	0.00525
75	0.00695	0.00463	0.00521	0.00521	0.00521	0.00463	0.00290	0.00695	0.00695	0.00927	0.01506	0.03128	0.01738	0.83203	0.02433	0.00463	0.00463	0.00695	0.00290	0.00290
76	0.01774	0.00863	0.01095	0.00831	0.01213	0.00749	0.00680	0.06600	0.04192	0.51386	0.01560	0.01430	0.01041	0.00528	0.00446	0.00127	0.00398	0.00426	0.00496	0.24165
77	0.01248	0.01436	0.01680	0.01338	0.01632	0.30657	0.28399	0.01499	0.01273	0.01503	0.22509	0.01755	0.01721	0.00593	0.00515	0.00144	0.00668	0.00551	0.00321	0.00558
78	0.00909	0.01000	0.22423	0.00696	0.00971	0.00627	0.00726	0.01223	0.01004	0.01708	0.01367	0.01570	0.01055	0.00529	0.00367	0.00122	0.00355	0.00420	0.62408	0.00517
79	0.00908	0.00761	0.00936	0.00708	0.01049	0.00599	0.02305	0.01128	0.01093	0.01655	0.22511	0.01704	0.01749	0.00526	0.00416	0.00095	0.00329	0.00449	0.00349	0.60729
80	0.00879	0.00731	0.00872	0.00696	0.01012	0.00569	0.00533	0.01056	0.00970	0.01465	0.01338	0.23411	0.01380	0.00667	0.00424	0.00105	0.00333	0.00578	0.00327	0.62654
81	0.25021	0.01225	0.01234	0.00971	0.01330	0.01370	0.00801	0.57487	0.01855	0.02775	0.01016	0.01046	0.00732	0.00538	0.00428	0.00145	0.00483	0.00383	0.00428	0.00732
82	0.01863	0.01354	0.01322	0.01175	0.07336	0.21089	0.00874	0.23067	0.03961	0.31113	0.01324	0.01276	0.00916	0.00551	0.00467	0.00140	0.00564	0.00421	0.00444	0.00742
83	0.00959	0.02472	0.80726	0.01362	0.02069	0.01110	0.01766	0.01514	0.01009	0.01514	0.00858	0.01009	0.00605	0.00454	0.00454	0.00151	0.00706	0.00353	0.00202	0.00706
84	0.01143	0.01247	0.02579	0.02266	0.23775	0.01189	0.57401	0.01513	0.01117	0.01539	0.00948	0.01260	0.00734	0.00409	0.00539	0.00156	0.00741	0.00526	0.00240	0.00675
85	0.00708	0.00528	0.00685	0.00765	0.00887	0.00505	0.00649	0.00897	0.01092	0.01386	0.03167	0.07536	0.23918	0.01296	0.00633	0.00203	0.00381	0.53895	0.00441	0.00429
86	0.01128	0.01289	0.02820	0.02015	0.02498	0.01209	0.78485	0.01531	0.01128	0.01531	0.00967	0.01289	0.00725	0.00403	0.00564	0.00161	0.00806	0.00564	0.00242	0.00645
87	0.01357	0.01191	0.01802	0.02432	0.58666	0.01231	0.01314	0.22590	0.01406	0.01959	0.00967	0.01173	0.00772	0.00466	0.00475	0.00142	0.00556	0.00427	0.00303	0.00772
88	0.00582	0.00416	0.00555	0.00666	0.00693	0.00388	0.00444	0.00666	0.00915	0.01220	0.02634	0.82891	0.03161	0.01497	0.00610	0.00194	0.00277	0.01359	0.00444	0.00388
89	0.00655	0.00486	0.00710	0.00740	0.00810	0.00540	0.00555	0.00802	0.00808	0.01140	0.01651	0.24055	0.01733	0.03013	0.59217	0.00611	0.01006	0.00744	0.00307	0.00416
90	0.00896	0.00840	0.01415	0.80300	0.03236	0.01047	0.01308	0.01209	0.00955	0.01221	0.00888	0.03033	0.00692	0.00500	0.00481	0.00160	0.00629	0.00445	0.00217	0.00528
91	0.00582	0.00416	0.00555	0.00666	0.00693	0.00388	0.00444	0.00666	0.00915	0.01220	0.02634	0.82891	0.03161	0.01497	0.00610	0.00194	0.00277	0.01359	0.00444	0.00388
92	0.00582	0.00416	0.00555	0.00666	0.00693	0.00388	0.00444	0.00666	0.00915	0.01220	0.02634	0.82891	0.03161	0.01497	0.00610	0.00194	0.00277	0.01359	0.00444	0.00388
93	0.01046	0.01046	0.01464	0.01255	0.01255	0.01464	0.01046	0.01150	0.00732	0.01150	0.00627	0.01046	0.00627	0.00837	0.01569	0.00209	0.82328	0.00418	0.00209	0.00523
94	0.01393	0.52730	0.10197	0.00951	0.01383	0.01700	0.00939	0.22572	0.01324	0.01681	0.00816	0.00896	0.00667	0.00459	0.00369	0.00119	0.00535	0.00313	0.00279	0.00677
95	0.00646	0.00487	0.00597	0.00569	0.00695	0.00438	0.00427	0.00843	0.01281	0.01745	0.59403	0.03852	0.25183	0.01041	0.00564	0.00153	0.00230	0.00904	0.00504	0.00438
96	0.00807	0.00642	0.00749	0.00779	0.00897	0.00685	0.00560	0.01360	0.29966	0.01509	0.02379	0.52853	0.02531	0.01183	0.00564	0.00182	0.00315	0.01056	0.00459	0.00525
97	0.01070	0.00975	0.01620	0.02372	0.58531	0.00975	0.01276	0.01336	0.01092	0.01526	0.01346	0.02335	0.01303	0.00671	0.00524	0.00163	0.00533	0.21389	0.00292	0.00670
98	0.01190	0.61311	0.23918	0.00967	0.01457	0.01677	0.01077	0.01454	0.00982	0.01231	0.00717	0.00833	0.00611	0.00421	0.00347	0.00116	0.00565	0.00282	0.00204	0.00639

[dist]
# distance from previous block
# <min> <max>
0	1

[block]
# block no. 4 follows, 53 sequences, length 200
# corresponding to MSA columns:
# 185-384
name=unknown_E
#
# <colnr> <probs for GDERKNQSTAVLIFYWHMCP>
#	G	D	E	R	K	N	Q	S	T	A	V	L	I	F	Y	W	H	M	C	P
0	0.01177	0.01016	0.01148	0.12562	0.01547	0.01184	0.00845	0.05905	0.64556	0.01936	0.01752	0.01681	0.01311	0.00621	0.00485	0.00161	0.00422	0.00519	0.00447	0.00727
1	0.01632	0.02047	0.01697	0.01415	0.01716	0.62546	0.19073	0.01820	0.01302	0.01254	0.00792	0.00962	0.00641	0.00472	0.00462	0.00132	0.00849	0.00368	0.00245	0.00575
2	0.01032	0.00757	0.00871	0.00787	0.00986	0.00759	0.00598	0.22269	0.03722	0.01842	0.01849	0.36544	0.01924	0.00963	0.00510	0.00155	0.00360	0.03085	0.08215	0.12772
3	0.00959	0.02472	0.80726	0.01362	0.02069	0.01110	0.01766	0.01514	0.01009	0.01514	0.00858	0.01009	0.00605	0.00454	0.00454	0.00151	0.00706	0.00353	0.00202	0.00706
4	0.00600	0.00433	0.00581	0.02130	0.00743	0.00408	0.00461	0.00705	0.00969	0.01305	0.12065	0.71708	0.03281	0.01415	0.00602	0.00188	0.00277	0.01281	0.00450	0.00398
5	0.01994	0.01055	0.01259	0.00965	0.01341	0.01062	0.00797	0.37462	0.01773	0.44848	0.01546	0.01406	0.01013	0.00583	0.00479	0.00146	0.00462	0.00457	0.00539	0.00813
6	0.01762	0.01209	0.01384	0.01080	0.01406	0.01349	0.00894	0.54788	0.01884	0.15724	0.01197	0.01213	0.00848	0.00614	0.00634	0.00154	0.12193	0.00437	0.00459	0.00772
7	0.01183	0.01136	0.01940	0.02934	0.80221	0.01136	0.01467	0.01467	0.01088	0.01562	0.00899	0.01183	0.00757	0.00426	0.00473	0.00142	0.00568	0.00426	0.00237	0.00757
8	0.00676	0.00489	0.00639	0.00601	0.00714	0.00451	0.00451	0.00902	0.01353	0.01917	0.79969	0.03570	0.04510	0.00977	0.00564	0.00150	0.00225	0.00864	0.00526	0.00451
9	0.00770	0.00550	0.00770	0.00880	0.00990	0.00550	0.00770	0.00990	0.01100	0.01430	0.02531	0.05391	0.02751	0.01320	0.00660	0.00220	0.00440	0.77004	0.00440	0.00440
10	0.00581	0.00485	0.00506	0.00501	0.00655	0.00410	0.00376	0.00717	0.01127	0.01381	0.15575	0.04453	0.69238	0.01177	0.00565	0.00160	0.00240	0.00988	0.00456	0.00410
11	0.00959	0.02472	0.80726	0.01362	0.02069	0.01110	0.01766	0.01514	0.01009	0.01514	0.00858	0.01009	0.00605	0.00454	0.00454	0.00151	0.00706	0.00353	0.00202	0.00706
12	0.00582	0.00416	0.00555	0.00666	0.00693	0.00388	0.00444	0.00666	0.00915	0.01220	0.02634	0.82891	0.03161	0.01497	0.00610	0.00194	0.00277	0.01359	0.00444	0.00388
13	0.00582	0.00416	0.00555	0.00666	0.00693	0.00388	0.00444	0.00666	0.00915	0.01220	0.02634	0.82891	0.03161	0.01497	0.00610	0.00194	0.00277	0.01359	0.00444	0.00388
14	0.74380	0.00939	0.00757	0.00678	0.00970	0.01089	0.00552	0.01567	0.12035	0.02124	0.00848	0.00920	0.00652	0.00473	0.00323	0.00150	0.00371	0.00299	0.00323	0.00552
15	0.01189	0.01027	0.01081	0.00973	0.01243	0.01189	0.00757	0.02540	0.79357	0.01999	0.01945	0.01783	0.01459	0.00648	0.00486	0.00162	0.00378	0.00540	0.00486	0.00757
16	0.00683	0.00512	0.00768	0.00768	0.00853	0.00597	0.00597	0.00853	0.00768	0.01110	0.01280	0.01878	0.01195	0.03585	0.81308	0.00768	0.01280	0.00512	0.00256	0.00427
17	0.01189	0.01027	0.01081	0.00973	0.01243	0.01189	0.00757	0.02540	0.79357	0.01999	0.01945	0.01783	0.01459	0.00648	0.00486	0.00162	0.00378	0.00540	0.00486	0.00757
18	0.01866	0.20221	0.03889	0.00861	0.01246	0.01013	0.00764	0.04449	0.01291	0.55585	0.03060	0.01429	0.01085	0.00552	0.00441	0.00137	0.00441	0.00430	0.00484	0.00756
19	0.01140	0.48434	0.36351	0.01053	0.01591	0.01553	0.01228	0.01467	0.00988	0.01293	0.00748	0.00872	0.00610	0.00428	0.00370	0.00123	0.00596	0.00298	0.00203	0.00654
20	0.01785	0.02278	0.01354	0.01231	0.01478	0.81284	0.00924	0.01909	0.01354	0.01170	0.00739	0.00862	0.00616	0.00493	0.00431	0.00123	0.00862	0.00308	0.00246	0.00554
21	0.02144	0.00813	0.01109	0.00850	0.01220	0.00702	0.00702	0.02329	0.01368	0.80552	0.01886	0.01627	0.01183	0.00592	0.00481	0.00148	0.00407	0.00481	0.00592	0.00813
22	0.01391	0.00927	0.00979	0.00798	0.01056	0.01005	0.00644	0.42935	0.01674	0.02446	0.01337	0.01440	0.01003	0.00566	0.00412	0.00129	0.00386	0.00437	0.39792	0.00644
23	0.00783	0.00658	0.01051	0.00899	0.01047	0.00687	0.11686	0.01009	0.01110	0.01590	0.39795	0.02545	0.02704	0.01507	0.20392	0.00307	0.08049	0.00682	0.03019	0.00479
24	0.02144	0.00813	0.01109	0.00850	0.01220	0.00702	0.00702	0.02329	0.01368	0.80552	0.01886	0.01627	0.01183	0.00592	0.00481	0.00148	0.00407	0.00481	0.00592	0.00813
25	0.00903	0.00850	0.01434	0.82054	0.03292	0.01062	0.01327	0.01221	0.00956	0.01221	0.00850	0.01274	0.00637	0.00478	0.00478	0.00159	0.00637	0.00425	0.00212	0.00531
26	0.00988	0.09856	0.73597	0.01313	0.01992	0.01181	0.01680	0.01506	0.01006	0.01478	0.00840	0.00987	0.00606	0.00450	0.00441	0.00147	0.00689	0.00344	0.00202	0.00698
27	0.01278	0.83490	0.02505	0.00818	0.01227	0.01891	0.00818	0.01431	0.00971	0.01125	0.00664	0.00767	0.00613	0.00409	0.00307	0.00102	0.00511	0.00256	0.00204	0.00613
28	0.02144	0.00813	0.01109	0.00850	0.01220	0.00702	0.00702	0.02329	0.01368	0.80552	0.01886	0.01627	0.01183	0.00592	0.00481	0.00148	0.00407	0.00481	0.00592	0.00813
29	0.00789	0.00593	0.00865	0.12477	0.01319	0.00623	0.00850	0.01023	0.01080	0.01400	0.02290	0.04803	0.02449	0.01200	0.00634	0.00211	0.00468	0.66063	0.00408	0.00453
30	0.01183	0.01136	0.01940	0.02934	0.80221	0.01136	0.01467	0.01467	0.01088	0.01562	0.00899	0.01183	0.00757	0.00426	0.00473	0.00142	0.00568	0.00426	0.00237	0.00757
31	0.00891	0.00445	0.00445	0.00445	0.00557	0.00445	0.00334	0.01114	0.01002	0.01782	0.01559	0.01782	0.01225	0.00557	0.00334	0.00111	0.00223	0.00445	0.85856	0.00445
32	0.00565	0.00484	0.00484	0.00484	0.00646	0.00403	0.00363	0.00686	0.01089	0.01291	0.04842	0.04600	0.80027	0.01210	0.00565	0.00161	0.00242	0.01009	0.00444	0.00403
33	0.00676	0.00489	0.00639	0.00601	0.00714	0.00451	0.00451	0.00902	0.01353	0.01917	0.79969	0.03570	0.04510	0.00977	0.00564	0.00150	0.00225	0.00864	0.00526	0.00451
34	0.01325	0.00996	0.01085	0.00955	0.01240	0.01119	0.00749	0.02510	0.68216	0.13222	0.01937	0.01761	0.01420	0.00640	0.00486	0.00160	0.00382	0.00532	0.00501	0.00765
35	0.02144	0.00813	0.01109	0.00850	0.01220	0.00702	0.00702	0.02329	0.01368	0.80552	0.01886	0.01627	0.01183	0.00592	0.00481	0.00148	0.00407	0.00481	0.00592	0.00813
36	0.00580	0.00426	0.00545	0.00640	0.00686	0.00390	0.00432	0.00668	0.00940	0.01230	0.02950	0.71706	0.14143	0.01456	0.00604	0.00189	0.00272	0.01309	0.00444	0.00390
37	0.02144	0.00813	0.01109	0.00850	0.01220	0.00702	0.00702	0.02329	0.01368	0.80552	0.01886	0.01627	0.01183	0.00592	0.00481	0.00148	0.00407	0.00481	0.00592	0.00813
38	0.01278	0.83490	0.02505	0.00818	0.01227	0.01891	0.00818	0.01431	0.00971	0.01125	0.00664	0.00767	0.00613	0.00409	0.00307	0.00102	0.00511	0.00256	0.00204	0.00613
39	0.00991	0.00850	0.00991	0.00708	0.01133	0.00637	0.00566	0.01203	0.00991	0.01557	0.00850	0.00991	0.00708	0.00354	0.00354	0.00071	0.00354	0.00283	0.00283	0.86124
40	0.01680	0.02102	0.01370	0.01235	0.01446	0.69880	0.00941	0.01800	0.01266	0.01167	0.00723	0.00888	0.00617	0.00542	0.00593	0.00135	0.12500	0.00324	0.00241	0.00550
41	0.01189	0.01027	0.01081	0.00973	0.01243	0.01189	0.00757	0.02540	0.79357	0.01999	0.01945	0.01783	0.01459	0.00648	0.00486	0.00162	0.00378	0.00540	0.00486	0.00757
42	0.00788	0.00531	0.00589	0.00585	0.00594	0.00518	0.00332	0.00764	0.00755	0.01016	0.01586	0.03221	0.01807	0.82123	0.02443	0.00475	0.00493	0.00720	0.00320	0.00339
43	0.00582	0.00416	0.00555	0.00666	0.00693	0.00388	0.00444	0.00666	0.00915	0.01220	0.02634	0.82891	0.03161	0.01497	0.00610	0.00194	0.00277	0.01359	0.00444	0.00388
44	0.00609	0.00435	0.00585	0.00696	0.00736	0.00411	0.00490	0.00712	0.00942	0.01250	0.02620	0.71819	0.03103	0.01472	0.00617	0.00198	0.00301	0.12166	0.00443	0.00396
45	0.01278	0.83490	0.02505	0.00818	0.01227	0.01891	0.00818	0.01431	0.00971	0.01125	0.00664	0.00767	0.00613	0.00409	0.00307	0.00102	0.00511	0.00256	0.00204	0.00613
46	0.00947	0.00801	0.00959	0.00717	0.01093	0.00631	0.00571	0.01153	0.00959	0.01493	0.00911	0.01118	0.00778	0.00816	0.11919	0.00170	0.00486	0.00316	0.00279	0.73881
47	0.00582	0.00416	0.00555	0.00666	0.00693	0.00388	0.00444	0.00666	0.00915	0.01220	0.02634	0.82891	0.03161	0.01497	0.00610	0.00194	0.00277	0.01359	0.00444	0.00388
48	0.00582	0.00416	0.00555	0.00666	0.00693	0.00388	0.00444	0.00666	0.00915	0.01220	0.02634	0.82891	0.03161	0.01497	0.00610	0.00194	0.00277	0.01359	0.00444	0.00388
49	0.01961	0.01108	0.01292	0.00990	0.01367	0.01140	0.00818	0.45133	0.01861	0.37052	0.01472	0.01358	0.00975	0.00582	0.00479	0.00145	0.00474	0.00452	0.00528	0.00813
50	0.00582	0.00416	0.00555	0.00666	0.00693	0.00388	0.00444	0.00666	0.00915	0.01220	0.02634	0.82891	0.03161	0.01497	0.00610	0.00194	0.00277	0.01359	0.00444	0.00388
51	0.01183	0.01136	0.01940	0.02934	0.80221	0.01136	0.01467	0.01467	0.01088	0.01562	0.00899	0.01183	0.00757	0.00426	0.00473	0.00142	0.00568	0.00426	0.00237	0.00757
52	0.00991	0.00850	0.00991	0.00708	0.01133	0.00637	0.00566	0.01203	0.00991	0.01557	0.00850	0.00991	0.00708	0.00354	0.00354	0.00071	0.00354	0.00283	0.00283	0.86124
53	0.00676	0.00489	0.00639	0.00601	0.00714	0.00451	0.00451	0.00902	0.01353	0.01917	0.79969	0.03570	0.04510	0.00977	0.00564	0.00150	0.00225	0.00864	0.00526	0.00451
54	0.00943	0.00890	0.01506	0.70750	0.14282	0.01072	0.01347	0.01256	0.00975	0.01270	0.00857	0.01261	0.00654	0.00470	0.00477	0.00157	0.00627	0.00425	0.00216	0.00563
55	0.00695	0.00463	0.00521	0.00521	0.00521	0.00463	0.00290	0.00695	0.00695	0.00927	0.01506	0.03128	0.01738	0.83203	0.02433	0.00463	0.00463	0.00695	0.00290	0.00290
56	0.00582	0.00416	0.00555	0.00666	0.00693	0.00388	0.00444	0.00666	0.00915	0.01220	0.02634	0.82891	0.03161	0.01497	0.00610	0.00194	0.00277	0.01359	0.00444	0.00388
57	0.00959	0.02472	0.80726	0.01362	0.02069	0.01110	0.01766	0.01514	0.01009	0.01514	0.00858	0.01009	0.00605	0.00454	0.00454	0.00151	0.00706	0.00353	0.00202	0.00706
58	0.86579	0.00924	0.00702	0.00629	0.00924	0.01072	0.00518	0.01405	0.00813	0.02144	0.00666	0.00776	0.00518	0.00444	0.00296	0.00148	0.00370	0.00259	0.00296	0.00518
59	0.01106	0.39778	0.44708	0.01112	0.01681	0.01470	0.01329	0.01476	0.00992	0.01334	0.00769	0.00897	0.00609	0.00433	0.00386	0.00129	0.00616	0.00308	0.00203	0.00664
60	0.00641	0.00478	0.00617	0.00672	0.00756	0.00424	0.00461	0.00742	0.00926	0.01268	0.02379	0.71190	0.02811	0.01334	0.00573	0.00176	0.00288	0.01205	0.00421	0.12637
61	0.00565	0.00484	0.00484	0.00484	0.00646	0.00403	0.00363	0.00686	0.01089	0.01291	0.04842	0.04600	0.80027	0.01210	0.00565	0.00161	0.00242	0.01009	0.00444	0.00403
62	0.01046	0.01046	0.01464	0.01255	0.01255	0.01464	0.01046	0.01150	0.00732	0.01150	0.00627	0.01046	0.00627	0.00837	0.01569	0.00209	0.82328	0.00418	0.00209	0.00523
