[name]
unknown

[dist]
# distance from previous block
# <min> <max>
0	105

[block]
# block no. 0 follows, 44 sequences, length 9
# corresponding to MSA columns:
# 232-240
name=unknown_A
#
# <colnr> <probs for GDERKNQSTAVLIFYWHMCP>
#	G	D	E	R	K	N	Q	S	T	A	V	L	I	F	Y	W	H	M	C	P
0	0.00949	0.00755	0.01144	0.01505	0.18867	0.00749	0.00995	0.01188	0.01213	0.01622	0.02474	0.18786	0.02694	0.01305	0.00693	0.00225	0.00502	0.43311	0.00449	0.00575
1	0.01385	0.48104	0.20105	0.01117	0.01639	0.01816	0.01180	0.05052	0.11847	0.01621	0.01040	0.01122	0.00844	0.00525	0.00427	0.00141	0.00614	0.00372	0.00292	0.00757
2	0.00741	0.00556	0.00687	0.00654	0.00796	0.00502	0.00491	0.00970	0.01472	0.02017	0.60127	0.04351	0.22275	0.01178	0.00643	0.00174	0.00262	0.01025	0.00578	0.00502
3	0.01322	0.00655	0.00835	0.00728	0.00943	0.00597	0.00568	0.01564	0.01455	0.24412	0.37494	0.02944	0.03153	0.00873	0.00554	0.00160	0.00317	0.00746	0.20045	0.00635
4	0.07670	0.00573	0.00644	0.00644	0.00778	0.00564	0.00476	0.01177	0.01214	0.05026	0.19864	0.20716	0.02734	0.00990	0.00520	0.00165	0.00291	0.00849	0.34586	0.00518
5	0.00742	0.00556	0.00688	0.00655	0.00796	0.00502	0.00491	0.00971	0.01473	0.02020	0.60444	0.04346	0.21956	0.01177	0.00643	0.00174	0.00262	0.01024	0.00578	0.00502
6	0.00662	0.00558	0.00578	0.00587	0.00767	0.00473	0.00450	0.00809	0.01244	0.01485	0.05318	0.05317	0.71471	0.01390	0.00653	0.00189	0.00294	0.06785	0.00506	0.00463
7	0.01458	0.81168	0.02857	0.00933	0.01399	0.02157	0.00933	0.01632	0.01108	0.01283	0.00758	0.00875	0.00700	0.00466	0.00350	0.00117	0.00583	0.00292	0.00233	0.00700
8	0.01120	0.00862	0.00933	0.00895	0.01099	0.00956	0.00673	0.02039	0.42225	0.02018	0.02305	0.20333	0.02058	0.00942	0.00549	0.00181	0.00365	0.00810	0.18950	0.00687

[dist]
# distance from previous block
# <min> <max>
1	6

[block]
# block no. 1 follows, 44 sequences, length 35
# corresponding to MSA columns:
# 247-281
name=unknown_B
#
# <colnr> <probs for GDERKNQSTAVLIFYWHMCP>
#	G	D	E	R	K	N	Q	S	T	A	V	L	I	F	Y	W	H	M	C	P
0	0.00804	0.00582	0.00754	0.00819	0.00895	0.00585	0.00576	0.07439	0.01157	0.01557	0.02650	0.63098	0.03071	0.01929	0.10987	0.00303	0.00493	0.01328	0.00481	0.00492
1	0.08842	0.03822	0.29186	0.01663	0.07557	0.01419	0.16091	0.20995	0.01532	0.02234	0.01068	0.01239	0.00783	0.00537	0.00531	0.00170	0.00724	0.00467	0.00334	0.00806
2	0.01338	0.42651	0.02422	0.01250	0.01541	0.01896	0.07657	0.01517	0.01016	0.01335	0.00772	0.01053	0.00717	0.00658	0.00942	0.00171	0.31767	0.00396	0.00239	0.00662
3	0.01030	0.00969	0.01635	0.79530	0.03755	0.01211	0.01514	0.01393	0.01090	0.01393	0.00969	0.01453	0.00727	0.00545	0.00545	0.00182	0.00727	0.00484	0.00242	0.00606
4	0.08528	0.01264	0.12044	0.02075	0.37394	0.01054	0.01272	0.01455	0.02969	0.01747	0.01878	0.13868	0.10614	0.00795	0.00556	0.00176	0.00548	0.00705	0.00342	0.00718
5	0.01416	0.00775	0.00842	0.00769	0.00983	0.05713	0.00612	0.01651	0.01329	0.21722	0.08658	0.02643	0.01902	0.00798	0.00504	0.00159	0.00390	0.10231	0.38278	0.00625
6	0.02446	0.00928	0.01265	0.00970	0.01392	0.00801	0.00801	0.02657	0.01560	0.77817	0.02151	0.01856	0.01350	0.00675	0.00548	0.00169	0.00464	0.00548	0.00675	0.00928
7	0.00691	0.00494	0.00661	0.00760	0.00797	0.00482	0.00514	0.00790	0.00999	0.01345	0.02686	0.63298	0.03165	0.09054	0.11185	0.00335	0.00486	0.01355	0.00462	0.00439
8	0.01093	0.02820	0.78016	0.01554	0.02360	0.01266	0.02014	0.01727	0.01151	0.01727	0.00978	0.01151	0.00691	0.00518	0.00518	0.00173	0.00806	0.00403	0.00230	0.00806
9	0.01128	0.10347	0.70795	0.01494	0.02267	0.01352	0.01910	0.01717	0.01147	0.01684	0.00957	0.01124	0.00691	0.00513	0.00502	0.00167	0.00784	0.00392	0.00230	0.00796
10	0.00728	0.00554	0.00674	0.00674	0.00812	0.00499	0.00510	0.00931	0.01376	0.01834	0.40746	0.11421	0.28775	0.01287	0.00657	0.00187	0.00289	0.07005	0.00553	0.00489
11	0.01256	0.01231	0.02199	0.19677	0.47926	0.01270	0.12731	0.01607	0.01216	0.01687	0.01080	0.01532	0.00896	0.00525	0.00563	0.00172	0.00701	0.02681	0.00272	0.00777
12	0.01155	0.01210	0.02509	0.04999	0.02368	0.01149	0.54125	0.01536	0.01228	0.01702	0.01454	0.13849	0.01307	0.00673	0.00624	0.00185	0.00758	0.00766	0.07738	0.00664
13	0.02446	0.00928	0.01265	0.00970	0.01392	0.00801	0.00801	0.02657	0.01560	0.77817	0.02151	0.01856	0.01350	0.00675	0.00548	0.00169	0.00464	0.00548	0.00675	0.00928
14	0.00879	0.00533	0.00608	0.00589	0.00722	0.00507	0.00442	0.01125	0.01326	0.02054	0.35008	0.03185	0.09195	0.00905	0.00517	0.00151	0.00257	0.00769	0.40720	0.00507
15	0.05483	0.01242	0.02392	0.01751	0.02223	0.01163	0.46208	0.01941	0.02900	0.21229	0.05009	0.03334	0.01229	0.00580	0.00604	0.00179	0.00725	0.00637	0.00406	0.00764
16	0.01894	0.01371	0.02030	0.01509	0.01974	0.01394	0.23769	0.35388	0.03830	0.18964	0.01451	0.01495	0.01007	0.00601	0.00576	0.00171	0.00664	0.00553	0.00491	0.00867
17	0.01261	0.00668	0.00873	0.00758	0.00980	0.00595	0.00591	0.01493	0.01520	0.24755	0.47955	0.03520	0.10800	0.01008	0.00615	0.00172	0.00321	0.00870	0.00614	0.00633
18	0.73824	0.01038	0.00863	0.00750	0.01099	0.01167	0.00618	0.01742	0.01011	0.12405	0.00943	0.01014	0.00691	0.00528	0.00365	0.00169	0.00427	0.00329	0.00382	0.00635
19	0.02397	0.01007	0.01314	0.01008	0.01431	0.00919	0.00832	0.12298	0.01693	0.67989	0.02040	0.01783	0.01294	0.00672	0.00548	0.00168	0.00482	0.00541	0.00658	0.00928
20	0.02011	0.02555	0.01549	0.01405	0.01678	0.76306	0.01058	0.02151	0.01523	0.01334	0.00839	0.00990	0.00703	0.00574	0.00531	0.00143	0.03386	0.00355	0.00280	0.00631
21	0.00731	0.00502	0.00613	0.00674	0.00689	0.00487	0.00415	0.00777	0.00914	0.01218	0.02338	0.40635	0.02765	0.42705	0.01773	0.00381	0.00426	0.01158	0.00415	0.00385
22	0.01267	0.01582	0.09817	0.02206	0.02764	0.01377	0.66733	0.01732	0.01261	0.01732	0.01080	0.01434	0.00812	0.00479	0.00666	0.00184	0.03248	0.00617	0.00271	0.00737
23	0.00853	0.00731	0.01152	0.41569	0.02326	0.00841	0.01028	0.01087	0.01068	0.01392	0.01950	0.39540	0.02114	0.01106	0.00618	0.00201	0.00529	0.00998	0.00369	0.00527
24	0.00724	0.00521	0.00686	0.00718	0.00804	0.00483	0.00511	0.00910	0.01323	0.01836	0.44504	0.37717	0.04467	0.01376	0.00666	0.00193	0.00283	0.01234	0.00559	0.00483
25	0.01178	0.01410	0.09293	0.01860	0.02365	0.01176	0.50514	0.01582	0.01226	0.01708	0.01292	0.10462	0.01131	0.00601	0.00607	0.00174	0.00772	0.00684	0.00304	0.11661
26	0.00793	0.00529	0.00595	0.00595	0.00595	0.00529	0.00330	0.00793	0.00793	0.01057	0.01718	0.03568	0.01982	0.80840	0.02775	0.00529	0.00529	0.00793	0.00330	0.00330
27	0.07888	0.23168	0.48137	0.01309	0.01969	0.01519	0.01566	0.05581	0.01196	0.01757	0.00920	0.01066	0.00697	0.00511	0.00461	0.00157	0.00706	0.00370	0.00256	0.00767
28	0.01116	0.01018	0.01676	0.22396	0.38350	0.01070	0.01330	0.01432	0.01281	0.01786	0.20874	0.02087	0.01945	0.00665	0.00568	0.00170	0.00566	0.00616	0.00349	0.00706
29	0.00664	0.00474	0.00633	0.00759	0.00791	0.00443	0.00506	0.00759	0.01044	0.01392	0.03005	0.80485	0.03606	0.01708	0.00696	0.00221	0.00316	0.01550	0.00506	0.00443
30	0.01458	0.81168	0.02857	0.00933	0.01399	0.02157	0.00933	0.01632	0.01108	0.01283	0.00758	0.00875	0.00700	0.00466	0.00350	0.00117	0.00583	0.00292	0.00233	0.00700
31	0.00790	0.00539	0.00648	0.00648	0.00667	0.00558	0.00397	0.00827	0.00809	0.01097	0.01669	0.03296	0.01864	0.66199	0.17255	0.00595	0.00706	0.00753	0.00323	0.00360
32	0.77462	0.01081	0.00875	0.00771	0.01098	0.01263	0.00636	0.04806	0.00995	0.02440	0.00781	0.00917	0.00611	0.00532	0.00410	0.00172	0.03891	0.00312	0.00342	0.00605
33	0.01249	0.26417	0.48360	0.01354	0.01996	0.04927	0.01607	0.01698	0.01140	0.01556	0.00893	0.01062	0.00695	0.00525	0.00526	0.00157	0.04476	0.00370	0.00234	0.00756
34	0.01165	0.01059	0.04448	0.04447	0.01402	0.01114	0.00852	0.03880	0.48396	0.02011	0.02296	0.22566	0.02074	0.00974	0.00590	0.00193	0.00434	0.00844	0.00514	0.00740

[dist]
# distance from previous block
# <min> <max>
0	2

[block]
# block no. 2 follows, 44 sequences, length 75
# corresponding to MSA columns:
# 284-355,361-363
name=unknown_C
#
# <colnr> <probs for GDERKNQSTAVLIFYWHMCP>
#	G	D	E	R	K	N	Q	S	T	A	V	L	I	F	Y	W	H	M	C	P
0	0.01779	0.02225	0.05505	0.05757	0.19466	0.52930	0.01268	0.01998	0.01432	0.01461	0.00898	0.01100	0.00740	0.00541	0.00507	0.00149	0.00883	0.00392	0.00274	0.00693
1	0.01154	0.00947	0.01209	0.01340	0.14025	0.01006	0.00888	0.01946	0.32096	0.03804	0.25952	0.02899	0.02751	0.00877	0.00596	0.00182	0.00419	0.06664	0.00520	0.00724
2	0.00909	0.00624	0.00822	0.00852	0.00959	0.00605	0.02027	0.07796	0.01248	0.05444	0.06382	0.60818	0.03248	0.01498	0.00674	0.00212	0.00366	0.04476	0.00518	0.00523
3	0.01274	0.20595	0.55301	0.01370	0.02070	0.01436	0.01680	0.01772	0.01171	0.07110	0.01012	0.01139	0.00740	0.00517	0.00482	0.00160	0.00730	0.00388	0.00263	0.00790
4	0.01248	0.00994	0.01115	0.01032	0.02566	0.01104	0.00792	0.05795	0.44697	0.05679	0.02517	0.02519	0.12301	0.01334	0.12299	0.00287	0.00579	0.01886	0.00508	0.00750
5	0.00793	0.00529	0.00595	0.00595	0.00595	0.00529	0.00330	0.00793	0.00793	0.01057	0.01718	0.03568	0.01982	0.80840	0.02775	0.00529	0.00529	0.00793	0.00330	0.00330
6	0.00915	0.00800	0.00977	0.00952	0.01062	0.07911	0.00741	0.01101	0.00936	0.01274	0.01366	0.01988	0.01270	0.03608	0.67648	0.00777	0.05322	0.00557	0.00288	0.00506
7	0.02013	0.04179	0.01622	0.01391	0.01704	0.64212	0.02592	0.12771	0.01677	0.01645	0.00914	0.01038	0.00737	0.00571	0.00499	0.00144	0.00917	0.00376	0.00318	0.00678
8	0.02446	0.00928	0.01265	0.00970	0.01392	0.00801	0.00801	0.02657	0.01560	0.77817	0.02151	0.01856	0.01350	0.00675	0.00548	0.00169	0.00464	0.00548	0.00675	0.00928
9	0.01458	0.81168	0.02857	0.00933	0.01399	0.02157	0.00933	0.01632	0.01108	0.01283	0.00758	0.00875	0.00700	0.00466	0.00350	0.00117	0.00583	0.00292	0.00233	0.00700
10	0.00772	0.00557	0.00729	0.00686	0.00814	0.00514	0.00514	0.01029	0.01543	0.02186	0.77152	0.04072	0.05144	0.01115	0.00643	0.00171	0.00257	0.00986	0.00600	0.00514
11	0.02014	0.00864	0.01149	0.00913	0.01262	0.00771	0.00741	0.05622	0.01602	0.55637	0.20702	0.02380	0.02271	0.00783	0.00572	0.00169	0.00419	0.00654	0.00650	0.00825
12	0.00728	0.00556	0.00669	0.00641	0.00788	0.00496	0.00480	0.00945	0.01441	0.01945	0.52888	0.04470	0.29559	0.01205	0.00643	0.00176	0.00264	0.01042	0.00568	0.00496
13	0.00700	0.00554	0.00630	0.00611	0.00771	0.00484	0.00458	0.00890	0.01374	0.01786	0.36937	0.04732	0.45609	0.01264	0.00644	0.00179	0.00268	0.01078	0.00547	0.00484
14	0.01458	0.81168	0.02857	0.00933	0.01399	0.02157	0.00933	0.01632	0.01108	0.01283	0.00758	0.00875	0.00700	0.00466	0.00350	0.00117	0.00583	0.00292	0.00233	0.00700
15	0.00664	0.00474	0.00633	0.00759	0.00791	0.00443	0.00506	0.00759	0.01044	0.01392	0.03005	0.80485	0.03606	0.01708	0.00696	0.00221	0.00316	0.01550	0.00506	0.00443
16	0.02072	0.01527	0.01636	0.01254	0.01691	0.01691	0.01036	0.75622	0.02563	0.03436	0.01309	0.01309	0.00927	0.00654	0.00545	0.00164	0.00600	0.00491	0.00545	0.00927
17	0.00689	0.00547	0.00620	0.00617	0.00768	0.00477	0.00457	0.00864	0.01326	0.01707	0.29624	0.12051	0.45677	0.01322	0.00649	0.00183	0.00274	0.01133	0.00538	0.00477
18	0.00984	0.00973	0.01879	0.05382	0.01883	0.00945	0.34145	0.01264	0.01171	0.01585	0.05398	0.34962	0.02192	0.01038	0.00699	0.00201	0.03296	0.01029	0.00385	0.00590
19	0.01433	0.01147	0.01243	0.01086	0.01360	0.04793	0.00856	0.05713	0.43750	0.09723	0.11694	0.02103	0.01901	0.00784	0.00678	0.00182	0.08048	0.00621	0.00525	0.02363
20	0.01280	0.01452	0.03112	0.02239	0.02753	0.01398	0.70438	0.01717	0.01256	0.01717	0.01077	0.01452	0.00820	0.00493	0.00721	0.00188	0.06255	0.00632	0.00273	0.00726
21	0.01287	0.01471	0.03217	0.02298	0.02849	0.01379	0.75460	0.01746	0.01287	0.01746	0.01103	0.01471	0.00827	0.00460	0.00643	0.00184	0.00919	0.00643	0.00276	0.00735
22	0.01439	0.01181	0.01599	0.45177	0.02817	0.01380	0.01283	0.31414	0.01691	0.02222	0.01261	0.01523	0.03397	0.00618	0.00549	0.00174	0.00660	0.00510	0.00374	0.00731
23	0.01520	0.01133	0.01269	0.01012	0.01407	0.01137	0.00810	0.18325	0.25482	0.09621	0.05053	0.01662	0.01358	0.00625	0.00508	0.00145	0.00455	0.00505	0.00492	0.27481
24	0.00664	0.00474	0.00633	0.00759	0.00791	0.00443	0.00506	0.00759	0.01044	0.01392	0.03005	0.80485	0.03606	0.01708	0.00696	0.00221	0.00316	0.01550	0.00506	0.00443
25	0.01759	0.01225	0.01302	0.01033	0.01378	0.01340	0.00842	0.53565	0.02142	0.03020	0.01448	0.01524	0.01067	0.00649	0.00497	0.00153	0.00497	0.00496	0.25263	0.00803
26	0.00779	0.00584	0.00876	0.00876	0.00974	0.00681	0.00681	0.00974	0.00876	0.01266	0.01460	0.02142	0.01363	0.04089	0.78680	0.00876	0.01460	0.00584	0.00292	0.00487
27	0.01256	0.01329	0.01876	0.01543	0.01677	0.08905	0.14822	0.01443	0.00994	0.01394	0.00902	0.03624	0.00851	0.00993	0.04971	0.00248	0.51765	0.00533	0.00260	0.00616
28	0.00703	0.00512	0.00716	0.00799	0.00853	0.00524	0.00566	0.00832	0.00987	0.01349	0.02478	0.53762	0.02841	0.02520	0.27296	0.00445	0.00707	0.01220	0.00433	0.00458
29	0.84691	0.01054	0.00801	0.00717	0.01054	0.01223	0.00590	0.01603	0.00928	0.02446	0.00759	0.00886	0.00590	0.00506	0.00337	0.00169	0.00422	0.00295	0.00337	0.00590
30	0.00755	0.00549	0.00711	0.00687	0.00809	0.00505	0.00509	0.00992	0.01482	0.02077	0.66746	0.11443	0.08324	0.01184	0.00648	0.00177	0.00264	0.01048	0.00587	0.00505
31	0.01030	0.00969	0.01635	0.79530	0.03755	0.01211	0.01514	0.01393	0.01090	0.01393	0.00969	0.01453	0.00727	0.00545	0.00545	0.00182	0.00727	0.00484	0.00242	0.00606
32	0.01093	0.02820	0.78016	0.01554	0.02360	0.01266	0.02014	0.01727	0.01151	0.01727	0.00978	0.01151	0.00691	0.00518	0.00518	0.00173	0.00806	0.00403	0.00230	0.00806
33	0.02072	0.01527	0.01636	0.01254	0.01691	0.01691	0.01036	0.75622	0.02563	0.03436	0.01309	0.01309	0.00927	0.00654	0.00545	0.00164	0.00600	0.00491	0.00545	0.00927
34	0.00793	0.00529	0.00595	0.00595	0.00595	0.00529	0.00330	0.00793	0.00793	0.01057	0.01718	0.03568	0.01982	0.80840	0.02775	0.00529	0.00529	0.00793	0.00330	0.00330
35	0.34788	0.09246	0.25610	0.01191	0.03871	0.13767	0.01180	0.01739	0.01124	0.01913	0.00850	0.00998	0.00658	0.00515	0.00427	0.00160	0.00655	0.00344	0.00283	0.00683
36	0.00879	0.00628	0.00879	0.01004	0.01130	0.00628	0.00879	0.01130	0.01255	0.01632	0.02887	0.06150	0.03138	0.01506	0.00753	0.00251	0.00502	0.73770	0.00502	0.00502
37	0.01499	0.01580	0.02067	0.02923	0.60915	0.18170	0.01538	0.01783	0.01308	0.01684	0.00986	0.01269	0.00828	0.00502	0.00529	0.00157	0.00721	0.00456	0.00272	0.00813
38	0.08030	0.02645	0.60880	0.01465	0.02158	0.12245	0.01762	0.01780	0.01189	0.01729	0.00941	0.01106	0.00684	0.00523	0.00500	0.00168	0.00800	0.00387	0.00246	0.00764
39	0.01976	0.02510	0.01502	0.01368	0.01644	0.75275	0.01026	0.02117	0.01532	0.01340	0.01045	0.01167	0.04007	0.00597	0.00498	0.00142	0.00953	0.00386	0.00291	0.00625
40	0.00644	0.00552	0.00552	0.00552	0.00736	0.00460	0.00414	0.00782	0.01243	0.01473	0.05523	0.05247	0.77218	0.01381	0.00644	0.00184	0.00276	0.01151	0.00506	0.00460
41	0.00710	0.00517	0.00668	0.00710	0.00797	0.00476	0.00502	0.00879	0.01279	0.01747	0.35728	0.40850	0.10271	0.01421	0.00668	0.00196	0.00287	0.01270	0.00547	0.00476
42	0.00683	0.00564	0.00602	0.00613	0.00775	0.00494	0.00452	0.00875	0.03939	0.01548	0.10876	0.15713	0.58194	0.01382	0.00648	0.00188	0.00286	0.01175	0.00516	0.00477
43	0.00780	0.00579	0.00849	0.00849	0.00937	0.00667	0.00648	0.00956	0.00868	0.01246	0.01485	0.02278	0.01422	0.11437	0.71412	0.00843	0.01371	0.00604	0.00296	0.00472
44	0.01991	0.02609	0.05276	0.01412	0.01718	0.74876	0.01100	0.02155	0.01526	0.01353	0.00849	0.00991	0.00702	0.00560	0.00493	0.00142	0.00974	0.00354	0.00278	0.00640
45	0.01458	0.81168	0.02857	0.00933	0.01399	0.02157	0.00933	0.01632	0.01108	0.01283	0.00758	0.00875	0.00700	0.00466	0.00350	0.00117	0.00583	0.00292	0.00233	0.00700
46	0.00916	0.00811	0.04613	0.00875	0.01065	0.00755	0.00706	0.01471	0.19947	0.01935	0.28629	0.18732	0.07238	0.01165	0.00637	0.00194	0.00366	0.08811	0.00537	0.00597
47	0.01229	0.13357	0.35754	0.01614	0.02169	0.03394	0.18707	0.01662	0.01135	0.01591	0.00930	0.01188	0.00728	0.00569	0.00729	0.00177	0.13634	0.00454	0.00244	0.00736
48	0.01871	0.01646	0.01905	0.01471	0.01888	0.12468	0.14828	0.46907	0.04321	0.02720	0.01212	0.01311	0.00892	0.00618	0.00598	0.00167	0.03390	0.00503	0.00448	0.00837
49	0.01237	0.01964	0.35457	0.02560	0.44512	0.01283	0.01823	0.01697	0.01202	0.01757	0.01005	0.01262	0.00788	0.00500	0.00530	0.00167	0.00717	0.00449	0.00252	0.00838
50	0.01795	0.01233	0.02361	0.01715	0.02210	0.01125	0.42717	0.02146	0.01407	0.35108	0.01563	0.01639	0.01056	0.00554	0.00602	0.00177	0.00719	0.00602	0.00451	0.00820
51	0.01356	0.01171	0.01233	0.01109	0.01418	0.01356	0.00863	0.02897	0.76455	0.02281	0.02219	0.02034	0.01664	0.00740	0.00555	0.00185	0.00431	0.00616	0.00555	0.00863
52	0.00664	0.00474	0.00633	0.00759	0.00791	0.00443	0.00506	0.00759	0.01044	0.01392	0.03005	0.80485	0.03606	0.01708	0.00696	0.00221	0.00316	0.01550	0.00506	0.00443
53	0.01529	0.01199	0.01544	0.35523	0.02510	0.01384	0.01192	0.37017	0.01802	0.02426	0.01198	0.01431	0.00878	0.00605	0.00532	0.00169	0.00627	0.00489	0.07193	0.00752
54	0.00744	0.00538	0.00718	0.00835	0.00901	0.00522	0.00616	0.00929	0.03652	0.01485	0.02947	0.58294	0.03417	0.01622	0.00706	0.00228	0.00369	0.20498	0.00507	0.00473
55	0.01332	0.01278	0.02182	0.07436	0.73484	0.01291	0.01665	0.01658	0.01233	0.01760	0.01022	0.01355	0.00856	0.00489	0.00540	0.00163	0.00652	0.00486	0.00268	0.00850
56	0.00660	0.00512	0.00602	0.00665	0.00768	0.00454	0.00466	0.00781	0.01153	0.01462	0.07311	0.44188	0.35956	0.01539	0.00671	0.00203	0.00296	0.01350	0.00510	0.00454
57	0.02072	0.01527	0.01636	0.01254	0.01691	0.01691	0.01036	0.75622	0.02563	0.03436	0.01309	0.01309	0.00927	0.00654	0.00545	0.00164	0.00600	0.00491	0.00545	0.00927
58	0.01018	0.00574	0.00590	0.00578	0.00704	0.00592	0.00420	0.01360	0.08305	0.01921	0.01812	0.02246	0.01504	0.11791	0.00730	0.00188	0.00309	0.00558	0.64282	0.00517
59	0.33975	0.01040	0.01103	0.00877	0.01276	0.01039	0.00721	0.09057	0.01352	0.31035	0.01369	0.01328	0.00941	0.00570	0.00446	0.00156	0.00452	0.00414	0.00483	0.12365
60	0.02037	0.02575	0.01547	0.01401	0.01686	0.76980	0.01053	0.03772	0.01567	0.01380	0.00853	0.00990	0.00707	0.00564	0.00493	0.00141	0.00975	0.00354	0.00287	0.00638
61	0.00779	0.00584	0.00876	0.00876	0.00974	0.00681	0.00681	0.00974	0.00876	0.01266	0.01460	0.02142	0.01363	0.04089	0.78680	0.00876	0.01460	0.00584	0.00292	0.00487
62	0.01100	0.01033	0.01681	0.01378	0.01672	0.01054	0.25298	0.01790	0.25980	0.01796	0.02097	0.27235	0.02022	0.02390	0.00669	0.00202	0.00557	0.00930	0.00443	0.00676
63	0.00793	0.00529	0.00595	0.00595	0.00595	0.00529	0.00330	0.00793	0.00793	0.01057	0.01718	0.03568	0.01982	0.80840	0.02775	0.00529	0.00529	0.00793	0.00330	0.00330
64	0.00678	0.00496	0.00637	0.00723	0.00788	0.00455	0.00496	0.00801	0.01141	0.01518	0.14172	0.60229	0.12695	0.01582	0.00682	0.00210	0.00303	0.01419	0.00520	0.00455
65	0.01893	0.01421	0.01540	0.01169	0.01615	0.01507	0.00962	0.61462	0.02290	0.03119	0.01244	0.01275	0.00904	0.00607	0.00518	0.00148	0.00563	0.00459	0.00503	0.16803
66	0.00779	0.00584	0.00876	0.00876	0.00974	0.00681	0.00681	0.00974	0.00876	0.01266	0.01460	0.02142	0.01363	0.04089	0.78680	0.00876	0.01460	0.00584	0.00292	0.00487
67	0.01209	0.01152	0.01960	0.36758	0.45124	0.01258	0.01603	0.01550	0.01175	0.01611	0.01001	0.01395	0.00804	0.00512	0.00542	0.00171	0.00682	0.00485	0.00258	0.00750
68	0.00758	0.00593	0.00873	0.17003	0.01424	0.00633	0.00735	0.00928	0.01058	0.01416	0.06020	0.51200	0.02822	0.01721	0.09889	0.00288	0.00533	0.01189	0.00431	0.00485
69	0.01771	0.01998	0.01549	0.01355	0.01581	0.44837	0.01059	0.12330	0.01513	0.01669	0.04601	0.01232	0.00954	0.00699	0.00828	0.00170	0.20439	0.00433	0.00324	0.00659
70	0.03307	0.05743	0.39263	0.01261	0.01864	0.01154	0.01405	0.02119	0.08204	0.26322	0.01455	0.01440	0.00994	0.00584	0.00517	0.00168	0.00633	0.00460	0.00408	0.02699
71	0.05380	0.02511	0.55289	0.01448	0.02118	0.09526	0.01697	0.09042	0.04629	0.01911	0.01040	0.01174	0.00753	0.00545	0.00511	0.00169	0.00769	0.00410	0.00286	0.00791
72	0.26145	0.01129	0.01256	0.01292	0.12076	0.01259	0.00894	0.14737	0.18752	0.03611	0.01359	0.01479	0.01057	0.00999	0.09411	0.00250	0.00602	0.00473	0.02476	0.00743
73	0.10043	0.02060	0.01503	0.05106	0.01726	0.45145	0.01026	0.23261	0.01756	0.02051	0.00975	0.01091	0.00757	0.00582	0.00495	0.00152	0.00805	0.00392	0.00361	0.00712
74	0.05539	0.01076	0.01180	0.00983	0.01282	0.01164	0.00785	0.30729	0.14758	0.04946	0.24926	0.02318	0.02376	0.00804	0.00559	0.00168	0.00436	0.00658	0.04560	0.00752

[dist]
# distance from previous block
# <min> <max>
12	46

[block]
# block no. 3 follows, 44 sequences, length 40
# corresponding to MSA columns:
# 411-450
name=unknown_D
#
# <colnr> <probs for GDERKNQSTAVLIFYWHMCP>
#	G	D	E	R	K	N	Q	S	T	A	V	L	I	F	Y	W	H	M	C	P
0	0.16508	0.22919	0.14775	0.01094	0.01548	0.03373	0.04677	0.07182	0.03079	0.06162	0.07289	0.01354	0.01134	0.00579	0.00485	0.00153	0.02443	0.00430	0.00345	0.04470
1	0.12269	0.01389	0.06017	0.10662	0.01965	0.07370	0.12883	0.07000	0.23289	0.05683	0.01398	0.01492	0.01042	0.00590	0.00524	0.00171	0.00620	0.00504	0.00398	0.04733
2	0.01165	0.01083	0.01777	0.18379	0.29171	0.01168	0.07816	0.01529	0.04770	0.01715	0.07913	0.04108	0.01350	0.00652	0.00670	0.00175	0.08059	0.00579	0.05134	0.02787
3	0.01057	0.00872	0.01318	0.01176	0.05722	0.00802	0.12211	0.01407	0.06227	0.05451	0.19223	0.06586	0.10988	0.00915	0.00602	0.00171	0.00462	0.09516	0.00458	0.14837
4	0.02752	0.01030	0.01352	0.01051	0.01447	0.00954	0.10330	0.03245	0.19310	0.03487	0.06147	0.01973	0.08667	0.00640	0.00513	0.00139	0.00462	0.00561	0.00418	0.35522
5	0.06161	0.01164	0.01208	0.01087	0.01397	0.01348	0.00847	0.02822	0.72099	0.02290	0.02135	0.01968	0.01602	0.00726	0.00542	0.00184	0.00431	0.00598	0.00542	0.00847
6	0.00675	0.00482	0.00645	0.00771	0.00807	0.00452	0.00524	0.00777	0.01054	0.01403	0.02999	0.76859	0.03583	0.01698	0.00699	0.00223	0.00325	0.05072	0.00506	0.00446
7	0.01069	0.01014	0.01996	0.01547	0.01874	0.00954	0.38666	0.01378	0.01239	0.04639	0.10756	0.24175	0.02174	0.01082	0.04580	0.00227	0.00679	0.00934	0.00396	0.00621
8	0.08040	0.01066	0.01413	0.01139	0.01455	0.01114	0.10397	0.16953	0.15388	0.13723	0.06148	0.01751	0.01353	0.00899	0.00850	0.16057	0.00530	0.00555	0.00461	0.00708
9	0.01432	0.01001	0.01615	0.49684	0.12659	0.01118	0.01353	0.01751	0.01229	0.20916	0.01277	0.01543	0.00903	0.00570	0.00545	0.00176	0.00650	0.00501	0.00356	0.00721
10	0.00673	0.00488	0.00639	0.00755	0.00804	0.00453	0.00518	0.00780	0.01070	0.01410	0.03197	0.70823	0.09376	0.01672	0.00695	0.00220	0.00322	0.05151	0.00506	0.00447
11	0.01237	0.01181	0.02010	0.30124	0.51540	0.01266	0.01617	0.01575	0.01188	0.01645	0.01006	0.01386	0.00815	0.00507	0.00542	0.00169	0.00675	0.00485	0.00260	0.00773
12	0.05221	0.01086	0.01795	0.49251	0.29190	0.01241	0.01524	0.01500	0.01135	0.01579	0.00978	0.01390	0.00768	0.00523	0.00533	0.00174	0.00684	0.00476	0.00256	0.00694
13	0.00886	0.00759	0.01137	0.01572	0.25997	0.00727	0.00873	0.01064	0.01146	0.01535	0.02824	0.40405	0.16446	0.01245	0.00635	0.00195	0.00418	0.01125	0.00428	0.00584
14	0.00704	0.00491	0.00621	0.00708	0.00729	0.00470	0.00451	0.00770	0.00965	0.01287	0.02603	0.56451	0.03098	0.26434	0.01345	0.00317	0.00383	0.01313	0.00451	0.00408
15	0.01206	0.01342	0.02883	0.02099	0.02584	0.01258	0.65789	0.01619	0.01255	0.01701	0.01348	0.11665	0.01186	0.00621	0.00650	0.00189	0.00841	0.00760	0.00305	0.00698
16	0.01446	0.78760	0.05167	0.00952	0.01429	0.02130	0.00966	0.01635	0.01109	0.01296	0.00765	0.00883	0.00699	0.00468	0.00355	0.00118	0.00590	0.00295	0.00233	0.00703
17	0.00772	0.00557	0.00729	0.00686	0.00814	0.00514	0.00514	0.01029	0.01543	0.02186	0.77152	0.04072	0.05144	0.01115	0.00643	0.00171	0.00257	0.00986	0.00600	0.00514
18	0.01093	0.02820	0.78016	0.01554	0.02360	0.01266	0.02014	0.01727	0.01151	0.01727	0.00978	0.01151	0.00691	0.00518	0.00518	0.00173	0.00806	0.00403	0.00230	0.00806
19	0.00644	0.00552	0.00552	0.00552	0.00736	0.00460	0.00414	0.00782	0.01243	0.01473	0.05523	0.05247	0.77218	0.01381	0.00644	0.00184	0.00276	0.01151	0.00506	0.00460
20	0.01287	0.01471	0.03217	0.02298	0.02849	0.01379	0.75460	0.01746	0.01287	0.01746	0.01103	0.01471	0.00827	0.00460	0.00643	0.00184	0.00919	0.00643	0.00276	0.00735
21	0.02072	0.01527	0.01636	0.01254	0.01691	0.01691	0.01036	0.75622	0.02563	0.03436	0.01309	0.01309	0.00927	0.00654	0.00545	0.00164	0.00600	0.00491	0.00545	0.00927
22	0.01349	0.01295	0.02213	0.03346	0.77440	0.01295	0.01673	0.01673	0.01241	0.01781	0.01025	0.01349	0.00864	0.00486	0.00540	0.00162	0.00648	0.00486	0.00270	0.00864
23	0.02404	0.00937	0.01264	0.00975	0.01393	0.00823	0.00804	0.02666	0.04479	0.74873	0.02153	0.01863	0.01362	0.00677	0.00548	0.00169	0.00463	0.00551	0.00670	0.00925
24	0.01173	0.01163	0.01631	0.01404	0.01409	0.01622	0.01168	0.01296	0.00837	0.01310	0.00752	0.01239	0.00747	0.01107	0.05540	0.00270	0.76019	0.00482	0.00241	0.00591
25	0.00784	0.00560	0.00770	0.00896	0.00980	0.00546	0.00714	0.00966	0.01162	0.01526	0.02939	0.38967	0.03344	0.01595	0.00728	0.00238	0.00420	0.41886	0.00504	0.00476
26	0.01071	0.01011	0.01710	0.69701	0.13261	0.01222	0.01535	0.01429	0.01110	0.01443	0.00976	0.01440	0.00744	0.00537	0.00544	0.00179	0.00717	0.00485	0.00246	0.00639
27	0.01093	0.02820	0.78016	0.01554	0.02360	0.01266	0.02014	0.01727	0.01151	0.01727	0.00978	0.01151	0.00691	0.00518	0.00518	0.00173	0.00806	0.00403	0.00230	0.00806
28	0.01349	0.01295	0.02213	0.03346	0.77440	0.01295	0.01673	0.01673	0.01241	0.01781	0.01025	0.01349	0.00864	0.00486	0.00540	0.00162	0.00648	0.00486	0.00270	0.00864
29	0.00793	0.00529	0.00595	0.00595	0.00595	0.00529	0.00330	0.00793	0.00793	0.01057	0.01718	0.03568	0.01982	0.80840	0.02775	0.00529	0.00529	0.00793	0.00330	0.00330
30	0.00677	0.00483	0.00647	0.00773	0.00810	0.00453	0.00528	0.00780	0.01056	0.01406	0.02998	0.76198	0.03579	0.01696	0.00699	0.00223	0.00327	0.05714	0.00506	0.00446
31	0.02076	0.01176	0.01378	0.01090	0.01490	0.01208	0.00893	0.30251	0.12808	0.35513	0.01927	0.01834	0.02846	0.00708	0.00554	0.00171	0.00508	0.02067	0.00601	0.00900
32	0.01458	0.81168	0.02857	0.00933	0.01399	0.02157	0.00933	0.01632	0.01108	0.01283	0.00758	0.00875	0.00700	0.00466	0.00350	0.00117	0.00583	0.00292	0.00233	0.00700
33	0.00728	0.00520	0.00706	0.00832	0.00892	0.00498	0.00617	0.00870	0.01107	0.01463	0.02969	0.58257	0.03466	0.01648	0.00713	0.00230	0.00372	0.23145	0.00505	0.00461
34	0.01030	0.00969	0.01635	0.79530	0.03755	0.01211	0.01514	0.01393	0.01090	0.01393	0.00969	0.01453	0.00727	0.00545	0.00545	0.00182	0.00727	0.00484	0.00242	0.00606
35	0.05901	0.01263	0.01605	0.01261	0.01667	0.01336	0.10668	0.25397	0.23447	0.19035	0.01701	0.01638	0.01202	0.00651	0.00551	0.00174	0.00555	0.00550	0.00531	0.00867
36	0.01816	0.00778	0.01040	0.00883	0.01182	0.00680	0.00698	0.01994	0.01400	0.50627	0.02681	0.20927	0.08848	0.01007	0.00598	0.00185	0.00413	0.02870	0.00615	0.00758
37	0.01030	0.00969	0.01635	0.79530	0.03755	0.01211	0.01514	0.01393	0.01090	0.01393	0.00969	0.01453	0.00727	0.00545	0.00545	0.00182	0.00727	0.00484	0.00242	0.00606
38	0.01327	0.53077	0.29805	0.01156	0.01744	0.01838	0.01321	0.01666	0.01123	0.01442	0.00837	0.00974	0.00696	0.00485	0.00410	0.00137	0.00663	0.00331	0.00232	0.00738
39	0.01361	0.01131	0.01764	0.01406	0.01765	0.01158	0.24108	0.02184	0.32430	0.11157	0.02038	0.12031	0.03333	0.00784	0.00602	0.00187	0.00569	0.00749	0.00475	0.00768

[dist]
# distance from previous block
# <min> <max>
0	2

[block]
# block no. 4 follows, 44 sequences, length 164
# corresponding to MSA columns:
# 453-616
name=unknown_E
#
# <colnr> <probs for GDERKNQSTAVLIFYWHMCP>
#	G	D	E	R	K	N	Q	S	T	A	V	L	I	F	Y	W	H	M	C	P
0	0.30086	0.01173	0.01108	0.00953	0.01302	0.04685	0.00759	0.05434	0.31103	0.07206	0.01480	0.01454	0.01109	0.00608	0.00461	0.00164	0.00459	0.00453	0.00451	0.09552
1	0.01924	0.10435	0.05035	0.01341	0.01680	0.57594	0.01077	0.09864	0.03319	0.01590	0.00921	0.01038	0.00747	0.00564	0.00485	0.00143	0.00882	0.00368	0.00308	0.00683
2	0.18343	0.09307	0.01094	0.00802	0.01083	0.00997	0.00652	0.03032	0.11534	0.11328	0.22228	0.02652	0.13200	0.00847	0.00524	0.00168	0.00383	0.00682	0.00496	0.00647
3	0.01419	0.21587	0.22267	0.01433	0.12104	0.01313	0.02716	0.01761	0.01259	0.14230	0.08320	0.01506	0.01256	0.00574	0.00491	0.00151	0.00596	0.00465	0.00352	0.06201
4	0.01253	0.05355	0.30161	0.04157	0.44913	0.01321	0.01763	0.01685	0.01199	0.01731	0.00995	0.01258	0.00790	0.00498	0.00523	0.00164	0.00705	0.00447	0.00253	0.00830
5	0.00758	0.00609	0.00951	0.01042	0.05318	0.00574	0.07218	0.00898	0.01077	0.01445	0.02724	0.68993	0.03204	0.01528	0.00682	0.00215	0.00389	0.01409	0.00472	0.00493
6	0.01302	0.01427	0.02965	0.02561	0.21557	0.01358	0.56953	0.01728	0.01275	0.01755	0.01084	0.01440	0.00836	0.00466	0.00617	0.00178	0.00851	0.00604	0.00274	0.00767
7	0.01610	0.01550	0.09403	0.20112	0.14400	0.05950	0.01351	0.34523	0.01802	0.02394	0.01123	0.01315	0.00833	0.00582	0.00539	0.00167	0.00681	0.00472	0.00383	0.00812
8	0.00818	0.00674	0.00842	0.00985	0.08581	0.00634	0.00683	0.01066	0.04887	0.01565	0.04001	0.06331	0.41658	0.04759	0.00752	0.00215	0.00392	0.20154	0.00476	0.00525
9	0.00664	0.00474	0.00633	0.00759	0.00791	0.00443	0.00506	0.00759	0.01044	0.01392	0.03005	0.80485	0.03606	0.01708	0.00696	0.00221	0.00316	0.01550	0.00506	0.00443
10	0.01125	0.01100	0.01656	0.33635	0.02389	0.01481	0.01325	0.01345	0.00940	0.01345	0.00820	0.01300	0.00720	0.00785	0.01276	0.00215	0.47219	0.00480	0.00240	0.00600
11	0.10236	0.13630	0.27482	0.01279	0.01744	0.25489	0.01287	0.01767	0.01224	0.01579	0.00985	0.05530	0.00851	0.00610	0.00532	0.00160	0.04228	0.00428	0.00274	0.00684
12	0.00850	0.00607	0.00846	0.00972	0.01085	0.00603	0.00829	0.01080	0.01227	0.01600	0.02902	0.16016	0.03200	0.01533	0.00745	0.00247	0.00477	0.64184	0.00503	0.00494
13	0.01030	0.00969	0.01635	0.79530	0.03755	0.01211	0.01514	0.01393	0.01090	0.01393	0.00969	0.01453	0.00727	0.00545	0.00545	0.00182	0.00727	0.00484	0.00242	0.00606
14	0.01327	0.01272	0.02172	0.08743	0.72220	0.01289	0.01662	0.01653	0.01231	0.01754	0.01021	0.01357	0.00854	0.00490	0.00540	0.00163	0.00653	0.00486	0.00268	0.00845
15	0.01030	0.00969	0.01635	0.79530	0.03755	0.01211	0.01514	0.01393	0.01090	0.01393	0.00969	0.01453	0.00727	0.00545	0.00545	0.00182	0.00727	0.00484	0.00242	0.00606
16	0.00664	0.00474	0.00633	0.00759	0.00791	0.00443	0.00506	0.00759	0.01044	0.01392	0.03005	0.80485	0.03606	0.01708	0.00696	0.00221	0.00316	0.01550	0.00506	0.00443
17	0.01458	0.81168	0.02857	0.00933	0.01399	0.02157	0.00933	0.01632	0.01108	0.01283	0.00758	0.00875	0.00700	0.00466	0.00350	0.00117	0.00583	0.00292	0.00233	0.00700
18	0.01458	0.81168	0.02857	0.00933	0.01399	0.02157	0.00933	0.01632	0.01108	0.01283	0.00758	0.00875	0.00700	0.00466	0.00350	0.00117	0.00583	0.00292	0.00233	0.00700
19	0.10887	0.00935	0.01045	0.00780	0.01210	0.00762	0.00623	0.01368	0.01142	0.01895	0.07422	0.01370	0.01162	0.00481	0.00416	0.00100	0.00390	0.00380	0.02078	0.65554
20	0.01318	0.01406	0.01701	0.01455	0.01514	0.12849	0.03562	0.01452	0.00953	0.01329	0.00747	0.01171	0.00717	0.00881	0.01564	0.00223	0.65841	0.00464	0.00246	0.00606
21	0.00772	0.00557	0.00729	0.00686	0.00814	0.00514	0.00514	0.01029	0.01543	0.02186	0.77152	0.04072	0.05144	0.01115	0.00643	0.00171	0.00257	0.00986	0.00600	0.00514
22	0.00664	0.00474	0.00633	0.00759	0.00791	0.00443	0.00506	0.00759	0.01044	0.01392	0.03005	0.80485	0.03606	0.01708	0.00696	0.00221	0.00316	0.01550	0.00506	0.00443
23	0.02072	0.01527	0.01636	0.01254	0.01691	0.01691	0.01036	0.75622	0.02563	0.03436	0.01309	0.01309	0.00927	0.00654	0.00545	0.00164	0.00600	0.00491	0.00545	0.00927
24	0.62438	0.01119	0.01178	0.01419	0.21450	0.01242	0.00880	0.01621	0.01012	0.02268	0.00830	0.01009	0.00663	0.00501	0.00391	0.00167	0.00482	0.00346	0.00319	0.00663
25	0.01105	0.05341	0.75597	0.01534	0.02329	0.01295	0.01979	0.01723	0.01150	0.01712	0.00971	0.01142	0.00691	0.00516	0.00513	0.00171	0.00799	0.00399	0.00230	0.00802
26	0.00738	0.00556	0.00682	0.00650	0.00794	0.00500	0.00488	0.00963	0.01463	0.01996	0.58027	0.04386	0.24388	0.01186	0.00643	0.00175	0.00262	0.01030	0.00575	0.00500
27	0.00757	0.00540	0.00694	0.00684	0.00779	0.00505	0.00486	0.00951	0.01354	0.01894	0.54271	0.16280	0.04437	0.12798	0.00961	0.00231	0.00306	0.01048	0.00546	0.00476
28	0.01232	0.01307	0.02308	0.01789	0.02016	0.01550	0.31817	0.01491	0.01021	0.01491	0.00875	0.01307	0.00762	0.00750	0.01317	0.00216	0.47298	0.00546	0.00254	0.00654
29	0.01802	0.01426	0.01687	0.01321	0.01734	0.01570	0.08474	0.48775	0.22164	0.02958	0.01531	0.01519	0.01114	0.00658	0.00558	0.00171	0.00587	0.00540	0.00521	0.00891
30	0.00787	0.00551	0.00711	0.00711	0.00751	0.00592	0.00475	0.00867	0.00827	0.01143	0.01612	0.02980	0.01727	0.49192	0.34074	0.00672	0.00913	0.00707	0.00315	0.00395
31	0.00879	0.00628	0.00879	0.01004	0.01130	0.00628	0.00879	0.01130	0.01255	0.01632	0.02887	0.06150	0.03138	0.01506	0.00753	0.00251	0.00502	0.73770	0.00502	0.00502
32	0.00869	0.00516	0.00624	0.00658	0.00753	0.00530	0.00482	0.01067	0.01057	0.01690	0.02035	0.23004	0.01979	0.01695	0.18010	0.00320	0.00541	0.00803	0.42882	0.00486
33	0.02084	0.01508	0.01624	0.01245	0.01681	0.01662	0.01029	0.73274	0.02531	0.05829	0.01336	0.01326	0.00941	0.00655	0.00545	0.00164	0.00596	0.00493	0.00550	0.00927
34	0.00664	0.00474	0.00633	0.00759	0.00791	0.00443	0.00506	0.00759	0.01044	0.01392	0.03005	0.80485	0.03606	0.01708	0.00696	0.00221	0.00316	0.01550	0.00506	0.00443
35	0.01030	0.00969	0.01635	0.79530	0.03755	0.01211	0.01514	0.01393	0.01090	0.01393	0.00969	0.01453	0.00727	0.00545	0.00545	0.00182	0.00727	0.00484	0.00242	0.00606
36	0.01458	0.81168	0.02857	0.00933	0.01399	0.02157	0.00933	0.01632	0.01108	0.01283	0.00758	0.00875	0.00700	0.00466	0.00350	0.00117	0.00583	0.00292	0.00233	0.00700
37	0.00772	0.00557	0.00729	0.00686	0.00814	0.00514	0.00514	0.01029	0.01543	0.02186	0.77152	0.04072	0.05144	0.01115	0.00643	0.00171	0.00257	0.00986	0.00600	0.00514
38	0.01287	0.01471	0.03217	0.02298	0.02849	0.01379	0.75460	0.01746	0.01287	0.01746	0.01103	0.01471	0.00827	0.00460	0.00643	0.00184	0.00919	0.00643	0.00276	0.00735
39	0.01458	0.81168	0.02857	0.00933	0.01399	0.02157	0.00933	0.01632	0.01108	0.01283	0.00758	0.00875	0.00700	0.00466	0.00350	0.00117	0.00583	0.00292	0.00233	0.00700
40	0.00779	0.00584	0.00876	0.00876	0.00974	0.00681	0.00681	0.00974	0.00876	0.01266	0.01460	0.02142	0.01363	0.04089	0.78680	0.00876	0.01460	0.00584	0.00292	0.00487
41	0.01458	0.81168	0.02857	0.00933	0.01399	0.02157	0.00933	0.01632	0.01108	0.01283	0.00758	0.00875	0.00700	0.00466	0.00350	0.00117	0.00583	0.00292	0.00233	0.00700
42	0.02417	0.00975	0.01294	0.00992	0.01415	0.00871	0.00820	0.08401	0.01639	0.71961	0.02085	0.01813	0.01316	0.00673	0.00548	0.00168	0.00475	0.00544	0.00665	0.00928
43	0.00879	0.00628	0.00879	0.01004	0.01130	0.00628	0.00879	0.01130	0.01255	0.01632	0.02887	0.06150	0.03138	0.01506	0.00753	0.00251	0.00502	0.73770	0.00502	0.00502
44	0.00772	0.00557	0.00729	0.00686	0.00814	0.00514	0.00514	0.01029	0.01543	0.02186	0.77152	0.04072	0.05144	0.01115	0.00643	0.00171	0.00257	0.00986	0.00600	0.00514
45	0.01249	0.01292	0.01923	0.36920	0.04178	0.12431	0.21061	0.01592	0.01218	0.01561	0.01082	0.01456	0.00831	0.00534	0.00544	0.00170	0.00759	0.00510	0.10054	0.00637
46	0.00672	0.00478	0.00630	0.00750	0.00780	0.00448	0.00496	0.00761	0.01030	0.01373	0.02932	0.76125	0.03514	0.06193	0.00814	0.00239	0.00328	0.01507	0.00496	0.00436
47	0.00770	0.00556	0.00730	0.00704	0.00827	0.00515	0.00530	0.01018	0.01502	0.02117	0.69691	0.08495	0.04969	0.01165	0.00651	0.00178	0.00271	0.04211	0.00591	0.00510
48	0.01885	0.23486	0.01903	0.01266	0.01609	0.51701	0.01020	0.08260	0.01515	0.01499	0.00860	0.00982	0.00721	0.00544	0.00458	0.00136	0.00844	0.00347	0.00291	0.00675
49	0.01458	0.81168	0.02857	0.00933	0.01399	0.02157	0.00933	0.01632	0.01108	0.01283	0.00758	0.00875	0.00700	0.00466	0.00350	0.00117	0.00583	0.00292	0.00233	0.00700
50	0.00664	0.00474	0.00633	0.00759	0.00791	0.00443	0.00506	0.00759	0.01044	0.01392	0.03005	0.80485	0.03606	0.01708	0.00696	0.00221	0.00316	0.01550	0.00506	0.00443
51	0.01282	0.01311	0.02488	0.13752	0.40485	0.01313	0.27894	0.01660	0.01236	0.01714	0.01045	0.01407	0.00831	0.00485	0.00577	0.00173	0.00755	0.00542	0.00268	0.00781
52	0.01757	0.01988	0.01418	0.01280	0.01575	0.45219	0.00974	0.03962	0.32455	0.01767	0.01420	0.01423	0.01103	0.00637	0.00519	0.00159	0.00748	0.00463	0.00399	0.00733
53	0.00670	0.00553	0.00587	0.00579	0.00752	0.00471	0.00434	0.00832	0.01303	0.01615	0.19797	0.05013	0.62855	0.01328	0.00644	0.00182	0.00272	0.01118	0.00525	0.00471
54	0.01130	0.00969	0.01130	0.00807	0.01292	0.00727	0.00646	0.01373	0.01130	0.01776	0.00969	0.01130	0.00807	0.00404	0.00404	0.00081	0.00404	0.00323	0.00323	0.84173
55	0.02042	0.02443	0.01558	0.01383	0.01686	0.67466	0.01051	0.12852	0.01693	0.01640	0.00910	0.01030	0.00735	0.00575	0.00499	0.00144	0.00927	0.00371	0.00319	0.00675
56	0.01354	0.01204	0.01494	0.01707	0.21716	0.01340	0.01079	0.02570	0.56372	0.02147	0.01900	0.01851	0.01450	0.00672	0.00551	0.00179	0.00489	0.00581	0.00479	0.00863
57	0.01136	0.01176	0.02287	0.47683	0.03381	0.01280	0.32006	0.01539	0.01171	0.01539	0.01024	0.01461	0.00768	0.00510	0.00586	0.00183	0.00806	0.00550	0.00256	0.00659
58	0.01534	0.01609	0.02037	0.02823	0.57213	0.19474	0.01507	0.04171	0.01355	0.01729	0.00992	0.01262	0.00828	0.00509	0.00529	0.00157	0.00725	0.00454	0.00281	0.00811
59	0.00778	0.00578	0.00844	0.00838	0.00936	0.00651	0.00644	0.00975	0.00970	0.01391	0.12472	0.02477	0.01936	0.06618	0.64409	0.00760	0.01249	0.00651	0.00338	0.00485
60	0.00753	0.00566	0.00703	0.00696	0.00839	0.00516	0.00541	0.00978	0.01421	0.01915	0.47232	0.04688	0.24097	0.01243	0.00659	0.00186	0.00298	0.11609	0.00561	0.00498
61	0.01482	0.02729	0.46483	0.01492	0.02082	0.33176	0.01618	0.01912	0.01313	0.01565	0.00922	0.01082	0.00695	0.00536	0.00507	0.00159	0.00879	0.00382	0.00251	0.00734
62	0.01398	0.01162	0.01234	0.01104	0.01417	0.01335	0.00861	0.02888	0.73565	0.05195	0.02216	0.02027	0.01652	0.00737	0.00554	0.00184	0.00433	0.00614	0.00559	0.00865
63	0.82495	0.03169	0.00856	0.00723	0.01063	0.01248	0.00599	0.01603	0.00933	0.02415	0.00759	0.00885	0.00593	0.00505	0.00338	0.00167	0.00426	0.00295	0.00335	0.00593
64	0.01695	0.02046	0.01822	0.01542	0.01784	0.46166	0.11906	0.01876	0.01311	0.01388	0.00845	0.01112	0.00724	0.00655	0.00872	0.00174	0.22746	0.00428	0.00268	0.00637
65	0.00856	0.00620	0.00847	0.00960	0.01092	0.00611	0.00834	0.01096	0.01254	0.01616	0.03141	0.06062	0.10297	0.01494	0.00743	0.00245	0.00480	0.66752	0.00502	0.00498
66	0.01864	0.01481	0.01641	0.01301	0.01629	0.04062	0.01074	0.55807	0.02124	0.02869	0.01154	0.01271	0.00870	0.00722	0.00837	0.00181	0.19323	0.00483	0.00465	0.00840
67	0.00787	0.00551	0.00711	0.00711	0.00751	0.00592	0.00475	0.00867	0.00827	0.01143	0.01612	0.02980	0.01727	0.49192	0.34074	0.00672	0.00913	0.00707	0.00315	0.00395
68	0.00672	0.00478	0.00630	0.00750	0.00780	0.00448	0.00496	0.00761	0.01030	0.01373	0.02932	0.76125	0.03514	0.06193	0.00814	0.00239	0.00328	0.01507	0.00496	0.00436
69	0.00779	0.00584	0.00876	0.00876	0.00974	0.00681	0.00681	0.00974	0.00876	0.01266	0.01460	0.02142	0.01363	0.04089	0.78680	0.00876	0.01460	0.00584	0.00292	0.00487
70	0.02446	0.00928	0.01265	0.00970	0.01392	0.00801	0.00801	0.02657	0.01560	0.77817	0.02151	0.01856	0.01350	0.00675	0.00548	0.00169	0.00464	0.00548	0.00675	0.00928
71	0.00793	0.00529	0.00595	0.00595	0.00595	0.00529	0.00330	0.00793	0.00793	0.01057	0.01718	0.03568	0.01982	0.80840	0.02775	0.00529	0.00529	0.00793	0.00330	0.00330
72	0.02446	0.00928	0.01265	0.00970	0.01392	0.00801	0.00801	0.02657	0.01560	0.77817	0.02151	0.01856	0.01350	0.00675	0.00548	0.00169	0.00464	0.00548	0.00675	0.00928
73	0.00664	0.00474	0.00633	0.00759	0.00791	0.00443	0.00506	0.00759	0.01044	0.01392	0.03005	0.80485	0.03606	0.01708	0.00696	0.00221	0.00316	0.01550	0.00506	0.00443
74	0.02037	0.02598	0.01545	0.01404	0.01685	0.78652	0.01053	0.02177	0.01545	0.01334	0.00843	0.00983	0.00702	0.00562	0.00492	0.00140	0.00983	0.00351	0.00281	0.00632
75	0.01030	0.00969	0.01635	0.79530	0.03755	0.01211	0.01514	0.01393	0.01090	0.01393	0.00969	0.01453	0.00727	0.00545	0.00545	0.00182	0.00727	0.00484	0.00242	0.00606
76	0.01030	0.00969	0.01635	0.79530	0.03755	0.01211	0.01514	0.01393	0.01090	0.01393	0.00969	0.01453	0.00727	0.00545	0.00545	0.00182	0.00727	0.00484	0.00242	0.00606
77	0.02037	0.02598	0.01545	0.01404	0.01685	0.78652	0.01053	0.02177	0.01545	0.01334	0.00843	0.00983	0.00702	0.00562	0.00492	0.00140	0.00983	0.00351	0.00281	0.00632
