[name]
unknown

[dist]
# distance from previous block
# <min> <max>
0	34

[block]
# block no. 0 follows, 38 sequences, length 13
# corresponding to MSA columns:
# 67-79
name=unknown_A
#
# <colnr> <probs for GDERKNQSTAVLIFYWHMCP>
#	G	D	E	R	K	N	Q	S	T	A	V	L	I	F	Y	W	H	M	C	P
0	0.00934	0.00708	0.00857	0.00902	0.01079	0.00691	0.00742	0.01305	0.08131	0.01894	0.10978	0.05603	0.25629	0.01450	0.00741	0.00232	0.00429	0.32447	0.04672	0.00578
1	0.01737	0.38885	0.12661	0.01290	0.01790	0.15448	0.01238	0.10831	0.05161	0.01845	0.01042	0.01164	0.00856	0.00600	0.00529	0.00157	0.03227	0.00402	0.00327	0.00811
2	0.00792	0.00571	0.00762	0.00894	0.00965	0.00542	0.00658	0.00943	0.01223	0.01608	0.03430	0.56334	0.07611	0.01809	0.00781	0.00250	0.00399	0.19364	0.00557	0.00506
3	0.02236	0.01660	0.01777	0.01374	0.01846	0.01842	0.01131	0.68627	0.07384	0.03710	0.01509	0.01496	0.01075	0.00728	0.00602	0.00182	0.00650	0.00550	0.00602	0.01019
4	0.00733	0.00524	0.00698	0.00838	0.00873	0.00489	0.00558	0.00838	0.01152	0.01536	0.03316	0.78466	0.03979	0.01885	0.00768	0.00244	0.00349	0.01710	0.00558	0.00489
5	0.01577	0.73323	0.08777	0.01082	0.01626	0.02304	0.01122	0.01809	0.01226	0.01453	0.00855	0.00989	0.00771	0.00519	0.00400	0.00133	0.00662	0.00331	0.00257	0.00781
6	0.01324	0.25404	0.54480	0.01514	0.02293	0.01685	0.01873	0.01875	0.01256	0.01762	0.01008	0.01181	0.00765	0.00555	0.00517	0.00172	0.00817	0.00409	0.00255	0.00855
7	0.00714	0.00597	0.00622	0.00643	0.00821	0.00505	0.00472	0.00860	0.01339	0.01612	0.05687	0.16436	0.64478	0.01576	0.00719	0.00209	0.00311	0.01334	0.00559	0.00505
8	0.00711	0.00609	0.00609	0.00609	0.00813	0.00508	0.00457	0.00863	0.01371	0.01625	0.06094	0.05789	0.74862	0.01524	0.00711	0.00203	0.00305	0.01270	0.00559	0.00508
9	0.01288	0.02026	0.31323	0.20183	0.23099	0.01403	0.08535	0.01804	0.01296	0.01837	0.01104	0.01442	0.00838	0.00563	0.00598	0.00191	0.00832	0.00516	0.00274	0.00847
10	0.01524	0.01356	0.02017	0.27093	0.18182	0.01542	0.06059	0.17177	0.07781	0.02214	0.01264	0.01574	0.00976	0.00668	0.00735	0.00198	0.07865	0.00559	0.00377	0.00837
11	0.01379	0.01341	0.02357	0.25246	0.47592	0.01411	0.08376	0.01763	0.01325	0.01836	0.01121	0.01535	0.00905	0.00553	0.00608	0.00187	0.00768	0.00552	0.00289	0.00856
12	0.01425	0.01440	0.02254	0.26425	0.38656	0.07235	0.07528	0.01785	0.01331	0.01771	0.01091	0.01498	0.00883	0.00580	0.00653	0.00189	0.03610	0.00538	0.00288	0.00822

[dist]
# distance from previous block
# <min> <max>
28	47

[block]
# block no. 1 follows, 38 sequences, length 29
# corresponding to MSA columns:
# 153-181
name=unknown_B
#
# <colnr> <probs for GDERKNQSTAVLIFYWHMCP>
#	G	D	E	R	K	N	Q	S	T	A	V	L	I	F	Y	W	H	M	C	P
0	0.01601	0.01350	0.02073	0.13674	0.12962	0.01414	0.15349	0.19987	0.06012	0.05727	0.04323	0.03818	0.01301	0.00819	0.03390	0.00216	0.00745	0.00633	0.00435	0.04169
1	0.01160	0.01089	0.01747	0.40690	0.02956	0.01179	0.08731	0.01510	0.01260	0.01722	0.05860	0.01902	0.04835	0.00667	0.00663	0.00180	0.04708	0.00585	0.00329	0.18229
2	0.01266	0.00976	0.01108	0.00968	0.01226	0.01020	0.00750	0.15087	0.17940	0.02585	0.35931	0.03405	0.08154	0.04026	0.00752	0.00205	0.00414	0.00881	0.00614	0.02692
3	0.01055	0.00841	0.01051	0.11803	0.01469	0.00932	0.00775	0.01604	0.19150	0.01774	0.12372	0.03135	0.04773	0.25692	0.10642	0.00413	0.00661	0.00794	0.00456	0.00608
4	0.01608	0.79220	0.03152	0.01029	0.01544	0.02380	0.01029	0.01801	0.01222	0.01415	0.00836	0.00965	0.00772	0.00515	0.00386	0.00129	0.00643	0.00322	0.00257	0.00772
5	0.02699	0.01024	0.01396	0.01070	0.01536	0.00884	0.00884	0.02932	0.01722	0.75522	0.02373	0.02048	0.01489	0.00745	0.00605	0.00186	0.00512	0.00605	0.00745	0.01024
6	0.01136	0.01069	0.01804	0.77412	0.04143	0.01337	0.01671	0.01537	0.01203	0.01537	0.01069	0.01604	0.00802	0.00601	0.00601	0.00200	0.00802	0.00535	0.00267	0.00668
7	0.01698	0.10026	0.01561	0.01295	0.01552	0.42187	0.01014	0.01877	0.01506	0.01549	0.03428	0.11373	0.01756	0.01100	0.03543	0.00216	0.00863	0.12426	0.00384	0.00647
8	0.01411	0.01327	0.02199	0.03256	0.63233	0.01335	0.01662	0.01817	0.05446	0.01952	0.01433	0.09540	0.01318	0.00692	0.00614	0.00187	0.00663	0.00666	0.00343	0.00905
9	0.00711	0.00609	0.00609	0.00609	0.00813	0.00508	0.00457	0.00863	0.01371	0.01625	0.06094	0.05789	0.74862	0.01524	0.00711	0.00203	0.00305	0.01270	0.00559	0.00508
10	0.00886	0.00706	0.00782	0.00736	0.00933	0.00668	0.00571	0.01041	0.01344	0.05776	0.05332	0.05113	0.63015	0.01431	0.00836	0.00208	0.08375	0.01155	0.00538	0.00553
11	0.01534	0.01683	0.10756	0.10337	0.08168	0.01481	0.41017	0.09339	0.01540	0.06232	0.01269	0.01578	0.00932	0.00562	0.00658	0.00196	0.00891	0.00627	0.00350	0.00849
12	0.01652	0.01738	0.02284	0.03233	0.59394	0.17520	0.01700	0.01965	0.01442	0.01860	0.01088	0.01402	0.00915	0.00554	0.00584	0.00174	0.00794	0.00504	0.00300	0.00898
13	0.01636	0.01632	0.01600	0.01765	0.17333	0.19889	0.01142	0.02460	0.30776	0.04292	0.02168	0.02158	0.08971	0.00779	0.00601	0.00186	0.00661	0.00636	0.00468	0.00845
14	0.01136	0.01069	0.01804	0.77412	0.04143	0.01337	0.01671	0.01537	0.01203	0.01537	0.01069	0.01604	0.00802	0.00601	0.00601	0.00200	0.00802	0.00535	0.00267	0.00668
15	0.02490	0.01326	0.09733	0.01175	0.01689	0.01044	0.01060	0.10118	0.01787	0.59847	0.02132	0.01898	0.01360	0.00723	0.00601	0.00186	0.00570	0.00580	0.00675	0.01009
16	0.01489	0.01429	0.02442	0.03692	0.75106	0.01429	0.01846	0.01846	0.01370	0.01965	0.01132	0.01489	0.00953	0.00536	0.00596	0.00179	0.00715	0.00536	0.00298	0.00953
17	0.00751	0.00613	0.00672	0.00706	0.00883	0.00533	0.00543	0.00917	0.01350	0.01642	0.05378	0.13497	0.57001	0.01581	0.00735	0.00218	0.00346	0.11565	0.00558	0.00513
18	0.06225	0.01026	0.01442	0.34101	0.02544	0.01146	0.01167	0.02014	0.11749	0.17934	0.07746	0.04272	0.01636	0.03601	0.00694	0.00211	0.00609	0.00650	0.00471	0.00761
19	0.01608	0.79220	0.03152	0.01029	0.01544	0.02380	0.01029	0.01801	0.01222	0.01415	0.00836	0.00965	0.00772	0.00515	0.00386	0.00129	0.00643	0.00322	0.00257	0.00772
20	0.02699	0.01024	0.01396	0.01070	0.01536	0.00884	0.00884	0.02932	0.01722	0.75522	0.02373	0.02048	0.01489	0.00745	0.00605	0.00186	0.00512	0.00605	0.00745	0.01024
21	0.01136	0.01069	0.01804	0.77412	0.04143	0.01337	0.01671	0.01537	0.01203	0.01537	0.01069	0.01604	0.00802	0.00601	0.00601	0.00200	0.00802	0.00535	0.00267	0.00668
22	0.01521	0.62755	0.18856	0.01178	0.01773	0.02168	0.01288	0.01824	0.01233	0.01521	0.00889	0.01031	0.00770	0.00527	0.00426	0.00142	0.00696	0.00348	0.00257	0.00797
23	0.01107	0.01042	0.01733	0.09769	0.19944	0.01063	0.11661	0.01386	0.01302	0.01750	0.05367	0.17038	0.15549	0.01062	0.00769	0.00210	0.05813	0.02335	0.00410	0.00689
24	0.00728	0.00544	0.00677	0.00783	0.00858	0.00493	0.00534	0.00844	0.01204	0.01557	0.03981	0.61071	0.20944	0.01798	0.00754	0.00234	0.00338	0.01605	0.00558	0.00493
25	0.01869	0.01788	0.01379	0.01222	0.01534	0.33727	0.00945	0.08024	0.06631	0.12460	0.08762	0.02532	0.12136	0.00884	0.00611	0.00180	0.00722	0.03356	0.00494	0.00744
26	0.04204	0.02204	0.34069	0.04184	0.06874	0.01464	0.31671	0.01879	0.01315	0.01919	0.01121	0.01430	0.00834	0.00560	0.00676	0.00198	0.03715	0.00562	0.00282	0.00837
27	0.01526	0.01481	0.01514	0.01478	0.09161	0.18119	0.05820	0.16420	0.01693	0.02063	0.02433	0.16484	0.14061	0.04089	0.00741	0.00208	0.00665	0.00871	0.00459	0.00716
28	0.01417	0.01369	0.01294	0.04434	0.04379	0.16993	0.00987	0.04781	0.19456	0.01978	0.06533	0.03507	0.08411	0.03884	0.00752	0.00222	0.00632	0.17761	0.00496	0.00711

[dist]
# distance from previous block
# <min> <max>
2	6

[block]
# block no. 2 follows, 38 sequences, length 16
# corresponding to MSA columns:
# 188-203
name=unknown_C
#
# <colnr> <probs for GDERKNQSTAVLIFYWHMCP>
#	G	D	E	R	K	N	Q	S	T	A	V	L	I	F	Y	W	H	M	C	P
0	0.23431	0.00974	0.01227	0.25440	0.08059	0.01083	0.01015	0.01420	0.01227	0.01947	0.05973	0.02679	0.19762	0.02657	0.00628	0.00204	0.00546	0.00699	0.00394	0.00634
1	0.01477	0.65478	0.02756	0.01000	0.01447	0.02080	0.00965	0.01679	0.01241	0.01499	0.07264	0.01393	0.01259	0.00931	0.07177	0.00208	0.00698	0.00416	0.00298	0.00734
2	0.02061	0.01091	0.07620	0.01035	0.01451	0.00840	0.00909	0.02344	0.01667	0.49194	0.19786	0.02692	0.04845	0.00872	0.00631	0.00188	0.00483	0.00729	0.00676	0.00886
3	0.01136	0.01069	0.01804	0.77412	0.04143	0.01337	0.01671	0.01537	0.01203	0.01537	0.01069	0.01604	0.00802	0.00601	0.00601	0.00200	0.00802	0.00535	0.00267	0.00668
4	0.01314	0.01369	0.02372	0.02062	0.11626	0.06315	0.32751	0.01637	0.01264	0.01696	0.01377	0.05712	0.01261	0.09497	0.10402	0.00339	0.07262	0.00710	0.00322	0.00712
5	0.01119	0.01172	0.07706	0.34286	0.18342	0.01137	0.01457	0.01467	0.01266	0.01714	0.05665	0.16886	0.01789	0.00897	0.00642	0.00205	0.00667	0.02520	0.00359	0.00704
6	0.00791	0.00607	0.00797	0.00875	0.00930	0.00613	0.00615	0.00917	0.01197	0.01608	0.09201	0.59313	0.10144	0.01727	0.00862	0.00238	0.06995	0.01518	0.00542	0.00511
7	0.01072	0.00964	0.01566	0.07983	0.01764	0.01018	0.15157	0.05247	0.01305	0.01750	0.02501	0.33731	0.07874	0.01296	0.00875	0.00230	0.09750	0.04845	0.00450	0.00623
8	0.01656	0.06439	0.21288	0.01720	0.09288	0.17286	0.07917	0.02164	0.07934	0.09883	0.07353	0.01702	0.01375	0.00664	0.00588	0.00180	0.00784	0.00550	0.00394	0.00835
9	0.01337	0.01238	0.02045	0.49301	0.20797	0.01415	0.05272	0.07991	0.01398	0.01859	0.01125	0.01563	0.00863	0.00592	0.00606	0.00194	0.00779	0.00544	0.00306	0.00775
10	0.08666	0.01531	0.02343	0.06335	0.30349	0.08073	0.19066	0.03895	0.03624	0.08447	0.01263	0.01518	0.00969	0.00573	0.00602	0.00186	0.00778	0.00558	0.00362	0.00863
11	0.01281	0.03557	0.06320	0.13588	0.22174	0.01310	0.01356	0.05131	0.01270	0.01790	0.01398	0.11925	0.01354	0.04718	0.00947	0.00217	0.13191	0.00683	0.00342	0.07448
12	0.05275	0.01708	0.16414	0.17794	0.04109	0.07458	0.12873	0.09377	0.01482	0.03988	0.02736	0.09956	0.02669	0.00763	0.00619	0.00196	0.00768	0.00677	0.00372	0.00766
13	0.01464	0.00986	0.01263	0.19302	0.01953	0.03589	0.00991	0.06970	0.04222	0.17654	0.02763	0.14688	0.13770	0.01085	0.00663	0.00208	0.00556	0.06630	0.00525	0.00719
14	0.06507	0.08600	0.07012	0.03913	0.01658	0.02633	0.04562	0.11923	0.07735	0.06170	0.02098	0.09990	0.08043	0.00891	0.00593	0.00184	0.00573	0.05411	0.00464	0.11041
15	0.06106	0.02807	0.11656	0.11340	0.03553	0.09377	0.01223	0.15326	0.01608	0.08729	0.02877	0.06933	0.02235	0.00885	0.03280	0.00210	0.03612	0.00592	0.00423	0.07227

[dist]
# distance from previous block
# <min> <max>
15	56

[block]
# block no. 3 follows, 38 sequences, length 6
# corresponding to MSA columns:
# 266-271
name=unknown_D
#
# <colnr> <probs for GDERKNQSTAVLIFYWHMCP>
#	G	D	E	R	K	N	Q	S	T	A	V	L	I	F	Y	W	H	M	C	P
0	0.12782	0.01156	0.01360	0.03226	0.14821	0.06732	0.02608	0.01800	0.11098	0.05535	0.07452	0.08184	0.10273	0.00986	0.00628	0.00203	0.00553	0.09401	0.00477	0.00726
1	0.36065	0.05561	0.01258	0.10193	0.01630	0.01222	0.00855	0.05117	0.01289	0.06431	0.06616	0.01748	0.01302	0.00669	0.00486	0.00173	0.00516	0.04187	0.00413	0.14268
2	0.01741	0.01638	0.01904	0.12966	0.05381	0.16228	0.09580	0.17478	0.01697	0.06066	0.01469	0.01677	0.05148	0.00724	0.00761	0.00188	0.09757	0.00564	0.00401	0.04631
3	0.08847	0.01416	0.18751	0.06795	0.01631	0.01022	0.01044	0.05830	0.01214	0.06269	0.01461	0.02320	0.01360	0.29838	0.01477	0.00327	0.00648	0.00608	0.00368	0.08772
4	0.50002	0.01179	0.01228	0.06674	0.01518	0.01421	0.00907	0.01786	0.01079	0.09232	0.00989	0.01206	0.00775	0.00697	0.00791	0.00205	0.18832	0.00415	0.00374	0.00690
5	0.07246	0.01034	0.01822	0.01488	0.01752	0.01057	0.25693	0.01365	0.01180	0.01716	0.01921	0.26866	0.02020	0.05376	0.10131	0.00332	0.06987	0.00993	0.00394	0.00626

[dist]
# distance from previous block
# <min> <max>
14	59

[block]
# block no. 4 follows, 38 sequences, length 7
# corresponding to MSA columns:
# 335-341
name=unknown_E
#
# <colnr> <probs for GDERKNQSTAVLIFYWHMCP>
#	G	D	E	R	K	N	Q	S	T	A	V	L	I	F	Y	W	H	M	C	P
0	0.01505	0.03180	0.03679	0.01073	0.01362	0.12340	0.00832	0.08401	0.18111	0.06066	0.04081	0.02489	0.03874	0.22367	0.01264	0.00287	0.00619	0.00661	0.00464	0.07344
1	0.03757	0.01023	0.01261	0.08798	0.01635	0.00956	0.00852	0.10629	0.01614	0.20574	0.09065	0.02514	0.13062	0.00815	0.00585	0.00166	0.00489	0.00670	0.00535	0.21000
2	0.09842	0.01195	0.01332	0.07949	0.01658	0.07144	0.00906	0.01635	0.01216	0.06092	0.01148	0.01430	0.00949	0.01070	0.10065	0.00247	0.08622	0.00439	0.00355	0.36705
3	0.01298	0.00970	0.01326	0.29386	0.02285	0.01045	0.01064	0.07949	0.01463	0.10966	0.02989	0.03068	0.26477	0.00961	0.00686	0.00197	0.03433	0.00792	0.00460	0.03186
4	0.33404	0.01383	0.01372	0.05133	0.01662	0.01574	0.00948	0.29700	0.14256	0.03031	0.01362	0.01409	0.01007	0.00668	0.00515	0.00188	0.00561	0.00481	0.00497	0.00848
5	0.00884	0.00670	0.00968	0.10369	0.01333	0.00757	0.00752	0.01059	0.00993	0.01372	0.01788	0.10468	0.01837	0.21786	0.41475	0.00704	0.01132	0.00796	0.00350	0.00507
6	0.00947	0.00753	0.01090	0.20164	0.01816	0.00794	0.00959	0.01246	0.01449	0.01933	0.28051	0.04587	0.09927	0.01231	0.00720	0.00220	0.00499	0.22510	0.00520	0.00583

[dist]
# distance from previous block
# <min> <max>
18	43

[block]
# block no. 5 follows, 38 sequences, length 11
# corresponding to MSA columns:
# 392-397,399-403
name=unknown_F
#
# <colnr> <probs for GDERKNQSTAVLIFYWHMCP>
#	G	D	E	R	K	N	Q	S	T	A	V	L	I	F	Y	W	H	M	C	P
0	0.01325	0.00836	0.01048	0.00966	0.01228	0.00766	0.00763	0.07412	0.01483	0.14268	0.04979	0.24317	0.08234	0.01270	0.00681	0.00206	0.00454	0.15225	0.00563	0.13977
1	0.13899	0.01321	0.01690	0.22090	0.02403	0.01495	0.06699	0.19563	0.16752	0.05943	0.01485	0.01626	0.01089	0.00669	0.00578	0.00194	0.00652	0.00552	0.00462	0.00839
2	0.01103	0.01025	0.01715	0.42005	0.02932	0.01250	0.06881	0.01430	0.01123	0.01518	0.01196	0.01779	0.01001	0.01714	0.21480	0.00417	0.09926	0.00577	0.00285	0.00642
3	0.14054	0.01438	0.01345	0.01184	0.01539	0.08318	0.00930	0.11318	0.44939	0.02571	0.02079	0.01981	0.04193	0.00774	0.00572	0.00194	0.00546	0.00605	0.00545	0.00875
4	0.00832	0.00599	0.00780	0.00789	0.00875	0.00597	0.00557	0.00998	0.01235	0.01707	0.25825	0.16549	0.06966	0.19852	0.18661	0.00468	0.00669	0.01052	0.00493	0.00498
5	0.16947	0.13060	0.01741	0.09695	0.06145	0.01527	0.02519	0.07242	0.05367	0.05217	0.06607	0.01792	0.04983	0.00770	0.00775	0.00194	0.13727	0.00553	0.00396	0.00742
6	0.20004	0.09085	0.01658	0.01326	0.01679	0.48289	0.01037	0.07082	0.01590	0.01897	0.00937	0.01075	0.00765	0.00604	0.00495	0.00161	0.00881	0.00379	0.00339	0.00716
7	0.01180	0.27543	0.07602	0.01099	0.01419	0.01367	0.06446	0.01400	0.01103	0.01444	0.01415	0.05727	0.01407	0.17111	0.20801	0.00453	0.00917	0.00622	0.00313	0.00629
8	0.01512	0.28719	0.01848	0.01034	0.01349	0.04501	0.00880	0.06601	0.04030	0.09452	0.01899	0.08332	0.04993	0.11247	0.00949	0.00235	0.03887	0.07401	0.00427	0.00706
9	0.01095	0.00642	0.00872	0.00883	0.01002	0.00622	0.00650	0.01230	0.01228	0.11592	0.10219	0.27911	0.03003	0.10617	0.11409	0.06716	0.00597	0.08643	0.00518	0.00552
10	0.01688	0.21114	0.01944	0.01396	0.07258	0.20783	0.01058	0.04722	0.13108	0.03888	0.01314	0.01470	0.01080	0.01053	0.09116	0.00247	0.00826	0.00468	0.00372	0.07094

[dist]
# distance from previous block
# <min> <max>
8	50

[block]
# block no. 6 follows, 38 sequences, length 8
# corresponding to MSA columns:
# 459-466
name=unknown_G
#
# <colnr> <probs for GDERKNQSTAVLIFYWHMCP>
#	G	D	E	R	K	N	Q	S	T	A	V	L	I	F	Y	W	H	M	C	P
0	0.01274	0.04007	0.07354	0.01079	0.01402	0.01125	0.00932	0.04023	0.17751	0.06787	0.04632	0.06716	0.19292	0.01035	0.00781	0.00198	0.09237	0.03481	0.00498	0.08395
1	0.03940	0.16382	0.04265	0.01125	0.01473	0.03746	0.00972	0.11949	0.01588	0.18918	0.13116	0.01959	0.01773	0.00887	0.00846	0.05812	0.09398	0.00584	0.00488	0.00783
2	0.04071	0.04579	0.06340	0.01234	0.01599	0.20045	0.01014	0.15336	0.13222	0.02138	0.01443	0.01776	0.01210	0.10162	0.05662	0.00266	0.00777	0.00534	0.00421	0.08171
3	0.01526	0.59394	0.02608	0.01012	0.01457	0.09123	0.00951	0.01709	0.01292	0.01454	0.01686	0.01748	0.12616	0.00686	0.00453	0.00143	0.00631	0.00479	0.00311	0.00723
4	0.01552	0.01163	0.01351	0.00987	0.01506	0.00980	0.00798	0.13093	0.01545	0.09247	0.01253	0.01355	0.00969	0.00518	0.00486	0.00113	0.00486	0.00410	0.00433	0.61756
5	0.00875	0.00583	0.00656	0.00656	0.00656	0.00583	0.00365	0.00875	0.00875	0.01166	0.01895	0.03937	0.02187	0.78858	0.03062	0.00583	0.00583	0.00875	0.00365	0.00365
6	0.07095	0.27860	0.07004	0.01074	0.01540	0.01604	0.00996	0.16708	0.01650	0.13714	0.02062	0.02028	0.12772	0.00762	0.00529	0.00168	0.00578	0.00572	0.00461	0.00822
7	0.01188	0.01223	0.01436	0.01336	0.06441	0.12982	0.09606	0.01424	0.01455	0.01811	0.18519	0.03501	0.26556	0.01077	0.00805	0.00197	0.08452	0.00895	0.00462	0.00634

[dist]
# distance from previous block
# <min> <max>
28	46

[block]
# block no. 7 follows, 38 sequences, length 18
# corresponding to MSA columns:
# 557-574
name=unknown_H
#
# <colnr> <probs for GDERKNQSTAVLIFYWHMCP>
#	G	D	E	R	K	N	Q	S	T	A	V	L	I	F	Y	W	H	M	C	P
0	0.04312	0.01336	0.12490	0.31671	0.02608	0.03342	0.01362	0.04179	0.03463	0.04712	0.01466	0.01872	0.03486	0.01600	0.19149	0.00383	0.00965	0.00568	0.00336	0.00700
1	0.04732	0.04031	0.01463	0.01193	0.01545	0.27741	0.04129	0.04770	0.03966	0.05786	0.08582	0.04052	0.10073	0.00791	0.00571	0.00162	0.00684	0.00621	0.00431	0.14677
2	0.07225	0.01008	0.01276	0.01159	0.02797	0.02751	0.05633	0.04318	0.06005	0.04799	0.03986	0.11360	0.03635	0.01068	0.00647	0.00199	0.00534	0.21860	0.00484	0.19256
3	0.12307	0.01782	0.30357	0.01198	0.01684	0.04091	0.01281	0.01653	0.01417	0.05475	0.25372	0.04415	0.02558	0.00863	0.00603	0.00192	0.00600	0.02977	0.00446	0.00729
4	0.01623	0.01424	0.04508	0.01307	0.03237	0.11808	0.02846	0.05803	0.03317	0.13215	0.11384	0.03696	0.01770	0.00843	0.00864	0.00187	0.15658	0.02746	0.00456	0.13308
5	0.01819	0.01307	0.01451	0.01183	0.01608	0.01376	0.00947	0.19251	0.34490	0.13582	0.01973	0.01862	0.01437	0.00722	0.00581	0.00177	0.00520	0.00583	0.00587	0.14544
6	0.02017	0.01375	0.01496	0.01231	0.01615	0.04507	0.00990	0.36821	0.10509	0.16559	0.02024	0.12063	0.01674	0.00921	0.00631	0.00195	0.00585	0.03263	0.00610	0.00914
7	0.02044	0.02134	0.01734	0.01605	0.05817	0.42784	0.01197	0.02217	0.01497	0.12509	0.01122	0.01307	0.00895	0.00740	0.00905	0.00187	0.19733	0.00462	0.00362	0.00751
8	0.00768	0.00549	0.00738	0.00878	0.00928	0.00519	0.00620	0.00898	0.01186	0.01575	0.03296	0.67803	0.03902	0.01852	0.00777	0.00249	0.00379	0.12025	0.00558	0.00498
9	0.01944	0.01482	0.01621	0.01222	0.01720	0.01515	0.01001	0.49491	0.02307	0.03187	0.01321	0.01379	0.00980	0.00631	0.00550	0.00150	0.00591	0.00481	0.00521	0.27906
10	0.01238	0.14183	0.19187	0.01177	0.01659	0.01291	0.01168	0.01796	0.12005	0.01803	0.01372	0.01628	0.01132	0.01536	0.19087	0.00351	0.00873	0.00490	0.00346	0.17678
11	0.02029	0.02191	0.19863	0.01481	0.02036	0.12816	0.01403	0.43148	0.02248	0.05052	0.01305	0.01366	0.00936	0.00671	0.00586	0.00179	0.00776	0.00497	0.00477	0.00942
12	0.00842	0.00617	0.00814	0.00932	0.01042	0.00589	0.00739	0.01036	0.01295	0.01675	0.03667	0.33516	0.14277	0.01725	0.00789	0.00254	0.00440	0.34673	0.00556	0.00523
13	0.01189	0.01123	0.01899	0.66447	0.14699	0.01350	0.01697	0.01583	0.01228	0.01601	0.01079	0.01587	0.00824	0.00592	0.00601	0.00197	0.00789	0.00535	0.00272	0.00711
14	0.02522	0.01174	0.01473	0.01144	0.01602	0.01124	0.00940	0.16578	0.07779	0.55695	0.02199	0.01946	0.01427	0.00746	0.00605	0.00187	0.00538	0.00599	0.00706	0.01018
15	0.01136	0.01069	0.01804	0.77412	0.04143	0.01337	0.01671	0.01537	0.01203	0.01537	0.01069	0.01604	0.00802	0.00601	0.00601	0.00200	0.00802	0.00535	0.00267	0.00668
16	0.00733	0.00524	0.00698	0.00838	0.00873	0.00489	0.00558	0.00838	0.01152	0.01536	0.03316	0.78466	0.03979	0.01885	0.00768	0.00244	0.00349	0.01710	0.00558	0.00489
17	0.01073	0.02104	0.45735	0.01309	0.01849	0.01081	0.01502	0.01504	0.01117	0.01623	0.01390	0.02248	0.01293	0.27681	0.05709	0.00369	0.00825	0.00604	0.00296	0.00689

[dist]
# distance from previous block
# <min> <max>
1	2

[block]
# block no. 8 follows, 38 sequences, length 15
# corresponding to MSA columns:
# 577-591
name=unknown_I
#
# <colnr> <probs for GDERKNQSTAVLIFYWHMCP>
#	G	D	E	R	K	N	Q	S	T	A	V	L	I	F	Y	W	H	M	C	P
0	0.02011	0.01655	0.22133	0.01467	0.07315	0.01077	0.03388	0.02394	0.01514	0.40058	0.01757	0.01697	0.01170	0.00644	0.00582	0.00177	0.00639	0.00533	0.00523	0.09266
1	0.01239	0.01069	0.01289	0.06558	0.01627	0.00842	0.00784	0.01516	0.01244	0.01929	0.01069	0.01274	0.00884	0.00457	0.00457	0.00097	0.00472	0.00370	0.00350	0.76473
2	0.01847	0.50644	0.02611	0.01224	0.01662	0.30099	0.01079	0.02026	0.01403	0.01437	0.00871	0.01010	0.00773	0.00554	0.00445	0.00139	0.00809	0.00346	0.00277	0.00744
3	0.01161	0.01014	0.01362	0.24310	0.02201	0.00934	0.00990	0.01453	0.01224	0.01788	0.01298	0.09211	0.01178	0.00640	0.00526	0.00139	0.00545	0.00549	0.00350	0.49130
4	0.01583	0.01470	0.01721	0.24690	0.02402	0.13269	0.01315	0.08998	0.01402	0.07188	0.01303	0.01622	0.03968	0.00810	0.01036	0.00210	0.25387	0.00546	0.00354	0.00725
5	0.01636	0.01103	0.06848	0.01509	0.15991	0.00906	0.01046	0.01937	0.01587	0.27618	0.24474	0.02905	0.08044	0.00897	0.00640	0.00187	0.00495	0.00776	0.00581	0.00822
6	0.02287	0.01685	0.01805	0.01384	0.01866	0.01866	0.01143	0.73100	0.02828	0.03791	0.01444	0.01444	0.01023	0.00722	0.00602	0.00181	0.00662	0.00542	0.00602	0.01023
7	0.01101	0.00930	0.01301	0.01287	0.01373	0.01130	0.01101	0.01323	0.01209	0.01666	0.02274	0.04706	0.02446	0.01430	0.01266	0.00272	0.29904	0.44243	0.00443	0.00594
8	0.83108	0.01163	0.00884	0.00791	0.01163	0.01350	0.00651	0.01768	0.01024	0.02699	0.00838	0.00977	0.00651	0.00558	0.00372	0.00186	0.00465	0.00326	0.00372	0.00651
9	0.00713	0.00601	0.00618	0.00633	0.00819	0.00506	0.00467	0.00861	0.01349	0.01616	0.05812	0.13182	0.67652	0.01560	0.00717	0.00207	0.00309	0.01314	0.00559	0.00506
10	0.00869	0.00607	0.00774	0.00774	0.00815	0.00647	0.00512	0.00951	0.00910	0.01254	0.01787	0.03339	0.01927	0.50594	0.30971	0.00729	0.00974	0.00787	0.00348	0.00430
11	0.02598	0.01186	0.01497	0.01147	0.01617	0.01125	0.00948	0.20163	0.01994	0.57907	0.02145	0.01899	0.01375	0.00739	0.00604	0.00185	0.00549	0.00589	0.00710	0.01024
12	0.02006	0.02453	0.01787	0.01714	0.07206	0.56081	0.01243	0.02171	0.01524	0.01504	0.00917	0.01161	0.00791	0.00700	0.00831	0.00178	0.16299	0.00426	0.00300	0.00708
13	0.05208	0.02006	0.29575	0.01330	0.01896	0.09322	0.01396	0.04770	0.01387	0.01971	0.01434	0.02206	0.01275	0.00743	0.00575	0.00176	0.00713	0.12806	0.00358	0.20854
14	0.01687	0.01924	0.04862	0.01267	0.01531	0.37309	0.00984	0.10062	0.01601	0.01754	0.01761	0.16463	0.03686	0.09449	0.00881	0.00228	0.00795	0.02688	0.00408	0.00659

[dist]
# distance from previous block
# <min> <max>
3	71

[block]
# block no. 9 follows, 38 sequences, length 90
# corresponding to MSA columns:
# 670-759
name=unknown_J
#
# <colnr> <probs for GDERKNQSTAVLIFYWHMCP>
#	G	D	E	R	K	N	Q	S	T	A	V	L	I	F	Y	W	H	M	C	P
0	0.01912	0.01708	0.01552	0.01288	0.01670	0.17830	0.01020	0.34715	0.11222	0.02736	0.04190	0.04307	0.04040	0.00896	0.02920	0.00200	0.00710	0.00601	0.00515	0.05968
1	0.01670	0.01425	0.01984	0.04123	0.37719	0.01507	0.01428	0.22618	0.11570	0.02523	0.01572	0.01789	0.03332	0.03245	0.00685	0.00197	0.00653	0.00590	0.00438	0.00934
2	0.10761	0.03599	0.01488	0.01244	0.05701	0.03029	0.00947	0.14912	0.13257	0.22614	0.03878	0.01729	0.01343	0.00682	0.00552	0.00172	0.00540	0.00537	0.00551	0.12463
3	0.74857	0.01111	0.00892	0.00809	0.01154	0.01290	0.00662	0.01699	0.01018	0.02568	0.00915	0.01116	0.00737	0.00955	0.08007	0.00264	0.00580	0.00358	0.00367	0.00640
4	0.00859	0.00645	0.00967	0.00967	0.01074	0.00752	0.00752	0.01074	0.00967	0.01396	0.01611	0.02363	0.01504	0.04512	0.76474	0.00967	0.01611	0.00645	0.00322	0.00537
5	0.01136	0.01069	0.01804	0.77412	0.04143	0.01337	0.01671	0.01537	0.01203	0.01537	0.01069	0.01604	0.00802	0.00601	0.00601	0.00200	0.00802	0.00535	0.00267	0.00668
6	0.00721	0.00571	0.00649	0.00712	0.00840	0.00499	0.00503	0.00852	0.01272	0.01585	0.04844	0.38490	0.42968	0.01686	0.00737	0.00222	0.00325	0.01468	0.00559	0.00499
7	0.00798	0.00574	0.00756	0.00793	0.00887	0.00532	0.00563	0.01001	0.01455	0.02018	0.42630	0.37777	0.04912	0.01524	0.00736	0.00214	0.00313	0.01368	0.00616	0.00532
8	0.00851	0.00615	0.00804	0.00757	0.00899	0.00568	0.00568	0.01135	0.01703	0.02412	0.74788	0.04494	0.05676	0.01230	0.00710	0.00189	0.00284	0.01088	0.00662	0.00568
9	0.02287	0.01685	0.01805	0.01384	0.01866	0.01866	0.01143	0.73100	0.02828	0.03791	0.01444	0.01444	0.01023	0.00722	0.00602	0.00181	0.00662	0.00542	0.00602	0.01023
10	0.02247	0.02867	0.01705	0.01550	0.01860	0.76443	0.01162	0.02402	0.01705	0.01472	0.00930	0.01085	0.00775	0.00620	0.00542	0.00155	0.01085	0.00387	0.00310	0.00697
11	0.00733	0.00524	0.00698	0.00838	0.00873	0.00489	0.00558	0.00838	0.01152	0.01536	0.03316	0.78466	0.03979	0.01885	0.00768	0.00244	0.00349	0.01710	0.00558	0.00489
12	0.01310	0.01294	0.01805	0.01549	0.01553	0.01805	0.01290	0.01446	0.00931	0.01471	0.00824	0.01344	0.00812	0.01042	0.01928	0.00260	0.75459	0.00527	0.02694	0.00655
13	0.04319	0.01206	0.01395	0.01089	0.01551	0.01158	0.00880	0.14183	0.16165	0.23738	0.01778	0.01703	0.01268	0.00656	0.00549	0.00158	0.00507	0.00523	0.00561	0.26613
14	0.02170	0.02148	0.01803	0.01654	0.08379	0.33382	0.01207	0.34264	0.04830	0.02600	0.01235	0.01325	0.00942	0.00666	0.00576	0.00170	0.00839	0.00481	0.00452	0.00876
15	0.00851	0.00615	0.00804	0.00757	0.00899	0.00568	0.00568	0.01135	0.01703	0.02412	0.74788	0.04494	0.05676	0.01230	0.00710	0.00189	0.00284	0.01088	0.00662	0.00568
16	0.01529	0.01317	0.01364	0.01214	0.01551	0.03392	0.00946	0.07750	0.62850	0.02569	0.06861	0.02301	0.01994	0.00831	0.00616	0.00200	0.00492	0.00689	0.00607	0.00926
17	0.01437	0.01424	0.02287	0.01790	0.02179	0.01562	0.28882	0.02420	0.34004	0.02114	0.01702	0.01853	0.01308	0.00735	0.00872	0.00213	0.13265	0.00667	0.00436	0.00850
18	0.02089	0.01288	0.06034	0.01147	0.01585	0.01167	0.00990	0.25309	0.01978	0.32974	0.02527	0.04996	0.10823	0.00898	0.00629	0.00192	0.00554	0.03276	0.00631	0.00914
19	0.01608	0.79220	0.03152	0.01029	0.01544	0.02380	0.01029	0.01801	0.01222	0.01415	0.00836	0.00965	0.00772	0.00515	0.00386	0.00129	0.00643	0.00322	0.00257	0.00772
20	0.00711	0.00609	0.00609	0.00609	0.00813	0.00508	0.00457	0.00863	0.01371	0.01625	0.06094	0.05789	0.74862	0.01524	0.00711	0.00203	0.00305	0.01270	0.00559	0.00508
21	0.01302	0.01401	0.06896	0.36569	0.28114	0.01399	0.12194	0.01723	0.01296	0.01763	0.01113	0.01547	0.00867	0.00563	0.00613	0.00193	0.00809	0.00555	0.00282	0.00800
22	0.01207	0.03112	0.75741	0.01715	0.02604	0.01397	0.02223	0.01905	0.01270	0.01905	0.01080	0.01270	0.00762	0.00572	0.00572	0.00191	0.00889	0.00445	0.00254	0.00889
23	0.00733	0.00524	0.00698	0.00838	0.00873	0.00489	0.00558	0.00838	0.01152	0.01536	0.03316	0.78466	0.03979	0.01885	0.00768	0.00244	0.00349	0.01710	0.00558	0.00489
24	0.00875	0.00583	0.00656	0.00656	0.00656	0.00583	0.00365	0.00875	0.00875	0.01166	0.01895	0.03937	0.02187	0.78858	0.03062	0.00583	0.00583	0.00875	0.00365	0.00365
25	0.01776	0.02628	0.37805	0.01566	0.02203	0.19814	0.01658	0.16714	0.01725	0.06786	0.01199	0.01309	0.00864	0.00625	0.00573	0.00180	0.00867	0.00461	0.00370	0.00878
26	0.01608	0.79220	0.03152	0.01029	0.01544	0.02380	0.01029	0.01801	0.01222	0.01415	0.00836	0.00965	0.00772	0.00515	0.00386	0.00129	0.00643	0.00322	0.00257	0.00772
27	0.00711	0.00609	0.00609	0.00609	0.00813	0.00508	0.00457	0.00863	0.01371	0.01625	0.06094	0.05789	0.74862	0.01524	0.00711	0.00203	0.00305	0.01270	0.00559	0.00508
28	0.83108	0.01163	0.00884	0.00791	0.01163	0.01350	0.00651	0.01768	0.01024	0.02699	0.00838	0.00977	0.00651	0.00558	0.00372	0.00186	0.00465	0.00326	0.00372	0.00651
29	0.01365	0.26830	0.07839	0.01025	0.01564	0.01401	0.00957	0.01638	0.01230	0.01761	0.00985	0.01159	0.00838	0.00498	0.00487	0.00116	0.03099	0.00358	0.00313	0.46541
30	0.00836	0.00597	0.00815	0.00949	0.01030	0.00577	0.00731	0.01018	0.01266	0.01673	0.05400	0.46145	0.03813	0.01771	0.00793	0.00256	0.00433	0.30818	0.00560	0.00518
31	0.00834	0.00623	0.00891	0.00905	0.01009	0.00686	0.00686	0.01030	0.01065	0.01495	0.07306	0.12413	0.06714	0.05685	0.54872	0.00762	0.01249	0.00856	0.00392	0.00527
32	0.01497	0.57503	0.22003	0.01221	0.01821	0.02111	0.01347	0.01820	0.01227	0.01544	0.00898	0.01053	0.00770	0.00543	0.00473	0.00148	0.02606	0.00359	0.00257	0.00800
33	0.02423	0.01363	0.01593	0.01233	0.01698	0.01401	0.01015	0.37161	0.06778	0.35987	0.01925	0.01766	0.01284	0.00738	0.00604	0.00185	0.00583	0.00579	0.00667	0.01019
34	0.01203	0.01161	0.01819	0.49317	0.03193	0.01524	0.01539	0.01504	0.01099	0.01504	0.00966	0.01497	0.00797	0.00769	0.01110	0.00224	0.29313	0.00532	0.00266	0.00664
35	0.00782	0.00580	0.00730	0.00760	0.00874	0.00528	0.00544	0.00976	0.01439	0.01946	0.35975	0.32089	0.17513	0.01525	0.00731	0.00212	0.00312	0.01351	0.00605	0.00528
36	0.00851	0.00615	0.00804	0.00757	0.00899	0.00568	0.00568	0.01135	0.01703	0.02412	0.74788	0.04494	0.05676	0.01230	0.00710	0.00189	0.00284	0.01088	0.00662	0.00568
37	0.01136	0.01069	0.01804	0.77412	0.04143	0.01337	0.01671	0.01537	0.01203	0.01537	0.01069	0.01604	0.00802	0.00601	0.00601	0.00200	0.00802	0.00535	0.00267	0.00668
38	0.01247	0.01069	0.01247	0.00891	0.01426	0.00802	0.00713	0.01515	0.01247	0.01960	0.01069	0.01247	0.00891	0.00446	0.00446	0.00089	0.00446	0.00356	0.00356	0.82536
39	0.83108	0.01163	0.00884	0.00791	0.01163	0.01350	0.00651	0.01768	0.01024	0.02699	0.00838	0.00977	0.00651	0.00558	0.00372	0.00186	0.00465	0.00326	0.00372	0.00651
40	0.01114	0.00919	0.01016	0.00938	0.01181	0.00974	0.00719	0.02009	0.34176	0.02305	0.28772	0.03736	0.17512	0.01101	0.00666	0.00199	0.00374	0.00940	0.00619	0.00729
41	0.02699	0.01024	0.01396	0.01070	0.01536	0.00884	0.00884	0.02932	0.01722	0.75522	0.02373	0.02048	0.01489	0.00745	0.00605	0.00186	0.00512	0.00605	0.00745	0.01024
42	0.01207	0.03112	0.75741	0.01715	0.02604	0.01397	0.02223	0.01905	0.01270	0.01905	0.01080	0.01270	0.00762	0.00572	0.00572	0.00191	0.00889	0.00445	0.00254	0.00889
43	0.00844	0.00615	0.00794	0.00749	0.00894	0.00564	0.00562	0.01121	0.01685	0.02370	0.71071	0.04564	0.09420	0.01246	0.00710	0.00190	0.00285	0.01098	0.00657	0.00564
44	0.00711	0.00609	0.00609	0.00609	0.00813	0.00508	0.00457	0.00863	0.01371	0.01625	0.06094	0.05789	0.74862	0.01524	0.00711	0.00203	0.00305	0.01270	0.00559	0.00508
45	0.00860	0.00641	0.00949	0.00949	0.01051	0.00742	0.00730	0.01063	0.00962	0.01383	0.01627	0.02452	0.01543	0.08725	0.72314	0.00945	0.01553	0.00658	0.00325	0.00527
46	0.01397	0.01336	0.02276	0.22870	0.56646	0.01405	0.01801	0.01766	0.01326	0.01854	0.01115	0.01519	0.00914	0.00553	0.00597	0.00184	0.00737	0.00536	0.00290	0.00879
47	0.02173	0.01866	0.01726	0.01396	0.01824	0.16558	0.01122	0.49786	0.12118	0.03163	0.01477	0.01480	0.01083	0.00715	0.00591	0.00179	0.00721	0.00530	0.00545	0.00949
48	0.00733	0.00524	0.00698	0.00838	0.00873	0.00489	0.00558	0.00838	0.01152	0.01536	0.03316	0.78466	0.03979	0.01885	0.00768	0.00244	0.00349	0.01710	0.00558	0.00489
49	0.01542	0.02138	0.33546	0.02064	0.18356	0.01429	0.06202	0.09259	0.09478	0.08054	0.01390	0.01527	0.01016	0.00615	0.00596	0.00189	0.00760	0.00530	0.00380	0.00929
50	0.01488	0.39997	0.02488	0.01306	0.01570	0.04259	0.01169	0.01651	0.01093	0.01432	0.00817	0.01135	0.00780	0.00773	0.01145	0.00193	0.37304	0.00421	0.00262	0.00716
51	0.02699	0.01024	0.01396	0.01070	0.01536	0.00884	0.00884	0.02932	0.01722	0.75522	0.02373	0.02048	0.01489	0.00745	0.00605	0.00186	0.00512	0.00605	0.00745	0.01024
52	0.01207	0.03112	0.75741	0.01715	0.02604	0.01397	0.02223	0.01905	0.01270	0.01905	0.01080	0.01270	0.00762	0.00572	0.00572	0.00191	0.00889	0.00445	0.00254	0.00889
53	0.01244	0.01103	0.01782	0.05030	0.41699	0.01106	0.01443	0.01562	0.01370	0.01872	0.02157	0.03661	0.06048	0.01003	0.00688	0.00216	0.00636	0.26201	0.00405	0.00773
54	0.02699	0.01024	0.01396	0.01070	0.01536	0.00884	0.00884	0.02932	0.01722	0.75522	0.02373	0.02048	0.01489	0.00745	0.00605	0.00186	0.00512	0.00605	0.00745	0.01024
55	0.00851	0.00615	0.00804	0.00757	0.00899	0.00568	0.00568	0.01135	0.01703	0.02412	0.74788	0.04494	0.05676	0.01230	0.00710	0.00189	0.00284	0.01088	0.00662	0.00568
56	0.01537	0.65797	0.15955	0.01150	0.01731	0.02207	0.01240	0.01820	0.01231	0.01502	0.00879	0.01019	0.00770	0.00525	0.00419	0.00140	0.00687	0.00343	0.00257	0.00793
57	0.02176	0.01122	0.01371	0.01118	0.01524	0.01116	0.00901	0.06881	0.24907	0.43539	0.06869	0.02229	0.01835	0.00797	0.00614	0.00192	0.00495	0.00656	0.00689	0.00972
58	0.00859	0.00645	0.00967	0.00967	0.01074	0.00752	0.00752	0.01074	0.00967	0.01396	0.01611	0.02363	0.01504	0.04512	0.76474	0.00967	0.01611	0.00645	0.00322	0.00537
59	0.01316	0.01316	0.01843	0.01579	0.01579	0.01843	0.01316	0.01448	0.00921	0.01448	0.00790	0.01316	0.00790	0.01053	0.01974	0.00263	0.77757	0.00526	0.00263	0.00658
60	0.01843	0.02211	0.02001	0.01694	0.01949	0.42833	0.11068	0.02039	0.01421	0.01527	0.00925	0.01231	0.00798	0.00740	0.01013	0.00195	0.25041	0.00475	0.00295	0.00701
61	0.01136	0.01069	0.01804	0.77412	0.04143	0.01337	0.01671	0.01537	0.01203	0.01537	0.01069	0.01604	0.00802	0.00601	0.00601	0.00200	0.00802	0.00535	0.00267	0.00668
62	0.01330	0.02248	0.33871	0.02191	0.02917	0.01469	0.43226	0.01918	0.01357	0.01918	0.01159	0.01475	0.00849	0.00534	0.00652	0.00198	0.00962	0.00598	0.00283	0.00844
63	0.00797	0.00550	0.00679	0.00756	0.00775	0.00531	0.00471	0.00854	0.01027	0.01370	0.02677	0.44932	0.03173	0.36518	0.01800	0.00397	0.00454	0.01334	0.00471	0.00433
64	0.01608	0.79220	0.03152	0.01029	0.01544	0.02380	0.01029	0.01801	0.01222	0.01415	0.00836	0.00965	0.00772	0.00515	0.00386	0.00129	0.00643	0.00322	0.00257	0.00772
65	0.60571	0.22748	0.01511	0.00857	0.01269	0.01635	0.00756	0.01777	0.01079	0.02344	0.00837	0.00974	0.00685	0.00546	0.00376	0.00170	0.00515	0.00325	0.00340	0.00685
66	0.01420	0.01623	0.03550	0.02535	0.03144	0.01521	0.72921	0.01927	0.01420	0.01927	0.01217	0.01623	0.00913	0.00507	0.00710	0.00203	0.01014	0.00710	0.00304	0.00811
67	0.01247	0.01069	0.01247	0.00891	0.01426	0.00802	0.00713	0.01515	0.01247	0.01960	0.01069	0.01247	0.00891	0.00446	0.00446	0.00089	0.00446	0.00356	0.00356	0.82536
68	0.00969	0.00692	0.00969	0.01108	0.01246	0.00692	0.00969	0.01246	0.01385	0.01800	0.03185	0.06786	0.03462	0.01662	0.00831	0.00277	0.00554	0.71057	0.00554	0.00554
69	0.01608	0.01752	0.01980	0.02184	0.22969	0.21129	0.01430	0.01812	0.01255	0.01604	0.00925	0.01306	0.00833	0.00790	0.01202	0.00211	0.35476	0.00493	0.00285	0.00754
70	0.01121	0.00561	0.00561	0.00561	0.00701	0.00561	0.00421	0.01402	0.01262	0.02243	0.01962	0.02243	0.01542	0.00701	0.00421	0.00140	0.00280	0.00561	0.82198	0.00561
71	0.00786	0.00565	0.00746	0.00801	0.00884	0.00524	0.00563	0.00972	0.01400	0.01930	0.35474	0.45182	0.04743	0.01590	0.00742	0.00220	0.00320	0.01430	0.00605	0.00524
72	0.00733	0.00524	0.00698	0.00838	0.00873	0.00489	0.00558	0.00838	0.01152	0.01536	0.03316	0.78466	0.03979	0.01885	0.00768	0.00244	0.00349	0.01710	0.00558	0.00489
73	0.00843	0.00615	0.00793	0.00748	0.00894	0.00564	0.00561	0.01120	0.01684	0.02368	0.70895	0.04567	0.09597	0.01246	0.00710	0.00190	0.00285	0.01098	0.00656	0.00564
74	0.02247	0.02867	0.01705	0.01550	0.01860	0.76443	0.01162	0.02402	0.01705	0.01472	0.00930	0.01085	0.00775	0.00620	0.00542	0.00155	0.01085	0.00387	0.00310	0.00697
75	0.01247	0.01069	0.01247	0.00891	0.01426	0.00802	0.00713	0.01515	0.01247	0.01960	0.01069	0.01247	0.00891	0.00446	0.00446	0.00089	0.00446	0.00356	0.00356	0.82536
76	0.01217	0.01180	0.01822	0.43292	0.02990	0.01564	0.01511	0.01497	0.01076	0.01497	0.00943	0.01474	0.00796	0.00805	0.01219	0.00229	0.35427	0.00531	0.00265	0.00664
77	0.02349	0.01287	0.01537	0.01197	0.01638	0.01309	0.00984	0.34339	0.02172	0.36648	0.03858	0.01862	0.01393	0.00983	0.05346	0.00232	0.00642	0.00592	0.00652	0.00981
78	0.02155	0.01620	0.01731	0.01357	0.01815	0.01804	0.01112	0.61449	0.14693	0.03579	0.01612	0.01578	0.01159	0.00738	0.00604	0.00184	0.00631	0.00565	0.00604	0.01011
79	0.01741	0.01969	0.01570	0.03683	0.01700	0.39467	0.01109	0.06324	0.01461	0.01601	0.01130	0.03190	0.01011	0.01502	0.15819	0.00340	0.14877	0.00508	0.00327	0.00673
80	0.01378	0.01357	0.02109	0.36728	0.38601	0.06074	0.01725	0.01742	0.01316	0.01742	0.01091	0.01515	0.00874	0.00571	0.00595	0.00187	0.00777	0.00526	0.00285	0.00809
81	0.01627	0.01237	0.01391	0.01076	0.01520	0.01185	0.00863	0.30122	0.01899	0.04612	0.03323	0.08795	0.03896	0.00754	0.00558	0.00149	0.00516	0.00612	0.00498	0.35365
82	0.01911	0.01368	0.01556	0.01290	0.01685	0.06395	0.05452	0.09788	0.36817	0.21366	0.04316	0.02066	0.01653	0.00768	0.00614	0.00193	0.00572	0.00642	0.00607	0.00940
83	0.01829	0.01194	0.01589	0.06755	0.01741	0.01354	0.01096	0.08945	0.03948	0.25734	0.03910	0.01716	0.01245	0.00833	0.01078	0.00206	0.27827	0.00563	0.00485	0.07951
84	0.01856	0.01499	0.01573	0.01280	0.03869	0.07281	0.01002	0.33737	0.06602	0.05296	0.01416	0.01568	0.01091	0.00652	0.00554	0.00153	0.00608	0.02359	0.00495	0.27110
85	0.02254	0.01262	0.01367	0.01119	0.01512	0.10605	0.00895	0.04270	0.11304	0.46223	0.09112	0.02251	0.03453	0.00801	0.00610	0.00185	0.00558	0.00646	0.00656	0.00918
86	0.01492	0.01129	0.01219	0.01036	0.01339	0.01192	0.00810	0.33535	0.07056	0.02647	0.05261	0.12069	0.21450	0.05979	0.00809	0.00221	0.00499	0.00923	0.00573	0.00761
87	0.01753	0.01358	0.01660	0.07603	0.11220	0.01423	0.01135	0.34108	0.06350	0.04935	0.01570	0.08383	0.01302	0.00755	0.00592	0.00175	0.00602	0.00625	0.00498	0.13955
88	0.01352	0.01159	0.01566	0.35492	0.02700	0.01376	0.01274	0.10990	0.22947	0.02093	0.01594	0.01871	0.01226	0.01180	0.10300	0.00297	0.00791	0.00593	0.00419	0.00780
89	0.09617	0.01288	0.01390	0.01253	0.04212	0.01439	0.00947	0.15081	0.41564	0.08379	0.02028	0.02044	0.01541	0.05634	0.00739	0.00220	0.00526	0.00622	0.00570	0.00904

[dist]
# distance from previous block
# <min> <max>
0	27

# created by:
# /st0/software/busco_prod/Augustus/scripts/msa2prfl.pl ./align_prep/31691.fa
