[name]
unknown

[dist]
# distance from previous block
# <min> <max>
0	115

[block]
# block no. 0 follows, 48 sequences, length 21
# corresponding to MSA columns:
# 194-214
name=unknown_A
#
# <colnr> <probs for GDERKNQSTAVLIFYWHMCP>
#	G	D	E	R	K	N	Q	S	T	A	V	L	I	F	Y	W	H	M	C	P
0	0.00887	0.00667	0.00873	0.00835	0.01001	0.00674	0.00661	0.06283	0.01061	0.01481	0.01730	0.07919	0.01764	0.09938	0.30118	0.00446	0.00789	0.18570	0.00360	0.13941
1	0.01270	0.01219	0.02083	0.03149	0.78767	0.01219	0.01575	0.01575	0.01168	0.01676	0.00965	0.01270	0.00813	0.00457	0.00508	0.00152	0.00610	0.00457	0.00254	0.00813
2	0.01291	0.63405	0.20848	0.01016	0.01531	0.01832	0.01119	0.01557	0.01052	0.01306	0.00763	0.00885	0.00656	0.00450	0.00367	0.00122	0.00598	0.00299	0.00219	0.00682
3	0.00703	0.00481	0.00580	0.00623	0.00636	0.00473	0.00380	0.00740	0.00833	0.01113	0.02042	0.31233	0.02393	0.51013	0.04187	0.00404	0.00452	0.00995	0.00369	0.00353
4	0.01270	0.01219	0.02083	0.03149	0.78767	0.01219	0.01575	0.01575	0.01168	0.01676	0.00965	0.01270	0.00813	0.00457	0.00508	0.00152	0.00610	0.00457	0.00254	0.00813
5	0.01252	0.01201	0.02050	0.07754	0.74302	0.01214	0.01566	0.01559	0.01160	0.01655	0.00962	0.01276	0.00805	0.00460	0.00508	0.00153	0.00614	0.00457	0.00252	0.00798
6	0.00822	0.00586	0.00726	0.00784	0.00878	0.00589	0.00550	0.01164	0.15018	0.05073	0.02656	0.63391	0.02962	0.01396	0.00624	0.00200	0.00324	0.01255	0.00492	0.00510
7	0.00666	0.00487	0.00586	0.00633	0.00699	0.00451	0.00427	0.00763	0.01023	0.01340	0.11571	0.35810	0.19319	0.20809	0.01111	0.00266	0.00335	0.02853	0.00446	0.00404
8	0.01249	0.00942	0.01484	0.62495	0.03045	0.01110	0.01287	0.06774	0.01193	0.13825	0.01111	0.01419	0.00790	0.00540	0.00513	0.00168	0.00636	0.00466	0.00313	0.00639
9	0.01274	0.01080	0.01147	0.01024	0.01308	0.01238	0.00798	0.06570	0.68497	0.02198	0.07362	0.02012	0.01757	0.00716	0.00527	0.00172	0.00403	0.00598	0.00525	0.00793
10	0.01270	0.01219	0.02083	0.03149	0.78767	0.01219	0.01575	0.01575	0.01168	0.01676	0.00965	0.01270	0.00813	0.00457	0.00508	0.00152	0.00610	0.00457	0.00254	0.00813
11	0.01494	0.01558	0.01260	0.01139	0.01420	0.27983	0.00873	0.02496	0.51895	0.01844	0.01648	0.01578	0.01259	0.00639	0.00502	0.00160	0.00582	0.00495	0.00435	0.00738
12	0.01917	0.02445	0.01454	0.01322	0.01586	0.79907	0.00991	0.02049	0.01454	0.01256	0.00793	0.00925	0.00661	0.00529	0.00463	0.00132	0.00925	0.00330	0.00264	0.00595
13	0.00700	0.00507	0.00660	0.00658	0.00759	0.00467	0.00480	0.00904	0.01337	0.01867	0.59069	0.21660	0.06642	0.01184	0.00617	0.00172	0.00255	0.01054	0.00542	0.00467
14	0.00633	0.00452	0.00604	0.00723	0.00757	0.00423	0.00490	0.00728	0.00990	0.01319	0.02824	0.78701	0.03377	0.01600	0.00657	0.00209	0.00304	0.04313	0.00476	0.00419
15	0.01093	0.00660	0.00806	0.00720	0.00928	0.00617	0.00556	0.01431	0.09889	0.18302	0.35046	0.05298	0.20617	0.00993	0.00578	0.00166	0.00307	0.00850	0.00553	0.00590
16	0.00633	0.00452	0.00604	0.00723	0.00756	0.00423	0.00490	0.00728	0.00990	0.01318	0.02824	0.78730	0.03377	0.01600	0.00657	0.00209	0.00304	0.04285	0.00476	0.00419
17	0.00741	0.00518	0.00664	0.00664	0.00700	0.00554	0.00441	0.00813	0.00777	0.01072	0.01521	0.02830	0.01636	0.51249	0.33017	0.00626	0.00842	0.00669	0.00297	0.00369
18	0.06813	0.00692	0.00799	0.00731	0.00902	0.00705	0.00552	0.05997	0.11233	0.03846	0.45870	0.05971	0.05971	0.06822	0.00714	0.00189	0.00320	0.00810	0.00516	0.00548
19	0.01762	0.01242	0.01230	0.01017	0.01341	0.13586	0.00810	0.20549	0.12648	0.25248	0.10357	0.01876	0.04624	0.00695	0.00521	0.00156	0.00513	0.00551	0.00516	0.00759
20	0.40659	0.01462	0.01157	0.00979	0.01313	0.19275	0.00785	0.24955	0.01481	0.02351	0.00892	0.00977	0.00678	0.00531	0.00411	0.00151	0.00569	0.00347	0.00366	0.00662

[dist]
# distance from previous block
# <min> <max>
3	6

[block]
# block no. 1 follows, 48 sequences, length 13
# corresponding to MSA columns:
# 221-233
name=unknown_B
#
# <colnr> <probs for GDERKNQSTAVLIFYWHMCP>
#	G	D	E	R	K	N	Q	S	T	A	V	L	I	F	Y	W	H	M	C	P
0	0.01007	0.01907	0.46238	0.01300	0.01805	0.01120	0.04947	0.01532	0.07102	0.01648	0.09640	0.03889	0.04403	0.00677	0.00664	0.00173	0.10434	0.00532	0.00299	0.00683
1	0.00627	0.00481	0.00576	0.00636	0.00727	0.00429	0.00445	0.00746	0.01094	0.01406	0.10618	0.46204	0.31280	0.01443	0.00632	0.00191	0.00279	0.01271	0.00484	0.00429
2	0.03849	0.01077	0.01520	0.07431	0.32456	0.03341	0.01114	0.08532	0.06699	0.14061	0.13121	0.01764	0.01540	0.00614	0.00519	0.00157	0.00516	0.00539	0.00404	0.00746
3	0.01410	0.01055	0.01043	0.00885	0.01144	0.12012	0.00695	0.18150	0.01626	0.14914	0.26910	0.02663	0.13646	0.00848	0.00550	0.00157	0.00445	0.00695	0.00510	0.00643
4	0.00850	0.00529	0.00629	0.00602	0.00654	0.00513	0.00377	0.00914	0.00940	0.06650	0.17308	0.03342	0.02430	0.59820	0.02057	0.00405	0.00441	0.00767	0.00385	0.00385
5	0.01120	0.01066	0.01811	0.41854	0.41235	0.01180	0.01500	0.01443	0.01097	0.01494	0.00939	0.01319	0.00749	0.00485	0.00510	0.00162	0.00647	0.00457	0.00241	0.00692
6	0.01241	0.20182	0.50458	0.01312	0.01924	0.13462	0.01532	0.01671	0.01131	0.01476	0.00855	0.01002	0.00654	0.00483	0.00449	0.00146	0.00738	0.00349	0.00225	0.00711
7	0.01610	0.00769	0.00999	0.00845	0.01118	0.00714	0.00665	0.03939	0.08154	0.41986	0.18351	0.14455	0.02369	0.00877	0.00557	0.00168	0.00375	0.00752	0.00583	0.00715
8	0.04443	0.00812	0.01046	0.00876	0.01171	0.00752	0.00692	0.08860	0.01404	0.48423	0.02130	0.23507	0.01791	0.00894	0.00547	0.00172	0.00409	0.00761	0.00570	0.00738
9	0.03807	0.08708	0.30046	0.01833	0.22907	0.04957	0.06322	0.01685	0.01145	0.08741	0.01001	0.01179	0.00759	0.00505	0.00537	0.00157	0.04271	0.00417	0.00274	0.00748
10	0.03329	0.01160	0.08354	0.00989	0.01351	0.01064	0.00861	0.19688	0.18997	0.20710	0.07880	0.02086	0.09786	0.00731	0.00526	0.00163	0.00455	0.00593	0.00513	0.00765
11	0.00684	0.00523	0.00627	0.00601	0.00741	0.00466	0.00451	0.00886	0.01353	0.01821	0.52630	0.04223	0.30855	0.01137	0.00606	0.00166	0.00248	0.00983	0.00534	0.00466
12	0.01138	0.13714	0.11214	0.33259	0.27973	0.01309	0.01447	0.01471	0.01083	0.01454	0.00900	0.01218	0.00719	0.00480	0.00480	0.00154	0.00647	0.00419	0.00234	0.00687

[dist]
# distance from previous block
# <min> <max>
0	2

[block]
# block no. 2 follows, 48 sequences, length 9
# corresponding to MSA columns:
# 236-244
name=unknown_C
#
# <colnr> <probs for GDERKNQSTAVLIFYWHMCP>
#	G	D	E	R	K	N	Q	S	T	A	V	L	I	F	Y	W	H	M	C	P
0	0.85592	0.00992	0.00754	0.00675	0.00992	0.01151	0.00556	0.01508	0.00873	0.02302	0.00714	0.00834	0.00556	0.00476	0.00318	0.00159	0.00397	0.00278	0.00318	0.00556
1	0.01429	0.01178	0.01246	0.01075	0.01392	0.01348	0.00849	0.19552	0.60765	0.02393	0.01895	0.01760	0.01409	0.00678	0.00520	0.00169	0.00442	0.00553	0.00520	0.00826
2	0.00783	0.00555	0.00754	0.00844	0.00938	0.00548	0.00692	0.00973	0.01131	0.01492	0.09478	0.15064	0.03056	0.10624	0.00910	0.00256	0.00432	0.50560	0.00463	0.00448
3	0.01015	0.00573	0.00757	0.00716	0.00869	0.00518	0.00534	0.01199	0.01308	0.17619	0.37869	0.26125	0.06592	0.01137	0.00601	0.00175	0.00299	0.01004	0.00550	0.00542
4	0.00765	0.00593	0.00826	0.00812	0.00917	0.00578	0.05724	0.05404	0.01068	0.01414	0.02639	0.47021	0.11694	0.10074	0.07698	0.00282	0.00462	0.01142	0.00429	0.00457
5	0.00688	0.00504	0.00621	0.00646	0.00735	0.00467	0.00460	0.00832	0.01151	0.01539	0.28222	0.23475	0.18000	0.14056	0.00942	0.00234	0.00316	0.06202	0.00479	0.00429
6	0.01372	0.82276	0.02689	0.00878	0.01317	0.02030	0.00878	0.01536	0.01043	0.01207	0.00713	0.00823	0.00658	0.00439	0.00329	0.00110	0.00549	0.00274	0.00219	0.00658
7	0.00956	0.00478	0.00478	0.00478	0.00598	0.00478	0.00359	0.01196	0.01076	0.01913	0.01674	0.01913	0.01315	0.00598	0.00359	0.00120	0.00239	0.00478	0.84816	0.00478
8	0.21113	0.01338	0.01220	0.01090	0.04407	0.14864	0.00834	0.22182	0.10050	0.09687	0.01380	0.03504	0.03001	0.00637	0.00471	0.00158	0.00543	0.02390	0.00424	0.00709

[dist]
# distance from previous block
# <min> <max>
2	5

[block]
# block no. 3 follows, 48 sequences, length 76
# corresponding to MSA columns:
# 250-325
name=unknown_D
#
# <colnr> <probs for GDERKNQSTAVLIFYWHMCP>
#	G	D	E	R	K	N	Q	S	T	A	V	L	I	F	Y	W	H	M	C	P
0	0.01263	0.01212	0.02070	0.04977	0.76995	0.01217	0.01571	0.01569	0.01165	0.01668	0.00964	0.01272	0.00810	0.00458	0.00508	0.00153	0.00611	0.00457	0.00253	0.00807
1	0.01308	0.01241	0.02100	0.02979	0.70110	0.01246	0.05522	0.06110	0.01245	0.01768	0.00985	0.01274	0.00815	0.00465	0.00513	0.00154	0.00620	0.00465	0.00270	0.00810
2	0.00642	0.00478	0.00600	0.00667	0.00744	0.00435	0.00467	0.00769	0.01104	0.01457	0.16157	0.51261	0.19044	0.01446	0.00638	0.00194	0.00284	0.02692	0.00491	0.00433
3	0.00956	0.00478	0.00478	0.00478	0.00598	0.00478	0.00359	0.01196	0.01076	0.01913	0.01674	0.01913	0.01315	0.00598	0.00359	0.00120	0.00239	0.00478	0.84816	0.00478
4	0.01270	0.01219	0.02083	0.03149	0.78767	0.01219	0.01575	0.01575	0.01168	0.01676	0.00965	0.01270	0.00813	0.00457	0.00508	0.00152	0.00610	0.00457	0.00254	0.00813
5	0.01270	0.01219	0.02083	0.03149	0.78767	0.01219	0.01575	0.01575	0.01168	0.01676	0.00965	0.01270	0.00813	0.00457	0.00508	0.00152	0.00610	0.00457	0.00254	0.00813
6	0.00869	0.00638	0.00774	0.00806	0.00909	0.00648	0.00573	0.12880	0.05273	0.01658	0.02537	0.64716	0.02899	0.01403	0.00626	0.00198	0.00346	0.01255	0.00485	0.00510
7	0.01134	0.01056	0.01769	0.02636	0.62315	0.01050	0.01343	0.01393	0.01129	0.01599	0.01358	0.18215	0.01357	0.00700	0.00539	0.00164	0.00544	0.00668	0.00301	0.00729
8	0.01192	0.00702	0.00889	0.00746	0.00999	0.00622	0.00584	0.01481	0.05425	0.20901	0.40958	0.02819	0.05625	0.00831	0.00543	0.00148	0.00321	0.00715	0.00536	0.13963
9	0.01597	0.01699	0.17903	0.01265	0.01702	0.11736	0.05359	0.23898	0.16417	0.09587	0.01328	0.01348	0.00961	0.00590	0.00532	0.00160	0.02261	0.00463	0.00411	0.00784
10	0.14415	0.01017	0.05153	0.00784	0.01234	0.00785	0.00668	0.01344	0.01035	0.01769	0.00881	0.01029	0.00722	0.00401	0.00376	0.00094	0.00403	0.00304	0.00302	0.67288
11	0.01605	0.22502	0.13550	0.01118	0.02913	0.10433	0.01032	0.08147	0.09026	0.18886	0.02810	0.01301	0.00991	0.00567	0.00493	0.00147	0.02938	0.00418	0.00379	0.00744
12	0.01329	0.00989	0.01165	0.03712	0.01367	0.00864	0.00715	0.11732	0.05653	0.10434	0.01145	0.01221	0.00875	0.00463	0.00426	0.00105	0.00424	0.00370	0.00378	0.56636
13	0.00763	0.00559	0.00758	0.00748	0.00833	0.00612	0.00553	0.03099	0.00916	0.01278	0.06755	0.04337	0.05407	0.20501	0.49809	0.00644	0.01006	0.00661	0.00323	0.00438
14	0.01274	0.00732	0.00892	0.00779	0.01020	0.00699	0.00608	0.01701	0.15418	0.24978	0.26464	0.05330	0.16125	0.00921	0.00565	0.00166	0.00335	0.00784	0.00560	0.00650
15	0.00635	0.00469	0.00574	0.00653	0.00711	0.00430	0.00437	0.00723	0.00996	0.01289	0.03213	0.55167	0.19991	0.11131	0.00878	0.00235	0.00313	0.01290	0.00457	0.00408
16	0.01241	0.01190	0.02031	0.10490	0.71648	0.01212	0.01561	0.01550	0.01155	0.01642	0.00960	0.01279	0.00801	0.00462	0.00508	0.00154	0.00617	0.00457	0.00252	0.00790
17	0.01123	0.01123	0.01572	0.01347	0.01347	0.01572	0.01123	0.01235	0.00786	0.01235	0.00674	0.01123	0.00674	0.00898	0.01684	0.00225	0.81028	0.00449	0.00225	0.00561
18	0.00737	0.00535	0.00752	0.00752	0.00818	0.00602	0.00550	0.00869	0.00803	0.01137	0.01441	0.02386	0.01443	0.25388	0.58614	0.00734	0.01133	0.00604	0.00285	0.00418
19	0.01270	0.01219	0.02083	0.03149	0.78767	0.01219	0.01575	0.01575	0.01168	0.01676	0.00965	0.01270	0.00813	0.00457	0.00508	0.00152	0.00610	0.00457	0.00254	0.00813
20	0.01372	0.82276	0.02689	0.00878	0.01317	0.02030	0.00878	0.01536	0.01043	0.01207	0.00713	0.00823	0.00658	0.00439	0.00329	0.00110	0.00549	0.00274	0.00219	0.00658
21	0.85592	0.00992	0.00754	0.00675	0.00992	0.01151	0.00556	0.01508	0.00873	0.02302	0.00714	0.00834	0.00556	0.00476	0.00318	0.00159	0.00397	0.00278	0.00318	0.00556
22	0.01421	0.58070	0.09284	0.01011	0.01470	0.01745	0.04973	0.01715	0.05463	0.09201	0.00960	0.01031	0.00778	0.00477	0.00388	0.00126	0.00565	0.00343	0.00281	0.00700
23	0.00742	0.00515	0.00649	0.00649	0.00680	0.00546	0.00422	0.00803	0.00773	0.01061	0.01535	0.02906	0.01669	0.55658	0.28652	0.00608	0.00793	0.00680	0.00299	0.00360
24	0.01313	0.01440	0.01543	0.01341	0.01405	0.20383	0.01091	0.01430	0.00946	0.01240	0.00702	0.01075	0.00671	0.00809	0.01391	0.00202	0.61793	0.00421	0.00234	0.00569
25	0.01270	0.01219	0.02083	0.03149	0.78767	0.01219	0.01575	0.01575	0.01168	0.01676	0.00965	0.01270	0.00813	0.00457	0.00508	0.00152	0.00610	0.00457	0.00254	0.00813
26	0.01387	0.80074	0.02655	0.00890	0.01324	0.04179	0.00881	0.01551	0.01054	0.01209	0.00716	0.00826	0.00659	0.00441	0.00333	0.00110	0.00559	0.00276	0.00221	0.00657
27	0.00733	0.00550	0.00825	0.00825	0.00916	0.00641	0.00641	0.00916	0.00825	0.01191	0.01374	0.02016	0.01283	0.03848	0.79934	0.00825	0.01374	0.00550	0.00275	0.00458
28	0.01397	0.75690	0.04341	0.00918	0.01353	0.06687	0.00908	0.01569	0.01068	0.01220	0.00723	0.00835	0.00658	0.00445	0.00341	0.00112	0.00576	0.00280	0.00222	0.00657
29	0.00969	0.00912	0.01539	0.80734	0.03534	0.01140	0.01425	0.01311	0.01026	0.01311	0.00912	0.01368	0.00684	0.00513	0.00513	0.00171	0.00684	0.00456	0.00228	0.00570
30	0.01213	0.01379	0.03001	0.02190	0.04823	0.01295	0.74783	0.01642	0.01210	0.01645	0.01036	0.01381	0.00780	0.00433	0.00603	0.00172	0.00858	0.00601	0.00259	0.00695
31	0.00889	0.00631	0.00795	0.00865	0.00964	0.00586	0.00641	0.01027	0.02641	0.03206	0.13038	0.42485	0.07835	0.01500	0.00712	0.00231	0.00391	0.20492	0.00536	0.00536
32	0.01591	0.01238	0.01322	0.01098	0.01442	0.01395	0.00880	0.34222	0.43723	0.04773	0.01724	0.01620	0.01264	0.00660	0.00518	0.00165	0.00474	0.00528	0.00522	0.00839
33	0.01236	0.00761	0.01107	0.01254	0.17357	0.00714	0.00787	0.01486	0.02639	0.21230	0.34637	0.09988	0.02907	0.00867	0.00566	0.00163	0.00376	0.00769	0.00508	0.00650
34	0.11321	0.01495	0.04419	0.01083	0.01425	0.20161	0.00882	0.13916	0.24263	0.11363	0.01395	0.01367	0.01027	0.00593	0.00477	0.00154	0.00572	0.00443	0.00430	0.03214
35	0.01951	0.01437	0.01540	0.01181	0.01591	0.01591	0.00975	0.77056	0.02412	0.03234	0.01232	0.01232	0.00873	0.00616	0.00513	0.00154	0.00565	0.00462	0.00513	0.00873
36	0.00770	0.00556	0.00746	0.00843	0.00946	0.00543	0.00697	0.00961	0.01130	0.01467	0.04518	0.16963	0.09678	0.06264	0.00804	0.00241	0.00424	0.51536	0.00466	0.00451
37	0.00902	0.00712	0.01113	0.00924	0.01123	0.00680	0.12595	0.01152	0.01348	0.06337	0.49508	0.03306	0.12027	0.00948	0.00657	0.00168	0.04626	0.00845	0.00493	0.00538
38	0.01656	0.01899	0.01335	0.01209	0.01484	0.47929	0.00919	0.02324	0.32519	0.01618	0.01320	0.01328	0.01029	0.00597	0.00487	0.00149	0.00714	0.00432	0.00369	0.00683
39	0.00746	0.00497	0.00560	0.00560	0.00560	0.00497	0.00311	0.00746	0.00746	0.00995	0.01617	0.03358	0.01865	0.81967	0.02612	0.00497	0.00497	0.00746	0.00311	0.00311
40	0.00804	0.00574	0.00801	0.00919	0.01027	0.00571	0.00787	0.01024	0.01159	0.01510	0.02729	0.14352	0.03003	0.01439	0.00703	0.00233	0.00453	0.66973	0.00473	0.00466
41	0.00969	0.00912	0.01539	0.80734	0.03534	0.01140	0.01425	0.01311	0.01026	0.01311	0.00912	0.01368	0.00684	0.00513	0.00513	0.00171	0.00684	0.00456	0.00228	0.00570
42	0.01415	0.75931	0.02591	0.00913	0.01338	0.08220	0.00887	0.01577	0.01075	0.01211	0.00720	0.00831	0.00659	0.00446	0.00340	0.00112	0.00579	0.00279	0.00223	0.00653
43	0.01064	0.00912	0.01064	0.00760	0.01216	0.00684	0.00608	0.01292	0.01064	0.01672	0.00912	0.01064	0.00760	0.00380	0.00380	0.00076	0.00380	0.00304	0.00304	0.85104
44	0.01563	0.01142	0.01246	0.01055	0.01386	0.01271	0.00839	0.18612	0.51095	0.13056	0.01896	0.01745	0.01377	0.00670	0.00519	0.00168	0.00444	0.00546	0.00536	0.00834
45	0.85592	0.00992	0.00754	0.00675	0.00992	0.01151	0.00556	0.01508	0.00873	0.02302	0.00714	0.00834	0.00556	0.00476	0.00318	0.00159	0.00397	0.00278	0.00318	0.00556
46	0.01337	0.74224	0.10438	0.00937	0.01408	0.01945	0.00981	0.01545	0.01047	0.01249	0.00734	0.00849	0.00658	0.00444	0.00345	0.00115	0.00570	0.00285	0.00219	0.00669
47	0.00623	0.00454	0.00588	0.00695	0.00739	0.00418	0.00468	0.00717	0.01001	0.01317	0.03060	0.74122	0.10755	0.01577	0.00650	0.00205	0.00294	0.01422	0.00476	0.00418
48	0.01064	0.00912	0.01064	0.00760	0.01216	0.00684	0.00608	0.01292	0.01064	0.01672	0.00912	0.01064	0.00760	0.00380	0.00380	0.00076	0.00380	0.00304	0.00304	0.85104
49	0.00859	0.00462	0.00675	0.00675	0.00686	0.00473	0.00455	0.00704	0.00694	0.00935	0.01017	0.01787	0.01031	0.09868	0.10864	0.67276	0.00556	0.00487	0.00237	0.00258
50	0.01029	0.02654	0.79309	0.01462	0.02221	0.01192	0.01896	0.01625	0.01083	0.01625	0.00921	0.01083	0.00650	0.00487	0.00487	0.00162	0.00758	0.00379	0.00217	0.00758
51	0.01029	0.02654	0.79309	0.01462	0.02221	0.01192	0.01896	0.01625	0.01083	0.01625	0.00921	0.01083	0.00650	0.00487	0.00487	0.00162	0.00758	0.00379	0.00217	0.00758
52	0.01372	0.82276	0.02689	0.00878	0.01317	0.02030	0.00878	0.01536	0.01043	0.01207	0.00713	0.00823	0.00658	0.00439	0.00329	0.00110	0.00549	0.00274	0.00219	0.00658
53	0.01132	0.00910	0.01081	0.02490	0.01271	0.00698	0.00634	0.01361	0.01086	0.06077	0.00975	0.01109	0.00787	0.00397	0.00391	0.00083	0.00390	0.00319	0.00321	0.78486
54	0.01417	0.15167	0.03016	0.00828	0.01133	0.00944	0.00705	0.05915	0.04488	0.26342	0.12685	0.08063	0.13940	0.00844	0.00523	0.00158	0.00406	0.02266	0.00492	0.00668
55	0.80838	0.01018	0.00799	0.00704	0.01026	0.01176	0.00580	0.05802	0.00961	0.02355	0.00744	0.00856	0.00574	0.00484	0.00329	0.00158	0.00406	0.00288	0.00329	0.00574
56	0.01401	0.04484	0.06615	0.04623	0.16229	0.03786	0.00973	0.08186	0.03657	0.19075	0.21954	0.02097	0.03308	0.00696	0.00528	0.00156	0.00479	0.00593	0.00451	0.00709
57	0.01428	0.77389	0.02599	0.00880	0.01317	0.01954	0.00871	0.01594	0.01068	0.05885	0.00792	0.00879	0.00695	0.00451	0.00340	0.00113	0.00542	0.00289	0.00244	0.00671
58	0.00726	0.00524	0.00686	0.00646	0.00767	0.00484	0.00484	0.00968	0.01452	0.02058	0.78496	0.03833	0.04841	0.01049	0.00605	0.00161	0.00242	0.00928	0.00565	0.00484
59	0.00659	0.00486	0.00618	0.00670	0.00753	0.00445	0.00477	0.00806	0.01161	0.01556	0.26131	0.43446	0.15698	0.01383	0.00634	0.00190	0.00281	0.03660	0.00503	0.00442
60	0.01123	0.01123	0.01572	0.01347	0.01347	0.01572	0.01123	0.01235	0.00786	0.01235	0.00674	0.01123	0.00674	0.00898	0.01684	0.00225	0.81028	0.00449	0.00225	0.00561
61	0.00722	0.00497	0.00601	0.00608	0.00646	0.00481	0.00385	0.00804	0.00981	0.01342	0.23395	0.15547	0.02937	0.46865	0.01747	0.00359	0.00395	0.00907	0.00408	0.00376
62	0.05243	0.05216	0.01310	0.01019	0.02964	0.07246	0.02813	0.23133	0.01494	0.07394	0.01352	0.13548	0.01213	0.00676	0.00480	0.00139	0.00494	0.00553	0.00405	0.23311
63	0.06158	0.77657	0.02579	0.00866	0.01298	0.01980	0.00860	0.01535	0.01033	0.01269	0.00713	0.00824	0.00653	0.00441	0.00329	0.00113	0.00540	0.00275	0.00225	0.00653
64	0.04943	0.00758	0.00995	0.00853	0.01111	0.00741	0.00679	0.03548	0.05592	0.36757	0.10470	0.06552	0.01776	0.01557	0.20887	0.00333	0.00647	0.00617	0.00504	0.00681
65	0.05023	0.00829	0.01066	0.00986	0.07270	0.00762	0.00706	0.04387	0.04830	0.25854	0.20445	0.05600	0.02100	0.02900	0.00568	0.00157	0.00390	0.00615	0.00493	0.15020
66	0.03944	0.01235	0.01681	0.01294	0.01694	0.01294	0.16896	0.28358	0.19684	0.16149	0.01520	0.01506	0.01078	0.00596	0.00530	0.00164	0.00563	0.00525	0.00478	0.00812
67	0.00694	0.00475	0.00575	0.00627	0.00640	0.00462	0.00383	0.00732	0.00849	0.01132	0.02143	0.37397	0.02530	0.47022	0.01761	0.00372	0.00411	0.01056	0.00383	0.00357
68	0.20124	0.13556	0.01534	0.01161	0.05768	0.01272	0.09875	0.04687	0.21864	0.01910	0.03084	0.03987	0.02564	0.00654	0.00476	0.00164	0.00494	0.05780	0.00378	0.00671
69	0.01234	0.01182	0.02018	0.12411	0.69786	0.01210	0.01557	0.01543	0.01151	0.01633	0.00959	0.01282	0.00797	0.00464	0.00509	0.00155	0.00618	0.00457	0.00251	0.00784
70	0.00933	0.00841	0.01144	0.01042	0.01050	0.01090	0.00811	0.01019	0.00820	0.01200	0.01335	0.18575	0.01503	0.17785	0.03083	0.00288	0.45982	0.00725	0.00296	0.00477
71	0.00666	0.00476	0.00642	0.00757	0.00806	0.00452	0.00544	0.00787	0.01031	0.01370	0.04497	0.65255	0.03341	0.01558	0.00664	0.00213	0.00330	0.15702	0.00478	0.00429
72	0.05901	0.01059	0.01799	0.43375	0.29081	0.01180	0.07426	0.01439	0.01081	0.01519	0.00929	0.01305	0.00728	0.00485	0.00508	0.00164	0.00657	0.00458	0.00244	0.00662
73	0.01249	0.01197	0.02044	0.08633	0.73449	0.01214	0.01564	0.01556	0.01158	0.01650	0.00961	0.01277	0.00804	0.00461	0.00508	0.00154	0.00615	0.00457	0.00252	0.00796
74	0.01342	0.41889	0.27138	0.01140	0.01651	0.09254	0.01229	0.06140	0.01171	0.01469	0.00818	0.00949	0.00669	0.00486	0.00440	0.00135	0.02814	0.00329	0.00241	0.00695
75	0.00858	0.00718	0.00880	0.00953	0.08534	0.00690	0.00652	0.01255	0.13878	0.01673	0.14677	0.09090	0.28819	0.01036	0.00577	0.00170	0.00346	0.07311	0.00461	0.07420

[dist]
# distance from previous block
# <min> <max>
0	1

[block]
# block no. 4 follows, 48 sequences, length 30
# corresponding to MSA columns:
# 327-356
name=unknown_E
#
# <colnr> <probs for GDERKNQSTAVLIFYWHMCP>
#	G	D	E	R	K	N	Q	S	T	A	V	L	I	F	Y	W	H	M	C	P
0	0.01152	0.01082	0.01230	0.08870	0.07717	0.08293	0.00802	0.01388	0.01106	0.01597	0.00905	0.01097	0.00747	0.00413	0.00411	0.00097	0.00480	0.00334	0.00289	0.61988
1	0.00825	0.00618	0.00778	0.00842	0.00955	0.00633	0.00662	0.01182	0.12759	0.01523	0.04035	0.24518	0.05647	0.08993	0.00841	0.00241	0.00407	0.33580	0.00468	0.00493
2	0.00651	0.00459	0.00594	0.00692	0.00719	0.00435	0.00455	0.00728	0.00945	0.01259	0.02609	0.65886	0.03110	0.15969	0.01006	0.00261	0.00337	0.03039	0.00447	0.00399
3	0.00726	0.00528	0.00686	0.00664	0.00786	0.00488	0.00506	0.00958	0.01405	0.01962	0.66731	0.05800	0.08657	0.01105	0.00615	0.00169	0.00263	0.06923	0.00551	0.00479
4	0.00791	0.00565	0.00785	0.00904	0.01006	0.00560	0.00764	0.01001	0.01146	0.01495	0.02737	0.19347	0.03032	0.01451	0.00699	0.00231	0.00441	0.62110	0.00473	0.00463
5	0.00737	0.00493	0.00562	0.00572	0.00574	0.00491	0.00324	0.00744	0.00765	0.01020	0.01713	0.09612	0.01988	0.75547	0.02455	0.00474	0.00481	0.00803	0.00324	0.00319
6	0.00821	0.00679	0.00993	0.00943	0.01014	0.00852	0.00750	0.00988	0.00816	0.01201	0.01216	0.01814	0.01145	0.03182	0.62251	0.00689	0.19374	0.00527	0.00263	0.00481
7	0.01205	0.00755	0.00921	0.00810	0.01035	0.00757	0.00630	0.01769	0.22364	0.18143	0.41645	0.02873	0.03201	0.00866	0.00564	0.00164	0.00328	0.00747	0.00568	0.00655
8	0.01302	0.01336	0.01173	0.00920	0.01320	0.22382	0.00718	0.01532	0.02945	0.01569	0.00907	0.01046	0.00752	0.00428	0.00406	0.00094	0.00530	0.00318	0.00298	0.60026
9	0.00891	0.00446	0.00668	0.00668	0.00668	0.00446	0.00446	0.00668	0.00668	0.00891	0.00891	0.01560	0.00891	0.01783	0.02005	0.85071	0.00446	0.00446	0.00223	0.00223
10	0.00956	0.00478	0.00478	0.00478	0.00598	0.00478	0.00359	0.01196	0.01076	0.01913	0.01674	0.01913	0.01315	0.00598	0.00359	0.00120	0.00239	0.00478	0.84816	0.00478
11	0.85592	0.00992	0.00754	0.00675	0.00992	0.01151	0.00556	0.01508	0.00873	0.02302	0.00714	0.00834	0.00556	0.00476	0.00318	0.00159	0.00397	0.00278	0.00318	0.00556
12	0.00744	0.00508	0.00613	0.00613	0.00632	0.00527	0.00378	0.00781	0.00762	0.01035	0.01568	0.03087	0.01748	0.66199	0.18219	0.00563	0.00674	0.00707	0.00304	0.00341
13	0.00956	0.00478	0.00478	0.00478	0.00598	0.00478	0.00359	0.01196	0.01076	0.01913	0.01674	0.01913	0.01315	0.00598	0.00359	0.00120	0.00239	0.00478	0.84816	0.00478
14	0.01270	0.01219	0.02083	0.03149	0.78767	0.01219	0.01575	0.01575	0.01168	0.01676	0.00965	0.01270	0.00813	0.00457	0.00508	0.00152	0.00610	0.00457	0.00254	0.00813
15	0.01105	0.01023	0.01555	0.28411	0.29779	0.01127	0.01249	0.01644	0.17100	0.01624	0.01598	0.01798	0.08572	0.00608	0.00522	0.00165	0.00558	0.00544	0.00323	0.00694
16	0.00698	0.00505	0.00669	0.00760	0.00837	0.00479	0.00575	0.00849	0.01100	0.01453	0.10404	0.43162	0.09419	0.02901	0.00697	0.00215	0.00346	0.24011	0.00481	0.00440
17	0.01246	0.01195	0.02039	0.09348	0.72756	0.01213	0.01563	0.01554	0.01157	0.01647	0.00961	0.01278	0.00802	0.00462	0.00508	0.00154	0.00616	0.00457	0.00252	0.00793
18	0.01064	0.00912	0.01064	0.00760	0.01216	0.00684	0.00608	0.01292	0.01064	0.01672	0.00912	0.01064	0.00760	0.00380	0.00380	0.00076	0.00380	0.00304	0.00304	0.85104
19	0.01132	0.34743	0.26533	0.01085	0.01528	0.01435	0.04352	0.01412	0.00996	0.01322	0.00952	0.01398	0.00877	0.15053	0.00870	0.00204	0.04830	0.00415	0.00237	0.00624
20	0.00736	0.00536	0.00755	0.00755	0.00823	0.00604	0.00555	0.00872	0.00804	0.01140	0.01438	0.02367	0.01435	0.24270	0.59721	0.00739	0.01145	0.00601	0.00284	0.00420
21	0.18931	0.01338	0.01361	0.01067	0.01455	0.03064	0.00879	0.56296	0.02031	0.06974	0.01159	0.01172	0.00825	0.00587	0.00473	0.00155	0.00531	0.00425	0.00475	0.00803
22	0.07853	0.07630	0.01702	0.01989	0.38818	0.02453	0.01152	0.05693	0.01268	0.19690	0.01291	0.04805	0.01033	0.00573	0.00490	0.00154	0.00536	0.01727	0.00371	0.00772
23	0.02001	0.00803	0.01078	0.00862	0.01205	0.00695	0.00698	0.02183	0.01397	0.65218	0.02359	0.09859	0.07695	0.00784	0.00537	0.00165	0.00409	0.00654	0.00607	0.00793
24	0.02292	0.00889	0.01201	0.00921	0.01318	0.00778	0.00760	0.04621	0.01495	0.76964	0.02002	0.01732	0.01259	0.00635	0.00516	0.00159	0.00440	0.00514	0.00632	0.00873
25	0.01264	0.01090	0.01252	0.15299	0.01744	0.01272	0.00932	0.07199	0.59313	0.02066	0.01824	0.01773	0.01364	0.00658	0.00520	0.00172	0.00466	0.00550	0.00469	0.00773
26	0.01044	0.06163	0.75933	0.01437	0.02181	0.01229	0.01851	0.01621	0.01082	0.01607	0.00912	0.01072	0.00650	0.00485	0.00481	0.00160	0.00749	0.00375	0.00217	0.00754
27	0.00692	0.00529	0.00718	0.00779	0.00819	0.00555	0.00554	0.00806	0.00995	0.01364	0.09683	0.59925	0.03094	0.01665	0.07128	0.00255	0.08318	0.01236	0.00444	0.00441
28	0.09580	0.01203	0.01938	0.02854	0.69093	0.01222	0.01459	0.03550	0.01172	0.01779	0.00948	0.01226	0.00789	0.00463	0.00489	0.00153	0.00587	0.00440	0.00267	0.00789
29	0.30275	0.09179	0.07486	0.00907	0.01297	0.02448	0.00806	0.08273	0.14200	0.09436	0.01157	0.01185	0.00865	0.00528	0.00412	0.00147	0.00467	0.00379	0.00379	0.10173

[dist]
# distance from previous block
# <min> <max>
0	2

[block]
# block no. 5 follows, 48 sequences, length 33
# corresponding to MSA columns:
# 359-391
name=unknown_F
#
# <colnr> <probs for GDERKNQSTAVLIFYWHMCP>
#	G	D	E	R	K	N	Q	S	T	A	V	L	I	F	Y	W	H	M	C	P
0	0.42129	0.04402	0.01315	0.14107	0.19446	0.05992	0.00971	0.01521	0.01013	0.01876	0.00813	0.01030	0.00651	0.00477	0.00404	0.00154	0.00530	0.00351	0.00281	0.02536
1	0.00767	0.00595	0.00868	0.00848	0.00925	0.00710	0.00656	0.00930	0.00815	0.01179	0.01334	0.02046	0.01277	0.09828	0.67053	0.00747	0.08136	0.00557	0.00273	0.00455
2	0.00682	0.00508	0.00634	0.00634	0.00747	0.00460	0.00463	0.00870	0.01301	0.01771	0.48439	0.19559	0.19620	0.01211	0.00615	0.00173	0.00257	0.01065	0.00529	0.00460
3	0.00627	0.00467	0.00585	0.00678	0.00742	0.00426	0.00467	0.00730	0.01030	0.01334	0.03356	0.62234	0.20224	0.01533	0.00646	0.00201	0.00294	0.03530	0.00476	0.00422
4	0.08678	0.00882	0.01157	0.00895	0.01286	0.00785	0.00739	0.02425	0.01423	0.73242	0.01924	0.01677	0.01215	0.00623	0.00501	0.00159	0.00434	0.00498	0.00611	0.00849
5	0.06334	0.00879	0.01170	0.00901	0.01294	0.00773	0.00745	0.02453	0.01440	0.75403	0.01961	0.01702	0.01236	0.00627	0.00506	0.00159	0.00435	0.00504	0.00620	0.00858
6	0.00781	0.00576	0.00763	0.00856	0.00986	0.00558	0.00736	0.00995	0.01179	0.01504	0.03234	0.05611	0.18714	0.01393	0.00687	0.00223	0.00428	0.59838	0.00473	0.00464
7	0.01550	0.56170	0.02285	0.01023	0.01405	0.27498	0.00915	0.01704	0.01177	0.01223	0.00739	0.00857	0.00659	0.00468	0.00373	0.00117	0.00672	0.00293	0.00234	0.00638
8	0.00757	0.00526	0.00678	0.00655	0.00776	0.00493	0.00501	0.00998	0.01393	0.01999	0.64537	0.03814	0.04337	0.01037	0.00590	0.00164	0.00262	0.07264	0.08739	0.00483
9	0.01247	0.10343	0.55638	0.01376	0.02001	0.17683	0.01608	0.01705	0.01157	0.01507	0.00874	0.01025	0.00653	0.00491	0.00467	0.00151	0.00773	0.00359	0.00227	0.00715
10	0.01026	0.00970	0.01641	0.66119	0.17706	0.01155	0.01453	0.01361	0.01053	0.01380	0.00922	0.01350	0.00708	0.00502	0.00512	0.00167	0.00670	0.00456	0.00233	0.00616
11	0.01139	0.01120	0.01889	0.01507	0.07700	0.01024	0.29542	0.01548	0.07596	0.01692	0.02879	0.01407	0.02352	0.00479	0.00534	0.00135	0.02931	0.00485	0.00308	0.33732
12	0.01093	0.02565	0.75405	0.01435	0.02175	0.01170	0.01839	0.01669	0.01103	0.05498	0.00976	0.01116	0.00681	0.00495	0.00489	0.00162	0.00742	0.00386	0.00238	0.00764
13	0.01917	0.02445	0.01454	0.01322	0.01586	0.79907	0.00991	0.02049	0.01454	0.01256	0.00793	0.00925	0.00661	0.00529	0.00463	0.00132	0.00925	0.00330	0.00264	0.00595
14	0.10205	0.01155	0.01241	0.00991	0.01363	0.07796	0.00806	0.17925	0.07452	0.43271	0.01631	0.01493	0.01088	0.00611	0.00492	0.00157	0.00499	0.00471	0.00538	0.00814
15	0.00948	0.00822	0.01161	0.00915	0.01250	0.00682	0.11362	0.01167	0.01111	0.03146	0.02176	0.12234	0.17430	0.00790	0.00513	0.00136	0.00419	0.04407	0.00370	0.38961
16	0.01181	0.00635	0.00774	0.00675	0.00909	0.00548	0.00529	0.01358	0.01330	0.26640	0.20627	0.03659	0.37052	0.01029	0.00577	0.00166	0.00313	0.00865	0.00548	0.00587
17	0.00969	0.00912	0.01539	0.80734	0.03534	0.01140	0.01425	0.01311	0.01026	0.01311	0.00912	0.01368	0.00684	0.00513	0.00513	0.00171	0.00684	0.00456	0.00228	0.00570
18	0.04666	0.01123	0.01874	0.24941	0.54326	0.01194	0.01490	0.01498	0.01116	0.01599	0.00940	0.01280	0.00766	0.00474	0.00502	0.00158	0.00622	0.00449	0.00249	0.00734
19	0.01051	0.00820	0.01372	0.12402	0.01680	0.00816	0.16638	0.01371	0.05029	0.09931	0.12864	0.17489	0.04027	0.00944	0.00602	0.00185	0.00507	0.11262	0.00427	0.00582
20	0.00741	0.00519	0.00669	0.00669	0.00707	0.00557	0.00448	0.00817	0.00779	0.01076	0.01516	0.02803	0.01624	0.49661	0.34589	0.00633	0.00860	0.00665	0.00296	0.00372
21	0.01917	0.02445	0.01454	0.01322	0.01586	0.79907	0.00991	0.02049	0.01454	0.01256	0.00793	0.00925	0.00661	0.00529	0.00463	0.00132	0.00925	0.00330	0.00264	0.00595
22	0.00621	0.00508	0.00549	0.00566	0.00709	0.00435	0.00414	0.00755	0.01165	0.01438	0.11905	0.18120	0.58375	0.01329	0.00615	0.00178	0.00265	0.01133	0.00485	0.00435
23	0.01276	0.01102	0.01160	0.01044	0.01334	0.01276	0.00812	0.02727	0.77840	0.02146	0.02088	0.01914	0.01566	0.00696	0.00522	0.00174	0.00406	0.00580	0.00522	0.00812
24	0.85592	0.00992	0.00754	0.00675	0.00992	0.01151	0.00556	0.01508	0.00873	0.02302	0.00714	0.00834	0.00556	0.00476	0.00318	0.00159	0.00397	0.00278	0.00318	0.00556
25	0.00746	0.00497	0.00560	0.00560	0.00560	0.00497	0.00311	0.00746	0.00746	0.00995	0.01617	0.03358	0.01865	0.81967	0.02612	0.00497	0.00497	0.00746	0.00311	0.00311
26	0.01064	0.00912	0.01064	0.00760	0.01216	0.00684	0.00608	0.01292	0.01064	0.01672	0.00912	0.01064	0.00760	0.00380	0.00380	0.00076	0.00380	0.00304	0.00304	0.85104
27	0.01276	0.01102	0.01160	0.01044	0.01334	0.01276	0.00812	0.02727	0.77840	0.02146	0.02088	0.01914	0.01566	0.00696	0.00522	0.00174	0.00406	0.00580	0.00522	0.00812
28	0.00634	0.00471	0.00595	0.00690	0.00755	0.00431	0.00481	0.00742	0.01034	0.01340	0.03307	0.60960	0.18781	0.01532	0.00648	0.00203	0.00301	0.06195	0.00476	0.00424
29	0.00674	0.00556	0.00664	0.00691	0.00793	0.00546	0.00514	0.00793	0.01066	0.01351	0.03782	0.32193	0.40183	0.01377	0.00734	0.00194	0.08128	0.04866	0.00452	0.00442
30	0.00734	0.00547	0.00813	0.00813	0.00900	0.00635	0.00627	0.00909	0.00821	0.01182	0.01385	0.02075	0.01309	0.07323	0.76495	0.00810	0.01335	0.00558	0.00276	0.00452
31	0.00730	0.00511	0.00611	0.00611	0.00647	0.00521	0.00387	0.00781	0.00804	0.01074	0.01914	0.03231	0.09192	0.57848	0.18536	0.00534	0.00657	0.00738	0.00319	0.00353
32	0.01029	0.02654	0.79309	0.01462	0.02221	0.01192	0.01896	0.01625	0.01083	0.01625	0.00921	0.01083	0.00650	0.00487	0.00487	0.00162	0.00758	0.00379	0.00217	0.00758

[dist]
# distance from previous block
# <min> <max>
0	22

[block]
# block no. 6 follows, 48 sequences, length 28
# corresponding to MSA columns:
# 414-441
name=unknown_G
#
# <colnr> <probs for GDERKNQSTAVLIFYWHMCP>
#	G	D	E	R	K	N	Q	S	T	A	V	L	I	F	Y	W	H	M	C	P
0	0.05205	0.06707	0.01491	0.07760	0.01691	0.58776	0.00989	0.04441	0.01404	0.05740	0.00879	0.01008	0.00700	0.00529	0.00458	0.00137	0.00823	0.00350	0.00290	0.00620
1	0.85592	0.00992	0.00754	0.00675	0.00992	0.01151	0.00556	0.01508	0.00873	0.02302	0.00714	0.00834	0.00556	0.00476	0.00318	0.00159	0.00397	0.00278	0.00318	0.00556
2	0.01149	0.01202	0.05187	0.18940	0.40289	0.01171	0.16565	0.01486	0.01133	0.01570	0.01073	0.05904	0.00920	0.00531	0.00536	0.00164	0.00664	0.00541	0.00261	0.00713
3	0.00809	0.00554	0.00740	0.00794	0.00906	0.00519	0.00616	0.00979	0.01127	0.04790	0.11658	0.34751	0.03119	0.03974	0.00710	0.00212	0.00370	0.27589	0.00477	0.05306
4	0.01187	0.01135	0.01933	0.24450	0.58112	0.01197	0.01534	0.01502	0.01129	0.01576	0.00951	0.01297	0.00777	0.00473	0.00509	0.00158	0.00630	0.00457	0.00247	0.00746
5	0.00966	0.00859	0.01388	0.05842	0.01432	0.00964	0.15482	0.04608	0.00968	0.01348	0.01259	0.03335	0.01229	0.21078	0.21383	0.00426	0.14735	0.01901	0.00287	0.00511
6	0.01179	0.01011	0.01097	0.00965	0.01244	0.01122	0.00756	0.05223	0.52269	0.01983	0.02220	0.02129	0.10506	0.00845	0.03191	0.00187	0.03856	0.00601	0.00474	0.09144
7	0.00738	0.00528	0.00716	0.00716	0.00770	0.00582	0.00506	0.00847	0.00793	0.01111	0.01474	0.02565	0.01521	0.35824	0.48284	0.00691	0.01015	0.00630	0.00290	0.00398
8	0.01084	0.15452	0.66993	0.01369	0.02075	0.01326	0.01732	0.01611	0.01077	0.01558	0.00887	0.01041	0.00651	0.00480	0.00462	0.00154	0.00725	0.00362	0.00217	0.00742
9	0.80826	0.01018	0.00799	0.00704	0.01026	0.01176	0.00580	0.05813	0.00961	0.02355	0.00744	0.00856	0.00574	0.00484	0.00329	0.00158	0.00406	0.00288	0.00329	0.00574
10	0.01149	0.30430	0.52580	0.01259	0.01905	0.01484	0.01541	0.01594	0.01069	0.01479	0.00848	0.00993	0.00653	0.00471	0.00432	0.00144	0.00685	0.00343	0.00218	0.00723
11	0.01847	0.02281	0.01618	0.01399	0.01697	0.67508	0.08655	0.06282	0.01484	0.01408	0.00843	0.00989	0.00685	0.00524	0.00480	0.00138	0.00899	0.00366	0.00278	0.00620
12	0.01687	0.01916	0.01352	0.01215	0.01495	0.48079	0.00926	0.05543	0.29120	0.01664	0.01281	0.01296	0.00998	0.00593	0.00486	0.00148	0.00722	0.00426	0.00368	0.00685
13	0.01253	0.01202	0.02052	0.07558	0.74491	0.01215	0.01566	0.01560	0.01160	0.01656	0.00962	0.01276	0.00805	0.00460	0.00508	0.00153	0.00614	0.00457	0.00253	0.00799
14	0.01456	0.39656	0.27037	0.01073	0.01606	0.01494	0.01180	0.01766	0.01145	0.17606	0.01054	0.01100	0.00783	0.00496	0.00419	0.00137	0.00593	0.00359	0.00305	0.00735
15	0.43273	0.00932	0.00976	0.00796	0.01154	0.00949	0.00657	0.02012	0.01176	0.41334	0.01380	0.01297	0.00919	0.00557	0.00418	0.00159	0.00417	0.00399	0.00479	0.00717
16	0.00615	0.00488	0.00553	0.00604	0.00715	0.00426	0.00427	0.00727	0.01089	0.01353	0.04172	0.38125	0.46033	0.01433	0.00627	0.00188	0.00276	0.01246	0.00476	0.00426
17	0.00800	0.00546	0.00696	0.00670	0.00811	0.00498	0.00515	0.01015	0.01363	0.06201	0.52385	0.07549	0.16119	0.01124	0.00612	0.00172	0.00279	0.07610	0.00543	0.00494
18	0.05858	0.01137	0.06896	0.01004	0.01426	0.00997	0.00879	0.19591	0.01632	0.52578	0.01703	0.01539	0.01102	0.00613	0.00504	0.00158	0.00488	0.00483	0.00563	0.00851
19	0.00746	0.00497	0.00560	0.00560	0.00560	0.00497	0.00311	0.00746	0.00746	0.00995	0.01617	0.03358	0.01865	0.81967	0.02612	0.00497	0.00497	0.00746	0.00311	0.00311
20	0.00800	0.00577	0.00792	0.00894	0.01012	0.00568	0.00768	0.01025	0.01188	0.01547	0.07196	0.08844	0.07328	0.01398	0.00695	0.00227	0.00440	0.63755	0.00478	0.00469
21	0.01034	0.04372	0.01516	0.13870	0.33507	0.01025	0.01138	0.01332	0.05457	0.01502	0.01545	0.24860	0.01581	0.00835	0.00595	0.00174	0.03938	0.00750	0.00328	0.00643
22	0.01689	0.35742	0.01969	0.01137	0.01474	0.47426	0.00944	0.01835	0.01282	0.01236	0.00760	0.00883	0.00660	0.00491	0.00407	0.00123	0.00768	0.00307	0.00246	0.00621
23	0.01064	0.00912	0.01064	0.00760	0.01216	0.00684	0.00608	0.01292	0.01064	0.01672	0.00912	0.01064	0.00760	0.00380	0.00380	0.00076	0.00380	0.00304	0.00304	0.85104
24	0.01834	0.05357	0.04566	0.01144	0.01501	0.25685	0.00940	0.19277	0.14627	0.17879	0.01368	0.01334	0.00988	0.00593	0.00490	0.00150	0.00630	0.00440	0.00437	0.00762
25	0.01862	0.01058	0.05718	0.01004	0.01391	0.00929	0.04046	0.16619	0.02822	0.44378	0.05404	0.03248	0.07722	0.00704	0.00531	0.00161	0.00472	0.00583	0.00551	0.00797
26	0.01197	0.00912	0.01275	0.01412	0.22428	0.00795	0.00864	0.01433	0.01181	0.11163	0.09360	0.06210	0.03981	0.00602	0.00478	0.00127	0.00427	0.00528	0.00373	0.35253
27	0.01258	0.00902	0.01075	0.00797	0.01223	0.00716	0.00637	0.01536	0.04859	0.13935	0.01200	0.03521	0.00955	0.00471	0.00416	0.00098	0.00388	0.00384	0.00372	0.65256

[dist]
# distance from previous block
# <min> <max>
0	1

[block]
# block no. 7 follows, 48 sequences, length 127
# corresponding to MSA columns:
# 443-569
name=unknown_H
#
# <colnr> <probs for GDERKNQSTAVLIFYWHMCP>
#	G	D	E	R	K	N	Q	S	T	A	V	L	I	F	Y	W	H	M	C	P
0	0.01167	0.00977	0.01340	0.01235	0.11709	0.00879	0.07734	0.01601	0.13091	0.06900	0.01691	0.01753	0.10053	0.00569	0.00476	0.00127	0.00449	0.00501	0.00370	0.37377
1	0.01266	0.01231	0.02153	0.03076	0.73084	0.01225	0.07201	0.01580	0.01172	0.01674	0.00971	0.01278	0.00810	0.00455	0.00515	0.00154	0.00629	0.00468	0.00254	0.00804
2	0.01211	0.01282	0.08616	0.01409	0.14573	0.06799	0.08233	0.01497	0.01139	0.03979	0.00959	0.01142	0.00769	0.00427	0.00443	0.00113	0.00542	0.00374	0.00290	0.46204
3	0.01236	0.01183	0.02002	0.03014	0.74740	0.01179	0.01514	0.01531	0.01168	0.01661	0.01183	0.01459	0.04822	0.00501	0.00513	0.00153	0.00592	0.00489	0.00265	0.00793
4	0.01064	0.08902	0.70917	0.01467	0.04467	0.01259	0.01806	0.01616	0.01083	0.01594	0.00906	0.01068	0.00656	0.00483	0.00476	0.00158	0.00737	0.00373	0.00218	0.00752
5	0.01251	0.01262	0.17414	0.00968	0.01433	0.00839	0.02373	0.04158	0.03127	0.13535	0.01245	0.04873	0.01008	0.04307	0.00552	0.00139	0.00486	0.00442	0.00356	0.40233
6	0.01197	0.41663	0.41771	0.01176	0.01778	0.01603	0.01397	0.01582	0.01063	0.01420	0.00819	0.00956	0.00654	0.00464	0.00410	0.00137	0.00656	0.00328	0.00218	0.00709
7	0.00891	0.00446	0.00668	0.00668	0.00668	0.00446	0.00446	0.00668	0.00668	0.00891	0.00891	0.01560	0.00891	0.01783	0.02005	0.85071	0.00446	0.00446	0.00223	0.00223
8	0.02078	0.01233	0.01414	0.01084	0.01489	0.01288	0.00895	0.50090	0.02071	0.30682	0.01519	0.01418	0.01016	0.00623	0.00514	0.00156	0.00518	0.00482	0.00557	0.00873
9	0.02069	0.01081	0.01299	0.01014	0.01403	0.01084	0.00832	0.26479	0.10728	0.45715	0.01777	0.01601	0.01177	0.00636	0.00516	0.00159	0.00474	0.00506	0.00583	0.00866
10	0.01294	0.64296	0.19991	0.01010	0.01521	0.01841	0.01108	0.01556	0.01052	0.01302	0.00760	0.00882	0.00657	0.00450	0.00365	0.00122	0.00596	0.00298	0.00219	0.00681
11	0.01334	0.01109	0.01199	0.00992	0.01346	0.01173	0.00786	0.14952	0.44703	0.02205	0.01631	0.01573	0.01235	0.00599	0.00483	0.00145	0.00426	0.00487	0.00463	0.23159
12	0.01947	0.02139	0.01456	0.01267	0.01570	0.58729	0.00974	0.17716	0.01655	0.06438	0.00960	0.01040	0.00742	0.00553	0.00476	0.00138	0.00820	0.00369	0.00339	0.00670
13	0.01951	0.01437	0.01540	0.01181	0.01591	0.01591	0.00975	0.77056	0.02412	0.03234	0.01232	0.01232	0.00873	0.00616	0.00513	0.00154	0.00565	0.00462	0.00513	0.00873
14	0.01029	0.02654	0.79309	0.01462	0.02221	0.01192	0.01896	0.01625	0.01083	0.01625	0.00921	0.01083	0.00650	0.00487	0.00487	0.00162	0.00758	0.00379	0.00217	0.00758
15	0.00610	0.00520	0.00524	0.00523	0.00695	0.00435	0.00393	0.00743	0.01178	0.01405	0.07265	0.04907	0.76479	0.01292	0.00606	0.00173	0.00259	0.01079	0.00479	0.00435
16	0.00726	0.00524	0.00686	0.00646	0.00767	0.00484	0.00484	0.00968	0.01452	0.02058	0.78496	0.03833	0.04841	0.01049	0.00605	0.00161	0.00242	0.00928	0.00565	0.00484
17	0.01123	0.01123	0.01572	0.01347	0.01347	0.01572	0.01123	0.01235	0.00786	0.01235	0.00674	0.01123	0.00674	0.00898	0.01684	0.00225	0.81028	0.00449	0.00225	0.00561
18	0.00625	0.00447	0.00595	0.00714	0.00744	0.00417	0.00476	0.00714	0.00982	0.01310	0.02828	0.81633	0.03394	0.01608	0.00655	0.00208	0.00298	0.01459	0.00476	0.00417
19	0.04447	0.01104	0.01152	0.01033	0.01326	0.01277	0.00806	0.04075	0.73542	0.02173	0.02021	0.01861	0.01515	0.00686	0.00514	0.00173	0.00409	0.00567	0.00514	0.00804
20	0.01582	0.01291	0.01428	0.05027	0.09913	0.06354	0.00983	0.32412	0.24345	0.05015	0.05210	0.01568	0.01256	0.00634	0.00517	0.00160	0.00531	0.00512	0.00465	0.00798
21	0.11056	0.01296	0.02305	0.01861	0.10404	0.01292	0.42607	0.13428	0.01362	0.06319	0.01072	0.01301	0.00797	0.00488	0.00561	0.00166	0.02110	0.00522	0.00326	0.00725
22	0.45620	0.01651	0.01092	0.00979	0.01276	0.36030	0.00763	0.04395	0.01184	0.01872	0.00767	0.00888	0.00613	0.00504	0.00389	0.00147	0.00637	0.00308	0.00301	0.00584
