[name]
unknown

[dist]
# distance from previous block
# <min> <max>
0	34

[block]
# block no. 0 follows, 44 sequences, length 24
# corresponding to MSA columns:
# 34-57
name=unknown_A
#
# <colnr> <probs for GDERKNQSTAVLIFYWHMCP>
#	G	D	E	R	K	N	Q	S	T	A	V	L	I	F	Y	W	H	M	C	P
0	0.00879	0.00628	0.00879	0.01004	0.01130	0.00628	0.00879	0.01130	0.01255	0.01632	0.02887	0.06150	0.03138	0.01506	0.00753	0.00251	0.00502	0.73770	0.00502	0.00502
1	0.00772	0.00557	0.00729	0.00686	0.00814	0.00514	0.00514	0.01029	0.01543	0.02186	0.77152	0.04072	0.05144	0.01115	0.00643	0.00171	0.00257	0.00986	0.00600	0.00514
2	0.00793	0.00529	0.00595	0.00595	0.00595	0.00529	0.00330	0.00793	0.00793	0.01057	0.01718	0.03568	0.01982	0.80840	0.02775	0.00529	0.00529	0.00793	0.00330	0.00330
3	0.01349	0.01295	0.02213	0.03346	0.77440	0.01295	0.01673	0.01673	0.01241	0.01781	0.01025	0.01349	0.00864	0.00486	0.00540	0.00162	0.00648	0.00486	0.00270	0.00864
4	0.01016	0.00508	0.00508	0.00508	0.00635	0.00508	0.00381	0.01270	0.01143	0.02033	0.01778	0.02033	0.01397	0.00635	0.00381	0.00127	0.00254	0.00508	0.83867	0.00508
5	0.01287	0.01471	0.03217	0.02298	0.02849	0.01379	0.75460	0.01746	0.01287	0.01746	0.01103	0.01471	0.00827	0.00460	0.00643	0.00184	0.00919	0.00643	0.00276	0.00735
6	0.01112	0.02707	0.72736	0.01523	0.02295	0.01272	0.01935	0.01807	0.06329	0.01765	0.01064	0.01212	0.00758	0.00533	0.00520	0.00173	0.00780	0.00418	0.00253	0.00810
7	0.01458	0.81168	0.02857	0.00933	0.01399	0.02157	0.00933	0.01632	0.01108	0.01283	0.00758	0.00875	0.00700	0.00466	0.00350	0.00117	0.00583	0.00292	0.00233	0.00700
8	0.02072	0.01527	0.01636	0.01254	0.01691	0.01691	0.01036	0.75622	0.02563	0.03436	0.01309	0.01309	0.00927	0.00654	0.00545	0.00164	0.00600	0.00491	0.00545	0.00927
9	0.00792	0.00532	0.00613	0.00613	0.00619	0.00538	0.00353	0.00805	0.00798	0.01071	0.01701	0.03475	0.01942	0.75865	0.07696	0.00551	0.00589	0.00779	0.00328	0.00340
10	0.00705	0.00539	0.00800	0.00859	0.00924	0.00503	0.05365	0.00823	0.01060	0.01415	0.02882	0.75362	0.03426	0.01627	0.00692	0.00219	0.00355	0.01491	0.00491	0.00462
11	0.01286	0.01264	0.02254	0.16316	0.54330	0.01293	0.11957	0.01635	0.01222	0.01709	0.01027	0.01384	0.00835	0.00492	0.00555	0.00168	0.00699	0.00508	0.00266	0.00801
12	0.01234	0.02075	0.34374	0.01955	0.02602	0.04167	0.42075	0.01754	0.01240	0.01723	0.01041	0.01319	0.00766	0.00488	0.00585	0.00178	0.00874	0.00532	0.00257	0.00761
13	0.00792	0.00533	0.00619	0.00619	0.00628	0.00542	0.00361	0.00809	0.00800	0.01075	0.01695	0.03442	0.01927	0.74075	0.09465	0.00559	0.00611	0.00774	0.00327	0.00344
14	0.01301	0.01301	0.07042	0.13710	0.20813	0.01271	0.09976	0.03974	0.24674	0.03740	0.01476	0.03507	0.01154	0.00609	0.00556	0.00175	0.00614	0.00562	0.00377	0.03169
15	0.01466	0.01226	0.01294	0.01132	0.01459	0.01407	0.00889	0.14018	0.65155	0.02457	0.02080	0.01923	0.01551	0.00727	0.00553	0.00182	0.00457	0.00597	0.00553	0.00873
16	0.01383	0.01397	0.07267	0.05941	0.56168	0.01330	0.01565	0.08305	0.07702	0.01950	0.01146	0.01394	0.00919	0.00527	0.00540	0.00166	0.00639	0.00491	0.00314	0.00855
17	0.00743	0.00556	0.00690	0.00656	0.00797	0.00502	0.00492	0.00974	0.01477	0.02028	0.61260	0.04333	0.21135	0.01174	0.00643	0.00174	0.00261	0.01022	0.00579	0.00502
18	0.00780	0.00576	0.00732	0.00704	0.00834	0.00542	0.00523	0.01072	0.04752	0.02077	0.63067	0.11186	0.08758	0.01168	0.00644	0.00177	0.00271	0.01031	0.00584	0.00520
19	0.01919	0.01541	0.01719	0.01443	0.06926	0.06997	0.05261	0.57953	0.02284	0.03025	0.04557	0.01419	0.01085	0.00645	0.00551	0.00163	0.00633	0.00511	0.00495	0.00873
20	0.01189	0.00702	0.00739	0.00664	0.00849	0.00728	0.00516	0.15063	0.01446	0.02308	0.09018	0.02096	0.01674	0.00685	0.00437	0.00138	0.00319	0.00551	0.60289	0.00587
21	0.01145	0.14015	0.67276	0.01465	0.02222	0.01393	0.01860	0.01713	0.01145	0.01663	0.00947	0.01112	0.00692	0.00511	0.00494	0.00165	0.00774	0.00387	0.00231	0.00791
22	0.01203	0.01046	0.03188	0.01582	0.23195	0.05312	0.00959	0.04163	0.01160	0.05827	0.01489	0.03605	0.04025	0.16212	0.14316	0.00344	0.00725	0.00580	0.00337	0.10731
23	0.03816	0.01004	0.01183	0.00950	0.01303	0.06154	0.00767	0.06387	0.01592	0.51460	0.15483	0.02218	0.03684	0.00757	0.00559	0.00167	0.00465	0.00618	0.00616	0.00816

[dist]
# distance from previous block
# <min> <max>
0	19

[block]
# block no. 1 follows, 44 sequences, length 29
# corresponding to MSA columns:
# 77-105
name=unknown_B
#
# <colnr> <probs for GDERKNQSTAVLIFYWHMCP>
#	G	D	E	R	K	N	Q	S	T	A	V	L	I	F	Y	W	H	M	C	P
0	0.05491	0.08840	0.06561	0.01007	0.05315	0.00847	0.00774	0.01339	0.04620	0.10424	0.04952	0.41085	0.04270	0.01175	0.00594	0.00191	0.00421	0.01029	0.00462	0.00604
1	0.38061	0.01265	0.04912	0.11424	0.18573	0.03122	0.10229	0.01657	0.02761	0.02019	0.00930	0.01171	0.00728	0.00508	0.00462	0.00171	0.00601	0.00417	0.00302	0.00687
2	0.74396	0.01096	0.00946	0.00932	0.06525	0.01253	0.00691	0.05517	0.01036	0.02451	0.00807	0.00941	0.00628	0.00512	0.00363	0.00168	0.00447	0.00319	0.00344	0.00628
3	0.00878	0.00619	0.00765	0.00734	0.00806	0.00656	0.00502	0.06194	0.01011	0.01390	0.08366	0.03025	0.02005	0.44997	0.25170	0.00575	0.00789	0.00726	0.00358	0.00436
4	0.01872	0.02184	0.01514	0.01353	0.01609	0.58621	0.02583	0.03908	0.01469	0.05445	0.01072	0.06725	0.00953	0.00684	0.00627	0.00158	0.07795	0.00468	0.00321	0.00641
5	0.00768	0.00554	0.00725	0.00689	0.00814	0.00512	0.00514	0.01019	0.01525	0.02157	0.74429	0.06879	0.05088	0.01136	0.00645	0.00173	0.00259	0.01007	0.00597	0.00512
6	0.00798	0.00686	0.00907	0.00874	0.04445	0.00627	0.05867	0.01078	0.05309	0.01766	0.26573	0.04274	0.42429	0.01160	0.00634	0.00179	0.00341	0.01006	0.00510	0.00536
7	0.00889	0.00514	0.00556	0.00567	0.00631	0.00511	0.00370	0.01020	0.00984	0.01556	0.01859	0.09549	0.01842	0.35283	0.01440	0.00308	0.00378	0.00722	0.40594	0.00426
8	0.01093	0.02820	0.78016	0.01554	0.02360	0.01266	0.02014	0.01727	0.01151	0.01727	0.00978	0.01151	0.00691	0.00518	0.00518	0.00173	0.00806	0.00403	0.00230	0.00806
9	0.01516	0.73301	0.02725	0.00980	0.01428	0.09817	0.00945	0.01687	0.01152	0.01288	0.00766	0.00885	0.00700	0.00476	0.00364	0.00119	0.00623	0.00297	0.00238	0.00693
10	0.01356	0.01171	0.01233	0.01109	0.01418	0.01356	0.00863	0.02897	0.76455	0.02281	0.02219	0.02034	0.01664	0.00740	0.00555	0.00185	0.00431	0.00616	0.00555	0.00863
11	0.00667	0.00553	0.00584	0.00576	0.00750	0.00470	0.00432	0.00827	0.01297	0.01601	0.18366	0.05036	0.64296	0.01333	0.00644	0.00182	0.00273	0.01121	0.00523	0.00470
12	0.00664	0.00474	0.00633	0.00759	0.00791	0.00443	0.00506	0.00759	0.01044	0.01392	0.03005	0.80485	0.03606	0.01708	0.00696	0.00221	0.00316	0.01550	0.00506	0.00443
13	0.00793	0.00529	0.00595	0.00595	0.00595	0.00529	0.00330	0.00793	0.00793	0.01057	0.01718	0.03568	0.01982	0.80840	0.02775	0.00529	0.00529	0.00793	0.00330	0.00330
14	0.01130	0.00969	0.01130	0.00807	0.01292	0.00727	0.00646	0.01373	0.01130	0.01776	0.00969	0.01130	0.00807	0.00404	0.00404	0.00081	0.00404	0.00323	0.00323	0.84173
15	0.01093	0.02820	0.78016	0.01554	0.02360	0.01266	0.02014	0.01727	0.01151	0.01727	0.00978	0.01151	0.00691	0.00518	0.00518	0.00173	0.00806	0.00403	0.00230	0.00806
16	0.84691	0.01054	0.00801	0.00717	0.01054	0.01223	0.00590	0.01603	0.00928	0.02446	0.00759	0.00886	0.00590	0.00506	0.00337	0.00169	0.00422	0.00295	0.00337	0.00590
17	0.84691	0.01054	0.00801	0.00717	0.01054	0.01223	0.00590	0.01603	0.00928	0.02446	0.00759	0.00886	0.00590	0.00506	0.00337	0.00169	0.00422	0.00295	0.00337	0.00590
18	0.84691	0.01054	0.00801	0.00717	0.01054	0.01223	0.00590	0.01603	0.00928	0.02446	0.00759	0.00886	0.00590	0.00506	0.00337	0.00169	0.00422	0.00295	0.00337	0.00590
19	0.01287	0.01471	0.03217	0.02298	0.02849	0.01379	0.75460	0.01746	0.01287	0.01746	0.01103	0.01471	0.00827	0.00460	0.00643	0.00184	0.00919	0.00643	0.00276	0.00735
20	0.01130	0.00969	0.01130	0.00807	0.01292	0.00727	0.00646	0.01373	0.01130	0.01776	0.00969	0.01130	0.00807	0.00404	0.00404	0.00081	0.00404	0.00323	0.00323	0.84173
21	0.01213	0.00808	0.00852	0.00777	0.00986	0.00883	0.00603	0.09749	0.22369	0.02213	0.01834	0.01960	0.01419	0.00849	0.04589	0.00187	0.00405	0.00541	0.47111	0.00652
22	0.01458	0.81168	0.02857	0.00933	0.01399	0.02157	0.00933	0.01632	0.01108	0.01283	0.00758	0.00875	0.00700	0.00466	0.00350	0.00117	0.00583	0.00292	0.00233	0.00700
23	0.00966	0.00865	0.01294	0.01156	0.01234	0.01099	0.04478	0.01139	0.00878	0.01302	0.01157	0.01773	0.01098	0.04622	0.42798	0.00584	0.32199	0.00550	0.00271	0.00538
24	0.84691	0.01054	0.00801	0.00717	0.01054	0.01223	0.00590	0.01603	0.00928	0.02446	0.00759	0.00886	0.00590	0.00506	0.00337	0.00169	0.00422	0.00295	0.00337	0.00590
25	0.01280	0.01147	0.03295	0.05622	0.06954	0.01249	0.03622	0.05019	0.47944	0.02035	0.01884	0.06026	0.01521	0.02620	0.00728	0.04627	0.02558	0.00633	0.00466	0.00771
26	0.00741	0.00540	0.00659	0.00681	0.00804	0.00484	0.00496	0.00907	0.01281	0.03588	0.26811	0.28676	0.27719	0.01387	0.00661	0.00193	0.00293	0.03052	0.00539	0.00484
27	0.20168	0.07949	0.01372	0.01084	0.01411	0.35751	0.00857	0.04140	0.01386	0.13485	0.01367	0.01401	0.06230	0.00621	0.00468	0.00153	0.00686	0.00426	0.00374	0.00670
28	0.57362	0.13725	0.06547	0.00828	0.01200	0.01331	0.00751	0.03730	0.01028	0.02167	0.00950	0.06580	0.00839	0.00591	0.00384	0.00164	0.00472	0.00397	0.00332	0.00622

[dist]
# distance from previous block
# <min> <max>
0	9

[block]
# block no. 2 follows, 44 sequences, length 19
# corresponding to MSA columns:
# 115-133
name=unknown_C
#
# <colnr> <probs for GDERKNQSTAVLIFYWHMCP>
#	G	D	E	R	K	N	Q	S	T	A	V	L	I	F	Y	W	H	M	C	P
0	0.00977	0.01057	0.09007	0.28756	0.02262	0.00990	0.11298	0.01262	0.01053	0.01426	0.01444	0.11753	0.01412	0.16003	0.02701	0.00269	0.03244	0.02219	0.02305	0.00563
1	0.01230	0.04809	0.09712	0.01318	0.13122	0.00977	0.00991	0.06039	0.01256	0.03850	0.02724	0.05306	0.01116	0.00566	0.00477	0.00126	0.00502	0.02648	0.00344	0.42887
2	0.00772	0.00557	0.00729	0.00686	0.00814	0.00514	0.00514	0.01029	0.01543	0.02186	0.77152	0.04072	0.05144	0.01115	0.00643	0.00171	0.00257	0.00986	0.00600	0.00514
3	0.01184	0.01115	0.01832	0.38691	0.30606	0.01245	0.03705	0.01654	0.08927	0.01645	0.01179	0.01614	0.00948	0.00569	0.00553	0.00177	0.00666	0.02666	0.00293	0.00728
4	0.01984	0.01767	0.01586	0.03706	0.01735	0.21784	0.01044	0.49385	0.07057	0.02748	0.01236	0.01275	0.00910	0.00632	0.00532	0.00159	0.00693	0.00462	0.00467	0.00836
5	0.00765	0.00557	0.00720	0.00679	0.00811	0.00512	0.00509	0.01016	0.01528	0.02150	0.73511	0.04132	0.08807	0.01128	0.00643	0.00172	0.00258	0.00994	0.00595	0.00512
6	0.00954	0.00776	0.01130	0.00965	0.01193	0.00744	0.11391	0.01367	0.11267	0.04990	0.30993	0.10911	0.18973	0.01066	0.00633	0.00182	0.00394	0.00959	0.00521	0.00591
7	0.01030	0.00969	0.01635	0.79530	0.03755	0.01211	0.01514	0.01393	0.01090	0.01393	0.00969	0.01453	0.00727	0.00545	0.00545	0.00182	0.00727	0.00484	0.00242	0.00606
8	0.01343	0.01318	0.02184	0.09440	0.66041	0.03806	0.04549	0.01670	0.01241	0.01734	0.01018	0.01351	0.00846	0.00492	0.00543	0.00164	0.00676	0.00487	0.00268	0.00830
9	0.84691	0.01054	0.00801	0.00717	0.01054	0.01223	0.00590	0.01603	0.00928	0.02446	0.00759	0.00886	0.00590	0.00506	0.00337	0.00169	0.00422	0.00295	0.00337	0.00590
10	0.01925	0.01276	0.01387	0.01180	0.04476	0.08034	0.00908	0.17958	0.18669	0.28481	0.01723	0.01619	0.01207	0.00644	0.00531	0.00161	0.00533	0.00512	0.00538	0.08238
11	0.01199	0.09779	0.20158	0.01316	0.03413	0.01204	0.11621	0.01842	0.18396	0.05130	0.09387	0.07322	0.05383	0.00745	0.00559	0.00175	0.00580	0.00656	0.00401	0.00733
12	0.02446	0.00928	0.01265	0.00970	0.01392	0.00801	0.00801	0.02657	0.01560	0.77817	0.02151	0.01856	0.01350	0.00675	0.00548	0.00169	0.00464	0.00548	0.00675	0.00928
13	0.00721	0.00555	0.00659	0.00633	0.00783	0.00493	0.00475	0.00931	0.01424	0.01903	0.48698	0.04539	0.33775	0.01220	0.00644	0.00176	0.00265	0.01051	0.00563	0.00493
14	0.01193	0.01193	0.01670	0.01431	0.01431	0.01670	0.01193	0.01312	0.00835	0.01312	0.00716	0.01193	0.00716	0.00954	0.01789	0.00239	0.79843	0.00477	0.00239	0.00596
15	0.00791	0.00533	0.00616	0.00613	0.00626	0.00534	0.00358	0.00816	0.00845	0.01140	0.06612	0.03537	0.02160	0.72211	0.06042	0.00521	0.00553	0.00796	0.00346	0.00349
16	0.00743	0.00547	0.00681	0.00664	0.00782	0.00500	0.00483	0.00945	0.01389	0.01908	0.52759	0.11215	0.16454	0.07531	0.00817	0.00206	0.00287	0.01049	0.00555	0.00484
17	0.01196	0.12175	0.65626	0.01454	0.02202	0.01353	0.01831	0.01756	0.01164	0.04981	0.01003	0.01148	0.00720	0.00519	0.00499	0.00166	0.00764	0.00396	0.00250	0.00798
18	0.12907	0.23114	0.01803	0.01069	0.01488	0.01686	0.00922	0.35557	0.08905	0.05771	0.01207	0.01226	0.00908	0.00592	0.00465	0.00154	0.00550	0.00425	0.00439	0.00814

[dist]
# distance from previous block
# <min> <max>
0	4

[block]
# block no. 3 follows, 44 sequences, length 61
# corresponding to MSA columns:
# 138-198
name=unknown_D
#
# <colnr> <probs for GDERKNQSTAVLIFYWHMCP>
#	G	D	E	R	K	N	Q	S	T	A	V	L	I	F	Y	W	H	M	C	P
0	0.04526	0.08646	0.05993	0.01055	0.01477	0.05453	0.00910	0.24217	0.10599	0.04080	0.01350	0.01411	0.02577	0.00676	0.02539	0.00160	0.00561	0.00447	0.02873	0.20451
1	0.01504	0.01177	0.04065	0.01532	0.15574	0.01132	0.05960	0.10582	0.18347	0.14204	0.10939	0.01898	0.01645	0.00662	0.00552	0.00164	0.00517	0.00580	0.00475	0.08491
2	0.09644	0.01138	0.01253	0.05678	0.01485	0.01161	0.00808	0.29684	0.03391	0.02407	0.01204	0.01469	0.00975	0.07872	0.00679	0.00172	0.00506	0.00450	0.03361	0.26662
3	0.00781	0.00524	0.00598	0.00610	0.00613	0.00521	0.00346	0.00790	0.00816	0.01088	0.01835	0.10585	0.02130	0.73621	0.02585	0.00501	0.00509	0.00862	0.00346	0.00341
4	0.01377	0.04013	0.47106	0.01669	0.12040	0.01198	0.04078	0.01887	0.02684	0.15075	0.02956	0.01388	0.00954	0.00556	0.00530	0.00170	0.00704	0.00462	0.00330	0.00824
5	0.01323	0.01558	0.27667	0.01300	0.01792	0.00971	0.13123	0.01728	0.01365	0.18275	0.21015	0.02204	0.03799	0.00717	0.00580	0.00174	0.00596	0.00641	0.00435	0.00737
6	0.71324	0.13920	0.01131	0.00752	0.01110	0.01373	0.00645	0.01607	0.00957	0.02259	0.00759	0.00884	0.00608	0.00500	0.00339	0.00160	0.00448	0.00295	0.00321	0.00608
7	0.01656	0.21043	0.14721	0.01122	0.01588	0.03208	0.02435	0.05805	0.13984	0.22684	0.01635	0.01661	0.03126	0.00638	0.00503	0.00161	0.00569	0.02214	0.00439	0.00807
8	0.01099	0.02152	0.48800	0.01667	0.09026	0.01175	0.10787	0.01640	0.02799	0.01772	0.07404	0.01659	0.04762	0.00600	0.00550	0.00172	0.00720	0.00526	0.00291	0.02399
9	0.00817	0.00568	0.00739	0.00690	0.00829	0.00521	0.00520	0.01069	0.01534	0.04390	0.72747	0.04043	0.07243	0.01110	0.00640	0.00172	0.00264	0.00978	0.00599	0.00525
10	0.01109	0.01041	0.04154	0.06597	0.20644	0.00995	0.12469	0.04751	0.01295	0.03561	0.13055	0.17958	0.05435	0.00896	0.00651	0.00184	0.03314	0.00828	0.00396	0.00666
11	0.01196	0.01325	0.02839	0.02073	0.02549	0.01242	0.64513	0.01602	0.01251	0.01695	0.01381	0.13011	0.01233	0.00642	0.00651	0.00189	0.00831	0.00776	0.00309	0.00693
12	0.01223	0.01012	0.01317	0.18046	0.04286	0.01149	0.02483	0.15602	0.11985	0.02038	0.08395	0.05301	0.10227	0.00825	0.00680	0.00181	0.07952	0.00670	0.05953	0.00676
13	0.00702	0.00508	0.00663	0.00722	0.00797	0.00470	0.00505	0.00858	0.01234	0.01682	0.29879	0.49193	0.07805	0.01478	0.00674	0.00202	0.00293	0.01327	0.00540	0.00470
14	0.01476	0.71710	0.06885	0.00998	0.01471	0.07141	0.01000	0.01673	0.01139	0.01310	0.00776	0.00897	0.00699	0.00476	0.00368	0.00121	0.00622	0.00302	0.00236	0.00701
15	0.00913	0.00493	0.00726	0.00726	0.00739	0.00506	0.00493	0.00753	0.00739	0.00999	0.01071	0.01854	0.01075	0.07526	0.12911	0.66821	0.00616	0.00511	0.00251	0.00278
16	0.03285	0.10030	0.18604	0.01463	0.01987	0.10366	0.18026	0.10799	0.04479	0.05922	0.01115	0.01260	0.00837	0.00527	0.00517	0.00156	0.00722	0.00457	0.00333	0.09116
17	0.01030	0.00969	0.01635	0.79530	0.03755	0.01211	0.01514	0.01393	0.01090	0.01393	0.00969	0.01453	0.00727	0.00545	0.00545	0.00182	0.00727	0.00484	0.00242	0.00606
18	0.01030	0.00969	0.01635	0.79530	0.03755	0.01211	0.01514	0.01393	0.01090	0.01393	0.00969	0.01453	0.00727	0.00545	0.00545	0.00182	0.00727	0.00484	0.00242	0.00606
19	0.00750	0.00556	0.00716	0.00773	0.00792	0.00580	0.00518	0.00819	0.00952	0.01287	0.02422	0.50896	0.02870	0.24638	0.01400	0.00312	0.07633	0.01232	0.00431	0.00424
20	0.01446	0.78765	0.05162	0.00952	0.01429	0.02130	0.00966	0.01635	0.01109	0.01296	0.00765	0.00883	0.00699	0.00468	0.00355	0.00118	0.00590	0.00295	0.00233	0.00703
21	0.01290	0.01355	0.01655	0.01428	0.01461	0.10532	0.01177	0.01412	0.00917	0.01315	0.00730	0.01169	0.00714	0.00909	0.01640	0.00227	0.70764	0.00463	0.00243	0.00600
22	0.00879	0.00628	0.00879	0.01004	0.01130	0.00628	0.00879	0.01130	0.01255	0.01632	0.02887	0.06150	0.03138	0.01506	0.00753	0.00251	0.00502	0.73770	0.00502	0.00502
23	0.01287	0.01471	0.03217	0.02298	0.02849	0.01379	0.75460	0.01746	0.01287	0.01746	0.01103	0.01471	0.00827	0.00460	0.00643	0.00184	0.00919	0.00643	0.00276	0.00735
24	0.01287	0.01471	0.03217	0.02298	0.02849	0.01379	0.75460	0.01746	0.01287	0.01746	0.01103	0.01471	0.00827	0.00460	0.00643	0.00184	0.00919	0.00643	0.00276	0.00735
25	0.01193	0.01193	0.01670	0.01431	0.01431	0.01670	0.01193	0.01312	0.00835	0.01312	0.00716	0.01193	0.00716	0.00954	0.01789	0.00239	0.79843	0.00477	0.00239	0.00596
26	0.02072	0.01527	0.01636	0.01254	0.01691	0.01691	0.01036	0.75622	0.02563	0.03436	0.01309	0.01309	0.00927	0.00654	0.00545	0.00164	0.00600	0.00491	0.00545	0.00927
27	0.77188	0.01043	0.00844	0.00740	0.01085	0.01185	0.00610	0.01699	0.00986	0.09322	0.00886	0.00974	0.00660	0.00521	0.00357	0.00169	0.00426	0.00318	0.00368	0.00621
28	0.01287	0.01471	0.03217	0.02298	0.02849	0.01379	0.75460	0.01746	0.01287	0.01746	0.01103	0.01471	0.00827	0.00460	0.00643	0.00184	0.00919	0.00643	0.00276	0.00735
29	0.01193	0.01193	0.01670	0.01431	0.01431	0.01670	0.01193	0.01312	0.00835	0.01312	0.00716	0.01193	0.00716	0.00954	0.01789	0.00239	0.79843	0.00477	0.00239	0.00596
30	0.00664	0.00474	0.00633	0.00759	0.00791	0.00443	0.00506	0.00759	0.01044	0.01392	0.03005	0.80485	0.03606	0.01708	0.00696	0.00221	0.00316	0.01550	0.00506	0.00443
31	0.00644	0.00552	0.00552	0.00552	0.00736	0.00460	0.00414	0.00782	0.01243	0.01473	0.05523	0.05247	0.77218	0.01381	0.00644	0.00184	0.00276	0.01151	0.00506	0.00460
32	0.01445	0.01215	0.01283	0.01127	0.01452	0.01398	0.00884	0.11936	0.67271	0.02424	0.02106	0.01944	0.01573	0.00729	0.00554	0.00182	0.00452	0.00601	0.00554	0.00871
33	0.09734	0.03675	0.11746	0.01025	0.01493	0.00945	0.00952	0.02402	0.01433	0.58195	0.01821	0.01641	0.01170	0.00632	0.00519	0.00168	0.00510	0.00497	0.00570	0.00873
34	0.00658	0.00497	0.00609	0.00699	0.00775	0.00448	0.00479	0.00766	0.01102	0.01415	0.03737	0.58618	0.25000	0.01613	0.00681	0.00211	0.00305	0.01434	0.00506	0.00448
35	0.00793	0.00529	0.00595	0.00595	0.00595	0.00529	0.00330	0.00793	0.00793	0.01057	0.01718	0.03568	0.01982	0.80840	0.02775	0.00529	0.00529	0.00793	0.00330	0.00330
36	0.01415	0.71935	0.11714	0.01006	0.01512	0.02052	0.01060	0.01644	0.01113	0.01335	0.00784	0.00907	0.00699	0.00472	0.00370	0.00123	0.00609	0.00305	0.00233	0.00712
37	0.01195	0.01052	0.01587	0.52764	0.09543	0.01229	0.01349	0.13632	0.01361	0.01772	0.01446	0.01767	0.07750	0.00634	0.00554	0.00177	0.00658	0.00546	0.00319	0.00668
38	0.01103	0.02672	0.71051	0.01543	0.02275	0.01303	0.01939	0.01689	0.01122	0.01689	0.00954	0.01155	0.00693	0.00558	0.00634	0.00179	0.08016	0.00410	0.00231	0.00787
39	0.00786	0.00531	0.00622	0.00627	0.00637	0.00539	0.00370	0.00808	0.00811	0.01090	0.01747	0.06573	0.01992	0.70613	0.09615	0.00548	0.00605	0.00805	0.00334	0.00349
40	0.04168	0.01472	0.02092	0.02879	0.58834	0.11966	0.04913	0.01780	0.03489	0.01754	0.01030	0.01309	0.00854	0.00503	0.00532	0.00161	0.00693	0.00472	0.00282	0.00817
41	0.00774	0.00579	0.00865	0.00871	0.00965	0.00671	0.00673	0.00964	0.00884	0.01271	0.01531	0.05736	0.01466	0.03980	0.75103	0.00846	0.01408	0.00628	0.00302	0.00485
42	0.01572	0.39814	0.10808	0.01143	0.01590	0.26409	0.01068	0.01794	0.01255	0.01395	0.00829	0.00964	0.00709	0.00497	0.00419	0.00127	0.00720	0.00326	0.00256	0.08305
43	0.01356	0.01171	0.01233	0.01109	0.01418	0.01356	0.00863	0.02897	0.76455	0.02281	0.02219	0.02034	0.01664	0.00740	0.00555	0.00185	0.00431	0.00616	0.00555	0.00863
44	0.01333	0.01257	0.01512	0.16102	0.16791	0.07510	0.01149	0.02271	0.39709	0.01939	0.03616	0.01761	0.01347	0.00649	0.00547	0.00176	0.00568	0.00555	0.00420	0.00788
45	0.02107	0.01472	0.01602	0.01228	0.01663	0.01610	0.01015	0.68965	0.02472	0.10221	0.01386	0.01359	0.00966	0.00656	0.00546	0.00164	0.00588	0.00496	0.00557	0.00927
46	0.00947	0.00473	0.00710	0.00710	0.00710	0.00473	0.00473	0.00710	0.00710	0.00947	0.00947	0.01657	0.00947	0.01894	0.02131	0.84138	0.00473	0.00473	0.00237	0.00237
47	0.01302	0.00806	0.01003	0.00882	0.01020	0.00858	0.00651	0.24358	0.01295	0.01733	0.01061	0.01547	0.00941	0.01503	0.01630	0.57629	0.00513	0.00479	0.00334	0.00455
48	0.00664	0.00474	0.00633	0.00759	0.00791	0.00443	0.00506	0.00759	0.01044	0.01392	0.03005	0.80485	0.03606	0.01708	0.00696	0.00221	0.00316	0.01550	0.00506	0.00443
49	0.84691	0.01054	0.00801	0.00717	0.01054	0.01223	0.00590	0.01603	0.00928	0.02446	0.00759	0.00886	0.00590	0.00506	0.00337	0.00169	0.00422	0.00295	0.00337	0.00590
50	0.05968	0.01310	0.01419	0.01139	0.01533	0.01434	0.00925	0.39803	0.23665	0.12802	0.01648	0.01566	0.01176	0.00669	0.00535	0.00169	0.00520	0.00521	0.00550	0.02647
51	0.01501	0.20127	0.34380	0.01314	0.01904	0.05712	0.01426	0.22137	0.03026	0.02088	0.01037	0.01140	0.00778	0.00551	0.00487	0.00156	0.00701	0.00403	0.00327	0.00807
52	0.01342	0.03605	0.01178	0.00963	0.01237	0.01079	0.00773	0.22670	0.16024	0.05347	0.30101	0.02860	0.04315	0.00904	0.00592	0.00175	0.00421	0.05137	0.00559	0.00718
53	0.01974	0.01432	0.01531	0.01185	0.01592	0.01580	0.00975	0.68671	0.02431	0.03305	0.01353	0.01377	0.00971	0.00653	0.00530	0.00160	0.00568	0.00492	0.08335	0.00888
54	0.00801	0.00614	0.00909	0.00897	0.00986	0.00729	0.00698	0.00986	0.00871	0.01262	0.01429	0.02136	0.01348	0.06293	0.72289	0.00832	0.05558	0.00585	0.00290	0.00488
55	0.00657	0.00553	0.00569	0.00565	0.00744	0.00465	0.00424	0.00806	0.01272	0.01542	0.12446	0.05133	0.70252	0.01355	0.00644	0.00183	0.00274	0.01135	0.00515	0.00465
56	0.01267	0.25120	0.30087	0.01633	0.02251	0.01564	0.27313	0.01706	0.01186	0.01604	0.00958	0.01182	0.00741	0.00483	0.00513	0.00160	0.00781	0.00454	0.00247	0.00750
57	0.00664	0.00474	0.00633	0.00759	0.00791	0.00443	0.00506	0.00759	0.01044	0.01392	0.03005	0.80485	0.03606	0.01708	0.00696	0.00221	0.00316	0.01550	0.00506	0.00443
58	0.03316	0.38728	0.03710	0.01204	0.04060	0.19260	0.01024	0.19368	0.01555	0.01854	0.00921	0.01024	0.00758	0.00535	0.00438	0.00137	0.00681	0.00361	0.00321	0.00744
59	0.01772	0.01078	0.01245	0.01056	0.01408	0.01144	0.00839	0.02805	0.47855	0.31125	0.02193	0.01966	0.01544	0.00715	0.00552	0.00179	0.00444	0.00590	0.00601	0.00888
60	0.01292	0.01182	0.01776	0.02305	0.45464	0.01110	0.01262	0.03572	0.04625	0.01846	0.01067	0.01303	0.00882	0.00473	0.00493	0.00135	0.00552	0.00435	0.00308	0.29919

[dist]
# distance from previous block
# <min> <max>
0	1

[block]
# block no. 4 follows, 44 sequences, length 30
# corresponding to MSA columns:
# 200-229
name=unknown_E
#
# <colnr> <probs for GDERKNQSTAVLIFYWHMCP>
#	G	D	E	R	K	N	Q	S	T	A	V	L	I	F	Y	W	H	M	C	P
0	0.01159	0.30585	0.01590	0.00911	0.01144	0.12221	0.00742	0.01300	0.01169	0.01392	0.06395	0.35091	0.02213	0.01050	0.00536	0.00168	0.00506	0.00880	0.00379	0.00569
1	0.00673	0.00547	0.00596	0.00597	0.00757	0.00470	0.00443	0.00833	0.01291	0.01618	0.20544	0.11003	0.56025	0.01350	0.00648	0.00184	0.00275	0.01147	0.00526	0.00470
2	0.03830	0.06991	0.01539	0.01160	0.01545	0.01578	0.00948	0.39358	0.32061	0.02795	0.01621	0.01558	0.01198	0.00672	0.00530	0.00169	0.00527	0.00522	0.00522	0.00877
3	0.01104	0.12412	0.01870	0.57395	0.06073	0.01323	0.05293	0.01438	0.01131	0.01450	0.04732	0.01498	0.00953	0.00555	0.00527	0.00171	0.00690	0.00490	0.00262	0.00631
4	0.01247	0.06812	0.63262	0.01501	0.02214	0.12336	0.01822	0.01786	0.01205	0.01648	0.00948	0.01113	0.00693	0.00522	0.00506	0.00165	0.00820	0.00390	0.00238	0.00776
5	0.01643	0.01690	0.13100	0.01682	0.02214	0.01515	0.28662	0.37811	0.01891	0.02568	0.01186	0.01346	0.00857	0.00563	0.00578	0.00172	0.00747	0.00535	0.00401	0.00839
6	0.00698	0.00499	0.00671	0.00792	0.00840	0.00471	0.00559	0.00820	0.01089	0.01450	0.05277	0.67537	0.03587	0.01661	0.00702	0.00224	0.00341	0.11820	0.00508	0.00453
7	0.01394	0.43529	0.21683	0.01478	0.12519	0.01718	0.03629	0.01716	0.01166	0.05281	0.00932	0.01079	0.00757	0.00492	0.00438	0.00142	0.00653	0.00371	0.00261	0.00762
8	0.00962	0.00834	0.01245	0.14347	0.09066	0.00935	0.03261	0.03129	0.03978	0.01571	0.06535	0.34315	0.02295	0.01142	0.00798	0.00205	0.11777	0.02625	0.00402	0.00577
9	0.00691	0.00554	0.00617	0.00602	0.00765	0.00480	0.00451	0.00873	0.01354	0.01736	0.31978	0.04813	0.50599	0.01282	0.00644	0.00179	0.00269	0.01090	0.00541	0.00480
10	0.01093	0.02820	0.78016	0.01554	0.02360	0.01266	0.02014	0.01727	0.01151	0.01727	0.00978	0.01151	0.00691	0.00518	0.00518	0.00173	0.00806	0.00403	0.00230	0.00806
11	0.01474	0.03035	0.03592	0.22042	0.11153	0.12164	0.04419	0.18623	0.02651	0.02026	0.01172	0.01414	0.00898	0.00575	0.00513	0.00160	0.00660	0.00473	0.12239	0.00717
12	0.00963	0.00906	0.01512	0.03937	0.15698	0.00859	0.16479	0.01227	0.01242	0.01609	0.03084	0.06447	0.29531	0.01027	0.00642	0.00192	0.00533	0.13102	0.00405	0.00604
13	0.01654	0.00713	0.00896	0.00751	0.01017	0.00647	0.00598	0.01889	0.01397	0.37725	0.12691	0.02240	0.01909	0.00722	0.00497	0.00153	0.00353	0.00595	0.32848	0.00707
14	0.02037	0.02598	0.01545	0.01404	0.01685	0.78652	0.01053	0.02177	0.01545	0.01334	0.00843	0.00983	0.00702	0.00562	0.00492	0.00140	0.00983	0.00351	0.00281	0.00632
15	0.01307	0.23732	0.11500	0.01519	0.01992	0.08546	0.28538	0.01650	0.01281	0.01640	0.11802	0.01593	0.01379	0.00571	0.00533	0.00158	0.00724	0.00539	0.00305	0.00693
16	0.00677	0.00503	0.00654	0.00741	0.00808	0.00480	0.00516	0.00794	0.01053	0.01387	0.03205	0.56781	0.15559	0.01993	0.11796	0.00308	0.00473	0.01346	0.00476	0.00452
17	0.00644	0.00552	0.00552	0.00552	0.00736	0.00460	0.00414	0.00782	0.01243	0.01473	0.05523	0.05247	0.77218	0.01381	0.00644	0.00184	0.00276	0.01151	0.00506	0.00460
18	0.01108	0.00786	0.01177	0.34547	0.02151	0.00849	0.00974	0.01393	0.01322	0.12550	0.26789	0.02747	0.09738	0.00833	0.00588	0.00177	0.00490	0.00724	0.00448	0.00607
19	0.01369	0.31467	0.34689	0.01294	0.01895	0.01643	0.04067	0.12203	0.01344	0.01804	0.00998	0.01214	0.00797	0.00542	0.00470	0.00153	0.00690	0.02303	0.00285	0.00773
20	0.42705	0.00849	0.00779	0.00688	0.00969	0.00911	0.00555	0.01666	0.01106	0.14853	0.01335	0.01435	0.00990	0.00578	0.00387	0.00155	0.00372	0.00409	0.28639	0.00619
21	0.01242	0.01119	0.01511	0.28628	0.12973	0.01297	0.01203	0.02202	0.39682	0.01902	0.01617	0.01736	0.01226	0.00636	0.00549	0.00181	0.00564	0.00552	0.00406	0.00774
22	0.01215	0.01534	0.25553	0.01051	0.01616	0.00893	0.01086	0.01577	0.01190	0.08469	0.03485	0.01364	0.02310	0.00503	0.00464	0.00122	0.00530	0.00403	0.00336	0.46299
23	0.00772	0.00557	0.00729	0.00686	0.00814	0.00514	0.00514	0.01029	0.01543	0.02186	0.77152	0.04072	0.05144	0.01115	0.00643	0.00171	0.00257	0.00986	0.00600	0.00514
24	0.11374	0.01638	0.14141	0.03322	0.09447	0.09153	0.01212	0.13169	0.15992	0.02080	0.01198	0.01332	0.00927	0.00644	0.00689	0.00178	0.11914	0.00461	0.00365	0.00764
25	0.00767	0.00557	0.00722	0.00681	0.00811	0.00512	0.00511	0.01019	0.01532	0.02159	0.74398	0.04118	0.07915	0.01125	0.00643	0.00172	0.00258	0.00992	0.00597	0.00512
26	0.01272	0.04862	0.03290	0.01460	0.13313	0.09819	0.05167	0.01462	0.01326	0.06377	0.17184	0.22019	0.02502	0.01033	0.00715	0.00198	0.06010	0.00871	0.00449	0.00670
27	0.00737	0.00529	0.00706	0.00765	0.00848	0.00497	0.00562	0.00918	0.01271	0.01740	0.32288	0.39701	0.04147	0.01445	0.00683	0.00206	0.00319	0.11615	0.00543	0.00480
28	0.00776	0.00630	0.03111	0.00763	0.00884	0.00596	0.00589	0.00973	0.01146	0.01605	0.29647	0.05246	0.07712	0.13584	0.29766	0.00485	0.00760	0.00817	0.00428	0.00482
29	0.01321	0.50191	0.29632	0.01207	0.01797	0.01810	0.04198	0.01670	0.01130	0.01459	0.00850	0.00996	0.00701	0.00485	0.00421	0.00139	0.00675	0.00345	0.00234	0.00739

[dist]
# distance from previous block
# <min> <max>
4	6

[block]
# block no. 5 follows, 44 sequences, length 6
# corresponding to MSA columns:
# 237-242
name=unknown_F
#
# <colnr> <probs for GDERKNQSTAVLIFYWHMCP>
#	G	D	E	R	K	N	Q	S	T	A	V	L	I	F	Y	W	H	M	C	P
0	0.07456	0.06415	0.42789	0.05120	0.15929	0.01327	0.10057	0.01691	0.01161	0.01755	0.00972	0.01201	0.00732	0.00503	0.00515	0.00169	0.00746	0.00434	0.00251	0.00778
1	0.01159	0.00989	0.06749	0.00943	0.01151	0.00918	0.00771	0.19440	0.05059	0.01889	0.01929	0.11588	0.01987	0.28796	0.01371	0.00314	0.00534	0.13398	0.00436	0.00581
2	0.01406	0.33129	0.13937	0.01678	0.10236	0.04608	0.21362	0.01742	0.01211	0.04472	0.00970	0.01171	0.00776	0.00486	0.00488	0.00151	0.00725	0.00437	0.00267	0.00749
3	0.27116	0.26394	0.01429	0.00774	0.01075	0.01258	0.00671	0.01400	0.01213	0.01979	0.29031	0.02061	0.02310	0.00719	0.00454	0.00153	0.00412	0.00550	0.00401	0.00597
4	0.01558	0.00904	0.01091	0.00949	0.01236	0.00918	0.00742	0.02257	0.29219	0.28436	0.15254	0.10878	0.02369	0.00888	0.00583	0.00181	0.00400	0.00758	0.00599	0.00779
5	0.01030	0.00969	0.01635	0.79530	0.03755	0.01211	0.01514	0.01393	0.01090	0.01393	0.00969	0.01453	0.00727	0.00545	0.00545	0.00182	0.00727	0.00484	0.00242	0.00606

[dist]
# distance from previous block
# <min> <max>
0	1

[block]
# block no. 6 follows, 44 sequences, length 123
# corresponding to MSA columns:
# 244-366
name=unknown_G
#
# <colnr> <probs for GDERKNQSTAVLIFYWHMCP>
#	G	D	E	R	K	N	Q	S	T	A	V	L	I	F	Y	W	H	M	C	P
0	0.01404	0.01028	0.01184	0.00930	0.01348	0.00941	0.00740	0.02060	0.25442	0.13581	0.01552	0.01532	0.01166	0.00553	0.00474	0.00128	0.00422	0.00452	0.00451	0.44612
1	0.01047	0.00987	0.01667	0.75326	0.07821	0.01216	0.01523	0.01408	0.01098	0.01414	0.00972	0.01448	0.00734	0.00542	0.00545	0.00181	0.00722	0.00485	0.00244	0.00620
2	0.76598	0.01206	0.00874	0.00784	0.01116	0.08805	0.00636	0.01659	0.00988	0.02337	0.00767	0.00895	0.00601	0.00512	0.00352	0.00166	0.00477	0.00301	0.00332	0.00594
3	0.00664	0.00474	0.00633	0.00759	0.00791	0.00443	0.00506	0.00759	0.01044	0.01392	0.03005	0.80485	0.03606	0.01708	0.00696	0.00221	0.00316	0.01550	0.00506	0.00443
4	0.01130	0.00969	0.01130	0.00807	0.01292	0.00727	0.00646	0.01373	0.01130	0.01776	0.00969	0.01130	0.00807	0.00404	0.00404	0.00081	0.00404	0.00323	0.00323	0.84173
5	0.01244	0.03581	0.24769	0.02608	0.49021	0.01264	0.01694	0.01653	0.01228	0.01775	0.05206	0.01429	0.01044	0.00530	0.00534	0.00165	0.00672	0.00484	0.00275	0.00823
6	0.01458	0.81168	0.02857	0.00933	0.01399	0.02157	0.00933	0.01632	0.01108	0.01283	0.00758	0.00875	0.00700	0.00466	0.00350	0.00117	0.00583	0.00292	0.00233	0.00700
7	0.00949	0.00824	0.01123	0.01008	0.01073	0.01006	0.00802	0.01118	0.01172	0.01701	0.35266	0.07001	0.05235	0.01113	0.01191	0.03074	0.34600	0.00785	0.00424	0.00535
8	0.01336	0.01963	0.37789	0.01325	0.01885	0.01273	0.03945	0.21282	0.07096	0.02267	0.08091	0.01664	0.03140	0.00647	0.00541	0.00170	0.00644	0.00525	0.03622	0.00794
9	0.84691	0.01054	0.00801	0.00717	0.01054	0.01223	0.00590	0.01603	0.00928	0.02446	0.00759	0.00886	0.00590	0.00506	0.00337	0.00169	0.00422	0.00295	0.00337	0.00590
10	0.00963	0.00755	0.00919	0.00791	0.01078	0.00606	0.00590	0.01140	0.01104	0.03532	0.01877	0.35380	0.02028	0.00973	0.00533	0.00144	0.00368	0.00858	0.00411	0.45950
11	0.01459	0.00690	0.00929	0.00832	0.01056	0.00615	0.00635	0.01644	0.01390	0.34556	0.20931	0.27712	0.03012	0.01116	0.00619	0.00186	0.00365	0.00979	0.00602	0.00670
12	0.01030	0.00969	0.01635	0.79530	0.03755	0.01211	0.01514	0.01393	0.01090	0.01393	0.00969	0.01453	0.00727	0.00545	0.00545	0.00182	0.00727	0.00484	0.00242	0.00606
13	0.00772	0.00557	0.00729	0.00686	0.00814	0.00514	0.00514	0.01029	0.01543	0.02186	0.77152	0.04072	0.05144	0.01115	0.00643	0.00171	0.00257	0.00986	0.00600	0.00514
14	0.00744	0.00556	0.00690	0.00656	0.00797	0.00502	0.00492	0.00974	0.01477	0.02029	0.61354	0.04331	0.21040	0.01173	0.00643	0.00174	0.00261	0.01022	0.00579	0.00502
15	0.01259	0.01172	0.01458	0.43195	0.02668	0.08094	0.01212	0.05583	0.21690	0.01765	0.01357	0.01593	0.01025	0.00610	0.00534	0.00175	0.00638	0.00510	0.04773	0.00689
16	0.00648	0.00552	0.00557	0.00556	0.00738	0.00462	0.00417	0.00789	0.01251	0.01491	0.07399	0.05216	0.75331	0.01374	0.00644	0.00184	0.00276	0.01146	0.00509	0.00462
17	0.01406	0.13566	0.52062	0.01359	0.02037	0.03090	0.01625	0.01888	0.01226	0.15099	0.01151	0.01233	0.00809	0.00539	0.00499	0.00163	0.00718	0.00412	0.00310	0.00808
18	0.84691	0.01054	0.00801	0.00717	0.01054	0.01223	0.00590	0.01603	0.00928	0.02446	0.00759	0.00886	0.00590	0.00506	0.00337	0.00169	0.00422	0.00295	0.00337	0.00590
19	0.00786	0.00720	0.01044	0.00882	0.01110	0.00654	0.12508	0.00995	0.01287	0.01631	0.16661	0.04318	0.50511	0.01175	0.00679	0.00184	0.02838	0.01021	0.00477	0.00518
20	0.01081	0.02465	0.63385	0.16490	0.02627	0.01256	0.01918	0.01663	0.01139	0.01663	0.00977	0.01209	0.00698	0.00523	0.00523	0.00174	0.00791	0.00418	0.00233	0.00767
21	0.04701	0.14033	0.01802	0.01192	0.01615	0.01748	0.01010	0.58969	0.02221	0.02991	0.01184	0.01222	0.00873	0.00630	0.00550	0.00159	0.03300	0.00452	0.00479	0.00869
22	0.02037	0.02598	0.01545	0.01404	0.01685	0.78652	0.01053	0.02177	0.01545	0.01334	0.00843	0.00983	0.00702	0.00562	0.00492	0.00140	0.00983	0.00351	0.00281	0.00632
23	0.00879	0.00628	0.00879	0.01004	0.01130	0.00628	0.00879	0.01130	0.01255	0.01632	0.02887	0.06150	0.03138	0.01506	0.00753	0.00251	0.00502	0.73770	0.00502	0.00502
24	0.01016	0.00508	0.00508	0.00508	0.00635	0.00508	0.00381	0.01270	0.01143	0.02033	0.01778	0.02033	0.01397	0.00635	0.00381	0.00127	0.00254	0.00508	0.83867	0.00508
25	0.01016	0.00508	0.00508	0.00508	0.00635	0.00508	0.00381	0.01270	0.01143	0.02033	0.01778	0.02033	0.01397	0.00635	0.00381	0.00127	0.00254	0.00508	0.83867	0.00508
26	0.84691	0.01054	0.00801	0.00717	0.01054	0.01223	0.00590	0.01603	0.00928	0.02446	0.00759	0.00886	0.00590	0.00506	0.00337	0.00169	0.00422	0.00295	0.00337	0.00590
27	0.01356	0.01171	0.01233	0.01109	0.01418	0.01356	0.00863	0.02897	0.76455	0.02281	0.02219	0.02034	0.01664	0.00740	0.00555	0.00185	0.00431	0.00616	0.00555	0.00863
28	0.01193	0.01193	0.01670	0.01431	0.01431	0.01670	0.01193	0.01312	0.00835	0.01312	0.00716	0.01193	0.00716	0.00954	0.01789	0.00239	0.79843	0.00477	0.00239	0.00596
29	0.00772	0.00557	0.00729	0.00686	0.00814	0.00514	0.00514	0.01029	0.01543	0.02186	0.77152	0.04072	0.05144	0.01115	0.00643	0.00171	0.00257	0.00986	0.00600	0.00514
30	0.01529	0.01282	0.01545	0.24562	0.05528	0.03632	0.01158	0.27858	0.22763	0.02373	0.01438	0.01548	0.01065	0.00636	0.00546	0.00174	0.00603	0.00520	0.00438	0.00802
31	0.01999	0.07725	0.01631	0.01374	0.01667	0.73660	0.01046	0.02141	0.01516	0.01331	0.00837	0.00976	0.00702	0.00556	0.00482	0.00139	0.00957	0.00347	0.00278	0.00636
32	0.00663	0.00479	0.00628	0.00748	0.00788	0.00444	0.00501	0.00760	0.01054	0.01396	0.03137	0.76522	0.07483	0.01691	0.00693	0.00219	0.00314	0.01529	0.00506	0.00444
33	0.13331	0.01356	0.01442	0.01124	0.01530	0.01480	0.00923	0.54141	0.02158	0.12229	0.01350	0.01395	0.00968	0.03378	0.00594	0.00177	0.00557	0.00481	0.00525	0.00861
34	0.01287	0.01471	0.03217	0.02298	0.02849	0.01379	0.75460	0.01746	0.01287	0.01746	0.01103	0.01471	0.00827	0.00460	0.00643	0.00184	0.00919	0.00643	0.00276	0.00735
35	0.00664	0.00474	0.00633	0.00759	0.00791	0.00443	0.00506	0.00759	0.01044	0.01392	0.03005	0.80485	0.03606	0.01708	0.00696	0.00221	0.00316	0.01550	0.00506	0.00443
36	0.01287	0.01471	0.03217	0.02298	0.02849	0.01379	0.75460	0.01746	0.01287	0.01746	0.01103	0.01471	0.00827	0.00460	0.00643	0.00184	0.00919	0.00643	0.00276	0.00735
37	0.04353	0.00872	0.00962	0.00829	0.01093	0.00907	0.00665	0.15902	0.09564	0.15362	0.01826	0.02052	0.01396	0.00701	0.00479	0.00156	0.00395	0.04559	0.37226	0.00701
38	0.00680	0.00554	0.00602	0.00590	0.00758	0.00476	0.00443	0.00852	0.01328	0.01675	0.25809	0.04914	0.56806	0.01305	0.00644	0.00181	0.00271	0.01104	0.00533	0.00476
39	0.01349	0.01295	0.02213	0.03346	0.77440	0.01295	0.01673	0.01673	0.01241	0.01781	0.01025	0.01349	0.00864	0.00486	0.00540	0.00162	0.00648	0.00486	0.00270	0.00864
40	0.00669	0.00479	0.00628	0.00745	0.00780	0.00447	0.00495	0.00761	0.01039	0.01380	0.03033	0.74624	0.05990	0.05145	0.00785	0.00234	0.00324	0.01504	0.00498	0.00438
41	0.00664	0.00477	0.00630	0.00753	0.00789	0.00443	0.00504	0.00760	0.01049	0.01394	0.03073	0.78437	0.05609	0.01699	0.00694	0.00220	0.00315	0.01539	0.00506	0.00443
42	0.03472	0.01024	0.01087	0.00975	0.01169	0.08626	0.00752	0.19875	0.01361	0.01835	0.01383	0.01977	0.01252	0.13191	0.37509	0.00545	0.01021	0.00557	0.01796	0.00594
43	0.01757	0.00774	0.01024	0.00837	0.01143	0.00679	0.00672	0.01978	0.01517	0.46718	0.25023	0.02786	0.08211	0.00859	0.00579	0.00169	0.00380	0.00724	0.03414	0.00754
44	0.01093	0.02820	0.78016	0.01554	0.02360	0.01266	0.02014	0.01727	0.01151	0.01727	0.00978	0.01151	0.00691	0.00518	0.00518	0.00173	0.00806	0.00403	0.00230	0.00806
45	0.01349	0.01295	0.02213	0.03346	0.77440	0.01295	0.01673	0.01673	0.01241	0.01781	0.01025	0.01349	0.00864	0.00486	0.00540	0.00162	0.00648	0.00486	0.00270	0.00864
46	0.01543	0.00888	0.01086	0.00910	0.01196	0.00880	0.00722	0.11206	0.13146	0.25747	0.32940	0.02727	0.02907	0.00863	0.00588	0.00172	0.00391	0.00732	0.00609	0.00748
47	0.01349	0.01295	0.02213	0.03346	0.77440	0.01295	0.01673	0.01673	0.01241	0.01781	0.01025	0.01349	0.00864	0.00486	0.00540	0.00162	0.00648	0.00486	0.00270	0.00864
48	0.21475	0.01499	0.01263	0.01097	0.01431	0.18233	0.00864	0.13730	0.27255	0.05718	0.01427	0.01411	0.01070	0.00629	0.00488	0.00167	0.00577	0.00459	0.00447	0.00761
49	0.09882	0.01709	0.01722	0.02028	0.30168	0.27005	0.01228	0.10629	0.01478	0.06123	0.01029	0.01203	0.00815	0.00552	0.00529	0.00157	0.02216	0.00426	0.00335	0.00766
50	0.00861	0.00574	0.00656	0.00630	0.00777	0.00550	0.00474	0.01168	0.05498	0.02022	0.36712	0.03501	0.15864	0.00984	0.00554	0.00160	0.00269	0.00839	0.27384	0.00523
51	0.00998	0.00993	0.00869	0.00908	0.01010	0.18481	0.00644	0.01108	0.01163	0.01375	0.02611	0.50111	0.09356	0.02757	0.02631	0.00221	0.02662	0.01173	0.00439	0.00491
52	0.00772	0.00557	0.00729	0.00686	0.00814	0.00514	0.00514	0.01029	0.01543	0.02186	0.77152	0.04072	0.05144	0.01115	0.00643	0.00171	0.00257	0.00986	0.00600	0.00514
53	0.01134	0.01103	0.01533	0.01422	0.05537	0.03140	0.01110	0.01281	0.00882	0.01329	0.00890	0.01393	0.00857	0.01568	0.17598	0.00364	0.57520	0.00497	0.00252	0.00589
54	0.00793	0.00529	0.00595	0.00595	0.00595	0.00529	0.00330	0.00793	0.00793	0.01057	0.01718	0.03568	0.01982	0.80840	0.02775	0.00529	0.00529	0.00793	0.00330	0.00330
55	0.00731	0.00526	0.00692	0.00713	0.00806	0.00487	0.00511	0.00927	0.01355	0.01887	0.49193	0.32885	0.04564	0.01338	0.00663	0.00190	0.00279	0.01199	0.00565	0.00487
56	0.01025	0.00614	0.00807	0.00726	0.00901	0.00557	0.00556	0.01272	0.01538	0.13748	0.63903	0.03762	0.06340	0.01054	0.00629	0.00171	0.00289	0.00923	0.00609	0.00576
57	0.84691	0.01054	0.00801	0.00717	0.01054	0.01223	0.00590	0.01603	0.00928	0.02446	0.00759	0.00886	0.00590	0.00506	0.00337	0.00169	0.00422	0.00295	0.00337	0.00590
58	0.24423	0.01992	0.36707	0.01275	0.01807	0.08823	0.05980	0.01643	0.01126	0.01856	0.01110	0.08849	0.00958	0.00632	0.00490	0.00174	0.00676	0.00495	0.00295	0.00689
59	0.01030	0.00969	0.01635	0.79530	0.03755	0.01211	0.01514	0.01393	0.01090	0.01393	0.00969	0.01453	0.00727	0.00545	0.00545	0.00182	0.00727	0.00484	0.00242	0.00606
60	0.00853	0.00573	0.00747	0.00694	0.00835	0.00527	0.00524	0.01108	0.01533	0.05576	0.71735	0.03917	0.04872	0.01082	0.00632	0.00170	0.00266	0.00953	0.02870	0.00533
61	0.00707	0.00523	0.00658	0.00740	0.00809	0.00488	0.00503	0.00854	0.03398	0.01441	0.05075	0.62145	0.10625	0.05960	0.00791	0.00228	0.00329	0.01390	0.00495	0.02841
62	0.06675	0.01065	0.01723	0.44060	0.24727	0.01203	0.02697	0.01549	0.02439	0.04221	0.03782	0.01504	0.00956	0.00552	0.00535	0.00174	0.00656	0.00498	0.00290	0.00694
63	0.01269	0.01206	0.02045	0.13254	0.63149	0.01236	0.01583	0.01589	0.01224	0.01729	0.03250	0.03889	0.01052	0.00549	0.00548	0.00167	0.00637	0.00533	0.00283	0.00807
64	0.00664	0.00474	0.00633	0.00759	0.00791	0.00443	0.00506	0.00759	0.01044	0.01392	0.03005	0.80485	0.03606	0.01708	0.00696	0.00221	0.00316	0.01550	0.00506	0.00443
