[name]
unknown

[dist]
# distance from previous block
# <min> <max>
18	669

[block]
# block no. 0 follows, 46 sequences, length 70
# corresponding to MSA columns:
# 690-706,709-761
name=unknown_A
#
# <colnr> <probs for GDERKNQSTAVLIFYWHMCP>
#	G	D	E	R	K	N	Q	S	T	A	V	L	I	F	Y	W	H	M	C	P
0	0.11784	0.07215	0.19383	0.01169	0.03194	0.04872	0.01107	0.16521	0.10052	0.12169	0.02989	0.01455	0.01054	0.00692	0.02596	0.00180	0.00601	0.01793	0.00406	0.00767
1	0.01339	0.05167	0.09872	0.01364	0.09752	0.10783	0.05469	0.07931	0.10455	0.06674	0.01576	0.08902	0.02796	0.03121	0.06148	0.00223	0.00656	0.03276	0.01978	0.02517
2	0.01509	0.13048	0.12535	0.02666	0.01627	0.05994	0.05382	0.14137	0.10682	0.11136	0.02800	0.02831	0.01074	0.00584	0.00487	0.00148	0.00574	0.00469	0.02591	0.09727
3	0.03657	0.01311	0.10400	0.01410	0.14197	0.02544	0.02692	0.18731	0.02927	0.07151	0.06656	0.03321	0.05136	0.00626	0.00509	0.00147	0.00528	0.00522	0.00400	0.17133
4	0.01497	0.01100	0.01476	0.03588	0.19026	0.04748	0.04576	0.03873	0.10141	0.19536	0.04267	0.03576	0.04009	0.00617	0.00517	0.00150	0.00515	0.00537	0.00426	0.15826
5	0.01223	0.01112	0.01875	0.24754	0.28729	0.01118	0.11243	0.01545	0.01162	0.05290	0.01031	0.01337	0.00807	0.00478	0.00514	0.00151	0.00633	0.00465	0.00283	0.16250
6	0.01096	0.00940	0.01096	0.00783	0.01253	0.00705	0.00626	0.01331	0.01096	0.01723	0.00940	0.01096	0.00783	0.00392	0.00392	0.00078	0.00392	0.00313	0.00313	0.84653
7	0.01652	0.01982	0.01546	0.01372	0.01537	0.48659	0.01075	0.01780	0.01227	0.01285	0.00769	0.01034	0.00686	0.00695	0.00973	0.00174	0.32311	0.00389	0.00256	0.00599
8	0.00625	0.00536	0.00536	0.00536	0.00714	0.00446	0.00402	0.00759	0.01205	0.01428	0.05355	0.05088	0.77909	0.01339	0.00625	0.00179	0.00268	0.01116	0.00491	0.00446
9	0.00644	0.00535	0.00558	0.00553	0.00720	0.00455	0.00411	0.00789	0.01229	0.01503	0.14250	0.04900	0.66693	0.03586	0.00683	0.00187	0.00272	0.01086	0.00497	0.00449
10	0.00768	0.00515	0.00587	0.00587	0.00591	0.00518	0.00334	0.00776	0.00772	0.01033	0.01656	0.03406	0.01899	0.78394	0.05685	0.00526	0.00548	0.00761	0.00319	0.00326
11	0.00625	0.00536	0.00536	0.00536	0.00714	0.00446	0.00402	0.00759	0.01205	0.01428	0.05355	0.05088	0.77909	0.01339	0.00625	0.00179	0.00268	0.01116	0.00491	0.00446
12	0.00644	0.00460	0.00613	0.00736	0.00767	0.00429	0.00491	0.00736	0.01012	0.01350	0.02914	0.81076	0.03497	0.01656	0.00675	0.00215	0.00307	0.01503	0.00491	0.00429
13	0.02372	0.00900	0.01227	0.00941	0.01350	0.00777	0.00777	0.02576	0.01513	0.78489	0.02086	0.01799	0.01309	0.00654	0.00532	0.00164	0.00450	0.00532	0.00654	0.00900
14	0.01413	0.81739	0.02770	0.00905	0.01357	0.02092	0.00905	0.01583	0.01074	0.01244	0.00735	0.00848	0.00678	0.00452	0.00339	0.00113	0.00565	0.00283	0.00226	0.00678
15	0.01413	0.81739	0.02770	0.00905	0.01357	0.02092	0.00905	0.01583	0.01074	0.01244	0.00735	0.00848	0.00678	0.00452	0.00339	0.00113	0.00565	0.00283	0.00226	0.00678
16	0.00644	0.00460	0.00613	0.00736	0.00767	0.00429	0.00491	0.00736	0.01012	0.01350	0.02914	0.81076	0.03497	0.01656	0.00675	0.00215	0.00307	0.01503	0.00491	0.00429
17	0.85155	0.01022	0.00777	0.00695	0.01022	0.01186	0.00573	0.01554	0.00900	0.02372	0.00736	0.00859	0.00573	0.00491	0.00327	0.00164	0.00409	0.00286	0.00327	0.00573
18	0.00821	0.00494	0.00616	0.00616	0.00616	0.00494	0.00369	0.00741	0.00741	0.00988	0.01406	0.02816	0.01574	0.53796	0.02474	0.29707	0.00494	0.00661	0.00289	0.00289
19	0.01960	0.04651	0.01532	0.01350	0.01627	0.77222	0.01018	0.02097	0.01487	0.01292	0.00815	0.00951	0.00681	0.00542	0.00473	0.00136	0.00943	0.00339	0.00271	0.00615
20	0.01413	0.81739	0.02770	0.00905	0.01357	0.02092	0.00905	0.01583	0.01074	0.01244	0.00735	0.00848	0.00678	0.00452	0.00339	0.00113	0.00565	0.00283	0.00226	0.00678
21	0.00742	0.00538	0.00700	0.00664	0.00787	0.00496	0.00496	0.00985	0.01476	0.02083	0.74090	0.06069	0.06678	0.01103	0.00625	0.00168	0.00251	0.00975	0.00577	0.00496
22	0.71950	0.01095	0.00906	0.00778	0.01120	0.01258	0.00641	0.13435	0.01152	0.02524	0.00821	0.00924	0.00624	0.00514	0.00359	0.00163	0.00436	0.00316	0.00359	0.00624
23	0.00769	0.00513	0.00577	0.00577	0.00577	0.00513	0.00320	0.00769	0.00769	0.01025	0.01666	0.03460	0.01922	0.81421	0.02691	0.00513	0.00513	0.00769	0.00320	0.00320
24	0.01121	0.01107	0.01612	0.19308	0.01901	0.01518	0.01227	0.01290	0.00866	0.01290	0.00750	0.01214	0.00696	0.00835	0.01460	0.00219	0.62309	0.00464	0.00232	0.00580
25	0.85155	0.01022	0.00777	0.00695	0.01022	0.01186	0.00573	0.01554	0.00900	0.02372	0.00736	0.00859	0.00573	0.00491	0.00327	0.00164	0.00409	0.00286	0.00327	0.00573
26	0.02010	0.01481	0.01587	0.01216	0.01639	0.01639	0.01005	0.76360	0.02486	0.03332	0.01269	0.01269	0.00899	0.00635	0.00529	0.00159	0.00582	0.00476	0.00529	0.00899
27	0.02293	0.01026	0.01305	0.01000	0.01412	0.00964	0.00826	0.18553	0.01724	0.62216	0.01909	0.01685	0.01220	0.00650	0.00531	0.00163	0.00478	0.00520	0.00627	0.00900
28	0.01217	0.04339	0.17884	0.02043	0.02624	0.01341	0.59192	0.01686	0.01216	0.01675	0.01035	0.01346	0.00772	0.00457	0.00591	0.00174	0.00859	0.00567	0.00257	0.00725
29	0.00625	0.00536	0.00536	0.00536	0.00714	0.00446	0.00402	0.00759	0.01205	0.01428	0.05355	0.05088	0.77909	0.01339	0.00625	0.00179	0.00268	0.01116	0.00491	0.00446
30	0.01070	0.00905	0.01054	0.00766	0.01198	0.00689	0.00602	0.01286	0.01070	0.01666	0.00998	0.01287	0.00875	0.06933	0.00577	0.00113	0.00401	0.00350	0.00314	0.77844
31	0.01315	0.01136	0.01195	0.01076	0.01375	0.01315	0.00837	0.02809	0.77168	0.02211	0.02152	0.01972	0.01614	0.00717	0.00538	0.00179	0.00418	0.00598	0.00538	0.00837
32	0.01105	0.00958	0.01150	0.00883	0.03582	0.00759	0.00679	0.01337	0.01088	0.01704	0.00931	0.01105	0.00781	0.00416	0.00451	0.00087	0.03733	0.00324	0.00308	0.78618
33	0.01907	0.02406	0.01508	0.01364	0.01614	0.72842	0.01033	0.02041	0.01441	0.01292	0.00807	0.00970	0.00682	0.00576	0.00581	0.00144	0.07561	0.00351	0.00269	0.00610
34	0.00635	0.00512	0.00566	0.00603	0.00733	0.00443	0.00433	0.00759	0.01154	0.01426	0.06983	0.29038	0.52006	0.01431	0.00641	0.00190	0.00279	0.01233	0.00494	0.00443
35	0.01413	0.81739	0.02770	0.00905	0.01357	0.02092	0.00905	0.01583	0.01074	0.01244	0.00735	0.00848	0.00678	0.00452	0.00339	0.00113	0.00565	0.00283	0.00226	0.00678
36	0.02372	0.00900	0.01227	0.00941	0.01350	0.00777	0.00777	0.02576	0.01513	0.78489	0.02086	0.01799	0.01309	0.00654	0.00532	0.00164	0.00450	0.00532	0.00654	0.00900
37	0.00651	0.00465	0.00621	0.00744	0.00778	0.00435	0.00503	0.00748	0.01019	0.01357	0.02910	0.78591	0.03481	0.01650	0.00677	0.00216	0.00313	0.03920	0.00491	0.00431
38	0.02372	0.00900	0.01227	0.00941	0.01350	0.00777	0.00777	0.02576	0.01513	0.78489	0.02086	0.01799	0.01309	0.00654	0.00532	0.00164	0.00450	0.00532	0.00654	0.00900
39	0.00758	0.00554	0.00788	0.00788	0.00861	0.00627	0.00584	0.00904	0.00831	0.01181	0.01473	0.02391	0.01458	0.21536	0.61941	0.00773	0.01211	0.00612	0.00292	0.00438
40	0.01999	0.01458	0.01568	0.01206	0.01626	0.01611	0.00995	0.72709	0.04480	0.04998	0.01311	0.01300	0.00928	0.00637	0.00529	0.00159	0.00574	0.00481	0.00532	0.00897
41	0.85155	0.01022	0.00777	0.00695	0.01022	0.01186	0.00573	0.01554	0.00900	0.02372	0.00736	0.00859	0.00573	0.00491	0.00327	0.00164	0.00409	0.00286	0.00327	0.00573
42	0.00644	0.00518	0.00574	0.00599	0.00736	0.00448	0.00434	0.00781	0.01192	0.01489	0.13154	0.23272	0.51535	0.01386	0.00637	0.00186	0.00275	0.01191	0.00501	0.00448
43	0.00625	0.00536	0.00536	0.00536	0.00714	0.00446	0.00402	0.00759	0.01205	0.01428	0.05355	0.05088	0.77909	0.01339	0.00625	0.00179	0.00268	0.01116	0.00491	0.00446
44	0.00644	0.00460	0.00613	0.00736	0.00767	0.00429	0.00491	0.00736	0.01012	0.01350	0.02914	0.81076	0.03497	0.01656	0.00675	0.00215	0.00307	0.01503	0.00491	0.00429
45	0.01936	0.02455	0.01504	0.01363	0.01623	0.75596	0.01028	0.02071	0.01465	0.01293	0.00811	0.00963	0.00682	0.00563	0.00537	0.00141	0.04743	0.00346	0.00270	0.00611
46	0.03401	0.01085	0.01574	0.66185	0.05446	0.06294	0.01393	0.05687	0.01167	0.01498	0.00946	0.01354	0.00714	0.00533	0.00520	0.00172	0.00704	0.00457	0.00257	0.00613
47	0.00755	0.00566	0.00850	0.00850	0.00944	0.00661	0.00661	0.00944	0.00850	0.01227	0.01416	0.02077	0.01322	0.03965	0.79326	0.00850	0.01416	0.00566	0.00283	0.00472
48	0.00755	0.00566	0.00850	0.00850	0.00944	0.00661	0.00661	0.00944	0.00850	0.01227	0.01416	0.02077	0.01322	0.03965	0.79326	0.00850	0.01416	0.00566	0.00283	0.00472
49	0.00748	0.00540	0.00707	0.00665	0.00790	0.00499	0.00499	0.00998	0.01496	0.02120	0.77844	0.03949	0.04988	0.01081	0.00624	0.00166	0.00249	0.00956	0.00582	0.00499
50	0.01966	0.01925	0.01388	0.01219	0.01527	0.48783	0.00935	0.02328	0.13211	0.19573	0.01322	0.01310	0.00973	0.00597	0.00499	0.00149	0.00752	0.00425	0.00403	0.00715
51	0.01133	0.00938	0.01100	0.00788	0.01256	0.00707	0.00631	0.01367	0.01108	0.03953	0.00973	0.01117	0.00798	0.00399	0.00396	0.00081	0.00393	0.00320	0.00323	0.82220
52	0.00625	0.00536	0.00536	0.00536	0.00714	0.00446	0.00402	0.00759	0.01205	0.01428	0.05355	0.05088	0.77909	0.01339	0.00625	0.00179	0.00268	0.01116	0.00491	0.00446
53	0.00985	0.00493	0.00493	0.00493	0.00616	0.00493	0.00370	0.01232	0.01109	0.01971	0.01725	0.01971	0.01355	0.00616	0.00370	0.00123	0.00246	0.00493	0.84356	0.00493
54	0.01315	0.01136	0.01195	0.01076	0.01375	0.01315	0.00837	0.02809	0.77168	0.02211	0.02152	0.01972	0.01614	0.00717	0.00538	0.00179	0.00418	0.00598	0.00538	0.00837
55	0.01096	0.00940	0.01096	0.00783	0.01253	0.00705	0.00626	0.01331	0.01096	0.01723	0.00940	0.01096	0.00783	0.00392	0.00392	0.00078	0.00392	0.00313	0.00313	0.84653
56	0.02010	0.01481	0.01587	0.01216	0.01639	0.01639	0.01005	0.76360	0.02486	0.03332	0.01269	0.01269	0.00899	0.00635	0.00529	0.00159	0.00582	0.00476	0.00529	0.00899
57	0.00998	0.00940	0.01586	0.80150	0.03641	0.01175	0.01468	0.01351	0.01057	0.01351	0.00940	0.01409	0.00705	0.00529	0.00529	0.00176	0.00705	0.00470	0.00235	0.00587
58	0.02055	0.01408	0.01541	0.01182	0.01603	0.01531	0.00976	0.67080	0.02363	0.12785	0.01372	0.01336	0.00951	0.00637	0.00529	0.00159	0.00565	0.00483	0.00545	0.00899
59	0.02358	0.00922	0.01241	0.00951	0.01361	0.00811	0.00786	0.05460	0.01551	0.75552	0.02054	0.01779	0.01293	0.00654	0.00532	0.00163	0.00455	0.00529	0.00649	0.00900
60	0.00644	0.00460	0.00613	0.00736	0.00767	0.00429	0.00491	0.00736	0.01012	0.01350	0.02914	0.81076	0.03497	0.01656	0.00675	0.00215	0.00307	0.01503	0.00491	0.00429
61	0.00852	0.00608	0.00852	0.00974	0.01095	0.00608	0.00852	0.01095	0.01217	0.01582	0.02799	0.05963	0.03042	0.01460	0.00730	0.00243	0.00487	0.74565	0.00487	0.00487
62	0.01315	0.01136	0.01195	0.01076	0.01375	0.01315	0.00837	0.02809	0.77168	0.02211	0.02152	0.01972	0.01614	0.00717	0.00538	0.00179	0.00418	0.00598	0.00538	0.00837
63	0.80924	0.01016	0.00800	0.00708	0.01039	0.01165	0.00583	0.01606	0.00931	0.06263	0.00805	0.00907	0.00610	0.00499	0.00338	0.00164	0.00411	0.00299	0.00344	0.00589
64	0.01300	0.01248	0.02131	0.05261	0.76171	0.01254	0.01618	0.01615	0.01200	0.01717	0.00993	0.01311	0.00834	0.00473	0.00524	0.00158	0.00630	0.00471	0.00261	0.00831
65	0.00784	0.00608	0.00904	0.00888	0.00976	0.00729	0.00696	0.00967	0.00847	0.01230	0.01365	0.02011	0.01277	0.03749	0.73809	0.00806	0.07036	0.00559	0.00280	0.00480
66	0.01146	0.00938	0.01101	0.00789	0.01257	0.00708	0.00632	0.01380	0.01113	0.04722	0.00984	0.01124	0.00804	0.00402	0.00397	0.00082	0.00394	0.00322	0.00327	0.81380
67	0.00625	0.00536	0.00536	0.00536	0.00714	0.00446	0.00402	0.00759	0.01205	0.01428	0.05355	0.05088	0.77909	0.01339	0.00625	0.00179	0.00268	0.01116	0.00491	0.00446
68	0.01157	0.01157	0.01619	0.01388	0.01388	0.01619	0.01157	0.01272	0.00810	0.01272	0.00694	0.01157	0.00694	0.00925	0.01735	0.00231	0.80453	0.00463	0.00231	0.00578
69	0.01315	0.01136	0.01195	0.01076	0.01375	0.01315	0.00837	0.02809	0.77168	0.02211	0.02152	0.01972	0.01614	0.00717	0.00538	0.00179	0.00418	0.00598	0.00538	0.00837

[dist]
# distance from previous block
# <min> <max>
0	9

[block]
# block no. 1 follows, 46 sequences, length 81
# corresponding to MSA columns:
# 771-800,819-869
name=unknown_B
#
# <colnr> <probs for GDERKNQSTAVLIFYWHMCP>
#	G	D	E	R	K	N	Q	S	T	A	V	L	I	F	Y	W	H	M	C	P
0	0.85155	0.01022	0.00777	0.00695	0.01022	0.01186	0.00573	0.01554	0.00900	0.02372	0.00736	0.00859	0.00573	0.00491	0.00327	0.00164	0.00409	0.00286	0.00327	0.00573
1	0.00852	0.00608	0.00852	0.00974	0.01095	0.00608	0.00852	0.01095	0.01217	0.01582	0.02799	0.05963	0.03042	0.01460	0.00730	0.00243	0.00487	0.74565	0.00487	0.00487
2	0.01248	0.01426	0.03119	0.02228	0.02763	0.01337	0.76203	0.01693	0.01248	0.01693	0.01070	0.01426	0.00802	0.00446	0.00624	0.00178	0.00891	0.00624	0.00267	0.00713
3	0.01157	0.01157	0.01619	0.01388	0.01388	0.01619	0.01157	0.01272	0.00810	0.01272	0.00694	0.01157	0.00694	0.00925	0.01735	0.00231	0.80453	0.00463	0.00231	0.00578
4	0.01517	0.01114	0.01219	0.01061	0.01383	0.01244	0.00835	0.06265	0.61527	0.14458	0.02099	0.01911	0.01531	0.00703	0.00536	0.00176	0.00431	0.00581	0.00556	0.00850
5	0.00748	0.00540	0.00707	0.00665	0.00790	0.00499	0.00499	0.00998	0.01496	0.02120	0.77844	0.03949	0.04988	0.01081	0.00624	0.00166	0.00249	0.00956	0.00582	0.00499
6	0.00644	0.00460	0.00613	0.00736	0.00767	0.00429	0.00491	0.00736	0.01012	0.01350	0.02914	0.81076	0.03497	0.01656	0.00675	0.00215	0.00307	0.01503	0.00491	0.00429
7	0.00756	0.00563	0.00832	0.00832	0.00920	0.00651	0.00638	0.00932	0.00844	0.01214	0.01433	0.02168	0.01361	0.09081	0.74265	0.00827	0.01356	0.00580	0.00286	0.00462
8	0.40055	0.00956	0.01022	0.00829	0.01201	0.00963	0.00684	0.02111	0.01234	0.43841	0.01471	0.01371	0.00974	0.00580	0.00439	0.00164	0.00431	0.00420	0.00505	0.00751
9	0.01910	0.00811	0.01113	0.00951	0.01272	0.00726	0.00800	0.02127	0.01423	0.55141	0.02302	0.03063	0.01835	0.00899	0.00592	0.00188	0.00461	0.23007	0.00603	0.00774
10	0.01060	0.02735	0.78682	0.01507	0.02288	0.01228	0.01953	0.01674	0.01116	0.01674	0.00949	0.01116	0.00670	0.00502	0.00502	0.00167	0.00781	0.00391	0.00223	0.00781
11	0.01139	0.00938	0.01101	0.00788	0.01256	0.00707	0.00631	0.01373	0.01110	0.04301	0.00978	0.01120	0.00801	0.00400	0.00396	0.00081	0.00393	0.00321	0.00325	0.81839
12	0.00998	0.00940	0.01586	0.80150	0.03641	0.01175	0.01468	0.01351	0.01057	0.01351	0.00940	0.01409	0.00705	0.00529	0.00529	0.00176	0.00705	0.00470	0.00235	0.00587
13	0.85155	0.01022	0.00777	0.00695	0.01022	0.01186	0.00573	0.01554	0.00900	0.02372	0.00736	0.00859	0.00573	0.00491	0.00327	0.00164	0.00409	0.00286	0.00327	0.00573
14	0.00644	0.00460	0.00613	0.00736	0.00767	0.00429	0.00491	0.00736	0.01012	0.01350	0.02914	0.81076	0.03497	0.01656	0.00675	0.00215	0.00307	0.01503	0.00491	0.00429
15	0.01176	0.00987	0.01139	0.00821	0.01287	0.00787	0.00660	0.07914	0.01218	0.01864	0.00969	0.01111	0.00793	0.00413	0.00404	0.00085	0.00408	0.00327	0.00332	0.77305
16	0.00644	0.00460	0.00613	0.00736	0.00767	0.00429	0.00491	0.00736	0.01012	0.01350	0.02914	0.81076	0.03497	0.01656	0.00675	0.00215	0.00307	0.01503	0.00491	0.00429
17	0.01425	0.06353	0.17293	0.01455	0.10240	0.07789	0.01210	0.13822	0.27792	0.02056	0.01389	0.01432	0.01055	0.00611	0.00557	0.00166	0.03689	0.00477	0.00389	0.00798
18	0.01019	0.02506	0.70848	0.01429	0.02135	0.01148	0.01806	0.01580	0.01106	0.01642	0.01146	0.09140	0.00953	0.00618	0.00520	0.00172	0.00734	0.00502	0.00250	0.00746
19	0.01308	0.01256	0.02146	0.03245	0.78123	0.01256	0.01622	0.01622	0.01204	0.01727	0.00994	0.01308	0.00837	0.00471	0.00523	0.00157	0.00628	0.00471	0.00262	0.00837
20	0.00635	0.00494	0.00579	0.00647	0.00743	0.00437	0.00451	0.00746	0.01098	0.01385	0.04004	0.47149	0.36720	0.01515	0.00652	0.00199	0.00289	0.01330	0.00491	0.00437
21	0.00671	0.00480	0.00645	0.00767	0.00810	0.00453	0.00538	0.00783	0.01039	0.01380	0.02899	0.71176	0.03437	0.01630	0.00682	0.00218	0.00330	0.11132	0.00490	0.00437
22	0.01118	0.00952	0.01108	0.00793	0.01262	0.00727	0.00635	0.03082	0.01129	0.01760	0.00947	0.01100	0.00786	0.00397	0.00395	0.00080	0.00396	0.00317	0.00318	0.82698
23	0.01228	0.01566	0.11220	0.02151	0.02712	0.01325	0.68243	0.01691	0.01234	0.01691	0.01057	0.01393	0.00788	0.00452	0.00611	0.00177	0.00879	0.00599	0.00263	0.00720
24	0.00755	0.00566	0.00850	0.00850	0.00944	0.00661	0.00661	0.00944	0.00850	0.01227	0.01416	0.02077	0.01322	0.03965	0.79326	0.00850	0.01416	0.00566	0.00283	0.00472
25	0.00663	0.00468	0.00608	0.00712	0.00738	0.00442	0.00465	0.00741	0.00976	0.01301	0.02728	0.69521	0.03262	0.13531	0.00975	0.00259	0.00337	0.01394	0.00465	0.00413
26	0.01646	0.01937	0.01834	0.07214	0.25526	0.43760	0.07248	0.01876	0.01358	0.01464	0.00900	0.01131	0.00741	0.00513	0.00506	0.00149	0.00831	0.00412	0.00266	0.00689
27	0.01328	0.48645	0.27010	0.01176	0.01737	0.01720	0.05642	0.01657	0.01115	0.04395	0.00875	0.01004	0.00707	0.00476	0.00415	0.00136	0.00649	0.00347	0.00244	0.00722
28	0.00648	0.00462	0.00612	0.00731	0.00761	0.00432	0.00486	0.00737	0.01005	0.01340	0.02877	0.78793	0.03450	0.04002	0.00734	0.00223	0.00313	0.01481	0.00486	0.00426
29	0.85155	0.01022	0.00777	0.00695	0.01022	0.01186	0.00573	0.01554	0.00900	0.02372	0.00736	0.00859	0.00573	0.00491	0.00327	0.00164	0.00409	0.00286	0.00327	0.00573
30	0.00755	0.00566	0.00850	0.00850	0.00944	0.00661	0.00661	0.00944	0.00850	0.01227	0.01416	0.02077	0.01322	0.03965	0.79326	0.00850	0.01416	0.00566	0.00283	0.00472
31	0.01628	0.01259	0.01401	0.01234	0.05565	0.01398	0.00942	0.37616	0.30379	0.04272	0.05250	0.01800	0.01423	0.00701	0.00542	0.00169	0.00502	0.02555	0.00522	0.00842
32	0.01994	0.01954	0.01546	0.01283	0.01637	0.37005	0.01012	0.42548	0.02036	0.02404	0.01063	0.01125	0.00800	0.00594	0.00505	0.00148	0.00751	0.00414	0.00412	0.00769
33	0.01157	0.01157	0.01619	0.01388	0.01388	0.01619	0.01157	0.01272	0.00810	0.01272	0.00694	0.01157	0.00694	0.00925	0.01735	0.00231	0.80453	0.00463	0.00231	0.00578
34	0.00657	0.00538	0.00555	0.00563	0.00735	0.00459	0.00431	0.00804	0.01201	0.01464	0.05012	0.05000	0.69248	0.01313	0.00620	0.00180	0.00282	0.06047	0.04440	0.00451
35	0.01620	0.00759	0.01011	0.00835	0.01113	0.00690	0.00667	0.04532	0.01506	0.40936	0.32489	0.02659	0.02774	0.01001	0.04762	0.00201	0.00425	0.00702	0.00601	0.00716
36	0.85155	0.01022	0.00777	0.00695	0.01022	0.01186	0.00573	0.01554	0.00900	0.02372	0.00736	0.00859	0.00573	0.00491	0.00327	0.00164	0.00409	0.00286	0.00327	0.00573
37	0.01308	0.01256	0.02146	0.03245	0.78123	0.01256	0.01622	0.01622	0.01204	0.01727	0.00994	0.01308	0.00837	0.00471	0.00523	0.00157	0.00628	0.00471	0.00262	0.00837
38	0.00918	0.00459	0.00689	0.00689	0.00689	0.00459	0.00459	0.00689	0.00689	0.00918	0.00918	0.01607	0.00918	0.01837	0.02066	0.84619	0.00459	0.00459	0.00230	0.00230
39	0.01157	0.01157	0.01619	0.01388	0.01388	0.01619	0.01157	0.01272	0.00810	0.01272	0.00694	0.01157	0.00694	0.00925	0.01735	0.00231	0.80453	0.00463	0.00231	0.00578
40	0.00644	0.00460	0.00613	0.00736	0.00767	0.00429	0.00491	0.00736	0.01012	0.01350	0.02914	0.81076	0.03497	0.01656	0.00675	0.00215	0.00307	0.01503	0.00491	0.00429
41	0.85155	0.01022	0.00777	0.00695	0.01022	0.01186	0.00573	0.01554	0.00900	0.02372	0.00736	0.00859	0.00573	0.00491	0.00327	0.00164	0.00409	0.00286	0.00327	0.00573
42	0.01291	0.01208	0.01614	0.01361	0.01428	0.01622	0.01133	0.13131	0.01074	0.01598	0.00785	0.01174	0.00726	0.00879	0.01544	0.00220	0.67839	0.00465	0.00278	0.00629
43	0.00814	0.00526	0.00779	0.00779	0.00836	0.00582	0.00573	0.00845	0.00788	0.01108	0.01250	0.01974	0.01206	0.06853	0.48160	0.30713	0.01032	0.00538	0.00266	0.00378
44	0.01296	0.01280	0.02254	0.02771	0.52564	0.01281	0.18158	0.01774	0.09884	0.01775	0.01143	0.01410	0.00918	0.00493	0.00547	0.00164	0.00663	0.00520	0.00294	0.00810
45	0.00924	0.00787	0.01173	0.29915	0.04529	0.00911	0.00984	0.05292	0.01104	0.01472	0.01830	0.35683	0.01974	0.01075	0.00707	0.00198	0.07837	0.02695	0.00368	0.00542
46	0.01084	0.01176	0.12674	0.21304	0.19422	0.00997	0.01236	0.03827	0.01279	0.04347	0.20833	0.02103	0.04126	0.00681	0.00548	0.00165	0.00549	0.00601	0.00361	0.02688
47	0.00777	0.00595	0.00877	0.00865	0.00950	0.00705	0.00670	0.00953	0.00844	0.01220	0.01390	0.02096	0.01318	0.07620	0.71420	0.00800	0.05578	0.00571	0.00282	0.00470
48	0.01351	0.01153	0.01215	0.01083	0.01388	0.01332	0.00845	0.06588	0.73332	0.02269	0.02106	0.01936	0.01577	0.00713	0.00537	0.00178	0.00427	0.00591	0.00537	0.00840
49	0.01096	0.00940	0.01096	0.00783	0.01253	0.00705	0.00626	0.01331	0.01096	0.01723	0.00940	0.01096	0.00783	0.00392	0.00392	0.00078	0.00392	0.00313	0.00313	0.84653
50	0.00648	0.00467	0.00615	0.00732	0.00772	0.00434	0.00495	0.00746	0.01026	0.01359	0.03026	0.75754	0.06990	0.01637	0.00674	0.00214	0.00309	0.03181	0.00491	0.00432
51	0.00968	0.01039	0.07812	0.03230	0.01648	0.00970	0.21907	0.01251	0.01016	0.01421	0.01375	0.02243	0.01285	0.08291	0.28315	0.00449	0.07599	0.08322	0.00293	0.00565
52	0.00998	0.00940	0.01586	0.80150	0.03641	0.01175	0.01468	0.01351	0.01057	0.01351	0.00940	0.01409	0.00705	0.00529	0.00529	0.00176	0.00705	0.00470	0.00235	0.00587
53	0.85155	0.01022	0.00777	0.00695	0.01022	0.01186	0.00573	0.01554	0.00900	0.02372	0.00736	0.00859	0.00573	0.00491	0.00327	0.00164	0.00409	0.00286	0.00327	0.00573
54	0.00769	0.00513	0.00577	0.00577	0.00577	0.00513	0.00320	0.00769	0.00769	0.01025	0.01666	0.03460	0.01922	0.81421	0.02691	0.00513	0.00513	0.00769	0.00320	0.00320
55	0.01559	0.32762	0.07168	0.10286	0.06094	0.03581	0.01117	0.27729	0.01586	0.02043	0.00976	0.01106	0.00767	0.00531	0.00452	0.00143	0.00614	0.00391	0.00336	0.00759
56	0.01956	0.01454	0.01556	0.01206	0.01619	0.01615	0.00992	0.70711	0.08222	0.03246	0.01337	0.01323	0.00954	0.00641	0.00530	0.00160	0.00569	0.00485	0.00530	0.00894
57	0.01157	0.01157	0.01619	0.01388	0.01388	0.01619	0.01157	0.01272	0.00810	0.01272	0.00694	0.01157	0.00694	0.00925	0.01735	0.00231	0.80453	0.00463	0.00231	0.00578
58	0.00865	0.00670	0.00805	0.00753	0.00916	0.00676	0.00569	0.01382	0.18345	0.02083	0.55116	0.06065	0.07621	0.01031	0.00606	0.00171	0.00290	0.00901	0.00565	0.00569
59	0.85155	0.01022	0.00777	0.00695	0.01022	0.01186	0.00573	0.01554	0.00900	0.02372	0.00736	0.00859	0.00573	0.00491	0.00327	0.00164	0.00409	0.00286	0.00327	0.00573
60	0.00793	0.00558	0.00688	0.00666	0.00729	0.00567	0.00439	0.00869	0.00823	0.01153	0.01545	0.02869	0.01659	0.52058	0.23988	0.00567	0.00751	0.00673	0.02239	0.06365
61	0.00918	0.00459	0.00689	0.00689	0.00689	0.00459	0.00459	0.00689	0.00689	0.00918	0.00918	0.01607	0.00918	0.01837	0.02066	0.84619	0.00459	0.00459	0.00230	0.00230
62	0.01546	0.01250	0.01326	0.01123	0.01463	0.01423	0.00893	0.27275	0.52326	0.02584	0.01858	0.01738	0.01376	0.00690	0.00535	0.00172	0.00473	0.00557	0.00535	0.00857
63	0.85155	0.01022	0.00777	0.00695	0.01022	0.01186	0.00573	0.01554	0.00900	0.02372	0.00736	0.00859	0.00573	0.00491	0.00327	0.00164	0.00409	0.00286	0.00327	0.00573
64	0.01157	0.01157	0.01619	0.01388	0.01388	0.01619	0.01157	0.01272	0.00810	0.01272	0.00694	0.01157	0.00694	0.00925	0.01735	0.00231	0.80453	0.00463	0.00231	0.00578
65	0.01185	0.01241	0.02092	0.01653	0.01821	0.01530	0.24790	0.01405	0.00948	0.01405	0.00812	0.01241	0.00728	0.00774	0.01385	0.00215	0.55398	0.00513	0.00243	0.00621
66	0.01335	0.57275	0.02421	0.01051	0.01366	0.01948	0.00981	0.01489	0.00994	0.01252	0.00723	0.00942	0.00683	0.00596	0.00763	0.00149	0.24819	0.00337	0.00228	0.00648
67	0.00862	0.00591	0.00860	0.00878	0.00995	0.00649	0.00709	0.01067	0.00981	0.05004	0.01809	0.03057	0.01762	0.03093	0.53718	0.00646	0.01106	0.19514	0.02203	0.00497
68	0.01468	0.01656	0.01126	0.01042	0.01207	0.44480	0.00742	0.03194	0.01217	0.01235	0.01172	0.01948	0.01179	0.30889	0.05017	0.00311	0.00802	0.00514	0.00296	0.00503
69	0.01413	0.81739	0.02770	0.00905	0.01357	0.02092	0.00905	0.01583	0.01074	0.01244	0.00735	0.00848	0.00678	0.00452	0.00339	0.00113	0.00565	0.00283	0.00226	0.00678
70	0.01157	0.01157	0.01619	0.01388	0.01388	0.01619	0.01157	0.01272	0.00810	0.01272	0.00694	0.01157	0.00694	0.00925	0.01735	0.00231	0.80453	0.00463	0.00231	0.00578
71	0.01341	0.01137	0.01209	0.01077	0.01376	0.01312	0.00841	0.07764	0.69112	0.02250	0.02063	0.01928	0.01554	0.00837	0.03584	0.00204	0.00468	0.00588	0.00527	0.00827
72	0.02372	0.00900	0.01227	0.00941	0.01350	0.00777	0.00777	0.02576	0.01513	0.78489	0.02086	0.01799	0.01309	0.00654	0.00532	0.00164	0.00450	0.00532	0.00654	0.00900
73	0.00794	0.03304	0.05196	0.00745	0.00914	0.00606	0.00619	0.01053	0.01400	0.01970	0.61467	0.03707	0.04255	0.02844	0.04362	0.00208	0.00364	0.05150	0.00525	0.00515
74	0.01060	0.02735	0.78682	0.01507	0.02288	0.01228	0.01953	0.01674	0.01116	0.01674	0.00949	0.01116	0.00670	0.00502	0.00502	0.00167	0.00781	0.00391	0.00223	0.00781
75	0.01485	0.01514	0.01628	0.01597	0.12327	0.18793	0.01147	0.11528	0.07389	0.01688	0.00957	0.01213	0.00812	0.00721	0.01029	0.00186	0.34540	0.00449	0.00309	0.00686
76	0.47220	0.04726	0.03401	0.01038	0.01390	0.18930	0.07853	0.01682	0.01089	0.01948	0.00800	0.00957	0.00638	0.00501	0.00423	0.00154	0.02049	0.00337	0.00300	0.04564
77	0.01095	0.01057	0.04777	0.01366	0.01610	0.01074	0.20702	0.04876	0.03232	0.03611	0.03682	0.12263	0.01685	0.03053	0.05573	0.00250	0.16543	0.12584	0.00362	0.00604
78	0.00934	0.00485	0.00708	0.00704	0.00715	0.00492	0.00474	0.00771	0.03646	0.00968	0.00966	0.01621	0.00945	0.01793	0.02007	0.81354	0.00458	0.00464	0.00241	0.00253
79	0.85155	0.01022	0.00777	0.00695	0.01022	0.01186	0.00573	0.01554	0.00900	0.02372	0.00736	0.00859	0.00573	0.00491	0.00327	0.00164	0.00409	0.00286	0.00327	0.00573
80	0.00652	0.00464	0.00614	0.00727	0.00758	0.00435	0.00483	0.00744	0.01012	0.01352	0.04572	0.75654	0.03457	0.05399	0.00769	0.00228	0.00315	0.01456	0.00485	0.00426

[dist]
# distance from previous block
# <min> <max>
0	6

[block]
# block no. 2 follows, 46 sequences, length 29
# corresponding to MSA columns:
# 876-904
name=unknown_C
#
# <colnr> <probs for GDERKNQSTAVLIFYWHMCP>
#	G	D	E	R	K	N	Q	S	T	A	V	L	I	F	Y	W	H	M	C	P
0	0.01389	0.52613	0.15625	0.03505	0.01700	0.09927	0.05719	0.01654	0.01136	0.01353	0.00807	0.00957	0.00686	0.00472	0.00405	0.00131	0.00667	0.00334	0.00233	0.00689
1	0.00862	0.00633	0.00777	0.00740	0.00879	0.00569	0.00544	0.01055	0.01519	0.02120	0.65632	0.06178	0.13941	0.01199	0.00676	0.00192	0.00300	0.01020	0.00606	0.00557
2	0.18956	0.00924	0.01137	0.00891	0.01284	0.00859	0.00736	0.02372	0.01390	0.63241	0.01815	0.01611	0.01161	0.00622	0.00491	0.00164	0.00442	0.00482	0.00589	0.00834
3	0.00756	0.00562	0.00829	0.00829	0.00916	0.00650	0.00635	0.00931	0.00843	0.01212	0.01435	0.02182	0.01367	0.09869	0.73485	0.00824	0.01347	0.00582	0.00286	0.00460
4	0.01389	0.61941	0.13705	0.01041	0.01512	0.06999	0.01075	0.01619	0.01098	0.01311	0.00770	0.00906	0.00678	0.00484	0.00426	0.00127	0.03697	0.00309	0.00229	0.00685
5	0.00669	0.00483	0.00648	0.03779	0.00861	0.00465	0.00514	0.00763	0.00993	0.01321	0.02729	0.71257	0.03252	0.08552	0.00845	0.00239	0.00340	0.01399	0.00466	0.00426
6	0.01157	0.01157	0.01619	0.01388	0.01388	0.01619	0.01157	0.01272	0.00810	0.01272	0.00694	0.01157	0.00694	0.00925	0.01735	0.00231	0.80453	0.00463	0.00231	0.00578
7	0.85155	0.01022	0.00777	0.00695	0.01022	0.01186	0.00573	0.01554	0.00900	0.02372	0.00736	0.00859	0.00573	0.00491	0.00327	0.00164	0.00409	0.00286	0.00327	0.00573
8	0.01228	0.01307	0.04735	0.07637	0.37348	0.01269	0.28162	0.01587	0.01175	0.01647	0.01022	0.01378	0.00826	0.00639	0.04059	0.00200	0.04248	0.00527	0.00260	0.00748
9	0.00755	0.00566	0.00850	0.00850	0.00944	0.00661	0.00661	0.00944	0.00850	0.01227	0.01416	0.02077	0.01322	0.03965	0.79326	0.00850	0.01416	0.00566	0.00283	0.00472
10	0.01326	0.01132	0.01192	0.01064	0.01365	0.01301	0.00830	0.06538	0.70598	0.02241	0.02220	0.02047	0.04299	0.00735	0.00541	0.00178	0.00421	0.00610	0.00536	0.00826
11	0.01339	0.01148	0.01209	0.01081	0.01384	0.01326	0.00843	0.05381	0.74557	0.02251	0.02121	0.01948	0.01589	0.00714	0.00538	0.00179	0.00424	0.00593	0.00538	0.00839
12	0.01320	0.52309	0.02350	0.01081	0.01368	0.01919	0.00997	0.01470	0.00978	0.01254	0.00720	0.00961	0.00684	0.00625	0.00849	0.00156	0.29742	0.00348	0.00228	0.00642
13	0.00723	0.00527	0.00680	0.00669	0.00781	0.00484	0.00491	0.00939	0.01397	0.01948	0.60761	0.16919	0.09317	0.01193	0.00632	0.00175	0.00260	0.01058	0.00561	0.00484
14	0.00656	0.00527	0.00585	0.00590	0.00738	0.00456	0.00435	0.00811	0.01249	0.01578	0.21811	0.14126	0.51946	0.01318	0.00631	0.00180	0.00268	0.01126	0.00512	0.00456
15	0.18289	0.01110	0.01169	0.07738	0.01512	0.01281	0.00846	0.06956	0.48440	0.04505	0.01706	0.01651	0.01273	0.00648	0.00494	0.00174	0.00452	0.00514	0.00472	0.00768
16	0.01429	0.23330	0.20521	0.05512	0.07860	0.04318	0.10776	0.14725	0.01389	0.03931	0.00992	0.01153	0.00762	0.00509	0.00481	0.00151	0.00684	0.00418	0.00300	0.00757
17	0.01098	0.02183	0.51310	0.01497	0.02022	0.01356	0.04610	0.01548	0.01024	0.01548	0.00873	0.01141	0.00683	0.00634	0.00897	0.00188	0.26023	0.00423	0.00228	0.00714
18	0.04480	0.01215	0.01407	0.01082	0.01496	0.01251	0.00893	0.42111	0.02017	0.36073	0.01610	0.01489	0.01069	0.00639	0.00524	0.00161	0.00519	0.00495	0.00578	0.00890
19	0.00701	0.00522	0.00653	0.00656	0.00770	0.00473	0.00478	0.00894	0.01333	0.01816	0.47272	0.21198	0.18771	0.01258	0.00635	0.00179	0.00266	0.01108	0.00544	0.00473
20	0.01529	0.05547	0.01759	0.25589	0.18670	0.18324	0.03791	0.06660	0.01338	0.10240	0.01069	0.01294	0.00811	0.00534	0.00510	0.00158	0.00705	0.00445	0.00316	0.00711
21	0.00795	0.00569	0.00719	0.03937	0.00912	0.00524	0.00526	0.01013	0.01391	0.05231	0.50726	0.06043	0.23399	0.01121	0.00617	0.00171	0.00283	0.00973	0.00545	0.00505
22	0.00652	0.00537	0.00573	0.00564	0.00731	0.00458	0.00423	0.00812	0.01270	0.01581	0.21408	0.04836	0.61761	0.01282	0.00625	0.00176	0.00264	0.01080	0.00511	0.00458
23	0.05239	0.01240	0.07117	0.09195	0.01791	0.04335	0.07040	0.08163	0.08345	0.33552	0.01530	0.01530	0.01051	0.00627	0.00618	0.00171	0.06699	0.00501	0.00467	0.00789
24	0.04055	0.06435	0.05810	0.06814	0.06526	0.36296	0.01080	0.09029	0.07708	0.09653	0.01121	0.01209	0.00851	0.00564	0.00488	0.00150	0.00738	0.00409	0.00351	0.00712
25	0.01144	0.01139	0.01617	0.07658	0.01567	0.01584	0.01181	0.01279	0.00829	0.01279	0.00714	0.01177	0.00695	0.00894	0.01639	0.00227	0.74105	0.00463	0.00232	0.00579
26	0.01903	0.05844	0.01567	0.01382	0.04194	0.67728	0.01024	0.05123	0.01499	0.01404	0.00842	0.00978	0.00698	0.00537	0.00472	0.00135	0.00893	0.00347	0.00282	0.03147
27	0.01602	0.02776	0.01339	0.01152	0.06161	0.01088	0.03491	0.15942	0.19253	0.21801	0.10172	0.02094	0.06479	0.00723	0.00542	0.00164	0.00461	0.00606	0.00527	0.03626
28	0.05201	0.01293	0.01379	0.01124	0.01494	0.01444	0.00908	0.40215	0.31635	0.07151	0.01640	0.01558	0.01189	0.00662	0.00524	0.00167	0.00503	0.00519	0.00531	0.00861

[dist]
# distance from previous block
# <min> <max>
0	1

[block]
# block no. 3 follows, 46 sequences, length 144
# corresponding to MSA columns:
# 906-1049
name=unknown_D
#
# <colnr> <probs for GDERKNQSTAVLIFYWHMCP>
#	G	D	E	R	K	N	Q	S	T	A	V	L	I	F	Y	W	H	M	C	P
0	0.32511	0.03803	0.13075	0.01377	0.05816	0.01248	0.19242	0.05898	0.02861	0.05084	0.03721	0.01253	0.00888	0.00520	0.00471	0.00166	0.00603	0.00445	0.00329	0.00690
1	0.01096	0.00940	0.01096	0.00783	0.01253	0.00705	0.00626	0.01331	0.01096	0.01723	0.00940	0.01096	0.00783	0.00392	0.00392	0.00078	0.00392	0.00313	0.00313	0.84653
2	0.00656	0.00469	0.00627	0.00750	0.00786	0.00440	0.00512	0.00757	0.01024	0.01363	0.02907	0.76674	0.03470	0.01645	0.00678	0.00216	0.00317	0.05784	0.00491	0.00433
3	0.00769	0.00513	0.00577	0.00577	0.00577	0.00513	0.00320	0.00769	0.00769	0.01025	0.01666	0.03460	0.01922	0.81421	0.02691	0.00513	0.00513	0.00769	0.00320	0.00320
4	0.00651	0.00465	0.00622	0.00744	0.00778	0.00436	0.00503	0.00748	0.01019	0.01358	0.02910	0.78501	0.03481	0.01650	0.00677	0.00216	0.00313	0.04008	0.00491	0.00431
5	0.00755	0.00566	0.00850	0.00850	0.00944	0.00661	0.00661	0.00944	0.00850	0.01227	0.01416	0.02077	0.01322	0.03965	0.79326	0.00850	0.01416	0.00566	0.00283	0.00472
6	0.00741	0.00540	0.00696	0.00657	0.00785	0.00496	0.00493	0.00983	0.01479	0.02077	0.73394	0.04019	0.09465	0.01097	0.00624	0.00167	0.00251	0.00966	0.00576	0.00496
7	0.02328	0.00970	0.01270	0.00974	0.01384	0.00881	0.00804	0.11474	0.01630	0.69426	0.01987	0.01735	0.01259	0.00652	0.00531	0.00163	0.00466	0.00525	0.00639	0.00900
8	0.01157	0.01157	0.01619	0.01388	0.01388	0.01619	0.01157	0.01272	0.00810	0.01272	0.00694	0.01157	0.00694	0.00925	0.01735	0.00231	0.80453	0.00463	0.00231	0.00578
9	0.05839	0.00912	0.01192	0.00935	0.01327	0.00820	0.00770	0.02473	0.05930	0.66600	0.02021	0.01864	0.01328	0.00666	0.00525	0.00164	0.00446	0.02543	0.00620	0.03025
10	0.02372	0.00900	0.01227	0.00941	0.01350	0.00777	0.00777	0.02576	0.01513	0.78489	0.02086	0.01799	0.01309	0.00654	0.00532	0.00164	0.00450	0.00532	0.00654	0.00900
11	0.04558	0.00634	0.00752	0.00690	0.00855	0.00625	0.00528	0.03752	0.05871	0.05341	0.50962	0.03173	0.03670	0.00919	0.00554	0.00159	0.00285	0.00791	0.15330	0.00551
12	0.01157	0.01157	0.01619	0.01388	0.01388	0.01619	0.01157	0.01272	0.00810	0.01272	0.00694	0.01157	0.00694	0.00925	0.01735	0.00231	0.80453	0.00463	0.00231	0.00578
13	0.02010	0.01481	0.01587	0.01216	0.01639	0.01639	0.01005	0.76360	0.02486	0.03332	0.01269	0.01269	0.00899	0.00635	0.00529	0.00159	0.00582	0.00476	0.00529	0.00899
14	0.36783	0.01072	0.01114	0.00896	0.01274	0.01127	0.00739	0.17503	0.01460	0.31141	0.01354	0.01297	0.00917	0.00582	0.00446	0.00163	0.00460	0.00418	0.00492	0.00763
15	0.01975	0.02520	0.01498	0.01362	0.01634	0.79299	0.01021	0.02111	0.01498	0.01294	0.00817	0.00953	0.00681	0.00545	0.00477	0.00136	0.00953	0.00340	0.00272	0.00613
16	0.01127	0.00958	0.01113	0.00797	0.01266	0.00736	0.00639	0.03837	0.01143	0.01776	0.00951	0.01102	0.00787	0.00400	0.00396	0.00081	0.00398	0.00319	0.00320	0.81855
17	0.00755	0.00566	0.00850	0.00850	0.00944	0.00661	0.00661	0.00944	0.00850	0.01227	0.01416	0.02077	0.01322	0.03965	0.79326	0.00850	0.01416	0.00566	0.00283	0.00472
18	0.01784	0.29633	0.01937	0.01201	0.01539	0.50366	0.00981	0.04297	0.01384	0.01342	0.00803	0.00927	0.00687	0.00516	0.00431	0.00129	0.00809	0.00325	0.00265	0.00644
19	0.00998	0.00811	0.00940	0.00721	0.01049	0.00647	0.00534	0.01162	0.00998	0.01512	0.01158	0.01808	0.01126	0.24807	0.01084	0.00209	0.00428	0.00450	0.00315	0.59242
20	0.00644	0.00460	0.00613	0.00736	0.00767	0.00429	0.00491	0.00736	0.01012	0.01350	0.02914	0.81076	0.03497	0.01656	0.00675	0.00215	0.00307	0.01503	0.00491	0.00429
21	0.01122	0.00953	0.01128	0.04081	0.01357	0.00758	0.00674	0.04448	0.01162	0.01784	0.02780	0.01184	0.00885	0.00424	0.00408	0.00088	0.00409	0.00342	0.00325	0.75690
22	0.01825	0.00779	0.01052	0.00848	0.01161	0.00683	0.00683	0.02045	0.01507	0.52785	0.27584	0.02523	0.02547	0.00798	0.00563	0.00164	0.00382	0.00674	0.00630	0.00765
23	0.01196	0.00970	0.01174	0.00957	0.06032	0.00781	0.00703	0.05050	0.01177	0.04986	0.01031	0.01226	0.00852	0.03126	0.00489	0.00105	0.00422	0.00355	0.00335	0.69032
24	0.01413	0.81739	0.02770	0.00905	0.01357	0.02092	0.00905	0.01583	0.01074	0.01244	0.00735	0.00848	0.00678	0.00452	0.00339	0.00113	0.00565	0.00283	0.00226	0.00678
25	0.01468	0.21661	0.30854	0.01256	0.03307	0.12525	0.01306	0.04613	0.01277	0.11157	0.03369	0.01314	0.00947	0.00558	0.00472	0.00150	0.00679	0.02037	0.00314	0.00737
26	0.01447	0.22191	0.07381	0.01009	0.01391	0.01367	0.00902	0.02234	0.34358	0.14072	0.03882	0.01769	0.04468	0.00657	0.00488	0.00158	0.00478	0.00521	0.00451	0.00776
27	0.00733	0.00536	0.00688	0.00659	0.00783	0.00491	0.00491	0.00965	0.01448	0.02025	0.68155	0.08131	0.10657	0.01132	0.00626	0.00170	0.00254	0.00998	0.00570	0.00491
28	0.03399	0.02786	0.07329	0.07614	0.01538	0.00865	0.02944	0.04927	0.01367	0.35766	0.03411	0.05079	0.08334	0.00834	0.00566	0.00179	0.00498	0.11330	0.00508	0.00726
29	0.06430	0.02967	0.13935	0.16075	0.41573	0.02714	0.02955	0.04151	0.01193	0.01730	0.00964	0.01254	0.00767	0.00493	0.00507	0.00162	0.00660	0.00444	0.00264	0.00761
30	0.00696	0.00504	0.00662	0.00769	0.00834	0.00477	0.00563	0.00825	0.01071	0.01401	0.03069	0.53462	0.10209	0.04315	0.00752	0.00228	0.00353	0.18885	0.00484	0.00441
31	0.30214	0.17246	0.04064	0.01272	0.07961	0.03905	0.10648	0.10109	0.01253	0.07444	0.00965	0.01092	0.00741	0.00505	0.00432	0.00154	0.00572	0.00388	0.00335	0.00702
32	0.06161	0.03076	0.03268	0.06363	0.06769	0.07820	0.02567	0.01504	0.05681	0.01448	0.00846	0.01197	0.00755	0.00772	0.01241	0.00203	0.48995	0.00449	0.00262	0.00624
33	0.00628	0.00536	0.00541	0.00539	0.00716	0.00448	0.00405	0.00766	0.01214	0.01449	0.07520	0.05054	0.75731	0.01331	0.00625	0.00178	0.00267	0.01111	0.00494	0.00448
34	0.02972	0.10739	0.20516	0.02519	0.01803	0.01246	0.11653	0.14546	0.01391	0.06632	0.02900	0.03104	0.02557	0.00558	0.00495	0.00147	0.00611	0.00473	0.00346	0.14793
35	0.01502	0.24719	0.01908	0.01273	0.03554	0.27288	0.01037	0.01649	0.01131	0.01297	0.00762	0.01004	0.00692	0.00636	0.00847	0.00159	0.26791	0.00367	0.00247	0.03136
36	0.00759	0.00558	0.00802	0.00811	0.00892	0.00628	0.00615	0.00923	0.00877	0.01243	0.03524	0.04661	0.01640	0.14253	0.60921	0.00740	0.01188	0.04203	0.00311	0.00452
37	0.08947	0.01339	0.01681	0.15769	0.33667	0.12907	0.01275	0.06577	0.01281	0.05408	0.01015	0.01268	0.00805	0.00606	0.02632	0.00175	0.00673	0.00436	0.00303	0.03236
38	0.00998	0.00940	0.01586	0.80150	0.03641	0.01175	0.01468	0.01351	0.01057	0.01351	0.00940	0.01409	0.00705	0.00529	0.00529	0.00176	0.00705	0.00470	0.00235	0.00587
39	0.00998	0.00940	0.01586	0.80150	0.03641	0.01175	0.01468	0.01351	0.01057	0.01351	0.00940	0.01409	0.00705	0.00529	0.00529	0.00176	0.00705	0.00470	0.00235	0.00587
40	0.01267	0.01214	0.02071	0.13475	0.68216	0.01245	0.01602	0.01586	0.01184	0.01677	0.00987	0.01322	0.00820	0.00479	0.00524	0.00160	0.00638	0.00471	0.00258	0.00804
41	0.00763	0.00535	0.00689	0.00689	0.00728	0.00574	0.00460	0.00841	0.00802	0.01108	0.01563	0.02891	0.01675	0.49571	0.34203	0.00651	0.00884	0.00686	0.00305	0.00383
42	0.02372	0.00900	0.01227	0.00941	0.01350	0.00777	0.00777	0.02576	0.01513	0.78489	0.02086	0.01799	0.01309	0.00654	0.00532	0.00164	0.00450	0.00532	0.00654	0.00900
43	0.02372	0.00900	0.01227	0.00941	0.01350	0.00777	0.00777	0.02576	0.01513	0.78489	0.02086	0.01799	0.01309	0.00654	0.00532	0.00164	0.00450	0.00532	0.00654	0.00900
44	0.00827	0.00594	0.00821	0.00939	0.01055	0.00588	0.00807	0.01054	0.01199	0.01557	0.02894	0.12222	0.05581	0.01473	0.00722	0.00239	0.00464	0.65995	0.00487	0.00481
45	0.00746	0.00536	0.00718	0.00757	0.00857	0.00507	0.00581	0.00954	0.01305	0.01794	0.40656	0.24175	0.04139	0.01319	0.00662	0.00197	0.00321	0.18759	0.00536	0.00478
46	0.01409	0.01073	0.01298	0.01079	0.01387	0.01159	0.05714	0.18876	0.31638	0.07979	0.17969	0.02189	0.02088	0.00842	0.02695	0.00189	0.00479	0.00643	0.00529	0.00766
47	0.01285	0.01705	0.27216	0.03872	0.29827	0.01257	0.07118	0.01674	0.01151	0.08067	0.01037	0.01278	0.00798	0.00554	0.00678	0.00172	0.10796	0.00460	0.00278	0.00777
48	0.00721	0.00515	0.00700	0.00811	0.00879	0.00494	0.00613	0.00874	0.01113	0.01478	0.07775	0.50776	0.03441	0.01553	0.00690	0.00221	0.00364	0.26035	0.00495	0.00453
49	0.01413	0.81739	0.02770	0.00905	0.01357	0.02092	0.00905	0.01583	0.01074	0.01244	0.00735	0.00848	0.00678	0.00452	0.00339	0.00113	0.00565	0.00283	0.00226	0.00678
50	0.01241	0.21191	0.24646	0.18142	0.04758	0.06456	0.05764	0.01593	0.01118	0.03545	0.00940	0.01222	0.00752	0.03092	0.00587	0.00167	0.03439	0.00413	0.00249	0.00684
51	0.01890	0.01421	0.01519	0.01192	0.01594	0.01584	0.00976	0.63726	0.15315	0.03139	0.01421	0.01390	0.01022	0.00649	0.00530	0.00162	0.00554	0.00497	0.00530	0.00888
52	0.00744	0.00540	0.00701	0.00661	0.00787	0.00497	0.00496	0.00990	0.01487	0.02098	0.75562	0.03985	0.07284	0.01089	0.00624	0.00167	0.00250	0.00961	0.00579	0.00497
53	0.85155	0.01022	0.00777	0.00695	0.01022	0.01186	0.00573	0.01554	0.00900	0.02372	0.00736	0.00859	0.00573	0.00491	0.00327	0.00164	0.00409	0.00286	0.00327	0.00573
54	0.02955	0.01207	0.07837	0.16296	0.05282	0.02489	0.11170	0.15296	0.01443	0.13404	0.03300	0.09836	0.04488	0.00727	0.00559	0.00174	0.00598	0.01823	0.00407	0.00709
55	0.00633	0.00520	0.00558	0.00583	0.00728	0.00444	0.00424	0.00762	0.01174	0.01435	0.07321	0.21223	0.59569	0.01398	0.00635	0.00186	0.00275	0.01193	0.00494	0.00444
56	0.00741	0.00540	0.00694	0.00656	0.00781	0.00496	0.00489	0.00979	0.01464	0.02057	0.72027	0.04006	0.09198	0.02751	0.00666	0.00174	0.00256	0.00962	0.00571	0.00492
57	0.01259	0.28666	0.25651	0.01424	0.01969	0.04099	0.20184	0.01633	0.01165	0.02948	0.03399	0.03369	0.00931	0.00525	0.00487	0.00152	0.00707	0.00462	0.00263	0.00708
58	0.01650	0.01315	0.09677	0.01596	0.02091	0.01076	0.36652	0.02010	0.01348	0.31698	0.04331	0.01636	0.01144	0.00556	0.00576	0.00171	0.00684	0.00578	0.00426	0.00785
