[name]
unknown

[dist]
# distance from previous block
# <min> <max>
0	41

[block]
# block no. 0 follows, 44 sequences, length 31
# corresponding to MSA columns:
# 41-71
name=unknown_A
#
# <colnr> <probs for GDERKNQSTAVLIFYWHMCP>
#	G	D	E	R	K	N	Q	S	T	A	V	L	I	F	Y	W	H	M	C	P
0	0.00879	0.00628	0.00879	0.01004	0.01130	0.00628	0.00879	0.01130	0.01255	0.01632	0.02887	0.06150	0.03138	0.01506	0.00753	0.00251	0.00502	0.73770	0.00502	0.00502
1	0.01030	0.00969	0.01635	0.79530	0.03755	0.01211	0.01514	0.01393	0.01090	0.01393	0.00969	0.01453	0.00727	0.00545	0.00545	0.00182	0.00727	0.00484	0.00242	0.00606
2	0.00779	0.00523	0.00599	0.00612	0.00616	0.00519	0.00349	0.00789	0.00820	0.01093	0.01856	0.11801	0.02156	0.72370	0.02552	0.00496	0.00506	0.00874	0.00349	0.00342
3	0.02037	0.02598	0.01545	0.01404	0.01685	0.78652	0.01053	0.02177	0.01545	0.01334	0.00843	0.00983	0.00702	0.00562	0.00492	0.00140	0.00983	0.00351	0.00281	0.00632
4	0.01324	0.01325	0.04699	0.07312	0.68650	0.01292	0.01651	0.01697	0.03512	0.01774	0.01057	0.01369	0.00875	0.00498	0.00540	0.00164	0.00651	0.00487	0.00276	0.00848
5	0.01748	0.01287	0.01903	0.01422	0.01871	0.01283	0.21257	0.24322	0.07283	0.17965	0.01438	0.01496	0.01022	0.00590	0.00589	0.00164	0.02681	0.00533	0.00465	0.10681
6	0.09475	0.02643	0.70275	0.01470	0.02229	0.01262	0.01872	0.01714	0.01129	0.01799	0.00956	0.01124	0.00681	0.00517	0.00500	0.00172	0.00767	0.00392	0.00241	0.00784
7	0.00664	0.00474	0.00633	0.00759	0.00791	0.00443	0.00506	0.00759	0.01044	0.01392	0.03005	0.80485	0.03606	0.01708	0.00696	0.00221	0.00316	0.01550	0.00506	0.00443
8	0.01803	0.01321	0.01169	0.00997	0.01310	0.22490	0.00781	0.04775	0.03450	0.30904	0.05804	0.02471	0.18732	0.00825	0.00559	0.00165	0.00561	0.00650	0.00515	0.00718
9	0.01738	0.01240	0.01360	0.01130	0.01491	0.01368	0.00904	0.27933	0.38260	0.13315	0.01917	0.03935	0.01419	0.00728	0.00555	0.00176	0.00491	0.00589	0.00567	0.00883
10	0.00664	0.00474	0.00633	0.00759	0.00791	0.00443	0.00506	0.00759	0.01044	0.01392	0.03005	0.80485	0.03606	0.01708	0.00696	0.00221	0.00316	0.01550	0.00506	0.00443
11	0.02393	0.00916	0.01248	0.00961	0.01373	0.00792	0.00792	0.02605	0.01560	0.75411	0.04537	0.01926	0.01470	0.00689	0.00551	0.00169	0.00457	0.00562	0.00672	0.00915
12	0.01705	0.01394	0.01426	0.01187	0.01551	0.04991	0.00949	0.35182	0.40240	0.02751	0.01752	0.01664	0.01293	0.00694	0.00548	0.00173	0.00531	0.00549	0.00538	0.00881
13	0.01833	0.02244	0.02006	0.01642	0.02003	0.54194	0.21372	0.05262	0.01519	0.01538	0.00934	0.01130	0.00746	0.00538	0.00535	0.00153	0.00949	0.00437	0.00291	0.00673
14	0.01330	0.01085	0.01226	0.00908	0.01365	0.00951	0.00732	0.17787	0.03963	0.02149	0.01239	0.01338	0.03430	0.00503	0.00448	0.00106	0.00444	0.00398	0.00386	0.60213
15	0.02070	0.01147	0.01357	0.01077	0.01466	0.01168	0.00876	0.29315	0.10506	0.36993	0.01904	0.06684	0.01375	0.00741	0.00557	0.00172	0.00501	0.00599	0.00603	0.00889
16	0.01408	0.01445	0.01190	0.01085	0.01363	0.22296	0.00831	0.02303	0.41875	0.01870	0.02464	0.02350	0.15589	0.00811	0.00554	0.00173	0.00553	0.00644	0.00471	0.00724
17	0.01227	0.01171	0.01992	0.32480	0.49262	0.01263	0.01612	0.01566	0.01184	0.01633	0.01004	0.01389	0.00811	0.00508	0.00542	0.00169	0.00678	0.00485	0.00259	0.00765
18	0.00793	0.00529	0.00595	0.00595	0.00595	0.00529	0.00330	0.00793	0.00793	0.01057	0.01718	0.03568	0.01982	0.80840	0.02775	0.00529	0.00529	0.00793	0.00330	0.00330
19	0.01262	0.39125	0.43188	0.01266	0.01915	0.01679	0.01513	0.01683	0.01131	0.01521	0.00876	0.01023	0.00695	0.00494	0.00440	0.00147	0.00703	0.00351	0.00232	0.00757
20	0.01305	0.01250	0.02133	0.13869	0.67262	0.01284	0.01651	0.01634	0.01220	0.01727	0.01018	0.01364	0.00845	0.00494	0.00540	0.00165	0.00659	0.00486	0.00266	0.00828
21	0.01101	0.02769	0.75200	0.01582	0.02378	0.01270	0.04779	0.01727	0.01156	0.01727	0.00983	0.01163	0.00696	0.00516	0.00523	0.00173	0.00810	0.00412	0.00232	0.00803
22	0.84691	0.01054	0.00801	0.00717	0.01054	0.01223	0.00590	0.01603	0.00928	0.02446	0.00759	0.00886	0.00590	0.00506	0.00337	0.00169	0.00422	0.00295	0.00337	0.00590
23	0.00838	0.00645	0.00797	0.00803	0.00955	0.00588	0.00570	0.02975	0.05599	0.01578	0.02494	0.57387	0.02843	0.01354	0.00623	0.00189	0.00349	0.01214	0.00472	0.17726
24	0.00664	0.00474	0.00633	0.00759	0.00791	0.00443	0.00506	0.00759	0.01044	0.01392	0.03005	0.80485	0.03606	0.01708	0.00696	0.00221	0.00316	0.01550	0.00506	0.00443
25	0.00780	0.00684	0.00787	0.00743	0.00889	0.00713	0.00574	0.00977	0.04525	0.01451	0.04156	0.04163	0.53018	0.04939	0.06263	0.00255	0.13179	0.00964	0.00443	0.00496
26	0.00694	0.00546	0.00619	0.00616	0.00761	0.00479	0.00452	0.00863	0.01307	0.01686	0.28921	0.11195	0.43981	0.04546	0.00735	0.00197	0.00284	0.01115	0.00530	0.00471
27	0.01364	0.01205	0.01213	0.01088	0.01391	0.04790	0.00846	0.05662	0.64560	0.02226	0.02362	0.02193	0.07132	0.00775	0.00558	0.00182	0.00452	0.00638	0.00538	0.00826
28	0.01195	0.24691	0.57035	0.01381	0.02092	0.01515	0.01712	0.01700	0.01139	0.01603	0.00917	0.01074	0.00693	0.00504	0.00471	0.00157	0.00744	0.00372	0.00231	0.00776
29	0.01110	0.01051	0.01781	0.60361	0.22295	0.01232	0.01554	0.01463	0.01128	0.01491	0.00983	0.01427	0.00761	0.00530	0.00544	0.00177	0.00707	0.00485	0.00249	0.00671
30	0.01278	0.01443	0.03066	0.02213	0.02711	0.01407	0.68217	0.01704	0.01243	0.01704	0.01065	0.01443	0.00816	0.00508	0.00755	0.00189	0.08616	0.00627	0.00272	0.00722

[dist]
# distance from previous block
# <min> <max>
0	1

[block]
# block no. 1 follows, 44 sequences, length 6
# corresponding to MSA columns:
# 73-78
name=unknown_B
#
# <colnr> <probs for GDERKNQSTAVLIFYWHMCP>
#	G	D	E	R	K	N	Q	S	T	A	V	L	I	F	Y	W	H	M	C	P
0	0.61402	0.01157	0.01002	0.00856	0.01210	0.01326	0.00701	0.16236	0.07663	0.02626	0.00991	0.01066	0.00748	0.00555	0.00397	0.00169	0.00458	0.00361	0.00397	0.00680
1	0.00746	0.00536	0.00581	0.00581	0.00639	0.00507	0.00356	0.00790	0.00933	0.01187	0.02905	0.04091	0.25450	0.56056	0.02110	0.00421	0.00450	0.00904	0.00385	0.00371
2	0.00756	0.00513	0.00605	0.00641	0.00650	0.00504	0.00380	0.00783	0.00864	0.01152	0.02084	0.25467	0.02444	0.58310	0.02183	0.00441	0.00468	0.01008	0.00380	0.00362
3	0.00984	0.00697	0.01127	0.36240	0.02083	0.00806	0.00943	0.01018	0.00881	0.01148	0.00957	0.01565	0.00848	0.01286	0.01416	0.46293	0.00588	0.00478	0.00239	0.00403
4	0.01152	0.01099	0.01830	0.46466	0.27876	0.01285	0.01534	0.01477	0.01114	0.01513	0.00962	0.01393	0.00771	0.00567	0.00669	0.00181	0.08685	0.00484	0.00251	0.00690
5	0.01773	0.01249	0.01372	0.01135	0.01504	0.01376	0.00910	0.27010	0.39597	0.15087	0.01905	0.01764	0.01368	0.00701	0.00551	0.00175	0.00493	0.00563	0.00571	0.00895

[dist]
# distance from previous block
# <min> <max>
2	73

[block]
# block no. 2 follows, 44 sequences, length 22
# corresponding to MSA columns:
# 152-173
name=unknown_C
#
# <colnr> <probs for GDERKNQSTAVLIFYWHMCP>
#	G	D	E	R	K	N	Q	S	T	A	V	L	I	F	Y	W	H	M	C	P
0	0.04666	0.01361	0.01807	0.04944	0.33871	0.07153	0.01321	0.12127	0.06433	0.01924	0.01067	0.01333	0.00880	0.00698	0.02300	0.00192	0.16346	0.00478	0.00325	0.00775
1	0.01515	0.63124	0.05372	0.01048	0.01477	0.13175	0.01002	0.01700	0.01160	0.01308	0.00776	0.00916	0.00700	0.00505	0.00445	0.00128	0.04408	0.00313	0.00240	0.00689
2	0.01224	0.01007	0.01220	0.00878	0.01360	0.00791	0.02926	0.04658	0.01213	0.04641	0.01031	0.01175	0.00833	0.00426	0.00422	0.00091	0.00430	0.00348	0.00344	0.74981
3	0.01123	0.01036	0.01604	0.04508	0.33921	0.04054	0.07905	0.01329	0.01092	0.01482	0.01416	0.08848	0.01444	0.26429	0.01280	0.00287	0.00622	0.00685	0.00310	0.00627
4	0.02072	0.01527	0.01636	0.01254	0.01691	0.01691	0.01036	0.75622	0.02563	0.03436	0.01309	0.01309	0.00927	0.00654	0.00545	0.00164	0.00600	0.00491	0.00545	0.00927
5	0.01449	0.01724	0.26293	0.01385	0.01969	0.01159	0.13800	0.12462	0.01426	0.11680	0.01194	0.01313	0.00860	0.00521	0.00520	0.00151	0.00656	0.00456	0.00362	0.20621
6	0.00957	0.00775	0.00937	0.00752	0.01069	0.00624	0.00583	0.01196	0.01290	0.01911	0.30874	0.06138	0.04439	0.00766	0.00517	0.00125	0.00339	0.00659	0.00444	0.45606
7	0.01960	0.01125	0.01890	0.01404	0.01854	0.01036	0.24808	0.06202	0.03270	0.44564	0.04807	0.01796	0.01320	0.00624	0.00583	0.00174	0.00608	0.00595	0.00534	0.00848
8	0.84691	0.01054	0.00801	0.00717	0.01054	0.01223	0.00590	0.01603	0.00928	0.02446	0.00759	0.00886	0.00590	0.00506	0.00337	0.00169	0.00422	0.00295	0.00337	0.00590
9	0.00921	0.00544	0.00667	0.00660	0.00784	0.00513	0.00486	0.01139	0.01308	0.06195	0.32760	0.19744	0.03396	0.01064	0.00565	0.00168	0.00280	0.00929	0.27356	0.00520
10	0.00669	0.00509	0.00608	0.00675	0.00764	0.00457	0.00466	0.00784	0.01131	0.01450	0.07987	0.46223	0.29691	0.04998	0.00765	0.00219	0.00308	0.01344	0.00504	0.00448
11	0.00772	0.00557	0.00729	0.00686	0.00814	0.00514	0.00514	0.01029	0.01543	0.02186	0.77152	0.04072	0.05144	0.01115	0.00643	0.00171	0.00257	0.00986	0.00600	0.00514
12	0.00664	0.00474	0.00633	0.00759	0.00791	0.00443	0.00506	0.00759	0.01044	0.01392	0.03005	0.80485	0.03606	0.01708	0.00696	0.00221	0.00316	0.01550	0.00506	0.00443
13	0.01111	0.02699	0.71304	0.01621	0.02404	0.01276	0.08604	0.01728	0.01163	0.01728	0.00990	0.01180	0.00703	0.00513	0.00529	0.00174	0.00816	0.00424	0.00234	0.00799
14	0.05685	0.09101	0.01847	0.01946	0.25986	0.39315	0.01219	0.05689	0.01431	0.01633	0.00914	0.01103	0.00760	0.00531	0.00490	0.00148	0.00793	0.00394	0.00289	0.00726
15	0.00940	0.00530	0.00616	0.00616	0.00729	0.00558	0.00464	0.01168	0.01054	0.01778	0.01686	0.02123	0.01410	0.04708	0.22626	0.00354	0.00606	0.00541	0.56997	0.00495
16	0.01150	0.01132	0.02024	0.47062	0.20934	0.01271	0.13277	0.01513	0.01150	0.01538	0.00996	0.01424	0.00775	0.00529	0.00595	0.00179	0.03000	0.00510	0.00254	0.00687
17	0.01201	0.00798	0.00924	0.00721	0.01068	0.00654	0.00569	0.01444	0.01194	0.09015	0.04860	0.01624	0.01248	0.00536	0.00421	0.00108	0.00354	0.00434	0.27230	0.45594
18	0.00848	0.00701	0.01000	0.28947	0.01850	0.00761	0.00849	0.02748	0.01160	0.01514	0.07668	0.24009	0.17063	0.04938	0.00715	0.00207	0.00466	0.00956	0.03083	0.00517
19	0.00863	0.00748	0.00882	0.01005	0.10299	0.00720	0.00655	0.01255	0.13738	0.01632	0.04170	0.04188	0.49605	0.04621	0.00713	0.00199	0.00366	0.03290	0.00477	0.00573
20	0.01154	0.01162	0.02032	0.18559	0.02351	0.01243	0.25901	0.01469	0.01132	0.01604	0.05175	0.01491	0.01017	0.00612	0.00830	0.00177	0.17956	0.00535	0.00287	0.15312
21	0.09016	0.06424	0.01544	0.01272	0.01558	0.45192	0.00997	0.08505	0.05814	0.01680	0.00942	0.01087	0.00773	0.00610	0.00623	0.00155	0.09761	0.00384	0.00319	0.03343

[dist]
# distance from previous block
# <min> <max>
1	9

[block]
# block no. 3 follows, 44 sequences, length 11
# corresponding to MSA columns:
# 183-193
name=unknown_D
#
# <colnr> <probs for GDERKNQSTAVLIFYWHMCP>
#	G	D	E	R	K	N	Q	S	T	A	V	L	I	F	Y	W	H	M	C	P
0	0.01285	0.08650	0.37816	0.01705	0.02335	0.01403	0.25655	0.05884	0.01270	0.04027	0.01043	0.01263	0.00770	0.00525	0.00600	0.00174	0.04058	0.00484	0.00276	0.00776
1	0.01234	0.01000	0.01662	0.33543	0.05630	0.01033	0.13479	0.01555	0.01204	0.10507	0.01529	0.01783	0.06677	0.00595	0.00541	0.00164	0.00620	0.00550	0.05626	0.11068
2	0.05971	0.26699	0.46491	0.01285	0.01940	0.01513	0.01537	0.01740	0.01147	0.05686	0.00961	0.01089	0.00723	0.00510	0.00458	0.00155	0.00697	0.00370	0.00261	0.00768
3	0.01058	0.00748	0.00925	0.00792	0.01028	0.00677	0.00587	0.03462	0.01064	0.07212	0.01551	0.09820	0.01526	0.20693	0.17269	0.00377	0.00655	0.00633	0.00370	0.29554
4	0.01340	0.55877	0.27118	0.01133	0.01709	0.01870	0.01282	0.01663	0.01122	0.01426	0.00829	0.00964	0.00697	0.00483	0.00404	0.00135	0.00655	0.00327	0.00232	0.00734
5	0.84691	0.01054	0.00801	0.00717	0.01054	0.01223	0.00590	0.01603	0.00928	0.02446	0.00759	0.00886	0.00590	0.00506	0.00337	0.00169	0.00422	0.00295	0.00337	0.00590
6	0.00783	0.00569	0.00801	0.00801	0.00872	0.00640	0.00587	0.00925	0.00854	0.01210	0.01529	0.02525	0.01529	0.24707	0.58289	0.00783	0.01210	0.00640	0.00302	0.00445
7	0.01230	0.00687	0.00886	0.00770	0.00987	0.00629	0.00600	0.04395	0.01568	0.20915	0.50856	0.03490	0.08763	0.01005	0.00616	0.00171	0.00323	0.00869	0.00610	0.00630
8	0.00793	0.00529	0.00595	0.00595	0.00595	0.00529	0.00330	0.00793	0.00793	0.01057	0.01718	0.03568	0.01982	0.80840	0.02775	0.00529	0.00529	0.00793	0.00330	0.00330
9	0.01047	0.36210	0.01674	0.00823	0.01105	0.01281	0.00728	0.01219	0.01067	0.01323	0.02128	0.02329	0.19334	0.01835	0.25254	0.00374	0.00787	0.00591	0.00318	0.00575
10	0.00662	0.00483	0.00623	0.00735	0.00784	0.00445	0.00496	0.00762	0.01067	0.01401	0.03294	0.71830	0.12073	0.01670	0.00690	0.00217	0.00312	0.01504	0.00506	0.00445

[dist]
# distance from previous block
# <min> <max>
0	20

[block]
# block no. 4 follows, 44 sequences, length 45
# corresponding to MSA columns:
# 214-258
name=unknown_E
#
# <colnr> <probs for GDERKNQSTAVLIFYWHMCP>
#	G	D	E	R	K	N	Q	S	T	A	V	L	I	F	Y	W	H	M	C	P
0	0.01236	0.36532	0.42128	0.01247	0.01876	0.01617	0.01481	0.01655	0.01150	0.01555	0.04285	0.01162	0.00893	0.00522	0.00451	0.00148	0.00685	0.00381	0.00248	0.00747
1	0.00793	0.00529	0.00595	0.00595	0.00595	0.00529	0.00330	0.00793	0.00793	0.01057	0.01718	0.03568	0.01982	0.80840	0.02775	0.00529	0.00529	0.00793	0.00330	0.00330
2	0.01397	0.05120	0.20634	0.02448	0.40077	0.13570	0.05605	0.01768	0.01264	0.01675	0.00978	0.01230	0.00787	0.00503	0.00525	0.00160	0.00751	0.00445	0.00261	0.00799
3	0.12521	0.60885	0.02484	0.00975	0.01424	0.01967	0.03147	0.08394	0.01222	0.01647	0.00819	0.00934	0.00710	0.00489	0.00375	0.00130	0.00573	0.00321	0.00277	0.00707
4	0.26219	0.01389	0.01392	0.01097	0.01505	0.01554	0.00906	0.53988	0.02085	0.03147	0.01148	0.01185	0.00829	0.00611	0.00485	0.00165	0.00548	0.00434	0.00485	0.00829
5	0.01011	0.00836	0.01103	0.00954	0.01225	0.00761	0.06196	0.05834	0.07034	0.01751	0.02105	0.32384	0.04038	0.01039	0.00580	0.00168	0.00424	0.04835	0.00436	0.27284
6	0.01544	0.01234	0.01504	0.22466	0.02151	0.01329	0.01071	0.35388	0.05304	0.02454	0.01183	0.01342	0.00880	0.00573	0.00514	0.00151	0.00583	0.00457	0.00414	0.19458
7	0.01217	0.01955	0.30071	0.02031	0.02673	0.01338	0.49092	0.01739	0.01238	0.01739	0.01058	0.01356	0.00778	0.00481	0.00598	0.00180	0.00878	0.00557	0.00259	0.00761
8	0.01050	0.01009	0.01762	0.73316	0.03682	0.01225	0.07464	0.01421	0.01106	0.01421	0.00980	0.01455	0.00735	0.00538	0.00553	0.00182	0.00742	0.00497	0.00245	0.00616
9	0.00726	0.00528	0.00586	0.00605	0.00669	0.00494	0.00383	0.00785	0.00975	0.01241	0.03139	0.15349	0.26594	0.43535	0.01781	0.00372	0.00416	0.01019	0.00413	0.00389
10	0.03539	0.00899	0.01007	0.00845	0.01144	0.00882	0.00674	0.18086	0.05676	0.18711	0.08910	0.03253	0.32163	0.00987	0.00588	0.00175	0.00400	0.00809	0.00557	0.00696
11	0.01758	0.01148	0.01296	0.01084	0.01440	0.01238	0.00866	0.15290	0.41221	0.22963	0.04252	0.01921	0.01555	0.00718	0.00554	0.00176	0.00464	0.00587	0.00587	0.00881
12	0.01297	0.01397	0.01501	0.31110	0.02316	0.22310	0.01199	0.01527	0.01132	0.01342	0.00961	0.01380	0.00815	0.01170	0.12708	0.00288	0.16231	0.00462	0.00260	0.00593
13	0.01747	0.01365	0.01453	0.01189	0.01567	0.01539	0.00958	0.42606	0.36109	0.02911	0.01722	0.01638	0.01262	0.00693	0.00550	0.00173	0.00523	0.00548	0.00550	0.00898
14	0.01942	0.01337	0.07347	0.01332	0.01795	0.01212	0.14159	0.23360	0.05397	0.32051	0.01659	0.03312	0.01152	0.00645	0.00566	0.00172	0.00604	0.00563	0.00525	0.00871
15	0.01797	0.01160	0.02109	0.01720	0.09253	0.01064	0.30734	0.02113	0.01397	0.36673	0.01662	0.05164	0.01195	0.00617	0.00592	0.00176	0.00657	0.00625	0.00469	0.00823
16	0.01145	0.13824	0.67460	0.01467	0.02225	0.01391	0.01862	0.01713	0.01145	0.01664	0.00947	0.01112	0.00692	0.00511	0.00494	0.00165	0.00774	0.00387	0.00231	0.00791
17	0.01030	0.00969	0.01635	0.79530	0.03755	0.01211	0.01514	0.01393	0.01090	0.01393	0.00969	0.01453	0.00727	0.00545	0.00545	0.00182	0.00727	0.00484	0.00242	0.00606
18	0.00680	0.00485	0.00644	0.00752	0.00788	0.00459	0.00504	0.00780	0.01045	0.01402	0.05987	0.70210	0.03499	0.06016	0.03738	0.00260	0.00368	0.01449	0.00493	0.00441
19	0.01671	0.23832	0.29677	0.01179	0.01754	0.01368	0.01285	0.03846	0.01311	0.27074	0.01317	0.01314	0.00919	0.00559	0.00482	0.00156	0.00625	0.00423	0.00387	0.00820
20	0.00947	0.00473	0.00710	0.00710	0.00710	0.00473	0.00473	0.00710	0.00710	0.00947	0.00947	0.01657	0.00947	0.01894	0.02131	0.84138	0.00473	0.00473	0.00237	0.00237
21	0.00935	0.00606	0.00813	0.00795	0.00947	0.00568	0.00637	0.01187	0.01466	0.08120	0.50891	0.04460	0.04292	0.01186	0.00665	0.00193	0.00341	0.20774	0.00579	0.00544
22	0.01282	0.01316	0.02475	0.15913	0.19505	0.03602	0.36894	0.01659	0.01229	0.03585	0.01090	0.01462	0.00850	0.00669	0.04276	0.00210	0.02412	0.00563	0.00279	0.00729
23	0.01724	0.00929	0.01054	0.00859	0.01159	0.00944	0.00693	0.24026	0.01684	0.23095	0.01739	0.01767	0.01243	0.00652	0.00476	0.00149	0.00415	0.00514	0.36132	0.00749
24	0.00644	0.00552	0.00552	0.00552	0.00736	0.00460	0.00414	0.00782	0.01243	0.01473	0.05523	0.05247	0.77218	0.01381	0.00644	0.00184	0.00276	0.01151	0.00506	0.00460
25	0.23910	0.02000	0.38180	0.01513	0.02127	0.01283	0.20092	0.01698	0.01124	0.01927	0.00950	0.01159	0.00698	0.00500	0.00500	0.00174	0.00730	0.00434	0.00271	0.00729
26	0.01144	0.02949	0.03751	0.01299	0.04644	0.00854	0.17701	0.01367	0.01180	0.12570	0.02169	0.40682	0.02272	0.01130	0.00680	0.00199	0.03296	0.01051	0.00444	0.00620
27	0.02268	0.00895	0.01187	0.00924	0.01311	0.00792	0.00759	0.04517	0.01539	0.66872	0.02084	0.01861	0.01343	0.00670	0.00529	0.00164	0.00443	0.00542	0.10422	0.00879
28	0.11344	0.01678	0.13628	0.01240	0.01724	0.01570	0.01140	0.55482	0.02153	0.03052	0.01194	0.01236	0.00851	0.00616	0.00517	0.00166	0.00612	0.00455	0.00472	0.00870
29	0.01422	0.01324	0.01237	0.01104	0.01334	0.20233	0.00864	0.20420	0.01474	0.01839	0.01269	0.01641	0.01088	0.02335	0.39290	0.00511	0.01122	0.00503	0.00354	0.00636
30	0.03184	0.23389	0.25110	0.01215	0.01735	0.01396	0.05048	0.04741	0.01253	0.17524	0.01211	0.01321	0.00900	0.00836	0.06801	0.00215	0.02574	0.00433	0.00346	0.00769
31	0.01080	0.01057	0.01536	0.03866	0.14975	0.07179	0.13570	0.01400	0.04719	0.01574	0.03666	0.02640	0.16375	0.01552	0.18068	0.00335	0.00805	0.04622	0.00355	0.00625
32	0.00849	0.00706	0.01055	0.01443	0.21661	0.00677	0.00815	0.01010	0.01118	0.01506	0.02718	0.51386	0.10241	0.01342	0.00648	0.00201	0.00403	0.01220	0.00442	0.00559
33	0.01574	0.25593	0.01961	0.22523	0.02157	0.27595	0.01137	0.06638	0.03287	0.01497	0.00918	0.01127	0.00748	0.00539	0.00469	0.00147	0.00754	0.00386	0.00280	0.00670
34	0.01333	0.00789	0.01233	0.09736	0.03179	0.00752	0.08205	0.01541	0.01255	0.24958	0.05019	0.35163	0.02314	0.01089	0.00623	0.00194	0.00472	0.00990	0.00504	0.00651
35	0.01039	0.01071	0.02177	0.01674	0.02019	0.01003	0.45204	0.01356	0.01204	0.01627	0.04109	0.31059	0.01995	0.00946	0.00663	0.00197	0.00674	0.00992	0.00372	0.00619
36	0.00650	0.00531	0.00574	0.00609	0.00751	0.00455	0.00439	0.00776	0.01188	0.01451	0.04837	0.25738	0.57170	0.01470	0.00658	0.00194	0.00287	0.01259	0.00506	0.00455
37	0.01381	0.01338	0.02050	0.23725	0.36227	0.06618	0.09095	0.09650	0.01369	0.01820	0.01036	0.01361	0.00818	0.00523	0.00549	0.00168	0.00715	0.00493	0.00294	0.00771
38	0.01027	0.01008	0.01931	0.01523	0.01805	0.01056	0.32391	0.01328	0.01047	0.01473	0.01249	0.01781	0.01084	0.02300	0.39445	0.00532	0.07538	0.00601	0.00281	0.00601
39	0.00664	0.00474	0.00633	0.00759	0.00791	0.00443	0.00506	0.00759	0.01044	0.01392	0.03005	0.80485	0.03606	0.01708	0.00696	0.00221	0.00316	0.01550	0.00506	0.00443
40	0.01185	0.01639	0.22575	0.23477	0.27511	0.01275	0.11283	0.01621	0.01182	0.01656	0.01007	0.01340	0.00775	0.00507	0.00549	0.00173	0.00747	0.00484	0.00252	0.00761
41	0.01312	0.28840	0.42597	0.01413	0.05330	0.08637	0.01551	0.01734	0.01177	0.01545	0.00895	0.01052	0.00702	0.00503	0.00460	0.00151	0.00741	0.00365	0.00238	0.00757
42	0.01278	0.01538	0.07218	0.02289	0.05055	0.01370	0.69293	0.01743	0.01278	0.01746	0.01094	0.01450	0.00821	0.00463	0.00634	0.00183	0.00905	0.00626	0.00273	0.00743
43	0.00646	0.00546	0.00559	0.00569	0.00741	0.00459	0.00422	0.00780	0.01226	0.01466	0.05313	0.11505	0.71095	0.01408	0.00649	0.00187	0.00279	0.01184	0.00506	0.00459
44	0.01604	0.22857	0.03933	0.07289	0.01542	0.01301	0.00909	0.11861	0.04303	0.20986	0.13820	0.04183	0.01745	0.00705	0.00513	0.00158	0.00507	0.00565	0.00467	0.00752

[dist]
# distance from previous block
# <min> <max>
21	61

[block]
# block no. 5 follows, 44 sequences, length 37
# corresponding to MSA columns:
# 335-371
name=unknown_F
#
# <colnr> <probs for GDERKNQSTAVLIFYWHMCP>
#	G	D	E	R	K	N	Q	S	T	A	V	L	I	F	Y	W	H	M	C	P
0	0.00841	0.01240	0.23060	0.00942	0.01284	0.00751	0.00938	0.01195	0.05423	0.01583	0.03121	0.24621	0.26982	0.01143	0.00607	0.00187	0.00455	0.00979	0.00421	0.04226
1	0.01397	0.68097	0.15396	0.01036	0.01559	0.02009	0.01113	0.01648	0.01115	0.01357	0.00795	0.00921	0.00698	0.00475	0.00378	0.00126	0.00620	0.00310	0.00233	0.00717
2	0.00664	0.00474	0.00633	0.00759	0.00791	0.00443	0.00506	0.00759	0.01044	0.01392	0.03005	0.80485	0.03606	0.01708	0.00696	0.00221	0.00316	0.01550	0.00506	0.00443
3	0.02017	0.01714	0.01536	0.01239	0.01618	0.20795	0.00995	0.50362	0.02191	0.05598	0.01251	0.01289	0.00913	0.00631	0.00523	0.00156	0.00671	0.00459	0.05212	0.00830
4	0.01093	0.02820	0.78016	0.01554	0.02360	0.01266	0.02014	0.01727	0.01151	0.01727	0.00978	0.01151	0.00691	0.00518	0.00518	0.00173	0.00806	0.00403	0.00230	0.00806
5	0.00661	0.00517	0.00600	0.00656	0.00766	0.00455	0.00463	0.00786	0.01169	0.01478	0.08662	0.39862	0.38955	0.01516	0.00668	0.00201	0.00294	0.01325	0.00512	0.00455
6	0.01130	0.00969	0.01130	0.00807	0.01292	0.00727	0.00646	0.01373	0.01130	0.01776	0.00969	0.01130	0.00807	0.00404	0.00404	0.00081	0.00404	0.00323	0.00323	0.84173
7	0.00646	0.00547	0.00558	0.00566	0.00740	0.00459	0.00420	0.00781	0.01229	0.01467	0.05355	0.10269	0.72305	0.01403	0.00648	0.00187	0.00279	0.01177	0.00506	0.00459
8	0.01016	0.00508	0.00508	0.00508	0.00635	0.00508	0.00381	0.01270	0.01143	0.02033	0.01778	0.02033	0.01397	0.00635	0.00381	0.00127	0.00254	0.00508	0.83867	0.00508
9	0.01093	0.02820	0.78016	0.01554	0.02360	0.01266	0.02014	0.01727	0.01151	0.01727	0.00978	0.01151	0.00691	0.00518	0.00518	0.00173	0.00806	0.00403	0.00230	0.00806
10	0.01742	0.01363	0.01450	0.01188	0.01565	0.01536	0.00956	0.42094	0.36628	0.02903	0.01728	0.01643	0.01267	0.00694	0.00550	0.00173	0.00522	0.00549	0.00550	0.00898
11	0.02046	0.00871	0.01160	0.00918	0.01274	0.00777	0.00747	0.05660	0.01603	0.57093	0.19251	0.02337	0.02197	0.00774	0.00570	0.00169	0.00423	0.00646	0.00652	0.00833
12	0.00666	0.00506	0.00605	0.00678	0.00763	0.00455	0.00466	0.00776	0.01114	0.01425	0.05746	0.48838	0.29109	0.05240	0.00773	0.00221	0.00311	0.01362	0.00500	0.00446
13	0.02072	0.01527	0.01636	0.01254	0.01691	0.01691	0.01036	0.75622	0.02563	0.03436	0.01309	0.01309	0.00927	0.00654	0.00545	0.00164	0.00600	0.00491	0.00545	0.00927
14	0.01016	0.00508	0.00508	0.00508	0.00635	0.00508	0.00381	0.01270	0.01143	0.02033	0.01778	0.02033	0.01397	0.00635	0.00381	0.00127	0.00254	0.00508	0.83867	0.00508
15	0.01458	0.81168	0.02857	0.00933	0.01399	0.02157	0.00933	0.01632	0.01108	0.01283	0.00758	0.00875	0.00700	0.00466	0.00350	0.00117	0.00583	0.00292	0.00233	0.00700
16	0.01972	0.02094	0.01540	0.01323	0.01657	0.45238	0.01027	0.25947	0.10198	0.02117	0.01146	0.01205	0.00882	0.00611	0.00516	0.00153	0.00798	0.00426	0.00397	0.00753
17	0.00672	0.00480	0.00642	0.00768	0.00803	0.00450	0.00520	0.00773	0.01052	0.01401	0.03000	0.77720	0.03588	0.01700	0.00698	0.00223	0.00323	0.04235	0.00506	0.00445
18	0.01058	0.00871	0.01030	0.00816	0.01185	0.00700	0.00629	0.04654	0.01175	0.01757	0.01493	0.20940	0.01511	0.00741	0.00483	0.00120	0.00391	0.00637	0.00379	0.59428
19	0.00966	0.00590	0.00664	0.00667	0.00792	0.00593	0.00489	0.05883	0.03681	0.01960	0.10295	0.25027	0.02425	0.01004	0.00517	0.00164	0.00300	0.00865	0.42591	0.00528
20	0.11715	0.56019	0.02317	0.00932	0.01371	0.03743	0.00878	0.03735	0.01199	0.12346	0.00972	0.01029	0.00785	0.00508	0.00385	0.00132	0.00557	0.00335	0.00318	0.00723
21	0.24563	0.21395	0.01570	0.00956	0.01334	0.05857	0.00815	0.11268	0.12199	0.10258	0.01371	0.01374	0.03753	0.00602	0.00441	0.00156	0.00517	0.00428	0.00408	0.00734
22	0.01342	0.01466	0.01128	0.01076	0.01219	0.33280	0.00788	0.01503	0.04013	0.01359	0.03193	0.19152	0.01795	0.15602	0.01079	0.00244	0.07323	0.03545	0.00361	0.00534
23	0.84691	0.01054	0.00801	0.00717	0.01054	0.01223	0.00590	0.01603	0.00928	0.02446	0.00759	0.00886	0.00590	0.00506	0.00337	0.00169	0.00422	0.00295	0.00337	0.00590
24	0.01109	0.01050	0.01779	0.60519	0.22142	0.01232	0.01554	0.01463	0.01128	0.01490	0.00983	0.01427	0.00761	0.00530	0.00544	0.00177	0.00707	0.00485	0.00249	0.00670
25	0.01334	0.03899	0.01170	0.00915	0.01245	0.00869	0.00733	0.09777	0.01336	0.13275	0.01732	0.18011	0.01648	0.00848	0.00578	0.00152	0.03391	0.06157	0.00446	0.32485
26	0.01130	0.00969	0.01130	0.00807	0.01292	0.00727	0.00646	0.01373	0.01130	0.01776	0.00969	0.01130	0.00807	0.00404	0.00404	0.00081	0.00404	0.00323	0.00323	0.84173
27	0.01923	0.02327	0.01442	0.01308	0.01580	0.66622	0.00985	0.04486	0.03741	0.01495	0.00985	0.01122	0.00802	0.00577	0.00485	0.00141	0.00887	0.00378	0.08076	0.00637
28	0.01158	0.00993	0.01143	0.00844	0.01307	0.00803	0.00672	0.01557	0.10258	0.01838	0.01120	0.01240	0.00911	0.00444	0.00422	0.00093	0.00407	0.00359	0.00351	0.74078
29	0.01349	0.01224	0.02002	0.42109	0.03030	0.01370	0.18522	0.19998	0.01503	0.01985	0.01085	0.01421	0.00800	0.00553	0.00568	0.00178	0.00740	0.00523	0.00326	0.00716
30	0.00764	0.00557	0.00719	0.00678	0.00810	0.00511	0.00509	0.01015	0.01526	0.02146	0.73088	0.04139	0.09234	0.01130	0.00643	0.00172	0.00258	0.00995	0.00595	0.00511
31	0.00744	0.00556	0.00690	0.00657	0.00797	0.00503	0.00492	0.00975	0.01477	0.02030	0.61468	0.04329	0.20925	0.01173	0.00643	0.00174	0.00261	0.01022	0.00580	0.00503
32	0.00955	0.00520	0.00563	0.00552	0.00680	0.00510	0.00414	0.01210	0.01243	0.02071	0.20587	0.02542	0.02332	0.00755	0.00446	0.00138	0.00255	0.00627	0.63089	0.00510
33	0.04530	0.01388	0.01919	0.01446	0.01887	0.01450	0.19545	0.43915	0.02020	0.10439	0.01404	0.05054	0.01058	0.00652	0.00570	0.00172	0.00647	0.00577	0.00483	0.00846
34	0.00756	0.00554	0.00706	0.00715	0.00816	0.00527	0.00513	0.00987	0.03885	0.01823	0.42295	0.25354	0.08348	0.06312	0.03689	0.00235	0.00342	0.01114	0.00539	0.00491
35	0.00869	0.00658	0.00800	0.00853	0.00957	0.00685	0.00610	0.01312	0.19848	0.01593	0.02650	0.50151	0.02899	0.03523	0.00801	0.05055	0.00370	0.05333	0.00498	0.00536
36	0.01407	0.01192	0.01719	0.03998	0.01794	0.01177	0.17967	0.26147	0.01676	0.02300	0.05820	0.04884	0.03388	0.00703	0.00568	0.00161	0.00591	0.06087	0.00425	0.17996

[dist]
# distance from previous block
# <min> <max>
3	9

[block]
# block no. 6 follows, 44 sequences, length 78
# corresponding to MSA columns:
# 381-392,394-459
name=unknown_G
#
# <colnr> <probs for GDERKNQSTAVLIFYWHMCP>
#	G	D	E	R	K	N	Q	S	T	A	V	L	I	F	Y	W	H	M	C	P
0	0.23364	0.00663	0.00690	0.00723	0.00866	0.00685	0.00522	0.01061	0.02832	0.01753	0.08145	0.41000	0.10350	0.04091	0.00660	0.00210	0.00346	0.01079	0.00463	0.00496
1	0.00947	0.00473	0.00710	0.00710	0.00710	0.00473	0.00473	0.00710	0.00710	0.00947	0.00947	0.01657	0.00947	0.01894	0.02131	0.84138	0.00473	0.00473	0.00237	0.00237
2	0.00980	0.00898	0.01389	0.48952	0.02712	0.01053	0.03135	0.02956	0.02860	0.01534	0.07068	0.02395	0.16521	0.00777	0.00634	0.00184	0.04372	0.00660	0.00334	0.00586
3	0.01288	0.23414	0.26817	0.01973	0.22427	0.01531	0.11856	0.01689	0.01183	0.01624	0.00949	0.01174	0.00759	0.00487	0.00496	0.00156	0.00719	0.00429	0.00248	0.00783
4	0.00945	0.00827	0.01172	0.01082	0.01127	0.01068	0.00860	0.01088	0.00865	0.01280	0.01273	0.07262	0.01288	0.07610	0.36232	0.00542	0.34052	0.00620	0.00287	0.00519
5	0.24638	0.00962	0.01140	0.00902	0.01301	0.00915	0.00744	0.02372	0.01390	0.57480	0.01775	0.01594	0.01145	0.00629	0.00491	0.00169	0.00453	0.00480	0.00584	0.00837
6	0.01035	0.00976	0.01636	0.76977	0.03679	0.01226	0.01504	0.01390	0.01082	0.01390	0.00961	0.01445	0.00726	0.00558	0.00586	0.00184	0.03313	0.00484	0.00242	0.00605
7	0.01356	0.01171	0.01233	0.01109	0.01418	0.01356	0.00863	0.02897	0.76455	0.02281	0.02219	0.02034	0.01664	0.00740	0.00555	0.00185	0.00431	0.00616	0.00555	0.00863
8	0.01093	0.02820	0.78016	0.01554	0.02360	0.01266	0.02014	0.01727	0.01151	0.01727	0.00978	0.01151	0.00691	0.00518	0.00518	0.00173	0.00806	0.00403	0.00230	0.00806
9	0.00717	0.00527	0.00679	0.00715	0.00811	0.00489	0.00516	0.00893	0.01277	0.01735	0.34126	0.34315	0.13283	0.01499	0.03436	0.00220	0.00333	0.03415	0.00538	0.00478
10	0.00871	0.00832	0.01434	0.01155	0.01424	0.00756	0.24118	0.01124	0.01278	0.01666	0.15663	0.14711	0.30533	0.01093	0.00651	0.00187	0.00482	0.01021	0.00449	0.00553
11	0.01109	0.06117	0.74853	0.01528	0.02319	0.01304	0.01969	0.01723	0.01149	0.01708	0.00969	0.01139	0.00691	0.00516	0.00511	0.00170	0.00796	0.00398	0.00230	0.00801
12	0.05522	0.01272	0.01577	0.58773	0.03164	0.15034	0.01373	0.01541	0.01154	0.01434	0.00927	0.01331	0.00715	0.00561	0.00569	0.00176	0.03564	0.00451	0.00254	0.00609
13	0.01648	0.01332	0.03443	0.01147	0.01514	0.01448	0.00940	0.35459	0.36186	0.02769	0.01747	0.01684	0.01289	0.00688	0.00538	0.00171	0.00506	0.00547	0.06078	0.00867
14	0.01471	0.01114	0.01561	0.31616	0.06235	0.01245	0.03420	0.21532	0.01562	0.11045	0.01657	0.01830	0.08591	0.00686	0.00611	0.00177	0.03947	0.00566	0.00404	0.00733
15	0.01878	0.01906	0.01657	0.01383	0.01736	0.36723	0.08515	0.16613	0.14822	0.07450	0.01295	0.01342	0.00974	0.00609	0.00533	0.00159	0.00768	0.00468	0.00408	0.00762
16	0.01130	0.00969	0.01130	0.00807	0.01292	0.00727	0.00646	0.01373	0.01130	0.01776	0.00969	0.01130	0.00807	0.00404	0.00404	0.00081	0.00404	0.00323	0.00323	0.84173
17	0.01319	0.01466	0.03104	0.02228	0.02759	0.01401	0.70113	0.05048	0.01332	0.01810	0.01102	0.01456	0.00829	0.00482	0.00670	0.00184	0.03040	0.00632	0.00287	0.00740
18	0.00792	0.00530	0.00602	0.00602	0.00605	0.00533	0.00340	0.00798	0.00795	0.01063	0.01711	0.03529	0.01965	0.78756	0.04836	0.00538	0.00554	0.00787	0.00329	0.00335
19	0.00691	0.00517	0.00635	0.00719	0.00797	0.00475	0.00495	0.02425	0.01127	0.01457	0.03591	0.60096	0.21777	0.01604	0.00680	0.00211	0.00313	0.01427	0.00507	0.00458
20	0.01081	0.00545	0.00556	0.00539	0.00682	0.00545	0.00409	0.03168	0.01190	0.04073	0.01777	0.02010	0.01384	0.00637	0.00390	0.00129	0.00268	0.00509	0.79580	0.00530
21	0.01356	0.01171	0.01233	0.01109	0.01418	0.01356	0.00863	0.02897	0.76455	0.02281	0.02219	0.02034	0.01664	0.00740	0.00555	0.00185	0.00431	0.00616	0.00555	0.00863
22	0.00767	0.00585	0.00726	0.00791	0.00935	0.00544	0.00650	0.00966	0.01259	0.01594	0.09013	0.09411	0.32709	0.01440	0.00699	0.00218	0.00386	0.36312	0.00511	0.00483
23	0.01366	0.00975	0.01455	0.44340	0.02666	0.03115	0.03867	0.01743	0.05127	0.17272	0.03371	0.01682	0.01091	0.00603	0.00534	0.00172	0.00611	0.00522	0.08806	0.00678
24	0.00793	0.00529	0.00595	0.00595	0.00595	0.00529	0.00330	0.00793	0.00793	0.01057	0.01718	0.03568	0.01982	0.80840	0.02775	0.00529	0.00529	0.00793	0.00330	0.00330
25	0.01115	0.01116	0.02100	0.30902	0.15541	0.01172	0.25095	0.01465	0.01172	0.01572	0.01305	0.12445	0.01183	0.00670	0.00597	0.00185	0.00718	0.00684	0.00294	0.00668
26	0.01304	0.01060	0.01752	0.44540	0.02906	0.01185	0.12516	0.03730	0.09007	0.11505	0.04130	0.01662	0.01090	0.00593	0.00565	0.00180	0.00671	0.00549	0.00357	0.00699
27	0.04096	0.01267	0.01340	0.01059	0.01417	0.01391	0.00865	0.55569	0.02174	0.03069	0.01407	0.01473	0.01032	0.00646	0.00500	0.00155	0.00511	0.00490	0.20724	0.00816
28	0.06007	0.44291	0.02102	0.00937	0.01379	0.01555	0.00862	0.02051	0.01284	0.32710	0.01329	0.01277	0.00961	0.00554	0.00431	0.00141	0.00526	0.00397	0.00419	0.00788
29	0.81760	0.01071	0.00831	0.00736	0.01077	0.01240	0.00606	0.04229	0.00986	0.02481	0.00779	0.00901	0.00602	0.00511	0.00345	0.00169	0.00428	0.00302	0.00345	0.00602
30	0.00752	0.00509	0.00606	0.00652	0.00666	0.00497	0.00395	0.00793	0.00893	0.01203	0.02183	0.31241	0.02552	0.50204	0.01962	0.00407	0.00445	0.01058	0.02606	0.00376
31	0.01680	0.01565	0.01685	0.03603	0.06810	0.14950	0.04443	0.27871	0.11394	0.02242	0.01186	0.01336	0.00926	0.00688	0.00797	0.00179	0.16982	0.00486	0.00399	0.00778
32	0.02229	0.01098	0.01528	0.01159	0.01593	0.01036	0.08387	0.15666	0.03977	0.54501	0.01896	0.01724	0.01230	0.00651	0.00558	0.00170	0.00533	0.00550	0.00608	0.00906
33	0.07288	0.26002	0.11745	0.01173	0.03689	0.01603	0.01083	0.25424	0.01638	0.13680	0.01180	0.01211	0.00867	0.00568	0.00468	0.00151	0.00590	0.00414	0.00407	0.00818
34	0.01565	0.01275	0.01351	0.01152	0.01497	0.01454	0.00914	0.24144	0.54867	0.02618	0.01953	0.01822	0.01449	0.00715	0.00552	0.00179	0.00481	0.00580	0.00552	0.00882
35	0.00980	0.00893	0.01450	0.37136	0.02456	0.00944	0.08769	0.01262	0.01106	0.01498	0.01509	0.21815	0.01495	0.00811	0.00569	0.00174	0.00583	0.00747	0.00328	0.15475
36	0.00659	0.00495	0.00611	0.00703	0.00776	0.00448	0.00481	0.00765	0.01097	0.01414	0.03684	0.60183	0.23469	0.01620	0.00682	0.00211	0.00305	0.01442	0.00506	0.00448
37	0.01020	0.00957	0.01610	0.77541	0.03680	0.01192	0.01489	0.01377	0.01089	0.01393	0.01020	0.03449	0.00799	0.00574	0.00549	0.00183	0.00716	0.00511	0.00249	0.00602
38	0.00793	0.00529	0.00595	0.00595	0.00595	0.00529	0.00330	0.00793	0.00793	0.01057	0.01718	0.03568	0.01982	0.80840	0.02775	0.00529	0.00529	0.00793	0.00330	0.00330
39	0.01647	0.01283	0.01372	0.01153	0.01510	0.01447	0.00920	0.27796	0.47995	0.05855	0.01904	0.01778	0.01399	0.00708	0.00551	0.00177	0.00491	0.00571	0.00557	0.00888
40	0.01223	0.00657	0.00873	0.00763	0.00970	0.00592	0.00592	0.01468	0.01548	0.22594	0.56915	0.03474	0.04120	0.00996	0.00617	0.00171	0.00313	0.00868	0.00620	0.00626
41	0.00865	0.00703	0.01001	0.00966	0.01029	0.00858	0.00754	0.01020	0.00891	0.01284	0.01517	0.08415	0.01547	0.10355	0.45008	0.00624	0.18058	0.04300	0.00311	0.00493
42	0.01458	0.81168	0.02857	0.00933	0.01399	0.02157	0.00933	0.01632	0.01108	0.01283	0.00758	0.00875	0.00700	0.00466	0.00350	0.00117	0.00583	0.00292	0.00233	0.00700
43	0.00772	0.00557	0.00729	0.00686	0.00814	0.00514	0.00514	0.01029	0.01543	0.02186	0.77152	0.04072	0.05144	0.01115	0.00643	0.00171	0.00257	0.00986	0.00600	0.00514
44	0.01039	0.00979	0.01653	0.77227	0.05982	0.01214	0.01519	0.01401	0.01095	0.01405	0.00971	0.01450	0.00731	0.00543	0.00545	0.00181	0.00724	0.00485	0.00243	0.00613
45	0.01093	0.02820	0.78016	0.01554	0.02360	0.01266	0.02014	0.01727	0.01151	0.01727	0.00978	0.01151	0.00691	0.00518	0.00518	0.00173	0.00806	0.00403	0.00230	0.00806
46	0.01173	0.01115	0.01894	0.45392	0.36773	0.01249	0.01585	0.01518	0.01158	0.01567	0.00994	0.01407	0.00788	0.00518	0.00543	0.00173	0.00691	0.00485	0.00255	0.00721
47	0.00785	0.00564	0.00759	0.00810	0.00917	0.00538	0.00637	0.01006	0.01338	0.01827	0.35904	0.21129	0.04129	0.01375	0.00692	0.00209	0.00354	0.25987	0.00546	0.00495
48	0.01671	0.01328	0.01410	0.01173	0.01538	0.01503	0.00939	0.34894	0.43945	0.02789	0.01819	0.01715	0.01340	0.00702	0.00551	0.00176	0.00506	0.00561	0.00551	0.00891
49	0.01072	0.01025	0.01817	0.01466	0.01713	0.01063	0.28397	0.06355	0.01206	0.01651	0.01834	0.33660	0.01951	0.01058	0.00833	0.00206	0.12725	0.00977	0.00383	0.00608
50	0.01333	0.01151	0.01210	0.01091	0.01395	0.01327	0.00848	0.02828	0.73996	0.02254	0.02327	0.02139	0.04134	0.00761	0.00558	0.00185	0.00426	0.00634	0.00553	0.00850
51	0.02247	0.01204	0.01431	0.01102	0.01527	0.01217	0.00909	0.35426	0.04189	0.42222	0.01775	0.01615	0.01169	0.00668	0.00547	0.00167	0.00524	0.00524	0.00613	0.00926
52	0.00733	0.00530	0.00693	0.00707	0.00805	0.00489	0.00509	0.00934	0.01371	0.01906	0.50870	0.29284	0.06495	0.01317	0.00660	0.00188	0.00277	0.01176	0.00567	0.00489
53	0.01130	0.00969	0.01130	0.00807	0.01292	0.00727	0.00646	0.01373	0.01130	0.01776	0.00969	0.01130	0.00807	0.00404	0.00404	0.00081	0.00404	0.00323	0.00323	0.84173
54	0.00656	0.00507	0.00599	0.00671	0.00768	0.00450	0.00467	0.00769	0.01128	0.01426	0.04072	0.48592	0.34810	0.01569	0.00674	0.00206	0.00299	0.01381	0.00506	0.00450
55	0.77105	0.01043	0.00844	0.00740	0.01085	0.01184	0.00610	0.01700	0.00986	0.09398	0.00887	0.00975	0.00660	0.00522	0.00357	0.00169	0.00426	0.00319	0.00369	0.00622
56	0.00994	0.00804	0.01157	0.01059	0.01090	0.01030	0.00835	0.01041	0.00814	0.01199	0.01017	0.01622	0.00985	0.02212	0.26509	0.23081	0.33321	0.00510	0.00255	0.00464
57	0.02446	0.00928	0.01265	0.00970	0.01392	0.00801	0.00801	0.02657	0.01560	0.77817	0.02151	0.01856	0.01350	0.00675	0.00548	0.00169	0.00464	0.00548	0.00675	0.00928
58	0.01104	0.05099	0.75830	0.01536	0.02332	0.01292	0.01983	0.01724	0.01150	0.01714	0.00972	0.01143	0.00691	0.00516	0.00513	0.00171	0.00799	0.00400	0.00230	0.00803
59	0.00734	0.00556	0.00677	0.00647	0.00792	0.00499	0.00485	0.00957	0.01455	0.01977	0.56195	0.04416	0.26231	0.01192	0.00643	0.00175	0.00263	0.01034	0.00573	0.00499
60	0.02148	0.01090	0.01309	0.01031	0.01421	0.03073	0.00841	0.18288	0.07105	0.48514	0.07734	0.01898	0.01557	0.00706	0.00554	0.00168	0.00489	0.00569	0.00622	0.00883
61	0.00664	0.00474	0.00633	0.00759	0.00791	0.00443	0.00506	0.00759	0.01044	0.01392	0.03005	0.80485	0.03606	0.01708	0.00696	0.00221	0.00316	0.01550	0.00506	0.00443
62	0.84691	0.01054	0.00801	0.00717	0.01054	0.01223	0.00590	0.01603	0.00928	0.02446	0.00759	0.00886	0.00590	0.00506	0.00337	0.00169	0.00422	0.00295	0.00337	0.00590
63	0.01048	0.00620	0.00822	0.00745	0.00922	0.00566	0.00576	0.01298	0.01534	0.14455	0.61837	0.03799	0.04443	0.01060	0.00632	0.00174	0.00301	0.03978	0.00608	0.00581
64	0.00646	0.00547	0.00558	0.00566	0.00740	0.00459	0.00421	0.00781	0.01229	0.01467	0.05350	0.10406	0.72171	0.01403	0.00648	0.00187	0.00279	0.01178	0.00506	0.00459
65	0.01534	0.01323	0.02678	0.01937	0.02444	0.01232	0.55310	0.01964	0.03426	0.18572	0.02990	0.01627	0.01058	0.00529	0.00620	0.00180	0.00791	0.00629	0.00378	0.00777
66	0.01458	0.81168	0.02857	0.00933	0.01399	0.02157	0.00933	0.01632	0.01108	0.01283	0.00758	0.00875	0.00700	0.00466	0.00350	0.00117	0.00583	0.00292	0.00233	0.00700
67	0.01741	0.01085	0.01244	0.01060	0.01408	0.01160	0.00841	0.02812	0.50014	0.28948	0.02195	0.01971	0.01553	0.00717	0.00552	0.00179	0.00443	0.00592	0.00597	0.00886
68	0.01658	0.01321	0.01403	0.01170	0.01533	0.01497	0.00936	0.33504	0.45357	0.02767	0.01836	0.01729	0.01354	0.00704	0.00551	0.00176	0.00502	0.00564	0.00551	0.00890
69	0.01024	0.00898	0.01475	0.67624	0.03288	0.01103	0.01348	0.01347	0.01077	0.01435	0.01050	0.01522	0.00805	0.00621	0.00607	0.04356	0.00666	0.00486	0.08689	0.00577
70	0.00699	0.00489	0.00622	0.00715	0.00738	0.00466	0.00459	0.00768	0.00976	0.01301	0.02657	0.59678	0.03167	0.23114	0.01258	0.00304	0.00374	0.01345	0.00459	0.00412
71	0.01038	0.00980	0.01637	0.75642	0.03639	0.01234	0.01498	0.01389	0.01077	0.01389	0.00956	0.01441	0.00726	0.00565	0.00607	0.00185	0.04666	0.00484	0.00242	0.00605
72	0.00662	0.00518	0.00602	0.00667	0.00776	0.00458	0.00474	0.00784	0.01149	0.01440	0.04234	0.41000	0.39640	0.01541	0.00673	0.00204	0.00303	0.03917	0.00506	0.00453
73	0.01130	0.00969	0.01130	0.00807	0.01292	0.00727	0.00646	0.01373	0.01130	0.01776	0.00969	0.01130	0.00807	0.00404	0.00404	0.00081	0.00404	0.00323	0.00323	0.84173
74	0.00670	0.00479	0.00638	0.00755	0.00792	0.00446	0.00507	0.00773	0.01069	0.01433	0.06822	0.76550	0.03685	0.01677	0.00693	0.00219	0.00313	0.01521	0.00511	0.00446
75	0.03479	0.01025	0.01418	0.43427	0.02628	0.01208	0.01180	0.09519	0.15771	0.05399	0.01367	0.01606	0.01013	0.00607	0.00527	0.00175	0.00594	0.00511	0.07852	0.00695
76	0.01914	0.01376	0.01493	0.01189	0.01589	0.01518	0.00968	0.49269	0.22409	0.09985	0.01632	0.01555	0.01165	0.00679	0.00548	0.00170	0.00542	0.00530	0.00560	0.00910
77	0.01131	0.01056	0.01626	0.01235	0.01645	0.00949	0.20838	0.01602	0.11967	0.01818	0.05367	0.08929	0.03431	0.00649	0.00535	0.00144	0.00528	0.00620	0.00379	0.35551

[dist]
# distance from previous block
# <min> <max>
1	4

[block]
# block no. 7 follows, 44 sequences, length 17
# corresponding to MSA columns:
# 464-480
name=unknown_H
#
# <colnr> <probs for GDERKNQSTAVLIFYWHMCP>
#	G	D	E	R	K	N	Q	S	T	A	V	L	I	F	Y	W	H	M	C	P
0	0.58697	0.01553	0.21846	0.00966	0.01435	0.01253	0.00995	0.04544	0.01053	0.02289	0.00840	0.00974	0.00631	0.00515	0.00395	0.00170	0.00533	0.00332	0.00316	0.00662
1	0.01440	0.14287	0.43374	0.01405	0.02010	0.19834	0.01557	0.06963	0.01337	0.01686	0.00936	0.01081	0.00711	0.00530	0.00489	0.00156	0.00801	0.00380	0.00265	0.00757
2	0.08289	0.00721	0.00804	0.00694	0.00938	0.00705	0.00550	0.05051	0.01311	0.24254	0.01783	0.01855	0.01297	0.00637	0.00434	0.00144	0.00345	0.00502	0.49030	0.00656
