[name]
unknown

[dist]
# distance from previous block
# <min> <max>
0	422

[block]
# block no. 0 follows, 44 sequences, length 8
# corresponding to MSA columns:
# 441-448
name=unknown_A
#
# <colnr> <probs for GDERKNQSTAVLIFYWHMCP>
#	G	D	E	R	K	N	Q	S	T	A	V	L	I	F	Y	W	H	M	C	P
0	0.24234	0.01392	0.08425	0.02869	0.01539	0.03658	0.00975	0.30154	0.01682	0.07557	0.01311	0.01690	0.01049	0.00675	0.00501	0.00172	0.00561	0.07791	0.00442	0.03323
1	0.18099	0.01289	0.09106	0.01579	0.19950	0.01184	0.01100	0.08823	0.11162	0.13472	0.07719	0.01627	0.01334	0.00623	0.00510	0.00169	0.00526	0.00508	0.00430	0.00789
2	0.06686	0.01170	0.01160	0.01004	0.01312	0.08334	0.00785	0.06964	0.33543	0.07266	0.15682	0.02092	0.01997	0.00735	0.00535	0.00164	0.00460	0.00598	0.00508	0.09005
3	0.01655	0.13218	0.01498	0.01029	0.01366	0.08627	0.00832	0.22628	0.07027	0.12772	0.01553	0.09502	0.01344	0.08205	0.00726	0.00191	0.00554	0.00588	0.00454	0.06231
4	0.01379	0.37757	0.12090	0.05535	0.01643	0.01547	0.01039	0.01781	0.08924	0.06576	0.01081	0.01176	0.00862	0.00508	0.00427	0.00132	0.00564	0.00374	0.00312	0.16293
5	0.36339	0.07110	0.14899	0.00915	0.01318	0.01222	0.00891	0.11485	0.01242	0.02285	0.01070	0.01212	0.00818	0.00550	0.00407	0.00157	0.00494	0.00382	0.16538	0.00666
6	0.09513	0.00768	0.00707	0.00684	0.00809	0.08636	0.00500	0.01224	0.01029	0.01666	0.01322	0.01693	0.01105	0.01004	0.00930	0.26146	0.00414	0.00460	0.40945	0.00445
7	0.01019	0.00596	0.00734	0.00725	0.00893	0.00524	0.00533	0.01159	0.01238	0.16794	0.06554	0.34845	0.29578	0.01361	0.00646	0.00196	0.00329	0.01184	0.00544	0.00549

[dist]
# distance from previous block
# <min> <max>
3	8

[block]
# block no. 1 follows, 44 sequences, length 51
# corresponding to MSA columns:
# 459-509
name=unknown_B
#
# <colnr> <probs for GDERKNQSTAVLIFYWHMCP>
#	G	D	E	R	K	N	Q	S	T	A	V	L	I	F	Y	W	H	M	C	P
0	0.01408	0.32419	0.17161	0.01182	0.01583	0.07707	0.01175	0.03485	0.01151	0.05210	0.00942	0.01138	0.00783	0.00680	0.02358	0.00174	0.16405	0.00388	0.03953	0.00699
1	0.01043	0.00662	0.02713	0.00764	0.00945	0.00567	0.00595	0.01267	0.01435	0.14991	0.46184	0.17399	0.06997	0.01142	0.00633	0.00181	0.00318	0.01004	0.00583	0.00578
2	0.00645	0.00548	0.00556	0.00562	0.00739	0.00459	0.00419	0.00781	0.01233	0.01469	0.05400	0.08927	0.73618	0.01397	0.00647	0.00186	0.00278	0.01170	0.00506	0.00459
3	0.00986	0.00671	0.00910	0.00992	0.01138	0.00670	0.00849	0.04807	0.01313	0.05054	0.02788	0.12508	0.02993	0.01446	0.00729	0.00240	0.00488	0.60368	0.00512	0.00536
4	0.29836	0.05329	0.24042	0.01182	0.01647	0.22742	0.01168	0.01857	0.04500	0.01869	0.00912	0.01042	0.00703	0.00534	0.00444	0.00161	0.00698	0.00357	0.00295	0.00682
5	0.07718	0.09074	0.23952	0.01533	0.12746	0.05569	0.07698	0.01555	0.01274	0.01843	0.19777	0.01874	0.01822	0.00652	0.00532	0.00164	0.00616	0.00558	0.00343	0.00699
6	0.84691	0.01054	0.00801	0.00717	0.01054	0.01223	0.00590	0.01603	0.00928	0.02446	0.00759	0.00886	0.00590	0.00506	0.00337	0.00169	0.00422	0.00295	0.00337	0.00590
7	0.00772	0.00557	0.00729	0.00686	0.00814	0.00514	0.00514	0.01029	0.01543	0.02186	0.77152	0.04072	0.05144	0.01115	0.00643	0.00171	0.00257	0.00986	0.00600	0.00514
8	0.01929	0.01260	0.01341	0.01109	0.01478	0.07285	0.00887	0.15843	0.30419	0.29502	0.01923	0.01757	0.01343	0.00687	0.00546	0.00172	0.00517	0.00549	0.00575	0.00880
9	0.00793	0.00529	0.00595	0.00595	0.00595	0.00529	0.00330	0.00793	0.00793	0.01057	0.01718	0.03568	0.01982	0.80840	0.02775	0.00529	0.00529	0.00793	0.00330	0.00330
10	0.01746	0.24186	0.01816	0.01194	0.01518	0.50159	0.00960	0.01896	0.01396	0.01333	0.01256	0.01351	0.07835	0.00612	0.00467	0.00138	0.00806	0.00409	0.00289	0.00635
11	0.00772	0.00557	0.00729	0.00686	0.00814	0.00514	0.00514	0.01029	0.01543	0.02186	0.77152	0.04072	0.05144	0.01115	0.00643	0.00171	0.00257	0.00986	0.00600	0.00514
12	0.01149	0.01147	0.01672	0.66266	0.09346	0.08437	0.01484	0.01488	0.01144	0.01418	0.00962	0.01401	0.00735	0.00542	0.00540	0.00176	0.00744	0.00472	0.00248	0.00628
13	0.00779	0.00584	0.00876	0.00876	0.00974	0.00681	0.00681	0.00974	0.00876	0.01266	0.01460	0.02142	0.01363	0.04089	0.78680	0.00876	0.01460	0.00584	0.00292	0.00487
14	0.01026	0.00884	0.00917	0.00851	0.01102	0.00941	0.00655	0.01917	0.41603	0.01906	0.03750	0.03523	0.36674	0.01037	0.00596	0.00185	0.00359	0.00864	0.00532	0.00676
15	0.84691	0.01054	0.00801	0.00717	0.01054	0.01223	0.00590	0.01603	0.00928	0.02446	0.00759	0.00886	0.00590	0.00506	0.00337	0.00169	0.00422	0.00295	0.00337	0.00590
16	0.01016	0.00508	0.00508	0.00508	0.00635	0.00508	0.00381	0.01270	0.01143	0.02033	0.01778	0.02033	0.01397	0.00635	0.00381	0.00127	0.00254	0.00508	0.83867	0.00508
17	0.00704	0.00532	0.00651	0.00669	0.00785	0.00478	0.00484	0.00880	0.01312	0.01752	0.35243	0.26691	0.25105	0.01363	0.00659	0.00190	0.00280	0.01197	0.00546	0.00478
18	0.01093	0.02820	0.78016	0.01554	0.02360	0.01266	0.02014	0.01727	0.01151	0.01727	0.00978	0.01151	0.00691	0.00518	0.00518	0.00173	0.00806	0.00403	0.00230	0.00806
19	0.00713	0.00555	0.00647	0.00624	0.00778	0.00489	0.00468	0.00915	0.01404	0.01856	0.43961	0.04617	0.38542	0.01238	0.00644	0.00177	0.00266	0.01062	0.00557	0.00489
20	0.01318	0.01307	0.01876	0.02679	0.55836	0.09777	0.01404	0.01597	0.01288	0.01738	0.08258	0.07774	0.01460	0.00649	0.00556	0.00165	0.00623	0.00601	0.00320	0.00772
21	0.01677	0.01140	0.01272	0.01087	0.01433	0.01248	0.00862	0.08548	0.52474	0.20707	0.02131	0.01934	0.01530	0.00717	0.00552	0.00179	0.00453	0.00590	0.00583	0.00884
22	0.02072	0.01527	0.01636	0.01254	0.01691	0.01691	0.01036	0.75622	0.02563	0.03436	0.01309	0.01309	0.00927	0.00654	0.00545	0.00164	0.00600	0.00491	0.00545	0.00927
23	0.00879	0.00628	0.00879	0.01004	0.01130	0.00628	0.00879	0.01130	0.01255	0.01632	0.02887	0.06150	0.03138	0.01506	0.00753	0.00251	0.00502	0.73770	0.00502	0.00502
24	0.01349	0.01295	0.02213	0.03346	0.77440	0.01295	0.01673	0.01673	0.01241	0.01781	0.01025	0.01349	0.00864	0.00486	0.00540	0.00162	0.00648	0.00486	0.00270	0.00864
25	0.01601	0.01141	0.01379	0.01331	0.10178	0.01208	0.00946	0.33523	0.08698	0.09901	0.05152	0.16000	0.01786	0.00889	0.00586	0.00180	0.00507	0.03683	0.00521	0.00791
26	0.00664	0.00474	0.00633	0.00759	0.00791	0.00443	0.00506	0.00759	0.01044	0.01392	0.03005	0.80485	0.03606	0.01708	0.00696	0.00221	0.00316	0.01550	0.00506	0.00443
27	0.01500	0.69212	0.06397	0.01012	0.01476	0.10023	0.00998	0.01693	0.01155	0.01310	0.00777	0.00899	0.00699	0.00479	0.00373	0.00122	0.00635	0.00303	0.00238	0.00698
28	0.00793	0.00529	0.00595	0.00595	0.00595	0.00529	0.00330	0.00793	0.00793	0.01057	0.01718	0.03568	0.01982	0.80840	0.02775	0.00529	0.00529	0.00793	0.00330	0.00330
29	0.01179	0.01853	0.34199	0.01446	0.02010	0.01180	0.14126	0.01766	0.09717	0.03493	0.05477	0.01487	0.01112	0.00576	0.00603	0.00165	0.05001	0.00496	0.00321	0.13792
30	0.01392	0.01174	0.01244	0.01108	0.01415	0.01347	0.00863	0.09583	0.66244	0.02349	0.02169	0.05423	0.01681	0.00774	0.00560	0.00185	0.00442	0.00646	0.00552	0.00850
31	0.01030	0.00969	0.01635	0.79530	0.03755	0.01211	0.01514	0.01393	0.01090	0.01393	0.00969	0.01453	0.00727	0.00545	0.00545	0.00182	0.00727	0.00484	0.00242	0.00606
32	0.01688	0.01336	0.01420	0.01177	0.01544	0.01511	0.00943	0.36596	0.42215	0.02816	0.01797	0.01698	0.01323	0.00700	0.00550	0.00175	0.00510	0.00558	0.00550	0.00893
33	0.01319	0.01217	0.02381	0.01926	0.08741	0.01154	0.44245	0.04897	0.01323	0.08853	0.01570	0.15019	0.01412	0.00728	0.00633	0.00188	0.00726	0.02582	0.00369	0.00717
34	0.00735	0.00529	0.00696	0.00711	0.00806	0.00490	0.00512	0.00938	0.01374	0.01917	0.52059	0.29932	0.04623	0.01315	0.00661	0.00188	0.00277	0.01177	0.00568	0.00490
35	0.02446	0.00928	0.01265	0.00970	0.01392	0.00801	0.00801	0.02657	0.01560	0.77817	0.02151	0.01856	0.01350	0.00675	0.00548	0.00169	0.00464	0.00548	0.00675	0.00928
36	0.01178	0.01120	0.01903	0.44228	0.37899	0.01250	0.01588	0.01523	0.01160	0.01573	0.00995	0.01405	0.00790	0.00518	0.00543	0.00173	0.00690	0.00485	0.00255	0.00725
37	0.01093	0.02820	0.78016	0.01554	0.02360	0.01266	0.02014	0.01727	0.01151	0.01727	0.00978	0.01151	0.00691	0.00518	0.00518	0.00173	0.00806	0.00403	0.00230	0.00806
38	0.01016	0.00508	0.00508	0.00508	0.00635	0.00508	0.00381	0.01270	0.01143	0.02033	0.01778	0.02033	0.01397	0.00635	0.00381	0.00127	0.00254	0.00508	0.83867	0.00508
39	0.00644	0.00552	0.00552	0.00552	0.00736	0.00460	0.00414	0.00782	0.01243	0.01473	0.05523	0.05247	0.77218	0.01381	0.00644	0.00184	0.00276	0.01151	0.00506	0.00460
40	0.01958	0.02467	0.01557	0.01407	0.01662	0.71475	0.01066	0.02096	0.01479	0.01332	0.00831	0.01003	0.00703	0.00598	0.00613	0.00150	0.08335	0.00363	0.00277	0.00629
41	0.01030	0.00969	0.01635	0.79530	0.03755	0.01211	0.01514	0.01393	0.01090	0.01393	0.00969	0.01453	0.00727	0.00545	0.00545	0.00182	0.00727	0.00484	0.00242	0.00606
42	0.00772	0.00557	0.00729	0.00686	0.00814	0.00514	0.00514	0.01029	0.01543	0.02186	0.77152	0.04072	0.05144	0.01115	0.00643	0.00171	0.00257	0.00986	0.00600	0.00514
43	0.00982	0.00512	0.00512	0.00512	0.00645	0.00504	0.00384	0.01225	0.01153	0.01980	0.02128	0.02332	0.08466	0.00705	0.00406	0.00132	0.00256	0.00568	0.76095	0.00504
44	0.01191	0.16225	0.63109	0.01432	0.02169	0.01407	0.01797	0.01735	0.01154	0.03632	0.00971	0.01122	0.00709	0.00513	0.00490	0.00163	0.00759	0.00388	0.00242	0.00791
45	0.02316	0.00896	0.01213	0.00941	0.01329	0.00780	0.00764	0.02511	0.01500	0.71791	0.02117	0.01990	0.01399	0.06968	0.00723	0.00197	0.00469	0.00567	0.00648	0.00881
46	0.02290	0.00893	0.01215	0.00943	0.01338	0.00775	0.00775	0.02505	0.01559	0.70766	0.09143	0.02062	0.01703	0.00716	0.00557	0.00169	0.00445	0.00589	0.00668	0.00889
47	0.54086	0.01314	0.01103	0.00928	0.01290	0.07438	0.00757	0.23255	0.01454	0.02648	0.00926	0.01017	0.00697	0.00554	0.00410	0.00165	0.00518	0.00357	0.00394	0.00692
48	0.00729	0.00539	0.00689	0.00792	0.00849	0.00528	0.00539	0.00958	0.08074	0.01475	0.02932	0.73171	0.03425	0.01618	0.00683	0.00218	0.00327	0.01463	0.00511	0.00482
49	0.01324	0.01270	0.02168	0.09327	0.71655	0.01289	0.01661	0.01651	0.01229	0.01751	0.01021	0.01357	0.00853	0.00490	0.00540	0.00163	0.00654	0.00486	0.00268	0.00843
50	0.02034	0.01470	0.01586	0.01229	0.01654	0.01621	0.01011	0.66299	0.08360	0.06983	0.01422	0.01393	0.01006	0.00662	0.00546	0.00166	0.00580	0.00504	0.00552	0.00922

[dist]
# distance from previous block
# <min> <max>
5	9

[block]
# block no. 2 follows, 44 sequences, length 6
# corresponding to MSA columns:
# 519-524
name=unknown_C
#
# <colnr> <probs for GDERKNQSTAVLIFYWHMCP>
#	G	D	E	R	K	N	Q	S	T	A	V	L	I	F	Y	W	H	M	C	P
0	0.00691	0.00530	0.00632	0.00657	0.00777	0.00472	0.00474	0.00853	0.01277	0.01673	0.27363	0.27653	0.32191	0.01396	0.00660	0.00191	0.00282	0.01220	0.00536	0.00472
1	0.06227	0.00944	0.01436	0.01195	0.01448	0.00983	0.16800	0.01645	0.12641	0.09364	0.04413	0.21782	0.01889	0.00926	0.00690	0.00190	0.07438	0.00823	0.08517	0.00649
2	0.01545	0.01566	0.02467	0.01846	0.02289	0.11380	0.42453	0.12829	0.05967	0.05018	0.01183	0.01414	0.00889	0.00560	0.00676	0.00178	0.06068	0.00567	0.00347	0.00757
3	0.01019	0.00584	0.00735	0.00699	0.00814	0.00592	0.00506	0.01182	0.01063	0.09742	0.09841	0.02690	0.01950	0.23958	0.21810	0.00446	0.00673	0.00663	0.20533	0.00499
4	0.00660	0.00544	0.00580	0.00589	0.00751	0.00464	0.00435	0.00806	0.01254	0.01541	0.12971	0.13229	0.61516	0.01387	0.00650	0.00187	0.00278	0.01176	0.00516	0.00464
5	0.02162	0.01384	0.01548	0.01186	0.01619	0.01478	0.00980	0.58196	0.02324	0.21200	0.01510	0.01439	0.01028	0.00659	0.00546	0.00165	0.00567	0.00505	0.00576	0.00927

[dist]
# distance from previous block
# <min> <max>
0	1

[block]
# block no. 3 follows, 44 sequences, length 28
# corresponding to MSA columns:
# 526-553
name=unknown_D
#
# <colnr> <probs for GDERKNQSTAVLIFYWHMCP>
#	G	D	E	R	K	N	Q	S	T	A	V	L	I	F	Y	W	H	M	C	P
0	0.01259	0.10414	0.01666	0.38391	0.06476	0.01354	0.01219	0.01962	0.24787	0.04959	0.01391	0.01580	0.01052	0.00599	0.00525	0.00174	0.00602	0.00506	0.00359	0.00725
1	0.01243	0.00965	0.01142	0.00821	0.01301	0.00733	0.00659	0.01482	0.01167	0.08274	0.01070	0.01192	0.00854	0.00427	0.00416	0.00088	0.00409	0.00342	0.00353	0.77060
2	0.01491	0.13980	0.01395	0.00954	0.01231	0.11693	0.00785	0.20704	0.01545	0.02105	0.01492	0.01630	0.04968	0.00663	0.00541	0.00147	0.05797	0.00479	0.27734	0.00667
3	0.00835	0.00597	0.00829	0.00954	0.01061	0.00590	0.00803	0.01055	0.01212	0.01583	0.02910	0.21183	0.03232	0.01547	0.00741	0.00245	0.00464	0.59164	0.00503	0.00490
4	0.01279	0.06140	0.31780	0.06120	0.03679	0.07139	0.26957	0.01744	0.01251	0.03992	0.03996	0.01389	0.00937	0.00527	0.00558	0.00171	0.00808	0.00509	0.00279	0.00745
5	0.01419	0.01576	0.01668	0.07332	0.01710	0.23217	0.02888	0.01571	0.01064	0.01334	0.00779	0.01160	0.00715	0.00802	0.01305	0.00205	0.49946	0.00446	0.00252	0.00610
6	0.02357	0.01071	0.01354	0.01038	0.01463	0.01014	0.00857	0.20073	0.01800	0.60063	0.01950	0.01725	0.01249	0.00670	0.00548	0.00167	0.00496	0.00535	0.00644	0.00928
7	0.67858	0.01185	0.00874	0.00801	0.01105	0.10199	0.00637	0.01598	0.01010	0.02226	0.00961	0.07699	0.00861	0.00615	0.00386	0.00170	0.00478	0.00409	0.00345	0.00583
8	0.01412	0.01173	0.01349	0.01363	0.10295	0.01320	0.00954	0.02742	0.63776	0.06150	0.02076	0.01945	0.01554	0.00707	0.00553	0.00181	0.00458	0.00598	0.00528	0.00866
9	0.01997	0.08397	0.01654	0.01351	0.01664	0.63896	0.01042	0.10714	0.01631	0.01576	0.00891	0.01013	0.00728	0.00565	0.00487	0.00141	0.00908	0.00363	0.00308	0.00672
10	0.00739	0.00556	0.00683	0.00651	0.00794	0.00500	0.00488	0.00965	0.01465	0.02001	0.58582	0.04377	0.23830	0.01184	0.00643	0.00175	0.00262	0.01029	0.00576	0.00500
11	0.00859	0.00716	0.00769	0.00728	0.00932	0.00707	0.00554	0.01391	0.21058	0.01840	0.20278	0.04147	0.41659	0.01154	0.00621	0.00182	0.00313	0.00974	0.00539	0.00578
12	0.00655	0.00511	0.00595	0.00661	0.00765	0.00451	0.00463	0.00770	0.01138	0.01430	0.04199	0.44802	0.38517	0.01553	0.00671	0.00204	0.00297	0.01360	0.00506	0.00451
13	0.01792	0.02121	0.01474	0.07221	0.01775	0.53636	0.01041	0.02296	0.20096	0.01573	0.01194	0.01279	0.00943	0.00605	0.00511	0.00155	0.00827	0.00427	0.00346	0.00687
14	0.00746	0.00556	0.00693	0.00659	0.00799	0.00503	0.00494	0.00979	0.01482	0.02042	0.62666	0.04310	0.19720	0.01168	0.00643	0.00174	0.00261	0.01019	0.00581	0.00503
15	0.02072	0.01527	0.01636	0.01254	0.01691	0.01691	0.01036	0.75622	0.02563	0.03436	0.01309	0.01309	0.00927	0.00654	0.00545	0.00164	0.00600	0.00491	0.00545	0.00927
16	0.02072	0.01527	0.01636	0.01254	0.01691	0.01691	0.01036	0.75622	0.02563	0.03436	0.01309	0.01309	0.00927	0.00654	0.00545	0.00164	0.00600	0.00491	0.00545	0.00927
17	0.01163	0.01133	0.02007	0.45865	0.27486	0.01258	0.10202	0.01525	0.01162	0.01560	0.01003	0.01422	0.00783	0.00516	0.00555	0.00176	0.00724	0.00503	0.00255	0.00704
18	0.01572	0.00800	0.00997	0.00846	0.01093	0.00795	0.00662	0.10956	0.01370	0.28375	0.01779	0.02097	0.01389	0.11546	0.16120	0.00344	0.00642	0.00571	0.17364	0.00680
19	0.00664	0.00474	0.00633	0.00759	0.00791	0.00443	0.00506	0.00759	0.01044	0.01392	0.03005	0.80485	0.03606	0.01708	0.00696	0.00221	0.00316	0.01550	0.00506	0.00443
20	0.01731	0.07055	0.10697	0.01353	0.01804	0.11240	0.07477	0.34874	0.13921	0.02500	0.01304	0.01351	0.00966	0.00611	0.00532	0.00164	0.00671	0.00483	0.00433	0.00834
21	0.00664	0.00474	0.00633	0.00759	0.00791	0.00443	0.00506	0.00759	0.01044	0.01392	0.03005	0.80485	0.03606	0.01708	0.00696	0.00221	0.00316	0.01550	0.00506	0.00443
22	0.01380	0.00998	0.01113	0.00951	0.01237	0.01057	0.00755	0.21377	0.20806	0.08131	0.19589	0.02826	0.12674	0.00901	0.00586	0.00175	0.00416	0.02302	0.01992	0.00736
23	0.02046	0.02328	0.01568	0.01367	0.01687	0.59250	0.01049	0.20692	0.01802	0.01864	0.00960	0.01065	0.00759	0.00585	0.00505	0.00146	0.00887	0.00386	0.00348	0.00706
24	0.00926	0.00647	0.00792	0.00741	0.00911	0.00619	0.00560	0.01301	0.10214	0.07077	0.47969	0.09609	0.14276	0.01123	0.00631	0.00178	0.00298	0.00979	0.00580	0.00570
25	0.01230	0.32207	0.49825	0.01321	0.01999	0.01600	0.01609	0.01691	0.01135	0.01560	0.00896	0.01047	0.00694	0.00499	0.00455	0.00152	0.00722	0.00361	0.00231	0.00766
26	0.01536	0.01437	0.01323	0.01171	0.01488	0.13902	0.00911	0.09859	0.57136	0.02240	0.01908	0.01793	0.01437	0.00703	0.00544	0.00176	0.00537	0.00561	0.00509	0.00832
27	0.56236	0.01493	0.01050	0.00933	0.01261	0.22718	0.00740	0.04049	0.01172	0.04915	0.00850	0.00961	0.00659	0.00532	0.00394	0.00161	0.00585	0.00326	0.00340	0.00624

[dist]
# distance from previous block
# <min> <max>
0	2

[block]
# block no. 4 follows, 44 sequences, length 32
# corresponding to MSA columns:
# 556-587
name=unknown_E
#
# <colnr> <probs for GDERKNQSTAVLIFYWHMCP>
#	G	D	E	R	K	N	Q	S	T	A	V	L	I	F	Y	W	H	M	C	P
0	0.01140	0.09525	0.61631	0.01524	0.02250	0.01325	0.08409	0.01702	0.01159	0.01701	0.01002	0.01190	0.00732	0.00513	0.00509	0.00167	0.00774	0.00419	0.03551	0.00778
1	0.00744	0.00583	0.00714	0.05725	0.00991	0.00542	0.00562	0.00949	0.01329	0.01743	0.30064	0.07568	0.35868	0.01238	0.00642	0.00185	0.00318	0.07143	0.02599	0.00493
2	0.00681	0.00554	0.00603	0.00591	0.00759	0.00476	0.00443	0.00853	0.01329	0.01677	0.26056	0.04910	0.56557	0.01304	0.00644	0.00180	0.00271	0.01103	0.00533	0.00476
3	0.02365	0.00910	0.01239	0.00956	0.01364	0.00787	0.00787	0.02579	0.01560	0.74180	0.05758	0.01962	0.01532	0.00696	0.00553	0.00169	0.00454	0.00569	0.00671	0.00908
4	0.01667	0.01715	0.01795	0.01976	0.25670	0.27487	0.06153	0.15098	0.01567	0.01925	0.01083	0.01297	0.00869	0.00668	0.03080	0.00178	0.00772	0.00456	0.05793	0.00752
5	0.01221	0.01240	0.01666	0.01430	0.01440	0.04264	0.01188	0.01341	0.00859	0.01313	0.00720	0.01186	0.00715	0.00941	0.01745	0.00235	0.77185	0.00473	0.00240	0.00598
6	0.01686	0.37814	0.02337	0.01300	0.01697	0.34923	0.09965	0.01880	0.01317	0.01361	0.00836	0.00993	0.00716	0.00507	0.00446	0.00135	0.00795	0.00360	0.00259	0.00675
7	0.00879	0.00628	0.00879	0.01004	0.01130	0.00628	0.00879	0.01130	0.01255	0.01632	0.02887	0.06150	0.03138	0.01506	0.00753	0.00251	0.00502	0.73770	0.00502	0.00502
8	0.01130	0.00969	0.01130	0.00807	0.01292	0.00727	0.00646	0.01373	0.01130	0.01776	0.00969	0.01130	0.00807	0.00404	0.00404	0.00081	0.00404	0.00323	0.00323	0.84173
9	0.01218	0.01264	0.01643	0.57400	0.05625	0.13810	0.01416	0.01522	0.01146	0.01389	0.00928	0.01351	0.00726	0.00582	0.00647	0.00179	0.07826	0.00462	0.00249	0.00618
10	0.00656	0.00553	0.00568	0.00564	0.00743	0.00465	0.00423	0.00805	0.01270	0.01537	0.11969	0.05141	0.70732	0.01357	0.00644	0.00183	0.00274	0.01136	0.00515	0.00465
11	0.02072	0.01527	0.01636	0.01254	0.01691	0.01691	0.01036	0.75622	0.02563	0.03436	0.01309	0.01309	0.00927	0.00654	0.00545	0.00164	0.00600	0.00491	0.00545	0.00927
12	0.00793	0.00529	0.00595	0.00595	0.00595	0.00529	0.00330	0.00793	0.00793	0.01057	0.01718	0.03568	0.01982	0.80840	0.02775	0.00529	0.00529	0.00793	0.00330	0.00330
13	0.02446	0.00928	0.01265	0.00970	0.01392	0.00801	0.00801	0.02657	0.01560	0.77817	0.02151	0.01856	0.01350	0.00675	0.00548	0.00169	0.00464	0.00548	0.00675	0.00928
14	0.02072	0.01527	0.01636	0.01254	0.01691	0.01691	0.01036	0.75622	0.02563	0.03436	0.01309	0.01309	0.00927	0.00654	0.00545	0.00164	0.00600	0.00491	0.00545	0.00927
15	0.84691	0.01054	0.00801	0.00717	0.01054	0.01223	0.00590	0.01603	0.00928	0.02446	0.00759	0.00886	0.00590	0.00506	0.00337	0.00169	0.00422	0.00295	0.00337	0.00590
16	0.84691	0.01054	0.00801	0.00717	0.01054	0.01223	0.00590	0.01603	0.00928	0.02446	0.00759	0.00886	0.00590	0.00506	0.00337	0.00169	0.00422	0.00295	0.00337	0.00590
17	0.01458	0.81168	0.02857	0.00933	0.01399	0.02157	0.00933	0.01632	0.01108	0.01283	0.00758	0.00875	0.00700	0.00466	0.00350	0.00117	0.00583	0.00292	0.00233	0.00700
18	0.01851	0.01788	0.01487	0.01263	0.01609	0.27784	0.00991	0.29372	0.23813	0.02383	0.01416	0.01410	0.01066	0.00648	0.00530	0.00162	0.00681	0.00480	0.00458	0.00808
19	0.01467	0.68450	0.09526	0.01023	0.01506	0.07594	0.01039	0.01680	0.01143	0.01326	0.00784	0.00907	0.00699	0.00478	0.00375	0.00123	0.00632	0.00306	0.00236	0.00704
20	0.01408	0.01197	0.01262	0.01120	0.01437	0.01380	0.00875	0.08142	0.71125	0.02364	0.02153	0.01982	0.01611	0.00734	0.00554	0.00183	0.00444	0.00607	0.00554	0.00868
21	0.00733	0.00538	0.00698	0.00806	0.00866	0.00525	0.00565	0.00947	0.06502	0.01477	0.02937	0.68136	0.03424	0.01620	0.00691	0.00221	0.00341	0.07982	0.00509	0.00478
22	0.01555	0.68334	0.02652	0.00996	0.01446	0.07633	0.00951	0.08330	0.01270	0.01480	0.00814	0.00921	0.00720	0.00490	0.00378	0.00123	0.00613	0.00314	0.00265	0.00715
23	0.00792	0.00534	0.00620	0.00620	0.00629	0.00542	0.00362	0.00809	0.00800	0.01076	0.01695	0.03439	0.01926	0.73933	0.09606	0.00560	0.00612	0.00774	0.00327	0.00344
24	0.00713	0.00512	0.00676	0.00726	0.00801	0.00475	0.00510	0.00880	0.01268	0.01749	0.36366	0.46104	0.04298	0.01441	0.00672	0.00199	0.00290	0.01296	0.00548	0.00475
25	0.02446	0.00928	0.01265	0.00970	0.01392	0.00801	0.00801	0.02657	0.01560	0.77817	0.02151	0.01856	0.01350	0.00675	0.00548	0.00169	0.00464	0.00548	0.00675	0.00928
26	0.00779	0.00584	0.00876	0.00876	0.00974	0.00681	0.00681	0.00974	0.00876	0.01266	0.01460	0.02142	0.01363	0.04089	0.78680	0.00876	0.01460	0.00584	0.00292	0.00487
27	0.00702	0.00555	0.00632	0.00612	0.00772	0.00485	0.00459	0.00893	0.01378	0.01794	0.37751	0.04718	0.44790	0.01261	0.00644	0.00178	0.00268	0.01077	0.00548	0.00485
28	0.02446	0.00928	0.01265	0.00970	0.01392	0.00801	0.00801	0.02657	0.01560	0.77817	0.02151	0.01856	0.01350	0.00675	0.00548	0.00169	0.00464	0.00548	0.00675	0.00928
29	0.01349	0.01295	0.02213	0.03346	0.77440	0.01295	0.01673	0.01673	0.01241	0.01781	0.01025	0.01349	0.00864	0.00486	0.00540	0.00162	0.00648	0.00486	0.00270	0.00864
30	0.01698	0.35220	0.02101	0.08733	0.01765	0.39279	0.01047	0.01874	0.01319	0.01318	0.00819	0.00983	0.00704	0.00520	0.00438	0.00134	0.00792	0.00339	0.00257	0.00658
31	0.01105	0.01846	0.43296	0.01228	0.01744	0.00977	0.01387	0.01585	0.04198	0.08579	0.09555	0.16635	0.01871	0.00854	0.00575	0.00184	0.00602	0.02686	0.00381	0.00712

[dist]
# distance from previous block
# <min> <max>
0	1

[block]
# block no. 5 follows, 44 sequences, length 38
# corresponding to MSA columns:
# 589-626
name=unknown_F
#
# <colnr> <probs for GDERKNQSTAVLIFYWHMCP>
#	G	D	E	R	K	N	Q	S	T	A	V	L	I	F	Y	W	H	M	C	P
0	0.01484	0.42014	0.04192	0.01204	0.03668	0.14587	0.05188	0.03705	0.08638	0.01528	0.01159	0.01559	0.01037	0.00611	0.00462	0.00147	0.00654	0.07153	0.00309	0.00701
1	0.01093	0.09207	0.64112	0.01435	0.02143	0.01284	0.01792	0.01645	0.01120	0.01644	0.01007	0.01225	0.00757	0.00864	0.08171	0.00237	0.00851	0.00411	0.00237	0.00765
2	0.00947	0.00473	0.00710	0.00710	0.00710	0.00473	0.00473	0.00710	0.00710	0.00947	0.00947	0.01657	0.00947	0.01894	0.02131	0.84138	0.00473	0.00473	0.00237	0.00237
3	0.01030	0.00969	0.01635	0.79530	0.03755	0.01211	0.01514	0.01393	0.01090	0.01393	0.00969	0.01453	0.00727	0.00545	0.00545	0.00182	0.00727	0.00484	0.00242	0.00606
4	0.02446	0.00928	0.01265	0.00970	0.01392	0.00801	0.00801	0.02657	0.01560	0.77817	0.02151	0.01856	0.01350	0.00675	0.00548	0.00169	0.00464	0.00548	0.00675	0.00928
5	0.01016	0.00508	0.00508	0.00508	0.00635	0.00508	0.00381	0.01270	0.01143	0.02033	0.01778	0.02033	0.01397	0.00635	0.00381	0.00127	0.00254	0.00508	0.83867	0.00508
6	0.00779	0.00584	0.00876	0.00876	0.00974	0.00681	0.00681	0.00974	0.00876	0.01266	0.01460	0.02142	0.01363	0.04089	0.78680	0.00876	0.01460	0.00584	0.00292	0.00487
7	0.00772	0.00557	0.00729	0.00686	0.00814	0.00514	0.00514	0.01029	0.01543	0.02186	0.77152	0.04072	0.05144	0.01115	0.00643	0.00171	0.00257	0.00986	0.00600	0.00514
8	0.00675	0.00483	0.00642	0.00752	0.00793	0.00450	0.00507	0.00786	0.01093	0.01470	0.10278	0.72989	0.03757	0.01650	0.00691	0.00217	0.00310	0.01495	0.00515	0.00450
9	0.01127	0.10056	0.71074	0.01497	0.02271	0.01348	0.01914	0.01718	0.01147	0.01686	0.00958	0.01125	0.00691	0.00513	0.00502	0.00167	0.00785	0.00393	0.00230	0.00796
10	0.01016	0.00508	0.00508	0.00508	0.00635	0.00508	0.00381	0.01270	0.01143	0.02033	0.01778	0.02033	0.01397	0.00635	0.00381	0.00127	0.00254	0.00508	0.83867	0.00508
11	0.35786	0.00925	0.00950	0.00796	0.01136	0.00937	0.00648	0.04226	0.01277	0.29514	0.03614	0.02085	0.14544	0.00739	0.00481	0.00171	0.00414	0.00558	0.00501	0.00699
12	0.66190	0.01143	0.00938	0.00800	0.01159	0.03733	0.00654	0.08861	0.01127	0.02445	0.00835	0.00953	0.00647	0.00513	0.00369	0.00159	0.00456	0.00319	0.00355	0.08345
13	0.55030	0.08706	0.08705	0.00909	0.01320	0.01391	0.00836	0.13957	0.01239	0.02433	0.00872	0.00981	0.00666	0.00528	0.00391	0.00163	0.00504	0.00338	0.00352	0.00678
14	0.01139	0.01194	0.02414	0.09195	0.09802	0.01155	0.45058	0.01505	0.01237	0.01681	0.05295	0.14763	0.01506	0.00712	0.00633	0.00187	0.00740	0.00782	0.00327	0.00676
15	0.02075	0.01272	0.01448	0.01138	0.01548	0.01345	0.00931	0.39712	0.14555	0.27490	0.01735	0.01608	0.01188	0.00675	0.00548	0.00169	0.00527	0.00530	0.00589	0.00917
16	0.01233	0.02158	0.41074	0.01862	0.02536	0.01339	0.34011	0.05895	0.01290	0.01831	0.01051	0.01299	0.00764	0.00500	0.00574	0.00177	0.00844	0.00513	0.00268	0.00782
17	0.01508	0.65979	0.02678	0.01187	0.08451	0.02032	0.01011	0.08894	0.01263	0.01540	0.00837	0.00961	0.00737	0.00487	0.00387	0.00125	0.00591	0.00329	0.00267	0.00737
18	0.00685	0.00490	0.00651	0.00745	0.00795	0.00456	0.00508	0.00810	0.01139	0.01543	0.17127	0.65931	0.03899	0.01595	0.00686	0.00212	0.00305	0.01442	0.00524	0.00456
19	0.00644	0.00552	0.00552	0.00552	0.00736	0.00460	0.00414	0.00782	0.01243	0.01473	0.05523	0.05247	0.77218	0.01381	0.00644	0.00184	0.00276	0.01151	0.00506	0.00460
20	0.01517	0.00848	0.01057	0.00885	0.01154	0.00820	0.00700	0.15708	0.01706	0.25224	0.34550	0.08533	0.03080	0.00938	0.00600	0.00173	0.00389	0.00801	0.00605	0.00713
21	0.01417	0.01157	0.01235	0.01102	0.01416	0.01325	0.00859	0.02883	0.72238	0.06533	0.02215	0.02024	0.01646	0.00736	0.00554	0.00184	0.00433	0.00613	0.00561	0.00867
22	0.00714	0.00568	0.00649	0.00664	0.00826	0.00503	0.00522	0.00896	0.01304	0.01642	0.18969	0.05190	0.49074	0.01353	0.00665	0.00194	0.00315	0.14949	0.00524	0.00479
23	0.84691	0.01054	0.00801	0.00717	0.01054	0.01223	0.00590	0.01603	0.00928	0.02446	0.00759	0.00886	0.00590	0.00506	0.00337	0.00169	0.00422	0.00295	0.00337	0.00590
24	0.01318	0.01382	0.02708	0.02830	0.40689	0.01336	0.38027	0.01709	0.01264	0.01764	0.01064	0.01409	0.00846	0.00473	0.00591	0.00173	0.00781	0.00563	0.00273	0.00800
25	0.02446	0.00928	0.01265	0.00970	0.01392	0.00801	0.00801	0.02657	0.01560	0.77817	0.02151	0.01856	0.01350	0.00675	0.00548	0.00169	0.00464	0.00548	0.00675	0.00928
26	0.00793	0.00529	0.00595	0.00595	0.00595	0.00529	0.00330	0.00793	0.00793	0.01057	0.01718	0.03568	0.01982	0.80840	0.02775	0.00529	0.00529	0.00793	0.00330	0.00330
27	0.01294	0.03321	0.38981	0.01231	0.01757	0.00993	0.01383	0.01724	0.01294	0.16803	0.10145	0.02501	0.01758	0.00790	0.00576	0.00185	0.00618	0.13497	0.00408	0.00741
28	0.00664	0.00474	0.00633	0.00759	0.00791	0.00443	0.00506	0.00759	0.01044	0.01392	0.03005	0.80485	0.03606	0.01708	0.00696	0.00221	0.00316	0.01550	0.00506	0.00443
29	0.01030	0.00969	0.01635	0.79530	0.03755	0.01211	0.01514	0.01393	0.01090	0.01393	0.00969	0.01453	0.00727	0.00545	0.00545	0.00182	0.00727	0.00484	0.00242	0.00606
30	0.00785	0.00559	0.00747	0.00747	0.00799	0.00611	0.00520	0.00890	0.00838	0.01170	0.01579	0.02798	0.01648	0.39427	0.43732	0.00716	0.01031	0.00680	0.00310	0.00415
31	0.01737	0.02030	0.01836	0.02252	0.34744	0.44893	0.01324	0.01957	0.01412	0.01529	0.00922	0.01143	0.00773	0.00529	0.00513	0.00150	0.00837	0.00410	0.00276	0.00733
32	0.01959	0.01818	0.24515	0.01229	0.01740	0.15769	0.01216	0.02284	0.01434	0.40253	0.01547	0.01476	0.01027	0.00606	0.00528	0.00165	0.00666	0.00467	0.00465	0.00835
33	0.00723	0.00519	0.00645	0.00693	0.00743	0.00510	0.00460	0.00806	0.00958	0.01268	0.02655	0.32735	0.12147	0.29244	0.12997	0.00420	0.00554	0.01095	0.00414	0.00413
34	0.01406	0.01041	0.01169	0.01088	0.06784	0.02690	0.00759	0.31816	0.01678	0.02298	0.08885	0.02326	0.01694	0.24919	0.01212	0.00271	0.00524	0.00629	0.08156	0.00657
35	0.01181	0.01133	0.01540	0.31590	0.14905	0.07307	0.01238	0.05578	0.01261	0.01643	0.08850	0.01966	0.08256	0.00726	0.00712	0.00180	0.10378	0.00584	0.00326	0.00645
36	0.01185	0.16370	0.02025	0.01668	0.15440	0.05574	0.18067	0.01429	0.01175	0.01531	0.01549	0.24232	0.01607	0.00841	0.00589	0.00173	0.02067	0.00781	0.00335	0.03363
37	0.06036	0.08993	0.05412	0.01470	0.12833	0.20178	0.02364	0.08982	0.02686	0.01813	0.00965	0.01132	0.00787	0.00521	0.00508	0.00137	0.03223	0.00386	0.00315	0.21259

[dist]
# distance from previous block
# <min> <max>
2	33

[block]
# block no. 6 follows, 44 sequences, length 20
# corresponding to MSA columns:
# 660-679
name=unknown_G
#
# <colnr> <probs for GDERKNQSTAVLIFYWHMCP>
#	G	D	E	R	K	N	Q	S	T	A	V	L	I	F	Y	W	H	M	C	P
0	0.06699	0.04244	0.31188	0.27075	0.09119	0.04114	0.01582	0.01696	0.06128	0.01679	0.01035	0.01293	0.00776	0.00538	0.00513	0.00172	0.00716	0.00438	0.00268	0.00725
1	0.01778	0.14131	0.01658	0.01204	0.01547	0.38846	0.00959	0.12814	0.10076	0.01796	0.01097	0.01182	0.00877	0.00573	0.00475	0.00141	0.00738	0.00396	0.03470	0.06243
2	0.01138	0.34810	0.04481	0.00837	0.01131	0.01303	0.00744	0.04192	0.02976	0.01648	0.24186	0.02408	0.04022	0.13012	0.00835	0.00203	0.00474	0.00617	0.00385	0.00598
3	0.01363	0.13541	0.02362	0.02924	0.62019	0.01432	0.05290	0.01671	0.01223	0.01703	0.00988	0.01283	0.00837	0.00481	0.00516	0.00156	0.00651	0.00464	0.00265	0.00832
4	0.01105	0.17222	0.50100	0.01282	0.01904	0.01301	0.01544	0.01585	0.01212	0.01724	0.14454	0.01617	0.01483	0.00614	0.00508	0.00162	0.00666	0.00485	0.00296	0.00734
5	0.00781	0.00576	0.00833	0.00833	0.00915	0.00658	0.00628	0.00946	0.00863	0.01234	0.01500	0.02360	0.01458	0.15847	0.67051	0.00823	0.01318	0.00616	0.00298	0.00463
6	0.00781	0.00576	0.00833	0.00833	0.00915	0.00658	0.00628	0.00946	0.00863	0.01234	0.01500	0.02360	0.01458	0.15847	0.67051	0.00823	0.01318	0.00616	0.00298	0.00463
7	0.01843	0.02286	0.01420	0.01294	0.01552	0.66681	0.00971	0.02001	0.01545	0.01465	0.12533	0.01456	0.01383	0.00646	0.00515	0.00145	0.00872	0.00448	0.00330	0.00614
8	0.01458	0.81168	0.02857	0.00933	0.01399	0.02157	0.00933	0.01632	0.01108	0.01283	0.00758	0.00875	0.00700	0.00466	0.00350	0.00117	0.00583	0.00292	0.00233	0.00700
9	0.00674	0.00481	0.00644	0.00770	0.00806	0.00451	0.00523	0.00776	0.01053	0.01403	0.02999	0.77113	0.03585	0.01699	0.00698	0.00223	0.00325	0.04825	0.00506	0.00445
10	0.01130	0.00969	0.01130	0.00807	0.01292	0.00727	0.00646	0.01373	0.01130	0.01776	0.00969	0.01130	0.00807	0.00404	0.00404	0.00081	0.00404	0.00323	0.00323	0.84173
11	0.20657	0.23589	0.01732	0.01120	0.01464	0.40283	0.00915	0.01899	0.01286	0.01573	0.00801	0.00931	0.00676	0.00523	0.00418	0.00140	0.00747	0.00322	0.00281	0.00641
12	0.01349	0.01295	0.02213	0.03346	0.77440	0.01295	0.01673	0.01673	0.01241	0.01781	0.01025	0.01349	0.00864	0.00486	0.00540	0.00162	0.00648	0.00486	0.00270	0.00864
13	0.00741	0.00528	0.00703	0.00789	0.00858	0.00503	0.00579	0.00895	0.01169	0.01574	0.17024	0.44264	0.03687	0.06794	0.00836	0.00239	0.00360	0.17482	0.00511	0.00462
14	0.01130	0.00969	0.01130	0.00807	0.01292	0.00727	0.00646	0.01373	0.01130	0.01776	0.00969	0.01130	0.00807	0.00404	0.00404	0.00081	0.00404	0.00323	0.00323	0.84173
15	0.01130	0.00969	0.01130	0.00807	0.01292	0.00727	0.00646	0.01373	0.01130	0.01776	0.00969	0.01130	0.00807	0.00404	0.00404	0.00081	0.00404	0.00323	0.00323	0.84173
16	0.01296	0.46429	0.36182	0.01208	0.01825	0.01762	0.01412	0.01674	0.01127	0.01479	0.00856	0.00997	0.00696	0.00489	0.00424	0.00141	0.00682	0.00341	0.00232	0.00747
17	0.00698	0.00491	0.00632	0.00720	0.00752	0.00465	0.00471	0.00785	0.01028	0.01380	0.08055	0.59338	0.03385	0.17789	0.01116	0.00280	0.00355	0.01355	0.00477	0.00425
18	0.01056	0.00916	0.04863	0.00900	0.01180	0.00774	0.00728	0.12488	0.01328	0.01857	0.02096	0.33111	0.04421	0.01068	0.00578	0.00168	0.00422	0.05733	0.00443	0.25869
19	0.01449	0.12257	0.23762	0.01218	0.01679	0.13163	0.01203	0.12461	0.14357	0.01930	0.01276	0.01446	0.01006	0.04944	0.00617	0.00178	0.00663	0.00457	0.05184	0.00750

[dist]
# distance from previous block
# <min> <max>
3	46

[block]
# block no. 7 follows, 44 sequences, length 10
# corresponding to MSA columns:
# 726-735
name=unknown_H
#
# <colnr> <probs for GDERKNQSTAVLIFYWHMCP>
#	G	D	E	R	K	N	Q	S	T	A	V	L	I	F	Y	W	H	M	C	P
0	0.13637	0.01221	0.01914	0.12988	0.29712	0.01298	0.13651	0.01857	0.14750	0.01910	0.01206	0.01439	0.00942	0.00538	0.00531	0.00173	0.00631	0.00507	0.00328	0.00766
1	0.01379	0.01166	0.01442	0.06910	0.12843	0.01167	0.00981	0.15172	0.19121	0.02168	0.01333	0.01430	0.01033	0.00550	0.00495	0.00139	0.00505	0.00458	0.00404	0.31304
2	0.01059	0.01009	0.01641	0.65441	0.03336	0.01294	0.01456	0.01378	0.01044	0.01378	0.00923	0.01406	0.00725	0.00619	0.00769	0.00192	0.14999	0.00483	0.00242	0.00604
3	0.01348	0.57582	0.25483	0.01120	0.01688	0.01889	0.01258	0.01661	0.01121	0.01416	0.00824	0.00958	0.00697	0.00482	0.00400	0.00133	0.00650	0.00325	0.00232	0.00732
4	0.01030	0.00969	0.01635	0.79530	0.03755	0.01211	0.01514	0.01393	0.01090	0.01393	0.00969	0.01453	0.00727	0.00545	0.00545	0.00182	0.00727	0.00484	0.00242	0.00606
5	0.00698	0.00520	0.00658	0.00755	0.00839	0.00480	0.00552	0.00831	0.01129	0.01454	0.03576	0.49376	0.20838	0.01595	0.00694	0.00218	0.00340	0.14484	0.00505	0.00458
6	0.01829	0.01396	0.01541	0.01181	0.01595	0.01503	0.00972	0.56048	0.02165	0.02966	0.01201	0.01266	0.00889	0.00627	0.00606	0.00153	0.06173	0.00458	0.00481	0.16950
7	0.01943	0.01463	0.01563	0.01228	0.01641	0.01630	0.01005	0.62502	0.15893	0.03227	0.01473	0.01440	0.01060	0.00670	0.00547	0.00167	0.00570	0.00513	0.00547	0.00916
8	0.01830	0.02295	0.01398	0.01278	0.01545	0.67073	0.00959	0.01970	0.01500	0.01355	0.01536	0.01614	0.12032	0.00683	0.00514	0.00147	0.00878	0.00470	0.00314	0.00607
9	0.00867	0.00789	0.00768	0.00855	0.00923	0.12024	0.00587	0.00969	0.01118	0.01383	0.02685	0.68712	0.03176	0.01538	0.00666	0.00209	0.00415	0.01372	0.00473	0.00471

[dist]
# distance from previous block
# <min> <max>
0	3

[block]
# block no. 8 follows, 44 sequences, length 11
# corresponding to MSA columns:
# 739-749
name=unknown_I
#
# <colnr> <probs for GDERKNQSTAVLIFYWHMCP>
#	G	D	E	R	K	N	Q	S	T	A	V	L	I	F	Y	W	H	M	C	P
0	0.01909	0.02386	0.01447	0.01321	0.01574	0.70640	0.00979	0.02035	0.01468	0.01306	0.00932	0.01248	0.00833	0.08794	0.00726	0.00180	0.00937	0.00396	0.00286	0.00601
1	0.01773	0.01378	0.01467	0.01194	0.01577	0.01551	0.00964	0.45214	0.33459	0.02953	0.01689	0.01612	0.01235	0.00690	0.00549	0.00173	0.00529	0.00543	0.00549	0.00900
2	0.01169	0.01004	0.01148	0.00859	0.01313	0.00834	0.00683	0.01634	0.14023	0.01863	0.01183	0.01285	0.00954	0.00461	0.00430	0.00099	0.00408	0.00373	0.00363	0.69913
3	0.00970	0.00810	0.00926	0.00803	0.01094	0.00717	0.00608	0.01378	0.13846	0.01715	0.02462	0.21584	0.14722	0.00950	0.00543	0.00151	0.00365	0.00817	0.00439	0.35100
4	0.01228	0.01249	0.14271	0.00949	0.01452	0.00808	0.00887	0.01524	0.01172	0.09540	0.01227	0.06469	0.01029	0.00538	0.00457	0.00115	0.00473	0.00441	0.00355	0.55816
5	0.01586	0.42638	0.07215	0.01045	0.01482	0.06206	0.00985	0.21178	0.01524	0.01956	0.01022	0.01126	0.00827	0.00541	0.00424	0.00135	0.00593	0.00376	0.08397	0.00744
6	0.01271	0.14978	0.02435	0.01649	0.01954	0.01609	0.29077	0.01533	0.01063	0.01487	0.00878	0.01241	0.00758	0.00664	0.01061	0.00191	0.33659	0.00502	0.00255	0.03735
7	0.01371	0.29644	0.22846	0.01180	0.01688	0.01636	0.01215	0.07293	0.24233	0.01862	0.01304	0.01335	0.01008	0.00577	0.00472	0.00156	0.00599	0.00435	0.00353	0.00795
8	0.01281	0.01075	0.01171	0.01053	0.01288	0.06598	0.00828	0.15929	0.22764	0.01976	0.01603	0.01869	0.01318	0.02226	0.35901	0.00490	0.00968	0.00559	0.00415	0.00689
9	0.01251	0.01310	0.01172	0.14434	0.01629	0.25396	0.00877	0.01566	0.05966	0.01787	0.35478	0.02525	0.02774	0.00820	0.00573	0.00164	0.00578	0.00677	0.00435	0.00588
10	0.01778	0.02108	0.01796	0.02135	0.30194	0.49541	0.01287	0.01987	0.01431	0.01502	0.00911	0.01121	0.00763	0.00533	0.00510	0.00149	0.00857	0.00402	0.00277	0.00719

[dist]
# distance from previous block
# <min> <max>
12	38

[block]
# block no. 9 follows, 44 sequences, length 11
# corresponding to MSA columns:
# 788-798
name=unknown_J
#
# <colnr> <probs for GDERKNQSTAVLIFYWHMCP>
#	G	D	E	R	K	N	Q	S	T	A	V	L	I	F	Y	W	H	M	C	P
0	0.15576	0.01102	0.01413	0.01133	0.01475	0.01139	0.11457	0.19833	0.06665	0.10313	0.01589	0.12844	0.01397	0.06003	0.00685	0.00197	0.00533	0.00656	0.00453	0.05535
1	0.06877	0.14745	0.01693	0.01108	0.01497	0.04233	0.05757	0.22027	0.04855	0.18655	0.01462	0.01569	0.02597	0.05520	0.00665	0.00180	0.02225	0.00494	0.00454	0.03387
2	0.01226	0.01028	0.01474	0.01151	0.01488	0.01017	0.17202	0.14373	0.07454	0.02089	0.04832	0.02335	0.15416	0.00746	0.00575	0.00160	0.02362	0.00659	0.14534	0.09879
3	0.00919	0.00663	0.00800	0.00724	0.00907	0.00606	0.00542	0.02946	0.03311	0.04522	0.34079	0.03680	0.12936	0.14520	0.00971	0.00226	0.00360	0.05299	0.00500	0.11490
4	0.01345	0.01026	0.01619	0.41016	0.17445	0.01095	0.01311	0.01659	0.01204	0.14438	0.01180	0.01459	0.00869	0.00537	0.00526	0.00162	0.00624	0.00474	0.00331	0.11679
5	0.01561	0.67706	0.02650	0.00987	0.01449	0.02078	0.00950	0.14139	0.01354	0.01647	0.00851	0.00948	0.00738	0.00498	0.00383	0.00125	0.00586	0.00325	0.00286	0.00738
6	0.00809	0.00622	0.00876	0.14018	0.01310	0.00628	0.00683	0.01074	0.01436	0.02004	0.59742	0.08300	0.04303	0.01055	0.00630	0.00176	0.00340	0.00936	0.00534	0.00525
7	0.00793	0.00529	0.00595	0.00595	0.00595	0.00529	0.00330	0.00793	0.00793	0.01057	0.01718	0.03568	0.01982	0.80840	0.02775	0.00529	0.00529	0.00793	0.00330	0.00330
8	0.01458	0.81168	0.02857	0.00933	0.01399	0.02157	0.00933	0.01632	0.01108	0.01283	0.00758	0.00875	0.00700	0.00466	0.00350	0.00117	0.00583	0.00292	0.00233	0.00700
9	0.27176	0.00746	0.00803	0.00846	0.01042	0.00786	0.00714	0.01219	0.01143	0.01858	0.02568	0.07015	0.12077	0.01183	0.00606	0.00215	0.00441	0.38588	0.00451	0.00522
10	0.01339	0.01235	0.01952	0.04796	0.01999	0.01134	0.26355	0.14052	0.01424	0.02030	0.01072	0.01291	0.00831	0.00471	0.00516	0.00134	0.00627	0.00468	0.00341	0.37932

[dist]
# distance from previous block
# <min> <max>
6	15

[block]
# block no. 10 follows, 44 sequences, length 41
# corresponding to MSA columns:
# 814-844,846-855
name=unknown_K
#
# <colnr> <probs for GDERKNQSTAVLIFYWHMCP>
#	G	D	E	R	K	N	Q	S	T	A	V	L	I	F	Y	W	H	M	C	P
0	0.01093	0.02820	0.78016	0.01554	0.02360	0.01266	0.02014	0.01727	0.01151	0.01727	0.00978	0.01151	0.00691	0.00518	0.00518	0.00173	0.00806	0.00403	0.00230	0.00806
1	0.01324	0.06817	0.01290	0.00990	0.01265	0.06934	0.03263	0.24150	0.03607	0.02273	0.22985	0.10261	0.10714	0.00941	0.00584	0.00170	0.00475	0.00789	0.00501	0.00667
2	0.00947	0.00473	0.00710	0.00710	0.00710	0.00473	0.00473	0.00710	0.00710	0.00947	0.00947	0.01657	0.00947	0.01894	0.02131	0.84138	0.00473	0.00473	0.00237	0.00237
3	0.00789	0.00543	0.00666	0.00666	0.00691	0.00568	0.00420	0.00839	0.00814	0.01110	0.01652	0.03204	0.01824	0.61282	0.22118	0.00617	0.00766	0.00740	0.00321	0.00370
4	0.01193	0.01193	0.01670	0.01431	0.01431	0.01670	0.01193	0.01312	0.00835	0.01312	0.00716	0.01193	0.00716	0.00954	0.01789	0.00239	0.79843	0.00477	0.00239	0.00596
5	0.41846	0.00981	0.01025	0.00836	0.01212	0.00994	0.00688	0.02067	0.01242	0.37195	0.03323	0.01421	0.01062	0.00596	0.00445	0.00166	0.00436	0.00430	0.00499	0.03538
6	0.22789	0.01260	0.01283	0.01042	0.01403	0.06280	0.00849	0.21233	0.06147	0.20408	0.01335	0.01338	0.00952	0.00629	0.00572	0.00167	0.06199	0.00444	0.00473	0.05197
7	0.00644	0.00552	0.00552	0.00552	0.00736	0.00460	0.00414	0.00782	0.01243	0.01473	0.05523	0.05247	0.77218	0.01381	0.00644	0.00184	0.00276	0.01151	0.00506	0.00460
8	0.02023	0.01498	0.01609	0.01231	0.01670	0.01640	0.01016	0.71696	0.02488	0.03348	0.01291	0.01299	0.00921	0.00641	0.00538	0.00159	0.00590	0.00482	0.00534	0.05328
9	0.01030	0.00969	0.01635	0.79530	0.03755	0.01211	0.01514	0.01393	0.01090	0.01393	0.00969	0.01453	0.00727	0.00545	0.00545	0.00182	0.00727	0.00484	0.00242	0.00606
10	0.01638	0.01143	0.01440	0.01070	0.01529	0.05018	0.08099	0.08481	0.01414	0.22700	0.01329	0.01371	0.00963	0.00514	0.00484	0.00126	0.00519	0.00433	0.00432	0.41297
11	0.00960	0.00846	0.01364	0.01087	0.01383	0.00767	0.20990	0.01250	0.03836	0.05952	0.11995	0.03784	0.41478	0.01038	0.00635	0.00182	0.00466	0.00942	0.00465	0.00581
12	0.02266	0.01217	0.01444	0.01107	0.01536	0.01231	0.00915	0.37898	0.02045	0.41892	0.01744	0.01592	0.01146	0.00665	0.00547	0.00166	0.00530	0.00521	0.00612	0.00927
