[name]
unknown

[dist]
# distance from previous block
# <min> <max>
0	54

[block]
# block no. 0 follows, 51 sequences, length 9
# corresponding to MSA columns:
# 136-144
name=unknown_A
#
# <colnr> <probs for GDERKNQSTAVLIFYWHMCP>
#	G	D	E	R	K	N	Q	S	T	A	V	L	I	F	Y	W	H	M	C	P
0	0.01253	0.12870	0.07810	0.07406	0.12015	0.09668	0.05961	0.13617	0.01269	0.01646	0.01223	0.08974	0.03022	0.00639	0.00529	0.00150	0.04286	0.02437	0.01814	0.03412
1	0.01195	0.06649	0.47252	0.01288	0.01850	0.05762	0.05644	0.10193	0.04773	0.04377	0.03606	0.03248	0.00912	0.00536	0.00476	0.00152	0.00656	0.00432	0.00289	0.00710
2	0.01180	0.00878	0.00992	0.00876	0.01110	0.00949	0.00681	0.13168	0.33704	0.07204	0.24128	0.08947	0.02428	0.00821	0.00532	0.00162	0.00360	0.00700	0.00514	0.00669
3	0.03405	0.07005	0.04592	0.01055	0.03100	0.08950	0.05565	0.18454	0.06666	0.01793	0.01738	0.06739	0.12869	0.03387	0.00632	0.00161	0.06296	0.00571	0.00364	0.06657
4	0.07037	0.06231	0.18178	0.05967	0.06845	0.02322	0.01029	0.09670	0.05969	0.07505	0.05388	0.01645	0.04584	0.06858	0.03696	0.00203	0.05416	0.00483	0.00334	0.00639
5	0.02938	0.00555	0.00723	0.07644	0.04222	0.00537	0.00568	0.00879	0.01067	0.03735	0.12499	0.32793	0.25300	0.01256	0.02828	0.00193	0.00347	0.01026	0.00433	0.00458
6	0.00764	0.00560	0.00650	0.00645	0.00779	0.00529	0.00470	0.03820	0.06328	0.04458	0.16742	0.26081	0.29919	0.05136	0.00675	0.00187	0.00294	0.01023	0.00473	0.00469
7	0.03944	0.08263	0.33329	0.06683	0.11328	0.09819	0.14582	0.01590	0.01103	0.03575	0.00899	0.01099	0.00679	0.00460	0.00471	0.00149	0.00705	0.00401	0.00238	0.00682
8	0.01332	0.01254	0.01418	0.05634	0.14728	0.17363	0.07792	0.12935	0.04257	0.06176	0.06569	0.03640	0.13410	0.00678	0.00511	0.00151	0.00568	0.00576	0.00368	0.00640

[dist]
# distance from previous block
# <min> <max>
10	21

[block]
# block no. 1 follows, 51 sequences, length 41
# corresponding to MSA columns:
# 166-206
name=unknown_B
#
# <colnr> <probs for GDERKNQSTAVLIFYWHMCP>
#	G	D	E	R	K	N	Q	S	T	A	V	L	I	F	Y	W	H	M	C	P
0	0.03719	0.11541	0.25360	0.14200	0.05345	0.05775	0.01204	0.03233	0.07145	0.08798	0.01149	0.06183	0.00926	0.00561	0.00460	0.00149	0.00587	0.00451	0.00300	0.02913
1	0.00941	0.03484	0.29807	0.01031	0.01406	0.03501	0.04204	0.01290	0.03400	0.04845	0.12469	0.11525	0.14599	0.00822	0.00576	0.00163	0.04309	0.00686	0.00352	0.00588
2	0.01114	0.00630	0.00778	0.00699	0.00903	0.00579	0.00541	0.05395	0.01237	0.22624	0.11434	0.13893	0.28449	0.01276	0.07924	0.00222	0.00411	0.00845	0.00491	0.00556
3	0.00903	0.00733	0.02314	0.00943	0.05572	0.00700	0.04769	0.02561	0.14738	0.05696	0.12133	0.23064	0.18372	0.01045	0.00569	0.00174	0.00362	0.04348	0.00455	0.00551
4	0.10196	0.05565	0.16476	0.05103	0.19047	0.06200	0.01147	0.08059	0.05251	0.13377	0.04166	0.01293	0.00959	0.00523	0.00459	0.00148	0.00557	0.00422	0.00340	0.00713
5	0.00962	0.00772	0.00841	0.00768	0.00926	0.09599	0.07286	0.03395	0.01118	0.01602	0.03646	0.19501	0.09585	0.00839	0.00471	0.00146	0.00379	0.00724	0.36958	0.00483
6	0.00601	0.00436	0.00568	0.00667	0.00710	0.00403	0.00450	0.00694	0.00970	0.01285	0.05521	0.73631	0.09256	0.01498	0.00622	0.00195	0.00280	0.01351	0.00459	0.00403
7	0.05097	0.01311	0.01716	0.14597	0.48506	0.15577	0.01316	0.01531	0.01135	0.01500	0.00964	0.01229	0.02437	0.00477	0.00473	0.00146	0.00633	0.00421	0.00249	0.00686
8	0.02926	0.01008	0.01032	0.01001	0.04148	0.12306	0.00728	0.08283	0.10439	0.05290	0.03222	0.21185	0.02662	0.08413	0.02774	0.00214	0.09647	0.02513	0.01650	0.00558
9	0.00610	0.00436	0.00583	0.00697	0.00731	0.00409	0.00476	0.00704	0.00952	0.01267	0.02702	0.77942	0.03226	0.01529	0.00630	0.00201	0.00295	0.05753	0.00456	0.00402
10	0.01049	0.01007	0.01739	0.47747	0.32704	0.01128	0.04865	0.01367	0.01043	0.01405	0.00898	0.01275	0.00707	0.00467	0.00493	0.00157	0.00635	0.00444	0.00229	0.00641
11	0.01007	0.03065	0.01016	0.19104	0.01520	0.19116	0.00776	0.01172	0.01110	0.02770	0.04680	0.25848	0.15006	0.00951	0.00534	0.00164	0.00508	0.00807	0.00355	0.00491
12	0.05247	0.00814	0.03988	0.02203	0.01079	0.00781	0.00683	0.19321	0.01345	0.07884	0.07631	0.38157	0.02316	0.01080	0.00560	0.00177	0.00390	0.05317	0.00461	0.00566
13	0.00820	0.00451	0.00497	0.00527	0.00618	0.00442	0.00379	0.01010	0.01020	0.01678	0.04953	0.24105	0.01940	0.00856	0.00431	0.00140	0.00245	0.00734	0.58714	0.00442
14	0.01711	0.00934	0.01120	0.00924	0.01249	0.00950	0.00741	0.06694	0.31951	0.40376	0.06421	0.01824	0.01505	0.00653	0.00501	0.00158	0.00403	0.00538	0.00555	0.00792
15	0.01025	0.00998	0.03267	0.18183	0.23583	0.01047	0.13564	0.01306	0.01055	0.01495	0.06185	0.06346	0.01208	0.00628	0.00641	0.00164	0.09995	0.02296	0.06404	0.00610
16	0.59427	0.08274	0.01058	0.00774	0.01109	0.01273	0.00651	0.18973	0.01188	0.02317	0.00798	0.00885	0.00610	0.00484	0.00348	0.00147	0.00430	0.00306	0.00339	0.00610
17	0.02763	0.01406	0.19245	0.04785	0.10703	0.01079	0.03744	0.19680	0.01370	0.09447	0.01077	0.01231	0.00808	0.02913	0.00519	0.00146	0.00551	0.00408	0.00340	0.17785
18	0.01630	0.11325	0.13440	0.01083	0.02775	0.01195	0.02570	0.25921	0.02696	0.23777	0.01451	0.03454	0.02582	0.00614	0.00481	0.00150	0.00522	0.03144	0.00434	0.00756
19	0.01082	0.00877	0.00937	0.00842	0.00954	0.07924	0.00625	0.11789	0.01107	0.04325	0.04978	0.09466	0.03535	0.27867	0.04542	0.00295	0.13759	0.00647	0.03962	0.00488
20	0.01160	0.01326	0.02900	0.02071	0.02568	0.01243	0.77879	0.01574	0.01160	0.01574	0.00994	0.01326	0.00746	0.00414	0.00580	0.00166	0.00829	0.00580	0.00249	0.00663
21	0.09080	0.01918	0.22048	0.03640	0.04286	0.34326	0.02733	0.03467	0.01194	0.01470	0.01083	0.03606	0.04100	0.02641	0.00505	0.00152	0.00702	0.00416	0.02030	0.00602
22	0.01208	0.00999	0.10217	0.00942	0.01236	0.00847	0.02760	0.03940	0.22443	0.17632	0.02282	0.15001	0.09760	0.00883	0.00541	0.00172	0.00425	0.07590	0.00466	0.00656
23	0.00598	0.00481	0.00528	0.00552	0.00675	0.00417	0.00396	0.00716	0.01080	0.01340	0.09479	0.23163	0.53002	0.04488	0.00667	0.00185	0.00265	0.01100	0.00456	0.00410
24	0.01447	0.00684	0.00877	0.00731	0.00990	0.00607	0.00582	0.03640	0.01352	0.39918	0.21780	0.04576	0.16238	0.00842	0.00529	0.00155	0.00335	0.00709	0.03363	0.00645
25	0.09905	0.01516	0.11618	0.08594	0.14017	0.17488	0.01109	0.09934	0.08259	0.09577	0.01076	0.01186	0.00805	0.00525	0.00484	0.00150	0.02333	0.00403	0.00330	0.00690
26	0.01364	0.04893	0.01548	0.12875	0.09857	0.23363	0.05497	0.08591	0.09963	0.01533	0.01034	0.01337	0.00862	0.03789	0.00685	0.00167	0.09850	0.01869	0.00296	0.00627
27	0.01265	0.05130	0.23016	0.01197	0.04844	0.07211	0.06784	0.01714	0.09861	0.14990	0.14337	0.02983	0.01595	0.00634	0.00502	0.00154	0.00546	0.02177	0.00381	0.00677
28	0.19296	0.05487	0.27611	0.05816	0.03702	0.08823	0.04972	0.01464	0.01037	0.03169	0.04024	0.04968	0.00939	0.00681	0.04050	0.00179	0.00628	0.00428	0.00273	0.02454
29	0.00840	0.00509	0.00627	0.00633	0.00689	0.00490	0.00418	0.00902	0.00887	0.08781	0.04476	0.20614	0.02228	0.47812	0.01688	0.00354	0.00419	0.06860	0.00383	0.00390
30	0.01217	0.00991	0.01218	0.01046	0.01277	0.09856	0.11645	0.12146	0.05941	0.10582	0.01953	0.34334	0.03733	0.00963	0.00557	0.00171	0.00487	0.00862	0.00429	0.00590
31	0.05425	0.05675	0.34844	0.02611	0.06658	0.06096	0.07748	0.14762	0.03854	0.03490	0.01023	0.01154	0.01674	0.00510	0.00494	0.00152	0.02420	0.00407	0.00291	0.00713
32	0.01050	0.00805	0.01166	0.15580	0.01507	0.02549	0.09429	0.05382	0.03681	0.08460	0.01389	0.03899	0.01314	0.30707	0.07043	0.00324	0.02484	0.02400	0.00325	0.00506
33	0.00630	0.00461	0.00587	0.00653	0.00720	0.00426	0.00458	0.00752	0.01048	0.01393	0.16853	0.49379	0.13948	0.05047	0.00700	0.00201	0.00289	0.05580	0.00464	0.00412
34	0.01142	0.11738	0.07836	0.20980	0.23197	0.02972	0.07830	0.03064	0.01042	0.01415	0.00842	0.01150	0.00692	0.00520	0.00649	0.00158	0.13474	0.00418	0.00232	0.00649
35	0.01494	0.16982	0.07069	0.04628	0.06481	0.11176	0.06460	0.08062	0.01287	0.19815	0.03266	0.04882	0.05089	0.00600	0.00469	0.00144	0.00561	0.00490	0.00368	0.00678
36	0.00627	0.00481	0.00577	0.00608	0.00717	0.00431	0.00445	0.00773	0.01134	0.01476	0.22908	0.28236	0.32940	0.01281	0.00600	0.00177	0.00267	0.05420	0.00477	0.00425
37	0.00995	0.00553	0.00717	0.00705	0.00841	0.00503	0.00512	0.02451	0.01133	0.19030	0.11966	0.43662	0.09830	0.03884	0.00646	0.00189	0.00316	0.01061	0.00496	0.00511
38	0.00938	0.00920	0.07628	0.00862	0.02644	0.06926	0.05079	0.05493	0.01017	0.02302	0.09456	0.06299	0.02902	0.43675	0.01560	0.00323	0.00518	0.00675	0.00332	0.00448
39	0.01659	0.13705	0.01605	0.01176	0.01475	0.43912	0.04368	0.14190	0.01453	0.03538	0.04928	0.01110	0.00893	0.00544	0.00487	0.00134	0.03511	0.00379	0.00308	0.00626
40	0.03163	0.07879	0.19396	0.01123	0.05914	0.04851	0.01022	0.06211	0.03026	0.09114	0.00988	0.01100	0.00757	0.00478	0.00489	0.00125	0.05248	0.00357	0.00305	0.28452

[dist]
# distance from previous block
# <min> <max>
0	8

[block]
# block no. 2 follows, 51 sequences, length 39
# corresponding to MSA columns:
# 215-253
name=unknown_C
#
# <colnr> <probs for GDERKNQSTAVLIFYWHMCP>
#	G	D	E	R	K	N	Q	S	T	A	V	L	I	F	Y	W	H	M	C	P
0	0.00874	0.02300	0.25689	0.01056	0.05932	0.00804	0.03313	0.03157	0.03014	0.01522	0.11265	0.08576	0.14194	0.11269	0.00771	0.00197	0.00486	0.00673	0.00341	0.04569
1	0.01113	0.05478	0.01402	0.01071	0.03067	0.01038	0.09217	0.10890	0.03582	0.01628	0.01169	0.05437	0.02992	0.04369	0.05492	0.00191	0.13780	0.00482	0.00312	0.27292
2	0.05875	0.11433	0.16284	0.18722	0.15232	0.01223	0.06275	0.08398	0.01166	0.05444	0.01022	0.02751	0.00821	0.00521	0.00468	0.00152	0.00602	0.02660	0.00281	0.00671
3	0.01277	0.09608	0.01374	0.05821	0.01436	0.26531	0.06216	0.04566	0.13477	0.01472	0.03691	0.04790	0.12655	0.00818	0.03993	0.00175	0.00626	0.00549	0.00340	0.00586
4	0.00727	0.00533	0.00694	0.00662	0.00804	0.00475	0.03521	0.00892	0.01181	0.05531	0.27949	0.22279	0.30572	0.01171	0.00587	0.00169	0.00284	0.01028	0.00483	0.00458
5	0.01053	0.01122	0.04977	0.28329	0.13834	0.01227	0.17736	0.01344	0.00985	0.01369	0.00885	0.02731	0.00737	0.00577	0.00789	0.00175	0.20809	0.00481	0.00232	0.00608
6	0.01058	0.00986	0.01022	0.01105	0.09206	0.11617	0.00742	0.03783	0.24440	0.01600	0.04332	0.29195	0.05299	0.01010	0.02135	0.00182	0.00453	0.00824	0.00420	0.00591
7	0.01056	0.01011	0.01023	0.01178	0.12950	0.17558	0.00764	0.04599	0.01137	0.01371	0.02037	0.22892	0.11455	0.01072	0.00695	0.09041	0.00497	0.08807	0.00357	0.00501
8	0.05600	0.00877	0.00959	0.00809	0.01079	0.00928	0.00646	0.16539	0.19671	0.18057	0.01639	0.01624	0.01191	0.00600	0.00438	0.00143	0.00373	0.00476	0.27666	0.00687
9	0.00676	0.00435	0.00581	0.00651	0.00669	0.00417	0.00425	0.00679	0.00836	0.01115	0.02099	0.51478	0.02468	0.13931	0.01214	0.20194	0.00347	0.01067	0.00375	0.00340
10	0.01146	0.01346	0.06090	0.02004	0.05892	0.01262	0.63148	0.01530	0.01110	0.01534	0.00950	0.01282	0.00731	0.00464	0.00678	0.00169	0.09215	0.00549	0.00243	0.00658
11	0.00625	0.00448	0.00593	0.00667	0.00719	0.00416	0.00458	0.00749	0.01061	0.01446	0.23253	0.61317	0.03622	0.01396	0.00614	0.00188	0.00271	0.01261	0.00479	0.00416
12	0.00634	0.00460	0.00602	0.00695	0.00752	0.00431	0.00497	0.00751	0.01004	0.01326	0.07066	0.58171	0.09588	0.03272	0.00670	0.00205	0.00309	0.12699	0.00457	0.00410
13	0.02122	0.00818	0.01114	0.00860	0.01226	0.00708	0.00708	0.02314	0.01406	0.75714	0.06197	0.01783	0.01405	0.00630	0.00499	0.00152	0.00408	0.00516	0.00605	0.00816
14	0.01836	0.02342	0.01393	0.01266	0.01519	0.80756	0.00950	0.01962	0.01393	0.01203	0.00760	0.00886	0.00633	0.00506	0.00443	0.00127	0.00886	0.00317	0.00253	0.00570
15	0.01163	0.00783	0.00931	0.00846	0.01040	0.00805	0.00652	0.23671	0.04071	0.09059	0.13523	0.32474	0.02480	0.01058	0.00567	0.00174	0.00377	0.05240	0.00494	0.00592
16	0.00820	0.00535	0.00590	0.00568	0.00706	0.00520	0.00428	0.03591	0.04897	0.01793	0.23271	0.06815	0.17957	0.00876	0.00481	0.00143	0.00254	0.00740	0.34538	0.00476
17	0.00696	0.00502	0.00657	0.00618	0.00734	0.00464	0.00464	0.00927	0.01391	0.01971	0.79405	0.03671	0.04637	0.01005	0.00580	0.00155	0.00232	0.00889	0.00541	0.00464
18	0.06110	0.06937	0.02075	0.01720	0.11289	0.31632	0.30083	0.01701	0.01216	0.01444	0.00859	0.01081	0.00687	0.00455	0.00484	0.00144	0.00777	0.00425	0.00250	0.00632
19	0.01836	0.02342	0.01393	0.01266	0.01519	0.80756	0.00950	0.01962	0.01393	0.01203	0.00760	0.00886	0.00633	0.00506	0.00443	0.00127	0.00886	0.00317	0.00253	0.00570
20	0.03963	0.03558	0.27816	0.03581	0.14727	0.01025	0.01211	0.05705	0.05656	0.04723	0.06054	0.03868	0.01158	0.00570	0.00472	0.00146	0.00541	0.03283	0.00313	0.11629
21	0.01223	0.05686	0.08979	0.01299	0.14238	0.07967	0.04860	0.03642	0.08273	0.06854	0.04766	0.01430	0.01082	0.00645	0.02499	0.03551	0.00528	0.00439	0.10689	0.11349
22	0.01516	0.01396	0.01206	0.01049	0.01334	0.21588	0.00818	0.17086	0.35540	0.04636	0.01490	0.01457	0.01120	0.00602	0.00472	0.00148	0.00535	0.00463	0.06832	0.00714
23	0.01102	0.01232	0.02658	0.01927	0.02376	0.01155	0.69848	0.01482	0.01137	0.01541	0.01172	0.09736	0.01005	0.00531	0.00585	0.00169	0.00772	0.00665	0.00270	0.00635
24	0.03236	0.03258	0.19402	0.12298	0.15597	0.03638	0.05766	0.07224	0.09173	0.10513	0.01215	0.01344	0.02001	0.00521	0.00479	0.00153	0.00588	0.00445	0.02437	0.00710
25	0.00966	0.00846	0.01145	0.15936	0.19183	0.06005	0.00907	0.01187	0.02401	0.04755	0.05793	0.23388	0.11815	0.00909	0.00544	0.00168	0.00464	0.02671	0.00363	0.00554
26	0.00692	0.00574	0.00617	0.00607	0.00774	0.00536	0.00462	0.01004	0.11621	0.01508	0.13372	0.07074	0.53401	0.01154	0.00576	0.00169	0.00277	0.04640	0.00472	0.00471
27	0.00784	0.00442	0.00606	0.00611	0.00648	0.00423	0.00416	0.00656	0.00757	0.00972	0.01827	0.05177	0.18197	0.01600	0.01579	0.63785	0.00383	0.00596	0.00276	0.00264
28	0.05170	0.01449	0.04771	0.05451	0.07140	0.18862	0.17188	0.07623	0.15922	0.01697	0.01155	0.03639	0.00924	0.00545	0.00510	0.00151	0.02193	0.00474	0.00322	0.04813
29	0.01075	0.05715	0.13323	0.08681	0.06018	0.02831	0.15369	0.04404	0.03435	0.03725	0.01180	0.07376	0.01062	0.08986	0.05616	0.00227	0.05399	0.00542	0.00286	0.04751
30	0.00864	0.00739	0.01016	0.00964	0.01004	0.00916	0.00773	0.00991	0.00882	0.01253	0.04920	0.11299	0.01789	0.12780	0.07844	0.00297	0.33558	0.17330	0.00323	0.00459
31	0.51575	0.01155	0.01077	0.01020	0.06634	0.10106	0.03907	0.07350	0.01045	0.01986	0.00849	0.04585	0.00723	0.00543	0.00455	0.00155	0.05581	0.00372	0.00308	0.00577
32	0.04786	0.15239	0.13816	0.01028	0.01423	0.05096	0.02682	0.10613	0.14362	0.13851	0.02621	0.04774	0.01074	0.00587	0.00476	0.00145	0.02131	0.00458	0.00379	0.04457
33	0.03240	0.03908	0.05031	0.01271	0.14639	0.02916	0.08159	0.04692	0.01054	0.08049	0.01554	0.08640	0.04482	0.23619	0.04016	0.00270	0.00554	0.03018	0.00333	0.00554
34	0.00592	0.00473	0.00530	0.00569	0.00684	0.00411	0.00407	0.00706	0.01066	0.01325	0.06925	0.32653	0.49251	0.01342	0.00597	0.00178	0.00261	0.01161	0.00459	0.00411
35	0.00984	0.00621	0.00779	0.00761	0.00893	0.00619	0.00564	0.07349	0.04036	0.12034	0.07414	0.41745	0.05888	0.03619	0.01923	0.00199	0.03053	0.03385	0.03615	0.00518
36	0.01108	0.11203	0.23971	0.03588	0.16289	0.03434	0.11895	0.01579	0.10019	0.01513	0.01115	0.04315	0.00936	0.04188	0.02603	0.00182	0.00642	0.00476	0.00270	0.00675
37	0.01229	0.01631	0.16242	0.01403	0.01790	0.21358	0.25395	0.02919	0.01189	0.01500	0.03150	0.03072	0.03426	0.00649	0.02886	0.00170	0.02042	0.01940	0.07401	0.00606
38	0.03798	0.00569	0.00678	0.00626	0.00796	0.00522	0.00471	0.01210	0.01154	0.18644	0.16211	0.13205	0.17710	0.06773	0.00655	0.00178	0.00304	0.00791	0.15189	0.00516

[dist]
# distance from previous block
# <min> <max>
0	4

[block]
# block no. 3 follows, 51 sequences, length 22
# corresponding to MSA columns:
# 258-279
name=unknown_D
#
# <colnr> <probs for GDERKNQSTAVLIFYWHMCP>
#	G	D	E	R	K	N	Q	S	T	A	V	L	I	F	Y	W	H	M	C	P
0	0.01458	0.01289	0.08886	0.10117	0.06261	0.05531	0.07254	0.25832	0.02900	0.11458	0.05051	0.01577	0.02359	0.00591	0.00500	0.00151	0.00567	0.03199	0.00393	0.04625
1	0.01382	0.06869	0.04704	0.01031	0.05652	0.01071	0.00822	0.23017	0.06140	0.08296	0.01162	0.03757	0.00916	0.00515	0.00435	0.00120	0.00456	0.00410	0.00379	0.32864
2	0.01103	0.08095	0.01147	0.00975	0.01097	0.23974	0.00743	0.01211	0.01042	0.01218	0.01601	0.37234	0.01801	0.01023	0.00725	0.00173	0.15197	0.00814	0.00333	0.00493
3	0.38789	0.15143	0.06727	0.00805	0.01146	0.04570	0.00721	0.03424	0.03118	0.12742	0.03279	0.01194	0.00878	0.05047	0.00489	0.00161	0.00461	0.00361	0.00338	0.00606
4	0.10857	0.02815	0.02629	0.12231	0.05820	0.17446	0.09717	0.15967	0.03622	0.03769	0.00959	0.01119	0.00733	0.00490	0.00454	0.00140	0.00620	0.00396	0.00317	0.09900
5	0.01264	0.01069	0.01178	0.01057	0.04018	0.07992	0.03035	0.23182	0.11356	0.01860	0.01380	0.05361	0.01239	0.13247	0.10104	0.00278	0.05863	0.02425	0.02367	0.01724
6	0.07286	0.01137	0.01034	0.00899	0.01170	0.16178	0.00698	0.03552	0.23070	0.09887	0.16712	0.01892	0.03767	0.00661	0.00477	0.00143	0.00453	0.00529	0.00434	0.10020
7	0.01530	0.17221	0.01485	0.01071	0.01349	0.48030	0.00846	0.01805	0.10042	0.01304	0.01350	0.01398	0.09419	0.00590	0.00441	0.00131	0.00692	0.00413	0.00295	0.00588
8	0.01094	0.00674	0.00811	0.00718	0.00931	0.00647	0.00558	0.01504	0.15305	0.18793	0.33083	0.03126	0.18945	0.00908	0.00547	0.00159	0.00304	0.00774	0.00531	0.00591
9	0.04192	0.00819	0.01013	0.05219	0.01222	0.00821	0.00702	0.17926	0.01397	0.28505	0.01859	0.21215	0.01650	0.03125	0.00574	0.00173	0.00417	0.03421	0.05094	0.00656
10	0.05020	0.00700	0.00885	0.00800	0.01016	0.00664	0.00610	0.05784	0.05156	0.33372	0.02189	0.37588	0.02087	0.01019	0.00545	0.00174	0.00363	0.00887	0.00516	0.00626
11	0.00775	0.00554	0.00768	0.00853	0.00967	0.00547	0.00733	0.01002	0.01178	0.01561	0.16464	0.05205	0.03155	0.01294	0.00661	0.00213	0.00413	0.62736	0.00468	0.00455
12	0.00587	0.00487	0.00515	0.00532	0.00674	0.00414	0.00390	0.00709	0.01100	0.01336	0.07005	0.17270	0.64720	0.01285	0.00588	0.00171	0.00254	0.01091	0.00459	0.00414
13	0.00761	0.00524	0.00690	0.00707	0.00826	0.00505	0.00550	0.00936	0.01109	0.05802	0.19990	0.16891	0.16996	0.01667	0.15077	0.00292	0.00492	0.15280	0.00448	0.00458
14	0.00827	0.00727	0.00856	0.00842	0.00948	0.09447	0.00651	0.00997	0.00856	0.01148	0.01255	0.01815	0.01163	0.03335	0.71928	0.00717	0.01269	0.00503	0.00262	0.00453
15	0.01702	0.01988	0.01272	0.01142	0.01391	0.61868	0.00865	0.09296	0.01435	0.01461	0.01013	0.01128	0.02948	0.00543	0.00441	0.00128	0.00762	0.00365	0.09673	0.00579
16	0.12340	0.00610	0.00676	0.00657	0.00833	0.00587	0.00502	0.01114	0.04438	0.10263	0.12421	0.19959	0.27458	0.01082	0.00546	0.00172	0.00308	0.05073	0.00465	0.00498
17	0.00740	0.00580	0.00808	0.15317	0.03504	0.00617	0.00649	0.00882	0.00907	0.01191	0.02070	0.13873	0.11679	0.24991	0.12655	0.00354	0.00575	0.07853	0.00333	0.00420
18	0.00730	0.00601	0.00867	0.05212	0.15007	0.00581	0.00685	0.00879	0.01023	0.01355	0.04819	0.46257	0.15964	0.01218	0.00587	0.00182	0.00354	0.02793	0.00408	0.00480
19	0.18678	0.00921	0.00977	0.02728	0.01144	0.05879	0.00683	0.13461	0.01232	0.18266	0.01377	0.07891	0.01136	0.01306	0.17886	0.00291	0.00640	0.00505	0.04387	0.00612
20	0.14153	0.02899	0.04166	0.06984	0.28320	0.00971	0.01025	0.03897	0.01104	0.07742	0.01426	0.09033	0.03511	0.00684	0.00487	0.00160	0.00488	0.08875	0.00335	0.03740
21	0.08029	0.01192	0.09976	0.09345	0.01626	0.05663	0.07306	0.13191	0.02417	0.21832	0.01422	0.09904	0.01131	0.00642	0.00488	0.00156	0.00531	0.00540	0.03932	0.00678

[dist]
# distance from previous block
# <min> <max>
4	9

[block]
# block no. 4 follows, 51 sequences, length 7
# corresponding to MSA columns:
# 289-295
name=unknown_E
#
# <colnr> <probs for GDERKNQSTAVLIFYWHMCP>
#	G	D	E	R	K	N	Q	S	T	A	V	L	I	F	Y	W	H	M	C	P
0	0.04388	0.08903	0.16505	0.01116	0.03720	0.00997	0.09058	0.01541	0.06839	0.13971	0.10994	0.08233	0.01567	0.03822	0.02914	0.00188	0.03662	0.00579	0.00368	0.00636
1	0.01060	0.00658	0.00787	0.00722	0.00923	0.00624	0.00563	0.04877	0.08949	0.17008	0.17094	0.12064	0.25381	0.01029	0.00563	0.00168	0.00325	0.06135	0.00507	0.00563
2	0.00628	0.00448	0.00554	0.00626	0.00660	0.00422	0.00405	0.00695	0.00897	0.01180	0.02618	0.53192	0.10396	0.23581	0.01132	0.00272	0.00334	0.01176	0.00413	0.00373
3	0.01279	0.03819	0.08287	0.13356	0.16151	0.06162	0.12030	0.05201	0.08172	0.08495	0.01127	0.01319	0.00856	0.00527	0.00557	0.00155	0.05856	0.00455	0.05518	0.00678
4	0.01245	0.00866	0.01077	0.13407	0.01464	0.00949	0.00792	0.06195	0.22962	0.16370	0.06974	0.02195	0.13491	0.00745	0.00587	0.00163	0.06103	0.00603	0.03157	0.00653
5	0.01032	0.00646	0.00740	0.00697	0.00871	0.00643	0.00534	0.08057	0.08898	0.09935	0.06557	0.18771	0.13884	0.00947	0.00511	0.00159	0.00318	0.04513	0.21742	0.00544
6	0.00644	0.00472	0.00608	0.00656	0.00737	0.00435	0.00474	0.00795	0.01131	0.01525	0.29295	0.40454	0.12782	0.01307	0.00609	0.00182	0.00275	0.06708	0.00485	0.00427

[dist]
# distance from previous block
# <min> <max>
0	3

[block]
# block no. 5 follows, 51 sequences, length 7
# corresponding to MSA columns:
# 299-305
name=unknown_F
#
# <colnr> <probs for GDERKNQSTAVLIFYWHMCP>
#	G	D	E	R	K	N	Q	S	T	A	V	L	I	F	Y	W	H	M	C	P
0	0.12541	0.08366	0.11743	0.12851	0.01980	0.01223	0.21712	0.04648	0.04433	0.05250	0.00983	0.01216	0.00754	0.00651	0.04432	0.00189	0.05674	0.00440	0.00279	0.00635
1	0.01684	0.01512	0.03589	0.01181	0.04791	0.29615	0.00906	0.08706	0.11336	0.20156	0.01333	0.05202	0.01034	0.00628	0.00557	0.00151	0.06069	0.00467	0.00395	0.00686
2	0.00661	0.00492	0.00591	0.00614	0.00711	0.00453	0.00447	0.00797	0.01093	0.01432	0.22501	0.16733	0.26132	0.14895	0.00921	0.00228	0.00313	0.10124	0.00451	0.00410
3	0.01024	0.01386	0.21636	0.01028	0.03911	0.14929	0.00939	0.01291	0.01188	0.04661	0.18750	0.15376	0.10184	0.00853	0.00527	0.00158	0.00507	0.00717	0.00372	0.00561
4	0.06882	0.06817	0.30096	0.05483	0.13236	0.01082	0.05563	0.01578	0.03761	0.10391	0.04292	0.04849	0.01067	0.00567	0.00477	0.00155	0.00580	0.02130	0.00307	0.00686
5	0.04075	0.07267	0.10736	0.01274	0.01653	0.34091	0.12356	0.01923	0.06762	0.13636	0.01072	0.01149	0.00798	0.00508	0.00465	0.00142	0.00712	0.00400	0.00319	0.00661
6	0.01110	0.01108	0.01890	0.19232	0.18922	0.03788	0.23526	0.04242	0.01138	0.01546	0.04954	0.04870	0.01031	0.00541	0.00567	0.00156	0.04273	0.00529	0.00275	0.06302

[dist]
# distance from previous block
# <min> <max>
0	4

[block]
# block no. 6 follows, 51 sequences, length 17
# corresponding to MSA columns:
# 310-326
name=unknown_G
#
# <colnr> <probs for GDERKNQSTAVLIFYWHMCP>
#	G	D	E	R	K	N	Q	S	T	A	V	L	I	F	Y	W	H	M	C	P
0	0.01350	0.08584	0.08364	0.01303	0.07739	0.05609	0.08301	0.19282	0.22199	0.01980	0.01373	0.01420	0.03609	0.00569	0.00501	0.00149	0.02190	0.00469	0.00373	0.04634
1	0.01255	0.10429	0.13383	0.00993	0.01301	0.10590	0.00904	0.12994	0.01254	0.08654	0.04771	0.11386	0.01328	0.01271	0.15744	0.00272	0.01957	0.00553	0.00349	0.00614
2	0.01243	0.01210	0.01272	0.06620	0.01459	0.21750	0.08860	0.05564	0.01220	0.06198	0.06008	0.19172	0.01584	0.00792	0.00567	0.00156	0.04172	0.03219	0.00355	0.08579
3	0.00907	0.00695	0.00817	0.00706	0.00925	0.00622	0.00536	0.05767	0.01025	0.01458	0.01633	0.02634	0.06057	0.24490	0.04480	0.00255	0.00451	0.12079	0.02714	0.31750
4	0.01091	0.28261	0.55383	0.01222	0.01850	0.01398	0.01504	0.01529	0.01025	0.01428	0.00818	0.00958	0.00625	0.00452	0.00418	0.00139	0.00662	0.00331	0.00208	0.00696
5	0.00715	0.00493	0.00610	0.00615	0.00641	0.00514	0.00397	0.00768	0.00752	0.01022	0.01538	0.03003	0.01696	0.59689	0.21665	0.00542	0.00682	0.04022	0.00296	0.00339
6	0.00707	0.00515	0.00649	0.00678	0.00767	0.00491	0.00483	0.05561	0.01181	0.01602	0.27172	0.46969	0.08789	0.01290	0.00600	0.00180	0.00282	0.01151	0.00485	0.00448
7	0.03668	0.01013	0.01483	0.01231	0.01334	0.01294	0.09871	0.01318	0.03587	0.03748	0.00897	0.01238	0.00780	0.00745	0.01216	0.00191	0.54096	0.00452	0.11279	0.00559
8	0.00646	0.00480	0.00524	0.00536	0.00609	0.00442	0.00347	0.00707	0.00909	0.01142	0.03108	0.12412	0.34422	0.39882	0.01496	0.00317	0.00361	0.00923	0.00381	0.00358
9	0.00789	0.00572	0.00659	0.00660	0.00752	0.00565	0.00461	0.09088	0.01058	0.01377	0.02562	0.24035	0.17303	0.30444	0.01279	0.00289	0.00387	0.06898	0.00403	0.00417
10	0.00652	0.00455	0.00579	0.00657	0.00683	0.00438	0.00435	0.00723	0.00886	0.01178	0.02333	0.50797	0.02752	0.27135	0.01223	0.00289	0.00360	0.07648	0.00406	0.00372
11	0.06345	0.08591	0.64998	0.01296	0.01954	0.01222	0.01613	0.05688	0.01091	0.01649	0.00870	0.01011	0.00629	0.00469	0.00446	0.00151	0.00679	0.00354	0.00229	0.00713
12	0.00897	0.05733	0.05405	0.00984	0.01108	0.03400	0.02558	0.01063	0.00832	0.01178	0.01115	0.04498	0.01084	0.07748	0.37735	0.00482	0.22922	0.00515	0.00253	0.00490
13	0.00678	0.00467	0.00572	0.00600	0.00627	0.00457	0.00378	0.00741	0.00876	0.01187	0.12529	0.26478	0.02586	0.44900	0.04482	0.00362	0.00417	0.00932	0.00376	0.00355
14	0.00618	0.00482	0.00565	0.00604	0.00716	0.00428	0.00444	0.00753	0.01102	0.01404	0.14248	0.28690	0.39711	0.01312	0.00603	0.00179	0.00274	0.06980	0.00468	0.00420
15	0.02687	0.00686	0.00792	0.00698	0.00886	0.00695	0.00543	0.12116	0.06755	0.07536	0.37876	0.02567	0.02775	0.00783	0.00495	0.00145	0.00302	0.00662	0.20438	0.00564
16	0.05757	0.06399	0.20204	0.05171	0.16682	0.01241	0.16444	0.06405	0.02716	0.01631	0.00960	0.01264	0.00772	0.00604	0.02823	0.00177	0.07734	0.02080	0.00260	0.00677

[dist]
# distance from previous block
# <min> <max>
0	2

[block]
# block no. 7 follows, 51 sequences, length 11
# corresponding to MSA columns:
# 329-339
name=unknown_H
#
# <colnr> <probs for GDERKNQSTAVLIFYWHMCP>
#	G	D	E	R	K	N	Q	S	T	A	V	L	I	F	Y	W	H	M	C	P
0	0.01358	0.09277	0.04197	0.26991	0.02032	0.31365	0.01064	0.01576	0.01162	0.04261	0.04206	0.01205	0.00850	0.00540	0.00523	0.00145	0.05637	0.00394	0.02640	0.00574
1	0.03788	0.06901	0.28009	0.01380	0.09096	0.13781	0.04547	0.12321	0.01321	0.08137	0.04030	0.01255	0.02221	0.00527	0.00468	0.00146	0.00642	0.00416	0.00312	0.00701
2	0.04140	0.00668	0.00737	0.00702	0.00873	0.00686	0.00543	0.04552	0.15274	0.01724	0.09471	0.05511	0.12214	0.08654	0.00693	0.00188	0.00343	0.11367	0.17467	0.04194
3	0.04833	0.00534	0.00689	0.04409	0.00875	0.00519	0.00518	0.00936	0.01274	0.01826	0.57797	0.13155	0.05867	0.01039	0.00572	0.00163	0.00274	0.03762	0.00499	0.00461
4	0.04398	0.06946	0.24143	0.11634	0.03361	0.01132	0.18452	0.03119	0.02291	0.08826	0.05012	0.01322	0.00937	0.00503	0.00506	0.00152	0.02179	0.00454	0.00291	0.04342
5	0.04126	0.00729	0.05952	0.00683	0.00880	0.00633	0.00570	0.06703	0.01186	0.06539	0.18669	0.02664	0.15008	0.06564	0.08975	0.00235	0.00436	0.00659	0.18278	0.00511
6	0.00690	0.00509	0.00718	0.00746	0.00824	0.00554	0.00566	0.00838	0.00856	0.01182	0.01862	0.14711	0.05830	0.10205	0.49714	0.00586	0.00946	0.07920	0.00324	0.00420
7	0.07947	0.05790	0.21053	0.01510	0.10019	0.01207	0.17860	0.14018	0.01313	0.12976	0.01083	0.01201	0.00778	0.00489	0.00481	0.00152	0.00623	0.00437	0.00331	0.00731
8	0.01176	0.01302	0.08182	0.15096	0.27003	0.05349	0.17545	0.04812	0.03798	0.01566	0.01009	0.01387	0.00823	0.00520	0.00579	0.00161	0.05609	0.03143	0.00263	0.00677
9	0.00633	0.00457	0.00600	0.00693	0.00747	0.00429	0.00491	0.00747	0.01002	0.01328	0.07974	0.59397	0.08413	0.03706	0.00680	0.00205	0.00307	0.11324	0.00457	0.00409
10	0.01349	0.25295	0.20872	0.01141	0.03973	0.07936	0.01097	0.12351	0.13442	0.04244	0.03099	0.01192	0.00921	0.00523	0.00434	0.00139	0.00575	0.00392	0.00320	0.00707

[dist]
# distance from previous block
# <min> <max>
0	1

[block]
# block no. 8 follows, 51 sequences, length 18
# corresponding to MSA columns:
# 341-358
name=unknown_I
#
# <colnr> <probs for GDERKNQSTAVLIFYWHMCP>
#	G	D	E	R	K	N	Q	S	T	A	V	L	I	F	Y	W	H	M	C	P
0	0.06570	0.00946	0.05312	0.06391	0.01257	0.00927	0.00735	0.12550	0.18112	0.06577	0.15468	0.02053	0.01776	0.11057	0.00739	0.00192	0.00424	0.00563	0.03823	0.04530
1	0.05031	0.05866	0.27328	0.01150	0.01562	0.08779	0.01164	0.14166	0.02700	0.08561	0.06427	0.01385	0.01054	0.00609	0.00605	0.00157	0.10218	0.02225	0.00333	0.00680
2	0.01165	0.25855	0.25806	0.03719	0.25582	0.01394	0.06946	0.01510	0.01058	0.01447	0.00844	0.01046	0.00682	0.00441	0.00437	0.00139	0.00629	0.00374	0.00222	0.00705
3	0.01051	0.01031	0.01848	0.45653	0.26460	0.01138	0.12972	0.01381	0.01051	0.01410	0.00907	0.01284	0.00706	0.00463	0.00503	0.00159	0.00660	0.00459	0.00230	0.00634
4	0.00715	0.00591	0.00800	0.05788	0.10381	0.00562	0.00642	0.00883	0.01093	0.01414	0.10434	0.23569	0.31146	0.01165	0.00586	0.00177	0.00342	0.08816	0.00424	0.00471
5	0.01127	0.00689	0.00883	0.00799	0.00976	0.00677	0.02622	0.10258	0.06307	0.15481	0.08420	0.27037	0.08494	0.02934	0.00765	0.10309	0.00374	0.00847	0.00459	0.00542
6	0.00726	0.00501	0.00593	0.00630	0.00671	0.00502	0.00412	0.00871	0.05805	0.01213	0.02028	0.29745	0.02281	0.40140	0.01496	0.00325	0.00388	0.05059	0.06231	0.00382
7	0.00629	0.00460	0.00597	0.00661	0.00716	0.00446	0.00455	0.00731	0.00932	0.01242	0.05694	0.48729	0.11852	0.10409	0.13732	0.00318	0.00465	0.01122	0.00412	0.00399
8	0.00988	0.26861	0.07761	0.25609	0.01844	0.01214	0.00990	0.01224	0.00930	0.01201	0.00961	0.01391	0.00852	0.06454	0.19454	0.00312	0.00764	0.00415	0.00231	0.00546
9	0.00703	0.00523	0.00771	0.00771	0.00853	0.00604	0.00591	0.00866	0.00784	0.01127	0.01333	0.02024	0.01269	0.09423	0.75100	0.00767	0.01255	0.00540	0.00266	0.00429
10	0.00631	0.00475	0.00588	0.00634	0.00727	0.00431	0.00460	0.00773	0.01112	0.01463	0.21848	0.36975	0.23985	0.01318	0.00607	0.00182	0.00275	0.06619	0.00476	0.00423
11	0.01165	0.00899	0.01026	0.00953	0.03877	0.06516	0.00725	0.01474	0.11072	0.14901	0.07972	0.04425	0.23155	0.00894	0.00755	0.00171	0.16924	0.02086	0.00423	0.00586
12	0.01207	0.26175	0.25995	0.01215	0.01610	0.10349	0.03972	0.01485	0.00999	0.01306	0.00754	0.00966	0.00636	0.00553	0.00706	0.00152	0.20720	0.00352	0.00217	0.00631
13	0.00777	0.00632	0.00915	0.00872	0.00936	0.00782	0.00684	0.00927	0.00777	0.01136	0.01199	0.01849	0.01151	0.08561	0.59621	0.00654	0.17302	0.00520	0.00256	0.00449
14	0.00646	0.00490	0.00598	0.00624	0.00725	0.00450	0.00447	0.00830	0.03471	0.01541	0.29348	0.33487	0.23027	0.01257	0.00595	0.00175	0.00261	0.01108	0.00486	0.00436
15	0.01012	0.01227	0.15740	0.45604	0.14626	0.01099	0.02648	0.04511	0.01081	0.01468	0.03724	0.01341	0.00833	0.00575	0.02371	0.00173	0.00655	0.00445	0.00245	0.00623
16	0.01185	0.18462	0.20939	0.01539	0.03800	0.07606	0.29975	0.01533	0.01088	0.01426	0.00910	0.03248	0.00746	0.00489	0.00542	0.00151	0.05020	0.00453	0.00235	0.00653
17	0.01349	0.21556	0.31668	0.01172	0.01671	0.18057	0.01233	0.10662	0.01253	0.01571	0.00844	0.00962	0.00657	0.00473	0.00423	0.00132	0.00671	0.00335	0.00256	0.05055

[dist]
# distance from previous block
# <min> <max>
0	3

[block]
# block no. 9 follows, 51 sequences, length 27
# corresponding to MSA columns:
# 362-388
name=unknown_J
#
# <colnr> <probs for GDERKNQSTAVLIFYWHMCP>
#	G	D	E	R	K	N	Q	S	T	A	V	L	I	F	Y	W	H	M	C	P
0	0.01104	0.00930	0.01288	0.25330	0.01938	0.00894	0.04857	0.05277	0.05153	0.05033	0.01001	0.01202	0.00774	0.00443	0.00433	0.00117	0.00489	0.00381	0.00302	0.43053
1	0.03650	0.01903	0.05401	0.01178	0.01459	0.52425	0.04806	0.03677	0.06069	0.01422	0.06100	0.01457	0.07180	0.00600	0.00472	0.00139	0.00732	0.00441	0.00307	0.00582
2	0.46628	0.04671	0.07265	0.13743	0.01522	0.01149	0.02747	0.01388	0.00895	0.01810	0.00757	0.00964	0.00600	0.00494	0.00479	0.00154	0.07989	0.00328	0.01532	0.04885
3	0.00968	0.11261	0.18455	0.06103	0.03468	0.00981	0.04296	0.01246	0.01029	0.01448	0.04829	0.06295	0.09121	0.01936	0.00551	0.00141	0.05009	0.00510	0.00289	0.22063
4	0.00644	0.00495	0.00555	0.00561	0.00699	0.00429	0.00413	0.00784	0.01149	0.03282	0.18771	0.17293	0.50719	0.01233	0.00586	0.00169	0.00256	0.01056	0.00476	0.00431
5	0.01285	0.02752	0.05506	0.09605	0.01654	0.13189	0.04884	0.04832	0.09954	0.05412	0.00960	0.01199	0.00783	0.00673	0.00958	0.00178	0.34841	0.00433	0.00287	0.00616
6	0.01136	0.01208	0.12217	0.01238	0.07549	0.03378	0.10557	0.06234	0.10963	0.05151	0.05409	0.10895	0.01342	0.00629	0.00490	0.00142	0.00505	0.00562	0.00354	0.20040
7	0.01004	0.25907	0.09534	0.00849	0.01108	0.03147	0.04094	0.03066	0.02223	0.01241	0.03132	0.03977	0.03463	0.29059	0.04600	0.00281	0.00562	0.01966	0.00282	0.00506
8	0.00697	0.00550	0.00639	0.00694	0.00761	0.04341	0.00487	0.00825	0.01080	0.01433	0.22271	0.49487	0.05183	0.05061	0.00693	0.00198	0.00316	0.04402	0.00461	0.00422
9	0.00632	0.00443	0.00567	0.00652	0.00675	0.00422	0.00424	0.00700	0.00888	0.01183	0.02413	0.60677	0.02871	0.22014	0.01101	0.00270	0.00337	0.02938	0.00416	0.00375
10	0.01179	0.01174	0.02138	0.02282	0.36917	0.01178	0.28116	0.05469	0.02810	0.01633	0.01095	0.06997	0.00952	0.00544	0.00593	0.00161	0.05225	0.00558	0.00277	0.00700
11	0.00957	0.04219	0.01284	0.01081	0.01122	0.01206	0.00884	0.01078	0.00770	0.01153	0.00895	0.01452	0.00886	0.07587	0.23092	0.00385	0.50747	0.00470	0.00234	0.00497
12	0.00625	0.00456	0.00545	0.00605	0.00656	0.00423	0.00397	0.00697	0.00921	0.01191	0.02901	0.44642	0.19535	0.22776	0.01109	0.00265	0.00327	0.01139	0.00415	0.00376
13	0.01344	0.00830	0.00984	0.00849	0.01114	0.00819	0.00659	0.10684	0.17837	0.22342	0.02106	0.22105	0.05776	0.00862	0.00520	0.00159	0.00378	0.00736	0.00493	0.09402
14	0.07489	0.01022	0.05373	0.06017	0.37002	0.00965	0.02259	0.03338	0.01135	0.08623	0.08515	0.05880	0.01374	0.02777	0.04002	0.00190	0.00544	0.02499	0.00330	0.00666
15	0.01024	0.06392	0.66423	0.01459	0.02140	0.01194	0.11509	0.01554	0.01051	0.01539	0.00886	0.01062	0.00639	0.00458	0.00474	0.00154	0.00729	0.00386	0.00213	0.00713
16	0.00715	0.00476	0.00536	0.00536	0.00536	0.00476	0.00298	0.00715	0.00715	0.00953	0.01548	0.03216	0.01787	0.82729	0.02501	0.00476	0.00476	0.00715	0.00298	0.00298
17	0.01258	0.01302	0.01725	0.21339	0.44180	0.15334	0.01343	0.01576	0.04479	0.01470	0.00929	0.01206	0.00754	0.00473	0.00481	0.00148	0.00646	0.00421	0.00250	0.00686
18	0.00906	0.00798	0.01257	0.09403	0.33025	0.00803	0.01008	0.01123	0.01065	0.01436	0.02059	0.21793	0.10848	0.00932	0.00559	0.00174	0.00461	0.11427	0.00346	0.00576
19	0.01246	0.01232	0.01969	0.02791	0.68396	0.05325	0.05167	0.01583	0.04541	0.01603	0.00966	0.01231	0.00801	0.00450	0.00489	0.00147	0.00603	0.00444	0.00255	0.00762
20	0.01868	0.01376	0.01475	0.01131	0.01524	0.01524	0.00934	0.78025	0.02311	0.03097	0.01180	0.01180	0.00836	0.00590	0.00492	0.00147	0.00541	0.00442	0.00492	0.00836
21	0.01289	0.74706	0.06611	0.00932	0.01373	0.01867	0.04806	0.01481	0.01009	0.01198	0.00709	0.00829	0.00636	0.00423	0.00337	0.00111	0.00551	0.00284	0.00212	0.00637
22	0.00938	0.00686	0.04506	0.06733	0.00965	0.04010	0.00582	0.01183	0.01055	0.01689	0.01632	0.03602	0.01404	0.00682	0.00416	0.00137	0.00345	0.10830	0.58123	0.00481
23	0.00614	0.00487	0.00553	0.00569	0.00697	0.00426	0.00419	0.00757	0.01145	0.01456	0.20560	0.19185	0.47086	0.01251	0.00592	0.00171	0.00257	0.02878	0.00474	0.00423
24	0.00599	0.00428	0.00570	0.00684	0.00713	0.00399	0.00456	0.00684	0.00941	0.01254	0.02709	0.82409	0.03250	0.01540	0.00627	0.00200	0.00285	0.01397	0.00456	0.00399
25	0.01100	0.01097	0.01564	0.32369	0.33305	0.09217	0.01265	0.01372	0.01106	0.01424	0.04316	0.01593	0.07090	0.00551	0.00495	0.00153	0.00602	0.00490	0.00263	0.00627
26	0.01124	0.01339	0.21759	0.01012	0.01377	0.01049	0.00977	0.09690	0.32204	0.01964	0.07339	0.05189	0.01481	0.00658	0.00483	0.00156	0.00458	0.00543	0.10503	0.00693

[dist]
# distance from previous block
# <min> <max>
3	12

[block]
# block no. 10 follows, 51 sequences, length 52
# corresponding to MSA columns:
# 401-452
name=unknown_K
#
# <colnr> <probs for GDERKNQSTAVLIFYWHMCP>
#	G	D	E	R	K	N	Q	S	T	A	V	L	I	F	Y	W	H	M	C	P
0	0.00868	0.00682	0.00963	0.09347	0.10461	0.00712	0.00740	0.03127	0.08120	0.03391	0.23203	0.23391	0.02602	0.01246	0.08659	0.00231	0.00467	0.00835	0.00419	0.00536
1	0.01242	0.45423	0.11950	0.01061	0.01395	0.06885	0.01034	0.01436	0.00963	0.01217	0.00703	0.00904	0.00634	0.00551	0.00694	0.00143	0.22616	0.00324	0.00214	0.00613
2	0.08608	0.01553	0.25249	0.04527	0.09931	0.06041	0.03607	0.05909	0.03940	0.15627	0.01105	0.01194	0.00795	0.00500	0.00472	0.00146	0.01703	0.00399	0.00329	0.08365
3	0.00823	0.09071	0.04783	0.00964	0.01203	0.00771	0.14341	0.01025	0.01054	0.01369	0.02529	0.27198	0.18981	0.01046	0.00565	0.00173	0.00440	0.09347	0.00376	0.03942
4	0.01226	0.36716	0.01985	0.01277	0.12502	0.01506	0.02561	0.01399	0.00974	0.04461	0.00851	0.03823	0.00780	0.00574	0.00688	0.00142	0.20644	0.00387	0.00248	0.07257
5	0.01206	0.00917	0.01057	0.00816	0.01205	0.00812	0.00649	0.01729	0.21511	0.10552	0.01290	0.01307	0.00986	0.00471	0.00414	0.00106	0.00377	0.00384	0.00382	0.53830
6	0.01057	0.06300	0.21512	0.30278	0.10357	0.02886	0.12942	0.01428	0.01032	0.01403	0.00871	0.01181	0.00670	0.00487	0.00554	0.00159	0.05596	0.00427	0.00223	0.00637
7	0.00992	0.02320	0.67759	0.01304	0.01945	0.05282	0.01623	0.01497	0.01074	0.01535	0.03697	0.01378	0.06383	0.00542	0.00477	0.00155	0.00685	0.00426	0.00238	0.00687
8	0.04206	0.00589	0.00756	0.00675	0.00854	0.00540	0.00520	0.01251	0.01340	0.19221	0.52596	0.07326	0.06306	0.00933	0.00553	0.00157	0.00282	0.00810	0.00540	0.00544
9	0.00822	0.00677	0.00953	0.00876	0.00940	0.00792	0.03325	0.00956	0.00902	0.01280	0.13556	0.02673	0.01909	0.23004	0.17163	0.00387	0.20754	0.08267	0.00322	0.00439
10	0.01606	0.01104	0.01172	0.00993	0.01310	0.06090	0.00788	0.09779	0.44242	0.24584	0.01826	0.01665	0.01300	0.00632	0.00494	0.00158	0.00443	0.00512	0.00515	0.00787
11	0.00599	0.00428	0.00570	0.00684	0.00713	0.00399	0.00456	0.00684	0.00941	0.01254	0.02709	0.82409	0.03250	0.01540	0.00627	0.00200	0.00285	0.01397	0.00456	0.00399
12	0.00599	0.00428	0.00570	0.00684	0.00713	0.00399	0.00456	0.00684	0.00941	0.01254	0.02709	0.82409	0.03250	0.01540	0.00627	0.00200	0.00285	0.01397	0.00456	0.00399
13	0.01010	0.13726	0.03545	0.38237	0.07096	0.01080	0.03406	0.01289	0.01103	0.04501	0.16895	0.01781	0.03165	0.00599	0.00485	0.00151	0.00534	0.00519	0.00305	0.00574
14	0.00690	0.00480	0.00526	0.00537	0.00648	0.00438	0.00385	0.00831	0.01059	0.01458	0.11874	0.13143	0.33579	0.11295	0.00776	0.00197	0.00279	0.02224	0.19167	0.00414
15	0.00611	0.00489	0.00523	0.00534	0.00659	0.00427	0.00382	0.00721	0.01057	0.01298	0.07683	0.11914	0.55983	0.13144	0.00867	0.00215	0.00288	0.02368	0.00437	0.00399
16	0.01973	0.00930	0.01171	0.00909	0.01266	0.00886	0.00746	0.20154	0.01619	0.53916	0.09581	0.01758	0.01472	0.00644	0.00502	0.00151	0.00428	0.00522	0.00574	0.00799
17	0.01518	0.22636	0.01570	0.00943	0.01291	0.01372	0.00805	0.32552	0.08193	0.09995	0.01533	0.04697	0.06602	0.00746	0.03249	0.00164	0.00507	0.00493	0.00418	0.00716
18	0.01920	0.00849	0.01095	0.00861	0.01205	0.00778	0.00704	0.09175	0.04552	0.58978	0.08729	0.01965	0.05538	0.00676	0.00506	0.00153	0.00403	0.00554	0.00579	0.00780
19	0.01568	0.01228	0.01306	0.01070	0.01410	0.01384	0.00862	0.43018	0.37806	0.02614	0.01561	0.01483	0.01144	0.00626	0.00496	0.00156	0.00470	0.00495	0.00496	0.00809
20	0.53589	0.00827	0.00715	0.00634	0.00898	0.00916	0.00513	0.04200	0.00989	0.08763	0.01051	0.01158	0.00793	0.00505	0.00337	0.00142	0.00349	0.00342	0.22730	0.00550
21	0.01409	0.01123	0.01453	0.01128	0.01463	0.01183	0.12843	0.42097	0.05587	0.02464	0.16284	0.01967	0.07361	0.00693	0.00529	0.00154	0.00498	0.00598	0.00461	0.00704
22	0.01062	0.21280	0.62115	0.01270	0.01925	0.01328	0.01589	0.01537	0.01028	0.01463	0.00836	0.00980	0.00624	0.00456	0.00432	0.00144	0.00680	0.00340	0.00208	0.00704
23	0.01167	0.01240	0.06215	0.01691	0.29508	0.11203	0.02419	0.01468	0.05113	0.01518	0.01088	0.04874	0.00976	0.05045	0.00571	0.00148	0.00546	0.01886	0.00285	0.23038
24	0.00702	0.00527	0.00790	0.00790	0.00878	0.00614	0.00614	0.00878	0.00790	0.01141	0.01316	0.01931	0.01229	0.03686	0.80782	0.00790	0.01316	0.00527	0.00263	0.00439
25	0.29078	0.03405	0.01044	0.00899	0.05259	0.00914	0.00684	0.04548	0.03043	0.35493	0.01577	0.06899	0.03898	0.00631	0.00439	0.00154	0.00407	0.00491	0.00456	0.00682
26	0.01484	0.15020	0.05758	0.03081	0.18465	0.11981	0.10712	0.24155	0.01486	0.01905	0.00944	0.01097	0.00738	0.00488	0.00465	0.00140	0.00640	0.00408	0.00311	0.00722
27	0.00796	0.00610	0.00722	0.00751	0.05083	0.00601	0.00491	0.05352	0.05770	0.01464	0.15699	0.07221	0.21712	0.28731	0.02658	0.00280	0.00388	0.00815	0.00407	0.00449
28	0.00672	0.00485	0.00701	0.00743	0.00805	0.00525	0.00546	0.00794	0.00837	0.01167	0.01802	0.31411	0.01950	0.02794	0.47222	0.05068	0.00891	0.00840	0.00331	0.00412
29	0.01405	0.01034	0.03436	0.27939	0.12989	0.01080	0.01100	0.19112	0.01423	0.16539	0.07919	0.01531	0.01161	0.00572	0.00498	0.00154	0.00540	0.00486	0.00385	0.00697
