[name]
unknown

[dist]
# distance from previous block
# <min> <max>
4	117

[block]
# block no. 0 follows, 46 sequences, length 126
# corresponding to MSA columns:
# 136,137,140-233,236-252,257-269
name=unknown_A
#
# <colnr> <probs for GDERKNQSTAVLIFYWHMCP>
#	G	D	E	R	K	N	Q	S	T	A	V	L	I	F	Y	W	H	M	C	P
0	0.00756	0.00510	0.00577	0.00584	0.00593	0.00505	0.00333	0.00766	0.00800	0.01060	0.01882	0.08057	0.04970	0.73646	0.02493	0.00482	0.00491	0.00825	0.00337	0.00332
1	0.01238	0.01407	0.03060	0.05260	0.02797	0.01331	0.73296	0.01680	0.01240	0.01680	0.01064	0.01425	0.00798	0.00449	0.00620	0.00178	0.00884	0.00618	0.00266	0.00708
2	0.01413	0.81739	0.02770	0.00905	0.01357	0.02092	0.00905	0.01583	0.01074	0.01244	0.00735	0.00848	0.00678	0.00452	0.00339	0.00113	0.00565	0.00283	0.00226	0.00678
3	0.00998	0.00940	0.01586	0.80150	0.03641	0.01175	0.01468	0.01351	0.01057	0.01351	0.00940	0.01409	0.00705	0.00529	0.00529	0.00176	0.00705	0.00470	0.00235	0.00587
4	0.00643	0.00464	0.00609	0.00724	0.00764	0.00430	0.00486	0.00737	0.01023	0.01354	0.03056	0.76637	0.07843	0.01638	0.00672	0.00213	0.00304	0.01480	0.00491	0.00430
5	0.00998	0.00940	0.01586	0.80150	0.03641	0.01175	0.01468	0.01351	0.01057	0.01351	0.00940	0.01409	0.00705	0.00529	0.00529	0.00176	0.00705	0.00470	0.00235	0.00587
6	0.00739	0.00532	0.00609	0.00632	0.00772	0.00462	0.00458	0.00868	0.01172	0.05934	0.07568	0.30172	0.45396	0.01393	0.00636	0.00189	0.00291	0.01204	0.00504	0.00469
7	0.01096	0.00940	0.01096	0.00783	0.01253	0.00705	0.00626	0.01331	0.01096	0.01723	0.00940	0.01096	0.00783	0.00392	0.00392	0.00078	0.00392	0.00313	0.00313	0.84653
8	0.00918	0.00459	0.00689	0.00689	0.00689	0.00459	0.00459	0.00689	0.00689	0.00918	0.00918	0.01607	0.00918	0.01837	0.02066	0.84619	0.00459	0.00459	0.00230	0.00230
9	0.01007	0.00951	0.01598	0.63442	0.03181	0.01167	0.05508	0.01323	0.01040	0.01359	0.02426	0.01558	0.00861	0.05291	0.00757	0.00200	0.07002	0.00504	0.00248	0.00576
10	0.85155	0.01022	0.00777	0.00695	0.01022	0.01186	0.00573	0.01554	0.00900	0.02372	0.00736	0.00859	0.00573	0.00491	0.00327	0.00164	0.00409	0.00286	0.00327	0.00573
11	0.85155	0.01022	0.00777	0.00695	0.01022	0.01186	0.00573	0.01554	0.00900	0.02372	0.00736	0.00859	0.00573	0.00491	0.00327	0.00164	0.00409	0.00286	0.00327	0.00573
12	0.02359	0.00920	0.01240	0.00950	0.01360	0.00808	0.00785	0.05200	0.01548	0.75817	0.02057	0.01781	0.01294	0.00654	0.00532	0.00163	0.00455	0.00530	0.00650	0.00900
13	0.01308	0.01256	0.02146	0.03245	0.78123	0.01256	0.01622	0.01622	0.01204	0.01727	0.00994	0.01308	0.00837	0.00471	0.00523	0.00157	0.00628	0.00471	0.00262	0.00837
14	0.01149	0.01213	0.02399	0.33267	0.07465	0.01278	0.39438	0.01538	0.01154	0.01544	0.01000	0.01403	0.00762	0.00497	0.00620	0.00178	0.03630	0.00548	0.00253	0.00665
15	0.00717	0.00550	0.00602	0.00582	0.00755	0.00471	0.00439	0.00882	0.01288	0.04338	0.23080	0.04691	0.57238	0.01251	0.00621	0.00175	0.00270	0.01056	0.00519	0.00475
16	0.01734	0.01233	0.01349	0.01110	0.01472	0.01360	0.00892	0.30863	0.37616	0.13762	0.01805	0.01679	0.01296	0.00677	0.00534	0.00169	0.00485	0.00542	0.00551	0.00870
17	0.00835	0.00650	0.00806	0.00785	0.00964	0.00579	0.00579	0.01067	0.05515	0.01545	0.05073	0.42179	0.02608	0.03367	0.00647	0.00184	0.00357	0.08149	0.00443	0.23667
18	0.04622	0.39307	0.09421	0.00968	0.01414	0.01484	0.00939	0.05637	0.01294	0.23558	0.05673	0.01349	0.01117	0.00562	0.00436	0.00140	0.00530	0.00414	0.00388	0.00749
19	0.03853	0.06035	0.01364	0.01043	0.01391	0.17813	0.00841	0.13474	0.05445	0.32478	0.09437	0.01692	0.01455	0.00660	0.00513	0.00155	0.00561	0.00509	0.00507	0.00773
20	0.00722	0.00515	0.00665	0.00670	0.00769	0.00474	0.00484	0.00887	0.01291	0.01776	0.46653	0.22465	0.12053	0.01300	0.00739	0.06204	0.00280	0.01069	0.00525	0.00457
21	0.01387	0.00673	0.00856	0.00759	0.00989	0.00590	0.00579	0.01538	0.01278	0.34143	0.06606	0.19449	0.20923	0.06816	0.00743	0.00203	0.00370	0.00917	0.00552	0.00629
22	0.01205	0.01018	0.01151	0.00873	0.01305	0.00894	0.00696	0.06980	0.16459	0.01936	0.01206	0.01284	0.00958	0.00474	0.00431	0.00104	0.00410	0.00382	0.00374	0.61860
23	0.11039	0.00706	0.00845	0.00753	0.00994	0.00652	0.00584	0.01518	0.01276	0.28858	0.12122	0.18542	0.17945	0.01031	0.00567	0.00177	0.00354	0.00871	0.00541	0.00624
24	0.00935	0.00567	0.00707	0.00682	0.00793	0.00527	0.00480	0.01067	0.01164	0.11092	0.24711	0.14853	0.09405	0.26585	0.01278	0.00286	0.00376	0.03532	0.00484	0.00477
25	0.00804	0.00580	0.00675	0.00670	0.00834	0.00524	0.00512	0.01024	0.04299	0.06217	0.18743	0.13575	0.40425	0.01271	0.00631	0.00185	0.00305	0.07705	0.00520	0.00501
26	0.00677	0.00509	0.00642	0.00681	0.00777	0.00474	0.00488	0.00829	0.01168	0.01556	0.22713	0.35383	0.21417	0.01655	0.08257	0.00255	0.00390	0.01179	0.00494	0.00455
27	0.01047	0.00804	0.00943	0.00734	0.01095	0.00631	0.00577	0.01256	0.01179	0.07163	0.08771	0.05373	0.16240	0.00705	0.00479	0.00117	0.00356	0.00589	0.00403	0.51540
28	0.09033	0.00799	0.00931	0.00893	0.01080	0.00783	0.00657	0.10437	0.02868	0.14641	0.02487	0.46125	0.04466	0.01276	0.00635	0.00210	0.00410	0.01090	0.00538	0.00639
29	0.00864	0.00667	0.00820	0.00871	0.00997	0.01833	0.00681	0.01265	0.13698	0.01700	0.15311	0.28014	0.03239	0.01321	0.00660	0.00209	0.00387	0.26423	0.00509	0.00531
30	0.00778	0.00648	0.01020	0.00949	0.01105	0.00596	0.12455	0.00949	0.01117	0.02599	0.03147	0.44251	0.19639	0.01363	0.00658	0.00202	0.00407	0.07170	0.00458	0.00490
31	0.40241	0.00858	0.00828	0.00787	0.01015	0.00950	0.00620	0.09846	0.01138	0.02088	0.01568	0.21184	0.01592	0.01076	0.05083	0.00220	0.00462	0.06261	0.03623	0.00559
32	0.00747	0.00533	0.00674	0.00756	0.00839	0.00507	0.00537	0.00941	0.05515	0.03625	0.03134	0.58950	0.12362	0.01519	0.00661	0.00209	0.00327	0.07193	0.00498	0.00473
33	0.02232	0.00931	0.01223	0.00958	0.01353	0.00848	0.00785	0.02607	0.11511	0.68409	0.02094	0.01822	0.01349	0.00663	0.00532	0.00166	0.00446	0.00540	0.00639	0.00891
34	0.02158	0.00947	0.01220	0.00968	0.01355	0.00886	0.00789	0.02623	0.16812	0.63065	0.02099	0.01834	0.01370	0.00667	0.00533	0.00167	0.00443	0.00545	0.00631	0.00887
35	0.00647	0.00503	0.00589	0.00638	0.00746	0.00445	0.00452	0.00776	0.01155	0.01474	0.12659	0.38028	0.37107	0.01447	0.00646	0.00193	0.00283	0.01266	0.00501	0.00445
36	0.01911	0.05290	0.01561	0.01332	0.01611	0.64123	0.01023	0.09615	0.01544	0.01499	0.00853	0.00993	0.00704	0.00572	0.00548	0.00143	0.05383	0.00359	0.00294	0.00643
37	0.02991	0.01044	0.08530	0.00926	0.01209	0.00911	0.00782	0.19289	0.01464	0.17007	0.09804	0.09770	0.01869	0.18243	0.03560	0.00265	0.00522	0.00690	0.00469	0.00656
38	0.00964	0.00857	0.01418	0.01670	0.24330	0.00902	0.06958	0.01207	0.01031	0.01458	0.03947	0.02022	0.06186	0.02283	0.39500	0.00505	0.03276	0.00587	0.00297	0.00603
39	0.01147	0.00891	0.00944	0.00877	0.01090	0.01000	0.00660	0.02131	0.48167	0.01983	0.02050	0.06592	0.01697	0.09473	0.00742	0.00205	0.00385	0.00645	0.18638	0.00684
40	0.01685	0.00821	0.00961	0.00789	0.01072	0.00803	0.00635	0.15135	0.01505	0.30721	0.01778	0.01782	0.01256	0.00634	0.00458	0.00145	0.00382	0.00504	0.38218	0.00717
41	0.00673	0.00512	0.00635	0.00676	0.00779	0.00474	0.00488	0.00821	0.01153	0.01514	0.17763	0.33374	0.26902	0.01667	0.08258	0.00256	0.00395	0.02721	0.00488	0.00453
42	0.00706	0.00532	0.00623	0.00608	0.00727	0.00481	0.00435	0.00870	0.01260	0.01676	0.37992	0.06455	0.29510	0.14672	0.00972	0.00230	0.00302	0.00995	0.00504	0.00449
43	0.00692	0.00528	0.00644	0.00696	0.00813	0.00480	0.00527	0.00852	0.01196	0.01540	0.15247	0.27235	0.31017	0.01415	0.00659	0.00199	0.00317	0.14983	0.00504	0.00457
44	0.00786	0.00542	0.00679	0.00734	0.00780	0.00539	0.00527	0.00882	0.00953	0.01256	0.02192	0.11863	0.02475	0.45112	0.01795	0.00387	0.00483	0.27229	0.00396	0.00390
45	0.09180	0.00762	0.00860	0.00858	0.01006	0.00765	0.00615	0.08544	0.06571	0.04886	0.04571	0.45986	0.05767	0.06014	0.00764	0.00231	0.00401	0.01124	0.00511	0.00585
46	0.01374	0.00915	0.01060	0.00954	0.01204	0.00970	0.00735	0.09238	0.31362	0.16234	0.05278	0.20661	0.02106	0.02915	0.00628	0.00192	0.00411	0.02497	0.00543	0.00725
47	0.00877	0.00634	0.00750	0.00769	0.00902	0.00627	0.00581	0.08994	0.03425	0.01707	0.05586	0.31675	0.16872	0.04138	0.00698	0.00207	0.00361	0.12997	0.07693	0.00508
48	0.01046	0.00787	0.00930	0.00799	0.01064	0.00716	0.00620	0.09792	0.04048	0.04621	0.18706	0.15373	0.09986	0.00938	0.00552	0.00153	0.00363	0.04074	0.00471	0.24958
49	0.28948	0.00697	0.00716	0.00702	0.00886	0.00719	0.00532	0.01140	0.01127	0.03721	0.20939	0.24360	0.08082	0.01047	0.00535	0.00180	0.00333	0.02665	0.00459	0.02212
50	0.00776	0.00527	0.00612	0.00618	0.00684	0.00498	0.00401	0.00848	0.00984	0.03759	0.09065	0.14302	0.17390	0.43600	0.01721	0.00360	0.00412	0.02632	0.00414	0.00398
51	0.00885	0.00687	0.00808	0.00840	0.00977	0.00713	0.00626	0.03671	0.20129	0.01675	0.02878	0.40515	0.10275	0.01313	0.00632	0.00202	0.00360	0.10062	0.02197	0.00556
52	0.16278	0.00682	0.00738	0.00725	0.00903	0.00699	0.00555	0.02478	0.05565	0.07360	0.05850	0.21330	0.10700	0.02734	0.02599	0.00203	0.00377	0.06384	0.13302	0.00539
53	0.00804	0.00534	0.00801	0.00801	0.00867	0.00600	0.00600	0.00867	0.00801	0.01134	0.01266	0.01935	0.01200	0.03324	0.56054	0.26083	0.01128	0.00534	0.00267	0.00399
54	0.29116	0.00796	0.00880	0.00808	0.01063	0.00807	0.00647	0.01598	0.01173	0.24026	0.06082	0.17778	0.01922	0.00925	0.00523	0.00184	0.00402	0.10157	0.00488	0.00624
55	0.00962	0.00826	0.01273	0.01631	0.25810	0.00879	0.00970	0.01166	0.01069	0.01508	0.08326	0.15394	0.01969	0.06661	0.15043	0.00329	0.08386	0.06859	0.00351	0.00587
56	0.01208	0.01359	0.04666	0.24408	0.02465	0.12904	0.24874	0.01515	0.01134	0.01428	0.01020	0.01483	0.00845	0.05506	0.06393	0.00243	0.07158	0.00520	0.00259	0.00613
57	0.00749	0.00566	0.00780	0.00789	0.00851	0.00606	0.01590	0.00874	0.00951	0.01315	0.08215	0.27573	0.04345	0.17291	0.25895	0.00466	0.05379	0.00942	0.00382	0.00441
58	0.01265	0.00656	0.00834	0.00752	0.00949	0.00600	0.00569	0.03838	0.01334	0.24866	0.20289	0.19810	0.09006	0.05577	0.00701	0.00193	0.00349	0.00898	0.06908	0.00603
59	0.23952	0.02995	0.10880	0.06381	0.23071	0.01284	0.08672	0.06946	0.01186	0.04433	0.00958	0.01178	0.00744	0.00521	0.00536	0.00166	0.04647	0.00425	0.00303	0.00722
60	0.02648	0.00954	0.01531	0.44708	0.15986	0.01088	0.03400	0.04037	0.02570	0.01597	0.04089	0.07860	0.01174	0.00638	0.00533	0.00172	0.00606	0.00576	0.05205	0.00629
61	0.01277	0.01193	0.01162	0.06111	0.04124	0.12581	0.00829	0.09621	0.28700	0.01935	0.08172	0.02459	0.15642	0.03104	0.00611	0.00178	0.00502	0.00663	0.00457	0.00682
62	0.01640	0.02081	0.01274	0.01054	0.01293	0.03501	0.02551	0.08754	0.01332	0.32544	0.01829	0.19737	0.01605	0.00927	0.00810	0.00188	0.16954	0.00727	0.00491	0.00709
63	0.05356	0.00927	0.01009	0.00848	0.01166	0.00915	0.00664	0.05262	0.26593	0.02007	0.12037	0.02303	0.12118	0.00736	0.00506	0.00145	0.00375	0.00608	0.00459	0.25966
64	0.01165	0.01112	0.01874	0.36858	0.41596	0.01239	0.01531	0.01486	0.01120	0.01539	0.00955	0.01345	0.00772	0.00519	0.00587	0.00169	0.04701	0.00470	0.00248	0.00715
65	0.01411	0.01184	0.01250	0.01095	0.01411	0.01360	0.00860	0.13030	0.66790	0.02367	0.02029	0.01875	0.01514	0.00706	0.00537	0.00176	0.00441	0.00581	0.00537	0.00845
66	0.01566	0.01549	0.01805	0.10312	0.35903	0.18850	0.01327	0.16657	0.03562	0.01924	0.01035	0.01249	0.00822	0.00533	0.00515	0.00155	0.00694	0.00446	0.00322	0.00773
67	0.00759	0.00514	0.00574	0.00574	0.00586	0.00508	0.00326	0.00768	0.00800	0.01054	0.01929	0.03576	0.07343	0.75708	0.02543	0.00489	0.00495	0.00794	0.00332	0.00329
68	0.00769	0.00513	0.00577	0.00577	0.00577	0.00513	0.00320	0.00769	0.00769	0.01025	0.01666	0.03460	0.01922	0.81421	0.02691	0.00513	0.00513	0.00769	0.00320	0.00320
69	0.01156	0.00802	0.00926	0.03878	0.01115	0.02476	0.00648	0.11311	0.09748	0.10228	0.02392	0.25714	0.09552	0.13914	0.03451	0.00258	0.00465	0.00908	0.00471	0.00585
70	0.01099	0.00812	0.00931	0.00857	0.01051	0.00833	0.00664	0.23597	0.01553	0.02055	0.11347	0.20233	0.15441	0.06894	0.00767	0.00211	0.00414	0.10161	0.00500	0.00581
71	0.00918	0.00459	0.00689	0.00689	0.00689	0.00459	0.00459	0.00689	0.00689	0.00918	0.00918	0.01607	0.00918	0.01837	0.02066	0.84619	0.00459	0.00459	0.00230	0.00230
72	0.00873	0.00628	0.00714	0.00729	0.00836	0.02681	0.00513	0.01083	0.06786	0.05924	0.08107	0.29936	0.14695	0.19226	0.01093	0.00266	0.00385	0.04580	0.00466	0.00478
73	0.00783	0.00555	0.00670	0.00649	0.00740	0.00531	0.00448	0.03532	0.01207	0.01644	0.34915	0.09865	0.11615	0.26349	0.01319	0.02989	0.00357	0.00925	0.00470	0.00437
74	0.14973	0.00764	0.00843	0.00754	0.00899	0.00814	0.00542	0.14250	0.01101	0.04375	0.01232	0.01996	0.01183	0.25311	0.01611	0.25922	0.00484	0.00530	0.01956	0.00460
75	0.02010	0.01481	0.01587	0.01216	0.01639	0.01639	0.01005	0.76360	0.02486	0.03332	0.01269	0.01269	0.00899	0.00635	0.00529	0.00159	0.00582	0.00476	0.00529	0.00899
76	0.14085	0.00596	0.00655	0.00642	0.00788	0.00592	0.00480	0.01066	0.01243	0.01965	0.36218	0.14792	0.09202	0.01018	0.00543	0.00167	0.00284	0.00869	0.14300	0.00495
77	0.02753	0.00630	0.00749	0.00735	0.00861	0.00577	0.00523	0.01074	0.01258	0.07188	0.27119	0.17888	0.15613	0.15509	0.01024	0.00257	0.00370	0.03181	0.02165	0.00526
78	0.00756	0.00563	0.00834	0.00834	0.00923	0.00652	0.00641	0.00934	0.00845	0.01215	0.01431	0.02158	0.01357	0.08489	0.74850	0.00830	0.01363	0.00578	0.00285	0.00463
79	0.00783	0.00561	0.00751	0.00856	0.00940	0.00550	0.00666	0.03564	0.01153	0.01521	0.02806	0.45655	0.03208	0.01535	0.00694	0.00225	0.00395	0.33178	0.00490	0.00471
80	0.00907	0.00621	0.00723	0.00687	0.00854	0.00573	0.00513	0.06352	0.01324	0.07949	0.19225	0.17164	0.32727	0.05913	0.00741	0.00200	0.00325	0.02169	0.00516	0.00517
81	0.01097	0.00632	0.00787	0.00734	0.00924	0.00573	0.00558	0.01321	0.04336	0.19307	0.20457	0.18288	0.22111	0.02993	0.00660	0.00189	0.00332	0.03579	0.00547	0.00573
82	0.08825	0.00537	0.00612	0.00673	0.00774	0.00510	0.00473	0.00825	0.01053	0.01470	0.04740	0.47581	0.24156	0.01449	0.00676	0.03199	0.00310	0.01228	0.00467	0.00442
83	0.00763	0.00514	0.00600	0.00620	0.00632	0.00511	0.00375	0.00789	0.00824	0.01096	0.01867	0.11146	0.02154	0.68001	0.02356	0.00465	0.00491	0.06105	0.00349	0.00343
84	0.01078	0.02608	0.71367	0.01577	0.02334	0.01238	0.09141	0.01676	0.01129	0.01676	0.00960	0.01146	0.00683	0.00497	0.00514	0.00168	0.00792	0.00413	0.00228	0.00775
85	0.00944	0.00647	0.00744	0.00727	0.00816	0.00665	0.00498	0.11003	0.03285	0.01558	0.01984	0.23387	0.02156	0.35525	0.01516	0.02030	0.00439	0.03493	0.08123	0.00461
86	0.01489	0.01231	0.07793	0.01277	0.01672	0.01145	0.14625	0.02354	0.35507	0.19213	0.03497	0.01967	0.01451	0.00674	0.00559	0.00177	0.00540	0.03538	0.00488	0.00803
87	0.03145	0.00551	0.00699	0.00664	0.00793	0.00514	0.00497	0.00996	0.01452	0.02076	0.70445	0.06620	0.07386	0.01093	0.00617	0.00168	0.00257	0.00962	0.00568	0.00497
88	0.01096	0.00940	0.01096	0.00783	0.01253	0.00705	0.00626	0.01331	0.01096	0.01723	0.00940	0.01096	0.00783	0.00392	0.00392	0.00078	0.00392	0.00313	0.00313	0.84653
89	0.00656	0.00469	0.00627	0.00750	0.00786	0.00440	0.00512	0.00757	0.01024	0.01363	0.02907	0.76688	0.03470	0.01645	0.00678	0.00216	0.00317	0.05771	0.00491	0.00433
90	0.00648	0.00462	0.00612	0.00730	0.00760	0.00432	0.00485	0.00737	0.01004	0.01338	0.02870	0.78334	0.03441	0.04475	0.00746	0.00225	0.00314	0.01477	0.00485	0.00426
91	0.01049	0.02657	0.75910	0.01477	0.02235	0.01202	0.01902	0.01650	0.01130	0.01690	0.03683	0.01217	0.00823	0.00523	0.00507	0.00167	0.00762	0.00411	0.00236	0.00771
92	0.00659	0.00495	0.00599	0.00659	0.00741	0.00448	0.00454	0.00775	0.01105	0.01437	0.12094	0.45053	0.24766	0.07190	0.00798	0.00220	0.00304	0.01278	0.00489	0.00434
93	0.00908	0.00529	0.00709	0.00765	0.00855	0.00484	0.00534	0.01022	0.01103	0.13007	0.05128	0.66713	0.03213	0.01487	0.00652	0.00205	0.00327	0.01339	0.00518	0.00502
94	0.01086	0.00926	0.01079	0.00776	0.01231	0.00699	0.00617	0.01313	0.01086	0.01700	0.00963	0.01173	0.00820	0.03011	0.00466	0.00092	0.00395	0.00328	0.00313	0.81926
95	0.01086	0.02276	0.55060	0.01637	0.02319	0.01212	0.20631	0.01634	0.01164	0.01687	0.03579	0.01388	0.02824	0.00528	0.00540	0.00170	0.00779	0.00486	0.00253	0.00746
96	0.01060	0.02735	0.78682	0.01507	0.02288	0.01228	0.01953	0.01674	0.01116	0.01674	0.00949	0.01116	0.00670	0.00502	0.00502	0.00167	0.00781	0.00391	0.00223	0.00781
97	0.01916	0.02422	0.01507	0.01364	0.01617	0.73757	0.01031	0.02051	0.01449	0.01292	0.00808	0.00968	0.00682	0.00572	0.00566	0.00143	0.06625	0.00349	0.00269	0.00610
98	0.00822	0.00587	0.00731	0.00728	0.00836	0.02550	0.00537	0.00988	0.01154	0.04064	0.26014	0.17764	0.09139	0.04710	0.19573	0.03352	0.00582	0.00903	0.04491	0.00475
99	0.08307	0.00806	0.00980	0.00810	0.01115	0.00742	0.00647	0.05760	0.01407	0.40864	0.08665	0.05650	0.17694	0.03377	0.00615	0.00180	0.00396	0.00710	0.00565	0.00711
100	0.00682	0.00476	0.00602	0.00688	0.00710	0.00454	0.00439	0.00746	0.00939	0.01252	0.02538	0.57705	0.03022	0.25674	0.01282	0.00304	0.00369	0.01282	0.00439	0.00397
101	0.00818	0.00557	0.00723	0.00722	0.00854	0.00514	0.00555	0.01030	0.01355	0.05718	0.43992	0.14958	0.12431	0.01226	0.00643	0.00186	0.00306	0.12362	0.00548	0.00502
102	0.00962	0.00599	0.00734	0.00703	0.00838	0.00558	0.00507	0.03945	0.01235	0.11144	0.20981	0.20456	0.15203	0.17099	0.01031	0.00248	0.00359	0.02393	0.00501	0.00505
103	0.00687	0.00484	0.00630	0.00730	0.00764	0.00462	0.00495	0.00777	0.00988	0.01313	0.02675	0.59682	0.03166	0.16156	0.01047	0.00272	0.00362	0.08437	0.00459	0.00415
104	0.06650	0.01074	0.01208	0.01053	0.01342	0.01160	0.00870	0.38172	0.04181	0.05197	0.01887	0.10793	0.01778	0.00964	0.00588	0.00189	0.00507	0.21168	0.00506	0.00714
105	0.01223	0.00827	0.00882	0.00783	0.01009	0.00870	0.00608	0.16316	0.15321	0.05142	0.02354	0.07151	0.13162	0.02112	0.00533	0.00162	0.00363	0.00672	0.29871	0.00638
106	0.08171	0.00644	0.00760	0.00726	0.00919	0.00595	0.00545	0.01281	0.02365	0.19517	0.05359	0.30610	0.24071	0.01202	0.00594	0.00186	0.00338	0.01033	0.00519	0.00564
107	0.11300	0.01218	0.01354	0.01060	0.01459	0.01287	0.00872	0.39267	0.06752	0.27716	0.01533	0.01442	0.01042	0.00630	0.00508	0.00162	0.00509	0.00481	0.00548	0.00859
108	0.03350	0.00578	0.00690	0.00686	0.00785	0.00554	0.00474	0.03107	0.01107	0.06966	0.14038	0.24326	0.10618	0.27106	0.01288	0.00293	0.00386	0.02732	0.00458	0.00459
109	0.00729	0.00531	0.00714	0.00735	0.00813	0.00560	0.00533	0.00869	0.00943	0.01303	0.06069	0.17680	0.09612	0.15272	0.38413	0.00556	0.00859	0.00849	0.02521	0.00439
110	0.01004	0.00539	0.00585	0.00580	0.00699	0.00537	0.00426	0.03318	0.01119	0.04606	0.01867	0.09411	0.01663	0.09904	0.00684	0.00183	0.00308	0.03457	0.58616	0.00494
111	0.00689	0.00482	0.00610	0.00692	0.00724	0.00458	0.00453	0.00756	0.00957	0.01266	0.02652	0.52949	0.06542	0.22266	0.01231	0.02456	0.00368	0.03611	0.00440	0.00399
112	0.00787	0.00527	0.00746	0.00760	0.00813	0.00571	0.00548	0.00846	0.00825	0.01146	0.01520	0.08625	0.01575	0.17587	0.39990	0.18468	0.00928	0.03048	0.00302	0.00390
113	0.01316	0.01207	0.01953	0.14040	0.33852	0.01264	0.12319	0.12890	0.06788	0.01918	0.01245	0.06540	0.01049	0.00595	0.00551	0.00169	0.00635	0.00570	0.00333	0.00764
114	0.01655	0.01013	0.01171	0.00998	0.01326	0.01068	0.00791	0.02603	0.45130	0.29599	0.05113	0.02066	0.03591	0.00725	0.00541	0.00173	0.00419	0.00601	0.00580	0.00836
115	0.01255	0.01253	0.01902	0.16547	0.45020	0.07599	0.04306	0.01545	0.01152	0.01557	0.00983	0.01347	0.00824	0.00766	0.06227	0.00214	0.06047	0.00472	0.00257	0.00726
116	0.01214	0.01101	0.01932	0.19568	0.28043	0.01153	0.15425	0.01545	0.02116	0.06342	0.07778	0.04190	0.01277	0.00611	0.00628	0.00173	0.05301	0.00580	0.00318	0.00705
117	0.00922	0.00839	0.01233	0.43962	0.02387	0.03693	0.01072	0.01154	0.01027	0.01325	0.01557	0.25495	0.01615	0.05618	0.00771	0.00209	0.05485	0.00793	0.00318	0.00524
118	0.02255	0.01087	0.01343	0.01030	0.01443	0.01055	0.00851	0.26392	0.01827	0.54230	0.01822	0.01628	0.01176	0.00648	0.00531	0.00162	0.00492	0.00514	0.00614	0.00899
119	0.01403	0.00969	0.01367	0.01059	0.01418	0.00902	0.11892	0.08348	0.08702	0.18553	0.14005	0.02161	0.06261	0.03058	0.00601	0.00161	0.00471	0.00613	0.00475	0.17581
120	0.00961	0.00656	0.00930	0.00987	0.05242	0.00626	0.04053	0.05432	0.01172	0.08963	0.02579	0.55718	0.04634	0.03042	0.00684	0.00208	0.00388	0.02705	0.00482	0.00537
121	0.15435	0.04900	0.01266	0.01086	0.01348	0.46246	0.00837	0.01856	0.01304	0.04365	0.00984	0.01128	0.00791	0.00558	0.00468	0.00141	0.02985	0.00363	0.13337	0.00600
122	0.01045	0.07465	0.03666	0.05165	0.01431	0.06116	0.08293	0.01210	0.00997	0.01334	0.01500	0.25395	0.01634	0.06747	0.01087	0.00221	0.25038	0.00790	0.00322	0.00545
123	0.00882	0.08405	0.00909	0.00711	0.00875	0.00656	0.00553	0.01085	0.01345	0.06293	0.45052	0.15415	0.11504	0.01120	0.00602	0.00172	0.00309	0.03062	0.00526	0.00523
124	0.01472	0.01043	0.01130	0.00970	0.01260	0.03947	0.00774	0.23381	0.15231	0.13038	0.07253	0.07708	0.13445	0.00910	0.00573	0.00175	0.00454	0.05981	0.00531	0.00723
125	0.12570	0.01131	0.01678	0.01264	0.01694	0.01095	0.20267	0.09376	0.07378	0.27935	0.01462	0.01474	0.01015	0.00557	0.00516	0.00160	0.00564	0.00502	0.00457	0.08905

[dist]
# distance from previous block
# <min> <max>
13	38

[block]
# block no. 1 follows, 46 sequences, length 6
# corresponding to MSA columns:
# 310-315
name=unknown_B
#
# <colnr> <probs for GDERKNQSTAVLIFYWHMCP>
#	G	D	E	R	K	N	Q	S	T	A	V	L	I	F	Y	W	H	M	C	P
0	0.00672	0.00477	0.00633	0.00747	0.00783	0.00451	0.00512	0.00771	0.01014	0.01348	0.02817	0.68901	0.03347	0.07141	0.00819	0.00238	0.00337	0.08087	0.00479	0.00427
1	0.08668	0.12725	0.01126	0.00834	0.01033	0.07721	0.00639	0.07131	0.06602	0.01602	0.02081	0.26155	0.08568	0.11825	0.00823	0.00218	0.00463	0.00836	0.00402	0.00547
2	0.01065	0.10798	0.01110	0.00848	0.01064	0.00931	0.00683	0.17705	0.01418	0.01825	0.02822	0.26321	0.19534	0.01182	0.00596	0.00185	0.00414	0.10456	0.00466	0.00576
3	0.01287	0.37387	0.29291	0.01203	0.01736	0.08672	0.04739	0.01628	0.01165	0.01481	0.06127	0.01192	0.00977	0.00521	0.00442	0.00141	0.00670	0.00388	0.00256	0.00698
4	0.04220	0.36474	0.06665	0.18751	0.02105	0.06078	0.09675	0.07500	0.01223	0.01550	0.00878	0.01094	0.00712	0.00492	0.00446	0.00144	0.00664	0.00388	0.00263	0.00678
5	0.01332	0.48443	0.15876	0.00993	0.01453	0.05252	0.01028	0.01583	0.01160	0.05760	0.05484	0.01462	0.07067	0.00582	0.00424	0.00135	0.00574	0.00422	0.00293	0.00678

[dist]
# distance from previous block
# <min> <max>
3	22

[block]
# block no. 2 follows, 46 sequences, length 133
# corresponding to MSA columns:
# 340-398,400-464,466-474
name=unknown_C
#
# <colnr> <probs for GDERKNQSTAVLIFYWHMCP>
#	G	D	E	R	K	N	Q	S	T	A	V	L	I	F	Y	W	H	M	C	P
0	0.33423	0.05226	0.01171	0.00941	0.01209	0.09899	0.00764	0.11415	0.01272	0.05204	0.09223	0.03680	0.03014	0.00691	0.00606	0.00168	0.10616	0.00474	0.00379	0.00625
1	0.17665	0.08258	0.02343	0.01644	0.02080	0.04733	0.43346	0.04931	0.01212	0.01818	0.01062	0.05295	0.00881	0.00537	0.00551	0.00170	0.01953	0.00552	0.00298	0.00670
2	0.01236	0.01029	0.01320	0.25309	0.02052	0.01052	0.00965	0.09821	0.13523	0.03952	0.01202	0.01372	0.00920	0.00520	0.00476	0.00136	0.00515	0.00431	0.00358	0.33810
3	0.01545	0.01758	0.01237	0.01158	0.01361	0.46155	0.00860	0.08057	0.01414	0.01486	0.01498	0.25646	0.01567	0.00905	0.00578	0.00165	0.02957	0.00713	0.00361	0.00580
4	0.01205	0.00679	0.00864	0.03459	0.01095	0.00622	0.00659	0.01428	0.03187	0.23321	0.08382	0.07956	0.27627	0.01127	0.00617	0.00189	0.00384	0.16065	0.00535	0.00600
5	0.00985	0.00493	0.00493	0.00493	0.00616	0.00493	0.00370	0.01232	0.01109	0.01971	0.01725	0.01971	0.01355	0.00616	0.00370	0.00123	0.00246	0.00493	0.84356	0.00493
6	0.01365	0.05038	0.24950	0.01642	0.02148	0.05346	0.27037	0.06063	0.01254	0.08219	0.01058	0.01275	0.00787	0.00557	0.00696	0.00175	0.10869	0.00490	0.00296	0.00736
7	0.00940	0.00765	0.00882	0.00833	0.01025	0.00786	0.02257	0.06705	0.21907	0.01820	0.09684	0.24346	0.23630	0.01164	0.00608	0.00186	0.00354	0.01010	0.00509	0.00590
8	0.00985	0.00493	0.00493	0.00493	0.00616	0.00493	0.00370	0.01232	0.01109	0.01971	0.01725	0.01971	0.01355	0.00616	0.00370	0.00123	0.00246	0.00493	0.84356	0.00493
9	0.01039	0.00968	0.01587	0.73582	0.03461	0.01212	0.01437	0.03743	0.01090	0.01410	0.00938	0.01392	0.00710	0.00552	0.00591	0.00178	0.04798	0.00470	0.00244	0.00597
10	0.01308	0.01256	0.02146	0.03245	0.78123	0.01256	0.01622	0.01622	0.01204	0.01727	0.00994	0.01308	0.00837	0.00471	0.00523	0.00157	0.00628	0.00471	0.00262	0.00837
11	0.00829	0.00593	0.00813	0.03514	0.00973	0.00639	0.00614	0.03552	0.01158	0.01684	0.27139	0.02645	0.02523	0.02397	0.38822	0.00494	0.00843	0.00683	0.09583	0.00502
12	0.00939	0.00741	0.00871	0.00803	0.00987	0.00773	0.00613	0.01607	0.26953	0.02151	0.52381	0.03284	0.03853	0.00958	0.00595	0.00171	0.00306	0.00836	0.00567	0.00613
13	0.01212	0.01008	0.01158	0.00838	0.01302	0.00823	0.00674	0.10833	0.01272	0.01926	0.00981	0.01118	0.00798	0.00422	0.00409	0.00088	0.00416	0.00334	0.00341	0.74046
14	0.01441	0.00914	0.01270	0.25307	0.01999	0.00880	0.00933	0.03778	0.01241	0.24275	0.01407	0.06271	0.01082	0.00595	0.00496	0.00144	0.00505	0.00503	0.00407	0.26552
15	0.01008	0.00951	0.01597	0.76854	0.04957	0.01187	0.01464	0.01354	0.01054	0.01356	0.00935	0.01402	0.00707	0.00537	0.00557	0.00177	0.02609	0.00470	0.00235	0.00592
16	0.01815	0.01024	0.01210	0.01012	0.01363	0.01060	0.00808	0.02699	0.41345	0.38329	0.02120	0.01890	0.01469	0.00687	0.00535	0.00172	0.00433	0.00566	0.00593	0.00867
17	0.00937	0.00626	0.00840	0.00803	0.00945	0.01839	0.00621	0.01118	0.01029	0.09908	0.08357	0.02614	0.11336	0.05660	0.50170	0.00609	0.01028	0.00668	0.00377	0.00515
18	0.01157	0.01157	0.01619	0.01388	0.01388	0.01619	0.01157	0.01272	0.00810	0.01272	0.00694	0.01157	0.00694	0.00925	0.01735	0.00231	0.80453	0.00463	0.00231	0.00578
19	0.00985	0.00493	0.00493	0.00493	0.00616	0.00493	0.00370	0.01232	0.01109	0.01971	0.01725	0.01971	0.01355	0.00616	0.00370	0.00123	0.00246	0.00493	0.84356	0.00493
20	0.02829	0.01125	0.01666	0.01786	0.25051	0.02235	0.08116	0.07089	0.01248	0.05770	0.03709	0.04920	0.03750	0.00634	0.00669	0.00156	0.10664	0.00533	0.00339	0.17711
21	0.00779	0.00557	0.00702	0.00664	0.00809	0.00500	0.00496	0.00996	0.01399	0.04086	0.56009	0.10522	0.15333	0.01132	0.00617	0.00169	0.00268	0.00992	0.00554	0.03418
22	0.00985	0.00493	0.00493	0.00493	0.00616	0.00493	0.00370	0.01232	0.01109	0.01971	0.01725	0.01971	0.01355	0.00616	0.00370	0.00123	0.00246	0.00493	0.84356	0.00493
23	0.35532	0.01306	0.01265	0.09804	0.01621	0.11142	0.03471	0.18331	0.01419	0.09989	0.01035	0.01138	0.00756	0.00549	0.00444	0.00161	0.00570	0.00392	0.00386	0.00690
24	0.01763	0.01078	0.01243	0.01016	0.01360	0.01131	0.00818	0.21942	0.24428	0.26308	0.09620	0.01935	0.01669	0.00711	0.00539	0.00166	0.00450	0.00579	0.02414	0.00831
25	0.00985	0.00493	0.00493	0.00493	0.00616	0.00493	0.00370	0.01232	0.01109	0.01971	0.01725	0.01971	0.01355	0.00616	0.00370	0.00123	0.00246	0.00493	0.84356	0.00493
26	0.00708	0.00542	0.00651	0.00632	0.00776	0.00485	0.00480	0.00915	0.01377	0.01843	0.47967	0.04457	0.31484	0.01192	0.00629	0.00174	0.00267	0.04398	0.00544	0.00479
27	0.01006	0.00894	0.01451	0.06613	0.33520	0.00889	0.04045	0.01263	0.01202	0.01654	0.11614	0.16512	0.05968	0.00929	0.00598	0.00182	0.00502	0.10137	0.00382	0.00638
28	0.01011	0.00932	0.01554	0.60395	0.12718	0.01106	0.01395	0.01338	0.01088	0.01418	0.01187	0.05017	0.01036	0.00647	0.00551	0.00181	0.00660	0.06893	0.00270	0.00604
29	0.01094	0.01132	0.02172	0.32239	0.02804	0.01232	0.33393	0.01445	0.01105	0.01486	0.01088	0.05498	0.00909	0.00706	0.03355	0.00207	0.08651	0.00591	0.00263	0.00628
30	0.01556	0.58379	0.02401	0.00980	0.01412	0.01927	0.00918	0.21193	0.01434	0.01783	0.00880	0.00980	0.00743	0.00539	0.00438	0.02501	0.00567	0.00338	0.00306	0.00724
31	0.01161	0.01170	0.01694	0.01430	0.01457	0.01605	0.04915	0.01293	0.00832	0.01293	0.00713	0.01170	0.00699	0.00901	0.01679	0.00229	0.76469	0.00471	0.00233	0.00585
32	0.01157	0.01157	0.01619	0.01388	0.01388	0.01619	0.01157	0.01272	0.00810	0.01272	0.00694	0.01157	0.00694	0.00925	0.01735	0.00231	0.80453	0.00463	0.00231	0.00578
33	0.01999	0.01785	0.01561	0.01259	0.01638	0.24348	0.01010	0.54649	0.02197	0.02736	0.01137	0.01177	0.00835	0.00608	0.00514	0.00152	0.00690	0.00436	0.00454	0.00815
34	0.00754	0.00555	0.00786	0.00772	0.00872	0.00598	0.00587	0.00953	0.01067	0.01522	0.27605	0.02791	0.02609	0.07065	0.48327	0.00598	0.00969	0.00711	0.00387	0.00473
35	0.00918	0.00459	0.00689	0.00689	0.00689	0.00459	0.00459	0.00689	0.00689	0.00918	0.00918	0.01607	0.00918	0.01837	0.02066	0.84619	0.00459	0.00459	0.00230	0.00230
36	0.00644	0.00460	0.00613	0.00736	0.00767	0.00429	0.00491	0.00736	0.01012	0.01350	0.02914	0.81076	0.03497	0.01656	0.00675	0.00215	0.00307	0.01503	0.00491	0.00429
37	0.01884	0.15302	0.01703	0.01288	0.01590	0.66840	0.01003	0.02026	0.01430	0.01286	0.00804	0.00936	0.00681	0.00530	0.00454	0.00132	0.00891	0.00331	0.00265	0.00623
38	0.00985	0.00493	0.00493	0.00493	0.00616	0.00493	0.00370	0.01232	0.01109	0.01971	0.01725	0.01971	0.01355	0.00616	0.00370	0.00123	0.00246	0.00493	0.84356	0.00493
39	0.00985	0.00493	0.00493	0.00493	0.00616	0.00493	0.00370	0.01232	0.01109	0.01971	0.01725	0.01971	0.01355	0.00616	0.00370	0.00123	0.00246	0.00493	0.84356	0.00493
40	0.00640	0.00536	0.00557	0.00552	0.00724	0.00453	0.00414	0.00789	0.01242	0.01515	0.14450	0.04945	0.68760	0.01306	0.00625	0.00177	0.00265	0.01096	0.00502	0.00453
41	0.85155	0.01022	0.00777	0.00695	0.01022	0.01186	0.00573	0.01554	0.00900	0.02372	0.00736	0.00859	0.00573	0.00491	0.00327	0.00164	0.00409	0.00286	0.00327	0.00573
42	0.01200	0.01967	0.38957	0.06002	0.21950	0.01236	0.15021	0.01679	0.01173	0.04342	0.01021	0.01259	0.00760	0.00491	0.00532	0.00167	0.00746	0.00462	0.00257	0.00778
43	0.01503	0.01117	0.01431	0.24588	0.04650	0.03082	0.01071	0.29743	0.01608	0.09023	0.01226	0.01472	0.00926	0.01081	0.10586	0.04590	0.00716	0.00486	0.00391	0.00709
44	0.01975	0.02520	0.01498	0.01362	0.01634	0.79299	0.01021	0.02111	0.01498	0.01294	0.00817	0.00953	0.00681	0.00545	0.00477	0.00136	0.00953	0.00340	0.00272	0.00613
45	0.00988	0.00913	0.01314	0.01181	0.01226	0.01195	0.02609	0.01133	0.00870	0.01293	0.01223	0.10269	0.01267	0.01786	0.21128	0.00385	0.46350	0.04052	0.00285	0.00534
46	0.00986	0.00876	0.01390	0.59023	0.02928	0.01046	0.01243	0.04455	0.01197	0.01568	0.13291	0.02081	0.03495	0.00678	0.00554	0.00177	0.00608	0.03505	0.00319	0.00579
47	0.00805	0.00523	0.00699	0.00725	0.00775	0.00536	0.00502	0.02917	0.00908	0.01242	0.01877	0.25173	0.04016	0.14367	0.18341	0.21703	0.00622	0.00852	0.03031	0.00387
48	0.00756	0.00564	0.00836	0.00836	0.00926	0.00653	0.00644	0.00935	0.00846	0.01217	0.01429	0.02146	0.01352	0.07844	0.75488	0.00833	0.01371	0.00577	0.00285	0.00464
49	0.00783	0.00699	0.00686	0.00719	0.00846	0.07268	0.00515	0.00959	0.04239	0.01445	0.06953	0.36699	0.33520	0.01368	0.00630	0.00190	0.00349	0.01185	0.00478	0.00472
50	0.01447	0.00688	0.00907	0.00794	0.01018	0.00623	0.00610	0.03132	0.01367	0.33784	0.21726	0.18213	0.02700	0.03567	0.00676	0.01945	0.00364	0.00838	0.04952	0.00649
51	0.73409	0.01017	0.00834	0.00728	0.01060	0.01155	0.00599	0.04650	0.01014	0.07926	0.00883	0.00975	0.00661	0.00512	0.00351	0.00162	0.00414	0.00318	0.02721	0.00607
52	0.00790	0.00492	0.00605	0.00685	0.00760	0.00476	0.00499	0.00955	0.01073	0.01594	0.02491	0.43663	0.02701	0.01273	0.00578	0.00187	0.00311	0.11195	0.29213	0.00459
53	0.00979	0.00586	0.00698	0.00658	0.00826	0.00519	0.00484	0.01125	0.01225	0.14993	0.15482	0.14330	0.31847	0.10743	0.00855	0.00217	0.00331	0.00983	0.02598	0.00518
54	0.00827	0.00582	0.00687	0.00708	0.00761	0.00589	0.00469	0.04661	0.04205	0.01328	0.02106	0.24700	0.02385	0.45206	0.01770	0.00376	0.00454	0.07370	0.00401	0.00416
55	0.17163	0.01238	0.01294	0.01051	0.01423	0.01369	0.00855	0.34793	0.21322	0.11890	0.01497	0.01439	0.01072	0.00632	0.00494	0.00165	0.00492	0.00479	0.00509	0.00823
56	0.00837	0.01183	0.23585	0.00936	0.01239	0.00712	0.00923	0.01145	0.03543	0.03371	0.05778	0.31603	0.17331	0.03257	0.00658	0.00198	0.00452	0.02273	0.00417	0.00561
57	0.00719	0.00500	0.00603	0.00668	0.00752	0.00466	0.00476	0.00855	0.01088	0.01485	0.06343	0.39243	0.18525	0.06642	0.00757	0.00214	0.00317	0.07652	0.12252	0.00443
58	0.02137	0.00952	0.01220	0.00971	0.01355	0.00897	0.00790	0.02628	0.18328	0.61536	0.02100	0.01838	0.01376	0.00668	0.00533	0.00167	0.00443	0.00546	0.00628	0.00886
59	0.00644	0.00460	0.00613	0.00736	0.00767	0.00429	0.00491	0.00736	0.01012	0.01350	0.02914	0.81076	0.03497	0.01656	0.00675	0.00215	0.00307	0.01503	0.00491	0.00429
60	0.00673	0.00478	0.00619	0.00701	0.00753	0.00443	0.00475	0.00766	0.01058	0.01408	0.11301	0.58347	0.10446	0.04731	0.00814	0.04445	0.00312	0.01325	0.00481	0.00424
61	0.00684	0.00484	0.00625	0.00697	0.00741	0.00456	0.00465	0.00792	0.01066	0.01446	0.17158	0.53683	0.03530	0.14416	0.00990	0.00253	0.00329	0.01279	0.00481	0.00425
62	0.54859	0.00838	0.00701	0.00648	0.00864	0.00943	0.00484	0.01296	0.00870	0.01937	0.01073	0.01716	0.01028	0.25405	0.01057	0.00269	0.00432	0.00445	0.04642	0.00491
63	0.02130	0.00913	0.01197	0.00934	0.01308	0.00829	0.00765	0.09821	0.01609	0.61235	0.11598	0.02018	0.01733	0.00706	0.00543	0.00163	0.00438	0.00580	0.00632	0.00849
64	0.01785	0.14365	0.01635	0.01248	0.01533	0.60817	0.00973	0.01930	0.01378	0.01281	0.00856	0.01034	0.00736	0.00825	0.07247	0.00194	0.00934	0.00351	0.00266	0.00611
65	0.00644	0.00460	0.00613	0.00736	0.00767	0.00429	0.00491	0.00736	0.01012	0.01350	0.02914	0.81076	0.03497	0.01656	0.00675	0.00215	0.00307	0.01503	0.00491	0.00429
66	0.01597	0.01125	0.01240	0.01054	0.01389	0.01236	0.00837	0.14143	0.48845	0.16613	0.02110	0.01936	0.04020	0.00714	0.00538	0.00173	0.00445	0.00584	0.00557	0.00845
67	0.00658	0.00470	0.00630	0.00752	0.00789	0.00442	0.00515	0.00761	0.01026	0.01365	0.02906	0.75939	0.03465	0.01643	0.00679	0.00217	0.00319	0.06500	0.00490	0.00433
68	0.01315	0.01136	0.01195	0.01076	0.01375	0.01315	0.00837	0.02809	0.77168	0.02211	0.02152	0.01972	0.01614	0.00717	0.00538	0.00179	0.00418	0.00598	0.00538	0.00837
69	0.02268	0.01066	0.01330	0.01019	0.01432	0.01023	0.00842	0.23649	0.01791	0.57024	0.01852	0.01648	0.01192	0.00649	0.00531	0.00162	0.00488	0.00516	0.00618	0.00900
70	0.00696	0.00538	0.00634	0.00610	0.00758	0.00477	0.00458	0.00897	0.01373	0.01827	0.47169	0.04431	0.35846	0.01190	0.00624	0.00171	0.00257	0.01024	0.00543	0.00477
71	0.00985	0.00493	0.00493	0.00493	0.00616	0.00493	0.00370	0.01232	0.01109	0.01971	0.01725	0.01971	0.01355	0.00616	0.00370	0.00123	0.00246	0.00493	0.84356	0.00493
72	0.01142	0.01136	0.01616	0.08733	0.01598	0.01578	0.01186	0.01280	0.00833	0.01280	0.00717	0.01180	0.00695	0.00888	0.01622	0.00226	0.73017	0.00463	0.00232	0.00579
73	0.01096	0.00940	0.01096	0.00783	0.01253	0.00705	0.00626	0.01331	0.01096	0.01723	0.00940	0.01096	0.00783	0.00392	0.00392	0.00078	0.00392	0.00313	0.00313	0.84653
74	0.00920	0.00710	0.00850	0.00792	0.00900	0.00749	0.03485	0.01352	0.21033	0.01441	0.05191	0.09763	0.02067	0.46449	0.01775	0.00370	0.00473	0.00790	0.00402	0.00490
75	0.00841	0.00663	0.00852	0.00870	0.03581	0.00573	0.00630	0.01012	0.01086	0.01520	0.02300	0.38395	0.04871	0.01183	0.00590	0.00175	0.00373	0.13682	0.00428	0.26375
76	0.00903	0.00581	0.00698	0.00650	0.00830	0.00510	0.00494	0.01090	0.01352	0.11755	0.33666	0.07876	0.35293	0.01162	0.00615	0.00173	0.00286	0.00995	0.00548	0.00526
77	0.11674	0.00641	0.00744	0.00683	0.00829	0.00627	0.00489	0.01209	0.01164	0.12761	0.28948	0.06363	0.02828	0.27372	0.01254	0.00281	0.00387	0.00772	0.00470	0.00504
78	0.01263	0.01284	0.01445	0.41803	0.02579	0.16122	0.01192	0.01877	0.21566	0.01568	0.01254	0.01491	0.00960	0.00672	0.02580	0.00187	0.00694	0.00482	0.00325	0.00656
79	0.00762	0.00603	0.00722	0.00693	0.00877	0.00512	0.00515	0.00927	0.01165	0.01579	0.14449	0.28082	0.23187	0.01203	0.00595	0.00170	0.00315	0.04638	0.00466	0.18541
80	0.00822	0.00522	0.00712	0.00739	0.00799	0.00528	0.00515	0.00893	0.00929	0.05187	0.04612	0.30122	0.02269	0.16375	0.21468	0.11116	0.00654	0.00930	0.00385	0.00422
81	0.72634	0.01223	0.00888	0.00792	0.01115	0.11089	0.00640	0.03412	0.01013	0.02258	0.00759	0.00881	0.00594	0.00501	0.00351	0.00160	0.00482	0.00298	0.00325	0.00585
82	0.00700	0.00537	0.00675	0.00679	0.00804	0.00512	0.00511	0.00881	0.01199	0.01600	0.27209	0.12895	0.27620	0.01861	0.17540	0.00325	0.00519	0.02990	0.00475	0.00468
83	0.01143	0.00925	0.01245	0.00963	0.01322	0.00828	0.09039	0.01462	0.06859	0.08862	0.02164	0.02198	0.18848	0.00703	0.00585	0.00139	0.05763	0.00586	0.00393	0.35972
84	0.00700	0.00526	0.00648	0.00644	0.00767	0.00474	0.00473	0.00895	0.01344	0.01820	0.47306	0.16771	0.23217	0.01240	0.00632	0.00177	0.00263	0.01085	0.00544	0.00474
85	0.00785	0.00578	0.00759	0.00860	0.00951	0.00578	0.00665	0.01060	0.07722	0.01517	0.02802	0.44239	0.03152	0.01496	0.00685	0.00223	0.00388	0.30558	0.00493	0.00488
86	0.00719	0.00512	0.00691	0.00808	0.00867	0.00493	0.00603	0.00857	0.01069	0.01412	0.02818	0.52527	0.03273	0.05302	0.00787	0.00238	0.00376	0.25726	0.00482	0.00443
87	0.01096	0.00940	0.01096	0.00783	0.01253	0.00705	0.00626	0.01331	0.01096	0.01723	0.00940	0.01096	0.00783	0.00392	0.00392	0.00078	0.00392	0.00313	0.00313	0.84653
88	0.01397	0.77966	0.06395	0.00933	0.01401	0.02051	0.00955	0.01587	0.01076	0.01264	0.00745	0.00861	0.00678	0.00455	0.00347	0.00116	0.00576	0.00288	0.00226	0.00683
89	0.01413	0.81739	0.02770	0.00905	0.01357	0.02092	0.00905	0.01583	0.01074	0.01244	0.00735	0.00848	0.00678	0.00452	0.00339	0.00113	0.00565	0.00283	0.00226	0.00678
90	0.00985	0.00493	0.00493	0.00493	0.00616	0.00493	0.00370	0.01232	0.01109	0.01971	0.01725	0.01971	0.01355	0.00616	0.00370	0.00123	0.00246	0.00493	0.84356	0.00493
91	0.01740	0.01446	0.01429	0.01176	0.01538	0.08757	0.00942	0.41277	0.30986	0.02713	0.01565	0.01509	0.01152	0.00658	0.00527	0.00164	0.00554	0.00510	0.00508	0.00849
92	0.04019	0.29735	0.50054	0.01273	0.01926	0.01522	0.01547	0.01639	0.01094	0.01550	0.00868	0.01016	0.00669	0.00485	0.00441	0.00149	0.00695	0.00350	0.00228	0.00739
93	0.00709	0.00540	0.00652	0.00628	0.00771	0.00484	0.00474	0.00919	0.01392	0.01875	0.51762	0.04377	0.29528	0.01176	0.00626	0.00172	0.00261	0.02624	0.00549	0.00481
94	0.00768	0.00515	0.00590	0.00590	0.00595	0.00520	0.00337	0.00778	0.00773	0.01035	0.01653	0.03390	0.01892	0.77542	0.06529	0.00529	0.00558	0.00759	0.00318	0.00328
95	0.01114	0.24576	0.29400	0.01042	0.01465	0.04886	0.01108	0.01390	0.01015	0.01334	0.01102	0.01753	0.01058	0.25395	0.01128	0.00257	0.00645	0.00474	0.00256	0.00602
96	0.11593	0.09000	0.15766	0.01489	0.01969	0.01283	0.28932	0.08376	0.01273	0.01857	0.01390	0.01831	0.05416	0.00617	0.00539	0.00172	0.00683	0.06809	0.00319	0.00687
97	0.00760	0.00548	0.00758	0.00758	0.00820	0.00611	0.00546	0.00885	0.00822	0.01159	0.01500	0.02542	0.01524	0.30022	0.53545	0.00736	0.01112	0.00634	0.00296	0.00421
98	0.01236	0.31635	0.36845	0.01208	0.01781	0.01562	0.01367	0.01843	0.14639	0.01611	0.01084	0.01170	0.00841	0.00522	0.00448	0.00149	0.00637	0.00388	0.00280	0.00753
99	0.00645	0.00489	0.00585	0.00658	0.00738	0.00440	0.00450	0.00746	0.01064	0.01358	0.03678	0.50543	0.28891	0.06180	0.00775	0.00220	0.00305	0.01328	0.00481	0.00429
100	0.48278	0.01012	0.01004	0.00825	0.01190	0.01069	0.00681	0.07575	0.01246	0.30585	0.01275	0.01237	0.00869	0.00562	0.00418	0.00163	0.00437	0.00391	0.00463	0.00718
101	0.00672	0.00524	0.00613	0.00663	0.00772	0.00477	0.00469	0.00850	0.04148	0.01482	0.10311	0.40684	0.33542	0.01442	0.00645	0.00195	0.00291	0.01264	0.00501	0.00458
102	0.01655	0.00991	0.01092	0.00887	0.01189	0.01041	0.00717	0.32388	0.04397	0.15638	0.01614	0.01653	0.01169	0.00634	0.00469	0.00147	0.00425	0.00496	0.32657	0.00741
103	0.00767	0.00521	0.00620	0.00620	0.00636	0.00536	0.00375	0.00797	0.00782	0.01057	0.01626	0.03238	0.01826	0.68998	0.14982	0.00567	0.00657	0.00736	0.00314	0.00345
104	0.00913	0.00723	0.00844	0.00782	0.00964	0.00746	0.00596	0.01537	0.24764	0.02096	0.49092	0.03426	0.09439	0.00988	0.00597	0.00171	0.00303	0.00858	0.00562	0.00599
105	0.29627	0.00692	0.00697	0.00673	0.00857	0.00717	0.00512	0.01120	0.01183	0.02007	0.31492	0.15385	0.11210	0.00999	0.00530	0.00174	0.00315	0.00832	0.00470	0.00507
106	0.02220	0.01143	0.01378	0.01056	0.01471	0.01138	0.00872	0.33496	0.01921	0.46994	0.01744	0.01577	0.01137	0.00646	0.00530	0.00162	0.00505	0.00508	0.00602	0.00899
107	0.06707	0.00590	0.00661	0.00650	0.00808	0.00561	0.00484	0.01151	0.03171	0.08239	0.13629	0.21140	0.20131	0.01088	0.00551	0.00171	0.00299	0.00928	0.18524	0.00517
