[name]
unknown

[dist]
# distance from previous block
# <min> <max>
0	2

[block]
# block no. 0 follows, 50 sequences, length 22
# corresponding to MSA columns:
# 1853-1868,1876-1881
name=unknown_A
#
# <colnr> <probs for GDERKNQSTAVLIFYWHMCP>
#	G	D	E	R	K	N	Q	S	T	A	V	L	I	F	Y	W	H	M	C	P
0	0.01095	0.00769	0.00978	0.01004	0.03611	0.00794	0.00811	0.03086	0.20082	0.09474	0.02281	0.03930	0.02198	0.01051	0.00605	0.00198	0.00443	0.43599	0.00475	0.03517
1	0.01113	0.00903	0.00998	0.00900	0.01148	0.00982	0.00692	0.02085	0.50833	0.04407	0.13325	0.10065	0.02094	0.00788	0.00521	0.00163	0.00360	0.00675	0.00495	0.07453
2	0.01773	0.00845	0.01050	0.00848	0.01180	0.00790	0.00687	0.06093	0.12360	0.50212	0.02504	0.02266	0.15641	0.00744	0.00518	0.00159	0.00395	0.00609	0.00567	0.00761
3	0.00671	0.00508	0.00618	0.00590	0.00723	0.00455	0.00443	0.00873	0.01329	0.01803	0.56907	0.04045	0.27029	0.01092	0.00588	0.00160	0.00240	0.00947	0.00523	0.00455
4	0.00605	0.00441	0.00571	0.00675	0.00718	0.00406	0.00454	0.00696	0.00972	0.01280	0.02977	0.74447	0.10859	0.01532	0.00632	0.00199	0.00286	0.01381	0.00463	0.00406
5	0.86003	0.00964	0.00733	0.00655	0.00964	0.01118	0.00540	0.01465	0.00848	0.02236	0.00694	0.00810	0.00540	0.00463	0.00308	0.00154	0.00386	0.00270	0.00308	0.00540
6	0.50342	0.00915	0.00913	0.00754	0.01095	0.00954	0.00622	0.01876	0.01094	0.35222	0.01236	0.01187	0.00835	0.00528	0.00391	0.00154	0.00402	0.00368	0.00440	0.00671
7	0.86003	0.00964	0.00733	0.00655	0.00964	0.01118	0.00540	0.01465	0.00848	0.02236	0.00694	0.00810	0.00540	0.00463	0.00308	0.00154	0.00386	0.00270	0.00308	0.00540
8	0.00626	0.00487	0.00574	0.00621	0.00730	0.00434	0.00456	0.00759	0.01101	0.01399	0.11404	0.31971	0.38206	0.01354	0.00614	0.00185	0.00282	0.07905	0.00471	0.00424
9	0.16909	0.01319	0.01360	0.01059	0.01442	0.01469	0.00875	0.64101	0.02077	0.02980	0.01107	0.01128	0.00793	0.00574	0.00465	0.00150	0.00519	0.00417	0.00465	0.00793
10	0.86003	0.00964	0.00733	0.00655	0.00964	0.01118	0.00540	0.01465	0.00848	0.02236	0.00694	0.00810	0.00540	0.00463	0.00308	0.00154	0.00386	0.00270	0.00308	0.00540
11	0.00607	0.00434	0.00578	0.00694	0.00723	0.00405	0.00463	0.00694	0.00954	0.01272	0.02747	0.82157	0.03297	0.01562	0.00636	0.00202	0.00289	0.01417	0.00463	0.00405
12	0.01973	0.01271	0.01418	0.01087	0.01483	0.01360	0.00898	0.60512	0.02134	0.20636	0.01373	0.01311	0.00936	0.00603	0.00499	0.00151	0.00520	0.00461	0.00526	0.00848
13	0.02199	0.00857	0.01156	0.00892	0.01273	0.00752	0.00735	0.02437	0.04335	0.76788	0.01969	0.01703	0.01245	0.00619	0.00501	0.00155	0.00423	0.00504	0.00613	0.00846
14	0.56162	0.00860	0.00794	0.00708	0.00989	0.00932	0.00567	0.01542	0.00981	0.17676	0.01262	0.13363	0.01099	0.00661	0.00397	0.00162	0.00379	0.00491	0.00394	0.00581
15	0.00791	0.00648	0.00943	0.00898	0.00965	0.00806	0.00709	0.00949	0.00791	0.01159	0.01202	0.01823	0.01143	0.05847	0.61467	0.00669	0.17953	0.00520	0.00258	0.00461
16	0.00712	0.00534	0.00801	0.00801	0.00890	0.00623	0.00623	0.00890	0.00801	0.01157	0.01335	0.01958	0.01246	0.03738	0.80507	0.00801	0.01335	0.00534	0.00267	0.00445
17	0.00635	0.00453	0.00605	0.00717	0.00755	0.00428	0.00499	0.00736	0.00970	0.01289	0.02696	0.70213	0.03196	0.04183	0.00705	0.00215	0.00316	0.10525	0.00457	0.00408
18	0.00719	0.00546	0.00687	0.02901	0.00877	0.00555	0.00531	0.01014	0.12750	0.01403	0.04405	0.62956	0.02936	0.04363	0.00682	0.00206	0.00321	0.01223	0.00459	0.00465
19	0.00992	0.00945	0.01654	0.40049	0.22399	0.01038	0.09861	0.01287	0.01046	0.01401	0.01196	0.13602	0.01107	0.00637	0.00528	0.00167	0.00609	0.00608	0.00268	0.00605
20	0.01058	0.01005	0.01705	0.50184	0.33625	0.01138	0.01442	0.01375	0.01052	0.01415	0.00906	0.01291	0.00714	0.00477	0.00496	0.00159	0.00636	0.00443	0.00232	0.00647
21	0.08835	0.00768	0.01057	0.00889	0.01062	0.00790	0.12185	0.01317	0.12187	0.06205	0.01488	0.02402	0.01438	0.42962	0.04077	0.00349	0.00539	0.00619	0.00343	0.00490

[dist]
# distance from previous block
# <min> <max>
0	2

[block]
# block no. 1 follows, 50 sequences, length 22
# corresponding to MSA columns:
# 1886-1907
name=unknown_B
#
# <colnr> <probs for GDERKNQSTAVLIFYWHMCP>
#	G	D	E	R	K	N	Q	S	T	A	V	L	I	F	Y	W	H	M	C	P
0	0.45735	0.00990	0.00915	0.00817	0.02400	0.02716	0.00642	0.04039	0.16198	0.07266	0.01302	0.01328	0.04697	0.00563	0.00415	0.00153	0.01931	0.00399	0.01762	0.05731
1	0.01228	0.01000	0.01439	0.01666	0.26861	0.03338	0.05508	0.10209	0.05146	0.08118	0.01500	0.17554	0.01402	0.00990	0.07365	0.00213	0.00579	0.00655	0.00367	0.04859
2	0.01078	0.00965	0.01318	0.01236	0.15491	0.00792	0.04987	0.01324	0.01060	0.01623	0.00902	0.01087	0.00749	0.00386	0.00404	0.00093	0.00436	0.00338	0.00284	0.65448
3	0.01008	0.00622	0.00763	0.00722	0.00901	0.00566	0.00530	0.01235	0.07195	0.15975	0.02644	0.36149	0.14164	0.05540	0.00669	0.00187	0.00336	0.00968	0.00469	0.09355
4	0.01294	0.00977	0.01191	0.01248	0.13288	0.01046	0.00843	0.02183	0.44633	0.12912	0.06738	0.02093	0.07941	0.00701	0.00516	0.00163	0.00408	0.00597	0.00481	0.00748
5	0.00600	0.00487	0.00533	0.00561	0.00690	0.00419	0.00406	0.00723	0.01105	0.01364	0.08653	0.24804	0.55265	0.01326	0.00601	0.00177	0.00261	0.01138	0.00468	0.00419
6	0.00717	0.00515	0.00704	0.00704	0.00759	0.00570	0.00502	0.00828	0.00772	0.01085	0.01424	0.02451	0.01460	0.33513	0.51025	0.00681	0.01013	0.00606	0.00280	0.00391
7	0.01000	0.02578	0.79900	0.01421	0.02157	0.01158	0.01842	0.01579	0.01052	0.01579	0.00895	0.01052	0.00631	0.00474	0.00474	0.00158	0.00737	0.00368	0.00210	0.00737
8	0.02203	0.00902	0.01190	0.00912	0.01299	0.00813	0.00754	0.09838	0.01517	0.72182	0.01891	0.01647	0.01196	0.00615	0.00501	0.00154	0.00436	0.00496	0.00605	0.00848
9	0.08702	0.01277	0.01351	0.01071	0.01440	0.01420	0.00876	0.54398	0.16223	0.06129	0.01342	0.01308	0.00963	0.00602	0.00485	0.00154	0.00501	0.00457	0.00490	0.00812
10	0.01478	0.14952	0.04316	0.01042	0.01408	0.22620	0.00877	0.16619	0.01377	0.01715	0.00872	0.00995	0.00709	0.00495	0.00484	0.00120	0.05193	0.00338	0.00304	0.24084
11	0.00941	0.00886	0.01495	0.81285	0.03433	0.01107	0.01384	0.01274	0.00997	0.01274	0.00886	0.01329	0.00664	0.00498	0.00498	0.00166	0.00664	0.00443	0.00221	0.00554
12	0.00660	0.00489	0.00600	0.00607	0.00704	0.00446	0.00432	0.00816	0.01182	0.01594	0.38466	0.21095	0.20371	0.09323	0.00793	0.00202	0.00276	0.01030	0.00486	0.00428
13	0.86003	0.00964	0.00733	0.00655	0.00964	0.01118	0.00540	0.01465	0.00848	0.02236	0.00694	0.00810	0.00540	0.00463	0.00308	0.00154	0.00386	0.00270	0.00308	0.00540
14	0.86003	0.00964	0.00733	0.00655	0.00964	0.01118	0.00540	0.01465	0.00848	0.02236	0.00694	0.00810	0.00540	0.00463	0.00308	0.00154	0.00386	0.00270	0.00308	0.00540
15	0.00866	0.00433	0.00649	0.00649	0.00649	0.00433	0.00433	0.00649	0.00649	0.00866	0.00866	0.01515	0.00866	0.01732	0.01948	0.85498	0.00433	0.00433	0.00216	0.00216
16	0.00614	0.00506	0.00539	0.00531	0.00688	0.00431	0.00398	0.00763	0.01194	0.01485	0.20727	0.04570	0.63407	0.01211	0.00589	0.00166	0.00249	0.01020	0.00481	0.00431
17	0.01018	0.00982	0.01717	0.59439	0.18255	0.01135	0.07674	0.01350	0.01039	0.01370	0.00906	0.01312	0.00697	0.00481	0.00505	0.00163	0.00665	0.00455	0.00229	0.00610
18	0.01556	0.01228	0.01305	0.01078	0.01417	0.01388	0.00866	0.38919	0.41687	0.02595	0.01627	0.01539	0.01196	0.00639	0.00503	0.00160	0.00469	0.00508	0.00503	0.00817
19	0.01220	0.13630	0.50440	0.01280	0.01875	0.07835	0.01483	0.09259	0.05455	0.01676	0.00948	0.01063	0.00704	0.00494	0.00454	0.00148	0.00684	0.00369	0.00260	0.00724
20	0.02430	0.02467	0.01429	0.33508	0.14530	0.15802	0.01132	0.03061	0.02225	0.03706	0.00984	0.01342	0.00801	0.02562	0.07159	0.03644	0.00713	0.00432	0.01488	0.00586
21	0.01063	0.05104	0.01311	0.16445	0.01570	0.05499	0.00921	0.03589	0.00940	0.01313	0.00944	0.01466	0.00876	0.11004	0.05195	0.00241	0.29729	0.00454	0.04828	0.07508

[dist]
# distance from previous block
# <min> <max>
0	1

[block]
# block no. 2 follows, 50 sequences, length 34
# corresponding to MSA columns:
# 1909-1931,1944-1954
name=unknown_C
#
# <colnr> <probs for GDERKNQSTAVLIFYWHMCP>
#	G	D	E	R	K	N	Q	S	T	A	V	L	I	F	Y	W	H	M	C	P
0	0.06960	0.13320	0.01744	0.08835	0.34935	0.04118	0.04094	0.01417	0.01072	0.03260	0.01122	0.10748	0.01053	0.01866	0.00502	0.00153	0.00548	0.00522	0.00281	0.03449
1	0.04242	0.57436	0.13314	0.01229	0.12129	0.01720	0.01074	0.01509	0.01029	0.01330	0.00755	0.00895	0.00656	0.00437	0.00365	0.00121	0.00565	0.00305	0.00221	0.00670
2	0.01180	0.07143	0.04472	0.24134	0.24963	0.05653	0.03044	0.02759	0.09970	0.01500	0.00995	0.01262	0.00799	0.00538	0.00607	0.00160	0.09445	0.00438	0.00267	0.00671
3	0.55476	0.11725	0.01138	0.00818	0.01140	0.14393	0.00678	0.06756	0.01065	0.01993	0.00741	0.00850	0.00591	0.00476	0.00346	0.00144	0.00501	0.00290	0.00301	0.00580
4	0.00707	0.00496	0.00592	0.00588	0.00632	0.00496	0.00377	0.00773	0.00858	0.01153	0.10809	0.03279	0.10049	0.52996	0.13729	0.00461	0.00558	0.00751	0.00342	0.00355
5	0.00667	0.00527	0.00659	0.06103	0.00910	0.00496	0.00510	0.00845	0.01185	0.01556	0.30479	0.13399	0.32986	0.01288	0.04647	0.00201	0.00337	0.02290	0.00467	0.00447
6	0.00725	0.00483	0.00544	0.00544	0.00544	0.00483	0.00302	0.00725	0.00725	0.00966	0.01571	0.03262	0.01812	0.82483	0.02537	0.00483	0.00483	0.00725	0.00302	0.00302
7	0.01000	0.02578	0.79900	0.01421	0.02157	0.01158	0.01842	0.01579	0.01052	0.01579	0.00895	0.01052	0.00631	0.00474	0.00474	0.00158	0.00737	0.00368	0.00210	0.00737
8	0.07511	0.01056	0.01200	0.00973	0.01313	0.01109	0.00794	0.29300	0.14056	0.26690	0.04357	0.03450	0.01330	0.00676	0.00502	0.00159	0.00453	0.03769	0.00523	0.00778
9	0.86003	0.00964	0.00733	0.00655	0.00964	0.01118	0.00540	0.01465	0.00848	0.02236	0.00694	0.00810	0.00540	0.00463	0.00308	0.00154	0.00386	0.00270	0.00308	0.00540
10	0.01095	0.00884	0.01040	0.00746	0.01186	0.00668	0.00598	0.01315	0.01054	0.05589	0.00941	0.01067	0.00763	0.00382	0.00376	0.00078	0.00372	0.00306	0.00312	0.81231
11	0.00949	0.00896	0.01497	0.77225	0.03325	0.01129	0.01369	0.01270	0.00985	0.01270	0.00874	0.01317	0.00664	0.00517	0.00556	0.00169	0.04772	0.00443	0.00221	0.00553
12	0.01315	0.01108	0.01169	0.01030	0.01325	0.01275	0.00807	0.11278	0.69720	0.02207	0.01933	0.01783	0.01444	0.00667	0.00506	0.00167	0.00412	0.00550	0.00506	0.00796
13	0.00592	0.00492	0.00518	0.00540	0.00682	0.00418	0.00394	0.00711	0.01103	0.01333	0.04628	0.18968	0.65273	0.01317	0.00598	0.00175	0.00259	0.01119	0.00463	0.00418
14	0.00941	0.00886	0.01495	0.81285	0.03433	0.01107	0.01384	0.01274	0.00997	0.01274	0.00886	0.01329	0.00664	0.00498	0.00498	0.00166	0.00664	0.00443	0.00221	0.00554
15	0.01034	0.00886	0.01034	0.00738	0.01181	0.00664	0.00591	0.01255	0.01034	0.01624	0.00886	0.01034	0.00738	0.00369	0.00369	0.00074	0.00369	0.00295	0.00295	0.85530
16	0.01158	0.01096	0.01573	0.07922	0.36689	0.06442	0.05005	0.05998	0.05544	0.01737	0.15225	0.01918	0.06275	0.00626	0.00519	0.00153	0.00533	0.00569	0.00342	0.00675
17	0.86003	0.00964	0.00733	0.00655	0.00964	0.01118	0.00540	0.01465	0.00848	0.02236	0.00694	0.00810	0.00540	0.00463	0.00308	0.00154	0.00386	0.00270	0.00308	0.00540
18	0.00862	0.06251	0.02061	0.00690	0.00927	0.00626	0.00549	0.01046	0.01144	0.04608	0.20636	0.16938	0.16092	0.00933	0.00518	0.00143	0.00323	0.02492	0.00425	0.22734
19	0.01725	0.00996	0.01364	0.01127	0.06714	0.03613	0.07789	0.04090	0.01304	0.41319	0.01454	0.01412	0.00995	0.00516	0.00471	0.00132	0.00479	0.00442	0.00456	0.23601
20	0.58374	0.00926	0.00872	0.00732	0.01066	0.00991	0.00603	0.01783	0.01039	0.27793	0.01114	0.01102	0.00769	0.00514	0.00372	0.00154	0.00398	0.00346	0.00410	0.00642
21	0.03311	0.00945	0.01120	0.06532	0.01365	0.05820	0.00761	0.11239	0.01422	0.44090	0.01978	0.11666	0.06001	0.00752	0.00516	0.00160	0.00459	0.00621	0.00518	0.00725
22	0.01846	0.02213	0.01381	0.01246	0.01511	0.71343	0.00940	0.02054	0.06011	0.05613	0.00912	0.01000	0.00727	0.00529	0.00456	0.00132	0.00843	0.00345	0.00292	0.00605
23	0.01240	0.01071	0.01127	0.01014	0.01296	0.01240	0.00789	0.02649	0.78473	0.02085	0.02029	0.01860	0.01522	0.00676	0.00507	0.00169	0.00394	0.00564	0.00507	0.00789
24	0.00615	0.00439	0.00587	0.00703	0.00735	0.00411	0.00476	0.00707	0.00962	0.01281	0.02743	0.79261	0.03281	0.01555	0.00638	0.00203	0.00296	0.04240	0.00463	0.00407
25	0.01098	0.06689	0.57641	0.01524	0.03663	0.01206	0.15244	0.01606	0.01087	0.04300	0.00942	0.01117	0.00678	0.00466	0.00487	0.00157	0.00730	0.00408	0.00233	0.00725
26	0.00630	0.00453	0.00603	0.00714	0.00758	0.00426	0.00500	0.00736	0.00984	0.01302	0.02821	0.70030	0.06117	0.01528	0.00641	0.00204	0.00308	0.10370	0.00462	0.00412
27	0.00650	0.00503	0.00556	0.00553	0.00699	0.00441	0.00417	0.00813	0.01194	0.01550	0.23548	0.07062	0.49732	0.01168	0.00577	0.00165	0.00255	0.03413	0.06268	0.00437
28	0.02906	0.09547	0.71402	0.01354	0.02054	0.01228	0.01727	0.01569	0.01044	0.01558	0.00872	0.01025	0.00630	0.00469	0.00456	0.00153	0.00711	0.00357	0.00213	0.00724
29	0.01197	0.29434	0.33702	0.01398	0.06468	0.05843	0.10573	0.01563	0.01072	0.01418	0.00830	0.01005	0.00660	0.00461	0.00461	0.00141	0.02501	0.00364	0.00221	0.00686
30	0.00613	0.00444	0.00580	0.00676	0.00721	0.00411	0.00458	0.00713	0.01000	0.01330	0.08427	0.71208	0.08574	0.01502	0.00629	0.00197	0.00283	0.01355	0.00469	0.00411
31	0.38968	0.02623	0.01609	0.01532	0.16637	0.06945	0.18672	0.01536	0.01021	0.01837	0.00818	0.01033	0.00652	0.00468	0.00471	0.00156	0.03733	0.00388	0.00274	0.00624
32	0.00612	0.00447	0.00577	0.00676	0.00725	0.00412	0.00461	0.00710	0.00990	0.01302	0.04735	0.69712	0.12042	0.01511	0.00631	0.00198	0.00288	0.03097	0.00465	0.00409
33	0.04288	0.07297	0.21865	0.00984	0.01468	0.00984	0.00987	0.01756	0.09989	0.17088	0.01212	0.01239	0.00884	0.00488	0.00433	0.00128	0.00492	0.00383	0.00355	0.27680

[dist]
# distance from previous block
# <min> <max>
0	2

[block]
# block no. 3 follows, 50 sequences, length 128
# corresponding to MSA columns:
# 1957,1959-1972,1981-2000,2011-2045,2049-2069,2080-2096,2100-2119
name=unknown_D
#
# <colnr> <probs for GDERKNQSTAVLIFYWHMCP>
#	G	D	E	R	K	N	Q	S	T	A	V	L	I	F	Y	W	H	M	C	P
0	0.00687	0.00526	0.00632	0.00607	0.00742	0.00481	0.00454	0.00927	0.04078	0.01784	0.51790	0.06469	0.26795	0.01097	0.00587	0.00162	0.00248	0.00951	0.00519	0.00465
1	0.00975	0.09195	0.12551	0.02964	0.11973	0.02174	0.00977	0.01357	0.09481	0.01491	0.09669	0.08501	0.01560	0.01422	0.19268	0.00309	0.04633	0.00579	0.00320	0.00599
2	0.03459	0.01023	0.01159	0.00857	0.01281	0.00918	0.00696	0.21976	0.01410	0.07495	0.01040	0.01118	0.00797	0.00451	0.00412	0.00102	0.00422	0.00350	0.00373	0.54661
3	0.00604	0.00506	0.00526	0.00521	0.00682	0.00427	0.00390	0.00744	0.01171	0.01430	0.14499	0.04660	0.69670	0.01231	0.00589	0.00167	0.00250	0.01033	0.00474	0.00427
4	0.01221	0.01033	0.01408	0.18335	0.17700	0.02435	0.01053	0.15176	0.07172	0.03567	0.01216	0.07085	0.01047	0.02985	0.03560	0.00188	0.05272	0.00518	0.00336	0.08693
5	0.01590	0.01214	0.01520	0.24017	0.07718	0.01363	0.01105	0.47481	0.01837	0.05564	0.01120	0.01257	0.00807	0.00560	0.00498	0.00154	0.00580	0.00449	0.00406	0.00760
6	0.08785	0.01419	0.01268	0.01063	0.01365	0.18256	0.00839	0.34802	0.14619	0.02250	0.01170	0.01243	0.00892	0.00694	0.00617	0.08626	0.00572	0.00424	0.00404	0.00691
7	0.01139	0.01131	0.01666	0.01379	0.01449	0.01501	0.08679	0.05029	0.00883	0.01335	0.00716	0.01121	0.00674	0.00814	0.01475	0.00210	0.69538	0.00452	0.00235	0.00573
8	0.00979	0.00714	0.00853	0.00737	0.00969	0.00675	0.00570	0.01434	0.16519	0.07691	0.39852	0.02768	0.07056	0.00815	0.00525	0.00144	0.00306	0.00702	0.00494	0.16197
9	0.02236	0.00848	0.01157	0.00887	0.01272	0.00733	0.00733	0.02429	0.01427	0.79719	0.01966	0.01697	0.01234	0.00617	0.00501	0.00154	0.00424	0.00501	0.00617	0.00848
10	0.02236	0.00848	0.01157	0.00887	0.01272	0.00733	0.00733	0.02429	0.01427	0.79719	0.01966	0.01697	0.01234	0.00617	0.00501	0.00154	0.00424	0.00501	0.00617	0.00848
11	0.01079	0.01056	0.01881	0.42227	0.30933	0.01156	0.11650	0.01410	0.01071	0.01446	0.00921	0.01296	0.00722	0.00468	0.00509	0.00160	0.00662	0.00463	0.00235	0.00655
12	0.01816	0.02302	0.01417	0.05247	0.01635	0.76550	0.00984	0.01955	0.01392	0.01223	0.00776	0.00920	0.00643	0.00513	0.00452	0.00130	0.00887	0.00327	0.00255	0.00577
13	0.00941	0.00886	0.01495	0.81285	0.03433	0.01107	0.01384	0.01274	0.00997	0.01274	0.00886	0.01329	0.00664	0.00498	0.00498	0.00166	0.00664	0.00443	0.00221	0.00554
14	0.00751	0.00536	0.00743	0.00858	0.00950	0.00528	0.00712	0.00942	0.01096	0.01433	0.02668	0.26137	0.02983	0.01426	0.00674	0.00222	0.00413	0.56022	0.00460	0.00444
15	0.00603	0.00478	0.00543	0.00585	0.00697	0.00417	0.00417	0.00720	0.01082	0.01356	0.08459	0.34766	0.45389	0.01364	0.00607	0.00181	0.00266	0.01185	0.00468	0.00417
16	0.00844	0.00557	0.00819	0.00796	0.00906	0.00624	0.00617	0.01010	0.00848	0.07785	0.01387	0.01973	0.01257	0.06167	0.69494	0.02401	0.01211	0.00536	0.00297	0.00470
17	0.02031	0.00803	0.01091	0.00852	0.01202	0.00697	0.00697	0.02230	0.01425	0.69299	0.12308	0.01968	0.01699	0.00671	0.00513	0.00155	0.00399	0.00555	0.00608	0.00798
18	0.01330	0.01367	0.01929	0.02787	0.67408	0.13374	0.01443	0.01601	0.01178	0.01566	0.00912	0.01182	0.00767	0.00455	0.00487	0.00145	0.00639	0.00425	0.00248	0.00757
19	0.69835	0.01235	0.00863	0.00776	0.01075	0.16369	0.00621	0.01566	0.00957	0.02041	0.00709	0.00827	0.00559	0.00472	0.00336	0.00149	0.00484	0.00280	0.00299	0.00547
20	0.01152	0.01517	0.16776	0.04404	0.22270	0.01218	0.42045	0.01567	0.01138	0.01593	0.00966	0.01262	0.00739	0.00438	0.00540	0.00161	0.00753	0.00507	0.00242	0.00711
21	0.00617	0.00443	0.00586	0.00683	0.00724	0.00412	0.00462	0.00721	0.01006	0.01351	0.10924	0.72356	0.04866	0.01498	0.00630	0.00197	0.00283	0.01355	0.00472	0.00412
22	0.01163	0.01001	0.00793	0.00749	0.00894	0.21451	0.00569	0.01357	0.01107	0.01599	0.01330	0.01578	0.01078	0.00845	0.07214	0.00182	0.04529	0.00432	0.51633	0.00497
23	0.00742	0.00543	0.00729	0.00802	0.00911	0.00511	0.00637	0.00916	0.01076	0.01443	0.06321	0.34739	0.02945	0.01345	0.00636	0.00202	0.00375	0.37046	0.00451	0.07630
24	0.00622	0.00444	0.00595	0.00711	0.00746	0.00418	0.00488	0.00720	0.00969	0.01289	0.02739	0.76399	0.03264	0.01548	0.00640	0.00204	0.00302	0.07030	0.00462	0.00409
25	0.01034	0.00886	0.01034	0.00738	0.01181	0.00664	0.00591	0.01255	0.01034	0.01624	0.00886	0.01034	0.00738	0.00369	0.00369	0.00074	0.00369	0.00295	0.00295	0.85530
26	0.01899	0.02089	0.01404	0.01228	0.01519	0.61023	0.00941	0.14227	0.01564	0.08165	0.00940	0.01014	0.00725	0.00536	0.00462	0.00134	0.00802	0.00357	0.00326	0.00644
27	0.06657	0.06725	0.01514	0.01116	0.01495	0.11011	0.00920	0.59378	0.02061	0.02733	0.01085	0.01113	0.00792	0.00569	0.00470	0.00145	0.00580	0.00412	0.00440	0.00784
28	0.00763	0.00574	0.00720	0.00706	0.00865	0.00487	0.00503	0.00892	0.00991	0.02965	0.02247	0.55311	0.04264	0.01191	0.00555	0.00164	0.00314	0.01066	0.00417	0.25005
29	0.29447	0.01057	0.01334	0.05490	0.27642	0.01145	0.00983	0.14770	0.01204	0.02011	0.00930	0.01209	0.00762	0.00609	0.00560	0.07368	0.00503	0.02013	0.00312	0.00650
30	0.78838	0.00983	0.00842	0.00859	0.07592	0.01124	0.00623	0.01471	0.00873	0.02185	0.00715	0.00846	0.00561	0.00461	0.00324	0.00154	0.00403	0.00285	0.00303	0.00561
31	0.00709	0.00489	0.00599	0.00632	0.00726	0.00442	0.00442	0.00827	0.01077	0.05254	0.15366	0.39240	0.22691	0.08192	0.00770	0.00208	0.00294	0.01138	0.00470	0.00433
32	0.00683	0.00472	0.00562	0.00599	0.00623	0.00458	0.00372	0.00728	0.00847	0.01122	0.04284	0.27514	0.06623	0.49068	0.01750	0.00365	0.00404	0.02807	0.00371	0.00348
33	0.22238	0.01073	0.01590	0.10799	0.38920	0.01126	0.04845	0.01599	0.03366	0.08435	0.00995	0.01203	0.00772	0.00475	0.00454	0.00154	0.00541	0.00416	0.00299	0.00701
34	0.01128	0.00970	0.01152	0.01208	0.11649	0.01073	0.00822	0.02145	0.52158	0.02006	0.17834	0.02161	0.02082	0.00716	0.00522	0.00164	0.00388	0.00617	0.00481	0.00723
35	0.00755	0.00627	0.00916	0.06591	0.08080	0.00601	0.04442	0.00963	0.01196	0.01608	0.30431	0.17244	0.19229	0.01063	0.00586	0.00171	0.00350	0.04207	0.00447	0.00492
36	0.01043	0.00934	0.02855	0.00768	0.01209	0.00704	0.00629	0.01332	0.04870	0.01646	0.00943	0.01075	0.00775	0.00387	0.00378	0.00080	0.00379	0.00310	0.00304	0.79379
37	0.01034	0.00886	0.01034	0.00738	0.01181	0.00664	0.00591	0.01255	0.01034	0.01624	0.00886	0.01034	0.00738	0.00369	0.00369	0.00074	0.00369	0.00295	0.00295	0.85530
38	0.00725	0.00483	0.00544	0.00544	0.00544	0.00483	0.00302	0.00725	0.00725	0.00966	0.01571	0.03262	0.01812	0.82483	0.02537	0.00483	0.00483	0.00725	0.00302	0.00302
39	0.01484	0.01192	0.01265	0.01064	0.01389	0.01354	0.00848	0.30682	0.50041	0.02480	0.01718	0.01612	0.01270	0.00647	0.00504	0.00162	0.00452	0.00521	0.00504	0.00811
40	0.01218	0.01188	0.02094	0.08040	0.63494	0.01195	0.11001	0.02808	0.01151	0.01627	0.00947	0.01253	0.00778	0.00447	0.00506	0.00152	0.00627	0.00462	0.00250	0.00760
41	0.01034	0.00886	0.01034	0.00738	0.01181	0.00664	0.00591	0.01255	0.01034	0.01624	0.00886	0.01034	0.00738	0.00369	0.00369	0.00074	0.00369	0.00295	0.00295	0.85530
42	0.00607	0.00434	0.00578	0.00694	0.00723	0.00405	0.00463	0.00694	0.00954	0.01272	0.02747	0.82157	0.03297	0.01562	0.00636	0.00202	0.00289	0.01417	0.00463	0.00405
43	0.00761	0.00537	0.00718	0.00707	0.00819	0.00563	0.00536	0.00907	0.00909	0.04974	0.02294	0.02859	0.19542	0.12592	0.46470	0.00569	0.00912	0.02550	0.00339	0.00442
44	0.01192	0.00883	0.01208	0.09668	0.16880	0.00935	0.00884	0.12718	0.06651	0.08256	0.02750	0.02222	0.01369	0.20843	0.05661	0.00278	0.00566	0.06059	0.00366	0.00610
45	0.02131	0.00898	0.01334	0.01007	0.01405	0.00785	0.08364	0.02346	0.01402	0.71959	0.01871	0.01662	0.01186	0.00597	0.00510	0.00156	0.00465	0.00510	0.00581	0.00831
46	0.11387	0.00604	0.00696	0.00671	0.00845	0.00566	0.00500	0.01150	0.01102	0.16906	0.07005	0.30041	0.22610	0.02875	0.00595	0.00182	0.00319	0.00957	0.00475	0.00514
47	0.00852	0.00565	0.00734	0.00830	0.06852	0.00540	0.00512	0.00959	0.02591	0.07842	0.02318	0.30470	0.10228	0.28838	0.01284	0.02403	0.00392	0.00948	0.00399	0.00443
48	0.01116	0.01131	0.01708	0.24934	0.12367	0.05224	0.08817	0.01377	0.02793	0.01339	0.00833	0.01213	0.00705	0.00640	0.00964	0.00183	0.33370	0.00452	0.00235	0.00600
49	0.01343	0.81177	0.02588	0.00861	0.01285	0.03540	0.00855	0.01502	0.01021	0.01174	0.00695	0.00802	0.00640	0.00428	0.00322	0.00107	0.00540	0.00268	0.00214	0.00638
50	0.00618	0.00450	0.00590	0.00682	0.00727	0.00427	0.00464	0.00713	0.00951	0.01261	0.02804	0.66076	0.10000	0.04023	0.07437	0.00258	0.00380	0.01289	0.00442	0.00407
51	0.00924	0.00756	0.01074	0.07476	0.13467	0.00777	0.03499	0.06140	0.06573	0.01620	0.17500	0.15990	0.04912	0.14912	0.00899	0.00222	0.00434	0.01888	0.00397	0.00540
52	0.04144	0.01097	0.01181	0.00977	0.01315	0.07718	0.00782	0.07939	0.28002	0.38627	0.01796	0.01624	0.01236	0.00623	0.00493	0.00157	0.00462	0.00497	0.00532	0.00796
53	0.54071	0.02228	0.02250	0.00878	0.04728	0.01089	0.01801	0.08054	0.01083	0.11308	0.00922	0.00997	0.00682	0.00483	0.00368	0.00146	0.00427	0.00329	0.00353	0.07804
54	0.04176	0.01069	0.01520	0.23043	0.14082	0.01162	0.05512	0.23315	0.01417	0.03894	0.02851	0.01358	0.00899	0.00794	0.07253	0.00206	0.00643	0.00458	0.00336	0.06014
55	0.01442	0.01190	0.01564	0.01805	0.29998	0.01276	0.01120	0.29806	0.15478	0.02257	0.01373	0.01703	0.01118	0.00622	0.00514	0.00159	0.00529	0.06855	0.00404	0.00783
56	0.08334	0.01116	0.04349	0.06431	0.49949	0.01084	0.01260	0.05191	0.01152	0.01720	0.03712	0.07282	0.01076	0.00556	0.00485	0.00151	0.00536	0.00508	0.00291	0.04818
57	0.01252	0.00900	0.04927	0.01070	0.09858	0.02146	0.00772	0.02970	0.13556	0.20958	0.11504	0.10407	0.15860	0.00856	0.00538	0.00163	0.00397	0.00732	0.00478	0.00656
58	0.01253	0.01074	0.01611	0.02069	0.44831	0.01019	0.01144	0.06481	0.02536	0.05631	0.03779	0.01298	0.00953	0.00467	0.00464	0.00129	0.00504	0.00425	0.00310	0.24023
59	0.00806	0.02578	0.00772	0.00790	0.00862	0.09074	0.00568	0.00912	0.00982	0.01243	0.02194	0.48671	0.02530	0.08854	0.08406	0.00277	0.02241	0.07412	0.00396	0.00431
60	0.15357	0.05123	0.28026	0.01206	0.03961	0.06579	0.05086	0.09426	0.03602	0.11385	0.01048	0.01129	0.00757	0.00500	0.00446	0.00148	0.00596	0.00385	0.00325	0.04914
61	0.01333	0.82783	0.02612	0.00853	0.01279	0.01972	0.00853	0.01493	0.01013	0.01173	0.00693	0.00800	0.00640	0.00426	0.00320	0.00107	0.00533	0.00267	0.00213	0.00640
62	0.01028	0.09358	0.73367	0.01373	0.02083	0.01226	0.01758	0.01571	0.01049	0.01544	0.00877	0.01031	0.00632	0.00470	0.00461	0.00154	0.00719	0.00360	0.00211	0.00728
63	0.01904	0.01381	0.01487	0.01140	0.01538	0.01523	0.00941	0.75637	0.02318	0.05251	0.01218	0.01210	0.00858	0.00599	0.00499	0.00150	0.00545	0.00450	0.00502	0.00848
64	0.00700	0.00571	0.00636	0.00656	0.00820	0.00530	0.00524	0.00962	0.07676	0.01447	0.04164	0.04765	0.52658	0.01243	0.00608	0.00184	0.00318	0.20611	0.00466	0.00462
65	0.00712	0.00534	0.00801	0.00801	0.00890	0.00623	0.00623	0.00890	0.00801	0.01157	0.01335	0.01958	0.01246	0.03738	0.80507	0.00801	0.01335	0.00534	0.00267	0.00445
66	0.01760	0.20304	0.01740	0.01100	0.01484	0.13825	0.00928	0.48461	0.01893	0.02391	0.01015	0.01059	0.00768	0.00546	0.00450	0.00136	0.00599	0.00387	0.00396	0.00758
67	0.00725	0.00483	0.00544	0.00544	0.00544	0.00483	0.00302	0.00725	0.00725	0.00966	0.01571	0.03262	0.01812	0.82483	0.02537	0.00483	0.00483	0.00725	0.00302	0.00302
68	0.01177	0.00626	0.00809	0.00702	0.00911	0.00562	0.00548	0.01411	0.03003	0.25955	0.45187	0.03180	0.12064	0.00915	0.00560	0.00158	0.00299	0.00788	0.00559	0.00588
69	0.01124	0.02138	0.54286	0.01695	0.15159	0.02565	0.04633	0.03387	0.01105	0.03914	0.00931	0.01116	0.00687	0.00494	0.00540	0.00159	0.04696	0.00398	0.00238	0.00737
70	0.00941	0.00886	0.01495	0.81285	0.03433	0.01107	0.01384	0.01274	0.00997	0.01274	0.00886	0.01329	0.00664	0.00498	0.00498	0.00166	0.00664	0.00443	0.00221	0.00554
71	0.00941	0.00886	0.01495	0.81285	0.03433	0.01107	0.01384	0.01274	0.00997	0.01274	0.00886	0.01329	0.00664	0.00498	0.00498	0.00166	0.00664	0.00443	0.00221	0.00554
72	0.00725	0.00483	0.00544	0.00544	0.00544	0.00483	0.00302	0.00725	0.00725	0.00966	0.01571	0.03262	0.01812	0.82483	0.02537	0.00483	0.00483	0.00725	0.00302	0.00302
73	0.86003	0.00964	0.00733	0.00655	0.00964	0.01118	0.00540	0.01465	0.00848	0.02236	0.00694	0.00810	0.00540	0.00463	0.00308	0.00154	0.00386	0.00270	0.00308	0.00540
74	0.01364	0.01234	0.06348	0.02285	0.47395	0.01158	0.05090	0.07098	0.09341	0.09900	0.01177	0.01335	0.00904	0.00496	0.00497	0.00151	0.00566	0.00462	0.00330	0.02871
75	0.01000	0.02578	0.79900	0.01421	0.02157	0.01158	0.01842	0.01579	0.01052	0.01579	0.00895	0.01052	0.00631	0.00474	0.00474	0.00158	0.00737	0.00368	0.00210	0.00737
76	0.00593	0.00488	0.00523	0.00551	0.00685	0.00417	0.00399	0.00710	0.01092	0.01329	0.04495	0.23434	0.60892	0.01334	0.00600	0.00177	0.00261	0.01140	0.00463	0.00417
77	0.02236	0.00848	0.01157	0.00887	0.01272	0.00733	0.00733	0.02429	0.01427	0.79719	0.01966	0.01697	0.01234	0.00617	0.00501	0.00154	0.00424	0.00501	0.00617	0.00848
78	0.01340	0.65578	0.09030	0.00975	0.01414	0.08084	0.03216	0.01566	0.02613	0.01242	0.00752	0.00866	0.00660	0.00442	0.00355	0.00116	0.00586	0.00295	0.00224	0.00647
79	0.00712	0.00534	0.00801	0.00801	0.00890	0.00623	0.00623	0.00890	0.00801	0.01157	0.01335	0.01958	0.01246	0.03738	0.80507	0.00801	0.01335	0.00534	0.00267	0.00445
80	0.03795	0.00816	0.01099	0.00866	0.01220	0.00713	0.00706	0.02263	0.01375	0.71518	0.02007	0.08480	0.01394	0.00694	0.00509	0.00158	0.00412	0.00574	0.00598	0.00805
81	0.00626	0.00506	0.00556	0.00544	0.00696	0.00437	0.00408	0.00787	0.01224	0.01554	0.28633	0.04455	0.55458	0.01185	0.00589	0.00165	0.00247	0.01004	0.00490	0.00437
82	0.01895	0.01396	0.01496	0.01147	0.01546	0.01546	0.00947	0.77711	0.02344	0.03141	0.01197	0.01197	0.00848	0.00598	0.00499	0.00150	0.00548	0.00449	0.00499	0.00848
83	0.01390	0.00969	0.01136	0.00835	0.01261	0.00830	0.00677	0.14826	0.01330	0.15252	0.01125	0.01176	0.00842	0.00452	0.00414	0.00101	0.00410	0.00357	0.00386	0.56231
84	0.00782	0.00559	0.00777	0.00883	0.00991	0.00554	0.00757	0.01001	0.01147	0.01504	0.07091	0.11572	0.03009	0.01371	0.00678	0.00223	0.00433	0.65747	0.00464	0.00455
85	0.00594	0.00486	0.00524	0.00554	0.00686	0.00417	0.00401	0.00710	0.01089	0.01327	0.04448	0.25023	0.59333	0.01341	0.00601	0.00177	0.00262	0.01147	0.00463	0.00417
86	0.00929	0.00465	0.00465	0.00465	0.00581	0.00465	0.00348	0.01161	0.01045	0.01858	0.01626	0.01858	0.01278	0.00581	0.00348	0.00116	0.00232	0.00465	0.85250	0.00465
87	0.86003	0.00964	0.00733	0.00655	0.00964	0.01118	0.00540	0.01465	0.00848	0.02236	0.00694	0.00810	0.00540	0.00463	0.00308	0.00154	0.00386	0.00270	0.00308	0.00540
88	0.00589	0.00505	0.00505	0.00505	0.00673	0.00421	0.00379	0.00715	0.01136	0.01347	0.05049	0.04797	0.79171	0.01262	0.00589	0.00168	0.00252	0.01052	0.00463	0.00421
89	0.00929	0.00465	0.00465	0.00465	0.00581	0.00465	0.00348	0.01161	0.01045	0.01858	0.01626	0.01858	0.01278	0.00581	0.00348	0.00116	0.00232	0.00465	0.85250	0.00465
90	0.02236	0.00848	0.01157	0.00887	0.01272	0.00733	0.00733	0.02429	0.01427	0.79719	0.01966	0.01697	0.01234	0.00617	0.00501	0.00154	0.00424	0.00501	0.00617	0.00848
91	0.86003	0.00964	0.00733	0.00655	0.00964	0.01118	0.00540	0.01465	0.00848	0.02236	0.00694	0.00810	0.00540	0.00463	0.00308	0.00154	0.00386	0.00270	0.00308	0.00540
92	0.01435	0.67262	0.02380	0.00936	0.01330	0.17127	0.00874	0.01589	0.01090	0.01182	0.00708	0.00819	0.00640	0.00443	0.00345	0.00111	0.00604	0.00277	0.00222	0.00628
93	0.02236	0.00848	0.01157	0.00887	0.01272	0.00733	0.00733	0.02429	0.01427	0.79719	0.01966	0.01697	0.01234	0.00617	0.00501	0.00154	0.00424	0.00501	0.00617	0.00848
94	0.01157	0.01107	0.01880	0.22650	0.58680	0.01172	0.01484	0.01459	0.01092	0.01530	0.00919	0.01255	0.00755	0.00467	0.00519	0.00154	0.02311	0.00444	0.00240	0.00725
95	0.01054	0.03634	0.59626	0.01659	0.08741	0.01190	0.13968	0.01576	0.01079	0.01579	0.00913	0.01110	0.00665	0.00462	0.00491	0.00158	0.00738	0.00408	0.00220	0.00729
96	0.00589	0.00505	0.00505	0.00505	0.00673	0.00421	0.00379	0.00715	0.01136	0.01347	0.05049	0.04797	0.79171	0.01262	0.00589	0.00168	0.00252	0.01052	0.00463	0.00421
97	0.01895	0.01396	0.01496	0.01147	0.01546	0.01546	0.00947	0.77711	0.02344	0.03141	0.01197	0.01197	0.00848	0.00598	0.00499	0.00150	0.00548	0.00449	0.00499	0.00848
98	0.00705	0.00510	0.00666	0.00627	0.00745	0.00470	0.00470	0.00941	0.01411	0.01999	0.79110	0.03723	0.04703	0.01019	0.00588	0.00157	0.00235	0.00901	0.00549	0.00470
99	0.01078	0.01025	0.01742	0.44747	0.38903	0.01143	0.01452	0.01393	0.01061	0.01439	0.00910	0.01284	0.00723	0.00473	0.00496	0.00158	0.00631	0.00444	0.00233	0.00664
100	0.00725	0.00483	0.00544	0.00544	0.00544	0.00483	0.00302	0.00725	0.00725	0.00966	0.01571	0.03262	0.01812	0.82483	0.02537	0.00483	0.00483	0.00725	0.00302	0.00302
101	0.00607	0.00434	0.00578	0.00694	0.00723	0.00405	0.00463	0.00694	0.00954	0.01272	0.02747	0.82157	0.03297	0.01562	0.00636	0.00202	0.00289	0.01417	0.00463	0.00405
102	0.00799	0.00568	0.00788	0.00896	0.01004	0.00568	0.00774	0.01015	0.01123	0.01461	0.02577	0.05485	0.02807	0.06089	0.00796	0.00244	0.00460	0.71644	0.00450	0.00450
103	0.01302	0.08723	0.22740	0.02089	0.36989	0.16667	0.01445	0.01629	0.01157	0.01497	0.00873	0.01083	0.00706	0.00464	0.00465	0.00143	0.00685	0.00385	0.00236	0.00722
104	0.18741	0.42415	0.13814	0.00937	0.01380	0.01607	0.00949	0.10560	0.02770	0.01705	0.00812	0.00909	0.00661	0.00467	0.00366	0.00131	0.00533	0.00311	0.00272	0.00662
105	0.00633	0.00449	0.00581	0.00670	0.00720	0.00416	0.00460	0.00705	0.00962	0.01257	0.02926	0.61135	0.14334	0.01525	0.00742	0.07408	0.00302	0.03938	0.00442	0.00393
106	0.00725	0.00483	0.00544	0.00544	0.00544	0.00483	0.00302	0.00725	0.00725	0.00966	0.01571	0.03262	0.01812	0.82483	0.02537	0.00483	0.00483	0.00725	0.00302	0.00302
107	0.01074	0.05739	0.72872	0.01371	0.02078	0.01170	0.01747	0.01617	0.01069	0.05433	0.00939	0.01074	0.00662	0.00479	0.00469	0.00156	0.00713	0.00371	0.00231	0.00738
108	0.01276	0.01131	0.01660	0.16633	0.40190	0.06314	0.02430	0.01662	0.08521	0.08186	0.03325	0.01559	0.01048	0.00545	0.00505	0.00156	0.00582	0.03247	0.00315	0.00715
109	0.01000	0.02578	0.79900	0.01421	0.02157	0.01158	0.01842	0.01579	0.01052	0.01579	0.00895	0.01052	0.00631	0.00474	0.00474	0.00158	0.00737	0.00368	0.00210	0.00737
110	0.01176	0.01345	0.02941	0.02101	0.02605	0.01261	0.77563	0.01597	0.01176	0.01597	0.01008	0.01345	0.00756	0.00420	0.00588	0.00168	0.00840	0.00588	0.00252	0.00672
111	0.01178	0.01144	0.01970	0.16021	0.50564	0.01185	0.10698	0.01589	0.07654	0.01603	0.01030	0.01316	0.00826	0.00470	0.00507	0.00155	0.00618	0.00472	0.00265	0.00735
112	0.00845	0.00697	0.01012	0.00944	0.00996	0.00885	0.00750	0.00962	0.00774	0.01141	0.01077	0.01644	0.01024	0.02648	0.48176	0.09033	0.26198	0.00494	0.00247	0.00453
113	0.78923	0.00954	0.00768	0.00675	0.00990	0.01086	0.00556	0.01547	0.00897	0.08786	0.00802	0.00885	0.00598	0.00476	0.00325	0.00154	0.00389	0.00289	0.00335	0.00566
114	0.78839	0.00973	0.00766	0.00686	0.00992	0.01128	0.00561	0.01565	0.07410	0.02224	0.00807	0.00898	0.00623	0.00481	0.00325	0.00155	0.00386	0.00295	0.00325	0.00561
115	0.00694	0.00509	0.00650	0.00615	0.00738	0.00465	0.00461	0.00918	0.01384	0.01934	0.71754	0.03830	0.12100	0.01043	0.00588	0.00158	0.00237	0.00916	0.00540	0.00465
116	0.00679	0.00535	0.00619	0.00637	0.00764	0.00499	0.00467	0.00927	0.07679	0.01528	0.19561	0.26434	0.33570	0.01250	0.00598	0.00177	0.00276	0.02858	0.00484	0.00459
117	0.01173	0.01111	0.01880	0.02818	0.71405	0.01107	0.01422	0.01453	0.01132	0.01616	0.03638	0.06847	0.01090	0.00539	0.00506	0.00152	0.00560	0.00526	0.00271	0.00753
118	0.86003	0.00964	0.00733	0.00655	0.00964	0.01118	0.00540	0.01465	0.00848	0.02236	0.00694	0.00810	0.00540	0.00463	0.00308	0.00154	0.00386	0.00270	0.00308	0.00540
119	0.00922	0.00594	0.00746	0.00748	0.00878	0.00576	0.00559	0.04379	0.05659	0.10008	0.13443	0.33285	0.08271	0.06937	0.00738	0.00207	0.00346	0.10714	0.00484	0.00504
120	0.00654	0.00460	0.00594	0.00677	0.00716	0.00436	0.00461	0.00737	0.00949	0.01260	0.05552	0.54202	0.05968	0.14963	0.00990	0.02678	0.00336	0.07546	0.00432	0.00390
121	0.00964	0.00793	0.01288	0.01532	0.23925	0.00788	0.07354	0.01176	0.01037	0.05274	0.01850	0.13158	0.07910	0.06026	0.17420	0.00322	0.00673	0.07601	0.00339	0.00571
122	0.01575	0.01710	0.29769	0.01363	0.08298	0.01235	0.01282	0.30843	0.01618	0.15634	0.01198	0.01234	0.00831	0.00543	0.00490	0.00153	0.00599	0.00428	0.00394	0.00803
123	0.02726	0.00925	0.01423	0.31955	0.17553	0.00982	0.01123	0.04701	0.01231	0.23437	0.07820	0.01602	0.01195	0.00568	0.00503	0.00158	0.00538	0.00496	0.00377	0.00687
124	0.00699	0.00505	0.00669	0.00795	0.05253	0.00492	0.00493	0.00778	0.00894	0.01198	0.02198	0.43697	0.02567	0.29551	0.03008	0.00311	0.00407	0.05698	0.00390	0.00396
125	0.03579	0.03688	0.08503	0.04041	0.19162	0.10668	0.22411	0.01530	0.01127	0.05353	0.02460	0.01514	0.02287	0.08642	0.00738	0.00187	0.02684	0.00502	0.00279	0.00645
126	0.18125	0.11008	0.06926	0.01626	0.20131	0.17020	0.11311	0.01623	0.01133	0.03414	0.02777	0.01107	0.00785	0.00476	0.00442	0.00144	0.00636	0.00391	0.00271	0.00655
127	0.05412	0.01242	0.01560	0.23267	0.31623	0.15959	0.01228	0.01473	0.01116	0.01458	0.03229	0.01310	0.00871	0.00768	0.07244	0.00205	0.00711	0.00433	0.00256	0.00636

[dist]
# distance from previous block
# <min> <max>
3	15

[block]
# block no. 4 follows, 50 sequences, length 37
# corresponding to MSA columns:
# 2141-2177
name=unknown_E
#
# <colnr> <probs for GDERKNQSTAVLIFYWHMCP>
#	G	D	E	R	K	N	Q	S	T	A	V	L	I	F	Y	W	H	M	C	P
0	0.01223	0.10969	0.26382	0.02874	0.03086	0.03002	0.13815	0.07148	0.18779	0.03418	0.03618	0.01367	0.01013	0.00535	0.00489	0.00155	0.00617	0.00464	0.00326	0.00723
1	0.12778	0.05256	0.09050	0.04060	0.09290	0.04899	0.12004	0.06448	0.03953	0.17323	0.01144	0.01234	0.00831	0.00495	0.00460	0.00145	0.00563	0.00421	0.00354	0.09293
2	0.01096	0.01128	0.07409	0.01305	0.01634	0.05233	0.23993	0.07241	0.01259	0.03319	0.05311	0.06549	0.03706	0.00833	0.00584	0.00178	0.00596	0.23106	0.00369	0.05151
3	0.08397	0.01005	0.03516	0.02543	0.01281	0.00895	0.00708	0.08701	0.12701	0.07627	0.01170	0.01232	0.00895	0.00474	0.00412	0.00114	0.00409	0.00373	0.02816	0.44732
4	0.07527	0.03750	0.12391	0.07139	0.31630	0.04428	0.06285	0.10509	0.03423	0.06701	0.01027	0.01208	0.00784	0.00489	0.00478	0.00151	0.00607	0.00428	0.00304	0.00739
5	0.00658	0.00480	0.00652	0.00797	0.04276	0.00457	0.00512	0.00753	0.00949	0.01269	0.02539	0.66368	0.03008	0.09826	0.00828	0.00230	0.00332	0.05215	0.00436	0.00415
6	0.01243	0.00678	0.00902	0.00805	0.00996	0.00695	0.00623	0.01532	0.08996	0.25590	0.03880	0.02088	0.01445	0.12669	0.33669	0.00464	0.00795	0.00561	0.01781	0.00588
7	0.01425	0.06912	0.15803	0.01846	0.28580	0.02475	0.07524	0.03802	0.04203	0.18649	0.01234	0.03284	0.00934	0.00526	0.00491	0.00152	0.00587	0.00469	0.00341	0.00762
8	0.01061	0.01245	0.09776	0.37215	0.11230	0.01174	0.28141	0.01444	0.01080	0.01455	0.00935	0.01297	0.00707	0.00463	0.00527	0.00164	0.00725	0.00487	0.00234	0.00639
9	0.02196	0.00913	0.01197	0.00917	0.01305	0.00828	0.00758	0.11274	0.01534	0.70722	0.01876	0.01638	0.01188	0.00615	0.00501	0.00154	0.00439	0.00495	0.00603	0.00848
10	0.05101	0.00876	0.01402	0.04755	0.33519	0.00876	0.06073	0.01258	0.02623	0.01669	0.17810	0.16605	0.02081	0.00779	0.00534	0.00162	0.00459	0.00723	0.02077	0.00616
11	0.01538	0.01289	0.09082	0.01738	0.22221	0.04910	0.13992	0.08860	0.01341	0.23414	0.01471	0.01538	0.05150	0.00553	0.00513	0.00154	0.00593	0.00505	0.00383	0.00756
12	0.01067	0.02537	0.72532	0.01425	0.02122	0.06961	0.03380	0.01609	0.01081	0.01553	0.00888	0.01047	0.00635	0.00475	0.00474	0.00156	0.00751	0.00370	0.00215	0.00724
13	0.11458	0.01492	0.01665	0.06195	0.43463	0.24386	0.01239	0.01644	0.01175	0.01563	0.00857	0.01090	0.00710	0.00469	0.00459	0.00144	0.00661	0.00387	0.00256	0.00686
14	0.00866	0.00433	0.00649	0.00649	0.00649	0.00433	0.00433	0.00649	0.00649	0.00866	0.00866	0.01515	0.00866	0.01732	0.01948	0.85498	0.00433	0.00433	0.00216	0.00216
15	0.01995	0.01236	0.01397	0.01071	0.01466	0.01308	0.00885	0.55675	0.02075	0.25557	0.01422	0.01343	0.00961	0.00604	0.00499	0.00151	0.00512	0.00464	0.00533	0.00848
16	0.00709	0.00543	0.00672	0.00736	0.00874	0.00506	0.00616	0.00893	0.01142	0.01428	0.03703	0.05258	0.36545	0.01326	0.00645	0.00202	0.00368	0.42932	0.00461	0.00442
17	0.00712	0.00534	0.00801	0.00801	0.00890	0.00623	0.00623	0.00890	0.00801	0.01157	0.01335	0.01958	0.01246	0.03738	0.80507	0.00801	0.01335	0.00534	0.00267	0.00445
18	0.20947	0.01121	0.01320	0.28562	0.02060	0.01297	0.01004	0.33886	0.01536	0.02291	0.00974	0.01153	0.00714	0.00533	0.00455	0.00156	0.00551	0.00406	0.00360	0.00676
19	0.00646	0.00489	0.00600	0.00643	0.00746	0.00443	0.00475	0.00795	0.01139	0.01490	0.21406	0.31346	0.27247	0.01321	0.00616	0.00184	0.00283	0.09216	0.00483	0.00431
20	0.01208	0.03319	0.07632	0.18741	0.07367	0.09622	0.19147	0.01545	0.03370	0.04798	0.01037	0.01285	0.02073	0.00504	0.00563	0.00150	0.05626	0.00452	0.00271	0.11290
21	0.46917	0.35122	0.01546	0.00766	0.01121	0.05062	0.00689	0.01500	0.00942	0.01747	0.00697	0.00810	0.00586	0.00450	0.00320	0.00133	0.00470	0.00271	0.00266	0.00583
22	0.86003	0.00964	0.00733	0.00655	0.00964	0.01118	0.00540	0.01465	0.00848	0.02236	0.00694	0.00810	0.00540	0.00463	0.00308	0.00154	0.00386	0.00270	0.00308	0.00540
23	0.00611	0.00444	0.00577	0.00674	0.00720	0.00410	0.00456	0.00709	0.00995	0.01318	0.07092	0.71326	0.09816	0.01507	0.00630	0.00197	0.00283	0.01358	0.00467	0.00410
24	0.01073	0.07360	0.52415	0.01583	0.02232	0.01240	0.23944	0.01578	0.01086	0.01558	0.00915	0.01122	0.00669	0.00455	0.00497	0.00158	0.00754	0.00426	0.00223	0.00712
25	0.01256	0.01104	0.01256	0.01068	0.01361	0.07646	0.09108	0.02164	0.45976	0.07429	0.03577	0.02155	0.12247	0.00718	0.00524	0.00164	0.00464	0.00616	0.00461	0.00706
26	0.00605	0.00441	0.00571	0.00675	0.00718	0.00406	0.00454	0.00696	0.00973	0.01280	0.02984	0.74199	0.11102	0.01531	0.00631	0.00199	0.00285	0.01379	0.00463	0.00406
27	0.01041	0.00893	0.01037	0.00749	0.01186	0.00686	0.00598	0.01307	0.03902	0.01641	0.00928	0.01064	0.00767	0.00381	0.00374	0.00077	0.00370	0.00305	0.00303	0.82390
28	0.01104	0.06446	0.17389	0.28003	0.25334	0.03669	0.03013	0.01448	0.01057	0.01445	0.00893	0.01198	0.00705	0.00490	0.00530	0.00156	0.04310	0.00417	0.01727	0.00667
29	0.01565	0.00967	0.01252	0.09383	0.09518	0.01014	0.00898	0.05620	0.27732	0.29065	0.01738	0.01735	0.01248	0.00621	0.00500	0.00160	0.00455	0.02131	0.03627	0.00769
30	0.00646	0.00472	0.00616	0.00716	0.00781	0.00442	0.00523	0.00767	0.01018	0.01327	0.03020	0.56349	0.12932	0.01485	0.00641	0.00204	0.00320	0.16862	0.00462	0.00418
