[name]
unknown

[dist]
# distance from previous block
# <min> <max>
52	539

[block]
# block no. 0 follows, 49 sequences, length 15
# corresponding to MSA columns:
# 669-683
name=unknown_A
#
# <colnr> <probs for GDERKNQSTAVLIFYWHMCP>
#	G	D	E	R	K	N	Q	S	T	A	V	L	I	F	Y	W	H	M	C	P
0	0.03422	0.01163	0.07560	0.03194	0.08168	0.02486	0.17160	0.03226	0.02683	0.09063	0.05085	0.04200	0.01102	0.00520	0.00483	0.00134	0.00542	0.00485	0.00336	0.28989
1	0.01226	0.04389	0.05870	0.02602	0.02880	0.07957	0.04524	0.08524	0.04612	0.06715	0.13920	0.04490	0.03254	0.00767	0.03052	0.00165	0.06558	0.00539	0.00377	0.17580
2	0.06766	0.07076	0.22187	0.05249	0.14999	0.06995	0.02346	0.12262	0.02605	0.05935	0.02644	0.03078	0.00898	0.00536	0.00471	0.00149	0.00609	0.00431	0.00316	0.04448
3	0.01176	0.01132	0.01972	0.07532	0.16694	0.01123	0.27341	0.04197	0.05274	0.03169	0.06425	0.01474	0.01088	0.00525	0.00599	0.00154	0.05917	0.00518	0.00307	0.13382
4	0.00987	0.00910	0.01516	0.41804	0.26422	0.01021	0.01280	0.01269	0.01042	0.01400	0.01222	0.13803	0.01146	0.00763	0.03125	0.00190	0.00615	0.00606	0.00272	0.00609
5	0.00624	0.00465	0.00571	0.00643	0.00711	0.00423	0.00438	0.00725	0.01025	0.01330	0.07338	0.53614	0.22293	0.06396	0.00748	0.00212	0.00293	0.01274	0.00464	0.00412
6	0.00702	0.00516	0.00657	0.00622	0.00747	0.00471	0.00466	0.00927	0.01399	0.01950	0.70117	0.03906	0.13511	0.01063	0.00597	0.00160	0.00241	0.00933	0.00546	0.00471
7	0.00943	0.00471	0.00471	0.00471	0.00589	0.00471	0.00353	0.01178	0.01060	0.01885	0.01650	0.01885	0.01296	0.00589	0.00353	0.00118	0.00236	0.00471	0.85036	0.00471
8	0.00722	0.00542	0.00813	0.00813	0.00903	0.00632	0.00632	0.00903	0.00813	0.01174	0.01354	0.01987	0.01264	0.03792	0.80225	0.00813	0.01354	0.00542	0.00271	0.00451
9	0.00723	0.00538	0.00795	0.00795	0.00879	0.00623	0.00610	0.00892	0.00807	0.01161	0.01370	0.02075	0.01303	0.09057	0.75013	0.00791	0.01296	0.00555	0.00273	0.00442
10	0.01667	0.04378	0.01316	0.01027	0.01373	0.01258	0.00833	0.27045	0.31970	0.18160	0.04353	0.01654	0.01335	0.00650	0.00506	0.00159	0.00458	0.00520	0.00524	0.00815
11	0.01366	0.01023	0.01134	0.00987	0.01265	0.01135	0.00775	0.17609	0.41877	0.08477	0.06150	0.08274	0.01689	0.00921	0.04761	0.00202	0.00468	0.00630	0.00508	0.00750
12	0.01360	0.16571	0.01516	0.00921	0.01342	0.03193	0.03285	0.16640	0.01344	0.05896	0.01031	0.03162	0.00843	0.00482	0.00415	0.00109	0.00473	0.00376	0.00344	0.40697
13	0.21409	0.21636	0.04242	0.07954	0.03893	0.10799	0.00891	0.10609	0.01223	0.05513	0.02499	0.01093	0.00794	0.00620	0.03212	0.00163	0.00586	0.00359	0.00311	0.02194
14	0.04017	0.03659	0.05232	0.00949	0.03850	0.02142	0.00747	0.07671	0.10034	0.15251	0.01766	0.17232	0.02800	0.06499	0.03013	0.00199	0.00466	0.02206	0.00427	0.11841

[dist]
# distance from previous block
# <min> <max>
0	18

[block]
# block no. 1 follows, 49 sequences, length 23
# corresponding to MSA columns:
# 703-715,717-726
name=unknown_B
#
# <colnr> <probs for GDERKNQSTAVLIFYWHMCP>
#	G	D	E	R	K	N	Q	S	T	A	V	L	I	F	Y	W	H	M	C	P
0	0.01322	0.14564	0.04659	0.04793	0.01470	0.13672	0.02331	0.05421	0.01095	0.05096	0.04626	0.01275	0.00937	0.02734	0.02342	0.00190	0.32157	0.00432	0.00280	0.00603
1	0.01332	0.18256	0.03726	0.01172	0.08228	0.21189	0.02661	0.04696	0.04376	0.04420	0.03471	0.05520	0.13450	0.00706	0.00481	0.00144	0.00575	0.02388	0.00339	0.02873
2	0.00616	0.00440	0.00587	0.00704	0.00733	0.00411	0.00469	0.00704	0.00968	0.01291	0.02787	0.81899	0.03344	0.01584	0.00645	0.00205	0.00293	0.01438	0.00469	0.00411
3	0.01286	0.01197	0.03153	0.21237	0.07534	0.09924	0.05618	0.21571	0.01425	0.01832	0.01322	0.14553	0.01220	0.02884	0.02818	0.00191	0.00628	0.00617	0.00351	0.00638
4	0.00744	0.00585	0.00718	0.00699	0.00868	0.00491	0.00500	0.00877	0.01010	0.01405	0.02451	0.50037	0.10019	0.01191	0.00559	0.00163	0.00314	0.01060	0.00418	0.25891
5	0.01118	0.05353	0.18694	0.01158	0.05518	0.00953	0.04766	0.07594	0.08644	0.08338	0.04733	0.27354	0.01842	0.00893	0.00545	0.00172	0.00492	0.00784	0.00401	0.00647
6	0.01368	0.42124	0.04095	0.07567	0.01719	0.15902	0.10932	0.01578	0.01100	0.01275	0.00776	0.00976	0.00668	0.00493	0.00516	0.00136	0.07562	0.00354	0.00230	0.00629
7	0.00666	0.00514	0.00600	0.00579	0.00715	0.00456	0.00429	0.00846	0.01278	0.01694	0.43538	0.04221	0.36336	0.05072	0.00693	0.00180	0.00258	0.00971	0.00507	0.00447
8	0.01444	0.25941	0.01668	0.00984	0.01360	0.29843	0.00816	0.01615	0.01181	0.01362	0.00798	0.00928	0.00684	0.00445	0.00389	0.00105	0.00619	0.00300	0.00260	0.29258
9	0.40873	0.00929	0.00929	0.00737	0.01112	0.00902	0.00601	0.01591	0.01034	0.16183	0.01009	0.01066	0.00747	0.00465	0.00370	0.00128	0.00393	0.00326	0.00366	0.30241
10	0.01250	0.25953	0.08084	0.01051	0.01334	0.03103	0.00952	0.11279	0.07930	0.01555	0.01015	0.01317	0.00892	0.06391	0.07770	0.00236	0.18537	0.00424	0.00293	0.00635
11	0.00616	0.00440	0.00587	0.00704	0.00733	0.00411	0.00469	0.00704	0.00968	0.01291	0.02787	0.81899	0.03344	0.01584	0.00645	0.00205	0.00293	0.01438	0.00469	0.00411
12	0.00943	0.00471	0.00471	0.00471	0.00589	0.00471	0.00353	0.01178	0.01060	0.01885	0.01650	0.01885	0.01296	0.00589	0.00353	0.00118	0.00236	0.00471	0.85036	0.00471
13	0.01258	0.01086	0.01143	0.01029	0.01315	0.01258	0.00800	0.02687	0.78161	0.02115	0.02058	0.01887	0.01544	0.00686	0.00515	0.00172	0.00400	0.00572	0.00515	0.00800
14	0.01106	0.01106	0.01549	0.01328	0.01328	0.01549	0.01106	0.01217	0.00774	0.01217	0.00664	0.01106	0.00664	0.00885	0.01659	0.00221	0.81303	0.00443	0.00221	0.00553
15	0.00604	0.00485	0.00540	0.00583	0.00702	0.00421	0.00416	0.00718	0.01084	0.01338	0.04257	0.33421	0.50874	0.01393	0.00615	0.00184	0.00270	0.01204	0.00470	0.00421
16	0.01889	0.02410	0.01433	0.01303	0.01563	0.80199	0.00977	0.02019	0.01433	0.01238	0.00782	0.00912	0.00651	0.00521	0.00456	0.00130	0.00912	0.00326	0.00261	0.00586
17	0.00634	0.00509	0.00566	0.00563	0.00708	0.00441	0.00418	0.00792	0.01223	0.01558	0.26888	0.09942	0.51523	0.01228	0.00601	0.00170	0.00254	0.01048	0.00495	0.00441
18	0.85801	0.00978	0.00743	0.00665	0.00978	0.01134	0.00548	0.01486	0.00861	0.02269	0.00704	0.00821	0.00548	0.00469	0.00313	0.00156	0.00391	0.00274	0.00313	0.00548
19	0.00755	0.00617	0.00708	0.00677	0.00889	0.00532	0.00543	0.00955	0.02846	0.01472	0.03571	0.06034	0.41486	0.01124	0.00577	0.00168	0.00335	0.19061	0.00436	0.17216
20	0.01338	0.00747	0.00886	0.00752	0.01018	0.00695	0.00596	0.07287	0.07614	0.28336	0.13061	0.03134	0.30592	0.00926	0.00553	0.00163	0.00348	0.00770	0.00541	0.00645
21	0.06831	0.14733	0.10413	0.00977	0.01315	0.09764	0.00874	0.16144	0.04676	0.04909	0.01309	0.03697	0.03844	0.08998	0.07118	0.00232	0.00627	0.00477	0.00344	0.02719
22	0.00629	0.00489	0.00573	0.00604	0.00716	0.00432	0.00433	0.00768	0.01150	0.01483	0.20170	0.30681	0.37404	0.01330	0.00614	0.00180	0.00265	0.01160	0.00488	0.00432

[dist]
# distance from previous block
# <min> <max>
2	4

[block]
# block no. 2 follows, 49 sequences, length 13
# corresponding to MSA columns:
# 748-755,761,764-767
name=unknown_C
#
# <colnr> <probs for GDERKNQSTAVLIFYWHMCP>
#	G	D	E	R	K	N	Q	S	T	A	V	L	I	F	Y	W	H	M	C	P
0	0.16794	0.01157	0.01059	0.04197	0.01250	0.15052	0.00728	0.09527	0.06172	0.15989	0.01297	0.01491	0.01006	0.07469	0.00659	0.00178	0.03425	0.00442	0.11476	0.00630
1	0.01364	0.01157	0.01362	0.01145	0.01449	0.01313	0.06518	0.18029	0.50186	0.02229	0.01754	0.04123	0.01352	0.00688	0.00584	0.00171	0.04751	0.00569	0.00477	0.00779
2	0.00609	0.00467	0.00559	0.00633	0.00715	0.00417	0.00438	0.00712	0.01037	0.01319	0.03658	0.53187	0.31494	0.01471	0.00628	0.00192	0.00279	0.01300	0.00469	0.00417
3	0.00872	0.00703	0.03223	0.03445	0.01061	0.00663	0.06020	0.04483	0.01187	0.03926	0.31103	0.10348	0.05097	0.12919	0.07439	0.03461	0.02341	0.00797	0.00424	0.00489
4	0.00605	0.00483	0.00542	0.00590	0.00703	0.00420	0.00419	0.00717	0.01078	0.01336	0.04175	0.36135	0.48213	0.01404	0.00617	0.00185	0.00271	0.01218	0.00470	0.00420
5	0.11988	0.28197	0.01672	0.00917	0.01312	0.04940	0.00796	0.18124	0.07064	0.04105	0.00990	0.01053	0.00784	0.00493	0.00397	0.00125	0.00499	0.00348	0.00342	0.15858
6	0.03090	0.23235	0.19504	0.01265	0.07017	0.09732	0.05378	0.05040	0.01188	0.07151	0.00936	0.01058	0.00729	0.00468	0.00429	0.00131	0.00615	0.00360	0.00281	0.12392
7	0.04002	0.27488	0.09893	0.08324	0.01707	0.20641	0.02735	0.11481	0.03571	0.04420	0.00920	0.01039	0.00726	0.00503	0.00430	0.00136	0.00661	0.00359	0.00292	0.00673
8	0.00649	0.00462	0.00604	0.00675	0.00723	0.00433	0.00457	0.00765	0.01056	0.01436	0.20357	0.57006	0.03547	0.08365	0.00799	0.00219	0.00297	0.01256	0.00476	0.00417
9	0.01086	0.01198	0.07580	0.28129	0.05844	0.10553	0.05997	0.01356	0.01122	0.03680	0.06685	0.01950	0.12842	0.00693	0.00644	0.00167	0.09029	0.00564	0.00302	0.00580
10	0.01281	0.12379	0.13244	0.12829	0.02040	0.13963	0.19073	0.01586	0.01173	0.06827	0.03524	0.07629	0.01062	0.00586	0.00505	0.00155	0.00687	0.00526	0.00292	0.00639
11	0.01144	0.00677	0.00837	0.00727	0.00940	0.00634	0.00567	0.06905	0.04115	0.18966	0.42002	0.03246	0.15309	0.00940	0.00568	0.00160	0.00312	0.00804	0.00553	0.00592
12	0.00637	0.00449	0.00581	0.00677	0.00702	0.00425	0.00441	0.00710	0.00927	0.01237	0.02578	0.68161	0.03081	0.15681	0.00983	0.00255	0.00328	0.01315	0.00441	0.00392

[dist]
# distance from previous block
# <min> <max>
0	1

[block]
# block no. 3 follows, 49 sequences, length 23
# corresponding to MSA columns:
# 769-791
name=unknown_D
#
# <colnr> <probs for GDERKNQSTAVLIFYWHMCP>
#	G	D	E	R	K	N	Q	S	T	A	V	L	I	F	Y	W	H	M	C	P
0	0.01425	0.03268	0.08311	0.06532	0.11491	0.36512	0.04974	0.01660	0.01276	0.03100	0.09167	0.01455	0.02451	0.00726	0.04190	0.00177	0.01919	0.00456	0.00294	0.00617
1	0.01182	0.34783	0.23530	0.13565	0.01986	0.01507	0.07477	0.04479	0.01094	0.01432	0.00862	0.01073	0.00693	0.00598	0.03624	0.00167	0.00677	0.00371	0.00234	0.00666
2	0.08560	0.00973	0.01052	0.00928	0.01191	0.01069	0.00746	0.20336	0.26818	0.02273	0.15581	0.02547	0.05125	0.00820	0.00535	0.00171	0.00411	0.09690	0.00495	0.00680
3	0.01187	0.01154	0.01351	0.18731	0.14908	0.12382	0.01008	0.03871	0.07670	0.01566	0.01243	0.06844	0.02916	0.00588	0.00497	0.00141	0.01886	0.00492	0.01931	0.19634
4	0.01226	0.01075	0.06722	0.08369	0.08828	0.00980	0.15701	0.10838	0.03558	0.10842	0.11222	0.11326	0.05554	0.00746	0.00554	0.00167	0.00536	0.00689	0.00404	0.00663
5	0.00669	0.00468	0.00595	0.00667	0.00693	0.00455	0.00436	0.00738	0.00890	0.01189	0.02311	0.48497	0.02719	0.28873	0.05136	0.00332	0.00418	0.04129	0.00405	0.00380
6	0.01066	0.01014	0.01711	0.50483	0.30626	0.01165	0.01448	0.01383	0.01054	0.01419	0.00910	0.01306	0.00719	0.00498	0.00540	0.00164	0.03163	0.00450	0.00234	0.00648
7	0.01320	0.01040	0.02847	0.14894	0.14655	0.03471	0.01027	0.05323	0.14997	0.14641	0.03452	0.06340	0.05710	0.00704	0.00615	0.00168	0.07126	0.00579	0.00398	0.00694
8	0.01541	0.00939	0.01507	0.08384	0.11199	0.00895	0.13163	0.03017	0.03575	0.33696	0.04890	0.06989	0.06501	0.00684	0.00540	0.00164	0.00514	0.00624	0.00456	0.00724
9	0.01423	0.01645	0.01322	0.01193	0.01338	0.41155	0.00923	0.01548	0.01111	0.01207	0.00881	0.01267	0.00815	0.05785	0.12999	0.00280	0.23896	0.00415	0.00254	0.00540
10	0.06536	0.03671	0.03570	0.00880	0.03214	0.00825	0.02442	0.01437	0.05492	0.04050	0.00984	0.01108	0.00792	0.00414	0.00393	0.00096	0.00412	0.00332	0.00315	0.63036
11	0.01444	0.07785	0.07413	0.04232	0.08749	0.06349	0.24230	0.10073	0.06150	0.11151	0.01143	0.01302	0.00852	0.00534	0.00595	0.00160	0.06296	0.00482	0.00335	0.00724
12	0.00752	0.00542	0.00689	0.00721	0.00808	0.00525	0.00512	0.06982	0.01223	0.01669	0.25810	0.51584	0.03578	0.01338	0.00619	0.00187	0.00298	0.01199	0.00499	0.00467
13	0.01142	0.01088	0.01782	0.17309	0.45944	0.01209	0.01397	0.01411	0.01058	0.01498	0.01000	0.01529	0.00887	0.00599	0.00722	0.00172	0.15048	0.05261	0.00254	0.00690
14	0.00642	0.00497	0.00626	0.00658	0.00751	0.00449	0.02326	0.00757	0.01056	0.01361	0.09716	0.41503	0.28619	0.07675	0.00774	0.00211	0.00305	0.01195	0.00459	0.00420
15	0.00653	0.00466	0.00629	0.00746	0.00792	0.00442	0.00533	0.00768	0.01004	0.01332	0.02767	0.67796	0.03264	0.01550	0.00655	0.00210	0.00325	0.15178	0.00469	0.00421
16	0.00615	0.00444	0.00582	0.00693	0.00731	0.00412	0.00464	0.00705	0.00979	0.01295	0.02921	0.77466	0.07690	0.01567	0.00643	0.00203	0.00291	0.01416	0.00469	0.00412
17	0.00882	0.00441	0.00648	0.00648	0.00655	0.00441	0.00434	0.00688	0.00682	0.00936	0.00922	0.01557	0.00902	0.01690	0.01884	0.80425	0.00428	0.00441	0.05062	0.00234
18	0.00642	0.00514	0.00574	0.00559	0.00710	0.00446	0.00419	0.00812	0.01258	0.01616	0.32935	0.04455	0.50901	0.01187	0.00597	0.00166	0.00250	0.01010	0.00502	0.00446
19	0.85801	0.00978	0.00743	0.00665	0.00978	0.01134	0.00548	0.01486	0.00861	0.02269	0.00704	0.00821	0.00548	0.00469	0.00313	0.00156	0.00391	0.00274	0.00313	0.00548
20	0.85801	0.00978	0.00743	0.00665	0.00978	0.01134	0.00548	0.01486	0.00861	0.02269	0.00704	0.00821	0.00548	0.00469	0.00313	0.00156	0.00391	0.00274	0.00313	0.00548
21	0.41728	0.00931	0.00970	0.00785	0.01143	0.00943	0.00646	0.03613	0.01165	0.36205	0.01296	0.01241	0.00877	0.00535	0.00407	0.00151	0.00411	0.00383	0.00454	0.06115
22	0.10552	0.37716	0.01896	0.00947	0.01348	0.04009	0.00847	0.23279	0.01462	0.12078	0.01020	0.01049	0.00777	0.00514	0.00403	0.00133	0.00526	0.00356	0.00364	0.00724

[dist]
# distance from previous block
# <min> <max>
0	2

[block]
# block no. 4 follows, 49 sequences, length 28
# corresponding to MSA columns:
# 794-808,817-829
name=unknown_E
#
# <colnr> <probs for GDERKNQSTAVLIFYWHMCP>
#	G	D	E	R	K	N	Q	S	T	A	V	L	I	F	Y	W	H	M	C	P
0	0.34214	0.01038	0.01013	0.00846	0.01150	0.01149	0.00686	0.28147	0.04907	0.02510	0.15198	0.01681	0.04193	0.00658	0.00451	0.00156	0.00418	0.00494	0.00439	0.00652
1	0.19356	0.14387	0.02808	0.10588	0.04036	0.04687	0.02376	0.02572	0.03901	0.01581	0.03248	0.03165	0.01086	0.05435	0.02612	0.00197	0.09804	0.05638	0.00298	0.02223
2	0.49229	0.04749	0.03792	0.01205	0.01605	0.01231	0.26752	0.03041	0.01017	0.02000	0.00829	0.01021	0.00636	0.00456	0.00419	0.00159	0.00568	0.00390	0.00290	0.00610
3	0.00735	0.00490	0.00552	0.00552	0.00552	0.00490	0.00306	0.00735	0.00735	0.00980	0.01593	0.03309	0.01838	0.82229	0.02574	0.00490	0.00490	0.00735	0.00306	0.00306
4	0.01752	0.00930	0.01174	0.00976	0.04539	0.00856	0.00753	0.11755	0.05626	0.40762	0.06245	0.01786	0.04727	0.00628	0.00494	0.00143	0.00424	0.00515	0.00521	0.15395
5	0.01280	0.12135	0.25420	0.07535	0.01705	0.07272	0.01174	0.02950	0.06126	0.11792	0.05230	0.07140	0.01197	0.00650	0.00566	0.00159	0.06158	0.00504	0.00334	0.00676
6	0.00835	0.00605	0.00830	0.00936	0.01060	0.00613	0.00814	0.01123	0.04724	0.01541	0.02649	0.05527	0.02847	0.01364	0.00690	0.00230	0.00463	0.72198	0.00468	0.00481
7	0.00693	0.00514	0.00646	0.00617	0.00743	0.00467	0.00461	0.00909	0.01372	0.01896	0.64301	0.06071	0.17255	0.01090	0.00598	0.00162	0.00243	0.00954	0.00540	0.00467
8	0.01424	0.01257	0.17434	0.03647	0.22895	0.00925	0.01182	0.01740	0.01261	0.26156	0.11657	0.01904	0.01530	0.00634	0.00521	0.00160	0.00525	0.03992	0.00411	0.00744
9	0.01790	0.05154	0.01444	0.01246	0.01522	0.63863	0.00950	0.05269	0.11305	0.01431	0.00961	0.01046	0.00775	0.00543	0.00461	0.00136	0.00818	0.00361	0.00302	0.00628
10	0.01106	0.01106	0.01549	0.01328	0.01328	0.01549	0.01106	0.01217	0.00774	0.01217	0.00664	0.01106	0.00664	0.00885	0.01659	0.00221	0.81303	0.00443	0.00221	0.00553
11	0.03677	0.04043	0.05108	0.01202	0.07434	0.01014	0.05839	0.04083	0.17134	0.42420	0.01718	0.01599	0.01169	0.00594	0.00502	0.00158	0.00486	0.00501	0.00506	0.00812
12	0.01366	0.01365	0.01311	0.08987	0.01612	0.21941	0.03474	0.08952	0.23074	0.01735	0.01544	0.02161	0.01344	0.00748	0.00587	0.00172	0.04344	0.14245	0.00387	0.00649
13	0.00955	0.00899	0.01517	0.81013	0.03483	0.01123	0.01404	0.01292	0.01011	0.01292	0.00899	0.01348	0.00674	0.00506	0.00506	0.00169	0.00674	0.00449	0.00225	0.00562
14	0.01252	0.01201	0.02053	0.03104	0.79074	0.01201	0.01552	0.01552	0.01151	0.01652	0.00951	0.01252	0.00801	0.00451	0.00501	0.00150	0.00601	0.00451	0.00250	0.00801
15	0.00863	0.00791	0.04594	0.10191	0.01456	0.00706	0.12921	0.01107	0.01176	0.04786	0.18561	0.17922	0.16566	0.01004	0.00593	0.00177	0.00444	0.05199	0.00420	0.00525
16	0.00735	0.00490	0.00552	0.00552	0.00552	0.00490	0.00306	0.00735	0.00735	0.00980	0.01593	0.03309	0.01838	0.82229	0.02574	0.00490	0.00490	0.00735	0.00306	0.00306
17	0.00610	0.00482	0.00550	0.00598	0.00707	0.00422	0.00424	0.00726	0.01087	0.01362	0.07208	0.37046	0.44196	0.01397	0.00618	0.00185	0.00271	0.01216	0.00473	0.00422
18	0.01095	0.01154	0.02245	0.32507	0.05373	0.01243	0.37932	0.01451	0.01080	0.01454	0.00937	0.01329	0.00722	0.00503	0.00664	0.00174	0.08751	0.00520	0.00240	0.00627
19	0.01922	0.01416	0.01518	0.01163	0.01568	0.01568	0.00961	0.77388	0.02378	0.03187	0.01214	0.01214	0.00860	0.00607	0.00506	0.00152	0.00556	0.00455	0.00506	0.00860
20	0.00643	0.00467	0.00608	0.00684	0.00747	0.00433	0.00478	0.00771	0.01085	0.01456	0.18417	0.56665	0.09688	0.01440	0.00634	0.00194	0.00286	0.04387	0.00487	0.00428
21	0.01170	0.01119	0.01906	0.24424	0.58388	0.01180	0.01512	0.01481	0.01113	0.01553	0.00937	0.01278	0.00766	0.00466	0.00502	0.00155	0.00621	0.00450	0.00243	0.00736
22	0.01459	0.03639	0.17047	0.01276	0.03501	0.04533	0.13012	0.08212	0.03024	0.21530	0.06500	0.01615	0.01212	0.04156	0.03710	0.00199	0.03762	0.00512	0.00389	0.00713
23	0.01034	0.00715	0.00817	0.00745	0.00961	0.00708	0.00577	0.01549	0.21989	0.12345	0.20545	0.04932	0.27600	0.00984	0.00566	0.00168	0.00320	0.02326	0.00523	0.00598
24	0.00637	0.00454	0.00604	0.00716	0.00751	0.00428	0.00490	0.00733	0.00974	0.01296	0.02728	0.72444	0.03246	0.04974	0.00731	0.00220	0.00316	0.07386	0.00462	0.00411
25	0.01149	0.01550	0.29046	0.24217	0.08346	0.01167	0.01448	0.01517	0.01043	0.09160	0.00987	0.01254	0.00741	0.00640	0.02480	0.00186	0.13706	0.00430	0.00263	0.00672
26	0.01223	0.01079	0.01602	0.06531	0.13082	0.03129	0.15724	0.03372	0.26427	0.06090	0.01681	0.07487	0.01436	0.00713	0.00553	0.00174	0.00551	0.08043	0.00399	0.00702
27	0.00722	0.00542	0.00813	0.00813	0.00903	0.00632	0.00632	0.00903	0.00813	0.01174	0.01354	0.01987	0.01264	0.03792	0.80225	0.00813	0.01354	0.00542	0.00271	0.00451

[dist]
# distance from previous block
# <min> <max>
0	1

[block]
# block no. 5 follows, 49 sequences, length 39
# corresponding to MSA columns:
# 831-845,857-880
name=unknown_F
#
# <colnr> <probs for GDERKNQSTAVLIFYWHMCP>
#	G	D	E	R	K	N	Q	S	T	A	V	L	I	F	Y	W	H	M	C	P
0	0.01539	0.01261	0.01762	0.09870	0.11727	0.01393	0.11271	0.35785	0.03656	0.05374	0.01110	0.01278	0.00831	0.00588	0.00654	0.00165	0.10119	0.00477	0.00382	0.00760
1	0.00622	0.00444	0.00593	0.00710	0.00742	0.00415	0.00479	0.00713	0.00973	0.01297	0.02784	0.79815	0.03333	0.01579	0.00647	0.00206	0.00298	0.03468	0.00469	0.00412
2	0.03207	0.71523	0.02473	0.00905	0.01322	0.07592	0.00871	0.04836	0.01112	0.01303	0.00731	0.00836	0.00656	0.00447	0.00342	0.00113	0.00565	0.00282	0.00234	0.00651
3	0.85801	0.00978	0.00743	0.00665	0.00978	0.01134	0.00548	0.01486	0.00861	0.02269	0.00704	0.00821	0.00548	0.00469	0.00313	0.00156	0.00391	0.00274	0.00313	0.00548
4	0.00671	0.00508	0.00547	0.00538	0.00689	0.00445	0.00403	0.00841	0.01210	0.01597	0.22893	0.04213	0.50556	0.01131	0.00566	0.00161	0.00249	0.00953	0.11386	0.00445
5	0.01352	0.82533	0.02650	0.00865	0.01298	0.02001	0.00865	0.01514	0.01027	0.01190	0.00703	0.00811	0.00649	0.00433	0.00324	0.00108	0.00541	0.00270	0.00216	0.00649
6	0.00615	0.00446	0.00581	0.00689	0.00730	0.00412	0.00463	0.00706	0.00982	0.01297	0.02966	0.76003	0.09125	0.01561	0.00642	0.00203	0.00291	0.01409	0.00469	0.00412
7	0.01352	0.82533	0.02650	0.00865	0.01298	0.02001	0.00865	0.01514	0.01027	0.01190	0.00703	0.00811	0.00649	0.00433	0.00324	0.00108	0.00541	0.00270	0.00216	0.00649
8	0.00867	0.00443	0.00651	0.00651	0.00651	0.00443	0.00429	0.00665	0.00665	0.00886	0.00933	0.01673	0.00952	0.07916	0.02022	0.78797	0.00443	0.00462	0.00226	0.00226
9	0.01014	0.02616	0.79609	0.01441	0.02189	0.01174	0.01868	0.01601	0.01068	0.01601	0.00907	0.01068	0.00641	0.00480	0.00480	0.00160	0.00747	0.00374	0.00214	0.00747
10	0.00735	0.00490	0.00552	0.00552	0.00552	0.00490	0.00306	0.00735	0.00735	0.00980	0.01593	0.03309	0.01838	0.82229	0.02574	0.00490	0.00490	0.00735	0.00306	0.00306
11	0.01049	0.00899	0.01049	0.00749	0.01198	0.00674	0.00599	0.01273	0.01049	0.01648	0.00899	0.01049	0.00749	0.00374	0.00374	0.00075	0.00374	0.00300	0.00300	0.85320
12	0.03686	0.24109	0.03360	0.09652	0.01696	0.04064	0.00990	0.42287	0.01761	0.02310	0.01005	0.01094	0.00762	0.00539	0.00448	0.00141	0.00575	0.00393	0.00377	0.00751
13	0.12850	0.01061	0.01185	0.00934	0.01310	0.04967	0.00764	0.15454	0.04270	0.45990	0.01585	0.01452	0.01051	0.00588	0.00475	0.00151	0.00468	0.00453	0.00528	0.04462
14	0.14936	0.00720	0.00863	0.00804	0.00974	0.00822	0.00637	0.10867	0.01043	0.01674	0.01254	0.01686	0.01097	0.02560	0.49947	0.00560	0.00997	0.00480	0.07556	0.00522
15	0.15474	0.32676	0.01725	0.00979	0.01305	0.32369	0.00825	0.01687	0.01161	0.01429	0.00792	0.00918	0.00673	0.00483	0.00376	0.00125	0.00643	0.00305	0.05458	0.00597
16	0.01242	0.01239	0.04571	0.29119	0.35656	0.06255	0.01389	0.08893	0.01235	0.01651	0.00945	0.01246	0.00747	0.00488	0.00495	0.00153	0.00640	0.00435	0.00267	0.03333
17	0.01095	0.03871	0.45816	0.17595	0.02453	0.06549	0.12504	0.01568	0.01098	0.01508	0.00909	0.01151	0.00666	0.00479	0.00497	0.00160	0.00754	0.00415	0.00225	0.00687
18	0.00966	0.00910	0.01536	0.78218	0.06195	0.01126	0.01410	0.01301	0.01016	0.01305	0.00901	0.01345	0.00679	0.00504	0.00505	0.00168	0.00671	0.00449	0.00226	0.00570
19	0.00892	0.00795	0.01392	0.01212	0.01448	0.00758	0.22579	0.01167	0.01178	0.01539	0.04580	0.04304	0.12125	0.01095	0.00654	0.00205	0.00543	0.42603	0.00409	0.00523
20	0.01106	0.01106	0.01549	0.01328	0.01328	0.01549	0.01106	0.01217	0.00774	0.01217	0.00664	0.01106	0.00664	0.00885	0.01659	0.00221	0.81303	0.00443	0.00221	0.00553
21	0.00710	0.00479	0.00559	0.00584	0.00591	0.00473	0.00341	0.00729	0.00785	0.01047	0.01850	0.20192	0.02162	0.64904	0.02160	0.00429	0.00448	0.00886	0.00341	0.00329
22	0.01802	0.01273	0.01405	0.01117	0.01483	0.01388	0.00928	0.62722	0.02161	0.07897	0.01453	0.01825	0.01149	0.00710	0.00531	0.00162	0.00537	0.10139	0.00508	0.00809
23	0.01194	0.01364	0.02984	0.02131	0.02643	0.01279	0.77238	0.01620	0.01194	0.01620	0.01023	0.01364	0.00767	0.00426	0.00597	0.00171	0.00853	0.00597	0.00256	0.00682
24	0.00616	0.00440	0.00587	0.00704	0.00733	0.00411	0.00469	0.00704	0.00968	0.01291	0.02787	0.81899	0.03344	0.01584	0.00645	0.00205	0.00293	0.01438	0.00469	0.00411
25	0.00620	0.00447	0.00580	0.00684	0.00722	0.00415	0.00456	0.00707	0.00971	0.01283	0.02900	0.73073	0.08595	0.05056	0.00726	0.00215	0.00299	0.01381	0.00462	0.00407
26	0.00914	0.00823	0.01180	0.01069	0.01115	0.01089	0.00869	0.01060	0.00794	0.01195	0.01010	0.01548	0.00965	0.02343	0.41044	0.00518	0.41225	0.00492	0.00246	0.00502
27	0.01014	0.02616	0.79609	0.01441	0.02189	0.01174	0.01868	0.01601	0.01068	0.01601	0.00907	0.01068	0.00641	0.00480	0.00480	0.00160	0.00747	0.00374	0.00214	0.00747
28	0.00598	0.00512	0.00512	0.00512	0.00683	0.00427	0.00384	0.00726	0.01153	0.01366	0.05123	0.04866	0.78869	0.01281	0.00598	0.00171	0.00256	0.01067	0.00470	0.00427
29	0.00955	0.00899	0.01517	0.81013	0.03483	0.01123	0.01404	0.01292	0.01011	0.01292	0.00899	0.01348	0.00674	0.00506	0.00506	0.00169	0.00674	0.00449	0.00225	0.00562
30	0.01132	0.00951	0.01552	0.35908	0.02412	0.01051	0.13810	0.01635	0.14560	0.08687	0.01467	0.08997	0.01229	0.00669	0.00543	0.00174	0.00590	0.03648	0.00350	0.00633
31	0.01014	0.02616	0.79609	0.01441	0.02189	0.01174	0.01868	0.01601	0.01068	0.01601	0.00907	0.01068	0.00641	0.00480	0.00480	0.00160	0.00747	0.00374	0.00214	0.00747
32	0.00786	0.00500	0.00750	0.00750	0.00803	0.00553	0.00553	0.00803	0.00750	0.01053	0.01159	0.01802	0.01106	0.02958	0.48161	0.35428	0.00979	0.00500	0.00250	0.00356
33	0.02745	0.01136	0.04866	0.28914	0.07033	0.01122	0.33986	0.01419	0.01138	0.01553	0.08078	0.01633	0.02971	0.00533	0.00550	0.00167	0.00694	0.00564	0.00277	0.00623
34	0.00955	0.00899	0.01517	0.81013	0.03483	0.01123	0.01404	0.01292	0.01011	0.01292	0.00899	0.01348	0.00674	0.00506	0.00506	0.00169	0.00674	0.00449	0.00225	0.00562
35	0.01014	0.02616	0.79609	0.01441	0.02189	0.01174	0.01868	0.01601	0.01068	0.01601	0.00907	0.01068	0.00641	0.00480	0.00480	0.00160	0.00747	0.00374	0.00214	0.00747
36	0.01144	0.01120	0.01789	0.14512	0.33493	0.01333	0.03395	0.01377	0.00977	0.01417	0.00828	0.01210	0.00724	0.00636	0.00977	0.00183	0.33540	0.00451	0.00235	0.00659
37	0.01034	0.00928	0.01455	0.66857	0.03092	0.01132	0.01295	0.07905	0.04245	0.01489	0.01067	0.05384	0.00859	0.00576	0.00513	0.00169	0.00634	0.00504	0.00273	0.00590
38	0.01236	0.08147	0.02662	0.00991	0.01330	0.02687	0.03221	0.04761	0.41965	0.03304	0.03565	0.01609	0.01298	0.00729	0.03926	0.00173	0.00481	0.00488	0.00421	0.17006

[dist]
# distance from previous block
# <min> <max>
0	1

[block]
# block no. 6 follows, 49 sequences, length 134
# corresponding to MSA columns:
# 882-997,1003-1020
name=unknown_G
#
# <colnr> <probs for GDERKNQSTAVLIFYWHMCP>
#	G	D	E	R	K	N	Q	S	T	A	V	L	I	F	Y	W	H	M	C	P
0	0.01066	0.13846	0.01214	0.00899	0.01083	0.12986	0.00726	0.01237	0.00968	0.04526	0.01191	0.01625	0.01073	0.02626	0.51985	0.00569	0.01118	0.00464	0.00276	0.00521
1	0.00612	0.00478	0.00557	0.00618	0.00717	0.00423	0.00437	0.00723	0.01061	0.01332	0.03903	0.43191	0.39498	0.01434	0.00624	0.00189	0.00280	0.03035	0.00469	0.00420
2	0.00616	0.00440	0.00587	0.00704	0.00733	0.00411	0.00469	0.00704	0.00968	0.01291	0.02787	0.81899	0.03344	0.01584	0.00645	0.00205	0.00293	0.01438	0.00469	0.00411
3	0.01832	0.01371	0.01467	0.01145	0.01534	0.01526	0.00939	0.67199	0.12714	0.03041	0.01329	0.01306	0.00953	0.00618	0.00507	0.00154	0.00535	0.00471	0.00507	0.00852
4	0.00669	0.00487	0.00631	0.00660	0.00747	0.00449	0.00474	0.00838	0.01218	0.01672	0.41232	0.35548	0.09531	0.01282	0.00618	0.00180	0.00266	0.02541	0.00513	0.00446
5	0.02269	0.00861	0.01174	0.00900	0.01291	0.00743	0.00743	0.02464	0.01447	0.79425	0.01995	0.01721	0.01252	0.00626	0.00509	0.00156	0.00430	0.00509	0.00626	0.00861
6	0.00954	0.00570	0.00752	0.00677	0.00837	0.00518	0.00518	0.01186	0.01434	0.13883	0.67042	0.03462	0.04232	0.00971	0.00583	0.00159	0.00268	0.00852	0.00567	0.00536
7	0.02269	0.00861	0.01174	0.00900	0.01291	0.00743	0.00743	0.02464	0.01447	0.79425	0.01995	0.01721	0.01252	0.00626	0.00509	0.00156	0.00430	0.00509	0.00626	0.00861
8	0.01994	0.00927	0.01157	0.00883	0.01281	0.03716	0.00721	0.02193	0.01362	0.59876	0.01715	0.01547	0.01122	0.00568	0.00478	0.00138	0.00436	0.00457	0.00542	0.18886
9	0.01125	0.00997	0.01467	0.01050	0.01510	0.00806	0.16971	0.01392	0.01095	0.04566	0.00967	0.01141	0.00772	0.00395	0.00427	0.00098	0.00479	0.00371	0.00302	0.64070
10	0.01253	0.02286	0.63171	0.01346	0.02020	0.01142	0.01647	0.07041	0.01213	0.12584	0.01081	0.01169	0.00741	0.00510	0.00486	0.00159	0.00690	0.00398	0.00292	0.00771
11	0.53487	0.00924	0.00808	0.00731	0.01009	0.01049	0.00585	0.01642	0.17540	0.02157	0.09673	0.01606	0.05800	0.00624	0.00403	0.00161	0.00369	0.00453	0.00392	0.00587
12	0.00614	0.00504	0.00522	0.00531	0.00673	0.00432	0.00382	0.00725	0.01093	0.01319	0.04562	0.10680	0.64732	0.09998	0.00814	0.00208	0.00284	0.01060	0.00452	0.00413
13	0.02034	0.00826	0.01106	0.00865	0.01219	0.00725	0.00708	0.04239	0.01460	0.66325	0.10363	0.02039	0.04329	0.00692	0.00521	0.00157	0.00407	0.00570	0.00610	0.00804
14	0.00800	0.12213	0.00972	0.00729	0.00842	0.00751	0.00554	0.00929	0.00902	0.01224	0.08470	0.13167	0.01907	0.20815	0.32963	0.00497	0.00795	0.00703	0.00324	0.00443
15	0.00758	0.00535	0.00714	0.00758	0.00824	0.00558	0.00576	0.00890	0.00914	0.01228	0.01948	0.05507	0.02110	0.31421	0.21666	0.00474	0.00698	0.27661	0.00358	0.00403
16	0.06284	0.00853	0.01078	0.00847	0.01196	0.00787	0.00694	0.07896	0.01433	0.58689	0.01821	0.01661	0.01193	0.00611	0.00476	0.00151	0.00410	0.00487	0.12646	0.00789
17	0.00722	0.00542	0.00813	0.00813	0.00903	0.00632	0.00632	0.00903	0.00813	0.01174	0.01354	0.01987	0.01264	0.03792	0.80225	0.00813	0.01354	0.00542	0.00271	0.00451
18	0.01412	0.73504	0.02513	0.00915	0.01328	0.10813	0.00878	0.01571	0.01073	0.01195	0.00712	0.00823	0.00649	0.00443	0.00339	0.00111	0.00583	0.00277	0.00221	0.00642
19	0.00708	0.00543	0.00653	0.00629	0.00771	0.00500	0.00478	0.00964	0.04611	0.01810	0.50025	0.04110	0.26765	0.01109	0.00598	0.00166	0.00261	0.04299	0.00525	0.00475
20	0.23794	0.00999	0.01403	0.27756	0.04833	0.01078	0.09427	0.04086	0.02288	0.09291	0.00997	0.01214	0.00739	0.00489	0.00450	0.00153	0.00552	0.00411	0.00313	0.09726
21	0.00978	0.02095	0.58032	0.01360	0.01954	0.01046	0.05363	0.01477	0.01096	0.01582	0.01313	0.02129	0.01159	0.00685	0.00535	0.00177	0.00689	0.17378	0.00273	0.00681
22	0.00602	0.00494	0.00532	0.00562	0.00696	0.00423	0.00406	0.00720	0.01105	0.01347	0.04519	0.24763	0.59362	0.01359	0.00610	0.00180	0.00266	0.01163	0.00470	0.00423
23	0.01889	0.02410	0.01433	0.01303	0.01563	0.80199	0.00977	0.02019	0.01433	0.01238	0.00782	0.00912	0.00651	0.00521	0.00456	0.00130	0.00912	0.00326	0.00261	0.00586
24	0.01192	0.04140	0.09825	0.01407	0.12931	0.13833	0.07300	0.07102	0.01228	0.04162	0.01619	0.28496	0.01664	0.00878	0.00546	0.00169	0.00571	0.01967	0.00357	0.00614
25	0.00889	0.00808	0.00901	0.00883	0.00997	0.11986	0.00681	0.01062	0.00901	0.01183	0.01273	0.01833	0.01177	0.03326	0.68843	0.00715	0.01291	0.00511	0.00269	0.00471
26	0.01683	0.00728	0.00974	0.00791	0.01080	0.00641	0.00636	0.01892	0.01423	0.49963	0.26970	0.02464	0.04139	0.00772	0.00534	0.00156	0.00358	0.00652	0.03432	0.00713
27	0.01394	0.76228	0.02554	0.00900	0.01319	0.08155	0.00874	0.01554	0.01059	0.01193	0.00709	0.00819	0.00649	0.00440	0.00335	0.00110	0.00570	0.00275	0.00220	0.00644
28	0.00767	0.00600	0.00868	0.00843	0.00913	0.00720	0.00651	0.00920	0.00800	0.01158	0.01302	0.02030	0.01258	0.11918	0.62968	0.00711	0.10305	0.00551	0.00269	0.00447
29	0.00716	0.00517	0.00676	0.00636	0.00755	0.00477	0.00477	0.00954	0.01431	0.02028	0.78808	0.03777	0.04771	0.01034	0.00596	0.00159	0.00239	0.00914	0.00557	0.00477
30	0.01891	0.02346	0.01438	0.01294	0.01564	0.75157	0.00976	0.06852	0.01494	0.01363	0.00809	0.00931	0.00665	0.00527	0.00459	0.00132	0.00889	0.00334	0.00276	0.00604
31	0.00626	0.00465	0.00584	0.00656	0.00726	0.00423	0.00453	0.00743	0.01069	0.01408	0.13736	0.55709	0.18658	0.01448	0.00629	0.00192	0.00278	0.01291	0.00481	0.00423
32	0.00815	0.00582	0.00815	0.00931	0.01048	0.00582	0.00815	0.01048	0.01164	0.01513	0.02677	0.05704	0.02910	0.01397	0.00698	0.00233	0.00466	0.75671	0.00466	0.00466
33	0.01628	0.01115	0.01237	0.01033	0.01369	0.01221	0.00826	0.20081	0.44151	0.18808	0.01848	0.01694	0.01322	0.00655	0.00511	0.00164	0.00443	0.00531	0.00536	0.00827
34	0.00722	0.00542	0.00813	0.00813	0.00903	0.00632	0.00632	0.00903	0.00813	0.01174	0.01354	0.01987	0.01264	0.03792	0.80225	0.00813	0.01354	0.00542	0.00271	0.00451
35	0.01352	0.82533	0.02650	0.00865	0.01298	0.02001	0.00865	0.01514	0.01027	0.01190	0.00703	0.00811	0.00649	0.00433	0.00324	0.00108	0.00541	0.00270	0.00216	0.00649
36	0.00728	0.00521	0.00705	0.00705	0.00758	0.00574	0.00498	0.00834	0.00781	0.01094	0.01453	0.02532	0.01501	0.36120	0.48221	0.00680	0.00998	0.00622	0.00286	0.00392
37	0.01106	0.01106	0.01549	0.01328	0.01328	0.01549	0.01106	0.01217	0.00774	0.01217	0.00664	0.01106	0.00664	0.00885	0.01659	0.00221	0.81303	0.00443	0.00221	0.00553
38	0.00735	0.00490	0.00552	0.00552	0.00552	0.00490	0.00306	0.00735	0.00735	0.00980	0.01593	0.03309	0.01838	0.82229	0.02574	0.00490	0.00490	0.00735	0.00306	0.00306
39	0.00723	0.00541	0.00808	0.00808	0.00897	0.00630	0.00626	0.00900	0.00811	0.01171	0.01359	0.02010	0.01274	0.05157	0.78874	0.00807	0.01339	0.00545	0.00272	0.00449
40	0.01511	0.01183	0.01454	0.27594	0.02159	0.01356	0.01079	0.39392	0.13165	0.04113	0.01253	0.01370	0.00909	0.00586	0.00507	0.00160	0.00569	0.00472	0.00417	0.00752
41	0.02476	0.01370	0.14440	0.02085	0.39104	0.01132	0.02548	0.04133	0.01125	0.01670	0.00916	0.01162	0.00750	0.00481	0.00567	0.00143	0.07275	0.00406	0.00262	0.17953
42	0.23482	0.43568	0.04703	0.00870	0.01276	0.01609	0.00821	0.10094	0.01166	0.07182	0.00858	0.00932	0.00688	0.00477	0.00360	0.00131	0.00503	0.00312	0.00303	0.00665
43	0.01173	0.00905	0.01014	0.00947	0.01176	0.01001	0.00733	0.04627	0.47969	0.06882	0.03512	0.17935	0.02022	0.00920	0.00556	0.00181	0.00389	0.06853	0.00509	0.00697
44	0.01049	0.00899	0.01049	0.00749	0.01198	0.00674	0.00599	0.01273	0.01049	0.01648	0.00899	0.01049	0.00749	0.00374	0.00374	0.00075	0.00374	0.00300	0.00300	0.85320
45	0.00832	0.00689	0.01124	0.00939	0.01065	0.00682	0.17270	0.00953	0.00851	0.01154	0.01456	0.04148	0.01549	0.51558	0.13184	0.00461	0.00690	0.00690	0.00293	0.00412
46	0.01220	0.01046	0.01111	0.01001	0.01276	0.01203	0.00778	0.02565	0.72776	0.02109	0.07445	0.02019	0.01770	0.00710	0.00520	0.00171	0.00389	0.00596	0.00517	0.00778
47	0.85801	0.00978	0.00743	0.00665	0.00978	0.01134	0.00548	0.01486	0.00861	0.02269	0.00704	0.00821	0.00548	0.00469	0.00313	0.00156	0.00391	0.00274	0.00313	0.00548
48	0.00615	0.00443	0.00583	0.00695	0.00731	0.00411	0.00465	0.00705	0.00977	0.01294	0.02898	0.78247	0.06925	0.01570	0.00643	0.00204	0.00292	0.01420	0.00469	0.00411
49	0.01889	0.02410	0.01433	0.01303	0.01563	0.80199	0.00977	0.02019	0.01433	0.01238	0.00782	0.00912	0.00651	0.00521	0.00456	0.00130	0.00912	0.00326	0.00261	0.00586
50	0.02244	0.00901	0.01198	0.00919	0.01311	0.00803	0.00759	0.07897	0.01515	0.73897	0.01938	0.01684	0.01223	0.00625	0.00508	0.00156	0.00439	0.00505	0.00617	0.00861
51	0.01049	0.00899	0.01049	0.00749	0.01198	0.00674	0.00599	0.01273	0.01049	0.01648	0.00899	0.01049	0.00749	0.00374	0.00374	0.00075	0.00374	0.00300	0.00300	0.85320
52	0.00616	0.00440	0.00587	0.00704	0.00733	0.00411	0.00469	0.00704	0.00968	0.01291	0.02787	0.81899	0.03344	0.01584	0.00645	0.00205	0.00293	0.01438	0.00469	0.00411
53	0.00724	0.00536	0.00785	0.00785	0.00865	0.00617	0.00597	0.00885	0.00804	0.01153	0.01380	0.02128	0.01326	0.12181	0.71921	0.00778	0.01262	0.00562	0.00275	0.00436
54	0.01888	0.00882	0.01284	0.20542	0.04435	0.00850	0.00929	0.02123	0.01323	0.56114	0.01669	0.01600	0.01085	0.00585	0.00505	0.00158	0.00494	0.00488	0.00508	0.02537
55	0.00996	0.00940	0.01544	0.67833	0.08760	0.01159	0.01376	0.01355	0.03699	0.01342	0.00929	0.01346	0.00713	0.00530	0.00574	0.00170	0.05456	0.00453	0.00236	0.00587
56	0.02952	0.01129	0.01342	0.01077	0.03273	0.05786	0.04265	0.21131	0.01529	0.27062	0.01373	0.03154	0.00999	0.00647	0.02198	0.00155	0.03539	0.00461	0.00452	0.17477
57	0.08612	0.03490	0.01654	0.04179	0.03904	0.41864	0.14156	0.05587	0.05943	0.01561	0.00991	0.01252	0.00813	0.00542	0.00483	0.00148	0.00769	0.03127	0.00296	0.00628
58	0.01034	0.07370	0.75031	0.01407	0.02136	0.01224	0.01809	0.01596	0.01065	0.01577	0.00895	0.01052	0.00641	0.00478	0.00471	0.00157	0.00735	0.00368	0.00214	0.00741
59	0.00983	0.00908	0.01403	0.24064	0.01904	0.01091	0.07956	0.03347	0.02700	0.01460	0.12033	0.01980	0.04143	0.05427	0.04100	0.00226	0.23257	0.02166	0.00307	0.00547
60	0.13906	0.01330	0.01393	0.01081	0.01472	0.01471	0.00893	0.63385	0.02122	0.06285	0.01174	0.01180	0.00832	0.00588	0.00478	0.00153	0.00528	0.00432	0.00483	0.00815
61	0.00617	0.00471	0.00556	0.00620	0.00701	0.00422	0.00426	0.00715	0.01022	0.01298	0.03593	0.47041	0.32006	0.07130	0.00763	0.00212	0.00293	0.01247	0.00458	0.00410
62	0.00710	0.00500	0.00660	0.00754	0.00808	0.00487	0.00559	0.00832	0.00991	0.01307	0.02508	0.39139	0.02888	0.17734	0.01052	0.00272	0.00394	0.27560	0.00435	0.00409
63	0.34196	0.01117	0.06730	0.00881	0.01265	0.02965	0.00773	0.08184	0.01271	0.35954	0.01326	0.01267	0.00890	0.00551	0.00430	0.00156	0.00461	0.00400	0.00457	0.00725
64	0.01301	0.01077	0.01145	0.01024	0.01314	0.01236	0.00798	0.02678	0.74912	0.05389	0.02055	0.01880	0.01531	0.00683	0.00514	0.00171	0.00401	0.00569	0.00519	0.00803
65	0.00661	0.00459	0.00573	0.00646	0.00664	0.00441	0.00407	0.00716	0.00880	0.01173	0.02333	0.51999	0.02771	0.32266	0.01379	0.00314	0.00368	0.01170	0.00407	0.00371
66	0.01889	0.02410	0.01433	0.01303	0.01563	0.80199	0.00977	0.02019	0.01433	0.01238	0.00782	0.00912	0.00651	0.00521	0.00456	0.00130	0.00912	0.00326	0.00261	0.00586
67	0.00598	0.00512	0.00512	0.00512	0.00683	0.00427	0.00384	0.00726	0.01153	0.01366	0.05123	0.04866	0.78869	0.01281	0.00598	0.00171	0.00256	0.01067	0.00470	0.00427
68	0.01870	0.05238	0.01476	0.01287	0.01554	0.77439	0.00973	0.02001	0.01419	0.01236	0.00779	0.00908	0.00651	0.00518	0.00451	0.00129	0.00899	0.00324	0.00259	0.00588
69	0.01016	0.00810	0.07826	0.00902	0.01102	0.00745	0.00777	0.02816	0.02263	0.12731	0.01403	0.01831	0.01191	0.02858	0.56896	0.00622	0.02811	0.00519	0.00326	0.00554
70	0.01664	0.01288	0.01372	0.01111	0.01470	0.01448	0.00899	0.48353	0.31834	0.02770	0.01542	0.01475	0.01126	0.00638	0.00509	0.00159	0.00496	0.00501	0.00509	0.00837
71	0.00829	0.00542	0.00712	0.00655	0.00795	0.00497	0.00497	0.01065	0.01433	0.07698	0.73180	0.03627	0.04513	0.01004	0.00590	0.00159	0.00253	0.00885	0.00562	0.00505
72	0.01429	0.01699	0.03283	0.01485	0.01722	0.33092	0.17981	0.01631	0.01151	0.01332	0.00863	0.01239	0.00757	0.00646	0.00884	0.00173	0.26831	0.02953	0.00253	0.00596
73	0.00814	0.00482	0.00723	0.00723	0.00760	0.00519	0.00519	0.00760	0.00723	0.01001	0.01076	0.01723	0.01038	0.02601	0.34420	0.50262	0.00819	0.00482	0.00241	0.00316
74	0.00878	0.00439	0.00659	0.00659	0.00659	0.00439	0.00439	0.00659	0.00659	0.00878	0.00878	0.01537	0.00878	0.01757	0.01976	0.85288	0.00439	0.00439	0.00220	0.00220
75	0.00650	0.00485	0.00632	0.00724	0.00778	0.00468	0.00514	0.00757	0.01003	0.01319	0.02988	0.62453	0.12349	0.01506	0.00679	0.00204	0.03024	0.08584	0.00461	0.00423
76	0.01508	0.01230	0.01694	0.03014	0.20539	0.01301	0.09418	0.34756	0.08617	0.04186	0.01342	0.07664	0.01099	0.00632	0.00526	0.00160	0.00564	0.00559	0.00412	0.00780
77	0.01838	0.01706	0.01483	0.01458	0.12552	0.37542	0.01015	0.11418	0.01475	0.18236	0.01112	0.01182	0.00828	0.00565	0.00550	0.00147	0.05414	0.00406	0.00365	0.00708
78	0.85801	0.00978	0.00743	0.00665	0.00978	0.01134	0.00548	0.01486	0.00861	0.02269	0.00704	0.00821	0.00548	0.00469	0.00313	0.00156	0.00391	0.00274	0.00313	0.00548
79	0.00616	0.00440	0.00587	0.00704	0.00733	0.00411	0.00469	0.00704	0.00968	0.01291	0.02787	0.81899	0.03344	0.01584	0.00645	0.00205	0.00293	0.01438	0.00469	0.00411
80	0.01144	0.33400	0.49964	0.01219	0.01845	0.01493	0.01482	0.01568	0.01052	0.01443	0.00829	0.00969	0.00644	0.00462	0.00420	0.00140	0.00668	0.00334	0.00215	0.00709
81	0.01057	0.00964	0.01437	0.30956	0.18724	0.00953	0.01101	0.01340	0.01057	0.01517	0.00910	0.01203	0.00732	0.00439	0.00450	0.00126	0.00534	0.00387	0.00261	0.35851
82	0.03022	0.01365	0.01894	0.03208	0.13613	0.05294	0.17122	0.33894	0.01642	0.02229	0.01029	0.01219	0.00788	0.00571	0.00662	0.00163	0.10703	0.00473	0.00358	0.00751
83	0.01153	0.01101	0.01875	0.28917	0.54029	0.01176	0.01503	0.01466	0.01105	0.01533	0.00934	0.01284	0.00759	0.00469	0.00502	0.00156	0.00625	0.00450	0.00242	0.00722
84	0.00615	0.00458	0.00572	0.00659	0.00723	0.00416	0.00450	0.00716	0.01022	0.01327	0.05340	0.62469	0.20390	0.01501	0.00633	0.00196	0.00284	0.01340	0.00472	0.00416
85	0.00668	0.00515	0.00609	0.00586	0.00726	0.00457	0.00439	0.00861	0.01318	0.01758	0.48768	0.04221	0.34980	0.01134	0.00597	0.00164	0.00246	0.00977	0.00521	0.00457
86	0.00672	0.00504	0.00623	0.00616	0.00735	0.00455	0.00453	0.00861	0.01293	0.01755	0.49381	0.15928	0.22514	0.01177	0.00604	0.00169	0.00251	0.01031	0.00522	0.00455
87	0.85801	0.00978	0.00743	0.00665	0.00978	0.01134	0.00548	0.01486	0.00861	0.02269	0.00704	0.00821	0.00548	0.00469	0.00313	0.00156	0.00391	0.00274	0.00313	0.00548
88	0.00616	0.00440	0.00587	0.00704	0.00733	0.00411	0.00469	0.00704	0.00968	0.01291	0.02787	0.81899	0.03344	0.01584	0.00645	0.00205	0.00293	0.01438	0.00469	0.00411
89	0.01163	0.00895	0.01060	0.00763	0.01207	0.00681	0.00613	0.01385	0.01086	0.08957	0.01002	0.01112	0.00796	0.00398	0.00387	0.00083	0.00380	0.00319	0.00330	0.77382
90	0.01282	0.01081	0.01144	0.01026	0.01314	0.01245	0.00799	0.02682	0.76311	0.03980	0.02057	0.01883	0.01537	0.00685	0.00514	0.00171	0.00401	0.00570	0.00517	0.00802
91	0.00723	0.00540	0.00805	0.00805	0.00893	0.00628	0.00623	0.00898	0.00811	0.01168	0.01361	0.02024	0.01280	0.05993	0.78047	0.00804	0.01330	0.00547	0.00272	0.00447
92	0.82885	0.00974	0.00758	0.00673	0.00989	0.01121	0.00554	0.01521	0.00881	0.04962	0.00749	0.00853	0.00572	0.00475	0.00320	0.00156	0.00393	0.00282	0.00324	0.00559
