[name]
unknown

[dist]
# distance from previous block
# <min> <max>
7	168

[block]
# block no. 0 follows, 46 sequences, length 6
# corresponding to MSA columns:
# 187-192
name=unknown_A
#
# <colnr> <probs for GDERKNQSTAVLIFYWHMCP>
#	G	D	E	R	K	N	Q	S	T	A	V	L	I	F	Y	W	H	M	C	P
0	0.00757	0.00558	0.00808	0.00808	0.00889	0.00638	0.00610	0.00918	0.00837	0.01197	0.01454	0.02285	0.01412	0.15633	0.67781	0.00799	0.01280	0.00597	0.00289	0.00449
1	0.01096	0.00940	0.01096	0.00783	0.01253	0.00705	0.00626	0.01331	0.01096	0.01723	0.00940	0.01096	0.00783	0.00392	0.00392	0.00078	0.00392	0.00313	0.00313	0.84653
2	0.00644	0.00460	0.00613	0.00736	0.00767	0.00429	0.00491	0.00736	0.01012	0.01350	0.02914	0.81076	0.03497	0.01656	0.00675	0.00215	0.00307	0.01503	0.00491	0.00429
3	0.00653	0.00503	0.00600	0.00672	0.00771	0.00451	0.00482	0.00774	0.01108	0.01400	0.03916	0.43667	0.34269	0.01509	0.00658	0.00202	0.00305	0.07128	0.00491	0.00441
4	0.01855	0.02202	0.01526	0.01350	0.01598	0.59232	0.01040	0.09982	0.01501	0.01510	0.00847	0.01018	0.00706	0.00612	0.00672	0.00153	0.12890	0.00373	0.00294	0.00638
5	0.00660	0.00532	0.00558	0.00554	0.00699	0.00462	0.00397	0.00783	0.01161	0.01427	0.11507	0.04717	0.58774	0.14323	0.00960	0.00232	0.00306	0.01044	0.00472	0.00431

[dist]
# distance from previous block
# <min> <max>
0	1

[block]
# block no. 1 follows, 46 sequences, length 22
# corresponding to MSA columns:
# 194-215
name=unknown_B
#
# <colnr> <probs for GDERKNQSTAVLIFYWHMCP>
#	G	D	E	R	K	N	Q	S	T	A	V	L	I	F	Y	W	H	M	C	P
0	0.01096	0.00940	0.01096	0.00783	0.01253	0.00705	0.00626	0.01331	0.01096	0.01723	0.00940	0.01096	0.00783	0.00392	0.00392	0.00078	0.00392	0.00313	0.00313	0.84653
1	0.00644	0.00460	0.00613	0.00736	0.00767	0.00429	0.00491	0.00736	0.01012	0.01350	0.02914	0.81076	0.03497	0.01656	0.00675	0.00215	0.00307	0.01503	0.00491	0.00429
2	0.01096	0.00940	0.01096	0.00783	0.01253	0.00705	0.00626	0.01331	0.01096	0.01723	0.00940	0.01096	0.00783	0.00392	0.00392	0.00078	0.00392	0.00313	0.00313	0.84653
3	0.85155	0.01022	0.00777	0.00695	0.01022	0.01186	0.00573	0.01554	0.00900	0.02372	0.00736	0.00859	0.00573	0.00491	0.00327	0.00164	0.00409	0.00286	0.00327	0.00573
4	0.01314	0.01155	0.01347	0.01421	0.13592	0.01306	0.00962	0.02620	0.65076	0.02134	0.01967	0.01867	0.01490	0.00678	0.00536	0.00176	0.00452	0.00578	0.00494	0.00837
5	0.00625	0.00536	0.00536	0.00536	0.00714	0.00446	0.00402	0.00759	0.01205	0.01428	0.05355	0.05088	0.77909	0.01339	0.00625	0.00179	0.00268	0.01116	0.00491	0.00446
6	0.01096	0.00940	0.01096	0.00783	0.01253	0.00705	0.00626	0.01331	0.01096	0.01723	0.00940	0.01096	0.00783	0.00392	0.00392	0.00078	0.00392	0.00313	0.00313	0.84653
7	0.01360	0.01158	0.01221	0.01085	0.01392	0.01336	0.00848	0.07619	0.72284	0.02285	0.02094	0.01926	0.01567	0.00712	0.00537	0.00178	0.00429	0.00590	0.00537	0.00841
8	0.01308	0.01256	0.02146	0.03245	0.78123	0.01256	0.01622	0.01622	0.01204	0.01727	0.00994	0.01308	0.00837	0.00471	0.00523	0.00157	0.00628	0.00471	0.00262	0.00837
9	0.00668	0.00537	0.00596	0.00581	0.00741	0.00465	0.00436	0.00843	0.01308	0.01672	0.30886	0.04687	0.52226	0.01248	0.00624	0.00174	0.00261	0.01059	0.00523	0.00465
10	0.00723	0.00546	0.00672	0.00658	0.00798	0.00495	0.00506	0.00939	0.01385	0.01869	0.49664	0.04474	0.25720	0.01192	0.00634	0.00177	0.00278	0.08241	0.00546	0.00483
11	0.00678	0.00476	0.00610	0.00696	0.00724	0.00452	0.00452	0.00758	0.00982	0.01316	0.06636	0.59113	0.03214	0.19955	0.01135	0.00281	0.00351	0.01305	0.00456	0.00408
12	0.01096	0.00940	0.01096	0.00783	0.01253	0.00705	0.00626	0.01331	0.01096	0.01723	0.00940	0.01096	0.00783	0.00392	0.00392	0.00078	0.00392	0.00313	0.00313	0.84653
13	0.00798	0.00613	0.00867	0.00844	0.00908	0.00724	0.00636	0.00939	0.00828	0.01188	0.01398	0.02285	0.01389	0.20468	0.54985	0.00715	0.09077	0.00600	0.00286	0.00450
14	0.01263	0.18099	0.31047	0.01218	0.01715	0.08709	0.01282	0.01942	0.20748	0.01661	0.01234	0.01331	0.00959	0.00778	0.05631	0.00201	0.00702	0.00429	0.00314	0.00739
15	0.25639	0.01351	0.17040	0.01033	0.03275	0.01048	0.00964	0.06190	0.03400	0.22220	0.01267	0.01345	0.00911	0.03518	0.00533	0.00169	0.00514	0.00417	0.00407	0.08760
16	0.17524	0.03431	0.07504	0.13125	0.08785	0.01367	0.07550	0.18685	0.01363	0.02080	0.01082	0.01299	0.02917	0.00601	0.00641	0.00173	0.10385	0.00456	0.00331	0.00701
17	0.03524	0.00932	0.01076	0.00946	0.01138	0.02786	0.00752	0.17015	0.04532	0.01809	0.02200	0.03968	0.18757	0.03920	0.19409	0.00348	0.13406	0.00664	0.00392	0.02425
18	0.17319	0.01189	0.01186	0.00987	0.01305	0.05631	0.00782	0.31151	0.06999	0.09603	0.01478	0.10040	0.01259	0.05998	0.00643	0.00188	0.00508	0.00573	0.00466	0.02695
19	0.03579	0.01409	0.21082	0.01072	0.01465	0.01052	0.01029	0.15617	0.12990	0.02043	0.06604	0.16576	0.01713	0.02937	0.00596	0.00177	0.00510	0.00685	0.00417	0.08448
20	0.01364	0.01237	0.01080	0.00980	0.01192	0.23241	0.02276	0.01638	0.09397	0.10565	0.01829	0.16465	0.04440	0.14032	0.02928	0.00237	0.00599	0.00712	0.00405	0.05384
21	0.06606	0.02930	0.01046	0.00957	0.03300	0.00928	0.00709	0.09254	0.16245	0.10673	0.01912	0.20061	0.01798	0.07112	0.13708	0.00314	0.00594	0.00761	0.00453	0.00639

[dist]
# distance from previous block
# <min> <max>
18	60

[block]
# block no. 2 follows, 46 sequences, length 15
# corresponding to MSA columns:
# 278-292
name=unknown_C
#
# <colnr> <probs for GDERKNQSTAVLIFYWHMCP>
#	G	D	E	R	K	N	Q	S	T	A	V	L	I	F	Y	W	H	M	C	P
0	0.09229	0.00848	0.01012	0.15930	0.01502	0.00926	0.00765	0.13805	0.05962	0.01896	0.10465	0.09064	0.14459	0.09272	0.02422	0.00224	0.00477	0.00740	0.00423	0.00577
1	0.13192	0.01211	0.01266	0.01033	0.01351	0.03436	0.00830	0.40426	0.01765	0.02536	0.01336	0.08834	0.01179	0.05540	0.00700	0.00184	0.04831	0.02245	0.00443	0.07660
2	0.09669	0.05186	0.02964	0.00825	0.01098	0.00831	0.00673	0.01310	0.07345	0.01697	0.10122	0.09453	0.01744	0.01468	0.18222	0.00301	0.00624	0.02627	0.00372	0.23470
3	0.07107	0.08914	0.24471	0.05540	0.01690	0.01045	0.05137	0.01406	0.01109	0.01643	0.01589	0.01706	0.12485	0.00593	0.00471	0.00141	0.00551	0.00480	0.00299	0.23622
4	0.12068	0.00979	0.01082	0.00838	0.01248	0.00881	0.00670	0.03205	0.12991	0.08250	0.01243	0.02852	0.00985	0.00507	0.00426	0.00116	0.00405	0.00399	0.00386	0.50468
5	0.04859	0.00972	0.01139	0.00948	0.01220	0.00996	0.00747	0.19017	0.01370	0.01993	0.03582	0.20876	0.01573	0.00854	0.00676	0.00157	0.11030	0.00681	0.00405	0.26906
6	0.00803	0.00614	0.00779	0.00764	0.00830	0.00636	0.00536	0.00900	0.00972	0.01353	0.10277	0.28167	0.02556	0.28168	0.01452	0.00301	0.10054	0.03061	0.00397	0.07378
7	0.01233	0.01004	0.01199	0.07396	0.01499	0.00858	0.00746	0.10421	0.01272	0.03973	0.01011	0.01162	0.00805	0.00439	0.00423	0.00098	0.00442	0.00352	0.00342	0.65323
8	0.00918	0.00459	0.00689	0.00689	0.00689	0.00459	0.00459	0.00689	0.00689	0.00918	0.00918	0.01607	0.00918	0.01837	0.02066	0.84619	0.00459	0.00459	0.00230	0.00230
9	0.02349	0.00936	0.01250	0.00958	0.01368	0.00832	0.00791	0.07247	0.01575	0.73731	0.02034	0.01766	0.01283	0.00653	0.00531	0.00163	0.00458	0.00528	0.00646	0.00900
10	0.01188	0.01259	0.02263	0.33513	0.09971	0.05452	0.32874	0.01560	0.01176	0.01538	0.00993	0.01373	0.00759	0.00485	0.00561	0.00170	0.00780	0.00523	0.00256	0.03308
11	0.01649	0.01440	0.01288	0.01082	0.01395	0.18467	0.00853	0.36478	0.04238	0.04760	0.02038	0.08467	0.13909	0.00819	0.00546	0.00162	0.00580	0.00643	0.00467	0.00720
12	0.01545	0.13006	0.16759	0.01316	0.01798	0.01502	0.10212	0.35606	0.03750	0.02363	0.01235	0.06270	0.00995	0.00627	0.00518	0.00160	0.00634	0.00518	0.00393	0.00791
13	0.01250	0.00935	0.01112	0.00802	0.01265	0.00713	0.00645	0.01481	0.01147	0.10987	0.01078	0.01181	0.00846	0.00423	0.00408	0.00089	0.00399	0.00340	0.00354	0.74545
14	0.01298	0.00739	0.00925	0.00782	0.01048	0.00641	0.00594	0.01498	0.03150	0.24141	0.07118	0.15396	0.07215	0.10395	0.02834	0.00212	0.00418	0.00741	0.00479	0.20377

[dist]
# distance from previous block
# <min> <max>
1	2

[block]
# block no. 3 follows, 46 sequences, length 16
# corresponding to MSA columns:
# 295-310
name=unknown_D
#
# <colnr> <probs for GDERKNQSTAVLIFYWHMCP>
#	G	D	E	R	K	N	Q	S	T	A	V	L	I	F	Y	W	H	M	C	P
0	0.00898	0.00669	0.00948	0.00942	0.01048	0.00742	0.00719	0.01046	0.00940	0.01360	0.01542	0.02244	0.01439	0.03981	0.77700	0.00860	0.01442	0.00608	0.00330	0.00545
1	0.00736	0.00540	0.00689	0.00652	0.00782	0.00493	0.00489	0.00973	0.01467	0.02049	0.70432	0.04065	0.12444	0.01107	0.00624	0.00168	0.00251	0.00972	0.00573	0.00493
2	0.01248	0.01426	0.03119	0.02228	0.02763	0.01337	0.76203	0.01693	0.01248	0.01693	0.01070	0.01426	0.00802	0.00446	0.00624	0.00178	0.00891	0.00624	0.00267	0.00713
3	0.01248	0.01426	0.03119	0.02228	0.02763	0.01337	0.76203	0.01693	0.01248	0.01693	0.01070	0.01426	0.00802	0.00446	0.00624	0.00178	0.00891	0.00624	0.00267	0.00713
4	0.00640	0.00536	0.00557	0.00552	0.00724	0.00453	0.00414	0.00789	0.01242	0.01515	0.14451	0.04945	0.68759	0.01306	0.00625	0.00177	0.00265	0.01096	0.00502	0.00453
5	0.00946	0.00785	0.00862	0.00827	0.01033	0.00824	0.00639	0.01661	0.32503	0.01845	0.12616	0.08964	0.25690	0.01084	0.00602	0.00186	0.00350	0.07449	0.00521	0.00616
6	0.00697	0.00494	0.00656	0.00766	0.00811	0.00473	0.00543	0.00809	0.01027	0.01362	0.02764	0.58553	0.03247	0.09774	0.00892	0.00251	0.00363	0.15616	0.00473	0.00429
7	0.00998	0.00940	0.01586	0.80150	0.03641	0.01175	0.01468	0.01351	0.01057	0.01351	0.00940	0.01409	0.00705	0.00529	0.00529	0.00176	0.00705	0.00470	0.00235	0.00587
8	0.01889	0.01182	0.01342	0.01083	0.01459	0.01260	0.00877	0.28432	0.27362	0.26512	0.01823	0.01672	0.01268	0.00669	0.00533	0.00167	0.00485	0.00534	0.00571	0.00878
9	0.03962	0.01292	0.01385	0.01092	0.01466	0.01407	0.00898	0.59434	0.02195	0.05191	0.01744	0.01828	0.08450	0.00726	0.00533	0.00162	0.00526	0.03004	0.03886	0.00817
10	0.00742	0.00540	0.00698	0.00658	0.00786	0.00496	0.00494	0.00985	0.01481	0.02083	0.74010	0.04009	0.08846	0.01094	0.00624	0.00167	0.00250	0.00965	0.00577	0.00496
11	0.00687	0.00519	0.00710	0.00748	0.00833	0.00478	0.02982	0.00832	0.01155	0.01552	0.20922	0.52336	0.11371	0.01447	0.00656	0.00198	0.00308	0.01304	0.00505	0.00457
12	0.01096	0.00940	0.01096	0.00783	0.01253	0.00705	0.00626	0.01331	0.01096	0.01723	0.00940	0.01096	0.00783	0.00392	0.00392	0.00078	0.00392	0.00313	0.00313	0.84653
13	0.00935	0.00507	0.00753	0.00737	0.00737	0.00539	0.00507	0.00729	0.00697	0.00943	0.00903	0.01576	0.00903	0.01774	0.02043	0.78820	0.05957	0.00459	0.00230	0.00254
14	0.01373	0.01763	0.24536	0.01482	0.11151	0.09180	0.01278	0.09151	0.23472	0.04691	0.01596	0.01622	0.05097	0.00628	0.00523	0.00166	0.00616	0.00507	0.00383	0.00785
15	0.01257	0.34004	0.25860	0.01471	0.13838	0.01504	0.01334	0.01595	0.01135	0.03633	0.01091	0.01554	0.00960	0.00579	0.00464	0.00152	0.00631	0.07948	0.00269	0.00722

[dist]
# distance from previous block
# <min> <max>
0	1

[block]
# block no. 4 follows, 46 sequences, length 27
# corresponding to MSA columns:
# 314-340
name=unknown_E
#
# <colnr> <probs for GDERKNQSTAVLIFYWHMCP>
#	G	D	E	R	K	N	Q	S	T	A	V	L	I	F	Y	W	H	M	C	P
0	0.19974	0.41007	0.15427	0.01016	0.01477	0.10571	0.01027	0.01653	0.01091	0.01575	0.00782	0.00909	0.00654	0.00480	0.00381	0.00136	0.00613	0.00309	0.00253	0.00665
1	0.00760	0.00543	0.00745	0.00856	0.00940	0.00528	0.00680	0.00942	0.01152	0.01524	0.07935	0.36493	0.03360	0.01515	0.00700	0.00226	0.00397	0.39744	0.00495	0.00464
2	0.01099	0.01302	0.08817	0.01747	0.05196	0.03631	0.41847	0.01481	0.03462	0.01604	0.01572	0.22622	0.01531	0.00786	0.00615	0.00185	0.00703	0.00822	0.00331	0.00649
3	0.00643	0.00465	0.00608	0.00723	0.00763	0.00431	0.00485	0.00738	0.01025	0.01355	0.03079	0.75923	0.08543	0.01635	0.00671	0.00212	0.00304	0.01477	0.00491	0.00431
4	0.01110	0.00872	0.01035	0.01030	0.01241	0.00953	0.00856	0.06865	0.30814	0.01945	0.02444	0.04094	0.02342	0.01116	0.00642	0.00213	0.00467	0.40801	0.00510	0.00651
5	0.01413	0.81739	0.02770	0.00905	0.01357	0.02092	0.00905	0.01583	0.01074	0.01244	0.00735	0.00848	0.00678	0.00452	0.00339	0.00113	0.00565	0.00283	0.00226	0.00678
6	0.02372	0.00900	0.01227	0.00941	0.01350	0.00777	0.00777	0.02576	0.01513	0.78489	0.02086	0.01799	0.01309	0.00654	0.00532	0.00164	0.00450	0.00532	0.00654	0.00900
7	0.00767	0.00519	0.00608	0.00608	0.00619	0.00530	0.00360	0.00789	0.00778	0.01048	0.01637	0.03300	0.01853	0.72469	0.11548	0.00551	0.00617	0.00745	0.00316	0.00338
8	0.00998	0.00940	0.01586	0.80150	0.03641	0.01175	0.01468	0.01351	0.01057	0.01351	0.00940	0.01409	0.00705	0.00529	0.00529	0.00176	0.00705	0.00470	0.00235	0.00587
9	0.38758	0.00954	0.01029	0.00833	0.01206	0.00957	0.00687	0.02127	0.01243	0.45033	0.01492	0.01386	0.00985	0.00582	0.00442	0.00164	0.00432	0.00424	0.00511	0.00756
10	0.01096	0.00940	0.01096	0.00783	0.01253	0.00705	0.00626	0.01331	0.01096	0.01723	0.00940	0.01096	0.00783	0.00392	0.00392	0.00078	0.00392	0.00313	0.00313	0.84653
11	0.00644	0.00460	0.00613	0.00736	0.00767	0.00429	0.00491	0.00736	0.01012	0.01350	0.02914	0.81076	0.03497	0.01656	0.00675	0.00215	0.00307	0.01503	0.00491	0.00429
12	0.00805	0.00604	0.00852	0.00834	0.00916	0.00698	0.00631	0.02805	0.00875	0.01247	0.01426	0.02257	0.01389	0.17043	0.61100	0.00750	0.04419	0.00595	0.00294	0.00461
13	0.01060	0.02735	0.78682	0.01507	0.02288	0.01228	0.01953	0.01674	0.01116	0.01674	0.00949	0.01116	0.00670	0.00502	0.00502	0.00167	0.00781	0.00391	0.00223	0.00781
14	0.00743	0.00540	0.00700	0.00660	0.00787	0.00497	0.00495	0.00988	0.01485	0.02092	0.74891	0.03995	0.07959	0.01091	0.00624	0.00167	0.00250	0.00963	0.00578	0.00497
15	0.00769	0.00513	0.00577	0.00577	0.00577	0.00513	0.00320	0.00769	0.00769	0.01025	0.01666	0.03460	0.01922	0.81421	0.02691	0.00513	0.00513	0.00769	0.00320	0.00320
16	0.01284	0.01232	0.02102	0.09213	0.72343	0.01250	0.01610	0.01601	0.01192	0.01698	0.00990	0.01316	0.00827	0.00475	0.00524	0.00158	0.00634	0.00471	0.00260	0.00818
17	0.00651	0.00465	0.00621	0.00744	0.00778	0.00435	0.00503	0.00748	0.01019	0.01357	0.02910	0.78581	0.03481	0.01650	0.00677	0.00216	0.00313	0.03930	0.00491	0.00431
18	0.00665	0.00479	0.00631	0.00716	0.00770	0.00444	0.00490	0.00792	0.01119	0.01514	0.18758	0.62720	0.05884	0.01526	0.00663	0.00203	0.00294	0.01377	0.00510	0.00444
19	0.01060	0.02735	0.78682	0.01507	0.02288	0.01228	0.01953	0.01674	0.01116	0.01674	0.00949	0.01116	0.00670	0.00502	0.00502	0.00167	0.00781	0.00391	0.00223	0.00781
20	0.00639	0.00539	0.00555	0.00560	0.00734	0.00456	0.00426	0.00781	0.01214	0.01455	0.07235	0.05098	0.72312	0.01338	0.00630	0.00181	0.00278	0.04626	0.00493	0.00450
21	0.00705	0.00539	0.00647	0.00620	0.00763	0.00480	0.00465	0.00914	0.01394	0.01877	0.52416	0.04348	0.30568	0.01171	0.00624	0.00171	0.00256	0.01012	0.00550	0.00480
22	0.01167	0.01168	0.01574	0.66632	0.03297	0.11394	0.01391	0.04520	0.01173	0.01424	0.00937	0.01344	0.00710	0.00535	0.00522	0.00170	0.00732	0.00453	0.00252	0.00603
23	0.01975	0.02520	0.01498	0.01362	0.01634	0.79299	0.01021	0.02111	0.01498	0.01294	0.00817	0.00953	0.00681	0.00545	0.00477	0.00136	0.00953	0.00340	0.00272	0.00613
24	0.01157	0.01157	0.01619	0.01388	0.01388	0.01619	0.01157	0.01272	0.00810	0.01272	0.00694	0.01157	0.00694	0.00925	0.01735	0.00231	0.80453	0.00463	0.00231	0.00578
25	0.01114	0.02215	0.50266	0.01726	0.02402	0.01241	0.27320	0.01659	0.01174	0.01695	0.03507	0.01315	0.00856	0.00502	0.00548	0.00171	0.00802	0.00489	0.00250	0.00749
26	0.01689	0.24269	0.01839	0.01097	0.01502	0.01698	0.00940	0.39144	0.18243	0.02495	0.01308	0.01301	0.00991	0.00601	0.00477	0.00150	0.00542	0.00447	0.00445	0.00823

[dist]
# distance from previous block
# <min> <max>
0	3

[block]
# block no. 5 follows, 46 sequences, length 18
# corresponding to MSA columns:
# 344-361
name=unknown_F
#
# <colnr> <probs for GDERKNQSTAVLIFYWHMCP>
#	G	D	E	R	K	N	Q	S	T	A	V	L	I	F	Y	W	H	M	C	P
0	0.01348	0.05089	0.02489	0.02586	0.39203	0.08130	0.30001	0.01690	0.01240	0.01654	0.00996	0.01301	0.00803	0.00467	0.00549	0.00161	0.00754	0.00509	0.00263	0.00763
1	0.01008	0.00901	0.01306	0.46218	0.02546	0.01063	0.01121	0.01585	0.18059	0.01650	0.11733	0.02139	0.07095	0.00703	0.00550	0.00176	0.00549	0.00610	0.00367	0.00621
2	0.01314	0.01167	0.01179	0.01085	0.01361	0.06657	0.00856	0.04418	0.59388	0.02089	0.02126	0.02439	0.01729	0.00807	0.00560	0.00185	0.00469	0.10884	0.00512	0.00774
3	0.00656	0.00468	0.00627	0.00749	0.00785	0.00439	0.00511	0.00756	0.01024	0.01363	0.02907	0.76858	0.03471	0.01645	0.00678	0.00216	0.00317	0.05606	0.00491	0.00433
4	0.04930	0.24417	0.24249	0.01176	0.01703	0.03388	0.01219	0.23726	0.01536	0.07411	0.01051	0.01119	0.00781	0.00538	0.00459	0.00148	0.00628	0.00390	0.00349	0.00783
5	0.01388	0.01545	0.02008	0.01853	0.13413	0.19312	0.18032	0.01612	0.01126	0.01441	0.00852	0.01194	0.00737	0.00661	0.01013	0.00186	0.32246	0.00472	0.00253	0.00656
6	0.01208	0.01171	0.00980	0.00922	0.01114	0.20561	0.00685	0.13757	0.01422	0.01678	0.02667	0.26966	0.20334	0.03279	0.00643	0.00185	0.00512	0.00924	0.00437	0.00556
7	0.00985	0.00493	0.00493	0.00493	0.00616	0.00493	0.00370	0.01232	0.01109	0.01971	0.01725	0.01971	0.01355	0.00616	0.00370	0.00123	0.00246	0.00493	0.84356	0.00493
8	0.00686	0.00460	0.00625	0.00729	0.00755	0.00434	0.00486	0.00729	0.00963	0.01284	0.02610	0.68992	0.03104	0.01684	0.00886	0.13049	0.00330	0.01344	0.00451	0.00399
9	0.01133	0.01124	0.01614	0.13356	0.01730	0.01552	0.01204	0.01284	0.00847	0.01284	0.00731	0.01195	0.00696	0.00865	0.01552	0.00223	0.68335	0.00464	0.00232	0.00580
10	0.00748	0.00540	0.00707	0.00665	0.00790	0.00499	0.00499	0.00998	0.01496	0.02120	0.77844	0.03949	0.04988	0.01081	0.00624	0.00166	0.00249	0.00956	0.00582	0.00499
11	0.01227	0.39974	0.42900	0.01223	0.01849	0.01635	0.01459	0.01631	0.01096	0.01471	0.00848	0.00990	0.00674	0.00479	0.00425	0.00142	0.00680	0.00340	0.00225	0.00733
12	0.01977	0.02446	0.01504	0.01352	0.01635	0.73810	0.01020	0.07358	0.01568	0.01438	0.00849	0.00976	0.00696	0.00551	0.00480	0.00138	0.00927	0.00350	0.00291	0.00633
13	0.00853	0.00565	0.00729	0.00674	0.00823	0.00514	0.00511	0.01090	0.01474	0.07461	0.66572	0.03890	0.10682	0.01072	0.00617	0.00167	0.00265	0.00939	0.00580	0.00523
14	0.01308	0.01256	0.02146	0.03245	0.78123	0.01256	0.01622	0.01622	0.01204	0.01727	0.00994	0.01308	0.00837	0.00471	0.00523	0.00157	0.00628	0.00471	0.00262	0.00837
15	0.00988	0.00917	0.01535	0.74635	0.03464	0.01135	0.01425	0.01333	0.01068	0.01367	0.01069	0.01727	0.00868	0.00593	0.00543	0.00181	0.00690	0.05631	0.00252	0.00580
16	0.24083	0.01230	0.01407	0.01147	0.03705	0.01312	0.06982	0.29930	0.08407	0.06856	0.01194	0.01249	0.00877	0.00560	0.00470	0.00156	0.00521	0.00435	0.00432	0.09046
17	0.03848	0.01189	0.01666	0.13302	0.01964	0.01317	0.12435	0.21508	0.12692	0.10614	0.04578	0.01567	0.01148	0.00649	0.00670	0.00176	0.08964	0.00535	0.00425	0.00755

[dist]
# distance from previous block
# <min> <max>
0	3

[block]
# block no. 6 follows, 46 sequences, length 42
# corresponding to MSA columns:
# 365-406
name=unknown_G
#
# <colnr> <probs for GDERKNQSTAVLIFYWHMCP>
#	G	D	E	R	K	N	Q	S	T	A	V	L	I	F	Y	W	H	M	C	P
0	0.01099	0.01348	0.11442	0.01582	0.09334	0.09799	0.20989	0.01383	0.01146	0.01505	0.01592	0.26069	0.01631	0.01021	0.04211	0.00214	0.03877	0.00811	0.00330	0.00618
1	0.02887	0.29981	0.17150	0.01670	0.11597	0.01568	0.21183	0.01690	0.04592	0.01572	0.00962	0.01162	0.00770	0.00475	0.00478	0.00150	0.00691	0.00432	0.00257	0.00732
2	0.01223	0.01123	0.01904	0.01456	0.01824	0.01120	0.31849	0.05191	0.18570	0.04955	0.18405	0.02101	0.01937	0.00672	0.00609	0.00172	0.02074	0.00667	0.00426	0.03722
3	0.00636	0.00493	0.00579	0.00649	0.00744	0.00437	0.00452	0.00746	0.01096	0.01384	0.03979	0.47910	0.35975	0.01518	0.00653	0.00199	0.00290	0.01334	0.00491	0.00437
4	0.00769	0.00513	0.00577	0.00577	0.00577	0.00513	0.00320	0.00769	0.00769	0.01025	0.01666	0.03460	0.01922	0.81421	0.02691	0.00513	0.00513	0.00769	0.00320	0.00320
5	0.01096	0.00940	0.01096	0.00783	0.01253	0.00705	0.00626	0.01331	0.01096	0.01723	0.00940	0.01096	0.00783	0.00392	0.00392	0.00078	0.00392	0.00313	0.00313	0.84653
6	0.01060	0.02735	0.78682	0.01507	0.02288	0.01228	0.01953	0.01674	0.01116	0.01674	0.00949	0.01116	0.00670	0.00502	0.00502	0.00167	0.00781	0.00391	0.00223	0.00781
7	0.00755	0.00566	0.00850	0.00850	0.00944	0.00661	0.00661	0.00944	0.00850	0.01227	0.01416	0.02077	0.01322	0.03965	0.79326	0.00850	0.01416	0.00566	0.00283	0.00472
8	0.31075	0.08385	0.01348	0.01091	0.01398	0.45701	0.00855	0.01873	0.01254	0.01668	0.00782	0.00912	0.00643	0.00518	0.00413	0.00144	0.00731	0.00317	0.00288	0.00604
9	0.00985	0.00493	0.00493	0.00493	0.00616	0.00493	0.00370	0.01232	0.01109	0.01971	0.01725	0.01971	0.01355	0.00616	0.00370	0.00123	0.00246	0.00493	0.84356	0.00493
10	0.00644	0.00460	0.00613	0.00736	0.00767	0.00429	0.00491	0.00736	0.01012	0.01350	0.02914	0.81076	0.03497	0.01656	0.00675	0.00215	0.00307	0.01503	0.00491	0.00429
11	0.00693	0.00504	0.00656	0.00718	0.00798	0.00468	0.00517	0.00850	0.01195	0.01612	0.26034	0.44393	0.10267	0.01436	0.00660	0.00199	0.00302	0.07723	0.00518	0.00457
12	0.00644	0.00460	0.00613	0.00736	0.00767	0.00429	0.00491	0.00736	0.01012	0.01350	0.02914	0.81076	0.03497	0.01656	0.00675	0.00215	0.00307	0.01503	0.00491	0.00429
13	0.02010	0.01481	0.01587	0.01216	0.01639	0.01639	0.01005	0.76360	0.02486	0.03332	0.01269	0.01269	0.00899	0.00635	0.00529	0.00159	0.00582	0.00476	0.00529	0.00899
14	0.01096	0.00940	0.01096	0.00783	0.01253	0.00705	0.00626	0.01331	0.01096	0.01723	0.00940	0.01096	0.00783	0.00392	0.00392	0.00078	0.00392	0.00313	0.00313	0.84653
15	0.02372	0.00900	0.01227	0.00941	0.01350	0.00777	0.00777	0.02576	0.01513	0.78489	0.02086	0.01799	0.01309	0.00654	0.00532	0.00164	0.00450	0.00532	0.00654	0.00900
16	0.01975	0.02520	0.01498	0.01362	0.01634	0.79299	0.01021	0.02111	0.01498	0.01294	0.00817	0.00953	0.00681	0.00545	0.00477	0.00136	0.00953	0.00340	0.00272	0.00613
17	0.00663	0.00468	0.00608	0.00712	0.00738	0.00442	0.00465	0.00741	0.00975	0.01300	0.02723	0.69205	0.03256	0.13855	0.00983	0.00260	0.00338	0.01391	0.00465	0.00413
18	0.00918	0.00459	0.00689	0.00689	0.00689	0.00459	0.00459	0.00689	0.00689	0.00918	0.00918	0.01607	0.00918	0.01837	0.02066	0.84619	0.00459	0.00459	0.00230	0.00230
19	0.08193	0.01211	0.01882	0.06911	0.06843	0.01266	0.24348	0.09717	0.20802	0.09248	0.01431	0.01546	0.01057	0.00646	0.02359	0.00188	0.00640	0.00544	0.00403	0.00764
20	0.01248	0.01426	0.03119	0.02228	0.02763	0.01337	0.76203	0.01693	0.01248	0.01693	0.01070	0.01426	0.00802	0.00446	0.00624	0.00178	0.00891	0.00624	0.00267	0.00713
21	0.01907	0.12441	0.01666	0.01292	0.01600	0.63284	0.01005	0.08033	0.01524	0.01452	0.00843	0.00966	0.00698	0.00540	0.00464	0.00135	0.00874	0.00344	0.00287	0.00644
22	0.01238	0.00721	0.00857	0.00762	0.00998	0.00665	0.00597	0.08928	0.01405	0.21261	0.09073	0.11087	0.31618	0.03426	0.00662	0.00189	0.00368	0.05001	0.00538	0.00608
23	0.01236	0.01391	0.02922	0.02117	0.02582	0.01374	0.66316	0.01638	0.01190	0.01638	0.01020	0.01391	0.00788	0.00509	0.00770	0.00185	0.11373	0.00603	0.00263	0.00695
24	0.01988	0.02443	0.01492	0.01345	0.01626	0.74905	0.01013	0.04002	0.01524	0.03735	0.00868	0.00988	0.00706	0.00550	0.00480	0.00138	0.00928	0.00350	0.00291	0.00629
25	0.00769	0.00513	0.00577	0.00577	0.00577	0.00513	0.00320	0.00769	0.00769	0.01025	0.01666	0.03460	0.01922	0.81421	0.02691	0.00513	0.00513	0.00769	0.00320	0.00320
26	0.01592	0.01699	0.01368	0.01291	0.04964	0.32303	0.00950	0.04122	0.41990	0.01850	0.01549	0.01522	0.01192	0.00636	0.00513	0.00161	0.00644	0.00487	0.00420	0.00749
27	0.08949	0.01248	0.01743	0.31598	0.35220	0.09340	0.01406	0.01565	0.01152	0.01600	0.00932	0.01268	0.00747	0.00502	0.00502	0.00163	0.00671	0.00440	0.00259	0.00696
28	0.01413	0.81739	0.02770	0.00905	0.01357	0.02092	0.00905	0.01583	0.01074	0.01244	0.00735	0.00848	0.00678	0.00452	0.00339	0.00113	0.00565	0.00283	0.00226	0.00678
29	0.01716	0.01405	0.01364	0.01139	0.01490	0.11630	0.00905	0.26965	0.33571	0.09056	0.01640	0.01563	0.01202	0.00652	0.00522	0.00162	0.00545	0.00509	0.00503	0.03459
30	0.01914	0.02320	0.01440	0.01297	0.01570	0.68994	0.00979	0.07100	0.01540	0.01476	0.00906	0.01040	0.00739	0.00555	0.00473	0.00137	0.00883	0.00359	0.05654	0.00625
31	0.00636	0.00493	0.00580	0.00650	0.00744	0.00437	0.00452	0.00746	0.01095	0.01383	0.03966	0.48321	0.35572	0.01519	0.00653	0.00199	0.00290	0.01336	0.00491	0.00437
32	0.00644	0.00460	0.00613	0.00736	0.00767	0.00429	0.00491	0.00736	0.01012	0.01350	0.02914	0.81076	0.03497	0.01656	0.00675	0.00215	0.00307	0.01503	0.00491	0.00429
33	0.01993	0.02287	0.01506	0.01324	0.01627	0.63194	0.01011	0.15274	0.01673	0.03967	0.00935	0.01035	0.00738	0.00564	0.00488	0.00141	0.00872	0.00370	0.00329	0.00672
34	0.01358	0.01157	0.01220	0.01085	0.01391	0.01335	0.00847	0.07390	0.72516	0.02281	0.02097	0.01929	0.01569	0.00712	0.00537	0.00178	0.00429	0.00590	0.00537	0.00841
35	0.00654	0.00537	0.00575	0.00566	0.00732	0.00459	0.00424	0.00814	0.01273	0.01589	0.22249	0.04822	0.60915	0.01279	0.00625	0.00176	0.00263	0.01079	0.00512	0.00459
36	0.00766	0.00523	0.00628	0.00628	0.00646	0.00541	0.00385	0.00802	0.00784	0.01063	0.01619	0.03198	0.01809	0.66789	0.17168	0.00576	0.00683	0.00731	0.00313	0.00349
37	0.01093	0.01152	0.02376	0.01751	0.02156	0.01084	0.52673	0.01475	0.01296	0.01786	0.21474	0.02126	0.01937	0.00774	0.04192	0.00206	0.00745	0.00709	0.00352	0.00645
38	0.01150	0.01190	0.01158	0.01081	0.01206	0.21714	0.00844	0.01312	0.01015	0.01253	0.01129	0.01616	0.01040	0.02518	0.44646	0.00551	0.15290	0.00488	0.00271	0.00528
39	0.01157	0.01157	0.01619	0.01388	0.01388	0.01619	0.01157	0.01272	0.00810	0.01272	0.00694	0.01157	0.00694	0.00925	0.01735	0.00231	0.80453	0.00463	0.00231	0.00578
40	0.01922	0.02437	0.01463	0.01337	0.01600	0.76149	0.01000	0.02056	0.01479	0.01296	0.00901	0.04153	0.00793	0.00589	0.00485	0.00139	0.00928	0.00387	0.00281	0.00606
41	0.00872	0.00780	0.00761	0.00817	0.00910	0.10870	0.00572	0.03939	0.01155	0.01429	0.02824	0.59499	0.10694	0.01436	0.00638	0.00198	0.00399	0.01269	0.00464	0.00474

[dist]
# distance from previous block
# <min> <max>
0	277

[block]
# block no. 7 follows, 46 sequences, length 67
# corresponding to MSA columns:
# 685-751
name=unknown_H
#
# <colnr> <probs for GDERKNQSTAVLIFYWHMCP>
#	G	D	E	R	K	N	Q	S	T	A	V	L	I	F	Y	W	H	M	C	P
0	0.01248	0.01426	0.03119	0.02228	0.02763	0.01337	0.76203	0.01693	0.01248	0.01693	0.01070	0.01426	0.00802	0.00446	0.00624	0.00178	0.00891	0.00624	0.00267	0.00713
1	0.01308	0.01256	0.02146	0.03245	0.78123	0.01256	0.01622	0.01622	0.01204	0.01727	0.00994	0.01308	0.00837	0.00471	0.00523	0.00157	0.00628	0.00471	0.00262	0.00837
2	0.01877	0.01415	0.01512	0.01189	0.01589	0.01577	0.00973	0.62291	0.16772	0.03117	0.01438	0.01404	0.01036	0.00650	0.00531	0.00163	0.00550	0.00499	0.00531	0.00887
3	0.01297	0.01244	0.02125	0.06154	0.75305	0.01253	0.01617	0.01612	0.01198	0.01713	0.00992	0.01312	0.00832	0.00473	0.00524	0.00158	0.00631	0.00471	0.00261	0.00828
4	0.00748	0.00540	0.00707	0.00665	0.00790	0.00499	0.00499	0.00998	0.01496	0.02120	0.77844	0.03949	0.04988	0.01081	0.00624	0.00166	0.00249	0.00956	0.00582	0.00499
5	0.02010	0.01481	0.01587	0.01216	0.01639	0.01639	0.01005	0.76360	0.02486	0.03332	0.01269	0.01269	0.00899	0.00635	0.00529	0.00159	0.00582	0.00476	0.00529	0.00899
6	0.01480	0.01222	0.01159	0.01027	0.01320	0.12705	0.00798	0.02391	0.43892	0.13467	0.04973	0.02191	0.09535	0.00760	0.00540	0.00170	0.00481	0.00617	0.00513	0.00760
7	0.02304	0.00954	0.01254	0.00967	0.01373	0.00864	0.00797	0.08326	0.04451	0.69756	0.02025	0.01765	0.01288	0.00655	0.00532	0.00164	0.00459	0.00530	0.00640	0.00897
8	0.01060	0.02735	0.78682	0.01507	0.02288	0.01228	0.01953	0.01674	0.01116	0.01674	0.00949	0.01116	0.00670	0.00502	0.00502	0.00167	0.00781	0.00391	0.00223	0.00781
9	0.00852	0.00608	0.00852	0.00974	0.01095	0.00608	0.00852	0.01095	0.01217	0.01582	0.02799	0.05963	0.03042	0.01460	0.00730	0.00243	0.00487	0.74565	0.00487	0.00487
10	0.00643	0.00464	0.00610	0.00726	0.00764	0.00430	0.00486	0.00737	0.01022	0.01353	0.03036	0.77263	0.07230	0.01640	0.00672	0.00213	0.00305	0.01483	0.00491	0.00430
11	0.00759	0.00509	0.00579	0.00589	0.00591	0.00506	0.00333	0.00766	0.00787	0.01050	0.01760	0.09345	0.02041	0.75373	0.02538	0.00490	0.00497	0.00824	0.00333	0.00329
12	0.85155	0.01022	0.00777	0.00695	0.01022	0.01186	0.00573	0.01554	0.00900	0.02372	0.00736	0.00859	0.00573	0.00491	0.00327	0.00164	0.00409	0.00286	0.00327	0.00573
13	0.00678	0.00508	0.00631	0.00678	0.00776	0.00461	0.00488	0.00830	0.01201	0.01588	0.23608	0.37317	0.22796	0.01411	0.00651	0.00194	0.00290	0.04924	0.00515	0.00455
14	0.01169	0.00992	0.01182	0.00936	0.05137	0.00796	0.00702	0.06470	0.01197	0.01833	0.00965	0.01119	0.00794	0.00412	0.00408	0.00088	0.00416	0.00332	0.00325	0.74727
15	0.00756	0.00551	0.00735	0.00843	0.00941	0.00530	0.00679	0.00937	0.01149	0.01487	0.03148	0.30398	0.12324	0.01510	0.00699	0.00226	0.00401	0.41733	0.00489	0.00463
16	0.01106	0.01151	0.02268	0.19791	0.02560	0.01167	0.42029	0.01461	0.01146	0.01563	0.01240	0.10371	0.01091	0.00627	0.00648	0.00179	0.04740	0.00664	0.02383	0.03816
17	0.01471	0.75605	0.02663	0.00924	0.01368	0.05132	0.00905	0.01641	0.01107	0.04079	0.00788	0.00887	0.00702	0.00463	0.00352	0.00116	0.00577	0.00294	0.00244	0.00684
18	0.01498	0.01188	0.01270	0.01095	0.01423	0.01349	0.00865	0.16566	0.59392	0.06249	0.01983	0.01832	0.01465	0.00699	0.00536	0.00175	0.00451	0.00572	0.00542	0.00852
19	0.85155	0.01022	0.00777	0.00695	0.01022	0.01186	0.00573	0.01554	0.00900	0.02372	0.00736	0.00859	0.00573	0.00491	0.00327	0.00164	0.00409	0.00286	0.00327	0.00573
20	0.00746	0.00519	0.00619	0.00613	0.00665	0.00499	0.00394	0.00840	0.01044	0.01423	0.26611	0.08710	0.07215	0.45847	0.01777	0.00363	0.00401	0.00896	0.00425	0.00392
21	0.01299	0.01246	0.02128	0.05624	0.75819	0.01254	0.01618	0.01614	0.01199	0.01715	0.00993	0.01312	0.00833	0.00473	0.00524	0.00158	0.00630	0.00471	0.00261	0.00830
22	0.00998	0.00940	0.01586	0.80150	0.03641	0.01175	0.01468	0.01351	0.01057	0.01351	0.00940	0.01409	0.00705	0.00529	0.00529	0.00176	0.00705	0.00470	0.00235	0.00587
23	0.00755	0.00566	0.00850	0.00850	0.00944	0.00661	0.00661	0.00944	0.00850	0.01227	0.01416	0.02077	0.01322	0.03965	0.79326	0.00850	0.01416	0.00566	0.00283	0.00472
24	0.01096	0.00940	0.01096	0.00783	0.01253	0.00705	0.00626	0.01331	0.01096	0.01723	0.00940	0.01096	0.00783	0.00392	0.00392	0.00078	0.00392	0.00313	0.00313	0.84653
25	0.00695	0.00505	0.00667	0.00778	0.00846	0.00476	0.00575	0.00829	0.01082	0.01416	0.03105	0.55123	0.10092	0.01578	0.00684	0.00219	0.00349	0.20047	0.00490	0.00446
26	0.01036	0.01013	0.01816	0.68436	0.03509	0.01199	0.12703	0.01402	0.01086	0.01402	0.00959	0.01412	0.00719	0.00516	0.00543	0.00176	0.00733	0.00493	0.00240	0.00606
27	0.01757	0.01149	0.01170	0.00967	0.01280	0.12662	0.00769	0.15034	0.03285	0.30351	0.17617	0.02278	0.07793	0.00776	0.00549	0.00161	0.00493	0.00627	0.00545	0.00738
28	0.00998	0.00940	0.01586	0.80150	0.03641	0.01175	0.01468	0.01351	0.01057	0.01351	0.00940	0.01409	0.00705	0.00529	0.00529	0.00176	0.00705	0.00470	0.00235	0.00587
29	0.01680	0.01249	0.01384	0.01039	0.01480	0.01245	0.00851	0.44514	0.01914	0.06197	0.01182	0.01228	0.00874	0.00543	0.00477	0.00128	0.00504	0.00417	0.00453	0.32640
30	0.00998	0.00940	0.01586	0.80150	0.03641	0.01175	0.01468	0.01351	0.01057	0.01351	0.00940	0.01409	0.00705	0.00529	0.00529	0.00176	0.00705	0.00470	0.00235	0.00587
31	0.00631	0.00536	0.00544	0.00542	0.00718	0.00449	0.00407	0.00771	0.01220	0.01463	0.08975	0.05031	0.74267	0.01326	0.00625	0.00178	0.00267	0.01108	0.00495	0.00449
32	0.00628	0.00536	0.00540	0.00539	0.00716	0.00448	0.00404	0.00764	0.01212	0.01445	0.07093	0.05060	0.76161	0.01333	0.00625	0.00178	0.00267	0.01112	0.00493	0.00448
33	0.01248	0.01426	0.03119	0.02228	0.02763	0.01337	0.76203	0.01693	0.01248	0.01693	0.01070	0.01426	0.00802	0.00446	0.00624	0.00178	0.00891	0.00624	0.00267	0.00713
34	0.00756	0.00565	0.00842	0.00842	0.00934	0.00657	0.00651	0.00939	0.00847	0.01222	0.01423	0.02115	0.01338	0.06126	0.77187	0.00840	0.01391	0.00572	0.00284	0.00468
35	0.02372	0.00900	0.01227	0.00941	0.01350	0.00777	0.00777	0.02576	0.01513	0.78489	0.02086	0.01799	0.01309	0.00654	0.00532	0.00164	0.00450	0.00532	0.00654	0.00900
36	0.00675	0.00514	0.00623	0.00658	0.00769	0.00462	0.00477	0.00832	0.01223	0.01604	0.24991	0.30481	0.29063	0.01378	0.00646	0.00190	0.00285	0.04155	0.00517	0.00457
37	0.01315	0.01136	0.01195	0.01076	0.01375	0.01315	0.00837	0.02809	0.77168	0.02211	0.02152	0.01972	0.01614	0.00717	0.00538	0.00179	0.00418	0.00598	0.00538	0.00837
38	0.00644	0.00460	0.00613	0.00736	0.00767	0.00429	0.00491	0.00736	0.01012	0.01350	0.02914	0.81076	0.03497	0.01656	0.00675	0.00215	0.00307	0.01503	0.00491	0.00429
39	0.00672	0.00535	0.00587	0.00575	0.00724	0.00467	0.00422	0.00827	0.01250	0.01589	0.25435	0.04631	0.51017	0.07991	0.00798	0.00203	0.00283	0.01042	0.00502	0.00450
40	0.00662	0.00477	0.00631	0.00748	0.00794	0.00447	0.00519	0.00770	0.01040	0.01375	0.03026	0.70438	0.07196	0.01623	0.00677	0.00215	0.00321	0.08115	0.00490	0.00435
41	0.01255	0.01339	0.05723	0.28227	0.41234	0.08363	0.01517	0.01605	0.02764	0.01571	0.00982	0.01313	0.00787	0.00503	0.00520	0.00162	0.00686	0.00457	0.00258	0.00732
42	0.01158	0.01863	0.33177	0.01872	0.13101	0.01352	0.16595	0.01570	0.01078	0.01585	0.00916	0.01216	0.00727	0.00592	0.00839	0.00184	0.20742	0.00467	0.00240	0.00725
43	0.01901	0.02400	0.01505	0.07336	0.01786	0.73375	0.01055	0.02053	0.01465	0.01298	0.00826	0.00988	0.00683	0.00544	0.00481	0.00139	0.00935	0.00350	0.00270	0.00611
44	0.01641	0.49685	0.02256	0.01090	0.01469	0.33331	0.00952	0.01797	0.01246	0.01264	0.00768	0.00891	0.00679	0.00490	0.00395	0.00122	0.00722	0.00306	0.00245	0.00652
45	0.01143	0.00958	0.01533	0.06615	0.01679	0.00870	0.18207	0.01429	0.01229	0.07793	0.14968	0.03561	0.01746	0.00655	0.00572	0.00147	0.02989	0.04500	0.00382	0.29025
46	0.01480	0.16370	0.41505	0.01237	0.01848	0.01287	0.01416	0.05593	0.01270	0.19754	0.01194	0.01236	0.00835	0.00534	0.00479	0.00155	0.00647	0.00407	0.00342	0.02411
47	0.00760	0.00549	0.00763	0.00763	0.00827	0.00614	0.00552	0.00888	0.00824	0.01163	0.01496	0.02518	0.01513	0.28660	0.54892	0.00742	0.01128	0.00631	0.00295	0.00424
48	0.00654	0.00505	0.00594	0.00652	0.00754	0.00450	0.00463	0.00775	0.01121	0.01422	0.07681	0.38851	0.35537	0.03950	0.00715	0.00207	0.00301	0.04439	0.00490	0.00439
49	0.01382	0.13067	0.32463	0.01450	0.02020	0.05583	0.14759	0.09337	0.07081	0.06227	0.01123	0.01245	0.00827	0.00526	0.00507	0.00160	0.00714	0.00447	0.00314	0.00769
50	0.01686	0.01320	0.01404	0.01151	0.01516	0.01488	0.00927	0.42091	0.37282	0.02810	0.01680	0.01597	0.01232	0.00673	0.00533	0.00168	0.00506	0.00533	0.00533	0.00870
51	0.00644	0.00460	0.00613	0.00736	0.00767	0.00429	0.00491	0.00736	0.01012	0.01350	0.02914	0.81076	0.03497	0.01656	0.00675	0.00215	0.00307	0.01503	0.00491	0.00429
52	0.01275	0.01248	0.02207	0.09747	0.63237	0.01258	0.10000	0.01607	0.01196	0.01691	0.00998	0.01330	0.00822	0.00473	0.00535	0.00161	0.00664	0.00488	0.00260	0.00802
53	0.01194	0.03565	0.50774	0.01672	0.06667	0.01264	0.13624	0.01696	0.01142	0.06123	0.01015	0.01215	0.00740	0.00530	0.00611	0.00172	0.06531	0.00444	0.00258	0.00764
54	0.01309	0.01253	0.02120	0.03187	0.76077	0.01258	0.01602	0.01654	0.03229	0.01740	0.01025	0.01326	0.00858	0.00478	0.00524	0.00158	0.00622	0.00474	0.00269	0.00837
55	0.00644	0.00460	0.00613	0.00736	0.00767	0.00429	0.00491	0.00736	0.01012	0.01350	0.02914	0.81076	0.03497	0.01656	0.00675	0.00215	0.00307	0.01503	0.00491	0.00429
56	0.00810	0.00682	0.00994	0.00909	0.01033	0.00700	0.08340	0.01010	0.03751	0.01458	0.11297	0.26015	0.14080	0.11987	0.07133	0.00289	0.07614	0.00995	0.00418	0.00486
57	0.02915	0.01205	0.04308	0.41477	0.21294	0.03415	0.12224	0.03977	0.01178	0.01586	0.00975	0.01350	0.00753	0.00505	0.00535	0.00170	0.00712	0.00483	0.00258	0.00682
58	0.01218	0.00757	0.01054	0.00929	0.01107	0.00816	0.02282	0.01387	0.01083	0.20925	0.02167	0.05193	0.13907	0.03557	0.27545	0.00419	0.13979	0.00670	0.00411	0.00595
59	0.00755	0.00566	0.00850	0.00850	0.00944	0.00661	0.00661	0.00944	0.00850	0.01227	0.01416	0.02077	0.01322	0.03965	0.79326	0.00850	0.01416	0.00566	0.00283	0.00472
60	0.01122	0.00955	0.01110	0.00795	0.01264	0.00731	0.00637	0.03479	0.01136	0.01769	0.00949	0.01101	0.00786	0.00398	0.00395	0.00081	0.00397	0.00318	0.00319	0.82255
61	0.00919	0.00721	0.00880	0.00765	0.01034	0.00581	0.00568	0.01088	0.01067	0.03262	0.01863	0.37487	0.02029	0.00973	0.00523	0.00142	0.00354	0.00859	0.00402	0.44483
62	0.00908	0.00810	0.01104	0.01036	0.01083	0.00990	0.00803	0.01021	0.00926	0.01340	0.01768	0.39208	0.02035	0.01237	0.01137	0.00213	0.36763	0.00948	0.00361	0.06311
63	0.01266	0.01317	0.02443	0.01794	0.03850	0.02553	0.48834	0.05620	0.02838	0.01793	0.01064	0.01336	0.00818	0.00450	0.00554	0.00151	0.00735	0.00529	0.00298	0.21757
64	0.02796	0.01159	0.12447	0.03028	0.26153	0.00925	0.03884	0.02742	0.01225	0.04634	0.11918	0.15407	0.07180	0.00842	0.00568	0.00173	0.00513	0.02009	0.00379	0.02018
65	0.03244	0.04523	0.17691	0.05195	0.03900	0.09181	0.04574	0.09850	0.06995	0.11877	0.03884	0.05830	0.04114	0.00675	0.00523	0.00162	0.00602	0.01894	0.00392	0.04893
66	0.04896	0.05569	0.04225	0.02411	0.02817	0.01026	0.06836	0.11433	0.01341	0.13220	0.03352	0.08862	0.07931	0.00725	0.00580	0.00153	0.05074	0.00597	0.00411	0.18540

[dist]
# distance from previous block
# <min> <max>
0	42

[block]
# block no. 8 follows, 46 sequences, length 59
# corresponding to MSA columns:
# 794-852
name=unknown_I
#
# <colnr> <probs for GDERKNQSTAVLIFYWHMCP>
#	G	D	E	R	K	N	Q	S	T	A	V	L	I	F	Y	W	H	M	C	P
0	0.03049	0.01317	0.09221	0.01348	0.06217	0.01171	0.11321	0.21302	0.07748	0.12315	0.04615	0.02892	0.01196	0.02132	0.01899	0.00175	0.00585	0.00527	0.00429	0.10541
1	0.07414	0.08104	0.07290	0.04727	0.01399	0.00958	0.03565	0.04656	0.03963	0.17377	0.14288	0.03789	0.08507	0.00737	0.00516	0.00156	0.00458	0.01903	0.00446	0.09748
2	0.03431	0.11268	0.21947	0.01474	0.12443	0.02652	0.05677	0.03142	0.05430	0.06665	0.04769	0.03182	0.06643	0.00641	0.00573	0.00161	0.05004	0.00521	0.00331	0.04045
3	0.04493	0.14013	0.39615	0.01465	0.02058	0.01380	0.15286	0.01714	0.05320	0.03087	0.01006	0.01185	0.00759	0.00516	0.00551	0.00163	0.04408	0.00429	0.00263	0.02290
4	0.03134	0.01336	0.03644	0.01922	0.23562	0.08042	0.18854	0.01600	0.01188	0.03020	0.00980	0.01232	0.00792	0.00474	0.00557	0.00142	0.04341	0.00446	0.00285	0.24449
5	0.01719	0.01442	0.05449	0.01426	0.01885	0.01430	0.18981	0.42052	0.07130	0.07458	0.01304	0.01374	0.00935	0.00580	0.00545	0.00162	0.00637	0.00512	0.00451	0.04530
6	0.01801	0.01288	0.01403	0.01133	0.01510	0.01422	0.00918	0.41177	0.29375	0.11677	0.01683	0.01585	0.01205	0.00667	0.00532	0.00167	0.00507	0.00526	0.00547	0.00877
7	0.00653	0.00537	0.00575	0.00565	0.00731	0.00458	0.00424	0.00814	0.01272	0.01587	0.22028	0.04826	0.61137	0.01280	0.00625	0.00176	0.00264	0.01079	0.00512	0.00458
8	0.01140	0.00954	0.01052	0.01001	0.01247	0.01066	0.00800	0.02209	0.51969	0.01988	0.02604	0.03215	0.09031	0.00953	0.00592	0.00195	0.00421	0.18326	0.00521	0.00717
9	0.00756	0.00562	0.00825	0.00825	0.00911	0.00648	0.00631	0.00928	0.00842	0.01209	0.01438	0.02199	0.01375	0.10829	0.72534	0.00820	0.01336	0.00584	0.00286	0.00459
10	0.00632	0.00536	0.00545	0.00543	0.00718	0.00449	0.00407	0.00772	0.01221	0.01466	0.09348	0.05025	0.73893	0.01325	0.00625	0.00178	0.00267	0.01107	0.00496	0.00449
11	0.00766	0.00523	0.00628	0.00628	0.00646	0.00541	0.00385	0.00802	0.00784	0.01063	0.01619	0.03198	0.01809	0.66788	0.17168	0.00576	0.00683	0.00731	0.00313	0.00349
12	0.00755	0.00566	0.00850	0.00850	0.00944	0.00661	0.00661	0.00944	0.00850	0.01227	0.01416	0.02077	0.01322	0.03965	0.79326	0.00850	0.01416	0.00566	0.00283	0.00472
13	0.01096	0.00940	0.01096	0.00783	0.01253	0.00705	0.00626	0.01331	0.01096	0.01723	0.00940	0.01096	0.00783	0.00392	0.00392	0.00078	0.00392	0.00313	0.00313	0.84653
14	0.71070	0.11657	0.01056	0.00732	0.01078	0.01290	0.00624	0.01595	0.00945	0.05025	0.00786	0.00892	0.00614	0.00492	0.00336	0.00157	0.00431	0.00295	0.00326	0.00599
15	0.01060	0.02735	0.78682	0.01507	0.02288	0.01228	0.01953	0.01674	0.01116	0.01674	0.00949	0.01116	0.00670	0.00502	0.00502	0.00167	0.00781	0.00391	0.00223	0.00781
16	0.00763	0.00525	0.00647	0.00649	0.00674	0.00548	0.00410	0.00813	0.00795	0.01083	0.01629	0.04789	0.01804	0.60029	0.22104	0.00592	0.00737	0.00733	0.00315	0.00361
17	0.01553	0.01778	0.01723	0.18875	0.26440	0.37658	0.01309	0.01792	0.01310	0.01444	0.00900	0.01164	0.00736	0.00518	0.00503	0.00151	0.00796	0.00410	0.00261	0.00679
