[name]
unknown

[dist]
# distance from previous block
# <min> <max>
4	403

[block]
# block no. 0 follows, 45 sequences, length 139
# corresponding to MSA columns:
# 406-448,450-545
name=unknown_A
#
# <colnr> <probs for GDERKNQSTAVLIFYWHMCP>
#	G	D	E	R	K	N	Q	S	T	A	V	L	I	F	Y	W	H	M	C	P
0	0.03643	0.31357	0.44079	0.01224	0.01844	0.01524	0.01462	0.01637	0.01111	0.01578	0.00922	0.01075	0.00720	0.00498	0.00437	0.00147	0.00671	0.00359	0.04979	0.00732
1	0.01665	0.10493	0.18170	0.05704	0.01873	0.01578	0.01231	0.43104	0.06641	0.02605	0.01197	0.01261	0.00873	0.00594	0.00511	0.00160	0.00629	0.00451	0.00420	0.00841
2	0.01209	0.49001	0.03711	0.00901	0.01221	0.05909	0.00813	0.01369	0.01110	0.01333	0.03628	0.24553	0.01660	0.00845	0.00465	0.00149	0.00514	0.00678	0.00322	0.00608
3	0.05891	0.18254	0.08186	0.01071	0.01467	0.16738	0.00958	0.02066	0.04826	0.26681	0.03366	0.01650	0.01184	0.00638	0.00489	0.00156	0.00606	0.04605	0.00425	0.00745
4	0.00983	0.01969	0.48885	0.01292	0.01809	0.01074	0.01493	0.01427	0.01023	0.01518	0.01116	0.01529	0.00930	0.05931	0.21808	0.00379	0.05443	0.00470	0.00249	0.00671
5	0.00715	0.00626	0.05057	0.00777	0.00883	0.00508	0.00595	0.00890	0.01185	0.01627	0.24844	0.51456	0.03822	0.01437	0.00662	0.00202	0.00327	0.03399	0.00510	0.00479
6	0.01160	0.24823	0.52672	0.01309	0.01971	0.01452	0.01600	0.01635	0.01143	0.01602	0.05234	0.01219	0.00931	0.00529	0.00470	0.00154	0.00701	0.00398	0.00248	0.00748
7	0.05827	0.02647	0.72208	0.01500	0.02262	0.01247	0.03628	0.01694	0.01124	0.01741	0.00954	0.01126	0.00678	0.00508	0.00503	0.00170	0.00775	0.00396	0.00234	0.00780
8	0.01822	0.28067	0.01945	0.01224	0.01568	0.49698	0.00998	0.06150	0.01438	0.01414	0.00829	0.00952	0.00703	0.00528	0.00442	0.00132	0.00819	0.00334	0.00276	0.00660
9	0.00767	0.00572	0.00848	0.00846	0.00941	0.00658	0.00654	0.00958	0.00898	0.01293	0.05749	0.02248	0.01566	0.05602	0.72849	0.00816	0.01350	0.00602	0.00306	0.00477
10	0.00839	0.00628	0.00905	0.00884	0.00999	0.00727	0.00691	0.05206	0.00957	0.01367	0.01429	0.02062	0.01318	0.03834	0.74567	0.00823	0.01390	0.00570	0.00302	0.00504
11	0.01672	0.01124	0.01258	0.01070	0.01414	0.01226	0.00850	0.09423	0.50918	0.21673	0.02086	0.01893	0.01494	0.00704	0.00544	0.00176	0.00448	0.00579	0.00575	0.00872
12	0.00989	0.00659	0.00762	0.00718	0.00812	0.00683	0.00477	0.01281	0.13448	0.06946	0.06079	0.03082	0.01993	0.52682	0.06801	0.00440	0.00541	0.00732	0.00399	0.00475
13	0.05424	0.00499	0.00632	0.00745	0.00793	0.00479	0.00503	0.00794	0.01021	0.01429	0.02833	0.76262	0.03382	0.01615	0.00665	0.00215	0.00317	0.01456	0.00489	0.00444
14	0.01928	0.02444	0.01466	0.01335	0.01607	0.74536	0.01002	0.02066	0.01504	0.01321	0.01091	0.01206	0.05043	0.00599	0.00493	0.00141	0.00929	0.00390	0.00289	0.00613
15	0.00674	0.00483	0.00641	0.00734	0.00783	0.00450	0.00500	0.00798	0.01122	0.01520	0.17244	0.66072	0.03841	0.01570	0.00675	0.00209	0.00300	0.01420	0.00516	0.00450
16	0.01113	0.00954	0.01113	0.00795	0.01272	0.00716	0.00636	0.01352	0.01113	0.01749	0.00954	0.01113	0.00795	0.00398	0.00398	0.00080	0.00398	0.00318	0.00318	0.84417
17	0.01048	0.00981	0.01648	0.63420	0.15094	0.01167	0.01459	0.01394	0.01122	0.01475	0.05295	0.01561	0.00983	0.00559	0.00541	0.00175	0.00677	0.00505	0.00263	0.00631
18	0.01539	0.49321	0.04865	0.01054	0.01476	0.11491	0.00969	0.09238	0.12342	0.01638	0.01028	0.01093	0.00850	0.00530	0.00416	0.00134	0.00610	0.00364	0.00312	0.00730
19	0.02408	0.00914	0.01246	0.00955	0.01370	0.00789	0.00789	0.02616	0.01536	0.78158	0.02118	0.01827	0.01329	0.00664	0.00540	0.00166	0.00457	0.00540	0.00664	0.00914
20	0.01400	0.01185	0.01250	0.01106	0.01421	0.01366	0.00865	0.09606	0.69957	0.02351	0.02102	0.01937	0.01572	0.00721	0.00545	0.00180	0.00440	0.00595	0.00545	0.00855
21	0.12565	0.01067	0.01540	0.01175	0.01586	0.01017	0.16459	0.05707	0.07398	0.28297	0.03248	0.01765	0.05459	0.00621	0.00524	0.00162	0.00528	0.00548	0.00474	0.09859
22	0.01102	0.08249	0.73100	0.01487	0.02258	0.01308	0.01909	0.01694	0.01130	0.01670	0.00948	0.01114	0.00681	0.00506	0.00498	0.00166	0.00778	0.00389	0.00227	0.00786
23	0.01195	0.01954	0.31788	0.01984	0.02622	0.01315	0.47724	0.01712	0.01216	0.01712	0.01039	0.01328	0.00763	0.00474	0.00586	0.00177	0.00862	0.00543	0.00254	0.00750
24	0.00634	0.00544	0.00544	0.00544	0.00725	0.00453	0.00408	0.00770	0.01224	0.01450	0.05438	0.05166	0.77569	0.01359	0.00634	0.00181	0.00272	0.01133	0.00498	0.00453
25	0.02017	0.02192	0.01552	0.01332	0.01661	0.52112	0.01031	0.27808	0.01870	0.02033	0.00989	0.01079	0.00768	0.00585	0.00502	0.00146	0.00837	0.00394	0.00367	0.00723
26	0.01611	0.01236	0.01473	0.04996	0.16361	0.06034	0.01046	0.07805	0.34773	0.16208	0.01741	0.01698	0.01276	0.00643	0.00537	0.00170	0.00531	0.00539	0.00483	0.00841
27	0.02390	0.00943	0.01264	0.00969	0.01385	0.00832	0.00800	0.06240	0.01585	0.74466	0.02077	0.01800	0.01308	0.00663	0.00540	0.00166	0.00463	0.00537	0.00658	0.00913
28	0.00767	0.00575	0.00863	0.00863	0.00959	0.00671	0.00671	0.00959	0.00863	0.01246	0.01438	0.02109	0.01342	0.04026	0.79008	0.00863	0.01438	0.00575	0.00288	0.00479
29	0.01014	0.00954	0.01610	0.79845	0.03697	0.01193	0.01491	0.01371	0.01073	0.01371	0.00954	0.01431	0.00716	0.00537	0.00537	0.00179	0.00716	0.00477	0.00239	0.00596
30	0.01562	0.01709	0.01896	0.02508	0.47127	0.27996	0.01391	0.01889	0.05763	0.01631	0.01017	0.01244	0.00842	0.00519	0.00516	0.00153	0.00739	0.00440	0.00286	0.00772
31	0.00894	0.00838	0.01571	0.01300	0.01520	0.00788	0.28640	0.01114	0.01096	0.01473	0.02150	0.44504	0.02391	0.08039	0.00841	0.00230	0.00551	0.01128	0.00399	0.00534
32	0.02041	0.01504	0.01611	0.01235	0.01665	0.01665	0.01020	0.75997	0.02524	0.03383	0.01289	0.01289	0.00913	0.00644	0.00537	0.00161	0.00591	0.00483	0.00537	0.00913
33	0.01030	0.00971	0.01640	0.75844	0.07569	0.01197	0.01499	0.01386	0.01081	0.01391	0.00957	0.01426	0.00723	0.00534	0.00536	0.00178	0.00711	0.00477	0.00240	0.00610
34	0.00683	0.00556	0.00613	0.00642	0.00807	0.00487	0.00505	0.00840	0.01219	0.01480	0.04819	0.07917	0.59708	0.01396	0.00658	0.00196	0.00319	0.16197	0.00498	0.00461
35	0.00772	0.00553	0.00752	0.00752	0.00809	0.00611	0.00533	0.00887	0.00830	0.01164	0.01539	0.02671	0.01586	0.34901	0.48467	0.00726	0.01070	0.00657	0.00303	0.00418
36	0.01174	0.01174	0.01644	0.01409	0.01409	0.01644	0.01174	0.01292	0.00822	0.01292	0.00705	0.01174	0.00705	0.00940	0.01762	0.00235	0.80153	0.00470	0.00235	0.00587
37	0.01113	0.00954	0.01113	0.00795	0.01272	0.00716	0.00636	0.01352	0.01113	0.01749	0.00954	0.01113	0.00795	0.00398	0.00398	0.00080	0.00398	0.00318	0.00318	0.84417
38	0.01435	0.81458	0.02813	0.00918	0.01378	0.02124	0.00918	0.01607	0.01091	0.01263	0.00746	0.00861	0.00689	0.00459	0.00344	0.00115	0.00574	0.00287	0.00230	0.00689
39	0.01329	0.01275	0.02179	0.03295	0.77787	0.01275	0.01647	0.01647	0.01222	0.01754	0.01010	0.01329	0.00850	0.00478	0.00531	0.00159	0.00638	0.00478	0.00266	0.00850
40	0.01174	0.01174	0.01644	0.01409	0.01409	0.01644	0.01174	0.01292	0.00822	0.01292	0.00705	0.01174	0.00705	0.00940	0.01762	0.00235	0.80153	0.00470	0.00235	0.00587
41	0.18479	0.03088	0.00883	0.00835	0.01015	0.00854	0.00655	0.01367	0.12712	0.01822	0.08703	0.23738	0.06685	0.01180	0.02121	0.00210	0.02428	0.12207	0.00460	0.00558
42	0.01475	0.36384	0.25775	0.01230	0.01744	0.22117	0.01278	0.01777	0.01217	0.01411	0.00835	0.00973	0.00687	0.00500	0.00432	0.00138	0.00746	0.00336	0.00241	0.00704
43	0.25004	0.00934	0.02912	0.00781	0.01144	0.00831	0.00644	0.01482	0.01177	0.10003	0.15688	0.03041	0.01651	0.00613	0.00447	0.00135	0.00390	0.00481	0.00411	0.32231
44	0.01148	0.19210	0.58243	0.05725	0.02200	0.01428	0.01732	0.01662	0.01121	0.01590	0.00917	0.01093	0.00684	0.00501	0.00477	0.00159	0.00743	0.00378	0.00228	0.00760
45	0.01963	0.01963	0.01619	0.01479	0.08186	0.36740	0.01082	0.36089	0.01957	0.02304	0.01056	0.01147	0.00807	0.00589	0.00512	0.00151	0.00766	0.00420	0.00395	0.00776
46	0.01329	0.01275	0.02179	0.03295	0.77787	0.01275	0.01647	0.01647	0.01222	0.01754	0.01010	0.01329	0.00850	0.00478	0.00531	0.00159	0.00638	0.00478	0.00266	0.00850
47	0.03831	0.01447	0.08418	0.02489	0.32249	0.01330	0.32209	0.01676	0.02499	0.01733	0.01030	0.01350	0.00818	0.00506	0.00648	0.00175	0.06022	0.00532	0.00270	0.00768
48	0.01324	0.01368	0.04778	0.06418	0.62462	0.04691	0.06272	0.01654	0.01229	0.01711	0.01036	0.01404	0.00870	0.00502	0.00539	0.00163	0.00675	0.01824	0.00268	0.00813
49	0.02408	0.00914	0.01246	0.00955	0.01370	0.00789	0.00789	0.02616	0.01536	0.78158	0.02118	0.01827	0.01329	0.00664	0.00540	0.00166	0.00457	0.00540	0.00664	0.00914
50	0.03043	0.02736	0.76535	0.01511	0.02293	0.01246	0.01950	0.01697	0.01128	0.01717	0.00958	0.01127	0.00678	0.00510	0.00506	0.00170	0.00784	0.00394	0.00229	0.00788
51	0.00755	0.00689	0.03284	0.00900	0.01071	0.00590	0.08749	0.00939	0.01153	0.01487	0.04782	0.35195	0.26598	0.01375	0.00664	0.00204	0.00400	0.10208	0.00467	0.00492
52	0.00820	0.00586	0.00814	0.00938	0.01042	0.00579	0.00787	0.01035	0.01192	0.01557	0.02867	0.21850	0.03187	0.01525	0.00730	0.00241	0.00456	0.58818	0.00495	0.00482
53	0.00781	0.00520	0.00585	0.00585	0.00585	0.00520	0.00325	0.00781	0.00781	0.01041	0.01691	0.03513	0.01952	0.81135	0.02732	0.00520	0.00520	0.00781	0.00325	0.00325
54	0.02005	0.02558	0.01521	0.01383	0.01659	0.78980	0.01037	0.02143	0.01521	0.01314	0.00830	0.00968	0.00691	0.00553	0.00484	0.00138	0.00968	0.00346	0.00277	0.00622
55	0.01014	0.00954	0.01610	0.79845	0.03697	0.01193	0.01491	0.01371	0.01073	0.01371	0.00954	0.01431	0.00716	0.00537	0.00537	0.00179	0.00716	0.00477	0.00239	0.00596
56	0.01335	0.01153	0.01214	0.01092	0.01396	0.01335	0.00850	0.02852	0.76817	0.02245	0.02185	0.02003	0.01639	0.00728	0.00546	0.00182	0.00425	0.00607	0.00546	0.00850
57	0.01329	0.01275	0.02179	0.03295	0.77787	0.01275	0.01647	0.01647	0.01222	0.01754	0.01010	0.01329	0.00850	0.00478	0.00531	0.00159	0.00638	0.00478	0.00266	0.00850
58	0.01176	0.01119	0.01903	0.40479	0.41798	0.01235	0.01571	0.01513	0.01150	0.01568	0.00983	0.01378	0.00785	0.00507	0.00534	0.00169	0.00676	0.00478	0.00253	0.00727
59	0.02408	0.00914	0.01246	0.00955	0.01370	0.00789	0.00789	0.02616	0.01536	0.78158	0.02118	0.01827	0.01329	0.00664	0.00540	0.00166	0.00457	0.00540	0.00664	0.00914
60	0.00767	0.00575	0.00863	0.00863	0.00959	0.00671	0.00671	0.00959	0.00863	0.01246	0.01438	0.02109	0.01342	0.04026	0.79008	0.00863	0.01438	0.00575	0.00288	0.00479
61	0.01084	0.02733	0.76151	0.01581	0.04505	0.01247	0.01974	0.01698	0.01136	0.01702	0.00965	0.01139	0.00685	0.00509	0.00511	0.00170	0.00789	0.00399	0.00228	0.00795
62	0.00760	0.00549	0.00718	0.00675	0.00802	0.00506	0.00506	0.01013	0.01519	0.02153	0.77503	0.04010	0.05065	0.01097	0.00633	0.00169	0.00253	0.00971	0.00591	0.00506
63	0.00654	0.00467	0.00623	0.00747	0.00779	0.00436	0.00498	0.00747	0.01028	0.01370	0.02959	0.80785	0.03550	0.01682	0.00685	0.00218	0.00311	0.01526	0.00498	0.00436
64	0.02041	0.01504	0.01611	0.01235	0.01665	0.01665	0.01020	0.75997	0.02524	0.03383	0.01289	0.01289	0.00913	0.00644	0.00537	0.00161	0.00591	0.00483	0.00537	0.00913
65	0.01435	0.81458	0.02813	0.00918	0.01378	0.02124	0.00918	0.01607	0.01091	0.01263	0.00746	0.00861	0.00689	0.00459	0.00344	0.00115	0.00574	0.00287	0.00230	0.00689
66	0.01174	0.00963	0.01163	0.00834	0.01309	0.00733	0.02257	0.01415	0.01135	0.05118	0.01008	0.01152	0.00819	0.00410	0.00409	0.00086	0.00411	0.00335	0.00332	0.78938
67	0.01191	0.01224	0.01918	0.01562	0.01660	0.01593	0.14579	0.01369	0.00902	0.01369	0.00773	0.01224	0.00724	0.00852	0.01559	0.00225	0.65924	0.00499	0.00241	0.00612
68	0.01286	0.01396	0.02869	0.02574	0.25465	0.01333	0.53416	0.01698	0.01253	0.01730	0.01063	0.01412	0.00825	0.00460	0.00603	0.00174	0.00824	0.00587	0.00270	0.00762
69	0.01014	0.00954	0.01610	0.79845	0.03697	0.01193	0.01491	0.01371	0.01073	0.01371	0.00954	0.01431	0.00716	0.00537	0.00537	0.00179	0.00716	0.00477	0.00239	0.00596
70	0.02408	0.00914	0.01246	0.00955	0.01370	0.00789	0.00789	0.02616	0.01536	0.78158	0.02118	0.01827	0.01329	0.00664	0.00540	0.00166	0.00457	0.00540	0.00664	0.00914
71	0.00634	0.00544	0.00544	0.00544	0.00725	0.00453	0.00408	0.00770	0.01224	0.01450	0.05438	0.05166	0.77569	0.01359	0.00634	0.00181	0.00272	0.01133	0.00498	0.00453
72	0.00767	0.00575	0.00863	0.00863	0.00959	0.00671	0.00671	0.00959	0.00863	0.01246	0.01438	0.02109	0.01342	0.04026	0.79008	0.00863	0.01438	0.00575	0.00288	0.00479
73	0.01435	0.81458	0.02813	0.00918	0.01378	0.02124	0.00918	0.01607	0.01091	0.01263	0.00746	0.00861	0.00689	0.00459	0.00344	0.00115	0.00574	0.00287	0.00230	0.00689
74	0.01947	0.01414	0.01511	0.01169	0.01571	0.01560	0.00962	0.69295	0.02398	0.03259	0.01330	0.01353	0.00954	0.00643	0.00522	0.00158	0.00560	0.00485	0.08031	0.00876
75	0.00717	0.00518	0.00678	0.00700	0.00791	0.00478	0.00501	0.00907	0.01326	0.01839	0.47551	0.33260	0.06075	0.01326	0.00653	0.00188	0.00276	0.01186	0.00554	0.00478
76	0.84927	0.01038	0.00789	0.00706	0.01038	0.01204	0.00581	0.01578	0.00914	0.02408	0.00747	0.00872	0.00581	0.00498	0.00332	0.00166	0.00415	0.00291	0.00332	0.00581
77	0.01056	0.01812	0.35644	0.01282	0.01767	0.07659	0.09392	0.01479	0.01303	0.01792	0.24428	0.02254	0.06377	0.00734	0.00566	0.00169	0.00627	0.00634	0.00362	0.00665
78	0.01327	0.01280	0.02204	0.03269	0.75883	0.01277	0.03531	0.01649	0.01223	0.01753	0.01012	0.01332	0.00849	0.00478	0.00534	0.00160	0.00644	0.00482	0.00266	0.00847
79	0.84927	0.01038	0.00789	0.00706	0.01038	0.01204	0.00581	0.01578	0.00914	0.02408	0.00747	0.00872	0.00581	0.00498	0.00332	0.00166	0.00415	0.00291	0.00332	0.00581
80	0.00654	0.00467	0.00623	0.00747	0.00779	0.00436	0.00498	0.00747	0.01028	0.01370	0.02959	0.80785	0.03550	0.01682	0.00685	0.00218	0.00311	0.01526	0.00498	0.00436
81	0.01121	0.01532	0.20281	0.34568	0.11766	0.01259	0.16864	0.01551	0.01139	0.01564	0.00984	0.01346	0.00743	0.00515	0.00578	0.00176	0.02579	0.00490	0.00246	0.00699
82	0.01335	0.01153	0.01214	0.01092	0.01396	0.01335	0.00850	0.02852	0.76817	0.02245	0.02185	0.02003	0.01639	0.00728	0.00546	0.00182	0.00425	0.00607	0.00546	0.00850
83	0.03023	0.15165	0.57850	0.01340	0.02013	0.01323	0.01655	0.01624	0.01154	0.01685	0.07448	0.01329	0.01053	0.00552	0.00490	0.00161	0.00703	0.00426	0.00261	0.00747
84	0.84927	0.01038	0.00789	0.00706	0.01038	0.01204	0.00581	0.01578	0.00914	0.02408	0.00747	0.00872	0.00581	0.00498	0.00332	0.00166	0.00415	0.00291	0.00332	0.00581
85	0.00932	0.00466	0.00699	0.00699	0.00699	0.00466	0.00466	0.00699	0.00699	0.00932	0.00932	0.01632	0.00932	0.01865	0.02098	0.84382	0.00466	0.00466	0.00233	0.00233
86	0.01093	0.05032	0.74415	0.01552	0.04020	0.01273	0.01945	0.01696	0.01134	0.01688	0.00958	0.01130	0.00684	0.00508	0.00506	0.00168	0.00783	0.00395	0.00228	0.00792
87	0.00641	0.00518	0.00570	0.00611	0.00743	0.00447	0.00438	0.00763	0.01159	0.01424	0.04616	0.30227	0.53039	0.01466	0.00651	0.00193	0.00285	0.01263	0.00498	0.00447
88	0.00732	0.00536	0.00686	0.00672	0.00791	0.00491	0.00495	0.00949	0.01418	0.01967	0.59276	0.15274	0.12297	0.01209	0.00641	0.00177	0.00264	0.01068	0.00568	0.00491
89	0.01187	0.01213	0.01857	0.01528	0.01604	0.01604	0.11593	0.01352	0.00884	0.01352	0.00758	0.01213	0.00720	0.00872	0.01604	0.00227	0.69095	0.00493	0.00240	0.00606
90	0.01014	0.00954	0.01610	0.79845	0.03697	0.01193	0.01491	0.01371	0.01073	0.01371	0.00954	0.01431	0.00716	0.00537	0.00537	0.00179	0.00716	0.00477	0.00239	0.00596
91	0.01331	0.01171	0.01334	0.01165	0.01483	0.01337	0.05479	0.02782	0.72152	0.02213	0.02117	0.01968	0.01588	0.00711	0.00552	0.00182	0.00454	0.00609	0.00529	0.00842
92	0.01290	0.01236	0.02108	0.12777	0.68609	0.01265	0.01628	0.01613	0.01204	0.01706	0.01003	0.01341	0.00834	0.00486	0.00532	0.00162	0.00647	0.00478	0.00262	0.00819
93	0.01335	0.01153	0.01214	0.01092	0.01396	0.01335	0.00850	0.02852	0.76817	0.02245	0.02185	0.02003	0.01639	0.00728	0.00546	0.00182	0.00425	0.00607	0.00546	0.00850
94	0.01113	0.00954	0.01113	0.00795	0.01272	0.00716	0.00636	0.01352	0.01113	0.01749	0.00954	0.01113	0.00795	0.00398	0.00398	0.00080	0.00398	0.00318	0.00318	0.84417
95	0.02170	0.07369	0.02855	0.01071	0.01474	0.13043	0.00892	0.12684	0.03542	0.46814	0.01682	0.01539	0.01121	0.00628	0.00516	0.00158	0.00568	0.00482	0.00543	0.00848
96	0.01077	0.02777	0.78354	0.01530	0.02323	0.01247	0.01983	0.01700	0.01133	0.01700	0.00963	0.01133	0.00680	0.00510	0.00510	0.00170	0.00793	0.00397	0.00227	0.00793
97	0.00634	0.00544	0.00544	0.00544	0.00725	0.00453	0.00408	0.00770	0.01224	0.01450	0.05438	0.05166	0.77569	0.01359	0.00634	0.00181	0.00272	0.01133	0.00498	0.00453
98	0.01014	0.00954	0.01610	0.79845	0.03697	0.01193	0.01491	0.01371	0.01073	0.01371	0.00954	0.01431	0.00716	0.00537	0.00537	0.00179	0.00716	0.00477	0.00239	0.00596
99	0.01092	0.06246	0.75023	0.01503	0.02282	0.01285	0.01936	0.01696	0.01131	0.01681	0.00954	0.01121	0.00680	0.00508	0.00503	0.00168	0.00784	0.00392	0.00227	0.00789
100	0.01077	0.02777	0.78354	0.01530	0.02323	0.01247	0.01983	0.01700	0.01133	0.01700	0.00963	0.01133	0.00680	0.00510	0.00510	0.00170	0.00793	0.00397	0.00227	0.00793
101	0.00767	0.00575	0.00863	0.00863	0.00959	0.00671	0.00671	0.00959	0.00863	0.01246	0.01438	0.02109	0.01342	0.04026	0.79008	0.00863	0.01438	0.00575	0.00288	0.00479
102	0.01099	0.07215	0.66649	0.01523	0.02258	0.01283	0.06923	0.01669	0.01137	0.01667	0.01014	0.03352	0.00769	0.00536	0.00514	0.00169	0.00775	0.00438	0.00237	0.00773
103	0.01014	0.00954	0.01610	0.79845	0.03697	0.01193	0.01491	0.01371	0.01073	0.01371	0.00954	0.01431	0.00716	0.00537	0.00537	0.00179	0.00716	0.00477	0.00239	0.00596
104	0.00654	0.00467	0.00623	0.00747	0.00779	0.00436	0.00498	0.00747	0.01028	0.01370	0.02959	0.80785	0.03550	0.01682	0.00685	0.00218	0.00311	0.01526	0.00498	0.00436
105	0.02408	0.00914	0.01246	0.00955	0.01370	0.00789	0.00789	0.02616	0.01536	0.78158	0.02118	0.01827	0.01329	0.00664	0.00540	0.00166	0.00457	0.00540	0.00664	0.00914
106	0.01171	0.01512	0.13836	0.22881	0.02973	0.01297	0.45087	0.01624	0.01196	0.01624	0.01033	0.01397	0.00768	0.00483	0.00589	0.00179	0.00838	0.00557	0.00256	0.00700
107	0.01858	0.03244	0.29010	0.01155	0.01696	0.00971	0.01213	0.02211	0.01367	0.46811	0.01698	0.03855	0.01147	0.00634	0.00529	0.00168	0.00576	0.00512	0.00493	0.00852
108	0.01877	0.00929	0.01384	0.30985	0.02256	0.00943	0.01056	0.02142	0.01360	0.48929	0.01675	0.01676	0.01095	0.00616	0.00539	0.00171	0.00555	0.00516	0.00502	0.00793
109	0.01577	0.05616	0.46954	0.01294	0.01935	0.01120	0.01502	0.02029	0.01278	0.29467	0.01373	0.01373	0.00916	0.00564	0.00513	0.00166	0.00661	0.00444	0.00386	0.00832
110	0.01146	0.08087	0.70577	0.01469	0.02226	0.01291	0.01870	0.01725	0.01144	0.04266	0.00988	0.01138	0.00703	0.00512	0.00500	0.00166	0.00767	0.00394	0.00242	0.00790
111	0.01014	0.00954	0.01610	0.79845	0.03697	0.01193	0.01491	0.01371	0.01073	0.01371	0.00954	0.01431	0.00716	0.00537	0.00537	0.00179	0.00716	0.00477	0.00239	0.00596
112	0.01109	0.01051	0.01782	0.56711	0.26087	0.01218	0.01538	0.01455	0.01118	0.01487	0.00971	0.01400	0.00756	0.00519	0.00535	0.00173	0.00692	0.00477	0.00247	0.00673
113	0.00660	0.00472	0.00630	0.00755	0.00789	0.00442	0.00510	0.00759	0.01034	0.01378	0.02955	0.78499	0.03536	0.01676	0.00687	0.00219	0.00317	0.03748	0.00498	0.00438
114	0.01181	0.01308	0.02787	0.02037	0.02498	0.01237	0.63937	0.01577	0.01225	0.01663	0.01334	0.12305	0.01187	0.00631	0.00665	0.00187	0.02506	0.00752	0.00302	0.00682
115	0.01253	0.01425	0.03108	0.02227	0.02758	0.01336	0.74074	0.01697	0.01261	0.01711	0.01130	0.03304	0.00878	0.00481	0.00635	0.00182	0.00891	0.00654	0.00277	0.00717
116	0.01277	0.01212	0.01789	0.42509	0.27382	0.06170	0.01468	0.08708	0.01290	0.01686	0.00997	0.01355	0.00777	0.00529	0.00532	0.00168	0.00694	0.00470	0.00279	0.00711
117	0.01335	0.01153	0.01214	0.01092	0.01396	0.01335	0.00850	0.02852	0.76817	0.02245	0.02185	0.02003	0.01639	0.00728	0.00546	0.00182	0.00425	0.00607	0.00546	0.00850
118	0.02005	0.02558	0.01521	0.01383	0.01659	0.78980	0.01037	0.02143	0.01521	0.01314	0.00830	0.00968	0.00691	0.00553	0.00484	0.00138	0.00968	0.00346	0.00277	0.00622
119	0.01113	0.00954	0.01113	0.00795	0.01272	0.00716	0.00636	0.01352	0.01113	0.01749	0.00954	0.01113	0.00795	0.00398	0.00398	0.00080	0.00398	0.00318	0.00318	0.84417
120	0.01014	0.00954	0.01610	0.79845	0.03697	0.01193	0.01491	0.01371	0.01073	0.01371	0.00954	0.01431	0.00716	0.00537	0.00537	0.00179	0.00716	0.00477	0.00239	0.00596
121	0.84927	0.01038	0.00789	0.00706	0.01038	0.01204	0.00581	0.01578	0.00914	0.02408	0.00747	0.00872	0.00581	0.00498	0.00332	0.00166	0.00415	0.00291	0.00332	0.00581
122	0.02005	0.02558	0.01521	0.01383	0.01659	0.78980	0.01037	0.02143	0.01521	0.01314	0.00830	0.00968	0.00691	0.00553	0.00484	0.00138	0.00968	0.00346	0.00277	0.00622
123	0.00652	0.00544	0.00568	0.00562	0.00736	0.00460	0.00421	0.00804	0.01264	0.01546	0.15305	0.05008	0.67642	0.01324	0.00634	0.00180	0.00269	0.01111	0.00511	0.00460
124	0.01479	0.01216	0.01286	0.01108	0.01437	0.01384	0.00875	0.20209	0.56549	0.02490	0.02082	0.01940	0.04044	0.00730	0.00547	0.00177	0.00459	0.00595	0.00542	0.00851
125	0.00683	0.00546	0.00611	0.00595	0.00755	0.00474	0.00446	0.00864	0.01338	0.01722	0.33306	0.04719	0.49531	0.01258	0.00634	0.00176	0.00265	0.01070	0.00534	0.00474
126	0.01805	0.02180	0.01640	0.01430	0.01674	0.56116	0.05193	0.05358	0.01418	0.01427	0.00841	0.01049	0.00711	0.00627	0.00743	0.00160	0.16322	0.00392	0.00280	0.00634
127	0.00719	0.00547	0.00661	0.00633	0.00777	0.00489	0.00475	0.00934	0.01424	0.01925	0.54150	0.04384	0.28560	0.01182	0.00634	0.00173	0.00259	0.01023	0.00561	0.00489
128	0.02005	0.02558	0.01521	0.01383	0.01659	0.78980	0.01037	0.02143	0.01521	0.01314	0.00830	0.00968	0.00691	0.00553	0.00484	0.00138	0.00968	0.00346	0.00277	0.00622
129	0.02408	0.00914	0.01246	0.00955	0.01370	0.00789	0.00789	0.02616	0.01536	0.78158	0.02118	0.01827	0.01329	0.00664	0.00540	0.00166	0.00457	0.00540	0.00664	0.00914
130	0.01335	0.01153	0.01214	0.01092	0.01396	0.01335	0.00850	0.02852	0.76817	0.02245	0.02185	0.02003	0.01639	0.00728	0.00546	0.00182	0.00425	0.00607	0.00546	0.00850
131	0.01182	0.25867	0.56185	0.01351	0.02046	0.01504	0.01671	0.01673	0.01121	0.01572	0.00900	0.01053	0.00683	0.00495	0.00461	0.00154	0.00729	0.00364	0.00228	0.00763
132	0.00678	0.00539	0.00566	0.00563	0.00697	0.00473	0.00395	0.00790	0.01139	0.01401	0.09556	0.04692	0.54511	0.20349	0.01134	0.00261	0.00330	0.01038	0.00464	0.00426
133	0.00781	0.00520	0.00585	0.00585	0.00585	0.00520	0.00325	0.00781	0.00781	0.01041	0.01691	0.03513	0.01952	0.81135	0.02732	0.00520	0.00520	0.00781	0.00325	0.00325
134	0.01996	0.01328	0.01423	0.01136	0.01528	0.05730	0.00922	0.36465	0.17416	0.23785	0.01676	0.01566	0.01164	0.00662	0.00537	0.00165	0.00541	0.00517	0.00559	0.00884
135	0.01081	0.00954	0.01274	0.26412	0.02058	0.00870	0.00913	0.01358	0.01100	0.01627	0.00954	0.01216	0.00769	0.00443	0.00443	0.00112	0.00501	0.00370	0.00292	0.57254
136	0.00767	0.00575	0.00863	0.00863	0.00959	0.00671	0.00671	0.00959	0.00863	0.01246	0.01438	0.02109	0.01342	0.04026	0.79008	0.00863	0.01438	0.00575	0.00288	0.00479
137	0.01404	0.74707	0.09294	0.00971	0.01459	0.02049	0.01010	0.01615	0.01094	0.01300	0.00765	0.00884	0.00688	0.00464	0.00359	0.00120	0.00593	0.00296	0.00229	0.00698
138	0.01348	0.62272	0.21233	0.01068	0.01608	0.01910	0.01178	0.01630	0.01101	0.01369	0.00799	0.00927	0.00687	0.00472	0.00385	0.00128	0.00628	0.00314	0.00229	0.00714

[dist]
# distance from previous block
# <min> <max>
0	6

[block]
# block no. 1 follows, 45 sequences, length 211
# corresponding to MSA columns:
# 552-603,605-653,677-695,697-787
name=unknown_B
#
# <colnr> <probs for GDERKNQSTAVLIFYWHMCP>
#	G	D	E	R	K	N	Q	S	T	A	V	L	I	F	Y	W	H	M	C	P
0	0.26331	0.01248	0.01272	0.05788	0.01537	0.01420	0.00878	0.31780	0.19933	0.02698	0.01325	0.01347	0.00978	0.00615	0.00479	0.00169	0.00506	0.00456	0.00461	0.00780
1	0.00995	0.03938	0.37902	0.01319	0.01799	0.01032	0.09841	0.01470	0.05679	0.01614	0.01657	0.23501	0.01633	0.02824	0.00629	0.00194	0.00631	0.02338	0.00335	0.00669
2	0.00775	0.00550	0.00730	0.00831	0.00905	0.00537	0.00643	0.00927	0.01092	0.01431	0.02762	0.30618	0.05004	0.14498	0.01044	0.00280	0.00432	0.36029	0.00468	0.00446
3	0.01113	0.00954	0.01113	0.00795	0.01272	0.00716	0.00636	0.01352	0.01113	0.01749	0.00954	0.01113	0.00795	0.00398	0.00398	0.00080	0.00398	0.00318	0.00318	0.84417
4	0.01329	0.01132	0.01510	0.42957	0.02661	0.03296	0.01227	0.16508	0.13273	0.04032	0.01349	0.01578	0.02882	0.00627	0.00581	0.00176	0.03300	0.00514	0.00366	0.00705
5	0.00692	0.00547	0.00623	0.00607	0.00764	0.00479	0.00458	0.00879	0.01350	0.01752	0.36055	0.04689	0.45436	0.01250	0.00636	0.00177	0.00268	0.02324	0.00538	0.00477
6	0.01077	0.02777	0.78354	0.01530	0.02323	0.01247	0.01983	0.01700	0.01133	0.01700	0.00963	0.01133	0.00680	0.00510	0.00510	0.00170	0.00793	0.00397	0.00227	0.00793
7	0.00707	0.00547	0.00645	0.00620	0.00770	0.00484	0.00465	0.00912	0.01396	0.01859	0.47417	0.04492	0.35334	0.01207	0.00634	0.00174	0.00261	0.01038	0.00552	0.00484
8	0.32317	0.01334	0.01311	0.01042	0.01436	0.01496	0.00860	0.48814	0.01936	0.03027	0.01091	0.01137	0.00792	0.00591	0.00462	0.00163	0.00527	0.00413	0.00462	0.00792
9	0.33859	0.01325	0.01295	0.01032	0.01424	0.01488	0.00852	0.47429	0.01906	0.03009	0.01081	0.01129	0.00786	0.00588	0.00458	0.00163	0.00523	0.00409	0.00458	0.00786
10	0.00865	0.00618	0.00865	0.00989	0.01112	0.00618	0.00865	0.01112	0.01236	0.01606	0.02842	0.06055	0.03089	0.01483	0.00741	0.00247	0.00494	0.74174	0.00494	0.00494
11	0.02041	0.01504	0.01611	0.01235	0.01665	0.01665	0.01020	0.75997	0.02524	0.03383	0.01289	0.01289	0.00913	0.00644	0.00537	0.00161	0.00591	0.00483	0.00537	0.00913
12	0.00709	0.00568	0.00648	0.00688	0.00850	0.00506	0.00556	0.00881	0.01227	0.01501	0.04598	0.05454	0.53472	0.01399	0.00669	0.00203	0.00344	0.24764	0.00497	0.00466
13	0.02185	0.01272	0.01468	0.01125	0.01549	0.01321	0.00929	0.47184	0.02136	0.32743	0.01614	0.01500	0.01076	0.00652	0.00538	0.00163	0.00538	0.00505	0.00587	0.00913
14	0.01267	0.01448	0.03167	0.02262	0.02805	0.01357	0.75837	0.01719	0.01267	0.01719	0.01086	0.01448	0.00814	0.00452	0.00633	0.00181	0.00905	0.00633	0.00271	0.00724
15	0.02041	0.01504	0.01611	0.01235	0.01665	0.01665	0.01020	0.75997	0.02524	0.03383	0.01289	0.01289	0.00913	0.00644	0.00537	0.00161	0.00591	0.00483	0.00537	0.00913
16	0.00634	0.00544	0.00544	0.00544	0.00725	0.00453	0.00408	0.00770	0.01224	0.01450	0.05438	0.05166	0.77569	0.01359	0.00634	0.00181	0.00272	0.01133	0.00498	0.00453
17	0.01098	0.07525	0.73795	0.01493	0.02266	0.01300	0.01919	0.01694	0.01131	0.01674	0.00950	0.01117	0.00681	0.00507	0.00500	0.00167	0.00780	0.00390	0.00227	0.00787
18	0.02408	0.00914	0.01246	0.00955	0.01370	0.00789	0.00789	0.02616	0.01536	0.78158	0.02118	0.01827	0.01329	0.00664	0.00540	0.00166	0.00457	0.00540	0.00664	0.00914
19	0.01113	0.00954	0.01113	0.00795	0.01272	0.00716	0.00636	0.01352	0.01113	0.01749	0.00954	0.01113	0.00795	0.00398	0.00398	0.00080	0.00398	0.00318	0.00318	0.84417
20	0.00645	0.00512	0.00581	0.00632	0.00749	0.00447	0.00448	0.00766	0.01147	0.01431	0.05840	0.37034	0.44895	0.01490	0.00656	0.00197	0.00288	0.01295	0.00500	0.00447
21	0.01640	0.01427	0.01377	0.01172	0.01513	0.10307	0.00926	0.26436	0.44184	0.02507	0.01740	0.01654	0.01296	0.00681	0.00536	0.00170	0.00541	0.00537	0.00512	0.00844
22	0.01087	0.01054	0.01581	0.70812	0.03447	0.05445	0.01427	0.01503	0.05669	0.01421	0.01022	0.01440	0.00770	0.00549	0.00534	0.00177	0.00712	0.00478	0.00259	0.00613
23	0.01277	0.01178	0.01744	0.15609	0.38415	0.01282	0.01342	0.02022	0.27627	0.01860	0.01411	0.01582	0.01103	0.00576	0.00537	0.00171	0.00577	0.00523	0.00359	0.00807
24	0.01344	0.61490	0.21983	0.01074	0.01618	0.01901	0.01189	0.01631	0.01102	0.01374	0.00801	0.00930	0.00687	0.00472	0.00386	0.00129	0.00630	0.00315	0.00229	0.00715
25	0.00975	0.00789	0.00908	0.00908	0.01110	0.00831	0.00737	0.01650	0.28264	0.01823	0.06564	0.04308	0.19964	0.01167	0.00642	0.00205	0.00407	0.27617	0.00518	0.00612
26	0.01225	0.00648	0.00807	0.00743	0.00960	0.00565	0.00569	0.01384	0.01294	0.26289	0.07415	0.21727	0.29934	0.01200	0.00618	0.00186	0.00346	0.02931	0.00557	0.00602
27	0.01091	0.00921	0.00966	0.00878	0.01136	0.00990	0.00680	0.06409	0.40853	0.02011	0.06347	0.03232	0.30348	0.00976	0.00582	0.00180	0.00370	0.00812	0.00529	0.00690
28	0.00755	0.00539	0.00738	0.00862	0.00938	0.00523	0.00673	0.00921	0.01127	0.01483	0.02903	0.45143	0.03330	0.01587	0.00712	0.00232	0.00399	0.36175	0.00496	0.00464
29	0.11524	0.01418	0.01497	0.01159	0.01577	0.01564	0.00958	0.63497	0.02286	0.07351	0.01272	0.01271	0.00898	0.00629	0.00514	0.00162	0.00563	0.00464	0.00521	0.00875
30	0.84927	0.01038	0.00789	0.00706	0.01038	0.01204	0.00581	0.01578	0.00914	0.02408	0.00747	0.00872	0.00581	0.00498	0.00332	0.00166	0.00415	0.00291	0.00332	0.00581
31	0.02014	0.02291	0.01544	0.01345	0.01661	0.59359	0.01033	0.20886	0.01776	0.01839	0.00946	0.01049	0.00748	0.00576	0.00497	0.00144	0.00872	0.00381	0.00343	0.00696
32	0.00654	0.00467	0.00623	0.00747	0.00779	0.00436	0.00498	0.00747	0.01028	0.01370	0.02959	0.80785	0.03550	0.01682	0.00685	0.00218	0.00311	0.01526	0.00498	0.00436
33	0.00947	0.05658	0.01266	0.01069	0.01173	0.01051	0.02923	0.01126	0.00929	0.01331	0.03286	0.04137	0.01401	0.02446	0.38537	0.00526	0.24520	0.06844	0.00299	0.00531
34	0.01592	0.01168	0.01291	0.01077	0.01378	0.01267	0.00851	0.51651	0.02040	0.02732	0.01829	0.27008	0.01766	0.00980	0.00585	0.00180	0.00500	0.00821	0.00524	0.00759
35	0.01714	0.01429	0.02084	0.01562	0.01995	0.01519	0.25219	0.41364	0.05796	0.05044	0.01260	0.01387	0.00919	0.00605	0.00643	0.00173	0.05481	0.00539	0.00437	0.00829
36	0.02005	0.02558	0.01521	0.01383	0.01659	0.78980	0.01037	0.02143	0.01521	0.01314	0.00830	0.00968	0.00691	0.00553	0.00484	0.00138	0.00968	0.00346	0.00277	0.00622
37	0.84927	0.01038	0.00789	0.00706	0.01038	0.01204	0.00581	0.01578	0.00914	0.02408	0.00747	0.00872	0.00581	0.00498	0.00332	0.00166	0.00415	0.00291	0.00332	0.00581
38	0.01521	0.01738	0.01224	0.01119	0.01350	0.44176	0.00843	0.01864	0.10651	0.01698	0.25801	0.02078	0.02221	0.00750	0.00540	0.00153	0.00671	0.00580	0.00411	0.00612
39	0.79947	0.01031	0.00817	0.00721	0.01058	0.01179	0.00594	0.01641	0.00951	0.06980	0.00830	0.00930	0.00626	0.00508	0.00345	0.00166	0.00418	0.00306	0.00352	0.00601
40	0.04256	0.01625	0.01533	0.01230	0.01619	0.14104	0.00993	0.54453	0.09994	0.02904	0.01292	0.01299	0.00943	0.00634	0.00524	0.00160	0.00630	0.00469	0.00490	0.00850
41	0.84927	0.01038	0.00789	0.00706	0.01038	0.01204	0.00581	0.01578	0.00914	0.02408	0.00747	0.00872	0.00581	0.00498	0.00332	0.00166	0.00415	0.00291	0.00332	0.00581
42	0.48595	0.01627	0.01093	0.00986	0.01296	0.31012	0.00771	0.01864	0.05287	0.01980	0.00857	0.00970	0.00681	0.00532	0.00402	0.00156	0.00628	0.00329	0.00323	0.00612
43	0.00781	0.00520	0.00585	0.00585	0.00585	0.00520	0.00325	0.00781	0.00781	0.01041	0.01691	0.03513	0.01952	0.81135	0.02732	0.00520	0.00520	0.00781	0.00325	0.00325
44	0.00735	0.00538	0.00699	0.00738	0.00844	0.00501	0.00559	0.00930	0.01296	0.01753	0.34674	0.25944	0.12555	0.01362	0.00668	0.00198	0.00316	0.14674	0.00537	0.00478
45	0.00692	0.00512	0.00646	0.00684	0.00778	0.00466	0.00486	0.00855	0.01253	0.01688	0.32377	0.37815	0.16975	0.01399	0.00656	0.00193	0.00282	0.01242	0.00534	0.00466
46	0.01914	0.01036	0.01199	0.00948	0.01296	0.01053	0.00774	0.30443	0.01812	0.30350	0.01708	0.01664	0.01181	0.00647	0.00497	0.00154	0.00456	0.00508	0.21549	0.00810
47	0.84927	0.01038	0.00789	0.00706	0.01038	0.01204	0.00581	0.01578	0.00914	0.02408	0.00747	0.00872	0.00581	0.00498	0.00332	0.00166	0.00415	0.00291	0.00332	0.00581
48	0.01087	0.01029	0.01742	0.62096	0.20876	0.01212	0.01527	0.01435	0.01108	0.01460	0.00967	0.01407	0.00747	0.00523	0.00535	0.00174	0.00698	0.00477	0.00245	0.00655
49	0.01014	0.00954	0.01610	0.79845	0.03697	0.01193	0.01491	0.01371	0.01073	0.01371	0.00954	0.01431	0.00716	0.00537	0.00537	0.00179	0.00716	0.00477	0.00239	0.00596
50	0.00654	0.00467	0.00623	0.00747	0.00779	0.00436	0.00498	0.00747	0.01028	0.01370	0.02959	0.80785	0.03550	0.01682	0.00685	0.00218	0.00311	0.01526	0.00498	0.00436
51	0.00667	0.00502	0.00618	0.00680	0.00768	0.00453	0.00475	0.00800	0.01166	0.01528	0.16635	0.47045	0.23724	0.01493	0.00662	0.00200	0.00291	0.01323	0.00515	0.00453
52	0.02005	0.02558	0.01521	0.01383	0.01659	0.78980	0.01037	0.02143	0.01521	0.01314	0.00830	0.00968	0.00691	0.00553	0.00484	0.00138	0.00968	0.00346	0.00277	0.00622
53	0.01329	0.01275	0.02179	0.03295	0.77787	0.01275	0.01647	0.01647	0.01222	0.01754	0.01010	0.01329	0.00850	0.00478	0.00531	0.00159	0.00638	0.00478	0.00266	0.00850
54	0.84927	0.01038	0.00789	0.00706	0.01038	0.01204	0.00581	0.01578	0.00914	0.02408	0.00747	0.00872	0.00581	0.00498	0.00332	0.00166	0.00415	0.00291	0.00332	0.00581
55	0.00932	0.00466	0.00699	0.00699	0.00699	0.00466	0.00466	0.00699	0.00699	0.00932	0.00932	0.01632	0.00932	0.01865	0.02098	0.84382	0.00466	0.00466	0.00233	0.00233
56	0.00710	0.00497	0.00626	0.00705	0.00736	0.00476	0.00464	0.00787	0.00975	0.01297	0.04260	0.48156	0.04299	0.27357	0.01349	0.00316	0.00388	0.05752	0.00444	0.00406
57	0.01087	0.02705	0.74294	0.01570	0.02349	0.01253	0.05971	0.01701	0.01141	0.01701	0.00970	0.01150	0.00687	0.00507	0.00517	0.00171	0.00799	0.00409	0.00229	0.00790
58	0.00696	0.00510	0.00654	0.00695	0.00783	0.00468	0.00492	0.00862	0.01256	0.01709	0.34666	0.40258	0.12163	0.01401	0.00658	0.00193	0.00283	0.01249	0.00537	0.00468
59	0.01276	0.51887	0.01968	0.00766	0.01103	0.01531	0.00720	0.01477	0.01103	0.01533	0.01113	0.01278	0.00940	0.00520	0.00356	0.00119	0.00456	0.00365	0.30871	0.00620
60	0.01250	0.00617	0.00768	0.00698	0.00888	0.00567	0.00534	0.01466	0.01323	0.21810	0.21514	0.13049	0.04589	0.00916	0.00532	0.00161	0.00314	0.00784	0.27618	0.00600
61	0.84927	0.01038	0.00789	0.00706	0.01038	0.01204	0.00581	0.01578	0.00914	0.02408	0.00747	0.00872	0.00581	0.00498	0.00332	0.00166	0.00415	0.00291	0.00332	0.00581
62	0.02408	0.00914	0.01246	0.00955	0.01370	0.00789	0.00789	0.02616	0.01536	0.78158	0.02118	0.01827	0.01329	0.00664	0.00540	0.00166	0.00457	0.00540	0.00664	0.00914
63	0.84927	0.01038	0.00789	0.00706	0.01038	0.01204	0.00581	0.01578	0.00914	0.02408	0.00747	0.00872	0.00581	0.00498	0.00332	0.00166	0.00415	0.00291	0.00332	0.00581
64	0.02008	0.02485	0.01527	0.01373	0.01660	0.73587	0.01036	0.07295	0.01591	0.01458	0.00862	0.00990	0.00707	0.00560	0.00488	0.00140	0.00942	0.00355	0.00295	0.00643
65	0.84927	0.01038	0.00789	0.00706	0.01038	0.01204	0.00581	0.01578	0.00914	0.02408	0.00747	0.00872	0.00581	0.00498	0.00332	0.00166	0.00415	0.00291	0.00332	0.00581
66	0.00929	0.00729	0.00853	0.00712	0.00954	0.00606	0.00504	0.01060	0.00980	0.01439	0.01497	0.12878	0.01594	0.30064	0.01290	0.00259	0.00431	0.00652	0.00345	0.42223
67	0.00686	0.00501	0.00646	0.00705	0.00781	0.00460	0.00493	0.00835	0.01205	0.01631	0.27305	0.48971	0.10867	0.01463	0.00664	0.00199	0.00289	0.01310	0.00528	0.00460
68	0.00698	0.00511	0.00661	0.00750	0.00815	0.00483	0.00524	0.00866	0.03525	0.01508	0.11914	0.60773	0.08112	0.01552	0.00674	0.00210	0.00315	0.05136	0.00511	0.00462
69	0.78061	0.01028	0.00827	0.00727	0.01066	0.01170	0.00599	0.01664	0.00965	0.08711	0.00861	0.00951	0.00644	0.00512	0.00349	0.00166	0.00419	0.00311	0.00360	0.00609
70	0.01211	0.00619	0.00818	0.00783	0.00943	0.00559	0.00570	0.01350	0.01220	0.24857	0.10771	0.39611	0.04829	0.08243	0.00813	0.00222	0.00367	0.01089	0.00544	0.00580
71	0.01329	0.01275	0.02179	0.03295	0.77787	0.01275	0.01647	0.01647	0.01222	0.01754	0.01010	0.01329	0.00850	0.00478	0.00531	0.00159	0.00638	0.00478	0.00266	0.00850
72	0.84927	0.01038	0.00789	0.00706	0.01038	0.01204	0.00581	0.01578	0.00914	0.02408	0.00747	0.00872	0.00581	0.00498	0.00332	0.00166	0.00415	0.00291	0.00332	0.00581
73	0.53108	0.01217	0.01105	0.00909	0.01279	0.01381	0.00750	0.30146	0.01532	0.02783	0.00955	0.01032	0.00709	0.00554	0.00411	0.00164	0.00483	0.00365	0.00411	0.00709
74	0.01014	0.00954	0.01610	0.79845	0.03697	0.01193	0.01491	0.01371	0.01073	0.01371	0.00954	0.01431	0.00716	0.00537	0.00537	0.00179	0.00716	0.00477	0.00239	0.00596
75	0.01592	0.01693	0.01332	0.01204	0.01497	0.31142	0.00922	0.02580	0.47912	0.01888	0.01665	0.01606	0.01275	0.00661	0.00522	0.00165	0.00633	0.00507	0.00443	0.00762
76	0.00654	0.00469	0.00621	0.00743	0.00777	0.00436	0.00496	0.00748	0.01032	0.01372	0.03016	0.79042	0.05256	0.01674	0.00684	0.00217	0.00311	0.01517	0.00498	0.00436
77	0.01662	0.01350	0.01396	0.01164	0.01521	0.03954	0.00930	0.34552	0.42196	0.02709	0.01753	0.01660	0.01294	0.00686	0.00540	0.00172	0.00514	0.00545	0.00534	0.00870
78	0.01785	0.01826	0.01853	0.01460	0.01861	0.29586	0.16333	0.27214	0.01775	0.02143	0.01050	0.01189	0.00802	0.00550	0.00525	0.00150	0.00775	0.00449	0.00368	0.08307
79	0.01059	0.00965	0.01589	0.32028	0.30032	0.01047	0.01301	0.01368	0.01213	0.01665	0.16191	0.06145	0.01775	0.00687	0.00562	0.00172	0.00574	0.00631	0.00332	0.00663
80	0.00674	0.00514	0.00620	0.00660	0.00766	0.00460	0.00470	0.00822	0.01218	0.01594	0.22522	0.35776	0.29115	0.01425	0.00655	0.00193	0.00283	0.01253	0.00522	0.00460
81	0.01158	0.00928	0.00993	0.00905	0.01099	0.01039	0.00657	0.05811	0.43815	0.01841	0.01949	0.02546	0.01721	0.31591	0.01385	0.00311	0.00470	0.00667	0.00461	0.00652
82	0.00701	0.00491	0.00638	0.00720	0.00781	0.00459	0.00500	0.00840	0.01140	0.01570	0.17555	0.57253	0.05442	0.01491	0.00657	0.00203	0.00300	0.03242	0.05563	0.00456
83	0.01869	0.02211	0.01463	0.01315	0.01605	0.58763	0.00998	0.06318	0.17092	0.01619	0.01134	0.01199	0.00899	0.00594	0.00500	0.00149	0.00836	0.00407	0.00346	0.00685
84	0.77884	0.01027	0.00828	0.00727	0.01066	0.01169	0.00599	0.01667	0.00967	0.08873	0.00864	0.00954	0.00645	0.00512	0.00350	0.00166	0.00419	0.00312	0.00361	0.00610
85	0.79888	0.05891	0.00911	0.00719	0.01059	0.01260	0.00602	0.01580	0.00924	0.02339	0.00747	0.00871	0.00588	0.00496	0.00333	0.00163	0.00425	0.00290	0.00326	0.00588
86	0.01356	0.01102	0.01175	0.01051	0.01354	0.01250	0.00819	0.02713	0.67794	0.06695	0.02377	0.02183	0.06203	0.00763	0.00551	0.00181	0.00417	0.00635	0.00550	0.00830
87	0.01717	0.01745	0.01467	0.01264	0.01590	0.29762	0.03343	0.16956	0.32280	0.02112	0.01478	0.01467	0.01123	0.00639	0.00524	0.00162	0.00671	0.00488	0.00437	0.00775
88	0.00788	0.00561	0.00726	0.00795	0.00870	0.00552	0.00597	0.00972	0.03176	0.01494	0.11468	0.25535	0.03148	0.19849	0.01167	0.00291	0.00420	0.26671	0.00469	0.00451
89	0.01756	0.02065	0.01598	0.01496	0.06191	0.49888	0.01108	0.06460	0.01388	0.01463	0.00837	0.01062	0.00718	0.00652	0.00814	0.00165	0.21020	0.00394	0.00281	0.00645
90	0.00781	0.00520	0.00585	0.00585	0.00585	0.00520	0.00325	0.00781	0.00781	0.01041	0.01691	0.03513	0.01952	0.81135	0.02732	0.00520	0.00520	0.00781	0.00325	0.00325
91	0.01035	0.00996	0.01743	0.73240	0.03621	0.01207	0.07820	0.01401	0.01090	0.01401	0.00965	0.01433	0.00724	0.00530	0.00545	0.00179	0.00732	0.00490	0.00241	0.00607
92	0.01224	0.26163	0.25838	0.01314	0.06356	0.01389	0.06448	0.01581	0.01130	0.01584	0.00906	0.01079	0.00732	0.00460	0.00441	0.00130	0.00624	0.00365	0.00256	0.21982
93	0.11250	0.02025	0.01633	0.01403	0.01666	0.48373	0.08916	0.01885	0.01303	0.01478	0.00826	0.01044	0.00694	0.00604	0.00706	0.00163	0.14743	0.00392	0.00275	0.00622
94	0.47255	0.00986	0.01038	0.09826	0.01455	0.01062	0.00756	0.01908	0.01144	0.28077	0.01237	0.01261	0.00851	0.00559	0.00426	0.00168	0.00464	0.00397	0.00435	0.00696
95	0.00712	0.00547	0.00651	0.00625	0.00772	0.00486	0.00469	0.00920	0.01406	0.01883	0.49839	0.04454	0.32898	0.01198	0.00634	0.00174	0.00260	0.01033	0.00555	0.00486
96	0.00639	0.00539	0.00553	0.00561	0.00730	0.00453	0.00416	0.00775	0.01217	0.01461	0.06962	0.10270	0.70844	0.01375	0.00638	0.00183	0.00274	0.01156	0.00501	0.00453
97	0.01113	0.00954	0.01113	0.00795	0.01272	0.00716	0.00636	0.01352	0.01113	0.01749	0.00954	0.01113	0.00795	0.00398	0.00398	0.00080	0.00398	0.00318	0.00318	0.84417
98	0.41063	0.00957	0.01010	0.00827	0.01192	0.00973	0.00680	0.02065	0.01243	0.39587	0.04477	0.01466	0.01127	0.00604	0.00446	0.00166	0.00429	0.00440	0.00506	0.00741
99	0.00675	0.00492	0.00636	0.00712	0.00779	0.00453	0.00491	0.00808	0.01154	0.01549	0.19488	0.56757	0.10976	0.01523	0.00669	0.00204	0.00295	0.01367	0.00519	0.00453
100	0.01118	0.00752	0.00846	0.00762	0.00891	0.00784	0.00522	0.10158	0.11327	0.06929	0.06315	0.02957	0.01930	0.50276	0.01897	0.00386	0.00495	0.00716	0.00420	0.00518
101	0.33840	0.01315	0.01285	0.01028	0.01417	0.01479	0.00847	0.45427	0.03939	0.02978	0.01105	0.01148	0.00805	0.00591	0.00459	0.00164	0.00519	0.00413	0.00459	0.00784
