[name]
unknown

[dist]
# distance from previous block
# <min> <max>
0	752

[block]
# block no. 0 follows, 47 sequences, length 33
# corresponding to MSA columns:
# 767-799
name=unknown_A
#
# <colnr> <probs for GDERKNQSTAVLIFYWHMCP>
#	G	D	E	R	K	N	Q	S	T	A	V	L	I	F	Y	W	H	M	C	P
0	0.01295	0.59902	0.23990	0.01056	0.01592	0.01823	0.01179	0.01584	0.01070	0.01343	0.00783	0.00909	0.00666	0.00459	0.00379	0.00126	0.00616	0.00308	0.00222	0.00697
1	0.00744	0.00556	0.00826	0.00826	0.00915	0.00645	0.00638	0.00923	0.00834	0.01201	0.01405	0.02100	0.01326	0.07023	0.76550	0.00824	0.01359	0.00566	0.00280	0.00459
2	0.01080	0.05991	0.68170	0.01493	0.02218	0.01256	0.06880	0.01681	0.03470	0.01649	0.00970	0.01135	0.00698	0.00495	0.00497	0.00164	0.00757	0.00402	0.00233	0.00762
3	0.00719	0.00530	0.00663	0.00631	0.00755	0.00484	0.00467	0.00934	0.01389	0.01922	0.62596	0.04035	0.16039	0.05685	0.00730	0.00185	0.00263	0.00956	0.00545	0.00473
4	0.11338	0.00823	0.01365	0.01134	0.01357	0.00830	0.21732	0.01166	0.01017	0.01543	0.04892	0.17009	0.01739	0.10184	0.17182	0.00353	0.00724	0.02779	0.02311	0.00521
5	0.01121	0.01905	0.37408	0.01456	0.01842	0.03533	0.04766	0.01477	0.00974	0.01455	0.00819	0.01127	0.00677	0.00688	0.01067	0.00194	0.38169	0.00427	0.00227	0.00669
6	0.00694	0.00627	0.04134	0.00797	0.00925	0.00519	0.04853	0.00852	0.01104	0.01463	0.11656	0.50496	0.17126	0.01393	0.00640	0.00195	0.00342	0.01253	0.00470	0.00465
7	0.00634	0.00453	0.00604	0.00725	0.00755	0.00423	0.00483	0.00725	0.00997	0.01329	0.02870	0.81358	0.03444	0.01632	0.00665	0.00211	0.00302	0.01480	0.00483	0.00423
8	0.85377	0.01007	0.00765	0.00685	0.01007	0.01168	0.00564	0.01531	0.00886	0.02336	0.00725	0.00846	0.00564	0.00483	0.00322	0.00161	0.00403	0.00282	0.00322	0.00564
9	0.01289	0.01237	0.02114	0.03196	0.78450	0.01237	0.01598	0.01598	0.01186	0.01701	0.00980	0.01289	0.00825	0.00464	0.00516	0.00155	0.00619	0.00464	0.00258	0.00825
10	0.85377	0.01007	0.00765	0.00685	0.01007	0.01168	0.00564	0.01531	0.00886	0.02336	0.00725	0.00846	0.00564	0.00483	0.00322	0.00161	0.00403	0.00282	0.00322	0.00564
11	0.85377	0.01007	0.00765	0.00685	0.01007	0.01168	0.00564	0.01531	0.00886	0.02336	0.00725	0.00846	0.00564	0.00483	0.00322	0.00161	0.00403	0.00282	0.00322	0.00564
12	0.00757	0.00505	0.00568	0.00568	0.00568	0.00505	0.00316	0.00757	0.00757	0.01010	0.01641	0.03408	0.01893	0.81698	0.02651	0.00505	0.00505	0.00757	0.00316	0.00316
13	0.13982	0.00903	0.01146	0.00893	0.01284	0.00822	0.00737	0.02397	0.01406	0.68085	0.01868	0.01643	0.01187	0.00622	0.00495	0.00161	0.00437	0.00490	0.00599	0.00841
14	0.01538	0.01118	0.01188	0.00975	0.01277	0.01232	0.00777	0.40725	0.16790	0.02612	0.01613	0.01740	0.02658	0.06120	0.00637	0.00177	0.00466	0.00527	0.17083	0.00748
15	0.00737	0.00532	0.00696	0.00655	0.00778	0.00491	0.00491	0.00983	0.01474	0.02088	0.78175	0.03890	0.04914	0.01065	0.00614	0.00164	0.00246	0.00942	0.00573	0.00491
16	0.00745	0.00555	0.00822	0.00822	0.00909	0.00643	0.00632	0.00920	0.00832	0.01198	0.01409	0.02123	0.01335	0.08325	0.75261	0.00818	0.01344	0.00569	0.00281	0.00456
17	0.01192	0.01138	0.01938	0.27748	0.54657	0.01212	0.01550	0.01513	0.01140	0.01583	0.00962	0.01321	0.00783	0.00482	0.00517	0.00161	0.00643	0.00464	0.00249	0.00747
18	0.05182	0.00890	0.01193	0.00918	0.01318	0.00779	0.00759	0.02503	0.01470	0.76190	0.02009	0.01741	0.01264	0.00639	0.00517	0.00161	0.00442	0.00515	0.00634	0.00875
19	0.01085	0.01029	0.01745	0.54875	0.28368	0.01184	0.01497	0.01419	0.01089	0.01453	0.00943	0.01355	0.00737	0.00502	0.00519	0.00167	0.00669	0.00463	0.00240	0.00660
20	0.01004	0.00517	0.00520	0.00509	0.00640	0.00522	0.00384	0.03673	0.01136	0.01985	0.01684	0.01919	0.01320	0.00607	0.00369	0.00122	0.00253	0.00485	0.81850	0.00498
21	0.00739	0.00551	0.00713	0.05679	0.00975	0.00559	0.00564	0.00982	0.08446	0.01423	0.02576	0.62110	0.02942	0.04900	0.00717	0.00215	0.00344	0.01259	0.03835	0.00470
22	0.02799	0.01004	0.01487	0.30332	0.14974	0.01189	0.01193	0.06252	0.05465	0.01592	0.02908	0.07488	0.04589	0.00731	0.00755	0.00182	0.15541	0.00580	0.00310	0.00632
23	0.05148	0.01263	0.01265	0.01086	0.01404	0.05795	0.00857	0.24345	0.44472	0.02422	0.01761	0.05072	0.01366	0.00703	0.00521	0.00169	0.00484	0.00564	0.00501	0.00801
24	0.28277	0.01388	0.01310	0.01124	0.01357	0.18232	0.04250	0.09181	0.01162	0.01825	0.00851	0.01094	0.00715	0.00870	0.06710	0.00223	0.20134	0.00390	0.00302	0.00605
25	0.01162	0.01293	0.04723	0.01660	0.02053	0.06515	0.45292	0.01570	0.05765	0.01608	0.04058	0.01869	0.05711	0.06174	0.03946	0.00220	0.02203	0.00627	0.02914	0.00637
26	0.01083	0.25396	0.11253	0.00925	0.01214	0.06119	0.00859	0.03023	0.01086	0.01368	0.02932	0.08966	0.04024	0.14252	0.05308	0.00254	0.00601	0.10460	0.00321	0.00557
27	0.00737	0.00532	0.00696	0.00655	0.00778	0.00491	0.00491	0.00983	0.01474	0.02088	0.78175	0.03890	0.04914	0.01065	0.00614	0.00164	0.00246	0.00942	0.00573	0.00491
28	0.02336	0.00886	0.01209	0.00927	0.01329	0.00765	0.00765	0.02538	0.01491	0.78810	0.02055	0.01773	0.01289	0.00645	0.00524	0.00161	0.00443	0.00524	0.00645	0.00886
29	0.00617	0.00523	0.00533	0.00541	0.00707	0.00439	0.00402	0.00746	0.01174	0.01402	0.05113	0.10162	0.73193	0.01340	0.00619	0.00178	0.00266	0.01125	0.00484	0.00439
30	0.01289	0.01237	0.02114	0.03196	0.78450	0.01237	0.01598	0.01598	0.01186	0.01701	0.00980	0.01289	0.00825	0.00464	0.00516	0.00155	0.00619	0.00464	0.00258	0.00825
31	0.00839	0.00599	0.00839	0.00959	0.01079	0.00599	0.00839	0.01079	0.01199	0.01558	0.02757	0.05874	0.02997	0.01439	0.00719	0.00240	0.00480	0.74945	0.00480	0.00480
32	0.00624	0.00528	0.00539	0.00536	0.00708	0.00443	0.00402	0.00763	0.01206	0.01453	0.10193	0.04936	0.73292	0.01302	0.00615	0.00175	0.00263	0.01088	0.00490	0.00443

[dist]
# distance from previous block
# <min> <max>
0	12

[block]
# block no. 1 follows, 47 sequences, length 59
# corresponding to MSA columns:
# 812-870
name=unknown_B
#
# <colnr> <probs for GDERKNQSTAVLIFYWHMCP>
#	G	D	E	R	K	N	Q	S	T	A	V	L	I	F	Y	W	H	M	C	P
0	0.01510	0.65057	0.02462	0.00987	0.01395	0.18593	0.00916	0.01670	0.01147	0.01236	0.00741	0.00857	0.00669	0.00465	0.00363	0.00116	0.00638	0.00291	0.00232	0.00655
1	0.01289	0.01237	0.02114	0.03196	0.78450	0.01237	0.01598	0.01598	0.01186	0.01701	0.00980	0.01289	0.00825	0.00464	0.00516	0.00155	0.00619	0.00464	0.00258	0.00825
2	0.01346	0.01411	0.02116	0.02394	0.38611	0.11099	0.17906	0.01750	0.08121	0.01646	0.01052	0.01317	0.00855	0.00528	0.00635	0.00165	0.07526	0.00492	0.00282	0.00748
3	0.01041	0.00625	0.00928	0.00935	0.03446	0.00574	0.05261	0.01183	0.01119	0.17267	0.02531	0.57571	0.02756	0.01319	0.00628	0.00197	0.00377	0.01199	0.00496	0.00548
4	0.00899	0.00626	0.00748	0.00759	0.00942	0.00585	0.00622	0.01165	0.06222	0.08534	0.03841	0.04837	0.38296	0.01262	0.00640	0.00198	0.00370	0.28434	0.00500	0.00520
5	0.01189	0.01274	0.02425	0.01822	0.02173	0.01352	0.47315	0.01624	0.08028	0.01594	0.01125	0.04487	0.00938	0.00631	0.00891	0.00191	0.21382	0.00605	0.00287	0.00668
6	0.35207	0.01213	0.08162	0.06677	0.01482	0.01174	0.00873	0.18548	0.01379	0.15472	0.01144	0.01203	0.00810	0.00552	0.00433	0.00160	0.00496	0.00396	0.03912	0.00708
7	0.01677	0.01184	0.01442	0.01385	0.13159	0.01248	0.00971	0.28530	0.18811	0.15346	0.01525	0.01520	0.01112	0.00735	0.03583	0.00183	0.00542	0.00498	0.00481	0.06068
8	0.61322	0.04862	0.01226	0.00947	0.01302	0.06052	0.10461	0.02834	0.01021	0.04752	0.00826	0.00962	0.00635	0.00487	0.00380	0.00159	0.00509	0.00339	0.00321	0.00605
9	0.00749	0.00535	0.00735	0.00856	0.00936	0.00521	0.00682	0.00923	0.01110	0.01457	0.02807	0.39220	0.03195	0.01524	0.00695	0.00227	0.00401	0.42491	0.00481	0.00455
10	0.01610	0.00934	0.01109	0.00935	0.01225	0.00965	0.00734	0.08838	0.28191	0.28525	0.06681	0.02027	0.02783	0.04518	0.00767	0.07864	0.00432	0.00581	0.00533	0.00747
11	0.01796	0.10427	0.06360	0.01259	0.01594	0.53878	0.01029	0.11982	0.01531	0.01566	0.01006	0.01109	0.03146	0.00561	0.00469	0.00138	0.00819	0.00375	0.00301	0.00653
12	0.00983	0.00926	0.01562	0.80447	0.03587	0.01157	0.01446	0.01331	0.01041	0.01331	0.00926	0.01388	0.00694	0.00521	0.00521	0.00174	0.00694	0.00463	0.00231	0.00579
13	0.00737	0.00532	0.00696	0.00655	0.00778	0.00491	0.00491	0.00983	0.01474	0.02088	0.78175	0.03890	0.04914	0.01065	0.00614	0.00164	0.00246	0.00942	0.00573	0.00491
14	0.01011	0.00929	0.01583	0.64838	0.06691	0.01110	0.05981	0.01353	0.01064	0.01424	0.01006	0.01435	0.00764	0.00521	0.00512	0.00168	0.00661	0.00474	0.07886	0.00589
15	0.01212	0.01522	0.09960	0.02130	0.02679	0.01307	0.69789	0.01666	0.01217	0.01666	0.01043	0.01377	0.00778	0.00444	0.00604	0.00175	0.00868	0.00594	0.00259	0.00708
16	0.01045	0.02694	0.79000	0.01484	0.02254	0.01209	0.01924	0.01649	0.01099	0.01649	0.00935	0.01099	0.00660	0.00495	0.00495	0.00165	0.00770	0.00385	0.00220	0.00770
17	0.00731	0.00532	0.00688	0.00649	0.00774	0.00489	0.00487	0.00971	0.01460	0.02055	0.74621	0.03945	0.08489	0.01077	0.00614	0.00164	0.00247	0.00949	0.00569	0.00489
18	0.01352	0.09520	0.37461	0.01332	0.01875	0.01233	0.08215	0.05768	0.01211	0.14861	0.01149	0.01290	0.00836	0.00767	0.05759	0.00208	0.05659	0.00440	0.00317	0.00748
19	0.00615	0.00528	0.00528	0.00528	0.00703	0.00440	0.00396	0.00747	0.01187	0.01407	0.05276	0.05012	0.78238	0.01319	0.00615	0.00176	0.00264	0.01099	0.00484	0.00440
20	0.01139	0.01139	0.01595	0.01367	0.01367	0.01595	0.01139	0.01253	0.00798	0.01253	0.00684	0.01139	0.00684	0.00911	0.01709	0.00228	0.80745	0.00456	0.00228	0.00570
21	0.02029	0.01379	0.01514	0.01160	0.01575	0.01497	0.00959	0.66420	0.02316	0.13763	0.01362	0.01323	0.00942	0.00628	0.00521	0.00157	0.00555	0.00476	0.00538	0.00886
22	0.01046	0.00995	0.01680	0.48450	0.24451	0.01121	0.04193	0.01366	0.01102	0.01455	0.01340	0.01690	0.07768	0.00574	0.00531	0.00168	0.00641	0.00527	0.00263	0.00640
23	0.00634	0.00453	0.00604	0.00725	0.00755	0.00423	0.00483	0.00725	0.00997	0.01329	0.02870	0.81358	0.03444	0.01632	0.00665	0.00211	0.00302	0.01480	0.00483	0.00423
24	0.01360	0.01372	0.02045	0.02996	0.70165	0.09687	0.01534	0.01650	0.01217	0.01655	0.00961	0.01251	0.00808	0.00472	0.00511	0.00152	0.00653	0.00450	0.00259	0.00801
25	0.01139	0.01139	0.01595	0.01367	0.01367	0.01595	0.01139	0.01253	0.00798	0.01253	0.00684	0.01139	0.00684	0.00911	0.01709	0.00228	0.80745	0.00456	0.00228	0.00570
26	0.01201	0.00973	0.01128	0.00815	0.01272	0.00780	0.00656	0.08189	0.01217	0.04274	0.00991	0.01117	0.00798	0.00416	0.00402	0.00087	0.00404	0.00330	0.00338	0.74613
27	0.01980	0.01459	0.01563	0.01198	0.01615	0.01615	0.00990	0.76713	0.02448	0.03282	0.01250	0.01250	0.00886	0.00625	0.00521	0.00156	0.00573	0.00469	0.00521	0.00886
28	0.00676	0.00530	0.00612	0.00591	0.00741	0.00465	0.00443	0.00865	0.01330	0.01747	0.41694	0.04451	0.41607	0.01192	0.00615	0.00170	0.00255	0.01020	0.00528	0.00465
29	0.00634	0.00453	0.00604	0.00725	0.00755	0.00423	0.00483	0.00725	0.00997	0.01329	0.02870	0.81358	0.03444	0.01632	0.00665	0.00211	0.00302	0.01480	0.00483	0.00423
30	0.01119	0.07208	0.52475	0.01652	0.02332	0.01293	0.23316	0.01649	0.01134	0.01629	0.00956	0.01171	0.00698	0.00476	0.00519	0.00165	0.00788	0.00444	0.00233	0.00744
31	0.00647	0.00462	0.00619	0.00740	0.00775	0.00434	0.00505	0.00747	0.01010	0.01344	0.02863	0.76675	0.03417	0.01620	0.00668	0.00213	0.00313	0.06038	0.00483	0.00426
32	0.00754	0.00572	0.00855	0.00850	0.00941	0.00674	0.00663	0.00938	0.00836	0.01210	0.01378	0.02024	0.01287	0.03833	0.77741	0.00822	0.03323	0.00555	0.00278	0.00468
33	0.01295	0.01124	0.01220	0.01158	0.04884	0.01293	0.00860	0.02714	0.74014	0.02157	0.02067	0.01913	0.01555	0.00695	0.00529	0.00176	0.00422	0.00583	0.00517	0.00824
34	0.00801	0.00565	0.00675	0.00654	0.00666	0.00612	0.00415	0.00835	0.00782	0.01088	0.01540	0.03045	0.01719	0.65528	0.07537	0.00484	0.07830	0.00704	0.04164	0.00356
35	0.00744	0.00507	0.00564	0.00564	0.00580	0.00499	0.00323	0.00756	0.00796	0.01046	0.01971	0.03553	0.08818	0.74408	0.02466	0.00475	0.00483	0.00788	0.00331	0.00327
36	0.01140	0.02026	0.39653	0.01853	0.02496	0.01265	0.40601	0.01659	0.01167	0.01659	0.00996	0.01258	0.00727	0.00466	0.00557	0.00170	0.00826	0.00504	0.00242	0.00735
37	0.01392	0.82012	0.02729	0.00891	0.01337	0.02061	0.00891	0.01559	0.01058	0.01225	0.00724	0.00835	0.00668	0.00446	0.00334	0.00111	0.00557	0.00278	0.00223	0.00668
38	0.03781	0.01093	0.04870	0.00950	0.01271	0.05755	0.00781	0.15056	0.04423	0.33657	0.06971	0.04152	0.01540	0.12335	0.00830	0.00210	0.00501	0.00581	0.00510	0.00731
39	0.01734	0.11235	0.08635	0.01281	0.01613	0.53373	0.01068	0.04638	0.06391	0.01433	0.00906	0.01025	0.00738	0.00549	0.00503	0.00141	0.03444	0.00359	0.00284	0.00649
40	0.00855	0.00727	0.00917	0.00891	0.00983	0.06047	0.00688	0.01019	0.00872	0.01203	0.01320	0.01997	0.01254	0.08705	0.63446	0.00723	0.07054	0.00549	0.00277	0.00472
41	0.00737	0.00532	0.00696	0.00655	0.00778	0.00491	0.00491	0.00983	0.01474	0.02088	0.78175	0.03890	0.04914	0.01065	0.00614	0.00164	0.00246	0.00942	0.00573	0.00491
42	0.00744	0.00558	0.00837	0.00837	0.00930	0.00651	0.00651	0.00930	0.00837	0.01209	0.01395	0.02046	0.01302	0.03906	0.79635	0.00837	0.01395	0.00558	0.00279	0.00465
43	0.00634	0.00453	0.00604	0.00725	0.00755	0.00423	0.00483	0.00725	0.00997	0.01329	0.02870	0.81358	0.03444	0.01632	0.00665	0.00211	0.00302	0.01480	0.00483	0.00423
44	0.00731	0.00532	0.00688	0.00649	0.00774	0.00489	0.00487	0.00971	0.01460	0.02054	0.74487	0.03947	0.08623	0.01077	0.00614	0.00164	0.00247	0.00950	0.00569	0.00489
45	0.00634	0.00453	0.00604	0.00725	0.00755	0.00423	0.00483	0.00725	0.00997	0.01329	0.02870	0.81358	0.03444	0.01632	0.00665	0.00211	0.00302	0.01480	0.00483	0.00423
46	0.01045	0.02694	0.79000	0.01484	0.02254	0.01209	0.01924	0.01649	0.01099	0.01649	0.00935	0.01099	0.00660	0.00495	0.00495	0.00165	0.00770	0.00385	0.00220	0.00770
47	0.00637	0.00456	0.00611	0.00728	0.00760	0.00429	0.00488	0.00731	0.00993	0.01326	0.02830	0.79180	0.03385	0.01694	0.02834	0.00229	0.00332	0.01455	0.00478	0.00424
48	0.02327	0.00902	0.01218	0.00934	0.01337	0.00789	0.00772	0.04579	0.01517	0.76732	0.02032	0.01758	0.01278	0.00644	0.00524	0.00161	0.00447	0.00522	0.00641	0.00886
49	0.01186	0.08829	0.19263	0.01419	0.01710	0.01515	0.08893	0.04351	0.03079	0.01485	0.00842	0.01156	0.00720	0.00711	0.01123	0.00194	0.42176	0.00444	0.00249	0.00656
50	0.01905	0.02405	0.01515	0.01456	0.06342	0.74781	0.01043	0.02050	0.01458	0.01301	0.00816	0.00961	0.00680	0.00532	0.00472	0.00135	0.00919	0.00343	0.00268	0.00617
51	0.85377	0.01007	0.00765	0.00685	0.01007	0.01168	0.00564	0.01531	0.00886	0.02336	0.00725	0.00846	0.00564	0.00483	0.00322	0.00161	0.00403	0.00282	0.00322	0.00564
52	0.01133	0.02384	0.64131	0.01398	0.02081	0.01205	0.01712	0.01854	0.12751	0.04723	0.01158	0.01254	0.00826	0.00533	0.00501	0.00167	0.00703	0.00421	0.00284	0.00782
53	0.00634	0.00453	0.00604	0.00725	0.00755	0.00423	0.00483	0.00725	0.00997	0.01329	0.02870	0.81358	0.03444	0.01632	0.00665	0.00211	0.00302	0.01480	0.00483	0.00423
54	0.01180	0.01264	0.02203	0.01703	0.01952	0.03867	0.34725	0.01444	0.01014	0.01436	0.00896	0.01307	0.00769	0.00873	0.05981	0.00239	0.37745	0.00529	0.00248	0.00623
55	0.01080	0.01071	0.01956	0.52619	0.14810	0.01202	0.16888	0.01441	0.01102	0.01456	0.00960	0.01377	0.00734	0.00495	0.00539	0.00171	0.00720	0.00494	0.00242	0.00641
56	0.00760	0.00578	0.00854	0.00845	0.00930	0.00681	0.00654	0.00934	0.00832	0.01201	0.01379	0.02073	0.01305	0.07353	0.73117	0.00798	0.04401	0.00563	0.00279	0.00462
57	0.00742	0.00527	0.00712	0.00821	0.00891	0.00514	0.00636	0.00895	0.01071	0.01409	0.02705	0.38627	0.03092	0.08803	0.00871	0.00251	0.00404	0.36121	0.00466	0.00440
58	0.01501	0.01521	0.01697	0.23021	0.26245	0.23926	0.01299	0.08516	0.01358	0.04613	0.00981	0.01229	0.00769	0.00522	0.00504	0.00154	0.00721	0.00429	0.00293	0.00703

[dist]
# distance from previous block
# <min> <max>
1	4

[block]
# block no. 2 follows, 47 sequences, length 58
# corresponding to MSA columns:
# 875-932
name=unknown_C
#
# <colnr> <probs for GDERKNQSTAVLIFYWHMCP>
#	G	D	E	R	K	N	Q	S	T	A	V	L	I	F	Y	W	H	M	C	P
0	0.01177	0.01047	0.01651	0.48769	0.17980	0.02790	0.03152	0.04058	0.03200	0.05562	0.01143	0.01475	0.02737	0.00552	0.00552	0.00169	0.02552	0.00487	0.00284	0.00660
1	0.01203	0.00977	0.01097	0.00857	0.01246	0.02207	0.00678	0.04171	0.17680	0.05608	0.06472	0.02679	0.01293	0.00542	0.00449	0.00114	0.00399	0.00445	0.00399	0.51485
2	0.00770	0.00536	0.00653	0.00681	0.00732	0.00520	0.00461	0.00843	0.00899	0.01204	0.02024	0.16413	0.02306	0.48829	0.01835	0.00384	0.00461	0.15468	0.00375	0.04606
3	0.01614	0.03551	0.01415	0.01252	0.05198	0.19699	0.00941	0.18435	0.36652	0.03452	0.01533	0.01496	0.01158	0.00630	0.00508	0.00159	0.00584	0.00489	0.00448	0.00783
4	0.01056	0.05394	0.76404	0.01464	0.02223	0.01238	0.01889	0.01646	0.01098	0.01635	0.00927	0.01090	0.00660	0.00493	0.00489	0.00163	0.00762	0.00381	0.00220	0.00766
5	0.07515	0.08431	0.03674	0.00907	0.01154	0.00967	0.03027	0.06199	0.03190	0.15584	0.02550	0.01908	0.01257	0.15698	0.20801	0.00389	0.03845	0.00529	0.00373	0.02001
6	0.01053	0.04576	0.77190	0.01470	0.02232	0.01230	0.01900	0.01647	0.01098	0.01639	0.00930	0.01093	0.00660	0.00494	0.00491	0.00164	0.00765	0.00382	0.00220	0.00767
7	0.04912	0.00910	0.01192	0.00930	0.01321	0.00823	0.00764	0.02525	0.07876	0.69901	0.02017	0.01757	0.01291	0.00645	0.00518	0.00162	0.00439	0.00521	0.00625	0.00871
8	0.02309	0.00931	0.01236	0.00948	0.01352	0.00831	0.00783	0.08306	0.01565	0.72937	0.01992	0.01732	0.01258	0.00643	0.00523	0.00161	0.00453	0.00519	0.00635	0.00886
9	0.01553	0.01217	0.01253	0.01066	0.01358	0.07990	0.00847	0.36496	0.11842	0.05798	0.03761	0.13198	0.01575	0.01009	0.05036	0.00208	0.00572	0.04001	0.00486	0.00734
10	0.00639	0.00528	0.00560	0.00552	0.00718	0.00450	0.00414	0.00793	0.01243	0.01539	0.19436	0.04794	0.63995	0.01269	0.00615	0.00174	0.00260	0.01069	0.00501	0.00450
11	0.00659	0.00472	0.00612	0.00712	0.00755	0.00443	0.00484	0.00755	0.01006	0.01332	0.04290	0.63879	0.07542	0.09019	0.00848	0.00237	0.00328	0.05738	0.00469	0.00419
12	0.01181	0.01070	0.01708	0.40835	0.18989	0.01205	0.06142	0.09864	0.05086	0.01706	0.01165	0.01682	0.00949	0.00586	0.00539	0.00172	0.00648	0.05490	0.00303	0.00679
13	0.01265	0.01387	0.02899	0.02276	0.11748	0.01319	0.64647	0.04573	0.01271	0.01735	0.01052	0.01385	0.00798	0.00449	0.00599	0.00172	0.00835	0.00591	0.00273	0.00724
14	0.00729	0.00532	0.00685	0.00647	0.00773	0.00488	0.00485	0.00967	0.01455	0.02042	0.73271	0.03965	0.09846	0.01082	0.00614	0.00165	0.00247	0.00952	0.00567	0.00488
15	0.00828	0.00552	0.00725	0.00671	0.00809	0.00507	0.00507	0.01071	0.01475	0.06438	0.73859	0.03770	0.04708	0.01041	0.00609	0.00164	0.00257	0.00918	0.00577	0.00514
16	0.01776	0.28719	0.09574	0.01071	0.01511	0.11176	0.00994	0.15593	0.01479	0.21572	0.01193	0.01191	0.00867	0.00546	0.00450	0.00141	0.00599	0.00394	0.00391	0.00766
17	0.85377	0.01007	0.00765	0.00685	0.01007	0.01168	0.00564	0.01531	0.00886	0.02336	0.00725	0.00846	0.00564	0.00483	0.00322	0.00161	0.00403	0.00282	0.00322	0.00564
18	0.00646	0.00462	0.00614	0.00717	0.00758	0.00430	0.00484	0.00753	0.01049	0.01412	0.11112	0.72880	0.03605	0.01569	0.00659	0.00206	0.00296	0.01422	0.00493	0.00430
19	0.00682	0.00502	0.00692	0.00859	0.04665	0.00476	0.00555	0.00790	0.01012	0.01353	0.02740	0.71209	0.03251	0.03467	0.00708	0.00217	0.00333	0.05578	0.00468	0.00444
20	0.00759	0.00580	0.00866	0.00857	0.00947	0.00687	0.00670	0.00942	0.00835	0.01211	0.01368	0.02011	0.01278	0.03792	0.76663	0.00814	0.04421	0.00554	0.00277	0.00469
21	0.00634	0.00453	0.00604	0.00725	0.00755	0.00423	0.00483	0.00725	0.00997	0.01329	0.02870	0.81358	0.03444	0.01632	0.00665	0.00211	0.00302	0.01480	0.00483	0.00423
22	0.01154	0.01161	0.01714	0.01537	0.06630	0.01555	0.05446	0.01300	0.00848	0.01307	0.00724	0.01164	0.00699	0.00855	0.01567	0.00220	0.70826	0.00465	0.00232	0.00594
23	0.01906	0.01553	0.08832	0.01215	0.01664	0.01544	0.01069	0.66774	0.02284	0.06060	0.01252	0.01256	0.00880	0.00614	0.00519	0.00157	0.00586	0.00463	0.00497	0.00875
24	0.01266	0.01358	0.01691	0.01501	0.05365	0.14154	0.07636	0.01420	0.00972	0.01318	0.00835	0.04251	0.00805	0.00815	0.01313	0.00204	0.53762	0.00490	0.00249	0.00594
25	0.01580	0.01861	0.01801	0.08588	0.09501	0.41301	0.12317	0.03098	0.01296	0.01412	0.00861	0.01115	0.00711	0.00567	0.00671	0.00159	0.11841	0.00420	0.00262	0.00638
26	0.00615	0.00528	0.00528	0.00528	0.00703	0.00440	0.00396	0.00747	0.01187	0.01407	0.05276	0.05012	0.78238	0.01319	0.00615	0.00176	0.00264	0.01099	0.00484	0.00440
27	0.00774	0.00558	0.00761	0.00875	0.00975	0.00545	0.00723	0.00969	0.01146	0.01491	0.02923	0.25459	0.07172	0.01482	0.00699	0.00229	0.00422	0.51855	0.00481	0.00463
28	0.01139	0.01139	0.01595	0.01367	0.01367	0.01595	0.01139	0.01253	0.00798	0.01253	0.00684	0.01139	0.00684	0.00911	0.01709	0.00228	0.80745	0.00456	0.00228	0.00570
29	0.00983	0.00926	0.01562	0.80447	0.03587	0.01157	0.01446	0.01331	0.01041	0.01331	0.00926	0.01388	0.00694	0.00521	0.00521	0.00174	0.00694	0.00463	0.00231	0.00579
30	0.01392	0.82012	0.02729	0.00891	0.01337	0.02061	0.00891	0.01559	0.01058	0.01225	0.00724	0.00835	0.00668	0.00446	0.00334	0.00111	0.00557	0.00278	0.00223	0.00668
31	0.00665	0.00539	0.00599	0.00631	0.00788	0.00474	0.00496	0.00818	0.01180	0.01436	0.04608	0.09028	0.58134	0.01361	0.00641	0.00192	0.00313	0.17169	0.00483	0.00447
32	0.01980	0.01459	0.01563	0.01198	0.01615	0.01615	0.00990	0.76713	0.02448	0.03282	0.01250	0.01250	0.00886	0.00625	0.00521	0.00156	0.00573	0.00469	0.00521	0.00886
33	0.00667	0.00477	0.00642	0.00762	0.00807	0.00451	0.00540	0.00782	0.01029	0.01366	0.02852	0.69298	0.03373	0.01601	0.00673	0.00216	0.00330	0.13218	0.00483	0.00432
34	0.02015	0.01403	0.01528	0.01172	0.01587	0.01532	0.00968	0.69436	0.02355	0.10692	0.01329	0.01302	0.00925	0.00627	0.00521	0.00157	0.00560	0.00474	0.00533	0.00886
35	0.01945	0.02482	0.01476	0.01342	0.01610	0.79608	0.01006	0.02079	0.01476	0.01275	0.00805	0.00939	0.00671	0.00537	0.00470	0.00134	0.00939	0.00335	0.00268	0.00604
36	0.00634	0.00453	0.00604	0.00725	0.00755	0.00423	0.00483	0.00725	0.00997	0.01329	0.02870	0.81358	0.03444	0.01632	0.00665	0.00211	0.00302	0.01480	0.00483	0.00423
37	0.00634	0.00453	0.00604	0.00725	0.00755	0.00423	0.00483	0.00725	0.00997	0.01329	0.02870	0.81358	0.03444	0.01632	0.00665	0.00211	0.00302	0.01480	0.00483	0.00423
38	0.00637	0.00465	0.00593	0.00692	0.00741	0.00428	0.00465	0.00729	0.01014	0.01328	0.03148	0.68095	0.13467	0.04643	0.00734	0.00218	0.00305	0.01401	0.00477	0.00421
39	0.01660	0.01300	0.01383	0.01134	0.01493	0.01466	0.00913	0.42182	0.37500	0.02767	0.01656	0.01574	0.01214	0.00663	0.00525	0.00166	0.00498	0.00525	0.00525	0.00857
40	0.01474	0.01259	0.01898	0.04904	0.52886	0.06445	0.03758	0.01830	0.05772	0.12868	0.01192	0.01381	0.00922	0.00510	0.00518	0.00157	0.00613	0.00476	0.00330	0.00808
41	0.01380	0.40354	0.23335	0.01186	0.01696	0.10738	0.04590	0.05464	0.04111	0.01506	0.00885	0.01008	0.00718	0.00488	0.00423	0.00136	0.00669	0.00351	0.00256	0.00707
42	0.00834	0.00593	0.00821	0.00933	0.01045	0.00593	0.00804	0.01057	0.01169	0.01522	0.02682	0.05708	0.02923	0.06838	0.00849	0.00258	0.00481	0.69954	0.00468	0.00468
43	0.04563	0.01352	0.01631	0.01479	0.06669	0.12805	0.06450	0.01634	0.10946	0.01479	0.00936	0.01233	0.00812	0.00750	0.01164	0.00196	0.44527	0.00461	0.00281	0.00634
44	0.00702	0.00531	0.00648	0.00619	0.00757	0.00477	0.00464	0.00916	0.01392	0.01894	0.57356	0.04210	0.25854	0.01137	0.00615	0.00167	0.00251	0.00987	0.00548	0.00477
45	0.01289	0.01237	0.02114	0.03196	0.78450	0.01237	0.01598	0.01598	0.01186	0.01701	0.00980	0.01289	0.00825	0.00464	0.00516	0.00155	0.00619	0.00464	0.00258	0.00825
46	0.00615	0.00528	0.00528	0.00528	0.00703	0.00440	0.00396	0.00747	0.01187	0.01407	0.05276	0.05012	0.78238	0.01319	0.00615	0.00176	0.00264	0.01099	0.00484	0.00440
47	0.02265	0.00934	0.01226	0.00943	0.01340	0.00844	0.00778	0.10042	0.01578	0.69135	0.01964	0.01724	0.01249	0.00642	0.00519	0.00160	0.00451	0.00517	0.02814	0.00876
48	0.01392	0.82012	0.02729	0.00891	0.01337	0.02061	0.00891	0.01559	0.01058	0.01225	0.00724	0.00835	0.00668	0.00446	0.00334	0.00111	0.00557	0.00278	0.00223	0.00668
49	0.00757	0.00505	0.00568	0.00568	0.00568	0.00505	0.00316	0.00757	0.00757	0.01010	0.01641	0.03408	0.01893	0.81698	0.02651	0.00505	0.00505	0.00757	0.00316	0.00316
50	0.85377	0.01007	0.00765	0.00685	0.01007	0.01168	0.00564	0.01531	0.00886	0.02336	0.00725	0.00846	0.00564	0.00483	0.00322	0.00161	0.00403	0.00282	0.00322	0.00564
51	0.00634	0.00453	0.00604	0.00725	0.00755	0.00423	0.00483	0.00725	0.00997	0.01329	0.02870	0.81358	0.03444	0.01632	0.00665	0.00211	0.00302	0.01480	0.00483	0.00423
52	0.02336	0.00886	0.01209	0.00927	0.01329	0.00765	0.00765	0.02538	0.01491	0.78810	0.02055	0.01773	0.01289	0.00645	0.00524	0.00161	0.00443	0.00524	0.00645	0.00886
53	0.01362	0.01104	0.01180	0.01051	0.01353	0.01261	0.00821	0.02753	0.72652	0.07075	0.02115	0.01932	0.01570	0.00703	0.00529	0.00176	0.00414	0.00585	0.00537	0.00828
54	0.01170	0.01646	0.19548	0.05907	0.02571	0.01304	0.51352	0.01619	0.01162	0.01619	0.00996	0.01319	0.00750	0.00487	0.00657	0.00177	0.06218	0.00546	0.00250	0.00702
55	0.00678	0.00502	0.00638	0.00736	0.00793	0.00483	0.00501	0.00864	0.06155	0.01391	0.02956	0.71687	0.07560	0.01552	0.00653	0.00207	0.00307	0.01399	0.00487	0.00451
56	0.01433	0.09067	0.01846	0.02118	0.37918	0.14133	0.01250	0.08707	0.06671	0.01734	0.01128	0.03112	0.00978	0.00589	0.00557	0.00157	0.04197	0.03347	0.00312	0.00746
57	0.01081	0.05129	0.02054	0.50608	0.05061	0.01238	0.23010	0.01434	0.01093	0.01424	0.00953	0.01366	0.00727	0.00514	0.00565	0.01650	0.00734	0.00497	0.00241	0.00619

[dist]
# distance from previous block
# <min> <max>
0	1

[block]
# block no. 3 follows, 47 sequences, length 66
# corresponding to MSA columns:
# 934-952,960-1006
name=unknown_D
#
# <colnr> <probs for GDERKNQSTAVLIFYWHMCP>
#	G	D	E	R	K	N	Q	S	T	A	V	L	I	F	Y	W	H	M	C	P
0	0.01102	0.00882	0.01051	0.00795	0.01203	0.00697	0.00636	0.02891	0.01117	0.04726	0.01175	0.05351	0.01049	0.00650	0.03565	0.00126	0.00432	0.03775	0.00342	0.68436
1	0.08574	0.63846	0.02464	0.00979	0.01402	0.09045	0.04629	0.01610	0.01090	0.01346	0.00748	0.00874	0.00666	0.00457	0.00359	0.00121	0.00595	0.00301	0.00237	0.00655
2	0.01166	0.02665	0.68562	0.01465	0.02167	0.11765	0.01800	0.01707	0.01150	0.01599	0.00917	0.01078	0.00661	0.00500	0.00491	0.00161	0.00792	0.00378	0.00226	0.00747
3	0.01118	0.01062	0.01784	0.36805	0.41407	0.01158	0.01465	0.01434	0.01123	0.01523	0.01195	0.01540	0.05078	0.00536	0.00523	0.00164	0.00632	0.00499	0.00259	0.00696
4	0.01139	0.01139	0.01595	0.01367	0.01367	0.01595	0.01139	0.01253	0.00798	0.01253	0.00684	0.01139	0.00684	0.00911	0.01709	0.00228	0.80745	0.00456	0.00228	0.00570
5	0.00889	0.00712	0.00963	0.01045	0.05345	0.00765	0.00802	0.01203	0.07661	0.01634	0.14082	0.11984	0.06860	0.01218	0.00778	0.00210	0.09566	0.33293	0.00458	0.00532
6	0.01295	0.01119	0.01178	0.01060	0.01354	0.01295	0.00824	0.02767	0.77509	0.02178	0.02120	0.01943	0.01590	0.00707	0.00530	0.00177	0.00412	0.00589	0.00530	0.00824
7	0.00749	0.00535	0.00736	0.00856	0.00936	0.00522	0.00682	0.00923	0.01110	0.01457	0.02807	0.39186	0.03194	0.01524	0.00695	0.00227	0.00401	0.42525	0.00481	0.00455
8	0.00971	0.00485	0.00485	0.00485	0.00607	0.00485	0.00364	0.01213	0.01092	0.01942	0.01699	0.01942	0.01335	0.00607	0.00364	0.00121	0.00243	0.00485	0.84589	0.00485
9	0.85377	0.01007	0.00765	0.00685	0.01007	0.01168	0.00564	0.01531	0.00886	0.02336	0.00725	0.00846	0.00564	0.00483	0.00322	0.00161	0.00403	0.00282	0.00322	0.00564
10	0.01295	0.01119	0.01178	0.01060	0.01354	0.01295	0.00824	0.02767	0.77509	0.02178	0.02120	0.01943	0.01590	0.00707	0.00530	0.00177	0.00412	0.00589	0.00530	0.00824
11	0.01080	0.00926	0.01080	0.00771	0.01234	0.00694	0.00617	0.01311	0.01080	0.01697	0.00926	0.01080	0.00771	0.00386	0.00386	0.00077	0.00386	0.00309	0.00309	0.84882
12	0.01945	0.02482	0.01476	0.01342	0.01610	0.79608	0.01006	0.02079	0.01476	0.01275	0.00805	0.00939	0.00671	0.00537	0.00470	0.00134	0.00939	0.00335	0.00268	0.00604
13	0.00746	0.00550	0.00795	0.00795	0.00874	0.00628	0.00599	0.00903	0.00825	0.01178	0.01433	0.02258	0.01394	0.16029	0.67637	0.00785	0.01256	0.00589	0.00285	0.00442
14	0.00628	0.00532	0.00545	0.00552	0.00724	0.00449	0.00420	0.00766	0.01188	0.01415	0.05135	0.05060	0.74049	0.01326	0.00621	0.00179	0.00276	0.05211	0.00483	0.00442
15	0.01980	0.01459	0.01563	0.01198	0.01615	0.01615	0.00990	0.76713	0.02448	0.03282	0.01250	0.01250	0.00886	0.00625	0.00521	0.00156	0.00573	0.00469	0.00521	0.00886
16	0.01080	0.00926	0.01080	0.00771	0.01234	0.00694	0.00617	0.01311	0.01080	0.01697	0.00926	0.01080	0.00771	0.00386	0.00386	0.00077	0.00386	0.00309	0.00309	0.84882
17	0.01045	0.02694	0.79000	0.01484	0.02254	0.01209	0.01924	0.01649	0.01099	0.01649	0.00935	0.01099	0.00660	0.00495	0.00495	0.00165	0.00770	0.00385	0.00220	0.00770
18	0.00737	0.00532	0.00696	0.00655	0.00778	0.00491	0.00491	0.00983	0.01474	0.02088	0.78175	0.03890	0.04914	0.01065	0.00614	0.00164	0.00246	0.00942	0.00573	0.00491
19	0.01369	0.00674	0.00887	0.00753	0.00993	0.00597	0.00593	0.01587	0.01455	0.32861	0.41146	0.03138	0.09932	0.00918	0.00578	0.00164	0.00327	0.00788	0.00594	0.00645
20	0.01878	0.01346	0.01461	0.01148	0.01537	0.01480	0.00938	0.59280	0.12722	0.08535	0.01468	0.03338	0.01075	0.00662	0.00526	0.00161	0.00535	0.00514	0.00530	0.00866
21	0.00998	0.00946	0.01565	0.72819	0.03373	0.01199	0.01417	0.01323	0.01018	0.01323	0.00902	0.01364	0.00693	0.00558	0.00635	0.00179	0.08416	0.00462	0.00231	0.00578
22	0.01684	0.00959	0.01188	0.00984	0.01298	0.00964	0.02320	0.17626	0.12853	0.30946	0.10355	0.08880	0.01913	0.00819	0.00558	0.00172	0.00443	0.04705	0.00564	0.00768
23	0.01793	0.05026	0.01528	0.01129	0.01538	0.01514	0.00932	0.58087	0.10548	0.02919	0.01292	0.01292	0.00943	0.00604	0.00501	0.00149	0.00537	0.00458	0.00489	0.08721
24	0.01144	0.01154	0.01677	0.01413	0.01443	0.01580	0.05339	0.01276	0.00822	0.01276	0.00704	0.01154	0.00690	0.00885	0.01648	0.00225	0.76298	0.00465	0.00230	0.00577
25	0.83317	0.01018	0.00785	0.00698	0.01022	0.01179	0.00575	0.03388	0.00925	0.02360	0.00738	0.00856	0.00572	0.00487	0.00327	0.00161	0.00407	0.00287	0.00327	0.00572
26	0.00634	0.00453	0.00604	0.00725	0.00755	0.00423	0.00483	0.00725	0.00997	0.01329	0.02870	0.81358	0.03444	0.01632	0.00665	0.00211	0.00302	0.01480	0.00483	0.00423
27	0.01244	0.00933	0.01137	0.00887	0.04307	0.00725	0.00674	0.01475	0.01135	0.11270	0.01068	0.01174	0.00838	0.00421	0.00408	0.00091	0.00402	0.00341	0.00348	0.71122
28	0.02107	0.00898	0.01176	0.00929	0.01302	0.00821	0.00758	0.02482	0.11725	0.64220	0.06302	0.01913	0.01531	0.00676	0.00530	0.00163	0.00428	0.00556	0.00625	0.00856
29	0.01392	0.82012	0.02729	0.00891	0.01337	0.02061	0.00891	0.01559	0.01058	0.01225	0.00724	0.00835	0.00668	0.00446	0.00334	0.00111	0.00557	0.00278	0.00223	0.00668
30	0.00770	0.00602	0.00711	0.00683	0.00805	0.03619	0.00507	0.00991	0.01415	0.01952	0.64537	0.11296	0.07930	0.01110	0.00613	0.00168	0.00279	0.00977	0.00548	0.00487
31	0.00905	0.00452	0.00678	0.00678	0.00678	0.00452	0.00452	0.00678	0.00678	0.00905	0.00905	0.01583	0.00905	0.01809	0.02035	0.84848	0.00452	0.00452	0.00226	0.00226
32	0.49934	0.01171	0.01087	0.00890	0.01251	0.01316	0.00734	0.29817	0.01503	0.06487	0.00988	0.01044	0.00721	0.00545	0.00407	0.00159	0.00469	0.00364	0.00413	0.00701
33	0.00668	0.00483	0.00631	0.00692	0.00760	0.00447	0.00482	0.00813	0.01167	0.01588	0.28287	0.51545	0.07650	0.01426	0.00645	0.00194	0.00281	0.01281	0.00514	0.00447
34	0.85377	0.01007	0.00765	0.00685	0.01007	0.01168	0.00564	0.01531	0.00886	0.02336	0.00725	0.00846	0.00564	0.00483	0.00322	0.00161	0.00403	0.00282	0.00322	0.00564
35	0.00971	0.00485	0.00485	0.00485	0.00607	0.00485	0.00364	0.01213	0.01092	0.01942	0.01699	0.01942	0.01335	0.00607	0.00364	0.00121	0.00243	0.00485	0.84589	0.00485
36	0.00803	0.00573	0.00797	0.00917	0.01021	0.00568	0.00776	0.01016	0.01163	0.01518	0.02777	0.19306	0.03077	0.01473	0.00710	0.00235	0.00448	0.61873	0.00480	0.00469
37	0.00675	0.00475	0.00611	0.00702	0.00732	0.00453	0.00466	0.00758	0.00965	0.01287	0.04213	0.58121	0.03106	0.19445	0.01109	0.00277	0.00356	0.05398	0.00448	0.00404
38	0.00744	0.00558	0.00837	0.00837	0.00930	0.00651	0.00651	0.00930	0.00837	0.01209	0.01395	0.02046	0.01302	0.03906	0.79635	0.00837	0.01395	0.00558	0.00279	0.00465
39	0.01295	0.01119	0.01178	0.01060	0.01354	0.01295	0.00824	0.02767	0.77509	0.02178	0.02120	0.01943	0.01590	0.00707	0.00530	0.00177	0.00412	0.00589	0.00530	0.00824
40	0.00641	0.00456	0.00602	0.00716	0.00745	0.00428	0.00474	0.00727	0.00983	0.01311	0.02801	0.76943	0.03356	0.06167	0.00777	0.00228	0.00314	0.01439	0.00474	0.00417
41	0.00642	0.00459	0.00611	0.00720	0.00757	0.00428	0.00484	0.00743	0.01030	0.01381	0.08026	0.76055	0.03545	0.01593	0.00661	0.00208	0.00298	0.01444	0.00490	0.00428
42	0.00777	0.00541	0.00709	0.00662	0.00792	0.00498	0.00498	0.01022	0.01475	0.04012	0.76267	0.03837	0.04823	0.01054	0.00612	0.00164	0.00251	0.00931	0.00575	0.00501
43	0.85377	0.01007	0.00765	0.00685	0.01007	0.01168	0.00564	0.01531	0.00886	0.02336	0.00725	0.00846	0.00564	0.00483	0.00322	0.00161	0.00403	0.00282	0.00322	0.00564
44	0.01118	0.01093	0.01890	0.40581	0.23074	0.01245	0.10767	0.01469	0.02863	0.01483	0.00960	0.01352	0.00761	0.00538	0.00648	0.00174	0.08585	0.00484	0.00249	0.00664
45	0.01080	0.00926	0.01080	0.00771	0.01234	0.00694	0.00617	0.01311	0.01080	0.01697	0.00926	0.01080	0.00771	0.00386	0.00386	0.00077	0.00386	0.00309	0.00309	0.84882
46	0.01080	0.00926	0.01080	0.00771	0.01234	0.00694	0.00617	0.01311	0.01080	0.01697	0.00926	0.01080	0.00771	0.00386	0.00386	0.00077	0.00386	0.00309	0.00309	0.84882
47	0.00757	0.00505	0.00568	0.00568	0.00568	0.00505	0.00316	0.00757	0.00757	0.01010	0.01641	0.03408	0.01893	0.81698	0.02651	0.00505	0.00505	0.00757	0.00316	0.00316
48	0.01317	0.64849	0.19232	0.01019	0.01535	0.01876	0.01115	0.01579	0.01067	0.01317	0.00770	0.00893	0.00666	0.00456	0.00369	0.00123	0.00603	0.00301	0.00222	0.00690
49	0.01328	0.01186	0.01192	0.01074	0.01367	0.05182	0.00833	0.02733	0.73735	0.02134	0.02054	0.01893	0.01544	0.00698	0.00527	0.00175	0.00438	0.00576	0.00517	0.00813
50	0.01522	0.53148	0.08380	0.01066	0.01487	0.24046	0.01005	0.01714	0.01180	0.01273	0.00764	0.00886	0.00668	0.00475	0.00385	0.00122	0.00682	0.00303	0.00235	0.00658
51	0.39836	0.00941	0.01008	0.00817	0.01184	0.00947	0.00674	0.02083	0.01218	0.44276	0.01454	0.01354	0.00962	0.00572	0.00433	0.00161	0.00425	0.00415	0.00499	0.00741
52	0.00725	0.00532	0.00679	0.00642	0.00771	0.00486	0.00482	0.00959	0.01445	0.02020	0.70874	0.04002	0.12258	0.01090	0.00614	0.00165	0.00247	0.00958	0.00564	0.00486
53	0.01248	0.01383	0.05693	0.02608	0.36122	0.01278	0.40487	0.01637	0.01205	0.01682	0.01016	0.01341	0.00800	0.00452	0.00566	0.00166	0.00759	0.00539	0.00259	0.00759
54	0.02009	0.01360	0.01495	0.01152	0.01562	0.01475	0.00950	0.62851	0.04999	0.14654	0.01403	0.01354	0.00972	0.00631	0.00522	0.00158	0.00548	0.00481	0.00540	0.00884
55	0.01295	0.01119	0.01178	0.01060	0.01354	0.01295	0.00824	0.02767	0.77509	0.02178	0.02120	0.01943	0.01590	0.00707	0.00530	0.00177	0.00412	0.00589	0.00530	0.00824
56	0.00634	0.00453	0.00604	0.00725	0.00755	0.00423	0.00483	0.00725	0.00997	0.01329	0.02870	0.81358	0.03444	0.01632	0.00665	0.00211	0.00302	0.01480	0.00483	0.00423
57	0.01763	0.01819	0.01340	0.01195	0.01488	0.43023	0.00915	0.02374	0.28086	0.10617	0.01410	0.01387	0.01064	0.00609	0.00497	0.00152	0.00697	0.00446	0.00404	0.00714
58	0.01196	0.01173	0.02090	0.24480	0.47497	0.01226	0.11649	0.01533	0.01152	0.01594	0.00975	0.01332	0.00784	0.00476	0.00530	0.00163	0.00675	0.00484	0.00251	0.00740
59	0.00737	0.00532	0.00696	0.00655	0.00778	0.00491	0.00491	0.00983	0.01474	0.02088	0.78175	0.03890	0.04914	0.01065	0.00614	0.00164	0.00246	0.00942	0.00573	0.00491
60	0.00737	0.00532	0.00696	0.00655	0.00778	0.00491	0.00491	0.00983	0.01474	0.02088	0.78175	0.03890	0.04914	0.01065	0.00614	0.00164	0.00246	0.00942	0.00573	0.00491
61	0.00886	0.00715	0.00993	0.02616	0.07322	0.00736	0.02372	0.01211	0.07949	0.01566	0.02757	0.12929	0.12680	0.01241	0.00699	0.00213	0.03627	0.38504	0.00448	0.00536
62	0.09406	0.01352	0.01465	0.04728	0.01629	0.01491	0.00956	0.61071	0.02174	0.08720	0.01248	0.01259	0.00878	0.00609	0.00503	0.00158	0.00554	0.00456	0.00499	0.00843
63	0.01443	0.39310	0.20602	0.01150	0.01618	0.21508	0.01160	0.03188	0.01200	0.01383	0.00856	0.02812	0.00736	0.00512	0.00418	0.00133	0.00699	0.00350	0.00246	0.00675
64	0.00757	0.00557	0.00782	0.00777	0.00843	0.00634	0.00573	0.00891	0.00815	0.01157	0.01444	0.02389	0.01446	0.24616	0.57283	0.00734	0.02978	0.00609	0.00288	0.00427
65	0.01070	0.08117	0.01339	0.02485	0.01307	0.02973	0.08141	0.05955	0.16657	0.01660	0.03888	0.09892	0.15702	0.02444	0.06398	0.00231	0.07025	0.03703	0.00404	0.00608

[dist]
# distance from previous block
# <min> <max>
0	1

[block]
# block no. 4 follows, 47 sequences, length 40
# corresponding to MSA columns:
# 1008-1047
name=unknown_E
#
# <colnr> <probs for GDERKNQSTAVLIFYWHMCP>
#	G	D	E	R	K	N	Q	S	T	A	V	L	I	F	Y	W	H	M	C	P
0	0.00709	0.00544	0.00663	0.00712	0.00846	0.00499	0.00568	0.00887	0.01205	0.01533	0.13055	0.13569	0.35378	0.01363	0.00656	0.00200	0.00339	0.26322	0.00493	0.00458
1	0.01080	0.00926	0.01080	0.00771	0.01234	0.00694	0.00617	0.01311	0.01080	0.01697	0.00926	0.01080	0.00771	0.00386	0.00386	0.00077	0.00386	0.00309	0.00309	0.84882
2	0.11330	0.06255	0.01543	0.01221	0.05548	0.07945	0.07068	0.23029	0.05250	0.17610	0.05516	0.01446	0.01140	0.00594	0.00493	0.00155	0.00556	0.00476	0.00447	0.02380
3	0.01162	0.01188	0.01480	0.01292	0.01331	0.08912	0.01060	0.01288	0.00868	0.01249	0.00792	0.01244	0.00767	0.01284	0.12212	0.00302	0.62313	0.00458	0.00239	0.00559
4	0.00639	0.00484	0.00587	0.00663	0.00744	0.00437	0.00461	0.00749	0.01069	0.01369	0.05212	0.51012	0.27627	0.03430	0.00697	0.00207	0.00298	0.03406	0.00481	0.00429
5	0.02008	0.01414	0.01535	0.01177	0.01593	0.01549	0.00972	0.70911	0.02374	0.09191	0.01313	0.01291	0.00917	0.00627	0.00521	0.00157	0.00563	0.00473	0.00531	0.00886
6	0.01204	0.00800	0.01024	0.00866	0.01096	0.00800	0.02635	0.12753	0.01213	0.12125	0.01599	0.02131	0.04432	0.17608	0.25716	0.00430	0.00770	0.00569	0.00385	0.11844
7	0.01227	0.36995	0.43218	0.01223	0.01834	0.04400	0.01444	0.01626	0.01095	0.01452	0.00839	0.00979	0.00664	0.00475	0.00424	0.00141	0.00684	0.00337	0.00223	0.00720
8	0.02166	0.00849	0.01154	0.00898	0.01271	0.00736	0.00736	0.02372	0.01489	0.70632	0.10169	0.01998	0.01675	0.00689	0.00533	0.00161	0.00422	0.00568	0.00637	0.00844
9	0.01229	0.01131	0.01939	0.23094	0.07262	0.01185	0.26301	0.14353	0.01379	0.01875	0.03502	0.01669	0.05026	0.00572	0.00547	0.00166	0.00659	0.00563	0.06877	0.00671
10	0.01413	0.79005	0.02682	0.00908	0.01347	0.04992	0.00895	0.01579	0.01074	0.01227	0.00727	0.00839	0.00668	0.00449	0.00339	0.00112	0.00571	0.00281	0.00224	0.00666
11	0.00634	0.00453	0.00604	0.00725	0.00755	0.00423	0.00483	0.00725	0.00997	0.01329	0.02870	0.81358	0.03444	0.01632	0.00665	0.00211	0.00302	0.01480	0.00483	0.00423
12	0.00618	0.00516	0.00539	0.00557	0.00711	0.00437	0.00409	0.00744	0.01159	0.01395	0.04917	0.16391	0.67090	0.01365	0.00623	0.00181	0.00269	0.01156	0.00484	0.00437
13	0.01324	0.26215	0.23913	0.01540	0.14081	0.13914	0.02884	0.01633	0.01149	0.01444	0.00924	0.04061	0.00799	0.00538	0.00498	0.00146	0.03582	0.00406	0.00246	0.00700
14	0.01184	0.01170	0.02006	0.30472	0.40068	0.02846	0.10222	0.01515	0.01138	0.01549	0.00960	0.01328	0.00769	0.00491	0.00549	0.00165	0.02127	0.00478	0.00249	0.00714
15	0.00647	0.00462	0.00619	0.00740	0.00776	0.00434	0.00506	0.00748	0.01010	0.01344	0.02863	0.76564	0.03416	0.01619	0.00668	0.00213	0.00313	0.06147	0.00483	0.00427
16	0.00634	0.00453	0.00604	0.00725	0.00755	0.00423	0.00483	0.00725	0.00997	0.01329	0.02870	0.81358	0.03444	0.01632	0.00665	0.00211	0.00302	0.01480	0.00483	0.00423
17	0.01149	0.01040	0.01754	0.24490	0.40777	0.01100	0.05553	0.01466	0.01133	0.01633	0.01082	0.01427	0.00867	0.00501	0.00499	0.00156	0.00595	0.00475	0.13609	0.00695
18	0.01289	0.01237	0.02114	0.03196	0.78450	0.01237	0.01598	0.01598	0.01186	0.01701	0.00980	0.01289	0.00825	0.00464	0.00516	0.00155	0.00619	0.00464	0.00258	0.00825
19	0.01559	0.12051	0.01475	0.01204	0.04806	0.42851	0.00895	0.07218	0.01403	0.01478	0.03973	0.11403	0.06110	0.00733	0.00497	0.00147	0.00703	0.00556	0.00332	0.00606
20	0.01088	0.00953	0.01194	0.00853	0.01319	0.00730	0.04957	0.01332	0.01088	0.01695	0.00933	0.01098	0.00772	0.00389	0.00399	0.00083	0.00414	0.00326	0.00306	0.80071
