[name]
unknown

[dist]
# distance from previous block
# <min> <max>
14	69

[block]
# block no. 0 follows, 48 sequences, length 145
# corresponding to MSA columns:
# 85-229
name=unknown_A
#
# <colnr> <probs for GDERKNQSTAVLIFYWHMCP>
#	G	D	E	R	K	N	Q	S	T	A	V	L	I	F	Y	W	H	M	C	P
0	0.11652	0.01339	0.03232	0.03877	0.07398	0.16897	0.00883	0.09854	0.16179	0.03942	0.06004	0.03012	0.04049	0.00641	0.00484	0.00152	0.00543	0.01813	0.00390	0.07660
1	0.16580	0.02511	0.09293	0.01104	0.08311	0.02648	0.04126	0.09150	0.01273	0.07558	0.08059	0.05345	0.17630	0.00761	0.00502	0.00160	0.00463	0.00625	0.00398	0.03503
2	0.05164	0.03923	0.07872	0.00981	0.02591	0.05483	0.00831	0.19692	0.02840	0.03569	0.24068	0.03304	0.03383	0.00799	0.02353	0.00165	0.02555	0.00585	0.00432	0.09411
3	0.04330	0.29135	0.12983	0.01141	0.02740	0.26374	0.01038	0.02977	0.09072	0.01461	0.01075	0.01160	0.03428	0.00535	0.00429	0.00136	0.00670	0.00372	0.00282	0.00663
4	0.03054	0.47840	0.30742	0.01143	0.01700	0.01672	0.04537	0.01573	0.01061	0.01403	0.00803	0.00943	0.00658	0.00457	0.00399	0.00133	0.00636	0.00327	0.00222	0.00694
5	0.04563	0.54181	0.11236	0.01004	0.01459	0.06716	0.01001	0.10409	0.02584	0.01552	0.00827	0.00927	0.00695	0.00477	0.00380	0.00125	0.00590	0.00317	0.00265	0.00690
6	0.00733	0.00550	0.00825	0.00825	0.00916	0.00641	0.00641	0.00916	0.00825	0.01191	0.01374	0.02016	0.01283	0.03848	0.79934	0.00825	0.01374	0.00550	0.00275	0.00458
7	0.01357	0.78827	0.06008	0.00903	0.01356	0.01994	0.00922	0.01540	0.01044	0.01225	0.00722	0.00834	0.00658	0.00441	0.00336	0.00112	0.00558	0.00279	0.00219	0.00663
8	0.01064	0.00912	0.01064	0.00760	0.01216	0.00684	0.00608	0.01292	0.01064	0.01672	0.00912	0.01064	0.00760	0.00380	0.00380	0.00076	0.00380	0.00304	0.00304	0.85104
9	0.01098	0.01087	0.01525	0.01314	0.01320	0.01513	0.01092	0.01215	0.00788	0.01232	0.00718	0.01179	0.00712	0.01084	0.06604	0.00262	0.76020	0.00455	0.00228	0.00555
10	0.00893	0.02730	0.06193	0.01265	0.07957	0.00782	0.13654	0.03662	0.01119	0.01509	0.02129	0.41839	0.02353	0.01155	0.00618	0.00194	0.00487	0.10516	0.00399	0.00547
11	0.01117	0.01119	0.01505	0.01302	0.01319	0.04164	0.01078	0.01236	0.00812	0.01232	0.00737	0.01191	0.00724	0.01134	0.08238	0.00272	0.71583	0.00453	0.00230	0.00554
12	0.00969	0.00912	0.01539	0.80734	0.03534	0.01140	0.01425	0.01311	0.01026	0.01311	0.00912	0.01368	0.00684	0.00513	0.00513	0.00171	0.00684	0.00456	0.00228	0.00570
13	0.01706	0.03533	0.06113	0.01570	0.10822	0.55054	0.05870	0.04457	0.01409	0.01438	0.02850	0.01088	0.00800	0.00527	0.00482	0.00140	0.00838	0.00384	0.00276	0.00644
14	0.00773	0.00603	0.00862	0.17576	0.01351	0.00620	0.00683	0.01030	0.01342	0.01867	0.58826	0.06675	0.03900	0.00960	0.00588	0.00165	0.00338	0.00851	0.00490	0.00499
15	0.01210	0.01116	0.03686	0.04220	0.34739	0.00980	0.05634	0.01495	0.01134	0.04966	0.00990	0.01210	0.00800	0.00434	0.00461	0.00123	0.00529	0.00403	0.00289	0.35578
16	0.01494	0.01739	0.01526	0.01366	0.02789	0.37965	0.01069	0.01619	0.01103	0.01252	0.00734	0.01033	0.00670	0.00719	0.01096	0.00180	0.42426	0.00394	0.00244	0.00581
17	0.01064	0.00912	0.01064	0.00760	0.01216	0.00684	0.00608	0.01292	0.01064	0.01672	0.00912	0.01064	0.00760	0.00380	0.00380	0.00076	0.00380	0.00304	0.00304	0.85104
18	0.01276	0.01102	0.01160	0.01044	0.01334	0.01276	0.00812	0.02727	0.77840	0.02146	0.02088	0.01914	0.01566	0.00696	0.00522	0.00174	0.00406	0.00580	0.00522	0.00812
19	0.01488	0.01362	0.01269	0.01109	0.01416	0.13184	0.00867	0.15282	0.53479	0.02197	0.01747	0.01649	0.01312	0.00657	0.00512	0.00164	0.00511	0.00522	0.00482	0.00790
20	0.01862	0.02330	0.01429	0.01298	0.01565	0.73164	0.00976	0.02107	0.08005	0.01332	0.00904	0.01010	0.00739	0.00543	0.00468	0.00136	0.00881	0.00352	0.00286	0.00613
21	0.02462	0.00535	0.00671	0.00660	0.00707	0.00534	0.00437	0.03718	0.00856	0.03780	0.01604	0.09313	0.04618	0.32631	0.01896	0.31832	0.00450	0.02633	0.00322	0.00341
22	0.01143	0.05361	0.34487	0.01819	0.02433	0.01285	0.42710	0.01631	0.01151	0.01617	0.00976	0.01236	0.00720	0.00455	0.00545	0.00166	0.00808	0.00498	0.00240	0.00718
23	0.01325	0.01126	0.01187	0.01054	0.01353	0.01299	0.00824	0.08060	0.72427	0.02224	0.02027	0.01865	0.01517	0.00690	0.00521	0.00173	0.00417	0.00572	0.00521	0.00816
24	0.00691	0.00474	0.00576	0.00630	0.00644	0.00461	0.00386	0.00732	0.00854	0.01138	0.02168	0.38995	0.02561	0.45381	0.01721	0.00366	0.00407	0.01071	0.00386	0.00359
25	0.01825	0.00779	0.01040	0.00835	0.01153	0.00687	0.00675	0.02060	0.03195	0.55377	0.20915	0.02389	0.05215	0.00764	0.00542	0.00160	0.00381	0.00641	0.00609	0.00759
26	0.01123	0.01123	0.01572	0.01347	0.01347	0.01572	0.01123	0.01235	0.00786	0.01235	0.00674	0.01123	0.00674	0.00898	0.01684	0.00225	0.81028	0.00449	0.00225	0.00561
27	0.00690	0.00477	0.00573	0.00622	0.00642	0.00461	0.00383	0.00733	0.00861	0.01141	0.02262	0.35956	0.05539	0.45369	0.01719	0.00364	0.00405	0.01056	0.00386	0.00360
28	0.00625	0.00447	0.00595	0.00714	0.00744	0.00417	0.00476	0.00714	0.00982	0.01310	0.02828	0.81633	0.03394	0.01608	0.00655	0.00208	0.00298	0.01459	0.00476	0.00417
29	0.01270	0.01219	0.02083	0.03149	0.78767	0.01219	0.01575	0.01575	0.01168	0.01676	0.00965	0.01270	0.00813	0.00457	0.00508	0.00152	0.00610	0.00457	0.00254	0.00813
30	0.40223	0.00927	0.00992	0.00804	0.01165	0.00935	0.00664	0.02049	0.01198	0.44147	0.01428	0.01331	0.00945	0.00563	0.00426	0.00159	0.00419	0.00408	0.00491	0.00729
31	0.01781	0.01274	0.01359	0.01061	0.01422	0.01402	0.00870	0.64137	0.02185	0.03009	0.01307	0.01348	0.00948	0.00613	0.00487	0.00148	0.00509	0.00465	0.14870	0.00805
32	0.00647	0.00488	0.00598	0.00642	0.00736	0.00439	0.00454	0.00788	0.01159	0.01529	0.23560	0.39563	0.24785	0.01373	0.00628	0.00186	0.00272	0.01213	0.00500	0.00439
33	0.85592	0.00992	0.00754	0.00675	0.00992	0.01151	0.00556	0.01508	0.00873	0.02302	0.00714	0.00834	0.00556	0.00476	0.00318	0.00159	0.00397	0.00278	0.00318	0.00556
34	0.01351	0.01140	0.01203	0.01059	0.01363	0.01311	0.00830	0.11015	0.69429	0.02268	0.01993	0.01838	0.01489	0.00687	0.00521	0.00172	0.00424	0.00567	0.00521	0.00819
35	0.85592	0.00992	0.00754	0.00675	0.00992	0.01151	0.00556	0.01508	0.00873	0.02302	0.00714	0.00834	0.00556	0.00476	0.00318	0.00159	0.00397	0.00278	0.00318	0.00556
36	0.00672	0.00522	0.00610	0.00588	0.00733	0.00461	0.00441	0.00863	0.01324	0.01752	0.45125	0.04336	0.38404	0.01163	0.00606	0.00167	0.00250	0.00998	0.00525	0.00461
37	0.00625	0.00447	0.00595	0.00714	0.00744	0.00417	0.00476	0.00714	0.00982	0.01310	0.02828	0.81633	0.03394	0.01608	0.00655	0.00208	0.00298	0.01459	0.00476	0.00417
38	0.02302	0.00873	0.01191	0.00913	0.01310	0.00754	0.00754	0.02501	0.01469	0.79122	0.02024	0.01746	0.01270	0.00635	0.00516	0.00159	0.00437	0.00516	0.00635	0.00873
39	0.00827	0.00591	0.00827	0.00945	0.01063	0.00591	0.00827	0.01063	0.01181	0.01536	0.02717	0.05788	0.02953	0.01417	0.00709	0.00236	0.00472	0.75313	0.00472	0.00472
40	0.01074	0.00948	0.01150	0.00860	0.01238	0.00835	0.00696	0.01282	0.01017	0.01598	0.00871	0.01074	0.00745	0.00468	0.00602	0.00101	0.14114	0.00329	0.00290	0.70707
41	0.01600	0.01639	0.18176	0.01497	0.04561	0.01380	0.17223	0.38028	0.01778	0.07279	0.01166	0.01267	0.00829	0.00546	0.00527	0.00160	0.00662	0.00478	0.00396	0.00808
42	0.02302	0.00873	0.01191	0.00913	0.01310	0.00754	0.00754	0.02501	0.01469	0.79122	0.02024	0.01746	0.01270	0.00635	0.00516	0.00159	0.00437	0.00516	0.00635	0.00873
43	0.00746	0.00500	0.00570	0.00570	0.00574	0.00503	0.00324	0.00753	0.00749	0.01003	0.01607	0.03304	0.01842	0.78832	0.05715	0.00511	0.00533	0.00738	0.00309	0.00317
44	0.01695	0.03644	0.01255	0.07817	0.01445	0.00946	0.00842	0.08139	0.01301	0.40418	0.01567	0.01644	0.01118	0.01318	0.17394	0.00304	0.07464	0.00500	0.00465	0.00726
45	0.01671	0.02040	0.01540	0.01358	0.01557	0.55390	0.03609	0.01808	0.01259	0.01263	0.00768	0.00996	0.00668	0.00628	0.00808	0.00159	0.23260	0.00373	0.00253	0.00589
46	0.02259	0.00943	0.01234	0.00946	0.01345	0.00858	0.00782	0.11739	0.01586	0.69718	0.01926	0.01683	0.01221	0.00633	0.00516	0.00158	0.00452	0.00509	0.00620	0.00873
47	0.85592	0.00992	0.00754	0.00675	0.00992	0.01151	0.00556	0.01508	0.00873	0.02302	0.00714	0.00834	0.00556	0.00476	0.00318	0.00159	0.00397	0.00278	0.00318	0.00556
48	0.00763	0.00530	0.00795	0.00795	0.00869	0.00604	0.00604	0.00869	0.00795	0.01133	0.01281	0.01928	0.01207	0.03451	0.64936	0.17039	0.01196	0.00530	0.00265	0.00413
49	0.00661	0.00505	0.00606	0.00616	0.00735	0.00451	0.00449	0.00828	0.01245	0.01648	0.35171	0.21847	0.30851	0.01265	0.00617	0.00176	0.00261	0.01104	0.00513	0.00451
50	0.01894	0.01953	0.01461	0.01243	0.01566	0.44233	0.00969	0.29801	0.06877	0.03557	0.01065	0.01120	0.00811	0.00574	0.00486	0.00144	0.00748	0.00399	0.00381	0.00717
51	0.85592	0.00992	0.00754	0.00675	0.00992	0.01151	0.00556	0.01508	0.00873	0.02302	0.00714	0.00834	0.00556	0.00476	0.00318	0.00159	0.00397	0.00278	0.00318	0.00556
52	0.00866	0.00673	0.00781	0.00742	0.00889	0.00671	0.00528	0.01284	0.18252	0.01603	0.16062	0.21145	0.03750	0.19858	0.01040	0.00244	0.00367	0.00864	0.00445	0.09937
53	0.00653	0.00518	0.00587	0.00578	0.00724	0.00452	0.00430	0.00823	0.01267	0.01637	0.32874	0.08486	0.46712	0.01220	0.00608	0.00171	0.00255	0.01044	0.00510	0.00452
54	0.01227	0.01276	0.00997	0.00976	0.01125	0.29881	0.00708	0.07782	0.01271	0.01443	0.01870	0.38885	0.02074	0.05532	0.00680	0.00192	0.00567	0.02602	0.00392	0.00517
55	0.01200	0.01015	0.01103	0.01027	0.01288	0.01159	0.00815	0.02443	0.64785	0.02042	0.02195	0.02574	0.01802	0.00819	0.00554	0.00185	0.00417	0.13307	0.00514	0.00754
56	0.01077	0.00597	0.00750	0.00716	0.00882	0.00537	0.00528	0.02739	0.01195	0.20673	0.08540	0.33185	0.19677	0.05561	0.00708	0.00199	0.00336	0.01044	0.00514	0.00542
57	0.00633	0.00505	0.00565	0.00606	0.00724	0.00447	0.00431	0.00775	0.02750	0.01378	0.05454	0.33001	0.46520	0.02966	0.00661	0.00192	0.00281	0.01201	0.00476	0.00434
58	0.00609	0.00520	0.00523	0.00522	0.00695	0.00434	0.00392	0.00741	0.01175	0.01400	0.06678	0.04916	0.77070	0.01294	0.00606	0.00173	0.00260	0.01080	0.00478	0.00434
59	0.85592	0.00992	0.00754	0.00675	0.00992	0.01151	0.00556	0.01508	0.00873	0.02302	0.00714	0.00834	0.00556	0.00476	0.00318	0.00159	0.00397	0.00278	0.00318	0.00556
60	0.07028	0.00698	0.00756	0.00698	0.00868	0.00696	0.00512	0.12728	0.01233	0.06465	0.02754	0.16650	0.23763	0.18326	0.00992	0.00241	0.00384	0.00863	0.03834	0.00510
61	0.00632	0.00470	0.00589	0.00666	0.00736	0.00428	0.00459	0.00747	0.01073	0.01407	0.11532	0.57052	0.19373	0.01482	0.00639	0.00196	0.00284	0.01322	0.00486	0.00428
62	0.01689	0.00693	0.00866	0.00715	0.00986	0.00629	0.00574	0.01906	0.01290	0.43970	0.01865	0.01822	0.01291	0.00618	0.00444	0.00141	0.00347	0.00499	0.38961	0.00693
63	0.00941	0.00760	0.00870	0.00851	0.01017	0.00821	0.00631	0.01679	0.36064	0.01834	0.16994	0.30427	0.02839	0.01086	0.00585	0.00184	0.00336	0.00957	0.00514	0.00610
64	0.00818	0.00674	0.00987	0.00938	0.01010	0.00844	0.00746	0.00986	0.00816	0.01201	0.01222	0.01822	0.01150	0.03207	0.62922	0.00694	0.18691	0.00528	0.00264	0.00481
65	0.03897	0.00556	0.00554	0.00529	0.00674	0.00571	0.00404	0.05976	0.01153	0.02009	0.01613	0.01833	0.01262	0.00595	0.00367	0.00123	0.00265	0.00470	0.76642	0.00506
66	0.00646	0.00455	0.00589	0.00688	0.00713	0.00431	0.00448	0.00720	0.00942	0.01256	0.02622	0.68303	0.03133	0.15292	0.00988	0.00258	0.00332	0.01337	0.00448	0.00399
67	0.01130	0.01145	0.01697	0.01417	0.01462	0.01548	0.07640	0.01270	0.00822	0.01270	0.00705	0.01145	0.00683	0.00858	0.01591	0.00220	0.74134	0.00462	0.00228	0.00573
68	0.00645	0.00535	0.00587	0.00600	0.02301	0.00460	0.00434	0.00802	0.01229	0.01534	0.20604	0.04630	0.61392	0.01229	0.00604	0.00170	0.00263	0.01037	0.00491	0.00452
69	0.00625	0.00447	0.00595	0.00714	0.00744	0.00417	0.00476	0.00714	0.00982	0.01310	0.02828	0.81633	0.03394	0.01608	0.00655	0.00208	0.00298	0.01459	0.00476	0.00417
70	0.00656	0.00522	0.00588	0.00572	0.00723	0.00454	0.00429	0.00832	0.01286	0.01663	0.35441	0.04482	0.48143	0.01196	0.00606	0.00168	0.00253	0.01019	0.00513	0.00454
71	0.03378	0.04677	0.06220	0.14250	0.13164	0.18325	0.17217	0.11740	0.01373	0.03391	0.00976	0.01203	0.00749	0.00503	0.00508	0.00155	0.00735	0.00447	0.00294	0.00696
72	0.01702	0.00956	0.01089	0.00881	0.01191	0.00985	0.00713	0.26014	0.08194	0.25315	0.01672	0.01645	0.01182	0.00623	0.00469	0.00147	0.00416	0.00493	0.25562	0.00751
73	0.01002	0.00952	0.01829	0.01499	0.01800	0.00912	0.35463	0.01327	0.01195	0.01585	0.01952	0.03783	0.01963	0.00969	0.00662	0.00207	0.00651	0.41300	0.00376	0.00572
74	0.00733	0.00550	0.00825	0.00825	0.00916	0.00641	0.00641	0.00916	0.00825	0.01191	0.01374	0.02016	0.01283	0.03848	0.79934	0.00825	0.01374	0.00550	0.00275	0.00458
75	0.01091	0.01072	0.17140	0.00868	0.02528	0.00704	0.00819	0.01386	0.03949	0.17838	0.05949	0.03254	0.39465	0.00946	0.00558	0.00167	0.00412	0.00783	0.00456	0.00615
76	0.00624	0.00451	0.00591	0.00703	0.00741	0.00418	0.00471	0.00716	0.00994	0.01315	0.02973	0.76941	0.07992	0.01589	0.00652	0.00206	0.00295	0.01436	0.00476	0.00418
77	0.00982	0.00503	0.00506	0.00496	0.00623	0.00507	0.00375	0.03149	0.01110	0.01947	0.01662	0.01895	0.01304	0.00598	0.00363	0.00120	0.00247	0.00478	0.82646	0.00488
78	0.01283	0.01244	0.02070	0.03112	0.77204	0.02812	0.01563	0.01584	0.01174	0.01668	0.00962	0.01263	0.00810	0.00459	0.00507	0.00152	0.00616	0.00455	0.00254	0.00808
79	0.01022	0.00980	0.01701	0.66106	0.12830	0.01160	0.06233	0.01365	0.01055	0.01377	0.00927	0.01357	0.00706	0.00501	0.00518	0.00169	0.00686	0.00466	0.00233	0.00608
80	0.01190	0.01267	0.03414	0.04689	0.20223	0.04448	0.23180	0.01461	0.01042	0.01466	0.00898	0.01274	0.00765	0.00759	0.04584	0.00214	0.27729	0.00495	0.00246	0.00659
81	0.00999	0.00949	0.01605	0.71292	0.08187	0.01164	0.02951	0.01332	0.01030	0.01338	0.00909	0.01353	0.00694	0.00522	0.00558	0.00172	0.03670	0.00459	0.00230	0.00587
82	0.00743	0.00555	0.00756	0.07536	0.01004	0.00538	0.00565	0.00988	0.01397	0.01964	0.68826	0.06703	0.04427	0.01025	0.00599	0.00164	0.00282	0.00908	0.00532	0.00489
83	0.01064	0.00912	0.01064	0.00760	0.01216	0.00684	0.00608	0.01292	0.01064	0.01672	0.00912	0.01064	0.00760	0.00380	0.00380	0.00076	0.00380	0.00304	0.00304	0.85104
84	0.00677	0.00530	0.00692	0.00702	0.00819	0.00545	0.00534	0.00833	0.00966	0.01273	0.02915	0.09811	0.30129	0.02714	0.43822	0.00531	0.00870	0.00824	0.00367	0.00445
85	0.00655	0.00475	0.00619	0.00689	0.00754	0.00440	0.00481	0.00789	0.01120	0.01510	0.22098	0.54265	0.09382	0.01439	0.00640	0.00195	0.00285	0.03229	0.00499	0.00436
86	0.01613	0.01270	0.01350	0.01112	0.01463	0.01434	0.00894	0.39865	0.40153	0.02690	0.01660	0.01573	0.01220	0.00656	0.00518	0.00164	0.00485	0.00521	0.00518	0.00842
87	0.00741	0.00519	0.00670	0.00670	0.00708	0.00557	0.00448	0.00817	0.00779	0.01076	0.01516	0.02800	0.01623	0.49496	0.34752	0.00633	0.00862	0.00665	0.00296	0.00372
88	0.01547	0.01198	0.01323	0.00989	0.01420	0.01178	0.00808	0.42562	0.01799	0.02523	0.01086	0.01155	0.00821	0.00509	0.00453	0.00118	0.00481	0.00390	0.00418	0.39222
89	0.01030	0.06061	0.39711	0.01303	0.01844	0.01053	0.14328	0.01449	0.01150	0.04642	0.04679	0.02053	0.17143	0.00671	0.00530	0.00164	0.00630	0.00585	0.00308	0.00668
90	0.02122	0.01162	0.01369	0.01050	0.01454	0.01182	0.00867	0.40611	0.01951	0.40330	0.01619	0.01483	0.01067	0.00625	0.00515	0.00156	0.00502	0.00488	0.00573	0.00873
91	0.00827	0.00591	0.00827	0.00945	0.01063	0.00591	0.00827	0.01063	0.01181	0.01536	0.02717	0.05788	0.02953	0.01417	0.00709	0.00236	0.00472	0.75313	0.00472	0.00472
92	0.01366	0.01400	0.01759	0.04931	0.40514	0.15639	0.04261	0.01892	0.17879	0.01677	0.01188	0.01371	0.00953	0.00596	0.02219	0.00169	0.00652	0.00469	0.00314	0.00752
93	0.00640	0.00487	0.00593	0.00664	0.00754	0.00440	0.00476	0.00762	0.01084	0.01390	0.07264	0.45911	0.28784	0.01461	0.00640	0.00197	0.00296	0.07247	0.00480	0.00430
94	0.47671	0.00938	0.00953	0.00783	0.01137	0.00970	0.00646	0.01960	0.01144	0.37277	0.01311	0.01249	0.00881	0.00549	0.00408	0.00159	0.00415	0.00386	0.00462	0.00700
95	0.00638	0.00452	0.00592	0.00698	0.00725	0.00425	0.00459	0.00718	0.00957	0.01276	0.02700	0.73344	0.03232	0.10117	0.00862	0.00239	0.00319	0.01383	0.00459	0.00406
96	0.01181	0.01693	0.26355	0.03896	0.22166	0.01252	0.24061	0.01596	0.01125	0.03321	0.00970	0.01246	0.00747	0.00502	0.00632	0.00168	0.07627	0.00478	0.00249	0.00734
97	0.01130	0.06192	0.39858	0.01740	0.02359	0.01290	0.35059	0.01620	0.01131	0.01603	0.00957	0.01204	0.00708	0.00469	0.00557	0.00166	0.02525	0.00476	0.00236	0.00720
98	0.85592	0.00992	0.00754	0.00675	0.00992	0.01151	0.00556	0.01508	0.00873	0.02302	0.00714	0.00834	0.00556	0.00476	0.00318	0.00159	0.00397	0.00278	0.00318	0.00556
99	0.01064	0.00912	0.01064	0.00760	0.01216	0.00684	0.00608	0.01292	0.01064	0.01672	0.00912	0.01064	0.00760	0.00380	0.00380	0.00076	0.00380	0.00304	0.00304	0.85104
100	0.01285	0.01083	0.05582	0.04759	0.04633	0.00863	0.08938	0.04425	0.01190	0.12299	0.01092	0.01221	0.00829	0.00444	0.00445	0.00113	0.00490	0.00388	0.00342	0.49578
101	0.02768	0.00620	0.00756	0.00689	0.00862	0.00593	0.00529	0.04277	0.01129	0.18076	0.02143	0.02539	0.12806	0.04571	0.02599	0.17107	0.00393	0.05692	0.21337	0.00514
102	0.00660	0.00464	0.00595	0.00675	0.00706	0.00440	0.00441	0.00743	0.00971	0.01304	0.08943	0.58057	0.03183	0.19031	0.01076	0.00267	0.00336	0.01259	0.00448	0.00399
103	0.01074	0.01019	0.01729	0.53625	0.29822	0.01168	0.01477	0.01403	0.01076	0.01439	0.00931	0.01334	0.00729	0.00493	0.00511	0.00164	0.00658	0.00456	0.00237	0.00655
104	0.02817	0.00584	0.00721	0.10255	0.01040	0.00590	0.00533	0.01086	0.00957	0.01547	0.01314	0.01765	0.01116	0.06782	0.00881	0.17505	0.00373	0.00465	0.40105	0.09565
105	0.00661	0.00490	0.00586	0.00625	0.00701	0.00455	0.00425	0.00763	0.01031	0.01344	0.11609	0.32215	0.23911	0.18391	0.04187	0.00278	0.00366	0.01110	0.00444	0.00408
106	0.01877	0.00838	0.01094	0.00891	0.01208	0.00768	0.00713	0.10019	0.01483	0.52847	0.06687	0.15749	0.01813	0.00828	0.00545	0.00167	0.00414	0.00699	0.00590	0.00770
107	0.01063	0.00923	0.01133	0.06818	0.03112	0.00748	0.00701	0.01299	0.01058	0.01636	0.00908	0.01093	0.00754	0.00402	0.00419	0.00088	0.02052	0.00322	0.00296	0.75176
108	0.00950	0.00668	0.00776	0.00710	0.00909	0.00650	0.00553	0.10417	0.01279	0.08248	0.05675	0.06162	0.41253	0.01700	0.17356	0.00308	0.00549	0.00853	0.00455	0.00532
109	0.02278	0.00912	0.01215	0.00931	0.01329	0.00811	0.00769	0.07572	0.01533	0.73960	0.01970	0.01711	0.01243	0.00634	0.00516	0.00158	0.00445	0.00512	0.00627	0.00873
110	0.01015	0.00730	0.00920	0.00939	0.07503	0.00718	0.00651	0.02727	0.14520	0.09132	0.38428	0.03228	0.15559	0.00933	0.00573	0.00164	0.00328	0.00807	0.00523	0.00603
111	0.00921	0.00746	0.00888	0.00707	0.01021	0.00595	0.00548	0.01138	0.01161	0.01738	0.21029	0.08240	0.05344	0.00693	0.00468	0.00114	0.00329	0.00592	0.03265	0.50464
112	0.00694	0.00502	0.00569	0.00576	0.00652	0.00467	0.00380	0.00786	0.01017	0.01336	0.14898	0.12164	0.25343	0.34588	0.01433	0.00308	0.00359	0.00944	0.02593	0.00390
113	0.00820	0.00623	0.00767	0.00713	0.00863	0.00619	0.00540	0.01268	0.14461	0.02073	0.65484	0.03506	0.04284	0.00989	0.00591	0.00164	0.00270	0.00869	0.00558	0.00540
114	0.01372	0.82276	0.02689	0.00878	0.01317	0.02030	0.00878	0.01536	0.01043	0.01207	0.00713	0.00823	0.00658	0.00439	0.00329	0.00110	0.00549	0.00274	0.00219	0.00658
115	0.82251	0.00997	0.00770	0.00689	0.01006	0.01156	0.00566	0.01557	0.03923	0.02296	0.00769	0.00876	0.00596	0.00485	0.00326	0.00159	0.00397	0.00290	0.00326	0.00566
116	0.00746	0.00497	0.00560	0.00560	0.00560	0.00497	0.00311	0.00746	0.00746	0.00995	0.01617	0.03358	0.01865	0.81967	0.02612	0.00497	0.00497	0.00746	0.00311	0.00311
117	0.00668	0.00477	0.00644	0.00763	0.00812	0.00454	0.00550	0.00788	0.01024	0.01358	0.02805	0.65602	0.03301	0.01567	0.00666	0.00214	0.00335	0.17069	0.00475	0.00429
118	0.01530	0.00712	0.00885	0.00734	0.01029	0.00608	0.00588	0.01697	0.01332	0.43730	0.03469	0.03200	0.36458	0.00938	0.00557	0.00165	0.00356	0.00774	0.00563	0.00673
119	0.00705	0.00505	0.00572	0.00571	0.00632	0.00477	0.00364	0.00778	0.00969	0.01271	0.14848	0.07197	0.20469	0.46507	0.01733	0.00355	0.00392	0.00885	0.00398	0.00372
120	0.00733	0.00550	0.00825	0.00825	0.00916	0.00641	0.00641	0.00916	0.00825	0.01191	0.01374	0.02016	0.01283	0.03848	0.79934	0.00825	0.01374	0.00550	0.00275	0.00458
121	0.01163	0.01242	0.02235	0.01718	0.01955	0.01447	0.35624	0.01421	0.00979	0.01421	0.00840	0.01242	0.00721	0.00686	0.01193	0.00201	0.44531	0.00520	0.00240	0.00621
122	0.00691	0.00474	0.00576	0.00630	0.00644	0.00461	0.00386	0.00732	0.00854	0.01138	0.02168	0.38995	0.02561	0.45381	0.01721	0.00366	0.00407	0.01071	0.00386	0.00359
123	0.85592	0.00992	0.00754	0.00675	0.00992	0.01151	0.00556	0.01508	0.00873	0.02302	0.00714	0.00834	0.00556	0.00476	0.00318	0.00159	0.00397	0.00278	0.00318	0.00556
124	0.00672	0.00557	0.00592	0.00577	0.00747	0.00496	0.00434	0.00906	0.06045	0.01563	0.19064	0.04536	0.59575	0.01213	0.00601	0.00171	0.00266	0.01022	0.00496	0.00467
125	0.00956	0.00478	0.00478	0.00478	0.00598	0.00478	0.00359	0.01196	0.01076	0.01913	0.01674	0.01913	0.01315	0.00598	0.00359	0.00120	0.00239	0.00478	0.84816	0.00478
126	0.00897	0.00485	0.00485	0.00485	0.00614	0.00471	0.00364	0.01117	0.01092	0.01823	0.02274	0.02428	0.14469	0.00717	0.00401	0.00129	0.00243	0.00581	0.70453	0.00471
127	0.00765	0.00517	0.00651	0.00617	0.00738	0.00483	0.00463	0.01007	0.01388	0.02033	0.65413	0.03506	0.04241	0.00972	0.00563	0.00154	0.00242	0.00851	0.14912	0.00483
128	0.00733	0.00550	0.00825	0.00825	0.00916	0.00641	0.00641	0.00916	0.00825	0.01191	0.01374	0.02016	0.01283	0.03848	0.79934	0.00825	0.01374	0.00550	0.00275	0.00458
129	0.00673	0.00519	0.00614	0.00597	0.00735	0.00460	0.00445	0.00862	0.01315	0.01748	0.45016	0.07865	0.34945	0.01177	0.00608	0.00168	0.00252	0.01016	0.00525	0.00460
130	0.00726	0.00524	0.00686	0.00646	0.00767	0.00484	0.00484	0.00968	0.01452	0.02058	0.78496	0.03833	0.04841	0.01049	0.00605	0.00161	0.00242	0.00928	0.00565	0.00484
131	0.00746	0.00497	0.00560	0.00560	0.00560	0.00497	0.00311	0.00746	0.00746	0.00995	0.01617	0.03358	0.01865	0.81967	0.02612	0.00497	0.00497	0.00746	0.00311	0.00311
132	0.00661	0.00522	0.00595	0.00577	0.00727	0.00456	0.00433	0.00842	0.01298	0.01692	0.38569	0.04435	0.44996	0.01185	0.00606	0.00168	0.00252	0.01012	0.00517	0.00456
133	0.02293	0.00888	0.01200	0.00920	0.01317	0.00776	0.00760	0.04452	0.01493	0.77136	0.02004	0.01733	0.01260	0.00635	0.00516	0.00159	0.00440	0.00515	0.00632	0.00873
134	0.01184	0.01957	0.43879	0.01607	0.14330	0.01199	0.01523	0.01931	0.20378	0.05072	0.01268	0.01350	0.00933	0.00541	0.00501	0.00164	0.00632	0.00448	0.00317	0.00786
135	0.01935	0.01896	0.01501	0.01245	0.01589	0.37247	0.00983	0.42906	0.01976	0.02333	0.01032	0.01092	0.00776	0.00576	0.00490	0.00144	0.00729	0.00402	0.00400	0.00746
136	0.00624	0.00520	0.00545	0.00539	0.00704	0.00441	0.00404	0.00771	0.01212	0.01487	0.16168	0.04773	0.67525	0.01262	0.00606	0.00171	0.00257	0.01060	0.00490	0.00441
137	0.01248	0.01296	0.05698	0.02918	0.65737	0.01238	0.08051	0.01570	0.01153	0.01654	0.00958	0.01266	0.00797	0.00473	0.00560	0.00157	0.03717	0.00466	0.00252	0.00790
138	0.01196	0.05059	0.02867	0.02084	0.05832	0.01290	0.66880	0.01596	0.01192	0.01611	0.01096	0.04779	0.00886	0.00484	0.00591	0.00171	0.00815	0.00620	0.00267	0.00684
139	0.00618	0.00475	0.00566	0.00639	0.00724	0.00423	0.00443	0.00723	0.01055	0.01339	0.03747	0.51898	0.32535	0.01488	0.00636	0.00195	0.00283	0.01313	0.00476	0.00423
140	0.00705	0.00517	0.00661	0.00638	0.00757	0.00473	0.00473	0.00922	0.01383	0.01923	0.64334	0.10508	0.12548	0.01123	0.00610	0.00167	0.00249	0.00989	0.00548	0.00473
141	0.05036	0.67074	0.02462	0.01007	0.04626	0.03278	0.00911	0.04423	0.01088	0.01354	0.00744	0.00874	0.00670	0.00471	0.00408	0.00121	0.04255	0.00299	0.00237	0.00663
142	0.03848	0.01839	0.46940	0.01189	0.01698	0.01007	0.01372	0.04862	0.01128	0.01683	0.10445	0.01612	0.01300	0.01271	0.17271	0.00302	0.00804	0.00482	0.00288	0.00660
143	0.00783	0.00597	0.00876	0.00854	0.00927	0.00714	0.00662	0.00924	0.00807	0.01167	0.01283	0.01955	0.01221	0.06754	0.63723	0.06375	0.09122	0.00541	0.00268	0.00446
144	0.04757	0.00683	0.03756	0.00793	0.00910	0.00648	0.00598	0.06882	0.05688	0.01473	0.02016	0.39138	0.03681	0.01582	0.06978	0.18162	0.00460	0.00941	0.00396	0.00458

[dist]
# distance from previous block
# <min> <max>
0	2

[block]
# block no. 1 follows, 48 sequences, length 34
# corresponding to MSA columns:
# 232-265
name=unknown_B
#
# <colnr> <probs for GDERKNQSTAVLIFYWHMCP>
#	G	D	E	R	K	N	Q	S	T	A	V	L	I	F	Y	W	H	M	C	P
0	0.00957	0.01451	0.27734	0.01019	0.01376	0.07784	0.02573	0.01324	0.02713	0.01776	0.38025	0.02523	0.02736	0.05015	0.00655	0.00177	0.00508	0.00665	0.00399	0.00589
1	0.00732	0.00493	0.00652	0.00685	0.00758	0.00459	0.00476	0.00767	0.00947	0.01272	0.07265	0.37849	0.10938	0.01626	0.05124	0.22664	0.00390	0.00997	0.00394	0.05512
2	0.01403	0.72118	0.02522	0.00908	0.01336	0.01956	0.00880	0.06497	0.05791	0.01395	0.00830	0.00916	0.00727	0.00466	0.00353	0.00117	0.00541	0.00305	0.00257	0.00682
3	0.00731	0.00521	0.00659	0.00643	0.00765	0.00473	0.00475	0.00932	0.01340	0.03720	0.54116	0.15474	0.15917	0.01160	0.00611	0.00170	0.00258	0.01020	0.00540	0.00476
4	0.01106	0.01080	0.03712	0.43690	0.27432	0.01184	0.01409	0.01582	0.10706	0.01542	0.01077	0.01397	0.00835	0.00517	0.00512	0.00165	0.00627	0.00470	0.00273	0.00683
5	0.00742	0.00659	0.00719	0.00820	0.05830	0.05311	0.00545	0.00872	0.01106	0.01361	0.03663	0.30018	0.39565	0.01435	0.04748	0.00215	0.00394	0.01095	0.00439	0.00463
6	0.00998	0.00956	0.01311	0.01144	0.01182	0.01269	0.00940	0.01132	0.00916	0.01354	0.10986	0.01940	0.10304	0.01071	0.04274	0.00232	0.58574	0.00587	0.00298	0.00533
7	0.00851	0.00570	0.00763	0.00859	0.00978	0.00570	0.00741	0.01087	0.01162	0.01605	0.02525	0.05076	0.02652	0.01267	0.00644	0.00215	0.00430	0.61569	0.15963	0.00474
8	0.00812	0.00481	0.00555	0.00609	0.00692	0.00472	0.00433	0.01011	0.02790	0.01638	0.02227	0.37839	0.02294	0.01074	0.00504	0.00164	0.00275	0.02717	0.42956	0.00458
9	0.00673	0.00502	0.00558	0.00568	0.00661	0.00455	0.00384	0.00748	0.01014	0.01277	0.08363	0.12292	0.38595	0.25784	0.01292	0.04706	0.00344	0.00977	0.00419	0.00387
10	0.00660	0.00507	0.00612	0.00676	0.00785	0.00459	0.00508	0.00800	0.01115	0.01413	0.06756	0.32828	0.34081	0.01424	0.00643	0.00197	0.00313	0.15307	0.00479	0.00437
11	0.00649	0.00480	0.00564	0.00620	0.00684	0.00441	0.00411	0.00729	0.00980	0.01256	0.03234	0.40056	0.25202	0.20968	0.01114	0.00268	0.00335	0.01175	0.00436	0.00396
12	0.00681	0.00505	0.00625	0.00636	0.00739	0.00461	0.00459	0.00849	0.01234	0.01665	0.39148	0.21830	0.19866	0.06453	0.00748	0.00198	0.00280	0.02668	0.00508	0.00447
13	0.01064	0.00912	0.01064	0.00760	0.01216	0.00684	0.00608	0.01292	0.01064	0.01672	0.00912	0.01064	0.00760	0.00380	0.00380	0.00076	0.00380	0.00304	0.00304	0.85104
14	0.00648	0.00463	0.00622	0.00740	0.00780	0.00436	0.00516	0.00754	0.01005	0.01335	0.02815	0.73072	0.03344	0.01586	0.00661	0.00212	0.00317	0.09794	0.00476	0.00423
15	0.00658	0.00482	0.00580	0.00644	0.00704	0.00447	0.00434	0.00743	0.00980	0.01265	0.03091	0.42346	0.20416	0.20127	0.01099	0.00268	0.00343	0.04538	0.00438	0.00399
16	0.23859	0.00674	0.00751	0.00746	0.00922	0.00680	0.00558	0.01257	0.01046	0.15383	0.02112	0.43209	0.02237	0.01124	0.00541	0.00187	0.00355	0.03361	0.00461	0.00537
17	0.00611	0.00502	0.00538	0.00567	0.00705	0.00429	0.00411	0.00731	0.01124	0.01368	0.04627	0.23408	0.60457	0.01374	0.00618	0.00182	0.00269	0.01173	0.00476	0.00429
18	0.01296	0.01438	0.01078	0.01015	0.01173	0.38149	0.00751	0.01424	0.01109	0.01188	0.01140	0.01727	0.01087	0.15546	0.29171	0.00441	0.01013	0.00479	0.00276	0.00498
19	0.01435	0.01002	0.01109	0.00949	0.01216	0.01081	0.00777	0.41081	0.01793	0.02500	0.01707	0.07427	0.01517	0.00823	0.00524	0.00165	0.00457	0.14277	0.19480	0.00681
20	0.00610	0.00506	0.00534	0.00557	0.00703	0.00430	0.00406	0.00732	0.01134	0.01372	0.04748	0.19500	0.64287	0.01358	0.00616	0.00180	0.00267	0.01154	0.00476	0.00430
21	0.01057	0.01002	0.01698	0.58057	0.25524	0.01163	0.01469	0.01388	0.01068	0.01418	0.00928	0.01339	0.00722	0.00497	0.00512	0.00166	0.00662	0.00456	0.00236	0.00641
22	0.01890	0.02334	0.01446	0.01302	0.01575	0.72355	0.00983	0.05990	0.04873	0.01398	0.00873	0.00985	0.00712	0.00541	0.00468	0.00135	0.00884	0.00348	0.00289	0.00619
23	0.00625	0.00447	0.00595	0.00714	0.00744	0.00417	0.00476	0.00714	0.00982	0.01310	0.02828	0.81633	0.03394	0.01608	0.00655	0.00208	0.00298	0.01459	0.00476	0.00417
24	0.01240	0.01217	0.02161	0.08844	0.63532	0.01223	0.11060	0.01564	0.01163	0.01645	0.00970	0.01292	0.00799	0.00458	0.00521	0.00156	0.00647	0.00476	0.00253	0.00779
25	0.00722	0.00554	0.00669	0.00681	0.00799	0.00528	0.00494	0.01009	0.08597	0.01690	0.31988	0.29029	0.18825	0.01246	0.00614	0.00180	0.00279	0.01097	0.00514	0.00484
26	0.00625	0.00447	0.00595	0.00714	0.00744	0.00417	0.00476	0.00714	0.00982	0.01310	0.02828	0.81633	0.03394	0.01608	0.00655	0.00208	0.00298	0.01459	0.00476	0.00417
27	0.02302	0.00873	0.01191	0.00913	0.01310	0.00754	0.00754	0.02501	0.01469	0.79122	0.02024	0.01746	0.01270	0.00635	0.00516	0.00159	0.00437	0.00516	0.00635	0.00873
28	0.01077	0.00924	0.01070	0.00778	0.01223	0.00722	0.00621	0.01383	0.05937	0.01702	0.00987	0.01118	0.00811	0.00400	0.00389	0.00082	0.00382	0.00322	0.00318	0.79755
29	0.00738	0.00495	0.00566	0.00572	0.00578	0.00492	0.00327	0.00751	0.00784	0.01050	0.04181	0.08440	0.02061	0.74148	0.02420	0.00468	0.00476	0.00798	0.00330	0.00323
30	0.01951	0.01437	0.01540	0.01181	0.01591	0.01591	0.00975	0.77056	0.02412	0.03234	0.01232	0.01232	0.00873	0.00616	0.00513	0.00154	0.00565	0.00462	0.00513	0.00873
31	0.01582	0.01254	0.01332	0.01106	0.01451	0.01419	0.00886	0.36393	0.43676	0.02639	0.01700	0.01605	0.01252	0.00660	0.00518	0.00165	0.00478	0.00527	0.00518	0.00840
32	0.03302	0.00637	0.00814	0.00754	0.00922	0.00592	0.00549	0.01412	0.03313	0.27227	0.08790	0.29307	0.02402	0.16410	0.00963	0.00240	0.00382	0.00911	0.00503	0.00569
33	0.07671	0.00881	0.01163	0.00898	0.01289	0.00780	0.00741	0.02437	0.01430	0.74170	0.01940	0.01688	0.01224	0.00625	0.00503	0.00159	0.00434	0.00501	0.00615	0.00853

[dist]
# distance from previous block
# <min> <max>
0	19

[block]
# block no. 2 follows, 48 sequences, length 50
# corresponding to MSA columns:
# 285-334
name=unknown_C
#
# <colnr> <probs for GDERKNQSTAVLIFYWHMCP>
#	G	D	E	R	K	N	Q	S	T	A	V	L	I	F	Y	W	H	M	C	P
0	0.01917	0.02445	0.01454	0.01322	0.01586	0.79907	0.00991	0.02049	0.01454	0.01256	0.00793	0.00925	0.00661	0.00529	0.00463	0.00132	0.00925	0.00330	0.00264	0.00595
1	0.00779	0.00509	0.00644	0.00682	0.00785	0.00459	0.00484	0.00908	0.01129	0.08077	0.14098	0.48156	0.18601	0.01382	0.00626	0.00190	0.00294	0.01226	0.00503	0.00469
2	0.00637	0.00481	0.00581	0.00645	0.00726	0.00435	0.00448	0.00747	0.01062	0.01369	0.08431	0.46238	0.26974	0.06179	0.00752	0.00212	0.00298	0.02893	0.00472	0.00421
3	0.00884	0.00703	0.00823	0.00853	0.00987	0.00753	0.00624	0.01497	0.30120	0.01640	0.02541	0.46979	0.02675	0.01251	0.00608	0.00197	0.00349	0.05453	0.00493	0.00570
4	0.00742	0.00495	0.00580	0.00599	0.00622	0.00482	0.00361	0.00776	0.00843	0.02481	0.03997	0.19892	0.05183	0.58438	0.02034	0.00410	0.00439	0.00910	0.00364	0.00352
5	0.03949	0.00542	0.00663	0.00627	0.00764	0.00502	0.00472	0.00953	0.01386	0.01962	0.64105	0.03890	0.16163	0.01066	0.00594	0.00163	0.00251	0.00927	0.00542	0.00479
6	0.85592	0.00992	0.00754	0.00675	0.00992	0.01151	0.00556	0.01508	0.00873	0.02302	0.00714	0.00834	0.00556	0.00476	0.00318	0.00159	0.00397	0.00278	0.00318	0.00556
7	0.00689	0.00492	0.00558	0.00583	0.00629	0.00466	0.00364	0.00737	0.00892	0.01150	0.02685	0.20195	0.19599	0.46736	0.01744	0.00363	0.00401	0.00973	0.00383	0.00361
8	0.81719	0.00993	0.00768	0.00683	0.00999	0.01148	0.00562	0.03401	0.00916	0.02317	0.00748	0.00866	0.00580	0.00482	0.00323	0.00158	0.00398	0.00287	0.02090	0.00562
9	0.00656	0.00503	0.00586	0.00620	0.00727	0.00452	0.00446	0.00784	0.01118	0.01429	0.14058	0.24912	0.36256	0.09287	0.00823	0.00217	0.00305	0.05923	0.00472	0.00426
10	0.00648	0.00521	0.00577	0.00563	0.00719	0.00451	0.00423	0.00817	0.01268	0.01619	0.30648	0.04554	0.52963	0.01213	0.00606	0.00169	0.00254	0.01029	0.00507	0.00451
11	0.00625	0.00447	0.00595	0.00714	0.00744	0.00417	0.00476	0.00714	0.00982	0.01310	0.02828	0.81633	0.03394	0.01608	0.00655	0.00208	0.00298	0.01459	0.00476	0.00417
12	0.01030	0.00641	0.00897	0.00842	0.01002	0.00695	0.00662	0.01300	0.06160	0.14452	0.01685	0.02079	0.04371	0.02990	0.57966	0.00642	0.01106	0.00567	0.00361	0.00551
13	0.00733	0.00550	0.00825	0.00825	0.00916	0.00641	0.00641	0.00916	0.00825	0.01191	0.01374	0.02016	0.01283	0.03848	0.79934	0.00825	0.01374	0.00550	0.00275	0.00458
14	0.00643	0.00520	0.00572	0.00562	0.00717	0.00448	0.00421	0.00806	0.01251	0.01589	0.27457	0.06340	0.54414	0.01230	0.00607	0.00170	0.00255	0.01044	0.00503	0.00448
15	0.00718	0.00483	0.00567	0.00601	0.00612	0.00474	0.00358	0.00749	0.00821	0.01106	0.01956	0.25134	0.02277	0.57474	0.02008	0.00407	0.00435	0.00938	0.02536	0.00345
16	0.03218	0.35241	0.26958	0.01273	0.04218	0.01501	0.09549	0.01648	0.01117	0.08019	0.02294	0.01113	0.00796	0.00482	0.00436	0.00141	0.00634	0.00382	0.00267	0.00712
17	0.01392	0.56985	0.11496	0.00999	0.01451	0.06276	0.01001	0.04577	0.07611	0.02721	0.00900	0.00983	0.00753	0.00482	0.00382	0.00125	0.00582	0.00327	0.00265	0.00691
18	0.00633	0.00462	0.00596	0.00687	0.00741	0.00425	0.00468	0.00742	0.01049	0.01392	0.10587	0.65809	0.11479	0.01520	0.00645	0.00200	0.00288	0.01366	0.00485	0.00425
19	0.01064	0.00912	0.01064	0.00760	0.01216	0.00684	0.00608	0.01292	0.01064	0.01672	0.00912	0.01064	0.00760	0.00380	0.00380	0.00076	0.00380	0.00304	0.00304	0.85104
20	0.04294	0.05737	0.01211	0.00823	0.01263	0.00886	0.00674	0.09802	0.01238	0.08009	0.01017	0.01115	0.00800	0.00433	0.00400	0.00096	0.00415	0.00336	0.00349	0.61103
21	0.00640	0.00497	0.00579	0.00626	0.00729	0.00438	0.00435	0.00746	0.01049	0.01336	0.03672	0.42365	0.34384	0.06144	0.00740	0.00206	0.00297	0.01220	0.00461	0.03438
22	0.01892	0.01433	0.01658	0.01259	0.01678	0.01568	0.07022	0.71050	0.02317	0.03107	0.01216	0.01244	0.00865	0.00601	0.00521	0.00156	0.00589	0.00473	0.00493	0.00858
23	0.01152	0.02184	0.56119	0.01329	0.01952	0.01190	0.01570	0.04853	0.16174	0.04566	0.03200	0.01346	0.00968	0.00553	0.00499	0.00164	0.00657	0.00441	0.00312	0.00770
24	0.00955	0.00889	0.01489	0.76042	0.03372	0.01102	0.01370	0.01291	0.01051	0.01355	0.05458	0.01512	0.00928	0.00544	0.00518	0.00170	0.00658	0.00484	0.00248	0.00565
25	0.01190	0.12219	0.21718	0.06349	0.14808	0.03795	0.17342	0.01563	0.01146	0.02839	0.03901	0.01269	0.00888	0.00481	0.00491	0.00148	0.00670	0.00446	0.00263	0.08473
26	0.01508	0.00884	0.01153	0.00878	0.01284	0.00721	0.03125	0.01732	0.01230	0.30436	0.01491	0.01750	0.01146	0.00569	0.00467	0.00124	0.00425	0.07103	0.00441	0.43532
27	0.00733	0.00506	0.00590	0.00579	0.00620	0.00490	0.00360	0.00802	0.00950	0.01288	0.21469	0.03567	0.06866	0.56822	0.01988	0.00394	0.00419	0.00811	0.00385	0.00362
28	0.14783	0.01043	0.09848	0.01004	0.01350	0.00857	0.10097	0.01641	0.03148	0.21544	0.26725	0.02173	0.02209	0.00706	0.00522	0.00162	0.00454	0.00611	0.00466	0.00658
29	0.01391	0.11180	0.14845	0.01087	0.03923	0.01135	0.00991	0.07864	0.08557	0.15165	0.06044	0.01433	0.01154	0.00574	0.00536	0.00142	0.05292	0.00442	0.00384	0.17864
30	0.00766	0.00528	0.00655	0.00656	0.00782	0.00486	0.00481	0.00920	0.01165	0.06422	0.22286	0.22482	0.26608	0.04086	0.09036	0.00257	0.00401	0.01031	0.00482	0.00469
31	0.27154	0.06161	0.08440	0.01017	0.01399	0.07613	0.00895	0.22068	0.15280	0.03591	0.01149	0.01181	0.00858	0.00559	0.00438	0.00156	0.00528	0.00399	0.00393	0.00720
32	0.01223	0.01352	0.11703	0.18745	0.48492	0.01224	0.01545	0.06550	0.01211	0.01698	0.00966	0.01264	0.00770	0.00483	0.00507	0.00158	0.00641	0.00447	0.00261	0.00760
33	0.00681	0.00475	0.00601	0.00662	0.00688	0.00464	0.00426	0.00749	0.00902	0.01214	0.05172	0.44322	0.02742	0.31549	0.06655	0.00355	0.00441	0.01114	0.00405	0.00383
34	0.01064	0.00912	0.01064	0.00760	0.01216	0.00684	0.00608	0.01292	0.01064	0.01672	0.00912	0.01064	0.00760	0.00380	0.00380	0.00076	0.00380	0.00304	0.00304	0.85104
35	0.00835	0.00679	0.00764	0.00777	0.00926	0.00703	0.00567	0.01381	0.26304	0.01603	0.03138	0.37501	0.20348	0.01236	0.00600	0.00189	0.00325	0.01082	0.00491	0.00551
36	0.00744	0.00507	0.00610	0.00610	0.00627	0.00525	0.00373	0.00778	0.00761	0.01032	0.01571	0.03104	0.01755	0.67221	0.17208	0.00559	0.00663	0.00709	0.00304	0.00339
37	0.00746	0.00497	0.00560	0.00560	0.00560	0.00497	0.00311	0.00746	0.00746	0.00995	0.01617	0.03358	0.01865	0.81967	0.02612	0.00497	0.00497	0.00746	0.00311	0.00311
38	0.85592	0.00992	0.00754	0.00675	0.00992	0.01151	0.00556	0.01508	0.00873	0.02302	0.00714	0.00834	0.00556	0.00476	0.00318	0.00159	0.00397	0.00278	0.00318	0.00556
39	0.01276	0.01102	0.01160	0.01044	0.01334	0.01276	0.00812	0.02727	0.77840	0.02146	0.02088	0.01914	0.01566	0.00696	0.00522	0.00174	0.00406	0.00580	0.00522	0.00812
40	0.00846	0.00650	0.00789	0.00732	0.00890	0.00656	0.00555	0.01351	0.18060	0.02077	0.61884	0.03416	0.04129	0.00972	0.00587	0.00164	0.00278	0.00852	0.00556	0.00555
41	0.00625	0.00447	0.00595	0.00714	0.00744	0.00417	0.00476	0.00714	0.00982	0.01310	0.02828	0.81633	0.03394	0.01608	0.00655	0.00208	0.00298	0.01459	0.00476	0.00417
42	0.00746	0.00497	0.00560	0.00560	0.00560	0.00497	0.00311	0.00746	0.00746	0.00995	0.01617	0.03358	0.01865	0.81967	0.02612	0.00497	0.00497	0.00746	0.00311	0.00311
43	0.02302	0.00873	0.01191	0.00913	0.01310	0.00754	0.00754	0.02501	0.01469	0.79122	0.02024	0.01746	0.01270	0.00635	0.00516	0.00159	0.00437	0.00516	0.00635	0.00873
44	0.00622	0.00457	0.00585	0.00687	0.00737	0.00419	0.00464	0.00718	0.01009	0.01321	0.03165	0.70728	0.14081	0.01564	0.00648	0.00203	0.00292	0.01405	0.00476	0.00419
45	0.01029	0.02654	0.79309	0.01462	0.02221	0.01192	0.01896	0.01625	0.01083	0.01625	0.00921	0.01083	0.00650	0.00487	0.00487	0.00162	0.00758	0.00379	0.00217	0.00758
46	0.02302	0.00873	0.01191	0.00913	0.01310	0.00754	0.00754	0.02501	0.01469	0.79122	0.02024	0.01746	0.01270	0.00635	0.00516	0.00159	0.00437	0.00516	0.00635	0.00873
47	0.00717	0.00524	0.00673	0.00636	0.00761	0.00480	0.00477	0.00950	0.01430	0.02004	0.72658	0.03921	0.10713	0.01069	0.00605	0.00162	0.00243	0.00940	0.00558	0.00480
48	0.85592	0.00992	0.00754	0.00675	0.00992	0.01151	0.00556	0.01508	0.00873	0.02302	0.00714	0.00834	0.00556	0.00476	0.00318	0.00159	0.00397	0.00278	0.00318	0.00556
49	0.00722	0.00524	0.00680	0.00641	0.00764	0.00482	0.00481	0.00961	0.01443	0.02035	0.76060	0.03870	0.07291	0.01057	0.00605	0.00162	0.00243	0.00933	0.00562	0.00482

[dist]
# distance from previous block
# <min> <max>
0	1

[block]
# block no. 3 follows, 48 sequences, length 56
# corresponding to MSA columns:
# 336-391
name=unknown_D
#
# <colnr> <probs for GDERKNQSTAVLIFYWHMCP>
#	G	D	E	R	K	N	Q	S	T	A	V	L	I	F	Y	W	H	M	C	P
0	0.00622	0.00479	0.00568	0.00633	0.00724	0.00426	0.00442	0.00734	0.01077	0.01371	0.06868	0.47371	0.33927	0.01460	0.00633	0.00192	0.00280	0.01285	0.00480	0.00426
1	0.02302	0.00873	0.01191	0.00913	0.01310	0.00754	0.00754	0.02501	0.01469	0.79122	0.02024	0.01746	0.01270	0.00635	0.00516	0.00159	0.00437	0.00516	0.00635	0.00873
2	0.00622	0.00491	0.00561	0.00606	0.00718	0.00430	0.00431	0.00743	0.01113	0.01400	0.09076	0.35597	0.43585	0.01406	0.00626	0.00187	0.00274	0.01223	0.00482	0.00430
3	0.01029	0.02654	0.79309	0.01462	0.02221	0.01192	0.01896	0.01625	0.01083	0.01625	0.00921	0.01083	0.00650	0.00487	0.00487	0.00162	0.00758	0.00379	0.00217	0.00758
4	0.03516	0.02424	0.42638	0.01355	0.01891	0.31447	0.01445	0.01839	0.01244	0.06260	0.00934	0.01057	0.00690	0.00512	0.00476	0.00151	0.00794	0.00366	0.00263	0.00698
5	0.01861	0.02340	0.01508	0.01479	0.08226	0.73138	0.01042	0.02008	0.01429	0.01292	0.00808	0.00955	0.00674	0.00523	0.00467	0.00134	0.00898	0.00341	0.00263	0.00614
6	0.00827	0.00591	0.00827	0.00945	0.01063	0.00591	0.00827	0.01063	0.01181	0.01536	0.02717	0.05788	0.02953	0.01417	0.00709	0.00236	0.00472	0.75313	0.00472	0.00472
7	0.01833	0.02841	0.20816	0.01341	0.11635	0.00947	0.01148	0.02144	0.01326	0.48284	0.01587	0.01502	0.01045	0.00572	0.00504	0.00158	0.00541	0.00470	0.00473	0.00833
8	0.01301	0.01210	0.01495	0.01577	0.17774	0.04997	0.06112	0.02378	0.52871	0.01971	0.01719	0.01696	0.01311	0.00620	0.00522	0.00167	0.00505	0.00544	0.00436	0.00794
