[name]
unknown

[dist]
# distance from previous block
# <min> <max>
0	167

[block]
# block no. 0 follows, 43 sequences, length 67
# corresponding to MSA columns:
# 167-233
name=unknown_A
#
# <colnr> <probs for GDERKNQSTAVLIFYWHMCP>
#	G	D	E	R	K	N	Q	S	T	A	V	L	I	F	Y	W	H	M	C	P
0	0.02792	0.07883	0.11912	0.01200	0.04033	0.06742	0.02919	0.18126	0.08218	0.04630	0.01880	0.04930	0.07623	0.00785	0.00545	0.00172	0.00574	0.06289	0.08009	0.00736
1	0.02847	0.13922	0.15584	0.01653	0.15307	0.18817	0.02322	0.08399	0.05438	0.01794	0.01102	0.03826	0.00918	0.00580	0.00501	0.00154	0.00713	0.00451	0.00317	0.05355
2	0.02766	0.08958	0.22111	0.04277	0.05773	0.13044	0.01256	0.10284	0.04326	0.04220	0.01487	0.10206	0.03103	0.00746	0.00541	0.00171	0.00670	0.03167	0.00361	0.02534
3	0.03480	0.01396	0.06983	0.10409	0.23725	0.10162	0.01251	0.05505	0.11919	0.03338	0.02839	0.01995	0.03680	0.00686	0.00552	0.00175	0.00625	0.05978	0.04553	0.00749
4	0.00764	0.00607	0.00693	0.00691	0.00850	0.00563	0.00517	0.01057	0.07596	0.01771	0.25701	0.14656	0.37464	0.01317	0.00657	0.00191	0.00301	0.03540	0.00546	0.00517
5	0.00697	0.00492	0.00639	0.00745	0.00775	0.00464	0.00488	0.00783	0.01036	0.01385	0.04749	0.67045	0.03462	0.13232	0.01014	0.00269	0.00351	0.01447	0.00490	0.00435
6	0.01332	0.01425	0.02872	0.02748	0.31692	0.01368	0.46589	0.01745	0.01289	0.01788	0.01090	0.01446	0.00855	0.00477	0.00613	0.00178	0.00827	0.00591	0.00278	0.00798
7	0.00802	0.00551	0.00674	0.00674	0.00698	0.00575	0.00422	0.00850	0.00826	0.01125	0.01681	0.03272	0.01860	0.61948	0.21198	0.00623	0.00767	0.00754	0.00326	0.00374
8	0.01527	0.00758	0.01024	0.00957	0.03961	0.00691	0.00703	0.01779	0.04342	0.34109	0.20293	0.22488	0.02879	0.01057	0.00618	0.00186	0.00388	0.00925	0.00603	0.00710
9	0.01189	0.01053	0.01391	0.00996	0.01494	0.00834	0.08740	0.03232	0.01201	0.01842	0.01008	0.01190	0.00825	0.00423	0.00440	0.00095	0.00472	0.00368	0.00328	0.72879
10	0.00827	0.00570	0.00705	0.00703	0.00788	0.00523	0.00463	0.00858	0.00942	0.01282	0.02132	0.27464	0.06066	0.27904	0.01610	0.14019	0.00429	0.00953	0.00385	0.11377
11	0.01322	0.01702	0.22695	0.18751	0.14971	0.01333	0.15647	0.08248	0.01332	0.04792	0.01093	0.01374	0.00813	0.00547	0.00601	0.00179	0.03018	0.00504	0.00298	0.00780
12	0.02105	0.01551	0.01662	0.01274	0.01717	0.01717	0.01053	0.75235	0.02604	0.03490	0.01330	0.01330	0.00942	0.00665	0.00554	0.00166	0.00609	0.00499	0.00554	0.00942
13	0.00790	0.00541	0.00607	0.00605	0.00630	0.00530	0.00354	0.00817	0.00890	0.01176	0.06195	0.03814	0.09279	0.68717	0.02496	0.00484	0.00498	0.00851	0.00367	0.00358
14	0.00751	0.00565	0.00694	0.00662	0.00807	0.00508	0.00496	0.00981	0.01489	0.02035	0.58539	0.04443	0.23592	0.01202	0.00654	0.00177	0.00266	0.01044	0.00585	0.00508
15	0.01742	0.01592	0.01661	0.01371	0.01611	0.14109	0.01119	0.33839	0.01734	0.02281	0.01012	0.01229	0.00819	0.00771	0.01051	0.00193	0.32252	0.00470	0.00386	0.00759
16	0.01392	0.04186	0.01420	0.01071	0.01473	0.18686	0.03602	0.03581	0.01262	0.01681	0.00968	0.01168	0.00814	0.00642	0.03690	0.00145	0.05064	0.00370	0.00313	0.48471
17	0.01511	0.40849	0.02115	0.01061	0.01463	0.04781	0.00933	0.07816	0.30343	0.01866	0.01392	0.01384	0.01109	0.00600	0.00457	0.00150	0.00550	0.00442	0.00390	0.00790
18	0.00805	0.00537	0.00604	0.00604	0.00604	0.00537	0.00336	0.00805	0.00805	0.01074	0.01745	0.03624	0.02013	0.80536	0.02819	0.00537	0.00537	0.00805	0.00336	0.00336
19	0.00962	0.00481	0.00722	0.00722	0.00722	0.00481	0.00481	0.00722	0.00722	0.00962	0.00962	0.01684	0.00962	0.01924	0.02165	0.83886	0.00481	0.00481	0.00241	0.00241
20	0.01142	0.01110	0.01564	0.01361	0.01377	0.01531	0.01126	0.01276	0.00855	0.01325	0.00852	0.01370	0.00835	0.01494	0.14419	0.00349	0.66671	0.00503	0.00251	0.00588
21	0.01371	0.01316	0.02248	0.03399	0.77081	0.01316	0.01700	0.01700	0.01261	0.01809	0.01042	0.01371	0.00877	0.00493	0.00548	0.00164	0.00658	0.00493	0.00274	0.00877
22	0.00714	0.00517	0.00717	0.00802	0.00854	0.00526	0.00563	0.00838	0.01001	0.01365	0.02539	0.54320	0.02925	0.04725	0.24319	0.00436	0.00680	0.01255	0.00443	0.00460
23	0.02226	0.01008	0.01290	0.01004	0.01401	0.00941	0.00823	0.15348	0.01763	0.55889	0.10447	0.02041	0.01730	0.00732	0.00567	0.00171	0.00472	0.00597	0.00654	0.00895
24	0.01273	0.21286	0.55781	0.01397	0.02112	0.01476	0.01719	0.01782	0.01181	0.05741	0.01005	0.01141	0.00740	0.00522	0.00487	0.00162	0.00746	0.00390	0.00259	0.00800
25	0.00764	0.00660	0.00669	0.00680	0.00841	0.03556	0.00498	0.00982	0.05328	0.01576	0.10378	0.20487	0.48834	0.01382	0.00654	0.00192	0.00324	0.01179	0.00516	0.00497
26	0.01371	0.01316	0.02248	0.03399	0.77081	0.01316	0.01700	0.01700	0.01261	0.01809	0.01042	0.01371	0.00877	0.00493	0.00548	0.00164	0.00658	0.00493	0.00274	0.00877
27	0.00680	0.00512	0.00633	0.00725	0.00806	0.00464	0.00507	0.00797	0.01128	0.01449	0.03764	0.55373	0.24168	0.01631	0.00695	0.00216	0.00320	0.05159	0.00514	0.00458
28	0.01578	0.61474	0.02580	0.01067	0.01479	0.16682	0.00986	0.01746	0.01194	0.01315	0.00784	0.00928	0.00712	0.00520	0.00465	0.00130	0.05104	0.00318	0.00246	0.00692
29	0.00825	0.00721	0.00906	0.00850	0.00962	0.00802	0.00665	0.00979	0.01147	0.01523	0.13091	0.09890	0.35310	0.01551	0.08422	0.00270	0.20184	0.00954	0.00438	0.00510
30	0.01441	0.72405	0.11015	0.01016	0.01527	0.02093	0.01067	0.01669	0.01130	0.01352	0.00794	0.00919	0.00710	0.00480	0.00374	0.00125	0.00617	0.00308	0.00237	0.00722
31	0.01108	0.01045	0.01796	0.60956	0.14617	0.01227	0.05499	0.01473	0.01143	0.01516	0.01029	0.01482	0.00788	0.00543	0.00552	0.00180	0.00720	0.00502	0.03164	0.00658
32	0.00675	0.00482	0.00643	0.00771	0.00803	0.00450	0.00514	0.00771	0.01060	0.01414	0.03053	0.80175	0.03663	0.01735	0.00707	0.00225	0.00321	0.01574	0.00514	0.00450
33	0.01744	0.30620	0.02003	0.01106	0.01512	0.09922	0.00957	0.32235	0.03082	0.02315	0.05347	0.01332	0.01105	0.00612	0.00475	0.00146	0.00608	0.00440	0.03655	0.00784
34	0.01349	0.53045	0.29571	0.01173	0.01769	0.01869	0.01340	0.01692	0.01141	0.01464	0.00850	0.00989	0.00707	0.00492	0.00416	0.00139	0.00673	0.00336	0.00236	0.00749
35	0.06459	0.01443	0.01496	0.01295	0.05930	0.09534	0.00986	0.33060	0.12355	0.17325	0.01519	0.01480	0.01080	0.00646	0.00535	0.00166	0.00588	0.00497	0.00519	0.03089
36	0.29043	0.01154	0.02545	0.08626	0.17708	0.01164	0.03337	0.05715	0.01232	0.10234	0.01078	0.01244	0.00817	0.00523	0.00463	0.00158	0.00539	0.00414	0.00362	0.13645
37	0.01134	0.01075	0.01821	0.58548	0.23780	0.01254	0.01582	0.01493	0.01149	0.01522	0.01000	0.01448	0.00776	0.00537	0.00552	0.00179	0.00716	0.00493	0.00254	0.00687
38	0.01564	0.01456	0.04427	0.05552	0.05968	0.09789	0.04839	0.25838	0.05329	0.02277	0.01268	0.05755	0.01045	0.00635	0.00554	0.00152	0.02325	0.00514	0.00404	0.20309
39	0.00662	0.00561	0.00571	0.00569	0.00753	0.00471	0.00427	0.00809	0.01280	0.01537	0.09609	0.05263	0.72833	0.01387	0.00654	0.00186	0.00279	0.01159	0.00520	0.00471
40	0.01158	0.00891	0.01091	0.00964	0.01152	0.03781	0.04500	0.11557	0.06718	0.04686	0.07801	0.02729	0.04509	0.21730	0.21379	0.00454	0.00789	0.03113	0.00415	0.00582
41	0.73113	0.01053	0.00879	0.00764	0.01118	0.01183	0.00629	0.01776	0.01031	0.12855	0.00967	0.01036	0.00706	0.00538	0.00372	0.00171	0.00434	0.00335	0.00390	0.00647
42	0.01148	0.00969	0.01182	0.01072	0.01222	0.01168	0.00833	0.05724	0.26128	0.01740	0.01680	0.06089	0.01517	0.12135	0.17027	0.00390	0.18268	0.00654	0.00404	0.00648
43	0.00757	0.00563	0.00764	0.00779	0.00871	0.00592	0.00574	0.00918	0.01028	0.01412	0.10617	0.14962	0.11519	0.11395	0.39999	0.00583	0.00918	0.00884	0.00396	0.00470
44	0.01706	0.01200	0.01415	0.01171	0.01540	0.01298	0.04705	0.14977	0.42749	0.17864	0.02107	0.01955	0.03283	0.00724	0.00567	0.00181	0.00496	0.00605	0.00571	0.00884
45	0.01589	0.06329	0.01356	0.01201	0.01420	0.48200	0.00907	0.01731	0.01392	0.01390	0.01571	0.21691	0.01657	0.00936	0.00565	0.00171	0.00765	0.06184	0.00358	0.00587
46	0.01175	0.01073	0.01540	0.29868	0.10822	0.05384	0.06707	0.07923	0.01231	0.01594	0.01390	0.02061	0.04050	0.17405	0.05239	0.00290	0.00728	0.00595	0.00313	0.00615
47	0.01681	0.08055	0.06166	0.03640	0.13988	0.33648	0.06994	0.06090	0.09236	0.01699	0.01079	0.01245	0.00864	0.00574	0.00555	0.00159	0.02822	0.00443	0.00318	0.00743
48	0.15277	0.03965	0.05334	0.05445	0.01612	0.07853	0.00943	0.12057	0.01554	0.38203	0.01552	0.01483	0.01041	0.00623	0.00509	0.00167	0.00566	0.00471	0.00515	0.00829
49	0.01671	0.01435	0.01852	0.02041	0.28357	0.06671	0.05259	0.27435	0.08760	0.04560	0.05375	0.01567	0.01212	0.00621	0.00560	0.00168	0.00632	0.00536	0.00429	0.00859
50	0.23319	0.01351	0.01283	0.01171	0.05615	0.12602	0.00878	0.18069	0.04044	0.12138	0.04010	0.05446	0.01194	0.00690	0.00546	0.00171	0.03528	0.00511	0.02694	0.00738
51	0.01042	0.00655	0.00700	0.00658	0.00841	0.00652	0.00498	0.01471	0.11758	0.02037	0.07644	0.06621	0.03942	0.00759	0.00460	0.00144	0.00301	0.00630	0.51353	0.07833
52	0.00722	0.00516	0.00695	0.00809	0.00866	0.00489	0.00582	0.00860	0.01140	0.01523	0.09119	0.60830	0.03708	0.01649	0.00713	0.00226	0.00350	0.14214	0.00521	0.00466
53	0.00706	0.00512	0.00669	0.00747	0.00815	0.00474	0.00520	0.00850	0.01204	0.01625	0.21522	0.54988	0.08342	0.01561	0.00692	0.00211	0.00309	0.03246	0.00538	0.00470
54	0.01193	0.07001	0.65649	0.01575	0.02333	0.05533	0.05696	0.01775	0.01196	0.01709	0.00981	0.01162	0.00710	0.00523	0.00522	0.00171	0.00822	0.00413	0.00239	0.00799
55	0.00920	0.00657	0.00803	0.00762	0.00925	0.00644	0.00580	0.01339	0.11535	0.04473	0.48493	0.07980	0.09114	0.01108	0.00631	0.00180	0.00306	0.03895	0.05079	0.00575
56	0.01695	0.55436	0.05379	0.00998	0.01469	0.01821	0.00964	0.04497	0.03948	0.17419	0.01148	0.01166	0.00892	0.00537	0.00419	0.00136	0.00571	0.00374	0.00354	0.00778
57	0.00975	0.00568	0.00719	0.00708	0.00834	0.00609	0.00545	0.01203	0.01051	0.04536	0.01670	0.02110	0.01401	0.02281	0.36699	0.00485	0.00837	0.00554	0.41692	0.00522
58	0.01726	0.01378	0.01424	0.01191	0.01557	0.04616	0.00950	0.30642	0.42122	0.05489	0.01840	0.01734	0.01352	0.00708	0.00557	0.00177	0.00528	0.00564	0.00553	0.00895
59	0.02311	0.01221	0.01458	0.01117	0.01553	0.01227	0.00923	0.35861	0.02051	0.43646	0.01794	0.01631	0.01175	0.00676	0.00556	0.00169	0.00534	0.00530	0.00625	0.00942
60	0.00791	0.00546	0.00676	0.00687	0.00714	0.00567	0.00437	0.00847	0.00848	0.01154	0.01796	0.09950	0.02006	0.55319	0.20776	0.00595	0.00745	0.00822	0.00342	0.00384
61	0.02069	0.02640	0.01569	0.01427	0.01712	0.78313	0.01070	0.02212	0.01569	0.01355	0.00856	0.00999	0.00713	0.00571	0.00499	0.00143	0.00999	0.00357	0.00285	0.00642
62	0.11021	0.01344	0.04640	0.13593	0.03989	0.01414	0.03978	0.30126	0.12945	0.09357	0.01398	0.01466	0.01007	0.00627	0.00535	0.00175	0.00594	0.00502	0.00464	0.00828
63	0.01410	0.18913	0.13894	0.01442	0.06473	0.02658	0.08626	0.07756	0.16670	0.04228	0.04243	0.01554	0.01182	0.00641	0.00625	0.00171	0.06923	0.01441	0.00368	0.00782
64	0.03837	0.00789	0.01061	0.00926	0.01109	0.00820	0.04802	0.02522	0.07612	0.14781	0.01691	0.02477	0.01536	0.28723	0.21103	0.00481	0.02879	0.00648	0.00405	0.01801
65	0.01241	0.01413	0.10543	0.01864	0.13523	0.01294	0.22413	0.01912	0.19511	0.01868	0.04552	0.05817	0.01403	0.00707	0.00710	0.00190	0.07689	0.02216	0.00370	0.00765
66	0.04833	0.17404	0.04200	0.01031	0.05237	0.01145	0.00839	0.01799	0.07174	0.15292	0.02999	0.01617	0.05326	0.00588	0.00464	0.00134	0.00475	0.00461	0.02428	0.26553

[dist]
# distance from previous block
# <min> <max>
1	5

[block]
# block no. 1 follows, 43 sequences, length 49
# corresponding to MSA columns:
# 239-287
name=unknown_B
#
# <colnr> <probs for GDERKNQSTAVLIFYWHMCP>
#	G	D	E	R	K	N	Q	S	T	A	V	L	I	F	Y	W	H	M	C	P
0	0.19165	0.01157	0.01139	0.00969	0.01262	0.05903	0.00778	0.28226	0.01636	0.02498	0.05138	0.01611	0.01217	0.01272	0.14393	0.00291	0.00687	0.00493	0.11474	0.00693
1	0.00947	0.00783	0.01043	0.00947	0.00968	0.00953	0.01896	0.01017	0.00838	0.01195	0.01367	0.02624	0.01496	0.44097	0.11091	0.00474	0.26844	0.00672	0.00299	0.00450
2	0.01525	0.01252	0.01663	0.20250	0.05960	0.09135	0.09731	0.09165	0.02993	0.13201	0.04463	0.02995	0.01160	0.00624	0.00585	0.00166	0.02949	0.00536	0.03030	0.08617
3	0.01789	0.00785	0.00955	0.00787	0.01079	0.00735	0.00632	0.06778	0.01456	0.37811	0.01954	0.01932	0.01365	0.00666	0.00478	0.00151	0.00382	0.00534	0.38984	0.00746
4	0.01154	0.01050	0.01487	0.01761	0.25110	0.02642	0.01085	0.05674	0.01283	0.01787	0.15292	0.02433	0.11944	0.02442	0.04165	0.00224	0.18739	0.00682	0.00379	0.00669
5	0.84448	0.01071	0.00814	0.00728	0.01071	0.01242	0.00600	0.01628	0.00943	0.02485	0.00771	0.00900	0.00600	0.00514	0.00343	0.00171	0.00428	0.00300	0.00343	0.00600
6	0.01208	0.00996	0.01057	0.00958	0.01208	0.03317	0.00743	0.03487	0.37683	0.05875	0.09504	0.05474	0.20503	0.00977	0.00655	0.00188	0.04113	0.00803	0.00537	0.00716
7	0.00666	0.00514	0.00609	0.00685	0.00781	0.00457	0.00476	0.00781	0.01143	0.01448	0.04101	0.49511	0.33651	0.01599	0.00685	0.00209	0.00305	0.01408	0.00514	0.00457
8	0.00778	0.00599	0.00847	0.00883	0.00941	0.00673	0.00653	0.00919	0.00962	0.01344	0.02128	0.37418	0.02367	0.04278	0.34586	0.00522	0.08198	0.01032	0.00391	0.00481
9	0.02069	0.02640	0.01569	0.01427	0.01712	0.78313	0.01070	0.02212	0.01569	0.01355	0.00856	0.00999	0.00713	0.00571	0.00499	0.00143	0.00999	0.00357	0.00285	0.00642
10	0.01304	0.01207	0.01937	0.06367	0.49613	0.01301	0.01460	0.06050	0.01236	0.01766	0.01076	0.01460	0.00923	0.01046	0.10927	0.00270	0.10476	0.00506	0.00289	0.00785
11	0.02069	0.02640	0.01569	0.01427	0.01712	0.78313	0.01070	0.02212	0.01569	0.01355	0.00856	0.00999	0.00713	0.00571	0.00499	0.00143	0.00999	0.00357	0.00285	0.00642
12	0.01406	0.01272	0.01370	0.01203	0.01527	0.04904	0.04686	0.02850	0.68836	0.02245	0.02132	0.01988	0.01602	0.00729	0.00565	0.00186	0.00489	0.00615	0.00536	0.00859
13	0.00706	0.00563	0.00642	0.00690	0.00839	0.00499	0.00532	0.00863	0.01231	0.01515	0.04637	0.18042	0.49612	0.01484	0.00686	0.00207	0.00334	0.15930	0.00513	0.00473
14	0.04274	0.05423	0.68382	0.01518	0.02280	0.05261	0.01905	0.01769	0.01180	0.01745	0.00971	0.01141	0.00699	0.00526	0.00512	0.00172	0.00806	0.00399	0.00241	0.00798
15	0.01462	0.13039	0.37624	0.01351	0.01957	0.01526	0.01484	0.23316	0.06718	0.02225	0.01162	0.01269	0.00861	0.00681	0.02791	0.00187	0.00719	0.00440	0.00353	0.00834
16	0.00805	0.00537	0.00604	0.00604	0.00604	0.00537	0.00336	0.00805	0.00805	0.01074	0.01745	0.03624	0.02013	0.80536	0.02819	0.00537	0.00537	0.00805	0.00336	0.00336
17	0.01371	0.01316	0.02248	0.03399	0.77081	0.01316	0.01700	0.01700	0.01261	0.01809	0.01042	0.01371	0.00877	0.00493	0.00548	0.00164	0.00658	0.00493	0.00274	0.00877
18	0.06986	0.03817	0.07731	0.01257	0.01676	0.13298	0.08334	0.05776	0.13294	0.27035	0.01641	0.01709	0.01185	0.00654	0.00544	0.00172	0.00632	0.02968	0.00480	0.00813
19	0.01006	0.00633	0.00725	0.03978	0.00946	0.00654	0.00548	0.05739	0.05870	0.01959	0.05264	0.24612	0.02185	0.00984	0.00519	0.00167	0.00329	0.00846	0.42487	0.00550
20	0.01496	0.74771	0.05250	0.00990	0.01466	0.05650	0.00989	0.01687	0.01147	0.01320	0.00781	0.00903	0.00711	0.00480	0.00367	0.00121	0.00618	0.00303	0.00239	0.00711
21	0.01371	0.01316	0.02248	0.03399	0.77081	0.01316	0.01700	0.01700	0.01261	0.01809	0.01042	0.01371	0.00877	0.00493	0.00548	0.00164	0.00658	0.00493	0.00274	0.00877
22	0.01653	0.01708	0.01574	0.01606	0.13202	0.34321	0.05884	0.03292	0.05335	0.08341	0.04555	0.13097	0.01484	0.00769	0.00564	0.00168	0.00728	0.00639	0.00386	0.00696
23	0.05260	0.08093	0.13728	0.04521	0.03231	0.01160	0.09436	0.03356	0.10236	0.17729	0.04183	0.07475	0.04599	0.00755	0.00576	0.00179	0.01532	0.02756	0.00438	0.00757
24	0.00676	0.00494	0.00637	0.00744	0.00798	0.00455	0.00504	0.00784	0.01103	0.01453	0.06095	0.68597	0.12277	0.01674	0.00699	0.00219	0.00314	0.01506	0.00518	0.00455
25	0.00680	0.00490	0.00645	0.00767	0.00810	0.00456	0.00519	0.00782	0.01076	0.01425	0.03180	0.74353	0.07400	0.01713	0.00706	0.00224	0.00324	0.03483	0.00514	0.00452
26	0.01579	0.01234	0.01801	0.22127	0.25279	0.07579	0.05937	0.02948	0.01351	0.18783	0.03716	0.01590	0.01086	0.00583	0.00555	0.00171	0.00663	0.00523	0.01718	0.00780
27	0.01407	0.30780	0.11467	0.06065	0.06423	0.06662	0.01117	0.03552	0.12525	0.05109	0.01466	0.05539	0.04388	0.00655	0.00487	0.00157	0.00605	0.00510	0.00346	0.00741
28	0.01186	0.02323	0.49619	0.01759	0.02447	0.01337	0.22433	0.01820	0.05832	0.01781	0.01099	0.01317	0.00803	0.00538	0.00606	0.00182	0.03363	0.00494	0.00268	0.00795
29	0.53459	0.01086	0.01031	0.00855	0.01232	0.01174	0.00705	0.09559	0.01291	0.23122	0.01216	0.01214	0.00846	0.00577	0.00423	0.00171	0.00459	0.00391	0.00459	0.00729
30	0.01133	0.06159	0.08834	0.07085	0.24653	0.04313	0.04281	0.01467	0.03669	0.01712	0.11400	0.10267	0.09558	0.00823	0.00603	0.00176	0.02083	0.00725	0.00368	0.00691
31	0.01286	0.01579	0.13353	0.07439	0.23296	0.06010	0.26155	0.01682	0.01280	0.02790	0.04636	0.05538	0.01169	0.00594	0.00591	0.00177	0.00762	0.00606	0.00302	0.00756
32	0.00712	0.00513	0.00637	0.00708	0.00757	0.00489	0.00468	0.00796	0.01013	0.01332	0.02972	0.46035	0.12983	0.21621	0.06033	0.00339	0.00442	0.01266	0.00456	0.00426
33	0.00769	0.00567	0.00797	0.04082	0.01011	0.00592	0.00637	0.00925	0.01060	0.01442	0.09443	0.27149	0.08330	0.02475	0.28839	0.04744	0.00770	0.05474	0.00419	0.00474
34	0.01668	0.16189	0.05466	0.08748	0.12805	0.03838	0.01151	0.05013	0.01315	0.23007	0.01357	0.04685	0.01059	0.00672	0.00678	0.00172	0.10489	0.00510	0.00397	0.00780
35	0.03664	0.57119	0.08153	0.01114	0.01567	0.06428	0.05604	0.01655	0.01148	0.01406	0.00907	0.04279	0.00839	0.00555	0.00464	0.00139	0.03612	0.00391	0.00257	0.00699
36	0.00760	0.00549	0.00704	0.00783	0.00863	0.00522	0.00580	0.00905	0.01151	0.01514	0.09982	0.33478	0.11828	0.13098	0.01020	0.00270	0.00393	0.20648	0.00496	0.00458
37	0.01064	0.00919	0.04384	0.13703	0.03084	0.01978	0.06106	0.04521	0.05127	0.03298	0.07749	0.12169	0.05306	0.01005	0.00614	0.00195	0.00517	0.16645	0.11014	0.00604
38	0.01782	0.01601	0.01677	0.01662	0.15578	0.17222	0.03485	0.32288	0.05303	0.03958	0.01317	0.04127	0.01081	0.05590	0.00691	0.00188	0.00684	0.00536	0.00427	0.00805
39	0.35089	0.16631	0.05818	0.01348	0.09027	0.01402	0.12770	0.01656	0.01107	0.04353	0.01041	0.05627	0.00893	0.00573	0.00453	0.00166	0.00579	0.00462	0.00320	0.00686
40	0.05515	0.13859	0.14118	0.20959	0.02317	0.01289	0.09804	0.01844	0.01247	0.19514	0.01302	0.03701	0.00968	0.00590	0.00525	0.00170	0.00661	0.00504	0.00363	0.00750
41	0.01278	0.00864	0.01053	0.03306	0.05855	0.00887	0.00742	0.10335	0.12714	0.09910	0.25326	0.02754	0.07400	0.00856	0.00565	0.00168	0.00390	0.00726	0.14186	0.00688
42	0.00747	0.00558	0.01892	0.00746	0.00840	0.00485	0.00532	0.00870	0.01134	0.04070	0.05231	0.56442	0.19105	0.02733	0.00718	0.00218	0.00330	0.02355	0.00515	0.00477
43	0.08924	0.18984	0.12741	0.12615	0.06060	0.07444	0.12304	0.05376	0.03158	0.05912	0.01048	0.01243	0.00804	0.00532	0.00498	0.00162	0.00706	0.00441	0.00308	0.00739
44	0.01582	0.50949	0.02388	0.03972	0.01558	0.09550	0.00994	0.12380	0.01368	0.01658	0.00900	0.01045	0.00771	0.00551	0.00497	0.00138	0.05513	0.00358	0.03106	0.00721
45	0.01598	0.01196	0.01351	0.01003	0.01472	0.01113	0.00816	0.29363	0.01727	0.07426	0.01194	0.01265	0.00902	0.00524	0.00474	0.00120	0.00489	0.00408	0.00437	0.47121
46	0.02030	0.01398	0.01604	0.01412	0.08859	0.02910	0.01052	0.45814	0.09816	0.17010	0.01548	0.01507	0.01089	0.00659	0.00554	0.00169	0.00578	0.00519	0.00548	0.00923
47	0.00973	0.26034	0.06168	0.04471	0.01235	0.01087	0.00793	0.01142	0.01090	0.01400	0.02110	0.46647	0.02414	0.01208	0.00578	0.00186	0.00457	0.01049	0.00397	0.00563
48	0.00675	0.00494	0.00631	0.00739	0.00791	0.00454	0.00498	0.00775	0.01081	0.01417	0.03363	0.68430	0.13381	0.03511	0.00749	0.00227	0.00321	0.01503	0.00510	0.00450

[dist]
# distance from previous block
# <min> <max>
0	9

[block]
# block no. 2 follows, 43 sequences, length 31
# corresponding to MSA columns:
# 319-349
name=unknown_C
#
# <colnr> <probs for GDERKNQSTAVLIFYWHMCP>
#	G	D	E	R	K	N	Q	S	T	A	V	L	I	F	Y	W	H	M	C	P
0	0.01481	0.80869	0.02902	0.00948	0.01421	0.02191	0.00948	0.01658	0.01125	0.01303	0.00770	0.00888	0.00711	0.00474	0.00355	0.00118	0.00592	0.00296	0.00237	0.00711
1	0.00680	0.00492	0.00633	0.00743	0.00788	0.00456	0.00496	0.00775	0.01066	0.01404	0.03219	0.69353	0.10285	0.05784	0.00811	0.00238	0.00329	0.01497	0.00505	0.00446
2	0.01410	0.01292	0.02126	0.03113	0.67711	0.01304	0.01596	0.01845	0.07956	0.04467	0.01190	0.01451	0.00967	0.00523	0.00550	0.00167	0.00632	0.00508	0.00314	0.00879
3	0.01473	0.02743	0.01230	0.04436	0.08580	0.04140	0.00854	0.06091	0.25043	0.12911	0.01996	0.02001	0.05049	0.00698	0.00516	0.00165	0.00461	0.00574	0.20280	0.00760
4	0.00952	0.00823	0.01170	0.01078	0.01130	0.01060	0.00857	0.01103	0.00866	0.01284	0.01220	0.01942	0.01192	0.09944	0.42345	0.00612	0.31048	0.00572	0.00280	0.00522
5	0.01755	0.01738	0.01816	0.02094	0.29702	0.23202	0.01282	0.20624	0.08546	0.02154	0.01173	0.01319	0.00922	0.00582	0.00537	0.00161	0.00722	0.00468	0.00375	0.00827
6	0.00797	0.00570	0.00770	0.00770	0.00827	0.00627	0.00542	0.00912	0.00854	0.01196	0.01594	0.02786	0.01650	0.36338	0.46520	0.00741	0.01085	0.00683	0.00313	0.00428
7	0.00793	0.00588	0.00861	0.00861	0.00950	0.00677	0.00656	0.00970	0.00882	0.01264	0.01510	0.02322	0.01448	0.11849	0.70733	0.00854	0.01388	0.00615	0.00301	0.00478
8	0.00869	0.00707	0.01039	0.00994	0.01075	0.00878	0.00788	0.01052	0.00882	0.01294	0.01344	0.01998	0.01263	0.03566	0.64218	0.00771	0.15886	0.00573	0.00287	0.00515
9	0.00962	0.00481	0.00722	0.00722	0.00722	0.00481	0.00481	0.00722	0.00722	0.00962	0.00962	0.01684	0.00962	0.01924	0.02165	0.83886	0.00481	0.00481	0.00241	0.00241
10	0.00805	0.00537	0.00604	0.00604	0.00604	0.00537	0.00336	0.00805	0.00805	0.01074	0.01745	0.03624	0.02013	0.80536	0.02819	0.00537	0.00537	0.00805	0.00336	0.00336
11	0.12638	0.00958	0.01227	0.00954	0.01371	0.00867	0.00787	0.02566	0.01506	0.68177	0.02010	0.01763	0.01275	0.00664	0.00530	0.00171	0.00466	0.00525	0.00643	0.00900
12	0.00804	0.00542	0.00630	0.00630	0.00639	0.00551	0.00368	0.00822	0.00813	0.01093	0.01721	0.03492	0.01956	0.73536	0.09740	0.00569	0.00624	0.00786	0.00332	0.00350
13	0.01138	0.00971	0.01132	0.00824	0.01293	0.00749	0.00657	0.01428	0.03622	0.01842	0.04744	0.01325	0.01065	0.00457	0.00427	0.00090	0.00404	0.00371	0.00350	0.77113
14	0.01528	0.00708	0.00838	0.00719	0.00960	0.00671	0.00568	0.05347	0.01403	0.26279	0.08445	0.02152	0.01713	0.00702	0.00473	0.00148	0.00344	0.00571	0.45758	0.00674
15	0.01246	0.00976	0.01150	0.00845	0.01307	0.00763	0.00673	0.04076	0.01224	0.06827	0.01183	0.05294	0.01008	0.00506	0.00440	0.00098	0.00417	0.00414	0.00369	0.71183
16	0.01135	0.00820	0.00979	0.04963	0.01240	0.00861	0.00720	0.08306	0.19412	0.07760	0.02743	0.37539	0.08801	0.01228	0.00634	0.00201	0.00406	0.01077	0.00529	0.00647
17	0.01358	0.17215	0.25457	0.01249	0.01750	0.04725	0.01270	0.04624	0.31207	0.01930	0.01497	0.01569	0.01155	0.00632	0.00512	0.00169	0.00617	0.01868	0.00384	0.00812
18	0.01122	0.00848	0.01019	0.00834	0.01170	0.00702	0.00639	0.05228	0.01248	0.06111	0.05582	0.23783	0.01893	0.00853	0.00523	0.00137	0.00391	0.00739	0.00428	0.46750
19	0.01188	0.00961	0.01007	0.00924	0.01174	0.03749	0.00709	0.02040	0.37705	0.06632	0.13159	0.07508	0.18968	0.00994	0.00602	0.00185	0.00395	0.00839	0.00553	0.00708
20	0.00885	0.00561	0.00758	0.00796	0.00882	0.00555	0.00564	0.01008	0.01040	0.08313	0.02484	0.42382	0.04478	0.11466	0.20669	0.00425	0.00655	0.01132	0.00454	0.00493
21	0.01454	0.01450	0.04314	0.06617	0.28677	0.10817	0.08433	0.13468	0.03025	0.01947	0.03502	0.01579	0.01086	0.03758	0.07222	0.00241	0.00778	0.00528	0.00339	0.00766
22	0.00887	0.01045	0.14446	0.01022	0.01251	0.00805	0.03187	0.01193	0.03811	0.01600	0.08523	0.26215	0.04896	0.01718	0.15082	0.00328	0.06016	0.02695	0.04710	0.00570
23	0.01250	0.16953	0.14950	0.05463	0.01902	0.05810	0.14900	0.04268	0.04932	0.01675	0.01614	0.07443	0.07997	0.00685	0.00535	0.00162	0.00655	0.00597	0.00329	0.07882
24	0.13678	0.09654	0.11155	0.01536	0.12278	0.10811	0.03139	0.17015	0.02807	0.04320	0.01052	0.01204	0.00817	0.00590	0.00585	0.00166	0.06405	0.00428	0.01589	0.00771
25	0.13766	0.07361	0.17155	0.01058	0.01541	0.01170	0.01027	0.10898	0.04041	0.12970	0.03873	0.04668	0.01150	0.00618	0.00485	0.00154	0.00537	0.00478	0.00409	0.16639
26	0.02626	0.01186	0.03966	0.03786	0.03517	0.03086	0.14224	0.13848	0.01579	0.12532	0.17531	0.01994	0.01856	0.00672	0.00563	0.00158	0.00559	0.00603	0.00459	0.15256
27	0.06990	0.01229	0.01878	0.01588	0.08723	0.01224	0.22010	0.12310	0.12223	0.07213	0.03185	0.04971	0.03770	0.00649	0.00566	0.00170	0.00608	0.00611	0.00421	0.09663
28	0.01212	0.01099	0.01572	0.05955	0.29014	0.03515	0.04203	0.08146	0.01348	0.01827	0.01986	0.12581	0.11478	0.00818	0.00576	0.00169	0.00550	0.02555	0.00376	0.11021
29	0.00968	0.00771	0.01088	0.02794	0.03825	0.00720	0.07285	0.03071	0.05430	0.04831	0.05237	0.34462	0.15646	0.01200	0.00631	0.00188	0.00418	0.01078	0.00472	0.09886
30	0.01496	0.01191	0.01489	0.09811	0.10969	0.01283	0.01974	0.25613	0.16512	0.04315	0.05936	0.04458	0.04069	0.00739	0.00567	0.00173	0.00541	0.02445	0.00474	0.05945

[dist]
# distance from previous block
# <min> <max>
11	19

[block]
# block no. 3 follows, 43 sequences, length 13
# corresponding to MSA columns:
# 371-383
name=unknown_D
#
# <colnr> <probs for GDERKNQSTAVLIFYWHMCP>
#	G	D	E	R	K	N	Q	S	T	A	V	L	I	F	Y	W	H	M	C	P
0	0.01220	0.01366	0.14297	0.04910	0.11768	0.02506	0.07862	0.12596	0.04339	0.01908	0.01622	0.20310	0.01566	0.01015	0.03791	0.02290	0.00640	0.00752	0.00381	0.04861
1	0.04596	0.11858	0.01874	0.07608	0.05413	0.07256	0.14108	0.05147	0.01294	0.06938	0.01199	0.06418	0.01018	0.00578	0.00505	0.00145	0.00620	0.00509	0.00343	0.22573
2	0.12937	0.01300	0.07863	0.01166	0.01543	0.06250	0.07826	0.06908	0.13068	0.12930	0.04815	0.02358	0.04777	0.00777	0.00560	0.00182	0.00564	0.09946	0.00461	0.03769
3	0.05137	0.03389	0.21590	0.08681	0.05044	0.01114	0.13120	0.01604	0.02691	0.06675	0.01533	0.09450	0.04907	0.00694	0.00582	0.00173	0.02528	0.00613	0.00339	0.10137
4	0.01503	0.01294	0.01626	0.01620	0.15273	0.11764	0.10381	0.13821	0.01511	0.09442	0.03529	0.13416	0.05099	0.06282	0.00743	0.00201	0.00628	0.00727	0.00423	0.00717
5	0.01201	0.08998	0.19150	0.06870	0.02202	0.01261	0.24494	0.02734	0.04787	0.01767	0.05279	0.04531	0.01177	0.00580	0.00552	0.00163	0.00699	0.00559	0.00315	0.12683
6	0.01750	0.05009	0.01425	0.01180	0.01501	0.41431	0.00909	0.08806	0.01528	0.06180	0.01389	0.08466	0.04156	0.00698	0.00514	0.00146	0.00734	0.00519	0.00369	0.13290
7	0.00797	0.00539	0.00627	0.00631	0.00645	0.00538	0.00372	0.00827	0.00872	0.01175	0.06719	0.07416	0.02279	0.68083	0.05848	0.00513	0.00549	0.00847	0.00361	0.00360
8	0.00820	0.00536	0.00598	0.00598	0.00607	0.00536	0.00339	0.00837	0.00829	0.01139	0.01749	0.03522	0.01975	0.75312	0.02660	0.00510	0.00519	0.00786	0.05781	0.00347
9	0.00698	0.00549	0.00626	0.00646	0.00783	0.00484	0.00472	0.00853	0.01268	0.01615	0.19203	0.19438	0.43039	0.04451	0.00751	0.00207	0.00302	0.03618	0.00526	0.00472
10	0.00767	0.00538	0.00718	0.00760	0.00842	0.00544	0.00551	0.00936	0.01109	0.01570	0.15053	0.31555	0.05400	0.04927	0.22715	0.00406	0.00644	0.02283	0.08203	0.00479
11	0.01254	0.06543	0.04923	0.01841	0.19088	0.08491	0.09555	0.01507	0.01104	0.01499	0.01048	0.01465	0.00926	0.01466	0.19159	0.00351	0.18329	0.00504	0.00270	0.00677
12	0.01885	0.01163	0.05522	0.01262	0.08564	0.01048	0.00968	0.16014	0.06052	0.34637	0.11851	0.01976	0.01722	0.00708	0.00561	0.00168	0.00501	0.00587	0.00565	0.04245

[dist]
# distance from previous block
# <min> <max>
11	23

[block]
# block no. 4 follows, 43 sequences, length 19
# corresponding to MSA columns:
# 407-425
name=unknown_E
#
# <colnr> <probs for GDERKNQSTAVLIFYWHMCP>
#	G	D	E	R	K	N	Q	S	T	A	V	L	I	F	Y	W	H	M	C	P
0	0.01845	0.05183	0.03835	0.01421	0.05960	0.39995	0.02417	0.12130	0.10600	0.05317	0.01212	0.01344	0.00957	0.02981	0.00585	0.00166	0.00783	0.00447	0.02087	0.00737
1	0.00907	0.03174	0.00869	0.00827	0.03088	0.00665	0.02588	0.03797	0.01016	0.02871	0.04086	0.23251	0.02370	0.45932	0.01869	0.00390	0.00491	0.00965	0.00399	0.00446
2	0.01377	0.17382	0.10461	0.17455	0.12356	0.03660	0.01245	0.10040	0.01359	0.06379	0.02991	0.10375	0.01244	0.00696	0.00528	0.00168	0.00625	0.00579	0.00349	0.00731
3	0.04810	0.16340	0.35798	0.01348	0.04927	0.01387	0.01426	0.06033	0.05452	0.12733	0.02758	0.01338	0.00965	0.00569	0.00498	0.00163	0.00655	0.00437	0.00351	0.02012
4	0.01262	0.01545	0.19654	0.01619	0.12958	0.04750	0.10408	0.05994	0.05162	0.05949	0.11110	0.05415	0.07898	0.00773	0.00591	0.00179	0.00624	0.02976	0.00398	0.00736
5	0.01597	0.26403	0.09494	0.04536	0.01944	0.29118	0.12851	0.01863	0.01317	0.01464	0.00895	0.01085	0.00737	0.00513	0.00481	0.00145	0.00812	0.00394	0.00265	0.04086
6	0.01095	0.00692	0.00867	0.00846	0.01006	0.00671	0.00637	0.09739	0.01423	0.10502	0.16525	0.36420	0.06265	0.01318	0.00656	0.00201	0.00373	0.07325	0.02856	0.00584
7	0.01410	0.22167	0.35013	0.01491	0.02110	0.07209	0.13845	0.01837	0.01242	0.07233	0.01037	0.01193	0.00778	0.00518	0.00505	0.00160	0.00768	0.00429	0.00280	0.00775
8	0.01375	0.16283	0.14080	0.01381	0.05606	0.15437	0.02176	0.01612	0.01149	0.03280	0.01148	0.04935	0.02891	0.03006	0.04006	0.00216	0.19969	0.00499	0.00285	0.00668
9	0.00848	0.00659	0.00796	0.00791	0.00940	0.00683	0.00598	0.01239	0.12834	0.01657	0.11307	0.12606	0.20831	0.04048	0.21588	0.00388	0.00644	0.03032	0.03969	0.00543
10	0.00778	0.00590	0.00859	0.00859	0.00966	0.00671	0.00666	0.00971	0.00925	0.01306	0.01875	0.02475	0.08553	0.03892	0.70963	0.00823	0.01369	0.00648	0.00317	0.00492
11	0.00794	0.00546	0.00642	0.00642	0.00668	0.00555	0.00392	0.00831	0.00845	0.01130	0.01943	0.03521	0.06479	0.64789	0.13495	0.00566	0.00657	0.00797	0.00341	0.00366
12	0.18563	0.00693	0.00667	0.00616	0.00820	0.00725	0.00482	0.03693	0.01189	0.07483	0.01603	0.01787	0.01231	0.00621	0.00395	0.00142	0.00319	0.00473	0.57920	0.00576
13	0.00812	0.00542	0.00622	0.00620	0.00656	0.00541	0.00381	0.00869	0.00908	0.01254	0.05766	0.03529	0.06902	0.59457	0.07859	0.00489	0.00553	0.00800	0.07061	0.00380
14	0.01776	0.01035	0.05829	0.00994	0.01339	0.00914	0.00839	0.12456	0.01466	0.35838	0.01756	0.01987	0.01323	0.10495	0.15662	0.00346	0.00711	0.00566	0.00510	0.04158
15	0.01457	0.75846	0.07717	0.00988	0.01484	0.02133	0.01018	0.01665	0.01128	0.01332	0.00784	0.00907	0.00710	0.00477	0.00366	0.00122	0.00607	0.00303	0.00237	0.00718
16	0.01243	0.01112	0.01184	0.05656	0.01458	0.08704	0.00750	0.01539	0.04222	0.04054	0.09764	0.01555	0.01361	0.00540	0.00466	0.00112	0.00476	0.00437	0.00371	0.54995
17	0.02028	0.01462	0.01577	0.01223	0.01649	0.01604	0.01006	0.64715	0.06470	0.07080	0.01593	0.01556	0.04015	0.00700	0.00559	0.00168	0.00580	0.00535	0.00560	0.00920
18	0.13492	0.05339	0.49394	0.01306	0.01953	0.01235	0.01549	0.03824	0.01225	0.06798	0.05651	0.01349	0.01016	0.00570	0.00500	0.00169	0.00678	0.00434	0.00314	0.03204

[dist]
# distance from previous block
# <min> <max>
2	28

[block]
# block no. 5 follows, 43 sequences, length 17
# corresponding to MSA columns:
# 460-476
name=unknown_F
#
# <colnr> <probs for GDERKNQSTAVLIFYWHMCP>
#	G	D	E	R	K	N	Q	S	T	A	V	L	I	F	Y	W	H	M	C	P
0	0.01416	0.01421	0.02295	0.10433	0.47187	0.06781	0.14802	0.05624	0.01347	0.01821	0.01052	0.01375	0.00849	0.00509	0.00565	0.00169	0.00737	0.00513	0.00288	0.00815
1	0.10361	0.05061	0.05200	0.03127	0.03447	0.01255	0.11350	0.08333	0.22044	0.07901	0.05512	0.03358	0.01376	0.00647	0.00532	0.00168	0.00547	0.00558	0.00441	0.08780
2	0.00888	0.00661	0.00762	0.00759	0.00927	0.00635	0.00566	0.01263	0.12878	0.05398	0.14556	0.23425	0.29981	0.01316	0.00653	0.00197	0.00330	0.03703	0.00544	0.00559
3	0.01386	0.01417	0.02165	0.12278	0.48252	0.09330	0.09738	0.01712	0.01274	0.01709	0.01021	0.01348	0.00836	0.00502	0.00549	0.00163	0.00722	0.00489	0.00275	0.04833
4	0.00904	0.00568	0.00703	0.00760	0.04696	0.00564	0.00457	0.00960	0.00956	0.01398	0.08196	0.02931	0.01952	0.40830	0.01911	0.13332	0.00454	0.00697	0.17329	0.00403
5	0.00672	0.00523	0.00613	0.00683	0.00789	0.00464	0.00483	0.00794	0.01160	0.01460	0.04226	0.43355	0.37325	0.01576	0.00685	0.00208	0.00309	0.03701	0.00514	0.00460
6	0.32641	0.01041	0.01249	0.30794	0.02193	0.01201	0.01011	0.08225	0.01232	0.09978	0.01100	0.01317	0.00803	0.00567	0.00467	0.00174	0.00559	0.00428	0.04352	0.00668
7	0.00705	0.00532	0.00651	0.00687	0.00795	0.00479	0.00490	0.00867	0.01284	0.01701	0.27886	0.33834	0.25190	0.01443	0.00674	0.00197	0.00290	0.01271	0.00545	0.00479
8	0.01147	0.01064	0.01481	0.49341	0.02853	0.04854	0.01273	0.01694	0.14596	0.01599	0.01266	0.01617	0.00980	0.00807	0.04757	0.00221	0.04405	0.00516	0.04878	0.00651
9	0.19990	0.01006	0.01325	0.04864	0.05463	0.05232	0.10856	0.01353	0.01060	0.01699	0.05253	0.06005	0.01399	0.09676	0.18822	0.00382	0.04107	0.00603	0.00331	0.00574
10	0.05713	0.27371	0.06059	0.01361	0.09558	0.13542	0.01080	0.11358	0.05048	0.12243	0.01161	0.01222	0.00890	0.00562	0.00470	0.00149	0.00645	0.00410	0.00371	0.00788
11	0.06092	0.01472	0.05728	0.05682	0.05945	0.10438	0.17944	0.06891	0.18384	0.09555	0.01522	0.05309	0.01190	0.00651	0.00567	0.00178	0.00673	0.00587	0.00414	0.00778
12	0.01513	0.01284	0.02090	0.01830	0.13308	0.01305	0.23702	0.12590	0.05450	0.10305	0.01476	0.01649	0.04543	0.00633	0.00714	0.00177	0.09184	0.00575	0.00390	0.07283
13	0.07789	0.01194	0.01268	0.07988	0.01603	0.13792	0.03850	0.06250	0.07071	0.10856	0.05851	0.04650	0.01922	0.00936	0.00606	0.00196	0.00601	0.22454	0.00461	0.00662
14	0.03717	0.03280	0.28704	0.05285	0.07947	0.03948	0.10327	0.12067	0.11965	0.04498	0.01257	0.01392	0.00926	0.00580	0.00562	0.00175	0.01706	0.00491	0.00353	0.00818
15	0.00742	0.00539	0.00662	0.00712	0.00811	0.00495	0.00505	0.00885	0.01158	0.01565	0.11721	0.39779	0.17682	0.05867	0.02928	0.00238	0.00358	0.04327	0.05767	0.03260
16	0.08560	0.24768	0.07179	0.01395	0.01823	0.05576	0.18680	0.08594	0.04052	0.01837	0.04619	0.01326	0.01007	0.00588	0.00614	0.00165	0.07700	0.00474	0.00319	0.00723

[dist]
# distance from previous block
# <min> <max>
0	3

[block]
# block no. 6 follows, 43 sequences, length 10
# corresponding to MSA columns:
# 480-489
name=unknown_G
#
# <colnr> <probs for GDERKNQSTAVLIFYWHMCP>
#	G	D	E	R	K	N	Q	S	T	A	V	L	I	F	Y	W	H	M	C	P
0	0.00838	0.00582	0.00730	0.00770	0.00909	0.00533	0.00598	0.01018	0.01278	0.05785	0.14540	0.23686	0.25801	0.01438	0.00689	0.00211	0.00355	0.19195	0.00537	0.00508
1	0.01085	0.00790	0.00943	0.03623	0.01058	0.03395	0.00649	0.05267	0.11860	0.01411	0.01555	0.02209	0.05087	0.14988	0.06365	0.33733	0.04585	0.00596	0.00340	0.00460
2	0.01075	0.01124	0.05469	0.01290	0.06992	0.04283	0.11062	0.01594	0.16007	0.01797	0.11160	0.03060	0.25754	0.00938	0.00690	0.00185	0.05616	0.00803	0.00442	0.00658
3	0.00959	0.00688	0.00854	0.00797	0.00952	0.00704	0.00607	0.01305	0.09229	0.06466	0.34325	0.07932	0.14173	0.04155	0.06893	0.00252	0.05246	0.00907	0.02984	0.00569
4	0.00940	0.09543	0.05942	0.08328	0.05972	0.00911	0.04348	0.02680	0.02725	0.01575	0.05854	0.30164	0.16584	0.01148	0.00613	0.00190	0.00467	0.01012	0.00422	0.00581
5	0.01129	0.01091	0.01909	0.01444	0.01869	0.00959	0.30403	0.01448	0.01218	0.01732	0.01500	0.10476	0.01425	0.00713	0.00583	0.00160	0.00622	0.09491	0.00351	0.31474
6	0.08394	0.01378	0.04339	0.01771	0.18329	0.03370	0.10663	0.16318	0.13970	0.08829	0.01377	0.01470	0.01027	0.00583	0.00539	0.00167	0.00612	0.00510	0.00421	0.05933
7	0.05505	0.03602	0.36377	0.01480	0.03933	0.03554	0.05434	0.01854	0.09536	0.06123	0.01164	0.01348	0.00884	0.00741	0.03145	0.00208	0.13571	0.00466	0.00311	0.00767
8	0.05786	0.07357	0.02909	0.01110	0.06740	0.00963	0.03537	0.03254	0.06954	0.18987	0.21364	0.06620	0.04634	0.00815	0.00558	0.00166	0.00444	0.00697	0.00506	0.06597
9	0.05467	0.05830	0.01138	0.00990	0.05475	0.03838	0.00725	0.11121	0.08980	0.02119	0.11881	0.04407	0.01796	0.02024	0.04517	0.01966	0.00484	0.00589	0.20959	0.05694

[dist]
# distance from previous block
# <min> <max>
3	6

[block]
# block no. 7 follows, 43 sequences, length 22
# corresponding to MSA columns:
# 500-521
name=unknown_H
#
# <colnr> <probs for GDERKNQSTAVLIFYWHMCP>
#	G	D	E	R	K	N	Q	S	T	A	V	L	I	F	Y	W	H	M	C	P
0	0.01178	0.13802	0.16571	0.01289	0.03212	0.05537	0.11729	0.05112	0.01262	0.03183	0.01920	0.24244	0.06810	0.00930	0.00580	0.00181	0.00609	0.00821	0.00370	0.00661
1	0.01069	0.00963	0.06218	0.01023	0.05353	0.00867	0.00795	0.11781	0.09557	0.02100	0.20625	0.11084	0.17315	0.01058	0.00614	0.00183	0.00411	0.04154	0.04187	0.00641
2	0.01423	0.06856	0.02025	0.04087	0.33988	0.12081	0.09495	0.06361	0.01383	0.01806	0.05587	0.06043	0.01255	0.00618	0.00549	0.00162	0.00676	0.00564	0.00327	0.04712
3	0.00890	0.00508	0.00678	0.00678	0.00682	0.00512	0.00427	0.00766	0.00763	0.01020	0.01309	0.02515	0.01418	0.34969	0.05118	0.46015	0.00540	0.00621	0.00282	0.00289
4	0.01195	0.00715	0.00898	0.00795	0.01013	0.00676	0.00616	0.01586	0.10005	0.17822	0.47448	0.03524	0.09428	0.01017	0.00623	0.00176	0.00326	0.00879	0.00613	0.00646
5	0.84448	0.01071	0.00814	0.00728	0.01071	0.01242	0.00600	0.01628	0.00943	0.02485	0.00771	0.00900	0.00600	0.00514	0.00343	0.00171	0.00428	0.00300	0.00343	0.00600
6	0.00962	0.00481	0.00722	0.00722	0.00722	0.00481	0.00481	0.00722	0.00722	0.00962	0.00962	0.01684	0.00962	0.01924	0.02165	0.83886	0.00481	0.00481	0.00241	0.00241
7	0.01128	0.02747	0.71280	0.01643	0.02440	0.01296	0.08315	0.01756	0.01181	0.01756	0.01005	0.01197	0.00713	0.00521	0.00537	0.00176	0.00828	0.00430	0.00238	0.00812
8	0.01369	0.00905	0.01124	0.07228	0.01420	0.00884	0.00776	0.12450	0.06548	0.14935	0.06040	0.23637	0.02038	0.02256	0.00614	0.00178	0.00448	0.00818	0.00500	0.15833
9	0.01950	0.18470	0.01839	0.01330	0.01653	0.62909	0.01045	0.02100	0.01480	0.01345	0.00839	0.00976	0.00713	0.00551	0.00470	0.00138	0.00916	0.00344	0.00276	0.00656
10	0.05973	0.11666	0.18329	0.14717	0.25335	0.07464	0.03704	0.01722	0.01215	0.03487	0.00988	0.01245	0.00778	0.00519	0.00508	0.00164	0.00715	0.00435	0.00271	0.00765
11	0.01860	0.02235	0.01806	0.01631	0.06280	0.53757	0.10272	0.04785	0.06624	0.01576	0.01008	0.01174	0.00814	0.00582	0.00570	0.00157	0.03434	0.00429	0.00311	0.00695
12	0.65755	0.01225	0.01089	0.00974	0.03511	0.07581	0.05052	0.01746	0.01061	0.06498	0.00885	0.01012	0.00674	0.00525	0.00392	0.00170	0.00514	0.00345	0.00351	0.00639
13	0.01321	0.01265	0.02158	0.15087	0.65785	0.01303	0.01675	0.01656	0.01237	0.01749	0.01033	0.01387	0.00856	0.00503	0.00549	0.00168	0.00670	0.00493	0.00270	0.00837
14	0.00836	0.00619	0.00874	0.00920	0.01044	0.00643	0.00743	0.01045	0.01074	0.01474	0.02208	0.13710	0.02331	0.02624	0.34249	0.00515	0.00900	0.28394	0.00408	0.05389
15	0.32633	0.00816	0.00914	0.00845	0.01079	0.00847	0.04949	0.01332	0.01128	0.07119	0.06999	0.24148	0.08505	0.01031	0.00545	0.00192	0.00408	0.04115	0.01827	0.00568
16	0.01148	0.00984	0.01148	0.00820	0.01312	0.00738	0.00656	0.01395	0.01148	0.01805	0.00984	0.01148	0.00820	0.00410	0.00410	0.00082	0.00410	0.00328	0.00328	0.83922
17	0.01154	0.01072	0.01774	0.69017	0.12919	0.01275	0.01578	0.01496	0.01169	0.01528	0.01059	0.01553	0.00820	0.00591	0.00581	0.00194	0.00748	0.00514	0.00273	0.00683
18	0.00854	0.00668	0.00802	0.00870	0.00986	0.03930	0.00691	0.01054	0.01285	0.01672	0.17528	0.20747	0.10031	0.03887	0.00773	0.00231	0.00424	0.32555	0.00516	0.00497
19	0.01594	0.00880	0.01092	0.00915	0.01206	0.00860	0.00726	0.08594	0.12677	0.29022	0.32534	0.02780	0.02951	0.00875	0.00597	0.00174	0.00393	0.00743	0.00625	0.00762
20	0.01717	0.03983	0.01520	0.01183	0.01529	0.09763	0.06699	0.35131	0.04587	0.05941	0.01538	0.08227	0.01256	0.00726	0.00537	0.00164	0.00585	0.00591	0.13550	0.00775
21	0.00813	0.00581	0.00799	0.00915	0.01011	0.00567	0.00742	0.01016	0.01224	0.01615	0.08019	0.30619	0.03484	0.01571	0.00738	0.00239	0.00430	0.44607	0.00518	0.00491

[dist]
# distance from previous block
# <min> <max>
1	10

[block]
# block no. 8 follows, 43 sequences, length 79
# corresponding to MSA columns:
# 532-578,599-630
name=unknown_I
#
# <colnr> <probs for GDERKNQSTAVLIFYWHMCP>
#	G	D	E	R	K	N	Q	S	T	A	V	L	I	F	Y	W	H	M	C	P
0	0.03524	0.07817	0.61809	0.01583	0.03806	0.01336	0.07173	0.01728	0.01181	0.01758	0.02741	0.01239	0.00818	0.00531	0.00522	0.00172	0.00784	0.00432	0.00250	0.00794
1	0.01857	0.02271	0.07088	0.05170	0.01832	0.50508	0.01165	0.10859	0.04535	0.01680	0.00974	0.01134	0.00781	0.00618	0.00621	0.00160	0.07327	0.00405	0.00319	0.00696
2	0.08063	0.01207	0.01370	0.01076	0.01465	0.01256	0.00876	0.37529	0.01962	0.28528	0.01647	0.01772	0.01195	0.07211	0.00729	0.00200	0.00541	0.01947	0.00565	0.00859
