[name]
unknown

[dist]
# distance from previous block
# <min> <max>
11	156

[block]
# block no. 0 follows, 51 sequences, length 106
# corresponding to MSA columns:
# 170-275
name=unknown_A
#
# <colnr> <probs for GDERKNQSTAVLIFYWHMCP>
#	G	D	E	R	K	N	Q	S	T	A	V	L	I	F	Y	W	H	M	C	P
0	0.00686	0.00498	0.00665	0.00677	0.00738	0.00533	0.00481	0.00793	0.00808	0.01109	0.01822	0.11016	0.07758	0.27689	0.41863	0.00582	0.00864	0.00716	0.00309	0.00389
1	0.00666	0.00501	0.00615	0.00587	0.00716	0.00451	0.00440	0.00869	0.01320	0.01803	0.59973	0.03947	0.24173	0.01067	0.00580	0.00158	0.00236	0.00927	0.00519	0.00451
2	0.01868	0.01376	0.01475	0.01131	0.01524	0.01524	0.00934	0.78025	0.02311	0.03097	0.01180	0.01180	0.00836	0.00590	0.00492	0.00147	0.00541	0.00442	0.00492	0.00836
3	0.01567	0.01224	0.01694	0.03669	0.38508	0.01283	0.01198	0.34236	0.01648	0.08453	0.01113	0.01239	0.00835	0.00517	0.00489	0.00147	0.00554	0.00444	0.00378	0.00803
4	0.01372	0.71332	0.02407	0.00903	0.01293	0.11542	0.00859	0.01525	0.01041	0.01162	0.00692	0.00807	0.00631	0.00441	0.00360	0.00110	0.02412	0.00273	0.00216	0.00621
5	0.00977	0.00924	0.01563	0.68144	0.16404	0.01105	0.01389	0.01299	0.01006	0.01315	0.00882	0.01294	0.00676	0.00482	0.00490	0.00161	0.00643	0.00437	0.00223	0.00586
6	0.19060	0.15404	0.23413	0.02300	0.01484	0.01195	0.01032	0.08045	0.01183	0.19382	0.02506	0.01153	0.00830	0.00509	0.00418	0.00145	0.00525	0.00373	0.00348	0.00696
7	0.01043	0.00826	0.06488	0.00755	0.01055	0.00632	0.00637	0.01317	0.04962	0.13556	0.18134	0.10307	0.11807	0.00785	0.00496	0.00137	0.00349	0.00669	0.00433	0.25614
8	0.00928	0.00873	0.01474	0.81548	0.03385	0.01092	0.01365	0.01256	0.00983	0.01256	0.00873	0.01310	0.00655	0.00491	0.00491	0.00164	0.00655	0.00437	0.00218	0.00546
9	0.00637	0.00501	0.00577	0.00572	0.00711	0.00441	0.00433	0.00807	0.01219	0.01581	0.33529	0.06976	0.43962	0.01168	0.00587	0.00166	0.00254	0.04954	0.00489	0.00435
10	0.01174	0.13219	0.27703	0.10910	0.17126	0.02392	0.05370	0.01528	0.01090	0.08262	0.01206	0.01362	0.05524	0.00515	0.00467	0.00148	0.00614	0.00435	0.00269	0.00687
11	0.01894	0.07734	0.01423	0.01144	0.08519	0.00961	0.02864	0.02088	0.01271	0.55901	0.01580	0.01485	0.01055	0.00598	0.00598	0.00155	0.08996	0.00465	0.00491	0.00778
12	0.00581	0.00498	0.00498	0.00498	0.00664	0.00415	0.00373	0.00705	0.01120	0.01328	0.04978	0.04729	0.79464	0.01245	0.00581	0.00166	0.00249	0.01037	0.00456	0.00415
13	0.37483	0.00829	0.00792	0.00679	0.00948	0.00892	0.00550	0.09920	0.01149	0.14746	0.01220	0.01295	0.00897	0.00531	0.00367	0.00140	0.00358	0.00381	0.26231	0.00592
14	0.01114	0.21514	0.16990	0.01709	0.28294	0.01261	0.03220	0.01473	0.05867	0.01470	0.01253	0.08313	0.04331	0.00583	0.00460	0.00145	0.00551	0.00500	0.00272	0.00680
15	0.00949	0.01646	0.38979	0.01284	0.04739	0.01005	0.07652	0.01394	0.04157	0.01656	0.22002	0.01810	0.01753	0.00650	0.00614	0.00162	0.08057	0.00539	0.00314	0.00637
16	0.00608	0.00431	0.00568	0.00673	0.00699	0.00405	0.00444	0.00687	0.00923	0.01231	0.02618	0.76207	0.03136	0.07897	0.00774	0.00221	0.00300	0.01344	0.00444	0.00391
17	0.03237	0.01103	0.01221	0.01000	0.03033	0.08685	0.00791	0.22184	0.01628	0.41863	0.08738	0.01627	0.01355	0.00624	0.00493	0.00148	0.00482	0.00495	0.00524	0.00770
18	0.03604	0.01324	0.01513	0.03004	0.01598	0.03143	0.06954	0.55486	0.13713	0.02717	0.01262	0.01278	0.00914	0.00581	0.00495	0.00152	0.00547	0.00464	0.00458	0.00794
19	0.71806	0.01023	0.00851	0.00729	0.01048	0.01174	0.00601	0.14516	0.01088	0.02357	0.00769	0.00863	0.00584	0.00479	0.00336	0.00151	0.00408	0.00296	0.00336	0.00584
20	0.01427	0.11311	0.06018	0.01903	0.29703	0.30690	0.07176	0.01662	0.01201	0.01391	0.00877	0.02791	0.00750	0.00485	0.00460	0.00137	0.00709	0.00400	0.00246	0.00664
21	0.00702	0.00527	0.00790	0.00790	0.00878	0.00614	0.00614	0.00878	0.00790	0.01141	0.01316	0.01931	0.01229	0.03686	0.80782	0.00790	0.01316	0.00527	0.00263	0.00439
22	0.01314	0.83025	0.02575	0.00841	0.01261	0.01945	0.00841	0.01472	0.00999	0.01156	0.00683	0.00788	0.00631	0.00420	0.00315	0.00105	0.00526	0.00263	0.00210	0.00631
23	0.00604	0.00499	0.00530	0.00522	0.00678	0.00425	0.00392	0.00750	0.01175	0.01459	0.20134	0.04514	0.64227	0.01196	0.00581	0.00164	0.00245	0.01007	0.00474	0.00425
24	0.00676	0.00502	0.00630	0.00598	0.00722	0.00455	0.00448	0.00889	0.01345	0.01861	0.66701	0.03852	0.17409	0.01046	0.00580	0.00157	0.00235	0.00914	0.00527	0.00455
25	0.01868	0.01376	0.01475	0.01131	0.01524	0.01524	0.00934	0.78025	0.02311	0.03097	0.01180	0.01180	0.00836	0.00590	0.00492	0.00147	0.00541	0.00442	0.00492	0.00836
26	0.00599	0.00428	0.00570	0.00684	0.00713	0.00399	0.00456	0.00684	0.00941	0.01254	0.02709	0.82409	0.03250	0.01540	0.00627	0.00200	0.00285	0.01397	0.00456	0.00399
27	0.01160	0.01326	0.02900	0.02071	0.02568	0.01243	0.77879	0.01574	0.01160	0.01574	0.00994	0.01326	0.00746	0.00414	0.00580	0.00166	0.00829	0.00580	0.00249	0.00663
28	0.00986	0.02542	0.80183	0.01401	0.02127	0.01141	0.01816	0.01556	0.01038	0.01556	0.00882	0.01038	0.00623	0.00467	0.00467	0.00156	0.00726	0.00363	0.00208	0.00726
29	0.00696	0.00502	0.00657	0.00618	0.00734	0.00464	0.00464	0.00927	0.01391	0.01971	0.79405	0.03671	0.04637	0.01005	0.00580	0.00155	0.00232	0.00889	0.00541	0.00464
30	0.00854	0.00427	0.00640	0.00640	0.00640	0.00427	0.00427	0.00640	0.00640	0.00854	0.00854	0.01494	0.00854	0.01707	0.01921	0.85702	0.00427	0.00427	0.00213	0.00213
31	0.01846	0.01257	0.01382	0.01076	0.01454	0.01366	0.00884	0.57735	0.10959	0.14797	0.01391	0.01331	0.00971	0.00602	0.00493	0.00150	0.00504	0.00463	0.00511	0.00829
32	0.01108	0.15044	0.33248	0.08489	0.02234	0.02682	0.27335	0.01530	0.01074	0.01465	0.00885	0.01116	0.00669	0.00444	0.00482	0.00151	0.00725	0.00426	0.00224	0.00671
33	0.03986	0.01224	0.02979	0.01545	0.12491	0.07779	0.18296	0.18245	0.01320	0.03134	0.01078	0.03154	0.00892	0.01086	0.14291	0.00266	0.06774	0.00491	0.00314	0.00656
34	0.01314	0.83025	0.02575	0.00841	0.01261	0.01945	0.00841	0.01472	0.00999	0.01156	0.00683	0.00788	0.00631	0.00420	0.00315	0.00105	0.00526	0.00263	0.00210	0.00631
35	0.01274	0.00921	0.01072	0.00909	0.01139	0.01025	0.00726	0.37460	0.01528	0.02118	0.01289	0.01634	0.01075	0.06131	0.31603	0.00410	0.00810	0.00491	0.07766	0.00621
36	0.01044	0.01700	0.35328	0.08225	0.03926	0.01088	0.27358	0.01486	0.01111	0.03634	0.07163	0.03518	0.01070	0.00525	0.00521	0.00160	0.00693	0.00516	0.00266	0.00665
37	0.00966	0.02365	0.01402	0.10489	0.16188	0.00930	0.11019	0.02734	0.09419	0.01479	0.01614	0.11728	0.06167	0.02627	0.14250	0.00275	0.01978	0.00642	0.03142	0.00585
38	0.00596	0.00440	0.00558	0.00652	0.00704	0.00402	0.00442	0.00688	0.00971	0.01267	0.03096	0.69150	0.16259	0.01489	0.00619	0.00194	0.00279	0.01336	0.00456	0.00402
39	0.01146	0.01198	0.02345	0.14409	0.31620	0.01192	0.37686	0.01501	0.01118	0.01538	0.00950	0.01282	0.00744	0.00435	0.00532	0.00158	0.00711	0.00505	0.00242	0.00689
40	0.01274	0.09196	0.16817	0.01935	0.22142	0.13327	0.23480	0.03250	0.01172	0.01517	0.00895	0.01124	0.00705	0.00449	0.00488	0.00147	0.00721	0.00431	0.00242	0.00691
41	0.21126	0.00882	0.01230	0.32195	0.08777	0.00988	0.02651	0.02731	0.01047	0.10844	0.01207	0.05841	0.01025	0.00619	0.00472	0.00165	0.00522	0.06766	0.00324	0.00589
42	0.01012	0.00810	0.00911	0.00847	0.01048	0.00886	0.00645	0.01872	0.44727	0.03646	0.24207	0.12947	0.02620	0.00877	0.00539	0.00167	0.00331	0.00760	0.00508	0.00640
43	0.01257	0.01844	0.39669	0.01577	0.15467	0.04235	0.03807	0.11587	0.01277	0.07994	0.04129	0.02931	0.00941	0.00532	0.00486	0.00153	0.00633	0.00444	0.00304	0.00733
44	0.04774	0.02614	0.01439	0.01334	0.12059	0.19587	0.03933	0.16056	0.01473	0.25258	0.01256	0.02627	0.00914	0.00548	0.00472	0.00142	0.00584	0.00435	0.00408	0.04088
45	0.00869	0.00679	0.00877	0.00849	0.05056	0.03722	0.03584	0.01148	0.04550	0.05285	0.59465	0.03221	0.06928	0.00911	0.00562	0.00154	0.00315	0.00806	0.00500	0.00519
46	0.00617	0.00443	0.00598	0.00692	0.00727	0.00430	0.00471	0.00711	0.00912	0.01228	0.02480	0.68723	0.02927	0.05025	0.11219	0.00288	0.00428	0.01256	0.00425	0.00400
47	0.01019	0.00873	0.01019	0.00728	0.01165	0.00655	0.00582	0.01237	0.01019	0.01601	0.00873	0.01019	0.00728	0.00364	0.00364	0.00073	0.00364	0.00291	0.00291	0.85734
48	0.00763	0.00593	0.00814	0.00782	0.00827	0.00704	0.00580	0.00870	0.00759	0.01085	0.01291	0.02225	0.01325	0.29353	0.42960	0.00599	0.13221	0.00574	0.00267	0.00407
49	0.01754	0.00949	0.01106	0.00876	0.01196	0.00961	0.00714	0.29785	0.02916	0.32026	0.03636	0.01581	0.01181	0.00605	0.00464	0.00143	0.00418	0.00479	0.18465	0.00746
50	0.01075	0.01075	0.01505	0.01290	0.01290	0.01505	0.01075	0.01183	0.00753	0.01183	0.00645	0.01075	0.00645	0.00860	0.01613	0.00215	0.81830	0.00430	0.00215	0.00538
51	0.00711	0.00539	0.00806	0.00801	0.00887	0.00635	0.00625	0.00884	0.00789	0.01142	0.01301	0.01911	0.01215	0.03621	0.78983	0.00777	0.03146	0.00524	0.00262	0.00441
52	0.00715	0.00476	0.00536	0.00536	0.00536	0.00476	0.00298	0.00715	0.00715	0.00953	0.01548	0.03216	0.01787	0.82729	0.02501	0.00476	0.00476	0.00715	0.00298	0.00298
53	0.00828	0.00712	0.01032	0.00959	0.01017	0.00916	0.00770	0.00981	0.00777	0.01155	0.01089	0.01641	0.01031	0.02730	0.54000	0.00595	0.28553	0.00494	0.00247	0.00472
54	0.01868	0.01376	0.01475	0.01131	0.01524	0.01524	0.00934	0.78025	0.02311	0.03097	0.01180	0.01180	0.00836	0.00590	0.00492	0.00147	0.00541	0.00442	0.00492	0.00836
55	0.86201	0.00950	0.00722	0.00646	0.00950	0.01102	0.00532	0.01445	0.00836	0.02205	0.00684	0.00798	0.00532	0.00456	0.00304	0.00152	0.00380	0.00266	0.00304	0.00532
56	0.00696	0.00502	0.00657	0.00618	0.00734	0.00464	0.00464	0.00927	0.01391	0.01971	0.79405	0.03671	0.04637	0.01005	0.00580	0.00155	0.00232	0.00889	0.00541	0.00464
57	0.00723	0.00526	0.00682	0.00715	0.00825	0.00501	0.00573	0.00917	0.01187	0.01588	0.30880	0.04542	0.13105	0.08700	0.00798	0.00215	0.00348	0.32267	0.00471	0.00438
58	0.86201	0.00950	0.00722	0.00646	0.00950	0.01102	0.00532	0.01445	0.00836	0.02205	0.00684	0.00798	0.00532	0.00456	0.00304	0.00152	0.00380	0.00266	0.00304	0.00532
59	0.02000	0.01165	0.01344	0.01030	0.01419	0.01211	0.00851	0.48461	0.01957	0.33160	0.01477	0.01372	0.00985	0.00597	0.00493	0.00149	0.00493	0.00463	0.00537	0.00836
60	0.86201	0.00950	0.00722	0.00646	0.00950	0.01102	0.00532	0.01445	0.00836	0.02205	0.00684	0.00798	0.00532	0.00456	0.00304	0.00152	0.00380	0.00266	0.00304	0.00532
61	0.00599	0.00428	0.00570	0.00684	0.00713	0.00399	0.00456	0.00684	0.00941	0.01254	0.02709	0.82409	0.03250	0.01540	0.00627	0.00200	0.00285	0.01397	0.00456	0.00399
62	0.01084	0.00543	0.00704	0.00697	0.00834	0.00496	0.00508	0.01222	0.01081	0.22501	0.02313	0.46974	0.02364	0.01124	0.00543	0.00172	0.00311	0.00994	0.15005	0.00527
63	0.00663	0.00499	0.00614	0.00590	0.00716	0.00449	0.00441	0.00863	0.01307	0.01784	0.58071	0.06730	0.23300	0.01084	0.00582	0.00159	0.00238	0.00944	0.00517	0.00449
64	0.00619	0.00436	0.00564	0.00659	0.00683	0.00412	0.00429	0.00689	0.00902	0.01203	0.02511	0.68892	0.03000	0.15397	0.00947	0.00247	0.00318	0.01281	0.00429	0.00382
65	0.01868	0.01376	0.01475	0.01131	0.01524	0.01524	0.00934	0.78025	0.02311	0.03097	0.01180	0.01180	0.00836	0.00590	0.00492	0.00147	0.00541	0.00442	0.00492	0.00836
66	0.01118	0.01067	0.01817	0.29810	0.53639	0.01142	0.01459	0.01422	0.01072	0.01486	0.00907	0.01248	0.00736	0.00456	0.00488	0.00152	0.00608	0.00437	0.00235	0.00699
67	0.00752	0.00593	0.00858	0.00830	0.00897	0.00717	0.00643	0.00901	0.00777	0.01127	0.01252	0.01949	0.01209	0.11329	0.62456	0.00683	0.11796	0.00533	0.00260	0.00437
68	0.01050	0.00932	0.01233	0.01068	0.10483	0.00747	0.04782	0.01287	0.01038	0.01600	0.00886	0.01058	0.00735	0.00375	0.00390	0.00086	0.00414	0.00324	0.00283	0.71227
69	0.00581	0.00498	0.00498	0.00498	0.00664	0.00415	0.00373	0.00705	0.01120	0.01328	0.04978	0.04729	0.79464	0.01245	0.00581	0.00166	0.00249	0.01037	0.00456	0.00415
70	0.00636	0.00466	0.00597	0.00637	0.00716	0.00427	0.00450	0.00785	0.01143	0.01552	0.33965	0.41963	0.12264	0.01291	0.00603	0.00178	0.00260	0.01152	0.00490	0.00427
71	0.30385	0.01180	0.01179	0.00943	0.01299	0.01313	0.00776	0.43176	0.05775	0.07800	0.01105	0.01118	0.00793	0.00550	0.00429	0.00150	0.00470	0.00392	0.00436	0.00730
72	0.01593	0.01018	0.01159	0.00966	0.01285	0.01089	0.00772	0.15523	0.38871	0.24965	0.05936	0.01771	0.01468	0.00654	0.00501	0.00158	0.00415	0.00536	0.00532	0.00788
73	0.00654	0.00457	0.00547	0.00596	0.00622	0.00438	0.00372	0.00701	0.00845	0.01113	0.02328	0.37108	0.08865	0.41340	0.01543	0.00333	0.00376	0.01032	0.00378	0.00351
74	0.00715	0.00476	0.00536	0.00536	0.00536	0.00476	0.00298	0.00715	0.00715	0.00953	0.01548	0.03216	0.01787	0.82729	0.02501	0.00476	0.00476	0.00715	0.00298	0.00298
75	0.01075	0.01075	0.01505	0.01290	0.01290	0.01505	0.01075	0.01183	0.00753	0.01183	0.00645	0.01075	0.00645	0.00860	0.01613	0.00215	0.81830	0.00430	0.00215	0.00538
76	0.08871	0.00918	0.01175	0.00927	0.01242	0.00924	0.00766	0.05988	0.01261	0.49237	0.01481	0.01415	0.01000	0.00616	0.00658	0.00156	0.14312	0.00444	0.00482	0.08127
77	0.00854	0.00427	0.00640	0.00640	0.00640	0.00427	0.00427	0.00640	0.00640	0.00854	0.00854	0.01494	0.00854	0.01707	0.01921	0.85702	0.00427	0.00427	0.00213	0.00213
78	0.01778	0.01263	0.01377	0.01073	0.01452	0.01375	0.00879	0.57792	0.12553	0.09984	0.01349	0.01308	0.00957	0.00593	0.00488	0.00148	0.00502	0.00457	0.00496	0.04178
79	0.00690	0.00498	0.00652	0.00622	0.00733	0.00460	0.00463	0.00915	0.01367	0.01933	0.75346	0.07838	0.04563	0.01033	0.00582	0.00157	0.00235	0.00916	0.00536	0.00460
80	0.01836	0.02342	0.01393	0.01266	0.01519	0.80756	0.00950	0.01962	0.01393	0.01203	0.00760	0.00886	0.00633	0.00506	0.00443	0.00127	0.00886	0.00317	0.00253	0.00570
81	0.86201	0.00950	0.00722	0.00646	0.00950	0.01102	0.00532	0.01445	0.00836	0.02205	0.00684	0.00798	0.00532	0.00456	0.00304	0.00152	0.00380	0.00266	0.00304	0.00532
82	0.00702	0.00527	0.00790	0.00790	0.00878	0.00614	0.00614	0.00878	0.00790	0.01141	0.01316	0.01931	0.01229	0.03686	0.80782	0.00790	0.01316	0.00527	0.00263	0.00439
83	0.00700	0.00488	0.00561	0.00556	0.00622	0.00465	0.00368	0.00794	0.00972	0.01315	0.19966	0.03593	0.16257	0.42565	0.01547	0.00320	0.00366	0.03307	0.04867	0.00370
84	0.01075	0.01075	0.01505	0.01290	0.01290	0.01505	0.01075	0.01183	0.00753	0.01183	0.00645	0.01075	0.00645	0.00860	0.01613	0.00215	0.81830	0.00430	0.00215	0.00538
85	0.00977	0.00924	0.01563	0.68144	0.16404	0.01105	0.01389	0.01299	0.01006	0.01315	0.00882	0.01294	0.00676	0.00482	0.00490	0.00161	0.00643	0.00437	0.00223	0.00586
86	0.00581	0.00498	0.00498	0.00498	0.00664	0.00415	0.00373	0.00705	0.01120	0.01328	0.04978	0.04729	0.79464	0.01245	0.00581	0.00166	0.00249	0.01037	0.00456	0.00415
87	0.01160	0.01326	0.02900	0.02071	0.02568	0.01243	0.77879	0.01574	0.01160	0.01574	0.00994	0.01326	0.00746	0.00414	0.00580	0.00166	0.00829	0.00580	0.00249	0.00663
88	0.01075	0.01075	0.01505	0.01290	0.01290	0.01505	0.01075	0.01183	0.00753	0.01183	0.00645	0.01075	0.00645	0.00860	0.01613	0.00215	0.81830	0.00430	0.00215	0.00538
89	0.31359	0.00876	0.00995	0.00795	0.01149	0.00854	0.00656	0.02065	0.01209	0.53001	0.01503	0.01369	0.00979	0.00555	0.00428	0.00152	0.00405	0.00415	0.00503	0.00731
90	0.01314	0.83025	0.02575	0.00841	0.01261	0.01945	0.00841	0.01472	0.00999	0.01156	0.00683	0.00788	0.00631	0.00420	0.00315	0.00105	0.00526	0.00263	0.00210	0.00631
91	0.00854	0.00427	0.00640	0.00640	0.00640	0.00427	0.00427	0.00640	0.00640	0.00854	0.00854	0.01494	0.00854	0.01707	0.01921	0.85702	0.00427	0.00427	0.00213	0.00213
92	0.00715	0.00476	0.00536	0.00536	0.00536	0.00476	0.00298	0.00715	0.00715	0.00953	0.01548	0.03216	0.01787	0.82729	0.02501	0.00476	0.00476	0.00715	0.00298	0.00298
93	0.86201	0.00950	0.00722	0.00646	0.00950	0.01102	0.00532	0.01445	0.00836	0.02205	0.00684	0.00798	0.00532	0.00456	0.00304	0.00152	0.00380	0.00266	0.00304	0.00532
94	0.86201	0.00950	0.00722	0.00646	0.00950	0.01102	0.00532	0.01445	0.00836	0.02205	0.00684	0.00798	0.00532	0.00456	0.00304	0.00152	0.00380	0.00266	0.00304	0.00532
95	0.01216	0.01168	0.01995	0.03016	0.79664	0.01168	0.01508	0.01508	0.01119	0.01605	0.00924	0.01216	0.00778	0.00438	0.00487	0.00146	0.00584	0.00438	0.00243	0.00778
96	0.86201	0.00950	0.00722	0.00646	0.00950	0.01102	0.00532	0.01445	0.00836	0.02205	0.00684	0.00798	0.00532	0.00456	0.00304	0.00152	0.00380	0.00266	0.00304	0.00532
97	0.00696	0.00502	0.00657	0.00618	0.00734	0.00464	0.00464	0.00927	0.01391	0.01971	0.79405	0.03671	0.04637	0.01005	0.00580	0.00155	0.00232	0.00889	0.00541	0.00464
98	0.86201	0.00950	0.00722	0.00646	0.00950	0.01102	0.00532	0.01445	0.00836	0.02205	0.00684	0.00798	0.00532	0.00456	0.00304	0.00152	0.00380	0.00266	0.00304	0.00532
99	0.00651	0.00463	0.00623	0.00732	0.00781	0.00443	0.00532	0.00767	0.00978	0.01295	0.02635	0.60354	0.03088	0.04780	0.00716	0.00217	0.00334	0.19752	0.00449	0.00408
100	0.01250	0.00573	0.00654	0.00579	0.00766	0.00547	0.00453	0.03191	0.01160	0.21132	0.03393	0.01819	0.01314	0.00591	0.00389	0.00125	0.00283	0.00476	0.60744	0.00560
101	0.01028	0.00976	0.01655	0.54291	0.29860	0.01118	0.01415	0.01343	0.01030	0.01377	0.00891	0.01278	0.00698	0.00473	0.00490	0.00158	0.00630	0.00437	0.00227	0.00627
102	0.00582	0.00491	0.00505	0.00515	0.00668	0.00413	0.00381	0.00703	0.01104	0.01321	0.04769	0.11887	0.72441	0.01272	0.00585	0.00169	0.00252	0.01070	0.00456	0.00413
103	0.01106	0.00813	0.01131	0.15235	0.11754	0.00857	0.00864	0.15410	0.01265	0.08154	0.01805	0.35775	0.01854	0.00958	0.00549	0.00173	0.00448	0.00851	0.00406	0.00592
104	0.00687	0.00501	0.00643	0.00608	0.00725	0.00460	0.00454	0.00907	0.01357	0.01902	0.72296	0.03740	0.10102	0.02716	0.00620	0.00162	0.00238	0.00896	0.00530	0.00457
105	0.26406	0.14936	0.07023	0.01062	0.04044	0.31248	0.00877	0.01713	0.01132	0.06367	0.00812	0.00915	0.00643	0.00479	0.00388	0.00135	0.00629	0.00311	0.00279	0.00603

[dist]
# distance from previous block
# <min> <max>
0	1

[block]
# block no. 1 follows, 51 sequences, length 77
# corresponding to MSA columns:
# 277-353
name=unknown_B
#
# <colnr> <probs for GDERKNQSTAVLIFYWHMCP>
#	G	D	E	R	K	N	Q	S	T	A	V	L	I	F	Y	W	H	M	C	P
0	0.14785	0.50765	0.07025	0.01096	0.09330	0.05909	0.00929	0.02853	0.01032	0.01431	0.00733	0.00862	0.00633	0.00438	0.00351	0.00122	0.00541	0.00294	0.00236	0.00637
1	0.01099	0.01253	0.05463	0.12554	0.05691	0.01217	0.51259	0.01461	0.01081	0.01482	0.00987	0.03736	0.00796	0.00508	0.00668	0.00170	0.09142	0.00556	0.00246	0.00634
2	0.00700	0.00527	0.00684	0.00725	0.00832	0.00518	0.00559	0.00910	0.04075	0.01428	0.13088	0.25325	0.14572	0.01678	0.13723	0.00287	0.00483	0.17476	0.00434	0.01975
3	0.00680	0.00502	0.00635	0.00602	0.00724	0.00457	0.00451	0.00897	0.01354	0.01882	0.69124	0.03817	0.14973	0.01038	0.00580	0.00156	0.00234	0.00909	0.00529	0.00457
4	0.01240	0.01350	0.01481	0.01285	0.01340	0.18669	0.01048	0.01352	0.00891	0.01187	0.00670	0.01034	0.00642	0.00784	0.01359	0.00196	0.64300	0.00405	0.00223	0.00545
5	0.00648	0.00461	0.00600	0.00644	0.00703	0.00432	0.00443	0.00781	0.01091	0.01499	0.32116	0.43972	0.03634	0.09663	0.00801	0.00211	0.00284	0.01131	0.00473	0.00414
6	0.00702	0.00527	0.00790	0.00790	0.00878	0.00614	0.00614	0.00878	0.00790	0.01141	0.01316	0.01931	0.01229	0.03686	0.80782	0.00790	0.01316	0.00527	0.00263	0.00439
7	0.01529	0.01603	0.01143	0.01035	0.01260	0.46102	0.00781	0.01735	0.04597	0.10271	0.18149	0.06579	0.01764	0.00696	0.00492	0.00142	0.00634	0.00537	0.00378	0.00575
8	0.02121	0.00855	0.01138	0.00885	0.01256	0.00765	0.00727	0.02413	0.08022	0.73340	0.01944	0.01686	0.01241	0.00613	0.00495	0.00153	0.00416	0.00499	0.00599	0.00831
9	0.01075	0.01075	0.01505	0.01290	0.01290	0.01505	0.01075	0.01183	0.00753	0.01183	0.00645	0.01075	0.00645	0.00860	0.01613	0.00215	0.81830	0.00430	0.00215	0.00538
10	0.00599	0.00428	0.00570	0.00684	0.00713	0.00399	0.00456	0.00684	0.00941	0.01254	0.02709	0.82409	0.03250	0.01540	0.00627	0.00200	0.00285	0.01397	0.00456	0.00399
11	0.01075	0.01075	0.01505	0.01290	0.01290	0.01505	0.01075	0.01183	0.00753	0.01183	0.00645	0.01075	0.00645	0.00860	0.01613	0.00215	0.81830	0.00430	0.00215	0.00538
12	0.02205	0.00836	0.01140	0.00874	0.01254	0.00722	0.00722	0.02395	0.01407	0.80004	0.01939	0.01673	0.01216	0.00608	0.00494	0.00152	0.00418	0.00494	0.00608	0.00836
13	0.00986	0.02542	0.80183	0.01401	0.02127	0.01141	0.01816	0.01556	0.01038	0.01556	0.00882	0.01038	0.00623	0.00467	0.00467	0.00156	0.00726	0.00363	0.00208	0.00726
14	0.00702	0.00527	0.00790	0.00790	0.00878	0.00614	0.00614	0.00878	0.00790	0.01141	0.01316	0.01931	0.01229	0.03686	0.80782	0.00790	0.01316	0.00527	0.00263	0.00439
15	0.01547	0.47165	0.02052	0.01026	0.01376	0.34736	0.00889	0.03811	0.01199	0.01230	0.00729	0.00840	0.00637	0.00461	0.00373	0.00115	0.00676	0.00290	0.00236	0.00611
16	0.01279	0.01445	0.01358	0.24743	0.12979	0.33189	0.01058	0.01486	0.01184	0.01293	0.01429	0.04316	0.10970	0.00623	0.00487	0.00148	0.00673	0.00499	0.00275	0.00566
17	0.01462	0.14319	0.01966	0.01688	0.20141	0.12532	0.17302	0.04137	0.02431	0.14109	0.01140	0.04596	0.00914	0.00522	0.00480	0.00144	0.00626	0.00474	0.00320	0.00696
18	0.01469	0.01575	0.01064	0.04324	0.01258	0.46104	0.00749	0.04093	0.01275	0.01492	0.01080	0.01252	0.00865	0.00532	0.00411	0.00124	0.00630	0.00376	0.30788	0.00537
19	0.01314	0.83025	0.02575	0.00841	0.01261	0.01945	0.00841	0.01472	0.00999	0.01156	0.00683	0.00788	0.00631	0.00420	0.00315	0.00105	0.00526	0.00263	0.00210	0.00631
20	0.01220	0.59953	0.24823	0.01001	0.01509	0.01714	0.01120	0.01496	0.01010	0.01271	0.00740	0.00860	0.00628	0.00434	0.00359	0.00120	0.00583	0.00292	0.00209	0.00658
21	0.00702	0.00527	0.00790	0.00790	0.00878	0.00614	0.00614	0.00878	0.00790	0.01141	0.01316	0.01931	0.01229	0.03686	0.80782	0.00790	0.01316	0.00527	0.00263	0.00439
22	0.01007	0.00880	0.01422	0.02012	0.43255	0.00877	0.01142	0.01265	0.01138	0.01574	0.07387	0.05405	0.01873	0.00843	0.00567	0.00177	0.00502	0.27702	0.00347	0.00627
23	0.01508	0.00992	0.01120	0.00964	0.01271	0.01077	0.00762	0.02548	0.56275	0.24725	0.01982	0.01787	0.01418	0.00650	0.00498	0.00162	0.00397	0.00538	0.00532	0.00795
24	0.01075	0.01075	0.01505	0.01290	0.01290	0.01505	0.01075	0.01183	0.00753	0.01183	0.00645	0.01075	0.00645	0.00860	0.01613	0.00215	0.81830	0.00430	0.00215	0.00538
25	0.00928	0.00873	0.01474	0.81548	0.03385	0.01092	0.01365	0.01256	0.00983	0.01256	0.00873	0.01310	0.00655	0.00491	0.00491	0.00164	0.00655	0.00437	0.00218	0.00546
26	0.00686	0.00502	0.00644	0.00609	0.00728	0.00460	0.00456	0.00909	0.01369	0.01919	0.73403	0.03756	0.10671	0.01024	0.00580	0.00155	0.00233	0.00901	0.00534	0.00460
27	0.00583	0.00491	0.00505	0.00516	0.00669	0.00413	0.00382	0.00703	0.01102	0.01320	0.04753	0.12451	0.71889	0.01274	0.00585	0.00169	0.00253	0.01073	0.00456	0.00413
28	0.01160	0.01326	0.02900	0.02071	0.02568	0.01243	0.77879	0.01574	0.01160	0.01574	0.00994	0.01326	0.00746	0.00414	0.00580	0.00166	0.00829	0.00580	0.00249	0.00663
29	0.02205	0.00836	0.01140	0.00874	0.01254	0.00722	0.00722	0.02395	0.01407	0.80004	0.01939	0.01673	0.01216	0.00608	0.00494	0.00152	0.00418	0.00494	0.00608	0.00836
30	0.00778	0.00589	0.00737	0.00699	0.00709	0.00675	0.00472	0.00816	0.00730	0.01015	0.01361	0.02690	0.01520	0.59237	0.11147	0.00465	0.15081	0.00643	0.00279	0.00356
31	0.01314	0.83025	0.02575	0.00841	0.01261	0.01945	0.00841	0.01472	0.00999	0.01156	0.00683	0.00788	0.00631	0.00420	0.00315	0.00105	0.00526	0.00263	0.00210	0.00631
32	0.01222	0.01056	0.01111	0.01000	0.01278	0.01222	0.00778	0.02611	0.78776	0.02056	0.02000	0.01833	0.01500	0.00667	0.00500	0.00167	0.00389	0.00556	0.00500	0.00778
33	0.02205	0.00836	0.01140	0.00874	0.01254	0.00722	0.00722	0.02395	0.01407	0.80004	0.01939	0.01673	0.01216	0.00608	0.00494	0.00152	0.00418	0.00494	0.00608	0.00836
34	0.01160	0.01326	0.02900	0.02071	0.02568	0.01243	0.77879	0.01574	0.01160	0.01574	0.00994	0.01326	0.00746	0.00414	0.00580	0.00166	0.00829	0.00580	0.00249	0.00663
35	0.00715	0.00476	0.00536	0.00536	0.00536	0.00476	0.00298	0.00715	0.00715	0.00953	0.01548	0.03216	0.01787	0.82729	0.02501	0.00476	0.00476	0.00715	0.00298	0.00298
36	0.00583	0.00488	0.00508	0.00524	0.00671	0.00413	0.00385	0.00702	0.01095	0.01317	0.04657	0.15719	0.68682	0.01286	0.00587	0.00171	0.00254	0.01088	0.00456	0.00413
37	0.01012	0.10371	0.64393	0.09569	0.02170	0.01216	0.01673	0.01517	0.01028	0.01486	0.00861	0.01041	0.00627	0.00465	0.00454	0.00151	0.00699	0.00361	0.00209	0.00698
38	0.02055	0.01200	0.01274	0.01003	0.01370	0.11715	0.00816	0.24871	0.01674	0.46502	0.01554	0.01420	0.01025	0.00589	0.00487	0.00147	0.00518	0.00455	0.00526	0.00800
39	0.01222	0.01056	0.01111	0.01000	0.01278	0.01222	0.00778	0.02611	0.78776	0.02056	0.02000	0.01833	0.01500	0.00667	0.00500	0.00167	0.00389	0.00556	0.00500	0.00778
40	0.00943	0.00896	0.01534	0.76832	0.05487	0.01099	0.03800	0.01273	0.00992	0.01275	0.00879	0.01308	0.00661	0.00487	0.00494	0.00163	0.00659	0.00441	0.00220	0.00556
41	0.80727	0.00917	0.00717	0.00646	0.00930	0.01059	0.00525	0.01393	0.00824	0.02118	0.00695	0.00843	0.00553	0.00536	0.00408	0.05639	0.00383	0.00276	0.00298	0.00512
42	0.01491	0.31610	0.02079	0.01240	0.01599	0.33415	0.14622	0.01749	0.05414	0.01298	0.00841	0.00980	0.00699	0.00467	0.00424	0.00128	0.00717	0.00357	0.00250	0.00620
43	0.04441	0.01152	0.01250	0.00978	0.01324	0.01244	0.00803	0.54182	0.01951	0.12418	0.01324	0.01331	0.00940	0.00585	0.00463	0.00143	0.00472	0.00446	0.13785	0.00767
44	0.01106	0.03467	0.00908	0.00753	0.00958	0.00700	0.00601	0.09159	0.04458	0.14639	0.45590	0.03088	0.05199	0.00897	0.00552	0.00158	0.00327	0.06337	0.00525	0.00578
45	0.00629	0.00450	0.00600	0.00685	0.00735	0.00422	0.00478	0.00751	0.01040	0.01406	0.17600	0.62553	0.03495	0.01425	0.00621	0.00192	0.00285	0.05746	0.00472	0.00415
46	0.01160	0.01326	0.02900	0.02071	0.02568	0.01243	0.77879	0.01574	0.01160	0.01574	0.00994	0.01326	0.00746	0.00414	0.00580	0.00166	0.00829	0.00580	0.00249	0.00663
47	0.00620	0.00499	0.00552	0.00539	0.00688	0.00431	0.00404	0.00780	0.01212	0.01545	0.30154	0.04371	0.54153	0.01163	0.00580	0.00162	0.00243	0.00987	0.00485	0.00431
48	0.00599	0.00428	0.00570	0.00684	0.00713	0.00399	0.00456	0.00684	0.00941	0.01254	0.02709	0.82409	0.03250	0.01540	0.00627	0.00200	0.00285	0.01397	0.00456	0.00399
49	0.02205	0.00836	0.01140	0.00874	0.01254	0.00722	0.00722	0.02395	0.01407	0.80004	0.01939	0.01673	0.01216	0.00608	0.00494	0.00152	0.00418	0.00494	0.00608	0.00836
50	0.86201	0.00950	0.00722	0.00646	0.00950	0.01102	0.00532	0.01445	0.00836	0.02205	0.00684	0.00798	0.00532	0.00456	0.00304	0.00152	0.00380	0.00266	0.00304	0.00532
51	0.01314	0.83025	0.02575	0.00841	0.01261	0.01945	0.00841	0.01472	0.00999	0.01156	0.00683	0.00788	0.00631	0.00420	0.00315	0.00105	0.00526	0.00263	0.00210	0.00631
52	0.00610	0.00433	0.00567	0.00670	0.00695	0.00407	0.00440	0.00687	0.00918	0.01225	0.02593	0.74537	0.03105	0.09610	0.00814	0.00227	0.00304	0.01329	0.00440	0.00389
53	0.01836	0.02342	0.01393	0.01266	0.01519	0.80756	0.00950	0.01962	0.01393	0.01203	0.00760	0.00886	0.00633	0.00506	0.00443	0.00127	0.00886	0.00317	0.00253	0.00570
54	0.01655	0.00959	0.01124	0.00945	0.01268	0.01002	0.00753	0.02516	0.44670	0.36417	0.01973	0.01763	0.01375	0.00641	0.00497	0.00160	0.00402	0.00529	0.00548	0.00804
55	0.01094	0.01826	0.36162	0.01936	0.14985	0.01187	0.32507	0.01556	0.01100	0.01572	0.00934	0.01183	0.00698	0.00441	0.00516	0.00158	0.00744	0.00463	0.00230	0.00709
56	0.01019	0.00873	0.01019	0.00728	0.01165	0.00655	0.00582	0.01237	0.01019	0.01601	0.00873	0.01019	0.00728	0.00364	0.00364	0.00073	0.00364	0.00291	0.00291	0.85734
57	0.42835	0.01125	0.01501	0.01187	0.01509	0.04497	0.23946	0.01499	0.03317	0.01839	0.00882	0.01181	0.00719	0.00524	0.00546	0.00165	0.08897	0.02966	0.00287	0.00578
58	0.01314	0.83025	0.02575	0.00841	0.01261	0.01945	0.00841	0.01472	0.00999	0.01156	0.00683	0.00788	0.00631	0.00420	0.00315	0.00105	0.00526	0.00263	0.00210	0.00631
59	0.00592	0.00453	0.00544	0.00616	0.00695	0.00405	0.00426	0.00692	0.01006	0.01281	0.03539	0.54002	0.31121	0.01432	0.00610	0.00187	0.00272	0.01265	0.00456	0.00405
60	0.01891	0.01067	0.01247	0.00976	0.01342	0.01093	0.00799	0.32469	0.11089	0.36153	0.01614	0.01489	0.01091	0.00602	0.00487	0.00149	0.00457	0.00476	0.03110	0.02398
61	0.00702	0.00527	0.00790	0.00790	0.00878	0.00614	0.00614	0.00878	0.00790	0.01141	0.01316	0.01931	0.01229	0.03686	0.80782	0.00790	0.01316	0.00527	0.00263	0.00439
62	0.09539	0.01019	0.01643	0.36731	0.38864	0.01128	0.01349	0.01393	0.01032	0.01514	0.00878	0.01215	0.00701	0.00463	0.00470	0.00154	0.00594	0.00420	0.00239	0.00653
63	0.00671	0.00501	0.00623	0.00593	0.00719	0.00453	0.00445	0.00880	0.01334	0.01834	0.63604	0.03896	0.20522	0.01056	0.00580	0.00157	0.00235	0.00920	0.00523	0.00453
64	0.00599	0.00428	0.00570	0.00684	0.00713	0.00399	0.00456	0.00684	0.00941	0.01254	0.02709	0.82409	0.03250	0.01540	0.00627	0.00200	0.00285	0.01397	0.00456	0.00399
65	0.00657	0.00512	0.00764	0.00778	0.00861	0.00476	0.06569	0.00791	0.01030	0.01387	0.13870	0.61855	0.05837	0.01362	0.00615	0.00189	0.00319	0.01246	0.00452	0.00430
66	0.01087	0.00880	0.01072	0.00959	0.01132	0.01037	0.00758	0.14917	0.21055	0.01723	0.01437	0.04655	0.01243	0.04339	0.30175	0.00409	0.11609	0.00544	0.00366	0.00603
67	0.01283	0.01032	0.01051	0.00919	0.01187	0.04831	0.00720	0.14386	0.42431	0.05121	0.05302	0.02041	0.09201	0.00708	0.00494	0.00156	0.00405	0.00577	0.07450	0.00704
68	0.01889	0.01344	0.01454	0.01115	0.01508	0.01475	0.00921	0.73415	0.02255	0.07785	0.01226	0.01210	0.00859	0.00591	0.00492	0.00148	0.00533	0.00446	0.00499	0.00836
69	0.08058	0.01393	0.12318	0.04960	0.52027	0.05230	0.05931	0.01529	0.01097	0.01614	0.00893	0.01151	0.00725	0.00447	0.00473	0.00148	0.00618	0.00416	0.00243	0.00727
70	0.00729	0.00521	0.00720	0.00833	0.00919	0.00512	0.00683	0.00910	0.01069	0.01400	0.02637	0.30502	0.02965	0.01417	0.00662	0.00218	0.00398	0.52017	0.00454	0.00435
71	0.01022	0.00944	0.01516	0.07930	0.39057	0.00970	0.05241	0.01380	0.09101	0.01526	0.01633	0.19235	0.05480	0.00754	0.00547	0.00164	0.01826	0.00699	0.00325	0.00649
72	0.01314	0.83025	0.02575	0.00841	0.01261	0.01945	0.00841	0.01472	0.00999	0.01156	0.00683	0.00788	0.00631	0.00420	0.00315	0.00105	0.00526	0.00263	0.00210	0.00631
73	0.01667	0.01203	0.01292	0.01028	0.01371	0.01329	0.00837	0.53585	0.15944	0.05770	0.01401	0.01384	0.01014	0.00603	0.00478	0.00148	0.00477	0.00466	0.09216	0.00787
74	0.00944	0.00505	0.00593	0.00572	0.00686	0.00515	0.00424	0.01126	0.00965	0.07735	0.01561	0.02036	0.01324	0.12858	0.17702	0.00312	0.00509	0.00512	0.48660	0.00461
75	0.01564	0.27306	0.04652	0.00915	0.01268	0.12789	0.00808	0.07375	0.01309	0.23034	0.08578	0.01572	0.05628	0.00599	0.00441	0.00134	0.00515	0.00453	0.00391	0.00670
76	0.01484	0.01268	0.03933	0.20074	0.09337	0.01348	0.09799	0.42305	0.01726	0.02316	0.01056	0.01226	0.00772	0.00530	0.00500	0.00153	0.00609	0.00454	0.00370	0.00741

[dist]
# distance from previous block
# <min> <max>
1	6

[block]
# block no. 2 follows, 51 sequences, length 18
# corresponding to MSA columns:
# 360-377
name=unknown_C
#
# <colnr> <probs for GDERKNQSTAVLIFYWHMCP>
#	G	D	E	R	K	N	Q	S	T	A	V	L	I	F	Y	W	H	M	C	P
0	0.03063	0.03351	0.01121	0.00943	0.01157	0.12243	0.00733	0.16214	0.08805	0.10807	0.03187	0.11111	0.01395	0.09909	0.07718	0.00248	0.06399	0.00591	0.00397	0.00607
1	0.00701	0.00526	0.00599	0.00596	0.00687	0.00506	0.00407	0.00898	0.07046	0.01373	0.17934	0.13098	0.22897	0.29145	0.01239	0.00274	0.00339	0.00903	0.00422	0.00411
2	0.26789	0.00890	0.01015	0.19207	0.01567	0.03147	0.00775	0.04295	0.04676	0.16678	0.09634	0.01568	0.01257	0.03272	0.00506	0.00164	0.00453	0.00458	0.03052	0.00599
3	0.01222	0.01056	0.01111	0.01000	0.01278	0.01222	0.00778	0.02611	0.78776	0.02056	0.02000	0.01833	0.01500	0.00667	0.00500	0.00167	0.00389	0.00556	0.00500	0.00778
4	0.01629	0.01915	0.01366	0.01218	0.01431	0.55235	0.00939	0.08313	0.01325	0.01358	0.00825	0.01028	0.00702	0.00833	0.07350	0.00197	0.13128	0.00362	0.00269	0.00577
5	0.01014	0.09482	0.73491	0.01352	0.02052	0.01211	0.01732	0.01549	0.01034	0.01522	0.00865	0.01016	0.00623	0.00463	0.00454	0.00151	0.00709	0.00354	0.00208	0.00718
6	0.00844	0.00520	0.00623	0.00611	0.00729	0.00552	0.00469	0.03757	0.00992	0.01578	0.01731	0.02062	0.07062	0.01802	0.30819	0.00375	0.00653	0.00527	0.43834	0.00461
7	0.07032	0.02325	0.11477	0.02835	0.13677	0.01029	0.11888	0.03507	0.01115	0.11208	0.06611	0.01723	0.07842	0.00812	0.05367	0.00199	0.09853	0.00527	0.00330	0.00641
8	0.01205	0.13457	0.01629	0.15772	0.10916	0.08176	0.02824	0.06265	0.10858	0.01477	0.01003	0.01255	0.00830	0.00835	0.07440	0.00211	0.14515	0.00425	0.00279	0.00627
9	0.01836	0.02342	0.01393	0.01266	0.01519	0.80756	0.00950	0.01962	0.01393	0.01203	0.00760	0.00886	0.00633	0.00506	0.00443	0.00127	0.00886	0.00317	0.00253	0.00570
10	0.01842	0.01304	0.01416	0.01098	0.01481	0.01431	0.00903	0.65320	0.08697	0.09448	0.01313	0.01276	0.00924	0.00598	0.00493	0.00149	0.00518	0.00456	0.00502	0.00831
11	0.00702	0.00527	0.00790	0.00790	0.00878	0.00614	0.00614	0.00878	0.00790	0.01141	0.01316	0.01931	0.01229	0.03686	0.80782	0.00790	0.01316	0.00527	0.00263	0.00439
12	0.01265	0.01077	0.01135	0.01009	0.01294	0.01242	0.00788	0.07637	0.73680	0.02125	0.01945	0.01790	0.01456	0.00662	0.00499	0.00165	0.00399	0.00548	0.00499	0.00782
13	0.01621	0.21746	0.01775	0.01278	0.11489	0.01520	0.00963	0.39874	0.06876	0.06519	0.01118	0.01157	0.00842	0.00534	0.00448	0.00138	0.00526	0.00407	0.00396	0.00773
14	0.08572	0.01010	0.01287	0.01387	0.21113	0.03166	0.00882	0.07786	0.06764	0.16823	0.07948	0.01471	0.01215	0.00536	0.00456	0.00134	0.00451	0.00448	0.00392	0.18157
15	0.01342	0.12136	0.10931	0.10503	0.14845	0.10746	0.07374	0.05034	0.08840	0.08913	0.01142	0.02920	0.00903	0.00533	0.00473	0.00148	0.00612	0.01607	0.00311	0.00688
16	0.04070	0.00931	0.01045	0.02966	0.01217	0.07644	0.00699	0.03662	0.07806	0.44541	0.09075	0.02111	0.10636	0.00707	0.00503	0.00153	0.00427	0.00574	0.00523	0.00709
17	0.03948	0.00875	0.01052	0.07979	0.01325	0.03453	0.00737	0.16907	0.01393	0.28077	0.01928	0.24419	0.04033	0.00869	0.00527	0.00165	0.00435	0.00738	0.00482	0.00656

[dist]
# distance from previous block
# <min> <max>
0	1

[block]
# block no. 3 follows, 51 sequences, length 16
# corresponding to MSA columns:
# 379-394
name=unknown_D
#
# <colnr> <probs for GDERKNQSTAVLIFYWHMCP>
#	G	D	E	R	K	N	Q	S	T	A	V	L	I	F	Y	W	H	M	C	P
0	0.05220	0.01295	0.01952	0.16665	0.31108	0.10979	0.18982	0.05046	0.01179	0.01582	0.00912	0.01197	0.00722	0.00458	0.00495	0.00152	0.00679	0.00448	0.00255	0.00675
1	0.05023	0.01633	0.01466	0.01449	0.11717	0.40242	0.08334	0.03864	0.01278	0.04100	0.02656	0.04298	0.01062	0.00728	0.03463	0.00171	0.00740	0.06876	0.00302	0.00598
2	0.01238	0.01019	0.01213	0.01025	0.08182	0.00906	0.00747	0.19448	0.01334	0.01956	0.00951	0.01075	0.00758	0.00424	0.00405	0.00097	0.00425	0.00340	0.00334	0.58124
3	0.01284	0.04518	0.10741	0.04614	0.03924	0.22700	0.13847	0.01611	0.06243	0.04480	0.01189	0.10989	0.01060	0.00620	0.00527	0.00149	0.03259	0.00528	0.00300	0.07416
4	0.86201	0.00950	0.00722	0.00646	0.00950	0.01102	0.00532	0.01445	0.00836	0.02205	0.00684	0.00798	0.00532	0.00456	0.00304	0.00152	0.00380	0.00266	0.00304	0.00532
5	0.00840	0.00770	0.01190	0.01383	0.22918	0.00720	0.08731	0.01053	0.01150	0.01514	0.14516	0.03182	0.35284	0.03830	0.00623	0.00170	0.00408	0.00789	0.00382	0.00545
6	0.00954	0.00909	0.01479	0.67509	0.03018	0.01164	0.01314	0.01243	0.00942	0.01243	0.00834	0.01269	0.00653	0.00556	0.00687	0.00173	0.14854	0.00436	0.00218	0.00544
7	0.00581	0.00498	0.00498	0.00498	0.00664	0.00415	0.00373	0.00705	0.01120	0.01328	0.04978	0.04729	0.79464	0.01245	0.00581	0.00166	0.00249	0.01037	0.00456	0.00415
8	0.01314	0.83025	0.02575	0.00841	0.01261	0.01945	0.00841	0.01472	0.00999	0.01156	0.00683	0.00788	0.00631	0.00420	0.00315	0.00105	0.00526	0.00263	0.00210	0.00631
9	0.00914	0.00838	0.01196	0.01074	0.01112	0.01120	0.00876	0.01051	0.00769	0.01165	0.00935	0.01445	0.00897	0.02082	0.35836	0.00463	0.47025	0.00472	0.00236	0.00495
10	0.00617	0.00499	0.00547	0.00535	0.00686	0.00430	0.00402	0.00775	0.01205	0.01528	0.28216	0.04399	0.56101	0.01170	0.00580	0.00162	0.00244	0.00991	0.00483	0.00430
11	0.00707	0.00486	0.00602	0.00653	0.00685	0.00480	0.00446	0.00777	0.00860	0.01138	0.02046	0.21242	0.02349	0.46155	0.01670	0.00358	0.00429	0.18193	0.00368	0.00356
12	0.00931	0.00564	0.00787	0.00749	0.00886	0.00569	0.00584	0.01120	0.01092	0.13313	0.24606	0.05659	0.02462	0.05043	0.32385	0.00425	0.00719	0.07182	0.00422	0.00501
13	0.00928	0.00873	0.01474	0.81548	0.03385	0.01092	0.01365	0.01256	0.00983	0.01256	0.00873	0.01310	0.00655	0.00491	0.00491	0.00164	0.00655	0.00437	0.00218	0.00546
14	0.24647	0.01158	0.06446	0.00825	0.01117	0.09735	0.00699	0.18042	0.01302	0.01964	0.01887	0.01979	0.18858	0.04728	0.00545	0.00166	0.00463	0.00525	0.04339	0.00574
15	0.47087	0.01103	0.00987	0.00815	0.01153	0.06266	0.00664	0.16404	0.01242	0.11600	0.00952	0.01002	0.00696	0.00496	0.00377	0.00143	0.00447	0.00333	0.00373	0.07862

[dist]
# distance from previous block
# <min> <max>
0	1

[block]
# block no. 4 follows, 51 sequences, length 12
# corresponding to MSA columns:
# 396-407
name=unknown_E
#
# <colnr> <probs for GDERKNQSTAVLIFYWHMCP>
#	G	D	E	R	K	N	Q	S	T	A	V	L	I	F	Y	W	H	M	C	P
0	0.01325	0.46805	0.15335	0.06172	0.01590	0.13123	0.01055	0.04181	0.03898	0.01335	0.00804	0.00929	0.00669	0.00460	0.00383	0.00124	0.00616	0.00315	0.00236	0.00645
1	0.01333	0.20466	0.03858	0.01283	0.07067	0.20791	0.02496	0.03787	0.03649	0.01319	0.00867	0.04586	0.00799	0.00637	0.00780	0.00156	0.24857	0.00412	0.00254	0.00603
2	0.00837	0.00628	0.00756	0.00702	0.00849	0.00641	0.00533	0.11993	0.01231	0.01654	0.20748	0.06740	0.20702	0.08863	0.20530	0.00343	0.00572	0.00778	0.00420	0.00482
3	0.01243	0.09662	0.27014	0.01482	0.15704	0.14473	0.02822	0.01571	0.01186	0.06634	0.12287	0.01449	0.01276	0.00550	0.00472	0.00144	0.00618	0.00448	0.00297	0.00668
4	0.20517	0.00852	0.00939	0.00792	0.01074	0.00874	0.00634	0.12756	0.05159	0.27359	0.05192	0.10568	0.01413	0.00694	0.00455	0.00154	0.00384	0.00555	0.08968	0.00661
5	0.01282	0.04531	0.29603	0.17405	0.04769	0.12755	0.03179	0.14929	0.03881	0.01719	0.00949	0.01126	0.00705	0.00502	0.00472	0.00150	0.00683	0.00396	0.00278	0.00685
6	0.00627	0.00484	0.00572	0.00584	0.00701	0.00429	0.00425	0.00782	0.01179	0.01547	0.31715	0.21718	0.35025	0.01223	0.00591	0.00169	0.00251	0.01063	0.00487	0.00429
7	0.00922	0.07647	0.12477	0.00892	0.01149	0.00738	0.05673	0.01144	0.01100	0.08814	0.10316	0.27721	0.12141	0.01027	0.00556	0.00172	0.00418	0.06149	0.00410	0.00536
8	0.01071	0.13702	0.52791	0.01548	0.13174	0.01283	0.01585	0.01513	0.01026	0.01483	0.00845	0.01030	0.00648	0.00481	0.00521	0.00151	0.05862	0.00364	0.00214	0.00708
9	0.00785	0.00649	0.00950	0.00902	0.00970	0.00814	0.00717	0.00946	0.00781	0.01150	0.01166	0.01739	0.01098	0.03054	0.63073	0.00661	0.19326	0.00505	0.00252	0.00461
10	0.08148	0.01538	0.26666	0.19472	0.14609	0.02640	0.03028	0.03647	0.12425	0.01658	0.01042	0.01231	0.00784	0.00499	0.00470	0.00157	0.00610	0.00418	0.00276	0.00684
11	0.00627	0.00448	0.00602	0.00716	0.00757	0.00423	0.00505	0.00733	0.00968	0.01286	0.02693	0.71282	0.03189	0.01513	0.00635	0.00203	0.00309	0.12248	0.00456	0.00407

[dist]
# distance from previous block
# <min> <max>
0	1

[block]
# block no. 5 follows, 51 sequences, length 28
# corresponding to MSA columns:
# 409-436
name=unknown_F
#
# <colnr> <probs for GDERKNQSTAVLIFYWHMCP>
#	G	D	E	R	K	N	Q	S	T	A	V	L	I	F	Y	W	H	M	C	P
0	0.00656	0.00459	0.00588	0.00670	0.00701	0.00442	0.00453	0.00735	0.00900	0.01196	0.02365	0.50230	0.02781	0.24635	0.01167	0.00282	0.00361	0.10593	0.00411	0.00377
1	0.01052	0.00828	0.00970	0.00776	0.01119	0.00706	0.00617	0.04643	0.08178	0.05253	0.01534	0.08988	0.04992	0.00637	0.00446	0.00116	0.00371	0.06345	0.00369	0.52061
2	0.02413	0.31473	0.37431	0.01164	0.03698	0.02801	0.01283	0.03171	0.01048	0.01437	0.00868	0.01006	0.01865	0.00471	0.00441	0.00133	0.03108	0.00337	0.00227	0.05624
3	0.01003	0.00941	0.01547	0.57287	0.19611	0.01082	0.01329	0.01342	0.02893	0.01373	0.00912	0.01283	0.00707	0.00476	0.00482	0.00154	0.00614	0.00430	0.00235	0.06299
4	0.00663	0.00501	0.00611	0.00584	0.00714	0.00450	0.00438	0.00864	0.01313	0.01786	0.58024	0.03975	0.26133	0.01074	0.00580	0.00158	0.00237	0.00931	0.00517	0.00450
5	0.01019	0.00873	0.01019	0.00728	0.01165	0.00655	0.00582	0.01237	0.01019	0.01601	0.00873	0.01019	0.00728	0.00364	0.00364	0.00073	0.00364	0.00291	0.00291	0.85734
6	0.67867	0.05100	0.14162	0.00782	0.01163	0.01149	0.00762	0.01465	0.00878	0.02046	0.00717	0.00838	0.00552	0.00456	0.00332	0.00150	0.00445	0.00282	0.00283	0.00569
