[name]
unknown

[dist]
# distance from previous block
# <min> <max>
0	47

[block]
# block no. 0 follows, 46 sequences, length 29
# corresponding to MSA columns:
# 47-75
name=unknown_A
#
# <colnr> <probs for GDERKNQSTAVLIFYWHMCP>
#	G	D	E	R	K	N	Q	S	T	A	V	L	I	F	Y	W	H	M	C	P
0	0.00826	0.00590	0.00822	0.00944	0.01055	0.00586	0.00807	0.01051	0.01192	0.01553	0.02813	0.15235	0.03099	0.01485	0.00723	0.00240	0.00465	0.65547	0.00487	0.00480
1	0.01943	0.01222	0.01389	0.01080	0.01463	0.01286	0.00886	0.48903	0.02124	0.21676	0.10922	0.01730	0.01505	0.00695	0.00541	0.00161	0.00508	0.00549	0.00566	0.00850
2	0.00835	0.00594	0.00679	0.00664	0.00709	0.00625	0.00416	0.01037	0.10206	0.01190	0.01702	0.03147	0.01828	0.64216	0.09592	0.00503	0.00585	0.00729	0.00344	0.00398
3	0.01227	0.01149	0.01925	0.06588	0.64994	0.01160	0.01454	0.01504	0.01143	0.01622	0.01075	0.01579	0.00965	0.10466	0.00791	0.00202	0.00617	0.00508	0.00268	0.00762
4	0.01339	0.57998	0.15960	0.01299	0.10995	0.01838	0.01176	0.01604	0.01098	0.01379	0.00804	0.00952	0.00697	0.00463	0.00390	0.00128	0.00611	0.00325	0.00230	0.00716
5	0.00791	0.00590	0.00755	0.00680	0.00847	0.00524	0.00515	0.01039	0.01447	0.02071	0.68352	0.03597	0.04469	0.00996	0.00595	0.00155	0.00267	0.00877	0.00549	0.10886
6	0.01041	0.00985	0.01656	0.68284	0.12767	0.01198	0.01478	0.01382	0.01068	0.01395	0.00939	0.01389	0.00721	0.00533	0.00564	0.00175	0.03099	0.00470	0.00238	0.00618
7	0.01332	0.71720	0.02533	0.00898	0.01306	0.01915	0.00874	0.01504	0.01046	0.01242	0.00819	0.01000	0.00758	0.00886	0.10089	0.00204	0.00670	0.00318	0.00233	0.00653
8	0.00644	0.00460	0.00613	0.00736	0.00767	0.00429	0.00491	0.00736	0.01012	0.01350	0.02914	0.81076	0.03497	0.01656	0.00675	0.00215	0.00307	0.01503	0.00491	0.00429
9	0.23519	0.00958	0.01089	0.00873	0.01225	0.00952	0.00706	0.10187	0.01391	0.43433	0.01610	0.01654	0.01132	0.08164	0.00681	0.00196	0.00460	0.00485	0.00525	0.00761
10	0.01060	0.02735	0.78682	0.01507	0.02288	0.01228	0.01953	0.01674	0.01116	0.01674	0.00949	0.01116	0.00670	0.00502	0.00502	0.00167	0.00781	0.00391	0.00223	0.00781
11	0.01153	0.01202	0.02108	0.01652	0.01861	0.01424	0.29172	0.01399	0.00977	0.01426	0.00902	0.01343	0.00793	0.01030	0.08576	0.00269	0.43312	0.00533	0.00250	0.00619
12	0.00644	0.00460	0.00613	0.00736	0.00767	0.00429	0.00491	0.00736	0.01012	0.01350	0.02914	0.81076	0.03497	0.01656	0.00675	0.00215	0.00307	0.01503	0.00491	0.00429
13	0.01308	0.01256	0.02146	0.03245	0.78123	0.01256	0.01622	0.01622	0.01204	0.01727	0.00994	0.01308	0.00837	0.00471	0.00523	0.00157	0.00628	0.00471	0.00262	0.00837
14	0.00642	0.00469	0.00604	0.00712	0.00761	0.00431	0.00480	0.00739	0.01035	0.01359	0.03203	0.72087	0.12299	0.01619	0.00669	0.00210	0.00302	0.01457	0.00491	0.00431
15	0.00644	0.00460	0.00613	0.00736	0.00767	0.00429	0.00491	0.00736	0.01012	0.01350	0.02914	0.81076	0.03497	0.01656	0.00675	0.00215	0.00307	0.01503	0.00491	0.00429
16	0.85155	0.01022	0.00777	0.00695	0.01022	0.01186	0.00573	0.01554	0.00900	0.02372	0.00736	0.00859	0.00573	0.00491	0.00327	0.00164	0.00409	0.00286	0.00327	0.00573
17	0.00760	0.00549	0.00761	0.00761	0.00824	0.00613	0.00550	0.00887	0.00823	0.01161	0.01497	0.02527	0.01517	0.29173	0.54385	0.00740	0.01122	0.00632	0.00295	0.00423
18	0.01131	0.00960	0.01115	0.00799	0.01267	0.00740	0.00641	0.04150	0.01148	0.01783	0.00952	0.01103	0.00787	0.00401	0.00397	0.00081	0.00399	0.00319	0.00321	0.81507
19	0.01348	0.01458	0.01642	0.27191	0.09390	0.22101	0.02941	0.03137	0.01156	0.01398	0.00871	0.01227	0.00728	0.00701	0.02528	0.00192	0.20674	0.00439	0.00254	0.00622
20	0.01226	0.01209	0.01259	0.01058	0.01319	0.18225	0.07778	0.03445	0.06123	0.03146	0.29298	0.04626	0.02447	0.00774	0.00594	0.00153	0.03686	0.00652	0.00426	0.12556
21	0.00711	0.00512	0.00570	0.00586	0.00641	0.00483	0.00366	0.00762	0.00926	0.01183	0.02890	0.14102	0.23964	0.47952	0.01833	0.00378	0.00415	0.00965	0.00392	0.00371
22	0.01116	0.00969	0.01194	0.01013	0.08442	0.00756	0.00720	0.01358	0.01106	0.01723	0.00945	0.01116	0.00788	0.00399	0.00404	0.00086	0.00414	0.00328	0.00308	0.76814
23	0.00640	0.00476	0.00597	0.00695	0.00756	0.00433	0.00472	0.00741	0.01052	0.01366	0.03418	0.65387	0.18860	0.01591	0.00664	0.00207	0.00299	0.01423	0.00491	0.00433
24	0.01446	0.01401	0.02484	0.01824	0.02300	0.01409	0.47539	0.20398	0.11604	0.02169	0.01262	0.01459	0.00934	0.00529	0.00589	0.00174	0.00752	0.00584	0.00368	0.00776
25	0.01837	0.00906	0.01145	0.00913	0.01243	0.00859	0.00740	0.15979	0.01691	0.42429	0.23703	0.02318	0.02289	0.00773	0.00558	0.00163	0.00417	0.00643	0.00610	0.00784
26	0.00644	0.00462	0.00611	0.00730	0.00765	0.00430	0.00488	0.00737	0.01018	0.01352	0.02988	0.78754	0.05770	0.01647	0.00673	0.00214	0.00306	0.01491	0.00491	0.00430
27	0.03633	0.01380	0.01331	0.01092	0.01441	0.18429	0.00874	0.20590	0.03361	0.32322	0.01514	0.01492	0.01061	0.00933	0.07884	0.00221	0.00683	0.00475	0.00495	0.00788
28	0.01669	0.01610	0.01375	0.01191	0.01512	0.23454	0.00930	0.20366	0.37734	0.02222	0.01561	0.01514	0.01177	0.00649	0.00518	0.00162	0.00609	0.00496	0.00461	0.00788

[dist]
# distance from previous block
# <min> <max>
0	2

[block]
# block no. 1 follows, 46 sequences, length 88
# corresponding to MSA columns:
# 78-127,148-185
name=unknown_B
#
# <colnr> <probs for GDERKNQSTAVLIFYWHMCP>
#	G	D	E	R	K	N	Q	S	T	A	V	L	I	F	Y	W	H	M	C	P
0	0.01426	0.01439	0.01584	0.01242	0.02805	0.18334	0.12107	0.10344	0.01360	0.01793	0.00961	0.01140	0.00774	0.00486	0.00521	0.00123	0.04040	0.00394	0.00318	0.38809
1	0.00979	0.00869	0.01295	0.01122	0.01213	0.01065	0.07908	0.01166	0.02604	0.01316	0.01188	0.01895	0.01147	0.15281	0.23963	0.00444	0.30752	0.00564	0.04712	0.00518
2	0.85155	0.01022	0.00777	0.00695	0.01022	0.01186	0.00573	0.01554	0.00900	0.02372	0.00736	0.00859	0.00573	0.00491	0.00327	0.00164	0.00409	0.00286	0.00327	0.00573
3	0.25750	0.01254	0.01219	0.00982	0.01338	0.03198	0.00804	0.44007	0.01840	0.02843	0.01161	0.01229	0.00856	0.00589	0.00450	0.00155	0.00500	0.00420	0.10656	0.00749
4	0.00774	0.00598	0.00752	0.00750	0.00906	0.00508	0.00530	0.00907	0.01036	0.01457	0.02347	0.58119	0.02718	0.01293	0.00593	0.00176	0.00331	0.01161	0.00440	0.24605
5	0.01826	0.01610	0.30768	0.01162	0.01709	0.00972	0.01228	0.02242	0.04597	0.45929	0.01655	0.01546	0.01078	0.00599	0.00521	0.00166	0.00575	0.00481	0.00485	0.00852
6	0.02004	0.01653	0.01572	0.01241	0.01639	0.14541	0.01008	0.64025	0.02322	0.02993	0.01194	0.01217	0.00863	0.00620	0.00520	0.00155	0.00643	0.00453	0.00486	0.00852
7	0.00769	0.00513	0.00577	0.00577	0.00577	0.00513	0.00320	0.00769	0.00769	0.01025	0.01666	0.03460	0.01922	0.81421	0.02691	0.00513	0.00513	0.00769	0.00320	0.00320
8	0.01149	0.01098	0.01694	0.02008	0.30583	0.01323	0.01253	0.01352	0.00967	0.01438	0.00927	0.01366	0.00852	0.01252	0.14024	0.00305	0.37018	0.00483	0.00251	0.00660
9	0.01152	0.00634	0.00774	0.00696	0.00916	0.00550	0.00537	0.01324	0.01331	0.23674	0.18181	0.11096	0.34820	0.01122	0.00603	0.00175	0.00320	0.00954	0.00555	0.00585
10	0.00750	0.00548	0.00748	0.00718	0.00834	0.00545	0.00545	0.00982	0.01311	0.01864	0.55906	0.03412	0.03936	0.01909	0.23214	0.00362	0.00584	0.00844	0.00496	0.00491
11	0.01995	0.01016	0.01244	0.00980	0.01334	0.01004	0.00791	0.23770	0.03215	0.43098	0.03184	0.01857	0.01322	0.08421	0.04081	0.00225	0.00531	0.00548	0.00567	0.00818
12	0.01203	0.34632	0.48033	0.01264	0.01912	0.01577	0.01530	0.01637	0.01099	0.01500	0.00862	0.01008	0.00673	0.00482	0.00436	0.00145	0.00694	0.00347	0.00224	0.00740
13	0.00675	0.00510	0.00623	0.00652	0.00759	0.00459	0.00467	0.00834	0.01239	0.01642	0.29849	0.31643	0.26003	0.01361	0.00642	0.00187	0.00275	0.01197	0.00523	0.00459
14	0.00642	0.00468	0.00605	0.00714	0.00761	0.00431	0.00481	0.00739	0.01034	0.01358	0.03186	0.72599	0.11798	0.01621	0.00669	0.00211	0.00302	0.01460	0.00491	0.00431
15	0.01227	0.01368	0.02893	0.09534	0.02787	0.01321	0.65951	0.01708	0.04452	0.01683	0.01103	0.01448	0.00827	0.00465	0.00611	0.00178	0.00854	0.00608	0.00276	0.00706
16	0.00918	0.00459	0.00689	0.00689	0.00689	0.00459	0.00459	0.00689	0.00689	0.00918	0.00918	0.01607	0.00918	0.01837	0.02066	0.84619	0.00459	0.00459	0.00230	0.00230
17	0.00651	0.00465	0.00617	0.00729	0.00763	0.00434	0.00487	0.00748	0.01027	0.01375	0.06089	0.76001	0.03524	0.03458	0.00719	0.00219	0.00309	0.01463	0.00491	0.00430
18	0.01683	0.00797	0.00986	0.00803	0.01125	0.00705	0.00648	0.06485	0.01456	0.44409	0.03282	0.03021	0.30500	0.00914	0.00567	0.00169	0.00389	0.00751	0.00584	0.00727
19	0.47433	0.09069	0.02829	0.03231	0.01345	0.20407	0.00796	0.06451	0.01173	0.02019	0.00800	0.00928	0.00636	0.00511	0.00387	0.00152	0.00584	0.00319	0.00312	0.00618
20	0.00803	0.00689	0.01129	0.23672	0.01780	0.00729	0.07917	0.01003	0.01047	0.01382	0.02173	0.50691	0.02441	0.01218	0.00628	0.00200	0.00476	0.01123	0.00396	0.00501
21	0.00701	0.00505	0.00688	0.00797	0.00856	0.00492	0.00586	0.00836	0.01046	0.01391	0.02788	0.55541	0.04434	0.01825	0.08110	0.00280	0.00451	0.17758	0.00470	0.00447
22	0.01068	0.04503	0.76983	0.01493	0.02267	0.01247	0.01930	0.01672	0.01115	0.01665	0.00944	0.01110	0.00670	0.00501	0.00499	0.00166	0.00776	0.00388	0.00223	0.00779
23	0.01088	0.00930	0.01087	0.00780	0.01242	0.00700	0.00623	0.01323	0.01106	0.01732	0.02798	0.01165	0.00885	0.00408	0.00397	0.00080	0.00388	0.00329	0.00320	0.82619
24	0.61264	0.01420	0.00977	0.00880	0.01192	0.21822	0.00697	0.01730	0.02804	0.02083	0.00790	0.00909	0.00625	0.00510	0.00371	0.00157	0.00553	0.00308	0.00318	0.00589
25	0.01555	0.00822	0.01024	0.00895	0.01160	0.00794	0.00698	0.08344	0.10907	0.32932	0.05670	0.23263	0.06131	0.00998	0.00583	0.00181	0.00402	0.02353	0.00570	0.00717
26	0.00922	0.00723	0.00849	0.00784	0.00963	0.00742	0.00602	0.05080	0.17618	0.02065	0.43797	0.05768	0.13081	0.01035	0.00623	0.00174	0.01660	0.02385	0.00548	0.00583
27	0.00644	0.00462	0.00612	0.00731	0.00766	0.00430	0.00489	0.00737	0.01017	0.01351	0.02973	0.79239	0.05296	0.01649	0.00674	0.00214	0.00306	0.01494	0.00491	0.00430
28	0.04806	0.00968	0.01175	0.00919	0.01304	0.00887	0.00742	0.13439	0.03319	0.35944	0.01706	0.08995	0.01302	0.00676	0.00503	0.00147	0.00440	0.00553	0.00520	0.21655
29	0.85155	0.01022	0.00777	0.00695	0.01022	0.01186	0.00573	0.01554	0.00900	0.02372	0.00736	0.00859	0.00573	0.00491	0.00327	0.00164	0.00409	0.00286	0.00327	0.00573
30	0.58674	0.01268	0.01026	0.00875	0.01218	0.08751	0.00712	0.18282	0.01310	0.02483	0.00863	0.00959	0.00656	0.00528	0.00386	0.00160	0.00499	0.00334	0.00367	0.00649
31	0.00920	0.00741	0.00844	0.00783	0.00976	0.00767	0.00597	0.01573	0.27100	0.02038	0.40297	0.03466	0.15804	0.01000	0.00595	0.00173	0.00310	0.00861	0.00552	0.00605
32	0.01193	0.15651	0.30239	0.23957	0.02409	0.02822	0.03648	0.03150	0.02824	0.03680	0.00962	0.01203	0.00730	0.00534	0.00552	0.00164	0.04912	0.00415	0.00255	0.00699
33	0.01600	0.01320	0.01353	0.01140	0.01484	0.04609	0.00907	0.30128	0.46321	0.02591	0.01769	0.01669	0.01310	0.00679	0.00532	0.00170	0.00501	0.00542	0.00524	0.00851
34	0.01085	0.02571	0.69468	0.01623	0.04459	0.01239	0.08888	0.01675	0.01131	0.01677	0.00961	0.01151	0.00687	0.00496	0.00514	0.00168	0.00787	0.00415	0.00228	0.00776
35	0.01189	0.07583	0.36661	0.01569	0.02125	0.09020	0.21500	0.01620	0.01171	0.01573	0.01134	0.08712	0.00974	0.00605	0.00561	0.00169	0.02321	0.00547	0.00266	0.00702
36	0.01218	0.21273	0.30303	0.01633	0.02227	0.01485	0.29838	0.01652	0.01150	0.01570	0.00938	0.01170	0.00722	0.00476	0.00532	0.00160	0.02230	0.00454	0.00241	0.00727
37	0.00998	0.00940	0.01586	0.80150	0.03641	0.01175	0.01468	0.01351	0.01057	0.01351	0.00940	0.01409	0.00705	0.00529	0.00529	0.00176	0.00705	0.00470	0.00235	0.00587
38	0.00768	0.00595	0.00706	0.00669	0.00824	0.00562	0.00504	0.01104	0.08559	0.01940	0.50962	0.04072	0.24526	0.01117	0.00616	0.00171	0.00270	0.00966	0.00553	0.00516
39	0.00761	0.00643	0.01085	0.01019	0.01145	0.00602	0.14567	0.00922	0.01061	0.01419	0.02568	0.64509	0.02985	0.01427	0.00667	0.00209	0.00420	0.03059	0.00449	0.00483
40	0.00677	0.00474	0.00604	0.00694	0.00716	0.00452	0.00445	0.00745	0.00947	0.01263	0.02581	0.60403	0.03077	0.22902	0.01212	0.00294	0.00362	0.01307	0.00445	0.00400
41	0.00699	0.00538	0.00638	0.00613	0.00760	0.00478	0.00460	0.00902	0.01380	0.01844	0.48965	0.04403	0.34039	0.01184	0.00624	0.00171	0.00257	0.01020	0.00546	0.00478
42	0.00998	0.00940	0.01586	0.80150	0.03641	0.01175	0.01468	0.01351	0.01057	0.01351	0.00940	0.01409	0.00705	0.00529	0.00529	0.00176	0.00705	0.00470	0.00235	0.00587
43	0.01987	0.01391	0.01518	0.01169	0.01578	0.01517	0.00964	0.66801	0.02360	0.09734	0.04614	0.01429	0.01109	0.00655	0.00533	0.00159	0.00556	0.00501	0.00542	0.00882
44	0.06589	0.00872	0.01154	0.00902	0.01279	0.00772	0.00740	0.02373	0.01479	0.67264	0.09165	0.01953	0.01617	0.00686	0.00530	0.00164	0.00429	0.00559	0.00630	0.00845
45	0.01282	0.01089	0.01161	0.01041	0.01327	0.01247	0.00810	0.04770	0.67861	0.02235	0.09270	0.02139	0.01912	0.00749	0.00546	0.00177	0.00407	0.00628	0.00542	0.00807
46	0.01060	0.02735	0.78682	0.01507	0.02288	0.01228	0.01953	0.01674	0.01116	0.01674	0.00949	0.01116	0.00670	0.00502	0.00502	0.00167	0.00781	0.00391	0.00223	0.00781
47	0.00769	0.00513	0.00577	0.00577	0.00577	0.00513	0.00320	0.00769	0.00769	0.01025	0.01666	0.03460	0.01922	0.81421	0.02691	0.00513	0.00513	0.00769	0.00320	0.00320
48	0.00721	0.00493	0.00591	0.00637	0.00649	0.00481	0.00385	0.00756	0.00862	0.01149	0.02142	0.33064	0.02523	0.50997	0.01922	0.00399	0.00434	0.01049	0.00385	0.00362
49	0.00896	0.00570	0.00751	0.00695	0.00841	0.00521	0.00525	0.01133	0.01473	0.09287	0.66759	0.07797	0.04563	0.01071	0.00618	0.00169	0.00271	0.00945	0.00584	0.00533
50	0.01239	0.01067	0.01125	0.01023	0.01306	0.01217	0.00796	0.02577	0.68275	0.02123	0.02469	0.02357	0.08847	0.00793	0.00550	0.00181	0.00406	0.02325	0.00532	0.00792
51	0.01300	0.01248	0.02131	0.05314	0.76119	0.01254	0.01618	0.01615	0.01200	0.01717	0.00993	0.01311	0.00834	0.00473	0.00524	0.00158	0.00630	0.00471	0.00261	0.00831
52	0.02133	0.01283	0.01464	0.01122	0.01541	0.01345	0.00927	0.51197	0.02154	0.28963	0.01548	0.01450	0.01039	0.00641	0.00530	0.00160	0.00537	0.00495	0.00572	0.00899
53	0.16160	0.01130	0.01260	0.02899	0.01433	0.04201	0.00825	0.20592	0.01639	0.42164	0.01579	0.01467	0.01044	0.00615	0.00494	0.00162	0.00502	0.00467	0.00543	0.00825
54	0.00631	0.00536	0.00545	0.00542	0.00718	0.00449	0.00407	0.00771	0.01220	0.01465	0.09182	0.05028	0.74059	0.01325	0.00625	0.00178	0.00267	0.01107	0.00496	0.00449
55	0.01198	0.01144	0.01947	0.30524	0.51704	0.01227	0.01568	0.01526	0.01152	0.01594	0.00975	0.01344	0.00790	0.00491	0.00525	0.00164	0.00655	0.00471	0.00252	0.00749
56	0.00659	0.00486	0.00618	0.00705	0.00773	0.00446	0.00491	0.00778	0.01097	0.01441	0.09989	0.57929	0.16507	0.01542	0.00664	0.00205	0.00302	0.04426	0.00499	0.00441
57	0.01975	0.02520	0.01498	0.01362	0.01634	0.79299	0.01021	0.02111	0.01498	0.01294	0.00817	0.00953	0.00681	0.00545	0.00477	0.00136	0.00953	0.00340	0.00272	0.00613
58	0.01096	0.00940	0.01096	0.00783	0.01253	0.00705	0.00626	0.01331	0.01096	0.01723	0.00940	0.01096	0.00783	0.00392	0.00392	0.00078	0.00392	0.00313	0.00313	0.84653
59	0.00969	0.00908	0.01498	0.71093	0.04859	0.01107	0.01371	0.01300	0.01074	0.01366	0.01358	0.01755	0.07994	0.00604	0.00538	0.00176	0.00662	0.00531	0.00260	0.00579
60	0.01266	0.01213	0.02070	0.13702	0.67995	0.01245	0.01601	0.01585	0.01184	0.01676	0.00987	0.01322	0.00819	0.00479	0.00524	0.00160	0.00638	0.00471	0.00258	0.00803
61	0.00644	0.00460	0.00613	0.00736	0.00767	0.00429	0.00491	0.00736	0.01012	0.01350	0.02914	0.81076	0.03497	0.01656	0.00675	0.00215	0.00307	0.01503	0.00491	0.00429
62	0.00755	0.00566	0.00850	0.00850	0.00944	0.00661	0.00661	0.00944	0.00850	0.01227	0.01416	0.02077	0.01322	0.03965	0.79326	0.00850	0.01416	0.00566	0.00283	0.00472
63	0.02338	0.00955	0.01261	0.00967	0.01377	0.00858	0.00799	0.09540	0.01605	0.71396	0.02009	0.01749	0.01270	0.00652	0.00531	0.00163	0.00462	0.00526	0.00642	0.00900
64	0.02198	0.01179	0.01400	0.01073	0.01489	0.01192	0.00887	0.38063	0.01981	0.42342	0.01693	0.01544	0.01112	0.00645	0.00530	0.00161	0.00513	0.00505	0.00594	0.00899
65	0.02121	0.01269	0.01451	0.01116	0.01532	0.01330	0.00921	0.48808	0.03854	0.29656	0.01576	0.01471	0.01059	0.00643	0.00530	0.00161	0.00532	0.00498	0.00573	0.00898
66	0.01810	0.00828	0.01096	0.00909	0.01222	0.00758	0.00747	0.07245	0.01538	0.47242	0.17504	0.02765	0.02263	0.00849	0.00577	0.00175	0.00423	0.10681	0.00608	0.00762
67	0.01214	0.00644	0.00856	0.00744	0.00950	0.00579	0.00579	0.01451	0.01501	0.24041	0.56099	0.03332	0.03932	0.00958	0.00597	0.00165	0.00307	0.00834	0.00603	0.00614
68	0.01815	0.01094	0.01262	0.01044	0.01402	0.01155	0.00838	0.13029	0.37845	0.31462	0.02003	0.01808	0.01397	0.00682	0.00534	0.00170	0.00453	0.00555	0.00581	0.00869
69	0.02313	0.00882	0.01195	0.00921	0.01318	0.00765	0.00760	0.02519	0.01496	0.75217	0.02070	0.01807	0.01311	0.00653	0.00525	0.00162	0.00441	0.00530	0.04234	0.00882
70	0.07382	0.01052	0.01461	0.01569	0.20205	0.01062	0.04118	0.04405	0.17052	0.26068	0.03554	0.03656	0.01388	0.00671	0.00535	0.00170	0.00500	0.03870	0.00478	0.00802
71	0.01066	0.02698	0.76562	0.01527	0.02301	0.01231	0.04036	0.01675	0.01120	0.01675	0.00952	0.01125	0.00673	0.00501	0.00506	0.00168	0.00784	0.00397	0.00224	0.00779
72	0.00644	0.00460	0.00613	0.00736	0.00767	0.00429	0.00491	0.00736	0.01012	0.01350	0.02914	0.81076	0.03497	0.01656	0.00675	0.00215	0.00307	0.01503	0.00491	0.00429
73	0.01018	0.01058	0.02164	0.01659	0.02002	0.00991	0.47325	0.01328	0.01158	0.01562	0.01773	0.31806	0.01830	0.00907	0.00643	0.00192	0.00668	0.00959	0.00353	0.00605
74	0.01308	0.01256	0.02146	0.03245	0.78123	0.01256	0.01622	0.01622	0.01204	0.01727	0.00994	0.01308	0.00837	0.00471	0.00523	0.00157	0.00628	0.00471	0.00262	0.00837
75	0.00687	0.00538	0.00622	0.00601	0.00752	0.00473	0.00451	0.00879	0.01352	0.01776	0.41821	0.04515	0.41226	0.01209	0.00624	0.00172	0.00259	0.01035	0.00537	0.00473
76	0.01261	0.01079	0.01149	0.01037	0.01319	0.01238	0.00805	0.02638	0.70026	0.02203	0.09296	0.02159	0.01932	0.00752	0.00546	0.00178	0.00402	0.00632	0.00542	0.00805
77	0.01337	0.01193	0.01487	0.44730	0.02674	0.08617	0.01217	0.13943	0.11931	0.03880	0.01200	0.01446	0.00893	0.00579	0.00521	0.00168	0.00650	0.00479	0.02373	0.00682
78	0.00660	0.00471	0.00632	0.00754	0.00792	0.00443	0.00518	0.00764	0.01028	0.01367	0.02905	0.75319	0.03462	0.01641	0.00679	0.00217	0.00321	0.07102	0.00490	0.00434
79	0.00642	0.00467	0.00606	0.00717	0.00762	0.00431	0.00482	0.00738	0.01030	0.01357	0.03144	0.73904	0.10520	0.01626	0.00670	0.00211	0.00303	0.01466	0.00491	0.00431
80	0.00787	0.00663	0.00702	0.00692	0.00886	0.00638	0.00535	0.01208	0.16689	0.01600	0.04395	0.06580	0.53284	0.01232	0.00618	0.00186	0.00320	0.07953	0.00500	0.00529
81	0.02123	0.01061	0.01298	0.01021	0.01415	0.01047	0.00835	0.18248	0.14005	0.50178	0.01923	0.01715	0.01271	0.00660	0.00532	0.00165	0.00473	0.00531	0.00609	0.00889
82	0.01479	0.01091	0.01249	0.00922	0.01373	0.00980	0.00749	0.22985	0.01534	0.09430	0.01142	0.01212	0.00866	0.00486	0.00444	0.00109	0.00452	0.00381	0.00407	0.52707
83	0.16712	0.01197	0.05487	0.07594	0.01701	0.03262	0.10825	0.05374	0.09795	0.05874	0.02672	0.01320	0.00943	0.00514	0.00465	0.00143	0.00536	0.00431	0.00356	0.24800
84	0.04364	0.01297	0.02287	0.05534	0.24073	0.01296	0.31214	0.10483	0.04996	0.07397	0.01178	0.01406	0.00886	0.00508	0.00559	0.00168	0.00701	0.00537	0.00337	0.00779
85	0.03013	0.01217	0.01210	0.01025	0.01304	0.13718	0.04440	0.18683	0.11847	0.03961	0.20669	0.02506	0.12524	0.00826	0.00559	0.00164	0.00504	0.00681	0.00482	0.00668
86	0.01277	0.09904	0.24598	0.01232	0.03497	0.01253	0.04197	0.03308	0.25671	0.08115	0.01831	0.01816	0.08331	0.00664	0.00537	0.00167	0.01904	0.00540	0.00394	0.00764
87	0.28376	0.06928	0.17850	0.04375	0.01635	0.01159	0.08098	0.03253	0.01160	0.14727	0.02814	0.01439	0.04926	0.00575	0.00462	0.00164	0.00557	0.00450	0.00361	0.00692

[dist]
# distance from previous block
# <min> <max>
0	15

[block]
# block no. 2 follows, 46 sequences, length 162
# corresponding to MSA columns:
# 201-362
name=unknown_C
#
# <colnr> <probs for GDERKNQSTAVLIFYWHMCP>
#	G	D	E	R	K	N	Q	S	T	A	V	L	I	F	Y	W	H	M	C	P
0	0.01245	0.16228	0.23498	0.05839	0.01771	0.01361	0.05747	0.01515	0.01029	0.07603	0.00946	0.01219	0.00765	0.00743	0.00934	0.09163	0.19052	0.00425	0.00264	0.00651
1	0.01178	0.20176	0.45095	0.01508	0.02148	0.01453	0.16062	0.01647	0.01125	0.01571	0.00918	0.01117	0.00698	0.00491	0.00520	0.00159	0.02749	0.00413	0.00233	0.00740
2	0.01087	0.03407	0.45968	0.27140	0.04630	0.01233	0.01713	0.04529	0.01155	0.01627	0.00985	0.01294	0.00732	0.00530	0.00513	0.00170	0.00736	0.01589	0.00244	0.00718
3	0.01192	0.24491	0.46611	0.01551	0.10120	0.01475	0.04398	0.01644	0.01119	0.01561	0.00899	0.01074	0.00695	0.00483	0.00464	0.00152	0.00709	0.00378	0.00230	0.00756
4	0.01378	0.01452	0.02245	0.01709	0.02102	0.13224	0.41037	0.12478	0.01423	0.01812	0.01330	0.13277	0.01200	0.00678	0.00614	0.00175	0.02156	0.00688	0.00339	0.00680
5	0.00743	0.03787	0.00826	0.00751	0.00884	0.00649	0.00585	0.00913	0.00975	0.01301	0.03946	0.02978	0.24135	0.04181	0.50191	0.00603	0.01006	0.00729	0.00349	0.00471
6	0.03200	0.01018	0.01672	0.44692	0.26751	0.01172	0.01408	0.01418	0.01084	0.01512	0.00991	0.01401	0.00792	0.00657	0.03504	0.00195	0.03808	0.00470	0.03595	0.00657
7	0.01935	0.01457	0.01646	0.01432	0.09781	0.01599	0.01071	0.68404	0.02349	0.03161	0.01240	0.01273	0.00892	0.00617	0.00528	0.00158	0.00587	0.00475	0.00500	0.00892
8	0.00806	0.00680	0.00931	0.00942	0.00963	0.00805	0.00701	0.00905	0.00948	0.01325	0.02214	0.55876	0.02613	0.01426	0.01009	0.00220	0.25578	0.01175	0.00409	0.00476
9	0.01555	0.01841	0.01269	0.01221	0.04411	0.51342	0.00880	0.01725	0.01458	0.01527	0.20775	0.06377	0.01959	0.00744	0.00528	0.00149	0.00722	0.00571	0.00364	0.00582
10	0.01136	0.01872	0.34547	0.01608	0.02233	0.01153	0.28374	0.01606	0.01159	0.01692	0.00990	0.01223	0.00742	0.00458	0.00522	0.00152	0.00736	0.00458	0.00259	0.19082
11	0.00761	0.00553	0.00655	0.00621	0.00780	0.00488	0.00469	0.00960	0.01374	0.04868	0.44255	0.04344	0.35597	0.01173	0.00620	0.00171	0.00265	0.01007	0.00546	0.00493
12	0.01413	0.81739	0.02770	0.00905	0.01357	0.02092	0.00905	0.01583	0.01074	0.01244	0.00735	0.00848	0.00678	0.00452	0.00339	0.00113	0.00565	0.00283	0.00226	0.00678
13	0.00638	0.00515	0.00558	0.00590	0.00720	0.00446	0.00420	0.00753	0.01130	0.01385	0.04513	0.24555	0.54354	0.06056	0.00757	0.00207	0.00292	0.01195	0.00481	0.00435
14	0.50024	0.09759	0.01244	0.00882	0.01253	0.01425	0.00744	0.25145	0.01418	0.02554	0.00904	0.00987	0.00687	0.00532	0.00392	0.00157	0.00480	0.00346	0.00380	0.00687
15	0.01413	0.81739	0.02770	0.00905	0.01357	0.02092	0.00905	0.01583	0.01074	0.01244	0.00735	0.00848	0.00678	0.00452	0.00339	0.00113	0.00565	0.00283	0.00226	0.00678
16	0.01275	0.01222	0.02086	0.11432	0.70194	0.01247	0.01606	0.01594	0.01188	0.01687	0.00989	0.01319	0.00823	0.00477	0.00524	0.00159	0.00636	0.00471	0.00259	0.00811
17	0.00776	0.00591	0.00740	0.00813	0.00952	0.00566	0.00673	0.01016	0.03945	0.01535	0.03632	0.11687	0.27840	0.01409	0.00684	0.00217	0.00397	0.41556	0.00490	0.00481
18	0.01347	0.40895	0.26202	0.01386	0.09846	0.09230	0.01319	0.01667	0.01142	0.01434	0.00837	0.00991	0.00693	0.00479	0.00423	0.00137	0.00677	0.00342	0.00234	0.00721
19	0.01396	0.45340	0.27594	0.01136	0.01694	0.01651	0.02919	0.01721	0.01139	0.09619	0.00957	0.01050	0.00745	0.00490	0.00420	0.00138	0.00631	0.00352	0.00272	0.00737
20	0.00682	0.00511	0.00717	0.09190	0.01073	0.00509	0.00595	0.00802	0.01017	0.01350	0.02704	0.72595	0.03199	0.01536	0.00659	0.00211	0.00349	0.01393	0.00464	0.00446
21	0.01123	0.01091	0.01926	0.47606	0.27033	0.01218	0.09473	0.01473	0.01124	0.01506	0.00971	0.01379	0.00757	0.00502	0.00537	0.00170	0.00700	0.00487	0.00247	0.00680
22	0.01145	0.01073	0.01778	0.37132	0.37072	0.01185	0.01473	0.01526	0.04652	0.01574	0.01128	0.01653	0.00942	0.00565	0.00538	0.00172	0.00644	0.04765	0.00276	0.00706
23	0.10673	0.00799	0.01015	0.00828	0.01138	0.00733	0.00668	0.01970	0.01443	0.46306	0.25830	0.02377	0.02390	0.00771	0.00539	0.00164	0.00382	0.00639	0.00597	0.00738
24	0.00998	0.00940	0.01586	0.80150	0.03641	0.01175	0.01468	0.01351	0.01057	0.01351	0.00940	0.01409	0.00705	0.00529	0.00529	0.00176	0.00705	0.00470	0.00235	0.00587
25	0.27591	0.05339	0.51096	0.01227	0.01852	0.01249	0.01476	0.01633	0.01046	0.01877	0.00873	0.01024	0.00639	0.00497	0.00441	0.00164	0.00655	0.00353	0.00256	0.00711
26	0.00644	0.00460	0.00613	0.00736	0.00767	0.00429	0.00491	0.00736	0.01012	0.01350	0.02914	0.81076	0.03497	0.01656	0.00675	0.00215	0.00307	0.01503	0.00491	0.00429
27	0.02089	0.01354	0.01508	0.01156	0.01576	0.01451	0.00955	0.60239	0.02273	0.19753	0.01448	0.01385	0.00989	0.00639	0.00529	0.00160	0.00553	0.00488	0.00556	0.00899
28	0.01997	0.01325	0.01469	0.01145	0.01551	0.01431	0.00940	0.53037	0.11294	0.17927	0.01536	0.01458	0.01065	0.00648	0.00530	0.00162	0.00536	0.00502	0.00555	0.00892
29	0.01272	0.37934	0.33793	0.01309	0.01898	0.04540	0.09353	0.01652	0.01126	0.01469	0.00861	0.01023	0.00688	0.00475	0.00441	0.00143	0.00703	0.00365	0.00231	0.00722
30	0.00644	0.00460	0.00613	0.00736	0.00767	0.00429	0.00491	0.00736	0.01012	0.01350	0.02914	0.81076	0.03497	0.01656	0.00675	0.00215	0.00307	0.01503	0.00491	0.00429
31	0.01278	0.01076	0.01136	0.01020	0.01311	0.01221	0.00794	0.04489	0.65793	0.03525	0.02469	0.02283	0.09712	0.00780	0.00547	0.00178	0.00407	0.00649	0.00535	0.00798
32	0.01477	0.01771	0.02608	0.01955	0.02407	0.25919	0.52497	0.01825	0.01327	0.01567	0.00990	0.01277	0.00764	0.00477	0.00577	0.00165	0.00911	0.00535	0.00269	0.00681
33	0.04125	0.00931	0.01516	0.62241	0.07520	0.01106	0.03264	0.01320	0.01080	0.01428	0.01409	0.01775	0.08929	0.00608	0.00533	0.00175	0.00648	0.00536	0.00268	0.00589
34	0.85155	0.01022	0.00777	0.00695	0.01022	0.01186	0.00573	0.01554	0.00900	0.02372	0.00736	0.00859	0.00573	0.00491	0.00327	0.00164	0.00409	0.00286	0.00327	0.00573
35	0.03496	0.00948	0.01219	0.00960	0.01348	0.00882	0.00785	0.05168	0.11814	0.62961	0.03348	0.01826	0.01387	0.00667	0.00531	0.00166	0.00446	0.00542	0.00628	0.00879
36	0.08248	0.00946	0.03100	0.00914	0.01261	0.00881	0.00755	0.02260	0.16583	0.43164	0.11200	0.02131	0.04742	0.00728	0.00531	0.00168	0.00418	0.00596	0.00580	0.00793
37	0.00641	0.00473	0.00600	0.00702	0.00758	0.00432	0.00475	0.00740	0.01045	0.01363	0.03332	0.68074	0.16229	0.01602	0.00666	0.00209	0.00300	0.01437	0.00491	0.00432
38	0.00891	0.00740	0.01063	0.00983	0.01052	0.00924	0.01909	0.01052	0.00853	0.01273	0.01241	0.01904	0.01182	0.08764	0.45740	0.00597	0.23818	0.00549	0.04970	0.00496
39	0.01318	0.60385	0.23289	0.01067	0.01609	0.01858	0.01188	0.01608	0.01086	0.01360	0.00793	0.00920	0.00676	0.00466	0.00383	0.00128	0.00624	0.00312	0.00225	0.00706
40	0.00656	0.00468	0.00627	0.00749	0.00785	0.00439	0.00511	0.00756	0.01024	0.01363	0.02907	0.76878	0.03471	0.01645	0.00678	0.00216	0.00317	0.05587	0.00491	0.00433
41	0.00644	0.00460	0.00613	0.00736	0.00767	0.00429	0.00491	0.00736	0.01012	0.01350	0.02914	0.81076	0.03497	0.01656	0.00675	0.00215	0.00307	0.01503	0.00491	0.00429
42	0.10555	0.01252	0.01656	0.01757	0.23916	0.01317	0.05203	0.30854	0.02955	0.08752	0.01297	0.05823	0.01034	0.00622	0.00520	0.00164	0.00565	0.00527	0.00423	0.00808
43	0.01395	0.01404	0.02109	0.02944	0.64431	0.09578	0.05077	0.03611	0.01270	0.01721	0.00986	0.01275	0.00821	0.00482	0.00523	0.00156	0.00674	0.00465	0.00270	0.00809
44	0.01060	0.02735	0.78682	0.01507	0.02288	0.01228	0.01953	0.01674	0.01116	0.01674	0.00949	0.01116	0.00670	0.00502	0.00502	0.00167	0.00781	0.00391	0.00223	0.00781
45	0.00751	0.00557	0.00716	0.00813	0.00888	0.00554	0.00589	0.01018	0.09154	0.01481	0.02813	0.59807	0.03218	0.01523	0.00670	0.00216	0.00349	0.13904	0.00495	0.00483
46	0.03951	0.00888	0.09060	0.03938	0.01123	0.04483	0.01963	0.01031	0.01179	0.01595	0.18073	0.32780	0.15531	0.01201	0.00608	0.00186	0.00400	0.01051	0.00450	0.00509
47	0.01757	0.04163	0.01560	0.01357	0.01566	0.57979	0.01052	0.01888	0.01316	0.01287	0.00784	0.01001	0.00684	0.00637	0.00787	0.00159	0.20784	0.00370	0.00261	0.00606
48	0.01179	0.01148	0.02027	0.33742	0.40459	0.01232	0.09500	0.01522	0.01150	0.01574	0.00981	0.01361	0.00781	0.00491	0.00536	0.00167	0.00687	0.00487	0.00252	0.00725
49	0.01101	0.02438	0.64549	0.09932	0.05237	0.01240	0.01851	0.04610	0.01168	0.01708	0.00962	0.01161	0.00689	0.00509	0.00507	0.00168	0.00759	0.00405	0.00238	0.00767
50	0.04809	0.00910	0.01154	0.01116	0.09358	0.00889	0.02028	0.08298	0.10603	0.24768	0.10064	0.02656	0.19426	0.00832	0.00555	0.00168	0.00420	0.00698	0.00523	0.00724
51	0.01001	0.00944	0.01569	0.73673	0.03444	0.01188	0.01429	0.01334	0.01041	0.01346	0.00963	0.02963	0.00759	0.00576	0.00607	0.00180	0.05671	0.00490	0.00240	0.00584
52	0.01232	0.01331	0.01089	0.01059	0.01232	0.30520	0.03121	0.01445	0.04733	0.01445	0.05081	0.28000	0.05029	0.01091	0.00596	0.00183	0.00598	0.11270	0.00406	0.00538
53	0.01658	0.00890	0.01099	0.00907	0.01204	0.00866	0.00723	0.17495	0.04017	0.32414	0.20035	0.10709	0.03892	0.00874	0.00570	0.00169	0.00410	0.00738	0.00586	0.00743
54	0.01230	0.01395	0.03018	0.02169	0.02677	0.01321	0.72366	0.01659	0.01231	0.01674	0.01106	0.03414	0.00867	0.00488	0.00654	0.00181	0.02935	0.00642	0.00272	0.00702
55	0.02112	0.01087	0.01317	0.01027	0.01421	0.01079	0.00842	0.25797	0.07610	0.45913	0.04849	0.01731	0.01349	0.00670	0.00535	0.00163	0.00481	0.00536	0.00603	0.00879
56	0.10318	0.01454	0.01873	0.01478	0.01856	0.14633	0.26828	0.02078	0.25176	0.01851	0.01318	0.01438	0.01009	0.00563	0.00559	0.00167	0.02675	0.00516	0.00361	0.03850
57	0.01015	0.00966	0.01657	0.75316	0.05474	0.01183	0.04262	0.01370	0.01068	0.01373	0.00946	0.01408	0.00712	0.00524	0.00532	0.00176	0.00710	0.00476	0.00237	0.00598
58	0.01355	0.01107	0.01435	0.01060	0.01498	0.01008	0.08778	0.17610	0.01416	0.05098	0.01095	0.02575	0.00874	0.00503	0.00509	0.00118	0.03626	0.00416	0.00368	0.49551
59	0.00727	0.00525	0.00706	0.00821	0.00897	0.00503	0.00632	0.00883	0.01106	0.01448	0.03009	0.46221	0.07620	0.01558	0.00694	0.00224	0.00377	0.31105	0.00489	0.00454
60	0.01060	0.02735	0.78682	0.01507	0.02288	0.01228	0.01953	0.01674	0.01116	0.01674	0.00949	0.01116	0.00670	0.00502	0.00502	0.00167	0.00781	0.00391	0.00223	0.00781
61	0.00789	0.00569	0.00717	0.00787	0.00860	0.00558	0.00545	0.08787	0.01169	0.01561	0.02739	0.72580	0.03220	0.01547	0.00659	0.00209	0.00336	0.01394	0.00495	0.00479
62	0.03209	0.00778	0.00944	0.00843	0.01058	0.00766	0.00646	0.15837	0.01517	0.16830	0.20785	0.26783	0.05646	0.01086	0.00596	0.00180	0.00375	0.00940	0.00548	0.00632
63	0.10650	0.01433	0.01362	0.01124	0.01484	0.11202	0.00902	0.34747	0.21911	0.07652	0.01444	0.01407	0.01054	0.00631	0.00504	0.00162	0.00558	0.00475	0.00486	0.00812
64	0.01272	0.00758	0.00941	0.00822	0.01054	0.00744	0.00641	0.01779	0.17842	0.21002	0.42786	0.02991	0.03351	0.00897	0.00582	0.00168	0.00335	0.00774	0.00590	0.00671
65	0.01060	0.02735	0.78682	0.01507	0.02288	0.01228	0.01953	0.01674	0.01116	0.01674	0.00949	0.01116	0.00670	0.00502	0.00502	0.00167	0.00781	0.00391	0.00223	0.00781
66	0.01129	0.01073	0.01822	0.47714	0.35055	0.01209	0.01533	0.01465	0.01119	0.01509	0.00963	0.01367	0.00761	0.00504	0.00526	0.00168	0.00672	0.00470	0.00246	0.00693
67	0.01066	0.00890	0.00950	0.00863	0.01108	0.00956	0.00667	0.06025	0.39385	0.02027	0.14077	0.03148	0.24777	0.00951	0.00576	0.00176	0.00358	0.00797	0.00530	0.00675
68	0.00658	0.00498	0.00612	0.00696	0.00782	0.00452	0.00497	0.00778	0.01093	0.01397	0.03673	0.49895	0.26916	0.01537	0.00664	0.00206	0.00312	0.08405	0.00490	0.00440
69	0.01359	0.01370	0.02040	0.08162	0.65024	0.09559	0.01548	0.01656	0.01225	0.01656	0.00972	0.01277	0.00812	0.00483	0.00519	0.00156	0.00668	0.00457	0.00261	0.00797
70	0.13460	0.02246	0.09656	0.01295	0.01644	0.53604	0.02737	0.06520	0.01429	0.01618	0.00853	0.00987	0.00681	0.00536	0.00465	0.00146	0.00835	0.00353	0.00290	0.00645
71	0.02191	0.00874	0.01179	0.00917	0.01296	0.00766	0.00752	0.03995	0.01532	0.68743	0.10133	0.02017	0.01692	0.00699	0.00541	0.00164	0.00431	0.00576	0.00644	0.00857
72	0.00644	0.00545	0.00557	0.00553	0.00730	0.00464	0.00415	0.00807	0.02432	0.01487	0.10119	0.04963	0.71853	0.01312	0.00623	0.00178	0.00269	0.01097	0.00498	0.00456
73	0.06913	0.01217	0.02002	0.01498	0.01938	0.01200	0.31509	0.09870	0.12659	0.23335	0.01512	0.01559	0.01059	0.00566	0.00557	0.00171	0.00636	0.00558	0.00446	0.00794
74	0.02086	0.01233	0.01396	0.01086	0.01484	0.03442	0.00890	0.39798	0.04241	0.33216	0.04467	0.01593	0.01230	0.00659	0.00532	0.00161	0.00522	0.00516	0.00574	0.00874
75	0.01670	0.01139	0.01187	0.01010	0.01294	0.09803	0.00789	0.26130	0.01700	0.20890	0.06274	0.22063	0.01880	0.00918	0.00567	0.00172	0.00501	0.00766	0.00524	0.00723
76	0.01342	0.07959	0.02928	0.02013	0.02529	0.01430	0.62078	0.09633	0.01365	0.01831	0.01064	0.01362	0.00802	0.00466	0.00591	0.00171	0.00832	0.00580	0.00292	0.00730
77	0.03000	0.00899	0.01027	0.00912	0.01127	0.00946	0.00700	0.31109	0.01707	0.02336	0.18792	0.30339	0.02724	0.01095	0.00598	0.00180	0.00406	0.00945	0.00523	0.00636
78	0.01238	0.01185	0.02019	0.20604	0.61311	0.01238	0.01588	0.01561	0.01171	0.01642	0.00982	0.01331	0.00807	0.00484	0.00525	0.00161	0.00645	0.00471	0.00256	0.00781
79	0.00668	0.00492	0.00660	0.00766	0.00795	0.00484	0.00522	0.00761	0.01003	0.01346	0.02811	0.77381	0.03367	0.01622	0.00724	0.00215	0.04012	0.01455	0.00479	0.00436
80	0.03307	0.01289	0.02370	0.10146	0.02419	0.01294	0.44482	0.11191	0.07582	0.05215	0.04389	0.01556	0.01060	0.00537	0.00584	0.00174	0.00737	0.00589	0.00350	0.00729
81	0.04516	0.01427	0.01484	0.01158	0.01563	0.06785	0.00949	0.54223	0.03803	0.16643	0.01388	0.01346	0.00963	0.00630	0.00520	0.00159	0.00575	0.00474	0.00528	0.00869
82	0.04110	0.10061	0.01670	0.01168	0.01580	0.07148	0.00974	0.58004	0.02182	0.06193	0.01202	0.01214	0.00869	0.00606	0.00500	0.00153	0.00596	0.00443	0.00479	0.00847
83	0.01155	0.01082	0.01783	0.45551	0.31180	0.01230	0.01488	0.03618	0.03398	0.01571	0.01001	0.01380	0.00786	0.00523	0.00549	0.00170	0.02104	0.00474	0.00262	0.00696
84	0.03535	0.00924	0.01191	0.00937	0.01309	0.00855	0.00766	0.08303	0.05958	0.58624	0.10066	0.01980	0.01673	0.00699	0.00538	0.00164	0.00437	0.00572	0.00624	0.00848
85	0.01333	0.01219	0.02401	0.01760	0.02191	0.01164	0.49585	0.04772	0.01353	0.10960	0.13063	0.01844	0.01510	0.00595	0.00650	0.00176	0.03697	0.00652	0.00372	0.00705
86	0.00644	0.00460	0.00613	0.00736	0.00767	0.00429	0.00491	0.00736	0.01012	0.01350	0.02914	0.81076	0.03497	0.01656	0.00675	0.00215	0.00307	0.01503	0.00491	0.00429
87	0.01082	0.07690	0.73920	0.01469	0.02230	0.01282	0.01887	0.01668	0.01114	0.01647	0.00935	0.01099	0.00670	0.00499	0.00492	0.00164	0.00768	0.00384	0.00223	0.00775
88	0.10236	0.01614	0.01446	0.01362	0.09647	0.26968	0.00977	0.18072	0.03072	0.19702	0.01243	0.01264	0.00896	0.00579	0.00492	0.00153	0.00659	0.00427	0.00425	0.00765
89	0.05973	0.00799	0.01058	0.00902	0.01187	0.00736	0.02306	0.03581	0.03664	0.44619	0.02240	0.26734	0.01950	0.00959	0.00568	0.00180	0.00414	0.00828	0.00571	0.00729
90	0.01079	0.01010	0.01697	0.42233	0.31871	0.01126	0.01423	0.01389	0.01108	0.01495	0.01171	0.09852	0.01053	0.00627	0.00542	0.00173	0.00633	0.00580	0.00272	0.00666
91	0.01217	0.00739	0.00863	0.00774	0.00975	0.05120	0.00592	0.01422	0.01427	0.21597	0.40358	0.11520	0.09214	0.01021	0.00597	0.00170	0.00349	0.00882	0.00566	0.00597
92	0.01120	0.16143	0.65798	0.01405	0.02130	0.01374	0.01775	0.01659	0.01109	0.01601	0.00912	0.01071	0.00671	0.00494	0.00475	0.00158	0.00745	0.00372	0.00224	0.00764
93	0.01142	0.01190	0.01032	0.09415	0.01389	0.25413	0.00801	0.02577	0.01213	0.01386	0.02005	0.39739	0.02229	0.01152	0.00599	0.00187	0.00573	0.07047	0.00395	0.00517
94	0.06968	0.01900	0.01571	0.01328	0.01651	0.44989	0.10216	0.03792	0.07611	0.10133	0.04050	0.01305	0.01005	0.00578	0.00504	0.00151	0.00777	0.00441	0.00357	0.00675
95	0.02247	0.01410	0.01312	0.01073	0.01439	0.25536	0.00854	0.02430	0.01508	0.54149	0.01686	0.01533	0.01111	0.00620	0.00514	0.00155	0.00609	0.00471	0.00534	0.00809
96	0.00674	0.00482	0.00640	0.00755	0.00800	0.00455	0.00528	0.00783	0.01033	0.01368	0.02909	0.67029	0.05086	0.04602	0.00756	0.00229	0.00336	0.10618	0.00484	0.00433
97	0.18647	0.01343	0.05705	0.01082	0.02791	0.14196	0.03650	0.07871	0.07076	0.16649	0.12959	0.01691	0.01531	0.00655	0.00516	0.00162	0.01829	0.00508	0.00440	0.00699
98	0.02079	0.01369	0.01518	0.01163	0.01584	0.01474	0.00961	0.62201	0.02299	0.17755	0.01426	0.01371	0.00978	0.00638	0.00529	0.00160	0.00556	0.00487	0.00553	0.00899
99	0.01308	0.01256	0.02146	0.03245	0.78123	0.01256	0.01622	0.01622	0.01204	0.01727	0.00994	0.01308	0.00837	0.00471	0.00523	0.00157	0.00628	0.00471	0.00262	0.00837
100	0.00698	0.00520	0.00647	0.00715	0.00803	0.00482	0.00512	0.02535	0.01155	0.01512	0.11369	0.48885	0.19559	0.01488	0.00660	0.00203	0.00312	0.06988	0.00501	0.00456
101	0.01361	0.01427	0.10521	0.06306	0.02343	0.01241	0.41875	0.11706	0.01393	0.08127	0.01301	0.07545	0.01045	0.00592	0.00589	0.00176	0.00746	0.00631	0.00345	0.00731
102	0.00998	0.00940	0.01586	0.80150	0.03641	0.01175	0.01468	0.01351	0.01057	0.01351	0.00940	0.01409	0.00705	0.00529	0.00529	0.00176	0.00705	0.00470	0.00235	0.00587
103	0.01241	0.01187	0.02023	0.20048	0.61849	0.01238	0.01589	0.01563	0.01172	0.01645	0.00982	0.01330	0.00808	0.00484	0.00524	0.00161	0.00645	0.00471	0.00256	0.00783
104	0.01457	0.01037	0.01608	0.40866	0.16824	0.01140	0.01299	0.08259	0.01314	0.19152	0.01240	0.01467	0.00884	0.00556	0.00528	0.00168	0.00622	0.00485	0.00361	0.00732
105	0.02145	0.01108	0.01337	0.01042	0.01444	0.01106	0.00855	0.25866	0.09873	0.46671	0.01835	0.01651	0.01212	0.00655	0.00531	0.00164	0.00488	0.00521	0.00602	0.00893
106	0.01098	0.11145	0.70601	0.01443	0.02189	0.01320	0.01842	0.01664	0.01112	0.01628	0.00926	0.01088	0.00671	0.00497	0.00485	0.00162	0.00758	0.00379	0.00224	0.00770
107	0.00648	0.00463	0.00618	0.00740	0.00772	0.00432	0.00497	0.00742	0.01016	0.01354	0.02912	0.79782	0.03489	0.01653	0.00676	0.00215	0.00310	0.02761	0.00491	0.00430
108	0.01087	0.08781	0.72872	0.01461	0.02217	0.01294	0.01873	0.01667	0.01113	0.01641	0.00932	0.01096	0.00670	0.00498	0.00490	0.00163	0.00765	0.00382	0.00223	0.00773
109	0.00998	0.00940	0.01586	0.80150	0.03641	0.01175	0.01468	0.01351	0.01057	0.01351	0.00940	0.01409	0.00705	0.00529	0.00529	0.00176	0.00705	0.00470	0.00235	0.00587
110	0.01463	0.01173	0.01257	0.01084	0.01393	0.01323	0.00853	0.25780	0.45513	0.02473	0.01955	0.10172	0.01589	0.00791	0.00550	0.00177	0.00458	0.00656	0.00530	0.00813
111	0.01163	0.01108	0.01883	0.39346	0.43160	0.01218	0.01550	0.01495	0.01135	0.01550	0.00969	0.01356	0.00775	0.00498	0.00526	0.00166	0.00664	0.00470	0.00249	0.00720
112	0.01248	0.01426	0.03119	0.02228	0.02763	0.01337	0.76203	0.01693	0.01248	0.01693	0.01070	0.01426	0.00802	0.00446	0.00624	0.00178	0.00891	0.00624	0.00267	0.00713
113	0.00998	0.00940	0.01586	0.80150	0.03641	0.01175	0.01468	0.01351	0.01057	0.01351	0.00940	0.01409	0.00705	0.00529	0.00529	0.00176	0.00705	0.00470	0.00235	0.00587
114	0.00644	0.00460	0.00613	0.00736	0.00767	0.00429	0.00491	0.00736	0.01012	0.01350	0.02914	0.81076	0.03497	0.01656	0.00675	0.00215	0.00307	0.01503	0.00491	0.00429
115	0.01164	0.12187	0.45377	0.01659	0.02322	0.01370	0.25234	0.01669	0.01152	0.01627	0.00960	0.01180	0.00713	0.00478	0.00520	0.00164	0.00789	0.00451	0.00238	0.00747
116	0.02259	0.00925	0.01223	0.00955	0.01352	0.00834	0.00783	0.02601	0.09567	0.70369	0.02093	0.01818	0.01341	0.00661	0.00532	0.00165	0.00446	0.00539	0.00642	0.00893
117	0.00644	0.00460	0.00613	0.00736	0.00767	0.00429	0.00491	0.00736	0.01012	0.01350	0.02914	0.81076	0.03497	0.01656	0.00675	0.00215	0.00307	0.01503	0.00491	0.00429
118	0.01474	0.01524	0.02884	0.02162	0.02583	0.01523	0.56908	0.01762	0.01304	0.01829	0.01235	0.01704	0.01017	0.00721	0.00970	0.00235	0.18344	0.00663	0.00347	0.00809
119	0.01241	0.01187	0.02023	0.20048	0.61849	0.01238	0.01589	0.01563	0.01172	0.01645	0.00982	0.01330	0.00808	0.00484	0.00524	0.00161	0.00645	0.00471	0.00256	0.00783
120	0.00664	0.00534	0.00593	0.00584	0.00740	0.00462	0.00436	0.00833	0.01289	0.01643	0.28115	0.07753	0.51954	0.01270	0.00626	0.00176	0.00264	0.01081	0.00520	0.00462
121	0.00998	0.00940	0.01586	0.80150	0.03641	0.01175	0.01468	0.01351	0.01057	0.01351	0.00940	0.01409	0.00705	0.00529	0.00529	0.00176	0.00705	0.00470	0.00235	0.00587
122	0.01096	0.00940	0.01096	0.00783	0.01253	0.00705	0.00626	0.01331	0.01096	0.01723	0.00940	0.01096	0.00783	0.00392	0.00392	0.00078	0.00392	0.00313	0.00313	0.84653
