[name]
unknown

[dist]
# distance from previous block
# <min> <max>
9	191

[block]
# block no. 0 follows, 50 sequences, length 17
# corresponding to MSA columns:
# 207-223
name=unknown_A
#
# <colnr> <probs for GDERKNQSTAVLIFYWHMCP>
#	G	D	E	R	K	N	Q	S	T	A	V	L	I	F	Y	W	H	M	C	P
0	0.12779	0.00767	0.00861	0.00781	0.00968	0.03794	0.03254	0.07590	0.02388	0.08343	0.06817	0.16843	0.09189	0.06657	0.08516	0.02200	0.00488	0.00722	0.06519	0.00523
1	0.15550	0.00941	0.04352	0.02753	0.01379	0.00896	0.16219	0.04796	0.02610	0.04155	0.06656	0.16765	0.04284	0.03504	0.03782	0.00199	0.03119	0.00680	0.00358	0.07002
2	0.05795	0.00728	0.05162	0.00784	0.00928	0.02759	0.03062	0.02293	0.03512	0.01471	0.10513	0.38808	0.05438	0.04314	0.00759	0.07481	0.00375	0.00961	0.02348	0.02509
3	0.01092	0.02669	0.01271	0.05467	0.01399	0.02418	0.07854	0.08508	0.04997	0.01693	0.08967	0.01499	0.01225	0.00832	0.06356	0.05120	0.04043	0.00452	0.00330	0.33809
4	0.02359	0.04869	0.04104	0.03478	0.01240	0.00964	0.00747	0.13299	0.14721	0.08444	0.06493	0.06414	0.09080	0.03499	0.04877	0.00196	0.01894	0.01776	0.00422	0.11124
5	0.03198	0.01001	0.01166	0.00993	0.04225	0.01041	0.00767	0.34837	0.03425	0.15761	0.21444	0.02047	0.03821	0.00718	0.00516	0.00152	0.00425	0.00588	0.03157	0.00719
6	0.01396	0.05999	0.09227	0.05320	0.13773	0.19531	0.05798	0.10733	0.02680	0.05379	0.01318	0.03476	0.05325	0.00612	0.00519	0.00151	0.02501	0.03463	0.00322	0.02476
7	0.05632	0.00958	0.01183	0.00919	0.01299	0.00911	0.00755	0.14114	0.07399	0.54405	0.01740	0.01558	0.01140	0.00599	0.00486	0.00150	0.00437	0.00477	0.00560	0.05280
8	0.01350	0.00864	0.00993	0.00878	0.01142	0.00901	0.00683	0.03966	0.36410	0.22146	0.02460	0.13128	0.11198	0.00852	0.00533	0.00169	0.00374	0.00721	0.00524	0.00708
9	0.01041	0.01024	0.01410	0.04389	0.01330	0.01391	0.01021	0.01209	0.03700	0.01250	0.01146	0.01492	0.08385	0.00889	0.01446	0.00209	0.67371	0.00502	0.00253	0.00542
10	0.00600	0.00463	0.00548	0.00616	0.00702	0.00411	0.00428	0.00703	0.01030	0.01303	0.03700	0.50134	0.34705	0.01438	0.00617	0.00188	0.00274	0.01266	0.00463	0.00411
11	0.01453	0.12258	0.01717	0.06267	0.04193	0.01437	0.09748	0.28276	0.25340	0.02206	0.01335	0.01374	0.01003	0.00567	0.00487	0.00153	0.00541	0.00475	0.00409	0.00761
12	0.86003	0.00964	0.00733	0.00655	0.00964	0.01118	0.00540	0.01465	0.00848	0.02236	0.00694	0.00810	0.00540	0.00463	0.00308	0.00154	0.00386	0.00270	0.00308	0.00540
13	0.01400	0.06651	0.09428	0.05737	0.03626	0.01369	0.12200	0.25604	0.24665	0.02178	0.01333	0.01385	0.00990	0.00563	0.00500	0.00157	0.00570	0.00483	0.00397	0.00762
14	0.00724	0.00486	0.00560	0.00560	0.00566	0.00492	0.00322	0.00735	0.00730	0.00979	0.01556	0.03179	0.01776	0.77496	0.07475	0.00503	0.00537	0.00713	0.00300	0.00311
15	0.01145	0.15889	0.20188	0.04409	0.01784	0.04265	0.15779	0.01456	0.01069	0.03575	0.08525	0.01355	0.01078	0.00594	0.00710	0.00162	0.16655	0.00463	0.00267	0.00633
16	0.01090	0.00918	0.00998	0.00900	0.01146	0.01017	0.00696	0.02147	0.55661	0.02025	0.19675	0.02351	0.04742	0.00763	0.00523	0.00163	0.00353	0.00647	0.00508	0.03676

[dist]
# distance from previous block
# <min> <max>
0	1

[block]
# block no. 1 follows, 50 sequences, length 17
# corresponding to MSA columns:
# 225-241
name=unknown_B
#
# <colnr> <probs for GDERKNQSTAVLIFYWHMCP>
#	G	D	E	R	K	N	Q	S	T	A	V	L	I	F	Y	W	H	M	C	P
0	0.12745	0.25531	0.08559	0.01126	0.03311	0.08069	0.08332	0.08541	0.01231	0.14916	0.01014	0.01088	0.00761	0.00500	0.00447	0.00140	0.02298	0.00375	0.00328	0.00688
1	0.04084	0.54541	0.27102	0.01027	0.01548	0.01685	0.01156	0.01519	0.01020	0.01338	0.00757	0.00880	0.00634	0.00443	0.00368	0.00124	0.00593	0.00299	0.00216	0.00667
2	0.00725	0.00483	0.00544	0.00544	0.00544	0.00483	0.00302	0.00725	0.00725	0.00966	0.01571	0.03262	0.01812	0.82483	0.02537	0.00483	0.00483	0.00725	0.00302	0.00302
3	0.00723	0.00490	0.00577	0.00577	0.00589	0.00501	0.00344	0.00746	0.00735	0.00991	0.01540	0.03092	0.01738	0.72220	0.12699	0.00525	0.00594	0.00700	0.00297	0.00321
4	0.01110	0.01137	0.02187	0.15525	0.29209	0.01138	0.32124	0.01445	0.01114	0.01527	0.01107	0.07976	0.00962	0.00536	0.00544	0.00164	0.00679	0.00582	0.00263	0.00671
5	0.00718	0.00484	0.00560	0.00560	0.00575	0.00478	0.00329	0.00750	0.00817	0.01104	0.10997	0.06604	0.02224	0.69259	0.02222	0.00432	0.00445	0.00775	0.00339	0.00327
6	0.00613	0.00453	0.00573	0.00654	0.00716	0.00414	0.00448	0.00720	0.01028	0.01351	0.10015	0.61151	0.17124	0.01459	0.00623	0.00192	0.00278	0.01305	0.00470	0.00414
7	0.01149	0.00885	0.01077	0.00925	0.01125	0.04116	0.03858	0.06327	0.10617	0.11483	0.20090	0.02670	0.16559	0.00884	0.00734	0.00171	0.13991	0.02291	0.00452	0.00596
8	0.01234	0.01184	0.02023	0.03059	0.79373	0.01184	0.01530	0.01530	0.01135	0.01628	0.00938	0.01234	0.00790	0.00444	0.00493	0.00148	0.00592	0.00444	0.00247	0.00790
9	0.00725	0.00483	0.00544	0.00544	0.00544	0.00483	0.00302	0.00725	0.00725	0.00966	0.01571	0.03262	0.01812	0.82483	0.02537	0.00483	0.00483	0.00725	0.00302	0.00302
10	0.86003	0.00964	0.00733	0.00655	0.00964	0.01118	0.00540	0.01465	0.00848	0.02236	0.00694	0.00810	0.00540	0.00463	0.00308	0.00154	0.00386	0.00270	0.00308	0.00540
11	0.00725	0.00483	0.00544	0.00544	0.00544	0.00483	0.00302	0.00725	0.00725	0.00966	0.01571	0.03262	0.01812	0.82483	0.02537	0.00483	0.00483	0.00725	0.00302	0.00302
12	0.01254	0.01466	0.02281	0.01710	0.02115	0.18902	0.50340	0.01570	0.01224	0.01480	0.01482	0.01695	0.10950	0.00551	0.00557	0.00159	0.00777	0.00589	0.00281	0.00618
13	0.01234	0.01184	0.02023	0.03059	0.79373	0.01184	0.01530	0.01530	0.01135	0.01628	0.00938	0.01234	0.00790	0.00444	0.00493	0.00148	0.00592	0.00444	0.00247	0.00790
14	0.01800	0.00946	0.01144	0.00943	0.01283	0.00955	0.00757	0.02525	0.35162	0.45726	0.01994	0.01768	0.01360	0.00643	0.00504	0.00161	0.00411	0.00529	0.00569	0.00822
15	0.01107	0.28505	0.54916	0.01237	0.01873	0.01421	0.01522	0.01551	0.01040	0.01447	0.00829	0.00971	0.00634	0.00458	0.00424	0.00141	0.00671	0.00335	0.00211	0.00705
16	0.01202	0.00968	0.01399	0.10547	0.26899	0.00941	0.01013	0.09002	0.01232	0.07354	0.05017	0.09490	0.01244	0.00601	0.00484	0.00139	0.00482	0.00533	0.00344	0.21109

[dist]
# distance from previous block
# <min> <max>
3	11

[block]
# block no. 2 follows, 50 sequences, length 13
# corresponding to MSA columns:
# 253-265
name=unknown_C
#
# <colnr> <probs for GDERKNQSTAVLIFYWHMCP>
#	G	D	E	R	K	N	Q	S	T	A	V	L	I	F	Y	W	H	M	C	P
0	0.08475	0.30895	0.04333	0.01003	0.01370	0.18059	0.03359	0.12128	0.01309	0.05268	0.02721	0.01228	0.05079	0.00539	0.00414	0.00131	0.00586	0.00385	0.00312	0.02403
1	0.05086	0.12436	0.01461	0.00989	0.01366	0.01315	0.00828	0.31085	0.14889	0.20144	0.01414	0.01348	0.01006	0.00578	0.00463	0.00145	0.00478	0.00442	0.00472	0.04053
2	0.00719	0.00507	0.00665	0.00665	0.00707	0.00549	0.00454	0.00803	0.00761	0.01056	0.01459	0.02647	0.01545	0.45320	0.39334	0.00633	0.00885	0.00635	0.00286	0.00370
3	0.86003	0.00964	0.00733	0.00655	0.00964	0.01118	0.00540	0.01465	0.00848	0.02236	0.00694	0.00810	0.00540	0.00463	0.00308	0.00154	0.00386	0.00270	0.00308	0.00540
4	0.00713	0.00529	0.00776	0.00776	0.00856	0.00609	0.00592	0.00874	0.00794	0.01138	0.01358	0.02085	0.01301	0.11428	0.72893	0.00770	0.01252	0.00553	0.00270	0.00431
5	0.00596	0.00505	0.00514	0.00512	0.00677	0.00424	0.00384	0.00729	0.01152	0.01385	0.09423	0.04734	0.74774	0.01248	0.00589	0.00168	0.00251	0.01043	0.00468	0.00424
6	0.00713	0.00528	0.00772	0.00772	0.00851	0.00607	0.00587	0.00872	0.00793	0.01136	0.01361	0.02104	0.01310	0.12561	0.71771	0.00765	0.01240	0.00555	0.00271	0.00429
7	0.86003	0.00964	0.00733	0.00655	0.00964	0.01118	0.00540	0.01465	0.00848	0.02236	0.00694	0.00810	0.00540	0.00463	0.00308	0.00154	0.00386	0.00270	0.00308	0.00540
8	0.01862	0.02376	0.01413	0.01284	0.01541	0.80482	0.00963	0.01990	0.01413	0.01220	0.00770	0.00899	0.00642	0.00514	0.00449	0.00128	0.00899	0.00321	0.00257	0.00578
9	0.00634	0.00502	0.00554	0.00547	0.00681	0.00440	0.00398	0.00776	0.01163	0.01481	0.24405	0.06839	0.49309	0.09138	0.00781	0.00197	0.00272	0.00992	0.00470	0.00422
10	0.01383	0.01142	0.01208	0.01043	0.01351	0.01307	0.00824	0.19042	0.61847	0.02316	0.01847	0.01715	0.01374	0.00659	0.00505	0.00165	0.00428	0.00538	0.00505	0.00802
11	0.13534	0.01233	0.01315	0.01031	0.01408	0.01346	0.00848	0.50890	0.07254	0.14230	0.01298	0.01263	0.00908	0.00588	0.00473	0.00152	0.00497	0.00440	0.00490	0.00801
12	0.01186	0.13496	0.05243	0.12340	0.05609	0.01187	0.06298	0.06610	0.14429	0.03396	0.01131	0.01294	0.00892	0.00684	0.05059	0.00173	0.02046	0.00420	0.00317	0.18190

[dist]
# distance from previous block
# <min> <max>
2	3

[block]
# block no. 3 follows, 50 sequences, length 17
# corresponding to MSA columns:
# 269-285
name=unknown_D
#
# <colnr> <probs for GDERKNQSTAVLIFYWHMCP>
#	G	D	E	R	K	N	Q	S	T	A	V	L	I	F	Y	W	H	M	C	P
0	0.00756	0.00554	0.00749	0.00836	0.06915	0.00583	0.00514	0.00843	0.00792	0.01096	0.01490	0.05916	0.01602	0.46113	0.28566	0.00552	0.00771	0.00667	0.00292	0.00393
1	0.04485	0.07442	0.01230	0.00898	0.01226	0.01049	0.00734	0.10535	0.18798	0.17151	0.09721	0.01632	0.01430	0.00615	0.00519	0.00141	0.04292	0.00482	0.00447	0.17174
2	0.04147	0.00817	0.01339	0.01053	0.01324	0.00774	0.18428	0.01458	0.01317	0.19516	0.37919	0.02515	0.02709	0.00764	0.00597	0.00161	0.03380	0.00699	0.00475	0.00608
3	0.01087	0.00968	0.01088	0.00824	0.01214	0.03319	0.00658	0.01434	0.09862	0.01636	0.00998	0.01127	0.00819	0.00442	0.00470	0.00096	0.05674	0.00336	0.00313	0.67636
4	0.00645	0.00486	0.00597	0.00614	0.00719	0.00438	0.00443	0.00807	0.01202	0.01608	0.36499	0.27194	0.24441	0.01245	0.00602	0.00173	0.00256	0.01095	0.00500	0.00438
5	0.01334	0.01117	0.01180	0.01033	0.01332	0.01284	0.00812	0.13402	0.67566	0.02236	0.01910	0.01765	0.01425	0.00665	0.00506	0.00166	0.00417	0.00547	0.00506	0.00797
6	0.00620	0.00439	0.00574	0.00677	0.00703	0.00414	0.00445	0.00697	0.00929	0.01238	0.02616	0.73340	0.03131	0.10605	0.00849	0.00234	0.00311	0.01340	0.00445	0.00393
7	0.01556	0.00698	0.00939	0.00771	0.01038	0.00616	0.00616	0.01768	0.01420	0.45203	0.36226	0.02597	0.02775	0.00795	0.00540	0.00155	0.00340	0.00679	0.00587	0.00680
8	0.00705	0.00510	0.00666	0.00627	0.00745	0.00470	0.00470	0.00941	0.01411	0.01999	0.79110	0.03723	0.04703	0.01019	0.00588	0.00157	0.00235	0.00901	0.00549	0.00470
9	0.00607	0.00434	0.00578	0.00694	0.00723	0.00405	0.00463	0.00694	0.00954	0.01272	0.02747	0.82157	0.03297	0.01562	0.00636	0.00202	0.00289	0.01417	0.00463	0.00405
10	0.01333	0.82783	0.02612	0.00853	0.01279	0.01972	0.00853	0.01493	0.01013	0.01173	0.00693	0.00800	0.00640	0.00426	0.00320	0.00107	0.00533	0.00267	0.00213	0.00640
11	0.01143	0.01092	0.01860	0.27245	0.55895	0.01161	0.01485	0.01451	0.01092	0.01519	0.00922	0.01263	0.00751	0.00461	0.00495	0.00154	0.00615	0.00444	0.00239	0.00717
12	0.01396	0.01093	0.01365	0.15579	0.04077	0.02971	0.00986	0.31259	0.01540	0.06291	0.07060	0.01493	0.01134	0.00952	0.08419	0.00226	0.12613	0.00489	0.00382	0.00674
13	0.01519	0.01190	0.01255	0.01072	0.01350	0.07892	0.00859	0.15830	0.35443	0.13201	0.01631	0.01693	0.01238	0.00689	0.00636	0.00168	0.09732	0.03388	0.00465	0.00750
14	0.00725	0.00483	0.00544	0.00544	0.00544	0.00483	0.00302	0.00725	0.00725	0.00966	0.01571	0.03262	0.01812	0.82483	0.02537	0.00483	0.00483	0.00725	0.00302	0.00302
15	0.00647	0.00464	0.00614	0.00667	0.00732	0.00431	0.00466	0.00793	0.01137	0.01563	0.33313	0.50763	0.03860	0.01344	0.00617	0.00184	0.00268	0.01211	0.00497	0.00431
16	0.01142	0.35531	0.40687	0.01139	0.01708	0.01472	0.01331	0.01511	0.01027	0.01403	0.00804	0.00948	0.00642	0.00458	0.00436	0.00133	0.02876	0.00323	0.00217	0.06210

[dist]
# distance from previous block
# <min> <max>
0	1

[block]
# block no. 4 follows, 50 sequences, length 6
# corresponding to MSA columns:
# 287-292
name=unknown_E
#
# <colnr> <probs for GDERKNQSTAVLIFYWHMCP>
#	G	D	E	R	K	N	Q	S	T	A	V	L	I	F	Y	W	H	M	C	P
0	0.00721	0.00497	0.00612	0.00612	0.00635	0.00520	0.00387	0.00768	0.00745	0.01017	0.01508	0.02918	0.01663	0.61684	0.23132	0.00567	0.00708	0.00674	0.00293	0.00340
1	0.00712	0.00534	0.00801	0.00801	0.00890	0.00623	0.00623	0.00890	0.00801	0.01157	0.01335	0.01958	0.01246	0.03738	0.80507	0.00801	0.01335	0.00534	0.00267	0.00445
2	0.23905	0.01165	0.01205	0.00965	0.01308	0.04790	0.00793	0.30112	0.01578	0.22934	0.01218	0.01208	0.00849	0.00580	0.00512	0.00155	0.05122	0.00409	0.00453	0.00738
3	0.01862	0.02376	0.01413	0.01284	0.01541	0.80482	0.00963	0.01990	0.01413	0.01220	0.00770	0.00899	0.00642	0.00514	0.00449	0.00128	0.00899	0.00321	0.00257	0.00578
4	0.01032	0.00935	0.01495	0.73630	0.03253	0.01149	0.01343	0.08574	0.01125	0.01452	0.00916	0.01316	0.00682	0.00508	0.00498	0.00165	0.00653	0.00444	0.00248	0.00582
5	0.01763	0.01596	0.01390	0.01140	0.01477	0.23538	0.00908	0.46396	0.08063	0.02423	0.01353	0.01361	0.05092	0.00617	0.00490	0.00146	0.00618	0.00455	0.00430	0.00744

[dist]
# distance from previous block
# <min> <max>
0	2

[block]
# block no. 5 follows, 50 sequences, length 39
# corresponding to MSA columns:
# 295-333
name=unknown_F
#
# <colnr> <probs for GDERKNQSTAVLIFYWHMCP>
#	G	D	E	R	K	N	Q	S	T	A	V	L	I	F	Y	W	H	M	C	P
0	0.00957	0.12002	0.01350	0.00958	0.01171	0.04153	0.11710	0.01135	0.01071	0.03642	0.10127	0.08459	0.19838	0.06235	0.06556	0.00230	0.08814	0.00723	0.00354	0.00517
1	0.00998	0.03556	0.01157	0.24496	0.01720	0.00839	0.04074	0.03928	0.01061	0.08610	0.07879	0.02123	0.07167	0.08853	0.19627	0.01760	0.00713	0.00579	0.00332	0.00529
2	0.05723	0.33112	0.07721	0.01054	0.01453	0.19125	0.00957	0.20439	0.01434	0.03464	0.00877	0.00959	0.00699	0.00498	0.00408	0.00129	0.00624	0.00336	0.00307	0.00684
3	0.00954	0.00900	0.01485	0.73767	0.03230	0.01125	0.01344	0.01268	0.00982	0.01277	0.00870	0.01305	0.00666	0.00521	0.00573	0.00167	0.06188	0.00439	0.00223	0.02716
4	0.01173	0.21644	0.51207	0.01291	0.01897	0.09523	0.03665	0.01601	0.01084	0.01445	0.00837	0.00985	0.00638	0.00465	0.00438	0.00143	0.00708	0.00345	0.00217	0.00695
5	0.01190	0.00709	0.00987	0.02403	0.09563	0.00683	0.00716	0.04854	0.01247	0.21333	0.15847	0.27146	0.03676	0.01012	0.00594	0.00174	0.02269	0.04510	0.00485	0.00599
6	0.02225	0.00866	0.01168	0.00895	0.01281	0.00759	0.00739	0.04830	0.01456	0.77277	0.01942	0.01681	0.01222	0.00616	0.00501	0.00154	0.00428	0.00500	0.00613	0.00848
7	0.00929	0.00465	0.00465	0.00465	0.00581	0.00465	0.00348	0.01161	0.01045	0.01858	0.01626	0.01858	0.01278	0.00581	0.00348	0.00116	0.00232	0.00465	0.85250	0.00465
8	0.01304	0.01225	0.02137	0.14892	0.05112	0.02411	0.37358	0.13098	0.09185	0.05192	0.01180	0.01440	0.00884	0.00511	0.00544	0.00164	0.00691	0.01646	0.00329	0.00698
9	0.15831	0.00964	0.01394	0.39228	0.10284	0.01186	0.01164	0.01335	0.02279	0.01484	0.00887	0.01327	0.00739	0.00592	0.00698	0.00175	0.16782	0.02824	0.00251	0.00575
10	0.00803	0.00574	0.00803	0.00918	0.01033	0.00574	0.00803	0.01033	0.01147	0.01492	0.02639	0.05622	0.02869	0.01377	0.00688	0.00229	0.00459	0.76018	0.00459	0.00459
11	0.00725	0.00483	0.00544	0.00544	0.00544	0.00483	0.00302	0.00725	0.00725	0.00966	0.01571	0.03262	0.01812	0.82483	0.02537	0.00483	0.00483	0.00725	0.00302	0.00302
12	0.05276	0.10409	0.10778	0.01242	0.05397	0.01305	0.07565	0.30029	0.01618	0.19686	0.01228	0.01246	0.00862	0.00540	0.00476	0.00149	0.00561	0.00435	0.00419	0.00781
13	0.01101	0.01070	0.01555	0.40329	0.17397	0.05084	0.01276	0.01507	0.10078	0.01423	0.00988	0.01314	0.00786	0.00568	0.00675	0.00169	0.13342	0.00450	0.00261	0.00627
14	0.00609	0.00449	0.00570	0.00660	0.00716	0.00410	0.00449	0.00709	0.01005	0.01317	0.06537	0.65924	0.15844	0.01488	0.00626	0.00195	0.00281	0.01334	0.00467	0.00410
15	0.01339	0.20669	0.02530	0.01727	0.07329	0.15498	0.40738	0.01638	0.01177	0.01432	0.00887	0.01130	0.00711	0.00440	0.00494	0.00145	0.00762	0.00455	0.00243	0.00656
16	0.04025	0.00970	0.01457	0.17687	0.16765	0.02335	0.06737	0.05072	0.01148	0.04321	0.11365	0.05185	0.01392	0.00715	0.02696	0.00174	0.08510	0.00540	0.00321	0.08583
17	0.00699	0.00560	0.00622	0.00638	0.00766	0.00534	0.00458	0.00984	0.11499	0.01435	0.08085	0.26358	0.36825	0.07322	0.00737	0.00201	0.00298	0.01057	0.00462	0.00460
18	0.01641	0.00741	0.00966	0.00784	0.01077	0.00657	0.00631	0.04450	0.01417	0.48117	0.21096	0.02570	0.12062	0.00797	0.00534	0.00156	0.00360	0.00667	0.00576	0.00701
19	0.00714	0.00527	0.00766	0.00766	0.00842	0.00604	0.00579	0.00867	0.00791	0.01131	0.01368	0.02138	0.01324	0.14589	0.69763	0.00757	0.01218	0.00560	0.00272	0.00425
20	0.01452	0.61094	0.04866	0.00950	0.01370	0.07335	0.00908	0.14154	0.01262	0.01515	0.00788	0.00881	0.00674	0.00463	0.00363	0.00117	0.00568	0.00304	0.00263	0.00673
21	0.04262	0.01112	0.08570	0.14251	0.01677	0.01009	0.00930	0.17308	0.07183	0.12945	0.11494	0.01620	0.01383	0.00594	0.00483	0.00145	0.00482	0.00486	0.00412	0.13656
22	0.01426	0.18362	0.01771	0.06983	0.21279	0.01244	0.04269	0.01842	0.12893	0.18306	0.03958	0.01429	0.01086	0.00545	0.00495	0.00148	0.02406	0.00458	0.00367	0.00732
23	0.00929	0.00465	0.00465	0.00465	0.00581	0.00465	0.00348	0.01161	0.01045	0.01858	0.01626	0.01858	0.01278	0.00581	0.00348	0.00116	0.00232	0.00465	0.85250	0.00465
24	0.01804	0.02280	0.01421	0.01286	0.01524	0.74584	0.00973	0.01931	0.01364	0.01218	0.00762	0.00913	0.00643	0.00540	0.00538	0.00135	0.06925	0.00330	0.00254	0.00575
25	0.01141	0.00964	0.01268	0.09423	0.13593	0.00849	0.00845	0.06210	0.01139	0.03717	0.00942	0.01123	0.00759	0.00415	0.00413	0.00102	0.00447	0.00349	0.00302	0.55999
26	0.03436	0.03875	0.04745	0.15220	0.07860	0.04082	0.20672	0.01396	0.00979	0.01387	0.00820	0.01181	0.00687	0.00609	0.00928	0.00181	0.30641	0.00460	0.00233	0.00608
27	0.45416	0.01022	0.00957	0.00797	0.01133	0.06889	0.00650	0.01899	0.01127	0.33889	0.01221	0.01180	0.00832	0.00530	0.00398	0.00152	0.00440	0.00368	0.00431	0.00669
28	0.07511	0.01427	0.16924	0.05104	0.56164	0.01172	0.01511	0.01526	0.01093	0.01653	0.00909	0.01170	0.00736	0.00453	0.00476	0.00151	0.00607	0.00416	0.00244	0.00753
29	0.09915	0.00837	0.01248	0.48043	0.02446	0.00957	0.01064	0.01459	0.01079	0.16527	0.04529	0.07486	0.01129	0.00619	0.00493	0.00165	0.00543	0.00529	0.00339	0.00594
30	0.01333	0.82783	0.02612	0.00853	0.01279	0.01972	0.00853	0.01493	0.01013	0.01173	0.00693	0.00800	0.00640	0.00426	0.00320	0.00107	0.00533	0.00267	0.00213	0.00640
31	0.00719	0.00507	0.00664	0.00664	0.00705	0.00548	0.00452	0.00802	0.00760	0.01055	0.01461	0.02654	0.01548	0.45755	0.38904	0.00631	0.00881	0.00636	0.00286	0.00369
32	0.00620	0.00448	0.00587	0.00682	0.00728	0.00415	0.00465	0.00726	0.01013	0.01353	0.10492	0.68921	0.07354	0.01489	0.00630	0.00197	0.00285	0.02712	0.00471	0.00413
33	0.00941	0.00886	0.01495	0.81285	0.03433	0.01107	0.01384	0.01274	0.00997	0.01274	0.00886	0.01329	0.00664	0.00498	0.00498	0.00166	0.00664	0.00443	0.00221	0.00554
34	0.00988	0.00956	0.01564	0.58191	0.02874	0.01217	0.04540	0.01269	0.00947	0.01269	0.00834	0.01271	0.00666	0.00587	0.00783	0.00179	0.20639	0.00447	0.00222	0.00557
35	0.00663	0.00508	0.00607	0.00582	0.00718	0.00452	0.00437	0.00857	0.01310	0.01758	0.51774	0.04120	0.32189	0.01109	0.00588	0.00161	0.00242	0.00957	0.00517	0.00452
36	0.01034	0.00886	0.01034	0.00738	0.01181	0.00664	0.00591	0.01255	0.01034	0.01624	0.00886	0.01034	0.00738	0.00369	0.00369	0.00074	0.00369	0.00295	0.00295	0.85530
37	0.00929	0.00465	0.00465	0.00465	0.00581	0.00465	0.00348	0.01161	0.01045	0.01858	0.01626	0.01858	0.01278	0.00581	0.00348	0.00116	0.00232	0.00465	0.85250	0.00465
38	0.01092	0.01276	0.14317	0.07584	0.14839	0.03643	0.01041	0.01438	0.04188	0.01595	0.00938	0.01123	0.00752	0.00427	0.00426	0.00113	0.00510	0.00356	0.00274	0.44068

[dist]
# distance from previous block
# <min> <max>
0	1

[block]
# block no. 6 follows, 50 sequences, length 43
# corresponding to MSA columns:
# 335-377
name=unknown_G
#
# <colnr> <probs for GDERKNQSTAVLIFYWHMCP>
#	G	D	E	R	K	N	Q	S	T	A	V	L	I	F	Y	W	H	M	C	P
0	0.63863	0.01290	0.00915	0.00815	0.01116	0.18349	0.00650	0.05108	0.01040	0.02058	0.00734	0.00847	0.00576	0.00480	0.00348	0.00148	0.00504	0.00289	0.00306	0.00562
1	0.07096	0.01452	0.14613	0.02039	0.20047	0.01242	0.35374	0.01532	0.01085	0.01608	0.00918	0.01211	0.00719	0.00480	0.00628	0.00166	0.08373	0.00483	0.00245	0.00688
2	0.00607	0.00434	0.00578	0.00694	0.00723	0.00405	0.00463	0.00694	0.00954	0.01272	0.02747	0.82157	0.03297	0.01562	0.00636	0.00202	0.00289	0.01417	0.00463	0.00405
3	0.00929	0.00465	0.00465	0.00465	0.00581	0.00465	0.00348	0.01161	0.01045	0.01858	0.01626	0.01858	0.01278	0.00581	0.00348	0.00116	0.00232	0.00465	0.85250	0.00465
4	0.01287	0.01026	0.06846	0.00990	0.04302	0.00913	0.02380	0.23044	0.01561	0.10466	0.23559	0.02206	0.07462	0.00755	0.00555	0.02351	0.00427	0.00607	0.00460	0.08803
5	0.01333	0.82783	0.02612	0.00853	0.01279	0.01972	0.00853	0.01493	0.01013	0.01173	0.00693	0.00800	0.00640	0.00426	0.00320	0.00107	0.00533	0.00267	0.00213	0.00640
6	0.01000	0.02578	0.79900	0.01421	0.02157	0.01158	0.01842	0.01579	0.01052	0.01579	0.00895	0.01052	0.00631	0.00474	0.00474	0.00158	0.00737	0.00368	0.00210	0.00737
7	0.01333	0.82783	0.02612	0.00853	0.01279	0.01972	0.00853	0.01493	0.01013	0.01173	0.00693	0.00800	0.00640	0.00426	0.00320	0.00107	0.00533	0.00267	0.00213	0.00640
8	0.01765	0.01014	0.02828	0.00969	0.01318	0.01008	0.00794	0.07261	0.34193	0.40265	0.01922	0.01721	0.01319	0.00638	0.00503	0.00160	0.00426	0.00522	0.00554	0.00821
9	0.01050	0.00892	0.01130	0.16389	0.01625	0.00775	0.00756	0.01340	0.04086	0.03308	0.00955	0.01138	0.00766	0.00412	0.00403	0.00097	0.00429	0.00339	0.00296	0.63815
10	0.12867	0.01581	0.20413	0.01121	0.01576	0.02821	0.01083	0.39137	0.03383	0.07988	0.01150	0.02686	0.00839	0.00570	0.00469	0.00154	0.00562	0.00427	0.00406	0.00765
11	0.01862	0.02376	0.01413	0.01284	0.01541	0.80482	0.00963	0.01990	0.01413	0.01220	0.00770	0.00899	0.00642	0.00514	0.00449	0.00128	0.00899	0.00321	0.00257	0.00578
12	0.00705	0.00510	0.00666	0.00627	0.00745	0.00470	0.00470	0.00941	0.01411	0.01999	0.79110	0.03723	0.04703	0.01019	0.00588	0.00157	0.00235	0.00901	0.00549	0.00470
13	0.00659	0.00510	0.00602	0.00586	0.00725	0.00453	0.00444	0.00847	0.01281	0.01696	0.44005	0.04263	0.36893	0.01139	0.00592	0.00165	0.00251	0.03933	0.00508	0.00448
14	0.03157	0.00997	0.01130	0.00914	0.04152	0.03677	0.00698	0.07829	0.07488	0.11168	0.02790	0.01248	0.00949	0.00466	0.00418	0.00106	0.00417	0.00373	0.00370	0.51652
15	0.66605	0.01175	0.08983	0.00917	0.01294	0.01140	0.10516	0.01493	0.00911	0.02088	0.00754	0.00903	0.00577	0.00458	0.00361	0.00156	0.00479	0.00321	0.00291	0.00577
16	0.01577	0.01373	0.01511	0.04879	0.03700	0.10452	0.02791	0.40429	0.01675	0.02212	0.01001	0.01214	0.00796	0.03301	0.00841	0.00176	0.20552	0.00443	0.00370	0.00706
17	0.01176	0.01345	0.02941	0.02101	0.02605	0.01261	0.77563	0.01597	0.01176	0.01597	0.01008	0.01345	0.00756	0.00420	0.00588	0.00168	0.00840	0.00588	0.00252	0.00672
18	0.00725	0.00483	0.00544	0.00544	0.00544	0.00483	0.00302	0.00725	0.00725	0.00966	0.01571	0.03262	0.01812	0.82483	0.02537	0.00483	0.00483	0.00725	0.00302	0.00302
19	0.01240	0.01071	0.01127	0.01014	0.01296	0.01240	0.00789	0.02649	0.78473	0.02085	0.02029	0.01860	0.01522	0.00676	0.00507	0.00169	0.00394	0.00564	0.00507	0.00789
20	0.00715	0.00521	0.00735	0.00735	0.00801	0.00587	0.00541	0.00848	0.00782	0.01108	0.01396	0.02293	0.01391	0.23938	0.60506	0.00720	0.01117	0.00583	0.00276	0.00408
21	0.00790	0.00603	0.00737	0.00687	0.00834	0.00596	0.00520	0.01216	0.14199	0.01989	0.63542	0.03454	0.06957	0.00971	0.00575	0.00159	0.00262	0.00851	0.00539	0.00521
22	0.00590	0.00502	0.00508	0.00513	0.00675	0.00420	0.00382	0.00714	0.01128	0.01343	0.04949	0.08169	0.75864	0.01275	0.00591	0.00170	0.00254	0.01068	0.00463	0.00420
23	0.01827	0.07560	0.03134	0.01168	0.01538	0.22671	0.00963	0.50429	0.01973	0.02454	0.01040	0.01085	0.00773	0.00561	0.00472	0.00141	0.00645	0.00400	0.00408	0.00758
24	0.01036	0.24026	0.22227	0.00988	0.01337	0.08905	0.00985	0.01277	0.01041	0.01321	0.01493	0.30142	0.01593	0.00856	0.00487	0.00157	0.00535	0.00713	0.00307	0.00575
25	0.00907	0.01388	0.29404	0.01050	0.01480	0.00811	0.06632	0.01263	0.01144	0.01673	0.21778	0.09096	0.01982	0.00690	0.00505	0.00145	0.00493	0.00605	0.00344	0.18613
26	0.03744	0.01501	0.01288	0.01082	0.01406	0.28823	0.00856	0.16187	0.08970	0.26910	0.01401	0.01423	0.01010	0.00599	0.00484	0.00148	0.00610	0.02379	0.00448	0.00731
27	0.00990	0.01772	0.40165	0.01455	0.01991	0.01043	0.24114	0.01449	0.01165	0.01673	0.17515	0.01706	0.01532	0.00573	0.00532	0.00161	0.00661	0.00547	0.00295	0.00661
28	0.01075	0.00885	0.01038	0.00743	0.01184	0.00667	0.00595	0.01295	0.01047	0.04296	0.00923	0.01056	0.00755	0.00378	0.00374	0.00077	0.00371	0.00302	0.00306	0.82632
29	0.00941	0.00886	0.01495	0.81285	0.03433	0.01107	0.01384	0.01274	0.00997	0.01274	0.00886	0.01329	0.00664	0.00498	0.00498	0.00166	0.00664	0.00443	0.00221	0.00554
30	0.00725	0.00483	0.00544	0.00544	0.00544	0.00483	0.00302	0.00725	0.00725	0.00966	0.01571	0.03262	0.01812	0.82483	0.02537	0.00483	0.00483	0.00725	0.00302	0.00302
31	0.00866	0.00433	0.00649	0.00649	0.00649	0.00433	0.00433	0.00649	0.00649	0.00866	0.00866	0.01515	0.00866	0.01732	0.01948	0.85498	0.00433	0.00433	0.00216	0.00216
32	0.00712	0.00534	0.00801	0.00801	0.00890	0.00623	0.00623	0.00890	0.00801	0.01157	0.01335	0.01958	0.01246	0.03738	0.80507	0.00801	0.01335	0.00534	0.00267	0.00445
33	0.00682	0.00499	0.00644	0.00653	0.00757	0.00460	0.00487	0.00875	0.01268	0.01743	0.49809	0.20199	0.11539	0.01184	0.00606	0.00173	0.00266	0.07188	0.00515	0.00451
34	0.02037	0.01168	0.01355	0.01039	0.01432	0.01207	0.00858	0.46343	0.01961	0.35049	0.01517	0.01405	0.01009	0.00606	0.00500	0.00152	0.00497	0.00471	0.00548	0.00848
35	0.00662	0.00479	0.00631	0.00733	0.00795	0.00454	0.00541	0.00787	0.01012	0.01326	0.02859	0.52766	0.09164	0.04388	0.00715	0.00217	0.00339	0.21259	0.00456	0.00417
36	0.00775	0.00583	0.00726	0.00678	0.00816	0.00571	0.00512	0.01163	0.11448	0.02010	0.69071	0.03481	0.04289	0.00974	0.00577	0.00158	0.00256	0.00857	0.00543	0.00512
37	0.02197	0.00912	0.01196	0.00917	0.01304	0.00827	0.00757	0.11148	0.01533	0.70850	0.01877	0.01639	0.01189	0.00615	0.00501	0.00154	0.00439	0.00495	0.00603	0.00848
38	0.00929	0.00465	0.00465	0.00465	0.00581	0.00465	0.00348	0.01161	0.01045	0.01858	0.01626	0.01858	0.01278	0.00581	0.00348	0.00116	0.00232	0.00465	0.85250	0.00465
39	0.00712	0.00534	0.00801	0.00801	0.00890	0.00623	0.00623	0.00890	0.00801	0.01157	0.01335	0.01958	0.01246	0.03738	0.80507	0.00801	0.01335	0.00534	0.00267	0.00445
40	0.01054	0.01106	0.02190	0.43227	0.03035	0.01181	0.37998	0.01429	0.01083	0.01429	0.00945	0.01336	0.00709	0.00461	0.00542	0.00167	0.00749	0.00513	0.00236	0.00611
41	0.01841	0.05543	0.01460	0.01267	0.01531	0.77389	0.00959	0.01971	0.01397	0.01218	0.00767	0.00895	0.00642	0.00510	0.00444	0.00128	0.00884	0.00319	0.00255	0.00580
42	0.01112	0.01070	0.07277	0.26145	0.07204	0.01034	0.14274	0.03575	0.05949	0.07735	0.13711	0.01800	0.02810	0.00613	0.00568	0.00164	0.03427	0.00559	0.00340	0.00632

[dist]
# distance from previous block
# <min> <max>
0	1

[block]
# block no. 7 follows, 50 sequences, length 11
# corresponding to MSA columns:
# 379-389
name=unknown_H
#
# <colnr> <probs for GDERKNQSTAVLIFYWHMCP>
#	G	D	E	R	K	N	Q	S	T	A	V	L	I	F	Y	W	H	M	C	P
0	0.01328	0.01256	0.01168	0.01053	0.01331	0.12500	0.00814	0.02555	0.67523	0.01962	0.01850	0.01723	0.01397	0.00653	0.00499	0.00163	0.00466	0.00529	0.00472	0.00759
1	0.00929	0.00465	0.00465	0.00465	0.00581	0.00465	0.00348	0.01161	0.01045	0.01858	0.01626	0.01858	0.01278	0.00581	0.00348	0.00116	0.00232	0.00465	0.85250	0.00465
2	0.01178	0.04408	0.17762	0.06501	0.11253	0.01230	0.36896	0.01689	0.08583	0.03928	0.01086	0.01313	0.00814	0.00469	0.00529	0.00161	0.00715	0.00503	0.00275	0.00707
3	0.00866	0.00433	0.00649	0.00649	0.00649	0.00433	0.00433	0.00649	0.00649	0.00866	0.00866	0.01515	0.00866	0.01732	0.01948	0.85498	0.00433	0.00433	0.00216	0.00216
4	0.01086	0.01292	0.11177	0.01385	0.01515	0.01461	0.07268	0.01277	0.00831	0.01277	0.00712	0.01106	0.00660	0.00788	0.01411	0.00207	0.65308	0.00440	0.00220	0.00579
5	0.01630	0.00899	0.01249	0.01021	0.01266	0.00969	0.02963	0.07474	0.01218	0.38907	0.01462	0.01560	0.01061	0.01260	0.15932	0.00292	0.19208	0.00491	0.00440	0.00697
6	0.00836	0.00710	0.01012	0.00941	0.00993	0.00903	0.00744	0.00975	0.00781	0.01153	0.01137	0.01802	0.01108	0.10392	0.47363	0.00581	0.27330	0.00521	0.00254	0.00464
7	0.01257	0.52639	0.25169	0.01081	0.01592	0.05651	0.03641	0.01546	0.01050	0.01308	0.00766	0.00896	0.00641	0.00444	0.00380	0.00125	0.00621	0.00309	0.00216	0.00666
8	0.11673	0.01084	0.01242	0.01043	0.01299	0.06387	0.04816	0.14978	0.11584	0.09373	0.01234	0.01410	0.00972	0.01241	0.16762	0.00291	0.10846	0.00458	0.00372	0.02936
9	0.00907	0.00779	0.00903	0.17299	0.01409	0.08316	0.00716	0.02828	0.01068	0.04135	0.02174	0.40919	0.08200	0.03385	0.00619	0.00184	0.00442	0.00956	0.00388	0.04374
10	0.01284	0.01025	0.01484	0.04275	0.34040	0.00966	0.01045	0.03410	0.07369	0.10959	0.01229	0.01361	0.02659	0.00484	0.00460	0.00129	0.00482	0.00429	0.00336	0.26573

[dist]
# distance from previous block
# <min> <max>
0	26

[block]
# block no. 8 follows, 50 sequences, length 16
# corresponding to MSA columns:
# 416-431
name=unknown_I
#
# <colnr> <probs for GDERKNQSTAVLIFYWHMCP>
#	G	D	E	R	K	N	Q	S	T	A	V	L	I	F	Y	W	H	M	C	P
0	0.01279	0.01211	0.01229	0.10025	0.01532	0.16603	0.00871	0.06844	0.07928	0.04219	0.01150	0.01542	0.00979	0.00749	0.04289	0.00172	0.09253	0.06107	0.00326	0.23692
1	0.01231	0.01498	0.22260	0.08709	0.15084	0.02673	0.03189	0.05689	0.25048	0.05792	0.02945	0.01457	0.01065	0.00558	0.00497	0.00159	0.00570	0.00475	0.00353	0.00746
2	0.00604	0.00464	0.00553	0.00619	0.00705	0.00413	0.00431	0.00711	0.01040	0.01326	0.06272	0.49590	0.32631	0.01427	0.00616	0.00188	0.00273	0.01258	0.00466	0.00413
3	0.01435	0.15796	0.04878	0.01327	0.03592	0.23145	0.09280	0.06212	0.04141	0.03271	0.00864	0.01067	0.00721	0.00591	0.00755	0.00157	0.21470	0.00396	0.00269	0.00633
4	0.00715	0.00524	0.00751	0.00751	0.00822	0.00596	0.00560	0.00858	0.00786	0.01120	0.01381	0.02213	0.01357	0.19147	0.65250	0.00739	0.01168	0.00571	0.00274	0.00417
5	0.01306	0.64618	0.02366	0.00954	0.01294	0.04640	0.00901	0.01455	0.00980	0.01179	0.00688	0.00858	0.00642	0.00513	0.00572	0.00128	0.15770	0.00300	0.00216	0.00620
6	0.00607	0.00502	0.00536	0.00557	0.00706	0.00431	0.00420	0.00737	0.01117	0.01349	0.04609	0.13546	0.64884	0.01305	0.00602	0.00177	0.00272	0.06759	0.00463	0.00422
7	0.01170	0.01373	0.10303	0.03448	0.01576	0.10821	0.08772	0.01640	0.16529	0.01460	0.01081	0.01336	0.00894	0.00973	0.08820	0.00242	0.28185	0.00465	0.00288	0.00623
8	0.00629	0.00450	0.00598	0.00679	0.00728	0.00419	0.00464	0.00748	0.01055	0.01433	0.19603	0.64845	0.03607	0.01442	0.00626	0.00192	0.00277	0.01303	0.00482	0.00419
9	0.00705	0.00510	0.00666	0.00627	0.00745	0.00470	0.00470	0.00941	0.01411	0.01999	0.79110	0.03723	0.04703	0.01019	0.00588	0.00157	0.00235	0.00901	0.00549	0.00470
10	0.01862	0.02376	0.01413	0.01284	0.01541	0.80482	0.00963	0.01990	0.01413	0.01220	0.00770	0.00899	0.00642	0.00514	0.00449	0.00128	0.00899	0.00321	0.00257	0.00578
11	0.52534	0.00820	0.00722	0.00678	0.00915	0.00914	0.00532	0.01350	0.07187	0.02013	0.10532	0.12719	0.05933	0.00742	0.00418	0.00163	0.00348	0.00571	0.00383	0.00526
12	0.01364	0.01546	0.01486	0.01300	0.01391	0.29536	0.01045	0.01480	0.00994	0.01207	0.00696	0.01023	0.00650	0.00745	0.01215	0.00186	0.52953	0.00395	0.00232	0.00557
13	0.01034	0.00886	0.01034	0.00738	0.01181	0.00664	0.00591	0.01255	0.01034	0.01624	0.00886	0.01034	0.00738	0.00369	0.00369	0.00074	0.00369	0.00295	0.00295	0.85530
14	0.01717	0.02038	0.01284	0.01173	0.01415	0.65457	0.00879	0.01845	0.01363	0.05635	0.01227	0.07304	0.05288	0.00641	0.00474	0.00138	0.00790	0.00455	0.00304	0.00571
15	0.01441	0.03589	0.01555	0.19553	0.10686	0.39652	0.05152	0.01624	0.01192	0.01270	0.00831	0.01106	0.00687	0.00596	0.00611	0.06595	0.02659	0.00386	0.00242	0.00575

[dist]
# distance from previous block
# <min> <max>
0	3

[block]
# block no. 9 follows, 50 sequences, length 257
# corresponding to MSA columns:
# 435-691
name=unknown_J
#
# <colnr> <probs for GDERKNQSTAVLIFYWHMCP>
#	G	D	E	R	K	N	Q	S	T	A	V	L	I	F	Y	W	H	M	C	P
0	0.01892	0.01489	0.01488	0.01160	0.01545	0.09025	0.00949	0.70536	0.02255	0.02959	0.01156	0.01168	0.00828	0.00590	0.00494	0.00148	0.00582	0.00437	0.00476	0.00822
1	0.01546	0.02293	0.00951	0.00770	0.01002	0.00693	0.00585	0.01752	0.05978	0.41639	0.04395	0.02278	0.01546	0.27364	0.04736	0.00290	0.00478	0.00588	0.00482	0.00632
2	0.01577	0.02317	0.01001	0.00808	0.01053	0.00730	0.00630	0.06448	0.01202	0.41222	0.01690	0.02055	0.01334	0.20009	0.15305	0.00345	0.00611	0.00551	0.00467	0.00646
3	0.01408	0.01486	0.01448	0.01247	0.01384	0.24588	0.01005	0.12079	0.01188	0.01482	0.00939	0.01197	0.03803	0.00745	0.01088	0.00180	0.43433	0.00429	0.00278	0.00592
4	0.01034	0.00886	0.01034	0.00738	0.01181	0.00664	0.00591	0.01255	0.01034	0.01624	0.00886	0.01034	0.00738	0.00369	0.00369	0.00074	0.00369	0.00295	0.00295	0.85530
5	0.00631	0.00444	0.00571	0.00664	0.00687	0.00421	0.00430	0.00700	0.00908	0.01211	0.02510	0.66226	0.02997	0.17902	0.01020	0.00259	0.00328	0.01277	0.00430	0.00384
6	0.01037	0.00857	0.00942	0.00885	0.01093	0.00949	0.00671	0.04575	0.47216	0.01891	0.09280	0.20625	0.06002	0.00937	0.00548	0.00175	0.00354	0.00810	0.00498	0.00656
7	0.00714	0.00506	0.00668	0.00672	0.00716	0.00547	0.00462	0.00802	0.00770	0.01070	0.01505	0.05780	0.01601	0.41693	0.39661	0.00624	0.00882	0.00661	0.00292	0.00374
8	0.01110	0.01409	0.13744	0.01626	0.01927	0.01371	0.30196	0.01407	0.00963	0.01407	0.00824	0.01181	0.00690	0.00642	0.01065	0.00190	0.38915	0.00484	0.00230	0.00622
9	0.00721	0.00498	0.00619	0.00619	0.00645	0.00524	0.00396	0.00773	0.00747	0.01022	0.01502	0.02881	0.01647	0.59488	0.25306	0.00576	0.00732	0.00669	0.00292	0.00344
10	0.01811	0.01346	0.01451	0.01107	0.01510	0.01460	0.00913	0.70257	0.02216	0.02993	0.01166	0.01181	0.00837	0.00576	0.00486	0.00142	0.00531	0.00434	0.00479	0.09104
11	0.00718	0.00508	0.00670	0.00668	0.00717	0.00547	0.00461	0.00815	0.00803	0.01119	0.06308	0.02687	0.01731	0.40956	0.38492	0.00610	0.00862	0.00648	0.00301	0.00379
12	0.01333	0.82783	0.02612	0.00853	0.01279	0.01972	0.00853	0.01493	0.01013	0.01173	0.00693	0.00800	0.00640	0.00426	0.00320	0.00107	0.00533	0.00267	0.00213	0.00640
13	0.01114	0.01197	0.02438	0.25001	0.10118	0.01209	0.48415	0.01497	0.01121	0.01507	0.00966	0.01330	0.00733	0.00445	0.00553	0.00166	0.00766	0.00533	0.00243	0.00649
14	0.01176	0.01345	0.02941	0.02101	0.02605	0.01261	0.77563	0.01597	0.01176	0.01597	0.01008	0.01345	0.00756	0.00420	0.00588	0.00168	0.00840	0.00588	0.00252	0.00672
15	0.01862	0.02376	0.01413	0.01284	0.01541	0.80482	0.00963	0.01990	0.01413	0.01220	0.00770	0.00899	0.00642	0.00514	0.00449	0.00128	0.00899	0.00321	0.00257	0.00578
16	0.00774	0.00620	0.00712	0.00742	0.00868	0.00633	0.00534	0.01226	0.21913	0.01507	0.03018	0.44864	0.18138	0.01262	0.00592	0.00187	0.00310	0.01113	0.00475	0.00512
17	0.00607	0.00434	0.00578	0.00694	0.00723	0.00405	0.00463	0.00694	0.00954	0.01272	0.02747	0.82157	0.03297	0.01562	0.00636	0.00202	0.00289	0.01417	0.00463	0.00405
18	0.01000	0.02578	0.79900	0.01421	0.02157	0.01158	0.01842	0.01579	0.01052	0.01579	0.00895	0.01052	0.00631	0.00474	0.00474	0.00158	0.00737	0.00368	0.00210	0.00737
19	0.00855	0.00681	0.01101	0.01083	0.01252	0.00669	0.11505	0.01111	0.01151	0.01506	0.02412	0.05026	0.02574	0.01244	0.00674	0.00221	0.00512	0.65502	0.00430	0.00489
20	0.00814	0.00639	0.00792	0.00784	0.00888	0.05592	0.00606	0.00997	0.00873	0.01259	0.01340	0.01878	0.01213	0.03097	0.64328	0.00664	0.01154	0.00511	0.12115	0.00456
21	0.00624	0.00449	0.00595	0.00705	0.00748	0.00420	0.00489	0.00725	0.00980	0.01295	0.02843	0.71932	0.06728	0.01532	0.00639	0.00203	0.00302	0.07920	0.00462	0.00410
22	0.00657	0.00541	0.00567	0.00548	0.00718	0.00473	0.00414	0.03811	0.01223	0.01509	0.15277	0.04503	0.65616	0.01202	0.00585	0.00166	0.00262	0.01007	0.00476	0.00445
23	0.00725	0.00483	0.00544	0.00544	0.00544	0.00483	0.00302	0.00725	0.00725	0.00966	0.01571	0.03262	0.01812	0.82483	0.02537	0.00483	0.00483	0.00725	0.00302	0.00302
24	0.00677	0.00469	0.00585	0.00652	0.00677	0.00455	0.00427	0.00740	0.00875	0.01163	0.02234	0.40957	0.02620	0.36135	0.01454	0.00325	0.00389	0.08407	0.00394	0.00366
25	0.00697	0.00522	0.00653	0.00692	0.00781	0.00506	0.00491	0.00958	0.08455	0.01583	0.26844	0.45041	0.08313	0.01288	0.00606	0.00183	0.00280	0.01151	0.00494	0.00463
26	0.00687	0.00509	0.00641	0.00608	0.00733	0.00462	0.00456	0.00905	0.01367	0.01896	0.67403	0.03893	0.16475	0.01057	0.00588	0.00159	0.00238	0.00925	0.00535	0.00462
27	0.00712	0.00534	0.00801	0.00801	0.00890	0.00623	0.00623	0.00890	0.00801	0.01157	0.01335	0.01958	0.01246	0.03738	0.80507	0.00801	0.01335	0.00534	0.00267	0.00445
28	0.00628	0.00488	0.00577	0.00634	0.00742	0.00437	0.00469	0.00757	0.01080	0.01360	0.06246	0.33293	0.38688	0.01380	0.00620	0.00189	0.00293	0.11232	0.00465	0.00422
29	0.00672	0.00489	0.00609	0.00614	0.00703	0.00452	0.00433	0.00829	0.01183	0.01616	0.42446	0.20384	0.13763	0.12523	0.00870	0.00213	0.00283	0.01006	0.00485	0.00427
30	0.00652	0.00466	0.00630	0.00746	0.00794	0.00444	0.00541	0.00772	0.00999	0.01323	0.02722	0.64547	0.03198	0.01519	0.00648	0.00209	0.00328	0.18583	0.00462	0.00417
31	0.00654	0.00470	0.00620	0.00662	0.00733	0.00436	0.00466	0.00810	0.01170	0.01615	0.38777	0.45150	0.03960	0.01306	0.00613	0.00181	0.00264	0.01174	0.00503	0.00436
32	0.01034	0.00886	0.01034	0.00738	0.01181	0.00664	0.00591	0.01255	0.01034	0.01624	0.00886	0.01034	0.00738	0.00369	0.00369	0.00074	0.00369	0.00295	0.00295	0.85530
33	0.00719	0.00526	0.00697	0.00786	0.00887	0.00504	0.00638	0.00900	0.01117	0.01454	0.08366	0.23950	0.13739	0.01381	0.00655	0.00209	0.00373	0.42191	0.00467	0.00441
34	0.01176	0.01345	0.02941	0.02101	0.02605	0.01261	0.77563	0.01597	0.01176	0.01597	0.01008	0.01345	0.00756	0.00420	0.00588	0.00168	0.00840	0.00588	0.00252	0.00672
35	0.00596	0.00505	0.00514	0.00512	0.00677	0.00424	0.00384	0.00729	0.01152	0.01385	0.09407	0.04734	0.74790	0.01248	0.00589	0.00168	0.00251	0.01043	0.00468	0.00424
36	0.00738	0.00578	0.00842	0.00821	0.00908	0.00682	0.00644	0.00910	0.00842	0.01208	0.05016	0.02105	0.05175	0.03251	0.66273	0.00691	0.08009	0.00568	0.00285	0.00453
37	0.13915	0.00864	0.01098	0.00855	0.01229	0.00786	0.00706	0.02295	0.01346	0.68916	0.01789	0.01573	0.01137	0.00595	0.00474	0.00154	0.00419	0.00469	0.00574	0.00805
38	0.00875	0.00636	0.00787	0.00711	0.00868	0.00624	0.00550	0.11648	0.01530	0.02138	0.65204	0.03447	0.04093	0.00975	0.00579	0.00159	0.00288	0.03828	0.00538	0.00522
39	0.00999	0.00931	0.01560	0.73818	0.03303	0.01136	0.04766	0.05036	0.01071	0.01380	0.00907	0.01323	0.00678	0.00500	0.00502	0.00165	0.00667	0.00450	0.00236	0.00573
40	0.00793	0.00671	0.01028	0.25921	0.08965	0.00730	0.00882	0.00990	0.01008	0.01327	0.02100	0.37073	0.06908	0.01082	0.00599	0.00186	0.01849	0.07032	0.00363	0.00495
41	0.01176	0.01345	0.02941	0.02101	0.02605	0.01261	0.77563	0.01597	0.01176	0.01597	0.01008	0.01345	0.00756	0.00420	0.00588	0.00168	0.00840	0.00588	0.00252	0.00672
42	0.01351	0.01261	0.01925	0.02722	0.65425	0.04391	0.01426	0.12169	0.01315	0.01823	0.00967	0.01215	0.00792	0.00468	0.00492	0.00147	0.00598	0.00440	0.00282	0.00789
43	0.01091	0.01091	0.01527	0.01309	0.01309	0.01527	0.01091	0.01200	0.00763	0.01200	0.00654	0.01091	0.00654	0.00872	0.01636	0.00218	0.81570	0.00436	0.00218	0.00545
44	0.01034	0.00886	0.01034	0.00738	0.01181	0.00664	0.00591	0.01255	0.01034	0.01624	0.00886	0.01034	0.00738	0.00369	0.00369	0.00074	0.00369	0.00295	0.00295	0.85530
45	0.00705	0.00510	0.00666	0.00627	0.00745	0.00470	0.00470	0.00941	0.01411	0.01999	0.79110	0.03723	0.04703	0.01019	0.00588	0.00157	0.00235	0.00901	0.00549	0.00470
46	0.01240	0.01071	0.01127	0.01014	0.01296	0.01240	0.00789	0.02649	0.78473	0.02085	0.02029	0.01860	0.01522	0.00676	0.00507	0.00169	0.00394	0.00564	0.00507	0.00789
47	0.01106	0.01054	0.01792	0.37244	0.46188	0.01151	0.01466	0.01418	0.01075	0.01473	0.00915	0.01275	0.00735	0.00468	0.00496	0.00156	0.00624	0.00444	0.00236	0.00686
48	0.00614	0.00440	0.00573	0.00675	0.00709	0.00411	0.00449	0.00697	0.00949	0.01257	0.02787	0.73433	0.06924	0.06605	0.00753	0.00218	0.00300	0.01356	0.00453	0.00399
49	0.00725	0.00483	0.00544	0.00544	0.00544	0.00483	0.00302	0.00725	0.00725	0.00966	0.01571	0.03262	0.01812	0.82483	0.02537	0.00483	0.00483	0.00725	0.00302	0.00302
50	0.01240	0.01071	0.01127	0.01014	0.01296	0.01240	0.00789	0.02649	0.78473	0.02085	0.02029	0.01860	0.01522	0.00676	0.00507	0.00169	0.00394	0.00564	0.00507	0.00789
