[name]
unknown

[dist]
# distance from previous block
# <min> <max>
0	894

[block]
# block no. 0 follows, 52 sequences, length 7
# corresponding to MSA columns:
# 894-900
name=unknown_A
#
# <colnr> <probs for GDERKNQSTAVLIFYWHMCP>
#	G	D	E	R	K	N	Q	S	T	A	V	L	I	F	Y	W	H	M	C	P
0	0.00781	0.00558	0.00781	0.00892	0.01004	0.00558	0.00781	0.01004	0.01116	0.01450	0.02566	0.05466	0.02789	0.01339	0.00669	0.00223	0.00446	0.76685	0.00446	0.00446
1	0.00705	0.00470	0.00529	0.00529	0.00529	0.00470	0.00294	0.00705	0.00705	0.00940	0.01527	0.03171	0.01762	0.82969	0.02467	0.00470	0.00470	0.00705	0.00294	0.00294
2	0.00608	0.00492	0.00540	0.00528	0.00676	0.00424	0.00396	0.00764	0.01189	0.01509	0.28458	0.04335	0.56077	0.01153	0.00572	0.00160	0.00240	0.00977	0.00476	0.00424
3	0.01348	0.05836	0.08165	0.01607	0.02067	0.01143	0.46835	0.04777	0.01204	0.16799	0.01156	0.01342	0.00833	0.00591	0.03873	0.00182	0.00723	0.00514	0.00319	0.00687
4	0.01296	0.83261	0.02539	0.00829	0.01244	0.01917	0.00829	0.01451	0.00985	0.01140	0.00674	0.00777	0.00622	0.00415	0.00311	0.00104	0.00518	0.00259	0.00207	0.00622
5	0.00590	0.00422	0.00562	0.00675	0.00703	0.00394	0.00450	0.00675	0.00928	0.01237	0.02671	0.82653	0.03205	0.01518	0.00619	0.00197	0.00281	0.01378	0.00450	0.00394
6	0.00993	0.00954	0.01656	0.59094	0.20606	0.01103	0.06089	0.01314	0.01010	0.01335	0.00880	0.01272	0.00679	0.00468	0.00489	0.00158	0.00641	0.00440	0.00223	0.00597

[dist]
# distance from previous block
# <min> <max>
0	1

[block]
# block no. 1 follows, 52 sequences, length 114
# corresponding to MSA columns:
# 902-914,939-1039
name=unknown_B
#
# <colnr> <probs for GDERKNQSTAVLIFYWHMCP>
#	G	D	E	R	K	N	Q	S	T	A	V	L	I	F	Y	W	H	M	C	P
0	0.01206	0.60824	0.24189	0.00983	0.01481	0.01697	0.01096	0.01474	0.00995	0.01250	0.00728	0.00846	0.00620	0.00427	0.00352	0.00117	0.00573	0.00287	0.00207	0.00648
1	0.00705	0.00470	0.00529	0.00529	0.00529	0.00470	0.00294	0.00705	0.00705	0.00940	0.01527	0.03171	0.01762	0.82969	0.02467	0.00470	0.00470	0.00705	0.00294	0.00294
2	0.00693	0.00516	0.00762	0.00762	0.00843	0.00597	0.00585	0.00855	0.00774	0.01113	0.01313	0.01986	0.01247	0.08810	0.75922	0.00759	0.01244	0.00531	0.00262	0.00424
3	0.09315	0.01622	0.06469	0.18148	0.03178	0.30553	0.16696	0.05676	0.01214	0.01489	0.00844	0.01070	0.00654	0.00474	0.00466	0.00146	0.00737	0.00396	0.00256	0.00598
4	0.01038	0.01298	0.11771	0.19559	0.02261	0.06980	0.30845	0.01367	0.01062	0.01391	0.01216	0.09913	0.03618	0.00606	0.00586	0.00165	0.04892	0.00587	0.00260	0.00587
5	0.00590	0.00422	0.00562	0.00675	0.00703	0.00394	0.00450	0.00675	0.00928	0.01237	0.02671	0.82653	0.03205	0.01518	0.00619	0.00197	0.00281	0.01378	0.00450	0.00394
6	0.00663	0.00541	0.00615	0.03311	0.00808	0.00500	0.00457	0.00910	0.06276	0.01566	0.29575	0.04015	0.46844	0.01086	0.00564	0.00160	0.00262	0.00923	0.00473	0.00453
7	0.80344	0.06788	0.00842	0.00651	0.00959	0.01146	0.00546	0.01426	0.00836	0.02101	0.00675	0.00787	0.00532	0.00447	0.00301	0.00147	0.00385	0.00262	0.00293	0.00532
8	0.01199	0.01151	0.01967	0.02974	0.79946	0.01151	0.01487	0.01487	0.01103	0.01583	0.00912	0.01199	0.00768	0.00432	0.00480	0.00144	0.00576	0.00432	0.00240	0.00768
9	0.00915	0.00861	0.01453	0.81804	0.03338	0.01077	0.01346	0.01238	0.00969	0.01238	0.00861	0.01292	0.00646	0.00484	0.00484	0.00161	0.00646	0.00431	0.00215	0.00538
10	0.00614	0.00481	0.00556	0.00561	0.00686	0.00423	0.00412	0.00767	0.01167	0.01514	0.30079	0.16806	0.41819	0.01193	0.00580	0.00165	0.00245	0.01030	0.00478	0.00423
11	0.00587	0.00434	0.00550	0.00643	0.00695	0.00396	0.00436	0.00678	0.00958	0.01249	0.03053	0.69343	0.16269	0.01469	0.00611	0.00191	0.00275	0.01317	0.00450	0.00396
12	0.00622	0.00493	0.00559	0.00543	0.00685	0.00430	0.00407	0.00791	0.01221	0.01586	0.37564	0.04208	0.46922	0.01124	0.00572	0.00159	0.00238	0.00959	0.00486	0.00430
13	0.00601	0.00478	0.00540	0.00554	0.00680	0.00417	0.00404	0.00739	0.01127	0.01433	0.20841	0.20239	0.47766	0.01234	0.00582	0.00168	0.00249	0.01063	0.00468	0.00417
14	0.00918	0.00586	0.00751	0.00669	0.00829	0.00552	0.00514	0.06117	0.01433	0.10275	0.66368	0.03252	0.03972	0.00923	0.00557	0.00152	0.00268	0.00807	0.00537	0.00520
15	0.01812	0.02247	0.01379	0.01240	0.01498	0.75836	0.00935	0.06919	0.01432	0.01308	0.00776	0.00893	0.00637	0.00505	0.00440	0.00126	0.00852	0.00320	0.00265	0.00579
16	0.00738	0.00553	0.00776	0.00760	0.00860	0.00626	0.00586	0.04372	0.00864	0.01214	0.01541	0.02126	0.06350	0.08090	0.67424	0.00691	0.01145	0.00559	0.00284	0.00441
17	0.01296	0.83261	0.02539	0.00829	0.01244	0.01917	0.00829	0.01451	0.00985	0.01140	0.00674	0.00777	0.00622	0.00415	0.00311	0.00104	0.00518	0.00259	0.00207	0.00622
18	0.00597	0.00480	0.00532	0.00544	0.00676	0.00415	0.00398	0.00732	0.01124	0.01414	0.18356	0.17681	0.52885	0.01233	0.00580	0.00167	0.00248	0.01056	0.00465	0.00415
19	0.01296	0.83261	0.02539	0.00829	0.01244	0.01917	0.00829	0.01451	0.00985	0.01140	0.00674	0.00777	0.00622	0.00415	0.00311	0.00104	0.00518	0.00259	0.00207	0.00622
20	0.04994	0.00919	0.01167	0.00898	0.01272	0.00860	0.00741	0.15295	0.01520	0.64434	0.01742	0.01537	0.01112	0.00592	0.00480	0.00149	0.00432	0.00471	0.00570	0.00814
21	0.00574	0.00486	0.00496	0.00505	0.00658	0.00408	0.00374	0.00694	0.01091	0.01304	0.04744	0.10432	0.74088	0.01249	0.00576	0.00166	0.00248	0.01049	0.00450	0.00408
22	0.00955	0.00479	0.00514	0.00494	0.00623	0.00468	0.00374	0.01179	0.01078	0.06522	0.10253	0.01998	0.01608	0.00614	0.00373	0.00120	0.00237	0.00501	0.71135	0.00475
23	0.05446	0.00877	0.01128	0.00877	0.01244	0.00809	0.00722	0.07293	0.06164	0.67359	0.01817	0.01593	0.01165	0.00596	0.00480	0.00151	0.00417	0.00479	0.00574	0.00809
24	0.01842	0.01374	0.01453	0.01117	0.01503	0.02866	0.00921	0.77021	0.02263	0.03022	0.01156	0.01159	0.00821	0.00580	0.00484	0.00145	0.00539	0.00434	0.00481	0.00820
25	0.01135	0.01086	0.01851	0.20734	0.62688	0.01135	0.01455	0.01431	0.01073	0.01505	0.00900	0.01220	0.00740	0.00444	0.00481	0.00148	0.00592	0.00432	0.00234	0.00716
26	0.00573	0.00491	0.00491	0.00491	0.00655	0.00409	0.00368	0.00695	0.01105	0.01309	0.04909	0.04664	0.79750	0.01227	0.00573	0.00164	0.00245	0.01023	0.00450	0.00409
27	0.00590	0.00422	0.00562	0.00675	0.00703	0.00394	0.00450	0.00675	0.00928	0.01237	0.02671	0.82653	0.03205	0.01518	0.00619	0.00197	0.00281	0.01378	0.00450	0.00394
28	0.01144	0.01307	0.02859	0.02042	0.02533	0.01225	0.78186	0.01552	0.01144	0.01552	0.00980	0.01307	0.00735	0.00408	0.00572	0.00163	0.00817	0.00572	0.00245	0.00654
29	0.01834	0.00972	0.01273	0.00995	0.01348	0.00951	0.05801	0.20219	0.07921	0.44631	0.02772	0.06403	0.01269	0.00648	0.00502	0.00154	0.00455	0.00544	0.00531	0.00778
30	0.00590	0.00422	0.00562	0.00675	0.00703	0.00394	0.00450	0.00675	0.00928	0.01237	0.02671	0.82653	0.03205	0.01518	0.00619	0.00197	0.00281	0.01378	0.00450	0.00394
31	0.00697	0.00466	0.00531	0.00539	0.00541	0.00464	0.00305	0.00703	0.00721	0.00961	0.01608	0.08820	0.01864	0.77180	0.02335	0.00450	0.00456	0.00753	0.00305	0.00301
32	0.01085	0.01059	0.01852	0.31092	0.40603	0.01148	0.09397	0.01389	0.01042	0.01436	0.00887	0.01237	0.00714	0.00468	0.00545	0.00156	0.04551	0.00446	0.00230	0.00662
33	0.01009	0.00944	0.00858	0.00827	0.00959	0.20247	0.00633	0.01181	0.00972	0.01278	0.01221	0.01632	0.01074	0.02245	0.44973	0.00484	0.00977	0.00455	0.17563	0.00468
34	0.03522	0.65548	0.17444	0.00930	0.01399	0.01743	0.01005	0.01466	0.00988	0.01244	0.00711	0.00825	0.00618	0.00424	0.00339	0.00114	0.00552	0.00278	0.00209	0.00637
35	0.01322	0.01515	0.01694	0.01403	0.01573	0.27599	0.14855	0.01488	0.01022	0.01242	0.00735	0.01043	0.00650	0.00655	0.01028	0.00175	0.40794	0.00414	0.00230	0.00563
36	0.00748	0.00571	0.00778	0.00893	0.06477	0.00546	0.00670	0.00959	0.01181	0.01566	0.23529	0.04524	0.16929	0.01161	0.00612	0.00188	0.00361	0.37384	0.00456	0.00465
37	0.00603	0.00449	0.00561	0.00625	0.00696	0.00407	0.00434	0.00719	0.01039	0.01369	0.15920	0.53109	0.19560	0.01369	0.00601	0.00182	0.00265	0.01220	0.00464	0.00407
38	0.00694	0.00511	0.00736	0.00736	0.00808	0.00583	0.00552	0.00838	0.00766	0.01093	0.01337	0.02120	0.01305	0.17174	0.67638	0.00726	0.01157	0.00551	0.00265	0.00409
39	0.01551	0.01213	0.01290	0.01056	0.01392	0.01367	0.00851	0.43650	0.37434	0.02584	0.01534	0.01459	0.01124	0.00616	0.00489	0.00154	0.00465	0.00487	0.00489	0.00798
40	0.00646	0.00489	0.00579	0.00563	0.00679	0.00440	0.00410	0.00810	0.01196	0.01600	0.43599	0.06554	0.29654	0.09731	0.00773	0.00191	0.00261	0.00924	0.00477	0.00422
41	0.00761	0.00552	0.00700	0.00643	0.00775	0.00525	0.00488	0.05965	0.01431	0.02016	0.74568	0.03460	0.04328	0.00964	0.00566	0.00152	0.00248	0.00848	0.00530	0.00481
42	0.01005	0.00861	0.01005	0.00718	0.01148	0.00646	0.00574	0.01220	0.01005	0.01579	0.00861	0.01005	0.00718	0.00359	0.00359	0.00072	0.00359	0.00287	0.00287	0.85932
43	0.00587	0.00491	0.00511	0.00506	0.00663	0.00415	0.00379	0.00723	0.01138	0.01388	0.14266	0.04533	0.70343	0.01198	0.00573	0.00162	0.00243	0.01004	0.00460	0.00415
44	0.00769	0.00550	0.00768	0.00879	0.00986	0.00548	0.00761	0.00984	0.01104	0.01437	0.02572	0.10089	0.02814	0.01349	0.00666	0.00222	0.00436	0.72174	0.00446	0.00443
45	0.86392	0.00937	0.00712	0.00637	0.00937	0.01087	0.00525	0.01425	0.00825	0.02174	0.00675	0.00787	0.00525	0.00450	0.00300	0.00150	0.00375	0.00262	0.00300	0.00525
46	0.00654	0.00481	0.00626	0.00642	0.00738	0.00442	0.02113	0.00811	0.01120	0.01532	0.28923	0.35087	0.16205	0.01207	0.00578	0.00171	0.00268	0.02300	0.05674	0.00428
47	0.03378	0.01042	0.01297	0.01303	0.14711	0.01096	0.00895	0.14545	0.29029	0.23665	0.01626	0.01593	0.01175	0.00597	0.00487	0.00154	0.00449	0.01702	0.00473	0.00782
48	0.72158	0.00950	0.00802	0.00690	0.01004	0.01071	0.00569	0.06133	0.00973	0.10732	0.00839	0.00904	0.00616	0.00474	0.00331	0.00150	0.00388	0.00297	0.00344	0.00575
49	0.00641	0.00458	0.00620	0.00733	0.00783	0.00437	0.00538	0.00762	0.00978	0.01294	0.02643	0.62160	0.03095	0.01471	0.00632	0.00204	0.00325	0.21371	0.00449	0.00408
50	0.01080	0.01051	0.01885	0.22757	0.40055	0.01089	0.15133	0.01393	0.01091	0.01516	0.05732	0.01402	0.00972	0.00478	0.00500	0.00152	0.00609	0.00484	0.01957	0.00663
51	0.00915	0.00861	0.01453	0.81804	0.03338	0.01077	0.01346	0.01238	0.00969	0.01238	0.00861	0.01292	0.00646	0.00484	0.00484	0.00161	0.00646	0.00431	0.00215	0.00538
52	0.01903	0.00842	0.01088	0.00868	0.01208	0.00784	0.00705	0.02306	0.15322	0.61133	0.06997	0.01806	0.01470	0.00636	0.00494	0.00153	0.00395	0.00524	0.00576	0.00790
53	0.00694	0.00512	0.00740	0.00740	0.00814	0.00585	0.00558	0.00841	0.00767	0.01096	0.01333	0.02098	0.01296	0.15819	0.68980	0.00731	0.01171	0.00548	0.00265	0.00411
54	0.15864	0.16795	0.03581	0.08466	0.01502	0.21754	0.00874	0.09806	0.07801	0.07843	0.00974	0.01054	0.00747	0.00503	0.00409	0.00137	0.00584	0.00353	0.00319	0.00634
55	0.01039	0.06115	0.72178	0.01340	0.02023	0.01184	0.01695	0.06130	0.01097	0.01608	0.00878	0.01020	0.00627	0.00466	0.00455	0.00151	0.00696	0.00358	0.00222	0.00718
56	0.01192	0.01285	0.01419	0.01238	0.01294	0.17785	0.01008	0.01306	0.00874	0.01168	0.00699	0.01072	0.00668	0.00943	0.06112	0.00228	0.60547	0.00407	0.00223	0.00531
57	0.01143	0.01187	0.02299	0.11418	0.37566	0.01175	0.34938	0.01488	0.01106	0.01531	0.00936	0.01257	0.00740	0.00428	0.00520	0.00154	0.00689	0.00493	0.00239	0.00692
58	0.43216	0.18906	0.03865	0.00795	0.01112	0.09670	0.00688	0.04555	0.03654	0.02860	0.00825	0.01019	0.00694	0.05845	0.00480	0.00159	0.00483	0.00319	0.00289	0.00565
59	0.01296	0.83261	0.02539	0.00829	0.01244	0.01917	0.00829	0.01451	0.00985	0.01140	0.00674	0.00777	0.00622	0.00415	0.00311	0.00104	0.00518	0.00259	0.00207	0.00622
60	0.00752	0.00528	0.00635	0.00601	0.00731	0.00508	0.00453	0.01056	0.07037	0.01875	0.54595	0.03260	0.09824	0.00912	0.00526	0.00147	0.00241	0.00791	0.15052	0.00475
61	0.01246	0.01290	0.01762	0.18654	0.51034	0.14768	0.01365	0.01513	0.01122	0.01445	0.00874	0.01163	0.00718	0.00454	0.00473	0.00144	0.00641	0.00411	0.00237	0.00686
62	0.00787	0.00687	0.00756	0.00741	0.00840	0.08246	0.00552	0.00917	0.00878	0.01132	0.01889	0.02476	0.14642	0.16311	0.44912	0.00549	0.02355	0.00615	0.00296	0.00419
63	0.00681	0.00491	0.00616	0.00587	0.00685	0.00456	0.00423	0.00862	0.01238	0.01725	0.60820	0.03621	0.09653	0.14999	0.00895	0.00207	0.00271	0.00858	0.00486	0.00426
64	0.00605	0.00436	0.00573	0.00657	0.00704	0.00404	0.00448	0.00714	0.01006	0.01354	0.15149	0.66835	0.06472	0.01422	0.00609	0.00188	0.00271	0.01283	0.00463	0.00404
65	0.00604	0.00428	0.00558	0.00657	0.00682	0.00403	0.00431	0.00678	0.00901	0.01201	0.02533	0.73042	0.03031	0.11367	0.00842	0.00230	0.00304	0.01296	0.00431	0.00382
66	0.00636	0.00488	0.00584	0.00580	0.00704	0.00436	0.00433	0.00810	0.01218	0.01616	0.41110	0.12011	0.33012	0.01144	0.00580	0.00163	0.00247	0.03307	0.00491	0.00432
67	0.01810	0.02310	0.01373	0.01248	0.01498	0.81024	0.00936	0.01935	0.01373	0.01186	0.00749	0.00874	0.00624	0.00499	0.00437	0.00125	0.00874	0.00312	0.00250	0.00562
68	0.00903	0.00452	0.00452	0.00452	0.00565	0.00452	0.00339	0.01129	0.01016	0.01807	0.01581	0.01807	0.01242	0.00565	0.00339	0.00113	0.00226	0.00452	0.85659	0.00452
69	0.81253	0.00930	0.00737	0.00651	0.00955	0.01064	0.00536	0.01482	0.00859	0.06941	0.00750	0.00840	0.00566	0.00459	0.00311	0.00150	0.00377	0.00276	0.00318	0.00543
70	0.84712	0.00935	0.00720	0.00642	0.00943	0.01080	0.00529	0.01443	0.00836	0.03733	0.00699	0.00804	0.00538	0.00453	0.00304	0.00150	0.00376	0.00267	0.00306	0.00531
71	0.00903	0.00452	0.00452	0.00452	0.00565	0.00452	0.00339	0.01129	0.01016	0.01807	0.01581	0.01807	0.01242	0.00565	0.00339	0.00113	0.00226	0.00452	0.85659	0.00452
72	0.00633	0.00484	0.00581	0.00577	0.00697	0.00432	0.00425	0.00804	0.01216	0.01623	0.42804	0.14989	0.30684	0.01147	0.00579	0.00163	0.00242	0.00997	0.00493	0.00432
73	0.01296	0.83261	0.02539	0.00829	0.01244	0.01917	0.00829	0.01451	0.00985	0.01140	0.00674	0.00777	0.00622	0.00415	0.00311	0.00104	0.00518	0.00259	0.00207	0.00622
74	0.00581	0.00479	0.00511	0.00528	0.00666	0.00409	0.00387	0.00703	0.01088	0.01329	0.08309	0.17921	0.62884	0.01265	0.00580	0.00169	0.00251	0.01076	0.00454	0.00409
75	0.00668	0.00485	0.00629	0.00613	0.00718	0.00446	0.00452	0.00872	0.01300	0.01819	0.65888	0.14336	0.07811	0.01073	0.00578	0.00159	0.00236	0.00951	0.00518	0.00446
76	0.01073	0.27816	0.56037	0.01208	0.01830	0.01374	0.01489	0.01508	0.01011	0.01411	0.00808	0.00946	0.00616	0.00446	0.00414	0.00138	0.00654	0.00327	0.00205	0.00687
77	0.00662	0.00489	0.00633	0.00691	0.00759	0.00480	0.00485	0.00876	0.06788	0.01431	0.18137	0.55390	0.03225	0.01486	0.05847	0.00223	0.00344	0.01159	0.00458	0.00437
78	0.00590	0.00422	0.00562	0.00675	0.00703	0.00394	0.00450	0.00675	0.00928	0.01237	0.02671	0.82653	0.03205	0.01518	0.00619	0.00197	0.00281	0.01378	0.00450	0.00394
79	0.01259	0.04032	0.04206	0.01812	0.03805	0.01190	0.59175	0.01699	0.06244	0.09870	0.01129	0.01350	0.00827	0.00447	0.00545	0.00159	0.00729	0.00543	0.00296	0.00682
80	0.01005	0.00861	0.01005	0.00718	0.01148	0.00646	0.00574	0.01220	0.01005	0.01579	0.00861	0.01005	0.00718	0.00359	0.00359	0.00072	0.00359	0.00287	0.00287	0.85932
81	0.01390	0.14040	0.44091	0.01141	0.01706	0.01126	0.01314	0.02886	0.01144	0.24913	0.01155	0.01175	0.00792	0.00497	0.00446	0.00145	0.00594	0.00383	0.00327	0.00736
82	0.01093	0.16695	0.48130	0.01412	0.02013	0.03988	0.17071	0.01537	0.01053	0.01456	0.00853	0.01032	0.00640	0.00443	0.00455	0.00146	0.00707	0.00382	0.00215	0.00681
83	0.01371	0.62131	0.08775	0.00938	0.01352	0.13503	0.00921	0.01557	0.01057	0.03566	0.00738	0.00838	0.00639	0.00436	0.00347	0.00112	0.00584	0.00282	0.00225	0.00627
84	0.00819	0.00608	0.00739	0.00680	0.00834	0.00594	0.00527	0.09086	0.04077	0.01966	0.56196	0.03523	0.11890	0.00983	0.00566	0.00158	0.00281	0.05461	0.00513	0.00501
85	0.00924	0.00786	0.00944	0.00836	0.01049	0.00829	0.05226	0.01643	0.36088	0.01782	0.21335	0.02862	0.18168	0.04588	0.00623	0.00175	0.00348	0.00733	0.00470	0.00591
86	0.00702	0.00469	0.00529	0.00532	0.00533	0.00468	0.00298	0.00704	0.00711	0.00948	0.01558	0.05309	0.01801	0.80778	0.02417	0.00462	0.00465	0.00723	0.00298	0.00296
87	0.00703	0.00477	0.00565	0.00565	0.00577	0.00490	0.00339	0.00728	0.00715	0.00967	0.01494	0.02987	0.01682	0.71453	0.13874	0.00515	0.00590	0.00678	0.00289	0.00314
88	0.00602	0.00492	0.00531	0.00521	0.00672	0.00421	0.00391	0.00752	0.01173	0.01472	0.24098	0.04396	0.60460	0.01167	0.00572	0.00161	0.00241	0.00985	0.00471	0.00421
89	0.00887	0.00450	0.00457	0.00463	0.00572	0.00449	0.00345	0.01105	0.01012	0.01777	0.01638	0.06046	0.01345	0.00615	0.00353	0.00117	0.00229	0.00500	0.81192	0.00449
90	0.01296	0.83261	0.02539	0.00829	0.01244	0.01917	0.00829	0.01451	0.00985	0.01140	0.00674	0.00777	0.00622	0.00415	0.00311	0.00104	0.00518	0.00259	0.00207	0.00622
91	0.01919	0.01233	0.01378	0.01056	0.01441	0.01319	0.00872	0.60652	0.02071	0.21026	0.01338	0.01277	0.00911	0.00586	0.00485	0.00146	0.00505	0.00448	0.00512	0.00824
92	0.01060	0.01060	0.01484	0.01272	0.01272	0.01484	0.01060	0.01166	0.00742	0.01166	0.00636	0.01060	0.00636	0.00848	0.01590	0.00212	0.82082	0.00424	0.00212	0.00530
93	0.00915	0.00861	0.01453	0.81804	0.03338	0.01077	0.01346	0.01238	0.00969	0.01238	0.00861	0.01292	0.00646	0.00484	0.00484	0.00161	0.00646	0.00431	0.00215	0.00538
94	0.01005	0.00861	0.01005	0.00718	0.01148	0.00646	0.00574	0.01220	0.01005	0.01579	0.00861	0.01005	0.00718	0.00359	0.00359	0.00072	0.00359	0.00287	0.00287	0.85932
95	0.00638	0.00462	0.00641	0.00709	0.00758	0.00475	0.00505	0.00752	0.00871	0.01190	0.02140	0.48342	0.02437	0.06775	0.27880	0.00409	0.00641	0.03596	0.00377	0.00403
96	0.01296	0.83261	0.02539	0.00829	0.01244	0.01917	0.00829	0.01451	0.00985	0.01140	0.00674	0.00777	0.00622	0.00415	0.00311	0.00104	0.00518	0.00259	0.00207	0.00622
97	0.00663	0.00483	0.00624	0.00614	0.00716	0.00443	0.00451	0.00860	0.01280	0.01784	0.61982	0.17172	0.08927	0.01095	0.00580	0.00161	0.00239	0.00971	0.00514	0.00443
98	0.00903	0.00452	0.00452	0.00452	0.00565	0.00452	0.00339	0.01129	0.01016	0.01807	0.01581	0.01807	0.01242	0.00565	0.00339	0.00113	0.00226	0.00452	0.85659	0.00452
99	0.01810	0.02310	0.01373	0.01248	0.01498	0.81024	0.00936	0.01935	0.01373	0.01186	0.00749	0.00874	0.00624	0.00499	0.00437	0.00125	0.00874	0.00312	0.00250	0.00562
100	0.00606	0.00492	0.00537	0.00526	0.00675	0.00423	0.00394	0.00760	0.01183	0.01496	0.26983	0.04356	0.57559	0.01157	0.00572	0.00160	0.00240	0.00980	0.00475	0.00423
101	0.00693	0.00517	0.00769	0.00769	0.00852	0.00600	0.00593	0.00859	0.00776	0.01118	0.01307	0.01954	0.01233	0.06793	0.77920	0.00767	0.01265	0.00527	0.00261	0.00427
102	0.01839	0.01460	0.01446	0.01129	0.01502	0.10072	0.00923	0.70098	0.02181	0.02853	0.01119	0.01132	0.00803	0.00573	0.00480	0.00143	0.00570	0.00423	0.00459	0.00796
103	0.01276	0.78332	0.07295	0.00863	0.01296	0.01869	0.00888	0.01456	0.00987	0.01164	0.00686	0.00792	0.00621	0.00417	0.00320	0.00107	0.00530	0.00265	0.00207	0.00628
104	0.27663	0.01000	0.01224	0.37914	0.02167	0.01179	0.00993	0.19158	0.01228	0.01949	0.00873	0.01106	0.00650	0.00496	0.00427	0.00154	0.00536	0.00380	0.00304	0.00600
105	0.01144	0.01307	0.02859	0.02042	0.02533	0.01225	0.78186	0.01552	0.01144	0.01552	0.00980	0.01307	0.00735	0.00408	0.00572	0.00163	0.00817	0.00572	0.00245	0.00654
106	0.00666	0.00495	0.00621	0.00589	0.00712	0.00449	0.00442	0.00877	0.01326	0.01834	0.66753	0.03800	0.17578	0.01032	0.00572	0.00154	0.00232	0.00902	0.00519	0.00449
107	0.00962	0.00747	0.01183	0.28538	0.10248	0.00813	0.08145	0.01245	0.01022	0.01565	0.01207	0.01519	0.00940	0.00508	0.00425	0.00138	0.00462	0.00454	0.39346	0.00534
108	0.00574	0.00486	0.00496	0.00504	0.00658	0.00408	0.00374	0.00694	0.01092	0.01304	0.04750	0.10207	0.74309	0.01248	0.00576	0.00166	0.00248	0.01048	0.00450	0.00408
109	0.00594	0.00423	0.00561	0.00670	0.00697	0.00396	0.00445	0.00676	0.00920	0.01227	0.02632	0.79966	0.03156	0.04271	0.00681	0.00206	0.00288	0.01355	0.00445	0.00390
110	0.80407	0.00929	0.00742	0.00653	0.00958	0.01060	0.00538	0.01491	0.00865	0.07726	0.00763	0.00849	0.00573	0.00460	0.00313	0.00150	0.00378	0.00278	0.00321	0.00546
111	0.01260	0.51594	0.22251	0.01130	0.07282	0.01586	0.01115	0.01531	0.01028	0.06103	0.00817	0.00924	0.00666	0.00439	0.00372	0.00122	0.00566	0.00311	0.00233	0.00669
112	0.01127	0.00786	0.00986	0.00805	0.01117	0.00678	0.00659	0.01326	0.01065	0.13779	0.01427	0.04801	0.01306	0.01761	0.00552	0.00133	0.05278	0.15850	0.00369	0.46196
113	0.01719	0.01501	0.01511	0.01558	0.19645	0.25948	0.02682	0.19888	0.02785	0.16355	0.01124	0.01185	0.00827	0.00522	0.00471	0.00140	0.00630	0.00411	0.00371	0.00725

[dist]
# distance from previous block
# <min> <max>
1	3

[block]
# block no. 2 follows, 52 sequences, length 22
# corresponding to MSA columns:
# 1043-1064
name=unknown_C
#
# <colnr> <probs for GDERKNQSTAVLIFYWHMCP>
#	G	D	E	R	K	N	Q	S	T	A	V	L	I	F	Y	W	H	M	C	P
0	0.01179	0.10445	0.54667	0.01287	0.01870	0.12130	0.01502	0.06700	0.01144	0.01540	0.00847	0.00988	0.00631	0.00479	0.00472	0.00145	0.02706	0.00349	0.00230	0.00688
1	0.00995	0.08278	0.74889	0.01342	0.02036	0.01182	0.01722	0.01529	0.01020	0.01506	0.00856	0.01006	0.00614	0.00457	0.00450	0.00150	0.00702	0.00351	0.00205	0.00709
2	0.17254	0.04515	0.05728	0.01128	0.01421	0.57848	0.00905	0.03367	0.01260	0.01424	0.00748	0.00869	0.00609	0.00487	0.00410	0.00131	0.00756	0.00307	0.00260	0.00571
3	0.00573	0.00491	0.00491	0.00491	0.00655	0.00409	0.00368	0.00695	0.01105	0.01309	0.04909	0.04664	0.79750	0.01227	0.00573	0.00164	0.00245	0.01023	0.00450	0.00409
4	0.01005	0.00861	0.01005	0.00718	0.01148	0.00646	0.00574	0.01220	0.01005	0.01579	0.00861	0.01005	0.00718	0.00359	0.00359	0.00072	0.00359	0.00287	0.00287	0.85932
5	0.04982	0.04681	0.10194	0.01014	0.01436	0.00915	0.07537	0.04478	0.05270	0.44947	0.01502	0.01416	0.01004	0.00535	0.00466	0.00143	0.00482	0.00446	0.00460	0.08091
6	0.00704	0.00474	0.00551	0.00551	0.00559	0.00482	0.00322	0.00719	0.00711	0.00956	0.01506	0.03057	0.01712	0.75847	0.09521	0.00498	0.00544	0.00688	0.00291	0.00306
7	0.01022	0.14891	0.68509	0.01297	0.01966	0.01247	0.01643	0.01522	0.01017	0.01474	0.00840	0.00985	0.00615	0.00453	0.00437	0.00146	0.00686	0.00343	0.00205	0.00702
8	0.01449	0.15527	0.05919	0.01168	0.01558	0.03283	0.12726	0.20071	0.22600	0.08821	0.01310	0.01322	0.00970	0.00540	0.00468	0.00146	0.00541	0.00454	0.00392	0.00735
9	0.00573	0.00491	0.00491	0.00491	0.00655	0.00409	0.00368	0.00695	0.01105	0.01309	0.04909	0.04664	0.79750	0.01227	0.00573	0.00164	0.00245	0.01023	0.00450	0.00409
10	0.00704	0.00473	0.00544	0.00544	0.00550	0.00478	0.00313	0.00715	0.00709	0.00951	0.01512	0.03091	0.01727	0.77947	0.07441	0.00489	0.00522	0.00693	0.00291	0.00302
11	0.00947	0.00867	0.01611	0.13593	0.01815	0.00904	0.29469	0.01239	0.00989	0.01438	0.01149	0.01544	0.00937	0.01260	0.20374	0.00306	0.03294	0.00509	0.17219	0.00538
12	0.01255	0.55371	0.21233	0.01025	0.01500	0.08052	0.02898	0.01512	0.01029	0.01249	0.00734	0.00857	0.00623	0.00432	0.00363	0.00119	0.00602	0.00295	0.00211	0.00641
13	0.01742	0.07218	0.03364	0.01093	0.01483	0.01505	0.00925	0.66238	0.07017	0.02817	0.01173	0.01173	0.00846	0.00572	0.00472	0.00144	0.00527	0.00429	0.00459	0.00804
14	0.01207	0.61238	0.23789	0.00980	0.01477	0.01701	0.01091	0.01474	0.00995	0.01248	0.00727	0.00844	0.00620	0.00427	0.00352	0.00117	0.00572	0.00286	0.00207	0.00648
15	0.17794	0.27796	0.15586	0.01003	0.01415	0.15733	0.00972	0.11737	0.01202	0.01671	0.00787	0.00891	0.00629	0.00467	0.00381	0.00131	0.00591	0.00310	0.00269	0.00636
16	0.01020	0.16442	0.64825	0.01265	0.01913	0.01245	0.01588	0.01504	0.01026	0.01477	0.02944	0.01050	0.00721	0.00467	0.00437	0.00145	0.00669	0.00355	0.00214	0.00693
17	0.04139	0.37635	0.25589	0.01045	0.01539	0.01530	0.01121	0.16313	0.01254	0.04466	0.00871	0.00957	0.00676	0.00468	0.00395	0.00130	0.00572	0.00331	0.00277	0.00693
18	0.05138	0.41181	0.12177	0.01067	0.01502	0.07999	0.06494	0.16279	0.01274	0.01637	0.00821	0.00929	0.00664	0.00461	0.00392	0.00126	0.00590	0.00333	0.00270	0.00666
19	0.04337	0.44182	0.21438	0.01035	0.01494	0.13324	0.01076	0.05620	0.01114	0.01382	0.00759	0.00873	0.00628	0.00448	0.00375	0.00123	0.00615	0.00301	0.00231	0.00644
20	0.05936	0.26235	0.29274	0.01162	0.01650	0.10483	0.06198	0.05354	0.06688	0.01523	0.00887	0.01001	0.00693	0.00467	0.00415	0.00136	0.00630	0.00349	0.00253	0.00665
21	0.08384	0.48898	0.19327	0.00996	0.01460	0.06672	0.03476	0.01496	0.01010	0.01340	0.00736	0.00861	0.00618	0.00431	0.00360	0.00121	0.00578	0.00295	0.00220	0.02721

[dist]
# distance from previous block
# <min> <max>
7	36

[block]
# block no. 3 follows, 52 sequences, length 105
# corresponding to MSA columns:
# 1104-1208
name=unknown_D
#
# <colnr> <probs for GDERKNQSTAVLIFYWHMCP>
#	G	D	E	R	K	N	Q	S	T	A	V	L	I	F	Y	W	H	M	C	P
0	0.20316	0.03001	0.03248	0.05536	0.07626	0.02060	0.02064	0.15329	0.02623	0.19195	0.02412	0.01212	0.00870	0.00506	0.00425	0.00138	0.00464	0.00392	0.00388	0.12194
1	0.10276	0.01307	0.16230	0.17942	0.11765	0.03203	0.07501	0.01440	0.04342	0.01550	0.00891	0.01127	0.00696	0.00470	0.00505	0.00144	0.05009	0.00388	0.00253	0.14961
2	0.10343	0.01199	0.05424	0.01933	0.37816	0.05677	0.06011	0.01650	0.04765	0.11500	0.01050	0.01203	0.00807	0.00463	0.00454	0.00140	0.00545	0.00412	0.00307	0.08303
3	0.01023	0.01130	0.09249	0.01018	0.04330	0.15980	0.00808	0.07986	0.01173	0.01461	0.01897	0.38375	0.02079	0.01064	0.00556	0.00175	0.00495	0.10302	0.00380	0.00519
4	0.01632	0.01546	0.01450	0.01190	0.01520	0.23733	0.06540	0.33383	0.20075	0.02177	0.01225	0.01245	0.00916	0.00564	0.00480	0.00145	0.00614	0.00438	0.00403	0.00725
5	0.01015	0.01025	0.01529	0.66249	0.03031	0.08216	0.05747	0.01315	0.01004	0.01248	0.00848	0.01245	0.00649	0.00498	0.00537	0.00161	0.04488	0.00428	0.00220	0.00547
6	0.00721	0.00541	0.00665	0.00705	0.00824	0.00515	0.00550	0.05296	0.01150	0.01488	0.10126	0.26639	0.24593	0.01283	0.00608	0.00188	0.00329	0.22875	0.00458	0.00444
7	0.01075	0.02072	0.49307	0.01629	0.04057	0.05107	0.26729	0.01559	0.01082	0.01524	0.00901	0.01113	0.00658	0.00445	0.00496	0.00155	0.00754	0.00427	0.00221	0.00689
8	0.01026	0.00974	0.01658	0.54150	0.25337	0.01113	0.04452	0.02997	0.01043	0.01390	0.00887	0.01263	0.00688	0.00468	0.00487	0.00156	0.00630	0.00437	0.00229	0.00615
9	0.00813	0.00719	0.00930	0.00852	0.00910	0.00871	0.00668	0.00914	0.00860	0.01175	0.02163	0.02798	0.23138	0.17511	0.06591	0.00287	0.32980	0.05071	0.00311	0.00438
10	0.00977	0.02423	0.75884	0.01375	0.02050	0.01146	0.01748	0.01513	0.01007	0.01513	0.00856	0.01025	0.00615	0.00483	0.00526	0.00157	0.05430	0.00362	0.00205	0.00705
11	0.01155	0.01191	0.02374	0.06964	0.20796	0.01174	0.46701	0.01503	0.01110	0.03741	0.01022	0.01424	0.00818	0.00478	0.00595	0.00163	0.04678	0.03189	0.00258	0.00665
12	0.00947	0.00904	0.01555	0.71647	0.08114	0.01095	0.05070	0.01268	0.00982	0.01274	0.00867	0.01283	0.00658	0.00483	0.00506	0.00161	0.01971	0.00437	0.00218	0.00558
13	0.00633	0.00483	0.00588	0.00628	0.00736	0.00438	0.00473	0.00783	0.01113	0.01444	0.19645	0.26368	0.30833	0.01276	0.00600	0.00180	0.00282	0.12610	0.00467	0.00421
14	0.00709	0.00672	0.05858	0.04476	0.04598	0.00568	0.04304	0.00882	0.00992	0.01322	0.02440	0.50181	0.07310	0.01261	0.00599	0.00190	0.00385	0.12388	0.00404	0.00458
15	0.01086	0.01036	0.01762	0.34442	0.49366	0.01122	0.01431	0.01388	0.01050	0.01445	0.00891	0.01236	0.00719	0.00453	0.00482	0.00151	0.00604	0.00431	0.00230	0.00676
16	0.01164	0.01306	0.02229	0.24212	0.02591	0.12006	0.44898	0.01507	0.01126	0.01413	0.00943	0.01315	0.00730	0.00458	0.00531	0.00159	0.00771	0.01795	0.00241	0.00605
17	0.00915	0.00861	0.01453	0.81804	0.03338	0.01077	0.01346	0.01238	0.00969	0.01238	0.00861	0.01292	0.00646	0.00484	0.00484	0.00161	0.00646	0.00431	0.00215	0.00538
18	0.01311	0.01711	0.37850	0.01435	0.03929	0.01031	0.19950	0.01727	0.01151	0.21055	0.02262	0.01349	0.00877	0.00501	0.00499	0.00156	0.00651	0.01514	0.00321	0.00722
19	0.00927	0.00867	0.01457	0.68570	0.11479	0.01045	0.01309	0.01232	0.00981	0.01275	0.00972	0.05995	0.00807	0.00539	0.00492	0.00162	0.00617	0.00486	0.00232	0.00555
20	0.00981	0.00928	0.01572	0.63583	0.21045	0.01094	0.01379	0.01296	0.01000	0.01318	0.00873	0.01271	0.00674	0.00472	0.00483	0.00157	0.00630	0.00431	0.00221	0.00591
21	0.01287	0.08688	0.14920	0.01233	0.01654	0.01027	0.22199	0.01688	0.07340	0.19432	0.09128	0.01766	0.06243	0.00589	0.00504	0.00152	0.00554	0.00545	0.00376	0.00674
22	0.00842	0.00421	0.00631	0.00631	0.00631	0.00421	0.00421	0.00631	0.00631	0.00842	0.00842	0.01473	0.00842	0.01684	0.01894	0.85901	0.00421	0.00421	0.00210	0.00210
23	0.01061	0.02145	0.58977	0.01480	0.02109	0.01141	0.16267	0.01559	0.01051	0.04986	0.00927	0.01106	0.00664	0.00472	0.00529	0.00158	0.04029	0.00407	0.00230	0.00701
24	0.01489	0.06470	0.21899	0.01416	0.12250	0.15079	0.01196	0.21485	0.01442	0.08535	0.01035	0.02489	0.00786	0.00528	0.00478	0.00144	0.01829	0.00404	0.00328	0.00720
25	0.01104	0.08199	0.37082	0.18620	0.07688	0.09328	0.04569	0.01552	0.04708	0.01432	0.00899	0.01107	0.00679	0.00471	0.00459	0.00149	0.00681	0.00384	0.00229	0.00659
26	0.00915	0.00861	0.01453	0.81804	0.03338	0.01077	0.01346	0.01238	0.00969	0.01238	0.00861	0.01292	0.00646	0.00484	0.00484	0.00161	0.00646	0.00431	0.00215	0.00538
27	0.01279	0.50479	0.01920	0.00881	0.01198	0.18969	0.00778	0.01417	0.01071	0.01173	0.01200	0.10578	0.06098	0.00615	0.00391	0.00123	0.00551	0.00451	0.00261	0.00568
28	0.01015	0.00946	0.01490	0.53734	0.13274	0.01115	0.03203	0.01534	0.15870	0.01443	0.01083	0.01378	0.00823	0.00508	0.00488	0.00160	0.00591	0.00457	0.00272	0.00616
29	0.00583	0.00472	0.00518	0.00548	0.00671	0.00407	0.00395	0.00700	0.01068	0.01319	0.07784	0.26417	0.54832	0.01298	0.00585	0.00172	0.00255	0.01115	0.00454	0.00407
30	0.00755	0.00539	0.00751	0.00863	0.00963	0.00535	0.00736	0.00959	0.01090	0.01421	0.02580	0.15945	0.02845	0.01363	0.00662	0.00220	0.00424	0.66461	0.00447	0.00439
31	0.00705	0.00470	0.00529	0.00529	0.00529	0.00470	0.00294	0.00705	0.00705	0.00940	0.01527	0.03171	0.01762	0.82969	0.02467	0.00470	0.00470	0.00705	0.00294	0.00294
32	0.01128	0.12956	0.59614	0.01292	0.01905	0.12075	0.01550	0.01578	0.01066	0.01436	0.00828	0.00971	0.00616	0.00460	0.00438	0.00143	0.00712	0.00339	0.00211	0.00683
33	0.00692	0.00519	0.00779	0.00779	0.00865	0.00606	0.00606	0.00865	0.00779	0.01125	0.01298	0.01904	0.01211	0.03634	0.81049	0.00779	0.01298	0.00519	0.00260	0.00433
34	0.01498	0.01111	0.01205	0.01011	0.01329	0.01239	0.00806	0.24862	0.47988	0.10859	0.01728	0.01601	0.01256	0.00629	0.00490	0.00157	0.00431	0.00508	0.00502	0.00790
35	0.01144	0.01307	0.02859	0.02042	0.02533	0.01225	0.78186	0.01552	0.01144	0.01552	0.00980	0.01307	0.00735	0.00408	0.00572	0.00163	0.00817	0.00572	0.00245	0.00654
36	0.00748	0.00577	0.00692	0.00687	0.00742	0.04161	0.00480	0.00841	0.00772	0.01044	0.01377	0.02431	0.01434	0.39362	0.41895	0.00610	0.00905	0.00594	0.00275	0.00376
37	0.03304	0.01273	0.01362	0.01055	0.01432	0.05162	0.00867	0.55812	0.02005	0.20800	0.01308	0.01256	0.00896	0.00580	0.00480	0.00146	0.00519	0.00439	0.00497	0.00807
38	0.00694	0.00512	0.00742	0.00742	0.00815	0.00585	0.00559	0.00841	0.00768	0.01097	0.01332	0.02093	0.01294	0.15458	0.69338	0.00733	0.01175	0.00547	0.00265	0.00412
39	0.00692	0.00519	0.00779	0.00779	0.00865	0.00606	0.00606	0.00865	0.00779	0.01125	0.01298	0.01904	0.01211	0.03634	0.81049	0.00779	0.01298	0.00519	0.00260	0.00433
40	0.70711	0.00936	0.00786	0.00690	0.00995	0.01062	0.00564	0.01617	0.07839	0.09677	0.00909	0.00961	0.00675	0.00483	0.00335	0.00151	0.00379	0.00309	0.00346	0.00575
41	0.01034	0.00899	0.01472	0.60918	0.05075	0.01029	0.05021	0.02856	0.01035	0.05844	0.00935	0.01278	0.00696	0.00475	0.00476	0.00151	0.00607	0.00426	0.00252	0.09522
42	0.01842	0.01357	0.01454	0.01115	0.01503	0.01503	0.00921	0.78330	0.02278	0.03054	0.01163	0.01163	0.00824	0.00582	0.00485	0.00145	0.00533	0.00436	0.00485	0.00824
43	0.01719	0.01202	0.01315	0.01047	0.01403	0.01318	0.00852	0.48121	0.22418	0.13176	0.01478	0.01399	0.01047	0.00604	0.00487	0.00151	0.00477	0.00473	0.00502	0.00809
44	0.02169	0.00834	0.01130	0.00866	0.01242	0.00726	0.00716	0.03652	0.01402	0.78971	0.01899	0.01641	0.01193	0.00599	0.00487	0.00150	0.00414	0.00486	0.00598	0.00825
45	0.00596	0.00430	0.00557	0.00654	0.00693	0.00399	0.00438	0.00682	0.00939	0.01243	0.04172	0.72381	0.08687	0.04798	0.00689	0.00205	0.00285	0.01316	0.00445	0.00392
46	0.03065	0.00829	0.00923	0.00852	0.01055	0.03442	0.01770	0.10488	0.21829	0.04163	0.11872	0.13928	0.10288	0.01049	0.03789	0.00194	0.00420	0.09000	0.00459	0.00585
47	0.00612	0.00479	0.00532	0.00541	0.00656	0.00423	0.00384	0.00731	0.01071	0.01356	0.16737	0.14904	0.46082	0.12325	0.00836	0.00208	0.00278	0.01003	0.00443	0.00399
48	0.00704	0.00472	0.00540	0.00540	0.00544	0.00476	0.00308	0.00712	0.00708	0.00948	0.01516	0.03112	0.01736	0.79255	0.06145	0.00484	0.00509	0.00696	0.00292	0.00300
49	0.00972	0.02507	0.80458	0.01381	0.02097	0.01125	0.01790	0.01535	0.01023	0.01535	0.00870	0.01023	0.00614	0.00460	0.00460	0.00153	0.00716	0.00358	0.00205	0.00716
50	0.00590	0.00422	0.00562	0.00675	0.00703	0.00394	0.00450	0.00675	0.00928	0.01237	0.02671	0.82653	0.03205	0.01518	0.00619	0.00197	0.00281	0.01378	0.00450	0.00394
51	0.02174	0.00825	0.01125	0.00862	0.01237	0.00712	0.00712	0.02362	0.01387	0.80282	0.01912	0.01649	0.01200	0.00600	0.00487	0.00150	0.00412	0.00487	0.00600	0.00825
52	0.00842	0.00421	0.00631	0.00631	0.00631	0.00421	0.00421	0.00631	0.00631	0.00842	0.00842	0.01473	0.00842	0.01684	0.01894	0.85901	0.00421	0.00421	0.00210	0.00210
53	0.01085	0.01041	0.01779	0.24579	0.47876	0.01117	0.04830	0.01370	0.01042	0.01450	0.00964	0.04805	0.00833	0.00514	0.00546	0.00155	0.04620	0.00479	0.00241	0.00671
54	0.00639	0.00456	0.00618	0.00730	0.00779	0.00435	0.00534	0.00758	0.00975	0.01291	0.02644	0.63091	0.03100	0.01473	0.00631	0.00203	0.00323	0.20464	0.00449	0.00407
55	0.01842	0.01357	0.01454	0.01115	0.01503	0.01503	0.00921	0.78330	0.02278	0.03054	0.01163	0.01163	0.00824	0.00582	0.00485	0.00145	0.00533	0.00436	0.00485	0.00824
56	0.01183	0.01135	0.01937	0.07541	0.75508	0.01147	0.01479	0.01473	0.01096	0.01563	0.00909	0.01205	0.00761	0.00435	0.00480	0.00145	0.00580	0.00432	0.00238	0.00754
57	0.01296	0.83261	0.02539	0.00829	0.01244	0.01917	0.00829	0.01451	0.00985	0.01140	0.00674	0.00777	0.00622	0.00415	0.00311	0.00104	0.00518	0.00259	0.00207	0.00622
58	0.01734	0.01792	0.06535	0.01178	0.01525	0.33147	0.00974	0.38303	0.06494	0.02149	0.01028	0.01078	0.00771	0.00546	0.00465	0.00139	0.00672	0.00388	0.00373	0.00709
59	0.00688	0.00499	0.00669	0.00770	0.00855	0.00481	0.00614	0.00848	0.01043	0.01355	0.02835	0.34780	0.10475	0.01396	0.00641	0.00207	0.00364	0.40607	0.00448	0.00423
60	0.01277	0.78583	0.07053	0.00861	0.01293	0.01872	0.00885	0.01456	0.00987	0.01163	0.00685	0.00792	0.00621	0.00417	0.00320	0.00107	0.00530	0.00265	0.00207	0.00627
61	0.00617	0.00451	0.00584	0.00683	0.00729	0.00427	0.00466	0.00752	0.03681	0.01274	0.02748	0.73988	0.06716	0.01469	0.00613	0.00195	0.00288	0.03458	0.00451	0.00409
62	0.00590	0.00422	0.00562	0.00675	0.00703	0.00394	0.00450	0.00675	0.00928	0.01237	0.02671	0.82653	0.03205	0.01518	0.00619	0.00197	0.00281	0.01378	0.00450	0.00394
63	0.00842	0.00421	0.00631	0.00631	0.00631	0.00421	0.00421	0.00631	0.00631	0.00842	0.00842	0.01473	0.00842	0.01684	0.01894	0.85901	0.00421	0.00421	0.00210	0.00210
64	0.00841	0.00423	0.00634	0.00636	0.00638	0.00423	0.00427	0.00638	0.00640	0.00852	0.00872	0.01543	0.00876	0.01677	0.01872	0.84399	0.00421	0.01757	0.00215	0.00215
65	0.02153	0.00859	0.01146	0.00879	0.01254	0.00763	0.00726	0.07285	0.01445	0.75277	0.01863	0.01618	0.01175	0.00599	0.00487	0.00150	0.00420	0.00484	0.00592	0.00825
66	0.00573	0.00491	0.00491	0.00491	0.00655	0.00409	0.00368	0.00695	0.01105	0.01309	0.04909	0.04664	0.79750	0.01227	0.00573	0.00164	0.00245	0.01023	0.00450	0.00409
67	0.00686	0.00495	0.00648	0.00610	0.00724	0.00457	0.00457	0.00914	0.01372	0.01943	0.79691	0.03620	0.04572	0.00991	0.00572	0.00152	0.00229	0.00876	0.00533	0.00457
68	0.86392	0.00937	0.00712	0.00637	0.00937	0.01087	0.00525	0.01425	0.00825	0.02174	0.00675	0.00787	0.00525	0.00450	0.00300	0.00150	0.00375	0.00262	0.00300	0.00525
69	0.00624	0.00479	0.00564	0.00570	0.00689	0.00425	0.00417	0.00782	0.01173	0.01546	0.33115	0.18674	0.35570	0.01181	0.00577	0.00165	0.00245	0.01024	0.01754	0.00425
70	0.01270	0.01073	0.01132	0.00999	0.01285	0.01236	0.00783	0.10307	0.71233	0.02132	0.01890	0.01742	0.01412	0.00650	0.00492	0.00162	0.00399	0.00536	0.00492	0.00773
71	0.00972	0.02507	0.80458	0.01381	0.02097	0.01125	0.01790	0.01535	0.01023	0.01535	0.00870	0.01023	0.00614	0.00460	0.00460	0.00153	0.00716	0.00358	0.00205	0.00716
72	0.01144	0.01307	0.02859	0.02042	0.02533	0.01225	0.78186	0.01552	0.01144	0.01552	0.00980	0.01307	0.00735	0.00408	0.00572	0.00163	0.00817	0.00572	0.00245	0.00654
73	0.00738	0.00593	0.00885	0.01198	0.19009	0.00573	0.00681	0.00864	0.00955	0.01300	0.02198	0.59221	0.02558	0.05985	0.00694	0.00200	0.00360	0.01120	0.00392	0.00474
74	0.00592	0.00444	0.00549	0.00623	0.00692	0.00402	0.00429	0.00695	0.01002	0.01300	0.08128	0.57381	0.23186	0.01409	0.00604	0.00185	0.00269	0.01254	0.00455	0.00402
75	0.00623	0.00445	0.00600	0.00712	0.00755	0.00422	0.00507	0.00732	0.00960	0.01274	0.02653	0.69345	0.03133	0.01487	0.00627	0.00201	0.00310	0.14362	0.00449	0.00403
76	0.81444	0.01028	0.05332	0.00680	0.01004	0.01089	0.00598	0.01431	0.00836	0.02137	0.00686	0.00801	0.00530	0.00450	0.00309	0.00150	0.00395	0.00268	0.00294	0.00536
77	0.01199	0.01151	0.01967	0.02974	0.79946	0.01151	0.01487	0.01487	0.01103	0.01583	0.00912	0.01199	0.00768	0.00432	0.00480	0.00144	0.00576	0.00432	0.00240	0.00768
78	0.00624	0.00503	0.00565	0.04176	0.00786	0.00449	0.00431	0.00778	0.01134	0.01439	0.18060	0.08050	0.55295	0.01136	0.00561	0.00161	0.00261	0.00962	0.04202	0.00425
79	0.00972	0.02507	0.80458	0.01381	0.02097	0.01125	0.01790	0.01535	0.01023	0.01535	0.00870	0.01023	0.00614	0.00460	0.00460	0.00153	0.00716	0.00358	0.00205	0.00716
80	0.01842	0.01357	0.01454	0.01115	0.01503	0.01503	0.00921	0.78330	0.02278	0.03054	0.01163	0.01163	0.00824	0.00582	0.00485	0.00145	0.00533	0.00436	0.00485	0.00824
81	0.20449	0.01128	0.01207	0.00945	0.01310	0.01207	0.00780	0.41850	0.01730	0.22820	0.01250	0.01207	0.00856	0.00558	0.00445	0.00148	0.00467	0.00411	0.00474	0.00759
82	0.01708	0.01062	0.01195	0.00967	0.01299	0.02926	0.00781	0.26121	0.22272	0.28407	0.06722	0.01649	0.01362	0.00633	0.00492	0.00152	0.00441	0.00509	0.00523	0.00779
83	0.00692	0.00519	0.00779	0.00779	0.00865	0.00606	0.00606	0.00865	0.00779	0.01125	0.01298	0.01904	0.01211	0.03634	0.81049	0.00779	0.01298	0.00519	0.00260	0.00433
84	0.01193	0.01005	0.01070	0.00962	0.01229	0.01153	0.00748	0.02475	0.73144	0.03459	0.06473	0.01910	0.01653	0.00676	0.00498	0.00163	0.00375	0.00566	0.00497	0.00750
85	0.00590	0.00422	0.00562	0.00675	0.00703	0.00394	0.00450	0.00675	0.00928	0.01237	0.02671	0.82653	0.03205	0.01518	0.00619	0.00197	0.00281	0.01378	0.00450	0.00394
86	0.00942	0.01943	0.58151	0.01193	0.01733	0.00936	0.01428	0.01376	0.01019	0.05278	0.01336	0.19922	0.01241	0.00712	0.00498	0.00163	0.00601	0.00600	0.00280	0.00647
87	0.00799	0.00624	0.00690	0.00686	0.00840	0.00625	0.00515	0.05576	0.15478	0.01561	0.03208	0.25274	0.30908	0.01129	0.00556	0.00172	0.00306	0.04702	0.05853	0.00499
88	0.01124	0.19038	0.44906	0.01381	0.01963	0.06366	0.15683	0.01546	0.01060	0.01434	0.00842	0.01015	0.00639	0.00444	0.00449	0.00143	0.00704	0.00374	0.00216	0.00675
89	0.01303	0.01391	0.01966	0.06060	0.31260	0.16148	0.19365	0.05260	0.01176	0.01512	0.00878	0.01152	0.00716	0.00492	0.00610	0.00153	0.09195	0.00442	0.00251	0.00669
90	0.00600	0.00494	0.00529	0.00533	0.00685	0.00424	0.00405	0.00741	0.01136	0.01397	0.14256	0.06128	0.64192	0.01209	0.00579	0.00166	0.00256	0.05394	0.00460	0.00417
91	0.01144	0.01307	0.02859	0.02042	0.02533	0.01225	0.78186	0.01552	0.01144	0.01552	0.00980	0.01307	0.00735	0.00408	0.00572	0.00163	0.00817	0.00572	0.00245	0.00654
92	0.01842	0.01357	0.01454	0.01115	0.01503	0.01503	0.00921	0.78330	0.02278	0.03054	0.01163	0.01163	0.00824	0.00582	0.00485	0.00145	0.00533	0.00436	0.00485	0.00824
93	0.01060	0.01060	0.01484	0.01272	0.01272	0.01484	0.01060	0.01166	0.00742	0.01166	0.00636	0.01060	0.00636	0.00848	0.01590	0.00212	0.82082	0.00424	0.00212	0.00530
94	0.00686	0.00495	0.00648	0.00610	0.00724	0.00457	0.00457	0.00914	0.01372	0.01943	0.79691	0.03620	0.04572	0.00991	0.00572	0.00152	0.00229	0.00876	0.00533	0.00457
95	0.01783	0.01391	0.01417	0.01112	0.01481	0.06645	0.00908	0.66627	0.09050	0.02841	0.01208	0.01202	0.00869	0.00583	0.00482	0.00146	0.00542	0.00438	0.00470	0.00802
