[name]
unknown

[dist]
# distance from previous block
# <min> <max>
0	750

[block]
# block no. 0 follows, 52 sequences, length 17
# corresponding to MSA columns:
# 760-776
name=unknown_A
#
# <colnr> <probs for GDERKNQSTAVLIFYWHMCP>
#	G	D	E	R	K	N	Q	S	T	A	V	L	I	F	Y	W	H	M	C	P
0	0.01093	0.01196	0.06459	0.01726	0.02144	0.01062	0.55242	0.01463	0.01140	0.04185	0.01340	0.02179	0.01177	0.00614	0.00584	0.00175	0.00720	0.16584	0.00297	0.00619
1	0.00745	0.00571	0.00720	0.00726	0.00830	0.00594	0.00540	0.07773	0.01040	0.01384	0.02560	0.34036	0.18474	0.01921	0.22404	0.00343	0.03545	0.00951	0.00393	0.00451
2	0.38886	0.18204	0.01178	0.00796	0.03982	0.01149	0.00638	0.04259	0.05193	0.01909	0.17996	0.01486	0.01499	0.00576	0.00385	0.00141	0.00387	0.00424	0.00346	0.00564
3	0.01508	0.18124	0.01278	0.00785	0.01057	0.00968	0.00639	0.08539	0.01176	0.32278	0.01457	0.01843	0.01197	0.22966	0.03914	0.00249	0.00493	0.00495	0.00412	0.00624
4	0.00646	0.00494	0.00592	0.00568	0.00699	0.00440	0.00426	0.00837	0.01278	0.01720	0.53319	0.03988	0.31084	0.01074	0.00572	0.00156	0.00235	0.00928	0.00504	0.00440
5	0.09393	0.01116	0.01025	0.00861	0.01158	0.18232	0.00683	0.05842	0.01321	0.35236	0.02138	0.02011	0.17533	0.00695	0.00477	0.00147	0.00481	0.00539	0.00459	0.00653
6	0.00733	0.00530	0.00740	0.00782	0.00889	0.00537	0.00645	0.00947	0.01123	0.01533	0.25979	0.04149	0.03004	0.01715	0.17564	0.00318	0.00559	0.37371	0.00434	0.00447
7	0.01427	0.62552	0.02241	0.00936	0.01309	0.22155	0.00857	0.01575	0.01084	0.01152	0.00693	0.00802	0.00622	0.00436	0.00343	0.00109	0.00609	0.00273	0.00218	0.00607
8	0.00878	0.00474	0.00521	0.00544	0.00657	0.00474	0.00432	0.01103	0.01037	0.01732	0.01788	0.02577	0.01568	0.00728	0.00408	0.00136	0.00272	0.16503	0.67717	0.00451
9	0.01115	0.58642	0.09046	0.00807	0.01196	0.01529	0.00818	0.01299	0.01013	0.01211	0.01583	0.01618	0.17282	0.00590	0.00379	0.00121	0.00478	0.00429	0.00258	0.00585
10	0.01050	0.18298	0.01680	0.56278	0.02691	0.05495	0.01200	0.01316	0.00982	0.01211	0.00804	0.01149	0.00639	0.00490	0.00503	0.00150	0.04903	0.00388	0.00215	0.00557
11	0.00875	0.00672	0.00779	0.00718	0.00895	0.00688	0.00549	0.01439	0.25194	0.04211	0.43928	0.03139	0.13166	0.00907	0.00545	0.00157	0.00284	0.00783	0.00512	0.00557
12	0.00902	0.00642	0.00747	0.00683	0.00868	0.00630	0.00524	0.01348	0.18241	0.08770	0.36110	0.03325	0.23415	0.00946	0.00547	0.00158	0.00283	0.00809	0.00509	0.00545
13	0.00642	0.00459	0.00531	0.00566	0.00609	0.00434	0.00357	0.00694	0.00857	0.01109	0.02590	0.27889	0.18626	0.40749	0.01500	0.00322	0.00365	0.00978	0.00375	0.00349
14	0.01048	0.00942	0.01204	0.01059	0.01221	0.01153	0.03429	0.01730	0.34866	0.01553	0.01373	0.01571	0.01129	0.01328	0.17786	0.00306	0.25217	0.00500	0.00347	0.02236
15	0.33069	0.18295	0.01292	0.00805	0.01147	0.01231	0.00689	0.10189	0.08198	0.17236	0.02933	0.01153	0.00890	0.00518	0.00383	0.00141	0.00427	0.00365	0.00382	0.00657
16	0.08605	0.21738	0.19786	0.00870	0.01285	0.01074	0.00892	0.01305	0.01065	0.01589	0.17398	0.01484	0.01464	0.00538	0.00410	0.00123	0.00456	0.00419	0.00301	0.19198

[dist]
# distance from previous block
# <min> <max>
0	3

[block]
# block no. 1 follows, 52 sequences, length 9
# corresponding to MSA columns:
# 780-788
name=unknown_B
#
# <colnr> <probs for GDERKNQSTAVLIFYWHMCP>
#	G	D	E	R	K	N	Q	S	T	A	V	L	I	F	Y	W	H	M	C	P
0	0.00609	0.00465	0.00522	0.00556	0.00640	0.00418	0.00376	0.00691	0.00958	0.01202	0.03437	0.28375	0.38119	0.20205	0.01024	0.00245	0.00308	0.01059	0.00414	0.00378
1	0.00882	0.00756	0.00859	0.00653	0.01008	0.00579	0.00516	0.01071	0.01033	0.01502	0.02010	0.02043	0.23147	0.00605	0.00420	0.00098	0.00327	0.00496	0.00333	0.61661
2	0.01062	0.00760	0.00966	0.00956	0.05681	0.04215	0.00693	0.10434	0.01086	0.09794	0.03123	0.05816	0.01316	0.06913	0.44316	0.00510	0.00930	0.00553	0.00339	0.00538
3	0.62242	0.24300	0.01231	0.00692	0.01024	0.01323	0.00611	0.01432	0.00870	0.01881	0.00674	0.00784	0.00552	0.00440	0.00303	0.00137	0.00416	0.00261	0.00274	0.00552
4	0.01341	0.00639	0.00833	0.00712	0.00946	0.00560	0.00559	0.01520	0.01294	0.37726	0.24551	0.10151	0.15332	0.00899	0.00537	0.00157	0.00321	0.00768	0.00542	0.00612
5	0.00914	0.00757	0.00904	0.00687	0.01028	0.00592	0.00541	0.01133	0.01109	0.01682	0.23233	0.01747	0.01812	0.00538	0.00419	0.00095	0.00322	0.00454	0.00357	0.61674
6	0.00791	0.23981	0.01090	0.00601	0.00830	0.00843	0.00509	0.00935	0.01101	0.01334	0.12329	0.03440	0.48626	0.00969	0.00498	0.00145	0.00321	0.00789	0.00391	0.00475
7	0.00942	0.24083	0.01228	0.00702	0.00946	0.00988	0.00593	0.05757	0.08310	0.01604	0.23676	0.02807	0.24909	0.00842	0.00486	0.00143	0.00348	0.00688	0.00410	0.00540
8	0.01446	0.00955	0.01060	0.00863	0.01165	0.00984	0.00696	0.32210	0.09498	0.16826	0.04758	0.02385	0.23469	0.00788	0.00514	0.00154	0.00405	0.00636	0.00499	0.00690

[dist]
# distance from previous block
# <min> <max>
0	1

[block]
# block no. 2 follows, 52 sequences, length 7
# corresponding to MSA columns:
# 790-796
name=unknown_C
#
# <colnr> <probs for GDERKNQSTAVLIFYWHMCP>
#	G	D	E	R	K	N	Q	S	T	A	V	L	I	F	Y	W	H	M	C	P
0	0.01326	0.01030	0.01089	0.00900	0.01196	0.01110	0.00722	0.39150	0.17843	0.02314	0.02464	0.02355	0.24826	0.00793	0.00513	0.00155	0.00415	0.00637	0.00476	0.00687
1	0.00994	0.01029	0.02011	0.01537	0.01827	0.01079	0.42410	0.01283	0.00969	0.01361	0.01021	0.01448	0.00863	0.01454	0.25069	0.00357	0.13941	0.00532	0.00244	0.00567
2	0.01068	0.25816	0.01850	0.46932	0.12799	0.01341	0.01208	0.01335	0.00991	0.01254	0.00811	0.01124	0.00655	0.00456	0.00431	0.00142	0.00598	0.00379	0.00216	0.00594
3	0.01181	0.01073	0.01126	0.01036	0.01193	0.13723	0.00847	0.15524	0.01245	0.01594	0.01450	0.02558	0.01431	0.03753	0.11479	0.00272	0.16134	0.23489	0.00348	0.00544
4	0.01469	0.01081	0.01158	0.00934	0.01223	0.04193	0.00752	0.46351	0.01890	0.05415	0.24935	0.01936	0.01979	0.00702	0.00504	0.00146	0.00439	0.00567	0.03637	0.00689
5	0.60661	0.25830	0.01265	0.00695	0.01030	0.01338	0.00617	0.01433	0.00873	0.01862	0.00674	0.00784	0.00554	0.00439	0.00303	0.00136	0.00418	0.00261	0.00272	0.00554
6	0.01101	0.25926	0.02203	0.01352	0.01667	0.01373	0.30166	0.01334	0.00992	0.01314	0.01046	0.11820	0.01008	0.00639	0.00689	0.00159	0.15814	0.00556	0.00254	0.00587

[dist]
# distance from previous block
# <min> <max>
4	6

[block]
# block no. 3 follows, 52 sequences, length 26
# corresponding to MSA columns:
# 803-828
name=unknown_D
#
# <colnr> <probs for GDERKNQSTAVLIFYWHMCP>
#	G	D	E	R	K	N	Q	S	T	A	V	L	I	F	Y	W	H	M	C	P
0	0.01364	0.36263	0.01768	0.00937	0.01261	0.01493	0.00821	0.04991	0.26571	0.10341	0.01252	0.01253	0.00976	0.00562	0.00516	0.00140	0.08041	0.00401	0.00356	0.00692
1	0.00695	0.05189	0.00657	0.00602	0.00636	0.00523	0.00384	0.00736	0.00806	0.01065	0.01916	0.33483	0.02249	0.47041	0.01635	0.00344	0.00400	0.00937	0.00349	0.00351
2	0.35116	0.00996	0.01017	0.00822	0.01159	0.01059	0.00676	0.22751	0.01394	0.23843	0.01391	0.01349	0.05326	0.00572	0.00418	0.00149	0.00421	0.00415	0.00442	0.00683
3	0.01002	0.00905	0.01283	0.01062	0.01337	0.03437	0.18508	0.01535	0.21845	0.04949	0.02722	0.02961	0.26980	0.00848	0.00553	0.00168	0.00462	0.08442	0.00414	0.00587
4	0.00819	0.00594	0.00734	0.00759	0.00855	0.00603	0.00543	0.14522	0.01160	0.01554	0.02324	0.63512	0.02667	0.01472	0.05198	0.00221	0.00384	0.01161	0.00445	0.00473
5	0.01537	0.06439	0.01714	0.01870	0.29847	0.40656	0.03997	0.05610	0.01291	0.01435	0.00833	0.01017	0.00690	0.00471	0.00453	0.00133	0.00726	0.00368	0.00255	0.00656
6	0.01146	0.00579	0.00770	0.00748	0.00902	0.00528	0.00549	0.01308	0.03676	0.27987	0.02391	0.52583	0.02470	0.01179	0.00570	0.00180	0.00329	0.01049	0.00502	0.00552
7	0.01166	0.00929	0.01063	0.00800	0.01200	0.00808	0.00640	0.07963	0.13287	0.05782	0.01113	0.01176	0.00870	0.00436	0.00397	0.00096	0.00380	0.00350	0.00352	0.61191
8	0.00626	0.00493	0.00569	0.00581	0.00713	0.00436	0.00442	0.00784	0.01161	0.01488	0.24623	0.11646	0.44594	0.01202	0.00586	0.00170	0.00265	0.08725	0.00472	0.00424
9	0.00970	0.01629	0.37072	0.37456	0.07976	0.01108	0.01537	0.01433	0.03607	0.01422	0.00906	0.01182	0.00668	0.00476	0.00474	0.00157	0.00664	0.00402	0.00221	0.00642
10	0.01127	0.04647	0.34475	0.10118	0.31081	0.04284	0.01533	0.04352	0.01106	0.01551	0.00884	0.01107	0.00683	0.00457	0.00465	0.00148	0.00649	0.00390	0.00231	0.00712
11	0.00596	0.00426	0.00569	0.00681	0.00712	0.00398	0.00460	0.00684	0.00933	0.01243	0.02668	0.80389	0.03193	0.01513	0.00620	0.00198	0.00286	0.03587	0.00450	0.00395
12	0.01296	0.83261	0.02539	0.00829	0.01244	0.01917	0.00829	0.01451	0.00985	0.01140	0.00674	0.00777	0.00622	0.00415	0.00311	0.00104	0.00518	0.00259	0.00207	0.00622
13	0.00659	0.00454	0.00561	0.00611	0.00630	0.00446	0.00387	0.00708	0.00814	0.01088	0.02030	0.36426	0.02377	0.43176	0.04696	0.00360	0.00422	0.03446	0.00363	0.00346
14	0.01842	0.01357	0.01454	0.01115	0.01503	0.01503	0.00921	0.78330	0.02278	0.03054	0.01163	0.01163	0.00824	0.00582	0.00485	0.00145	0.00533	0.00436	0.00485	0.00824
15	0.01440	0.01667	0.01277	0.01152	0.01326	0.46150	0.00892	0.04660	0.01168	0.01245	0.00856	0.01131	0.00754	0.01207	0.17040	0.00275	0.16585	0.00381	0.00254	0.00540
16	0.01810	0.02310	0.01373	0.01248	0.01498	0.81024	0.00936	0.01935	0.01373	0.01186	0.00749	0.00874	0.00624	0.00499	0.00437	0.00125	0.00874	0.00312	0.00250	0.00562
17	0.05700	0.00707	0.00886	0.00794	0.01010	0.00674	0.00607	0.09868	0.01249	0.32251	0.02109	0.38048	0.02028	0.01004	0.00537	0.00171	0.00365	0.00871	0.00504	0.00615
18	0.00583	0.00476	0.00515	0.00539	0.00669	0.00408	0.00391	0.00702	0.01079	0.01326	0.08312	0.22187	0.58570	0.01281	0.00583	0.00171	0.00253	0.01095	0.00454	0.00408
19	0.00915	0.00861	0.01453	0.81804	0.03338	0.01077	0.01346	0.01238	0.00969	0.01238	0.00861	0.01292	0.00646	0.00484	0.00484	0.00161	0.00646	0.00431	0.00215	0.00538
20	0.01258	0.01094	0.01450	0.51853	0.02656	0.05272	0.01189	0.25982	0.01409	0.01818	0.00952	0.01230	0.00702	0.00516	0.00482	0.00154	0.00621	0.00426	0.00303	0.00631
21	0.00604	0.00459	0.00526	0.00572	0.00651	0.00414	0.00387	0.00689	0.00960	0.01212	0.03389	0.35681	0.34703	0.16369	0.00939	0.00233	0.00301	0.01107	0.00421	0.00382
22	0.24128	0.00901	0.00952	0.00722	0.01112	0.00806	0.00584	0.04646	0.01034	0.06466	0.00886	0.00991	0.00699	0.00407	0.00356	0.00101	0.00374	0.00299	0.00318	0.54220
23	0.01161	0.25662	0.36394	0.01124	0.01635	0.03277	0.01243	0.03846	0.18112	0.01561	0.01059	0.01123	0.00811	0.00494	0.00424	0.00140	0.00585	0.00372	0.00277	0.00699
24	0.01199	0.01151	0.01967	0.02974	0.79946	0.01151	0.01487	0.01487	0.01103	0.01583	0.00912	0.01199	0.00768	0.00432	0.00480	0.00144	0.00576	0.00432	0.00240	0.00768
25	0.01917	0.00900	0.01138	0.00903	0.01248	0.00858	0.00742	0.14270	0.07664	0.54853	0.05160	0.01847	0.01381	0.00653	0.00499	0.00154	0.00423	0.04042	0.00563	0.00787

[dist]
# distance from previous block
# <min> <max>
0	1

[block]
# block no. 4 follows, 52 sequences, length 296
# corresponding to MSA columns:
# 830-983,1007-1034,1041-1062,1064-1144,1152-1162
name=unknown_E
#
# <colnr> <probs for GDERKNQSTAVLIFYWHMCP>
#	G	D	E	R	K	N	Q	S	T	A	V	L	I	F	Y	W	H	M	C	P
0	0.00705	0.00470	0.00529	0.00529	0.00529	0.00470	0.00294	0.00705	0.00705	0.00940	0.01527	0.03171	0.01762	0.82969	0.02467	0.00470	0.00470	0.00705	0.00294	0.00294
1	0.14513	0.27291	0.03602	0.00869	0.01191	0.08706	0.00758	0.12428	0.03896	0.06793	0.08983	0.06643	0.01271	0.00604	0.00414	0.00136	0.00480	0.00453	0.00349	0.00619
2	0.62116	0.01055	0.00905	0.00763	0.01085	0.02579	0.00626	0.18605	0.02553	0.02334	0.00813	0.00897	0.00616	0.00481	0.00349	0.00147	0.00419	0.00308	0.00343	0.03006
3	0.00617	0.00459	0.00575	0.00618	0.00700	0.00417	0.00436	0.00755	0.01104	0.01476	0.27615	0.42186	0.18679	0.01293	0.00595	0.00176	0.00257	0.01148	0.00476	0.00417
4	0.08178	0.01135	0.05160	0.02098	0.41709	0.01050	0.10968	0.01701	0.01151	0.20415	0.01139	0.01280	0.00841	0.00472	0.00478	0.00149	0.00557	0.00446	0.00330	0.00745
5	0.01121	0.36329	0.42822	0.01231	0.05100	0.01461	0.02892	0.01498	0.01013	0.01371	0.00791	0.00933	0.00626	0.00439	0.00401	0.00132	0.00629	0.00324	0.00208	0.00678
6	0.01349	0.02675	0.01222	0.01002	0.01261	0.01206	0.00811	0.32943	0.19951	0.03515	0.02896	0.01522	0.01127	0.01303	0.18459	0.00295	0.06875	0.00486	0.00413	0.00690
7	0.00589	0.00427	0.00557	0.00660	0.00699	0.00395	0.00443	0.00676	0.00942	0.01243	0.02849	0.76462	0.09282	0.01495	0.00615	0.00194	0.00278	0.01349	0.00450	0.00395
8	0.01317	0.01366	0.01112	0.01020	0.01265	0.26305	0.00781	0.02126	0.43932	0.01666	0.01837	0.04701	0.06879	0.00699	0.00491	0.00155	0.00527	0.02758	0.00410	0.00654
9	0.00952	0.02212	0.68031	0.01272	0.01900	0.01044	0.01593	0.03097	0.01097	0.01622	0.11477	0.01375	0.01151	0.00534	0.00476	0.00153	0.00647	0.00429	0.00255	0.00684
10	0.00590	0.00422	0.00562	0.00675	0.00703	0.00394	0.00450	0.00675	0.00928	0.01237	0.02671	0.82653	0.03205	0.01518	0.00619	0.00197	0.00281	0.01378	0.00450	0.00394
11	0.00932	0.00881	0.01477	0.75673	0.06566	0.01094	0.01342	0.01246	0.00967	0.01251	0.00856	0.01280	0.00651	0.00495	0.00522	0.00162	0.03410	0.00430	0.00216	0.00548
12	0.00590	0.00422	0.00562	0.00675	0.00703	0.00394	0.00450	0.00675	0.00928	0.01237	0.02671	0.82653	0.03205	0.01518	0.00619	0.00197	0.00281	0.01378	0.00450	0.00394
13	0.02059	0.00964	0.01179	0.00919	0.01285	0.03583	0.00753	0.13264	0.05964	0.62027	0.01768	0.01562	0.01142	0.00597	0.00486	0.00149	0.00444	0.00478	0.00565	0.00812
14	0.01742	0.13159	0.01532	0.01189	0.01464	0.68406	0.00922	0.03784	0.01344	0.01227	0.00749	0.00868	0.00629	0.00490	0.00421	0.00123	0.00818	0.00308	0.00250	0.00576
15	0.01810	0.02310	0.01373	0.01248	0.01498	0.81024	0.00936	0.01935	0.01373	0.01186	0.00749	0.00874	0.00624	0.00499	0.00437	0.00125	0.00874	0.00312	0.00250	0.00562
16	0.00599	0.00428	0.00572	0.00684	0.00716	0.00401	0.00464	0.00689	0.00936	0.01246	0.02666	0.79329	0.03187	0.01510	0.00621	0.00198	0.00288	0.04621	0.00450	0.00396
17	0.00599	0.00425	0.00560	0.00664	0.00690	0.00399	0.00439	0.00677	0.00912	0.01216	0.02590	0.76997	0.03102	0.07314	0.00750	0.00216	0.00295	0.01330	0.00439	0.00386
18	0.86392	0.00937	0.00712	0.00637	0.00937	0.01087	0.00525	0.01425	0.00825	0.02174	0.00675	0.00787	0.00525	0.00450	0.00300	0.00150	0.00375	0.00262	0.00300	0.00525
19	0.01296	0.83261	0.02539	0.00829	0.01244	0.01917	0.00829	0.01451	0.00985	0.01140	0.00674	0.00777	0.00622	0.00415	0.00311	0.00104	0.00518	0.00259	0.00207	0.00622
20	0.01829	0.01758	0.01420	0.01171	0.01501	0.34918	0.00927	0.46228	0.01898	0.02269	0.00989	0.01042	0.00740	0.00547	0.00465	0.00137	0.00676	0.00384	0.00386	0.00714
21	0.00590	0.00422	0.00562	0.00675	0.00703	0.00394	0.00450	0.00675	0.00928	0.01237	0.02671	0.82653	0.03205	0.01518	0.00619	0.00197	0.00281	0.01378	0.00450	0.00394
22	0.01810	0.02310	0.01373	0.01248	0.01498	0.81024	0.00936	0.01935	0.01373	0.01186	0.00749	0.00874	0.00624	0.00499	0.00437	0.00125	0.00874	0.00312	0.00250	0.00562
23	0.01005	0.00861	0.01005	0.00718	0.01148	0.00646	0.00574	0.01220	0.01005	0.01579	0.00861	0.01005	0.00718	0.00359	0.00359	0.00072	0.00359	0.00287	0.00287	0.85932
24	0.00573	0.00491	0.00491	0.00491	0.00655	0.00409	0.00368	0.00695	0.01105	0.01309	0.04909	0.04664	0.79750	0.01227	0.00573	0.00164	0.00245	0.01023	0.00450	0.00409
25	0.00700	0.00468	0.00530	0.00534	0.00535	0.00467	0.00300	0.00704	0.00713	0.00951	0.01572	0.06290	0.01818	0.79774	0.02394	0.00459	0.00462	0.00731	0.00300	0.00298
26	0.01842	0.01357	0.01454	0.01115	0.01503	0.01503	0.00921	0.78330	0.02278	0.03054	0.01163	0.01163	0.00824	0.00582	0.00485	0.00145	0.00533	0.00436	0.00485	0.00824
27	0.01268	0.01072	0.01131	0.00999	0.01284	0.01235	0.00782	0.10027	0.71517	0.02128	0.01893	0.01745	0.01415	0.00650	0.00492	0.00163	0.00398	0.00537	0.00492	0.00773
28	0.01731	0.20512	0.01417	0.00842	0.01197	0.01039	0.00722	0.04594	0.07470	0.45233	0.04056	0.01687	0.06172	0.00611	0.00453	0.00141	0.00423	0.00481	0.00482	0.00734
29	0.00904	0.02026	0.61402	0.01197	0.01769	0.00966	0.01472	0.01387	0.01106	0.01632	0.19690	0.01643	0.01559	0.00587	0.00487	0.00153	0.00600	0.00482	0.00283	0.00654
30	0.00625	0.00436	0.00552	0.00631	0.00650	0.00417	0.00403	0.00684	0.00861	0.01147	0.02326	0.58713	0.02770	0.26051	0.01175	0.00279	0.00338	0.01175	0.00403	0.00363
31	0.01090	0.01143	0.01981	0.05017	0.01830	0.01360	0.29773	0.01363	0.03690	0.01344	0.00822	0.01189	0.00703	0.00662	0.01125	0.00190	0.45415	0.00484	0.00234	0.00585
32	0.01423	0.00850	0.01028	0.00818	0.01140	0.00791	0.00655	0.10133	0.11171	0.26639	0.17970	0.01877	0.01789	0.00630	0.00475	0.00133	0.00370	0.00523	0.00485	0.21100
33	0.00590	0.00422	0.00562	0.00675	0.00703	0.00394	0.00450	0.00675	0.00928	0.01237	0.02671	0.82653	0.03205	0.01518	0.00619	0.00197	0.00281	0.01378	0.00450	0.00394
34	0.01242	0.02784	0.01944	0.02240	0.42771	0.05000	0.16125	0.03133	0.07568	0.04284	0.03831	0.01341	0.00956	0.00495	0.00545	0.00151	0.04111	0.00477	0.00288	0.00715
35	0.03960	0.01944	0.01386	0.01199	0.01487	0.58464	0.04216	0.06150	0.01401	0.13908	0.00965	0.01030	0.00729	0.00515	0.00450	0.00132	0.00767	0.00357	0.00319	0.00621
36	0.00599	0.00428	0.00571	0.00675	0.00709	0.00400	0.00456	0.00694	0.00955	0.01279	0.06849	0.76970	0.03272	0.01486	0.00617	0.00195	0.00281	0.02711	0.00454	0.00398
37	0.01069	0.01023	0.01758	0.33842	0.44871	0.01103	0.04133	0.01369	0.01047	0.01437	0.00944	0.03528	0.00787	0.00482	0.00489	0.00153	0.00604	0.00463	0.00236	0.00663
38	0.00708	0.00555	0.00650	0.00652	0.00780	0.00538	0.00478	0.01039	0.12672	0.01602	0.28133	0.24941	0.23138	0.01145	0.00573	0.00169	0.00270	0.01001	0.00483	0.00473
39	0.00590	0.00422	0.00562	0.00675	0.00703	0.00394	0.00450	0.00675	0.00928	0.01237	0.02671	0.82653	0.03205	0.01518	0.00619	0.00197	0.00281	0.01378	0.00450	0.00394
40	0.01296	0.83261	0.02539	0.00829	0.01244	0.01917	0.00829	0.01451	0.00985	0.01140	0.00674	0.00777	0.00622	0.00415	0.00311	0.00104	0.00518	0.00259	0.00207	0.00622
41	0.00590	0.00422	0.00562	0.00675	0.00703	0.00394	0.00450	0.00675	0.00928	0.01237	0.02671	0.82653	0.03205	0.01518	0.00619	0.00197	0.00281	0.01378	0.00450	0.00394
42	0.01854	0.01338	0.01443	0.01106	0.01493	0.01475	0.00914	0.75626	0.02247	0.05803	0.01190	0.01181	0.00837	0.00582	0.00485	0.00146	0.00529	0.00438	0.00489	0.00824
43	0.64002	0.00975	0.00858	0.02836	0.01089	0.03311	0.00613	0.04306	0.00978	0.13836	0.00884	0.00952	0.00645	0.00489	0.00376	0.00151	0.02459	0.00312	0.00346	0.00582
44	0.01810	0.02310	0.01373	0.01248	0.01498	0.81024	0.00936	0.01935	0.01373	0.01186	0.00749	0.00874	0.00624	0.00499	0.00437	0.00125	0.00874	0.00312	0.00250	0.00562
45	0.01136	0.01107	0.01917	0.16545	0.55376	0.01166	0.07524	0.01428	0.01060	0.01494	0.00891	0.01215	0.00735	0.00466	0.00559	0.00153	0.05847	0.00442	0.00234	0.00703
46	0.00574	0.00485	0.00497	0.00506	0.00658	0.00408	0.00375	0.00694	0.01091	0.01303	0.04732	0.10855	0.73673	0.01250	0.00576	0.00166	0.00248	0.01051	0.00450	0.00408
47	0.01006	0.00936	0.01502	0.05022	0.52020	0.00924	0.01159	0.01251	0.01100	0.01495	0.01996	0.02369	0.19782	0.00696	0.00517	0.00156	0.00489	0.06626	0.00306	0.00648
48	0.04641	0.00860	0.01138	0.00928	0.01222	0.00831	0.05420	0.16751	0.01410	0.37412	0.01857	0.22125	0.01584	0.00813	0.00519	0.00162	0.00426	0.00701	0.00507	0.00694
49	0.00579	0.00466	0.00517	0.00557	0.00672	0.00404	0.00398	0.00688	0.01041	0.01283	0.04101	0.32835	0.52100	0.01332	0.00589	0.00176	0.00258	0.01151	0.00450	0.00404
50	0.00998	0.08917	0.74273	0.01337	0.02030	0.01188	0.01714	0.01528	0.01020	0.01503	0.00854	0.01004	0.00615	0.00457	0.00449	0.00150	0.00700	0.00350	0.00205	0.00709
51	0.00970	0.02448	0.77646	0.04244	0.02142	0.01124	0.01775	0.01524	0.01021	0.01524	0.00869	0.01033	0.00615	0.00461	0.00461	0.00154	0.00714	0.00361	0.00205	0.00710
52	0.66204	0.01038	0.00889	0.00751	0.01072	0.01186	0.00619	0.19787	0.01172	0.02384	0.00791	0.00877	0.00596	0.00481	0.00344	0.00149	0.00413	0.00304	0.00344	0.00596
53	0.00597	0.00462	0.00544	0.00587	0.00685	0.00409	0.00416	0.00718	0.01067	0.01370	0.14818	0.38075	0.35879	0.01318	0.00592	0.00176	0.00258	0.01154	0.00462	0.00409
54	0.00632	0.00439	0.00550	0.00622	0.00640	0.00421	0.00393	0.00686	0.00847	0.01130	0.02258	0.53943	0.02684	0.30940	0.01286	0.00295	0.00349	0.01135	0.00393	0.00357
55	0.01168	0.20694	0.01976	0.05077	0.52137	0.01275	0.01241	0.01418	0.01084	0.01476	0.04997	0.01324	0.03152	0.00481	0.00447	0.00136	0.00537	0.00430	0.00252	0.00699
56	0.86392	0.00937	0.00712	0.00637	0.00937	0.01087	0.00525	0.01425	0.00825	0.02174	0.00675	0.00787	0.00525	0.00450	0.00300	0.00150	0.00375	0.00262	0.00300	0.00525
57	0.01120	0.00895	0.00672	0.00642	0.00787	0.19690	0.00481	0.01322	0.01102	0.01658	0.01382	0.01584	0.01095	0.00549	0.00362	0.00116	0.00381	0.00418	0.65266	0.00478
58	0.06495	0.01012	0.12228	0.26646	0.01883	0.00907	0.01024	0.02575	0.09743	0.02990	0.14672	0.02341	0.03084	0.00724	0.00513	0.00167	0.00497	0.11579	0.00353	0.00568
59	0.01198	0.41022	0.04181	0.20639	0.18008	0.04944	0.01118	0.01431	0.01023	0.01267	0.00776	0.00998	0.00658	0.00440	0.00397	0.00128	0.00581	0.00341	0.00218	0.00632
60	0.00590	0.00422	0.00562	0.00675	0.00703	0.00394	0.00450	0.00675	0.00928	0.01237	0.02671	0.82653	0.03205	0.01518	0.00619	0.00197	0.00281	0.01378	0.00450	0.00394
61	0.01076	0.05732	0.01851	0.04622	0.39237	0.01060	0.15935	0.01395	0.03111	0.01629	0.17772	0.01731	0.01580	0.00553	0.00508	0.00148	0.00542	0.00547	0.00307	0.00664
62	0.01019	0.14259	0.69118	0.01301	0.01973	0.01241	0.01651	0.01523	0.01018	0.01477	0.00841	0.00987	0.00615	0.00454	0.00439	0.00146	0.00687	0.00344	0.00205	0.00702
63	0.00658	0.00456	0.00536	0.00572	0.00594	0.00441	0.00349	0.00695	0.00807	0.01063	0.02157	0.28412	0.08409	0.50736	0.01732	0.00359	0.00392	0.00943	0.00355	0.00334
64	0.00801	0.00692	0.01022	0.00921	0.01049	0.04144	0.08939	0.00982	0.00857	0.01188	0.04031	0.01943	0.01286	0.09957	0.56831	0.00618	0.03474	0.00542	0.00269	0.00453
65	0.00640	0.00476	0.00602	0.00657	0.00747	0.00438	0.00489	0.00788	0.01096	0.01446	0.20429	0.35400	0.19867	0.01308	0.00607	0.00184	0.00289	0.13650	0.00468	0.00420
66	0.01337	0.74692	0.05093	0.00861	0.01280	0.04061	0.00860	0.01507	0.01014	0.04563	0.00736	0.00826	0.00647	0.00427	0.00327	0.00108	0.00530	0.00274	0.00225	0.00632
67	0.10796	0.00971	0.01670	0.53163	0.02832	0.01121	0.17665	0.01325	0.00983	0.01411	0.00859	0.01231	0.00651	0.00474	0.00513	0.00162	0.02939	0.00441	0.00231	0.00561
68	0.01810	0.02310	0.01373	0.01248	0.01498	0.81024	0.00936	0.01935	0.01373	0.01186	0.00749	0.00874	0.00624	0.00499	0.00437	0.00125	0.00874	0.00312	0.00250	0.00562
69	0.02896	0.01252	0.01519	0.01589	0.23468	0.02868	0.01036	0.48978	0.01825	0.02509	0.01105	0.01205	0.00827	0.00535	0.00470	0.00143	0.00529	0.00431	0.06043	0.00774
70	0.00591	0.00440	0.00544	0.00625	0.00684	0.00401	0.00424	0.00681	0.00960	0.01241	0.03156	0.60609	0.21420	0.04956	0.00687	0.00201	0.00281	0.01264	0.00443	0.00393
71	0.02979	0.01089	0.01175	0.00996	0.01308	0.01219	0.00792	0.19971	0.51660	0.10662	0.01756	0.01624	0.01281	0.00630	0.00487	0.00158	0.00421	0.00511	0.00499	0.00782
72	0.04150	0.05184	0.05314	0.00916	0.01256	0.00936	0.00792	0.13282	0.08793	0.38395	0.05467	0.04061	0.01441	0.00688	0.00495	0.00156	0.00438	0.06999	0.00503	0.00733
73	0.00697	0.00501	0.00635	0.00598	0.00724	0.00455	0.00450	0.00910	0.01336	0.03239	0.68217	0.03726	0.14668	0.01016	0.00570	0.00154	0.00234	0.00889	0.00523	0.00457
74	0.01005	0.00861	0.01005	0.00718	0.01148	0.00646	0.00574	0.01220	0.01005	0.01579	0.00861	0.01005	0.00718	0.00359	0.00359	0.00072	0.00359	0.00287	0.00287	0.85932
75	0.01330	0.00955	0.01073	0.00896	0.01166	0.01025	0.00713	0.27959	0.21413	0.08553	0.25591	0.02180	0.03536	0.00739	0.00515	0.00153	0.00387	0.00614	0.00510	0.00690
76	0.01670	0.01588	0.01289	0.01145	0.02814	0.38897	0.00881	0.04087	0.08626	0.17524	0.01170	0.01316	0.00909	0.00599	0.00590	0.00146	0.09851	0.02983	0.00354	0.03561
77	0.01892	0.01240	0.01379	0.01056	0.01442	0.01327	0.00872	0.61518	0.02074	0.18557	0.01308	0.01258	0.00898	0.00581	0.00483	0.00145	0.00505	0.00444	0.00504	0.02517
78	0.00609	0.00433	0.00570	0.00665	0.00698	0.00407	0.00446	0.00698	0.00938	0.01256	0.06649	0.70231	0.03152	0.07952	0.00764	0.00217	0.00297	0.03185	0.00442	0.00390
79	0.01616	0.01941	0.01562	0.01798	0.26457	0.55612	0.01112	0.01793	0.01287	0.01312	0.00801	0.00977	0.00670	0.00478	0.00451	0.00131	0.00779	0.00350	0.00247	0.00627
80	0.66458	0.07684	0.11220	0.00784	0.01151	0.01161	0.02659	0.01444	0.00871	0.01994	0.00708	0.00830	0.00549	0.00447	0.00328	0.00147	0.00441	0.00282	0.00279	0.00560
81	0.00873	0.00721	0.00864	0.00704	0.01007	0.00566	0.00535	0.01047	0.00980	0.01470	0.01437	0.26982	0.01509	0.00728	0.00441	0.00112	0.00334	0.00634	0.00339	0.58717
82	0.01470	0.01164	0.01214	0.00994	0.01322	0.05411	0.00796	0.34723	0.22138	0.04961	0.01462	0.06094	0.01173	0.00641	0.00480	0.00144	0.00467	0.02519	0.00448	0.12377
83	0.16681	0.01014	0.01141	0.00898	0.01258	0.02587	0.00738	0.21462	0.03462	0.43601	0.01486	0.01365	0.00983	0.00569	0.00453	0.00149	0.00445	0.00433	0.00509	0.00766
84	0.00590	0.00422	0.00562	0.00675	0.00703	0.00394	0.00450	0.00675	0.00928	0.01237	0.02671	0.82653	0.03205	0.01518	0.00619	0.00197	0.00281	0.01378	0.00450	0.00394
85	0.01024	0.00972	0.01650	0.51663	0.32630	0.01105	0.01400	0.01333	0.01020	0.01370	0.00881	0.01257	0.00692	0.00464	0.00483	0.00155	0.00619	0.00431	0.00225	0.00626
86	0.00859	0.00757	0.01007	0.00936	0.00981	0.00933	0.00730	0.04248	0.00925	0.01301	0.04113	0.30597	0.08983	0.03905	0.01103	0.00206	0.36759	0.00842	0.00342	0.00473
87	0.00588	0.00433	0.00551	0.00646	0.00695	0.00396	0.00437	0.00678	0.00956	0.01248	0.03025	0.70327	0.15302	0.01472	0.00611	0.00192	0.00276	0.01322	0.00450	0.00396
88	0.01842	0.01357	0.01454	0.01115	0.01503	0.01503	0.00921	0.78330	0.02278	0.03054	0.01163	0.01163	0.00824	0.00582	0.00485	0.00145	0.00533	0.00436	0.00485	0.00824
89	0.00590	0.00424	0.00560	0.00668	0.00701	0.00394	0.00447	0.00676	0.00934	0.01240	0.02751	0.79877	0.05930	0.01508	0.00617	0.00196	0.00280	0.01365	0.00450	0.00394
90	0.00984	0.00880	0.01494	0.73898	0.05258	0.01067	0.03564	0.01302	0.00996	0.04660	0.00911	0.01305	0.00676	0.00486	0.00487	0.00161	0.00639	0.00437	0.00233	0.00560
91	0.04325	0.01394	0.01827	0.01418	0.01733	0.13349	0.24141	0.24822	0.01428	0.01891	0.00936	0.01151	0.00733	0.00643	0.02841	0.00177	0.15766	0.00452	0.00315	0.00658
92	0.01810	0.02310	0.01373	0.01248	0.01498	0.81024	0.00936	0.01935	0.01373	0.01186	0.00749	0.00874	0.00624	0.00499	0.00437	0.00125	0.00874	0.00312	0.00250	0.00562
93	0.01001	0.00975	0.01530	0.20506	0.01897	0.03811	0.15122	0.04506	0.00988	0.01343	0.01133	0.13228	0.01089	0.00985	0.07427	0.00229	0.22820	0.00598	0.00271	0.00540
94	0.00573	0.00491	0.00491	0.00491	0.00655	0.00409	0.00368	0.00695	0.01105	0.01309	0.04909	0.04664	0.79750	0.01227	0.00573	0.00164	0.00245	0.01023	0.00450	0.00409
95	0.20995	0.17946	0.10393	0.00992	0.04105	0.01298	0.00879	0.10971	0.16469	0.09832	0.01143	0.01159	0.00855	0.00515	0.00406	0.00143	0.00474	0.00378	0.00358	0.00689
96	0.01440	0.01056	0.01144	0.00951	0.01232	0.07347	0.03350	0.20606	0.18753	0.15621	0.07357	0.01984	0.07853	0.05948	0.02975	0.00190	0.00489	0.00564	0.00462	0.00680
97	0.00602	0.00436	0.00570	0.00655	0.00703	0.00403	0.00446	0.00709	0.00999	0.01338	0.13327	0.67297	0.07863	0.01429	0.00609	0.00189	0.00272	0.01288	0.00461	0.00403
98	0.00952	0.02594	0.18747	0.20250	0.06911	0.00937	0.02438	0.07325	0.02764	0.01514	0.03432	0.17642	0.01384	0.02114	0.04503	0.00197	0.00576	0.02125	0.00308	0.03289
99	0.03616	0.00963	0.01212	0.09185	0.01477	0.03744	0.05409	0.11252	0.03819	0.06735	0.01063	0.01265	0.00845	0.00932	0.12397	0.00216	0.02352	0.00397	0.00323	0.32797
100	0.01205	0.50031	0.31134	0.01044	0.01564	0.03707	0.01184	0.01510	0.01016	0.02619	0.00769	0.00885	0.00629	0.00437	0.00372	0.00123	0.00599	0.00301	0.00214	0.00658
101	0.02005	0.01095	0.01292	0.00991	0.01372	0.01114	0.00818	0.40981	0.01840	0.41023	0.01531	0.01402	0.01009	0.00591	0.00486	0.00148	0.00474	0.00461	0.00541	0.00824
102	0.00705	0.00470	0.00529	0.00529	0.00529	0.00470	0.00294	0.00705	0.00705	0.00940	0.01527	0.03171	0.01762	0.82969	0.02467	0.00470	0.00470	0.00705	0.00294	0.00294
103	0.03190	0.01532	0.05189	0.01005	0.01294	0.33845	0.00814	0.12394	0.04165	0.11018	0.05142	0.01847	0.15166	0.00678	0.00480	0.00142	0.00595	0.00512	0.00380	0.00612
104	0.01671	0.00769	0.00971	0.00783	0.01040	0.00721	0.00602	0.10054	0.01266	0.46683	0.01708	0.02081	0.01338	0.26804	0.01117	0.00251	0.00444	0.00551	0.00490	0.00656
105	0.01360	0.01214	0.02334	0.01691	0.02144	0.01155	0.53555	0.09049	0.04341	0.13309	0.01170	0.01353	0.00841	0.00461	0.00540	0.00156	0.00697	0.00535	0.00332	0.03765
106	0.03188	0.01357	0.01248	0.18001	0.01746	0.26383	0.00882	0.07006	0.01220	0.05287	0.00894	0.01061	0.00700	0.00459	0.00424	0.00118	0.00599	0.00345	0.00289	0.28792
107	0.06040	0.01327	0.08573	0.02078	0.26874	0.03870	0.34373	0.01550	0.04451	0.01583	0.00986	0.01293	0.00788	0.03375	0.00577	0.00165	0.00678	0.00487	0.00256	0.00677
108	0.00590	0.00422	0.00562	0.00675	0.00703	0.00394	0.00450	0.00675	0.00928	0.01237	0.02671	0.82653	0.03205	0.01518	0.00619	0.00197	0.00281	0.01378	0.00450	0.00394
109	0.00972	0.02507	0.80458	0.01381	0.02097	0.01125	0.01790	0.01535	0.01023	0.01535	0.00870	0.01023	0.00614	0.00460	0.00460	0.00153	0.00716	0.00358	0.00205	0.00716
110	0.00748	0.00680	0.00975	0.37963	0.04116	0.00737	0.00849	0.00967	0.01042	0.01284	0.02935	0.03015	0.41145	0.00863	0.00530	0.00162	0.00439	0.00734	0.00336	0.00479
111	0.00584	0.00475	0.00518	0.00543	0.00671	0.00409	0.00394	0.00705	0.01080	0.01334	0.09322	0.23216	0.56500	0.01281	0.00584	0.00171	0.00253	0.01098	0.00455	0.00409
112	0.01296	0.83261	0.02539	0.00829	0.01244	0.01917	0.00829	0.01451	0.00985	0.01140	0.00674	0.00777	0.00622	0.00415	0.00311	0.00104	0.00518	0.00259	0.00207	0.00622
113	0.00590	0.00422	0.00562	0.00675	0.00703	0.00394	0.00450	0.00675	0.00928	0.01237	0.02671	0.82653	0.03205	0.01518	0.00619	0.00197	0.00281	0.01378	0.00450	0.00394
114	0.00915	0.00861	0.01453	0.81804	0.03338	0.01077	0.01346	0.01238	0.00969	0.01238	0.00861	0.01292	0.00646	0.00484	0.00484	0.00161	0.00646	0.00431	0.00215	0.00538
115	0.01149	0.01236	0.01196	0.03954	0.01268	0.25169	0.00870	0.01293	0.00954	0.01160	0.00916	0.01315	0.00840	0.01731	0.29755	0.00388	0.25636	0.00425	0.00241	0.00505
116	0.01810	0.02310	0.01373	0.01248	0.01498	0.81024	0.00936	0.01935	0.01373	0.01186	0.00749	0.00874	0.00624	0.00499	0.00437	0.00125	0.00874	0.00312	0.00250	0.00562
117	0.00858	0.04949	0.12931	0.40353	0.02218	0.00925	0.01097	0.01156	0.01040	0.01374	0.11978	0.03283	0.10215	0.03529	0.00569	0.00169	0.00534	0.02000	0.00293	0.00531
118	0.00578	0.00480	0.00505	0.00522	0.00663	0.00408	0.00383	0.00697	0.01083	0.01311	0.06052	0.16657	0.66463	0.01267	0.00580	0.00169	0.00251	0.01075	0.00452	0.00408
119	0.03979	0.03932	0.01543	0.49998	0.14185	0.03427	0.01256	0.06872	0.01073	0.01442	0.00857	0.01203	0.00671	0.00509	0.00558	0.00158	0.07085	0.00416	0.00242	0.00595
120	0.03774	0.01299	0.01372	0.01121	0.01423	0.10700	0.05289	0.37969	0.13304	0.02288	0.04682	0.01583	0.02338	0.00652	0.00571	0.00156	0.06215	0.04136	0.00420	0.00706
121	0.00584	0.00467	0.00523	0.00561	0.00675	0.00406	0.00401	0.00698	0.01053	0.01311	0.07334	0.32348	0.49296	0.01321	0.00589	0.00175	0.00257	0.01143	0.00454	0.00406
122	0.01136	0.30345	0.24263	0.03881	0.24338	0.01378	0.01288	0.01453	0.01048	0.01421	0.04595	0.01120	0.00852	0.00462	0.00420	0.00133	0.00581	0.00372	0.00232	0.00681
123	0.24298	0.01218	0.01236	0.00971	0.01336	0.01348	0.00801	0.53741	0.01834	0.04961	0.01047	0.01073	0.00752	0.00541	0.00432	0.00145	0.00483	0.00388	0.00434	0.02962
124	0.08266	0.05881	0.01672	0.02837	0.20243	0.13527	0.18010	0.01376	0.01082	0.01454	0.01268	0.19668	0.01263	0.00686	0.00500	0.00156	0.00590	0.00635	0.00293	0.00593
125	0.02123	0.00865	0.01144	0.00882	0.01254	0.00777	0.00727	0.07090	0.03858	0.73049	0.01867	0.01624	0.01185	0.00600	0.00487	0.00150	0.00419	0.00486	0.00589	0.00823
126	0.00705	0.00470	0.00529	0.00529	0.00529	0.00470	0.00294	0.00705	0.00705	0.00940	0.01527	0.03171	0.01762	0.82969	0.02467	0.00470	0.00470	0.00705	0.00294	0.00294
127	0.06358	0.01033	0.01572	0.07292	0.23705	0.01072	0.08155	0.08401	0.02572	0.23733	0.01208	0.01332	0.00881	0.00620	0.02717	0.00172	0.07638	0.00455	0.00367	0.00719
128	0.51592	0.01358	0.01076	0.00922	0.01227	0.22184	0.05117	0.08519	0.01119	0.01958	0.00756	0.00874	0.00590	0.00472	0.00368	0.00144	0.00546	0.00309	0.00300	0.00569
129	0.00590	0.00422	0.00562	0.00675	0.00703	0.00394	0.00450	0.00675	0.00928	0.01237	0.02671	0.82653	0.03205	0.01518	0.00619	0.00197	0.00281	0.01378	0.00450	0.00394
130	0.06974	0.01126	0.06810	0.21241	0.02161	0.01070	0.22431	0.04951	0.05986	0.15143	0.01142	0.01315	0.00819	0.00493	0.00507	0.00154	0.01860	0.00464	0.00327	0.05026
131	0.01446	0.01207	0.01616	0.09486	0.36525	0.06818	0.01184	0.19160	0.05562	0.09159	0.01130	0.01322	0.00871	0.00518	0.00483	0.00148	0.00566	0.01711	0.00344	0.00744
132	0.00670	0.00527	0.00623	0.00644	0.00795	0.00471	0.00519	0.00839	0.01128	0.01430	0.11689	0.06003	0.42757	0.01206	0.00595	0.00178	0.00313	0.25054	0.00450	0.04109
133	0.01062	0.01011	0.01719	0.41022	0.42971	0.01115	0.01419	0.01367	0.01039	0.01417	0.00887	0.01244	0.00709	0.00457	0.00482	0.00152	0.00610	0.00431	0.00228	0.00657
134	0.00991	0.07342	0.75793	0.01348	0.02046	0.01173	0.01733	0.01530	0.01021	0.01511	0.00858	0.01008	0.00614	0.00458	0.00451	0.00150	0.00704	0.00352	0.00205	0.00711
135	0.00601	0.00486	0.00534	0.00534	0.00675	0.00419	0.00396	0.00746	0.01154	0.01455	0.22587	0.10606	0.55723	0.01194	0.00576	0.00164	0.00244	0.01016	0.00470	0.00419
136	0.00923	0.00807	0.01303	0.01857	0.41284	0.00807	0.00995	0.01125	0.01004	0.01418	0.01584	0.29500	0.01675	0.01173	0.09599	0.00233	0.00545	0.00770	0.02807	0.00591
137	0.00590	0.00422	0.00562	0.00675	0.00703	0.00394	0.00450	0.00675	0.00928	0.01237	0.02671	0.82653	0.03205	0.01518	0.00619	0.00197	0.00281	0.01378	0.00450	0.00394
138	0.02157	0.00852	0.01141	0.00875	0.01251	0.00752	0.00723	0.06224	0.01432	0.76355	0.01874	0.01625	0.01180	0.00599	0.00487	0.00150	0.00419	0.00485	0.00594	0.00825
139	0.85085	0.00935	0.00719	0.00641	0.00942	0.01081	0.00528	0.01439	0.00833	0.03387	0.00694	0.00801	0.00535	0.00452	0.00303	0.00150	0.00375	0.00266	0.00305	0.00529
140	0.01810	0.02310	0.01373	0.01248	0.01498	0.81024	0.00936	0.01935	0.01373	0.01186	0.00749	0.00874	0.00624	0.00499	0.00437	0.00125	0.00874	0.00312	0.00250	0.00562
141	0.00935	0.00920	0.01687	0.52115	0.02809	0.01040	0.19585	0.01247	0.01002	0.01312	0.01094	0.10647	0.00961	0.00591	0.00539	0.00167	0.01976	0.00573	0.00249	0.00549
142	0.00580	0.00463	0.00520	0.00565	0.00674	0.00403	0.00401	0.00687	0.01033	0.01280	0.04001	0.36301	0.48698	0.01345	0.00591	0.00177	0.00260	0.01167	0.00450	0.00403
143	0.05771	0.01181	0.01247	0.01012	0.01344	0.01318	0.00819	0.46328	0.25221	0.02597	0.03629	0.01555	0.04505	0.00637	0.00484	0.00152	0.00460	0.00498	0.00478	0.00764
144	0.01287	0.01453	0.01433	0.11460	0.01627	0.30101	0.04325	0.01450	0.01066	0.01261	0.06996	0.01236	0.00950	0.00668	0.00908	0.00167	0.32391	0.00427	0.00253	0.00542
145	0.00613	0.00454	0.00577	0.00654	0.00723	0.00417	0.00466	0.00731	0.01019	0.01336	0.10279	0.53759	0.17487	0.01399	0.00610	0.00189	0.00285	0.08137	0.00457	0.00407
146	0.01647	0.28065	0.01744	0.01115	0.01417	0.55856	0.00902	0.01781	0.01250	0.01171	0.00725	0.00843	0.00623	0.00472	0.00397	0.00118	0.00761	0.00295	0.00236	0.00581
147	0.01565	0.01723	0.26590	0.01200	0.01692	0.01383	0.01198	0.53898	0.01879	0.02571	0.01070	0.01119	0.00757	0.00543	0.00477	0.00148	0.00591	0.00411	0.00396	0.00790
148	0.01175	0.57045	0.02194	0.26592	0.01910	0.01650	0.00994	0.01383	0.00980	0.01171	0.00733	0.00941	0.00630	0.00437	0.00366	0.00122	0.00559	0.00314	0.00210	0.00595
149	0.01159	0.00600	0.00799	0.00690	0.00887	0.00538	0.00538	0.01375	0.01377	0.26867	0.54945	0.02993	0.03499	0.00866	0.00545	0.00152	0.00287	0.00753	0.00555	0.00574
150	0.00677	0.00458	0.00537	0.00563	0.00570	0.00452	0.00331	0.00698	0.00758	0.01011	0.01800	0.22149	0.02106	0.63521	0.02025	0.00405	0.00425	0.00865	0.00331	0.00318
151	0.01128	0.01751	0.46287	0.01200	0.01708	0.00954	0.04652	0.01538	0.01108	0.14322	0.07254	0.04463	0.01278	0.00641	0.00540	0.00162	0.03494	0.06524	0.00323	0.00672
152	0.42812	0.05092	0.01368	0.04166	0.14454	0.08951	0.09690	0.01473	0.00973	0.01776	0.00797	0.02381	0.00659	0.00478	0.00428	0.00149	0.03133	0.00361	0.00271	0.00587
153	0.00888	0.00527	0.00703	0.00745	0.00861	0.00488	0.00571	0.01030	0.01070	0.13675	0.03986	0.42530	0.08740	0.01296	0.00607	0.00193	0.00341	0.20798	0.00474	0.00477
154	0.01247	0.29563	0.01927	0.01112	0.03741	0.02700	0.12225	0.10076	0.02593	0.01565	0.00854	0.01010	0.00708	0.00452	0.00474	0.00118	0.05717	0.00354	0.00273	0.23292
155	0.01333	0.01004	0.01107	0.00945	0.01223	0.01098	0.00759	0.27804	0.29633	0.05757	0.11530	0.02252	0.05686	0.00755	0.00518	0.00161	0.00415	0.06820	0.00494	0.00706
156	0.00589	0.00427	0.00557	0.00660	0.00699	0.00395	0.00443	0.00676	0.00942	0.01243	0.02849	0.76462	0.09282	0.01495	0.00615	0.00194	0.00278	0.01349	0.00450	0.00395
157	0.01135	0.01354	0.06176	0.02000	0.02491	0.01226	0.73475	0.01544	0.01131	0.01544	0.00969	0.01290	0.00728	0.00419	0.00586	0.00164	0.02310	0.00560	0.00243	0.00654
158	0.01199	0.01151	0.01967	0.02974	0.79946	0.01151	0.01487	0.01487	0.01103	0.01583	0.00912	0.01199	0.00768	0.00432	0.00480	0.00144	0.00576	0.00432	0.00240	0.00768
159	0.00590	0.00422	0.00562	0.00675	0.00703	0.00394	0.00450	0.00675	0.00928	0.01237	0.02671	0.82653	0.03205	0.01518	0.00619	0.00197	0.00281	0.01378	0.00450	0.00394
160	0.01296	0.83261	0.02539	0.00829	0.01244	0.01917	0.00829	0.01451	0.00985	0.01140	0.00674	0.00777	0.00622	0.00415	0.00311	0.00104	0.00518	0.00259	0.00207	0.00622
161	0.00590	0.00423	0.00561	0.00670	0.00702	0.00394	0.00448	0.00675	0.00932	0.01239	0.02727	0.80699	0.05123	0.01511	0.00617	0.00196	0.00280	0.01369	0.00450	0.00394
162	0.01842	0.01357	0.01454	0.01115	0.01503	0.01503	0.00921	0.78330	0.02278	0.03054	0.01163	0.01163	0.00824	0.00582	0.00485	0.00145	0.00533	0.00436	0.00485	0.00824
163	0.01097	0.28168	0.54206	0.01196	0.01810	0.01370	0.01465	0.01523	0.01018	0.02861	0.00827	0.00956	0.00627	0.00448	0.00413	0.00138	0.00648	0.00329	0.00213	0.00688
164	0.01810	0.02310	0.01373	0.01248	0.01498	0.81024	0.00936	0.01935	0.01373	0.01186	0.00749	0.00874	0.00624	0.00499	0.00437	0.00125	0.00874	0.00312	0.00250	0.00562
165	0.00668	0.00455	0.00539	0.00575	0.00584	0.00446	0.00343	0.00695	0.00776	0.01034	0.01891	0.28459	0.02221	0.57055	0.01879	0.00383	0.00410	0.00919	0.00343	0.00325
166	0.00630	0.00469	0.00529	0.00559	0.00630	0.00431	0.00372	0.00702	0.00918	0.01162	0.03092	0.22768	0.31289	0.30795	0.01270	0.00284	0.00340	0.03002	0.00393	0.00365
167	0.13638	0.01262	0.01267	0.01022	0.01369	0.12725	0.05801	0.20075	0.16124	0.05783	0.01158	0.01195	0.00870	0.00517	0.00437	0.00135	0.00515	0.00400	0.00382	0.15326
168	0.01140	0.01666	0.27154	0.01754	0.10913	0.03879	0.32068	0.06435	0.03453	0.01637	0.01139	0.01340	0.04127	0.00484	0.00514	0.00156	0.00704	0.00489	0.00263	0.00687
169	0.00705	0.00470	0.00529	0.00529	0.00529	0.00470	0.00294	0.00705	0.00705	0.00940	0.01527	0.03171	0.01762	0.82969	0.02467	0.00470	0.00470	0.00705	0.00294	0.00294
170	0.01005	0.00861	0.01005	0.00718	0.01148	0.00646	0.00574	0.01220	0.01005	0.01579	0.00861	0.01005	0.00718	0.00359	0.00359	0.00072	0.00359	0.00287	0.00287	0.85932
171	0.01268	0.00979	0.01062	0.00912	0.01186	0.01071	0.00725	0.23451	0.34117	0.04853	0.09838	0.02303	0.12048	0.00766	0.00515	0.00159	0.00395	0.03164	0.00491	0.00696
172	0.00867	0.01002	0.19735	0.00809	0.01090	0.00635	0.00792	0.01168	0.01278	0.08037	0.51476	0.02888	0.06597	0.00843	0.00538	0.00153	0.00360	0.00728	0.00457	0.00546
173	0.02114	0.00922	0.01185	0.00908	0.01286	0.00857	0.00750	0.16244	0.01550	0.66170	0.01775	0.01561	0.01131	0.00596	0.00487	0.00149	0.00434	0.00478	0.00579	0.00825
174	0.00593	0.00424	0.00566	0.00678	0.00707	0.00396	0.00455	0.00680	0.00931	0.01240	0.02669	0.81469	0.03199	0.01515	0.00619	0.00197	0.00284	0.02532	0.00450	0.00394
175	0.22015	0.01040	0.01160	0.11019	0.06435	0.08220	0.00826	0.05956	0.01229	0.35557	0.01277	0.01274	0.00870	0.00529	0.00437	0.00148	0.00491	0.00404	0.00420	0.00690
176	0.01878	0.01128	0.08569	0.00973	0.01374	0.00978	0.00862	0.25173	0.01616	0.44895	0.04920	0.01518	0.01169	0.00594	0.00485	0.00148	0.00468	0.00473	0.00520	0.02258
