[name]
unknown

[dist]
# distance from previous block
# <min> <max>
0	4

[block]
# block no. 0 follows, 52 sequences, length 9
# corresponding to MSA columns:
# 4-12
name=unknown_A
#
# <colnr> <probs for GDERKNQSTAVLIFYWHMCP>
#	G	D	E	R	K	N	Q	S	T	A	V	L	I	F	Y	W	H	M	C	P
0	0.02895	0.25005	0.12676	0.00863	0.01167	0.01057	0.00855	0.03881	0.01084	0.01481	0.01700	0.02678	0.06417	0.00789	0.00471	0.00156	0.00466	0.24316	0.11495	0.00549
1	0.01205	0.35766	0.06815	0.20162	0.01742	0.04752	0.00958	0.01467	0.04085	0.07866	0.02528	0.05505	0.00964	0.03698	0.00493	0.00148	0.00542	0.00427	0.00277	0.00600
2	0.07184	0.21786	0.31838	0.01091	0.01569	0.06416	0.01168	0.01780	0.19619	0.01578	0.01063	0.01124	0.00816	0.00498	0.00419	0.00142	0.00574	0.00369	0.00284	0.00682
3	0.01091	0.43001	0.21953	0.00985	0.01404	0.01392	0.01062	0.01366	0.01026	0.01314	0.01174	0.01957	0.01136	0.00646	0.00434	0.00145	0.00551	0.18494	0.00264	0.00604
4	0.01226	0.63627	0.02174	0.00803	0.01221	0.01615	0.00768	0.01396	0.00989	0.01245	0.00718	0.00832	0.00645	0.00401	0.00322	0.00096	0.00480	0.00266	0.00226	0.20949
5	0.01258	0.03264	0.07512	0.00815	0.01197	0.00762	0.00712	0.01604	0.08749	0.20387	0.09632	0.01649	0.04394	0.00555	0.00440	0.00119	0.00390	0.00456	0.00405	0.35700
6	0.00723	0.00625	0.00777	0.00720	0.00824	0.00679	0.00563	0.00872	0.01091	0.01461	0.26105	0.06590	0.35439	0.01078	0.00817	0.00173	0.19741	0.00851	0.00418	0.00452
7	0.00723	0.00575	0.00683	0.00609	0.00805	0.00484	0.00460	0.00908	0.01175	0.01625	0.34183	0.09940	0.23880	0.00949	0.00525	0.00140	0.00269	0.00818	0.00445	0.20805
8	0.01022	0.09452	0.54607	0.01305	0.01824	0.01282	0.01530	0.01439	0.00953	0.01411	0.00796	0.01010	0.00620	0.00549	0.00716	0.00163	0.20086	0.00365	0.00207	0.00663

[dist]
# distance from previous block
# <min> <max>
0	5

[block]
# block no. 1 follows, 52 sequences, length 23
# corresponding to MSA columns:
# 18-40
name=unknown_B
#
# <colnr> <probs for GDERKNQSTAVLIFYWHMCP>
#	G	D	E	R	K	N	Q	S	T	A	V	L	I	F	Y	W	H	M	C	P
0	0.00999	0.07491	0.72621	0.01372	0.02061	0.01179	0.04668	0.01530	0.01025	0.01511	0.00862	0.01019	0.00619	0.00456	0.00455	0.00151	0.00708	0.00360	0.00206	0.00708
1	0.00601	0.00497	0.00530	0.00536	0.00691	0.00426	0.00412	0.00741	0.01128	0.01375	0.11022	0.04646	0.66598	0.01217	0.00581	0.00168	0.00262	0.07694	0.00457	0.00416
2	0.01005	0.00861	0.01005	0.00718	0.01148	0.00646	0.00574	0.01220	0.01005	0.01579	0.00861	0.01005	0.00718	0.00359	0.00359	0.00072	0.00359	0.00287	0.00287	0.85932
3	0.00673	0.00495	0.00630	0.00596	0.00716	0.00452	0.00447	0.00889	0.01341	0.01870	0.70999	0.03741	0.13310	0.01018	0.00572	0.00154	0.00231	0.00893	0.00524	0.00452
4	0.00778	0.00612	0.00802	0.00758	0.00779	0.00726	0.00543	0.00845	0.00738	0.01043	0.01311	0.04978	0.01428	0.43380	0.20609	0.00476	0.18918	0.00620	0.00272	0.00382
5	0.00590	0.00422	0.00562	0.00675	0.00703	0.00394	0.00450	0.00675	0.00928	0.01237	0.02671	0.82653	0.03205	0.01518	0.00619	0.00197	0.00281	0.01378	0.00450	0.00394
6	0.01814	0.01384	0.01436	0.01115	0.01492	0.04850	0.00915	0.71901	0.05485	0.02932	0.01180	0.01178	0.00843	0.00581	0.00483	0.00145	0.00541	0.00436	0.00475	0.00811
7	0.01233	0.01162	0.01940	0.02878	0.75879	0.01170	0.01458	0.05471	0.01164	0.01659	0.00925	0.01198	0.00771	0.00440	0.00480	0.00144	0.00574	0.00432	0.00253	0.00771
8	0.01629	0.03867	0.01310	0.01112	0.01399	0.38215	0.00863	0.11820	0.26382	0.06649	0.01264	0.01256	0.00960	0.00564	0.00461	0.00141	0.00635	0.00413	0.00378	0.00679
9	0.00590	0.00422	0.00562	0.00675	0.00703	0.00394	0.00450	0.00675	0.00928	0.01237	0.02671	0.82653	0.03205	0.01518	0.00619	0.00197	0.00281	0.01378	0.00450	0.00394
10	0.01674	0.01106	0.06997	0.04202	0.01806	0.00945	0.26863	0.01963	0.01249	0.43693	0.01459	0.01465	0.00970	0.00529	0.00543	0.00157	0.02704	0.00504	0.00430	0.00742
11	0.02715	0.38084	0.31444	0.01326	0.09498	0.01485	0.06384	0.01492	0.01018	0.01377	0.00791	0.00946	0.00639	0.00434	0.00400	0.00131	0.00615	0.00334	0.00214	0.00672
12	0.01787	0.04696	0.01460	0.01221	0.01512	0.58683	0.02512	0.19340	0.01562	0.01618	0.00846	0.00946	0.00672	0.00514	0.00447	0.00130	0.00783	0.00344	0.00302	0.00625
13	0.00589	0.00426	0.00558	0.00663	0.00700	0.00395	0.00445	0.00676	0.00939	0.01242	0.02810	0.77795	0.07973	0.01500	0.00616	0.00195	0.00279	0.01356	0.00450	0.00395
14	0.00707	0.00511	0.00737	0.00737	0.00819	0.00585	0.00563	0.00870	0.00789	0.01156	0.01335	0.01997	0.01257	0.09670	0.69509	0.00710	0.01162	0.00529	0.05933	0.00423
15	0.00621	0.00464	0.00578	0.00611	0.00700	0.00420	0.00435	0.00767	0.01129	0.01511	0.31339	0.36710	0.20417	0.01262	0.00591	0.00173	0.00254	0.01117	0.00480	0.00420
16	0.00657	0.00457	0.00557	0.00611	0.00637	0.00442	0.00393	0.00712	0.00842	0.01113	0.02226	0.35904	0.06162	0.40312	0.01500	0.00327	0.00380	0.06041	0.00375	0.00350
17	0.01144	0.01307	0.02859	0.02042	0.02533	0.01225	0.78186	0.01552	0.01144	0.01552	0.00980	0.01307	0.00735	0.00408	0.00572	0.00163	0.00817	0.00572	0.00245	0.00654
18	0.00695	0.00507	0.00718	0.00718	0.00783	0.00572	0.00529	0.00826	0.00761	0.01080	0.01354	0.02214	0.01346	0.23054	0.61814	0.00703	0.01095	0.00565	0.00268	0.00399
19	0.01071	0.00900	0.01040	0.00749	0.01176	0.00713	0.00601	0.07277	0.01105	0.01695	0.00885	0.01017	0.00726	0.00376	0.00369	0.00078	0.00373	0.00299	0.00303	0.79247
20	0.00987	0.00833	0.00948	0.00866	0.01055	0.00942	0.00671	0.01808	0.43155	0.01858	0.23790	0.06325	0.06113	0.00836	0.00618	0.00167	0.07233	0.00693	0.00476	0.00625
21	0.01259	0.01275	0.01874	0.06337	0.67203	0.10593	0.01416	0.01529	0.01129	0.01521	0.00890	0.01165	0.00745	0.00442	0.00475	0.00142	0.00614	0.00418	0.00240	0.00733
22	0.01520	0.07818	0.01427	0.01177	0.06278	0.14611	0.00891	0.27636	0.27358	0.02122	0.01300	0.01297	0.00986	0.00565	0.00462	0.00143	0.00537	0.00434	0.00406	0.03032

[dist]
# distance from previous block
# <min> <max>
0	1

[block]
# block no. 2 follows, 52 sequences, length 21
# corresponding to MSA columns:
# 42-62
name=unknown_C
#
# <colnr> <probs for GDERKNQSTAVLIFYWHMCP>
#	G	D	E	R	K	N	Q	S	T	A	V	L	I	F	Y	W	H	M	C	P
0	0.00981	0.11938	0.01078	0.00809	0.01006	0.00948	0.00640	0.03950	0.23409	0.03942	0.07020	0.22489	0.13173	0.00951	0.00580	0.00165	0.05127	0.00793	0.00426	0.00573
1	0.01218	0.00800	0.00958	0.00797	0.01050	0.00787	0.00624	0.15353	0.03776	0.15029	0.01766	0.04774	0.09529	0.10341	0.14062	0.00280	0.02022	0.00560	0.00401	0.15873
2	0.01542	0.19530	0.01541	0.01070	0.01367	0.38580	0.00858	0.02024	0.23059	0.04221	0.01117	0.01142	0.00884	0.00529	0.00427	0.00132	0.00643	0.00373	0.00321	0.00642
3	0.00795	0.00679	0.00794	0.00723	0.00817	0.02390	0.00530	0.00880	0.00876	0.01175	0.02188	0.08080	0.21371	0.28684	0.01407	0.00269	0.17811	0.00718	0.00325	0.09491
4	0.01282	0.55882	0.21100	0.00989	0.01464	0.06655	0.01062	0.01534	0.01033	0.04049	0.00769	0.00873	0.00641	0.00437	0.00361	0.00119	0.00584	0.00294	0.00223	0.00648
5	0.02683	0.32944	0.13621	0.01211	0.08194	0.17597	0.04766	0.03638	0.01123	0.01394	0.00847	0.00997	0.00698	0.00458	0.00393	0.00124	0.00612	0.00336	0.07738	0.00627
6	0.16953	0.01187	0.01203	0.00959	0.01301	0.05869	0.00783	0.41866	0.01751	0.15523	0.06876	0.01338	0.01093	0.00586	0.00456	0.00146	0.00483	0.00438	0.00461	0.00729
7	0.01244	0.08268	0.02792	0.13743	0.05428	0.07330	0.06374	0.08910	0.09584	0.09820	0.18277	0.01849	0.03045	0.00633	0.00493	0.00148	0.00502	0.00541	0.00388	0.00631
8	0.00659	0.00494	0.00611	0.00581	0.00707	0.00446	0.00436	0.00862	0.01308	0.01793	0.61931	0.03868	0.22426	0.01047	0.00572	0.00155	0.00233	0.00911	0.00514	0.00446
9	0.00849	0.00631	0.00761	0.00699	0.00851	0.00627	0.00530	0.10767	0.06309	0.01984	0.53184	0.11647	0.07289	0.00985	0.00561	0.00158	0.00283	0.00860	0.00512	0.00514
10	0.01715	0.02156	0.01382	0.09813	0.01694	0.72524	0.00980	0.01861	0.01330	0.01192	0.00761	0.00918	0.00627	0.00498	0.00442	0.00129	0.00850	0.00325	0.00246	0.00559
11	0.01008	0.00584	0.00598	0.00560	0.00711	0.00613	0.00429	0.07242	0.09412	0.01926	0.01590	0.01757	0.01235	0.00576	0.00366	0.00121	0.00266	0.00461	0.70030	0.00514
12	0.01003	0.00548	0.00558	0.00522	0.00664	0.00563	0.00401	0.09337	0.01150	0.01939	0.01536	0.01738	0.01198	0.00566	0.00354	0.00116	0.00259	0.00450	0.76604	0.00491
13	0.00762	0.00512	0.00671	0.00632	0.00758	0.00476	0.00476	0.00972	0.01299	0.06401	0.62390	0.07296	0.08204	0.01173	0.05626	0.00194	0.00310	0.00864	0.00512	0.00471
14	0.01199	0.01151	0.01967	0.02974	0.79946	0.01151	0.01487	0.01487	0.01103	0.01583	0.00912	0.01199	0.00768	0.00432	0.00480	0.00144	0.00576	0.00432	0.00240	0.00768
15	0.01005	0.00861	0.01005	0.00718	0.01148	0.00646	0.00574	0.01220	0.01005	0.01579	0.00861	0.01005	0.00718	0.00359	0.00359	0.00072	0.00359	0.00287	0.00287	0.85932
16	0.00687	0.00755	0.09510	0.00688	0.00858	0.00593	0.00588	0.00838	0.00995	0.01283	0.06329	0.11687	0.41099	0.13704	0.00946	0.00217	0.07527	0.00878	0.00381	0.00437
17	0.01783	0.01841	0.01322	0.01152	0.01439	0.50157	0.00887	0.13341	0.11058	0.10741	0.01095	0.01121	0.00826	0.00543	0.00457	0.00136	0.00710	0.00380	0.00355	0.00656
18	0.01148	0.01273	0.02666	0.02142	0.13704	0.01227	0.63485	0.01525	0.01119	0.01539	0.00954	0.01280	0.00735	0.00432	0.00606	0.00163	0.04550	0.00545	0.00243	0.00664
19	0.01049	0.01967	0.45515	0.01679	0.02293	0.01170	0.36192	0.01543	0.01077	0.01543	0.00920	0.01151	0.00669	0.00437	0.00511	0.00158	0.00762	0.00454	0.00223	0.00688
20	0.00775	0.00523	0.00633	0.00589	0.00744	0.00462	0.00447	0.00962	0.01276	0.08596	0.45610	0.03827	0.31666	0.01043	0.00565	0.00156	0.00251	0.00896	0.00509	0.00472

[dist]
# distance from previous block
# <min> <max>
0	2

[block]
# block no. 3 follows, 52 sequences, length 29
# corresponding to MSA columns:
# 65-93
name=unknown_D
#
# <colnr> <probs for GDERKNQSTAVLIFYWHMCP>
#	G	D	E	R	K	N	Q	S	T	A	V	L	I	F	Y	W	H	M	C	P
0	0.01199	0.01151	0.01967	0.02974	0.79946	0.01151	0.01487	0.01487	0.01103	0.01583	0.00912	0.01199	0.00768	0.00432	0.00480	0.00144	0.00576	0.00432	0.00240	0.00768
1	0.00653	0.00494	0.00603	0.00576	0.00704	0.00443	0.00432	0.00852	0.01295	0.01761	0.58190	0.03920	0.26187	0.01059	0.00572	0.00156	0.00233	0.00918	0.00509	0.00443
2	0.01336	0.79457	0.02474	0.00831	0.01243	0.01862	0.00824	0.01493	0.01003	0.04792	0.00731	0.00818	0.00649	0.00423	0.00319	0.00106	0.00513	0.00270	0.00225	0.00631
3	0.00701	0.00484	0.00602	0.00602	0.00628	0.00510	0.00385	0.00752	0.00727	0.00994	0.01460	0.02798	0.01600	0.59628	0.25587	0.00561	0.00713	0.00650	0.00284	0.00335
4	0.30100	0.00996	0.04116	0.04794	0.10114	0.00972	0.00818	0.05139	0.04169	0.32334	0.01268	0.01255	0.00872	0.00522	0.00423	0.00150	0.00445	0.00398	0.00417	0.00698
5	0.00595	0.00430	0.00563	0.00661	0.00702	0.00398	0.00446	0.00690	0.00963	0.01282	0.07305	0.73837	0.07391	0.01472	0.00613	0.00192	0.00276	0.01329	0.00455	0.00398
6	0.01450	0.39898	0.13408	0.01073	0.01467	0.32708	0.01011	0.01652	0.01142	0.01215	0.00732	0.00851	0.00622	0.00454	0.00382	0.00119	0.00686	0.00294	0.00223	0.00612
7	0.01098	0.00914	0.00967	0.00875	0.01127	0.01013	0.00682	0.04985	0.55354	0.03515	0.02617	0.02499	0.19187	0.00796	0.00514	0.00164	0.00360	0.02166	0.00484	0.00683
8	0.01497	0.10074	0.34154	0.01267	0.08810	0.01048	0.01241	0.01845	0.01169	0.32320	0.01261	0.01259	0.00858	0.00508	0.00457	0.00146	0.00564	0.00405	0.00363	0.00754
9	0.01842	0.01357	0.01454	0.01115	0.01503	0.01503	0.00921	0.78330	0.02278	0.03054	0.01163	0.01163	0.00824	0.00582	0.00485	0.00145	0.00533	0.00436	0.00485	0.00824
10	0.03768	0.01114	0.01563	0.24409	0.23667	0.07812	0.06381	0.04931	0.07115	0.07190	0.01152	0.02853	0.02341	0.00520	0.00481	0.00150	0.00585	0.00463	0.00301	0.03203
11	0.01335	0.01502	0.01233	0.04820	0.01320	0.37450	0.00855	0.02793	0.01059	0.01165	0.00892	0.01427	0.00868	0.17730	0.01177	0.00222	0.22967	0.00432	0.00251	0.00501
12	0.00694	0.00512	0.00743	0.00743	0.00817	0.00586	0.00561	0.00842	0.00768	0.01099	0.01331	0.02084	0.01290	0.14924	0.69867	0.00735	0.01180	0.00546	0.00264	0.00413
13	0.01296	0.83261	0.02539	0.00829	0.01244	0.01917	0.00829	0.01451	0.00985	0.01140	0.00674	0.00777	0.00622	0.00415	0.00311	0.00104	0.00518	0.00259	0.00207	0.00622
14	0.01484	0.01078	0.08661	0.30973	0.02201	0.01002	0.05938	0.09148	0.02609	0.30055	0.01298	0.01394	0.00880	0.00532	0.00489	0.00155	0.00563	0.00456	0.00386	0.00697
15	0.00705	0.00470	0.00529	0.00529	0.00529	0.00470	0.00294	0.00705	0.00705	0.00940	0.01527	0.03171	0.01762	0.82969	0.02467	0.00470	0.00470	0.00705	0.00294	0.00294
16	0.01173	0.01125	0.01920	0.10202	0.72922	0.01145	0.01474	0.01464	0.01091	0.01552	0.00907	0.01208	0.00756	0.00437	0.00480	0.00146	0.00582	0.00432	0.00238	0.00747
17	0.83847	0.00934	0.00725	0.00644	0.00946	0.01076	0.00530	0.01453	0.00842	0.04534	0.00712	0.00813	0.00545	0.00454	0.00306	0.00150	0.00376	0.00269	0.00309	0.00534
18	0.01079	0.02299	0.68600	0.01439	0.06594	0.01128	0.01684	0.05346	0.01105	0.04957	0.00931	0.01067	0.00658	0.00471	0.00464	0.00152	0.00686	0.00372	0.00237	0.00729
19	0.01067	0.01135	0.02339	0.01831	0.06717	0.01079	0.56363	0.01447	0.02968	0.01534	0.01322	0.05943	0.01186	0.00611	0.00582	0.00173	0.00710	0.12083	0.00291	0.00619
20	0.00664	0.00459	0.00547	0.00588	0.00610	0.00445	0.00367	0.00706	0.00814	0.01075	0.02118	0.29049	0.06451	0.49163	0.01699	0.00356	0.00396	0.03800	0.00358	0.00338
21	0.02174	0.00825	0.01125	0.00862	0.01237	0.00712	0.00712	0.02362	0.01387	0.80282	0.01912	0.01649	0.01200	0.00600	0.00487	0.00150	0.00412	0.00487	0.00600	0.00825
22	0.00715	0.00668	0.05464	0.00931	0.08149	0.00553	0.02930	0.00907	0.01118	0.01535	0.27886	0.34917	0.10104	0.01123	0.00576	0.00171	0.00329	0.01010	0.00438	0.00477
23	0.09719	0.00836	0.01056	0.00838	0.01182	0.00777	0.00685	0.02211	0.08499	0.61312	0.06362	0.01700	0.01361	0.00614	0.00476	0.00151	0.00395	0.00495	0.00559	0.00770
24	0.02147	0.00869	0.01152	0.00883	0.01259	0.00777	0.00729	0.08607	0.01460	0.73933	0.01850	0.01609	0.01169	0.00598	0.00487	0.00150	0.00422	0.00483	0.00590	0.00825
25	0.01296	0.83261	0.02539	0.00829	0.01244	0.01917	0.00829	0.01451	0.00985	0.01140	0.00674	0.00777	0.00622	0.00415	0.00311	0.00104	0.00518	0.00259	0.00207	0.00622
26	0.86392	0.00937	0.00712	0.00637	0.00937	0.01087	0.00525	0.01425	0.00825	0.02174	0.00675	0.00787	0.00525	0.00450	0.00300	0.00150	0.00375	0.00262	0.00300	0.00525
27	0.01282	0.01278	0.01861	0.05697	0.65211	0.10128	0.01398	0.04492	0.01174	0.01582	0.00901	0.01165	0.00749	0.00447	0.00475	0.00143	0.00610	0.00418	0.00249	0.00738
28	0.01428	0.06540	0.03944	0.06030	0.04667	0.30867	0.11318	0.09650	0.05747	0.01522	0.00966	0.01193	0.00787	0.03645	0.00605	0.00155	0.05752	0.00411	0.04162	0.00611

[dist]
# distance from previous block
# <min> <max>
0	8

[block]
# block no. 4 follows, 52 sequences, length 26
# corresponding to MSA columns:
# 102-127
name=unknown_E
#
# <colnr> <probs for GDERKNQSTAVLIFYWHMCP>
#	G	D	E	R	K	N	Q	S	T	A	V	L	I	F	Y	W	H	M	C	P
0	0.01415	0.31948	0.01904	0.01425	0.20885	0.06030	0.00981	0.13762	0.03704	0.07286	0.01110	0.01197	0.03797	0.00501	0.00417	0.00128	0.00530	0.00389	0.00310	0.02279
1	0.20661	0.01051	0.01584	0.14520	0.48485	0.01116	0.01230	0.01452	0.01025	0.03273	0.00870	0.01129	0.00702	0.00447	0.00439	0.00148	0.00537	0.00394	0.00257	0.00678
2	0.21715	0.01528	0.01395	0.01155	0.01471	0.30621	0.12199	0.09747	0.05340	0.06388	0.02205	0.01157	0.00812	0.00518	0.00441	0.00144	0.00642	0.01579	0.00326	0.00617
3	0.01106	0.24658	0.38880	0.01397	0.01972	0.01371	0.21123	0.01516	0.01043	0.01429	0.00844	0.01028	0.00647	0.00434	0.00447	0.00142	0.00687	0.00385	0.00216	0.00674
4	0.00948	0.00883	0.01459	0.47327	0.21257	0.01026	0.01243	0.01218	0.00983	0.01317	0.01104	0.12197	0.01019	0.00632	0.00565	0.00165	0.05274	0.00558	0.00253	0.00573
5	0.00953	0.00804	0.00940	0.00730	0.01085	0.00646	0.00568	0.01231	0.06666	0.01557	0.01233	0.14194	0.01173	0.00567	0.00410	0.00099	0.00348	0.00481	0.00328	0.65986
6	0.01424	0.01149	0.01219	0.01030	0.01343	0.01307	0.00820	0.28531	0.52760	0.02379	0.01695	0.01587	0.01255	0.00632	0.00490	0.00158	0.00435	0.00510	0.00490	0.00787
7	0.00701	0.00484	0.00600	0.00600	0.00625	0.00509	0.00383	0.00751	0.00726	0.00993	0.01462	0.02810	0.01605	0.60333	0.24888	0.00558	0.00706	0.00652	0.00284	0.00333
8	0.01249	0.01138	0.06168	0.21020	0.35052	0.01111	0.01273	0.10537	0.01212	0.07383	0.00991	0.01223	0.00762	0.00479	0.00493	0.00145	0.02136	0.00421	0.00290	0.06916
9	0.01427	0.01136	0.01441	0.35188	0.02269	0.01312	0.01095	0.42967	0.04569	0.02249	0.01066	0.01242	0.00773	0.00543	0.00485	0.00153	0.00575	0.00438	0.00371	0.00701
10	0.86392	0.00937	0.00712	0.00637	0.00937	0.01087	0.00525	0.01425	0.00825	0.02174	0.00675	0.00787	0.00525	0.00450	0.00300	0.00150	0.00375	0.00262	0.00300	0.00525
11	0.00891	0.00777	0.00908	0.14976	0.01372	0.00848	0.00703	0.01554	0.32435	0.01607	0.05527	0.02888	0.31866	0.00860	0.00525	0.00163	0.00371	0.00723	0.00429	0.00577
12	0.00777	0.00555	0.00775	0.00880	0.00991	0.00553	0.00766	0.01000	0.01127	0.01472	0.06040	0.05383	0.02869	0.01323	0.00665	0.00220	0.00436	0.73270	0.00450	0.00447
13	0.01296	0.83261	0.02539	0.00829	0.01244	0.01917	0.00829	0.01451	0.00985	0.01140	0.00674	0.00777	0.00622	0.00415	0.00311	0.00104	0.00518	0.00259	0.00207	0.00622
14	0.01189	0.01145	0.01932	0.02851	0.74229	0.01176	0.01456	0.01464	0.01077	0.01553	0.00892	0.01189	0.00758	0.00462	0.00560	0.00149	0.06499	0.00431	0.00238	0.00750
15	0.01196	0.01176	0.02393	0.01750	0.02178	0.01112	0.58939	0.05399	0.01228	0.06967	0.05705	0.01759	0.01142	0.00531	0.00569	0.00165	0.00714	0.06118	0.00312	0.00647
16	0.01861	0.01072	0.01247	0.00984	0.01344	0.01112	0.00804	0.31802	0.16545	0.35474	0.01634	0.01492	0.01108	0.00604	0.00487	0.00151	0.00454	0.00479	0.00535	0.00813
17	0.00705	0.00470	0.00529	0.00529	0.00529	0.00470	0.00294	0.00705	0.00705	0.00940	0.01527	0.03171	0.01762	0.82969	0.02467	0.00470	0.00470	0.00705	0.00294	0.00294
18	0.00830	0.00663	0.00767	0.00755	0.00901	0.00696	0.00558	0.01405	0.28442	0.01705	0.22839	0.28324	0.08067	0.01058	0.00559	0.00172	0.00301	0.00931	0.00487	0.00542
19	0.01842	0.01357	0.01454	0.01115	0.01503	0.01503	0.00921	0.78330	0.02278	0.03054	0.01163	0.01163	0.00824	0.00582	0.00485	0.00145	0.00533	0.00436	0.00485	0.00824
20	0.01601	0.01199	0.01290	0.01049	0.01389	0.01338	0.00847	0.43269	0.33550	0.06869	0.01534	0.01453	0.01112	0.00614	0.00488	0.00153	0.00466	0.00485	0.00494	0.00801
21	0.00992	0.00914	0.01491	0.31985	0.33576	0.00997	0.01218	0.01317	0.04785	0.01455	0.05692	0.11015	0.01263	0.00623	0.00504	0.00158	0.00538	0.00574	0.00285	0.00620
22	0.01451	0.01151	0.01206	0.00936	0.01304	0.06454	0.00752	0.36255	0.01616	0.05021	0.01160	0.07025	0.00958	0.00562	0.00445	0.00121	0.00469	0.00443	0.00397	0.32274
23	0.00661	0.06065	0.00695	0.00628	0.00739	0.00523	0.00466	0.00782	0.01033	0.01321	0.10480	0.34681	0.27936	0.05390	0.00675	0.00191	0.00302	0.06578	0.00433	0.00419
24	0.01183	0.20468	0.27368	0.01234	0.01710	0.06743	0.11222	0.01804	0.20500	0.01546	0.01106	0.01189	0.00848	0.00495	0.00447	0.00144	0.00612	0.00407	0.00285	0.00689
25	0.01378	0.57125	0.02192	0.06475	0.04346	0.18965	0.00912	0.01543	0.01072	0.01173	0.00711	0.00849	0.00629	0.00438	0.00356	0.00114	0.00606	0.00289	0.00218	0.00609

[dist]
# distance from previous block
# <min> <max>
0	1

[block]
# block no. 5 follows, 52 sequences, length 10
# corresponding to MSA columns:
# 129-138
name=unknown_F
#
# <colnr> <probs for GDERKNQSTAVLIFYWHMCP>
#	G	D	E	R	K	N	Q	S	T	A	V	L	I	F	Y	W	H	M	C	P
0	0.14604	0.15767	0.01565	0.01022	0.01395	0.06465	0.07770	0.23345	0.07386	0.07313	0.01044	0.01100	0.00788	0.00498	0.00420	0.00134	0.00519	0.00381	0.00361	0.08122
1	0.01136	0.01145	0.01742	0.35237	0.37725	0.08423	0.04851	0.01429	0.01075	0.01403	0.00879	0.01213	0.00703	0.00459	0.00482	0.00150	0.00643	0.00427	0.00231	0.00649
2	0.00694	0.00514	0.00753	0.00753	0.00831	0.00592	0.00574	0.00849	0.00771	0.01106	0.01322	0.02034	0.01268	0.11788	0.72973	0.00747	0.01213	0.00538	0.00263	0.00418
3	0.00918	0.00548	0.00695	0.00667	0.00826	0.00492	0.00515	0.01090	0.01210	0.15527	0.26900	0.16313	0.21907	0.01101	0.00575	0.00170	0.00298	0.09249	0.00502	0.00499
4	0.00664	0.00488	0.00622	0.00601	0.00714	0.00446	0.00446	0.00868	0.01302	0.01807	0.64197	0.10630	0.13281	0.01064	0.00576	0.00158	0.00235	0.00937	0.00516	0.00446
5	0.63390	0.00807	0.00642	0.00587	0.00837	0.00916	0.00475	0.01345	0.00876	0.02075	0.00919	0.01062	0.00718	0.00481	0.00310	0.00140	0.00335	0.00313	0.23268	0.00505
6	0.00684	0.00526	0.00639	0.00625	0.00760	0.00495	0.00481	0.00930	0.04890	0.01663	0.41812	0.03923	0.27350	0.01226	0.05051	0.00197	0.00320	0.07493	0.00483	0.00455
7	0.00702	0.00509	0.00698	0.00762	0.00842	0.00523	0.00599	0.00857	0.00945	0.01261	0.02254	0.18856	0.06366	0.10246	0.23042	0.00393	0.00642	0.29708	0.00380	0.00415
8	0.01235	0.01087	0.01863	0.01432	0.01795	0.01089	0.35660	0.07217	0.19887	0.08462	0.05475	0.01994	0.01367	0.00622	0.00550	0.00167	0.00591	0.08444	0.00387	0.00676
9	0.01295	0.69314	0.07530	0.01006	0.05688	0.05845	0.00934	0.01483	0.01014	0.01193	0.00704	0.00822	0.00630	0.00423	0.00336	0.00110	0.00552	0.00278	0.00211	0.00633

[dist]
# distance from previous block
# <min> <max>
0	6

[block]
# block no. 6 follows, 52 sequences, length 36
# corresponding to MSA columns:
# 145-180
name=unknown_G
#
# <colnr> <probs for GDERKNQSTAVLIFYWHMCP>
#	G	D	E	R	K	N	Q	S	T	A	V	L	I	F	Y	W	H	M	C	P
0	0.18997	0.01029	0.01566	0.23611	0.42838	0.01118	0.01247	0.01407	0.01009	0.01615	0.00848	0.01138	0.00684	0.00450	0.00443	0.00150	0.00552	0.00396	0.00246	0.00655
1	0.00996	0.02337	0.69476	0.01475	0.02159	0.01140	0.12602	0.01537	0.01040	0.01537	0.00885	0.01063	0.00631	0.00453	0.00476	0.00155	0.00730	0.00388	0.00210	0.00707
2	0.00647	0.00485	0.00603	0.00646	0.00746	0.00446	0.00487	0.00799	0.01107	0.01451	0.21065	0.26037	0.24208	0.03882	0.00664	0.00191	0.00296	0.15358	0.00464	0.00419
3	0.01060	0.01060	0.01484	0.01272	0.01272	0.01484	0.01060	0.01166	0.00742	0.01166	0.00636	0.01060	0.00636	0.00848	0.01590	0.00212	0.82082	0.00424	0.00212	0.00530
4	0.01044	0.00568	0.00743	0.00741	0.00875	0.00531	0.00536	0.01238	0.06178	0.21790	0.02406	0.54782	0.02543	0.02805	0.00612	0.00188	0.00326	0.01079	0.00489	0.00528
5	0.01368	0.01066	0.01157	0.00967	0.01257	0.01184	0.00771	0.33514	0.32414	0.02435	0.16612	0.01891	0.01805	0.00690	0.00505	0.00154	0.00415	0.00565	0.00497	0.00731
6	0.00983	0.00839	0.00982	0.00716	0.01125	0.00633	0.00568	0.01192	0.01001	0.01561	0.00955	0.05243	0.00847	0.00419	0.00372	0.00078	0.00355	0.00344	0.00296	0.81492
7	0.00611	0.00443	0.00576	0.00647	0.00704	0.00409	0.00446	0.00730	0.01040	0.01400	0.20068	0.59438	0.08934	0.01380	0.00605	0.00185	0.00267	0.01240	0.00469	0.00409
8	0.01402	0.01116	0.01591	0.04506	0.30474	0.03175	0.06527	0.07374	0.22543	0.14140	0.01375	0.01436	0.01024	0.00532	0.00491	0.00152	0.00522	0.00479	0.00383	0.00759
9	0.30552	0.01377	0.01142	0.00958	0.01274	0.18106	0.00768	0.30303	0.05490	0.02278	0.00961	0.01023	0.00724	0.00523	0.00409	0.00143	0.00536	0.00357	0.02421	0.00655
10	0.00600	0.00492	0.00511	0.00516	0.00657	0.00424	0.00381	0.00713	0.01056	0.01271	0.04376	0.04524	0.66255	0.11191	0.00808	0.00204	0.00283	0.04911	0.00431	0.00397
11	0.00753	0.00495	0.00645	0.00637	0.00728	0.00467	0.00455	0.00910	0.01145	0.06129	0.42254	0.21686	0.03490	0.12828	0.04962	0.00240	0.00340	0.00928	0.00470	0.00439
12	0.01304	0.01230	0.02426	0.01759	0.02207	0.01175	0.58101	0.10931	0.01296	0.09279	0.01163	0.04725	0.00894	0.00494	0.00555	0.00161	0.00721	0.00581	0.00317	0.00680
13	0.00721	0.00515	0.00712	0.00824	0.00909	0.00506	0.00676	0.00900	0.01056	0.01383	0.02599	0.29872	0.02921	0.01395	0.00653	0.00215	0.00394	0.52873	0.00447	0.00430
14	0.00915	0.00861	0.01453	0.81804	0.03338	0.01077	0.01346	0.01238	0.00969	0.01238	0.00861	0.01292	0.00646	0.00484	0.00484	0.00161	0.00646	0.00431	0.00215	0.00538
15	0.01068	0.01063	0.01843	0.01317	0.01774	0.00908	0.35663	0.01370	0.01068	0.01567	0.00915	0.01142	0.00726	0.00381	0.00455	0.00113	0.00566	0.00416	0.00268	0.47377
16	0.01483	0.01036	0.01134	0.00971	0.01253	0.05116	0.00792	0.27785	0.14492	0.15065	0.07773	0.03715	0.01678	0.00781	0.00527	0.00164	0.00462	0.14588	0.00489	0.00696
17	0.00666	0.00456	0.00553	0.00590	0.00604	0.00451	0.00362	0.00703	0.00783	0.01048	0.01897	0.29656	0.02216	0.51704	0.05868	0.00394	0.00449	0.00920	0.00344	0.00334
18	0.01779	0.01328	0.01368	0.01080	0.01435	0.06920	0.00878	0.61179	0.04593	0.08269	0.01291	0.05367	0.00980	0.00628	0.00489	0.00148	0.00531	0.00483	0.00475	0.00782
19	0.00821	0.00708	0.01025	0.00951	0.01007	0.00912	0.00764	0.00970	0.00766	0.01139	0.01067	0.01610	0.01011	0.02663	0.53358	0.00581	0.29451	0.00486	0.00243	0.00467
20	0.00705	0.00470	0.00529	0.00529	0.00529	0.00470	0.00294	0.00705	0.00705	0.00940	0.01527	0.03171	0.01762	0.82969	0.02467	0.00470	0.00470	0.00705	0.00294	0.00294
21	0.01296	0.83261	0.02539	0.00829	0.01244	0.01917	0.00829	0.01451	0.00985	0.01140	0.00674	0.00777	0.00622	0.00415	0.00311	0.00104	0.00518	0.00259	0.00207	0.00622
22	0.01199	0.01151	0.01967	0.02974	0.79946	0.01151	0.01487	0.01487	0.01103	0.01583	0.00912	0.01199	0.00768	0.00432	0.00480	0.00144	0.00576	0.00432	0.00240	0.00768
23	0.17562	0.09576	0.28216	0.01386	0.01902	0.01247	0.26248	0.05497	0.01086	0.01704	0.00864	0.01054	0.00648	0.00443	0.00453	0.00151	0.00655	0.00404	0.00251	0.00655
24	0.01296	0.83261	0.02539	0.00829	0.01244	0.01917	0.00829	0.01451	0.00985	0.01140	0.00674	0.00777	0.00622	0.00415	0.00311	0.00104	0.00518	0.00259	0.00207	0.00622
25	0.01262	0.01124	0.01855	0.02605	0.64255	0.01130	0.03975	0.01656	0.08936	0.06798	0.01086	0.01294	0.00866	0.00465	0.00485	0.00147	0.00554	0.00452	0.00289	0.00767
26	0.00915	0.00861	0.01453	0.81804	0.03338	0.01077	0.01346	0.01238	0.00969	0.01238	0.00861	0.01292	0.00646	0.00484	0.00484	0.00161	0.00646	0.00431	0.00215	0.00538
27	0.01130	0.01080	0.01295	0.13783	0.19533	0.08743	0.00985	0.01795	0.30840	0.01620	0.01749	0.05552	0.08498	0.00658	0.00497	0.00157	0.00497	0.00564	0.00363	0.00661
28	0.01188	0.01140	0.01946	0.06132	0.76878	0.01148	0.01482	0.01477	0.01098	0.01569	0.00910	0.01203	0.00763	0.00434	0.00480	0.00145	0.00579	0.00432	0.00239	0.00758
29	0.02151	0.00862	0.01148	0.00880	0.01256	0.00768	0.00727	0.07731	0.01450	0.74824	0.01859	0.01615	0.01173	0.00599	0.00487	0.00150	0.00421	0.00484	0.00592	0.00825
30	0.00972	0.02507	0.80458	0.01381	0.02097	0.01125	0.01790	0.01535	0.01023	0.01535	0.00870	0.01023	0.00614	0.00460	0.00460	0.00153	0.00716	0.00358	0.00205	0.00716
31	0.01129	0.01283	0.04421	0.02114	0.13418	0.01185	0.63022	0.01514	0.01128	0.01546	0.01024	0.03978	0.00819	0.00450	0.00558	0.00162	0.00763	0.00574	0.00250	0.00663
32	0.07281	0.01151	0.01842	0.02677	0.68805	0.01172	0.01379	0.06914	0.01167	0.01729	0.00913	0.01168	0.00754	0.00444	0.00467	0.00144	0.00558	0.00420	0.00261	0.00754
33	0.07953	0.06754	0.01223	0.00886	0.01230	0.04101	0.00737	0.02160	0.04408	0.58734	0.01626	0.01471	0.01070	0.00587	0.00517	0.00149	0.04674	0.00447	0.00512	0.00761
34	0.00987	0.14834	0.28362	0.01295	0.01745	0.01112	0.21522	0.01339	0.01058	0.01455	0.06750	0.14777	0.01357	0.00652	0.00500	0.00155	0.00604	0.00604	0.00280	0.00612
35	0.01407	0.07316	0.07321	0.05208	0.01759	0.20511	0.17280	0.06482	0.15347	0.06632	0.01122	0.01235	0.00852	0.00529	0.00537	0.00150	0.04891	0.00439	0.00320	0.00664

[dist]
# distance from previous block
# <min> <max>
0	131

[block]
# block no. 7 follows, 52 sequences, length 15
# corresponding to MSA columns:
# 312-326
name=unknown_H
#
# <colnr> <probs for GDERKNQSTAVLIFYWHMCP>
#	G	D	E	R	K	N	Q	S	T	A	V	L	I	F	Y	W	H	M	C	P
0	0.09249	0.38141	0.16327	0.00922	0.01371	0.01363	0.00946	0.01715	0.01088	0.23134	0.01051	0.01064	0.00771	0.00477	0.00386	0.00130	0.00512	0.00341	0.00324	0.00686
1	0.01219	0.38845	0.38586	0.01088	0.01639	0.01448	0.01266	0.01566	0.01036	0.07980	0.00869	0.00965	0.00667	0.00451	0.00395	0.00131	0.00601	0.00324	0.00239	0.00683
2	0.01137	0.41226	0.39685	0.01099	0.01652	0.01509	0.01286	0.01539	0.04303	0.01366	0.00822	0.00938	0.00654	0.00447	0.00390	0.00130	0.00607	0.00319	0.00218	0.00673
3	0.00996	0.08436	0.74738	0.01341	0.02035	0.01184	0.01720	0.01529	0.01020	0.01506	0.00855	0.01005	0.00614	0.00457	0.00449	0.00150	0.00702	0.00351	0.00205	0.00709
4	0.00931	0.11607	0.48923	0.01100	0.01613	0.01034	0.01304	0.01352	0.01116	0.01601	0.22786	0.01717	0.01717	0.00603	0.00473	0.00147	0.00557	0.00491	0.00296	0.00633
5	0.00744	0.00486	0.00640	0.00702	0.00787	0.00443	0.00500	0.00855	0.00988	0.07275	0.02607	0.63535	0.05732	0.01372	0.00600	0.00189	0.00307	0.07583	0.00454	0.04201
6	0.01177	0.01193	0.02149	0.02115	0.28555	0.01196	0.34237	0.01766	0.19124	0.01672	0.01186	0.01386	0.00918	0.00474	0.00522	0.00157	0.00635	0.00519	0.00301	0.00719
7	0.01144	0.01307	0.02859	0.02042	0.02533	0.01225	0.78186	0.01552	0.01144	0.01552	0.00980	0.01307	0.00735	0.00408	0.00572	0.00163	0.00817	0.00572	0.00245	0.00654
8	0.00680	0.00495	0.00640	0.00604	0.00721	0.00455	0.00453	0.00904	0.01359	0.01913	0.76122	0.03670	0.08160	0.01002	0.00572	0.00153	0.00229	0.00883	0.00529	0.00455
9	0.01205	0.01041	0.01096	0.00986	0.01260	0.01205	0.00767	0.02575	0.79071	0.02027	0.01972	0.01808	0.01479	0.00657	0.00493	0.00164	0.00384	0.00548	0.00493	0.00767
10	0.00686	0.00495	0.00648	0.00610	0.00724	0.00457	0.00457	0.00914	0.01372	0.01943	0.79691	0.03620	0.04572	0.00991	0.00572	0.00152	0.00229	0.00876	0.00533	0.00457
11	0.01175	0.01127	0.01924	0.09605	0.73503	0.01145	0.01475	0.01466	0.01092	0.01554	0.00907	0.01207	0.00757	0.00436	0.00480	0.00145	0.00582	0.00432	0.00238	0.00748
12	0.00705	0.00470	0.00529	0.00529	0.00529	0.00470	0.00294	0.00705	0.00705	0.00940	0.01527	0.03171	0.01762	0.82969	0.02467	0.00470	0.00470	0.00705	0.00294	0.00294
13	0.02149	0.00865	0.01149	0.00881	0.01257	0.00772	0.00728	0.08090	0.01454	0.74459	0.01855	0.01613	0.01171	0.00598	0.00487	0.00150	0.00421	0.00483	0.00591	0.00825
14	0.00949	0.01000	0.06670	0.68188	0.11382	0.01088	0.01390	0.01284	0.00987	0.01294	0.00867	0.01265	0.00657	0.00477	0.00482	0.00159	0.00643	0.00426	0.00217	0.00574

[dist]
# distance from previous block
# <min> <max>
4	11

[block]
# block no. 8 follows, 52 sequences, length 44
# corresponding to MSA columns:
# 338-381
name=unknown_I
#
# <colnr> <probs for GDERKNQSTAVLIFYWHMCP>
#	G	D	E	R	K	N	Q	S	T	A	V	L	I	F	Y	W	H	M	C	P
0	0.01133	0.01073	0.01696	0.28079	0.44630	0.02604	0.01350	0.03061	0.08674	0.01538	0.01001	0.01282	0.00796	0.00475	0.00482	0.00151	0.00584	0.00441	0.00262	0.00691
1	0.01190	0.01269	0.14295	0.06614	0.47565	0.01054	0.01351	0.01544	0.03907	0.08239	0.05099	0.01414	0.01021	0.02713	0.00536	0.00157	0.00561	0.00459	0.00289	0.00723
2	0.01643	0.01178	0.12278	0.01510	0.17180	0.00929	0.11140	0.01927	0.01233	0.41324	0.01442	0.02616	0.00995	0.00540	0.00511	0.00153	0.01733	0.00482	0.00420	0.00766
3	0.00968	0.01302	0.19745	0.50627	0.07178	0.01108	0.09553	0.01353	0.01007	0.01358	0.00879	0.01227	0.00655	0.00468	0.00488	0.00159	0.00676	0.00429	0.00217	0.00604
4	0.03010	0.01693	0.41319	0.23869	0.06558	0.01046	0.01463	0.01508	0.01057	0.09471	0.03814	0.01260	0.00831	0.00499	0.00471	0.00155	0.00633	0.00412	0.00264	0.00667
5	0.26341	0.01075	0.01696	0.14002	0.29605	0.01136	0.16445	0.01444	0.01009	0.01700	0.00848	0.01113	0.00671	0.00440	0.00446	0.00152	0.00575	0.00409	0.00255	0.00638
6	0.18464	0.01172	0.01192	0.00979	0.01312	0.01325	0.00793	0.38725	0.26622	0.02550	0.01326	0.01295	0.00975	0.00580	0.00451	0.00152	0.00454	0.00437	0.00451	0.00746
7	0.00698	0.00498	0.00671	0.00671	0.00720	0.00547	0.00471	0.00796	0.00747	0.01045	0.01397	0.02450	0.01448	0.37801	0.47206	0.00646	0.00941	0.00599	0.00274	0.00373
8	0.01462	0.34528	0.03154	0.01134	0.01468	0.24567	0.08991	0.01665	0.02843	0.06849	0.00844	0.00976	0.00696	0.00499	0.00516	0.00132	0.08455	0.00347	0.00258	0.00618
9	0.10558	0.00976	0.00981	0.00934	0.04219	0.11140	0.00679	0.13928	0.03530	0.01578	0.01175	0.01731	0.01085	0.17899	0.25535	0.00404	0.02332	0.00483	0.00312	0.00522
10	0.00644	0.00463	0.00544	0.00582	0.00631	0.00436	0.00379	0.00710	0.00891	0.01157	0.05139	0.28546	0.18077	0.35509	0.01383	0.00304	0.00357	0.03503	0.00387	0.00359
11	0.01293	0.00886	0.01029	0.00877	0.01127	0.00922	0.00713	0.31853	0.03229	0.09134	0.23528	0.04106	0.06349	0.00860	0.00543	0.00161	0.00403	0.11852	0.00500	0.00636
12	0.01296	0.01261	0.06027	0.02207	0.36139	0.01195	0.24056	0.09601	0.01236	0.06867	0.01009	0.01242	0.00779	0.00472	0.00558	0.00154	0.04409	0.00473	0.00288	0.00730
13	0.00862	0.00767	0.01199	0.36124	0.14315	0.00844	0.01052	0.01117	0.01045	0.01349	0.02015	0.04232	0.16121	0.00809	0.00540	0.00172	0.00512	0.16082	0.00315	0.00528
14	0.13952	0.01412	0.26767	0.00945	0.01360	0.00994	0.00981	0.18765	0.01303	0.01911	0.02102	0.02096	0.24052	0.00713	0.00475	0.00154	0.00484	0.00558	0.00355	0.00621
15	0.01679	0.07255	0.01341	0.01043	0.05190	0.05198	0.05017	0.11183	0.01428	0.38365	0.13695	0.01834	0.01593	0.00637	0.00492	0.00147	0.00462	0.02238	0.00486	0.00717
16	0.01132	0.42536	0.41834	0.01108	0.01674	0.01518	0.01314	0.01493	0.01004	0.01339	0.00773	0.00901	0.00618	0.00438	0.00386	0.00129	0.00618	0.00309	0.00206	0.00669
17	0.00972	0.02507	0.80458	0.01381	0.02097	0.01125	0.01790	0.01535	0.01023	0.01535	0.00870	0.01023	0.00614	0.00460	0.00460	0.00153	0.00716	0.00358	0.00205	0.00716
18	0.01123	0.00895	0.01043	0.00753	0.01178	0.00710	0.00606	0.06758	0.01114	0.05604	0.00935	0.01048	0.00749	0.00387	0.00374	0.00081	0.00374	0.00308	0.00317	0.75644
19	0.00842	0.00421	0.00631	0.00631	0.00631	0.00421	0.00421	0.00631	0.00631	0.00842	0.00842	0.01473	0.00842	0.01684	0.01894	0.85901	0.00421	0.00421	0.00210	0.00210
20	0.00903	0.00452	0.00452	0.00452	0.00565	0.00452	0.00339	0.01129	0.01016	0.01807	0.01581	0.01807	0.01242	0.00565	0.00339	0.00113	0.00226	0.00452	0.85659	0.00452
21	0.00972	0.02507	0.80458	0.01381	0.02097	0.01125	0.01790	0.01535	0.01023	0.01535	0.00870	0.01023	0.00614	0.00460	0.00460	0.00153	0.00716	0.00358	0.00205	0.00716
22	0.01581	0.00999	0.01138	0.00957	0.01274	0.01070	0.00763	0.09346	0.46640	0.27804	0.01879	0.01698	0.01328	0.00632	0.00490	0.00158	0.00407	0.00518	0.00527	0.00791
23	0.00682	0.00487	0.00655	0.00678	0.00725	0.00521	0.00476	0.00781	0.00788	0.01089	0.01645	0.15996	0.01783	0.30823	0.37891	0.00558	0.00815	0.02922	0.00309	0.00378
24	0.00801	0.00431	0.00610	0.00610	0.00635	0.00419	0.00413	0.00641	0.00703	0.00912	0.01456	0.01955	0.12758	0.01615	0.01694	0.72953	0.00394	0.00512	0.00247	0.00240
25	0.01005	0.00979	0.01378	0.01198	0.01211	0.01352	0.00992	0.01121	0.00748	0.01160	0.00736	0.01188	0.00723	0.01269	0.13590	0.00298	0.69883	0.00438	0.00219	0.00515
26	0.01508	0.03973	0.15315	0.01020	0.01462	0.03401	0.00953	0.25197	0.07037	0.15889	0.01210	0.01216	0.00865	0.00515	0.00448	0.00132	0.00507	0.00399	0.00399	0.18554
27	0.01074	0.01039	0.01618	0.41763	0.33248	0.04791	0.01345	0.01405	0.03632	0.01405	0.00968	0.01389	0.00790	0.00498	0.00487	0.00155	0.00614	0.02903	0.00243	0.00634
28	0.17568	0.09956	0.03755	0.01301	0.13139	0.08523	0.06786	0.08443	0.16217	0.03831	0.01282	0.01348	0.04773	0.00539	0.00438	0.00146	0.00520	0.00432	0.00338	0.00665
29	0.01668	0.01274	0.01384	0.01142	0.03905	0.01420	0.00902	0.57599	0.20813	0.02760	0.01351	0.01320	0.00981	0.00595	0.00487	0.00150	0.00498	0.00463	0.00479	0.00809
30	0.01390	0.01003	0.01145	0.00868	0.01257	0.00940	0.00702	0.23453	0.07973	0.11363	0.03436	0.01269	0.00980	0.00494	0.00427	0.00112	0.00413	0.00392	0.00405	0.41977
31	0.01367	0.01079	0.05214	0.01072	0.01407	0.01077	0.08630	0.02317	0.48880	0.18020	0.01897	0.01775	0.03759	0.00628	0.00501	0.00161	0.00446	0.00543	0.00474	0.00754
32	0.02010	0.00865	0.01127	0.00873	0.01228	0.00791	0.00718	0.11832	0.01498	0.64083	0.08222	0.01750	0.01430	0.00630	0.00494	0.00150	0.00412	0.00513	0.00580	0.00794
33	0.00987	0.02403	0.73760	0.01438	0.02135	0.01134	0.08385	0.01536	0.01034	0.01536	0.00879	0.01048	0.00624	0.00456	0.00470	0.00154	0.00725	0.00377	0.00208	0.00711
34	0.00606	0.00457	0.00587	0.00670	0.00717	0.00438	0.00461	0.00697	0.00948	0.01245	0.02935	0.67628	0.14788	0.01448	0.00649	0.00192	0.03407	0.01287	0.00441	0.00401
35	0.00972	0.02507	0.80458	0.01381	0.02097	0.01125	0.01790	0.01535	0.01023	0.01535	0.00870	0.01023	0.00614	0.00460	0.00460	0.00153	0.00716	0.00358	0.00205	0.00716
36	0.00929	0.00876	0.01479	0.77860	0.07171	0.01080	0.01353	0.01251	0.00976	0.01255	0.00864	0.01287	0.00652	0.00482	0.00484	0.00161	0.00642	0.00431	0.00217	0.00550
37	0.01136	0.01277	0.02709	0.04126	0.02463	0.01231	0.70541	0.01563	0.03705	0.01544	0.00997	0.01314	0.00754	0.00436	0.00607	0.00165	0.03971	0.00562	0.00251	0.00649
38	0.01184	0.01136	0.01939	0.07272	0.75770	0.01147	0.01480	0.01474	0.01096	0.01564	0.00909	0.01204	0.00761	0.00435	0.00480	0.00145	0.00580	0.00432	0.00239	0.00755
39	0.00592	0.00435	0.00556	0.00651	0.00702	0.00399	0.00444	0.00685	0.00958	0.01252	0.03007	0.69289	0.14756	0.01471	0.00613	0.00192	0.00279	0.02871	0.00450	0.00397
40	0.00748	0.00536	0.00632	0.00588	0.00673	0.00511	0.00382	0.00815	0.00794	0.01112	0.03723	0.02719	0.03709	0.54843	0.11700	0.00425	0.00538	0.00628	0.01671	0.13254
41	0.11791	0.00829	0.00957	0.00803	0.01076	0.00852	0.00645	0.13452	0.07595	0.28634	0.01573	0.05282	0.01184	0.00939	0.08887	0.00213	0.00482	0.00496	0.13647	0.00665
42	0.16834	0.01043	0.01058	0.00928	0.01218	0.01194	0.00733	0.10482	0.53691	0.03768	0.02893	0.01578	0.01278	0.00616	0.00458	0.00159	0.00396	0.00488	0.00460	0.00725
43	0.12270	0.01541	0.01310	0.01197	0.06520	0.29733	0.00889	0.20010	0.06335	0.10275	0.01044	0.01103	0.00784	0.00545	0.00496	0.00143	0.04388	0.00382	0.00362	0.00672

[dist]
# distance from previous block
# <min> <max>
2	14

[block]
# block no. 9 follows, 52 sequences, length 25
# corresponding to MSA columns:
# 396-420
name=unknown_J
#
# <colnr> <probs for GDERKNQSTAVLIFYWHMCP>
#	G	D	E	R	K	N	Q	S	T	A	V	L	I	F	Y	W	H	M	C	P
0	0.10905	0.17717	0.02875	0.00979	0.01342	0.01262	0.07475	0.17295	0.13727	0.07842	0.01383	0.02896	0.05157	0.00566	0.00436	0.00139	0.00475	0.00452	0.00376	0.06700
1	0.16946	0.01552	0.03696	0.01146	0.01456	0.26578	0.07572	0.20775	0.02958	0.01917	0.03288	0.01090	0.00805	0.00543	0.00522	0.00146	0.06384	0.00387	0.00327	0.01913
2	0.01241	0.00980	0.01563	0.01253	0.01478	0.01074	0.19010	0.07984	0.01121	0.14335	0.01373	0.14689	0.01263	0.00799	0.00864	0.00180	0.25034	0.03277	0.00355	0.02125
3	0.01720	0.00878	0.01080	0.00880	0.01177	0.00859	0.00700	0.20160	0.04875	0.41495	0.01833	0.14373	0.01469	0.05402	0.00620	0.00175	0.00423	0.00630	0.00527	0.00724
4	0.00788	0.00586	0.00704	0.00739	0.00827	0.00600	0.00517	0.07658	0.10960	0.01468	0.02346	0.57990	0.02646	0.08821	0.00761	0.00213	0.00333	0.01129	0.00444	0.00469
5	0.05293	0.01381	0.06973	0.01028	0.01393	0.15560	0.00870	0.19823	0.13542	0.21270	0.01334	0.01293	0.00946	0.00553	0.00460	0.00141	0.00536	0.00420	0.00430	0.06754
6	0.00714	0.00505	0.00622	0.00649	0.00750	0.00469	0.00463	0.04169	0.01126	0.04205	0.17862	0.44420	0.19670	0.01282	0.00589	0.00177	0.00279	0.01134	0.00473	0.00443
7	0.10754	0.15816	0.04831	0.07035	0.09959	0.05663	0.00887	0.06244	0.03803	0.04901	0.00902	0.01041	0.00721	0.00454	0.00420	0.00121	0.02321	0.00340	0.00289	0.23496
8	0.01276	0.00995	0.01077	0.00850	0.01192	0.04594	0.00673	0.15187	0.13520	0.08137	0.08033	0.01512	0.01263	0.03627	0.00514	0.00130	0.00415	0.00438	0.00399	0.36170
9	0.12854	0.02502	0.01433	0.04736	0.05991	0.19109	0.11653	0.06858	0.02460	0.07268	0.07280	0.01370	0.02779	0.00553	0.00518	0.00144	0.04979	0.00443	0.00326	0.06746
10	0.01243	0.34941	0.31403	0.01315	0.11732	0.01412	0.01262	0.01571	0.01051	0.08625	0.00891	0.01004	0.00691	0.00451	0.00405	0.00132	0.00590	0.00339	0.00247	0.00695
11	0.00692	0.00519	0.00779	0.00779	0.00865	0.00606	0.00606	0.00865	0.00779	0.01125	0.01298	0.01904	0.01211	0.03634	0.81049	0.00779	0.01298	0.00519	0.00260	0.00433
12	0.00652	0.00466	0.00602	0.00662	0.00721	0.00441	0.00470	0.00775	0.01022	0.01373	0.18573	0.40691	0.06773	0.13047	0.00879	0.00229	0.00318	0.11462	0.00444	0.00400
13	0.01209	0.22777	0.16885	0.15872	0.12803	0.02429	0.03756	0.01571	0.05326	0.08355	0.00999	0.01168	0.00769	0.00517	0.01554	0.00149	0.00590	0.00388	0.02218	0.00665
14	0.01160	0.05593	0.01480	0.04597	0.35433	0.01013	0.01074	0.01583	0.13390	0.07754	0.05116	0.05496	0.01483	0.00689	0.00512	0.00160	0.00484	0.11948	0.00359	0.00677
15	0.00590	0.00422	0.00562	0.00675	0.00703	0.00394	0.00450	0.00675	0.00928	0.01237	0.02671	0.82653	0.03205	0.01518	0.00619	0.00197	0.00281	0.01378	0.00450	0.00394
16	0.00598	0.00467	0.00547	0.00606	0.00706	0.00415	0.00439	0.00713	0.01029	0.01290	0.03733	0.38618	0.39814	0.01363	0.00601	0.00183	0.00278	0.07743	0.00450	0.00406
