[name]
unknown

[dist]
# distance from previous block
# <min> <max>
12	661

[block]
# block no. 0 follows, 44 sequences, length 22
# corresponding to MSA columns:
# 685-706
name=unknown_A
#
# <colnr> <probs for GDERKNQSTAVLIFYWHMCP>
#	G	D	E	R	K	N	Q	S	T	A	V	L	I	F	Y	W	H	M	C	P
0	0.03173	0.04618	0.03245	0.01225	0.07078	0.09009	0.00926	0.16850	0.07627	0.21228	0.04865	0.04200	0.01361	0.03066	0.04792	0.00209	0.00606	0.00548	0.00478	0.04897
1	0.07645	0.03536	0.05559	0.01418	0.12241	0.07173	0.04647	0.06092	0.09964	0.19184	0.01383	0.01421	0.01011	0.00559	0.00499	0.00151	0.00564	0.00459	0.00422	0.16071
2	0.03964	0.10340	0.01420	0.00985	0.01359	0.04924	0.03294	0.07007	0.14584	0.14936	0.03527	0.01786	0.04321	0.05592	0.00632	0.00167	0.00499	0.00512	0.00441	0.19710
3	0.06951	0.04811	0.05003	0.01264	0.07219	0.04592	0.00976	0.14446	0.27842	0.06554	0.04137	0.01635	0.01298	0.00663	0.00570	0.00168	0.04037	0.00516	0.03130	0.04188
4	0.09942	0.07539	0.13332	0.01232	0.01681	0.09916	0.04388	0.27299	0.09423	0.04538	0.01405	0.01445	0.04242	0.00627	0.00510	0.00164	0.00633	0.00478	0.00415	0.00790
5	0.05035	0.03440	0.09334	0.01108	0.03401	0.01009	0.04197	0.10908	0.08002	0.16707	0.08086	0.16553	0.05219	0.02496	0.00637	0.00188	0.01707	0.00767	0.00487	0.00717
6	0.09885	0.18007	0.01892	0.01462	0.12664	0.07612	0.06969	0.09950	0.02870	0.13447	0.03704	0.01454	0.03041	0.00605	0.00548	0.00159	0.04116	0.00474	0.00383	0.00756
7	0.00947	0.00473	0.00710	0.00710	0.00710	0.00473	0.00473	0.00710	0.00710	0.00947	0.00947	0.01657	0.00947	0.01894	0.02131	0.84138	0.00473	0.00473	0.00237	0.00237
8	0.00968	0.00874	0.01487	0.08696	0.23222	0.00868	0.10018	0.01197	0.01134	0.01546	0.02027	0.41241	0.02228	0.01104	0.00631	0.00196	0.00521	0.01041	0.00387	0.00613
9	0.01599	0.01717	0.11932	0.03046	0.05985	0.17322	0.03278	0.15224	0.19475	0.05806	0.01503	0.01550	0.02993	0.00647	0.00567	0.00168	0.02815	0.00504	0.03085	0.00784
10	0.02037	0.02598	0.01545	0.01404	0.01685	0.78652	0.01053	0.02177	0.01545	0.01334	0.00843	0.00983	0.00702	0.00562	0.00492	0.00140	0.00983	0.00351	0.00281	0.00632
11	0.01381	0.01680	0.15812	0.03760	0.06262	0.08122	0.25324	0.11596	0.05020	0.01956	0.01277	0.01476	0.03057	0.00552	0.00553	0.00164	0.00734	0.00525	0.03988	0.06759
12	0.02072	0.01527	0.01636	0.01254	0.01691	0.01691	0.01036	0.75622	0.02563	0.03436	0.01309	0.01309	0.00927	0.00654	0.00545	0.00164	0.00600	0.00491	0.00545	0.00927
13	0.00788	0.00546	0.00685	0.00685	0.00716	0.00578	0.00443	0.00851	0.00820	0.01124	0.01635	0.03111	0.01784	0.56240	0.27104	0.00640	0.00827	0.00726	0.00318	0.00380
14	0.03774	0.11988	0.12886	0.00986	0.01384	0.05025	0.04184	0.01537	0.05892	0.08222	0.02537	0.04950	0.23743	0.00820	0.00530	0.00159	0.00508	0.00669	0.00398	0.09807
15	0.01044	0.00844	0.01280	0.01242	0.09260	0.00766	0.10049	0.01313	0.03592	0.06320	0.08787	0.24311	0.08907	0.01009	0.00601	0.00175	0.00454	0.04138	0.00440	0.15470
16	0.03640	0.06195	0.14862	0.01519	0.18809	0.03538	0.01106	0.04041	0.01183	0.05759	0.01364	0.01812	0.04295	0.14827	0.00897	0.00214	0.00587	0.00509	0.00324	0.14521
17	0.11875	0.06500	0.06236	0.01153	0.01530	0.13471	0.05182	0.05578	0.09801	0.11342	0.03456	0.01375	0.01042	0.00605	0.00587	0.00157	0.06945	0.00447	0.00386	0.12332
18	0.01236	0.09442	0.06312	0.01256	0.04822	0.08578	0.10785	0.04651	0.09136	0.03965	0.06148	0.08269	0.14564	0.00849	0.00599	0.00172	0.02555	0.03013	0.00403	0.03246
19	0.03346	0.08606	0.07931	0.03418	0.07617	0.07935	0.07527	0.09904	0.07257	0.10966	0.04790	0.01468	0.01118	0.00625	0.00648	0.00164	0.08792	0.00488	0.00383	0.07017
20	0.02967	0.06356	0.03542	0.00907	0.01169	0.05931	0.03796	0.04783	0.04152	0.08743	0.11305	0.13338	0.20155	0.03391	0.00653	0.00187	0.00453	0.04088	0.00469	0.03614
21	0.10585	0.07031	0.12932	0.01491	0.14032	0.05906	0.04766	0.03459	0.09310	0.13749	0.06376	0.01740	0.05031	0.00640	0.00518	0.00166	0.00579	0.00528	0.00402	0.00762

[dist]
# distance from previous block
# <min> <max>
30	80

[block]
# block no. 1 follows, 44 sequences, length 9
# corresponding to MSA columns:
# 792-800
name=unknown_B
#
# <colnr> <probs for GDERKNQSTAVLIFYWHMCP>
#	G	D	E	R	K	N	Q	S	T	A	V	L	I	F	Y	W	H	M	C	P
0	0.06679	0.01128	0.05456	0.07942	0.05116	0.02726	0.04721	0.08506	0.06779	0.01956	0.08643	0.02015	0.09312	0.02628	0.00569	0.00156	0.00503	0.00561	0.00389	0.24215
1	0.08655	0.01222	0.10100	0.06462	0.05443	0.01040	0.06131	0.08938	0.04665	0.21097	0.04144	0.06109	0.02814	0.00724	0.00569	0.01569	0.00548	0.02938	0.00450	0.06383
2	0.03400	0.01099	0.01542	0.13813	0.13274	0.03032	0.07245	0.05731	0.07152	0.04952	0.05413	0.05989	0.01287	0.00613	0.00522	0.00151	0.00553	0.00547	0.00368	0.23319
3	0.04773	0.01033	0.01318	0.07645	0.03177	0.01028	0.04602	0.12379	0.09166	0.10473	0.04952	0.07493	0.05346	0.00718	0.00563	0.00156	0.02730	0.00600	0.00441	0.21406
4	0.01201	0.04190	0.01013	0.00872	0.01075	0.00819	0.00660	0.15780	0.01426	0.09475	0.05118	0.42277	0.02516	0.01193	0.00602	0.00186	0.00398	0.01044	0.04723	0.05432
5	0.01094	0.08479	0.37180	0.01155	0.01653	0.01068	0.01285	0.01583	0.06190	0.05870	0.16554	0.07958	0.06101	0.00791	0.00553	0.00173	0.00570	0.00657	0.00385	0.00703
6	0.01009	0.00878	0.01117	0.16947	0.07585	0.05104	0.00815	0.01140	0.00952	0.01261	0.01329	0.02467	0.01387	0.41950	0.01799	0.00356	0.08001	0.00627	0.00296	0.04980
7	0.01216	0.21249	0.01399	0.00848	0.01130	0.07353	0.00705	0.03457	0.08051	0.06765	0.22112	0.02873	0.19003	0.00890	0.00540	0.00159	0.00441	0.00721	0.00460	0.00628
8	0.26771	0.01311	0.01306	0.01040	0.01434	0.03479	0.00854	0.39965	0.01877	0.10428	0.03401	0.01303	0.00981	0.00616	0.00481	0.00163	0.00528	0.00444	0.00484	0.03135

[dist]
# distance from previous block
# <min> <max>
0	1

[block]
# block no. 2 follows, 44 sequences, length 16
# corresponding to MSA columns:
# 802-817
name=unknown_C
#
# <colnr> <probs for GDERKNQSTAVLIFYWHMCP>
#	G	D	E	R	K	N	Q	S	T	A	V	L	I	F	Y	W	H	M	C	P
0	0.01529	0.05384	0.22626	0.04308	0.14524	0.13897	0.02905	0.10361	0.11185	0.06236	0.01222	0.01334	0.00916	0.00570	0.00523	0.00164	0.00707	0.00457	0.00350	0.00803
1	0.01310	0.24680	0.24285	0.01111	0.01587	0.01321	0.02689	0.01692	0.03954	0.11035	0.15827	0.01843	0.03259	0.00672	0.00533	0.00158	0.02415	0.00530	0.00375	0.00723
2	0.16681	0.13425	0.47075	0.01373	0.05218	0.01388	0.01542	0.01729	0.03756	0.01819	0.00952	0.01102	0.00715	0.00515	0.00463	0.00164	0.00683	0.00378	0.00264	0.00755
3	0.00786	0.00556	0.00734	0.00734	0.00782	0.00604	0.00504	0.00882	0.00834	0.01160	0.01590	0.02862	0.01676	0.42883	0.40313	0.00700	0.00989	0.00690	0.00311	0.00408
4	0.00780	0.00579	0.00849	0.00849	0.00937	0.00667	0.00648	0.00956	0.00868	0.01246	0.01485	0.02279	0.01422	0.11473	0.71378	0.00843	0.01371	0.00604	0.00296	0.00472
5	0.00904	0.00713	0.00835	0.00777	0.00958	0.00721	0.00590	0.01473	0.20538	0.02121	0.49187	0.03701	0.13242	0.01052	0.00621	0.00176	0.00304	0.00913	0.00577	0.00596
6	0.01458	0.81168	0.02857	0.00933	0.01399	0.02157	0.00933	0.01632	0.01108	0.01283	0.00758	0.00875	0.00700	0.00466	0.00350	0.00117	0.00583	0.00292	0.00233	0.00700
7	0.01199	0.01105	0.01833	0.02673	0.57971	0.01095	0.01378	0.01501	0.01302	0.01859	0.17992	0.04488	0.01902	0.00665	0.00568	0.00166	0.00550	0.00631	0.00351	0.00773
8	0.03106	0.13093	0.06186	0.07334	0.18942	0.07238	0.04713	0.22038	0.01582	0.03500	0.02791	0.01402	0.00972	0.04057	0.00610	0.00174	0.00656	0.00474	0.00356	0.00777
9	0.09313	0.01238	0.04450	0.03856	0.16481	0.04033	0.01026	0.15418	0.01484	0.16841	0.01277	0.01379	0.00941	0.00597	0.00543	0.02744	0.00546	0.00448	0.03460	0.13926
10	0.01685	0.03940	0.01301	0.01141	0.01396	0.38954	0.00865	0.05528	0.05333	0.10914	0.03660	0.17626	0.03653	0.00858	0.00550	0.00165	0.00686	0.00678	0.00416	0.00650
11	0.01451	0.01472	0.04078	0.11468	0.34310	0.11216	0.07542	0.10918	0.01422	0.01876	0.01079	0.01421	0.00881	0.00543	0.00539	0.00161	0.00701	0.02328	0.00311	0.06281
12	0.01283	0.01085	0.01525	0.05819	0.03887	0.02465	0.15355	0.19054	0.04231	0.05052	0.05372	0.02889	0.26445	0.00881	0.00604	0.00178	0.00545	0.02190	0.00456	0.00684
13	0.00819	0.00640	0.00919	0.00902	0.00972	0.00761	0.00690	0.00976	0.00878	0.01261	0.01537	0.09200	0.01551	0.11347	0.54873	0.00707	0.10499	0.00679	0.00309	0.00480
14	0.00956	0.00952	0.03879	0.22403	0.04746	0.08798	0.00924	0.01152	0.01110	0.01394	0.02071	0.37329	0.04540	0.06334	0.00755	0.00217	0.00540	0.00990	0.00380	0.00530
15	0.01556	0.01488	0.08418	0.01375	0.06078	0.05561	0.04309	0.18609	0.39428	0.04688	0.01712	0.01668	0.01270	0.00662	0.00549	0.00175	0.00567	0.00547	0.00484	0.00856

[dist]
# distance from previous block
# <min> <max>
0	2

[block]
# block no. 3 follows, 44 sequences, length 17
# corresponding to MSA columns:
# 820-836
name=unknown_D
#
# <colnr> <probs for GDERKNQSTAVLIFYWHMCP>
#	G	D	E	R	K	N	Q	S	T	A	V	L	I	F	Y	W	H	M	C	P
0	0.00767	0.00534	0.00681	0.00701	0.00803	0.00493	0.00517	0.00873	0.01200	0.01589	0.25450	0.16622	0.21636	0.01465	0.00946	0.16183	0.00337	0.08285	0.00483	0.00435
1	0.09671	0.11208	0.22505	0.13928	0.10237	0.03011	0.04835	0.11933	0.04305	0.01950	0.01032	0.01229	0.00784	0.00537	0.00497	0.00165	0.00677	0.00431	0.00307	0.00758
2	0.01403	0.01213	0.01437	0.04776	0.13385	0.01369	0.01031	0.08887	0.55214	0.02265	0.01902	0.01841	0.01437	0.00685	0.00551	0.00179	0.00492	0.00580	0.00496	0.00858
3	0.00663	0.00479	0.00628	0.00746	0.00787	0.00444	0.00500	0.00761	0.01056	0.01397	0.03158	0.75894	0.08097	0.01688	0.00693	0.00219	0.00314	0.01525	0.00506	0.00444
4	0.01359	0.01109	0.01452	0.01372	0.10174	0.01223	0.00994	0.06162	0.13165	0.08421	0.01256	0.01453	0.01012	0.00886	0.05608	0.00213	0.23138	0.00478	0.00372	0.20153
5	0.01191	0.01199	0.05119	0.32564	0.37486	0.01201	0.01516	0.01535	0.01167	0.01628	0.00995	0.01358	0.00797	0.00501	0.00526	0.00161	0.00659	0.00464	0.00263	0.09669
6	0.01008	0.01027	0.08676	0.00870	0.01271	0.00708	0.00747	0.01251	0.01110	0.01673	0.01490	0.21400	0.01511	0.00748	0.00490	0.00126	0.00422	0.00644	0.00360	0.54468
7	0.02023	0.01354	0.09006	0.01130	0.01567	0.04462	0.00992	0.17483	0.15044	0.38328	0.01818	0.01668	0.01226	0.00662	0.00543	0.00170	0.00542	0.00526	0.00566	0.00891
8	0.01074	0.00886	0.01353	0.35197	0.05388	0.01065	0.03757	0.01364	0.01080	0.01618	0.01200	0.01597	0.00953	0.00635	0.00695	0.00172	0.13298	0.00497	0.27584	0.00588
9	0.01224	0.01025	0.01181	0.00852	0.01332	0.00823	0.00685	0.08782	0.01273	0.01942	0.01003	0.01148	0.00819	0.00429	0.00418	0.00089	0.00423	0.00340	0.00345	0.75866
10	0.01089	0.01044	0.01576	0.51632	0.14633	0.04403	0.01363	0.01457	0.04273	0.01494	0.01484	0.04605	0.07382	0.00657	0.00556	0.00179	0.00660	0.00579	0.00293	0.00639
11	0.00779	0.00582	0.00864	0.00864	0.00957	0.00675	0.00667	0.00966	0.00873	0.01257	0.01471	0.02202	0.01389	0.07346	0.75459	0.00861	0.01421	0.00593	0.00294	0.00480
12	0.01202	0.01117	0.01829	0.40087	0.33544	0.01247	0.01516	0.04032	0.04180	0.01662	0.01118	0.01589	0.00908	0.00565	0.00550	0.00176	0.00671	0.02992	0.00285	0.00728
13	0.00943	0.00729	0.00812	0.03253	0.01013	0.02033	0.00597	0.06005	0.10091	0.01852	0.13983	0.16401	0.23246	0.01166	0.01917	0.00191	0.01871	0.00941	0.12396	0.00560
14	0.09440	0.01075	0.01501	0.24518	0.12132	0.02787	0.02825	0.05916	0.05742	0.02734	0.02986	0.01528	0.00996	0.02275	0.05261	0.03715	0.11906	0.00499	0.01514	0.00649
15	0.01037	0.00818	0.01030	0.06920	0.01350	0.00888	0.00837	0.06168	0.17574	0.01787	0.02341	0.15929	0.03405	0.04110	0.04770	0.00257	0.02126	0.25170	0.00470	0.03015
16	0.07853	0.01004	0.01455	0.27965	0.14060	0.01114	0.02309	0.06713	0.06384	0.06559	0.03390	0.06102	0.01226	0.03233	0.06584	0.00239	0.00656	0.00573	0.00357	0.02224

[dist]
# distance from previous block
# <min> <max>
0	1

[block]
# block no. 4 follows, 44 sequences, length 8
# corresponding to MSA columns:
# 838-845
name=unknown_E
#
# <colnr> <probs for GDERKNQSTAVLIFYWHMCP>
#	G	D	E	R	K	N	Q	S	T	A	V	L	I	F	Y	W	H	M	C	P
0	0.00993	0.00667	0.00822	0.00779	0.00964	0.00600	0.00565	0.01224	0.05855	0.09700	0.08037	0.36876	0.08189	0.06915	0.00762	0.00205	0.00362	0.01048	0.00490	0.14946
1	0.03017	0.04427	0.01219	0.21634	0.01792	0.00874	0.04830	0.01264	0.05698	0.04621	0.02027	0.34487	0.02137	0.01146	0.00683	0.04036	0.00501	0.04648	0.00405	0.00556
2	0.37839	0.28907	0.05822	0.00980	0.01390	0.05125	0.06167	0.01630	0.01084	0.01892	0.04288	0.01088	0.00864	0.00520	0.00394	0.00151	0.00552	0.00359	0.00301	0.00648
3	0.09828	0.01032	0.04336	0.07070	0.07390	0.00968	0.02643	0.05774	0.08788	0.09459	0.09952	0.04340	0.03009	0.00765	0.00590	0.03326	0.00484	0.04689	0.00426	0.15130
4	0.14910	0.04244	0.06714	0.12686	0.11590	0.04070	0.06055	0.10181	0.03418	0.03717	0.04046	0.03861	0.02696	0.00661	0.00560	0.00173	0.03124	0.03530	0.00357	0.03410
5	0.11570	0.05273	0.01376	0.10248	0.01576	0.02989	0.05199	0.06568	0.02608	0.06192	0.03737	0.01858	0.02600	0.05908	0.09362	0.02083	0.11693	0.03087	0.02311	0.03761
6	0.13048	0.01332	0.05008	0.06215	0.09168	0.10999	0.07036	0.08821	0.04472	0.05926	0.03172	0.03341	0.01075	0.03122	0.02615	0.05486	0.00637	0.00496	0.00357	0.07673
7	0.09723	0.01086	0.01309	0.16997	0.01792	0.06656	0.03006	0.06291	0.03371	0.05093	0.03394	0.04477	0.01114	0.03324	0.05092	0.04118	0.09438	0.00512	0.00341	0.12866

[dist]
# distance from previous block
# <min> <max>
24	46

[block]
# block no. 5 follows, 44 sequences, length 11
# corresponding to MSA columns:
# 897-907
name=unknown_F
#
# <colnr> <probs for GDERKNQSTAVLIFYWHMCP>
#	G	D	E	R	K	N	Q	S	T	A	V	L	I	F	Y	W	H	M	C	P
0	0.01016	0.00723	0.00891	0.00886	0.04095	0.00724	0.00637	0.03623	0.10593	0.08384	0.13627	0.08090	0.22845	0.06456	0.14592	0.00325	0.00562	0.00863	0.00483	0.00586
1	0.04036	0.10839	0.05468	0.04077	0.01491	0.02575	0.02666	0.14729	0.15173	0.15021	0.01788	0.08904	0.03416	0.06555	0.00696	0.00196	0.00529	0.00625	0.00466	0.00750
2	0.01502	0.10064	0.18765	0.10208	0.16667	0.01314	0.04404	0.10148	0.03029	0.14083	0.01287	0.03946	0.00984	0.00591	0.00527	0.00166	0.00645	0.00501	0.00364	0.00804
3	0.01031	0.00943	0.01550	0.23165	0.18430	0.01003	0.08306	0.01397	0.06592	0.01587	0.01850	0.22977	0.04071	0.00915	0.00606	0.00191	0.00574	0.03809	0.00364	0.00640
4	0.01114	0.01503	0.20812	0.05488	0.05973	0.01161	0.17672	0.01644	0.10096	0.01708	0.01599	0.09537	0.01472	0.00816	0.00695	0.00197	0.06402	0.11067	0.00347	0.00697
5	0.14215	0.05737	0.22641	0.01440	0.08478	0.01174	0.08587	0.03463	0.03549	0.11276	0.03529	0.01967	0.01251	0.00674	0.00534	0.00179	0.00620	0.09578	0.00371	0.00739
6	0.06224	0.05148	0.21511	0.16942	0.07906	0.01265	0.20181	0.01587	0.01160	0.03090	0.01205	0.05538	0.02510	0.00598	0.00584	0.00178	0.02831	0.00555	0.00282	0.00706
7	0.00693	0.00504	0.00648	0.00752	0.00810	0.00470	0.00525	0.00804	0.01075	0.01407	0.03210	0.58864	0.12101	0.06441	0.00822	0.00239	0.00345	0.09352	0.00495	0.00445
8	0.01333	0.01825	0.17534	0.12182	0.07832	0.23310	0.07713	0.01699	0.03861	0.01553	0.01564	0.05029	0.07852	0.00701	0.00556	0.00171	0.00751	0.03550	0.00312	0.00671
9	0.01163	0.07264	0.16616	0.34154	0.11485	0.01335	0.17148	0.01580	0.01161	0.01567	0.00990	0.01346	0.00755	0.00510	0.00546	0.00173	0.00763	0.00489	0.00249	0.00707
10	0.01381	0.00989	0.01242	0.01331	0.13799	0.01029	0.00876	0.19720	0.09978	0.08264	0.02054	0.21794	0.04294	0.00928	0.00569	0.00178	0.00457	0.00802	0.09589	0.00725

[dist]
# distance from previous block
# <min> <max>
0	5

[block]
# block no. 6 follows, 44 sequences, length 22
# corresponding to MSA columns:
# 913-934
name=unknown_G
#
# <colnr> <probs for GDERKNQSTAVLIFYWHMCP>
#	G	D	E	R	K	N	Q	S	T	A	V	L	I	F	Y	W	H	M	C	P
0	0.03456	0.00863	0.01334	0.01095	0.01390	0.00802	0.14565	0.01649	0.05154	0.22810	0.10659	0.15092	0.13171	0.00988	0.00619	0.00187	0.00475	0.04500	0.00518	0.00670
1	0.01312	0.08436	0.14071	0.31278	0.07994	0.13201	0.10990	0.03531	0.01244	0.01552	0.00963	0.01276	0.00743	0.00524	0.00528	0.00167	0.00782	0.00455	0.00259	0.00692
2	0.01544	0.05840	0.23106	0.04220	0.04436	0.11318	0.03927	0.06389	0.07370	0.14292	0.02418	0.01439	0.01009	0.02407	0.00604	0.00170	0.02914	0.00466	0.00372	0.05758
3	0.01307	0.11780	0.12827	0.01119	0.05320	0.07208	0.00974	0.06856	0.02919	0.01801	0.01061	0.01230	0.00856	0.00532	0.00485	0.02384	0.00547	0.00381	0.07979	0.32431
4	0.01402	0.01817	0.24352	0.09229	0.06896	0.06041	0.21841	0.10981	0.01409	0.05771	0.01139	0.01360	0.00834	0.00535	0.00554	0.00171	0.00766	0.00501	0.03633	0.00770
5	0.01357	0.15780	0.07396	0.03065	0.01704	0.03018	0.13283	0.13245	0.12734	0.02035	0.09366	0.01693	0.01431	0.00719	0.02733	0.00177	0.00613	0.00537	0.04140	0.04977
6	0.00843	0.00676	0.04193	0.00773	0.00921	0.00568	0.00597	0.03859	0.01313	0.04912	0.26682	0.36641	0.13263	0.01340	0.00653	0.00194	0.00331	0.01185	0.00532	0.00523
7	0.04644	0.28833	0.18846	0.01389	0.03611	0.03204	0.15359	0.03846	0.01235	0.07675	0.01018	0.01167	0.00786	0.00498	0.00474	0.00148	0.00679	0.00417	0.00296	0.05873
8	0.04569	0.01255	0.01620	0.01822	0.24005	0.06925	0.01173	0.10555	0.01330	0.01882	0.08278	0.01800	0.01352	0.00754	0.00874	0.00183	0.21419	0.05003	0.00347	0.04852
9	0.00947	0.00473	0.00710	0.00710	0.00710	0.00473	0.00473	0.00710	0.00710	0.00947	0.00947	0.01657	0.00947	0.01894	0.02131	0.84138	0.00473	0.00473	0.00237	0.00237
10	0.00665	0.00510	0.00612	0.00686	0.00779	0.00456	0.00481	0.00785	0.01139	0.01454	0.06472	0.48398	0.30822	0.01562	0.00676	0.00207	0.00304	0.03030	0.00509	0.00453
11	0.01229	0.19270	0.49047	0.04785	0.02225	0.01482	0.07876	0.05013	0.01214	0.01696	0.00956	0.01139	0.00716	0.00509	0.00495	0.00162	0.00755	0.00407	0.00249	0.00774
12	0.00714	0.00533	0.00766	0.00824	0.00882	0.00516	0.03697	0.00827	0.01015	0.01365	0.02650	0.62275	0.03110	0.08452	0.09322	0.00316	0.00484	0.01344	0.00459	0.00451
13	0.00959	0.00904	0.01144	0.01028	0.01135	0.04905	0.03457	0.01121	0.01121	0.01514	0.14686	0.11465	0.18917	0.01341	0.06487	0.00251	0.27798	0.00838	0.00395	0.00535
14	0.01261	0.01194	0.05591	0.44270	0.09996	0.01256	0.09223	0.08617	0.04457	0.05220	0.02916	0.01521	0.00939	0.00567	0.00556	0.00177	0.00696	0.00518	0.00318	0.00707
15	0.00712	0.00504	0.00665	0.00753	0.00790	0.00495	0.00510	0.00807	0.00986	0.01324	0.02573	0.53320	0.03013	0.17029	0.10248	0.00358	0.00499	0.04536	0.00447	0.00429
16	0.00964	0.00919	0.01675	0.19038	0.07374	0.00933	0.21409	0.01237	0.01142	0.01520	0.01977	0.32797	0.04650	0.01007	0.00635	0.00197	0.00596	0.00973	0.00367	0.00590
17	0.17135	0.24243	0.14096	0.06746	0.01916	0.06866	0.13729	0.01745	0.01168	0.06336	0.00957	0.01129	0.00741	0.00506	0.00459	0.00156	0.00675	0.00403	0.00290	0.00704
18	0.01216	0.14112	0.10871	0.15584	0.02067	0.05992	0.12829	0.04611	0.02795	0.03139	0.01444	0.13498	0.01373	0.03637	0.00636	0.00189	0.00662	0.04360	0.00331	0.00652
19	0.01731	0.02079	0.01535	0.01366	0.01575	0.52088	0.02531	0.01923	0.04475	0.01360	0.00931	0.01242	0.00827	0.05579	0.00923	0.00189	0.18321	0.00423	0.00286	0.00617
20	0.01040	0.00819	0.01007	0.00828	0.01134	0.00697	0.00638	0.01240	0.01156	0.04889	0.09953	0.20161	0.01965	0.00835	0.00590	0.00137	0.05243	0.00704	0.00406	0.46558
21	0.01055	0.16351	0.05242	0.03818	0.01283	0.01100	0.00846	0.06844	0.04356	0.01610	0.04984	0.05867	0.12502	0.01724	0.20080	0.00351	0.03453	0.07559	0.00376	0.00598

[dist]
# distance from previous block
# <min> <max>
0	1

[block]
# block no. 7 follows, 44 sequences, length 20
# corresponding to MSA columns:
# 936-955
name=unknown_H
#
# <colnr> <probs for GDERKNQSTAVLIFYWHMCP>
#	G	D	E	R	K	N	Q	S	T	A	V	L	I	F	Y	W	H	M	C	P
0	0.01339	0.01289	0.01944	0.13169	0.43477	0.05646	0.01481	0.01608	0.01153	0.03795	0.00969	0.01322	0.00816	0.00611	0.00825	0.00181	0.18868	0.00478	0.00271	0.00756
1	0.01252	0.00683	0.00875	0.00819	0.00967	0.00676	0.00602	0.04903	0.06495	0.16639	0.01921	0.16800	0.01835	0.11124	0.03665	0.20645	0.00472	0.04129	0.04960	0.00536
2	0.01753	0.26856	0.01925	0.01175	0.01553	0.28165	0.00978	0.16197	0.10837	0.01851	0.01079	0.01145	0.00866	0.00567	0.00463	0.00141	0.00700	0.00391	0.00352	0.03006
3	0.01380	0.01206	0.01661	0.47227	0.06385	0.03880	0.01355	0.22346	0.01513	0.01980	0.01050	0.01379	0.00788	0.00596	0.00610	0.00177	0.04948	0.00482	0.00330	0.00709
4	0.00739	0.00565	0.00829	0.00849	0.00934	0.00570	0.04114	0.00883	0.01012	0.01376	0.04434	0.42485	0.06123	0.06619	0.25301	0.00439	0.00712	0.01129	0.00421	0.00467
5	0.01643	0.01077	0.01944	0.11570	0.02154	0.01022	0.27763	0.01950	0.01342	0.31839	0.01718	0.10611	0.01338	0.00698	0.00599	0.00182	0.00645	0.00688	0.00456	0.00762
6	0.01179	0.01225	0.01044	0.01062	0.05200	0.25091	0.00741	0.01373	0.01438	0.01746	0.34893	0.15217	0.05620	0.01011	0.00598	0.00170	0.00516	0.00855	0.00464	0.00557
7	0.01946	0.01122	0.01435	0.01146	0.01446	0.01228	0.00947	0.19526	0.01605	0.36334	0.05140	0.01656	0.01262	0.00765	0.00880	0.00186	0.21492	0.00537	0.00525	0.00820
8	0.01174	0.02341	0.54201	0.02117	0.25947	0.01275	0.01907	0.01710	0.01179	0.01744	0.00993	0.01213	0.00745	0.00508	0.00525	0.00169	0.00756	0.00429	0.00243	0.00824
9	0.05393	0.01209	0.03876	0.29158	0.17814	0.01294	0.16344	0.01603	0.01151	0.06009	0.01036	0.01393	0.00802	0.00569	0.00699	0.00183	0.09972	0.00508	0.00284	0.00705
10	0.01233	0.01908	0.29578	0.02286	0.20683	0.01319	0.31524	0.01722	0.01228	0.01748	0.01040	0.01328	0.00787	0.00487	0.00574	0.00175	0.00813	0.00520	0.00258	0.00791
11	0.00689	0.00501	0.00654	0.00759	0.00820	0.00466	0.00534	0.00811	0.01109	0.01462	0.06774	0.61865	0.11023	0.01627	0.00694	0.00218	0.00328	0.08701	0.00510	0.00454
12	0.01582	0.22182	0.03955	0.03094	0.01526	0.01612	0.01054	0.12868	0.01302	0.14092	0.01082	0.01264	0.00863	0.00793	0.02891	0.00197	0.28113	0.00443	0.00356	0.00731
13	0.03105	0.00818	0.01034	0.01063	0.06750	0.00852	0.02297	0.09977	0.07853	0.01784	0.02837	0.14825	0.21973	0.01676	0.14915	0.00317	0.01968	0.04917	0.00444	0.00596
14	0.00674	0.00519	0.00616	0.00666	0.00773	0.00461	0.00471	0.00812	0.01203	0.01553	0.16020	0.38380	0.32930	0.01483	0.00667	0.00199	0.00291	0.01301	0.00521	0.00461
15	0.01270	0.02616	0.56858	0.01666	0.05678	0.13655	0.07248	0.01798	0.01228	0.01668	0.00968	0.01157	0.00710	0.00519	0.00524	0.00168	0.00835	0.00416	0.00243	0.00775
16	0.01139	0.01039	0.03023	0.38558	0.12304	0.01160	0.01279	0.01742	0.18158	0.03029	0.01542	0.06523	0.01314	0.00723	0.00570	0.00187	0.00606	0.06056	0.00359	0.00690
17	0.06520	0.00934	0.01242	0.00957	0.01375	0.00822	0.00791	0.02605	0.01529	0.74083	0.02082	0.01808	0.01312	0.00666	0.00538	0.00169	0.00462	0.00536	0.00658	0.00911
18	0.00756	0.00588	0.00859	0.17071	0.01430	0.00616	0.00743	0.00919	0.01070	0.01410	0.02575	0.58434	0.02974	0.01452	0.00669	0.00215	0.00415	0.06872	0.00451	0.00481
19	0.02979	0.03130	0.17623	0.20751	0.04056	0.03710	0.11457	0.01578	0.01173	0.08103	0.01546	0.03585	0.08333	0.00687	0.00684	0.00183	0.08852	0.00572	0.00317	0.00682

[dist]
# distance from previous block
# <min> <max>
0	1

[block]
# block no. 8 follows, 44 sequences, length 76
# corresponding to MSA columns:
# 957-1032
name=unknown_I
#
# <colnr> <probs for GDERKNQSTAVLIFYWHMCP>
#	G	D	E	R	K	N	Q	S	T	A	V	L	I	F	Y	W	H	M	C	P
0	0.01205	0.01269	0.08102	0.10789	0.01825	0.02815	0.06957	0.05221	0.01049	0.03408	0.00994	0.01494	0.00886	0.06274	0.07666	0.00285	0.38343	0.00514	0.00279	0.00626
1	0.01094	0.01051	0.01347	0.01202	0.01227	0.05171	0.00956	0.01202	0.00887	0.01280	0.01138	0.08864	0.01216	0.12749	0.08223	0.00327	0.50623	0.00623	0.00283	0.00537
2	0.03275	0.00994	0.01202	0.00916	0.03384	0.00782	0.02343	0.01448	0.02547	0.03266	0.01014	0.01169	0.00830	0.00421	0.00417	0.00091	0.00424	0.00344	0.00332	0.74801
3	0.16557	0.10356	0.01416	0.10517	0.01594	0.03663	0.00881	0.23076	0.01504	0.07475	0.01210	0.01477	0.00964	0.06131	0.06897	0.00240	0.00632	0.00460	0.04252	0.00698
4	0.01821	0.25025	0.01976	0.01297	0.01630	0.51897	0.03281	0.01980	0.01389	0.01331	0.00822	0.00974	0.00706	0.00544	0.00498	0.00138	0.03426	0.00347	0.00266	0.00653
5	0.01196	0.12942	0.55715	0.01570	0.06245	0.01363	0.05686	0.01720	0.01165	0.03287	0.00983	0.01156	0.00726	0.00506	0.00500	0.00162	0.00753	0.00406	0.00248	0.03673
6	0.01305	0.04168	0.16253	0.12044	0.17770	0.03265	0.25019	0.02938	0.01274	0.05541	0.04326	0.01481	0.01001	0.00531	0.00567	0.00172	0.00753	0.00535	0.00299	0.00757
7	0.00663	0.00491	0.00619	0.00717	0.00781	0.00448	0.00488	0.00770	0.01093	0.01425	0.05134	0.64241	0.17877	0.01632	0.00685	0.00213	0.00307	0.01460	0.00508	0.00448
8	0.00709	0.00515	0.00717	0.00807	0.00862	0.00522	0.00578	0.00842	0.01007	0.01368	0.02551	0.53667	0.02930	0.02386	0.23289	0.00413	0.00658	0.05276	0.00444	0.00459
9	0.05817	0.04666	0.07868	0.35195	0.13171	0.01290	0.13588	0.03935	0.01192	0.01679	0.02292	0.01412	0.00849	0.00538	0.00559	0.00174	0.02175	0.00495	0.02419	0.00687
10	0.00755	0.00670	0.04653	0.00938	0.04840	0.00560	0.02298	0.00917	0.01122	0.01527	0.09940	0.55922	0.07414	0.02790	0.00697	0.00211	0.00365	0.01302	0.02581	0.00497
11	0.00779	0.00584	0.00876	0.00876	0.00974	0.00681	0.00681	0.00974	0.00876	0.01266	0.01460	0.02142	0.01363	0.04089	0.78680	0.00876	0.01460	0.00584	0.00292	0.00487
12	0.00950	0.00689	0.00787	0.00768	0.00949	0.00671	0.00571	0.02626	0.15078	0.07380	0.09757	0.25791	0.29344	0.01270	0.00634	0.00192	0.00334	0.01097	0.00536	0.00577
13	0.04249	0.34450	0.28857	0.01171	0.01709	0.03536	0.01285	0.03940	0.01214	0.06181	0.05174	0.01235	0.00986	0.00559	0.00496	0.00150	0.03378	0.00399	0.00293	0.00738
14	0.09064	0.00873	0.00952	0.00847	0.01118	0.00902	0.00663	0.01926	0.27005	0.14385	0.14879	0.03001	0.20335	0.00922	0.00569	0.00178	0.00370	0.00764	0.00550	0.00695
15	0.01348	0.00721	0.00868	0.00758	0.01023	0.00637	0.00597	0.03529	0.02797	0.28622	0.07639	0.07614	0.37707	0.01105	0.00611	0.00181	0.00361	0.02662	0.00573	0.00649
16	0.01488	0.01579	0.05104	0.05140	0.01521	0.27351	0.00929	0.10883	0.10041	0.03381	0.22968	0.02123	0.02147	0.02245	0.00596	0.00169	0.00626	0.00601	0.00439	0.00668
17	0.01788	0.01042	0.01705	0.15552	0.08870	0.01010	0.13079	0.03347	0.01419	0.38645	0.06555	0.01811	0.01350	0.00628	0.00568	0.00173	0.00590	0.00574	0.00489	0.00806
18	0.01310	0.00920	0.01045	0.00931	0.01190	0.00987	0.00724	0.02224	0.40235	0.12163	0.23646	0.02594	0.02602	0.00832	0.00568	0.00175	0.00374	0.00706	0.06026	0.00748
19	0.00883	0.00737	0.01076	0.01016	0.01089	0.00930	0.00810	0.01059	0.00866	0.01277	0.01273	0.01903	0.01200	0.03299	0.59310	0.00716	0.21206	0.00557	0.00279	0.00514
20	0.01221	0.01049	0.01365	0.01000	0.01472	0.00873	0.08262	0.03005	0.08391	0.03909	0.01141	0.01274	0.00908	0.00454	0.00449	0.00105	0.00464	0.00393	0.00354	0.63909
21	0.01838	0.07872	0.05748	0.01118	0.01538	0.01353	0.00961	0.23695	0.23234	0.22299	0.01719	0.01611	0.01214	0.00655	0.00528	0.00166	0.00521	0.00517	0.00534	0.02879
22	0.01581	0.24245	0.01834	0.01108	0.01412	0.08582	0.00930	0.26217	0.01548	0.01978	0.01080	0.01460	0.00961	0.12079	0.00985	0.00211	0.12266	0.00462	0.00356	0.00702
23	0.01209	0.13959	0.47926	0.01571	0.02247	0.01396	0.16117	0.01740	0.02502	0.03160	0.02605	0.01263	0.00841	0.00518	0.00522	0.00167	0.00771	0.00452	0.00262	0.00774
24	0.00772	0.00557	0.00729	0.00686	0.00814	0.00514	0.00514	0.01029	0.01543	0.02186	0.77152	0.04072	0.05144	0.01115	0.00643	0.00171	0.00257	0.00986	0.00600	0.00514
25	0.01724	0.00920	0.01133	0.00971	0.01267	0.00908	0.00760	0.12787	0.12333	0.34212	0.02282	0.24325	0.01980	0.00977	0.00591	0.00185	0.00437	0.00837	0.00590	0.00779
26	0.01528	0.07411	0.11846	0.04501	0.23631	0.11731	0.01268	0.03905	0.07379	0.12619	0.03227	0.04736	0.02570	0.00635	0.00530	0.00164	0.00637	0.00530	0.00373	0.00781
27	0.00898	0.00736	0.01115	0.17050	0.12016	0.00776	0.00950	0.01133	0.02390	0.01497	0.02218	0.31923	0.02429	0.05213	0.00759	0.00227	0.00499	0.17212	0.00411	0.00548
28	0.00681	0.00521	0.00595	0.00639	0.00736	0.00467	0.00438	0.00786	0.01112	0.01407	0.07061	0.31859	0.35682	0.14281	0.01006	0.00252	0.00330	0.01229	0.00482	0.00435
29	0.01182	0.18582	0.38221	0.16791	0.02448	0.01454	0.08269	0.01680	0.03518	0.01588	0.00981	0.01210	0.00743	0.00514	0.00501	0.00164	0.00742	0.00424	0.00248	0.00740
30	0.01272	0.01275	0.07523	0.27927	0.22751	0.01233	0.09152	0.07794	0.03110	0.04279	0.01324	0.01600	0.04670	0.00574	0.00553	0.00171	0.00673	0.00530	0.00315	0.03275
31	0.01122	0.00671	0.00983	0.00959	0.01130	0.00627	0.04843	0.01317	0.01253	0.16540	0.06807	0.33165	0.02947	0.01340	0.00679	0.00215	0.00434	0.23862	0.00530	0.00577
32	0.00659	0.00497	0.00610	0.00700	0.00775	0.00448	0.00480	0.00766	0.01101	0.01415	0.03726	0.58933	0.24692	0.01614	0.00681	0.00211	0.00305	0.01435	0.00506	0.00448
33	0.01544	0.04983	0.18061	0.05368	0.09174	0.03182	0.12531	0.06273	0.06256	0.19223	0.01587	0.01763	0.03837	0.00629	0.00556	0.00173	0.00655	0.03002	0.00403	0.00798
34	0.01226	0.03063	0.01981	0.19416	0.49382	0.01233	0.03725	0.01571	0.03086	0.01666	0.01200	0.07786	0.01071	0.00603	0.00552	0.00171	0.00639	0.00575	0.00290	0.00766
35	0.01582	0.47621	0.02294	0.01115	0.01507	0.22056	0.02975	0.03594	0.05426	0.01435	0.01001	0.01286	0.00898	0.00568	0.00433	0.00137	0.00685	0.04415	0.00287	0.00686
36	0.01233	0.01487	0.16272	0.01028	0.01536	0.07887	0.00965	0.05213	0.01240	0.01794	0.01061	0.04407	0.00897	0.00507	0.00453	0.00114	0.00541	0.00400	0.00320	0.52645
37	0.01066	0.00806	0.00990	0.00920	0.01060	0.00923	0.00690	0.01590	0.22535	0.05345	0.01718	0.02392	0.01557	0.22837	0.26063	0.00498	0.07397	0.00637	0.00392	0.00585
38	0.01612	0.02344	0.27584	0.03432	0.01961	0.33271	0.03929	0.11980	0.01519	0.01809	0.02818	0.01215	0.00858	0.00571	0.00515	0.00158	0.00826	0.00421	0.02449	0.00728
39	0.00761	0.00559	0.00794	0.00801	0.00894	0.00599	0.00601	0.00950	0.01066	0.01509	0.20764	0.14192	0.02666	0.05640	0.44938	0.00590	0.00957	0.00834	0.00402	0.00482
40	0.01327	0.01151	0.01353	0.01160	0.01468	0.03748	0.08128	0.08233	0.45108	0.03934	0.02380	0.08840	0.09058	0.00843	0.00581	0.00184	0.00487	0.00730	0.00512	0.00774
41	0.00664	0.00474	0.00633	0.00759	0.00791	0.00443	0.00506	0.00759	0.01044	0.01392	0.03005	0.80485	0.03606	0.01708	0.00696	0.00221	0.00316	0.01550	0.00506	0.00443
42	0.00947	0.00473	0.00710	0.00710	0.00710	0.00473	0.00473	0.00710	0.00710	0.00947	0.00947	0.01657	0.00947	0.01894	0.02131	0.84138	0.00473	0.00473	0.00237	0.00237
43	0.03006	0.05847	0.08205	0.13464	0.02019	0.05266	0.08217	0.10575	0.31634	0.02070	0.01520	0.01592	0.01142	0.00623	0.00535	0.00173	0.00607	0.00526	0.02198	0.00780
44	0.02364	0.01130	0.01338	0.01041	0.01455	0.06365	0.00853	0.13101	0.01703	0.61796	0.01939	0.01716	0.01244	0.00664	0.00544	0.00166	0.00520	0.00526	0.00629	0.00907
45	0.00826	0.00733	0.01303	0.01158	0.01325	0.00686	0.19945	0.01015	0.01107	0.01484	0.02512	0.59993	0.02885	0.01384	0.00682	0.00212	0.00473	0.01315	0.00446	0.00519
46	0.00644	0.00552	0.00552	0.00552	0.00736	0.00460	0.00414	0.00782	0.01243	0.01473	0.05523	0.05247	0.77218	0.01381	0.00644	0.00184	0.00276	0.01151	0.00506	0.00460
47	0.01037	0.03504	0.01117	0.14788	0.01626	0.00815	0.00991	0.02833	0.01265	0.05845	0.02403	0.04804	0.02485	0.01238	0.00687	0.00228	0.00544	0.52774	0.00458	0.00560
48	0.01676	0.01404	0.01205	0.01052	0.01339	0.23208	0.00816	0.07584	0.17113	0.15819	0.10758	0.02001	0.04275	0.00727	0.00532	0.00160	0.00565	0.00571	0.08471	0.00724
49	0.01354	0.01207	0.01513	0.01750	0.23194	0.01339	0.01095	0.02546	0.54910	0.02137	0.01877	0.01838	0.01435	0.00667	0.00550	0.00178	0.00493	0.00579	0.00473	0.00863
50	0.01287	0.01471	0.03217	0.02298	0.02849	0.01379	0.75460	0.01746	0.01287	0.01746	0.01103	0.01471	0.00827	0.00460	0.00643	0.00184	0.00919	0.00643	0.00276	0.00735
51	0.62872	0.00941	0.00763	0.00694	0.00982	0.01070	0.00560	0.03734	0.01023	0.02358	0.01053	0.03873	0.00863	0.00577	0.00365	0.00162	0.00391	0.00386	0.16754	0.00579
52	0.01862	0.04218	0.01472	0.01172	0.01542	0.12472	0.00940	0.26774	0.27167	0.14109	0.01660	0.01576	0.01201	0.00667	0.00535	0.00167	0.00576	0.00515	0.00520	0.00855
53	0.00879	0.00628	0.00879	0.01004	0.01130	0.00628	0.00879	0.01130	0.01255	0.01632	0.02887	0.06150	0.03138	0.01506	0.00753	0.00251	0.00502	0.73770	0.00502	0.00502
54	0.02446	0.00928	0.01265	0.00970	0.01392	0.00801	0.00801	0.02657	0.01560	0.77817	0.02151	0.01856	0.01350	0.00675	0.00548	0.00169	0.00464	0.00548	0.00675	0.00928
55	0.01103	0.01097	0.02049	0.54678	0.03388	0.01235	0.22657	0.01490	0.01148	0.01516	0.01035	0.01478	0.00779	0.00524	0.00568	0.00180	0.00766	0.00531	0.03140	0.00639
56	0.01075	0.00565	0.00571	0.00550	0.00694	0.00574	0.00417	0.05395	0.01222	0.02110	0.01752	0.01992	0.01371	0.00636	0.00390	0.00129	0.00273	0.00507	0.79245	0.00531
57	0.01337	0.01450	0.01131	0.06405	0.01427	0.28790	0.00813	0.04631	0.12907	0.01619	0.02854	0.02805	0.29860	0.00902	0.00565	0.00168	0.00598	0.00709	0.00416	0.00612
58	0.00927	0.00593	0.00772	0.00707	0.00866	0.00539	0.00537	0.01173	0.01530	0.09437	0.66334	0.03918	0.08393	0.01086	0.00634	0.00172	0.00278	0.00952	0.00603	0.00552
59	0.01200	0.01055	0.01165	0.00847	0.01322	0.03941	0.00676	0.03970	0.01197	0.01816	0.00976	0.01131	0.00807	0.00419	0.00412	0.00086	0.00434	0.00330	0.00329	0.77889
60	0.01712	0.57667	0.02413	0.00983	0.01423	0.08769	0.00917	0.01891	0.01240	0.16954	0.01051	0.01085	0.00833	0.00518	0.00403	0.00129	0.00595	0.00349	0.00328	0.00740
61	0.00772	0.00557	0.00729	0.00686	0.00814	0.00514	0.00514	0.01029	0.01543	0.02186	0.77152	0.04072	0.05144	0.01115	0.00643	0.00171	0.00257	0.00986	0.00600	0.00514
62	0.00715	0.00541	0.00794	0.00862	0.00930	0.00508	0.04691	0.00841	0.01073	0.01429	0.02891	0.70632	0.03417	0.01624	0.00697	0.00221	0.00363	0.06813	0.00493	0.00463
63	0.01113	0.01155	0.05651	0.38597	0.21876	0.01212	0.07220	0.01449	0.01127	0.01530	0.01153	0.08178	0.01014	0.00648	0.00642	0.00183	0.05719	0.00584	0.00274	0.00677
64	0.00670	0.00531	0.00606	0.00661	0.00778	0.00474	0.00467	0.00822	0.02942	0.01455	0.04281	0.39931	0.41410	0.01517	0.00666	0.00201	0.00298	0.01322	0.00507	0.00462
65	0.00780	0.00581	0.00861	0.00861	0.00953	0.00673	0.00662	0.00963	0.00872	0.01254	0.01475	0.02221	0.01397	0.08346	0.74469	0.00857	0.01409	0.00596	0.00294	0.00478
66	0.01287	0.02435	0.60238	0.01559	0.02288	0.01219	0.09702	0.01847	0.01218	0.11435	0.01141	0.01275	0.00789	0.00532	0.00535	0.00173	0.00774	0.00447	0.00292	0.00814
67	0.01242	0.01264	0.03890	0.23985	0.23234	0.07643	0.09537	0.04700	0.02530	0.01619	0.01112	0.01539	0.00919	0.03564	0.10631	0.00272	0.00827	0.00514	0.00284	0.00693
68	0.01613	0.01084	0.01146	0.00930	0.01232	0.01177	0.00751	0.43295	0.01946	0.02826	0.01513	0.01624	0.01132	0.00646	0.00474	0.00148	0.00450	0.00498	0.36772	0.00745
69	0.00949	0.00723	0.00917	0.00981	0.01142	0.00751	0.00825	0.01442	0.16026	0.01762	0.05470	0.07632	0.07046	0.01342	0.00702	0.00231	0.00461	0.50514	0.00516	0.00569
70	0.01159	0.01080	0.01767	0.55072	0.18045	0.01259	0.03353	0.04522	0.05365	0.01610	0.01066	0.01460	0.00816	0.00546	0.00547	0.00177	0.00695	0.00496	0.00278	0.00687
71	0.01506	0.01224	0.01736	0.33457	0.22077	0.05148	0.01367	0.14084	0.01455	0.10928	0.01175	0.01427	0.00869	0.00564	0.00541	0.00170	0.00667	0.00487	0.00354	0.00766
72	0.00809	0.00581	0.00797	0.00919	0.01020	0.00569	0.00757	0.01012	0.01194	0.01558	0.03007	0.27413	0.05707	0.01560	0.00733	0.00240	0.00441	0.50695	0.00503	0.00484
73	0.01010	0.00913	0.01379	0.01167	0.01249	0.01096	0.10418	0.01135	0.00881	0.01266	0.01224	0.02232	0.01280	0.31734	0.09819	0.00407	0.31374	0.00630	0.00284	0.00502
74	0.00970	0.00738	0.01069	0.10928	0.05197	0.00803	0.00875	0.01188	0.01212	0.05542	0.17486	0.20384	0.02856	0.01190	0.00793	0.00209	0.09799	0.17747	0.00456	0.00556
75	0.30934	0.02648	0.01273	0.05066	0.08143	0.03469	0.00869	0.07701	0.01355	0.31453	0.01375	0.01365	0.00946	0.00584	0.00468	0.00166	0.00507	0.00436	0.00469	0.00775

[dist]
# distance from previous block
# <min> <max>
1	15

[block]
# block no. 9 follows, 44 sequences, length 41
# corresponding to MSA columns:
# 1048-1088
name=unknown_J
#
# <colnr> <probs for GDERKNQSTAVLIFYWHMCP>
#	G	D	E	R	K	N	Q	S	T	A	V	L	I	F	Y	W	H	M	C	P
0	0.01331	0.20636	0.07190	0.24117	0.02314	0.07082	0.08768	0.03309	0.04114	0.04094	0.02906	0.01332	0.00898	0.00589	0.00637	0.00168	0.09089	0.00458	0.00288	0.00682
1	0.01715	0.01291	0.01359	0.01133	0.01489	0.03644	0.00905	0.28513	0.38438	0.09488	0.01834	0.01731	0.01337	0.00694	0.00542	0.00172	0.00503	0.00554	0.03786	0.00871
2	0.01458	0.81168	0.02857	0.00933	0.01399	0.02157	0.00933	0.01632	0.01108	0.01283	0.00758	0.00875	0.00700	0.00466	0.00350	0.00117	0.00583	0.00292	0.00233	0.00700
3	0.01237	0.11414	0.34708	0.08604	0.04053	0.03742	0.06122	0.07921	0.01307	0.01808	0.06156	0.02683	0.01085	0.00575	0.00514	0.00160	0.00690	0.00473	0.00300	0.06448
4	0.00814	0.00656	0.00758	0.02659	0.00959	0.00644	0.00562	0.01224	0.14231	0.01789	0.23809	0.17707	0.29666	0.01236	0.00635	0.00187	0.00316	0.01069	0.00534	0.00545
5	0.00880	0.00643	0.00869	0.00976	0.01112	0.00644	0.00844	0.01173	0.04171	0.01645	0.03051	0.05925	0.08423	0.01467	0.00737	0.00244	0.00483	0.65696	0.00504	0.00513
6	0.00690	0.00497	0.00660	0.00781	0.00830	0.00467	0.00548	0.00806	0.01079	0.01425	0.03100	0.67963	0.06761	0.01669	0.00701	0.00223	0.00338	0.10507	0.00506	0.00451
7	0.01320	0.01365	0.04180	0.11207	0.41427	0.03334	0.16782	0.03799	0.01243	0.01727	0.01011	0.01357	0.00822	0.00535	0.00667	0.00175	0.07486	0.00512	0.00273	0.00780
8	0.00671	0.00477	0.00631	0.00750	0.00780	0.00447	0.00497	0.00761	0.01030	0.01374	0.02936	0.76387	0.03519	0.05924	0.00807	0.00238	0.00328	0.01510	0.00497	0.00437
9	0.00792	0.00530	0.00603	0.00603	0.00606	0.00533	0.00341	0.00798	0.00795	0.01063	0.01710	0.03526	0.01964	0.78577	0.05013	0.00539	0.00556	0.00787	0.00329	0.00335
10	0.01327	0.01371	0.01600	0.11639	0.11142	0.15865	0.01192	0.04366	0.01124	0.01461	0.00934	0.01340	0.00829	0.01183	0.11604	0.00287	0.31360	0.00471	0.00270	0.00635
11	0.01969	0.02339	0.01580	0.01529	0.07766	0.63727	0.01087	0.05030	0.04545	0.04073	0.00975	0.01097	0.00784	0.00570	0.00502	0.00146	0.00902	0.00385	0.00314	0.00681
12	0.01002	0.00507	0.00513	0.00518	0.00641	0.00506	0.00386	0.01250	0.01139	0.02007	0.01827	0.05158	0.01485	0.00678	0.00394	0.00131	0.00257	0.00550	0.80546	0.00506
13	0.03636	0.00816	0.01048	0.00879	0.01169	0.00756	0.00696	0.06708	0.02826	0.40214	0.18942	0.13276	0.02475	0.00912	0.00580	0.00175	0.00398	0.00776	0.02968	0.00747
14	0.00797	0.00613	0.00746	0.00817	0.00918	0.00615	0.00585	0.01156	0.14059	0.01570	0.03110	0.54186	0.10512	0.01494	0.00671	0.00214	0.00346	0.06558	0.00514	0.00521
15	0.00792	0.00533	0.00615	0.00615	0.00622	0.00540	0.00356	0.00806	0.00799	0.01072	0.01699	0.03465	0.01937	0.75306	0.08249	0.00554	0.00596	0.00778	0.00328	0.00342
16	0.00762	0.00490	0.00612	0.00706	0.00766	0.00467	0.00491	0.00904	0.01078	0.01564	0.02690	0.57458	0.03028	0.01428	0.00619	0.00199	0.00309	0.04399	0.21568	0.00462
17	0.01030	0.00969	0.01635	0.79530	0.03755	0.01211	0.01514	0.01393	0.01090	0.01393	0.00969	0.01453	0.00727	0.00545	0.00545	0.00182	0.00727	0.00484	0.00242	0.00606
18	0.01287	0.01471	0.03217	0.02298	0.02849	0.01379	0.75460	0.01746	0.01287	0.01746	0.01103	0.01471	0.00827	0.00460	0.00643	0.00184	0.00919	0.00643	0.00276	0.00735
19	0.02112	0.01204	0.01410	0.01111	0.01516	0.01242	0.00914	0.34856	0.09317	0.34514	0.01815	0.01804	0.01265	0.00705	0.00556	0.00171	0.00522	0.03463	0.00599	0.00904
20	0.71807	0.01049	0.00883	0.00764	0.01114	0.01179	0.00629	0.03558	0.01051	0.12421	0.00956	0.01024	0.00699	0.00532	0.00370	0.00169	0.00432	0.00333	0.00387	0.00643
21	0.01134	0.01152	0.01092	0.01111	0.03370	0.19611	0.00797	0.02874	0.01167	0.01418	0.01985	0.42631	0.02249	0.01315	0.02850	0.00219	0.13080	0.01011	0.00398	0.00537
22	0.01180	0.00918	0.00936	0.00880	0.01048	0.09361	0.00673	0.09630	0.05497	0.02904	0.01796	0.06296	0.04969	0.03929	0.17786	0.09153	0.00699	0.04902	0.16892	0.00551
23	0.07896	0.02482	0.43705	0.01403	0.01988	0.24346	0.01530	0.01919	0.01281	0.07152	0.01006	0.01131	0.00734	0.00541	0.00498	0.00162	0.00805	0.00390	0.00286	0.00746
24	0.01103	0.01121	0.02205	0.08554	0.06861	0.01111	0.38993	0.01428	0.01184	0.01603	0.01578	0.17285	0.01543	0.00848	0.00732	0.01976	0.04375	0.06528	0.00333	0.00639
25	0.00835	0.00583	0.00762	0.00840	0.00916	0.00580	0.00658	0.00990	0.01089	0.01432	0.04391	0.09007	0.02808	0.29330	0.01456	0.00345	0.00495	0.42597	0.00445	0.00439
26	0.00776	0.00529	0.00592	0.00596	0.00614	0.00520	0.00344	0.00791	0.00840	0.01105	0.02093	0.06312	0.08590	0.71246	0.02519	0.00488	0.00499	0.00850	0.00352	0.00345
27	0.22489	0.01019	0.01189	0.00937	0.01339	0.00994	0.00773	0.09740	0.01507	0.51933	0.01726	0.01564	0.01122	0.00632	0.00496	0.00168	0.00467	0.00481	0.00579	0.00845
28	0.00738	0.00528	0.00716	0.00831	0.00899	0.00505	0.00623	0.00893	0.01143	0.01519	0.07838	0.52162	0.03560	0.01606	0.00710	0.00227	0.00371	0.24153	0.00511	0.00466
