[name]
unknown

[dist]
# distance from previous block
# <min> <max>
0	504

[block]
# block no. 0 follows, 56 sequences, length 40
# corresponding to MSA columns:
# 504-543
name=unknown_A
#
# <colnr> <probs for GDERKNQSTAVLIFYWHMCP>
#	G	D	E	R	K	N	Q	S	T	A	V	L	I	F	Y	W	H	M	C	P
0	0.01042	0.03711	0.11964	0.01359	0.03429	0.02711	0.30647	0.03744	0.05960	0.05009	0.01531	0.02297	0.04951	0.00668	0.00527	0.00163	0.00591	0.18793	0.00316	0.00588
1	0.00694	0.04361	0.00590	0.00514	0.00532	0.00509	0.00302	0.00701	0.00680	0.00899	0.01409	0.02898	0.01619	0.79960	0.02241	0.00429	0.00447	0.00648	0.00274	0.00293
2	0.00898	0.18428	0.04682	0.00777	0.01014	0.09012	0.05439	0.01096	0.01149	0.01460	0.33591	0.02537	0.16659	0.00761	0.00472	0.00135	0.00393	0.00639	0.00368	0.00490
3	0.05534	0.00786	0.00976	0.00742	0.01097	0.00665	0.00604	0.03236	0.01169	0.41911	0.04953	0.01463	0.03365	0.00514	0.00416	0.00116	0.00361	0.00414	0.00441	0.31238
4	0.01321	0.01018	0.01139	0.01042	0.05530	0.01134	0.00779	0.20034	0.48416	0.07925	0.01664	0.05360	0.01279	0.00629	0.00470	0.00151	0.00403	0.00521	0.00458	0.00727
5	0.00993	0.19576	0.61114	0.01227	0.01836	0.01229	0.05137	0.01438	0.00967	0.01376	0.00790	0.00933	0.00589	0.00425	0.00411	0.00136	0.00643	0.00329	0.00196	0.00657
6	0.01004	0.01004	0.01406	0.01205	0.01205	0.01406	0.01004	0.01105	0.00703	0.01105	0.00603	0.01004	0.00603	0.00804	0.01507	0.00201	0.83025	0.00402	0.00201	0.00502
7	0.01046	0.01118	0.02210	0.01578	0.02027	0.01005	0.56940	0.01381	0.01046	0.01478	0.00897	0.01157	0.00692	0.00374	0.00484	0.00130	0.00651	0.00465	0.00244	0.25078
8	0.01004	0.01004	0.01406	0.01205	0.01205	0.01406	0.01004	0.01105	0.00703	0.01105	0.00603	0.01004	0.00603	0.00804	0.01507	0.00201	0.83025	0.00402	0.00201	0.00502
9	0.00959	0.00929	0.01372	0.65897	0.02800	0.06002	0.03700	0.03532	0.05656	0.01275	0.00980	0.01306	0.02693	0.00488	0.00462	0.00151	0.00603	0.00426	0.00235	0.00532
10	0.00867	0.00816	0.01377	0.82762	0.03162	0.01020	0.01275	0.01173	0.00918	0.01173	0.00816	0.01224	0.00612	0.00459	0.00459	0.00153	0.00612	0.00408	0.00204	0.00510
11	0.00614	0.00435	0.00573	0.00623	0.00655	0.00443	0.00419	0.00692	0.00783	0.01064	0.01898	0.40186	0.02178	0.25889	0.20983	0.00396	0.00554	0.00921	0.00339	0.00354
12	0.01715	0.02188	0.01301	0.01183	0.01419	0.82022	0.00887	0.01833	0.01301	0.01124	0.00710	0.00828	0.00591	0.00473	0.00414	0.00118	0.00828	0.00296	0.00237	0.00532
13	0.00952	0.00816	0.00952	0.00680	0.01088	0.00612	0.00544	0.01156	0.00952	0.01496	0.00816	0.00952	0.00680	0.00340	0.00340	0.00068	0.00340	0.00272	0.00272	0.86672
14	0.00661	0.00473	0.00608	0.00709	0.00747	0.00435	0.00479	0.00721	0.00943	0.01266	0.02593	0.79700	0.03074	0.01478	0.00624	0.00203	0.00305	0.04105	0.00454	0.00423
15	0.01393	0.01496	0.01148	0.01033	0.01284	0.35585	0.00791	0.04966	0.41749	0.01600	0.01416	0.01381	0.03004	0.00570	0.00446	0.00139	0.00563	0.00431	0.00368	0.00637
16	0.87108	0.00888	0.00675	0.00604	0.00888	0.01030	0.00497	0.01350	0.00781	0.02060	0.00639	0.00746	0.00497	0.00426	0.00284	0.00142	0.00355	0.00249	0.00284	0.00497
17	0.01083	0.01199	0.02480	0.01908	0.08248	0.01175	0.64249	0.01470	0.03834	0.01459	0.00930	0.01228	0.00716	0.00431	0.00611	0.00157	0.07443	0.00519	0.00238	0.00622
18	0.00797	0.00399	0.00598	0.00598	0.00598	0.00399	0.00399	0.00598	0.00598	0.00797	0.00797	0.01396	0.00797	0.01595	0.01794	0.86643	0.00399	0.00399	0.00199	0.00199
19	0.00620	0.00468	0.00572	0.00546	0.00667	0.00420	0.00410	0.00808	0.01229	0.01673	0.59495	0.03706	0.25701	0.01001	0.00542	0.00147	0.00221	0.00869	0.00483	0.00420
20	0.00559	0.00400	0.00533	0.00639	0.00666	0.00373	0.00426	0.00639	0.00879	0.01172	0.02530	0.83566	0.03036	0.01438	0.00586	0.00186	0.00266	0.01305	0.00426	0.00373
21	0.00650	0.00469	0.00614	0.00578	0.00686	0.00433	0.00433	0.00866	0.01300	0.01841	0.80760	0.03429	0.04332	0.00939	0.00541	0.00144	0.00217	0.00830	0.00505	0.00433
22	0.01357	0.00911	0.00963	0.00782	0.01036	0.00989	0.00632	0.45234	0.01636	0.02377	0.01275	0.01368	0.00954	0.00544	0.00399	0.00124	0.00378	0.00420	0.37995	0.00627
23	0.00952	0.00816	0.00952	0.00680	0.01088	0.00612	0.00544	0.01156	0.00952	0.01496	0.00816	0.00952	0.00680	0.00340	0.00340	0.00068	0.00340	0.00272	0.00272	0.86672
24	0.01050	0.01022	0.01404	0.01196	0.01219	0.01407	0.00996	0.05918	0.00792	0.01215	0.00633	0.01010	0.00614	0.00788	0.01442	0.00197	0.77957	0.00402	0.00217	0.00519
25	0.00867	0.00816	0.01377	0.82762	0.03162	0.01020	0.01275	0.01173	0.00918	0.01173	0.00816	0.01224	0.00612	0.00459	0.00459	0.00153	0.00612	0.00408	0.00204	0.00510
26	0.00809	0.00612	0.00787	0.00851	0.00982	0.00642	0.00718	0.01230	0.16908	0.01471	0.02324	0.09298	0.02418	0.01149	0.00598	0.00199	0.00401	0.57690	0.00432	0.00481
27	0.00909	0.00971	0.06521	0.05091	0.25912	0.00870	0.21650	0.01166	0.00991	0.01369	0.01422	0.28125	0.01461	0.00744	0.00520	0.00159	0.00525	0.00733	0.00291	0.00571
28	0.00867	0.00816	0.01377	0.82762	0.03162	0.01020	0.01275	0.01173	0.00918	0.01173	0.00816	0.01224	0.00612	0.00459	0.00459	0.00153	0.00612	0.00408	0.00204	0.00510
29	0.00952	0.00816	0.00952	0.00680	0.01088	0.00612	0.00544	0.01156	0.00952	0.01496	0.00816	0.00952	0.00680	0.00340	0.00340	0.00068	0.00340	0.00272	0.00272	0.86672
30	0.00797	0.00399	0.00598	0.00598	0.00598	0.00399	0.00399	0.00598	0.00598	0.00797	0.00797	0.01396	0.00797	0.01595	0.01794	0.86643	0.00399	0.00399	0.00199	0.00199
31	0.01705	0.01226	0.01325	0.01030	0.01386	0.01350	0.00846	0.67172	0.09758	0.07615	0.01221	0.01190	0.00863	0.00559	0.00460	0.00140	0.00484	0.00427	0.00467	0.00775
32	0.87108	0.00888	0.00675	0.00604	0.00888	0.01030	0.00497	0.01350	0.00781	0.02060	0.00639	0.00746	0.00497	0.00426	0.00284	0.00142	0.00355	0.00249	0.00284	0.00497
33	0.01084	0.01238	0.02709	0.01935	0.02399	0.01161	0.79334	0.01471	0.01084	0.01471	0.00929	0.01238	0.00697	0.00387	0.00542	0.00155	0.00774	0.00542	0.00232	0.00619
34	0.01038	0.01753	0.35944	0.01643	0.02190	0.04058	0.43680	0.01477	0.01043	0.01451	0.00877	0.01110	0.00644	0.00411	0.00493	0.00149	0.00736	0.00447	0.00216	0.00641
35	0.00921	0.02375	0.81487	0.01309	0.01987	0.01066	0.01696	0.01454	0.00969	0.01454	0.00824	0.00969	0.00582	0.00436	0.00436	0.00145	0.00678	0.00339	0.00194	0.00678
36	0.01313	0.01019	0.01335	0.03256	0.23588	0.06745	0.02618	0.10391	0.06357	0.15753	0.06126	0.07631	0.01223	0.00611	0.00547	0.00145	0.06688	0.00509	0.00362	0.03782
37	0.01120	0.00822	0.00975	0.00712	0.01104	0.00648	0.00572	0.04393	0.01046	0.11937	0.00991	0.02677	0.00790	0.00400	0.00365	0.00083	0.00352	0.00323	0.00321	0.70371
38	0.01059	0.01297	0.08172	0.01859	0.02328	0.01135	0.71966	0.01449	0.01071	0.01462	0.00961	0.03236	0.00746	0.00416	0.00535	0.00155	0.00755	0.00546	0.00234	0.00617
39	0.01089	0.00972	0.02788	0.08752	0.36377	0.00977	0.02583	0.15870	0.01214	0.01664	0.01401	0.14435	0.06009	0.00648	0.00480	0.00146	0.00481	0.00584	0.00314	0.03218

[dist]
# distance from previous block
# <min> <max>
0	1

[block]
# block no. 1 follows, 56 sequences, length 49
# corresponding to MSA columns:
# 545-593
name=unknown_B
#
# <colnr> <probs for GDERKNQSTAVLIFYWHMCP>
#	G	D	E	R	K	N	Q	S	T	A	V	L	I	F	Y	W	H	M	C	P
0	0.01530	0.18668	0.03172	0.01050	0.01332	0.48508	0.00849	0.09103	0.03168	0.02601	0.00881	0.05439	0.00772	0.00522	0.00406	0.00122	0.00676	0.00361	0.00270	0.00571
1	0.01286	0.33016	0.25039	0.01049	0.01473	0.24683	0.01070	0.01540	0.01066	0.03084	0.02406	0.00906	0.00678	0.00444	0.00379	0.00120	0.00635	0.00304	0.00222	0.00600
2	0.00677	0.00522	0.00766	0.00731	0.00853	0.00474	0.08460	0.00812	0.00992	0.04515	0.09149	0.45949	0.21955	0.01188	0.00562	0.00170	0.00311	0.01072	0.00419	0.00423
3	0.00968	0.00845	0.02876	0.00697	0.01103	0.00620	0.00572	0.01177	0.00959	0.03256	0.00871	0.02534	0.00732	0.00368	0.00350	0.00074	0.00348	0.00297	0.00280	0.81072
4	0.00987	0.15287	0.67288	0.01220	0.01847	0.01192	0.01535	0.03087	0.00989	0.01425	0.00800	0.00935	0.00587	0.00432	0.00414	0.00138	0.00645	0.00326	0.00200	0.00667
5	0.00667	0.00446	0.00506	0.00506	0.00508	0.00448	0.00285	0.00671	0.00669	0.00894	0.01442	0.02979	0.01658	0.82136	0.04051	0.00451	0.00462	0.00664	0.00277	0.00281
6	0.01227	0.84142	0.02406	0.00786	0.01178	0.01817	0.00786	0.01375	0.00933	0.01080	0.00638	0.00736	0.00589	0.00393	0.00295	0.00098	0.00491	0.00245	0.00196	0.00589
7	0.01049	0.00903	0.04732	0.00736	0.01147	0.00674	0.00620	0.03029	0.03785	0.06868	0.00926	0.01024	0.00733	0.00374	0.00360	0.00081	0.00364	0.00300	0.00299	0.71997
8	0.01369	0.01248	0.01184	0.01099	0.05723	0.15843	0.00814	0.13881	0.46910	0.04687	0.01485	0.01423	0.01114	0.00571	0.00455	0.00145	0.00480	0.00454	0.00414	0.00701
9	0.01715	0.02188	0.01301	0.01183	0.01419	0.82022	0.00887	0.01833	0.01301	0.01124	0.00710	0.00828	0.00591	0.00473	0.00414	0.00118	0.00828	0.00296	0.00237	0.00532
10	0.00952	0.00816	0.00952	0.00680	0.01088	0.00612	0.00544	0.01156	0.00952	0.01496	0.00816	0.00952	0.00680	0.00340	0.00340	0.00068	0.00340	0.00272	0.00272	0.86672
11	0.00559	0.00400	0.00533	0.00639	0.00666	0.00373	0.00426	0.00639	0.00879	0.01172	0.02530	0.83566	0.03036	0.01438	0.00586	0.00186	0.00266	0.01305	0.00426	0.00373
12	0.00941	0.00510	0.00519	0.00488	0.00620	0.00523	0.00374	0.08558	0.01077	0.01824	0.01460	0.01653	0.01139	0.00536	0.00334	0.00110	0.00242	0.00427	0.78204	0.00462
13	0.00952	0.00816	0.00952	0.00680	0.01088	0.00612	0.00544	0.01156	0.00952	0.01496	0.00816	0.00952	0.00680	0.00340	0.00340	0.00068	0.00340	0.00272	0.00272	0.86672
14	0.87108	0.00888	0.00675	0.00604	0.00888	0.01030	0.00497	0.01350	0.00781	0.02060	0.00639	0.00746	0.00497	0.00426	0.00284	0.00142	0.00355	0.00249	0.00284	0.00497
15	0.00673	0.00493	0.00633	0.00594	0.00710	0.00466	0.00447	0.00940	0.04982	0.01845	0.77077	0.03349	0.04195	0.00924	0.00538	0.00145	0.00223	0.00816	0.00504	0.00447
16	0.01087	0.00864	0.02614	0.01026	0.09206	0.00896	0.00734	0.01857	0.41338	0.09393	0.18227	0.02180	0.05404	0.00696	0.00487	0.00151	0.00356	0.02383	0.00452	0.00648
17	0.00867	0.00816	0.01377	0.82762	0.03162	0.01020	0.01275	0.01173	0.00918	0.01173	0.00816	0.01224	0.00612	0.00459	0.00459	0.00153	0.00612	0.00408	0.00204	0.00510
18	0.01114	0.00852	0.01068	0.00780	0.01171	0.00695	0.04910	0.06710	0.01086	0.10155	0.01128	0.01206	0.04478	0.00420	0.00382	0.00090	0.00376	0.00350	0.00322	0.62709
19	0.01716	0.02148	0.01304	0.01177	0.01419	0.78405	0.00886	0.05318	0.01339	0.01203	0.00727	0.00840	0.00600	0.00477	0.00416	0.00119	0.00813	0.00301	0.00247	0.00543
20	0.87108	0.00888	0.00675	0.00604	0.00888	0.01030	0.00497	0.01350	0.00781	0.02060	0.00639	0.00746	0.00497	0.00426	0.00284	0.00142	0.00355	0.00249	0.00284	0.00497
21	0.00881	0.00744	0.03344	0.00824	0.04670	0.00711	0.02489	0.04117	0.18447	0.05500	0.14510	0.04957	0.30285	0.00875	0.00534	0.00154	0.02260	0.02439	0.01724	0.00536
22	0.00931	0.01058	0.11451	0.09052	0.35729	0.00894	0.06825	0.01218	0.01061	0.01481	0.13866	0.05189	0.08060	0.00605	0.00486	0.00145	0.00495	0.00560	0.00290	0.00604
23	0.01532	0.01804	0.01217	0.01103	0.01347	0.56175	0.00836	0.02027	0.26507	0.01378	0.01080	0.01111	0.00850	0.00521	0.00431	0.00130	0.00679	0.00367	0.00310	0.00594
24	0.00957	0.02985	0.05399	0.00717	0.01139	0.00667	0.00613	0.01178	0.00952	0.01483	0.00812	0.00948	0.00672	0.00347	0.00344	0.00073	0.00362	0.00275	0.00266	0.79809
25	0.01125	0.09815	0.03461	0.09241	0.05424	0.09147	0.02620	0.02526	0.02358	0.14270	0.06418	0.02200	0.23834	0.00698	0.00479	0.00138	0.01740	0.00569	0.00357	0.03577
26	0.00656	0.00492	0.00738	0.00738	0.00820	0.00574	0.00574	0.00820	0.00738	0.01066	0.01230	0.01804	0.01148	0.03443	0.82046	0.00738	0.01230	0.00492	0.00246	0.00410
27	0.03524	0.04355	0.44020	0.06656	0.12111	0.01083	0.01360	0.01624	0.14116	0.05253	0.01037	0.01145	0.00762	0.00470	0.00437	0.00145	0.00576	0.00383	0.00264	0.00679
28	0.12867	0.02769	0.01283	0.00993	0.01337	0.08517	0.00814	0.57388	0.01842	0.06256	0.01032	0.01046	0.00740	0.00526	0.00430	0.00136	0.00509	0.00381	0.00417	0.00718
29	0.01142	0.00986	0.01038	0.00934	0.01194	0.01142	0.00727	0.02440	0.80172	0.01920	0.01869	0.01713	0.01401	0.00623	0.00467	0.00156	0.00363	0.00519	0.00467	0.00727
30	0.00678	0.00487	0.00628	0.00619	0.00649	0.00535	0.00419	0.00743	0.00695	0.00964	0.01329	0.02475	0.01430	0.50694	0.31494	0.00541	0.04427	0.00591	0.00263	0.00336
31	0.00653	0.00471	0.00618	0.00587	0.00695	0.00437	0.00444	0.00869	0.01291	0.01825	0.78009	0.03491	0.04272	0.00950	0.00545	0.00147	0.00224	0.03537	0.00502	0.00433
32	0.00668	0.00445	0.00501	0.00501	0.00501	0.00445	0.00278	0.00668	0.00668	0.00890	0.01447	0.03004	0.01669	0.83866	0.02337	0.00445	0.00445	0.00668	0.00278	0.00278
33	0.01108	0.14088	0.18324	0.00991	0.01360	0.01230	0.00942	0.02066	0.51157	0.01692	0.01457	0.01405	0.01102	0.00548	0.00434	0.00145	0.00450	0.00439	0.00367	0.00695
34	0.01715	0.02188	0.01301	0.01183	0.01419	0.82022	0.00887	0.01833	0.01301	0.01124	0.00710	0.00828	0.00591	0.00473	0.00414	0.00118	0.00828	0.00296	0.00237	0.00532
35	0.01227	0.84142	0.02406	0.00786	0.01178	0.01817	0.00786	0.01375	0.00933	0.01080	0.00638	0.00736	0.00589	0.00393	0.00295	0.00098	0.00491	0.00245	0.00196	0.00589
36	0.00667	0.00447	0.00508	0.00508	0.00511	0.00449	0.00288	0.00673	0.00670	0.00896	0.01440	0.02965	0.01652	0.81259	0.04920	0.00455	0.00471	0.00662	0.00277	0.00282
37	0.00952	0.00816	0.00952	0.00680	0.01088	0.00612	0.00544	0.01156	0.00952	0.01496	0.00816	0.00952	0.00680	0.00340	0.00340	0.00068	0.00340	0.00272	0.00272	0.86672
38	0.02060	0.00781	0.01065	0.00817	0.01172	0.00675	0.00675	0.02237	0.01314	0.81320	0.01811	0.01563	0.01136	0.00568	0.00462	0.00142	0.00391	0.00462	0.00568	0.00781
39	0.00559	0.00400	0.00533	0.00639	0.00666	0.00373	0.00426	0.00639	0.00879	0.01172	0.02530	0.83566	0.03036	0.01438	0.00586	0.00186	0.00266	0.01305	0.00426	0.00373
40	0.00596	0.00427	0.00570	0.00646	0.00697	0.00401	0.00458	0.00718	0.00988	0.01337	0.19548	0.58636	0.03281	0.01313	0.00581	0.00180	0.00270	0.08519	0.00443	0.00391
41	0.00921	0.02375	0.81487	0.01309	0.01987	0.01066	0.01696	0.01454	0.00969	0.01454	0.00824	0.00969	0.00582	0.00436	0.00436	0.00145	0.00678	0.00339	0.00194	0.00678
42	0.04556	0.24144	0.03880	0.01170	0.01516	0.15842	0.22761	0.02722	0.04802	0.02699	0.09383	0.01306	0.02285	0.00494	0.00432	0.00130	0.00590	0.00432	0.00276	0.00579
43	0.00806	0.00718	0.00716	0.00667	0.00802	0.11122	0.00502	0.01055	0.04969	0.01720	0.62642	0.03061	0.07704	0.00875	0.00521	0.00142	0.00304	0.00753	0.00464	0.00457
44	0.00952	0.00816	0.00952	0.00680	0.01088	0.00612	0.00544	0.01156	0.00952	0.01496	0.00816	0.00952	0.00680	0.00340	0.00340	0.00068	0.00340	0.00272	0.00272	0.86672
45	0.01046	0.03316	0.24062	0.00932	0.01291	0.00885	0.02659	0.16561	0.02903	0.06084	0.23974	0.04379	0.07282	0.00687	0.00482	0.00143	0.00441	0.00576	0.00385	0.01912
46	0.00952	0.00816	0.00952	0.00680	0.01088	0.00612	0.00544	0.01156	0.00952	0.01496	0.00816	0.00952	0.00680	0.00340	0.00340	0.00068	0.00340	0.00272	0.00272	0.86672
47	0.00947	0.00815	0.00959	0.00696	0.01084	0.00633	0.00557	0.01145	0.00943	0.01477	0.00840	0.02455	0.00720	0.00375	0.00382	0.00074	0.03018	0.00295	0.00272	0.82312
48	0.01450	0.01357	0.14058	0.01011	0.01373	0.15691	0.03638	0.10738	0.07366	0.21956	0.05772	0.03075	0.01123	0.00559	0.00452	0.00136	0.00525	0.01852	0.00383	0.07485

[dist]
# distance from previous block
# <min> <max>
0	1

[block]
# block no. 2 follows, 56 sequences, length 149
# corresponding to MSA columns:
# 595-743
name=unknown_C
#
# <colnr> <probs for GDERKNQSTAVLIFYWHMCP>
#	G	D	E	R	K	N	Q	S	T	A	V	L	I	F	Y	W	H	M	C	P
0	0.04089	0.01315	0.03414	0.01052	0.01423	0.02525	0.00884	0.74223	0.02078	0.02809	0.01077	0.01085	0.00765	0.00544	0.00453	0.00138	0.00510	0.00405	0.00444	0.00767
1	0.01230	0.79960	0.04625	0.00809	0.01207	0.03618	0.00814	0.01387	0.00942	0.01092	0.00645	0.00745	0.00589	0.00396	0.00301	0.00100	0.00504	0.00249	0.00197	0.00590
2	0.01227	0.84142	0.02406	0.00786	0.01178	0.01817	0.00786	0.01375	0.00933	0.01080	0.00638	0.00736	0.00589	0.00393	0.00295	0.00098	0.00491	0.00245	0.00196	0.00589
3	0.00966	0.00824	0.00959	0.00687	0.01094	0.00626	0.00550	0.02532	0.00973	0.01521	0.00821	0.00955	0.00682	0.00344	0.00342	0.00069	0.00343	0.00274	0.00275	0.85163
4	0.00559	0.00400	0.00533	0.00639	0.00666	0.00373	0.00426	0.00639	0.00879	0.01172	0.02530	0.83566	0.03036	0.01438	0.00586	0.00186	0.00266	0.01305	0.00426	0.00373
5	0.00668	0.00445	0.00501	0.00501	0.00501	0.00445	0.00278	0.00668	0.00668	0.00890	0.01447	0.03004	0.01669	0.83866	0.02337	0.00445	0.00445	0.00668	0.00278	0.00278
6	0.01084	0.01238	0.02709	0.01935	0.02399	0.01161	0.79334	0.01471	0.01084	0.01471	0.00929	0.01238	0.00697	0.00387	0.00542	0.00155	0.00774	0.00542	0.00232	0.00619
7	0.01035	0.00678	0.00783	0.00702	0.00915	0.00669	0.00553	0.04061	0.19764	0.16400	0.16086	0.03021	0.27120	0.00874	0.00512	0.00154	0.00310	0.05324	0.00476	0.00563
8	0.14262	0.00895	0.01081	0.04888	0.01276	0.00890	0.00716	0.16320	0.02852	0.49885	0.01462	0.01345	0.00957	0.00540	0.00435	0.00142	0.00417	0.00420	0.00487	0.00726
9	0.14630	0.01009	0.08149	0.00800	0.01201	0.00812	0.01736	0.08741	0.01106	0.15947	0.00995	0.01048	0.00734	0.00423	0.00375	0.00107	0.00403	0.00325	0.00337	0.41121
10	0.02060	0.00781	0.01065	0.00817	0.01172	0.00675	0.00675	0.02237	0.01314	0.81320	0.01811	0.01563	0.01136	0.00568	0.00462	0.00142	0.00391	0.00462	0.00568	0.00781
11	0.03308	0.00897	0.01509	0.57686	0.09227	0.01042	0.09528	0.01343	0.06555	0.03145	0.00924	0.01248	0.00695	0.00460	0.00463	0.00151	0.00594	0.00427	0.00238	0.00561
12	0.87108	0.00888	0.00675	0.00604	0.00888	0.01030	0.00497	0.01350	0.00781	0.02060	0.00639	0.00746	0.00497	0.00426	0.00284	0.00142	0.00355	0.00249	0.00284	0.00497
13	0.01234	0.01248	0.01052	0.00955	0.01198	0.21991	0.00733	0.02116	0.52364	0.01651	0.01829	0.01737	0.08627	0.00635	0.00460	0.00146	0.00471	0.00503	0.00404	0.00645
14	0.00856	0.00428	0.00428	0.00428	0.00535	0.00428	0.00321	0.01070	0.00963	0.01712	0.01498	0.01712	0.01177	0.00535	0.00321	0.00107	0.00214	0.00428	0.86414	0.00428
15	0.00876	0.00825	0.01393	0.80100	0.05754	0.01022	0.01279	0.01181	0.00922	0.01184	0.00818	0.01221	0.00616	0.00457	0.00459	0.00152	0.00610	0.00408	0.00205	0.00517
16	0.00650	0.00469	0.00614	0.00578	0.00686	0.00433	0.00433	0.00866	0.01300	0.01841	0.80760	0.03429	0.04332	0.00939	0.00541	0.00144	0.00217	0.00830	0.00505	0.00433
17	0.00729	0.00525	0.00725	0.00824	0.00933	0.00521	0.00718	0.00935	0.01056	0.01366	0.02554	0.05136	0.06986	0.01262	0.00629	0.00208	0.00412	0.73636	0.00423	0.00421
18	0.00856	0.00428	0.00428	0.00428	0.00535	0.00428	0.00321	0.01070	0.00963	0.01712	0.01498	0.01712	0.01177	0.00535	0.00321	0.00107	0.00214	0.00428	0.86414	0.00428
19	0.00665	0.00444	0.00501	0.00504	0.00505	0.00443	0.00282	0.00667	0.00673	0.00897	0.01472	0.04915	0.01702	0.81910	0.02295	0.00439	0.00441	0.00683	0.00282	0.00280
20	0.01004	0.01004	0.01406	0.01205	0.01205	0.01406	0.01004	0.01105	0.00703	0.01105	0.00603	0.01004	0.00603	0.00804	0.01507	0.00201	0.83025	0.00402	0.00201	0.00502
21	0.05022	0.00818	0.00944	0.00683	0.01083	0.00634	0.00548	0.01216	0.00961	0.05272	0.00855	0.00971	0.00693	0.00355	0.00343	0.00075	0.00343	0.00280	0.00286	0.78618
22	0.01136	0.01091	0.01863	0.02818	0.81002	0.01091	0.01409	0.01409	0.01045	0.01500	0.00864	0.01136	0.00727	0.00409	0.00455	0.00136	0.00545	0.00409	0.00227	0.00727
23	0.01726	0.01276	0.01367	0.01052	0.01416	0.01415	0.00868	0.76967	0.04694	0.02862	0.01127	0.01122	0.00801	0.00553	0.00460	0.00138	0.00501	0.00417	0.00460	0.00779
24	0.01715	0.02188	0.01301	0.01183	0.01419	0.82022	0.00887	0.01833	0.01301	0.01124	0.00710	0.00828	0.00591	0.00473	0.00414	0.00118	0.00828	0.00296	0.00237	0.00532
25	0.00837	0.00729	0.01163	0.01653	0.38263	0.00714	0.00887	0.01020	0.00994	0.01385	0.08702	0.37869	0.02071	0.00912	0.00520	0.00159	0.00393	0.00844	0.00340	0.00544
26	0.01142	0.00986	0.01038	0.00934	0.01194	0.01142	0.00727	0.02440	0.80172	0.01920	0.01869	0.01713	0.01401	0.00623	0.00467	0.00156	0.00363	0.00519	0.00467	0.00727
27	0.00559	0.00400	0.00533	0.00639	0.00666	0.00373	0.00426	0.00639	0.00879	0.01172	0.02530	0.83566	0.03036	0.01438	0.00586	0.00186	0.00266	0.01305	0.00426	0.00373
28	0.00991	0.00839	0.00973	0.00698	0.01104	0.00651	0.00560	0.04962	0.01011	0.01564	0.00830	0.00959	0.00685	0.00350	0.00346	0.00071	0.00348	0.00279	0.00281	0.82498
29	0.00811	0.00676	0.00904	0.00838	0.00994	0.00702	0.07537	0.01336	0.26594	0.01563	0.16459	0.35169	0.02537	0.00990	0.00536	0.00166	0.00334	0.00897	0.00437	0.00520
30	0.00702	0.00509	0.00692	0.00788	0.00890	0.00499	0.00670	0.00891	0.01037	0.01340	0.02649	0.13343	0.10002	0.01276	0.00620	0.00203	0.00389	0.62660	0.00423	0.00414
31	0.01408	0.01095	0.01171	0.00978	0.01282	0.01235	0.00782	0.32358	0.47109	0.05074	0.01569	0.01470	0.01151	0.00593	0.00464	0.00148	0.00419	0.00476	0.00468	0.00750
32	0.01108	0.00719	0.00878	0.00706	0.01001	0.00608	0.00553	0.01373	0.07021	0.18599	0.11797	0.11473	0.03297	0.00638	0.00436	0.00116	0.00325	0.00543	0.00402	0.38407
33	0.02856	0.03820	0.08953	0.01651	0.31676	0.02823	0.01072	0.04324	0.04623	0.26930	0.01216	0.01310	0.00889	0.00501	0.00476	0.00140	0.02728	0.01617	0.00354	0.02039
34	0.00957	0.04756	0.76466	0.01285	0.01944	0.01100	0.01642	0.04064	0.01008	0.01491	0.00828	0.00967	0.00588	0.00439	0.00433	0.00144	0.00667	0.00339	0.00203	0.00679
35	0.00543	0.00465	0.00465	0.00465	0.00620	0.00388	0.00349	0.00659	0.01046	0.01240	0.04651	0.04418	0.80815	0.01163	0.00543	0.00155	0.00233	0.00969	0.00426	0.00388
36	0.07283	0.01150	0.19349	0.30785	0.01996	0.02163	0.02250	0.01369	0.06564	0.06231	0.12492	0.01513	0.01238	0.00540	0.00450	0.00147	0.00514	0.00453	0.02943	0.00567
37	0.01234	0.03943	0.01036	0.00871	0.01081	0.19300	0.02892	0.01570	0.13120	0.14414	0.19552	0.09515	0.03137	0.00724	0.00503	0.00143	0.02678	0.00595	0.03128	0.00563
38	0.00631	0.00469	0.00588	0.00558	0.00674	0.00425	0.00418	0.00830	0.01255	0.01736	0.67494	0.03602	0.17662	0.00978	0.00542	0.00146	0.00219	0.00854	0.00492	0.00425
39	0.00553	0.00464	0.00481	0.00481	0.00628	0.00391	0.00359	0.00678	0.01065	0.01295	0.11716	0.06582	0.71438	0.01150	0.00544	0.00155	0.00232	0.00966	0.00434	0.00391
40	0.04991	0.57389	0.05321	0.02725	0.01284	0.12602	0.00832	0.03595	0.01032	0.05542	0.00736	0.00825	0.00621	0.00422	0.00334	0.00109	0.00537	0.00276	0.00233	0.00595
41	0.01337	0.01699	0.46463	0.01105	0.01634	0.00936	0.01256	0.01813	0.07994	0.29312	0.01259	0.01241	0.00846	0.00498	0.00448	0.00145	0.00551	0.00398	0.00348	0.00719
42	0.00797	0.00399	0.00598	0.00598	0.00598	0.00399	0.00399	0.00598	0.00598	0.00797	0.00797	0.01396	0.00797	0.01595	0.01794	0.86643	0.00399	0.00399	0.00199	0.00199
43	0.00574	0.00494	0.00537	0.02770	0.02989	0.00429	0.00415	0.00702	0.01043	0.01249	0.04379	0.04259	0.74233	0.01125	0.00540	0.00156	0.00257	0.03033	0.00415	0.00402
44	0.01510	0.01318	0.05871	0.08264	0.22697	0.19077	0.02215	0.08876	0.01262	0.21467	0.02329	0.01206	0.00842	0.00490	0.00450	0.00136	0.00577	0.00402	0.00337	0.00675
45	0.01022	0.01670	0.32637	0.01697	0.02243	0.01125	0.49839	0.01464	0.01040	0.01464	0.00889	0.01136	0.00653	0.00406	0.00502	0.00151	0.00738	0.00465	0.00218	0.00642
46	0.00667	0.00449	0.00521	0.00521	0.00528	0.00456	0.00303	0.00680	0.00674	0.00905	0.01428	0.02903	0.01625	0.77108	0.09034	0.00470	0.00511	0.00653	0.00275	0.00289
47	0.01414	0.03186	0.01407	0.20863	0.08648	0.47096	0.03484	0.01604	0.01174	0.03483	0.02952	0.01052	0.00728	0.00475	0.00435	0.00130	0.00715	0.00358	0.00244	0.00552
48	0.01020	0.09598	0.50055	0.01143	0.01672	0.01123	0.02502	0.04039	0.15718	0.02845	0.02538	0.01261	0.03488	0.00505	0.00437	0.00143	0.00571	0.00401	0.00273	0.00669
49	0.00559	0.00400	0.00533	0.00639	0.00666	0.00373	0.00426	0.00639	0.00879	0.01172	0.02530	0.83566	0.03036	0.01438	0.00586	0.00186	0.00266	0.01305	0.00426	0.00373
50	0.01793	0.01104	0.01291	0.01069	0.05752	0.01156	0.00831	0.49828	0.01814	0.27094	0.01316	0.01257	0.00895	0.00548	0.00457	0.00138	0.00467	0.00428	0.01989	0.00772
51	0.03743	0.01007	0.03810	0.07819	0.21286	0.00956	0.16840	0.07282	0.02393	0.16109	0.03773	0.06816	0.01060	0.00535	0.00475	0.00144	0.00522	0.00508	0.00335	0.04586
52	0.01080	0.01024	0.01692	0.19645	0.57922	0.01080	0.01325	0.01443	0.07508	0.01465	0.00936	0.01202	0.00758	0.00437	0.00456	0.00141	0.00545	0.00418	0.00242	0.00681
53	0.00657	0.00489	0.00721	0.00721	0.00797	0.00565	0.00553	0.00809	0.00733	0.01053	0.01245	0.01888	0.01184	0.09082	0.76458	0.00717	0.01175	0.00504	0.00248	0.00401
54	0.01348	0.00763	0.00936	0.00829	0.03616	0.00753	0.01796	0.08255	0.15420	0.27860	0.01854	0.08990	0.05859	0.00666	0.00450	0.00140	0.00352	0.00559	0.16049	0.03504
55	0.00797	0.00399	0.00598	0.00598	0.00598	0.00399	0.00399	0.00598	0.00598	0.00797	0.00797	0.01396	0.00797	0.01595	0.01794	0.86643	0.00399	0.00399	0.00199	0.00199
56	0.00646	0.00469	0.00609	0.00574	0.00684	0.00432	0.00430	0.00860	0.01291	0.01821	0.78285	0.03462	0.06818	0.00946	0.00542	0.00145	0.00217	0.00835	0.00503	0.00432
57	0.01084	0.01238	0.02709	0.01935	0.02399	0.01161	0.79334	0.01471	0.01084	0.01471	0.00929	0.01238	0.00697	0.00387	0.00542	0.00155	0.00774	0.00542	0.00232	0.00619
58	0.00552	0.00465	0.00478	0.00475	0.00626	0.00392	0.00356	0.00677	0.01069	0.01294	0.11414	0.04330	0.74019	0.01143	0.00542	0.00154	0.00231	0.00957	0.00433	0.00392
59	0.00668	0.00445	0.00501	0.00501	0.00501	0.00445	0.00278	0.00668	0.00668	0.00890	0.01447	0.03004	0.01669	0.83866	0.02337	0.00445	0.00445	0.00668	0.00278	0.00278
60	0.00921	0.02375	0.81487	0.01309	0.01987	0.01066	0.01696	0.01454	0.00969	0.01454	0.00824	0.00969	0.00582	0.00436	0.00436	0.00145	0.00678	0.00339	0.00194	0.00678
61	0.01715	0.02188	0.01301	0.01183	0.01419	0.82022	0.00887	0.01833	0.01301	0.01124	0.00710	0.00828	0.00591	0.00473	0.00414	0.00118	0.00828	0.00296	0.00237	0.00532
62	0.01136	0.01091	0.01863	0.02818	0.81002	0.01091	0.01409	0.01409	0.01045	0.01500	0.00864	0.01136	0.00727	0.00409	0.00455	0.00136	0.00545	0.00409	0.00227	0.00727
63	0.87108	0.00888	0.00675	0.00604	0.00888	0.01030	0.00497	0.01350	0.00781	0.02060	0.00639	0.00746	0.00497	0.00426	0.00284	0.00142	0.00355	0.00249	0.00284	0.00497
64	0.01953	0.00877	0.01118	0.00858	0.01212	0.00820	0.00708	0.17694	0.01478	0.62879	0.03133	0.01496	0.01118	0.00568	0.00461	0.00140	0.00410	0.00456	0.00541	0.02080
65	0.01733	0.00934	0.01115	0.00895	0.01225	0.00949	0.00726	0.16449	0.24630	0.43629	0.01698	0.01522	0.01149	0.00581	0.00463	0.00145	0.00404	0.00470	0.00519	0.00765
66	0.00740	0.00528	0.00740	0.00845	0.00951	0.00528	0.00740	0.00951	0.01057	0.01374	0.02431	0.05179	0.02642	0.01268	0.00634	0.00211	0.00423	0.77912	0.00423	0.00423
67	0.87108	0.00888	0.00675	0.00604	0.00888	0.01030	0.00497	0.01350	0.00781	0.02060	0.00639	0.00746	0.00497	0.00426	0.00284	0.00142	0.00355	0.00249	0.00284	0.00497
68	0.00856	0.00428	0.00428	0.00428	0.00535	0.00428	0.00321	0.01070	0.00963	0.01712	0.01498	0.01712	0.01177	0.00535	0.00321	0.00107	0.00214	0.00428	0.86414	0.00428
69	0.01745	0.01286	0.01378	0.01056	0.01424	0.01424	0.00873	0.79471	0.02159	0.02893	0.01102	0.01102	0.00781	0.00551	0.00459	0.00138	0.00505	0.00413	0.00459	0.00781
70	0.01715	0.02188	0.01301	0.01183	0.01419	0.82022	0.00887	0.01833	0.01301	0.01124	0.00710	0.00828	0.00591	0.00473	0.00414	0.00118	0.00828	0.00296	0.00237	0.00532
71	0.01048	0.00862	0.00996	0.00720	0.01123	0.00694	0.00579	0.08968	0.01078	0.02839	0.00860	0.00976	0.00697	0.00364	0.00354	0.00076	0.00357	0.00289	0.00295	0.76826
72	0.01004	0.01004	0.01406	0.01205	0.01205	0.01406	0.01004	0.01105	0.00703	0.01105	0.00603	0.01004	0.00603	0.00804	0.01507	0.00201	0.83025	0.00402	0.00201	0.00502
73	0.00952	0.00816	0.00952	0.00680	0.01088	0.00612	0.00544	0.01156	0.00952	0.01496	0.00816	0.00952	0.00680	0.00340	0.00340	0.00068	0.00340	0.00272	0.00272	0.86672
74	0.01004	0.01004	0.01406	0.01205	0.01205	0.01406	0.01004	0.01105	0.00703	0.01105	0.00603	0.01004	0.00603	0.00804	0.01507	0.00201	0.83025	0.00402	0.00201	0.00502
75	0.00856	0.00428	0.00428	0.00428	0.00535	0.00428	0.00321	0.01070	0.00963	0.01712	0.01498	0.01712	0.01177	0.00535	0.00321	0.00107	0.00214	0.00428	0.86414	0.00428
76	0.01084	0.01238	0.02709	0.01935	0.02399	0.01161	0.79334	0.01471	0.01084	0.01471	0.00929	0.01238	0.00697	0.00387	0.00542	0.00155	0.00774	0.00542	0.00232	0.00619
77	0.00543	0.00465	0.00465	0.00465	0.00620	0.00388	0.00349	0.00659	0.01046	0.01240	0.04651	0.04418	0.80815	0.01163	0.00543	0.00155	0.00233	0.00969	0.00426	0.00388
78	0.00797	0.00399	0.00598	0.00598	0.00598	0.00399	0.00399	0.00598	0.00598	0.00797	0.00797	0.01396	0.00797	0.01595	0.01794	0.86643	0.00399	0.00399	0.00199	0.00199
79	0.01846	0.00922	0.01115	0.00864	0.01201	0.00908	0.00711	0.28472	0.01571	0.47500	0.01542	0.01419	0.01019	0.00559	0.00448	0.00137	0.00414	0.00442	0.08160	0.00750
80	0.00885	0.00456	0.00460	0.00449	0.00564	0.00461	0.00339	0.03680	0.01003	0.01751	0.01484	0.01691	0.01164	0.00535	0.00326	0.00108	0.00224	0.00427	0.83552	0.00440
81	0.01745	0.01286	0.01378	0.01056	0.01424	0.01424	0.00873	0.79471	0.02159	0.02893	0.01102	0.01102	0.00781	0.00551	0.00459	0.00138	0.00505	0.00413	0.00459	0.00781
82	0.00668	0.00445	0.00501	0.00501	0.00501	0.00445	0.00278	0.00668	0.00668	0.00890	0.01447	0.03004	0.01669	0.83866	0.02337	0.00445	0.00445	0.00668	0.00278	0.00278
83	0.00563	0.00401	0.00532	0.00634	0.00660	0.00375	0.00421	0.00640	0.00871	0.01162	0.02492	0.80684	0.02988	0.04387	0.00649	0.00196	0.00273	0.01282	0.00421	0.00370
84	0.00952	0.00816	0.00952	0.00680	0.01088	0.00612	0.00544	0.01156	0.00952	0.01496	0.00816	0.00952	0.00680	0.00340	0.00340	0.00068	0.00340	0.00272	0.00272	0.86672
85	0.01464	0.01404	0.01202	0.01037	0.01318	0.23981	0.00811	0.22740	0.37242	0.01955	0.01339	0.01302	0.01008	0.00562	0.00450	0.00140	0.00532	0.00428	0.00400	0.00686
86	0.00931	0.05112	0.78839	0.01291	0.01960	0.01091	0.01666	0.01451	0.00968	0.01441	0.00818	0.00961	0.00582	0.00435	0.00431	0.00144	0.00672	0.00336	0.00194	0.00676
87	0.01013	0.00814	0.00958	0.00687	0.01093	0.00615	0.00551	0.01215	0.00972	0.05868	0.00870	0.00985	0.00705	0.00352	0.00347	0.00072	0.00343	0.00282	0.00288	0.81968
88	0.01184	0.01124	0.06372	0.08639	0.13836	0.01031	0.35313	0.06767	0.01125	0.10786	0.01084	0.02920	0.00855	0.06123	0.00624	0.00169	0.00626	0.00504	0.00288	0.00631
89	0.00737	0.00596	0.00687	0.00668	0.00811	0.02846	0.02751	0.01017	0.11222	0.03914	0.12212	0.26491	0.31135	0.01087	0.00540	0.00162	0.00297	0.01937	0.00434	0.00456
90	0.01136	0.01091	0.01863	0.02818	0.81002	0.01091	0.01409	0.01409	0.01045	0.01500	0.00864	0.01136	0.00727	0.00409	0.00455	0.00136	0.00545	0.00409	0.00227	0.00727
91	0.01230	0.54434	0.02394	0.01134	0.01533	0.08512	0.22286	0.01440	0.01006	0.01191	0.00724	0.00882	0.00619	0.00398	0.00372	0.00115	0.00597	0.00331	0.00210	0.00592
92	0.04603	0.18462	0.42623	0.05820	0.08691	0.01192	0.04059	0.01468	0.00985	0.06819	0.00853	0.00992	0.00636	0.00433	0.00410	0.00135	0.00596	0.00342	0.00228	0.00653
93	0.00997	0.00986	0.01295	0.36201	0.14071	0.11542	0.01075	0.01221	0.00964	0.01211	0.01029	0.01728	0.00943	0.06318	0.02782	0.00191	0.07437	0.09250	0.00243	0.00517
94	0.00572	0.00408	0.00542	0.00645	0.00675	0.00383	0.00437	0.00656	0.00881	0.01173	0.02491	0.77032	0.02973	0.04035	0.00644	0.00196	0.00280	0.05182	0.00421	0.00372
95	0.00907	0.00863	0.01480	0.70385	0.12552	0.01033	0.03905	0.01211	0.00939	0.01222	0.00826	0.01214	0.00629	0.00451	0.00461	0.00151	0.00609	0.00413	0.00208	0.00540
96	0.01366	0.02835	0.21563	0.01467	0.15097	0.05135	0.12171	0.06808	0.02322	0.22150	0.01180	0.03882	0.00871	0.00503	0.00464	0.00143	0.00570	0.00446	0.00333	0.00693
97	0.00656	0.00492	0.00738	0.00738	0.00820	0.00574	0.00574	0.00820	0.00738	0.01066	0.01230	0.01804	0.01148	0.03443	0.82046	0.00738	0.01230	0.00492	0.00246	0.00410
98	0.00659	0.00481	0.00682	0.00682	0.00744	0.00543	0.00504	0.00784	0.00721	0.01024	0.01281	0.02088	0.01271	0.22517	0.63142	0.00668	0.01044	0.00534	0.00254	0.00379
99	0.02774	0.01187	0.14199	0.07557	0.03466	0.02472	0.15182	0.04293	0.07168	0.34922	0.01339	0.01344	0.00907	0.00502	0.00469	0.00146	0.00536	0.00448	0.00390	0.00700
100	0.01123	0.01036	0.01598	0.04297	0.47800	0.01079	0.05252	0.01694	0.24068	0.02802	0.01292	0.01422	0.03456	0.00498	0.00466	0.00144	0.00494	0.00466	0.00308	0.00706
101	0.01140	0.01246	0.01216	0.01088	0.01180	0.25901	0.00867	0.01260	0.00894	0.01101	0.00784	0.01139	0.00728	0.01327	0.20233	0.00303	0.38491	0.00391	0.00222	0.00490
102	0.44185	0.09404	0.15280	0.05626	0.09478	0.01128	0.06228	0.01375	0.00884	0.01711	0.00724	0.00884	0.00564	0.00422	0.00356	0.00139	0.00487	0.00309	0.00246	0.00570
103	0.00934	0.00860	0.01310	0.62792	0.04255	0.01049	0.01154	0.01462	0.18735	0.01347	0.01054	0.01332	0.00792	0.00495	0.00461	0.00153	0.00555	0.00433	0.00264	0.00563
104	0.01033	0.00819	0.00962	0.00697	0.01097	0.00633	0.00559	0.01270	0.03480	0.06946	0.00917	0.01018	0.00734	0.00364	0.00352	0.00076	0.00344	0.00293	0.00298	0.78107
105	0.00618	0.00441	0.00600	0.00706	0.00759	0.00423	0.00528	0.00741	0.00937	0.01238	0.02498	0.58062	0.02908	0.01383	0.00602	0.00195	0.00317	0.26229	0.00425	0.00389
106	0.00559	0.00400	0.00533	0.00639	0.00666	0.00373	0.00426	0.00639	0.00879	0.01172	0.02530	0.83566	0.03036	0.01438	0.00586	0.00186	0.00266	0.01305	0.00426	0.00373
107	0.05081	0.34448	0.03424	0.00880	0.01209	0.09362	0.00781	0.10972	0.01179	0.18350	0.01057	0.05586	0.00861	0.00537	0.00438	0.00127	0.04367	0.00385	0.00327	0.00629
108	0.01227	0.84142	0.02406	0.00786	0.01178	0.01817	0.00786	0.01375	0.00933	0.01080	0.00638	0.00736	0.00589	0.00393	0.00295	0.00098	0.00491	0.00245	0.00196	0.00589
109	0.00656	0.00492	0.00738	0.00738	0.00820	0.00574	0.00574	0.00820	0.00738	0.01066	0.01230	0.01804	0.01148	0.03443	0.82046	0.00738	0.01230	0.00492	0.00246	0.00410
110	0.00794	0.00512	0.00649	0.00597	0.00741	0.00467	0.00457	0.01012	0.02730	0.10188	0.58355	0.03373	0.15296	0.00932	0.00533	0.00147	0.00243	0.02005	0.00498	0.00469
111	0.01097	0.04010	0.27307	0.07190	0.25718	0.08841	0.04813	0.02570	0.08387	0.01482	0.03600	0.01181	0.00838	0.00465	0.00448	0.00140	0.00600	0.00401	0.00250	0.00660
112	0.01010	0.00980	0.01728	0.41122	0.32443	0.01071	0.11136	0.02522	0.01006	0.01361	0.00853	0.01191	0.00669	0.00433	0.00468	0.00147	0.00606	0.00425	0.00220	0.00610
113	0.00921	0.02375	0.81487	0.01309	0.01987	0.01066	0.01696	0.01454	0.00969	0.01454	0.00824	0.00969	0.00582	0.00436	0.00436	0.00145	0.00678	0.00339	0.00194	0.00678
114	0.00569	0.00414	0.00537	0.00615	0.00664	0.00382	0.00420	0.00670	0.00947	0.01262	0.12541	0.66217	0.10367	0.01350	0.00576	0.00178	0.00257	0.01215	0.00436	0.00382
115	0.00950	0.03875	0.14096	0.01226	0.03345	0.00876	0.26563	0.01304	0.04712	0.05036	0.11806	0.03791	0.10353	0.00665	0.00509	0.00153	0.00521	0.06526	0.03127	0.00566
116	0.01029	0.00997	0.01619	0.40005	0.42228	0.03616	0.01330	0.01312	0.00994	0.01336	0.00837	0.01167	0.00669	0.00434	0.00455	0.00144	0.00585	0.00405	0.00217	0.00620
117	0.01037	0.00995	0.01775	0.35000	0.36523	0.01065	0.12727	0.01338	0.01004	0.02859	0.00872	0.01195	0.00684	0.00429	0.00469	0.00146	0.00603	0.00429	0.00225	0.00625
118	0.00936	0.05075	0.76278	0.01311	0.01973	0.01094	0.04189	0.01452	0.00972	0.01442	0.00821	0.00970	0.00586	0.00433	0.00435	0.00144	0.00675	0.00343	0.00195	0.00674
119	0.00867	0.00816	0.01377	0.82762	0.03162	0.01020	0.01275	0.01173	0.00918	0.01173	0.00816	0.01224	0.00612	0.00459	0.00459	0.00153	0.00612	0.00408	0.00204	0.00510
120	0.00560	0.00464	0.00490	0.00487	0.00632	0.00395	0.00364	0.00692	0.01083	0.01335	0.16767	0.06058	0.66824	0.01133	0.00543	0.00154	0.00231	0.00954	0.00439	0.00395
121	0.00650	0.00469	0.00614	0.00578	0.00686	0.00433	0.00433	0.00866	0.01300	0.01841	0.80760	0.03429	0.04332	0.00939	0.00541	0.00144	0.00217	0.00830	0.00505	0.00433
122	0.00559	0.00466	0.00488	0.00482	0.00630	0.00395	0.00362	0.00691	0.01085	0.01332	0.16260	0.04267	0.69150	0.01129	0.00542	0.00153	0.00230	0.00948	0.00438	0.00395
123	0.00926	0.07036	0.74205	0.01256	0.01896	0.01086	0.01601	0.01422	0.00964	0.01423	0.00870	0.03721	0.00664	0.00467	0.00433	0.00144	0.00654	0.00366	0.00202	0.00663
124	0.01715	0.02188	0.01301	0.01183	0.01419	0.82022	0.00887	0.01833	0.01301	0.01124	0.00710	0.00828	0.00591	0.00473	0.00414	0.00118	0.00828	0.00296	0.00237	0.00532
125	0.01113	0.00994	0.09783	0.09149	0.01436	0.00733	0.02107	0.02536	0.01023	0.12940	0.00966	0.01076	0.00730	0.00399	0.00385	0.00098	0.00422	0.00327	0.00301	0.53479
126	0.01255	0.79588	0.02344	0.00808	0.01192	0.06274	0.00791	0.01400	0.00953	0.01083	0.00642	0.00742	0.00589	0.00397	0.00301	0.00099	0.00510	0.00248	0.00199	0.00586
127	0.00791	0.00401	0.00593	0.00593	0.00593	0.00401	0.00393	0.00602	0.00602	0.00802	0.00830	0.01475	0.00841	0.05667	0.01821	0.82376	0.00401	0.00412	0.00203	0.00203
128	0.00561	0.00404	0.00533	0.00632	0.00665	0.00375	0.00424	0.00646	0.00896	0.01192	0.04705	0.78761	0.05675	0.01416	0.00583	0.00184	0.00264	0.01281	0.00428	0.00375
129	0.00650	0.00469	0.00614	0.00578	0.00686	0.00433	0.00433	0.00866	0.01300	0.01841	0.80760	0.03429	0.04332	0.00939	0.00541	0.00144	0.00217	0.00830	0.00505	0.00433
130	0.00647	0.00467	0.00611	0.00580	0.00685	0.00431	0.00433	0.00859	0.01286	0.01819	0.78155	0.06098	0.04289	0.00955	0.00543	0.00146	0.00218	0.00846	0.00503	0.00431
131	0.00650	0.00469	0.00614	0.00578	0.00686	0.00433	0.00433	0.00866	0.01300	0.01841	0.80760	0.03429	0.04332	0.00939	0.00541	0.00144	0.00217	0.00830	0.00505	0.00433
132	0.00952	0.00816	0.00952	0.00680	0.01088	0.00612	0.00544	0.01156	0.00952	0.01496	0.00816	0.00952	0.00680	0.00340	0.00340	0.00068	0.00340	0.00272	0.00272	0.86672
133	0.00664	0.00458	0.00565	0.00565	0.00587	0.00480	0.00358	0.00709	0.00687	0.00938	0.01388	0.02678	0.01527	0.62024	0.23984	0.00525	0.00658	0.00620	0.00269	0.00314
134	0.00797	0.00399	0.00598	0.00598	0.00598	0.00399	0.00399	0.00598	0.00598	0.00797	0.00797	0.01396	0.00797	0.01595	0.01794	0.86643	0.00399	0.00399	0.00199	0.00199
135	0.02060	0.00781	0.01065	0.00817	0.01172	0.00675	0.00675	0.02237	0.01314	0.81320	0.01811	0.01563	0.01136	0.00568	0.00462	0.00142	0.00391	0.00462	0.00568	0.00781
136	0.01286	0.00766	0.00908	0.00769	0.01010	0.00780	0.00610	0.11733	0.18229	0.23130	0.21214	0.02100	0.04300	0.00780	0.03190	0.00162	0.00366	0.00572	0.07464	0.00631
137	0.00788	0.00405	0.00607	0.00607	0.00612	0.00410	0.00410	0.00612	0.00607	0.00815	0.00826	0.01422	0.00820	0.01715	0.07003	0.81067	0.00453	0.00405	0.00202	0.00213
138	0.00952	0.00816	0.00952	0.00680	0.01088	0.00612	0.00544	0.01156	0.00952	0.01496	0.00816	0.00952	0.00680	0.00340	0.00340	0.00068	0.00340	0.00272	0.00272	0.86672
139	0.00667	0.00446	0.00505	0.00505	0.00506	0.00447	0.00283	0.00670	0.00669	0.00893	0.01443	0.02984	0.01660	0.82534	0.03657	0.00450	0.00458	0.00665	0.00278	0.00280
140	0.00921	0.02375	0.81487	0.01309	0.01987	0.01066	0.01696	0.01454	0.00969	0.01454	0.00824	0.00969	0.00582	0.00436	0.00436	0.00145	0.00678	0.00339	0.00194	0.00678
141	0.01142	0.00986	0.01038	0.00934	0.01194	0.01142	0.00727	0.02440	0.80172	0.01920	0.01869	0.01713	0.01401	0.00623	0.00467	0.00156	0.00363	0.00519	0.00467	0.00727
142	0.00706	0.00507	0.00699	0.00801	0.00896	0.00500	0.00679	0.00894	0.01029	0.01339	0.02520	0.17171	0.05306	0.01291	0.00624	0.00206	0.00392	0.63604	0.00423	0.00414
143	0.00559	0.00416	0.00520	0.00599	0.00656	0.00378	0.00409	0.00651	0.00930	0.01209	0.05545	0.63357	0.20378	0.01361	0.00575	0.00178	0.00257	0.01215	0.00429	0.00378
144	0.00548	0.00456	0.00478	0.00492	0.00628	0.00387	0.00362	0.00662	0.01031	0.01247	0.06438	0.15067	0.68241	0.01194	0.00548	0.00159	0.00237	0.01010	0.00428	0.00387
145	0.01775	0.01206	0.01324	0.01019	0.01382	0.01309	0.00841	0.66456	0.04041	0.14076	0.01223	0.01184	0.00848	0.00555	0.00460	0.00139	0.00485	0.00423	0.00475	0.00779
146	0.00867	0.00804	0.01347	0.80160	0.03079	0.01001	0.01245	0.01170	0.00919	0.01190	0.00838	0.01239	0.00630	0.00461	0.00455	0.00152	0.00599	0.00409	0.02929	0.00507
147	0.01605	0.11442	0.01487	0.01201	0.03680	0.63314	0.03017	0.04261	0.01256	0.01196	0.00721	0.00852	0.00604	0.00472	0.00439	0.00121	0.03235	0.00307	0.00238	0.00554
148	0.11877	0.07526	0.01371	0.09430	0.05922	0.41110	0.02119	0.11591	0.01266	0.02627	0.00785	0.00921	0.00623	0.00467	0.00405	0.00128	0.00661	0.00325	0.00269	0.00577

[dist]
# distance from previous block
# <min> <max>
0	1

[block]
# block no. 3 follows, 56 sequences, length 49
# corresponding to MSA columns:
# 745-793
name=unknown_D
#
# <colnr> <probs for GDERKNQSTAVLIFYWHMCP>
#	G	D	E	R	K	N	Q	S	T	A	V	L	I	F	Y	W	H	M	C	P
