[name]
unknown

[dist]
# distance from previous block
# <min> <max>
4	13

[block]
# block no. 0 follows, 47 sequences, length 7
# corresponding to MSA columns:
# 13-19
name=unknown_A
#
# <colnr> <probs for GDERKNQSTAVLIFYWHMCP>
#	G	D	E	R	K	N	Q	S	T	A	V	L	I	F	Y	W	H	M	C	P
0	0.00695	0.00525	0.00606	0.00589	0.00707	0.00474	0.00419	0.00847	0.01219	0.01610	0.34829	0.04221	0.32307	0.17496	0.01027	0.00237	0.00305	0.00964	0.00487	0.00436
1	0.00662	0.00508	0.00607	0.00628	0.00744	0.00452	0.00454	0.00820	0.01229	0.01615	0.29228	0.26841	0.31685	0.01324	0.00629	0.00182	0.00269	0.01157	0.00514	0.00452
2	0.01428	0.01501	0.01979	0.02804	0.62186	0.17825	0.01473	0.01700	0.01247	0.01611	0.00943	0.01215	0.00792	0.00479	0.00506	0.00150	0.00686	0.00437	0.00260	0.00778
3	0.01233	0.00820	0.01002	0.00803	0.01140	0.00682	0.00626	0.05029	0.01226	0.15499	0.06308	0.18376	0.01690	0.00749	0.00490	0.00130	0.00379	0.00642	0.00432	0.42747
4	0.00680	0.00484	0.00612	0.00668	0.00720	0.00455	0.00447	0.00787	0.01061	0.01431	0.18700	0.45114	0.07681	0.17440	0.01047	0.00258	0.00328	0.01201	0.00469	0.00417
5	0.00771	0.00628	0.00915	0.01225	0.17194	0.00597	0.00709	0.00913	0.01060	0.01417	0.02758	0.55276	0.11839	0.01347	0.00627	0.00195	0.00365	0.01220	0.00436	0.00510
6	0.03986	0.18273	0.01566	0.01008	0.01341	0.07523	0.02901	0.22426	0.01563	0.14540	0.06192	0.13480	0.01511	0.00753	0.00502	0.00155	0.00520	0.00607	0.00443	0.00709

[dist]
# distance from previous block
# <min> <max>
0	1

[block]
# block no. 1 follows, 47 sequences, length 46
# corresponding to MSA columns:
# 22-67
name=unknown_B
#
# <colnr> <probs for GDERKNQSTAVLIFYWHMCP>
#	G	D	E	R	K	N	Q	S	T	A	V	L	I	F	Y	W	H	M	C	P
0	0.01385	0.01213	0.01624	0.42076	0.11800	0.05422	0.01297	0.25184	0.01525	0.01988	0.01028	0.01309	0.00769	0.00548	0.00517	0.00164	0.00660	0.00458	0.00328	0.00706
1	0.01439	0.10818	0.01396	0.01022	0.01325	0.05284	0.00832	0.25499	0.22941	0.02175	0.01463	0.01585	0.01156	0.02630	0.13445	0.00271	0.00660	0.00494	0.04837	0.00728
2	0.37274	0.01851	0.38804	0.01111	0.01658	0.01207	0.01256	0.06319	0.01102	0.03852	0.00891	0.01016	0.00648	0.00502	0.00423	0.00163	0.00592	0.00349	0.00293	0.00691
3	0.01760	0.01413	0.01233	0.01063	0.01350	0.25740	0.00824	0.14937	0.04527	0.22037	0.06743	0.12933	0.01586	0.00779	0.00533	0.00160	0.00588	0.00622	0.00472	0.00702
4	0.00676	0.00509	0.00614	0.00673	0.00754	0.00476	0.00463	0.00839	0.04240	0.01416	0.09390	0.47097	0.20895	0.08441	0.00816	0.00223	0.00311	0.01247	0.00478	0.00440
5	0.01677	0.01700	0.01329	0.01161	0.01440	0.35108	0.00894	0.25019	0.07824	0.02023	0.05800	0.10891	0.01389	0.00739	0.00522	0.00155	0.00667	0.00569	0.00411	0.00681
6	0.01252	0.01200	0.02048	0.12421	0.69510	0.01228	0.01580	0.01566	0.01169	0.01657	0.00973	0.01301	0.00809	0.00471	0.00516	0.00157	0.00628	0.00464	0.00255	0.00795
7	0.01752	0.01825	0.01353	0.01197	0.01497	0.42213	0.00919	0.06065	0.26116	0.08136	0.01359	0.01352	0.01032	0.00602	0.00494	0.00150	0.00698	0.00439	0.00398	0.02401
8	0.01208	0.40068	0.43061	0.01205	0.01822	0.01610	0.01437	0.01607	0.01080	0.01449	0.00835	0.00975	0.00664	0.00472	0.00419	0.00140	0.00669	0.00335	0.00221	0.00722
9	0.00779	0.00613	0.00717	0.00699	0.00857	0.00591	0.00535	0.01151	0.11842	0.01809	0.35348	0.08181	0.26820	0.01153	0.00614	0.00178	0.00296	0.06773	0.00528	0.00517
10	0.00893	0.00717	0.00822	0.00788	0.00911	0.04752	0.02078	0.05792	0.05718	0.01744	0.30524	0.26203	0.03312	0.12281	0.00892	0.00224	0.00377	0.00987	0.00483	0.00501
11	0.01872	0.02308	0.01436	0.01297	0.01570	0.69754	0.00978	0.05068	0.05934	0.01411	0.01022	0.01122	0.02863	0.00572	0.00479	0.00139	0.00875	0.00376	0.00300	0.00623
12	0.00661	0.00482	0.00630	0.00700	0.00765	0.00451	0.00487	0.00795	0.01110	0.01498	0.19756	0.54132	0.09505	0.01596	0.04641	0.00230	0.00342	0.01284	0.00493	0.00442
13	0.00776	0.00555	0.00675	0.00675	0.00807	0.00513	0.00494	0.01012	0.05252	0.05037	0.31196	0.25730	0.22826	0.01251	0.00620	0.00181	0.00283	0.01096	0.00526	0.00494
14	0.01266	0.01214	0.02072	0.09032	0.72795	0.01231	0.01587	0.01578	0.01175	0.01673	0.00975	0.01296	0.00815	0.00468	0.00516	0.00156	0.00624	0.00464	0.00256	0.00806
15	0.01750	0.00920	0.01125	0.00952	0.01270	0.00919	0.00753	0.02406	0.29397	0.41367	0.02176	0.11338	0.01657	0.00785	0.00543	0.00173	0.00415	0.00662	0.00583	0.00808
16	0.00623	0.00519	0.00544	0.00556	0.00713	0.00440	0.00410	0.00755	0.01176	0.01426	0.08033	0.14081	0.66245	0.01346	0.00621	0.00180	0.00268	0.01138	0.00487	0.00440
17	0.01000	0.00872	0.00883	0.00822	0.01053	0.03020	0.00629	0.03630	0.36341	0.01802	0.03474	0.07394	0.34978	0.01015	0.00572	0.00176	0.00360	0.00847	0.00500	0.00632
18	0.01100	0.01098	0.02035	0.37867	0.20474	0.01178	0.21135	0.01449	0.01122	0.01505	0.01075	0.05619	0.00896	0.00545	0.00552	0.00172	0.00704	0.00557	0.00259	0.00660
19	0.01349	0.01204	0.01045	0.01107	0.10259	0.22329	0.00737	0.07805	0.01305	0.01796	0.01328	0.01605	0.01083	0.04671	0.00540	0.00151	0.00519	0.00454	0.40127	0.00583
20	0.01045	0.02694	0.79000	0.01484	0.02254	0.01209	0.01924	0.01649	0.01099	0.01649	0.00935	0.01099	0.00660	0.00495	0.00495	0.00165	0.00770	0.00385	0.00220	0.00770
21	0.01682	0.02047	0.01479	0.01326	0.01517	0.55739	0.01026	0.01813	0.01270	0.01266	0.00799	0.01040	0.00702	0.00781	0.04231	0.00189	0.21870	0.00377	0.00258	0.00589
22	0.01148	0.26194	0.56402	0.01309	0.01982	0.01462	0.01618	0.01623	0.01087	0.01524	0.00872	0.01021	0.00662	0.00480	0.00447	0.00149	0.00707	0.00353	0.00221	0.00740
23	0.00687	0.00514	0.00554	0.00557	0.00642	0.00472	0.00363	0.00757	0.00983	0.01232	0.05337	0.06891	0.37256	0.39719	0.01589	0.00334	0.00380	0.00945	0.00406	0.00381
24	0.00712	0.00486	0.00581	0.00626	0.00637	0.00475	0.00377	0.00745	0.00846	0.01127	0.02093	0.32084	0.02464	0.52243	0.01920	0.00397	0.00430	0.01023	0.00377	0.00355
25	0.01308	0.38279	0.35500	0.01201	0.01765	0.10953	0.01351	0.01660	0.01126	0.01414	0.00825	0.00962	0.00665	0.00478	0.00420	0.00137	0.00694	0.00331	0.00227	0.00704
26	0.01174	0.21013	0.22938	0.01285	0.01601	0.01602	0.01293	0.01435	0.00942	0.01354	0.00762	0.01055	0.00673	0.00686	0.01048	0.00183	0.39689	0.00394	0.00224	0.00648
27	0.01198	0.37739	0.45301	0.01222	0.01849	0.01585	0.01468	0.01610	0.01081	0.01462	0.00842	0.00983	0.00663	0.00473	0.00424	0.00141	0.00676	0.00338	0.00221	0.00725
28	0.03542	0.01530	0.10665	0.01143	0.01583	0.09757	0.01015	0.34694	0.01825	0.22188	0.01342	0.01315	0.00926	0.00588	0.00501	0.00152	0.00589	0.00445	0.00473	0.05726
29	0.05420	0.01757	0.01473	0.01422	0.10697	0.37213	0.01002	0.13226	0.03412	0.17665	0.01178	0.01219	0.00866	0.00565	0.00489	0.00148	0.00709	0.00413	0.00391	0.00734
30	0.00853	0.00707	0.01004	0.00942	0.00997	0.00885	0.00735	0.00993	0.00815	0.01193	0.01238	0.01994	0.01219	0.14091	0.47712	0.00626	0.22697	0.00559	0.00270	0.00472
31	0.01397	0.05420	0.01500	0.01683	0.25604	0.10458	0.01032	0.01887	0.17774	0.11208	0.04380	0.10333	0.02532	0.00721	0.00529	0.00164	0.00533	0.01709	0.00406	0.00732
32	0.01139	0.01238	0.02593	0.01879	0.02334	0.01153	0.60769	0.01538	0.01266	0.01741	0.14299	0.01820	0.01498	0.00545	0.00606	0.00170	0.00752	0.00660	0.00318	0.03682
33	0.00757	0.00506	0.00574	0.00574	0.00576	0.00508	0.00323	0.00761	0.00759	0.01014	0.01635	0.03376	0.01879	0.79871	0.04459	0.00513	0.00526	0.00753	0.00315	0.00319
34	0.00750	0.00535	0.00720	0.00720	0.00773	0.00587	0.00505	0.00855	0.00802	0.01122	0.01502	0.02638	0.01559	0.37737	0.46155	0.00693	0.01008	0.00645	0.00295	0.00400
35	0.01257	0.36207	0.01793	0.00969	0.01298	0.01506	0.00856	0.01945	0.30849	0.01655	0.01625	0.02152	0.01436	0.00722	0.00478	0.00159	0.00487	0.13522	0.00387	0.00696
36	0.02019	0.01321	0.01284	0.01060	0.01407	0.19063	0.00844	0.09373	0.10626	0.41322	0.01670	0.01564	0.01145	0.00767	0.03946	0.00186	0.00607	0.00484	0.00517	0.00795
37	0.00737	0.00496	0.00574	0.00594	0.00598	0.00492	0.00343	0.00752	0.00796	0.01062	0.01841	0.16100	0.02146	0.68662	0.02327	0.00457	0.00472	0.00875	0.00343	0.00333
38	0.01626	0.00732	0.00966	0.00793	0.01081	0.00640	0.00635	0.01833	0.01449	0.45363	0.26454	0.02827	0.11621	0.00858	0.00563	0.00164	0.00359	0.00724	0.00603	0.00708
39	0.01792	0.00844	0.01090	0.00874	0.01190	0.00781	0.00706	0.10907	0.01600	0.45714	0.25848	0.02375	0.02378	0.00774	0.00552	0.00161	0.00397	0.00648	0.00607	0.00762
40	0.00638	0.00460	0.00605	0.00714	0.00754	0.00427	0.00480	0.00738	0.01027	0.01367	0.06379	0.74664	0.06635	0.01593	0.00660	0.00208	0.00298	0.01440	0.00487	0.00427
41	0.02146	0.00844	0.01147	0.00894	0.01264	0.00733	0.00733	0.02352	0.01489	0.69649	0.11144	0.02025	0.01722	0.00695	0.00535	0.00161	0.00420	0.00574	0.00636	0.00839
42	0.02293	0.00896	0.01207	0.00932	0.01330	0.00788	0.00768	0.02547	0.04665	0.75610	0.02057	0.01780	0.01302	0.00647	0.00524	0.00162	0.00442	0.00526	0.00640	0.00884
43	0.01257	0.40452	0.38619	0.01194	0.01783	0.05723	0.01384	0.01629	0.01100	0.01428	0.00827	0.00965	0.00664	0.00474	0.00417	0.00138	0.00677	0.00332	0.00224	0.00713
44	0.01546	0.01624	0.01766	0.02235	0.40962	0.26145	0.01277	0.10678	0.01429	0.01740	0.01172	0.01360	0.04663	0.00549	0.00507	0.00149	0.00697	0.00456	0.00304	0.00743
45	0.00636	0.00489	0.00584	0.00658	0.00749	0.00437	0.00464	0.00749	0.01080	0.01370	0.03808	0.48158	0.32740	0.01501	0.00648	0.00199	0.00295	0.04520	0.00483	0.00432

[dist]
# distance from previous block
# <min> <max>
0	1

[block]
# block no. 2 follows, 47 sequences, length 6
# corresponding to MSA columns:
# 69-73,92
name=unknown_C
#
# <colnr> <probs for GDERKNQSTAVLIFYWHMCP>
#	G	D	E	R	K	N	Q	S	T	A	V	L	I	F	Y	W	H	M	C	P
0	0.09225	0.01268	0.01497	0.01239	0.01550	0.12485	0.14992	0.20449	0.01535	0.02090	0.04548	0.02367	0.01463	0.00761	0.00550	0.00174	0.00613	0.16941	0.05604	0.00650
1	0.01114	0.01241	0.02597	0.01883	0.02344	0.01153	0.62316	0.01496	0.01221	0.01619	0.01843	0.02079	0.15273	0.00604	0.00615	0.00176	0.00763	0.00705	0.00305	0.00653
2	0.00855	0.00587	0.00646	0.00581	0.00781	0.00514	0.00443	0.01068	0.01185	0.01783	0.16523	0.02940	0.21970	0.00835	0.00480	0.00135	0.00275	0.00696	0.31446	0.16257
3	0.01470	0.01436	0.05141	0.02183	0.39458	0.08604	0.01302	0.15906	0.15451	0.02043	0.01221	0.01361	0.00955	0.00547	0.00514	0.00158	0.00609	0.00472	0.00356	0.00813
4	0.01571	0.01099	0.01241	0.01028	0.01327	0.01198	0.00818	0.38886	0.12111	0.09583	0.01628	0.08664	0.01358	0.06147	0.10613	0.00271	0.00614	0.00608	0.00487	0.00749
5	0.00766	0.00529	0.00655	0.00656	0.00783	0.00474	0.00479	0.00936	0.01268	0.05955	0.34095	0.25485	0.23456	0.01264	0.00623	0.00180	0.00277	0.01109	0.00529	0.00481

[dist]
# distance from previous block
# <min> <max>
1	4

[block]
# block no. 3 follows, 47 sequences, length 23
# corresponding to MSA columns:
# 97-119
name=unknown_D
#
# <colnr> <probs for GDERKNQSTAVLIFYWHMCP>
#	G	D	E	R	K	N	Q	S	T	A	V	L	I	F	Y	W	H	M	C	P
0	0.00698	0.00580	0.00792	0.00769	0.00896	0.00541	0.05707	0.00846	0.01129	0.01462	0.11883	0.36166	0.30920	0.01345	0.00676	0.00191	0.03285	0.01183	0.00469	0.00461
1	0.01137	0.00865	0.01137	0.00906	0.01221	0.00787	0.08442	0.08710	0.04238	0.04136	0.01515	0.13466	0.01360	0.00672	0.00470	0.00131	0.00413	0.00589	0.19079	0.30725
2	0.01233	0.01368	0.02838	0.02056	0.02544	0.01323	0.66727	0.01768	0.08958	0.01708	0.01151	0.01452	0.00868	0.00480	0.00637	0.00177	0.03103	0.00607	0.00289	0.00711
3	0.00653	0.00492	0.00586	0.00641	0.00719	0.00454	0.00438	0.00749	0.01016	0.01300	0.03410	0.39585	0.28191	0.13752	0.05303	0.00278	0.00380	0.01192	0.00447	0.00415
4	0.01183	0.01085	0.01513	0.01283	0.01448	0.01326	0.09212	0.01760	0.25015	0.03955	0.01439	0.09581	0.01279	0.00860	0.01076	0.00202	0.36136	0.00621	0.00365	0.00659
5	0.01138	0.25855	0.54554	0.01293	0.01949	0.01443	0.01587	0.01603	0.01080	0.01513	0.00885	0.01048	0.00680	0.00573	0.02594	0.00167	0.00724	0.00358	0.00222	0.00732
6	0.02336	0.00886	0.01209	0.00927	0.01329	0.00765	0.00765	0.02538	0.01491	0.78810	0.02055	0.01773	0.01289	0.00645	0.00524	0.00161	0.00443	0.00524	0.00645	0.00886
7	0.01555	0.00941	0.01052	0.00889	0.01179	0.00996	0.00707	0.14307	0.26123	0.19989	0.01844	0.01790	0.01334	0.00651	0.00480	0.00154	0.00398	0.00525	0.24333	0.00753
8	0.06170	0.01084	0.01453	0.01110	0.01519	0.01057	0.08500	0.18822	0.05653	0.46476	0.01713	0.01583	0.01129	0.00615	0.00523	0.00162	0.00512	0.00512	0.00557	0.00848
9	0.00676	0.00530	0.00611	0.00591	0.00740	0.00465	0.00443	0.00864	0.01329	0.01745	0.41407	0.04456	0.41896	0.01193	0.00615	0.00170	0.00255	0.01021	0.00528	0.00465
10	0.00633	0.00461	0.00596	0.00705	0.00750	0.00425	0.00475	0.00727	0.01016	0.01337	0.03114	0.73611	0.11034	0.01600	0.00660	0.00208	0.00298	0.01442	0.00483	0.00425
11	0.00665	0.00571	0.00575	0.00567	0.00751	0.00502	0.00427	0.00895	0.06784	0.01463	0.05044	0.04787	0.72618	0.01274	0.00609	0.00176	0.00275	0.01062	0.00487	0.00468
12	0.01057	0.00965	0.01562	0.74635	0.03442	0.01191	0.01413	0.06858	0.01144	0.01474	0.00949	0.01378	0.00708	0.00528	0.00521	0.00172	0.00685	0.00463	0.00253	0.00601
13	0.00751	0.00529	0.00688	0.00688	0.00730	0.00570	0.00465	0.00834	0.00793	0.01099	0.01531	0.02800	0.01629	0.46970	0.37018	0.00653	0.00902	0.00668	0.00299	0.00382
14	0.00701	0.00546	0.00583	0.00579	0.00756	0.00465	0.00445	0.00849	0.01215	0.04306	0.09004	0.04889	0.66222	0.01288	0.00619	0.00179	0.00284	0.06112	0.00494	0.00462
15	0.00625	0.00492	0.00564	0.00622	0.00728	0.00432	0.00438	0.00737	0.01096	0.01370	0.04122	0.41642	0.42354	0.01469	0.00639	0.00193	0.00282	0.01282	0.00484	0.00432
16	0.00989	0.00939	0.01405	0.01357	0.09110	0.04818	0.11782	0.01174	0.01004	0.01382	0.04473	0.18389	0.01656	0.07872	0.14184	0.00326	0.17527	0.00748	0.00321	0.00545
17	0.01074	0.01034	0.01652	0.45836	0.13801	0.01298	0.01378	0.01347	0.00990	0.01362	0.00862	0.01300	0.00710	0.00628	0.00871	0.00187	0.24363	0.00461	0.00234	0.00612
18	0.00653	0.00461	0.00599	0.00701	0.00727	0.00435	0.00458	0.00730	0.00961	0.01281	0.02685	0.69619	0.03211	0.13690	0.00964	0.00256	0.00333	0.01372	0.00458	0.00407
19	0.07105	0.32426	0.09661	0.00937	0.01409	0.01420	0.00898	0.10846	0.01231	0.01752	0.00875	0.00993	0.00720	0.00456	0.00389	0.00115	0.00515	0.00323	0.00294	0.27634
20	0.01338	0.01160	0.01638	0.11715	0.32946	0.01253	0.01222	0.16271	0.16956	0.02031	0.01396	0.07298	0.01169	0.00637	0.00531	0.00166	0.00554	0.00565	0.00377	0.00777
21	0.00995	0.00814	0.01006	0.00888	0.01107	0.00847	0.04631	0.05295	0.26013	0.02077	0.37133	0.03152	0.10429	0.00927	0.00585	0.00171	0.00356	0.02421	0.00530	0.00624
22	0.01902	0.01313	0.01348	0.01089	0.01452	0.09206	0.00878	0.33251	0.15964	0.22381	0.01592	0.01510	0.01117	0.00636	0.00512	0.00158	0.00534	0.00492	0.03836	0.00830

[dist]
# distance from previous block
# <min> <max>
0	11

[block]
# block no. 4 follows, 47 sequences, length 18
# corresponding to MSA columns:
# 131-148
name=unknown_E
#
# <colnr> <probs for GDERKNQSTAVLIFYWHMCP>
#	G	D	E	R	K	N	Q	S	T	A	V	L	I	F	Y	W	H	M	C	P
0	0.01286	0.09655	0.41271	0.01860	0.23979	0.01251	0.01608	0.01721	0.01162	0.09893	0.01047	0.01201	0.00775	0.00497	0.00489	0.00156	0.00671	0.00412	0.00277	0.00788
1	0.00945	0.00793	0.00883	0.00741	0.01041	0.00700	0.00573	0.03690	0.12096	0.01705	0.04915	0.08859	0.26217	0.00858	0.00513	0.00139	0.00345	0.00719	0.00425	0.33841
2	0.01415	0.01225	0.01785	0.02336	0.48023	0.01260	0.01294	0.23108	0.01549	0.02124	0.01518	0.01677	0.09138	0.00602	0.00528	0.00157	0.00568	0.00533	0.00358	0.00801
3	0.00770	0.00482	0.00613	0.00622	0.00694	0.00445	0.00432	0.00709	0.00904	0.01136	0.02782	0.09097	0.31627	0.01602	0.01369	0.44889	0.00366	0.00787	0.00348	0.00326
4	0.00650	0.00464	0.00622	0.00743	0.00780	0.00437	0.00511	0.00752	0.01013	0.01347	0.02862	0.75529	0.03410	0.01617	0.00669	0.00214	0.00316	0.07154	0.00483	0.00427
5	0.00634	0.00453	0.00604	0.00725	0.00755	0.00423	0.00483	0.00725	0.00997	0.01329	0.02870	0.81358	0.03444	0.01632	0.00665	0.00211	0.00302	0.01480	0.00483	0.00423
6	0.11123	0.00853	0.01110	0.01132	0.09423	0.00843	0.00830	0.01434	0.01169	0.12092	0.07985	0.02785	0.01800	0.00840	0.00628	0.00172	0.06642	0.21878	0.00415	0.16847
7	0.02272	0.00912	0.01210	0.00931	0.01326	0.00813	0.00768	0.07389	0.01542	0.71514	0.01991	0.01743	0.01264	0.00642	0.00519	0.00160	0.00446	0.00519	0.03166	0.00874
8	0.00634	0.00453	0.00604	0.00725	0.00755	0.00423	0.00483	0.00725	0.00997	0.01329	0.02870	0.81358	0.03444	0.01632	0.00665	0.00211	0.00302	0.01480	0.00483	0.00423
9	0.01265	0.01213	0.02071	0.09192	0.72639	0.01231	0.01586	0.01577	0.01175	0.01673	0.00975	0.01297	0.00815	0.00468	0.00516	0.00156	0.00625	0.00464	0.00256	0.00806
10	0.01291	0.00922	0.01080	0.00980	0.01222	0.00971	0.00807	0.28455	0.05109	0.05288	0.07240	0.10746	0.06903	0.01067	0.00613	0.00192	0.00464	0.25490	0.00510	0.00651
11	0.00651	0.00465	0.00623	0.00743	0.00781	0.00437	0.00511	0.00753	0.01013	0.01347	0.02861	0.75435	0.03409	0.01616	0.00669	0.00214	0.00316	0.07246	0.00483	0.00427
12	0.00944	0.00483	0.00495	0.00504	0.00618	0.00480	0.00373	0.01175	0.01085	0.01893	0.01791	0.08174	0.01500	0.00687	0.00388	0.00128	0.00247	0.00563	0.77989	0.00480
13	0.01093	0.11124	0.67147	0.01503	0.05802	0.01302	0.01798	0.01637	0.01099	0.01606	0.00914	0.01080	0.00669	0.00488	0.00479	0.00159	0.00740	0.00377	0.00222	0.00761
14	0.73118	0.00991	0.00845	0.03886	0.01144	0.01125	0.00621	0.01631	0.00957	0.10492	0.00876	0.00967	0.00647	0.00502	0.00352	0.00162	0.00419	0.00315	0.00353	0.00599
15	0.01214	0.01221	0.01765	0.31413	0.38810	0.09568	0.01421	0.01510	0.01164	0.01504	0.01148	0.01467	0.04488	0.00534	0.00517	0.00160	0.00664	0.00480	0.00260	0.00692
16	0.01307	0.10207	0.19308	0.15813	0.10129	0.01309	0.01283	0.17630	0.02819	0.01918	0.01004	0.01189	0.00766	0.00507	0.00475	0.00145	0.00613	0.00407	0.00309	0.12863
17	0.10598	0.01495	0.06304	0.01147	0.01542	0.16677	0.06734	0.15127	0.09629	0.09595	0.01200	0.01259	0.00892	0.00543	0.00473	0.00144	0.00599	0.00422	0.01809	0.13811

[dist]
# distance from previous block
# <min> <max>
5	51

[block]
# block no. 5 follows, 47 sequences, length 15
# corresponding to MSA columns:
# 200-214
name=unknown_F
#
# <colnr> <probs for GDERKNQSTAVLIFYWHMCP>
#	G	D	E	R	K	N	Q	S	T	A	V	L	I	F	Y	W	H	M	C	P
0	0.01154	0.00778	0.00929	0.00797	0.00998	0.00784	0.00613	0.19350	0.01636	0.07755	0.46241	0.03051	0.03370	0.09271	0.00796	0.00197	0.00366	0.00779	0.00539	0.00597
1	0.01824	0.00857	0.01106	0.00891	0.01216	0.00803	0.00722	0.09778	0.03849	0.47512	0.14002	0.02224	0.05372	0.00975	0.06203	0.00211	0.00485	0.00614	0.00584	0.00772
2	0.06649	0.01310	0.01331	0.01069	0.01435	0.10908	0.00863	0.32822	0.03611	0.28193	0.01538	0.05423	0.01122	0.00666	0.00512	0.00159	0.00548	0.00514	0.00518	0.00808
3	0.21233	0.00710	0.00744	0.00683	0.00880	0.00724	0.00529	0.06487	0.01339	0.02097	0.39575	0.05864	0.15352	0.00954	0.00539	0.00166	0.00312	0.00793	0.00491	0.00526
4	0.00679	0.00491	0.00650	0.00753	0.00816	0.00462	0.00547	0.00810	0.01077	0.01422	0.07208	0.56846	0.08791	0.01540	0.00669	0.00212	0.00331	0.15770	0.00488	0.00439
5	0.01257	0.01205	0.02057	0.11189	0.70704	0.01229	0.01583	0.01571	0.01171	0.01663	0.00974	0.01299	0.00811	0.00470	0.00516	0.00157	0.00626	0.00464	0.00255	0.00799
6	0.06245	0.01227	0.01242	0.01043	0.01334	0.09317	0.00836	0.36393	0.04658	0.04219	0.01288	0.01479	0.01014	0.01486	0.21609	0.00335	0.00796	0.00475	0.04298	0.00705
7	0.01496	0.00787	0.00958	0.00836	0.01075	0.00767	0.00648	0.15567	0.01444	0.26899	0.02097	0.26611	0.01896	0.00943	0.00539	0.00169	0.00388	0.00806	0.15404	0.00670
8	0.01289	0.01237	0.02114	0.03196	0.78450	0.01237	0.01598	0.01598	0.01186	0.01701	0.00980	0.01289	0.00825	0.00464	0.00516	0.00155	0.00619	0.00464	0.00258	0.00825
9	0.00893	0.00778	0.01123	0.01037	0.01095	0.01008	0.00835	0.01052	0.00822	0.01226	0.01126	0.01703	0.01068	0.02774	0.50189	0.00607	0.31379	0.00519	0.00260	0.00505
10	0.01080	0.00926	0.01080	0.00771	0.01234	0.00694	0.00617	0.01311	0.01080	0.01697	0.00926	0.01080	0.00771	0.00386	0.00386	0.00077	0.00386	0.00309	0.00309	0.84882
11	0.01045	0.02694	0.79000	0.01484	0.02254	0.01209	0.01924	0.01649	0.01099	0.01649	0.00935	0.01099	0.00660	0.00495	0.00495	0.00165	0.00770	0.00385	0.00220	0.00770
12	0.01399	0.01133	0.01175	0.00976	0.01247	0.08285	0.00780	0.26846	0.01638	0.06472	0.10713	0.04309	0.16844	0.00845	0.00663	0.00162	0.08775	0.00652	0.00457	0.06629
13	0.04769	0.01430	0.01389	0.01305	0.09395	0.17169	0.00934	0.15963	0.18642	0.02024	0.01219	0.01293	0.00951	0.00567	0.00526	0.00144	0.03896	0.00428	0.00382	0.17575
14	0.25043	0.01286	0.01397	0.01580	0.22685	0.09029	0.00998	0.13284	0.11488	0.04840	0.01217	0.01311	0.02583	0.00559	0.00462	0.00158	0.00542	0.00434	0.00372	0.00733

[dist]
# distance from previous block
# <min> <max>
4	22

[block]
# block no. 6 follows, 47 sequences, length 34
# corresponding to MSA columns:
# 237-270
name=unknown_G
#
# <colnr> <probs for GDERKNQSTAVLIFYWHMCP>
#	G	D	E	R	K	N	Q	S	T	A	V	L	I	F	Y	W	H	M	C	P
0	0.17470	0.01285	0.01316	0.01056	0.01431	0.03162	0.00862	0.41851	0.13562	0.10819	0.01360	0.01329	0.00971	0.00611	0.00484	0.00160	0.00511	0.00455	0.00493	0.00810
1	0.15815	0.10406	0.01487	0.01084	0.01432	0.17854	0.00888	0.26414	0.06488	0.08541	0.01111	0.01155	0.00833	0.00581	0.00503	0.00152	0.03723	0.00400	0.00401	0.00733
2	0.01313	0.57675	0.17491	0.01261	0.10025	0.01804	0.01170	0.01581	0.01080	0.01360	0.00793	0.00937	0.00684	0.00457	0.00385	0.00127	0.00605	0.00320	0.00226	0.00705
3	0.01300	0.10152	0.02182	0.02942	0.69939	0.01328	0.01520	0.01594	0.01172	0.01649	0.00951	0.01239	0.00808	0.00462	0.00496	0.00150	0.00612	0.00444	0.00254	0.00808
4	0.01281	0.33960	0.40357	0.01235	0.01821	0.10197	0.01415	0.01661	0.01125	0.01441	0.00837	0.00978	0.00664	0.00480	0.00429	0.00140	0.00704	0.00337	0.00226	0.00711
5	0.01980	0.01459	0.01563	0.01198	0.01615	0.01615	0.00990	0.76713	0.02448	0.03282	0.01250	0.01250	0.00886	0.00625	0.00521	0.00156	0.00573	0.00469	0.00521	0.00886
6	0.01080	0.00926	0.01080	0.00771	0.01234	0.00694	0.00617	0.01311	0.01080	0.01697	0.00926	0.01080	0.00771	0.00386	0.00386	0.00077	0.00386	0.00309	0.00309	0.84882
7	0.01289	0.01237	0.02114	0.03196	0.78450	0.01237	0.01598	0.01598	0.01186	0.01701	0.00980	0.01289	0.00825	0.00464	0.00516	0.00155	0.00619	0.00464	0.00258	0.00825
8	0.01866	0.01257	0.01397	0.01100	0.01473	0.01354	0.00897	0.53885	0.06403	0.14436	0.04890	0.05880	0.01303	0.00707	0.00534	0.00162	0.00515	0.00560	0.00540	0.00840
9	0.01045	0.02694	0.79000	0.01484	0.02254	0.01209	0.01924	0.01649	0.01099	0.01649	0.00935	0.01099	0.00660	0.00495	0.00495	0.00165	0.00770	0.00385	0.00220	0.00770
10	0.00709	0.00554	0.00657	0.00695	0.00845	0.00502	0.00564	0.00891	0.01223	0.01536	0.12425	0.05195	0.43369	0.01333	0.00652	0.00197	0.00339	0.27363	0.00492	0.00460
11	0.01289	0.01237	0.02114	0.03196	0.78450	0.01237	0.01598	0.01598	0.01186	0.01701	0.00980	0.01289	0.00825	0.00464	0.00516	0.00155	0.00619	0.00464	0.00258	0.00825
12	0.00990	0.00934	0.01563	0.77365	0.03500	0.01174	0.01434	0.01328	0.01032	0.01328	0.00916	0.01379	0.00694	0.00536	0.00567	0.00176	0.03814	0.00463	0.00231	0.00578
13	0.01980	0.01459	0.01563	0.01198	0.01615	0.01615	0.00990	0.76713	0.02448	0.03282	0.01250	0.01250	0.00886	0.00625	0.00521	0.00156	0.00573	0.00469	0.00521	0.00886
14	0.00983	0.00926	0.01562	0.80447	0.03587	0.01157	0.01446	0.01331	0.01041	0.01331	0.00926	0.01388	0.00694	0.00521	0.00521	0.00174	0.00694	0.00463	0.00231	0.00579
15	0.01980	0.01459	0.01563	0.01198	0.01615	0.01615	0.00990	0.76713	0.02448	0.03282	0.01250	0.01250	0.00886	0.00625	0.00521	0.00156	0.00573	0.00469	0.00521	0.00886
16	0.01354	0.73258	0.11146	0.00957	0.01438	0.01967	0.01005	0.01569	0.01063	0.01272	0.00747	0.00865	0.00667	0.00451	0.00352	0.00117	0.00580	0.00290	0.00222	0.00679
17	0.00634	0.00453	0.00604	0.00725	0.00755	0.00423	0.00483	0.00725	0.00997	0.01329	0.02870	0.81358	0.03444	0.01632	0.00665	0.00211	0.00302	0.01480	0.00483	0.00423
18	0.01889	0.01391	0.01498	0.01166	0.01557	0.01535	0.00956	0.71601	0.02351	0.03151	0.01359	0.06640	0.01058	0.00693	0.00531	0.00160	0.00555	0.00537	0.00518	0.00854
19	0.01475	0.01180	0.01249	0.01053	0.01380	0.01320	0.00839	0.30105	0.41110	0.02505	0.02144	0.02023	0.09786	0.00744	0.00536	0.00169	0.00456	0.00600	0.00521	0.00805
20	0.00786	0.00546	0.00691	0.00647	0.00790	0.00495	0.00488	0.01012	0.01430	0.05216	0.63614	0.03975	0.16179	0.01087	0.00611	0.00166	0.00257	0.00949	0.00562	0.00500
21	0.00615	0.00528	0.00528	0.00528	0.00703	0.00440	0.00396	0.00747	0.01187	0.01407	0.05276	0.05012	0.78238	0.01319	0.00615	0.00176	0.00264	0.01099	0.00484	0.00440
22	0.00665	0.00482	0.00618	0.00715	0.00770	0.00451	0.00499	0.00769	0.01022	0.01338	0.03038	0.57748	0.12001	0.08112	0.00827	0.00234	0.00334	0.09484	0.00469	0.00422
23	0.01225	0.01391	0.02999	0.02154	0.02654	0.01331	0.72794	0.01647	0.01208	0.01647	0.01035	0.01391	0.00785	0.00463	0.00669	0.00178	0.04864	0.00607	0.00262	0.00696
24	0.01229	0.01405	0.03073	0.02195	0.02722	0.01317	0.76558	0.01668	0.01229	0.01668	0.01054	0.01405	0.00790	0.00439	0.00615	0.00176	0.00878	0.00615	0.00263	0.00702
25	0.00634	0.00453	0.00604	0.00725	0.00755	0.00423	0.00483	0.00725	0.00997	0.01329	0.02870	0.81358	0.03444	0.01632	0.00665	0.00211	0.00302	0.01480	0.00483	0.00423
26	0.01223	0.00981	0.01060	0.00952	0.01204	0.01076	0.00735	0.18471	0.35245	0.02149	0.02500	0.18208	0.12060	0.00957	0.00567	0.00179	0.00406	0.00810	0.00512	0.00706
27	0.01810	0.02646	0.01482	0.01219	0.04752	0.04109	0.09195	0.02438	0.25290	0.38498	0.01845	0.01715	0.01273	0.00626	0.00530	0.00165	0.00510	0.00540	0.00527	0.00829
28	0.01140	0.00961	0.01112	0.00800	0.01260	0.00756	0.00642	0.06384	0.01172	0.01804	0.00947	0.01091	0.00779	0.00402	0.00395	0.00082	0.00398	0.00319	0.00323	0.79231
29	0.00633	0.00458	0.00599	0.00712	0.00752	0.00424	0.00478	0.00727	0.01010	0.01335	0.03032	0.76222	0.08476	0.01610	0.00661	0.00209	0.00300	0.01455	0.00483	0.00424
30	0.13693	0.01850	0.42557	0.01130	0.01655	0.01099	0.01294	0.09806	0.01201	0.01953	0.01094	0.01314	0.00834	0.03948	0.00541	0.00171	0.00595	0.00411	0.14167	0.00686
31	0.01699	0.01256	0.01478	0.01125	0.01545	0.09761	0.09160	0.17370	0.03041	0.21398	0.01301	0.01327	0.00932	0.00529	0.00486	0.00134	0.00555	0.00438	0.00432	0.26032
32	0.67904	0.00892	0.00747	0.00684	0.00939	0.01020	0.00541	0.01354	0.00843	0.02040	0.00762	0.00998	0.00634	0.00758	0.00677	0.17678	0.00413	0.00317	0.00302	0.00494
33	0.01502	0.01200	0.01681	0.02167	0.42490	0.06377	0.01217	0.01925	0.11198	0.16317	0.04237	0.01531	0.01154	0.00554	0.00514	0.00154	0.00556	0.00494	0.00381	0.04352

[dist]
# distance from previous block
# <min> <max>
0	1

[block]
# block no. 7 follows, 47 sequences, length 18
# corresponding to MSA columns:
# 272-289
name=unknown_H
#
# <colnr> <probs for GDERKNQSTAVLIFYWHMCP>
#	G	D	E	R	K	N	Q	S	T	A	V	L	I	F	Y	W	H	M	C	P
0	0.00943	0.00686	0.00804	0.00800	0.00956	0.03708	0.00642	0.04088	0.01319	0.06314	0.23127	0.06183	0.15892	0.05688	0.00751	0.00211	0.00398	0.26481	0.00499	0.00511
1	0.01370	0.01175	0.01197	0.01033	0.01361	0.05878	0.00808	0.05419	0.55363	0.05124	0.01822	0.01718	0.01371	0.00642	0.00504	0.00158	0.00447	0.00524	0.00485	0.13603
2	0.00835	0.00463	0.00646	0.00664	0.00669	0.00458	0.00430	0.00701	0.00742	0.00990	0.01347	0.14074	0.01483	0.17316	0.01946	0.55573	0.00440	0.00668	0.00283	0.00273
3	0.01553	0.01013	0.01119	0.00938	0.01224	0.05638	0.00743	0.16857	0.13229	0.22055	0.25236	0.04131	0.02381	0.00795	0.00552	0.00163	0.00430	0.00662	0.00554	0.00728
4	0.01456	0.01155	0.01165	0.00888	0.01310	0.12713	0.00705	0.01667	0.01220	0.16627	0.01127	0.01193	0.00857	0.00459	0.00425	0.00102	0.00481	0.00354	0.00368	0.55729
5	0.00653	0.00461	0.00599	0.00701	0.00727	0.00435	0.00458	0.00730	0.00961	0.01281	0.02683	0.69500	0.03208	0.13812	0.00967	0.00256	0.00333	0.01370	0.00458	0.00407
6	0.01980	0.01459	0.01563	0.01198	0.01615	0.01615	0.00990	0.76713	0.02448	0.03282	0.01250	0.01250	0.00886	0.00625	0.00521	0.00156	0.00573	0.00469	0.00521	0.00886
7	0.01098	0.12522	0.65261	0.01450	0.02165	0.01322	0.05943	0.01639	0.01102	0.01597	0.00915	0.01083	0.00668	0.00486	0.00481	0.00159	0.00749	0.00384	0.00223	0.00753
8	0.01101	0.06667	0.63110	0.01388	0.02068	0.01268	0.01702	0.01815	0.12721	0.01707	0.01104	0.01214	0.00802	0.00524	0.00492	0.00164	0.00704	0.00410	0.00267	0.00773
9	0.00876	0.00841	0.01506	0.01194	0.01461	0.00775	0.28280	0.01131	0.01208	0.01597	0.16264	0.12307	0.22303	0.05457	0.00736	0.00197	0.00507	0.02413	0.00410	0.00537
10	0.01213	0.00977	0.01005	0.00905	0.01145	0.03939	0.00685	0.04912	0.42922	0.06463	0.02484	0.02601	0.14269	0.13116	0.00864	0.00223	0.00429	0.00681	0.00486	0.00681
11	0.01339	0.73269	0.06660	0.00905	0.01343	0.01929	0.00914	0.01520	0.01044	0.01236	0.00786	0.00992	0.00736	0.04964	0.00471	0.00136	0.00565	0.00311	0.00228	0.00654
12	0.00938	0.00488	0.00498	0.00498	0.00601	0.00488	0.00357	0.01144	0.01041	0.01800	0.01690	0.02165	0.01420	0.12943	0.00712	0.00180	0.00283	0.00527	0.71769	0.00460
13	0.01477	0.01133	0.01224	0.01062	0.01381	0.01277	0.00837	0.10985	0.61415	0.10093	0.02016	0.01848	0.01481	0.00691	0.00528	0.00173	0.00433	0.00569	0.00541	0.00837
14	0.01217	0.34500	0.41930	0.01285	0.01898	0.03446	0.05949	0.01625	0.01100	0.01471	0.00854	0.01008	0.00671	0.00473	0.00437	0.00143	0.00695	0.00355	0.00225	0.00721
15	0.00822	0.00775	0.01351	0.01124	0.01356	0.00711	0.23840	0.01042	0.01146	0.01487	0.05195	0.29055	0.24966	0.01149	0.00635	0.00189	0.00472	0.03748	0.00418	0.00518
16	0.00719	0.00492	0.00576	0.00607	0.00623	0.00480	0.00363	0.00748	0.00840	0.01111	0.02128	0.23887	0.05765	0.57089	0.02038	0.00413	0.00441	0.00962	0.00367	0.00349
17	0.01020	0.00822	0.01098	0.01199	0.12816	0.00823	0.02668	0.05589	0.13562	0.03994	0.12116	0.20348	0.11491	0.01119	0.04287	0.00204	0.00446	0.00855	0.00450	0.05094

[dist]
# distance from previous block
# <min> <max>
0	1

[block]
# block no. 8 follows, 47 sequences, length 20
# corresponding to MSA columns:
# 291-310
name=unknown_I
#
# <colnr> <probs for GDERKNQSTAVLIFYWHMCP>
#	G	D	E	R	K	N	Q	S	T	A	V	L	I	F	Y	W	H	M	C	P
0	0.01638	0.01326	0.11291	0.01347	0.01777	0.01144	0.18415	0.15038	0.03818	0.25600	0.06978	0.01633	0.01260	0.00624	0.00621	0.00169	0.05548	0.00546	0.00448	0.00779
1	0.01796	0.02241	0.01379	0.01257	0.01507	0.69839	0.00943	0.01944	0.01476	0.01375	0.10358	0.01303	0.01195	0.00602	0.00487	0.00138	0.00854	0.00410	0.00306	0.00590
2	0.00760	0.00537	0.00689	0.00728	0.00830	0.00503	0.00539	0.02696	0.01229	0.03496	0.25039	0.37147	0.12001	0.01360	0.00644	0.00195	0.00313	0.10305	0.00514	0.00474
3	0.01384	0.11607	0.20762	0.01652	0.02204	0.01339	0.35664	0.06703	0.01288	0.10698	0.01114	0.01295	0.00808	0.00489	0.00535	0.00162	0.00742	0.00498	0.00309	0.00748
4	0.00879	0.00563	0.00708	0.00702	0.00816	0.00603	0.00533	0.04937	0.01065	0.01646	0.05268	0.11845	0.01726	0.02088	0.32434	0.00425	0.00733	0.00658	0.31881	0.00490
5	0.00739	0.00516	0.00669	0.00752	0.00802	0.00505	0.00546	0.00849	0.00988	0.01304	0.02453	0.32835	0.02819	0.26403	0.01298	0.00312	0.00422	0.24951	0.00430	0.00408
6	0.01381	0.01596	0.02432	0.02029	0.11684	0.19540	0.43587	0.01707	0.01258	0.01551	0.01090	0.01373	0.03004	0.00515	0.00625	0.00166	0.04978	0.00537	0.00268	0.00680
7	0.01814	0.02843	0.15942	0.01224	0.01692	0.04930	0.06551	0.26535	0.01690	0.26814	0.01453	0.03794	0.01029	0.00617	0.00523	0.00161	0.00599	0.00502	0.00468	0.00820
8	0.00924	0.00792	0.01170	0.01027	0.01240	0.03094	0.15079	0.01199	0.05848	0.05106	0.02995	0.27301	0.22187	0.01166	0.00627	0.00191	0.00453	0.08619	0.00445	0.00538
9	0.01947	0.02433	0.01480	0.01335	0.01610	0.75895	0.01005	0.05632	0.01522	0.01370	0.00826	0.00954	0.00681	0.00541	0.00472	0.00135	0.00922	0.00342	0.00280	0.00617
10	0.48340	0.00953	0.00963	0.00793	0.01151	0.00989	0.00654	0.01980	0.01156	0.36445	0.01318	0.01259	0.00887	0.00555	0.00412	0.00161	0.00421	0.00390	0.00466	0.00708
11	0.35770	0.00922	0.00950	0.00797	0.01102	0.00969	0.00646	0.10916	0.01359	0.20067	0.19507	0.01834	0.01805	0.00676	0.00463	0.00161	0.00396	0.00518	0.00481	0.00661
12	0.01324	0.53803	0.25056	0.01093	0.01623	0.06598	0.01202	0.01618	0.01096	0.01353	0.00791	0.00919	0.00666	0.00466	0.00390	0.00129	0.00643	0.00313	0.00225	0.00694
13	0.01256	0.00978	0.01078	0.00935	0.01194	0.01059	0.00732	0.23620	0.25282	0.02351	0.20419	0.08767	0.08324	0.00890	0.00565	0.00170	0.00399	0.00749	0.00530	0.00700
14	0.00648	0.00477	0.00585	0.00662	0.00722	0.00438	0.00444	0.00739	0.01018	0.01323	0.04883	0.53785	0.19203	0.11439	0.00898	0.00239	0.00318	0.01298	0.00465	0.00415
15	0.00642	0.00456	0.00602	0.00715	0.00744	0.00428	0.00473	0.00727	0.00982	0.01310	0.02795	0.76571	0.03349	0.06549	0.00787	0.00230	0.00315	0.01436	0.00473	0.00416
16	0.01449	0.35334	0.02284	0.01810	0.27862	0.12091	0.04844	0.01706	0.03015	0.03778	0.00912	0.01087	0.00769	0.00476	0.00439	0.00135	0.00638	0.00381	0.00263	0.00725
17	0.00817	0.00497	0.00687	0.00676	0.00743	0.00476	0.00486	0.00832	0.01067	0.01464	0.34007	0.02945	0.06325	0.01451	0.01298	0.40564	0.00357	0.04548	0.00399	0.00362
18	0.06568	0.00639	0.00637	0.00586	0.00757	0.00669	0.00454	0.10556	0.01246	0.02133	0.01580	0.01785	0.01229	0.00601	0.00381	0.00128	0.00294	0.00470	0.68745	0.00540
19	0.01187	0.00986	0.01007	0.00878	0.01125	0.05789	0.00686	0.18955	0.17125	0.02185	0.24079	0.02944	0.19089	0.00913	0.00567	0.00165	0.00402	0.00757	0.00514	0.00646

[dist]
# distance from previous block
# <min> <max>
5	8

[block]
# block no. 9 follows, 47 sequences, length 10
# corresponding to MSA columns:
# 319-328
name=unknown_J
#
# <colnr> <probs for GDERKNQSTAVLIFYWHMCP>
#	G	D	E	R	K	N	Q	S	T	A	V	L	I	F	Y	W	H	M	C	P
0	0.01318	0.01037	0.01712	0.38427	0.31428	0.01124	0.01393	0.01627	0.01169	0.14052	0.01129	0.01413	0.00840	0.00519	0.00519	0.00164	0.00625	0.00473	0.00308	0.00721
1	0.00744	0.00558	0.00837	0.00837	0.00930	0.00651	0.00651	0.00930	0.00837	0.01209	0.01395	0.02046	0.01302	0.03906	0.79635	0.00837	0.01395	0.00558	0.00279	0.00465
2	0.01286	0.01239	0.01550	0.56036	0.02978	0.12678	0.01308	0.13681	0.01333	0.01639	0.00961	0.01300	0.00722	0.00540	0.00513	0.00165	0.00710	0.00445	0.00284	0.00632
3	0.03618	0.00837	0.00997	0.00870	0.01097	0.00841	0.00663	0.18015	0.03548	0.22322	0.01987	0.20969	0.01876	0.16092	0.00957	0.00240	0.00449	0.03477	0.00500	0.00644
4	0.01244	0.01192	0.02033	0.14467	0.67527	0.01226	0.01576	0.01559	0.01165	0.01647	0.00972	0.01303	0.00806	0.00472	0.00516	0.00157	0.00630	0.00464	0.00254	0.00789
5	0.00728	0.00543	0.00803	0.00821	0.00904	0.00618	0.00627	0.00900	0.00860	0.01226	0.01610	0.13618	0.01614	0.03574	0.68113	0.00746	0.01235	0.00693	0.00309	0.00459
6	0.01006	0.01873	0.43381	0.01446	0.01978	0.01065	0.15146	0.01460	0.01127	0.01611	0.03500	0.09873	0.01370	0.00743	0.00598	0.00182	0.02899	0.09771	0.00296	0.00674
7	0.01191	0.02659	0.66411	0.01461	0.02149	0.13940	0.01775	0.01719	0.01161	0.01588	0.00914	0.01073	0.00661	0.00502	0.00491	0.00160	0.00797	0.00377	0.00228	0.00743
8	0.01386	0.00984	0.01044	0.00901	0.01172	0.01089	0.00712	0.19399	0.32701	0.05075	0.01780	0.01776	0.01333	0.00653	0.00474	0.00153	0.00396	0.00525	0.27715	0.00731
9	0.00875	0.00738	0.00785	0.00760	0.00957	0.00759	0.00571	0.01505	0.29914	0.01685	0.03696	0.16253	0.37212	0.01139	0.00591	0.00182	0.00326	0.00969	0.00501	0.00582

[dist]
# distance from previous block
# <min> <max>
0	2

[block]
# block no. 10 follows, 47 sequences, length 85
# corresponding to MSA columns:
# 331-415
name=unknown_K
#
# <colnr> <probs for GDERKNQSTAVLIFYWHMCP>
#	G	D	E	R	K	N	Q	S	T	A	V	L	I	F	Y	W	H	M	C	P
0	0.01073	0.01087	0.01051	0.01008	0.01173	0.20842	0.05799	0.01249	0.01240	0.01470	0.10822	0.20842	0.07863	0.04185	0.00690	0.00199	0.00544	0.17941	0.00416	0.00506
1	0.27322	0.01044	0.01171	0.01182	0.09864	0.07625	0.04649	0.01468	0.01072	0.08793	0.01400	0.19563	0.01362	0.00786	0.00565	0.00170	0.05874	0.00635	0.00367	0.05086
2	0.62718	0.01077	0.01119	0.00933	0.01260	0.01227	0.09172	0.03069	0.07442	0.02208	0.00888	0.01025	0.00689	0.00523	0.00450	0.00168	0.04733	0.00358	0.00332	0.00608
3	0.01219	0.01166	0.01987	0.20960	0.61235	0.01219	0.01563	0.01537	0.01153	0.01616	0.00967	0.01312	0.00795	0.00477	0.00517	0.00159	0.00636	0.00464	0.00252	0.00768
4	0.01332	0.01036	0.01188	0.00869	0.01319	0.00893	0.00703	0.17328	0.01390	0.05851	0.01050	0.01150	0.00821	0.00449	0.00421	0.00098	0.00428	0.00353	0.00370	0.62948
5	0.00634	0.00453	0.00604	0.00725	0.00755	0.00423	0.00483	0.00725	0.00997	0.01329	0.02870	0.81358	0.03444	0.01632	0.00665	0.00211	0.00302	0.01480	0.00483	0.00423
6	0.00815	0.00662	0.00973	0.00932	0.01008	0.00821	0.00739	0.00988	0.00830	0.01217	0.01267	0.01883	0.01191	0.03368	0.65634	0.00728	0.15651	0.00540	0.00270	0.00484
7	0.00634	0.00453	0.00604	0.00725	0.00755	0.00423	0.00483	0.00725	0.00997	0.01329	0.02870	0.81358	0.03444	0.01632	0.00665	0.00211	0.00302	0.01480	0.00483	0.00423
8	0.01080	0.00926	0.01080	0.00771	0.01234	0.00694	0.00617	0.01311	0.01080	0.01697	0.00926	0.01080	0.00771	0.00386	0.00386	0.00077	0.00386	0.00309	0.00309	0.84882
9	0.00796	0.00598	0.00922	0.00876	0.01004	0.00552	0.09050	0.00961	0.01143	0.04985	0.16693	0.50549	0.07150	0.01332	0.00641	0.00195	0.00361	0.01221	0.00483	0.00489
10	0.01341	0.01142	0.01203	0.01069	0.01372	0.01317	0.00835	0.07735	0.72466	0.02253	0.02061	0.01896	0.01542	0.00701	0.00529	0.00175	0.00423	0.00581	0.00529	0.00828
11	0.01252	0.01381	0.02425	0.01815	0.02227	0.08477	0.50191	0.01739	0.09853	0.01631	0.01247	0.01531	0.02599	0.00756	0.05959	0.00219	0.05137	0.00584	0.00298	0.00678
12	0.01284	0.00957	0.01028	0.00896	0.01140	0.06162	0.00697	0.10188	0.19943	0.11143	0.33841	0.04354	0.02834	0.00843	0.00560	0.00163	0.00396	0.00713	0.00538	0.02320
13	0.01094	0.14062	0.68069	0.01399	0.02122	0.01331	0.01776	0.01636	0.01094	0.01588	0.00904	0.01062	0.00661	0.00488	0.00472	0.00157	0.00739	0.00370	0.00220	0.00755
14	0.02336	0.00886	0.01209	0.00927	0.01329	0.00765	0.00765	0.02538	0.01491	0.78810	0.02055	0.01773	0.01289	0.00645	0.00524	0.00161	0.00443	0.00524	0.00645	0.00886
15	0.07701	0.01560	0.01234	0.01117	0.01395	0.29056	0.00867	0.06987	0.32084	0.01883	0.03081	0.01818	0.02655	0.00692	0.00508	0.00163	0.00608	0.05480	0.00418	0.00694
16	0.01672	0.01169	0.01597	0.01244	0.01629	0.02911	0.15683	0.16880	0.20065	0.23271	0.01904	0.01838	0.06341	0.00658	0.00547	0.00167	0.00546	0.00581	0.00498	0.00799
17	0.00693	0.00531	0.00635	0.00609	0.00751	0.00473	0.00457	0.00897	0.01370	0.01841	0.51750	0.04297	0.31493	0.01157	0.00615	0.00168	0.00252	0.00999	0.00541	0.00473
18	0.01276	0.01224	0.02091	0.06410	0.75336	0.01234	0.01592	0.01587	0.01180	0.01686	0.00977	0.01293	0.00819	0.00466	0.00516	0.00155	0.00622	0.00464	0.00257	0.00815
19	0.01910	0.01837	0.01667	0.01349	0.01714	0.34379	0.09478	0.30758	0.01823	0.08428	0.01106	0.01179	0.00817	0.00568	0.00510	0.00150	0.00751	0.00433	0.00396	0.00746
20	0.01503	0.01032	0.01091	0.00936	0.01227	0.05022	0.00749	0.17810	0.19884	0.16052	0.02281	0.02393	0.11825	0.00790	0.00529	0.00165	0.00444	0.05562	0.09980	0.00724
21	0.00737	0.00520	0.00688	0.00767	0.00826	0.00514	0.00567	0.00865	0.01009	0.01343	0.04754	0.32161	0.02849	0.20118	0.06443	0.00328	0.00476	0.24181	0.00433	0.00421
22	0.01744	0.01733	0.01462	0.01410	0.10162	0.34817	0.00994	0.12840	0.14064	0.08274	0.01217	0.01267	0.00929	0.00568	0.00491	0.00145	0.00685	0.00425	0.00381	0.06391
23	0.01059	0.01050	0.01658	0.01379	0.01478	0.01311	0.14549	0.01222	0.00905	0.01329	0.01138	0.13956	0.01193	0.04562	0.01390	0.00228	0.50096	0.00660	0.00279	0.00559
24	0.00788	0.00583	0.00767	0.00859	0.00992	0.00563	0.00737	0.01002	0.01196	0.01523	0.03339	0.05675	0.20366	0.01411	0.00695	0.00225	0.00430	0.57897	0.00480	0.00470
25	0.00945	0.10339	0.22966	0.00975	0.01304	0.00922	0.00970	0.06235	0.01224	0.01688	0.16759	0.29148	0.02466	0.01000	0.00560	0.00174	0.00469	0.00864	0.00400	0.00593
26	0.01482	0.01168	0.01280	0.01076	0.01380	0.01322	0.00860	0.28239	0.37328	0.03919	0.10294	0.01875	0.01665	0.00728	0.00599	0.00171	0.04722	0.00578	0.00518	0.00796
27	0.01392	0.82012	0.02729	0.00891	0.01337	0.02061	0.00891	0.01559	0.01058	0.01225	0.00724	0.00835	0.00668	0.00446	0.00334	0.00111	0.00557	0.00278	0.00223	0.00668
28	0.00622	0.00502	0.00554	0.00595	0.00721	0.00434	0.00426	0.00740	0.01122	0.01380	0.04451	0.31190	0.52592	0.01426	0.00632	0.00188	0.00277	0.01230	0.00484	0.00434
29	0.01753	0.01453	0.01396	0.01150	0.01502	0.12160	0.00919	0.39464	0.25420	0.05182	0.01495	0.01454	0.01097	0.00638	0.00513	0.00159	0.00562	0.00490	0.02373	0.00819
30	0.01140	0.01292	0.00906	0.00861	0.01064	0.31600	0.00642	0.01270	0.01288	0.01350	0.03354	0.08538	0.42682	0.01032	0.00561	0.00162	0.00532	0.00824	0.00399	0.00503
