[name]
unknown

[dist]
# distance from previous block
# <min> <max>
0	22

[block]
# block no. 0 follows, 44 sequences, length 19
# corresponding to MSA columns:
# 23-41
name=unknown_A
#
# <colnr> <probs for GDERKNQSTAVLIFYWHMCP>
#	G	D	E	R	K	N	Q	S	T	A	V	L	I	F	Y	W	H	M	C	P
0	0.03214	0.44153	0.12534	0.01030	0.01509	0.01636	0.01039	0.06417	0.01249	0.06995	0.01111	0.01455	0.00961	0.00578	0.00436	0.00139	0.00580	0.06208	0.00316	0.08437
1	0.01381	0.36884	0.36513	0.01235	0.01850	0.01661	0.01420	0.06538	0.01244	0.05300	0.00960	0.01074	0.00742	0.00512	0.00448	0.00147	0.00679	0.00367	0.00273	0.00773
2	0.01278	0.21004	0.10077	0.00949	0.01274	0.01117	0.00863	0.07343	0.01294	0.12394	0.04893	0.27969	0.05408	0.00997	0.00552	0.00174	0.00477	0.00841	0.00438	0.00658
3	0.01229	0.31882	0.50137	0.01324	0.02003	0.01597	0.01613	0.01692	0.01135	0.01562	0.00897	0.01048	0.00694	0.00499	0.00456	0.00152	0.00723	0.00362	0.00231	0.00766
4	0.00886	0.08168	0.04025	0.00738	0.00973	0.00764	0.00619	0.06933	0.01377	0.01754	0.17301	0.08114	0.40899	0.01178	0.00611	0.00178	0.00360	0.04089	0.00490	0.00544
5	0.05319	0.24108	0.07378	0.00921	0.01202	0.01147	0.00815	0.06056	0.01196	0.05253	0.01931	0.35305	0.02088	0.01071	0.00550	0.00180	0.00470	0.03994	0.00408	0.00610
6	0.01583	0.01890	0.37205	0.01283	0.01840	0.06011	0.03173	0.01982	0.01310	0.27916	0.01576	0.09175	0.01208	0.00690	0.00547	0.00174	0.00654	0.00568	0.00415	0.00799
7	0.00720	0.00571	0.00866	0.00888	0.00977	0.00530	0.07423	0.00852	0.01079	0.01430	0.02991	0.68342	0.08089	0.01572	0.00688	0.00216	0.00369	0.01440	0.00485	0.00471
8	0.01219	0.02544	0.64979	0.01576	0.02328	0.01239	0.08701	0.01803	0.01196	0.07804	0.01083	0.01237	0.00756	0.00525	0.00532	0.00173	0.00789	0.00437	0.00270	0.00809
9	0.01245	0.01400	0.08458	0.02611	0.39235	0.01242	0.26452	0.01618	0.01231	0.01729	0.01231	0.08684	0.01091	0.00592	0.00587	0.00176	0.00721	0.00631	0.00290	0.00777
10	0.00702	0.00505	0.00667	0.00784	0.00837	0.00476	0.00556	0.00822	0.01080	0.01424	0.03066	0.62257	0.07040	0.04238	0.00770	0.00234	0.00351	0.13242	0.00500	0.00450
11	0.00664	0.00474	0.00633	0.00759	0.00791	0.00443	0.00506	0.00759	0.01044	0.01392	0.03005	0.80485	0.03606	0.01708	0.00696	0.00221	0.00316	0.01550	0.00506	0.00443
12	0.19929	0.00688	0.00756	0.00766	0.00936	0.00693	0.00572	0.02580	0.01131	0.09658	0.02566	0.39964	0.09350	0.01237	0.00585	0.00198	0.00364	0.04544	0.02939	0.00542
13	0.05574	0.05505	0.35059	0.01146	0.01682	0.01073	0.01266	0.01883	0.06085	0.18891	0.01737	0.01748	0.07073	0.00644	0.00508	0.00166	0.00582	0.00508	0.08104	0.00766
14	0.02152	0.01427	0.05156	0.01097	0.01495	0.19601	0.00913	0.02423	0.04541	0.48236	0.03578	0.01648	0.01249	0.00644	0.00531	0.00160	0.00598	0.00500	0.00540	0.03509
15	0.01089	0.08364	0.55128	0.01348	0.01974	0.01195	0.01624	0.01582	0.01109	0.03483	0.01153	0.04530	0.00943	0.02727	0.11163	0.00273	0.00843	0.00477	0.00263	0.00733
16	0.08188	0.25182	0.15836	0.01273	0.04671	0.19145	0.02639	0.06770	0.02672	0.03408	0.04753	0.01213	0.00968	0.00556	0.00461	0.00148	0.00691	0.00400	0.00309	0.00716
17	0.03929	0.24915	0.29028	0.04576	0.08542	0.02811	0.05231	0.01599	0.01200	0.01664	0.10423	0.01470	0.01270	0.00573	0.00488	0.00156	0.00652	0.00462	0.00288	0.00722
18	0.04262	0.16142	0.18427	0.01176	0.01600	0.26544	0.01111	0.01715	0.02477	0.01528	0.02350	0.07583	0.03932	0.00652	0.00484	0.00148	0.00701	0.00487	0.00303	0.08378

[dist]
# distance from previous block
# <min> <max>
15	83

[block]
# block no. 1 follows, 44 sequences, length 57
# corresponding to MSA columns:
# 137-193
name=unknown_B
#
# <colnr> <probs for GDERKNQSTAVLIFYWHMCP>
#	G	D	E	R	K	N	Q	S	T	A	V	L	I	F	Y	W	H	M	C	P
0	0.06205	0.04743	0.02896	0.00958	0.01260	0.01143	0.00775	0.25732	0.10359	0.06471	0.10107	0.07658	0.06936	0.09188	0.00782	0.00207	0.00475	0.00685	0.00493	0.02927
1	0.03865	0.04223	0.01732	0.11095	0.28301	0.10770	0.01245	0.01778	0.02154	0.12944	0.05493	0.01505	0.01124	0.00620	0.00666	0.00169	0.09421	0.00493	0.00348	0.02057
2	0.06127	0.15375	0.24280	0.01402	0.09461	0.03441	0.01282	0.11291	0.07329	0.01952	0.02463	0.01562	0.02942	0.00610	0.00496	0.00159	0.00621	0.03637	0.00339	0.05231
3	0.09045	0.05386	0.07001	0.01271	0.08513	0.05313	0.02098	0.09425	0.02366	0.19013	0.01243	0.01311	0.00914	0.00564	0.00553	0.00148	0.05097	0.00427	0.00405	0.19909
4	0.05542	0.33952	0.31743	0.01131	0.01673	0.01522	0.01268	0.01637	0.01108	0.05607	0.01017	0.01312	0.00857	0.08739	0.00674	0.00186	0.00650	0.00400	0.00271	0.00710
5	0.01117	0.00830	0.00867	0.00830	0.00996	0.06581	0.00603	0.05575	0.07961	0.09589	0.07560	0.27595	0.14781	0.11482	0.00900	0.00234	0.00426	0.01011	0.00497	0.00566
6	0.01517	0.73114	0.02722	0.00981	0.01429	0.09999	0.00945	0.01688	0.01153	0.01288	0.00767	0.00886	0.00700	0.00476	0.00364	0.00119	0.00624	0.00298	0.00238	0.00693
7	0.02009	0.09691	0.01761	0.01221	0.01661	0.01738	0.01026	0.68037	0.02414	0.03215	0.01252	0.01264	0.00904	0.00635	0.00525	0.00159	0.00598	0.00470	0.00513	0.00904
8	0.02072	0.01527	0.01636	0.01254	0.01691	0.01691	0.01036	0.75622	0.02563	0.03436	0.01309	0.01309	0.00927	0.00654	0.00545	0.00164	0.00600	0.00491	0.00545	0.00927
9	0.01521	0.73004	0.02732	0.00966	0.01429	0.02109	0.00943	0.09217	0.01257	0.01503	0.00814	0.00919	0.00723	0.00486	0.00370	0.00121	0.00585	0.00312	0.00265	0.00723
10	0.01400	0.70036	0.12015	0.01004	0.01506	0.02017	0.01057	0.01632	0.01121	0.01354	0.02247	0.00970	0.00784	0.00485	0.00376	0.00125	0.00604	0.00318	0.00240	0.00709
11	0.01093	0.02820	0.78016	0.01554	0.02360	0.01266	0.02014	0.01727	0.01151	0.01727	0.00978	0.01151	0.00691	0.00518	0.00518	0.00173	0.00806	0.00403	0.00230	0.00806
12	0.01120	0.08613	0.72459	0.01508	0.02289	0.01332	0.01934	0.01720	0.01148	0.01694	0.00962	0.01131	0.00691	0.00514	0.00506	0.00169	0.00789	0.00395	0.00230	0.00798
13	0.00948	0.01006	0.08975	0.01008	0.01293	0.00840	0.08549	0.01496	0.16810	0.01927	0.27679	0.07425	0.17833	0.00993	0.00615	0.00181	0.00425	0.00878	0.00495	0.00624
14	0.01272	0.01165	0.01848	0.38330	0.24335	0.01307	0.05427	0.09240	0.08265	0.01814	0.01143	0.01464	0.00878	0.00553	0.00550	0.00175	0.00674	0.00506	0.00312	0.00743
15	0.01962	0.10664	0.01708	0.01389	0.03583	0.60803	0.01055	0.09636	0.01596	0.01556	0.00886	0.01015	0.00729	0.00559	0.00484	0.00141	0.00894	0.00363	0.00303	0.00675
16	0.09393	0.00584	0.00622	0.00613	0.00650	0.00603	0.00364	0.00880	0.00808	0.01204	0.01614	0.03263	0.01826	0.71002	0.04111	0.00499	0.00537	0.00737	0.00330	0.00360
17	0.00758	0.00597	0.00926	0.00936	0.01030	0.00564	0.08365	0.00902	0.01077	0.01435	0.02725	0.60474	0.03180	0.05812	0.00808	0.00237	0.00410	0.08818	0.00472	0.00473
18	0.01165	0.02450	0.62100	0.01424	0.02109	0.01235	0.01739	0.09351	0.01262	0.01836	0.01089	0.01415	0.00848	0.08766	0.00752	0.00208	0.00756	0.00452	0.00273	0.00770
19	0.01223	0.01108	0.01787	0.58532	0.05449	0.01303	0.07783	0.13012	0.01341	0.01753	0.01035	0.01429	0.00771	0.00553	0.00553	0.00178	0.00721	0.00499	0.00293	0.00674
20	0.01349	0.01295	0.02213	0.03346	0.77440	0.01295	0.01673	0.01673	0.01241	0.01781	0.01025	0.01349	0.00864	0.00486	0.00540	0.00162	0.00648	0.00486	0.00270	0.00864
21	0.00779	0.00584	0.00876	0.00876	0.00974	0.00681	0.00681	0.00974	0.00876	0.01266	0.01460	0.02142	0.01363	0.04089	0.78680	0.00876	0.01460	0.00584	0.00292	0.00487
22	0.01960	0.06778	0.01623	0.01380	0.01656	0.70369	0.01054	0.02101	0.01483	0.01330	0.00831	0.00989	0.00703	0.00578	0.00554	0.00144	0.05202	0.00355	0.00276	0.00634
23	0.01194	0.14740	0.49470	0.01624	0.02320	0.01430	0.18361	0.01716	0.01175	0.01662	0.00972	0.01180	0.00723	0.00497	0.00520	0.00166	0.00796	0.00440	0.00241	0.00773
24	0.00780	0.00578	0.00847	0.00847	0.00934	0.00665	0.00645	0.00955	0.00867	0.01244	0.01487	0.02291	0.01428	0.12107	0.70750	0.00840	0.01363	0.00606	0.00296	0.00470
25	0.84691	0.01054	0.00801	0.00717	0.01054	0.01223	0.00590	0.01603	0.00928	0.02446	0.00759	0.00886	0.00590	0.00506	0.00337	0.00169	0.00422	0.00295	0.00337	0.00590
26	0.01388	0.01200	0.01536	0.39596	0.05230	0.06394	0.01234	0.21826	0.03524	0.02015	0.01160	0.01463	0.00881	0.00775	0.04734	0.00208	0.00712	0.00488	0.04937	0.00700
27	0.06634	0.42517	0.20006	0.01284	0.01828	0.03364	0.12274	0.03586	0.01180	0.01584	0.00876	0.01041	0.00716	0.00487	0.00439	0.00145	0.00683	0.00376	0.00254	0.00727
28	0.00655	0.00553	0.00568	0.00564	0.00743	0.00465	0.00423	0.00804	0.01269	0.01535	0.11725	0.05145	0.70978	0.01358	0.00644	0.00183	0.00275	0.01136	0.00514	0.00465
29	0.01990	0.02462	0.01557	0.01398	0.01671	0.70200	0.01060	0.05978	0.01558	0.01443	0.00860	0.01012	0.00715	0.00589	0.00569	0.00147	0.05488	0.00366	0.00292	0.00645
30	0.01386	0.13164	0.02198	0.07523	0.40709	0.03069	0.09058	0.01732	0.03855	0.05795	0.01195	0.01617	0.01007	0.00563	0.00535	0.00165	0.00653	0.04683	0.00309	0.00786
31	0.01209	0.01049	0.01499	0.12106	0.27932	0.03103	0.01162	0.10514	0.04295	0.01842	0.01722	0.20585	0.01716	0.00897	0.00591	0.00185	0.00555	0.06297	0.02043	0.00697
32	0.00677	0.00483	0.00647	0.00773	0.00810	0.00453	0.00527	0.00780	0.01056	0.01405	0.02998	0.76220	0.03579	0.01696	0.00699	0.00223	0.00327	0.05693	0.00506	0.00446
33	0.01349	0.01295	0.02213	0.03346	0.77440	0.01295	0.01673	0.01673	0.01241	0.01781	0.01025	0.01349	0.00864	0.00486	0.00540	0.00162	0.00648	0.00486	0.00270	0.00864
34	0.01264	0.01694	0.19493	0.10468	0.02532	0.02885	0.33869	0.04561	0.11373	0.01813	0.01199	0.01447	0.00895	0.00546	0.00625	0.00182	0.03540	0.00551	0.00308	0.00754
35	0.01352	0.09608	0.02634	0.06924	0.29897	0.05553	0.32682	0.01711	0.01254	0.01669	0.01018	0.01338	0.00815	0.00480	0.00562	0.00166	0.00778	0.00525	0.00268	0.00765
36	0.01209	0.09099	0.39172	0.19290	0.04637	0.04729	0.03816	0.03695	0.06165	0.01678	0.01046	0.01266	0.00780	0.00537	0.00516	0.00169	0.00744	0.00435	0.00268	0.00750
37	0.01498	0.06805	0.38679	0.08631	0.02187	0.09156	0.05469	0.01931	0.01276	0.17483	0.01201	0.01309	0.00840	0.00551	0.00521	0.00167	0.00738	0.00442	0.00332	0.00785
38	0.01458	0.05979	0.23110	0.01251	0.01712	0.05115	0.03776	0.19030	0.10584	0.07585	0.01586	0.13508	0.01364	0.00768	0.00552	0.00175	0.00614	0.00635	0.00421	0.00777
39	0.01512	0.01092	0.03263	0.18713	0.24560	0.01066	0.07773	0.01824	0.01330	0.22684	0.09269	0.01802	0.01408	0.00615	0.00563	0.00171	0.00600	0.00567	0.00410	0.00777
40	0.01243	0.01158	0.01743	0.02213	0.38047	0.01294	0.01288	0.01719	0.14034	0.01780	0.07948	0.01705	0.01368	0.00827	0.03860	0.00211	0.17905	0.00555	0.00342	0.00759
41	0.01197	0.26929	0.34078	0.01210	0.01733	0.05865	0.01344	0.01567	0.01103	0.01469	0.01001	0.01260	0.00833	0.01243	0.16642	0.00299	0.00881	0.00402	0.00247	0.00696
42	0.02517	0.09591	0.03623	0.07845	0.01942	0.01341	0.19685	0.20488	0.05589	0.06424	0.01535	0.08056	0.03342	0.02749	0.00615	0.00181	0.00632	0.00627	0.02478	0.00739
43	0.01558	0.01160	0.01701	0.05203	0.23321	0.01173	0.07718	0.17074	0.05345	0.14691	0.07740	0.02003	0.07455	0.00687	0.00569	0.00170	0.00563	0.00611	0.00452	0.00805
44	0.00761	0.00552	0.00672	0.00664	0.00802	0.00493	0.00489	0.00951	0.01363	0.03979	0.39602	0.17456	0.27640	0.01288	0.00650	0.00184	0.00279	0.01122	0.00556	0.00497
45	0.01723	0.08088	0.16470	0.09601	0.09692	0.01324	0.01268	0.21110	0.01623	0.20658	0.02366	0.01433	0.00995	0.00595	0.00525	0.00165	0.00619	0.00477	0.00431	0.00839
46	0.01155	0.01106	0.01443	0.28863	0.16063	0.09400	0.01163	0.04020	0.03623	0.01681	0.13265	0.06552	0.05556	0.00845	0.02794	0.00194	0.00627	0.00651	0.00358	0.00641
47	0.01196	0.11293	0.35632	0.01163	0.01639	0.01167	0.01271	0.09016	0.01211	0.03188	0.04952	0.01598	0.01115	0.07937	0.00984	0.14563	0.00642	0.00478	0.00301	0.00653
48	0.00928	0.00809	0.00840	0.00761	0.00947	0.08542	0.00575	0.01162	0.01475	0.01997	0.55450	0.03545	0.10193	0.01006	0.00603	0.00160	0.00348	0.00865	0.00531	0.09262
49	0.01590	0.49567	0.03410	0.00992	0.01401	0.10509	0.00911	0.05707	0.01331	0.10010	0.08786	0.01351	0.01240	0.00578	0.00431	0.00134	0.00586	0.00410	0.00342	0.00712
50	0.01450	0.01244	0.02089	0.18281	0.14437	0.03837	0.23127	0.06786	0.01325	0.12077	0.01224	0.01567	0.00939	0.04647	0.00743	0.00195	0.04401	0.00552	0.00342	0.00737
51	0.01638	0.03542	0.09555	0.01479	0.14499	0.09702	0.01092	0.07015	0.08055	0.19770	0.04526	0.01710	0.01263	0.02905	0.00589	0.00168	0.00587	0.02125	0.00431	0.09349
52	0.00916	0.00678	0.00820	0.00834	0.00970	0.00662	0.00608	0.12304	0.01311	0.01747	0.02845	0.53362	0.09339	0.01437	0.00656	0.00204	0.00372	0.05431	0.00502	0.05002
53	0.01320	0.01131	0.01928	0.15528	0.30286	0.01162	0.13158	0.05556	0.03252	0.06738	0.01274	0.05574	0.01075	0.00715	0.00701	0.07110	0.00651	0.01783	0.00328	0.00727
54	0.06174	0.07161	0.05839	0.01801	0.18300	0.05273	0.15439	0.04992	0.16324	0.03030	0.01255	0.01403	0.00976	0.00538	0.00520	0.00159	0.00635	0.00491	0.00350	0.09340
55	0.02760	0.03480	0.06328	0.01119	0.05049	0.02789	0.00901	0.19643	0.14300	0.14129	0.04226	0.03930	0.12652	0.00788	0.00547	0.00169	0.00488	0.00639	0.05291	0.00772
56	0.04891	0.13258	0.07000	0.01496	0.13385	0.16328	0.01102	0.07205	0.22608	0.01903	0.02469	0.01459	0.02148	0.00605	0.00499	0.00158	0.00626	0.00469	0.00375	0.02018

[dist]
# distance from previous block
# <min> <max>
15	54

[block]
# block no. 2 follows, 44 sequences, length 124
# corresponding to MSA columns:
# 256-379
name=unknown_C
#
# <colnr> <probs for GDERKNQSTAVLIFYWHMCP>
#	G	D	E	R	K	N	Q	S	T	A	V	L	I	F	Y	W	H	M	C	P
0	0.01121	0.00967	0.01493	0.01286	0.05240	0.00927	0.18238	0.06045	0.09231	0.05303	0.02789	0.11830	0.22068	0.00963	0.00617	0.00183	0.00516	0.05183	0.00445	0.05555
1	0.01526	0.01093	0.01456	0.03826	0.01609	0.02432	0.09095	0.08453	0.03132	0.18245	0.03112	0.01440	0.01055	0.00524	0.00490	0.00128	0.00512	0.00451	0.00422	0.41001
2	0.05083	0.03518	0.03443	0.01242	0.03121	0.09041	0.08877	0.12046	0.12926	0.23900	0.01560	0.01595	0.01129	0.03420	0.00606	0.00174	0.00590	0.00512	0.00475	0.06743
3	0.03398	0.00961	0.01186	0.01082	0.05747	0.03712	0.03196	0.12651	0.03084	0.19872	0.21724	0.09541	0.08112	0.00902	0.00586	0.00172	0.00445	0.00772	0.00540	0.02317
4	0.01187	0.00906	0.01146	0.01169	0.12192	0.00846	0.00743	0.06160	0.06709	0.06118	0.01559	0.05734	0.02862	0.23894	0.01158	0.00249	0.00487	0.00601	0.00381	0.25897
5	0.01107	0.01344	0.13576	0.05137	0.02063	0.01064	0.31880	0.04598	0.01340	0.03102	0.12747	0.04113	0.13934	0.00755	0.00615	0.00180	0.00659	0.00743	0.00374	0.00669
6	0.05164	0.04987	0.05576	0.01357	0.07769	0.01279	0.07656	0.25109	0.05944	0.15080	0.05887	0.01584	0.01243	0.00620	0.00528	0.00160	0.00560	0.00518	0.02603	0.06376
7	0.01999	0.01292	0.01465	0.01170	0.01553	0.05273	0.02810	0.27520	0.16907	0.28294	0.01725	0.01623	0.01196	0.00681	0.00598	0.00172	0.03750	0.00532	0.00558	0.00881
8	0.00814	0.00609	0.00761	0.00714	0.00861	0.00583	0.00538	0.01173	0.07862	0.02154	0.66764	0.03966	0.08926	0.01098	0.00636	0.00173	0.00273	0.00964	0.00591	0.00541
9	0.00869	0.00699	0.00977	0.00927	0.00982	0.00853	0.00707	0.01003	0.00848	0.01227	0.01364	0.02272	0.01370	0.21135	0.45104	0.00663	0.17627	0.00610	0.00290	0.00474
10	0.01316	0.01057	0.01130	0.01032	0.01311	0.01202	0.00808	0.02599	0.61472	0.04122	0.02208	0.02281	0.01716	0.00773	0.00547	0.00182	0.00417	0.05076	0.09948	0.00802
11	0.01458	0.81168	0.02857	0.00933	0.01399	0.02157	0.00933	0.01632	0.01108	0.01283	0.00758	0.00875	0.00700	0.00466	0.00350	0.00117	0.00583	0.00292	0.00233	0.00700
12	0.01130	0.00969	0.01130	0.00807	0.01292	0.00727	0.00646	0.01373	0.01130	0.01776	0.00969	0.01130	0.00807	0.00404	0.00404	0.00081	0.00404	0.00323	0.00323	0.84173
13	0.00737	0.00556	0.00681	0.00650	0.00794	0.00500	0.00488	0.00963	0.01463	0.01995	0.57919	0.04388	0.24496	0.01186	0.00643	0.00175	0.00262	0.01030	0.00575	0.00500
14	0.00793	0.00529	0.00595	0.00595	0.00595	0.00529	0.00330	0.00793	0.00793	0.01057	0.01718	0.03568	0.01982	0.80840	0.02775	0.00529	0.00529	0.00793	0.00330	0.00330
15	0.84691	0.01054	0.00801	0.00717	0.01054	0.01223	0.00590	0.01603	0.00928	0.02446	0.00759	0.00886	0.00590	0.00506	0.00337	0.00169	0.00422	0.00295	0.00337	0.00590
16	0.00674	0.00493	0.00637	0.00747	0.00804	0.00456	0.00516	0.00784	0.01082	0.01416	0.03320	0.66457	0.12984	0.01654	0.00693	0.00218	0.00322	0.05787	0.00506	0.00449
17	0.01030	0.00969	0.01635	0.79530	0.03755	0.01211	0.01514	0.01393	0.01090	0.01393	0.00969	0.01453	0.00727	0.00545	0.00545	0.00182	0.00727	0.00484	0.00242	0.00606
18	0.00715	0.00563	0.00658	0.00712	0.00858	0.00506	0.00562	0.00880	0.01219	0.01508	0.04410	0.15862	0.45550	0.01462	0.00683	0.00209	0.00347	0.22320	0.00505	0.00470
19	0.00707	0.00555	0.00639	0.00618	0.00775	0.00487	0.00463	0.00903	0.01390	0.01823	0.40714	0.04670	0.41808	0.01250	0.00644	0.00178	0.00267	0.01070	0.00552	0.00487
20	0.01576	0.01817	0.01902	0.01876	0.15724	0.32920	0.09991	0.01782	0.01252	0.01459	0.00870	0.01169	0.00751	0.00650	0.00895	0.00178	0.23799	0.00447	0.00266	0.00677
21	0.01130	0.00969	0.01130	0.00807	0.01292	0.00727	0.00646	0.01373	0.01130	0.01776	0.00969	0.01130	0.00807	0.00404	0.00404	0.00081	0.00404	0.00323	0.00323	0.84173
22	0.00669	0.00478	0.00637	0.00756	0.00792	0.00446	0.00506	0.00772	0.01067	0.01428	0.06430	0.76955	0.03677	0.01681	0.00693	0.00219	0.00314	0.01524	0.00510	0.00446
23	0.00697	0.00554	0.00625	0.00607	0.00769	0.00483	0.00456	0.00884	0.01367	0.01767	0.35049	0.04763	0.47508	0.01271	0.00644	0.00179	0.00268	0.01083	0.00545	0.00483
24	0.02050	0.01505	0.01612	0.01238	0.01668	0.01665	0.01022	0.74017	0.02533	0.03406	0.01319	0.01325	0.00937	0.00654	0.00542	0.00163	0.00592	0.00491	0.02344	0.00918
25	0.06978	0.01499	0.01587	0.01222	0.01653	0.01663	0.01010	0.71227	0.02466	0.03377	0.01276	0.01284	0.00907	0.00646	0.00533	0.00164	0.00589	0.00479	0.00533	0.00907
26	0.01533	0.01341	0.01869	0.01698	0.13070	0.03627	0.16595	0.23050	0.18652	0.03869	0.04288	0.01793	0.04737	0.00655	0.00574	0.00173	0.00617	0.00595	0.00445	0.00818
27	0.00917	0.00702	0.00837	0.00866	0.00995	0.00730	0.00637	0.04741	0.17627	0.01730	0.06590	0.40774	0.05144	0.06084	0.00784	0.00229	0.00383	0.09157	0.00513	0.00561
28	0.00663	0.00478	0.00629	0.00750	0.00788	0.00444	0.00502	0.00760	0.01053	0.01395	0.03121	0.77009	0.07006	0.01693	0.00693	0.00220	0.00314	0.01531	0.00506	0.00444
29	0.01220	0.01383	0.07055	0.06239	0.17766	0.01252	0.42389	0.01660	0.03029	0.01794	0.09402	0.01723	0.01312	0.00551	0.00608	0.00177	0.00764	0.00626	0.00312	0.00738
30	0.01093	0.02820	0.78016	0.01554	0.02360	0.01266	0.02014	0.01727	0.01151	0.01727	0.00978	0.01151	0.00691	0.00518	0.00518	0.00173	0.00806	0.00403	0.00230	0.00806
31	0.01025	0.00967	0.01642	0.75839	0.03658	0.01195	0.03047	0.01384	0.01093	0.01400	0.01025	0.03523	0.00804	0.00574	0.00551	0.00183	0.00720	0.00516	0.00250	0.00604
32	0.00879	0.00628	0.00879	0.01004	0.01130	0.00628	0.00879	0.01130	0.01255	0.01632	0.02887	0.06150	0.03138	0.01506	0.00753	0.00251	0.00502	0.73770	0.00502	0.00502
33	0.06658	0.03144	0.17583	0.01471	0.08236	0.06871	0.10548	0.05045	0.02431	0.21731	0.01523	0.09716	0.01221	0.00685	0.00548	0.00173	0.00637	0.00593	0.00413	0.00773
34	0.65513	0.12029	0.05033	0.00812	0.01195	0.01373	0.00729	0.04885	0.01036	0.02296	0.00794	0.00916	0.00625	0.00508	0.00357	0.00162	0.00471	0.00309	0.00327	0.00631
35	0.01141	0.01083	0.01837	0.52893	0.29518	0.01241	0.01570	0.01491	0.01143	0.01529	0.00989	0.01417	0.00775	0.00524	0.00543	0.00175	0.00699	0.00485	0.00252	0.00696
36	0.01284	0.01238	0.01927	0.09291	0.46723	0.03973	0.05932	0.01760	0.10973	0.01807	0.05851	0.01740	0.03880	0.00594	0.00557	0.00169	0.00619	0.00560	0.00333	0.00790
37	0.02029	0.01001	0.01264	0.00952	0.01394	0.00871	0.00781	0.09772	0.01539	0.48275	0.01724	0.01591	0.01150	0.00595	0.00506	0.00143	0.00461	0.00477	0.00560	0.24915
38	0.00757	0.00557	0.00709	0.00671	0.00806	0.00508	0.00503	0.01001	0.01509	0.02105	0.68980	0.04206	0.13367	0.01145	0.00643	0.00173	0.00259	0.01005	0.00589	0.00508
39	0.07904	0.01181	0.05205	0.00969	0.01440	0.01001	0.02243	0.14457	0.04046	0.08543	0.01158	0.01243	0.00882	0.00497	0.00451	0.00120	0.00476	0.00390	0.00395	0.47398
40	0.00795	0.00547	0.00647	0.00660	0.00702	0.00537	0.00432	0.00866	0.00966	0.01287	0.10583	0.04074	0.06374	0.56609	0.02141	0.00432	0.00481	0.11092	0.00394	0.00382
41	0.01654	0.01159	0.01539	0.05263	0.01696	0.01213	0.09336	0.33265	0.01831	0.13024	0.03377	0.02511	0.01533	0.05560	0.00730	0.00206	0.00593	0.14245	0.00498	0.00765
42	0.25864	0.01045	0.01358	0.33569	0.04530	0.01208	0.02470	0.08229	0.03136	0.07786	0.01090	0.01352	0.00815	0.00737	0.04508	0.00211	0.00637	0.00446	0.00343	0.00665
43	0.00816	0.00553	0.00689	0.00696	0.00826	0.00496	0.00506	0.00987	0.01304	0.06779	0.29783	0.29727	0.22108	0.01349	0.00655	0.00191	0.00295	0.01186	0.00551	0.00505
44	0.01757	0.01001	0.01584	0.31173	0.08543	0.01027	0.04987	0.02048	0.01341	0.38600	0.01555	0.01641	0.01046	0.00599	0.00551	0.00174	0.00602	0.00524	0.00457	0.00790
45	0.01191	0.01083	0.01071	0.03068	0.05802	0.15342	0.00725	0.05016	0.01089	0.03053	0.01385	0.02406	0.01414	0.38005	0.11683	0.00424	0.05796	0.00616	0.00323	0.00507
46	0.01085	0.01014	0.01381	0.01207	0.01207	0.01364	0.00961	0.01173	0.00824	0.01244	0.00985	0.01830	0.01056	0.22394	0.02054	0.00316	0.58556	0.00562	0.00263	0.00525
47	0.00845	0.00703	0.00758	0.00726	0.00923	0.00692	0.00549	0.01351	0.19937	0.01801	0.17882	0.08105	0.41305	0.01189	0.00625	0.00184	0.00313	0.01008	0.00536	0.00569
48	0.01133	0.07156	0.58311	0.01601	0.02313	0.01303	0.12959	0.01693	0.01174	0.01698	0.01082	0.01440	0.00838	0.00557	0.00539	0.00175	0.00794	0.04209	0.00251	0.00773
49	0.01239	0.01232	0.01585	0.43611	0.02759	0.09872	0.03697	0.01838	0.18806	0.01600	0.01232	0.01517	0.00946	0.00623	0.00646	0.00183	0.07117	0.00505	0.00321	0.00672
50	0.58086	0.00993	0.00885	0.00777	0.01090	0.01102	0.00629	0.06855	0.01169	0.09208	0.08650	0.06046	0.01314	0.00664	0.00423	0.00172	0.00416	0.00475	0.00419	0.00628
51	0.01490	0.76718	0.02782	0.00960	0.01415	0.06490	0.00940	0.01663	0.01133	0.01286	0.00763	0.00881	0.00700	0.00472	0.00358	0.00118	0.00606	0.00295	0.00236	0.00696
52	0.00743	0.00566	0.00807	0.01040	0.08893	0.00539	0.00641	0.00867	0.01071	0.01440	0.02792	0.69791	0.03302	0.01573	0.00681	0.00216	0.00357	0.03711	0.00481	0.00489
53	0.01904	0.01345	0.03845	0.01536	0.07972	0.01325	0.14644	0.29609	0.06428	0.23387	0.01527	0.01533	0.01059	0.00612	0.00563	0.00170	0.00620	0.00540	0.00502	0.00880
54	0.01290	0.01478	0.08605	0.02610	0.37852	0.03985	0.27609	0.01667	0.01249	0.01726	0.01160	0.06062	0.00994	0.00554	0.00582	0.00173	0.00748	0.00593	0.00283	0.00781
55	0.01458	0.81168	0.02857	0.00933	0.01399	0.02157	0.00933	0.01632	0.01108	0.01283	0.00758	0.00875	0.00700	0.00466	0.00350	0.00117	0.00583	0.00292	0.00233	0.00700
56	0.00947	0.00473	0.00710	0.00710	0.00710	0.00473	0.00473	0.00710	0.00710	0.00947	0.00947	0.01657	0.00947	0.01894	0.02131	0.84138	0.00473	0.00473	0.00237	0.00237
57	0.01064	0.00617	0.00807	0.00724	0.00902	0.00562	0.00555	0.01313	0.01525	0.14810	0.60746	0.03597	0.04317	0.01016	0.00614	0.00169	0.00292	0.00888	0.04899	0.00583
58	0.00665	0.00547	0.00576	0.00588	0.00746	0.00469	0.00433	0.00798	0.01208	0.01466	0.07109	0.11465	0.62423	0.06122	0.00778	0.00209	0.00300	0.03147	0.00498	0.00454
59	0.24646	0.00993	0.01159	0.00916	0.01316	0.00961	0.00756	0.06128	0.01441	0.53626	0.01731	0.01565	0.01123	0.00628	0.00491	0.00168	0.00460	0.00477	0.00577	0.00837
60	0.81766	0.01050	0.00818	0.00726	0.01066	0.01208	0.00598	0.01640	0.00950	0.05127	0.00809	0.00920	0.00617	0.00512	0.00345	0.00169	0.00423	0.00304	0.00349	0.00602
61	0.01344	0.00684	0.00912	0.00783	0.01012	0.00612	0.00612	0.01585	0.01549	0.28022	0.51532	0.03315	0.03848	0.00964	0.00611	0.00171	0.00328	0.00836	0.00626	0.00656
62	0.00682	0.00502	0.00640	0.00716	0.00788	0.00459	0.00495	0.00815	0.01169	0.01557	0.17691	0.55010	0.14380	0.01547	0.00678	0.00206	0.00299	0.01384	0.00524	0.00459
63	0.00780	0.00606	0.00717	0.00693	0.00846	0.00571	0.00517	0.01109	0.08356	0.01925	0.43576	0.10426	0.25438	0.01205	0.00639	0.00180	0.00284	0.01045	0.00561	0.00525
64	0.05702	0.01519	0.01580	0.04046	0.01689	0.08299	0.01050	0.50394	0.04684	0.02802	0.01181	0.01276	0.00881	0.00680	0.00703	0.00174	0.11583	0.00472	0.00460	0.00827
65	0.01349	0.01295	0.02213	0.03346	0.77440	0.01295	0.01673	0.01673	0.01241	0.01781	0.01025	0.01349	0.00864	0.00486	0.00540	0.00162	0.00648	0.00486	0.00270	0.00864
66	0.11197	0.01685	0.01720	0.01370	0.01765	0.19391	0.11872	0.33591	0.07917	0.02497	0.01182	0.01268	0.00882	0.00595	0.00525	0.00163	0.00702	0.00469	0.00422	0.00788
67	0.01163	0.01027	0.01145	0.00829	0.01306	0.03498	0.00660	0.01401	0.01145	0.01761	0.00965	0.01125	0.00804	0.00409	0.00407	0.00083	0.00424	0.00324	0.00322	0.81202
68	0.01001	0.00772	0.00919	0.00813	0.01040	0.00758	0.00625	0.01574	0.20076	0.03822	0.46799	0.03127	0.03622	0.00918	0.00587	0.00163	0.00324	0.00797	0.00554	0.11710
69	0.01290	0.01267	0.02258	0.15299	0.55612	0.01293	0.11668	0.01639	0.01224	0.01715	0.01027	0.01382	0.00837	0.00492	0.00555	0.00168	0.00697	0.00507	0.00266	0.00805
70	0.01432	0.01458	0.01543	0.01377	0.03570	0.19228	0.11108	0.03633	0.32552	0.01881	0.01815	0.04065	0.01554	0.00787	0.00584	0.00184	0.00643	0.11420	0.00437	0.00730
71	0.01452	0.01219	0.01287	0.01129	0.01454	0.01401	0.00886	0.12644	0.66552	0.02435	0.02097	0.01937	0.01565	0.00728	0.00553	0.00182	0.00454	0.00600	0.00553	0.00872
72	0.01526	0.01449	0.02260	0.02511	0.38775	0.05382	0.18144	0.17574	0.03242	0.02116	0.01121	0.01365	0.00879	0.00526	0.00562	0.00167	0.00711	0.00518	0.00337	0.00836
73	0.01465	0.01385	0.02084	0.03004	0.65231	0.07890	0.01556	0.01796	0.03077	0.05669	0.01096	0.01360	0.00894	0.00508	0.00536	0.00161	0.00662	0.00481	0.00298	0.00847
74	0.70225	0.05053	0.01144	0.00893	0.01254	0.04036	0.07327	0.01637	0.00991	0.02287	0.00793	0.00941	0.00621	0.00502	0.00371	0.00167	0.00494	0.00328	0.00325	0.00610
75	0.05996	0.35251	0.02422	0.01755	0.22110	0.01669	0.09514	0.07550	0.01296	0.06246	0.00995	0.01163	0.00809	0.00500	0.00461	0.00146	0.00624	0.00415	0.00304	0.00774
76	0.01249	0.01203	0.01997	0.01431	0.01940	0.01045	0.30673	0.05890	0.01277	0.01862	0.01043	0.01277	0.00822	0.00441	0.00508	0.00127	0.00622	0.00461	0.00317	0.45813
77	0.00785	0.00558	0.00744	0.00744	0.00795	0.00609	0.00516	0.00888	0.00837	0.01167	0.01582	0.02813	0.01654	0.40233	0.42934	0.00712	0.01021	0.00682	0.00310	0.00413
78	0.01995	0.01328	0.01467	0.01138	0.01538	0.01429	0.00935	0.56686	0.02279	0.14039	0.05363	0.01574	0.01234	0.00680	0.00541	0.00163	0.00541	0.00526	0.05663	0.00880
79	0.00880	0.00746	0.00783	0.00740	0.00957	0.00746	0.00565	0.01469	0.24766	0.01800	0.12052	0.04119	0.46012	0.01152	0.00616	0.00183	0.00323	0.00966	0.00531	0.00592
80	0.00947	0.00473	0.00710	0.00710	0.00710	0.00473	0.00473	0.00710	0.00710	0.00947	0.00947	0.01657	0.00947	0.01894	0.02131	0.84138	0.00473	0.00473	0.00237	0.00237
81	0.01320	0.01218	0.01908	0.21090	0.39408	0.01315	0.04082	0.06734	0.13805	0.01880	0.01232	0.01490	0.00967	0.00553	0.00548	0.00171	0.00637	0.00513	0.00329	0.00801
82	0.00672	0.00492	0.00634	0.00744	0.00800	0.00454	0.00512	0.00780	0.01080	0.01414	0.03328	0.67019	0.13209	0.01655	0.00692	0.00218	0.00320	0.05022	0.00506	0.00448
83	0.02030	0.01506	0.01612	0.01246	0.01674	0.01671	0.01026	0.71304	0.06951	0.03367	0.01363	0.01352	0.00971	0.00660	0.00546	0.00165	0.00590	0.00498	0.00546	0.00923
84	0.01458	0.81168	0.02857	0.00933	0.01399	0.02157	0.00933	0.01632	0.01108	0.01283	0.00758	0.00875	0.00700	0.00466	0.00350	0.00117	0.00583	0.00292	0.00233	0.00700
85	0.00664	0.00474	0.00633	0.00759	0.00791	0.00443	0.00506	0.00759	0.01044	0.01392	0.03005	0.80485	0.03606	0.01708	0.00696	0.00221	0.00316	0.01550	0.00506	0.00443
86	0.01175	0.01134	0.01822	0.33595	0.25588	0.01370	0.01469	0.01455	0.01062	0.01488	0.00913	0.01346	0.00765	0.00646	0.00904	0.00192	0.23662	0.00483	0.00250	0.00682
87	0.75743	0.01154	0.00877	0.00777	0.01115	0.05821	0.00634	0.03421	0.01019	0.04308	0.00812	0.00926	0.00624	0.00517	0.00357	0.00167	0.00460	0.00310	0.00347	0.00609
88	0.01234	0.33027	0.49039	0.01314	0.01989	0.01610	0.01597	0.01690	0.01134	0.01555	0.00893	0.01044	0.00694	0.00498	0.00453	0.00151	0.00720	0.00360	0.00231	0.00765
89	0.00701	0.00560	0.00631	0.00630	0.00794	0.00490	0.00484	0.00882	0.01327	0.01684	0.25099	0.05004	0.50579	0.01318	0.00654	0.00187	0.00291	0.07674	0.00532	0.00479
90	0.01349	0.01295	0.02213	0.03346	0.77440	0.01295	0.01673	0.01673	0.01241	0.01781	0.01025	0.01349	0.00864	0.00486	0.00540	0.00162	0.00648	0.00486	0.00270	0.00864
91	0.01292	0.01066	0.01176	0.01094	0.01368	0.01205	0.00879	0.07479	0.53449	0.02205	0.02315	0.02965	0.01965	0.00916	0.00601	0.00199	0.00460	0.18042	0.00542	0.00781
92	0.01055	0.00643	0.00775	0.00703	0.00897	0.00590	0.00536	0.01327	0.05263	0.14218	0.33899	0.03779	0.23359	0.04749	0.00706	0.00189	0.00317	0.00903	0.05516	0.00576
93	0.01893	0.01438	0.01535	0.01218	0.01622	0.01607	0.00993	0.57390	0.21087	0.03146	0.01537	0.01491	0.01112	0.00676	0.00548	0.00169	0.00558	0.00522	0.00548	0.00911
94	0.00676	0.00490	0.00639	0.00735	0.00790	0.00453	0.00501	0.00794	0.01120	0.01496	0.12379	0.65690	0.08999	0.01611	0.00686	0.00213	0.00306	0.01452	0.00518	0.00453
95	0.00785	0.00527	0.00608	0.00615	0.00621	0.00529	0.00354	0.00798	0.00811	0.01085	0.01784	0.08080	0.02055	0.73189	0.05572	0.00524	0.00552	0.00830	0.00339	0.00343
96	0.00669	0.00478	0.00638	0.00764	0.00798	0.00447	0.00514	0.00767	0.01048	0.01397	0.03002	0.78901	0.03596	0.01704	0.00697	0.00222	0.00320	0.03089	0.00506	0.00444
97	0.00793	0.00529	0.00595	0.00595	0.00595	0.00529	0.00330	0.00793	0.00793	0.01057	0.01718	0.03568	0.01982	0.80840	0.02775	0.00529	0.00529	0.00793	0.00330	0.00330
98	0.22276	0.01248	0.01711	0.12158	0.39457	0.03144	0.01303	0.09090	0.01284	0.02054	0.00976	0.01234	0.00780	0.00517	0.00489	0.00166	0.00604	0.00435	0.00311	0.00763
99	0.13813	0.03697	0.23953	0.01501	0.02054	0.01424	0.19253	0.21399	0.03896	0.02299	0.01098	0.01252	0.00803	0.00544	0.00526	0.00171	0.00704	0.00473	0.00351	0.00788
100	0.02446	0.00928	0.01265	0.00970	0.01392	0.00801	0.00801	0.02657	0.01560	0.77817	0.02151	0.01856	0.01350	0.00675	0.00548	0.00169	0.00464	0.00548	0.00675	0.00928
101	0.01061	0.00992	0.01388	0.01226	0.01248	0.01337	0.00995	0.01186	0.00840	0.01277	0.00980	0.01633	0.00982	0.09223	0.19340	0.00411	0.54544	0.00531	0.00259	0.00546
102	0.01428	0.01392	0.02142	0.03122	0.68965	0.06395	0.01603	0.05122	0.01322	0.01828	0.01027	0.01323	0.00856	0.00499	0.00537	0.00161	0.00667	0.00477	0.00283	0.00851
103	0.01501	0.31738	0.25902	0.01195	0.01746	0.01643	0.01272	0.13520	0.07761	0.07190	0.01135	0.01196	0.00860	0.00550	0.00464	0.00151	0.00634	0.00403	0.00340	0.00798
104	0.00664	0.00474	0.00633	0.00759	0.00791	0.00443	0.00506	0.00759	0.01044	0.01392	0.03005	0.80485	0.03606	0.01708	0.00696	0.00221	0.00316	0.01550	0.00506	0.00443
105	0.00947	0.00473	0.00710	0.00710	0.00710	0.00473	0.00473	0.00710	0.00710	0.00947	0.00947	0.01657	0.00947	0.01894	0.02131	0.84138	0.00473	0.00473	0.00237	0.00237
106	0.01349	0.01295	0.02213	0.03346	0.77440	0.01295	0.01673	0.01673	0.01241	0.01781	0.01025	0.01349	0.00864	0.00486	0.00540	0.00162	0.00648	0.00486	0.00270	0.00864
107	0.01348	0.01172	0.01253	0.01124	0.01418	0.01371	0.00878	0.02824	0.72962	0.02236	0.02150	0.01995	0.01620	0.00750	0.00612	0.00187	0.04099	0.00610	0.00540	0.00851
108	0.02147	0.00987	0.01256	0.00992	0.01395	0.00920	0.00808	0.03732	0.16325	0.57276	0.02081	0.01839	0.01373	0.00671	0.00541	0.00167	0.00456	0.00547	0.00628	0.05858
109	0.01096	0.02270	0.52965	0.01584	0.02259	0.01209	0.16149	0.01675	0.03564	0.01738	0.03125	0.01640	0.07067	0.00597	0.00557	0.00176	0.00761	0.00530	0.00280	0.00759
110	0.84691	0.01054	0.00801	0.00717	0.01054	0.01223	0.00590	0.01603	0.00928	0.02446	0.00759	0.00886	0.00590	0.00506	0.00337	0.00169	0.00422	0.00295	0.00337	0.00590
111	0.01153	0.00884	0.01035	0.01020	0.01235	0.00964	0.00816	0.02007	0.37779	0.05413	0.02545	0.14190	0.02404	0.01123	0.00639	0.00211	0.00440	0.24916	0.00536	0.00689
112	0.01126	0.00588	0.00701	0.00642	0.00814	0.00552	0.00492	0.01372	0.01354	0.13123	0.29662	0.02834	0.04577	0.00835	0.00508	0.00151	0.00286	0.00705	0.39107	0.00570
113	0.00681	0.00511	0.00633	0.00698	0.00787	0.00463	0.00491	0.00817	0.01183	0.01551	0.16146	0.46989	0.22694	0.01521	0.00675	0.00204	0.00299	0.02674	0.00522	0.00460
114	0.05275	0.00956	0.01251	0.00966	0.01378	0.00859	0.00797	0.06719	0.01585	0.69099	0.02045	0.01795	0.01300	0.00667	0.00537	0.00167	0.00465	0.00535	0.02698	0.00906
115	0.00736	0.00556	0.00679	0.00648	0.00792	0.00499	0.00486	0.00959	0.01458	0.01985	0.56935	0.04404	0.25487	0.01190	0.00643	0.00175	0.00263	0.01032	0.00574	0.00499
116	0.00664	0.00474	0.00633	0.00759	0.00791	0.00443	0.00506	0.00759	0.01044	0.01392	0.03005	0.80485	0.03606	0.01708	0.00696	0.00221	0.00316	0.01550	0.00506	0.00443
117	0.02037	0.02598	0.01545	0.01404	0.01685	0.78652	0.01053	0.02177	0.01545	0.01334	0.00843	0.00983	0.00702	0.00562	0.00492	0.00140	0.00983	0.00351	0.00281	0.00632
118	0.01130	0.00969	0.01130	0.00807	0.01292	0.00727	0.00646	0.01373	0.01130	0.01776	0.00969	0.01130	0.00807	0.00404	0.00404	0.00081	0.00404	0.00323	0.00323	0.84173
119	0.08409	0.01671	0.01515	0.01510	0.11589	0.25687	0.02805	0.09945	0.27328	0.02038	0.01388	0.01431	0.01072	0.00616	0.00516	0.00164	0.00662	0.00477	0.00406	0.00772
120	0.00730	0.00555	0.00667	0.00639	0.00783	0.00497	0.00477	0.00941	0.01425	0.01922	0.51494	0.04452	0.29083	0.03097	0.00694	0.00184	0.00270	0.01036	0.00562	0.00492
121	0.00760	0.00523	0.00643	0.00702	0.00728	0.00512	0.00458	0.00824	0.00935	0.01242	0.02298	0.29767	0.02674	0.44230	0.01821	0.00390	0.00454	0.10238	0.00411	0.00390
122	0.01405	0.16234	0.45105	0.01397	0.02018	0.15920	0.01576	0.07227	0.01321	0.01702	0.00939	0.01083	0.00712	0.00527	0.00486	0.00156	0.00785	0.00380	0.00263	0.00764
123	0.05440	0.01428	0.01685	0.40400	0.17260	0.18952	0.01377	0.04250	0.01267	0.01578	0.00953	0.01293	0.00748	0.00539	0.00522	0.00167	0.00751	0.00445	0.00272	0.00672

[dist]
# distance from previous block
# <min> <max>
3	5

[block]
# block no. 3 follows, 44 sequences, length 59
# corresponding to MSA columns:
# 385-443
name=unknown_D
#
# <colnr> <probs for GDERKNQSTAVLIFYWHMCP>
#	G	D	E	R	K	N	Q	S	T	A	V	L	I	F	Y	W	H	M	C	P
0	0.07195	0.01609	0.01782	0.01985	0.27621	0.16723	0.03138	0.25400	0.05409	0.02288	0.01123	0.01270	0.00872	0.00568	0.00522	0.00160	0.00680	0.00459	0.00378	0.00817
1	0.05167	0.38876	0.01797	0.00850	0.01192	0.01460	0.00757	0.05288	0.09042	0.01666	0.08003	0.04282	0.18096	0.00790	0.00477	0.00150	0.00461	0.00611	0.00383	0.00649
2	0.00975	0.01756	0.41416	0.01149	0.01640	0.00916	0.01310	0.01429	0.01337	0.03496	0.35523	0.02489	0.02722	0.00792	0.00575	0.00172	0.00550	0.00670	0.00407	0.00676
3	0.02428	0.00956	0.01283	0.00983	0.01406	0.00843	0.00812	0.06113	0.01608	0.74294	0.02111	0.01830	0.01330	0.00674	0.00548	0.00168	0.00470	0.00546	0.00669	0.00928
4	0.01253	0.00817	0.00843	0.00764	0.00972	0.04199	0.00590	0.05216	0.15699	0.08331	0.14062	0.02269	0.01999	0.00734	0.00483	0.00151	0.00354	0.00602	0.40024	0.00636
5	0.00664	0.00474	0.00633	0.00759	0.00791	0.00443	0.00506	0.00759	0.01044	0.01392	0.03005	0.80485	0.03606	0.01708	0.00696	0.00221	0.00316	0.01550	0.00506	0.00443
6	0.02006	0.01494	0.01599	0.01241	0.01665	0.01660	0.01020	0.68905	0.09388	0.03329	0.01393	0.01376	0.00995	0.00662	0.00546	0.00166	0.00584	0.00502	0.00546	0.00921
7	0.00663	0.00553	0.00579	0.00572	0.00748	0.00468	0.00429	0.00819	0.01288	0.01580	0.16243	0.05071	0.66432	0.01341	0.00644	0.00182	0.00273	0.01126	0.00520	0.00468
8	0.01467	0.74184	0.06173	0.00982	0.01455	0.05492	0.00987	0.01661	0.01129	0.01305	0.00772	0.00892	0.00699	0.00473	0.00364	0.00120	0.00611	0.00299	0.00235	0.00701
9	0.01527	0.01328	0.01489	0.18398	0.07083	0.09433	0.01098	0.20676	0.21519	0.04250	0.06418	0.01697	0.01339	0.00663	0.00548	0.00171	0.00600	0.00542	0.00443	0.00778
10	0.02210	0.01256	0.01448	0.01128	0.01526	0.04699	0.00928	0.31679	0.01920	0.40537	0.01678	0.01562	0.01117	0.00677	0.00612	0.00169	0.04863	0.00513	0.00582	0.00896
11	0.01437	0.01401	0.05809	0.01823	0.02297	0.01325	0.44345	0.03953	0.15781	0.10391	0.01418	0.01592	0.01038	0.00567	0.00658	0.00184	0.04214	0.00606	0.00377	0.00783
12	0.01318	0.01263	0.02156	0.10789	0.70241	0.01287	0.01658	0.01646	0.01227	0.01743	0.01020	0.01359	0.00850	0.00492	0.00540	0.00164	0.00655	0.00486	0.00267	0.00838
13	0.00765	0.00557	0.00719	0.00679	0.00810	0.00511	0.00509	0.01015	0.01527	0.02147	0.73253	0.04136	0.09068	0.01129	0.00643	0.00172	0.00258	0.00995	0.00595	0.00511
14	0.00879	0.00628	0.00879	0.01004	0.01130	0.00628	0.00879	0.01130	0.01255	0.01632	0.02887	0.06150	0.03138	0.01506	0.00753	0.00251	0.00502	0.73770	0.00502	0.00502
15	0.00669	0.00553	0.00587	0.00578	0.00752	0.00471	0.00434	0.00831	0.01301	0.01612	0.19511	0.05017	0.63143	0.01329	0.00644	0.00182	0.00272	0.01118	0.00525	0.00471
16	0.00664	0.00474	0.00633	0.00759	0.00791	0.00443	0.00506	0.00759	0.01044	0.01392	0.03005	0.80485	0.03606	0.01708	0.00696	0.00221	0.00316	0.01550	0.00506	0.00443
17	0.84691	0.01054	0.00801	0.00717	0.01054	0.01223	0.00590	0.01603	0.00928	0.02446	0.00759	0.00886	0.00590	0.00506	0.00337	0.00169	0.00422	0.00295	0.00337	0.00590
18	0.01285	0.01447	0.03085	0.02300	0.06305	0.01391	0.67922	0.01719	0.01260	0.01724	0.01078	0.01450	0.00823	0.00488	0.00701	0.00186	0.05203	0.00627	0.00273	0.00734
19	0.02072	0.01527	0.01636	0.01254	0.01691	0.01691	0.01036	0.75622	0.02563	0.03436	0.01309	0.01309	0.00927	0.00654	0.00545	0.00164	0.00600	0.00491	0.00545	0.00927
20	0.01258	0.01202	0.02048	0.25070	0.56428	0.01271	0.01628	0.01593	0.01198	0.01670	0.01009	0.01379	0.00825	0.00503	0.00541	0.00168	0.00670	0.00485	0.00262	0.00790
21	0.01458	0.81168	0.02857	0.00933	0.01399	0.02157	0.00933	0.01632	0.01108	0.01283	0.00758	0.00875	0.00700	0.00466	0.00350	0.00117	0.00583	0.00292	0.00233	0.00700
22	0.00712	0.00505	0.00670	0.00774	0.00817	0.00488	0.00538	0.00819	0.01030	0.01373	0.02753	0.57975	0.03234	0.11639	0.04886	0.00296	0.00423	0.10158	0.00473	0.00438
23	0.84691	0.01054	0.00801	0.00717	0.01054	0.01223	0.00590	0.01603	0.00928	0.02446	0.00759	0.00886	0.00590	0.00506	0.00337	0.00169	0.00422	0.00295	0.00337	0.00590
24	0.01503	0.01199	0.01314	0.01190	0.03502	0.03514	0.00912	0.04638	0.56638	0.10562	0.02009	0.01887	0.01493	0.00734	0.00640	0.00184	0.06122	0.00584	0.00530	0.00846
25	0.01016	0.00508	0.00508	0.00508	0.00635	0.00508	0.00381	0.01270	0.01143	0.02033	0.01778	0.02033	0.01397	0.00635	0.00381	0.00127	0.00254	0.00508	0.83867	0.00508
26	0.01114	0.01055	0.01787	0.59471	0.23156	0.01233	0.01556	0.01467	0.01130	0.01495	0.00984	0.01426	0.00763	0.00529	0.00544	0.00176	0.00706	0.00485	0.00250	0.00674
27	0.02289	0.01180	0.01422	0.01090	0.01518	0.01176	0.00900	0.33414	0.01983	0.46463	0.01796	0.01625	0.01171	0.00666	0.00547	0.00167	0.00521	0.00524	0.00620	0.00928
28	0.01212	0.01136	0.01579	0.34603	0.17357	0.04614	0.01285	0.01878	0.22092	0.01761	0.05888	0.01731	0.01278	0.00622	0.00550	0.00176	0.00612	0.00546	0.00358	0.00724
29	0.01349	0.01295	0.02213	0.03346	0.77440	0.01295	0.01673	0.01673	0.01241	0.01781	0.01025	0.01349	0.00864	0.00486	0.00540	0.00162	0.00648	0.00486	0.00270	0.00864
30	0.01365	0.01371	0.02051	0.15770	0.57712	0.08966	0.01585	0.01677	0.01246	0.01672	0.00998	0.01330	0.00825	0.00503	0.00536	0.00163	0.00694	0.00472	0.00266	0.00798
31	0.02038	0.02544	0.01550	0.01397	0.01686	0.74779	0.01053	0.05873	0.01596	0.01440	0.00866	0.01000	0.00714	0.00566	0.00494	0.00142	0.00964	0.00358	0.00294	0.00647
32	0.84691	0.01054	0.00801	0.00717	0.01054	0.01223	0.00590	0.01603	0.00928	0.02446	0.00759	0.00886	0.00590	0.00506	0.00337	0.00169	0.00422	0.00295	0.00337	0.00590
33	0.01310	0.49320	0.33409	0.01185	0.01790	0.01795	0.01372	0.01671	0.01125	0.01463	0.00848	0.00987	0.00696	0.00487	0.00418	0.00139	0.00674	0.00337	0.00232	0.00743
34	0.01090	0.00988	0.01507	0.20386	0.27071	0.00980	0.01156	0.01380	0.01218	0.01707	0.10657	0.02027	0.08567	0.00643	0.00534	0.00153	0.00532	0.00574	0.00337	0.18492
35	0.01016	0.00508	0.00508	0.00508	0.00635	0.00508	0.00381	0.01270	0.01143	0.02033	0.01778	0.02033	0.01397	0.00635	0.00381	0.00127	0.00254	0.00508	0.83867	0.00508
36	0.13941	0.01390	0.01220	0.01100	0.01408	0.14137	0.00854	0.02584	0.52746	0.02149	0.01773	0.01688	0.01344	0.00675	0.00512	0.00175	0.00521	0.00524	0.00477	0.00784
37	0.02241	0.01190	0.01509	0.01148	0.01582	0.01179	0.04651	0.31215	0.01940	0.44830	0.01768	0.01622	0.01158	0.00656	0.00552	0.00167	0.00540	0.00531	0.00604	0.00918
38	0.00693	0.00538	0.00626	0.00637	0.00769	0.00476	0.00463	0.00858	0.01290	0.01678	0.28150	0.19521	0.37665	0.03280	0.00705	0.00196	0.00284	0.01167	0.00532	0.00471
