[name]
unknown

[dist]
# distance from previous block
# <min> <max>
5	2743

[block]
# block no. 0 follows, 44 sequences, length 10
# corresponding to MSA columns:
# 4103-4112
name=unknown_A
#
# <colnr> <probs for GDERKNQSTAVLIFYWHMCP>
#	G	D	E	R	K	N	Q	S	T	A	V	L	I	F	Y	W	H	M	C	P
0	0.07942	0.04419	0.01158	0.03398	0.01287	0.00953	0.05664	0.06779	0.13100	0.01892	0.02092	0.19462	0.02073	0.01135	0.03045	0.00216	0.00495	0.15454	0.08826	0.00611
1	0.09437	0.01075	0.04276	0.01399	0.11715	0.04380	0.09071	0.08003	0.01296	0.01831	0.04625	0.09583	0.06015	0.08955	0.00820	0.00226	0.00567	0.15708	0.00400	0.00617
2	0.01371	0.12960	0.32908	0.02047	0.28847	0.01354	0.01621	0.01788	0.01218	0.09321	0.01082	0.01254	0.00820	0.00515	0.00505	0.00161	0.00684	0.00431	0.00289	0.00824
3	0.09889	0.23841	0.13139	0.00853	0.01216	0.01149	0.00838	0.01268	0.01160	0.01595	0.06718	0.08042	0.26564	0.00904	0.00512	0.00163	0.00462	0.00719	0.00374	0.00597
4	0.04117	0.01075	0.01481	0.31032	0.05781	0.04981	0.06593	0.01645	0.15200	0.01643	0.01871	0.06090	0.10745	0.00758	0.00626	0.00184	0.04527	0.00647	0.00357	0.00648
5	0.09848	0.01359	0.01158	0.00962	0.01306	0.22611	0.00748	0.01698	0.01344	0.09876	0.14325	0.01655	0.01570	0.00611	0.00479	0.00131	0.00549	0.00468	0.00398	0.28904
6	0.16207	0.00975	0.01427	0.01136	0.01470	0.00926	0.17308	0.01334	0.01094	0.01771	0.01486	0.22019	0.01504	0.00800	0.00578	0.00163	0.03707	0.00718	0.00360	0.25018
7	0.01333	0.01343	0.09323	0.31704	0.14555	0.01342	0.01389	0.15202	0.14532	0.02014	0.01259	0.01482	0.00945	0.00587	0.00543	0.00175	0.00648	0.00501	0.00355	0.00770
8	0.25290	0.01524	0.01323	0.01088	0.01452	0.14916	0.00877	0.37841	0.01846	0.02713	0.01099	0.01173	0.00819	0.00595	0.00468	0.00159	0.00597	0.00412	0.05049	0.00758
9	0.00823	0.00688	0.00927	0.01132	0.14699	0.00635	0.00700	0.01034	0.01323	0.01747	0.25935	0.07961	0.34427	0.01161	0.00633	0.00181	0.00351	0.04600	0.00491	0.00551

[dist]
# distance from previous block
# <min> <max>
0	1

[block]
# block no. 1 follows, 44 sequences, length 28
# corresponding to MSA columns:
# 4114-4141
name=unknown_B
#
# <colnr> <probs for GDERKNQSTAVLIFYWHMCP>
#	G	D	E	R	K	N	Q	S	T	A	V	L	I	F	Y	W	H	M	C	P
0	0.01214	0.01157	0.01968	0.35626	0.46219	0.01260	0.01606	0.01554	0.01177	0.01617	0.01002	0.01393	0.00806	0.00511	0.00542	0.00170	0.00681	0.00485	0.00258	0.00754
1	0.01130	0.00969	0.01130	0.00807	0.01292	0.00727	0.00646	0.01373	0.01130	0.01776	0.00969	0.01130	0.00807	0.00404	0.00404	0.00081	0.00404	0.00323	0.00323	0.84173
2	0.00901	0.00884	0.05463	0.05398	0.01268	0.00885	0.03210	0.01139	0.01268	0.01784	0.37082	0.06077	0.11739	0.01043	0.00900	0.00192	0.18929	0.00835	0.00449	0.00553
3	0.00757	0.00544	0.00640	0.00623	0.00707	0.00511	0.00418	0.00884	0.01170	0.01578	0.32111	0.04073	0.16965	0.34943	0.01547	0.00325	0.00376	0.00934	0.00469	0.00427
4	0.00840	0.00682	0.00808	0.00801	0.00939	0.02479	0.00622	0.01123	0.06117	0.01790	0.30573	0.12630	0.20008	0.01254	0.00723	0.00196	0.04873	0.12498	0.00523	0.00522
5	0.01312	0.01257	0.02145	0.12347	0.68734	0.01285	0.01654	0.01640	0.01223	0.01735	0.01019	0.01362	0.00847	0.00493	0.00540	0.00164	0.00657	0.00486	0.00267	0.00833
6	0.01290	0.00810	0.01047	0.00928	0.01241	0.00698	0.00781	0.01529	0.01274	0.17347	0.02058	0.03494	0.01947	0.00946	0.00588	0.00174	0.00459	0.32774	0.00474	0.30143
7	0.00802	0.00564	0.00657	0.00692	0.00826	0.00511	0.00500	0.00986	0.03972	0.05849	0.03941	0.36394	0.34494	0.01426	0.00649	0.00198	0.00313	0.02804	0.03924	0.00497
8	0.01220	0.01167	0.01960	0.31442	0.44667	0.01291	0.01580	0.01543	0.01156	0.01604	0.00982	0.01377	0.00802	0.00541	0.00632	0.00175	0.06371	0.00485	0.00257	0.00749
9	0.40329	0.01186	0.01114	0.00916	0.01269	0.01332	0.00751	0.32365	0.01634	0.02809	0.01109	0.01199	0.00827	0.00583	0.00429	0.00162	0.00476	0.00402	0.10388	0.00721
10	0.00901	0.00551	0.00708	0.00712	0.00829	0.00511	0.00517	0.01096	0.01311	0.08010	0.34202	0.31230	0.03780	0.01229	0.00619	0.00183	0.00295	0.01090	0.11705	0.00521
11	0.01520	0.07347	0.02370	0.01724	0.02131	0.16164	0.34039	0.09418	0.09019	0.01821	0.01127	0.01350	0.00879	0.00573	0.00680	0.00174	0.08077	0.00529	0.00326	0.00733
12	0.00869	0.00583	0.00736	0.00683	0.00842	0.00525	0.00517	0.01102	0.01492	0.07456	0.59298	0.04119	0.17455	0.01130	0.00636	0.00173	0.00275	0.00983	0.00589	0.00534
13	0.01186	0.12799	0.52128	0.01691	0.06592	0.01402	0.13347	0.01714	0.01172	0.01675	0.00972	0.01176	0.00723	0.00500	0.00517	0.00166	0.00785	0.00431	0.00240	0.00784
14	0.01174	0.00980	0.01129	0.00821	0.01283	0.00777	0.00657	0.06348	0.01231	0.01884	0.01174	0.01312	0.03560	0.00461	0.00421	0.00091	0.00409	0.00368	0.02395	0.73523
15	0.84691	0.01054	0.00801	0.00717	0.01054	0.01223	0.00590	0.01603	0.00928	0.02446	0.00759	0.00886	0.00590	0.00506	0.00337	0.00169	0.00422	0.00295	0.00337	0.00590
16	0.01122	0.07187	0.70717	0.01549	0.02325	0.01321	0.04955	0.01722	0.01154	0.01702	0.00971	0.01148	0.00697	0.00513	0.00514	0.00170	0.00798	0.00406	0.00232	0.00797
17	0.01700	0.01688	0.01369	0.01185	0.01521	0.29823	0.00917	0.08092	0.29653	0.06400	0.01487	0.01471	0.01131	0.00623	0.00512	0.00153	0.00647	0.00470	0.00432	0.10725
18	0.02446	0.00928	0.01265	0.00970	0.01392	0.00801	0.00801	0.02657	0.01560	0.77817	0.02151	0.01856	0.01350	0.00675	0.00548	0.00169	0.00464	0.00548	0.00675	0.00928
19	0.01201	0.01157	0.01734	0.01984	0.26516	0.01415	0.01272	0.01439	0.03521	0.01538	0.03950	0.06301	0.01146	0.00845	0.01223	0.00208	0.43008	0.00571	0.00290	0.00681
20	0.00793	0.00529	0.00595	0.00595	0.00595	0.00529	0.00330	0.00793	0.00793	0.01057	0.01718	0.03568	0.01982	0.80840	0.02775	0.00529	0.00529	0.00793	0.00330	0.00330
21	0.01317	0.02415	0.55831	0.01455	0.02143	0.01361	0.01716	0.17070	0.07745	0.02126	0.01150	0.01257	0.00821	0.00565	0.00527	0.00172	0.00732	0.00439	0.00322	0.00836
22	0.00736	0.00548	0.00617	0.00602	0.00738	0.00492	0.00436	0.00906	0.01282	0.01709	0.30045	0.04376	0.36250	0.11857	0.00910	0.00222	0.00302	0.00998	0.06510	0.00465
23	0.01287	0.01471	0.03217	0.02298	0.02849	0.01379	0.75460	0.01746	0.01287	0.01746	0.01103	0.01471	0.00827	0.00460	0.00643	0.00184	0.00919	0.00643	0.00276	0.00735
24	0.00751	0.00532	0.00659	0.00675	0.00732	0.00522	0.00449	0.00854	0.01032	0.01400	0.17087	0.18654	0.08259	0.34781	0.10850	0.00415	0.00527	0.00980	0.00426	0.00417
25	0.01360	0.24714	0.15453	0.05743	0.27936	0.05076	0.01383	0.01680	0.01223	0.04440	0.05311	0.01339	0.01034	0.00535	0.00485	0.00151	0.00647	0.00439	0.00285	0.00765
26	0.01190	0.23531	0.58148	0.01390	0.02106	0.01502	0.01728	0.01702	0.01140	0.01609	0.00920	0.01078	0.00693	0.00504	0.00474	0.00158	0.00747	0.00373	0.00231	0.00778
27	0.01210	0.01332	0.07699	0.02396	0.32985	0.01217	0.23673	0.01561	0.01211	0.01697	0.01338	0.08093	0.01237	0.00688	0.00670	0.00186	0.05172	0.06589	0.00305	0.00743

[dist]
# distance from previous block
# <min> <max>
0	1

[block]
# block no. 2 follows, 44 sequences, length 72
# corresponding to MSA columns:
# 4143-4214
name=unknown_C
#
# <colnr> <probs for GDERKNQSTAVLIFYWHMCP>
#	G	D	E	R	K	N	Q	S	T	A	V	L	I	F	Y	W	H	M	C	P
0	0.49185	0.01095	0.01018	0.00856	0.01195	0.01218	0.00699	0.19357	0.01437	0.06909	0.11004	0.01461	0.01312	0.00631	0.00439	0.00168	0.00445	0.00447	0.00441	0.00680
1	0.01413	0.01574	0.01163	0.01158	0.03042	0.38092	0.00826	0.04475	0.03399	0.01478	0.01833	0.35223	0.01990	0.01061	0.00584	0.00178	0.00658	0.00882	0.00395	0.00574
2	0.00782	0.00570	0.00743	0.00735	0.00868	0.00531	0.00575	0.01028	0.01465	0.02025	0.57477	0.04557	0.10491	0.01209	0.00664	0.00187	0.00305	0.14706	0.00574	0.00508
3	0.01207	0.01113	0.01591	0.01296	0.01629	0.01180	0.18692	0.02210	0.42550	0.02086	0.13105	0.02407	0.06918	0.00769	0.00595	0.00183	0.00513	0.00712	0.00491	0.00755
4	0.00947	0.00473	0.00710	0.00710	0.00710	0.00473	0.00473	0.00710	0.00710	0.00947	0.00947	0.01657	0.00947	0.01894	0.02131	0.84138	0.00473	0.00473	0.00237	0.00237
5	0.00676	0.00483	0.00646	0.00773	0.00810	0.00453	0.00527	0.00780	0.01056	0.01405	0.02998	0.76283	0.03579	0.01697	0.00699	0.00223	0.00327	0.05631	0.00506	0.00446
6	0.01349	0.01295	0.02213	0.03346	0.77440	0.01295	0.01673	0.01673	0.01241	0.01781	0.01025	0.01349	0.00864	0.00486	0.00540	0.00162	0.00648	0.00486	0.00270	0.00864
7	0.01504	0.74927	0.02753	0.00970	0.01422	0.08233	0.00942	0.01676	0.01142	0.01287	0.00765	0.00883	0.00700	0.00474	0.00361	0.00118	0.00615	0.00296	0.00237	0.00694
8	0.02037	0.02598	0.01545	0.01404	0.01685	0.78652	0.01053	0.02177	0.01545	0.01334	0.00843	0.00983	0.00702	0.00562	0.00492	0.00140	0.00983	0.00351	0.00281	0.00632
9	0.01368	0.01331	0.02195	0.03294	0.75391	0.03387	0.01656	0.01687	0.01250	0.01769	0.01021	0.01339	0.00859	0.00488	0.00538	0.00161	0.00657	0.00482	0.00270	0.00857
10	0.01218	0.01022	0.01313	0.00947	0.01430	0.00813	0.06607	0.02923	0.02728	0.04819	0.01058	0.01208	0.00850	0.00431	0.00434	0.00096	0.00451	0.00367	0.00342	0.70942
11	0.00664	0.00474	0.00633	0.00759	0.00791	0.00443	0.00506	0.00759	0.01044	0.01392	0.03005	0.80485	0.03606	0.01708	0.00696	0.00221	0.00316	0.01550	0.00506	0.00443
12	0.01320	0.45824	0.34606	0.01209	0.01813	0.03931	0.01394	0.01688	0.01138	0.01472	0.00854	0.00995	0.00696	0.00491	0.00425	0.00141	0.00688	0.00340	0.00233	0.00743
13	0.01458	0.81168	0.02857	0.00933	0.01399	0.02157	0.00933	0.01632	0.01108	0.01283	0.00758	0.00875	0.00700	0.00466	0.00350	0.00117	0.00583	0.00292	0.00233	0.00700
14	0.01047	0.00951	0.01480	0.45043	0.11559	0.01034	0.01231	0.01366	0.01169	0.01599	0.09330	0.01770	0.03386	0.00597	0.00531	0.00159	0.00593	0.00527	0.00307	0.16321
15	0.00664	0.00474	0.00633	0.00759	0.00791	0.00443	0.00506	0.00759	0.01044	0.01392	0.03005	0.80485	0.03606	0.01708	0.00696	0.00221	0.00316	0.01550	0.00506	0.00443
16	0.02319	0.00987	0.01478	0.01115	0.01551	0.00864	0.08953	0.02557	0.01531	0.69512	0.02036	0.01814	0.01292	0.00651	0.00559	0.00170	0.00514	0.00559	0.00631	0.00907
17	0.01458	0.81168	0.02857	0.00933	0.01399	0.02157	0.00933	0.01632	0.01108	0.01283	0.00758	0.00875	0.00700	0.00466	0.00350	0.00117	0.00583	0.00292	0.00233	0.00700
18	0.01030	0.00969	0.01635	0.79530	0.03755	0.01211	0.01514	0.01393	0.01090	0.01393	0.00969	0.01453	0.00727	0.00545	0.00545	0.00182	0.00727	0.00484	0.00242	0.00606
19	0.00729	0.00557	0.00659	0.00669	0.00805	0.00504	0.00506	0.00906	0.01293	0.01683	0.27533	0.09110	0.34409	0.07643	0.00830	0.00218	0.00322	0.10631	0.00522	0.00472
20	0.01099	0.00932	0.01053	0.05049	0.01310	0.00997	0.02448	0.07683	0.32878	0.02013	0.07871	0.03228	0.29268	0.00973	0.00594	0.00182	0.00404	0.00817	0.00516	0.00683
21	0.01179	0.01166	0.02055	0.01569	0.01933	0.01165	0.37488	0.01825	0.21318	0.01746	0.01746	0.02211	0.05223	0.15683	0.01020	0.00249	0.00682	0.00690	0.00373	0.00679
22	0.01386	0.01202	0.01501	0.03514	0.21104	0.01321	0.01080	0.10876	0.42051	0.02216	0.01978	0.01956	0.05975	0.00699	0.00555	0.00176	0.00504	0.00598	0.00470	0.00840
23	0.01490	0.02277	0.52225	0.01402	0.02081	0.01249	0.01643	0.13487	0.01446	0.15684	0.01241	0.01303	0.00846	0.00568	0.00528	0.00171	0.00712	0.00443	0.00360	0.00847
24	0.17679	0.01205	0.01183	0.00984	0.01336	0.13704	0.00785	0.03944	0.01422	0.43233	0.01722	0.07762	0.01270	0.00706	0.00511	0.00168	0.00533	0.00546	0.00530	0.00777
25	0.05774	0.16074	0.01467	0.00866	0.01322	0.01053	0.00733	0.01719	0.03235	0.16223	0.01177	0.01232	0.00902	0.00482	0.00422	0.00112	0.00451	0.00366	0.00380	0.46010
26	0.07897	0.20270	0.01504	0.01037	0.01299	0.07785	0.00910	0.08419	0.01326	0.01746	0.01804	0.03388	0.01846	0.00996	0.00620	0.00194	0.03493	0.34453	0.00400	0.00611
27	0.01707	0.02088	0.01326	0.01250	0.01471	0.59875	0.00922	0.01837	0.01425	0.01348	0.01362	0.20070	0.01399	0.00837	0.00541	0.00160	0.00823	0.00639	0.00335	0.00587
28	0.01846	0.01347	0.01473	0.01179	0.01562	0.01493	0.00960	0.50903	0.17273	0.07234	0.01552	0.01552	0.01134	0.00946	0.06754	0.00225	0.00627	0.00527	0.00534	0.00879
29	0.00802	0.00608	0.00879	0.00867	0.00946	0.00712	0.00660	0.00966	0.00863	0.01240	0.01457	0.02286	0.01414	0.14361	0.64381	0.00796	0.05391	0.00607	0.00294	0.00471
30	0.01187	0.01034	0.01509	0.39847	0.06558	0.01196	0.04298	0.07444	0.16636	0.01842	0.03506	0.01767	0.02999	0.00630	0.00543	0.00175	0.00599	0.00551	0.06991	0.00688
31	0.00704	0.00503	0.00679	0.00805	0.00854	0.00478	0.00576	0.00829	0.01083	0.01437	0.02983	0.66520	0.03518	0.01670	0.00707	0.00227	0.00351	0.15117	0.00505	0.00454
32	0.01299	0.41234	0.30878	0.01349	0.01953	0.01720	0.11411	0.01683	0.01148	0.01511	0.00887	0.01058	0.00714	0.00485	0.00452	0.00147	0.00711	0.00381	0.00238	0.00744
33	0.00648	0.00538	0.00567	0.00591	0.00747	0.00457	0.00431	0.00778	0.01205	0.01458	0.05050	0.19381	0.63389	0.01442	0.00654	0.00191	0.00284	0.01226	0.00506	0.00457
34	0.01216	0.01198	0.02161	0.02584	0.45131	0.01164	0.19162	0.01550	0.01285	0.01793	0.09710	0.01982	0.07330	0.00619	0.00584	0.00170	0.00641	0.00631	0.00326	0.00763
35	0.01656	0.01965	0.01601	0.01417	0.01571	0.43943	0.01116	0.01787	0.01225	0.01324	0.00785	0.01078	0.00708	0.00739	0.01077	0.00185	0.36538	0.00408	0.00262	0.00616
36	0.01016	0.00508	0.00508	0.00508	0.00635	0.00508	0.00381	0.01270	0.01143	0.02033	0.01778	0.02033	0.01397	0.00635	0.00381	0.00127	0.00254	0.00508	0.83867	0.00508
37	0.01586	0.01233	0.01517	0.27488	0.02281	0.01411	0.01132	0.39522	0.07290	0.02554	0.01298	0.01467	0.00950	0.00622	0.00533	0.00168	0.00603	0.00499	0.07063	0.00781
38	0.01101	0.04448	0.76454	0.01541	0.02340	0.01285	0.01992	0.01725	0.01150	0.01717	0.00974	0.01145	0.00691	0.00517	0.00514	0.00171	0.00801	0.00401	0.00230	0.00804
39	0.01613	0.01544	0.10396	0.09785	0.01995	0.07492	0.07834	0.22864	0.18089	0.08305	0.01489	0.01633	0.01108	0.00646	0.00555	0.00174	0.00646	0.02575	0.00442	0.00812
40	0.01458	0.81168	0.02857	0.00933	0.01399	0.02157	0.00933	0.01632	0.01108	0.01283	0.00758	0.00875	0.00700	0.00466	0.00350	0.00117	0.00583	0.00292	0.00233	0.00700
41	0.03847	0.01247	0.01417	0.01119	0.01525	0.01317	0.00915	0.35716	0.16037	0.28356	0.01752	0.01621	0.01201	0.00674	0.00544	0.00169	0.00518	0.00530	0.00586	0.00908
42	0.82647	0.01051	0.00813	0.00723	0.01063	0.01213	0.00596	0.01629	0.00944	0.04319	0.00794	0.00910	0.00609	0.00510	0.00343	0.00169	0.00423	0.00301	0.00346	0.00599
43	0.01229	0.00924	0.01007	0.00918	0.01183	0.00984	0.00708	0.02137	0.42296	0.10151	0.03156	0.09104	0.21957	0.00981	0.00589	0.00186	0.00384	0.00826	0.00551	0.00729
44	0.00779	0.00584	0.00876	0.00876	0.00974	0.00681	0.00681	0.00974	0.00876	0.01266	0.01460	0.02142	0.01363	0.04089	0.78680	0.00876	0.01460	0.00584	0.00292	0.00487
45	0.01260	0.01087	0.01141	0.01034	0.01326	0.01235	0.00802	0.02611	0.66286	0.02171	0.02666	0.02468	0.11879	0.00826	0.00567	0.00185	0.00410	0.00689	0.00548	0.00808
46	0.01853	0.00802	0.01044	0.00844	0.01179	0.00692	0.00682	0.02052	0.01486	0.52182	0.10960	0.02872	0.19181	0.00884	0.00580	0.00173	0.00399	0.00733	0.00628	0.00776
47	0.01147	0.01089	0.01847	0.51600	0.30768	0.01242	0.01572	0.01496	0.01146	0.01535	0.00990	0.01415	0.00777	0.00523	0.00543	0.00174	0.00698	0.00485	0.00252	0.00700
48	0.02288	0.00893	0.01215	0.00943	0.01337	0.00774	0.00774	0.02503	0.01559	0.70674	0.09235	0.02065	0.01708	0.00716	0.00557	0.00169	0.00444	0.00590	0.00668	0.00889
49	0.01250	0.01162	0.01782	0.01385	0.01761	0.01178	0.25894	0.12452	0.20855	0.02057	0.02574	0.02578	0.20987	0.00800	0.00607	0.00181	0.00579	0.00747	0.00447	0.00724
50	0.01935	0.02011	0.01523	0.01306	0.01642	0.40683	0.01016	0.26225	0.14374	0.02177	0.01224	0.01265	0.00936	0.00622	0.00520	0.00155	0.00766	0.00441	0.00413	0.00767
51	0.60267	0.01017	0.00939	0.00792	0.01155	0.01098	0.00653	0.01916	0.01116	0.24829	0.01172	0.01174	0.00816	0.00556	0.00400	0.00169	0.00434	0.00370	0.00438	0.00691
52	0.01594	0.01098	0.01213	0.01012	0.01322	0.01178	0.00794	0.25053	0.24658	0.13481	0.04141	0.02287	0.07366	0.11284	0.00852	0.00221	0.00485	0.00642	0.00537	0.00782
53	0.01140	0.12849	0.68395	0.01474	0.02237	0.01380	0.01876	0.01714	0.01145	0.01670	0.00950	0.01116	0.00692	0.00511	0.00496	0.00165	0.00777	0.00389	0.00231	0.00792
54	0.01664	0.01514	0.01371	0.01187	0.01482	0.20059	0.00932	0.13711	0.30005	0.08134	0.05189	0.01744	0.02844	0.00725	0.00640	0.00173	0.06831	0.00544	0.00473	0.00777
55	0.01834	0.01136	0.01301	0.01078	0.01442	0.01207	0.00864	0.15067	0.37066	0.28034	0.03601	0.01894	0.01506	0.00711	0.00553	0.00176	0.00467	0.00580	0.00595	0.00888
56	0.01581	0.01283	0.01360	0.01155	0.01504	0.01461	0.00917	0.25777	0.53207	0.02644	0.01933	0.01806	0.01432	0.00713	0.00552	0.00178	0.00484	0.00577	0.00552	0.00883
57	0.00927	0.00519	0.00576	0.00573	0.00694	0.00506	0.00425	0.01172	0.01246	0.02033	0.22394	0.07634	0.02560	0.00835	0.00473	0.00145	0.00259	0.00705	0.55817	0.00506
58	0.01612	0.01298	0.01377	0.01161	0.01515	0.01475	0.00925	0.28834	0.50102	0.02693	0.01894	0.01775	0.01401	0.00709	0.00551	0.00177	0.00492	0.00572	0.00551	0.00886
59	0.02446	0.00928	0.01265	0.00970	0.01392	0.00801	0.00801	0.02657	0.01560	0.77817	0.02151	0.01856	0.01350	0.00675	0.00548	0.00169	0.00464	0.00548	0.00675	0.00928
60	0.01282	0.01456	0.03135	0.02252	0.02775	0.01394	0.71548	0.01723	0.01263	0.01723	0.01083	0.01456	0.00821	0.00486	0.00704	0.00187	0.05076	0.00635	0.00274	0.00728
61	0.00664	0.00474	0.00633	0.00759	0.00791	0.00443	0.00506	0.00759	0.01044	0.01392	0.03005	0.80485	0.03606	0.01708	0.00696	0.00221	0.00316	0.01550	0.00506	0.00443
62	0.01419	0.00740	0.00917	0.00780	0.01047	0.00668	0.00622	0.01595	0.01376	0.32652	0.09976	0.03551	0.36137	0.01048	0.00665	0.00180	0.04541	0.00856	0.00569	0.00663
63	0.00772	0.00557	0.00729	0.00686	0.00814	0.00514	0.00514	0.01029	0.01543	0.02186	0.77152	0.04072	0.05144	0.01115	0.00643	0.00171	0.00257	0.00986	0.00600	0.00514
64	0.42271	0.01803	0.33911	0.07335	0.01827	0.01241	0.01273	0.01639	0.01036	0.02054	0.00870	0.01044	0.00644	0.00514	0.00431	0.00171	0.00610	0.00356	0.00284	0.00684
65	0.01299	0.01479	0.08544	0.02266	0.20415	0.01345	0.37896	0.01944	0.15421	0.01854	0.01285	0.01522	0.00983	0.00523	0.00592	0.00178	0.00753	0.00581	0.00323	0.00796
66	0.01275	0.00708	0.00978	0.01022	0.07075	0.00655	0.00696	0.03191	0.01335	0.23205	0.16394	0.35865	0.02974	0.01183	0.00628	0.00191	0.00380	0.01052	0.00553	0.00638
67	0.05002	0.01214	0.01337	0.01068	0.01468	0.01270	0.00862	0.26896	0.24441	0.13426	0.01622	0.01558	0.01176	0.00632	0.00515	0.00156	0.00487	0.00499	0.00519	0.15851
68	0.40398	0.04617	0.11821	0.00884	0.01340	0.01099	0.00832	0.01613	0.01062	0.06360	0.00930	0.01049	0.00715	0.00486	0.00395	0.00141	0.00479	0.00333	0.00333	0.25113
69	0.01103	0.01965	0.40330	0.01443	0.01856	0.01374	0.01559	0.01483	0.01008	0.01526	0.00998	0.05848	0.00885	0.00837	0.02546	0.00216	0.33574	0.00504	0.00251	0.00691
70	0.01349	0.40787	0.08760	0.06069	0.11944	0.01733	0.19041	0.01659	0.01171	0.01501	0.00905	0.01135	0.00753	0.00476	0.00470	0.00147	0.00698	0.00421	0.00249	0.00733
71	0.01067	0.01881	0.39255	0.30917	0.08764	0.01204	0.01720	0.01546	0.01130	0.01588	0.01085	0.05458	0.00871	0.00588	0.00539	0.00178	0.00738	0.00500	0.00252	0.00716

[dist]
# distance from previous block
# <min> <max>
0	2

[block]
# block no. 3 follows, 44 sequences, length 51
# corresponding to MSA columns:
# 4217-4267
name=unknown_D
#
# <colnr> <probs for GDERKNQSTAVLIFYWHMCP>
#	G	D	E	R	K	N	Q	S	T	A	V	L	I	F	Y	W	H	M	C	P
0	0.01275	0.00985	0.01113	0.01029	0.01263	0.01079	0.00814	0.18951	0.26012	0.02182	0.02222	0.13727	0.02113	0.07608	0.00798	0.00228	0.00478	0.16910	0.00516	0.00696
1	0.01638	0.01286	0.01897	0.04442	0.39396	0.01324	0.03842	0.21343	0.03955	0.10794	0.01327	0.01584	0.01031	0.00594	0.00553	0.00168	0.00614	0.02943	0.00404	0.00864
2	0.01240	0.01899	0.35123	0.01306	0.01833	0.01316	0.01371	0.02380	0.43218	0.02036	0.01671	0.01644	0.01234	0.00642	0.00539	0.00180	0.00597	0.00522	0.00411	0.00838
3	0.01899	0.02052	0.01647	0.01395	0.01735	0.44583	0.07133	0.16056	0.12182	0.04309	0.01185	0.01259	0.00910	0.00599	0.00525	0.00155	0.00812	0.00445	0.00381	0.00738
4	0.01418	0.01557	0.01162	0.01065	0.01292	0.35135	0.00804	0.01825	0.13572	0.01794	0.28319	0.02432	0.05751	0.00822	0.00562	0.00160	0.00606	0.00653	0.00448	0.00620
5	0.01678	0.01418	0.15998	0.01092	0.01564	0.01105	0.01031	0.19157	0.07769	0.21176	0.01523	0.01515	0.01073	0.00601	0.00505	0.00152	0.00530	0.00475	0.08244	0.13394
6	0.01130	0.00969	0.01130	0.00807	0.01292	0.00727	0.00646	0.01373	0.01130	0.01776	0.00969	0.01130	0.00807	0.00404	0.00404	0.00081	0.00404	0.00323	0.00323	0.84173
7	0.01326	0.00688	0.00921	0.00807	0.01034	0.00640	0.00635	0.01541	0.01376	0.27531	0.27916	0.03051	0.11160	0.01616	0.16892	0.00319	0.00580	0.00772	0.00551	0.00643
8	0.00793	0.00529	0.00595	0.00595	0.00595	0.00529	0.00330	0.00793	0.00793	0.01057	0.01718	0.03568	0.01982	0.80840	0.02775	0.00529	0.00529	0.00793	0.00330	0.00330
9	0.01193	0.01053	0.10701	0.00992	0.01248	0.00867	0.00844	0.18461	0.01453	0.08193	0.02284	0.45564	0.02428	0.01227	0.00626	0.00197	0.00456	0.01076	0.00494	0.00641
10	0.00750	0.00554	0.00680	0.00649	0.00790	0.00501	0.00486	0.00979	0.01459	0.02014	0.57805	0.04279	0.21923	0.01161	0.00634	0.00173	0.00262	0.01008	0.03390	0.00501
11	0.01709	0.01437	0.02068	0.08137	0.09193	0.01530	0.19393	0.42729	0.03809	0.02671	0.01226	0.01382	0.00898	0.00584	0.00569	0.00170	0.00689	0.00530	0.00429	0.00846
12	0.00664	0.00474	0.00633	0.00759	0.00791	0.00443	0.00506	0.00759	0.01044	0.01392	0.03005	0.80485	0.03606	0.01708	0.00696	0.00221	0.00316	0.01550	0.00506	0.00443
13	0.01325	0.01260	0.02088	0.09004	0.65540	0.01294	0.01594	0.01752	0.07413	0.01792	0.01119	0.01414	0.00919	0.00511	0.00541	0.00165	0.00636	0.00496	0.00291	0.00844
14	0.01475	0.78858	0.02818	0.00947	0.01408	0.04406	0.00936	0.01648	0.01121	0.01284	0.00760	0.00878	0.00700	0.00469	0.00354	0.00117	0.00595	0.00293	0.00235	0.00698
15	0.01894	0.01028	0.01233	0.01025	0.01385	0.01046	0.00820	0.02715	0.35873	0.40818	0.04554	0.02007	0.01614	0.00718	0.00554	0.00176	0.00442	0.00593	0.00617	0.00885
16	0.01093	0.02820	0.78016	0.01554	0.02360	0.01266	0.02014	0.01727	0.01151	0.01727	0.00978	0.01151	0.00691	0.00518	0.00518	0.00173	0.00806	0.00403	0.00230	0.00806
17	0.00823	0.00596	0.00801	0.00855	0.00985	0.00574	0.00711	0.01069	0.01363	0.01830	0.31061	0.05308	0.08656	0.01350	0.00705	0.00217	0.00395	0.41656	0.00539	0.00504
18	0.00667	0.00543	0.00595	0.00630	0.00779	0.00471	0.00470	0.00806	0.01205	0.01470	0.04814	0.20031	0.56736	0.01455	0.00663	0.00197	0.00303	0.07199	0.00506	0.00460
19	0.01093	0.02820	0.78016	0.01554	0.02360	0.01266	0.02014	0.01727	0.01151	0.01727	0.00978	0.01151	0.00691	0.00518	0.00518	0.00173	0.00806	0.00403	0.00230	0.00806
20	0.01798	0.02101	0.01745	0.01863	0.19333	0.48750	0.03544	0.05425	0.05309	0.01595	0.00982	0.01158	0.00803	0.00564	0.00547	0.00153	0.02898	0.00415	0.00303	0.00714
21	0.01356	0.01171	0.01233	0.01109	0.01418	0.01356	0.00863	0.02897	0.76455	0.02281	0.02219	0.02034	0.01664	0.00740	0.00555	0.00185	0.00431	0.00616	0.00555	0.00863
22	0.00759	0.00567	0.00826	0.00861	0.00940	0.00584	0.03120	0.00908	0.00992	0.01353	0.02271	0.35626	0.02532	0.10021	0.27876	0.00479	0.00772	0.08640	0.00407	0.00463
23	0.00736	0.00505	0.00611	0.00667	0.00681	0.00491	0.00408	0.00778	0.00904	0.01205	0.02286	0.37517	0.02699	0.45914	0.01857	0.00393	0.00435	0.01127	0.00408	0.00380
24	0.01147	0.01042	0.01491	0.51364	0.02915	0.01263	0.01280	0.01933	0.28158	0.01712	0.01418	0.01662	0.01063	0.00615	0.00549	0.00183	0.00621	0.00532	0.00354	0.00698
25	0.00793	0.00529	0.00595	0.00595	0.00595	0.00529	0.00330	0.00793	0.00793	0.01057	0.01718	0.03568	0.01982	0.80840	0.02775	0.00529	0.00529	0.00793	0.00330	0.00330
26	0.00849	0.00606	0.00845	0.00970	0.01083	0.00602	0.00827	0.01078	0.01226	0.01598	0.02903	0.16408	0.03202	0.01534	0.00745	0.00247	0.00476	0.63803	0.00503	0.00494
27	0.00714	0.00555	0.00649	0.00625	0.00779	0.00490	0.00469	0.00917	0.01407	0.01863	0.44662	0.04605	0.37836	0.01235	0.00644	0.00177	0.00266	0.01061	0.00558	0.00490
28	0.01349	0.01295	0.02213	0.03346	0.77440	0.01295	0.01673	0.01673	0.01241	0.01781	0.01025	0.01349	0.00864	0.00486	0.00540	0.00162	0.00648	0.00486	0.00270	0.00864
29	0.00708	0.00555	0.00640	0.00619	0.00775	0.00487	0.00464	0.00905	0.01393	0.01829	0.41257	0.04661	0.41262	0.01248	0.00644	0.00178	0.00267	0.01068	0.00553	0.00487
30	0.01054	0.00936	0.01455	0.05504	0.36166	0.00934	0.01155	0.01346	0.03428	0.01657	0.02370	0.11509	0.14087	0.00974	0.00616	0.00191	0.00520	0.15041	0.00387	0.00670
31	0.84691	0.01054	0.00801	0.00717	0.01054	0.01223	0.00590	0.01603	0.00928	0.02446	0.00759	0.00886	0.00590	0.00506	0.00337	0.00169	0.00422	0.00295	0.00337	0.00590
32	0.01394	0.67430	0.16035	0.01042	0.01568	0.02001	0.01122	0.01649	0.01115	0.01360	0.00797	0.00923	0.00698	0.00475	0.00379	0.00126	0.00622	0.00311	0.00233	0.00718
33	0.01130	0.00969	0.01130	0.00807	0.01292	0.00727	0.00646	0.01373	0.01130	0.01776	0.00969	0.01130	0.00807	0.00404	0.00404	0.00081	0.00404	0.00323	0.00323	0.84173
34	0.01485	0.01242	0.01948	0.11023	0.50492	0.01284	0.01465	0.09044	0.06058	0.08777	0.01223	0.01445	0.00948	0.00541	0.00543	0.00166	0.00622	0.00500	0.00348	0.00848
35	0.01130	0.00969	0.01130	0.00807	0.01292	0.00727	0.00646	0.01373	0.01130	0.01776	0.00969	0.01130	0.00807	0.00404	0.00404	0.00081	0.00404	0.00323	0.00323	0.84173
36	0.01232	0.01176	0.02002	0.31182	0.50517	0.01265	0.01615	0.01571	0.01186	0.01639	0.01005	0.01387	0.00814	0.00507	0.00542	0.00169	0.00677	0.00485	0.00260	0.00769
37	0.00751	0.00556	0.00700	0.00664	0.00802	0.00506	0.00498	0.00989	0.01495	0.02072	0.65666	0.04261	0.16702	0.01157	0.00643	0.00173	0.00260	0.01012	0.00585	0.00506
38	0.01211	0.01251	0.04271	0.30410	0.32738	0.01290	0.15670	0.01579	0.01183	0.01621	0.01011	0.01400	0.00799	0.00515	0.00593	0.00175	0.02772	0.00513	0.00259	0.00738
39	0.00793	0.00529	0.00595	0.00595	0.00595	0.00529	0.00330	0.00793	0.00793	0.01057	0.01718	0.03568	0.01982	0.80840	0.02775	0.00529	0.00529	0.00793	0.00330	0.00330
40	0.00946	0.00673	0.00810	0.00775	0.00866	0.00758	0.00563	0.01255	0.10463	0.01509	0.01652	0.02485	0.01556	0.27378	0.19757	0.00450	0.07193	0.00629	0.19784	0.00498
41	0.01349	0.01295	0.02213	0.03346	0.77440	0.01295	0.01673	0.01673	0.01241	0.01781	0.01025	0.01349	0.00864	0.00486	0.00540	0.00162	0.00648	0.00486	0.00270	0.00864
42	0.01497	0.72654	0.04601	0.00988	0.01447	0.08543	0.00970	0.01680	0.01145	0.01298	0.00770	0.00890	0.00700	0.00476	0.00366	0.00120	0.00622	0.00299	0.00237	0.00697
43	0.17137	0.37790	0.17182	0.01155	0.01659	0.06445	0.07161	0.01707	0.01132	0.03043	0.00861	0.01004	0.00700	0.00493	0.00417	0.00145	0.00646	0.00351	0.00267	0.00703
44	0.01269	0.03845	0.06121	0.08630	0.52270	0.01271	0.09618	0.01618	0.01246	0.01757	0.06176	0.01530	0.01125	0.00531	0.00551	0.00166	0.00663	0.00526	0.00288	0.00798
45	0.01058	0.02627	0.71654	0.01489	0.02231	0.01198	0.01890	0.01647	0.01142	0.01699	0.01145	0.07673	0.00930	0.00616	0.00533	0.00177	0.00765	0.00497	0.00253	0.00776
46	0.00644	0.00552	0.00552	0.00552	0.00736	0.00460	0.00414	0.00782	0.01243	0.01473	0.05523	0.05247	0.77218	0.01381	0.00644	0.00184	0.00276	0.01151	0.00506	0.00460
47	0.00862	0.07222	0.00973	0.02833	0.03548	0.00720	0.00670	0.05216	0.01164	0.01536	0.02596	0.57901	0.03008	0.01457	0.00655	0.00209	0.00393	0.08050	0.00471	0.00515
48	0.01195	0.30097	0.45317	0.01265	0.01896	0.01517	0.01512	0.01636	0.01168	0.01609	0.07163	0.01294	0.01060	0.00549	0.00469	0.00153	0.00683	0.00412	0.00262	0.00745
49	0.01381	0.01221	0.05550	0.01033	0.01330	0.07037	0.00838	0.08399	0.34436	0.08274	0.06486	0.04939	0.07422	0.08263	0.00770	0.00210	0.00496	0.00676	0.00501	0.00739
50	0.01619	0.57014	0.02449	0.01067	0.01481	0.21919	0.00965	0.03551	0.03086	0.01371	0.00828	0.00941	0.00729	0.00502	0.00396	0.00126	0.00683	0.00320	0.00261	0.00691

[dist]
# distance from previous block
# <min> <max>
0	2

[block]
# block no. 4 follows, 44 sequences, length 59
# corresponding to MSA columns:
# 4270-4328
name=unknown_E
#
# <colnr> <probs for GDERKNQSTAVLIFYWHMCP>
#	G	D	E	R	K	N	Q	S	T	A	V	L	I	F	Y	W	H	M	C	P
0	0.01105	0.01081	0.01639	0.59075	0.03156	0.04283	0.01425	0.01405	0.01051	0.01373	0.00908	0.01377	0.00723	0.00637	0.00821	0.00193	0.18424	0.00478	0.00243	0.00605
1	0.00747	0.00589	0.00737	0.02977	0.00969	0.00568	0.00618	0.00938	0.01193	0.01519	0.08852	0.04695	0.37471	0.01882	0.15430	0.00331	0.00567	0.18968	0.00464	0.00483
2	0.01326	0.01394	0.02566	0.02668	0.36651	0.03430	0.32704	0.01683	0.01229	0.01709	0.01023	0.01376	0.00830	0.00522	0.00703	0.00178	0.08414	0.00548	0.00270	0.00778
3	0.00662	0.00553	0.00576	0.00570	0.00747	0.00468	0.00428	0.00816	0.01283	0.01570	0.15242	0.05087	0.67438	0.01345	0.00644	0.00182	0.00274	0.01128	0.00519	0.00468
4	0.01340	0.01471	0.01069	0.00978	0.01208	0.33329	0.00740	0.06010	0.01508	0.01671	0.16965	0.02993	0.26703	0.00942	0.00574	0.00162	0.00589	0.00743	0.00432	0.00571
5	0.01083	0.00998	0.01635	0.75497	0.03648	0.01236	0.01489	0.05218	0.01166	0.01498	0.00987	0.01446	0.00737	0.00551	0.00545	0.00181	0.00720	0.00485	0.00258	0.00622
6	0.01285	0.44024	0.38489	0.01227	0.01855	0.01735	0.01446	0.01677	0.01128	0.01493	0.00862	0.01006	0.00695	0.00491	0.00430	0.00143	0.00689	0.00344	0.00232	0.00750
7	0.01352	0.01373	0.01898	0.09490	0.43048	0.11195	0.01446	0.01615	0.01196	0.01597	0.01057	0.01579	0.00944	0.00646	0.00767	0.00180	0.14630	0.04968	0.00278	0.00741
8	0.01560	0.45111	0.21837	0.01100	0.01644	0.01659	0.01184	0.01860	0.01209	0.16602	0.01091	0.01140	0.00826	0.00521	0.00432	0.00141	0.00617	0.00371	0.00320	0.00772
9	0.01102	0.17753	0.14469	0.01011	0.01331	0.01097	0.00970	0.01368	0.01024	0.07237	0.01285	0.01687	0.01109	0.02464	0.43051	0.00544	0.01090	0.00490	0.00299	0.00619
10	0.00966	0.00736	0.00890	0.00896	0.01016	0.00778	0.00652	0.12161	0.08382	0.01778	0.02618	0.55533	0.04542	0.01414	0.00714	0.00209	0.04410	0.01240	0.00503	0.00563
11	0.84691	0.01054	0.00801	0.00717	0.01054	0.01223	0.00590	0.01603	0.00928	0.02446	0.00759	0.00886	0.00590	0.00506	0.00337	0.00169	0.00422	0.00295	0.00337	0.00590
12	0.00789	0.00544	0.00672	0.00672	0.00698	0.00570	0.00426	0.00842	0.00816	0.01114	0.01647	0.03177	0.01813	0.59833	0.23551	0.00624	0.00784	0.00736	0.00320	0.00373
13	0.00780	0.00581	0.00859	0.00859	0.00950	0.00672	0.00660	0.00962	0.00871	0.01253	0.01476	0.02229	0.01401	0.08803	0.74018	0.00855	0.01403	0.00597	0.00294	0.00477
14	0.01093	0.02820	0.78016	0.01554	0.02360	0.01266	0.02014	0.01727	0.01151	0.01727	0.00978	0.01151	0.00691	0.00518	0.00518	0.00173	0.00806	0.00403	0.00230	0.00806
15	0.00664	0.00474	0.00633	0.00759	0.00791	0.00443	0.00506	0.00759	0.01044	0.01392	0.03005	0.80485	0.03606	0.01708	0.00696	0.00221	0.00316	0.01550	0.00506	0.00443
16	0.00704	0.00555	0.00636	0.00615	0.00773	0.00486	0.00461	0.00899	0.01384	0.01809	0.39322	0.04693	0.43209	0.01255	0.00644	0.00178	0.00267	0.01073	0.00551	0.00486
17	0.00644	0.00552	0.00552	0.00552	0.00736	0.00460	0.00414	0.00782	0.01243	0.01473	0.05523	0.05247	0.77218	0.01381	0.00644	0.00184	0.00276	0.01151	0.00506	0.00460
18	0.12374	0.06131	0.01298	0.00946	0.01354	0.12166	0.00768	0.03417	0.01333	0.25260	0.02819	0.01349	0.01015	0.00546	0.00457	0.00133	0.00520	0.00408	0.00432	0.27273
19	0.01171	0.19597	0.61921	0.01421	0.02154	0.01457	0.01783	0.01706	0.01142	0.01631	0.00931	0.01092	0.00693	0.00507	0.00482	0.00161	0.00758	0.00379	0.00231	0.00783
20	0.00772	0.00557	0.00729	0.00686	0.00814	0.00514	0.00514	0.01029	0.01543	0.02186	0.77152	0.04072	0.05144	0.01115	0.00643	0.00171	0.00257	0.00986	0.00600	0.00514
21	0.01210	0.01233	0.02199	0.02102	0.20136	0.01342	0.26220	0.01534	0.03251	0.01604	0.01179	0.08152	0.01080	0.00817	0.03025	0.00216	0.23075	0.00634	0.00292	0.00699
22	0.01395	0.01207	0.01929	0.04048	0.55457	0.01191	0.01423	0.05418	0.01295	0.06501	0.01124	0.01397	0.00914	0.00684	0.04552	0.00191	0.00651	0.00477	0.00315	0.09830
23	0.24959	0.06595	0.13680	0.01061	0.01485	0.01362	0.00987	0.15158	0.19307	0.04882	0.02845	0.01431	0.01076	0.02308	0.00521	0.00177	0.00529	0.00457	0.00419	0.00762
24	0.01458	0.81168	0.02857	0.00933	0.01399	0.02157	0.00933	0.01632	0.01108	0.01283	0.00758	0.00875	0.00700	0.00466	0.00350	0.00117	0.00583	0.00292	0.00233	0.00700
25	0.03478	0.00910	0.01112	0.00886	0.01230	0.00867	0.00722	0.13440	0.01592	0.44905	0.01898	0.01802	0.01284	0.00658	0.00500	0.00157	0.00428	0.00524	0.22798	0.00810
26	0.84691	0.01054	0.00801	0.00717	0.01054	0.01223	0.00590	0.01603	0.00928	0.02446	0.00759	0.00886	0.00590	0.00506	0.00337	0.00169	0.00422	0.00295	0.00337	0.00590
27	0.01109	0.00899	0.00974	0.00911	0.02373	0.04846	0.00683	0.01781	0.26805	0.05576	0.36385	0.03189	0.10339	0.00954	0.00599	0.00175	0.00371	0.00816	0.00557	0.00658
28	0.00780	0.00581	0.00859	0.00859	0.00950	0.00672	0.00660	0.00962	0.00871	0.01253	0.01476	0.02229	0.01401	0.08803	0.74018	0.00855	0.01403	0.00597	0.00294	0.00477
29	0.01777	0.01497	0.01489	0.01208	0.01571	0.12123	0.03062	0.44817	0.10013	0.02742	0.06757	0.01862	0.05194	0.00736	0.00559	0.00167	0.00602	0.02511	0.00503	0.00811
30	0.01016	0.00508	0.00508	0.00508	0.00635	0.00508	0.00381	0.01270	0.01143	0.02033	0.01778	0.02033	0.01397	0.00635	0.00381	0.00127	0.00254	0.00508	0.83867	0.00508
31	0.01310	0.01194	0.01670	0.03670	0.37428	0.01278	0.01236	0.02179	0.35492	0.01985	0.01800	0.01864	0.05160	0.00649	0.00552	0.00174	0.00532	0.00579	0.00411	0.00837
32	0.02232	0.00880	0.01197	0.00934	0.01318	0.00765	0.00765	0.02449	0.01558	0.68155	0.11733	0.02139	0.01834	0.00731	0.00560	0.00169	0.00437	0.00604	0.00665	0.00875
33	0.01080	0.00782	0.00964	0.00896	0.01067	0.00858	0.00683	0.05747	0.21929	0.03567	0.10943	0.02312	0.04617	0.01987	0.23158	0.17058	0.00717	0.00635	0.00423	0.00579
34	0.02037	0.02598	0.01545	0.01404	0.01685	0.78652	0.01053	0.02177	0.01545	0.01334	0.00843	0.00983	0.00702	0.00562	0.00492	0.00140	0.00983	0.00351	0.00281	0.00632
35	0.01349	0.01295	0.02213	0.03346	0.77440	0.01295	0.01673	0.01673	0.01241	0.01781	0.01025	0.01349	0.00864	0.00486	0.00540	0.00162	0.00648	0.00486	0.00270	0.00864
36	0.00857	0.00651	0.00832	0.00792	0.00812	0.00751	0.00546	0.00917	0.00817	0.01142	0.01497	0.02879	0.01644	0.51844	0.18016	0.00550	0.14039	0.00697	0.00307	0.00407
37	0.84691	0.01054	0.00801	0.00717	0.01054	0.01223	0.00590	0.01603	0.00928	0.02446	0.00759	0.00886	0.00590	0.00506	0.00337	0.00169	0.00422	0.00295	0.00337	0.00590
38	0.01289	0.04944	0.36302	0.01315	0.01865	0.01368	0.01402	0.07231	0.34331	0.02069	0.01538	0.01539	0.01135	0.00623	0.00530	0.00175	0.00619	0.00498	0.00394	0.00835
39	0.02108	0.01069	0.01304	0.01043	0.01437	0.01063	0.00848	0.12042	0.21629	0.48203	0.02061	0.01833	0.01379	0.00689	0.00550	0.00172	0.00473	0.00559	0.00626	0.00910
40	0.01457	0.01372	0.01733	0.02079	0.32812	0.11069	0.04271	0.14425	0.08268	0.01997	0.02766	0.09038	0.02550	0.02969	0.00622	0.00179	0.00626	0.00617	0.00378	0.00772
41	0.01201	0.00776	0.00802	0.00735	0.00938	0.00840	0.00568	0.08352	0.21321	0.02224	0.01854	0.01968	0.01426	0.00665	0.00442	0.00146	0.00332	0.00535	0.54235	0.00640
42	0.01133	0.02553	0.63604	0.01742	0.05655	0.01284	0.12956	0.01727	0.01175	0.01732	0.00999	0.01207	0.00718	0.00508	0.00538	0.00174	0.00816	0.00442	0.00239	0.00798
43	0.02404	0.00995	0.01307	0.01002	0.01425	0.00902	0.00828	0.10898	0.01674	0.69416	0.02056	0.01794	0.01302	0.00672	0.00548	0.00168	0.00479	0.00542	0.00660	0.00928
44	0.01199	0.01151	0.02011	0.07270	0.20575	0.01149	0.24380	0.05415	0.07383	0.01924	0.15211	0.02176	0.06299	0.00679	0.00599	0.00175	0.00625	0.00676	0.00381	0.00721
45	0.01354	0.00666	0.00894	0.00816	0.01020	0.00596	0.00618	0.01538	0.01378	0.29888	0.23965	0.29476	0.03213	0.01156	0.00626	0.00188	0.00354	0.01018	0.00595	0.00643
46	0.01227	0.01019	0.01154	0.01141	0.05135	0.01136	0.00822	0.07861	0.46870	0.02107	0.02298	0.22830	0.02084	0.00978	0.00591	0.00192	0.00425	0.00849	0.00527	0.00756
47	0.01060	0.00860	0.00977	0.00895	0.01112	0.00929	0.00686	0.01950	0.38479	0.02233	0.40206	0.03067	0.03428	0.00930	0.00599	0.00178	0.00343	0.00804	0.00578	0.00686
48	0.01216	0.00695	0.00898	0.00784	0.00996	0.00648	0.00609	0.03999	0.04096	0.19405	0.55028	0.03407	0.04022	0.00986	0.00615	0.00171	0.00322	0.00857	0.00614	0.00634
49	0.01247	0.25821	0.41394	0.01655	0.12487	0.01541	0.05378	0.01692	0.01158	0.01603	0.00926	0.01113	0.00724	0.00495	0.00477	0.00155	0.00723	0.00393	0.00239	0.00779
50	0.01285	0.38108	0.16979	0.01390	0.01905	0.01643	0.20934	0.01611	0.01138	0.01475	0.00970	0.01291	0.00831	0.05925	0.02202	0.00188	0.00729	0.00446	0.00252	0.00700
51	0.01185	0.01104	0.01849	0.09468	0.55794	0.01119	0.01427	0.01467	0.01189	0.01670	0.01414	0.17080	0.01396	0.00734	0.00571	0.00175	0.00589	0.00697	0.00314	0.00758
52	0.01748	0.33086	0.07221	0.01232	0.01620	0.43755	0.01072	0.01935	0.01349	0.01341	0.00819	0.00952	0.00700	0.00522	0.00438	0.00133	0.00816	0.00331	0.00259	0.00670
53	0.00895	0.00740	0.00865	0.00733	0.01027	0.00590	0.00555	0.01081	0.01157	0.01640	0.06384	0.20629	0.18735	0.00961	0.00538	0.00141	0.00347	0.00827	0.00421	0.41734
54	0.00793	0.00529	0.00595	0.00595	0.00595	0.00529	0.00330	0.00793	0.00793	0.01057	0.01718	0.03568	0.01982	0.80840	0.02775	0.00529	0.00529	0.00793	0.00330	0.00330
55	0.62692	0.01253	0.01017	0.00870	0.01223	0.06548	0.00710	0.16347	0.01294	0.02568	0.00874	0.00976	0.00665	0.00539	0.00389	0.00166	0.00495	0.00338	0.00375	0.00660
56	0.01754	0.13782	0.28918	0.01219	0.01787	0.01317	0.01292	0.14174	0.01511	0.26941	0.01385	0.01367	0.00947	0.00584	0.00507	0.00161	0.00626	0.00448	0.00429	0.00850
57	0.00840	0.00618	0.00725	0.00793	0.00871	0.04501	0.00550	0.00966	0.01165	0.05382	0.13109	0.61820	0.03554	0.01514	0.00671	0.00208	0.00350	0.01359	0.00516	0.00487
58	0.05053	0.22535	0.01786	0.01056	0.01463	0.01562	0.00904	0.32047	0.06385	0.15573	0.01364	0.01433	0.01027	0.04739	0.00601	0.00172	0.00551	0.00463	0.00466	0.00819

[dist]
# distance from previous block
# <min> <max>
3	8

[block]
# block no. 5 follows, 44 sequences, length 223
# corresponding to MSA columns:
# 4338-4560
name=unknown_F
#
# <colnr> <probs for GDERKNQSTAVLIFYWHMCP>
#	G	D	E	R	K	N	Q	S	T	A	V	L	I	F	Y	W	H	M	C	P
0	0.01203	0.23446	0.47665	0.01353	0.02003	0.01486	0.04061	0.01754	0.06109	0.01662	0.03746	0.01251	0.00922	0.00538	0.00484	0.00159	0.00706	0.00416	0.00267	0.00768
1	0.01317	0.01278	0.02229	0.09917	0.66078	0.01294	0.06545	0.01654	0.01231	0.01745	0.01026	0.01366	0.00849	0.00489	0.00547	0.00165	0.00673	0.00496	0.00268	0.00833
2	0.01424	0.01204	0.01249	0.00968	0.01398	0.07623	0.00769	0.10467	0.13374	0.06000	0.01259	0.01321	0.00978	0.00515	0.00460	0.00117	0.00484	0.00404	0.00401	0.49586
3	0.01079	0.00918	0.01239	0.01536	0.23880	0.03636	0.00906	0.01447	0.08081	0.04479	0.31330	0.03070	0.14383	0.00899	0.00596	0.00171	0.00426	0.00791	0.00474	0.00660
4	0.00793	0.00529	0.00595	0.00595	0.00595	0.00529	0.00330	0.00793	0.00793	0.01057	0.01718	0.03568	0.01982	0.80840	0.02775	0.00529	0.00529	0.00793	0.00330	0.00330
5	0.01333	0.01105	0.01679	0.01432	0.06609	0.01171	0.15998	0.13856	0.06977	0.06836	0.23726	0.02233	0.02201	0.00788	0.00763	0.00182	0.11265	0.00679	0.00456	0.00713
6	0.00947	0.00473	0.00710	0.00710	0.00710	0.00473	0.00473	0.00710	0.00710	0.00947	0.00947	0.01657	0.00947	0.01894	0.02131	0.84138	0.00473	0.00473	0.00237	0.00237
7	0.01349	0.01295	0.02213	0.03346	0.77440	0.01295	0.01673	0.01673	0.01241	0.01781	0.01025	0.01349	0.00864	0.00486	0.00540	0.00162	0.00648	0.00486	0.00270	0.00864
8	0.01158	0.01100	0.01867	0.48940	0.33342	0.01245	0.01578	0.01505	0.01151	0.01549	0.00992	0.01412	0.00782	0.00521	0.00543	0.00174	0.00695	0.00485	0.00253	0.00709
9	0.01979	0.10399	0.01675	0.01358	0.01657	0.71057	0.01041	0.02123	0.01502	0.01329	0.00834	0.00972	0.00702	0.00552	0.00477	0.00138	0.00943	0.00345	0.00276	0.00639
10	0.84691	0.01054	0.00801	0.00717	0.01054	0.01223	0.00590	0.01603	0.00928	0.02446	0.00759	0.00886	0.00590	0.00506	0.00337	0.00169	0.00422	0.00295	0.00337	0.00590
11	0.01036	0.01681	0.37001	0.01151	0.01634	0.00925	0.03248	0.03128	0.01351	0.05612	0.27827	0.02567	0.08950	0.00809	0.00578	0.00173	0.00551	0.00686	0.00412	0.00681
12	0.01377	0.10876	0.31595	0.01162	0.01749	0.01158	0.01257	0.01851	0.06450	0.13750	0.01222	0.01287	0.00894	0.00522	0.00476	0.00142	0.00594	0.00407	0.00348	0.22883
13	0.00793	0.00529	0.00595	0.00595	0.00595	0.00529	0.00330	0.00793	0.00793	0.01057	0.01718	0.03568	0.01982	0.80840	0.02775	0.00529	0.00529	0.00793	0.00330	0.00330
14	0.01458	0.81168	0.02857	0.00933	0.01399	0.02157	0.00933	0.01632	0.01108	0.01283	0.00758	0.00875	0.00700	0.00466	0.00350	0.00117	0.00583	0.00292	0.00233	0.00700
15	0.01130	0.00969	0.01130	0.00807	0.01292	0.00727	0.00646	0.01373	0.01130	0.01776	0.00969	0.01130	0.00807	0.00404	0.00404	0.00081	0.00404	0.00323	0.00323	0.84173
