[name]
unknown

[dist]
# distance from previous block
# <min> <max>
0	538

[block]
# block no. 0 follows, 49 sequences, length 35
# corresponding to MSA columns:
# 549-583
name=unknown_A
#
# <colnr> <probs for GDERKNQSTAVLIFYWHMCP>
#	G	D	E	R	K	N	Q	S	T	A	V	L	I	F	Y	W	H	M	C	P
0	0.01263	0.54739	0.19567	0.01051	0.03296	0.01662	0.01097	0.01529	0.01061	0.03573	0.00931	0.01249	0.00827	0.00517	0.00395	0.00131	0.00580	0.05617	0.00246	0.00668
1	0.01406	0.04063	0.24548	0.01635	0.08491	0.04103	0.21204	0.17606	0.02980	0.07412	0.01095	0.01241	0.00795	0.00505	0.00515	0.00158	0.00693	0.00464	0.00326	0.00759
2	0.01646	0.07018	0.03701	0.01088	0.01462	0.01430	0.00912	0.39355	0.28554	0.07216	0.01510	0.01446	0.01100	0.00620	0.00496	0.00156	0.00499	0.00484	0.00487	0.00821
3	0.00966	0.01519	0.30405	0.01703	0.26818	0.00957	0.01317	0.01321	0.01121	0.01547	0.02195	0.02275	0.24331	0.00712	0.00522	0.00160	0.00551	0.00608	0.00303	0.00668
4	0.01012	0.00745	0.00866	0.00856	0.01021	0.00794	0.00630	0.01675	0.33659	0.07503	0.02419	0.42035	0.02426	0.01132	0.00580	0.00187	0.00349	0.01002	0.00500	0.00609
5	0.00955	0.00899	0.01517	0.81013	0.03483	0.01123	0.01404	0.01292	0.01011	0.01292	0.00899	0.01348	0.00674	0.00506	0.00506	0.00169	0.00674	0.00449	0.00225	0.00562
6	0.00815	0.00582	0.00815	0.00931	0.01048	0.00582	0.00815	0.01048	0.01164	0.01513	0.02677	0.05704	0.02910	0.01397	0.00698	0.00233	0.00466	0.75671	0.00466	0.00466
7	0.01889	0.02410	0.01433	0.01303	0.01563	0.80199	0.00977	0.02019	0.01433	0.01238	0.00782	0.00912	0.00651	0.00521	0.00456	0.00130	0.00912	0.00326	0.00261	0.00586
8	0.00616	0.00440	0.00587	0.00704	0.00733	0.00411	0.00469	0.00704	0.00968	0.01291	0.02787	0.81899	0.03344	0.01584	0.00645	0.00205	0.00293	0.01438	0.00469	0.00411
9	0.01648	0.00881	0.01094	0.00893	0.01192	0.00860	0.00727	0.20292	0.01651	0.33679	0.23297	0.02450	0.02255	0.00789	0.00546	0.00161	0.00410	0.05883	0.00566	0.00726
10	0.02269	0.00861	0.01174	0.00900	0.01291	0.00743	0.00743	0.02464	0.01447	0.79425	0.01995	0.01721	0.01252	0.00626	0.00509	0.00156	0.00430	0.00509	0.00626	0.00861
11	0.00606	0.00513	0.00524	0.00521	0.00688	0.00430	0.00391	0.00742	0.01172	0.01413	0.10315	0.04790	0.73648	0.01263	0.00598	0.00170	0.00255	0.01056	0.00476	0.00430
12	0.01239	0.01236	0.02251	0.02897	0.62791	0.01218	0.17676	0.01566	0.01160	0.01645	0.00966	0.01275	0.00794	0.00445	0.00521	0.00155	0.00654	0.00482	0.00251	0.00776
13	0.01180	0.01162	0.01816	0.31945	0.46321	0.05927	0.01462	0.01483	0.01116	0.01493	0.00921	0.01267	0.00745	0.00475	0.00500	0.00156	0.00647	0.00443	0.00241	0.00699
14	0.00983	0.00633	0.00757	0.00684	0.00878	0.00590	0.00527	0.03078	0.07662	0.13397	0.35241	0.05307	0.26246	0.01021	0.00576	0.00164	0.00295	0.00872	0.00534	0.00553
15	0.01352	0.82533	0.02650	0.00865	0.01298	0.02001	0.00865	0.01514	0.01027	0.01190	0.00703	0.00811	0.00649	0.00433	0.00324	0.00108	0.00541	0.00270	0.00216	0.00649
16	0.01049	0.00899	0.01049	0.00749	0.01198	0.00674	0.00599	0.01273	0.01049	0.01648	0.00899	0.01049	0.00749	0.00374	0.00374	0.00075	0.00374	0.00300	0.00300	0.85320
17	0.00722	0.00542	0.00813	0.00813	0.00903	0.00632	0.00632	0.00903	0.00813	0.01174	0.01354	0.01987	0.01264	0.03792	0.80225	0.00813	0.01354	0.00542	0.00271	0.00451
18	0.02269	0.00861	0.01174	0.00900	0.01291	0.00743	0.00743	0.02464	0.01447	0.79425	0.01995	0.01721	0.01252	0.00626	0.00509	0.00156	0.00430	0.00509	0.00626	0.00861
19	0.01271	0.01234	0.02008	0.02990	0.74515	0.03567	0.01513	0.01599	0.03378	0.01653	0.00978	0.01260	0.00818	0.00459	0.00500	0.00150	0.00604	0.00450	0.00258	0.00795
20	0.01215	0.46590	0.32512	0.01224	0.06325	0.01632	0.01296	0.01550	0.01051	0.01377	0.00797	0.00937	0.00655	0.00452	0.00396	0.00131	0.00625	0.00321	0.00217	0.00696
21	0.00598	0.00512	0.00512	0.00512	0.00683	0.00427	0.00384	0.00726	0.01153	0.01366	0.05123	0.04866	0.78869	0.01281	0.00598	0.00171	0.00256	0.01067	0.00470	0.00427
22	0.00685	0.00506	0.00640	0.00627	0.00742	0.00461	0.00462	0.00888	0.01329	0.01833	0.57889	0.14124	0.15656	0.01142	0.00603	0.00167	0.00248	0.01005	0.00532	0.00461
23	0.01477	0.54649	0.07735	0.01027	0.01434	0.23661	0.00967	0.01661	0.01143	0.01232	0.00739	0.00857	0.00649	0.00461	0.00372	0.00118	0.00658	0.00293	0.00228	0.00638
24	0.01769	0.01340	0.01431	0.01132	0.01510	0.01497	0.00924	0.60157	0.19858	0.02940	0.01409	0.01369	0.01018	0.00625	0.00508	0.00156	0.00520	0.00482	0.00508	0.00846
25	0.01854	0.01350	0.01444	0.01115	0.01499	0.01491	0.00918	0.72041	0.02285	0.03096	0.01245	0.01261	0.00891	0.00606	0.00495	0.00149	0.00534	0.00456	0.06437	0.00833
26	0.01942	0.01134	0.01324	0.01008	0.01413	0.01133	0.00830	0.38533	0.01845	0.32427	0.01475	0.01388	0.00997	0.00584	0.00490	0.00144	0.00484	0.00456	0.00525	0.11870
27	0.01106	0.01106	0.01549	0.01328	0.01328	0.01549	0.01106	0.01217	0.00774	0.01217	0.00664	0.01106	0.00664	0.00885	0.01659	0.00221	0.81303	0.00443	0.00221	0.00553
28	0.00716	0.00517	0.00676	0.00636	0.00755	0.00477	0.00477	0.00954	0.01431	0.02028	0.78808	0.03777	0.04771	0.01034	0.00596	0.00159	0.00239	0.00914	0.00557	0.00477
29	0.02269	0.00861	0.01174	0.00900	0.01291	0.00743	0.00743	0.02464	0.01447	0.79425	0.01995	0.01721	0.01252	0.00626	0.00509	0.00156	0.00430	0.00509	0.00626	0.00861
30	0.00718	0.00483	0.00557	0.00574	0.00578	0.00479	0.00330	0.00731	0.00769	0.01025	0.01765	0.14646	0.02056	0.70596	0.02296	0.00449	0.00462	0.00837	0.00330	0.00321
31	0.00722	0.00542	0.00813	0.00813	0.00903	0.00632	0.00632	0.00903	0.00813	0.01174	0.01354	0.01987	0.01264	0.03792	0.80225	0.00813	0.01354	0.00542	0.00271	0.00451
32	0.01083	0.00931	0.01105	0.01169	0.11277	0.01012	0.00792	0.01997	0.45145	0.01960	0.17203	0.02483	0.10120	0.00785	0.00537	0.00166	0.00380	0.00674	0.00484	0.00699
33	0.00734	0.00494	0.00570	0.00570	0.00576	0.00500	0.00329	0.00747	0.00741	0.00994	0.01577	0.03216	0.01798	0.76725	0.08022	0.00513	0.00551	0.00722	0.00304	0.00317
34	0.01712	0.05704	0.01388	0.01196	0.01446	0.66351	0.00907	0.01858	0.01415	0.01338	0.10949	0.01281	0.01188	0.00584	0.00468	0.00133	0.00808	0.00400	0.00297	0.00575

[dist]
# distance from previous block
# <min> <max>
1	5

[block]
# block no. 1 follows, 49 sequences, length 52
# corresponding to MSA columns:
# 589-640
name=unknown_B
#
# <colnr> <probs for GDERKNQSTAVLIFYWHMCP>
#	G	D	E	R	K	N	Q	S	T	A	V	L	I	F	Y	W	H	M	C	P
0	0.03620	0.02169	0.01466	0.01292	0.01576	0.63873	0.04021	0.07525	0.07050	0.01481	0.00914	0.01021	0.00734	0.00534	0.00466	0.00137	0.00835	0.00363	0.00298	0.00625
1	0.01021	0.02565	0.76527	0.01469	0.02207	0.01179	0.04899	0.01602	0.01073	0.01602	0.00912	0.01080	0.00646	0.00478	0.00485	0.00161	0.00752	0.00383	0.00215	0.00745
2	0.00878	0.00439	0.00659	0.00659	0.00659	0.00439	0.00439	0.00659	0.00659	0.00878	0.00878	0.01537	0.00878	0.01757	0.01976	0.85288	0.00439	0.00439	0.00220	0.00220
3	0.01034	0.05424	0.73375	0.01452	0.02177	0.01209	0.05250	0.01599	0.01072	0.01587	0.00905	0.01072	0.00647	0.00476	0.00480	0.00159	0.00745	0.00380	0.00216	0.00741
4	0.01252	0.01201	0.02053	0.03104	0.79074	0.01201	0.01552	0.01552	0.01151	0.01652	0.00951	0.01252	0.00801	0.00451	0.00501	0.00150	0.00601	0.00451	0.00250	0.00801
5	0.01313	0.01114	0.01174	0.01040	0.01336	0.01284	0.00814	0.08887	0.71871	0.02204	0.01988	0.01831	0.01487	0.00679	0.00514	0.00170	0.00413	0.00562	0.00514	0.00805
6	0.01324	0.75900	0.09037	0.00913	0.01372	0.01932	0.00948	0.01521	0.01031	0.01224	0.00720	0.00832	0.00648	0.00437	0.00337	0.00112	0.00558	0.00279	0.00216	0.00657
7	0.00673	0.00515	0.00617	0.00592	0.00729	0.00459	0.00444	0.00872	0.01331	0.01790	0.52384	0.04168	0.31343	0.01122	0.00597	0.00163	0.00245	0.00969	0.00525	0.00459
8	0.01014	0.02616	0.79609	0.01441	0.02189	0.01174	0.01868	0.01601	0.01068	0.01601	0.00907	0.01068	0.00641	0.00480	0.00480	0.00160	0.00747	0.00374	0.00214	0.00747
9	0.85801	0.00978	0.00743	0.00665	0.00978	0.01134	0.00548	0.01486	0.00861	0.02269	0.00704	0.00821	0.00548	0.00469	0.00313	0.00156	0.00391	0.00274	0.00313	0.00548
10	0.02240	0.00907	0.01202	0.00922	0.01314	0.00812	0.00761	0.08683	0.01525	0.73097	0.01930	0.01679	0.01219	0.00624	0.00508	0.00156	0.00441	0.00504	0.00616	0.00861
11	0.00702	0.00476	0.00561	0.00594	0.00602	0.00468	0.00351	0.00727	0.00800	0.01066	0.01922	0.24969	0.02253	0.60003	0.02042	0.00412	0.00436	0.00929	0.00351	0.00335
12	0.00735	0.00490	0.00552	0.00552	0.00552	0.00490	0.00306	0.00735	0.00735	0.00980	0.01593	0.03309	0.01838	0.82229	0.02574	0.00490	0.00490	0.00735	0.00306	0.00306
13	0.00625	0.00513	0.00550	0.00541	0.00700	0.00438	0.00405	0.00778	0.01216	0.01517	0.21937	0.04618	0.61960	0.01224	0.00597	0.00168	0.00252	0.01032	0.00489	0.00438
14	0.00722	0.00542	0.00813	0.00813	0.00903	0.00632	0.00632	0.00903	0.00813	0.01174	0.01354	0.01987	0.01264	0.03792	0.80225	0.00813	0.01354	0.00542	0.00271	0.00451
15	0.01551	0.01310	0.01539	0.06664	0.06341	0.07181	0.01068	0.32756	0.01552	0.05609	0.00993	0.01190	0.00779	0.00680	0.00897	0.00175	0.28200	0.00443	0.00362	0.00712
16	0.00955	0.00899	0.01517	0.81013	0.03483	0.01123	0.01404	0.01292	0.01011	0.01292	0.00899	0.01348	0.00674	0.00506	0.00506	0.00169	0.00674	0.00449	0.00225	0.00562
17	0.01475	0.07606	0.01294	0.02734	0.01333	0.47292	0.00822	0.01655	0.03905	0.01296	0.07443	0.01556	0.01215	0.10244	0.07808	0.00235	0.00797	0.00448	0.00296	0.00544
18	0.02269	0.00861	0.01174	0.00900	0.01291	0.00743	0.00743	0.02464	0.01447	0.79425	0.01995	0.01721	0.01252	0.00626	0.00509	0.00156	0.00430	0.00509	0.00626	0.00861
19	0.01077	0.02298	0.59284	0.01583	0.03870	0.03903	0.15437	0.01603	0.01107	0.01591	0.00972	0.01243	0.00728	0.00496	0.00507	0.00163	0.00761	0.02422	0.00230	0.00724
20	0.01049	0.00899	0.01049	0.00749	0.01198	0.00674	0.00599	0.01273	0.01049	0.01648	0.00899	0.01049	0.00749	0.00374	0.00374	0.00075	0.00374	0.00300	0.00300	0.85320
21	0.00747	0.00534	0.00677	0.00676	0.00698	0.00578	0.00448	0.00795	0.00779	0.01069	0.01605	0.12081	0.01796	0.49301	0.18108	0.02767	0.05919	0.00751	0.00310	0.00362
22	0.01182	0.01235	0.01516	0.01311	0.01342	0.10195	0.01079	0.01297	0.00848	0.01218	0.00696	0.01109	0.00679	0.00924	0.03669	0.00227	0.70260	0.00432	0.00227	0.00554
23	0.01888	0.01384	0.01481	0.01140	0.01534	0.01530	0.00940	0.74760	0.02332	0.03142	0.01229	0.01237	0.00875	0.00606	0.00501	0.00151	0.00545	0.00456	0.03421	0.00847
24	0.00606	0.00513	0.00524	0.00521	0.00688	0.00431	0.00391	0.00742	0.01173	0.01414	0.10472	0.04787	0.73489	0.01263	0.00598	0.00170	0.00255	0.01056	0.00476	0.00431
25	0.00734	0.00494	0.00570	0.00570	0.00577	0.00501	0.00330	0.00748	0.00741	0.00995	0.01576	0.03213	0.01797	0.76534	0.08211	0.00514	0.00553	0.00721	0.00304	0.00317
26	0.00598	0.00512	0.00512	0.00512	0.00683	0.00427	0.00384	0.00726	0.01153	0.01366	0.05123	0.04866	0.78869	0.01281	0.00598	0.00171	0.00256	0.01067	0.00470	0.00427
27	0.01795	0.02272	0.01366	0.01245	0.01499	0.74407	0.00934	0.01925	0.01413	0.01247	0.01097	0.01199	0.06330	0.00576	0.00466	0.00133	0.00864	0.00380	0.00276	0.00575
28	0.01889	0.02410	0.01433	0.01303	0.01563	0.80199	0.00977	0.02019	0.01433	0.01238	0.00782	0.00912	0.00651	0.00521	0.00456	0.00130	0.00912	0.00326	0.00261	0.00586
29	0.00955	0.00899	0.01517	0.81013	0.03483	0.01123	0.01404	0.01292	0.01011	0.01292	0.00899	0.01348	0.00674	0.00506	0.00506	0.00169	0.00674	0.00449	0.00225	0.00562
30	0.00614	0.00447	0.00580	0.00687	0.00729	0.00412	0.00462	0.00706	0.00985	0.01298	0.02996	0.75009	0.10099	0.01557	0.00641	0.00202	0.00290	0.01404	0.00469	0.00412
31	0.01868	0.02367	0.01424	0.01294	0.01555	0.77633	0.00971	0.02041	0.03927	0.01266	0.00823	0.00944	0.00680	0.00526	0.00458	0.00132	0.00895	0.00334	0.00269	0.00593
32	0.01237	0.01065	0.01125	0.01019	0.01296	0.01230	0.00790	0.02623	0.75652	0.02089	0.02082	0.04487	0.01602	0.00715	0.00519	0.00173	0.00397	0.00600	0.00513	0.00788
33	0.01582	0.01765	0.01292	0.01169	0.01442	0.41753	0.00891	0.02344	0.38801	0.01665	0.01403	0.01387	0.01086	0.00601	0.00484	0.00150	0.00663	0.00446	0.00384	0.00691
34	0.01900	0.01403	0.01506	0.01153	0.01559	0.01545	0.00952	0.75453	0.02344	0.03148	0.01206	0.01210	0.00857	0.00601	0.00503	0.00150	0.00552	0.00451	0.00501	0.03007
35	0.00678	0.00466	0.00568	0.00624	0.00638	0.00452	0.00384	0.00720	0.00846	0.01129	0.02163	0.40807	0.02557	0.43751	0.01654	0.00354	0.00396	0.01070	0.00384	0.00356
36	0.00716	0.00517	0.00676	0.00636	0.00755	0.00477	0.00477	0.00954	0.01431	0.02028	0.78808	0.03777	0.04771	0.01034	0.00596	0.00159	0.00239	0.00914	0.00557	0.00477
37	0.01014	0.02616	0.79609	0.01441	0.02189	0.01174	0.01868	0.01601	0.01068	0.01601	0.00907	0.01068	0.00641	0.00480	0.00480	0.00160	0.00747	0.00374	0.00214	0.00747
38	0.01049	0.00899	0.01049	0.00749	0.01198	0.00674	0.00599	0.01273	0.01049	0.01648	0.00899	0.01049	0.00749	0.00374	0.00374	0.00075	0.00374	0.00300	0.00300	0.85320
39	0.00598	0.00512	0.00512	0.00512	0.00683	0.00427	0.00384	0.00726	0.01153	0.01366	0.05123	0.04866	0.78869	0.01281	0.00598	0.00171	0.00256	0.01067	0.00470	0.00427
40	0.03591	0.01137	0.01220	0.15168	0.01706	0.06866	0.00911	0.02352	0.54174	0.04682	0.01723	0.01687	0.01288	0.00634	0.00503	0.00167	0.00486	0.00522	0.00444	0.00738
41	0.53678	0.01081	0.01024	0.00980	0.07591	0.03942	0.00719	0.09734	0.02640	0.11409	0.00965	0.01034	0.00712	0.00505	0.00382	0.00153	0.00449	0.00344	0.00367	0.02291
42	0.07578	0.05077	0.02107	0.01519	0.01930	0.04212	0.32971	0.24768	0.01495	0.02085	0.01003	0.01204	0.00762	0.00520	0.00599	0.00159	0.06646	0.00480	0.00334	0.04550
43	0.00612	0.00474	0.00559	0.00626	0.00718	0.00421	0.00440	0.00720	0.01052	0.01328	0.03792	0.47167	0.35903	0.01450	0.00626	0.00191	0.00281	0.02753	0.00469	0.00419
44	0.01014	0.02616	0.79609	0.01441	0.02189	0.01174	0.01868	0.01601	0.01068	0.01601	0.00907	0.01068	0.00641	0.00480	0.00480	0.00160	0.00747	0.00374	0.00214	0.00747
45	0.00615	0.00443	0.00583	0.00695	0.00731	0.00411	0.00465	0.00705	0.00977	0.01294	0.02894	0.78361	0.06813	0.01570	0.00643	0.00204	0.00292	0.01421	0.00469	0.00411
46	0.01196	0.01358	0.02950	0.02166	0.05383	0.01276	0.74525	0.01617	0.01192	0.01621	0.01020	0.01360	0.00768	0.00427	0.00593	0.00170	0.00843	0.00592	0.00256	0.00686
47	0.01952	0.01438	0.01480	0.01149	0.01542	0.07201	0.00942	0.65064	0.02224	0.10018	0.01254	0.01238	0.00881	0.00603	0.00502	0.00151	0.00571	0.00451	0.00499	0.00840
48	0.01205	0.01331	0.02794	0.02330	0.18233	0.01263	0.61800	0.01606	0.01185	0.01626	0.01008	0.01341	0.00774	0.00431	0.00577	0.00166	0.00801	0.00567	0.00255	0.00706
49	0.01224	0.00933	0.01094	0.00793	0.01234	0.00745	0.00639	0.06908	0.01182	0.08873	0.01022	0.01122	0.00803	0.00414	0.00396	0.00088	0.00393	0.00330	0.00344	0.71463
50	0.01049	0.00899	0.01049	0.00749	0.01198	0.00674	0.00599	0.01273	0.01049	0.01648	0.00899	0.01049	0.00749	0.00374	0.00374	0.00075	0.00374	0.00300	0.00300	0.85320
51	0.00735	0.00490	0.00552	0.00552	0.00552	0.00490	0.00306	0.00735	0.00735	0.00980	0.01593	0.03309	0.01838	0.82229	0.02574	0.00490	0.00490	0.00735	0.00306	0.00306

[dist]
# distance from previous block
# <min> <max>
0	2

[block]
# block no. 2 follows, 49 sequences, length 40
# corresponding to MSA columns:
# 643-682
name=unknown_C
#
# <colnr> <probs for GDERKNQSTAVLIFYWHMCP>
#	G	D	E	R	K	N	Q	S	T	A	V	L	I	F	Y	W	H	M	C	P
0	0.00616	0.00440	0.00587	0.00704	0.00733	0.00411	0.00469	0.00704	0.00968	0.01291	0.02787	0.81899	0.03344	0.01584	0.00645	0.00205	0.00293	0.01438	0.00469	0.00411
1	0.00616	0.00440	0.00587	0.00704	0.00733	0.00411	0.00469	0.00704	0.00968	0.01291	0.02787	0.81899	0.03344	0.01584	0.00645	0.00205	0.00293	0.01438	0.00469	0.00411
2	0.00722	0.00542	0.00813	0.00813	0.00903	0.00632	0.00632	0.00903	0.00813	0.01174	0.01354	0.01987	0.01264	0.03792	0.80225	0.00813	0.01354	0.00542	0.00271	0.00451
3	0.00955	0.00899	0.01517	0.81013	0.03483	0.01123	0.01404	0.01292	0.01011	0.01292	0.00899	0.01348	0.00674	0.00506	0.00506	0.00169	0.00674	0.00449	0.00225	0.00562
4	0.01889	0.02410	0.01433	0.01303	0.01563	0.80199	0.00977	0.02019	0.01433	0.01238	0.00782	0.00912	0.00651	0.00521	0.00456	0.00130	0.00912	0.00326	0.00261	0.00586
5	0.01046	0.02400	0.66669	0.01588	0.04622	0.01190	0.12233	0.01602	0.01088	0.01605	0.00925	0.01114	0.00663	0.00472	0.00497	0.00161	0.00757	0.00407	0.00220	0.00740
6	0.00955	0.00899	0.01517	0.81013	0.03483	0.01123	0.01404	0.01292	0.01011	0.01292	0.00899	0.01348	0.00674	0.00506	0.00506	0.00169	0.00674	0.00449	0.00225	0.00562
7	0.01887	0.01430	0.01600	0.01225	0.01630	0.05260	0.06411	0.64332	0.02198	0.07084	0.01222	0.01238	0.00864	0.00591	0.00510	0.00152	0.00588	0.00462	0.00483	0.00834
8	0.01136	0.00894	0.01469	0.69986	0.03181	0.01071	0.01313	0.01453	0.01071	0.12047	0.01050	0.01400	0.00754	0.00522	0.00506	0.00167	0.00641	0.00458	0.00280	0.00603
9	0.00598	0.00512	0.00512	0.00512	0.00683	0.00427	0.00384	0.00726	0.01153	0.01366	0.05123	0.04866	0.78869	0.01281	0.00598	0.00171	0.00256	0.01067	0.00470	0.00427
10	0.01041	0.00946	0.01490	0.70012	0.03201	0.01162	0.01332	0.06419	0.06625	0.01476	0.01003	0.01378	0.00749	0.00525	0.00506	0.00168	0.00647	0.00459	0.00264	0.00599
11	0.85801	0.00978	0.00743	0.00665	0.00978	0.01134	0.00548	0.01486	0.00861	0.02269	0.00704	0.00821	0.00548	0.00469	0.00313	0.00156	0.00391	0.00274	0.00313	0.00548
12	0.00735	0.00490	0.00552	0.00552	0.00552	0.00490	0.00306	0.00735	0.00735	0.00980	0.01593	0.03309	0.01838	0.82229	0.02574	0.00490	0.00490	0.00735	0.00306	0.00306
13	0.00878	0.00439	0.00659	0.00659	0.00659	0.00439	0.00439	0.00659	0.00659	0.00878	0.00878	0.01537	0.00878	0.01757	0.01976	0.85288	0.00439	0.00439	0.00220	0.00220
14	0.00735	0.00490	0.00552	0.00552	0.00552	0.00490	0.00306	0.00735	0.00735	0.00980	0.01593	0.03309	0.01838	0.82229	0.02574	0.00490	0.00490	0.00735	0.00306	0.00306
15	0.00722	0.00542	0.00813	0.00813	0.00903	0.00632	0.00632	0.00903	0.00813	0.01174	0.01354	0.01987	0.01264	0.03792	0.80225	0.00813	0.01354	0.00542	0.00271	0.00451
16	0.01759	0.02143	0.01301	0.01188	0.01429	0.69224	0.00891	0.01903	0.01382	0.01327	0.00901	0.01046	0.00740	0.00530	0.00442	0.00129	0.00819	0.00346	0.11930	0.00570
17	0.01701	0.01579	0.01614	0.07053	0.18690	0.20865	0.01125	0.36984	0.01783	0.02240	0.01028	0.01157	0.00783	0.00545	0.00492	0.00147	0.00662	0.00422	0.00370	0.00759
18	0.01266	0.05822	0.38593	0.01234	0.01742	0.07672	0.01325	0.16713	0.08730	0.01885	0.01247	0.09242	0.01043	0.00637	0.00496	0.00159	0.00634	0.00507	0.00330	0.00723
19	0.01061	0.13616	0.69015	0.01362	0.02066	0.01288	0.01730	0.01589	0.01062	0.01545	0.00879	0.01032	0.00642	0.00474	0.00459	0.00153	0.00719	0.00359	0.00214	0.00734
20	0.00916	0.00469	0.00481	0.00490	0.00601	0.00466	0.00363	0.01140	0.01053	0.01837	0.01742	0.08414	0.01463	0.00670	0.00377	0.00125	0.00240	0.00550	0.78136	0.00466
21	0.01193	0.58236	0.13251	0.00899	0.01332	0.01638	0.00938	0.01417	0.01071	0.01320	0.06298	0.01416	0.08102	0.00557	0.00390	0.00125	0.00524	0.00401	0.00262	0.00631
22	0.00955	0.00899	0.01517	0.81013	0.03483	0.01123	0.01404	0.01292	0.01011	0.01292	0.00899	0.01348	0.00674	0.00506	0.00506	0.00169	0.00674	0.00449	0.00225	0.00562
23	0.00623	0.00516	0.00548	0.00546	0.00707	0.00440	0.00414	0.00771	0.01194	0.01469	0.15912	0.04737	0.65108	0.01249	0.00601	0.00171	0.00261	0.03815	0.00482	0.00436
24	0.23830	0.05136	0.01337	0.06762	0.01481	0.08102	0.00883	0.25262	0.01438	0.08496	0.00984	0.01102	0.00741	0.00588	0.00601	0.00160	0.11656	0.00390	0.00371	0.00681
25	0.15663	0.09605	0.18249	0.03531	0.10896	0.05495	0.01121	0.13981	0.05309	0.07517	0.02227	0.01188	0.00845	0.00525	0.00446	0.00150	0.00569	0.00398	0.01570	0.00718
26	0.00639	0.00470	0.00599	0.00660	0.00732	0.00430	0.00459	0.00770	0.01111	0.01487	0.22226	0.51389	0.14362	0.01403	0.00626	0.00189	0.00274	0.01254	0.00491	0.00430
27	0.00658	0.00501	0.00606	0.00608	0.00728	0.00448	0.00445	0.00833	0.01254	0.01674	0.40512	0.18621	0.28842	0.01217	0.00606	0.00171	0.00254	0.01062	0.00512	0.00448
28	0.13025	0.01746	0.12305	0.01332	0.03374	0.26308	0.12697	0.10447	0.03049	0.05948	0.01058	0.04542	0.00847	0.00557	0.00480	0.00153	0.00698	0.00447	0.00323	0.00666
29	0.19178	0.04801	0.06035	0.13883	0.21490	0.09255	0.01143	0.15170	0.01307	0.01938	0.00908	0.01106	0.00708	0.00499	0.00450	0.00151	0.00597	0.00389	0.00303	0.00690
30	0.00624	0.00452	0.00602	0.00704	0.00745	0.00430	0.00479	0.00721	0.00964	0.01285	0.02782	0.71698	0.06783	0.01750	0.07136	0.00253	0.00378	0.01347	0.00453	0.00415
31	0.00662	0.00492	0.00618	0.00635	0.00735	0.00447	0.00457	0.00833	0.01234	0.01673	0.41229	0.28555	0.18062	0.01253	0.00612	0.00176	0.00259	0.01107	0.00513	0.00447
32	0.01198	0.01188	0.06042	0.02114	0.35265	0.01117	0.14813	0.01666	0.11781	0.04774	0.02657	0.06589	0.01204	0.00610	0.00560	0.00164	0.02370	0.03218	0.00328	0.02340
33	0.05956	0.08089	0.19365	0.01619	0.19137	0.13887	0.01253	0.14096	0.07135	0.01851	0.01039	0.02503	0.00824	0.00531	0.00469	0.00149	0.00640	0.00416	0.00310	0.00732
34	0.01129	0.00766	0.01061	0.02948	0.22524	0.00758	0.00783	0.04968	0.01225	0.07897	0.10218	0.02076	0.07059	0.00651	0.00461	0.00141	0.00378	0.00559	0.33787	0.00611
35	0.13046	0.21183	0.12285	0.01110	0.01540	0.12225	0.07189	0.07223	0.02935	0.15203	0.01059	0.01117	0.00784	0.00507	0.00433	0.00143	0.00604	0.00380	0.00337	0.00698
36	0.04682	0.11093	0.06157	0.03004	0.07959	0.13952	0.10006	0.19359	0.05594	0.03542	0.03946	0.01304	0.02074	0.00543	0.00477	0.00144	0.00621	0.00443	0.00347	0.04753
37	0.20343	0.01352	0.01303	0.08198	0.04598	0.19359	0.04131	0.11216	0.06128	0.13021	0.01189	0.01406	0.00917	0.00579	0.00465	0.00156	0.00594	0.03999	0.00377	0.00669
38	0.25536	0.05310	0.04032	0.04516	0.06548	0.08574	0.03837	0.11630	0.10120	0.04692	0.05251	0.01287	0.01015	0.00545	0.00438	0.00149	0.00519	0.00416	0.00361	0.05224
39	0.18384	0.04696	0.08219	0.01254	0.08905	0.09219	0.10306	0.01445	0.02656	0.03211	0.02619	0.10025	0.02683	0.05054	0.00607	0.00174	0.01937	0.02096	0.00316	0.06194

[dist]
# distance from previous block
# <min> <max>
7	39

[block]
# block no. 3 follows, 49 sequences, length 24
# corresponding to MSA columns:
# 727-750
name=unknown_D
#
# <colnr> <probs for GDERKNQSTAVLIFYWHMCP>
#	G	D	E	R	K	N	Q	S	T	A	V	L	I	F	Y	W	H	M	C	P
0	0.07073	0.08154	0.11860	0.01338	0.07278	0.07720	0.15406	0.05568	0.01178	0.06059	0.03273	0.04106	0.03630	0.06111	0.02254	0.00188	0.02241	0.00513	0.01899	0.04151
1	0.15333	0.05901	0.06996	0.01083	0.07872	0.03661	0.00852	0.16049	0.03571	0.05601	0.09392	0.01599	0.05187	0.00669	0.02220	0.00156	0.00491	0.00469	0.00381	0.12518
2	0.06736	0.09355	0.13535	0.08430	0.27184	0.05138	0.07579	0.06577	0.01209	0.06144	0.00974	0.01174	0.00754	0.00479	0.00472	0.00149	0.00627	0.00416	0.00284	0.02783
3	0.06368	0.05789	0.04763	0.01284	0.01665	0.24837	0.15047	0.11575	0.02798	0.04891	0.00965	0.01108	0.00749	0.00504	0.00506	0.00139	0.03371	0.00401	0.00314	0.12926
4	0.09934	0.12761	0.08263	0.01427	0.10114	0.19209	0.11925	0.04765	0.02632	0.03599	0.00946	0.01140	0.00762	0.00723	0.06321	0.00191	0.00727	0.00399	0.00281	0.03881
5	0.04956	0.07557	0.01457	0.01197	0.02802	0.52508	0.00914	0.07972	0.02873	0.03744	0.00882	0.00987	0.00710	0.00510	0.00441	0.00128	0.00756	0.00340	0.00298	0.08967
6	0.01210	0.00689	0.00876	0.00768	0.00974	0.00655	0.00595	0.07641	0.04382	0.21303	0.41681	0.11943	0.03288	0.00947	0.00570	0.00164	0.00325	0.00823	0.00558	0.00609
7	0.01719	0.29338	0.01882	0.01098	0.01475	0.22015	0.00933	0.32054	0.01673	0.02003	0.00928	0.00999	0.00734	0.00525	0.00431	0.00131	0.00643	0.00359	0.00344	0.00717
8	0.00598	0.00512	0.00512	0.00512	0.00683	0.00427	0.00384	0.00726	0.01153	0.01366	0.05123	0.04866	0.78869	0.01281	0.00598	0.00171	0.00256	0.01067	0.00470	0.00427
9	0.00735	0.00492	0.00562	0.00562	0.00566	0.00496	0.00320	0.00742	0.00739	0.00988	0.01583	0.03255	0.01815	0.79003	0.05767	0.00503	0.00526	0.00727	0.00305	0.00312
10	0.01629	0.01646	0.01532	0.01616	0.18729	0.28643	0.01066	0.19497	0.16955	0.01957	0.01175	0.01252	0.00912	0.00558	0.00489	0.00148	0.00658	0.00433	0.00366	0.00740
11	0.00815	0.00582	0.00815	0.00931	0.01048	0.00582	0.00815	0.01048	0.01164	0.01513	0.02677	0.05704	0.02910	0.01397	0.00698	0.00233	0.00466	0.75671	0.00466	0.00466
12	0.00616	0.00440	0.00587	0.00704	0.00733	0.00411	0.00469	0.00704	0.00968	0.01291	0.02787	0.81899	0.03344	0.01584	0.00645	0.00205	0.00293	0.01438	0.00469	0.00411
13	0.01654	0.01270	0.01365	0.01104	0.01456	0.01425	0.00894	0.49949	0.26506	0.02750	0.01490	0.01465	0.01097	0.00781	0.04243	0.00189	0.00544	0.00497	0.00498	0.00822
14	0.01280	0.07270	0.02147	0.06217	0.55470	0.06419	0.10782	0.01576	0.01160	0.01571	0.00928	0.01215	0.00770	0.00453	0.00497	0.00149	0.00651	0.00447	0.00248	0.00750
15	0.02269	0.00861	0.01174	0.00900	0.01291	0.00743	0.00743	0.02464	0.01447	0.79425	0.01995	0.01721	0.01252	0.00626	0.00509	0.00156	0.00430	0.00509	0.00626	0.00861
16	0.01194	0.01364	0.02984	0.02131	0.02643	0.01279	0.77238	0.01620	0.01194	0.01620	0.01023	0.01364	0.00767	0.00426	0.00597	0.00171	0.00853	0.00597	0.00256	0.00682
17	0.01199	0.01738	0.30375	0.02160	0.28872	0.01189	0.20113	0.01629	0.01145	0.05269	0.01002	0.01234	0.00756	0.00464	0.00517	0.00159	0.00707	0.00461	0.00256	0.00755
18	0.01158	0.43643	0.34132	0.01076	0.01619	0.01545	0.01242	0.01492	0.01053	0.01372	0.01112	0.01215	0.06400	0.00515	0.00409	0.00134	0.00605	0.00371	0.00234	0.00673
19	0.00729	0.00514	0.00672	0.00672	0.00713	0.00556	0.00456	0.00813	0.00771	0.01070	0.01483	0.02700	0.01574	0.46081	0.38360	0.00639	0.00889	0.00646	0.00290	0.00373
20	0.01718	0.05068	0.01816	0.01468	0.01790	0.60129	0.17644	0.01914	0.01366	0.01319	0.00832	0.01007	0.00677	0.00497	0.00482	0.00138	0.00886	0.00383	0.00258	0.00609
21	0.01796	0.01458	0.01299	0.01196	0.06395	0.29390	0.00881	0.04039	0.07783	0.28462	0.01644	0.01603	0.06704	0.00642	0.00550	0.00152	0.04391	0.00481	0.00427	0.00707
22	0.05742	0.01466	0.02066	0.01564	0.01978	0.14601	0.35199	0.14824	0.07105	0.08651	0.01160	0.01304	0.00852	0.00512	0.00530	0.00159	0.00719	0.00501	0.00353	0.00714
23	0.07441	0.01103	0.01338	0.01094	0.01382	0.12798	0.14680	0.04512	0.04457	0.16356	0.12731	0.10262	0.05342	0.00752	0.00529	0.00160	0.00525	0.00660	0.03251	0.00627

[dist]
# distance from previous block
# <min> <max>
0	69

[block]
# block no. 4 follows, 49 sequences, length 16
# corresponding to MSA columns:
# 822-837
name=unknown_E
#
# <colnr> <probs for GDERKNQSTAVLIFYWHMCP>
#	G	D	E	R	K	N	Q	S	T	A	V	L	I	F	Y	W	H	M	C	P
0	0.01475	0.12430	0.01854	0.01504	0.09823	0.33558	0.14897	0.04531	0.01283	0.01441	0.01034	0.08295	0.00942	0.00577	0.00484	0.00142	0.00727	0.00485	0.00282	0.04235
1	0.06273	0.07610	0.01078	0.00946	0.06469	0.11021	0.00690	0.03071	0.01287	0.08156	0.24989	0.02804	0.16018	0.00944	0.02965	0.00175	0.00456	0.04055	0.00431	0.00563
2	0.01691	0.00974	0.01180	0.05836	0.01436	0.01019	0.00812	0.02503	0.39164	0.36636	0.01959	0.01780	0.01360	0.00648	0.00511	0.00165	0.00430	0.00536	0.00547	0.00813
3	0.01557	0.01081	0.01239	0.00923	0.01347	0.01010	0.00753	0.29114	0.01594	0.14368	0.01185	0.01214	0.00868	0.00498	0.00443	0.00116	0.00449	0.00389	0.00426	0.41428
4	0.30123	0.00979	0.01311	0.19392	0.01816	0.01075	0.12258	0.06020	0.01073	0.01887	0.00957	0.01201	0.00737	0.00497	0.00451	0.00152	0.02337	0.00403	0.10673	0.06658
5	0.01812	0.01933	0.01371	0.01185	0.01476	0.49159	0.00915	0.24706	0.01684	0.01886	0.00992	0.01092	0.00773	0.00553	0.00462	0.00136	0.00743	0.00378	0.08087	0.00658
6	0.00716	0.00517	0.00676	0.00636	0.00755	0.00477	0.00477	0.00954	0.01431	0.02028	0.78808	0.03777	0.04771	0.01034	0.00596	0.00159	0.00239	0.00914	0.00557	0.00477
7	0.00683	0.00490	0.00655	0.00717	0.00792	0.00462	0.00528	0.00848	0.01164	0.01588	0.29702	0.41975	0.03780	0.01359	0.00637	0.00193	0.00302	0.13184	0.00500	0.00443
8	0.01544	0.01710	0.01869	0.02153	0.34945	0.32319	0.09278	0.07180	0.01355	0.01596	0.00911	0.01127	0.00743	0.00487	0.00494	0.00145	0.00747	0.00417	0.00273	0.00708
9	0.00735	0.00490	0.00552	0.00552	0.00552	0.00490	0.00306	0.00735	0.00735	0.00980	0.01593	0.03309	0.01838	0.82229	0.02574	0.00490	0.00490	0.00735	0.00306	0.00306
10	0.00735	0.00490	0.00552	0.00552	0.00552	0.00490	0.00306	0.00735	0.00735	0.00980	0.01593	0.03309	0.01838	0.82229	0.02574	0.00490	0.00490	0.00735	0.00306	0.00306
11	0.01769	0.01560	0.32448	0.01116	0.01649	0.00915	0.01192	0.02120	0.01296	0.48394	0.01561	0.01461	0.01008	0.00568	0.00497	0.00158	0.00557	0.00455	0.00461	0.00815
12	0.02155	0.01043	0.01287	0.00986	0.01382	0.01014	0.00815	0.27094	0.01753	0.54364	0.01738	0.01554	0.01123	0.00620	0.00508	0.00155	0.00472	0.00491	0.00586	0.00860
13	0.02269	0.00861	0.01174	0.00900	0.01291	0.00743	0.00743	0.02464	0.01447	0.79425	0.01995	0.01721	0.01252	0.00626	0.00509	0.00156	0.00430	0.00509	0.00626	0.00861
14	0.01305	0.01260	0.05912	0.02802	0.64490	0.01175	0.06938	0.01621	0.01170	0.06933	0.01025	0.01282	0.00821	0.00462	0.00507	0.00153	0.00614	0.00461	0.00274	0.00794
15	0.01146	0.01222	0.02434	0.01858	0.07466	0.01118	0.53570	0.01516	0.01175	0.01648	0.04858	0.01416	0.00965	0.00448	0.00548	0.00150	0.00713	0.00546	0.00279	0.16927

[dist]
# distance from previous block
# <min> <max>
10	30

[block]
# block no. 5 follows, 49 sequences, length 11
# corresponding to MSA columns:
# 868-878
name=unknown_F
#
# <colnr> <probs for GDERKNQSTAVLIFYWHMCP>
#	G	D	E	R	K	N	Q	S	T	A	V	L	I	F	Y	W	H	M	C	P
0	0.00819	0.00711	0.01047	0.00964	0.01040	0.00810	0.05975	0.00972	0.01037	0.01465	0.19804	0.35141	0.02738	0.01177	0.00919	0.00197	0.23322	0.00975	0.00404	0.00485
1	0.01489	0.01213	0.01382	0.01146	0.01408	0.01432	0.00931	0.34693	0.24642	0.02343	0.01391	0.04079	0.01102	0.00728	0.00782	0.00176	0.19346	0.00520	0.00441	0.00756
2	0.00658	0.00493	0.00611	0.00628	0.00732	0.00446	0.00453	0.00826	0.01228	0.01653	0.38853	0.27417	0.21638	0.01256	0.00611	0.00176	0.00259	0.01107	0.00510	0.00446
3	0.01201	0.46782	0.37077	0.01123	0.01696	0.01631	0.01314	0.01553	0.01045	0.01374	0.00794	0.00926	0.00645	0.00454	0.00394	0.00131	0.00633	0.00317	0.00215	0.00693
4	0.01173	0.01463	0.09826	0.02026	0.02531	0.01284	0.66326	0.01596	0.01160	0.01596	0.00993	0.01323	0.00750	0.00456	0.00644	0.00172	0.05182	0.00568	0.00250	0.00681
5	0.00610	0.00486	0.00548	0.00588	0.00705	0.00424	0.00420	0.00729	0.01100	0.01372	0.08018	0.32738	0.47725	0.01378	0.00615	0.00183	0.00269	0.01194	0.00474	0.00424
6	0.01014	0.02616	0.79609	0.01441	0.02189	0.01174	0.01868	0.01601	0.01068	0.01601	0.00907	0.01068	0.00641	0.00480	0.00480	0.00160	0.00747	0.00374	0.00214	0.00747
7	0.01408	0.01252	0.01928	0.02651	0.60985	0.01287	0.01414	0.19251	0.01438	0.02010	0.01013	0.01243	0.00815	0.00487	0.00502	0.00151	0.00590	0.00452	0.00310	0.00815
8	0.01097	0.01191	0.02474	0.20442	0.02705	0.01182	0.54165	0.01479	0.01135	0.01520	0.01118	0.06998	0.00926	0.00526	0.00579	0.00172	0.00772	0.00621	0.00263	0.00635
9	0.01056	0.01089	0.02016	0.01542	0.01809	0.01173	0.36533	0.01344	0.01124	0.01594	0.19069	0.01850	0.01671	0.00705	0.00915	0.00183	0.24793	0.00625	0.00316	0.00596
10	0.01024	0.00969	0.01642	0.62830	0.21125	0.01142	0.01439	0.01353	0.01044	0.01376	0.00911	0.01326	0.00704	0.00493	0.00504	0.00164	0.00657	0.00450	0.00231	0.00618

[dist]
# distance from previous block
# <min> <max>
27	140

[block]
# block no. 6 follows, 49 sequences, length 20
# corresponding to MSA columns:
# 1075-1094
name=unknown_G
#
# <colnr> <probs for GDERKNQSTAVLIFYWHMCP>
#	G	D	E	R	K	N	Q	S	T	A	V	L	I	F	Y	W	H	M	C	P
0	0.16979	0.01107	0.05559	0.03721	0.07616	0.01039	0.03894	0.09808	0.10601	0.17553	0.04028	0.01397	0.01060	0.00546	0.00458	0.00147	0.00474	0.00441	0.00411	0.13164
1	0.03582	0.09898	0.02945	0.01342	0.11339	0.05479	0.08950	0.12900	0.10581	0.07031	0.03883	0.01412	0.02657	0.00538	0.00471	0.00138	0.00534	0.00456	0.00367	0.15500
2	0.05437	0.08694	0.11259	0.01321	0.09780	0.01103	0.11285	0.07429	0.08906	0.06079	0.13136	0.04629	0.04284	0.00650	0.00506	0.00154	0.00518	0.00572	0.00377	0.03880
3	0.03621	0.01066	0.01198	0.00990	0.01279	0.11560	0.08739	0.03367	0.13791	0.10344	0.20291	0.02268	0.08877	0.00725	0.00521	0.00150	0.00469	0.00621	0.00442	0.09680
4	0.10234	0.01109	0.01738	0.07800	0.55386	0.01117	0.01315	0.01485	0.01100	0.01690	0.00961	0.01306	0.00815	0.00473	0.00473	0.00146	0.00556	0.02369	0.00266	0.09662
5	0.01013	0.00859	0.01009	0.00737	0.01152	0.00653	0.00586	0.01240	0.01089	0.01688	0.09115	0.01336	0.01173	0.00444	0.00398	0.00084	0.00360	0.00364	0.00327	0.76372
6	0.02076	0.00916	0.01264	0.01143	0.09496	0.00835	0.00833	0.02387	0.07880	0.64709	0.01890	0.01686	0.01229	0.00612	0.00508	0.00157	0.00446	0.00508	0.00577	0.00849
7	0.00616	0.00440	0.00587	0.00704	0.00733	0.00411	0.00469	0.00704	0.00968	0.01291	0.02787	0.81899	0.03344	0.01584	0.00645	0.00205	0.00293	0.01438	0.00469	0.00411
8	0.00755	0.00553	0.00738	0.00835	0.00949	0.00535	0.00702	0.00953	0.01137	0.01461	0.03082	0.15255	0.15100	0.01402	0.00676	0.00219	0.00410	0.54318	0.00467	0.00452
9	0.01027	0.00870	0.01005	0.00788	0.01158	0.00734	0.00615	0.01427	0.13357	0.01677	0.01324	0.11459	0.01206	0.00578	0.00431	0.00107	0.00368	0.00488	0.00356	0.61026
10	0.01049	0.00899	0.01049	0.00749	0.01198	0.00674	0.00599	0.01273	0.01049	0.01648	0.00899	0.01049	0.00749	0.00374	0.00374	0.00075	0.00374	0.00300	0.00300	0.85320
11	0.01470	0.01113	0.01174	0.01024	0.01331	0.04174	0.00804	0.05594	0.59993	0.14475	0.01966	0.01797	0.01436	0.00667	0.00511	0.00167	0.00431	0.00548	0.00522	0.00804
12	0.00815	0.00582	0.00815	0.00931	0.01048	0.00582	0.00815	0.01048	0.01164	0.01513	0.02677	0.05704	0.02910	0.01397	0.00698	0.00233	0.00466	0.75671	0.00466	0.00466
13	0.00735	0.00490	0.00552	0.00552	0.00552	0.00490	0.00306	0.00735	0.00735	0.00980	0.01593	0.03309	0.01838	0.82229	0.02574	0.00490	0.00490	0.00735	0.00306	0.00306
14	0.01318	0.43686	0.05167	0.05537	0.13718	0.01607	0.13227	0.01608	0.03454	0.04989	0.00911	0.01079	0.00748	0.00456	0.00424	0.00134	0.00605	0.00383	0.00256	0.00691
15	0.01453	0.01006	0.01367	0.01463	0.21898	0.00963	0.00929	0.15770	0.01466	0.17411	0.13925	0.01713	0.01541	0.00596	0.00495	0.00139	0.00457	0.00511	0.00432	0.16466
16	0.03883	0.00979	0.01111	0.00854	0.01250	0.00895	0.00684	0.10706	0.14483	0.09022	0.03756	0.01355	0.01069	0.00503	0.00432	0.00113	0.00402	0.00403	0.00400	0.47700
17	0.06112	0.04395	0.01368	0.01081	0.01431	0.23936	0.00864	0.24281	0.08689	0.15022	0.01231	0.01227	0.00897	0.00563	0.00467	0.00141	0.00601	0.00411	0.00421	0.06863
18	0.11025	0.11550	0.01382	0.01088	0.06163	0.13876	0.02252	0.07858	0.11211	0.12461	0.14553	0.01671	0.01572	0.00628	0.00471	0.00148	0.00510	0.00494	0.00413	0.00673
19	0.11664	0.01255	0.09365	0.02860	0.05567	0.10575	0.00871	0.05204	0.12402	0.10422	0.12302	0.01892	0.07293	0.00665	0.00487	0.00152	0.00491	0.00532	0.00408	0.05592

[dist]
# distance from previous block
# <min> <max>
3	129

[block]
# block no. 7 follows, 49 sequences, length 35
# corresponding to MSA columns:
# 1260-1294
name=unknown_H
#
# <colnr> <probs for GDERKNQSTAVLIFYWHMCP>
#	G	D	E	R	K	N	Q	S	T	A	V	L	I	F	Y	W	H	M	C	P
0	0.01068	0.01942	0.43517	0.01568	0.03657	0.01141	0.23271	0.01592	0.04681	0.01610	0.01052	0.02882	0.00818	0.02860	0.00573	0.00168	0.00718	0.00475	0.00254	0.06152
1	0.01078	0.00901	0.01078	0.00790	0.01218	0.00706	0.02056	0.01357	0.04648	0.03599	0.01043	0.03703	0.00882	0.00435	0.00397	0.00087	0.00384	0.00360	0.00322	0.74955
2	0.00643	0.00483	0.00698	0.00771	0.00822	0.00451	0.04043	0.00747	0.00979	0.01306	0.02705	0.78150	0.03225	0.01530	0.00643	0.00204	0.00319	0.01398	0.00459	0.00423
3	0.01639	0.01713	0.01302	0.01159	0.01445	0.38099	0.00890	0.06848	0.34228	0.05369	0.01409	0.01384	0.01073	0.00602	0.00486	0.00150	0.00650	0.00447	0.00401	0.00707
4	0.01412	0.01403	0.05337	0.03514	0.09221	0.04986	0.32959	0.22993	0.06075	0.02067	0.01157	0.02785	0.00887	0.00527	0.00540	0.00161	0.00691	0.00530	0.02018	0.00737
5	0.01590	0.01454	0.01239	0.01079	0.01349	0.26291	0.00835	0.12675	0.22517	0.10419	0.04616	0.01597	0.01247	0.04780	0.03985	0.00197	0.02535	0.00488	0.00419	0.00689
6	0.01179	0.01336	0.02896	0.06866	0.02693	0.01269	0.72686	0.01600	0.01183	0.01600	0.01016	0.01363	0.00762	0.00431	0.00591	0.00170	0.00842	0.00588	0.00254	0.00675
7	0.00675	0.00465	0.00569	0.00629	0.00644	0.00450	0.00389	0.00720	0.00853	0.01138	0.02198	0.43102	0.02601	0.41395	0.01597	0.00346	0.00391	0.01091	0.00389	0.00359
8	0.00654	0.00505	0.00597	0.00595	0.00723	0.00448	0.00438	0.00828	0.01256	0.01659	0.38575	0.14671	0.34813	0.01208	0.00603	0.00170	0.00253	0.01047	0.00509	0.00448
9	0.01194	0.01364	0.02984	0.02131	0.02643	0.01279	0.77238	0.01620	0.01194	0.01620	0.01023	0.01364	0.00767	0.00426	0.00597	0.00171	0.00853	0.00597	0.00256	0.00682
10	0.02269	0.00861	0.01174	0.00900	0.01291	0.00743	0.00743	0.02464	0.01447	0.79425	0.01995	0.01721	0.01252	0.00626	0.00509	0.00156	0.00430	0.00509	0.00626	0.00861
11	0.00711	0.00496	0.00584	0.00592	0.00636	0.00478	0.00379	0.00784	0.00941	0.01261	0.16639	0.11113	0.09523	0.49136	0.01774	0.00363	0.00402	0.03436	0.00389	0.00365
12	0.01638	0.01570	0.01338	0.01149	0.01462	0.24399	0.00899	0.24530	0.33400	0.02175	0.01436	0.01404	0.01081	0.00615	0.00495	0.00154	0.00596	0.00466	0.00438	0.00755
13	0.00737	0.00556	0.00812	0.00805	0.00883	0.00650	0.00617	0.00897	0.00804	0.01156	0.01354	0.02086	0.01300	0.11355	0.69945	0.00761	0.04011	0.00557	0.00273	0.00441
14	0.00628	0.00448	0.00600	0.00717	0.00752	0.00421	0.00490	0.00724	0.00980	0.01304	0.02781	0.77462	0.03319	0.01573	0.00649	0.00207	0.00303	0.05760	0.00469	0.00414
15	0.00612	0.00509	0.00537	0.00555	0.00709	0.00434	0.00418	0.00743	0.01136	0.01368	0.04756	0.12260	0.67187	0.01316	0.00608	0.00178	0.00272	0.05504	0.00469	0.00428
16	0.01191	0.01414	0.09894	0.02342	0.27978	0.01259	0.40308	0.01571	0.01143	0.01605	0.00967	0.01283	0.00760	0.00467	0.00617	0.00166	0.05551	0.00518	0.00248	0.00720
17	0.01666	0.02023	0.01444	0.01293	0.01493	0.56901	0.00997	0.01867	0.05744	0.01284	0.00828	0.01015	0.00706	0.00617	0.00746	0.00154	0.19997	0.00368	0.00266	0.00591
18	0.01352	0.82533	0.02650	0.00865	0.01298	0.02001	0.00865	0.01514	0.01027	0.01190	0.00703	0.00811	0.00649	0.00433	0.00324	0.00108	0.00541	0.00270	0.00216	0.00649
19	0.01202	0.05480	0.06474	0.01806	0.33361	0.02657	0.01114	0.04116	0.04564	0.01688	0.00970	0.01161	0.00795	0.00440	0.00443	0.00121	0.00518	0.00383	0.00285	0.32420
20	0.04654	0.34301	0.42812	0.01165	0.01752	0.01505	0.01375	0.01602	0.03904	0.01484	0.00860	0.00986	0.00674	0.00469	0.00413	0.00140	0.00638	0.00336	0.00230	0.00702
21	0.00735	0.00490	0.00552	0.00552	0.00552	0.00490	0.00306	0.00735	0.00735	0.00980	0.01593	0.03309	0.01838	0.82229	0.02574	0.00490	0.00490	0.00735	0.00306	0.00306
22	0.00942	0.00570	0.00731	0.00660	0.00829	0.00512	0.00506	0.01159	0.01396	0.14009	0.56763	0.03605	0.14343	0.01004	0.00583	0.00160	0.00271	0.00872	0.00556	0.00530
23	0.01365	0.03501	0.04064	0.25224	0.11368	0.27859	0.13394	0.01686	0.04065	0.01405	0.00924	0.01191	0.00727	0.00496	0.00498	0.00152	0.00763	0.00430	0.00255	0.00634
24	0.01252	0.01201	0.02053	0.03104	0.79074	0.01201	0.01552	0.01552	0.01151	0.01652	0.00951	0.01252	0.00801	0.00451	0.00501	0.00150	0.00601	0.00451	0.00250	0.00801
25	0.00614	0.00447	0.00579	0.00685	0.00728	0.00412	0.00461	0.00706	0.00986	0.01298	0.03019	0.74237	0.10856	0.01554	0.00641	0.00202	0.00290	0.01401	0.00469	0.00412
26	0.01095	0.01090	0.01528	0.01313	0.01316	0.01523	0.01093	0.01208	0.00776	0.01216	0.00683	0.01131	0.00681	0.00968	0.03889	0.00238	0.79035	0.00445	0.00223	0.00550
27	0.01127	0.05480	0.46937	0.06648	0.23524	0.04483	0.01674	0.01583	0.01101	0.01564	0.00905	0.01118	0.00688	0.00473	0.00480	0.00154	0.00700	0.00393	0.00226	0.00740
28	0.02269	0.00861	0.01174	0.00900	0.01291	0.00743	0.00743	0.02464	0.01447	0.79425	0.01995	0.01721	0.01252	0.00626	0.00509	0.00156	0.00430	0.00509	0.00626	0.00861
29	0.00722	0.00542	0.00813	0.00813	0.00903	0.00632	0.00632	0.00903	0.00813	0.01174	0.01354	0.01987	0.01264	0.03792	0.80225	0.00813	0.01354	0.00542	0.00271	0.00451
30	0.00641	0.00477	0.00597	0.00645	0.00730	0.00433	0.00454	0.00781	0.01139	0.01519	0.25185	0.43683	0.19137	0.01364	0.00622	0.00185	0.00270	0.01211	0.00495	0.00433
31	0.01399	0.03140	0.01898	0.04893	0.44989	0.21555	0.05997	0.01686	0.03437	0.01518	0.00926	0.01178	0.00769	0.00493	0.00540	0.00150	0.04030	0.00427	0.00258	0.00717
32	0.22624	0.01122	0.01203	0.01067	0.05737	0.01226	0.00812	0.32643	0.08204	0.10024	0.01304	0.01537	0.01019	0.05504	0.00591	0.00179	0.00484	0.03554	0.00442	0.00724
33	0.00813	0.05413	0.00690	0.00592	0.00673	0.00584	0.00412	0.00927	0.00902	0.01328	0.03326	0.08692	0.04908	0.34005	0.10971	0.00361	0.00498	0.00682	0.23817	0.00407
34	0.04098	0.04907	0.06212	0.01202	0.01578	0.16579	0.06488	0.25628	0.18437	0.07839	0.01304	0.01314	0.00960	0.00577	0.00490	0.00152	0.00609	0.00452	0.00416	0.00757

[dist]
