[name]
unknown

[dist]
# distance from previous block
# <min> <max>
15	267

[block]
# block no. 0 follows, 40 sequences, length 6
# corresponding to MSA columns:
# 314-319
name=unknown_A
#
# <colnr> <probs for GDERKNQSTAVLIFYWHMCP>
#	G	D	E	R	K	N	Q	S	T	A	V	L	I	F	Y	W	H	M	C	P
0	0.20941	0.01148	0.01316	0.01034	0.01467	0.01147	0.00854	0.16827	0.01725	0.45040	0.01777	0.01628	0.01165	0.00675	0.00533	0.00179	0.00514	0.00511	0.00610	0.00908
1	0.00803	0.00600	0.00750	0.00732	0.00882	0.00547	0.00562	0.01048	0.01544	0.02102	0.52785	0.04842	0.21228	0.01294	0.00698	0.00194	0.00304	0.07942	0.00607	0.00534
2	0.01385	0.64014	0.02572	0.00958	0.01363	0.01935	0.00904	0.01555	0.01168	0.01391	0.01288	0.16601	0.01367	0.00763	0.00447	0.00147	0.00565	0.00580	0.00307	0.00691
3	0.00833	0.00581	0.00716	0.00690	0.00769	0.00555	0.00465	0.00990	0.01304	0.01817	0.44091	0.04114	0.04046	0.34683	0.01658	0.00346	0.00398	0.00964	0.00517	0.00465
4	0.01053	0.00704	0.01107	0.01406	0.17849	0.00698	0.00802	0.01000	0.00951	0.01298	0.01427	0.15737	0.01504	0.01643	0.01610	0.49220	0.00517	0.00716	0.00313	0.00444
5	0.00798	0.00570	0.00777	0.00912	0.00985	0.00549	0.00695	0.00964	0.01202	0.01585	0.03156	0.50771	0.03651	0.01738	0.00766	0.00249	0.00415	0.29183	0.00538	0.00497

[dist]
# distance from previous block
# <min> <max>
11	20

[block]
# block no. 1 follows, 40 sequences, length 14
# corresponding to MSA columns:
# 340-353
name=unknown_B
#
# <colnr> <probs for GDERKNQSTAVLIFYWHMCP>
#	G	D	E	R	K	N	Q	S	T	A	V	L	I	F	Y	W	H	M	C	P
0	0.01058	0.00938	0.01390	0.33939	0.02292	0.01174	0.01117	0.01255	0.00992	0.01347	0.01229	0.02220	0.01211	0.26546	0.01686	0.00330	0.19817	0.00623	0.00288	0.00547
1	0.01782	0.01375	0.01515	0.01135	0.01622	0.01365	0.00928	0.43044	0.02082	0.02910	0.01241	0.01315	0.00934	0.00584	0.00517	0.00137	0.00551	0.00447	0.00481	0.36037
2	0.01464	0.00949	0.01436	0.01735	0.25596	0.00897	0.01029	0.01749	0.01545	0.20387	0.33196	0.02812	0.02997	0.00854	0.00625	0.00179	0.00465	0.00762	0.00544	0.00779
3	0.01755	0.27100	0.02007	0.01159	0.01588	0.01802	0.00995	0.23029	0.26653	0.05823	0.01574	0.01534	0.01197	0.00664	0.00517	0.00166	0.00566	0.00502	0.00482	0.00886
4	0.00836	0.00604	0.00836	0.00836	0.00906	0.00673	0.00604	0.00975	0.00905	0.01277	0.01648	0.02782	0.01670	0.28981	0.52935	0.00813	0.01232	0.00696	0.00325	0.00465
5	0.01048	0.00904	0.01252	0.26157	0.02107	0.00870	0.00955	0.01310	0.01169	0.01660	0.01568	0.20492	0.01567	0.00822	0.00557	0.00158	0.00521	0.00723	0.00364	0.35797
6	0.01936	0.01609	0.02297	0.01702	0.02208	0.01694	0.24912	0.50381	0.02288	0.03075	0.01324	0.01453	0.00954	0.00630	0.00616	0.00182	0.00751	0.00577	0.00488	0.00922
7	0.01485	0.00961	0.01537	0.01193	0.01568	0.00851	0.18620	0.01742	0.01448	0.26120	0.03554	0.03422	0.32992	0.00985	0.00653	0.00191	0.00529	0.00884	0.00538	0.00726
8	0.00881	0.00623	0.00837	0.00894	0.00977	0.00649	0.00694	0.01046	0.01078	0.01444	0.02297	0.04607	0.02478	0.27805	0.20308	0.00529	0.00796	0.31164	0.00420	0.00472
9	0.01727	0.01460	0.01955	0.02115	0.26005	0.01660	0.01369	0.32506	0.01819	0.02530	0.01142	0.01380	0.00911	0.00718	0.00906	0.00194	0.19800	0.00518	0.00405	0.00880
10	0.01179	0.01018	0.01323	0.26275	0.02170	0.01175	0.01056	0.02075	0.32742	0.02098	0.19944	0.02501	0.02360	0.00819	0.00611	0.00193	0.00518	0.00708	0.00495	0.00739
11	0.03102	0.01428	0.01497	0.07779	0.23928	0.19732	0.01122	0.01615	0.03330	0.01672	0.02639	0.02722	0.25365	0.00863	0.00596	0.00177	0.00644	0.00714	0.00381	0.00692
12	0.01058	0.01453	0.19899	0.17028	0.18909	0.01064	0.01401	0.01428	0.01269	0.01695	0.02640	0.02770	0.25328	0.00852	0.00608	0.00187	0.00619	0.00728	0.00354	0.00710
13	0.01701	0.00895	0.01120	0.00998	0.01281	0.00875	0.00768	0.02234	0.19487	0.33661	0.02610	0.27301	0.02310	0.01098	0.00638	0.00203	0.00435	0.00952	0.00629	0.00803

[dist]
# distance from previous block
# <min> <max>
0	1

[block]
# block no. 2 follows, 40 sequences, length 12
# corresponding to MSA columns:
# 355-366
name=unknown_C
#
# <colnr> <probs for GDERKNQSTAVLIFYWHMCP>
#	G	D	E	R	K	N	Q	S	T	A	V	L	I	F	Y	W	H	M	C	P
0	0.01485	0.01085	0.01330	0.21380	0.01993	0.01218	0.00997	0.29011	0.01758	0.02470	0.01547	0.06054	0.01271	0.04556	0.00662	0.00192	0.00563	0.00605	0.21097	0.00727
1	0.00902	0.00737	0.01120	0.01539	0.20690	0.00713	0.00869	0.01067	0.01169	0.01594	0.02647	0.58636	0.03073	0.01477	0.00698	0.00219	0.00431	0.01353	0.00473	0.00591
2	0.00794	0.00578	0.00588	0.00585	0.00763	0.00507	0.00439	0.00980	0.01317	0.01763	0.08751	0.04667	0.53204	0.01258	0.00617	0.00180	0.00288	0.01046	0.21170	0.00507
3	0.02202	0.01219	0.01440	0.01150	0.01572	0.01249	0.00935	0.20746	0.21285	0.38582	0.02088	0.01883	0.01415	0.00733	0.00586	0.00183	0.00522	0.00589	0.00651	0.00971
4	0.37486	0.01599	0.01438	0.01660	0.20049	0.21354	0.01046	0.01860	0.01279	0.02104	0.04540	0.01261	0.00970	0.00582	0.00473	0.00170	0.00660	0.00417	0.00340	0.00711
5	0.00916	0.00681	0.00901	0.20070	0.01582	0.00712	0.00751	0.01170	0.01281	0.01806	0.13145	0.10543	0.20571	0.01033	0.00592	0.00182	0.00410	0.00884	0.22222	0.00550
6	0.00934	0.00505	0.00737	0.00771	0.00779	0.00497	0.00514	0.00771	0.00847	0.01129	0.01560	0.21180	0.01721	0.01970	0.01889	0.62308	0.00463	0.00793	0.00325	0.00308
7	0.00942	0.00790	0.01125	0.01406	0.19670	0.00742	0.00830	0.01200	0.01481	0.02022	0.38508	0.03947	0.22899	0.01096	0.00659	0.00184	0.00384	0.00964	0.00525	0.00627
8	0.00739	0.00529	0.00702	0.00789	0.00850	0.00493	0.00542	0.00886	0.01254	0.01708	0.22347	0.59403	0.04280	0.01655	0.00727	0.00222	0.00321	0.01494	0.00566	0.00493
9	0.23731	0.01782	0.01485	0.01227	0.01623	0.20584	0.00984	0.36919	0.02001	0.02824	0.01116	0.01190	0.00834	0.00631	0.00509	0.00170	0.00692	0.00431	0.00452	0.00815
10	0.01277	0.00662	0.00833	0.00784	0.00911	0.00618	0.00532	0.01362	0.01129	0.21095	0.02299	0.22224	0.02370	0.39231	0.01776	0.00380	0.00489	0.00979	0.00496	0.00551
11	0.00766	0.00546	0.00712	0.00763	0.00835	0.00511	0.00527	0.00927	0.01301	0.01790	0.31845	0.42843	0.04346	0.08399	0.00915	0.00244	0.00332	0.01343	0.00563	0.00492

[dist]
# distance from previous block
# <min> <max>
0	17

[block]
# block no. 3 follows, 40 sequences, length 6
# corresponding to MSA columns:
# 384-389
name=unknown_D
#
# <colnr> <probs for GDERKNQSTAVLIFYWHMCP>
#	G	D	E	R	K	N	Q	S	T	A	V	L	I	F	Y	W	H	M	C	P
0	0.01079	0.00829	0.00905	0.00840	0.01059	0.00818	0.00637	0.19332	0.01622	0.02076	0.04002	0.25132	0.36691	0.01375	0.00676	0.00202	0.00394	0.01169	0.00551	0.00612
1	0.01470	0.00655	0.00746	0.00667	0.00882	0.00621	0.00520	0.01729	0.01332	0.20927	0.01997	0.02120	0.01478	0.00688	0.00452	0.00147	0.00328	0.00553	0.62033	0.00655
2	0.01201	0.01175	0.00923	0.00897	0.00985	0.22013	0.00590	0.01255	0.01102	0.01252	0.01732	0.11901	0.01936	0.48315	0.02017	0.00409	0.00673	0.00809	0.00360	0.00457
3	0.01127	0.00940	0.01085	0.00928	0.01262	0.00860	0.00706	0.01692	0.19815	0.01916	0.01979	0.23277	0.01928	0.00911	0.00559	0.00156	0.00412	0.00790	0.00462	0.39195
4	0.01086	0.00949	0.01319	0.01034	0.01424	0.00772	0.09250	0.01328	0.01200	0.01776	0.01658	0.23076	0.01699	0.00827	0.00548	0.00141	0.00469	0.00751	0.00393	0.50299
5	0.00842	0.00675	0.00802	0.00768	0.00978	0.00562	0.00557	0.00999	0.01193	0.01621	0.03277	0.38745	0.21184	0.01344	0.00641	0.00184	0.00353	0.01179	0.00485	0.23611

[dist]
# distance from previous block
# <min> <max>
24	280

[block]
# block no. 4 follows, 40 sequences, length 32
# corresponding to MSA columns:
# 710-741
name=unknown_E
#
# <colnr> <probs for GDERKNQSTAVLIFYWHMCP>
#	G	D	E	R	K	N	Q	S	T	A	V	L	I	F	Y	W	H	M	C	P
0	0.01681	0.01378	0.02873	0.01312	0.03540	0.03440	0.03931	0.31505	0.20953	0.03924	0.03999	0.01797	0.01379	0.01161	0.10104	0.00271	0.00713	0.00580	0.00511	0.04949
1	0.01334	0.01372	0.09672	0.01191	0.01599	0.02508	0.04045	0.03398	0.40171	0.03420	0.03237	0.03408	0.06738	0.00781	0.00582	0.00180	0.00521	0.02436	0.00496	0.12910
2	0.01804	0.01452	0.05385	0.01323	0.06080	0.02743	0.01046	0.38860	0.02007	0.07173	0.01356	0.01530	0.01040	0.04577	0.03644	0.00205	0.00641	0.00501	0.00479	0.18154
3	0.14510	0.01103	0.04808	0.00985	0.01382	0.00985	0.00828	0.08101	0.04763	0.30610	0.04808	0.08760	0.03544	0.02006	0.00588	0.00181	0.00482	0.00640	0.00551	0.10366
4	0.31869	0.01181	0.01236	0.01145	0.07801	0.01234	0.00820	0.18038	0.01445	0.02477	0.01127	0.01462	0.00949	0.09321	0.00732	0.00201	0.00523	0.00445	0.00400	0.17592
5	0.01191	0.00921	0.01609	0.01247	0.01550	0.00885	0.27519	0.01543	0.01276	0.02055	0.01631	0.01947	0.01266	0.00608	0.00510	0.00158	0.00533	0.00595	0.52326	0.00631
6	0.01307	0.01076	0.01271	0.00965	0.03384	0.00852	0.00746	0.05649	0.01309	0.03990	0.01090	0.01244	0.00886	0.00456	0.00447	0.00096	0.00451	0.00366	0.00367	0.74048
7	0.01106	0.00602	0.00845	0.00811	0.00853	0.00620	0.00561	0.06907	0.00928	0.01242	0.01057	0.01751	0.01020	0.01973	0.04164	0.73901	0.00545	0.00510	0.00282	0.00322
8	0.01354	0.01233	0.01776	0.02208	0.37134	0.01168	0.01249	0.01864	0.12418	0.01979	0.01264	0.01464	0.01028	0.00527	0.00525	0.00144	0.00560	0.00475	0.00355	0.31276
9	0.01129	0.00724	0.00787	0.00660	0.00936	0.00628	0.00511	0.01395	0.01214	0.02067	0.01578	0.01813	0.01258	0.00586	0.00415	0.00117	0.00330	0.00469	0.52344	0.31037
10	0.01699	0.02263	0.48779	0.01427	0.02136	0.01167	0.01671	0.02208	0.01389	0.29353	0.01505	0.01505	0.00996	0.00614	0.00564	0.00183	0.00725	0.00487	0.00421	0.00908
11	0.00852	0.00701	0.01070	0.29377	0.02011	0.00775	0.00937	0.01059	0.01132	0.01485	0.02403	0.50514	0.02712	0.01364	0.00683	0.00221	0.00499	0.01234	0.00436	0.00536
12	0.31811	0.01203	0.01145	0.01029	0.01369	0.01394	0.00813	0.02580	0.47596	0.02498	0.01792	0.01717	0.01352	0.00697	0.00506	0.00191	0.00456	0.00531	0.00506	0.00813
13	0.01944	0.31259	0.02165	0.01312	0.01685	0.49558	0.01076	0.02108	0.01476	0.01403	0.00865	0.01006	0.00748	0.00562	0.00469	0.00140	0.00891	0.00351	0.00281	0.00701
14	0.01450	0.50871	0.02580	0.01191	0.01505	0.02109	0.01097	0.01615	0.01074	0.01380	0.00792	0.01058	0.00753	0.00690	0.00940	0.00172	0.29381	0.00384	0.00251	0.00706
15	0.01529	0.01104	0.01507	0.34332	0.02581	0.01262	0.01207	0.02348	0.28488	0.16785	0.01778	0.01865	0.01277	0.00686	0.00586	0.00192	0.00603	0.00582	0.00474	0.00816
16	0.53306	0.01171	0.01025	0.00919	0.01268	0.01357	0.00737	0.02219	0.28279	0.02544	0.01385	0.01397	0.01053	0.00632	0.00445	0.00186	0.00454	0.00441	0.00445	0.00737
17	0.00955	0.01504	0.28859	0.01202	0.01584	0.00957	0.01252	0.01335	0.01043	0.01532	0.01368	0.01894	0.01189	0.02955	0.48931	0.00657	0.01300	0.00552	0.00287	0.00645
18	0.01335	0.00976	0.01135	0.00956	0.01214	0.01012	0.00754	0.28019	0.02048	0.02824	0.48215	0.03255	0.03826	0.01008	0.00647	0.00180	0.00409	0.00857	0.00619	0.00711
19	0.01292	0.00943	0.01096	0.00985	0.01204	0.00983	0.00751	0.27910	0.01847	0.02504	0.20888	0.31494	0.03207	0.01246	0.00669	0.00200	0.00433	0.01084	0.00581	0.00682
20	0.00836	0.00601	0.00824	0.00824	0.00889	0.00667	0.00589	0.00967	0.00902	0.01268	0.01659	0.02846	0.01698	0.32133	0.49820	0.00798	0.01191	0.00705	0.00327	0.00458
21	0.01968	0.30539	0.02226	0.01211	0.01689	0.01987	0.01065	0.47313	0.02161	0.02817	0.01179	0.01225	0.00899	0.00624	0.00505	0.00156	0.00633	0.00445	0.00459	0.00899
22	0.02220	0.30136	0.01976	0.01020	0.01487	0.01389	0.00907	0.02430	0.01486	0.48652	0.01746	0.01593	0.01183	0.00638	0.00507	0.00159	0.00542	0.00484	0.00546	0.00900
23	0.01026	0.29832	0.01550	0.00872	0.01076	0.01151	0.00702	0.01155	0.01130	0.01430	0.02275	0.47797	0.02644	0.03900	0.00679	0.00206	0.00450	0.01131	0.00426	0.00570
24	0.53346	0.30221	0.01664	0.00850	0.01260	0.01673	0.00765	0.01721	0.01061	0.02151	0.00809	0.00940	0.00673	0.00524	0.00365	0.00159	0.00513	0.00313	0.00319	0.00673
25	0.01968	0.30539	0.02226	0.01211	0.01689	0.01987	0.01065	0.47313	0.02161	0.02817	0.01179	0.01225	0.00899	0.00624	0.00505	0.00156	0.00633	0.00445	0.00459	0.00899
26	0.01108	0.29867	0.01525	0.00767	0.00951	0.01205	0.00590	0.01176	0.00970	0.01216	0.01454	0.02745	0.01609	0.50365	0.02005	0.00402	0.00585	0.00648	0.00314	0.00498
27	0.01098	0.29904	0.01715	0.00957	0.01206	0.01308	0.00826	0.01298	0.01026	0.01357	0.01281	0.01785	0.01193	0.02934	0.48865	0.00635	0.01212	0.00508	0.00288	0.00603
28	0.01009	0.29879	0.01501	0.00750	0.01049	0.01158	0.00651	0.01168	0.01262	0.01492	0.03884	0.07430	0.44548	0.01129	0.00574	0.00172	0.00418	0.00909	0.00432	0.00584
29	0.01335	0.30163	0.01886	0.00911	0.01420	0.01339	0.00802	0.01567	0.01197	0.01700	0.00950	0.01105	0.00819	0.00455	0.00409	0.00100	0.00501	0.00332	0.00309	0.52699
30	0.01165	0.29934	0.01716	0.01043	0.01311	0.01272	0.00958	0.01403	0.01281	0.01603	0.02240	0.04482	0.02386	0.01197	0.00644	0.00215	0.00567	0.45539	0.00430	0.00613
31	0.01086	0.29858	0.01532	0.00795	0.00984	0.01191	0.00619	0.01171	0.01011	0.01272	0.01668	0.14508	0.01879	0.38233	0.01659	0.00350	0.00550	0.00774	0.00343	0.00517

[dist]
# distance from previous block
# <min> <max>
0	2

[block]
# block no. 5 follows, 40 sequences, length 13
# corresponding to MSA columns:
# 746-758
name=unknown_F
#
# <colnr> <probs for GDERKNQSTAVLIFYWHMCP>
#	G	D	E	R	K	N	Q	S	T	A	V	L	I	F	Y	W	H	M	C	P
0	0.00996	0.27493	0.01481	0.00873	0.01064	0.01094	0.00695	0.01126	0.01137	0.01445	0.02391	0.52590	0.02793	0.01372	0.00617	0.00198	0.00434	0.01197	0.00441	0.00565
1	0.01087	0.27531	0.01454	0.00757	0.00926	0.01154	0.00571	0.01150	0.00960	0.01209	0.01484	0.02829	0.01649	0.52692	0.02081	0.00414	0.00584	0.00664	0.00317	0.00486
2	0.00955	0.01394	0.26435	0.00982	0.01274	0.00831	0.00963	0.01184	0.00976	0.01370	0.01564	0.02929	0.01646	0.52711	0.02142	0.00435	0.00664	0.00704	0.00316	0.00525
3	0.01300	0.00965	0.01210	0.01072	0.01298	0.01093	0.00855	0.25834	0.01546	0.02137	0.01503	0.01983	0.01296	0.03116	0.51199	0.00676	0.01246	0.00589	0.00403	0.00679
4	0.00947	0.00535	0.00764	0.00749	0.00795	0.00520	0.00520	0.00873	0.01060	0.01459	0.26370	0.02643	0.02532	0.01738	0.01733	0.54907	0.00427	0.00691	0.00384	0.00353
5	0.01098	0.01034	0.01744	0.78165	0.04005	0.01292	0.01615	0.01486	0.01163	0.01486	0.01034	0.01550	0.00775	0.00581	0.00581	0.00194	0.00775	0.00517	0.00258	0.00646
6	0.00943	0.00858	0.01191	0.01602	0.26326	0.00794	0.00898	0.01157	0.01325	0.01683	0.04261	0.04184	0.50286	0.01148	0.00649	0.00188	0.00429	0.00986	0.00454	0.00637
7	0.00867	0.00639	0.00935	0.00981	0.01095	0.00707	0.00798	0.01095	0.01072	0.01483	0.02075	0.03737	0.02097	0.03425	0.51275	0.00708	0.01210	0.24888	0.00388	0.00525
8	0.01640	0.01048	0.01661	0.45739	0.09140	0.01151	0.01371	0.01969	0.01347	0.26959	0.01467	0.01687	0.01013	0.00623	0.00582	0.00187	0.00673	0.00540	0.00418	0.00786
9	0.02609	0.00990	0.01350	0.01035	0.01484	0.00855	0.00855	0.02834	0.01664	0.76338	0.02294	0.01979	0.01439	0.00720	0.00585	0.00180	0.00495	0.00585	0.00720	0.00990
10	0.02609	0.00990	0.01350	0.01035	0.01484	0.00855	0.00855	0.02834	0.01664	0.76338	0.02294	0.01979	0.01439	0.00720	0.00585	0.00180	0.00495	0.00585	0.00720	0.00990
11	0.00830	0.00725	0.04885	0.00770	0.00952	0.00588	0.00627	0.01116	0.01597	0.02242	0.65767	0.04278	0.11071	0.01178	0.00679	0.00184	0.00308	0.01032	0.00610	0.00561
12	0.01612	0.01019	0.01610	0.51952	0.03148	0.01143	0.01357	0.01944	0.01333	0.26925	0.01462	0.01696	0.01001	0.00628	0.00583	0.00189	0.00680	0.00540	0.00415	0.00763

[dist]
# distance from previous block
# <min> <max>
0	2

[block]
# block no. 6 follows, 40 sequences, length 14
# corresponding to MSA columns:
# 761-765,767-775
name=unknown_G
#
# <colnr> <probs for GDERKNQSTAVLIFYWHMCP>
#	G	D	E	R	K	N	Q	S	T	A	V	L	I	F	Y	W	H	M	C	P
0	0.00943	0.00866	0.01309	0.48937	0.02792	0.00990	0.01173	0.01240	0.01224	0.01518	0.02864	0.03075	0.29004	0.00917	0.00621	0.00195	0.00594	0.00784	0.00364	0.00588
1	0.01936	0.00841	0.01134	0.00920	0.01253	0.00739	0.00739	0.02180	0.01658	0.48455	0.29924	0.02870	0.02964	0.00896	0.00623	0.00181	0.00412	0.00761	0.00690	0.00824
2	0.00868	0.01500	0.29209	0.00992	0.01438	0.00815	0.01085	0.01214	0.01289	0.01673	0.04065	0.03950	0.47456	0.01126	0.00636	0.00192	0.00507	0.00927	0.00429	0.00630
3	0.01714	0.02015	0.01736	0.30536	0.08063	0.43059	0.01357	0.01968	0.01441	0.01482	0.00964	0.01266	0.00772	0.00587	0.00550	0.00168	0.00919	0.00439	0.00283	0.00682
4	0.32380	0.01401	0.02461	0.01816	0.02318	0.01408	0.46247	0.01805	0.01228	0.02144	0.01038	0.01334	0.00787	0.00509	0.00563	0.00190	0.00780	0.00546	0.00319	0.00726
5	0.52601	0.01090	0.00987	0.00801	0.01220	0.01105	0.00652	0.01617	0.01071	0.02340	0.00894	0.01043	0.00717	0.00499	0.00387	0.00145	0.00443	0.00326	0.00354	0.31709
6	0.01510	0.00724	0.00904	0.00785	0.00955	0.00673	0.00542	0.01595	0.01154	0.29464	0.02006	0.03117	0.01860	0.49858	0.02065	0.00419	0.00538	0.00747	0.00491	0.00592
7	0.01090	0.00976	0.01592	0.18723	0.32029	0.01020	0.01279	0.01352	0.01210	0.01653	0.01876	0.30755	0.01991	0.01023	0.00640	0.00201	0.00576	0.00945	0.00376	0.00692
8	0.32426	0.01202	0.01142	0.01026	0.01366	0.01393	0.00811	0.02570	0.47044	0.02499	0.01780	0.01708	0.01344	0.00695	0.00504	0.00191	0.00456	0.00528	0.00504	0.00811
9	0.01315	0.01168	0.01477	0.30188	0.02451	0.01388	0.01182	0.02486	0.47109	0.02076	0.01865	0.01936	0.01398	0.00711	0.00588	0.00196	0.00579	0.00604	0.00466	0.00817
10	0.01715	0.01905	0.02092	0.02789	0.48003	0.29958	0.01536	0.01987	0.01446	0.01720	0.01020	0.01292	0.00856	0.00549	0.00556	0.00164	0.00826	0.00464	0.00292	0.00828
11	0.78481	0.01116	0.00886	0.00782	0.01148	0.01276	0.00644	0.01781	0.01033	0.07330	0.00905	0.01011	0.00682	0.00551	0.00374	0.00180	0.00453	0.00332	0.00383	0.00653
12	0.09371	0.01074	0.01262	0.03076	0.05306	0.01159	0.00978	0.25122	0.03322	0.02505	0.02044	0.03483	0.01938	0.01030	0.00633	0.00210	0.00551	0.28805	0.07405	0.00724
13	0.41392	0.01211	0.01426	0.06539	0.21639	0.01311	0.01053	0.05664	0.01207	0.02303	0.00955	0.01176	0.00764	0.00546	0.00489	0.00171	0.02438	0.00402	0.00342	0.08972

[dist]
# distance from previous block
# <min> <max>
6	14

[block]
# block no. 7 follows, 40 sequences, length 12
# corresponding to MSA columns:
# 790-801
name=unknown_H
#
# <colnr> <probs for GDERKNQSTAVLIFYWHMCP>
#	G	D	E	R	K	N	Q	S	T	A	V	L	I	F	Y	W	H	M	C	P
0	0.01108	0.01096	0.00954	0.00996	0.01118	0.19583	0.00724	0.01259	0.01334	0.01600	0.11703	0.43477	0.03235	0.01418	0.00687	0.00211	0.00525	0.07942	0.00492	0.00538
1	0.01453	0.01467	0.01236	0.01128	0.01413	0.20058	0.00863	0.02370	0.38754	0.02033	0.08487	0.02626	0.13894	0.00886	0.00598	0.00184	0.00564	0.00712	0.00515	0.00759
2	0.00709	0.00506	0.00675	0.00810	0.00843	0.00472	0.00540	0.00810	0.01113	0.01484	0.03205	0.79184	0.03846	0.01822	0.00742	0.00236	0.00337	0.01653	0.00540	0.00472
3	0.01098	0.01034	0.01744	0.78165	0.04005	0.01292	0.01615	0.01486	0.01163	0.01486	0.01034	0.01550	0.00775	0.00581	0.00581	0.00194	0.00775	0.00517	0.00258	0.00646
4	0.00763	0.00610	0.00730	0.00752	0.00915	0.00578	0.00592	0.00944	0.01230	0.01543	0.04365	0.04927	0.45708	0.02212	0.19742	0.00391	0.00647	0.12362	0.00482	0.00505
5	0.01342	0.20823	0.02096	0.01395	0.01518	0.01910	0.01203	0.01484	0.00963	0.01392	0.00775	0.01188	0.00759	0.00888	0.01527	0.00222	0.59138	0.00460	0.00253	0.00664
6	0.01030	0.00924	0.01504	0.58914	0.03225	0.01107	0.01350	0.01389	0.01283	0.01696	0.19579	0.02245	0.01947	0.00732	0.00607	0.00191	0.00651	0.00650	0.00353	0.00622
7	0.63518	0.01091	0.00978	0.00832	0.01214	0.01193	0.00686	0.01989	0.01157	0.20939	0.01179	0.01202	0.00831	0.00585	0.00416	0.00180	0.00461	0.00382	0.00449	0.00719
8	0.01543	0.01434	0.01793	0.42156	0.10215	0.10951	0.01443	0.19647	0.01630	0.02060	0.01113	0.01438	0.00839	0.00606	0.00574	0.00181	0.00768	0.00501	0.00347	0.00762
9	0.28127	0.01094	0.01293	0.03392	0.10751	0.01058	0.00880	0.01969	0.01279	0.23041	0.01324	0.01378	0.00955	0.00562	0.00474	0.00157	0.00497	0.00429	0.00445	0.20896
10	0.06540	0.01190	0.01156	0.01054	0.01309	0.10584	0.00852	0.19754	0.04091	0.02358	0.09068	0.03049	0.02064	0.00994	0.00657	0.02955	0.00552	0.18325	0.12770	0.00678
11	0.14677	0.01441	0.01387	0.01178	0.01475	0.18128	0.05432	0.08495	0.06611	0.08385	0.19735	0.02084	0.02067	0.00788	0.00650	0.00180	0.05489	0.00612	0.00472	0.00713

[dist]
# distance from previous block
# <min> <max>
48	621

# created by:
# /st0/software/busco_prod/Augustus/scripts/msa2prfl.pl ./align_prep/33236.fa
