[name]
unknown

[dist]
# distance from previous block
# <min> <max>
0	5

[block]
# block no. 0 follows, 41 sequences, length 39
# corresponding to MSA columns:
# 508-546
name=unknown_A
#
# <colnr> <probs for GDERKNQSTAVLIFYWHMCP>
#	G	D	E	R	K	N	Q	S	T	A	V	L	I	F	Y	W	H	M	C	P
0	0.01115	0.01384	0.17788	0.16285	0.19410	0.01080	0.01497	0.01504	0.01257	0.01723	0.01766	0.03228	0.01710	0.00919	0.00644	0.00210	0.00675	0.26741	0.00358	0.00704
1	0.01478	0.27463	0.02521	0.02604	0.49035	0.04282	0.01476	0.01760	0.01267	0.01680	0.00977	0.01238	0.00843	0.00506	0.00499	0.00153	0.00669	0.00437	0.00271	0.00841
2	0.02163	0.01240	0.01446	0.01150	0.01569	0.01285	0.00937	0.26188	0.19709	0.35011	0.01986	0.01805	0.01351	0.00717	0.00576	0.00179	0.00525	0.00573	0.00633	0.00957
3	0.00819	0.00637	0.00769	0.00772	0.00864	0.00653	0.00567	0.00934	0.01078	0.01392	0.03255	0.08389	0.26764	0.26812	0.07331	0.00380	0.07153	0.10541	0.00431	0.00458
4	0.01158	0.05140	0.74848	0.01612	0.02447	0.01355	0.02081	0.01809	0.01206	0.01798	0.01020	0.01199	0.00725	0.00542	0.00538	0.00179	0.00839	0.00419	0.00242	0.00842
5	0.01265	0.00955	0.01122	0.01006	0.01246	0.00985	0.02716	0.27711	0.01739	0.02286	0.02945	0.29724	0.16428	0.01274	0.00665	0.00204	0.00463	0.06061	0.00539	0.00666
6	0.01340	0.01498	0.03179	0.02290	0.02841	0.01421	0.67843	0.01885	0.05830	0.01878	0.03232	0.01652	0.01042	0.00518	0.00669	0.00193	0.00915	0.00683	0.00316	0.00773
7	0.01044	0.00806	0.01073	0.21384	0.01767	0.03135	0.00874	0.03472	0.04803	0.05922	0.02270	0.38948	0.02435	0.07142	0.00825	0.00237	0.00511	0.02326	0.00451	0.00574
8	0.01521	0.01275	0.02544	0.01876	0.02353	0.01182	0.47448	0.01908	0.01415	0.17479	0.06345	0.05245	0.01515	0.00683	0.00662	0.00194	0.00772	0.04388	0.00420	0.00774
9	0.00810	0.00585	0.00765	0.00720	0.00855	0.00540	0.00540	0.01079	0.01619	0.02294	0.76028	0.04273	0.05397	0.01169	0.00675	0.00180	0.00270	0.01034	0.00630	0.00540
10	0.01080	0.01017	0.01716	0.78523	0.03940	0.01271	0.01589	0.01461	0.01144	0.01461	0.01017	0.01525	0.00762	0.00572	0.00572	0.00191	0.00762	0.00508	0.00254	0.00635
11	0.01675	0.01963	0.02320	0.08321	0.02401	0.32730	0.29359	0.04810	0.01459	0.01657	0.01009	0.01301	0.00800	0.00583	0.00693	0.00178	0.07218	0.00515	0.00297	0.00712
12	0.01874	0.02227	0.01877	0.02217	0.28964	0.49793	0.01342	0.02091	0.01505	0.01571	0.00954	0.01172	0.00799	0.00560	0.00534	0.00156	0.00903	0.00420	0.00290	0.00752
13	0.02009	0.00816	0.01053	0.00856	0.01185	0.00736	0.00692	0.02245	0.01466	0.49487	0.02101	0.02019	0.01433	0.00836	0.03554	0.00192	0.00456	0.00563	0.27489	0.00812
14	0.01204	0.09458	0.41180	0.18320	0.07650	0.01391	0.01737	0.01797	0.06452	0.01746	0.01121	0.01354	0.00838	0.00562	0.00534	0.00177	0.00751	0.00455	0.02484	0.00789
15	0.01249	0.10095	0.40332	0.01821	0.02512	0.01440	0.28263	0.01786	0.01268	0.01788	0.03394	0.01397	0.00924	0.00535	0.00578	0.00179	0.00847	0.00522	0.00271	0.00798
16	0.00803	0.00609	0.00834	0.00869	0.00949	0.00652	0.00642	0.00996	0.02741	0.01525	0.10670	0.32649	0.05095	0.04603	0.27260	0.00471	0.04576	0.03103	0.00447	0.00506
17	0.01347	0.01635	0.13304	0.11070	0.13092	0.01374	0.42969	0.01814	0.01311	0.04702	0.01154	0.01492	0.00862	0.00514	0.00626	0.00187	0.00867	0.00594	0.00294	0.00793
18	0.01878	0.02012	0.01950	0.02129	0.25214	0.34604	0.05046	0.16549	0.01721	0.02011	0.01056	0.01247	0.00844	0.00578	0.00551	0.00162	0.00837	0.00458	0.00346	0.00807
19	0.02124	0.01501	0.01632	0.01271	0.01712	0.01647	0.01043	0.59518	0.11007	0.10234	0.01566	0.01515	0.01103	0.00699	0.00574	0.00175	0.00596	0.00536	0.00586	0.00965
20	0.00749	0.00573	0.00692	0.00717	0.00853	0.00516	0.00538	0.00938	0.01368	0.01791	0.28020	0.19627	0.31313	0.01438	0.00698	0.00204	0.00316	0.08584	0.00563	0.00502
21	0.01616	0.01716	0.02161	0.02905	0.53324	0.20585	0.03774	0.03832	0.01421	0.01796	0.01038	0.01322	0.00864	0.00534	0.00557	0.00165	0.00776	0.00479	0.00294	0.00843
22	0.01404	0.48567	0.30876	0.01241	0.01858	0.04328	0.01411	0.01768	0.01194	0.01523	0.00885	0.01031	0.00731	0.00513	0.00438	0.00145	0.00713	0.00352	0.00245	0.00774
23	0.00697	0.00498	0.00664	0.00796	0.00830	0.00465	0.00531	0.00796	0.01095	0.01460	0.03153	0.79525	0.03783	0.01792	0.00730	0.00232	0.00332	0.01626	0.00531	0.00465
24	0.00808	0.00602	0.00891	0.00901	0.00995	0.00691	0.00690	0.00999	0.00930	0.01331	0.01663	0.08136	0.01628	0.06395	0.69549	0.00856	0.01412	0.00696	0.00325	0.00502
25	0.01953	0.18656	0.09376	0.01264	0.01761	0.04156	0.01153	0.45713	0.02128	0.06613	0.01245	0.01278	0.00912	0.00628	0.00524	0.00161	0.00652	0.00459	0.00467	0.00899
26	0.00994	0.00497	0.00745	0.00745	0.00745	0.00497	0.00497	0.00745	0.00745	0.00994	0.00994	0.01739	0.00994	0.01987	0.02235	0.83358	0.00497	0.00497	0.00248	0.00248
27	0.01167	0.02826	0.70558	0.01654	0.02468	0.01338	0.05761	0.01855	0.03776	0.01833	0.01078	0.01257	0.00767	0.00548	0.00551	0.00182	0.00838	0.00443	0.00256	0.00844
28	0.01393	0.05679	0.16147	0.09519	0.29087	0.01383	0.20328	0.01817	0.01295	0.06200	0.01138	0.01426	0.00871	0.00525	0.00581	0.00178	0.00776	0.00530	0.00298	0.00831
29	0.01329	0.28978	0.29047	0.04761	0.02326	0.01678	0.20808	0.01769	0.01227	0.01643	0.00981	0.01210	0.00767	0.00510	0.00519	0.00164	0.00793	0.00453	0.00256	0.00779
30	0.00748	0.00603	0.00679	0.00718	0.00893	0.00534	0.00577	0.00927	0.01308	0.01594	0.04986	0.05782	0.54825	0.01487	0.00709	0.00214	0.00359	0.22032	0.00530	0.00496
31	0.01416	0.01359	0.02322	0.03511	0.76330	0.01359	0.01755	0.01755	0.01302	0.01869	0.01076	0.01416	0.00906	0.00510	0.00566	0.00170	0.00680	0.00510	0.00283	0.00906
32	0.01964	0.14731	0.01978	0.01559	0.11878	0.09977	0.03632	0.27138	0.04879	0.14707	0.01359	0.01397	0.00999	0.00619	0.00535	0.00163	0.00658	0.00484	0.00460	0.00880
33	0.01610	0.01287	0.03837	0.02678	0.50051	0.01231	0.03010	0.02025	0.06575	0.16614	0.04349	0.01681	0.01237	0.00594	0.00575	0.00174	0.00620	0.00554	0.00400	0.00900
34	0.01364	0.05268	0.53921	0.01538	0.02224	0.15188	0.01783	0.02007	0.08103	0.01775	0.01113	0.01252	0.00821	0.00571	0.00536	0.00174	0.00835	0.00430	0.00283	0.00814
35	0.01584	0.01363	0.03188	0.04391	0.35982	0.01392	0.04996	0.21155	0.06789	0.04521	0.01448	0.05164	0.01211	0.00682	0.00591	0.00181	0.00642	0.03432	0.00413	0.00876
36	0.03875	0.01709	0.25501	0.01553	0.08758	0.01157	0.06879	0.02308	0.08724	0.31229	0.01646	0.01626	0.01121	0.00623	0.00567	0.00181	0.00650	0.00529	0.00468	0.00896
37	0.00928	0.00752	0.01125	0.05975	0.16054	0.00748	0.00941	0.01146	0.01232	0.01645	0.05112	0.31732	0.07451	0.01365	0.00700	0.00222	0.00477	0.21346	0.00468	0.00583
38	0.04756	0.01165	0.01995	0.01923	0.18232	0.01154	0.20579	0.01838	0.03053	0.17172	0.06260	0.10319	0.01595	0.00768	0.00710	0.00192	0.06362	0.00718	0.00428	0.00781

[dist]
# distance from previous block
# <min> <max>
5	18

[block]
# block no. 1 follows, 41 sequences, length 12
# corresponding to MSA columns:
# 565-576
name=unknown_B
#
# <colnr> <probs for GDERKNQSTAVLIFYWHMCP>
#	G	D	E	R	K	N	Q	S	T	A	V	L	I	F	Y	W	H	M	C	P
0	0.01432	0.01361	0.04591	0.01692	0.19530	0.09749	0.01115	0.04664	0.22500	0.05842	0.04022	0.05674	0.08009	0.00820	0.00592	0.00183	0.00576	0.04395	0.00455	0.02798
1	0.01507	0.11922	0.03116	0.01254	0.05315	0.21124	0.00951	0.06742	0.08259	0.05513	0.01843	0.21801	0.01837	0.00974	0.00585	0.00183	0.00632	0.05324	0.00428	0.00688
2	0.01083	0.00815	0.01021	0.00884	0.01165	0.00713	0.02163	0.04966	0.02969	0.05416	0.13162	0.24296	0.05375	0.01051	0.00598	0.00167	0.00400	0.04296	0.00486	0.28975
3	0.01243	0.01021	0.01306	0.00947	0.01433	0.00796	0.05355	0.01511	0.01247	0.05675	0.05812	0.01442	0.01164	0.00489	0.00463	0.00102	0.00451	0.00416	0.00373	0.68756
4	0.00830	0.00638	0.00781	0.00707	0.00901	0.00556	0.00536	0.01073	0.01501	0.02088	0.52356	0.04131	0.19095	0.01131	0.00643	0.00171	0.00293	0.00981	0.00573	0.11014
5	0.01080	0.01017	0.01716	0.78523	0.03940	0.01271	0.01589	0.01461	0.01144	0.01461	0.01017	0.01525	0.00762	0.00572	0.00572	0.00191	0.00762	0.00508	0.00254	0.00635
6	0.02174	0.01602	0.01717	0.01316	0.01774	0.01774	0.01087	0.74423	0.02689	0.03605	0.01373	0.01373	0.00973	0.00687	0.00572	0.00172	0.00629	0.00515	0.00572	0.00973
7	0.01290	0.18303	0.01981	0.01360	0.01471	0.01812	0.01166	0.01432	0.00940	0.01368	0.00798	0.01227	0.00780	0.01050	0.05214	0.00255	0.58191	0.00464	0.00252	0.00644
8	0.08291	0.00911	0.04032	0.00824	0.01045	0.05540	0.00662	0.01359	0.05650	0.04752	0.40629	0.06341	0.15642	0.01080	0.00624	0.00182	0.00381	0.00914	0.00549	0.00592
9	0.01285	0.01415	0.09883	0.05393	0.27277	0.01265	0.13945	0.04428	0.13259	0.01934	0.01812	0.06685	0.07399	0.00717	0.00605	0.00186	0.00658	0.00678	0.00373	0.00805
10	0.01806	0.07899	0.08554	0.04502	0.26628	0.01317	0.01322	0.11175	0.03323	0.23311	0.01448	0.01516	0.01043	0.00596	0.00548	0.00168	0.00617	0.00503	0.00441	0.03284
11	0.03172	0.07044	0.23518	0.01423	0.05389	0.01162	0.08025	0.03695	0.06913	0.05054	0.01900	0.09322	0.04296	0.00887	0.00608	0.00195	0.00638	0.13598	0.00396	0.02766

[dist]
# distance from previous block
# <min> <max>
7	38

[block]
# block no. 2 follows, 41 sequences, length 8
# corresponding to MSA columns:
# 615-622
name=unknown_C
#
# <colnr> <probs for GDERKNQSTAVLIFYWHMCP>
#	G	D	E	R	K	N	Q	S	T	A	V	L	I	F	Y	W	H	M	C	P
0	0.06274	0.01104	0.04018	0.01051	0.01367	0.01100	0.00846	0.10960	0.26495	0.14331	0.02215	0.20782	0.01959	0.00966	0.00595	0.00192	0.00463	0.00819	0.00554	0.03908
1	0.01406	0.01125	0.01323	0.05490	0.01547	0.01109	0.00857	0.22320	0.04036	0.02410	0.14493	0.01842	0.01712	0.00678	0.00592	0.00144	0.04109	0.00540	0.00456	0.33812
2	0.03938	0.01424	0.14712	0.01172	0.01600	0.01191	0.01077	0.07116	0.30010	0.19134	0.06303	0.04429	0.01726	0.00783	0.00582	0.00188	0.00529	0.02683	0.00542	0.00861
3	0.01147	0.02959	0.76934	0.01630	0.02476	0.01328	0.02113	0.01811	0.01208	0.01811	0.01026	0.01208	0.00725	0.00543	0.00543	0.00181	0.00845	0.00423	0.00242	0.00845
4	0.01544	0.01602	0.02197	0.03148	0.63065	0.14923	0.01640	0.01849	0.01359	0.01785	0.01042	0.01347	0.00876	0.00524	0.00557	0.00166	0.00742	0.00485	0.00285	0.00863
5	0.01421	0.01381	0.02508	0.10583	0.08257	0.01394	0.38581	0.14660	0.04151	0.02123	0.03688	0.05960	0.01214	0.00636	0.00637	0.00189	0.00785	0.00679	0.00370	0.00783
6	0.01332	0.52097	0.15969	0.01050	0.01541	0.01788	0.01106	0.01618	0.01252	0.01599	0.14221	0.01567	0.01562	0.00620	0.00454	0.00143	0.00593	0.00457	0.00313	0.00720
7	0.01444	0.01426	0.09446	0.01486	0.05920	0.05062	0.13390	0.14678	0.08845	0.06407	0.01833	0.13890	0.04241	0.03639	0.00722	0.00200	0.02495	0.00745	0.00437	0.03694

[dist]
# distance from previous block
# <min> <max>
0	7

[block]
# block no. 3 follows, 41 sequences, length 108
# corresponding to MSA columns:
# 633-653,667-733,736-755
name=unknown_D
#
# <colnr> <probs for GDERKNQSTAVLIFYWHMCP>
#	G	D	E	R	K	N	Q	S	T	A	V	L	I	F	Y	W	H	M	C	P
0	0.01859	0.01476	0.13561	0.02012	0.28412	0.03314	0.01368	0.02192	0.01430	0.32733	0.01547	0.01581	0.01080	0.00595	0.00559	0.00170	0.00625	0.00512	0.00455	0.04519
1	0.01213	0.01551	0.15905	0.06588	0.20953	0.01247	0.23872	0.01655	0.03408	0.01769	0.01515	0.11343	0.03404	0.00716	0.00645	0.00191	0.02229	0.00708	0.00322	0.00765
2	0.01175	0.01161	0.02216	0.04160	0.17199	0.01121	0.31759	0.01530	0.01311	0.01776	0.03991	0.09858	0.03910	0.00880	0.00679	0.00206	0.00715	0.15277	0.00374	0.00702
3	0.01005	0.00907	0.01266	0.09212	0.01456	0.01141	0.00964	0.01145	0.01011	0.01415	0.02003	0.20234	0.09631	0.03481	0.02708	0.02671	0.35531	0.03309	0.00359	0.00550
4	0.01783	0.04576	0.02037	0.02617	0.49542	0.01234	0.01434	0.02079	0.01402	0.25462	0.01437	0.01562	0.01060	0.00571	0.00561	0.00170	0.00616	0.00522	0.00416	0.00920
5	0.01433	0.19263	0.11877	0.04408	0.36376	0.05893	0.09383	0.01784	0.01278	0.01704	0.01003	0.01273	0.00827	0.00513	0.00528	0.00162	0.00738	0.00463	0.00270	0.00825
6	0.02566	0.00973	0.01327	0.01018	0.01460	0.00841	0.00841	0.02788	0.01637	0.76726	0.02257	0.01947	0.01416	0.00708	0.00575	0.00177	0.00487	0.00575	0.00708	0.00973
7	0.01783	0.02809	0.28568	0.01530	0.02021	0.50312	0.01466	0.02115	0.01473	0.01547	0.00935	0.01095	0.00732	0.00573	0.00526	0.00159	0.00965	0.00388	0.00276	0.00728
8	0.01179	0.31795	0.21369	0.07098	0.01755	0.01459	0.01202	0.01505	0.01231	0.01583	0.06098	0.02310	0.13562	0.00770	0.00522	0.00166	0.00606	0.04770	0.00330	0.00691
9	0.00706	0.00557	0.00624	0.00661	0.00790	0.00490	0.00471	0.00836	0.01226	0.01531	0.08420	0.26054	0.44764	0.07630	0.00867	0.00233	0.00326	0.02820	0.00522	0.00471
10	0.01416	0.01359	0.02322	0.03511	0.76330	0.01359	0.01755	0.01755	0.01302	0.01869	0.01076	0.01416	0.00906	0.00510	0.00566	0.00170	0.00680	0.00510	0.00283	0.00906
11	0.01409	0.50465	0.29414	0.01225	0.01837	0.03995	0.01388	0.01764	0.01191	0.01514	0.00880	0.01024	0.00731	0.00511	0.00434	0.00144	0.00707	0.00349	0.00245	0.00772
12	0.01122	0.01053	0.01733	0.63146	0.12742	0.01260	0.01540	0.01542	0.04307	0.01555	0.01249	0.01678	0.03489	0.00604	0.00575	0.00188	0.00722	0.00539	0.00281	0.00675
13	0.79934	0.01100	0.00865	0.00765	0.01124	0.01261	0.00630	0.01736	0.01006	0.06216	0.00868	0.00979	0.00659	0.00540	0.00365	0.00177	0.00445	0.00323	0.00371	0.00637
14	0.02137	0.02726	0.01621	0.01474	0.01768	0.77602	0.01105	0.02284	0.01621	0.01400	0.00884	0.01031	0.00737	0.00589	0.00516	0.00147	0.01031	0.00368	0.00295	0.00663
15	0.01631	0.01548	0.01951	0.02479	0.41462	0.11111	0.01413	0.13764	0.14806	0.02183	0.01324	0.01489	0.01046	0.00596	0.00564	0.00172	0.00676	0.00517	0.00385	0.00886
16	0.01039	0.00977	0.01807	0.01452	0.01706	0.01017	0.27015	0.01316	0.01080	0.01522	0.01466	0.06396	0.01369	0.08707	0.32357	0.00524	0.06510	0.00700	0.02445	0.00596
17	0.00901	0.00566	0.00682	0.00653	0.00787	0.00537	0.00490	0.01170	0.01469	0.02236	0.49493	0.03507	0.03991	0.00989	0.00576	0.00163	0.00269	0.00855	0.30128	0.00537
18	0.01416	0.01359	0.02322	0.03511	0.76330	0.01359	0.01755	0.01755	0.01302	0.01869	0.01076	0.01416	0.00906	0.00510	0.00566	0.00170	0.00680	0.00510	0.00283	0.00906
19	0.00895	0.00801	0.01429	0.01296	0.03305	0.00753	0.20025	0.01109	0.01183	0.01591	0.03992	0.53642	0.02960	0.01397	0.00712	0.00220	0.00511	0.03155	0.00463	0.00560
20	0.56543	0.01157	0.03209	0.00877	0.01273	0.01204	0.00745	0.06314	0.01247	0.20936	0.01198	0.01215	0.00840	0.00584	0.00427	0.00177	0.00476	0.00391	0.00451	0.00735
21	0.01561	0.12187	0.36858	0.01568	0.04104	0.28737	0.03696	0.01968	0.01357	0.01610	0.00953	0.01125	0.00739	0.00551	0.00517	0.00162	0.00883	0.00399	0.00263	0.00766
22	0.00817	0.00613	0.00919	0.00919	0.01021	0.00715	0.00715	0.01021	0.00919	0.01328	0.01532	0.02247	0.01430	0.04290	0.77631	0.00919	0.01532	0.00613	0.00306	0.00511
23	0.01259	0.19533	0.26615	0.01636	0.02225	0.01477	0.25022	0.01691	0.01237	0.01685	0.01236	0.07478	0.01083	0.00633	0.00565	0.00175	0.00772	0.02510	0.00290	0.02878
24	0.01269	0.05509	0.21226	0.15528	0.23631	0.01319	0.01581	0.07253	0.01326	0.01841	0.01311	0.07289	0.01166	0.00706	0.00609	0.00186	0.02659	0.04492	0.00318	0.00780
25	0.02566	0.00973	0.01327	0.01018	0.01460	0.00841	0.00841	0.02788	0.01637	0.76726	0.02257	0.01947	0.01416	0.00708	0.00575	0.00177	0.00487	0.00575	0.00708	0.00973
26	0.00685	0.00580	0.00591	0.00588	0.00778	0.00486	0.00441	0.00837	0.01324	0.01593	0.10270	0.05426	0.71593	0.01431	0.00676	0.00192	0.00288	0.01196	0.00537	0.00486
27	0.01185	0.14309	0.46701	0.01348	0.01971	0.05233	0.01583	0.01664	0.01255	0.01736	0.09350	0.01696	0.03952	0.00837	0.04634	0.00210	0.00773	0.00507	0.00301	0.00755
28	0.01612	0.01098	0.11232	0.01066	0.01413	0.00820	0.02881	0.01933	0.05477	0.33647	0.02387	0.29605	0.02174	0.01072	0.00629	0.00199	0.00490	0.00938	0.00564	0.00765
29	0.00817	0.00613	0.00919	0.00919	0.01021	0.00715	0.00715	0.01021	0.00919	0.01328	0.01532	0.02247	0.01430	0.04290	0.77631	0.00919	0.01532	0.00613	0.00306	0.00511
30	0.01662	0.01381	0.01426	0.01217	0.01579	0.03733	0.00964	0.23814	0.52009	0.02717	0.02008	0.01880	0.01492	0.00745	0.00577	0.00186	0.00521	0.00600	0.00571	0.00918
31	0.01483	0.01831	0.20243	0.01979	0.10861	0.05269	0.26325	0.04187	0.11970	0.08043	0.01366	0.01535	0.01005	0.00572	0.00598	0.00183	0.00785	0.00563	0.00362	0.00840
32	0.02566	0.00973	0.01327	0.01018	0.01460	0.00841	0.00841	0.02788	0.01637	0.76726	0.02257	0.01947	0.01416	0.00708	0.00575	0.00177	0.00487	0.00575	0.00708	0.00973
33	0.00687	0.00580	0.00595	0.00591	0.00780	0.00488	0.00444	0.00843	0.01331	0.01609	0.11804	0.05399	0.70048	0.01425	0.00676	0.00192	0.00288	0.01192	0.00540	0.00488
34	0.05982	0.15227	0.41378	0.01495	0.05696	0.10377	0.01596	0.01929	0.01279	0.08468	0.01072	0.01201	0.00793	0.00552	0.00505	0.00166	0.00767	0.00409	0.00298	0.00808
35	0.01061	0.00820	0.00957	0.00906	0.01105	0.00862	0.00695	0.01730	0.25652	0.04766	0.25729	0.13234	0.12243	0.01153	0.00686	0.00199	0.02477	0.04489	0.00577	0.00661
36	0.00819	0.00604	0.00874	0.00874	0.00961	0.00691	0.00659	0.00992	0.00906	0.01294	0.01573	0.02475	0.01529	0.15815	0.66241	0.00864	0.01383	0.00646	0.00313	0.00486
37	0.18363	0.01124	0.01214	0.00928	0.01383	0.01050	0.00753	0.12491	0.04040	0.10813	0.01212	0.01282	0.00916	0.00529	0.00454	0.00131	0.00466	0.00397	0.00427	0.42027
38	0.05553	0.14966	0.16165	0.01312	0.01698	0.05767	0.05199	0.01778	0.01183	0.12857	0.01185	0.03017	0.00963	0.01001	0.07282	0.00248	0.18266	0.00490	0.00337	0.00735
39	0.01663	0.52337	0.02420	0.01083	0.01490	0.23230	0.00969	0.01843	0.01294	0.01422	0.00903	0.01044	0.00792	0.00531	0.00411	0.00130	0.00702	0.00341	0.06696	0.00699
40	0.01930	0.00993	0.01262	0.00939	0.01412	0.00805	0.00766	0.02167	0.01429	0.42240	0.01685	0.01596	0.01154	0.00577	0.00505	0.00134	0.00458	0.00466	0.00538	0.38942
41	0.01202	0.00722	0.00851	0.00759	0.01006	0.00652	0.00590	0.01508	0.07205	0.19144	0.21190	0.04132	0.36486	0.01160	0.00645	0.00186	0.00343	0.00977	0.00599	0.00642
42	0.00819	0.00605	0.00877	0.00877	0.00965	0.00692	0.00662	0.00994	0.00907	0.01297	0.01571	0.02461	0.01523	0.15095	0.66953	0.00867	0.01392	0.00644	0.00312	0.00487
43	0.00853	0.00642	0.00893	0.00875	0.00940	0.00743	0.00646	0.00992	0.00891	0.01268	0.01555	0.02611	0.01570	0.26060	0.50447	0.00765	0.06797	0.00669	0.00314	0.00471
44	0.01415	0.01084	0.01139	0.00962	0.01275	0.01149	0.00766	0.29523	0.14937	0.02534	0.03167	0.03050	0.28083	0.00974	0.00597	0.00180	0.00447	0.00788	0.07180	0.00750
45	0.02137	0.02726	0.01621	0.01474	0.01768	0.77602	0.01105	0.02284	0.01621	0.01400	0.00884	0.01031	0.00737	0.00589	0.00516	0.00147	0.01031	0.00368	0.00295	0.00663
46	0.01080	0.01017	0.01716	0.78523	0.03940	0.01271	0.01589	0.01461	0.01144	0.01461	0.01017	0.01525	0.00762	0.00572	0.00572	0.00191	0.00762	0.00508	0.00254	0.00635
47	0.02566	0.00973	0.01327	0.01018	0.01460	0.00841	0.00841	0.02788	0.01637	0.76726	0.02257	0.01947	0.01416	0.00708	0.00575	0.00177	0.00487	0.00575	0.00708	0.00973
48	0.00697	0.00498	0.00664	0.00796	0.00830	0.00465	0.00531	0.00796	0.01095	0.01460	0.03153	0.79525	0.03783	0.01792	0.00730	0.00232	0.00332	0.01626	0.00531	0.00465
49	0.01066	0.00533	0.00533	0.00533	0.00666	0.00533	0.00400	0.01333	0.01200	0.02132	0.01866	0.02132	0.01466	0.00666	0.00400	0.00133	0.00267	0.00533	0.83073	0.00533
50	0.00872	0.00691	0.00966	0.00947	0.01038	0.02179	0.00731	0.01054	0.00922	0.01316	0.01488	0.02271	0.01420	0.09760	0.65361	0.00832	0.06723	0.00617	0.00305	0.00509
51	0.00775	0.00563	0.00748	0.00868	0.00951	0.00536	0.00662	0.00938	0.01194	0.01558	0.03362	0.46275	0.10549	0.01683	0.00746	0.00240	0.00398	0.26937	0.00529	0.00489
52	0.01667	0.01841	0.02058	0.04338	0.48151	0.28636	0.01519	0.01938	0.01413	0.01693	0.01006	0.01280	0.00842	0.00539	0.00548	0.00162	0.00807	0.00459	0.00287	0.00813
53	0.00947	0.00883	0.01604	0.01429	0.05047	0.00828	0.23867	0.01190	0.01213	0.01616	0.02625	0.41690	0.08323	0.01281	0.00704	0.00216	0.00555	0.04954	0.00443	0.00587
54	0.01228	0.19233	0.61365	0.01493	0.02263	0.01525	0.01874	0.01791	0.01198	0.01713	0.00978	0.01147	0.00727	0.00532	0.00506	0.00169	0.00796	0.00398	0.00242	0.00822
55	0.01121	0.02999	0.01710	0.44779	0.05636	0.01176	0.08869	0.05493	0.01247	0.01636	0.01503	0.13128	0.02907	0.03071	0.00668	0.00203	0.00681	0.00710	0.01821	0.00642
56	0.00833	0.00602	0.00812	0.00806	0.00863	0.00669	0.00570	0.00949	0.00881	0.01236	0.01630	0.02860	0.01691	0.36270	0.44356	0.00751	0.02753	0.00703	0.00322	0.00444
57	0.01592	0.53604	0.12027	0.01132	0.01623	0.11795	0.01128	0.01834	0.01254	0.05140	0.02339	0.01089	0.00856	0.00542	0.00451	0.00139	0.02069	0.00359	0.00281	0.00745
58	0.01340	0.26413	0.27717	0.02937	0.01839	0.07657	0.02656	0.05014	0.01282	0.01665	0.01270	0.09711	0.01176	0.00718	0.00543	0.00169	0.02222	0.03086	0.01852	0.00734
59	0.01066	0.00533	0.00533	0.00533	0.00666	0.00533	0.00400	0.01333	0.01200	0.02132	0.01866	0.02132	0.01466	0.00666	0.00400	0.00133	0.00267	0.00533	0.83073	0.00533
60	0.00782	0.00577	0.00703	0.00727	0.00852	0.00527	0.00524	0.00993	0.03368	0.03148	0.27665	0.31429	0.23701	0.01448	0.00690	0.00203	0.00306	0.01274	0.00568	0.00515
61	0.01493	0.14036	0.50542	0.01409	0.02119	0.01368	0.01685	0.01996	0.01288	0.17010	0.01243	0.01315	0.00867	0.00569	0.00524	0.00172	0.00738	0.00436	0.00337	0.00855
62	0.01529	0.80242	0.02997	0.00979	0.01468	0.02263	0.00979	0.01713	0.01162	0.01346	0.00795	0.00918	0.00734	0.00489	0.00367	0.00122	0.00612	0.00306	0.00245	0.00734
63	0.01066	0.00533	0.00533	0.00533	0.00666	0.00533	0.00400	0.01333	0.01200	0.02132	0.01866	0.02132	0.01466	0.00666	0.00400	0.00133	0.00267	0.00533	0.83073	0.00533
64	0.01539	0.20886	0.32478	0.05764	0.02108	0.09707	0.01507	0.15990	0.01526	0.01988	0.01024	0.01171	0.00779	0.00565	0.00506	0.00162	0.00763	0.00412	0.00313	0.00813
65	0.03377	0.01037	0.01401	0.09552	0.01713	0.01096	0.02903	0.02292	0.14498	0.35349	0.07208	0.02082	0.03642	0.00785	0.00744	0.00192	0.10134	0.00619	0.00552	0.00825
66	0.02542	0.01013	0.01352	0.01036	0.01480	0.00899	0.00856	0.07250	0.01703	0.72171	0.02202	0.01911	0.01388	0.00707	0.00575	0.00177	0.00496	0.00571	0.00699	0.00973
67	0.00719	0.00611	0.00624	0.00624	0.00816	0.00534	0.00466	0.00944	0.05429	0.01588	0.05452	0.09474	0.67878	0.01430	0.00674	0.00195	0.00301	0.01199	0.00534	0.00505
68	0.12264	0.06013	0.23989	0.03241	0.03807	0.01269	0.02794	0.10845	0.01499	0.26696	0.01434	0.01440	0.00977	0.00609	0.00528	0.00175	0.00634	0.00473	0.00451	0.00863
69	0.00950	0.00821	0.01242	0.01729	0.27833	0.00788	0.00952	0.01144	0.01207	0.01622	0.02881	0.38357	0.15670	0.01272	0.00662	0.00203	0.00449	0.01152	0.00442	0.00626
70	0.01550	0.77594	0.02950	0.00996	0.01478	0.04837	0.00983	0.01732	0.01178	0.01348	0.00798	0.00921	0.00734	0.00493	0.00372	0.00123	0.00626	0.00308	0.00246	0.00732
71	0.01526	0.01481	0.01718	0.03910	0.27257	0.13837	0.01186	0.09538	0.01459	0.01965	0.01053	0.01268	0.00860	0.00513	0.00508	0.00136	0.00643	0.00426	0.00335	0.30380
72	0.01074	0.00954	0.01148	0.01343	0.12090	0.08897	0.02948	0.01333	0.06302	0.03626	0.02469	0.50081	0.02750	0.01340	0.00667	0.00209	0.00488	0.01206	0.00471	0.00603
73	0.01323	0.00689	0.00845	0.00769	0.00965	0.00703	0.00603	0.05255	0.01276	0.15401	0.01817	0.02092	0.01422	0.01690	0.22071	0.00363	0.00679	0.00562	0.40846	0.00629
74	0.00811	0.00590	0.00721	0.00688	0.00845	0.00528	0.00516	0.01038	0.01511	0.03918	0.51367	0.06836	0.26006	0.01258	0.00674	0.00185	0.00283	0.01091	0.00600	0.00532
75	0.01416	0.01359	0.02322	0.03511	0.76330	0.01359	0.01755	0.01755	0.01302	0.01869	0.01076	0.01416	0.00906	0.00510	0.00566	0.00170	0.00680	0.00510	0.00283	0.00906
76	0.06571	0.00980	0.01303	0.01005	0.01443	0.00862	0.00830	0.02733	0.01604	0.73077	0.02185	0.01897	0.01377	0.00699	0.00564	0.00177	0.00485	0.00562	0.00691	0.00956
77	0.00817	0.00613	0.00919	0.00919	0.01021	0.00715	0.00715	0.01021	0.00919	0.01328	0.01532	0.02247	0.01430	0.04290	0.77631	0.00919	0.01532	0.00613	0.00306	0.00511
78	0.00817	0.00613	0.00919	0.00919	0.01021	0.00715	0.00715	0.01021	0.00919	0.01328	0.01532	0.02247	0.01430	0.04290	0.77631	0.00919	0.01532	0.00613	0.00306	0.00511
79	0.01080	0.01017	0.01716	0.78523	0.03940	0.01271	0.01589	0.01461	0.01144	0.01461	0.01017	0.01525	0.00762	0.00572	0.00572	0.00191	0.00762	0.00508	0.00254	0.00635
80	0.01080	0.01017	0.01716	0.78523	0.03940	0.01271	0.01589	0.01461	0.01144	0.01461	0.01017	0.01525	0.00762	0.00572	0.00572	0.00191	0.00762	0.00508	0.00254	0.00635
81	0.00922	0.00658	0.00922	0.01053	0.01185	0.00658	0.00922	0.01185	0.01317	0.01712	0.03029	0.06452	0.03292	0.01580	0.00790	0.00263	0.00527	0.72480	0.00527	0.00527
82	0.01380	0.01494	0.03113	0.02250	0.02792	0.01422	0.64927	0.07050	0.01439	0.01947	0.01279	0.03917	0.01022	0.00563	0.00672	0.00194	0.00910	0.02535	0.00323	0.00771
83	0.02566	0.00973	0.01327	0.01018	0.01460	0.00841	0.00841	0.02788	0.01637	0.76726	0.02257	0.01947	0.01416	0.00708	0.00575	0.00177	0.00487	0.00575	0.00708	0.00973
84	0.01601	0.01861	0.01371	0.01268	0.01470	0.44587	0.00965	0.01761	0.01313	0.01366	0.01114	0.01527	0.01005	0.04214	0.25962	0.00420	0.06825	0.00472	0.00297	0.00601
85	0.01147	0.02959	0.76934	0.01630	0.02476	0.01328	0.02113	0.01811	0.01208	0.01811	0.01026	0.01208	0.00725	0.00543	0.00543	0.00181	0.00845	0.00423	0.00242	0.00845
86	0.01660	0.01283	0.01603	0.28869	0.02442	0.01469	0.01203	0.40675	0.01973	0.02663	0.01288	0.01510	0.00948	0.00740	0.02611	0.00195	0.00673	0.00517	0.06871	0.00806
87	0.00710	0.00512	0.00691	0.02437	0.00903	0.00486	0.00562	0.00819	0.01101	0.01466	0.03105	0.76320	0.03709	0.01762	0.00728	0.00232	0.00345	0.03119	0.00525	0.00470
88	0.83938	0.01106	0.00841	0.00752	0.01106	0.01283	0.00619	0.01681	0.00973	0.02566	0.00796	0.00929	0.00619	0.00531	0.00354	0.00177	0.00442	0.00310	0.00354	0.00619
89	0.01734	0.02648	0.24797	0.01476	0.01923	0.48874	0.01378	0.02038	0.01458	0.01531	0.01081	0.06368	0.00938	0.00656	0.00539	0.00163	0.00927	0.00470	0.00294	0.00706
90	0.02091	0.08659	0.01730	0.01430	0.01745	0.69208	0.01095	0.04705	0.01622	0.01471	0.00894	0.01034	0.00745	0.00585	0.00506	0.00146	0.00985	0.00369	0.00300	0.00679
91	0.01050	0.01360	0.22255	0.01229	0.01580	0.00918	0.01261	0.04031	0.04466	0.01836	0.02380	0.04621	0.02425	0.01224	0.00704	0.00234	0.00616	0.46711	0.00451	0.00648
92	0.01342	0.22355	0.29844	0.02086	0.24485	0.01588	0.07118	0.01771	0.01235	0.01710	0.00991	0.01220	0.00792	0.00515	0.00515	0.00163	0.00744	0.00438	0.00258	0.00829
93	0.02566	0.00973	0.01327	0.01018	0.01460	0.00841	0.00841	0.02788	0.01637	0.76726	0.02257	0.01947	0.01416	0.00708	0.00575	0.00177	0.00487	0.00575	0.00708	0.00973
94	0.00973	0.00582	0.00755	0.00797	0.00916	0.00526	0.00564	0.01104	0.01227	0.12498	0.06944	0.55081	0.12717	0.01559	0.00698	0.00217	0.00346	0.01390	0.00562	0.00545
95	0.01710	0.01274	0.01982	0.02646	0.49560	0.01269	0.01446	0.05672	0.07783	0.18687	0.01461	0.01594	0.01095	0.00585	0.00570	0.00174	0.00615	0.00536	0.00418	0.00924
96	0.01474	0.54740	0.23581	0.01163	0.01749	0.01932	0.01289	0.01793	0.01198	0.05186	0.00932	0.01049	0.00765	0.00515	0.00427	0.00141	0.00671	0.00352	0.00267	0.00777
97	0.01066	0.00533	0.00533	0.00533	0.00666	0.00533	0.00400	0.01333	0.01200	0.02132	0.01866	0.02132	0.01466	0.00666	0.00400	0.00133	0.00267	0.00533	0.83073	0.00533
98	0.01300	0.01153	0.01444	0.28843	0.02365	0.01368	0.01150	0.02475	0.48765	0.02060	0.01859	0.01916	0.01394	0.00703	0.00578	0.00193	0.00564	0.00597	0.00465	0.00809
99	0.01474	0.01371	0.01929	0.01673	0.07699	0.03307	0.19464	0.09523	0.39925	0.02278	0.01830	0.04004	0.01416	0.00697	0.00606	0.00190	0.00627	0.00651	0.00476	0.00860
100	0.00762	0.00583	0.00698	0.00669	0.00825	0.00519	0.00502	0.00987	0.01506	0.02026	0.50899	0.04713	0.30693	0.01269	0.00675	0.00185	0.00277	0.01096	0.00594	0.00519
101	0.00697	0.00498	0.00664	0.00796	0.00830	0.00465	0.00531	0.00796	0.01095	0.01460	0.03153	0.79525	0.03783	0.01792	0.00730	0.00232	0.00332	0.01626	0.00531	0.00465
102	0.01680	0.04406	0.04248	0.10026	0.01877	0.01028	0.09577	0.02067	0.06768	0.30500	0.02074	0.06451	0.01714	0.00872	0.00625	0.00198	0.00589	0.13998	0.00520	0.00784
103	0.00684	0.00549	0.00611	0.00662	0.00794	0.00476	0.00471	0.00812	0.01225	0.01513	0.04794	0.33546	0.48703	0.01579	0.00696	0.00208	0.00306	0.01366	0.00531	0.00476
104	0.01596	0.18936	0.34272	0.01379	0.02010	0.01687	0.01504	0.27770	0.01728	0.02354	0.01101	0.01205	0.00815	0.00583	0.00516	0.00165	0.00718	0.00431	0.00361	0.00867
105	0.01249	0.01157	0.01731	0.03669	0.15432	0.00986	0.11725	0.01556	0.01230	0.01849	0.01048	0.01290	0.00859	0.00452	0.00491	0.00119	0.00559	0.00424	0.00319	0.53854
106	0.01445	0.27376	0.04675	0.02623	0.49574	0.01656	0.01510	0.01743	0.01254	0.01695	0.00982	0.01246	0.00844	0.00504	0.00500	0.00155	0.00662	0.00440	0.00269	0.00848
107	0.01799	0.06080	0.25439	0.01502	0.01979	0.50351	0.01418	0.02111	0.01471	0.01527	0.00925	0.01082	0.00733	0.00571	0.00518	0.00157	0.00955	0.00383	0.00276	0.00724

[dist]
# distance from previous block
# <min> <max>
0	3

[block]
# block no. 4 follows, 41 sequences, length 18
# corresponding to MSA columns:
# 759-776
name=unknown_E
#
# <colnr> <probs for GDERKNQSTAVLIFYWHMCP>
#	G	D	E	R	K	N	Q	S	T	A	V	L	I	F	Y	W	H	M	C	P
0	0.05621	0.01385	0.01213	0.01053	0.01348	0.18741	0.00821	0.19310	0.01718	0.09224	0.06852	0.06889	0.17690	0.01089	0.04287	0.00211	0.00631	0.00726	0.00490	0.00701
1	0.01414	0.02076	0.39273	0.01419	0.02025	0.01309	0.03731	0.02358	0.27464	0.10614	0.01632	0.01630	0.01170	0.00643	0.00565	0.00186	0.00669	0.00527	0.00417	0.00879
2	0.07602	0.01002	0.01294	0.01013	0.01440	0.00915	0.00832	0.02738	0.07498	0.66096	0.02170	0.01898	0.01392	0.00702	0.00562	0.00178	0.00481	0.00564	0.00676	0.00946
3	0.01466	0.01655	0.09326	0.03117	0.61444	0.09413	0.01721	0.01817	0.01327	0.01814	0.01051	0.01355	0.00871	0.00521	0.00559	0.00169	0.00732	0.00486	0.00280	0.00875
4	0.01213	0.01157	0.01945	0.47676	0.22691	0.01318	0.06155	0.01692	0.07286	0.01668	0.01149	0.01547	0.00888	0.00567	0.00578	0.00186	0.00728	0.00531	0.00291	0.00737
5	0.01872	0.38439	0.02317	0.01158	0.01631	0.02003	0.01036	0.40364	0.01974	0.02547	0.01102	0.01160	0.00861	0.00594	0.00476	0.00149	0.00621	0.00417	0.00419	0.00861
6	0.00717	0.00512	0.00687	0.00820	0.00862	0.00482	0.00566	0.00831	0.01115	0.01483	0.03141	0.72965	0.03739	0.01773	0.00735	0.00235	0.00349	0.07987	0.00531	0.00470
7	0.01896	0.04526	0.27666	0.01243	0.01811	0.01057	0.03006	0.02279	0.01463	0.41507	0.06399	0.01790	0.01389	0.00667	0.00565	0.00177	0.00613	0.00544	0.00514	0.00888
8	0.01080	0.01017	0.01716	0.78523	0.03940	0.01271	0.01589	0.01461	0.01144	0.01461	0.01017	0.01525	0.00762	0.00572	0.00572	0.00191	0.00762	0.00508	0.00254	0.00635
9	0.00678	0.00572	0.00587	0.00600	0.00778	0.00481	0.00444	0.00819	0.01284	0.01537	0.05544	0.12527	0.69237	0.01481	0.00681	0.00197	0.00294	0.01247	0.00531	0.00481
10	0.01673	0.02835	0.36899	0.01547	0.02100	0.41874	0.01577	0.02063	0.01427	0.01593	0.00951	0.01114	0.00731	0.00568	0.00529	0.00163	0.00944	0.00394	0.00270	0.00748
11	0.01343	0.09408	0.31048	0.02465	0.36968	0.03682	0.03565	0.01790	0.01263	0.01783	0.01027	0.01281	0.00814	0.00522	0.00540	0.00170	0.00754	0.00457	0.00264	0.00856
12	0.01080	0.01017	0.01716	0.78523	0.03940	0.01271	0.01589	0.01461	0.01144	0.01461	0.01017	0.01525	0.00762	0.00572	0.00572	0.00191	0.00762	0.00508	0.00254	0.00635
13	0.00711	0.00536	0.00699	0.04412	0.00966	0.00505	0.00565	0.00832	0.01132	0.01474	0.03489	0.63620	0.15600	0.01678	0.00714	0.00224	0.00345	0.01504	0.00518	0.00476
14	0.09208	0.01401	0.08641	0.42525	0.09599	0.07580	0.01450	0.04946	0.01288	0.06526	0.01086	0.01409	0.00807	0.00575	0.00544	0.00181	0.00731	0.00475	0.00312	0.00717
15	0.05235	0.10967	0.08233	0.02359	0.39164	0.08652	0.01446	0.05021	0.01392	0.10543	0.01158	0.01341	0.00904	0.00549	0.00528	0.00164	0.00684	0.00464	0.00341	0.00856
16	0.01645	0.01551	0.01550	0.01295	0.01615	0.22785	0.10120	0.13194	0.06195	0.08778	0.02160	0.09460	0.12275	0.02386	0.00671	0.00187	0.02247	0.00720	0.00450	0.00717
17	0.02008	0.01171	0.01481	0.01341	0.08921	0.07943	0.04603	0.05581	0.01600	0.40861	0.10909	0.04176	0.01783	0.00740	0.00584	0.00172	0.00553	0.00627	0.00570	0.04376

[dist]
# distance from previous block
# <min> <max>
1	154

[block]
# block no. 5 follows, 41 sequences, length 47
# corresponding to MSA columns:
# 932-938,941-980
name=unknown_F
#
# <colnr> <probs for GDERKNQSTAVLIFYWHMCP>
#	G	D	E	R	K	N	Q	S	T	A	V	L	I	F	Y	W	H	M	C	P
0	0.01601	0.01337	0.02116	0.02942	0.58232	0.01350	0.01560	0.08717	0.05137	0.09468	0.01283	0.01500	0.01004	0.00559	0.00568	0.00172	0.00644	0.00523	0.00367	0.00919
1	0.06642	0.01758	0.02316	0.02023	0.12883	0.18390	0.26960	0.16405	0.01638	0.02130	0.01098	0.01334	0.00848	0.00565	0.00611	0.00176	0.02556	0.00526	0.00349	0.00795
2	0.55130	0.01128	0.01040	0.00880	0.01257	0.01244	0.00722	0.07673	0.06912	0.17342	0.01248	0.01258	0.00891	0.00597	0.00432	0.00178	0.00467	0.00404	0.00459	0.00739
3	0.01061	0.00854	0.00988	0.00768	0.01098	0.00689	0.00561	0.01226	0.01061	0.01598	0.01294	0.02088	0.01282	0.28445	0.01301	0.00250	0.00470	0.00513	0.00342	0.54113
4	0.01663	0.01971	0.01311	0.01201	0.01442	0.50429	0.00901	0.01848	0.01606	0.01681	0.24225	0.02230	0.05555	0.00806	0.00572	0.00159	0.00764	0.00611	0.00408	0.00617
5	0.00888	0.00536	0.00674	0.00674	0.00676	0.00538	0.00408	0.00806	0.00803	0.01073	0.01511	0.03001	0.01681	0.50646	0.04434	0.29758	0.00557	0.00709	0.00311	0.00316
6	0.01967	0.01632	0.01591	0.01293	0.01696	0.10469	0.01040	0.46774	0.22182	0.03022	0.01575	0.01539	0.01154	0.00700	0.00568	0.00175	0.00628	0.00534	0.00543	0.00919
7	0.01466	0.01751	0.29602	0.01191	0.01800	0.01031	0.01262	0.05360	0.01364	0.15921	0.03536	0.01439	0.01051	0.00557	0.00512	0.00145	0.00599	0.00444	0.00391	0.30578
8	0.01140	0.24476	0.02973	0.00865	0.01161	0.01145	0.00734	0.02989	0.05360	0.04597	0.09778	0.19859	0.15261	0.01043	0.00565	0.00171	0.00437	0.00871	0.00447	0.06127
9	0.01238	0.01145	0.01883	0.44631	0.29213	0.01292	0.01575	0.05324	0.01278	0.01716	0.01150	0.04927	0.00958	0.00610	0.00577	0.00184	0.00707	0.00559	0.00293	0.00741
10	0.01481	0.11353	0.06140	0.01919	0.27922	0.03017	0.01236	0.08351	0.03390	0.04971	0.01125	0.01304	0.00903	0.00518	0.00499	0.00141	0.00597	0.00434	0.00343	0.24357
11	0.14749	0.23148	0.01866	0.01229	0.01585	0.45590	0.00996	0.02038	0.01397	0.01568	0.00847	0.00985	0.00718	0.00554	0.00451	0.00145	0.00828	0.00343	0.00291	0.00675
12	0.01415	0.00707	0.00945	0.00893	0.01098	0.00645	0.00691	0.01592	0.01350	0.28082	0.08620	0.25300	0.04655	0.07750	0.00860	0.00240	0.00433	0.13487	0.00585	0.00652
13	0.00955	0.00844	0.01217	0.03739	0.25413	0.00801	0.00920	0.01195	0.01358	0.01800	0.18495	0.05757	0.33153	0.01071	0.00639	0.00184	0.00426	0.00937	0.00463	0.00636
14	0.01247	0.48396	0.05864	0.07003	0.01534	0.01646	0.00959	0.01446	0.01145	0.01409	0.01471	0.22569	0.01573	0.00856	0.00491	0.00161	0.00558	0.00690	0.00324	0.00658
15	0.00687	0.00580	0.00595	0.00591	0.00780	0.00488	0.00444	0.00843	0.01331	0.01609	0.11759	0.05400	0.70094	0.01425	0.00676	0.00192	0.00288	0.01193	0.00540	0.00488
16	0.00940	0.00956	0.07166	0.01591	0.18446	0.00802	0.05767	0.01164	0.01168	0.01606	0.02379	0.50366	0.02693	0.01314	0.00674	0.00211	0.00493	0.01213	0.00436	0.00616
17	0.01103	0.00852	0.00992	0.00774	0.01101	0.00692	0.00566	0.01266	0.01075	0.03860	0.01331	0.02111	0.01299	0.28453	0.01305	0.00253	0.00472	0.00520	0.00353	0.51623
18	0.00755	0.00571	0.00646	0.00639	0.00758	0.00517	0.00444	0.00894	0.01258	0.01634	0.24098	0.07622	0.34037	0.22166	0.01270	0.00287	0.00356	0.01076	0.00510	0.00462
19	0.01399	0.40772	0.17709	0.01548	0.02135	0.01827	0.23747	0.01769	0.01229	0.01587	0.00952	0.01167	0.00773	0.00498	0.00497	0.00156	0.00766	0.00442	0.00258	0.00768
20	0.01416	0.01359	0.02322	0.03511	0.76330	0.01359	0.01755	0.01755	0.01302	0.01869	0.01076	0.01416	0.00906	0.00510	0.00566	0.00170	0.00680	0.00510	0.00283	0.00906
21	0.01267	0.01014	0.01194	0.00857	0.01362	0.00767	0.00687	0.01519	0.01212	0.06225	0.01089	0.01230	0.00880	0.00440	0.00432	0.00090	0.00427	0.00353	0.00360	0.78593
22	0.01568	0.00963	0.01180	0.00909	0.01316	0.00826	0.00729	0.06978	0.03184	0.22864	0.16662	0.02059	0.01959	0.00681	0.00531	0.00138	0.00425	0.00565	0.00523	0.35939
23	0.01047	0.00892	0.01251	0.01140	0.01224	0.01136	0.00917	0.05268	0.01001	0.01468	0.01254	0.01881	0.01180	0.04673	0.44866	0.00633	0.28720	0.00573	0.00302	0.00573
24	0.01162	0.01047	0.01718	0.08831	0.43726	0.01060	0.01358	0.01441	0.01243	0.01722	0.01788	0.19989	0.01848	0.00941	0.00632	0.00197	0.00588	0.09606	0.00368	0.00735
25	0.01080	0.01017	0.01716	0.78523	0.03940	0.01271	0.01589	0.01461	0.01144	0.01461	0.01017	0.01525	0.00762	0.00572	0.00572	0.00191	0.00762	0.00508	0.00254	0.00635
26	0.02174	0.01602	0.01717	0.01316	0.01774	0.01774	0.01087	0.74423	0.02689	0.03605	0.01373	0.01373	0.00973	0.00687	0.00572	0.00172	0.00629	0.00515	0.00572	0.00973
27	0.01512	0.01477	0.02115	0.08800	0.50694	0.08762	0.03468	0.07059	0.06909	0.01953	0.01169	0.01441	0.00945	0.00554	0.00566	0.00172	0.00707	0.00511	0.00325	0.00863
28	0.01395	0.01357	0.02347	0.06284	0.59178	0.01370	0.10310	0.01846	0.06701	0.01886	0.01175	0.01488	0.00957	0.00528	0.00581	0.00175	0.00700	0.00539	0.00304	0.00879
29	0.01563	0.01099	0.01290	0.00947	0.01437	0.00930	0.00767	0.12796	0.01489	0.14409	0.01274	0.01339	0.00960	0.00510	0.00471	0.00113	0.00465	0.00405	0.00435	0.57300
30	0.00788	0.00563	0.00768	0.00901	0.00974	0.00543	0.00689	0.00954	0.01185	0.01562	0.03102	0.49910	0.03584	0.01706	0.00754	0.00245	0.00411	0.30342	0.00529	0.00490
31	0.01257	0.01163	0.01814	0.42622	0.23047	0.01341	0.01507	0.03756	0.12849	0.01774	0.01243	0.01582	0.00961	0.00598	0.00595	0.00186	0.02093	0.00530	0.00322	0.00760
32	0.01111	0.01033	0.01716	0.76350	0.03879	0.01285	0.01574	0.03516	0.01187	0.01522	0.01027	0.01521	0.00768	0.00575	0.00572	0.00190	0.00759	0.00509	0.00263	0.00645
33	0.00744	0.00582	0.00675	0.00661	0.00821	0.00513	0.00497	0.00948	0.01445	0.01893	0.38169	0.06895	0.39806	0.01331	0.00679	0.00190	0.00287	0.02777	0.00577	0.00510
34	0.01421	0.03341	0.04680	0.01013	0.01466	0.03020	0.00855	0.04038	0.07634	0.09801	0.01242	0.01348	0.00969	0.00549	0.00577	0.00126	0.06590	0.00412	0.00391	0.50527
35	0.00698	0.00580	0.00610	0.00602	0.00786	0.00492	0.00452	0.00863	0.01356	0.01668	0.17320	0.05303	0.64495	0.01403	0.00676	0.00191	0.00286	0.01179	0.00547	0.00492
36	0.01595	0.00967	0.01411	0.01456	0.15409	0.00920	0.03967	0.05159	0.04637	0.26080	0.28812	0.02659	0.02740	0.00831	0.00614	0.00178	0.00469	0.00734	0.00571	0.00792
37	0.01481	0.70487	0.12330	0.01061	0.01595	0.02145	0.01122	0.01725	0.01168	0.01405	0.00824	0.00954	0.00733	0.00496	0.00389	0.00130	0.00641	0.00321	0.00244	0.00748
38	0.00760	0.00571	0.00704	0.00696	0.00831	0.00515	0.00512	0.00975	0.01466	0.01989	0.48156	0.15293	0.22781	0.01328	0.00683	0.00191	0.00284	0.01162	0.00591	0.00515
39	0.13060	0.00766	0.00856	0.00766	0.00996	0.00747	0.00592	0.03182	0.05455	0.04423	0.43194	0.03429	0.11980	0.01003	0.00598	0.00174	0.00335	0.00847	0.00554	0.07045
40	0.21640	0.01268	0.01397	0.01179	0.04601	0.01333	0.03183	0.27564	0.07314	0.05673	0.01342	0.04831	0.01063	0.00648	0.00505	0.00163	0.00529	0.00503	0.00463	0.14801
41	0.01183	0.00883	0.01028	0.00791	0.01189	0.00699	0.00621	0.01426	0.01200	0.04994	0.01394	0.07500	0.01216	0.00588	0.00449	0.00109	0.00390	0.00486	0.15940	0.57913
42	0.01272	0.01088	0.01671	0.32990	0.20540	0.01141	0.01321	0.04590	0.01314	0.05170	0.06947	0.01661	0.01212	0.00586	0.00551	0.00163	0.00622	0.00521	0.00340	0.16298
43	0.11940	0.16401	0.05238	0.01019	0.01422	0.01178	0.06520	0.01693	0.04587	0.11693	0.06178	0.07282	0.09114	0.00757	0.00518	0.00161	0.00506	0.00622	0.00423	0.12749
44	0.06485	0.01281	0.01359	0.01166	0.03335	0.06670	0.00912	0.22578	0.15490	0.19432	0.08111	0.02162	0.04748	0.00787	0.00578	0.00180	0.00537	0.02777	0.00567	0.00847
45	0.02663	0.01212	0.01687	0.01750	0.19660	0.02348	0.08760	0.14713	0.09906	0.05296	0.04232	0.05967	0.11313	0.00779	0.00592	0.00175	0.00568	0.00691	0.00448	0.07238
46	0.03951	0.33008	0.10836	0.01322	0.07419	0.15100	0.01134	0.07656	0.01401	0.01722	0.03265	0.01459	0.06056	0.00614	0.00476	0.00148	0.00678	0.00446	0.00318	0.02990

[dist]
# distance from previous block
# <min> <max>
1	13

[block]
# block no. 6 follows, 41 sequences, length 22
# corresponding to MSA columns:
# 994-1015
name=unknown_G
#
# <colnr> <probs for GDERKNQSTAVLIFYWHMCP>
#	G	D	E	R	K	N	Q	S	T	A	V	L	I	F	Y	W	H	M	C	P
0	0.01546	0.05519	0.09143	0.07240	0.26325	0.15892	0.10298	0.04453	0.04155	0.04125	0.01181	0.01516	0.00957	0.00582	0.00564	0.00171	0.00773	0.02730	0.00322	0.02510
1	0.01467	0.01548	0.01876	0.27883	0.11678	0.20308	0.10576	0.04471	0.01372	0.01687	0.01067	0.01393	0.00838	0.00556	0.00551	0.00166	0.00790	0.00484	0.04695	0.06592
