[name]
unknown

[dist]
# distance from previous block
# <min> <max>
0	7

[block]
# block no. 0 follows, 52 sequences, length 10
# corresponding to MSA columns:
# 7-16
name=unknown_A
#
# <colnr> <probs for GDERKNQSTAVLIFYWHMCP>
#	G	D	E	R	K	N	Q	S	T	A	V	L	I	F	Y	W	H	M	C	P
0	0.00781	0.00558	0.00781	0.00892	0.01004	0.00558	0.00781	0.01004	0.01116	0.01450	0.02566	0.05466	0.02789	0.01339	0.00669	0.00223	0.00446	0.76685	0.00446	0.00446
1	0.01864	0.01041	0.01223	0.00954	0.01298	0.01062	0.00775	0.38384	0.01751	0.35490	0.01558	0.04439	0.01130	0.05970	0.00619	0.00170	0.00469	0.00509	0.00520	0.00774
2	0.01299	0.00862	0.00923	0.00806	0.01024	0.04475	0.00618	0.13517	0.17477	0.14748	0.06764	0.08329	0.01624	0.10234	0.00706	0.00186	0.00399	0.00599	0.14792	0.00618
3	0.00902	0.00850	0.01005	0.05869	0.05464	0.11726	0.06770	0.01033	0.00941	0.01177	0.01639	0.18466	0.04771	0.24741	0.12189	0.00336	0.00637	0.00732	0.00309	0.00444
4	0.00937	0.00854	0.01422	0.62531	0.12630	0.01023	0.01263	0.01241	0.00977	0.01306	0.00934	0.01346	0.00728	0.00673	0.05356	0.00194	0.00653	0.00437	0.04939	0.00556
5	0.04343	0.00571	0.00682	0.00695	0.00810	0.00560	0.00498	0.04322	0.05653	0.07918	0.05318	0.43417	0.10772	0.09257	0.00758	0.00209	0.00330	0.02969	0.00448	0.00471
6	0.16017	0.00881	0.00907	0.00810	0.01006	0.07176	0.00623	0.01521	0.09478	0.17756	0.06381	0.11560	0.04910	0.10611	0.00812	0.00200	0.07764	0.00615	0.00408	0.00564
7	0.09945	0.01027	0.00998	0.00876	0.01142	0.07908	0.00684	0.08722	0.32259	0.07097	0.08842	0.04843	0.08404	0.00709	0.00480	0.00153	0.00410	0.00574	0.00448	0.04479
8	0.01275	0.00916	0.00920	0.00808	0.01034	0.10085	0.00627	0.15077	0.01383	0.16750	0.08488	0.11797	0.20607	0.04590	0.00618	0.00172	0.00422	0.03391	0.00461	0.00579
9	0.09872	0.00823	0.01009	0.09990	0.06382	0.02533	0.00727	0.02733	0.10934	0.19614	0.06261	0.08923	0.01480	0.08899	0.00671	0.00184	0.00426	0.00573	0.04082	0.03883

[dist]
# distance from previous block
# <min> <max>
12	27

[block]
# block no. 1 follows, 52 sequences, length 9
# corresponding to MSA columns:
# 45-53
name=unknown_B
#
# <colnr> <probs for GDERKNQSTAVLIFYWHMCP>
#	G	D	E	R	K	N	Q	S	T	A	V	L	I	F	Y	W	H	M	C	P
0	0.00997	0.00962	0.01157	0.26376	0.01796	0.11823	0.05813	0.01267	0.05573	0.02574	0.05638	0.05308	0.11367	0.11843	0.00768	0.00195	0.00543	0.00598	0.00314	0.05088
1	0.10726	0.01114	0.01144	0.09976	0.01441	0.16681	0.05204	0.05359	0.04702	0.13266	0.05634	0.09733	0.09357	0.00723	0.00517	0.00155	0.02717	0.00588	0.00380	0.00583
2	0.07763	0.00967	0.00891	0.00799	0.01001	0.13375	0.00593	0.09947	0.02889	0.06095	0.01718	0.17673	0.07137	0.14828	0.02451	0.00214	0.00479	0.00666	0.00371	0.10142
3	0.09827	0.00689	0.00932	0.05396	0.01131	0.00667	0.06122	0.01266	0.03259	0.16001	0.12662	0.23080	0.09054	0.03677	0.00589	0.00173	0.00376	0.00800	0.00435	0.03866
4	0.02751	0.00759	0.01037	0.21924	0.01571	0.05357	0.07135	0.01087	0.01093	0.01489	0.19606	0.11497	0.08434	0.05206	0.00620	0.00173	0.00447	0.00707	0.08626	0.00482
5	0.10536	0.00937	0.01475	0.59956	0.06410	0.01114	0.05631	0.05716	0.01044	0.01481	0.00867	0.01225	0.00653	0.00479	0.00469	0.00159	0.00616	0.00420	0.00243	0.00570
6	0.01162	0.01288	0.06198	0.20627	0.03707	0.12418	0.21104	0.05862	0.04831	0.01487	0.01072	0.06489	0.00904	0.00622	0.02003	0.00169	0.05626	0.00513	0.01909	0.02007
7	0.04015	0.00594	0.00705	0.00689	0.00771	0.00626	0.00483	0.09667	0.00964	0.01341	0.01675	0.17099	0.01827	0.37594	0.15437	0.00412	0.00583	0.04758	0.00346	0.00413
8	0.04884	0.00882	0.01153	0.08603	0.07487	0.00886	0.00809	0.12682	0.06100	0.34078	0.06264	0.08426	0.04201	0.00692	0.00498	0.00155	0.00433	0.00581	0.00480	0.00706

[dist]
# distance from previous block
# <min> <max>
4	21

[block]
# block no. 2 follows, 52 sequences, length 33
# corresponding to MSA columns:
# 75-107
name=unknown_C
#
# <colnr> <probs for GDERKNQSTAVLIFYWHMCP>
#	G	D	E	R	K	N	Q	S	T	A	V	L	I	F	Y	W	H	M	C	P
0	0.10819	0.01067	0.01374	0.03275	0.20320	0.02901	0.04085	0.13895	0.02870	0.06129	0.02557	0.01173	0.00841	0.00463	0.00429	0.00125	0.00480	0.00387	0.00331	0.26478
1	0.01194	0.04449	0.01706	0.12953	0.40984	0.01133	0.04552	0.09520	0.05176	0.03290	0.01155	0.08483	0.01011	0.00564	0.00490	0.00151	0.00547	0.00520	0.00301	0.01821
2	0.08059	0.01329	0.08746	0.02187	0.46176	0.06616	0.04901	0.05934	0.02697	0.04790	0.00954	0.01155	0.00756	0.00457	0.00462	0.00143	0.00585	0.00410	0.00277	0.03365
3	0.12183	0.01035	0.01268	0.01276	0.17825	0.00999	0.00841	0.16824	0.03415	0.05213	0.00982	0.01098	0.00766	0.00449	0.00411	0.00118	0.00444	0.00360	0.00337	0.34156
4	0.09558	0.01404	0.01231	0.01038	0.01354	0.24035	0.03826	0.09608	0.24439	0.03663	0.01201	0.01228	0.00922	0.00527	0.00440	0.00135	0.00552	0.00400	0.00364	0.14075
5	0.36970	0.01324	0.01134	0.00936	0.01267	0.13084	0.00759	0.35083	0.01541	0.02412	0.00899	0.00964	0.00670	0.00515	0.00401	0.00144	0.00518	0.00346	0.00373	0.00661
6	0.01222	0.01025	0.01103	0.00980	0.01249	0.01181	0.00768	0.09831	0.64592	0.02047	0.01833	0.01754	0.01391	0.00915	0.07662	0.00217	0.00480	0.00534	0.00472	0.00743
7	0.00648	0.00454	0.00562	0.00614	0.00648	0.00435	0.00401	0.00720	0.00898	0.01199	0.09184	0.39646	0.05929	0.32095	0.01310	0.00295	0.00352	0.03847	0.00398	0.00364
8	0.11457	0.01101	0.01737	0.11518	0.58538	0.01150	0.01332	0.04624	0.01103	0.01676	0.00888	0.01159	0.00727	0.00446	0.00459	0.00147	0.00558	0.00411	0.00254	0.00715
9	0.00627	0.00461	0.00602	0.00679	0.00743	0.00416	0.00461	0.00723	0.00935	0.01268	0.02510	0.75386	0.02984	0.01415	0.00595	0.00186	0.00288	0.01281	0.00435	0.08007
10	0.03279	0.00770	0.00995	0.00835	0.01122	0.00716	0.00661	0.02016	0.11373	0.51985	0.02057	0.18746	0.01647	0.00798	0.00512	0.00162	0.00380	0.00679	0.00549	0.00721
11	0.00607	0.00443	0.00574	0.00662	0.00717	0.00410	0.00461	0.00714	0.00992	0.01311	0.08799	0.63523	0.11750	0.01435	0.00613	0.00191	0.00283	0.05657	0.00456	0.00403
12	0.00791	0.00674	0.00975	0.01313	0.23823	0.00650	0.00742	0.00987	0.03896	0.01373	0.02574	0.36813	0.18712	0.03628	0.00621	0.00182	0.00369	0.00975	0.00385	0.00517
13	0.83074	0.00933	0.00728	0.00646	0.00949	0.01072	0.00532	0.01461	0.00847	0.05251	0.00724	0.00821	0.00551	0.00456	0.00307	0.00150	0.00376	0.00271	0.00312	0.00537
14	0.14007	0.00787	0.00937	0.00814	0.01080	0.00783	0.00661	0.05162	0.09338	0.32174	0.12071	0.06653	0.01876	0.00782	0.00503	0.00164	0.00382	0.10672	0.00502	0.00653
15	0.16566	0.00802	0.00913	0.00786	0.01057	0.00817	0.00632	0.01880	0.16508	0.30726	0.08019	0.02011	0.01539	0.03322	0.00527	0.00166	0.00375	0.05732	0.06963	0.00659
16	0.00734	0.00557	0.00653	0.00628	0.00767	0.00523	0.00468	0.07689	0.01283	0.01705	0.34140	0.18497	0.28290	0.01129	0.00573	0.00164	0.00271	0.00978	0.00487	0.00462
17	0.86392	0.00937	0.00712	0.00637	0.00937	0.01087	0.00525	0.01425	0.00825	0.02174	0.00675	0.00787	0.00525	0.00450	0.00300	0.00150	0.00375	0.00262	0.00300	0.00525
18	0.12220	0.00787	0.00988	0.00792	0.01120	0.00714	0.00645	0.02008	0.01269	0.59460	0.02069	0.06183	0.08217	0.00687	0.00479	0.00154	0.00386	0.00556	0.00542	0.00728
19	0.01189	0.00667	0.00842	0.00773	0.00965	0.00646	0.00586	0.01563	0.15153	0.24941	0.17891	0.28192	0.02578	0.00985	0.00548	0.00168	0.00328	0.00864	0.00519	0.00601
20	0.11331	0.00745	0.00815	0.00743	0.00946	0.00778	0.00569	0.06508	0.18675	0.08622	0.18562	0.12916	0.11635	0.04272	0.00593	0.00174	0.00336	0.00742	0.00468	0.00570
21	0.86392	0.00937	0.00712	0.00637	0.00937	0.01087	0.00525	0.01425	0.00825	0.02174	0.00675	0.00787	0.00525	0.00450	0.00300	0.00150	0.00375	0.00262	0.00300	0.00525
22	0.06822	0.01065	0.01137	0.00969	0.01264	0.01189	0.00768	0.25855	0.38746	0.06855	0.01697	0.08729	0.01352	0.00694	0.00489	0.00160	0.00422	0.00565	0.00481	0.00739
23	0.36660	0.00768	0.00756	0.00679	0.00911	0.00821	0.00536	0.03413	0.07042	0.08291	0.25621	0.04645	0.06654	0.00728	0.00445	0.00154	0.00327	0.00577	0.00429	0.00543
24	0.00728	0.00496	0.00744	0.00744	0.00810	0.00562	0.00562	0.00810	0.00744	0.01058	0.01190	0.01801	0.01124	0.03171	0.62230	0.21017	0.01089	0.00496	0.00248	0.00380
25	0.01671	0.01216	0.01316	0.01055	0.01406	0.01347	0.00856	0.48672	0.26063	0.08960	0.01475	0.01403	0.01058	0.00607	0.00488	0.00152	0.00477	0.00475	0.00497	0.00806
26	0.24491	0.00636	0.00666	0.00653	0.00817	0.00651	0.00498	0.02188	0.01033	0.05818	0.13269	0.18693	0.13609	0.07296	0.00655	0.00193	0.00334	0.07616	0.00416	0.00468
27	0.00686	0.00516	0.00754	0.00754	0.00842	0.00590	0.00582	0.00850	0.00796	0.01130	0.01518	0.02107	0.05847	0.06053	0.73781	0.00733	0.01209	0.00555	0.00272	0.00427
28	0.07053	0.06185	0.01589	0.01217	0.01548	0.17269	0.14445	0.18943	0.18713	0.01924	0.01220	0.02752	0.00968	0.00571	0.00491	0.00150	0.01653	0.02269	0.00364	0.00677
29	0.01246	0.01255	0.01183	0.21264	0.01716	0.24891	0.00887	0.11065	0.03708	0.01415	0.01064	0.01542	0.00939	0.13677	0.11836	0.00281	0.00754	0.00454	0.00287	0.00536
30	0.00733	0.00463	0.00597	0.00598	0.00648	0.00452	0.00408	0.00708	0.00809	0.01059	0.06152	0.02772	0.16970	0.21046	0.08709	0.34063	0.00466	0.02733	0.00306	0.00309
31	0.11588	0.01070	0.01448	0.13001	0.29018	0.02738	0.02910	0.05652	0.21479	0.01797	0.01186	0.01335	0.00921	0.00513	0.00459	0.00152	0.00509	0.00443	0.03089	0.00691
32	0.26467	0.34924	0.08133	0.01069	0.10815	0.01400	0.00875	0.01434	0.00957	0.01572	0.00736	0.00872	0.00619	0.00426	0.00345	0.00124	0.00485	0.00292	0.00246	0.08212

[dist]
# distance from previous block
# <min> <max>
3	7

[block]
# block no. 3 follows, 52 sequences, length 14
# corresponding to MSA columns:
# 115-128
name=unknown_D
#
# <colnr> <probs for GDERKNQSTAVLIFYWHMCP>
#	G	D	E	R	K	N	Q	S	T	A	V	L	I	F	Y	W	H	M	C	P
0	0.00954	0.01566	0.38496	0.01060	0.01489	0.00929	0.01154	0.07624	0.09688	0.01730	0.14282	0.12248	0.05232	0.00749	0.00510	0.00160	0.00508	0.00631	0.00355	0.00633
1	0.01165	0.01158	0.01489	0.05189	0.07773	0.07174	0.01067	0.06016	0.00935	0.01341	0.00721	0.01073	0.00662	0.00732	0.01236	0.00187	0.56741	0.00411	0.00238	0.04694
2	0.01034	0.08832	0.60814	0.01552	0.10617	0.01199	0.06301	0.01524	0.01036	0.01509	0.00865	0.01040	0.00639	0.00450	0.00457	0.00149	0.00691	0.00371	0.00211	0.00710
3	0.01046	0.10477	0.23788	0.22285	0.12655	0.01271	0.04626	0.01379	0.00971	0.01357	0.00815	0.01108	0.00653	0.00524	0.00656	0.00160	0.14986	0.00396	0.00215	0.00631
4	0.00936	0.00907	0.06726	0.00944	0.02948	0.00852	0.03981	0.03638	0.31340	0.01721	0.10959	0.21457	0.09722	0.00923	0.00540	0.00169	0.00379	0.00810	0.00446	0.00602
5	0.10447	0.01121	0.10214	0.01361	0.19729	0.00944	0.00955	0.08061	0.04943	0.07637	0.07495	0.05524	0.01218	0.00559	0.00450	0.00136	0.00458	0.00470	0.00346	0.17931
6	0.01107	0.00857	0.01002	0.00767	0.01137	0.00717	0.00606	0.07543	0.04823	0.06537	0.01211	0.10470	0.01078	0.00539	0.00413	0.00101	0.00369	0.00449	0.00351	0.59923
7	0.08033	0.01004	0.02873	0.01595	0.26023	0.02475	0.09083	0.01579	0.15159	0.05042	0.07046	0.01817	0.05297	0.06559	0.00626	0.00174	0.00487	0.00535	0.03948	0.00645
8	0.00706	0.00598	0.02649	0.14135	0.01152	0.00568	0.00596	0.00899	0.01105	0.01477	0.26916	0.05357	0.25387	0.08953	0.03792	0.00211	0.00380	0.00798	0.03874	0.00444
9	0.00600	0.00445	0.00561	0.00631	0.00697	0.00405	0.00436	0.00712	0.01023	0.01349	0.13825	0.57124	0.17637	0.01391	0.00603	0.00184	0.00267	0.01242	0.00462	0.00405
10	0.06886	0.48078	0.11125	0.02550	0.07594	0.05688	0.00975	0.01575	0.01049	0.09294	0.00848	0.00942	0.00685	0.00448	0.00368	0.00122	0.00546	0.00313	0.00258	0.00654
11	0.13283	0.01506	0.22004	0.06717	0.26441	0.05481	0.05231	0.04701	0.04179	0.01669	0.00929	0.01158	0.00732	0.01980	0.01867	0.00166	0.00618	0.00400	0.00260	0.00677
12	0.00746	0.00588	0.00827	0.01066	0.15806	0.00569	0.00614	0.00860	0.00940	0.01260	0.04222	0.33400	0.09764	0.22576	0.01072	0.00255	0.00389	0.04232	0.00371	0.00444
13	0.01005	0.00861	0.01005	0.00718	0.01148	0.00646	0.00574	0.01220	0.01005	0.01579	0.00861	0.01005	0.00718	0.00359	0.00359	0.00072	0.00359	0.00287	0.00287	0.85932

[dist]
# distance from previous block
# <min> <max>
0	1

[block]
# block no. 4 follows, 52 sequences, length 72
# corresponding to MSA columns:
# 130-201
name=unknown_E
#
# <colnr> <probs for GDERKNQSTAVLIFYWHMCP>
#	G	D	E	R	K	N	Q	S	T	A	V	L	I	F	Y	W	H	M	C	P
0	0.29754	0.39506	0.04093	0.00851	0.01211	0.13628	0.00775	0.02977	0.01016	0.01540	0.00701	0.00810	0.00593	0.00444	0.00334	0.00125	0.00531	0.00275	0.00250	0.00587
1	0.00682	0.00492	0.00644	0.00612	0.00723	0.00455	0.00457	0.00905	0.01354	0.01915	0.76631	0.06760	0.04518	0.01012	0.00573	0.00154	0.00231	0.00896	0.00530	0.00455
2	0.01071	0.01000	0.01634	0.37624	0.36442	0.01079	0.01322	0.03307	0.01064	0.01467	0.00891	0.01221	0.00710	0.00452	0.00470	0.00145	0.00585	0.00417	0.00240	0.08857
3	0.00576	0.00491	0.00496	0.00495	0.00657	0.00411	0.00371	0.00702	0.01113	0.01329	0.07241	0.04631	0.77405	0.01220	0.00573	0.00163	0.00245	0.01018	0.00453	0.00411
4	0.01058	0.00875	0.00984	0.00944	0.01163	0.00982	0.00760	0.02039	0.52644	0.01849	0.04891	0.02984	0.01986	0.00876	0.00549	0.00182	0.00397	0.23696	0.00480	0.00659
5	0.01064	0.01013	0.01722	0.40572	0.43408	0.01116	0.01420	0.01368	0.01039	0.01419	0.00888	0.01244	0.00710	0.00457	0.00482	0.00152	0.00609	0.00431	0.00228	0.00658
6	0.01058	0.00990	0.01631	0.47382	0.31595	0.01121	0.01365	0.03639	0.03809	0.01447	0.00928	0.01272	0.00726	0.00474	0.00483	0.00155	0.00607	0.00435	0.00242	0.00640
7	0.00657	0.00499	0.00631	0.00624	0.00726	0.00500	0.00461	0.00798	0.00969	0.01294	0.15881	0.03232	0.25858	0.14387	0.30838	0.00437	0.00668	0.00762	0.00370	0.00409
8	0.00688	0.00549	0.00623	0.00594	0.00724	0.02885	0.00443	0.00879	0.01282	0.01720	0.54461	0.03824	0.25773	0.02693	0.00606	0.00161	0.00258	0.00897	0.00496	0.00443
9	0.01810	0.02310	0.01373	0.01248	0.01498	0.81024	0.00936	0.01935	0.01373	0.01186	0.00749	0.00874	0.00624	0.00499	0.00437	0.00125	0.00874	0.00312	0.00250	0.00562
10	0.01010	0.00929	0.03838	0.00819	0.03914	0.00680	0.00649	0.01241	0.01009	0.01578	0.00863	0.01012	0.00716	0.00365	0.00367	0.00077	0.00379	0.00295	0.00283	0.79976
11	0.01400	0.03882	0.01764	0.02289	0.50851	0.18612	0.01262	0.06968	0.01246	0.04090	0.00954	0.02755	0.00798	0.00484	0.00469	0.00140	0.00625	0.00421	0.00274	0.00717
12	0.01296	0.83261	0.02539	0.00829	0.01244	0.01917	0.00829	0.01451	0.00985	0.01140	0.00674	0.00777	0.00622	0.00415	0.00311	0.00104	0.00518	0.00259	0.00207	0.00622
13	0.01297	0.23925	0.01739	0.01458	0.20489	0.10402	0.00979	0.01927	0.29694	0.01579	0.01217	0.01269	0.00972	0.00517	0.00433	0.00138	0.00523	0.00413	0.00325	0.00704
14	0.01769	0.01321	0.01413	0.01100	0.01475	0.01469	0.00903	0.69612	0.11116	0.02936	0.01257	0.01238	0.00900	0.00590	0.00486	0.00148	0.00516	0.00449	0.00486	0.00818
15	0.66799	0.14953	0.01062	0.00707	0.01023	0.06135	0.00602	0.01460	0.00885	0.01939	0.00679	0.00791	0.00547	0.00447	0.00310	0.00141	0.00430	0.00265	0.00281	0.00544
16	0.00590	0.00422	0.00562	0.00675	0.00703	0.00394	0.00450	0.00675	0.00928	0.01237	0.02671	0.82653	0.03205	0.01518	0.00619	0.00197	0.00281	0.01378	0.00450	0.00394
17	0.01295	0.58615	0.13518	0.01081	0.06211	0.09655	0.01017	0.01514	0.01036	0.01228	0.00724	0.00848	0.00630	0.00431	0.00355	0.00115	0.00586	0.00289	0.00213	0.00638
18	0.00581	0.00469	0.00518	0.00553	0.00672	0.00405	0.00397	0.00694	0.01053	0.01300	0.05884	0.29939	0.53209	0.01316	0.00588	0.00174	0.00257	0.01135	0.00452	0.00405
19	0.00750	0.00585	0.00692	0.00654	0.00801	0.00573	0.00493	0.01147	0.14489	0.01815	0.49890	0.06291	0.17974	0.00997	0.00560	0.00158	0.00260	0.00866	0.00508	0.00499
20	0.00590	0.00422	0.00562	0.00675	0.00703	0.00394	0.00450	0.00675	0.00928	0.01237	0.02671	0.82653	0.03205	0.01518	0.00619	0.00197	0.00281	0.01378	0.00450	0.00394
21	0.00705	0.00470	0.00529	0.00529	0.00529	0.00470	0.00294	0.00705	0.00705	0.00940	0.01527	0.03171	0.01762	0.82969	0.02467	0.00470	0.00470	0.00705	0.00294	0.00294
22	0.01144	0.01307	0.02859	0.02042	0.02533	0.01225	0.78186	0.01552	0.01144	0.01552	0.00980	0.01307	0.00735	0.00408	0.00572	0.00163	0.00817	0.00572	0.00245	0.00654
23	0.00702	0.00480	0.00582	0.00582	0.00600	0.00499	0.00360	0.00739	0.00721	0.00979	0.01478	0.02901	0.01644	0.66025	0.19250	0.00536	0.00647	0.00665	0.00286	0.00323
24	0.01144	0.01307	0.02859	0.02042	0.02533	0.01225	0.78186	0.01552	0.01144	0.01552	0.00980	0.01307	0.00735	0.00408	0.00572	0.00163	0.00817	0.00572	0.00245	0.00654
25	0.01205	0.01041	0.01096	0.00986	0.01260	0.01205	0.00767	0.02575	0.79071	0.02027	0.01972	0.01808	0.01479	0.00657	0.00493	0.00164	0.00384	0.00548	0.00493	0.00767
26	0.00903	0.00452	0.00452	0.00452	0.00565	0.00452	0.00339	0.01129	0.01016	0.01807	0.01581	0.01807	0.01242	0.00565	0.00339	0.00113	0.00226	0.00452	0.85659	0.00452
27	0.01005	0.00861	0.01005	0.00718	0.01148	0.00646	0.00574	0.01220	0.01005	0.01579	0.00861	0.01005	0.00718	0.00359	0.00359	0.00072	0.00359	0.00287	0.00287	0.85932
28	0.00704	0.00472	0.00538	0.00538	0.00541	0.00475	0.00305	0.00711	0.00708	0.00947	0.01518	0.03123	0.01741	0.79969	0.05438	0.00482	0.00501	0.00698	0.00292	0.00299
29	0.00903	0.00452	0.00452	0.00452	0.00565	0.00452	0.00339	0.01129	0.01016	0.01807	0.01581	0.01807	0.01242	0.00565	0.00339	0.00113	0.00226	0.00452	0.85659	0.00452
30	0.00903	0.00452	0.00452	0.00452	0.00565	0.00452	0.00339	0.01129	0.01016	0.01807	0.01581	0.01807	0.01242	0.00565	0.00339	0.00113	0.00226	0.00452	0.85659	0.00452
31	0.01199	0.01151	0.01967	0.02974	0.79946	0.01151	0.01487	0.01487	0.01103	0.01583	0.00912	0.01199	0.00768	0.00432	0.00480	0.00144	0.00576	0.00432	0.00240	0.00768
32	0.00686	0.00495	0.00648	0.00610	0.00724	0.00457	0.00457	0.00914	0.01372	0.01943	0.79691	0.03620	0.04572	0.00991	0.00572	0.00152	0.00229	0.00876	0.00533	0.00457
33	0.00915	0.00861	0.01453	0.81804	0.03338	0.01077	0.01346	0.01238	0.00969	0.01238	0.00861	0.01292	0.00646	0.00484	0.00484	0.00161	0.00646	0.00431	0.00215	0.00538
34	0.02115	0.00919	0.01183	0.00907	0.01284	0.00853	0.00749	0.15871	0.01546	0.66548	0.01779	0.01563	0.01133	0.00597	0.00487	0.00149	0.00434	0.00478	0.00579	0.00825
35	0.00703	0.00478	0.00571	0.00571	0.00586	0.00493	0.00347	0.00732	0.00717	0.00971	0.01488	0.02956	0.01669	0.69524	0.15784	0.00522	0.00610	0.00673	0.00288	0.00317
36	0.00596	0.00426	0.00569	0.00682	0.00712	0.00399	0.00460	0.00685	0.00934	0.01244	0.02668	0.80190	0.03192	0.01512	0.00620	0.00198	0.00286	0.03781	0.00450	0.00395
37	0.01296	0.83261	0.02539	0.00829	0.01244	0.01917	0.00829	0.01451	0.00985	0.01140	0.00674	0.00777	0.00622	0.00415	0.00311	0.00104	0.00518	0.00259	0.00207	0.00622
38	0.00816	0.00660	0.00922	0.00864	0.00932	0.00810	0.00674	0.03838	0.00818	0.01182	0.01182	0.01862	0.01146	0.13371	0.50662	0.00593	0.18434	0.00520	0.00262	0.00450
39	0.01258	0.00890	0.01065	0.00981	0.01214	0.00945	0.00835	0.32326	0.01595	0.04832	0.01976	0.03594	0.01939	0.01007	0.00588	0.00189	0.00480	0.43204	0.00467	0.00612
40	0.86392	0.00937	0.00712	0.00637	0.00937	0.01087	0.00525	0.01425	0.00825	0.02174	0.00675	0.00787	0.00525	0.00450	0.00300	0.00150	0.00375	0.00262	0.00300	0.00525
41	0.00596	0.00460	0.00539	0.00586	0.00678	0.00409	0.00411	0.00707	0.01037	0.01324	0.10827	0.39492	0.35640	0.04169	0.00659	0.00188	0.00268	0.01157	0.00452	0.00403
42	0.01818	0.01345	0.01441	0.01110	0.01494	0.01492	0.00915	0.75465	0.05183	0.03015	0.01194	0.01188	0.00849	0.00585	0.00485	0.00146	0.00528	0.00441	0.00485	0.00822
43	0.00692	0.00519	0.00779	0.00779	0.00865	0.00606	0.00606	0.00865	0.00779	0.01125	0.01298	0.01904	0.01211	0.03634	0.81049	0.00779	0.01298	0.00519	0.00260	0.00433
44	0.01800	0.06314	0.01522	0.01184	0.06038	0.01438	0.00930	0.62447	0.02052	0.09657	0.01185	0.01185	0.00842	0.00564	0.00474	0.00143	0.00524	0.00430	0.00464	0.00808
45	0.00667	0.00495	0.00622	0.00590	0.00712	0.00449	0.00443	0.00878	0.01328	0.01838	0.67315	0.03793	0.17013	0.01030	0.00572	0.00154	0.00231	0.00901	0.00520	0.00449
46	0.00686	0.00495	0.00648	0.00610	0.00724	0.00457	0.00457	0.00914	0.01372	0.01943	0.79691	0.03620	0.04572	0.00991	0.00572	0.00152	0.00229	0.00876	0.00533	0.00457
47	0.00972	0.02507	0.80458	0.01381	0.02097	0.01125	0.01790	0.01535	0.01023	0.01535	0.00870	0.01023	0.00614	0.00460	0.00460	0.00153	0.00716	0.00358	0.00205	0.00716
48	0.00686	0.00495	0.00648	0.00610	0.00724	0.00457	0.00457	0.00914	0.01372	0.01943	0.79691	0.03620	0.04572	0.00991	0.00572	0.00152	0.00229	0.00876	0.00533	0.00457
49	0.01296	0.83261	0.02539	0.00829	0.01244	0.01917	0.00829	0.01451	0.00985	0.01140	0.00674	0.00777	0.00622	0.00415	0.00311	0.00104	0.00518	0.00259	0.00207	0.00622
50	0.02174	0.00825	0.01125	0.00862	0.01237	0.00712	0.00712	0.02362	0.01387	0.80282	0.01912	0.01649	0.01200	0.00600	0.00487	0.00150	0.00412	0.00487	0.00600	0.00825
51	0.00686	0.00495	0.00648	0.00610	0.00724	0.00457	0.00457	0.00914	0.01372	0.01943	0.79691	0.03620	0.04572	0.00991	0.00572	0.00152	0.00229	0.00876	0.00533	0.00457
52	0.00590	0.00422	0.00562	0.00675	0.00703	0.00394	0.00450	0.00675	0.00928	0.01237	0.02671	0.82653	0.03205	0.01518	0.00619	0.00197	0.00281	0.01378	0.00450	0.00394
53	0.00915	0.00861	0.01453	0.81804	0.03338	0.01077	0.01346	0.01238	0.00969	0.01238	0.00861	0.01292	0.00646	0.00484	0.00484	0.00161	0.00646	0.00431	0.00215	0.00538
54	0.01152	0.05949	0.02841	0.01974	0.02460	0.01265	0.73805	0.01547	0.01135	0.01529	0.00963	0.01277	0.00729	0.00409	0.00557	0.00160	0.00800	0.00554	0.00243	0.00652
55	0.03249	0.71475	0.02367	0.00860	0.01268	0.01849	0.00834	0.10800	0.01138	0.01396	0.00733	0.00825	0.00644	0.00436	0.00332	0.00110	0.00517	0.00281	0.00243	0.00644
56	0.00573	0.00491	0.00491	0.00491	0.00655	0.00409	0.00368	0.00695	0.01105	0.01309	0.04909	0.04664	0.79750	0.01227	0.00573	0.00164	0.00245	0.01023	0.00450	0.00409
57	0.01063	0.01012	0.01721	0.40782	0.43204	0.01116	0.01419	0.01368	0.01039	0.01418	0.00887	0.01244	0.00709	0.00457	0.00482	0.00152	0.00609	0.00431	0.00228	0.00658
58	0.00842	0.00421	0.00631	0.00631	0.00631	0.00421	0.00421	0.00631	0.00631	0.00842	0.00842	0.01473	0.00842	0.01684	0.01894	0.85901	0.00421	0.00421	0.00210	0.00210
59	0.01842	0.01357	0.01454	0.01115	0.01503	0.01503	0.00921	0.78330	0.02278	0.03054	0.01163	0.01163	0.00824	0.00582	0.00485	0.00145	0.00533	0.00436	0.00485	0.00824
60	0.01375	0.18334	0.16490	0.01243	0.09945	0.01338	0.01070	0.26477	0.02796	0.03767	0.02689	0.01120	0.00827	0.00494	0.00432	0.00131	0.00538	0.00381	0.00330	0.10224
61	0.01119	0.00965	0.02609	0.01070	0.01353	0.00973	0.15348	0.19354	0.13353	0.02054	0.24633	0.04004	0.06338	0.00850	0.03582	0.00180	0.00485	0.00663	0.00439	0.00627
62	0.01199	0.01151	0.01967	0.02974	0.79946	0.01151	0.01487	0.01487	0.01103	0.01583	0.00912	0.01199	0.00768	0.00432	0.00480	0.00144	0.00576	0.00432	0.00240	0.00768
63	0.01199	0.01151	0.01967	0.02974	0.79946	0.01151	0.01487	0.01487	0.01103	0.01583	0.00912	0.01199	0.00768	0.00432	0.00480	0.00144	0.00576	0.00432	0.00240	0.00768
64	0.00686	0.00495	0.00648	0.00610	0.00724	0.00457	0.00457	0.00914	0.01372	0.01943	0.79691	0.03620	0.04572	0.00991	0.00572	0.00152	0.00229	0.00876	0.00533	0.00457
65	0.01005	0.00861	0.01005	0.00718	0.01148	0.00646	0.00574	0.01220	0.01005	0.01579	0.00861	0.01005	0.00718	0.00359	0.00359	0.00072	0.00359	0.00287	0.00287	0.85932
66	0.00778	0.00608	0.00737	0.00781	0.00932	0.00607	0.00650	0.01139	0.12594	0.01491	0.03212	0.04676	0.26678	0.01203	0.00613	0.00196	0.00374	0.41795	0.00454	0.00482
67	0.00664	0.00487	0.00627	0.00641	0.00743	0.00450	0.00482	0.00851	0.01223	0.01672	0.46773	0.19762	0.12882	0.01163	0.00592	0.00171	0.00266	0.09614	0.00497	0.00438
68	0.00590	0.00422	0.00562	0.00675	0.00703	0.00394	0.00450	0.00675	0.00928	0.01237	0.02671	0.82653	0.03205	0.01518	0.00619	0.00197	0.00281	0.01378	0.00450	0.00394
69	0.01028	0.00580	0.00700	0.00623	0.00828	0.00501	0.00483	0.01193	0.01241	0.22546	0.22249	0.05305	0.38826	0.01009	0.00551	0.00158	0.00287	0.00852	0.00510	0.00531
70	0.01044	0.01045	0.03528	0.43431	0.32786	0.01118	0.07363	0.01365	0.01036	0.01402	0.00890	0.01251	0.00699	0.00458	0.00489	0.00155	0.00634	0.00440	0.00227	0.00640
71	0.01259	0.01186	0.02034	0.01529	0.01925	0.01205	0.41261	0.10196	0.24750	0.04177	0.01349	0.01471	0.01002	0.00514	0.00527	0.00159	0.00621	0.00543	0.03587	0.00704

[dist]
# distance from previous block
# <min> <max>
3	5

[block]
# block no. 5 follows, 52 sequences, length 23
# corresponding to MSA columns:
# 208-230
name=unknown_F
#
# <colnr> <probs for GDERKNQSTAVLIFYWHMCP>
#	G	D	E	R	K	N	Q	S	T	A	V	L	I	F	Y	W	H	M	C	P
0	0.01172	0.01154	0.03816	0.21895	0.41312	0.01174	0.12618	0.08038	0.01176	0.01620	0.00930	0.01230	0.00734	0.00455	0.00494	0.00151	0.00628	0.00451	0.00255	0.00699
1	0.00693	0.00517	0.00767	0.00767	0.00850	0.00599	0.00591	0.00858	0.00775	0.01116	0.01309	0.01962	0.01237	0.07303	0.77415	0.00765	0.01260	0.00528	0.00261	0.00426
2	0.00665	0.00490	0.00623	0.00599	0.00714	0.00447	0.00446	0.00871	0.01308	0.01817	0.65197	0.09147	0.13761	0.01056	0.00575	0.00157	0.00234	0.00929	0.00517	0.00447
3	0.01144	0.01307	0.02859	0.02042	0.02533	0.01225	0.78186	0.01552	0.01144	0.01552	0.00980	0.01307	0.00735	0.00408	0.00572	0.00163	0.00817	0.00572	0.00245	0.00654
4	0.00692	0.00493	0.00672	0.00780	0.00849	0.00480	0.00612	0.00844	0.01014	0.01334	0.02570	0.40006	0.02933	0.04779	0.00721	0.00221	0.00373	0.39766	0.00442	0.00416
5	0.01180	0.01086	0.01032	0.00936	0.01170	0.12007	0.00726	0.05694	0.43609	0.01902	0.17739	0.02244	0.03777	0.00743	0.00511	0.00158	0.00426	0.03940	0.00464	0.00656
6	0.01296	0.83261	0.02539	0.00829	0.01244	0.01917	0.00829	0.01451	0.00985	0.01140	0.00674	0.00777	0.00622	0.00415	0.00311	0.00104	0.00518	0.00259	0.00207	0.00622
7	0.01842	0.01357	0.01454	0.01115	0.01503	0.01503	0.00921	0.78330	0.02278	0.03054	0.01163	0.01163	0.00824	0.00582	0.00485	0.00145	0.00533	0.00436	0.00485	0.00824
8	0.01842	0.01357	0.01454	0.01115	0.01503	0.01503	0.00921	0.78330	0.02278	0.03054	0.01163	0.01163	0.00824	0.00582	0.00485	0.00145	0.00533	0.00436	0.00485	0.00824
9	0.01481	0.00687	0.00942	0.00846	0.01092	0.00626	0.00711	0.01687	0.01282	0.41718	0.10617	0.03318	0.02172	0.00924	0.00566	0.00178	0.00405	0.29573	0.00534	0.00641
10	0.00573	0.00491	0.00491	0.00491	0.00655	0.00409	0.00368	0.00695	0.01105	0.01309	0.04909	0.04664	0.79750	0.01227	0.00573	0.00164	0.00245	0.01023	0.00450	0.00409
11	0.00610	0.00492	0.00543	0.00531	0.00678	0.00425	0.00398	0.00769	0.01194	0.01521	0.29857	0.04315	0.54669	0.01148	0.00572	0.00160	0.00240	0.00974	0.00478	0.00425
12	0.01842	0.01357	0.01454	0.01115	0.01503	0.01503	0.00921	0.78330	0.02278	0.03054	0.01163	0.01163	0.00824	0.00582	0.00485	0.00145	0.00533	0.00436	0.00485	0.00824
13	0.01148	0.00645	0.00821	0.00769	0.00938	0.00618	0.00574	0.09467	0.02974	0.21493	0.10633	0.43137	0.02554	0.01110	0.00563	0.00174	0.00338	0.00979	0.00501	0.00564
14	0.00593	0.00466	0.00536	0.00573	0.00681	0.00409	0.00409	0.00714	0.01071	0.01357	0.12890	0.33275	0.42696	0.01307	0.00589	0.00175	0.00257	0.01136	0.00460	0.00409
15	0.01984	0.00980	0.01209	0.00939	0.01303	0.00962	0.00773	0.25045	0.04319	0.51411	0.01666	0.01519	0.01097	0.00713	0.03594	0.00173	0.00482	0.00475	0.00549	0.00807
16	0.01628	0.01251	0.01334	0.01072	0.01421	0.01403	0.00869	0.52829	0.28129	0.02708	0.01436	0.01380	0.01045	0.00607	0.00488	0.00152	0.00483	0.00474	0.00488	0.00805
17	0.00786	0.00578	0.00755	0.00726	0.00807	0.00642	0.00532	0.06529	0.00892	0.01238	0.03176	0.04993	0.03745	0.27702	0.41517	0.00568	0.03473	0.00618	0.00303	0.00420
18	0.00589	0.00427	0.00557	0.00661	0.00699	0.00395	0.00444	0.00676	0.00941	0.01243	0.02844	0.76629	0.09117	0.01496	0.00615	0.00194	0.00278	0.01350	0.00450	0.00395
19	0.01125	0.01219	0.01643	0.26228	0.05607	0.16514	0.17634	0.01383	0.01103	0.01354	0.06153	0.01585	0.06777	0.00593	0.00619	0.00159	0.08966	0.00510	0.00267	0.00562
20	0.01296	0.83261	0.02539	0.00829	0.01244	0.01917	0.00829	0.01451	0.00985	0.01140	0.00674	0.00777	0.00622	0.00415	0.00311	0.00104	0.00518	0.00259	0.00207	0.00622
21	0.01176	0.01129	0.01731	0.04383	0.58637	0.04133	0.01273	0.01443	0.01090	0.01558	0.00894	0.01149	0.00749	0.00421	0.00453	0.00129	0.00544	0.00397	0.00249	0.18463
22	0.01207	0.03891	0.06023	0.26073	0.18227	0.02605	0.03846	0.14607	0.05506	0.04001	0.04310	0.04022	0.01009	0.00558	0.00506	0.00154	0.01994	0.00482	0.00314	0.00664

[dist]
# distance from previous block
# <min> <max>
0	1

[block]
# block no. 6 follows, 52 sequences, length 20
# corresponding to MSA columns:
# 232-251
name=unknown_G
#
# <colnr> <probs for GDERKNQSTAVLIFYWHMCP>
#	G	D	E	R	K	N	Q	S	T	A	V	L	I	F	Y	W	H	M	C	P
0	0.01225	0.01199	0.01537	0.01252	0.01554	0.12282	0.21350	0.06666	0.26082	0.03261	0.01665	0.07625	0.05013	0.00796	0.03872	0.00187	0.00604	0.02808	0.00378	0.00645
1	0.07572	0.63300	0.02205	0.00888	0.01265	0.15514	0.00826	0.01533	0.01040	0.01223	0.00687	0.00795	0.00615	0.00432	0.00332	0.00111	0.00569	0.00269	0.00221	0.00604
2	0.00587	0.00491	0.00511	0.00506	0.00663	0.00415	0.00379	0.00723	0.01138	0.01388	0.14246	0.04533	0.70364	0.01198	0.00573	0.00162	0.00243	0.01004	0.00460	0.00415
3	0.52608	0.01081	0.11246	0.00764	0.01095	0.00982	0.00701	0.01509	0.03807	0.10566	0.04569	0.01254	0.00921	0.06500	0.00519	0.00174	0.00424	0.00371	0.00338	0.00572
4	0.01047	0.21333	0.56707	0.01262	0.01880	0.01301	0.04707	0.01497	0.01012	0.01431	0.00840	0.01002	0.00638	0.00537	0.02714	0.00160	0.00690	0.00348	0.00208	0.00683
5	0.00597	0.00440	0.00559	0.00639	0.00697	0.00402	0.00437	0.00701	0.00999	0.01316	0.10415	0.62391	0.15790	0.01420	0.00607	0.00187	0.00270	0.01272	0.00458	0.00402
6	0.01836	0.00750	0.01016	0.00805	0.01120	0.00654	0.00654	0.02033	0.01384	0.62470	0.19597	0.02097	0.01966	0.00689	0.00506	0.00151	0.00371	0.00576	0.00585	0.00741
7	0.01278	0.05322	0.04900	0.02156	0.34128	0.05838	0.24352	0.10071	0.02610	0.01696	0.00986	0.01270	0.00792	0.00466	0.00500	0.00149	0.00657	0.01841	0.00275	0.00713
8	0.00783	0.00553	0.00688	0.00664	0.00724	0.00595	0.00455	0.06408	0.00847	0.01162	0.01416	0.02557	0.01490	0.47648	0.31375	0.00560	0.00781	0.00617	0.00295	0.00384
9	0.00692	0.00519	0.00779	0.00779	0.00865	0.00606	0.00606	0.00865	0.00779	0.01125	0.01298	0.01904	0.01211	0.03634	0.81049	0.00779	0.01298	0.00519	0.00260	0.00433
10	0.01005	0.00861	0.01005	0.00718	0.01148	0.00646	0.00574	0.01220	0.01005	0.01579	0.00861	0.01005	0.00718	0.00359	0.00359	0.00072	0.00359	0.00287	0.00287	0.85932
11	0.01333	0.01072	0.01262	0.01050	0.01279	0.04810	0.03689	0.27144	0.08371	0.05795	0.15833	0.03124	0.01689	0.00761	0.00727	0.00166	0.16159	0.04662	0.00425	0.00649
12	0.00802	0.00697	0.00864	0.00751	0.00969	0.00669	0.07471	0.05544	0.12888	0.01596	0.10657	0.03638	0.49569	0.01010	0.00556	0.00162	0.00333	0.00864	0.00448	0.00513
13	0.01772	0.01447	0.01407	0.01119	0.01477	0.11670	0.00907	0.60698	0.10105	0.02708	0.01194	0.01193	0.00866	0.00579	0.00480	0.00145	0.00561	0.00432	0.00455	0.00785
14	0.00700	0.00491	0.00633	0.00633	0.00670	0.00527	0.00424	0.00772	0.00736	0.01017	0.01431	0.02640	0.01531	0.49735	0.35386	0.00599	0.00817	0.00627	0.00279	0.00352
15	0.00865	0.00959	0.14404	0.00835	0.01028	0.00766	0.00733	0.01258	0.15406	0.01366	0.05777	0.02768	0.01744	0.36440	0.01409	0.00303	0.03482	0.09624	0.00343	0.00490
16	0.01449	0.59162	0.02192	0.00954	0.01319	0.25467	0.00861	0.01595	0.01100	0.01154	0.00696	0.00806	0.00623	0.00440	0.00348	0.00110	0.00624	0.00275	0.00220	0.00604
17	0.01206	0.48384	0.11376	0.00905	0.01280	0.11156	0.00888	0.01420	0.01108	0.01342	0.15389	0.01347	0.01355	0.00537	0.00393	0.00121	0.00531	0.00392	0.00273	0.00595
18	0.01355	0.32479	0.04498	0.01076	0.07740	0.08455	0.00869	0.04424	0.04345	0.12880	0.01076	0.01224	0.00871	0.01067	0.15383	0.00247	0.00686	0.00382	0.00303	0.00640
19	0.67283	0.09423	0.01018	0.00737	0.01054	0.01187	0.03276	0.06302	0.00947	0.02080	0.00764	0.02767	0.00625	0.00478	0.00330	0.00146	0.00413	0.00310	0.00304	0.00555

[dist]
# distance from previous block
# <min> <max>
0	1

[block]
# block no. 7 follows, 52 sequences, length 19
# corresponding to MSA columns:
# 253-271
name=unknown_H
#
# <colnr> <probs for GDERKNQSTAVLIFYWHMCP>
#	G	D	E	R	K	N	Q	S	T	A	V	L	I	F	Y	W	H	M	C	P
0	0.01200	0.01140	0.01875	0.02764	0.71625	0.01157	0.01411	0.01602	0.09349	0.01630	0.01024	0.01264	0.00843	0.00456	0.00481	0.00146	0.00555	0.00444	0.00267	0.00768
1	0.00982	0.00870	0.01302	0.12883	0.29761	0.00911	0.00999	0.01422	0.13514	0.01706	0.25319	0.02170	0.04776	0.00674	0.00514	0.00153	0.00437	0.00607	0.00374	0.00628
2	0.01221	0.01122	0.01228	0.01052	0.01230	0.14664	0.07188	0.13598	0.04432	0.03817	0.01295	0.09058	0.01250	0.16351	0.05864	0.00260	0.13257	0.02235	0.00333	0.00547
3	0.01273	0.77593	0.08008	0.00868	0.01304	0.01862	0.00897	0.01457	0.00987	0.01168	0.00687	0.00795	0.00621	0.00418	0.00321	0.00107	0.00532	0.00266	0.00207	0.00629
4	0.00573	0.00491	0.00491	0.00491	0.00655	0.00409	0.00368	0.00695	0.01105	0.01309	0.04909	0.04664	0.79750	0.01227	0.00573	0.00164	0.00245	0.01023	0.00450	0.00409
5	0.00848	0.00529	0.00725	0.00798	0.00902	0.00505	0.00634	0.01009	0.01065	0.09697	0.02541	0.37529	0.02796	0.01336	0.00629	0.00204	0.00373	0.36951	0.00464	0.00464
6	0.01810	0.02310	0.01373	0.01248	0.01498	0.81024	0.00936	0.01935	0.01373	0.01186	0.00749	0.00874	0.00624	0.00499	0.00437	0.00125	0.00874	0.00312	0.00250	0.00562
7	0.01179	0.01131	0.01931	0.08507	0.74570	0.01146	0.01477	0.01470	0.01094	0.01559	0.00908	0.01206	0.00759	0.00435	0.00480	0.00145	0.00581	0.00432	0.00238	0.00752
8	0.00692	0.00519	0.00779	0.00779	0.00865	0.00606	0.00606	0.00865	0.00779	0.01125	0.01298	0.01904	0.01211	0.03634	0.81049	0.00779	0.01298	0.00519	0.00260	0.00433
9	0.00705	0.00470	0.00529	0.00529	0.00529	0.00470	0.00294	0.00705	0.00705	0.00940	0.01527	0.03171	0.01762	0.82969	0.02467	0.00470	0.00470	0.00705	0.00294	0.00294
10	0.00606	0.00423	0.00557	0.00664	0.00696	0.00397	0.00444	0.00698	0.00932	0.01266	0.02616	0.78583	0.03106	0.01470	0.00604	0.00193	0.00278	0.01331	0.04740	0.00397
11	0.00781	0.00558	0.00781	0.00892	0.01004	0.00558	0.00781	0.01004	0.01116	0.01450	0.02566	0.05466	0.02789	0.01339	0.00669	0.00223	0.00446	0.76685	0.00446	0.00446
12	0.00686	0.00489	0.00657	0.00669	0.00715	0.00529	0.00466	0.00781	0.00766	0.01064	0.01536	0.11125	0.01644	0.34660	0.41403	0.00594	0.00862	0.00685	0.00294	0.00374
13	0.08670	0.01172	0.02297	0.16839	0.12188	0.01176	0.47476	0.01475	0.01078	0.01553	0.00923	0.01245	0.00704	0.00429	0.00520	0.00159	0.00716	0.00501	0.00244	0.00635
14	0.01152	0.47362	0.37178	0.01075	0.01623	0.01565	0.01257	0.01488	0.01002	0.01316	0.00761	0.00887	0.00618	0.00435	0.00377	0.00126	0.00606	0.00303	0.00206	0.00664
15	0.05864	0.01113	0.01629	0.13281	0.31926	0.03732	0.02677	0.06362	0.01072	0.04978	0.00876	0.01163	0.00720	0.00567	0.00760	0.00165	0.21770	0.00422	0.00264	0.00658
16	0.01288	0.01096	0.01452	0.01743	0.31070	0.01185	0.01048	0.07405	0.40988	0.05191	0.01512	0.01526	0.01153	0.00564	0.00487	0.00155	0.00468	0.00494	0.00401	0.00774
17	0.02782	0.00843	0.01088	0.04339	0.01266	0.00709	0.05591	0.02853	0.02749	0.01678	0.14425	0.01501	0.01392	0.00489	0.00419	0.00101	0.00383	0.00421	0.00332	0.56639
18	0.01188	0.14675	0.02041	0.06763	0.54355	0.01298	0.04694	0.01450	0.01055	0.01463	0.00855	0.01131	0.00727	0.00458	0.00528	0.00143	0.05824	0.00409	0.00232	0.00711

[dist]
# distance from previous block
# <min> <max>
0	1

[block]
# block no. 8 follows, 52 sequences, length 111
# corresponding to MSA columns:
# 273-383
name=unknown_I
#
# <colnr> <probs for GDERKNQSTAVLIFYWHMCP>
#	G	D	E	R	K	N	Q	S	T	A	V	L	I	F	Y	W	H	M	C	P
0	0.00878	0.03666	0.10621	0.13867	0.04429	0.00824	0.00896	0.03204	0.01124	0.03188	0.22595	0.10190	0.06595	0.00958	0.03463	0.00188	0.06412	0.06002	0.00369	0.00531
1	0.01553	0.01239	0.01281	0.01085	0.02951	0.06052	0.00851	0.36829	0.32972	0.05408	0.03622	0.01491	0.01190	0.00616	0.00488	0.00152	0.00481	0.00488	0.00475	0.00774
2	0.01188	0.01185	0.01813	0.11292	0.57431	0.07920	0.04049	0.01466	0.01129	0.01532	0.05585	0.01330	0.00967	0.00476	0.00485	0.00145	0.00597	0.00453	0.00256	0.00702
3	0.01027	0.16164	0.67280	0.01288	0.01953	0.01259	0.01628	0.01521	0.01017	0.01468	0.00837	0.00982	0.00615	0.00453	0.00435	0.00145	0.00683	0.00341	0.00205	0.00700
4	0.01108	0.01112	0.12455	0.00910	0.01205	0.05625	0.00812	0.01729	0.26822	0.10055	0.10337	0.03654	0.14423	0.00892	0.03525	0.00183	0.00460	0.03627	0.00434	0.00632
5	0.00961	0.02841	0.34188	0.01411	0.01880	0.01009	0.27312	0.01341	0.01011	0.01425	0.01175	0.09660	0.01071	0.11623	0.00781	0.00203	0.00670	0.00579	0.00255	0.00604
6	0.01057	0.17894	0.56536	0.01406	0.06592	0.01285	0.05782	0.01517	0.01027	0.01463	0.00841	0.01002	0.00631	0.00447	0.00439	0.00144	0.00675	0.00355	0.00209	0.00698
7	0.01220	0.07064	0.31050	0.01149	0.01583	0.15244	0.01170	0.07384	0.17596	0.01650	0.02581	0.05599	0.02209	0.00604	0.00470	0.00150	0.00606	0.01681	0.00320	0.00672
8	0.01052	0.22511	0.61156	0.01244	0.01886	0.01322	0.01552	0.01514	0.01014	0.01437	0.00821	0.00962	0.00616	0.00449	0.00423	0.00141	0.00667	0.00334	0.00205	0.00693
9	0.00915	0.00861	0.01453	0.81804	0.03338	0.01077	0.01346	0.01238	0.00969	0.01238	0.00861	0.01292	0.00646	0.00484	0.00484	0.00161	0.00646	0.00431	0.00215	0.00538
10	0.01182	0.01160	0.02057	0.05806	0.67573	0.01158	0.10905	0.01486	0.01103	0.01566	0.00918	0.01216	0.00759	0.00431	0.00491	0.00147	0.00608	0.00449	0.00240	0.00745
11	0.00842	0.00421	0.00631	0.00631	0.00631	0.00421	0.00421	0.00631	0.00631	0.00842	0.00842	0.01473	0.00842	0.01684	0.01894	0.85901	0.00421	0.00421	0.00210	0.00210
12	0.00915	0.00861	0.01453	0.81804	0.03338	0.01077	0.01346	0.01238	0.00969	0.01238	0.00861	0.01292	0.00646	0.00484	0.00484	0.00161	0.00646	0.00431	0.00215	0.00538
13	0.01494	0.01161	0.05902	0.01010	0.01353	0.01177	0.00848	0.22087	0.39963	0.14750	0.01767	0.01646	0.03341	0.00632	0.00490	0.00156	0.00443	0.00511	0.00490	0.00778
14	0.00842	0.00421	0.00631	0.00631	0.00631	0.00421	0.00421	0.00631	0.00631	0.00842	0.00842	0.01473	0.00842	0.01684	0.01894	0.85901	0.00421	0.00421	0.00210	0.00210
15	0.02117	0.00838	0.01123	0.00870	0.01238	0.00742	0.00716	0.02374	0.06012	0.75623	0.01915	0.01659	0.01216	0.00603	0.00488	0.00151	0.00411	0.00491	0.00593	0.00821
16	0.01296	0.83261	0.02539	0.00829	0.01244	0.01917	0.00829	0.01451	0.00985	0.01140	0.00674	0.00777	0.00622	0.00415	0.00311	0.00104	0.00518	0.00259	0.00207	0.00622
17	0.01534	0.27008	0.01917	0.05975	0.03094	0.16321	0.08061	0.27103	0.01503	0.01837	0.00894	0.01011	0.00704	0.00490	0.00430	0.00131	0.00625	0.00370	0.00312	0.00679
18	0.01094	0.01071	0.01471	0.01257	0.01280	0.01476	0.01045	0.04096	0.03354	0.01265	0.00699	0.01088	0.00671	0.00832	0.01513	0.00208	0.76370	0.00429	0.00231	0.00549
19	0.00597	0.00425	0.00560	0.00666	0.00692	0.00398	0.00441	0.00677	0.00915	0.01219	0.02603	0.77921	0.03119	0.06367	0.00729	0.00213	0.00292	0.01338	0.00441	0.00388
20	0.00679	0.00495	0.00638	0.00603	0.00720	0.00454	0.00452	0.00901	0.01356	0.01906	0.75238	0.03682	0.09048	0.01005	0.00572	0.00153	0.00230	0.00885	0.00528	0.00454
21	0.01060	0.01060	0.01484	0.01272	0.01272	0.01484	0.01060	0.01166	0.00742	0.01166	0.00636	0.01060	0.00636	0.00848	0.01590	0.00212	0.82082	0.00424	0.00212	0.00530
22	0.00590	0.00422	0.00562	0.00675	0.00703	0.00394	0.00450	0.00675	0.00928	0.01237	0.02671	0.82653	0.03205	0.01518	0.00619	0.00197	0.00281	0.01378	0.00450	0.00394
23	0.00573	0.00491	0.00491	0.00491	0.00655	0.00409	0.00368	0.00695	0.01105	0.01309	0.04909	0.04664	0.79750	0.01227	0.00573	0.00164	0.00245	0.01023	0.00450	0.00409
24	0.01842	0.01357	0.01454	0.01115	0.01503	0.01503	0.00921	0.78330	0.02278	0.03054	0.01163	0.01163	0.00824	0.00582	0.00485	0.00145	0.00533	0.00436	0.00485	0.00824
25	0.01005	0.00861	0.01005	0.00718	0.01148	0.00646	0.00574	0.01220	0.01005	0.01579	0.00861	0.01005	0.00718	0.00359	0.00359	0.00072	0.00359	0.00287	0.00287	0.85932
26	0.01810	0.02310	0.01373	0.01248	0.01498	0.81024	0.00936	0.01935	0.01373	0.01186	0.00749	0.00874	0.00624	0.00499	0.00437	0.00125	0.00874	0.00312	0.00250	0.00562
27	0.00799	0.00473	0.00546	0.00528	0.00641	0.00454	0.00396	0.01026	0.01187	0.01872	0.39111	0.02678	0.02842	0.00769	0.00451	0.00132	0.00227	0.00656	0.44758	0.00454
28	0.00692	0.00519	0.00779	0.00779	0.00865	0.00606	0.00606	0.00865	0.00779	0.01125	0.01298	0.01904	0.01211	0.03634	0.81049	0.00779	0.01298	0.00519	0.00260	0.00433
29	0.01013	0.01051	0.02052	0.47827	0.02995	0.01140	0.34078	0.01372	0.01043	0.01372	0.00912	0.01298	0.00684	0.00452	0.00522	0.00162	0.00719	0.00491	0.00228	0.00587
30	0.01323	0.01099	0.01162	0.01010	0.01305	0.01260	0.00796	0.16584	0.64870	0.02217	0.01823	0.01689	0.01358	0.00643	0.00492	0.00161	0.00411	0.00527	0.00492	0.00778
