[name]
unknown

[dist]
# distance from previous block
# <min> <max>
0	60

[block]
# block no. 0 follows, 42 sequences, length 128
# corresponding to MSA columns:
# 120-247
name=unknown_A
#
# <colnr> <probs for GDERKNQSTAVLIFYWHMCP>
#	G	D	E	R	K	N	Q	S	T	A	V	L	I	F	Y	W	H	M	C	P
0	0.00907	0.00648	0.00907	0.01036	0.01166	0.00648	0.00907	0.01166	0.01296	0.01684	0.02980	0.06348	0.03239	0.01555	0.00777	0.00259	0.00518	0.72924	0.00518	0.00518
1	0.01929	0.00857	0.01126	0.00926	0.01260	0.00772	0.00740	0.02236	0.06710	0.50077	0.14032	0.08992	0.06012	0.00898	0.00599	0.00181	0.00421	0.00759	0.00653	0.00820
2	0.00733	0.00520	0.00674	0.00741	0.00796	0.00489	0.00500	0.00862	0.01179	0.01607	0.22310	0.49616	0.03917	0.12143	0.00992	0.00258	0.00340	0.01341	0.00524	0.00461
3	0.01505	0.80561	0.02949	0.00963	0.01444	0.02227	0.00963	0.01685	0.01143	0.01324	0.00782	0.00903	0.00722	0.00481	0.00361	0.00120	0.00602	0.00301	0.00241	0.00722
4	0.00818	0.00546	0.00614	0.00614	0.00614	0.00546	0.00341	0.00818	0.00818	0.01091	0.01773	0.03683	0.02046	0.80222	0.02864	0.00546	0.00546	0.00818	0.00341	0.00341
5	0.03340	0.00670	0.00820	0.00741	0.00960	0.00597	0.00570	0.01371	0.01445	0.19491	0.29688	0.09842	0.25959	0.01160	0.00637	0.00184	0.00331	0.00991	0.00593	0.00610
6	0.02525	0.00958	0.01306	0.01001	0.01437	0.00827	0.00827	0.02743	0.01611	0.77102	0.02220	0.01915	0.01393	0.00697	0.00566	0.00174	0.00479	0.00566	0.00697	0.00958
7	0.84197	0.01088	0.00827	0.00740	0.01088	0.01262	0.00609	0.01654	0.00958	0.02525	0.00784	0.00914	0.00609	0.00522	0.00348	0.00174	0.00435	0.00305	0.00348	0.00609
8	0.00944	0.00514	0.00562	0.00600	0.00702	0.00505	0.00431	0.01158	0.01150	0.01906	0.02203	0.24652	0.02104	0.00977	0.00488	0.00159	0.00281	0.00836	0.59323	0.00505
9	0.00708	0.00511	0.00640	0.00729	0.00778	0.00476	0.00482	0.00800	0.01075	0.01415	0.05307	0.56660	0.12126	0.14264	0.01054	0.00273	0.00355	0.01409	0.00496	0.00443
10	0.84197	0.01088	0.00827	0.00740	0.01088	0.01262	0.00609	0.01654	0.00958	0.02525	0.00784	0.00914	0.00609	0.00522	0.00348	0.00174	0.00435	0.00305	0.00348	0.00609
11	0.84197	0.01088	0.00827	0.00740	0.01088	0.01262	0.00609	0.01654	0.00958	0.02525	0.00784	0.00914	0.00609	0.00522	0.00348	0.00174	0.00435	0.00305	0.00348	0.00609
12	0.01584	0.00687	0.00816	0.00703	0.00949	0.00635	0.00555	0.01826	0.01343	0.29905	0.02102	0.02136	0.03821	0.00695	0.00466	0.00149	0.00343	0.00561	0.50039	0.00684
13	0.02480	0.00945	0.01282	0.00987	0.01413	0.00818	0.00814	0.02699	0.01598	0.74826	0.02209	0.01921	0.01395	0.00695	0.00561	0.00173	0.00472	0.00565	0.03204	0.00945
14	0.84197	0.01088	0.00827	0.00740	0.01088	0.01262	0.00609	0.01654	0.00958	0.02525	0.00784	0.00914	0.00609	0.00522	0.00348	0.00174	0.00435	0.00305	0.00348	0.00609
15	0.00783	0.00565	0.00740	0.00717	0.00838	0.00522	0.00530	0.01028	0.01531	0.02158	0.67588	0.13312	0.05119	0.01224	0.00670	0.00183	0.00273	0.01088	0.00608	0.00522
16	0.00688	0.00494	0.00653	0.00775	0.00815	0.00459	0.00520	0.00791	0.01096	0.01458	0.04868	0.75848	0.05974	0.01739	0.00715	0.00226	0.00324	0.01574	0.00525	0.00459
17	0.00791	0.00575	0.00744	0.00702	0.00837	0.00529	0.00527	0.01051	0.01580	0.02225	0.73362	0.04256	0.08383	0.01162	0.00664	0.00178	0.00266	0.01025	0.00615	0.00529
18	0.78478	0.01122	0.00887	0.00779	0.01134	0.01296	0.00642	0.06755	0.01075	0.02596	0.00823	0.00945	0.00634	0.00533	0.00363	0.00174	0.00448	0.00319	0.00363	0.00634
19	0.01122	0.01054	0.01446	0.01265	0.01270	0.01422	0.01016	0.01223	0.00855	0.01296	0.00997	0.01800	0.01050	0.17877	0.06058	0.00344	0.58518	0.00567	0.00269	0.00552
20	0.01167	0.01000	0.01167	0.00834	0.01334	0.00750	0.00667	0.01417	0.01167	0.01834	0.01000	0.01167	0.00834	0.00417	0.00417	0.00083	0.00417	0.00333	0.00333	0.83663
21	0.00786	0.00532	0.00623	0.00655	0.00663	0.00524	0.00385	0.00810	0.00882	0.01176	0.02099	0.22353	0.02457	0.60992	0.02338	0.00468	0.00492	0.01010	0.00385	0.00369
22	0.01505	0.80561	0.02949	0.00963	0.01444	0.02227	0.00963	0.01685	0.01143	0.01324	0.00782	0.00903	0.00722	0.00481	0.00361	0.00120	0.00602	0.00301	0.00241	0.00722
23	0.01400	0.01209	0.01273	0.01145	0.01463	0.01400	0.00891	0.02990	0.75695	0.02354	0.02291	0.02100	0.01718	0.00764	0.00573	0.00191	0.00445	0.00636	0.00573	0.00891
24	0.00770	0.00574	0.00716	0.00680	0.00825	0.00520	0.00510	0.01011	0.01531	0.02109	0.62186	0.04448	0.19632	0.01206	0.00664	0.00180	0.00269	0.01052	0.00600	0.00520
25	0.01393	0.01337	0.02284	0.03454	0.76712	0.01337	0.01727	0.01727	0.01281	0.01839	0.01059	0.01393	0.00891	0.00501	0.00557	0.00167	0.00669	0.00501	0.00279	0.00891
26	0.00796	0.00575	0.00752	0.00708	0.00841	0.00531	0.00531	0.01062	0.01593	0.02257	0.76415	0.04204	0.05310	0.01150	0.00664	0.00177	0.00265	0.01018	0.00619	0.00531
27	0.01231	0.01231	0.01724	0.01477	0.01477	0.01724	0.01231	0.01354	0.00862	0.01354	0.00739	0.01231	0.00739	0.00985	0.01847	0.00246	0.79192	0.00492	0.00246	0.00616
28	0.00699	0.00499	0.00668	0.00798	0.00837	0.00468	0.00545	0.00806	0.01090	0.01451	0.03095	0.75579	0.03694	0.01751	0.00722	0.00230	0.00338	0.05749	0.00522	0.00461
29	0.01328	0.01518	0.03321	0.02372	0.02941	0.01423	0.74668	0.01803	0.01328	0.01803	0.01139	0.01518	0.00854	0.00474	0.00664	0.00190	0.00949	0.00664	0.00285	0.00759
30	0.01289	0.01091	0.01183	0.01103	0.01385	0.01239	0.00873	0.02603	0.60535	0.02211	0.02548	0.02925	0.05190	0.00919	0.00609	0.00202	0.00450	0.12268	0.00562	0.00813
31	0.01379	0.24445	0.03213	0.01963	0.02507	0.01656	0.53289	0.01769	0.01275	0.01664	0.01035	0.01340	0.00816	0.00476	0.00576	0.00170	0.00848	0.00559	0.00272	0.00748
32	0.01729	0.51327	0.02441	0.01146	0.01555	0.30656	0.01010	0.01896	0.01313	0.01344	0.00815	0.00945	0.00723	0.00518	0.00416	0.00130	0.00757	0.00324	0.00259	0.00696
33	0.01150	0.00953	0.01223	0.00993	0.01257	0.00970	0.00797	0.01354	0.01128	0.04942	0.11186	0.01801	0.01525	0.03788	0.07552	0.00229	0.21332	0.00517	0.00362	0.36940
34	0.01261	0.01221	0.02120	0.31524	0.42249	0.01321	0.06849	0.01615	0.01215	0.01673	0.01034	0.01438	0.00832	0.00535	0.00601	0.00178	0.02779	0.00512	0.00267	0.00775
35	0.02015	0.02575	0.04910	0.01582	0.06613	0.67651	0.01171	0.04148	0.01585	0.01483	0.00901	0.01056	0.00741	0.00575	0.00513	0.00148	0.00974	0.00378	0.00294	0.00684
36	0.01110	0.00952	0.01100	0.00804	0.01269	0.00719	0.00640	0.01348	0.01180	0.01798	0.01531	0.01647	0.09372	0.00531	0.00445	0.00095	0.00402	0.00430	0.00355	0.74274
37	0.01057	0.00944	0.01525	0.02103	0.37376	0.00921	0.03364	0.01297	0.01235	0.01702	0.06496	0.27511	0.07918	0.01050	0.00634	0.00193	0.00509	0.03080	0.00403	0.00683
38	0.00804	0.00603	0.00904	0.00904	0.01005	0.00703	0.00703	0.01005	0.00904	0.01306	0.01507	0.02211	0.01407	0.04221	0.77992	0.00904	0.01507	0.00603	0.00301	0.00502
39	0.01221	0.01185	0.01891	0.42586	0.28140	0.03399	0.01568	0.01548	0.01161	0.01562	0.00987	0.01421	0.00796	0.00590	0.00704	0.00186	0.09583	0.00496	0.00260	0.00715
40	0.84197	0.01088	0.00827	0.00740	0.01088	0.01262	0.00609	0.01654	0.00958	0.02525	0.00784	0.00914	0.00609	0.00522	0.00348	0.00174	0.00435	0.00305	0.00348	0.00609
41	0.01400	0.01209	0.01273	0.01145	0.01463	0.01400	0.00891	0.02990	0.75695	0.02354	0.02291	0.02100	0.01718	0.00764	0.00573	0.00191	0.00445	0.00636	0.00573	0.00891
42	0.00817	0.00546	0.00713	0.00726	0.00773	0.00561	0.00490	0.00847	0.00894	0.01200	0.02048	0.10723	0.08724	0.30226	0.22005	0.16418	0.00741	0.00812	0.00347	0.00389
43	0.01328	0.29349	0.02158	0.01295	0.01466	0.01902	0.01136	0.01472	0.00962	0.01344	0.00754	0.01115	0.00733	0.00807	0.01320	0.00202	0.51337	0.00425	0.00244	0.00653
44	0.01049	0.00525	0.00525	0.00525	0.00656	0.00525	0.00393	0.01311	0.01180	0.02098	0.01836	0.02098	0.01442	0.00656	0.00393	0.00131	0.00262	0.00525	0.83346	0.00525
45	0.00757	0.00541	0.00651	0.00709	0.00765	0.00514	0.00476	0.00841	0.01032	0.01341	0.02990	0.30513	0.14754	0.32272	0.01552	0.00349	0.00425	0.08644	0.00451	0.00421
46	0.01339	0.01204	0.01863	0.38236	0.27952	0.01355	0.01510	0.11493	0.06016	0.01913	0.01147	0.01481	0.00886	0.00570	0.00561	0.00178	0.00686	0.00510	0.00322	0.00776
47	0.01477	0.01286	0.01672	0.01972	0.28155	0.01400	0.01201	0.11772	0.37986	0.02323	0.03632	0.01806	0.01419	0.00669	0.00568	0.00179	0.00542	0.00582	0.00468	0.00890
48	0.00668	0.00559	0.00581	0.00599	0.00768	0.00473	0.00440	0.00804	0.01255	0.01509	0.05352	0.15417	0.66708	0.01471	0.00672	0.00195	0.00291	0.01243	0.00523	0.00473
49	0.00777	0.00566	0.00682	0.00681	0.00817	0.00506	0.00496	0.00959	0.01365	0.03783	0.34068	0.19045	0.28904	0.03875	0.00742	0.00203	0.00298	0.01169	0.00561	0.00503
50	0.01273	0.01088	0.03304	0.10296	0.14619	0.01042	0.19740	0.01591	0.01332	0.10974	0.13547	0.10559	0.04590	0.00809	0.00655	0.00187	0.02496	0.00773	0.00415	0.00710
51	0.01226	0.01380	0.10370	0.25351	0.22304	0.03218	0.07167	0.01774	0.11247	0.01781	0.05724	0.03473	0.01260	0.00626	0.00575	0.00181	0.00681	0.00575	0.00331	0.00756
52	0.01305	0.39300	0.42460	0.01304	0.01971	0.01738	0.01556	0.01737	0.01167	0.01567	0.00903	0.01054	0.00717	0.00510	0.00453	0.00151	0.00724	0.00362	0.00239	0.00780
53	0.38863	0.01489	0.01358	0.01320	0.10193	0.12447	0.00942	0.23031	0.01578	0.02577	0.00993	0.01112	0.00760	0.00573	0.00458	0.00168	0.00599	0.00395	0.00394	0.00750
54	0.00818	0.00571	0.00708	0.00688	0.00802	0.00527	0.00490	0.01001	0.01361	0.03837	0.44319	0.11638	0.13868	0.15634	0.01067	0.00251	0.00331	0.01049	0.00548	0.00493
55	0.06315	0.01208	0.01684	0.28636	0.10036	0.04127	0.01330	0.05245	0.01129	0.01622	0.01004	0.01407	0.02321	0.00739	0.01037	0.00205	0.30517	0.00495	0.00281	0.00663
56	0.73173	0.01154	0.00943	0.00815	0.01177	0.01327	0.00671	0.11487	0.01185	0.02662	0.00860	0.00973	0.00656	0.00543	0.00377	0.00173	0.00460	0.00332	0.00377	0.00656
57	0.00686	0.00490	0.00653	0.00784	0.00816	0.00457	0.00522	0.00784	0.01077	0.01437	0.03102	0.79855	0.03722	0.01763	0.00718	0.00229	0.00326	0.01600	0.00522	0.00457
58	0.00804	0.00603	0.00904	0.00904	0.01005	0.00703	0.00703	0.01005	0.00904	0.01306	0.01507	0.02211	0.01407	0.04221	0.77992	0.00904	0.01507	0.00603	0.00301	0.00502
59	0.01100	0.01038	0.01755	0.70358	0.12097	0.01260	0.01581	0.01471	0.01143	0.01483	0.01007	0.01488	0.00766	0.00556	0.00562	0.00185	0.00741	0.00500	0.00253	0.00655
60	0.84197	0.01088	0.00827	0.00740	0.01088	0.01262	0.00609	0.01654	0.00958	0.02525	0.00784	0.00914	0.00609	0.00522	0.00348	0.00174	0.00435	0.00305	0.00348	0.00609
61	0.00798	0.00608	0.00759	0.00837	0.00985	0.00568	0.00695	0.01002	0.01278	0.01605	0.04068	0.10096	0.32371	0.01515	0.00729	0.00230	0.00415	0.40423	0.00520	0.00498
62	0.01976	0.01471	0.01579	0.01251	0.01669	0.01636	0.01020	0.55652	0.19888	0.05504	0.01600	0.01545	0.01150	0.00697	0.00565	0.00174	0.00574	0.00539	0.00569	0.00941
63	0.02139	0.01576	0.01689	0.01295	0.01745	0.01745	0.01070	0.74835	0.02646	0.03547	0.01351	0.01351	0.00957	0.00676	0.00563	0.00169	0.00619	0.00507	0.00563	0.00957
64	0.01167	0.01000	0.01167	0.00834	0.01334	0.00750	0.00667	0.01417	0.01167	0.01834	0.01000	0.01167	0.00834	0.00417	0.00417	0.00083	0.00417	0.00333	0.00333	0.83663
65	0.00813	0.00589	0.00794	0.00913	0.01015	0.00570	0.00738	0.01008	0.01222	0.01588	0.03250	0.30726	0.09588	0.01613	0.00748	0.00243	0.00435	0.43132	0.00520	0.00494
66	0.23342	0.00935	0.01096	0.00951	0.01290	0.00925	0.00797	0.04273	0.01396	0.37202	0.02005	0.02713	0.01624	0.00859	0.00561	0.00195	0.00481	0.18037	0.00559	0.00761
67	0.74318	0.01147	0.00931	0.00807	0.01167	0.01321	0.00665	0.10465	0.01161	0.02648	0.00852	0.00967	0.00651	0.00541	0.00374	0.00174	0.00457	0.00329	0.00374	0.00651
68	0.00706	0.00563	0.00633	0.00634	0.00790	0.00489	0.00468	0.00879	0.01350	0.01725	0.26015	0.13464	0.47530	0.01383	0.00671	0.00191	0.00284	0.01185	0.00551	0.00489
69	0.32473	0.01163	0.01227	0.00980	0.01387	0.01221	0.00809	0.20708	0.01634	0.30927	0.01470	0.01403	0.00994	0.00627	0.00485	0.00173	0.00499	0.00455	0.00534	0.00829
70	0.01055	0.00612	0.00799	0.00764	0.00902	0.00562	0.00552	0.01232	0.01356	0.14207	0.34816	0.23716	0.03807	0.11873	0.00958	0.00240	0.00354	0.01070	0.00569	0.00556
71	0.00783	0.00565	0.00740	0.00717	0.00838	0.00522	0.00530	0.01028	0.01531	0.02158	0.67588	0.13312	0.05119	0.01224	0.00670	0.00183	0.00273	0.01088	0.00608	0.00522
72	0.02102	0.02682	0.01595	0.01450	0.01740	0.77963	0.01087	0.02247	0.01595	0.01377	0.00870	0.01015	0.00725	0.00580	0.00507	0.00145	0.01015	0.00362	0.00290	0.00652
73	0.02525	0.00958	0.01306	0.01001	0.01437	0.00827	0.00827	0.02743	0.01611	0.77102	0.02220	0.01915	0.01393	0.00697	0.00566	0.00174	0.00479	0.00566	0.00697	0.00958
74	0.00665	0.00570	0.00570	0.00570	0.00760	0.00475	0.00428	0.00808	0.01283	0.01520	0.05701	0.05416	0.76483	0.01425	0.00665	0.00190	0.00285	0.01188	0.00523	0.00475
75	0.00796	0.00575	0.00752	0.00708	0.00841	0.00531	0.00531	0.01062	0.01593	0.02257	0.76415	0.04204	0.05310	0.01150	0.00664	0.00177	0.00265	0.01018	0.00619	0.00531
76	0.00818	0.00546	0.00614	0.00614	0.00614	0.00546	0.00341	0.00818	0.00818	0.01091	0.01773	0.03683	0.02046	0.80222	0.02864	0.00546	0.00546	0.00818	0.00341	0.00341
77	0.84197	0.01088	0.00827	0.00740	0.01088	0.01262	0.00609	0.01654	0.00958	0.02525	0.00784	0.00914	0.00609	0.00522	0.00348	0.00174	0.00435	0.00305	0.00348	0.00609
78	0.00775	0.00574	0.00722	0.00685	0.00827	0.00522	0.00514	0.01020	0.01541	0.02134	0.64660	0.04405	0.17141	0.01196	0.00664	0.00179	0.00269	0.01046	0.00603	0.00522
79	0.00804	0.00603	0.00904	0.00904	0.01005	0.00703	0.00703	0.01005	0.00904	0.01306	0.01507	0.02211	0.01407	0.04221	0.77992	0.00904	0.01507	0.00603	0.00301	0.00502
80	0.84197	0.01088	0.00827	0.00740	0.01088	0.01262	0.00609	0.01654	0.00958	0.02525	0.00784	0.00914	0.00609	0.00522	0.00348	0.00174	0.00435	0.00305	0.00348	0.00609
81	0.02104	0.02634	0.01599	0.01443	0.01740	0.74673	0.01087	0.05381	0.01640	0.01471	0.00891	0.01029	0.00735	0.00584	0.00510	0.00146	0.00998	0.00369	0.00302	0.00666
82	0.00764	0.00574	0.00707	0.00674	0.00821	0.00517	0.00505	0.00999	0.01516	0.02074	0.58840	0.04505	0.22999	0.01219	0.00664	0.00180	0.00270	0.01060	0.00595	0.00517
83	0.01328	0.01518	0.03321	0.02372	0.02941	0.01423	0.74668	0.01803	0.01328	0.01803	0.01139	0.01518	0.00854	0.00474	0.00664	0.00190	0.00949	0.00664	0.00285	0.00759
84	0.01082	0.01020	0.01723	0.74392	0.08201	0.01255	0.01573	0.01455	0.01135	0.01462	0.01004	0.01494	0.00759	0.00559	0.00562	0.00186	0.00745	0.00500	0.00252	0.00641
85	0.01091	0.01013	0.01556	0.27245	0.02311	0.04792	0.12946	0.05097	0.01269	0.01625	0.01971	0.18774	0.06049	0.01000	0.00675	0.02004	0.00641	0.08966	0.00377	0.00601
86	0.01530	0.01219	0.01296	0.05123	0.01550	0.05293	0.00939	0.25058	0.23898	0.02490	0.01918	0.02494	0.01602	0.00837	0.00580	0.00186	0.00538	0.12797	0.09871	0.00781
87	0.01509	0.09640	0.08683	0.06104	0.06018	0.10987	0.03588	0.14489	0.11471	0.03399	0.07299	0.01678	0.03096	0.00648	0.00533	0.00159	0.00627	0.00521	0.00405	0.09145
88	0.01646	0.47479	0.11097	0.01188	0.01650	0.25592	0.01130	0.01870	0.01288	0.01393	0.00836	0.00970	0.00722	0.00518	0.00426	0.00135	0.00756	0.00333	0.00256	0.00713
89	0.01311	0.01092	0.01261	0.00921	0.01398	0.00926	0.00743	0.12134	0.01373	0.02069	0.01043	0.01196	0.00849	0.00472	0.00483	0.00101	0.02930	0.00364	0.00364	0.68970
90	0.01812	0.30798	0.04383	0.01256	0.01638	0.37511	0.01068	0.07765	0.03992	0.01574	0.00925	0.01048	0.00776	0.00567	0.00497	0.00143	0.02867	0.00366	0.00300	0.00714
91	0.04519	0.01527	0.01630	0.01264	0.01703	0.01692	0.01040	0.66857	0.07104	0.04839	0.01409	0.01395	0.01002	0.00677	0.00557	0.00171	0.00600	0.00510	0.00560	0.00943
92	0.00686	0.00490	0.00653	0.00784	0.00816	0.00457	0.00522	0.00784	0.01077	0.01437	0.03102	0.79855	0.03722	0.01763	0.00718	0.00229	0.00326	0.01600	0.00522	0.00457
93	0.01090	0.00971	0.06456	0.10864	0.01609	0.00955	0.02410	0.01564	0.13088	0.05621	0.01833	0.02857	0.01684	0.09010	0.21498	0.00425	0.03310	0.13734	0.00396	0.00624
94	0.02190	0.01413	0.01577	0.01218	0.01658	0.01513	0.01004	0.54206	0.06281	0.20641	0.01604	0.01522	0.01099	0.00685	0.00564	0.00171	0.00577	0.00527	0.00595	0.00954
95	0.01231	0.01231	0.01724	0.01477	0.01477	0.01724	0.01231	0.01354	0.00862	0.01354	0.00739	0.01231	0.00739	0.00985	0.01847	0.00246	0.79192	0.00492	0.00246	0.00616
96	0.01145	0.00622	0.00745	0.00691	0.00778	0.00596	0.00441	0.01195	0.00985	0.15619	0.01902	0.05713	0.01961	0.60865	0.02305	0.00456	0.00520	0.00789	0.02207	0.00466
97	0.00873	0.00600	0.00710	0.00746	0.00834	0.02645	0.00521	0.00972	0.01084	0.04121	0.04097	0.33594	0.12820	0.09873	0.09116	0.07357	0.00498	0.01085	0.07990	0.00465
98	0.02498	0.01001	0.01333	0.01022	0.01458	0.00891	0.00844	0.07767	0.01683	0.71975	0.02160	0.01876	0.01363	0.00695	0.00566	0.00174	0.00489	0.00562	0.00687	0.00958
99	0.84197	0.01088	0.00827	0.00740	0.01088	0.01262	0.00609	0.01654	0.00958	0.02525	0.00784	0.00914	0.00609	0.00522	0.00348	0.00174	0.00435	0.00305	0.00348	0.00609
100	0.15339	0.01176	0.01238	0.01027	0.01382	0.01285	0.00828	0.24057	0.21243	0.13369	0.03738	0.01712	0.01331	0.00687	0.00516	0.00173	0.00477	0.00532	0.09063	0.00826
101	0.01388	0.00752	0.00934	0.00807	0.01069	0.00686	0.00633	0.01714	0.07497	0.26962	0.28493	0.03570	0.21116	0.01036	0.00624	0.00180	0.00356	0.00878	0.00618	0.00688
102	0.02473	0.01041	0.01357	0.01041	0.01478	0.00950	0.00860	0.12429	0.01750	0.67219	0.02103	0.01840	0.01334	0.00694	0.00566	0.00173	0.00498	0.00558	0.00679	0.00958
103	0.84197	0.01088	0.00827	0.00740	0.01088	0.01262	0.00609	0.01654	0.00958	0.02525	0.00784	0.00914	0.00609	0.00522	0.00348	0.00174	0.00435	0.00305	0.00348	0.00609
104	0.00747	0.00527	0.00663	0.00714	0.00765	0.00499	0.00472	0.00858	0.01131	0.01534	0.19722	0.39525	0.05627	0.23075	0.01291	0.00302	0.00371	0.01240	0.00495	0.00443
105	0.02198	0.00980	0.01245	0.00977	0.01348	0.00915	0.00785	0.13025	0.01648	0.53859	0.02022	0.02055	0.01410	0.10331	0.00837	0.00217	0.00498	0.00586	0.04202	0.00864
106	0.01328	0.01518	0.03321	0.02372	0.02941	0.01423	0.74668	0.01803	0.01328	0.01803	0.01139	0.01518	0.00854	0.00474	0.00664	0.00190	0.00949	0.00664	0.00285	0.00759
107	0.12655	0.01469	0.01527	0.01205	0.01626	0.01641	0.00989	0.56728	0.11223	0.03271	0.01391	0.01385	0.01004	0.00666	0.00536	0.00172	0.00575	0.00496	0.00536	0.00904
108	0.00741	0.00551	0.00628	0.00640	0.00735	0.00505	0.00432	0.00852	0.01156	0.01497	0.16424	0.15648	0.29055	0.27049	0.01388	0.00309	0.00372	0.01099	0.00480	0.00439
109	0.01011	0.00629	0.00783	0.00713	0.00905	0.00559	0.00546	0.01236	0.01512	0.12866	0.46674	0.04199	0.23896	0.01159	0.00650	0.00180	0.00302	0.00998	0.00605	0.00578
110	0.01087	0.00561	0.00565	0.00551	0.00694	0.00567	0.00417	0.03878	0.01231	0.02149	0.01819	0.02072	0.01425	0.00656	0.00399	0.00132	0.00275	0.00524	0.80457	0.00540
111	0.02290	0.01335	0.01540	0.01180	0.01625	0.01387	0.00975	0.46722	0.02242	0.32230	0.01690	0.01571	0.01127	0.00684	0.00564	0.00171	0.00565	0.00530	0.00615	0.00957
112	0.01167	0.01000	0.01167	0.00834	0.01334	0.00750	0.00667	0.01417	0.01167	0.01834	0.01000	0.01167	0.00834	0.00417	0.00417	0.00083	0.00417	0.00333	0.00333	0.83663
113	0.00907	0.00648	0.00907	0.01036	0.01166	0.00648	0.00907	0.01166	0.01296	0.01684	0.02980	0.06348	0.03239	0.01555	0.00777	0.00259	0.00518	0.72924	0.00518	0.00518
114	0.01142	0.05621	0.74711	0.01582	0.02401	0.01339	0.02040	0.01779	0.01187	0.01766	0.01002	0.01178	0.00713	0.00533	0.00529	0.00176	0.00824	0.00412	0.00238	0.00828
115	0.00686	0.00490	0.00653	0.00784	0.00816	0.00457	0.00522	0.00784	0.01077	0.01437	0.03102	0.79855	0.03722	0.01763	0.00718	0.00229	0.00326	0.01600	0.00522	0.00457
116	0.01828	0.00809	0.01049	0.00855	0.01188	0.00700	0.00688	0.02034	0.01529	0.48117	0.13701	0.03089	0.20088	0.00938	0.00604	0.00178	0.00401	0.00781	0.00643	0.00780
117	0.01393	0.01337	0.02284	0.03454	0.76712	0.01337	0.01727	0.01727	0.01281	0.01839	0.01059	0.01393	0.00891	0.00501	0.00557	0.00167	0.00669	0.00501	0.00279	0.00891
118	0.01391	0.01164	0.01232	0.01095	0.01409	0.01314	0.00861	0.11339	0.56236	0.02383	0.02583	0.02513	0.10111	0.00852	0.00588	0.00190	0.00450	0.02884	0.00564	0.00840
119	0.01063	0.01000	0.01688	0.78870	0.03876	0.01250	0.01563	0.01438	0.01125	0.01438	0.01000	0.01500	0.00750	0.00563	0.00563	0.00188	0.00750	0.00500	0.00250	0.00625
120	0.00740	0.00529	0.00716	0.00846	0.00903	0.00504	0.00617	0.00878	0.01131	0.01498	0.03072	0.61683	0.03603	0.01712	0.00733	0.00236	0.00374	0.19233	0.00521	0.00472
121	0.01328	0.01518	0.03321	0.02372	0.02941	0.01423	0.74668	0.01803	0.01328	0.01803	0.01139	0.01518	0.00854	0.00474	0.00664	0.00190	0.00949	0.00664	0.00285	0.00759
122	0.00683	0.00502	0.00641	0.00752	0.00808	0.00460	0.00508	0.00787	0.01108	0.01449	0.03489	0.68750	0.14577	0.01713	0.00710	0.00223	0.00320	0.01538	0.00522	0.00460
123	0.01581	0.01506	0.02830	0.02046	0.02580	0.01474	0.53309	0.19653	0.01663	0.05709	0.01240	0.01496	0.00904	0.00534	0.00635	0.00184	0.00847	0.00621	0.00372	0.00816
124	0.01608	0.20107	0.01885	0.03768	0.03359	0.16412	0.01062	0.10595	0.19331	0.01863	0.01235	0.01348	0.00998	0.00675	0.00714	0.00171	0.13280	0.00459	0.00370	0.00761
125	0.04377	0.05802	0.08268	0.01544	0.01904	0.27120	0.19120	0.01769	0.01339	0.01609	0.03927	0.06424	0.01284	0.00739	0.00679	0.00181	0.07006	0.05917	0.00323	0.00667
126	0.03219	0.17968	0.01237	0.00799	0.01043	0.03418	0.00646	0.07131	0.01324	0.01662	0.04849	0.21249	0.31072	0.01183	0.00590	0.00180	0.00417	0.00984	0.00455	0.00574
127	0.01367	0.21659	0.01952	0.01171	0.03989	0.01325	0.09168	0.07723	0.03138	0.01855	0.01023	0.01184	0.00841	0.00473	0.00451	0.00117	0.00550	0.00390	0.00327	0.41297

[dist]
# distance from previous block
# <min> <max>
0	2

[block]
# block no. 1 follows, 42 sequences, length 90
# corresponding to MSA columns:
# 250-339
name=unknown_B
#
# <colnr> <probs for GDERKNQSTAVLIFYWHMCP>
#	G	D	E	R	K	N	Q	S	T	A	V	L	I	F	Y	W	H	M	C	P
0	0.14540	0.01437	0.01485	0.01475	0.13066	0.13572	0.02378	0.16349	0.06739	0.09043	0.01365	0.06467	0.01116	0.00662	0.00520	0.00164	0.00606	0.00525	0.00427	0.08064
1	0.34584	0.01046	0.01276	0.03648	0.01487	0.01054	0.06526	0.02160	0.01314	0.37623	0.03101	0.01524	0.01103	0.00616	0.00490	0.00176	0.00503	0.00478	0.00510	0.00784
2	0.01045	0.01225	0.12154	0.03909	0.11286	0.00965	0.09321	0.01360	0.01261	0.01768	0.12900	0.05864	0.15138	0.00837	0.00669	0.00172	0.05572	0.00727	0.00383	0.13444
3	0.01303	0.01276	0.02263	0.21946	0.49758	0.01326	0.10553	0.01665	0.01249	0.01735	0.01054	0.01435	0.00852	0.00513	0.00572	0.00175	0.00723	0.00521	0.00272	0.00810
4	0.00871	0.00635	0.00765	0.00733	0.00735	0.00702	0.00465	0.00892	0.00826	0.01131	0.01633	0.03328	0.01861	0.67998	0.04720	0.00516	0.10709	0.00771	0.00328	0.00381
5	0.01586	0.01442	0.01904	0.06905	0.34169	0.06668	0.03372	0.18183	0.15848	0.02259	0.01345	0.01503	0.01043	0.00598	0.00561	0.00172	0.00651	0.00523	0.00397	0.00870
6	0.55217	0.01211	0.01008	0.00872	0.01201	0.05993	0.00709	0.13238	0.01284	0.02537	0.00984	0.01119	0.00760	0.00578	0.00442	0.00169	0.02893	0.00368	0.08758	0.00659
7	0.01174	0.01007	0.01170	0.00843	0.01338	0.00771	0.00674	0.01467	0.03538	0.01850	0.01041	0.01197	0.00862	0.00428	0.00422	0.00087	0.00418	0.00343	0.00341	0.81030
8	0.00728	0.00545	0.00644	0.00687	0.00790	0.00495	0.00486	0.00846	0.01176	0.01506	0.11038	0.27663	0.31287	0.11436	0.01011	0.02803	0.00349	0.05554	0.00500	0.00454
9	0.01503	0.35199	0.09034	0.01436	0.05395	0.01786	0.10554	0.06449	0.01255	0.06627	0.00985	0.01185	0.00809	0.00604	0.00718	0.00166	0.14805	0.00432	0.00300	0.00756
10	0.01059	0.00550	0.00608	0.00598	0.00734	0.00562	0.00455	0.01310	0.01152	0.04373	0.01798	0.02110	0.01435	0.01203	0.12293	0.00251	0.00460	0.00538	0.67976	0.00535
11	0.00857	0.00672	0.00795	0.00850	0.00968	0.00688	0.00602	0.01322	0.19208	0.01668	0.03166	0.53499	0.10552	0.01487	0.00678	0.00216	0.00351	0.01325	0.00535	0.00564
12	0.01148	0.01090	0.01672	0.35280	0.26598	0.03967	0.01384	0.01492	0.03483	0.01598	0.01600	0.10793	0.06055	0.00744	0.00584	0.00184	0.00645	0.00671	0.00320	0.00691
13	0.01404	0.01155	0.01507	0.01292	0.01413	0.03848	0.01061	0.08514	0.01148	0.09953	0.01119	0.01507	0.00965	0.01555	0.16704	0.00359	0.44974	0.00520	0.00339	0.00665
14	0.00680	0.00566	0.00593	0.00597	0.00772	0.00480	0.00444	0.00832	0.01301	0.01589	0.12615	0.09870	0.64891	0.01419	0.00668	0.00191	0.00286	0.01196	0.00532	0.00480
15	0.00891	0.00624	0.00945	0.00866	0.00975	0.00598	0.06870	0.00924	0.01093	0.01463	0.17660	0.12570	0.13835	0.01534	0.01319	0.34038	0.02111	0.00861	0.00404	0.00418
16	0.01310	0.01242	0.02058	0.34495	0.25716	0.03757	0.11400	0.03798	0.01266	0.03758	0.01083	0.01463	0.00843	0.00556	0.00614	0.00180	0.03409	0.00520	0.01789	0.00742
17	0.01372	0.01232	0.01415	0.18120	0.01994	0.06078	0.01073	0.02395	0.43725	0.04262	0.01757	0.01821	0.01338	0.00823	0.02849	0.00212	0.07726	0.00574	0.00451	0.00784
18	0.01158	0.08915	0.71557	0.01554	0.02359	0.01378	0.01993	0.01775	0.01185	0.01747	0.00992	0.01166	0.00714	0.00531	0.00521	0.00174	0.00814	0.00407	0.00238	0.00823
19	0.84197	0.01088	0.00827	0.00740	0.01088	0.01262	0.00609	0.01654	0.00958	0.02525	0.00784	0.00914	0.00609	0.00522	0.00348	0.00174	0.00435	0.00305	0.00348	0.00609
20	0.00899	0.00648	0.00822	0.06126	0.01071	0.00662	0.00611	0.01080	0.03377	0.05393	0.05542	0.14925	0.19822	0.20935	0.10425	0.00370	0.02884	0.03469	0.00439	0.00499
21	0.01096	0.01030	0.01696	0.53771	0.17330	0.01208	0.01471	0.01435	0.01172	0.01545	0.03988	0.01822	0.05898	0.00644	0.00619	0.00186	0.03576	0.00563	0.00286	0.00662
22	0.80096	0.01082	0.00851	0.00753	0.01106	0.01241	0.00620	0.01709	0.00991	0.06270	0.00856	0.00964	0.00649	0.00531	0.00359	0.00174	0.00438	0.00318	0.00366	0.00627
23	0.09076	0.00906	0.00991	0.00889	0.01162	0.00947	0.00696	0.02000	0.28316	0.12487	0.16744	0.03099	0.17091	0.00951	0.00590	0.00186	0.00385	0.02202	0.00566	0.00716
24	0.00834	0.00568	0.00687	0.00711	0.00742	0.00575	0.00470	0.00895	0.00913	0.01215	0.01980	0.04083	0.02226	0.60695	0.07335	0.00516	0.00603	0.14198	0.00371	0.00384
25	0.01190	0.01130	0.01917	0.49897	0.31857	0.01284	0.01626	0.01549	0.01185	0.01592	0.01023	0.01459	0.00804	0.00539	0.00561	0.00180	0.00719	0.00501	0.00261	0.00727
26	0.84197	0.01088	0.00827	0.00740	0.01088	0.01262	0.00609	0.01654	0.00958	0.02525	0.00784	0.00914	0.00609	0.00522	0.00348	0.00174	0.00435	0.00305	0.00348	0.00609
27	0.00706	0.00502	0.00660	0.00765	0.00805	0.00471	0.00511	0.00814	0.01112	0.01496	0.10416	0.67077	0.03769	0.06993	0.00858	0.00245	0.00335	0.01488	0.00520	0.00457
28	0.53405	0.01068	0.00952	0.00859	0.01179	0.01215	0.00690	0.04020	0.16611	0.04851	0.02759	0.05807	0.01210	0.00692	0.00447	0.00183	0.00437	0.02506	0.00432	0.00677
29	0.01264	0.00686	0.00827	0.00756	0.00978	0.00610	0.00586	0.01425	0.01304	0.23191	0.03643	0.04150	0.32178	0.13261	0.00978	0.00246	0.00408	0.09651	0.03258	0.00600
30	0.01400	0.01209	0.01273	0.01145	0.01463	0.01400	0.00891	0.02990	0.75695	0.02354	0.02291	0.02100	0.01718	0.00764	0.00573	0.00191	0.00445	0.00636	0.00573	0.00891
31	0.01762	0.00797	0.01015	0.00834	0.01162	0.00685	0.00670	0.01959	0.01501	0.45724	0.09682	0.03268	0.26576	0.00976	0.00607	0.00180	0.00397	0.00810	0.00632	0.00762
32	0.01560	0.00715	0.00952	0.00864	0.01080	0.00641	0.00642	0.01701	0.01294	0.36660	0.02524	0.33985	0.02427	0.11096	0.00916	0.00243	0.00425	0.01020	0.00581	0.00676
33	0.01063	0.01000	0.01688	0.78870	0.03876	0.01250	0.01563	0.01438	0.01125	0.01438	0.01000	0.01500	0.00750	0.00563	0.00563	0.00188	0.00750	0.00500	0.00250	0.00625
34	0.01505	0.80561	0.02949	0.00963	0.01444	0.02227	0.00963	0.01685	0.01143	0.01324	0.00782	0.00903	0.00722	0.00481	0.00361	0.00120	0.00602	0.00301	0.00241	0.00722
35	0.00931	0.00617	0.00769	0.00746	0.00920	0.00557	0.00584	0.01148	0.01440	0.08883	0.34865	0.07248	0.25881	0.01272	0.00674	0.00195	0.00331	0.11812	0.00579	0.00550
36	0.01167	0.01000	0.01167	0.00834	0.01334	0.00750	0.00667	0.01417	0.01167	0.01834	0.01000	0.01167	0.00834	0.00417	0.00417	0.00083	0.00417	0.00333	0.00333	0.83663
37	0.84197	0.01088	0.00827	0.00740	0.01088	0.01262	0.00609	0.01654	0.00958	0.02525	0.00784	0.00914	0.00609	0.00522	0.00348	0.00174	0.00435	0.00305	0.00348	0.00609
38	0.00818	0.00546	0.00614	0.00614	0.00614	0.00546	0.00341	0.00818	0.00818	0.01091	0.01773	0.03683	0.02046	0.80222	0.02864	0.00546	0.00546	0.00818	0.00341	0.00341
39	0.02404	0.01152	0.01426	0.01094	0.01534	0.01116	0.00903	0.25431	0.01937	0.53953	0.01947	0.01738	0.01256	0.00690	0.00565	0.00172	0.00523	0.00547	0.00654	0.00958
40	0.02198	0.01432	0.01594	0.01227	0.01670	0.01538	0.01012	0.57092	0.04796	0.19232	0.01567	0.01496	0.01075	0.00683	0.00564	0.00171	0.00584	0.00524	0.00592	0.00955
41	0.00804	0.00603	0.00904	0.00904	0.01005	0.00703	0.00703	0.01005	0.00904	0.01306	0.01507	0.02211	0.01407	0.04221	0.77992	0.00904	0.01507	0.00603	0.00301	0.00502
42	0.00818	0.00546	0.00614	0.00614	0.00614	0.00546	0.00341	0.00818	0.00818	0.01091	0.01773	0.03683	0.02046	0.80222	0.02864	0.00546	0.00546	0.00818	0.00341	0.00341
43	0.00921	0.00644	0.00821	0.00753	0.00913	0.00612	0.00572	0.03800	0.04056	0.04758	0.68893	0.03959	0.04910	0.01106	0.00654	0.00177	0.00291	0.00972	0.00618	0.00572
44	0.02237	0.01420	0.01592	0.01220	0.01667	0.01513	0.01008	0.56566	0.02384	0.22187	0.01571	0.01494	0.01068	0.00681	0.00564	0.00170	0.00584	0.00522	0.00597	0.00957
45	0.00809	0.00583	0.00805	0.00805	0.00871	0.00650	0.00580	0.00941	0.00875	0.01233	0.01598	0.02713	0.01625	0.30153	0.52358	0.00782	0.01179	0.00676	0.00315	0.00447
46	0.01129	0.02911	0.77306	0.01604	0.02436	0.01307	0.02079	0.01782	0.01188	0.01782	0.01010	0.01188	0.00713	0.00535	0.00535	0.00178	0.00832	0.00416	0.00238	0.00832
47	0.00846	0.00570	0.00803	0.00818	0.00879	0.00617	0.00599	0.00922	0.00894	0.01236	0.01645	0.05098	0.01697	0.19707	0.38335	0.16383	0.00985	0.07222	0.00325	0.00419
48	0.00812	0.00577	0.00781	0.00900	0.00980	0.00564	0.00706	0.00985	0.01168	0.01535	0.02924	0.35111	0.03327	0.08415	0.00934	0.00272	0.00445	0.38580	0.00505	0.00479
49	0.00947	0.00706	0.00919	0.00971	0.01127	0.00721	0.00813	0.01387	0.11413	0.01914	0.20710	0.05254	0.03536	0.01350	0.00722	0.00230	0.00447	0.45712	0.00550	0.00572
50	0.04276	0.01184	0.01835	0.51019	0.03215	0.01376	0.09368	0.17344	0.01470	0.01972	0.01083	0.01449	0.00801	0.00576	0.00566	0.00183	0.00732	0.00512	0.00325	0.00711
51	0.01151	0.01043	0.01863	0.01573	0.05858	0.01015	0.29446	0.03366	0.07984	0.03188	0.01958	0.25057	0.01910	0.00935	0.00635	0.00195	0.00605	0.02336	0.09215	0.00667
52	0.01098	0.00992	0.01597	0.06507	0.12497	0.00982	0.14330	0.01585	0.10779	0.02030	0.30820	0.02752	0.02780	0.00815	0.00619	0.00177	0.00519	0.02960	0.00459	0.05701
53	0.01500	0.03549	0.32122	0.01363	0.04256	0.01227	0.02754	0.15520	0.03657	0.12513	0.10264	0.01709	0.01443	0.00654	0.00554	0.00170	0.00636	0.00532	0.00424	0.05155
54	0.01532	0.18143	0.02017	0.01733	0.18953	0.16608	0.04973	0.02058	0.16857	0.01745	0.01219	0.01347	0.00988	0.00558	0.00501	0.00151	0.00666	0.00452	0.00340	0.09161
55	0.01192	0.01021	0.01150	0.00854	0.01315	0.03239	0.00674	0.01428	0.01184	0.03240	0.01157	0.06329	0.01030	0.00516	0.00442	0.00097	0.00431	0.00422	0.00351	0.73929
56	0.06567	0.01660	0.01587	0.01270	0.01680	0.11865	0.01029	0.53864	0.09790	0.03080	0.01351	0.01358	0.00984	0.00663	0.00545	0.00168	0.00644	0.00489	0.00516	0.00891
57	0.01357	0.00807	0.00992	0.00807	0.01129	0.00687	0.00639	0.03687	0.01467	0.21808	0.23199	0.03005	0.16300	0.00890	0.00575	0.00156	0.00372	0.00749	0.00551	0.20822
58	0.01053	0.00676	0.00825	0.00737	0.00905	0.00599	0.00508	0.01130	0.01032	0.08556	0.03664	0.13203	0.03992	0.31761	0.01614	0.08734	0.00460	0.00773	0.00400	0.19379
59	0.00903	0.00700	0.00994	0.00946	0.01033	0.00823	0.00739	0.01096	0.02879	0.01502	0.16119	0.02485	0.02074	0.02742	0.39723	0.08982	0.13199	0.02190	0.00361	0.00510
60	0.08329	0.00966	0.01029	0.00927	0.01218	0.01029	0.00728	0.02165	0.36494	0.11210	0.04924	0.03040	0.21465	0.00944	0.00586	0.00189	0.00404	0.03054	0.00555	0.00744
61	0.00686	0.00490	0.00653	0.00784	0.00816	0.00457	0.00522	0.00784	0.01077	0.01437	0.03102	0.79855	0.03722	0.01763	0.00718	0.00229	0.00326	0.01600	0.00522	0.00457
62	0.01025	0.00780	0.00934	0.00969	0.01152	0.00824	0.00795	0.01641	0.22285	0.01880	0.02937	0.08714	0.09198	0.01255	0.00674	0.00221	0.00445	0.36101	0.07554	0.00617
63	0.02514	0.00976	0.01317	0.01010	0.01446	0.00854	0.00834	0.04836	0.01641	0.74966	0.02195	0.01899	0.01380	0.00696	0.00566	0.00174	0.00483	0.00564	0.00693	0.00958
64	0.84197	0.01088	0.00827	0.00740	0.01088	0.01262	0.00609	0.01654	0.00958	0.02525	0.00784	0.00914	0.00609	0.00522	0.00348	0.00174	0.00435	0.00305	0.00348	0.00609
65	0.84197	0.01088	0.00827	0.00740	0.01088	0.01262	0.00609	0.01654	0.00958	0.02525	0.00784	0.00914	0.00609	0.00522	0.00348	0.00174	0.00435	0.00305	0.00348	0.00609
66	0.00826	0.00543	0.00661	0.00733	0.00803	0.00526	0.00506	0.03181	0.01135	0.01617	0.02714	0.49738	0.04675	0.08949	0.00851	0.00237	0.00348	0.03684	0.17797	0.00478
67	0.02525	0.00958	0.01306	0.01001	0.01437	0.00827	0.00827	0.02743	0.01611	0.77102	0.02220	0.01915	0.01393	0.00697	0.00566	0.00174	0.00479	0.00566	0.00697	0.00958
68	0.84197	0.01088	0.00827	0.00740	0.01088	0.01262	0.00609	0.01654	0.00958	0.02525	0.00784	0.00914	0.00609	0.00522	0.00348	0.00174	0.00435	0.00305	0.00348	0.00609
69	0.01031	0.00837	0.00920	0.00892	0.01119	0.00872	0.00712	0.04361	0.26244	0.01928	0.03673	0.04262	0.30011	0.01181	0.00647	0.00203	0.00402	0.16981	0.03079	0.00643
70	0.01552	0.00862	0.01000	0.00841	0.01067	0.00862	0.00625	0.16778	0.01459	0.20993	0.01904	0.02582	0.03420	0.30991	0.01420	0.00309	0.00500	0.00660	0.11522	0.00653
71	0.02139	0.01576	0.01689	0.01295	0.01745	0.01745	0.01070	0.74835	0.02646	0.03547	0.01351	0.01351	0.00957	0.00676	0.00563	0.00169	0.00619	0.00507	0.00563	0.00957
72	0.00978	0.00489	0.00733	0.00733	0.00733	0.00489	0.00489	0.00733	0.00733	0.00978	0.00978	0.01711	0.00978	0.01955	0.02199	0.83627	0.00489	0.00489	0.00244	0.00244
73	0.00688	0.00497	0.00652	0.00770	0.00814	0.00460	0.00518	0.00794	0.01105	0.01467	0.05614	0.73621	0.07466	0.01726	0.00714	0.00225	0.00322	0.01560	0.00526	0.00460
74	0.01379	0.00702	0.00902	0.00779	0.01015	0.00625	0.00603	0.01598	0.01502	0.27626	0.35310	0.03479	0.12836	0.05399	0.00743	0.00197	0.00356	0.00858	0.03432	0.00659
75	0.01464	0.01025	0.01075	0.00925	0.01202	0.01128	0.00731	0.22964	0.23069	0.02589	0.01827	0.01883	0.01382	0.00692	0.00494	0.00159	0.00418	0.00552	0.35666	0.00755
76	0.00804	0.00581	0.00785	0.00785	0.00852	0.00637	0.00560	0.00929	0.00887	0.01235	0.01760	0.02872	0.04408	0.32147	0.47437	0.00746	0.01108	0.00704	0.00324	0.00442
77	0.01167	0.01000	0.01167	0.00834	0.01334	0.00750	0.00667	0.01417	0.01167	0.01834	0.01000	0.01167	0.00834	0.00417	0.00417	0.00083	0.00417	0.00333	0.00333	0.83663
78	0.00767	0.00632	0.00685	0.00685	0.00868	0.00580	0.00523	0.01066	0.08307	0.01687	0.12774	0.09003	0.52436	0.01360	0.00667	0.00196	0.00317	0.06387	0.00538	0.00522
79	0.01505	0.80561	0.02949	0.00963	0.01444	0.02227	0.00963	0.01685	0.01143	0.01324	0.00782	0.00903	0.00722	0.00481	0.00361	0.00120	0.00602	0.00301	0.00241	0.00722
80	0.00796	0.00575	0.00752	0.00708	0.00841	0.00531	0.00531	0.01062	0.01593	0.02257	0.76415	0.04204	0.05310	0.01150	0.00664	0.00177	0.00265	0.01018	0.00619	0.00531
81	0.00759	0.00574	0.00700	0.00669	0.00818	0.00515	0.00502	0.00990	0.01505	0.02047	0.56309	0.04548	0.25546	0.01229	0.00664	0.00181	0.00271	0.01066	0.00592	0.00515
82	0.01393	0.01337	0.02284	0.03454	0.76712	0.01337	0.01727	0.01727	0.01281	0.01839	0.01059	0.01393	0.00891	0.00501	0.00557	0.00167	0.00669	0.00501	0.00279	0.00891
83	0.01700	0.01358	0.01441	0.01206	0.01578	0.01540	0.00963	0.32133	0.46064	0.02838	0.01909	0.01796	0.01409	0.00728	0.00569	0.00182	0.00516	0.00584	0.00569	0.00918
84	0.01066	0.00924	0.01403	0.32635	0.02260	0.01146	0.03256	0.01324	0.01068	0.01549	0.01347	0.11067	0.01240	0.00832	0.00884	0.00197	0.20855	0.00641	0.15718	0.00587
85	0.00733	0.00545	0.00695	0.00797	0.00887	0.00506	0.00593	0.00879	0.01174	0.01514	0.03644	0.46098	0.19598	0.01640	0.00721	0.00227	0.00363	0.18390	0.00521	0.00476
86	0.01328	0.01518	0.03321	0.02372	0.02941	0.01423	0.74668	0.01803	0.01328	0.01803	0.01139	0.01518	0.00854	0.00474	0.00664	0.00190	0.00949	0.00664	0.00285	0.00759
87	0.02275	0.00951	0.01259	0.00989	0.01387	0.00857	0.00808	0.04390	0.06259	0.63246	0.09496	0.02138	0.01788	0.00745	0.00576	0.00175	0.00459	0.00613	0.00678	0.00912
88	0.01505	0.80561	0.02949	0.00963	0.01444	0.02227	0.00963	0.01685	0.01143	0.01324	0.00782	0.00903	0.00722	0.00481	0.00361	0.00120	0.00602	0.00301	0.00241	0.00722
89	0.42566	0.15874	0.03961	0.00886	0.01300	0.01318	0.00788	0.01977	0.01188	0.23685	0.01203	0.01209	0.00859	0.00565	0.00419	0.00164	0.00492	0.00383	0.00425	0.00738

[dist]
# distance from previous block
# <min> <max>
0	4

[block]
# block no. 2 follows, 42 sequences, length 52
# corresponding to MSA columns:
# 344-395
name=unknown_C
#
# <colnr> <probs for GDERKNQSTAVLIFYWHMCP>
#	G	D	E	R	K	N	Q	S	T	A	V	L	I	F	Y	W	H	M	C	P
0	0.01564	0.00990	0.01200	0.00883	0.01353	0.00791	0.00714	0.03752	0.01329	0.22641	0.01371	0.01406	0.01009	0.00508	0.00461	0.00112	0.00435	0.00408	0.02894	0.56177
1	0.01243	0.01289	0.05234	0.04284	0.40194	0.01200	0.18982	0.01604	0.01321	0.01861	0.12012	0.05267	0.01632	0.00646	0.00604	0.00178	0.00671	0.00659	0.00338	0.00780
2	0.00805	0.00601	0.00893	0.00893	0.00990	0.00697	0.00689	0.00998	0.00901	0.01298	0.01518	0.02269	0.01432	0.07215	0.75032	0.00890	0.01469	0.00611	0.00303	0.00496
3	0.01857	0.03485	0.01838	0.04682	0.17608	0.37869	0.03949	0.15588	0.04390	0.01930	0.01064	0.01231	0.00845	0.00582	0.00536	0.00159	0.00828	0.00443	0.00346	0.00772
4	0.78734	0.01162	0.00881	0.00783	0.01132	0.04114	0.00641	0.03840	0.01031	0.02513	0.00804	0.00931	0.00624	0.00529	0.00361	0.00173	0.00462	0.00313	0.00352	0.00621
5	0.01232	0.00656	0.00859	0.00804	0.00957	0.00628	0.00582	0.01360	0.01137	0.21357	0.03920	0.18351	0.06045	0.23538	0.15567	0.00424	0.00642	0.00892	0.00480	0.00568
6	0.00831	0.00607	0.00797	0.03091	0.02886	0.00575	0.00644	0.00986	0.01273	0.01669	0.21896	0.07333	0.23650	0.01427	0.00908	0.12214	0.00389	0.17851	0.00492	0.00480
7	0.01544	0.75465	0.02860	0.00995	0.01464	0.07183	0.00971	0.01722	0.01173	0.01328	0.00788	0.00910	0.00722	0.00488	0.00371	0.00122	0.00629	0.00305	0.00244	0.00718
8	0.01020	0.00529	0.00541	0.00538	0.00671	0.00524	0.00404	0.01279	0.01211	0.02092	0.07052	0.02340	0.03912	0.00712	0.00420	0.00136	0.00263	0.00578	0.75252	0.00524
9	0.01539	0.00742	0.00956	0.00812	0.01089	0.00648	0.00641	0.01748	0.01509	0.35666	0.24119	0.06793	0.19318	0.01035	0.00623	0.00181	0.00368	0.00878	0.00628	0.00707
10	0.00967	0.00857	0.01320	0.34368	0.11788	0.00936	0.01126	0.01264	0.01276	0.01677	0.16477	0.03060	0.16526	0.00895	0.00614	0.00188	0.00542	0.05121	0.00394	0.00605
11	0.01371	0.01324	0.02287	0.07842	0.69743	0.01335	0.04380	0.01713	0.01274	0.01814	0.01058	0.01404	0.00882	0.00504	0.00561	0.00169	0.00684	0.00507	0.00277	0.00871
12	0.32176	0.01633	0.01353	0.01125	0.01504	0.17806	0.00905	0.32577	0.01804	0.02710	0.01041	0.01120	0.00780	0.00599	0.00473	0.00166	0.00636	0.00402	0.00426	0.00765
13	0.00873	0.00696	0.00994	0.00957	0.01026	0.00844	0.00738	0.01031	0.00892	0.01290	0.01466	0.04748	0.01455	0.13563	0.53035	0.00727	0.14217	0.00645	0.00305	0.00499
14	0.01649	0.01396	0.06901	0.13705	0.20476	0.05820	0.10269	0.04069	0.01363	0.20400	0.01316	0.01504	0.00958	0.00606	0.00672	0.00181	0.06999	0.00523	0.00382	0.00813
15	0.02047	0.01520	0.03615	0.01751	0.19557	0.12007	0.01181	0.23557	0.01823	0.25078	0.01469	0.01481	0.01035	0.00623	0.00554	0.00167	0.00649	0.00501	0.00489	0.00896
16	0.01245	0.19643	0.58513	0.01460	0.02197	0.04303	0.01802	0.01778	0.01193	0.01669	0.00956	0.01120	0.00715	0.00525	0.00496	0.00165	0.00789	0.00389	0.00240	0.00802
17	0.84197	0.01088	0.00827	0.00740	0.01088	0.01262	0.00609	0.01654	0.00958	0.02525	0.00784	0.00914	0.00609	0.00522	0.00348	0.00174	0.00435	0.00305	0.00348	0.00609
18	0.00807	0.00623	0.00772	0.00777	0.00941	0.00543	0.00570	0.00957	0.01152	0.01561	0.05168	0.39676	0.15637	0.01479	0.02895	0.01764	0.00388	0.06943	0.00476	0.16872
19	0.04304	0.01208	0.01805	0.07875	0.01916	0.01324	0.13171	0.10247	0.01382	0.21108	0.01295	0.01475	0.00954	0.00701	0.00920	0.00191	0.22495	0.00524	0.00414	0.06692
20	0.00817	0.00551	0.00643	0.00643	0.00653	0.00561	0.00377	0.00837	0.00827	0.01113	0.01747	0.03537	0.01983	0.72683	0.10317	0.00581	0.00641	0.00797	0.00337	0.00357
21	0.00773	0.00526	0.00627	0.00672	0.00683	0.00515	0.00403	0.00806	0.00907	0.01210	0.02229	0.29844	0.02622	0.53275	0.02127	0.00437	0.00470	0.01087	0.00403	0.00381
