[name]
unknown

[dist]
# distance from previous block
# <min> <max>
0	49

[block]
# block no. 0 follows, 49 sequences, length 82
# corresponding to MSA columns:
# 55-136
name=unknown_A
#
# <colnr> <probs for GDERKNQSTAVLIFYWHMCP>
#	G	D	E	R	K	N	Q	S	T	A	V	L	I	F	Y	W	H	M	C	P
0	0.05289	0.06734	0.09328	0.02599	0.03009	0.11842	0.00907	0.04238	0.02772	0.01592	0.05306	0.06794	0.01812	0.01014	0.03763	0.00201	0.00573	0.25682	0.03664	0.02882
1	0.01074	0.01396	0.26598	0.20274	0.02005	0.00997	0.01229	0.04120	0.08009	0.07622	0.07545	0.05318	0.02591	0.00935	0.07883	0.00225	0.00654	0.00542	0.00334	0.00650
2	0.01198	0.01273	0.10339	0.17150	0.12404	0.01182	0.17491	0.01877	0.23061	0.05547	0.01380	0.01532	0.02135	0.00547	0.00526	0.00166	0.00614	0.00520	0.00339	0.00720
3	0.00912	0.00853	0.01396	0.71376	0.03148	0.01040	0.01282	0.01224	0.01028	0.01301	0.01404	0.01769	0.10036	0.00598	0.00517	0.00169	0.00624	0.00523	0.00254	0.00546
4	0.00664	0.00521	0.00687	0.00708	0.00820	0.00472	0.04319	0.00797	0.01059	0.01373	0.03471	0.42862	0.30000	0.01362	0.00615	0.00189	0.00314	0.04887	0.04444	0.00436
5	0.02653	0.03288	0.35127	0.04235	0.15032	0.02211	0.01372	0.08560	0.05004	0.01718	0.01434	0.01588	0.08407	0.00813	0.06204	0.00205	0.00672	0.00482	0.00294	0.00703
6	0.00845	0.00606	0.00780	0.00850	0.08398	0.00549	0.00560	0.01030	0.01256	0.07770	0.32130	0.05888	0.31202	0.05074	0.00680	0.00180	0.00309	0.00899	0.00485	0.00510
7	0.00960	0.00878	0.01395	0.32860	0.18604	0.00989	0.02529	0.01283	0.04895	0.01432	0.04146	0.07476	0.07552	0.00995	0.08349	0.00232	0.03931	0.00604	0.00298	0.00591
8	0.00850	0.00595	0.00910	0.00877	0.01007	0.00552	0.08035	0.00996	0.01036	0.08400	0.02403	0.57063	0.02694	0.01444	0.04555	0.00224	0.00422	0.04074	0.00447	0.03414
9	0.01221	0.01254	0.05710	0.12982	0.44476	0.05066	0.06131	0.01637	0.08653	0.02720	0.02095	0.02483	0.00934	0.00530	0.00532	0.01465	0.00616	0.00482	0.00284	0.00730
10	0.01236	0.01721	0.20984	0.24595	0.03683	0.21552	0.07745	0.01579	0.01157	0.01447	0.00955	0.01217	0.00731	0.00504	0.00479	0.00151	0.00725	0.00413	0.08505	0.00620
11	0.01049	0.00899	0.01049	0.00749	0.01198	0.00674	0.00599	0.01273	0.01049	0.01648	0.00899	0.01049	0.00749	0.00374	0.00374	0.00075	0.00374	0.00300	0.00300	0.85320
12	0.01889	0.02410	0.01433	0.01303	0.01563	0.80199	0.00977	0.02019	0.01433	0.01238	0.00782	0.00912	0.00651	0.00521	0.00456	0.00130	0.00912	0.00326	0.00261	0.00586
13	0.01366	0.00889	0.01081	0.00788	0.01222	0.00692	0.00637	0.01583	0.01152	0.21894	0.01184	0.01224	0.00880	0.00440	0.00409	0.00096	0.00389	0.00354	0.00385	0.63334
14	0.00613	0.00451	0.00576	0.00676	0.00726	0.00413	0.00457	0.00707	0.00995	0.01302	0.03125	0.70756	0.14269	0.01540	0.00639	0.00200	0.00288	0.01384	0.00469	0.00413
15	0.00734	0.00495	0.00577	0.00577	0.00586	0.00504	0.00338	0.00752	0.00743	0.00999	0.01570	0.03180	0.01782	0.74580	0.10146	0.00522	0.00575	0.00716	0.00303	0.00321
16	0.01137	0.01860	0.39839	0.01649	0.17390	0.01206	0.01476	0.01926	0.24826	0.01770	0.01271	0.01357	0.00951	0.00538	0.00495	0.00162	0.00611	0.00450	0.00314	0.00774
17	0.03469	0.01039	0.05351	0.33532	0.15239	0.01069	0.03830	0.04343	0.07328	0.07065	0.02714	0.03212	0.01147	0.00632	0.00525	0.00170	0.00586	0.07768	0.00327	0.00652
18	0.00878	0.00439	0.00659	0.00659	0.00659	0.00439	0.00439	0.00659	0.00659	0.00878	0.00878	0.01537	0.00878	0.01757	0.01976	0.85288	0.00439	0.00439	0.00220	0.00220
19	0.00616	0.00440	0.00587	0.00704	0.00733	0.00411	0.00469	0.00704	0.00968	0.01291	0.02787	0.81899	0.03344	0.01584	0.00645	0.00205	0.00293	0.01438	0.00469	0.00411
20	0.01029	0.02075	0.52375	0.09798	0.06687	0.01150	0.12615	0.01527	0.01080	0.01560	0.01014	0.04959	0.00799	0.00526	0.00509	0.00164	0.00725	0.00468	0.00235	0.00706
21	0.01050	0.05769	0.33120	0.25858	0.11009	0.02747	0.03159	0.01456	0.01044	0.01449	0.00912	0.01211	0.00704	0.00662	0.04481	0.00193	0.03870	0.00415	0.00226	0.00665
22	0.00851	0.00482	0.00698	0.00728	0.00764	0.00481	0.00538	0.00777	0.00825	0.01094	0.04054	0.02807	0.01596	0.04397	0.01602	0.56353	0.00441	0.20912	0.00301	0.00298
23	0.00608	0.00471	0.00555	0.00621	0.00712	0.00418	0.00433	0.00713	0.01048	0.01323	0.03795	0.48652	0.35941	0.01453	0.00625	0.00190	0.00277	0.01278	0.00469	0.00418
24	0.01402	0.05764	0.19941	0.18194	0.09746	0.01126	0.05887	0.01735	0.01152	0.22644	0.01184	0.01329	0.00839	0.00545	0.00577	0.00162	0.06270	0.00447	0.00335	0.00722
25	0.05313	0.17539	0.40048	0.04759	0.12209	0.01341	0.03379	0.01529	0.01054	0.01539	0.02328	0.01103	0.00743	0.00497	0.00509	0.00152	0.04642	0.00381	0.00232	0.00702
26	0.02234	0.00916	0.01208	0.00926	0.01319	0.00826	0.00765	0.09944	0.01540	0.71814	0.01917	0.01671	0.01213	0.00624	0.00508	0.00156	0.00443	0.00503	0.00614	0.00861
27	0.01021	0.02422	0.69427	0.01481	0.02184	0.01161	0.09171	0.01581	0.01092	0.01618	0.03593	0.01190	0.00795	0.00494	0.00496	0.00161	0.00740	0.00414	0.00229	0.00732
28	0.01133	0.01429	0.19563	0.31949	0.15929	0.01186	0.10721	0.05345	0.03262	0.03206	0.00995	0.01285	0.00745	0.00493	0.00510	0.00163	0.00681	0.00455	0.00261	0.00688
29	0.01144	0.01121	0.01764	0.38556	0.38761	0.05080	0.01445	0.01448	0.01092	0.01456	0.00912	0.01275	0.00732	0.00490	0.00530	0.00159	0.02678	0.00444	0.00238	0.00675
30	0.03286	0.17853	0.03820	0.03721	0.11946	0.38806	0.09460	0.01761	0.01248	0.01356	0.00818	0.01003	0.00682	0.00486	0.00467	0.00137	0.01893	0.00366	0.00248	0.00640
31	0.01422	0.01175	0.01683	0.06471	0.12008	0.04491	0.16357	0.14487	0.16511	0.10297	0.01464	0.06566	0.01159	0.00619	0.00528	0.00162	0.00575	0.00569	0.02722	0.00735
32	0.05283	0.01009	0.01634	0.09808	0.50595	0.01034	0.01284	0.01374	0.01109	0.01595	0.01377	0.09106	0.02729	0.00683	0.00529	0.00167	0.00548	0.09151	0.00300	0.00685
33	0.16313	0.01240	0.01257	0.01084	0.05171	0.05190	0.00834	0.45010	0.01827	0.02610	0.04162	0.01592	0.08572	0.00651	0.00479	0.00153	0.00501	0.00493	0.02137	0.00726
34	0.01238	0.01221	0.02242	0.22760	0.16221	0.01263	0.33978	0.11556	0.01295	0.01747	0.01003	0.01320	0.00761	0.00475	0.00544	0.00164	0.00722	0.00514	0.00280	0.00695
35	0.00885	0.00732	0.01011	0.01123	0.11257	0.00806	0.00750	0.04753	0.01007	0.01378	0.02006	0.11763	0.12244	0.13451	0.17659	0.00363	0.12124	0.05844	0.00341	0.00504
36	0.01523	0.01062	0.01549	0.04345	0.33058	0.02146	0.02400	0.06548	0.09994	0.23105	0.05189	0.01694	0.03888	0.00593	0.00514	0.00156	0.00511	0.00524	0.00420	0.00780
37	0.00636	0.00456	0.00615	0.00711	0.00747	0.00444	0.00483	0.00732	0.00936	0.01260	0.02538	0.67423	0.02994	0.05872	0.11279	0.00300	0.00444	0.01284	0.00435	0.00411
38	0.01165	0.01158	0.04736	0.39644	0.05518	0.01186	0.28331	0.05248	0.01172	0.05396	0.01015	0.01353	0.00748	0.00486	0.00537	0.00167	0.00720	0.00502	0.00270	0.00649
39	0.01163	0.02655	0.18129	0.07442	0.37440	0.01212	0.20388	0.01551	0.01132	0.01600	0.00976	0.02229	0.00781	0.00468	0.00520	0.00159	0.00693	0.00481	0.00245	0.00738
40	0.02269	0.00861	0.01174	0.00900	0.01291	0.00743	0.00743	0.02464	0.01447	0.79425	0.01995	0.01721	0.01252	0.00626	0.00509	0.00156	0.00430	0.00509	0.00626	0.00861
41	0.00616	0.00440	0.00587	0.00704	0.00733	0.00411	0.00469	0.00704	0.00968	0.01291	0.02787	0.81899	0.03344	0.01584	0.00645	0.00205	0.00293	0.01438	0.00469	0.00411
42	0.01280	0.15397	0.29996	0.01226	0.01716	0.10530	0.07013	0.01793	0.11984	0.06815	0.03016	0.01423	0.04526	0.00561	0.00475	0.00151	0.00636	0.00449	0.00312	0.00701
43	0.02060	0.01195	0.01381	0.01059	0.01458	0.01240	0.00874	0.47596	0.02008	0.33502	0.01525	0.01416	0.01016	0.00615	0.00507	0.00154	0.00506	0.00476	0.00554	0.00860
44	0.00616	0.00440	0.00587	0.00704	0.00733	0.00411	0.00469	0.00704	0.00968	0.01291	0.02787	0.81899	0.03344	0.01584	0.00645	0.00205	0.00293	0.01438	0.00469	0.00411
45	0.01109	0.01272	0.10950	0.36833	0.32034	0.03495	0.02663	0.01453	0.01082	0.01468	0.00914	0.01261	0.00719	0.00488	0.00523	0.00160	0.02226	0.00439	0.00235	0.00677
46	0.01305	0.01123	0.01489	0.28619	0.14765	0.04925	0.01184	0.22656	0.03398	0.01931	0.01276	0.01918	0.01091	0.00659	0.00531	0.00168	0.00603	0.11329	0.00351	0.00677
47	0.00723	0.00539	0.00800	0.00800	0.00886	0.00625	0.00616	0.00895	0.00809	0.01164	0.01366	0.02052	0.01293	0.07679	0.76378	0.00797	0.01312	0.00551	0.00273	0.00444
48	0.01049	0.00899	0.01049	0.00749	0.01198	0.00674	0.00599	0.01273	0.01049	0.01648	0.00899	0.01049	0.00749	0.00374	0.00374	0.00075	0.00374	0.00300	0.00300	0.85320
49	0.00616	0.00440	0.00587	0.00704	0.00733	0.00411	0.00469	0.00704	0.00968	0.01291	0.02787	0.81899	0.03344	0.01584	0.00645	0.00205	0.00293	0.01438	0.00469	0.00411
50	0.01060	0.00905	0.01043	0.00780	0.01192	0.00742	0.00620	0.01445	0.11279	0.01728	0.04912	0.01295	0.01053	0.00448	0.00404	0.00092	0.00371	0.00366	0.00341	0.69924
51	0.00613	0.00451	0.00576	0.00676	0.00726	0.00413	0.00457	0.00707	0.00995	0.01302	0.03130	0.70578	0.14443	0.01540	0.00638	0.00200	0.00288	0.01383	0.00469	0.00413
52	0.01490	0.00940	0.01279	0.08827	0.01516	0.02199	0.04621	0.16688	0.01353	0.24173	0.01407	0.01603	0.01059	0.01564	0.24538	0.00358	0.04792	0.00500	0.00412	0.00680
53	0.01831	0.01371	0.01466	0.01145	0.01533	0.01525	0.00939	0.67120	0.12794	0.03040	0.01330	0.01307	0.00954	0.00618	0.00507	0.00154	0.00535	0.00471	0.00507	0.00852
54	0.73406	0.00964	0.00794	0.00685	0.01015	0.01070	0.00562	0.01514	0.00908	0.06022	0.00787	0.00888	0.00602	0.00468	0.00329	0.00149	0.00391	0.00288	0.00327	0.08830
55	0.00957	0.00892	0.01467	0.68996	0.04521	0.01114	0.01316	0.01256	0.00980	0.01273	0.00928	0.01455	0.00750	0.05756	0.00717	0.00192	0.06183	0.00467	0.00230	0.00549
56	0.01232	0.54112	0.30019	0.01070	0.01615	0.01707	0.01222	0.01545	0.01042	0.01336	0.00776	0.00902	0.00646	0.00450	0.00380	0.00127	0.00614	0.00307	0.00215	0.00684
57	0.00937	0.00471	0.00473	0.00475	0.00592	0.00470	0.00355	0.01170	0.01059	0.01875	0.01669	0.03229	0.01331	0.00606	0.00358	0.00119	0.00237	0.00488	0.83615	0.00470
58	0.08105	0.00838	0.00992	0.00810	0.01123	0.00795	0.00658	0.12489	0.01454	0.37639	0.06449	0.02554	0.20664	0.00812	0.00524	0.00161	0.00393	0.02300	0.00539	0.00701
59	0.00752	0.00542	0.00627	0.00614	0.00779	0.00476	0.00478	0.00923	0.01240	0.06240	0.22744	0.04506	0.47303	0.01194	0.00604	0.00174	0.00286	0.09547	0.00500	0.00470
60	0.00616	0.00440	0.00587	0.00704	0.00733	0.00411	0.00469	0.00704	0.00968	0.01291	0.02787	0.81899	0.03344	0.01584	0.00645	0.00205	0.00293	0.01438	0.00469	0.00411
61	0.01048	0.01291	0.19472	0.40887	0.04276	0.01083	0.01356	0.01550	0.09801	0.04688	0.02938	0.01731	0.01046	0.00601	0.00517	0.00171	0.00623	0.05984	0.00297	0.00640
62	0.65720	0.15281	0.01120	0.00741	0.01071	0.06341	0.00630	0.01525	0.00926	0.02015	0.00709	0.00825	0.00572	0.00466	0.00324	0.00146	0.00451	0.00277	0.00293	0.00568
63	0.00735	0.00490	0.00552	0.00552	0.00552	0.00490	0.00306	0.00735	0.00735	0.00980	0.01593	0.03309	0.01838	0.82229	0.02574	0.00490	0.00490	0.00735	0.00306	0.00306
64	0.85801	0.00978	0.00743	0.00665	0.00978	0.01134	0.00548	0.01486	0.00861	0.02269	0.00704	0.00821	0.00548	0.00469	0.00313	0.00156	0.00391	0.00274	0.00313	0.00548
65	0.16009	0.01066	0.01241	0.01254	0.15012	0.02784	0.00848	0.15780	0.03477	0.06011	0.01316	0.01543	0.04829	0.00567	0.00450	0.00137	0.00466	0.03961	0.00370	0.22878
66	0.09646	0.01193	0.01257	0.01284	0.11602	0.08121	0.00888	0.03288	0.46590	0.08203	0.01652	0.01591	0.01238	0.00613	0.00487	0.00162	0.00475	0.00499	0.00446	0.00763
67	0.00607	0.00476	0.00549	0.00608	0.00708	0.00419	0.00427	0.00715	0.01061	0.01329	0.03962	0.43138	0.41347	0.01431	0.00621	0.00188	0.00275	0.01251	0.00469	0.00419
68	0.00943	0.00471	0.00471	0.00471	0.00589	0.00471	0.00353	0.01178	0.01060	0.01885	0.01650	0.01885	0.01296	0.00589	0.00353	0.00118	0.00236	0.00471	0.85036	0.00471
69	0.01295	0.06147	0.28430	0.01671	0.05206	0.12211	0.28782	0.01726	0.02847	0.05405	0.01001	0.01197	0.00744	0.00474	0.00514	0.00157	0.00768	0.00456	0.00264	0.00705
70	0.00958	0.00909	0.00969	0.01166	0.11280	0.14449	0.00763	0.01107	0.01109	0.01369	0.02175	0.43424	0.02461	0.01216	0.00603	0.00190	0.00473	0.14473	0.00403	0.00503
71	0.00606	0.00480	0.00546	0.00599	0.00706	0.00420	0.00423	0.00716	0.01069	0.01332	0.04063	0.39811	0.44609	0.01418	0.00619	0.00186	0.00273	0.01235	0.00469	0.00420
72	0.01241	0.61851	0.14682	0.00949	0.01401	0.01726	0.01004	0.01478	0.01060	0.01311	0.04516	0.01238	0.00956	0.00517	0.00381	0.00125	0.00556	0.04117	0.00244	0.00647
73	0.04138	0.12396	0.30210	0.13648	0.13106	0.07869	0.03495	0.01623	0.01117	0.06499	0.00941	0.01132	0.00710	0.00485	0.00464	0.00151	0.00672	0.00390	0.00256	0.00699
74	0.01060	0.01840	0.40503	0.20787	0.19083	0.01173	0.05424	0.01518	0.01078	0.01540	0.00921	0.01189	0.00689	0.00477	0.00497	0.00161	0.00704	0.00419	0.00226	0.00711
75	0.00644	0.00462	0.00618	0.00732	0.00778	0.00436	0.00517	0.00754	0.01001	0.01325	0.02830	0.68941	0.05180	0.01549	0.00652	0.00208	0.00317	0.12166	0.00469	0.00419
76	0.01137	0.02926	0.04551	0.29898	0.18329	0.04886	0.15628	0.01450	0.01104	0.03402	0.01180	0.01542	0.04637	0.00557	0.00588	0.00166	0.05191	0.01924	0.00264	0.00642
77	0.01288	0.01090	0.01874	0.03559	0.29430	0.01086	0.19184	0.06336	0.02713	0.10213	0.05162	0.09174	0.01318	0.00644	0.00588	0.00166	0.03526	0.01586	0.00351	0.00712
78	0.00923	0.00938	0.05884	0.01134	0.01267	0.01026	0.09338	0.01107	0.00846	0.01236	0.01091	0.01748	0.01049	0.13061	0.29430	0.00459	0.28168	0.00531	0.00254	0.00509
79	0.00979	0.00883	0.01463	0.27603	0.15182	0.02035	0.09806	0.01256	0.02542	0.03001	0.01503	0.20741	0.01492	0.03692	0.03347	0.00208	0.00596	0.02778	0.00316	0.00576
80	0.10566	0.01288	0.13085	0.06017	0.05425	0.06639	0.01002	0.05180	0.05994	0.22743	0.03634	0.05177	0.03414	0.00661	0.00580	0.00164	0.06823	0.00510	0.00403	0.00697
81	0.05524	0.15783	0.04228	0.01344	0.16148	0.05878	0.00935	0.10243	0.06402	0.09185	0.03242	0.16144	0.01408	0.00727	0.00488	0.00155	0.00503	0.00606	0.00377	0.00679

[dist]
# distance from previous block
# <min> <max>
51	294

[block]
# block no. 1 follows, 49 sequences, length 20
# corresponding to MSA columns:
# 488-507
name=unknown_B
#
# <colnr> <probs for GDERKNQSTAVLIFYWHMCP>
#	G	D	E	R	K	N	Q	S	T	A	V	L	I	F	Y	W	H	M	C	P
0	0.09014	0.07401	0.07904	0.32605	0.12619	0.01262	0.04168	0.13515	0.01245	0.01762	0.00984	0.03557	0.00786	0.00532	0.00479	0.00158	0.00611	0.00449	0.00288	0.00662
1	0.02968	0.12806	0.07487	0.02392	0.04358	0.07363	0.12152	0.01297	0.01180	0.04065	0.15126	0.08151	0.14757	0.03012	0.00580	0.00165	0.00512	0.00691	0.00364	0.00572
2	0.01042	0.16027	0.09142	0.00881	0.01153	0.05816	0.03169	0.01294	0.01295	0.05727	0.43119	0.02523	0.02917	0.00791	0.00552	0.00150	0.02744	0.00661	0.00426	0.00571
3	0.02461	0.11729	0.16881	0.02364	0.05342	0.01028	0.03665	0.03746	0.03918	0.01489	0.06204	0.03773	0.10039	0.14612	0.03419	0.00234	0.05189	0.00587	0.02748	0.00572
4	0.00752	0.00556	0.00728	0.00782	0.00911	0.00526	0.00645	0.00959	0.01201	0.01586	0.18960	0.10373	0.15380	0.01286	0.00648	0.00201	0.00370	0.40761	0.00481	0.02894
5	0.01347	0.01333	0.05785	0.10469	0.04674	0.11445	0.12340	0.13608	0.08669	0.04814	0.02443	0.03760	0.03610	0.00591	0.00530	0.00151	0.02429	0.00506	0.01818	0.09679
6	0.02865	0.00802	0.00952	0.00752	0.01074	0.00691	0.00598	0.04377	0.01207	0.11654	0.12594	0.03537	0.13739	0.00694	0.00516	0.00125	0.03472	0.00564	0.00413	0.39373
7	0.39178	0.05495	0.01209	0.02679	0.01306	0.03550	0.05431	0.17476	0.09007	0.02233	0.01110	0.05725	0.00912	0.00584	0.00420	0.00157	0.00476	0.00437	0.01970	0.00644
8	0.06652	0.11174	0.09068	0.03202	0.03130	0.11012	0.05556	0.25030	0.06636	0.04576	0.01106	0.01290	0.00864	0.00586	0.00549	0.00155	0.05721	0.02615	0.00360	0.00718
9	0.00817	0.00613	0.00748	0.00667	0.00810	0.00574	0.00463	0.00921	0.00838	0.01207	0.01349	0.02383	0.01407	0.41362	0.20596	0.00456	0.00666	0.00571	0.00296	0.23256
10	0.01182	0.03058	0.19358	0.22304	0.19515	0.07356	0.09648	0.04600	0.01160	0.01564	0.00943	0.01226	0.00728	0.00493	0.00521	0.00158	0.02348	0.00436	0.02717	0.00683
11	0.00948	0.00588	0.00691	0.00636	0.00838	0.00502	0.00484	0.01099	0.01207	0.15994	0.11824	0.14507	0.42168	0.01127	0.00576	0.00167	0.00298	0.00958	0.00499	0.04891
12	0.00698	0.00576	0.00745	0.00891	0.09727	0.00530	0.00565	0.00851	0.01115	0.01441	0.11905	0.23605	0.37909	0.01390	0.05511	0.00215	0.00371	0.01041	0.00442	0.00473
13	0.00616	0.00440	0.00587	0.00704	0.00733	0.00411	0.00469	0.00704	0.00968	0.01291	0.02787	0.81899	0.03344	0.01584	0.00645	0.00205	0.00293	0.01438	0.00469	0.00411
14	0.00614	0.00448	0.00578	0.00683	0.00728	0.00413	0.00460	0.00707	0.00989	0.01299	0.03047	0.73315	0.11760	0.01550	0.00640	0.00202	0.00289	0.01396	0.00469	0.00413
15	0.00704	0.00516	0.00659	0.00624	0.00748	0.00472	0.00468	0.00931	0.01403	0.01960	0.71282	0.03889	0.12339	0.01059	0.00597	0.00160	0.00240	0.00930	0.00548	0.00472
16	0.01352	0.82533	0.02650	0.00865	0.01298	0.02001	0.00865	0.01514	0.01027	0.01190	0.00703	0.00811	0.00649	0.00433	0.00324	0.00108	0.00541	0.00270	0.00216	0.00649
17	0.01138	0.00972	0.01034	0.00938	0.01196	0.01097	0.00727	0.02318	0.62784	0.02033	0.10197	0.02371	0.09444	0.00780	0.00531	0.00170	0.00370	0.00655	0.00514	0.00731
18	0.13972	0.01156	0.02205	0.01683	0.05165	0.01125	0.50248	0.01526	0.01120	0.01762	0.01072	0.01361	0.00820	0.00460	0.00511	0.00159	0.00674	0.00522	0.13828	0.00633
19	0.01014	0.02616	0.79609	0.01441	0.02189	0.01174	0.01868	0.01601	0.01068	0.01601	0.00907	0.01068	0.00641	0.00480	0.00480	0.00160	0.00747	0.00374	0.00214	0.00747

[dist]
# distance from previous block
# <min> <max>
0	4

[block]
# block no. 2 follows, 49 sequences, length 36
# corresponding to MSA columns:
# 512-547
name=unknown_C
#
# <colnr> <probs for GDERKNQSTAVLIFYWHMCP>
#	G	D	E	R	K	N	Q	S	T	A	V	L	I	F	Y	W	H	M	C	P
0	0.01735	0.01739	0.01547	0.01279	0.01595	0.31740	0.06067	0.30304	0.09663	0.02084	0.01084	0.01170	0.00831	0.00589	0.00574	0.00152	0.06330	0.00426	0.00376	0.00715
1	0.01252	0.01201	0.02053	0.03104	0.79074	0.01201	0.01552	0.01552	0.01151	0.01652	0.00951	0.01252	0.00801	0.00451	0.00501	0.00150	0.00601	0.00451	0.00250	0.00801
2	0.01296	0.01044	0.01458	0.37514	0.09541	0.01165	0.01149	0.20894	0.03691	0.05909	0.01281	0.01491	0.04593	0.00567	0.00501	0.00156	0.00576	0.00478	0.00345	0.06350
3	0.07154	0.01007	0.01063	0.00909	0.01169	0.04447	0.00717	0.25953	0.11313	0.06687	0.19575	0.08667	0.04810	0.00913	0.03159	0.00182	0.00454	0.00667	0.00490	0.00665
4	0.00935	0.00682	0.00772	0.00794	0.00903	0.05093	0.00566	0.08605	0.01190	0.06743	0.06000	0.60189	0.02868	0.01336	0.00609	0.00190	0.00362	0.01189	0.00476	0.00499
5	0.01331	0.68936	0.02612	0.01175	0.09194	0.01872	0.06046	0.01525	0.01051	0.01265	0.00749	0.00892	0.00672	0.00434	0.00360	0.00117	0.00568	0.00310	0.00222	0.00666
6	0.01224	0.14889	0.06812	0.15732	0.06444	0.01336	0.35730	0.01628	0.04683	0.05134	0.01030	0.01287	0.00784	0.00467	0.00516	0.00157	0.00709	0.00491	0.00270	0.00679
7	0.01124	0.00962	0.01022	0.00941	0.01198	0.01082	0.00736	0.02269	0.60895	0.01957	0.02582	0.02611	0.13797	0.00827	0.00540	0.00175	0.00382	0.05677	0.00504	0.00719
8	0.02231	0.00814	0.01233	0.34039	0.02084	0.00951	0.04677	0.01289	0.10540	0.01419	0.01635	0.27296	0.01642	0.00900	0.00642	0.00185	0.06747	0.00786	0.00342	0.00548
9	0.15447	0.01224	0.01625	0.01513	0.14849	0.02363	0.12405	0.29567	0.01566	0.06090	0.01099	0.01234	0.00821	0.00536	0.00507	0.00155	0.02614	0.00447	0.05199	0.00738
10	0.01001	0.01220	0.19379	0.01535	0.18823	0.00919	0.04568	0.01314	0.00994	0.05005	0.01176	0.01570	0.00994	0.01982	0.36707	0.00455	0.00980	0.00483	0.00269	0.00627
11	0.00616	0.00440	0.00587	0.00704	0.00733	0.00411	0.00469	0.00704	0.00968	0.01291	0.02787	0.81899	0.03344	0.01584	0.00645	0.00205	0.00293	0.01438	0.00469	0.00411
12	0.02738	0.05577	0.37842	0.10712	0.06577	0.01173	0.13046	0.01667	0.03821	0.08965	0.02483	0.01279	0.00837	0.00502	0.00498	0.00160	0.00679	0.00444	0.00281	0.00718
13	0.01458	0.01387	0.12404	0.01385	0.05296	0.01227	0.16819	0.29407	0.05636	0.06690	0.05263	0.01479	0.01104	0.00571	0.00514	0.00156	0.00588	0.00507	0.07359	0.00750
14	0.05700	0.00666	0.00827	0.04475	0.00995	0.00730	0.00602	0.09946	0.01048	0.01486	0.01801	0.30194	0.01968	0.17593	0.15680	0.00363	0.04219	0.00861	0.00374	0.00472
15	0.20446	0.04160	0.06382	0.05034	0.10365	0.18752	0.03599	0.09643	0.01263	0.07927	0.00956	0.01100	0.00733	0.00532	0.00509	0.00152	0.05234	0.00382	0.02169	0.00662
16	0.00944	0.00694	0.04461	0.00819	0.04938	0.00574	0.00619	0.01178	0.01353	0.12153	0.48806	0.04659	0.14875	0.00969	0.00575	0.00161	0.00310	0.00842	0.00520	0.00549
17	0.01274	0.11608	0.24436	0.09428	0.11182	0.09846	0.04436	0.07678	0.04808	0.03418	0.01076	0.05226	0.00883	0.00553	0.00479	0.00151	0.00652	0.00453	0.00287	0.02129
18	0.01097	0.01003	0.01244	0.01093	0.01170	0.05681	0.00875	0.08775	0.00977	0.01377	0.01002	0.01583	0.00968	0.11486	0.20080	0.00381	0.39905	0.00496	0.00274	0.00532
19	0.01071	0.13417	0.61907	0.01372	0.02021	0.01315	0.03596	0.01564	0.01046	0.01520	0.00866	0.01043	0.00646	0.00500	0.00541	0.00157	0.06114	0.00370	0.00215	0.00719
20	0.00710	0.00517	0.00668	0.00630	0.00752	0.00475	0.00472	0.00943	0.01417	0.01995	0.75104	0.03832	0.08496	0.01046	0.00596	0.00160	0.00239	0.00922	0.00552	0.00475
21	0.00955	0.00899	0.01517	0.81013	0.03483	0.01123	0.01404	0.01292	0.01011	0.01292	0.00899	0.01348	0.00674	0.00506	0.00506	0.00169	0.00674	0.00449	0.00225	0.00562
22	0.01034	0.00982	0.01648	0.58388	0.21737	0.01162	0.01426	0.01352	0.01034	0.01376	0.00901	0.01313	0.00704	0.00510	0.00558	0.00167	0.04408	0.00449	0.00231	0.00619
23	0.00616	0.00440	0.00587	0.00704	0.00733	0.00411	0.00469	0.00704	0.00968	0.01291	0.02787	0.81899	0.03344	0.01584	0.00645	0.00205	0.00293	0.01438	0.00469	0.00411
24	0.01509	0.01320	0.01311	0.01110	0.01405	0.11100	0.00883	0.21247	0.35954	0.04432	0.01492	0.01474	0.01127	0.00650	0.00613	0.00162	0.08623	0.00484	0.00445	0.04660
25	0.00738	0.00526	0.00658	0.00620	0.00757	0.00475	0.00467	0.00954	0.01377	0.04190	0.62015	0.03931	0.19266	0.01070	0.00594	0.00161	0.00248	0.00933	0.00542	0.00479
26	0.85801	0.00978	0.00743	0.00665	0.00978	0.01134	0.00548	0.01486	0.00861	0.02269	0.00704	0.00821	0.00548	0.00469	0.00313	0.00156	0.00391	0.00274	0.00313	0.00548
27	0.01352	0.82533	0.02650	0.00865	0.01298	0.02001	0.00865	0.01514	0.01027	0.01190	0.00703	0.00811	0.00649	0.00433	0.00324	0.00108	0.00541	0.00270	0.00216	0.00649
28	0.00735	0.00490	0.00552	0.00552	0.00552	0.00490	0.00306	0.00735	0.00735	0.00980	0.01593	0.03309	0.01838	0.82229	0.02574	0.00490	0.00490	0.00735	0.00306	0.00306
29	0.00959	0.00538	0.00720	0.00728	0.00847	0.00489	0.00524	0.01099	0.01159	0.16653	0.18676	0.49808	0.03238	0.01282	0.00608	0.00186	0.00308	0.01146	0.00518	0.00512
30	0.00878	0.00439	0.00659	0.00659	0.00659	0.00439	0.00439	0.00659	0.00659	0.00878	0.00878	0.01537	0.00878	0.01757	0.01976	0.85288	0.00439	0.00439	0.00220	0.00220
31	0.00637	0.00529	0.00559	0.00553	0.00716	0.00461	0.00414	0.00822	0.03727	0.01481	0.15261	0.07302	0.63305	0.01237	0.00596	0.00170	0.00260	0.01042	0.00483	0.00446
32	0.01855	0.00766	0.01032	0.00829	0.01146	0.00673	0.00675	0.02062	0.01417	0.58110	0.17058	0.02263	0.01998	0.00730	0.00525	0.00158	0.00385	0.03067	0.04497	0.00754
33	0.01072	0.01038	0.01903	0.35473	0.19329	0.01114	0.20579	0.01411	0.01086	0.01496	0.01014	0.01392	0.00791	0.00576	0.02853	0.00180	0.00689	0.00491	0.06879	0.00634
34	0.01419	0.53944	0.02236	0.01003	0.01341	0.09288	0.00918	0.05040	0.01099	0.04102	0.00774	0.00924	0.00683	0.00535	0.00586	0.00134	0.14758	0.00323	0.00249	0.00643
35	0.01470	0.19784	0.02129	0.03838	0.25922	0.01312	0.14832	0.04021	0.02390	0.16593	0.01131	0.01270	0.00856	0.00484	0.00478	0.00145	0.00594	0.00447	0.00328	0.01976

[dist]
# distance from previous block
# <min> <max>
0	2

[block]
# block no. 3 follows, 49 sequences, length 51
# corresponding to MSA columns:
# 550-600
name=unknown_D
#
# <colnr> <probs for GDERKNQSTAVLIFYWHMCP>
#	G	D	E	R	K	N	Q	S	T	A	V	L	I	F	Y	W	H	M	C	P
0	0.03017	0.09019	0.26959	0.03495	0.09580	0.01248	0.06552	0.12954	0.05753	0.14790	0.01189	0.01263	0.00851	0.00524	0.00484	0.00154	0.00612	0.00433	0.00352	0.00769
1	0.72267	0.01037	0.00897	0.00851	0.05294	0.01184	0.00646	0.09570	0.01038	0.02333	0.00772	0.00887	0.00595	0.00483	0.00344	0.00156	0.00420	0.00303	0.00330	0.00595
2	0.01563	0.05340	0.01574	0.13685	0.11606	0.38077	0.01105	0.08916	0.06113	0.01533	0.00931	0.01116	0.00749	0.00544	0.00537	0.00147	0.05133	0.00392	0.00288	0.00650
3	0.01014	0.02616	0.79609	0.01441	0.02189	0.01174	0.01868	0.01601	0.01068	0.01601	0.00907	0.01068	0.00641	0.00480	0.00480	0.00160	0.00747	0.00374	0.00214	0.00747
4	0.00644	0.00454	0.00587	0.00677	0.00703	0.00434	0.00442	0.00717	0.00916	0.01225	0.02499	0.63403	0.02971	0.17817	0.03771	0.00283	0.00369	0.01266	0.00430	0.00391
5	0.00691	0.00503	0.00650	0.00640	0.00747	0.00463	0.00470	0.00897	0.01334	0.01859	0.61105	0.17354	0.09107	0.01144	0.00605	0.00168	0.00249	0.01014	0.00536	0.00463
6	0.00616	0.00440	0.00587	0.00704	0.00733	0.00411	0.00469	0.00704	0.00968	0.01291	0.02787	0.81899	0.03344	0.01584	0.00645	0.00205	0.00293	0.01438	0.00469	0.00411
7	0.01049	0.00899	0.01049	0.00749	0.01198	0.00674	0.00599	0.01273	0.01049	0.01648	0.00899	0.01049	0.00749	0.00374	0.00374	0.00075	0.00374	0.00300	0.00300	0.85320
8	0.00744	0.00568	0.00829	0.00817	0.00895	0.00669	0.00629	0.00905	0.00804	0.01159	0.01338	0.02056	0.01283	0.10610	0.69058	0.00752	0.05614	0.00554	0.00271	0.00444
9	0.00612	0.00513	0.00532	0.00528	0.00692	0.00433	0.00396	0.00754	0.01187	0.01448	0.14230	0.04732	0.69711	0.01250	0.00597	0.00169	0.00254	0.01048	0.00480	0.00433
10	0.00677	0.00510	0.00626	0.00609	0.00735	0.00459	0.00452	0.00875	0.01323	0.01798	0.53691	0.10154	0.23955	0.01141	0.00601	0.00166	0.00247	0.00995	0.00527	0.00459
11	0.01014	0.02616	0.79609	0.01441	0.02189	0.01174	0.01868	0.01601	0.01068	0.01601	0.00907	0.01068	0.00641	0.00480	0.00480	0.00160	0.00747	0.00374	0.00214	0.00747
12	0.00955	0.00899	0.01517	0.81013	0.03483	0.01123	0.01404	0.01292	0.01011	0.01292	0.00899	0.01348	0.00674	0.00506	0.00506	0.00169	0.00674	0.00449	0.00225	0.00562
13	0.01252	0.01201	0.02053	0.03104	0.79074	0.01201	0.01552	0.01552	0.01151	0.01652	0.00951	0.01252	0.00801	0.00451	0.00501	0.00150	0.00601	0.00451	0.00250	0.00801
14	0.00955	0.00899	0.01517	0.81013	0.03483	0.01123	0.01404	0.01292	0.01011	0.01292	0.00899	0.01348	0.00674	0.00506	0.00506	0.00169	0.00674	0.00449	0.00225	0.00562
15	0.00759	0.00544	0.00731	0.00823	0.00919	0.00533	0.00674	0.00942	0.01106	0.01443	0.06014	0.17200	0.07743	0.08695	0.00849	0.00245	0.00418	0.49468	0.00456	0.00441
16	0.01352	0.82533	0.02650	0.00865	0.01298	0.02001	0.00865	0.01514	0.01027	0.01190	0.00703	0.00811	0.00649	0.00433	0.00324	0.00108	0.00541	0.00270	0.00216	0.00649
17	0.01352	0.82533	0.02650	0.00865	0.01298	0.02001	0.00865	0.01514	0.01027	0.01190	0.00703	0.00811	0.00649	0.00433	0.00324	0.00108	0.00541	0.00270	0.00216	0.00649
18	0.00616	0.00440	0.00587	0.00704	0.00733	0.00411	0.00469	0.00704	0.00968	0.01291	0.02787	0.81899	0.03344	0.01584	0.00645	0.00205	0.00293	0.01438	0.00469	0.00411
19	0.05789	0.00962	0.01215	0.00935	0.01326	0.00903	0.00773	0.15438	0.01584	0.62874	0.01804	0.01594	0.01153	0.00616	0.00500	0.00156	0.00451	0.00489	0.00592	0.00847
20	0.01931	0.01403	0.01509	0.01157	0.01561	0.01548	0.00956	0.75517	0.02354	0.05091	0.01234	0.01227	0.00870	0.00607	0.00506	0.00152	0.00553	0.00457	0.00509	0.00860
21	0.01922	0.01416	0.01518	0.01163	0.01568	0.01568	0.00961	0.77388	0.02378	0.03187	0.01214	0.01214	0.00860	0.00607	0.00506	0.00152	0.00556	0.00455	0.00506	0.00860
22	0.00598	0.00512	0.00512	0.00512	0.00683	0.00427	0.00384	0.00726	0.01153	0.01366	0.05123	0.04866	0.78869	0.01281	0.00598	0.00171	0.00256	0.01067	0.00470	0.00427
23	0.01072	0.01019	0.01729	0.50186	0.33393	0.01154	0.01463	0.01395	0.01067	0.01434	0.00920	0.01310	0.00724	0.00484	0.00504	0.00161	0.00645	0.00450	0.00235	0.00656
24	0.01352	0.82533	0.02650	0.00865	0.01298	0.02001	0.00865	0.01514	0.01027	0.01190	0.00703	0.00811	0.00649	0.00433	0.00324	0.00108	0.00541	0.00270	0.00216	0.00649
25	0.85801	0.00978	0.00743	0.00665	0.00978	0.01134	0.00548	0.01486	0.00861	0.02269	0.00704	0.00821	0.00548	0.00469	0.00313	0.00156	0.00391	0.00274	0.00313	0.00548
26	0.00955	0.00899	0.01517	0.81013	0.03483	0.01123	0.01404	0.01292	0.01011	0.01292	0.00899	0.01348	0.00674	0.00506	0.00506	0.00169	0.00674	0.00449	0.00225	0.00562
27	0.00735	0.00493	0.00566	0.00566	0.00571	0.00498	0.00324	0.00744	0.00740	0.00991	0.01580	0.03237	0.01807	0.77957	0.06803	0.00508	0.00537	0.00725	0.00304	0.00314
28	0.01122	0.01109	0.01547	0.02990	0.01378	0.01540	0.01109	0.02961	0.00816	0.01264	0.00681	0.01114	0.00668	0.00871	0.01609	0.00219	0.77770	0.00443	0.00228	0.00560
29	0.01014	0.02616	0.79609	0.01441	0.02189	0.01174	0.01868	0.01601	0.01068	0.01601	0.00907	0.01068	0.00641	0.00480	0.00480	0.00160	0.00747	0.00374	0.00214	0.00747
30	0.01194	0.01364	0.02984	0.02131	0.02643	0.01279	0.77238	0.01620	0.01194	0.01620	0.01023	0.01364	0.00767	0.00426	0.00597	0.00171	0.00853	0.00597	0.00256	0.00682
31	0.01252	0.01201	0.02053	0.03104	0.79074	0.01201	0.01552	0.01552	0.01151	0.01652	0.00951	0.01252	0.00801	0.00451	0.00501	0.00150	0.00601	0.00451	0.00250	0.00801
32	0.00944	0.00836	0.01111	0.00987	0.00987	0.01085	0.00756	0.01006	0.00757	0.01113	0.01071	0.02072	0.01179	0.36558	0.02060	0.00339	0.45863	0.00571	0.00259	0.00445
33	0.00955	0.00899	0.01517	0.81013	0.03483	0.01123	0.01404	0.01292	0.01011	0.01292	0.00899	0.01348	0.00674	0.00506	0.00506	0.00169	0.00674	0.00449	0.00225	0.00562
34	0.00616	0.00440	0.00587	0.00704	0.00733	0.00411	0.00469	0.00704	0.00968	0.01291	0.02787	0.81899	0.03344	0.01584	0.00645	0.00205	0.00293	0.01438	0.00469	0.00411
35	0.01176	0.01116	0.01782	0.14249	0.31707	0.05065	0.12128	0.02667	0.01143	0.02806	0.01190	0.03096	0.01051	0.00614	0.00602	0.00167	0.05803	0.08075	0.04899	0.00664
36	0.01212	0.05790	0.02827	0.01986	0.02450	0.03147	0.65868	0.01594	0.01160	0.01559	0.00974	0.01305	0.00751	0.00462	0.00655	0.00170	0.06609	0.00562	0.00251	0.00669
37	0.01196	0.00716	0.00742	0.00650	0.00842	0.00755	0.00511	0.20895	0.01401	0.02222	0.01537	0.01712	0.01183	0.00594	0.00393	0.00127	0.00319	0.00467	0.63166	0.00572
38	0.76328	0.05073	0.00927	0.03481	0.01126	0.01181	0.02696	0.01485	0.00883	0.02163	0.00719	0.00854	0.00563	0.00468	0.00328	0.00155	0.00421	0.00289	0.00303	0.00557
39	0.00613	0.00467	0.00564	0.00637	0.00717	0.00418	0.00441	0.00719	0.01044	0.01338	0.05790	0.53357	0.29147	0.01465	0.00628	0.00192	0.00279	0.01296	0.00472	0.00418
40	0.01202	0.05271	0.07243	0.08543	0.04480	0.00983	0.17316	0.02751	0.01135	0.08195	0.01048	0.02565	0.00823	0.00456	0.00462	0.00125	0.00554	0.00426	0.00305	0.36117
41	0.01668	0.02039	0.01516	0.01391	0.04304	0.57240	0.02672	0.01806	0.01263	0.01256	0.00765	0.00979	0.00662	0.00602	0.00743	0.00153	0.19740	0.00363	0.00251	0.00588
42	0.00705	0.00551	0.00696	0.00732	0.04997	0.00499	0.00506	0.00908	0.01317	0.01780	0.49366	0.05485	0.28409	0.01092	0.00593	0.00163	0.00265	0.00948	0.00510	0.00477
43	0.00612	0.00514	0.00532	0.00531	0.00697	0.00434	0.00401	0.00751	0.01176	0.01423	0.11090	0.04796	0.71182	0.01263	0.00600	0.00171	0.00259	0.02659	0.00477	0.00432
44	0.00722	0.00542	0.00813	0.00813	0.00903	0.00632	0.00632	0.00903	0.00813	0.01174	0.01354	0.01987	0.01264	0.03792	0.80225	0.00813	0.01354	0.00542	0.00271	0.00451
45	0.00625	0.00446	0.00597	0.00714	0.00747	0.00418	0.00484	0.00719	0.00977	0.01300	0.02782	0.78633	0.03326	0.01576	0.00648	0.00207	0.00301	0.04619	0.00469	0.00413
46	0.00643	0.00514	0.00575	0.00560	0.00711	0.00446	0.00420	0.00813	0.01259	0.01619	0.33295	0.04450	0.50539	0.01186	0.00597	0.00166	0.00249	0.01009	0.00503	0.00446
47	0.01014	0.02616	0.79609	0.01441	0.02189	0.01174	0.01868	0.01601	0.01068	0.01601	0.00907	0.01068	0.00641	0.00480	0.00480	0.00160	0.00747	0.00374	0.00214	0.00747
48	0.01386	0.47002	0.02117	0.01039	0.01345	0.12842	0.00932	0.05638	0.01113	0.01325	0.00819	0.01116	0.00761	0.00587	0.00636	0.00142	0.16771	0.03554	0.00250	0.00625
49	0.00721	0.00551	0.00813	0.05164	0.01008	0.00629	0.00642	0.00883	0.00857	0.01205	0.01652	0.20714	0.01715	0.04502	0.53633	0.00613	0.03187	0.00748	0.00314	0.00448
50	0.73185	0.01034	0.04152	0.00721	0.01048	0.01103	0.00623	0.03454	0.00941	0.04460	0.00930	0.01098	0.02730	0.00523	0.00348	0.00159	0.00410	0.02184	0.00331	0.00568

[dist]
# distance from previous block
# <min> <max>
0	3

[block]
# block no. 4 follows, 49 sequences, length 22
# corresponding to MSA columns:
# 604-625
name=unknown_E
#
# <colnr> <probs for GDERKNQSTAVLIFYWHMCP>
#	G	D	E	R	K	N	Q	S	T	A	V	L	I	F	Y	W	H	M	C	P
0	0.01796	0.02158	0.01531	0.01561	0.13113	0.62766	0.01062	0.07377	0.01459	0.01440	0.00838	0.00984	0.00689	0.00517	0.00466	0.00135	0.00840	0.00354	0.00277	0.00638
1	0.01020	0.01722	0.41706	0.23079	0.02272	0.01025	0.01462	0.01452	0.01096	0.06229	0.06145	0.05793	0.03615	0.00616	0.00509	0.00165	0.00636	0.00516	0.00285	0.00658
2	0.01118	0.01193	0.02293	0.01739	0.02046	0.01286	0.44973	0.01421	0.01039	0.01463	0.01020	0.01554	0.00880	0.00824	0.05750	0.00228	0.25748	0.04553	0.00257	0.00617
3	0.00715	0.00523	0.00644	0.00688	0.00777	0.00506	0.00487	0.00969	0.07906	0.01581	0.20924	0.45408	0.09264	0.01290	0.00601	0.00183	0.00283	0.01149	0.05636	0.00466
4	0.78790	0.01015	0.00808	0.00707	0.01027	0.01171	0.00582	0.07830	0.00987	0.02346	0.00747	0.00854	0.00574	0.00481	0.00329	0.00156	0.00405	0.00289	0.00329	0.00574
5	0.00636	0.00456	0.00605	0.00690	0.00738	0.00424	0.00471	0.00755	0.01062	0.01440	0.18131	0.66131	0.03632	0.01473	0.00636	0.00196	0.00282	0.01332	0.00487	0.00424
6	0.01049	0.00899	0.01049	0.00749	0.01198	0.00674	0.00599	0.01273	0.01049	0.01648	0.00899	0.01049	0.00749	0.00374	0.00374	0.00075	0.00374	0.00300	0.00300	0.85320
7	0.00752	0.00888	0.14756	0.00845	0.01035	0.00610	0.02520	0.00942	0.00987	0.01324	0.02388	0.29332	0.10716	0.19124	0.01043	0.00259	0.00450	0.11182	0.00382	0.00463
8	0.07322	0.24705	0.21667	0.01210	0.07124	0.04132	0.01133	0.04720	0.10511	0.11245	0.01119	0.01171	0.00842	0.00513	0.00433	0.00144	0.00570	0.00385	0.00324	0.00728
9	0.01657	0.01497	0.01354	0.01141	0.01469	0.17994	0.00902	0.32515	0.31612	0.02361	0.01451	0.01412	0.01082	0.00620	0.00499	0.00155	0.00571	0.00473	0.00458	0.00779
10	0.00615	0.00445	0.00581	0.00690	0.00730	0.00412	0.00463	0.00706	0.00981	0.01296	0.02955	0.76352	0.08783	0.01562	0.00642	0.00203	0.00291	0.01411	0.00469	0.00412
11	0.01026	0.00973	0.01675	0.01521	0.09729	0.00972	0.26249	0.01535	0.16664	0.01628	0.01848	0.22343	0.01810	0.00879	0.00593	0.00184	0.00552	0.08809	0.00384	0.00626
12	0.01194	0.01364	0.02984	0.02131	0.02643	0.01279	0.77238	0.01620	0.01194	0.01620	0.01023	0.01364	0.00767	0.00426	0.00597	0.00171	0.00853	0.00597	0.00256	0.00682
13	0.02269	0.00861	0.01174	0.00900	0.01291	0.00743	0.00743	0.02464	0.01447	0.79425	0.01995	0.01721	0.01252	0.00626	0.00509	0.00156	0.00430	0.00509	0.00626	0.00861
14	0.01358	0.00665	0.00862	0.00784	0.00997	0.00605	0.00595	0.01570	0.05855	0.34378	0.02623	0.32539	0.10757	0.01095	0.00607	0.02274	0.00357	0.00926	0.00532	0.00622
15	0.01212	0.00778	0.00923	0.00842	0.01066	0.00787	0.00659	0.07673	0.19035	0.16760	0.11209	0.16045	0.12095	0.00997	0.00571	0.00177	0.00370	0.07640	0.00522	0.00637
16	0.01889	0.02410	0.01433	0.01303	0.01563	0.80199	0.00977	0.02019	0.01433	0.01238	0.00782	0.00912	0.00651	0.00521	0.00456	0.00130	0.00912	0.00326	0.00261	0.00586
17	0.01505	0.00995	0.01127	0.00978	0.01279	0.01076	0.00769	0.04284	0.51147	0.22790	0.02065	0.06669	0.01558	0.00722	0.00521	0.00169	0.00406	0.00604	0.00541	0.00794
18	0.01036	0.01053	0.01767	0.15843	0.09516	0.06683	0.25330	0.01319	0.01068	0.01404	0.01274	0.11977	0.01183	0.01281	0.16639	0.00299	0.00829	0.00636	0.00281	0.00583
19	0.00664	0.00517	0.00604	0.00587	0.00730	0.00457	0.00444	0.00851	0.01295	0.01708	0.42680	0.04334	0.38908	0.01158	0.00600	0.00167	0.00253	0.03076	0.00514	0.00454
20	0.01158	0.01258	0.02393	0.01801	0.02102	0.01390	0.45912	0.01454	0.01021	0.01454	0.00875	0.01258	0.00725	0.00615	0.01034	0.00191	0.33955	0.00533	0.00242	0.00629
21	0.10611	0.11868	0.01491	0.01091	0.01428	0.25584	0.00882	0.24298	0.12806	0.03613	0.01102	0.01138	0.00844	0.00556	0.00449	0.00143	0.00620	0.00391	0.00377	0.00708

[dist]
# distance from previous block
# <min> <max>
0	2

[block]
# block no. 5 follows, 49 sequences, length 28
# corresponding to MSA columns:
# 628-655
name=unknown_F
#
# <colnr> <probs for GDERKNQSTAVLIFYWHMCP>
#	G	D	E	R	K	N	Q	S	T	A	V	L	I	F	Y	W	H	M	C	P
0	0.00707	0.00496	0.00563	0.00561	0.00606	0.00476	0.00347	0.00762	0.00903	0.01193	0.12608	0.06017	0.14597	0.55876	0.01932	0.00386	0.00413	0.00834	0.00371	0.00352
1	0.01296	0.01223	0.05002	0.04738	0.07136	0.01216	0.24251	0.08062	0.29568	0.05778	0.01508	0.01698	0.01157	0.02359	0.00586	0.00175	0.00595	0.02519	0.00393	0.00741
2	0.00691	0.00516	0.00642	0.00610	0.00740	0.00467	0.00458	0.00907	0.01373	0.01890	0.63440	0.04004	0.20225	0.01085	0.00597	0.00161	0.00242	0.00946	0.00538	0.00467
3	0.01177	0.00946	0.03639	0.01780	0.34183	0.00876	0.02646	0.01478	0.03283	0.12044	0.27541	0.02288	0.04535	0.00702	0.00539	0.00156	0.00450	0.00637	0.00416	0.00684
4	0.00893	0.00790	0.01178	0.29889	0.01861	0.00987	0.00951	0.01079	0.00872	0.01196	0.01193	0.01891	0.03428	0.16520	0.16426	0.00364	0.19203	0.00538	0.00256	0.00487
5	0.01292	0.01082	0.01139	0.01013	0.01299	0.01244	0.00791	0.08146	0.68906	0.02184	0.01976	0.01837	0.01481	0.00676	0.00506	0.00168	0.00404	0.00558	0.04509	0.00789
6	0.01171	0.21096	0.47635	0.01407	0.04040	0.01363	0.10149	0.01617	0.01090	0.04644	0.00918	0.01072	0.00686	0.00468	0.00459	0.00149	0.00694	0.00382	0.00237	0.00723
7	0.01872	0.05394	0.01489	0.01271	0.01554	0.68705	0.00971	0.10125	0.01519	0.01446	0.00825	0.00941	0.00674	0.00527	0.00456	0.00132	0.00859	0.00338	0.00285	0.00618
8	0.01309	0.01363	0.01526	0.01310	0.01388	0.15601	0.01072	0.07250	0.01016	0.01373	0.00727	0.01080	0.00677	0.00799	0.01355	0.00200	0.60698	0.00423	0.00250	0.00583
9	0.01002	0.03842	0.07073	0.09347	0.01466	0.01050	0.05565	0.07707	0.00997	0.01394	0.01123	0.01766	0.01052	0.16048	0.21844	0.00400	0.16991	0.00521	0.00276	0.00536
10	0.03652	0.03567	0.01540	0.48352	0.02589	0.01299	0.01257	0.01279	0.00925	0.01293	0.00805	0.01231	0.00666	0.00634	0.00894	0.00185	0.28611	0.00436	0.00226	0.00561
11	0.01752	0.01332	0.01422	0.01129	0.01503	0.01489	0.00920	0.58232	0.21811	0.02912	0.01431	0.01387	0.01035	0.00627	0.00508	0.00157	0.00516	0.00485	0.00508	0.00845
12	0.07338	0.00590	0.00742	0.00797	0.00936	0.00583	0.00670	0.01022	0.01195	0.01660	0.18678	0.04820	0.12678	0.01235	0.00635	0.00204	0.00386	0.44890	0.00473	0.00469
13	0.01083	0.00725	0.00954	0.01063	0.09838	0.00726	0.00731	0.11350	0.01278	0.07921	0.03771	0.27154	0.02201	0.01053	0.00566	0.00180	0.00398	0.15528	0.12907	0.00572
14	0.00756	0.00589	0.00866	0.00847	0.00926	0.00706	0.00660	0.00924	0.00806	0.01170	0.01304	0.01964	0.01235	0.06747	0.70176	0.00748	0.08312	0.00541	0.00268	0.00454
15	0.00616	0.00440	0.00587	0.00704	0.00733	0.00411	0.00469	0.00704	0.00968	0.01291	0.02787	0.81899	0.03344	0.01584	0.00645	0.00205	0.00293	0.01438	0.00469	0.00411
16	0.01728	0.01216	0.01852	0.03334	0.01855	0.01225	0.24359	0.27306	0.06365	0.23301	0.01411	0.01442	0.00975	0.00559	0.00535	0.00160	0.00607	0.00520	0.00455	0.00794
17	0.36698	0.00891	0.00836	0.00736	0.00990	0.03267	0.00585	0.09241	0.03790	0.05028	0.24834	0.02126	0.07694	0.00729	0.00458	0.00158	0.00369	0.00565	0.00435	0.00571
18	0.00751	0.00539	0.00732	0.00815	0.00914	0.00524	0.00664	0.00948	0.01164	0.01546	0.16312	0.20235	0.05297	0.03129	0.00708	0.00218	0.00386	0.44188	0.00479	0.00452
19	0.06554	0.01158	0.01207	0.01039	0.01354	0.01324	0.00823	0.20259	0.55561	0.02378	0.01776	0.01663	0.01322	0.00654	0.00500	0.00166	0.00437	0.00526	0.00500	0.00799
20	0.06664	0.01498	0.04719	0.15535	0.15663	0.19242	0.10527	0.12570	0.01368	0.06009	0.00990	0.01192	0.00752	0.00508	0.00492	0.00153	0.00693	0.00430	0.00309	0.00690
21	0.01183	0.00773	0.00902	0.00813	0.00991	0.00802	0.00608	0.11635	0.12184	0.13093	0.02163	0.13380	0.08463	0.23077	0.01141	0.00263	0.02831	0.04673	0.00452	0.00573
22	0.00626	0.00454	0.00588	0.00692	0.00737	0.00422	0.00471	0.00721	0.00987	0.01298	0.02965	0.69299	0.10281	0.03854	0.00698	0.00211	0.00303	0.04516	0.00465	0.00412
23	0.09782	0.05093	0.14052	0.05622	0.01549	0.14910	0.07617	0.04822	0.03479	0.01583	0.02024	0.02086	0.21439	0.00717	0.00533	0.00158	0.03042	0.00570	0.00327	0.00594
24	0.01261	0.01414	0.04571	0.25311	0.07936	0.14871	0.25976	0.04865	0.01201	0.01502	0.00934	0.01256	0.00726	0.00553	0.01899	0.00173	0.04179	0.00475	0.00255	0.00639
