[name]
unknown

[dist]
# distance from previous block
# <min> <max>
0	116

[block]
# block no. 0 follows, 43 sequences, length 49
# corresponding to MSA columns:
# 138-186
name=unknown_A
#
# <colnr> <probs for GDERKNQSTAVLIFYWHMCP>
#	G	D	E	R	K	N	Q	S	T	A	V	L	I	F	Y	W	H	M	C	P
0	0.00784	0.00566	0.00740	0.00697	0.00827	0.00523	0.00523	0.01045	0.01568	0.02221	0.76789	0.04137	0.05226	0.01132	0.00653	0.00174	0.00261	0.01002	0.00610	0.00523
1	0.23885	0.10732	0.01358	0.01015	0.01359	0.04628	0.00824	0.04874	0.41256	0.02242	0.01587	0.01541	0.01213	0.00644	0.00476	0.00173	0.00483	0.00483	0.00453	0.00775
2	0.01378	0.01190	0.01252	0.01127	0.01440	0.01378	0.00877	0.02943	0.76081	0.02317	0.02254	0.02066	0.01691	0.00751	0.00564	0.00188	0.00438	0.00626	0.00564	0.00877
3	0.00784	0.00566	0.00740	0.00697	0.00827	0.00523	0.00523	0.01045	0.01568	0.02221	0.76789	0.04137	0.05226	0.01132	0.00653	0.00174	0.00261	0.01002	0.00610	0.00523
4	0.01321	0.01141	0.01198	0.01083	0.01386	0.01307	0.00841	0.02775	0.70244	0.02253	0.02516	0.02321	0.07554	0.00802	0.00571	0.00188	0.00426	0.00668	0.00560	0.00845
5	0.02026	0.02120	0.01631	0.03990	0.04307	0.43608	0.01100	0.30382	0.01944	0.02197	0.01049	0.01155	0.00808	0.00604	0.00524	0.00154	0.00828	0.00421	0.00387	0.00765
6	0.00706	0.00495	0.00633	0.00731	0.00755	0.00471	0.00471	0.00779	0.00998	0.01331	0.02735	0.61579	0.03262	0.20877	0.01220	0.00301	0.00374	0.01388	0.00471	0.00422
7	0.00805	0.00537	0.00604	0.00604	0.00604	0.00537	0.00336	0.00805	0.00805	0.01074	0.01745	0.03624	0.02013	0.80536	0.02819	0.00537	0.00537	0.00805	0.00336	0.00336
8	0.01123	0.05529	0.75113	0.01557	0.02364	0.01317	0.02009	0.01751	0.01168	0.01739	0.00986	0.01160	0.00702	0.00524	0.00520	0.00173	0.00811	0.00405	0.00234	0.00815
9	0.10576	0.01303	0.02219	0.11633	0.32154	0.01340	0.21310	0.07701	0.01330	0.01963	0.01088	0.01460	0.00872	0.00531	0.00559	0.00176	0.00710	0.01991	0.00308	0.00778
10	0.00962	0.00481	0.00722	0.00722	0.00722	0.00481	0.00481	0.00722	0.00722	0.00962	0.00962	0.01684	0.00962	0.01924	0.02165	0.83886	0.00481	0.00481	0.00241	0.00241
11	0.02069	0.02640	0.01569	0.01427	0.01712	0.78313	0.01070	0.02212	0.01569	0.01355	0.00856	0.00999	0.00713	0.00571	0.00499	0.00143	0.00999	0.00357	0.00285	0.00642
12	0.01508	0.68236	0.02699	0.01026	0.01448	0.08399	0.00978	0.01678	0.01140	0.01310	0.00774	0.00923	0.00712	0.00520	0.00481	0.00130	0.06783	0.00316	0.00241	0.00697
13	0.01032	0.00516	0.00516	0.00516	0.00645	0.00516	0.00387	0.01290	0.01161	0.02065	0.01807	0.02065	0.01420	0.00645	0.00387	0.00129	0.00258	0.00516	0.83611	0.00516
14	0.01111	0.02865	0.77667	0.01579	0.02397	0.01286	0.02046	0.01754	0.01169	0.01754	0.00994	0.01169	0.00702	0.00526	0.00526	0.00175	0.00818	0.00409	0.00234	0.00818
15	0.01046	0.00984	0.01661	0.79205	0.03814	0.01230	0.01538	0.01415	0.01107	0.01415	0.00984	0.01477	0.00738	0.00554	0.00554	0.00185	0.00738	0.00492	0.00246	0.00615
16	0.01378	0.01190	0.01252	0.01127	0.01440	0.01378	0.00877	0.02943	0.76081	0.02317	0.02254	0.02066	0.01691	0.00751	0.00564	0.00188	0.00438	0.00626	0.00564	0.00877
17	0.00784	0.00566	0.00740	0.00697	0.00827	0.00523	0.00523	0.01045	0.01568	0.02221	0.76789	0.04137	0.05226	0.01132	0.00653	0.00174	0.00261	0.01002	0.00610	0.00523
18	0.00784	0.00566	0.00740	0.00697	0.00827	0.00523	0.00523	0.01045	0.01568	0.02221	0.76789	0.04137	0.05226	0.01132	0.00653	0.00174	0.00261	0.01002	0.00610	0.00523
19	0.00801	0.00578	0.00783	0.00903	0.01001	0.00561	0.00729	0.00993	0.01199	0.01562	0.03154	0.31924	0.08290	0.01593	0.00737	0.00240	0.00429	0.43526	0.00512	0.00486
20	0.00799	0.00585	0.00847	0.00847	0.00935	0.00670	0.00642	0.00974	0.00886	0.01279	0.01522	0.02346	0.01460	0.13179	0.67482	0.00830	0.01341	0.00617	0.02282	0.00476
21	0.02485	0.00943	0.01285	0.00985	0.01414	0.00814	0.00814	0.02699	0.01585	0.77465	0.02185	0.01885	0.01371	0.00685	0.00557	0.00171	0.00471	0.00557	0.00685	0.00943
22	0.00675	0.00482	0.00643	0.00771	0.00803	0.00450	0.00514	0.00771	0.01060	0.01414	0.03053	0.80175	0.03663	0.01735	0.00707	0.00225	0.00321	0.01574	0.00514	0.00450
23	0.00701	0.00501	0.00672	0.00801	0.00844	0.00472	0.00559	0.00816	0.01086	0.01443	0.03038	0.71359	0.03606	0.01711	0.00714	0.00229	0.00344	0.10134	0.00514	0.00457
24	0.01371	0.01316	0.02248	0.03399	0.77081	0.01316	0.01700	0.01700	0.01261	0.01809	0.01042	0.01371	0.00877	0.00493	0.00548	0.00164	0.00658	0.00493	0.00274	0.00877
25	0.01046	0.00984	0.01661	0.79205	0.03814	0.01230	0.01538	0.01415	0.01107	0.01415	0.00984	0.01477	0.00738	0.00554	0.00554	0.00185	0.00738	0.00492	0.00246	0.00615
26	0.00704	0.00505	0.00669	0.00751	0.00810	0.00469	0.00516	0.00845	0.01197	0.01632	0.22972	0.59633	0.04085	0.01572	0.00692	0.00211	0.00305	0.01420	0.00540	0.00469
27	0.01074	0.00984	0.01523	0.58029	0.03139	0.01098	0.01300	0.01409	0.01119	0.01520	0.00984	0.01388	0.00760	0.00515	0.00515	0.00157	0.00650	0.00448	0.00268	0.23121
28	0.00831	0.00606	0.00842	0.00831	0.00916	0.00683	0.00616	0.02981	0.00917	0.01295	0.01543	0.02504	0.01525	0.22597	0.57877	0.00785	0.01230	0.00642	0.00313	0.00468
29	0.01331	0.00950	0.01169	0.00883	0.01288	0.00802	0.00711	0.01564	0.01241	0.14103	0.09325	0.01595	0.01377	0.00576	0.00570	0.00119	0.06575	0.00450	0.00410	0.54961
30	0.02064	0.01995	0.01595	0.01322	0.01690	0.34642	0.01044	0.42077	0.02125	0.02538	0.01137	0.01205	0.00855	0.00624	0.00527	0.00155	0.00769	0.00438	0.02395	0.00803
31	0.00692	0.00494	0.00662	0.00791	0.00830	0.00464	0.00544	0.00801	0.01077	0.01433	0.03043	0.74408	0.03626	0.01719	0.00711	0.00227	0.00336	0.07174	0.00514	0.00455
32	0.01371	0.01316	0.02248	0.03399	0.77081	0.01316	0.01700	0.01700	0.01261	0.01809	0.01042	0.01371	0.00877	0.00493	0.00548	0.00164	0.00658	0.00493	0.00274	0.00877
33	0.00790	0.00530	0.00609	0.00624	0.00628	0.00527	0.00357	0.00801	0.00836	0.01114	0.01901	0.12753	0.02210	0.71139	0.02567	0.00500	0.00511	0.00897	0.00357	0.00349
34	0.00675	0.00482	0.00643	0.00771	0.00803	0.00450	0.00514	0.00771	0.01060	0.01414	0.03053	0.80175	0.03663	0.01735	0.00707	0.00225	0.00321	0.01574	0.00514	0.00450
35	0.01307	0.01494	0.03268	0.02334	0.02894	0.01401	0.75070	0.01774	0.01307	0.01774	0.01120	0.01494	0.00840	0.00467	0.00654	0.00187	0.00934	0.00654	0.00280	0.00747
36	0.00817	0.00630	0.00908	0.00886	0.00980	0.00721	0.00687	0.01017	0.01045	0.01502	0.18082	0.06432	0.02293	0.03119	0.51387	0.00649	0.07244	0.00724	0.00372	0.00507
37	0.02169	0.01449	0.01599	0.01226	0.01666	0.01565	0.01012	0.63005	0.02432	0.15963	0.01474	0.01423	0.01014	0.00668	0.00555	0.00167	0.00586	0.00508	0.00576	0.00942
38	0.00655	0.00561	0.00561	0.00561	0.00748	0.00468	0.00421	0.00795	0.01262	0.01496	0.05610	0.05330	0.76857	0.01403	0.00655	0.00187	0.00281	0.01169	0.00514	0.00468
39	0.01481	0.80869	0.02902	0.00948	0.01421	0.02191	0.00948	0.01658	0.01125	0.01303	0.00770	0.00888	0.00711	0.00474	0.00355	0.00118	0.00592	0.00296	0.00237	0.00711
40	0.01401	0.01282	0.01323	0.01171	0.01360	0.14154	0.00925	0.19772	0.01444	0.01872	0.01381	0.10882	0.01306	0.01778	0.21821	0.00379	0.16101	0.00626	0.00374	0.00647
41	0.01881	0.01998	0.01410	0.01260	0.01555	0.48246	0.00960	0.02320	0.16188	0.10358	0.07206	0.01555	0.01333	0.00663	0.00531	0.00157	0.00771	0.00483	0.00411	0.00713
42	0.00675	0.00482	0.00643	0.00771	0.00803	0.00450	0.00514	0.00771	0.01060	0.01414	0.03053	0.80175	0.03663	0.01735	0.00707	0.00225	0.00321	0.01574	0.00514	0.00450
43	0.01677	0.01123	0.01261	0.01089	0.01433	0.01225	0.00860	0.02877	0.55956	0.22618	0.02235	0.02017	0.01604	0.00734	0.00562	0.00183	0.00447	0.00607	0.00596	0.00894
44	0.01307	0.01494	0.03268	0.02334	0.02894	0.01401	0.75070	0.01774	0.01307	0.01774	0.01120	0.01494	0.00840	0.00467	0.00654	0.00187	0.00934	0.00654	0.00280	0.00747
45	0.01997	0.02264	0.01598	0.07460	0.01877	0.54963	0.01103	0.18677	0.01768	0.01843	0.00973	0.01111	0.00767	0.00591	0.00516	0.00151	0.00890	0.00399	0.00343	0.00708
46	0.00745	0.00539	0.00748	0.00838	0.00902	0.00548	0.00617	0.00892	0.01041	0.01407	0.02568	0.44800	0.02919	0.04860	0.21756	0.00419	0.00672	0.12810	0.00449	0.00468
47	0.53160	0.01338	0.01129	0.00948	0.01316	0.07398	0.00773	0.23898	0.01493	0.02700	0.00946	0.01037	0.00712	0.00564	0.00419	0.00168	0.00528	0.00364	0.00402	0.00706
48	0.01584	0.01308	0.01488	0.01440	0.10539	0.01467	0.01025	0.23342	0.46274	0.02590	0.01847	0.01774	0.01381	0.00696	0.00559	0.00179	0.00513	0.00574	0.00526	0.00895

[dist]
# distance from previous block
# <min> <max>
5	8

[block]
# block no. 1 follows, 43 sequences, length 25
# corresponding to MSA columns:
# 195-219
name=unknown_B
#
# <colnr> <probs for GDERKNQSTAVLIFYWHMCP>
#	G	D	E	R	K	N	Q	S	T	A	V	L	I	F	Y	W	H	M	C	P
0	0.00918	0.00839	0.01511	0.01230	0.01474	0.00780	0.24144	0.01198	0.01346	0.01850	0.31658	0.22662	0.05865	0.01084	0.00667	0.00191	0.00490	0.01043	0.00478	0.00573
1	0.00671	0.00525	0.00604	0.00661	0.00771	0.00463	0.00463	0.00791	0.01166	0.01465	0.06152	0.39106	0.39776	0.03821	0.00740	0.00214	0.00306	0.01338	0.00511	0.00457
2	0.01289	0.40376	0.41714	0.01275	0.01928	0.01722	0.01518	0.01708	0.01148	0.01537	0.00886	0.01034	0.00706	0.00501	0.00444	0.00148	0.00710	0.00355	0.00235	0.00767
3	0.01102	0.00826	0.00920	0.00874	0.01107	0.00849	0.00681	0.01782	0.28867	0.08154	0.03567	0.10677	0.28274	0.01146	0.00629	0.00197	0.00383	0.08759	0.00546	0.00661
4	0.01732	0.02027	0.01802	0.02056	0.25565	0.43536	0.01289	0.01930	0.01374	0.01496	0.00897	0.01145	0.00767	0.00600	0.00693	0.00163	0.11522	0.00417	0.00276	0.00712
5	0.02485	0.00943	0.01285	0.00985	0.01414	0.00814	0.00814	0.02699	0.01585	0.77465	0.02185	0.01885	0.01371	0.00685	0.00557	0.00171	0.00471	0.00557	0.00685	0.00943
6	0.02069	0.02640	0.01569	0.01427	0.01712	0.78313	0.01070	0.02212	0.01569	0.01355	0.00856	0.00999	0.00713	0.00571	0.00499	0.00143	0.00999	0.00357	0.00285	0.00642
7	0.02028	0.08919	0.01702	0.01351	0.01689	0.54076	0.01056	0.19211	0.01774	0.01849	0.00959	0.01067	0.00766	0.00585	0.00500	0.00146	0.00874	0.00385	0.00344	0.00718
8	0.01465	0.01055	0.01218	0.00950	0.01379	0.00965	0.00758	0.04618	0.22409	0.14411	0.01551	0.01534	0.01160	0.00560	0.00483	0.00129	0.00435	0.00456	0.00461	0.44001
9	0.01768	0.01267	0.01266	0.01044	0.01375	0.11524	0.00832	0.25382	0.04244	0.19359	0.14995	0.02377	0.10485	0.00825	0.00576	0.00169	0.00528	0.00660	0.00553	0.00773
10	0.00756	0.00550	0.00773	0.00814	0.00878	0.00594	0.00588	0.00895	0.00933	0.01298	0.02016	0.27093	0.02192	0.13729	0.43510	0.00631	0.00987	0.00933	0.00371	0.00459
11	0.00675	0.00482	0.00643	0.00771	0.00803	0.00450	0.00514	0.00771	0.01060	0.01414	0.03053	0.80175	0.03663	0.01735	0.00707	0.00225	0.00321	0.01574	0.00514	0.00450
12	0.20801	0.01492	0.02239	0.08353	0.09076	0.11755	0.34910	0.01762	0.01237	0.01856	0.00985	0.01276	0.00762	0.00502	0.00542	0.00175	0.00783	0.00503	0.00292	0.00699
13	0.01709	0.01881	0.01769	0.02110	0.29632	0.36514	0.01287	0.08027	0.01516	0.01729	0.01147	0.01626	0.01011	0.00634	0.00545	0.00163	0.00797	0.06837	0.00323	0.00743
14	0.00675	0.00482	0.00643	0.00771	0.00803	0.00450	0.00514	0.00771	0.01060	0.01414	0.03053	0.80175	0.03663	0.01735	0.00707	0.00225	0.00321	0.01574	0.00514	0.00450
15	0.00724	0.00520	0.00687	0.00738	0.00814	0.00483	0.00518	0.00895	0.01290	0.01779	0.36406	0.45780	0.04370	0.01462	0.00683	0.00202	0.00294	0.01315	0.00557	0.00483
16	0.01728	0.02026	0.02346	0.01824	0.02247	0.36811	0.34541	0.08412	0.01541	0.01732	0.01017	0.01252	0.00791	0.00532	0.00574	0.00165	0.00935	0.00503	0.00307	0.00716
17	0.01834	0.00961	0.01455	0.36367	0.02500	0.01002	0.01142	0.02118	0.01369	0.43065	0.01642	0.01700	0.01085	0.00626	0.00555	0.00177	0.00592	0.00528	0.00487	0.00794
18	0.00791	0.00593	0.00890	0.00890	0.00989	0.00692	0.00692	0.00989	0.00890	0.01286	0.01483	0.02176	0.01385	0.04154	0.78341	0.00890	0.01483	0.00593	0.00297	0.00494
19	0.01167	0.01100	0.01936	0.05027	0.40439	0.01127	0.11309	0.01475	0.01145	0.01625	0.01190	0.01646	0.01028	0.01652	0.25219	0.00398	0.00960	0.00547	0.00281	0.00729
20	0.01389	0.01279	0.01892	0.01505	0.01900	0.01367	0.24390	0.02565	0.50087	0.04460	0.01893	0.01879	0.01411	0.00659	0.00592	0.00187	0.00596	0.00633	0.00477	0.00838
21	0.00901	0.00623	0.00727	0.00748	0.00829	0.00633	0.00506	0.06077	0.06129	0.01587	0.02335	0.36940	0.02577	0.25698	0.01299	0.00303	0.00408	0.01078	0.10117	0.00485
22	0.01594	0.01503	0.02143	0.01651	0.02009	0.06724	0.24441	0.25064	0.06740	0.02225	0.01155	0.01382	0.00896	0.00673	0.00876	0.00190	0.19036	0.00544	0.00378	0.00778
23	0.27548	0.00983	0.01038	0.00875	0.01212	0.00985	0.02781	0.07981	0.06238	0.02123	0.01684	0.12776	0.06357	0.00771	0.00485	0.00159	0.00431	0.02295	0.00410	0.22867
24	0.13877	0.01377	0.01315	0.01133	0.01359	0.16142	0.02993	0.11142	0.06444	0.02012	0.01167	0.01376	0.00940	0.00692	0.00777	0.00175	0.19005	0.00455	0.16959	0.00660

[dist]
# distance from previous block
# <min> <max>
0	59

[block]
# block no. 2 follows, 43 sequences, length 9
# corresponding to MSA columns:
# 279-287
name=unknown_C
#
# <colnr> <probs for GDERKNQSTAVLIFYWHMCP>
#	G	D	E	R	K	N	Q	S	T	A	V	L	I	F	Y	W	H	M	C	P
0	0.01351	0.48094	0.28356	0.01173	0.01744	0.04771	0.01312	0.01689	0.01174	0.01494	0.03732	0.01112	0.00879	0.00520	0.00431	0.00141	0.00673	0.00364	0.00252	0.00738
1	0.00970	0.00563	0.00747	0.00789	0.00888	0.00516	0.00551	0.01092	0.01165	0.13221	0.08335	0.58112	0.03332	0.05943	0.00798	0.00230	0.00352	0.01331	0.00538	0.00525
2	0.00978	0.00654	0.00823	0.00820	0.00954	0.00638	0.00596	0.06273	0.05557	0.07411	0.24354	0.42404	0.03652	0.01353	0.00662	0.00200	0.00341	0.01205	0.00560	0.00565
3	0.01465	0.43677	0.06877	0.01846	0.27392	0.01807	0.01275	0.06775	0.01277	0.01654	0.00915	0.01100	0.00783	0.00497	0.00445	0.00141	0.00629	0.00384	0.00271	0.00790
4	0.13613	0.01118	0.01521	0.01789	0.27244	0.01134	0.01086	0.02184	0.14306	0.24976	0.04375	0.01683	0.01290	0.00623	0.00528	0.00172	0.00515	0.00527	0.00472	0.00844
5	0.01312	0.00891	0.01083	0.01031	0.01254	0.00928	0.00838	0.18315	0.08423	0.08989	0.02462	0.20408	0.02474	0.01228	0.00667	0.00214	0.00482	0.27790	0.00542	0.00669
6	0.01932	0.01555	0.01722	0.01344	0.01768	0.06006	0.06840	0.54488	0.13437	0.03058	0.01425	0.01434	0.01033	0.00657	0.00560	0.00170	0.00631	0.00522	0.00519	0.00900
7	0.01962	0.01539	0.01593	0.01247	0.01646	0.08160	0.01020	0.53183	0.02199	0.06304	0.01249	0.01300	0.00914	0.00658	0.00636	0.00163	0.06816	0.00472	0.00492	0.08448
8	0.11291	0.01279	0.01527	0.01195	0.01588	0.01352	0.07634	0.41071	0.01962	0.08706	0.04462	0.08676	0.01342	0.00736	0.00550	0.00171	0.00557	0.00605	0.00503	0.04794

[dist]
# distance from previous block
# <min> <max>
18	66

[block]
# block no. 3 follows, 43 sequences, length 91
# corresponding to MSA columns:
# 367-440,456-472
name=unknown_D
#
# <colnr> <probs for GDERKNQSTAVLIFYWHMCP>
#	G	D	E	R	K	N	Q	S	T	A	V	L	I	F	Y	W	H	M	C	P
0	0.01103	0.02158	0.49137	0.03300	0.07202	0.01200	0.05571	0.01641	0.03561	0.01741	0.03151	0.08038	0.01146	0.00674	0.00619	0.00182	0.04951	0.00558	0.03309	0.00755
1	0.01204	0.01149	0.03579	0.47623	0.03104	0.01250	0.13143	0.04343	0.08695	0.03594	0.01176	0.01516	0.00877	0.00557	0.00561	0.00178	0.00709	0.00521	0.00310	0.05911
2	0.01330	0.01240	0.02044	0.24389	0.51509	0.01319	0.01610	0.06641	0.01310	0.01814	0.01045	0.01397	0.00843	0.00522	0.00550	0.00170	0.00677	0.00493	0.00285	0.00809
3	0.01055	0.01162	0.12929	0.01159	0.01467	0.00904	0.09610	0.10627	0.04031	0.01832	0.02122	0.40604	0.02267	0.01139	0.00628	0.00194	0.00516	0.01032	0.00438	0.06283
4	0.00947	0.00735	0.00975	0.00872	0.01075	0.00751	0.00683	0.03804	0.01068	0.01583	0.06462	0.02023	0.01486	0.04051	0.44595	0.00564	0.03541	0.00551	0.03801	0.20432
5	0.04565	0.11328	0.25841	0.01224	0.01765	0.01255	0.03913	0.04096	0.10848	0.23193	0.03037	0.01518	0.01122	0.00603	0.00517	0.00166	0.00605	0.00482	0.00428	0.03493
6	0.04601	0.01140	0.01644	0.37317	0.17316	0.01316	0.01341	0.06853	0.19132	0.01891	0.01314	0.01564	0.01001	0.00595	0.00547	0.00180	0.00630	0.00517	0.00352	0.00750
7	0.01341	0.01273	0.02163	0.03250	0.72320	0.01273	0.01649	0.01665	0.01262	0.01800	0.01160	0.01677	0.01022	0.00558	0.00562	0.00170	0.00649	0.05063	0.00289	0.00854
8	0.01170	0.02504	0.59806	0.01972	0.17429	0.01296	0.04627	0.01744	0.01193	0.01766	0.01008	0.01222	0.00742	0.00517	0.00535	0.00174	0.00790	0.00435	0.00244	0.00828
9	0.01348	0.52841	0.29766	0.01174	0.01772	0.01866	0.01342	0.01693	0.01141	0.01465	0.00850	0.00989	0.00707	0.00493	0.00417	0.00139	0.00674	0.00337	0.00236	0.00749
10	0.00657	0.00553	0.00569	0.00582	0.00754	0.00466	0.00430	0.00792	0.01242	0.01488	0.05354	0.12835	0.69517	0.01436	0.00660	0.00191	0.00285	0.01210	0.00514	0.00466
11	0.00675	0.00482	0.00643	0.00771	0.00803	0.00450	0.00514	0.00771	0.01060	0.01414	0.03053	0.80175	0.03663	0.01735	0.00707	0.00225	0.00321	0.01574	0.00514	0.00450
12	0.01295	0.11395	0.01786	0.01713	0.19415	0.09296	0.01153	0.01485	0.01130	0.01519	0.04693	0.04452	0.05564	0.00803	0.00991	0.00188	0.29203	0.00554	0.02699	0.00668
13	0.01224	0.26781	0.54744	0.01385	0.02098	0.01564	0.01709	0.01725	0.01156	0.01616	0.00925	0.01083	0.00704	0.00510	0.00474	0.00158	0.00749	0.00375	0.00235	0.00785
14	0.00760	0.00570	0.00708	0.00686	0.00830	0.00517	0.00523	0.00992	0.01475	0.02010	0.54785	0.04565	0.22189	0.01224	0.00661	0.00183	0.00283	0.05951	0.00580	0.00509
15	0.00675	0.00482	0.00643	0.00771	0.00803	0.00450	0.00514	0.00771	0.01060	0.01414	0.03053	0.80175	0.03663	0.01735	0.00707	0.00225	0.00321	0.01574	0.00514	0.00450
16	0.01653	0.01879	0.01346	0.01271	0.01524	0.44767	0.00990	0.02100	0.16027	0.01615	0.01624	0.02460	0.01495	0.00835	0.00575	0.00178	0.00773	0.17837	0.00393	0.00656
17	0.00861	0.00624	0.00892	0.00980	0.01099	0.00654	0.00831	0.01099	0.01157	0.01543	0.02488	0.04999	0.02635	0.02334	0.24549	0.00450	0.00808	0.51046	0.00445	0.00505
18	0.00675	0.00482	0.00643	0.00771	0.00803	0.00450	0.00514	0.00771	0.01060	0.01414	0.03053	0.80175	0.03663	0.01735	0.00707	0.00225	0.00321	0.01574	0.00514	0.00450
19	0.01148	0.00984	0.01148	0.00820	0.01312	0.00738	0.00656	0.01395	0.01148	0.01805	0.00984	0.01148	0.00820	0.00410	0.00410	0.00082	0.00410	0.00328	0.00328	0.83922
20	0.00675	0.00482	0.00643	0.00771	0.00803	0.00450	0.00514	0.00771	0.01060	0.01414	0.03053	0.80175	0.03663	0.01735	0.00707	0.00225	0.00321	0.01574	0.00514	0.00450
21	0.00675	0.00482	0.00643	0.00771	0.00803	0.00450	0.00514	0.00771	0.01060	0.01414	0.03053	0.80175	0.03663	0.01735	0.00707	0.00225	0.00321	0.01574	0.00514	0.00450
22	0.01637	0.01227	0.02018	0.02823	0.59016	0.01196	0.01488	0.01938	0.01338	0.19872	0.01315	0.01494	0.00995	0.00539	0.00550	0.00166	0.00613	0.00509	0.00372	0.00893
23	0.01148	0.00984	0.01148	0.00820	0.01312	0.00738	0.00656	0.01395	0.01148	0.01805	0.00984	0.01148	0.00820	0.00410	0.00410	0.00082	0.00410	0.00328	0.00328	0.83922
24	0.84448	0.01071	0.00814	0.00728	0.01071	0.01242	0.00600	0.01628	0.00943	0.02485	0.00771	0.00900	0.00600	0.00514	0.00343	0.00171	0.00428	0.00300	0.00343	0.00600
25	0.02069	0.02640	0.01569	0.01427	0.01712	0.78313	0.01070	0.02212	0.01569	0.01355	0.00856	0.00999	0.00713	0.00571	0.00499	0.00143	0.00999	0.00357	0.00285	0.00642
26	0.01322	0.42006	0.38110	0.01258	0.01889	0.03800	0.01469	0.01718	0.01158	0.01517	0.00878	0.01024	0.00706	0.00501	0.00440	0.00146	0.00710	0.00351	0.00237	0.00760
27	0.01200	0.25822	0.50701	0.01336	0.02010	0.01506	0.01625	0.01681	0.01181	0.01650	0.05681	0.01272	0.00988	0.00549	0.00484	0.00158	0.00717	0.00413	0.00258	0.00768
28	0.02362	0.00928	0.01255	0.00971	0.01380	0.00811	0.00799	0.03958	0.01603	0.70961	0.07231	0.02027	0.01624	0.00715	0.00563	0.00171	0.00460	0.00586	0.00678	0.00914
29	0.01371	0.01316	0.02248	0.03399	0.77081	0.01316	0.01700	0.01700	0.01261	0.01809	0.01042	0.01371	0.00877	0.00493	0.00548	0.00164	0.00658	0.00493	0.00274	0.00877
30	0.01165	0.00891	0.01115	0.01003	0.01220	0.00910	0.04958	0.23696	0.01604	0.02125	0.05255	0.34771	0.11662	0.01259	0.00653	0.00200	0.00450	0.05919	0.00516	0.00626
31	0.00906	0.00679	0.00782	0.00759	0.00937	0.00651	0.00577	0.06024	0.07220	0.04032	0.19557	0.17689	0.30983	0.01291	0.00654	0.00193	0.00338	0.05627	0.00546	0.00556
32	0.00791	0.00593	0.00890	0.00890	0.00989	0.00692	0.00692	0.00989	0.00890	0.01286	0.01483	0.02176	0.01385	0.04154	0.78341	0.00890	0.01483	0.00593	0.00297	0.00494
33	0.00776	0.00554	0.00759	0.00887	0.00964	0.00537	0.00690	0.00947	0.01160	0.01527	0.02997	0.45724	0.03441	0.01639	0.00734	0.00239	0.00409	0.35025	0.00512	0.00478
34	0.01903	0.01320	0.01445	0.01176	0.01561	0.02746	0.00958	0.38639	0.21605	0.15185	0.01801	0.01904	0.01340	0.00741	0.00569	0.00178	0.00543	0.04923	0.00571	0.00894
35	0.00675	0.00482	0.00643	0.00771	0.00803	0.00450	0.00514	0.00771	0.01060	0.01414	0.03053	0.80175	0.03663	0.01735	0.00707	0.00225	0.00321	0.01574	0.00514	0.00450
36	0.00658	0.00561	0.00566	0.00565	0.00750	0.00469	0.00424	0.00802	0.01271	0.01517	0.07662	0.05296	0.74792	0.01395	0.00655	0.00187	0.00280	0.01164	0.00517	0.00469
37	0.01148	0.00984	0.01148	0.00820	0.01312	0.00738	0.00656	0.01395	0.01148	0.01805	0.00984	0.01148	0.00820	0.00410	0.00410	0.00082	0.00410	0.00328	0.00328	0.83922
38	0.06619	0.00759	0.00950	0.00854	0.01081	0.00722	0.00654	0.06876	0.01448	0.25427	0.19968	0.27201	0.02932	0.01113	0.00614	0.00189	0.00381	0.00965	0.00582	0.00665
39	0.02369	0.00968	0.01282	0.01000	0.01417	0.00873	0.00821	0.02725	0.09360	0.69622	0.02192	0.01904	0.01404	0.00692	0.00558	0.00173	0.00468	0.00564	0.00673	0.00936
40	0.00784	0.00566	0.00740	0.00697	0.00827	0.00523	0.00523	0.01045	0.01568	0.02221	0.76789	0.04137	0.05226	0.01132	0.00653	0.00174	0.00261	0.01002	0.00610	0.00523
41	0.01305	0.13813	0.13727	0.12839	0.44275	0.01435	0.01614	0.01664	0.01206	0.01670	0.00985	0.01280	0.00806	0.00503	0.00516	0.00162	0.00683	0.00450	0.00259	0.00808
42	0.01481	0.80869	0.02902	0.00948	0.01421	0.02191	0.00948	0.01658	0.01125	0.01303	0.00770	0.00888	0.00711	0.00474	0.00355	0.00118	0.00592	0.00296	0.00237	0.00711
43	0.01642	0.01035	0.01197	0.01029	0.01354	0.01096	0.00812	0.02627	0.43768	0.25345	0.11709	0.02274	0.02042	0.00780	0.00573	0.00181	0.00426	0.00653	0.00607	0.00852
44	0.01009	0.00609	0.00770	0.00813	0.00963	0.00592	0.00678	0.01256	0.01278	0.06372	0.07752	0.04501	0.07263	0.01173	0.00622	0.00202	0.00399	0.37207	0.26006	0.00536
45	0.01233	0.01327	0.02414	0.35157	0.03157	0.05615	0.36106	0.01625	0.01215	0.01577	0.01030	0.01446	0.00784	0.00533	0.00655	0.00186	0.04438	0.00560	0.00264	0.00678
46	0.01332	0.01531	0.03214	0.02305	0.02857	0.03862	0.72702	0.01788	0.01316	0.01761	0.01112	0.01478	0.00836	0.00470	0.00649	0.00185	0.00936	0.00644	0.00280	0.00744
47	0.00821	0.00671	0.00829	0.11179	0.01263	0.00674	0.00660	0.03996	0.06298	0.01591	0.03656	0.31917	0.31703	0.01338	0.00650	0.00200	0.00380	0.01164	0.00483	0.00527
48	0.00784	0.00566	0.00740	0.00697	0.00827	0.00523	0.00523	0.01045	0.01568	0.02221	0.76789	0.04137	0.05226	0.01132	0.00653	0.00174	0.00261	0.01002	0.00610	0.00523
49	0.01148	0.00984	0.01148	0.00820	0.01312	0.00738	0.00656	0.01395	0.01148	0.01805	0.00984	0.01148	0.00820	0.00410	0.00410	0.00082	0.00410	0.00328	0.00328	0.83922
50	0.01325	0.01101	0.01166	0.01050	0.01351	0.01242	0.00816	0.02661	0.63923	0.04882	0.02678	0.02475	0.11235	0.00832	0.00575	0.00187	0.00419	0.00693	0.00562	0.00827
51	0.01158	0.12782	0.68162	0.01498	0.02273	0.01401	0.01907	0.01742	0.01164	0.01697	0.00965	0.01134	0.00703	0.00520	0.00504	0.00168	0.00790	0.00395	0.00234	0.00805
52	0.00670	0.00501	0.00623	0.00721	0.00790	0.00454	0.00492	0.00777	0.01109	0.01433	0.03663	0.62306	0.21138	0.01656	0.00694	0.00216	0.00312	0.01478	0.00514	0.00454
53	0.00784	0.00566	0.00740	0.00697	0.00827	0.00523	0.00523	0.01045	0.01568	0.02221	0.76789	0.04137	0.05226	0.01132	0.00653	0.00174	0.00261	0.01002	0.00610	0.00523
54	0.01307	0.01494	0.03268	0.02334	0.02894	0.01401	0.75070	0.01774	0.01307	0.01774	0.01120	0.01494	0.00840	0.00467	0.00654	0.00187	0.00934	0.00654	0.00280	0.00747
55	0.01301	0.01475	0.03161	0.02275	0.02797	0.01421	0.70059	0.01744	0.01276	0.01744	0.01094	0.01475	0.00833	0.00501	0.00733	0.00191	0.06266	0.00642	0.00278	0.00737
56	0.00827	0.00711	0.00726	0.00696	0.00913	0.00685	0.00530	0.01308	0.19125	0.01692	0.04809	0.04551	0.58911	0.01247	0.00633	0.00187	0.00318	0.01039	0.00526	0.00565
57	0.00765	0.00520	0.00616	0.00655	0.00665	0.00510	0.00390	0.00795	0.00884	0.01178	0.02146	0.27094	0.02519	0.56376	0.02171	0.00441	0.00471	0.01041	0.00390	0.00371
58	0.02105	0.01551	0.01662	0.01274	0.01717	0.01717	0.01053	0.75235	0.02604	0.03490	0.01330	0.01330	0.00942	0.00665	0.00554	0.00166	0.00609	0.00499	0.00554	0.00942
59	0.00791	0.00593	0.00890	0.00890	0.00989	0.00692	0.00692	0.00989	0.00890	0.01286	0.01483	0.02176	0.01385	0.04154	0.78341	0.00890	0.01483	0.00593	0.00297	0.00494
60	0.00813	0.00607	0.00777	0.00873	0.00962	0.00610	0.00646	0.01133	0.10647	0.01584	0.02924	0.53479	0.03304	0.01564	0.00702	0.00227	0.00379	0.17733	0.00519	0.00518
61	0.00679	0.00484	0.00641	0.00766	0.00797	0.00453	0.00508	0.00772	0.01052	0.01403	0.03011	0.77726	0.03610	0.04256	0.00774	0.00235	0.00328	0.01550	0.00508	0.00446
62	0.00655	0.00561	0.00561	0.00561	0.00748	0.00468	0.00421	0.00795	0.01262	0.01496	0.05610	0.05330	0.76857	0.01403	0.00655	0.00187	0.00281	0.01169	0.00514	0.00468
63	0.01212	0.01212	0.01696	0.01454	0.01454	0.01696	0.01212	0.01333	0.00848	0.01333	0.00727	0.01212	0.00727	0.00969	0.01818	0.00242	0.79523	0.00485	0.00242	0.00606
64	0.01182	0.01005	0.01167	0.00836	0.01327	0.00773	0.00670	0.04017	0.01200	0.01865	0.00997	0.01155	0.00825	0.00419	0.00415	0.00085	0.00417	0.00334	0.00336	0.80975
65	0.12905	0.00959	0.01225	0.00953	0.01370	0.00868	0.00787	0.02563	0.01503	0.67933	0.02005	0.01760	0.01273	0.00664	0.00530	0.00171	0.00466	0.00524	0.00642	0.00899
66	0.00686	0.00562	0.00605	0.00594	0.00767	0.00481	0.00445	0.00856	0.01336	0.01672	0.22882	0.05040	0.59475	0.01337	0.00654	0.00184	0.00276	0.01128	0.00537	0.00481
67	0.09421	0.01487	0.01423	0.01186	0.01555	0.09525	0.00948	0.34159	0.29469	0.02742	0.01570	0.01528	0.01163	0.00673	0.00532	0.00172	0.00570	0.00513	0.00510	0.00855
68	0.02086	0.02133	0.01613	0.01356	0.01715	0.42688	0.01062	0.36175	0.02051	0.02348	0.01076	0.01153	0.00820	0.00614	0.00525	0.00154	0.00818	0.00423	0.00410	0.00781
69	0.01319	0.46819	0.35538	0.01223	0.01847	0.01796	0.01427	0.01700	0.01145	0.01500	0.00868	0.01011	0.00707	0.00497	0.00430	0.00143	0.00691	0.00346	0.00236	0.00758
70	0.01481	0.80869	0.02902	0.00948	0.01421	0.02191	0.00948	0.01658	0.01125	0.01303	0.00770	0.00888	0.00711	0.00474	0.00355	0.00118	0.00592	0.00296	0.00237	0.00711
71	0.01046	0.00984	0.01661	0.79205	0.03814	0.01230	0.01538	0.01415	0.01107	0.01415	0.00984	0.01477	0.00738	0.00554	0.00554	0.00185	0.00738	0.00492	0.00246	0.00615
72	0.01087	0.01027	0.01736	0.69568	0.13129	0.01241	0.01559	0.01451	0.01127	0.01465	0.00992	0.01463	0.00756	0.00546	0.00553	0.00182	0.00728	0.00492	0.00250	0.00649
73	0.01792	0.01334	0.01428	0.01132	0.01498	0.03465	0.00920	0.54295	0.02303	0.04404	0.17547	0.02031	0.03778	0.00781	0.00576	0.00168	0.00535	0.00620	0.00560	0.00832
74	0.00675	0.00482	0.00643	0.00771	0.00803	0.00450	0.00514	0.00771	0.01060	0.01414	0.03053	0.80175	0.03663	0.01735	0.00707	0.00225	0.00321	0.01574	0.00514	0.00450
75	0.02098	0.02207	0.01589	0.01358	0.01702	0.49518	0.01054	0.26724	0.01917	0.05120	0.01068	0.01145	0.00816	0.00607	0.00520	0.00152	0.00847	0.00412	0.00392	0.00755
76	0.03829	0.00739	0.00941	0.00861	0.00979	0.00827	0.00678	0.01074	0.01259	0.01791	0.34690	0.03461	0.19959	0.01338	0.06191	0.00242	0.19278	0.00863	0.00470	0.00531
77	0.00984	0.00545	0.00881	0.00823	0.00858	0.00539	0.05159	0.00788	0.00758	0.01013	0.00972	0.01672	0.00954	0.01833	0.02070	0.78638	0.00509	0.00492	0.00243	0.00272
78	0.00675	0.00482	0.00643	0.00771	0.00803	0.00450	0.00514	0.00771	0.01060	0.01414	0.03053	0.80175	0.03663	0.01735	0.00707	0.00225	0.00321	0.01574	0.00514	0.00450
79	0.01046	0.00984	0.01661	0.79205	0.03814	0.01230	0.01538	0.01415	0.01107	0.01415	0.00984	0.01477	0.00738	0.00554	0.00554	0.00185	0.00738	0.00492	0.00246	0.00615
80	0.01154	0.01137	0.01691	0.01434	0.01492	0.01518	0.06770	0.01313	0.00890	0.01359	0.00874	0.01383	0.00838	0.01424	0.13587	0.00338	0.61430	0.00514	0.00254	0.00599
81	0.00675	0.00482	0.00643	0.00771	0.00803	0.00450	0.00514	0.00771	0.01060	0.01414	0.03053	0.80175	0.03663	0.01735	0.00707	0.00225	0.00321	0.01574	0.00514	0.00450
82	0.01111	0.02865	0.77667	0.01579	0.02397	0.01286	0.02046	0.01754	0.01169	0.01754	0.00994	0.01169	0.00702	0.00526	0.00526	0.00175	0.00818	0.00409	0.00234	0.00818
83	0.01413	0.62770	0.13657	0.01159	0.01690	0.01993	0.07560	0.01682	0.01147	0.01409	0.00833	0.00981	0.00721	0.00481	0.00406	0.00133	0.00654	0.00343	0.00240	0.00729
84	0.01077	0.00949	0.01205	0.01080	0.01120	0.03890	0.00849	0.01202	0.00911	0.01367	0.01184	0.01945	0.01171	0.17832	0.12297	0.00374	0.39588	0.00565	0.10869	0.00524
85	0.00682	0.00551	0.00608	0.00627	0.00780	0.00477	0.00464	0.00834	0.01269	0.01580	0.14156	0.17441	0.53429	0.01427	0.00666	0.00194	0.00292	0.03524	0.00526	0.00473
86	0.01522	0.01326	0.02213	0.01649	0.02098	0.01315	0.33041	0.19255	0.01585	0.07288	0.01332	0.01764	0.01061	0.00629	0.00671	0.00176	0.05508	0.05819	0.00393	0.11355
87	0.01892	0.01080	0.01257	0.01033	0.01408	0.03092	0.00825	0.05155	0.27105	0.37399	0.02073	0.04976	0.01492	0.00722	0.00551	0.00170	0.00468	0.00594	0.00590	0.08118
88	0.02017	0.01424	0.01438	0.01168	0.01550	0.10886	0.00936	0.30086	0.17264	0.22529	0.01699	0.01649	0.01210	0.02814	0.00611	0.00179	0.00584	0.00531	0.00552	0.00875
89	0.01484	0.09129	0.03876	0.01291	0.11012	0.05831	0.00941	0.04635	0.01300	0.19986	0.05945	0.01938	0.03590	0.01736	0.24387	0.00384	0.00850	0.00558	0.00414	0.00712
90	0.01549	0.01031	0.01314	0.11320	0.11654	0.05744	0.00963	0.08900	0.01452	0.22490	0.04468	0.15747	0.06791	0.00880	0.00583	0.00179	0.00524	0.00756	0.02927	0.00728

[dist]
# distance from previous block
# <min> <max>
2	28

[block]
# block no. 4 follows, 43 sequences, length 7
# corresponding to MSA columns:
# 501-507
name=unknown_E
#
# <colnr> <probs for GDERKNQSTAVLIFYWHMCP>
#	G	D	E	R	K	N	Q	S	T	A	V	L	I	F	Y	W	H	M	C	P
0	0.01131	0.00755	0.00981	0.00898	0.01056	0.00826	0.00685	0.12315	0.01189	0.07794	0.01570	0.02316	0.01443	0.18756	0.44995	0.00651	0.01078	0.00619	0.00375	0.00567
1	0.01036	0.00798	0.00864	0.00857	0.00964	0.04890	0.00626	0.08306	0.04418	0.01556	0.02091	0.10114	0.02261	0.38280	0.01676	0.00367	0.00540	0.19443	0.00423	0.00489
2	0.01132	0.01150	0.01109	0.00963	0.01234	0.17246	0.04958	0.01321	0.01296	0.01613	0.09648	0.16371	0.17613	0.00961	0.00571	0.00157	0.00509	0.00816	0.00415	0.20917
3	0.01371	0.01416	0.01663	0.01378	0.01667	0.18107	0.17269	0.07857	0.09741	0.01828	0.07891	0.11312	0.06571	0.00870	0.00691	0.00185	0.06047	0.03062	0.00410	0.00666
4	0.01235	0.01265	0.02273	0.01650	0.02122	0.01177	0.38045	0.01578	0.01195	0.01737	0.01024	0.01329	0.00820	0.00501	0.00689	0.00152	0.09465	0.00509	0.00295	0.32940
5	0.01537	0.05834	0.11323	0.01390	0.01839	0.05814	0.14216	0.29298	0.01738	0.02320	0.01413	0.12403	0.01244	0.00730	0.00566	0.00170	0.00660	0.00636	0.00412	0.06456
6	0.01409	0.01287	0.01467	0.01188	0.01524	0.14658	0.12143	0.10056	0.03711	0.07072	0.10333	0.09711	0.09032	0.00812	0.00574	0.00162	0.00585	0.00706	0.00438	0.13131

[dist]
# distance from previous block
# <min> <max>
26	71

[block]
# block no. 5 follows, 43 sequences, length 12
# corresponding to MSA columns:
# 580-591
name=unknown_F
#
# <colnr> <probs for GDERKNQSTAVLIFYWHMCP>
#	G	D	E	R	K	N	Q	S	T	A	V	L	I	F	Y	W	H	M	C	P
0	0.23014	0.01536	0.01188	0.01025	0.01353	0.25679	0.00797	0.07236	0.05747	0.03393	0.07454	0.01488	0.02520	0.02150	0.00514	0.00157	0.00608	0.00444	0.00382	0.13314
1	0.07922	0.30094	0.01875	0.00962	0.01425	0.01527	0.00848	0.18275	0.01455	0.02058	0.00969	0.01076	0.00791	0.00499	0.00418	0.00121	0.00523	0.00353	0.00347	0.28462
2	0.00962	0.00481	0.00722	0.00722	0.00722	0.00481	0.00481	0.00722	0.00722	0.00962	0.00962	0.01684	0.00962	0.01924	0.02165	0.83886	0.00481	0.00481	0.00241	0.00241
3	0.01314	0.01358	0.02416	0.01833	0.02233	0.01439	0.41263	0.02063	0.23992	0.01872	0.01406	0.01625	0.01082	0.00630	0.00803	0.00196	0.12730	0.00620	0.00361	0.00765
4	0.01508	0.01588	0.01683	0.01376	0.01754	0.21149	0.14319	0.02307	0.31920	0.01893	0.01495	0.01548	0.01152	0.00601	0.00540	0.00160	0.00668	0.00516	0.00405	0.13417
5	0.38920	0.00802	0.00714	0.00689	0.00941	0.00840	0.00556	0.01215	0.01118	0.01966	0.03100	0.03412	0.33734	0.01012	0.00525	0.00188	0.00374	0.08928	0.00436	0.00533
6	0.10678	0.00985	0.01448	0.01130	0.01485	0.00951	0.11405	0.02058	0.01423	0.39709	0.15389	0.02089	0.01872	0.00737	0.00651	0.00179	0.05868	0.00620	0.00547	0.00778
7	0.20465	0.01153	0.01267	0.00968	0.01410	0.01115	0.03654	0.17019	0.04869	0.02337	0.01072	0.01185	0.00836	0.00505	0.00441	0.00129	0.00478	0.00384	0.00388	0.40325
8	0.01517	0.00965	0.01257	0.00969	0.01379	0.00837	0.05751	0.01901	0.09776	0.24838	0.02206	0.02135	0.12647	0.00687	0.00526	0.00144	0.00448	0.00581	0.00489	0.30946
9	0.01631	0.01265	0.01589	0.01211	0.01658	0.01262	0.09248	0.26546	0.15162	0.08303	0.01436	0.01470	0.01062	0.00584	0.00525	0.00148	0.00546	0.00493	0.00468	0.25390
10	0.20241	0.01013	0.01355	0.11298	0.19443	0.01030	0.01004	0.01659	0.01250	0.12962	0.12648	0.01747	0.01523	0.00621	0.00504	0.00162	0.00501	0.00517	0.00403	0.10120
11	0.01567	0.01324	0.01934	0.01469	0.01886	0.02827	0.21830	0.19889	0.10031	0.08054	0.01377	0.03650	0.01066	0.00635	0.00670	0.00170	0.07191	0.00561	0.00421	0.13447

[dist]
# distance from previous block
# <min> <max>
16	131

[block]
# block no. 6 follows, 43 sequences, length 19
# corresponding to MSA columns:
# 761-779
name=unknown_G
#
# <colnr> <probs for GDERKNQSTAVLIFYWHMCP>
#	G	D	E	R	K	N	Q	S	T	A	V	L	I	F	Y	W	H	M	C	P
0	0.12057	0.01242	0.01231	0.01110	0.05136	0.08804	0.00834	0.19059	0.11277	0.11216	0.02303	0.02237	0.16901	0.00788	0.00540	0.00169	0.00514	0.00617	0.00488	0.03478
1	0.17009	0.15225	0.04248	0.01316	0.10274	0.17450	0.00984	0.05539	0.01340	0.09726	0.03385	0.01232	0.00941	0.00552	0.00457	0.00147	0.00623	0.00399	0.00354	0.08799
2	0.01594	0.01398	0.01678	0.08863	0.01925	0.15355	0.13696	0.05979	0.07213	0.13473	0.05096	0.01557	0.01176	0.00583	0.00537	0.00152	0.00656	0.00507	0.00404	0.18158
3	0.01154	0.00693	0.00896	0.00840	0.01029	0.00641	0.00625	0.01393	0.05033	0.16940	0.16002	0.36930	0.03035	0.01215	0.00657	0.00189	0.02236	0.01068	0.00544	0.08882
4	0.16826	0.09062	0.01143	0.00890	0.01146	0.23562	0.00702	0.01731	0.04575	0.01873	0.01257	0.01424	0.01005	0.00587	0.00416	0.00142	0.00546	0.00413	0.32095	0.00603
5	0.01567	0.40486	0.19914	0.01201	0.01731	0.09276	0.01234	0.15346	0.01452	0.01818	0.00934	0.01046	0.00752	0.00531	0.00446	0.00143	0.00687	0.00366	0.00300	0.00772
6	0.08603	0.01420	0.01062	0.00983	0.01167	0.30291	0.00703	0.01597	0.01211	0.08926	0.01493	0.09641	0.01493	0.27597	0.01292	0.00289	0.00676	0.00641	0.00369	0.00547
7	0.01127	0.00853	0.01025	0.05537	0.01254	0.00853	0.00705	0.18252	0.01510	0.02074	0.15809	0.24171	0.03831	0.07791	0.00788	0.00205	0.00432	0.00906	0.00484	0.12393
8	0.01692	0.01796	0.01789	0.16338	0.22971	0.30740	0.01328	0.13356	0.01561	0.01826	0.01005	0.01242	0.00799	0.00561	0.00532	0.00160	0.00795	0.00442	0.00317	0.00749
9	0.48440	0.01122	0.01004	0.00901	0.01231	0.01301	0.00720	0.02198	0.33512	0.02412	0.01414	0.01405	0.01073	0.00617	0.00438	0.00179	0.00433	0.00441	0.00438	0.00720
10	0.00655	0.00561	0.00561	0.00561	0.00748	0.00468	0.00421	0.00795	0.01262	0.01496	0.05610	0.05330	0.76857	0.01403	0.00655	0.00187	0.00281	0.01169	0.00514	0.00468
11	0.52800	0.01228	0.01003	0.00889	0.01228	0.07781	0.00710	0.01985	0.19290	0.02312	0.01151	0.01205	0.00887	0.00571	0.00413	0.00168	0.00478	0.00386	0.00391	0.05124
12	0.01234	0.01105	0.01839	0.03976	0.13582	0.01106	0.21473	0.14988	0.01447	0.01960	0.01824	0.29189	0.01857	0.00957	0.00635	0.00193	0.00609	0.00920	0.00411	0.00695
13	0.01640	0.01630	0.01312	0.01135	0.01411	0.30533	0.00878	0.22033	0.01855	0.02242	0.26924	0.02162	0.02318	0.00789	0.00567	0.00160	0.00639	0.00616	0.00471	0.00684
14	0.00975	0.03691	0.42580	0.01265	0.01755	0.00984	0.01435	0.01404	0.01165	0.01646	0.01856	0.20118	0.01887	0.01007	0.00613	0.00202	0.00637	0.15758	0.00355	0.00669
15	0.00930	0.00894	0.00801	0.00860	0.00963	0.14857	0.00602	0.01041	0.01186	0.01416	0.03047	0.53809	0.14578	0.01468	0.00660	0.00204	0.00440	0.01286	0.00472	0.00488
16	0.14637	0.00923	0.01081	0.00906	0.01231	0.00921	0.00726	0.02199	0.15692	0.34190	0.19104	0.02283	0.02197	0.00774	0.00547	0.00175	0.00410	0.00632	0.00591	0.00780
17	0.02105	0.01551	0.01662	0.01274	0.01717	0.01717	0.01053	0.75235	0.02604	0.03490	0.01330	0.01330	0.00942	0.00665	0.00554	0.00166	0.00609	0.00499	0.00554	0.00942
18	0.01861	0.01376	0.01491	0.01188	0.01578	0.01503	0.00983	0.61499	0.02357	0.03137	0.01855	0.02161	0.07665	0.00814	0.00584	0.00177	0.00571	0.07796	0.00546	0.00858

[dist]
# distance from previous block
# <min> <max>
32	86

[block]
# block no. 7 follows, 43 sequences, length 22
# corresponding to MSA columns:
# 894-915
name=unknown_H
#
# <colnr> <probs for GDERKNQSTAVLIFYWHMCP>
#	G	D	E	R	K	N	Q	S	T	A	V	L	I	F	Y	W	H	M	C	P
0	0.01402	0.64304	0.18780	0.01082	0.01629	0.01999	0.01181	0.01679	0.01135	0.01399	0.00818	0.00948	0.00709	0.00485	0.00392	0.00131	0.00640	0.00320	0.00236	0.00734
1	0.01327	0.17289	0.01929	0.01351	0.01466	0.07239	0.01149	0.01461	0.00955	0.01328	0.00745	0.01132	0.00723	0.00842	0.01431	0.00210	0.58113	0.00438	0.00244	0.00629
2	0.01392	0.54627	0.02505	0.01114	0.01432	0.02028	0.01035	0.01551	0.01034	0.01313	0.00756	0.00995	0.00716	0.00637	0.00837	0.00159	0.26595	0.00358	0.00239	0.00676
3	0.01148	0.00977	0.01041	0.00963	0.01221	0.01080	0.00739	0.02248	0.51436	0.02082	0.07294	0.08390	0.17111	0.00974	0.00597	0.00190	0.00388	0.00824	0.00553	0.00744
4	0.02105	0.01551	0.01662	0.01274	0.01717	0.01717	0.01053	0.75235	0.02604	0.03490	0.01330	0.01330	0.00942	0.00665	0.00554	0.00166	0.00609	0.00499	0.00554	0.00942
5	0.00805	0.00537	0.00604	0.00604	0.00604	0.00537	0.00336	0.00805	0.00805	0.01074	0.01745	0.03624	0.02013	0.80536	0.02819	0.00537	0.00537	0.00805	0.00336	0.00336
6	0.02105	0.01551	0.01662	0.01274	0.01717	0.01717	0.01053	0.75235	0.02604	0.03490	0.01330	0.01330	0.00942	0.00665	0.00554	0.00166	0.00609	0.00499	0.00554	0.00942
7	0.01371	0.01316	0.02248	0.03399	0.77081	0.01316	0.01700	0.01700	0.01261	0.01809	0.01042	0.01371	0.00877	0.00493	0.00548	0.00164	0.00658	0.00493	0.00274	0.00877
8	0.02069	0.02640	0.01569	0.01427	0.01712	0.78313	0.01070	0.02212	0.01569	0.01355	0.00856	0.00999	0.00713	0.00571	0.00499	0.00143	0.00999	0.00357	0.00285	0.00642
9	0.84448	0.01071	0.00814	0.00728	0.01071	0.01242	0.00600	0.01628	0.00943	0.02485	0.00771	0.00900	0.00600	0.00514	0.00343	0.00171	0.00428	0.00300	0.00343	0.00600
10	0.01378	0.01190	0.01252	0.01127	0.01440	0.01378	0.00877	0.02943	0.76081	0.02317	0.02254	0.02066	0.01691	0.00751	0.00564	0.00188	0.00438	0.00626	0.00564	0.00877
11	0.01111	0.02865	0.77667	0.01579	0.02397	0.01286	0.02046	0.01754	0.01169	0.01754	0.00994	0.01169	0.00702	0.00526	0.00526	0.00175	0.00818	0.00409	0.00234	0.00818
12	0.00655	0.00561	0.00561	0.00561	0.00748	0.00468	0.00421	0.00795	0.01262	0.01496	0.05610	0.05330	0.76857	0.01403	0.00655	0.00187	0.00281	0.01169	0.00514	0.00468
13	0.00719	0.00511	0.00624	0.00691	0.00733	0.00483	0.00446	0.00794	0.01015	0.01338	0.05370	0.44407	0.10993	0.27639	0.01395	0.00322	0.00386	0.01259	0.00459	0.00417
14	0.01481	0.80869	0.02902	0.00948	0.01421	0.02191	0.00948	0.01658	0.01125	0.01303	0.00770	0.00888	0.00711	0.00474	0.00355	0.00118	0.00592	0.00296	0.00237	0.00711
15	0.00801	0.00556	0.00698	0.00698	0.00731	0.00588	0.00453	0.00866	0.00833	0.01144	0.01659	0.03147	0.01806	0.55373	0.27699	0.00653	0.00849	0.00736	0.00323	0.00388
16	0.01326	0.48330	0.34090	0.01211	0.01828	0.01814	0.01406	0.01698	0.01144	0.01491	0.00863	0.01006	0.00707	0.00496	0.00427	0.00142	0.00687	0.00343	0.00236	0.00756
17	0.01110	0.00830	0.00940	0.00720	0.01093	0.00665	0.00568	0.01360	0.01153	0.01890	0.01255	0.01450	0.01018	0.00488	0.00403	0.00098	0.00360	0.00390	0.27765	0.56445
18	0.01325	0.27471	0.01818	0.01053	0.01364	0.11002	0.03184	0.03139	0.05512	0.01633	0.12972	0.05747	0.03431	0.00743	0.00635	0.00154	0.09164	0.00558	0.00358	0.08736
19	0.01051	0.00885	0.00975	0.00890	0.01058	0.03270	0.00660	0.03247	0.20182	0.01666	0.06414	0.04946	0.11661	0.21732	0.06791	0.00325	0.07429	0.00746	0.00429	0.05642
20	0.01701	0.25381	0.06230	0.03517	0.01538	0.09207	0.00978	0.08861	0.05860	0.17903	0.01414	0.03338	0.01109	0.00649	0.00520	0.00156	0.02716	0.02219	0.05940	0.00761
