[name]
unknown

[dist]
# distance from previous block
# <min> <max>
0	46

[block]
# block no. 0 follows, 55 sequences, length 28
# corresponding to MSA columns:
# 46-73
name=unknown_A
#
# <colnr> <probs for GDERKNQSTAVLIFYWHMCP>
#	G	D	E	R	K	N	Q	S	T	A	V	L	I	F	Y	W	H	M	C	P
0	0.01653	0.07748	0.01491	0.01174	0.07043	0.04201	0.00913	0.62667	0.01948	0.02582	0.01088	0.01200	0.00820	0.00554	0.00456	0.00138	0.00523	0.02630	0.00419	0.00753
1	0.01257	0.72785	0.02267	0.00806	0.01203	0.01729	0.00784	0.06314	0.01025	0.01241	0.00689	0.00785	0.00616	0.00404	0.00312	0.00100	0.00488	0.00261	0.00221	0.06711
2	0.01312	0.52417	0.10347	0.00927	0.01332	0.06795	0.00907	0.12672	0.06760	0.01461	0.00827	0.00900	0.00683	0.00447	0.00358	0.00116	0.00532	0.00306	0.00259	0.00641
3	0.01048	0.37355	0.41609	0.01057	0.01577	0.01372	0.01241	0.01393	0.00950	0.01282	0.00783	0.00941	0.00633	0.00640	0.06160	0.00169	0.00645	0.00314	0.00201	0.00629
4	0.01067	0.29336	0.32317	0.07619	0.01919	0.01351	0.17446	0.01428	0.00990	0.01328	0.00793	0.00980	0.00619	0.00419	0.00418	0.00134	0.00639	0.00360	0.00206	0.00631
5	0.00851	0.00832	0.08261	0.00713	0.00940	0.02117	0.00612	0.14417	0.02622	0.01689	0.18129	0.09681	0.35422	0.00959	0.00525	0.00153	0.00338	0.00805	0.00428	0.00505
6	0.00787	0.00720	0.01271	0.01067	0.03846	0.00672	0.24168	0.01016	0.01113	0.01521	0.30557	0.13074	0.09917	0.07306	0.00694	0.00180	0.00427	0.00801	0.00383	0.00481
7	0.00657	0.00492	0.00702	0.00702	0.00783	0.00554	0.00534	0.00803	0.00765	0.01076	0.01538	0.02155	0.07413	0.11261	0.67584	0.00672	0.01088	0.00554	0.00267	0.00400
8	0.01093	0.00687	0.00886	0.00890	0.08379	0.00660	0.00619	0.01459	0.13339	0.20052	0.29410	0.02729	0.16258	0.00805	0.00510	0.00149	0.00317	0.00691	0.00480	0.00586
9	0.01084	0.01036	0.01766	0.22578	0.61554	0.01088	0.01394	0.01369	0.01027	0.01438	0.00863	0.01173	0.00708	0.00427	0.00462	0.00142	0.00569	0.00414	0.00224	0.00682
10	0.00979	0.00881	0.01352	0.57447	0.07437	0.01000	0.01143	0.07289	0.01042	0.01400	0.00852	0.01179	0.00652	0.00449	0.00444	0.00138	0.00561	0.00391	0.00240	0.15123
11	0.01114	0.01133	0.02026	0.01514	0.01905	0.01128	0.46065	0.03406	0.26394	0.01676	0.02823	0.01433	0.01009	0.00481	0.00511	0.00151	0.00608	0.00528	0.00324	0.05771
12	0.01054	0.01006	0.01712	0.31397	0.52971	0.01080	0.01379	0.01342	0.01013	0.01401	0.00858	0.01183	0.00695	0.00433	0.00462	0.00144	0.00577	0.00414	0.00222	0.00658
13	0.01185	0.00993	0.01053	0.00943	0.01209	0.01143	0.00735	0.02466	0.77566	0.04304	0.01892	0.01731	0.01412	0.00630	0.00473	0.00157	0.00369	0.00524	0.00476	0.00738
14	0.00555	0.00451	0.00492	0.00525	0.00643	0.00388	0.00377	0.00662	0.01008	0.01236	0.04056	0.28593	0.56868	0.01264	0.00563	0.00167	0.00246	0.01086	0.00432	0.00388
15	0.00944	0.00915	0.01282	0.01126	0.01136	0.01252	0.00924	0.01050	0.00732	0.01122	0.00850	0.08806	0.00891	0.01111	0.08522	0.00250	0.67869	0.00501	0.00229	0.00488
16	0.00665	0.00498	0.00748	0.00748	0.00831	0.00582	0.00582	0.00831	0.00748	0.01080	0.01246	0.01828	0.01163	0.03489	0.81807	0.00748	0.01246	0.00498	0.00249	0.00415
17	0.86937	0.00900	0.00684	0.00612	0.00900	0.01044	0.00504	0.01368	0.00792	0.02087	0.00648	0.00756	0.00504	0.00432	0.00288	0.00144	0.00360	0.00252	0.00288	0.00504
18	0.01663	0.01251	0.01337	0.01049	0.01403	0.01394	0.00859	0.66018	0.15538	0.02763	0.01250	0.01223	0.00899	0.00571	0.00467	0.00143	0.00487	0.00437	0.00467	0.00782
19	0.00567	0.00405	0.00540	0.00648	0.00675	0.00378	0.00432	0.00648	0.00891	0.01188	0.02564	0.83347	0.03077	0.01457	0.00594	0.00189	0.00270	0.01323	0.00432	0.00378
20	0.00933	0.02406	0.81240	0.01326	0.02014	0.01080	0.01719	0.01473	0.00982	0.01473	0.00835	0.00982	0.00589	0.00442	0.00442	0.00147	0.00688	0.00344	0.00196	0.00688
21	0.01081	0.21541	0.48996	0.07328	0.01856	0.01291	0.01389	0.08717	0.01082	0.01499	0.00816	0.00958	0.00612	0.00444	0.00412	0.00136	0.00621	0.00334	0.00223	0.00663
22	0.01538	0.01249	0.01359	0.01085	0.01413	0.08798	0.06742	0.41286	0.18838	0.06303	0.05557	0.01387	0.01116	0.00576	0.00474	0.00144	0.00510	0.00466	0.00437	0.00724
23	0.01033	0.18980	0.46710	0.01126	0.01642	0.01184	0.01318	0.07268	0.01079	0.01493	0.01062	0.01585	0.00920	0.00569	0.00444	0.00147	0.00596	0.11953	0.00252	0.00638
24	0.00918	0.00993	0.07588	0.56417	0.02549	0.07050	0.01146	0.01170	0.00943	0.01177	0.01094	0.01436	0.06312	0.00623	0.00593	0.08241	0.00595	0.00439	0.00224	0.00494
25	0.01042	0.01026	0.07011	0.01582	0.27793	0.07236	0.07045	0.02602	0.01022	0.03231	0.08498	0.07705	0.01293	0.00821	0.00767	0.18082	0.00513	0.01910	0.00281	0.00540
26	0.01050	0.00962	0.01307	0.46007	0.02292	0.08609	0.01090	0.01273	0.00947	0.06844	0.00975	0.07401	0.00840	0.00622	0.00691	0.00164	0.17673	0.00474	0.00252	0.00526
27	0.00911	0.07147	0.01663	0.08022	0.09047	0.00906	0.27528	0.01180	0.01093	0.01481	0.19217	0.11163	0.02952	0.00706	0.00525	0.00155	0.00515	0.04919	0.00328	0.00542

[dist]
# distance from previous block
# <min> <max>
17	95

[block]
# block no. 1 follows, 55 sequences, length 10
# corresponding to MSA columns:
# 179-188
name=unknown_B
#
# <colnr> <probs for GDERKNQSTAVLIFYWHMCP>
#	G	D	E	R	K	N	Q	S	T	A	V	L	I	F	Y	W	H	M	C	P
0	0.01049	0.00958	0.01219	0.02909	0.22747	0.09091	0.03106	0.11533	0.01172	0.01546	0.05978	0.26973	0.01684	0.00955	0.04400	0.00184	0.02869	0.00719	0.00342	0.00566
1	0.00917	0.00841	0.01160	0.00964	0.01220	0.00865	0.15517	0.01596	0.34004	0.01642	0.09439	0.02631	0.25654	0.00780	0.00518	0.00156	0.00394	0.00697	0.00419	0.00585
2	0.01269	0.22453	0.01415	0.00873	0.01175	0.04285	0.00733	0.24702	0.18369	0.01855	0.01723	0.05828	0.12096	0.00662	0.00441	0.00137	0.00439	0.00518	0.00384	0.00643
3	0.01505	0.26430	0.01566	0.00891	0.01258	0.12906	0.00762	0.16337	0.01305	0.15145	0.00983	0.01014	0.00746	0.00460	0.00385	0.00112	0.00503	0.00331	0.00334	0.17025
4	0.01106	0.47720	0.37439	0.01031	0.01558	0.01503	0.01206	0.01429	0.00962	0.01263	0.00730	0.00851	0.00594	0.00418	0.00362	0.00121	0.00582	0.00291	0.00198	0.00637
5	0.00686	0.00526	0.00772	0.00760	0.00834	0.00622	0.00588	0.00838	0.00741	0.01071	0.01223	0.01855	0.01163	0.08196	0.72361	0.00698	0.05899	0.00504	0.00249	0.00413
6	0.00675	0.00466	0.00586	0.00626	0.00660	0.00470	0.00432	0.00748	0.00801	0.01068	0.01831	0.15693	0.02071	0.46223	0.08663	0.00386	0.00488	0.17441	0.00334	0.00340
7	0.01360	0.50801	0.01982	0.01023	0.08164	0.04346	0.00838	0.04613	0.10829	0.10561	0.00979	0.01018	0.00783	0.00458	0.00364	0.00117	0.00487	0.00331	0.00291	0.00654
8	0.00564	0.00418	0.00527	0.00614	0.00666	0.00381	0.00417	0.00652	0.00923	0.01201	0.02974	0.68319	0.17840	0.01404	0.00585	0.00183	0.00263	0.01258	0.00432	0.00381
9	0.01066	0.37153	0.47653	0.01100	0.01664	0.01405	0.01326	0.01439	0.00966	0.01312	0.00755	0.00882	0.00593	0.00423	0.00381	0.00127	0.00607	0.00303	0.00198	0.00649

[dist]
# distance from previous block
# <min> <max>
0	1

[block]
# block no. 2 follows, 55 sequences, length 63
# corresponding to MSA columns:
# 190-252
name=unknown_C
#
# <colnr> <probs for GDERKNQSTAVLIFYWHMCP>
#	G	D	E	R	K	N	Q	S	T	A	V	L	I	F	Y	W	H	M	C	P
0	0.02774	0.01420	0.17988	0.01038	0.01389	0.12997	0.00961	0.07036	0.27449	0.11493	0.01476	0.03613	0.01169	0.00624	0.00470	0.00152	0.00520	0.06376	0.00385	0.00671
1	0.00991	0.17693	0.66464	0.01227	0.01860	0.01223	0.01546	0.01458	0.00975	0.01402	0.00800	0.00938	0.00591	0.00434	0.00415	0.00138	0.00652	0.00326	0.00197	0.00671
2	0.00676	0.00498	0.00647	0.00673	0.00789	0.00469	0.00546	0.00878	0.01180	0.01583	0.37937	0.04326	0.15976	0.01118	0.00585	0.00174	0.00303	0.30746	0.00467	0.00427
3	0.01533	0.01578	0.35921	0.01085	0.01589	0.00983	0.01167	0.14807	0.01323	0.33440	0.01281	0.01244	0.00847	0.00515	0.00456	0.00145	0.00542	0.00406	0.00393	0.00746
4	0.01050	0.01002	0.01706	0.32334	0.52059	0.01079	0.01378	0.01339	0.01012	0.01397	0.00857	0.01184	0.00694	0.00433	0.00462	0.00144	0.00578	0.00414	0.00222	0.00655
5	0.01186	0.68644	0.17214	0.00895	0.01348	0.01698	0.00969	0.01408	0.00952	0.01166	0.00682	0.00791	0.00596	0.00406	0.00325	0.00108	0.00533	0.00267	0.00199	0.00614
6	0.01144	0.01095	0.01857	0.05154	0.76830	0.01104	0.01409	0.01442	0.02684	0.01519	0.00895	0.01166	0.00748	0.00420	0.00461	0.00139	0.00551	0.00417	0.00235	0.00730
7	0.01278	0.00789	0.07516	0.00770	0.01035	0.00627	0.00668	0.01560	0.04988	0.33409	0.35923	0.02498	0.02580	0.00756	0.00508	0.00149	0.00343	0.03483	0.00506	0.00614
8	0.02046	0.00783	0.01063	0.00818	0.01173	0.00676	0.00675	0.02224	0.01324	0.78920	0.01913	0.01661	0.03291	0.00592	0.00470	0.00144	0.00392	0.00482	0.00572	0.00781
9	0.00567	0.00405	0.00540	0.00648	0.00675	0.00378	0.00432	0.00648	0.00891	0.01188	0.02564	0.83347	0.03077	0.01457	0.00594	0.00189	0.00270	0.01323	0.00432	0.00378
10	0.00567	0.00405	0.00540	0.00648	0.00675	0.00378	0.00432	0.00648	0.00891	0.01188	0.02564	0.83347	0.03077	0.01457	0.00594	0.00189	0.00270	0.01323	0.00432	0.00378
11	0.00945	0.02258	0.72960	0.01437	0.08517	0.01069	0.01668	0.01457	0.00996	0.01485	0.02517	0.01049	0.00682	0.00450	0.00446	0.00147	0.00666	0.00360	0.00206	0.00686
12	0.00933	0.02406	0.81240	0.01326	0.02014	0.01080	0.01719	0.01473	0.00982	0.01473	0.00835	0.00982	0.00589	0.00442	0.00442	0.00147	0.00688	0.00344	0.00196	0.00688
13	0.00677	0.00451	0.00507	0.00507	0.00507	0.00451	0.00282	0.00677	0.00677	0.00902	0.01466	0.03044	0.01691	0.83650	0.02368	0.00451	0.00451	0.00677	0.00282	0.00282
14	0.00933	0.02406	0.81240	0.01326	0.02014	0.01080	0.01719	0.01473	0.00982	0.01473	0.00835	0.00982	0.00589	0.00442	0.00442	0.00147	0.00688	0.00344	0.00196	0.00688
15	0.00879	0.00827	0.01395	0.82532	0.03204	0.01034	0.01292	0.01189	0.00930	0.01189	0.00827	0.01240	0.00620	0.00465	0.00465	0.00155	0.00620	0.00413	0.00207	0.00517
16	0.01064	0.01016	0.01730	0.28393	0.55895	0.01082	0.01384	0.01351	0.01018	0.01414	0.00860	0.01180	0.00699	0.00431	0.00462	0.00144	0.00574	0.00414	0.00223	0.00666
17	0.01151	0.01105	0.01888	0.02855	0.80748	0.01105	0.01428	0.01428	0.01059	0.01520	0.00875	0.01151	0.00737	0.00415	0.00461	0.00138	0.00553	0.00415	0.00230	0.00737
18	0.01004	0.00955	0.01622	0.45912	0.38845	0.01067	0.01354	0.01299	0.00990	0.01341	0.00849	0.01199	0.00674	0.00442	0.00463	0.00147	0.00589	0.00414	0.00218	0.00618
19	0.02087	0.00792	0.01080	0.00828	0.01188	0.00684	0.00684	0.02267	0.01332	0.81071	0.01835	0.01583	0.01152	0.00576	0.00468	0.00144	0.00396	0.00468	0.00576	0.00792
20	0.00879	0.00827	0.01395	0.82532	0.03204	0.01034	0.01292	0.01189	0.00930	0.01189	0.00827	0.01240	0.00620	0.00465	0.00465	0.00155	0.00620	0.00413	0.00207	0.00517
21	0.00951	0.01020	0.02135	0.01597	0.01945	0.00955	0.57290	0.01257	0.01041	0.01406	0.01390	0.23983	0.01362	0.00687	0.00561	0.00166	0.00642	0.00763	0.00290	0.00558
22	0.00550	0.00471	0.00471	0.00471	0.00628	0.00393	0.00353	0.00668	0.01060	0.01257	0.04713	0.04477	0.80560	0.01178	0.00550	0.00157	0.00236	0.00982	0.00432	0.00393
23	0.01518	0.01852	0.01351	0.01205	0.01372	0.57287	0.00935	0.01633	0.01134	0.01133	0.00686	0.00893	0.00603	0.00581	0.00757	0.00145	0.25824	0.00332	0.00229	0.00530
24	0.00658	0.00476	0.00622	0.00585	0.00695	0.00439	0.00439	0.00878	0.01317	0.01866	0.80503	0.03475	0.04390	0.00951	0.00549	0.00146	0.00219	0.00841	0.00512	0.00439
25	0.01768	0.01303	0.01396	0.01070	0.01443	0.01443	0.00884	0.79197	0.02187	0.02932	0.01117	0.01117	0.00791	0.00558	0.00465	0.00140	0.00512	0.00419	0.00465	0.00791
26	0.01157	0.00999	0.01052	0.00947	0.01210	0.01157	0.00736	0.02472	0.79908	0.01946	0.01893	0.01736	0.01420	0.00631	0.00473	0.00158	0.00368	0.00526	0.00473	0.00736
27	0.01244	0.83930	0.02438	0.00796	0.01194	0.01841	0.00796	0.01393	0.00945	0.01095	0.00647	0.00746	0.00597	0.00398	0.00299	0.00100	0.00498	0.00249	0.00199	0.00597
28	0.01244	0.83930	0.02438	0.00796	0.01194	0.01841	0.00796	0.01393	0.00945	0.01095	0.00647	0.00746	0.00597	0.00398	0.00299	0.00100	0.00498	0.00249	0.00199	0.00597
29	0.20218	0.03950	0.01068	0.00822	0.01146	0.00974	0.00676	0.13697	0.12098	0.34842	0.04867	0.01406	0.01114	0.00559	0.00427	0.00144	0.00398	0.00430	0.00466	0.00699
30	0.00933	0.02406	0.81240	0.01326	0.02014	0.01080	0.01719	0.01473	0.00982	0.01473	0.00835	0.00982	0.00589	0.00442	0.00442	0.00147	0.00688	0.00344	0.00196	0.00688
31	0.00590	0.00473	0.00527	0.00514	0.00653	0.00410	0.00385	0.00746	0.01156	0.01483	0.32899	0.04104	0.52232	0.01094	0.00549	0.00153	0.00230	0.00930	0.00462	0.00410
32	0.01151	0.01105	0.01888	0.02855	0.80748	0.01105	0.01428	0.01428	0.01059	0.01520	0.00875	0.01151	0.00737	0.00415	0.00461	0.00138	0.00553	0.00415	0.00230	0.00737
33	0.01539	0.01287	0.01451	0.13762	0.16682	0.13212	0.01034	0.34770	0.01583	0.08615	0.01028	0.01139	0.00756	0.00507	0.00458	0.00139	0.00575	0.00404	0.00357	0.00702
34	0.01828	0.01813	0.01262	0.01098	0.01375	0.57443	0.00844	0.05605	0.01363	0.21482	0.01021	0.01041	0.00748	0.00508	0.00434	0.00127	0.00711	0.00348	0.00336	0.00615
35	0.00567	0.00405	0.00540	0.00648	0.00675	0.00378	0.00432	0.00648	0.00891	0.01188	0.02564	0.83347	0.03077	0.01457	0.00594	0.00189	0.00270	0.01323	0.00432	0.00378
36	0.00879	0.00827	0.01395	0.82532	0.03204	0.01034	0.01292	0.01189	0.00930	0.01189	0.00827	0.01240	0.00620	0.00465	0.00465	0.00155	0.00620	0.00413	0.00207	0.00517
37	0.01194	0.01107	0.02180	0.03862	0.22056	0.01061	0.43647	0.01516	0.01089	0.10649	0.01044	0.01302	0.00792	0.00613	0.05564	0.00187	0.00706	0.00499	0.00274	0.00658
38	0.00567	0.00405	0.00540	0.00648	0.00675	0.00378	0.00432	0.00648	0.00891	0.01188	0.02564	0.83347	0.03077	0.01457	0.00594	0.00189	0.00270	0.01323	0.00432	0.00378
39	0.01738	0.02217	0.01318	0.01199	0.01438	0.81783	0.00899	0.01858	0.01318	0.01139	0.00719	0.00839	0.00599	0.00479	0.00419	0.00120	0.00839	0.00300	0.00240	0.00539
40	0.00933	0.02406	0.81240	0.01326	0.02014	0.01080	0.01719	0.01473	0.00982	0.01473	0.00835	0.00982	0.00589	0.00442	0.00442	0.00147	0.00688	0.00344	0.00196	0.00688
41	0.00965	0.00827	0.00965	0.00689	0.01102	0.00620	0.00551	0.01171	0.00965	0.01516	0.00827	0.00965	0.00689	0.00345	0.00345	0.00069	0.00345	0.00276	0.00276	0.86494
42	0.00550	0.00471	0.00471	0.00471	0.00628	0.00393	0.00353	0.00668	0.01060	0.01257	0.04713	0.04477	0.80560	0.01178	0.00550	0.00157	0.00236	0.00982	0.00432	0.00393
43	0.00859	0.00435	0.00441	0.00439	0.00548	0.00434	0.00329	0.01076	0.00988	0.01739	0.04446	0.01799	0.01311	0.00557	0.00333	0.00110	0.00217	0.00449	0.83055	0.00434
44	0.00648	0.00478	0.00691	0.00710	0.00777	0.00535	0.00530	0.00786	0.00767	0.01085	0.01499	0.16451	0.01547	0.09642	0.60880	0.00624	0.01008	0.00660	0.00284	0.00398
45	0.00677	0.00451	0.00507	0.00507	0.00507	0.00451	0.00282	0.00677	0.00677	0.00902	0.01466	0.03044	0.01691	0.83650	0.02368	0.00451	0.00451	0.00677	0.00282	0.00282
46	0.86937	0.00900	0.00684	0.00612	0.00900	0.01044	0.00504	0.01368	0.00792	0.02087	0.00648	0.00756	0.00504	0.00432	0.00288	0.00144	0.00360	0.00252	0.00288	0.00504
47	0.00933	0.02406	0.81240	0.01326	0.02014	0.01080	0.01719	0.01473	0.00982	0.01473	0.00835	0.00982	0.00589	0.00442	0.00442	0.00147	0.00688	0.00344	0.00196	0.00688
48	0.86937	0.00900	0.00684	0.00612	0.00900	0.01044	0.00504	0.01368	0.00792	0.02087	0.00648	0.00756	0.00504	0.00432	0.00288	0.00144	0.00360	0.00252	0.00288	0.00504
49	0.00965	0.00827	0.00965	0.00689	0.01102	0.00620	0.00551	0.01171	0.00965	0.01516	0.00827	0.00965	0.00689	0.00345	0.00345	0.00069	0.00345	0.00276	0.00276	0.86494
50	0.02087	0.00792	0.01080	0.00828	0.01188	0.00684	0.00684	0.02267	0.01332	0.81071	0.01835	0.01583	0.01152	0.00576	0.00468	0.00144	0.00396	0.00468	0.00576	0.00792
51	0.01020	0.25304	0.59107	0.01177	0.01783	0.01294	0.01460	0.01451	0.00972	0.01367	0.00782	0.00916	0.00591	0.00430	0.00402	0.00134	0.00634	0.00317	0.00197	0.00662
52	0.00879	0.00827	0.01395	0.82532	0.03204	0.01034	0.01292	0.01189	0.00930	0.01189	0.00827	0.01240	0.00620	0.00465	0.00465	0.00155	0.00620	0.00413	0.00207	0.00517
53	0.00879	0.00827	0.01395	0.82532	0.03204	0.01034	0.01292	0.01189	0.00930	0.01189	0.00827	0.01240	0.00620	0.00465	0.00465	0.00155	0.00620	0.00413	0.00207	0.00517
54	0.00795	0.00733	0.01043	0.43034	0.03891	0.04295	0.00917	0.01011	0.00967	0.01211	0.01892	0.20265	0.14224	0.00827	0.00511	0.00163	0.00482	0.02970	0.00302	0.00469
55	0.00879	0.00827	0.01395	0.82532	0.03204	0.01034	0.01292	0.01189	0.00930	0.01189	0.00827	0.01240	0.00620	0.00465	0.00465	0.00155	0.00620	0.00413	0.00207	0.00517
56	0.00567	0.00405	0.00540	0.00648	0.00675	0.00378	0.00432	0.00648	0.00891	0.01188	0.02564	0.83347	0.03077	0.01457	0.00594	0.00189	0.00270	0.01323	0.00432	0.00378
57	0.01096	0.01049	0.01788	0.19095	0.64944	0.01091	0.01400	0.01379	0.01033	0.01452	0.00865	0.01170	0.00713	0.00425	0.00461	0.00142	0.00566	0.00414	0.00225	0.00692
58	0.00949	0.06706	0.77084	0.01298	0.01970	0.01121	0.01670	0.01469	0.00980	0.01453	0.00825	0.00970	0.00590	0.00440	0.00434	0.00145	0.00678	0.00339	0.00197	0.00683
59	0.00567	0.00405	0.00540	0.00648	0.00675	0.00378	0.00432	0.00648	0.00891	0.01188	0.02564	0.83347	0.03077	0.01457	0.00594	0.00189	0.00270	0.01323	0.00432	0.00378
60	0.00566	0.00407	0.00537	0.00641	0.00673	0.00378	0.00429	0.00649	0.00897	0.01190	0.02644	0.80423	0.05950	0.01447	0.00592	0.00188	0.00269	0.01310	0.00432	0.00378
61	0.01983	0.00959	0.01183	0.00907	0.01271	0.00932	0.00749	0.27462	0.01612	0.55480	0.01600	0.01431	0.01034	0.00570	0.00467	0.00143	0.00434	0.00452	0.00540	0.00792
62	0.16790	0.01086	0.01106	0.00911	0.01224	0.07935	0.00749	0.29320	0.01511	0.23603	0.01344	0.01615	0.01031	0.00615	0.00450	0.00148	0.00472	0.08971	0.00440	0.00679

[dist]
# distance from previous block
# <min> <max>
0	19

[block]
# block no. 3 follows, 55 sequences, length 8
# corresponding to MSA columns:
# 272-279
name=unknown_D
#
# <colnr> <probs for GDERKNQSTAVLIFYWHMCP>
#	G	D	E	R	K	N	Q	S	T	A	V	L	I	F	Y	W	H	M	C	P
0	0.00567	0.00405	0.00540	0.00648	0.00675	0.00378	0.00432	0.00648	0.00891	0.01188	0.02564	0.83347	0.03077	0.01457	0.00594	0.00189	0.00270	0.01323	0.00432	0.00378
1	0.86937	0.00900	0.00684	0.00612	0.00900	0.01044	0.00504	0.01368	0.00792	0.02087	0.00648	0.00756	0.00504	0.00432	0.00288	0.00144	0.00360	0.00252	0.00288	0.00504
2	0.00969	0.11734	0.72223	0.01265	0.01920	0.01167	0.01613	0.01464	0.00978	0.01430	0.00813	0.00955	0.00590	0.00437	0.00426	0.00142	0.00666	0.00333	0.00197	0.00677
3	0.01502	0.01717	0.01475	0.01586	0.20274	0.45330	0.01040	0.07711	0.01242	0.01367	0.00773	0.00959	0.00649	0.00516	0.00584	0.00137	0.11935	0.00351	0.00250	0.00602
4	0.22188	0.00799	0.00959	0.00762	0.01091	0.00755	0.00627	0.01974	0.01202	0.57741	0.06064	0.01495	0.01183	0.00563	0.00430	0.00144	0.00377	0.00438	0.00504	0.00703
5	0.00561	0.00454	0.00490	0.00517	0.00633	0.00392	0.00369	0.00663	0.00996	0.01219	0.03990	0.24081	0.56697	0.05977	0.00665	0.00182	0.00257	0.01049	0.00423	0.00383
6	0.09740	0.01228	0.01252	0.01338	0.19905	0.18125	0.00857	0.03964	0.09426	0.01583	0.00919	0.01047	0.00743	0.00435	0.00400	0.00115	0.00508	0.00342	0.00285	0.27788
7	0.01303	0.01145	0.06469	0.09916	0.21178	0.01056	0.26404	0.05147	0.04105	0.16877	0.01123	0.01288	0.00815	0.00460	0.00491	0.00148	0.00603	0.00469	0.00314	0.00690

[dist]
# distance from previous block
# <min> <max>
12	24

[block]
# block no. 4 follows, 55 sequences, length 318
# corresponding to MSA columns:
# 304-621
name=unknown_E
#
# <colnr> <probs for GDERKNQSTAVLIFYWHMCP>
#	G	D	E	R	K	N	Q	S	T	A	V	L	I	F	Y	W	H	M	C	P
0	0.01047	0.12420	0.41662	0.01280	0.01806	0.01210	0.13787	0.01676	0.17586	0.01527	0.01050	0.01154	0.00784	0.00468	0.00447	0.00145	0.00611	0.00403	0.00261	0.00677
1	0.01288	0.12204	0.04557	0.01476	0.01849	0.20711	0.36340	0.04155	0.06278	0.01413	0.00898	0.01096	0.00707	0.00457	0.00521	0.00142	0.04615	0.00431	0.00252	0.00611
2	0.01065	0.02142	0.58379	0.01404	0.02007	0.06641	0.14006	0.06187	0.01096	0.01541	0.00861	0.01024	0.00621	0.00444	0.00459	0.00147	0.00703	0.00378	0.00222	0.00674
3	0.01690	0.01083	0.01413	0.01087	0.01451	0.01117	0.10859	0.32211	0.13906	0.27988	0.01449	0.01383	0.00996	0.00554	0.00478	0.00146	0.00487	0.00468	0.00473	0.00762
4	0.01157	0.00999	0.01052	0.00947	0.01210	0.01157	0.00736	0.02472	0.79908	0.01946	0.01893	0.01736	0.01420	0.00631	0.00473	0.00158	0.00368	0.00526	0.00473	0.00736
5	0.00808	0.00404	0.00606	0.00606	0.00606	0.00404	0.00404	0.00606	0.00606	0.00808	0.00808	0.01414	0.00808	0.01616	0.01818	0.86465	0.00404	0.00404	0.00202	0.00202
6	0.00665	0.00495	0.00731	0.00731	0.00809	0.00573	0.00561	0.00820	0.00743	0.01068	0.01261	0.01911	0.01199	0.08976	0.76370	0.00727	0.01192	0.00511	0.00251	0.00406
7	0.01018	0.01018	0.01425	0.01221	0.01221	0.01425	0.01018	0.01120	0.00712	0.01120	0.00611	0.01018	0.00611	0.00814	0.01527	0.00204	0.82799	0.00407	0.00204	0.00509
8	0.00933	0.02406	0.81240	0.01326	0.02014	0.01080	0.01719	0.01473	0.00982	0.01473	0.00835	0.00982	0.00589	0.00442	0.00442	0.00147	0.00688	0.00344	0.00196	0.00688
9	0.81129	0.00892	0.00711	0.00627	0.00919	0.01019	0.00516	0.01429	0.00829	0.07493	0.00729	0.00812	0.00548	0.00442	0.00300	0.00144	0.00362	0.00267	0.00308	0.00524
10	0.01013	0.00856	0.00991	0.00712	0.01123	0.00670	0.00571	0.05874	0.01038	0.01601	0.00844	0.00974	0.00695	0.00357	0.00352	0.00073	0.00355	0.00284	0.00287	0.81329
11	0.01018	0.24769	0.59624	0.01181	0.01789	0.01289	0.01466	0.01451	0.00972	0.01369	0.00783	0.00917	0.00591	0.00430	0.00403	0.00134	0.00635	0.00318	0.00197	0.00663
12	0.01563	0.01074	0.01187	0.00971	0.01293	0.01175	0.00782	0.31306	0.35815	0.17267	0.01590	0.01474	0.01133	0.00593	0.00469	0.00148	0.00428	0.00475	0.00490	0.00767
13	0.00567	0.00405	0.00540	0.00648	0.00675	0.00378	0.00432	0.00648	0.00891	0.01188	0.02564	0.83347	0.03077	0.01457	0.00594	0.00189	0.00270	0.01323	0.00432	0.00378
14	0.00879	0.00827	0.01395	0.82532	0.03204	0.01034	0.01292	0.01189	0.00930	0.01189	0.00827	0.01240	0.00620	0.00465	0.00465	0.00155	0.00620	0.00413	0.00207	0.00517
15	0.00641	0.00495	0.00589	0.00580	0.00705	0.00456	0.00435	0.00866	0.04916	0.01590	0.41948	0.11067	0.29227	0.01069	0.00553	0.00157	0.00244	0.03558	0.00474	0.00432
16	0.02073	0.00815	0.01094	0.00839	0.01199	0.00718	0.00693	0.05747	0.01370	0.77536	0.01803	0.01562	0.01135	0.00575	0.00468	0.00144	0.00401	0.00466	0.00571	0.00792
17	0.00879	0.00827	0.01395	0.82532	0.03204	0.01034	0.01292	0.01189	0.00930	0.01189	0.00827	0.01240	0.00620	0.00465	0.00465	0.00155	0.00620	0.00413	0.00207	0.00517
18	0.00587	0.00431	0.00516	0.00574	0.00626	0.00398	0.00380	0.00659	0.00883	0.01140	0.02831	0.46615	0.21238	0.19743	0.00979	0.00240	0.00302	0.01097	0.00398	0.00360
19	0.00808	0.00404	0.00606	0.00606	0.00606	0.00404	0.00404	0.00606	0.00606	0.00808	0.00808	0.01414	0.00808	0.01616	0.01818	0.86465	0.00404	0.00404	0.00202	0.00202
20	0.00559	0.00450	0.00498	0.00536	0.00649	0.00390	0.00386	0.00666	0.01004	0.01236	0.03964	0.30733	0.53596	0.01273	0.00566	0.00169	0.00250	0.02257	0.00432	0.00388
21	0.02087	0.00792	0.01080	0.00828	0.01188	0.00684	0.00684	0.02267	0.01332	0.81071	0.01835	0.01583	0.01152	0.00576	0.00468	0.00144	0.00396	0.00468	0.00576	0.00792
22	0.01380	0.49431	0.01976	0.02403	0.01311	0.27774	0.00856	0.01519	0.01048	0.01112	0.00671	0.00806	0.00599	0.00458	0.00437	0.00115	0.07040	0.00281	0.00213	0.00570
23	0.00665	0.00497	0.00739	0.00739	0.00819	0.00577	0.00571	0.00825	0.00745	0.01074	0.01254	0.01871	0.01182	0.06353	0.78969	0.00737	0.01218	0.00505	0.00250	0.00411
24	0.01768	0.01303	0.01396	0.01070	0.01443	0.01443	0.00884	0.79197	0.02187	0.02932	0.01117	0.01117	0.00791	0.00558	0.00465	0.00140	0.00512	0.00419	0.00465	0.00791
25	0.00567	0.00405	0.00540	0.00648	0.00675	0.00378	0.00432	0.00648	0.00891	0.01188	0.02564	0.83347	0.03077	0.01457	0.00594	0.00189	0.00270	0.01323	0.00432	0.00378
26	0.01195	0.00829	0.00994	0.00723	0.01125	0.00647	0.00583	0.02770	0.01057	0.16849	0.01026	0.01086	0.00780	0.00393	0.00370	0.00085	0.00357	0.00315	0.00337	0.68479
27	0.00887	0.00835	0.01410	0.80158	0.05515	0.01036	0.01296	0.01196	0.00934	0.01198	0.00828	0.01238	0.00624	0.00464	0.00465	0.00155	0.00618	0.00413	0.00207	0.00523
28	0.02082	0.00801	0.01085	0.00832	0.01192	0.00697	0.00687	0.03636	0.01347	0.79681	0.01823	0.01575	0.01145	0.00575	0.00468	0.00144	0.00398	0.00467	0.00574	0.00792
29	0.01074	0.01020	0.01737	0.23456	0.59205	0.01074	0.01374	0.01351	0.01018	0.01421	0.00861	0.01179	0.00708	0.00449	0.00486	0.01710	0.00567	0.00414	0.00224	0.00670
30	0.02342	0.30720	0.09130	0.04333	0.18358	0.01333	0.10522	0.01504	0.09210	0.01415	0.00941	0.01100	0.00763	0.00441	0.00402	0.00128	0.00532	0.00376	0.05811	0.00638
31	0.00879	0.00827	0.01395	0.82532	0.03204	0.01034	0.01292	0.01189	0.00930	0.01189	0.00827	0.01240	0.00620	0.00465	0.00465	0.00155	0.00620	0.00413	0.00207	0.00517
32	0.00567	0.00405	0.00540	0.00648	0.00675	0.00378	0.00432	0.00648	0.00891	0.01188	0.02564	0.83347	0.03077	0.01457	0.00594	0.00189	0.00270	0.01323	0.00432	0.00378
33	0.00932	0.06143	0.57650	0.01215	0.01771	0.01013	0.05874	0.01382	0.01032	0.02674	0.08877	0.01544	0.02219	0.00550	0.00465	0.00149	0.00611	0.05009	0.00253	0.00637
34	0.00997	0.04062	0.26572	0.25296	0.15145	0.01104	0.03756	0.01375	0.03135	0.02980	0.03239	0.01197	0.00776	0.00497	0.00551	0.00152	0.07908	0.00407	0.00232	0.00621
35	0.02087	0.00792	0.01080	0.00828	0.01188	0.00684	0.00684	0.02267	0.01332	0.81071	0.01835	0.01583	0.01152	0.00576	0.00468	0.00144	0.00396	0.00468	0.00576	0.00792
36	0.01185	0.00998	0.01513	0.44002	0.16549	0.01132	0.03556	0.19248	0.01263	0.04685	0.00944	0.01209	0.00703	0.00480	0.00467	0.00148	0.00580	0.00421	0.00285	0.00633
37	0.01057	0.08009	0.56053	0.01393	0.04387	0.01180	0.11377	0.08373	0.01104	0.01579	0.00861	0.01017	0.00627	0.00442	0.00448	0.00144	0.00666	0.00372	0.00226	0.00684
38	0.01434	0.01002	0.01489	0.01462	0.18079	0.06110	0.14445	0.06682	0.01219	0.27559	0.01475	0.14353	0.01234	0.00643	0.00497	0.00150	0.00513	0.00593	0.00392	0.00669
39	0.00720	0.00523	0.00746	0.04608	0.00929	0.00506	0.04066	0.03387	0.01038	0.04231	0.15208	0.53400	0.04106	0.01208	0.00570	0.00176	0.00318	0.03390	0.00432	0.00436
40	0.01080	0.15582	0.30154	0.18461	0.09982	0.04432	0.05279	0.05845	0.01066	0.01431	0.02059	0.01068	0.00689	0.00450	0.00432	0.00139	0.00621	0.00370	0.00226	0.00634
41	0.00721	0.00633	0.01030	0.00855	0.01044	0.00580	0.16946	0.00944	0.01184	0.01606	0.41769	0.09303	0.19670	0.00920	0.00552	0.00154	0.00345	0.00846	0.00431	0.00464
42	0.01055	0.00930	0.01080	0.00820	0.01152	0.03594	0.00663	0.04906	0.00996	0.02663	0.00814	0.00986	0.00684	0.00445	0.00562	0.00099	0.14866	0.00309	0.00275	0.63099
43	0.01757	0.01297	0.01390	0.01068	0.01438	0.01437	0.00881	0.77755	0.03648	0.02913	0.01132	0.01129	0.00803	0.00560	0.00466	0.00140	0.00509	0.00421	0.00466	0.00790
44	0.02076	0.00809	0.01091	0.00836	0.01196	0.00710	0.00691	0.04914	0.01361	0.78383	0.01811	0.01567	0.01139	0.00575	0.00468	0.00144	0.00400	0.00466	0.00572	0.00792
45	0.01185	0.00993	0.01053	0.00943	0.01209	0.01143	0.00735	0.02466	0.77552	0.04318	0.01892	0.01731	0.01412	0.00630	0.00473	0.00157	0.00369	0.00524	0.00476	0.00738
46	0.01015	0.00967	0.01643	0.42570	0.42097	0.01070	0.01360	0.01309	0.00995	0.01355	0.00851	0.01196	0.00679	0.00440	0.00463	0.00147	0.00586	0.00414	0.00219	0.00627
47	0.02087	0.00792	0.01080	0.00828	0.01188	0.00684	0.00684	0.02267	0.01332	0.81071	0.01835	0.01583	0.01152	0.00576	0.00468	0.00144	0.00396	0.00468	0.00576	0.00792
48	0.71106	0.00975	0.00816	0.00697	0.01001	0.01118	0.00575	0.15834	0.01051	0.02244	0.00735	0.00823	0.00557	0.00455	0.00321	0.00143	0.00388	0.00283	0.00321	0.00557
49	0.00883	0.00835	0.01422	0.80967	0.03189	0.01036	0.02803	0.01194	0.00933	0.01194	0.00829	0.01241	0.00622	0.00464	0.00467	0.00155	0.00623	0.00416	0.00207	0.00519
50	0.00711	0.00518	0.00699	0.00792	0.00900	0.00506	0.00676	0.00903	0.01057	0.01360	0.02760	0.10687	0.12731	0.01284	0.00627	0.00205	0.00392	0.62342	0.00429	0.00420
51	0.00658	0.00476	0.00622	0.00585	0.00695	0.00439	0.00439	0.00878	0.01317	0.01866	0.80503	0.03475	0.04390	0.00951	0.00549	0.00146	0.00219	0.00841	0.00512	0.00439
52	0.00933	0.02406	0.81240	0.01326	0.02014	0.01080	0.01719	0.01473	0.00982	0.01473	0.00835	0.00982	0.00589	0.00442	0.00442	0.00147	0.00688	0.00344	0.00196	0.00688
53	0.00617	0.00441	0.00597	0.00705	0.00754	0.00421	0.00519	0.00735	0.00940	0.01244	0.02536	0.61907	0.02967	0.01410	0.00607	0.00196	0.00313	0.22267	0.00431	0.00392
54	0.01098	0.01255	0.02745	0.01961	0.02431	0.01176	0.79059	0.01490	0.01098	0.01490	0.00941	0.01255	0.00706	0.00392	0.00549	0.00157	0.00784	0.00549	0.00235	0.00627
55	0.01151	0.01105	0.01888	0.02855	0.80748	0.01105	0.01428	0.01428	0.01059	0.01520	0.00875	0.01151	0.00737	0.00415	0.00461	0.00138	0.00553	0.00415	0.00230	0.00737
56	0.01019	0.00971	0.01641	0.40309	0.41619	0.01082	0.01350	0.01305	0.00987	0.01351	0.00844	0.01189	0.00678	0.00452	0.00498	0.00148	0.03300	0.00414	0.00218	0.00626
57	0.00563	0.00431	0.00517	0.00581	0.00658	0.00385	0.00403	0.00662	0.00966	0.01234	0.05757	0.52011	0.31480	0.01340	0.00576	0.00176	0.00256	0.01183	0.00434	0.00385
58	0.01092	0.01238	0.02652	0.01908	0.02346	0.01194	0.73530	0.01464	0.01071	0.01464	0.00918	0.01238	0.00699	0.00422	0.00618	0.00160	0.06595	0.00539	0.00233	0.00619
59	0.01685	0.01200	0.01622	0.01213	0.01604	0.01249	0.17280	0.48888	0.01803	0.16823	0.01210	0.01231	0.00839	0.00527	0.00483	0.00144	0.00548	0.00455	0.00437	0.00757
60	0.00567	0.00405	0.00540	0.00648	0.00675	0.00378	0.00432	0.00648	0.00891	0.01188	0.02564	0.83347	0.03077	0.01457	0.00594	0.00189	0.00270	0.01323	0.00432	0.00378
61	0.04760	0.00860	0.01049	0.00842	0.01162	0.04571	0.00691	0.07029	0.01349	0.59464	0.06320	0.01851	0.01373	0.00636	0.00476	0.00147	0.00415	0.05752	0.00529	0.00725
62	0.01023	0.00808	0.00956	0.00693	0.01089	0.00616	0.00554	0.01228	0.01005	0.06684	0.04675	0.01124	0.00895	0.00388	0.00362	0.00077	0.00342	0.00315	0.00306	0.76859
63	0.00876	0.00951	0.05465	0.01332	0.01600	0.00876	0.36496	0.01133	0.00998	0.01362	0.03762	0.27055	0.03988	0.00837	0.00647	0.00172	0.07757	0.03858	0.00313	0.00522
64	0.00974	0.00537	0.00548	0.00509	0.00649	0.00553	0.00392	0.10353	0.01119	0.01877	0.01470	0.01661	0.01145	0.00544	0.00342	0.00112	0.00252	0.00432	0.76056	0.00476
65	0.01768	0.01303	0.01396	0.01070	0.01443	0.01443	0.00884	0.79197	0.02187	0.02932	0.01117	0.01117	0.00791	0.00558	0.00465	0.00140	0.00512	0.00419	0.00465	0.00791
66	0.01098	0.01255	0.02745	0.01961	0.02431	0.01176	0.79059	0.01490	0.01098	0.01490	0.00941	0.01255	0.00706	0.00392	0.00549	0.00157	0.00784	0.00549	0.00235	0.00627
67	0.00649	0.00475	0.00609	0.00575	0.00689	0.00435	0.00431	0.00860	0.01294	0.01812	0.73891	0.03563	0.11034	0.00971	0.00549	0.00147	0.00221	0.00854	0.00505	0.00435
68	0.86937	0.00900	0.00684	0.00612	0.00900	0.01044	0.00504	0.01368	0.00792	0.02087	0.00648	0.00756	0.00504	0.00432	0.00288	0.00144	0.00360	0.00252	0.00288	0.00504
69	0.01244	0.83930	0.02438	0.00796	0.01194	0.01841	0.00796	0.01393	0.00945	0.01095	0.00647	0.00746	0.00597	0.00398	0.00299	0.00100	0.00498	0.00249	0.00199	0.00597
70	0.01155	0.04898	0.01093	0.00910	0.01172	0.01129	0.00718	0.05019	0.65219	0.03237	0.08676	0.01816	0.01614	0.00645	0.00471	0.00153	0.00367	0.00536	0.00465	0.00707
71	0.00879	0.00827	0.01395	0.82532	0.03204	0.01034	0.01292	0.01189	0.00930	0.01189	0.00827	0.01240	0.00620	0.00465	0.00465	0.00155	0.00620	0.00413	0.00207	0.00517
72	0.00965	0.00827	0.00965	0.00689	0.01102	0.00620	0.00551	0.01171	0.00965	0.01516	0.00827	0.00965	0.00689	0.00345	0.00345	0.00069	0.00345	0.00276	0.00276	0.86494
73	0.00599	0.00465	0.00545	0.00542	0.00663	0.00411	0.00400	0.00757	0.01153	0.01515	0.37679	0.13261	0.38115	0.01111	0.00554	0.00156	0.00233	0.00960	0.00467	0.00411
74	0.03153	0.01214	0.01291	0.01029	0.01370	0.01359	0.00838	0.57205	0.23006	0.02652	0.01317	0.01276	0.00955	0.00576	0.00464	0.00145	0.00471	0.00445	0.00464	0.00771
75	0.39738	0.01080	0.01036	0.00858	0.01144	0.05824	0.00703	0.21906	0.01250	0.12319	0.00924	0.00989	0.00679	0.00526	0.00495	0.00148	0.09058	0.00343	0.00360	0.00619
76	0.01214	0.00567	0.00665	0.00580	0.00768	0.00538	0.00455	0.04046	0.01151	0.23778	0.09834	0.01853	0.01501	0.00595	0.00393	0.00123	0.00277	0.00485	0.50631	0.00546
77	0.01745	0.00932	0.01079	0.02222	0.01204	0.03768	0.00704	0.20831	0.06691	0.41555	0.01563	0.01469	0.01059	0.00565	0.00446	0.00138	0.00417	0.00448	0.12440	0.00724
78	0.00650	0.00455	0.00500	0.00500	0.00533	0.00439	0.00297	0.00675	0.00757	0.00977	0.02148	0.03346	0.18270	0.66314	0.01986	0.00389	0.00406	0.00741	0.00313	0.00305
79	0.01751	0.01826	0.01352	0.01144	0.01440	0.47443	0.00893	0.34915	0.01690	0.01905	0.00889	0.00958	0.00681	0.00513	0.00439	0.00128	0.00699	0.00351	0.00336	0.00647
80	0.06072	0.07368	0.37410	0.01174	0.04034	0.06358	0.01225	0.06862	0.03642	0.08642	0.00927	0.01039	0.00688	0.00495	0.00521	0.00143	0.08035	0.00356	0.00271	0.04738
81	0.01252	0.82536	0.02419	0.00803	0.01198	0.03205	0.00798	0.01401	0.00952	0.01095	0.00648	0.00748	0.00597	0.00399	0.00301	0.00100	0.00503	0.00250	0.00200	0.00596
82	0.01768	0.01303	0.01396	0.01070	0.01443	0.01443	0.00884	0.79197	0.02187	0.02932	0.01117	0.01117	0.00791	0.00558	0.00465	0.00140	0.00512	0.00419	0.00465	0.00791
83	0.02623	0.01158	0.01312	0.01289	0.13534	0.03454	0.00902	0.32203	0.32752	0.02235	0.01394	0.01429	0.01057	0.00574	0.00467	0.00147	0.00467	0.01838	0.00423	0.00744
84	0.00584	0.00415	0.00551	0.00654	0.00685	0.00391	0.00445	0.00669	0.00892	0.01187	0.02505	0.74538	0.02985	0.05415	0.00683	0.00203	0.00289	0.06109	0.00424	0.00376
85	0.00566	0.00408	0.00536	0.00638	0.00672	0.00379	0.00428	0.00649	0.00900	0.01191	0.02678	0.79172	0.07179	0.01443	0.00591	0.00187	0.00268	0.01305	0.00432	0.00379
86	0.00611	0.00437	0.00590	0.00693	0.00741	0.00416	0.00504	0.00727	0.00946	0.01257	0.05191	0.62951	0.03031	0.01401	0.00603	0.00193	0.00304	0.18578	0.00434	0.00391
87	0.01157	0.00999	0.01052	0.00947	0.01210	0.01157	0.00736	0.02472	0.79908	0.01946	0.01893	0.01736	0.01420	0.00631	0.00473	0.00158	0.00368	0.00526	0.00473	0.00736
88	0.05946	0.01016	0.01106	0.00873	0.01184	0.01085	0.00714	0.46155	0.01721	0.15516	0.01296	0.01305	0.00920	0.00551	0.00427	0.00134	0.00423	0.00422	0.18503	0.00702
89	0.01768	0.01303	0.01396	0.01070	0.01443	0.01443	0.00884	0.79197	0.02187	0.02932	0.01117	0.01117	0.00791	0.00558	0.00465	0.00140	0.00512	0.00419	0.00465	0.00791
90	0.00743	0.00404	0.00588	0.00617	0.00624	0.00397	0.00411	0.00617	0.00682	0.00910	0.01279	0.23388	0.01417	0.01574	0.01490	0.63326	0.00368	0.00650	0.00264	0.00249
91	0.01739	0.01289	0.01380	0.01065	0.01432	0.01429	0.00877	0.75555	0.05877	0.02885	0.01154	0.01146	0.00821	0.00562	0.00466	0.00140	0.00505	0.00424	0.00466	0.00789
92	0.64095	0.01008	0.00875	0.00735	0.01045	0.01151	0.00606	0.22241	0.01166	0.02314	0.00774	0.00853	0.00581	0.00466	0.00336	0.00143	0.00401	0.00297	0.00336	0.00581
93	0.00584	0.00420	0.00558	0.00659	0.00699	0.00393	0.00457	0.00682	0.00923	0.01226	0.04752	0.72144	0.05387	0.01421	0.00595	0.00189	0.00281	0.07812	0.00434	0.00384
94	0.00867	0.00434	0.00434	0.00434	0.00542	0.00434	0.00325	0.01084	0.00976	0.01734	0.01518	0.01734	0.01192	0.00542	0.00325	0.00108	0.00217	0.00434	0.86233	0.00434
95	0.01151	0.01105	0.01888	0.02855	0.80748	0.01105	0.01428	0.01428	0.01059	0.01520	0.00875	0.01151	0.00737	0.00415	0.00461	0.00138	0.00553	0.00415	0.00230	0.00737
96	0.00612	0.00440	0.00580	0.00617	0.00685	0.00408	0.00435	0.00761	0.01100	0.01520	0.40822	0.44140	0.03721	0.01209	0.00572	0.00168	0.00245	0.01086	0.00471	0.00408
97	0.00808	0.00404	0.00606	0.00606	0.00606	0.00404	0.00404	0.00606	0.00606	0.00808	0.00808	0.01414	0.00808	0.01616	0.01818	0.86465	0.00404	0.00404	0.00202	0.00202
98	0.01688	0.01263	0.01360	0.02538	0.01450	0.01405	0.00876	0.69718	0.10330	0.02797	0.01193	0.01184	0.00854	0.00564	0.00466	0.00142	0.00499	0.00430	0.00462	0.00780
99	0.00647	0.00473	0.00608	0.00579	0.00689	0.00434	0.00432	0.00855	0.01285	0.01799	0.72425	0.06016	0.10050	0.00984	0.00550	0.00148	0.00222	0.00867	0.00504	0.00434
100	0.00968	0.00830	0.00966	0.00694	0.01105	0.00631	0.00555	0.01197	0.02498	0.01524	0.00848	0.00980	0.00703	0.00350	0.00347	0.00071	0.00345	0.00280	0.00279	0.84829
101	0.01311	0.66577	0.05994	0.00888	0.01273	0.14995	0.00857	0.01474	0.01009	0.01120	0.00668	0.00773	0.00597	0.00414	0.00325	0.00105	0.00563	0.00262	0.00206	0.00592
102	0.00867	0.00434	0.00434	0.00434	0.00542	0.00434	0.00325	0.01084	0.00976	0.01734	0.01518	0.01734	0.01192	0.00542	0.00325	0.00108	0.00217	0.00434	0.86233	0.00434
103	0.02400	0.04103	0.33312	0.01622	0.21724	0.05808	0.04108	0.01691	0.17612	0.01564	0.01056	0.01175	0.00805	0.00474	0.00449	0.00144	0.00588	0.00401	0.00269	0.00694
104	0.00580	0.00422	0.00579	0.00667	0.00701	0.00394	0.01841	0.00664	0.00888	0.01185	0.02502	0.79478	0.02993	0.03887	0.00646	0.00196	0.00285	0.01289	0.00424	0.00379
105	0.00921	0.00932	0.05585	0.03085	0.38487	0.00843	0.07492	0.01171	0.01072	0.01490	0.13222	0.13020	0.09277	0.00710	0.00507	0.00150	0.00462	0.00663	0.00317	0.00596
106	0.01051	0.01179	0.02549	0.01844	0.02275	0.01106	0.72074	0.01415	0.01080	0.01463	0.01085	0.08547	0.00917	0.00487	0.00553	0.00160	0.00739	0.00618	0.00253	0.00605
107	0.01174	0.01052	0.01053	0.00949	0.01206	0.05742	0.00736	0.02385	0.72844	0.01897	0.04399	0.01741	0.01470	0.00633	0.00473	0.00155	0.00390	0.00523	0.00461	0.00715
108	0.00576	0.00409	0.00541	0.00643	0.00669	0.00384	0.00428	0.00654	0.00881	0.01174	0.02500	0.77617	0.02992	0.06153	0.00696	0.00204	0.00283	0.02399	0.00423	0.00373
109	0.00879	0.00827	0.01395	0.82532	0.03204	0.01034	0.01292	0.01189	0.00930	0.01189	0.00827	0.01240	0.00620	0.00465	0.00465	0.00155	0.00620	0.00413	0.00207	0.00517
110	0.86937	0.00900	0.00684	0.00612	0.00900	0.01044	0.00504	0.01368	0.00792	0.02087	0.00648	0.00756	0.00504	0.00432	0.00288	0.00144	0.00360	0.00252	0.00288	0.00504
111	0.01018	0.01018	0.01425	0.01221	0.01221	0.01425	0.01018	0.01120	0.00712	0.01120	0.00611	0.01018	0.00611	0.00814	0.01527	0.00204	0.82799	0.00407	0.00204	0.00509
112	0.02925	0.00947	0.01323	0.01309	0.16765	0.00937	0.05382	0.09324	0.14131	0.35635	0.01504	0.01455	0.01046	0.00537	0.00462	0.00144	0.00446	0.00462	0.04524	0.00741
113	0.01338	0.01033	0.01065	0.00887	0.01106	0.06573	0.00696	0.39981	0.01527	0.02058	0.01242	0.01771	0.01095	0.18514	0.00929	0.00209	0.05445	0.04132	0.09808	0.00591
114	0.01058	0.01126	0.01049	0.00971	0.01108	0.27155	0.02872	0.01210	0.00940	0.01114	0.01009	0.01417	0.00917	0.02182	0.45810	0.00478	0.08446	0.00427	0.00242	0.00470
115	0.00722	0.00490	0.00638	0.00593	0.00716	0.00449	0.00448	0.00936	0.01308	0.05604	0.74061	0.03421	0.06957	0.00941	0.00545	0.00147	0.00228	0.00829	0.00512	0.00454
116	0.60008	0.00986	0.00863	0.00726	0.01028	0.01122	0.00597	0.22228	0.01175	0.02297	0.00815	0.00899	0.00614	0.00471	0.00337	0.00141	0.00394	0.00305	0.04416	0.00578
117	0.59959	0.18366	0.01109	0.00685	0.01004	0.01209	0.00594	0.05120	0.00922	0.06499	0.00739	0.00819	0.00575	0.00439	0.00309	0.00134	0.00398	0.00272	0.00294	0.00554
118	0.00652	0.00475	0.00613	0.00579	0.00691	0.00436	0.00434	0.00866	0.01302	0.01830	0.76108	0.03533	0.08807	0.00964	0.00549	0.00147	0.00220	0.00849	0.00507	0.00436
119	0.02087	0.00792	0.01080	0.00828	0.01188	0.00684	0.00684	0.02267	0.01332	0.81071	0.01835	0.01583	0.01152	0.00576	0.00468	0.00144	0.00396	0.00468	0.00576	0.00792
120	0.00644	0.00438	0.00517	0.00548	0.00556	0.00430	0.00326	0.00668	0.00739	0.00986	0.01787	0.26547	0.02097	0.59594	0.01849	0.00374	0.00398	0.00866	0.00326	0.00310
121	0.00879	0.00827	0.01395	0.82532	0.03204	0.01034	0.01292	0.01189	0.00930	0.01189	0.00827	0.01240	0.00620	0.00465	0.00465	0.00155	0.00620	0.00413	0.00207	0.00517
122	0.01149	0.04270	0.01101	0.00805	0.01181	0.17400	0.00638	0.02719	0.01059	0.01448	0.00803	0.00933	0.00669	0.00378	0.00360	0.00082	0.00455	0.00282	0.00269	0.63999
123	0.64019	0.04083	0.00893	0.00756	0.01036	0.19977	0.00606	0.01483	0.00920	0.01831	0.00664	0.00775	0.00529	0.00442	0.00319	0.00137	0.00477	0.00263	0.00274	0.00515
124	0.00686	0.00484	0.00615	0.00577	0.00701	0.00440	0.00435	0.00891	0.01283	0.04113	0.68043	0.03554	0.14492	0.00970	0.00546	0.00148	0.00227	0.00849	0.00503	0.00443
125	0.05509	0.01006	0.01415	0.02772	0.23656	0.02151	0.05986	0.09708	0.09401	0.23045	0.01359	0.01394	0.03250	0.00521	0.00474	0.00141	0.01758	0.00449	0.00383	0.05621
126	0.01396	0.01118	0.01342	0.07097	0.02906	0.12552	0.10460	0.06738	0.16149	0.18902	0.01367	0.05993	0.01069	0.02098	0.00558	0.00153	0.04499	0.00497	0.00380	0.04726
127	0.01233	0.80988	0.05282	0.00815	0.01224	0.01813	0.00829	0.01396	0.00947	0.01108	0.00654	0.00755	0.00597	0.00400	0.00304	0.00101	0.00504	0.00252	0.00199	0.00600
