[name]
unknown

[dist]
# distance from previous block
# <min> <max>
0	174

[block]
# block no. 0 follows, 49 sequences, length 28
# corresponding to MSA columns:
# 174-201
name=unknown_A
#
# <colnr> <probs for GDERKNQSTAVLIFYWHMCP>
#	G	D	E	R	K	N	Q	S	T	A	V	L	I	F	Y	W	H	M	C	P
0	0.00815	0.00582	0.00815	0.00931	0.01048	0.00582	0.00815	0.01048	0.01164	0.01513	0.02677	0.05704	0.02910	0.01397	0.00698	0.00233	0.00466	0.75671	0.00466	0.00466
1	0.01014	0.02616	0.79609	0.01441	0.02189	0.01174	0.01868	0.01601	0.01068	0.01601	0.00907	0.01068	0.00641	0.00480	0.00480	0.00160	0.00747	0.00374	0.00214	0.00747
2	0.01227	0.52941	0.31146	0.01079	0.01628	0.01695	0.01237	0.01546	0.01042	0.01342	0.00779	0.00906	0.00646	0.00450	0.00382	0.00127	0.00617	0.00309	0.00215	0.00685
3	0.00628	0.00450	0.00598	0.00696	0.00736	0.00419	0.00470	0.00735	0.01025	0.01382	0.12145	0.72282	0.03520	0.01516	0.00639	0.00200	0.00287	0.01373	0.00480	0.00419
4	0.00671	0.00463	0.00571	0.00634	0.00650	0.00447	0.00394	0.00718	0.00861	0.01148	0.02238	0.45755	0.02652	0.38674	0.01532	0.00336	0.00384	0.01115	0.00394	0.00363
5	0.00999	0.00642	0.00990	0.00944	0.01106	0.00601	0.08445	0.01179	0.01123	0.14128	0.02448	0.39654	0.02621	0.01258	0.00633	0.00201	0.00420	0.21610	0.00472	0.00527
6	0.01264	0.01154	0.01289	0.01112	0.01349	0.13428	0.10146	0.21292	0.05450	0.01864	0.01803	0.33860	0.01856	0.00971	0.00566	0.00173	0.00534	0.00856	0.00422	0.00610
7	0.00611	0.00500	0.00540	0.00557	0.00698	0.00428	0.00408	0.00742	0.01144	0.01411	0.11183	0.18519	0.58877	0.01313	0.00606	0.00176	0.00261	0.01120	0.00477	0.00428
8	0.00641	0.00514	0.00573	0.00558	0.00710	0.00445	0.00419	0.00810	0.01256	0.01611	0.32407	0.04463	0.51432	0.01189	0.00597	0.00166	0.00250	0.01011	0.00502	0.00445
9	0.01252	0.01201	0.02053	0.03104	0.79074	0.01201	0.01552	0.01552	0.01151	0.01652	0.00951	0.01252	0.00801	0.00451	0.00501	0.00150	0.00601	0.00451	0.00250	0.00801
10	0.01026	0.05428	0.76901	0.01421	0.02157	0.01203	0.01833	0.01598	0.01066	0.01587	0.00900	0.01059	0.00641	0.00479	0.00475	0.00158	0.00740	0.00370	0.00214	0.00744
11	0.01993	0.01046	0.01241	0.00963	0.01331	0.01049	0.00792	0.32643	0.01784	0.40668	0.01644	0.01533	0.01098	0.00614	0.00492	0.00151	0.00461	0.00483	0.09193	0.00821
12	0.01258	0.01066	0.01122	0.00998	0.01284	0.01215	0.00779	0.08596	0.65720	0.02141	0.02240	0.02075	0.07798	0.00728	0.00521	0.00170	0.00401	0.00603	0.00510	0.00775
13	0.85801	0.00978	0.00743	0.00665	0.00978	0.01134	0.00548	0.01486	0.00861	0.02269	0.00704	0.00821	0.00548	0.00469	0.00313	0.00156	0.00391	0.00274	0.00313	0.00548
14	0.01441	0.01179	0.01342	0.01249	0.09318	0.01278	0.00903	0.25922	0.36942	0.02348	0.01537	0.01507	0.01155	0.00599	0.00493	0.00151	0.00467	0.00489	0.00458	0.11224
15	0.01246	0.01218	0.02148	0.03005	0.71273	0.01209	0.09278	0.01559	0.01156	0.01649	0.00958	0.01263	0.00798	0.00448	0.00510	0.00152	0.00626	0.00465	0.00251	0.00789
16	0.00844	0.00758	0.01100	0.01030	0.01073	0.00916	0.04715	0.00959	0.00901	0.01278	0.01836	0.45031	0.02126	0.01241	0.01053	0.00210	0.33094	0.00991	0.00358	0.00482
17	0.01442	0.01685	0.01971	0.01543	0.01905	0.33116	0.32703	0.05867	0.01351	0.01521	0.01441	0.01604	0.10340	0.00580	0.00535	0.00153	0.00787	0.00537	0.00298	0.00622
18	0.01978	0.01680	0.01294	0.01113	0.01417	0.43650	0.00863	0.02137	0.01404	0.32864	0.01304	0.01299	0.00928	0.00745	0.04894	0.00179	0.00742	0.00412	0.00409	0.00690
19	0.00647	0.00482	0.00647	0.00743	0.00771	0.00482	0.00509	0.00736	0.00956	0.01286	0.02654	0.76840	0.03177	0.01540	0.00709	0.00206	0.05366	0.01375	0.00454	0.00420
20	0.01132	0.01079	0.01836	0.34621	0.48494	0.01170	0.01492	0.01447	0.01095	0.01506	0.00930	0.01291	0.00750	0.00473	0.00503	0.00158	0.00630	0.00450	0.00240	0.00704
21	0.01279	0.01493	0.02793	0.02029	0.02510	0.10994	0.67850	0.01669	0.01223	0.01573	0.00993	0.01308	0.00753	0.00438	0.00579	0.00166	0.00860	0.00563	0.00256	0.00670
22	0.01860	0.00952	0.01161	0.00952	0.01301	0.00951	0.00766	0.02554	0.32481	0.48150	0.02021	0.01788	0.01370	0.00650	0.00511	0.00163	0.00418	0.00534	0.00581	0.00836
23	0.02226	0.00929	0.01216	0.00932	0.01325	0.00845	0.00770	0.11687	0.01562	0.70040	0.01899	0.01659	0.01204	0.00624	0.00508	0.00156	0.00446	0.00502	0.00611	0.00860
24	0.01194	0.01364	0.02984	0.02131	0.02643	0.01279	0.77238	0.01620	0.01194	0.01620	0.01023	0.01364	0.00767	0.00426	0.00597	0.00171	0.00853	0.00597	0.00256	0.00682
25	0.00776	0.00744	0.00623	0.00607	0.00786	0.10249	0.00455	0.00910	0.01182	0.01379	0.04396	0.04215	0.64945	0.01149	0.00567	0.00163	0.00336	0.00943	0.05126	0.00449
26	0.02269	0.00861	0.01174	0.00900	0.01291	0.00743	0.00743	0.02464	0.01447	0.79425	0.01995	0.01721	0.01252	0.00626	0.00509	0.00156	0.00430	0.00509	0.00626	0.00861
27	0.00851	0.00738	0.01057	0.00990	0.01039	0.00944	0.00788	0.00995	0.00818	0.01204	0.01275	0.11498	0.01298	0.02444	0.41337	0.00519	0.30828	0.00615	0.00277	0.00484

[dist]
# distance from previous block
# <min> <max>
0	30

[block]
# block no. 1 follows, 49 sequences, length 80
# corresponding to MSA columns:
# 232-311
name=unknown_B
#
# <colnr> <probs for GDERKNQSTAVLIFYWHMCP>
#	G	D	E	R	K	N	Q	S	T	A	V	L	I	F	Y	W	H	M	C	P
0	0.01269	0.62972	0.21487	0.01006	0.01516	0.01799	0.01111	0.01536	0.01037	0.01290	0.00753	0.00874	0.00647	0.00444	0.00363	0.00121	0.00591	0.00296	0.00216	0.00673
1	0.01252	0.01201	0.02053	0.03104	0.79074	0.01201	0.01552	0.01552	0.01151	0.01652	0.00951	0.01252	0.00801	0.00451	0.00501	0.00150	0.00601	0.00451	0.00250	0.00801
2	0.00616	0.00440	0.00587	0.00704	0.00733	0.00411	0.00469	0.00704	0.00968	0.01291	0.02787	0.81899	0.03344	0.01584	0.00645	0.00205	0.00293	0.01438	0.00469	0.00411
3	0.01100	0.00894	0.01023	0.00931	0.01109	0.06901	0.00732	0.19700	0.01249	0.01676	0.01337	0.05062	0.01206	0.02672	0.51316	0.00574	0.01081	0.00542	0.00336	0.00560
4	0.00955	0.00899	0.01517	0.81013	0.03483	0.01123	0.01404	0.01292	0.01011	0.01292	0.00899	0.01348	0.00674	0.00506	0.00506	0.00169	0.00674	0.00449	0.00225	0.00562
5	0.01194	0.01364	0.02984	0.02131	0.02643	0.01279	0.77238	0.01620	0.01194	0.01620	0.01023	0.01364	0.00767	0.00426	0.00597	0.00171	0.00853	0.00597	0.00256	0.00682
6	0.01112	0.03063	0.01575	0.01316	0.01327	0.01560	0.01101	0.01224	0.00781	0.01216	0.00665	0.01099	0.00663	0.00874	0.01627	0.00219	0.79363	0.00438	0.00221	0.00555
7	0.85801	0.00978	0.00743	0.00665	0.00978	0.01134	0.00548	0.01486	0.00861	0.02269	0.00704	0.00821	0.00548	0.00469	0.00313	0.00156	0.00391	0.00274	0.00313	0.00548
8	0.00724	0.00576	0.00669	0.00707	0.00860	0.00543	0.00569	0.00984	0.07001	0.01469	0.03913	0.09382	0.42474	0.01293	0.00629	0.00194	0.00341	0.26734	0.00472	0.00468
9	0.01106	0.01106	0.01549	0.01328	0.01328	0.01549	0.01106	0.01217	0.00774	0.01217	0.00664	0.01106	0.00664	0.00885	0.01659	0.00221	0.81303	0.00443	0.00221	0.00553
10	0.00955	0.00899	0.01517	0.81013	0.03483	0.01123	0.01404	0.01292	0.01011	0.01292	0.00899	0.01348	0.00674	0.00506	0.00506	0.00169	0.00674	0.00449	0.00225	0.00562
11	0.01352	0.82533	0.02650	0.00865	0.01298	0.02001	0.00865	0.01514	0.01027	0.01190	0.00703	0.00811	0.00649	0.00433	0.00324	0.00108	0.00541	0.00270	0.00216	0.00649
12	0.01141	0.00896	0.01058	0.00760	0.01205	0.00679	0.00610	0.01364	0.01079	0.07561	0.00982	0.01100	0.00787	0.00394	0.00385	0.00081	0.00379	0.00315	0.00324	0.78899
13	0.01946	0.01378	0.01494	0.01145	0.01549	0.01511	0.00946	0.72165	0.02313	0.08502	0.01268	0.01249	0.00887	0.00608	0.00506	0.00152	0.00548	0.00459	0.00514	0.00860
14	0.00945	0.00869	0.01240	0.01111	0.01149	0.01164	0.00907	0.01085	0.00790	0.01199	0.00954	0.01476	0.00916	0.02105	0.34633	0.00469	0.47749	0.00484	0.00242	0.00510
15	0.01033	0.07173	0.75220	0.01408	0.02138	0.01222	0.01811	0.01596	0.01065	0.01578	0.00896	0.01053	0.00641	0.00478	0.00472	0.00157	0.00736	0.00368	0.00214	0.00742
16	0.00616	0.00440	0.00587	0.00704	0.00733	0.00411	0.00469	0.00704	0.00968	0.01291	0.02787	0.81899	0.03344	0.01584	0.00645	0.00205	0.00293	0.01438	0.00469	0.00411
17	0.00955	0.00899	0.01517	0.81013	0.03483	0.01123	0.01404	0.01292	0.01011	0.01292	0.00899	0.01348	0.00674	0.00506	0.00506	0.00169	0.00674	0.00449	0.00225	0.00562
18	0.01922	0.01416	0.01518	0.01163	0.01568	0.01568	0.00961	0.77388	0.02378	0.03187	0.01214	0.01214	0.00860	0.00607	0.00506	0.00152	0.00556	0.00455	0.00506	0.00860
19	0.00716	0.00517	0.00676	0.00636	0.00755	0.00477	0.00477	0.00954	0.01431	0.02028	0.78808	0.03777	0.04771	0.01034	0.00596	0.00159	0.00239	0.00914	0.00557	0.00477
20	0.00943	0.00471	0.00471	0.00471	0.00589	0.00471	0.00353	0.01178	0.01060	0.01885	0.01650	0.01885	0.01296	0.00589	0.00353	0.00118	0.00236	0.00471	0.85036	0.00471
21	0.00729	0.00487	0.00554	0.00560	0.00562	0.00486	0.00316	0.00734	0.00749	0.00998	0.01661	0.07791	0.01924	0.77629	0.02464	0.00474	0.00479	0.00775	0.00316	0.00312
22	0.01200	0.00973	0.01035	0.00932	0.01203	0.01084	0.00725	0.02332	0.60363	0.06394	0.02589	0.02397	0.15005	0.00786	0.00529	0.00171	0.00377	0.00654	0.00513	0.00739
23	0.02173	0.00905	0.01193	0.00911	0.01307	0.00802	0.00752	0.08093	0.01495	0.69193	0.01873	0.01644	0.01193	0.00610	0.00501	0.00151	0.00437	0.00493	0.00598	0.05677
24	0.00615	0.00446	0.00581	0.00690	0.00730	0.00412	0.00463	0.00706	0.00982	0.01297	0.02965	0.76042	0.09087	0.01561	0.00642	0.00203	0.00291	0.01409	0.00469	0.00412
25	0.01200	0.01346	0.02881	0.02239	0.11096	0.01270	0.68868	0.01612	0.01189	0.01623	0.01015	0.01352	0.00771	0.00429	0.00586	0.00168	0.00825	0.00581	0.00255	0.00695
26	0.00815	0.00582	0.00815	0.00931	0.01048	0.00582	0.00815	0.01048	0.01164	0.01513	0.02677	0.05704	0.02910	0.01397	0.00698	0.00233	0.00466	0.75671	0.00466	0.00466
27	0.02269	0.00861	0.01174	0.00900	0.01291	0.00743	0.00743	0.02464	0.01447	0.79425	0.01995	0.01721	0.01252	0.00626	0.00509	0.00156	0.00430	0.00509	0.00626	0.00861
28	0.00616	0.00440	0.00587	0.00704	0.00733	0.00411	0.00469	0.00704	0.00968	0.01291	0.02787	0.81899	0.03344	0.01584	0.00645	0.00205	0.00293	0.01438	0.00469	0.00411
29	0.01210	0.48992	0.34949	0.01107	0.01672	0.01654	0.01286	0.01551	0.01044	0.01362	0.00789	0.00919	0.00645	0.00453	0.00390	0.00130	0.00627	0.00314	0.00215	0.00690
30	0.01331	0.01123	0.01185	0.01044	0.01343	0.01292	0.00818	0.10948	0.69780	0.02234	0.01965	0.01812	0.01468	0.00677	0.00514	0.00169	0.00417	0.00559	0.00514	0.00807
31	0.01235	0.01184	0.02022	0.07547	0.74763	0.01197	0.01543	0.01537	0.01143	0.01631	0.00948	0.01257	0.00794	0.00454	0.00501	0.00151	0.00605	0.00450	0.00249	0.00787
32	0.00975	0.00919	0.01553	0.75797	0.08544	0.01129	0.01414	0.01309	0.01021	0.01316	0.00902	0.01342	0.00683	0.00502	0.00505	0.00167	0.00669	0.00449	0.00226	0.00578
33	0.01111	0.00927	0.01060	0.00777	0.01200	0.00754	0.00623	0.09649	0.01203	0.01797	0.01255	0.01357	0.06701	0.00469	0.00406	0.00091	0.00386	0.00375	0.00335	0.69525
34	0.01322	0.01335	0.01984	0.02905	0.70502	0.09938	0.01488	0.01604	0.01183	0.01606	0.00932	0.01214	0.00784	0.00458	0.00496	0.00148	0.00635	0.00437	0.00251	0.00777
35	0.00722	0.00485	0.00555	0.00568	0.00572	0.00481	0.00324	0.00732	0.00761	0.01015	0.01725	0.12001	0.02005	0.73310	0.02361	0.00459	0.00468	0.00813	0.00324	0.00318
36	0.00633	0.00514	0.00561	0.00549	0.00704	0.00442	0.00412	0.00793	0.01235	0.01562	0.26890	0.04545	0.56980	0.01208	0.00597	0.00167	0.00251	0.01022	0.00495	0.00442
37	0.01334	0.01131	0.01224	0.01070	0.01349	0.01321	0.00845	0.12449	0.62260	0.02189	0.01841	0.01738	0.01386	0.00691	0.00600	0.00173	0.06572	0.00546	0.00491	0.00789
38	0.00752	0.00550	0.00763	0.00837	0.00940	0.00565	0.00689	0.00944	0.01041	0.01379	0.02500	0.12271	0.08268	0.03620	0.21970	0.00385	0.00670	0.40995	0.00411	0.00450
39	0.74686	0.00962	0.00800	0.00696	0.01020	0.01082	0.00574	0.01617	0.00939	0.12535	0.00876	0.00941	0.00641	0.00490	0.00339	0.00156	0.00396	0.00305	0.00355	0.00589
40	0.00615	0.00445	0.00582	0.00691	0.00730	0.00412	0.00464	0.00706	0.00980	0.01296	0.02943	0.76741	0.08401	0.01564	0.00642	0.00203	0.00291	0.01413	0.00469	0.00412
41	0.01889	0.02410	0.01433	0.01303	0.01563	0.80199	0.00977	0.02019	0.01433	0.01238	0.00782	0.00912	0.00651	0.00521	0.00456	0.00130	0.00912	0.00326	0.00261	0.00586
42	0.85801	0.00978	0.00743	0.00665	0.00978	0.01134	0.00548	0.01486	0.00861	0.02269	0.00704	0.00821	0.00548	0.00469	0.00313	0.00156	0.00391	0.00274	0.00313	0.00548
43	0.00665	0.00475	0.00642	0.00759	0.00810	0.00452	0.00554	0.00788	0.01016	0.01345	0.02760	0.63334	0.03239	0.01539	0.00658	0.00212	0.00335	0.19525	0.00468	0.00424
44	0.01112	0.01124	0.01645	0.01381	0.01416	0.01531	0.06203	0.01244	0.00802	0.01244	0.00688	0.01124	0.00671	0.00854	0.01588	0.00218	0.75917	0.00453	0.00224	0.00562
45	0.00955	0.00899	0.01517	0.81013	0.03483	0.01123	0.01404	0.01292	0.01011	0.01292	0.00899	0.01348	0.00674	0.00506	0.00506	0.00169	0.00674	0.00449	0.00225	0.00562
46	0.00641	0.00506	0.00577	0.00576	0.00714	0.00443	0.00426	0.00803	0.01229	0.01587	0.30440	0.13008	0.44798	0.01229	0.00602	0.00171	0.00254	0.01055	0.00500	0.00443
47	0.00598	0.00512	0.00512	0.00512	0.00683	0.00427	0.00384	0.00726	0.01153	0.01366	0.05123	0.04866	0.78869	0.01281	0.00598	0.00171	0.00256	0.01067	0.00470	0.00427
48	0.01117	0.01064	0.01809	0.38495	0.44736	0.01166	0.01485	0.01434	0.01088	0.01488	0.00927	0.01295	0.00743	0.00476	0.00503	0.00159	0.00634	0.00450	0.00239	0.00692
49	0.01352	0.82533	0.02650	0.00865	0.01298	0.02001	0.00865	0.01514	0.01027	0.01190	0.00703	0.00811	0.00649	0.00433	0.00324	0.00108	0.00541	0.00270	0.00216	0.00649
50	0.01014	0.02616	0.79609	0.01441	0.02189	0.01174	0.01868	0.01601	0.01068	0.01601	0.00907	0.01068	0.00641	0.00480	0.00480	0.00160	0.00747	0.00374	0.00214	0.00747
51	0.00955	0.00899	0.01517	0.81013	0.03483	0.01123	0.01404	0.01292	0.01011	0.01292	0.00899	0.01348	0.00674	0.00506	0.00506	0.00169	0.00674	0.00449	0.00225	0.00562
52	0.00735	0.00490	0.00552	0.00552	0.00552	0.00490	0.00306	0.00735	0.00735	0.00980	0.01593	0.03309	0.01838	0.82229	0.02574	0.00490	0.00490	0.00735	0.00306	0.00306
53	0.00819	0.00588	0.00763	0.00736	0.00814	0.00647	0.00528	0.06652	0.00901	0.01250	0.01439	0.02453	0.01462	0.34707	0.43319	0.00634	0.00950	0.00612	0.00303	0.00425
54	0.00810	0.00629	0.00655	0.00610	0.00807	0.00580	0.00464	0.06743	0.05999	0.04560	0.04367	0.04218	0.61925	0.04557	0.00665	0.00182	0.00304	0.00955	0.00474	0.00495
55	0.85801	0.00978	0.00743	0.00665	0.00978	0.01134	0.00548	0.01486	0.00861	0.02269	0.00704	0.00821	0.00548	0.00469	0.00313	0.00156	0.00391	0.00274	0.00313	0.00548
56	0.00615	0.00446	0.00581	0.00690	0.00730	0.00412	0.00463	0.00706	0.00982	0.01297	0.02965	0.76042	0.09087	0.01561	0.00642	0.00203	0.00291	0.01409	0.00469	0.00412
57	0.01014	0.02616	0.79609	0.01441	0.02189	0.01174	0.01868	0.01601	0.01068	0.01601	0.00907	0.01068	0.00641	0.00480	0.00480	0.00160	0.00747	0.00374	0.00214	0.00747
58	0.01049	0.00899	0.01049	0.00749	0.01198	0.00674	0.00599	0.01273	0.01049	0.01648	0.00899	0.01049	0.00749	0.00374	0.00374	0.00075	0.00374	0.00300	0.00300	0.85320
59	0.01014	0.02616	0.79609	0.01441	0.02189	0.01174	0.01868	0.01601	0.01068	0.01601	0.00907	0.01068	0.00641	0.00480	0.00480	0.00160	0.00747	0.00374	0.00214	0.00747
60	0.01352	0.82533	0.02650	0.00865	0.01298	0.02001	0.00865	0.01514	0.01027	0.01190	0.00703	0.00811	0.00649	0.00433	0.00324	0.00108	0.00541	0.00270	0.00216	0.00649
61	0.01352	0.82533	0.02650	0.00865	0.01298	0.02001	0.00865	0.01514	0.01027	0.01190	0.00703	0.00811	0.00649	0.00433	0.00324	0.00108	0.00541	0.00270	0.00216	0.00649
62	0.01919	0.01526	0.01508	0.01179	0.01568	0.10264	0.00963	0.69053	0.02273	0.02971	0.01166	0.01181	0.00837	0.00598	0.00500	0.00149	0.00596	0.00441	0.00479	0.00830
63	0.00676	0.00482	0.00625	0.00655	0.00724	0.00451	0.00455	0.00825	0.01160	0.01603	0.38363	0.36513	0.03848	0.10244	0.00836	0.00215	0.00289	0.01114	0.00492	0.00430
64	0.00878	0.00439	0.00659	0.00659	0.00659	0.00439	0.00439	0.00659	0.00659	0.00878	0.00878	0.01537	0.00878	0.01757	0.01976	0.85288	0.00439	0.00439	0.00220	0.00220
65	0.00615	0.00445	0.00582	0.00691	0.00730	0.00412	0.00464	0.00706	0.00980	0.01296	0.02943	0.76741	0.08401	0.01564	0.00642	0.00203	0.00291	0.01413	0.00469	0.00412
66	0.01049	0.00899	0.01049	0.00749	0.01198	0.00674	0.00599	0.01273	0.01049	0.01648	0.00899	0.01049	0.00749	0.00374	0.00374	0.00075	0.00374	0.00300	0.00300	0.85320
67	0.02158	0.01039	0.01284	0.00984	0.01380	0.01008	0.00813	0.26502	0.01746	0.54966	0.01744	0.01558	0.01126	0.00620	0.00508	0.00155	0.00471	0.00491	0.00587	0.00860
68	0.01194	0.01364	0.02984	0.02131	0.02643	0.01279	0.77238	0.01620	0.01194	0.01620	0.01023	0.01364	0.00767	0.00426	0.00597	0.00171	0.00853	0.00597	0.00256	0.00682
69	0.00616	0.00440	0.00587	0.00704	0.00733	0.00411	0.00469	0.00704	0.00968	0.01291	0.02787	0.81899	0.03344	0.01584	0.00645	0.00205	0.00293	0.01438	0.00469	0.00411
70	0.00616	0.00440	0.00587	0.00704	0.00733	0.00411	0.00469	0.00704	0.00968	0.01291	0.02787	0.81899	0.03344	0.01584	0.00645	0.00205	0.00293	0.01438	0.00469	0.00411
71	0.00955	0.00899	0.01517	0.81013	0.03483	0.01123	0.01404	0.01292	0.01011	0.01292	0.00899	0.01348	0.00674	0.00506	0.00506	0.00169	0.00674	0.00449	0.00225	0.00562
72	0.02139	0.00962	0.01224	0.00950	0.01335	0.00908	0.00781	0.13904	0.07422	0.61924	0.01881	0.01656	0.01214	0.00628	0.00509	0.00157	0.00447	0.00505	0.00599	0.00856
73	0.01258	0.01086	0.01143	0.01029	0.01315	0.01258	0.00800	0.02687	0.78161	0.02115	0.02058	0.01887	0.01544	0.00686	0.00515	0.00172	0.00400	0.00572	0.00515	0.00800
74	0.01936	0.01772	0.01457	0.01199	0.01545	0.33008	0.00951	0.41436	0.01928	0.08262	0.01101	0.01132	0.00806	0.00574	0.00486	0.00144	0.00689	0.00407	0.00417	0.00750
75	0.52811	0.01207	0.01043	0.00869	0.01210	0.05789	0.00711	0.27039	0.01403	0.02519	0.00880	0.00959	0.00659	0.00519	0.00386	0.00153	0.00476	0.00338	0.00375	0.00655
76	0.00618	0.00495	0.00552	0.00576	0.00705	0.00430	0.00417	0.00751	0.01145	0.01436	0.14356	0.23576	0.50524	0.01322	0.00609	0.00178	0.00263	0.01138	0.00481	0.00430
77	0.01100	0.00829	0.00946	0.00887	0.01067	0.00886	0.00663	0.23017	0.14307	0.01966	0.02191	0.43826	0.02301	0.02728	0.00621	0.00190	0.00391	0.00997	0.00484	0.00603
78	0.01140	0.00885	0.00998	0.00811	0.01144	0.00824	0.00635	0.04519	0.21702	0.04851	0.01489	0.07544	0.01243	0.00592	0.00440	0.00121	0.00369	0.00492	0.09762	0.40439
79	0.01279	0.01049	0.01238	0.01026	0.01327	0.01131	0.06556	0.23471	0.30112	0.02250	0.09901	0.02341	0.14537	0.00778	0.00540	0.00164	0.00439	0.00657	0.00489	0.00714

[dist]
# distance from previous block
# <min> <max>
1	4

[block]
# block no. 2 follows, 49 sequences, length 81
# corresponding to MSA columns:
# 316-396
name=unknown_C
#
# <colnr> <probs for GDERKNQSTAVLIFYWHMCP>
#	G	D	E	R	K	N	Q	S	T	A	V	L	I	F	Y	W	H	M	C	P
0	0.06759	0.01897	0.01414	0.01208	0.01514	0.43324	0.00944	0.27697	0.04583	0.01995	0.00969	0.01052	0.00750	0.00565	0.00505	0.00144	0.03261	0.00380	0.00356	0.00684
1	0.01014	0.02616	0.79609	0.01441	0.02189	0.01174	0.01868	0.01601	0.01068	0.01601	0.00907	0.01068	0.00641	0.00480	0.00480	0.00160	0.00747	0.00374	0.00214	0.00747
2	0.01290	0.67765	0.16871	0.00972	0.01462	0.01848	0.01051	0.01530	0.01035	0.01266	0.00741	0.00859	0.00647	0.00441	0.00353	0.00118	0.00579	0.00289	0.00216	0.00667
3	0.01226	0.01053	0.01116	0.01006	0.01282	0.01212	0.00781	0.02586	0.73674	0.02110	0.06546	0.01997	0.01732	0.00706	0.00519	0.00171	0.00391	0.00592	0.00517	0.00781
4	0.00689	0.00507	0.00645	0.00628	0.00744	0.00463	0.00464	0.00897	0.01343	0.01859	0.60745	0.12911	0.13967	0.01128	0.00602	0.00166	0.00247	0.00994	0.00536	0.00463
5	0.00707	0.00517	0.00664	0.00627	0.00750	0.00473	0.00470	0.00938	0.01411	0.01980	0.73469	0.03856	0.10140	0.01052	0.00596	0.00160	0.00240	0.00926	0.00550	0.00473
6	0.01845	0.02336	0.01440	0.01304	0.01550	0.75741	0.00984	0.01974	0.01396	0.01236	0.00775	0.00923	0.00652	0.00542	0.00524	0.00135	0.05469	0.00332	0.00258	0.00584
7	0.00709	0.00517	0.00666	0.00629	0.00751	0.00474	0.00472	0.00941	0.01415	0.01989	0.74499	0.03841	0.09104	0.01048	0.00596	0.00160	0.00240	0.00923	0.00552	0.00474
8	0.00623	0.00443	0.00585	0.00695	0.00723	0.00415	0.00460	0.00706	0.00955	0.01273	0.02717	0.77303	0.03256	0.06300	0.00758	0.00222	0.00305	0.01396	0.00460	0.00405
9	0.00955	0.00899	0.01517	0.81013	0.03483	0.01123	0.01404	0.01292	0.01011	0.01292	0.00899	0.01348	0.00674	0.00506	0.00506	0.00169	0.00674	0.00449	0.00225	0.00562
10	0.00616	0.00440	0.00587	0.00704	0.00733	0.00411	0.00469	0.00704	0.00968	0.01291	0.02787	0.81899	0.03344	0.01584	0.00645	0.00205	0.00293	0.01438	0.00469	0.00411
11	0.00705	0.00496	0.00547	0.00546	0.00586	0.00476	0.00328	0.00740	0.00847	0.01096	0.04773	0.03659	0.18508	0.62263	0.02087	0.00411	0.00432	0.00812	0.00349	0.00338
12	0.00616	0.00440	0.00587	0.00704	0.00733	0.00411	0.00469	0.00704	0.00968	0.01291	0.02787	0.81899	0.03344	0.01584	0.00645	0.00205	0.00293	0.01438	0.00469	0.00411
13	0.02208	0.00958	0.01234	0.00946	0.01339	0.00887	0.00781	0.15535	0.01610	0.66125	0.01859	0.01633	0.01183	0.00623	0.00508	0.00156	0.00452	0.00499	0.00605	0.00860
14	0.00815	0.00582	0.00815	0.00931	0.01048	0.00582	0.00815	0.01048	0.01164	0.01513	0.02677	0.05704	0.02910	0.01397	0.00698	0.00233	0.00466	0.75671	0.00466	0.00466
15	0.02249	0.00893	0.01194	0.00915	0.01307	0.00791	0.00756	0.06845	0.01502	0.74967	0.01949	0.01691	0.01229	0.00625	0.00508	0.00156	0.00438	0.00505	0.00619	0.00861
16	0.00943	0.00471	0.00471	0.00471	0.00589	0.00471	0.00353	0.01178	0.01060	0.01885	0.01650	0.01885	0.01296	0.00589	0.00353	0.00118	0.00236	0.00471	0.85036	0.00471
17	0.01933	0.01399	0.01507	0.01155	0.01559	0.01542	0.00954	0.75040	0.02348	0.05576	0.01239	0.01230	0.00872	0.00608	0.00506	0.00152	0.00552	0.00457	0.00510	0.00860
18	0.01190	0.01050	0.01426	0.01046	0.01480	0.00932	0.12747	0.10488	0.06286	0.01849	0.01027	0.01174	0.00816	0.00441	0.00460	0.00108	0.02093	0.00386	0.00330	0.54670
19	0.01845	0.01168	0.01216	0.01011	0.01350	0.11009	0.00806	0.06867	0.28454	0.37927	0.01818	0.01647	0.01256	0.00633	0.00504	0.00158	0.00488	0.00505	0.00534	0.00805
20	0.00914	0.00477	0.00497	0.00492	0.00610	0.00472	0.00369	0.01150	0.01107	0.01903	0.11396	0.02124	0.01735	0.00645	0.00384	0.00123	0.00236	0.00527	0.74365	0.00472
21	0.01258	0.01086	0.01143	0.01029	0.01315	0.01258	0.00800	0.02687	0.78161	0.02115	0.02058	0.01887	0.01544	0.00686	0.00515	0.00172	0.00400	0.00572	0.00515	0.00800
22	0.00616	0.00440	0.00587	0.00704	0.00733	0.00411	0.00469	0.00704	0.00968	0.01291	0.02787	0.81899	0.03344	0.01584	0.00645	0.00205	0.00293	0.01438	0.00469	0.00411
23	0.01889	0.02410	0.01433	0.01303	0.01563	0.80199	0.00977	0.02019	0.01433	0.01238	0.00782	0.00912	0.00651	0.00521	0.00456	0.00130	0.00912	0.00326	0.00261	0.00586
24	0.85801	0.00978	0.00743	0.00665	0.00978	0.01134	0.00548	0.01486	0.00861	0.02269	0.00704	0.00821	0.00548	0.00469	0.00313	0.00156	0.00391	0.00274	0.00313	0.00548
25	0.00955	0.00899	0.01517	0.81013	0.03483	0.01123	0.01404	0.01292	0.01011	0.01292	0.00899	0.01348	0.00674	0.00506	0.00506	0.00169	0.00674	0.00449	0.00225	0.00562
26	0.00616	0.00440	0.00587	0.00704	0.00733	0.00411	0.00469	0.00704	0.00968	0.01291	0.02787	0.81899	0.03344	0.01584	0.00645	0.00205	0.00293	0.01438	0.00469	0.00411
27	0.00616	0.00440	0.00587	0.00704	0.00733	0.00411	0.00469	0.00704	0.00968	0.01291	0.02787	0.81899	0.03344	0.01584	0.00645	0.00205	0.00293	0.01438	0.00469	0.00411
28	0.00598	0.00512	0.00512	0.00512	0.00683	0.00427	0.00384	0.00726	0.01153	0.01366	0.05123	0.04866	0.78869	0.01281	0.00598	0.00171	0.00256	0.01067	0.00470	0.00427
29	0.01014	0.02616	0.79609	0.01441	0.02189	0.01174	0.01868	0.01601	0.01068	0.01601	0.00907	0.01068	0.00641	0.00480	0.00480	0.00160	0.00747	0.00374	0.00214	0.00747
30	0.00708	0.00564	0.00644	0.00639	0.00796	0.00521	0.00496	0.00976	0.06816	0.01635	0.26447	0.04432	0.41840	0.01179	0.00604	0.00175	0.00287	0.10270	0.00498	0.00474
31	0.00616	0.00440	0.00587	0.00704	0.00733	0.00411	0.00469	0.00704	0.00968	0.01291	0.02787	0.81899	0.03344	0.01584	0.00645	0.00205	0.00293	0.01438	0.00469	0.00411
32	0.01867	0.01363	0.01458	0.01124	0.01513	0.01506	0.00927	0.73068	0.02303	0.03113	0.01239	0.01252	0.00885	0.00606	0.00497	0.00150	0.00538	0.00456	0.05297	0.00838
33	0.01045	0.00991	0.01679	0.57394	0.26399	0.01147	0.01449	0.01371	0.01054	0.01401	0.00915	0.01319	0.00713	0.00489	0.00504	0.00163	0.00652	0.00450	0.00232	0.00634
34	0.00943	0.00471	0.00471	0.00471	0.00589	0.00471	0.00353	0.01178	0.01060	0.01885	0.01650	0.01885	0.01296	0.00589	0.00353	0.00118	0.00236	0.00471	0.85036	0.00471
35	0.75249	0.00963	0.00798	0.00695	0.01017	0.01085	0.00572	0.01610	0.00935	0.12015	0.00867	0.00935	0.00637	0.00489	0.00338	0.00156	0.00396	0.00303	0.00352	0.00587
36	0.01014	0.02616	0.79609	0.01441	0.02189	0.01174	0.01868	0.01601	0.01068	0.01601	0.00907	0.01068	0.00641	0.00480	0.00480	0.00160	0.00747	0.00374	0.00214	0.00747
37	0.00968	0.00590	0.00569	0.00562	0.00684	0.05011	0.00424	0.01191	0.01050	0.01759	0.01563	0.01843	0.01256	0.00990	0.10449	0.00206	0.00415	0.00472	0.69523	0.00475
38	0.00878	0.00439	0.00659	0.00659	0.00659	0.00439	0.00439	0.00659	0.00659	0.00878	0.00878	0.01537	0.00878	0.01757	0.01976	0.85288	0.00439	0.00439	0.00220	0.00220
39	0.01036	0.07862	0.74557	0.01403	0.02130	0.01229	0.01802	0.01596	0.01065	0.01574	0.00894	0.01051	0.00641	0.00477	0.00470	0.00157	0.00734	0.00367	0.00214	0.00741
40	0.03831	0.01187	0.00982	0.00971	0.01127	0.26093	0.00743	0.05728	0.01217	0.01440	0.01797	0.20864	0.01923	0.06536	0.05534	0.00239	0.00627	0.18279	0.00376	0.00506
41	0.85801	0.00978	0.00743	0.00665	0.00978	0.01134	0.00548	0.01486	0.00861	0.02269	0.00704	0.00821	0.00548	0.00469	0.00313	0.00156	0.00391	0.00274	0.00313	0.00548
42	0.01801	0.01356	0.01449	0.01139	0.01522	0.01511	0.00932	0.63718	0.16246	0.02991	0.01369	0.01337	0.00985	0.00621	0.00507	0.00155	0.00528	0.00477	0.00507	0.00849
43	0.00955	0.00899	0.01517	0.81013	0.03483	0.01123	0.01404	0.01292	0.01011	0.01292	0.00899	0.01348	0.00674	0.00506	0.00506	0.00169	0.00674	0.00449	0.00225	0.00562
44	0.02225	0.00931	0.01217	0.00933	0.01326	0.00847	0.00771	0.11929	0.01565	0.69794	0.01896	0.01657	0.01202	0.00623	0.00508	0.00156	0.00446	0.00502	0.00611	0.00860
45	0.00874	0.00700	0.00804	0.00746	0.00926	0.00722	0.00568	0.01482	0.26182	0.01963	0.43639	0.03320	0.14159	0.00956	0.00570	0.00165	0.00293	0.00825	0.00531	0.00574
46	0.01192	0.01140	0.01944	0.18846	0.63801	0.01186	0.01522	0.01499	0.01123	0.01579	0.00941	0.01271	0.00775	0.00462	0.00502	0.00154	0.00616	0.00450	0.00245	0.00753
47	0.02269	0.00861	0.01174	0.00900	0.01291	0.00743	0.00743	0.02464	0.01447	0.79425	0.01995	0.01721	0.01252	0.00626	0.00509	0.00156	0.00430	0.00509	0.00626	0.00861
48	0.02225	0.00931	0.01217	0.00933	0.01326	0.00847	0.00771	0.11929	0.01565	0.69794	0.01896	0.01657	0.01202	0.00623	0.00508	0.00156	0.00446	0.00502	0.00611	0.00860
49	0.01922	0.01416	0.01518	0.01163	0.01568	0.01568	0.00961	0.77388	0.02378	0.03187	0.01214	0.01214	0.00860	0.00607	0.00506	0.00152	0.00556	0.00455	0.00506	0.00860
50	0.00616	0.00440	0.00587	0.00704	0.00733	0.00411	0.00469	0.00704	0.00968	0.01291	0.02787	0.81899	0.03344	0.01584	0.00645	0.00205	0.00293	0.01438	0.00469	0.00411
51	0.02269	0.00861	0.01174	0.00900	0.01291	0.00743	0.00743	0.02464	0.01447	0.79425	0.01995	0.01721	0.01252	0.00626	0.00509	0.00156	0.00430	0.00509	0.00626	0.00861
52	0.02269	0.00861	0.01174	0.00900	0.01291	0.00743	0.00743	0.02464	0.01447	0.79425	0.01995	0.01721	0.01252	0.00626	0.00509	0.00156	0.00430	0.00509	0.00626	0.00861
53	0.37435	0.00910	0.00992	0.00801	0.01159	0.00908	0.00661	0.02053	0.01200	0.46942	0.01452	0.01342	0.00955	0.00560	0.00426	0.00156	0.00414	0.00410	0.00494	0.00729
54	0.01922	0.01416	0.01518	0.01163	0.01568	0.01568	0.00961	0.77388	0.02378	0.03187	0.01214	0.01214	0.00860	0.00607	0.00506	0.00152	0.00556	0.00455	0.00506	0.00860
55	0.01194	0.01364	0.02984	0.02131	0.02643	0.01279	0.77238	0.01620	0.01194	0.01620	0.01023	0.01364	0.00767	0.00426	0.00597	0.00171	0.00853	0.00597	0.00256	0.00682
56	0.00943	0.00471	0.00471	0.00471	0.00589	0.00471	0.00353	0.01178	0.01060	0.01885	0.01650	0.01885	0.01296	0.00589	0.00353	0.00118	0.00236	0.00471	0.85036	0.00471
57	0.00616	0.00440	0.00587	0.00704	0.00733	0.00411	0.00469	0.00704	0.00968	0.01291	0.02787	0.81899	0.03344	0.01584	0.00645	0.00205	0.00293	0.01438	0.00469	0.00411
58	0.00955	0.00899	0.01517	0.81013	0.03483	0.01123	0.01404	0.01292	0.01011	0.01292	0.00899	0.01348	0.00674	0.00506	0.00506	0.00169	0.00674	0.00449	0.00225	0.00562
59	0.01306	0.01075	0.01145	0.01023	0.01314	0.01233	0.00798	0.02676	0.74469	0.05836	0.02055	0.01879	0.01530	0.00683	0.00514	0.00171	0.00402	0.00569	0.00520	0.00803
60	0.00735	0.00490	0.00552	0.00552	0.00552	0.00490	0.00306	0.00735	0.00735	0.00980	0.01593	0.03309	0.01838	0.82229	0.02574	0.00490	0.00490	0.00735	0.00306	0.00306
61	0.00998	0.00525	0.00531	0.00511	0.00645	0.00533	0.00388	0.05498	0.01135	0.01959	0.01625	0.01847	0.01271	0.00590	0.00362	0.00120	0.00254	0.00470	0.80244	0.00493
62	0.02100	0.01113	0.01225	0.00980	0.01345	0.10882	0.00792	0.07103	0.09053	0.57184	0.01799	0.01604	0.01180	0.00617	0.00502	0.00154	0.00496	0.00488	0.00561	0.00820
63	0.00735	0.00490	0.00552	0.00552	0.00552	0.00490	0.00306	0.00735	0.00735	0.00980	0.01593	0.03309	0.01838	0.82229	0.02574	0.00490	0.00490	0.00735	0.00306	0.00306
64	0.00616	0.00440	0.00587	0.00704	0.00733	0.00411	0.00469	0.00704	0.00968	0.01291	0.02787	0.81899	0.03344	0.01584	0.00645	0.00205	0.00293	0.01438	0.00469	0.00411
65	0.00964	0.00887	0.01360	0.01932	0.42739	0.00853	0.01041	0.01192	0.01153	0.01530	0.02709	0.02989	0.31509	0.00844	0.00553	0.00164	0.00456	0.06142	0.00352	0.00630
66	0.01195	0.45463	0.38347	0.01132	0.01711	0.01617	0.01331	0.01555	0.01046	0.01381	0.00798	0.00930	0.00645	0.00455	0.00397	0.00132	0.00637	0.00318	0.00215	0.00695
67	0.01014	0.02616	0.79609	0.01441	0.02189	0.01174	0.01868	0.01601	0.01068	0.01601	0.00907	0.01068	0.00641	0.00480	0.00480	0.00160	0.00747	0.00374	0.00214	0.00747
68	0.02211	0.00873	0.01172	0.00907	0.01292	0.00772	0.00746	0.02477	0.05796	0.75042	0.01999	0.01731	0.01268	0.00629	0.00509	0.00157	0.00429	0.00512	0.00620	0.00857
69	0.01057	0.12711	0.69887	0.01369	0.02076	0.01279	0.01742	0.01590	0.01063	0.01549	0.00882	0.01035	0.00642	0.00474	0.00461	0.00154	0.00721	0.00361	0.00214	0.00735
70	0.01051	0.11308	0.71238	0.01379	0.02092	0.01264	0.01759	0.01592	0.01063	0.01557	0.00885	0.01040	0.00641	0.00475	0.00463	0.00154	0.00725	0.00362	0.00214	0.00737
71	0.00662	0.00506	0.00607	0.00601	0.00727	0.00451	0.00443	0.00842	0.01275	0.01702	0.43315	0.14028	0.30626	0.01190	0.00603	0.00169	0.00252	0.01034	0.00515	0.00451
72	0.01036	0.00926	0.01497	0.02131	0.47013	0.00914	0.01153	0.01299	0.01198	0.01677	0.16233	0.06346	0.04800	0.00774	0.00556	0.00166	0.00486	0.10776	0.00356	0.00662
73	0.01093	0.01039	0.01765	0.44875	0.38546	0.01160	0.01473	0.01413	0.01076	0.01459	0.00923	0.01303	0.00733	0.00480	0.00503	0.00160	0.00640	0.00450	0.00237	0.00673
74	0.01138	0.00946	0.01028	0.00957	0.01186	0.01067	0.00728	0.06566	0.54698	0.01975	0.02189	0.21574	0.01948	0.00903	0.00546	0.00179	0.00383	0.00778	0.00503	0.00708
75	0.06063	0.21002	0.01517	0.00880	0.01278	0.01072	0.00764	0.02183	0.01316	0.56423	0.01614	0.01453	0.01069	0.00571	0.00454	0.00145	0.00456	0.00439	0.00510	0.00793
76	0.06248	0.00938	0.01061	0.00771	0.01209	0.00761	0.00620	0.06283	0.01124	0.01786	0.00908	0.01046	0.00744	0.00396	0.00379	0.00085	0.00387	0.00308	0.00314	0.74632
77	0.06495	0.00922	0.01087	0.00893	0.01232	0.00917	0.00717	0.02319	0.27160	0.38712	0.01843	0.01687	0.01276	0.00617	0.00480	0.00153	0.00402	0.00499	0.05668	0.06919
78	0.70404	0.01025	0.00792	0.00704	0.01006	0.05866	0.00572	0.01554	0.00942	0.06554	0.00844	0.00948	0.00643	0.00489	0.00335	0.00152	0.00415	0.00303	0.05889	0.00563
79	0.00771	0.00710	0.00672	0.00723	0.00823	0.10494	0.00508	0.00877	0.01081	0.01306	0.03222	0.48969	0.25260	0.01360	0.00607	0.00186	0.00361	0.01188	0.00443	0.00438
80	0.00804	0.00669	0.00745	0.00802	0.00938	0.05747	0.00658	0.00990	0.01182	0.01467	0.07595	0.09656	0.25277	0.01296	0.00644	0.00202	0.00410	0.39999	0.00459	0.00459

[dist]
# distance from previous block
# <min> <max>
2	8

[block]
# block no. 3 follows, 49 sequences, length 25
# corresponding to MSA columns:
# 405-429
name=unknown_D
#
# <colnr> <probs for GDERKNQSTAVLIFYWHMCP>
#	G	D	E	R	K	N	Q	S	T	A	V	L	I	F	Y	W	H	M	C	P
0	0.02118	0.00894	0.01169	0.00919	0.01294	0.00820	0.00752	0.02498	0.12924	0.67858	0.02004	0.01746	0.01295	0.00635	0.00509	0.00159	0.00426	0.00518	0.00609	0.00852
1	0.02009	0.01105	0.01304	0.01019	0.01402	0.01129	0.00835	0.31746	0.11249	0.40145	0.01698	0.01544	0.01135	0.00626	0.00508	0.00156	0.00476	0.00496	0.00565	0.00853
2	0.02118	0.00894	0.01169	0.00919	0.01294	0.00820	0.00752	0.02498	0.12924	0.67858	0.02004	0.01746	0.01295	0.00635	0.00509	0.00159	0.00426	0.00518	0.00609	0.00852
3	0.00698	0.00516	0.00651	0.00618	0.00745	0.00470	0.00463	0.00920	0.01390	0.01929	0.67784	0.03940	0.15857	0.01071	0.00597	0.00161	0.00241	0.00937	0.00544	0.00470
4	0.00722	0.00542	0.00813	0.00813	0.00903	0.00632	0.00632	0.00903	0.00813	0.01174	0.01354	0.01987	0.01264	0.03792	0.80225	0.00813	0.01354	0.00542	0.00271	0.00451
5	0.01889	0.02410	0.01433	0.01303	0.01563	0.80199	0.00977	0.02019	0.01433	0.01238	0.00782	0.00912	0.00651	0.00521	0.00456	0.00130	0.00912	0.00326	0.00261	0.00586
6	0.01014	0.02616	0.79609	0.01441	0.02189	0.01174	0.01868	0.01601	0.01068	0.01601	0.00907	0.01068	0.00641	0.00480	0.00480	0.00160	0.00747	0.00374	0.00214	0.00747
7	0.00716	0.00517	0.00676	0.00636	0.00755	0.00477	0.00477	0.00954	0.01431	0.02028	0.78808	0.03777	0.04771	0.01034	0.00596	0.00159	0.00239	0.00914	0.00557	0.00477
8	0.00598	0.00512	0.00512	0.00512	0.00683	0.00427	0.00384	0.00726	0.01153	0.01366	0.05123	0.04866	0.78869	0.01281	0.00598	0.00171	0.00256	0.01067	0.00470	0.00427
9	0.01049	0.00899	0.01049	0.00749	0.01198	0.00674	0.00599	0.01273	0.01049	0.01648	0.00899	0.01049	0.00749	0.00374	0.00374	0.00075	0.00374	0.00300	0.00300	0.85320
10	0.00716	0.00517	0.00676	0.00636	0.00755	0.00477	0.00477	0.00954	0.01431	0.02028	0.78808	0.03777	0.04771	0.01034	0.00596	0.00159	0.00239	0.00914	0.00557	0.00477
11	0.00815	0.00582	0.00815	0.00931	0.01048	0.00582	0.00815	0.01048	0.01164	0.01513	0.02677	0.05704	0.02910	0.01397	0.00698	0.00233	0.00466	0.75671	0.00466	0.00466
12	0.01194	0.01364	0.02984	0.02131	0.02643	0.01279	0.77238	0.01620	0.01194	0.01620	0.01023	0.01364	0.00767	0.00426	0.00597	0.00171	0.00853	0.00597	0.00256	0.00682
13	0.00878	0.00439	0.00659	0.00659	0.00659	0.00439	0.00439	0.00659	0.00659	0.00878	0.00878	0.01537	0.00878	0.01757	0.01976	0.85288	0.00439	0.00439	0.00220	0.00220
14	0.00616	0.00440	0.00587	0.00704	0.00733	0.00411	0.00469	0.00704	0.00968	0.01291	0.02787	0.81899	0.03344	0.01584	0.00645	0.00205	0.00293	0.01438	0.00469	0.00411
15	0.00943	0.00471	0.00471	0.00471	0.00589	0.00471	0.00353	0.01178	0.01060	0.01885	0.01650	0.01885	0.01296	0.00589	0.00353	0.00118	0.00236	0.00471	0.85036	0.00471
16	0.01922	0.01416	0.01518	0.01163	0.01568	0.01568	0.00961	0.77388	0.02378	0.03187	0.01214	0.01214	0.00860	0.00607	0.00506	0.00152	0.00556	0.00455	0.00506	0.00860
17	0.01006	0.00951	0.01609	0.67549	0.16546	0.01137	0.01430	0.01337	0.01035	0.01354	0.00908	0.01331	0.00696	0.00496	0.00505	0.00165	0.00661	0.00450	0.00229	0.00603
18	0.00616	0.00440	0.00587	0.00704	0.00733	0.00411	0.00469	0.00704	0.00968	0.01291	0.02787	0.81899	0.03344	0.01584	0.00645	0.00205	0.00293	0.01438	0.00469	0.00411
19	0.00760	0.00533	0.00667	0.00630	0.00772	0.00481	0.00480	0.00973	0.01363	0.05184	0.57127	0.03987	0.20528	0.01081	0.00596	0.00164	0.00258	0.03395	0.00538	0.00482
20	0.01065	0.14572	0.68095	0.01355	0.02055	0.01298	0.01718	0.01588	0.01062	0.01540	0.00877	0.01029	0.00642	0.00473	0.00457	0.00152	0.00716	0.00358	0.00214	0.00733
21	0.01208	0.00993	0.01134	0.00825	0.01266	0.00837	0.00665	0.15170	0.01291	0.01929	0.00956	0.01079	0.00769	0.00417	0.00398	0.00089	0.00408	0.00328	0.00337	0.69900
22	0.14396	0.01625	0.01272	0.02881	0.03578	0.35581	0.00871	0.09368	0.06789	0.14953	0.03250	0.01231	0.00938	0.00563	0.00459	0.00146	0.00649	0.00401	0.00379	0.00671
23	0.03627	0.00996	0.00987	0.00870	0.01099	0.12630	0.00677	0.05728	0.11335	0.15422	0.35495	0.02583	0.02751	0.00813	0.00540	0.00157	0.00421	0.02739	0.00507	0.00624
24	0.28738	0.01563	0.01182	0.02822	0.01380	0.29756	0.00817	0.12636	0.10078	0.05066	0.01014	0.01078	0.00773	0.00539	0.00427	0.00148	0.00612	0.00365	0.00355	0.00647

[dist]
# distance from previous block
# <min> <max>
4	47

[block]
# block no. 4 follows, 49 sequences, length 61
# corresponding to MSA columns:
# 477-537
name=unknown_E
#
# <colnr> <probs for GDERKNQSTAVLIFYWHMCP>
#	G	D	E	R	K	N	Q	S	T	A	V	L	I	F	Y	W	H	M	C	P
0	0.11467	0.00866	0.00997	0.01055	0.11829	0.02593	0.00707	0.11102	0.05449	0.07499	0.13518	0.01981	0.05209	0.00665	0.00459	0.00146	0.00385	0.00544	0.22906	0.00622
1	0.01249	0.09624	0.41033	0.01476	0.12555	0.01193	0.01429	0.03397	0.07517	0.10350	0.01231	0.01318	0.02652	0.00529	0.00475	0.00154	0.00617	0.00426	0.02025	0.00752
2	0.01759	0.01803	0.01595	0.01317	0.01653	0.40774	0.11543	0.12002	0.09008	0.10222	0.01132	0.01201	0.00850	0.00544	0.00492	0.00144	0.00743	0.00424	0.00358	0.02435
3	0.06822	0.01489	0.01433	0.01206	0.01454	0.25708	0.05988	0.03528	0.10472	0.05144	0.00997	0.01164	0.00807	0.00615	0.00766	0.00158	0.21288	0.00409	0.00311	0.10242
4	0.17275	0.01289	0.01244	0.00998	0.01342	0.06595	0.00813	0.49246	0.01877	0.02732	0.01143	0.01202	0.00841	0.00574	0.00449	0.00147	0.00511	0.00415	0.10569	0.00738
5	0.01726	0.01301	0.01394	0.01116	0.01483	0.01452	0.00906	0.52536	0.25732	0.04697	0.01493	0.01434	0.01080	0.00632	0.00509	0.00158	0.00505	0.00492	0.00511	0.00842
6	0.00616	0.00440	0.00587	0.00704	0.00733	0.00411	0.00469	0.00704	0.00968	0.01291	0.02787	0.81899	0.03344	0.01584	0.00645	0.00205	0.00293	0.01438	0.00469	0.00411
7	0.00725	0.00533	0.00768	0.00768	0.00843	0.00608	0.00577	0.00875	0.00800	0.01141	0.01395	0.02211	0.01362	0.17089	0.67061	0.00758	0.01208	0.00575	0.00277	0.00427
8	0.00641	0.00468	0.00638	0.00732	0.00769	0.00465	0.00505	0.00742	0.00942	0.01273	0.02544	0.69095	0.02999	0.01877	0.11747	0.00290	0.02122	0.01292	0.00437	0.00419
9	0.01030	0.00852	0.00955	0.00927	0.01145	0.00935	0.00747	0.01912	0.43856	0.01827	0.02674	0.03471	0.12729	0.00987	0.00582	0.00190	0.00400	0.23642	0.00493	0.00646
10	0.01014	0.02616	0.79609	0.01441	0.02189	0.01174	0.01868	0.01601	0.01068	0.01601	0.00907	0.01068	0.00641	0.00480	0.00480	0.00160	0.00747	0.00374	0.00214	0.00747
11	0.01079	0.00603	0.00617	0.00568	0.00725	0.00624	0.00438	0.11790	0.01244	0.02066	0.01589	0.01792	0.01235	0.00592	0.00375	0.00123	0.00280	0.00469	0.73266	0.00525
12	0.00598	0.00512	0.00512	0.00512	0.00683	0.00427	0.00384	0.00726	0.01153	0.01366	0.05123	0.04866	0.78869	0.01281	0.00598	0.00171	0.00256	0.01067	0.00470	0.00427
13	0.00616	0.00440	0.00587	0.00704	0.00733	0.00411	0.00469	0.00704	0.00968	0.01291	0.02787	0.81899	0.03344	0.01584	0.00645	0.00205	0.00293	0.01438	0.00469	0.00411
14	0.01258	0.01086	0.01143	0.01029	0.01315	0.01258	0.00800	0.02687	0.78161	0.02115	0.02058	0.01887	0.01544	0.00686	0.00515	0.00172	0.00400	0.00572	0.00515	0.00800
15	0.00616	0.00440	0.00587	0.00704	0.00733	0.00411	0.00469	0.00704	0.00968	0.01291	0.02787	0.81899	0.03344	0.01584	0.00645	0.00205	0.00293	0.01438	0.00469	0.00411
16	0.01289	0.01010	0.01111	0.00949	0.01219	0.01111	0.00749	0.24319	0.32177	0.02406	0.25314	0.02266	0.02329	0.00769	0.00537	0.00162	0.00397	0.00642	0.00525	0.00719
17	0.01522	0.01132	0.01242	0.00997	0.01312	0.01228	0.00807	0.49996	0.07373	0.02756	0.21561	0.02038	0.04286	0.00744	0.00533	0.00156	0.00454	0.00601	0.00519	0.00743
18	0.02070	0.01179	0.01370	0.01051	0.01450	0.01215	0.00868	0.45335	0.01980	0.35802	0.01548	0.01431	0.01028	0.00615	0.00507	0.00154	0.00502	0.00478	0.00557	0.00860
19	0.00616	0.00440	0.00587	0.00704	0.00733	0.00411	0.00469	0.00704	0.00968	0.01291	0.02787	0.81899	0.03344	0.01584	0.00645	0.00205	0.00293	0.01438	0.00469	0.00411
20	0.01170	0.00971	0.01114	0.00807	0.01250	0.00799	0.00650	0.11872	0.01234	0.01862	0.00943	0.01072	0.00764	0.00407	0.00393	0.00086	0.00400	0.00321	0.00328	0.73560
21	0.01383	0.01045	0.01458	0.45391	0.02582	0.01190	0.01166	0.23497	0.01457	0.10379	0.01110	0.01336	0.00794	0.00542	0.00500	0.00158	0.00599	0.00451	0.00353	0.04608
22	0.01621	0.42400	0.02040	0.01084	0.01431	0.41169	0.00921	0.01767	0.01231	0.01214	0.00742	0.00862	0.00650	0.00477	0.00390	0.00119	0.00727	0.00298	0.00238	0.00618
