[name]
unknown

[dist]
# distance from previous block
# <min> <max>
0	71

[block]
# block no. 0 follows, 55 sequences, length 75
# corresponding to MSA columns:
# 79-153
name=unknown_A
#
# <colnr> <probs for GDERKNQSTAVLIFYWHMCP>
#	G	D	E	R	K	N	Q	S	T	A	V	L	I	F	Y	W	H	M	C	P
0	0.00780	0.00541	0.00757	0.00856	0.00969	0.00539	0.00748	0.00993	0.01077	0.03193	0.02449	0.05165	0.02643	0.01269	0.00639	0.00213	0.00428	0.75874	0.00432	0.00437
1	0.02052	0.00849	0.01115	0.00855	0.01216	0.00769	0.00706	0.10893	0.01427	0.72310	0.01755	0.01531	0.01111	0.00574	0.00468	0.00143	0.00409	0.00462	0.00563	0.00792
2	0.01151	0.01105	0.01888	0.02855	0.80748	0.01105	0.01428	0.01428	0.01059	0.01520	0.00875	0.01151	0.00737	0.00415	0.00461	0.00138	0.00553	0.00415	0.00230	0.00737
3	0.00640	0.00475	0.00597	0.00566	0.00684	0.00431	0.00425	0.00843	0.01274	0.01765	0.67941	0.03641	0.17015	0.00989	0.00549	0.00148	0.00222	0.00865	0.00499	0.00431
4	0.00550	0.00471	0.00471	0.00471	0.00628	0.00393	0.00353	0.00668	0.01060	0.01257	0.04713	0.04477	0.80560	0.01178	0.00550	0.00157	0.00236	0.00982	0.00432	0.00393
5	0.01584	0.01211	0.01292	0.01033	0.01372	0.01357	0.00840	0.56051	0.25634	0.02635	0.01351	0.01304	0.00981	0.00580	0.00468	0.00145	0.00469	0.00451	0.00468	0.00775
6	0.01098	0.01255	0.02745	0.01961	0.02431	0.01176	0.79059	0.01490	0.01098	0.01490	0.00941	0.01255	0.00706	0.00392	0.00549	0.00157	0.00784	0.00549	0.00235	0.00627
7	0.01034	0.28921	0.55611	0.01154	0.01747	0.01328	0.01419	0.01447	0.00970	0.01350	0.00774	0.00905	0.00592	0.00428	0.00395	0.00132	0.00626	0.00313	0.00197	0.00658
8	0.01157	0.00999	0.01052	0.00947	0.01210	0.01157	0.00736	0.02472	0.79908	0.01946	0.01893	0.01736	0.01420	0.00631	0.00473	0.00158	0.00368	0.00526	0.00473	0.00736
9	0.00675	0.00457	0.00537	0.00537	0.00547	0.00467	0.00318	0.00695	0.00685	0.00924	0.01439	0.02897	0.01627	0.73929	0.12002	0.00487	0.00547	0.00655	0.00278	0.00298
10	0.01244	0.83930	0.02438	0.00796	0.01194	0.01841	0.00796	0.01393	0.00945	0.01095	0.00647	0.00746	0.00597	0.00398	0.00299	0.00100	0.00498	0.00249	0.00199	0.00597
11	0.05320	0.59958	0.21636	0.00917	0.01380	0.01616	0.01008	0.01411	0.00947	0.01235	0.00693	0.00804	0.00591	0.00410	0.00333	0.00113	0.00537	0.00272	0.00203	0.00615
12	0.00715	0.00490	0.00631	0.00588	0.00712	0.00447	0.00444	0.00925	0.01299	0.05414	0.71316	0.03464	0.09889	0.00951	0.00545	0.00147	0.00229	0.00835	0.00509	0.00452
13	0.00653	0.00476	0.00615	0.00591	0.00702	0.00438	0.00446	0.00862	0.01279	0.01788	0.70187	0.05666	0.09300	0.00993	0.00554	0.00151	0.00231	0.04134	0.00501	0.00434
14	0.01131	0.01115	0.01993	0.06338	0.65643	0.01113	0.12907	0.01426	0.01059	0.01500	0.00883	0.01171	0.00727	0.00413	0.00474	0.00142	0.00590	0.00434	0.00230	0.00711
15	0.00933	0.02406	0.81240	0.01326	0.02014	0.01080	0.01719	0.01473	0.00982	0.01473	0.00835	0.00982	0.00589	0.00442	0.00442	0.00147	0.00688	0.00344	0.00196	0.00688
16	0.01738	0.02217	0.01318	0.01199	0.01438	0.81783	0.00899	0.01858	0.01318	0.01139	0.00719	0.00839	0.00599	0.00479	0.00419	0.00120	0.00839	0.00300	0.00240	0.00539
17	0.00596	0.00473	0.00535	0.00519	0.00657	0.00412	0.00390	0.00756	0.01169	0.01514	0.36736	0.04054	0.48376	0.01082	0.00549	0.00153	0.00229	0.00922	0.00466	0.00412
18	0.00652	0.00504	0.00600	0.00574	0.00694	0.01921	0.00429	0.00843	0.01248	0.01699	0.60225	0.06415	0.20460	0.01008	0.00548	0.00150	0.00236	0.00878	0.00487	0.00429
19	0.00972	0.12739	0.71252	0.01259	0.01910	0.01177	0.01602	0.01463	0.00978	0.01425	0.00811	0.00952	0.00590	0.00436	0.00424	0.00141	0.00663	0.00332	0.00197	0.00676
20	0.00677	0.00451	0.00507	0.00507	0.00507	0.00451	0.00282	0.00677	0.00677	0.00902	0.01466	0.03044	0.01691	0.83650	0.02368	0.00451	0.00451	0.00677	0.00282	0.00282
21	0.01705	0.03067	0.06563	0.01050	0.01436	0.01351	0.00910	0.65328	0.01995	0.08232	0.01148	0.01147	0.00808	0.00548	0.00457	0.00139	0.00508	0.00414	0.02422	0.00772
22	0.00750	0.00535	0.00750	0.00857	0.00964	0.00535	0.00750	0.00964	0.01071	0.01392	0.02463	0.05248	0.02677	0.01285	0.00643	0.00214	0.00428	0.77617	0.00428	0.00428
23	0.01575	0.04728	0.03029	0.01028	0.01380	0.01365	0.00856	0.53069	0.22320	0.03825	0.01305	0.01267	0.00948	0.00568	0.00460	0.00143	0.00476	0.00439	0.00452	0.00767
24	0.00823	0.00654	0.00774	0.00622	0.00894	0.00525	0.00485	0.01018	0.01101	0.03413	0.26865	0.02374	0.15432	0.00684	0.00447	0.00110	0.00287	0.00580	0.00384	0.42525
25	0.01291	0.14540	0.40730	0.01141	0.01662	0.05785	0.01264	0.17831	0.02417	0.07701	0.00949	0.01022	0.00688	0.00475	0.00426	0.00137	0.00604	0.00354	0.00288	0.00696
26	0.00947	0.06027	0.77740	0.01302	0.01977	0.01114	0.01678	0.01470	0.00981	0.01456	0.00827	0.00972	0.00590	0.00440	0.00436	0.00145	0.00679	0.00340	0.00197	0.00684
27	0.02041	0.00866	0.01125	0.00863	0.01224	0.00793	0.00713	0.13384	0.01455	0.69779	0.01732	0.01516	0.01100	0.00573	0.00467	0.00143	0.00413	0.00461	0.00560	0.00792
28	0.01030	0.00982	0.01669	0.38240	0.46311	0.01073	0.01367	0.01322	0.01002	0.01373	0.00854	0.01191	0.00685	0.00437	0.00463	0.00146	0.00583	0.00414	0.00220	0.00639
29	0.01044	0.04409	0.62350	0.01295	0.01899	0.03924	0.06711	0.01543	0.03477	0.05871	0.00958	0.02783	0.00707	0.00473	0.00450	0.00147	0.00659	0.00386	0.00235	0.00677
30	0.00933	0.02406	0.81240	0.01326	0.02014	0.01080	0.01719	0.01473	0.00982	0.01473	0.00835	0.00982	0.00589	0.00442	0.00442	0.00147	0.00688	0.00344	0.00196	0.00688
31	0.01157	0.00999	0.01052	0.00947	0.01210	0.01157	0.00736	0.02472	0.79908	0.01946	0.01893	0.01736	0.01420	0.00631	0.00473	0.00158	0.00368	0.00526	0.00473	0.00736
32	0.00566	0.00472	0.00494	0.00488	0.00638	0.00400	0.00366	0.00699	0.01099	0.01348	0.16013	0.04328	0.69203	0.01144	0.00550	0.00155	0.00233	0.00961	0.00444	0.00400
33	0.01162	0.01130	0.01873	0.02725	0.73822	0.02816	0.03811	0.01476	0.03851	0.01526	0.00910	0.01169	0.00757	0.00423	0.00463	0.00139	0.00559	0.00420	0.00239	0.00729
34	0.01098	0.01255	0.02745	0.01961	0.02431	0.01176	0.79059	0.01490	0.01098	0.01490	0.00941	0.01255	0.00706	0.00392	0.00549	0.00157	0.00784	0.00549	0.00235	0.00627
35	0.00677	0.00451	0.00507	0.00507	0.00507	0.00451	0.00282	0.00677	0.00677	0.00902	0.01466	0.03044	0.01691	0.83650	0.02368	0.00451	0.00451	0.00677	0.00282	0.00282
36	0.00941	0.02354	0.77679	0.01355	0.02032	0.01085	0.05228	0.01474	0.00987	0.01474	0.00840	0.00995	0.00595	0.00440	0.00447	0.00148	0.00692	0.00353	0.00198	0.00685
37	0.02087	0.00792	0.01080	0.00828	0.01188	0.00684	0.00684	0.02267	0.01332	0.81071	0.01835	0.01583	0.01152	0.00576	0.00468	0.00144	0.00396	0.00468	0.00576	0.00792
38	0.01098	0.01255	0.02745	0.01961	0.02431	0.01176	0.79059	0.01490	0.01098	0.01490	0.00941	0.01255	0.00706	0.00392	0.00549	0.00157	0.00784	0.00549	0.00235	0.00627
39	0.86937	0.00900	0.00684	0.00612	0.00900	0.01044	0.00504	0.01368	0.00792	0.02087	0.00648	0.00756	0.00504	0.00432	0.00288	0.00144	0.00360	0.00252	0.00288	0.00504
40	0.00562	0.00472	0.00488	0.00484	0.00636	0.00398	0.00363	0.00691	0.01089	0.01324	0.13143	0.04366	0.72087	0.01153	0.00550	0.00156	0.00234	0.00966	0.00441	0.00398
41	0.01603	0.01993	0.01338	0.01203	0.01398	0.66749	0.00921	0.01720	0.01205	0.01135	0.00699	0.00872	0.00601	0.00542	0.00627	0.00136	0.16172	0.00320	0.00233	0.00534
42	0.00567	0.00405	0.00540	0.00648	0.00675	0.00378	0.00432	0.00648	0.00891	0.01188	0.02564	0.83347	0.03077	0.01457	0.00594	0.00189	0.00270	0.01323	0.00432	0.00378
43	0.20895	0.00804	0.00964	0.00771	0.01094	0.00765	0.00631	0.04091	0.01219	0.55455	0.04565	0.04346	0.01188	0.00589	0.00435	0.00146	0.00380	0.00463	0.00501	0.00699
44	0.01738	0.02217	0.01318	0.01199	0.01438	0.81783	0.00899	0.01858	0.01318	0.01139	0.00719	0.00839	0.00599	0.00479	0.00419	0.00120	0.00839	0.00300	0.00240	0.00539
45	0.00550	0.00471	0.00471	0.00471	0.00628	0.00393	0.00353	0.00668	0.01060	0.01257	0.04713	0.04477	0.80560	0.01178	0.00550	0.00157	0.00236	0.00982	0.00432	0.00393
46	0.00552	0.00471	0.00475	0.00474	0.00630	0.00394	0.00355	0.00672	0.01066	0.01271	0.06433	0.04454	0.78831	0.01173	0.00550	0.00157	0.00235	0.00979	0.00434	0.00394
47	0.01118	0.01077	0.01865	0.05072	0.70360	0.01077	0.05789	0.01399	0.01069	0.01524	0.04490	0.01265	0.00897	0.00439	0.00470	0.00140	0.00553	0.00441	0.00243	0.00711
48	0.01244	0.83930	0.02438	0.00796	0.01194	0.01841	0.00796	0.01393	0.00945	0.01095	0.00647	0.00746	0.00597	0.00398	0.00299	0.00100	0.00498	0.00249	0.00199	0.00597
49	0.00567	0.00405	0.00540	0.00648	0.00675	0.00378	0.00432	0.00648	0.00891	0.01188	0.02564	0.83347	0.03077	0.01457	0.00594	0.00189	0.00270	0.01323	0.00432	0.00378
50	0.01530	0.05026	0.01446	0.01364	0.14262	0.23295	0.03252	0.18070	0.16385	0.09014	0.01156	0.01194	0.00871	0.00517	0.00449	0.00137	0.00578	0.00407	0.00358	0.00690
51	0.00593	0.00467	0.00535	0.00530	0.00658	0.00409	0.00393	0.00746	0.01142	0.01482	0.33296	0.11202	0.44658	0.01117	0.00553	0.00156	0.00233	0.00959	0.00462	0.00409
52	0.01728	0.03799	0.01340	0.01191	0.01433	0.80236	0.00897	0.01849	0.01311	0.01138	0.00718	0.00837	0.00599	0.00478	0.00417	0.00119	0.00832	0.00299	0.00239	0.00540
53	0.01236	0.01070	0.12317	0.00845	0.01267	0.00774	0.00771	0.02897	0.10190	0.18595	0.01172	0.01191	0.00860	0.00444	0.00402	0.00107	0.00409	0.00358	0.00355	0.44741
54	0.01230	0.31744	0.23130	0.01178	0.01652	0.03503	0.13437	0.13601	0.03594	0.01571	0.00856	0.00980	0.00668	0.00443	0.00411	0.00130	0.00600	0.00358	0.00255	0.00659
55	0.01320	0.01080	0.01143	0.00980	0.01272	0.01233	0.00776	0.22852	0.59263	0.02208	0.01687	0.01571	0.01253	0.00612	0.00471	0.00153	0.00406	0.00498	0.00471	0.00751
56	0.86937	0.00900	0.00684	0.00612	0.00900	0.01044	0.00504	0.01368	0.00792	0.02087	0.00648	0.00756	0.00504	0.00432	0.00288	0.00144	0.00360	0.00252	0.00288	0.00504
57	0.00938	0.03335	0.01515	0.08565	0.31879	0.00886	0.11867	0.01201	0.01120	0.01556	0.24489	0.04859	0.04519	0.00635	0.00502	0.00146	0.00471	0.00605	0.00325	0.00587
58	0.00965	0.00827	0.00965	0.00689	0.01102	0.00620	0.00551	0.01171	0.00965	0.01516	0.00827	0.00965	0.00689	0.00345	0.00345	0.00069	0.00345	0.00276	0.00276	0.86494
59	0.00614	0.00457	0.00573	0.00587	0.00683	0.00415	0.00428	0.00776	0.01143	0.01549	0.42407	0.25898	0.18626	0.01143	0.00564	0.00162	0.00242	0.02847	0.00472	0.00413
60	0.00569	0.00437	0.00523	0.00588	0.00670	0.00391	0.00416	0.00671	0.00966	0.01225	0.03408	0.48481	0.33646	0.01339	0.00579	0.00178	0.00264	0.04833	0.00432	0.00386
61	0.01686	0.02107	0.01285	0.01170	0.01404	0.75636	0.00877	0.04165	0.01325	0.01196	0.00815	0.04591	0.00718	0.00526	0.00429	0.00124	0.00803	0.00350	0.00255	0.00540
62	0.00933	0.02406	0.81240	0.01326	0.02014	0.01080	0.01719	0.01473	0.00982	0.01473	0.00835	0.00982	0.00589	0.00442	0.00442	0.00147	0.00688	0.00344	0.00196	0.00688
63	0.01415	0.00974	0.01114	0.00993	0.04806	0.01045	0.00758	0.21035	0.32594	0.16668	0.01854	0.01843	0.06768	0.00652	0.00477	0.00151	0.00406	0.03193	0.02536	0.00718
64	0.00623	0.00471	0.00554	0.00541	0.00667	0.00421	0.00406	0.00798	0.01184	0.01590	0.43349	0.06049	0.34444	0.01044	0.00543	0.00151	0.00231	0.02386	0.04128	0.00418
65	0.01174	0.47611	0.30366	0.00992	0.01486	0.01485	0.01116	0.01506	0.03768	0.05466	0.00820	0.00909	0.00653	0.00431	0.00365	0.00121	0.00555	0.00304	0.00228	0.00644
66	0.01189	0.02705	0.21127	0.01698	0.24635	0.08585	0.09758	0.01480	0.01040	0.08666	0.00950	0.01164	0.00740	0.00617	0.03114	0.04262	0.05127	0.00406	0.02095	0.00643
67	0.00561	0.00426	0.00517	0.00590	0.00660	0.00383	0.00406	0.00654	0.00946	0.01210	0.03264	0.57652	0.28320	0.01367	0.00579	0.00179	0.00259	0.01212	0.00432	0.00383
68	0.01140	0.01104	0.01909	0.05250	0.72224	0.01108	0.06024	0.01443	0.02500	0.01516	0.00896	0.01171	0.00744	0.00419	0.00466	0.00140	0.00565	0.00425	0.00234	0.00724
69	0.03720	0.04190	0.13046	0.10502	0.03040	0.08732	0.00961	0.16555	0.14298	0.01741	0.02998	0.11063	0.01236	0.00672	0.00488	0.00153	0.01723	0.03916	0.00348	0.00618
70	0.00844	0.00780	0.00992	0.03176	0.01028	0.05005	0.00736	0.00968	0.00828	0.01157	0.01508	0.16481	0.08233	0.01526	0.19081	0.00310	0.33350	0.00640	0.02905	0.00453
71	0.00838	0.00668	0.04699	0.00781	0.04510	0.00544	0.04279	0.01027	0.01139	0.11094	0.20882	0.08555	0.35603	0.00966	0.00535	0.00155	0.00320	0.02474	0.00438	0.00493
72	0.24590	0.15490	0.23181	0.01055	0.05923	0.06667	0.01002	0.07763	0.01063	0.05446	0.00871	0.03486	0.00697	0.00480	0.00383	0.00136	0.00528	0.00346	0.00274	0.00619
73	0.06425	0.05948	0.14458	0.01408	0.04124	0.10709	0.29380	0.04012	0.05050	0.05118	0.05696	0.01379	0.00989	0.00497	0.00477	0.00146	0.00637	0.02636	0.00287	0.00622
74	0.04440	0.01099	0.01550	0.02106	0.50613	0.06848	0.01145	0.03896	0.06135	0.04360	0.01172	0.05179	0.03755	0.00528	0.00484	0.00141	0.02493	0.00468	0.00286	0.03302

[dist]
# distance from previous block
# <min> <max>
1	3

[block]
# block no. 1 follows, 55 sequences, length 42
# corresponding to MSA columns:
# 157-198
name=unknown_B
#
# <colnr> <probs for GDERKNQSTAVLIFYWHMCP>
#	G	D	E	R	K	N	Q	S	T	A	V	L	I	F	Y	W	H	M	C	P
0	0.06048	0.02424	0.14955	0.01029	0.03898	0.04240	0.03820	0.09078	0.13159	0.19336	0.02688	0.11920	0.01278	0.03359	0.00532	0.00161	0.00474	0.00552	0.00396	0.00653
1	0.02566	0.40165	0.12626	0.00995	0.01383	0.20763	0.00946	0.08726	0.05391	0.01385	0.00800	0.00888	0.00657	0.00451	0.00371	0.00118	0.00597	0.00304	0.00249	0.00619
2	0.01203	0.09190	0.04894	0.01353	0.17577	0.04212	0.05800	0.03499	0.18325	0.07588	0.03980	0.01305	0.01011	0.00493	0.00456	0.00129	0.02209	0.00418	0.00329	0.16029
3	0.04420	0.06657	0.36072	0.01385	0.08066	0.07788	0.11481	0.03134	0.06646	0.07596	0.00981	0.01099	0.00721	0.00458	0.00445	0.00142	0.00626	0.00387	0.00266	0.01631
4	0.01140	0.09663	0.17927	0.01776	0.24090	0.02281	0.20511	0.01521	0.04575	0.05603	0.03383	0.01212	0.00846	0.00446	0.00462	0.00140	0.00603	0.00432	0.00260	0.03129
5	0.00594	0.00430	0.00542	0.00600	0.00652	0.00399	0.00406	0.00692	0.00956	0.01275	0.15842	0.50889	0.12190	0.11318	0.00796	0.00210	0.00279	0.01123	0.00427	0.00378
6	0.05064	0.00875	0.08130	0.00812	0.00989	0.06709	0.03189	0.07686	0.03090	0.01496	0.01820	0.39412	0.01945	0.03315	0.00555	0.00170	0.00398	0.03054	0.10806	0.00483
7	0.03859	0.09505	0.24602	0.03238	0.10902	0.13278	0.23361	0.01506	0.01058	0.01403	0.00824	0.01034	0.00640	0.00434	0.00477	0.00142	0.02489	0.00394	0.00221	0.00632
8	0.00994	0.00980	0.01640	0.02985	0.04144	0.05162	0.29267	0.01216	0.00980	0.04303	0.01447	0.16066	0.06269	0.00921	0.05876	0.00206	0.16058	0.00662	0.00290	0.00535
9	0.00565	0.00411	0.00534	0.00633	0.00671	0.00379	0.00425	0.00649	0.00905	0.01193	0.02748	0.76615	0.09691	0.01434	0.00590	0.00186	0.00267	0.01293	0.00432	0.00379
10	0.06719	0.19129	0.07677	0.01118	0.08867	0.06082	0.03355	0.05717	0.07972	0.24441	0.01190	0.01205	0.00866	0.00586	0.02973	0.00153	0.00523	0.00388	0.00358	0.00681
11	0.00792	0.00615	0.00707	0.00665	0.00831	0.00616	0.00513	0.01255	0.20731	0.03553	0.35053	0.03358	0.23506	0.00941	0.00533	0.00156	0.00276	0.04913	0.00478	0.00508
12	0.00574	0.00431	0.00524	0.00586	0.00654	0.00390	0.00402	0.00671	0.00956	0.01238	0.08419	0.51238	0.25060	0.05757	0.00674	0.00191	0.00266	0.01159	0.00429	0.00381
13	0.03517	0.25197	0.07629	0.00857	0.01155	0.03591	0.00781	0.05728	0.10181	0.08688	0.05601	0.05001	0.09797	0.00683	0.00501	0.00143	0.05380	0.04633	0.00346	0.00591
14	0.05031	0.10168	0.24180	0.01018	0.01453	0.01106	0.02093	0.16405	0.07352	0.19919	0.01295	0.04100	0.01859	0.00556	0.00443	0.00143	0.00508	0.01297	0.00373	0.00699
15	0.00933	0.02406	0.81240	0.01326	0.02014	0.01080	0.01719	0.01473	0.00982	0.01473	0.00835	0.00982	0.00589	0.00442	0.00442	0.00147	0.00688	0.00344	0.00196	0.00688
16	0.00817	0.00429	0.00451	0.00469	0.00564	0.00424	0.00343	0.01012	0.00962	0.01644	0.01691	0.15292	0.01505	0.00694	0.00370	0.00122	0.00226	0.00581	0.71979	0.00424
17	0.01218	0.01152	0.02071	0.02063	0.31454	0.01135	0.32416	0.12653	0.01259	0.03883	0.05238	0.01324	0.00940	0.00459	0.00502	0.00146	0.00618	0.00493	0.00291	0.00686
18	0.01043	0.00976	0.01660	0.02253	0.54469	0.00968	0.07872	0.03802	0.01064	0.01493	0.01246	0.18571	0.01232	0.00638	0.00497	0.00151	0.00511	0.00619	0.00281	0.00653
19	0.04071	0.01272	0.01353	0.01049	0.01412	0.01412	0.00864	0.71885	0.07386	0.02842	0.01156	0.01149	0.00826	0.00560	0.00461	0.00141	0.00498	0.00421	0.00461	0.00780
20	0.00609	0.00454	0.00567	0.00581	0.00675	0.00411	0.00419	0.00766	0.01137	0.01538	0.41701	0.27559	0.19576	0.01149	0.00562	0.00161	0.00238	0.01014	0.00472	0.00411
21	0.01277	0.00849	0.01019	0.00745	0.01144	0.00687	0.00603	0.06337	0.01127	0.20170	0.01080	0.01119	0.00803	0.00412	0.00381	0.00091	0.00367	0.00329	0.00358	0.61103
22	0.01018	0.01018	0.01425	0.01221	0.01221	0.01425	0.01018	0.01120	0.00712	0.01120	0.00611	0.01018	0.00611	0.00814	0.01527	0.00204	0.82799	0.00407	0.00204	0.00509
23	0.00879	0.00827	0.01395	0.82532	0.03204	0.01034	0.01292	0.01189	0.00930	0.01189	0.00827	0.01240	0.00620	0.00465	0.00465	0.00155	0.00620	0.00413	0.00207	0.00517
24	0.00658	0.00476	0.00622	0.00585	0.00695	0.00439	0.00439	0.00878	0.01317	0.01866	0.80503	0.03475	0.04390	0.00951	0.00549	0.00146	0.00219	0.00841	0.00512	0.00439
25	0.00638	0.00503	0.00612	0.00692	0.00734	0.03493	0.00481	0.00733	0.00929	0.01226	0.06606	0.70462	0.02953	0.01365	0.00620	0.00185	0.03242	0.03712	0.00421	0.00394
26	0.02087	0.00792	0.01080	0.00828	0.01188	0.00684	0.00684	0.02267	0.01332	0.81071	0.01835	0.01583	0.01152	0.00576	0.00468	0.00144	0.00396	0.00468	0.00576	0.00792
27	0.34041	0.00954	0.01006	0.00804	0.01140	0.01001	0.00664	0.20275	0.01332	0.32620	0.01216	0.01160	0.00821	0.00517	0.00399	0.00143	0.00410	0.00375	0.00441	0.00683
28	0.01150	0.01110	0.01913	0.02830	0.78509	0.01107	0.03647	0.01430	0.01060	0.01519	0.00877	0.01154	0.00736	0.00414	0.00463	0.00139	0.00559	0.00418	0.00230	0.00734
29	0.01126	0.01255	0.00999	0.03920	0.04246	0.35660	0.00730	0.01246	0.01069	0.01170	0.01495	0.33760	0.01629	0.01075	0.05925	0.00193	0.02983	0.00731	0.00314	0.00473
30	0.62187	0.01234	0.05813	0.00812	0.01125	0.14474	0.03321	0.03667	0.00941	0.01896	0.00694	0.00811	0.00540	0.00443	0.00333	0.00140	0.00478	0.00280	0.00278	0.00533
31	0.01977	0.00795	0.01062	0.00827	0.01172	0.00707	0.00679	0.02234	0.06558	0.73119	0.04509	0.01658	0.01279	0.00592	0.00471	0.00145	0.00388	0.00484	0.00567	0.00776
32	0.00955	0.00957	0.01398	0.01177	0.01296	0.06364	0.13622	0.01124	0.00833	0.01172	0.00937	0.04498	0.00886	0.01545	0.25165	0.00352	0.36501	0.00486	0.00234	0.00497
33	0.01141	0.31378	0.37134	0.01059	0.01562	0.03176	0.01195	0.07747	0.05907	0.01485	0.00876	0.00977	0.00680	0.00451	0.00390	0.00128	0.00573	0.00329	0.03157	0.00654
34	0.01042	0.00600	0.00763	0.00709	0.00865	0.00593	0.00539	0.03338	0.05785	0.19881	0.04990	0.16822	0.10221	0.10616	0.13417	0.00286	0.01740	0.04075	0.03205	0.00512
35	0.00567	0.00431	0.00523	0.00586	0.00661	0.00387	0.00407	0.00669	0.00974	0.01254	0.08286	0.52394	0.28517	0.01333	0.00577	0.00176	0.00255	0.01180	0.00437	0.00387
36	0.00610	0.00460	0.00565	0.00589	0.00683	0.00422	0.00423	0.00779	0.02863	0.01473	0.32004	0.32982	0.22070	0.01184	0.00564	0.00165	0.00245	0.01044	0.00463	0.00412
37	0.06644	0.08112	0.06319	0.01704	0.30553	0.02914	0.04794	0.10241	0.20718	0.01769	0.01118	0.01222	0.00873	0.00486	0.00442	0.00141	0.00511	0.00418	0.00316	0.00704
38	0.00733	0.00583	0.00886	0.08024	0.01117	0.00561	0.09178	0.00918	0.02550	0.04593	0.10487	0.38738	0.17611	0.01095	0.00557	0.00169	0.00353	0.00992	0.00405	0.00451
39	0.00566	0.00420	0.00529	0.00611	0.00666	0.00383	0.00417	0.00659	0.00938	0.01223	0.05519	0.65084	0.18517	0.01386	0.00584	0.00181	0.00261	0.01239	0.00434	0.00383
40	0.03598	0.12414	0.42806	0.01406	0.12601	0.09215	0.01364	0.01493	0.01013	0.03976	0.00829	0.00989	0.00637	0.00504	0.01768	0.00149	0.04016	0.00343	0.00222	0.00654
41	0.03647	0.01252	0.12842	0.03855	0.09965	0.01079	0.23572	0.13236	0.08042	0.08147	0.05380	0.01428	0.01031	0.03744	0.00560	0.00161	0.00578	0.00487	0.00329	0.00664

[dist]
# distance from previous block
# <min> <max>
1	12

[block]
# block no. 2 follows, 55 sequences, length 39
# corresponding to MSA columns:
# 211-249
name=unknown_C
#
# <colnr> <probs for GDERKNQSTAVLIFYWHMCP>
#	G	D	E	R	K	N	Q	S	T	A	V	L	I	F	Y	W	H	M	C	P
0	0.00946	0.00751	0.01020	0.11513	0.01331	0.00766	0.04724	0.07607	0.08852	0.04620	0.01630	0.30315	0.01650	0.00861	0.00556	0.01454	0.03431	0.01799	0.00365	0.15808
1	0.02921	0.22164	0.14483	0.01159	0.03667	0.31293	0.05105	0.03368	0.01135	0.04005	0.00783	0.00909	0.00632	0.00454	0.00425	0.00123	0.02641	0.00320	0.00240	0.04173
2	0.03430	0.21239	0.13657	0.01102	0.06473	0.06221	0.06220	0.01576	0.16654	0.02711	0.03070	0.06326	0.02728	0.00575	0.00428	0.00138	0.00499	0.01725	0.04613	0.00614
3	0.03638	0.26397	0.22172	0.00992	0.01446	0.01341	0.01017	0.18708	0.06843	0.05480	0.00957	0.01015	0.00727	0.00467	0.00396	0.00126	0.00520	0.00343	0.00303	0.07112
4	0.00606	0.00456	0.00561	0.00572	0.00672	0.00411	0.00415	0.00761	0.01136	0.01525	0.39827	0.25099	0.23969	0.01146	0.00561	0.00161	0.00237	0.01007	0.00470	0.00411
5	0.00615	0.00462	0.00595	0.04049	0.00804	0.00441	0.00480	0.02487	0.00970	0.01265	0.04695	0.58946	0.16111	0.01328	0.00579	0.00181	0.00291	0.04875	0.00425	0.00400
6	0.01001	0.01177	0.17958	0.02228	0.14176	0.01761	0.07172	0.04931	0.01021	0.05160	0.01369	0.16561	0.03735	0.02093	0.02508	0.00177	0.10968	0.00602	0.03284	0.02118
7	0.05869	0.01014	0.01593	0.03446	0.50272	0.01016	0.02941	0.05440	0.02551	0.13957	0.01151	0.01488	0.00933	0.00511	0.00467	0.00146	0.00511	0.05669	0.00316	0.00709
8	0.00974	0.00631	0.00715	0.00672	0.00827	0.00636	0.00504	0.15695	0.03432	0.06676	0.02251	0.29650	0.12315	0.02768	0.00530	0.00159	0.00314	0.00815	0.19932	0.00504
9	0.00583	0.00428	0.00547	0.00611	0.00672	0.00392	0.00422	0.00697	0.01000	0.01333	0.18442	0.56339	0.14190	0.01317	0.00579	0.00176	0.00255	0.01179	0.00448	0.00392
10	0.01237	0.01152	0.11601	0.02487	0.17954	0.04050	0.07624	0.05517	0.12085	0.15446	0.01525	0.12531	0.03399	0.00647	0.00488	0.00152	0.00499	0.00576	0.00365	0.00665
11	0.01668	0.00872	0.00979	0.00806	0.01094	0.06254	0.00646	0.04667	0.14120	0.44946	0.01684	0.01571	0.01153	0.00571	0.00438	0.00138	0.00391	0.00458	0.16847	0.00697
12	0.01336	0.00610	0.00823	0.00716	0.00924	0.00542	0.00553	0.01484	0.01193	0.39979	0.20607	0.19713	0.03377	0.00915	0.00583	0.04484	0.00325	0.00744	0.00509	0.00584
13	0.07393	0.01907	0.01255	0.01133	0.01342	0.62890	0.00866	0.01684	0.01195	0.01205	0.00858	0.00999	0.03742	0.00546	0.00556	0.00134	0.11185	0.00337	0.00246	0.00527
14	0.01772	0.01071	0.01279	0.00985	0.01340	0.02901	0.04693	0.38984	0.01711	0.32377	0.01616	0.01523	0.06344	0.00597	0.00475	0.00143	0.00470	0.00480	0.00488	0.00750
15	0.00599	0.00451	0.00551	0.00617	0.00698	0.00414	0.00451	0.00709	0.00963	0.01227	0.03177	0.39849	0.28034	0.06320	0.00695	0.00199	0.00296	0.13945	0.00422	0.00385
16	0.00985	0.00821	0.00888	0.00805	0.01026	0.00904	0.00626	0.07030	0.44565	0.01779	0.08051	0.02447	0.19497	0.01010	0.07248	0.00205	0.00410	0.00642	0.00448	0.00614
17	0.01433	0.01752	0.06719	0.01154	0.01367	0.45726	0.00943	0.03867	0.06213	0.01290	0.00828	0.01002	0.00689	0.00571	0.00683	0.00144	0.20146	0.00353	0.04563	0.00557
18	0.01132	0.01080	0.01811	0.03947	0.74343	0.01088	0.01371	0.01445	0.04161	0.01525	0.01014	0.01262	0.02833	0.00444	0.00463	0.00140	0.00538	0.00434	0.00245	0.00725
19	0.01179	0.01377	0.02564	0.01864	0.02305	0.11407	0.69139	0.01537	0.01126	0.01446	0.00913	0.01202	0.00692	0.00403	0.00533	0.00152	0.00791	0.00517	0.00236	0.00616
20	0.00965	0.00827	0.00965	0.00689	0.01102	0.00620	0.00551	0.01171	0.00965	0.01516	0.00827	0.00965	0.00689	0.00345	0.00345	0.00069	0.00345	0.00276	0.00276	0.86494
21	0.01244	0.83930	0.02438	0.00796	0.01194	0.01841	0.00796	0.01393	0.00945	0.01095	0.00647	0.00746	0.00597	0.00398	0.00299	0.00100	0.00498	0.00249	0.00199	0.00597
22	0.00587	0.00457	0.00533	0.00547	0.00659	0.00403	0.00398	0.00727	0.01098	0.01425	0.27172	0.22640	0.39340	0.01175	0.00560	0.00161	0.00239	0.01019	0.00456	0.00403
23	0.00676	0.00453	0.00518	0.00518	0.00521	0.00457	0.00295	0.00683	0.00680	0.00910	0.01456	0.02992	0.01668	0.80169	0.05818	0.00464	0.00486	0.00669	0.00280	0.00288
24	0.01412	0.47815	0.01923	0.00931	0.01273	0.21635	0.00820	0.09943	0.06542	0.01371	0.00813	0.00891	0.00683	0.00454	0.00359	0.00113	0.00571	0.00301	0.01541	0.00611
25	0.05045	0.07850	0.01206	0.00883	0.01129	0.00996	0.00732	0.05995	0.03360	0.33217	0.01482	0.01548	0.06058	0.04403	0.00783	0.00166	0.19922	0.00459	0.00399	0.04368
26	0.01160	0.10777	0.37083	0.05524	0.14270	0.10551	0.01340	0.04429	0.06256	0.03042	0.00907	0.01046	0.00689	0.00458	0.00431	0.00138	0.00627	0.00360	0.00243	0.00669
27	0.01848	0.01001	0.01199	0.00931	0.01278	0.01017	0.00767	0.36608	0.01675	0.40651	0.01474	0.01391	0.00991	0.00766	0.05998	0.00183	0.00506	0.00448	0.00504	0.00766
28	0.00608	0.00434	0.00587	0.00695	0.00740	0.00413	0.00503	0.00719	0.00931	0.01233	0.02541	0.65832	0.02987	0.01419	0.00605	0.00195	0.00305	0.18432	0.00431	0.00389
29	0.03627	0.08887	0.04259	0.00987	0.05682	0.00999	0.00788	0.14002	0.09983	0.39332	0.01480	0.01455	0.01040	0.04712	0.00542	0.00156	0.00442	0.00444	0.00457	0.00728
30	0.00779	0.00512	0.00668	0.00639	0.00762	0.00485	0.00480	0.01007	0.04093	0.08263	0.50076	0.15999	0.05878	0.01166	0.05854	0.00194	0.00318	0.01876	0.00482	0.00466
31	0.01098	0.00592	0.00753	0.00654	0.00855	0.00534	0.00511	0.01331	0.04371	0.26077	0.40138	0.02999	0.16466	0.00863	0.00521	0.00148	0.00282	0.00739	0.00516	0.00551
32	0.00740	0.00607	0.00901	0.02853	0.09661	0.00591	0.05927	0.04398	0.02243	0.01366	0.05188	0.52832	0.08540	0.01154	0.00560	0.00174	0.00352	0.01052	0.00396	0.00465
33	0.01125	0.01122	0.07718	0.18786	0.39232	0.02866	0.08554	0.01421	0.01042	0.06627	0.00968	0.01255	0.00764	0.02340	0.00506	0.00150	0.00578	0.00429	0.03866	0.00653
34	0.00686	0.00534	0.00703	0.02598	0.00836	0.00572	0.00541	0.00849	0.05402	0.02467	0.02341	0.61412	0.06478	0.01280	0.00695	0.00186	0.10478	0.01113	0.00403	0.00425
35	0.00567	0.00405	0.00540	0.00648	0.00675	0.00378	0.00432	0.00648	0.00891	0.01188	0.02564	0.83347	0.03077	0.01457	0.00594	0.00189	0.00270	0.01323	0.00432	0.00378
36	0.01431	0.29424	0.01845	0.03698	0.25263	0.01266	0.02497	0.05706	0.01142	0.20718	0.01042	0.01117	0.00788	0.00455	0.00407	0.00126	0.00497	0.00371	0.00316	0.01891
37	0.05681	0.00795	0.00870	0.00869	0.04953	0.04420	0.00620	0.09577	0.15604	0.08224	0.02281	0.28603	0.13733	0.00943	0.00510	0.00161	0.00364	0.00808	0.00428	0.00556
38	0.07091	0.01383	0.16515	0.01371	0.11947	0.10289	0.12425	0.10113	0.01171	0.09165	0.01081	0.04075	0.00886	0.07017	0.02046	0.00178	0.00602	0.00455	0.01559	0.00627

[dist]
# distance from previous block
# <min> <max>
1	6

[block]
# block no. 3 follows, 55 sequences, length 29
# corresponding to MSA columns:
# 256-284
name=unknown_D
#
# <colnr> <probs for GDERKNQSTAVLIFYWHMCP>
#	G	D	E	R	K	N	Q	S	T	A	V	L	I	F	Y	W	H	M	C	P
0	0.02523	0.14362	0.26873	0.01182	0.04453	0.02870	0.10528	0.03990	0.04125	0.09668	0.02255	0.10230	0.01037	0.00570	0.00450	0.00142	0.00551	0.00489	0.00297	0.03406
1	0.03234	0.15465	0.12372	0.03641	0.19754	0.09578	0.04332	0.06878	0.02678	0.11803	0.01004	0.03040	0.00792	0.00494	0.00462	0.00137	0.02980	0.00398	0.00292	0.00666
2	0.00638	0.00512	0.00628	0.00584	0.00721	0.00463	0.03258	0.00821	0.02977	0.01476	0.32828	0.03771	0.39013	0.09395	0.00732	0.00183	0.00274	0.00871	0.00441	0.00416
3	0.00989	0.00651	0.00740	0.00667	0.00876	0.00629	0.00517	0.01409	0.19420	0.16163	0.14025	0.05216	0.35012	0.00916	0.00518	0.00154	0.00294	0.00771	0.00479	0.00552
4	0.00806	0.00493	0.00549	0.03043	0.00719	0.00495	0.00418	0.04026	0.03326	0.01589	0.02063	0.22010	0.09429	0.00830	0.00427	0.00137	0.00260	0.00707	0.48231	0.00441
5	0.00826	0.13978	0.19026	0.00848	0.01100	0.00793	0.00816	0.01037	0.00948	0.03901	0.01819	0.39684	0.01997	0.02629	0.00549	0.00172	0.00423	0.08612	0.00344	0.00499
6	0.00977	0.00714	0.00811	0.00763	0.00940	0.00762	0.00576	0.03492	0.33916	0.06858	0.13778	0.21601	0.04318	0.00879	0.00503	0.00158	0.00312	0.00762	0.07302	0.00578
7	0.00581	0.00415	0.00556	0.00664	0.00698	0.00390	0.00457	0.00673	0.00905	0.01204	0.02556	0.77199	0.03045	0.01444	0.00598	0.00191	0.00282	0.07328	0.00432	0.00382
8	0.01091	0.01163	0.02337	0.10807	0.26672	0.01139	0.46839	0.01439	0.01068	0.01467	0.00909	0.01221	0.00706	0.00407	0.00513	0.00151	0.00695	0.00493	0.00231	0.00649
9	0.00829	0.00466	0.00689	0.00668	0.00668	0.00507	0.00466	0.00658	0.00617	0.00840	0.00788	0.01374	0.00788	0.01535	0.01789	0.77737	0.08740	0.00404	0.00202	0.00233
10	0.00574	0.00418	0.00543	0.00640	0.00684	0.00387	0.00439	0.00665	0.00916	0.01204	0.02770	0.71871	0.10659	0.01422	0.00592	0.00187	0.00274	0.04942	0.00432	0.00382
11	0.01103	0.01240	0.02658	0.02051	0.10355	0.01169	0.71204	0.01484	0.01094	0.01493	0.00934	0.01244	0.00709	0.00394	0.00540	0.00155	0.00761	0.00535	0.00235	0.00639
12	0.01102	0.01044	0.01773	0.02642	0.72663	0.01052	0.01342	0.01367	0.01028	0.01475	0.00913	0.01220	0.00780	0.00726	0.08691	0.00200	0.00623	0.00423	0.00232	0.00704
13	0.01949	0.00798	0.01053	0.00819	0.01158	0.00717	0.00672	0.05992	0.03597	0.69098	0.04196	0.01629	0.01242	0.00587	0.00464	0.00143	0.00388	0.00477	0.04259	0.00764
14	0.00974	0.00565	0.00578	0.00540	0.00687	0.00593	0.00415	0.07905	0.09065	0.01858	0.01521	0.01682	0.01181	0.00552	0.00352	0.00116	0.00257	0.00442	0.70221	0.00495
15	0.00573	0.00460	0.00511	0.00524	0.00649	0.00398	0.00383	0.00702	0.01075	0.01354	0.17962	0.18897	0.52501	0.01189	0.00558	0.00161	0.00239	0.01020	0.00446	0.00398
16	0.00655	0.00468	0.00641	0.00749	0.00815	0.00454	0.00586	0.00801	0.00978	0.01287	0.02515	0.45549	0.02884	0.01374	0.00617	0.00201	0.00347	0.38247	0.00430	0.00402
17	0.01018	0.01018	0.01425	0.01221	0.01221	0.01425	0.01018	0.01120	0.00712	0.01120	0.00611	0.01018	0.00611	0.00814	0.01527	0.00204	0.82799	0.00407	0.00204	0.00509
18	0.00933	0.02406	0.81240	0.01326	0.02014	0.01080	0.01719	0.01473	0.00982	0.01473	0.00835	0.00982	0.00589	0.00442	0.00442	0.00147	0.00688	0.00344	0.00196	0.00688
19	0.00704	0.00531	0.00689	0.02316	0.00911	0.00516	0.00641	0.00918	0.02752	0.01387	0.06778	0.04808	0.23130	0.01211	0.00607	0.00194	0.00370	0.50678	0.00430	0.00428
20	0.01738	0.02217	0.01318	0.01199	0.01438	0.81783	0.00899	0.01858	0.01318	0.01139	0.00719	0.00839	0.00599	0.00479	0.00419	0.00120	0.00839	0.00300	0.00240	0.00539
21	0.00879	0.00827	0.01395	0.82532	0.03204	0.01034	0.01292	0.01189	0.00930	0.01189	0.00827	0.01240	0.00620	0.00465	0.00465	0.00155	0.00620	0.00413	0.00207	0.00517
22	0.01063	0.01192	0.02557	0.10082	0.02468	0.01143	0.69345	0.01440	0.01076	0.01453	0.00968	0.03181	0.00753	0.00425	0.00542	0.00157	0.00756	0.00553	0.00237	0.00610
23	0.01301	0.01435	0.01106	0.01082	0.03480	0.39910	0.00816	0.04511	0.08094	0.01346	0.01421	0.11879	0.01412	0.00790	0.00533	0.00155	0.03499	0.16371	0.00329	0.00528
24	0.00550	0.00471	0.00471	0.00471	0.00628	0.00393	0.00353	0.00668	0.01060	0.01257	0.04713	0.04477	0.80560	0.01178	0.00550	0.00157	0.00236	0.00982	0.00432	0.00393
25	0.00738	0.00519	0.00702	0.00765	0.00875	0.00504	0.00642	0.00938	0.01110	0.02948	0.18324	0.06949	0.07545	0.03161	0.00655	0.00201	0.00370	0.52180	0.00445	0.00430
26	0.01485	0.06323	0.19301	0.01316	0.06607	0.40767	0.04296	0.08725	0.01277	0.04480	0.00839	0.00957	0.00649	0.00470	0.00432	0.00130	0.00720	0.00342	0.00260	0.00624
27	0.01457	0.09015	0.24715	0.01009	0.01449	0.01049	0.01020	0.06251	0.17868	0.29288	0.01405	0.01336	0.00972	0.00531	0.00446	0.00144	0.00491	0.00421	0.00402	0.00731
28	0.14161	0.09732	0.03403	0.00976	0.01287	0.37201	0.00791	0.07448	0.05768	0.01520	0.00818	0.00913	0.00660	0.00458	0.00384	0.00118	0.00606	0.00307	0.00277	0.13170

[dist]
# distance from previous block
# <min> <max>
0	1

[block]
# block no. 4 follows, 55 sequences, length 12
# corresponding to MSA columns:
# 286-297
name=unknown_E
#
# <colnr> <probs for GDERKNQSTAVLIFYWHMCP>
#	G	D	E	R	K	N	Q	S	T	A	V	L	I	F	Y	W	H	M	C	P
0	0.01116	0.00708	0.00829	0.00745	0.00964	0.00710	0.00581	0.01639	0.25975	0.19859	0.13133	0.09197	0.18341	0.00863	0.00513	0.00157	0.00321	0.03260	0.00489	0.00599
1	0.00629	0.00478	0.00578	0.00596	0.00697	0.00443	0.00433	0.00821	0.04415	0.01468	0.29721	0.26743	0.23589	0.03740	0.00619	0.00174	0.00259	0.03723	0.00456	0.00417
2	0.01131	0.04506	0.03424	0.03452	0.39297	0.01034	0.12426	0.01471	0.05833	0.04130	0.00957	0.01159	0.00767	0.00416	0.00444	0.00127	0.00529	0.00406	0.00264	0.18228
3	0.00975	0.00869	0.01285	0.01173	0.06247	0.00978	0.12361	0.01438	0.20379	0.03140	0.03571	0.16647	0.02747	0.00893	0.03767	0.00191	0.18214	0.00653	0.03903	0.00568
4	0.00606	0.00435	0.00573	0.00666	0.00713	0.00411	0.00474	0.00711	0.00931	0.01232	0.05074	0.59778	0.06439	0.05762	0.00693	0.00204	0.00303	0.14185	0.00426	0.00384
5	0.01151	0.01105	0.01888	0.02855	0.80748	0.01105	0.01428	0.01428	0.01059	0.01520	0.00875	0.01151	0.00737	0.00415	0.00461	0.00138	0.00553	0.00415	0.00230	0.00737
6	0.03664	0.00835	0.01007	0.11765	0.01376	0.00753	0.00670	0.01364	0.11515	0.03894	0.01167	0.01274	0.04353	0.00446	0.00389	0.00101	0.00382	0.00364	0.00309	0.54374
7	0.00625	0.00436	0.00551	0.00611	0.00635	0.00428	0.00400	0.00687	0.00808	0.01081	0.02049	0.42841	0.02396	0.33544	0.06403	0.00327	0.00410	0.05062	0.00362	0.00346
8	0.00584	0.00429	0.00549	0.00611	0.00673	0.00393	0.00423	0.00700	0.01005	0.01343	0.19647	0.55814	0.13492	0.01312	0.00578	0.00176	0.00255	0.01174	0.00449	0.00393
9	0.15291	0.01169	0.08999	0.02643	0.09448	0.01122	0.00891	0.29067	0.09238	0.07145	0.07718	0.01375	0.01118	0.02176	0.00479	0.00150	0.00464	0.00438	0.00389	0.00679
10	0.01116	0.01079	0.01638	0.23834	0.41402	0.05394	0.02751	0.04307	0.04325	0.01452	0.00919	0.01251	0.00756	0.00487	0.00534	0.00149	0.05867	0.01847	0.00245	0.00647
11	0.09249	0.17791	0.15706	0.01068	0.04367	0.06011	0.05858	0.10691	0.07142	0.06602	0.01192	0.01251	0.05579	0.00506	0.00413	0.00132	0.00520	0.00395	0.00307	0.05220

[dist]
# distance from previous block
# <min> <max>
1	2

[block]
# block no. 5 follows, 55 sequences, length 49
# corresponding to MSA columns:
# 300-348
name=unknown_F
#
# <colnr> <probs for GDERKNQSTAVLIFYWHMCP>
#	G	D	E	R	K	N	Q	S	T	A	V	L	I	F	Y	W	H	M	C	P
0	0.14243	0.09044	0.05529	0.00811	0.01164	0.00954	0.01891	0.06185	0.12640	0.08202	0.02354	0.05822	0.00990	0.00516	0.00394	0.00120	0.00399	0.00407	0.00343	0.27992
1	0.01018	0.06529	0.29325	0.22632	0.21725	0.01113	0.01390	0.05077	0.01046	0.01450	0.00986	0.01210	0.03560	0.00471	0.00449	0.00144	0.00600	0.00400	0.00229	0.00644
2	0.00592	0.00454	0.00544	0.00567	0.00669	0.00405	0.00410	0.00732	0.01090	0.01429	0.27763	0.28047	0.31979	0.01193	0.00564	0.00164	0.00244	0.02294	0.00457	0.00403
3	0.00591	0.00456	0.00542	0.00566	0.00671	0.00406	0.00413	0.00730	0.01084	0.01410	0.25001	0.26585	0.34925	0.01198	0.00565	0.00165	0.00247	0.03589	0.00454	0.00402
4	0.01022	0.00921	0.01477	0.54272	0.20633	0.01068	0.01254	0.08356	0.01076	0.01441	0.00887	0.01225	0.00681	0.00465	0.00460	0.00148	0.00582	0.00415	0.03031	0.00589
5	0.01243	0.08290	0.45527	0.01240	0.01733	0.29714	0.01346	0.01596	0.01093	0.01320	0.00775	0.00915	0.00594	0.00460	0.00446	0.00135	0.02414	0.00322	0.00212	0.00625
6	0.00933	0.00625	0.00756	0.00717	0.00873	0.00633	0.00537	0.01389	0.21129	0.10908	0.28177	0.24082	0.02811	0.00949	0.00525	0.00159	0.00291	0.00834	0.03133	0.00539
7	0.00898	0.00602	0.00653	0.00641	0.00778	0.00641	0.00477	0.03997	0.21411	0.01694	0.01861	0.21959	0.01705	0.00793	0.00435	0.00142	0.00279	0.00677	0.39846	0.00510
8	0.01805	0.00823	0.01051	0.00846	0.01172	0.00776	0.00692	0.04994	0.14727	0.58456	0.01945	0.01855	0.03958	0.00637	0.00479	0.00150	0.00391	0.03947	0.00543	0.00752
9	0.00647	0.00450	0.00565	0.00577	0.00666	0.00417	0.00417	0.00818	0.01135	0.01606	0.43024	0.26221	0.09946	0.01069	0.00536	0.00155	0.00235	0.00945	0.10154	0.00417
10	0.00663	0.00445	0.00519	0.00543	0.00554	0.00440	0.00325	0.00690	0.00736	0.00991	0.01703	0.18097	0.01969	0.63713	0.01933	0.00386	0.00411	0.03158	0.02418	0.00308
11	0.00879	0.00827	0.01395	0.82532	0.03204	0.01034	0.01292	0.01189	0.00930	0.01189	0.00827	0.01240	0.00620	0.00465	0.00465	0.00155	0.00620	0.00413	0.00207	0.00517
12	0.00738	0.00584	0.00723	0.00702	0.00749	0.03557	0.00503	0.00827	0.00736	0.01011	0.01267	0.02236	0.01319	0.36819	0.38878	0.00555	0.07607	0.00558	0.00259	0.00372
13	0.00567	0.00405	0.00540	0.00648	0.00675	0.00378	0.00432	0.00648	0.00891	0.01188	0.02564	0.83347	0.03077	0.01457	0.00594	0.00189	0.00270	0.01323	0.00432	0.00378
14	0.00673	0.00534	0.00612	0.00582	0.00728	0.00503	0.00440	0.00979	0.10262	0.01635	0.41620	0.03669	0.34032	0.01004	0.00540	0.00152	0.00243	0.00860	0.00476	0.00455
15	0.00610	0.00416	0.00555	0.00653	0.00689	0.00387	0.00439	0.00694	0.00903	0.03475	0.02543	0.81005	0.03022	0.01432	0.00590	0.00188	0.00274	0.01298	0.00436	0.00390
16	0.01244	0.83930	0.02438	0.00796	0.01194	0.01841	0.00796	0.01393	0.00945	0.01095	0.00647	0.00746	0.00597	0.00398	0.00299	0.00100	0.00498	0.00249	0.00199	0.00597
17	0.01244	0.83930	0.02438	0.00796	0.01194	0.01841	0.00796	0.01393	0.00945	0.01095	0.00647	0.00746	0.00597	0.00398	0.00299	0.00100	0.00498	0.00249	0.00199	0.00597
18	0.01244	0.83930	0.02438	0.00796	0.01194	0.01841	0.00796	0.01393	0.00945	0.01095	0.00647	0.00746	0.00597	0.00398	0.00299	0.00100	0.00498	0.00249	0.00199	0.00597
19	0.00551	0.00466	0.00477	0.00486	0.00632	0.00392	0.00360	0.00666	0.01046	0.01251	0.04536	0.10966	0.74185	0.01201	0.00553	0.00160	0.00238	0.01010	0.00432	0.00392
20	0.00879	0.00827	0.01395	0.82532	0.03204	0.01034	0.01292	0.01189	0.00930	0.01189	0.00827	0.01240	0.00620	0.00465	0.00465	0.00155	0.00620	0.00413	0.00207	0.00517
21	0.00685	0.00506	0.00644	0.00608	0.00727	0.00479	0.00459	0.00962	0.05645	0.01844	0.72534	0.03442	0.06278	0.00946	0.00546	0.00149	0.00232	0.02355	0.00506	0.00454
22	0.00933	0.02406	0.81240	0.01326	0.02014	0.01080	0.01719	0.01473	0.00982	0.01473	0.00835	0.00982	0.00589	0.00442	0.00442	0.00147	0.00688	0.00344	0.00196	0.00688
23	0.00677	0.00451	0.00507	0.00507	0.00507	0.00451	0.00282	0.00677	0.00677	0.00902	0.01466	0.03044	0.01691	0.83650	0.02368	0.00451	0.00451	0.00677	0.00282	0.00282
24	0.79929	0.00933	0.00742	0.00650	0.00944	0.01076	0.00535	0.07771	0.00907	0.02157	0.00686	0.00785	0.00527	0.00442	0.00303	0.00144	0.00372	0.00266	0.00303	0.00527
25	0.01105	0.00983	0.07803	0.01584	0.33745	0.00892	0.00965	0.11261	0.01166	0.01778	0.01146	0.01354	0.00904	0.00483	0.00408	0.00128	0.00431	0.00416	0.32821	0.00625
26	0.02061	0.00834	0.01106	0.00848	0.01209	0.00746	0.00700	0.08597	0.01402	0.74642	0.01776	0.01545	0.01122	0.00574	0.00468	0.00144	0.00405	0.00464	0.00567	0.00792
27	0.01018	0.01018	0.01425	0.01221	0.01221	0.01425	0.01018	0.01120	0.00712	0.01120	0.00611	0.01018	0.00611	0.00814	0.01527	0.00204	0.82799	0.00407	0.00204	0.00509
28	0.00961	0.04814	0.72280	0.01435	0.08466	0.01106	0.01666	0.01467	0.00987	0.01465	0.00832	0.00989	0.00602	0.00438	0.00439	0.00145	0.00671	0.00347	0.00199	0.00689
29	0.01081	0.01123	0.01416	0.01219	0.01240	0.08473	0.01007	0.01184	0.00766	0.01121	0.00620	0.01002	0.00610	0.00785	0.01430	0.00196	0.75610	0.00398	0.00207	0.00512
30	0.02087	0.00792	0.01080	0.00828	0.01188	0.00684	0.00684	0.02267	0.01332	0.81071	0.01835	0.01583	0.01152	0.00576	0.00468	0.00144	0.00396	0.00468	0.00576	0.00792
31	0.00900	0.00805	0.01325	0.66527	0.09278	0.00970	0.01192	0.01196	0.00946	0.01279	0.00910	0.01290	0.00696	0.00470	0.00449	0.00148	0.00568	0.00416	0.10110	0.00525
32	0.00964	0.01001	0.01968	0.07360	0.01956	0.00968	0.47681	0.02457	0.05113	0.01471	0.04425	0.10738	0.07768	0.00644	0.00546	0.00162	0.00613	0.03293	0.00303	0.00567
33	0.00555	0.00450	0.00493	0.00528	0.00643	0.00388	0.00379	0.00661	0.01006	0.01234	0.04020	0.29911	0.55573	0.01268	0.00564	0.00167	0.00247	0.01092	0.00432	0.00388
34	0.02087	0.00792	0.01080	0.00828	0.01188	0.00684	0.00684	0.02267	0.01332	0.81071	0.01835	0.01583	0.01152	0.00576	0.00468	0.00144	0.00396	0.00468	0.00576	0.00792
35	0.18772	0.01453	0.10673	0.01066	0.03924	0.21799	0.03534	0.10359	0.06481	0.11844	0.05003	0.01181	0.00923	0.00515	0.00423	0.00139	0.00558	0.00384	0.00341	0.00627
36	0.01052	0.02319	0.70179	0.01296	0.01929	0.07726	0.01601	0.04354	0.01061	0.03062	0.00855	0.00987	0.00609	0.00452	0.00441	0.00145	0.00688	0.00345	0.00217	0.00681
37	0.00850	0.00589	0.00707	0.00670	0.00806	0.00605	0.00513	0.03927	0.12795	0.03889	0.32084	0.03908	0.02638	0.07707	0.06523	0.00217	0.00368	0.07459	0.13258	0.00488
38	0.00569	0.00422	0.00531	0.00610	0.00667	0.00384	0.00417	0.00664	0.00947	0.01238	0.07298	0.63727	0.18075	0.01376	0.00583	0.00180	0.00261	0.01230	0.00436	0.00384
