[name]
unknown

[dist]
# distance from previous block
# <min> <max>
0	150

[block]
# block no. 0 follows, 47 sequences, length 42
# corresponding to MSA columns:
# 160-201
name=unknown_A
#
# <colnr> <probs for GDERKNQSTAVLIFYWHMCP>
#	G	D	E	R	K	N	Q	S	T	A	V	L	I	F	Y	W	H	M	C	P
0	0.00839	0.00599	0.00839	0.00959	0.01079	0.00599	0.00839	0.01079	0.01199	0.01558	0.02757	0.05874	0.02997	0.01439	0.00719	0.00240	0.00480	0.74945	0.00480	0.00480
1	0.01199	0.37915	0.45132	0.01221	0.01847	0.01587	0.01465	0.01609	0.01081	0.01461	0.00841	0.00982	0.00664	0.00473	0.00423	0.00141	0.00675	0.00338	0.00221	0.00725
2	0.00773	0.00574	0.00799	0.00794	0.00877	0.00652	0.00592	0.00982	0.04451	0.01215	0.01479	0.02314	0.01434	0.19347	0.60459	0.00739	0.01170	0.00599	0.00298	0.00452
3	0.00660	0.00529	0.00589	0.00574	0.00730	0.00458	0.00430	0.00833	0.01291	0.01654	0.31699	0.04605	0.51661	0.01227	0.00615	0.00171	0.00257	0.01042	0.00516	0.00458
4	0.00757	0.00505	0.00568	0.00568	0.00568	0.00505	0.00316	0.00757	0.00757	0.01010	0.01641	0.03408	0.01893	0.81698	0.02651	0.00505	0.00505	0.00757	0.00316	0.00316
5	0.01239	0.47117	0.36283	0.01152	0.01740	0.01686	0.01346	0.01599	0.01076	0.01412	0.00817	0.00952	0.00665	0.00467	0.00405	0.00135	0.00650	0.00325	0.00222	0.00713
6	0.00881	0.00502	0.00555	0.00541	0.00666	0.00485	0.00406	0.01120	0.01218	0.01966	0.26318	0.02695	0.05750	0.00784	0.00455	0.00137	0.00245	0.00657	0.54133	0.00485
7	0.00757	0.00505	0.00568	0.00568	0.00568	0.00505	0.00316	0.00757	0.00757	0.01010	0.01641	0.03408	0.01893	0.81698	0.02651	0.00505	0.00505	0.00757	0.00316	0.00316
8	0.00756	0.00509	0.00588	0.00588	0.00594	0.00516	0.00340	0.00770	0.00763	0.01024	0.01623	0.03309	0.01850	0.76029	0.08261	0.00529	0.00570	0.00743	0.00313	0.00326
9	0.01237	0.26093	0.46107	0.01277	0.01885	0.08303	0.01488	0.01711	0.04600	0.01515	0.00915	0.01046	0.00706	0.00493	0.00447	0.00147	0.00705	0.00358	0.00239	0.00728
10	0.01259	0.33840	0.42349	0.01239	0.01838	0.08303	0.01439	0.01651	0.01116	0.01450	0.00841	0.00982	0.00664	0.00479	0.00429	0.00141	0.00701	0.00339	0.00225	0.00716
11	0.01138	0.00852	0.00895	0.00820	0.01044	0.00942	0.00633	0.04153	0.41389	0.02085	0.06608	0.02197	0.05670	0.00724	0.00484	0.00157	0.00343	0.00598	0.28594	0.00673
12	0.00739	0.00497	0.00574	0.00592	0.00597	0.00492	0.00341	0.00752	0.00794	0.01059	0.01829	0.15324	0.02130	0.69459	0.02347	0.00460	0.00474	0.00868	0.00341	0.00332
13	0.01408	0.19680	0.23870	0.03641	0.10427	0.10907	0.01244	0.01723	0.01213	0.12271	0.04766	0.04439	0.01082	0.00579	0.00475	0.00150	0.00635	0.00455	0.00317	0.00717
14	0.02814	0.01237	0.02056	0.11774	0.35948	0.02987	0.17098	0.01724	0.11182	0.01689	0.01113	0.01386	0.00886	0.00525	0.00603	0.00168	0.05269	0.00505	0.00291	0.00745
15	0.00693	0.00540	0.00644	0.00702	0.00837	0.00490	0.00557	0.00855	0.01161	0.01445	0.04060	0.17184	0.41476	0.01408	0.00658	0.00203	0.00342	0.25812	0.00482	0.00450
16	0.01339	0.01864	0.37016	0.01252	0.01786	0.01250	0.01339	0.13553	0.24090	0.06766	0.01425	0.01438	0.01028	0.00590	0.00507	0.00166	0.00598	0.00470	0.02719	0.00803
17	0.00983	0.00926	0.01562	0.80447	0.03587	0.01157	0.01446	0.01331	0.01041	0.01331	0.00926	0.01388	0.00694	0.00521	0.00521	0.00174	0.00694	0.00463	0.00231	0.00579
18	0.01937	0.01956	0.01491	0.01253	0.01587	0.41379	0.00982	0.36733	0.01918	0.02224	0.01034	0.01109	0.00787	0.00580	0.00491	0.00144	0.00752	0.00401	0.02509	0.00732
19	0.85377	0.01007	0.00765	0.00685	0.01007	0.01168	0.00564	0.01531	0.00886	0.02336	0.00725	0.00846	0.00564	0.00483	0.00322	0.00161	0.00403	0.00282	0.00322	0.00564
20	0.00634	0.00453	0.00604	0.00725	0.00755	0.00423	0.00483	0.00725	0.00997	0.01329	0.02870	0.81358	0.03444	0.01632	0.00665	0.00211	0.00302	0.01480	0.00483	0.00423
21	0.01218	0.01187	0.02300	0.02097	0.19504	0.01148	0.39624	0.03061	0.01228	0.04745	0.01389	0.06438	0.01244	0.00659	0.00626	0.00181	0.02394	0.09942	0.00321	0.00695
22	0.01622	0.40015	0.02079	0.01036	0.01453	0.01793	0.00924	0.32492	0.10120	0.02174	0.01095	0.01128	0.00860	0.00548	0.00432	0.00137	0.00547	0.00391	0.00379	0.00775
23	0.00983	0.00926	0.01562	0.80447	0.03587	0.01157	0.01446	0.01331	0.01041	0.01331	0.00926	0.01388	0.00694	0.00521	0.00521	0.00174	0.00694	0.00463	0.00231	0.00579
24	0.01685	0.01263	0.02099	0.01600	0.04174	0.01261	0.31791	0.19803	0.03177	0.21436	0.01353	0.01455	0.00951	0.00566	0.00622	0.00169	0.04835	0.00544	0.00424	0.00792
25	0.25045	0.01329	0.01302	0.01119	0.05027	0.06014	0.00866	0.43633	0.01821	0.02751	0.01091	0.01160	0.00806	0.00572	0.00454	0.00154	0.00531	0.00410	0.05162	0.00754
26	0.00983	0.00926	0.01562	0.80447	0.03587	0.01157	0.01446	0.01331	0.01041	0.01331	0.00926	0.01388	0.00694	0.00521	0.00521	0.00174	0.00694	0.00463	0.00231	0.00579
27	0.01011	0.00979	0.01730	0.71754	0.03491	0.01175	0.09790	0.01368	0.01062	0.01368	0.00940	0.01390	0.00705	0.00512	0.00531	0.00174	0.00715	0.00480	0.00235	0.00592
28	0.01506	0.65666	0.02471	0.00984	0.01393	0.17999	0.00915	0.01666	0.01144	0.01235	0.00741	0.00857	0.00669	0.00464	0.00362	0.00116	0.00635	0.00290	0.00232	0.00655
29	0.00739	0.00564	0.00683	0.00647	0.00793	0.00524	0.00487	0.01027	0.05678	0.01931	0.56532	0.04048	0.22197	0.01105	0.00610	0.00167	0.00259	0.00959	0.00549	0.00498
30	0.00625	0.00492	0.00564	0.00622	0.00728	0.00432	0.00438	0.00737	0.01096	0.01370	0.04123	0.41591	0.42403	0.01469	0.00639	0.00193	0.00282	0.01282	0.00484	0.00432
31	0.01565	0.58293	0.02386	0.00982	0.01419	0.01929	0.00920	0.23688	0.01468	0.01831	0.00879	0.00958	0.00732	0.00498	0.00389	0.00125	0.00562	0.00335	0.00311	0.00732
32	0.01149	0.01169	0.01759	0.01459	0.01518	0.01564	0.09517	0.01299	0.00845	0.01299	0.00725	0.01169	0.00695	0.00859	0.01587	0.00222	0.71873	0.00473	0.00232	0.00584
33	0.00634	0.00453	0.00604	0.00725	0.00755	0.00423	0.00483	0.00725	0.00997	0.01329	0.02870	0.81358	0.03444	0.01632	0.00665	0.00211	0.00302	0.01480	0.00483	0.00423
34	0.01876	0.06879	0.05611	0.01279	0.01629	0.47420	0.01042	0.24542	0.01725	0.01897	0.00941	0.01035	0.00735	0.00556	0.00478	0.00141	0.00797	0.00375	0.00339	0.00701
35	0.02118	0.01236	0.01425	0.01093	0.01504	0.01285	0.00903	0.47869	0.02076	0.32652	0.01563	0.01453	0.01043	0.00633	0.00522	0.00158	0.00523	0.00490	0.00569	0.00886
36	0.00677	0.00525	0.00612	0.00600	0.00739	0.00464	0.00444	0.00857	0.01302	0.01715	0.39456	0.08955	0.37579	0.02947	0.00662	0.00179	0.00263	0.01040	0.00522	0.00460
37	0.00620	0.00528	0.00534	0.00532	0.00706	0.00442	0.00399	0.00756	0.01197	0.01432	0.07936	0.04971	0.75562	0.01310	0.00615	0.00175	0.00263	0.01093	0.00487	0.00442
38	0.16416	0.01160	0.01451	0.01633	0.24567	0.01235	0.01023	0.24628	0.05517	0.06661	0.05784	0.05204	0.01228	0.00630	0.00497	0.00161	0.00509	0.00519	0.00415	0.00762
39	0.85377	0.01007	0.00765	0.00685	0.01007	0.01168	0.00564	0.01531	0.00886	0.02336	0.00725	0.00846	0.00564	0.00483	0.00322	0.00161	0.00403	0.00282	0.00322	0.00564
40	0.01019	0.00531	0.00536	0.00519	0.00654	0.00539	0.00394	0.04788	0.01156	0.02005	0.01678	0.01909	0.01314	0.00608	0.00371	0.00123	0.00258	0.00485	0.80609	0.00504
41	0.01498	0.01100	0.01175	0.00945	0.01274	0.01158	0.00766	0.46471	0.01956	0.05359	0.02739	0.02633	0.28938	0.00877	0.00555	0.00164	0.00456	0.00699	0.00512	0.00724

[dist]
# distance from previous block
# <min> <max>
5	14

[block]
# block no. 1 follows, 47 sequences, length 25
# corresponding to MSA columns:
# 217-241
name=unknown_B
#
# <colnr> <probs for GDERKNQSTAVLIFYWHMCP>
#	G	D	E	R	K	N	Q	S	T	A	V	L	I	F	Y	W	H	M	C	P
0	0.01460	0.01285	0.01836	0.03426	0.01831	0.03016	0.20808	0.23882	0.12634	0.03972	0.01263	0.02985	0.00981	0.00618	0.00679	0.00167	0.10201	0.00528	0.00391	0.08038
1	0.01433	0.01075	0.01347	0.01229	0.06302	0.01160	0.06091	0.02480	0.50488	0.14889	0.06182	0.01944	0.01620	0.00682	0.00538	0.00172	0.00453	0.00591	0.00516	0.00808
2	0.01330	0.28548	0.23172	0.01459	0.02014	0.01488	0.24727	0.01703	0.01160	0.08238	0.00999	0.01165	0.00758	0.00474	0.00481	0.00150	0.00704	0.00433	0.00271	0.00725
3	0.00917	0.01996	0.54580	0.01248	0.01787	0.00964	0.01475	0.01361	0.01068	0.01550	0.01538	0.26100	0.01527	0.00849	0.00548	0.00179	0.00624	0.00726	0.00302	0.00662
4	0.01309	0.00688	0.00898	0.00772	0.00999	0.00634	0.00604	0.01617	0.06301	0.27807	0.47840	0.03057	0.03488	0.00901	0.00579	0.00164	0.00322	0.00779	0.00594	0.00645
5	0.01701	0.00826	0.01048	0.00849	0.01148	0.00774	0.00683	0.11808	0.01586	0.39846	0.25636	0.02374	0.02368	0.00770	0.00541	0.00159	0.00386	0.00644	0.06115	0.00737
6	0.33322	0.01002	0.01129	0.12145	0.05055	0.01098	0.00833	0.09701	0.06244	0.17487	0.01314	0.06348	0.01023	0.00622	0.00456	0.00166	0.00474	0.00480	0.00416	0.00685
7	0.00653	0.00491	0.00593	0.00656	0.00740	0.00446	0.00458	0.00766	0.01080	0.01392	0.08741	0.43450	0.26721	0.07397	0.00795	0.00220	0.00308	0.04189	0.00477	0.00427
8	0.02336	0.00886	0.01209	0.00927	0.01329	0.00765	0.00765	0.02538	0.01491	0.78810	0.02055	0.01773	0.01289	0.00645	0.00524	0.00161	0.00443	0.00524	0.00645	0.00886
9	0.00737	0.00532	0.00696	0.00655	0.00778	0.00491	0.00491	0.00983	0.01474	0.02088	0.78175	0.03890	0.04914	0.01065	0.00614	0.00164	0.00246	0.00942	0.00573	0.00491
10	0.01053	0.00872	0.01047	0.01040	0.05103	0.00931	0.02581	0.06639	0.31662	0.01901	0.07860	0.18571	0.11417	0.01017	0.00587	0.00185	0.00398	0.05991	0.00493	0.00651
11	0.02130	0.01208	0.04453	0.01067	0.01491	0.01153	0.00909	0.34831	0.01893	0.42827	0.01660	0.01518	0.01088	0.00630	0.00521	0.00159	0.00513	0.00494	0.00574	0.00881
12	0.02336	0.00886	0.01209	0.00927	0.01329	0.00765	0.00765	0.02538	0.01491	0.78810	0.02055	0.01773	0.01289	0.00645	0.00524	0.00161	0.00443	0.00524	0.00645	0.00886
13	0.00681	0.00532	0.00625	0.00654	0.00792	0.00476	0.00504	0.00848	0.01219	0.01552	0.18116	0.14365	0.41768	0.01332	0.00640	0.00190	0.00304	0.14449	0.00500	0.00454
14	0.01202	0.23464	0.04746	0.40246	0.12722	0.06567	0.01302	0.01490	0.01096	0.01359	0.00870	0.01183	0.00702	0.00493	0.00464	0.00151	0.00665	0.00401	0.00235	0.00644
15	0.00747	0.00544	0.00767	0.00767	0.00835	0.00613	0.00563	0.00885	0.00816	0.01157	0.01459	0.02402	0.01457	0.24249	0.59503	0.00750	0.01162	0.00610	0.00289	0.00426
16	0.01139	0.01139	0.01595	0.01367	0.01367	0.01595	0.01139	0.01253	0.00798	0.01253	0.00684	0.01139	0.00684	0.00911	0.01709	0.00228	0.80745	0.00456	0.00228	0.00570
17	0.01243	0.01357	0.01745	0.51241	0.03004	0.19674	0.11475	0.01553	0.01169	0.01363	0.00914	0.01285	0.00702	0.00513	0.00521	0.00165	0.00777	0.00453	0.00244	0.00601
18	0.01025	0.06476	0.10592	0.19894	0.07665	0.01021	0.01098	0.06108	0.06457	0.01603	0.01724	0.20635	0.01728	0.00912	0.00566	0.00184	0.00540	0.10796	0.00363	0.00613
19	0.01459	0.00969	0.01335	0.01463	0.17263	0.05813	0.04356	0.01697	0.01303	0.25030	0.02150	0.03105	0.06993	0.00885	0.00590	0.00184	0.00529	0.23725	0.00461	0.00690
20	0.01272	0.01220	0.02083	0.07482	0.74296	0.01233	0.01590	0.01583	0.01178	0.01681	0.00977	0.01294	0.00818	0.00467	0.00516	0.00156	0.00623	0.00464	0.00256	0.00811
21	0.22906	0.17292	0.18669	0.01177	0.03615	0.01377	0.07436	0.10639	0.01231	0.07272	0.00980	0.01106	0.00742	0.00603	0.02763	0.00173	0.00612	0.00384	0.00319	0.00706
22	0.16717	0.27926	0.07181	0.01215	0.01670	0.01515	0.17299	0.10626	0.01270	0.08606	0.00989	0.01110	0.00756	0.00493	0.00442	0.00148	0.00604	0.00403	0.00322	0.00708
23	0.01945	0.02482	0.01476	0.01342	0.01610	0.79608	0.01006	0.02079	0.01476	0.01275	0.00805	0.00939	0.00671	0.00537	0.00470	0.00134	0.00939	0.00335	0.00268	0.00604
24	0.38495	0.01014	0.00937	0.00837	0.01080	0.06203	0.00666	0.11341	0.01122	0.02014	0.01045	0.01368	0.00889	0.05093	0.19208	0.00334	0.03055	0.00412	0.04316	0.00571

[dist]
# distance from previous block
# <min> <max>
0	1

[block]
# block no. 2 follows, 47 sequences, length 93
# corresponding to MSA columns:
# 243-267,271-323,328-335,353-359
name=unknown_C
#
# <colnr> <probs for GDERKNQSTAVLIFYWHMCP>
#	G	D	E	R	K	N	Q	S	T	A	V	L	I	F	Y	W	H	M	C	P
0	0.04144	0.12106	0.25301	0.05643	0.16234	0.05582	0.16722	0.01678	0.01165	0.05226	0.00978	0.01191	0.00746	0.00482	0.00498	0.00157	0.00714	0.00437	0.00263	0.00733
1	0.00724	0.00532	0.00678	0.00641	0.00770	0.00486	0.00481	0.00957	0.01443	0.02014	0.70248	0.04012	0.12887	0.01092	0.00614	0.00165	0.00248	0.00959	0.00564	0.00486
2	0.00971	0.00485	0.00485	0.00485	0.00607	0.00485	0.00364	0.01213	0.01092	0.01942	0.01699	0.01942	0.01335	0.00607	0.00364	0.00121	0.00243	0.00485	0.84589	0.00485
3	0.00735	0.00551	0.00783	0.04899	0.04619	0.00543	0.00675	0.00887	0.01060	0.01405	0.02655	0.54300	0.03069	0.01472	0.00664	0.00214	0.00382	0.20163	0.00459	0.00464
4	0.00839	0.00599	0.00839	0.00959	0.01079	0.00599	0.00839	0.01079	0.01199	0.01558	0.02757	0.05874	0.02997	0.01439	0.00719	0.00240	0.00480	0.74945	0.00480	0.00480
5	0.85377	0.01007	0.00765	0.00685	0.01007	0.01168	0.00564	0.01531	0.00886	0.02336	0.00725	0.00846	0.00564	0.00483	0.00322	0.00161	0.00403	0.00282	0.00322	0.00564
6	0.01289	0.01237	0.02114	0.03196	0.78450	0.01237	0.01598	0.01598	0.01186	0.01701	0.00980	0.01289	0.00825	0.00464	0.00516	0.00155	0.00619	0.00464	0.00258	0.00825
7	0.00747	0.00547	0.00781	0.00781	0.00855	0.00621	0.00581	0.00894	0.00820	0.01168	0.01446	0.02328	0.01424	0.20032	0.63676	0.00768	0.01210	0.00599	0.00287	0.00434
8	0.01139	0.01139	0.01595	0.01367	0.01367	0.01595	0.01139	0.01253	0.00798	0.01253	0.00684	0.01139	0.00684	0.00911	0.01709	0.00228	0.80745	0.00456	0.00228	0.00570
9	0.01945	0.02482	0.01476	0.01342	0.01610	0.79608	0.01006	0.02079	0.01476	0.01275	0.00805	0.00939	0.00671	0.00537	0.00470	0.00134	0.00939	0.00335	0.00268	0.00604
10	0.00673	0.00530	0.00607	0.00588	0.00739	0.00464	0.00441	0.00859	0.01323	0.01729	0.39699	0.04482	0.43614	0.01199	0.00615	0.00170	0.00255	0.01025	0.00526	0.00464
11	0.00634	0.00453	0.00604	0.00725	0.00755	0.00423	0.00483	0.00725	0.00997	0.01329	0.02870	0.81358	0.03444	0.01632	0.00665	0.00211	0.00302	0.01480	0.00483	0.00423
12	0.00744	0.00558	0.00837	0.00837	0.00930	0.00651	0.00651	0.00930	0.00837	0.01209	0.01395	0.02046	0.01302	0.03906	0.79635	0.00837	0.01395	0.00558	0.00279	0.00465
13	0.00621	0.00528	0.00535	0.00533	0.00707	0.00442	0.00400	0.00758	0.01200	0.01438	0.08609	0.04960	0.74885	0.01307	0.00615	0.00175	0.00263	0.01092	0.00488	0.00442
14	0.17969	0.00909	0.01125	0.00881	0.01269	0.00841	0.00727	0.02348	0.01377	0.64414	0.01804	0.01598	0.01153	0.00614	0.00486	0.00161	0.00436	0.00478	0.00584	0.00826
15	0.00660	0.00472	0.00632	0.00739	0.00785	0.00444	0.00514	0.00776	0.01053	0.01411	0.08997	0.68598	0.03526	0.01569	0.00665	0.00210	0.00313	0.07711	0.00490	0.00433
16	0.01032	0.00975	0.01650	0.68172	0.15482	0.01170	0.01470	0.01373	0.01064	0.01389	0.00934	0.01373	0.00715	0.00512	0.00520	0.00171	0.00682	0.00463	0.00236	0.00618
17	0.00950	0.00799	0.00847	0.00787	0.01010	0.00840	0.00604	0.01714	0.36295	0.01856	0.12888	0.03405	0.32442	0.00993	0.00571	0.00174	0.00329	0.00834	0.02037	0.00624
18	0.01491	0.00790	0.00896	0.00764	0.01018	0.00800	0.00606	0.09767	0.12747	0.22687	0.01809	0.01824	0.01313	0.00634	0.00448	0.00144	0.00356	0.00509	0.40710	0.00685
19	0.00905	0.00452	0.00678	0.00678	0.00678	0.00452	0.00452	0.00678	0.00678	0.00905	0.00905	0.01583	0.00905	0.01809	0.02035	0.84848	0.00452	0.00452	0.00226	0.00226
20	0.01446	0.74298	0.02607	0.00935	0.01363	0.09582	0.00902	0.01610	0.01099	0.01230	0.00732	0.00845	0.00669	0.00454	0.00347	0.00114	0.00594	0.00284	0.00227	0.00662
21	0.00905	0.00452	0.00678	0.00678	0.00678	0.00452	0.00452	0.00678	0.00678	0.00905	0.00905	0.01583	0.00905	0.01809	0.02035	0.84848	0.00452	0.00452	0.00226	0.00226
22	0.74500	0.05106	0.00928	0.00736	0.01072	0.01249	0.00614	0.07540	0.01020	0.02356	0.00767	0.00878	0.00595	0.00493	0.00339	0.00158	0.00424	0.00297	0.00333	0.00595
23	0.00680	0.00503	0.00636	0.00660	0.00758	0.00458	0.00473	0.00852	0.01255	0.01704	0.39221	0.32226	0.16030	0.01311	0.00633	0.00183	0.00269	0.01163	0.00526	0.00458
24	0.01100	0.05138	0.26438	0.39359	0.11359	0.04896	0.01571	0.01508	0.01097	0.01467	0.00920	0.01240	0.00696	0.00503	0.00501	0.00164	0.00715	0.00424	0.00232	0.00672
25	0.01392	0.82012	0.02729	0.00891	0.01337	0.02061	0.00891	0.01559	0.01058	0.01225	0.00724	0.00835	0.00668	0.00446	0.00334	0.00111	0.00557	0.00278	0.00223	0.00668
26	0.01980	0.01459	0.01563	0.01198	0.01615	0.01615	0.00990	0.76713	0.02448	0.03282	0.01250	0.01250	0.00886	0.00625	0.00521	0.00156	0.00573	0.00469	0.00521	0.00886
27	0.07564	0.06755	0.31573	0.01160	0.01671	0.05624	0.01225	0.05699	0.11523	0.16254	0.01487	0.01486	0.04541	0.00595	0.00488	0.00161	0.00597	0.00459	0.00379	0.00759
28	0.00731	0.00538	0.00651	0.00618	0.00765	0.00480	0.00465	0.00938	0.01379	0.03511	0.52211	0.04219	0.29305	0.01140	0.00613	0.00168	0.00256	0.00985	0.00545	0.00483
29	0.00722	0.00532	0.00675	0.00639	0.00769	0.00485	0.00479	0.00953	0.01438	0.02002	0.68935	0.04032	0.14208	0.01097	0.00614	0.00165	0.00248	0.00962	0.00562	0.00485
30	0.00973	0.00716	0.01051	0.22594	0.06382	0.00765	0.00840	0.01244	0.01276	0.06451	0.36684	0.02616	0.02758	0.00796	0.00578	0.00163	0.02586	0.00690	0.10277	0.00561
31	0.01285	0.01397	0.05479	0.07189	0.07280	0.16183	0.25713	0.01615	0.03644	0.05439	0.06972	0.12551	0.01475	0.00697	0.00567	0.00169	0.00691	0.00667	0.00340	0.00645
32	0.00634	0.00453	0.00604	0.00725	0.00755	0.00423	0.00483	0.00725	0.00997	0.01329	0.02870	0.81358	0.03444	0.01632	0.00665	0.00211	0.00302	0.01480	0.00483	0.00423
33	0.00634	0.00453	0.00604	0.00725	0.00755	0.00423	0.00483	0.00725	0.00997	0.01329	0.02870	0.81358	0.03444	0.01632	0.00665	0.00211	0.00302	0.01480	0.00483	0.00423
34	0.08863	0.17049	0.21893	0.01115	0.02835	0.05114	0.05721	0.01507	0.04774	0.01747	0.20947	0.03198	0.01857	0.00659	0.00490	0.00154	0.00547	0.00541	0.00346	0.00644
35	0.01469	0.02102	0.53037	0.01304	0.01951	0.01078	0.01542	0.03433	0.01249	0.25895	0.01292	0.01314	0.00862	0.00544	0.00504	0.00164	0.00663	0.00430	0.00359	0.00809
36	0.00622	0.00530	0.00536	0.00539	0.00714	0.00444	0.00408	0.00756	0.01187	0.01411	0.05207	0.05035	0.76197	0.01322	0.00618	0.00178	0.00270	0.03102	0.00483	0.00441
37	0.00748	0.00540	0.00746	0.00746	0.00807	0.00601	0.00537	0.00871	0.00810	0.01141	0.01478	0.02508	0.01503	0.30302	0.53513	0.00724	0.01093	0.00626	0.00291	0.00414
38	0.01333	0.01867	0.38278	0.08053	0.11934	0.01188	0.03865	0.11881	0.01333	0.09793	0.01136	0.01285	0.00814	0.00529	0.00504	0.00161	0.00663	0.00439	0.04170	0.00774
39	0.00971	0.00485	0.00485	0.00485	0.00607	0.00485	0.00364	0.01213	0.01092	0.01942	0.01699	0.01942	0.01335	0.00607	0.00364	0.00121	0.00243	0.00485	0.84589	0.00485
40	0.01045	0.02694	0.79000	0.01484	0.02254	0.01209	0.01924	0.01649	0.01099	0.01649	0.00935	0.01099	0.00660	0.00495	0.00495	0.00165	0.00770	0.00385	0.00220	0.00770
41	0.01308	0.01304	0.01994	0.08409	0.62516	0.07235	0.01514	0.01595	0.01174	0.01615	0.00944	0.01260	0.00795	0.00501	0.00586	0.00159	0.05609	0.00454	0.00255	0.00775
42	0.01295	0.01119	0.01178	0.01060	0.01354	0.01295	0.00824	0.02767	0.77509	0.02178	0.02120	0.01943	0.01590	0.00707	0.00530	0.00177	0.00412	0.00589	0.00530	0.00824
43	0.00756	0.00512	0.00604	0.00604	0.00616	0.00524	0.00360	0.00780	0.00768	0.01036	0.01608	0.03226	0.01814	0.71311	0.12930	0.00549	0.00624	0.00731	0.00311	0.00335
44	0.01045	0.02694	0.79000	0.01484	0.02254	0.01209	0.01924	0.01649	0.01099	0.01649	0.00935	0.01099	0.00660	0.00495	0.00495	0.00165	0.00770	0.00385	0.00220	0.00770
45	0.00983	0.00926	0.01562	0.80447	0.03587	0.01157	0.01446	0.01331	0.01041	0.01331	0.00926	0.01388	0.00694	0.00521	0.00521	0.00174	0.00694	0.00463	0.00231	0.00579
46	0.00624	0.00496	0.00560	0.00612	0.00726	0.00432	0.00433	0.00738	0.01105	0.01374	0.04243	0.37774	0.46143	0.01453	0.00637	0.00191	0.00280	0.01263	0.00484	0.00432
47	0.00757	0.00505	0.00568	0.00568	0.00568	0.00505	0.00316	0.00757	0.00757	0.01010	0.01641	0.03408	0.01893	0.81698	0.02651	0.00505	0.00505	0.00757	0.00316	0.00316
48	0.00634	0.00453	0.00604	0.00725	0.00755	0.00423	0.00483	0.00725	0.00997	0.01329	0.02870	0.81358	0.03444	0.01632	0.00665	0.00211	0.00302	0.01480	0.00483	0.00423
49	0.85377	0.01007	0.00765	0.00685	0.01007	0.01168	0.00564	0.01531	0.00886	0.02336	0.00725	0.00846	0.00564	0.00483	0.00322	0.00161	0.00403	0.00282	0.00322	0.00564
50	0.02336	0.00886	0.01209	0.00927	0.01329	0.00765	0.00765	0.02538	0.01491	0.78810	0.02055	0.01773	0.01289	0.00645	0.00524	0.00161	0.00443	0.00524	0.00645	0.00886
51	0.00631	0.00465	0.00592	0.00694	0.00747	0.00426	0.00469	0.00729	0.01027	0.01342	0.03252	0.69228	0.15328	0.01582	0.00657	0.00206	0.00296	0.01420	0.00483	0.00426
52	0.00757	0.00505	0.00568	0.00568	0.00568	0.00505	0.00316	0.00757	0.00757	0.01010	0.01641	0.03408	0.01893	0.81698	0.02651	0.00505	0.00505	0.00757	0.00316	0.00316
53	0.85377	0.01007	0.00765	0.00685	0.01007	0.01168	0.00564	0.01531	0.00886	0.02336	0.00725	0.00846	0.00564	0.00483	0.00322	0.00161	0.00403	0.00282	0.00322	0.00564
54	0.01247	0.00898	0.00999	0.00783	0.01128	0.00825	0.00624	0.13530	0.06357	0.04469	0.01311	0.01430	0.01020	0.00516	0.00415	0.00112	0.00379	0.00410	0.24266	0.39281
55	0.01604	0.01913	0.01526	0.01352	0.01507	0.46551	0.01063	0.01729	0.01188	0.01266	0.00754	0.01024	0.00676	0.00695	0.00995	0.00174	0.34756	0.00386	0.00251	0.00589
56	0.02336	0.00886	0.01209	0.00927	0.01329	0.00765	0.00765	0.02538	0.01491	0.78810	0.02055	0.01773	0.01289	0.00645	0.00524	0.00161	0.00443	0.00524	0.00645	0.00886
57	0.01080	0.00926	0.01080	0.00771	0.01234	0.00694	0.00617	0.01311	0.01080	0.01697	0.00926	0.01080	0.00771	0.00386	0.00386	0.00077	0.00386	0.00309	0.00309	0.84882
58	0.01077	0.01044	0.01458	0.01266	0.01275	0.01436	0.01041	0.01191	0.00799	0.01234	0.00812	0.01368	0.00818	0.06203	0.09325	0.00304	0.68082	0.00484	0.00238	0.00544
59	0.00751	0.00502	0.00570	0.00576	0.00577	0.00501	0.00324	0.00756	0.00769	0.01026	0.01703	0.07318	0.01971	0.77683	0.02551	0.00490	0.00495	0.00794	0.00324	0.00321
60	0.00615	0.00528	0.00528	0.00528	0.00703	0.00440	0.00396	0.00747	0.01187	0.01407	0.05276	0.05012	0.78238	0.01319	0.00615	0.00176	0.00264	0.01099	0.00484	0.00440
61	0.02336	0.00886	0.01209	0.00927	0.01329	0.00765	0.00765	0.02538	0.01491	0.78810	0.02055	0.01773	0.01289	0.00645	0.00524	0.00161	0.00443	0.00524	0.00645	0.00886
62	0.85377	0.01007	0.00765	0.00685	0.01007	0.01168	0.00564	0.01531	0.00886	0.02336	0.00725	0.00846	0.00564	0.00483	0.00322	0.00161	0.00403	0.00282	0.00322	0.00564
63	0.00905	0.00452	0.00678	0.00678	0.00678	0.00452	0.00452	0.00678	0.00678	0.00905	0.00905	0.01583	0.00905	0.01809	0.02035	0.84848	0.00452	0.00452	0.00226	0.00226
64	0.01094	0.01039	0.01763	0.52368	0.30797	0.01186	0.01501	0.01428	0.01094	0.01465	0.00945	0.01352	0.00742	0.00500	0.00519	0.00167	0.00667	0.00463	0.00241	0.00668
65	0.01980	0.01459	0.01563	0.01198	0.01615	0.01615	0.00990	0.76713	0.02448	0.03282	0.01250	0.01250	0.00886	0.00625	0.00521	0.00156	0.00573	0.00469	0.00521	0.00886
66	0.01392	0.82012	0.02729	0.00891	0.01337	0.02061	0.00891	0.01559	0.01058	0.01225	0.00724	0.00835	0.00668	0.00446	0.00334	0.00111	0.00557	0.00278	0.00223	0.00668
67	0.00757	0.00505	0.00568	0.00568	0.00568	0.00505	0.00316	0.00757	0.00757	0.01010	0.01641	0.03408	0.01893	0.81698	0.02651	0.00505	0.00505	0.00757	0.00316	0.00316
68	0.01402	0.01529	0.01992	0.19956	0.12336	0.21709	0.21711	0.06338	0.03028	0.01596	0.01027	0.03095	0.00826	0.00531	0.00536	0.00161	0.00775	0.00497	0.00284	0.00672
69	0.01405	0.80194	0.02700	0.00901	0.01343	0.03833	0.00894	0.01571	0.01068	0.01226	0.00726	0.00838	0.00668	0.00448	0.00337	0.00112	0.00566	0.00280	0.00224	0.00667
70	0.01229	0.01405	0.03073	0.02195	0.02722	0.01317	0.76558	0.01668	0.01229	0.01668	0.01054	0.01405	0.00790	0.00439	0.00615	0.00176	0.00878	0.00615	0.00263	0.00702
71	0.01350	0.51616	0.02270	0.01050	0.01360	0.06037	0.00958	0.01582	0.05745	0.01294	0.00804	0.00989	0.00729	0.00588	0.00713	0.00147	0.21527	0.00347	0.00246	0.00649
72	0.01045	0.02694	0.79000	0.01484	0.02254	0.01209	0.01924	0.01649	0.01099	0.01649	0.00935	0.01099	0.00660	0.00495	0.00495	0.00165	0.00770	0.00385	0.00220	0.00770
73	0.01945	0.02482	0.01476	0.01342	0.01610	0.79608	0.01006	0.02079	0.01476	0.01275	0.00805	0.00939	0.00671	0.00537	0.00470	0.00134	0.00939	0.00335	0.00268	0.00604
74	0.00837	0.00656	0.00777	0.00778	0.00915	0.00672	0.00569	0.01338	0.21037	0.01794	0.26532	0.31611	0.08055	0.01193	0.00611	0.00185	0.00311	0.01056	0.00524	0.00550
75	0.01045	0.00959	0.01562	0.75541	0.03465	0.01185	0.01418	0.05997	0.01128	0.01451	0.00946	0.01380	0.00706	0.00527	0.00521	0.00172	0.00687	0.00463	0.00249	0.00598
76	0.02336	0.00886	0.01209	0.00927	0.01329	0.00765	0.00765	0.02538	0.01491	0.78810	0.02055	0.01773	0.01289	0.00645	0.00524	0.00161	0.00443	0.00524	0.00645	0.00886
77	0.00777	0.00562	0.00755	0.00815	0.00923	0.00547	0.00654	0.01022	0.03166	0.01709	0.28136	0.19467	0.03692	0.01331	0.00669	0.00207	0.00365	0.34208	0.00513	0.00481
78	0.00737	0.00532	0.00696	0.00655	0.00778	0.00491	0.00491	0.00983	0.01474	0.02088	0.78175	0.03890	0.04914	0.01065	0.00614	0.00164	0.00246	0.00942	0.00573	0.00491
79	0.00750	0.00534	0.00713	0.00713	0.00763	0.00584	0.00497	0.00850	0.00800	0.01117	0.01508	0.02673	0.01574	0.39726	0.44187	0.00684	0.00985	0.00650	0.00296	0.00396
80	0.00756	0.00508	0.00585	0.00585	0.00590	0.00514	0.00336	0.00768	0.00762	0.01022	0.01626	0.03324	0.01857	0.76883	0.07416	0.00525	0.00560	0.00745	0.00313	0.00325
81	0.00637	0.00455	0.00606	0.00724	0.00756	0.00424	0.00484	0.00731	0.01007	0.01346	0.04475	0.79707	0.03476	0.01619	0.00664	0.00210	0.00301	0.01469	0.00485	0.00424
82	0.01177	0.01262	0.06549	0.03557	0.25734	0.01450	0.01339	0.01388	0.00943	0.01420	0.00797	0.01189	0.00727	0.00737	0.01234	0.00200	0.48943	0.00454	0.00237	0.00663
83	0.01139	0.01139	0.01595	0.01367	0.01367	0.01595	0.01139	0.01253	0.00798	0.01253	0.00684	0.01139	0.00684	0.00911	0.01709	0.00228	0.80745	0.00456	0.00228	0.00570
84	0.02268	0.00997	0.01277	0.00979	0.01384	0.00929	0.00809	0.16844	0.01675	0.64243	0.01899	0.01672	0.01211	0.00641	0.00523	0.00160	0.00468	0.00513	0.00621	0.00886
85	0.08294	0.01022	0.01179	0.01097	0.06057	0.01093	0.00813	0.02458	0.41527	0.23880	0.01899	0.01766	0.01363	0.00651	0.00503	0.00167	0.00425	0.00533	0.04466	0.00805
86	0.01353	0.01175	0.01703	0.30148	0.23014	0.05152	0.04814	0.13775	0.01375	0.06561	0.01281	0.01523	0.04690	0.00567	0.00526	0.00163	0.00638	0.00500	0.00327	0.00714
87	0.01377	0.01363	0.21330	0.02563	0.01634	0.00970	0.07588	0.04200	0.11755	0.21499	0.01811	0.14731	0.01539	0.00794	0.00558	0.00178	0.00548	0.04390	0.00441	0.00731
88	0.02883	0.05398	0.01994	0.39712	0.13171	0.01268	0.17991	0.06583	0.01197	0.01616	0.00985	0.01341	0.00756	0.00499	0.00523	0.00166	0.00693	0.00484	0.02077	0.00663
89	0.01101	0.00607	0.00808	0.00822	0.00966	0.00569	0.00618	0.01301	0.04484	0.19989	0.02625	0.47809	0.02781	0.01326	0.00633	0.00202	0.00367	0.11907	0.00524	0.00560
90	0.01126	0.01110	0.06191	0.04968	0.05313	0.01086	0.11462	0.03367	0.34217	0.01888	0.05238	0.05299	0.08575	0.00773	0.00559	0.00176	0.00499	0.04377	0.03074	0.00702
91	0.00693	0.00489	0.00638	0.00699	0.00732	0.00492	0.00465	0.00774	0.00893	0.01209	0.02211	0.42331	0.02559	0.26444	0.16500	0.00421	0.00575	0.01082	0.00393	0.00398
92	0.01120	0.00997	0.01092	0.00811	0.01246	0.04413	0.00642	0.01406	0.04930	0.01692	0.01027	0.03080	0.00873	0.00439	0.00404	0.00088	0.00411	0.00353	0.00322	0.74653

[dist]
# distance from previous block
# <min> <max>
0	6

[block]
# block no. 3 follows, 47 sequences, length 48
# corresponding to MSA columns:
# 374-421
name=unknown_D
#
# <colnr> <probs for GDERKNQSTAVLIFYWHMCP>
#	G	D	E	R	K	N	Q	S	T	A	V	L	I	F	Y	W	H	M	C	P
0	0.01091	0.06660	0.36167	0.06978	0.02258	0.01237	0.23958	0.01550	0.01155	0.01633	0.08114	0.01455	0.01097	0.00546	0.00582	0.00168	0.03880	0.00507	0.00267	0.00697
1	0.06307	0.10463	0.04986	0.09420	0.02313	0.08283	0.41375	0.03158	0.01200	0.01624	0.00977	0.01265	0.00757	0.00480	0.00551	0.00162	0.02361	0.00499	0.03154	0.00665
2	0.04663	0.05580	0.35390	0.01100	0.01544	0.01005	0.01191	0.02946	0.08653	0.01637	0.01769	0.17776	0.06684	0.00864	0.00579	0.02933	0.00550	0.02434	0.00341	0.02362
3	0.00975	0.00912	0.01541	0.66650	0.03208	0.01107	0.04626	0.01310	0.01080	0.01404	0.06279	0.01731	0.01077	0.00599	0.00566	0.00177	0.02489	0.03431	0.00266	0.00574
4	0.01218	0.03906	0.06375	0.01666	0.05782	0.01174	0.35800	0.09256	0.01301	0.01791	0.01290	0.04643	0.01135	0.00624	0.00592	0.00167	0.02363	0.09159	0.00324	0.11433
5	0.00896	0.00722	0.00825	0.00819	0.00977	0.00761	0.00603	0.01531	0.29689	0.01774	0.14673	0.31752	0.10569	0.01165	0.00601	0.00187	0.00330	0.01024	0.00515	0.00585
6	0.01138	0.01074	0.01780	0.36311	0.38976	0.01152	0.01442	0.01456	0.01114	0.01541	0.00951	0.01312	0.00764	0.00481	0.00506	0.00156	0.00630	0.00449	0.00251	0.08518
7	0.00757	0.00505	0.00568	0.00568	0.00568	0.00505	0.00316	0.00757	0.00757	0.01010	0.01641	0.03408	0.01893	0.81698	0.02651	0.00505	0.00505	0.00757	0.00316	0.00316
8	0.00615	0.00528	0.00528	0.00528	0.00703	0.00440	0.00396	0.00747	0.01187	0.01407	0.05276	0.05012	0.78238	0.01319	0.00615	0.00176	0.00264	0.01099	0.00484	0.00440
9	0.01370	0.76936	0.07610	0.00929	0.01395	0.02006	0.00957	0.01565	0.01061	0.01252	0.00737	0.00852	0.00668	0.00449	0.00344	0.00115	0.00571	0.00285	0.00223	0.00675
10	0.00700	0.00531	0.00644	0.00616	0.00755	0.00475	0.00462	0.00910	0.01386	0.01878	0.55728	0.04235	0.27491	0.01143	0.00615	0.00168	0.00251	0.00990	0.00546	0.00475
11	0.01080	0.00926	0.01080	0.00771	0.01234	0.00694	0.00617	0.01311	0.01080	0.01697	0.00926	0.01080	0.00771	0.00386	0.00386	0.00077	0.00386	0.00309	0.00309	0.84882
12	0.00615	0.00528	0.00528	0.00528	0.00703	0.00440	0.00396	0.00747	0.01187	0.01407	0.05276	0.05012	0.78238	0.01319	0.00615	0.00176	0.00264	0.01099	0.00484	0.00440
13	0.01101	0.15683	0.66510	0.01387	0.02104	0.01349	0.01755	0.01634	0.01093	0.01580	0.00900	0.01056	0.00661	0.00487	0.00468	0.00156	0.00735	0.00367	0.00220	0.00753
14	0.01980	0.01459	0.01563	0.01198	0.01615	0.01615	0.00990	0.76713	0.02448	0.03282	0.01250	0.01250	0.00886	0.00625	0.00521	0.00156	0.00573	0.00469	0.00521	0.00886
15	0.00971	0.00485	0.00485	0.00485	0.00607	0.00485	0.00364	0.01213	0.01092	0.01942	0.01699	0.01942	0.01335	0.00607	0.00364	0.00121	0.00243	0.00485	0.84589	0.00485
16	0.85377	0.01007	0.00765	0.00685	0.01007	0.01168	0.00564	0.01531	0.00886	0.02336	0.00725	0.00846	0.00564	0.00483	0.00322	0.00161	0.00403	0.00282	0.00322	0.00564
17	0.01176	0.01122	0.01910	0.31736	0.50792	0.01208	0.01542	0.01499	0.01132	0.01564	0.00960	0.01326	0.00777	0.00485	0.00517	0.00162	0.00647	0.00464	0.00248	0.00734
18	0.02163	0.01164	0.01380	0.01058	0.01468	0.01177	0.00874	0.38498	0.01955	0.42195	0.01665	0.01519	0.01093	0.00635	0.00522	0.00159	0.00506	0.00497	0.00585	0.00886
19	0.01990	0.01320	0.01462	0.01134	0.01538	0.01424	0.00933	0.56126	0.08700	0.17695	0.01479	0.01410	0.01023	0.00636	0.00522	0.00159	0.00534	0.00490	0.00545	0.00880
20	0.01080	0.00926	0.01080	0.00771	0.01234	0.00694	0.00617	0.01311	0.01080	0.01697	0.00926	0.01080	0.00771	0.00386	0.00386	0.00077	0.00386	0.00309	0.00309	0.84882
21	0.00647	0.00462	0.00618	0.00739	0.00775	0.00434	0.00505	0.00746	0.01009	0.01343	0.02864	0.76854	0.03418	0.01620	0.00668	0.00213	0.00313	0.05865	0.00483	0.00426
22	0.00983	0.00926	0.01562	0.80447	0.03587	0.01157	0.01446	0.01331	0.01041	0.01331	0.00926	0.01388	0.00694	0.00521	0.00521	0.00174	0.00694	0.00463	0.00231	0.00579
23	0.00724	0.00554	0.00666	0.00634	0.00779	0.00508	0.00477	0.00985	0.04381	0.01894	0.54036	0.04139	0.26055	0.01124	0.00611	0.00168	0.00257	0.00974	0.00546	0.00489
24	0.02321	0.00911	0.01224	0.00938	0.01342	0.00802	0.00775	0.05773	0.01532	0.75516	0.02019	0.01750	0.01272	0.00644	0.00524	0.00161	0.00449	0.00521	0.00639	0.00886
25	0.00639	0.00463	0.00606	0.00717	0.00762	0.00430	0.00488	0.00738	0.01018	0.01343	0.03050	0.73165	0.09126	0.01602	0.00663	0.00210	0.00305	0.03767	0.00483	0.00426
26	0.01229	0.01405	0.03073	0.02195	0.02722	0.01317	0.76558	0.01668	0.01229	0.01668	0.01054	0.01405	0.00790	0.00439	0.00615	0.00176	0.00878	0.00615	0.00263	0.00702
27	0.02336	0.00886	0.01209	0.00927	0.01329	0.00765	0.00765	0.02538	0.01491	0.78810	0.02055	0.01773	0.01289	0.00645	0.00524	0.00161	0.00443	0.00524	0.00645	0.00886
28	0.01901	0.01683	0.01487	0.01215	0.01577	0.22659	0.00970	0.46397	0.10657	0.04403	0.01247	0.01257	0.00917	0.00611	0.00508	0.00153	0.00651	0.00448	0.00457	0.00802
29	0.02308	0.00932	0.01237	0.00948	0.01352	0.00833	0.00783	0.08416	0.01566	0.72825	0.01991	0.01731	0.01257	0.00643	0.00523	0.00161	0.00453	0.00519	0.00635	0.00886
30	0.01080	0.00926	0.01080	0.00771	0.01234	0.00694	0.00617	0.01311	0.01080	0.01697	0.00926	0.01080	0.00771	0.00386	0.00386	0.00077	0.00386	0.00309	0.00309	0.84882
31	0.01291	0.59001	0.24856	0.01063	0.01603	0.01814	0.01191	0.01585	0.01070	0.01348	0.00785	0.00912	0.00666	0.00460	0.00381	0.00127	0.00619	0.00309	0.00222	0.00698
32	0.00669	0.00521	0.00614	0.00674	0.00782	0.00477	0.00488	0.00842	0.03919	0.01425	0.05297	0.39648	0.34043	0.01443	0.00643	0.00197	0.00303	0.07077	0.00487	0.00450
33	0.00669	0.00480	0.00635	0.00701	0.00763	0.00446	0.00486	0.00812	0.01158	0.01586	0.28324	0.55174	0.03941	0.01440	0.00648	0.00195	0.00283	0.01298	0.00514	0.00446
34	0.00667	0.00476	0.00641	0.00762	0.00806	0.00451	0.00539	0.00781	0.01029	0.01365	0.02853	0.69519	0.03374	0.01601	0.00673	0.00216	0.00330	0.13003	0.00483	0.00432
35	0.00616	0.00526	0.00530	0.00533	0.00705	0.00439	0.00398	0.00747	0.01182	0.01405	0.05210	0.07096	0.76197	0.01327	0.00617	0.00177	0.00265	0.01109	0.00484	0.00439
36	0.00641	0.00456	0.00602	0.00717	0.00746	0.00427	0.00475	0.00727	0.00985	0.01314	0.02810	0.77526	0.03368	0.05568	0.00762	0.00226	0.00312	0.01445	0.00475	0.00418
37	0.00643	0.00460	0.00612	0.00719	0.00757	0.00429	0.00484	0.00746	0.01037	0.01392	0.09113	0.74936	0.03566	0.01585	0.00661	0.00208	0.00297	0.01436	0.00491	0.00429
38	0.00983	0.00926	0.01562	0.80447	0.03587	0.01157	0.01446	0.01331	0.01041	0.01331	0.00926	0.01388	0.00694	0.00521	0.00521	0.00174	0.00694	0.00463	0.00231	0.00579
39	0.00909	0.00801	0.01186	0.01070	0.01140	0.01017	0.03611	0.01068	0.00833	0.01232	0.01132	0.01754	0.01084	0.06496	0.44143	0.00571	0.30654	0.00532	0.00261	0.00505
40	0.85377	0.01007	0.00765	0.00685	0.01007	0.01168	0.00564	0.01531	0.00886	0.02336	0.00725	0.00846	0.00564	0.00483	0.00322	0.00161	0.00403	0.00282	0.00322	0.00564
41	0.02336	0.00886	0.01209	0.00927	0.01329	0.00765	0.00765	0.02538	0.01491	0.78810	0.02055	0.01773	0.01289	0.00645	0.00524	0.00161	0.00443	0.00524	0.00645	0.00886
42	0.01812	0.15569	0.03037	0.01172	0.01493	0.32383	0.00967	0.09861	0.02892	0.15804	0.01083	0.01151	0.00826	0.00592	0.00594	0.00149	0.09164	0.00393	0.00356	0.00700
43	0.01093	0.00937	0.01086	0.00789	0.01241	0.00730	0.00629	0.01398	0.05641	0.01726	0.00997	0.01131	0.00820	0.00405	0.00394	0.00083	0.00387	0.00325	0.00322	0.79866
44	0.03961	0.01365	0.01474	0.01218	0.01482	0.24379	0.18115	0.01601	0.03767	0.01612	0.01399	0.03748	0.04375	0.00684	0.02051	0.00165	0.04671	0.00521	0.22829	0.00584
45	0.01073	0.00897	0.01042	0.00753	0.01194	0.00681	0.00601	0.01305	0.01081	0.01713	0.00975	0.01135	0.00807	0.00400	0.00384	0.00080	0.00377	0.00320	0.05702	0.79481
46	0.01127	0.28626	0.01578	0.00804	0.01207	0.01129	0.00701	0.01324	0.01080	0.01494	0.01292	0.05387	0.05588	0.00569	0.00410	0.00108	0.00437	0.03659	0.00306	0.43176
47	0.01392	0.82012	0.02729	0.00891	0.01337	0.02061	0.00891	0.01559	0.01058	0.01225	0.00724	0.00835	0.00668	0.00446	0.00334	0.00111	0.00557	0.00278	0.00223	0.00668

[dist]
# distance from previous block
# <min> <max>
0	2

[block]
# block no. 4 follows, 47 sequences, length 16
# corresponding to MSA columns:
# 424-439
name=unknown_E
#
# <colnr> <probs for GDERKNQSTAVLIFYWHMCP>
#	G	D	E	R	K	N	Q	S	T	A	V	L	I	F	Y	W	H	M	C	P
0	0.72291	0.00958	0.00779	0.00689	0.01002	0.01084	0.00565	0.01587	0.00950	0.08406	0.00906	0.01004	0.00681	0.00506	0.00342	0.00158	0.00394	0.00317	0.06799	0.00584
1	0.85377	0.01007	0.00765	0.00685	0.01007	0.01168	0.00564	0.01531	0.00886	0.02336	0.00725	0.00846	0.00564	0.00483	0.00322	0.00161	0.00403	0.00282	0.00322	0.00564
2	0.01800	0.00976	0.01158	0.00939	0.01287	0.00968	0.00759	0.14922	0.17125	0.38493	0.02423	0.02214	0.13046	0.00757	0.00539	0.00166	0.00431	0.00616	0.00576	0.00805
3	0.01770	0.01358	0.01435	0.01126	0.01514	0.03609	0.00916	0.57747	0.07960	0.02888	0.01353	0.05277	0.01050	0.00656	0.00514	0.00152	0.00539	0.00509	0.00492	0.09134
4	0.01011	0.00774	0.00940	0.00735	0.01065	0.00620	0.00576	0.01247	0.01251	0.05659	0.30465	0.02187	0.02378	0.00658	0.00480	0.00114	0.00335	0.00561	0.00426	0.48519
5	0.00735	0.00575	0.00670	0.00639	0.00794	0.00534	0.00481	0.01032	0.07188	0.01841	0.45201	0.04159	0.31969	0.01132	0.00608	0.00169	0.00265	0.00973	0.00537	0.00498
6	0.00678	0.00539	0.00672	0.00725	0.00801	0.00533	0.00522	0.00788	0.01046	0.01354	0.03438	0.48249	0.26754	0.01466	0.00740	0.00202	0.07155	0.03435	0.00462	0.00442
7	0.02201	0.01103	0.01343	0.01029	0.01437	0.01087	0.00850	0.30600	0.01853	0.50237	0.01750	0.01575	0.01136	0.00637	0.00523	0.00159	0.00492	0.00503	0.00598	0.00886
8	0.00650	0.00466	0.00619	0.00714	0.00759	0.00434	0.00485	0.00765	0.01072	0.01448	0.14625	0.69266	0.03674	0.01543	0.00657	0.00204	0.00293	0.01396	0.00497	0.00434
9	0.00650	0.00464	0.00622	0.00743	0.00780	0.00436	0.00511	0.00752	0.01012	0.01347	0.02862	0.75597	0.03410	0.01617	0.00669	0.00214	0.00316	0.07088	0.00483	0.00427
10	0.01258	0.51297	0.32264	0.01121	0.01692	0.01731	0.01291	0.01594	0.01074	0.01389	0.00806	0.00938	0.00665	0.00465	0.00396	0.00132	0.00639	0.00320	0.00222	0.00708
11	0.01289	0.01237	0.02114	0.03196	0.78450	0.01237	0.01598	0.01598	0.01186	0.01701	0.00980	0.01289	0.00825	0.00464	0.00516	0.00155	0.00619	0.00464	0.00258	0.00825
12	0.00634	0.00453	0.00604	0.00725	0.00755	0.00423	0.00483	0.00725	0.00997	0.01329	0.02870	0.81358	0.03444	0.01632	0.00665	0.00211	0.00302	0.01480	0.00483	0.00423
13	0.01223	0.00787	0.00905	0.05738	0.01174	0.02448	0.00646	0.04668	0.10371	0.20211	0.05000	0.07183	0.35555	0.00998	0.00573	0.00172	0.00381	0.00833	0.00511	0.00624
14	0.01072	0.09075	0.72863	0.01437	0.02180	0.01278	0.01841	0.01642	0.01096	0.01615	0.00918	0.01078	0.00660	0.00491	0.00482	0.00161	0.00753	0.00376	0.00220	0.00761
15	0.01374	0.16425	0.01350	0.00940	0.01175	0.25925	0.00748	0.06491	0.01232	0.01501	0.01153	0.01500	0.01008	0.07255	0.12835	0.00266	0.00742	0.00430	0.17083	0.00567

[dist]
# distance from previous block
# <min> <max>
1	4

[block]
# block no. 5 follows, 47 sequences, length 25
# corresponding to MSA columns:
# 444-457,476-486
name=unknown_F
#
# <colnr> <probs for GDERKNQSTAVLIFYWHMCP>
#	G	D	E	R	K	N	Q	S	T	A	V	L	I	F	Y	W	H	M	C	P
0	0.06022	0.01595	0.01216	0.04379	0.01408	0.36066	0.00851	0.13356	0.01427	0.01753	0.01092	0.01301	0.00884	0.00939	0.09234	0.00218	0.02400	0.00412	0.14838	0.00608
1	0.00877	0.00771	0.00908	0.00893	0.01005	0.09383	0.00690	0.01057	0.00908	0.01216	0.01330	0.01923	0.01232	0.03533	0.70880	0.00759	0.01344	0.00533	0.00278	0.00480
2	0.01311	0.01135	0.01379	0.01047	0.01439	0.05520	0.09109	0.19811	0.01519	0.02122	0.13659	0.01609	0.01474	0.00570	0.00486	0.00125	0.00495	0.00487	0.00397	0.36306
3	0.00742	0.00525	0.00676	0.00686	0.00757	0.00553	0.00486	0.00861	0.00883	0.01233	0.02039	0.09095	0.10164	0.27022	0.35252	0.00560	0.00826	0.00747	0.06480	0.00415
4	0.01163	0.01766	0.25900	0.01888	0.02430	0.01315	0.45619	0.01617	0.01142	0.01617	0.00977	0.01283	0.00739	0.00508	0.00699	0.00178	0.09678	0.00527	0.00246	0.00708
5	0.00860	0.00794	0.00757	0.00818	0.00898	0.13394	0.00570	0.00975	0.01128	0.01404	0.10860	0.59626	0.03153	0.01390	0.00627	0.00194	0.00400	0.01233	0.00458	0.00460
6	0.00763	0.00771	0.09345	0.00739	0.00936	0.00567	0.00644	0.01041	0.01414	0.01995	0.64874	0.03655	0.09230	0.01018	0.00601	0.00165	0.00305	0.00890	0.00528	0.00519
7	0.01466	0.01074	0.01212	0.01030	0.01311	0.01156	0.00835	0.45382	0.01932	0.02593	0.10231	0.14408	0.02038	0.00949	0.00583	0.00178	0.00482	0.11913	0.00515	0.00710
8	0.00971	0.00485	0.00485	0.00485	0.00607	0.00485	0.00364	0.01213	0.01092	0.01942	0.01699	0.01942	0.01335	0.00607	0.00364	0.00121	0.00243	0.00485	0.84589	0.00485
9	0.00645	0.00457	0.00601	0.00712	0.00740	0.00430	0.00470	0.00728	0.00977	0.01303	0.02769	0.74959	0.03317	0.08205	0.00828	0.00236	0.00319	0.01421	0.00470	0.00414
10	0.01283	0.01351	0.04389	0.09728	0.52502	0.05776	0.14109	0.01615	0.01195	0.01637	0.00976	0.01291	0.00794	0.00470	0.00529	0.00159	0.00692	0.00479	0.00256	0.00768
11	0.00623	0.00499	0.00557	0.00602	0.00723	0.00433	0.00429	0.00739	0.01115	0.01378	0.04365	0.33900	0.49937	0.01437	0.00634	0.00189	0.00278	0.01243	0.00484	0.00433
