[name]
unknown

[dist]
# distance from previous block
# <min> <max>
23	326

[block]
# block no. 0 follows, 54 sequences, length 110
# corresponding to MSA columns:
# 366-475
name=unknown_A
#
# <colnr> <probs for GDERKNQSTAVLIFYWHMCP>
#	G	D	E	R	K	N	Q	S	T	A	V	L	I	F	Y	W	H	M	C	P
0	0.04358	0.10416	0.01457	0.01044	0.01382	0.18877	0.06929	0.13228	0.07827	0.26508	0.02579	0.01268	0.00949	0.00531	0.00447	0.00137	0.00554	0.00416	0.00404	0.00691
1	0.06413	0.00891	0.01085	0.00927	0.01204	0.02421	0.05009	0.03502	0.29967	0.23714	0.08702	0.02169	0.01654	0.00700	0.00497	0.00160	0.00409	0.09422	0.00478	0.00676
2	0.01623	0.01776	0.01338	0.01251	0.06318	0.49998	0.02098	0.13176	0.05550	0.04792	0.01017	0.05739	0.00858	0.00567	0.00469	0.00135	0.01960	0.00413	0.00313	0.00609
3	0.01839	0.00883	0.01102	0.00838	0.01213	0.02274	0.00687	0.08803	0.01347	0.55662	0.01558	0.01416	0.01025	0.00531	0.00447	0.00129	0.00409	0.00425	0.00503	0.18909
4	0.01098	0.31452	0.43985	0.01111	0.01658	0.01387	0.01300	0.03293	0.07936	0.01431	0.00879	0.00980	0.00679	0.00452	0.00399	0.00133	0.00595	0.00332	0.00231	0.00671
5	0.01110	0.26240	0.50961	0.01175	0.01746	0.08406	0.01395	0.01504	0.01015	0.01351	0.00780	0.00913	0.00600	0.00438	0.00403	0.00133	0.00654	0.00316	0.00204	0.00657
6	0.00760	0.00543	0.00760	0.00868	0.00977	0.00543	0.00760	0.00977	0.01085	0.01411	0.02496	0.05319	0.02714	0.01303	0.00651	0.00217	0.00434	0.77315	0.00434	0.00434
7	0.01173	0.01013	0.01066	0.00960	0.01226	0.01173	0.00746	0.02505	0.79636	0.01972	0.01919	0.01759	0.01439	0.00640	0.00480	0.00160	0.00373	0.00533	0.00480	0.00746
8	0.01792	0.01321	0.01415	0.01085	0.01462	0.01462	0.00896	0.78916	0.02217	0.02972	0.01132	0.01132	0.00802	0.00566	0.00472	0.00142	0.00519	0.00425	0.00472	0.00802
9	0.00915	0.00863	0.01458	0.75302	0.10051	0.01054	0.01322	0.01226	0.00954	0.01234	0.00842	0.01249	0.00639	0.00467	0.00471	0.00156	0.00623	0.00419	0.00212	0.00543
10	0.01241	0.78658	0.07354	0.00840	0.01262	0.01818	0.00865	0.01417	0.00960	0.01133	0.00667	0.00771	0.00605	0.00406	0.00312	0.00104	0.00516	0.00258	0.00202	0.00611
11	0.00674	0.00505	0.00758	0.00758	0.00842	0.00589	0.00589	0.00842	0.00758	0.01095	0.01263	0.01852	0.01179	0.03536	0.81561	0.00758	0.01263	0.00505	0.00253	0.00421
12	0.00674	0.00505	0.00758	0.00758	0.00842	0.00589	0.00589	0.00842	0.00758	0.01095	0.01263	0.01852	0.01179	0.03536	0.81561	0.00758	0.01263	0.00505	0.00253	0.00421
13	0.00679	0.00454	0.00516	0.00523	0.00525	0.00453	0.00295	0.00684	0.00699	0.00932	0.01555	0.08063	0.01802	0.78333	0.02288	0.00441	0.00446	0.00726	0.00295	0.00292
14	0.01261	0.83713	0.02471	0.00807	0.01210	0.01866	0.00807	0.01412	0.00958	0.01109	0.00656	0.00756	0.00605	0.00403	0.00303	0.00101	0.00504	0.00252	0.00202	0.00605
15	0.01792	0.01321	0.01415	0.01085	0.01462	0.01462	0.00896	0.78916	0.02217	0.02972	0.01132	0.01132	0.00802	0.00566	0.00472	0.00142	0.00519	0.00425	0.00472	0.00802
16	0.00674	0.00505	0.00758	0.00758	0.00842	0.00589	0.00589	0.00842	0.00758	0.01095	0.01263	0.01852	0.01179	0.03536	0.81561	0.00758	0.01263	0.00505	0.00253	0.00421
17	0.02115	0.00802	0.01094	0.00839	0.01204	0.00693	0.00693	0.02298	0.01350	0.80815	0.01860	0.01605	0.01167	0.00584	0.00474	0.00146	0.00401	0.00474	0.00584	0.00802
18	0.01032	0.01032	0.01444	0.01238	0.01238	0.01444	0.01032	0.01135	0.00722	0.01135	0.00619	0.01032	0.00619	0.00825	0.01547	0.00206	0.82567	0.00413	0.00206	0.00516
19	0.00716	0.00508	0.00596	0.00578	0.00578	0.00544	0.00351	0.00725	0.00689	0.00934	0.01409	0.02905	0.01618	0.76154	0.02325	0.00435	0.07689	0.00662	0.00279	0.00306
20	0.86760	0.00912	0.00693	0.00620	0.00912	0.01058	0.00511	0.01386	0.00802	0.02115	0.00657	0.00766	0.00511	0.00438	0.00292	0.00146	0.00365	0.00255	0.00292	0.00511
21	0.00634	0.00530	0.00536	0.00515	0.00688	0.00464	0.00392	0.05543	0.01146	0.01379	0.04550	0.04326	0.75353	0.01155	0.00552	0.00158	0.00256	0.00960	0.00440	0.00423
22	0.01032	0.01032	0.01444	0.01238	0.01238	0.01444	0.01032	0.01135	0.00722	0.01135	0.00619	0.01032	0.00619	0.00825	0.01547	0.00206	0.82567	0.00413	0.00206	0.00516
23	0.00946	0.02439	0.80987	0.01344	0.02041	0.01095	0.01742	0.01493	0.00995	0.01493	0.00846	0.00995	0.00597	0.00448	0.00448	0.00149	0.00697	0.00348	0.00199	0.00697
24	0.00946	0.02439	0.80987	0.01344	0.02041	0.01095	0.01742	0.01493	0.00995	0.01493	0.00846	0.00995	0.00597	0.00448	0.00448	0.00149	0.00697	0.00348	0.00199	0.00697
25	0.00785	0.00572	0.00779	0.00874	0.00992	0.00582	0.00759	0.01072	0.05971	0.01446	0.02461	0.05097	0.02634	0.01261	0.00641	0.00214	0.00430	0.72539	0.00437	0.00454
26	0.00574	0.00410	0.00547	0.00657	0.00684	0.00383	0.00438	0.00657	0.00903	0.01204	0.02599	0.83122	0.03119	0.01477	0.00602	0.00191	0.00274	0.01340	0.00438	0.00383
27	0.01167	0.01120	0.01914	0.02894	0.80488	0.01120	0.01447	0.01447	0.01074	0.01540	0.00887	0.01167	0.00747	0.00420	0.00467	0.00140	0.00560	0.00420	0.00233	0.00747
28	0.01261	0.83713	0.02471	0.00807	0.01210	0.01866	0.00807	0.01412	0.00958	0.01109	0.00656	0.00756	0.00605	0.00403	0.00303	0.00101	0.00504	0.00252	0.00202	0.00605
29	0.00946	0.02439	0.80987	0.01344	0.02041	0.01095	0.01742	0.01493	0.00995	0.01493	0.00846	0.00995	0.00597	0.00448	0.00448	0.00149	0.00697	0.00348	0.00199	0.00697
30	0.00667	0.00482	0.00630	0.00593	0.00704	0.00445	0.00445	0.00890	0.01335	0.01891	0.80239	0.03522	0.04449	0.00964	0.00556	0.00148	0.00222	0.00853	0.00519	0.00445
31	0.00890	0.00838	0.01414	0.82296	0.03247	0.01048	0.01309	0.01205	0.00943	0.01205	0.00838	0.01257	0.00629	0.00471	0.00471	0.00157	0.00629	0.00419	0.00210	0.00524
32	0.01173	0.01013	0.01066	0.00960	0.01226	0.01173	0.00746	0.02505	0.79636	0.01972	0.01919	0.01759	0.01439	0.00640	0.00480	0.00160	0.00373	0.00533	0.00480	0.00746
33	0.08195	0.00491	0.00578	0.00610	0.00710	0.00468	0.00441	0.00802	0.01056	0.01504	0.25720	0.36803	0.16500	0.01181	0.00555	0.00170	0.00265	0.03087	0.00449	0.00416
34	0.01263	0.01058	0.01117	0.00978	0.01261	0.01215	0.00768	0.13690	0.68304	0.02119	0.01804	0.01667	0.01346	0.00629	0.00479	0.00157	0.00394	0.00517	0.00479	0.00754
35	0.00674	0.00505	0.00758	0.00758	0.00842	0.00589	0.00589	0.00842	0.00758	0.01095	0.01263	0.01852	0.01179	0.03536	0.81561	0.00758	0.01263	0.00505	0.00253	0.00421
36	0.00923	0.00871	0.01472	0.73054	0.12238	0.01056	0.01325	0.01233	0.00958	0.01244	0.00844	0.01247	0.00642	0.00465	0.00471	0.00155	0.00621	0.00419	0.00212	0.00550
37	0.01761	0.02247	0.01336	0.01215	0.01458	0.81537	0.00911	0.01883	0.01336	0.01154	0.00729	0.00850	0.00607	0.00486	0.00425	0.00121	0.00850	0.00304	0.00243	0.00547
38	0.02099	0.00829	0.01110	0.00851	0.01217	0.00732	0.00703	0.06158	0.01393	0.76893	0.01823	0.01581	0.01149	0.00583	0.00474	0.00146	0.00407	0.00472	0.00578	0.00802
39	0.00729	0.00533	0.00717	0.00810	0.00926	0.00521	0.00699	0.00932	0.01084	0.01390	0.02839	0.05201	0.14372	0.01286	0.00637	0.00208	0.00405	0.65846	0.00435	0.00429
40	0.00665	0.00497	0.00739	0.00749	0.00828	0.00571	0.00576	0.00826	0.00771	0.01104	0.01381	0.09011	0.01350	0.03355	0.74430	0.00708	0.01176	0.00579	0.00269	0.00418
41	0.00991	0.00977	0.01365	0.01187	0.01189	0.01351	0.00979	0.01093	0.00738	0.01141	0.00793	0.08262	0.00839	0.00883	0.01464	0.00205	0.75318	0.00494	0.00227	0.00504
42	0.01761	0.02247	0.01336	0.01215	0.01458	0.81537	0.00911	0.01883	0.01336	0.01154	0.00729	0.00850	0.00607	0.00486	0.00425	0.00121	0.00850	0.00304	0.00243	0.00547
43	0.01138	0.01091	0.01861	0.11254	0.72356	0.01113	0.01433	0.01422	0.01060	0.01505	0.00882	0.01176	0.00734	0.00426	0.00467	0.00142	0.00567	0.00420	0.00231	0.00723
44	0.01032	0.01032	0.01444	0.01238	0.01238	0.01444	0.01032	0.01135	0.00722	0.01135	0.00619	0.01032	0.00619	0.00825	0.01547	0.00206	0.82567	0.00413	0.00206	0.00516
45	0.00573	0.00416	0.00541	0.00641	0.00680	0.00384	0.00431	0.00658	0.00918	0.01210	0.02791	0.76200	0.09916	0.01452	0.00598	0.00189	0.00270	0.01310	0.00438	0.00384
46	0.00686	0.00457	0.00514	0.00514	0.00514	0.00457	0.00286	0.00686	0.00686	0.00914	0.01486	0.03086	0.01714	0.83430	0.02400	0.00457	0.00457	0.00686	0.00286	0.00286
47	0.01102	0.01113	0.02063	0.16225	0.44194	0.01133	0.23013	0.01418	0.01057	0.01468	0.00893	0.01210	0.00716	0.00429	0.00510	0.00149	0.01945	0.00458	0.00230	0.00674
48	0.79229	0.08205	0.00850	0.00636	0.00938	0.01129	0.00537	0.01388	0.00816	0.02027	0.00656	0.00765	0.00519	0.00435	0.00293	0.00142	0.00377	0.00255	0.00284	0.00519
49	0.01167	0.01120	0.01914	0.02894	0.80488	0.01120	0.01447	0.01447	0.01074	0.01540	0.00887	0.01167	0.00747	0.00420	0.00467	0.00140	0.00560	0.00420	0.00233	0.00747
50	0.00885	0.00718	0.00815	0.00749	0.00932	0.00765	0.00573	0.01595	0.36118	0.01889	0.40766	0.02801	0.07801	0.00834	0.00522	0.00154	0.00290	0.00719	0.00497	0.00576
51	0.00667	0.00482	0.00630	0.00593	0.00704	0.00445	0.00445	0.00890	0.01335	0.01891	0.80239	0.03522	0.04449	0.00964	0.00556	0.00148	0.00222	0.00853	0.00519	0.00445
52	0.00576	0.00414	0.00547	0.00650	0.00683	0.00385	0.00436	0.00663	0.00919	0.01224	0.04750	0.78753	0.05340	0.01455	0.00599	0.00189	0.00271	0.01318	0.00440	0.00385
53	0.01261	0.83713	0.02471	0.00807	0.01210	0.01866	0.00807	0.01412	0.00958	0.01109	0.00656	0.00756	0.00605	0.00403	0.00303	0.00101	0.00504	0.00252	0.00202	0.00605
54	0.00631	0.00481	0.00580	0.00555	0.00682	0.00430	0.00416	0.00820	0.01249	0.01688	0.55500	0.03855	0.29315	0.01039	0.00556	0.00152	0.00228	0.00899	0.00492	0.00430
55	0.86760	0.00912	0.00693	0.00620	0.00912	0.01058	0.00511	0.01386	0.00802	0.02115	0.00657	0.00766	0.00511	0.00438	0.00292	0.00146	0.00365	0.00255	0.00292	0.00511
56	0.00879	0.00439	0.00439	0.00439	0.00549	0.00439	0.00330	0.01099	0.00989	0.01758	0.01538	0.01758	0.01209	0.00549	0.00330	0.00110	0.00220	0.00439	0.86047	0.00439
57	0.86760	0.00912	0.00693	0.00620	0.00912	0.01058	0.00511	0.01386	0.00802	0.02115	0.00657	0.00766	0.00511	0.00438	0.00292	0.00146	0.00365	0.00255	0.00292	0.00511
58	0.01147	0.00984	0.01047	0.00954	0.01211	0.01134	0.00747	0.02410	0.74751	0.01937	0.01955	0.01981	0.01519	0.00681	0.00490	0.00163	0.00377	0.05308	0.00477	0.00727
59	0.86760	0.00912	0.00693	0.00620	0.00912	0.01058	0.00511	0.01386	0.00802	0.02115	0.00657	0.00766	0.00511	0.00438	0.00292	0.00146	0.00365	0.00255	0.00292	0.00511
60	0.00557	0.00478	0.00478	0.00478	0.00637	0.00398	0.00358	0.00677	0.01075	0.01274	0.04776	0.04538	0.80297	0.01194	0.00557	0.00159	0.00239	0.00995	0.00438	0.00398
61	0.00574	0.00410	0.00547	0.00657	0.00684	0.00383	0.00438	0.00657	0.00903	0.01204	0.02599	0.83122	0.03119	0.01477	0.00602	0.00191	0.00274	0.01340	0.00438	0.00383
62	0.01712	0.01243	0.01329	0.01028	0.01382	0.01372	0.00846	0.72062	0.02109	0.02865	0.01168	0.01187	0.00838	0.00565	0.00459	0.00139	0.00492	0.00426	0.08009	0.00770
63	0.00748	0.00534	0.00747	0.00855	0.00959	0.00533	0.00740	0.00957	0.01074	0.01398	0.02503	0.10157	0.02739	0.01313	0.00648	0.00215	0.00424	0.72589	0.00434	0.00431
64	0.00686	0.00457	0.00514	0.00514	0.00514	0.00457	0.00286	0.00686	0.00686	0.00914	0.01486	0.03086	0.01714	0.83430	0.02400	0.00457	0.00457	0.00686	0.00286	0.00286
65	0.02115	0.00802	0.01094	0.00839	0.01204	0.00693	0.00693	0.02298	0.01350	0.80815	0.01860	0.01605	0.01167	0.00584	0.00474	0.00146	0.00401	0.00474	0.00584	0.00802
66	0.02115	0.00802	0.01094	0.00839	0.01204	0.00693	0.00693	0.02298	0.01350	0.80815	0.01860	0.01605	0.01167	0.00584	0.00474	0.00146	0.00401	0.00474	0.00584	0.00802
67	0.01162	0.01134	0.01990	0.02814	0.73616	0.01127	0.08258	0.01453	0.01077	0.01538	0.00893	0.01176	0.00744	0.00418	0.00475	0.00142	0.00581	0.00432	0.00234	0.00737
68	0.02109	0.00812	0.01100	0.00844	0.01209	0.00708	0.00697	0.03769	0.01366	0.79320	0.01846	0.01596	0.01160	0.00583	0.00474	0.00146	0.00403	0.00473	0.00581	0.00802
69	0.86760	0.00912	0.00693	0.00620	0.00912	0.01058	0.00511	0.01386	0.00802	0.02115	0.00657	0.00766	0.00511	0.00438	0.00292	0.00146	0.00365	0.00255	0.00292	0.00511
70	0.02115	0.00802	0.01094	0.00839	0.01204	0.00693	0.00693	0.02298	0.01350	0.80815	0.01860	0.01605	0.01167	0.00584	0.00474	0.00146	0.00401	0.00474	0.00584	0.00802
71	0.04634	0.00900	0.01195	0.01044	0.08211	0.00840	0.00780	0.11921	0.01418	0.61492	0.01644	0.01480	0.01063	0.00562	0.00467	0.00145	0.00429	0.00456	0.00529	0.00788
72	0.01104	0.01091	0.01819	0.14302	0.33665	0.02371	0.16094	0.01534	0.11724	0.01496	0.01032	0.02473	0.00839	0.00506	0.00583	0.00155	0.07813	0.00473	0.00265	0.00663
73	0.00667	0.00482	0.00630	0.00593	0.00704	0.00445	0.00445	0.00890	0.01335	0.01891	0.80239	0.03522	0.04449	0.00964	0.00556	0.00148	0.00222	0.00853	0.00519	0.00445
74	0.00575	0.00477	0.00492	0.00492	0.00632	0.00411	0.00360	0.00686	0.01031	0.01243	0.05598	0.04295	0.68912	0.09275	0.03267	0.00207	0.00292	0.00947	0.00419	0.00389
75	0.09571	0.00812	0.01059	0.00820	0.01178	0.00725	0.00677	0.02218	0.01301	0.73883	0.01754	0.01531	0.01109	0.00571	0.00458	0.00146	0.00398	0.00455	0.00558	0.00777
76	0.00628	0.00480	0.00575	0.00552	0.00680	0.00428	0.00414	0.00813	0.01241	0.01668	0.53050	0.03888	0.31777	0.01047	0.00557	0.00152	0.00228	0.00904	0.00490	0.00428
77	0.01133	0.50680	0.34383	0.01025	0.01548	0.01552	0.01187	0.01445	0.00973	0.01265	0.00733	0.00854	0.00602	0.00422	0.00362	0.00121	0.00583	0.00291	0.00201	0.00642
78	0.00874	0.00440	0.00441	0.00441	0.00548	0.00440	0.00329	0.01089	0.00981	0.01738	0.01537	0.01790	0.01221	0.02545	0.00379	0.00118	0.00225	0.00445	0.83982	0.00436
79	0.01792	0.01321	0.01415	0.01085	0.01462	0.01462	0.00896	0.78916	0.02217	0.02972	0.01132	0.01132	0.00802	0.00566	0.00472	0.00142	0.00519	0.00425	0.00472	0.00802
80	0.09248	0.02130	0.01280	0.01162	0.01410	0.74448	0.00876	0.01839	0.01289	0.01239	0.00722	0.00843	0.00599	0.00482	0.00413	0.00124	0.00808	0.00299	0.00247	0.00543
81	0.00557	0.00478	0.00478	0.00478	0.00637	0.00398	0.00358	0.00677	0.01075	0.01274	0.04776	0.04538	0.80297	0.01194	0.00557	0.00159	0.00239	0.00995	0.00438	0.00398
82	0.00711	0.00505	0.00568	0.00538	0.00700	0.00434	0.00408	0.00863	0.01167	0.07750	0.24920	0.04031	0.53541	0.01084	0.00550	0.00155	0.00247	0.00915	0.00471	0.00443
83	0.01114	0.45787	0.39110	0.01057	0.01598	0.01506	0.01243	0.01450	0.00976	0.01288	0.00744	0.00868	0.00601	0.00424	0.00370	0.00123	0.00594	0.00297	0.00200	0.00648
84	0.00691	0.00515	0.00710	0.00707	0.00756	0.00585	0.00514	0.00798	0.00747	0.01053	0.01406	0.09324	0.01473	0.26773	0.46083	0.00585	0.05995	0.00626	0.00276	0.00384
85	0.02115	0.00802	0.01094	0.00839	0.01204	0.00693	0.00693	0.02298	0.01350	0.80815	0.01860	0.01605	0.01167	0.00584	0.00474	0.00146	0.00401	0.00474	0.00584	0.00802
86	0.00987	0.00979	0.01773	0.46976	0.11418	0.01084	0.20644	0.01372	0.05356	0.01377	0.02844	0.01333	0.00800	0.00468	0.00495	0.00156	0.00639	0.00470	0.00242	0.00587
87	0.01137	0.01204	0.02396	0.02391	0.37207	0.01160	0.44343	0.01482	0.01095	0.01524	0.00924	0.01225	0.00729	0.00408	0.00517	0.00151	0.00690	0.00496	0.00236	0.00685
88	0.00618	0.00480	0.00562	0.00542	0.00674	0.00424	0.00406	0.00795	0.01219	0.01616	0.46638	0.03974	0.38222	0.01066	0.00557	0.00153	0.00230	0.00916	0.00483	0.00424
89	0.00624	0.00480	0.00570	0.00548	0.00678	0.00426	0.00411	0.00806	0.01232	0.01647	0.50421	0.03923	0.34420	0.01055	0.00557	0.00153	0.00229	0.00909	0.00487	0.00426
90	0.00835	0.04014	0.36592	0.00967	0.03574	0.02316	0.01041	0.01153	0.01048	0.03513	0.02626	0.02593	0.36303	0.00784	0.00493	0.00151	0.00477	0.00640	0.00318	0.00562
91	0.01583	0.39626	0.08635	0.00862	0.01268	0.01269	0.00831	0.01783	0.01136	0.34988	0.02972	0.01199	0.00929	0.00496	0.00394	0.00125	0.00471	0.00368	0.00371	0.00693
92	0.01761	0.02247	0.01336	0.01215	0.01458	0.81537	0.00911	0.01883	0.01336	0.01154	0.00729	0.00850	0.00607	0.00486	0.00425	0.00121	0.00850	0.00304	0.00243	0.00547
93	0.01616	0.02000	0.01382	0.06352	0.05917	0.65694	0.00975	0.01757	0.01248	0.01177	0.00736	0.00908	0.00617	0.00508	0.00520	0.00131	0.07344	0.00326	0.00237	0.00554
94	0.00578	0.00412	0.00546	0.00652	0.00679	0.00385	0.00433	0.00657	0.00896	0.01195	0.02564	0.80622	0.03075	0.04037	0.00658	0.00200	0.00279	0.01320	0.00433	0.00380
95	0.01316	0.12226	0.05176	0.01561	0.04366	0.05378	0.40517	0.07112	0.01181	0.10289	0.00990	0.01181	0.00742	0.00463	0.00551	0.00148	0.05395	0.00464	0.00285	0.00656
96	0.01128	0.40870	0.28154	0.01080	0.01515	0.03104	0.02504	0.01406	0.00943	0.01248	0.00719	0.00889	0.00607	0.00486	0.00554	0.00135	0.13519	0.00315	0.00203	0.00621
97	0.00793	0.00653	0.00799	0.00846	0.07828	0.00651	0.00577	0.01237	0.18375	0.01717	0.36433	0.03194	0.23247	0.00905	0.00532	0.00153	0.00289	0.00782	0.00464	0.00525
98	0.00561	0.00478	0.00483	0.00482	0.00639	0.00400	0.00361	0.00684	0.01084	0.01295	0.07386	0.04503	0.77675	0.01186	0.00557	0.00159	0.00238	0.00990	0.00441	0.00400
99	0.01209	0.01069	0.01372	0.01559	0.24674	0.01176	0.02501	0.06948	0.50048	0.01898	0.01546	0.01535	0.01181	0.00565	0.00477	0.00153	0.00446	0.00493	0.00402	0.00748
100	0.00623	0.00448	0.00590	0.00624	0.00695	0.00415	0.00441	0.00778	0.01127	0.01561	0.42999	0.41703	0.03811	0.01210	0.00578	0.00169	0.00247	0.01087	0.00480	0.00415
101	0.00657	0.00482	0.00616	0.00582	0.00698	0.00441	0.00437	0.00870	0.01310	0.01833	0.73189	0.03617	0.11535	0.00985	0.00556	0.00149	0.00224	0.00866	0.00511	0.00441
102	0.01125	0.01078	0.01839	0.14826	0.68881	0.01109	0.01426	0.01411	0.01054	0.01490	0.00880	0.01181	0.00729	0.00428	0.00467	0.00143	0.00570	0.00420	0.00230	0.00713
103	0.81476	0.00937	0.00738	0.00649	0.00946	0.01083	0.00535	0.06208	0.00890	0.02169	0.00686	0.00789	0.00529	0.00446	0.00303	0.00146	0.00374	0.00266	0.00303	0.00529
104	0.01167	0.01120	0.01914	0.02894	0.80488	0.01120	0.01447	0.01447	0.01074	0.01540	0.00887	0.01167	0.00747	0.00420	0.00467	0.00140	0.00560	0.00420	0.00233	0.00747
105	0.00616	0.00480	0.00559	0.00539	0.00673	0.00423	0.00404	0.00790	0.01213	0.01603	0.45025	0.03996	0.39843	0.01071	0.00557	0.00153	0.00230	0.00919	0.00481	0.00423
106	0.00946	0.02439	0.80987	0.01344	0.02041	0.01095	0.01742	0.01493	0.00995	0.01493	0.00846	0.00995	0.00597	0.00448	0.00448	0.00149	0.00697	0.00348	0.00199	0.00697
107	0.01038	0.07437	0.71091	0.01279	0.01937	0.01118	0.01618	0.01538	0.01015	0.06402	0.00897	0.01018	0.00633	0.00454	0.00440	0.00146	0.00666	0.00350	0.00223	0.00698
108	0.00603	0.00479	0.00541	0.00526	0.00665	0.00418	0.00394	0.00765	0.01183	0.01530	0.36177	0.04115	0.48736	0.01098	0.00557	0.00155	0.00232	0.00936	0.00472	0.00418
109	0.01035	0.04543	0.54708	0.01200	0.01758	0.01121	0.01409	0.06649	0.15101	0.01684	0.05436	0.01272	0.00974	0.00517	0.00457	0.00149	0.00595	0.00411	0.00284	0.00696

[dist]
# distance from previous block
# <min> <max>
2	5

[block]
# block no. 1 follows, 54 sequences, length 36
# corresponding to MSA columns:
# 481-516
name=unknown_B
#
# <colnr> <probs for GDERKNQSTAVLIFYWHMCP>
#	G	D	E	R	K	N	Q	S	T	A	V	L	I	F	Y	W	H	M	C	P
0	0.00615	0.00484	0.00558	0.00557	0.00692	0.00451	0.00425	0.00762	0.01018	0.01312	0.09722	0.03704	0.50022	0.01676	0.19015	0.00293	0.00474	0.02542	0.05268	0.00410
1	0.01074	0.17855	0.49091	0.01185	0.01760	0.01201	0.05121	0.01533	0.04633	0.04565	0.00903	0.01020	0.00673	0.00444	0.00420	0.00135	0.00611	0.00348	0.00236	0.07192
2	0.19117	0.01228	0.09612	0.01987	0.38097	0.01144	0.12067	0.03175	0.01017	0.01658	0.00832	0.01071	0.00671	0.00453	0.00511	0.00149	0.05906	0.00397	0.00247	0.00663
3	0.00667	0.00482	0.00630	0.00593	0.00704	0.00445	0.00445	0.00890	0.01335	0.01891	0.80239	0.03522	0.04449	0.00964	0.00556	0.00148	0.00222	0.00853	0.00519	0.00445
4	0.01261	0.83713	0.02471	0.00807	0.01210	0.01866	0.00807	0.01412	0.00958	0.01109	0.00656	0.00756	0.00605	0.00403	0.00303	0.00101	0.00504	0.00252	0.00202	0.00605
5	0.00561	0.00478	0.00483	0.00481	0.00639	0.00400	0.00361	0.00683	0.01083	0.01293	0.07181	0.04505	0.77881	0.01187	0.00557	0.00159	0.00238	0.00991	0.00440	0.00400
6	0.00557	0.00478	0.00478	0.00478	0.00637	0.00398	0.00358	0.00677	0.01075	0.01274	0.04776	0.04538	0.80297	0.01194	0.00557	0.00159	0.00239	0.00995	0.00438	0.00398
7	0.00559	0.00473	0.00483	0.00491	0.00640	0.00397	0.00364	0.00675	0.01062	0.01268	0.04611	0.10513	0.74429	0.01216	0.00561	0.00162	0.00241	0.01021	0.00438	0.00397
8	0.01792	0.01321	0.01415	0.01085	0.01462	0.01462	0.00896	0.78916	0.02217	0.02972	0.01132	0.01132	0.00802	0.00566	0.00472	0.00142	0.00519	0.00425	0.00472	0.00802
9	0.00946	0.02439	0.80987	0.01344	0.02041	0.01095	0.01742	0.01493	0.00995	0.01493	0.00846	0.00995	0.00597	0.00448	0.00448	0.00149	0.00697	0.00348	0.00199	0.00697
10	0.00819	0.00410	0.00614	0.00614	0.00614	0.00410	0.00410	0.00614	0.00614	0.00819	0.00819	0.01433	0.00819	0.01638	0.01843	0.86282	0.00410	0.00410	0.00205	0.00205
11	0.00760	0.00543	0.00760	0.00868	0.00977	0.00543	0.00760	0.00977	0.01085	0.01411	0.02496	0.05319	0.02714	0.01303	0.00651	0.00217	0.00434	0.77315	0.00434	0.00434
12	0.86760	0.00912	0.00693	0.00620	0.00912	0.01058	0.00511	0.01386	0.00802	0.02115	0.00657	0.00766	0.00511	0.00438	0.00292	0.00146	0.00365	0.00255	0.00292	0.00511
13	0.00674	0.00505	0.00758	0.00758	0.00842	0.00589	0.00589	0.00842	0.00758	0.01095	0.01263	0.01852	0.01179	0.03536	0.81561	0.00758	0.01263	0.00505	0.00253	0.00421
14	0.00879	0.00439	0.00439	0.00439	0.00549	0.00439	0.00330	0.01099	0.00989	0.01758	0.01538	0.01758	0.01209	0.00549	0.00330	0.00110	0.00220	0.00439	0.86047	0.00439
15	0.00574	0.00410	0.00547	0.00657	0.00684	0.00383	0.00438	0.00657	0.00903	0.01204	0.02599	0.83122	0.03119	0.01477	0.00602	0.00191	0.00274	0.01340	0.00438	0.00383
16	0.00686	0.00457	0.00514	0.00514	0.00514	0.00457	0.00286	0.00686	0.00686	0.00914	0.01486	0.03086	0.01714	0.83430	0.02400	0.00457	0.00457	0.00686	0.00286	0.00286
17	0.00701	0.00545	0.00810	0.00794	0.00872	0.00654	0.00623	0.00864	0.00755	0.01098	0.01214	0.01790	0.01136	0.03330	0.75477	0.00716	0.07445	0.00498	0.00249	0.00428
18	0.00946	0.02439	0.80987	0.01344	0.02041	0.01095	0.01742	0.01493	0.00995	0.01493	0.00846	0.00995	0.00597	0.00448	0.00448	0.00149	0.00697	0.00348	0.00199	0.00697
19	0.01817	0.01281	0.01391	0.01066	0.01443	0.01404	0.00881	0.73090	0.02151	0.08890	0.01187	0.01168	0.00830	0.00567	0.00472	0.00142	0.00510	0.00428	0.00480	0.00802
20	0.00760	0.00543	0.00760	0.00868	0.00977	0.00543	0.00760	0.00977	0.01085	0.01411	0.02496	0.05319	0.02714	0.01303	0.00651	0.00217	0.00434	0.77315	0.00434	0.00434
21	0.00574	0.00410	0.00547	0.00657	0.00684	0.00383	0.00438	0.00657	0.00903	0.01204	0.02599	0.83122	0.03119	0.01477	0.00602	0.00191	0.00274	0.01340	0.00438	0.00383
22	0.01280	0.80509	0.02426	0.00823	0.01220	0.05000	0.00811	0.01430	0.00973	0.01111	0.00658	0.00760	0.00605	0.00407	0.00307	0.00102	0.00518	0.00254	0.00203	0.00603
23	0.01173	0.01013	0.01066	0.00960	0.01226	0.01173	0.00746	0.02505	0.79636	0.01972	0.01919	0.01759	0.01439	0.00640	0.00480	0.00160	0.00373	0.00533	0.00480	0.00746
24	0.00667	0.00482	0.00630	0.00593	0.00704	0.00445	0.00445	0.00890	0.01335	0.01891	0.80239	0.03522	0.04449	0.00964	0.00556	0.00148	0.00222	0.00853	0.00519	0.00445
25	0.00568	0.00434	0.00523	0.00593	0.00667	0.00388	0.00410	0.00664	0.00964	0.01228	0.03369	0.55320	0.30423	0.01377	0.00586	0.00180	0.00261	0.01218	0.00438	0.00388
26	0.00702	0.00532	0.00749	0.00734	0.00792	0.00620	0.00549	0.00826	0.00738	0.01054	0.01270	0.02088	0.01266	0.22444	0.56835	0.00646	0.06961	0.00542	0.00257	0.00396
27	0.02115	0.00802	0.01094	0.00839	0.01204	0.00693	0.00693	0.02298	0.01350	0.80815	0.01860	0.01605	0.01167	0.00584	0.00474	0.00146	0.00401	0.00474	0.00584	0.00802
28	0.00890	0.00838	0.01414	0.82296	0.03247	0.01048	0.01309	0.01205	0.00943	0.01205	0.00838	0.01257	0.00629	0.00471	0.00471	0.00157	0.00629	0.00419	0.00210	0.00524
29	0.01299	0.77519	0.02384	0.00838	0.01229	0.07924	0.00815	0.01448	0.00987	0.01113	0.00661	0.00763	0.00605	0.00410	0.00312	0.00102	0.00531	0.00256	0.00205	0.00601
30	0.01159	0.01112	0.01899	0.05259	0.78188	0.01118	0.01443	0.01440	0.01070	0.01530	0.00885	0.01170	0.00743	0.00422	0.00467	0.00141	0.00562	0.00420	0.00233	0.00740
31	0.00819	0.00410	0.00614	0.00614	0.00614	0.00410	0.00410	0.00614	0.00614	0.00819	0.00819	0.01433	0.00819	0.01638	0.01843	0.86282	0.00410	0.00410	0.00205	0.00205
32	0.00574	0.00410	0.00547	0.00657	0.00684	0.00383	0.00438	0.00657	0.00903	0.01204	0.02599	0.83122	0.03119	0.01477	0.00602	0.00191	0.00274	0.01340	0.00438	0.00383
33	0.01202	0.08744	0.01891	0.05821	0.64833	0.01171	0.01334	0.01494	0.03081	0.04616	0.00928	0.01165	0.00763	0.00433	0.00452	0.00138	0.00547	0.00410	0.00250	0.00727
34	0.01187	0.01014	0.01411	0.01638	0.32987	0.00946	0.00965	0.10617	0.03944	0.03755	0.00957	0.01116	0.00768	0.00420	0.00419	0.00112	0.00456	0.00367	0.00299	0.36625
35	0.04200	0.39879	0.14127	0.01037	0.01431	0.26460	0.02578	0.01592	0.02556	0.01240	0.00738	0.00852	0.00619	0.00441	0.00371	0.00119	0.00640	0.00295	0.00223	0.00601

[dist]
# distance from previous block
# <min> <max>
0	1

[block]
# block no. 2 follows, 54 sequences, length 152
# corresponding to MSA columns:
# 518-669
name=unknown_C
#
# <colnr> <probs for GDERKNQSTAVLIFYWHMCP>
#	G	D	E	R	K	N	Q	S	T	A	V	L	I	F	Y	W	H	M	C	P
0	0.86760	0.00912	0.00693	0.00620	0.00912	0.01058	0.00511	0.01386	0.00802	0.02115	0.00657	0.00766	0.00511	0.00438	0.00292	0.00146	0.00365	0.00255	0.00292	0.00511
1	0.00752	0.00540	0.00749	0.00853	0.00964	0.00537	0.00744	0.00965	0.01085	0.01406	0.02585	0.05288	0.05711	0.01298	0.00648	0.00215	0.00427	0.74366	0.00434	0.00433
2	0.00734	0.00532	0.00726	0.00824	0.00934	0.00523	0.00710	0.00937	0.01077	0.01390	0.02710	0.08253	0.09868	0.01299	0.00641	0.00211	0.00410	0.67357	0.00435	0.00429
3	0.00686	0.00457	0.00514	0.00514	0.00514	0.00457	0.00286	0.00686	0.00686	0.00914	0.01486	0.03086	0.01714	0.83430	0.02400	0.00457	0.00457	0.00686	0.00286	0.00286
4	0.00978	0.00838	0.00978	0.00698	0.01117	0.00629	0.00559	0.01187	0.00978	0.01536	0.00838	0.00978	0.00698	0.00349	0.00349	0.00070	0.00349	0.00279	0.00279	0.86312
5	0.01261	0.83713	0.02471	0.00807	0.01210	0.01866	0.00807	0.01412	0.00958	0.01109	0.00656	0.00756	0.00605	0.00403	0.00303	0.00101	0.00504	0.00252	0.00202	0.00605
6	0.00922	0.00870	0.01471	0.73254	0.12044	0.01056	0.01325	0.01232	0.00958	0.01243	0.00844	0.01247	0.00642	0.00466	0.00471	0.00155	0.00621	0.00419	0.00212	0.00549
7	0.38190	0.00677	0.00610	0.00554	0.00767	0.00731	0.00441	0.01333	0.00941	0.09187	0.01186	0.01314	0.00902	0.00504	0.00327	0.00129	0.00299	0.00363	0.41041	0.00504
8	0.01189	0.01021	0.01075	0.00963	0.01232	0.01180	0.00750	0.04534	0.77581	0.01999	0.01898	0.01743	0.01422	0.00638	0.00480	0.00159	0.00377	0.00530	0.00480	0.00748
9	0.00574	0.00410	0.00547	0.00657	0.00684	0.00383	0.00438	0.00657	0.00903	0.01204	0.02599	0.83122	0.03119	0.01477	0.00602	0.00191	0.00274	0.01340	0.00438	0.00383
10	0.00678	0.00488	0.00670	0.00670	0.00724	0.00542	0.00480	0.00785	0.00732	0.01029	0.01343	0.02298	0.01372	0.32408	0.52954	0.00649	0.00972	0.00570	0.00265	0.00372
11	0.00604	0.00473	0.00547	0.00541	0.00669	0.00416	0.00401	0.00762	0.01165	0.01520	0.35492	0.11352	0.42122	0.01126	0.00561	0.00158	0.00235	0.00969	0.00471	0.00416
12	0.01199	0.01026	0.01081	0.00965	0.01236	0.01185	0.00753	0.05789	0.76309	0.02015	0.01885	0.01732	0.01412	0.00637	0.00479	0.00159	0.00379	0.00528	0.00479	0.00749
13	0.02100	0.00828	0.01110	0.00851	0.01216	0.00730	0.00703	0.06031	0.01392	0.77022	0.01825	0.01582	0.01149	0.00583	0.00474	0.00146	0.00407	0.00472	0.00578	0.00802
14	0.00557	0.00478	0.00478	0.00478	0.00637	0.00398	0.00358	0.00677	0.01075	0.01274	0.04776	0.04538	0.80297	0.01194	0.00557	0.00159	0.00239	0.00995	0.00438	0.00398
15	0.00946	0.02439	0.80987	0.01344	0.02041	0.01095	0.01742	0.01493	0.00995	0.01493	0.00846	0.00995	0.00597	0.00448	0.00448	0.00149	0.00697	0.00348	0.00199	0.00697
16	0.01241	0.78627	0.07384	0.00840	0.01262	0.01817	0.00865	0.01417	0.00960	0.01133	0.00667	0.00771	0.00605	0.00406	0.00312	0.00104	0.00516	0.00258	0.00202	0.00611
17	0.00890	0.00838	0.01414	0.82296	0.03247	0.01048	0.01309	0.01205	0.00943	0.01205	0.00838	0.01257	0.00629	0.00471	0.00471	0.00157	0.00629	0.00419	0.00210	0.00524
18	0.01113	0.01272	0.02782	0.01987	0.02464	0.01192	0.78776	0.01510	0.01113	0.01510	0.00954	0.01272	0.00715	0.00397	0.00556	0.00159	0.00795	0.00556	0.00238	0.00636
19	0.00744	0.00556	0.00799	0.00778	0.00881	0.00644	0.00609	0.05728	0.00849	0.01212	0.01255	0.01807	0.01155	0.03350	0.76487	0.00719	0.01216	0.00500	0.00266	0.00445
20	0.01167	0.01120	0.01914	0.02894	0.80488	0.01120	0.01447	0.01447	0.01074	0.01540	0.00887	0.01167	0.00747	0.00420	0.00467	0.00140	0.00560	0.00420	0.00233	0.00747
21	0.01232	0.76235	0.09695	0.00856	0.01287	0.01795	0.00893	0.01419	0.00961	0.01145	0.00673	0.00778	0.00604	0.00407	0.00316	0.00105	0.00522	0.00261	0.00201	0.00614
22	0.00975	0.09917	0.73762	0.01294	0.01964	0.01166	0.01656	0.01486	0.00992	0.01458	0.00829	0.00973	0.00598	0.00444	0.00435	0.00145	0.00679	0.00340	0.00199	0.00688
23	0.01150	0.01103	0.01883	0.07863	0.75655	0.01116	0.01438	0.01432	0.01065	0.01519	0.00884	0.01173	0.00739	0.00423	0.00467	0.00141	0.00564	0.00420	0.00232	0.00733
24	0.00557	0.00478	0.00478	0.00478	0.00637	0.00398	0.00358	0.00677	0.01075	0.01274	0.04776	0.04538	0.80297	0.01194	0.00557	0.00159	0.00239	0.00995	0.00438	0.00398
25	0.01761	0.02247	0.01336	0.01215	0.01458	0.81537	0.00911	0.01883	0.01336	0.01154	0.00729	0.00850	0.00607	0.00486	0.00425	0.00121	0.00850	0.00304	0.00243	0.00547
26	0.00819	0.00410	0.00614	0.00614	0.00614	0.00410	0.00410	0.00614	0.00614	0.00819	0.00819	0.01433	0.00819	0.01638	0.01843	0.86282	0.00410	0.00410	0.00205	0.00205
27	0.00819	0.00410	0.00614	0.00614	0.00614	0.00410	0.00410	0.00614	0.00614	0.00819	0.00819	0.01433	0.00819	0.01638	0.01843	0.86282	0.00410	0.00410	0.00205	0.00205
28	0.01239	0.76406	0.07346	0.00844	0.01263	0.01799	0.00864	0.01446	0.03073	0.01157	0.00701	0.00798	0.00627	0.00413	0.00316	0.00105	0.00513	0.00266	0.00209	0.00615
29	0.01327	0.69335	0.04421	0.00882	0.01270	0.13761	0.00848	0.01484	0.01016	0.01126	0.00672	0.00777	0.00605	0.00417	0.00325	0.00105	0.00561	0.00262	0.00208	0.00599
30	0.00667	0.00482	0.00630	0.00593	0.00704	0.00445	0.00445	0.00890	0.01335	0.01891	0.80239	0.03522	0.04449	0.00964	0.00556	0.00148	0.00222	0.00853	0.00519	0.00445
31	0.00674	0.00505	0.00758	0.00758	0.00842	0.00589	0.00589	0.00842	0.00758	0.01095	0.01263	0.01852	0.01179	0.03536	0.81561	0.00758	0.01263	0.00505	0.00253	0.00421
32	0.86760	0.00912	0.00693	0.00620	0.00912	0.01058	0.00511	0.01386	0.00802	0.02115	0.00657	0.00766	0.00511	0.00438	0.00292	0.00146	0.00365	0.00255	0.00292	0.00511
33	0.00686	0.00457	0.00514	0.00514	0.00514	0.00457	0.00286	0.00686	0.00686	0.00914	0.01486	0.03086	0.01714	0.83430	0.02400	0.00457	0.00457	0.00686	0.00286	0.00286
34	0.01498	0.45028	0.01932	0.01000	0.01328	0.39699	0.00856	0.01635	0.01138	0.01131	0.00690	0.00801	0.00606	0.00443	0.00361	0.00111	0.00669	0.00277	0.00221	0.00577
35	0.00760	0.00543	0.00760	0.00868	0.00977	0.00543	0.00760	0.00977	0.01085	0.01411	0.02496	0.05319	0.02714	0.01303	0.00651	0.00217	0.00434	0.77315	0.00434	0.00434
36	0.01792	0.01321	0.01415	0.01085	0.01462	0.01462	0.00896	0.78916	0.02217	0.02972	0.01132	0.01132	0.00802	0.00566	0.00472	0.00142	0.00519	0.00425	0.00472	0.00802
37	0.01284	0.00799	0.00914	0.00757	0.00977	0.00852	0.02680	0.25740	0.01396	0.08741	0.01377	0.01499	0.01035	0.00567	0.00452	0.00129	0.04368	0.00439	0.45400	0.00593
38	0.00557	0.00478	0.00478	0.00478	0.00637	0.00398	0.00358	0.00677	0.01075	0.01274	0.04776	0.04538	0.80297	0.01194	0.00557	0.00159	0.00239	0.00995	0.00438	0.00398
39	0.08792	0.00845	0.01348	0.74781	0.03033	0.01048	0.01236	0.01221	0.00930	0.01288	0.00821	0.01212	0.00618	0.00468	0.00455	0.00156	0.00604	0.00404	0.00217	0.00523
40	0.01161	0.01114	0.01903	0.04545	0.78883	0.01119	0.01444	0.01442	0.01071	0.01533	0.00886	0.01169	0.00744	0.00421	0.00467	0.00140	0.00562	0.00420	0.00233	0.00742
41	0.00696	0.05684	0.00738	0.00612	0.00734	0.00528	0.00467	0.00901	0.01271	0.01779	0.68115	0.10673	0.04086	0.00976	0.00544	0.00149	0.00245	0.00860	0.00492	0.00449
42	0.02115	0.00802	0.01094	0.00839	0.01204	0.00693	0.00693	0.02298	0.01350	0.80815	0.01860	0.01605	0.01167	0.00584	0.00474	0.00146	0.00401	0.00474	0.00584	0.00802
43	0.00595	0.00479	0.00530	0.00517	0.00660	0.00414	0.00388	0.00749	0.01163	0.01484	0.30535	0.04191	0.54407	0.01116	0.00557	0.00155	0.00233	0.00946	0.00466	0.00414
44	0.01408	0.01189	0.01195	0.01016	0.01316	0.06294	0.00805	0.26926	0.49954	0.02241	0.01593	0.01502	0.01183	0.00606	0.00474	0.00152	0.00450	0.00484	0.00462	0.00752
45	0.00946	0.02439	0.80987	0.01344	0.02041	0.01095	0.01742	0.01493	0.00995	0.01493	0.00846	0.00995	0.00597	0.00448	0.00448	0.00149	0.00697	0.00348	0.00199	0.00697
46	0.00978	0.00838	0.00978	0.00698	0.01117	0.00629	0.00559	0.01187	0.00978	0.01536	0.00838	0.00978	0.00698	0.00349	0.00349	0.00070	0.00349	0.00279	0.00279	0.86312
47	0.00574	0.00410	0.00547	0.00657	0.00684	0.00383	0.00438	0.00657	0.00903	0.01204	0.02599	0.83122	0.03119	0.01477	0.00602	0.00191	0.00274	0.01340	0.00438	0.00383
48	0.00667	0.00482	0.00630	0.00593	0.00704	0.00445	0.00445	0.00890	0.01335	0.01891	0.80239	0.03522	0.04449	0.00964	0.00556	0.00148	0.00222	0.00853	0.00519	0.00445
49	0.01261	0.83713	0.02471	0.00807	0.01210	0.01866	0.00807	0.01412	0.00958	0.01109	0.00656	0.00756	0.00605	0.00403	0.00303	0.00101	0.00504	0.00252	0.00202	0.00605
50	0.00768	0.00644	0.00695	0.00650	0.00774	0.07906	0.00488	0.00981	0.01335	0.01823	0.72923	0.03276	0.04095	0.00920	0.00544	0.00146	0.00280	0.00802	0.00494	0.00454
51	0.00660	0.00482	0.00621	0.00586	0.00700	0.00442	0.00439	0.00876	0.01318	0.01852	0.75517	0.03586	0.09195	0.00978	0.00556	0.00149	0.00223	0.00862	0.00514	0.00442
52	0.01261	0.83713	0.02471	0.00807	0.01210	0.01866	0.00807	0.01412	0.00958	0.01109	0.00656	0.00756	0.00605	0.00403	0.00303	0.00101	0.00504	0.00252	0.00202	0.00605
53	0.01089	0.00856	0.01076	0.00774	0.01191	0.00662	0.04382	0.01305	0.01019	0.08830	0.00938	0.01050	0.00742	0.00373	0.00371	0.00081	0.00376	0.00311	0.00305	0.74270
54	0.01150	0.01103	0.01883	0.07863	0.75655	0.01116	0.01438	0.01432	0.01065	0.01519	0.00884	0.01173	0.00739	0.00423	0.00467	0.00141	0.00564	0.00420	0.00232	0.00733
55	0.01113	0.01272	0.02782	0.01987	0.02464	0.01192	0.78776	0.01510	0.01113	0.01510	0.00954	0.01272	0.00715	0.00397	0.00556	0.00159	0.00795	0.00556	0.00238	0.00636
56	0.00633	0.00480	0.00584	0.00560	0.00684	0.00430	0.00419	0.00823	0.01251	0.01697	0.56607	0.05138	0.26891	0.01041	0.00557	0.00152	0.00228	0.00903	0.00494	0.00430
57	0.00801	0.00511	0.00673	0.00616	0.00750	0.00468	0.00468	0.01019	0.01336	0.09153	0.73028	0.03346	0.04147	0.00929	0.00549	0.00148	0.00239	0.00818	0.00525	0.00478
58	0.01482	0.01166	0.01240	0.01022	0.01344	0.01317	0.00821	0.40582	0.41058	0.02470	0.01527	0.01447	0.01122	0.00603	0.00476	0.00151	0.00446	0.00479	0.00476	0.00774
59	0.01434	0.01325	0.01201	0.01039	0.01327	0.16821	0.00814	0.20500	0.46103	0.02051	0.01502	0.01434	0.01127	0.00592	0.00467	0.00148	0.00500	0.00463	0.00432	0.00721
60	0.01701	0.03261	0.01289	0.00974	0.01324	0.01182	0.00804	0.49012	0.01796	0.19449	0.01273	0.01282	0.00905	0.00827	0.07922	0.00194	0.00552	0.00430	0.00458	0.05364
61	0.00765	0.00475	0.00611	0.00611	0.00705	0.00520	0.00467	0.00953	0.00859	0.01385	0.01390	0.01837	0.01203	0.03912	0.43784	0.00464	0.00782	0.00480	0.38371	0.00426
62	0.00700	0.00500	0.00691	0.00800	0.00882	0.00491	0.00656	0.00873	0.01026	0.01344	0.02530	0.30443	0.02844	0.01359	0.00635	0.00209	0.00382	0.52781	0.00435	0.00418
63	0.00635	0.00481	0.00586	0.00560	0.00685	0.00431	0.00420	0.00828	0.01259	0.01712	0.58327	0.03817	0.26473	0.01031	0.00556	0.00151	0.00227	0.00894	0.00495	0.00431
64	0.01167	0.01120	0.01914	0.02894	0.80488	0.01120	0.01447	0.01447	0.01074	0.01540	0.00887	0.01167	0.00747	0.00420	0.00467	0.00140	0.00560	0.00420	0.00233	0.00747
65	0.00954	0.04633	0.78867	0.01329	0.02018	0.01116	0.01717	0.01491	0.00994	0.01483	0.00841	0.00989	0.00597	0.00447	0.00444	0.00148	0.00692	0.00346	0.00199	0.00694
66	0.00619	0.00480	0.00564	0.00543	0.00675	0.00424	0.00407	0.00797	0.01221	0.01622	0.47320	0.03965	0.37536	0.01064	0.00557	0.00153	0.00230	0.00915	0.00484	0.00424
67	0.01261	0.83713	0.02471	0.00807	0.01210	0.01866	0.00807	0.01412	0.00958	0.01109	0.00656	0.00756	0.00605	0.00403	0.00303	0.00101	0.00504	0.00252	0.00202	0.00605
68	0.00586	0.00419	0.00560	0.00670	0.00702	0.00393	0.00458	0.00677	0.00914	0.01217	0.02592	0.78253	0.03093	0.01466	0.00605	0.00193	0.00284	0.06095	0.00437	0.00386
69	0.00674	0.00505	0.00758	0.00758	0.00842	0.00589	0.00589	0.00842	0.00758	0.01095	0.01263	0.01852	0.01179	0.03536	0.81561	0.00758	0.01263	0.00505	0.00253	0.00421
70	0.01173	0.01015	0.01084	0.01001	0.02915	0.01172	0.00761	0.02483	0.77962	0.01963	0.01897	0.01747	0.01425	0.00635	0.00479	0.00159	0.00377	0.00531	0.00475	0.00746
71	0.00660	0.00482	0.00620	0.00586	0.00700	0.00442	0.00439	0.00876	0.01318	0.01851	0.75320	0.03588	0.09393	0.00979	0.00556	0.00149	0.00224	0.00862	0.00514	0.00442
72	0.01112	0.01154	0.02141	0.07503	0.36378	0.03274	0.33031	0.01434	0.01105	0.01518	0.05873	0.01355	0.00954	0.00450	0.00508	0.00149	0.00647	0.00500	0.00252	0.00663
73	0.01129	0.01224	0.09158	0.07720	0.68437	0.01113	0.01466	0.01436	0.01058	0.01515	0.00880	0.01157	0.00726	0.00426	0.00465	0.00142	0.00577	0.00413	0.00229	0.00728
74	0.01444	0.01641	0.37924	0.01241	0.03854	0.00990	0.07766	0.07700	0.01226	0.29682	0.01237	0.01249	0.00829	0.00500	0.00469	0.00148	0.00583	0.00418	0.00360	0.00738
75	0.01261	0.83713	0.02471	0.00807	0.01210	0.01866	0.00807	0.01412	0.00958	0.01109	0.00656	0.00756	0.00605	0.00403	0.00303	0.00101	0.00504	0.00252	0.00202	0.00605
76	0.00574	0.00410	0.00547	0.00657	0.00684	0.00383	0.00438	0.00657	0.00903	0.01204	0.02599	0.83122	0.03119	0.01477	0.00602	0.00191	0.00274	0.01340	0.00438	0.00383
77	0.01441	0.05567	0.29988	0.01247	0.01694	0.31275	0.05579	0.08821	0.01267	0.07493	0.00903	0.01005	0.00670	0.00479	0.00443	0.00136	0.00713	0.00356	0.00272	0.00651
78	0.00686	0.00457	0.00514	0.00514	0.00514	0.00457	0.00286	0.00686	0.00686	0.00914	0.01486	0.03086	0.01714	0.83430	0.02400	0.00457	0.00457	0.00686	0.00286	0.00286
79	0.01294	0.11330	0.27991	0.01076	0.01524	0.01230	0.01113	0.27492	0.06366	0.04356	0.03977	0.01434	0.01011	0.00568	0.00454	0.00144	0.00540	0.04740	0.02662	0.00697
80	0.01755	0.01302	0.01394	0.01077	0.01448	0.01445	0.00887	0.74314	0.06880	0.02911	0.01179	0.01170	0.00840	0.00570	0.00472	0.00143	0.00510	0.00431	0.00472	0.00799
81	0.01140	0.05152	0.08735	0.01388	0.20619	0.00972	0.03271	0.06767	0.07584	0.03718	0.00981	0.01115	0.00777	0.00425	0.00413	0.00113	0.00468	0.00363	0.00293	0.35707
82	0.00686	0.00457	0.00514	0.00514	0.00514	0.00457	0.00286	0.00686	0.00686	0.00914	0.01486	0.03086	0.01714	0.83430	0.02400	0.00457	0.00457	0.00686	0.00286	0.00286
83	0.01306	0.01264	0.01416	0.03418	0.05862	0.14308	0.03962	0.16478	0.10100	0.01636	0.00954	0.01166	0.00785	0.00735	0.03523	0.00184	0.30138	0.00421	0.01727	0.00616
84	0.00574	0.00410	0.00547	0.00657	0.00684	0.00383	0.00438	0.00657	0.00903	0.01204	0.02599	0.83122	0.03119	0.01477	0.00602	0.00191	0.00274	0.01340	0.00438	0.00383
85	0.00776	0.00592	0.00669	0.00665	0.00808	0.00598	0.00502	0.02303	0.17945	0.01590	0.14673	0.18960	0.21774	0.01025	0.00530	0.00162	0.00287	0.05985	0.09666	0.00490
86	0.00747	0.00495	0.00573	0.00552	0.00696	0.00443	0.00421	0.00922	0.01162	0.06531	0.28890	0.05311	0.33926	0.00994	0.00522	0.00150	0.00249	0.03789	0.13180	0.00446
87	0.01162	0.01115	0.01905	0.04348	0.79074	0.01119	0.01445	0.01443	0.01071	0.01534	0.00886	0.01169	0.00745	0.00421	0.00467	0.00140	0.00561	0.00420	0.00233	0.00743
88	0.00890	0.00838	0.01414	0.82296	0.03247	0.01048	0.01309	0.01205	0.00943	0.01205	0.00838	0.01257	0.00629	0.00471	0.00471	0.00157	0.00629	0.00419	0.00210	0.00524
89	0.01715	0.09743	0.01441	0.01177	0.01435	0.74206	0.00901	0.01839	0.01301	0.01150	0.00722	0.00842	0.00607	0.00478	0.00414	0.00120	0.00818	0.00299	0.00239	0.00552
90	0.01261	0.83713	0.02471	0.00807	0.01210	0.01866	0.00807	0.01412	0.00958	0.01109	0.00656	0.00756	0.00605	0.00403	0.00303	0.00101	0.00504	0.00252	0.00202	0.00605
91	0.00684	0.00463	0.00543	0.00543	0.00553	0.00473	0.00322	0.00704	0.00694	0.00936	0.01459	0.02939	0.01651	0.73933	0.11810	0.00493	0.00553	0.00664	0.00282	0.00302
92	0.00645	0.00481	0.00599	0.00569	0.00691	0.00435	0.00427	0.00846	0.01281	0.01764	0.64713	0.03731	0.20055	0.01011	0.00556	0.00151	0.00226	0.00882	0.00502	0.00435
93	0.01104	0.01246	0.02639	0.01907	0.02333	0.01219	0.70470	0.01470	0.01071	0.01470	0.00918	0.01246	0.00705	0.00443	0.00662	0.00164	0.09531	0.00541	0.00235	0.00623
