[name]
unknown

[dist]
# distance from previous block
# <min> <max>
0	5

[block]
# block no. 0 follows, 52 sequences, length 72
# corresponding to MSA columns:
# 5-76
name=unknown_A
#
# <colnr> <probs for GDERKNQSTAVLIFYWHMCP>
#	G	D	E	R	K	N	Q	S	T	A	V	L	I	F	Y	W	H	M	C	P
0	0.01138	0.01019	0.01314	0.09460	0.01604	0.01148	0.09762	0.02207	0.56442	0.01850	0.01785	0.01958	0.01401	0.00659	0.00514	0.00168	0.00465	0.05967	0.00432	0.00707
1	0.01313	0.01207	0.01251	0.01252	0.10382	0.09476	0.00879	0.07785	0.56562	0.01962	0.01666	0.01595	0.01262	0.00610	0.00485	0.00157	0.00467	0.00502	0.00438	0.00750
2	0.01440	0.01153	0.01406	0.01449	0.18841	0.01251	0.00965	0.36568	0.18790	0.02386	0.09407	0.01567	0.01343	0.00607	0.00494	0.00150	0.00478	0.00505	0.00437	0.00761
3	0.01295	0.00998	0.01209	0.18683	0.01675	0.01102	0.00873	0.38922	0.01709	0.02288	0.18548	0.01979	0.07233	0.00696	0.00510	0.00152	0.00471	0.00573	0.00434	0.00651
4	0.00972	0.02507	0.80458	0.01381	0.02097	0.01125	0.01790	0.01535	0.01023	0.01535	0.00870	0.01023	0.00614	0.00460	0.00460	0.00153	0.00716	0.00358	0.00205	0.00716
5	0.01296	0.83261	0.02539	0.00829	0.01244	0.01917	0.00829	0.01451	0.00985	0.01140	0.00674	0.00777	0.00622	0.00415	0.00311	0.00104	0.00518	0.00259	0.00207	0.00622
6	0.00686	0.00495	0.00648	0.00610	0.00724	0.00457	0.00457	0.00914	0.01372	0.01943	0.79691	0.03620	0.04572	0.00991	0.00572	0.00152	0.00229	0.00876	0.00533	0.00457
7	0.00604	0.00431	0.00578	0.00690	0.00724	0.00405	0.00473	0.00698	0.00941	0.01252	0.02664	0.77191	0.03176	0.01506	0.00622	0.00199	0.00293	0.06706	0.00450	0.00397
8	0.00590	0.00422	0.00562	0.00675	0.00703	0.00394	0.00450	0.00675	0.00928	0.01237	0.02671	0.82653	0.03205	0.01518	0.00619	0.00197	0.00281	0.01378	0.00450	0.00394
9	0.01289	0.01278	0.02590	0.01862	0.02334	0.01218	0.64671	0.09551	0.01278	0.07321	0.01066	0.01317	0.00778	0.00440	0.00557	0.00161	0.00759	0.00552	0.00295	0.00683
10	0.00734	0.00535	0.00715	0.00777	0.00895	0.00516	0.00654	0.00946	0.01177	0.01555	0.21769	0.04920	0.12108	0.01240	0.00634	0.00199	0.00370	0.49344	0.00468	0.00445
11	0.55637	0.00945	0.00850	0.00694	0.01038	0.00989	0.00567	0.06807	0.00980	0.02064	0.00763	0.00877	0.00602	0.00433	0.00330	0.00127	0.00381	0.00282	0.00309	0.25324
12	0.04070	0.02312	0.68630	0.01431	0.02106	0.01136	0.10561	0.01533	0.01030	0.01560	0.00875	0.01047	0.00625	0.00454	0.00467	0.00154	0.00716	0.00379	0.00213	0.00702
13	0.00686	0.00495	0.00648	0.00610	0.00724	0.00457	0.00457	0.00914	0.01372	0.01943	0.79691	0.03620	0.04572	0.00991	0.00572	0.00152	0.00229	0.00876	0.00533	0.00457
14	0.00965	0.00912	0.01543	0.68031	0.16723	0.01090	0.01371	0.01282	0.00992	0.01298	0.00870	0.01276	0.00667	0.00475	0.00484	0.00158	0.00634	0.00431	0.00220	0.00578
15	0.00723	0.00541	0.00745	0.00730	0.00781	0.00623	0.00533	0.00833	0.00751	0.01066	0.01328	0.02270	0.01356	0.30140	0.48932	0.00634	0.06779	0.00575	0.00268	0.00393
16	0.01199	0.01151	0.01967	0.02974	0.79946	0.01151	0.01487	0.01487	0.01103	0.01583	0.00912	0.01199	0.00768	0.00432	0.00480	0.00144	0.00576	0.00432	0.00240	0.00768
17	0.01199	0.01151	0.01967	0.02974	0.79946	0.01151	0.01487	0.01487	0.01103	0.01583	0.00912	0.01199	0.00768	0.00432	0.00480	0.00144	0.00576	0.00432	0.00240	0.00768
18	0.61860	0.01127	0.00922	0.00785	0.01101	0.06878	0.00641	0.18290	0.01182	0.02296	0.00787	0.00876	0.00597	0.00482	0.00350	0.00147	0.00445	0.00304	0.00337	0.00593
19	0.01296	0.83261	0.02539	0.00829	0.01244	0.01917	0.00829	0.01451	0.00985	0.01140	0.00674	0.00777	0.00622	0.00415	0.00311	0.00104	0.00518	0.00259	0.00207	0.00622
20	0.86392	0.00937	0.00712	0.00637	0.00937	0.01087	0.00525	0.01425	0.00825	0.02174	0.00675	0.00787	0.00525	0.00450	0.00300	0.00150	0.00375	0.00262	0.00300	0.00525
21	0.01205	0.01041	0.01096	0.00986	0.01260	0.01205	0.00767	0.02575	0.79071	0.02027	0.01972	0.01808	0.01479	0.00657	0.00493	0.00164	0.00384	0.00548	0.00493	0.00767
22	0.00590	0.00422	0.00562	0.00675	0.00703	0.00394	0.00450	0.00675	0.00928	0.01237	0.02671	0.82653	0.03205	0.01518	0.00619	0.00197	0.00281	0.01378	0.00450	0.00394
23	0.00693	0.00516	0.00765	0.00765	0.00846	0.00598	0.00588	0.00856	0.00775	0.01115	0.01311	0.01975	0.01242	0.08085	0.76640	0.00761	0.01252	0.00530	0.00262	0.00425
24	0.00653	0.00494	0.00602	0.00575	0.00704	0.00443	0.00431	0.00851	0.01294	0.01759	0.57995	0.03923	0.26383	0.01059	0.00572	0.00156	0.00234	0.00919	0.00509	0.00443
25	0.00781	0.00558	0.00781	0.00892	0.01004	0.00558	0.00781	0.01004	0.01116	0.01450	0.02566	0.05466	0.02789	0.01339	0.00669	0.00223	0.00446	0.76685	0.00446	0.00446
26	0.01633	0.01974	0.01546	0.01749	0.24258	0.57851	0.01096	0.01805	0.01295	0.01301	0.00796	0.00968	0.00666	0.00480	0.00449	0.00130	0.00787	0.00347	0.00247	0.00622
27	0.01147	0.02269	0.66674	0.01317	0.01975	0.01135	0.01624	0.09536	0.01179	0.07264	0.00974	0.01082	0.00677	0.00483	0.00465	0.00152	0.00676	0.00375	0.00262	0.00735
28	0.00945	0.00891	0.01507	0.73652	0.11261	0.01084	0.01360	0.01264	0.00983	0.01274	0.00867	0.01282	0.00659	0.00479	0.00484	0.00160	0.00639	0.00431	0.00218	0.00562
29	0.00606	0.00469	0.00552	0.00580	0.00687	0.00416	0.00416	0.00741	0.01110	0.01437	0.22065	0.30172	0.36478	0.01267	0.00588	0.00172	0.00253	0.01105	0.00470	0.00416
30	0.02002	0.00787	0.01070	0.00833	0.01178	0.00683	0.00683	0.02195	0.01385	0.71242	0.10887	0.01877	0.01589	0.00645	0.00497	0.00150	0.00391	0.00532	0.00592	0.00782
31	0.00802	0.00435	0.00601	0.00601	0.00601	0.00435	0.00384	0.00653	0.00653	0.00870	0.01041	0.01966	0.01109	0.25266	0.02060	0.61115	0.00435	0.00503	0.00235	0.00235
32	0.00699	0.00528	0.00666	0.00724	0.00854	0.00496	0.00604	0.00888	0.01138	0.01452	0.11356	0.04997	0.29682	0.01264	0.00626	0.00195	0.00354	0.42586	0.00457	0.00434
33	0.01731	0.00721	0.00976	0.00796	0.01086	0.00631	0.00637	0.01914	0.01331	0.57473	0.15589	0.11341	0.02020	0.00774	0.00517	0.00156	0.00365	0.00658	0.00571	0.00711
34	0.01005	0.10859	0.72400	0.01324	0.02009	0.01207	0.01691	0.01526	0.01019	0.01494	0.00849	0.00998	0.00615	0.00456	0.00445	0.00148	0.00696	0.00348	0.00205	0.00706
35	0.01441	0.01591	0.01437	0.01246	0.01387	0.33328	0.00996	0.09455	0.01154	0.01369	0.00736	0.00996	0.00651	0.00681	0.01014	0.00170	0.41138	0.00381	0.00255	0.00573
36	0.00932	0.00879	0.01484	0.77130	0.07880	0.01081	0.01354	0.01253	0.00977	0.01259	0.00864	0.01286	0.00653	0.00481	0.00484	0.00160	0.00642	0.00431	0.00217	0.00552
37	0.01273	0.77503	0.08095	0.00869	0.01305	0.01861	0.00898	0.01457	0.00987	0.01168	0.00688	0.00795	0.00621	0.00418	0.00322	0.00107	0.00532	0.00266	0.00207	0.00629
38	0.01188	0.01143	0.05684	0.01143	0.04218	0.01200	0.05441	0.02417	0.67262	0.01955	0.01813	0.01712	0.01361	0.00624	0.00495	0.00163	0.00435	0.00534	0.00453	0.00757
39	0.00688	0.00492	0.00616	0.00585	0.00705	0.00451	0.00439	0.00905	0.01316	0.01860	0.65492	0.03611	0.13010	0.00988	0.00555	0.00151	0.00230	0.00863	0.06593	0.00451
40	0.01630	0.00814	0.01018	0.00864	0.01150	0.00793	0.00682	0.02126	0.22794	0.44825	0.02061	0.15847	0.01627	0.00776	0.00512	0.00162	0.00381	0.00660	0.00544	0.00733
41	0.00780	0.00518	0.00666	0.00615	0.00753	0.00470	0.00466	0.00995	0.01345	0.07463	0.66411	0.03587	0.12107	0.00987	0.00566	0.00153	0.00243	0.00864	0.00530	0.00478
42	0.01776	0.01325	0.01417	0.01102	0.01478	0.01472	0.00905	0.70495	0.10221	0.02948	0.01247	0.01230	0.00892	0.00590	0.00486	0.00147	0.00518	0.00448	0.00486	0.00818
43	0.01060	0.01060	0.01484	0.01272	0.01272	0.01484	0.01060	0.01166	0.00742	0.01166	0.00636	0.01060	0.00636	0.00848	0.01590	0.00212	0.82082	0.00424	0.00212	0.00530
44	0.01184	0.01005	0.01454	0.58395	0.02805	0.01200	0.01223	0.23604	0.01349	0.01765	0.00949	0.01255	0.00698	0.00513	0.00485	0.00157	0.00613	0.00432	0.00294	0.00621
45	0.00701	0.00483	0.00598	0.00598	0.00622	0.00507	0.00380	0.00749	0.00725	0.00991	0.01464	0.02821	0.01610	0.61025	0.24203	0.00555	0.00699	0.00653	0.00284	0.00332
46	0.01475	0.00903	0.04265	0.01116	0.01445	0.00809	0.17737	0.01720	0.01144	0.37186	0.01492	0.01625	0.01080	0.01433	0.23878	0.00335	0.00769	0.00510	0.00409	0.00669
47	0.01296	0.83261	0.02539	0.00829	0.01244	0.01917	0.00829	0.01451	0.00985	0.01140	0.00674	0.00777	0.00622	0.00415	0.00311	0.00104	0.00518	0.00259	0.00207	0.00622
48	0.00584	0.00491	0.00507	0.00503	0.00662	0.00414	0.00377	0.00718	0.01132	0.01375	0.12643	0.04556	0.71974	0.01203	0.00573	0.00162	0.00244	0.01008	0.00459	0.00414
49	0.01199	0.01151	0.01967	0.02974	0.79946	0.01151	0.01487	0.01487	0.01103	0.01583	0.00912	0.01199	0.00768	0.00432	0.00480	0.00144	0.00576	0.00432	0.00240	0.00768
50	0.00945	0.00745	0.00903	0.00929	0.01103	0.00809	0.00776	0.01613	0.31322	0.01674	0.02336	0.04049	0.02281	0.01075	0.00601	0.00200	0.00422	0.47183	0.00464	0.00571
51	0.01144	0.01307	0.02859	0.02042	0.02533	0.01225	0.78186	0.01552	0.01144	0.01552	0.00980	0.01307	0.00735	0.00408	0.00572	0.00163	0.00817	0.00572	0.00245	0.00654
52	0.01199	0.01151	0.01967	0.02974	0.79946	0.01151	0.01487	0.01487	0.01103	0.01583	0.00912	0.01199	0.00768	0.00432	0.00480	0.00144	0.00576	0.00432	0.00240	0.00768
53	0.00573	0.00491	0.00491	0.00491	0.00655	0.00409	0.00368	0.00695	0.01105	0.01309	0.04909	0.04664	0.79750	0.01227	0.00573	0.00164	0.00245	0.01023	0.00450	0.00409
54	0.01842	0.01357	0.01454	0.01115	0.01503	0.01503	0.00921	0.78330	0.02278	0.03054	0.01163	0.01163	0.00824	0.00582	0.00485	0.00145	0.00533	0.00436	0.00485	0.00824
55	0.01005	0.00861	0.01005	0.00718	0.01148	0.00646	0.00574	0.01220	0.01005	0.01579	0.00861	0.01005	0.00718	0.00359	0.00359	0.00072	0.00359	0.00287	0.00287	0.85932
56	0.00991	0.07358	0.75778	0.01348	0.02046	0.01173	0.01733	0.01530	0.01021	0.01511	0.00858	0.01008	0.00614	0.00458	0.00451	0.00150	0.00704	0.00352	0.00205	0.00711
57	0.86392	0.00937	0.00712	0.00637	0.00937	0.01087	0.00525	0.01425	0.00825	0.02174	0.00675	0.00787	0.00525	0.00450	0.00300	0.00150	0.00375	0.00262	0.00300	0.00525
58	0.01199	0.01151	0.01967	0.02974	0.79946	0.01151	0.01487	0.01487	0.01103	0.01583	0.00912	0.01199	0.00768	0.00432	0.00480	0.00144	0.00576	0.00432	0.00240	0.00768
59	0.01019	0.00907	0.01197	0.00855	0.01292	0.00706	0.08601	0.01255	0.01019	0.01576	0.00874	0.01036	0.00720	0.00364	0.00381	0.00081	0.00406	0.00317	0.00283	0.77112
60	0.01199	0.01151	0.01967	0.02974	0.79946	0.01151	0.01487	0.01487	0.01103	0.01583	0.00912	0.01199	0.00768	0.00432	0.00480	0.00144	0.00576	0.00432	0.00240	0.00768
61	0.00647	0.00494	0.00594	0.00569	0.00700	0.00441	0.00427	0.00840	0.01281	0.01727	0.54242	0.03975	0.30156	0.01071	0.00572	0.00156	0.00234	0.00926	0.00505	0.00441
62	0.01144	0.01307	0.02859	0.02042	0.02533	0.01225	0.78186	0.01552	0.01144	0.01552	0.00980	0.01307	0.00735	0.00408	0.00572	0.00163	0.00817	0.00572	0.00245	0.00654
63	0.00590	0.00422	0.00562	0.00675	0.00703	0.00394	0.00450	0.00675	0.00928	0.01237	0.02671	0.82653	0.03205	0.01518	0.00619	0.00197	0.00281	0.01378	0.00450	0.00394
64	0.01144	0.01307	0.02859	0.02042	0.02533	0.01225	0.78186	0.01552	0.01144	0.01552	0.00980	0.01307	0.00735	0.00408	0.00572	0.00163	0.00817	0.00572	0.00245	0.00654
65	0.00671	0.00484	0.00635	0.00620	0.00721	0.00448	0.00456	0.00878	0.01305	0.01836	0.68027	0.15588	0.04365	0.01071	0.00579	0.00159	0.00237	0.00952	0.00521	0.00448
66	0.00686	0.00495	0.00648	0.00610	0.00724	0.00457	0.00457	0.00914	0.01372	0.01943	0.79691	0.03620	0.04572	0.00991	0.00572	0.00152	0.00229	0.00876	0.00533	0.00457
67	0.00597	0.00427	0.00570	0.00683	0.00714	0.00400	0.00462	0.00687	0.00935	0.01245	0.02667	0.79871	0.03190	0.01512	0.00620	0.00198	0.00287	0.04092	0.00450	0.00396
68	0.01120	0.01172	0.01636	0.01360	0.01433	0.06763	0.09952	0.01262	0.00831	0.01212	0.00683	0.01076	0.00647	0.00774	0.01396	0.00201	0.67285	0.00434	0.00218	0.00546
69	0.01296	0.83261	0.02539	0.00829	0.01244	0.01917	0.00829	0.01451	0.00985	0.01140	0.00674	0.00777	0.00622	0.00415	0.00311	0.00104	0.00518	0.00259	0.00207	0.00622
70	0.84583	0.00946	0.00728	0.00647	0.00949	0.01096	0.00533	0.03070	0.00856	0.02193	0.00685	0.00795	0.00531	0.00453	0.00304	0.00150	0.00378	0.00266	0.00304	0.00531
71	0.15574	0.02086	0.01266	0.01149	0.01407	0.68016	0.00869	0.01852	0.01284	0.01347	0.00737	0.00860	0.00608	0.00491	0.00415	0.00129	0.00793	0.00304	0.00258	0.00556

[dist]
# distance from previous block
# <min> <max>
0	1

[block]
# block no. 1 follows, 52 sequences, length 84
# corresponding to MSA columns:
# 78-161
name=unknown_B
#
# <colnr> <probs for GDERKNQSTAVLIFYWHMCP>
#	G	D	E	R	K	N	Q	S	T	A	V	L	I	F	Y	W	H	M	C	P
0	0.01801	0.01337	0.01431	0.01107	0.01487	0.01483	0.00911	0.73391	0.07286	0.02987	0.01216	0.01205	0.00867	0.00587	0.00485	0.00147	0.00523	0.00444	0.00485	0.00820
1	0.01205	0.01041	0.01096	0.00986	0.01260	0.01205	0.00767	0.02575	0.79071	0.02027	0.01972	0.01808	0.01479	0.00657	0.00493	0.00164	0.00384	0.00548	0.00493	0.00767
2	0.00705	0.00470	0.00529	0.00529	0.00529	0.00470	0.00294	0.00705	0.00705	0.00940	0.01527	0.03171	0.01762	0.82969	0.02467	0.00470	0.00470	0.00705	0.00294	0.00294
3	0.01060	0.01060	0.01484	0.01272	0.01272	0.01484	0.01060	0.01166	0.00742	0.01166	0.00636	0.01060	0.00636	0.00848	0.01590	0.00212	0.82082	0.00424	0.00212	0.00530
4	0.00705	0.00470	0.00529	0.00529	0.00529	0.00470	0.00294	0.00705	0.00705	0.00940	0.01527	0.03171	0.01762	0.82969	0.02467	0.00470	0.00470	0.00705	0.00294	0.00294
5	0.00772	0.00514	0.00675	0.00624	0.00754	0.00472	0.00472	0.00998	0.01373	0.06488	0.75178	0.03506	0.04377	0.00968	0.00567	0.00152	0.00239	0.00854	0.00537	0.00479
6	0.01810	0.02310	0.01373	0.01248	0.01498	0.81024	0.00936	0.01935	0.01373	0.01186	0.00749	0.00874	0.00624	0.00499	0.00437	0.00125	0.00874	0.00312	0.00250	0.00562
7	0.01001	0.00920	0.01500	0.69471	0.10091	0.01111	0.01331	0.06287	0.01066	0.01388	0.00886	0.01275	0.00669	0.00486	0.00484	0.00159	0.00632	0.00431	0.00235	0.00578
8	0.01311	0.07721	0.01728	0.02744	0.04622	0.26446	0.22836	0.01524	0.01169	0.05902	0.01282	0.17973	0.01229	0.00681	0.00509	0.00152	0.00666	0.00619	0.00306	0.00580
9	0.86392	0.00937	0.00712	0.00637	0.00937	0.01087	0.00525	0.01425	0.00825	0.02174	0.00675	0.00787	0.00525	0.00450	0.00300	0.00150	0.00375	0.00262	0.00300	0.00525
10	0.01121	0.01033	0.01812	0.01362	0.01754	0.00952	0.35248	0.01543	0.09606	0.06158	0.01325	0.04456	0.01124	0.00563	0.00515	0.00146	0.00575	0.07984	0.00330	0.22394
11	0.01257	0.01069	0.01858	0.06605	0.01907	0.00970	0.33551	0.05229	0.01174	0.12281	0.01069	0.01247	0.00791	0.00431	0.00481	0.00131	0.00587	0.00451	0.00317	0.28594
12	0.01975	0.00892	0.01324	0.01013	0.01365	0.00831	0.08198	0.02177	0.01306	0.65609	0.01708	0.01564	0.01104	0.00604	0.00594	0.00157	0.07778	0.00490	0.00531	0.00782
13	0.00969	0.00943	0.01834	0.01467	0.01773	0.00903	0.39948	0.01305	0.02450	0.01528	0.04354	0.03237	0.01788	0.00845	0.00614	0.00190	0.00625	0.34323	0.00348	0.00557
14	0.00664	0.00483	0.00639	0.00727	0.00803	0.00461	0.00556	0.00810	0.01032	0.01356	0.07827	0.40540	0.10455	0.02933	0.02037	0.00215	0.00352	0.27244	0.00448	0.00416
15	0.01925	0.01042	0.09028	0.04564	0.01437	0.00862	0.00878	0.07747	0.01369	0.59734	0.01649	0.01509	0.01064	0.00591	0.00534	0.00153	0.04142	0.00465	0.00518	0.00788
16	0.01296	0.83261	0.02539	0.00829	0.01244	0.01917	0.00829	0.01451	0.00985	0.01140	0.00674	0.00777	0.00622	0.00415	0.00311	0.00104	0.00518	0.00259	0.00207	0.00622
17	0.00915	0.00861	0.01453	0.81804	0.03338	0.01077	0.01346	0.01238	0.00969	0.01238	0.00861	0.01292	0.00646	0.00484	0.00484	0.00161	0.00646	0.00431	0.00215	0.00538
18	0.01235	0.68246	0.17027	0.00932	0.01402	0.01770	0.01008	0.01467	0.00992	0.01213	0.00710	0.00823	0.00620	0.00423	0.00339	0.00113	0.00555	0.00278	0.00207	0.00639
19	0.01174	0.01118	0.01864	0.09917	0.67943	0.01148	0.01428	0.01536	0.06175	0.01581	0.00976	0.01247	0.00803	0.00451	0.00481	0.00147	0.00569	0.00439	0.00254	0.00747
20	0.00686	0.00495	0.00648	0.00610	0.00724	0.00457	0.00457	0.00914	0.01372	0.01943	0.79691	0.03620	0.04572	0.00991	0.00572	0.00152	0.00229	0.00876	0.00533	0.00457
21	0.01199	0.01151	0.01967	0.02974	0.79946	0.01151	0.01487	0.01487	0.01103	0.01583	0.00912	0.01199	0.00768	0.00432	0.00480	0.00144	0.00576	0.00432	0.00240	0.00768
22	0.01024	0.15542	0.67881	0.01292	0.01960	0.01253	0.01635	0.01521	0.01017	0.01471	0.00838	0.00983	0.00615	0.00453	0.00436	0.00145	0.00684	0.00342	0.00205	0.00701
23	0.00590	0.00422	0.00562	0.00675	0.00703	0.00394	0.00450	0.00675	0.00928	0.01237	0.02671	0.82653	0.03205	0.01518	0.00619	0.00197	0.00281	0.01378	0.00450	0.00394
24	0.00598	0.00435	0.00564	0.00652	0.00701	0.00401	0.00443	0.00700	0.00986	0.01311	0.10282	0.68052	0.10204	0.01441	0.00610	0.00190	0.00273	0.01298	0.00458	0.00401
25	0.01144	0.01307	0.02859	0.02042	0.02533	0.01225	0.78186	0.01552	0.01144	0.01552	0.00980	0.01307	0.00735	0.00408	0.00572	0.00163	0.00817	0.00572	0.00245	0.00654
26	0.01253	0.01298	0.02560	0.02002	0.10386	0.01259	0.58841	0.12888	0.01307	0.01777	0.01000	0.01275	0.00752	0.00436	0.00549	0.00159	0.00750	0.00537	0.00280	0.00691
27	0.00588	0.00432	0.00552	0.00648	0.00696	0.00396	0.00438	0.00678	0.00954	0.01248	0.03002	0.71132	0.14513	0.01475	0.00612	0.00192	0.00276	0.01325	0.00450	0.00396
28	0.00590	0.00422	0.00562	0.00675	0.00703	0.00394	0.00450	0.00675	0.00928	0.01237	0.02671	0.82653	0.03205	0.01518	0.00619	0.00197	0.00281	0.01378	0.00450	0.00394
29	0.01005	0.00861	0.01005	0.00718	0.01148	0.00646	0.00574	0.01220	0.01005	0.01579	0.00861	0.01005	0.00718	0.00359	0.00359	0.00072	0.00359	0.00287	0.00287	0.85932
30	0.01810	0.02310	0.01373	0.01248	0.01498	0.81024	0.00936	0.01935	0.01373	0.01186	0.00749	0.00874	0.00624	0.00499	0.00437	0.00125	0.00874	0.00312	0.00250	0.00562
31	0.00705	0.00470	0.00529	0.00529	0.00529	0.00470	0.00294	0.00705	0.00705	0.00940	0.01527	0.03171	0.01762	0.82969	0.02467	0.00470	0.00470	0.00705	0.00294	0.00294
32	0.01141	0.01091	0.01861	0.19283	0.64097	0.01136	0.01458	0.01436	0.01076	0.01512	0.00901	0.01219	0.00742	0.00443	0.00481	0.00148	0.00590	0.00432	0.00235	0.00720
33	0.00921	0.00861	0.01424	0.76517	0.03195	0.01049	0.01296	0.01237	0.00971	0.01260	0.00861	0.01273	0.00651	0.00476	0.00476	0.00156	0.00627	0.00421	0.00220	0.06106
34	0.01199	0.01151	0.01967	0.02974	0.79946	0.01151	0.01487	0.01487	0.01103	0.01583	0.00912	0.01199	0.00768	0.00432	0.00480	0.00144	0.00576	0.00432	0.00240	0.00768
35	0.00643	0.00494	0.00588	0.00564	0.00697	0.00439	0.00423	0.00831	0.01269	0.01700	0.51054	0.04020	0.33360	0.01081	0.00572	0.00157	0.00235	0.00932	0.00502	0.00439
36	0.01296	0.83261	0.02539	0.00829	0.01244	0.01917	0.00829	0.01451	0.00985	0.01140	0.00674	0.00777	0.00622	0.00415	0.00311	0.00104	0.00518	0.00259	0.00207	0.00622
37	0.01262	0.01161	0.01840	0.02617	0.65340	0.01190	0.01368	0.08978	0.08211	0.01765	0.01031	0.01251	0.00837	0.00466	0.00481	0.00146	0.00554	0.00443	0.00286	0.00773
38	0.01070	0.26878	0.56942	0.01215	0.01840	0.01364	0.01500	0.01509	0.01012	0.01416	0.00811	0.00949	0.00616	0.00447	0.00415	0.00138	0.00656	0.00328	0.00205	0.00688
39	0.00603	0.00431	0.00577	0.00689	0.00723	0.00404	0.00471	0.00696	0.00940	0.01251	0.02664	0.77620	0.03178	0.01507	0.00622	0.00199	0.00292	0.06288	0.00450	0.00397
40	0.00972	0.02507	0.80458	0.01381	0.02097	0.01125	0.01790	0.01535	0.01023	0.01535	0.00870	0.01023	0.00614	0.00460	0.00460	0.00153	0.00716	0.00358	0.00205	0.00716
41	0.01085	0.26771	0.49981	0.01274	0.01879	0.01373	0.08354	0.01511	0.01022	0.01417	0.00820	0.00974	0.00627	0.00442	0.00425	0.00139	0.00665	0.00347	0.00209	0.00682
42	0.01199	0.01151	0.01967	0.02974	0.79946	0.01151	0.01487	0.01487	0.01103	0.01583	0.00912	0.01199	0.00768	0.00432	0.00480	0.00144	0.00576	0.00432	0.00240	0.00768
43	0.01756	0.02322	0.06530	0.01257	0.01537	0.75814	0.00992	0.01909	0.01350	0.01209	0.00757	0.00884	0.00624	0.00497	0.00438	0.00127	0.00864	0.00315	0.00247	0.00572
44	0.00941	0.00887	0.01500	0.74733	0.10210	0.01083	0.01359	0.01261	0.00981	0.01269	0.00866	0.01284	0.00657	0.00480	0.00484	0.00160	0.00640	0.00431	0.00218	0.00559
45	0.00588	0.00478	0.00521	0.00539	0.00671	0.00411	0.00393	0.00714	0.01097	0.01360	0.12080	0.19833	0.57108	0.01260	0.00582	0.00169	0.00251	0.01077	0.00458	0.00411
46	0.00590	0.00422	0.00562	0.00675	0.00703	0.00394	0.00450	0.00675	0.00928	0.01237	0.02671	0.82653	0.03205	0.01518	0.00619	0.00197	0.00281	0.01378	0.00450	0.00394
47	0.01174	0.00939	0.01034	0.00907	0.01154	0.01040	0.00714	0.16626	0.40865	0.02183	0.22737	0.02292	0.02228	0.00755	0.00518	0.00159	0.00373	0.03118	0.00501	0.00684
48	0.00972	0.02507	0.80458	0.01381	0.02097	0.01125	0.01790	0.01535	0.01023	0.01535	0.00870	0.01023	0.00614	0.00460	0.00460	0.00153	0.00716	0.00358	0.00205	0.00716
49	0.01812	0.02254	0.01378	0.01241	0.01498	0.76411	0.00935	0.06367	0.01426	0.01294	0.00773	0.00891	0.00636	0.00504	0.00440	0.00126	0.00854	0.00319	0.00263	0.00577
50	0.01005	0.00861	0.01005	0.00718	0.01148	0.00646	0.00574	0.01220	0.01005	0.01579	0.00861	0.01005	0.00718	0.00359	0.00359	0.00072	0.00359	0.00287	0.00287	0.85932
51	0.01538	0.01628	0.01592	0.01584	0.16095	0.31806	0.04776	0.17502	0.01388	0.01660	0.00856	0.01048	0.00700	0.00561	0.00665	0.00150	0.15115	0.00392	0.00290	0.00653
52	0.00590	0.00422	0.00562	0.00675	0.00703	0.00394	0.00450	0.00675	0.00928	0.01237	0.02671	0.82653	0.03205	0.01518	0.00619	0.00197	0.00281	0.01378	0.00450	0.00394
53	0.00596	0.00424	0.00561	0.00667	0.00694	0.00397	0.00442	0.00676	0.00917	0.01222	0.02613	0.78634	0.03132	0.05637	0.00712	0.00211	0.00291	0.01344	0.00442	0.00389
54	0.01144	0.01307	0.02859	0.02042	0.02533	0.01225	0.78186	0.01552	0.01144	0.01552	0.00980	0.01307	0.00735	0.00408	0.00572	0.00163	0.00817	0.00572	0.00245	0.00654
55	0.00612	0.00437	0.00587	0.00700	0.00737	0.00412	0.00488	0.00713	0.00949	0.01262	0.02659	0.73793	0.03157	0.01498	0.00624	0.00200	0.00300	0.10022	0.00449	0.00400
56	0.00692	0.00519	0.00779	0.00779	0.00865	0.00606	0.00606	0.00865	0.00779	0.01125	0.01298	0.01904	0.01211	0.03634	0.81049	0.00779	0.01298	0.00519	0.00260	0.00433
57	0.01184	0.01135	0.01938	0.07369	0.75675	0.01147	0.01479	0.01473	0.01096	0.01564	0.00909	0.01205	0.00761	0.00435	0.00480	0.00145	0.00580	0.00432	0.00239	0.00755
58	0.01296	0.83261	0.02539	0.00829	0.01244	0.01917	0.00829	0.01451	0.00985	0.01140	0.00674	0.00777	0.00622	0.00415	0.00311	0.00104	0.00518	0.00259	0.00207	0.00622
59	0.00590	0.00422	0.00562	0.00675	0.00703	0.00394	0.00450	0.00675	0.00928	0.01237	0.02671	0.82653	0.03205	0.01518	0.00619	0.00197	0.00281	0.01378	0.00450	0.00394
60	0.00686	0.00495	0.00648	0.00610	0.00724	0.00457	0.00457	0.00914	0.01372	0.01943	0.79691	0.03620	0.04572	0.00991	0.00572	0.00152	0.00229	0.00876	0.00533	0.00457
61	0.00630	0.00535	0.00549	0.00538	0.00707	0.00475	0.00405	0.00858	0.07265	0.01407	0.09554	0.04371	0.68680	0.01167	0.00566	0.00163	0.00255	0.00976	0.00459	0.00440
62	0.01335	0.01105	0.01169	0.01012	0.01310	0.01266	0.00798	0.17994	0.63440	0.02236	0.01808	0.01677	0.01346	0.00642	0.00491	0.00161	0.00414	0.00525	0.00491	0.00779
63	0.01169	0.01236	0.02452	0.02468	0.37889	0.01192	0.43156	0.01523	0.01125	0.01566	0.00949	0.01258	0.00750	0.00419	0.00530	0.00155	0.00707	0.00508	0.00243	0.00706
64	0.00675	0.00495	0.00633	0.00598	0.00717	0.00453	0.00449	0.00893	0.01346	0.01882	0.72495	0.03720	0.11806	0.01013	0.00572	0.00153	0.00230	0.00890	0.00525	0.00453
65	0.00603	0.00439	0.00560	0.00652	0.00699	0.00407	0.00444	0.00692	0.00944	0.01237	0.02879	0.65209	0.12650	0.06200	0.00722	0.00210	0.00294	0.04326	0.00441	0.00392
66	0.01196	0.01032	0.01091	0.00973	0.01255	0.01178	0.00758	0.02510	0.75313	0.02006	0.01919	0.01769	0.01443	0.00643	0.00487	0.00160	0.00382	0.00535	0.00483	0.04867
67	0.01842	0.01357	0.01454	0.01115	0.01503	0.01503	0.00921	0.78330	0.02278	0.03054	0.01163	0.01163	0.00824	0.00582	0.00485	0.00145	0.00533	0.00436	0.00485	0.00824
68	0.01115	0.38113	0.46102	0.01138	0.01721	0.01475	0.01367	0.01498	0.01006	0.01361	0.00783	0.00915	0.00617	0.00440	0.00395	0.00132	0.00629	0.00314	0.00206	0.00675
69	0.00972	0.02507	0.80458	0.01381	0.02097	0.01125	0.01790	0.01535	0.01023	0.01535	0.00870	0.01023	0.00614	0.00460	0.00460	0.00153	0.00716	0.00358	0.00205	0.00716
70	0.00705	0.00470	0.00529	0.00529	0.00529	0.00470	0.00294	0.00705	0.00705	0.00940	0.01527	0.03171	0.01762	0.82969	0.02467	0.00470	0.00470	0.00705	0.00294	0.00294
71	0.00842	0.00421	0.00631	0.00631	0.00631	0.00421	0.00421	0.00631	0.00631	0.00842	0.00842	0.01473	0.00842	0.01684	0.01894	0.85901	0.00421	0.00421	0.00210	0.00210
72	0.01897	0.01156	0.01360	0.01209	0.08940	0.11432	0.04306	0.12704	0.04972	0.44622	0.01521	0.01429	0.01023	0.00562	0.00484	0.00147	0.00522	0.00458	0.00483	0.00774
73	0.01058	0.00917	0.01075	0.17620	0.01589	0.01045	0.00820	0.05596	0.44720	0.01780	0.02250	0.02201	0.15828	0.00724	0.00506	0.00163	0.00419	0.00607	0.00427	0.00656
74	0.01060	0.01060	0.01484	0.01272	0.01272	0.01484	0.01060	0.01166	0.00742	0.01166	0.00636	0.01060	0.00636	0.00848	0.01590	0.00212	0.82082	0.00424	0.00212	0.00530
75	0.17804	0.00839	0.01039	0.00816	0.01171	0.00777	0.00672	0.02160	0.01282	0.64249	0.03181	0.01527	0.01139	0.00579	0.00454	0.00150	0.00402	0.00453	0.00543	0.00762
76	0.01199	0.01151	0.01967	0.02974	0.79946	0.01151	0.01487	0.01487	0.01103	0.01583	0.00912	0.01199	0.00768	0.00432	0.00480	0.00144	0.00576	0.00432	0.00240	0.00768
77	0.06731	0.48521	0.21015	0.01071	0.01543	0.01598	0.07897	0.01468	0.00989	0.01339	0.00746	0.00893	0.00624	0.00442	0.00413	0.00128	0.03410	0.00316	0.00216	0.00638
78	0.00866	0.00783	0.01103	0.01013	0.01042	0.01023	0.00809	0.00984	0.00786	0.01164	0.01211	0.16498	0.01291	0.03161	0.23189	0.00369	0.43330	0.00632	0.00271	0.00474
79	0.01537	0.00831	0.01251	0.01024	0.01311	0.00797	0.10624	0.01818	0.06295	0.40392	0.01938	0.10303	0.02811	0.00798	0.00602	0.00171	0.05189	0.11141	0.00486	0.00680
80	0.01177	0.01215	0.01142	0.01055	0.01236	0.28942	0.08869	0.01330	0.01151	0.05081	0.01767	0.32653	0.01891	0.00978	0.00549	0.00169	0.00572	0.09353	0.00364	0.00507
81	0.01080	0.01017	0.01691	0.03835	0.63941	0.01011	0.01285	0.01334	0.01084	0.01520	0.01439	0.09349	0.08086	0.00609	0.00502	0.00151	0.00519	0.00576	0.00279	0.00696
82	0.01114	0.03483	0.20032	0.02293	0.46710	0.02395	0.08345	0.01457	0.01078	0.01529	0.01014	0.06464	0.00882	0.00508	0.00488	0.00150	0.00614	0.00483	0.00245	0.00714
83	0.04463	0.01192	0.02616	0.01175	0.01437	0.18422	0.16189	0.05892	0.02583	0.04768	0.10184	0.04201	0.01790	0.00801	0.00549	0.00169	0.00591	0.22041	0.00373	0.00563

[dist]
# distance from previous block
# <min> <max>
5	12

[block]
# block no. 2 follows, 52 sequences, length 74
# corresponding to MSA columns:
# 175-248
name=unknown_C
#
# <colnr> <probs for GDERKNQSTAVLIFYWHMCP>
#	G	D	E	R	K	N	Q	S	T	A	V	L	I	F	Y	W	H	M	C	P
0	0.00573	0.00489	0.00493	0.00495	0.00656	0.00409	0.00370	0.00695	0.01100	0.01307	0.04857	0.06492	0.77956	0.01234	0.00574	0.00164	0.00246	0.01031	0.00450	0.00409
1	0.86392	0.00937	0.00712	0.00637	0.00937	0.01087	0.00525	0.01425	0.00825	0.02174	0.00675	0.00787	0.00525	0.00450	0.00300	0.00150	0.00375	0.00262	0.00300	0.00525
2	0.00686	0.00495	0.00648	0.00610	0.00724	0.00457	0.00457	0.00914	0.01372	0.01943	0.79691	0.03620	0.04572	0.00991	0.00572	0.00152	0.00229	0.00876	0.00533	0.00457
3	0.01842	0.01357	0.01454	0.01115	0.01503	0.01503	0.00921	0.78330	0.02278	0.03054	0.01163	0.01163	0.00824	0.00582	0.00485	0.00145	0.00533	0.00436	0.00485	0.00824
4	0.83719	0.00934	0.00725	0.00644	0.00947	0.01075	0.00531	0.01454	0.00843	0.04653	0.00714	0.00815	0.00546	0.00455	0.00306	0.00150	0.00376	0.00270	0.00309	0.00534
5	0.02135	0.00984	0.01151	0.00904	0.01265	0.09326	0.00736	0.02316	0.01386	0.71798	0.01787	0.01566	0.01138	0.00589	0.00482	0.00147	0.00462	0.00469	0.00562	0.00797
6	0.00705	0.00470	0.00529	0.00529	0.00529	0.00470	0.00294	0.00705	0.00705	0.00940	0.01527	0.03171	0.01762	0.82969	0.02467	0.00470	0.00470	0.00705	0.00294	0.00294
7	0.00590	0.00422	0.00562	0.00675	0.00703	0.00394	0.00450	0.00675	0.00928	0.01237	0.02671	0.82653	0.03205	0.01518	0.00619	0.00197	0.00281	0.01378	0.00450	0.00394
8	0.02041	0.00895	0.01151	0.00898	0.01263	0.00835	0.00737	0.09078	0.09798	0.65084	0.01852	0.01624	0.01196	0.00604	0.00488	0.00151	0.00420	0.00489	0.00578	0.00818
9	0.01232	0.67484	0.17762	0.00937	0.01411	0.01763	0.01017	0.01467	0.00992	0.01217	0.00712	0.00825	0.00620	0.00424	0.00340	0.00113	0.00557	0.00278	0.00207	0.00640
10	0.00573	0.00491	0.00491	0.00491	0.00655	0.00409	0.00368	0.00695	0.01105	0.01309	0.04909	0.04664	0.79750	0.01227	0.00573	0.00164	0.00245	0.01023	0.00450	0.00409
11	0.01186	0.01137	0.01942	0.06755	0.76272	0.01148	0.01480	0.01475	0.01097	0.01567	0.00909	0.01204	0.00762	0.00434	0.00480	0.00145	0.00579	0.00432	0.00239	0.00757
12	0.01005	0.00861	0.01005	0.00718	0.01148	0.00646	0.00574	0.01220	0.01005	0.01579	0.00861	0.01005	0.00718	0.00359	0.00359	0.00072	0.00359	0.00287	0.00287	0.85932
13	0.01042	0.01148	0.02411	0.01750	0.02172	0.01070	0.62991	0.01404	0.01160	0.01561	0.08337	0.01871	0.09548	0.00548	0.00572	0.00162	0.00704	0.00647	0.00292	0.00610
14	0.01301	0.01170	0.01126	0.01010	0.01285	0.09751	0.00783	0.02500	0.68272	0.04421	0.01839	0.01703	0.01379	0.00639	0.00487	0.00160	0.00437	0.00521	0.00470	0.00747
15	0.01296	0.83261	0.02539	0.00829	0.01244	0.01917	0.00829	0.01451	0.00985	0.01140	0.00674	0.00777	0.00622	0.00415	0.00311	0.00104	0.00518	0.00259	0.00207	0.00622
16	0.86392	0.00937	0.00712	0.00637	0.00937	0.01087	0.00525	0.01425	0.00825	0.02174	0.00675	0.00787	0.00525	0.00450	0.00300	0.00150	0.00375	0.00262	0.00300	0.00525
17	0.00903	0.00452	0.00452	0.00452	0.00565	0.00452	0.00339	0.01129	0.01016	0.01807	0.01581	0.01807	0.01242	0.00565	0.00339	0.00113	0.00226	0.00452	0.85659	0.00452
18	0.01810	0.02310	0.01373	0.01248	0.01498	0.81024	0.00936	0.01935	0.01373	0.01186	0.00749	0.00874	0.00624	0.00499	0.00437	0.00125	0.00874	0.00312	0.00250	0.00562
19	0.77249	0.00977	0.00943	0.00788	0.01108	0.01102	0.08855	0.01438	0.00859	0.02108	0.00708	0.00843	0.00547	0.00445	0.00329	0.00151	0.00422	0.00296	0.00294	0.00539
20	0.00607	0.00429	0.00557	0.00653	0.00677	0.00405	0.00427	0.00679	0.00895	0.01193	0.02502	0.70937	0.02992	0.13524	0.00891	0.00237	0.00309	0.01278	0.00427	0.00379
21	0.01127	0.01077	0.01836	0.23136	0.60352	0.01132	0.01451	0.01424	0.01069	0.01495	0.00899	0.01223	0.00737	0.00445	0.00481	0.00148	0.00594	0.00431	0.00234	0.00709
22	0.00686	0.00514	0.00766	0.00773	0.00856	0.00593	0.00597	0.00854	0.00787	0.01131	0.01378	0.06580	0.01327	0.03512	0.76391	0.00745	0.01239	0.00569	0.00271	0.00430
23	0.01810	0.02310	0.01373	0.01248	0.01498	0.81024	0.00936	0.01935	0.01373	0.01186	0.00749	0.00874	0.00624	0.00499	0.00437	0.00125	0.00874	0.00312	0.00250	0.00562
24	0.00590	0.00422	0.00562	0.00675	0.00703	0.00394	0.00450	0.00675	0.00928	0.01237	0.02671	0.82653	0.03205	0.01518	0.00619	0.00197	0.00281	0.01378	0.00450	0.00394
25	0.01205	0.01041	0.01096	0.00986	0.01260	0.01205	0.00767	0.02575	0.79071	0.02027	0.01972	0.01808	0.01479	0.00657	0.00493	0.00164	0.00384	0.00548	0.00493	0.00767
26	0.09135	0.11060	0.01365	0.00955	0.03774	0.01134	0.00772	0.25031	0.01479	0.22930	0.01195	0.01184	0.00851	0.00508	0.00424	0.00128	0.00454	0.00385	0.00420	0.16818
27	0.01232	0.67484	0.17762	0.00937	0.01411	0.01763	0.01017	0.01467	0.00992	0.01217	0.00712	0.00825	0.00620	0.00424	0.00340	0.00113	0.00557	0.00278	0.00207	0.00640
28	0.00624	0.00493	0.00562	0.00545	0.00686	0.00431	0.00409	0.00795	0.01226	0.01596	0.38783	0.04191	0.45697	0.01120	0.00572	0.00159	0.00238	0.00956	0.00488	0.00431
29	0.00573	0.00491	0.00491	0.00491	0.00655	0.00409	0.00368	0.00695	0.01105	0.01309	0.04909	0.04664	0.79750	0.01227	0.00573	0.00164	0.00245	0.01023	0.00450	0.00409
30	0.00979	0.01707	0.39544	0.01276	0.01624	0.01222	0.01363	0.01304	0.00893	0.01350	0.00914	0.07675	0.00834	0.00715	0.00966	0.00183	0.36143	0.00470	0.00228	0.00609
31	0.01004	0.00549	0.00559	0.00523	0.00665	0.00564	0.00401	0.09410	0.01152	0.01940	0.01536	0.01738	0.01197	0.00566	0.00354	0.00116	0.00259	0.00450	0.76524	0.00492
32	0.00585	0.00491	0.00508	0.00504	0.00662	0.00414	0.00378	0.00719	0.01133	0.01377	0.12930	0.04552	0.71686	0.01202	0.00573	0.00162	0.00244	0.01007	0.00459	0.00414
33	0.00705	0.00470	0.00529	0.00529	0.00529	0.00470	0.00294	0.00705	0.00705	0.00940	0.01527	0.03171	0.01762	0.82969	0.02467	0.00470	0.00470	0.00705	0.00294	0.00294
34	0.01169	0.01120	0.01912	0.11430	0.71729	0.01143	0.01472	0.01461	0.01089	0.01546	0.00906	0.01209	0.00755	0.00437	0.00480	0.00146	0.00583	0.00432	0.00237	0.00743
35	0.01395	0.00999	0.01101	0.00962	0.01256	0.01109	0.00756	0.02533	0.63894	0.17316	0.01961	0.01777	0.01425	0.00646	0.00492	0.00162	0.00389	0.00536	0.00514	0.00778
36	0.00692	0.00519	0.00779	0.00779	0.00865	0.00606	0.00606	0.00865	0.00779	0.01125	0.01298	0.01904	0.01211	0.03634	0.81049	0.00779	0.01298	0.00519	0.00260	0.00433
37	0.01005	0.00861	0.01005	0.00718	0.01148	0.00646	0.00574	0.01220	0.01005	0.01579	0.00861	0.01005	0.00718	0.00359	0.00359	0.00072	0.00359	0.00287	0.00287	0.85932
38	0.02174	0.00825	0.01125	0.00862	0.01237	0.00712	0.00712	0.02362	0.01387	0.80282	0.01912	0.01649	0.01200	0.00600	0.00487	0.00150	0.00412	0.00487	0.00600	0.00825
39	0.00686	0.00495	0.00648	0.00610	0.00724	0.00457	0.00457	0.00914	0.01372	0.01943	0.79691	0.03620	0.04572	0.00991	0.00572	0.00152	0.00229	0.00876	0.00533	0.00457
40	0.01199	0.01151	0.01967	0.02974	0.79946	0.01151	0.01487	0.01487	0.01103	0.01583	0.00912	0.01199	0.00768	0.00432	0.00480	0.00144	0.00576	0.00432	0.00240	0.00768
41	0.00971	0.00918	0.01554	0.66404	0.18304	0.01091	0.01373	0.01287	0.00995	0.01306	0.00871	0.01274	0.00670	0.00474	0.00484	0.00158	0.00632	0.00431	0.00220	0.00583
42	0.01199	0.01151	0.01967	0.02974	0.79946	0.01151	0.01487	0.01487	0.01103	0.01583	0.00912	0.01199	0.00768	0.00432	0.00480	0.00144	0.00576	0.00432	0.00240	0.00768
43	0.01060	0.01060	0.01484	0.01272	0.01272	0.01484	0.01060	0.01166	0.00742	0.01166	0.00636	0.01060	0.00636	0.00848	0.01590	0.00212	0.82082	0.00424	0.00212	0.00530
44	0.02909	0.00950	0.01379	0.01117	0.01404	0.00968	0.16443	0.14287	0.13024	0.14034	0.01638	0.03654	0.01414	0.10920	0.02121	0.00216	0.00534	0.11930	0.00418	0.00639
45	0.00994	0.08058	0.75102	0.01343	0.02039	0.01180	0.01724	0.01529	0.01020	0.01508	0.00856	0.01006	0.00614	0.00457	0.00450	0.00150	0.00703	0.00351	0.00205	0.00710
46	0.01515	0.01791	0.01295	0.01166	0.01340	0.52567	0.00900	0.01647	0.01174	0.01234	0.00817	0.01038	0.00703	0.00703	0.03726	0.00168	0.19551	0.00358	0.07767	0.00540
47	0.00686	0.00495	0.00648	0.00610	0.00724	0.00457	0.00457	0.00914	0.01372	0.01943	0.79691	0.03620	0.04572	0.00991	0.00572	0.00152	0.00229	0.00876	0.00533	0.00457
48	0.01005	0.00861	0.01005	0.00718	0.01148	0.00646	0.00574	0.01220	0.01005	0.01579	0.00861	0.01005	0.00718	0.00359	0.00359	0.00072	0.00359	0.00287	0.00287	0.85932
49	0.08958	0.01043	0.01133	0.00913	0.01252	0.08680	0.00738	0.11935	0.05934	0.48491	0.01634	0.04701	0.01136	0.00615	0.00472	0.00150	0.00463	0.00484	0.00514	0.00754
50	0.01199	0.01151	0.01967	0.02974	0.79946	0.01151	0.01487	0.01487	0.01103	0.01583	0.00912	0.01199	0.00768	0.00432	0.00480	0.00144	0.00576	0.00432	0.00240	0.00768
51	0.00715	0.00511	0.00705	0.00817	0.00900	0.00501	0.00666	0.00890	0.01050	0.01376	0.02602	0.32223	0.02933	0.01401	0.00652	0.00214	0.00389	0.50580	0.00447	0.00428
52	0.01259	0.01044	0.01133	0.00929	0.01270	0.01092	0.00737	0.15676	0.42100	0.02077	0.01497	0.01454	0.01135	0.00555	0.00452	0.00133	0.00403	0.00450	0.00430	0.26176
53	0.00972	0.02507	0.80458	0.01381	0.02097	0.01125	0.01790	0.01535	0.01023	0.01535	0.00870	0.01023	0.00614	0.00460	0.00460	0.00153	0.00716	0.00358	0.00205	0.00716
54	0.02003	0.01100	0.01295	0.00993	0.01374	0.01120	0.00820	0.41578	0.01847	0.40416	0.01526	0.01399	0.01006	0.00590	0.00486	0.00148	0.00475	0.00461	0.00540	0.00824
55	0.01061	0.02382	0.74567	0.01343	0.02034	0.01095	0.01710	0.01596	0.01050	0.07383	0.00947	0.01070	0.00657	0.00471	0.00462	0.00153	0.00694	0.00368	0.00234	0.00724
56	0.00705	0.00470	0.00529	0.00529	0.00529	0.00470	0.00294	0.00705	0.00705	0.00940	0.01527	0.03171	0.01762	0.82969	0.02467	0.00470	0.00470	0.00705	0.00294	0.00294
57	0.00842	0.00421	0.00631	0.00631	0.00631	0.00421	0.00421	0.00631	0.00631	0.00842	0.00842	0.01473	0.00842	0.01684	0.01894	0.85901	0.00421	0.00421	0.00210	0.00210
58	0.01205	0.01041	0.01096	0.00986	0.01260	0.01205	0.00767	0.02575	0.79071	0.02027	0.01972	0.01808	0.01479	0.00657	0.00493	0.00164	0.00384	0.00548	0.00493	0.00767
59	0.01188	0.01140	0.01946	0.06139	0.76871	0.01148	0.01482	0.01477	0.01098	0.01569	0.00910	0.01203	0.00763	0.00434	0.00480	0.00145	0.00579	0.00432	0.00239	0.00758
60	0.00705	0.00470	0.00529	0.00529	0.00529	0.00470	0.00294	0.00705	0.00705	0.00940	0.01527	0.03171	0.01762	0.82969	0.02467	0.00470	0.00470	0.00705	0.00294	0.00294
61	0.00705	0.00470	0.00529	0.00529	0.00529	0.00470	0.00294	0.00705	0.00705	0.00940	0.01527	0.03171	0.01762	0.82969	0.02467	0.00470	0.00470	0.00705	0.00294	0.00294
62	0.01144	0.01307	0.02859	0.02042	0.02533	0.01225	0.78186	0.01552	0.01144	0.01552	0.00980	0.01307	0.00735	0.00408	0.00572	0.00163	0.00817	0.00572	0.00245	0.00654
63	0.01842	0.01357	0.01454	0.01115	0.01503	0.01503	0.00921	0.78330	0.02278	0.03054	0.01163	0.01163	0.00824	0.00582	0.00485	0.00145	0.00533	0.00436	0.00485	0.00824
64	0.01060	0.01060	0.01484	0.01272	0.01272	0.01484	0.01060	0.01166	0.00742	0.01166	0.00636	0.01060	0.00636	0.00848	0.01590	0.00212	0.82082	0.00424	0.00212	0.00530
65	0.00692	0.00519	0.00779	0.00779	0.00865	0.00606	0.00606	0.00865	0.00779	0.01125	0.01298	0.01904	0.01211	0.03634	0.81049	0.00779	0.01298	0.00519	0.00260	0.00433
66	0.00705	0.00470	0.00529	0.00529	0.00529	0.00470	0.00294	0.00705	0.00705	0.00940	0.01527	0.03171	0.01762	0.82969	0.02467	0.00470	0.00470	0.00705	0.00294	0.00294
67	0.01060	0.01060	0.01484	0.01272	0.01272	0.01484	0.01060	0.01166	0.00742	0.01166	0.00636	0.01060	0.00636	0.00848	0.01590	0.00212	0.82082	0.00424	0.00212	0.00530
68	0.00915	0.00861	0.01453	0.81804	0.03338	0.01077	0.01346	0.01238	0.00969	0.01238	0.00861	0.01292	0.00646	0.00484	0.00484	0.00161	0.00646	0.00431	0.00215	0.00538
69	0.01296	0.83261	0.02539	0.00829	0.01244	0.01917	0.00829	0.01451	0.00985	0.01140	0.00674	0.00777	0.00622	0.00415	0.00311	0.00104	0.00518	0.00259	0.00207	0.00622
70	0.00926	0.00883	0.01521	0.77979	0.03299	0.01084	0.05031	0.01253	0.00977	0.01253	0.00867	0.01293	0.00650	0.00481	0.00489	0.00162	0.00654	0.00437	0.00217	0.00544
71	0.00579	0.00467	0.00516	0.00555	0.00671	0.00404	0.00397	0.00688	0.01043	0.01284	0.04125	0.31984	0.52936	0.01329	0.00589	0.00175	0.00258	0.01147	0.00450	0.00404
72	0.01146	0.00914	0.01006	0.00903	0.01146	0.01017	0.00705	0.05788	0.53041	0.04983	0.18905	0.02283	0.02154	0.00746	0.00515	0.00162	0.00360	0.03028	0.00504	0.00694
73	0.02000	0.00861	0.01120	0.00878	0.01234	0.00794	0.00719	0.05976	0.09761	0.65338	0.04708	0.01715	0.01334	0.00619	0.00491	0.00151	0.00408	0.00506	0.00580	0.00805

[dist]
# distance from previous block
# <min> <max>
0	1

[block]
# block no. 3 follows, 52 sequences, length 23
# corresponding to MSA columns:
# 250-272
name=unknown_D
#
# <colnr> <probs for GDERKNQSTAVLIFYWHMCP>
#	G	D	E	R	K	N	Q	S	T	A	V	L	I	F	Y	W	H	M	C	P
0	0.86392	0.00937	0.00712	0.00637	0.00937	0.01087	0.00525	0.01425	0.00825	0.02174	0.00675	0.00787	0.00525	0.00450	0.00300	0.00150	0.00375	0.00262	0.00300	0.00525
1	0.01114	0.00916	0.01010	0.00944	0.01172	0.01031	0.00743	0.07733	0.51975	0.01920	0.02087	0.11866	0.01839	0.00860	0.00535	0.00176	0.00392	0.12529	0.00480	0.00677
2	0.01199	0.01151	0.01967	0.02974	0.79946	0.01151	0.01487	0.01487	0.01103	0.01583	0.00912	0.01199	0.00768	0.00432	0.00480	0.00144	0.00576	0.00432	0.00240	0.00768
3	0.01296	0.83261	0.02539	0.00829	0.01244	0.01917	0.00829	0.01451	0.00985	0.01140	0.00674	0.00777	0.00622	0.00415	0.00311	0.00104	0.00518	0.00259	0.00207	0.00622
4	0.00576	0.00477	0.00505	0.00527	0.00664	0.00406	0.00384	0.00691	0.01070	0.01295	0.04469	0.19992	0.64705	0.01284	0.00582	0.00170	0.00252	0.01093	0.00450	0.00406
5	0.00705	0.00470	0.00529	0.00529	0.00529	0.00470	0.00294	0.00705	0.00705	0.00940	0.01527	0.03171	0.01762	0.82969	0.02467	0.00470	0.00470	0.00705	0.00294	0.00294
6	0.01362	0.00966	0.01077	0.00931	0.01213	0.01057	0.00734	0.08592	0.50283	0.15488	0.11061	0.01941	0.01742	0.00681	0.00501	0.00159	0.00383	0.00567	0.00515	0.00745
7	0.00972	0.02507	0.80458	0.01381	0.02097	0.01125	0.01790	0.01535	0.01023	0.01535	0.00870	0.01023	0.00614	0.00460	0.00460	0.00153	0.00716	0.00358	0.00205	0.00716
8	0.00903	0.00452	0.00452	0.00452	0.00565	0.00452	0.00339	0.01129	0.01016	0.01807	0.01581	0.01807	0.01242	0.00565	0.00339	0.00113	0.00226	0.00452	0.85659	0.00452
