[name]
unknown

[dist]
# distance from previous block
# <min> <max>
1	128

[block]
# block no. 0 follows, 52 sequences, length 45
# corresponding to MSA columns:
# 144-188
name=unknown_A
#
# <colnr> <probs for GDERKNQSTAVLIFYWHMCP>
#	G	D	E	R	K	N	Q	S	T	A	V	L	I	F	Y	W	H	M	C	P
0	0.00705	0.00470	0.00529	0.00529	0.00529	0.00470	0.00294	0.00705	0.00705	0.00940	0.01527	0.03171	0.01762	0.82969	0.02467	0.00470	0.00470	0.00705	0.00294	0.00294
1	0.00573	0.00491	0.00491	0.00491	0.00655	0.00409	0.00368	0.00695	0.01105	0.01309	0.04909	0.04664	0.79750	0.01227	0.00573	0.00164	0.00245	0.01023	0.00450	0.00409
2	0.00593	0.00497	0.00519	0.00530	0.00688	0.00423	0.00408	0.00725	0.01106	0.01323	0.04684	0.04741	0.72342	0.01238	0.00582	0.00169	0.00265	0.08306	0.00450	0.00413
3	0.02174	0.00825	0.01125	0.00862	0.01237	0.00712	0.00712	0.02362	0.01387	0.80282	0.01912	0.01649	0.01200	0.00600	0.00487	0.00150	0.00412	0.00487	0.00600	0.00825
4	0.02116	0.00919	0.01183	0.00907	0.01284	0.00852	0.00749	0.15777	0.01544	0.66644	0.01780	0.01564	0.01133	0.00597	0.00487	0.00149	0.00434	0.00478	0.00579	0.00825
5	0.01296	0.83261	0.02539	0.00829	0.01244	0.01917	0.00829	0.01451	0.00985	0.01140	0.00674	0.00777	0.00622	0.00415	0.00311	0.00104	0.00518	0.00259	0.00207	0.00622
6	0.00693	0.00514	0.00755	0.00755	0.00833	0.00593	0.00576	0.00850	0.00772	0.01107	0.01320	0.02026	0.01264	0.11271	0.73485	0.00749	0.01218	0.00537	0.00263	0.00419
7	0.00842	0.00421	0.00631	0.00631	0.00631	0.00421	0.00421	0.00631	0.00631	0.00842	0.00842	0.01473	0.00842	0.01684	0.01894	0.85901	0.00421	0.00421	0.00210	0.00210
8	0.01147	0.01226	0.02490	0.09566	0.02431	0.01191	0.60639	0.07544	0.01215	0.01628	0.01188	0.01469	0.04842	0.00472	0.00557	0.00162	0.00748	0.00571	0.00272	0.00643
9	0.11938	0.01308	0.15984	0.01002	0.01424	0.01078	0.00946	0.25529	0.02900	0.27708	0.04477	0.01360	0.01034	0.00567	0.00462	0.00150	0.00494	0.00437	0.00450	0.00752
10	0.00915	0.00861	0.01453	0.81804	0.03338	0.01077	0.01346	0.01238	0.00969	0.01238	0.00861	0.01292	0.00646	0.00484	0.00484	0.00161	0.00646	0.00431	0.00215	0.00538
11	0.00705	0.00470	0.00529	0.00529	0.00529	0.00470	0.00294	0.00705	0.00705	0.00940	0.01527	0.03171	0.01762	0.82969	0.02467	0.00470	0.00470	0.00705	0.00294	0.00294
12	0.01007	0.00868	0.01020	0.00735	0.01152	0.00673	0.00590	0.01218	0.00996	0.01566	0.00854	0.01007	0.00715	0.00375	0.00398	0.00076	0.02967	0.00291	0.00285	0.83206
13	0.75175	0.00894	0.00713	0.00654	0.00928	0.01028	0.00527	0.01400	0.03858	0.02082	0.00909	0.08388	0.00809	0.00557	0.00337	0.00155	0.00367	0.00376	0.00321	0.00522
14	0.00990	0.00999	0.01831	0.52816	0.02925	0.01156	0.21777	0.01315	0.00994	0.01315	0.00871	0.01274	0.00669	0.00499	0.00614	0.00167	0.08530	0.00468	0.00223	0.00568
15	0.01566	0.01202	0.01320	0.01010	0.01391	0.01264	0.00827	0.51823	0.05890	0.02556	0.01110	0.01152	0.00824	0.00536	0.00489	0.00129	0.03143	0.00403	0.00425	0.22940
16	0.00829	0.00527	0.00694	0.00634	0.00773	0.00482	0.00482	0.01054	0.01373	0.09484	0.72204	0.03430	0.04248	0.00953	0.00563	0.00152	0.00246	0.00839	0.00540	0.00493
17	0.01923	0.01066	0.11515	0.00942	0.01352	0.00814	0.00859	0.02274	0.08817	0.62433	0.01781	0.01583	0.01150	0.00587	0.00484	0.00152	0.00449	0.00476	0.00538	0.00805
18	0.00600	0.00429	0.00571	0.00668	0.00705	0.00400	0.00451	0.00698	0.00971	0.01305	0.10084	0.75046	0.03337	0.01467	0.00614	0.00193	0.00276	0.01329	0.00458	0.00400
19	0.01296	0.83261	0.02539	0.00829	0.01244	0.01917	0.00829	0.01451	0.00985	0.01140	0.00674	0.00777	0.00622	0.00415	0.00311	0.00104	0.00518	0.00259	0.00207	0.00622
20	0.00756	0.00540	0.00752	0.00864	0.00965	0.00536	0.00738	0.00961	0.01091	0.01422	0.02580	0.15579	0.02843	0.01362	0.00663	0.00220	0.00425	0.66819	0.00447	0.00439
21	0.01842	0.01357	0.01454	0.01115	0.01503	0.01503	0.00921	0.78330	0.02278	0.03054	0.01163	0.01163	0.00824	0.00582	0.00485	0.00145	0.00533	0.00436	0.00485	0.00824
22	0.00854	0.00621	0.00802	0.00872	0.01007	0.00645	0.00744	0.01247	0.12665	0.01564	0.02400	0.04635	0.02473	0.01177	0.00617	0.00206	0.00420	0.59374	0.07186	0.00494
23	0.01205	0.01041	0.01096	0.00986	0.01260	0.01205	0.00767	0.02575	0.79071	0.02027	0.01972	0.01808	0.01479	0.00657	0.00493	0.00164	0.00384	0.00548	0.00493	0.00767
24	0.00692	0.00519	0.00779	0.00779	0.00865	0.00606	0.00606	0.00865	0.00779	0.01125	0.01298	0.01904	0.01211	0.03634	0.81049	0.00779	0.01298	0.00519	0.00260	0.00433
25	0.00573	0.00491	0.00491	0.00491	0.00655	0.00409	0.00368	0.00695	0.01105	0.01309	0.04909	0.04664	0.79750	0.01227	0.00573	0.00164	0.00245	0.01023	0.00450	0.00409
26	0.00622	0.00478	0.00522	0.00531	0.00628	0.00429	0.00362	0.00714	0.00991	0.01245	0.09805	0.12284	0.42783	0.25161	0.01132	0.00256	0.00313	0.00955	0.00411	0.00378
27	0.00686	0.00495	0.00648	0.00610	0.00724	0.00457	0.00457	0.00914	0.01372	0.01943	0.79691	0.03620	0.04572	0.00991	0.00572	0.00152	0.00229	0.00876	0.00533	0.00457
28	0.02174	0.00825	0.01125	0.00862	0.01237	0.00712	0.00712	0.02362	0.01387	0.80282	0.01912	0.01649	0.01200	0.00600	0.00487	0.00150	0.00412	0.00487	0.00600	0.00825
29	0.00674	0.00457	0.00538	0.00567	0.00575	0.00450	0.00335	0.00697	0.00764	0.01019	0.01832	0.24333	0.02146	0.61283	0.01974	0.00397	0.00420	0.00884	0.00335	0.00320
30	0.16180	0.00813	0.01004	0.00795	0.01135	0.00752	0.00653	0.02079	0.01274	0.60242	0.04543	0.01639	0.02739	0.00600	0.00456	0.00149	0.00390	0.00473	0.03344	0.00741
31	0.01322	0.01075	0.01144	0.00999	0.01291	0.01227	0.00785	0.12492	0.66310	0.04881	0.01864	0.01718	0.01384	0.00646	0.00492	0.00161	0.00404	0.00531	0.00496	0.00777
32	0.00686	0.00495	0.00648	0.00610	0.00724	0.00457	0.00457	0.00914	0.01372	0.01943	0.79691	0.03620	0.04572	0.00991	0.00572	0.00152	0.00229	0.00876	0.00533	0.00457
33	0.00590	0.00422	0.00562	0.00675	0.00703	0.00394	0.00450	0.00675	0.00928	0.01237	0.02671	0.82653	0.03205	0.01518	0.00619	0.00197	0.00281	0.01378	0.00450	0.00394
34	0.00641	0.00455	0.00606	0.00708	0.00752	0.00435	0.00507	0.00748	0.00948	0.01256	0.02548	0.59196	0.02989	0.08654	0.00792	0.00226	0.00333	0.17374	0.00435	0.00396
35	0.01810	0.02310	0.01373	0.01248	0.01498	0.81024	0.00936	0.01935	0.01373	0.01186	0.00749	0.00874	0.00624	0.00499	0.00437	0.00125	0.00874	0.00312	0.00250	0.00562
36	0.01810	0.02310	0.01373	0.01248	0.01498	0.81024	0.00936	0.01935	0.01373	0.01186	0.00749	0.00874	0.00624	0.00499	0.00437	0.00125	0.00874	0.00312	0.00250	0.00562
37	0.00630	0.00495	0.00570	0.00557	0.00697	0.00435	0.00421	0.00803	0.01225	0.01598	0.38349	0.04222	0.43602	0.01125	0.00575	0.00161	0.00244	0.03372	0.00487	0.00432
38	0.00699	0.00477	0.00563	0.00552	0.00586	0.00466	0.00342	0.00766	0.00900	0.01233	0.24402	0.03303	0.02584	0.58978	0.01912	0.00377	0.00399	0.00755	0.00364	0.00342
39	0.00663	0.00480	0.00611	0.00691	0.00747	0.00459	0.00473	0.05209	0.01016	0.01347	0.02699	0.73841	0.07046	0.01448	0.00608	0.00192	0.00294	0.01304	0.00452	0.00420
40	0.01651	0.01260	0.01377	0.05797	0.01558	0.01414	0.00913	0.57479	0.18778	0.02726	0.01320	0.01310	0.00955	0.00592	0.00487	0.00150	0.00508	0.00460	0.00471	0.00795
41	0.00623	0.00443	0.00571	0.00636	0.00690	0.00410	0.00434	0.00714	0.00991	0.01322	0.14962	0.53667	0.11589	0.04701	0.00755	0.05200	0.00285	0.01176	0.00443	0.00391
42	0.02013	0.00822	0.01086	0.00845	0.01184	0.00735	0.00684	0.06637	0.01373	0.68137	0.01831	0.01768	0.01232	0.08527	0.00678	0.00180	0.00425	0.00505	0.00564	0.00774
43	0.01061	0.00883	0.01022	0.00753	0.01157	0.00714	0.00600	0.08611	0.01123	0.01701	0.00996	0.05786	0.00873	0.00448	0.00386	0.00086	0.00371	0.00365	0.00316	0.72747
44	0.00771	0.00522	0.00583	0.00563	0.00585	0.00530	0.00330	0.05236	0.00797	0.01063	0.01506	0.03054	0.01707	0.78160	0.02351	0.00451	0.00474	0.00689	0.00305	0.00325

[dist]
# distance from previous block
# <min> <max>
0	8

[block]
# block no. 1 follows, 52 sequences, length 49
# corresponding to MSA columns:
# 197-245
name=unknown_B
#
# <colnr> <probs for GDERKNQSTAVLIFYWHMCP>
#	G	D	E	R	K	N	Q	S	T	A	V	L	I	F	Y	W	H	M	C	P
0	0.01059	0.01110	0.01917	0.47741	0.06362	0.06346	0.25705	0.01394	0.01057	0.01350	0.00894	0.01265	0.00678	0.00459	0.00509	0.00159	0.00712	0.00468	0.00228	0.00587
1	0.00993	0.00773	0.00963	0.00971	0.08932	0.00789	0.00671	0.15295	0.09128	0.02077	0.44758	0.02816	0.08169	0.00842	0.00539	0.00152	0.00336	0.00728	0.00485	0.00583
2	0.00901	0.00836	0.01393	0.76498	0.03154	0.01037	0.01277	0.01203	0.00952	0.01219	0.00905	0.01415	0.00719	0.05869	0.00614	0.00182	0.00634	0.00449	0.00220	0.00522
3	0.00660	0.00496	0.00620	0.00594	0.00717	0.00456	0.00447	0.00861	0.01272	0.01745	0.57445	0.03747	0.21572	0.01217	0.05826	0.00196	0.00302	0.00887	0.00496	0.00445
4	0.01050	0.00594	0.00815	0.00880	0.06042	0.00545	0.00615	0.01195	0.01096	0.21205	0.02581	0.39670	0.10302	0.01165	0.00578	0.00181	0.00350	0.10130	0.00473	0.00535
5	0.00697	0.00467	0.00531	0.00538	0.00540	0.00465	0.00304	0.00703	0.00719	0.00959	0.01602	0.08360	0.01856	0.77652	0.02346	0.00452	0.00457	0.00749	0.00304	0.00300
6	0.80812	0.00932	0.00761	0.05936	0.01094	0.01086	0.00578	0.01412	0.00834	0.02113	0.00687	0.00820	0.00533	0.00452	0.00312	0.00151	0.00393	0.00273	0.00294	0.00526
7	0.00692	0.00519	0.00779	0.00779	0.00865	0.00606	0.00606	0.00865	0.00779	0.01125	0.01298	0.01904	0.01211	0.03634	0.81049	0.00779	0.01298	0.00519	0.00260	0.00433
8	0.01228	0.00629	0.00830	0.00775	0.00985	0.00569	0.00636	0.01413	0.01221	0.29956	0.09119	0.08900	0.15651	0.01035	0.00575	0.00179	0.00370	0.24846	0.00510	0.00574
9	0.00652	0.00496	0.00601	0.00579	0.00709	0.00444	0.00437	0.00846	0.01278	0.01724	0.53292	0.04010	0.28895	0.01077	0.00575	0.00158	0.00240	0.03042	0.00504	0.00441
10	0.01864	0.01322	0.01433	0.01098	0.01485	0.01451	0.00907	0.73306	0.02220	0.08162	0.01213	0.01196	0.00849	0.00583	0.00485	0.00146	0.00525	0.00440	0.00492	0.00824
11	0.00692	0.00465	0.00532	0.00545	0.00548	0.00461	0.00311	0.00701	0.00729	0.00972	0.01653	0.11955	0.01921	0.73968	0.02262	0.00440	0.00449	0.00779	0.00311	0.00305
12	0.01144	0.00977	0.01043	0.00942	0.01197	0.01117	0.00731	0.02379	0.69907	0.02017	0.11139	0.02022	0.01844	0.00697	0.00502	0.00163	0.00365	0.00587	0.00498	0.00731
13	0.01205	0.01041	0.01096	0.00986	0.01260	0.01205	0.00767	0.02575	0.79071	0.02027	0.01972	0.01808	0.01479	0.00657	0.00493	0.00164	0.00384	0.00548	0.00493	0.00767
14	0.00590	0.00422	0.00562	0.00675	0.00703	0.00394	0.00450	0.00675	0.00928	0.01237	0.02671	0.82653	0.03205	0.01518	0.00619	0.00197	0.00281	0.01378	0.00450	0.00394
15	0.00675	0.00532	0.00615	0.00595	0.00741	0.00490	0.00453	0.00932	0.06382	0.01649	0.38395	0.04039	0.37195	0.01088	0.00571	0.00161	0.00256	0.04283	0.00490	0.00456
16	0.00705	0.00470	0.00529	0.00529	0.00529	0.00470	0.00294	0.00705	0.00705	0.00940	0.01527	0.03171	0.01762	0.82969	0.02467	0.00470	0.00470	0.00705	0.00294	0.00294
17	0.00675	0.00495	0.00633	0.00598	0.00717	0.00453	0.00449	0.00894	0.01346	0.01883	0.72624	0.03719	0.11676	0.01013	0.00572	0.00153	0.00230	0.00890	0.00526	0.00453
18	0.02174	0.00825	0.01125	0.00862	0.01237	0.00712	0.00712	0.02362	0.01387	0.80282	0.01912	0.01649	0.01200	0.00600	0.00487	0.00150	0.00412	0.00487	0.00600	0.00825
19	0.00640	0.00460	0.00607	0.00641	0.00714	0.00427	0.00454	0.00800	0.01159	0.01605	0.42758	0.41518	0.03917	0.01244	0.00594	0.00174	0.00254	0.01117	0.00493	0.00427
20	0.00903	0.00452	0.00452	0.00452	0.00565	0.00452	0.00339	0.01129	0.01016	0.01807	0.01581	0.01807	0.01242	0.00565	0.00339	0.00113	0.00226	0.00452	0.85659	0.00452
21	0.00972	0.02507	0.80458	0.01381	0.02097	0.01125	0.01790	0.01535	0.01023	0.01535	0.00870	0.01023	0.00614	0.00460	0.00460	0.00153	0.00716	0.00358	0.00205	0.00716
22	0.00686	0.00495	0.00648	0.00610	0.00724	0.00457	0.00457	0.00914	0.01372	0.01943	0.79691	0.03620	0.04572	0.00991	0.00572	0.00152	0.00229	0.00876	0.00533	0.00457
23	0.02174	0.00825	0.01125	0.00862	0.01237	0.00712	0.00712	0.02362	0.01387	0.80282	0.01912	0.01649	0.01200	0.00600	0.00487	0.00150	0.00412	0.00487	0.00600	0.00825
24	0.00815	0.00430	0.00611	0.00611	0.00611	0.00430	0.00396	0.00645	0.00645	0.00861	0.00974	0.01801	0.01020	0.17389	0.02005	0.69394	0.00430	0.00476	0.00227	0.00227
25	0.01060	0.01060	0.01484	0.01272	0.01272	0.01484	0.01060	0.01166	0.00742	0.01166	0.00636	0.01060	0.00636	0.00848	0.01590	0.00212	0.82082	0.00424	0.00212	0.00530
26	0.00765	0.00547	0.00761	0.00862	0.00970	0.00543	0.00742	0.00981	0.01123	0.01472	0.07672	0.09343	0.02928	0.01325	0.00660	0.00217	0.00423	0.67769	0.00452	0.00444
27	0.00705	0.00470	0.00529	0.00529	0.00529	0.00470	0.00294	0.00705	0.00705	0.00940	0.01527	0.03171	0.01762	0.82969	0.02467	0.00470	0.00470	0.00705	0.00294	0.00294
28	0.01850	0.01042	0.01188	0.00957	0.01303	0.04545	0.00774	0.16110	0.21461	0.42772	0.01741	0.01568	0.01178	0.00607	0.00486	0.00152	0.00447	0.00486	0.00536	0.00798
29	0.01866	0.00965	0.01201	0.00953	0.01308	0.00959	0.02345	0.13331	0.20731	0.48190	0.01800	0.01612	0.01205	0.00608	0.00490	0.00153	0.00431	0.00497	0.00550	0.00807
30	0.01519	0.01763	0.01740	0.01766	0.20266	0.41685	0.13595	0.03943	0.06370	0.01447	0.00917	0.01091	0.00738	0.00481	0.00474	0.00139	0.00752	0.00402	0.00269	0.00646
31	0.01205	0.01041	0.01096	0.00986	0.01260	0.01205	0.00767	0.02575	0.79071	0.02027	0.01972	0.01808	0.01479	0.00657	0.00493	0.00164	0.00384	0.00548	0.00493	0.00767
32	0.02144	0.00867	0.03107	0.00875	0.01259	0.00723	0.00739	0.02341	0.01378	0.78314	0.01886	0.01634	0.01185	0.00596	0.00487	0.00150	0.00420	0.00484	0.00590	0.00822
33	0.00692	0.00519	0.00779	0.00779	0.00865	0.00606	0.00606	0.00865	0.00779	0.01125	0.01298	0.01904	0.01211	0.03634	0.81049	0.00779	0.01298	0.00519	0.00260	0.00433
34	0.01429	0.01056	0.01166	0.00961	0.01241	0.01146	0.00766	0.50291	0.05387	0.02523	0.11700	0.16763	0.01787	0.00814	0.00521	0.00157	0.00440	0.00675	0.00485	0.00693
35	0.00686	0.00495	0.00648	0.00610	0.00724	0.00457	0.00457	0.00914	0.01372	0.01943	0.79691	0.03620	0.04572	0.00991	0.00572	0.00152	0.00229	0.00876	0.00533	0.00457
36	0.01810	0.02310	0.01373	0.01248	0.01498	0.81024	0.00936	0.01935	0.01373	0.01186	0.00749	0.00874	0.00624	0.00499	0.00437	0.00125	0.00874	0.00312	0.00250	0.00562
37	0.00651	0.00465	0.00632	0.00744	0.00798	0.00446	0.00555	0.00779	0.00987	0.01305	0.02638	0.58164	0.03073	0.01461	0.00635	0.00205	0.00334	0.25270	0.00449	0.00410
38	0.02003	0.00979	0.01208	0.00931	0.01299	0.00952	0.00767	0.26400	0.01669	0.52303	0.05126	0.01583	0.01230	0.00611	0.00490	0.00149	0.00443	0.00488	0.00560	0.00808
39	0.02174	0.00825	0.01125	0.00862	0.01237	0.00712	0.00712	0.02362	0.01387	0.80282	0.01912	0.01649	0.01200	0.00600	0.00487	0.00150	0.00412	0.00487	0.00600	0.00825
40	0.00686	0.00495	0.00648	0.00610	0.00724	0.00457	0.00457	0.00914	0.01372	0.01943	0.79691	0.03620	0.04572	0.00991	0.00572	0.00152	0.00229	0.00876	0.00533	0.00457
41	0.01948	0.01188	0.01350	0.01035	0.01418	0.01252	0.00855	0.54228	0.01996	0.27556	0.01401	0.01318	0.00943	0.00587	0.00486	0.00147	0.00495	0.00452	0.00521	0.00824
42	0.00590	0.00422	0.00562	0.00675	0.00703	0.00394	0.00450	0.00675	0.00928	0.01237	0.02671	0.82653	0.03205	0.01518	0.00619	0.00197	0.00281	0.01378	0.00450	0.00394
43	0.00874	0.00693	0.00810	0.00746	0.00918	0.00728	0.00569	0.01515	0.29472	0.01974	0.51584	0.02965	0.03454	0.00870	0.00543	0.00157	0.00285	0.00758	0.00519	0.00569
44	0.02174	0.00825	0.01125	0.00862	0.01237	0.00712	0.00712	0.02362	0.01387	0.80282	0.01912	0.01649	0.01200	0.00600	0.00487	0.00150	0.00412	0.00487	0.00600	0.00825
45	0.00634	0.00503	0.00579	0.00612	0.00750	0.00449	0.00484	0.00787	0.01114	0.01383	0.09209	0.09953	0.50235	0.01259	0.00600	0.00180	0.00297	0.20097	0.00455	0.00421
46	0.86392	0.00937	0.00712	0.00637	0.00937	0.01087	0.00525	0.01425	0.00825	0.02174	0.00675	0.00787	0.00525	0.00450	0.00300	0.00150	0.00375	0.00262	0.00300	0.00525
47	0.00903	0.00452	0.00452	0.00452	0.00565	0.00452	0.00339	0.01129	0.01016	0.01807	0.01581	0.01807	0.01242	0.00565	0.00339	0.00113	0.00226	0.00452	0.85659	0.00452
48	0.01205	0.01041	0.01096	0.00986	0.01260	0.01205	0.00767	0.02575	0.79071	0.02027	0.01972	0.01808	0.01479	0.00657	0.00493	0.00164	0.00384	0.00548	0.00493	0.00767

[dist]
# distance from previous block
# <min> <max>
0	20

[block]
# block no. 2 follows, 52 sequences, length 15
# corresponding to MSA columns:
# 266-280
name=unknown_C
#
# <colnr> <probs for GDERKNQSTAVLIFYWHMCP>
#	G	D	E	R	K	N	Q	S	T	A	V	L	I	F	Y	W	H	M	C	P
0	0.00644	0.00494	0.00590	0.00566	0.00698	0.00440	0.00425	0.00834	0.01274	0.01710	0.52220	0.04003	0.32188	0.01078	0.00572	0.00157	0.00235	0.00930	0.00503	0.00440
1	0.01144	0.01307	0.02859	0.02042	0.02533	0.01225	0.78186	0.01552	0.01144	0.01552	0.00980	0.01307	0.00735	0.00408	0.00572	0.00163	0.00817	0.00572	0.00245	0.00654
2	0.01144	0.01307	0.02859	0.02042	0.02533	0.01225	0.78186	0.01552	0.01144	0.01552	0.00980	0.01307	0.00735	0.00408	0.00572	0.00163	0.00817	0.00572	0.00245	0.00654
3	0.01842	0.01357	0.01454	0.01115	0.01503	0.01503	0.00921	0.78330	0.02278	0.03054	0.01163	0.01163	0.00824	0.00582	0.00485	0.00145	0.00533	0.00436	0.00485	0.00824
4	0.01842	0.01357	0.01454	0.01115	0.01503	0.01503	0.00921	0.78330	0.02278	0.03054	0.01163	0.01163	0.00824	0.00582	0.00485	0.00145	0.00533	0.00436	0.00485	0.00824
5	0.00705	0.00470	0.00529	0.00529	0.00529	0.00470	0.00294	0.00705	0.00705	0.00940	0.01527	0.03171	0.01762	0.82969	0.02467	0.00470	0.00470	0.00705	0.00294	0.00294
6	0.00692	0.00519	0.00779	0.00779	0.00865	0.00606	0.00606	0.00865	0.00779	0.01125	0.01298	0.01904	0.01211	0.03634	0.81049	0.00779	0.01298	0.00519	0.00260	0.00433
7	0.86392	0.00937	0.00712	0.00637	0.00937	0.01087	0.00525	0.01425	0.00825	0.02174	0.00675	0.00787	0.00525	0.00450	0.00300	0.00150	0.00375	0.00262	0.00300	0.00525
8	0.00705	0.00470	0.00529	0.00529	0.00529	0.00470	0.00294	0.00705	0.00705	0.00940	0.01527	0.03171	0.01762	0.82969	0.02467	0.00470	0.00470	0.00705	0.00294	0.00294
9	0.02174	0.00825	0.01125	0.00862	0.01237	0.00712	0.00712	0.02362	0.01387	0.80282	0.01912	0.01649	0.01200	0.00600	0.00487	0.00150	0.00412	0.00487	0.00600	0.00825
10	0.01883	0.01292	0.01414	0.01084	0.01470	0.01406	0.00896	0.69034	0.02169	0.12505	0.01255	0.01223	0.00870	0.00584	0.00485	0.00146	0.00518	0.00443	0.00499	0.00824
11	0.00749	0.00538	0.00742	0.00848	0.00952	0.00531	0.00722	0.00950	0.01092	0.01418	0.02681	0.14877	0.06194	0.01356	0.00659	0.00217	0.00417	0.64171	0.00447	0.00438
12	0.00610	0.00432	0.00567	0.00667	0.00696	0.00408	0.00446	0.00690	0.00911	0.01213	0.02545	0.71289	0.03036	0.10181	0.00817	0.00227	0.00307	0.04139	0.00433	0.00385
13	0.01005	0.00861	0.01005	0.00718	0.01148	0.00646	0.00574	0.01220	0.01005	0.01579	0.00861	0.01005	0.00718	0.00359	0.00359	0.00072	0.00359	0.00287	0.00287	0.85932
14	0.01189	0.01155	0.01987	0.02830	0.71442	0.01174	0.05533	0.01473	0.01085	0.01558	0.00900	0.01197	0.00759	0.00454	0.00547	0.00149	0.05144	0.00439	0.00239	0.00748

[dist]
# distance from previous block
# <min> <max>
0	1

[block]
# block no. 3 follows, 52 sequences, length 77
# corresponding to MSA columns:
# 282-358
name=unknown_D
#
# <colnr> <probs for GDERKNQSTAVLIFYWHMCP>
#	G	D	E	R	K	N	Q	S	T	A	V	L	I	F	Y	W	H	M	C	P
0	0.01144	0.01243	0.02558	0.07030	0.21451	0.01199	0.54904	0.01518	0.01124	0.01541	0.00957	0.01280	0.00738	0.00419	0.00544	0.00159	0.00748	0.00529	0.00242	0.00675
1	0.00693	0.00515	0.00755	0.00755	0.00833	0.00593	0.00576	0.00850	0.00772	0.01107	0.01320	0.02024	0.01264	0.11171	0.73584	0.00749	0.01219	0.00537	0.00263	0.00419
2	0.01205	0.01041	0.01096	0.00986	0.01260	0.01205	0.00767	0.02575	0.79071	0.02027	0.01972	0.01808	0.01479	0.00657	0.00493	0.00164	0.00384	0.00548	0.00493	0.00767
3	0.01144	0.01307	0.02859	0.02042	0.02533	0.01225	0.78186	0.01552	0.01144	0.01552	0.00980	0.01307	0.00735	0.00408	0.00572	0.00163	0.00817	0.00572	0.00245	0.00654
4	0.02174	0.00825	0.01125	0.00862	0.01237	0.00712	0.00712	0.02362	0.01387	0.80282	0.01912	0.01649	0.01200	0.00600	0.00487	0.00150	0.00412	0.00487	0.00600	0.00825
5	0.00671	0.00484	0.00634	0.00620	0.00721	0.00447	0.00456	0.00877	0.01302	0.01832	0.67536	0.16092	0.04357	0.01074	0.00579	0.00159	0.00237	0.00955	0.00520	0.00447
6	0.00781	0.00558	0.00781	0.00892	0.01004	0.00558	0.00781	0.01004	0.01116	0.01450	0.02566	0.05466	0.02789	0.01339	0.00669	0.00223	0.00446	0.76685	0.00446	0.00446
7	0.02056	0.00851	0.01121	0.00877	0.01240	0.00773	0.00719	0.02388	0.10904	0.70695	0.01919	0.01669	0.01234	0.00607	0.00488	0.00152	0.00409	0.00495	0.00587	0.00818
8	0.86392	0.00937	0.00712	0.00637	0.00937	0.01087	0.00525	0.01425	0.00825	0.02174	0.00675	0.00787	0.00525	0.00450	0.00300	0.00150	0.00375	0.00262	0.00300	0.00525
9	0.00972	0.02507	0.80458	0.01381	0.02097	0.01125	0.01790	0.01535	0.01023	0.01535	0.00870	0.01023	0.00614	0.00460	0.00460	0.00153	0.00716	0.00358	0.00205	0.00716
10	0.01842	0.01357	0.01454	0.01115	0.01503	0.01503	0.00921	0.78330	0.02278	0.03054	0.01163	0.01163	0.00824	0.00582	0.00485	0.00145	0.00533	0.00436	0.00485	0.00824
11	0.00589	0.00465	0.00531	0.00570	0.00678	0.00407	0.00406	0.00705	0.01060	0.01334	0.10155	0.34027	0.44724	0.01318	0.00590	0.00175	0.00258	0.01145	0.00457	0.00407
12	0.02174	0.00825	0.01125	0.00862	0.01237	0.00712	0.00712	0.02362	0.01387	0.80282	0.01912	0.01649	0.01200	0.00600	0.00487	0.00150	0.00412	0.00487	0.00600	0.00825
13	0.86392	0.00937	0.00712	0.00637	0.00937	0.01087	0.00525	0.01425	0.00825	0.02174	0.00675	0.00787	0.00525	0.00450	0.00300	0.00150	0.00375	0.00262	0.00300	0.00525
14	0.00697	0.00466	0.00531	0.00539	0.00541	0.00464	0.00305	0.00703	0.00721	0.00961	0.01609	0.08867	0.01865	0.77132	0.02334	0.00450	0.00456	0.00753	0.00305	0.00301
15	0.00590	0.00422	0.00562	0.00675	0.00703	0.00394	0.00450	0.00675	0.00928	0.01237	0.02671	0.82653	0.03205	0.01518	0.00619	0.00197	0.00281	0.01378	0.00450	0.00394
16	0.00686	0.00495	0.00648	0.00610	0.00724	0.00457	0.00457	0.00914	0.01372	0.01943	0.79691	0.03620	0.04572	0.00991	0.00572	0.00152	0.00229	0.00876	0.00533	0.00457
17	0.01866	0.01319	0.01431	0.01097	0.01484	0.01446	0.00906	0.72886	0.02215	0.08589	0.01217	0.01198	0.00851	0.00583	0.00485	0.00146	0.00525	0.00440	0.00493	0.00824
18	0.01802	0.01338	0.01432	0.01107	0.01488	0.01484	0.00911	0.73571	0.07103	0.02990	0.01214	0.01204	0.00865	0.00586	0.00485	0.00147	0.00524	0.00443	0.00485	0.00821
19	0.01767	0.02219	0.01353	0.01230	0.01481	0.75304	0.00924	0.01981	0.06941	0.01246	0.00837	0.00941	0.00685	0.00511	0.00441	0.00128	0.00839	0.00329	0.00267	0.00577
20	0.00915	0.00861	0.01453	0.81804	0.03338	0.01077	0.01346	0.01238	0.00969	0.01238	0.00861	0.01292	0.00646	0.00484	0.00484	0.00161	0.00646	0.00431	0.00215	0.00538
21	0.00678	0.00495	0.00637	0.00601	0.00719	0.00454	0.00451	0.00899	0.01353	0.01898	0.74331	0.03695	0.09960	0.01008	0.00572	0.00153	0.00230	0.00887	0.00527	0.00454
22	0.06064	0.00623	0.00760	0.00683	0.00848	0.00606	0.00525	0.06646	0.01330	0.11023	0.48995	0.03096	0.03313	0.08688	0.00724	0.00185	0.00314	0.04566	0.00497	0.00514
23	0.01160	0.01002	0.01052	0.00951	0.01217	0.01148	0.00738	0.02440	0.73483	0.01976	0.02183	0.02013	0.07088	0.00698	0.00499	0.00164	0.00374	0.00582	0.00490	0.00741
24	0.01199	0.01151	0.01967	0.02974	0.79946	0.01151	0.01487	0.01487	0.01103	0.01583	0.00912	0.01199	0.00768	0.00432	0.00480	0.00144	0.00576	0.00432	0.00240	0.00768
25	0.00602	0.00430	0.00575	0.00688	0.00721	0.00403	0.00469	0.00694	0.00939	0.01250	0.02665	0.78077	0.03180	0.01508	0.00622	0.00198	0.00291	0.05843	0.00450	0.00397
26	0.00597	0.00427	0.00568	0.00670	0.00704	0.00398	0.00450	0.00692	0.00960	0.01288	0.08190	0.76989	0.03303	0.01480	0.00615	0.00194	0.00277	0.01342	0.00456	0.00398
27	0.00573	0.00491	0.00491	0.00491	0.00655	0.00409	0.00368	0.00695	0.01105	0.01309	0.04909	0.04664	0.79750	0.01227	0.00573	0.00164	0.00245	0.01023	0.00450	0.00409
28	0.01367	0.01642	0.08840	0.03179	0.19395	0.22640	0.27015	0.07136	0.01265	0.01562	0.00905	0.01132	0.00707	0.00456	0.00498	0.00147	0.00747	0.00441	0.00258	0.00670
29	0.01772	0.09691	0.01510	0.01165	0.01475	0.47778	0.00921	0.26610	0.01629	0.01786	0.00876	0.00958	0.00689	0.00518	0.00440	0.00129	0.00730	0.00347	0.00322	0.00652
30	0.01298	0.73396	0.08065	0.00890	0.01318	0.05846	0.00903	0.01481	0.01007	0.01171	0.00692	0.00800	0.00621	0.00422	0.00328	0.00108	0.00550	0.00269	0.00209	0.00626
31	0.00964	0.01025	0.07196	0.63601	0.15339	0.01092	0.01400	0.01299	0.00994	0.01314	0.00870	0.01258	0.00663	0.00474	0.00482	0.00158	0.00640	0.00426	0.00218	0.00587
32	0.01012	0.00554	0.00718	0.00666	0.00826	0.00495	0.00501	0.01160	0.01201	0.20325	0.29084	0.19657	0.15148	0.01082	0.00632	0.04744	0.00296	0.00887	0.00501	0.00511
33	0.01842	0.01357	0.01454	0.01115	0.01503	0.01503	0.00921	0.78330	0.02278	0.03054	0.01163	0.01163	0.00824	0.00582	0.00485	0.00145	0.00533	0.00436	0.00485	0.00824
34	0.01205	0.01041	0.01096	0.00986	0.01260	0.01205	0.00767	0.02575	0.79071	0.02027	0.01972	0.01808	0.01479	0.00657	0.00493	0.00164	0.00384	0.00548	0.00493	0.00767
35	0.01037	0.00570	0.00760	0.00690	0.00858	0.00517	0.00534	0.01241	0.01320	0.20539	0.49935	0.10750	0.03548	0.00965	0.00561	0.00160	0.00288	0.04650	0.00537	0.00538
36	0.00578	0.00493	0.00499	0.00502	0.00664	0.00413	0.00379	0.00704	0.01105	0.01313	0.04846	0.04685	0.77679	0.01230	0.00575	0.00165	0.00251	0.03058	0.00450	0.00410
37	0.00705	0.00470	0.00529	0.00529	0.00529	0.00470	0.00294	0.00705	0.00705	0.00940	0.01527	0.03171	0.01762	0.82969	0.02467	0.00470	0.00470	0.00705	0.00294	0.00294
38	0.00705	0.00470	0.00529	0.00529	0.00529	0.00470	0.00294	0.00705	0.00705	0.00940	0.01527	0.03171	0.01762	0.82969	0.02467	0.00470	0.00470	0.00705	0.00294	0.00294
39	0.00597	0.00425	0.00560	0.00666	0.00692	0.00398	0.00441	0.00677	0.00914	0.01219	0.02603	0.77909	0.03119	0.06380	0.00729	0.00213	0.00292	0.01337	0.00441	0.00388
40	0.01147	0.00982	0.01045	0.00957	0.01207	0.01128	0.00737	0.02395	0.71648	0.01952	0.02039	0.09488	0.01643	0.00739	0.00505	0.00167	0.00374	0.00627	0.00489	0.00732
41	0.01842	0.01357	0.01454	0.01115	0.01503	0.01503	0.00921	0.78330	0.02278	0.03054	0.01163	0.01163	0.00824	0.00582	0.00485	0.00145	0.00533	0.00436	0.00485	0.00824
42	0.01177	0.01005	0.01056	0.00946	0.01215	0.01145	0.00737	0.06213	0.67796	0.02011	0.02211	0.02047	0.08881	0.00708	0.00500	0.00163	0.00378	0.00587	0.00489	0.00736
43	0.00822	0.00531	0.00680	0.00686	0.00791	0.00506	0.00492	0.01050	0.06702	0.09012	0.27145	0.39616	0.03252	0.05552	0.00681	0.00190	0.00294	0.01037	0.00486	0.00476
44	0.00692	0.00519	0.00779	0.00779	0.00865	0.00606	0.00606	0.00865	0.00779	0.01125	0.01298	0.01904	0.01211	0.03634	0.81049	0.00779	0.01298	0.00519	0.00260	0.00433
45	0.00593	0.00492	0.00519	0.00512	0.00667	0.00418	0.00384	0.00735	0.01153	0.01424	0.18458	0.04475	0.66129	0.01184	0.00573	0.00162	0.00242	0.00996	0.00465	0.00418
46	0.05503	0.00600	0.00777	0.00736	0.00912	0.00548	0.00549	0.01343	0.01100	0.30774	0.02365	0.45586	0.04997	0.01112	0.00552	0.00176	0.00334	0.00977	0.00498	0.00562
47	0.00781	0.00546	0.00625	0.00616	0.00670	0.00548	0.00395	0.08077	0.00940	0.01250	0.04012	0.20203	0.05988	0.51260	0.01733	0.00356	0.00417	0.00845	0.00360	0.00376
48	0.01842	0.01357	0.01454	0.01115	0.01503	0.01503	0.00921	0.78330	0.02278	0.03054	0.01163	0.01163	0.00824	0.00582	0.00485	0.00145	0.00533	0.00436	0.00485	0.00824
49	0.00692	0.00519	0.00779	0.00779	0.00865	0.00606	0.00606	0.00865	0.00779	0.01125	0.01298	0.01904	0.01211	0.03634	0.81049	0.00779	0.01298	0.00519	0.00260	0.00433
50	0.00773	0.00499	0.00647	0.00643	0.00755	0.00454	0.00469	0.00942	0.01205	0.08410	0.41355	0.29472	0.10225	0.01150	0.00580	0.00168	0.00263	0.01020	0.00505	0.00464
51	0.00603	0.00431	0.00577	0.00689	0.00723	0.00405	0.00472	0.00697	0.00940	0.01251	0.02664	0.77443	0.03177	0.01506	0.00622	0.00199	0.00292	0.06461	0.00450	0.00397
52	0.01060	0.01060	0.01484	0.01272	0.01272	0.01484	0.01060	0.01166	0.00742	0.01166	0.00636	0.01060	0.00636	0.00848	0.01590	0.00212	0.82082	0.00424	0.00212	0.00530
53	0.01091	0.00794	0.00928	0.03643	0.01093	0.00829	0.00652	0.24986	0.05401	0.04480	0.16437	0.24440	0.09741	0.00991	0.00550	0.00166	0.00372	0.02353	0.00475	0.00579
54	0.01268	0.00661	0.00798	0.00684	0.00925	0.00593	0.00534	0.01505	0.06795	0.32605	0.08451	0.03094	0.32625	0.06439	0.00661	0.00178	0.00335	0.00745	0.00508	0.00595
55	0.01205	0.01041	0.01096	0.00986	0.01260	0.01205	0.00767	0.02575	0.79071	0.02027	0.01972	0.01808	0.01479	0.00657	0.00493	0.00164	0.00384	0.00548	0.00493	0.00767
56	0.00749	0.00628	0.00657	0.00629	0.00812	0.00609	0.00477	0.03367	0.17465	0.01539	0.07833	0.08078	0.53182	0.01093	0.00556	0.00164	0.00284	0.00918	0.00464	0.00498
57	0.01448	0.14617	0.01599	0.01191	0.01373	0.38757	0.00966	0.01571	0.01076	0.01171	0.00695	0.00928	0.00628	0.00617	0.00849	0.00154	0.31225	0.00346	0.00229	0.00559
58	0.01874	0.01307	0.01423	0.01091	0.01478	0.01428	0.00901	0.71114	0.02194	0.10390	0.01235	0.01210	0.00860	0.00583	0.00485	0.00146	0.00522	0.00441	0.00496	0.00824
59	0.01005	0.00861	0.01005	0.00718	0.01148	0.00646	0.00574	0.01220	0.01005	0.01579	0.00861	0.01005	0.00718	0.00359	0.00359	0.00072	0.00359	0.00287	0.00287	0.85932
60	0.00705	0.00470	0.00529	0.00529	0.00529	0.00470	0.00294	0.00705	0.00705	0.00940	0.01527	0.03171	0.01762	0.82969	0.02467	0.00470	0.00470	0.00705	0.00294	0.00294
61	0.00668	0.00495	0.00623	0.00591	0.00713	0.00450	0.00443	0.00880	0.01330	0.01843	0.67889	0.03785	0.16436	0.01028	0.00572	0.00154	0.00231	0.00899	0.00520	0.00450
62	0.00915	0.00861	0.01453	0.81804	0.03338	0.01077	0.01346	0.01238	0.00969	0.01238	0.00861	0.01292	0.00646	0.00484	0.00484	0.00161	0.00646	0.00431	0.00215	0.00538
63	0.00695	0.00509	0.00727	0.00727	0.00796	0.00578	0.00541	0.00832	0.00763	0.01087	0.01345	0.02166	0.01325	0.20062	0.64777	0.00715	0.01127	0.00558	0.00267	0.00404
64	0.00988	0.00954	0.01346	0.01176	0.01193	0.01312	0.00971	0.01107	0.00749	0.01158	0.00766	0.01225	0.00749	0.01394	0.17154	0.00323	0.66259	0.00443	0.00221	0.00511
65	0.00721	0.00520	0.00703	0.00769	0.00873	0.00503	0.00631	0.00923	0.01160	0.01549	0.23401	0.14672	0.07197	0.01262	0.00632	0.00198	0.00357	0.43018	0.00470	0.00441
66	0.01138	0.02848	0.21735	0.04231	0.57388	0.01156	0.01550	0.01493	0.01078	0.01556	0.00896	0.01150	0.00724	0.00440	0.00472	0.00146	0.00612	0.00410	0.00230	0.00747
67	0.02122	0.00909	0.01177	0.00902	0.01279	0.00837	0.00745	0.14350	0.01528	0.68094	0.01794	0.01573	0.01140	0.00597	0.00487	0.00149	0.00431	0.00479	0.00582	0.00825
68	0.00903	0.00452	0.00452	0.00452	0.00565	0.00452	0.00339	0.01129	0.01016	0.01807	0.01581	0.01807	0.01242	0.00565	0.00339	0.00113	0.00226	0.00452	0.85659	0.00452
69	0.01955	0.00997	0.01209	0.00947	0.01312	0.00991	0.00776	0.22784	0.12074	0.49026	0.01719	0.01540	0.01136	0.00603	0.00487	0.00151	0.00441	0.00482	0.00555	0.00817
70	0.01199	0.01151	0.01967	0.02974	0.79946	0.01151	0.01487	0.01487	0.01103	0.01583	0.00912	0.01199	0.00768	0.00432	0.00480	0.00144	0.00576	0.00432	0.00240	0.00768
71	0.00632	0.00554	0.00631	0.00727	0.08187	0.00480	0.00474	0.00771	0.01104	0.01335	0.04529	0.04335	0.72247	0.01152	0.00564	0.00162	0.00277	0.00967	0.00430	0.00443
72	0.00671	0.00495	0.00627	0.00594	0.00715	0.00451	0.00446	0.00886	0.01337	0.01861	0.69974	0.03756	0.14341	0.01021	0.00572	0.00154	0.00231	0.00895	0.00523	0.00451
73	0.00599	0.00429	0.00570	0.00669	0.00705	0.00400	0.00451	0.00698	0.00970	0.01304	0.09987	0.75146	0.03335	0.01468	0.00614	0.00193	0.00276	0.01330	0.00458	0.00400
74	0.00896	0.00842	0.01440	0.70080	0.03047	0.01019	0.05132	0.01200	0.00974	0.01254	0.01039	0.09021	0.00894	0.00579	0.00502	0.00165	0.00620	0.00528	0.00239	0.00530
75	0.00996	0.00861	0.01047	0.08420	0.01356	0.00687	0.00648	0.01222	0.01001	0.01547	0.00861	0.01032	0.00711	0.00371	0.00371	0.00080	0.00386	0.00301	0.00280	0.77820
76	0.01238	0.71265	0.02305	0.00816	0.01216	0.01731	0.00794	0.01400	0.00976	0.01181	0.00723	0.00856	0.00661	0.00572	0.04383	0.00135	0.00542	0.00275	0.00218	0.08716

[dist]
# distance from previous block
# <min> <max>
5	43

[block]
# block no. 4 follows, 52 sequences, length 13
# corresponding to MSA columns:
# 402-414
name=unknown_E
#
# <colnr> <probs for GDERKNQSTAVLIFYWHMCP>
#	G	D	E	R	K	N	Q	S	T	A	V	L	I	F	Y	W	H	M	C	P
0	0.15485	0.01421	0.15104	0.01025	0.01421	0.04545	0.00949	0.33016	0.10823	0.03976	0.01382	0.01391	0.06205	0.00589	0.00455	0.00150	0.00513	0.00443	0.00396	0.00710
1	0.01719	0.01105	0.01243	0.01002	0.01348	0.01186	0.00812	0.32024	0.27877	0.23866	0.01641	0.01514	0.01147	0.00612	0.00488	0.00153	0.00450	0.00488	0.00519	0.00805
2	0.00965	0.00891	0.01472	0.30129	0.33734	0.00973	0.01203	0.01216	0.01008	0.01375	0.01262	0.18633	0.01242	0.00695	0.00544	0.00163	0.02985	0.00633	0.00275	0.00600
3	0.00692	0.00519	0.00779	0.00779	0.00865	0.00606	0.00606	0.00865	0.00779	0.01125	0.01298	0.01904	0.01211	0.03634	0.81049	0.00779	0.01298	0.00519	0.00260	0.00433
4	0.71520	0.01178	0.00828	0.00745	0.01036	0.15142	0.00597	0.01514	0.00921	0.02000	0.00688	0.00802	0.00542	0.00459	0.00324	0.00146	0.00463	0.00271	0.00291	0.00531
5	0.00653	0.00484	0.00608	0.00598	0.00709	0.00440	0.00441	0.00843	0.01264	0.01735	0.55948	0.14675	0.17603	0.01105	0.00578	0.00160	0.00239	0.00971	0.00507	0.00440
6	0.00643	0.00709	0.11552	0.00772	0.00895	0.00494	0.00634	0.00793	0.00941	0.01278	0.02423	0.71424	0.02849	0.01373	0.00597	0.00191	0.00341	0.01237	0.00416	0.00438
7	0.01554	0.01433	0.01565	0.01256	0.01600	0.18318	0.14455	0.23068	0.23218	0.06520	0.01311	0.01334	0.00970	0.00556	0.00492	0.00150	0.00607	0.00468	0.00401	0.00722
8	0.00828	0.00648	0.00781	0.00824	0.00949	0.00687	0.00627	0.01348	0.25461	0.01535	0.02427	0.39081	0.02566	0.01206	0.00591	0.00193	0.00352	0.18910	0.00463	0.00523
9	0.01173	0.41093	0.18049	0.01303	0.15242	0.01447	0.01105	0.01443	0.01016	0.01359	0.00781	0.00933	0.00659	0.00419	0.00378	0.00116	0.00547	0.00313	0.00223	0.12401
10	0.21525	0.01224	0.01084	0.00882	0.01229	0.15064	0.00702	0.13699	0.07190	0.05809	0.00982	0.01048	0.00754	0.00475	0.00395	0.00122	0.00485	0.00339	0.00346	0.26646
11	0.01600	0.01305	0.01237	0.01029	0.01355	0.15209	0.00816	0.22583	0.28251	0.12884	0.01448	0.01388	0.01057	0.00579	0.00470	0.00143	0.00512	0.00448	0.00447	0.07238
12	0.16297	0.01071	0.01175	0.00935	0.01248	0.01162	0.00765	0.24853	0.07066	0.02099	0.00966	0.01083	0.00759	0.00544	0.00597	0.00138	0.13708	0.00370	0.00353	0.24812

[dist]
# distance from previous block
# <min> <max>
2	18

[block]
# block no. 5 follows, 52 sequences, length 7
# corresponding to MSA columns:
# 433-439
name=unknown_F
#
# <colnr> <probs for GDERKNQSTAVLIFYWHMCP>
#	G	D	E	R	K	N	Q	S	T	A	V	L	I	F	Y	W	H	M	C	P
0	0.20874	0.01078	0.01181	0.00975	0.01303	0.04867	0.06777	0.07252	0.30429	0.12483	0.01401	0.01371	0.01028	0.00550	0.00442	0.00150	0.00451	0.00440	0.00418	0.06531
1	0.19131	0.01170	0.01276	0.01014	0.01369	0.05620	0.06765	0.25757	0.13100	0.10879	0.01202	0.01217	0.00874	0.00530	0.00441	0.00143	0.00491	0.00413	0.00411	0.08196
2	0.08928	0.01391	0.01182	0.01069	0.03943	0.24686	0.00803	0.05539	0.29511	0.07106	0.01302	0.01296	0.00989	0.00546	0.00444	0.00139	0.00540	0.00412	0.00381	0.09795
3	0.08409	0.00915	0.01081	0.00891	0.01222	0.00928	0.00718	0.02369	0.30708	0.44579	0.01838	0.01642	0.01252	0.00610	0.00475	0.00155	0.00399	0.00493	0.00536	0.00779
4	0.00590	0.00422	0.00562	0.00675	0.00703	0.00394	0.00450	0.00675	0.00928	0.01237	0.02671	0.82653	0.03205	0.01518	0.00619	0.00197	0.00281	0.01378	0.00450	0.00394
5	0.01842	0.01357	0.01454	0.01115	0.01503	0.01503	0.00921	0.78330	0.02278	0.03054	0.01163	0.01163	0.00824	0.00582	0.00485	0.00145	0.00533	0.00436	0.00485	0.00824
6	0.00705	0.00470	0.00529	0.00529	0.00529	0.00470	0.00294	0.00705	0.00705	0.00940	0.01527	0.03171	0.01762	0.82969	0.02467	0.00470	0.00470	0.00705	0.00294	0.00294

[dist]
# distance from previous block
# <min> <max>
0	21

[block]
# block no. 6 follows, 52 sequences, length 15
# corresponding to MSA columns:
# 461-475
name=unknown_G
#
# <colnr> <probs for GDERKNQSTAVLIFYWHMCP>
#	G	D	E	R	K	N	Q	S	T	A	V	L	I	F	Y	W	H	M	C	P
0	0.01842	0.01357	0.01454	0.01115	0.01503	0.01503	0.00921	0.78330	0.02278	0.03054	0.01163	0.01163	0.00824	0.00582	0.00485	0.00145	0.00533	0.00436	0.00485	0.00824
1	0.01810	0.02310	0.01373	0.01248	0.01498	0.81024	0.00936	0.01935	0.01373	0.01186	0.00749	0.00874	0.00624	0.00499	0.00437	0.00125	0.00874	0.00312	0.00250	0.00562
2	0.01005	0.00861	0.01005	0.00718	0.01148	0.00646	0.00574	0.01220	0.01005	0.01579	0.00861	0.01005	0.00718	0.00359	0.00359	0.00072	0.00359	0.00287	0.00287	0.85932
3	0.00686	0.00495	0.00648	0.00610	0.00724	0.00457	0.00457	0.00914	0.01372	0.01943	0.79691	0.03620	0.04572	0.00991	0.00572	0.00152	0.00229	0.00876	0.00533	0.00457
4	0.00692	0.00519	0.00779	0.00779	0.00865	0.00606	0.00606	0.00865	0.00779	0.01125	0.01298	0.01904	0.01211	0.03634	0.81049	0.00779	0.01298	0.00519	0.00260	0.00433
5	0.01071	0.27336	0.56500	0.01211	0.01835	0.01369	0.01495	0.01509	0.01011	0.01413	0.00809	0.00948	0.00616	0.00446	0.00414	0.00138	0.00655	0.00328	0.00205	0.00687
6	0.00590	0.00422	0.00562	0.00675	0.00703	0.00394	0.00450	0.00675	0.00928	0.01237	0.02671	0.82653	0.03205	0.01518	0.00619	0.00197	0.00281	0.01378	0.00450	0.00394
7	0.01784	0.01353	0.01570	0.01192	0.01588	0.01480	0.07304	0.71987	0.02185	0.02930	0.01148	0.01175	0.00817	0.00567	0.00492	0.00147	0.00557	0.00448	0.00465	0.00810
8	0.01810	0.02310	0.01373	0.01248	0.01498	0.81024	0.00936	0.01935	0.01373	0.01186	0.00749	0.00874	0.00624	0.00499	0.00437	0.00125	0.00874	0.00312	0.00250	0.00562
9	0.01005	0.00861	0.01005	0.00718	0.01148	0.00646	0.00574	0.01220	0.01005	0.01579	0.00861	0.01005	0.00718	0.00359	0.00359	0.00072	0.00359	0.00287	0.00287	0.85932
10	0.07283	0.01109	0.01156	0.00975	0.01284	0.01250	0.00778	0.29096	0.41461	0.02353	0.01790	0.01697	0.06308	0.00654	0.00482	0.00157	0.00427	0.00520	0.00474	0.00747
11	0.23199	0.00890	0.01044	0.00823	0.01181	0.00861	0.00680	0.07384	0.01308	0.55418	0.01551	0.01400	0.01005	0.00561	0.00440	0.00150	0.00411	0.00428	0.00517	0.00750
12	0.69089	0.07760	0.00935	0.00697	0.01016	0.01162	0.00586	0.06516	0.00965	0.06539	0.00776	0.00860	0.00590	0.00464	0.00323	0.00146	0.00399	0.00286	0.00321	0.00569
13	0.08959	0.04177	0.55857	0.01172	0.01756	0.01058	0.01414	0.01488	0.03955	0.01639	0.07399	0.01237	0.00972	0.00502	0.00445	0.00146	0.00602	0.00392	0.00257	0.06573
14	0.09865	0.06768	0.04332	0.01049	0.01404	0.10429	0.00880	0.39067	0.17324	0.02368	0.01188	0.01193	0.00883	0.00559	0.00451	0.00145	0.00532	0.00413	0.00413	0.00737

[dist]
# distance from previous block
# <min> <max>
17	36

[block]
# block no. 7 follows, 52 sequences, length 15
# corresponding to MSA columns:
# 516-530
name=unknown_H
#
# <colnr> <probs for GDERKNQSTAVLIFYWHMCP>
#	G	D	E	R	K	N	Q	S	T	A	V	L	I	F	Y	W	H	M	C	P
0	0.11204	0.05937	0.01263	0.00978	0.01287	0.01213	0.03148	0.12441	0.35701	0.10326	0.01462	0.01424	0.01087	0.00592	0.00523	0.00153	0.05526	0.00457	0.00429	0.04848
1	0.01283	0.24943	0.03771	0.00966	0.01300	0.10581	0.00822	0.02067	0.40742	0.01634	0.01359	0.01333	0.01064	0.00546	0.00425	0.00136	0.00487	0.00417	0.00362	0.05762
2	0.01082	0.00775	0.03838	0.00737	0.01046	0.00601	0.00608	0.01292	0.01148	0.15662	0.16280	0.08388	0.07089	0.00716	0.00474	0.00126	0.00348	0.03983	0.00417	0.35391
3	0.01127	0.00953	0.01057	0.00851	0.01203	0.00921	0.00671	0.06645	0.32928	0.01845	0.01388	0.03798	0.01110	0.00530	0.00429	0.00118	0.00378	0.00436	0.00389	0.43223
4	0.16682	0.01511	0.01145	0.01027	0.01301	0.31217	0.00793	0.04949	0.33003	0.01775	0.01250	0.01250	0.00963	0.00558	0.00437	0.00146	0.00572	0.00404	0.00367	0.00649
5	0.00779	0.00593	0.00728	0.00677	0.00820	0.00591	0.00513	0.01211	0.15259	0.01958	0.65800	0.03296	0.04020	0.00931	0.00558	0.00155	0.00256	0.00818	0.00526	0.00513
6	0.02076	0.00803	0.01093	0.00845	0.01203	0.00695	0.00695	0.02266	0.01386	0.75097	0.07059	0.01780	0.01423	0.00626	0.00493	0.00150	0.00400	0.00513	0.00595	0.00800
7	0.00702	0.00479	0.00573	0.00573	0.00589	0.00494	0.00349	0.00733	0.00718	0.00973	0.01486	0.02945	0.01663	0.68790	0.16512	0.00525	0.00618	0.00672	0.00288	0.00318
8	0.01199	0.01151	0.01967	0.02974	0.79946	0.01151	0.01487	0.01487	0.01103	0.01583	0.00912	0.01199	0.00768	0.00432	0.00480	0.00144	0.00576	0.00432	0.00240	0.00768
9	0.00686	0.00495	0.00648	0.00610	0.00724	0.00457	0.00457	0.00914	0.01372	0.01943	0.79691	0.03620	0.04572	0.00991	0.00572	0.00152	0.00229	0.00876	0.00533	0.00457
10	0.00972	0.02507	0.80458	0.01381	0.02097	0.01125	0.01790	0.01535	0.01023	0.01535	0.00870	0.01023	0.00614	0.00460	0.00460	0.00153	0.00716	0.00358	0.00205	0.00716
11	0.01060	0.01060	0.01484	0.01272	0.01272	0.01484	0.01060	0.01166	0.00742	0.01166	0.00636	0.01060	0.00636	0.00848	0.01590	0.00212	0.82082	0.00424	0.00212	0.00530
