[name]
unknown

[dist]
# distance from previous block
# <min> <max>
0	55

[block]
# block no. 0 follows, 48 sequences, length 6
# corresponding to MSA columns:
# 57-62
name=unknown_A
#
# <colnr> <probs for GDERKNQSTAVLIFYWHMCP>
#	G	D	E	R	K	N	Q	S	T	A	V	L	I	F	Y	W	H	M	C	P
0	0.00663	0.00486	0.00603	0.00652	0.00717	0.00462	0.00444	0.00765	0.00998	0.01316	0.09290	0.38070	0.17331	0.17047	0.08455	0.00311	0.00425	0.01121	0.00433	0.00409
1	0.00786	0.00555	0.00737	0.00883	0.08734	0.00533	0.00549	0.00950	0.01097	0.01584	0.17027	0.32184	0.06086	0.08659	0.00753	0.00202	0.00325	0.00979	0.16906	0.00473
2	0.06548	0.00941	0.01061	0.00807	0.01204	0.00811	0.00641	0.11616	0.01228	0.01889	0.01140	0.09368	0.01034	0.00545	0.00423	0.00106	0.00398	0.00443	0.00351	0.59447
3	0.01169	0.18104	0.01611	0.16509	0.09265	0.08309	0.02715	0.05095	0.03594	0.01587	0.14368	0.04131	0.05509	0.00672	0.00523	0.00150	0.02665	0.00551	0.00335	0.03139
4	0.01026	0.09314	0.05990	0.04226	0.20340	0.00984	0.04057	0.04294	0.01064	0.01451	0.04304	0.07027	0.04659	0.09498	0.13167	0.06457	0.00669	0.00593	0.00301	0.00579
5	0.10081	0.08103	0.10124	0.01124	0.03827	0.05109	0.04043	0.17239	0.12435	0.06496	0.06819	0.05526	0.01310	0.00638	0.00484	0.00154	0.00523	0.00513	0.00404	0.05047

[dist]
# distance from previous block
# <min> <max>
3	18

[block]
# block no. 1 follows, 48 sequences, length 13
# corresponding to MSA columns:
# 82-94
name=unknown_B
#
# <colnr> <probs for GDERKNQSTAVLIFYWHMCP>
#	G	D	E	R	K	N	Q	S	T	A	V	L	I	F	Y	W	H	M	C	P
0	0.01561	0.00787	0.01028	0.00863	0.01114	0.00777	0.00679	0.10573	0.01304	0.35359	0.04462	0.02053	0.01436	0.12548	0.22647	0.00387	0.00711	0.00565	0.00475	0.00669
1	0.01143	0.03464	0.06983	0.22110	0.05768	0.14579	0.03188	0.01399	0.01059	0.01380	0.01026	0.01395	0.00855	0.01148	0.14655	0.00277	0.09717	0.00446	0.08833	0.00576
2	0.06905	0.07037	0.01213	0.05878	0.10438	0.00939	0.00833	0.01357	0.05136	0.08664	0.01342	0.01854	0.01177	0.05680	0.34445	0.00459	0.02683	0.03053	0.00323	0.00583
3	0.00675	0.00528	0.00614	0.00608	0.00755	0.00468	0.00466	0.00860	0.01286	0.01673	0.34915	0.04561	0.41874	0.01207	0.00615	0.00174	0.00271	0.07480	0.00512	0.00457
4	0.00685	0.00564	0.00828	0.00809	0.00929	0.00514	0.08216	0.00826	0.01075	0.01398	0.06813	0.50470	0.22155	0.01384	0.00635	0.00194	0.00343	0.01252	0.00459	0.00452
5	0.03988	0.01213	0.06982	0.05785	0.26931	0.01149	0.07078	0.19324	0.01442	0.02009	0.06059	0.05112	0.07152	0.02802	0.00585	0.00170	0.00561	0.00585	0.00361	0.00715
6	0.01282	0.05331	0.05880	0.14408	0.15440	0.10231	0.01096	0.08891	0.05359	0.06097	0.01483	0.13843	0.01383	0.00761	0.00532	0.00168	0.00581	0.06215	0.00359	0.00660
7	0.03426	0.00874	0.01019	0.00863	0.01146	0.02839	0.00683	0.04001	0.19407	0.30876	0.21069	0.02466	0.07514	0.00791	0.00540	0.00163	0.00384	0.00660	0.00560	0.00718
8	0.01185	0.00750	0.00921	0.00839	0.01027	0.00767	0.00646	0.06161	0.11132	0.17290	0.10948	0.20687	0.11519	0.04729	0.00751	0.00196	0.05932	0.03411	0.00501	0.00605
9	0.01326	0.25565	0.25819	0.06887	0.11502	0.05681	0.01304	0.03019	0.03628	0.07851	0.01061	0.01188	0.02042	0.00508	0.00450	0.00145	0.00632	0.00391	0.00279	0.00722
10	0.01182	0.18020	0.01467	0.00935	0.01218	0.06595	0.02475	0.06178	0.04605	0.01534	0.04892	0.01561	0.02412	0.08049	0.07483	0.00222	0.09574	0.00451	0.01390	0.19760
11	0.00690	0.00504	0.00619	0.00668	0.00742	0.00474	0.00468	0.00824	0.02486	0.01393	0.12803	0.34439	0.16786	0.15649	0.01011	0.01733	0.00339	0.07499	0.00455	0.00419
12	0.05521	0.01503	0.22921	0.01405	0.11780	0.04632	0.04027	0.07970	0.01285	0.13340	0.08534	0.03289	0.03589	0.03419	0.00638	0.00174	0.04373	0.00528	0.00367	0.00706

[dist]
# distance from previous block
# <min> <max>
5	15

[block]
# block no. 2 follows, 48 sequences, length 42
# corresponding to MSA columns:
# 110-151
name=unknown_C
#
# <colnr> <probs for GDERKNQSTAVLIFYWHMCP>
#	G	D	E	R	K	N	Q	S	T	A	V	L	I	F	Y	W	H	M	C	P
0	0.03417	0.13031	0.12832	0.00908	0.01188	0.07179	0.00834	0.02427	0.01124	0.06842	0.05860	0.12625	0.08991	0.06421	0.00761	0.05539	0.00505	0.08597	0.00367	0.00552
1	0.01267	0.03129	0.36211	0.01248	0.04516	0.06131	0.01277	0.10661	0.01218	0.06645	0.01024	0.01237	0.00785	0.00801	0.02451	0.14672	0.00655	0.00407	0.00291	0.05375
2	0.01115	0.08130	0.36803	0.06251	0.04146	0.01302	0.08451	0.01709	0.13084	0.01610	0.01168	0.01335	0.02572	0.00575	0.00628	0.00168	0.09507	0.00454	0.00277	0.00714
3	0.01325	0.01332	0.01062	0.00964	0.01200	0.25802	0.00738	0.11327	0.13461	0.01754	0.05605	0.07213	0.19033	0.00851	0.00529	0.00158	0.00537	0.02145	0.04358	0.00604
4	0.06208	0.00926	0.05766	0.10153	0.02231	0.00905	0.00818	0.18448	0.01296	0.02823	0.01740	0.26861	0.01790	0.07791	0.07516	0.00261	0.00556	0.02936	0.00400	0.00575
5	0.00792	0.00548	0.00722	0.00705	0.00830	0.00549	0.00532	0.00958	0.01061	0.06128	0.16351	0.08406	0.19597	0.07083	0.32855	0.00456	0.00736	0.00810	0.00411	0.00471
6	0.00922	0.00825	0.01230	0.08006	0.29294	0.02992	0.00960	0.01113	0.01079	0.01446	0.02095	0.38854	0.07007	0.01053	0.00582	0.00181	0.00457	0.00959	0.00370	0.00579
7	0.00650	0.00520	0.00582	0.00570	0.00721	0.00451	0.00426	0.00820	0.01268	0.01629	0.31840	0.06313	0.49967	0.01215	0.00607	0.00170	0.00254	0.01035	0.00509	0.00451
8	0.33445	0.02054	0.01310	0.04502	0.01455	0.05920	0.12445	0.11779	0.01243	0.07090	0.01064	0.01212	0.00798	0.00525	0.00441	0.00154	0.01516	0.00409	0.12005	0.00634
9	0.02779	0.00783	0.00975	0.00823	0.01097	0.00736	0.00656	0.08693	0.04741	0.34507	0.17089	0.09023	0.12019	0.00898	0.00558	0.00167	0.00377	0.02831	0.00563	0.00687
10	0.00741	0.00782	0.10703	0.00821	0.00975	0.00574	0.00683	0.04132	0.01091	0.01471	0.05468	0.58201	0.07820	0.01377	0.00624	0.00197	0.00368	0.03040	0.00448	0.00485
11	0.00825	0.00635	0.02069	0.00919	0.05911	0.00638	0.00663	0.01065	0.02629	0.04036	0.28502	0.04462	0.04473	0.02319	0.37943	0.00475	0.00818	0.00707	0.00400	0.00513
12	0.01372	0.82276	0.02689	0.00878	0.01317	0.02030	0.00878	0.01536	0.01043	0.01207	0.00713	0.00823	0.00658	0.00439	0.00329	0.00110	0.00549	0.00274	0.00219	0.00658
13	0.01063	0.00925	0.01352	0.15453	0.23038	0.01004	0.01054	0.03633	0.11333	0.03275	0.03776	0.13272	0.09713	0.00829	0.00626	0.00176	0.05678	0.02789	0.00368	0.00643
14	0.01130	0.00940	0.00875	0.00818	0.00981	0.14549	0.00611	0.05060	0.04288	0.06435	0.23080	0.15793	0.04768	0.04159	0.01703	0.00182	0.01649	0.00776	0.11662	0.00540
15	0.00835	0.00530	0.00794	0.02620	0.00870	0.00594	0.00581	0.00814	0.00749	0.01044	0.01089	0.01732	0.01045	0.02599	0.35297	0.43413	0.04312	0.00491	0.00245	0.00346
16	0.01394	0.12638	0.42807	0.01315	0.01878	0.20313	0.01446	0.06613	0.01268	0.04457	0.00924	0.01046	0.00691	0.00505	0.00464	0.00148	0.00747	0.00364	0.00263	0.00718
17	0.01066	0.00988	0.03382	0.43510	0.12401	0.01085	0.05452	0.05672	0.03093	0.01626	0.07793	0.01610	0.01150	0.00570	0.00529	0.00163	0.01723	0.00509	0.07055	0.00621
18	0.00615	0.00485	0.00555	0.00611	0.00717	0.00425	0.00431	0.00726	0.01081	0.01350	0.04082	0.41047	0.43170	0.01445	0.00629	0.00190	0.00278	0.01260	0.00476	0.00425
19	0.01124	0.01135	0.01469	0.01279	0.01307	0.06500	0.01053	0.01247	0.00834	0.01231	0.00771	0.01224	0.00751	0.01251	0.11609	0.00295	0.65684	0.00454	0.00234	0.00550
20	0.01238	0.01051	0.01105	0.00987	0.01270	0.01190	0.00770	0.07667	0.62766	0.02125	0.02426	0.02253	0.11361	0.00768	0.00532	0.00173	0.00398	0.00636	0.00516	0.00768
21	0.78698	0.07646	0.00913	0.00691	0.01019	0.01223	0.00582	0.01511	0.00887	0.02213	0.00714	0.00833	0.00564	0.00473	0.00318	0.00155	0.00409	0.00278	0.00310	0.00564
22	0.01218	0.01383	0.08259	0.01609	0.01871	0.03326	0.25707	0.06499	0.01072	0.01533	0.00852	0.01207	0.00719	0.00687	0.01131	0.00196	0.41343	0.00492	0.00256	0.00641
23	0.00804	0.00480	0.00621	0.00621	0.00627	0.00486	0.00387	0.00726	0.00720	0.00966	0.01308	0.02542	0.01433	0.44354	0.07549	0.34670	0.00535	0.00612	0.00273	0.00285
24	0.03928	0.01659	0.01530	0.01329	0.05859	0.22547	0.01014	0.44788	0.01918	0.02434	0.01042	0.01133	0.00789	0.00603	0.00588	0.00154	0.07098	0.00421	0.00404	0.00762
25	0.01566	0.08971	0.06940	0.02937	0.09705	0.05001	0.04289	0.12180	0.08566	0.21760	0.03288	0.09814	0.01331	0.00684	0.00513	0.00159	0.00532	0.00577	0.00437	0.00748
26	0.00719	0.00524	0.00676	0.00638	0.00762	0.00481	0.00479	0.00955	0.01436	0.02019	0.74329	0.03896	0.09033	0.01063	0.00605	0.00162	0.00243	0.00937	0.00560	0.00481
27	0.01222	0.03491	0.12510	0.00991	0.03629	0.05947	0.00874	0.03925	0.01159	0.05768	0.00971	0.01099	0.00767	0.00430	0.00415	0.00102	0.00490	0.00336	0.00309	0.55565
28	0.01034	0.06310	0.05850	0.01004	0.06108	0.00799	0.02437	0.05922	0.02831	0.07196	0.07084	0.33331	0.05275	0.01003	0.00550	0.00165	0.00410	0.00883	0.00423	0.11385
29	0.05141	0.12041	0.20230	0.01067	0.02224	0.04770	0.01034	0.05101	0.09753	0.10242	0.06640	0.06740	0.03703	0.00825	0.04028	0.00188	0.03617	0.00538	0.00370	0.01746
30	0.00991	0.12527	0.14482	0.01105	0.05621	0.01056	0.04198	0.01405	0.09788	0.01650	0.19819	0.02326	0.10888	0.00977	0.05914	0.00205	0.05429	0.00628	0.00372	0.00616
31	0.00989	0.00933	0.01575	0.75534	0.08576	0.01145	0.01435	0.01329	0.01036	0.01335	0.00916	0.01361	0.00693	0.00509	0.00513	0.00170	0.00679	0.00456	0.00230	0.00586
32	0.01166	0.01686	0.27013	0.07182	0.38455	0.01217	0.12688	0.01585	0.01139	0.01633	0.00958	0.01233	0.00748	0.00467	0.00516	0.00160	0.00699	0.00454	0.00241	0.00763
33	0.00753	0.00581	0.00689	0.00725	0.00867	0.00557	0.00572	0.01040	0.08043	0.01566	0.10761	0.15097	0.30717	0.01276	0.00627	0.00193	0.00336	0.22176	0.02939	0.00482
34	0.00739	0.00525	0.00700	0.00700	0.00748	0.00574	0.00486	0.00836	0.00788	0.01099	0.01488	0.02648	0.01557	0.40628	0.43530	0.00671	0.00962	0.00642	0.00292	0.00389
35	0.08964	0.01026	0.01246	0.01030	0.01364	0.01075	0.05393	0.09431	0.30163	0.26336	0.01853	0.07013	0.01394	0.00695	0.00515	0.00168	0.00451	0.00583	0.00520	0.00781
36	0.00629	0.00496	0.00568	0.00603	0.00721	0.00435	0.00432	0.00761	0.01145	0.01453	0.14570	0.30782	0.42845	0.01369	0.00623	0.00184	0.00270	0.01189	0.00489	0.00435
37	0.14125	0.00701	0.00841	0.00793	0.00993	0.00685	0.00608	0.04639	0.01199	0.22538	0.06722	0.34821	0.02338	0.01085	0.00560	0.00184	0.00370	0.05709	0.00501	0.00588
38	0.01437	0.01037	0.01026	0.00870	0.01131	0.05982	0.00689	0.27523	0.13528	0.04083	0.01539	0.01614	0.01160	0.00616	0.00447	0.00142	0.00424	0.00480	0.35590	0.00682
39	0.00750	0.00524	0.00717	0.00725	0.00794	0.00579	0.00529	0.00891	0.00841	0.01223	0.01551	0.07440	0.01554	0.21118	0.49751	0.00644	0.00999	0.00646	0.08300	0.00424
40	0.00790	0.00563	0.00793	0.00760	0.00853	0.00548	0.05380	0.00919	0.00996	0.03612	0.11047	0.24927	0.05535	0.24651	0.10456	0.00349	0.00514	0.02532	0.04339	0.00435
41	0.01160	0.01106	0.01883	0.31613	0.51166	0.01190	0.01520	0.01478	0.01116	0.01542	0.00946	0.01306	0.00766	0.00478	0.00510	0.00159	0.00637	0.00457	0.00244	0.00724

[dist]
# distance from previous block
# <min> <max>
0	1

[block]
# block no. 3 follows, 48 sequences, length 8
# corresponding to MSA columns:
# 153-160
name=unknown_D
#
# <colnr> <probs for GDERKNQSTAVLIFYWHMCP>
#	G	D	E	R	K	N	Q	S	T	A	V	L	I	F	Y	W	H	M	C	P
0	0.01116	0.00626	0.00721	0.00638	0.00878	0.00530	0.00499	0.01266	0.01259	0.24733	0.04245	0.03980	0.55346	0.01100	0.00579	0.00169	0.00313	0.00913	0.00524	0.00565
1	0.00687	0.00501	0.00586	0.00602	0.00670	0.00476	0.00399	0.00772	0.00971	0.01268	0.10386	0.16808	0.22239	0.34291	0.06807	0.00354	0.00437	0.00957	0.00404	0.00387
2	0.06432	0.00575	0.00718	0.00715	0.00791	0.00640	0.00520	0.00947	0.00860	0.01335	0.01560	0.11171	0.01589	0.22089	0.31139	0.00498	0.04987	0.00667	0.12335	0.00432
3	0.00847	0.00729	0.01056	0.00971	0.01150	0.00724	0.11427	0.01266	0.15993	0.01548	0.02791	0.37297	0.14354	0.01202	0.00618	0.00193	0.00406	0.06434	0.00454	0.00539
4	0.00644	0.00467	0.00600	0.00679	0.00733	0.00432	0.00461	0.00754	0.01055	0.01407	0.13750	0.59627	0.10394	0.05531	0.00742	0.00213	0.00296	0.01313	0.00481	0.00423
5	0.00858	0.00642	0.00914	0.09171	0.12132	0.00644	0.00723	0.01028	0.01052	0.03579	0.02453	0.25956	0.15834	0.01271	0.05670	0.03935	0.00450	0.02334	0.10847	0.00507
6	0.01230	0.01722	0.29256	0.01305	0.08617	0.12215	0.01205	0.08569	0.01341	0.04640	0.12286	0.01856	0.07504	0.00658	0.00508	0.00155	0.00597	0.00531	0.05133	0.00675
7	0.06280	0.03834	0.01557	0.01187	0.01539	0.09676	0.11652	0.37309	0.03869	0.02388	0.01261	0.01373	0.02645	0.00624	0.00543	0.03151	0.00586	0.00471	0.09339	0.00717

[dist]
# distance from previous block
# <min> <max>
1	6

[block]
# block no. 4 follows, 48 sequences, length 22
# corresponding to MSA columns:
# 167-188
name=unknown_E
#
# <colnr> <probs for GDERKNQSTAVLIFYWHMCP>
#	G	D	E	R	K	N	Q	S	T	A	V	L	I	F	Y	W	H	M	C	P
0	0.01479	0.08490	0.13476	0.05889	0.04858	0.06641	0.01073	0.24852	0.09784	0.07234	0.04757	0.04991	0.02931	0.00650	0.00503	0.00157	0.00568	0.00518	0.00406	0.00744
1	0.01116	0.05072	0.06547	0.01256	0.11301	0.00903	0.06961	0.03989	0.04290	0.06692	0.03103	0.18972	0.03408	0.00804	0.01590	0.00159	0.01653	0.00675	0.02072	0.19435
2	0.03461	0.12882	0.29706	0.06775	0.05076	0.03103	0.11253	0.04870	0.02489	0.09427	0.01038	0.01191	0.00766	0.00505	0.00508	0.00154	0.02551	0.00419	0.00292	0.03535
3	0.01483	0.04697	0.02267	0.01629	0.02078	0.01359	0.39457	0.20301	0.11992	0.07468	0.01284	0.01421	0.00938	0.00528	0.00554	0.00165	0.00686	0.00547	0.00382	0.00764
4	0.00784	0.00657	0.00956	0.10145	0.14008	0.00656	0.00765	0.00966	0.01088	0.01438	0.07890	0.31458	0.18839	0.01296	0.04570	0.00216	0.00440	0.02912	0.00407	0.00511
5	0.01079	0.05130	0.37965	0.01675	0.18774	0.04703	0.03314	0.01501	0.02618	0.01569	0.01420	0.08460	0.05543	0.00661	0.00517	0.00164	0.00641	0.03283	0.00281	0.00699
6	0.01227	0.22946	0.06181	0.08789	0.25082	0.04525	0.03747	0.01472	0.01112	0.04600	0.01252	0.10831	0.03046	0.00637	0.00508	0.00152	0.02393	0.00541	0.00288	0.00674
7	0.11412	0.00688	0.00735	0.00642	0.00864	0.00691	0.00508	0.06474	0.01224	0.18794	0.01607	0.01704	0.01186	0.00593	0.00398	0.00135	0.00322	0.00461	0.50964	0.00599
8	0.06660	0.00959	0.00985	0.00849	0.01117	0.03358	0.00677	0.28150	0.03092	0.04974	0.02897	0.08396	0.30167	0.00971	0.00554	0.00169	0.00420	0.04498	0.00479	0.00627
9	0.12577	0.01100	0.16188	0.04367	0.05415	0.00875	0.00936	0.02383	0.02115	0.05614	0.02833	0.01713	0.02646	0.05511	0.28861	0.04662	0.00843	0.00490	0.00302	0.00568
10	0.00667	0.00611	0.04531	0.00662	0.00812	0.00484	0.00524	0.00839	0.01181	0.01536	0.21030	0.24883	0.35335	0.01287	0.00616	0.00181	0.00298	0.03582	0.00483	0.00458
11	0.01185	0.00589	0.00792	0.00776	0.00927	0.00531	0.00564	0.01308	0.01138	0.27119	0.02531	0.53146	0.02650	0.03319	0.00658	0.00199	0.00349	0.01128	0.00525	0.00566
12	0.01372	0.82276	0.02689	0.00878	0.01317	0.02030	0.00878	0.01536	0.01043	0.01207	0.00713	0.00823	0.00658	0.00439	0.00329	0.00110	0.00549	0.00274	0.00219	0.00658
13	0.00927	0.04712	0.37680	0.01097	0.01516	0.04836	0.01197	0.01285	0.01124	0.01547	0.10226	0.21488	0.05082	0.00900	0.00549	0.00174	0.00555	0.04154	0.00344	0.00606
14	0.38658	0.00925	0.01000	0.00809	0.01171	0.00927	0.00668	0.02067	0.01209	0.45590	0.01453	0.01348	0.00958	0.00566	0.00429	0.00159	0.00419	0.00412	0.00496	0.00735
15	0.00799	0.00747	0.01296	0.01093	0.01309	0.00686	0.22907	0.01005	0.01108	0.01437	0.02960	0.34132	0.23596	0.01170	0.00629	0.00189	0.00460	0.03560	0.00413	0.00504
16	0.00699	0.00505	0.00677	0.00787	0.00860	0.00483	0.00601	0.00846	0.01070	0.01399	0.02950	0.48007	0.08422	0.01515	0.00672	0.00216	0.00360	0.29017	0.00475	0.00439
17	0.00628	0.00467	0.00586	0.00670	0.00735	0.00425	0.00459	0.00736	0.01053	0.01377	0.08540	0.60573	0.18865	0.01506	0.00642	0.00198	0.00286	0.01345	0.00482	0.00425
18	0.82836	0.00988	0.00769	0.00683	0.01003	0.01138	0.00562	0.01541	0.00893	0.04844	0.00758	0.00864	0.00579	0.00482	0.00324	0.00159	0.00398	0.00286	0.00328	0.00566
19	0.01218	0.00685	0.00801	0.03960	0.00984	0.00715	0.00574	0.11870	0.01269	0.10834	0.01579	0.01791	0.01218	0.01066	0.11780	0.00232	0.00488	0.00490	0.47868	0.00579
20	0.07123	0.01151	0.01164	0.01066	0.04823	0.09143	0.00806	0.11286	0.22907	0.01971	0.01616	0.04234	0.03266	0.00693	0.00495	0.00152	0.00483	0.08409	0.00414	0.18801
21	0.01021	0.13231	0.12896	0.01141	0.01509	0.01051	0.17093	0.06479	0.01253	0.01657	0.12084	0.09645	0.17187	0.00817	0.00546	0.00163	0.00527	0.00730	0.00368	0.00605

[dist]
# distance from previous block
# <min> <max>
3	7

[block]
# block no. 5 follows, 48 sequences, length 7
# corresponding to MSA columns:
# 196-202
name=unknown_F
#
# <colnr> <probs for GDERKNQSTAVLIFYWHMCP>
#	G	D	E	R	K	N	Q	S	T	A	V	L	I	F	Y	W	H	M	C	P
0	0.06058	0.08172	0.29667	0.03955	0.06405	0.03672	0.05359	0.04794	0.06456	0.04605	0.06545	0.01797	0.05275	0.00634	0.00503	0.00162	0.00600	0.04323	0.00328	0.00689
1	0.05442	0.00854	0.09549	0.00810	0.00982	0.00704	0.00656	0.04874	0.07044	0.04361	0.01998	0.33391	0.02163	0.23494	0.01137	0.00273	0.00437	0.00924	0.00404	0.00504
2	0.01242	0.01073	0.01566	0.01737	0.25191	0.03399	0.10102	0.05711	0.16169	0.05886	0.06635	0.06062	0.04783	0.02698	0.00592	0.00173	0.00526	0.02650	0.03098	0.00708
3	0.01309	0.36499	0.08563	0.01081	0.01471	0.04861	0.09038	0.01635	0.07030	0.07978	0.03445	0.07652	0.03231	0.00640	0.00480	0.00146	0.01993	0.01958	0.00325	0.00663
4	0.01165	0.00879	0.05347	0.01205	0.11273	0.00768	0.05364	0.05510	0.03096	0.15279	0.08120	0.28938	0.06602	0.00990	0.00574	0.00176	0.00431	0.00887	0.02769	0.00626
5	0.00648	0.00463	0.00620	0.00728	0.00771	0.00435	0.00504	0.00759	0.01030	0.01379	0.08051	0.70353	0.03459	0.01554	0.00656	0.00207	0.00307	0.07168	0.00482	0.00426
6	0.01085	0.00843	0.01022	0.00989	0.01174	0.00942	0.00809	0.01763	0.30471	0.05721	0.04383	0.06227	0.05002	0.01043	0.00714	0.00202	0.08308	0.28195	0.00478	0.00629

[dist]
# distance from previous block
# <min> <max>
27	43

[block]
# block no. 6 follows, 48 sequences, length 83
# corresponding to MSA columns:
# 246-328
name=unknown_G
#
# <colnr> <probs for GDERKNQSTAVLIFYWHMCP>
#	G	D	E	R	K	N	Q	S	T	A	V	L	I	F	Y	W	H	M	C	P
0	0.01207	0.11849	0.01310	0.00832	0.01234	0.00946	0.00688	0.06360	0.01157	0.05998	0.01083	0.06289	0.00949	0.00517	0.00459	0.00105	0.03586	0.00403	0.00333	0.54694
1	0.00916	0.00872	0.01483	0.05475	0.01564	0.00842	0.24900	0.01311	0.08748	0.01710	0.22242	0.06047	0.19952	0.00869	0.00594	0.00171	0.00487	0.00822	0.00421	0.00573
2	0.00700	0.00536	0.00748	0.00913	0.06150	0.00527	0.00593	0.00816	0.01009	0.01359	0.04193	0.66597	0.04272	0.01475	0.00686	0.00205	0.03502	0.04811	0.00453	0.00454
3	0.01225	0.30120	0.29256	0.01172	0.01670	0.09365	0.05423	0.03078	0.01137	0.01436	0.01199	0.01425	0.06109	0.03375	0.00523	0.00155	0.00655	0.01760	0.00257	0.00663
4	0.01460	0.00953	0.01326	0.05584	0.05639	0.06044	0.13219	0.03170	0.02242	0.22286	0.01520	0.01638	0.01104	0.00565	0.00470	0.00146	0.00493	0.00498	0.30982	0.00661
5	0.01051	0.00896	0.01044	0.00752	0.01190	0.00677	0.00596	0.01271	0.01051	0.01645	0.00940	0.01154	0.00803	0.03590	0.00468	0.00093	0.00385	0.00321	0.00304	0.81768
6	0.04285	0.01333	0.01434	0.01115	0.01507	0.01460	0.00917	0.63043	0.06026	0.08301	0.01470	0.01436	0.03982	0.00644	0.00512	0.00156	0.00531	0.00491	0.00515	0.00843
7	0.00677	0.00633	0.05753	0.00698	0.00835	0.00494	0.00552	0.00841	0.01127	0.01487	0.17417	0.34676	0.24449	0.04499	0.00700	0.00199	0.00321	0.03719	0.00469	0.00454
8	0.01116	0.08476	0.39685	0.01458	0.06406	0.06726	0.08099	0.01531	0.02090	0.01528	0.02300	0.08286	0.01028	0.00631	0.00586	0.00165	0.06214	0.01643	0.00264	0.01769
9	0.00963	0.04108	0.33486	0.01130	0.01502	0.03966	0.01198	0.01297	0.01032	0.01456	0.06879	0.04043	0.03023	0.07540	0.12557	0.00297	0.09214	0.05426	0.00289	0.00595
10	0.00745	0.00499	0.00565	0.00563	0.00568	0.00497	0.00318	0.00755	0.00774	0.01037	0.04642	0.03376	0.01983	0.78783	0.02533	0.00484	0.00487	0.00753	0.00321	0.00318
11	0.23923	0.01082	0.01534	0.17557	0.17272	0.05174	0.12059	0.01419	0.01015	0.01642	0.00879	0.01209	0.00715	0.00648	0.00667	0.11334	0.00599	0.00422	0.00263	0.00588
12	0.01348	0.01262	0.04395	0.05731	0.07934	0.04583	0.11624	0.10574	0.37340	0.04172	0.01655	0.03347	0.02401	0.00633	0.00531	0.00168	0.00551	0.00560	0.00426	0.00765
13	0.05971	0.01522	0.04519	0.02085	0.32640	0.19628	0.10193	0.04141	0.01230	0.01609	0.01052	0.04248	0.02217	0.00567	0.00586	0.00158	0.06180	0.00481	0.00278	0.00695
14	0.00896	0.00551	0.00662	0.00643	0.00736	0.00611	0.00488	0.01091	0.00961	0.01598	0.01512	0.01998	0.01302	0.08471	0.20445	0.00336	0.07219	0.00517	0.49498	0.00466
15	0.00732	0.00517	0.00675	0.00681	0.00726	0.00549	0.00464	0.00824	0.00832	0.01152	0.05783	0.08018	0.01895	0.40902	0.33404	0.00591	0.00822	0.00724	0.00321	0.00386
16	0.02225	0.25492	0.19675	0.01390	0.03896	0.02892	0.15603	0.01626	0.07210	0.01494	0.01025	0.01212	0.02320	0.00549	0.00624	0.00157	0.11236	0.00431	0.00259	0.00684
17	0.04746	0.00933	0.02497	0.09544	0.10801	0.00894	0.06103	0.05540	0.04881	0.17272	0.03027	0.18772	0.01539	0.00768	0.00528	0.00162	0.00481	0.00684	0.00416	0.10411
18	0.08634	0.02742	0.15356	0.07791	0.14164	0.02329	0.14966	0.06655	0.01142	0.01690	0.01051	0.07140	0.00916	0.00626	0.00686	0.00174	0.12462	0.00523	0.00282	0.00672
19	0.01131	0.01400	0.11815	0.17615	0.09532	0.01219	0.43414	0.01547	0.01159	0.01584	0.02361	0.01461	0.00859	0.00487	0.00566	0.00171	0.00775	0.01970	0.00257	0.00679
20	0.01064	0.00912	0.01064	0.00760	0.01216	0.00684	0.00608	0.01292	0.01064	0.01672	0.00912	0.01064	0.00760	0.00380	0.00380	0.00076	0.00380	0.00304	0.00304	0.85104
21	0.01582	0.00834	0.01038	0.00874	0.01162	0.00815	0.00693	0.03087	0.20513	0.36581	0.21543	0.05086	0.02322	0.00789	0.00545	0.00165	0.00376	0.00669	0.00582	0.00743
22	0.00715	0.00567	0.00786	0.00997	0.11004	0.00530	0.00607	0.00851	0.01075	0.01430	0.08925	0.52179	0.15677	0.01361	0.00624	0.00191	0.00328	0.01223	0.00454	0.00477
23	0.00624	0.00450	0.00592	0.00706	0.00742	0.00417	0.00473	0.00715	0.00990	0.01313	0.02929	0.78365	0.06596	0.01594	0.00653	0.00207	0.00296	0.01443	0.00476	0.00417
24	0.01000	0.00934	0.03458	0.10882	0.13621	0.06045	0.00895	0.06177	0.06429	0.01553	0.01936	0.39512	0.02081	0.02303	0.00609	0.00187	0.00477	0.00935	0.00392	0.00575
25	0.24128	0.02020	0.06650	0.01237	0.04752	0.50158	0.00962	0.01856	0.01262	0.01578	0.00788	0.00926	0.00639	0.00509	0.00428	0.00142	0.00760	0.00325	0.00275	0.00605
26	0.01005	0.00797	0.00826	0.00769	0.00989	0.00856	0.00591	0.01805	0.38766	0.01865	0.02966	0.02848	0.25308	0.00863	0.00515	0.00163	0.00327	0.00715	0.17399	0.00628
27	0.00649	0.00518	0.00579	0.00612	0.00748	0.00457	0.00462	0.00784	0.01129	0.01388	0.05530	0.15837	0.52191	0.05296	0.00726	0.00203	0.00307	0.11683	0.00469	0.00431
28	0.01435	0.17265	0.06869	0.08316	0.09102	0.23831	0.11091	0.01823	0.09528	0.02843	0.01045	0.01266	0.00846	0.00526	0.00478	0.00147	0.00710	0.01916	0.00287	0.00675
29	0.08063	0.15978	0.07682	0.01255	0.01474	0.01526	0.07388	0.01407	0.00921	0.03391	0.00788	0.01096	0.00697	0.00698	0.01089	0.00186	0.43374	0.00413	0.01966	0.00611
30	0.00891	0.00446	0.00668	0.00668	0.00668	0.00446	0.00446	0.00668	0.00668	0.00891	0.00891	0.01560	0.00891	0.01783	0.02005	0.85071	0.00446	0.00446	0.00223	0.00223
31	0.01085	0.00911	0.01066	0.00763	0.01218	0.00685	0.00611	0.01313	0.01071	0.03003	0.00931	0.01076	0.00769	0.00384	0.00382	0.00077	0.00381	0.00308	0.00310	0.83656
32	0.02302	0.00873	0.01191	0.00913	0.01310	0.00754	0.00754	0.02501	0.01469	0.79122	0.02024	0.01746	0.01270	0.00635	0.00516	0.00159	0.00437	0.00516	0.00635	0.00873
33	0.00711	0.00513	0.00701	0.02054	0.00912	0.00498	0.00626	0.00867	0.01076	0.01420	0.04895	0.47491	0.04476	0.01496	0.00671	0.00217	0.00369	0.30091	0.00473	0.00443
34	0.01313	0.16495	0.25144	0.01609	0.12971	0.06584	0.09099	0.09357	0.04352	0.01694	0.00956	0.01135	0.00750	0.00520	0.00554	0.00154	0.05895	0.00413	0.00273	0.00732
35	0.01135	0.01072	0.01814	0.25245	0.51257	0.01136	0.01449	0.01434	0.01113	0.01544	0.01091	0.07381	0.00971	0.00560	0.00521	0.00162	0.00607	0.00533	0.00263	0.00713
36	0.00891	0.00446	0.00668	0.00668	0.00668	0.00446	0.00446	0.00668	0.00668	0.00891	0.00891	0.01560	0.00891	0.01783	0.02005	0.85071	0.00446	0.00446	0.00223	0.00223
37	0.00980	0.00910	0.01351	0.20320	0.11899	0.01075	0.01055	0.01180	0.00978	0.01371	0.01476	0.14705	0.06533	0.00859	0.00896	0.00185	0.25384	0.01582	0.00297	0.06962
38	0.01415	0.68736	0.02589	0.01011	0.01438	0.09760	0.06119	0.01595	0.01095	0.01242	0.00744	0.00872	0.00667	0.00448	0.00362	0.00116	0.00608	0.00303	0.00227	0.00654
39	0.00799	0.00628	0.00767	0.00726	0.00917	0.00532	0.00525	0.02483	0.01052	0.01476	0.02308	0.47836	0.07424	0.01154	0.00556	0.00160	0.00328	0.01025	0.00419	0.28883
40	0.01943	0.02337	0.01436	0.01294	0.01567	0.74462	0.00975	0.02080	0.01455	0.06612	0.00878	0.00982	0.00703	0.00536	0.00466	0.00134	0.00892	0.00343	0.00290	0.00614
41	0.00734	0.00546	0.00807	0.00807	0.00893	0.00632	0.00620	0.00905	0.00819	0.01178	0.01390	0.02104	0.01321	0.08965	0.74870	0.00803	0.01317	0.00563	0.00277	0.00448
42	0.00638	0.00467	0.00577	0.00658	0.00710	0.00430	0.00438	0.00723	0.00986	0.01283	0.03111	0.57009	0.17231	0.12124	0.00903	0.00240	0.00317	0.01295	0.00455	0.00406
43	0.00697	0.00534	0.00675	0.00741	0.00804	0.00535	0.00518	0.00886	0.06043	0.01399	0.06614	0.59802	0.10403	0.03069	0.00727	0.00207	0.04149	0.01276	0.00468	0.00452
44	0.04245	0.01272	0.01928	0.11923	0.31447	0.06954	0.15482	0.03715	0.12204	0.04042	0.01151	0.01369	0.00894	0.00509	0.00519	0.00161	0.00647	0.00489	0.00311	0.00739
45	0.00799	0.00592	0.00710	0.00697	0.00838	0.00571	0.00515	0.01141	0.11340	0.04071	0.34262	0.21796	0.18373	0.01169	0.00603	0.00176	0.00286	0.01023	0.00523	0.00513
46	0.02163	0.00920	0.01188	0.00918	0.01298	0.00845	0.00756	0.12221	0.01566	0.63825	0.01896	0.01690	0.01221	0.00630	0.00505	0.00155	0.00440	0.00506	0.06410	0.00846
47	0.77626	0.00998	0.00828	0.06195	0.01183	0.01162	0.00626	0.03432	0.00923	0.02258	0.00741	0.00881	0.00573	0.00482	0.00336	0.00159	0.00421	0.00295	0.00316	0.00565
48	0.01487	0.02247	0.25431	0.01298	0.01694	0.44074	0.01225	0.02802	0.01270	0.01389	0.00915	0.01122	0.00742	0.00954	0.10928	0.00233	0.00928	0.00376	0.00254	0.00631
49	0.00969	0.00912	0.01539	0.80734	0.03534	0.01140	0.01425	0.01311	0.01026	0.01311	0.00912	0.01368	0.00684	0.00513	0.00513	0.00171	0.00684	0.00456	0.00228	0.00570
50	0.01238	0.01062	0.01128	0.01028	0.01306	0.01221	0.00804	0.02594	0.72037	0.02097	0.02189	0.02189	0.03279	0.00748	0.00534	0.00177	0.00407	0.04658	0.00518	0.00786
51	0.00726	0.00524	0.00686	0.00646	0.00767	0.00484	0.00484	0.00968	0.01452	0.02058	0.78496	0.03833	0.04841	0.01049	0.00605	0.00161	0.00242	0.00928	0.00565	0.00484
52	0.01064	0.00912	0.01064	0.00760	0.01216	0.00684	0.00608	0.01292	0.01064	0.01672	0.00912	0.01064	0.00760	0.00380	0.00380	0.00076	0.00380	0.00304	0.00304	0.85104
53	0.00622	0.00520	0.00541	0.00536	0.00703	0.00440	0.00402	0.00766	0.01206	0.01473	0.14683	0.04795	0.69019	0.01267	0.00606	0.00172	0.00258	0.01063	0.00488	0.00440
54	0.01029	0.02654	0.79309	0.01462	0.02221	0.01192	0.01896	0.01625	0.01083	0.01625	0.00921	0.01083	0.00650	0.00487	0.00487	0.00162	0.00758	0.00379	0.00217	0.00758
55	0.00666	0.00544	0.00582	0.00590	0.00744	0.00482	0.00439	0.02412	0.02803	0.01447	0.06752	0.14843	0.58583	0.03377	0.00664	0.00188	0.00287	0.03671	0.00476	0.00448
56	0.85592	0.00992	0.00754	0.00675	0.00992	0.01151	0.00556	0.01508	0.00873	0.02302	0.00714	0.00834	0.00556	0.00476	0.00318	0.00159	0.00397	0.00278	0.00318	0.00556
57	0.01833	0.01364	0.01630	0.01561	0.17041	0.01473	0.01084	0.58002	0.02113	0.06921	0.01220	0.01267	0.00882	0.00585	0.00512	0.00154	0.00567	0.00464	0.00468	0.00861
58	0.01614	0.01948	0.01962	0.01683	0.06963	0.45265	0.24476	0.01937	0.06409	0.01462	0.00966	0.01155	0.00767	0.00505	0.00514	0.00149	0.00852	0.00440	0.00279	0.00654
59	0.00733	0.00550	0.00825	0.00825	0.00916	0.00641	0.00641	0.00916	0.00825	0.01191	0.01374	0.02016	0.01283	0.03848	0.79934	0.00825	0.01374	0.00550	0.00275	0.00458
60	0.01821	0.11779	0.01458	0.00985	0.01364	0.01244	0.00826	0.29342	0.08255	0.28082	0.03065	0.01707	0.06447	0.00660	0.00499	0.00153	0.00480	0.00516	0.00514	0.00803
61	0.01815	0.07188	0.01531	0.01207	0.01540	0.36470	0.00956	0.29600	0.11080	0.02086	0.01106	0.01151	0.00849	0.00575	0.00480	0.00144	0.00705	0.00405	0.00384	0.00727
62	0.01278	0.60585	0.23562	0.01037	0.01563	0.01802	0.01155	0.01561	0.01054	0.01321	0.00770	0.00894	0.00656	0.00452	0.00372	0.00124	0.00606	0.00303	0.00219	0.00686
63	0.01234	0.32364	0.40154	0.01345	0.06897	0.06923	0.01431	0.01618	0.01099	0.01447	0.00837	0.00987	0.00665	0.00470	0.00428	0.00140	0.00681	0.00342	0.00223	0.00713
64	0.00891	0.00446	0.00668	0.00668	0.00668	0.00446	0.00446	0.00668	0.00668	0.00891	0.00891	0.01560	0.00891	0.01783	0.02005	0.85071	0.00446	0.00446	0.00223	0.00223
65	0.07478	0.01408	0.01488	0.01147	0.01552	0.01562	0.00948	0.72063	0.02311	0.03172	0.01198	0.01206	0.00852	0.00607	0.00500	0.00154	0.00554	0.00450	0.00500	0.00852
66	0.01211	0.01384	0.03028	0.02163	0.02682	0.01298	0.76903	0.01644	0.01211	0.01644	0.01038	0.01384	0.00779	0.00433	0.00606	0.00173	0.00865	0.00606	0.00260	0.00692
67	0.06796	0.06856	0.02430	0.07232	0.21053	0.01328	0.38367	0.06573	0.01234	0.01748	0.00981	0.01270	0.00764	0.00459	0.00532	0.00161	0.00719	0.00506	0.00274	0.00714
68	0.00652	0.00465	0.00626	0.00745	0.00786	0.00440	0.00522	0.00760	0.01009	0.01340	0.02813	0.71652	0.03336	0.01583	0.00662	0.00212	0.00321	0.11177	0.00476	0.00424
69	0.00750	0.00542	0.00713	0.00747	0.00857	0.00517	0.00593	0.00956	0.01255	0.01698	0.35266	0.09746	0.08920	0.06540	0.00778	0.00215	0.00349	0.28595	0.00502	0.00461
70	0.01250	0.01199	0.02047	0.08231	0.73839	0.01214	0.01565	0.01557	0.01159	0.01652	0.00962	0.01276	0.00804	0.00461	0.00508	0.00154	0.00614	0.00457	0.00252	0.00797
71	0.00672	0.00496	0.00552	0.00574	0.00643	0.00459	0.00371	0.00737	0.00947	0.01198	0.03168	0.18547	0.30536	0.37118	0.01504	0.00324	0.00372	0.01004	0.00403	0.00376
72	0.10168	0.01096	0.06903	0.52501	0.16874	0.01159	0.01391	0.01402	0.01039	0.01506	0.00901	0.01273	0.00691	0.00497	0.00489	0.00166	0.00645	0.00432	0.00242	0.00626
73	0.01280	0.61977	0.20878	0.01013	0.01523	0.01805	0.01113	0.01548	0.01059	0.01321	0.02059	0.00935	0.00726	0.00461	0.00371	0.00123	0.00593	0.00310	0.00225	0.00679
74	0.00746	0.00497	0.00560	0.00560	0.00560	0.00497	0.00311	0.00746	0.00746	0.00995	0.01617	0.03358	0.01865	0.81967	0.02612	0.00497	0.00497	0.00746	0.00311	0.00311
75	0.00638	0.00472	0.00585	0.00658	0.00723	0.00431	0.00448	0.00743	0.01044	0.01367	0.09619	0.53978	0.18798	0.07025	0.00775	0.00217	0.00299	0.01288	0.00472	0.00419
76	0.01131	0.02670	0.19966	0.21107	0.15398	0.01148	0.05723	0.05856	0.01167	0.03931	0.03765	0.01580	0.01008	0.00778	0.05365	0.00208	0.04587	0.03650	0.00285	0.00677
77	0.01073	0.03983	0.07004	0.45953	0.04530	0.01231	0.18862	0.01514	0.06147	0.01466	0.01008	0.01363	0.00763	0.00510	0.00553	0.00170	0.02494	0.00487	0.00254	0.00634
78	0.01330	0.01468	0.02228	0.01685	0.02052	0.16846	0.43372	0.06091	0.01248	0.01556	0.01059	0.01530	0.00899	0.11215	0.00890	0.00209	0.04862	0.00553	0.00281	0.00627
79	0.00714	0.00504	0.00589	0.00607	0.00657	0.00483	0.00395	0.00786	0.00942	0.01241	0.10705	0.13269	0.13605	0.46443	0.01741	0.00362	0.00409	0.05785	0.00393	0.00371
80	0.18808	0.01096	0.00993	0.00865	0.01141	0.10163	0.00682	0.09986	0.17825	0.08804	0.04990	0.01561	0.01238	0.00608	0.00440	0.00149	0.00442	0.00461	0.17473	0.02276
81	0.08049	0.17545	0.05585	0.04978	0.05174	0.05576	0.05742	0.19287	0.08842	0.03168	0.02344	0.02897	0.03639	0.00639	0.01648	0.00160	0.01786	0.00465	0.00359	0.02114
82	0.04602	0.14117	0.28048	0.01316	0.03013	0.06183	0.08572	0.16094	0.06584	0.01921	0.02751	0.01202	0.00863	0.00526	0.00475	0.00151	0.00652	0.00420	0.00315	0.02195

[dist]
# distance from previous block
# <min> <max>
1	11

[block]
# block no. 7 follows, 48 sequences, length 32
# corresponding to MSA columns:
# 340-346,348-358,361-374
name=unknown_H
#
# <colnr> <probs for GDERKNQSTAVLIFYWHMCP>
#	G	D	E	R	K	N	Q	S	T	A	V	L	I	F	Y	W	H	M	C	P
0	0.03100	0.07689	0.02182	0.10013	0.15522	0.07779	0.27246	0.01641	0.05060	0.03066	0.00991	0.01269	0.00789	0.00521	0.00646	0.00164	0.09414	0.00483	0.00272	0.02152
1	0.01199	0.11711	0.25809	0.11235	0.12096	0.08190	0.06370	0.01601	0.03615	0.01533	0.00933	0.01141	0.00730	0.00474	0.00467	0.00143	0.00666	0.00394	0.00251	0.11444
2	0.00971	0.00644	0.00792	0.04404	0.03507	0.00569	0.00566	0.01154	0.01257	0.14118	0.17660	0.03684	0.41274	0.01023	0.00570	0.00162	0.00324	0.00863	0.00489	0.05970
3	0.07717	0.02064	0.51885	0.01264	0.01890	0.01107	0.01491	0.05302	0.01217	0.19538	0.01173	0.01224	0.00796	0.00526	0.00482	0.00161	0.00648	0.00407	0.00334	0.00775
4	0.00733	0.00550	0.00825	0.00825	0.00916	0.00641	0.00641	0.00916	0.00825	0.01191	0.01374	0.02016	0.01283	0.03848	0.79934	0.00825	0.01374	0.00550	0.00275	0.00458
5	0.00625	0.00447	0.00595	0.00714	0.00744	0.00417	0.00476	0.00714	0.00982	0.01310	0.02828	0.81633	0.03394	0.01608	0.00655	0.00208	0.00298	0.01459	0.00476	0.00417
6	0.02302	0.00873	0.01191	0.00913	0.01310	0.00754	0.00754	0.02501	0.01469	0.79122	0.02024	0.01746	0.01270	0.00635	0.00516	0.00159	0.00437	0.00516	0.00635	0.00873
7	0.01211	0.01384	0.03028	0.02163	0.02682	0.01298	0.76903	0.01644	0.01211	0.01644	0.01038	0.01384	0.00779	0.00433	0.00606	0.00173	0.00865	0.00606	0.00260	0.00692
8	0.01123	0.01123	0.01572	0.01347	0.01347	0.01572	0.01123	0.01235	0.00786	0.01235	0.00674	0.01123	0.00674	0.00898	0.01684	0.00225	0.81028	0.00449	0.00225	0.00561
9	0.01184	0.26909	0.51512	0.01276	0.01909	0.05942	0.01534	0.01622	0.01092	0.01477	0.00850	0.00995	0.00653	0.00475	0.00438	0.00145	0.00704	0.00344	0.00220	0.00719
10	0.00625	0.00447	0.00595	0.00714	0.00744	0.00417	0.00476	0.00714	0.00982	0.01310	0.02828	0.81633	0.03394	0.01608	0.00655	0.00208	0.00298	0.01459	0.00476	0.00417
11	0.00746	0.00497	0.00560	0.00560	0.00560	0.00497	0.00311	0.00746	0.00746	0.00995	0.01617	0.03358	0.01865	0.81967	0.02612	0.00497	0.00497	0.00746	0.00311	0.00311
12	0.01569	0.39128	0.16422	0.01048	0.01534	0.01584	0.01064	0.15770	0.01375	0.14440	0.01063	0.01099	0.00797	0.00513	0.00423	0.00136	0.00572	0.00368	0.00342	0.00752
13	0.01211	0.01384	0.03028	0.02163	0.02682	0.01298	0.76903	0.01644	0.01211	0.01644	0.01038	0.01384	0.00779	0.00433	0.00606	0.00173	0.00865	0.00606	0.00260	0.00692
14	0.00610	0.00520	0.00525	0.00524	0.00696	0.00435	0.00393	0.00744	0.01179	0.01409	0.07649	0.04901	0.76093	0.01291	0.00606	0.00173	0.00259	0.01078	0.00479	0.00435
15	0.01091	0.00928	0.01078	0.00773	0.01227	0.00711	0.00619	0.03585	0.01105	0.01719	0.00922	0.01069	0.00763	0.00387	0.00384	0.00078	0.00386	0.00309	0.00310	0.82555
16	0.01867	0.03168	0.03293	0.00979	0.01333	0.00826	0.05004	0.02172	0.07430	0.53632	0.02021	0.12845	0.01529	0.00755	0.00535	0.00166	0.00450	0.00647	0.00560	0.00786
17	0.00625	0.00447	0.00595	0.00714	0.00744	0.00417	0.00476	0.00714	0.00982	0.01310	0.02828	0.81633	0.03394	0.01608	0.00655	0.00208	0.00298	0.01459	0.00476	0.00417
18	0.01164	0.01120	0.01902	0.27724	0.48693	0.01216	0.03187	0.01473	0.01102	0.01534	0.00933	0.01295	0.00763	0.00500	0.00579	0.00163	0.05231	0.00460	0.00244	0.00718
19	0.03115	0.01323	0.07887	0.12194	0.20824	0.09963	0.01168	0.05809	0.05917	0.22318	0.01414	0.01489	0.03140	0.00569	0.00504	0.00157	0.00593	0.00474	0.00387	0.00755
20	0.01372	0.82276	0.02689	0.00878	0.01317	0.02030	0.00878	0.01536	0.01043	0.01207	0.00713	0.00823	0.00658	0.00439	0.00329	0.00110	0.00549	0.00274	0.00219	0.00658
21	0.00638	0.00515	0.00529	0.00529	0.00663	0.00448	0.00372	0.00739	0.01073	0.01297	0.04382	0.04578	0.61083	0.19681	0.01063	0.00247	0.00314	0.01006	0.00439	0.00405
22	0.01417	0.01029	0.01141	0.09620	0.01433	0.05433	0.00805	0.21737	0.07558	0.10772	0.03334	0.01942	0.09133	0.02931	0.00623	0.00167	0.05196	0.00553	0.14510	0.00667
23	0.00725	0.00570	0.00661	0.00634	0.00787	0.00531	0.00476	0.01024	0.07864	0.01790	0.42069	0.06249	0.32472	0.01129	0.00600	0.00168	0.00264	0.00972	0.00525	0.00491
24	0.01064	0.00912	0.01064	0.00760	0.01216	0.00684	0.00608	0.01292	0.01064	0.01672	0.00912	0.01064	0.00760	0.00380	0.00380	0.00076	0.00380	0.00304	0.00304	0.85104
25	0.01352	0.77729	0.07064	0.00911	0.01369	0.01982	0.00936	0.01541	0.01045	0.01231	0.00725	0.00838	0.00658	0.00442	0.00338	0.00113	0.00561	0.00280	0.00219	0.00664
26	0.00734	0.00548	0.00813	0.00813	0.00901	0.00635	0.00627	0.00909	0.00821	0.01183	0.01385	0.02073	0.01308	0.07179	0.76637	0.00811	0.01337	0.00558	0.00276	0.00452
27	0.00860	0.00490	0.00490	0.00490	0.00624	0.00466	0.00367	0.01069	0.01102	0.01768	0.02646	0.02747	0.22613	0.00791	0.00427	0.00134	0.00245	0.00645	0.61562	0.00466
28	0.23167	0.01069	0.01084	0.00913	0.01232	0.01181	0.00734	0.22559	0.20868	0.09643	0.01616	0.03414	0.04297	0.00652	0.00464	0.00161	0.00432	0.00499	0.05288	0.00725
29	0.04350	0.00610	0.00783	0.16898	0.01306	0.00620	0.00639	0.00964	0.01113	0.03026	0.11583	0.18828	0.29071	0.03303	0.00626	0.00184	0.00366	0.00930	0.04324	0.00476
30	0.13107	0.01180	0.01314	0.13009	0.01710	0.01364	0.00940	0.29017	0.25440	0.02397	0.01357	0.01406	0.01009	0.00618	0.00536	0.00166	0.03772	0.00472	0.00435	0.00752
31	0.06783	0.26268	0.07192	0.02585	0.07422	0.11766	0.01010	0.16051	0.07215	0.07550	0.01060	0.01127	0.00819	0.00526	0.00437	0.00141	0.00594	0.00383	0.00343	0.00729

[dist]
# distance from previous block
# <min> <max>
1	8

[block]
# block no. 8 follows, 48 sequences, length 51
# corresponding to MSA columns:
# 383-396,398-434
name=unknown_I
#
# <colnr> <probs for GDERKNQSTAVLIFYWHMCP>
#	G	D	E	R	K	N	Q	S	T	A	V	L	I	F	Y	W	H	M	C	P
0	0.06035	0.18044	0.03129	0.12546	0.08027	0.09096	0.02978	0.07089	0.02450	0.15043	0.03178	0.01411	0.00985	0.00583	0.00536	0.00154	0.05119	0.02562	0.00349	0.00689
1	0.00847	0.00671	0.00819	0.00682	0.00932	0.00557	0.00526	0.01078	0.01290	0.01875	0.45192	0.02848	0.07341	0.00810	0.00520	0.00130	0.00295	0.00701	0.00462	0.32423
2	0.01257	0.43244	0.02030	0.21620	0.01850	0.01555	0.00979	0.07632	0.01208	0.03066	0.09990	0.01371	0.01187	0.00548	0.00428	0.00136	0.00547	0.00419	0.00295	0.00637
3	0.00621	0.00520	0.00539	0.00535	0.00702	0.00439	0.00401	0.00764	0.01203	0.01465	0.13826	0.04808	0.69881	0.01270	0.00606	0.00172	0.00258	0.01065	0.00487	0.00439
4	0.01252	0.01201	0.02050	0.07826	0.74232	0.01214	0.01566	0.01559	0.01160	0.01654	0.00962	0.01276	0.00805	0.00461	0.00508	0.00154	0.00614	0.00457	0.00252	0.00798
5	0.02255	0.00949	0.01237	0.00949	0.01347	0.00866	0.00784	0.12457	0.01595	0.68987	0.01918	0.01678	0.01217	0.00633	0.00516	0.00158	0.00454	0.00509	0.00619	0.00873
6	0.00891	0.00446	0.00668	0.00668	0.00668	0.00446	0.00446	0.00668	0.00668	0.00891	0.00891	0.01560	0.00891	0.01783	0.02005	0.85071	0.00446	0.00446	0.00223	0.00223
7	0.00633	0.00457	0.00595	0.00695	0.00737	0.00424	0.00467	0.00731	0.01014	0.01348	0.07173	0.70489	0.08080	0.03666	0.00700	0.00211	0.00297	0.01387	0.00477	0.00419
8	0.85592	0.00992	0.00754	0.00675	0.00992	0.01151	0.00556	0.01508	0.00873	0.02302	0.00714	0.00834	0.00556	0.00476	0.00318	0.00159	0.00397	0.00278	0.00318	0.00556
9	0.01064	0.00912	0.01064	0.00760	0.01216	0.00684	0.00608	0.01292	0.01064	0.01672	0.00912	0.01064	0.00760	0.00380	0.00380	0.00076	0.00380	0.00304	0.00304	0.85104
10	0.01526	0.01322	0.13465	0.06970	0.38675	0.01084	0.01365	0.03357	0.01258	0.24011	0.01266	0.01384	0.00913	0.00520	0.00508	0.00157	0.00586	0.00462	0.00362	0.00808
11	0.57472	0.04054	0.01040	0.00879	0.01163	0.18535	0.00709	0.01606	0.01000	0.01948	0.00728	0.00877	0.00592	0.00521	0.00461	0.00157	0.07093	0.00303	0.00295	0.00568
12	0.01276	0.01102	0.01160	0.01044	0.01334	0.01276	0.00812	0.02727	0.77840	0.02146	0.02088	0.01914	0.01566	0.00696	0.00522	0.00174	0.00406	0.00580	0.00522	0.00812
13	0.00644	0.00521	0.00572	0.00559	0.00716	0.00449	0.00419	0.00809	0.01258	0.01595	0.28021	0.04594	0.55605	0.01221	0.00606	0.00170	0.00254	0.01035	0.00504	0.00449
14	0.01951	0.01437	0.01540	0.01181	0.01591	0.01591	0.00975	0.77056	0.02412	0.03234	0.01232	0.01232	0.00873	0.00616	0.00513	0.00154	0.00565	0.00462	0.00513	0.00873
15	0.01127	0.00953	0.01097	0.00801	0.01244	0.00771	0.00641	0.05617	0.05884	0.01789	0.01003	0.01126	0.00816	0.00413	0.00396	0.00086	0.00392	0.00330	0.00329	0.75185
16	0.00736	0.00526	0.00723	0.00841	0.00920	0.00513	0.00669	0.00906	0.01092	0.01434	0.02767	0.39859	0.03151	0.01503	0.00685	0.00224	0.00394	0.42136	0.00474	0.00447
17	0.01123	0.01123	0.01572	0.01347	0.01347	0.01572	0.01123	0.01235	0.00786	0.01235	0.00674	0.01123	0.00674	0.00898	0.01684	0.00225	0.81028	0.00449	0.00225	0.00561
