[name]
unknown

[dist]
# distance from previous block
# <min> <max>
0	598

[block]
# block no. 0 follows, 50 sequences, length 119
# corresponding to MSA columns:
# 735-853
name=unknown_A
#
# <colnr> <probs for GDERKNQSTAVLIFYWHMCP>
#	G	D	E	R	K	N	Q	S	T	A	V	L	I	F	Y	W	H	M	C	P
0	0.02816	0.05809	0.03285	0.07161	0.07976	0.14783	0.11019	0.07817	0.01199	0.03152	0.01277	0.13393	0.01227	0.00801	0.02291	0.00179	0.08967	0.04658	0.00316	0.01872
1	0.01085	0.01388	0.16790	0.27702	0.17458	0.04950	0.12034	0.01474	0.02794	0.01502	0.04338	0.01360	0.00899	0.00508	0.00525	0.00159	0.02128	0.00466	0.01787	0.00652
2	0.00605	0.00441	0.00570	0.00674	0.00718	0.00407	0.00454	0.00696	0.00974	0.01280	0.02995	0.73840	0.11454	0.01529	0.00631	0.00199	0.00285	0.01378	0.00463	0.00407
3	0.00736	0.00593	0.00670	0.00679	0.00819	0.00581	0.00497	0.01113	0.16131	0.01552	0.13377	0.28276	0.30683	0.01210	0.00588	0.00178	0.00289	0.01052	0.00483	0.00494
4	0.01183	0.01326	0.02837	0.02209	0.11282	0.01252	0.68969	0.01589	0.01172	0.01600	0.01000	0.01332	0.00760	0.00423	0.00578	0.00166	0.00812	0.00572	0.00251	0.00686
5	0.00721	0.00481	0.00545	0.00549	0.00550	0.00480	0.00308	0.00724	0.00733	0.00977	0.01612	0.06038	0.01864	0.79635	0.02470	0.00473	0.00476	0.00749	0.00308	0.00306
6	0.01039	0.00939	0.01186	0.21050	0.09802	0.04260	0.00925	0.01684	0.27249	0.01709	0.15448	0.02188	0.07127	0.02555	0.00567	0.00169	0.00467	0.00608	0.00398	0.00629
7	0.01862	0.02376	0.01413	0.01284	0.01541	0.80482	0.00963	0.01990	0.01413	0.01220	0.00770	0.00899	0.00642	0.00514	0.00449	0.00128	0.00899	0.00321	0.00257	0.00578
8	0.00929	0.00465	0.00465	0.00465	0.00581	0.00465	0.00348	0.01161	0.01045	0.01858	0.01626	0.01858	0.01278	0.00581	0.00348	0.00116	0.00232	0.00465	0.85250	0.00465
9	0.00941	0.00886	0.01495	0.81285	0.03433	0.01107	0.01384	0.01274	0.00997	0.01274	0.00886	0.01329	0.00664	0.00498	0.00498	0.00166	0.00664	0.00443	0.00221	0.00554
10	0.00619	0.00450	0.00584	0.00668	0.00722	0.00415	0.00456	0.00729	0.01032	0.01377	0.13287	0.64723	0.10173	0.01462	0.00626	0.00193	0.00279	0.01315	0.00474	0.00415
11	0.00660	0.00485	0.00619	0.00633	0.00729	0.00444	0.00457	0.00836	0.01235	0.01692	0.46140	0.28321	0.13466	0.01218	0.00603	0.00172	0.00254	0.01081	0.00511	0.00444
12	0.00941	0.00886	0.01495	0.81285	0.03433	0.01107	0.01384	0.01274	0.00997	0.01274	0.00886	0.01329	0.00664	0.00498	0.00498	0.00166	0.00664	0.00443	0.00221	0.00554
13	0.18512	0.14949	0.01472	0.01087	0.01384	0.50115	0.00861	0.03732	0.01260	0.01463	0.00754	0.00873	0.00627	0.00492	0.00402	0.00131	0.00729	0.00305	0.00266	0.00587
14	0.01091	0.01091	0.01527	0.01309	0.01309	0.01527	0.01091	0.01200	0.00763	0.01200	0.00654	0.01091	0.00654	0.00872	0.01636	0.00218	0.81570	0.00436	0.00218	0.00545
15	0.01096	0.01196	0.04240	0.25441	0.09501	0.01185	0.42380	0.01504	0.03401	0.01510	0.01036	0.03314	0.00814	0.00482	0.00549	0.00166	0.00737	0.00547	0.00254	0.00646
16	0.00605	0.00454	0.00565	0.00648	0.00714	0.00414	0.00445	0.00704	0.00997	0.01289	0.03301	0.60400	0.22640	0.01539	0.02600	0.00209	0.00306	0.01302	0.00458	0.00410
17	0.00642	0.00504	0.00577	0.00565	0.00703	0.00443	0.00419	0.00811	0.01238	0.01614	0.36533	0.07012	0.42995	0.02960	0.00633	0.00172	0.00251	0.00993	0.00496	0.00439
18	0.01035	0.01072	0.07306	0.18904	0.21746	0.01040	0.09170	0.01349	0.02295	0.03020	0.11944	0.05286	0.01425	0.00712	0.02604	0.00180	0.07973	0.00563	0.00301	0.02075
19	0.01233	0.58783	0.25739	0.01023	0.01542	0.01729	0.01149	0.01518	0.01025	0.01294	0.00753	0.00875	0.00637	0.00441	0.00366	0.00122	0.00594	0.00297	0.00212	0.00669
20	0.01333	0.82783	0.02612	0.00853	0.01279	0.01972	0.00853	0.01493	0.01013	0.01173	0.00693	0.00800	0.00640	0.00426	0.00320	0.00107	0.00533	0.00267	0.00213	0.00640
21	0.00622	0.00443	0.00584	0.00680	0.00714	0.00415	0.00454	0.00716	0.00979	0.01314	0.08927	0.71230	0.03327	0.06144	0.00741	0.00215	0.00296	0.01335	0.00461	0.00404
22	0.00866	0.00433	0.00649	0.00649	0.00649	0.00433	0.00433	0.00649	0.00649	0.00866	0.00866	0.01515	0.00866	0.01732	0.01948	0.85498	0.00433	0.00433	0.00216	0.00216
23	0.00687	0.00509	0.00641	0.00608	0.00733	0.00463	0.00456	0.00905	0.01368	0.01897	0.67520	0.03891	0.16357	0.01057	0.00588	0.00159	0.00238	0.00925	0.00535	0.00463
24	0.00955	0.00912	0.01578	0.76757	0.03386	0.01116	0.05740	0.01292	0.01007	0.01292	0.00893	0.01330	0.00670	0.00494	0.00503	0.00166	0.00675	0.00451	0.00223	0.00560
25	0.11452	0.25849	0.01682	0.01077	0.01392	0.46608	0.00877	0.01792	0.01230	0.02879	0.00763	0.00875	0.00641	0.00484	0.00396	0.00125	0.00722	0.00303	0.00257	0.00597
26	0.86003	0.00964	0.00733	0.00655	0.00964	0.01118	0.00540	0.01465	0.00848	0.02236	0.00694	0.00810	0.00540	0.00463	0.00308	0.00154	0.00386	0.00270	0.00308	0.00540
27	0.01153	0.01097	0.01874	0.22571	0.57222	0.01151	0.02862	0.01459	0.01099	0.01544	0.00941	0.01273	0.00768	0.00460	0.00493	0.00152	0.00607	0.00447	0.02106	0.00721
28	0.00594	0.00505	0.00511	0.00510	0.00676	0.00423	0.00382	0.00724	0.01147	0.01372	0.07929	0.04755	0.76276	0.01253	0.00589	0.00168	0.00252	0.01046	0.00466	0.00423
29	0.00623	0.00506	0.00552	0.00541	0.00694	0.00435	0.00406	0.00781	0.01217	0.01537	0.26714	0.04483	0.57388	0.01191	0.00589	0.00165	0.00247	0.01008	0.00488	0.00435
30	0.01687	0.28920	0.01808	0.01142	0.01455	0.54563	0.00927	0.01826	0.01281	0.01204	0.00745	0.00866	0.00641	0.00485	0.00407	0.00121	0.00778	0.00303	0.00242	0.00598
31	0.01034	0.00886	0.01034	0.00738	0.01181	0.00664	0.00591	0.01255	0.01034	0.01624	0.00886	0.01034	0.00738	0.00369	0.00369	0.00074	0.00369	0.00295	0.00295	0.85530
32	0.00989	0.02470	0.75623	0.01393	0.02097	0.01126	0.01785	0.01549	0.01057	0.01574	0.00989	0.01299	0.00752	0.00522	0.00485	0.00162	0.00722	0.04459	0.00224	0.00722
33	0.05684	0.00965	0.01264	0.04757	0.18560	0.00839	0.00836	0.02684	0.01068	0.01670	0.00892	0.01081	0.00738	0.00400	0.00401	0.00100	0.00435	0.00336	0.00286	0.57003
34	0.00684	0.00509	0.00637	0.00605	0.00732	0.00461	0.00454	0.00900	0.01361	0.01880	0.65639	0.03919	0.18249	0.01063	0.00588	0.00159	0.00238	0.00929	0.00533	0.00461
35	0.00725	0.00483	0.00544	0.00544	0.00544	0.00483	0.00302	0.00725	0.00725	0.00966	0.01571	0.03262	0.01812	0.82483	0.02537	0.00483	0.00483	0.00725	0.00302	0.00302
36	0.00724	0.00486	0.00560	0.00560	0.00565	0.00492	0.00322	0.00735	0.00730	0.00978	0.01556	0.03180	0.01777	0.77554	0.07418	0.00503	0.00537	0.00713	0.00300	0.00311
37	0.01319	0.79590	0.05688	0.00875	0.01314	0.01940	0.00892	0.01496	0.01014	0.01189	0.00701	0.00810	0.00639	0.00428	0.00326	0.00109	0.00541	0.00271	0.00213	0.00644
38	0.01010	0.02508	0.75500	0.01460	0.02183	0.01163	0.06171	0.01580	0.01059	0.01580	0.00901	0.01069	0.00639	0.00471	0.00480	0.00158	0.00743	0.00381	0.00213	0.00733
39	0.01169	0.01217	0.04463	0.14771	0.47635	0.01189	0.19164	0.01507	0.01121	0.01565	0.00945	0.01269	0.00758	0.00448	0.00516	0.00156	0.00665	0.00475	0.00243	0.00725
40	0.02813	0.00897	0.02855	0.10928	0.04976	0.02642	0.09138	0.07026	0.04941	0.13199	0.08898	0.11965	0.06077	0.00754	0.00516	0.00159	0.00464	0.00667	0.10472	0.00613
41	0.01127	0.01106	0.01973	0.07466	0.27300	0.01131	0.25189	0.04098	0.06001	0.01596	0.01244	0.10820	0.01127	0.02414	0.00648	0.00174	0.05002	0.00617	0.00297	0.00670
42	0.02181	0.00937	0.01212	0.00929	0.01317	0.00864	0.00767	0.14596	0.01575	0.67342	0.01842	0.01616	0.01171	0.00614	0.00501	0.00153	0.00444	0.00493	0.00598	0.00848
43	0.01177	0.24030	0.01828	0.01180	0.01306	0.03510	0.01021	0.01300	0.00849	0.01193	0.00668	0.01004	0.00650	0.00739	0.01239	0.00185	0.56947	0.00386	0.00218	0.00572
44	0.01015	0.00975	0.07178	0.18925	0.08110	0.00917	0.08477	0.08983	0.02996	0.01755	0.14349	0.08986	0.04020	0.00711	0.00518	0.00159	0.00497	0.00638	0.10199	0.00592
45	0.01075	0.01133	0.02261	0.28725	0.09563	0.01161	0.41553	0.01439	0.01102	0.01475	0.01045	0.05215	0.00851	0.00503	0.00552	0.00167	0.00733	0.00567	0.00251	0.00630
46	0.00608	0.00507	0.00533	0.00532	0.00689	0.00436	0.00399	0.00741	0.01129	0.01370	0.09096	0.04591	0.68564	0.03189	0.04052	0.00203	0.00306	0.02176	0.00456	0.00423
47	0.01337	0.79242	0.04242	0.00875	0.01304	0.03733	0.00877	0.01506	0.01023	0.01182	0.00699	0.00807	0.00640	0.00429	0.00326	0.00108	0.00546	0.00270	0.00214	0.00640
48	0.00929	0.00465	0.00465	0.00465	0.00581	0.00465	0.00348	0.01161	0.01045	0.01858	0.01626	0.01858	0.01278	0.00581	0.00348	0.00116	0.00232	0.00465	0.85250	0.00465
49	0.32652	0.01258	0.04993	0.01224	0.08368	0.10577	0.04941	0.01541	0.00991	0.06879	0.00846	0.01045	0.00679	0.00574	0.00688	0.00166	0.19469	0.00372	0.02134	0.00603
50	0.53912	0.01508	0.03317	0.00899	0.01202	0.29013	0.00727	0.01653	0.01053	0.01860	0.00727	0.00848	0.00578	0.00481	0.00363	0.00145	0.00576	0.00291	0.00287	0.00559
51	0.02097	0.00932	0.01162	0.00903	0.01269	0.02794	0.00741	0.12132	0.01521	0.62695	0.01814	0.01622	0.01172	0.00610	0.00490	0.00150	0.00439	0.00488	0.06153	0.00816
52	0.00591	0.00499	0.00511	0.00520	0.00677	0.00420	0.00385	0.00714	0.01122	0.01341	0.04868	0.10894	0.73191	0.01286	0.00593	0.00171	0.00255	0.01081	0.00463	0.00420
53	0.00605	0.00501	0.00530	0.00532	0.00686	0.00426	0.00396	0.00744	0.01162	0.01428	0.14658	0.09204	0.64912	0.01248	0.00592	0.00169	0.00252	0.01054	0.00474	0.00426
54	0.02194	0.00890	0.01180	0.00907	0.01292	0.00798	0.00748	0.07621	0.02953	0.72967	0.01915	0.01665	0.01213	0.00617	0.00501	0.00154	0.00432	0.00499	0.00607	0.00847
55	0.01112	0.00883	0.01042	0.00748	0.01187	0.00669	0.00600	0.01332	0.01059	0.06727	0.00957	0.01077	0.00771	0.00385	0.00378	0.00079	0.00373	0.00309	0.00316	0.79997
56	0.86003	0.00964	0.00733	0.00655	0.00964	0.01118	0.00540	0.01465	0.00848	0.02236	0.00694	0.00810	0.00540	0.00463	0.00308	0.00154	0.00386	0.00270	0.00308	0.00540
57	0.00717	0.00515	0.00705	0.00705	0.00760	0.00571	0.00503	0.00828	0.00773	0.01086	0.01423	0.02446	0.01458	0.33215	0.51320	0.00682	0.01016	0.00605	0.00280	0.00392
58	0.00590	0.00502	0.00508	0.00512	0.00675	0.00420	0.00382	0.00715	0.01130	0.01344	0.04969	0.07505	0.76515	0.01273	0.00591	0.00170	0.00254	0.01065	0.00463	0.00420
59	0.01295	0.73636	0.11426	0.00918	0.01379	0.01879	0.00966	0.01502	0.01017	0.01219	0.00716	0.00828	0.00639	0.00432	0.00337	0.00112	0.00556	0.00278	0.00213	0.00651
60	0.00606	0.00439	0.00573	0.00680	0.00719	0.00406	0.00456	0.00696	0.00968	0.01278	0.02919	0.76392	0.08951	0.01539	0.00633	0.00200	0.00286	0.01390	0.00463	0.00406
61	0.01176	0.01345	0.02941	0.02101	0.02605	0.01261	0.77563	0.01597	0.01176	0.01597	0.01008	0.01345	0.00756	0.00420	0.00588	0.00168	0.00840	0.00588	0.00252	0.00672
62	0.00589	0.00505	0.00505	0.00505	0.00673	0.00421	0.00379	0.00715	0.01136	0.01347	0.05049	0.04797	0.79171	0.01262	0.00589	0.00168	0.00252	0.01052	0.00463	0.00421
63	0.01862	0.02376	0.01413	0.01284	0.01541	0.80482	0.00963	0.01990	0.01413	0.01220	0.00770	0.00899	0.00642	0.00514	0.00449	0.00128	0.00899	0.00321	0.00257	0.00578
64	0.86003	0.00964	0.00733	0.00655	0.00964	0.01118	0.00540	0.01465	0.00848	0.02236	0.00694	0.00810	0.00540	0.00463	0.00308	0.00154	0.00386	0.00270	0.00308	0.00540
65	0.86003	0.00964	0.00733	0.00655	0.00964	0.01118	0.00540	0.01465	0.00848	0.02236	0.00694	0.00810	0.00540	0.00463	0.00308	0.00154	0.00386	0.00270	0.00308	0.00540
66	0.00723	0.00544	0.00799	0.00793	0.00873	0.00634	0.00609	0.00885	0.00794	0.01143	0.01337	0.02041	0.01277	0.09947	0.72324	0.00761	0.03266	0.00547	0.00269	0.00436
67	0.86003	0.00964	0.00733	0.00655	0.00964	0.01118	0.00540	0.01465	0.00848	0.02236	0.00694	0.00810	0.00540	0.00463	0.00308	0.00154	0.00386	0.00270	0.00308	0.00540
68	0.00705	0.00510	0.00666	0.00627	0.00745	0.00470	0.00470	0.00941	0.01411	0.01999	0.79110	0.03723	0.04703	0.01019	0.00588	0.00157	0.00235	0.00901	0.00549	0.00470
69	0.01333	0.82783	0.02612	0.00853	0.01279	0.01972	0.00853	0.01493	0.01013	0.01173	0.00693	0.00800	0.00640	0.00426	0.00320	0.00107	0.00533	0.00267	0.00213	0.00640
70	0.00725	0.00483	0.00544	0.00544	0.00544	0.00483	0.00302	0.00725	0.00725	0.00966	0.01571	0.03262	0.01812	0.82483	0.02537	0.00483	0.00483	0.00725	0.00302	0.00302
71	0.01895	0.01396	0.01496	0.01147	0.01546	0.01546	0.00947	0.77711	0.02344	0.03141	0.01197	0.01197	0.00848	0.00598	0.00499	0.00150	0.00548	0.00449	0.00499	0.00848
72	0.00874	0.00770	0.00931	0.00881	0.00948	0.06921	0.00671	0.00999	0.00826	0.01131	0.01213	0.01981	0.01205	0.19027	0.43700	0.00576	0.16103	0.00538	0.00264	0.00445
73	0.01363	0.78185	0.02543	0.00878	0.01294	0.06461	0.00859	0.01521	0.01036	0.01175	0.00697	0.00805	0.00640	0.00431	0.00327	0.00108	0.00554	0.00270	0.00216	0.00636
74	0.00943	0.00792	0.00988	0.01080	0.11908	0.00822	0.00713	0.01566	0.27260	0.01883	0.31734	0.02901	0.13662	0.00858	0.00548	0.00161	0.00341	0.00745	0.00480	0.00615
75	0.03493	0.40623	0.21583	0.01086	0.01557	0.12045	0.02565	0.03184	0.05538	0.02904	0.00870	0.00972	0.00703	0.00472	0.00398	0.00130	0.00625	0.00330	0.00252	0.00670
76	0.01348	0.01083	0.01158	0.01017	0.01314	0.01235	0.00798	0.08510	0.68110	0.06607	0.01960	0.01798	0.01452	0.00667	0.00506	0.00167	0.00408	0.00551	0.00513	0.00797
77	0.00685	0.00532	0.00626	0.00598	0.00742	0.00485	0.00450	0.00930	0.04658	0.01758	0.48021	0.04044	0.32456	0.01095	0.00585	0.00162	0.00249	0.00943	0.00515	0.00466
78	0.01160	0.04203	0.58305	0.01420	0.05709	0.01103	0.04685	0.01634	0.01093	0.10459	0.01049	0.01236	0.00760	0.00539	0.00526	0.02686	0.00679	0.01761	0.00265	0.00726
79	0.01215	0.08381	0.49158	0.01358	0.01959	0.03142	0.10503	0.03330	0.01149	0.10416	0.02538	0.02737	0.00848	0.00515	0.00483	0.00155	0.00680	0.00432	0.00280	0.00721
80	0.86003	0.00964	0.00733	0.00655	0.00964	0.01118	0.00540	0.01465	0.00848	0.02236	0.00694	0.00810	0.00540	0.00463	0.00308	0.00154	0.00386	0.00270	0.00308	0.00540
81	0.00668	0.00508	0.00614	0.00587	0.00721	0.00454	0.00441	0.00867	0.01322	0.01787	0.55053	0.04072	0.28893	0.01098	0.00588	0.00161	0.00241	0.00950	0.00521	0.00454
82	0.01498	0.03417	0.14764	0.08109	0.06124	0.11453	0.04094	0.05934	0.06221	0.22805	0.02913	0.07992	0.01178	0.00634	0.00501	0.00156	0.00580	0.00528	0.00393	0.00705
83	0.01207	0.01136	0.01839	0.04622	0.64049	0.01164	0.01392	0.01650	0.11596	0.01672	0.01149	0.03076	0.00971	0.00515	0.00502	0.00154	0.00559	0.01688	0.00289	0.00770
84	0.00705	0.00510	0.00666	0.00627	0.00745	0.00470	0.00470	0.00941	0.01411	0.01999	0.79110	0.03723	0.04703	0.01019	0.00588	0.00157	0.00235	0.00901	0.00549	0.00470
85	0.02193	0.00918	0.01200	0.00920	0.01307	0.00836	0.00760	0.11998	0.01543	0.69985	0.01869	0.01633	0.01185	0.00615	0.00501	0.00154	0.00440	0.00495	0.00602	0.00848
86	0.01213	0.01059	0.01660	0.19336	0.39080	0.02738	0.03960	0.01617	0.09037	0.06774	0.03004	0.02833	0.01018	0.00530	0.00498	0.00155	0.00563	0.00491	0.03729	0.00707
87	0.74331	0.01158	0.09779	0.00754	0.01114	0.01133	0.00698	0.03272	0.00907	0.02183	0.00729	0.00846	0.00558	0.00467	0.00332	0.00155	0.00429	0.00285	0.00302	0.00570
88	0.00606	0.00438	0.00574	0.00683	0.00720	0.00406	0.00458	0.00695	0.00965	0.01277	0.02879	0.77734	0.07635	0.01544	0.00634	0.00200	0.00287	0.01396	0.00463	0.00406
89	0.00636	0.00478	0.00589	0.00622	0.00717	0.00431	0.00444	0.00783	0.01156	0.01538	0.29238	0.35534	0.23415	0.01300	0.00608	0.00178	0.00261	0.01148	0.00492	0.00431
90	0.03565	0.01068	0.01544	0.04412	0.27498	0.01091	0.03981	0.07618	0.14785	0.25276	0.01445	0.01474	0.01041	0.00559	0.00523	0.00157	0.02271	0.00484	0.00422	0.00788
91	0.01477	0.01435	0.01434	0.01250	0.03361	0.19663	0.00985	0.21073	0.04714	0.01785	0.00936	0.01149	0.00774	0.00685	0.00927	0.00171	0.32493	0.00420	0.04625	0.00643
92	0.86003	0.00964	0.00733	0.00655	0.00964	0.01118	0.00540	0.01465	0.00848	0.02236	0.00694	0.00810	0.00540	0.00463	0.00308	0.00154	0.00386	0.00270	0.00308	0.00540
93	0.00703	0.00509	0.00662	0.00624	0.00743	0.00469	0.00468	0.00935	0.01404	0.01982	0.77237	0.03750	0.06587	0.01025	0.00588	0.00157	0.00236	0.00905	0.00547	0.00469
94	0.01240	0.01071	0.01127	0.01014	0.01296	0.01240	0.00789	0.02649	0.78473	0.02085	0.02029	0.01860	0.01522	0.00676	0.00507	0.00169	0.00394	0.00564	0.00507	0.00789
95	0.01895	0.01396	0.01496	0.01147	0.01546	0.01546	0.00947	0.77711	0.02344	0.03141	0.01197	0.01197	0.00848	0.00598	0.00499	0.00150	0.00548	0.00449	0.00499	0.00848
96	0.00724	0.00485	0.00554	0.00554	0.00557	0.00489	0.00315	0.00731	0.00728	0.00974	0.01561	0.03211	0.01790	0.79413	0.05577	0.00496	0.00516	0.00717	0.00301	0.00308
97	0.00929	0.00465	0.00465	0.00465	0.00581	0.00465	0.00348	0.01161	0.01045	0.01858	0.01626	0.01858	0.01278	0.00581	0.00348	0.00116	0.00232	0.00465	0.85250	0.00465
98	0.01034	0.00886	0.01034	0.00738	0.01181	0.00664	0.00591	0.01255	0.01034	0.01624	0.00886	0.01034	0.00738	0.00369	0.00369	0.00074	0.00369	0.00295	0.00295	0.85530
99	0.01240	0.01071	0.01127	0.01014	0.01296	0.01240	0.00789	0.02649	0.78473	0.02085	0.02029	0.01860	0.01522	0.00676	0.00507	0.00169	0.00394	0.00564	0.00507	0.00789
100	0.00603	0.00449	0.00563	0.00653	0.00712	0.00408	0.00445	0.00699	0.00993	0.01288	0.03241	0.65555	0.19580	0.01497	0.00626	0.00195	0.00281	0.01339	0.00463	0.00408
101	0.00705	0.00510	0.00666	0.00627	0.00745	0.00470	0.00470	0.00941	0.01411	0.01999	0.79110	0.03723	0.04703	0.01019	0.00588	0.00157	0.00235	0.00901	0.00549	0.00470
102	0.01240	0.01071	0.01127	0.01014	0.01296	0.01240	0.00789	0.02649	0.78473	0.02085	0.02029	0.01860	0.01522	0.00676	0.00507	0.00169	0.00394	0.00564	0.00507	0.00789
103	0.01895	0.01396	0.01496	0.01147	0.01546	0.01546	0.00947	0.77711	0.02344	0.03141	0.01197	0.01197	0.00848	0.00598	0.00499	0.00150	0.00548	0.00449	0.00499	0.00848
104	0.01045	0.00897	0.01039	0.00754	0.01188	0.00697	0.00602	0.01335	0.05461	0.01651	0.00951	0.01081	0.00783	0.00387	0.00377	0.00079	0.00371	0.00311	0.00307	0.80684
105	0.01391	0.01294	0.01341	0.01142	0.05331	0.14927	0.05200	0.20200	0.07910	0.01955	0.03215	0.01492	0.04610	0.00563	0.00468	0.00129	0.00539	0.02144	0.00369	0.25781
106	0.01368	0.27737	0.32837	0.01216	0.03629	0.05889	0.04547	0.01712	0.01128	0.14062	0.01002	0.01084	0.00741	0.00481	0.00433	0.00139	0.00631	0.00366	0.00282	0.00713
107	0.01389	0.01144	0.01195	0.01024	0.01326	0.02913	0.00810	0.23183	0.49879	0.02338	0.06243	0.01824	0.03108	0.00683	0.00510	0.00162	0.00435	0.00556	0.00501	0.00775
108	0.00712	0.00534	0.00801	0.00801	0.00890	0.00623	0.00623	0.00890	0.00801	0.01157	0.01335	0.01958	0.01246	0.03738	0.80507	0.00801	0.01335	0.00534	0.00267	0.00445
109	0.03166	0.01059	0.01481	0.11851	0.01580	0.01446	0.01100	0.01294	0.04999	0.01283	0.00760	0.01157	0.00700	0.00802	0.01392	0.00207	0.64488	0.00440	0.00236	0.00559
110	0.01329	0.01226	0.06115	0.01647	0.19094	0.01205	0.11936	0.08685	0.32680	0.07124	0.01545	0.01578	0.02356	0.00575	0.00514	0.00161	0.00535	0.00523	0.00401	0.00773
111	0.00648	0.00507	0.00587	0.00567	0.00709	0.00446	0.00425	0.00830	0.01275	0.01677	0.42604	0.04253	0.41410	0.01139	0.00588	0.00162	0.00244	0.00976	0.00506	0.00446
112	0.00612	0.00448	0.00577	0.00675	0.00725	0.00413	0.00461	0.00711	0.00992	0.01305	0.04949	0.69135	0.12303	0.01508	0.00631	0.00198	0.00288	0.03194	0.00465	0.00410
113	0.01034	0.00886	0.01034	0.00738	0.01181	0.00664	0.00591	0.01255	0.01034	0.01624	0.00886	0.01034	0.00738	0.00369	0.00369	0.00074	0.00369	0.00295	0.00295	0.85530
114	0.01044	0.01037	0.01886	0.49524	0.16549	0.01162	0.17074	0.01383	0.01053	0.01401	0.00915	0.01310	0.00705	0.00481	0.00541	0.00164	0.02446	0.00473	0.00232	0.00619
115	0.00615	0.00509	0.00541	0.00543	0.00702	0.00435	0.00414	0.00759	0.01168	0.01429	0.13356	0.04722	0.66261	0.01241	0.00595	0.00171	0.00262	0.05376	0.00472	0.00429
116	0.01146	0.02710	0.01304	0.04080	0.06603	0.02831	0.05134	0.06317	0.05902	0.01716	0.00980	0.01129	0.00791	0.00420	0.00413	0.00100	0.00452	0.00354	0.00310	0.57308
117	0.08806	0.01066	0.03379	0.22328	0.28587	0.01111	0.06088	0.02957	0.06035	0.07876	0.01113	0.01412	0.00869	0.00522	0.00506	0.00159	0.01952	0.02160	0.02390	0.00684
118	0.01298	0.02379	0.06697	0.14676	0.18299	0.01197	0.04972	0.08046	0.20595	0.08753	0.02542	0.01463	0.01037	0.00573	0.00566	0.00162	0.05169	0.00486	0.00362	0.00730

[dist]
# distance from previous block
# <min> <max>
0	3

[block]
# block no. 1 follows, 50 sequences, length 34
# corresponding to MSA columns:
# 857-890
name=unknown_B
#
# <colnr> <probs for GDERKNQSTAVLIFYWHMCP>
#	G	D	E	R	K	N	Q	S	T	A	V	L	I	F	Y	W	H	M	C	P
0	0.01207	0.04087	0.05948	0.09905	0.07962	0.01046	0.02403	0.03180	0.20820	0.07677	0.01293	0.03010	0.01013	0.00548	0.00513	0.00139	0.04178	0.00449	0.00357	0.24265
1	0.07718	0.08277	0.07985	0.04703	0.19162	0.17327	0.01168	0.01543	0.02719	0.01430	0.00806	0.01062	0.00690	0.00584	0.00765	0.00162	0.22633	0.00386	0.00245	0.00636
2	0.86003	0.00964	0.00733	0.00655	0.00964	0.01118	0.00540	0.01465	0.00848	0.02236	0.00694	0.00810	0.00540	0.00463	0.00308	0.00154	0.00386	0.00270	0.00308	0.00540
3	0.02223	0.00870	0.01170	0.00897	0.01283	0.00764	0.00741	0.05352	0.01462	0.76746	0.01937	0.01677	0.01219	0.00616	0.00501	0.00154	0.00429	0.00499	0.00612	0.00848
4	0.33453	0.01160	0.01224	0.01019	0.01348	0.04910	0.08611	0.11555	0.27925	0.02186	0.01255	0.01281	0.00945	0.00552	0.00436	0.00159	0.00480	0.00429	0.00393	0.00680
5	0.00640	0.00507	0.00576	0.00559	0.00705	0.00443	0.00419	0.00815	0.01257	0.01634	0.37707	0.04324	0.46334	0.01155	0.00589	0.00163	0.00245	0.00986	0.00501	0.00443
6	0.00607	0.00434	0.00578	0.00694	0.00723	0.00405	0.00463	0.00694	0.00954	0.01272	0.02747	0.82157	0.03297	0.01562	0.00636	0.00202	0.00289	0.01417	0.00463	0.00405
7	0.86003	0.00964	0.00733	0.00655	0.00964	0.01118	0.00540	0.01465	0.00848	0.02236	0.00694	0.00810	0.00540	0.00463	0.00308	0.00154	0.00386	0.00270	0.00308	0.00540
8	0.00710	0.00486	0.00572	0.00577	0.00690	0.00447	0.00423	0.00894	0.01193	0.01697	0.32918	0.17054	0.20492	0.01074	0.00546	0.00159	0.00248	0.00931	0.18443	0.00447
9	0.01091	0.01091	0.01527	0.01309	0.01309	0.01527	0.01091	0.01200	0.00763	0.01200	0.00654	0.01091	0.00654	0.00872	0.01636	0.00218	0.81570	0.00436	0.00218	0.00545
10	0.01101	0.00577	0.00772	0.00725	0.00885	0.00520	0.00541	0.01269	0.01246	0.23643	0.29073	0.32206	0.03204	0.01107	0.00581	0.00173	0.00308	0.00980	0.00536	0.00553
11	0.01000	0.02578	0.79900	0.01421	0.02157	0.01158	0.01842	0.01579	0.01052	0.01579	0.00895	0.01052	0.00631	0.00474	0.00474	0.00158	0.00737	0.00368	0.00210	0.00737
12	0.86003	0.00964	0.00733	0.00655	0.00964	0.01118	0.00540	0.01465	0.00848	0.02236	0.00694	0.00810	0.00540	0.00463	0.00308	0.00154	0.00386	0.00270	0.00308	0.00540
13	0.01034	0.00886	0.01034	0.00738	0.01181	0.00664	0.00591	0.01255	0.01034	0.01624	0.00886	0.01034	0.00738	0.00369	0.00369	0.00074	0.00369	0.00295	0.00295	0.85530
14	0.00725	0.00483	0.00544	0.00544	0.00544	0.00483	0.00302	0.00725	0.00725	0.00966	0.01571	0.03262	0.01812	0.82483	0.02537	0.00483	0.00483	0.00725	0.00302	0.00302
15	0.00589	0.00505	0.00505	0.00505	0.00673	0.00421	0.00379	0.00715	0.01136	0.01347	0.05049	0.04797	0.79171	0.01262	0.00589	0.00168	0.00252	0.01052	0.00463	0.00421
16	0.01868	0.02195	0.01428	0.01259	0.01542	0.65903	0.00960	0.15975	0.01584	0.01575	0.00849	0.00954	0.00680	0.00529	0.00459	0.00132	0.00834	0.00345	0.00301	0.00628
17	0.01101	0.00911	0.01019	0.00804	0.01169	0.00826	0.00636	0.05070	0.21120	0.03559	0.01715	0.01717	0.10287	0.00571	0.00440	0.00115	0.00371	0.00466	0.00387	0.47717
18	0.01294	0.04829	0.06810	0.03727	0.12049	0.11404	0.32811	0.10288	0.01309	0.01680	0.01267	0.03235	0.05858	0.00541	0.00529	0.00156	0.00709	0.00538	0.00294	0.00673
19	0.01234	0.01184	0.02023	0.03059	0.79373	0.01184	0.01530	0.01530	0.01135	0.01628	0.00938	0.01234	0.00790	0.00444	0.00493	0.00148	0.00592	0.00444	0.00247	0.00790
20	0.01234	0.01184	0.02023	0.03059	0.79373	0.01184	0.01530	0.01530	0.01135	0.01628	0.00938	0.01234	0.00790	0.00444	0.00493	0.00148	0.00592	0.00444	0.00247	0.00790
21	0.86003	0.00964	0.00733	0.00655	0.00964	0.01118	0.00540	0.01465	0.00848	0.02236	0.00694	0.00810	0.00540	0.00463	0.00308	0.00154	0.00386	0.00270	0.00308	0.00540
22	0.02236	0.00848	0.01157	0.00887	0.01272	0.00733	0.00733	0.02429	0.01427	0.79719	0.01966	0.01697	0.01234	0.00617	0.00501	0.00154	0.00424	0.00501	0.00617	0.00848
23	0.01091	0.01091	0.01527	0.01309	0.01309	0.01527	0.01091	0.01200	0.00763	0.01200	0.00654	0.01091	0.00654	0.00872	0.01636	0.00218	0.81570	0.00436	0.00218	0.00545
24	0.01072	0.00988	0.04714	0.00789	0.01243	0.00728	0.00665	0.04830	0.01095	0.01693	0.00901	0.01042	0.00738	0.00385	0.00380	0.00081	0.00395	0.00306	0.00301	0.77654
25	0.01091	0.02008	0.53526	0.01263	0.01881	0.01013	0.04943	0.01550	0.01079	0.07614	0.01067	0.04875	0.00825	0.00515	0.00471	0.00146	0.00635	0.00425	0.00270	0.14802
26	0.04073	0.06277	0.19644	0.01228	0.01587	0.32791	0.01136	0.03205	0.06278	0.07163	0.00956	0.01078	0.00743	0.00564	0.00606	0.00151	0.11207	0.00374	0.00287	0.00651
27	0.00944	0.00522	0.00563	0.00543	0.00648	0.00563	0.00417	0.01165	0.01019	0.01797	0.01536	0.01787	0.01220	0.00608	0.00467	0.00126	0.07744	0.00462	0.77397	0.00472
28	0.00589	0.00505	0.00505	0.00505	0.00673	0.00421	0.00379	0.00715	0.01136	0.01347	0.05049	0.04797	0.79171	0.01262	0.00589	0.00168	0.00252	0.01052	0.00463	0.00421
29	0.01111	0.01138	0.02162	0.25395	0.25709	0.01182	0.29201	0.01454	0.01097	0.01496	0.00979	0.02967	0.00789	0.00485	0.00560	0.00163	0.02685	0.00516	0.00245	0.00664
30	0.01293	0.13338	0.25159	0.01153	0.01590	0.13823	0.01142	0.05036	0.27164	0.01707	0.02985	0.01329	0.01033	0.00558	0.00463	0.00149	0.00600	0.00427	0.00337	0.00714
31	0.00640	0.00481	0.00535	0.00563	0.00641	0.00438	0.00372	0.00714	0.00953	0.01199	0.03321	0.22417	0.34942	0.29086	0.01266	0.00284	0.00340	0.01026	0.00408	0.00376
32	0.01305	0.69108	0.10251	0.00914	0.01371	0.01827	0.00945	0.03804	0.01058	0.01291	0.00736	0.00846	0.00649	0.00434	0.00343	0.00112	0.00548	0.00283	0.00225	0.03951
33	0.01335	0.01660	0.11324	0.06125	0.30803	0.21359	0.13335	0.01635	0.01178	0.01476	0.00885	0.01142	0.00715	0.00484	0.00548	0.00152	0.04487	0.00426	0.00243	0.00688

[dist]
# distance from previous block
# <min> <max>
0	21

[block]
# block no. 2 follows, 50 sequences, length 92
# corresponding to MSA columns:
# 912-1003
name=unknown_C
#
# <colnr> <probs for GDERKNQSTAVLIFYWHMCP>
#	G	D	E	R	K	N	Q	S	T	A	V	L	I	F	Y	W	H	M	C	P
0	0.86003	0.00964	0.00733	0.00655	0.00964	0.01118	0.00540	0.01465	0.00848	0.02236	0.00694	0.00810	0.00540	0.00463	0.00308	0.00154	0.00386	0.00270	0.00308	0.00540
1	0.00665	0.00492	0.00588	0.00641	0.00720	0.00459	0.00459	0.00768	0.00987	0.01259	0.03131	0.26160	0.25576	0.21140	0.01094	0.00265	0.00356	0.14423	0.00423	0.00394
2	0.01439	0.25832	0.12636	0.01374	0.10685	0.01416	0.09435	0.15212	0.02469	0.10659	0.02426	0.01240	0.02005	0.00512	0.00454	0.00141	0.00580	0.00422	0.00331	0.00731
3	0.05878	0.01125	0.01174	0.01020	0.01324	0.01290	0.00805	0.16409	0.60316	0.02288	0.01804	0.01682	0.01345	0.00651	0.00495	0.00165	0.00422	0.00527	0.00495	0.00786
4	0.00671	0.00465	0.00611	0.00671	0.00729	0.00434	0.00461	0.00796	0.01076	0.02915	0.23706	0.54506	0.03560	0.06053	0.00730	0.00205	0.00288	0.01218	0.00480	0.00425
5	0.00880	0.03347	0.22117	0.17839	0.07807	0.00875	0.01137	0.01198	0.01076	0.01489	0.10122	0.17218	0.04027	0.00833	0.00537	0.00171	0.00521	0.06300	0.01933	0.00573
6	0.04876	0.18126	0.31621	0.03199	0.01799	0.06767	0.07342	0.07831	0.05643	0.06813	0.01006	0.01112	0.00749	0.00494	0.00450	0.00146	0.00643	0.00386	0.00289	0.00708
7	0.01009	0.00793	0.00909	0.00837	0.01040	0.00854	0.00649	0.01810	0.38614	0.04077	0.35746	0.02871	0.02976	0.00862	0.00552	0.00167	0.00329	0.04745	0.00526	0.00634
8	0.00712	0.00534	0.00801	0.00801	0.00890	0.00623	0.00623	0.00890	0.00801	0.01157	0.01335	0.01958	0.01246	0.03738	0.80507	0.00801	0.01335	0.00534	0.00267	0.00445
9	0.73945	0.03168	0.00871	0.00718	0.01040	0.01191	0.00596	0.10377	0.01027	0.02314	0.00753	0.00855	0.00578	0.00478	0.00331	0.00152	0.00409	0.00291	0.00328	0.00578
10	0.01704	0.14552	0.03003	0.03932	0.01578	0.10786	0.02252	0.48438	0.03544	0.02428	0.01091	0.02496	0.00835	0.00570	0.00468	0.00143	0.00591	0.00424	0.00405	0.00759
11	0.00625	0.00454	0.00595	0.00700	0.00750	0.00423	0.00489	0.00729	0.00989	0.01300	0.02930	0.68068	0.09620	0.01518	0.00637	0.00202	0.00303	0.08794	0.00462	0.00412
12	0.03559	0.35385	0.27889	0.01193	0.04128	0.03235	0.03303	0.12968	0.01238	0.01657	0.00853	0.00974	0.00673	0.00471	0.00413	0.00135	0.00617	0.00343	0.00261	0.00705
13	0.04187	0.01789	0.01443	0.27901	0.05233	0.48478	0.01112	0.01718	0.01246	0.01286	0.00813	0.01052	0.00652	0.00504	0.00463	0.00143	0.00793	0.00365	0.00246	0.00577
14	0.00694	0.00512	0.00610	0.00589	0.00729	0.00454	0.00440	0.00876	0.01275	0.03760	0.43041	0.08515	0.34418	0.01137	0.00589	0.00164	0.00250	0.00980	0.00511	0.00457
15	0.01368	0.01206	0.01967	0.02412	0.49157	0.01217	0.11851	0.15203	0.01364	0.04638	0.01056	0.01282	0.00829	0.00480	0.00502	0.00150	0.00599	0.00468	0.03479	0.00774
16	0.00589	0.00505	0.00505	0.00505	0.00673	0.00421	0.00379	0.00715	0.01136	0.01347	0.05049	0.04797	0.79171	0.01262	0.00589	0.00168	0.00252	0.01052	0.00463	0.00421
17	0.00617	0.00502	0.00547	0.00545	0.00693	0.00431	0.00405	0.00767	0.01189	0.01494	0.22190	0.09357	0.57073	0.01224	0.00592	0.00168	0.00251	0.01040	0.00483	0.00431
18	0.01240	0.01071	0.01127	0.01014	0.01296	0.01240	0.00789	0.02649	0.78473	0.02085	0.02029	0.01860	0.01522	0.00676	0.00507	0.00169	0.00394	0.00564	0.00507	0.00789
19	0.00610	0.00448	0.00574	0.00672	0.00724	0.00412	0.00460	0.00707	0.00987	0.01290	0.03088	0.68417	0.14615	0.01512	0.00631	0.00198	0.00289	0.03494	0.00463	0.00409
20	0.02236	0.00848	0.01157	0.00887	0.01272	0.00733	0.00733	0.02429	0.01427	0.79719	0.01966	0.01697	0.01234	0.00617	0.00501	0.00154	0.00424	0.00501	0.00617	0.00848
21	0.01034	0.00886	0.01034	0.00738	0.01181	0.00664	0.00591	0.01255	0.01034	0.01624	0.00886	0.01034	0.00738	0.00369	0.00369	0.00074	0.00369	0.00295	0.00295	0.85530
22	0.01000	0.02578	0.79900	0.01421	0.02157	0.01158	0.01842	0.01579	0.01052	0.01579	0.00895	0.01052	0.00631	0.00474	0.00474	0.00158	0.00737	0.00368	0.00210	0.00737
23	0.01138	0.01093	0.01898	0.04575	0.60232	0.01086	0.08138	0.01419	0.01115	0.01571	0.01233	0.10342	0.02746	0.00585	0.00520	0.00157	0.00575	0.00578	0.00275	0.00723
24	0.01090	0.21259	0.15054	0.04048	0.01387	0.01057	0.04670	0.01374	0.01201	0.08056	0.28233	0.01999	0.02118	0.00656	0.00478	0.00140	0.00466	0.00550	0.00370	0.05794
25	0.17983	0.02725	0.01205	0.09214	0.02952	0.10124	0.00832	0.18161	0.10390	0.02026	0.04195	0.01343	0.00996	0.00590	0.00498	0.02110	0.01887	0.01837	0.00363	0.10569
26	0.01588	0.26736	0.08553	0.00956	0.01358	0.01306	0.00886	0.11063	0.11210	0.24639	0.05830	0.01436	0.01185	0.00573	0.00447	0.00141	0.00486	0.00441	0.00423	0.00744
27	0.20349	0.01000	0.03592	0.02224	0.05424	0.00936	0.02022	0.11038	0.03719	0.09045	0.01218	0.09612	0.01045	0.00587	0.00432	0.00135	0.00429	0.00471	0.00370	0.26352
28	0.01207	0.02100	0.51535	0.01399	0.04652	0.05019	0.05613	0.06065	0.06530	0.06899	0.01086	0.01199	0.00779	0.00506	0.00481	0.00155	0.00674	0.00410	0.02955	0.00736
29	0.00773	0.00547	0.00703	0.00654	0.00787	0.00517	0.00494	0.01068	0.05387	0.04049	0.73103	0.03574	0.04448	0.00991	0.00581	0.00157	0.00248	0.00873	0.00548	0.00497
30	0.00707	0.00579	0.00601	0.00580	0.00763	0.00526	0.00439	0.00991	0.10196	0.03126	0.08965	0.04325	0.64093	0.01166	0.00578	0.00167	0.00272	0.00974	0.00476	0.00476
31	0.18560	0.09468	0.08787	0.09792	0.15110	0.02744	0.18236	0.03025	0.03105	0.05288	0.00948	0.01153	0.00727	0.00467	0.00458	0.00153	0.00612	0.00420	0.00280	0.00668
32	0.01211	0.03225	0.34227	0.01503	0.02053	0.01158	0.25618	0.01793	0.11154	0.09525	0.02842	0.01367	0.00934	0.00508	0.00517	0.00161	0.00680	0.00486	0.00310	0.00727
33	0.00607	0.00434	0.00578	0.00694	0.00723	0.00405	0.00463	0.00694	0.00954	0.01272	0.02747	0.82157	0.03297	0.01562	0.00636	0.00202	0.00289	0.01417	0.00463	0.00405
34	0.01259	0.00926	0.01044	0.00899	0.01155	0.01000	0.00707	0.16614	0.31765	0.08039	0.28073	0.02353	0.02451	0.00773	0.00533	0.00160	0.00372	0.00652	0.00528	0.00696
35	0.01364	0.14141	0.13821	0.09787	0.20046	0.15702	0.02862	0.03205	0.05348	0.05976	0.00976	0.01147	0.00765	0.00498	0.00484	0.00145	0.02368	0.00395	0.00275	0.00693
36	0.01211	0.01036	0.01547	0.36497	0.10241	0.04983	0.07928	0.09492	0.01242	0.07205	0.01262	0.01936	0.01065	0.00634	0.00531	0.00169	0.00625	0.11447	0.00321	0.00628
37	0.83057	0.01013	0.00756	0.00677	0.00984	0.03897	0.00555	0.01484	0.00868	0.02201	0.00697	0.00813	0.00543	0.00464	0.00313	0.00153	0.00404	0.00272	0.00307	0.00541
38	0.00592	0.00505	0.00509	0.00508	0.00675	0.00422	0.00381	0.00721	0.01143	0.01364	0.07024	0.04768	0.77186	0.01256	0.00589	0.00168	0.00252	0.01048	0.00465	0.00422
39	0.01147	0.00983	0.01042	0.00944	0.01204	0.01116	0.00732	0.02364	0.66421	0.02020	0.08164	0.02236	0.07949	0.00749	0.00520	0.00168	0.00371	0.00628	0.00507	0.00735
40	0.00754	0.00520	0.00682	0.00635	0.00761	0.00479	0.00479	0.00988	0.01411	0.04452	0.76676	0.03659	0.04594	0.01006	0.00585	0.00157	0.00241	0.00889	0.00551	0.00482
41	0.02006	0.01217	0.01385	0.01062	0.01456	0.01280	0.00877	0.53116	0.02044	0.28160	0.01448	0.01360	0.00974	0.00604	0.00499	0.00151	0.00508	0.00466	0.00537	0.00848
42	0.00648	0.00459	0.00603	0.00666	0.00726	0.00427	0.00462	0.00786	0.01102	0.01520	0.27030	0.54888	0.03687	0.01361	0.00613	0.00185	0.00270	0.01226	0.02913	0.00427
43	0.86003	0.00964	0.00733	0.00655	0.00964	0.01118	0.00540	0.01465	0.00848	0.02236	0.00694	0.00810	0.00540	0.00463	0.00308	0.00154	0.00386	0.00270	0.00308	0.00540
44	0.01091	0.01091	0.01527	0.01309	0.01309	0.01527	0.01091	0.01200	0.00763	0.01200	0.00654	0.01091	0.00654	0.00872	0.01636	0.00218	0.81570	0.00436	0.00218	0.00545
45	0.01860	0.01379	0.01476	0.01140	0.01532	0.01529	0.00939	0.73688	0.06424	0.03085	0.01241	0.01232	0.00884	0.00603	0.00499	0.00151	0.00540	0.00455	0.00499	0.00845
46	0.00818	0.00571	0.00788	0.00874	0.00997	0.00562	0.00754	0.01044	0.01182	0.03223	0.11055	0.05308	0.05061	0.01318	0.00671	0.00218	0.00428	0.64188	0.00472	0.00468
47	0.15028	0.00866	0.01092	0.00852	0.01225	0.00791	0.00703	0.02282	0.01338	0.67886	0.01772	0.01561	0.01128	0.00593	0.00472	0.00154	0.00418	0.00466	0.00570	0.00801
48	0.01736	0.13300	0.01584	0.01146	0.01481	0.32601	0.00924	0.29547	0.09481	0.02000	0.01042	0.01090	0.00805	0.00549	0.00455	0.00137	0.00668	0.00384	0.00364	0.00706
49	0.00607	0.00434	0.00578	0.00694	0.00723	0.00405	0.00463	0.00694	0.00954	0.01272	0.02747	0.82157	0.03297	0.01562	0.00636	0.00202	0.00289	0.01417	0.00463	0.00405
50	0.05721	0.01265	0.01505	0.06355	0.15972	0.02706	0.01044	0.46484	0.04530	0.02531	0.01163	0.01336	0.00888	0.00584	0.00511	0.00154	0.02076	0.02407	0.01993	0.00774
51	0.01269	0.59783	0.06671	0.01080	0.01485	0.01795	0.09898	0.01476	0.01006	0.01247	0.00736	0.00910	0.00654	0.00478	0.00507	0.00129	0.09690	0.00329	0.00218	0.00638
52	0.86003	0.00964	0.00733	0.00655	0.00964	0.01118	0.00540	0.01465	0.00848	0.02236	0.00694	0.00810	0.00540	0.00463	0.00308	0.00154	0.00386	0.00270	0.00308	0.00540
53	0.01000	0.02578	0.79900	0.01421	0.02157	0.01158	0.01842	0.01579	0.01052	0.01579	0.00895	0.01052	0.00631	0.00474	0.00474	0.00158	0.00737	0.00368	0.00210	0.00737
54	0.02296	0.00946	0.04242	0.25237	0.08039	0.04488	0.02248	0.01457	0.09424	0.08448	0.14002	0.08080	0.07545	0.00741	0.00526	0.00163	0.00494	0.00644	0.00380	0.00599
55	0.06249	0.00854	0.01136	0.00876	0.01258	0.00751	0.00723	0.02383	0.01399	0.76007	0.01905	0.01654	0.01201	0.00610	0.00492	0.00154	0.00422	0.00490	0.00602	0.00833
56	0.00878	0.00541	0.00702	0.00643	0.00784	0.00498	0.00485	0.01100	0.01369	0.10052	0.64205	0.03396	0.04057	0.03806	0.00634	0.00166	0.00263	0.00830	0.05087	0.00503
57	0.01150	0.01259	0.03823	0.14546	0.17596	0.03298	0.41562	0.01507	0.01129	0.01532	0.02865	0.01349	0.00835	0.00478	0.00603	0.00165	0.04864	0.00526	0.00251	0.00664
58	0.01344	0.01444	0.01808	0.03424	0.01715	0.18385	0.17781	0.08368	0.01141	0.01468	0.00811	0.01120	0.00692	0.00663	0.01022	0.00180	0.37320	0.00446	0.00259	0.00608
59	0.86003	0.00964	0.00733	0.00655	0.00964	0.01118	0.00540	0.01465	0.00848	0.02236	0.00694	0.00810	0.00540	0.00463	0.00308	0.00154	0.00386	0.00270	0.00308	0.00540
60	0.02236	0.00848	0.01157	0.00887	0.01272	0.00733	0.00733	0.02429	0.01427	0.79719	0.01966	0.01697	0.01234	0.00617	0.00501	0.00154	0.00424	0.00501	0.00617	0.00848
61	0.01252	0.01070	0.01333	0.25880	0.04910	0.01246	0.01026	0.14169	0.39523	0.01986	0.01503	0.01567	0.01122	0.00600	0.00503	0.00164	0.00510	0.00504	0.00408	0.00726
62	0.00615	0.00439	0.00587	0.00703	0.00736	0.00412	0.00477	0.00708	0.00962	0.01281	0.02743	0.79053	0.03279	0.01554	0.00638	0.00204	0.00296	0.04443	0.00463	0.00407
63	0.00594	0.00505	0.00511	0.00510	0.00676	0.00423	0.00382	0.00724	0.01147	0.01372	0.07921	0.04755	0.76284	0.01253	0.00589	0.00168	0.00252	0.01046	0.00466	0.00423
64	0.01240	0.01071	0.01127	0.01014	0.01296	0.01240	0.00789	0.02649	0.78473	0.02085	0.02029	0.01860	0.01522	0.00676	0.00507	0.00169	0.00394	0.00564	0.00507	0.00789
65	0.01091	0.01091	0.01527	0.01309	0.01309	0.01527	0.01091	0.01200	0.00763	0.01200	0.00654	0.01091	0.00654	0.00872	0.01636	0.00218	0.81570	0.00436	0.00218	0.00545
66	0.00607	0.00434	0.00578	0.00694	0.00723	0.00405	0.00463	0.00694	0.00954	0.01272	0.02747	0.82157	0.03297	0.01562	0.00636	0.00202	0.00289	0.01417	0.00463	0.00405
67	0.00725	0.00483	0.00544	0.00544	0.00544	0.00483	0.00302	0.00725	0.00725	0.00966	0.01571	0.03262	0.01812	0.82483	0.02537	0.00483	0.00483	0.00725	0.00302	0.00302
68	0.01862	0.02376	0.01413	0.01284	0.01541	0.80482	0.00963	0.01990	0.01413	0.01220	0.00770	0.00899	0.00642	0.00514	0.00449	0.00128	0.00899	0.00321	0.00257	0.00578
69	0.02236	0.00848	0.01157	0.00887	0.01272	0.00733	0.00733	0.02429	0.01427	0.79719	0.01966	0.01697	0.01234	0.00617	0.00501	0.00154	0.00424	0.00501	0.00617	0.00848
70	0.00803	0.00574	0.00803	0.00918	0.01033	0.00574	0.00803	0.01033	0.01147	0.01492	0.02639	0.05622	0.02869	0.01377	0.00688	0.00229	0.00459	0.76018	0.00459	0.00459
71	0.00660	0.00472	0.00621	0.00721	0.00767	0.00451	0.00498	0.03164	0.01010	0.01345	0.02692	0.75175	0.03194	0.01520	0.00635	0.00202	0.00307	0.05681	0.00464	0.00422
72	0.01061	0.00902	0.01048	0.00751	0.01193	0.00692	0.00602	0.03688	0.01075	0.01672	0.00896	0.01039	0.00742	0.00376	0.00373	0.00076	0.00375	0.00300	0.00302	0.82835
73	0.00725	0.00483	0.00544	0.00544	0.00544	0.00483	0.00302	0.00725	0.00725	0.00966	0.01571	0.03262	0.01812	0.82483	0.02537	0.00483	0.00483	0.00725	0.00302	0.00302
74	0.01091	0.01091	0.01527	0.01309	0.01309	0.01527	0.01091	0.01200	0.00763	0.01200	0.00654	0.01091	0.00654	0.00872	0.01636	0.00218	0.81570	0.00436	0.00218	0.00545
75	0.01091	0.01091	0.01527	0.01309	0.01309	0.01527	0.01091	0.01200	0.00763	0.01200	0.00654	0.01091	0.00654	0.00872	0.01636	0.00218	0.81570	0.00436	0.00218	0.00545
76	0.00941	0.00886	0.01495	0.81285	0.03433	0.01107	0.01384	0.01274	0.00997	0.01274	0.00886	0.01329	0.00664	0.00498	0.00498	0.00166	0.00664	0.00443	0.00221	0.00554
77	0.01333	0.82783	0.02612	0.00853	0.01279	0.01972	0.00853	0.01493	0.01013	0.01173	0.00693	0.00800	0.00640	0.00426	0.00320	0.00107	0.00533	0.00267	0.00213	0.00640
78	0.01034	0.00886	0.01034	0.00738	0.01181	0.00664	0.00591	0.01255	0.01034	0.01624	0.00886	0.01034	0.00738	0.00369	0.00369	0.00074	0.00369	0.00295	0.00295	0.85530
79	0.86003	0.00964	0.00733	0.00655	0.00964	0.01118	0.00540	0.01465	0.00848	0.02236	0.00694	0.00810	0.00540	0.00463	0.00308	0.00154	0.00386	0.00270	0.00308	0.00540
80	0.00606	0.00438	0.00574	0.00684	0.00720	0.00406	0.00458	0.00695	0.00964	0.01276	0.02871	0.78011	0.07364	0.01546	0.00634	0.00201	0.00287	0.01397	0.00463	0.00406
81	0.00705	0.00510	0.00666	0.00627	0.00745	0.00470	0.00470	0.00941	0.01411	0.01999	0.79110	0.03723	0.04703	0.01019	0.00588	0.00157	0.00235	0.00901	0.00549	0.00470
82	0.86003	0.00964	0.00733	0.00655	0.00964	0.01118	0.00540	0.01465	0.00848	0.02236	0.00694	0.00810	0.00540	0.00463	0.00308	0.00154	0.00386	0.00270	0.00308	0.00540
83	0.00607	0.00434	0.00578	0.00694	0.00723	0.00405	0.00463	0.00694	0.00954	0.01272	0.02747	0.82157	0.03297	0.01562	0.00636	0.00202	0.00289	0.01417	0.00463	0.00405
84	0.00607	0.00434	0.00578	0.00694	0.00723	0.00405	0.00463	0.00694	0.00954	0.01272	0.02747	0.82157	0.03297	0.01562	0.00636	0.00202	0.00289	0.01417	0.00463	0.00405
85	0.01846	0.00967	0.01168	0.00951	0.01299	0.00974	0.00768	0.07544	0.29924	0.45946	0.01938	0.01723	0.01314	0.00638	0.00503	0.00159	0.00422	0.00521	0.00569	0.00826
86	0.01768	0.01333	0.01424	0.01121	0.01497	0.01486	0.00917	0.63149	0.17113	0.02936	0.01358	0.01325	0.00978	0.00613	0.00500	0.00153	0.00519	0.00471	0.00500	0.00836
