[name]
unknown

[dist]
# distance from previous block
# <min> <max>
1	43

[block]
# block no. 0 follows, 49 sequences, length 22
# corresponding to MSA columns:
# 58-79
name=unknown_A
#
# <colnr> <probs for GDERKNQSTAVLIFYWHMCP>
#	G	D	E	R	K	N	Q	S	T	A	V	L	I	F	Y	W	H	M	C	P
0	0.05294	0.13809	0.14332	0.01045	0.01449	0.01206	0.04307	0.06360	0.14927	0.01721	0.01233	0.01404	0.02650	0.00738	0.05048	0.00179	0.04732	0.01792	0.00324	0.17449
1	0.18886	0.01093	0.07238	0.01298	0.15427	0.04769	0.06873	0.03974	0.01100	0.03082	0.05241	0.02124	0.13006	0.12888	0.00796	0.00208	0.00512	0.00573	0.00333	0.00581
2	0.07713	0.01138	0.05239	0.30884	0.02245	0.04586	0.07927	0.07582	0.10006	0.04457	0.04524	0.01435	0.01000	0.00556	0.00522	0.00160	0.02770	0.00470	0.01844	0.04940
3	0.01648	0.01340	0.01381	0.07438	0.01625	0.08798	0.00942	0.42016	0.19142	0.04453	0.03013	0.01531	0.01124	0.00639	0.00510	0.00158	0.00552	0.02446	0.00465	0.00779
4	0.01692	0.01503	0.28558	0.01104	0.01599	0.00957	0.01141	0.07858	0.03756	0.40176	0.01595	0.05348	0.01119	0.00622	0.00505	0.00160	0.00543	0.00504	0.00462	0.00797
5	0.00616	0.00440	0.00587	0.00704	0.00733	0.00411	0.00469	0.00704	0.00968	0.01291	0.02787	0.81899	0.03344	0.01584	0.00645	0.00205	0.00293	0.01438	0.00469	0.00411
6	0.01246	0.57408	0.26845	0.01046	0.01578	0.01741	0.01181	0.01542	0.01040	0.01319	0.00767	0.00892	0.00646	0.00448	0.00373	0.00124	0.00606	0.00303	0.00215	0.00680
7	0.01109	0.20155	0.54521	0.01356	0.02003	0.01368	0.07425	0.01613	0.03190	0.01526	0.00903	0.01056	0.00677	0.00471	0.00456	0.00150	0.00700	0.00373	0.00226	0.00722
8	0.00735	0.00490	0.00552	0.00552	0.00552	0.00490	0.00306	0.00735	0.00735	0.00980	0.01593	0.03309	0.01838	0.82229	0.02574	0.00490	0.00490	0.00735	0.00306	0.00306
9	0.00955	0.00899	0.01517	0.81013	0.03483	0.01123	0.01404	0.01292	0.01011	0.01292	0.00899	0.01348	0.00674	0.00506	0.00506	0.00169	0.00674	0.00449	0.00225	0.00562
10	0.01266	0.10818	0.34419	0.01199	0.01707	0.02598	0.07096	0.01728	0.06375	0.14549	0.11887	0.01596	0.01383	0.00586	0.00494	0.00155	0.00589	0.00489	0.00354	0.00713
11	0.01544	0.10774	0.01857	0.06743	0.14679	0.27521	0.10157	0.12584	0.06301	0.01684	0.00980	0.01144	0.00778	0.00510	0.00479	0.00144	0.00713	0.00415	0.00302	0.00692
12	0.00878	0.00439	0.00659	0.00659	0.00659	0.00439	0.00439	0.00659	0.00659	0.00878	0.00878	0.01537	0.00878	0.01757	0.01976	0.85288	0.00439	0.00439	0.00220	0.00220
13	0.01173	0.01321	0.02830	0.08187	0.02670	0.01275	0.69217	0.01583	0.01167	0.01583	0.01003	0.01355	0.00757	0.00445	0.00620	0.00172	0.03140	0.00581	0.00252	0.00669
14	0.01063	0.01079	0.03549	0.47328	0.20009	0.01182	0.12462	0.01401	0.01060	0.01423	0.00919	0.01313	0.00715	0.00497	0.00564	0.00167	0.03931	0.00469	0.00235	0.00636
15	0.01014	0.02616	0.79609	0.01441	0.02189	0.01174	0.01868	0.01601	0.01068	0.01601	0.00907	0.01068	0.00641	0.00480	0.00480	0.00160	0.00747	0.00374	0.00214	0.00747
16	0.00621	0.00458	0.00584	0.00682	0.00738	0.00420	0.00469	0.00721	0.01006	0.01312	0.03167	0.66159	0.15751	0.01527	0.00640	0.00201	0.00294	0.04365	0.00469	0.00416
17	0.01258	0.01380	0.08261	0.02418	0.38170	0.03365	0.26722	0.01603	0.01154	0.04332	0.00986	0.01273	0.00781	0.00479	0.00600	0.00162	0.05565	0.00492	0.00261	0.00739
18	0.13856	0.01269	0.07500	0.07094	0.17685	0.01223	0.16228	0.15613	0.01340	0.03490	0.06133	0.01367	0.01014	0.00541	0.00539	0.00161	0.03435	0.00480	0.00330	0.00702
19	0.10682	0.07532	0.17502	0.03590	0.11634	0.05154	0.20258	0.01529	0.01051	0.01568	0.00857	0.01124	0.00688	0.00528	0.00678	0.00166	0.14121	0.00431	0.00244	0.00663
20	0.07875	0.11320	0.01667	0.01166	0.01504	0.05434	0.18141	0.09796	0.04838	0.08392	0.05008	0.06924	0.07079	0.00696	0.00532	0.00159	0.02065	0.03741	0.00379	0.03285
21	0.09574	0.01590	0.21533	0.01335	0.04234	0.09422	0.13566	0.01657	0.06116	0.06412	0.01113	0.05095	0.00900	0.00559	0.00544	0.00154	0.04986	0.00466	0.00304	0.10439

[dist]
# distance from previous block
# <min> <max>
2	33

[block]
# block no. 1 follows, 49 sequences, length 42
# corresponding to MSA columns:
# 114-155
name=unknown_B
#
# <colnr> <probs for GDERKNQSTAVLIFYWHMCP>
#	G	D	E	R	K	N	Q	S	T	A	V	L	I	F	Y	W	H	M	C	P
0	0.07667	0.07231	0.04413	0.01148	0.09139	0.03769	0.00858	0.20546	0.02833	0.06128	0.12227	0.06031	0.04931	0.02375	0.00662	0.03870	0.04549	0.00572	0.00403	0.00649
1	0.07398	0.04870	0.35459	0.03000	0.01798	0.09935	0.05118	0.03506	0.14924	0.03179	0.01233	0.01322	0.03190	0.00556	0.00503	0.00159	0.02408	0.00432	0.00305	0.00704
2	0.04118	0.15431	0.10123	0.01274	0.08140	0.15890	0.02608	0.05875	0.07041	0.16072	0.01162	0.01239	0.00877	0.00674	0.03682	0.00173	0.04157	0.00409	0.00347	0.00709
3	0.03593	0.21886	0.08858	0.00812	0.01107	0.02438	0.00743	0.03470	0.04265	0.04658	0.19365	0.10024	0.15188	0.00852	0.00500	0.00152	0.00413	0.00700	0.00400	0.00576
4	0.01422	0.23848	0.09718	0.01030	0.01405	0.01445	0.00944	0.33315	0.01586	0.02092	0.01340	0.13978	0.02400	0.00718	0.00504	0.00151	0.02455	0.00561	0.00382	0.00704
5	0.01008	0.05154	0.01492	0.01243	0.06950	0.00824	0.20903	0.01246	0.01192	0.08067	0.16148	0.19741	0.12046	0.00916	0.00579	0.00170	0.00473	0.00862	0.00413	0.00575
6	0.01121	0.07863	0.41040	0.01593	0.02157	0.02978	0.24447	0.01569	0.01080	0.01529	0.00899	0.01139	0.00682	0.00504	0.00628	0.00165	0.09241	0.00440	0.00228	0.00697
7	0.01711	0.01251	0.03450	0.01533	0.09875	0.06804	0.19626	0.10388	0.02916	0.29843	0.01365	0.01419	0.00954	0.00564	0.00599	0.00161	0.05856	0.00499	0.00419	0.00767
8	0.00968	0.00926	0.01663	0.09471	0.20079	0.00924	0.20306	0.01227	0.01090	0.01475	0.01791	0.24178	0.05750	0.00874	0.00608	0.00180	0.02371	0.05189	0.00334	0.00594
9	0.02269	0.00861	0.01174	0.00900	0.01291	0.00743	0.00743	0.02464	0.01447	0.79425	0.01995	0.01721	0.01252	0.00626	0.00509	0.00156	0.00430	0.00509	0.00626	0.00861
10	0.01065	0.01646	0.30707	0.26353	0.12822	0.01180	0.11294	0.01565	0.05581	0.01545	0.00993	0.01265	0.00741	0.00489	0.00508	0.00163	0.00698	0.00448	0.00245	0.00692
11	0.01774	0.01423	0.01358	0.01201	0.05548	0.18518	0.00905	0.26829	0.14847	0.16646	0.01518	0.02943	0.02912	0.00631	0.00501	0.00153	0.00574	0.00489	0.00461	0.00768
12	0.00653	0.00483	0.00650	0.00738	0.00768	0.00487	0.00507	0.00744	0.00940	0.01268	0.02544	0.69868	0.03021	0.04772	0.05483	0.00253	0.04662	0.01305	0.00438	0.00417
13	0.00731	0.00508	0.00644	0.00644	0.00676	0.00540	0.00422	0.00795	0.00763	0.01049	0.01509	0.02841	0.01635	0.54453	0.30072	0.00604	0.00796	0.00667	0.00294	0.00358
14	0.00945	0.00912	0.01619	0.40139	0.02523	0.01033	0.16935	0.01229	0.01025	0.01359	0.01329	0.17799	0.01285	0.00759	0.00649	0.00182	0.07074	0.02365	0.00286	0.00553
15	0.01308	0.01304	0.04675	0.01802	0.13702	0.01294	0.30582	0.11504	0.24484	0.01971	0.01344	0.01475	0.01013	0.00533	0.00542	0.00165	0.00637	0.00542	0.00363	0.00760
16	0.32552	0.00903	0.01018	0.00815	0.01177	0.00885	0.00672	0.02110	0.01235	0.51453	0.01527	0.01395	0.00996	0.00569	0.00438	0.00156	0.00416	0.00423	0.00512	0.00747
17	0.01093	0.00813	0.00947	0.00815	0.01027	0.00845	0.00638	0.21947	0.08589	0.02352	0.50753	0.02908	0.03415	0.00886	0.00564	0.00158	0.00340	0.00758	0.00539	0.00611
18	0.01057	0.11896	0.53500	0.01442	0.03865	0.01245	0.10225	0.01529	0.01068	0.01529	0.01011	0.06153	0.00830	0.00544	0.00505	0.00159	0.02045	0.00456	0.00236	0.00705
19	0.00628	0.00450	0.00606	0.00717	0.00753	0.00428	0.00490	0.00726	0.00966	0.01292	0.02707	0.75101	0.03220	0.01695	0.04870	0.00239	0.00355	0.03881	0.00459	0.00415
20	0.01014	0.02616	0.79609	0.01441	0.02189	0.01174	0.01868	0.01601	0.01068	0.01601	0.00907	0.01068	0.00641	0.00480	0.00480	0.00160	0.00747	0.00374	0.00214	0.00747
21	0.01119	0.01184	0.02344	0.27962	0.11858	0.01229	0.40834	0.01490	0.01114	0.01502	0.00961	0.01336	0.00737	0.00472	0.00594	0.00169	0.03674	0.00526	0.00244	0.00652
22	0.02935	0.01068	0.01463	0.35351	0.11998	0.02856	0.01179	0.19580	0.05894	0.01898	0.03794	0.01732	0.01092	0.00619	0.00519	0.00166	0.00590	0.06256	0.00344	0.00667
23	0.80861	0.00991	0.00820	0.00807	0.05541	0.01138	0.00606	0.01490	0.00878	0.02233	0.00719	0.00847	0.00562	0.00468	0.00324	0.00156	0.00403	0.00284	0.00309	0.00562
24	0.01252	0.01201	0.02053	0.03104	0.79074	0.01201	0.01552	0.01552	0.01151	0.01652	0.00951	0.01252	0.00801	0.00451	0.00501	0.00150	0.00601	0.00451	0.00250	0.00801
25	0.00716	0.00518	0.00684	0.00646	0.00764	0.00486	0.00486	0.00951	0.01395	0.01978	0.74282	0.03673	0.04566	0.01195	0.05249	0.00197	0.00304	0.00893	0.00540	0.00476
26	0.00728	0.00520	0.00703	0.00703	0.00755	0.00572	0.00495	0.00832	0.00780	0.01092	0.01455	0.02543	0.01506	0.36811	0.47537	0.00677	0.00991	0.00623	0.00286	0.00390
27	0.01230	0.53560	0.30550	0.01074	0.01621	0.01701	0.01229	0.01546	0.01042	0.01339	0.00777	0.00904	0.00646	0.00450	0.00381	0.00127	0.00616	0.00308	0.00215	0.00685
28	0.02269	0.00861	0.01174	0.00900	0.01291	0.00743	0.00743	0.02464	0.01447	0.79425	0.01995	0.01721	0.01252	0.00626	0.00509	0.00156	0.00430	0.00509	0.00626	0.00861
29	0.00680	0.00516	0.00640	0.00702	0.00815	0.00475	0.00548	0.00840	0.01134	0.01452	0.10369	0.24702	0.29437	0.01372	0.00641	0.00198	0.00329	0.24236	0.00476	0.00439
30	0.01111	0.00896	0.01256	0.34550	0.02168	0.00869	0.00950	0.01381	0.01066	0.07993	0.00990	0.01231	0.00759	0.00451	0.00441	0.00121	0.00505	0.00380	0.00295	0.42587
31	0.00694	0.00506	0.00661	0.00707	0.00735	0.00528	0.00478	0.00770	0.00864	0.01175	0.02099	0.41839	0.02435	0.26409	0.13100	0.00383	0.04809	0.01038	0.00377	0.00393
32	0.00722	0.00542	0.00813	0.00813	0.00903	0.00632	0.00632	0.00903	0.00813	0.01174	0.01354	0.01987	0.01264	0.03792	0.80225	0.00813	0.01354	0.00542	0.00271	0.00451
33	0.00955	0.00899	0.01517	0.81013	0.03483	0.01123	0.01404	0.01292	0.01011	0.01292	0.00899	0.01348	0.00674	0.00506	0.00506	0.00169	0.00674	0.00449	0.00225	0.00562
34	0.01116	0.01063	0.01808	0.38690	0.44547	0.01166	0.01484	0.01433	0.01087	0.01488	0.00927	0.01296	0.00743	0.00476	0.00503	0.00159	0.00634	0.00450	0.00239	0.00692
35	0.02269	0.00861	0.01174	0.00900	0.01291	0.00743	0.00743	0.02464	0.01447	0.79425	0.01995	0.01721	0.01252	0.00626	0.00509	0.00156	0.00430	0.00509	0.00626	0.00861
36	0.01000	0.00818	0.00921	0.00854	0.01056	0.00893	0.00651	0.01869	0.42867	0.02011	0.30683	0.09577	0.02902	0.00894	0.00556	0.00170	0.00331	0.00775	0.00526	0.00646
37	0.01163	0.01314	0.02855	0.02055	0.02540	0.01232	0.73116	0.01571	0.01181	0.01602	0.01118	0.05688	0.00906	0.00488	0.00599	0.00172	0.00822	0.00642	0.00267	0.00667
38	0.00634	0.00506	0.00611	0.04934	0.00871	0.00464	0.00494	0.00761	0.01068	0.01337	0.03806	0.37142	0.39558	0.01372	0.00617	0.00188	0.00303	0.04450	0.00456	0.00429
39	0.00812	0.08050	0.10455	0.00765	0.00989	0.00701	0.00693	0.01086	0.01342	0.01883	0.59612	0.03255	0.03835	0.00926	0.00562	0.00157	0.00336	0.03535	0.00481	0.00525
40	0.01024	0.00878	0.01020	0.00736	0.01171	0.00661	0.00588	0.01244	0.01054	0.01633	0.01126	0.01254	0.04944	0.00423	0.00386	0.00080	0.00368	0.00341	0.00309	0.80761
41	0.01424	0.61277	0.02279	0.00938	0.01321	0.18363	0.00863	0.01578	0.01119	0.01209	0.00957	0.01050	0.04850	0.00497	0.00367	0.00116	0.00604	0.00325	0.00239	0.00624

[dist]
# distance from previous block
# <min> <max>
0	1

[block]
# block no. 2 follows, 49 sequences, length 12
# corresponding to MSA columns:
# 157-168
name=unknown_C
#
# <colnr> <probs for GDERKNQSTAVLIFYWHMCP>
#	G	D	E	R	K	N	Q	S	T	A	V	L	I	F	Y	W	H	M	C	P
0	0.00624	0.00519	0.00549	0.00558	0.00721	0.00444	0.00430	0.00767	0.01167	0.01412	0.08479	0.04893	0.68064	0.01280	0.00607	0.00176	0.00275	0.08129	0.00473	0.00433
1	0.01014	0.02616	0.79609	0.01441	0.02189	0.01174	0.01868	0.01601	0.01068	0.01601	0.00907	0.01068	0.00641	0.00480	0.00480	0.00160	0.00747	0.00374	0.00214	0.00747
2	0.00723	0.00485	0.00555	0.00567	0.00570	0.00482	0.00323	0.00732	0.00759	0.01012	0.01713	0.11174	0.01989	0.74158	0.02381	0.00462	0.00471	0.00806	0.00323	0.00317
3	0.01743	0.01490	0.02124	0.27781	0.41397	0.01490	0.01615	0.01966	0.08218	0.02125	0.01633	0.02156	0.01394	0.00895	0.00761	0.00269	0.00798	0.00654	0.00475	0.01016
4	0.00877	0.00613	0.00745	0.00688	0.00820	0.00613	0.00506	0.08159	0.01209	0.04573	0.25933	0.03199	0.14101	0.20486	0.14915	0.00351	0.00532	0.00772	0.00433	0.00476
5	0.00730	0.00556	0.00829	0.06749	0.01060	0.00640	0.00656	0.00904	0.00838	0.01183	0.01469	0.09583	0.01449	0.07587	0.62555	0.00690	0.01157	0.00630	0.00288	0.00448
6	0.01084	0.14020	0.54876	0.01375	0.02031	0.01268	0.09171	0.01566	0.01073	0.01547	0.00889	0.01058	0.00663	0.00460	0.00461	0.00147	0.00700	0.00375	0.00225	0.07012
7	0.01258	0.01065	0.01813	0.01820	0.22763	0.01065	0.20856	0.08652	0.01251	0.09469	0.01545	0.11835	0.05094	0.00827	0.03982	0.00196	0.04816	0.00655	0.00352	0.00685
8	0.01183	0.01144	0.02043	0.05339	0.19705	0.01147	0.30663	0.09087	0.05151	0.01801	0.08567	0.07557	0.01388	0.00619	0.00582	0.00166	0.02205	0.00631	0.00335	0.00686
9	0.01292	0.01193	0.01975	0.02187	0.35695	0.02745	0.16065	0.01617	0.04435	0.07361	0.01034	0.01293	0.00830	0.00542	0.00716	0.00164	0.14779	0.00477	0.00288	0.05312
10	0.01290	0.00843	0.01336	0.01199	0.07189	0.00776	0.13758	0.04427	0.01239	0.22353	0.05759	0.25265	0.03570	0.00893	0.00565	0.00169	0.00464	0.02416	0.00453	0.06036
11	0.01367	0.01243	0.02022	0.02046	0.27989	0.03048	0.23167	0.14447	0.05267	0.05252	0.01253	0.03541	0.02185	0.00546	0.00534	0.00158	0.00634	0.01718	0.00339	0.03243

[dist]
# distance from previous block
# <min> <max>
13	35

[block]
# block no. 3 follows, 49 sequences, length 13
# corresponding to MSA columns:
# 205-217
name=unknown_D
#
# <colnr> <probs for GDERKNQSTAVLIFYWHMCP>
#	G	D	E	R	K	N	Q	S	T	A	V	L	I	F	Y	W	H	M	C	P
0	0.03161	0.05013	0.00964	0.00799	0.01019	0.17700	0.00619	0.05074	0.01328	0.07566	0.18834	0.05321	0.21482	0.00866	0.00516	0.00150	0.00440	0.00702	0.06273	0.02172
1	0.01048	0.35431	0.09543	0.00981	0.06531	0.01240	0.00853	0.01291	0.01197	0.01587	0.30613	0.02106	0.04331	0.00690	0.00463	0.00137	0.00443	0.00560	0.00355	0.00598
2	0.11179	0.54742	0.02151	0.00943	0.01322	0.19879	0.00854	0.01627	0.01102	0.01325	0.00721	0.00836	0.00638	0.00457	0.00353	0.00119	0.00609	0.00283	0.00238	0.00623
3	0.00616	0.00440	0.00587	0.00704	0.00733	0.00411	0.00469	0.00704	0.00968	0.01291	0.02787	0.81899	0.03344	0.01584	0.00645	0.00205	0.00293	0.01438	0.00469	0.00411
4	0.10588	0.00730	0.03141	0.00799	0.00979	0.00748	0.00646	0.06888	0.01065	0.05829	0.09841	0.02176	0.06578	0.05016	0.42113	0.00510	0.00896	0.00578	0.00356	0.00521
5	0.00905	0.09939	0.41668	0.01097	0.01545	0.00973	0.01234	0.01270	0.01061	0.01497	0.07392	0.25885	0.01780	0.00854	0.00524	0.00169	0.00549	0.00729	0.00318	0.00614
6	0.01182	0.01100	0.01814	0.32657	0.45233	0.01196	0.01457	0.06389	0.01178	0.01615	0.00948	0.01286	0.00756	0.00482	0.00503	0.00157	0.00626	0.00450	0.00257	0.00714
7	0.00735	0.00490	0.00552	0.00552	0.00552	0.00490	0.00306	0.00735	0.00735	0.00980	0.01593	0.03309	0.01838	0.82229	0.02574	0.00490	0.00490	0.00735	0.00306	0.00306
8	0.01150	0.01294	0.02802	0.02023	0.02498	0.01213	0.71414	0.01550	0.01176	0.01595	0.01157	0.07474	0.00963	0.00514	0.00600	0.00173	0.00810	0.00661	0.00272	0.00661
9	0.07655	0.01056	0.01389	0.17773	0.07155	0.04803	0.06325	0.06389	0.15787	0.05555	0.01418	0.09781	0.01233	0.00717	0.00624	0.00174	0.08020	0.03136	0.00363	0.00646
10	0.01048	0.46064	0.06867	0.00827	0.01137	0.01343	0.00773	0.01213	0.01022	0.01261	0.01688	0.25852	0.07427	0.00851	0.00453	0.00146	0.00457	0.00694	0.00313	0.00566
11	0.00667	0.00476	0.00645	0.00762	0.00814	0.00454	0.00558	0.00792	0.01018	0.01348	0.02759	0.62442	0.03234	0.01536	0.00659	0.00212	0.00337	0.20393	0.00468	0.00425
12	0.11538	0.00968	0.01188	0.17968	0.01697	0.01037	0.00863	0.20314	0.01463	0.24796	0.01373	0.01433	0.00956	0.00572	0.00464	0.00153	0.00483	0.00450	0.11575	0.00709

[dist]
# distance from previous block
# <min> <max>
1	5

[block]
# block no. 4 follows, 49 sequences, length 9
# corresponding to MSA columns:
# 223-231
name=unknown_E
#
# <colnr> <probs for GDERKNQSTAVLIFYWHMCP>
#	G	D	E	R	K	N	Q	S	T	A	V	L	I	F	Y	W	H	M	C	P
0	0.20409	0.09879	0.01389	0.01019	0.01307	0.12117	0.02760	0.19806	0.03017	0.04258	0.00984	0.01116	0.00772	0.00580	0.00583	0.00153	0.11464	0.00385	0.07350	0.00651
1	0.63866	0.00989	0.01000	0.13235	0.09613	0.01140	0.00785	0.01464	0.00914	0.02054	0.00760	0.00948	0.00594	0.00473	0.00362	0.00158	0.00457	0.00319	0.00293	0.00577
2	0.01200	0.01148	0.01918	0.08829	0.59871	0.01154	0.03868	0.01493	0.01118	0.01608	0.00934	0.01236	0.00780	0.00461	0.00530	0.00147	0.03314	0.00439	0.00253	0.09700
3	0.00640	0.00477	0.00601	0.00680	0.00756	0.00437	0.00486	0.00764	0.01066	0.01391	0.09573	0.50952	0.19867	0.01454	0.00636	0.00197	0.00298	0.08823	0.00476	0.00425
4	0.00736	0.00496	0.00574	0.00598	0.00684	0.00471	0.00425	0.00869	0.01033	0.01442	0.11219	0.14691	0.17559	0.22216	0.01082	0.00254	0.00338	0.08534	0.16367	0.00411
5	0.01148	0.04012	0.33631	0.01296	0.01775	0.01005	0.14011	0.01525	0.01130	0.12152	0.01622	0.10835	0.05827	0.00723	0.00570	0.00171	0.02891	0.04669	0.00335	0.00671
6	0.01612	0.01364	0.01508	0.26522	0.02175	0.10244	0.01104	0.44786	0.01838	0.02367	0.01066	0.01223	0.00778	0.00565	0.00500	0.00155	0.00634	0.00439	0.00389	0.00735
7	0.06122	0.01186	0.01316	0.01031	0.01413	0.03718	0.00845	0.36621	0.07289	0.32849	0.01541	0.01431	0.01040	0.00611	0.00496	0.00155	0.00499	0.00471	0.00536	0.00832
8	0.08141	0.00918	0.01272	0.40038	0.02296	0.01075	0.01053	0.12046	0.06248	0.05293	0.01236	0.07125	0.01025	0.00958	0.08923	0.00235	0.00650	0.00526	0.00331	0.00610

[dist]
# distance from previous block
# <min> <max>
0	2

[block]
# block no. 5 follows, 49 sequences, length 8
# corresponding to MSA columns:
# 234-241
name=unknown_F
#
# <colnr> <probs for GDERKNQSTAVLIFYWHMCP>
#	G	D	E	R	K	N	Q	S	T	A	V	L	I	F	Y	W	H	M	C	P
0	0.01337	0.74842	0.02681	0.00985	0.01425	0.01932	0.08102	0.01524	0.01043	0.01230	0.00733	0.00864	0.00660	0.00432	0.00350	0.00114	0.00570	0.00301	0.00220	0.00652
1	0.01486	0.02985	0.05965	0.21447	0.05073	0.00978	0.00995	0.08902	0.03312	0.26305	0.05370	0.01589	0.01155	0.03029	0.00554	0.00160	0.00518	0.00481	0.00413	0.09283
2	0.29227	0.01165	0.01178	0.05914	0.09826	0.09067	0.00874	0.18789	0.01348	0.02107	0.01215	0.05864	0.01097	0.00677	0.00467	0.00165	0.00525	0.09495	0.00366	0.00634
3	0.00778	0.00599	0.00724	0.00720	0.00848	0.00599	0.00528	0.01185	0.15515	0.01778	0.36684	0.26650	0.09136	0.01150	0.00596	0.00176	0.00286	0.01017	0.00517	0.00514
4	0.00604	0.00486	0.00539	0.00582	0.00701	0.00421	0.00415	0.00718	0.01086	0.01339	0.04278	0.32736	0.51545	0.01390	0.00615	0.00183	0.00270	0.01201	0.00470	0.00421
5	0.01190	0.00950	0.01197	0.08561	0.01458	0.01029	0.05315	0.14863	0.25850	0.04439	0.24567	0.02332	0.04538	0.00759	0.00544	0.00164	0.00429	0.00656	0.00485	0.00676
6	0.01258	0.01086	0.01143	0.01029	0.01315	0.01258	0.00800	0.02687	0.78161	0.02115	0.02058	0.01887	0.01544	0.00686	0.00515	0.00172	0.00400	0.00572	0.00515	0.00800
7	0.36166	0.01437	0.19385	0.00987	0.01426	0.01189	0.00970	0.16164	0.05342	0.10933	0.01065	0.01111	0.00760	0.00527	0.00421	0.00157	0.00511	0.00374	0.00372	0.00702

[dist]
# distance from previous block
# <min> <max>
0	2

[block]
# block no. 6 follows, 49 sequences, length 61
# corresponding to MSA columns:
# 244-265,267-305
name=unknown_G
#
# <colnr> <probs for GDERKNQSTAVLIFYWHMCP>
#	G	D	E	R	K	N	Q	S	T	A	V	L	I	F	Y	W	H	M	C	P
0	0.01229	0.00682	0.00903	0.04509	0.01140	0.00665	0.00684	0.01536	0.09979	0.24762	0.02364	0.33616	0.02325	0.01118	0.00591	0.00189	0.00390	0.12204	0.00510	0.00605
1	0.01106	0.01106	0.01549	0.01328	0.01328	0.01549	0.01106	0.01217	0.00774	0.01217	0.00664	0.01106	0.00664	0.00885	0.01659	0.00221	0.81303	0.00443	0.00221	0.00553
2	0.00650	0.00494	0.00537	0.00554	0.00643	0.00447	0.00368	0.00726	0.00975	0.01216	0.03508	0.15438	0.40073	0.30621	0.01320	0.00291	0.00346	0.01001	0.00410	0.00381
3	0.01953	0.01367	0.01487	0.01140	0.01544	0.01495	0.00942	0.70751	0.02295	0.09941	0.01283	0.01259	0.00895	0.00609	0.00506	0.00152	0.00545	0.00460	0.00516	0.00860
4	0.01350	0.59363	0.16573	0.01006	0.01489	0.04099	0.01059	0.07386	0.01151	0.01420	0.00782	0.00892	0.00664	0.00457	0.00371	0.00122	0.00591	0.00305	0.00239	0.00681
5	0.00616	0.00440	0.00587	0.00704	0.00733	0.00411	0.00469	0.00704	0.00968	0.01291	0.02787	0.81899	0.03344	0.01584	0.00645	0.00205	0.00293	0.01438	0.00469	0.00411
6	0.01049	0.00899	0.01049	0.00749	0.01198	0.00674	0.00599	0.01273	0.01049	0.01648	0.00899	0.01049	0.00749	0.00374	0.00374	0.00075	0.00374	0.00300	0.00300	0.85320
7	0.00989	0.00783	0.00957	0.00811	0.01127	0.00660	0.00666	0.01271	0.04649	0.03311	0.07505	0.02702	0.01751	0.00750	0.00498	0.00135	0.00394	0.22881	0.00386	0.47775
8	0.01014	0.02616	0.79609	0.01441	0.02189	0.01174	0.01868	0.01601	0.01068	0.01601	0.00907	0.01068	0.00641	0.00480	0.00480	0.00160	0.00747	0.00374	0.00214	0.00747
9	0.00625	0.00490	0.00567	0.00598	0.00713	0.00431	0.00429	0.00761	0.01144	0.01464	0.18000	0.29713	0.40599	0.01334	0.00613	0.00180	0.00265	0.01159	0.00486	0.00431
10	0.00645	0.00491	0.00582	0.00612	0.00713	0.00442	0.00435	0.00778	0.01126	0.01464	0.20514	0.28395	0.31231	0.07555	0.00767	0.00205	0.00287	0.02857	0.00476	0.00425
11	0.00662	0.00481	0.00635	0.00741	0.00804	0.00453	0.00544	0.00788	0.01032	0.01351	0.02973	0.56664	0.10097	0.01512	0.00654	0.00209	0.00331	0.19176	0.00469	0.00425
12	0.00829	0.00711	0.01026	0.21082	0.01582	0.03428	0.00847	0.01037	0.00894	0.01217	0.01300	0.07904	0.01229	0.02556	0.47876	0.00555	0.04596	0.00576	0.00272	0.00485
13	0.00598	0.00512	0.00512	0.00512	0.00683	0.00427	0.00384	0.00726	0.01153	0.01366	0.05123	0.04866	0.78869	0.01281	0.00598	0.00171	0.00256	0.01067	0.00470	0.00427
14	0.00634	0.00450	0.00595	0.00703	0.00734	0.00425	0.00473	0.00722	0.00960	0.01278	0.02693	0.72493	0.03212	0.07620	0.00792	0.00228	0.00316	0.04810	0.00457	0.00405
15	0.00991	0.00936	0.01582	0.71450	0.12761	0.01133	0.01422	0.01324	0.01028	0.01336	0.00905	0.01336	0.00690	0.00499	0.00505	0.00166	0.00665	0.00450	0.00228	0.00591
16	0.00866	0.00447	0.00671	0.00671	0.00678	0.00454	0.00454	0.00678	0.00671	0.00901	0.00915	0.01572	0.00908	0.01913	0.08001	0.78784	0.00510	0.00447	0.00224	0.00237
17	0.00716	0.00517	0.00676	0.00636	0.00755	0.00477	0.00477	0.00954	0.01431	0.02028	0.78808	0.03777	0.04771	0.01034	0.00596	0.00159	0.00239	0.00914	0.00557	0.00477
18	0.00700	0.00516	0.00654	0.00620	0.00746	0.00470	0.00465	0.00924	0.01394	0.01939	0.68907	0.03924	0.14727	0.01067	0.00597	0.00161	0.00241	0.00935	0.00545	0.00470
19	0.01922	0.01416	0.01518	0.01163	0.01568	0.01568	0.00961	0.77388	0.02378	0.03187	0.01214	0.01214	0.00860	0.00607	0.00506	0.00152	0.00556	0.00455	0.00506	0.00860
20	0.01921	0.01516	0.01357	0.04799	0.03007	0.27670	0.00911	0.19143	0.04519	0.26526	0.01337	0.01318	0.00938	0.00579	0.00487	0.00147	0.00630	0.00433	0.02017	0.00744
21	0.01229	0.28126	0.10018	0.01651	0.02159	0.01506	0.45140	0.01583	0.01127	0.01477	0.00907	0.01155	0.00717	0.00433	0.00497	0.00149	0.00740	0.00469	0.00239	0.00677
22	0.00616	0.00440	0.00587	0.00704	0.00733	0.00411	0.00469	0.00704	0.00968	0.01291	0.02787	0.81899	0.03344	0.01584	0.00645	0.00205	0.00293	0.01438	0.00469	0.00411
23	0.01352	0.82533	0.02650	0.00865	0.01298	0.02001	0.00865	0.01514	0.01027	0.01190	0.00703	0.00811	0.00649	0.00433	0.00324	0.00108	0.00541	0.00270	0.00216	0.00649
24	0.00757	0.00541	0.00732	0.00828	0.00920	0.00530	0.00676	0.00939	0.01104	0.01446	0.06191	0.20470	0.05870	0.07636	0.00824	0.00241	0.00415	0.48979	0.00458	0.00442
25	0.01037	0.00983	0.01634	0.50506	0.23944	0.01154	0.01389	0.01337	0.01029	0.01385	0.00959	0.04078	0.00800	0.00558	0.00601	0.00169	0.07092	0.00483	0.00240	0.00621
26	0.01922	0.01416	0.01518	0.01163	0.01568	0.01568	0.00961	0.77388	0.02378	0.03187	0.01214	0.01214	0.00860	0.00607	0.00506	0.00152	0.00556	0.00455	0.00506	0.00860
27	0.00631	0.00451	0.00604	0.00721	0.00757	0.00423	0.00495	0.00730	0.00983	0.01307	0.02779	0.76233	0.03312	0.01570	0.00649	0.00207	0.00306	0.06958	0.00469	0.00415
28	0.01028	0.05967	0.76381	0.01417	0.02151	0.01209	0.01826	0.01598	0.01066	0.01584	0.00899	0.01057	0.00641	0.00478	0.00474	0.00158	0.00739	0.00369	0.00214	0.00743
29	0.01102	0.01175	0.02377	0.30210	0.02871	0.01215	0.46864	0.01485	0.01116	0.01498	0.00982	0.01362	0.00742	0.00469	0.00586	0.00170	0.02742	0.00538	0.01866	0.00632
30	0.00834	0.00478	0.00513	0.00518	0.00579	0.00477	0.00337	0.00956	0.00909	0.01448	0.01676	0.06191	0.01635	0.37612	0.01372	0.00291	0.00354	0.00635	0.42789	0.00394
31	0.10693	0.00964	0.01186	0.00919	0.01305	0.00919	0.00759	0.14709	0.01541	0.59030	0.01735	0.01546	0.01116	0.00607	0.00488	0.00156	0.00447	0.00476	0.00574	0.00829
32	0.08931	0.01037	0.01286	0.13082	0.01675	0.01076	0.00889	0.23264	0.03132	0.38178	0.01503	0.01450	0.01001	0.00590	0.00491	0.00157	0.00499	0.00466	0.00503	0.00788
33	0.00716	0.00517	0.00676	0.00636	0.00755	0.00477	0.00477	0.00954	0.01431	0.02028	0.78808	0.03777	0.04771	0.01034	0.00596	0.00159	0.00239	0.00914	0.00557	0.00477
34	0.01057	0.00582	0.00594	0.00552	0.00704	0.00600	0.00425	0.10109	0.01215	0.02038	0.01599	0.01807	0.01245	0.00591	0.00371	0.00122	0.00273	0.00469	0.75130	0.00517
35	0.01144	0.01092	0.01859	0.31236	0.51779	0.01173	0.01499	0.01458	0.01101	0.01522	0.00932	0.01286	0.00755	0.00470	0.00502	0.00157	0.00627	0.00450	0.00241	0.00715
36	0.85801	0.00978	0.00743	0.00665	0.00978	0.01134	0.00548	0.01486	0.00861	0.02269	0.00704	0.00821	0.00548	0.00469	0.00313	0.00156	0.00391	0.00274	0.00313	0.00548
37	0.00742	0.00493	0.00579	0.00604	0.00626	0.00490	0.00380	0.00790	0.00824	0.01121	0.01840	0.11988	0.02085	0.60427	0.02044	0.00412	0.00452	0.08727	0.05033	0.00344
38	0.00724	0.00536	0.00781	0.00781	0.00861	0.00615	0.00593	0.00883	0.00803	0.01151	0.01383	0.02146	0.01333	0.13237	0.70875	0.00774	0.01250	0.00565	0.00275	0.00434
39	0.00648	0.00470	0.00611	0.00669	0.00737	0.00434	0.00466	0.00788	0.01133	0.01539	0.27997	0.50944	0.08924	0.01382	0.00626	0.00188	0.00273	0.01240	0.00498	0.00434
40	0.00732	0.00486	0.00643	0.00691	0.00765	0.00503	0.00505	0.00891	0.00953	0.01408	0.03706	0.33869	0.02215	0.02070	0.26804	0.00385	0.00633	0.02725	0.19575	0.00441
41	0.08668	0.00917	0.01166	0.00905	0.01289	0.00848	0.00746	0.08162	0.03174	0.65886	0.01837	0.01616	0.01174	0.00614	0.00493	0.00156	0.00436	0.00488	0.00590	0.00835
42	0.00955	0.00899	0.01517	0.81013	0.03483	0.01123	0.01404	0.01292	0.01011	0.01292	0.00899	0.01348	0.00674	0.00506	0.00506	0.00169	0.00674	0.00449	0.00225	0.00562
43	0.01353	0.76492	0.06154	0.00900	0.01347	0.01950	0.00914	0.03733	0.01069	0.01267	0.00727	0.00835	0.00655	0.00440	0.00337	0.00112	0.00551	0.00281	0.00225	0.00660
44	0.01173	0.06183	0.42503	0.01179	0.01778	0.01137	0.01333	0.12491	0.01250	0.01822	0.00939	0.01070	0.00703	0.00467	0.00447	0.00133	0.00606	0.00360	0.00280	0.24147
45	0.01014	0.02616	0.79609	0.01441	0.02189	0.01174	0.01868	0.01601	0.01068	0.01601	0.00907	0.01068	0.00641	0.00480	0.00480	0.00160	0.00747	0.00374	0.00214	0.00747
46	0.00608	0.00471	0.00555	0.00622	0.00712	0.00418	0.00433	0.00713	0.01047	0.01323	0.03790	0.48814	0.35782	0.01454	0.00625	0.00190	0.00277	0.01278	0.00469	0.00418
47	0.00878	0.00439	0.00659	0.00659	0.00659	0.00439	0.00439	0.00659	0.00659	0.00878	0.00878	0.01537	0.00878	0.01757	0.01976	0.85288	0.00439	0.00439	0.00220	0.00220
48	0.00976	0.00920	0.01555	0.75427	0.08903	0.01129	0.01415	0.01311	0.01021	0.01318	0.00903	0.01341	0.00683	0.00502	0.00505	0.00167	0.00669	0.00449	0.00227	0.00579
49	0.00858	0.00703	0.00948	0.06854	0.01139	0.00813	0.00722	0.07105	0.01043	0.01429	0.02042	0.51211	0.02342	0.01268	0.00851	0.00202	0.18521	0.01061	0.00398	0.00490
50	0.08641	0.00857	0.01122	0.00872	0.01247	0.00763	0.00718	0.02332	0.01402	0.70559	0.04799	0.01730	0.01331	0.00629	0.00497	0.00157	0.00420	0.00506	0.00599	0.00822
51	0.00943	0.00471	0.00471	0.00471	0.00589	0.00471	0.00353	0.01178	0.01060	0.01885	0.01650	0.01885	0.01296	0.00589	0.00353	0.00118	0.00236	0.00471	0.85036	0.00471
52	0.01076	0.00743	0.01023	0.00905	0.01114	0.01899	0.06543	0.05870	0.04307	0.11540	0.36113	0.03520	0.04549	0.00976	0.00598	0.00176	0.00396	0.17568	0.00511	0.00574
53	0.01177	0.01138	0.01878	0.26339	0.54735	0.02968	0.01495	0.01485	0.01116	0.01535	0.00932	0.01273	0.00760	0.00469	0.00501	0.00155	0.00630	0.00447	0.00243	0.00725
54	0.00694	0.00512	0.00649	0.00623	0.00744	0.00467	0.00464	0.00910	0.01370	0.01899	0.64807	0.07869	0.14922	0.01096	0.00599	0.00163	0.00244	0.00962	0.00540	0.00467
55	0.00878	0.00439	0.00659	0.00659	0.00659	0.00439	0.00439	0.00659	0.00659	0.00878	0.00878	0.01537	0.00878	0.01757	0.01976	0.85288	0.00439	0.00439	0.00220	0.00220
56	0.79268	0.00972	0.00803	0.06851	0.01171	0.01134	0.00614	0.01471	0.00872	0.02194	0.00719	0.00862	0.00557	0.00472	0.00328	0.00157	0.00413	0.00287	0.00306	0.00549
57	0.01121	0.00915	0.01188	0.00996	0.01164	0.02682	0.03007	0.08618	0.01270	0.06455	0.30445	0.02164	0.02285	0.00833	0.00906	0.00171	0.26705	0.00616	0.00409	0.08051
58	0.01872	0.05347	0.01487	0.01273	0.01554	0.70032	0.00971	0.08913	0.01504	0.01415	0.00818	0.00936	0.00670	0.00526	0.00456	0.00131	0.00865	0.00335	0.00281	0.00614
59	0.00689	0.00501	0.00653	0.00681	0.00769	0.00471	0.00493	0.00890	0.02850	0.01700	0.41999	0.34731	0.05899	0.01266	0.00619	0.00181	0.00274	0.04363	0.00515	0.00456
60	0.79292	0.00986	0.00774	0.00693	0.01004	0.01144	0.00567	0.01579	0.06812	0.02257	0.00808	0.00903	0.00624	0.00486	0.00328	0.00158	0.00392	0.00297	0.00328	0.00567

[dist]
# distance from previous block
# <min> <max>
3	24

[block]
# block no. 7 follows, 49 sequences, length 82
# corresponding to MSA columns:
# 331-412
name=unknown_H
#
# <colnr> <probs for GDERKNQSTAVLIFYWHMCP>
#	G	D	E	R	K	N	Q	S	T	A	V	L	I	F	Y	W	H	M	C	P
0	0.06826	0.00878	0.01162	0.08769	0.12103	0.00868	0.02256	0.07989	0.03993	0.03115	0.22701	0.01952	0.01928	0.00635	0.00484	0.00139	0.00418	0.00545	0.04691	0.18549
1	0.00757	0.00559	0.00752	0.00724	0.00819	0.00591	0.00525	0.00885	0.00810	0.01157	0.01387	0.02318	0.01398	0.28400	0.48007	0.00641	0.00987	0.00580	0.00285	0.08416
2	0.03332	0.01113	0.06427	0.01034	0.01320	0.01125	0.00884	0.28033	0.12600	0.05414	0.03130	0.06067	0.01410	0.01269	0.13470	0.00276	0.04337	0.07638	0.00432	0.00688
3	0.01757	0.01334	0.01425	0.01130	0.01505	0.01491	0.00921	0.58828	0.21207	0.02921	0.01424	0.01381	0.01030	0.00627	0.00508	0.00157	0.00518	0.00484	0.00508	0.00845
4	0.00878	0.00439	0.00659	0.00659	0.00659	0.00439	0.00439	0.00659	0.00659	0.00878	0.00878	0.01537	0.00878	0.01757	0.01976	0.85288	0.00439	0.00439	0.00220	0.00220
5	0.00955	0.00899	0.01517	0.81013	0.03483	0.01123	0.01404	0.01292	0.01011	0.01292	0.00899	0.01348	0.00674	0.00506	0.00506	0.00169	0.00674	0.00449	0.00225	0.00562
6	0.01177	0.29091	0.32506	0.01439	0.02016	0.01481	0.22455	0.01577	0.01089	0.01468	0.00871	0.01064	0.00679	0.00449	0.00460	0.00146	0.00707	0.00401	0.00226	0.00696
7	0.00794	0.00575	0.00786	0.00892	0.01013	0.00567	0.00774	0.01017	0.01163	0.01499	0.02908	0.05625	0.10080	0.01386	0.00689	0.00227	0.00446	0.68629	0.00466	0.00462
8	0.00729	0.00514	0.00673	0.00673	0.00715	0.00556	0.00458	0.00813	0.00771	0.01070	0.01482	0.02695	0.01572	0.45805	0.38633	0.00640	0.00892	0.00645	0.00290	0.00374
9	0.00628	0.00556	0.00640	0.00596	0.00784	0.00471	0.04345	0.00772	0.01155	0.01379	0.04911	0.04686	0.74844	0.01237	0.00598	0.00171	0.00287	0.01043	0.00459	0.00440
10	0.01315	0.01659	0.16395	0.26036	0.05662	0.21420	0.01289	0.10060	0.01303	0.01585	0.01062	0.01539	0.00881	0.00591	0.00504	0.00160	0.00715	0.06899	0.00285	0.00639
11	0.00955	0.00899	0.01517	0.81013	0.03483	0.01123	0.01404	0.01292	0.01011	0.01292	0.00899	0.01348	0.00674	0.00506	0.00506	0.00169	0.00674	0.00449	0.00225	0.00562
12	0.01032	0.04470	0.40481	0.01074	0.01641	0.00951	0.01222	0.01437	0.01059	0.01631	0.00967	0.01129	0.00743	0.00450	0.00424	0.00123	0.00554	0.00352	0.08252	0.32008
13	0.00955	0.00899	0.01517	0.81013	0.03483	0.01123	0.01404	0.01292	0.01011	0.01292	0.00899	0.01348	0.00674	0.00506	0.00506	0.00169	0.00674	0.00449	0.00225	0.00562
14	0.00695	0.00517	0.00647	0.00618	0.00748	0.00470	0.00466	0.00912	0.01372	0.01889	0.62972	0.04028	0.19038	0.01089	0.00599	0.00163	0.00247	0.02524	0.00538	0.00467
15	0.00777	0.00677	0.00828	0.00850	0.00895	0.04072	0.00624	0.00875	0.00961	0.01279	0.02435	0.53986	0.09160	0.01359	0.00857	0.00203	0.18165	0.01139	0.00406	0.00451
16	0.00732	0.00489	0.00552	0.00555	0.00556	0.00488	0.00311	0.00735	0.00741	0.00988	0.01623	0.05292	0.01876	0.80194	0.02525	0.00483	0.00485	0.00753	0.00311	0.00309
17	0.01552	0.09383	0.01600	0.01256	0.01452	0.35229	0.01013	0.09812	0.01253	0.01436	0.00777	0.01007	0.00678	0.00657	0.00894	0.00164	0.30582	0.00378	0.00268	0.00609
18	0.85801	0.00978	0.00743	0.00665	0.00978	0.01134	0.00548	0.01486	0.00861	0.02269	0.00704	0.00821	0.00548	0.00469	0.00313	0.00156	0.00391	0.00274	0.00313	0.00548
19	0.00943	0.00471	0.00471	0.00471	0.00589	0.00471	0.00353	0.01178	0.01060	0.01885	0.01650	0.01885	0.01296	0.00589	0.00353	0.00118	0.00236	0.00471	0.85036	0.00471
20	0.00722	0.00542	0.00813	0.00813	0.00903	0.00632	0.00632	0.00903	0.00813	0.01174	0.01354	0.01987	0.01264	0.03792	0.80225	0.00813	0.01354	0.00542	0.00271	0.00451
21	0.00598	0.00512	0.00512	0.00512	0.00683	0.00427	0.00384	0.00726	0.01153	0.01366	0.05123	0.04866	0.78869	0.01281	0.00598	0.00171	0.00256	0.01067	0.00470	0.00427
22	0.01830	0.01327	0.01419	0.01098	0.01476	0.01465	0.00904	0.70195	0.02253	0.03064	0.01255	0.01277	0.00901	0.00605	0.00491	0.00149	0.00526	0.00457	0.08485	0.00823
23	0.01157	0.01105	0.01882	0.27914	0.55003	0.01177	0.01505	0.01469	0.01107	0.01537	0.00934	0.01282	0.00761	0.00468	0.00502	0.00156	0.00624	0.00450	0.00242	0.00725
24	0.01295	0.01010	0.01087	0.00968	0.01253	0.01128	0.00755	0.02480	0.63311	0.09685	0.02341	0.02152	0.08814	0.00736	0.00522	0.00170	0.00390	0.00612	0.00521	0.00771
25	0.01599	0.01187	0.01285	0.01067	0.01406	0.01324	0.00854	0.30304	0.42881	0.09809	0.01740	0.01622	0.01263	0.00651	0.00511	0.00163	0.00461	0.00523	0.00522	0.00828
26	0.00722	0.00542	0.00813	0.00813	0.00903	0.00632	0.00632	0.00903	0.00813	0.01174	0.01354	0.01987	0.01264	0.03792	0.80225	0.00813	0.01354	0.00542	0.00271	0.00451
27	0.00673	0.00531	0.00814	0.00833	0.00913	0.00495	0.07714	0.00797	0.01004	0.01341	0.04443	0.70869	0.04708	0.01456	0.00639	0.00200	0.00344	0.01338	0.00451	0.00438
28	0.00955	0.00899	0.01517	0.81013	0.03483	0.01123	0.01404	0.01292	0.01011	0.01292	0.00899	0.01348	0.00674	0.00506	0.00506	0.00169	0.00674	0.00449	0.00225	0.00562
29	0.01036	0.00748	0.00947	0.00941	0.01108	0.00790	0.00784	0.18139	0.01363	0.01811	0.02154	0.11335	0.02241	0.01532	0.10165	0.02500	0.00575	0.40845	0.00445	0.00541
30	0.85801	0.00978	0.00743	0.00665	0.00978	0.01134	0.00548	0.01486	0.00861	0.02269	0.00704	0.00821	0.00548	0.00469	0.00313	0.00156	0.00391	0.00274	0.00313	0.00548
31	0.01014	0.02616	0.79609	0.01441	0.02189	0.01174	0.01868	0.01601	0.01068	0.01601	0.00907	0.01068	0.00641	0.00480	0.00480	0.00160	0.00747	0.00374	0.00214	0.00747
32	0.01889	0.02410	0.01433	0.01303	0.01563	0.80199	0.00977	0.02019	0.01433	0.01238	0.00782	0.00912	0.00651	0.00521	0.00456	0.00130	0.00912	0.00326	0.00261	0.00586
33	0.01922	0.01416	0.01518	0.01163	0.01568	0.01568	0.00961	0.77388	0.02378	0.03187	0.01214	0.01214	0.00860	0.00607	0.00506	0.00152	0.00556	0.00455	0.00506	0.00860
34	0.00735	0.00490	0.00552	0.00552	0.00552	0.00490	0.00306	0.00735	0.00735	0.00980	0.01593	0.03309	0.01838	0.82229	0.02574	0.00490	0.00490	0.00735	0.00306	0.00306
35	0.01194	0.01364	0.02984	0.02131	0.02643	0.01279	0.77238	0.01620	0.01194	0.01620	0.01023	0.01364	0.00767	0.00426	0.00597	0.00171	0.00853	0.00597	0.00256	0.00682
36	0.01352	0.82533	0.02650	0.00865	0.01298	0.02001	0.00865	0.01514	0.01027	0.01190	0.00703	0.00811	0.00649	0.00433	0.00324	0.00108	0.00541	0.00270	0.00216	0.00649
37	0.01194	0.01364	0.02984	0.02131	0.02643	0.01279	0.77238	0.01620	0.01194	0.01620	0.01023	0.01364	0.00767	0.00426	0.00597	0.00171	0.00853	0.00597	0.00256	0.00682
38	0.00738	0.00502	0.00613	0.00613	0.00638	0.00524	0.00387	0.00788	0.00763	0.01051	0.01536	0.02949	0.01684	0.60960	0.21463	0.00559	0.00694	0.00681	0.02508	0.00346
39	0.00722	0.00542	0.00813	0.00813	0.00903	0.00632	0.00632	0.00903	0.00813	0.01174	0.01354	0.01987	0.01264	0.03792	0.80225	0.00813	0.01354	0.00542	0.00271	0.00451
40	0.00955	0.00899	0.01517	0.81013	0.03483	0.01123	0.01404	0.01292	0.01011	0.01292	0.00899	0.01348	0.00674	0.00506	0.00506	0.00169	0.00674	0.00449	0.00225	0.00562
41	0.01049	0.00899	0.01049	0.00749	0.01198	0.00674	0.00599	0.01273	0.01049	0.01648	0.00899	0.01049	0.00749	0.00374	0.00374	0.00075	0.00374	0.00300	0.00300	0.85320
42	0.00688	0.00511	0.00641	0.00619	0.00741	0.00464	0.00460	0.00897	0.01351	0.01861	0.60614	0.09213	0.17841	0.01115	0.00600	0.00164	0.00245	0.00977	0.00535	0.00464
43	0.01187	0.01346	0.02883	0.02075	0.02550	0.01298	0.71892	0.01591	0.01164	0.01591	0.00998	0.01346	0.00760	0.00458	0.00671	0.00174	0.06502	0.00586	0.00253	0.00673
44	0.00614	0.00447	0.00580	0.00686	0.00729	0.00412	0.00461	0.00706	0.00986	0.01298	0.03008	0.74628	0.10473	0.01556	0.00641	0.00202	0.00290	0.01403	0.00469	0.00412
45	0.00710	0.00517	0.00667	0.00630	0.00752	0.00475	0.00472	0.00942	0.01417	0.01994	0.75010	0.03833	0.08590	0.01046	0.00596	0.00160	0.00239	0.00922	0.00552	0.00475
46	0.01014	0.02616	0.79609	0.01441	0.02189	0.01174	0.01868	0.01601	0.01068	0.01601	0.00907	0.01068	0.00641	0.00480	0.00480	0.00160	0.00747	0.00374	0.00214	0.00747
47	0.00722	0.00542	0.00813	0.00813	0.00903	0.00632	0.00632	0.00903	0.00813	0.01174	0.01354	0.01987	0.01264	0.03792	0.80225	0.00813	0.01354	0.00542	0.00271	0.00451
48	0.00724	0.00537	0.00788	0.00788	0.00870	0.00619	0.00601	0.00887	0.00805	0.01156	0.01377	0.02111	0.01318	0.11196	0.72895	0.00782	0.01273	0.00560	0.00274	0.00438
49	0.00955	0.00899	0.01517	0.81013	0.03483	0.01123	0.01404	0.01292	0.01011	0.01292	0.00899	0.01348	0.00674	0.00506	0.00506	0.00169	0.00674	0.00449	0.00225	0.00562
50	0.00712	0.00532	0.00791	0.00802	0.00887	0.00611	0.00617	0.00884	0.00827	0.01185	0.01490	0.09530	0.01461	0.03584	0.72713	0.00755	0.01254	0.00626	0.00290	0.00448
51	0.00653	0.00500	0.00551	0.00557	0.00660	0.00449	0.00382	0.00754	0.01051	0.01331	0.12957	0.11753	0.40735	0.24099	0.01159	0.00263	0.00324	0.00991	0.00434	0.00398
52	0.00955	0.00899	0.01517	0.81013	0.03483	0.01123	0.01404	0.01292	0.01011	0.01292	0.00899	0.01348	0.00674	0.00506	0.00506	0.00169	0.00674	0.00449	0.00225	0.00562
53	0.00735	0.00490	0.00552	0.00552	0.00552	0.00490	0.00306	0.00735	0.00735	0.00980	0.01593	0.03309	0.01838	0.82229	0.02574	0.00490	0.00490	0.00735	0.00306	0.00306
54	0.00696	0.00484	0.00614	0.00688	0.00722	0.00471	0.00471	0.00777	0.00917	0.01216	0.02326	0.39228	0.02710	0.31388	0.01368	0.00316	0.00397	0.14422	0.00408	0.00382
55	0.08771	0.00908	0.01069	0.00811	0.01218	0.00780	0.00656	0.01778	0.07019	0.26505	0.01319	0.01307	0.00952	0.00486	0.00422	0.00115	0.00396	0.00385	0.00421	0.44681
56	0.01320	0.70753	0.06647	0.01014	0.01471	0.01890	0.08126	0.01529	0.01045	0.01252	0.00744	0.00877	0.00660	0.00434	0.00358	0.00117	0.00581	0.00307	0.00220	0.00657
57	0.85801	0.00978	0.00743	0.00665	0.00978	0.01134	0.00548	0.01486	0.00861	0.02269	0.00704	0.00821	0.00548	0.00469	0.00313	0.00156	0.00391	0.00274	0.00313	0.00548
58	0.01224	0.01148	0.01811	0.13254	0.43818	0.01217	0.06082	0.03588	0.19193	0.01745	0.01214	0.01420	0.00957	0.00515	0.00511	0.00159	0.00579	0.00488	0.00315	0.00762
59	0.00737	0.00513	0.00657	0.00621	0.00740	0.00477	0.00465	0.00975	0.01396	0.02014	0.71525	0.03599	0.04443	0.00992	0.00573	0.00155	0.00238	0.00873	0.08531	0.00477
60	0.00630	0.00449	0.00587	0.00687	0.00719	0.00424	0.00455	0.00712	0.00946	0.01260	0.02691	0.70671	0.04869	0.09438	0.02687	0.00246	0.00336	0.01340	0.00449	0.00402
61	0.00815	0.00582	0.00815	0.00931	0.01048	0.00582	0.00815	0.01048	0.01164	0.01513	0.02677	0.05704	0.02910	0.01397	0.00698	0.00233	0.00466	0.75671	0.00466	0.00466
62	0.00748	0.00535	0.00739	0.00855	0.00943	0.00525	0.00699	0.00933	0.01099	0.01439	0.02714	0.31194	0.03055	0.01460	0.00681	0.00224	0.00408	0.50837	0.00467	0.00447
63	0.01258	0.01086	0.01143	0.01029	0.01315	0.01258	0.00800	0.02687	0.78161	0.02115	0.02058	0.01887	0.01544	0.00686	0.00515	0.00172	0.00400	0.00572	0.00515	0.00800
64	0.01676	0.01356	0.01375	0.01123	0.01475	0.06305	0.00903	0.45252	0.30203	0.02672	0.01498	0.01443	0.01099	0.00631	0.00506	0.00158	0.00521	0.00490	0.00494	0.00821
65	0.02199	0.00873	0.01174	0.00897	0.01292	0.00756	0.00740	0.03869	0.01445	0.73924	0.01923	0.01677	0.01218	0.00613	0.00502	0.00152	0.00430	0.00497	0.00607	0.05213
