[name]
unknown

[dist]
# distance from previous block
# <min> <max>
8	35

[block]
# block no. 0 follows, 43 sequences, length 15
# corresponding to MSA columns:
# 37-51
name=unknown_A
#
# <colnr> <probs for GDERKNQSTAVLIFYWHMCP>
#	G	D	E	R	K	N	Q	S	T	A	V	L	I	F	Y	W	H	M	C	P
0	0.08450	0.04447	0.06777	0.03473	0.13874	0.13534	0.04230	0.06134	0.02952	0.01804	0.00966	0.01195	0.00794	0.00579	0.00678	0.00158	0.12194	0.00419	0.00307	0.17036
1	0.16784	0.23685	0.07923	0.01268	0.07445	0.01565	0.04291	0.04696	0.21322	0.01984	0.01250	0.01317	0.00983	0.00567	0.00460	0.00159	0.00555	0.00434	0.00363	0.02949
2	0.00802	0.00550	0.00670	0.00670	0.00693	0.00573	0.00418	0.00848	0.00825	0.01123	0.01685	0.03290	0.01868	0.62906	0.20251	0.00618	0.00755	0.00756	0.00327	0.00372
3	0.00703	0.00504	0.00668	0.00752	0.00810	0.00469	0.00516	0.00843	0.01193	0.01625	0.22391	0.60232	0.04073	0.01577	0.00693	0.00212	0.00306	0.01424	0.00539	0.00469
4	0.01266	0.01237	0.01821	0.36461	0.31971	0.07384	0.01483	0.01629	0.03348	0.01621	0.01058	0.01422	0.00841	0.00536	0.00538	0.00169	0.00695	0.00481	0.02794	0.03245
5	0.00748	0.00568	0.00690	0.00668	0.00816	0.00510	0.00507	0.00970	0.01458	0.01965	0.50866	0.04610	0.27920	0.01236	0.00659	0.00182	0.00278	0.04271	0.00575	0.00505
6	0.01541	0.01055	0.01140	0.00934	0.01224	0.01133	0.00750	0.39124	0.01967	0.02821	0.13878	0.02029	0.01800	0.00735	0.00516	0.00155	0.00439	0.00587	0.27437	0.00735
7	0.02485	0.00943	0.01285	0.00985	0.01414	0.00814	0.00814	0.02699	0.01585	0.77465	0.02185	0.01885	0.01371	0.00685	0.00557	0.00171	0.00471	0.00557	0.00685	0.00943
8	0.01148	0.00984	0.01148	0.00820	0.01312	0.00738	0.00656	0.01395	0.01148	0.01805	0.00984	0.01148	0.00820	0.00410	0.00410	0.00082	0.00410	0.00328	0.00328	0.83922
9	0.00892	0.00637	0.00892	0.01020	0.01147	0.00637	0.00892	0.01147	0.01275	0.01657	0.02932	0.06247	0.03187	0.01530	0.00765	0.00255	0.00510	0.73354	0.00510	0.00510
10	0.00784	0.00566	0.00740	0.00697	0.00827	0.00523	0.00523	0.01045	0.01568	0.02221	0.76789	0.04137	0.05226	0.01132	0.00653	0.00174	0.00261	0.01002	0.00610	0.00523
11	0.01046	0.00984	0.01661	0.79205	0.03814	0.01230	0.01538	0.01415	0.01107	0.01415	0.00984	0.01477	0.00738	0.00554	0.00554	0.00185	0.00738	0.00492	0.00246	0.00615
12	0.00791	0.00593	0.00890	0.00890	0.00989	0.00692	0.00692	0.00989	0.00890	0.01286	0.01483	0.02176	0.01385	0.04154	0.78341	0.00890	0.01483	0.00593	0.00297	0.00494
13	0.02105	0.01551	0.01662	0.01274	0.01717	0.01717	0.01053	0.75235	0.02604	0.03490	0.01330	0.01330	0.00942	0.00665	0.00554	0.00166	0.00609	0.00499	0.00554	0.00942
14	0.01317	0.01261	0.02152	0.15850	0.65048	0.01302	0.01673	0.01653	0.01236	0.01745	0.01032	0.01388	0.00854	0.00503	0.00549	0.00168	0.00671	0.00493	0.00270	0.00834

[dist]
# distance from previous block
# <min> <max>
0	29

[block]
# block no. 1 follows, 43 sequences, length 124
# corresponding to MSA columns:
# 81-204
name=unknown_B
#
# <colnr> <probs for GDERKNQSTAVLIFYWHMCP>
#	G	D	E	R	K	N	Q	S	T	A	V	L	I	F	Y	W	H	M	C	P
0	0.00678	0.00483	0.00642	0.00767	0.00798	0.00452	0.00509	0.00772	0.01054	0.01405	0.03018	0.78126	0.03619	0.03845	0.00763	0.00233	0.00327	0.01554	0.00509	0.00447
1	0.01111	0.02865	0.77667	0.01579	0.02397	0.01286	0.02046	0.01754	0.01169	0.01754	0.00994	0.01169	0.00702	0.00526	0.00526	0.00175	0.00818	0.00409	0.00234	0.00818
2	0.00805	0.00537	0.00604	0.00604	0.00604	0.00537	0.00336	0.00805	0.00805	0.01074	0.01745	0.03624	0.02013	0.80536	0.02819	0.00537	0.00537	0.00805	0.00336	0.00336
3	0.01046	0.00984	0.01661	0.79205	0.03814	0.01230	0.01538	0.01415	0.01107	0.01415	0.00984	0.01477	0.00738	0.00554	0.00554	0.00185	0.00738	0.00492	0.00246	0.00615
4	0.01499	0.01361	0.01668	0.41256	0.04796	0.10025	0.01328	0.23970	0.01607	0.02047	0.01065	0.01364	0.00801	0.00607	0.00605	0.00176	0.04279	0.00479	0.00345	0.00724
5	0.00675	0.00482	0.00643	0.00771	0.00803	0.00450	0.00514	0.00771	0.01060	0.01414	0.03053	0.80175	0.03663	0.01735	0.00707	0.00225	0.00321	0.01574	0.00514	0.00450
6	0.00815	0.00617	0.00760	0.00741	0.00879	0.00594	0.00548	0.01173	0.09201	0.02026	0.49858	0.16632	0.11613	0.01219	0.00653	0.00185	0.00292	0.01074	0.00580	0.00542
7	0.01046	0.00984	0.01661	0.79205	0.03814	0.01230	0.01538	0.01415	0.01107	0.01415	0.00984	0.01477	0.00738	0.00554	0.00554	0.00185	0.00738	0.00492	0.00246	0.00615
8	0.01308	0.01224	0.03959	0.05296	0.15436	0.01211	0.18771	0.14678	0.08602	0.02043	0.01694	0.17583	0.01588	0.00832	0.00615	0.00189	0.00629	0.03191	0.00407	0.00745
9	0.01314	0.01424	0.01212	0.01136	0.01295	0.30294	0.00872	0.01479	0.01142	0.01311	0.01185	0.01682	0.01088	0.04543	0.40004	0.00540	0.08134	0.00499	0.00289	0.00556
10	0.80720	0.04657	0.00908	0.00738	0.01087	0.01285	0.00615	0.01629	0.00951	0.02432	0.00771	0.00899	0.00605	0.00512	0.00343	0.00169	0.00436	0.00300	0.00338	0.00605
11	0.01266	0.00807	0.00983	0.00869	0.01105	0.00811	0.00674	0.01875	0.21916	0.16408	0.42397	0.03148	0.03535	0.00944	0.00611	0.00177	0.00349	0.00815	0.00611	0.00698
12	0.01381	0.35016	0.05900	0.01863	0.12248	0.01718	0.31040	0.01714	0.01219	0.01579	0.00957	0.01209	0.00785	0.00476	0.00509	0.00154	0.00748	0.00472	0.00259	0.00752
13	0.00674	0.00486	0.00639	0.00761	0.00801	0.00451	0.00510	0.00772	0.01070	0.01418	0.03175	0.76582	0.07176	0.01719	0.00704	0.00223	0.00319	0.01555	0.00514	0.00451
14	0.02070	0.00910	0.01151	0.00929	0.01289	0.00852	0.00752	0.02501	0.13081	0.53180	0.02132	0.01943	0.01429	0.00689	0.00530	0.00167	0.00430	0.00561	0.14543	0.00861
15	0.00805	0.00538	0.00610	0.00610	0.00612	0.00540	0.00343	0.00809	0.00807	0.01078	0.01739	0.03593	0.02000	0.78880	0.04456	0.00545	0.00557	0.00801	0.00335	0.00339
16	0.01439	0.01220	0.01287	0.01139	0.01464	0.01406	0.00891	0.09032	0.69892	0.02416	0.02176	0.02004	0.01628	0.00744	0.00563	0.00186	0.00453	0.00615	0.00563	0.00882
17	0.01410	0.01139	0.01289	0.00944	0.01423	0.01006	0.00764	0.21556	0.01546	0.02265	0.01079	0.01198	0.00853	0.00480	0.00449	0.00105	0.00465	0.00375	0.00390	0.61265
18	0.00892	0.00637	0.00892	0.01020	0.01147	0.00637	0.00892	0.01147	0.01275	0.01657	0.02932	0.06247	0.03187	0.01530	0.00765	0.00255	0.00510	0.73354	0.00510	0.00510
19	0.00893	0.00709	0.00834	0.00855	0.01038	0.00709	0.00696	0.01357	0.15377	0.01780	0.10689	0.04952	0.27924	0.01303	0.00679	0.00212	0.00396	0.28501	0.00531	0.00566
20	0.00720	0.00582	0.00652	0.00686	0.00857	0.00514	0.00550	0.00891	0.01266	0.01540	0.04879	0.05580	0.56742	0.01437	0.00685	0.00206	0.00343	0.20879	0.00513	0.00479
21	0.02347	0.01163	0.01422	0.01090	0.01524	0.01141	0.00900	0.28965	0.01954	0.50678	0.01875	0.01684	0.01216	0.00678	0.00556	0.00170	0.00521	0.00536	0.00638	0.00942
22	0.01569	0.60925	0.07599	0.01070	0.01541	0.11783	0.01042	0.06225	0.01275	0.01473	0.00830	0.00948	0.00725	0.00501	0.00397	0.00128	0.00660	0.00324	0.00262	0.00723
23	0.02105	0.01551	0.01662	0.01274	0.01717	0.01717	0.01053	0.75235	0.02604	0.03490	0.01330	0.01330	0.00942	0.00665	0.00554	0.00166	0.00609	0.00499	0.00554	0.00942
24	0.00751	0.00546	0.00591	0.00590	0.00660	0.00512	0.00370	0.00806	0.00985	0.01249	0.04650	0.04249	0.29031	0.50438	0.01996	0.00404	0.00439	0.00940	0.00405	0.00387
25	0.01569	0.01451	0.01041	0.00950	0.01182	0.32973	0.00720	0.01760	0.01388	0.09539	0.01913	0.02000	0.10314	0.00711	0.00484	0.00146	0.00592	0.00533	0.30125	0.00607
26	0.01552	0.01783	0.01830	0.22172	0.10920	0.33445	0.07536	0.01800	0.01303	0.01455	0.00918	0.01234	0.00751	0.00597	0.00693	0.00172	0.10456	0.00449	0.00268	0.00666
27	0.02103	0.01618	0.01656	0.01284	0.01717	0.06392	0.01054	0.70778	0.02541	0.03360	0.01301	0.01309	0.00928	0.00659	0.00551	0.00165	0.00633	0.00490	0.00538	0.00924
28	0.01135	0.02698	0.68599	0.01671	0.02458	0.01300	0.10946	0.01756	0.01186	0.01756	0.01009	0.01209	0.00718	0.00519	0.00542	0.00177	0.00833	0.00439	0.00239	0.00810
29	0.01407	0.01407	0.02100	0.06514	0.63242	0.09010	0.01598	0.01717	0.01286	0.01740	0.01095	0.01530	0.00945	0.00545	0.00552	0.00167	0.00690	0.03345	0.00283	0.00827
30	0.02363	0.00907	0.01220	0.00946	0.01349	0.00789	0.00778	0.02580	0.01549	0.71114	0.02153	0.01900	0.01375	0.00682	0.00543	0.00168	0.00453	0.00554	0.07670	0.00907
31	0.01046	0.00984	0.01661	0.79205	0.03814	0.01230	0.01538	0.01415	0.01107	0.01415	0.00984	0.01477	0.00738	0.00554	0.00554	0.00185	0.00738	0.00492	0.00246	0.00615
32	0.01139	0.08953	0.02454	0.01732	0.02130	0.01197	0.45669	0.01471	0.01228	0.01640	0.03440	0.22982	0.01704	0.00830	0.00639	0.00190	0.00717	0.00878	0.00348	0.00657
33	0.01819	0.02226	0.01483	0.01401	0.04538	0.60698	0.01023	0.01985	0.01525	0.01496	0.11736	0.01473	0.01367	0.00666	0.00583	0.00153	0.04408	0.00460	0.00329	0.00633
34	0.01133	0.07625	0.73104	0.01540	0.02337	0.01341	0.01979	0.01748	0.01167	0.01726	0.00980	0.01152	0.00702	0.00523	0.00516	0.00172	0.00805	0.00402	0.00234	0.00812
35	0.00805	0.00537	0.00604	0.00604	0.00604	0.00537	0.00336	0.00805	0.00805	0.01074	0.01745	0.03624	0.02013	0.80536	0.02819	0.00537	0.00537	0.00805	0.00336	0.00336
36	0.01677	0.01338	0.01421	0.01188	0.01554	0.01517	0.00949	0.32684	0.45852	0.02800	0.01874	0.01763	0.01383	0.00716	0.00560	0.00179	0.00509	0.00574	0.00560	0.00903
37	0.01406	0.01204	0.01268	0.01133	0.01451	0.01391	0.00884	0.05786	0.73191	0.02363	0.02218	0.02037	0.01661	0.00748	0.00563	0.00187	0.00445	0.00621	0.00563	0.00879
38	0.25016	0.06493	0.01289	0.01063	0.01358	0.35157	0.00833	0.01930	0.04030	0.04784	0.01044	0.01173	0.00829	0.00577	0.00465	0.00152	0.02312	0.00377	0.10479	0.00639
39	0.01351	0.01162	0.06801	0.06513	0.10386	0.05586	0.02965	0.05839	0.01346	0.13127	0.06750	0.12057	0.05012	0.00999	0.05308	0.00209	0.00599	0.00680	0.00422	0.12890
40	0.01330	0.51975	0.22406	0.01111	0.01642	0.01812	0.01208	0.01685	0.04352	0.01472	0.01032	0.05852	0.00931	0.00577	0.00431	0.00143	0.00629	0.00418	0.00267	0.00730
41	0.01481	0.80869	0.02902	0.00948	0.01421	0.02191	0.00948	0.01658	0.01125	0.01303	0.00770	0.00888	0.00711	0.00474	0.00355	0.00118	0.00592	0.00296	0.00237	0.00711
42	0.01298	0.01291	0.04886	0.01560	0.04639	0.01277	0.24904	0.06598	0.31300	0.02083	0.05720	0.03437	0.05044	0.02598	0.00655	0.00193	0.00616	0.00679	0.00442	0.00779
43	0.01148	0.00984	0.01148	0.00820	0.01312	0.00738	0.00656	0.01395	0.01148	0.01805	0.00984	0.01148	0.00820	0.00410	0.00410	0.00082	0.00410	0.00328	0.00328	0.83922
44	0.00726	0.00525	0.00690	0.00759	0.00837	0.00489	0.00544	0.00888	0.01245	0.01686	0.25819	0.46770	0.07843	0.01516	0.00693	0.00210	0.00317	0.07424	0.00543	0.00478
45	0.00666	0.00561	0.00577	0.00573	0.00755	0.00472	0.00430	0.00817	0.01289	0.01559	0.11804	0.05226	0.70623	0.01379	0.00654	0.00186	0.00279	0.01154	0.00523	0.00472
46	0.02127	0.00932	0.01220	0.00960	0.01334	0.00849	0.00783	0.09584	0.01683	0.55965	0.16140	0.02254	0.02054	0.00768	0.00575	0.00171	0.00445	0.00635	0.00658	0.00863
47	0.01307	0.01494	0.03268	0.02334	0.02894	0.01401	0.75070	0.01774	0.01307	0.01774	0.01120	0.01494	0.00840	0.00467	0.00654	0.00187	0.00934	0.00654	0.00280	0.00747
48	0.00805	0.00537	0.00604	0.00604	0.00604	0.00537	0.00336	0.00805	0.00805	0.01074	0.01745	0.03624	0.02013	0.80536	0.02819	0.00537	0.00537	0.00805	0.00336	0.00336
49	0.02485	0.00943	0.01285	0.00985	0.01414	0.00814	0.00814	0.02699	0.01585	0.77465	0.02185	0.01885	0.01371	0.00685	0.00557	0.00171	0.00471	0.00557	0.00685	0.00943
50	0.02462	0.00980	0.01308	0.01003	0.01432	0.00869	0.00829	0.07126	0.01647	0.72951	0.02133	0.01851	0.01345	0.00684	0.00557	0.00171	0.00480	0.00553	0.00677	0.00942
51	0.01617	0.01815	0.01795	0.09530	0.32108	0.34942	0.01341	0.01864	0.01379	0.01575	0.01050	0.01429	0.00898	0.00578	0.00532	0.00159	0.00798	0.03300	0.02565	0.00725
52	0.01662	0.44557	0.02199	0.01083	0.01462	0.27456	0.00943	0.04702	0.01335	0.01473	0.00912	0.01046	0.00783	0.00529	0.00414	0.00129	0.00699	0.00344	0.07592	0.00680
53	0.03765	0.01119	0.01314	0.01029	0.01440	0.01098	0.00837	0.20658	0.11580	0.32074	0.03636	0.01771	0.03109	0.00671	0.00535	0.00159	0.00482	0.00536	0.00568	0.13621
54	0.01136	0.00907	0.01003	0.00930	0.01165	0.02256	0.00728	0.06193	0.28760	0.04415	0.09462	0.04648	0.18717	0.01409	0.10087	0.00275	0.00539	0.06178	0.00518	0.00675
55	0.01259	0.34084	0.47745	0.01326	0.02007	0.01648	0.01607	0.01716	0.01152	0.01573	0.00904	0.01057	0.00705	0.00505	0.00458	0.00153	0.00728	0.00364	0.00235	0.00775
56	0.00805	0.00537	0.00604	0.00604	0.00604	0.00537	0.00336	0.00805	0.00805	0.01074	0.01745	0.03624	0.02013	0.80536	0.02819	0.00537	0.00537	0.00805	0.00336	0.00336
57	0.00904	0.00646	0.00799	0.00795	0.00918	0.00634	0.00578	0.09970	0.01445	0.01998	0.30837	0.38791	0.03843	0.01336	0.00656	0.00195	0.00331	0.01187	0.03597	0.00540
58	0.01423	0.01161	0.01373	0.01164	0.01448	0.01321	0.03606	0.22062	0.30032	0.02394	0.08819	0.04116	0.01730	0.01152	0.08768	0.00259	0.07253	0.00638	0.00499	0.00782
59	0.02331	0.01189	0.01438	0.01102	0.01537	0.01180	0.00911	0.32080	0.01998	0.47502	0.01839	0.01660	0.01197	0.00677	0.00556	0.00169	0.00527	0.00533	0.00632	0.00942
60	0.02121	0.01182	0.01392	0.01105	0.01511	0.01214	0.00900	0.24641	0.18696	0.38193	0.01942	0.01758	0.01314	0.00694	0.00558	0.00174	0.00506	0.00555	0.00618	0.00927
61	0.01238	0.01980	0.29648	0.02066	0.02718	0.01360	0.49177	0.01767	0.01258	0.01767	0.01076	0.01379	0.00791	0.00488	0.00608	0.00183	0.00893	0.00567	0.00264	0.00772
62	0.00775	0.00554	0.00758	0.00886	0.00962	0.00536	0.00689	0.00945	0.01159	0.01526	0.02997	0.46076	0.03444	0.01640	0.00734	0.00239	0.00408	0.34682	0.00512	0.00478
63	0.00738	0.00572	0.00634	0.00613	0.00788	0.00493	0.00462	0.00917	0.01364	0.03527	0.27503	0.04880	0.52948	0.01302	0.00652	0.00183	0.00279	0.01103	0.00548	0.00496
64	0.00868	0.00683	0.01069	0.00990	0.01128	0.00746	0.06788	0.02581	0.01006	0.01416	0.04947	0.02573	0.01671	0.10547	0.55137	0.00714	0.01218	0.05075	0.00331	0.00512
65	0.01208	0.04500	0.01330	0.04529	0.06069	0.03906	0.00788	0.01458	0.01169	0.01748	0.00974	0.01160	0.00811	0.00431	0.00426	0.00096	0.00471	0.00345	0.00316	0.68265
66	0.00791	0.00593	0.00890	0.00890	0.00989	0.00692	0.00692	0.00989	0.00890	0.01286	0.01483	0.02176	0.01385	0.04154	0.78341	0.00890	0.01483	0.00593	0.00297	0.00494
67	0.00927	0.00598	0.00786	0.00721	0.00877	0.00547	0.00547	0.01184	0.01569	0.08559	0.70505	0.03947	0.04901	0.01095	0.00645	0.00174	0.00279	0.00964	0.00616	0.00558
68	0.01481	0.80869	0.02902	0.00948	0.01421	0.02191	0.00948	0.01658	0.01125	0.01303	0.00770	0.00888	0.00711	0.00474	0.00355	0.00118	0.00592	0.00296	0.00237	0.00711
69	0.84448	0.01071	0.00814	0.00728	0.01071	0.01242	0.00600	0.01628	0.00943	0.02485	0.00771	0.00900	0.00600	0.00514	0.00343	0.00171	0.00428	0.00300	0.00343	0.00600
70	0.00737	0.00564	0.00676	0.00648	0.00799	0.00503	0.00486	0.00955	0.01457	0.01959	0.51089	0.04568	0.31089	0.01230	0.00654	0.00179	0.00268	0.01062	0.00575	0.00503
71	0.01481	0.80869	0.02902	0.00948	0.01421	0.02191	0.00948	0.01658	0.01125	0.01303	0.00770	0.00888	0.00711	0.00474	0.00355	0.00118	0.00592	0.00296	0.00237	0.00711
72	0.00675	0.00482	0.00643	0.00771	0.00803	0.00450	0.00514	0.00771	0.01060	0.01414	0.03053	0.80175	0.03663	0.01735	0.00707	0.00225	0.00321	0.01574	0.00514	0.00450
73	0.02069	0.02640	0.01569	0.01427	0.01712	0.78313	0.01070	0.02212	0.01569	0.01355	0.00856	0.00999	0.00713	0.00571	0.00499	0.00143	0.00999	0.00357	0.00285	0.00642
74	0.01121	0.00542	0.00563	0.00545	0.00692	0.00534	0.00413	0.01376	0.01187	0.06666	0.01830	0.02054	0.01417	0.00648	0.00398	0.00132	0.00271	0.00519	0.78550	0.00542
75	0.84448	0.01071	0.00814	0.00728	0.01071	0.01242	0.00600	0.01628	0.00943	0.02485	0.00771	0.00900	0.00600	0.00514	0.00343	0.00171	0.00428	0.00300	0.00343	0.00600
76	0.01032	0.00516	0.00516	0.00516	0.00645	0.00516	0.00387	0.01290	0.01161	0.02065	0.01807	0.02065	0.01420	0.00645	0.00387	0.00129	0.00258	0.00516	0.83611	0.00516
77	0.01148	0.00984	0.01148	0.00820	0.01312	0.00738	0.00656	0.01395	0.01148	0.01805	0.00984	0.01148	0.00820	0.00410	0.00410	0.00082	0.00410	0.00328	0.00328	0.83922
78	0.01307	0.01494	0.03268	0.02334	0.02894	0.01401	0.75070	0.01774	0.01307	0.01774	0.01120	0.01494	0.00840	0.00467	0.00654	0.00187	0.00934	0.00654	0.00280	0.00747
79	0.06313	0.01351	0.01663	0.22698	0.08452	0.01525	0.01213	0.44958	0.01993	0.02730	0.01181	0.01349	0.00862	0.00612	0.00542	0.00171	0.00639	0.00485	0.00435	0.00828
80	0.00962	0.00481	0.00722	0.00722	0.00722	0.00481	0.00481	0.00722	0.00722	0.00962	0.00962	0.01684	0.00962	0.01924	0.02165	0.83886	0.00481	0.00481	0.00241	0.00241
81	0.02485	0.00943	0.01285	0.00985	0.01414	0.00814	0.00814	0.02699	0.01585	0.77465	0.02185	0.01885	0.01371	0.00685	0.00557	0.00171	0.00471	0.00557	0.00685	0.00943
82	0.00859	0.00670	0.00902	0.01075	0.07272	0.00641	0.00814	0.01084	0.01270	0.01620	0.03600	0.05564	0.25641	0.01406	0.00713	0.00227	0.00452	0.45172	0.00492	0.00527
83	0.02201	0.01193	0.01564	0.01308	0.06379	0.03919	0.06031	0.16562	0.04669	0.47457	0.01828	0.01693	0.01209	0.00653	0.00561	0.00171	0.00560	0.00544	0.00587	0.00911
84	0.01364	0.20447	0.20326	0.02323	0.39440	0.01502	0.01581	0.01729	0.01216	0.03689	0.00997	0.01223	0.00809	0.00502	0.00498	0.00156	0.00676	0.00429	0.00267	0.00826
85	0.79369	0.01080	0.00868	0.00773	0.01094	0.01270	0.00637	0.01610	0.00937	0.02415	0.00768	0.00919	0.00608	0.00542	0.00433	0.00176	0.05255	0.00311	0.00337	0.00600
86	0.00785	0.00584	0.00864	0.00872	0.00963	0.00671	0.00667	0.00968	0.00897	0.01285	0.01589	0.06993	0.01548	0.07010	0.70634	0.00836	0.01375	0.00662	0.00311	0.00486
87	0.84448	0.01071	0.00814	0.00728	0.01071	0.01242	0.00600	0.01628	0.00943	0.02485	0.00771	0.00900	0.00600	0.00514	0.00343	0.00171	0.00428	0.00300	0.00343	0.00600
88	0.01416	0.00886	0.00926	0.00787	0.01028	0.00945	0.00625	0.27709	0.01677	0.02574	0.01636	0.01802	0.01249	0.00652	0.00447	0.00142	0.00384	0.00510	0.53936	0.00668
89	0.43047	0.01017	0.03979	0.00862	0.01201	0.01024	0.00733	0.01805	0.01117	0.22703	0.01300	0.01419	0.00962	0.01246	0.15088	0.00307	0.00654	0.00430	0.00423	0.00682
90	0.00720	0.00515	0.00695	0.00823	0.00875	0.00489	0.00593	0.00850	0.01105	0.01465	0.03027	0.64683	0.03563	0.01692	0.00719	0.00231	0.00361	0.16616	0.00513	0.00462
91	0.00675	0.00482	0.00643	0.00771	0.00803	0.00450	0.00514	0.00771	0.01060	0.01414	0.03053	0.80175	0.03663	0.01735	0.00707	0.00225	0.00321	0.01574	0.00514	0.00450
92	0.01217	0.01207	0.01903	0.48156	0.25951	0.05895	0.04717	0.01565	0.01191	0.01547	0.01000	0.01416	0.00783	0.00533	0.00553	0.00176	0.00738	0.00491	0.00258	0.00702
93	0.01360	0.01383	0.02333	0.02098	0.16280	0.03273	0.31126	0.03737	0.18102	0.01875	0.01307	0.01546	0.01023	0.00610	0.00763	0.00189	0.11284	0.00584	0.00344	0.00784
94	0.01127	0.00966	0.01123	0.00809	0.01288	0.00727	0.00646	0.01369	0.01153	0.01791	0.01183	0.01328	0.04085	0.00453	0.00421	0.00087	0.00405	0.00364	0.00336	0.80338
95	0.01135	0.07969	0.72775	0.01537	0.02333	0.01345	0.01974	0.01748	0.01166	0.01724	0.00979	0.01151	0.00702	0.00523	0.00515	0.00172	0.00804	0.00402	0.00234	0.00811
96	0.00852	0.00735	0.01177	0.07762	0.01427	0.00720	0.12247	0.01116	0.04135	0.01606	0.10112	0.39053	0.10781	0.01292	0.00672	0.00206	0.00456	0.04646	0.00466	0.00539
97	0.00727	0.00565	0.00661	0.00641	0.00798	0.00500	0.00484	0.00932	0.01420	0.01874	0.42297	0.04735	0.38219	0.01266	0.00656	0.00182	0.00276	0.02706	0.00563	0.00497
98	0.01429	0.01342	0.15886	0.37066	0.07478	0.01133	0.01433	0.01802	0.01254	0.20266	0.03298	0.01579	0.01015	0.00600	0.00574	0.00179	0.02049	0.00506	0.00363	0.00748
99	0.01429	0.63466	0.07980	0.01203	0.01713	0.02009	0.12380	0.01683	0.01156	0.01405	0.00839	0.01000	0.00730	0.00476	0.00413	0.00133	0.00660	0.00359	0.00243	0.00724
100	0.00772	0.00583	0.00728	0.00771	0.00911	0.00539	0.00618	0.00979	0.01329	0.01730	0.22522	0.10931	0.27603	0.01403	0.00697	0.00210	0.00359	0.26285	0.00537	0.00495
101	0.00737	0.00549	0.00690	0.00721	0.00837	0.00503	0.00536	0.00926	0.01332	0.01782	0.33310	0.25381	0.20354	0.01398	0.00680	0.00199	0.00308	0.08717	0.00552	0.00489
102	0.18027	0.01328	0.02389	0.04169	0.16398	0.01323	0.38971	0.03684	0.01257	0.03639	0.01077	0.01369	0.00825	0.00498	0.00558	0.00177	0.00740	0.00539	0.02289	0.00742
103	0.01327	0.01345	0.08782	0.01325	0.01713	0.01298	0.13406	0.05036	0.46014	0.02179	0.01890	0.01951	0.01438	0.00688	0.00565	0.00182	0.00550	0.02204	0.07291	0.00814
104	0.00972	0.00651	0.00816	0.00758	0.00929	0.00619	0.00573	0.01330	0.08550	0.08761	0.51972	0.09786	0.09867	0.01124	0.00641	0.00180	0.00303	0.00984	0.00597	0.00583
105	0.01046	0.00984	0.01661	0.79205	0.03814	0.01230	0.01538	0.01415	0.01107	0.01415	0.00984	0.01477	0.00738	0.00554	0.00554	0.00185	0.00738	0.00492	0.00246	0.00615
106	0.01070	0.01004	0.01691	0.76343	0.03759	0.01243	0.02904	0.02772	0.01139	0.01460	0.00993	0.01474	0.00744	0.00554	0.00556	0.00184	0.00740	0.00495	0.00252	0.00624
107	0.01610	0.01750	0.01333	0.04060	0.01560	0.36718	0.00936	0.02250	0.26594	0.03073	0.09109	0.05499	0.01650	0.00745	0.00549	0.00167	0.00685	0.00579	0.00428	0.00704
108	0.00769	0.00562	0.00734	0.00830	0.00912	0.00544	0.00617	0.00981	0.04378	0.01572	0.08676	0.47912	0.06838	0.02968	0.00746	0.00231	0.00371	0.19350	0.00519	0.00487
109	0.01182	0.01045	0.01164	0.00843	0.01327	0.03577	0.00671	0.01424	0.01164	0.01788	0.00980	0.01143	0.00816	0.00416	0.00413	0.00084	0.00432	0.00329	0.00327	0.80874
110	0.05008	0.01579	0.04568	0.01406	0.01840	0.10081	0.13223	0.31589	0.12673	0.10246	0.01429	0.01460	0.01030	0.00625	0.00557	0.00171	0.00668	0.00522	0.00474	0.00849
111	0.03536	0.38173	0.02149	0.01103	0.01518	0.06772	0.00972	0.22310	0.12809	0.02093	0.01153	0.01203	0.00920	0.00588	0.00486	0.00148	0.02487	0.00410	0.00380	0.00790
112	0.00805	0.00537	0.00604	0.00604	0.00604	0.00537	0.00336	0.00805	0.00805	0.01074	0.01745	0.03624	0.02013	0.80536	0.02819	0.00537	0.00537	0.00805	0.00336	0.00336
113	0.02105	0.01551	0.01662	0.01274	0.01717	0.01717	0.01053	0.75235	0.02604	0.03490	0.01330	0.01330	0.00942	0.00665	0.00554	0.00166	0.00609	0.00499	0.00554	0.00942
114	0.00760	0.00565	0.00708	0.00672	0.00813	0.00513	0.00504	0.00999	0.01512	0.02088	0.63770	0.04355	0.18327	0.01182	0.00653	0.00177	0.00265	0.01032	0.00592	0.00513
115	0.02105	0.01551	0.01662	0.01274	0.01717	0.01717	0.01053	0.75235	0.02604	0.03490	0.01330	0.01330	0.00942	0.00665	0.00554	0.00166	0.00609	0.00499	0.00554	0.00942
116	0.00784	0.00560	0.00707	0.00677	0.00808	0.00515	0.00505	0.01028	0.01498	0.02118	0.63260	0.06898	0.11231	0.01148	0.00639	0.00174	0.00265	0.01008	0.05663	0.00515
117	0.01371	0.01316	0.02248	0.03399	0.77081	0.01316	0.01700	0.01700	0.01261	0.01809	0.01042	0.01371	0.00877	0.00493	0.00548	0.00164	0.00658	0.00493	0.00274	0.00877
118	0.00788	0.00582	0.00753	0.00804	0.00931	0.00547	0.00643	0.01004	0.01338	0.01774	0.26512	0.14428	0.17548	0.01407	0.00703	0.00213	0.00367	0.28616	0.00542	0.00499
119	0.01046	0.00984	0.01661	0.79205	0.03814	0.01230	0.01538	0.01415	0.01107	0.01415	0.00984	0.01477	0.00738	0.00554	0.00554	0.00185	0.00738	0.00492	0.00246	0.00615
120	0.00675	0.00482	0.00643	0.00771	0.00803	0.00450	0.00514	0.00771	0.01060	0.01414	0.03053	0.80175	0.03663	0.01735	0.00707	0.00225	0.00321	0.01574	0.00514	0.00450
121	0.00675	0.00482	0.00643	0.00771	0.00803	0.00450	0.00514	0.00771	0.01060	0.01414	0.03053	0.80175	0.03663	0.01735	0.00707	0.00225	0.00321	0.01574	0.00514	0.00450
122	0.23592	0.01754	0.01615	0.01422	0.06270	0.26145	0.08807	0.20182	0.01616	0.02256	0.00991	0.01130	0.00764	0.00564	0.00491	0.00162	0.00724	0.00417	0.00366	0.00731
123	0.35378	0.01331	0.01406	0.01505	0.17392	0.06709	0.00998	0.18999	0.01440	0.02411	0.00992	0.01169	0.00783	0.00709	0.03568	0.00198	0.03496	0.00410	0.00369	0.00738

[dist]
# distance from previous block
# <min> <max>
0	5

[block]
# block no. 2 follows, 43 sequences, length 31
# corresponding to MSA columns:
# 210-240
name=unknown_C
#
# <colnr> <probs for GDERKNQSTAVLIFYWHMCP>
#	G	D	E	R	K	N	Q	S	T	A	V	L	I	F	Y	W	H	M	C	P
0	0.01914	0.16833	0.01875	0.01238	0.01639	0.12825	0.01038	0.44786	0.04282	0.02622	0.01152	0.01214	0.00876	0.00633	0.00572	0.00158	0.04625	0.00443	0.00439	0.00836
1	0.00857	0.00721	0.01037	0.00961	0.01100	0.00731	0.07515	0.03528	0.01230	0.01646	0.13340	0.34481	0.17470	0.01346	0.00797	0.00208	0.08674	0.03355	0.00479	0.00526
2	0.01331	0.01477	0.09884	0.11769	0.37656	0.03258	0.14245	0.06572	0.01330	0.01834	0.01147	0.04852	0.00960	0.00568	0.00571	0.00174	0.00722	0.00557	0.00297	0.00797
3	0.01511	0.01305	0.05400	0.27557	0.10350	0.01391	0.04877	0.20674	0.04104	0.08128	0.01202	0.01442	0.00891	0.00627	0.00675	0.00182	0.08026	0.00507	0.00375	0.00777
4	0.01399	0.01200	0.01264	0.01131	0.01448	0.01387	0.00882	0.05035	0.73955	0.02351	0.02227	0.02045	0.01669	0.00749	0.00563	0.00187	0.00443	0.00622	0.00563	0.00879
5	0.00676	0.00562	0.00591	0.00584	0.00761	0.00477	0.00438	0.00836	0.01313	0.01616	0.17423	0.05132	0.64969	0.01358	0.00654	0.00185	0.00277	0.01141	0.00530	0.00477
6	0.01388	0.45822	0.25870	0.01282	0.01858	0.06347	0.07279	0.01730	0.01180	0.01483	0.00872	0.01030	0.00719	0.00495	0.00441	0.00143	0.00714	0.00363	0.00242	0.00743
7	0.00769	0.00545	0.00727	0.00839	0.00901	0.00528	0.00627	0.00910	0.01104	0.01457	0.02842	0.43874	0.03281	0.11783	0.00999	0.00276	0.00417	0.27175	0.00490	0.00457
8	0.03364	0.00765	0.00940	0.00784	0.01071	0.00709	0.00627	0.02036	0.04214	0.39086	0.06420	0.02076	0.01615	0.00695	0.00492	0.00156	0.00373	0.00565	0.33269	0.00741
9	0.01108	0.01105	0.02041	0.61047	0.03597	0.01271	0.18907	0.01500	0.01155	0.01500	0.01017	0.01481	0.00762	0.00533	0.00577	0.00185	0.00784	0.00530	0.00254	0.00646
10	0.01300	0.01453	0.03111	0.02384	0.09052	0.01370	0.66679	0.01749	0.01302	0.01773	0.01169	0.01628	0.00915	0.00501	0.00648	0.00187	0.00898	0.02844	0.00287	0.00751
11	0.00674	0.00486	0.00639	0.00761	0.00801	0.00451	0.00510	0.00772	0.01070	0.01418	0.03176	0.76569	0.07190	0.01719	0.00704	0.00223	0.00319	0.01555	0.00514	0.00451
12	0.01111	0.02865	0.77667	0.01579	0.02397	0.01286	0.02046	0.01754	0.01169	0.01754	0.00994	0.01169	0.00702	0.00526	0.00526	0.00175	0.00818	0.00409	0.00234	0.00818
13	0.01653	0.01179	0.01729	0.03079	0.17919	0.01292	0.05408	0.09869	0.04822	0.20962	0.01420	0.01686	0.01097	0.00816	0.02845	0.00209	0.19768	0.03021	0.00422	0.00801
14	0.01429	0.00788	0.00924	0.00839	0.01074	0.00795	0.00645	0.01970	0.19886	0.21679	0.02255	0.16937	0.01903	0.00890	0.00536	0.00173	0.00371	0.00756	0.25446	0.00704
15	0.68680	0.05994	0.01037	0.00833	0.01176	0.11464	0.00682	0.01707	0.01036	0.02266	0.00782	0.00912	0.00621	0.00519	0.00364	0.00164	0.00513	0.00307	0.00329	0.00612
16	0.01066	0.00667	0.00817	0.00716	0.00948	0.00576	0.00554	0.01282	0.01440	0.14653	0.35792	0.03832	0.25574	0.01070	0.00614	0.00169	0.00316	0.00913	0.00567	0.08432
17	0.01457	0.01229	0.01297	0.01143	0.01470	0.01415	0.00896	0.10850	0.68044	0.02445	0.02153	0.01986	0.01609	0.00742	0.00562	0.00185	0.00457	0.00612	0.00562	0.00884
18	0.00805	0.00537	0.00604	0.00604	0.00604	0.00537	0.00336	0.00805	0.00805	0.01074	0.01745	0.03624	0.02013	0.80536	0.02819	0.00537	0.00537	0.00805	0.00336	0.00336
19	0.00671	0.00498	0.00627	0.00730	0.00792	0.00453	0.00496	0.00776	0.01100	0.01430	0.03558	0.65380	0.18132	0.01669	0.00697	0.00217	0.00313	0.01494	0.00514	0.00453
20	0.01461	0.01265	0.01297	0.01149	0.01472	0.03717	0.00898	0.09195	0.67468	0.02390	0.02132	0.01970	0.01596	0.00738	0.00561	0.00185	0.00470	0.00607	0.00554	0.00875
21	0.00713	0.00528	0.00666	0.00707	0.00803	0.00481	0.00502	0.00881	0.01290	0.01738	0.31860	0.38281	0.16618	0.01447	0.00677	0.00199	0.00291	0.01286	0.00551	0.00481
22	0.01212	0.01212	0.01696	0.01454	0.01454	0.01696	0.01212	0.01333	0.00848	0.01333	0.00727	0.01212	0.00727	0.00969	0.01818	0.00242	0.79523	0.00485	0.00242	0.00606
23	0.84448	0.01071	0.00814	0.00728	0.01071	0.01242	0.00600	0.01628	0.00943	0.02485	0.00771	0.00900	0.00600	0.00514	0.00343	0.00171	0.00428	0.00300	0.00343	0.00600
24	0.01046	0.00984	0.01661	0.79205	0.03814	0.01230	0.01538	0.01415	0.01107	0.01415	0.00984	0.01477	0.00738	0.00554	0.00554	0.00185	0.00738	0.00492	0.00246	0.00615
25	0.01347	0.01158	0.01225	0.01111	0.01412	0.01337	0.00861	0.02847	0.72768	0.02277	0.02289	0.05515	0.01778	0.00795	0.00570	0.00189	0.00433	0.00668	0.00561	0.00858
26	0.01481	0.00919	0.01147	0.00897	0.01315	0.00744	0.00736	0.01719	0.01289	0.22823	0.01617	0.02136	0.01337	0.00659	0.00505	0.00133	0.00442	0.11608	0.00455	0.48035
27	0.01847	0.03382	0.01263	0.00994	0.01308	0.04481	0.00796	0.03571	0.08233	0.38166	0.01675	0.01702	0.01198	0.00996	0.03792	0.13052	0.05205	0.00513	0.00502	0.07323
28	0.01225	0.02071	0.34583	0.02016	0.02685	0.01352	0.44334	0.01766	0.01249	0.01766	0.01067	0.01357	0.00782	0.00492	0.00600	0.00182	0.00885	0.00551	0.00261	0.00777
29	0.01301	0.01218	0.02051	0.03054	0.66073	0.01218	0.01583	0.01620	0.01263	0.01787	0.01316	0.02078	0.01212	0.00644	0.00580	0.00178	0.00636	0.11056	0.00308	0.00824
30	0.01477	0.01314	0.01466	0.01256	0.01492	0.04916	0.01012	0.16160	0.33342	0.02170	0.01625	0.01695	0.03131	0.00812	0.00953	0.00199	0.25192	0.00560	0.00448	0.00784

[dist]
# distance from previous block
# <min> <max>
1	3

[block]
# block no. 3 follows, 43 sequences, length 59
# corresponding to MSA columns:
# 244-302
name=unknown_D
#
# <colnr> <probs for GDERKNQSTAVLIFYWHMCP>
#	G	D	E	R	K	N	Q	S	T	A	V	L	I	F	Y	W	H	M	C	P
0	0.01143	0.41207	0.04022	0.00829	0.01136	0.01388	0.00749	0.01328	0.01204	0.01539	0.21778	0.02384	0.05411	0.12801	0.00827	0.00201	0.00487	0.00606	0.00365	0.00596
1	0.01237	0.01063	0.01188	0.00938	0.01362	0.00984	0.00741	0.01990	0.29985	0.02002	0.01473	0.01502	0.01155	0.00541	0.00469	0.00123	0.00421	0.00443	0.00419	0.51963
2	0.00726	0.00521	0.00688	0.00736	0.00815	0.00484	0.00518	0.00899	0.01297	0.01790	0.37403	0.44752	0.04391	0.01454	0.00682	0.00201	0.00293	0.01308	0.00559	0.00484
3	0.01679	0.23190	0.01961	0.01306	0.01564	0.37130	0.01076	0.01825	0.01255	0.01335	0.00798	0.01027	0.00716	0.00653	0.00819	0.00163	0.22216	0.00375	0.00261	0.00651
4	0.00929	0.00777	0.01123	0.11555	0.11850	0.00751	0.03996	0.01169	0.01321	0.04497	0.19310	0.03721	0.34783	0.01039	0.00622	0.00180	0.00425	0.00905	0.00462	0.00585
5	0.04508	0.15657	0.26409	0.01175	0.01738	0.06343	0.01227	0.06206	0.03121	0.08570	0.01093	0.01190	0.00825	0.00522	0.00467	0.00142	0.00632	0.00388	0.00331	0.19457
6	0.04400	0.00946	0.01274	0.00979	0.01406	0.00824	0.00809	0.02674	0.01570	0.75713	0.02152	0.01862	0.01353	0.00681	0.00552	0.00171	0.00470	0.00551	0.00677	0.00935
7	0.00783	0.00566	0.00763	0.00883	0.00973	0.00546	0.00699	0.00963	0.01182	0.01542	0.03162	0.37900	0.08303	0.01609	0.00733	0.00238	0.00414	0.37749	0.00512	0.00481
8	0.01796	0.01266	0.04467	0.09856	0.12014	0.02893	0.10221	0.13025	0.05125	0.27393	0.01571	0.03689	0.01134	0.00645	0.00595	0.00176	0.02259	0.00564	0.00470	0.00841
9	0.01169	0.08427	0.67360	0.01533	0.02297	0.03135	0.03240	0.01786	0.02946	0.01726	0.01007	0.01172	0.00728	0.00528	0.00516	0.00171	0.00799	0.00409	0.00244	0.00807
10	0.00717	0.00564	0.00648	0.00627	0.00787	0.00494	0.00470	0.00917	0.01411	0.01849	0.40229	0.04750	0.42019	0.01271	0.00654	0.00181	0.00271	0.01088	0.00561	0.00494
11	0.01298	0.01177	0.01995	0.24304	0.48632	0.01238	0.03181	0.01634	0.01236	0.04499	0.02837	0.01502	0.00969	0.00535	0.00551	0.00170	0.00661	0.00511	0.02281	0.00787
12	0.01363	0.01455	0.04535	0.02709	0.33357	0.01377	0.39972	0.04905	0.01341	0.01862	0.01094	0.01429	0.00857	0.00488	0.00603	0.00176	0.00804	0.00575	0.00288	0.00811
13	0.02105	0.01551	0.01662	0.01274	0.01717	0.01717	0.01053	0.75235	0.02604	0.03490	0.01330	0.01330	0.00942	0.00665	0.00554	0.00166	0.00609	0.00499	0.00554	0.00942
14	0.00675	0.00507	0.00626	0.00712	0.00790	0.00458	0.00490	0.00790	0.01137	0.01474	0.07210	0.56924	0.22960	0.01619	0.00691	0.00213	0.00308	0.01441	0.00519	0.00458
15	0.10368	0.01315	0.02116	0.08618	0.05894	0.04163	0.27898	0.06257	0.03084	0.13583	0.01215	0.01436	0.00898	0.00596	0.00715	0.00185	0.10005	0.00538	0.00365	0.00751
16	0.00662	0.00557	0.00574	0.00578	0.00755	0.00469	0.00431	0.00806	0.01268	0.01529	0.09118	0.08960	0.69590	0.01405	0.00657	0.00188	0.00282	0.01180	0.00519	0.00469
17	0.01148	0.00984	0.01148	0.00820	0.01312	0.00738	0.00656	0.01395	0.01148	0.01805	0.00984	0.01148	0.00820	0.00410	0.00410	0.00082	0.00410	0.00328	0.00328	0.83922
18	0.00744	0.00537	0.00714	0.00803	0.00883	0.00507	0.00597	0.00910	0.01215	0.01626	0.17125	0.45290	0.07461	0.01558	0.00707	0.00220	0.00351	0.17741	0.00531	0.00478
19	0.00708	0.00563	0.00635	0.00617	0.00781	0.00490	0.00462	0.00897	0.01387	0.01793	0.34781	0.04841	0.47501	0.01292	0.00654	0.00182	0.00273	0.01100	0.00553	0.00490
20	0.01373	0.00691	0.00907	0.00782	0.00996	0.00625	0.00595	0.01579	0.01458	0.27963	0.39745	0.03284	0.03412	0.12986	0.00948	0.00228	0.00375	0.00819	0.00594	0.00639
21	0.02069	0.02640	0.01569	0.01427	0.01712	0.78313	0.01070	0.02212	0.01569	0.01355	0.00856	0.00999	0.00713	0.00571	0.00499	0.00143	0.00999	0.00357	0.00285	0.00642
22	0.84448	0.01071	0.00814	0.00728	0.01071	0.01242	0.00600	0.01628	0.00943	0.02485	0.00771	0.00900	0.00600	0.00514	0.00343	0.00171	0.00428	0.00300	0.00343	0.00600
23	0.01765	0.39022	0.02160	0.01177	0.01546	0.40609	0.00993	0.01927	0.01351	0.01351	0.00843	0.00978	0.00733	0.00528	0.00429	0.00131	0.00788	0.00333	0.02665	0.00670
24	0.00725	0.00564	0.00659	0.00635	0.00792	0.00498	0.00477	0.00932	0.01430	0.01894	0.44642	0.04676	0.37577	0.01254	0.00654	0.00180	0.00270	0.01077	0.00567	0.00498
25	0.01084	0.01582	0.28337	0.10527	0.04053	0.03227	0.01236	0.05050	0.03890	0.01579	0.01374	0.02235	0.01283	0.25860	0.03505	0.00312	0.00704	0.03224	0.00310	0.00627
26	0.01897	0.01475	0.01543	0.01236	0.01638	0.03528	0.01003	0.52765	0.23568	0.03102	0.01582	0.01532	0.01150	0.00687	0.00555	0.00172	0.00570	0.00532	0.00550	0.00916
27	0.00800	0.00541	0.00737	0.00782	0.00842	0.00551	0.00551	0.00899	0.03703	0.01338	0.04998	0.33242	0.06079	0.04128	0.18395	0.19956	0.00623	0.01006	0.00403	0.00427
28	0.01429	0.23589	0.10735	0.13403	0.08498	0.01537	0.16686	0.04427	0.04964	0.07940	0.01133	0.01331	0.00866	0.00530	0.00517	0.00162	0.00699	0.00474	0.00315	0.00765
29	0.01444	0.65314	0.13191	0.01055	0.01566	0.04332	0.01102	0.01727	0.03378	0.01397	0.00848	0.00966	0.00739	0.00492	0.00390	0.00129	0.00631	0.00323	0.00248	0.00729
30	0.02485	0.00943	0.01285	0.00985	0.01414	0.00814	0.00814	0.02699	0.01585	0.77465	0.02185	0.01885	0.01371	0.00685	0.00557	0.00171	0.00471	0.00557	0.00685	0.00943
31	0.01138	0.08780	0.23000	0.03589	0.10315	0.01062	0.06383	0.01518	0.01185	0.01812	0.01493	0.01714	0.04460	0.00597	0.00478	0.00154	0.00557	0.00502	0.30585	0.00678
32	0.01372	0.19786	0.26973	0.04557	0.08092	0.01482	0.20363	0.01796	0.01233	0.07699	0.01074	0.01273	0.00808	0.00510	0.00525	0.00165	0.00754	0.00468	0.00286	0.00783
33	0.00773	0.00548	0.00726	0.00832	0.00897	0.00532	0.00623	0.00914	0.01104	0.01453	0.02860	0.40234	0.04650	0.13571	0.01046	0.00282	0.00422	0.27590	0.00486	0.00455
34	0.01091	0.01005	0.01469	0.01278	0.01359	0.01305	0.04612	0.03950	0.00951	0.01416	0.01053	0.01592	0.00988	0.02131	0.30486	0.00480	0.43440	0.00534	0.00276	0.00583
35	0.03814	0.11663	0.26698	0.03230	0.03147	0.05121	0.03032	0.11655	0.03450	0.15705	0.01330	0.02997	0.00980	0.00604	0.00511	0.00164	0.00651	0.00472	0.03969	0.00805
36	0.01367	0.01487	0.09476	0.03969	0.13139	0.02759	0.41191	0.01812	0.03559	0.08254	0.01508	0.01738	0.05871	0.00569	0.00611	0.00180	0.00783	0.00623	0.00333	0.00769
37	0.01378	0.01190	0.01252	0.01127	0.01440	0.01378	0.00877	0.02943	0.76081	0.02317	0.02254	0.02066	0.01691	0.00751	0.00564	0.00188	0.00438	0.00626	0.00564	0.00877
38	0.26509	0.03183	0.01896	0.03784	0.30729	0.06531	0.12288	0.01698	0.01165	0.01933	0.00936	0.01205	0.00762	0.00526	0.00559	0.00172	0.04650	0.00445	0.00293	0.00735
39	0.01808	0.00744	0.00927	0.00767	0.01056	0.00675	0.00615	0.02043	0.01388	0.42339	0.02009	0.01969	0.01394	0.00667	0.00478	0.00152	0.00372	0.00538	0.39317	0.00744
40	0.01867	0.50111	0.02280	0.00962	0.01419	0.01661	0.00896	0.02059	0.01302	0.30613	0.01314	0.01272	0.00965	0.00555	0.00433	0.00139	0.00546	0.00397	0.00410	0.00800
41	0.84448	0.01071	0.00814	0.00728	0.01071	0.01242	0.00600	0.01628	0.00943	0.02485	0.00771	0.00900	0.00600	0.00514	0.00343	0.00171	0.00428	0.00300	0.00343	0.00600
42	0.00788	0.00576	0.00746	0.00732	0.00868	0.00535	0.00569	0.01036	0.01494	0.02065	0.58669	0.04573	0.11913	0.01219	0.00670	0.00188	0.00301	0.11959	0.00585	0.00515
43	0.00892	0.00637	0.00892	0.01020	0.01147	0.00637	0.00892	0.01147	0.01275	0.01657	0.02932	0.06247	0.03187	0.01530	0.00765	0.00255	0.00510	0.73354	0.00510	0.00510
44	0.02289	0.01084	0.01353	0.01052	0.01469	0.01043	0.00864	0.18473	0.06965	0.54523	0.03622	0.01826	0.01383	0.00695	0.00559	0.00171	0.00495	0.00559	0.00647	0.00929
45	0.02485	0.00943	0.01285	0.00985	0.01414	0.00814	0.00814	0.02699	0.01585	0.77465	0.02185	0.01885	0.01371	0.00685	0.00557	0.00171	0.00471	0.00557	0.00685	0.00943
46	0.01046	0.00984	0.01661	0.79205	0.03814	0.01230	0.01538	0.01415	0.01107	0.01415	0.00984	0.01477	0.00738	0.00554	0.00554	0.00185	0.00738	0.00492	0.00246	0.00615
47	0.77415	0.01060	0.00854	0.00750	0.01100	0.01206	0.00618	0.01720	0.00998	0.08919	0.00892	0.00984	0.00666	0.00529	0.00361	0.00171	0.00432	0.00322	0.00372	0.00629
48	0.00692	0.00524	0.00641	0.00715	0.00810	0.00473	0.00510	0.00826	0.01180	0.01524	0.10169	0.45695	0.26546	0.01567	0.00690	0.00211	0.00315	0.05926	0.00522	0.00465
49	0.00675	0.00482	0.00643	0.00771	0.00803	0.00450	0.00514	0.00771	0.01060	0.01414	0.03053	0.80175	0.03663	0.01735	0.00707	0.00225	0.00321	0.01574	0.00514	0.00450
50	0.02232	0.04463	0.01523	0.01128	0.01557	0.03362	0.00934	0.34762	0.04259	0.37371	0.01716	0.01581	0.01147	0.00667	0.00546	0.00167	0.00550	0.00517	0.00595	0.00923
51	0.02069	0.02640	0.01569	0.01427	0.01712	0.78313	0.01070	0.02212	0.01569	0.01355	0.00856	0.00999	0.00713	0.00571	0.00499	0.00143	0.00999	0.00357	0.00285	0.00642
52	0.01148	0.00984	0.01148	0.00820	0.01312	0.00738	0.00656	0.01395	0.01148	0.01805	0.00984	0.01148	0.00820	0.00410	0.00410	0.00082	0.00410	0.00328	0.00328	0.83922
53	0.02425	0.00956	0.01283	0.00993	0.01415	0.00845	0.00817	0.02712	0.05627	0.73388	0.02189	0.01895	0.01388	0.00689	0.00557	0.00172	0.00469	0.00561	0.00679	0.00939
54	0.00698	0.00499	0.00670	0.00798	0.00841	0.00470	0.00555	0.00812	0.01084	0.01440	0.03040	0.72181	0.03612	0.01713	0.00713	0.00228	0.00342	0.09336	0.00514	0.00456
55	0.00805	0.00539	0.00616	0.00616	0.00621	0.00544	0.00351	0.00813	0.00809	0.01083	0.01734	0.03562	0.01986	0.77249	0.06069	0.00552	0.00578	0.00796	0.00334	0.00342
56	0.02184	0.07509	0.01569	0.01215	0.01582	0.36846	0.00965	0.09398	0.01643	0.29670	0.01386	0.01350	0.00978	0.00615	0.00516	0.00154	0.00737	0.00440	0.00456	0.00787
57	0.37071	0.01491	0.01303	0.01113	0.03210	0.12001	0.00878	0.32229	0.01725	0.02731	0.01021	0.01103	0.00764	0.00584	0.00457	0.00165	0.00587	0.00395	0.00421	0.00754
58	0.01507	0.16927	0.01679	0.01127	0.01378	0.11475	0.02718	0.07866	0.01256	0.09579	0.01237	0.01615	0.02245	0.09542	0.05357	0.00250	0.18352	0.00493	0.02849	0.02548

[dist]
# distance from previous block
# <min> <max>
2	7

[block]
# block no. 4 follows, 43 sequences, length 50
# corresponding to MSA columns:
# 310-359
name=unknown_E
#
# <colnr> <probs for GDERKNQSTAVLIFYWHMCP>
#	G	D	E	R	K	N	Q	S	T	A	V	L	I	F	Y	W	H	M	C	P
0	0.01429	0.01178	0.01254	0.01120	0.01439	0.01351	0.00874	0.02932	0.72600	0.05828	0.02251	0.02058	0.01676	0.00748	0.00563	0.00187	0.00440	0.00623	0.00569	0.00880
1	0.01148	0.00984	0.01148	0.00820	0.01312	0.00738	0.00656	0.01395	0.01148	0.01805	0.00984	0.01148	0.00820	0.00410	0.00410	0.00082	0.00410	0.00328	0.00328	0.83922
2	0.00829	0.00649	0.00894	0.04913	0.07830	0.00625	0.00687	0.02443	0.01289	0.01753	0.25048	0.34412	0.10658	0.01301	0.00657	0.00195	0.00362	0.02814	0.00505	0.02137
3	0.06659	0.05654	0.32245	0.01296	0.01875	0.01391	0.01376	0.26599	0.01700	0.11736	0.03429	0.01368	0.00991	0.00607	0.00524	0.00169	0.00655	0.00463	0.00415	0.00849
4	0.01032	0.00516	0.00516	0.00516	0.00645	0.00516	0.00387	0.01290	0.01161	0.02065	0.01807	0.02065	0.01420	0.00645	0.00387	0.00129	0.00258	0.00516	0.83611	0.00516
5	0.00776	0.00564	0.00731	0.00693	0.00824	0.00519	0.00519	0.01029	0.01544	0.02175	0.72405	0.05973	0.07853	0.01156	0.00655	0.00176	0.00263	0.01021	0.00604	0.00519
6	0.04106	0.01489	0.05416	0.02468	0.17581	0.01375	0.55578	0.01754	0.01281	0.01804	0.01089	0.01439	0.00835	0.00476	0.00618	0.00181	0.00858	0.00602	0.00280	0.00770
7	0.01275	0.18903	0.04319	0.26231	0.05493	0.02970	0.29847	0.01641	0.01204	0.01550	0.00990	0.01334	0.00775	0.00500	0.00547	0.00169	0.00785	0.00507	0.00259	0.00702
