[name]
unknown

[dist]
# distance from previous block
# <min> <max>
0	5

[block]
# block no. 0 follows, 40 sequences, length 22
# corresponding to MSA columns:
# 407-428
name=unknown_A
#
# <colnr> <probs for GDERKNQSTAVLIFYWHMCP>
#	G	D	E	R	K	N	Q	S	T	A	V	L	I	F	Y	W	H	M	C	P
0	0.18520	0.04530	0.01247	0.01252	0.11775	0.02867	0.00842	0.05859	0.01250	0.02018	0.02927	0.11606	0.03896	0.02903	0.05641	0.00230	0.02530	0.02117	0.07508	0.10481
1	0.01341	0.05587	0.10279	0.01381	0.01888	0.01168	0.17580	0.06410	0.03133	0.04644	0.03739	0.01862	0.03079	0.00630	0.00589	0.00156	0.02406	0.04670	0.00375	0.29082
2	0.01380	0.01389	0.10396	0.18089	0.14384	0.02775	0.01303	0.08668	0.08234	0.05448	0.08831	0.01779	0.01428	0.00644	0.00565	0.00169	0.00620	0.00549	0.00397	0.12953
3	0.01346	0.01156	0.01427	0.01241	0.01556	0.06819	0.09552	0.02027	0.23670	0.06603	0.02265	0.10053	0.03662	0.00977	0.00640	0.00198	0.00566	0.15689	0.00496	0.10058
4	0.02976	0.04665	0.25826	0.07081	0.06744	0.03778	0.17159	0.04273	0.13295	0.01964	0.03053	0.04106	0.01168	0.00638	0.00590	0.00187	0.00757	0.00583	0.00349	0.00812
5	0.01499	0.01189	0.01691	0.06541	0.17563	0.01110	0.06055	0.05268	0.08860	0.10877	0.01359	0.01501	0.01038	0.00546	0.00530	0.00146	0.00566	0.00485	0.00404	0.32771
6	0.01426	0.00985	0.01266	0.01203	0.10165	0.00869	0.00830	0.04310	0.05286	0.15619	0.14339	0.02365	0.08721	0.00746	0.00556	0.00149	0.00444	0.00632	0.00495	0.29593
7	0.00726	0.00560	0.00639	0.00679	0.00794	0.00499	0.00473	0.00852	0.01230	0.01560	0.10971	0.28959	0.37324	0.10866	0.00976	0.00252	0.00339	0.01303	0.00527	0.00474
8	0.01913	0.03557	0.01705	0.01607	0.10515	0.30811	0.01144	0.19263	0.04200	0.06060	0.04833	0.01536	0.02752	0.00704	0.00666	0.00172	0.06850	0.00508	0.00414	0.00792
9	0.00744	0.00542	0.00689	0.00753	0.00831	0.00500	0.00519	0.00890	0.01261	0.01694	0.22308	0.46381	0.12733	0.06295	0.00854	0.00237	0.00329	0.01397	0.00555	0.00487
10	0.06939	0.01153	0.01830	0.33028	0.20794	0.03300	0.07556	0.02985	0.01194	0.01669	0.01045	0.01498	0.00848	0.00770	0.00821	0.12386	0.00715	0.00512	0.00282	0.00674
11	0.03461	0.26204	0.13809	0.01764	0.13044	0.10740	0.11553	0.03446	0.02839	0.01699	0.01021	0.01250	0.00840	0.00683	0.03302	0.00190	0.02638	0.00448	0.00286	0.00782
12	0.01283	0.00805	0.03666	0.10011	0.01308	0.00749	0.00692	0.01410	0.01084	0.18091	0.01804	0.02985	0.01732	0.47176	0.04457	0.00432	0.00616	0.00726	0.00418	0.00554
13	0.00756	0.00553	0.00771	0.00874	0.00932	0.00523	0.02336	0.00883	0.01137	0.01511	0.03093	0.66008	0.03654	0.04508	0.00826	0.00251	0.00384	0.09988	0.00527	0.00483
14	0.02010	0.05177	0.12438	0.01514	0.10567	0.07195	0.03559	0.06708	0.01564	0.36324	0.01749	0.05840	0.01275	0.00703	0.00576	0.00178	0.00637	0.00583	0.00513	0.00891
15	0.03987	0.31620	0.32777	0.01355	0.01924	0.06685	0.01496	0.01778	0.01190	0.01608	0.00905	0.01102	0.00741	0.00590	0.00639	0.00168	0.10023	0.00387	0.00255	0.00771
16	0.00857	0.00589	0.00811	0.00811	0.00867	0.00645	0.00572	0.00939	0.00883	0.01234	0.01587	0.02745	0.01628	0.29859	0.42986	0.10457	0.01093	0.00685	0.00319	0.00431
17	0.01327	0.01400	0.04498	0.07591	0.20255	0.01332	0.37467	0.05287	0.01380	0.01890	0.01396	0.10769	0.01239	0.00674	0.00651	0.00194	0.00800	0.00735	0.00333	0.00783
18	0.01559	0.10869	0.05352	0.07184	0.20071	0.08523	0.10874	0.03639	0.11288	0.07763	0.01462	0.01625	0.03392	0.00629	0.00611	0.00177	0.03246	0.00545	0.00370	0.00822
19	0.01458	0.01591	0.18980	0.02088	0.27705	0.01211	0.02883	0.05365	0.06836	0.10865	0.05400	0.03838	0.01487	0.02648	0.00657	0.00196	0.00650	0.04886	0.00407	0.00849
20	0.00729	0.00528	0.00667	0.00769	0.00820	0.00491	0.00516	0.00828	0.01111	0.01457	0.03351	0.59073	0.12181	0.11438	0.01013	0.00273	0.00366	0.03411	0.00516	0.00461
21	0.01454	0.01395	0.06768	0.04051	0.11956	0.06714	0.03418	0.15913	0.03036	0.03512	0.01401	0.07485	0.01247	0.05528	0.06724	0.00250	0.04044	0.00597	0.00390	0.14118

[dist]
# distance from previous block
# <min> <max>
8	25

[block]
# block no. 1 follows, 40 sequences, length 15
# corresponding to MSA columns:
# 455-469
name=unknown_B
#
# <colnr> <probs for GDERKNQSTAVLIFYWHMCP>
#	G	D	E	R	K	N	Q	S	T	A	V	L	I	F	Y	W	H	M	C	P
0	0.01758	0.10870	0.09674	0.01441	0.04075	0.24697	0.06718	0.10695	0.04527	0.05773	0.01166	0.01299	0.00905	0.00592	0.00552	0.00156	0.02384	0.00447	0.03107	0.09163
1	0.07848	0.01370	0.09559	0.01533	0.13801	0.02905	0.03707	0.01823	0.03986	0.11335	0.01243	0.01417	0.00963	0.00717	0.03687	0.00184	0.05387	0.00456	0.00373	0.27706
2	0.01072	0.01331	0.15021	0.18226	0.05013	0.01045	0.12905	0.01471	0.01356	0.01884	0.21315	0.03850	0.05199	0.00798	0.00626	0.00186	0.00634	0.02598	0.00393	0.05078
3	0.01050	0.00741	0.00834	0.00778	0.00880	0.00752	0.00513	0.12482	0.01210	0.01621	0.02052	0.14437	0.04221	0.50799	0.02109	0.00428	0.00531	0.00907	0.00421	0.03233
4	0.01484	0.18260	0.05665	0.04285	0.10921	0.07780	0.01058	0.09861	0.01542	0.06456	0.15173	0.02080	0.06059	0.00731	0.00545	0.00160	0.00583	0.00589	0.00420	0.06350
5	0.04830	0.34607	0.08384	0.04562	0.12003	0.05571	0.01222	0.07208	0.06634	0.01807	0.01163	0.01507	0.01005	0.00626	0.00526	0.00163	0.02633	0.04440	0.00327	0.00783
6	0.00762	0.00561	0.00714	0.00741	0.00848	0.00513	0.00531	0.00955	0.01405	0.01915	0.39333	0.32189	0.14461	0.01462	0.00707	0.00204	0.00300	0.01298	0.00589	0.00513
7	0.11746	0.01135	0.10404	0.01165	0.04379	0.00940	0.03698	0.04979	0.05046	0.09802	0.10371	0.22728	0.02470	0.01088	0.00629	0.00205	0.00503	0.07533	0.00495	0.00685
8	0.03902	0.10729	0.22649	0.01585	0.04400	0.01338	0.17143	0.02171	0.03757	0.24453	0.01463	0.01526	0.01019	0.00590	0.00568	0.00179	0.00719	0.00526	0.00416	0.00867
9	0.04124	0.01605	0.04539	0.01509	0.04705	0.04511	0.10327	0.47875	0.02239	0.05799	0.01479	0.01547	0.02954	0.00672	0.00583	0.00176	0.00677	0.00551	0.03223	0.00906
10	0.00971	0.00560	0.00598	0.00588	0.00733	0.00536	0.00441	0.01224	0.01324	0.02112	0.17739	0.03132	0.13446	0.00902	0.00506	0.00154	0.00275	0.00750	0.53472	0.00536
11	0.01920	0.29499	0.02149	0.01176	0.01636	0.01918	0.01031	0.44578	0.02104	0.02771	0.01212	0.01270	0.00928	0.00626	0.00499	0.00155	0.00615	0.00449	0.04587	0.00880
12	0.00728	0.00527	0.00689	0.00784	0.00845	0.00487	0.00536	0.00864	0.01222	0.01644	0.16595	0.61677	0.07870	0.01688	0.00729	0.00224	0.00324	0.01521	0.00558	0.00487
13	0.19572	0.30437	0.22091	0.01244	0.01800	0.06324	0.05780	0.01832	0.01204	0.03685	0.00937	0.01087	0.00744	0.00533	0.00452	0.00160	0.00693	0.00378	0.00290	0.00755
14	0.01101	0.01093	0.01946	0.03877	0.07828	0.03474	0.27787	0.01383	0.01233	0.01652	0.01994	0.32455	0.02114	0.01211	0.03600	0.00240	0.03700	0.02276	0.00394	0.00644

[dist]
# distance from previous block
# <min> <max>
0	1

[block]
# block no. 2 follows, 40 sequences, length 16
# corresponding to MSA columns:
# 471-486
name=unknown_C
#
# <colnr> <probs for GDERKNQSTAVLIFYWHMCP>
#	G	D	E	R	K	N	Q	S	T	A	V	L	I	F	Y	W	H	M	C	P
0	0.00701	0.00535	0.00645	0.00734	0.00824	0.00479	0.00506	0.00818	0.01186	0.01514	0.04127	0.53927	0.28508	0.01702	0.00723	0.00223	0.00323	0.01507	0.00540	0.00479
1	0.01879	0.10273	0.16696	0.01470	0.05052	0.01566	0.04869	0.28897	0.01855	0.15545	0.01363	0.01419	0.00972	0.00650	0.00629	0.00177	0.04823	0.00500	0.00459	0.00905
2	0.01972	0.01511	0.01870	0.01451	0.01860	0.04485	0.10543	0.42420	0.04740	0.10595	0.01481	0.04236	0.01121	0.00743	0.00725	0.00188	0.08058	0.00589	0.00516	0.00896
3	0.01353	0.11110	0.13483	0.01099	0.03352	0.01127	0.01010	0.04268	0.04287	0.06082	0.01333	0.01439	0.03766	0.00541	0.00477	0.00126	0.00536	0.00424	0.00363	0.43826
4	0.01587	0.34075	0.08157	0.01901	0.23330	0.11677	0.01348	0.04893	0.01340	0.01666	0.00944	0.01154	0.00808	0.00554	0.00547	0.00155	0.04376	0.00407	0.00281	0.00802
5	0.01527	0.74456	0.08262	0.01042	0.01565	0.02234	0.01077	0.01748	0.01185	0.01402	0.00825	0.00954	0.00746	0.00501	0.00386	0.00129	0.00639	0.00319	0.00249	0.00754
6	0.01460	0.01318	0.01141	0.01017	0.01288	0.19632	0.00785	0.08608	0.04719	0.07550	0.11682	0.04657	0.16978	0.03978	0.00697	0.00191	0.00569	0.05326	0.02101	0.06302
7	0.01435	0.01283	0.01453	0.14516	0.01931	0.10977	0.04836	0.13509	0.01544	0.03869	0.04702	0.09057	0.04294	0.00747	0.00561	0.00160	0.00610	0.00628	0.03256	0.20633
8	0.00750	0.00592	0.00676	0.00655	0.00824	0.00518	0.00491	0.00956	0.01474	0.01923	0.38140	0.05017	0.43231	0.01341	0.00687	0.00190	0.00285	0.01146	0.00586	0.00518
9	0.01539	0.05757	0.07936	0.10287	0.03322	0.09624	0.01090	0.08651	0.06932	0.12454	0.08756	0.02235	0.10301	0.00811	0.00676	0.00182	0.06132	0.00633	0.00452	0.02229
10	0.01373	0.08699	0.01605	0.01429	0.12310	0.07797	0.03189	0.01875	0.14803	0.04546	0.10658	0.02132	0.07323	0.00736	0.00605	0.00162	0.03586	0.00605	0.00427	0.16139
11	0.00844	0.00571	0.00670	0.00670	0.00683	0.00583	0.00397	0.00869	0.00856	0.01154	0.01799	0.03623	0.02035	0.70525	0.11889	0.00608	0.00683	0.00819	0.00347	0.00372
12	0.01255	0.05428	0.22421	0.01711	0.02179	0.01397	0.24362	0.01666	0.01255	0.03541	0.09164	0.04005	0.01411	0.00736	0.00885	0.00201	0.16688	0.00629	0.00325	0.00743
13	0.01172	0.00997	0.01165	0.00868	0.01338	0.00773	0.00685	0.01466	0.03763	0.01879	0.01262	0.07783	0.01144	0.00560	0.00462	0.00103	0.00424	0.00465	0.00370	0.73322
14	0.51121	0.01193	0.01153	0.00981	0.01310	0.01386	0.00808	0.09807	0.04710	0.10099	0.01093	0.01203	0.00825	0.00654	0.00633	0.00190	0.11288	0.00408	0.00417	0.00721
15	0.01598	0.03965	0.01493	0.14758	0.10053	0.03822	0.01047	0.07891	0.06916	0.18959	0.06715	0.02130	0.03658	0.07039	0.04023	0.00238	0.00627	0.00611	0.00467	0.03992

[dist]
# distance from previous block
# <min> <max>
7	12

[block]
# block no. 3 follows, 40 sequences, length 17
# corresponding to MSA columns:
# 499-515
name=unknown_D
#
# <colnr> <probs for GDERKNQSTAVLIFYWHMCP>
#	G	D	E	R	K	N	Q	S	T	A	V	L	I	F	Y	W	H	M	C	P
0	0.01059	0.00829	0.00966	0.00822	0.01144	0.00704	0.00647	0.01379	0.06409	0.04933	0.10972	0.06872	0.21013	0.00982	0.00588	0.00159	0.00387	0.06734	0.00485	0.32917
1	0.01336	0.04298	0.01847	0.02731	0.06316	0.05211	0.17593	0.03503	0.03084	0.03896	0.01583	0.03733	0.06239	0.00630	0.00552	0.00148	0.00619	0.02768	0.00368	0.33545
2	0.01196	0.03512	0.20365	0.03268	0.06195	0.03196	0.01195	0.01756	0.11935	0.03840	0.11552	0.02679	0.07812	0.00836	0.00594	0.00180	0.00572	0.07795	0.00429	0.11095
3	0.08169	0.32303	0.04211	0.01934	0.26229	0.14893	0.01278	0.01856	0.01296	0.01665	0.00925	0.01129	0.00795	0.00527	0.00470	0.00151	0.00711	0.00394	0.00279	0.00785
4	0.01837	0.08855	0.09730	0.06048	0.05231	0.01277	0.18067	0.04952	0.01472	0.30195	0.01604	0.03971	0.01154	0.00650	0.00616	0.00182	0.02249	0.00588	0.00462	0.00860
5	0.01370	0.05647	0.01418	0.04565	0.04547	0.03124	0.00962	0.01799	0.12892	0.11487	0.04930	0.08096	0.07538	0.01063	0.02970	0.00221	0.16276	0.05448	0.00455	0.05195
6	0.01203	0.03604	0.01511	0.13703	0.16157	0.08540	0.03226	0.01601	0.07241	0.01953	0.28649	0.05762	0.02742	0.00857	0.00617	0.00181	0.00560	0.00757	0.00447	0.00688
7	0.00949	0.00738	0.00881	0.00783	0.01006	0.00621	0.00550	0.01087	0.01079	0.01556	0.01945	0.26854	0.02156	0.22313	0.01216	0.00264	0.00437	0.00899	0.00409	0.34259
8	0.01591	0.01474	0.01947	0.10485	0.37687	0.10856	0.01451	0.11348	0.01513	0.05049	0.01270	0.06356	0.01093	0.00675	0.00649	0.00181	0.04612	0.00575	0.00357	0.00830
9	0.01379	0.01039	0.01097	0.00990	0.01260	0.01163	0.00767	0.10026	0.41299	0.02431	0.02174	0.06582	0.01729	0.00807	0.00545	0.00179	0.00417	0.00667	0.24657	0.00791
10	0.00888	0.00613	0.00819	0.00795	0.00902	0.00631	0.00581	0.01066	0.01166	0.04256	0.23254	0.03376	0.06493	0.20074	0.31881	0.00570	0.00863	0.00826	0.00442	0.00505
11	0.01533	0.01453	0.05067	0.03678	0.07552	0.03503	0.26399	0.09418	0.21057	0.06548	0.01637	0.03713	0.01253	0.00655	0.00615	0.00189	0.00707	0.00641	0.03540	0.00842
12	0.01909	0.01414	0.11216	0.13656	0.02036	0.08941	0.03088	0.02210	0.01474	0.37181	0.03631	0.07669	0.01438	0.00753	0.00591	0.00184	0.00641	0.00628	0.00513	0.00828
13	0.01195	0.00674	0.00889	0.04699	0.01149	0.00618	0.00654	0.01371	0.01354	0.19541	0.12898	0.34673	0.15273	0.01354	0.00680	0.00207	0.00382	0.01190	0.00582	0.00618
14	0.01428	0.01119	0.01216	0.01100	0.03204	0.07822	0.03003	0.12310	0.12672	0.09560	0.12412	0.09970	0.11035	0.07639	0.02659	0.00237	0.00543	0.00832	0.00529	0.00710
15	0.01584	0.04092	0.11446	0.07831	0.19591	0.10469	0.13955	0.07922	0.01485	0.07872	0.02933	0.01641	0.01077	0.00624	0.00625	0.00182	0.02754	0.02745	0.00356	0.00818
16	0.06951	0.01229	0.03932	0.13623	0.05615	0.04222	0.04196	0.03630	0.03328	0.01706	0.01444	0.01914	0.06016	0.01043	0.05225	0.00252	0.28090	0.03204	0.03721	0.00661

[dist]
# distance from previous block
# <min> <max>
2	5

[block]
# block no. 4 follows, 40 sequences, length 21
# corresponding to MSA columns:
# 521-541
name=unknown_E
#
# <colnr> <probs for GDERKNQSTAVLIFYWHMCP>
#	G	D	E	R	K	N	Q	S	T	A	V	L	I	F	Y	W	H	M	C	P
0	0.01609	0.12039	0.02075	0.01789	0.16411	0.01548	0.08993	0.20510	0.05502	0.05470	0.01578	0.04422	0.04291	0.00751	0.00702	0.00185	0.07661	0.03215	0.00419	0.00830
1	0.01284	0.01241	0.01893	0.34547	0.15701	0.07648	0.11238	0.01608	0.01245	0.01653	0.01129	0.01547	0.00893	0.00642	0.00662	0.04736	0.00740	0.00524	0.07717	0.03351
2	0.08434	0.01167	0.01827	0.37838	0.25715	0.01324	0.01499	0.01590	0.01181	0.01732	0.01013	0.01421	0.00812	0.00581	0.00648	0.00184	0.06365	0.00488	0.00282	0.05902
3	0.01893	0.02131	0.01423	0.01275	0.01566	0.50100	0.00969	0.10603	0.03761	0.01820	0.01568	0.01665	0.07653	0.00704	0.00534	0.00157	0.00823	0.00497	0.10173	0.00686
4	0.01466	0.08053	0.01340	0.01012	0.04527	0.00936	0.00773	0.05409	0.01446	0.17376	0.12362	0.08004	0.06562	0.00793	0.00548	0.00149	0.00446	0.00663	0.00493	0.27642
5	0.01046	0.17785	0.13208	0.00878	0.01125	0.01057	0.00782	0.01205	0.01012	0.01344	0.04702	0.02810	0.01752	0.46833	0.01930	0.00394	0.00610	0.00675	0.00326	0.00525
6	0.13923	0.01203	0.02624	0.08442	0.13775	0.04792	0.05599	0.05633	0.09072	0.09693	0.14732	0.02036	0.01835	0.00714	0.00565	0.00180	0.00564	0.00608	0.03251	0.00761
7	0.01190	0.01128	0.01910	0.58032	0.23419	0.01316	0.01661	0.01566	0.01206	0.01598	0.01050	0.01520	0.00815	0.00564	0.00580	0.00188	0.00752	0.00517	0.00266	0.00720
8	0.05945	0.01116	0.01198	0.01067	0.01353	0.01226	0.00826	0.22528	0.26308	0.02493	0.02480	0.21268	0.07615	0.01058	0.00621	0.00199	0.00468	0.00891	0.00559	0.00780
9	0.01215	0.01197	0.02126	0.39736	0.09811	0.01257	0.19300	0.01602	0.01236	0.01685	0.01074	0.01487	0.00829	0.00528	0.00581	0.00174	0.00760	0.00530	0.00284	0.14587
10	0.00963	0.01330	0.21649	0.01167	0.01462	0.00983	0.01142	0.01279	0.01005	0.01475	0.01362	0.01996	0.01235	0.07546	0.45037	0.00646	0.08245	0.00573	0.00291	0.00613
11	0.01726	0.01606	0.01430	0.01310	0.05606	0.20076	0.00971	0.24624	0.14217	0.02392	0.02140	0.02134	0.12531	0.00796	0.00574	0.00173	0.00637	0.00618	0.05647	0.00792
12	0.01087	0.00956	0.01478	0.11513	0.19054	0.01105	0.01144	0.01372	0.03408	0.01524	0.01320	0.01950	0.01202	0.07135	0.32354	0.00524	0.11339	0.00585	0.00303	0.00648
13	0.01349	0.01160	0.01697	0.12054	0.15013	0.01402	0.01269	0.01662	0.05741	0.07940	0.01384	0.01717	0.04538	0.01023	0.05350	0.00253	0.32942	0.00564	0.00340	0.02602
14	0.01083	0.00971	0.01369	0.13868	0.20645	0.05094	0.01117	0.01319	0.01236	0.01616	0.02182	0.24632	0.04298	0.04896	0.00777	0.00228	0.00580	0.13050	0.00408	0.00631
15	0.01089	0.00999	0.01071	0.07936	0.01396	0.12715	0.00833	0.01310	0.01236	0.02922	0.11326	0.02891	0.09612	0.02491	0.34499	0.00518	0.01031	0.05169	0.00392	0.00565
16	0.03578	0.01024	0.01285	0.09105	0.06290	0.01041	0.00949	0.04234	0.19860	0.07003	0.01965	0.10983	0.01771	0.00877	0.00591	0.00182	0.00504	0.09620	0.00474	0.18663
17	0.01236	0.06051	0.16743	0.03916	0.01589	0.07856	0.01040	0.01611	0.05311	0.04143	0.06617	0.13241	0.01730	0.04941	0.00676	0.00183	0.00580	0.00670	0.03015	0.18850
18	0.01324	0.01074	0.01366	0.11606	0.06850	0.00961	0.00916	0.08002	0.01376	0.05533	0.01507	0.01663	0.06691	0.00576	0.00502	0.00128	0.00507	0.00476	0.00383	0.48560
19	0.01514	0.08291	0.04430	0.06793	0.13573	0.01239	0.03095	0.12614	0.05927	0.10537	0.05667	0.09844	0.01617	0.00777	0.00574	0.00174	0.00565	0.02119	0.02084	0.08567
20	0.05881	0.11040	0.05680	0.04153	0.09479	0.08169	0.11634	0.05068	0.05177	0.10365	0.05229	0.01547	0.01190	0.00592	0.00537	0.00160	0.00660	0.00508	0.00390	0.12540

[dist]
# distance from previous block
# <min> <max>
6	14

[block]
# block no. 5 follows, 40 sequences, length 18
# corresponding to MSA columns:
# 556-573
name=unknown_F
#
# <colnr> <probs for GDERKNQSTAVLIFYWHMCP>
#	G	D	E	R	K	N	Q	S	T	A	V	L	I	F	Y	W	H	M	C	P
0	0.01249	0.19277	0.61001	0.01517	0.02300	0.01552	0.01905	0.01820	0.01218	0.01741	0.00994	0.01165	0.00739	0.00541	0.00515	0.00172	0.00809	0.00405	0.00246	0.00835
1	0.00841	0.00635	0.00798	0.00887	0.01006	0.00621	0.00684	0.01132	0.07371	0.01662	0.03562	0.36366	0.16019	0.01605	0.00740	0.00236	0.00405	0.24354	0.00543	0.00533
2	0.00985	0.01331	0.21794	0.01226	0.06260	0.00835	0.03205	0.01323	0.01342	0.04159	0.20134	0.19249	0.13597	0.01111	0.00651	0.00196	0.00506	0.00974	0.00465	0.00654
3	0.00715	0.00538	0.00663	0.00743	0.00831	0.00485	0.00515	0.00847	0.01227	0.01598	0.11660	0.51568	0.23178	0.01661	0.00722	0.00220	0.00319	0.01475	0.00551	0.00485
4	0.01395	0.01245	0.03712	0.01577	0.12634	0.01279	0.06806	0.12918	0.27395	0.02386	0.13624	0.02431	0.04078	0.00914	0.02881	0.00211	0.00574	0.02607	0.00508	0.00825
5	0.00753	0.00567	0.00689	0.00709	0.00830	0.00511	0.00509	0.00933	0.01378	0.01835	0.32825	0.25434	0.25255	0.04131	0.00780	0.00215	0.00308	0.01262	0.00573	0.00504
6	0.01098	0.01034	0.01744	0.78165	0.04005	0.01292	0.01615	0.01486	0.01163	0.01486	0.01034	0.01550	0.00775	0.00581	0.00581	0.00194	0.00775	0.00517	0.00258	0.00646
7	0.00809	0.00563	0.00646	0.00672	0.00722	0.00541	0.00427	0.00876	0.01019	0.01346	0.04717	0.16018	0.14544	0.46850	0.02011	0.00417	0.00466	0.03901	0.03044	0.00412
8	0.01023	0.00762	0.01066	0.01058	0.01178	0.00836	0.00805	0.01176	0.01056	0.01527	0.01726	0.02507	0.01610	0.04372	0.75093	0.00946	0.01589	0.00678	0.00374	0.00617
9	0.01143	0.01711	0.25868	0.47327	0.03448	0.01326	0.07804	0.01631	0.01201	0.01631	0.01049	0.01448	0.00772	0.00565	0.00581	0.00191	0.00819	0.00503	0.00257	0.00726
10	0.01206	0.01034	0.01206	0.00861	0.01378	0.00775	0.00689	0.01464	0.01206	0.01895	0.01034	0.01206	0.00861	0.00431	0.00431	0.00086	0.00431	0.00345	0.00345	0.83118
11	0.01467	0.00831	0.01017	0.00820	0.01108	0.00713	0.00601	0.01611	0.01193	0.23146	0.01721	0.02480	0.01535	0.32479	0.01497	0.00306	0.00503	0.00617	0.00456	0.25899
12	0.01236	0.01174	0.01993	0.48033	0.33060	0.01328	0.01684	0.01607	0.01228	0.01653	0.01058	0.01506	0.00834	0.00556	0.00579	0.00185	0.00741	0.00517	0.00270	0.00757
13	0.01606	0.00773	0.01065	0.00921	0.01172	0.00741	0.00723	0.01815	0.01359	0.34199	0.13743	0.02607	0.02147	0.08533	0.25381	0.00454	0.00806	0.00693	0.00546	0.00715
14	0.01412	0.01269	0.07842	0.01898	0.25322	0.01178	0.01239	0.06451	0.11789	0.09235	0.12536	0.02098	0.01816	0.01148	0.09456	0.00270	0.03157	0.00628	0.00441	0.00816
15	0.01382	0.01155	0.01544	0.01309	0.01463	0.01423	0.01081	0.01668	0.06819	0.09300	0.03439	0.01793	0.01210	0.00927	0.01368	0.00218	0.46974	0.04523	0.00368	0.12036
16	0.25750	0.07680	0.01489	0.26004	0.04367	0.01370	0.01079	0.04561	0.11259	0.06903	0.01371	0.01542	0.03133	0.00628	0.00503	0.00182	0.00583	0.00485	0.00384	0.00726
17	0.41889	0.01235	0.01144	0.15339	0.01736	0.09893	0.00885	0.05182	0.01253	0.02223	0.08681	0.03889	0.01307	0.00758	0.02284	0.00199	0.00593	0.00494	0.00378	0.00640

[dist]
# distance from previous block
# <min> <max>
0	1

[block]
# block no. 6 follows, 40 sequences, length 46
# corresponding to MSA columns:
# 575-620
name=unknown_G
#
# <colnr> <probs for GDERKNQSTAVLIFYWHMCP>
#	G	D	E	R	K	N	Q	S	T	A	V	L	I	F	Y	W	H	M	C	P
0	0.01423	0.01217	0.01834	0.28850	0.26504	0.01307	0.01433	0.08503	0.07499	0.05485	0.01257	0.01536	0.00966	0.00580	0.00565	0.00174	0.00660	0.00515	0.00356	0.09335
1	0.00893	0.00652	0.00807	0.00827	0.00945	0.00632	0.00594	0.08458	0.01441	0.01947	0.22899	0.45454	0.09214	0.01508	0.00706	0.00212	0.00348	0.01342	0.00571	0.00548
2	0.33889	0.02007	0.38647	0.01197	0.01769	0.01251	0.01360	0.01686	0.01094	0.02072	0.01032	0.01382	0.00837	0.08718	0.00725	0.00222	0.00666	0.00427	0.00302	0.00716
3	0.01281	0.01211	0.01845	0.11957	0.11205	0.01441	0.08754	0.07725	0.01272	0.01780	0.04793	0.02000	0.08202	0.00875	0.01136	0.00215	0.31560	0.01707	0.00340	0.00700
4	0.01166	0.00988	0.01162	0.00848	0.01325	0.00752	0.00675	0.01426	0.01251	0.01940	0.08748	0.01530	0.01340	0.00509	0.00457	0.00096	0.00414	0.00418	0.00375	0.74579
5	0.01213	0.01015	0.01509	0.01927	0.30774	0.01011	0.01104	0.08911	0.01625	0.02288	0.37080	0.02925	0.03171	0.00879	0.00633	0.00179	0.00482	0.02038	0.00492	0.00742
6	0.00841	0.00562	0.00636	0.00640	0.00642	0.00561	0.00359	0.00844	0.00855	0.01140	0.01880	0.06432	0.02175	0.76854	0.02883	0.00552	0.00556	0.00874	0.00359	0.00357
7	0.02116	0.01302	0.01469	0.01177	0.01528	0.06342	0.00962	0.24845	0.01849	0.30653	0.01670	0.01657	0.01165	0.00741	0.00741	0.00182	0.11118	0.00537	0.09073	0.00874
8	0.01252	0.02101	0.33645	0.01974	0.02601	0.01409	0.34621	0.01772	0.01259	0.01798	0.01163	0.04425	0.00927	0.00615	0.00742	0.00198	0.07829	0.00601	0.00280	0.00790
9	0.01166	0.03008	0.76550	0.01657	0.02517	0.01351	0.02149	0.01842	0.01228	0.01842	0.01044	0.01228	0.00737	0.00552	0.00552	0.00184	0.00859	0.00430	0.00246	0.00859
10	0.00839	0.00586	0.00747	0.00743	0.00790	0.00617	0.00495	0.00932	0.00947	0.01309	0.08332	0.03347	0.02196	0.47536	0.27483	0.00653	0.00869	0.00790	0.00364	0.00425
11	0.00926	0.00979	0.11762	0.00980	0.01203	0.00772	0.00873	0.01197	0.01213	0.04074	0.19462	0.12785	0.07099	0.02311	0.28135	0.00463	0.03883	0.00862	0.00434	0.00587
12	0.00953	0.00568	0.00660	0.00637	0.00773	0.00545	0.00478	0.01226	0.01433	0.02250	0.38795	0.03257	0.03490	0.00933	0.00546	0.00159	0.00273	0.00797	0.41680	0.00545
13	0.00707	0.00511	0.00670	0.00797	0.00840	0.00473	0.00534	0.00811	0.01126	0.01490	0.03363	0.74846	0.08081	0.01801	0.00739	0.00234	0.00335	0.01628	0.00540	0.00473
14	0.58354	0.01281	0.01131	0.00943	0.01336	0.01460	0.00778	0.24176	0.01532	0.02937	0.00992	0.01085	0.00741	0.00589	0.00429	0.00178	0.00509	0.00380	0.00429	0.00741
15	0.02158	0.01601	0.01735	0.03781	0.01867	0.01779	0.01117	0.70071	0.04328	0.03567	0.01407	0.01419	0.01000	0.00696	0.00582	0.00176	0.00640	0.00526	0.00572	0.00976
16	0.01757	0.02139	0.02534	0.01969	0.02413	0.37785	0.37501	0.02108	0.02991	0.01664	0.01067	0.01332	0.00837	0.00549	0.00607	0.00174	0.01003	0.00536	0.00303	0.00734
17	0.00940	0.00735	0.01038	0.01163	0.08735	0.00806	0.00769	0.01238	0.07349	0.01470	0.01763	0.08669	0.01741	0.17324	0.42841	0.00667	0.01092	0.00739	0.00359	0.00561
18	0.00709	0.00506	0.00675	0.00810	0.00843	0.00472	0.00540	0.00810	0.01113	0.01484	0.03205	0.79184	0.03846	0.01822	0.00742	0.00236	0.00337	0.01653	0.00540	0.00472
19	0.01725	0.01338	0.01435	0.01217	0.01591	0.01510	0.00967	0.22547	0.50756	0.07127	0.02096	0.01946	0.01539	0.00760	0.00589	0.00190	0.00512	0.00616	0.00597	0.00943
20	0.01238	0.10355	0.57803	0.01466	0.02195	0.01339	0.01807	0.01802	0.01287	0.05370	0.08793	0.01556	0.01262	0.00621	0.00550	0.00178	0.00758	0.00489	0.00309	0.00822
21	0.00712	0.00508	0.00674	0.00805	0.00838	0.00475	0.00535	0.00811	0.01107	0.01476	0.03171	0.77294	0.03803	0.03770	0.00798	0.00244	0.00343	0.01633	0.00535	0.00469
22	0.01204	0.01142	0.01936	0.54982	0.26361	0.01320	0.01668	0.01579	0.01213	0.01614	0.01052	0.01516	0.00821	0.00562	0.00580	0.00187	0.00749	0.00517	0.00268	0.00732
23	0.01619	0.71935	0.02903	0.01047	0.01524	0.10050	0.01008	0.01801	0.01230	0.01374	0.00818	0.00945	0.00747	0.00508	0.00389	0.00127	0.00666	0.00318	0.00254	0.00739
24	0.01502	0.01295	0.02118	0.03072	0.62201	0.01294	0.01584	0.04619	0.01389	0.06116	0.01244	0.01533	0.01003	0.00551	0.00561	0.00170	0.00641	0.00524	0.07692	0.00894
25	0.00841	0.00684	0.00717	0.00680	0.00894	0.00618	0.00523	0.07400	0.01478	0.01825	0.11138	0.05144	0.61378	0.01384	0.00681	0.00195	0.00330	0.02997	0.00552	0.00541
26	0.01320	0.00983	0.01082	0.00950	0.01140	0.02534	0.00698	0.24184	0.04929	0.02058	0.01827	0.06304	0.03537	0.32890	0.12598	0.00444	0.00719	0.00741	0.00443	0.00620
27	0.01084	0.00542	0.00542	0.00542	0.00678	0.00542	0.00407	0.01355	0.01220	0.02168	0.01897	0.02168	0.01491	0.00678	0.00407	0.00136	0.00271	0.00542	0.82791	0.00542
28	0.01168	0.00997	0.01274	0.01169	0.04778	0.01110	0.02844	0.11986	0.04840	0.02075	0.19324	0.03224	0.22375	0.01085	0.00946	0.00203	0.18615	0.00842	0.00486	0.00659
29	0.01342	0.00685	0.00733	0.00664	0.00862	0.00687	0.00515	0.07996	0.01401	0.09972	0.01893	0.02080	0.01440	0.00684	0.00441	0.00144	0.00327	0.00545	0.66961	0.00628
30	0.01774	0.32939	0.02321	0.06867	0.09844	0.22803	0.02456	0.09393	0.01502	0.03705	0.00987	0.01150	0.00814	0.00560	0.00484	0.00149	0.00763	0.00401	0.00316	0.00770
31	0.28220	0.03359	0.04862	0.01226	0.06982	0.05578	0.00949	0.13291	0.03983	0.08942	0.01340	0.03633	0.01089	0.01189	0.11426	0.00287	0.00717	0.01765	0.00419	0.00746
32	0.42582	0.01244	0.01591	0.04056	0.36675	0.01341	0.01202	0.01739	0.01153	0.02244	0.00950	0.01195	0.00772	0.00531	0.00468	0.00177	0.00572	0.00416	0.00323	0.00768
33	0.01152	0.01034	0.01475	0.39480	0.02691	0.01033	0.01152	0.01475	0.01184	0.01691	0.01034	0.01378	0.00818	0.00506	0.00506	0.00140	0.00603	0.00431	0.00302	0.41917
34	0.00843	0.00574	0.00684	0.00684	0.00702	0.00591	0.00415	0.00878	0.00860	0.01165	0.01787	0.03552	0.02004	0.67033	0.15340	0.00626	0.00729	0.00809	0.00346	0.00380
35	0.00867	0.00642	0.00836	0.00787	0.00922	0.00634	0.00575	0.01049	0.01164	0.01652	0.23693	0.03230	0.04736	0.20576	0.27080	0.00517	0.00793	0.00790	0.00428	0.09030
36	0.01412	0.51698	0.30014	0.01238	0.01868	0.01952	0.01418	0.01778	0.01199	0.01542	0.00895	0.01041	0.00743	0.00518	0.00439	0.00146	0.00709	0.00355	0.00248	0.00788
37	0.00736	0.00597	0.00657	0.00660	0.00839	0.00518	0.00507	0.00919	0.01389	0.01734	0.19164	0.05440	0.55621	0.01430	0.00697	0.00200	0.00312	0.07516	0.00559	0.00506
38	0.02211	0.01629	0.01745	0.01338	0.01803	0.01803	0.01105	0.73997	0.02734	0.03665	0.01396	0.01396	0.00989	0.00698	0.00582	0.00175	0.00640	0.00524	0.00582	0.00989
39	0.01459	0.13452	0.42831	0.01576	0.06480	0.07332	0.01674	0.04801	0.01353	0.07375	0.03099	0.01332	0.00941	0.00597	0.00578	0.00174	0.03352	0.00449	0.00312	0.00832
40	0.01852	0.22792	0.06380	0.01411	0.01814	0.43168	0.05584	0.02170	0.06777	0.01533	0.01007	0.01141	0.00830	0.00577	0.00501	0.00151	0.00879	0.00401	0.00304	0.00728
41	0.05087	0.01063	0.01391	0.21293	0.02074	0.01040	0.00991	0.01475	0.01152	0.01770	0.00995	0.01291	0.00818	0.00536	0.00620	0.00136	0.08596	0.00406	0.00313	0.48956
42	0.01463	0.21386	0.12327	0.09205	0.01923	0.01664	0.01233	0.08514	0.20711	0.03698	0.01420	0.01619	0.01130	0.00697	0.00668	0.00182	0.08498	0.02467	0.00389	0.00808
43	0.12744	0.01194	0.05389	0.01195	0.01659	0.01053	0.08652	0.02556	0.07599	0.48951	0.01926	0.01779	0.01268	0.00669	0.00566	0.00183	0.00557	0.00559	0.00593	0.00909
44	0.01256	0.03101	0.22128	0.01186	0.04252	0.00990	0.01136	0.03398	0.01227	0.03867	0.01076	0.01291	0.00859	0.00625	0.00641	0.07535	0.00576	0.00399	0.00321	0.44138
45	0.01131	0.01104	0.07616	0.01271	0.08974	0.04465	0.00919	0.04720	0.08144	0.03860	0.02295	0.40300	0.02450	0.01207	0.00642	0.00198	0.00491	0.01069	0.00470	0.08674

[dist]
# distance from previous block
# <min> <max>
2	7

[block]
# block no. 7 follows, 40 sequences, length 41
# corresponding to MSA columns:
# 636-676
name=unknown_H
#
# <colnr> <probs for GDERKNQSTAVLIFYWHMCP>
#	G	D	E	R	K	N	Q	S	T	A	V	L	I	F	Y	W	H	M	C	P
0	0.01060	0.05123	0.07283	0.01530	0.18094	0.00956	0.02944	0.03325	0.03480	0.01757	0.04147	0.22364	0.18842	0.01092	0.00629	0.00190	0.00496	0.00963	0.00432	0.05290
1	0.01396	0.30103	0.16188	0.01131	0.01618	0.01553	0.01125	0.01977	0.16244	0.05575	0.01610	0.05868	0.03468	0.00706	0.00509	0.00163	0.00585	0.02551	0.00382	0.07250
2	0.01557	0.07341	0.01464	0.01100	0.01503	0.01351	0.00886	0.08319	0.41765	0.08216	0.01877	0.01790	0.01410	0.00677	0.00539	0.00165	0.00484	0.00547	0.00522	0.18488
3	0.01787	0.28060	0.02288	0.01840	0.19931	0.33678	0.01243	0.01997	0.01413	0.01522	0.00917	0.01106	0.00790	0.00545	0.00487	0.00147	0.00819	0.00389	0.00280	0.00759
4	0.01506	0.01211	0.01367	0.01004	0.01505	0.01082	0.00813	0.23138	0.01663	0.02424	0.01142	0.01263	0.00899	0.00511	0.00476	0.00113	0.00493	0.00398	0.00415	0.58576
5	0.69725	0.01101	0.00940	0.00811	0.01187	0.01227	0.00668	0.01903	0.01106	0.15293	0.01065	0.01123	0.00769	0.00571	0.00399	0.00180	0.00458	0.00361	0.00422	0.00692
6	0.00838	0.00594	0.00788	0.00788	0.00841	0.00647	0.00544	0.00944	0.00891	0.01241	0.01692	0.03027	0.01776	0.41059	0.41002	0.00754	0.01073	0.00732	0.00331	0.00438
7	0.00846	0.00564	0.00634	0.00634	0.00634	0.00564	0.00352	0.00846	0.00846	0.01128	0.01832	0.03805	0.02114	0.79563	0.02960	0.00564	0.00564	0.00846	0.00352	0.00352
8	0.00846	0.00564	0.00634	0.00634	0.00634	0.00564	0.00352	0.00846	0.00846	0.01128	0.01832	0.03805	0.02114	0.79563	0.02960	0.00564	0.00564	0.00846	0.00352	0.00352
9	0.00687	0.00589	0.00589	0.00589	0.00785	0.00491	0.00442	0.00835	0.01325	0.01571	0.05891	0.05596	0.75700	0.01473	0.00687	0.00196	0.00295	0.01227	0.00540	0.00491
10	0.01758	0.02053	0.01629	0.01454	0.01652	0.42353	0.01135	0.02054	0.08818	0.01515	0.01030	0.01282	0.00885	0.00898	0.03937	0.00219	0.25875	0.00456	0.00315	0.00681
11	0.07784	0.57002	0.02578	0.03011	0.01588	0.16830	0.01008	0.01846	0.01258	0.01474	0.00832	0.00972	0.00739	0.00523	0.00407	0.00135	0.00696	0.00329	0.00267	0.00721
12	0.01411	0.01181	0.01257	0.01131	0.01447	0.01344	0.00879	0.02884	0.66133	0.04241	0.06148	0.02426	0.05260	0.00838	0.00600	0.00196	0.00444	0.00701	0.00595	0.00885
13	0.00846	0.00564	0.00634	0.00634	0.00634	0.00564	0.00352	0.00846	0.00846	0.01128	0.01832	0.03805	0.02114	0.79563	0.02960	0.00564	0.00564	0.00846	0.00352	0.00352
14	0.00831	0.00623	0.00935	0.00935	0.01038	0.00727	0.00727	0.01038	0.00935	0.01350	0.01558	0.02285	0.01454	0.04361	0.77259	0.00935	0.01558	0.00623	0.00312	0.00519
15	0.02172	0.02772	0.01648	0.01498	0.01798	0.77228	0.01124	0.02322	0.01648	0.01423	0.00899	0.01049	0.00749	0.00599	0.00524	0.00150	0.01049	0.00375	0.00300	0.00674
16	0.01555	0.79913	0.03047	0.00995	0.01493	0.02301	0.00995	0.01741	0.01182	0.01368	0.00808	0.00933	0.00746	0.00498	0.00373	0.00124	0.00622	0.00311	0.00249	0.00746
17	0.01095	0.00933	0.01424	0.08562	0.19380	0.00969	0.04527	0.01472	0.08463	0.01686	0.02033	0.13331	0.02078	0.13847	0.03027	0.00289	0.00613	0.15211	0.00410	0.00649
18	0.01185	0.01080	0.01744	0.72180	0.03834	0.01332	0.01575	0.07135	0.01285	0.01656	0.01062	0.01538	0.00792	0.00590	0.00581	0.00192	0.00765	0.00517	0.00284	0.00673
19	0.01879	0.13151	0.05854	0.07473	0.04153	0.50551	0.01226	0.02085	0.01472	0.01456	0.00903	0.01105	0.00756	0.00602	0.00587	0.00158	0.05217	0.00391	0.00284	0.00697
20	0.01303	0.17910	0.07608	0.00966	0.01504	0.01171	0.00881	0.03473	0.01243	0.01826	0.00996	0.01155	0.00830	0.00462	0.00432	0.00104	0.00511	0.00349	0.00323	0.56953
21	0.01853	0.10047	0.05987	0.04800	0.03589	0.24147	0.01099	0.10027	0.01564	0.15801	0.01417	0.04938	0.01150	0.00993	0.06559	0.00230	0.02762	0.01855	0.00414	0.00767
22	0.02126	0.02600	0.01663	0.01487	0.01783	0.67193	0.01130	0.07855	0.01691	0.01597	0.00930	0.01088	0.00769	0.00630	0.00605	0.00158	0.05286	0.00394	0.00319	0.00697
23	0.01297	0.00955	0.01297	0.01252	0.08782	0.00979	0.02898	0.01548	0.01216	0.07727	0.01530	0.02105	0.01313	0.00759	0.00775	0.00169	0.15272	0.07557	0.22918	0.19652
24	0.01544	0.77824	0.05044	0.01013	0.01520	0.02275	0.01026	0.01744	0.01183	0.01381	0.00815	0.00941	0.00746	0.00499	0.00378	0.00126	0.00628	0.00314	0.00249	0.00749
25	0.00831	0.00623	0.00935	0.00935	0.01038	0.00727	0.00727	0.01038	0.00935	0.01350	0.01558	0.02285	0.01454	0.04361	0.77259	0.00935	0.01558	0.00623	0.00312	0.00519
26	0.02211	0.01629	0.01745	0.01338	0.01803	0.01803	0.01105	0.73997	0.02734	0.03665	0.01396	0.01396	0.00989	0.00698	0.00582	0.00175	0.00640	0.00524	0.00582	0.00989
27	0.03566	0.04023	0.39419	0.01645	0.04049	0.01403	0.11394	0.11404	0.03393	0.10602	0.01269	0.01398	0.00899	0.00596	0.00599	0.00184	0.02425	0.00498	0.00363	0.00871
28	0.01213	0.03132	0.01137	0.00965	0.01239	0.01036	0.00752	0.02110	0.35178	0.04545	0.31954	0.02937	0.03172	0.00913	0.00611	0.00180	0.00388	0.00781	0.00586	0.07171
29	0.00746	0.00591	0.00671	0.00651	0.00822	0.00516	0.00488	0.00949	0.01465	0.01901	0.36180	0.05052	0.45204	0.01349	0.00687	0.00191	0.00286	0.01151	0.00584	0.00516
30	0.00909	0.00814	0.01296	0.30542	0.02225	0.00873	0.07013	0.01161	0.01198	0.01534	0.02763	0.27709	0.17348	0.01163	0.00665	0.00208	0.00550	0.01049	0.00412	0.00569
31	0.01539	0.01751	0.07990	0.07461	0.36818	0.15000	0.09317	0.03690	0.07266	0.01864	0.01169	0.01431	0.00932	0.00562	0.00578	0.00175	0.00785	0.00515	0.00317	0.00841
32	0.01010	0.00505	0.00758	0.00758	0.00758	0.00505	0.00505	0.00758	0.00758	0.01010	0.01010	0.01768	0.01010	0.02020	0.02273	0.83081	0.00505	0.00505	0.00253	0.00253
33	0.02609	0.00990	0.01350	0.01035	0.01484	0.00855	0.00855	0.02834	0.01664	0.76338	0.02294	0.01979	0.01439	0.00720	0.00585	0.00180	0.00495	0.00585	0.00720	0.00990
34	0.09631	0.03782	0.19060	0.07706	0.25163	0.03069	0.01502	0.05552	0.02700	0.14488	0.01277	0.01429	0.00936	0.00582	0.00545	0.00178	0.00679	0.00483	0.00375	0.00862
35	0.01392	0.01329	0.01811	0.30524	0.20609	0.08588	0.03266	0.01963	0.14653	0.03852	0.03554	0.01678	0.01152	0.00635	0.00613	0.00186	0.02513	0.00551	0.00355	0.00775
36	0.02062	0.01144	0.01959	0.01455	0.01929	0.01024	0.24250	0.02366	0.01544	0.46602	0.02216	0.02129	0.07046	0.00705	0.00625	0.00186	0.00635	0.00667	0.00569	0.00885
37	0.01661	0.12326	0.02052	0.01702	0.11982	0.19799	0.09439	0.13185	0.03793	0.01997	0.07881	0.01649	0.02981	0.00686	0.00658	0.00172	0.06349	0.00543	0.00376	0.00769
38	0.45960	0.07127	0.01114	0.00923	0.03170	0.01171	0.02734	0.03645	0.01145	0.02237	0.03566	0.14153	0.03697	0.00830	0.00478	0.00186	0.00457	0.02642	0.04144	0.00623
39	0.00750	0.00574	0.00686	0.00710	0.00842	0.00515	0.00520	0.00929	0.01364	0.01785	0.26726	0.22701	0.31498	0.03365	0.00761	0.00214	0.00317	0.04674	0.00566	0.00503
40	0.27927	0.07773	0.07558	0.03485	0.11645	0.12272	0.16330	0.03315	0.01280	0.02032	0.00971	0.01198	0.00766	0.00537	0.00505	0.00174	0.00733	0.00445	0.00313	0.00741

[dist]
# distance from previous block
# <min> <max>
0	2

[block]
# block no. 8 follows, 40 sequences, length 23
# corresponding to MSA columns:
# 679-701
name=unknown_I
#
# <colnr> <probs for GDERKNQSTAVLIFYWHMCP>
#	G	D	E	R	K	N	Q	S	T	A	V	L	I	F	Y	W	H	M	C	P
0	0.03060	0.15760	0.31561	0.02785	0.02024	0.03361	0.04905	0.07025	0.09035	0.04769	0.01243	0.02898	0.00967	0.00622	0.00585	0.00174	0.03924	0.00480	0.00341	0.04481
1	0.00771	0.00532	0.00656	0.00729	0.00748	0.00514	0.00454	0.00826	0.00991	0.01321	0.02577	0.44693	0.03054	0.37394	0.01757	0.00386	0.00441	0.01284	0.00454	0.00417
2	0.01414	0.03406	0.06890	0.09490	0.55264	0.03581	0.05618	0.01821	0.03506	0.01849	0.01116	0.01441	0.00912	0.00534	0.00575	0.00175	0.00726	0.00517	0.00292	0.00875
3	0.01208	0.00879	0.01091	0.03149	0.04249	0.00906	0.00765	0.13622	0.08060	0.04898	0.42509	0.04958	0.03644	0.01117	0.03262	0.00208	0.00435	0.00858	0.03497	0.00684
4	0.04346	0.01574	0.18850	0.06970	0.11896	0.01163	0.05448	0.05712	0.01499	0.34269	0.01610	0.01623	0.01086	0.00626	0.00575	0.00182	0.00657	0.00530	0.00480	0.00904
5	0.01614	0.04085	0.01858	0.23545	0.06226	0.15264	0.08769	0.14928	0.01585	0.05515	0.01281	0.05341	0.01040	0.00674	0.00608	0.00180	0.02632	0.00564	0.03540	0.00749
6	0.00928	0.00663	0.00927	0.01061	0.01191	0.00662	0.00922	0.01190	0.01330	0.01730	0.03084	0.09353	0.03366	0.01615	0.00801	0.00267	0.00528	0.69315	0.00536	0.00533
7	0.01166	0.03008	0.76550	0.01657	0.02517	0.01351	0.02149	0.01842	0.01228	0.01842	0.01044	0.01228	0.00737	0.00552	0.00552	0.00184	0.00859	0.00430	0.00246	0.00859
8	0.18201	0.13253	0.23364	0.01323	0.03858	0.03761	0.03365	0.08886	0.09013	0.07959	0.01231	0.01310	0.00913	0.00592	0.00500	0.00174	0.00656	0.00442	0.00378	0.00819
9	0.01467	0.01231	0.01493	0.01630	0.16535	0.01358	0.01069	0.02704	0.52783	0.05994	0.02275	0.02177	0.05145	0.00764	0.00593	0.00191	0.00501	0.00653	0.00534	0.00903
10	0.01169	0.01080	0.01775	0.70721	0.07510	0.01321	0.01599	0.04992	0.01247	0.01612	0.01054	0.01537	0.00793	0.00584	0.00581	0.00192	0.00764	0.00517	0.00275	0.00676
11	0.00833	0.00562	0.00639	0.00645	0.00656	0.00557	0.00370	0.00850	0.00895	0.01192	0.04050	0.07904	0.04258	0.71161	0.02718	0.00526	0.00537	0.00905	0.00375	0.00368
12	0.15599	0.06494	0.08319	0.00806	0.01100	0.02966	0.00713	0.01190	0.01229	0.01753	0.03687	0.12986	0.38800	0.01167	0.00596	0.00191	0.00427	0.00952	0.00452	0.00572
13	0.01547	0.72196	0.08121	0.01057	0.01573	0.04531	0.01079	0.01766	0.01199	0.01403	0.00828	0.00957	0.00746	0.00504	0.00390	0.00129	0.00652	0.00321	0.00250	0.00752
14	0.00709	0.00506	0.00675	0.00810	0.00843	0.00472	0.00540	0.00810	0.01113	0.01484	0.03205	0.79184	0.03846	0.01822	0.00742	0.00236	0.00337	0.01653	0.00540	0.00472
15	0.01411	0.01284	0.01709	0.07505	0.12061	0.01428	0.08620	0.02662	0.51595	0.02229	0.01968	0.01960	0.01490	0.00705	0.00599	0.00193	0.00570	0.00631	0.00494	0.00886
16	0.00881	0.00597	0.00741	0.00703	0.00810	0.00560	0.00491	0.01060	0.01376	0.04322	0.46168	0.04163	0.08026	0.25995	0.01402	0.00304	0.00374	0.00981	0.00546	0.00498
17	0.01646	0.01321	0.01688	0.34501	0.02708	0.01523	0.01295	0.37111	0.05215	0.02600	0.01430	0.01635	0.03388	0.00677	0.00586	0.00185	0.00679	0.00550	0.00441	0.00821
18	0.00858	0.00686	0.00819	0.00782	0.01000	0.00575	0.00581	0.01029	0.01220	0.01658	0.05214	0.32653	0.21104	0.01318	0.00644	0.00185	0.00363	0.05402	0.00488	0.23421
19	0.83671	0.01125	0.00855	0.00765	0.01125	0.01305	0.00630	0.01709	0.00990	0.02609	0.00810	0.00945	0.00630	0.00540	0.00360	0.00180	0.00450	0.00315	0.00360	0.00630
20	0.01480	0.00924	0.01143	0.00991	0.01224	0.00984	0.00766	0.18151	0.03510	0.15003	0.01728	0.02331	0.01487	0.18004	0.29025	0.00532	0.00929	0.00639	0.00461	0.00687
21	0.01244	0.01056	0.01226	0.00880	0.01394	0.00814	0.00705	0.04233	0.01264	0.01962	0.01047	0.01213	0.00866	0.00441	0.00436	0.00090	0.00439	0.00351	0.00354	0.79983
22	0.01097	0.01117	0.02250	0.01743	0.02099	0.01047	0.42108	0.01432	0.01294	0.01750	0.05907	0.29390	0.02240	0.01028	0.00709	0.00211	0.00704	0.02811	0.00406	0.00655

[dist]
# distance from previous block
# <min> <max>
0	19

[block]
# block no. 9 follows, 40 sequences, length 23
# corresponding to MSA columns:
# 721-743
name=unknown_J
#
# <colnr> <probs for GDERKNQSTAVLIFYWHMCP>
#	G	D	E	R	K	N	Q	S	T	A	V	L	I	F	Y	W	H	M	C	P
0	0.00962	0.00858	0.01311	0.01183	0.01284	0.00973	0.08683	0.01141	0.01161	0.01635	0.13775	0.36252	0.02890	0.01344	0.01066	0.00229	0.23121	0.01120	0.00446	0.00566
1	0.00831	0.00623	0.00935	0.00935	0.01038	0.00727	0.00727	0.01038	0.00935	0.01350	0.01558	0.02285	0.01454	0.04361	0.77259	0.00935	0.01558	0.00623	0.00312	0.00519
2	0.01087	0.01102	0.02212	0.01730	0.02075	0.01034	0.41097	0.01411	0.01268	0.01706	0.02077	0.32770	0.02183	0.01075	0.00714	0.00216	0.00703	0.04489	0.00404	0.00648
3	0.01272	0.01272	0.01781	0.01527	0.01527	0.01781	0.01272	0.01399	0.00891	0.01399	0.00763	0.01272	0.00763	0.01018	0.01908	0.00254	0.78499	0.00509	0.00254	0.00636
4	0.01276	0.01308	0.02093	0.01697	0.01824	0.01674	0.16458	0.01482	0.00993	0.01495	0.00882	0.01375	0.00816	0.01041	0.04669	0.00269	0.59169	0.00551	0.00265	0.00663
5	0.83671	0.01125	0.00855	0.00765	0.01125	0.01305	0.00630	0.01709	0.00990	0.02609	0.00810	0.00945	0.00630	0.00540	0.00360	0.00180	0.00450	0.00315	0.00360	0.00630
6	0.02174	0.02717	0.01653	0.01490	0.01798	0.73615	0.01123	0.05756	0.01700	0.01531	0.00923	0.01065	0.00761	0.00604	0.00527	0.00151	0.01029	0.00382	0.00313	0.00689
7	0.01084	0.00542	0.00542	0.00542	0.00678	0.00542	0.00407	0.01355	0.01220	0.02168	0.01897	0.02168	0.01491	0.00678	0.00407	0.00136	0.00271	0.00542	0.82791	0.00542
8	0.01166	0.03008	0.76550	0.01657	0.02517	0.01351	0.02149	0.01842	0.01228	0.01842	0.01044	0.01228	0.00737	0.00552	0.00552	0.00184	0.00859	0.00430	0.00246	0.00859
9	0.01272	0.01272	0.01781	0.01527	0.01527	0.01781	0.01272	0.01399	0.00891	0.01399	0.00763	0.01272	0.00763	0.01018	0.01908	0.00254	0.78499	0.00509	0.00254	0.00636
10	0.00736	0.00539	0.00691	0.00764	0.00843	0.00494	0.00531	0.00887	0.01275	0.01713	0.22183	0.51320	0.12643	0.01618	0.00721	0.00218	0.00316	0.01449	0.00566	0.00494
