[name]
unknown

[dist]
# distance from previous block
# <min> <max>
0	6

[block]
# block no. 0 follows, 43 sequences, length 15
# corresponding to MSA columns:
# 9-23
name=unknown_A
#
# <colnr> <probs for GDERKNQSTAVLIFYWHMCP>
#	G	D	E	R	K	N	Q	S	T	A	V	L	I	F	Y	W	H	M	C	P
0	0.01039	0.00748	0.00985	0.01051	0.01216	0.00768	0.00912	0.10096	0.01435	0.01879	0.02739	0.05653	0.02916	0.01425	0.00739	0.00244	0.00522	0.64554	0.00515	0.00562
1	0.01107	0.00930	0.01083	0.00794	0.01227	0.00714	0.00618	0.01323	0.01107	0.01716	0.01076	0.01447	0.00964	0.10088	0.00701	0.00137	0.00425	0.00386	0.00329	0.73827
2	0.01812	0.01162	0.01431	0.01134	0.01489	0.01200	0.05526	0.34187	0.03811	0.19944	0.04401	0.02247	0.03824	0.10391	0.00853	0.00220	0.00557	0.04471	0.00539	0.00803
3	0.00958	0.00676	0.00816	0.00769	0.00852	0.00725	0.00527	0.09849	0.01048	0.01428	0.01618	0.02921	0.01699	0.48429	0.24753	0.00596	0.00824	0.00706	0.00351	0.00456
4	0.01360	0.01272	0.01978	0.05659	0.55497	0.01328	0.01489	0.01999	0.19904	0.01921	0.01342	0.01548	0.01075	0.00560	0.00552	0.00171	0.00606	0.00526	0.00345	0.00867
5	0.00784	0.00566	0.00740	0.00697	0.00827	0.00523	0.00523	0.01045	0.01568	0.02221	0.76789	0.04137	0.05226	0.01132	0.00653	0.00174	0.00261	0.01002	0.00610	0.00523
6	0.01452	0.01471	0.02169	0.03169	0.68270	0.10317	0.01626	0.01760	0.01297	0.01756	0.01020	0.01327	0.00858	0.00502	0.00543	0.00162	0.00698	0.00477	0.00275	0.00850
7	0.00784	0.00566	0.00740	0.00697	0.00827	0.00523	0.00523	0.01045	0.01568	0.02221	0.76789	0.04137	0.05226	0.01132	0.00653	0.00174	0.00261	0.01002	0.00610	0.00523
8	0.01371	0.01316	0.02248	0.03399	0.77081	0.01316	0.01700	0.01700	0.01261	0.01809	0.01042	0.01371	0.00877	0.00493	0.00548	0.00164	0.00658	0.00493	0.00274	0.00877
9	0.00962	0.00481	0.00722	0.00722	0.00722	0.00481	0.00481	0.00722	0.00722	0.00962	0.00962	0.01684	0.00962	0.01924	0.02165	0.83886	0.00481	0.00481	0.00241	0.00241
10	0.66589	0.01343	0.00966	0.00862	0.01198	0.14844	0.00692	0.01774	0.01079	0.05306	0.00843	0.00957	0.00651	0.00531	0.00379	0.00166	0.00531	0.00320	0.00346	0.00621
11	0.01173	0.01114	0.01891	0.49552	0.32474	0.01264	0.01601	0.01526	0.01168	0.01569	0.01007	0.01435	0.00793	0.00530	0.00552	0.00177	0.00707	0.00493	0.00257	0.00718
12	0.01111	0.02865	0.77667	0.01579	0.02397	0.01286	0.02046	0.01754	0.01169	0.01754	0.00994	0.01169	0.00702	0.00526	0.00526	0.00175	0.00818	0.00409	0.00234	0.00818
13	0.01106	0.00997	0.01034	0.01002	0.01176	0.10304	0.03032	0.05978	0.16183	0.01772	0.05712	0.38696	0.05218	0.01246	0.00640	0.00200	0.00468	0.04136	0.00495	0.00604
14	0.00799	0.00563	0.00734	0.00734	0.00779	0.00608	0.00498	0.00889	0.00844	0.01170	0.01626	0.02964	0.01727	0.45745	0.37219	0.00698	0.00968	0.00709	0.00318	0.00408

[dist]
# distance from previous block
# <min> <max>
0	1

[block]
# block no. 1 follows, 43 sequences, length 44
# corresponding to MSA columns:
# 25-68
name=unknown_B
#
# <colnr> <probs for GDERKNQSTAVLIFYWHMCP>
#	G	D	E	R	K	N	Q	S	T	A	V	L	I	F	Y	W	H	M	C	P
0	0.01632	0.61104	0.02576	0.01053	0.01495	0.13829	0.00977	0.08940	0.01338	0.01525	0.00838	0.00949	0.00734	0.00507	0.00397	0.00127	0.00656	0.00325	0.00275	0.00723
1	0.00706	0.00555	0.00637	0.00633	0.00783	0.00487	0.00468	0.00888	0.01359	0.01763	0.32380	0.12031	0.42675	0.01332	0.00659	0.00186	0.00277	0.01144	0.00550	0.00487
2	0.01265	0.29842	0.37917	0.01216	0.01807	0.01483	0.01407	0.01675	0.01225	0.05300	0.10674	0.01485	0.01316	0.00593	0.00484	0.00155	0.00651	0.00452	0.00305	0.00749
3	0.00869	0.00578	0.00760	0.00722	0.00858	0.00531	0.00538	0.01108	0.01510	0.06439	0.63952	0.12838	0.04823	0.01177	0.00654	0.00180	0.00280	0.01043	0.00603	0.00538
4	0.01996	0.12392	0.01736	0.01367	0.01676	0.68823	0.01055	0.02143	0.01514	0.01349	0.00845	0.00985	0.00713	0.00559	0.00481	0.00140	0.00948	0.00349	0.00279	0.00651
5	0.01378	0.01190	0.01252	0.01127	0.01440	0.01378	0.00877	0.02943	0.76081	0.02317	0.02254	0.02066	0.01691	0.00751	0.00564	0.00188	0.00438	0.00626	0.00564	0.00877
6	0.01453	0.69590	0.06256	0.00994	0.01469	0.02071	0.00992	0.01786	0.08292	0.01421	0.00922	0.01014	0.00804	0.00503	0.00383	0.00128	0.00588	0.00333	0.00268	0.00732
7	0.01101	0.02572	0.68049	0.01446	0.02179	0.01190	0.01839	0.01696	0.01168	0.01793	0.01095	0.01281	0.00791	0.00541	0.00509	0.00170	0.00749	0.00423	0.10628	0.00781
8	0.02798	0.25025	0.36883	0.03452	0.01988	0.01596	0.02987	0.08507	0.08444	0.01839	0.01079	0.01199	0.00823	0.00544	0.00483	0.00160	0.00691	0.00411	0.00299	0.00793
9	0.01054	0.00894	0.01038	0.00777	0.01198	0.00685	0.00615	0.01288	0.01201	0.01804	0.08451	0.01941	0.10700	0.00600	0.00463	0.00103	0.00380	0.00494	0.00377	0.65939
10	0.00888	0.00978	0.07748	0.00851	0.01077	0.08018	0.00736	0.01101	0.01290	0.01580	0.08917	0.10791	0.37520	0.01277	0.00654	0.00197	0.00444	0.14936	0.00473	0.00527
11	0.00864	0.17821	0.01144	0.00799	0.00940	0.00836	0.00609	0.01001	0.01147	0.01505	0.13072	0.52246	0.03249	0.01377	0.00623	0.00195	0.00371	0.01217	0.00468	0.00516
12	0.00805	0.00537	0.00604	0.00604	0.00604	0.00537	0.00336	0.00805	0.00805	0.01074	0.01745	0.03624	0.02013	0.80536	0.02819	0.00537	0.00537	0.00805	0.00336	0.00336
13	0.01371	0.01316	0.02248	0.03399	0.77081	0.01316	0.01700	0.01700	0.01261	0.01809	0.01042	0.01371	0.00877	0.00493	0.00548	0.00164	0.00658	0.00493	0.00274	0.00877
14	0.02220	0.00887	0.01209	0.00962	0.01342	0.00775	0.00793	0.02442	0.01562	0.65401	0.09017	0.02390	0.01846	0.00784	0.00580	0.00177	0.00455	0.05615	0.00666	0.00875
15	0.01307	0.01494	0.03268	0.02334	0.02894	0.01401	0.75070	0.01774	0.01307	0.01774	0.01120	0.01494	0.00840	0.00467	0.00654	0.00187	0.00934	0.00654	0.00280	0.00747
16	0.00673	0.00490	0.00635	0.00751	0.00798	0.00452	0.00505	0.00773	0.01080	0.01422	0.03297	0.73021	0.10659	0.01703	0.00702	0.00221	0.00317	0.01536	0.00514	0.00452
17	0.00804	0.00544	0.00638	0.00638	0.00650	0.00556	0.00378	0.00827	0.00816	0.01099	0.01714	0.03451	0.01938	0.71388	0.11864	0.00579	0.00650	0.00780	0.00331	0.00355
18	0.10258	0.01052	0.01300	0.01007	0.01430	0.00999	0.00832	0.14189	0.01687	0.58476	0.01913	0.01702	0.01229	0.00666	0.00536	0.00171	0.00489	0.00523	0.00632	0.00910
19	0.00675	0.00482	0.00643	0.00771	0.00803	0.00450	0.00514	0.00771	0.01060	0.01414	0.03053	0.80175	0.03663	0.01735	0.00707	0.00225	0.00321	0.01574	0.00514	0.00450
20	0.01534	0.01268	0.01341	0.01159	0.01500	0.01451	0.00915	0.18525	0.60243	0.02570	0.02055	0.01908	0.01529	0.00733	0.00561	0.00183	0.00475	0.00599	0.00561	0.00891
21	0.74107	0.01120	0.00836	0.00753	0.01077	0.05488	0.00611	0.01637	0.00993	0.02393	0.00847	0.00986	0.00663	0.00526	0.00355	0.00167	0.00448	0.00318	0.06079	0.00596
22	0.00784	0.00566	0.00740	0.00697	0.00827	0.00523	0.00523	0.01045	0.01568	0.02221	0.76789	0.04137	0.05226	0.01132	0.00653	0.00174	0.00261	0.01002	0.00610	0.00523
23	0.01350	0.01423	0.06402	0.01750	0.02236	0.01303	0.38975	0.08683	0.01346	0.03246	0.01082	0.01364	0.00836	0.00534	0.00706	0.00167	0.09059	0.00536	0.00317	0.18686
24	0.01049	0.00893	0.01032	0.00772	0.01195	0.00683	0.00611	0.01279	0.01190	0.01779	0.05949	0.01983	0.13218	0.00609	0.00463	0.00104	0.00381	0.00500	0.00374	0.65937
25	0.02888	0.31628	0.42498	0.01303	0.01947	0.05223	0.01527	0.01769	0.01181	0.04054	0.00939	0.01076	0.00725	0.00514	0.00459	0.00153	0.00725	0.00368	0.00254	0.00770
26	0.01046	0.00984	0.01661	0.79205	0.03814	0.01230	0.01538	0.01415	0.01107	0.01415	0.00984	0.01477	0.00738	0.00554	0.00554	0.00185	0.00738	0.00492	0.00246	0.00615
27	0.01307	0.01494	0.03268	0.02334	0.02894	0.01401	0.75070	0.01774	0.01307	0.01774	0.01120	0.01494	0.00840	0.00467	0.00654	0.00187	0.00934	0.00654	0.00280	0.00747
28	0.01371	0.01316	0.02248	0.03399	0.77081	0.01316	0.01700	0.01700	0.01261	0.01809	0.01042	0.01371	0.00877	0.00493	0.00548	0.00164	0.00658	0.00493	0.00274	0.00877
29	0.00743	0.00565	0.00684	0.00654	0.00802	0.00505	0.00490	0.00966	0.01471	0.01992	0.54277	0.04514	0.27881	0.01218	0.00654	0.00178	0.00267	0.01054	0.00580	0.00505
30	0.00864	0.00617	0.00859	0.00987	0.01102	0.00613	0.00842	0.01098	0.01247	0.01625	0.02948	0.16020	0.03250	0.01557	0.00757	0.00251	0.00485	0.63865	0.00511	0.00502
31	0.01009	0.00517	0.00530	0.00530	0.00643	0.00517	0.00385	0.01229	0.01115	0.01940	0.01778	0.02203	0.01464	0.08316	0.00668	0.02462	0.00291	0.00543	0.73368	0.00491
32	0.11829	0.01251	0.01982	0.02847	0.60729	0.01261	0.01482	0.01782	0.01251	0.08769	0.01112	0.01359	0.00888	0.00513	0.00523	0.00166	0.00612	0.00475	0.00320	0.00849
33	0.84448	0.01071	0.00814	0.00728	0.01071	0.01242	0.00600	0.01628	0.00943	0.02485	0.00771	0.00900	0.00600	0.00514	0.00343	0.00171	0.00428	0.00300	0.00343	0.00600
34	0.43659	0.01075	0.01163	0.01336	0.17461	0.01164	0.00852	0.08529	0.01218	0.02254	0.01630	0.05351	0.10917	0.00699	0.00466	0.00174	0.00471	0.00535	0.00379	0.00668
35	0.01100	0.00871	0.00905	0.00814	0.01064	0.02616	0.00631	0.09529	0.17587	0.05525	0.10953	0.03814	0.40222	0.01103	0.00616	0.00182	0.00374	0.00915	0.00541	0.00639
36	0.00673	0.00490	0.00635	0.00751	0.00798	0.00452	0.00505	0.00773	0.01080	0.01422	0.03297	0.73021	0.10659	0.01703	0.00702	0.00221	0.00317	0.01536	0.00514	0.00452
37	0.01371	0.01316	0.02248	0.03399	0.77081	0.01316	0.01700	0.01700	0.01261	0.01809	0.01042	0.01371	0.00877	0.00493	0.00548	0.00164	0.00658	0.00493	0.00274	0.00877
38	0.01521	0.75540	0.02811	0.00980	0.01441	0.07377	0.00956	0.01696	0.01156	0.01307	0.00776	0.00896	0.00711	0.00480	0.00365	0.00120	0.00620	0.00300	0.00240	0.00706
39	0.03122	0.51231	0.25309	0.01161	0.01725	0.06261	0.01278	0.01718	0.01160	0.01466	0.00842	0.00980	0.00706	0.00496	0.00415	0.00138	0.00680	0.00334	0.00241	0.00737
40	0.01155	0.02553	0.60739	0.01750	0.02510	0.01312	0.18661	0.01759	0.01201	0.01759	0.01023	0.01243	0.00733	0.00513	0.00555	0.00178	0.00845	0.00465	0.00244	0.00802
41	0.00962	0.00481	0.00722	0.00722	0.00722	0.00481	0.00481	0.00722	0.00722	0.00962	0.00962	0.01684	0.00962	0.01924	0.02165	0.83886	0.00481	0.00481	0.00241	0.00241
42	0.02069	0.02640	0.01569	0.01427	0.01712	0.78313	0.01070	0.02212	0.01569	0.01355	0.00856	0.00999	0.00713	0.00571	0.00499	0.00143	0.00999	0.00357	0.00285	0.00642
43	0.00738	0.00568	0.00695	0.00737	0.00867	0.00501	0.00534	0.00881	0.01165	0.01534	0.07265	0.43093	0.22647	0.01474	0.00667	0.00201	0.00331	0.07159	0.00501	0.08441

[dist]
# distance from previous block
# <min> <max>
0	4

[block]
# block no. 2 follows, 43 sequences, length 18
# corresponding to MSA columns:
# 73-90
name=unknown_C
#
# <colnr> <probs for GDERKNQSTAVLIFYWHMCP>
#	G	D	E	R	K	N	Q	S	T	A	V	L	I	F	Y	W	H	M	C	P
0	0.01273	0.01265	0.02308	0.01673	0.02161	0.01156	0.41476	0.07380	0.01394	0.01964	0.08995	0.01664	0.01300	0.00537	0.00580	0.00156	0.00697	0.00590	0.00349	0.23082
1	0.00692	0.00535	0.00636	0.00704	0.00816	0.00479	0.00513	0.00829	0.01186	0.01500	0.06457	0.37881	0.35183	0.01552	0.00689	0.00210	0.00321	0.08833	0.00517	0.00466
2	0.01345	0.01289	0.02201	0.09468	0.71216	0.01309	0.01687	0.01677	0.01249	0.01778	0.01037	0.01379	0.00866	0.00498	0.00549	0.00166	0.00664	0.00493	0.00272	0.00856
3	0.01659	0.43352	0.10501	0.01194	0.01635	0.30382	0.01112	0.01874	0.01295	0.01371	0.00826	0.00960	0.00711	0.00515	0.00427	0.00134	0.00768	0.00331	0.00255	0.00697
4	0.79615	0.05720	0.00936	0.00741	0.01091	0.01298	0.00620	0.01630	0.00953	0.02416	0.00771	0.00899	0.00606	0.00512	0.00343	0.00168	0.00438	0.00300	0.00337	0.00606
5	0.02298	0.00938	0.01241	0.00971	0.01377	0.00835	0.00796	0.02606	0.06953	0.67605	0.02390	0.02099	0.05792	0.00732	0.00563	0.00173	0.00458	0.00598	0.00667	0.00910
6	0.01037	0.00832	0.00959	0.00880	0.01089	0.00887	0.00674	0.01854	0.33343	0.02262	0.45005	0.03254	0.03718	0.00970	0.00615	0.00180	0.00337	0.00841	0.00590	0.00674
7	0.00725	0.00549	0.00649	0.00652	0.00773	0.00494	0.00467	0.00892	0.01306	0.01728	0.33179	0.16063	0.29371	0.09602	0.00888	0.00224	0.00306	0.01126	0.00534	0.00473
8	0.00675	0.00482	0.00643	0.00771	0.00803	0.00450	0.00514	0.00771	0.01060	0.01414	0.03053	0.80175	0.03663	0.01735	0.00707	0.00225	0.00321	0.01574	0.00514	0.00450
9	0.00697	0.00498	0.00669	0.00797	0.00839	0.00469	0.00554	0.00810	0.01083	0.01439	0.03040	0.72462	0.03613	0.01714	0.00713	0.00228	0.00341	0.09063	0.00514	0.00456
10	0.00697	0.00498	0.00669	0.00797	0.00839	0.00469	0.00554	0.00810	0.01083	0.01439	0.03040	0.72462	0.03613	0.01714	0.00713	0.00228	0.00341	0.09063	0.00514	0.00456
11	0.84448	0.01071	0.00814	0.00728	0.01071	0.01242	0.00600	0.01628	0.00943	0.02485	0.00771	0.00900	0.00600	0.00514	0.00343	0.00171	0.00428	0.00300	0.00343	0.00600
12	0.01733	0.01366	0.01452	0.01199	0.01576	0.01544	0.00963	0.38239	0.40207	0.02890	0.01803	0.01707	0.01325	0.00709	0.00559	0.00177	0.00522	0.00564	0.00559	0.00908
13	0.01363	0.01187	0.01888	0.02715	0.57543	0.01199	0.01412	0.07036	0.01342	0.01980	0.01203	0.01495	0.00981	0.00534	0.00519	0.00158	0.00581	0.00498	0.15550	0.00816
14	0.01143	0.09735	0.71082	0.01523	0.02311	0.01366	0.01949	0.01746	0.01165	0.01714	0.00974	0.01145	0.00702	0.00522	0.00511	0.00170	0.00799	0.00399	0.00234	0.00809
15	0.01430	0.04878	0.41556	0.01722	0.08993	0.01367	0.10642	0.13453	0.01451	0.07592	0.01147	0.01296	0.00822	0.00548	0.00545	0.00172	0.00752	0.00468	0.00327	0.00840
16	0.00746	0.00544	0.00701	0.00705	0.00815	0.00499	0.00512	0.00955	0.01413	0.01956	0.52167	0.23747	0.10559	0.01309	0.00667	0.00188	0.00278	0.01162	0.00578	0.00499
17	0.01244	0.00983	0.01151	0.00851	0.01297	0.00797	0.00680	0.07325	0.01330	0.05313	0.09276	0.01519	0.01331	0.00521	0.00454	0.00103	0.00413	0.00425	0.00392	0.64595

[dist]
# distance from previous block
# <min> <max>
0	1

[block]
# block no. 3 follows, 43 sequences, length 20
# corresponding to MSA columns:
# 92-111
name=unknown_D
#
# <colnr> <probs for GDERKNQSTAVLIFYWHMCP>
#	G	D	E	R	K	N	Q	S	T	A	V	L	I	F	Y	W	H	M	C	P
0	0.01223	0.05153	0.48445	0.01727	0.05861	0.01328	0.16196	0.05125	0.01264	0.01828	0.01028	0.01238	0.00756	0.00510	0.00540	0.00169	0.00790	0.00456	0.00266	0.06097
1	0.01093	0.01492	0.26910	0.01339	0.06769	0.00928	0.07280	0.01501	0.01385	0.07011	0.33119	0.02637	0.02741	0.00811	0.00600	0.00177	0.00551	0.02528	0.00436	0.00692
2	0.01148	0.00984	0.01148	0.00820	0.01312	0.00738	0.00656	0.01395	0.01148	0.01805	0.00984	0.01148	0.00820	0.00410	0.00410	0.00082	0.00410	0.00328	0.00328	0.83922
3	0.01339	0.00958	0.01393	0.01279	0.08452	0.00939	0.09746	0.07758	0.09866	0.14178	0.29104	0.02824	0.08032	0.00859	0.00610	0.00176	0.00463	0.00770	0.00534	0.00720
4	0.01260	0.06459	0.30409	0.01410	0.01946	0.01372	0.09513	0.02243	0.33346	0.01983	0.03410	0.01647	0.01254	0.00628	0.00550	0.00179	0.00641	0.00537	0.00390	0.00822
5	0.01236	0.01149	0.01758	0.05488	0.28047	0.01026	0.08128	0.01538	0.01201	0.01785	0.01017	0.01274	0.00838	0.00451	0.00488	0.00126	0.00562	0.00424	0.00301	0.43163
6	0.00936	0.00743	0.00881	0.00781	0.01007	0.00704	0.00598	0.01416	0.14687	0.02108	0.45220	0.03395	0.10136	0.00973	0.00598	0.00163	0.00318	0.00842	0.00548	0.13947
7	0.01272	0.01190	0.01994	0.02944	0.64234	0.01182	0.01501	0.01589	0.01313	0.01879	0.13804	0.01837	0.01610	0.00601	0.00566	0.00166	0.00591	0.00579	0.00331	0.00818
8	0.00805	0.00537	0.00604	0.00604	0.00604	0.00537	0.00336	0.00805	0.00805	0.01074	0.01745	0.03624	0.02013	0.80536	0.02819	0.00537	0.00537	0.00805	0.00336	0.00336
9	0.00670	0.00560	0.00585	0.00601	0.00775	0.00476	0.00454	0.00814	0.01250	0.01500	0.05293	0.10145	0.67930	0.01431	0.00664	0.00193	0.00296	0.05378	0.00514	0.00469
10	0.01111	0.02865	0.77667	0.01579	0.02397	0.01286	0.02046	0.01754	0.01169	0.01754	0.00994	0.01169	0.00702	0.00526	0.00526	0.00175	0.00818	0.00409	0.00234	0.00818
11	0.01481	0.80869	0.02902	0.00948	0.01421	0.02191	0.00948	0.01658	0.01125	0.01303	0.00770	0.00888	0.00711	0.00474	0.00355	0.00118	0.00592	0.00296	0.00237	0.00711
12	0.00892	0.00637	0.00892	0.01020	0.01147	0.00637	0.00892	0.01147	0.01275	0.01657	0.02932	0.06247	0.03187	0.01530	0.00765	0.00255	0.00510	0.73354	0.00510	0.00510
13	0.02052	0.02410	0.01574	0.01391	0.01704	0.62985	0.01061	0.14380	0.04249	0.01743	0.00982	0.01090	0.00784	0.00592	0.00511	0.00148	0.00915	0.00389	0.00339	0.00700
14	0.01179	0.17142	0.63983	0.01463	0.02218	0.01452	0.01845	0.01736	0.01161	0.01671	0.00953	0.01118	0.00703	0.00517	0.00495	0.00165	0.00777	0.00389	0.00234	0.00799
15	0.02035	0.01458	0.01323	0.01108	0.01452	0.23501	0.00879	0.11615	0.01680	0.33496	0.06718	0.02068	0.06097	0.00752	0.00559	0.00166	0.00619	0.03160	0.00530	0.00783
16	0.01111	0.02865	0.77667	0.01579	0.02397	0.01286	0.02046	0.01754	0.01169	0.01754	0.00994	0.01169	0.00702	0.00526	0.00526	0.00175	0.00818	0.00409	0.00234	0.00818
17	0.01296	0.00746	0.01001	0.00932	0.01161	0.00699	0.03356	0.01592	0.06989	0.22664	0.03087	0.21183	0.15004	0.01224	0.00656	0.00206	0.00427	0.16574	0.00556	0.00645
18	0.02485	0.00943	0.01285	0.00985	0.01414	0.00814	0.00814	0.02699	0.01585	0.77465	0.02185	0.01885	0.01371	0.00685	0.00557	0.00171	0.00471	0.00557	0.00685	0.00943
19	0.01460	0.01291	0.01663	0.01360	0.01734	0.01426	0.14056	0.12203	0.53199	0.02374	0.01932	0.01868	0.01442	0.00690	0.00578	0.00185	0.00549	0.00614	0.00512	0.00862

[dist]
# distance from previous block
# <min> <max>
0	9

[block]
# block no. 4 follows, 43 sequences, length 41
# corresponding to MSA columns:
# 121-161
name=unknown_E
#
# <colnr> <probs for GDERKNQSTAVLIFYWHMCP>
#	G	D	E	R	K	N	Q	S	T	A	V	L	I	F	Y	W	H	M	C	P
0	0.02434	0.01014	0.04117	0.01007	0.01450	0.00832	0.00860	0.02664	0.01570	0.74658	0.02141	0.01859	0.01346	0.00680	0.00556	0.00172	0.00484	0.00551	0.00669	0.00938
1	0.00899	0.00626	0.00827	0.00913	0.01033	0.00617	0.00744	0.01142	0.03864	0.03954	0.02976	0.18270	0.07900	0.08544	0.00917	0.00266	0.00461	0.45035	0.00503	0.00508
2	0.01183	0.15730	0.27956	0.28378	0.05702	0.01439	0.08925	0.01620	0.01158	0.01562	0.00966	0.01266	0.00737	0.00519	0.00519	0.00169	0.00756	0.00446	0.00245	0.00725
3	0.00759	0.00560	0.00711	0.00786	0.00857	0.00547	0.00542	0.01009	0.07819	0.01611	0.14615	0.58683	0.03681	0.04115	0.00754	0.00224	0.00329	0.01374	0.00528	0.00496
4	0.01148	0.00984	0.01148	0.00820	0.01312	0.00738	0.00656	0.01395	0.01148	0.01805	0.00984	0.01148	0.00820	0.00410	0.00410	0.00082	0.00410	0.00328	0.00328	0.83922
5	0.02470	0.00966	0.01300	0.00997	0.01426	0.00850	0.00823	0.05553	0.01625	0.74554	0.02151	0.01863	0.01354	0.00685	0.00557	0.00171	0.00477	0.00555	0.00680	0.00943
6	0.84448	0.01071	0.00814	0.00728	0.01071	0.01242	0.00600	0.01628	0.00943	0.02485	0.00771	0.00900	0.00600	0.00514	0.00343	0.00171	0.00428	0.00300	0.00343	0.00600
7	0.00675	0.00482	0.00643	0.00771	0.00803	0.00450	0.00514	0.00771	0.01060	0.01414	0.03053	0.80175	0.03663	0.01735	0.00707	0.00225	0.00321	0.01574	0.00514	0.00450
8	0.01233	0.01034	0.01117	0.01015	0.01274	0.01168	0.00777	0.02460	0.57710	0.02215	0.15490	0.02541	0.02342	0.06230	0.00732	0.00209	0.00413	0.00705	0.00556	0.00777
9	0.02069	0.02640	0.01569	0.01427	0.01712	0.78313	0.01070	0.02212	0.01569	0.01355	0.00856	0.00999	0.00713	0.00571	0.00499	0.00143	0.00999	0.00357	0.00285	0.00642
10	0.00675	0.00482	0.00643	0.00771	0.00803	0.00450	0.00514	0.00771	0.01060	0.01414	0.03053	0.80175	0.03663	0.01735	0.00707	0.00225	0.00321	0.01574	0.00514	0.00450
11	0.84448	0.01071	0.00814	0.00728	0.01071	0.01242	0.00600	0.01628	0.00943	0.02485	0.00771	0.00900	0.00600	0.00514	0.00343	0.00171	0.00428	0.00300	0.00343	0.00600
12	0.02069	0.02640	0.01569	0.01427	0.01712	0.78313	0.01070	0.02212	0.01569	0.01355	0.00856	0.00999	0.00713	0.00571	0.00499	0.00143	0.00999	0.00357	0.00285	0.00642
13	0.01378	0.01190	0.01252	0.01127	0.01440	0.01378	0.00877	0.02943	0.76081	0.02317	0.02254	0.02066	0.01691	0.00751	0.00564	0.00188	0.00438	0.00626	0.00564	0.00877
14	0.01032	0.00516	0.00516	0.00516	0.00645	0.00516	0.00387	0.01290	0.01161	0.02065	0.01807	0.02065	0.01420	0.00645	0.00387	0.00129	0.00258	0.00516	0.83611	0.00516
15	0.00791	0.00593	0.00890	0.00890	0.00989	0.00692	0.00692	0.00989	0.00890	0.01286	0.01483	0.02176	0.01385	0.04154	0.78341	0.00890	0.01483	0.00593	0.00297	0.00494
16	0.00831	0.00593	0.00822	0.00950	0.01050	0.00584	0.00785	0.01041	0.01214	0.01588	0.02966	0.27175	0.03322	0.01588	0.00749	0.00246	0.00457	0.53034	0.00511	0.00493
17	0.02069	0.02640	0.01569	0.01427	0.01712	0.78313	0.01070	0.02212	0.01569	0.01355	0.00856	0.00999	0.00713	0.00571	0.00499	0.00143	0.00999	0.00357	0.00285	0.00642
18	0.02460	0.00983	0.01310	0.01004	0.01434	0.00873	0.00830	0.07471	0.01652	0.72599	0.02129	0.01849	0.01343	0.00684	0.00557	0.00171	0.00480	0.00553	0.00677	0.00942
19	0.01275	0.01082	0.01164	0.01053	0.01335	0.01230	0.00816	0.02616	0.63262	0.02300	0.15077	0.02423	0.02299	0.00817	0.00579	0.00185	0.00408	0.00691	0.00571	0.00816
20	0.00730	0.00539	0.00683	0.00699	0.00808	0.00491	0.00504	0.00921	0.01363	0.01858	0.42916	0.28102	0.15615	0.01362	0.00670	0.00192	0.00283	0.01206	0.00565	0.00491
21	0.01307	0.01494	0.03268	0.02334	0.02894	0.01401	0.75070	0.01774	0.01307	0.01774	0.01120	0.01494	0.00840	0.00467	0.00654	0.00187	0.00934	0.00654	0.00280	0.00747
22	0.01032	0.00516	0.00516	0.00516	0.00645	0.00516	0.00387	0.01290	0.01161	0.02065	0.01807	0.02065	0.01420	0.00645	0.00387	0.00129	0.00258	0.00516	0.83611	0.00516
23	0.00675	0.00482	0.00643	0.00771	0.00803	0.00450	0.00514	0.00771	0.01060	0.01414	0.03053	0.80175	0.03663	0.01735	0.00707	0.00225	0.00321	0.01574	0.00514	0.00450
24	0.01310	0.01380	0.01675	0.33515	0.14896	0.17125	0.01349	0.01570	0.01185	0.01455	0.01068	0.06657	0.00953	0.00691	0.00745	0.00184	0.12776	0.00537	0.00276	0.00651
25	0.02300	0.01136	0.01392	0.01079	0.01503	0.01114	0.00887	0.23713	0.06932	0.50954	0.01942	0.01737	0.01268	0.00684	0.00557	0.00171	0.00509	0.00545	0.00639	0.00938
26	0.00780	0.00566	0.00735	0.00693	0.00825	0.00521	0.00519	0.01037	0.01558	0.02199	0.74612	0.04173	0.07417	0.01141	0.00653	0.00175	0.00262	0.01007	0.00607	0.00521
27	0.01132	0.00984	0.01229	0.13111	0.01705	0.00815	0.00795	0.01398	0.01142	0.01744	0.00984	0.01200	0.00807	0.00433	0.00433	0.00098	0.00462	0.00354	0.00315	0.70860
28	0.01111	0.02865	0.77667	0.01579	0.02397	0.01286	0.02046	0.01754	0.01169	0.01754	0.00994	0.01169	0.00702	0.00526	0.00526	0.00175	0.00818	0.00409	0.00234	0.00818
29	0.00675	0.00482	0.00643	0.00771	0.00803	0.00450	0.00514	0.00771	0.01060	0.01414	0.03053	0.80175	0.03663	0.01735	0.00707	0.00225	0.00321	0.01574	0.00514	0.00450
30	0.01045	0.00937	0.01546	0.71310	0.03496	0.01159	0.01423	0.01403	0.01113	0.01480	0.01067	0.01536	0.00807	0.00563	0.00537	0.00179	0.00690	0.00495	0.08611	0.00605
31	0.01473	0.17797	0.26104	0.01414	0.07390	0.03611	0.01341	0.08144	0.17956	0.07478	0.01344	0.01388	0.01005	0.00588	0.00506	0.00164	0.00639	0.00458	0.00372	0.00829
32	0.02278	0.01033	0.01301	0.01011	0.01418	0.00978	0.00831	0.15825	0.04390	0.56206	0.02006	0.01803	0.01307	0.00681	0.00545	0.00168	0.00481	0.00546	0.06281	0.00911
33	0.00675	0.00482	0.00643	0.00771	0.00803	0.00450	0.00514	0.00771	0.01060	0.01414	0.03053	0.80175	0.03663	0.01735	0.00707	0.00225	0.00321	0.01574	0.00514	0.00450
34	0.01489	0.18888	0.09578	0.02062	0.31578	0.03685	0.01363	0.11827	0.10676	0.01971	0.01162	0.01316	0.00929	0.00550	0.00505	0.00158	0.00635	0.00455	0.00336	0.00837
35	0.03149	0.04489	0.12601	0.01637	0.12638	0.18510	0.04605	0.13393	0.15288	0.03718	0.01339	0.03844	0.01061	0.00631	0.00538	0.00167	0.00700	0.00509	0.00384	0.00798
36	0.00829	0.00599	0.00762	0.00745	0.00774	0.00661	0.00499	0.00895	0.00833	0.01153	0.01600	0.03038	0.01743	0.52858	0.24783	0.00620	0.06170	0.00722	0.00318	0.00400
37	0.01448	0.01289	0.01841	0.23437	0.25422	0.03088	0.04199	0.17661	0.10217	0.02111	0.01227	0.01463	0.00941	0.00576	0.00552	0.00171	0.00656	0.00509	0.00362	0.02828
38	0.08550	0.05298	0.14854	0.01275	0.01641	0.15424	0.07213	0.05180	0.01330	0.01839	0.14788	0.01684	0.01556	0.00698	0.00705	0.00171	0.11570	0.00524	0.00347	0.05354
39	0.03340	0.48126	0.27113	0.01160	0.01732	0.01818	0.01293	0.01776	0.06219	0.01547	0.00944	0.01060	0.00772	0.00511	0.00425	0.00143	0.00652	0.00355	0.00261	0.00754
40	0.28830	0.03206	0.03674	0.00976	0.01348	0.07135	0.00815	0.15071	0.05671	0.15300	0.04025	0.03623	0.04114	0.00673	0.00483	0.00167	0.00515	0.00498	0.00461	0.03417

[dist]
# distance from previous block
# <min> <max>
4	12

[block]
# block no. 5 follows, 43 sequences, length 17
# corresponding to MSA columns:
# 178-194
name=unknown_F
#
# <colnr> <probs for GDERKNQSTAVLIFYWHMCP>
#	G	D	E	R	K	N	Q	S	T	A	V	L	I	F	Y	W	H	M	C	P
0	0.01960	0.01191	0.01393	0.01051	0.01503	0.01144	0.00862	0.30508	0.01857	0.27347	0.01513	0.01461	0.01049	0.00600	0.00514	0.00144	0.00508	0.00470	0.00533	0.24392
1	0.06504	0.00966	0.01504	0.01240	0.01433	0.01044	0.18315	0.02981	0.04591	0.01560	0.01664	0.10776	0.03617	0.23622	0.01452	0.00301	0.14017	0.03502	0.00353	0.00558
2	0.05186	0.12582	0.01633	0.01092	0.01517	0.01419	0.00920	0.29316	0.09613	0.28661	0.01621	0.01520	0.01123	0.00648	0.00520	0.00164	0.00534	0.00496	0.00547	0.00889
3	0.00707	0.00578	0.00633	0.00661	0.00835	0.00505	0.00524	0.00872	0.01265	0.01531	0.05026	0.05530	0.60767	0.01430	0.00679	0.00202	0.00331	0.16934	0.00513	0.00477
4	0.01583	0.01186	0.01299	0.01097	0.01430	0.01311	0.00872	0.23283	0.38985	0.08203	0.12601	0.02138	0.01957	0.00776	0.00573	0.00179	0.00464	0.00638	0.00576	0.00850
5	0.01718	0.01107	0.01377	0.01116	0.01452	0.01142	0.05689	0.32881	0.01879	0.16588	0.05296	0.09897	0.01702	0.00847	0.00580	0.00178	0.00516	0.06128	0.09123	0.00784
6	0.14231	0.01061	0.01280	0.00996	0.01415	0.01025	0.00823	0.14510	0.01661	0.54459	0.01840	0.01651	0.01189	0.00657	0.00526	0.00171	0.00488	0.00510	0.00614	0.00893
7	0.00820	0.00590	0.00804	0.00913	0.01020	0.00575	0.00750	0.01031	0.01244	0.01633	0.08663	0.24200	0.06854	0.01544	0.00737	0.00238	0.00434	0.46935	0.00519	0.00494
8	0.01289	0.01233	0.02100	0.22458	0.58661	0.01294	0.01659	0.01628	0.01222	0.01710	0.01027	0.01397	0.00842	0.00509	0.00550	0.00170	0.00678	0.00493	0.00267	0.00811
9	0.05841	0.12642	0.01397	0.00986	0.01263	0.13970	0.00774	0.20054	0.04959	0.01949	0.03044	0.02157	0.07404	0.20020	0.01064	0.00248	0.00603	0.00580	0.00399	0.00645
10	0.00721	0.00531	0.00675	0.00707	0.00806	0.00485	0.00504	0.00897	0.01317	0.01788	0.36502	0.35258	0.14931	0.01417	0.00675	0.00197	0.00288	0.01259	0.00557	0.00485
11	0.00985	0.00836	0.00742	0.00721	0.00762	0.11615	0.00440	0.01006	0.00914	0.01114	0.01618	0.03250	0.01828	0.69147	0.02489	0.00481	0.00603	0.00741	0.00328	0.00379
12	0.01669	0.32804	0.08044	0.01606	0.19809	0.01539	0.01179	0.01982	0.04185	0.20276	0.01259	0.01318	0.00951	0.00546	0.00473	0.00150	0.00590	0.00430	0.00369	0.00823
13	0.01345	0.14563	0.03062	0.02257	0.13218	0.01519	0.52392	0.01744	0.01271	0.01701	0.01051	0.01376	0.00824	0.00472	0.00589	0.00172	0.00838	0.00572	0.00272	0.00760
14	0.00892	0.00637	0.00892	0.01020	0.01147	0.00637	0.00892	0.01147	0.01275	0.01657	0.02932	0.06247	0.03187	0.01530	0.00765	0.00255	0.00510	0.73354	0.00510	0.00510
15	0.13012	0.09203	0.60401	0.01404	0.02126	0.01356	0.01747	0.01728	0.01133	0.01820	0.00943	0.01107	0.00688	0.00520	0.00486	0.00170	0.00744	0.00384	0.00250	0.00778
16	0.04961	0.01360	0.01852	0.33572	0.33487	0.12245	0.01497	0.01655	0.01229	0.01615	0.00980	0.01340	0.00786	0.00530	0.00535	0.00170	0.00729	0.00465	0.00267	0.00726

[dist]
# distance from previous block
# <min> <max>
0	1

[block]
# block no. 6 follows, 43 sequences, length 53
# corresponding to MSA columns:
# 196-248
name=unknown_G
#
# <colnr> <probs for GDERKNQSTAVLIFYWHMCP>
#	G	D	E	R	K	N	Q	S	T	A	V	L	I	F	Y	W	H	M	C	P
0	0.47652	0.01421	0.01124	0.00976	0.01322	0.14636	0.00781	0.12524	0.09295	0.04092	0.01056	0.01125	0.00802	0.00575	0.00429	0.00167	0.00555	0.00379	0.00394	0.00694
1	0.01934	0.14010	0.01628	0.01094	0.01498	0.03421	0.00913	0.18972	0.21442	0.26666	0.01748	0.01624	0.01235	0.00661	0.00524	0.00165	0.00527	0.00515	0.00541	0.00880
2	0.01600	0.01277	0.01311	0.01142	0.01478	0.05628	0.00897	0.09473	0.57310	0.10361	0.02085	0.01920	0.01534	0.00726	0.00558	0.00182	0.00489	0.00592	0.00560	0.00877
3	0.00742	0.00564	0.00683	0.00653	0.00802	0.00505	0.00490	0.00965	0.01470	0.01988	0.53908	0.04520	0.28252	0.01219	0.00654	0.00178	0.00267	0.01055	0.00579	0.00505
4	0.01326	0.01131	0.01214	0.01116	0.01409	0.01299	0.00878	0.02752	0.68126	0.02247	0.02326	0.02511	0.01850	0.00834	0.00585	0.00195	0.00446	0.08360	0.00558	0.00838
5	0.01148	0.00984	0.01148	0.00820	0.01312	0.00738	0.00656	0.01395	0.01148	0.01805	0.00984	0.01148	0.00820	0.00410	0.00410	0.00082	0.00410	0.00328	0.00328	0.83922
6	0.00747	0.00571	0.00631	0.00611	0.00779	0.00496	0.00453	0.00913	0.01325	0.03714	0.24148	0.04822	0.51483	0.05922	0.00778	0.00204	0.00296	0.01087	0.00534	0.00487
7	0.00783	0.00562	0.00680	0.00683	0.00809	0.00510	0.00498	0.00952	0.01300	0.03818	0.29912	0.16682	0.25823	0.09676	0.00893	0.00228	0.00324	0.04845	0.00534	0.00486
8	0.00696	0.00491	0.00636	0.00744	0.00771	0.00464	0.00485	0.00777	0.01019	0.01359	0.02843	0.67896	0.03398	0.14375	0.01046	0.00275	0.00356	0.01451	0.00485	0.00432
9	0.00686	0.00491	0.00653	0.00763	0.00806	0.00457	0.00515	0.00800	0.01114	0.01499	0.10814	0.72171	0.03827	0.01672	0.00701	0.00220	0.00315	0.01514	0.00524	0.00457
10	0.06131	0.01615	0.11036	0.02160	0.02735	0.01379	0.62966	0.01763	0.01271	0.01813	0.01087	0.01425	0.00812	0.00476	0.00622	0.00185	0.00892	0.00607	0.00279	0.00746
11	0.01632	0.01018	0.01290	0.13593	0.01781	0.01093	0.00964	0.02428	0.31947	0.26468	0.02100	0.02358	0.01593	0.00781	0.00581	0.00189	0.00505	0.08316	0.00546	0.00817
12	0.00692	0.00489	0.00638	0.00749	0.00777	0.00461	0.00491	0.00776	0.01027	0.01369	0.02881	0.70156	0.03447	0.12048	0.00983	0.00266	0.00350	0.01474	0.00491	0.00435
13	0.01212	0.01212	0.01696	0.01454	0.01454	0.01696	0.01212	0.01333	0.00848	0.01333	0.00727	0.01212	0.00727	0.00969	0.01818	0.00242	0.79523	0.00485	0.00242	0.00606
14	0.01174	0.01138	0.01363	0.43993	0.02625	0.13118	0.01166	0.01447	0.01239	0.04597	0.02107	0.02411	0.17959	0.00779	0.00574	0.00180	0.00659	0.02537	0.00338	0.00597
15	0.02049	0.00851	0.01158	0.00944	0.01293	0.00750	0.00777	0.02275	0.01549	0.57600	0.13968	0.02702	0.02169	0.00845	0.00594	0.00181	0.00442	0.08368	0.00655	0.00831
16	0.01329	0.00945	0.01030	0.00874	0.01052	0.01012	0.00624	0.30775	0.01530	0.02047	0.01578	0.02700	0.01582	0.48376	0.01907	0.00388	0.00566	0.00682	0.00424	0.00580
17	0.01148	0.00984	0.01148	0.00820	0.01312	0.00738	0.00656	0.01395	0.01148	0.01805	0.00984	0.01148	0.00820	0.00410	0.00410	0.00082	0.00410	0.00328	0.00328	0.83922
18	0.01431	0.01632	0.02999	0.02182	0.02705	0.10548	0.63200	0.04885	0.01392	0.01796	0.01098	0.01428	0.00829	0.00487	0.00631	0.00181	0.00928	0.00612	0.00292	0.00743
19	0.00805	0.00537	0.00604	0.00604	0.00604	0.00537	0.00336	0.00805	0.00805	0.01074	0.01745	0.03624	0.02013	0.80536	0.02819	0.00537	0.00537	0.00805	0.00336	0.00336
20	0.02372	0.01124	0.01397	0.01071	0.01504	0.01083	0.00885	0.24283	0.01888	0.55453	0.01930	0.01720	0.01243	0.00679	0.00556	0.00170	0.00512	0.00540	0.00646	0.00942
21	0.01284	0.01632	0.11135	0.02229	0.02802	0.01397	0.65250	0.01760	0.01280	0.01760	0.01096	0.01452	0.00822	0.00487	0.00672	0.00187	0.03108	0.00623	0.00274	0.00751
22	0.01330	0.01154	0.01318	0.01335	0.09435	0.01304	0.00936	0.02662	0.62281	0.02255	0.07971	0.02155	0.01881	0.00754	0.00569	0.00184	0.00448	0.00641	0.00536	0.00849
23	0.84448	0.01071	0.00814	0.00728	0.01071	0.01242	0.00600	0.01628	0.00943	0.02485	0.00771	0.00900	0.00600	0.00514	0.00343	0.00171	0.00428	0.00300	0.00343	0.00600
24	0.01121	0.04918	0.75699	0.01562	0.02371	0.01310	0.02017	0.01751	0.01168	0.01742	0.00988	0.01162	0.00702	0.00525	0.00522	0.00174	0.00813	0.00406	0.00234	0.00816
25	0.01937	0.02399	0.01725	0.01763	0.13570	0.63995	0.03323	0.02118	0.01513	0.01439	0.00893	0.01072	0.00743	0.00556	0.00512	0.00147	0.00943	0.00387	0.00283	0.00682
26	0.84448	0.01071	0.00814	0.00728	0.01071	0.01242	0.00600	0.01628	0.00943	0.02485	0.00771	0.00900	0.00600	0.00514	0.00343	0.00171	0.00428	0.00300	0.00343	0.00600
27	0.01281	0.01069	0.01156	0.01052	0.01323	0.01208	0.00811	0.06513	0.56194	0.02276	0.10133	0.10549	0.02231	0.00891	0.00588	0.00189	0.00417	0.00759	0.00563	0.00798
28	0.00793	0.00587	0.00860	0.00860	0.00948	0.00676	0.00654	0.00969	0.00881	0.01263	0.01511	0.02330	0.01451	0.12276	0.70311	0.00853	0.01383	0.00616	0.00301	0.00478
29	0.01199	0.00980	0.01621	0.70888	0.03559	0.01186	0.01461	0.01552	0.01158	0.09502	0.01112	0.01520	0.00806	0.00568	0.00554	0.00183	0.00710	0.00499	0.00293	0.00650
30	0.01307	0.01494	0.03268	0.02334	0.02894	0.01401	0.75070	0.01774	0.01307	0.01774	0.01120	0.01494	0.00840	0.00467	0.00654	0.00187	0.00934	0.00654	0.00280	0.00747
31	0.01307	0.01494	0.03268	0.02334	0.02894	0.01401	0.75070	0.01774	0.01307	0.01774	0.01120	0.01494	0.00840	0.00467	0.00654	0.00187	0.00934	0.00654	0.00280	0.00747
32	0.01481	0.80869	0.02902	0.00948	0.01421	0.02191	0.00948	0.01658	0.01125	0.01303	0.00770	0.00888	0.00711	0.00474	0.00355	0.00118	0.00592	0.00296	0.00237	0.00711
33	0.02485	0.00943	0.01285	0.00985	0.01414	0.00814	0.00814	0.02699	0.01585	0.77465	0.02185	0.01885	0.01371	0.00685	0.00557	0.00171	0.00471	0.00557	0.00685	0.00943
34	0.02069	0.02640	0.01569	0.01427	0.01712	0.78313	0.01070	0.02212	0.01569	0.01355	0.00856	0.00999	0.00713	0.00571	0.00499	0.00143	0.00999	0.00357	0.00285	0.00642
35	0.01111	0.02865	0.77667	0.01579	0.02397	0.01286	0.02046	0.01754	0.01169	0.01754	0.00994	0.01169	0.00702	0.00526	0.00526	0.00175	0.00818	0.00409	0.00234	0.00818
36	0.01022	0.00519	0.00532	0.00532	0.00660	0.00524	0.00400	0.01278	0.01150	0.02032	0.01793	0.02069	0.01418	0.00791	0.03633	0.00161	0.00309	0.00519	0.80142	0.00515
37	0.00962	0.00481	0.00722	0.00722	0.00722	0.00481	0.00481	0.00722	0.00722	0.00962	0.00962	0.01684	0.00962	0.01924	0.02165	0.83886	0.00481	0.00481	0.00241	0.00241
38	0.01966	0.01288	0.01450	0.01132	0.01524	0.01368	0.00927	0.50619	0.02259	0.16526	0.13320	0.01869	0.01691	0.00742	0.00570	0.00168	0.00530	0.00588	0.00586	0.00876
39	0.01111	0.02865	0.77667	0.01579	0.02397	0.01286	0.02046	0.01754	0.01169	0.01754	0.00994	0.01169	0.00702	0.00526	0.00526	0.00175	0.00818	0.00409	0.00234	0.00818
40	0.00668	0.00508	0.00616	0.00703	0.00785	0.00456	0.00484	0.00779	0.01126	0.01440	0.03882	0.55908	0.27395	0.01627	0.00690	0.00213	0.00308	0.01443	0.00514	0.00456
41	0.00721	0.00515	0.00692	0.00802	0.00860	0.00487	0.00574	0.00859	0.01148	0.01538	0.10874	0.60492	0.03755	0.01639	0.00710	0.00224	0.00345	0.12774	0.00524	0.00467
42	0.01371	0.01316	0.02248	0.03399	0.77081	0.01316	0.01700	0.01700	0.01261	0.01809	0.01042	0.01371	0.00877	0.00493	0.00548	0.00164	0.00658	0.00493	0.00274	0.00877
43	0.00881	0.00630	0.00876	0.00986	0.01113	0.00625	0.00853	0.01137	0.01306	0.01717	0.10786	0.06023	0.03404	0.01488	0.00753	0.00246	0.00484	0.65660	0.00521	0.00511
44	0.00684	0.00489	0.00653	0.00782	0.00818	0.00458	0.00531	0.00787	0.01070	0.01424	0.03047	0.76968	0.03642	0.01726	0.00709	0.00226	0.00330	0.04689	0.00514	0.00452
45	0.01264	0.01404	0.03018	0.02196	0.02711	0.01320	0.67262	0.01708	0.01304	0.01762	0.01311	0.01994	0.01087	0.00579	0.00665	0.00194	0.00889	0.08306	0.00304	0.00722
46	0.01291	0.01430	0.03017	0.09306	0.10786	0.01376	0.60785	0.01734	0.01285	0.01746	0.01100	0.01479	0.00835	0.00477	0.00634	0.00184	0.00887	0.00622	0.00276	0.00749
47	0.01297	0.01228	0.02079	0.03123	0.69052	0.01225	0.01575	0.01602	0.01240	0.01768	0.01253	0.09666	0.01170	0.00624	0.00565	0.00171	0.00623	0.00607	0.00299	0.00832
48	0.00699	0.00618	0.04458	0.00773	0.00875	0.00498	0.00576	0.00839	0.01126	0.01489	0.07464	0.59980	0.15381	0.01588	0.00687	0.00214	0.00336	0.01419	0.00506	0.00475
49	0.01118	0.00986	0.01371	0.17288	0.13014	0.00900	0.00985	0.01392	0.01161	0.01705	0.02570	0.06608	0.01126	0.00574	0.00491	0.00130	0.00508	0.01859	0.00324	0.45892
50	0.01593	0.00929	0.01197	0.09132	0.01560	0.00822	0.00809	0.04717	0.01378	0.29160	0.02025	0.02164	0.09223	0.00698	0.00528	0.00149	0.00466	0.04293	0.00487	0.28668
51	0.01230	0.01086	0.01513	0.01510	0.14388	0.01107	0.09825	0.09133	0.20891	0.02034	0.06193	0.05213	0.14437	0.03528	0.00664	0.00188	0.00514	0.00729	0.00450	0.05365
52	0.10510	0.04814	0.01682	0.06890	0.11833	0.28446	0.04951	0.09204	0.01483	0.09866	0.01202	0.01337	0.02829	0.00594	0.00534	0.00161	0.02123	0.00450	0.00359	0.00732

[dist]
# distance from previous block
# <min> <max>
2	14

[block]
# block no. 7 follows, 43 sequences, length 23
# corresponding to MSA columns:
# 263-285
name=unknown_H
#
# <colnr> <probs for GDERKNQSTAVLIFYWHMCP>
#	G	D	E	R	K	N	Q	S	T	A	V	L	I	F	Y	W	H	M	C	P
0	0.01446	0.01299	0.01929	0.10720	0.36477	0.03091	0.06377	0.15019	0.08391	0.02128	0.04279	0.01571	0.01134	0.00585	0.00557	0.00169	0.00636	0.00535	0.02834	0.00821
1	0.03681	0.00947	0.01313	0.01154	0.01256	0.01194	0.00938	0.01404	0.00966	0.12069	0.01214	0.01700	0.01074	0.05153	0.25828	0.00447	0.38188	0.00537	0.00329	0.00607
2	0.04143	0.04006	0.01532	0.01205	0.01598	0.23103	0.00966	0.29502	0.04555	0.16819	0.01340	0.01334	0.00963	0.00620	0.00519	0.00155	0.00669	0.00453	0.00475	0.06043
3	0.02017	0.12728	0.01837	0.01228	0.01676	0.01784	0.01038	0.64867	0.02396	0.03182	0.01251	0.01267	0.00909	0.00638	0.00526	0.00159	0.00607	0.00470	0.00509	0.00909
4	0.00791	0.00531	0.00608	0.00622	0.00626	0.00528	0.00355	0.00802	0.00833	0.01111	0.01886	0.11880	0.02191	0.72038	0.02591	0.00503	0.00514	0.00888	0.00355	0.00348
5	0.00661	0.00561	0.00570	0.00568	0.00752	0.00470	0.00426	0.00807	0.01278	0.01533	0.09214	0.05270	0.73231	0.01389	0.00654	0.00186	0.00280	0.01160	0.00519	0.00470
6	0.12981	0.29254	0.41302	0.01243	0.01877	0.01589	0.01467	0.01704	0.01122	0.01703	0.00886	0.01035	0.00690	0.00507	0.00442	0.00155	0.00686	0.00355	0.00250	0.00751
7	0.01316	0.01469	0.03124	0.02484	0.13349	0.01389	0.64731	0.01764	0.01301	0.01779	0.01109	0.01477	0.00846	0.00471	0.00639	0.00184	0.00895	0.00631	0.00279	0.00765
8	0.00821	0.00557	0.00764	0.00764	0.00814	0.00606	0.00535	0.00885	0.00835	0.01163	0.01499	0.02615	0.01545	0.30826	0.40461	0.12951	0.01002	0.00652	0.00302	0.00401
9	0.00805	0.00537	0.00604	0.00604	0.00604	0.00537	0.00336	0.00805	0.00805	0.01074	0.01745	0.03624	0.02013	0.80536	0.02819	0.00537	0.00537	0.00805	0.00336	0.00336
10	0.84448	0.01071	0.00814	0.00728	0.01071	0.01242	0.00600	0.01628	0.00943	0.02485	0.00771	0.00900	0.00600	0.00514	0.00343	0.00171	0.00428	0.00300	0.00343	0.00600
11	0.84448	0.01071	0.00814	0.00728	0.01071	0.01242	0.00600	0.01628	0.00943	0.02485	0.00771	0.00900	0.00600	0.00514	0.00343	0.00171	0.00428	0.00300	0.00343	0.00600
12	0.01530	0.01271	0.01597	0.01311	0.01683	0.01400	0.11354	0.13101	0.51113	0.06369	0.01959	0.01871	0.01447	0.00695	0.00575	0.00184	0.00534	0.00608	0.00529	0.00871
13	0.00805	0.00539	0.00615	0.00615	0.00619	0.00543	0.00350	0.00813	0.00809	0.01082	0.01735	0.03567	0.01989	0.77528	0.05793	0.00551	0.00574	0.00797	0.00334	0.00342
14	0.01179	0.26740	0.43633	0.01259	0.01873	0.01459	0.01491	0.01624	0.01212	0.01680	0.11605	0.01500	0.01342	0.00595	0.00491	0.00158	0.00670	0.00458	0.00288	0.00743
15	0.01002	0.00698	0.00834	0.00749	0.00925	0.00689	0.00575	0.11528	0.01648	0.02358	0.53694	0.03481	0.05995	0.01005	0.00602	0.00167	0.00310	0.00867	0.12294	0.00579
16	0.01302	0.01713	0.21416	0.02810	0.52200	0.01314	0.04940	0.01761	0.03902	0.01812	0.01076	0.01350	0.00860	0.00510	0.00548	0.00169	0.00703	0.00484	0.00274	0.00857
17	0.00892	0.00637	0.00892	0.01020	0.01147	0.00637	0.00892	0.01147	0.01275	0.01657	0.02932	0.06247	0.03187	0.01530	0.00765	0.00255	0.00510	0.73354	0.00510	0.00510
18	0.01710	0.01390	0.01714	0.01819	0.22342	0.01517	0.01184	0.35793	0.21796	0.02716	0.01497	0.01537	0.01123	0.00641	0.00555	0.00171	0.00577	0.00531	0.00480	0.00907
19	0.01476	0.00875	0.00938	0.00797	0.01049	0.00919	0.00633	0.22391	0.04851	0.08957	0.01724	0.01842	0.01292	0.00659	0.00457	0.00146	0.00384	0.00519	0.49404	0.00689
20	0.01426	0.11635	0.20797	0.01530	0.12326	0.04122	0.01290	0.09925	0.17138	0.05758	0.01490	0.07576	0.01227	0.00682	0.00533	0.00171	0.00615	0.00559	0.00390	0.00810
21	0.01178	0.17024	0.64096	0.01464	0.02220	0.01451	0.01847	0.01737	0.01161	0.01672	0.00953	0.01118	0.00703	0.00517	0.00495	0.00165	0.00777	0.00389	0.00234	0.00799
22	0.01888	0.04902	0.01315	0.01024	0.01361	0.11865	0.00821	0.09102	0.07580	0.34025	0.16433	0.03656	0.02030	0.00771	0.00561	0.00167	0.00518	0.00623	0.00568	0.00792

[dist]
# distance from previous block
# <min> <max>
0	2

[block]
# block no. 8 follows, 43 sequences, length 54
# corresponding to MSA columns:
# 288-341
name=unknown_I
#
# <colnr> <probs for GDERKNQSTAVLIFYWHMCP>
#	G	D	E	R	K	N	Q	S	T	A	V	L	I	F	Y	W	H	M	C	P
