[name]
unknown

[dist]
# distance from previous block
# <min> <max>
0	53

[block]
# block no. 0 follows, 44 sequences, length 16
# corresponding to MSA columns:
# 57-72
name=unknown_A
#
# <colnr> <probs for GDERKNQSTAVLIFYWHMCP>
#	G	D	E	R	K	N	Q	S	T	A	V	L	I	F	Y	W	H	M	C	P
0	0.01634	0.01450	0.01436	0.01219	0.01507	0.23780	0.07648	0.11286	0.04634	0.12875	0.01437	0.01849	0.01190	0.06550	0.15648	0.00324	0.00870	0.03583	0.00398	0.00679
1	0.01772	0.02031	0.16600	0.01316	0.01750	0.27172	0.01187	0.18091	0.14680	0.08104	0.01313	0.01338	0.00967	0.00613	0.00524	0.00162	0.00729	0.00453	0.00407	0.00794
2	0.12372	0.21309	0.01857	0.28648	0.02294	0.19877	0.03451	0.01678	0.01188	0.01501	0.00863	0.01124	0.00699	0.00522	0.00460	0.00154	0.00718	0.00385	0.00263	0.00637
3	0.01156	0.00955	0.01281	0.36647	0.02270	0.03220	0.01030	0.13548	0.01262	0.01665	0.01271	0.02008	0.01138	0.20738	0.05975	0.00305	0.00690	0.00566	0.03696	0.00580
4	0.01003	0.00924	0.00912	0.00938	0.01053	0.14133	0.00693	0.04110	0.01160	0.01445	0.02139	0.37794	0.02362	0.02094	0.21620	0.00383	0.00763	0.05554	0.00411	0.00511
5	0.01711	0.01100	0.01179	0.00985	0.01295	0.07818	0.00782	0.13699	0.13691	0.25674	0.19458	0.02249	0.02167	0.00773	0.00558	0.00167	0.00467	0.00633	0.04822	0.00773
6	0.00790	0.00542	0.00661	0.00661	0.00683	0.00564	0.00413	0.00835	0.00812	0.01106	0.01657	0.03234	0.01837	0.62868	0.20549	0.00610	0.00747	0.00744	0.00321	0.00367
7	0.01181	0.00759	0.00903	0.00823	0.01032	0.00736	0.00626	0.13106	0.03600	0.12880	0.17401	0.24667	0.17724	0.01185	0.00626	0.00187	0.00367	0.01023	0.00556	0.00619
8	0.26491	0.00861	0.00939	0.00780	0.01104	0.00854	0.00634	0.02000	0.01269	0.36628	0.01645	0.01612	0.01136	0.00615	0.00444	0.00158	0.00399	0.00463	0.21244	0.00723
9	0.01193	0.24298	0.57412	0.01384	0.02096	0.01510	0.01718	0.01701	0.01139	0.01605	0.00918	0.01075	0.00693	0.00504	0.00472	0.00157	0.00745	0.00372	0.00231	0.00777
10	0.00918	0.00488	0.00715	0.00715	0.00723	0.00497	0.00479	0.00741	0.00732	0.00985	0.01061	0.01869	0.01075	0.09055	0.08978	0.69374	0.00566	0.00511	0.00250	0.00267
11	0.00860	0.01129	0.19987	0.00990	0.01245	0.00797	0.00945	0.01126	0.00928	0.01340	0.01390	0.02169	0.01315	0.17936	0.44689	0.00635	0.01119	0.00579	0.00284	0.00536
12	0.01284	0.01316	0.02274	0.01851	0.06801	0.01441	0.33737	0.01919	0.19846	0.01773	0.01278	0.01533	0.01010	0.00655	0.00901	0.00196	0.20522	0.00585	0.00335	0.00740
13	0.01460	0.01461	0.14210	0.01643	0.19330	0.05951	0.01200	0.03392	0.15647	0.13412	0.08141	0.01721	0.01426	0.00624	0.00534	0.00161	0.00569	0.00528	0.00418	0.08170
14	0.01093	0.02820	0.78016	0.01554	0.02360	0.01266	0.02014	0.01727	0.01151	0.01727	0.00978	0.01151	0.00691	0.00518	0.00518	0.00173	0.00806	0.00403	0.00230	0.00806
15	0.02271	0.00967	0.01260	0.00992	0.01396	0.00890	0.00811	0.02695	0.13559	0.65715	0.02162	0.01884	0.01400	0.00685	0.00549	0.00171	0.00459	0.00559	0.00656	0.00917

[dist]
# distance from previous block
# <min> <max>
0	2

[block]
# block no. 1 follows, 44 sequences, length 30
# corresponding to MSA columns:
# 75-104
name=unknown_B
#
# <colnr> <probs for GDERKNQSTAVLIFYWHMCP>
#	G	D	E	R	K	N	Q	S	T	A	V	L	I	F	Y	W	H	M	C	P
0	0.01198	0.01165	0.00998	0.00910	0.01164	0.15014	0.00698	0.07498	0.21242	0.01816	0.03468	0.03313	0.37353	0.01005	0.00585	0.00175	0.00471	0.00812	0.00481	0.00635
1	0.01079	0.01041	0.01827	0.66371	0.09484	0.01233	0.08371	0.01448	0.01120	0.01456	0.00986	0.01447	0.00747	0.00532	0.00554	0.00180	0.00738	0.00499	0.00248	0.00638
2	0.01428	0.01292	0.01957	0.01756	0.12854	0.01341	0.21457	0.09929	0.31348	0.04112	0.01578	0.01653	0.01189	0.00598	0.00568	0.00173	0.00614	0.00575	0.00427	0.05153
3	0.00737	0.00515	0.00655	0.00708	0.00737	0.00517	0.00460	0.00807	0.00911	0.01231	0.02217	0.35601	0.02565	0.35471	0.13949	0.00455	0.00587	0.01077	0.00398	0.00402
4	0.01013	0.00887	0.00915	0.00918	0.01079	0.07858	0.00691	0.01540	0.21110	0.01778	0.14352	0.28420	0.06312	0.01216	0.00636	0.00198	0.00418	0.09557	0.00513	0.00590
5	0.00695	0.00531	0.00638	0.00660	0.00780	0.00474	0.00476	0.00861	0.01288	0.01697	0.29698	0.27252	0.30209	0.01386	0.00659	0.00191	0.00282	0.01212	0.00539	0.00474
6	0.01227	0.00924	0.01062	0.00958	0.01177	0.01034	0.00741	0.15160	0.25806	0.02033	0.01829	0.05823	0.03017	0.03736	0.19287	0.06975	0.00689	0.00627	0.07231	0.00665
7	0.00786	0.00554	0.00725	0.00725	0.00771	0.00600	0.00494	0.00877	0.00832	0.01154	0.01598	0.02905	0.01694	0.45167	0.38055	0.00690	0.00962	0.00696	0.00313	0.00403
8	0.00825	0.00631	0.00879	0.00855	0.00916	0.00740	0.00637	0.00958	0.00849	0.01213	0.01456	0.02438	0.01468	0.24873	0.50014	0.00716	0.09151	0.00631	0.00297	0.00455
9	0.01005	0.00807	0.00965	0.00782	0.01099	0.00672	0.00604	0.04801	0.01312	0.01923	0.23433	0.11525	0.04347	0.00802	0.00521	0.00130	0.00357	0.00690	0.00441	0.43785
10	0.01769	0.07651	0.01654	0.12550	0.01898	0.03422	0.01066	0.39186	0.11149	0.08256	0.01351	0.01412	0.00987	0.00648	0.00591	0.00169	0.04454	0.00490	0.00466	0.00831
11	0.16122	0.59769	0.09450	0.00952	0.01427	0.01910	0.00972	0.01636	0.01080	0.01529	0.00779	0.00902	0.00680	0.00478	0.00363	0.00131	0.00575	0.00302	0.00251	0.00690
12	0.05169	0.02180	0.03226	0.01896	0.20960	0.52372	0.03104	0.02006	0.01429	0.01511	0.00895	0.01088	0.00742	0.00537	0.00502	0.00149	0.00870	0.00392	0.00279	0.00695
13	0.02277	0.01126	0.01379	0.01065	0.01486	0.01105	0.00877	0.25346	0.05519	0.51021	0.01892	0.01694	0.01234	0.00672	0.00548	0.00168	0.00505	0.00534	0.00629	0.00924
14	0.00721	0.00550	0.00665	0.00665	0.00802	0.00494	0.00498	0.00919	0.01368	0.01821	0.40119	0.13116	0.29792	0.01294	0.00655	0.00186	0.00283	0.05013	0.00552	0.00487
15	0.01093	0.02820	0.78016	0.01554	0.02360	0.01266	0.02014	0.01727	0.01151	0.01727	0.00978	0.01151	0.00691	0.00518	0.00518	0.00173	0.00806	0.00403	0.00230	0.00806
16	0.00720	0.00518	0.00683	0.00721	0.00803	0.00480	0.00510	0.00900	0.01304	0.01805	0.41615	0.40694	0.04407	0.01399	0.00668	0.00195	0.00286	0.01256	0.00555	0.00480
17	0.00781	0.00554	0.00717	0.00710	0.00770	0.00580	0.00489	0.00895	0.00952	0.01320	0.13490	0.03172	0.04197	0.38453	0.29974	0.00590	0.00818	0.00756	0.00363	0.00419
18	0.01424	0.73917	0.09813	0.00990	0.01488	0.02075	0.01033	0.01641	0.01112	0.01324	0.00778	0.00900	0.00699	0.00471	0.00365	0.00122	0.00604	0.00302	0.00233	0.00709
19	0.01089	0.01091	0.02033	0.01558	0.01928	0.01030	0.38159	0.01530	0.08202	0.01747	0.07089	0.16587	0.05415	0.00827	0.00629	0.00184	0.00635	0.02638	0.00387	0.07242
20	0.05708	0.01144	0.01900	0.33657	0.29322	0.01250	0.08672	0.05070	0.01227	0.01746	0.01042	0.01406	0.00816	0.00523	0.00534	0.00171	0.00675	0.00492	0.03924	0.00720
21	0.01548	0.01359	0.01343	0.01189	0.01464	0.12801	0.00954	0.15233	0.30608	0.05539	0.01800	0.02256	0.01498	0.00827	0.00693	0.00189	0.08313	0.11144	0.00479	0.00765
22	0.01275	0.01221	0.02067	0.19548	0.58619	0.01293	0.01620	0.01599	0.01193	0.01679	0.01001	0.01365	0.00828	0.00517	0.00591	0.00169	0.03869	0.00485	0.00263	0.00798
23	0.01218	0.01162	0.01976	0.34563	0.47247	0.01261	0.01608	0.01558	0.01179	0.01622	0.01002	0.01392	0.00807	0.00510	0.00542	0.00170	0.00680	0.00485	0.00259	0.00758
24	0.01172	0.01020	0.01060	0.00990	0.01237	0.04196	0.00768	0.02195	0.47783	0.02041	0.09577	0.07089	0.10933	0.00954	0.00594	0.00189	0.00419	0.06523	0.00535	0.00724
25	0.00781	0.00524	0.00598	0.00610	0.00613	0.00521	0.00346	0.00790	0.00816	0.01088	0.01835	0.10590	0.02130	0.73616	0.02585	0.00501	0.00509	0.00862	0.00346	0.00341
26	0.00664	0.00474	0.00633	0.00759	0.00791	0.00443	0.00506	0.00759	0.01044	0.01392	0.03005	0.80485	0.03606	0.01708	0.00696	0.00221	0.00316	0.01550	0.00506	0.00443
27	0.01091	0.01037	0.01722	0.61256	0.14223	0.01266	0.01507	0.01426	0.01088	0.01442	0.00954	0.01414	0.00746	0.00574	0.00659	0.00184	0.08038	0.00484	0.00246	0.00642
28	0.01059	0.00999	0.01689	0.72479	0.10575	0.01219	0.01529	0.01419	0.01104	0.01429	0.00974	0.01444	0.00739	0.00540	0.00545	0.00180	0.00719	0.00485	0.00245	0.00629
29	0.01360	0.01160	0.01221	0.01090	0.01399	0.01330	0.00850	0.06698	0.68826	0.02303	0.02331	0.02152	0.05304	0.00766	0.00559	0.00184	0.00433	0.00636	0.00552	0.00847

[dist]
# distance from previous block
# <min> <max>
0	1

[block]
# block no. 2 follows, 44 sequences, length 38
# corresponding to MSA columns:
# 106-143
name=unknown_C
#
# <colnr> <probs for GDERKNQSTAVLIFYWHMCP>
#	G	D	E	R	K	N	Q	S	T	A	V	L	I	F	Y	W	H	M	C	P
0	0.00720	0.00569	0.00658	0.00674	0.00834	0.00507	0.00532	0.00908	0.01311	0.01663	0.20786	0.05173	0.46119	0.01348	0.00666	0.00195	0.00318	0.16011	0.00526	0.00481
1	0.01185	0.01540	0.22450	0.01101	0.01624	0.01058	0.01088	0.01911	0.22915	0.01908	0.01333	0.01397	0.01023	0.00532	0.00479	0.00136	0.00523	0.00430	0.00364	0.37001
2	0.01133	0.11407	0.69778	0.01486	0.02254	0.01364	0.01896	0.01716	0.01146	0.01678	0.00954	0.01121	0.00692	0.00512	0.00500	0.00167	0.00781	0.00391	0.00231	0.00794
3	0.00673	0.00490	0.00618	0.00716	0.00766	0.00453	0.00478	0.00765	0.01049	0.01373	0.03244	0.63138	0.13781	0.08657	0.00872	0.00243	0.00329	0.01427	0.00491	0.00435
4	0.01701	0.01397	0.01378	0.01153	0.01498	0.08459	0.00921	0.35048	0.29403	0.02676	0.01669	0.01701	0.01259	0.00694	0.00536	0.00168	0.00545	0.02057	0.06903	0.00836
5	0.01020	0.01671	0.31609	0.02742	0.01968	0.01026	0.18451	0.01448	0.02500	0.01641	0.01615	0.24209	0.01590	0.00847	0.00593	0.00185	0.00661	0.00791	0.00332	0.05102
6	0.01513	0.08765	0.01733	0.34070	0.05297	0.30190	0.01262	0.05510	0.01334	0.01477	0.00914	0.01207	0.00730	0.00561	0.00548	0.00161	0.03389	0.00418	0.00272	0.00649
7	0.01458	0.81168	0.02857	0.00933	0.01399	0.02157	0.00933	0.01632	0.01108	0.01283	0.00758	0.00875	0.00700	0.00466	0.00350	0.00117	0.00583	0.00292	0.00233	0.00700
8	0.00753	0.00535	0.00583	0.00583	0.00633	0.00510	0.00353	0.00790	0.00914	0.01169	0.02740	0.04019	0.22188	0.59500	0.02203	0.00436	0.00461	0.00889	0.00378	0.00365
9	0.00789	0.00543	0.00670	0.00670	0.00696	0.00570	0.00425	0.00841	0.00815	0.01113	0.01649	0.03185	0.01816	0.60227	0.23160	0.00622	0.00779	0.00737	0.00320	0.00372
10	0.00694	0.00544	0.00628	0.00627	0.00772	0.00478	0.00463	0.00871	0.01329	0.01727	0.31767	0.14130	0.41379	0.01323	0.00650	0.00184	0.00274	0.01139	0.00541	0.00478
11	0.77159	0.01195	0.00869	0.00780	0.01112	0.08279	0.00633	0.01655	0.00984	0.02345	0.00767	0.00895	0.00601	0.00511	0.00351	0.00166	0.00473	0.00300	0.00332	0.00594
12	0.02240	0.01349	0.01459	0.01138	0.01554	0.08137	0.00931	0.35779	0.02015	0.37199	0.01652	0.01529	0.01100	0.00655	0.00542	0.00164	0.00572	0.00505	0.00581	0.00901
13	0.01414	0.01304	0.02073	0.02958	0.63815	0.01336	0.01543	0.08322	0.08212	0.01973	0.01159	0.01408	0.00942	0.00524	0.00542	0.00164	0.00624	0.00498	0.00320	0.00869
14	0.00657	0.00517	0.00594	0.00651	0.00764	0.00454	0.00459	0.00779	0.01161	0.01458	0.06564	0.39552	0.41415	0.01522	0.00668	0.00201	0.00294	0.01328	0.00509	0.00454
15	0.01534	0.01753	0.01236	0.01173	0.01389	0.43069	0.00868	0.01914	0.14902	0.01521	0.01689	0.23187	0.01680	0.00911	0.00560	0.00171	0.00699	0.00731	0.00393	0.00621
16	0.00695	0.00554	0.00623	0.00605	0.00767	0.00482	0.00454	0.00880	0.01362	0.01757	0.34032	0.04779	0.48532	0.01275	0.00644	0.00179	0.00269	0.01085	0.00544	0.00482
17	0.00792	0.00533	0.00619	0.00619	0.00628	0.00542	0.00361	0.00809	0.00800	0.01076	0.01695	0.03442	0.01927	0.74056	0.09485	0.00559	0.00611	0.00774	0.00327	0.00344
18	0.84691	0.01054	0.00801	0.00717	0.01054	0.01223	0.00590	0.01603	0.00928	0.02446	0.00759	0.00886	0.00590	0.00506	0.00337	0.00169	0.00422	0.00295	0.00337	0.00590
19	0.01204	0.01147	0.01950	0.37974	0.43948	0.01257	0.01601	0.01546	0.01173	0.01605	0.01000	0.01397	0.00801	0.00513	0.00542	0.00171	0.00684	0.00485	0.00257	0.00746
20	0.01338	0.01395	0.02694	0.02266	0.15990	0.01351	0.48720	0.05624	0.08031	0.01888	0.01194	0.01477	0.00913	0.00497	0.00602	0.00175	0.00790	0.00592	0.00315	0.04147
21	0.00712	0.00541	0.00572	0.00572	0.00672	0.00491	0.00376	0.00787	0.01038	0.01284	0.03793	0.04484	0.43021	0.37498	0.01613	0.00341	0.00391	0.00988	0.00426	0.00401
22	0.01273	0.41516	0.01928	0.00932	0.01240	0.10920	0.00818	0.01442	0.01214	0.01444	0.12061	0.08838	0.08553	0.00789	0.00543	0.00149	0.04790	0.00596	0.00340	0.00615
23	0.00667	0.00553	0.00584	0.00576	0.00750	0.00470	0.00432	0.00827	0.01297	0.01601	0.18382	0.05036	0.64279	0.01333	0.00644	0.00182	0.00273	0.01121	0.00523	0.00470
24	0.00814	0.00653	0.00943	0.21864	0.01595	0.00686	0.00774	0.01063	0.01315	0.01787	0.38978	0.16464	0.08815	0.01082	0.00626	0.00184	0.00395	0.00959	0.00481	0.00523
25	0.08816	0.64665	0.02672	0.01051	0.01509	0.04105	0.07697	0.01655	0.01120	0.01429	0.00792	0.00933	0.00702	0.00472	0.00379	0.00128	0.00610	0.00326	0.00248	0.00691
26	0.00779	0.00582	0.00867	0.00867	0.00961	0.00677	0.00670	0.00968	0.00873	0.01259	0.01469	0.02188	0.01383	0.06578	0.76218	0.00865	0.01430	0.00591	0.00293	0.00482
27	0.52400	0.01005	0.00983	0.00816	0.01187	0.01057	0.00673	0.02017	0.01176	0.32039	0.01306	0.01266	0.00888	0.00572	0.00420	0.00169	0.00438	0.00395	0.00470	0.00723
28	0.01613	0.60067	0.02504	0.01060	0.01476	0.22701	0.00965	0.01779	0.01225	0.01297	0.00781	0.00904	0.00700	0.00492	0.00388	0.00123	0.00690	0.00308	0.00246	0.00681
29	0.01471	0.18521	0.20321	0.01217	0.01728	0.01318	0.07712	0.08360	0.02935	0.14014	0.04571	0.01444	0.01094	0.00742	0.04494	0.00188	0.00660	0.00464	0.00369	0.08377
30	0.01141	0.01160	0.08082	0.01511	0.18456	0.04914	0.01053	0.04333	0.10280	0.03346	0.05387	0.03317	0.18614	0.00956	0.00607	0.00187	0.00521	0.15028	0.00430	0.00676
31	0.01394	0.01190	0.01254	0.01117	0.01432	0.01374	0.00872	0.06752	0.72537	0.02342	0.02171	0.01996	0.01625	0.00735	0.00554	0.00184	0.00440	0.00610	0.00554	0.00866
32	0.01110	0.01372	0.15473	0.48979	0.19514	0.01239	0.01638	0.01514	0.01134	0.01537	0.00983	0.01377	0.00750	0.00527	0.00539	0.00176	0.00724	0.00470	0.00246	0.00698
33	0.01651	0.05344	0.01849	0.08430	0.02006	0.33875	0.14414	0.09205	0.10374	0.01743	0.01210	0.01528	0.00987	0.00616	0.00543	0.00164	0.00804	0.04213	0.00344	0.00701
34	0.01400	0.01391	0.01657	0.04634	0.33688	0.14146	0.01223	0.03973	0.19326	0.01818	0.01555	0.08580	0.02830	0.00693	0.00552	0.00170	0.00616	0.00603	0.00372	0.00772
35	0.00844	0.00679	0.01024	0.01371	0.18134	0.00664	0.00812	0.01009	0.01099	0.01495	0.02468	0.51994	0.02830	0.01536	0.04654	0.00244	0.00466	0.07691	0.00441	0.00545
36	0.06413	0.05700	0.01491	0.01081	0.01496	0.01279	0.00903	0.31697	0.01884	0.37796	0.01625	0.01514	0.01088	0.00654	0.00559	0.00166	0.02703	0.00496	0.00569	0.00888
37	0.01457	0.15469	0.02123	0.13128	0.39433	0.12223	0.01402	0.05479	0.01307	0.01662	0.00960	0.01227	0.00797	0.00510	0.00501	0.00154	0.00692	0.00433	0.00275	0.00770

[dist]
# distance from previous block
# <min> <max>
0	1

[block]
# block no. 3 follows, 44 sequences, length 13
# corresponding to MSA columns:
# 145-157
name=unknown_D
#
# <colnr> <probs for GDERKNQSTAVLIFYWHMCP>
#	G	D	E	R	K	N	Q	S	T	A	V	L	I	F	Y	W	H	M	C	P
0	0.01087	0.01545	0.23813	0.47605	0.12400	0.01237	0.01678	0.01524	0.01126	0.01537	0.00979	0.01353	0.00733	0.00530	0.00537	0.00177	0.00740	0.00461	0.00242	0.00695
1	0.01324	0.01360	0.02570	0.02784	0.42286	0.01333	0.32044	0.01774	0.05618	0.01796	0.01127	0.01439	0.00895	0.00490	0.00583	0.00172	0.00747	0.00558	0.00289	0.00811
2	0.01083	0.00995	0.01653	0.28748	0.34696	0.01071	0.01351	0.01368	0.01144	0.01559	0.01461	0.19557	0.01447	0.00787	0.00577	0.00182	0.00599	0.00730	0.00315	0.00679
3	0.24686	0.01208	0.01207	0.01027	0.01378	0.01368	0.00824	0.19225	0.34703	0.06465	0.01602	0.01540	0.01181	0.00652	0.00492	0.00175	0.00469	0.00495	0.00498	0.00805
4	0.00793	0.00529	0.00595	0.00595	0.00595	0.00529	0.00330	0.00793	0.00793	0.01057	0.01718	0.03568	0.01982	0.80840	0.02775	0.00529	0.00529	0.00793	0.00330	0.00330
5	0.19994	0.00653	0.00690	0.00681	0.00849	0.00651	0.00510	0.01055	0.01237	0.01937	0.29750	0.19535	0.18241	0.01152	0.00584	0.00184	0.00311	0.00978	0.00501	0.00506
6	0.00725	0.00522	0.00699	0.00820	0.00885	0.00496	0.00609	0.00866	0.01113	0.01464	0.03084	0.55827	0.06782	0.01635	0.00710	0.00228	0.00368	0.22202	0.00505	0.00461
7	0.00655	0.00510	0.00596	0.00665	0.00766	0.00451	0.00464	0.00770	0.01135	0.01429	0.04156	0.46085	0.37262	0.01558	0.00672	0.00204	0.00298	0.01367	0.00506	0.00451
8	0.01316	0.01249	0.02116	0.03182	0.72844	0.01249	0.01593	0.01620	0.01215	0.01738	0.01067	0.01482	0.00930	0.05292	0.00673	0.00184	0.00641	0.00504	0.00273	0.00832
9	0.01935	0.01756	0.01450	0.01214	0.01551	0.34169	0.00954	0.12626	0.03505	0.17622	0.01223	0.01272	0.00908	0.00613	0.00599	0.00151	0.06620	0.00425	0.00410	0.10999
10	0.01447	0.04758	0.30432	0.01306	0.01809	0.17000	0.01333	0.14598	0.08726	0.01956	0.01563	0.01722	0.07366	0.00674	0.00533	0.00167	0.00708	0.02787	0.00358	0.00755
11	0.01517	0.00720	0.00929	0.00842	0.01098	0.00656	0.00697	0.01736	0.01360	0.33087	0.02751	0.03541	0.12227	0.00995	0.00589	0.00186	0.00412	0.20929	0.15056	0.00673
12	0.00826	0.00577	0.00808	0.10421	0.01165	0.00592	0.00641	0.00933	0.03755	0.01363	0.06647	0.32823	0.08359	0.01513	0.01065	0.23481	0.00415	0.03783	0.00406	0.00429

[dist]
# distance from previous block
# <min> <max>
0	1

[block]
# block no. 4 follows, 44 sequences, length 36
# corresponding to MSA columns:
# 159-194
name=unknown_E
#
# <colnr> <probs for GDERKNQSTAVLIFYWHMCP>
#	G	D	E	R	K	N	Q	S	T	A	V	L	I	F	Y	W	H	M	C	P
0	0.01192	0.01203	0.01962	0.02056	0.25790	0.06296	0.21772	0.01479	0.01216	0.01647	0.01506	0.20403	0.01498	0.00770	0.00590	0.00173	0.00643	0.00761	0.00334	0.08708
1	0.01148	0.01137	0.01628	0.01368	0.01444	0.04053	0.09094	0.01292	0.00905	0.01320	0.00954	0.01621	0.00952	0.12740	0.06509	0.00311	0.52153	0.00544	0.00261	0.00567
2	0.00679	0.00504	0.00633	0.00706	0.00784	0.00459	0.00490	0.00810	0.01168	0.01544	0.16230	0.52698	0.18217	0.01542	0.00677	0.00206	0.00298	0.01375	0.00522	0.00459
3	0.84691	0.01054	0.00801	0.00717	0.01054	0.01223	0.00590	0.01603	0.00928	0.02446	0.00759	0.00886	0.00590	0.00506	0.00337	0.00169	0.00422	0.00295	0.00337	0.00590
4	0.01286	0.09080	0.35315	0.02909	0.17850	0.02807	0.01543	0.01813	0.07544	0.05992	0.01189	0.03558	0.00936	0.00573	0.00535	0.00165	0.02074	0.00468	0.00304	0.04060
5	0.00714	0.00543	0.00599	0.00596	0.00707	0.00490	0.00408	0.00827	0.01143	0.01458	0.16343	0.07458	0.38269	0.26558	0.01322	0.00293	0.00355	0.01025	0.00466	0.00428
6	0.00664	0.00490	0.00621	0.00721	0.00782	0.00448	0.00490	0.00771	0.01092	0.01428	0.05464	0.65111	0.16658	0.01634	0.00685	0.00213	0.00308	0.01464	0.00509	0.00448
7	0.01464	0.01160	0.01530	0.05841	0.18333	0.01250	0.04445	0.17705	0.21838	0.04669	0.01568	0.01665	0.01187	0.00623	0.00524	0.00165	0.00525	0.00535	0.14170	0.00801
8	0.01602	0.01099	0.01464	0.03330	0.15810	0.01138	0.03136	0.07457	0.26688	0.20942	0.08316	0.02017	0.03110	0.00702	0.00561	0.00174	0.00495	0.00606	0.00518	0.00836
9	0.00677	0.00506	0.00622	0.00704	0.00780	0.00461	0.00487	0.00789	0.01104	0.01428	0.05872	0.51938	0.22369	0.05893	0.00796	0.00228	0.00323	0.04078	0.00499	0.00446
10	0.00901	0.01119	0.12194	0.00959	0.01208	0.04410	0.02695	0.01122	0.01170	0.01504	0.06509	0.03464	0.41133	0.01188	0.03249	0.00211	0.15168	0.00843	0.00398	0.00554
11	0.03466	0.23951	0.21018	0.09996	0.19566	0.02573	0.04193	0.01674	0.01167	0.04359	0.00977	0.01202	0.00779	0.00581	0.02198	0.00171	0.00697	0.00414	0.00264	0.00755
12	0.01865	0.01634	0.01471	0.07356	0.01724	0.25854	0.01014	0.18747	0.11012	0.14347	0.01356	0.01406	0.00998	0.00650	0.00610	0.00165	0.06045	0.00470	0.02509	0.00768
13	0.25367	0.04808	0.01657	0.07245	0.31594	0.17425	0.01192	0.01737	0.01199	0.01832	0.00896	0.01127	0.00736	0.00511	0.00464	0.00159	0.00655	0.00395	0.00288	0.00713
14	0.00690	0.00513	0.00598	0.00652	0.00724	0.00470	0.00433	0.00775	0.01044	0.01334	0.03482	0.37376	0.26554	0.21396	0.01199	0.00286	0.00357	0.01234	0.00462	0.00420
15	0.21737	0.01639	0.01263	0.01102	0.01379	0.29042	0.00853	0.17109	0.01470	0.02007	0.01031	0.01357	0.00885	0.09203	0.03924	0.00227	0.04347	0.00429	0.00353	0.00644
16	0.00690	0.00554	0.00616	0.00600	0.00764	0.00480	0.00450	0.00871	0.01351	0.01729	0.31249	0.04825	0.51332	0.01285	0.00644	0.00180	0.00269	0.01091	0.00540	0.00480
17	0.01627	0.01782	0.01634	0.30026	0.07570	0.35560	0.01261	0.11013	0.01485	0.01648	0.00959	0.01220	0.00750	0.00562	0.00521	0.00160	0.00819	0.00426	0.00299	0.00675
18	0.01365	0.03088	0.02115	0.28150	0.17271	0.16864	0.18298	0.01688	0.01250	0.01533	0.00975	0.01325	0.00770	0.00525	0.00580	0.00170	0.02588	0.00490	0.00263	0.00692
19	0.30769	0.00776	0.00827	0.00789	0.01012	0.00795	0.00599	0.01463	0.01113	0.18092	0.02028	0.35529	0.02057	0.01062	0.00538	0.00191	0.00385	0.00892	0.00482	0.00599
20	0.01394	0.00922	0.01417	0.05750	0.16035	0.00901	0.06338	0.04886	0.02981	0.20046	0.02099	0.20486	0.02965	0.00973	0.00615	0.00192	0.00520	0.10297	0.00473	0.00709
21	0.00879	0.00628	0.00879	0.01004	0.01130	0.00628	0.00879	0.01130	0.01255	0.01632	0.02887	0.06150	0.03138	0.01506	0.00753	0.00251	0.00502	0.73770	0.00502	0.00502
22	0.00725	0.00521	0.00687	0.00718	0.00804	0.00483	0.00511	0.00912	0.01327	0.01842	0.45074	0.37130	0.04479	0.01371	0.00666	0.00193	0.00283	0.01230	0.00559	0.00483
23	0.01299	0.03168	0.02701	0.06506	0.31360	0.01364	0.39720	0.01686	0.01243	0.01719	0.01048	0.01402	0.00830	0.00488	0.00625	0.00175	0.03061	0.00562	0.00270	0.00773
24	0.00798	0.00571	0.00644	0.00646	0.00714	0.00552	0.00415	0.04215	0.01033	0.01343	0.04894	0.16796	0.18260	0.44687	0.01809	0.00377	0.00435	0.00988	0.00415	0.00409
25	0.01484	0.24202	0.02050	0.01254	0.01663	0.01640	0.11797	0.13479	0.32593	0.02093	0.01498	0.01509	0.01153	0.00607	0.00507	0.00162	0.00572	0.00508	0.00420	0.00807
26	0.04107	0.10675	0.14461	0.01012	0.01529	0.01091	0.00971	0.07527	0.01320	0.16490	0.01193	0.01250	0.00882	0.00505	0.00454	0.00127	0.00520	0.00388	0.00382	0.35116
27	0.01383	0.01925	0.20705	0.01862	0.22288	0.23342	0.01373	0.01753	0.04710	0.01605	0.01305	0.12776	0.01211	0.00706	0.00544	0.00168	0.00725	0.00588	0.00311	0.00721
28	0.01154	0.00968	0.01571	0.01315	0.01595	0.01003	0.19473	0.06379	0.11542	0.04833	0.01810	0.04270	0.01643	0.01795	0.23015	0.00395	0.00872	0.15315	0.00402	0.00649
29	0.01474	0.00909	0.01089	0.00900	0.01178	0.00907	0.00717	0.22727	0.01827	0.17628	0.37434	0.02886	0.06184	0.00906	0.00596	0.00169	0.00398	0.00763	0.00595	0.00713
30	0.01423	0.01166	0.01478	0.01624	0.20377	0.01258	0.01039	0.19739	0.25442	0.02359	0.12580	0.01968	0.01761	0.00763	0.00634	0.04012	0.00503	0.00601	0.00473	0.00799
31	0.01237	0.06808	0.06089	0.02967	0.05963	0.01159	0.35194	0.01596	0.01270	0.06733	0.01768	0.02732	0.04897	0.00774	0.00630	0.00193	0.00713	0.18231	0.00361	0.00685
32	0.00756	0.00513	0.00605	0.00642	0.00651	0.00504	0.00381	0.00783	0.00865	0.01153	0.02087	0.25617	0.02448	0.58156	0.02179	0.00440	0.00468	0.01010	0.00381	0.00363
33	0.00884	0.00712	0.01077	0.01484	0.22753	0.00692	0.00832	0.01056	0.01107	0.01547	0.02354	0.52487	0.02670	0.01285	0.00630	0.00198	0.00407	0.01174	0.06082	0.00568
34	0.02017	0.01677	0.01568	0.03280	0.04848	0.20901	0.01040	0.38966	0.06001	0.12295	0.01328	0.01341	0.00956	0.00628	0.00532	0.00160	0.00675	0.00469	0.00477	0.00839
35	0.23185	0.03821	0.07607	0.01048	0.01376	0.10099	0.06649	0.07105	0.06414	0.02080	0.17876	0.01954	0.01828	0.05970	0.00653	0.00190	0.00547	0.00559	0.00402	0.00637

[dist]
# distance from previous block
# <min> <max>
3	5

[block]
# block no. 5 follows, 44 sequences, length 38
# corresponding to MSA columns:
# 200-237
name=unknown_F
#
# <colnr> <probs for GDERKNQSTAVLIFYWHMCP>
#	G	D	E	R	K	N	Q	S	T	A	V	L	I	F	Y	W	H	M	C	P
0	0.03855	0.06357	0.10697	0.01055	0.01416	0.05154	0.00947	0.28812	0.01827	0.02500	0.28873	0.02242	0.02402	0.00785	0.00557	0.00164	0.00513	0.00635	0.00488	0.00722
1	0.01718	0.01539	0.08580	0.01610	0.09227	0.06218	0.13071	0.27986	0.03397	0.11632	0.04303	0.01491	0.01094	0.00628	0.00626	0.00171	0.04923	0.00527	0.00433	0.00825
2	0.01373	0.00987	0.01125	0.00985	0.01235	0.01049	0.00763	0.28817	0.11436	0.05902	0.14106	0.25274	0.02508	0.01051	0.00607	0.00185	0.00433	0.00902	0.00550	0.00710
3	0.01973	0.01631	0.01520	0.01216	0.01597	0.15474	0.00982	0.55819	0.02254	0.02933	0.01266	0.01314	0.00928	0.00636	0.00521	0.00156	0.00639	0.00467	0.07837	0.00837
4	0.00989	0.00642	0.00870	0.00832	0.00991	0.00644	0.00661	0.03471	0.01325	0.09216	0.31417	0.03558	0.05498	0.02006	0.23716	0.00392	0.00682	0.12039	0.00497	0.00556
5	0.00676	0.00479	0.00629	0.00745	0.00773	0.00450	0.00491	0.00762	0.01022	0.01362	0.02891	0.73709	0.03463	0.08679	0.00879	0.00248	0.00335	0.01483	0.00491	0.00433
6	0.00846	0.00612	0.00836	0.00950	0.01075	0.00602	0.00816	0.01078	0.01242	0.01604	0.03126	0.10366	0.09690	0.01507	0.00740	0.00243	0.00471	0.63199	0.00503	0.00495
7	0.01728	0.30623	0.05673	0.01340	0.03890	0.39016	0.04871	0.04248	0.01380	0.01435	0.00852	0.00998	0.00719	0.00521	0.00453	0.00137	0.00806	0.00355	0.00269	0.00686
8	0.01359	0.01956	0.24694	0.01481	0.01954	0.20340	0.19368	0.01748	0.01280	0.01698	0.01141	0.01370	0.00874	0.00539	0.00514	0.00158	0.00763	0.00471	0.17609	0.00684
9	0.00690	0.00513	0.00650	0.00749	0.00827	0.00473	0.00539	0.00817	0.01117	0.01443	0.03533	0.53663	0.19474	0.01609	0.00693	0.00218	0.00334	0.11699	0.00506	0.00455
10	0.00910	0.00742	0.00866	0.00804	0.01033	0.00675	0.00593	0.01286	0.13165	0.01658	0.02585	0.35265	0.11474	0.01127	0.00581	0.00169	0.00356	0.00989	0.00460	0.25263
11	0.12206	0.01284	0.01406	0.01107	0.01513	0.01374	0.00914	0.43961	0.04897	0.21088	0.01527	0.01566	0.01084	0.00671	0.00527	0.00169	0.00536	0.02749	0.00550	0.00871
12	0.60103	0.01277	0.01368	0.01106	0.01482	0.08076	0.16167	0.01683	0.01057	0.02203	0.00838	0.01016	0.00649	0.00501	0.00414	0.00169	0.00574	0.00372	0.00320	0.00624
13	0.01373	0.01117	0.01362	0.01028	0.01458	0.01025	0.05431	0.23284	0.01555	0.02228	0.01276	0.08939	0.01117	0.00608	0.00489	0.00125	0.00485	0.00512	0.00404	0.46181
14	0.02815	0.00876	0.01040	0.00867	0.01117	0.00864	0.00657	0.17309	0.01496	0.26027	0.06730	0.06193	0.05651	0.24476	0.01220	0.00277	0.00482	0.00709	0.00519	0.00674
15	0.00777	0.00620	0.00709	0.00707	0.00874	0.00582	0.00546	0.01096	0.08646	0.01758	0.23921	0.08202	0.38115	0.01277	0.00651	0.00191	0.00316	0.09957	0.00536	0.00518
16	0.22113	0.01072	0.01167	0.00943	0.01296	0.01120	0.00769	0.24012	0.01704	0.23548	0.14985	0.01852	0.01717	0.00706	0.00513	0.00168	0.00457	0.00548	0.00540	0.00771
17	0.00732	0.00518	0.00668	0.00750	0.00802	0.00495	0.00524	0.00846	0.01072	0.01427	0.08955	0.44486	0.05655	0.18030	0.01130	0.00284	0.00382	0.12333	0.00477	0.00435
18	0.01093	0.02820	0.78016	0.01554	0.02360	0.01266	0.02014	0.01727	0.01151	0.01727	0.00978	0.01151	0.00691	0.00518	0.00518	0.00173	0.00806	0.00403	0.00230	0.00806
19	0.00686	0.00515	0.00636	0.00688	0.00783	0.00465	0.00484	0.00832	0.01219	0.01609	0.21971	0.42156	0.23019	0.01477	0.00669	0.00199	0.00291	0.01307	0.00529	0.00465
20	0.00778	0.00662	0.00684	0.00669	0.00866	0.00625	0.00503	0.01173	0.15187	0.01618	0.04752	0.09360	0.58591	0.01282	0.00631	0.00187	0.00307	0.01076	0.00515	0.00534
21	0.64612	0.01023	0.00915	0.00779	0.01137	0.01120	0.00642	0.01860	0.01082	0.20847	0.01099	0.01122	0.00776	0.00547	0.00389	0.00169	0.00432	0.00357	0.00420	0.00673
22	0.01504	0.46537	0.17723	0.01223	0.03712	0.18178	0.01197	0.01768	0.01213	0.01397	0.00828	0.00966	0.00703	0.00498	0.00419	0.00134	0.00715	0.00332	0.00244	0.00711
23	0.02037	0.02598	0.01545	0.01404	0.01685	0.78652	0.01053	0.02177	0.01545	0.01334	0.00843	0.00983	0.00702	0.00562	0.00492	0.00140	0.00983	0.00351	0.00281	0.00632
24	0.01859	0.00858	0.01120	0.00901	0.01227	0.00785	0.00727	0.08546	0.01643	0.46237	0.26896	0.02541	0.02568	0.00819	0.00579	0.00169	0.00407	0.00688	0.00639	0.00791
25	0.00862	0.00609	0.00802	0.00766	0.00903	0.00617	0.00582	0.02857	0.02378	0.04628	0.31763	0.05559	0.11057	0.05859	0.27788	0.00435	0.00709	0.00838	0.00469	0.00519
26	0.01338	0.06910	0.43473	0.01542	0.02155	0.15877	0.10657	0.01911	0.07873	0.01679	0.01065	0.01221	0.00796	0.00536	0.00522	0.00166	0.00807	0.00435	0.00274	0.00763
27	0.01171	0.01168	0.02051	0.12472	0.20639	0.01181	0.25052	0.01677	0.11395	0.01734	0.01947	0.02138	0.13550	0.00667	0.00593	0.00178	0.00655	0.00664	0.00346	0.00721
28	0.00731	0.00554	0.00691	0.00737	0.00845	0.00535	0.00555	0.00876	0.01089	0.01401	0.03400	0.19002	0.27615	0.10704	0.15396	0.00370	0.00572	0.14025	0.00446	0.00455
29	0.01237	0.01150	0.01880	0.22314	0.46983	0.01220	0.01483	0.04374	0.02907	0.01737	0.02910	0.01636	0.04161	0.00672	0.02892	0.00190	0.00661	0.00530	0.00297	0.00765
30	0.01642	0.03276	0.15400	0.01264	0.06258	0.03439	0.01095	0.05282	0.01313	0.30049	0.01594	0.06728	0.01246	0.03172	0.07828	0.00251	0.08383	0.00571	0.00442	0.00767
31	0.00854	0.00502	0.00556	0.00599	0.00700	0.00480	0.00428	0.01040	0.01121	0.01750	0.02623	0.29230	0.10769	0.01087	0.00519	0.00166	0.00278	0.00937	0.45882	0.00480
32	0.01335	0.00831	0.01141	0.03134	0.06145	0.00826	0.07572	0.06667	0.05373	0.13095	0.07159	0.02062	0.03207	0.00670	0.00489	0.00152	0.00418	0.00577	0.38484	0.00663
33	0.41887	0.03535	0.08619	0.06654	0.09752	0.08074	0.02712	0.03884	0.03229	0.04481	0.00973	0.02310	0.00767	0.00545	0.00436	0.00167	0.00574	0.00394	0.00329	0.00677
34	0.01069	0.00996	0.01611	0.01247	0.01589	0.00955	0.18969	0.01339	0.01066	0.01575	0.01127	0.01523	0.00971	0.01572	0.24082	0.00359	0.07845	0.00493	0.00295	0.31318
35	0.03649	0.01881	0.24952	0.01738	0.17577	0.09901	0.01418	0.14618	0.03838	0.13359	0.01237	0.01326	0.00894	0.00569	0.00526	0.00165	0.00686	0.00455	0.00377	0.00834
36	0.05064	0.06650	0.01743	0.04100	0.17837	0.19969	0.01151	0.25712	0.08653	0.02237	0.01154	0.01267	0.00894	0.00583	0.00512	0.00157	0.00682	0.00447	0.00387	0.00800
37	0.02936	0.07346	0.20580	0.01029	0.01421	0.03439	0.01010	0.04276	0.12374	0.01816	0.12108	0.04014	0.10222	0.05015	0.04278	0.00216	0.00568	0.00637	0.00395	0.06320

[dist]
# distance from previous block
# <min> <max>
4	9

[block]
# block no. 6 follows, 44 sequences, length 12
# corresponding to MSA columns:
# 247-258
name=unknown_G
#
# <colnr> <probs for GDERKNQSTAVLIFYWHMCP>
#	G	D	E	R	K	N	Q	S	T	A	V	L	I	F	Y	W	H	M	C	P
0	0.04278	0.07835	0.01540	0.04514	0.17660	0.28787	0.01026	0.04367	0.01383	0.01724	0.07913	0.01519	0.01249	0.00600	0.00486	0.00147	0.00660	0.00465	0.13181	0.00665
1	0.01192	0.00695	0.00884	0.00852	0.01032	0.00679	0.00640	0.01514	0.10736	0.19356	0.02707	0.31898	0.08733	0.04385	0.08825	0.00282	0.00496	0.03958	0.00523	0.00614
2	0.01439	0.01096	0.01239	0.00944	0.01361	0.01024	0.00761	0.24604	0.04297	0.05672	0.07796	0.01673	0.04515	0.00607	0.00490	0.00126	0.00451	0.00487	0.00447	0.40969
3	0.01582	0.01281	0.01326	0.03260	0.04362	0.12938	0.00866	0.10207	0.05208	0.14247	0.01427	0.04258	0.03044	0.00622	0.00554	0.00140	0.04215	0.00481	0.00414	0.29566
4	0.04274	0.01352	0.01480	0.01147	0.01563	0.01451	0.00942	0.54053	0.05506	0.13973	0.01458	0.01426	0.01023	0.00646	0.00529	0.00161	0.00547	0.00493	0.03535	0.04441
5	0.00726	0.00509	0.00660	0.00756	0.00794	0.00490	0.00519	0.00821	0.01016	0.01349	0.02687	0.51661	0.03158	0.20165	0.01190	0.00297	0.00393	0.11919	0.00464	0.00425
6	0.01027	0.01428	0.20880	0.37377	0.02802	0.01127	0.10584	0.01445	0.01186	0.01607	0.09063	0.01885	0.05985	0.00638	0.00567	0.00179	0.00694	0.00577	0.00297	0.00653
7	0.18275	0.01486	0.16626	0.03284	0.04260	0.01242	0.07829	0.08270	0.12923	0.16226	0.01377	0.01423	0.00983	0.00597	0.00544	0.00175	0.02798	0.00477	0.00417	0.00789
8	0.00683	0.00488	0.00654	0.00781	0.00821	0.00459	0.00539	0.00792	0.01062	0.01413	0.02994	0.73949	0.03565	0.01690	0.00701	0.00224	0.00333	0.07900	0.00506	0.00448
9	0.00801	0.00543	0.00686	0.00693	0.00740	0.00575	0.00466	0.00897	0.00867	0.01235	0.01704	0.07084	0.01803	0.42786	0.28719	0.00596	0.00815	0.00736	0.07848	0.00407
10	0.30106	0.09497	0.40750	0.01199	0.01787	0.04916	0.01376	0.01696	0.01088	0.01916	0.00876	0.01026	0.00657	0.00511	0.00439	0.00165	0.00660	0.00353	0.00270	0.00713
11	0.03122	0.01090	0.01412	0.32621	0.02310	0.05166	0.03266	0.16911	0.01449	0.08093	0.01495	0.05706	0.03979	0.05657	0.00682	0.00195	0.00615	0.00584	0.04980	0.00668

[dist]
# distance from previous block
# <min> <max>
0	5

[block]
# block no. 7 follows, 44 sequences, length 12
# corresponding to MSA columns:
# 264-275
name=unknown_H
#
# <colnr> <probs for GDERKNQSTAVLIFYWHMCP>
#	G	D	E	R	K	N	Q	S	T	A	V	L	I	F	Y	W	H	M	C	P
0	0.62224	0.13079	0.01182	0.00792	0.01160	0.01350	0.00677	0.04886	0.01075	0.08196	0.00891	0.00978	0.00681	0.00520	0.00365	0.00161	0.00457	0.00323	0.00357	0.00648
1	0.00744	0.00548	0.00643	0.00624	0.00730	0.00504	0.00434	0.00894	0.01244	0.01667	0.36086	0.04238	0.23422	0.24421	0.01265	0.00279	0.00341	0.00974	0.00496	0.00446
2	0.00755	0.00561	0.00825	0.00852	0.00935	0.00632	0.00645	0.00929	0.00911	0.01292	0.01783	0.18507	0.01831	0.03591	0.62389	0.00739	0.01221	0.00786	0.00337	0.00478
3	0.00918	0.00528	0.00608	0.00624	0.00723	0.00541	0.00460	0.01118	0.01056	0.01716	0.01875	0.07659	0.01729	0.12113	0.12613	0.00309	0.00494	0.05420	0.49018	0.00476
4	0.01731	0.01278	0.01420	0.01066	0.01520	0.01269	0.00873	0.42894	0.01955	0.07034	0.01226	0.01271	0.00905	0.00559	0.00491	0.00132	0.00517	0.00430	0.00467	0.32962
5	0.01380	0.28701	0.15944	0.13064	0.02126	0.04961	0.09733	0.06924	0.02948	0.03254	0.00972	0.01180	0.00769	0.00543	0.00556	0.00158	0.05360	0.00421	0.00280	0.00724
6	0.01706	0.24182	0.01934	0.07740	0.03830	0.17789	0.01049	0.23222	0.09864	0.02047	0.01119	0.01211	0.00878	0.00578	0.00480	0.00149	0.00669	0.00418	0.00370	0.00766
7	0.01469	0.16173	0.31348	0.01171	0.01711	0.01209	0.01275	0.01836	0.01212	0.21210	0.01303	0.01411	0.00955	0.01012	0.10719	0.00250	0.00746	0.00441	0.00357	0.04192
8	0.01539	0.18143	0.36385	0.01323	0.01903	0.14902	0.01437	0.07118	0.01353	0.09514	0.01055	0.01150	0.00779	0.00541	0.00485	0.00155	0.00742	0.00393	0.00308	0.00775
9	0.01413	0.34383	0.21906	0.01189	0.01679	0.09606	0.03051	0.01723	0.01220	0.06884	0.01210	0.01732	0.01066	0.00640	0.00482	0.00157	0.00672	0.09969	0.00305	0.00711
10	0.01625	0.01162	0.01123	0.00961	0.01230	0.17005	0.00749	0.07038	0.01621	0.24551	0.33570	0.02573	0.02791	0.00836	0.00576	0.00164	0.00494	0.00688	0.00552	0.00691
11	0.03846	0.16366	0.11710	0.00957	0.01342	0.01037	0.00894	0.01783	0.01285	0.29468	0.04098	0.15720	0.07534	0.00858	0.00537	0.00170	0.00485	0.00708	0.00477	0.00726

[dist]
# distance from previous block
# <min> <max>
0	20

[block]
# block no. 8 follows, 44 sequences, length 9
# corresponding to MSA columns:
# 296-304
name=unknown_I
#
# <colnr> <probs for GDERKNQSTAVLIFYWHMCP>
#	G	D	E	R	K	N	Q	S	T	A	V	L	I	F	Y	W	H	M	C	P
0	0.01238	0.01304	0.01784	0.15756	0.09458	0.15193	0.18433	0.01536	0.01283	0.01562	0.01788	0.02730	0.07579	0.00807	0.00613	0.00189	0.00723	0.17054	0.00340	0.00630
1	0.01361	0.60459	0.22724	0.01097	0.01653	0.01922	0.01219	0.01657	0.01119	0.01400	0.00816	0.00948	0.00697	0.00480	0.00394	0.00131	0.00642	0.00321	0.00232	0.00728
2	0.01154	0.00784	0.00922	0.00875	0.01052	0.00799	0.00651	0.18567	0.04223	0.06694	0.05533	0.43412	0.05851	0.01262	0.00624	0.00194	0.00389	0.01106	0.05301	0.00609
3	0.04717	0.01627	0.11903	0.19920	0.28109	0.13365	0.03478	0.04896	0.03703	0.01728	0.01020	0.01295	0.00801	0.00531	0.00526	0.00166	0.00728	0.00455	0.00284	0.00749
4	0.00792	0.00533	0.00616	0.00616	0.00624	0.00540	0.00357	0.00807	0.00799	0.01073	0.01698	0.03458	0.01935	0.74956	0.08594	0.00555	0.00600	0.00777	0.00327	0.00342
5	0.00758	0.00538	0.00603	0.00597	0.00654	0.00512	0.00373	0.00822	0.00990	0.01296	0.12467	0.04001	0.18824	0.53009	0.02029	0.00406	0.00438	0.00896	0.00404	0.00383
6	0.00880	0.00597	0.00666	0.00640	0.00669	0.00608	0.00379	0.05903	0.00914	0.01220	0.01690	0.03413	0.01910	0.75364	0.02623	0.00504	0.00533	0.00772	0.00345	0.00371
7	0.01212	0.11452	0.29105	0.01259	0.01756	0.09309	0.06114	0.04190	0.01225	0.01640	0.01323	0.15476	0.01253	0.00718	0.00521	0.00160	0.00656	0.00600	0.00312	0.11720
8	0.06563	0.03727	0.08438	0.03717	0.06316	0.27225	0.01069	0.09718	0.01491	0.15260	0.01158	0.01233	0.00856	0.00558	0.00492	0.00147	0.00697	0.00410	0.00379	0.10546

[dist]
# distance from previous block
# <min> <max>
0	3

[block]
# block no. 9 follows, 44 sequences, length 90
# corresponding to MSA columns:
# 308-397
name=unknown_J
#
# <colnr> <probs for GDERKNQSTAVLIFYWHMCP>
#	G	D	E	R	K	N	Q	S	T	A	V	L	I	F	Y	W	H	M	C	P
0	0.04166	0.01492	0.04085	0.26906	0.30425	0.16318	0.04230	0.03044	0.01265	0.01621	0.00970	0.01294	0.00774	0.00523	0.00529	0.00165	0.00744	0.00456	0.00270	0.00722
1	0.01287	0.14283	0.01613	0.02819	0.01408	0.13173	0.03417	0.06807	0.01191	0.01504	0.01420	0.22478	0.01508	0.00971	0.00906	0.00191	0.23354	0.00723	0.00340	0.00606
2	0.19702	0.01140	0.01197	0.05430	0.05596	0.05560	0.00837	0.22758	0.01633	0.06410	0.16837	0.01856	0.01750	0.00696	0.00506	0.00164	0.00491	0.00546	0.06192	0.00702
3	0.00660	0.00502	0.00608	0.00690	0.00773	0.00450	0.00476	0.00772	0.01118	0.01433	0.05238	0.54394	0.27742	0.01590	0.00678	0.00208	0.00302	0.01408	0.00508	0.00450
4	0.01017	0.00998	0.01739	0.21813	0.14142	0.01010	0.18737	0.01323	0.01214	0.01572	0.02487	0.02790	0.24458	0.00810	0.00606	0.00182	0.00612	0.03515	0.00346	0.00628
5	0.01550	0.01170	0.01526	0.01758	0.26323	0.04742	0.01075	0.16956	0.03988	0.13610	0.14024	0.02151	0.07258	0.00729	0.00565	0.00166	0.00528	0.00624	0.00468	0.00789
6	0.01594	0.11542	0.15877	0.01312	0.01763	0.08823	0.05296	0.20701	0.16608	0.05009	0.01307	0.01364	0.00981	0.00620	0.00583	0.00167	0.04773	0.00472	0.00400	0.00808
7	0.01463	0.00668	0.00840	0.00737	0.00963	0.00611	0.00573	0.01686	0.01359	0.29972	0.15657	0.10473	0.02285	0.00848	0.00523	0.00160	0.00339	0.00717	0.29468	0.00657
8	0.00962	0.00928	0.03882	0.10866	0.16731	0.00875	0.11724	0.01229	0.01204	0.01648	0.12848	0.28792	0.03994	0.01016	0.00625	0.00190	0.00524	0.00955	0.00400	0.00610
9	0.00760	0.00523	0.00642	0.00672	0.00693	0.00529	0.00420	0.00810	0.00864	0.01165	0.01988	0.21638	0.02283	0.51494	0.12718	0.00503	0.00606	0.00944	0.00367	0.00379
10	0.01277	0.01221	0.01853	0.02395	0.43929	0.03457	0.06787	0.01835	0.17045	0.01827	0.01721	0.05904	0.06970	0.00671	0.00565	0.00173	0.00587	0.00627	0.00361	0.00795
11	0.03698	0.02313	0.01616	0.05973	0.11142	0.63105	0.01145	0.02059	0.01469	0.01417	0.00870	0.01052	0.00721	0.00550	0.00497	0.00146	0.00915	0.00374	0.00279	0.00658
12	0.01889	0.01436	0.01533	0.01217	0.01621	0.01605	0.00992	0.56970	0.21514	0.03140	0.01542	0.01495	0.01116	0.00676	0.00548	0.00169	0.00557	0.00523	0.00548	0.00911
13	0.01356	0.01171	0.01233	0.01109	0.01418	0.01356	0.00863	0.02897	0.76455	0.02281	0.02219	0.02034	0.01664	0.00740	0.00555	0.00185	0.00431	0.00616	0.00555	0.00863
14	0.00664	0.00474	0.00633	0.00759	0.00791	0.00443	0.00506	0.00759	0.01044	0.01392	0.03005	0.80485	0.03606	0.01708	0.00696	0.00221	0.00316	0.01550	0.00506	0.00443
15	0.06593	0.00774	0.00929	0.00768	0.01061	0.00725	0.00618	0.03884	0.01374	0.39647	0.01892	0.01860	0.01315	0.00648	0.00466	0.00151	0.00377	0.00515	0.35671	0.00732
16	0.00664	0.00553	0.00580	0.00573	0.00749	0.00469	0.00430	0.00821	0.01289	0.01584	0.16679	0.05064	0.65992	0.01339	0.00644	0.00182	0.00273	0.01125	0.00521	0.00469
17	0.00653	0.00553	0.00564	0.00561	0.00741	0.00464	0.00421	0.00798	0.01262	0.01519	0.10196	0.05170	0.72516	0.01363	0.00644	0.00183	0.00275	0.01140	0.00512	0.00464
18	0.01349	0.01295	0.02213	0.03346	0.77440	0.01295	0.01673	0.01673	0.01241	0.01781	0.01025	0.01349	0.00864	0.00486	0.00540	0.00162	0.00648	0.00486	0.00270	0.00864
19	0.01130	0.00969	0.01130	0.00807	0.01292	0.00727	0.00646	0.01373	0.01130	0.01776	0.00969	0.01130	0.00807	0.00404	0.00404	0.00081	0.00404	0.00323	0.00323	0.84173
20	0.01193	0.01193	0.01670	0.01431	0.01431	0.01670	0.01193	0.01312	0.00835	0.01312	0.00716	0.01193	0.00716	0.00954	0.01789	0.00239	0.79843	0.00477	0.00239	0.00596
21	0.02022	0.01010	0.01222	0.00962	0.01332	0.00981	0.00786	0.22181	0.01766	0.42227	0.03931	0.02031	0.06981	0.00728	0.00540	0.00164	0.00460	0.00584	0.09255	0.00839
22	0.00684	0.00554	0.00607	0.00594	0.00760	0.00477	0.00445	0.00858	0.01335	0.01693	0.27626	0.04884	0.54977	0.01299	0.00644	0.00180	0.00270	0.01100	0.00535	0.00477
23	0.01268	0.01213	0.02067	0.22620	0.58798	0.01274	0.01633	0.01602	0.01203	0.01683	0.01011	0.01376	0.00829	0.00501	0.00541	0.00167	0.00668	0.00485	0.00263	0.00798
24	0.01259	0.36446	0.42193	0.01322	0.01970	0.01655	0.04991	0.01687	0.01139	0.01537	0.00889	0.01047	0.00701	0.00493	0.00452	0.00149	0.00715	0.00366	0.00234	0.00757
25	0.84691	0.01054	0.00801	0.00717	0.01054	0.01223	0.00590	0.01603	0.00928	0.02446	0.00759	0.00886	0.00590	0.00506	0.00337	0.00169	0.00422	0.00295	0.00337	0.00590
