[name]
unknown

[dist]
# distance from previous block
# <min> <max>
0	75

[block]
# block no. 0 follows, 41 sequences, length 32
# corresponding to MSA columns:
# 383-414
name=unknown_A
#
# <colnr> <probs for GDERKNQSTAVLIFYWHMCP>
#	G	D	E	R	K	N	Q	S	T	A	V	L	I	F	Y	W	H	M	C	P
0	0.00907	0.00648	0.00905	0.01037	0.01162	0.00646	0.00896	0.01160	0.01302	0.01695	0.03037	0.11240	0.03324	0.01594	0.00786	0.00261	0.00514	0.67838	0.00527	0.00523
1	0.01593	0.01313	0.01389	0.01198	0.01552	0.01502	0.00946	0.19182	0.58878	0.02667	0.02112	0.01962	0.01571	0.00756	0.00580	0.00189	0.00493	0.00617	0.00580	0.00921
2	0.01080	0.01017	0.01716	0.78523	0.03940	0.01271	0.01589	0.01461	0.01144	0.01461	0.01017	0.01525	0.00762	0.00572	0.00572	0.00191	0.00762	0.00508	0.00254	0.00635
3	0.01862	0.01447	0.01540	0.01253	0.01655	0.01628	0.01012	0.44713	0.32909	0.03100	0.01771	0.01690	0.01295	0.00724	0.00576	0.00181	0.00556	0.00570	0.00576	0.00945
4	0.02514	0.00975	0.01322	0.01011	0.01456	0.00838	0.00835	0.02737	0.01620	0.73891	0.02210	0.01918	0.01394	0.00697	0.00569	0.00173	0.00484	0.00566	0.00694	0.04095
5	0.02174	0.01602	0.01717	0.01316	0.01774	0.01774	0.01087	0.74423	0.02689	0.03605	0.01373	0.01373	0.00973	0.00687	0.00572	0.00172	0.00629	0.00515	0.00572	0.00973
6	0.83938	0.01106	0.00841	0.00752	0.01106	0.01283	0.00619	0.01681	0.00973	0.02566	0.00796	0.00929	0.00619	0.00531	0.00354	0.00177	0.00442	0.00310	0.00354	0.00619
7	0.02566	0.00973	0.01327	0.01018	0.01460	0.00841	0.00841	0.02788	0.01637	0.76726	0.02257	0.01947	0.01416	0.00708	0.00575	0.00177	0.00487	0.00575	0.00708	0.00973
8	0.01529	0.80242	0.02997	0.00979	0.01468	0.02263	0.00979	0.01713	0.01162	0.01346	0.00795	0.00918	0.00734	0.00489	0.00367	0.00122	0.00612	0.00306	0.00245	0.00734
9	0.00751	0.00574	0.00688	0.00677	0.00823	0.00512	0.00501	0.00959	0.01455	0.01944	0.43715	0.12016	0.30652	0.01330	0.00681	0.00190	0.00283	0.01154	0.00585	0.00512
10	0.01384	0.01356	0.02151	0.01681	0.02088	0.01451	0.30239	0.02463	0.41518	0.02111	0.01771	0.01848	0.01339	0.00671	0.00693	0.00197	0.05108	0.00650	0.00446	0.00836
11	0.01322	0.38234	0.43187	0.01333	0.02016	0.01755	0.01595	0.01766	0.01187	0.01599	0.00921	0.01075	0.00729	0.00519	0.00463	0.00154	0.00739	0.00369	0.00243	0.00795
12	0.01263	0.01203	0.02045	0.37749	0.43288	0.01319	0.01679	0.01621	0.01230	0.01683	0.01049	0.01466	0.00841	0.00538	0.00569	0.00179	0.00717	0.00509	0.00270	0.00783
13	0.01422	0.00958	0.01201	0.01047	0.01277	0.01059	0.00829	0.20493	0.03891	0.11162	0.01650	0.05133	0.01422	0.07235	0.34243	0.00528	0.04681	0.00633	0.00443	0.00694
14	0.01018	0.01002	0.01804	0.01476	0.01733	0.03090	0.30019	0.01270	0.01199	0.01596	0.02187	0.41922	0.02401	0.03259	0.00792	0.00223	0.02844	0.01157	0.00415	0.00594
15	0.01520	0.01207	0.01296	0.01152	0.01485	0.01373	0.00900	0.03018	0.69013	0.08734	0.02322	0.02118	0.01718	0.00770	0.00581	0.00193	0.00456	0.00641	0.00593	0.00911
16	0.01350	0.01543	0.03375	0.02411	0.02989	0.01446	0.74253	0.01832	0.01350	0.01832	0.01157	0.01543	0.00868	0.00482	0.00675	0.00193	0.00964	0.00675	0.00289	0.00771
17	0.00757	0.00529	0.00674	0.00746	0.00774	0.00521	0.00483	0.00831	0.00983	0.01321	0.02510	0.44790	0.02943	0.30108	0.08974	0.00415	0.00528	0.01242	0.00443	0.00427
18	0.01047	0.00994	0.01799	0.01403	0.01685	0.00983	0.27103	0.01379	0.01450	0.02039	0.41815	0.02998	0.03318	0.00906	0.00791	0.00191	0.08142	0.00853	0.00471	0.00631
19	0.01186	0.01017	0.01186	0.00847	0.01356	0.00762	0.00678	0.01440	0.01186	0.01864	0.01017	0.01186	0.00847	0.00424	0.00424	0.00085	0.00424	0.00339	0.00339	0.83395
20	0.00787	0.00584	0.00733	0.00696	0.00841	0.00530	0.00522	0.01036	0.01566	0.02167	0.64133	0.04481	0.17371	0.01217	0.00675	0.00182	0.00273	0.01064	0.00613	0.00530
21	0.01295	0.32933	0.48258	0.01378	0.02085	0.01691	0.01673	0.01773	0.01190	0.01631	0.00937	0.01095	0.00728	0.00522	0.00475	0.00158	0.00755	0.00377	0.00243	0.00802
22	0.01377	0.01320	0.02252	0.12083	0.68058	0.01349	0.01736	0.01722	0.01284	0.01822	0.01069	0.01428	0.00890	0.00517	0.00567	0.00172	0.00689	0.00509	0.00280	0.00875
23	0.00697	0.00498	0.00664	0.00796	0.00830	0.00465	0.00531	0.00796	0.01095	0.01460	0.03153	0.79525	0.03783	0.01792	0.00730	0.00232	0.00332	0.01626	0.00531	0.00465
24	0.39655	0.01119	0.01158	0.00937	0.01341	0.01168	0.00773	0.11910	0.01476	0.33049	0.01471	0.01405	0.00993	0.00624	0.00474	0.00176	0.00486	0.00446	0.00528	0.00812
25	0.01159	0.06306	0.35900	0.29382	0.10054	0.01335	0.01772	0.01649	0.01206	0.01682	0.03637	0.01433	0.00920	0.00569	0.00551	0.00180	0.00766	0.00477	0.00264	0.00759
26	0.00691	0.00584	0.00600	0.00608	0.00798	0.00494	0.00464	0.00843	0.01305	0.01555	0.05625	0.05563	0.71650	0.01457	0.00683	0.00197	0.00304	0.05561	0.00531	0.00486
27	0.00697	0.00498	0.00664	0.00796	0.00830	0.00465	0.00531	0.00796	0.01095	0.01460	0.03153	0.79525	0.03783	0.01792	0.00730	0.00232	0.00332	0.01626	0.00531	0.00465
28	0.01735	0.01136	0.01721	0.21885	0.23342	0.01174	0.01304	0.08859	0.01513	0.25556	0.04930	0.01740	0.01244	0.00636	0.00576	0.00178	0.00617	0.00555	0.00453	0.00846
29	0.04013	0.02167	0.40357	0.02460	0.36140	0.01341	0.01900	0.01782	0.01243	0.01863	0.01041	0.01293	0.00804	0.00528	0.00548	0.00176	0.00756	0.00459	0.00264	0.00866
30	0.01374	0.01390	0.02597	0.03088	0.51341	0.01359	0.24154	0.01750	0.01311	0.01845	0.01164	0.03826	0.00982	0.00540	0.00605	0.00179	0.00757	0.00595	0.00293	0.00851
31	0.01453	0.01007	0.01055	0.00915	0.01186	0.01107	0.00721	0.20609	0.22812	0.02586	0.01872	0.01938	0.01419	0.00703	0.00496	0.00161	0.00413	0.00561	0.38232	0.00753

[dist]
# distance from previous block
# <min> <max>
0	1

[block]
# block no. 1 follows, 41 sequences, length 6
# corresponding to MSA columns:
# 416-421
name=unknown_B
#
# <colnr> <probs for GDERKNQSTAVLIFYWHMCP>
#	G	D	E	R	K	N	Q	S	T	A	V	L	I	F	Y	W	H	M	C	P
0	0.01675	0.11609	0.28557	0.01230	0.01780	0.01234	0.01299	0.06369	0.04117	0.25701	0.04275	0.06851	0.01371	0.00713	0.00552	0.00176	0.00620	0.00573	0.00456	0.00845
1	0.01300	0.01315	0.07738	0.02511	0.40334	0.01163	0.12364	0.01641	0.01309	0.05534	0.06149	0.12958	0.01611	0.00745	0.00612	0.00184	0.00649	0.00726	0.00360	0.00798
2	0.01022	0.01048	0.06402	0.07046	0.01483	0.01181	0.01045	0.01204	0.00966	0.01403	0.01457	0.16736	0.01538	0.06579	0.14836	0.00374	0.34034	0.00754	0.00320	0.00573
3	0.83938	0.01106	0.00841	0.00752	0.01106	0.01283	0.00619	0.01681	0.00973	0.02566	0.00796	0.00929	0.00619	0.00531	0.00354	0.00177	0.00442	0.00310	0.00354	0.00619
4	0.00711	0.00581	0.00628	0.00616	0.00794	0.00498	0.00462	0.00888	0.01386	0.01740	0.24037	0.05185	0.57734	0.01376	0.00676	0.00190	0.00285	0.01162	0.00557	0.00498
5	0.01893	0.02245	0.01786	0.01538	0.01803	0.50430	0.06565	0.07194	0.01519	0.01584	0.00911	0.01141	0.00766	0.00676	0.00821	0.00174	0.17535	0.00430	0.00305	0.00685

[dist]
# distance from previous block
# <min> <max>
0	1

[block]
# block no. 2 follows, 41 sequences, length 69
# corresponding to MSA columns:
# 423-491
name=unknown_C
#
# <colnr> <probs for GDERKNQSTAVLIFYWHMCP>
#	G	D	E	R	K	N	Q	S	T	A	V	L	I	F	Y	W	H	M	C	P
0	0.83938	0.01106	0.00841	0.00752	0.01106	0.01283	0.00619	0.01681	0.00973	0.02566	0.00796	0.00929	0.00619	0.00531	0.00354	0.00177	0.00442	0.00310	0.00354	0.00619
1	0.00712	0.00581	0.00630	0.00617	0.00795	0.00498	0.00463	0.00891	0.01389	0.01748	0.24823	0.05171	0.56943	0.01373	0.00676	0.00190	0.00284	0.01160	0.00558	0.00498
2	0.01248	0.00893	0.01046	0.00943	0.01188	0.00940	0.00732	0.02070	0.32117	0.10021	0.35965	0.03204	0.03418	0.00970	0.00629	0.00188	0.00375	0.02703	0.00615	0.00736
3	0.33244	0.01287	0.03871	0.01031	0.01455	0.01321	0.00876	0.23691	0.03833	0.22035	0.01399	0.01370	0.00967	0.00631	0.00489	0.00176	0.00524	0.00453	0.00513	0.00832
4	0.01513	0.69790	0.10266	0.01061	0.01579	0.04895	0.01096	0.01743	0.01183	0.01394	0.00821	0.00950	0.00733	0.00498	0.00390	0.00129	0.00650	0.00320	0.00246	0.00742
5	0.00786	0.00584	0.00732	0.00695	0.00840	0.00530	0.00521	0.01033	0.01563	0.02161	0.63548	0.04492	0.17960	0.01219	0.00675	0.00182	0.00273	0.01065	0.00612	0.00530
6	0.00832	0.00555	0.00624	0.00624	0.00624	0.00555	0.00347	0.00832	0.00832	0.01109	0.01802	0.03743	0.02080	0.79898	0.02911	0.00555	0.00555	0.00832	0.00347	0.00347
7	0.01537	0.00746	0.00998	0.00843	0.01105	0.00664	0.00664	0.01787	0.01627	0.33110	0.45486	0.03310	0.03749	0.00978	0.00633	0.00179	0.00360	0.00844	0.00662	0.00719
8	0.01721	0.01360	0.01716	0.33281	0.02670	0.01566	0.01295	0.44216	0.02049	0.02717	0.01226	0.01436	0.00886	0.00639	0.00572	0.00180	0.00685	0.00512	0.00441	0.00833
9	0.01129	0.01158	0.02358	0.01793	0.02175	0.01144	0.43807	0.01497	0.01172	0.01623	0.01312	0.01834	0.01101	0.02059	0.32536	0.00494	0.01199	0.00649	0.00296	0.00663
10	0.00810	0.00585	0.00765	0.00720	0.00855	0.00540	0.00540	0.01079	0.01619	0.02294	0.76028	0.04273	0.05397	0.01169	0.00675	0.00180	0.00270	0.01034	0.00630	0.00540
11	0.00832	0.00555	0.00624	0.00624	0.00624	0.00555	0.00347	0.00832	0.00832	0.01109	0.01802	0.03743	0.02080	0.79898	0.02911	0.00555	0.00555	0.00832	0.00347	0.00347
12	0.01186	0.01017	0.01186	0.00847	0.01356	0.00762	0.00678	0.01440	0.01186	0.01864	0.01017	0.01186	0.00847	0.00424	0.00424	0.00085	0.00424	0.00339	0.00339	0.83395
13	0.05278	0.01456	0.04638	0.04837	0.31113	0.01415	0.34524	0.01757	0.01276	0.01843	0.01077	0.01438	0.00857	0.00530	0.00683	0.00186	0.05428	0.00572	0.00285	0.00806
14	0.00818	0.00609	0.00899	0.00899	0.00994	0.00704	0.00690	0.01008	0.00913	0.01313	0.01551	0.02350	0.01475	0.09506	0.72477	0.00894	0.01465	0.00628	0.00309	0.00499
15	0.01751	0.01017	0.01243	0.00959	0.01399	0.00889	0.00773	0.02208	0.13051	0.31334	0.04422	0.01745	0.01376	0.00618	0.00517	0.00142	0.00447	0.00505	0.00532	0.35071
16	0.01529	0.80242	0.02997	0.00979	0.01468	0.02263	0.00979	0.01713	0.01162	0.01346	0.00795	0.00918	0.00734	0.00489	0.00367	0.00122	0.00612	0.00306	0.00245	0.00734
17	0.00697	0.00498	0.00664	0.00796	0.00830	0.00465	0.00531	0.00796	0.01095	0.01460	0.03153	0.79525	0.03783	0.01792	0.00730	0.00232	0.00332	0.01626	0.00531	0.00465
18	0.83938	0.01106	0.00841	0.00752	0.01106	0.01283	0.00619	0.01681	0.00973	0.02566	0.00796	0.00929	0.00619	0.00531	0.00354	0.00177	0.00442	0.00310	0.00354	0.00619
19	0.01143	0.01129	0.01887	0.04647	0.08912	0.03083	0.21161	0.01446	0.03727	0.01623	0.01738	0.24312	0.01801	0.01027	0.00922	0.00215	0.16846	0.03356	0.00368	0.00653
20	0.01219	0.01158	0.01967	0.47467	0.33910	0.01307	0.01658	0.01583	0.01209	0.01630	0.01041	0.01480	0.00822	0.00546	0.00570	0.00182	0.00728	0.00509	0.00266	0.00747
21	0.00697	0.00498	0.00664	0.00796	0.00830	0.00465	0.00531	0.00796	0.01095	0.01460	0.03153	0.79525	0.03783	0.01792	0.00730	0.00232	0.00332	0.01626	0.00531	0.00465
22	0.00831	0.00558	0.00640	0.00640	0.00645	0.00563	0.00366	0.00842	0.00837	0.01121	0.01788	0.03662	0.02044	0.75823	0.06938	0.00574	0.00607	0.00820	0.00344	0.00355
23	0.01342	0.01439	0.02102	0.41889	0.06535	0.13582	0.18608	0.01754	0.04104	0.01593	0.01081	0.01468	0.00827	0.00559	0.00587	0.00183	0.00838	0.00530	0.00283	0.00694
24	0.00752	0.00548	0.00768	0.00841	0.00901	0.00572	0.00600	0.00891	0.01012	0.01392	0.02430	0.44640	0.02744	0.05805	0.32652	0.00529	0.00837	0.01176	0.00431	0.00479
25	0.00820	0.00586	0.00805	0.00937	0.01024	0.00571	0.00745	0.01009	0.01217	0.01598	0.03085	0.39492	0.03514	0.01676	0.00763	0.00249	0.00439	0.40443	0.00529	0.00499
26	0.01181	0.01154	0.01737	0.33390	0.02511	0.01553	0.01391	0.01412	0.00987	0.01412	0.00861	0.01365	0.00756	0.00823	0.01337	0.00226	0.46521	0.00504	0.00252	0.00630
27	0.01250	0.00967	0.01114	0.00989	0.01165	0.01084	0.00741	0.16776	0.15168	0.02056	0.09363	0.09425	0.02125	0.23734	0.03680	0.00322	0.08144	0.00783	0.00472	0.00644
28	0.01703	0.01598	0.01303	0.01216	0.01473	0.31271	0.00961	0.09566	0.01597	0.10465	0.01926	0.11013	0.01867	0.01014	0.00627	0.00194	0.00712	0.20359	0.00461	0.00673
29	0.02174	0.01602	0.01717	0.01316	0.01774	0.01774	0.01087	0.74423	0.02689	0.03605	0.01373	0.01373	0.00973	0.00687	0.00572	0.00172	0.00629	0.00515	0.00572	0.00973
30	0.01314	0.01281	0.02081	0.13590	0.40179	0.01474	0.03493	0.01595	0.01145	0.01653	0.00966	0.01382	0.00835	0.00674	0.00987	0.00199	0.25598	0.00511	0.00269	0.00774
31	0.02566	0.00973	0.01327	0.01018	0.01460	0.00841	0.00841	0.02788	0.01637	0.76726	0.02257	0.01947	0.01416	0.00708	0.00575	0.00177	0.00487	0.00575	0.00708	0.00973
32	0.01395	0.01268	0.01749	0.07657	0.32648	0.01386	0.01306	0.02395	0.39369	0.02109	0.01716	0.01793	0.01328	0.00651	0.00575	0.00184	0.00569	0.00580	0.00435	0.00886
33	0.01423	0.01229	0.01293	0.01164	0.01487	0.01423	0.00905	0.03039	0.75297	0.02393	0.02328	0.02134	0.01746	0.00776	0.00582	0.00194	0.00453	0.00647	0.00582	0.00905
34	0.01461	0.07313	0.27943	0.03869	0.31489	0.01377	0.01678	0.04540	0.04161	0.08998	0.01209	0.01388	0.00911	0.00557	0.00546	0.00173	0.00705	0.00477	0.00328	0.00876
35	0.01188	0.01158	0.01631	0.01417	0.01432	0.01601	0.01173	0.01325	0.00882	0.01369	0.00865	0.01396	0.00850	0.01480	0.12912	0.00348	0.67588	0.00517	0.00258	0.00609
36	0.00697	0.00498	0.00664	0.00796	0.00830	0.00465	0.00531	0.00796	0.01095	0.01460	0.03153	0.79525	0.03783	0.01792	0.00730	0.00232	0.00332	0.01626	0.00531	0.00465
37	0.83938	0.01106	0.00841	0.00752	0.01106	0.01283	0.00619	0.01681	0.00973	0.02566	0.00796	0.00929	0.00619	0.00531	0.00354	0.00177	0.00442	0.00310	0.00354	0.00619
38	0.01321	0.00832	0.01007	0.00949	0.01167	0.00848	0.00712	0.01935	0.24313	0.17431	0.10183	0.31692	0.02825	0.01188	0.00646	0.00204	0.00395	0.01043	0.00594	0.00715
39	0.00859	0.00634	0.00811	0.00771	0.00919	0.00608	0.00589	0.01221	0.06683	0.02265	0.66436	0.04260	0.05015	0.01168	0.00675	0.00186	0.00298	0.05420	0.00620	0.00564
40	0.02566	0.00973	0.01327	0.01018	0.01460	0.00841	0.00841	0.02788	0.01637	0.76726	0.02257	0.01947	0.01416	0.00708	0.00575	0.00177	0.00487	0.00575	0.00708	0.00973
41	0.00832	0.00555	0.00624	0.00624	0.00624	0.00555	0.00347	0.00832	0.00832	0.01109	0.01802	0.03743	0.02080	0.79898	0.02911	0.00555	0.00555	0.00832	0.00347	0.00347
42	0.01080	0.01017	0.01716	0.78523	0.03940	0.01271	0.01589	0.01461	0.01144	0.01461	0.01017	0.01525	0.00762	0.00572	0.00572	0.00191	0.00762	0.00508	0.00254	0.00635
43	0.01350	0.01543	0.03375	0.02411	0.02989	0.01446	0.74253	0.01832	0.01350	0.01832	0.01157	0.01543	0.00868	0.00482	0.00675	0.00193	0.00964	0.00675	0.00289	0.00771
44	0.01350	0.01543	0.03375	0.02411	0.02989	0.01446	0.74253	0.01832	0.01350	0.01832	0.01157	0.01543	0.00868	0.00482	0.00675	0.00193	0.00964	0.00675	0.00289	0.00771
45	0.01126	0.00591	0.00597	0.00576	0.00727	0.00601	0.00437	0.05307	0.01281	0.02213	0.01839	0.02091	0.01439	0.00668	0.00409	0.00135	0.00286	0.00532	0.78587	0.00557
46	0.01147	0.02959	0.76934	0.01630	0.02476	0.01328	0.02113	0.01811	0.01208	0.01811	0.01026	0.01208	0.00725	0.00543	0.00543	0.00181	0.00845	0.00423	0.00242	0.00845
47	0.01181	0.01120	0.01898	0.55966	0.25708	0.01297	0.01639	0.01550	0.01191	0.01584	0.01034	0.01492	0.00806	0.00553	0.00570	0.00184	0.00738	0.00509	0.00263	0.00717
48	0.00832	0.00555	0.00624	0.00624	0.00624	0.00555	0.00347	0.00832	0.00832	0.01109	0.01802	0.03743	0.02080	0.79898	0.02911	0.00555	0.00555	0.00832	0.00347	0.00347
49	0.00697	0.00498	0.00664	0.00796	0.00830	0.00465	0.00531	0.00796	0.01095	0.01460	0.03153	0.79525	0.03783	0.01792	0.00730	0.00232	0.00332	0.01626	0.00531	0.00465
50	0.60571	0.01068	0.00980	0.00828	0.01208	0.01156	0.00683	0.01999	0.01164	0.23863	0.01216	0.01221	0.00848	0.00582	0.00418	0.00177	0.00455	0.00386	0.00456	0.00721
51	0.00683	0.00551	0.00609	0.00654	0.00792	0.00477	0.00468	0.00812	0.01232	0.01516	0.04883	0.31044	0.51147	0.01567	0.00695	0.00207	0.00304	0.01352	0.00531	0.00477
52	0.00829	0.00592	0.00815	0.00947	0.01038	0.00578	0.00760	0.01024	0.01225	0.01608	0.03080	0.36705	0.03495	0.01668	0.00765	0.00250	0.00446	0.43145	0.00528	0.00501
53	0.01529	0.80242	0.02997	0.00979	0.01468	0.02263	0.00979	0.01713	0.01162	0.01346	0.00795	0.00918	0.00734	0.00489	0.00367	0.00122	0.00612	0.00306	0.00245	0.00734
54	0.01529	0.80242	0.02997	0.00979	0.01468	0.02263	0.00979	0.01713	0.01162	0.01346	0.00795	0.00918	0.00734	0.00489	0.00367	0.00122	0.00612	0.00306	0.00245	0.00734
55	0.10804	0.01432	0.06857	0.01179	0.01640	0.01385	0.01025	0.35150	0.06989	0.25310	0.01618	0.01539	0.01103	0.00672	0.00549	0.00176	0.00570	0.00514	0.00567	0.00922
56	0.01149	0.01038	0.01655	0.02339	0.45072	0.01013	0.01240	0.01445	0.01396	0.01955	0.23731	0.02745	0.11198	0.00816	0.00611	0.00176	0.00512	0.00748	0.00415	0.00748
57	0.00940	0.00762	0.00817	0.00768	0.00992	0.00751	0.00587	0.01499	0.21057	0.03598	0.16453	0.04322	0.42879	0.01206	0.00648	0.00191	0.00334	0.01015	0.00565	0.00616
58	0.00697	0.00498	0.00664	0.00796	0.00830	0.00465	0.00531	0.00796	0.01095	0.01460	0.03153	0.79525	0.03783	0.01792	0.00730	0.00232	0.00332	0.01626	0.00531	0.00465
59	0.01147	0.02959	0.76934	0.01630	0.02476	0.01328	0.02113	0.01811	0.01208	0.01811	0.01026	0.01208	0.00725	0.00543	0.00543	0.00181	0.00845	0.00423	0.00242	0.00845
60	0.01584	0.01251	0.01099	0.00953	0.01217	0.14087	0.00745	0.22369	0.05982	0.02441	0.01585	0.01729	0.01218	0.00665	0.00479	0.00150	0.00511	0.00506	0.40725	0.00702
61	0.00842	0.00650	0.00967	0.00953	0.01049	0.00775	0.00746	0.01042	0.00917	0.01331	0.01487	0.02189	0.01391	0.04100	0.73248	0.00881	0.06006	0.00606	0.00303	0.00517
62	0.00731	0.00582	0.00656	0.00637	0.00807	0.00506	0.00478	0.00928	0.01434	0.01855	0.34872	0.04995	0.46827	0.01333	0.00675	0.00188	0.00281	0.01136	0.00572	0.00506
63	0.01288	0.01229	0.02091	0.32104	0.48736	0.01325	0.01692	0.01643	0.01242	0.01713	0.01053	0.01457	0.00851	0.00533	0.00568	0.00178	0.00711	0.00509	0.00272	0.00803
64	0.00922	0.00658	0.00922	0.01053	0.01185	0.00658	0.00922	0.01185	0.01317	0.01712	0.03029	0.06452	0.03292	0.01580	0.00790	0.00263	0.00527	0.72480	0.00527	0.00527
65	0.00824	0.00587	0.00790	0.00790	0.00847	0.00645	0.00553	0.00938	0.00881	0.01232	0.01651	0.02904	0.01715	0.37481	0.44830	0.00759	0.01103	0.00709	0.00324	0.00439
66	0.36238	0.01057	0.01144	0.00922	0.01328	0.01067	0.00760	0.05629	0.01411	0.42655	0.01611	0.01499	0.01066	0.00634	0.00483	0.00177	0.00475	0.00463	0.00555	0.00827
67	0.01390	0.32247	0.14003	0.01742	0.02325	0.01746	0.35292	0.01783	0.01256	0.01641	0.00998	0.01251	0.00795	0.00494	0.00536	0.00164	0.00810	0.00495	0.00265	0.00768
68	0.01067	0.11132	0.29674	0.01255	0.04301	0.01082	0.01255	0.01450	0.03339	0.03468	0.01944	0.31134	0.02028	0.01056	0.00604	0.00196	0.00585	0.03359	0.00384	0.00683

[dist]
# distance from previous block
# <min> <max>
1	2

[block]
# block no. 3 follows, 41 sequences, length 24
# corresponding to MSA columns:
# 506-529
name=unknown_D
#
# <colnr> <probs for GDERKNQSTAVLIFYWHMCP>
#	G	D	E	R	K	N	Q	S	T	A	V	L	I	F	Y	W	H	M	C	P
0	0.01682	0.02696	0.30390	0.01627	0.02159	0.41024	0.08806	0.02059	0.01437	0.01599	0.00965	0.01150	0.00745	0.00561	0.00542	0.00165	0.00954	0.00420	0.00274	0.00743
1	0.07303	0.01409	0.04377	0.01062	0.01524	0.08774	0.00882	0.16774	0.07632	0.04235	0.01202	0.01290	0.00930	0.00543	0.00480	0.00131	0.00549	0.00411	0.00409	0.40081
2	0.01339	0.40026	0.38456	0.01349	0.02012	0.01782	0.04473	0.01765	0.01192	0.01589	0.00921	0.01082	0.00735	0.00515	0.00464	0.00153	0.00738	0.00377	0.00245	0.00789
3	0.00789	0.00585	0.00818	0.00832	0.00886	0.00560	0.05070	0.00875	0.01011	0.01349	0.02513	0.45729	0.02951	0.31517	0.01559	0.00353	0.00456	0.01263	0.00445	0.00439
4	0.00683	0.00580	0.00589	0.00587	0.00777	0.00486	0.00440	0.00834	0.01320	0.01583	0.09338	0.05443	0.72531	0.01435	0.00676	0.00192	0.00289	0.01198	0.00536	0.00486
5	0.01465	0.34810	0.02510	0.02211	0.37382	0.01749	0.01344	0.01861	0.08351	0.01697	0.01077	0.01273	0.00914	0.00527	0.00483	0.00152	0.00629	0.00436	0.00296	0.00833
6	0.01289	0.01178	0.01746	0.06017	0.36712	0.01068	0.01230	0.01589	0.01239	0.01846	0.01044	0.01311	0.00871	0.00472	0.00498	0.00130	0.00561	0.00428	0.00308	0.40464
7	0.01295	0.05174	0.46289	0.01406	0.02043	0.01326	0.01605	0.02155	0.21106	0.05965	0.04949	0.01628	0.01255	0.00642	0.00555	0.00182	0.00685	0.00515	0.00376	0.00850
8	0.44697	0.01883	0.01215	0.01098	0.01424	0.37894	0.00852	0.01970	0.01284	0.02007	0.00839	0.00978	0.00676	0.00559	0.00432	0.00163	0.00725	0.00338	0.00326	0.00640
9	0.00756	0.00543	0.00716	0.00756	0.00843	0.00504	0.00536	0.00944	0.01368	0.01894	0.41069	0.40372	0.04623	0.01468	0.00701	0.00205	0.00300	0.01318	0.00582	0.00504
10	0.01419	0.01291	0.01787	0.02290	0.37391	0.01392	0.01313	0.02423	0.39800	0.02141	0.01727	0.01789	0.01343	0.00648	0.00574	0.00182	0.00561	0.00581	0.00439	0.00906
11	0.01442	0.04666	0.09266	0.41551	0.02950	0.21442	0.01456	0.05426	0.01347	0.01582	0.00985	0.01325	0.00761	0.00588	0.00583	0.00176	0.03032	0.00455	0.00279	0.00684
12	0.00697	0.00498	0.00664	0.00796	0.00830	0.00465	0.00531	0.00796	0.01095	0.01460	0.03153	0.79525	0.03783	0.01792	0.00730	0.00232	0.00332	0.01626	0.00531	0.00465
13	0.00697	0.00498	0.00664	0.00796	0.00830	0.00465	0.00531	0.00796	0.01095	0.01460	0.03153	0.79525	0.03783	0.01792	0.00730	0.00232	0.00332	0.01626	0.00531	0.00465
14	0.01111	0.01051	0.01600	0.38353	0.02576	0.01371	0.01313	0.01349	0.01013	0.01404	0.01078	0.05724	0.01008	0.06200	0.01260	0.00241	0.31884	0.00587	0.00274	0.00603
15	0.01034	0.00891	0.00922	0.00860	0.01115	0.00934	0.00660	0.01885	0.36799	0.01952	0.04132	0.03888	0.40430	0.01126	0.00631	0.00194	0.00368	0.00938	0.00556	0.00686
16	0.01066	0.00533	0.00533	0.00533	0.00666	0.00533	0.00400	0.01333	0.01200	0.02132	0.01866	0.02132	0.01466	0.00666	0.00400	0.00133	0.00267	0.00533	0.83073	0.00533
17	0.00817	0.00613	0.00919	0.00919	0.01021	0.00715	0.00715	0.01021	0.00919	0.01328	0.01532	0.02247	0.01430	0.04290	0.77631	0.00919	0.01532	0.00613	0.00306	0.00511
18	0.01765	0.01947	0.01451	0.01313	0.01622	0.37967	0.01001	0.02677	0.39953	0.01916	0.01635	0.01605	0.01262	0.00687	0.00550	0.00172	0.00730	0.00513	0.00444	0.00789
19	0.00686	0.00540	0.00620	0.00684	0.00800	0.00474	0.00481	0.00809	0.01204	0.01504	0.04527	0.41013	0.41407	0.01613	0.00702	0.00212	0.00310	0.01408	0.00531	0.00474
20	0.02527	0.01036	0.01366	0.01048	0.01492	0.00934	0.00865	0.09955	0.01742	0.69410	0.02168	0.01889	0.01372	0.00706	0.00575	0.00176	0.00501	0.00569	0.00694	0.00973
21	0.00922	0.00658	0.00922	0.01053	0.01185	0.00658	0.00922	0.01185	0.01317	0.01712	0.03029	0.06452	0.03292	0.01580	0.00790	0.00263	0.00527	0.72480	0.00527	0.00527
22	0.01894	0.01333	0.02432	0.01772	0.02287	0.01249	0.39060	0.09458	0.01593	0.30444	0.01596	0.01679	0.01086	0.00588	0.00627	0.00185	0.00749	0.00621	0.00477	0.00868
23	0.01269	0.01249	0.01706	0.01468	0.01500	0.01719	0.01217	0.01543	0.08322	0.01478	0.00909	0.01340	0.00850	0.00979	0.01748	0.00245	0.71007	0.00515	0.00283	0.00654

[dist]
# distance from previous block
# <min> <max>
2	3

[block]
# block no. 4 follows, 41 sequences, length 7
# corresponding to MSA columns:
# 543-549
name=unknown_E
#
# <colnr> <probs for GDERKNQSTAVLIFYWHMCP>
#	G	D	E	R	K	N	Q	S	T	A	V	L	I	F	Y	W	H	M	C	P
0	0.31127	0.02152	0.01344	0.01218	0.01534	0.50555	0.00933	0.02070	0.01391	0.01813	0.00853	0.00995	0.00695	0.00569	0.00458	0.00158	0.00823	0.00348	0.00316	0.00648
1	0.15311	0.01013	0.01189	0.00904	0.01359	0.00881	0.00737	0.02048	0.01341	0.33545	0.01503	0.01465	0.01050	0.00561	0.00476	0.00139	0.00453	0.00434	0.00497	0.35094
2	0.00997	0.00919	0.01656	0.01295	0.01568	0.00860	0.26625	0.01290	0.01376	0.01891	0.33113	0.03293	0.07512	0.13827	0.01041	0.00247	0.00564	0.00884	0.00457	0.00587
3	0.01049	0.00809	0.00946	0.00930	0.01096	0.00852	0.00684	0.08895	0.20095	0.02050	0.14690	0.39705	0.03247	0.01321	0.00668	0.00208	0.00382	0.01169	0.00564	0.00640
4	0.01066	0.00533	0.00533	0.00533	0.00666	0.00533	0.00400	0.01333	0.01200	0.02132	0.01866	0.02132	0.01466	0.00666	0.00400	0.00133	0.00267	0.00533	0.83073	0.00533
5	0.04202	0.01193	0.01561	0.27489	0.02385	0.01289	0.03578	0.21528	0.06989	0.02249	0.01290	0.04449	0.01025	0.00630	0.00544	0.00165	0.00613	0.00527	0.00398	0.17896
6	0.01628	0.01199	0.13509	0.01072	0.01437	0.00890	0.00966	0.09825	0.01491	0.29725	0.02275	0.29256	0.02093	0.01063	0.00625	0.00197	0.00506	0.00916	0.00554	0.00772

[dist]
# distance from previous block
# <min> <max>
0	25

[block]
# block no. 5 follows, 41 sequences, length 56
# corresponding to MSA columns:
# 577-632
name=unknown_F
#
# <colnr> <probs for GDERKNQSTAVLIFYWHMCP>
#	G	D	E	R	K	N	Q	S	T	A	V	L	I	F	Y	W	H	M	C	P
0	0.00684	0.00547	0.00613	0.00666	0.00795	0.00476	0.00473	0.00811	0.01220	0.01511	0.04737	0.35130	0.47156	0.01586	0.00698	0.00209	0.00307	0.01375	0.00531	0.00476
1	0.02099	0.07703	0.01713	0.01437	0.01749	0.70540	0.01096	0.04334	0.01622	0.01460	0.00893	0.01034	0.00743	0.00586	0.00508	0.00146	0.00993	0.00369	0.00300	0.00677
2	0.01080	0.01017	0.01716	0.78523	0.03940	0.01271	0.01589	0.01461	0.01144	0.01461	0.01017	0.01525	0.00762	0.00572	0.00572	0.00191	0.00762	0.00508	0.00254	0.00635
3	0.01423	0.01229	0.01293	0.01164	0.01487	0.01423	0.00905	0.03039	0.75297	0.02393	0.02328	0.02134	0.01746	0.00776	0.00582	0.00194	0.00453	0.00647	0.00582	0.00905
4	0.00778	0.00532	0.00640	0.00693	0.00706	0.00519	0.00420	0.00818	0.00937	0.01250	0.02343	0.34073	0.02761	0.48638	0.02038	0.00426	0.00465	0.01150	0.00420	0.00394
5	0.42279	0.25991	0.07387	0.00967	0.01402	0.06550	0.00901	0.05705	0.01185	0.02111	0.00851	0.00978	0.00690	0.00531	0.00395	0.00158	0.00574	0.00332	0.00320	0.00694
6	0.02174	0.01602	0.01717	0.01316	0.01774	0.01774	0.01087	0.74423	0.02689	0.03605	0.01373	0.01373	0.00973	0.00687	0.00572	0.00172	0.00629	0.00515	0.00572	0.00973
7	0.00810	0.00585	0.00765	0.00720	0.00855	0.00540	0.00540	0.01079	0.01619	0.02294	0.76028	0.04273	0.05397	0.01169	0.00675	0.00180	0.00270	0.01034	0.00630	0.00540
8	0.01177	0.00971	0.01082	0.00986	0.01234	0.01069	0.00759	0.02255	0.45809	0.02353	0.31825	0.02990	0.03207	0.00933	0.00619	0.00188	0.00380	0.00802	0.00601	0.00759
9	0.01388	0.01438	0.02772	0.03040	0.44966	0.01396	0.32759	0.01788	0.01323	0.01853	0.01111	0.01470	0.00890	0.00498	0.00613	0.00180	0.00801	0.00580	0.00286	0.00848
10	0.02174	0.01602	0.01717	0.01316	0.01774	0.01774	0.01087	0.74423	0.02689	0.03605	0.01373	0.01373	0.00973	0.00687	0.00572	0.00172	0.00629	0.00515	0.00572	0.00973
11	0.00832	0.00561	0.00561	0.00561	0.00730	0.00503	0.00421	0.01026	0.01262	0.01780	0.04222	0.04155	0.46228	0.01136	0.00565	0.00169	0.00280	0.00937	0.33567	0.00503
12	0.00832	0.00555	0.00624	0.00624	0.00624	0.00555	0.00347	0.00832	0.00832	0.01109	0.01802	0.03743	0.02080	0.79898	0.02911	0.00555	0.00555	0.00832	0.00347	0.00347
13	0.00792	0.00538	0.00636	0.00675	0.00685	0.00528	0.00401	0.00821	0.00910	0.01213	0.02203	0.26213	0.02585	0.56739	0.02265	0.00459	0.00489	0.01067	0.00401	0.00382
14	0.01845	0.01318	0.01363	0.01088	0.01445	0.03590	0.00884	0.50673	0.02217	0.03105	0.01505	0.01589	0.01112	0.00678	0.00519	0.00160	0.00533	0.00516	0.25026	0.00833
15	0.01344	0.01343	0.02021	0.02330	0.31498	0.03665	0.03451	0.01566	0.01080	0.01587	0.00896	0.01319	0.00816	0.00779	0.01282	0.00214	0.43297	0.00505	0.00266	0.00743
16	0.01376	0.49311	0.32589	0.01239	0.01871	0.01889	0.01433	0.01752	0.01180	0.01532	0.00888	0.01034	0.00730	0.00511	0.00438	0.00146	0.00705	0.00353	0.00243	0.00779
17	0.02113	0.01606	0.01671	0.01298	0.01739	0.04474	0.01066	0.67923	0.04580	0.03437	0.01499	0.01491	0.02982	0.00706	0.00573	0.00172	0.00630	0.00532	0.00561	0.00947
18	0.00733	0.00523	0.00705	0.00837	0.00886	0.00496	0.00593	0.00858	0.01130	0.01500	0.03133	0.67861	0.03705	0.01758	0.00740	0.00237	0.00363	0.12936	0.00530	0.00475
19	0.02152	0.01591	0.01704	0.01312	0.01765	0.01764	0.01082	0.72344	0.04804	0.03570	0.01401	0.01395	0.00995	0.00689	0.00572	0.00172	0.00624	0.00519	0.00572	0.00971
20	0.01148	0.00885	0.01044	0.00948	0.01201	0.00765	0.00691	0.05937	0.01403	0.01995	0.11222	0.35201	0.04973	0.01255	0.00675	0.00200	0.00434	0.01063	0.00532	0.28429
21	0.83938	0.01106	0.00841	0.00752	0.01106	0.01283	0.00619	0.01681	0.00973	0.02566	0.00796	0.00929	0.00619	0.00531	0.00354	0.00177	0.00442	0.00310	0.00354	0.00619
22	0.00821	0.00598	0.00846	0.00846	0.00923	0.00675	0.00624	0.00975	0.00898	0.01274	0.01599	0.02617	0.01590	0.22968	0.59173	0.00829	0.01291	0.00667	0.00316	0.00470
23	0.00756	0.00583	0.00690	0.00664	0.00822	0.00517	0.00498	0.00976	0.01493	0.01994	0.47919	0.04766	0.33693	0.01281	0.00675	0.00185	0.00278	0.01104	0.00590	0.00517
24	0.01066	0.00533	0.00533	0.00533	0.00666	0.00533	0.00400	0.01333	0.01200	0.02132	0.01866	0.02132	0.01466	0.00666	0.00400	0.00133	0.00267	0.00533	0.83073	0.00533
25	0.01080	0.01017	0.01716	0.78523	0.03940	0.01271	0.01589	0.01461	0.01144	0.01461	0.01017	0.01525	0.00762	0.00572	0.00572	0.00191	0.00762	0.00508	0.00254	0.00635
26	0.00994	0.00497	0.00745	0.00745	0.00745	0.00497	0.00497	0.00745	0.00745	0.00994	0.00994	0.01739	0.00994	0.01987	0.02235	0.83358	0.00497	0.00497	0.00248	0.00248
27	0.00778	0.00532	0.00640	0.00693	0.00706	0.00519	0.00420	0.00818	0.00937	0.01250	0.02343	0.34073	0.02761	0.48638	0.02038	0.00426	0.00465	0.01150	0.00420	0.00394
28	0.01147	0.02959	0.76934	0.01630	0.02476	0.01328	0.02113	0.01811	0.01208	0.01811	0.01026	0.01208	0.00725	0.00543	0.00543	0.00181	0.00845	0.00423	0.00242	0.00845
29	0.01665	0.02016	0.02673	0.02036	0.02501	0.31926	0.44977	0.02013	0.01458	0.01659	0.01048	0.01338	0.00815	0.00525	0.00611	0.00175	0.00991	0.00552	0.00291	0.00728
30	0.02137	0.02726	0.01621	0.01474	0.01768	0.77602	0.01105	0.02284	0.01621	0.01400	0.00884	0.01031	0.00737	0.00589	0.00516	0.00147	0.01031	0.00368	0.00295	0.00663
31	0.00742	0.00533	0.00704	0.00766	0.00840	0.00495	0.00534	0.00910	0.01305	0.01794	0.32319	0.49407	0.04429	0.01543	0.00708	0.00211	0.00307	0.01389	0.00570	0.00495
32	0.00919	0.00767	0.00877	0.00762	0.01072	0.00623	0.00610	0.01127	0.01259	0.01699	0.03441	0.03928	0.34359	0.01059	0.00593	0.00161	0.00381	0.12237	0.00453	0.33673
33	0.01080	0.01017	0.01716	0.78523	0.03940	0.01271	0.01589	0.01461	0.01144	0.01461	0.01017	0.01525	0.00762	0.00572	0.00572	0.00191	0.00762	0.00508	0.00254	0.00635
34	0.00722	0.00524	0.00691	0.00799	0.00857	0.00480	0.00538	0.00829	0.01100	0.01481	0.03043	0.75503	0.03632	0.01722	0.00714	0.00225	0.00337	0.01560	0.00521	0.04722
35	0.00810	0.00585	0.00765	0.00720	0.00855	0.00540	0.00540	0.01079	0.01619	0.02294	0.76028	0.04273	0.05397	0.01169	0.00675	0.00180	0.00270	0.01034	0.00630	0.00540
36	0.00893	0.00705	0.00873	0.00817	0.01040	0.00584	0.00590	0.01054	0.01132	0.01622	0.02298	0.48172	0.02608	0.01244	0.00607	0.00173	0.00369	0.01111	0.00454	0.33655
37	0.00893	0.00705	0.00873	0.00817	0.01040	0.00584	0.00590	0.01054	0.01132	0.01622	0.02298	0.48172	0.02608	0.01244	0.00607	0.00173	0.00369	0.01111	0.00454	0.33655
38	0.00752	0.00582	0.00685	0.00660	0.00819	0.00515	0.00495	0.00969	0.01484	0.01974	0.45993	0.04800	0.35632	0.01289	0.00675	0.00186	0.00278	0.01108	0.00588	0.00515
39	0.01251	0.01251	0.01752	0.01502	0.01502	0.01752	0.01251	0.01377	0.00876	0.01377	0.00751	0.01251	0.00751	0.01001	0.01877	0.00250	0.78851	0.00501	0.00250	0.00626
40	0.01416	0.01359	0.02322	0.03511	0.76330	0.01359	0.01755	0.01755	0.01302	0.01869	0.01076	0.01416	0.00906	0.00510	0.00566	0.00170	0.00680	0.00510	0.00283	0.00906
41	0.00817	0.00613	0.00919	0.00919	0.01021	0.00715	0.00715	0.01021	0.00919	0.01328	0.01532	0.02247	0.01430	0.04290	0.77631	0.00919	0.01532	0.00613	0.00306	0.00511
42	0.01066	0.00533	0.00533	0.00533	0.00666	0.00533	0.00400	0.01333	0.01200	0.02132	0.01866	0.02132	0.01466	0.00666	0.00400	0.00133	0.00267	0.00533	0.83073	0.00533
43	0.00796	0.00574	0.00753	0.00729	0.00852	0.00531	0.00539	0.01046	0.01557	0.02194	0.67349	0.13235	0.05205	0.01244	0.00681	0.00186	0.00277	0.01105	0.00618	0.00531
44	0.01251	0.01251	0.01752	0.01502	0.01502	0.01752	0.01251	0.01377	0.00876	0.01377	0.00751	0.01251	0.00751	0.01001	0.01877	0.00250	0.78851	0.00501	0.00250	0.00626
45	0.01880	0.01127	0.01307	0.01105	0.01476	0.01190	0.00879	0.02939	0.45816	0.32143	0.02299	0.02059	0.01614	0.00749	0.00579	0.00187	0.00466	0.00618	0.00632	0.00933
46	0.00697	0.00498	0.00664	0.00796	0.00830	0.00465	0.00531	0.00796	0.01095	0.01460	0.03153	0.79525	0.03783	0.01792	0.00730	0.00232	0.00332	0.01626	0.00531	0.00465
47	0.02147	0.01589	0.01701	0.01311	0.01763	0.01761	0.01081	0.71840	0.05316	0.03561	0.01408	0.01401	0.01001	0.00690	0.00573	0.00172	0.00623	0.00520	0.00573	0.00970
48	0.01423	0.01229	0.01293	0.01164	0.01487	0.01423	0.00905	0.03039	0.75297	0.02393	0.02328	0.02134	0.01746	0.00776	0.00582	0.00194	0.00453	0.00647	0.00582	0.00905
49	0.02363	0.01300	0.01530	0.01173	0.01623	0.01325	0.00969	0.39989	0.02184	0.38753	0.01798	0.01649	0.01186	0.00697	0.00574	0.00174	0.00561	0.00544	0.00637	0.00973
50	0.00991	0.00868	0.01253	0.01152	0.01214	0.01130	0.00930	0.01164	0.00902	0.01347	0.01219	0.01849	0.01158	0.02974	0.47313	0.00652	0.32477	0.00568	0.00284	0.00557
51	0.01080	0.01017	0.01716	0.78523	0.03940	0.01271	0.01589	0.01461	0.01144	0.01461	0.01017	0.01525	0.00762	0.00572	0.00572	0.00191	0.00762	0.00508	0.00254	0.00635
52	0.50887	0.01132	0.00997	0.00897	0.01234	0.01306	0.00717	0.02147	0.28123	0.02467	0.01531	0.01530	0.03679	0.00653	0.00449	0.00184	0.00441	0.00464	0.00443	0.00719
53	0.00689	0.00530	0.00630	0.00710	0.00807	0.00472	0.00492	0.00806	0.01179	0.01494	0.04210	0.49900	0.32725	0.01655	0.00708	0.00217	0.00315	0.01458	0.00531	0.00472
54	0.00989	0.02016	0.46417	0.01267	0.01844	0.01011	0.01501	0.01459	0.01248	0.01725	0.02598	0.03043	0.22036	0.00922	0.00610	0.00194	0.00652	0.09405	0.00357	0.00706
55	0.01351	0.32927	0.02930	0.01662	0.02146	0.01667	0.36924	0.01672	0.01247	0.01597	0.01229	0.09757	0.01131	0.00627	0.00558	0.00169	0.00755	0.00631	0.00298	0.00723

[dist]
# distance from previous block
# <min> <max>
0	18

[block]
# block no. 6 follows, 41 sequences, length 24
# corresponding to MSA columns:
# 651-664,668-677
name=unknown_G
#
# <colnr> <probs for GDERKNQSTAVLIFYWHMCP>
#	G	D	E	R	K	N	Q	S	T	A	V	L	I	F	Y	W	H	M	C	P
0	0.39359	0.01388	0.05013	0.01588	0.02056	0.01376	0.35262	0.01748	0.01156	0.02155	0.00973	0.01238	0.00744	0.00523	0.00560	0.00187	0.03166	0.00492	0.00316	0.00700
1	0.01670	0.02251	0.33599	0.01427	0.02004	0.13714	0.01479	0.15603	0.11325	0.09359	0.01357	0.01403	0.00973	0.00624	0.00552	0.00175	0.00749	0.00475	0.00401	0.00860
2	0.01801	0.01268	0.02310	0.01698	0.02188	0.01174	0.36569	0.06863	0.01522	0.28877	0.01667	0.05788	0.01225	0.00644	0.00626	0.00184	0.00718	0.00667	0.00473	0.03737
3	0.02174	0.01602	0.01717	0.01316	0.01774	0.01774	0.01087	0.74423	0.02689	0.03605	0.01373	0.01373	0.00973	0.00687	0.00572	0.00172	0.00629	0.00515	0.00572	0.00973
4	0.00960	0.00567	0.00697	0.00697	0.00817	0.00610	0.00534	0.01200	0.01080	0.01790	0.01724	0.02181	0.01451	0.02207	0.33247	0.00468	0.00805	0.00567	0.47872	0.00524
5	0.83938	0.01106	0.00841	0.00752	0.01106	0.01283	0.00619	0.01681	0.00973	0.02566	0.00796	0.00929	0.00619	0.00531	0.00354	0.00177	0.00442	0.00310	0.00354	0.00619
6	0.00686	0.00542	0.00618	0.00679	0.00799	0.00475	0.00479	0.00810	0.01208	0.01506	0.04587	0.39340	0.43042	0.01606	0.00701	0.00211	0.00309	0.01399	0.00531	0.00475
7	0.01147	0.02959	0.76934	0.01630	0.02476	0.01328	0.02113	0.01811	0.01208	0.01811	0.01026	0.01208	0.00725	0.00543	0.00543	0.00181	0.00845	0.00423	0.00242	0.00845
8	0.00697	0.00498	0.00664	0.00796	0.00830	0.00465	0.00531	0.00796	0.01095	0.01460	0.03153	0.79525	0.03783	0.01792	0.00730	0.00232	0.00332	0.01626	0.00531	0.00465
9	0.01350	0.01543	0.03375	0.02411	0.02989	0.01446	0.74253	0.01832	0.01350	0.01832	0.01157	0.01543	0.00868	0.00482	0.00675	0.00193	0.00964	0.00675	0.00289	0.00771
10	0.01423	0.01229	0.01293	0.01164	0.01487	0.01423	0.00905	0.03039	0.75297	0.02393	0.02328	0.02134	0.01746	0.00776	0.00582	0.00194	0.00453	0.00647	0.00582	0.00905
11	0.01186	0.01017	0.01186	0.00847	0.01356	0.00762	0.00678	0.01440	0.01186	0.01864	0.01017	0.01186	0.00847	0.00424	0.00424	0.00085	0.00424	0.00339	0.00339	0.83395
12	0.00750	0.00582	0.00682	0.00657	0.00818	0.00514	0.00493	0.00964	0.01478	0.01959	0.44590	0.04824	0.37044	0.01294	0.00675	0.00186	0.00279	0.01112	0.00586	0.00514
13	0.00696	0.00503	0.00658	0.00783	0.00826	0.00466	0.00525	0.00798	0.01108	0.01465	0.03319	0.74868	0.08333	0.01770	0.00727	0.00230	0.00329	0.01600	0.00531	0.00466
14	0.01162	0.05895	0.74125	0.01606	0.02437	0.01364	0.02070	0.01808	0.01206	0.01794	0.01018	0.01197	0.00725	0.00541	0.00537	0.00179	0.00836	0.00418	0.00242	0.00841
15	0.01378	0.01465	0.02927	0.02879	0.34182	0.01409	0.43419	0.01800	0.01330	0.01848	0.01123	0.01489	0.00884	0.00494	0.00629	0.00183	0.00843	0.00605	0.00287	0.00829
16	0.05973	0.01093	0.01497	0.45576	0.02851	0.03258	0.01266	0.01928	0.18282	0.06706	0.04860	0.01773	0.01238	0.00654	0.00565	0.00188	0.00639	0.00554	0.00384	0.00715
17	0.02141	0.02589	0.01633	0.01454	0.01769	0.68332	0.01103	0.11103	0.01752	0.01669	0.00944	0.01073	0.00766	0.00601	0.00523	0.00150	0.00982	0.00386	0.00329	0.00701
18	0.01186	0.01017	0.01186	0.00847	0.01356	0.00762	0.00678	0.01440	0.01186	0.01864	0.01017	0.01186	0.00847	0.00424	0.00424	0.00085	0.00424	0.00339	0.00339	0.83395
19	0.00991	0.00820	0.00746	0.00728	0.00764	0.09973	0.00439	0.01009	0.00928	0.01145	0.01690	0.03412	0.01915	0.70203	0.02618	0.00505	0.00613	0.00775	0.00340	0.00385
20	0.24192	0.01063	0.01090	0.00931	0.01265	0.01130	0.00727	0.04078	0.24981	0.12087	0.01647	0.01838	0.01302	0.10327	0.00783	0.00217	0.00468	0.00526	0.00477	0.10872
21	0.01654	0.30725	0.07899	0.01869	0.24287	0.06037	0.01310	0.11369	0.01465	0.06776	0.01074	0.01224	0.00862	0.00545	0.00489	0.00153	0.00667	0.00425	0.00332	0.00837
22	0.01786	0.11758	0.14720	0.01360	0.07196	0.01358	0.01180	0.07352	0.20092	0.24732	0.01724	0.01654	0.01223	0.00652	0.00543	0.00174	0.00580	0.00523	0.00495	0.00898
23	0.06689	0.08012	0.01348	0.01076	0.01368	0.09211	0.00843	0.10405	0.26029	0.06956	0.02029	0.19920	0.01851	0.00941	0.00576	0.00187	0.00520	0.00778	0.00504	0.00756

[dist]
# distance from previous block
# <min> <max>
0	31

[block]
# block no. 7 follows, 41 sequences, length 34
# corresponding to MSA columns:
# 709-737,744-748
name=unknown_H
#
# <colnr> <probs for GDERKNQSTAVLIFYWHMCP>
#	G	D	E	R	K	N	Q	S	T	A	V	L	I	F	Y	W	H	M	C	P
0	0.16048	0.05275	0.01068	0.00900	0.01142	0.00960	0.00706	0.08840	0.05539	0.09119	0.10513	0.26878	0.02513	0.01108	0.00594	0.00195	0.00425	0.05124	0.00514	0.02538
1	0.03950	0.08205	0.01738	0.17214	0.22500	0.03152	0.01229	0.10841	0.03466	0.03759	0.03753	0.05063	0.08862	0.00756	0.00571	0.00179	0.00605	0.03025	0.00384	0.00749
2	0.01534	0.12525	0.04770	0.01152	0.01420	0.24964	0.00946	0.01778	0.05588	0.06444	0.01761	0.02068	0.10433	0.10414	0.01002	0.00219	0.11401	0.00571	0.00359	0.00649
3	0.01232	0.01239	0.04841	0.01520	0.01877	0.04029	0.28514	0.09704	0.01407	0.01868	0.03483	0.11713	0.05437	0.08872	0.03574	0.00258	0.00730	0.06859	0.00396	0.02447
4	0.01392	0.25731	0.21716	0.01667	0.02265	0.01662	0.27136	0.06581	0.01340	0.01788	0.01077	0.03146	0.00869	0.00545	0.00543	0.00168	0.00790	0.00512	0.00288	0.00785
5	0.01746	0.01354	0.01485	0.01128	0.01595	0.01366	0.00919	0.41615	0.07482	0.02858	0.01309	0.01359	0.00982	0.00594	0.00517	0.00141	0.00539	0.00458	0.00485	0.32068
6	0.00697	0.00498	0.00664	0.00796	0.00830	0.00465	0.00531	0.00796	0.01095	0.01460	0.03153	0.79525	0.03783	0.01792	0.00730	0.00232	0.00332	0.01626	0.00531	0.00465
7	0.00837	0.00598	0.00824	0.00956	0.01051	0.00585	0.00774	0.01038	0.01233	0.01617	0.03075	0.34024	0.03477	0.01660	0.00767	0.00252	0.00453	0.45745	0.00528	0.00503
8	0.01186	0.01017	0.01186	0.00847	0.01356	0.00762	0.00678	0.01440	0.01186	0.01864	0.01017	0.01186	0.00847	0.00424	0.00424	0.00085	0.00424	0.00339	0.00339	0.83395
9	0.00697	0.00498	0.00664	0.00796	0.00830	0.00465	0.00531	0.00796	0.01095	0.01460	0.03153	0.79525	0.03783	0.01792	0.00730	0.00232	0.00332	0.01626	0.00531	0.00465
10	0.02174	0.01602	0.01717	0.01316	0.01774	0.01774	0.01087	0.74423	0.02689	0.03605	0.01373	0.01373	0.00973	0.00687	0.00572	0.00172	0.00629	0.00515	0.00572	0.00973
11	0.01274	0.02077	0.31131	0.02116	0.02796	0.01402	0.47033	0.01824	0.01296	0.01824	0.01108	0.01416	0.00814	0.00505	0.00625	0.00188	0.00919	0.00580	0.00271	0.00799
12	0.02566	0.00973	0.01327	0.01018	0.01460	0.00841	0.00841	0.02788	0.01637	0.76726	0.02257	0.01947	0.01416	0.00708	0.00575	0.00177	0.00487	0.00575	0.00708	0.00973
13	0.00994	0.00497	0.00745	0.00745	0.00745	0.00497	0.00497	0.00745	0.00745	0.00994	0.00994	0.01739	0.00994	0.01987	0.02235	0.83358	0.00497	0.00497	0.00248	0.00248
14	0.00697	0.00498	0.00664	0.00796	0.00830	0.00465	0.00531	0.00796	0.01095	0.01460	0.03153	0.79525	0.03783	0.01792	0.00730	0.00232	0.00332	0.01626	0.00531	0.00465
