[name]
unknown

[dist]
# distance from previous block
# <min> <max>
1	1192

[block]
# block no. 0 follows, 47 sequences, length 16
# corresponding to MSA columns:
# 1199-1214
name=unknown_A
#
# <colnr> <probs for GDERKNQSTAVLIFYWHMCP>
#	G	D	E	R	K	N	Q	S	T	A	V	L	I	F	Y	W	H	M	C	P
0	0.26774	0.06529	0.05346	0.00940	0.01304	0.01279	0.00814	0.21813	0.10418	0.05743	0.01364	0.01397	0.04686	0.00605	0.00473	0.00156	0.02546	0.00437	0.03209	0.04166
1	0.06804	0.01622	0.07669	0.02533	0.01463	0.27482	0.02866	0.11042	0.12479	0.01818	0.08135	0.03328	0.02548	0.07167	0.00676	0.00184	0.00643	0.00522	0.00375	0.00644
2	0.17283	0.14310	0.21374	0.04617	0.02853	0.01212	0.08586	0.01526	0.03638	0.03393	0.06161	0.07750	0.01212	0.00616	0.00469	0.00158	0.00567	0.00508	0.00312	0.03454
3	0.23327	0.17287	0.01578	0.01016	0.01375	0.03951	0.07278	0.09766	0.07255	0.08124	0.01147	0.05100	0.00942	0.00586	0.00483	0.00152	0.03581	0.00443	0.00363	0.06247
4	0.01477	0.23287	0.01957	0.01775	0.28517	0.07616	0.01123	0.01949	0.16057	0.09477	0.01227	0.01314	0.00966	0.00530	0.00466	0.00146	0.00569	0.00434	0.00341	0.00771
5	0.25120	0.01106	0.07202	0.00861	0.01293	0.00932	0.00759	0.05505	0.01193	0.20106	0.01152	0.01187	0.00832	0.00495	0.00416	0.00131	0.00444	0.00366	0.00395	0.30504
6	0.04379	0.27417	0.10950	0.25210	0.02252	0.10188	0.07165	0.01555	0.01103	0.01389	0.00843	0.01100	0.00682	0.00501	0.00492	0.00150	0.03361	0.00385	0.00237	0.00641
7	0.00691	0.00554	0.00797	0.00805	0.00914	0.00508	0.06490	0.00832	0.01088	0.01419	0.06951	0.51861	0.19225	0.01435	0.00650	0.00200	0.00344	0.04312	0.00470	0.00454
8	0.01592	0.22110	0.01744	0.01082	0.01439	0.09976	0.06810	0.09293	0.11916	0.17192	0.05234	0.06737	0.01344	0.00657	0.00490	0.00152	0.00551	0.00534	0.00422	0.00726
9	0.01739	0.08332	0.06830	0.01313	0.01694	0.28741	0.07011	0.28888	0.03477	0.02070	0.01029	0.01143	0.00793	0.00639	0.02319	0.00164	0.02313	0.00418	0.00358	0.00731
10	0.00634	0.00453	0.00604	0.00725	0.00755	0.00423	0.00483	0.00725	0.00997	0.01329	0.02870	0.81358	0.03444	0.01632	0.00665	0.00211	0.00302	0.01480	0.00483	0.00423
11	0.01214	0.01308	0.02669	0.11791	0.20432	0.01279	0.50143	0.01611	0.01197	0.01635	0.01021	0.01376	0.00787	0.00455	0.00580	0.00170	0.00796	0.00561	0.00258	0.00716
12	0.01291	0.02222	0.51327	0.01415	0.02053	0.01316	0.04931	0.19235	0.07561	0.02073	0.01109	0.01216	0.00793	0.00540	0.00509	0.00164	0.00700	0.00431	0.00317	0.00798
13	0.01919	0.01907	0.01497	0.01255	0.01595	0.37493	0.00986	0.37471	0.06963	0.02285	0.01103	0.01153	0.00833	0.00590	0.00498	0.00147	0.00731	0.00415	0.00405	0.00752
14	0.00720	0.00495	0.00584	0.00621	0.00640	0.00483	0.00381	0.00758	0.00855	0.01131	0.02167	0.24802	0.05657	0.53965	0.01963	0.00403	0.00438	0.03209	0.00374	0.00355
15	0.01274	0.18132	0.04326	0.00971	0.01234	0.08138	0.00810	0.17285	0.04717	0.01723	0.01473	0.16776	0.01461	0.08344	0.08789	0.00259	0.02655	0.00647	0.00368	0.00618

[dist]
# distance from previous block
# <min> <max>
1	11

[block]
# block no. 1 follows, 47 sequences, length 6
# corresponding to MSA columns:
# 1226-1231
name=unknown_B
#
# <colnr> <probs for GDERKNQSTAVLIFYWHMCP>
#	G	D	E	R	K	N	Q	S	T	A	V	L	I	F	Y	W	H	M	C	P
0	0.01520	0.01903	0.43364	0.01484	0.10519	0.01059	0.01486	0.01952	0.01245	0.28409	0.01328	0.01354	0.00897	0.00543	0.00507	0.00162	0.00639	0.00442	0.00371	0.00816
1	0.01145	0.01091	0.01855	0.39476	0.43292	0.01200	0.01527	0.01473	0.01118	0.01527	0.00954	0.01336	0.00764	0.00491	0.00518	0.00164	0.00654	0.00463	0.00245	0.00709
2	0.00624	0.00496	0.00560	0.00612	0.00726	0.00433	0.00433	0.00738	0.01106	0.01374	0.04252	0.37511	0.46400	0.01452	0.00636	0.00191	0.00280	0.01261	0.00484	0.00433
3	0.01507	0.01191	0.01288	0.01102	0.01423	0.01339	0.00890	0.31084	0.39894	0.02533	0.01857	0.02123	0.01478	0.00758	0.00548	0.00176	0.00482	0.08997	0.00521	0.00809
4	0.02134	0.01169	0.13393	0.01014	0.01474	0.00835	0.00947	0.02399	0.01429	0.66725	0.01879	0.01667	0.01191	0.00621	0.00519	0.00162	0.00494	0.00502	0.00578	0.00868
5	0.00634	0.00453	0.00604	0.00725	0.00755	0.00423	0.00483	0.00725	0.00997	0.01329	0.02870	0.81358	0.03444	0.01632	0.00665	0.00211	0.00302	0.01480	0.00483	0.00423

[dist]
# distance from previous block
# <min> <max>
6	15

[block]
# block no. 2 follows, 47 sequences, length 12
# corresponding to MSA columns:
# 1247-1258
name=unknown_C
#
# <colnr> <probs for GDERKNQSTAVLIFYWHMCP>
#	G	D	E	R	K	N	Q	S	T	A	V	L	I	F	Y	W	H	M	C	P
0	0.25882	0.19338	0.01750	0.07997	0.18619	0.01429	0.03394	0.01496	0.01011	0.01690	0.00847	0.01149	0.00731	0.00546	0.00574	0.00160	0.10490	0.01980	0.00268	0.00650
1	0.01309	0.01029	0.01319	0.01352	0.13764	0.01053	0.00950	0.25630	0.01536	0.02118	0.01511	0.02370	0.01385	0.01150	0.10354	0.00246	0.00630	0.17247	0.00404	0.14645
2	0.01735	0.01427	0.01644	0.04492	0.18275	0.06324	0.01125	0.46969	0.08312	0.02653	0.01225	0.01302	0.00911	0.00588	0.00517	0.00157	0.00597	0.00469	0.00439	0.00839
3	0.01149	0.01090	0.01443	0.01572	0.16586	0.07754	0.06643	0.01583	0.13498	0.01620	0.01825	0.05781	0.03780	0.00915	0.00738	0.00195	0.10539	0.22274	0.00379	0.00639
4	0.01916	0.01404	0.11017	0.01127	0.01571	0.01271	0.01015	0.41317	0.03961	0.25033	0.01484	0.01425	0.01009	0.00616	0.00514	0.00158	0.00544	0.00478	0.03281	0.00857
5	0.01563	0.20146	0.08043	0.01084	0.01473	0.04539	0.00970	0.14142	0.25147	0.12072	0.01436	0.01409	0.01072	0.00609	0.00527	0.00156	0.03951	0.00456	0.00423	0.00782
6	0.02005	0.01198	0.01374	0.01078	0.01471	0.01256	0.00883	0.38300	0.13636	0.30654	0.01677	0.01547	0.01141	0.00645	0.00523	0.00161	0.00501	0.00507	0.00567	0.00876
7	0.01005	0.00975	0.01841	0.01599	0.07465	0.00941	0.32558	0.01305	0.01175	0.01570	0.02021	0.12853	0.06326	0.00951	0.00672	0.00199	0.02630	0.22954	0.00367	0.00591
8	0.15190	0.02285	0.60480	0.01312	0.01981	0.01171	0.01616	0.01692	0.01091	0.07201	0.00979	0.01105	0.00688	0.00503	0.00468	0.00164	0.00685	0.00377	0.00267	0.00744
9	0.01506	0.01314	0.01995	0.08102	0.36013	0.01376	0.10666	0.28450	0.01632	0.02235	0.01082	0.01297	0.00833	0.00523	0.00530	0.00159	0.00640	0.00484	0.00351	0.00813
10	0.00775	0.00581	0.00731	0.00748	0.00859	0.00573	0.00550	0.01117	0.10717	0.01796	0.37306	0.31550	0.03862	0.01245	0.00628	0.00187	0.00300	0.05436	0.00530	0.00507
11	0.01249	0.01258	0.02329	0.08922	0.52303	0.01252	0.21718	0.01596	0.01186	0.01664	0.00995	0.01328	0.00805	0.00462	0.00543	0.00162	0.00694	0.00504	0.00257	0.00773

[dist]
# distance from previous block
# <min> <max>
32	106

[block]
# block no. 3 follows, 47 sequences, length 28
# corresponding to MSA columns:
# 1379-1406
name=unknown_D
#
# <colnr> <probs for GDERKNQSTAVLIFYWHMCP>
#	G	D	E	R	K	N	Q	S	T	A	V	L	I	F	Y	W	H	M	C	P
0	0.03714	0.01063	0.01186	0.01036	0.01323	0.01167	0.00841	0.27423	0.24311	0.06104	0.03534	0.05086	0.01705	0.02653	0.02306	0.00203	0.00497	0.14606	0.00507	0.00737
1	0.01691	0.01332	0.01635	0.01233	0.01660	0.01392	0.09954	0.51212	0.04015	0.02743	0.01197	0.01275	0.00882	0.00634	0.02197	0.00160	0.00591	0.00464	0.00449	0.15285
2	0.76033	0.01032	0.00831	0.00721	0.01056	0.01173	0.00593	0.06246	0.00994	0.02365	0.00768	0.00883	0.00594	0.00488	0.00338	0.00157	0.00413	0.00295	0.00334	0.04687
3	0.01601	0.01332	0.01298	0.01106	0.01415	0.12485	0.00906	0.42479	0.01920	0.02445	0.01877	0.02565	0.08167	0.00854	0.00566	0.00173	0.00577	0.17045	0.00472	0.00716
4	0.01045	0.02694	0.79000	0.01484	0.02254	0.01209	0.01924	0.01649	0.01099	0.01649	0.00935	0.01099	0.00660	0.00495	0.00495	0.00165	0.00770	0.00385	0.00220	0.00770
5	0.01267	0.01206	0.02052	0.03088	0.74685	0.01206	0.01561	0.01573	0.01186	0.01694	0.01066	0.01512	0.00931	0.00511	0.00525	0.00159	0.00612	0.04088	0.00269	0.00808
6	0.00741	0.00491	0.00565	0.00600	0.00699	0.00456	0.00426	0.00900	0.01120	0.01605	0.12798	0.29553	0.19806	0.03803	0.00628	0.00182	0.00276	0.01025	0.23877	0.00449
7	0.01350	0.01099	0.01530	0.01243	0.01541	0.05075	0.17850	0.20435	0.05945	0.08144	0.01836	0.27974	0.01777	0.00919	0.00588	0.00179	0.00551	0.00842	0.00448	0.00672
8	0.00706	0.00505	0.00687	0.00807	0.00869	0.00485	0.00608	0.00849	0.01068	0.01410	0.02831	0.54836	0.03287	0.01564	0.00684	0.00221	0.00364	0.27293	0.00482	0.00443
9	0.00672	0.00480	0.00647	0.00768	0.00814	0.00455	0.00548	0.00789	0.01034	0.01371	0.02850	0.67634	0.03363	0.01596	0.00675	0.00217	0.00334	0.14838	0.00483	0.00433
10	0.01152	0.01117	0.01454	0.52578	0.02826	0.08317	0.01244	0.01773	0.21005	0.01546	0.01226	0.01492	0.00925	0.00571	0.00518	0.00171	0.00643	0.00484	0.00313	0.00645
11	0.01220	0.01474	0.07470	0.02188	0.05338	0.01308	0.69586	0.01665	0.01220	0.01668	0.01044	0.01383	0.00784	0.00443	0.00604	0.00174	0.00863	0.00596	0.00261	0.00711
12	0.01143	0.01236	0.02542	0.29690	0.03026	0.01261	0.50167	0.01550	0.01163	0.01550	0.01009	0.01399	0.00756	0.00468	0.00582	0.00175	0.00813	0.00561	0.00252	0.00659
13	0.00889	0.00731	0.00814	0.00807	0.00990	0.00758	0.00619	0.01501	0.27981	0.01706	0.05969	0.17880	0.26017	0.01166	0.00607	0.00190	0.00348	0.09946	0.00502	0.00578
14	0.01045	0.02694	0.79000	0.01484	0.02254	0.01209	0.01924	0.01649	0.01099	0.01649	0.00935	0.01099	0.00660	0.00495	0.00495	0.00165	0.00770	0.00385	0.00220	0.00770
15	0.01235	0.01388	0.02978	0.02294	0.10198	0.01309	0.69158	0.01661	0.01225	0.01671	0.01046	0.01393	0.00794	0.00441	0.00605	0.00174	0.00852	0.00600	0.00263	0.00714
16	0.01908	0.02404	0.01459	0.01325	0.01595	0.75111	0.00996	0.02119	0.05842	0.01326	0.00880	0.00997	0.00724	0.00546	0.00473	0.00137	0.00909	0.00350	0.00283	0.00616
17	0.01066	0.01009	0.01710	0.59690	0.23702	0.01179	0.01487	0.01402	0.01080	0.01430	0.00940	0.01362	0.00729	0.00505	0.00519	0.00168	0.00674	0.00463	0.00238	0.00645
18	0.01248	0.00630	0.00880	0.00834	0.01008	0.00566	0.02551	0.01386	0.01176	0.28562	0.02537	0.51326	0.02618	0.01254	0.00614	0.00193	0.00367	0.01122	0.00534	0.00593
19	0.00947	0.00837	0.01352	0.16159	0.30790	0.00866	0.01082	0.01167	0.01077	0.01471	0.01798	0.36397	0.01949	0.00986	0.00582	0.00183	0.00494	0.00909	0.00352	0.00604
20	0.00766	0.00552	0.00753	0.00866	0.00963	0.00538	0.00710	0.00956	0.01138	0.01482	0.02924	0.28374	0.07095	0.01490	0.00698	0.00228	0.00415	0.49112	0.00481	0.00461
21	0.01883	0.01521	0.28542	0.01123	0.01654	0.00921	0.01173	0.02226	0.01353	0.51699	0.01661	0.01536	0.01068	0.00592	0.00514	0.00162	0.00558	0.00475	0.00495	0.00845
22	0.01308	0.01675	0.23260	0.01990	0.11996	0.01217	0.38618	0.01750	0.01217	0.10136	0.01122	0.01348	0.00814	0.00480	0.00560	0.00168	0.00768	0.00524	0.00293	0.00756
23	0.01039	0.00982	0.01662	0.66401	0.17198	0.01172	0.01474	0.01379	0.01068	0.01398	0.00935	0.01370	0.00718	0.00510	0.00520	0.00170	0.00680	0.00463	0.00236	0.00623
24	0.01428	0.01685	0.31067	0.01928	0.28761	0.01091	0.01490	0.01822	0.01234	0.20021	0.03612	0.01413	0.00999	0.00537	0.00513	0.00160	0.00623	0.00463	0.00345	0.00808
25	0.01630	0.01271	0.01563	0.29043	0.02308	0.01454	0.01150	0.50226	0.01954	0.02596	0.01136	0.01299	0.00818	0.00588	0.00521	0.00162	0.00616	0.00467	0.00419	0.00778
26	0.01684	0.29743	0.01959	0.01092	0.01493	0.04447	0.02932	0.40253	0.01788	0.02332	0.01052	0.01128	0.00815	0.00560	0.00478	0.00140	0.02572	0.00402	0.04363	0.00768
27	0.01081	0.01014	0.01787	0.02192	0.38070	0.00993	0.14263	0.01360	0.01159	0.01601	0.01639	0.17392	0.01668	0.00839	0.00594	0.00183	0.00581	0.12576	0.00337	0.00671

[dist]
# distance from previous block
# <min> <max>
0	1

[block]
# block no. 4 follows, 47 sequences, length 11
# corresponding to MSA columns:
# 1408-1418
name=unknown_E
#
# <colnr> <probs for GDERKNQSTAVLIFYWHMCP>
#	G	D	E	R	K	N	Q	S	T	A	V	L	I	F	Y	W	H	M	C	P
0	0.01174	0.01163	0.02109	0.29286	0.38575	0.01225	0.15808	0.01520	0.01145	0.01569	0.00975	0.01345	0.00774	0.00479	0.00536	0.00165	0.00694	0.00492	0.00250	0.00718
1	0.05304	0.01742	0.24385	0.01292	0.01729	0.01471	0.01275	0.36816	0.01666	0.02372	0.01026	0.01166	0.00766	0.00635	0.00730	0.00173	0.15876	0.00433	0.00367	0.00777
2	0.00644	0.00481	0.00601	0.00682	0.00756	0.00438	0.00476	0.00761	0.01082	0.01408	0.08654	0.55339	0.21123	0.01512	0.00652	0.00201	0.00296	0.03970	0.00490	0.00434
3	0.00922	0.01749	0.42439	0.01279	0.01743	0.00960	0.07898	0.01316	0.01064	0.01526	0.01607	0.28949	0.01637	0.00899	0.00608	0.00184	0.03481	0.00787	0.00315	0.00636
4	0.01489	0.04342	0.25583	0.01365	0.01879	0.01386	0.10430	0.36832	0.01740	0.02383	0.01223	0.06707	0.00973	0.00626	0.00528	0.00164	0.00652	0.00524	0.00385	0.00789
5	0.00836	0.00689	0.01015	0.12331	0.13137	0.00692	0.00809	0.01070	0.01248	0.01701	0.31328	0.14926	0.11053	0.01032	0.00601	0.00177	0.00393	0.05976	0.00447	0.00539
6	0.00975	0.00842	0.01324	0.07116	0.32144	0.00836	0.01001	0.01253	0.01329	0.01881	0.41923	0.02675	0.02985	0.00786	0.00568	0.00161	0.00426	0.00717	0.00423	0.00631
7	0.01482	0.01194	0.01223	0.01019	0.01342	0.04039	0.00814	0.35696	0.24604	0.02480	0.02355	0.02251	0.17625	0.00795	0.00542	0.00166	0.00472	0.00635	0.00507	0.00762
8	0.11326	0.04797	0.21698	0.01418	0.01889	0.11321	0.18931	0.10961	0.01320	0.01855	0.01136	0.05128	0.00958	0.00601	0.00516	0.00166	0.00704	0.04277	0.00312	0.00688
9	0.04705	0.00601	0.00702	0.03528	0.00930	0.00571	0.00537	0.04798	0.01142	0.01529	0.03298	0.39254	0.27325	0.01314	0.00607	0.00187	0.00332	0.03409	0.00460	0.04770
10	0.12095	0.01167	0.01609	0.14447	0.37158	0.05166	0.01246	0.06669	0.03940	0.01807	0.01282	0.01664	0.04530	0.00590	0.00505	0.00164	0.00585	0.04355	0.00312	0.00709

[dist]
# distance from previous block
# <min> <max>
67	112

[block]
# block no. 5 follows, 47 sequences, length 17
# corresponding to MSA columns:
# 1555-1571
name=unknown_F
#
# <colnr> <probs for GDERKNQSTAVLIFYWHMCP>
#	G	D	E	R	K	N	Q	S	T	A	V	L	I	F	Y	W	H	M	C	P
0	0.05229	0.05710	0.04584	0.01321	0.06555	0.04015	0.12430	0.11036	0.07465	0.07600	0.08152	0.09189	0.04949	0.00761	0.00656	0.00172	0.08459	0.00639	0.00398	0.00678
1	0.01228	0.16511	0.40529	0.01191	0.01754	0.01292	0.01353	0.05915	0.08758	0.06766	0.01520	0.01562	0.08233	0.00603	0.00484	0.00157	0.00615	0.00468	0.00321	0.00739
2	0.00676	0.00502	0.00698	0.00777	0.00842	0.00470	0.02644	0.00801	0.01056	0.01404	0.06744	0.64204	0.06758	0.01536	0.00664	0.00209	0.00331	0.08762	0.00481	0.00441
3	0.01052	0.01985	0.46002	0.25779	0.07697	0.01201	0.05951	0.01549	0.01095	0.01556	0.00941	0.01217	0.00688	0.00498	0.00511	0.00167	0.00743	0.00427	0.00228	0.00711
4	0.01322	0.10511	0.12835	0.01591	0.11367	0.11054	0.15676	0.01775	0.10205	0.03769	0.01141	0.03547	0.00927	0.00546	0.00542	0.00152	0.03485	0.00476	0.00304	0.08776
5	0.05648	0.06734	0.37340	0.04306	0.01865	0.04934	0.01366	0.17916	0.03066	0.05558	0.01118	0.02785	0.00836	0.00561	0.00482	0.00158	0.00649	0.00429	0.03499	0.00752
6	0.00639	0.00459	0.00606	0.00716	0.00755	0.00427	0.00481	0.00738	0.01025	0.01367	0.06455	0.75310	0.05902	0.01595	0.00661	0.00208	0.00298	0.01443	0.00488	0.00427
7	0.02362	0.03370	0.02996	0.01330	0.07248	0.01092	0.13106	0.05509	0.09254	0.13014	0.05232	0.09395	0.05014	0.00777	0.00726	0.00177	0.12930	0.00650	0.05139	0.00678
8	0.01271	0.03923	0.38774	0.18218	0.08438	0.01184	0.04212	0.04595	0.01201	0.11687	0.01093	0.01273	0.00776	0.00519	0.00507	0.00164	0.00690	0.00434	0.00294	0.00748
9	0.01206	0.01147	0.01954	0.30196	0.44583	0.01229	0.05925	0.04555	0.01189	0.01633	0.00976	0.01329	0.00779	0.00489	0.00523	0.00163	0.00659	0.00473	0.00260	0.00734
10	0.04061	0.04182	0.32655	0.01448	0.02018	0.04127	0.17756	0.06146	0.01301	0.19450	0.01218	0.01308	0.00843	0.00524	0.00518	0.00163	0.00696	0.00463	0.00349	0.00773
11	0.03895	0.05705	0.10199	0.14954	0.05237	0.17531	0.06876	0.14257	0.06056	0.01823	0.01051	0.01243	0.00809	0.00556	0.00538	0.00157	0.03786	0.00434	0.04201	0.00690
12	0.00787	0.01034	0.16994	0.00880	0.01149	0.00707	0.02532	0.01096	0.05416	0.01522	0.07678	0.22649	0.30425	0.01141	0.00636	0.00184	0.03234	0.00973	0.00423	0.00539
13	0.00857	0.00779	0.00707	0.00671	0.00848	0.07911	0.00495	0.04395	0.05108	0.01497	0.07026	0.04064	0.51252	0.11099	0.00845	0.00211	0.00377	0.00925	0.00450	0.00481
14	0.01250	0.30291	0.25367	0.01327	0.04000	0.01441	0.13923	0.01584	0.01099	0.05643	0.01008	0.01314	0.00839	0.08030	0.00661	0.00179	0.00666	0.00430	0.00261	0.00688
15	0.13279	0.01625	0.21192	0.11629	0.02234	0.06242	0.23285	0.03169	0.01191	0.09737	0.01053	0.01252	0.00759	0.00501	0.00510	0.00166	0.00713	0.00460	0.00302	0.00700
16	0.00971	0.01040	0.06120	0.07589	0.11641	0.00932	0.26805	0.01257	0.01110	0.01511	0.01752	0.33255	0.01838	0.00927	0.00608	0.00186	0.00595	0.00916	0.00346	0.00601

[dist]
# distance from previous block
# <min> <max>
11	122

[block]
# block no. 6 follows, 47 sequences, length 6
# corresponding to MSA columns:
# 1699-1704
name=unknown_G
#
# <colnr> <probs for GDERKNQSTAVLIFYWHMCP>
#	G	D	E	R	K	N	Q	S	T	A	V	L	I	F	Y	W	H	M	C	P
0	0.01327	0.03878	0.14089	0.04270	0.01776	0.09195	0.12521	0.07238	0.04039	0.06190	0.06626	0.01444	0.01099	0.00668	0.00832	0.00177	0.21441	0.00497	0.02019	0.00673
1	0.01230	0.01200	0.01626	0.33658	0.04710	0.11307	0.12452	0.07026	0.06940	0.01639	0.01212	0.05765	0.00992	0.00598	0.00524	0.00165	0.00664	0.00536	0.07122	0.00632
2	0.00758	0.00644	0.00686	0.00775	0.00842	0.07375	0.00540	0.00863	0.01064	0.01342	0.02878	0.64346	0.09229	0.01501	0.00646	0.00203	0.00364	0.05035	0.00464	0.00443
3	0.01237	0.01387	0.08008	0.15788	0.08733	0.01321	0.39948	0.08151	0.01259	0.01722	0.01007	0.01338	0.00767	0.00509	0.00651	0.00175	0.06485	0.00535	0.00274	0.00702
4	0.08810	0.00911	0.01228	0.02747	0.08900	0.00923	0.06114	0.08603	0.07985	0.06143	0.07417	0.09141	0.03752	0.00890	0.00566	0.00179	0.00476	0.17858	0.00435	0.06923
5	0.01104	0.06059	0.46447	0.01812	0.21324	0.01204	0.01634	0.01612	0.04493	0.01641	0.01132	0.07160	0.00951	0.00579	0.00506	0.00164	0.00670	0.00490	0.00263	0.00755

[dist]
# distance from previous block
# <min> <max>
0	4

[block]
# block no. 7 follows, 47 sequences, length 8
# corresponding to MSA columns:
# 1709-1716
name=unknown_H
#
# <colnr> <probs for GDERKNQSTAVLIFYWHMCP>
#	G	D	E	R	K	N	Q	S	T	A	V	L	I	F	Y	W	H	M	C	P
0	0.00838	0.00570	0.00703	0.00717	0.00843	0.00536	0.00518	0.01087	0.07188	0.07643	0.19309	0.38699	0.16750	0.01304	0.00623	0.00188	0.00303	0.01152	0.00519	0.00508
1	0.08890	0.09783	0.14294	0.00943	0.01256	0.00916	0.04286	0.01392	0.03701	0.09492	0.08461	0.24550	0.03545	0.00907	0.00525	0.00170	0.00453	0.00778	0.05053	0.00604
2	0.01304	0.07514	0.10363	0.01710	0.12680	0.08283	0.24296	0.01750	0.08205	0.05683	0.08627	0.01568	0.01260	0.00552	0.00532	0.00157	0.00666	0.00531	0.00331	0.03988
3	0.01031	0.00983	0.01741	0.10258	0.19177	0.00953	0.20208	0.01311	0.01124	0.01553	0.01556	0.21190	0.01568	0.00800	0.00576	0.00173	0.00582	0.05192	0.00330	0.09695
4	0.01394	0.04846	0.01548	0.20762	0.10136	0.03892	0.01109	0.25190	0.01500	0.04235	0.01266	0.11035	0.01118	0.00724	0.00649	0.00172	0.08781	0.00577	0.00369	0.00696
5	0.01204	0.01466	0.21936	0.01472	0.11245	0.02969	0.04164	0.05034	0.03225	0.07879	0.04810	0.01604	0.03298	0.01139	0.12414	0.00273	0.14357	0.00507	0.00318	0.00685
6	0.01265	0.01161	0.01668	0.42092	0.19171	0.04737	0.01356	0.13416	0.03460	0.01738	0.01007	0.01330	0.00777	0.00548	0.00569	0.00167	0.04095	0.00462	0.00293	0.00688
7	0.00775	0.00884	0.09079	0.00762	0.00959	0.06464	0.00639	0.00952	0.01157	0.01440	0.08155	0.28288	0.36018	0.01255	0.00607	0.00182	0.00380	0.01076	0.00444	0.00485

[dist]
# distance from previous block
# <min> <max>
1	5

[block]
# block no. 8 follows, 47 sequences, length 27
# corresponding to MSA columns:
# 1722-1748
name=unknown_I
#
# <colnr> <probs for GDERKNQSTAVLIFYWHMCP>
#	G	D	E	R	K	N	Q	S	T	A	V	L	I	F	Y	W	H	M	C	P
0	0.01294	0.02062	0.36387	0.01287	0.01779	0.16919	0.01349	0.07009	0.13397	0.01742	0.01366	0.01608	0.03496	0.00749	0.03525	0.00190	0.00727	0.04075	0.00323	0.00716
1	0.00950	0.14433	0.14926	0.01182	0.01508	0.01009	0.16276	0.01213	0.01072	0.01436	0.01815	0.38070	0.01970	0.00999	0.00571	0.00180	0.00541	0.00919	0.00351	0.00580
2	0.01139	0.02633	0.68997	0.01492	0.02205	0.08942	0.04153	0.01692	0.01141	0.01613	0.00925	0.01093	0.00665	0.00497	0.00496	0.00162	0.00790	0.00387	0.00226	0.00751
3	0.01795	0.01738	0.22044	0.01205	0.01664	0.14796	0.01163	0.11772	0.03864	0.29278	0.01378	0.01359	0.00945	0.00597	0.00556	0.00160	0.04021	0.00446	0.00429	0.00791
4	0.01152	0.00915	0.07240	0.00851	0.01123	0.00781	0.00728	0.07698	0.11676	0.13598	0.17123	0.08182	0.21310	0.00987	0.00580	0.00174	0.00387	0.04349	0.00513	0.00634
5	0.01977	0.01969	0.01502	0.01261	0.01600	0.42422	0.00989	0.34376	0.01897	0.05542	0.01052	0.01110	0.00791	0.00580	0.00494	0.00145	0.00759	0.00401	0.00394	0.00738
6	0.01329	0.34826	0.06872	0.25470	0.02133	0.05352	0.01155	0.10440	0.01228	0.01532	0.00864	0.01091	0.00702	0.00520	0.00497	0.00146	0.04539	0.00376	0.00263	0.00665
7	0.00745	0.00607	0.00935	0.00913	0.01042	0.00567	0.09582	0.00917	0.01110	0.01459	0.06645	0.44272	0.13007	0.01386	0.00660	0.00205	0.00395	0.14623	0.00461	0.00472
8	0.00768	0.10209	0.00961	0.06271	0.01043	0.00713	0.00623	0.00886	0.01000	0.01314	0.02398	0.63211	0.02819	0.01386	0.00655	0.00198	0.03422	0.01228	0.00425	0.00468
9	0.01101	0.14397	0.63903	0.01390	0.02075	0.01355	0.01732	0.01617	0.01079	0.01567	0.00891	0.01062	0.00662	0.00508	0.00530	0.00160	0.04634	0.00372	0.00221	0.00745
10	0.01532	0.01107	0.01198	0.01012	0.01322	0.01224	0.00804	0.26569	0.34695	0.08436	0.01814	0.05186	0.01388	0.00704	0.00513	0.00164	0.00442	0.00571	0.10528	0.00791
11	0.01276	0.00937	0.01267	0.01084	0.01337	0.04806	0.09745	0.01782	0.18678	0.15828	0.01703	0.06650	0.01403	0.01850	0.28719	0.00409	0.00843	0.00610	0.00414	0.00658
12	0.31160	0.01018	0.01278	0.42615	0.02433	0.01215	0.01078	0.10365	0.01153	0.01921	0.00893	0.01179	0.00671	0.00520	0.00450	0.00167	0.00576	0.00399	0.00298	0.00610
13	0.00839	0.00635	0.03232	0.05894	0.01047	0.00652	0.00652	0.02266	0.00961	0.01458	0.01554	0.08518	0.01436	0.04456	0.41902	0.00518	0.00908	0.00607	0.21978	0.00487
14	0.01280	0.56447	0.27311	0.01082	0.01632	0.01786	0.01224	0.01588	0.01071	0.01362	0.00792	0.00920	0.00666	0.00461	0.00386	0.00129	0.00625	0.00313	0.00222	0.00701
15	0.00791	0.00630	0.00765	0.00718	0.00920	0.00522	0.00521	0.00937	0.01049	0.01470	0.02464	0.43688	0.11385	0.01151	0.00559	0.00159	0.00327	0.01018	0.00421	0.30507
16	0.01021	0.00855	0.01237	0.01064	0.01278	0.00892	0.12434	0.01523	0.19188	0.05626	0.11566	0.21083	0.11327	0.01013	0.00692	0.00186	0.07057	0.00892	0.00458	0.00607
17	0.04647	0.04537	0.21173	0.01327	0.04131	0.01249	0.10430	0.26354	0.01585	0.02220	0.08691	0.07511	0.02470	0.00680	0.00532	0.00164	0.00598	0.00581	0.00388	0.00732
18	0.01226	0.01420	0.19008	0.09680	0.38681	0.01096	0.01456	0.01589	0.01212	0.08069	0.10231	0.01605	0.01300	0.00563	0.00524	0.00160	0.00601	0.00508	0.00316	0.00754
19	0.01422	0.00984	0.01050	0.07443	0.01343	0.11480	0.00734	0.01648	0.03646	0.23999	0.06969	0.15952	0.07977	0.00846	0.00535	0.00158	0.00468	0.00711	0.01977	0.10657
20	0.01405	0.01568	0.21714	0.01132	0.01568	0.05277	0.01094	0.14579	0.23711	0.10054	0.01964	0.01902	0.10334	0.00695	0.00526	0.00166	0.00547	0.00556	0.00439	0.00769
21	0.01150	0.01746	0.34083	0.01456	0.04584	0.01130	0.15192	0.03642	0.12716	0.04600	0.10391	0.01722	0.01403	0.03140	0.00606	0.00178	0.00643	0.00546	0.00344	0.00727
22	0.01043	0.00927	0.10230	0.10713	0.03944	0.00780	0.00881	0.01383	0.07197	0.10660	0.01951	0.24478	0.03775	0.01356	0.11438	0.00269	0.00586	0.00793	0.07003	0.00595
23	0.11107	0.03383	0.17982	0.17238	0.18131	0.01113	0.01265	0.06081	0.01154	0.01718	0.01357	0.11861	0.04120	0.00681	0.00508	0.00169	0.00580	0.00579	0.00306	0.00665
24	0.01188	0.02039	0.42055	0.01710	0.12883	0.05084	0.06670	0.05933	0.01170	0.01668	0.00951	0.01194	0.00737	0.00695	0.04120	0.00199	0.10289	0.00430	0.00252	0.00734
25	0.01190	0.01188	0.02274	0.12529	0.07128	0.01168	0.42408	0.03293	0.06097	0.03969	0.02865	0.04667	0.04258	0.00571	0.00578	0.00171	0.00708	0.00625	0.00318	0.03995
26	0.00986	0.01066	0.08932	0.06256	0.06198	0.00881	0.13605	0.03084	0.06125	0.01681	0.09180	0.11304	0.13235	0.00808	0.00557	0.00162	0.00506	0.01922	0.00377	0.13134

[dist]
# distance from previous block
# <min> <max>
14	102

[block]
# block no. 9 follows, 47 sequences, length 14
# corresponding to MSA columns:
# 1851-1864
name=unknown_J
#
# <colnr> <probs for GDERKNQSTAVLIFYWHMCP>
#	G	D	E	R	K	N	Q	S	T	A	V	L	I	F	Y	W	H	M	C	P
0	0.01233	0.03554	0.02759	0.00796	0.01054	0.04746	0.00643	0.07054	0.01432	0.17482	0.26997	0.06272	0.18042	0.00928	0.00561	0.00160	0.00381	0.00780	0.00514	0.04612
1	0.01650	0.01027	0.01384	0.01190	0.05064	0.01049	0.06505	0.22962	0.03343	0.25234	0.02917	0.10750	0.01468	0.01018	0.06553	0.00223	0.03021	0.03396	0.00494	0.00753
2	0.01183	0.12237	0.44762	0.01402	0.02005	0.02730	0.12731	0.01630	0.01148	0.06651	0.01284	0.04028	0.04786	0.00571	0.00506	0.00161	0.00699	0.00487	0.00278	0.00723
3	0.01130	0.01147	0.05513	0.33984	0.34160	0.01163	0.07126	0.01474	0.01121	0.01562	0.01006	0.01369	0.00793	0.00495	0.00515	0.00162	0.00653	0.00472	0.05462	0.00693
4	0.00658	0.00614	0.04590	0.00658	0.00809	0.00480	0.00515	0.00814	0.01152	0.01473	0.12848	0.30520	0.40293	0.01352	0.00626	0.00186	0.00301	0.01173	0.00481	0.00457
5	0.04804	0.04575	0.09950	0.04443	0.04853	0.05694	0.00979	0.17795	0.02817	0.25669	0.04747	0.05502	0.04498	0.00685	0.00516	0.00161	0.00534	0.00550	0.00467	0.00762
6	0.01485	0.05708	0.27328	0.01334	0.01839	0.05919	0.08231	0.21646	0.06878	0.08144	0.01247	0.04137	0.00948	0.00600	0.00538	0.00163	0.02222	0.00486	0.00371	0.00776
7	0.00647	0.00462	0.00619	0.00740	0.00775	0.00434	0.00505	0.00747	0.01010	0.01344	0.02863	0.76690	0.03417	0.01620	0.00668	0.00213	0.00313	0.06024	0.00483	0.00426
8	0.01065	0.07348	0.74524	0.01449	0.02200	0.01259	0.01863	0.01644	0.01097	0.01624	0.00922	0.01084	0.00660	0.00492	0.00485	0.00162	0.00757	0.00379	0.00220	0.00764
9	0.08206	0.03649	0.01581	0.01170	0.01576	0.01047	0.14698	0.07512	0.08724	0.42201	0.01664	0.01590	0.01123	0.00656	0.02043	0.00176	0.00548	0.00517	0.00510	0.00807
10	0.01405	0.01064	0.01267	0.01141	0.03786	0.02520	0.04482	0.02401	0.48744	0.13928	0.02002	0.07812	0.01570	0.00748	0.00577	0.00176	0.03021	0.00633	0.01944	0.00780
11	0.00633	0.00515	0.00561	0.00577	0.00721	0.00443	0.00422	0.00771	0.01188	0.01473	0.13395	0.18128	0.56673	0.01343	0.00624	0.00181	0.00268	0.01147	0.00494	0.00443
12	0.01920	0.01289	0.16954	0.01093	0.01546	0.00938	0.02835	0.04499	0.02958	0.51996	0.01789	0.01659	0.02879	0.00638	0.00580	0.00166	0.04402	0.00507	0.00520	0.00831
13	0.01630	0.01151	0.08172	0.01154	0.05999	0.01031	0.00937	0.19883	0.09014	0.25406	0.07790	0.08453	0.01686	0.00776	0.00549	0.00170	0.00486	0.04421	0.00515	0.00776

[dist]
# distance from previous block
# <min> <max>
0	14

[block]
# block no. 10 follows, 47 sequences, length 31
# corresponding to MSA columns:
# 1879-1909
name=unknown_K
#
# <colnr> <probs for GDERKNQSTAVLIFYWHMCP>
#	G	D	E	R	K	N	Q	S	T	A	V	L	I	F	Y	W	H	M	C	P
0	0.01020	0.01043	0.01614	0.01333	0.01581	0.09891	0.27595	0.01261	0.01158	0.01486	0.05925	0.30425	0.02089	0.01202	0.06179	0.00233	0.00662	0.04378	0.00371	0.00552
1	0.01349	0.01732	0.23815	0.21872	0.06405	0.08096	0.09141	0.16108	0.01404	0.03652	0.01023	0.01246	0.00750	0.00526	0.00518	0.00163	0.00723	0.00448	0.00301	0.00727
2	0.01092	0.02362	0.59474	0.01667	0.02374	0.01237	0.21118	0.01654	0.01133	0.01654	0.00965	0.01178	0.00693	0.00480	0.00526	0.00168	0.00797	0.00444	0.00231	0.00752
3	0.01304	0.02063	0.42701	0.01511	0.02116	0.03328	0.15663	0.12777	0.04067	0.05751	0.01145	0.03196	0.00850	0.00547	0.00527	0.00166	0.00725	0.00480	0.00312	0.00769
4	0.00644	0.00464	0.00610	0.00711	0.00756	0.00430	0.00481	0.00752	0.01052	0.01408	0.10467	0.70714	0.06456	0.01563	0.00658	0.00205	0.00295	0.01412	0.00492	0.00430
5	0.01410	0.05515	0.21270	0.01144	0.01560	0.00942	0.04783	0.01781	0.03950	0.25017	0.01864	0.02784	0.01600	0.00829	0.00570	0.00185	0.00564	0.23080	0.00441	0.00710
6	0.01045	0.02694	0.79000	0.01484	0.02254	0.01209	0.01924	0.01649	0.01099	0.01649	0.00935	0.01099	0.00660	0.00495	0.00495	0.00165	0.00770	0.00385	0.00220	0.00770
7	0.01289	0.01237	0.02114	0.03196	0.78450	0.01237	0.01598	0.01598	0.01186	0.01701	0.00980	0.01289	0.00825	0.00464	0.00516	0.00155	0.00619	0.00464	0.00258	0.00825
8	0.01307	0.01122	0.01227	0.07157	0.01539	0.01301	0.00881	0.06501	0.67741	0.02171	0.01983	0.01864	0.01484	0.00688	0.00529	0.00175	0.00442	0.00573	0.00507	0.00809
9	0.00869	0.00738	0.00776	0.00730	0.00942	0.00749	0.00558	0.01489	0.28327	0.01751	0.11621	0.03807	0.43502	0.01075	0.00585	0.00175	0.00315	0.00902	0.00509	0.00582
10	0.01045	0.02694	0.79000	0.01484	0.02254	0.01209	0.01924	0.01649	0.01099	0.01649	0.00935	0.01099	0.00660	0.00495	0.00495	0.00165	0.00770	0.00385	0.00220	0.00770
11	0.00730	0.00482	0.00646	0.00736	0.00787	0.00455	0.00501	0.00828	0.01005	0.05184	0.02707	0.70366	0.03167	0.04531	0.04972	0.00253	0.00375	0.01358	0.00475	0.00445
12	0.01945	0.02482	0.01476	0.01342	0.01610	0.79608	0.01006	0.02079	0.01476	0.01275	0.00805	0.00939	0.00671	0.00537	0.00470	0.00134	0.00939	0.00335	0.00268	0.00604
13	0.00737	0.00532	0.00696	0.00655	0.00778	0.00491	0.00491	0.00983	0.01474	0.02088	0.78175	0.03890	0.04914	0.01065	0.00614	0.00164	0.00246	0.00942	0.00573	0.00491
14	0.00687	0.00491	0.00665	0.00785	0.00839	0.00468	0.00575	0.00816	0.01049	0.01388	0.02841	0.61946	0.03329	0.01582	0.00679	0.00219	0.00348	0.20373	0.00482	0.00438
15	0.01771	0.02019	0.01366	0.01242	0.01514	0.55195	0.00947	0.02191	0.17215	0.05352	0.01245	0.01454	0.01017	0.00626	0.00498	0.00150	0.00780	0.04407	0.00353	0.00657
16	0.01734	0.00753	0.01016	0.00824	0.01122	0.00662	0.00662	0.01952	0.01484	0.49918	0.30721	0.02570	0.02654	0.00803	0.00558	0.00162	0.00369	0.00681	0.00618	0.00738
17	0.01921	0.02385	0.01539	0.01365	0.01651	0.72367	0.03780	0.06242	0.01521	0.01401	0.00839	0.00974	0.00687	0.00538	0.00478	0.00137	0.00916	0.00353	0.00282	0.00623
18	0.00708	0.00494	0.00614	0.00646	0.00689	0.00472	0.00420	0.00804	0.01027	0.01401	0.21760	0.31221	0.03221	0.32521	0.01421	0.00313	0.00366	0.01062	0.00441	0.00399
19	0.01477	0.01357	0.01666	0.29783	0.18334	0.11548	0.01281	0.24539	0.01558	0.01997	0.01020	0.01267	0.00777	0.00543	0.00513	0.00159	0.00673	0.00448	0.00330	0.00727
20	0.00711	0.00512	0.00673	0.00673	0.00772	0.00474	0.00489	0.00918	0.01354	0.01897	0.59208	0.23402	0.04544	0.01207	0.00627	0.00176	0.00260	0.01077	0.00551	0.00474
21	0.00634	0.00453	0.00604	0.00725	0.00755	0.00423	0.00483	0.00725	0.00997	0.01329	0.02870	0.81358	0.03444	0.01632	0.00665	0.00211	0.00302	0.01480	0.00483	0.00423
22	0.01101	0.02299	0.55778	0.01702	0.02397	0.01242	0.24750	0.01655	0.01139	0.01655	0.00971	0.01193	0.00700	0.00478	0.00531	0.00168	0.00803	0.00455	0.00233	0.00749
23	0.01055	0.05059	0.76726	0.01467	0.02227	0.01235	0.01893	0.01647	0.01098	0.01637	0.00928	0.01092	0.00660	0.00493	0.00490	0.00163	0.00763	0.00382	0.00220	0.00767
24	0.01272	0.01220	0.02084	0.07382	0.74393	0.01233	0.01590	0.01584	0.01178	0.01681	0.00977	0.01294	0.00818	0.00467	0.00516	0.00156	0.00623	0.00464	0.00256	0.00812
25	0.00641	0.00461	0.00610	0.00727	0.00765	0.00430	0.00493	0.00739	0.01011	0.01340	0.02948	0.75989	0.05973	0.01614	0.00665	0.00211	0.00307	0.04165	0.00483	0.00426
26	0.01527	0.03517	0.21748	0.06038	0.25267	0.01085	0.01357	0.01901	0.03022	0.25795	0.01357	0.02915	0.00984	0.00559	0.00512	0.00161	0.00595	0.00479	0.00377	0.00805
27	0.01579	0.01460	0.01906	0.01567	0.05852	0.14221	0.23876	0.12289	0.20078	0.09636	0.01395	0.01469	0.01030	0.00568	0.00543	0.00164	0.00676	0.00525	0.00402	0.00765
28	0.01878	0.01242	0.01397	0.01091	0.01466	0.01333	0.00895	0.54273	0.02125	0.15867	0.07295	0.01584	0.01285	0.00838	0.04781	0.00194	0.00570	0.00519	0.00533	0.00833
29	0.28242	0.01230	0.03179	0.01034	0.01407	0.01306	0.04750	0.34849	0.04382	0.06683	0.07046	0.01381	0.01129	0.00605	0.00470	0.00161	0.00502	0.00459	0.00448	0.00739
30	0.01173	0.01059	0.01576	0.21485	0.28021	0.01042	0.01176	0.05333	0.01177	0.01689	0.00961	0.01237	0.00776	0.00458	0.00470	0.00132	0.00551	0.00408	0.00283	0.30993

[dist]
# distance from previous block
# <min> <max>
12	22

[block]
# block no. 11 follows, 47 sequences, length 39
# corresponding to MSA columns:
# 1934-1972
name=unknown_L
#
# <colnr> <probs for GDERKNQSTAVLIFYWHMCP>
#	G	D	E	R	K	N	Q	S	T	A	V	L	I	F	Y	W	H	M	C	P
0	0.05649	0.01381	0.21409	0.01113	0.03340	0.01013	0.01059	0.07725	0.14606	0.17158	0.05016	0.06271	0.06425	0.00759	0.00534	0.00172	0.00510	0.04676	0.00447	0.00735
1	0.01091	0.10072	0.66280	0.01480	0.02202	0.01297	0.07267	0.01642	0.01105	0.01611	0.00923	0.01097	0.00670	0.00486	0.00488	0.00161	0.00757	0.00392	0.00223	0.00755
2	0.01021	0.00830	0.00901	0.00865	0.01045	0.06811	0.02861	0.03191	0.14253	0.06849	0.02964	0.31367	0.19290	0.01183	0.00603	0.00187	0.00403	0.04332	0.00480	0.00563
3	0.03277	0.01350	0.02276	0.01694	0.02123	0.05443	0.43274	0.12470	0.07963	0.05355	0.03091	0.01606	0.04179	0.00567	0.00605	0.00171	0.02892	0.00588	0.00357	0.00720
4	0.01238	0.01447	0.09227	0.02547	0.33920	0.01275	0.39199	0.01638	0.01200	0.01680	0.01013	0.01331	0.00793	0.00454	0.00563	0.00166	0.00762	0.00533	0.00257	0.00759
5	0.00634	0.00453	0.00604	0.00725	0.00755	0.00423	0.00483	0.00725	0.00997	0.01329	0.02870	0.81358	0.03444	0.01632	0.00665	0.00211	0.00302	0.01480	0.00483	0.00423
6	0.01261	0.01202	0.02013	0.10230	0.67426	0.01233	0.01543	0.01636	0.05228	0.01692	0.01035	0.01333	0.00853	0.00482	0.00517	0.00158	0.00615	0.00471	0.00270	0.00802
7	0.01213	0.01365	0.02941	0.02200	0.06681	0.01283	0.70077	0.01633	0.01219	0.01659	0.01109	0.04024	0.00879	0.00479	0.00611	0.00176	0.00845	0.00635	0.00270	0.00700
8	0.01264	0.01306	0.02509	0.02783	0.47212	0.01270	0.32520	0.01627	0.01204	0.01688	0.01010	0.01337	0.00811	0.00454	0.00556	0.00163	0.00726	0.00526	0.00260	0.00774
9	0.00634	0.00453	0.00604	0.00725	0.00755	0.00423	0.00483	0.00725	0.00997	0.01329	0.02870	0.81358	0.03444	0.01632	0.00665	0.00211	0.00302	0.01480	0.00483	0.00423
10	0.01392	0.82012	0.02729	0.00891	0.01337	0.02061	0.00891	0.01559	0.01058	0.01225	0.00724	0.00835	0.00668	0.00446	0.00334	0.00111	0.00557	0.00278	0.00223	0.00668
11	0.01073	0.09173	0.72770	0.01436	0.02179	0.01279	0.01840	0.01642	0.01096	0.01615	0.00917	0.01078	0.00660	0.00491	0.00482	0.00161	0.00752	0.00376	0.00220	0.00761
12	0.01884	0.01259	0.01381	0.01080	0.01458	0.01362	0.00885	0.53683	0.07386	0.13789	0.01469	0.01440	0.01036	0.00632	0.00507	0.00155	0.00511	0.00487	0.08756	0.00842
13	0.01945	0.02482	0.01476	0.01342	0.01610	0.79608	0.01006	0.02079	0.01476	0.01275	0.00805	0.00939	0.00671	0.00537	0.00470	0.00134	0.00939	0.00335	0.00268	0.00604
14	0.01289	0.01237	0.02114	0.03196	0.78450	0.01237	0.01598	0.01598	0.01186	0.01701	0.00980	0.01289	0.00825	0.00464	0.00516	0.00155	0.00619	0.00464	0.00258	0.00825
15	0.04751	0.01313	0.01247	0.01028	0.01368	0.16804	0.00820	0.18621	0.07405	0.29030	0.03855	0.01823	0.08223	0.00690	0.00517	0.00157	0.00546	0.00534	0.00505	0.00762
16	0.05815	0.01367	0.01097	0.01093	0.01291	0.31512	0.00887	0.01544	0.01300	0.04140	0.01862	0.03538	0.01900	0.01008	0.00594	0.00192	0.00654	0.39266	0.00394	0.00547
17	0.00615	0.00528	0.00528	0.00528	0.00703	0.00440	0.00396	0.00747	0.01187	0.01407	0.05276	0.05012	0.78238	0.01319	0.00615	0.00176	0.00264	0.01099	0.00484	0.00440
18	0.01289	0.01237	0.02114	0.03196	0.78450	0.01237	0.01598	0.01598	0.01186	0.01701	0.00980	0.01289	0.00825	0.00464	0.00516	0.00155	0.00619	0.00464	0.00258	0.00825
19	0.00851	0.00558	0.00656	0.00699	0.00794	0.00559	0.00496	0.05514	0.05178	0.01674	0.02383	0.48557	0.02561	0.01215	0.00559	0.00179	0.00306	0.01074	0.25695	0.00491
20	0.01289	0.01237	0.02114	0.03196	0.78450	0.01237	0.01598	0.01598	0.01186	0.01701	0.00980	0.01289	0.00825	0.00464	0.00516	0.00155	0.00619	0.00464	0.00258	0.00825
21	0.00634	0.00453	0.00604	0.00725	0.00755	0.00423	0.00483	0.00725	0.00997	0.01329	0.02870	0.81358	0.03444	0.01632	0.00665	0.00211	0.00302	0.01480	0.00483	0.00423
22	0.01272	0.01220	0.02084	0.07371	0.74405	0.01233	0.01590	0.01584	0.01178	0.01681	0.00977	0.01294	0.00818	0.00467	0.00516	0.00156	0.00623	0.00464	0.00256	0.00812
23	0.00841	0.00508	0.00526	0.00535	0.00674	0.00478	0.00410	0.01046	0.01132	0.01732	0.02988	0.03272	0.27480	0.00909	0.00475	0.00149	0.00267	0.06213	0.49895	0.00469
24	0.01289	0.01237	0.02114	0.03196	0.78450	0.01237	0.01598	0.01598	0.01186	0.01701	0.00980	0.01289	0.00825	0.00464	0.00516	0.00155	0.00619	0.00464	0.00258	0.00825
25	0.01229	0.01405	0.03073	0.02195	0.02722	0.01317	0.76558	0.01668	0.01229	0.01668	0.01054	0.01405	0.00790	0.00439	0.00615	0.00176	0.00878	0.00615	0.00263	0.00702
26	0.06797	0.00780	0.00943	0.00862	0.01090	0.00776	0.00656	0.05395	0.13362	0.26062	0.02276	0.34544	0.02159	0.01050	0.00570	0.00184	0.00384	0.00910	0.00533	0.00665
27	0.01121	0.02162	0.47680	0.01777	0.02447	0.01254	0.32711	0.01657	0.01153	0.01657	0.00984	0.01225	0.00714	0.00472	0.00544	0.00169	0.00814	0.00480	0.00238	0.00742
28	0.01289	0.01237	0.02114	0.03196	0.78450	0.01237	0.01598	0.01598	0.01186	0.01701	0.00980	0.01289	0.00825	0.00464	0.00516	0.00155	0.00619	0.00464	0.00258	0.00825
29	0.01201	0.01348	0.02782	0.02076	0.05007	0.03512	0.65339	0.01596	0.01215	0.01629	0.01201	0.08285	0.01017	0.00546	0.00611	0.00177	0.00822	0.00676	0.00282	0.00679
30	0.00674	0.00500	0.00628	0.00658	0.00755	0.00455	0.00470	0.00837	0.01233	0.01661	0.34771	0.34380	0.18396	0.01335	0.00634	0.00185	0.00271	0.01182	0.00521	0.00455
31	0.01255	0.34944	0.19923	0.01498	0.02046	0.01600	0.28643	0.01619	0.01130	0.01481	0.00891	0.01102	0.00711	0.00454	0.00472	0.00147	0.00721	0.00425	0.00237	0.00703
32	0.01331	0.01214	0.01779	0.02294	0.44422	0.01283	0.03507	0.06494	0.28192	0.01963	0.01400	0.01521	0.01097	0.00558	0.00524	0.00163	0.00551	0.00513	0.00370	0.00825
33	0.00694	0.00483	0.00590	0.00652	0.00677	0.00465	0.00413	0.00749	0.00903	0.01196	0.02426	0.41245	0.06086	0.37381	0.01551	0.00342	0.00395	0.02966	0.00408	0.00377
34	0.01248	0.01281	0.02439	0.07569	0.45513	0.01262	0.29638	0.01608	0.01193	0.01666	0.01004	0.01338	0.00804	0.00458	0.00553	0.00164	0.00720	0.00520	0.00258	0.00764
35	0.01511	0.01304	0.01983	0.02355	0.42823	0.01345	0.08947	0.23464	0.05215	0.04179	0.01148	0.01333	0.00888	0.00524	0.00528	0.00158	0.00617	0.00488	0.00358	0.00832
36	0.05756	0.01338	0.05409	0.01369	0.01750	0.06291	0.21183	0.10078	0.28799	0.03826	0.01648	0.03558	0.03396	0.00649	0.00545	0.00172	0.00601	0.02474	0.00414	0.00740
37	0.01736	0.28451	0.04243	0.01131	0.01570	0.01744	0.03031	0.47349	0.01911	0.02503	0.01060	0.01111	0.00804	0.00556	0.00460	0.00142	0.00582	0.00407	0.00405	0.00805
38	0.20270	0.23834	0.01631	0.00997	0.01358	0.20383	0.00839	0.09560	0.04624	0.10588	0.01010	0.01060	0.00779	0.00528	0.00414	0.00141	0.00598	0.00354	0.00348	0.00684

[dist]
# distance from previous block
# <min> <max>
3	10

[block]
# block no. 12 follows, 47 sequences, length 16
# corresponding to MSA columns:
# 1983-1998
name=unknown_M
#
# <colnr> <probs for GDERKNQSTAVLIFYWHMCP>
#	G	D	E	R	K	N	Q	S	T	A	V	L	I	F	Y	W	H	M	C	P
0	0.01018	0.04542	0.66203	0.01399	0.02079	0.01153	0.03914	0.01558	0.01116	0.01637	0.04367	0.04753	0.02828	0.00584	0.00509	0.00166	0.00713	0.00476	0.00254	0.00730
1	0.01249	0.01366	0.01124	0.04955	0.04210	0.31989	0.02117	0.03277	0.01295	0.01452	0.08926	0.26288	0.07707	0.00977	0.00562	0.00168	0.00595	0.00819	0.00383	0.00541
2	0.13290	0.03383	0.24869	0.01283	0.01725	0.15741	0.06839	0.01865	0.08055	0.09286	0.01081	0.01198	0.00806	0.00567	0.00586	0.00165	0.07827	0.00415	0.00317	0.00702
3	0.01344	0.02125	0.16347	0.01193	0.06412	0.00880	0.06221	0.03644	0.04137	0.22333	0.20459	0.07388	0.03688	0.00771	0.00555	0.00167	0.00490	0.00675	0.00467	0.00706
4	0.00647	0.00463	0.00616	0.00717	0.00758	0.00431	0.00484	0.00757	0.01055	0.01422	0.12087	0.71877	0.03624	0.01562	0.00659	0.00206	0.00295	0.01415	0.00494	0.00431
5	0.01519	0.01323	0.01863	0.01439	0.01831	0.06638	0.25154	0.17899	0.21322	0.08593	0.05757	0.01650	0.01282	0.00607	0.00555	0.00167	0.00625	0.00569	0.00437	0.00770
6	0.01470	0.04877	0.03817	0.01639	0.02103	0.01125	0.44899	0.01810	0.01284	0.21951	0.01677	0.01792	0.07826	0.00573	0.00576	0.00169	0.00692	0.00614	0.00381	0.00727
7	0.01339	0.01127	0.06882	0.39991	0.12351	0.01105	0.09645	0.01678	0.01179	0.17834	0.01186	0.01440	0.00845	0.00529	0.00529	0.00168	0.00657	0.00487	0.00325	0.00701
8	0.11112	0.00682	0.00875	0.12131	0.08106	0.00698	0.00704	0.01002	0.01077	0.01534	0.05448	0.28532	0.23948	0.01121	0.00573	0.00183	0.00385	0.00972	0.00411	0.00505
9	0.11828	0.01133	0.08186	0.01114	0.04911	0.00989	0.05610	0.02059	0.16978	0.26590	0.01818	0.01754	0.06202	0.00628	0.00497	0.00160	0.00478	0.00520	0.01515	0.07031
