[name]
unknown

[dist]
# distance from previous block
# <min> <max>
0	55

[block]
# block no. 0 follows, 52 sequences, length 10
# corresponding to MSA columns:
# 55-64
name=unknown_A
#
# <colnr> <probs for GDERKNQSTAVLIFYWHMCP>
#	G	D	E	R	K	N	Q	S	T	A	V	L	I	F	Y	W	H	M	C	P
0	0.00965	0.00972	0.09948	0.16231	0.05701	0.00857	0.03694	0.07780	0.01171	0.01575	0.01703	0.03210	0.01687	0.00883	0.00565	0.00183	0.00535	0.36581	0.00353	0.05404
1	0.01494	0.01279	0.07973	0.00966	0.01365	0.09844	0.00833	0.23056	0.01461	0.14290	0.01167	0.04197	0.00897	0.00527	0.00441	0.00122	0.00501	0.00410	0.00386	0.28792
2	0.01351	0.01056	0.01524	0.35908	0.17677	0.01178	0.01194	0.23257	0.01406	0.09164	0.01054	0.01271	0.00772	0.00512	0.00484	0.00152	0.00579	0.00438	0.00332	0.00691
3	0.06032	0.00933	0.01331	0.10376	0.24748	0.00986	0.00991	0.12505	0.01224	0.11793	0.01426	0.18889	0.01326	0.00737	0.00554	0.00162	0.04334	0.00635	0.00366	0.00652
4	0.01306	0.01212	0.01785	0.05295	0.55466	0.07962	0.03596	0.01680	0.08486	0.06884	0.01065	0.01266	0.00846	0.00471	0.00481	0.00146	0.00582	0.00440	0.00288	0.00742
5	0.00842	0.00421	0.00631	0.00631	0.00631	0.00421	0.00421	0.00631	0.00631	0.00842	0.00842	0.01473	0.00842	0.01684	0.01894	0.85901	0.00421	0.00421	0.00210	0.00210
6	0.10389	0.01175	0.07981	0.03707	0.12711	0.02794	0.00939	0.09810	0.33814	0.01990	0.06591	0.01562	0.01289	0.00589	0.00467	0.00154	0.00458	0.00484	0.02393	0.00703
7	0.01578	0.23771	0.07571	0.01039	0.01412	0.18702	0.00922	0.22026	0.05155	0.08696	0.03965	0.01151	0.00915	0.00530	0.00429	0.00132	0.00588	0.00382	0.00350	0.00688
8	0.00659	0.00490	0.00621	0.00709	0.00765	0.00484	0.00485	0.00886	0.09596	0.01325	0.02593	0.73685	0.03014	0.01423	0.00605	0.00193	0.00293	0.01286	0.00455	0.00435
9	0.01363	0.22378	0.34847	0.01137	0.01668	0.01393	0.01248	0.21417	0.01364	0.07407	0.00970	0.01042	0.00712	0.00490	0.00431	0.00139	0.00598	0.00363	0.00306	0.00728

[dist]
# distance from previous block
# <min> <max>
0	1

[block]
# block no. 1 follows, 52 sequences, length 13
# corresponding to MSA columns:
# 66-78
name=unknown_B
#
# <colnr> <probs for GDERKNQSTAVLIFYWHMCP>
#	G	D	E	R	K	N	Q	S	T	A	V	L	I	F	Y	W	H	M	C	P
0	0.01032	0.00908	0.01209	0.01321	0.21566	0.00827	0.00818	0.01428	0.12136	0.01672	0.09662	0.01595	0.04392	0.00523	0.00441	0.00116	0.00400	0.00454	0.00337	0.39163
1	0.01102	0.00920	0.01077	0.05088	0.01303	0.00792	0.00663	0.10828	0.04413	0.01754	0.00989	0.03059	0.00819	0.00434	0.00393	0.00093	0.00395	0.00351	0.00320	0.65206
2	0.00589	0.00427	0.00557	0.00662	0.00700	0.00395	0.00444	0.00676	0.00940	0.01242	0.02827	0.77231	0.08527	0.01498	0.00615	0.00195	0.00279	0.01353	0.00450	0.00395
3	0.01839	0.01449	0.01447	0.01128	0.01502	0.09163	0.00923	0.70972	0.02191	0.02874	0.01124	0.01136	0.00805	0.00574	0.00480	0.00143	0.00566	0.00424	0.00462	0.00799
4	0.02980	0.15065	0.13635	0.04030	0.12807	0.01250	0.08032	0.15061	0.02993	0.15518	0.01106	0.01188	0.00808	0.00491	0.00453	0.00141	0.00561	0.00410	0.00342	0.03128
5	0.01268	0.00871	0.01039	0.00774	0.01178	0.00714	0.00622	0.01589	0.08604	0.18031	0.01187	0.01217	0.00892	0.00438	0.00399	0.00097	0.00372	0.00354	0.00372	0.59985
6	0.00667	0.00495	0.00622	0.00590	0.00713	0.00449	0.00443	0.00879	0.01328	0.01840	0.67518	0.03790	0.16809	0.01029	0.00572	0.00154	0.00231	0.00900	0.00520	0.00449
7	0.00590	0.00422	0.00562	0.00675	0.00703	0.00394	0.00450	0.00675	0.00928	0.01237	0.02671	0.82653	0.03205	0.01518	0.00619	0.00197	0.00281	0.01378	0.00450	0.00394
8	0.01150	0.09141	0.43720	0.04403	0.04590	0.01262	0.15532	0.11505	0.01206	0.01692	0.00912	0.01087	0.00670	0.00463	0.00472	0.00150	0.00686	0.00404	0.00250	0.00706
9	0.00754	0.00511	0.00664	0.00616	0.00746	0.00468	0.00466	0.00976	0.01359	0.05798	0.72156	0.03573	0.08102	0.00983	0.00567	0.00153	0.00239	0.00864	0.00533	0.00473
10	0.00597	0.00483	0.00530	0.00537	0.00674	0.00416	0.00396	0.00735	0.01133	0.01421	0.18936	0.14285	0.55727	0.01219	0.00578	0.00166	0.00247	0.01039	0.00466	0.00416
11	0.01184	0.06091	0.32704	0.01646	0.07186	0.01195	0.29672	0.04413	0.02972	0.06777	0.01008	0.01191	0.00735	0.00455	0.00498	0.00154	0.00699	0.00452	0.00265	0.00704
12	0.20197	0.09047	0.06256	0.04784	0.01504	0.13759	0.03074	0.32051	0.01530	0.02174	0.00909	0.01002	0.00685	0.00508	0.00422	0.00141	0.00575	0.00361	0.00346	0.00674

[dist]
# distance from previous block
# <min> <max>
0	1

[block]
# block no. 2 follows, 52 sequences, length 86
# corresponding to MSA columns:
# 80-165
name=unknown_C
#
# <colnr> <probs for GDERKNQSTAVLIFYWHMCP>
#	G	D	E	R	K	N	Q	S	T	A	V	L	I	F	Y	W	H	M	C	P
0	0.00677	0.00467	0.00581	0.00639	0.00667	0.00457	0.00427	0.00742	0.00850	0.01127	0.02097	0.31527	0.02436	0.41127	0.01526	0.00334	0.00400	0.13194	0.00373	0.00353
1	0.68868	0.01019	0.01022	0.00933	0.05529	0.02937	0.07722	0.01442	0.00879	0.02026	0.00716	0.00870	0.00564	0.00460	0.00384	0.00152	0.03331	0.00307	0.00287	0.00551
2	0.00705	0.00470	0.00529	0.00529	0.00529	0.00470	0.00294	0.00705	0.00705	0.00940	0.01527	0.03171	0.01762	0.82969	0.02467	0.00470	0.00470	0.00705	0.00294	0.00294
3	0.01142	0.07089	0.31722	0.04161	0.11146	0.06394	0.15728	0.02722	0.01111	0.04280	0.02597	0.01309	0.04113	0.00503	0.00502	0.00149	0.02287	0.00443	0.00257	0.02346
4	0.01001	0.03631	0.02818	0.08440	0.36777	0.00973	0.12482	0.01256	0.01058	0.01454	0.02702	0.19644	0.04225	0.00714	0.00524	0.00160	0.00534	0.00686	0.00297	0.00625
5	0.00828	0.00612	0.00816	0.00903	0.01033	0.00630	0.00779	0.01179	0.09814	0.01515	0.02500	0.05058	0.02643	0.01263	0.00650	0.00217	0.00439	0.68189	0.00451	0.00482
6	0.01205	0.01041	0.01096	0.00986	0.01260	0.01205	0.00767	0.02575	0.79071	0.02027	0.01972	0.01808	0.01479	0.00657	0.00493	0.00164	0.00384	0.00548	0.00493	0.00767
7	0.01005	0.00861	0.01005	0.00718	0.01148	0.00646	0.00574	0.01220	0.01005	0.01579	0.00861	0.01005	0.00718	0.00359	0.00359	0.00072	0.00359	0.00287	0.00287	0.85932
8	0.00686	0.00495	0.00648	0.00610	0.00724	0.00457	0.00457	0.00914	0.01372	0.01943	0.79691	0.03620	0.04572	0.00991	0.00572	0.00152	0.00229	0.00876	0.00533	0.00457
9	0.01144	0.01307	0.02859	0.02042	0.02533	0.01225	0.78186	0.01552	0.01144	0.01552	0.00980	0.01307	0.00735	0.00408	0.00572	0.00163	0.00817	0.00572	0.00245	0.00654
10	0.03154	0.00990	0.01155	0.04919	0.01364	0.01052	0.00783	0.16245	0.30057	0.28739	0.01709	0.01592	0.01196	0.00608	0.00479	0.00153	0.00427	0.00492	0.04119	0.00768
11	0.08725	0.00833	0.01093	0.00845	0.01214	0.00741	0.00698	0.02289	0.01343	0.74206	0.01816	0.01582	0.01147	0.00588	0.00473	0.00150	0.00409	0.00470	0.00576	0.00801
12	0.01535	0.00962	0.01105	0.00935	0.01241	0.01025	0.00743	0.06943	0.45245	0.27689	0.05732	0.01807	0.01501	0.00650	0.00495	0.00158	0.00394	0.00538	0.00529	0.00774
13	0.00573	0.00491	0.00491	0.00491	0.00655	0.00409	0.00368	0.00695	0.01105	0.01309	0.04909	0.04664	0.79750	0.01227	0.00573	0.00164	0.00245	0.01023	0.00450	0.00409
14	0.01005	0.00861	0.01005	0.00718	0.01148	0.00646	0.00574	0.01220	0.01005	0.01579	0.00861	0.01005	0.00718	0.00359	0.00359	0.00072	0.00359	0.00287	0.00287	0.85932
15	0.00633	0.00491	0.00741	0.00781	0.00845	0.00458	0.06496	0.00743	0.00945	0.01262	0.02539	0.76326	0.03013	0.01432	0.00615	0.00194	0.00323	0.01315	0.00434	0.00414
16	0.00590	0.00422	0.00562	0.00675	0.00703	0.00394	0.00450	0.00675	0.00928	0.01237	0.02671	0.82653	0.03205	0.01518	0.00619	0.00197	0.00281	0.01378	0.00450	0.00394
17	0.00612	0.00437	0.00586	0.00696	0.00734	0.00412	0.00484	0.00713	0.00955	0.01272	0.04027	0.73311	0.03187	0.01490	0.00623	0.00199	0.00297	0.09115	0.00451	0.00400
18	0.06501	0.01206	0.05024	0.01078	0.01478	0.01181	0.05943	0.40229	0.01770	0.28576	0.01361	0.01308	0.00917	0.00564	0.00480	0.00149	0.00511	0.00449	0.00484	0.00792
19	0.00828	0.00684	0.01081	0.42365	0.02096	0.00823	0.00950	0.01081	0.00908	0.01265	0.01150	0.04193	0.00989	0.01597	0.27843	0.00367	0.00808	0.00494	0.09991	0.00488
20	0.01199	0.01151	0.01967	0.02974	0.79946	0.01151	0.01487	0.01487	0.01103	0.01583	0.00912	0.01199	0.00768	0.00432	0.00480	0.00144	0.00576	0.00432	0.00240	0.00768
21	0.01296	0.83261	0.02539	0.00829	0.01244	0.01917	0.00829	0.01451	0.00985	0.01140	0.00674	0.00777	0.00622	0.00415	0.00311	0.00104	0.00518	0.00259	0.00207	0.00622
22	0.00686	0.00495	0.00648	0.00610	0.00724	0.00457	0.00457	0.00914	0.01372	0.01943	0.79691	0.03620	0.04572	0.00991	0.00572	0.00152	0.00229	0.00876	0.00533	0.00457
23	0.01993	0.01116	0.01305	0.01000	0.01382	0.01144	0.00826	0.43850	0.01874	0.38106	0.01503	0.01384	0.00995	0.00590	0.00486	0.00147	0.00478	0.00459	0.00537	0.00824
24	0.01838	0.00750	0.01017	0.00805	0.01121	0.00655	0.00655	0.02035	0.01384	0.62599	0.19468	0.02094	0.01961	0.00688	0.00506	0.00151	0.00371	0.00575	0.00585	0.00742
25	0.00972	0.02507	0.80458	0.01381	0.02097	0.01125	0.01790	0.01535	0.01023	0.01535	0.00870	0.01023	0.00614	0.00460	0.00460	0.00153	0.00716	0.00358	0.00205	0.00716
26	0.02174	0.00825	0.01125	0.00862	0.01237	0.00712	0.00712	0.02362	0.01387	0.80282	0.01912	0.01649	0.01200	0.00600	0.00487	0.00150	0.00412	0.00487	0.00600	0.00825
27	0.00686	0.00495	0.00648	0.00610	0.00724	0.00457	0.00457	0.00914	0.01372	0.01943	0.79691	0.03620	0.04572	0.00991	0.00572	0.00152	0.00229	0.00876	0.00533	0.00457
28	0.01205	0.01041	0.01096	0.00986	0.01260	0.01205	0.00767	0.02575	0.79071	0.02027	0.01972	0.01808	0.01479	0.00657	0.00493	0.00164	0.00384	0.00548	0.00493	0.00767
29	0.86392	0.00937	0.00712	0.00637	0.00937	0.01087	0.00525	0.01425	0.00825	0.02174	0.00675	0.00787	0.00525	0.00450	0.00300	0.00150	0.00375	0.00262	0.00300	0.00525
30	0.01842	0.01357	0.01454	0.01115	0.01503	0.01503	0.00921	0.78330	0.02278	0.03054	0.01163	0.01163	0.00824	0.00582	0.00485	0.00145	0.00533	0.00436	0.00485	0.00824
31	0.86392	0.00937	0.00712	0.00637	0.00937	0.01087	0.00525	0.01425	0.00825	0.02174	0.00675	0.00787	0.00525	0.00450	0.00300	0.00150	0.00375	0.00262	0.00300	0.00525
32	0.01199	0.01151	0.01967	0.02974	0.79946	0.01151	0.01487	0.01487	0.01103	0.01583	0.00912	0.01199	0.00768	0.00432	0.00480	0.00144	0.00576	0.00432	0.00240	0.00768
33	0.01205	0.01041	0.01096	0.00986	0.01260	0.01205	0.00767	0.02575	0.79071	0.02027	0.01972	0.01808	0.01479	0.00657	0.00493	0.00164	0.00384	0.00548	0.00493	0.00767
34	0.00590	0.00422	0.00562	0.00675	0.00703	0.00394	0.00450	0.00675	0.00928	0.01237	0.02671	0.82653	0.03205	0.01518	0.00619	0.00197	0.00281	0.01378	0.00450	0.00394
35	0.02160	0.00847	0.01139	0.00873	0.01248	0.00746	0.00721	0.05581	0.01425	0.77010	0.01880	0.01629	0.01184	0.00599	0.00487	0.00150	0.00417	0.00485	0.00595	0.00825
36	0.00705	0.00470	0.00529	0.00529	0.00529	0.00470	0.00294	0.00705	0.00705	0.00940	0.01527	0.03171	0.01762	0.82969	0.02467	0.00470	0.00470	0.00705	0.00294	0.00294
37	0.00607	0.00439	0.00574	0.00652	0.00704	0.00406	0.00446	0.00720	0.01019	0.01370	0.16832	0.63647	0.07980	0.01405	0.00607	0.00187	0.00269	0.01265	0.00465	0.00406
38	0.00694	0.00515	0.00650	0.00612	0.00737	0.00480	0.00460	0.00955	0.04172	0.01888	0.70014	0.03650	0.11348	0.01000	0.00569	0.00154	0.00236	0.00878	0.00524	0.00464
39	0.01005	0.00861	0.01005	0.00718	0.01148	0.00646	0.00574	0.01220	0.01005	0.01579	0.00861	0.01005	0.00718	0.00359	0.00359	0.00072	0.00359	0.00287	0.00287	0.85932
40	0.00627	0.00458	0.00598	0.00696	0.00758	0.00429	0.00507	0.00745	0.00989	0.01290	0.02934	0.57007	0.12844	0.01445	0.00623	0.00198	0.00310	0.16688	0.00449	0.00406
41	0.00594	0.00431	0.00561	0.00657	0.00700	0.00398	0.00444	0.00689	0.00966	0.01281	0.07042	0.72280	0.09233	0.01467	0.00612	0.00192	0.00276	0.01323	0.00454	0.00398
42	0.00972	0.02507	0.80458	0.01381	0.02097	0.01125	0.01790	0.01535	0.01023	0.01535	0.00870	0.01023	0.00614	0.00460	0.00460	0.00153	0.00716	0.00358	0.00205	0.00716
43	0.00631	0.00480	0.00591	0.00663	0.00760	0.00440	0.00503	0.00764	0.01037	0.01316	0.03442	0.35726	0.30358	0.01370	0.00615	0.00192	0.00309	0.19942	0.00449	0.00412
44	0.00595	0.00425	0.00567	0.00679	0.00709	0.00397	0.00457	0.00682	0.00932	0.01242	0.02669	0.80976	0.03196	0.01514	0.00620	0.00197	0.00285	0.03013	0.00450	0.00395
45	0.00938	0.00903	0.01692	0.01342	0.01611	0.00865	0.36449	0.06008	0.02719	0.01514	0.01780	0.38229	0.01877	0.00928	0.00586	0.00177	0.00547	0.00929	0.00358	0.00549
46	0.01177	0.01102	0.01729	0.45992	0.33032	0.03174	0.01424	0.01438	0.01106	0.01489	0.00998	0.01408	0.00812	0.00555	0.00558	0.00177	0.02398	0.00468	0.00269	0.00693
47	0.00915	0.00861	0.01453	0.81804	0.03338	0.01077	0.01346	0.01238	0.00969	0.01238	0.00861	0.01292	0.00646	0.00484	0.00484	0.00161	0.00646	0.00431	0.00215	0.00538
48	0.01178	0.01117	0.01709	0.01611	0.13902	0.02760	0.11308	0.03487	0.00946	0.05238	0.00842	0.01229	0.00745	0.00708	0.01156	0.00189	0.49093	0.01925	0.00253	0.00606
49	0.01126	0.01090	0.01625	0.26594	0.34126	0.05360	0.03974	0.03029	0.10176	0.01517	0.01191	0.01436	0.04307	0.00522	0.00505	0.00153	0.01857	0.00470	0.00276	0.00664
50	0.01229	0.12517	0.45515	0.01282	0.01842	0.10058	0.05193	0.10997	0.04019	0.01650	0.00912	0.01035	0.00679	0.00478	0.00448	0.00144	0.00679	0.00367	0.00257	0.00699
51	0.01287	0.02879	0.22220	0.03740	0.01604	0.04067	0.01098	0.19013	0.32727	0.02040	0.01416	0.01486	0.01068	0.00591	0.00482	0.00156	0.00535	0.02457	0.00391	0.00741
52	0.01330	0.00966	0.02535	0.00811	0.01220	0.02764	0.00667	0.09136	0.02607	0.16964	0.01184	0.01222	0.02233	0.00454	0.00406	0.00100	0.00404	0.00360	0.00371	0.54265
53	0.00842	0.00421	0.00631	0.00631	0.00631	0.00421	0.00421	0.00631	0.00631	0.00842	0.00842	0.01473	0.00842	0.01684	0.01894	0.85901	0.00421	0.00421	0.00210	0.00210
54	0.20610	0.01037	0.01344	0.07452	0.31375	0.03184	0.01013	0.01668	0.16921	0.04116	0.01198	0.05975	0.00999	0.00556	0.00449	0.00153	0.00482	0.00470	0.00327	0.00670
55	0.01271	0.01062	0.01553	0.04675	0.31720	0.01008	0.04833	0.12116	0.01249	0.06591	0.00993	0.01167	0.00779	0.00440	0.00446	0.00122	0.00503	0.00395	0.00311	0.28765
56	0.01290	0.01276	0.01712	0.02175	0.44275	0.11458	0.01255	0.04558	0.03867	0.03030	0.00894	0.01154	0.00755	0.00554	0.00732	0.00158	0.19487	0.00420	0.00260	0.00690
57	0.00972	0.02507	0.80458	0.01381	0.02097	0.01125	0.01790	0.01535	0.01023	0.01535	0.00870	0.01023	0.00614	0.00460	0.00460	0.00153	0.00716	0.00358	0.00205	0.00716
58	0.00596	0.00492	0.00524	0.00516	0.00669	0.00419	0.00387	0.00741	0.01161	0.01442	0.20604	0.04445	0.63972	0.01178	0.00572	0.00161	0.00242	0.00992	0.00468	0.00419
59	0.86392	0.00937	0.00712	0.00637	0.00937	0.01087	0.00525	0.01425	0.00825	0.02174	0.00675	0.00787	0.00525	0.00450	0.00300	0.00150	0.00375	0.00262	0.00300	0.00525
60	0.04376	0.00847	0.01126	0.00865	0.01239	0.00751	0.00715	0.05099	0.01405	0.75421	0.01852	0.01609	0.01168	0.00595	0.00482	0.00150	0.00416	0.00480	0.00588	0.00817
61	0.00598	0.00463	0.00545	0.00587	0.00686	0.00410	0.00416	0.00721	0.01072	0.01378	0.15651	0.37273	0.35840	0.01313	0.00592	0.00176	0.00258	0.01149	0.00463	0.00410
62	0.00591	0.00492	0.00517	0.00510	0.00666	0.00417	0.00383	0.00732	0.01149	0.01414	0.17237	0.04492	0.67357	0.01188	0.00573	0.00162	0.00243	0.00999	0.00464	0.00417
63	0.00597	0.00492	0.00525	0.00516	0.00669	0.00419	0.00387	0.00742	0.01162	0.01445	0.20958	0.04440	0.63616	0.01177	0.00572	0.00161	0.00242	0.00991	0.00468	0.00419
64	0.01842	0.01357	0.01454	0.01115	0.01503	0.01503	0.00921	0.78330	0.02278	0.03054	0.01163	0.01163	0.00824	0.00582	0.00485	0.00145	0.00533	0.00436	0.00485	0.00824
65	0.01005	0.00861	0.01005	0.00718	0.01148	0.00646	0.00574	0.01220	0.01005	0.01579	0.00861	0.01005	0.00718	0.00359	0.00359	0.00072	0.00359	0.00287	0.00287	0.85932
66	0.01205	0.01041	0.01096	0.00986	0.01260	0.01205	0.00767	0.02575	0.79071	0.02027	0.01972	0.01808	0.01479	0.00657	0.00493	0.00164	0.00384	0.00548	0.00493	0.00767
67	0.00915	0.00861	0.01453	0.81804	0.03338	0.01077	0.01346	0.01238	0.00969	0.01238	0.00861	0.01292	0.00646	0.00484	0.00484	0.00161	0.00646	0.00431	0.00215	0.00538
68	0.00972	0.02507	0.80458	0.01381	0.02097	0.01125	0.01790	0.01535	0.01023	0.01535	0.00870	0.01023	0.00614	0.00460	0.00460	0.00153	0.00716	0.00358	0.00205	0.00716
69	0.00590	0.00424	0.00560	0.00670	0.00702	0.00394	0.00448	0.00675	0.00933	0.01239	0.02733	0.80481	0.05337	0.01510	0.00617	0.00196	0.00280	0.01368	0.00450	0.00394
70	0.02146	0.00844	0.01133	0.00872	0.01245	0.00744	0.00719	0.04482	0.02962	0.76569	0.01892	0.01639	0.01195	0.00600	0.00487	0.00150	0.00415	0.00487	0.00594	0.00824
71	0.01052	0.00835	0.01091	0.24570	0.01725	0.00959	0.00858	0.01684	0.29278	0.07047	0.04957	0.06068	0.03235	0.07792	0.02821	0.00208	0.02756	0.02077	0.00386	0.00602
72	0.01144	0.01307	0.02859	0.02042	0.02533	0.01225	0.78186	0.01552	0.01144	0.01552	0.00980	0.01307	0.00735	0.00408	0.00572	0.00163	0.00817	0.00572	0.00245	0.00654
73	0.00676	0.00581	0.00590	0.00572	0.00754	0.00539	0.00433	0.01003	0.13843	0.01426	0.04429	0.04197	0.66961	0.01134	0.00560	0.00164	0.00268	0.00945	0.00457	0.00468
74	0.04721	0.04278	0.01476	0.01128	0.01432	0.05390	0.02359	0.52386	0.01810	0.02457	0.01018	0.01145	0.00779	0.02208	0.00705	0.00161	0.14994	0.00423	0.00400	0.00727
75	0.01138	0.29026	0.50883	0.01174	0.01774	0.01366	0.01421	0.01548	0.01028	0.05283	0.00856	0.00973	0.00645	0.00452	0.00412	0.00137	0.00636	0.00332	0.00225	0.00690
76	0.00686	0.00495	0.00648	0.00610	0.00724	0.00457	0.00457	0.00914	0.01372	0.01943	0.79691	0.03620	0.04572	0.00991	0.00572	0.00152	0.00229	0.00876	0.00533	0.00457
77	0.00590	0.00422	0.00562	0.00675	0.00703	0.00394	0.00450	0.00675	0.00928	0.01237	0.02671	0.82653	0.03205	0.01518	0.00619	0.00197	0.00281	0.01378	0.00450	0.00394
78	0.09292	0.06210	0.12296	0.01212	0.05419	0.01077	0.11577	0.12489	0.01339	0.32336	0.01303	0.01297	0.00887	0.00519	0.00467	0.00149	0.00537	0.00438	0.00413	0.00744
79	0.01079	0.04613	0.18636	0.04593	0.19547	0.01084	0.21714	0.01483	0.04538	0.03076	0.06068	0.03116	0.03013	0.00520	0.00499	0.00150	0.00612	0.00508	0.00280	0.04871
80	0.00705	0.00470	0.00529	0.00529	0.00529	0.00470	0.00294	0.00705	0.00705	0.00940	0.01527	0.03171	0.01762	0.82969	0.02467	0.00470	0.00470	0.00705	0.00294	0.00294
81	0.00672	0.00444	0.00594	0.00688	0.00735	0.00413	0.00469	0.00764	0.00954	0.05134	0.02631	0.77148	0.03098	0.01469	0.00613	0.00195	0.00291	0.02813	0.00457	0.00416
82	0.04477	0.05635	0.28365	0.01340	0.05078	0.02463	0.13396	0.11179	0.04774	0.13488	0.01161	0.01305	0.00846	0.00514	0.00476	0.00151	0.00608	0.01994	0.02034	0.00715
83	0.01148	0.04067	0.04900	0.05052	0.04514	0.04300	0.03118	0.01305	0.00853	0.05108	0.00745	0.01094	0.00670	0.00747	0.01280	0.00193	0.59687	0.00419	0.00234	0.00570
84	0.01148	0.04575	0.45011	0.01718	0.19870	0.01141	0.03276	0.01530	0.01115	0.01637	0.01088	0.05252	0.00910	0.00576	0.00514	0.00167	0.00661	0.00461	0.00278	0.09071
85	0.01221	0.22754	0.29552	0.01469	0.09512	0.08177	0.13416	0.01569	0.01078	0.04250	0.00864	0.01033	0.00673	0.00453	0.00460	0.00140	0.02095	0.00376	0.00233	0.00675

[dist]
# distance from previous block
# <min> <max>
0	3

[block]
# block no. 3 follows, 52 sequences, length 9
# corresponding to MSA columns:
# 169-177
name=unknown_D
#
# <colnr> <probs for GDERKNQSTAVLIFYWHMCP>
#	G	D	E	R	K	N	Q	S	T	A	V	L	I	F	Y	W	H	M	C	P
0	0.00655	0.00452	0.00556	0.00598	0.00623	0.00437	0.00377	0.00715	0.00870	0.01173	0.10493	0.36423	0.02670	0.40040	0.01489	0.00321	0.00365	0.01004	0.00385	0.00353
1	0.01256	0.01293	0.01428	0.36735	0.09087	0.20164	0.01143	0.06308	0.12428	0.01478	0.01011	0.01244	0.00782	0.00525	0.00508	0.00152	0.03141	0.00420	0.00282	0.00614
2	0.01138	0.01270	0.02653	0.02019	0.07383	0.01249	0.64869	0.01506	0.01098	0.01512	0.00939	0.01273	0.00727	0.00458	0.00677	0.00167	0.09627	0.00547	0.00241	0.00648
3	0.01141	0.01155	0.02157	0.14247	0.45690	0.01162	0.24286	0.01470	0.01096	0.01523	0.00925	0.01245	0.00740	0.00433	0.00508	0.00152	0.00658	0.00473	0.00238	0.00700
4	0.00623	0.00449	0.00597	0.00704	0.00753	0.00423	0.00504	0.00734	0.00970	0.01278	0.02766	0.65145	0.07004	0.01472	0.00625	0.00200	0.00308	0.14593	0.00449	0.00404
5	0.00603	0.00458	0.00558	0.00618	0.00703	0.00413	0.00439	0.00722	0.01041	0.01345	0.11465	0.45201	0.28462	0.01359	0.00601	0.00182	0.00272	0.04691	0.00458	0.00408
6	0.00631	0.00493	0.00571	0.00552	0.00690	0.00434	0.00414	0.00808	0.01241	0.01634	0.43172	0.04130	0.41285	0.01106	0.00572	0.00158	0.00237	0.00948	0.00493	0.00434
7	0.86392	0.00937	0.00712	0.00637	0.00937	0.01087	0.00525	0.01425	0.00825	0.02174	0.00675	0.00787	0.00525	0.00450	0.00300	0.00150	0.00375	0.00262	0.00300	0.00525
8	0.86392	0.00937	0.00712	0.00637	0.00937	0.01087	0.00525	0.01425	0.00825	0.02174	0.00675	0.00787	0.00525	0.00450	0.00300	0.00150	0.00375	0.00262	0.00300	0.00525

[dist]
# distance from previous block
# <min> <max>
0	3

[block]
# block no. 4 follows, 52 sequences, length 33
# corresponding to MSA columns:
# 181-213
name=unknown_E
#
# <colnr> <probs for GDERKNQSTAVLIFYWHMCP>
#	G	D	E	R	K	N	Q	S	T	A	V	L	I	F	Y	W	H	M	C	P
0	0.11338	0.01855	0.01272	0.01126	0.01403	0.50558	0.00865	0.12156	0.11923	0.01661	0.00961	0.01029	0.00755	0.00526	0.00435	0.00136	0.00706	0.00355	0.00320	0.00620
1	0.01799	0.01317	0.01389	0.02663	0.01484	0.06680	0.00892	0.57043	0.01986	0.11756	0.01188	0.01193	0.00841	0.00572	0.00503	0.00143	0.02560	0.00426	0.00460	0.05106
2	0.00629	0.00490	0.00571	0.00558	0.00691	0.00432	0.00416	0.00802	0.01228	0.01618	0.41597	0.07687	0.39294	0.01124	0.00574	0.00160	0.00239	0.00967	0.00491	0.00432
3	0.00993	0.07716	0.75432	0.01346	0.02042	0.01177	0.01728	0.01529	0.01021	0.01509	0.00857	0.01007	0.00614	0.00457	0.00451	0.00150	0.00703	0.00352	0.00205	0.00710
4	0.01060	0.22185	0.57308	0.01281	0.01912	0.01324	0.05593	0.01515	0.01020	0.01439	0.00828	0.00978	0.00622	0.00446	0.00430	0.00142	0.00673	0.00345	0.00207	0.00690
5	0.01296	0.83261	0.02539	0.00829	0.01244	0.01917	0.00829	0.01451	0.00985	0.01140	0.00674	0.00777	0.00622	0.00415	0.00311	0.00104	0.00518	0.00259	0.00207	0.00622
6	0.00676	0.00505	0.00578	0.00553	0.00704	0.00440	0.00417	0.00845	0.01224	0.04366	0.35551	0.04128	0.46057	0.01108	0.00569	0.00159	0.00244	0.00944	0.00490	0.00444
7	0.01263	0.06085	0.08316	0.01253	0.15849	0.00918	0.00905	0.10605	0.02814	0.16986	0.05952	0.09419	0.12321	0.00770	0.00509	0.00156	0.00448	0.04362	0.00412	0.00657
8	0.03836	0.01027	0.01134	0.00938	0.01245	0.04667	0.00754	0.20177	0.19656	0.27622	0.01610	0.01613	0.01161	0.00778	0.04059	0.02482	0.00487	0.02204	0.03813	0.00734
9	0.00590	0.00456	0.00539	0.00599	0.00690	0.00406	0.00423	0.00697	0.01019	0.01290	0.05433	0.45398	0.36179	0.01376	0.00599	0.00182	0.00268	0.03001	0.00452	0.00403
10	0.00918	0.00917	0.05025	0.18648	0.25544	0.00881	0.07400	0.01178	0.01051	0.01428	0.05206	0.18677	0.06251	0.00781	0.00534	0.00166	0.00514	0.03988	0.00312	0.00580
11	0.01379	0.01315	0.01795	0.09016	0.44079	0.11901	0.05828	0.13612	0.01322	0.03706	0.00954	0.01176	0.00756	0.00472	0.00481	0.00144	0.00625	0.00426	0.00287	0.00724
12	0.01173	0.20750	0.41614	0.01384	0.05992	0.06967	0.09133	0.04919	0.01111	0.01491	0.00843	0.01000	0.00646	0.00451	0.00438	0.00140	0.00677	0.00361	0.00227	0.00685
13	0.53422	0.01052	0.00926	0.00797	0.01107	0.02893	0.00647	0.14190	0.15398	0.03933	0.01020	0.01055	0.00765	0.00514	0.00372	0.00151	0.00414	0.00349	0.00371	0.00625
14	0.01548	0.00867	0.01075	0.00801	0.01198	0.00722	0.00651	0.06355	0.01253	0.35287	0.03083	0.01348	0.01016	0.00489	0.00426	0.00111	0.00389	0.00395	0.00438	0.42546
15	0.01284	0.01276	0.01142	0.01005	0.01180	0.26106	0.04258	0.03398	0.09519	0.01531	0.01143	0.01333	0.00924	0.00602	0.00640	0.00144	0.16188	0.00418	0.27356	0.00553
16	0.00584	0.00491	0.00506	0.00502	0.00661	0.00414	0.00377	0.00716	0.01130	0.01370	0.12087	0.04564	0.72533	0.01205	0.00573	0.00163	0.00244	0.01009	0.00458	0.00414
17	0.00589	0.00429	0.00555	0.00656	0.00698	0.00395	0.00442	0.00677	0.00946	0.01244	0.02898	0.74747	0.10965	0.01489	0.00614	0.00193	0.00278	0.01342	0.00450	0.00395
18	0.00651	0.00494	0.00599	0.00573	0.00703	0.00442	0.00430	0.00847	0.01289	0.01748	0.56611	0.03942	0.27774	0.01064	0.00572	0.00156	0.00234	0.00922	0.00508	0.00442
19	0.04360	0.00609	0.00700	0.00605	0.00815	0.00582	0.00479	0.03289	0.01157	0.27080	0.01646	0.01705	0.01194	0.00572	0.00388	0.00127	0.00298	0.00456	0.53354	0.00583
20	0.01205	0.01041	0.01096	0.00986	0.01260	0.01205	0.00767	0.02575	0.79071	0.02027	0.01972	0.01808	0.01479	0.00657	0.00493	0.00164	0.00384	0.00548	0.00493	0.00767
21	0.00976	0.00829	0.00973	0.00708	0.01111	0.00629	0.00564	0.01193	0.01038	0.01612	0.07904	0.01239	0.01062	0.00415	0.00378	0.00079	0.00347	0.00340	0.00309	0.78295
22	0.86392	0.00937	0.00712	0.00637	0.00937	0.01087	0.00525	0.01425	0.00825	0.02174	0.00675	0.00787	0.00525	0.00450	0.00300	0.00150	0.00375	0.00262	0.00300	0.00525
23	0.00915	0.00861	0.01453	0.81804	0.03338	0.01077	0.01346	0.01238	0.00969	0.01238	0.00861	0.01292	0.00646	0.00484	0.00484	0.00161	0.00646	0.00431	0.00215	0.00538
24	0.00590	0.00422	0.00562	0.00675	0.00703	0.00394	0.00450	0.00675	0.00928	0.01237	0.02671	0.82653	0.03205	0.01518	0.00619	0.00197	0.00281	0.01378	0.00450	0.00394
25	0.00969	0.05417	0.39332	0.01486	0.07836	0.01047	0.17801	0.01369	0.01035	0.01468	0.01226	0.16423	0.01139	0.00644	0.00509	0.00161	0.00636	0.00596	0.00262	0.00642
26	0.01279	0.78993	0.06658	0.00858	0.01289	0.01876	0.00880	0.01455	0.00987	0.01161	0.00684	0.00790	0.00621	0.00417	0.00319	0.00106	0.00529	0.00264	0.00207	0.00627
27	0.00590	0.00425	0.00559	0.00666	0.00701	0.00394	0.00446	0.00676	0.00936	0.01240	0.02772	0.79116	0.06676	0.01505	0.00616	0.00195	0.00280	0.01362	0.00450	0.00394
28	0.00686	0.00462	0.00534	0.00553	0.00558	0.00457	0.00320	0.00700	0.00742	0.00989	0.01717	0.16410	0.02002	0.69403	0.02159	0.00424	0.00438	0.00817	0.00320	0.00310
29	0.01050	0.03769	0.46593	0.01643	0.02259	0.01184	0.33438	0.01540	0.01072	0.01533	0.00911	0.01136	0.00664	0.00438	0.00503	0.00156	0.00754	0.00445	0.00221	0.00688
30	0.00915	0.00861	0.01453	0.81804	0.03338	0.01077	0.01346	0.01238	0.00969	0.01238	0.00861	0.01292	0.00646	0.00484	0.00484	0.00161	0.00646	0.00431	0.00215	0.00538
31	0.01249	0.01244	0.01820	0.02579	0.62891	0.08444	0.01359	0.01603	0.07506	0.01565	0.00972	0.01214	0.00807	0.00475	0.00526	0.00147	0.04171	0.00430	0.00260	0.00738
32	0.66192	0.08362	0.00921	0.00690	0.00992	0.04757	0.00576	0.03389	0.00925	0.03979	0.00769	0.00875	0.00600	0.00462	0.00318	0.00143	0.00407	0.00284	0.04813	0.00546

[dist]
# distance from previous block
# <min> <max>
0	3

[block]
# block no. 5 follows, 52 sequences, length 24
# corresponding to MSA columns:
# 217-240
name=unknown_F
#
# <colnr> <probs for GDERKNQSTAVLIFYWHMCP>
#	G	D	E	R	K	N	Q	S	T	A	V	L	I	F	Y	W	H	M	C	P
0	0.01371	0.62315	0.02213	0.00912	0.01287	0.14730	0.00841	0.01636	0.08424	0.01231	0.00809	0.00890	0.00703	0.00451	0.00349	0.00113	0.00563	0.00295	0.00241	0.00626
1	0.00594	0.00424	0.00565	0.00673	0.00704	0.00396	0.00450	0.00683	0.00943	0.01261	0.05239	0.80017	0.03251	0.01501	0.00617	0.00195	0.00279	0.01361	0.00453	0.00396
2	0.01705	0.02117	0.01500	0.01515	0.12585	0.67442	0.03264	0.01861	0.01329	0.01253	0.00779	0.00932	0.00648	0.00487	0.00447	0.00129	0.00830	0.00337	0.00248	0.00593
3	0.00597	0.00426	0.00570	0.00682	0.00713	0.00399	0.00461	0.00686	0.00934	0.01244	0.02667	0.80012	0.03191	0.01512	0.00620	0.00198	0.00287	0.03954	0.00450	0.00395
4	0.01931	0.00834	0.01071	0.00850	0.01189	0.00774	0.00693	0.04041	0.11630	0.61528	0.01875	0.01672	0.01231	0.00604	0.00475	0.00149	0.00396	0.00491	0.07780	0.00786
5	0.30630	0.00899	0.00991	0.00800	0.01134	0.00907	0.00656	0.09887	0.01279	0.41383	0.04140	0.03022	0.01090	0.00579	0.00429	0.00151	0.00403	0.00437	0.00481	0.00701
6	0.01000	0.00954	0.01633	0.57746	0.24700	0.01101	0.03365	0.01316	0.01011	0.01343	0.00878	0.01267	0.00682	0.00468	0.00485	0.00157	0.00631	0.00435	0.00223	0.00605
7	0.00704	0.00492	0.00631	0.00596	0.00710	0.00457	0.00447	0.00933	0.01342	0.01932	0.73082	0.03466	0.04291	0.00955	0.00552	0.00149	0.00228	0.00840	0.07736	0.00457
8	0.01189	0.01141	0.01949	0.05749	0.77250	0.01149	0.01482	0.01478	0.01099	0.01571	0.00910	0.01203	0.00763	0.00434	0.00480	0.00145	0.00578	0.00432	0.00239	0.00760
9	0.05152	0.01378	0.01422	0.01102	0.01480	0.04600	0.00906	0.72328	0.02186	0.02946	0.01128	0.01137	0.00805	0.00573	0.00476	0.00145	0.00540	0.00425	0.00468	0.00802
10	0.00590	0.00422	0.00562	0.00675	0.00703	0.00394	0.00450	0.00675	0.00928	0.01237	0.02671	0.82653	0.03205	0.01518	0.00619	0.00197	0.00281	0.01378	0.00450	0.00394
11	0.00972	0.02507	0.80458	0.01381	0.02097	0.01125	0.01790	0.01535	0.01023	0.01535	0.00870	0.01023	0.00614	0.00460	0.00460	0.00153	0.00716	0.00358	0.00205	0.00716
12	0.00632	0.00453	0.00536	0.00584	0.00626	0.00426	0.00374	0.00690	0.00871	0.01133	0.02619	0.37407	0.16284	0.33583	0.01339	0.00299	0.00349	0.01049	0.00388	0.00357
13	0.00590	0.00422	0.00562	0.00675	0.00703	0.00394	0.00450	0.00675	0.00928	0.01237	0.02671	0.82653	0.03205	0.01518	0.00619	0.00197	0.00281	0.01378	0.00450	0.00394
14	0.00670	0.00495	0.00626	0.00593	0.00714	0.00450	0.00445	0.00884	0.01334	0.01854	0.69151	0.03767	0.15168	0.01024	0.00572	0.00154	0.00231	0.00897	0.00522	0.00450
15	0.00596	0.00424	0.00561	0.00668	0.00695	0.00397	0.00442	0.00676	0.00917	0.01223	0.02617	0.78897	0.03137	0.05367	0.00706	0.00210	0.00290	0.01346	0.00442	0.00389
16	0.01296	0.83261	0.02539	0.00829	0.01244	0.01917	0.00829	0.01451	0.00985	0.01140	0.00674	0.00777	0.00622	0.00415	0.00311	0.00104	0.00518	0.00259	0.00207	0.00622
17	0.00972	0.02507	0.80458	0.01381	0.02097	0.01125	0.01790	0.01535	0.01023	0.01535	0.00870	0.01023	0.00614	0.00460	0.00460	0.00153	0.00716	0.00358	0.00205	0.00716
18	0.07371	0.00832	0.01099	0.00848	0.01219	0.00735	0.00701	0.02304	0.01352	0.75462	0.01835	0.01596	0.01158	0.00591	0.00476	0.00150	0.00410	0.00473	0.00581	0.00806
19	0.01296	0.83261	0.02539	0.00829	0.01244	0.01917	0.00829	0.01451	0.00985	0.01140	0.00674	0.00777	0.00622	0.00415	0.00311	0.00104	0.00518	0.00259	0.00207	0.00622
20	0.00994	0.00903	0.01454	0.74977	0.03182	0.01113	0.01310	0.07761	0.01080	0.01392	0.00887	0.01281	0.00661	0.00493	0.00485	0.00160	0.00636	0.00431	0.00238	0.00563
21	0.00590	0.00422	0.00562	0.00675	0.00703	0.00394	0.00450	0.00675	0.00928	0.01237	0.02671	0.82653	0.03205	0.01518	0.00619	0.00197	0.00281	0.01378	0.00450	0.00394
22	0.00590	0.00422	0.00562	0.00675	0.00703	0.00394	0.00450	0.00675	0.00928	0.01237	0.02671	0.82653	0.03205	0.01518	0.00619	0.00197	0.00281	0.01378	0.00450	0.00394
23	0.01316	0.71272	0.02500	0.00949	0.01369	0.01833	0.07380	0.06204	0.01078	0.01293	0.00730	0.00846	0.00644	0.00424	0.00344	0.00111	0.00544	0.00297	0.00228	0.00637

[dist]
# distance from previous block
# <min> <max>
0	2

[block]
# block no. 6 follows, 52 sequences, length 82
# corresponding to MSA columns:
# 243-324
name=unknown_G
#
# <colnr> <probs for GDERKNQSTAVLIFYWHMCP>
#	G	D	E	R	K	N	Q	S	T	A	V	L	I	F	Y	W	H	M	C	P
0	0.00704	0.00473	0.00544	0.00544	0.00550	0.00478	0.00314	0.00715	0.00709	0.00951	0.01512	0.03091	0.01727	0.77916	0.07472	0.00489	0.00523	0.00693	0.00291	0.00302
1	0.01106	0.01701	0.34128	0.02194	0.42982	0.01144	0.01566	0.01576	0.06037	0.01592	0.00962	0.01166	0.00750	0.00458	0.00473	0.00149	0.00621	0.00409	0.00242	0.00746
2	0.01599	0.00923	0.01132	0.00929	0.01241	0.00942	0.02668	0.09744	0.28198	0.34132	0.11380	0.01889	0.01661	0.00661	0.00502	0.00155	0.00402	0.00553	0.00535	0.00755
3	0.01463	0.01189	0.01227	0.01053	0.02892	0.06307	0.00819	0.23736	0.41401	0.06517	0.01567	0.01492	0.01159	0.00598	0.00477	0.00149	0.00461	0.00478	0.00462	0.06552
4	0.00603	0.00487	0.00537	0.00534	0.00676	0.00421	0.00397	0.00751	0.01162	0.01469	0.24245	0.09683	0.54965	0.01185	0.00576	0.00163	0.00243	0.01009	0.00472	0.00421
5	0.01812	0.02270	0.01377	0.01243	0.01498	0.77750	0.00936	0.05080	0.01411	0.01263	0.00766	0.00886	0.00632	0.00503	0.00439	0.00126	0.00860	0.00317	0.00259	0.00573
6	0.01540	0.01694	0.01264	0.01132	0.01393	0.41196	0.00868	0.06375	0.33984	0.01641	0.01282	0.01286	0.00994	0.00579	0.00492	0.00145	0.02691	0.00421	0.00364	0.00661
7	0.00573	0.00491	0.00491	0.00491	0.00655	0.00409	0.00368	0.00695	0.01105	0.01309	0.04909	0.04664	0.79750	0.01227	0.00573	0.00164	0.00245	0.01023	0.00450	0.00409
8	0.00590	0.00422	0.00562	0.00675	0.00703	0.00394	0.00450	0.00675	0.00928	0.01237	0.02671	0.82653	0.03205	0.01518	0.00619	0.00197	0.00281	0.01378	0.00450	0.00394
9	0.37227	0.00996	0.01050	0.00945	0.06160	0.02485	0.00714	0.12998	0.02685	0.27079	0.02549	0.01212	0.00888	0.00530	0.00409	0.00149	0.00429	0.00387	0.00425	0.00683
10	0.00694	0.00514	0.00752	0.00752	0.00829	0.00591	0.00572	0.00848	0.00771	0.01105	0.01323	0.02040	0.01271	0.12175	0.72590	0.00746	0.01209	0.00539	0.00263	0.00418
11	0.00590	0.00422	0.00562	0.00675	0.00703	0.00394	0.00450	0.00675	0.00928	0.01237	0.02671	0.82653	0.03205	0.01518	0.00619	0.00197	0.00281	0.01378	0.00450	0.00394
12	0.01005	0.00861	0.01005	0.00718	0.01148	0.00646	0.00574	0.01220	0.01005	0.01579	0.00861	0.01005	0.00718	0.00359	0.00359	0.00072	0.00359	0.00287	0.00287	0.85932
13	0.00893	0.00829	0.01370	0.74834	0.03106	0.01020	0.01261	0.01201	0.00979	0.01255	0.01135	0.01518	0.05698	0.00534	0.00487	0.00161	0.00611	0.00469	0.02111	0.00528
14	0.01144	0.01307	0.02859	0.02042	0.02533	0.01225	0.78186	0.01552	0.01144	0.01552	0.00980	0.01307	0.00735	0.00408	0.00572	0.00163	0.00817	0.00572	0.00245	0.00654
15	0.00915	0.00861	0.01453	0.81804	0.03338	0.01077	0.01346	0.01238	0.00969	0.01238	0.00861	0.01292	0.00646	0.00484	0.00484	0.00161	0.00646	0.00431	0.00215	0.00538
16	0.00915	0.00861	0.01453	0.81804	0.03338	0.01077	0.01346	0.01238	0.00969	0.01238	0.00861	0.01292	0.00646	0.00484	0.00484	0.00161	0.00646	0.00431	0.00215	0.00538
17	0.01205	0.01041	0.01096	0.00986	0.01260	0.01205	0.00767	0.02575	0.79071	0.02027	0.01972	0.01808	0.01479	0.00657	0.00493	0.00164	0.00384	0.00548	0.00493	0.00767
18	0.81028	0.00930	0.00739	0.00652	0.00956	0.01063	0.00537	0.01484	0.00861	0.07149	0.00754	0.00842	0.00568	0.00459	0.00312	0.00150	0.00377	0.00277	0.00319	0.00544
19	0.00590	0.00422	0.00562	0.00675	0.00703	0.00394	0.00450	0.00675	0.00928	0.01237	0.02671	0.82653	0.03205	0.01518	0.00619	0.00197	0.00281	0.01378	0.00450	0.00394
20	0.00705	0.00470	0.00529	0.00529	0.00529	0.00470	0.00294	0.00705	0.00705	0.00940	0.01527	0.03171	0.01762	0.82969	0.02467	0.00470	0.00470	0.00705	0.00294	0.00294
21	0.01842	0.01357	0.01454	0.01115	0.01503	0.01503	0.00921	0.78330	0.02278	0.03054	0.01163	0.01163	0.00824	0.00582	0.00485	0.00145	0.00533	0.00436	0.00485	0.00824
22	0.02174	0.00825	0.01125	0.00862	0.01237	0.00712	0.00712	0.02362	0.01387	0.80282	0.01912	0.01649	0.01200	0.00600	0.00487	0.00150	0.00412	0.00487	0.00600	0.00825
23	0.01205	0.01041	0.01096	0.00986	0.01260	0.01205	0.00767	0.02575	0.79071	0.02027	0.01972	0.01808	0.01479	0.00657	0.00493	0.00164	0.00384	0.00548	0.00493	0.00767
24	0.01144	0.01307	0.02859	0.02042	0.02533	0.01225	0.78186	0.01552	0.01144	0.01552	0.00980	0.01307	0.00735	0.00408	0.00572	0.00163	0.00817	0.00572	0.00245	0.00654
25	0.01205	0.01048	0.01151	0.01113	0.06272	0.01202	0.00813	0.02506	0.74105	0.01999	0.01905	0.01769	0.01434	0.00643	0.00492	0.00163	0.00396	0.00540	0.00477	0.00767
26	0.01201	0.01099	0.01546	0.01951	0.38595	0.01180	0.02734	0.02038	0.40467	0.01807	0.01449	0.01509	0.01126	0.00545	0.00488	0.00155	0.00484	0.00493	0.00368	0.00765
27	0.00972	0.02507	0.80458	0.01381	0.02097	0.01125	0.01790	0.01535	0.01023	0.01535	0.00870	0.01023	0.00614	0.00460	0.00460	0.00153	0.00716	0.00358	0.00205	0.00716
28	0.00669	0.00485	0.00632	0.00616	0.00719	0.00447	0.00454	0.00874	0.01301	0.01826	0.66726	0.15004	0.06283	0.01073	0.00578	0.00159	0.00237	0.00952	0.00519	0.00447
29	0.01171	0.01043	0.01403	0.07708	0.18033	0.01147	0.05881	0.06205	0.42148	0.01845	0.01603	0.07058	0.01299	0.00635	0.00503	0.00161	0.00473	0.00566	0.00399	0.00720
30	0.01317	0.81223	0.02504	0.00830	0.01244	0.01888	0.00826	0.01474	0.00995	0.03097	0.00704	0.00799	0.00636	0.00419	0.00315	0.00105	0.00516	0.00265	0.00217	0.00627
31	0.00597	0.00424	0.00560	0.00667	0.00693	0.00398	0.00441	0.00676	0.00916	0.01221	0.02608	0.78292	0.03126	0.05987	0.00720	0.00212	0.00292	0.01341	0.00441	0.00388
32	0.00654	0.00514	0.00596	0.00636	0.00772	0.00465	0.00511	0.00806	0.01087	0.01339	0.03890	0.04867	0.48105	0.05751	0.00711	0.00202	0.00329	0.27909	0.00440	0.00416
33	0.00915	0.00861	0.01453	0.81804	0.03338	0.01077	0.01346	0.01238	0.00969	0.01238	0.00861	0.01292	0.00646	0.00484	0.00484	0.00161	0.00646	0.00431	0.00215	0.00538
34	0.02174	0.00825	0.01125	0.00862	0.01237	0.00712	0.00712	0.02362	0.01387	0.80282	0.01912	0.01649	0.01200	0.00600	0.00487	0.00150	0.00412	0.00487	0.00600	0.00825
35	0.86392	0.00937	0.00712	0.00637	0.00937	0.01087	0.00525	0.01425	0.00825	0.02174	0.00675	0.00787	0.00525	0.00450	0.00300	0.00150	0.00375	0.00262	0.00300	0.00525
36	0.00590	0.00422	0.00562	0.00675	0.00703	0.00394	0.00450	0.00675	0.00928	0.01237	0.02671	0.82653	0.03205	0.01518	0.00619	0.00197	0.00281	0.01378	0.00450	0.00394
37	0.00915	0.00861	0.01453	0.81804	0.03338	0.01077	0.01346	0.01238	0.00969	0.01238	0.00861	0.01292	0.00646	0.00484	0.00484	0.00161	0.00646	0.00431	0.00215	0.00538
38	0.01810	0.02310	0.01373	0.01248	0.01498	0.81024	0.00936	0.01935	0.01373	0.01186	0.00749	0.00874	0.00624	0.00499	0.00437	0.00125	0.00874	0.00312	0.00250	0.00562
39	0.01005	0.00861	0.01005	0.00718	0.01148	0.00646	0.00574	0.01220	0.01005	0.01579	0.00861	0.01005	0.00718	0.00359	0.00359	0.00072	0.00359	0.00287	0.00287	0.85932
40	0.00680	0.00495	0.00639	0.00603	0.00720	0.00455	0.00452	0.00902	0.01357	0.01909	0.75588	0.03677	0.08697	0.01004	0.00572	0.00153	0.00230	0.00884	0.00529	0.00455
41	0.00765	0.00555	0.00742	0.09255	0.01061	0.00566	0.00590	0.05117	0.03924	0.03792	0.02349	0.64129	0.02679	0.01298	0.00588	0.00188	0.00341	0.01168	0.00433	0.00460
42	0.00686	0.00495	0.00648	0.00610	0.00724	0.00457	0.00457	0.00914	0.01372	0.01943	0.79691	0.03620	0.04572	0.00991	0.00572	0.00152	0.00229	0.00876	0.00533	0.00457
43	0.01745	0.01346	0.01419	0.06248	0.01598	0.05803	0.00934	0.62593	0.07338	0.04287	0.01191	0.01209	0.00854	0.00577	0.00483	0.00147	0.00547	0.00438	0.00458	0.00788
44	0.00679	0.00495	0.00638	0.00602	0.00720	0.00454	0.00452	0.00901	0.01355	0.01903	0.74927	0.03686	0.09361	0.01006	0.00572	0.00153	0.00230	0.00886	0.00528	0.00454
45	0.01117	0.01067	0.01818	0.25798	0.57766	0.01130	0.01446	0.01415	0.01065	0.01483	0.00897	0.01226	0.00732	0.00447	0.00481	0.00149	0.00596	0.00431	0.00233	0.00701
46	0.00972	0.02507	0.80458	0.01381	0.02097	0.01125	0.01790	0.01535	0.01023	0.01535	0.00870	0.01023	0.00614	0.00460	0.00460	0.00153	0.00716	0.00358	0.00205	0.00716
47	0.01199	0.01151	0.01967	0.02974	0.79946	0.01151	0.01487	0.01487	0.01103	0.01583	0.00912	0.01199	0.00768	0.00432	0.00480	0.00144	0.00576	0.00432	0.00240	0.00768
48	0.02062	0.00969	0.01210	0.00931	0.01307	0.00931	0.00768	0.22141	0.03699	0.58086	0.01719	0.01527	0.01109	0.00597	0.00487	0.00149	0.00443	0.00476	0.00567	0.00823
49	0.01561	0.01318	0.01274	0.01067	0.01386	0.11106	0.00848	0.32878	0.36653	0.04431	0.01496	0.01431	0.01104	0.00606	0.00483	0.00152	0.00505	0.00473	0.00463	0.00766
50	0.00838	0.00704	0.00888	0.00792	0.00985	0.00712	0.05800	0.01379	0.23773	0.01767	0.31600	0.06606	0.20351	0.00931	0.00551	0.00161	0.00319	0.00815	0.00480	0.00547
51	0.01810	0.01846	0.01425	0.01230	0.03422	0.42751	0.00943	0.36813	0.01780	0.02049	0.00942	0.01014	0.00719	0.00535	0.00460	0.00135	0.00711	0.00372	0.00357	0.00687
52	0.01205	0.01041	0.01096	0.00986	0.01260	0.01205	0.00767	0.02575	0.79071	0.02027	0.01972	0.01808	0.01479	0.00657	0.00493	0.00164	0.00384	0.00548	0.00493	0.00767
53	0.01005	0.00861	0.01005	0.00718	0.01148	0.00646	0.00574	0.01220	0.01005	0.01579	0.00861	0.01005	0.00718	0.00359	0.00359	0.00072	0.00359	0.00287	0.00287	0.85932
54	0.01408	0.00913	0.01372	0.01695	0.33450	0.00876	0.00996	0.05637	0.01266	0.25747	0.06882	0.04028	0.07400	0.00673	0.00511	0.00154	0.00460	0.05404	0.00417	0.00710
55	0.00823	0.00724	0.01164	0.38719	0.12498	0.00812	0.01005	0.01045	0.00970	0.01284	0.01595	0.33944	0.01690	0.00892	0.00538	0.00173	0.00490	0.00811	0.00313	0.00511
56	0.00590	0.00422	0.00562	0.00675	0.00703	0.00394	0.00450	0.00675	0.00928	0.01237	0.02671	0.82653	0.03205	0.01518	0.00619	0.00197	0.00281	0.01378	0.00450	0.00394
57	0.01191	0.01302	0.02721	0.02035	0.06714	0.01239	0.69057	0.06439	0.01214	0.01650	0.00988	0.01292	0.00743	0.00421	0.00561	0.00161	0.00786	0.00556	0.00260	0.00671
58	0.01810	0.02310	0.01373	0.01248	0.01498	0.81024	0.00936	0.01935	0.01373	0.01186	0.00749	0.00874	0.00624	0.00499	0.00437	0.00125	0.00874	0.00312	0.00250	0.00562
