[name]
unknown

[dist]
# distance from previous block
# <min> <max>
0	640

[block]
# block no. 0 follows, 51 sequences, length 7
# corresponding to MSA columns:
# 640-646
name=unknown_A
#
# <colnr> <probs for GDERKNQSTAVLIFYWHMCP>
#	G	D	E	R	K	N	Q	S	T	A	V	L	I	F	Y	W	H	M	C	P
0	0.00792	0.00566	0.00792	0.00905	0.01018	0.00566	0.00792	0.01018	0.01131	0.01471	0.02602	0.05543	0.02828	0.01358	0.00679	0.00226	0.00453	0.76356	0.00453	0.00453
1	0.01661	0.01014	0.01166	0.00948	0.01266	0.01051	0.00762	0.33285	0.10409	0.25174	0.01918	0.11246	0.06336	0.00758	0.00515	0.00158	0.00439	0.00621	0.00520	0.00751
2	0.00700	0.00514	0.00636	0.00674	0.00754	0.00496	0.00470	0.03844	0.04135	0.01488	0.18358	0.47513	0.09804	0.07326	0.00742	0.00205	0.00299	0.01142	0.00465	0.00438
3	0.01289	0.00802	0.01144	0.00978	0.03063	0.00772	0.09774	0.04527	0.11446	0.23584	0.13304	0.12266	0.08343	0.00812	0.00532	0.00161	0.00403	0.00721	0.05438	0.00642
4	0.00643	0.00453	0.00580	0.00661	0.00703	0.00428	0.00451	0.00716	0.00923	0.01213	0.02629	0.53363	0.09421	0.14193	0.00979	0.04110	0.00332	0.07402	0.00420	0.00381
5	0.00854	0.00743	0.01116	0.42849	0.02173	0.00830	0.00949	0.01132	0.04294	0.01313	0.01437	0.22428	0.01438	0.05544	0.00629	0.00181	0.00503	0.00690	0.00305	0.10594
6	0.08160	0.00676	0.00977	0.29833	0.01751	0.00762	0.00834	0.01088	0.01011	0.04463	0.11156	0.20647	0.01918	0.01214	0.10036	0.00246	0.00554	0.03830	0.00351	0.00495

[dist]
# distance from previous block
# <min> <max>
37	126

[block]
# block no. 1 follows, 51 sequences, length 12
# corresponding to MSA columns:
# 792-803
name=unknown_B
#
# <colnr> <probs for GDERKNQSTAVLIFYWHMCP>
#	G	D	E	R	K	N	Q	S	T	A	V	L	I	F	Y	W	H	M	C	P
0	0.01290	0.04237	0.08051	0.01760	0.30892	0.01024	0.04113	0.03072	0.10451	0.14574	0.03941	0.09571	0.01291	0.00624	0.00499	0.00153	0.00504	0.00561	0.00367	0.03025
1	0.01153	0.14974	0.19980	0.01466	0.17775	0.01162	0.04580	0.03717	0.08115	0.05870	0.07352	0.01748	0.06385	0.00601	0.00479	0.00149	0.00537	0.02950	0.00323	0.00683
2	0.01090	0.16839	0.03679	0.11912	0.03396	0.09051	0.10639	0.01334	0.02698	0.04698	0.06070	0.08892	0.15164	0.00726	0.00494	0.00150	0.00529	0.00624	0.00328	0.01687
3	0.07463	0.22814	0.08694	0.00840	0.01136	0.04046	0.00761	0.05502	0.05177	0.04702	0.17067	0.13931	0.04459	0.00772	0.00468	0.00148	0.00432	0.00630	0.00376	0.00581
4	0.01323	0.07247	0.01672	0.01663	0.23943	0.04265	0.09867	0.01892	0.22258	0.10597	0.03121	0.01572	0.01146	0.00553	0.00489	0.00150	0.00526	0.02628	0.00368	0.04720
5	0.01091	0.00933	0.01459	0.01682	0.28277	0.00928	0.08625	0.01473	0.10018	0.06316	0.13442	0.05082	0.07399	0.00704	0.00564	0.00157	0.03225	0.03588	0.00373	0.04663
6	0.01168	0.01047	0.01744	0.05101	0.45649	0.01041	0.09951	0.03624	0.04627	0.05645	0.01553	0.06546	0.08883	0.00608	0.00516	0.00155	0.00544	0.00581	0.00315	0.00702
7	0.01258	0.00979	0.01211	0.15110	0.01603	0.01116	0.00884	0.33175	0.06016	0.02046	0.01380	0.11996	0.01224	0.01278	0.15256	0.00278	0.03574	0.00588	0.00388	0.00641
8	0.10065	0.01265	0.01573	0.01783	0.30651	0.03447	0.01101	0.35820	0.05636	0.02346	0.01066	0.01181	0.00813	0.00521	0.00470	0.00148	0.00542	0.00425	0.00374	0.00774
9	0.01250	0.00977	0.01625	0.39430	0.02513	0.01043	0.15292	0.04189	0.05369	0.15256	0.01154	0.01378	0.00828	0.00501	0.00499	0.00155	0.00605	0.00469	0.00322	0.07146
10	0.01214	0.10727	0.33120	0.16177	0.02196	0.01241	0.11400	0.09241	0.01195	0.07487	0.00982	0.01160	0.00711	0.00482	0.00474	0.00152	0.00663	0.00412	0.00274	0.00693
11	0.01191	0.01448	0.07847	0.01690	0.09719	0.17787	0.34024	0.01483	0.01155	0.01439	0.01246	0.16191	0.01179	0.00648	0.00542	0.00161	0.00708	0.00645	0.00284	0.00611

[dist]
# distance from previous block
# <min> <max>
0	4

[block]
# block no. 2 follows, 51 sequences, length 57
# corresponding to MSA columns:
# 808-864
name=unknown_C
#
# <colnr> <probs for GDERKNQSTAVLIFYWHMCP>
#	G	D	E	R	K	N	Q	S	T	A	V	L	I	F	Y	W	H	M	C	P
0	0.00701	0.00518	0.00665	0.00673	0.00797	0.00482	0.00535	0.00912	0.01274	0.01724	0.45866	0.04355	0.17373	0.01141	0.00606	0.00176	0.00293	0.20954	0.00503	0.00452
1	0.01074	0.01373	0.13777	0.23620	0.06375	0.01183	0.42338	0.01482	0.01092	0.01486	0.00942	0.01274	0.00705	0.00444	0.00535	0.00163	0.00755	0.00503	0.00234	0.00646
2	0.42167	0.21573	0.04095	0.00923	0.01296	0.03840	0.07647	0.10434	0.01102	0.01939	0.00779	0.00898	0.00617	0.00461	0.00363	0.00140	0.00502	0.00319	0.00293	0.00611
3	0.00702	0.00527	0.00790	0.00790	0.00878	0.00614	0.00614	0.00878	0.00790	0.01141	0.01316	0.01931	0.01229	0.03686	0.80782	0.00790	0.01316	0.00527	0.00263	0.00439
4	0.00815	0.00537	0.00657	0.00645	0.00776	0.00493	0.00492	0.00971	0.01147	0.08287	0.23537	0.04060	0.24588	0.15772	0.00936	0.00229	0.00337	0.14807	0.00463	0.00450
5	0.00705	0.00472	0.00539	0.00549	0.00551	0.00470	0.00312	0.00712	0.00734	0.00979	0.01649	0.10090	0.01914	0.75682	0.02339	0.00452	0.00460	0.00774	0.00312	0.00307
6	0.05515	0.01236	0.08133	0.01295	0.11794	0.01225	0.00972	0.19081	0.35785	0.03531	0.05175	0.01570	0.01275	0.00606	0.00488	0.00157	0.00471	0.00498	0.00433	0.00760
7	0.00948	0.00900	0.01478	0.70869	0.03106	0.01147	0.01326	0.01246	0.00952	0.01246	0.00843	0.01279	0.00654	0.00540	0.00641	0.00171	0.11456	0.00436	0.00218	0.00545
8	0.00711	0.00493	0.00619	0.00619	0.00647	0.00521	0.00401	0.00768	0.00739	0.01014	0.01473	0.02797	0.01605	0.56996	0.27986	0.00578	0.00750	0.00653	0.00287	0.00344
9	0.00703	0.00478	0.00533	0.00533	0.00547	0.00471	0.00304	0.00714	0.00750	0.00985	0.01846	0.03347	0.08529	0.75657	0.02335	0.00449	0.00457	0.00743	0.00312	0.00308
10	0.01600	0.38796	0.01927	0.01074	0.01403	0.45148	0.00900	0.01741	0.01215	0.01182	0.00725	0.00842	0.00632	0.00468	0.00385	0.00117	0.00723	0.00292	0.00234	0.00597
11	0.00702	0.00527	0.00790	0.00790	0.00878	0.00614	0.00614	0.00878	0.00790	0.01141	0.01316	0.01931	0.01229	0.03686	0.80782	0.00790	0.01316	0.00527	0.00263	0.00439
12	0.00661	0.00497	0.00611	0.00590	0.00715	0.00448	0.00440	0.00857	0.01298	0.01766	0.56031	0.07821	0.24278	0.01094	0.00582	0.00160	0.00239	0.00953	0.00515	0.00448
13	0.01225	0.01177	0.02032	0.06284	0.66243	0.01185	0.08339	0.04602	0.01165	0.01648	0.00939	0.01229	0.00772	0.00444	0.00495	0.00149	0.00607	0.00451	0.00253	0.00760
14	0.05519	0.02281	0.01363	0.01239	0.01494	0.77279	0.00931	0.01940	0.01368	0.01246	0.00756	0.00882	0.00629	0.00504	0.00437	0.00128	0.00864	0.00314	0.00255	0.00568
15	0.00702	0.00527	0.00790	0.00790	0.00878	0.00614	0.00614	0.00878	0.00790	0.01141	0.01316	0.01931	0.01229	0.03686	0.80782	0.00790	0.01316	0.00527	0.00263	0.00439
16	0.01270	0.72316	0.12902	0.00915	0.01376	0.01838	0.00971	0.01483	0.01004	0.01209	0.00710	0.00821	0.00630	0.00427	0.00335	0.00112	0.00552	0.00276	0.00210	0.00643
17	0.01216	0.01165	0.01974	0.02970	0.77853	0.01169	0.01491	0.01534	0.02913	0.01616	0.00949	0.01231	0.00795	0.00443	0.00487	0.00146	0.00579	0.00441	0.00249	0.00778
18	0.00674	0.00489	0.00635	0.00625	0.00728	0.00450	0.00459	0.00875	0.01301	0.01818	0.62836	0.17628	0.07423	0.01109	0.00588	0.00163	0.00242	0.00985	0.00523	0.00450
19	0.00602	0.00438	0.00563	0.00658	0.00702	0.00404	0.00442	0.00692	0.00962	0.01266	0.04322	0.69981	0.11609	0.04010	0.00679	0.00204	0.00286	0.01327	0.00453	0.00399
20	0.00986	0.02542	0.80183	0.01401	0.02127	0.01141	0.01816	0.01556	0.01038	0.01556	0.00882	0.01038	0.00623	0.00467	0.00467	0.00156	0.00726	0.00363	0.00208	0.00726
21	0.01216	0.01168	0.01995	0.03016	0.79664	0.01168	0.01508	0.01508	0.01119	0.01605	0.00924	0.01216	0.00778	0.00438	0.00487	0.00146	0.00584	0.00438	0.00243	0.00778
22	0.01538	0.01803	0.01630	0.08539	0.28312	0.45689	0.02474	0.01742	0.01261	0.01351	0.00829	0.01041	0.00686	0.00480	0.00464	0.00137	0.00763	0.00372	0.00247	0.00640
23	0.00715	0.00476	0.00536	0.00536	0.00536	0.00476	0.00298	0.00715	0.00715	0.00953	0.01548	0.03216	0.01787	0.82729	0.02501	0.00476	0.00476	0.00715	0.00298	0.00298
24	0.01019	0.00873	0.01019	0.00728	0.01165	0.00655	0.00582	0.01237	0.01019	0.01601	0.00873	0.01019	0.00728	0.00364	0.00364	0.00073	0.00364	0.00291	0.00291	0.85734
25	0.09007	0.01223	0.01548	0.01677	0.26798	0.01300	0.01066	0.39776	0.01715	0.09432	0.01122	0.01203	0.00825	0.00531	0.00474	0.00148	0.00530	0.00430	0.00405	0.00791
26	0.02205	0.00836	0.01140	0.00874	0.01254	0.00722	0.00722	0.02395	0.01407	0.80004	0.01939	0.01673	0.01216	0.00608	0.00494	0.00152	0.00418	0.00494	0.00608	0.00836
27	0.00767	0.00553	0.00757	0.00842	0.00958	0.00543	0.00722	0.00989	0.01170	0.01539	0.14338	0.05220	0.06869	0.01299	0.00659	0.00212	0.00409	0.61236	0.00466	0.00452
28	0.01151	0.01174	0.02033	0.02040	0.26353	0.01311	0.22848	0.01466	0.04819	0.01469	0.00898	0.01228	0.00757	0.00592	0.00912	0.00177	0.29384	0.00481	0.00247	0.00661
29	0.00645	0.00475	0.00604	0.00625	0.00717	0.00434	0.00448	0.00810	0.01193	0.01626	0.41684	0.31923	0.14542	0.01229	0.00597	0.00172	0.00253	0.01091	0.00499	0.00434
30	0.00702	0.00527	0.00790	0.00790	0.00878	0.00614	0.00614	0.00878	0.00790	0.01141	0.01316	0.01931	0.01229	0.03686	0.80782	0.00790	0.01316	0.00527	0.00263	0.00439
31	0.00949	0.00906	0.01473	0.77642	0.03287	0.02517	0.01348	0.01266	0.00983	0.01252	0.00864	0.01295	0.00654	0.00503	0.00525	0.00165	0.03170	0.00434	0.00219	0.00546
32	0.00839	0.00592	0.00741	0.00681	0.00832	0.00577	0.00518	0.01223	0.11689	0.05771	0.65344	0.03329	0.04053	0.00940	0.00565	0.00156	0.00262	0.00825	0.00539	0.00524
33	0.00713	0.00483	0.00570	0.00570	0.00581	0.00495	0.00340	0.00736	0.00725	0.00978	0.01518	0.03045	0.01712	0.72212	0.12917	0.00518	0.00588	0.00690	0.00293	0.00317
34	0.00797	0.00576	0.00689	0.00698	0.00778	0.00587	0.00492	0.04608	0.08138	0.01424	0.12325	0.21042	0.02554	0.31948	0.01316	0.00296	0.00393	0.10492	0.00413	0.00432
35	0.01014	0.42392	0.07686	0.00774	0.01097	0.01258	0.00745	0.01220	0.01128	0.01438	0.23244	0.02159	0.12704	0.00701	0.00437	0.00131	0.00421	0.00553	0.00336	0.00561
36	0.86201	0.00950	0.00722	0.00646	0.00950	0.01102	0.00532	0.01445	0.00836	0.02205	0.00684	0.00798	0.00532	0.00456	0.00304	0.00152	0.00380	0.00266	0.00304	0.00532
37	0.00696	0.00502	0.00657	0.00618	0.00734	0.00464	0.00464	0.00927	0.01391	0.01971	0.79405	0.03671	0.04637	0.01005	0.00580	0.00155	0.00232	0.00889	0.00541	0.00464
38	0.01105	0.01029	0.01717	0.17779	0.52953	0.01074	0.01370	0.01417	0.02674	0.01530	0.01160	0.01823	0.01042	0.00575	0.00513	0.00160	0.00576	0.10542	0.00272	0.00690
39	0.01178	0.56952	0.16775	0.00937	0.01370	0.01613	0.00986	0.01441	0.03130	0.01270	0.00971	0.08044	0.00925	0.00552	0.00383	0.00127	0.00537	0.01936	0.00244	0.00629
40	0.00715	0.00476	0.00536	0.00536	0.00536	0.00476	0.00298	0.00715	0.00715	0.00953	0.01548	0.03216	0.01787	0.82729	0.02501	0.00476	0.00476	0.00715	0.00298	0.00298
41	0.00711	0.00489	0.00602	0.00602	0.00625	0.00512	0.00380	0.00757	0.00734	0.01002	0.01488	0.02881	0.01641	0.62149	0.22882	0.00558	0.00695	0.00666	0.00289	0.00334
42	0.18309	0.01538	0.01224	0.08024	0.01517	0.33258	0.00858	0.10031	0.05153	0.14059	0.01046	0.01108	0.00771	0.00528	0.00436	0.00143	0.00632	0.00370	0.00354	0.00641
43	0.01300	0.79605	0.05873	0.00865	0.01298	0.01910	0.00882	0.01475	0.01000	0.01173	0.00692	0.00799	0.00630	0.00422	0.00322	0.00107	0.00534	0.00267	0.00210	0.00635
44	0.00812	0.00589	0.00807	0.00910	0.01030	0.00597	0.00791	0.01094	0.04807	0.01498	0.02573	0.05368	0.02765	0.01325	0.00670	0.00223	0.00450	0.72768	0.00455	0.00468
45	0.01179	0.01115	0.01890	0.02833	0.72838	0.01115	0.01446	0.01466	0.01120	0.01594	0.01070	0.01592	0.00956	0.00518	0.00503	0.00153	0.00572	0.07027	0.00261	0.00750
46	0.01168	0.08113	0.01723	0.32037	0.26654	0.01157	0.04510	0.05075	0.01124	0.06033	0.01048	0.01468	0.00855	0.00605	0.02681	0.00172	0.00618	0.04028	0.00275	0.00654
47	0.00723	0.00529	0.00700	0.00707	0.00736	0.00583	0.00490	0.00789	0.00785	0.01086	0.01638	0.20307	0.01826	0.32985	0.22834	0.04097	0.07716	0.00780	0.00313	0.00375
48	0.00651	0.00457	0.00580	0.00630	0.00670	0.00434	0.00416	0.00747	0.00981	0.01334	0.19535	0.43729	0.03170	0.23040	0.01116	0.00263	0.00324	0.01102	0.00433	0.00387
49	0.01216	0.01168	0.01995	0.03016	0.79664	0.01168	0.01508	0.01508	0.01119	0.01605	0.00924	0.01216	0.00778	0.00438	0.00487	0.00146	0.00584	0.00438	0.00243	0.00778
50	0.00599	0.00499	0.00523	0.00517	0.00675	0.00423	0.00388	0.00740	0.01163	0.01428	0.16634	0.04564	0.67746	0.01207	0.00581	0.00164	0.00246	0.01014	0.00470	0.00423
51	0.03981	0.01225	0.01221	0.07997	0.01502	0.15349	0.00846	0.10910	0.22119	0.25122	0.03626	0.01516	0.01169	0.00600	0.00483	0.00152	0.00523	0.00472	0.00458	0.00729
52	0.04751	0.00999	0.01572	0.42715	0.26666	0.01128	0.01299	0.05089	0.04923	0.04721	0.00994	0.01294	0.00761	0.00491	0.00482	0.00157	0.00593	0.00438	0.00272	0.00654
53	0.00611	0.00530	0.00583	0.07533	0.00900	0.00474	0.00459	0.00753	0.01108	0.01321	0.04622	0.04433	0.72624	0.01179	0.00573	0.00166	0.00284	0.00985	0.00436	0.00426
54	0.01194	0.00611	0.00810	0.00716	0.00916	0.00547	0.00559	0.01393	0.01333	0.28132	0.39894	0.09960	0.06970	0.00944	0.00559	0.00161	0.00309	0.03864	0.00549	0.00581
55	0.01483	0.01777	0.01194	0.01103	0.01308	0.55882	0.00832	0.01630	0.01258	0.01256	0.07710	0.01361	0.01114	0.01260	0.18404	0.00277	0.00926	0.00413	0.00280	0.00531
56	0.01503	0.21357	0.01621	0.01094	0.05027	0.11145	0.00864	0.30854	0.04637	0.03128	0.01178	0.08220	0.01038	0.04208	0.00560	0.00155	0.01879	0.00483	0.00368	0.00682

[dist]
# distance from previous block
# <min> <max>
0	2

[block]
# block no. 3 follows, 51 sequences, length 93
# corresponding to MSA columns:
# 867-959
name=unknown_D
#
# <colnr> <probs for GDERKNQSTAVLIFYWHMCP>
#	G	D	E	R	K	N	Q	S	T	A	V	L	I	F	Y	W	H	M	C	P
0	0.01278	0.01396	0.01918	0.04885	0.17376	0.19449	0.26516	0.01652	0.07337	0.01508	0.01198	0.01760	0.01038	0.00579	0.00532	0.00160	0.00706	0.09776	0.00292	0.00643
1	0.59976	0.19962	0.01202	0.00740	0.01067	0.07599	0.00636	0.01492	0.00918	0.01884	0.00690	0.00803	0.00563	0.00452	0.00318	0.00139	0.00454	0.00269	0.00278	0.00558
2	0.00608	0.00472	0.00556	0.00615	0.00715	0.00421	0.00445	0.00725	0.01046	0.01318	0.05109	0.39255	0.38237	0.01380	0.00609	0.00185	0.00281	0.07154	0.00457	0.00412
3	0.01030	0.01100	0.07843	0.48743	0.25917	0.01123	0.01421	0.01406	0.04003	0.01414	0.00932	0.01281	0.00722	0.00480	0.00488	0.00158	0.00629	0.00436	0.00236	0.00638
4	0.04979	0.00846	0.01008	0.00816	0.01123	0.00831	0.00661	0.12009	0.09069	0.41233	0.01720	0.01627	0.01178	0.00598	0.00452	0.00144	0.00386	0.00476	0.20111	0.00732
5	0.00614	0.00439	0.00588	0.00702	0.00737	0.00412	0.00483	0.00711	0.00956	0.01272	0.02700	0.76327	0.03217	0.01525	0.00631	0.00202	0.00298	0.07328	0.00456	0.00403
6	0.01555	0.01752	0.01264	0.01144	0.01409	0.44300	0.00871	0.02260	0.36863	0.01594	0.01328	0.01320	0.01030	0.00580	0.00469	0.00145	0.00658	0.00426	0.00366	0.00665
7	0.00928	0.00873	0.01474	0.81548	0.03385	0.01092	0.01365	0.01256	0.00983	0.01256	0.00873	0.01310	0.00655	0.00491	0.00491	0.00164	0.00655	0.00437	0.00218	0.00546
8	0.01172	0.01230	0.02417	0.06863	0.37067	0.01201	0.39543	0.01527	0.01132	0.01571	0.00956	0.01276	0.00755	0.00429	0.00533	0.00157	0.00710	0.00509	0.00245	0.00708
9	0.00986	0.02542	0.80183	0.01401	0.02127	0.01141	0.01816	0.01556	0.01038	0.01556	0.00882	0.01038	0.00623	0.00467	0.00467	0.00156	0.00726	0.00363	0.00208	0.00726
10	0.00613	0.00457	0.00574	0.00662	0.00730	0.00418	0.00469	0.00720	0.01000	0.01292	0.03221	0.57296	0.20762	0.01455	0.00621	0.00194	0.00293	0.08359	0.00456	0.00408
11	0.00986	0.02542	0.80183	0.01401	0.02127	0.01141	0.01816	0.01556	0.01038	0.01556	0.00882	0.01038	0.00623	0.00467	0.00467	0.00156	0.00726	0.00363	0.00208	0.00726
12	0.00599	0.00428	0.00570	0.00684	0.00713	0.00399	0.00456	0.00684	0.00941	0.01254	0.02709	0.82409	0.03250	0.01540	0.00627	0.00200	0.00285	0.01397	0.00456	0.00399
13	0.00718	0.00549	0.00785	0.00773	0.00854	0.00633	0.00594	0.00864	0.00805	0.01138	0.01574	0.02184	0.07417	0.08803	0.62713	0.02744	0.05578	0.00572	0.00277	0.00427
14	0.00871	0.00725	0.00928	0.01062	0.07238	0.06222	0.00805	0.01079	0.01043	0.01361	0.01943	0.03758	0.02018	0.01946	0.25432	0.00387	0.00760	0.41576	0.00363	0.00482
15	0.01151	0.01292	0.02782	0.02085	0.06756	0.01217	0.71180	0.01552	0.01157	0.01573	0.01043	0.01456	0.00815	0.00446	0.00578	0.00167	0.00803	0.03030	0.00255	0.00662
16	0.00785	0.00560	0.00783	0.00897	0.01006	0.00559	0.00779	0.01005	0.01124	0.01462	0.02606	0.08483	0.02844	0.01365	0.00677	0.00225	0.00446	0.73489	0.00453	0.00450
17	0.01019	0.00873	0.01019	0.00728	0.01165	0.00655	0.00582	0.01237	0.01019	0.01601	0.00873	0.01019	0.00728	0.00364	0.00364	0.00073	0.00364	0.00291	0.00291	0.85734
18	0.01066	0.01032	0.01494	0.66725	0.07068	0.07423	0.01316	0.05545	0.01095	0.01371	0.00884	0.01265	0.00670	0.00495	0.00487	0.00159	0.00663	0.00428	0.00237	0.00576
19	0.01265	0.76497	0.02434	0.00837	0.01231	0.01839	0.00823	0.01425	0.00982	0.01155	0.00733	0.00879	0.00678	0.00679	0.06682	0.00159	0.00588	0.00284	0.00214	0.00615
20	0.00756	0.00554	0.00741	0.00835	0.00957	0.00540	0.00720	0.00964	0.01129	0.01446	0.03012	0.05403	0.16036	0.01338	0.00662	0.00216	0.00417	0.63375	0.00453	0.00446
21	0.00869	0.00708	0.01066	0.10081	0.16955	0.00724	0.00929	0.01098	0.01092	0.01442	0.03739	0.03974	0.08123	0.05941	0.00719	0.00212	0.00482	0.40951	0.00378	0.00516
22	0.01188	0.01131	0.01921	0.02885	0.75325	0.01129	0.01451	0.01476	0.01134	0.01626	0.05239	0.01351	0.00991	0.00469	0.00492	0.00146	0.00564	0.00463	0.00260	0.00761
23	0.00709	0.00511	0.00676	0.00658	0.00774	0.00478	0.00509	0.00940	0.01355	0.01901	0.68724	0.03931	0.04385	0.01054	0.00593	0.00165	0.00263	0.11384	0.00529	0.00462
24	0.08841	0.00862	0.01118	0.00864	0.01239	0.00778	0.00714	0.04703	0.01390	0.71425	0.01816	0.01588	0.01150	0.00596	0.00479	0.00152	0.00419	0.00475	0.00580	0.00812
25	0.01019	0.00873	0.01019	0.00728	0.01165	0.00655	0.00582	0.01237	0.01019	0.01601	0.00873	0.01019	0.00728	0.00364	0.00364	0.00073	0.00364	0.00291	0.00291	0.85734
26	0.01437	0.00706	0.00920	0.00777	0.01024	0.00652	0.00613	0.03947	0.06028	0.37238	0.31359	0.08814	0.02680	0.00835	0.00537	0.00158	0.00339	0.00717	0.00561	0.00657
27	0.00598	0.00432	0.00566	0.00674	0.00710	0.00400	0.00452	0.00685	0.00951	0.01259	0.02833	0.78138	0.07440	0.01523	0.00625	0.00198	0.00283	0.01377	0.00456	0.00400
28	0.00597	0.00464	0.00533	0.00586	0.00679	0.00411	0.00407	0.00696	0.01014	0.01272	0.03737	0.40247	0.39988	0.06145	0.00714	0.00200	0.00279	0.01183	0.00447	0.00401
29	0.28752	0.00642	0.00609	0.00581	0.00759	0.00656	0.00438	0.00991	0.01028	0.01696	0.17430	0.06128	0.27616	0.09873	0.00702	0.00195	0.00315	0.00734	0.00405	0.00449
30	0.01483	0.01004	0.01084	0.00874	0.01157	0.01082	0.00707	0.45579	0.01815	0.04842	0.08654	0.01623	0.01330	0.00624	0.00456	0.00138	0.00415	0.00490	0.25956	0.00688
31	0.02084	0.01030	0.01261	0.00966	0.01351	0.01010	0.00798	0.29550	0.01731	0.52390	0.01666	0.01496	0.01080	0.00602	0.00493	0.00150	0.00462	0.00476	0.00566	0.00836
32	0.00597	0.00433	0.00564	0.00670	0.00709	0.00400	0.00450	0.00686	0.00955	0.01260	0.02888	0.76262	0.09281	0.01516	0.00624	0.00197	0.00282	0.01369	0.00456	0.00400
33	0.01019	0.00873	0.01019	0.00728	0.01165	0.00655	0.00582	0.01237	0.01019	0.01601	0.00873	0.01019	0.00728	0.00364	0.00364	0.00073	0.00364	0.00291	0.00291	0.85734
34	0.00742	0.00517	0.00670	0.00736	0.00798	0.00513	0.00564	0.00869	0.00963	0.01269	0.04477	0.11764	0.02526	0.32224	0.01362	0.00317	0.00439	0.38462	0.00397	0.00389
35	0.01387	0.00655	0.00879	0.00736	0.00973	0.00582	0.00582	0.01600	0.01398	0.37739	0.43897	0.02755	0.03069	0.00823	0.00540	0.00153	0.00317	0.00708	0.00572	0.00634
36	0.47470	0.01488	0.01038	0.00932	0.01193	0.31343	0.00733	0.01620	0.01041	0.01744	0.00710	0.00854	0.00579	0.00507	0.00460	0.00147	0.07017	0.00298	0.00278	0.00547
37	0.00702	0.00527	0.00790	0.00790	0.00878	0.00614	0.00614	0.00878	0.00790	0.01141	0.01316	0.01931	0.01229	0.03686	0.80782	0.00790	0.01316	0.00527	0.00263	0.00439
38	0.01328	0.00642	0.00859	0.00726	0.00952	0.00572	0.00572	0.01542	0.01398	0.34667	0.46946	0.02834	0.03204	0.00839	0.00544	0.00154	0.00310	0.00723	0.00569	0.00620
39	0.00842	0.00568	0.00643	0.00603	0.00741	0.00534	0.00430	0.01052	0.07213	0.08742	0.15173	0.03594	0.30889	0.25515	0.01142	0.00256	0.00341	0.00828	0.00440	0.00456
40	0.00730	0.00494	0.00588	0.00610	0.00633	0.00494	0.00397	0.00776	0.00799	0.01057	0.01761	0.03685	0.01997	0.66312	0.02134	0.00426	0.00472	0.15976	0.00329	0.00329
41	0.01019	0.00873	0.01019	0.00728	0.01165	0.00655	0.00582	0.01237	0.01019	0.01601	0.00873	0.01019	0.00728	0.00364	0.00364	0.00073	0.00364	0.00291	0.00291	0.85734
42	0.00597	0.00433	0.00564	0.00670	0.00709	0.00400	0.00450	0.00686	0.00955	0.01260	0.02888	0.76262	0.09281	0.01516	0.00624	0.00197	0.00282	0.01369	0.00456	0.00400
43	0.01464	0.00675	0.00888	0.00736	0.00995	0.00592	0.00587	0.01661	0.01366	0.42338	0.30126	0.02765	0.12040	0.00829	0.00535	0.00155	0.00331	0.00702	0.00565	0.00651
44	0.00708	0.00500	0.00657	0.00656	0.00700	0.00539	0.00449	0.00798	0.00776	0.01079	0.04509	0.02645	0.01643	0.43279	0.38307	0.00607	0.00852	0.00635	0.00292	0.00369
45	0.00969	0.00567	0.00804	0.00837	0.00957	0.00562	0.00692	0.01097	0.01033	0.10944	0.02042	0.03898	0.02076	0.01563	0.08724	0.17540	0.00527	0.44314	0.00405	0.00450
46	0.00730	0.00565	0.00783	0.00780	0.00865	0.02500	0.00596	0.00890	0.00798	0.01127	0.01322	0.02011	0.01260	0.10068	0.72486	0.00748	0.01238	0.00537	0.00266	0.00430
47	0.01066	0.00901	0.01044	0.00750	0.01184	0.00703	0.00602	0.05459	0.01090	0.01684	0.00890	0.01028	0.00734	0.00376	0.00371	0.00077	0.00374	0.00299	0.00302	0.81066
48	0.00956	0.00929	0.01649	0.71802	0.03285	0.01110	0.10748	0.01295	0.01004	0.01295	0.00888	0.01312	0.00666	0.00482	0.00502	0.00164	0.00676	0.00454	0.00222	0.00560
49	0.01146	0.00977	0.01246	0.01050	0.01305	0.01079	0.08901	0.13322	0.32890	0.01951	0.09024	0.05313	0.06944	0.00984	0.06939	0.00216	0.04981	0.00630	0.00437	0.00665
50	0.00689	0.00460	0.00542	0.00579	0.00595	0.00451	0.00351	0.00730	0.00806	0.01101	0.01923	0.28493	0.02224	0.51927	0.01775	0.00367	0.00401	0.00918	0.05328	0.00340
51	0.00599	0.00428	0.00570	0.00684	0.00713	0.00399	0.00456	0.00684	0.00941	0.01254	0.02709	0.82409	0.03250	0.01540	0.00627	0.00200	0.00285	0.01397	0.00456	0.00399
52	0.01185	0.00982	0.01031	0.00934	0.01191	0.01129	0.00725	0.02432	0.69242	0.02028	0.01951	0.01833	0.01471	0.00655	0.00481	0.00160	0.00369	0.00544	0.10918	0.00739
53	0.01787	0.01241	0.01382	0.01070	0.01431	0.02904	0.00881	0.51540	0.01911	0.15331	0.01227	0.01232	0.00870	0.00593	0.00569	0.00147	0.06945	0.00435	0.00467	0.08037
54	0.01075	0.01075	0.01505	0.01290	0.01290	0.01505	0.01075	0.01183	0.00753	0.01183	0.00645	0.01075	0.00645	0.00860	0.01613	0.00215	0.81830	0.00430	0.00215	0.00538
55	0.00715	0.00476	0.00536	0.00536	0.00536	0.00476	0.00298	0.00715	0.00715	0.00953	0.01548	0.03216	0.01787	0.82729	0.02501	0.00476	0.00476	0.00715	0.00298	0.00298
56	0.00854	0.00427	0.00640	0.00640	0.00640	0.00427	0.00427	0.00640	0.00640	0.00854	0.00854	0.01494	0.00854	0.01707	0.01921	0.85702	0.00427	0.00427	0.00213	0.00213
57	0.01504	0.01254	0.01266	0.01066	0.01386	0.06104	0.00847	0.31173	0.45138	0.02400	0.01615	0.01529	0.01196	0.00628	0.00493	0.00157	0.00476	0.00498	0.00482	0.00787
58	0.00899	0.00654	0.02270	0.00715	0.00906	0.00577	0.00549	0.04828	0.03424	0.08702	0.08830	0.29456	0.18211	0.01235	0.05359	0.00199	0.00382	0.00913	0.00442	0.11448
59	0.01132	0.02654	0.09273	0.06712	0.02507	0.01224	0.62642	0.01566	0.02688	0.01557	0.00990	0.01296	0.00743	0.00428	0.00555	0.00162	0.00787	0.00542	0.00249	0.02292
60	0.01160	0.01326	0.02900	0.02071	0.02568	0.01243	0.77879	0.01574	0.01160	0.01574	0.00994	0.01326	0.00746	0.00414	0.00580	0.00166	0.00829	0.00580	0.00249	0.00663
61	0.01030	0.00978	0.01658	0.53738	0.30397	0.01119	0.01416	0.01345	0.01031	0.01380	0.00891	0.01277	0.00699	0.00472	0.00490	0.00157	0.00630	0.00437	0.00227	0.00628
62	0.02817	0.02529	0.01055	0.00854	0.01126	0.00918	0.00682	0.26377	0.04097	0.18689	0.14178	0.11580	0.10094	0.00880	0.01683	0.00167	0.00409	0.00696	0.00504	0.00665
63	0.01077	0.24860	0.58663	0.01245	0.01887	0.01364	0.01545	0.01533	0.01027	0.01445	0.00827	0.00968	0.00625	0.00454	0.00425	0.00142	0.00671	0.00335	0.00208	0.00700
64	0.00714	0.00478	0.00542	0.00542	0.00544	0.00480	0.00305	0.00719	0.00716	0.00957	0.01543	0.03185	0.01773	0.80859	0.04354	0.00484	0.00496	0.00710	0.00297	0.00301
65	0.01431	0.01134	0.02213	0.03262	0.05174	0.01055	0.46867	0.01779	0.02399	0.23480	0.02471	0.02901	0.00991	0.00503	0.00547	0.00160	0.00668	0.00562	0.00361	0.02043
66	0.01246	0.04840	0.10932	0.01544	0.03419	0.04830	0.33633	0.15164	0.01348	0.01813	0.07270	0.01543	0.02257	0.00565	0.00596	0.00160	0.05541	0.02319	0.00315	0.00666
67	0.00946	0.00655	0.00905	0.00867	0.01018	0.00633	0.04418	0.01088	0.01079	0.08763	0.04770	0.15074	0.16090	0.03675	0.26604	0.00404	0.00713	0.11339	0.00428	0.00530
68	0.01022	0.24862	0.07377	0.00822	0.01075	0.01032	0.00741	0.01205	0.00927	0.07609	0.01320	0.01743	0.04262	0.09632	0.33802	0.00433	0.00843	0.00473	0.00283	0.00535
69	0.00679	0.00497	0.00631	0.00710	0.00778	0.00480	0.00518	0.00842	0.04024	0.01307	0.02749	0.44334	0.10684	0.11127	0.00853	0.00234	0.00347	0.18352	0.00438	0.00416
70	0.01100	0.01069	0.01848	0.23132	0.43256	0.01152	0.08508	0.01390	0.01051	0.01464	0.00966	0.04438	0.00830	0.00527	0.00592	0.00160	0.07113	0.00488	0.00243	0.00673
71	0.01217	0.08004	0.13732	0.23440	0.12791	0.18201	0.05069	0.01507	0.01092	0.01352	0.00857	0.01131	0.00686	0.00549	0.01845	0.00160	0.05419	0.00395	0.01936	0.00619
72	0.00928	0.00873	0.01474	0.81548	0.03385	0.01092	0.01365	0.01256	0.00983	0.01256	0.00873	0.01310	0.00655	0.00491	0.00491	0.00164	0.00655	0.00437	0.00218	0.00546
73	0.00692	0.00521	0.00651	0.00731	0.00797	0.00522	0.00504	0.00971	0.12535	0.01374	0.02603	0.70407	0.02990	0.01410	0.00608	0.00195	0.00301	0.01272	0.00463	0.00456
74	0.06378	0.00906	0.01347	0.03081	0.07538	0.00930	0.15138	0.08629	0.10475	0.07254	0.06056	0.17986	0.01640	0.00764	0.00535	0.00163	0.01791	0.00694	0.08075	0.00618
75	0.01088	0.01103	0.01006	0.00946	0.01076	0.23928	0.00731	0.01248	0.00997	0.01244	0.03003	0.01573	0.01081	0.02134	0.40310	0.00463	0.09346	0.00458	0.07775	0.00489
76	0.01768	0.02233	0.01356	0.01237	0.01481	0.75952	0.00929	0.01897	0.01356	0.01199	0.00793	0.00949	0.00669	0.00697	0.05259	0.00166	0.00912	0.00329	0.00254	0.00562
77	0.01056	0.00997	0.01686	0.36489	0.42283	0.01089	0.01384	0.01351	0.01050	0.01435	0.01010	0.06123	0.00874	0.00527	0.00497	0.00157	0.00596	0.00495	0.00245	0.00656
78	0.01251	0.10305	0.01549	0.19808	0.13438	0.01179	0.01028	0.13450	0.01224	0.05929	0.01001	0.03514	0.00818	0.00533	0.00540	0.00139	0.06957	0.00421	0.00306	0.16609
79	0.00678	0.00502	0.00633	0.00600	0.00724	0.00456	0.00450	0.00894	0.01351	0.01875	0.68319	0.03829	0.15783	0.01040	0.00580	0.00156	0.00234	0.00911	0.00528	0.00456
80	0.00695	0.00468	0.00542	0.00561	0.00566	0.00463	0.00324	0.00710	0.00753	0.01004	0.01744	0.16539	0.02033	0.69070	0.02186	0.00430	0.00444	0.00829	0.00324	0.00315
81	0.00928	0.00873	0.01474	0.81548	0.03385	0.01092	0.01365	0.01256	0.00983	0.01256	0.00873	0.01310	0.00655	0.00491	0.00491	0.00164	0.00655	0.00437	0.00218	0.00546
82	0.00869	0.00550	0.00641	0.03725	0.03249	0.00578	0.00487	0.01067	0.01013	0.01632	0.02034	0.06610	0.12775	0.02039	0.00539	0.00143	0.06723	0.00595	0.54266	0.00466
83	0.00643	0.00459	0.00621	0.00735	0.00783	0.00437	0.00533	0.00761	0.00985	0.01304	0.02684	0.64707	0.03153	0.01498	0.00639	0.00206	0.00324	0.18659	0.00455	0.00411
84	0.01160	0.01326	0.02900	0.02071	0.02568	0.01243	0.77879	0.01574	0.01160	0.01574	0.00994	0.01326	0.00746	0.00414	0.00580	0.00166	0.00829	0.00580	0.00249	0.00663
85	0.01850	0.02370	0.06209	0.01215	0.05823	0.01163	0.06304	0.34043	0.01726	0.32061	0.01417	0.01366	0.00956	0.00567	0.00495	0.00150	0.00527	0.00464	0.00484	0.00811
86	0.01301	0.07791	0.01966	0.02626	0.63713	0.11156	0.01386	0.01562	0.01144	0.01520	0.00885	0.01141	0.00749	0.00445	0.00468	0.00140	0.00617	0.00409	0.00242	0.00741
87	0.00599	0.00428	0.00570	0.00684	0.00713	0.00399	0.00456	0.00684	0.00941	0.01254	0.02709	0.82409	0.03250	0.01540	0.00627	0.00200	0.00285	0.01397	0.00456	0.00399
88	0.01223	0.19916	0.07221	0.07016	0.45494	0.03850	0.05549	0.01506	0.01089	0.01465	0.00862	0.01108	0.00721	0.00440	0.00450	0.00139	0.00607	0.00397	0.00233	0.00715
89	0.01726	0.06856	0.03345	0.01097	0.01473	0.05017	0.10663	0.19093	0.03035	0.32620	0.05101	0.01554	0.02388	0.00681	0.02930	0.00168	0.00551	0.00495	0.00463	0.00747
90	0.00981	0.00724	0.00840	0.00807	0.00984	0.00761	0.00609	0.01614	0.31475	0.07468	0.15007	0.24991	0.07198	0.01019	0.00559	0.00175	0.00330	0.03366	0.00498	0.00592
91	0.02589	0.01150	0.09358	0.11503	0.36940	0.01017	0.01241	0.04082	0.01199	0.17205	0.04880	0.01540	0.04020	0.00543	0.00492	0.00152	0.00540	0.00483	0.00340	0.00727
92	0.12744	0.01291	0.01564	0.06282	0.35617	0.13388	0.02248	0.11131	0.01274	0.05789	0.01005	0.03694	0.00823	0.00516	0.00463	0.00147	0.00587	0.00432	0.00308	0.00697

[dist]
# distance from previous block
# <min> <max>
0	2

[block]
# block no. 4 follows, 51 sequences, length 154
# corresponding to MSA columns:
# 962-1115
name=unknown_E
#
# <colnr> <probs for GDERKNQSTAVLIFYWHMCP>
#	G	D	E	R	K	N	Q	S	T	A	V	L	I	F	Y	W	H	M	C	P
0	0.01223	0.28060	0.01821	0.01104	0.01286	0.01613	0.00961	0.09584	0.01009	0.01384	0.00789	0.03873	0.00753	0.00710	0.01029	0.00171	0.43374	0.00411	0.00252	0.00596
1	0.01060	0.01247	0.17438	0.00961	0.01432	0.00833	0.04125	0.01352	0.01025	0.04120	0.00901	0.01060	0.00718	0.00425	0.00473	0.00105	0.05336	0.00333	0.00278	0.56776
2	0.01387	0.01113	0.01539	0.01762	0.29026	0.06216	0.03301	0.08127	0.02433	0.14160	0.01187	0.04972	0.00977	0.00732	0.03615	0.00184	0.14734	0.00491	0.03352	0.00693
3	0.00936	0.00853	0.01176	0.01054	0.01093	0.02178	0.00855	0.01070	0.00786	0.01191	0.00953	0.01471	0.00912	0.04211	0.29513	0.00420	0.46276	0.00472	0.04089	0.00493
4	0.03954	0.06993	0.28857	0.04420	0.12737	0.04004	0.06768	0.10247	0.02415	0.13363	0.01079	0.01186	0.00778	0.00496	0.00470	0.00150	0.00622	0.00412	0.00316	0.00734
5	0.01232	0.03200	0.29979	0.01818	0.21540	0.01113	0.15296	0.01668	0.04175	0.11296	0.01132	0.03394	0.00862	0.00503	0.00498	0.00155	0.00642	0.00470	0.00292	0.00733
6	0.00714	0.00463	0.00554	0.00574	0.00585	0.00457	0.00346	0.00720	0.00777	0.01053	0.04052	0.17158	0.02023	0.54941	0.01985	0.09264	0.00422	0.00804	0.02791	0.00317
7	0.05477	0.01404	0.07476	0.06970	0.06815	0.12589	0.12096	0.19353	0.01475	0.19739	0.01183	0.01254	0.00834	0.00525	0.00487	0.00150	0.00621	0.00441	0.00384	0.00727
8	0.01086	0.10433	0.03239	0.01056	0.02533	0.11113	0.08499	0.02505	0.06044	0.02593	0.01342	0.01634	0.05190	0.01626	0.27258	0.00361	0.06773	0.00486	0.05678	0.00554
9	0.00605	0.00495	0.00534	0.00536	0.00684	0.00425	0.00400	0.00747	0.01156	0.01436	0.17594	0.09417	0.60703	0.01223	0.00585	0.00167	0.00251	0.02150	0.00471	0.00423
10	0.00599	0.00428	0.00570	0.00684	0.00713	0.00399	0.00456	0.00684	0.00941	0.01254	0.02709	0.82409	0.03250	0.01540	0.00627	0.00200	0.00285	0.01397	0.00456	0.00399
11	0.86201	0.00950	0.00722	0.00646	0.00950	0.01102	0.00532	0.01445	0.00836	0.02205	0.00684	0.00798	0.00532	0.00456	0.00304	0.00152	0.00380	0.00266	0.00304	0.00532
12	0.00871	0.00826	0.01555	0.01378	0.06545	0.00783	0.29309	0.01110	0.01057	0.01423	0.01943	0.37456	0.02108	0.01028	0.00607	0.00187	0.00527	0.10394	0.00365	0.00528
13	0.00605	0.00432	0.00576	0.00686	0.00718	0.00404	0.00462	0.00697	0.00957	0.01278	0.04875	0.78924	0.03283	0.01521	0.00627	0.00199	0.00286	0.02610	0.00459	0.00402
14	0.86201	0.00950	0.00722	0.00646	0.00950	0.01102	0.00532	0.01445	0.00836	0.02205	0.00684	0.00798	0.00532	0.00456	0.00304	0.00152	0.00380	0.00266	0.00304	0.00532
15	0.01868	0.01376	0.01475	0.01131	0.01524	0.01524	0.00934	0.78025	0.02311	0.03097	0.01180	0.01180	0.00836	0.00590	0.00492	0.00147	0.00541	0.00442	0.00492	0.00836
16	0.86201	0.00950	0.00722	0.00646	0.00950	0.01102	0.00532	0.01445	0.00836	0.02205	0.00684	0.00798	0.00532	0.00456	0.00304	0.00152	0.00380	0.00266	0.00304	0.00532
17	0.00954	0.00777	0.00861	0.00838	0.00999	0.00858	0.00612	0.01740	0.43406	0.01654	0.02177	0.28529	0.02112	0.11204	0.00792	0.00216	0.00366	0.00852	0.00460	0.00593
18	0.01063	0.01058	0.01481	0.01274	0.01275	0.01476	0.01059	0.01170	0.00758	0.01185	0.00699	0.03194	0.00713	0.00878	0.01587	0.00215	0.79706	0.00455	0.00221	0.00534
19	0.01019	0.00873	0.01019	0.00728	0.01165	0.00655	0.00582	0.01237	0.01019	0.01601	0.00873	0.01019	0.00728	0.00364	0.00364	0.00073	0.00364	0.00291	0.00291	0.85734
20	0.01402	0.01175	0.01210	0.01041	0.01347	0.03745	0.00822	0.21349	0.57375	0.02289	0.01758	0.01642	0.01308	0.00643	0.00496	0.00161	0.00442	0.00520	0.00490	0.00786
21	0.01326	0.00883	0.01040	0.00820	0.01136	0.00834	0.00658	0.21627	0.01533	0.14476	0.24144	0.02030	0.03907	0.00671	0.00487	0.00131	0.00378	0.00556	0.00471	0.22893
22	0.01057	0.11440	0.69266	0.01323	0.02005	0.01218	0.01676	0.01571	0.01044	0.03784	0.00890	0.01028	0.00641	0.00466	0.00451	0.00150	0.00695	0.00356	0.00219	0.00719
23	0.01175	0.07475	0.33131	0.01270	0.01750	0.01070	0.12067	0.06965	0.01195	0.09673	0.01381	0.04457	0.01197	0.00674	0.00520	0.00167	0.00618	0.14217	0.00327	0.00670
24	0.00589	0.00466	0.00531	0.00582	0.00686	0.00408	0.00411	0.00696	0.01039	0.01294	0.03948	0.39995	0.44864	0.01379	0.00602	0.00181	0.00265	0.01201	0.00456	0.00408
25	0.00602	0.00465	0.00552	0.00618	0.00709	0.00415	0.00439	0.00711	0.01026	0.01297	0.03657	0.45635	0.35255	0.01406	0.00610	0.00187	0.00279	0.05274	0.00456	0.00409
26	0.01501	0.42019	0.06213	0.02835	0.08135	0.07613	0.00973	0.14405	0.01301	0.09414	0.00933	0.01010	0.00736	0.00480	0.00399	0.00126	0.00563	0.00344	0.00303	0.00697
27	0.00672	0.00501	0.00624	0.00593	0.00720	0.00454	0.00445	0.00882	0.01335	0.01838	0.64065	0.03889	0.20059	0.01054	0.00580	0.00157	0.00235	0.00919	0.00524	0.00454
28	0.01169	0.01133	0.01974	0.14908	0.63069	0.01161	0.06425	0.01474	0.01101	0.01550	0.00921	0.01238	0.00758	0.00444	0.00493	0.00150	0.00610	0.00447	0.00240	0.00736
29	0.01294	0.54602	0.17449	0.01122	0.06523	0.04811	0.01082	0.05624	0.01100	0.01369	0.00767	0.00889	0.00650	0.00443	0.00370	0.00121	0.00583	0.00305	0.00229	0.00667
30	0.00628	0.00494	0.00546	0.00551	0.00692	0.00426	0.00406	0.00767	0.01147	0.02638	0.17639	0.15282	0.54589	0.01234	0.00586	0.00168	0.00254	0.01053	0.00473	0.00428
31	0.00715	0.00476	0.00536	0.00536	0.00536	0.00476	0.00298	0.00715	0.00715	0.00953	0.01548	0.03216	0.01787	0.82729	0.02501	0.00476	0.00476	0.00715	0.00298	0.00298
32	0.01618	0.01083	0.03139	0.01187	0.04237	0.06649	0.13284	0.07943	0.07791	0.33180	0.07960	0.04722	0.01462	0.00651	0.00521	0.00157	0.00519	0.02704	0.00469	0.00722
33	0.01072	0.16941	0.29301	0.22529	0.02246	0.04105	0.08576	0.01441	0.01021	0.01364	0.00854	0.01115	0.00665	0.00580	0.03113	0.00171	0.03663	0.00390	0.00218	0.00633
34	0.24629	0.00958	0.01044	0.03481	0.04303	0.00914	0.00677	0.08906	0.02883	0.06108	0.00936	0.01045	0.00728	0.00438	0.00379	0.00114	0.00407	0.00326	0.00332	0.41392
35	0.01019	0.00873	0.01019	0.00728	0.01165	0.00655	0.00582	0.01237	0.01019	0.01601	0.00873	0.01019	0.00728	0.00364	0.00364	0.00073	0.00364	0.00291	0.00291	0.85734
36	0.00701	0.00509	0.00712	0.00717	0.00779	0.00568	0.00522	0.00825	0.00776	0.01096	0.01441	0.05913	0.01469	0.24761	0.56190	0.00679	0.01045	0.00616	0.00281	0.00399
37	0.03959	0.11566	0.01660	0.01391	0.12089	0.10102	0.01025	0.29161	0.01469	0.01962	0.00895	0.01068	0.00726	0.00600	0.00726	0.00156	0.20030	0.00398	0.00325	0.00693
38	0.00642	0.00477	0.00605	0.00697	0.00753	0.00458	0.00479	0.00818	0.05991	0.01317	0.02823	0.69754	0.08602	0.01458	0.00617	0.00196	0.00293	0.03134	0.00459	0.00426
39	0.04386	0.09594	0.01050	0.03187	0.01088	0.19601	0.00664	0.01264	0.06122	0.01376	0.07793	0.31505	0.05951	0.01060	0.02987	0.00181	0.00499	0.00814	0.00373	0.00504
40	0.25040	0.01236	0.01217	0.00982	0.01324	0.04916	0.00803	0.40966	0.07253	0.07609	0.01117	0.01137	0.00810	0.00564	0.00471	0.00151	0.02848	0.00399	0.00429	0.00727
41	0.00651	0.00468	0.00628	0.00738	0.00795	0.00446	0.00545	0.00777	0.01000	0.01317	0.02768	0.58194	0.06127	0.01478	0.00640	0.00206	0.00330	0.22023	0.00455	0.00414
42	0.02983	0.01277	0.01345	0.06246	0.01548	0.06768	0.00879	0.45937	0.06337	0.06140	0.01156	0.01197	0.00844	0.00544	0.00465	0.00136	0.00526	0.00415	0.00427	0.14832
43	0.10228	0.01213	0.01388	0.35127	0.02251	0.09002	0.01076	0.30184	0.01506	0.02041	0.00958	0.01167	0.00708	0.00526	0.00467	0.00153	0.00606	0.00409	0.00333	0.00656
44	0.01404	0.01157	0.01645	0.03248	0.41482	0.01208	0.01182	0.24336	0.06524	0.04960	0.06927	0.01445	0.01142	0.00547	0.00496	0.00149	0.00527	0.00482	0.00369	0.00771
45	0.01083	0.01099	0.01636	0.01364	0.01410	0.01481	0.08304	0.01220	0.00791	0.01220	0.00678	0.01099	0.00655	0.00818	0.01516	0.00210	0.74206	0.00444	0.00218	0.00549
46	0.00628	0.00471	0.00582	0.00615	0.00708	0.00425	0.00438	0.00773	0.01141	0.01520	0.29726	0.35936	0.22679	0.01282	0.00599	0.00176	0.00258	0.01132	0.00485	0.00425
47	0.03152	0.01185	0.01779	0.15710	0.54651	0.06510	0.01375	0.01570	0.06389	0.01565	0.00973	0.01242	0.00792	0.00467	0.00481	0.00149	0.00598	0.00434	0.00259	0.00720
48	0.01023	0.00903	0.00930	0.00889	0.01020	0.12763	0.00685	0.09282	0.01108	0.01457	0.01542	0.17760	0.01548	0.01896	0.28413	0.00383	0.06038	0.04722	0.07137	0.00502
49	0.00599	0.00428	0.00570	0.00684	0.00713	0.00399	0.00456	0.00684	0.00941	0.01254	0.02709	0.82409	0.03250	0.01540	0.00627	0.00200	0.00285	0.01397	0.00456	0.00399
50	0.00976	0.00603	0.00624	0.00587	0.00731	0.04394	0.00445	0.01223	0.03091	0.06889	0.25013	0.02412	0.04539	0.00723	0.00440	0.00132	0.00279	0.00602	0.45800	0.00496
51	0.01358	0.01379	0.01805	0.18475	0.31083	0.19690	0.10836	0.01628	0.01178	0.06505	0.00950	0.01202	0.00743	0.00473	0.00490	0.00148	0.00689	0.00431	0.00265	0.00671
52	0.00643	0.00459	0.00621	0.00734	0.00782	0.00437	0.00532	0.00760	0.00984	0.01304	0.02684	0.64939	0.03154	0.01498	0.00639	0.00206	0.00323	0.18433	0.00455	0.00411
53	0.01075	0.01075	0.01505	0.01290	0.01290	0.01505	0.01075	0.01183	0.00753	0.01183	0.00645	0.01075	0.00645	0.00860	0.01613	0.00215	0.81830	0.00430	0.00215	0.00538
54	0.61759	0.20184	0.01273	0.00768	0.01110	0.01307	0.04761	0.01458	0.00892	0.01925	0.00701	0.00824	0.00567	0.00446	0.00322	0.00142	0.00438	0.00282	0.00279	0.00562
55	0.00691	0.00490	0.00582	0.00605	0.00724	0.00432	0.00436	0.00819	0.01106	0.05618	0.14336	0.33474	0.36325	0.01287	0.00593	0.00176	0.00269	0.01122	0.00476	0.00438
56	0.01130	0.01061	0.01356	0.05925	0.06489	0.04658	0.03266	0.05409	0.01033	0.01515	0.00822	0.01078	0.00704	0.00547	0.00776	0.00135	0.25189	0.00370	0.00268	0.38266
57	0.02923	0.01230	0.01317	0.11252	0.01647	0.09594	0.00906	0.29687	0.12514	0.19392	0.01363	0.01355	0.00961	0.00575	0.00482	0.00149	0.00536	0.00449	0.00450	0.03217
58	0.31818	0.00917	0.00904	0.00774	0.01039	0.00987	0.00609	0.22298	0.01281	0.02113	0.02620	0.11296	0.06206	0.05035	0.00600	0.03528	0.00408	0.00543	0.00383	0.06640
59	0.00635	0.00464	0.00585	0.00637	0.00707	0.00441	0.00444	0.00716	0.00930	0.01209	0.02901	0.39144	0.22960	0.07032	0.12352	0.06544	0.00446	0.01061	0.00401	0.00389
60	0.00682	0.00467	0.00566	0.00613	0.00631	0.00457	0.00387	0.00727	0.00821	0.01092	0.02014	0.29845	0.02353	0.49571	0.01740	0.00365	0.00411	0.06553	0.00362	0.00343
61	0.01133	0.01082	0.01843	0.25834	0.57501	0.01146	0.01467	0.01435	0.01079	0.01504	0.00910	0.01244	0.00743	0.00453	0.00488	0.00151	0.00605	0.00438	0.00236	0.00711
62	0.00956	0.00898	0.01496	0.73991	0.08252	0.01101	0.01356	0.01314	0.03386	0.01303	0.00911	0.01320	0.00689	0.00493	0.00491	0.00163	0.00642	0.00440	0.00229	0.00568
63	0.00865	0.00753	0.01045	0.06137	0.01111	0.00950	0.00759	0.00988	0.00840	0.01216	0.09280	0.05162	0.01511	0.18828	0.15535	0.00362	0.33323	0.00594	0.00285	0.00456
64	0.01084	0.00981	0.01512	0.56245	0.07820	0.01203	0.01283	0.11001	0.01131	0.01503	0.00887	0.01258	0.00685	0.00546	0.00631	0.00167	0.10775	0.00437	0.00254	0.00597
65	0.00599	0.00428	0.00570	0.00684	0.00713	0.00399	0.00456	0.00684	0.00941	0.01254	0.02709	0.82409	0.03250	0.01540	0.00627	0.00200	0.00285	0.01397	0.00456	0.00399
66	0.01539	0.01047	0.01303	0.01064	0.01296	0.01207	0.00874	0.29313	0.01453	0.17899	0.01194	0.01356	0.00911	0.01095	0.11030	0.02881	0.22993	0.00460	0.00402	0.00684
67	0.00967	0.02412	0.75049	0.01361	0.02046	0.01107	0.01738	0.01512	0.01022	0.01529	0.00910	0.01095	0.00662	0.00675	0.05660	0.00197	0.00764	0.00374	0.00211	0.00708
