[name]
unknown

[dist]
# distance from previous block
# <min> <max>
5	737

[block]
# block no. 0 follows, 46 sequences, length 16
# corresponding to MSA columns:
# 789-804
name=unknown_A
#
# <colnr> <probs for GDERKNQSTAVLIFYWHMCP>
#	G	D	E	R	K	N	Q	S	T	A	V	L	I	F	Y	W	H	M	C	P
0	0.01523	0.55672	0.06852	0.01089	0.01520	0.20640	0.03248	0.01719	0.01184	0.01294	0.00777	0.00906	0.00682	0.00477	0.00390	0.00124	0.00681	0.00313	0.00238	0.00670
1	0.81379	0.01043	0.00814	0.00719	0.01050	0.01207	0.00592	0.04952	0.00972	0.02415	0.00760	0.00877	0.00587	0.00497	0.00336	0.00163	0.00417	0.00295	0.00336	0.00587
2	0.00871	0.00745	0.01217	0.01091	0.01248	0.00732	0.15837	0.05779	0.01147	0.01543	0.02357	0.57054	0.02687	0.01321	0.00693	0.00204	0.03290	0.01223	0.00439	0.00522
3	0.01157	0.01157	0.01619	0.01388	0.01388	0.01619	0.01157	0.01272	0.00810	0.01272	0.00694	0.01157	0.00694	0.00925	0.01735	0.00231	0.80453	0.00463	0.00231	0.00578
4	0.01651	0.00843	0.01050	0.00880	0.01184	0.00806	0.00700	0.02135	0.17969	0.39345	0.15978	0.04906	0.08541	0.00832	0.00562	0.00170	0.00387	0.00701	0.00597	0.00762
5	0.01331	0.01093	0.01218	0.00936	0.01359	0.01030	0.00750	0.17034	0.17992	0.02159	0.01272	0.01323	0.00988	0.00512	0.00452	0.00117	0.00436	0.00409	0.00406	0.49183
6	0.01170	0.01195	0.01835	0.01509	0.01586	0.01579	0.11974	0.01333	0.00873	0.01333	0.00748	0.01195	0.00710	0.00856	0.01575	0.00224	0.68985	0.00486	0.00237	0.00598
7	0.00634	0.00516	0.00556	0.00586	0.00723	0.00444	0.00421	0.00753	0.01144	0.01396	0.04644	0.23615	0.57354	0.03906	0.00701	0.00198	0.00285	0.01200	0.00486	0.00438
8	0.01354	0.01130	0.01257	0.01089	0.01356	0.01314	0.00864	0.15310	0.46613	0.02289	0.10491	0.01981	0.01769	0.00768	0.00684	0.00180	0.09664	0.00602	0.00506	0.00779
9	0.00665	0.00475	0.00638	0.00761	0.00801	0.00448	0.00528	0.00773	0.01033	0.01373	0.02902	0.73343	0.03450	0.01636	0.00680	0.00218	0.00325	0.09025	0.00490	0.00435
10	0.01553	0.01218	0.01319	0.01132	0.03514	0.01346	0.00880	0.38113	0.28053	0.02627	0.02083	0.04142	0.10102	0.00768	0.00547	0.00170	0.00483	0.00620	0.00519	0.00811
11	0.00757	0.00561	0.00822	0.00822	0.00906	0.00646	0.00626	0.00926	0.00841	0.01206	0.01442	0.02219	0.01383	0.11939	0.71436	0.00815	0.01323	0.00587	0.00287	0.00456
12	0.01271	0.01628	0.18462	0.04287	0.03770	0.08259	0.12285	0.03414	0.29632	0.01834	0.01594	0.01663	0.04470	0.00637	0.00596	0.00174	0.04362	0.00540	0.00371	0.00749
13	0.01060	0.01013	0.01454	0.01435	0.09154	0.01321	0.01060	0.01194	0.00890	0.01332	0.01173	0.16363	0.01264	0.01130	0.04293	0.00244	0.54098	0.00665	0.00286	0.00573
14	0.05207	0.04933	0.24222	0.01635	0.07595	0.20115	0.17193	0.01864	0.01273	0.09513	0.01046	0.01206	0.00775	0.00512	0.00513	0.00159	0.00776	0.00440	0.00296	0.00729
15	0.51044	0.01674	0.15709	0.00995	0.01396	0.18250	0.00932	0.01698	0.01071	0.02004	0.00794	0.00928	0.00615	0.00505	0.00393	0.00158	0.00598	0.00318	0.00295	0.00621

[dist]
# distance from previous block
# <min> <max>
0	1

[block]
# block no. 1 follows, 46 sequences, length 24
# corresponding to MSA columns:
# 807-830
name=unknown_B
#
# <colnr> <probs for GDERKNQSTAVLIFYWHMCP>
#	G	D	E	R	K	N	Q	S	T	A	V	L	I	F	Y	W	H	M	C	P
0	0.01525	0.01340	0.08601	0.04174	0.24733	0.01159	0.27072	0.01883	0.01285	0.20938	0.01288	0.01459	0.00926	0.00512	0.00558	0.00167	0.00689	0.00532	0.00358	0.00799
1	0.01253	0.31551	0.02047	0.35833	0.04223	0.03312	0.01198	0.05593	0.01135	0.01421	0.00859	0.01156	0.00707	0.00537	0.00554	0.00155	0.07175	0.00396	0.00249	0.00645
2	0.00736	0.00564	0.00677	0.00644	0.00792	0.00518	0.00484	0.01004	0.04616	0.01920	0.53268	0.04201	0.26343	0.01141	0.00620	0.00170	0.00262	0.00988	0.00553	0.00498
3	0.00855	0.00762	0.01026	0.00910	0.01102	0.00776	0.08407	0.01234	0.12836	0.01604	0.09493	0.14099	0.34028	0.01197	0.02447	0.00202	0.07060	0.00959	0.00456	0.00547
4	0.00658	0.00511	0.00602	0.00653	0.00765	0.00455	0.00473	0.00793	0.01159	0.01475	0.11367	0.34783	0.37134	0.01445	0.00651	0.00195	0.00294	0.05641	0.00500	0.00447
5	0.01385	0.75377	0.08883	0.00953	0.01432	0.02022	0.00989	0.01590	0.01078	0.01278	0.00752	0.00870	0.00678	0.00456	0.00352	0.00117	0.00583	0.00291	0.00226	0.00687
6	0.00644	0.00460	0.00613	0.00736	0.00767	0.00429	0.00491	0.00736	0.01012	0.01350	0.02914	0.81076	0.03497	0.01656	0.00675	0.00215	0.00307	0.01503	0.00491	0.00429
7	0.01236	0.01342	0.02650	0.02178	0.12724	0.01389	0.49188	0.01589	0.01143	0.01603	0.00975	0.01350	0.00783	0.00557	0.00860	0.00187	0.18721	0.00567	0.00259	0.00700
8	0.00845	0.00732	0.01165	0.45772	0.02397	0.00852	0.01045	0.01085	0.01038	0.01350	0.01794	0.35897	0.01913	0.01017	0.00592	0.00193	0.00532	0.00917	0.00346	0.00519
9	0.01977	0.02463	0.01503	0.01354	0.01635	0.75049	0.01021	0.06174	0.01552	0.01405	0.00842	0.00971	0.00693	0.00550	0.00480	0.00137	0.00933	0.00348	0.00286	0.00629
10	0.01332	0.57425	0.17816	0.01274	0.09732	0.01831	0.01190	0.01605	0.01096	0.01381	0.00805	0.00951	0.00694	0.00464	0.00391	0.00129	0.00615	0.00324	0.00229	0.00716
11	0.06133	0.09527	0.07791	0.27758	0.02428	0.19972	0.12007	0.01653	0.01196	0.03190	0.00975	0.03271	0.00786	0.00541	0.00501	0.00160	0.00750	0.00454	0.00268	0.00638
12	0.00653	0.00464	0.00611	0.00725	0.00753	0.00435	0.00479	0.00738	0.00995	0.01327	0.02826	0.75621	0.03386	0.07263	0.00816	0.00236	0.00321	0.01451	0.00479	0.00422
13	0.00642	0.00483	0.00595	0.00679	0.00753	0.00436	0.00466	0.00750	0.01080	0.01395	0.05885	0.57758	0.24060	0.01551	0.00659	0.00203	0.00294	0.01379	0.00494	0.00436
14	0.01096	0.00940	0.01096	0.00783	0.01253	0.00705	0.00626	0.01331	0.01096	0.01723	0.00940	0.01096	0.00783	0.00392	0.00392	0.00078	0.00392	0.00313	0.00313	0.84653
15	0.01513	0.37131	0.06758	0.00983	0.01371	0.03525	0.00915	0.08377	0.02816	0.14918	0.03643	0.04507	0.05711	0.00658	0.00523	0.00147	0.04937	0.00484	0.00371	0.00710
16	0.21720	0.04929	0.21269	0.01426	0.12786	0.03714	0.01205	0.09915	0.06352	0.08213	0.01091	0.01196	0.00812	0.00546	0.00495	0.00163	0.02665	0.00407	0.00345	0.00750
17	0.01157	0.01157	0.01619	0.01388	0.01388	0.01619	0.01157	0.01272	0.00810	0.01272	0.00694	0.01157	0.00694	0.00925	0.01735	0.00231	0.80453	0.00463	0.00231	0.00578
18	0.00769	0.00513	0.00577	0.00577	0.00577	0.00513	0.00320	0.00769	0.00769	0.01025	0.01666	0.03460	0.01922	0.81421	0.02691	0.00513	0.00513	0.00769	0.00320	0.00320
19	0.00652	0.00472	0.00616	0.00717	0.00765	0.00436	0.00485	0.00759	0.01066	0.01419	0.09340	0.69547	0.08598	0.01587	0.00667	0.00208	0.00299	0.01431	0.00498	0.00436
20	0.01389	0.01156	0.01588	0.45990	0.02761	0.01375	0.01276	0.29680	0.01583	0.02095	0.01051	0.01343	0.00778	0.00590	0.00595	0.00173	0.05057	0.00472	0.00346	0.00705
21	0.00806	0.00609	0.00880	0.00866	0.00976	0.00707	0.00676	0.03021	0.03271	0.01314	0.01435	0.02052	0.01319	0.03775	0.74762	0.00810	0.01363	0.00565	0.00298	0.00495
22	0.01248	0.01426	0.03119	0.02228	0.02763	0.01337	0.76203	0.01693	0.01248	0.01693	0.01070	0.01426	0.00802	0.00446	0.00624	0.00178	0.00891	0.00624	0.00267	0.00713
23	0.01479	0.06170	0.01475	0.01243	0.01475	0.43473	0.08002	0.01633	0.01297	0.01344	0.01427	0.23660	0.01489	0.00854	0.00569	0.00163	0.02649	0.00696	0.00330	0.00573

[dist]
# distance from previous block
# <min> <max>
4	12

[block]
# block no. 2 follows, 46 sequences, length 6
# corresponding to MSA columns:
# 843-848
name=unknown_C
#
# <colnr> <probs for GDERKNQSTAVLIFYWHMCP>
#	G	D	E	R	K	N	Q	S	T	A	V	L	I	F	Y	W	H	M	C	P
0	0.01121	0.01087	0.01624	0.10603	0.10563	0.01394	0.03773	0.01357	0.03581	0.01422	0.04786	0.01435	0.01002	0.00984	0.05732	0.00245	0.47906	0.00506	0.00268	0.00613
1	0.00991	0.00651	0.00873	0.07830	0.01142	0.00637	0.00637	0.01313	0.05649	0.10938	0.57963	0.03362	0.03990	0.00962	0.00600	0.00168	0.00323	0.00843	0.00557	0.00572
2	0.00832	0.00683	0.05391	0.00720	0.00898	0.00542	0.00586	0.01060	0.01360	0.06579	0.46059	0.14101	0.16897	0.01141	0.00618	0.00175	0.00305	0.00996	0.00537	0.00522
3	0.01133	0.01231	0.08680	0.40279	0.25126	0.01223	0.04804	0.01601	0.07700	0.01580	0.01067	0.01403	0.00823	0.00522	0.00530	0.00170	0.00673	0.00481	0.00269	0.00705
4	0.01419	0.01568	0.01301	0.01293	0.06717	0.35035	0.00929	0.01776	0.11985	0.01433	0.01202	0.01484	0.01026	0.01654	0.25329	0.00372	0.04089	0.00462	0.00311	0.00615
5	0.01061	0.05128	0.00906	0.00775	0.00872	0.14411	0.00518	0.01225	0.07643	0.01188	0.01512	0.02756	0.01614	0.56003	0.01993	0.00397	0.00584	0.00654	0.00326	0.00435

[dist]
# distance from previous block
# <min> <max>
0	1

[block]
# block no. 3 follows, 46 sequences, length 11
# corresponding to MSA columns:
# 850-860
name=unknown_D
#
# <colnr> <probs for GDERKNQSTAVLIFYWHMCP>
#	G	D	E	R	K	N	Q	S	T	A	V	L	I	F	Y	W	H	M	C	P
0	0.01181	0.01053	0.01361	0.34591	0.02335	0.01255	0.01104	0.02191	0.44909	0.01847	0.01638	0.01734	0.01228	0.00637	0.00534	0.00178	0.00540	0.00543	0.00409	0.00731
1	0.01208	0.01122	0.01752	0.10468	0.45791	0.01071	0.01288	0.01501	0.01154	0.01686	0.00971	0.01251	0.00806	0.00452	0.00482	0.00134	0.00560	0.00420	0.00275	0.27606
2	0.01207	0.01813	0.34037	0.01258	0.01762	0.01278	0.01310	0.02328	0.44934	0.01984	0.01642	0.01609	0.01214	0.00626	0.00523	0.00174	0.00572	0.00510	0.00405	0.00813
3	0.01161	0.25191	0.57105	0.01336	0.02023	0.01473	0.01655	0.01648	0.01104	0.01552	0.00888	0.01040	0.00672	0.00488	0.00456	0.00152	0.00720	0.00360	0.00224	0.00752
4	0.00852	0.00636	0.00763	0.00714	0.00875	0.00607	0.00547	0.08784	0.01493	0.02023	0.45999	0.08847	0.20048	0.01144	0.00622	0.00175	0.00303	0.04497	0.00547	0.00524
5	0.01480	0.56090	0.14532	0.01043	0.01528	0.08672	0.01071	0.01720	0.01152	0.07215	0.00879	0.00972	0.00725	0.00484	0.00392	0.00128	0.00625	0.00324	0.00262	0.00706
6	0.00738	0.00588	0.00798	0.00855	0.00881	0.00647	0.00613	0.00834	0.00975	0.01335	0.02507	0.66443	0.02983	0.01522	0.00869	0.00218	0.14981	0.01312	0.00443	0.00457
7	0.00985	0.00493	0.00493	0.00493	0.00616	0.00493	0.00370	0.01232	0.01109	0.01971	0.01725	0.01971	0.01355	0.00616	0.00370	0.00123	0.00246	0.00493	0.84356	0.00493
8	0.01245	0.01304	0.01606	0.01385	0.01414	0.09992	0.01142	0.01363	0.00884	0.01275	0.00707	0.01135	0.00693	0.00884	0.01599	0.00221	0.71884	0.00449	0.00236	0.00582
9	0.00755	0.00566	0.00850	0.00850	0.00944	0.00661	0.00661	0.00944	0.00850	0.01227	0.01416	0.02077	0.01322	0.03965	0.79326	0.00850	0.01416	0.00566	0.00283	0.00472
10	0.01133	0.01216	0.02514	0.15297	0.02633	0.01194	0.52485	0.01532	0.01225	0.01660	0.09058	0.01713	0.01243	0.00670	0.03825	0.00204	0.00814	0.00630	0.00295	0.00659

[dist]
# distance from previous block
# <min> <max>
0	49

[block]
# block no. 4 follows, 46 sequences, length 9
# corresponding to MSA columns:
# 910-918
name=unknown_E
#
# <colnr> <probs for GDERKNQSTAVLIFYWHMCP>
#	G	D	E	R	K	N	Q	S	T	A	V	L	I	F	Y	W	H	M	C	P
0	0.85155	0.01022	0.00777	0.00695	0.01022	0.01186	0.00573	0.01554	0.00900	0.02372	0.00736	0.00859	0.00573	0.00491	0.00327	0.00164	0.00409	0.00286	0.00327	0.00573
1	0.01316	0.01196	0.01703	0.07301	0.27367	0.01396	0.01253	0.10932	0.12931	0.01829	0.01128	0.01390	0.00928	0.00762	0.03080	0.00203	0.23725	0.00491	0.00327	0.00743
2	0.00634	0.00536	0.00548	0.00545	0.00720	0.00450	0.00409	0.00776	0.01227	0.01479	0.10735	0.05003	0.72497	0.01320	0.00625	0.00178	0.00266	0.01104	0.00498	0.00450
3	0.01057	0.00981	0.01588	0.70743	0.03384	0.01229	0.01424	0.04853	0.01106	0.01438	0.00937	0.01385	0.00713	0.00562	0.00616	0.00179	0.06486	0.00470	0.00248	0.00601
4	0.59618	0.11545	0.04786	0.00849	0.01181	0.04252	0.00750	0.01558	0.00946	0.02053	0.00745	0.00900	0.00606	0.00528	0.00472	0.00162	0.07841	0.00309	0.00298	0.00598
5	0.01390	0.01511	0.02204	0.06588	0.35740	0.16669	0.21705	0.01704	0.01267	0.01607	0.01044	0.01449	0.00872	0.00519	0.00549	0.00163	0.00763	0.03251	0.00272	0.00733
6	0.01121	0.00993	0.01301	0.01046	0.06597	0.00784	0.05684	0.01375	0.01114	0.01721	0.00952	0.01132	0.00788	0.00401	0.00416	0.00090	0.00441	0.00344	0.00307	0.73394
7	0.01288	0.42294	0.05876	0.01285	0.01686	0.03644	0.18911	0.01527	0.01086	0.01368	0.00948	0.04243	0.00874	0.04183	0.00675	0.00165	0.08583	0.00457	0.00252	0.00654
8	0.01936	0.01444	0.01545	0.01201	0.01611	0.01605	0.00987	0.68523	0.10443	0.03212	0.01363	0.01344	0.00975	0.00643	0.00530	0.00161	0.00564	0.00489	0.00530	0.00892

[dist]
# distance from previous block
# <min> <max>
0	1

[block]
# block no. 5 follows, 46 sequences, length 8
# corresponding to MSA columns:
# 920-927
name=unknown_F
#
# <colnr> <probs for GDERKNQSTAVLIFYWHMCP>
#	G	D	E	R	K	N	Q	S	T	A	V	L	I	F	Y	W	H	M	C	P
0	0.01312	0.01121	0.01219	0.12237	0.01595	0.08746	0.00883	0.22357	0.09693	0.02118	0.15637	0.02125	0.05407	0.01208	0.11715	0.00261	0.00660	0.00607	0.00436	0.00664
1	0.01169	0.00634	0.00841	0.00736	0.00935	0.00571	0.00571	0.01407	0.01501	0.21912	0.58211	0.03392	0.04035	0.00970	0.00600	0.00166	0.00301	0.00846	0.00601	0.00603
2	0.02372	0.00900	0.01227	0.00941	0.01350	0.00777	0.00777	0.02576	0.01513	0.78489	0.02086	0.01799	0.01309	0.00654	0.00532	0.00164	0.00450	0.00532	0.00654	0.00900
3	0.00653	0.00507	0.00595	0.00636	0.00748	0.00449	0.00453	0.00791	0.01180	0.01516	0.16807	0.34494	0.36445	0.01418	0.00644	0.00191	0.00280	0.01239	0.00506	0.00449
4	0.01951	0.01452	0.01553	0.01204	0.01617	0.01612	0.00991	0.70134	0.08808	0.03237	0.01344	0.01329	0.00960	0.00642	0.00530	0.00160	0.00568	0.00486	0.00530	0.00894
5	0.01315	0.01136	0.01195	0.01076	0.01375	0.01315	0.00837	0.02809	0.77168	0.02211	0.02152	0.01972	0.01614	0.00717	0.00538	0.00179	0.00418	0.00598	0.00538	0.00837
6	0.00985	0.00493	0.00493	0.00493	0.00616	0.00493	0.00370	0.01232	0.01109	0.01971	0.01725	0.01971	0.01355	0.00616	0.00370	0.00123	0.00246	0.00493	0.84356	0.00493
7	0.26142	0.21138	0.04376	0.01053	0.01399	0.26152	0.00901	0.06322	0.01232	0.01735	0.00800	0.00936	0.00662	0.00530	0.00468	0.00146	0.04752	0.00327	0.00289	0.00639

[dist]
# distance from previous block
# <min> <max>
0	4

[block]
# block no. 6 follows, 46 sequences, length 21
# corresponding to MSA columns:
# 932-952
name=unknown_G
#
# <colnr> <probs for GDERKNQSTAVLIFYWHMCP>
#	G	D	E	R	K	N	Q	S	T	A	V	L	I	F	Y	W	H	M	C	P
0	0.58065	0.01023	0.00936	0.00790	0.01133	0.01124	0.00649	0.08939	0.01193	0.16694	0.04312	0.01205	0.00929	0.00560	0.00397	0.00163	0.00426	0.00379	0.00419	0.00662
1	0.00645	0.00511	0.00581	0.00618	0.00740	0.00447	0.00443	0.00778	0.01174	0.01481	0.12816	0.30458	0.44609	0.01416	0.00641	0.00189	0.00279	0.01227	0.00501	0.00447
2	0.01420	0.16445	0.01778	0.37716	0.02511	0.25650	0.01206	0.04707	0.01256	0.01394	0.00877	0.01158	0.00700	0.00524	0.00477	0.00151	0.00751	0.00395	0.00257	0.00625
3	0.85155	0.01022	0.00777	0.00695	0.01022	0.01186	0.00573	0.01554	0.00900	0.02372	0.00736	0.00859	0.00573	0.00491	0.00327	0.00164	0.00409	0.00286	0.00327	0.00573
4	0.00717	0.00566	0.00652	0.00645	0.00799	0.00515	0.00490	0.00961	0.04877	0.01719	0.30883	0.08333	0.39849	0.01240	0.00629	0.00180	0.00284	0.05651	0.00525	0.00485
5	0.00696	0.00538	0.00634	0.00610	0.00758	0.00477	0.00458	0.00897	0.01373	0.01828	0.47260	0.04429	0.35754	0.01190	0.00624	0.00171	0.00257	0.01023	0.00544	0.00477
6	0.00733	0.00529	0.00602	0.00610	0.00674	0.00511	0.00401	0.00800	0.00925	0.01188	0.02748	0.03983	0.23043	0.48617	0.07217	0.00425	0.00505	0.05737	0.00376	0.00377
7	0.01413	0.81739	0.02770	0.00905	0.01357	0.02092	0.00905	0.01583	0.01074	0.01244	0.00735	0.00848	0.00678	0.00452	0.00339	0.00113	0.00565	0.00283	0.00226	0.00678
8	0.57973	0.01071	0.00975	0.03731	0.01234	0.01259	0.00711	0.05540	0.14016	0.02283	0.01010	0.01110	0.00780	0.00567	0.00474	0.00171	0.05730	0.00367	0.00364	0.00635
9	0.01192	0.27282	0.04361	0.13855	0.05853	0.03189	0.10906	0.02828	0.03817	0.01478	0.03350	0.01734	0.08777	0.00720	0.02577	0.00175	0.05308	0.01657	0.00294	0.00646
10	0.01318	0.43943	0.15137	0.01309	0.01783	0.04119	0.15164	0.01606	0.01102	0.01402	0.00831	0.01032	0.00702	0.00506	0.00552	0.00146	0.08040	0.00382	0.00235	0.00691
11	0.01315	0.01136	0.01195	0.01076	0.01375	0.01315	0.00837	0.02809	0.77168	0.02211	0.02152	0.01972	0.01614	0.00717	0.00538	0.00179	0.00418	0.00598	0.00538	0.00837
12	0.00756	0.00562	0.00828	0.00828	0.00915	0.00649	0.00634	0.00930	0.00843	0.01211	0.01436	0.02187	0.01369	0.10137	0.73219	0.00823	0.01344	0.00583	0.00286	0.00460
13	0.00772	0.00553	0.00717	0.00714	0.00770	0.00599	0.00493	0.00900	0.02707	0.01159	0.01665	0.02829	0.03762	0.41357	0.38029	0.00651	0.00921	0.00681	0.00313	0.00407
14	0.00625	0.00536	0.00536	0.00536	0.00714	0.00446	0.00402	0.00759	0.01205	0.01428	0.05355	0.05088	0.77909	0.01339	0.00625	0.00179	0.00268	0.01116	0.00491	0.00446
15	0.01122	0.01820	0.33431	0.01480	0.01828	0.01444	0.05294	0.01459	0.00958	0.01459	0.00818	0.01154	0.00689	0.00727	0.01171	0.00202	0.43605	0.00441	0.00230	0.00669
16	0.01699	0.01410	0.01413	0.01086	0.01509	0.09614	0.00880	0.43258	0.01914	0.02574	0.01110	0.01177	0.00837	0.00543	0.00477	0.00129	0.00558	0.00407	0.00429	0.28975
17	0.18157	0.03233	0.07601	0.03574	0.01442	0.01212	0.03218	0.04164	0.01040	0.05618	0.01024	0.06419	0.00910	0.00697	0.00839	0.00173	0.24905	0.00469	0.00315	0.14989
18	0.03486	0.00940	0.01055	0.03026	0.01223	0.04001	0.00713	0.18126	0.03927	0.10712	0.17718	0.18001	0.03800	0.00915	0.00558	0.00164	0.00424	0.00777	0.00499	0.09936
19	0.02874	0.29671	0.06721	0.06292	0.03507	0.05804	0.00969	0.03888	0.05838	0.06367	0.04840	0.01468	0.04914	0.00607	0.00546	0.00145	0.06778	0.00441	0.00325	0.08005
20	0.45537	0.01127	0.01027	0.00870	0.01197	0.03325	0.00702	0.18626	0.07873	0.06140	0.04993	0.01347	0.01047	0.03534	0.00506	0.00176	0.00461	0.00421	0.00418	0.00673

[dist]
# distance from previous block
# <min> <max>
1	48

[block]
# block no. 7 follows, 46 sequences, length 13
# corresponding to MSA columns:
# 1001-1013
name=unknown_H
#
# <colnr> <probs for GDERKNQSTAVLIFYWHMCP>
#	G	D	E	R	K	N	Q	S	T	A	V	L	I	F	Y	W	H	M	C	P
0	0.01096	0.12921	0.08725	0.01472	0.01807	0.01269	0.27880	0.01379	0.01074	0.01467	0.01340	0.17533	0.01327	0.00929	0.04168	0.00213	0.13772	0.00704	0.00298	0.00624
1	0.18456	0.46803	0.04062	0.09639	0.01629	0.01731	0.03600	0.06037	0.01128	0.01637	0.00807	0.00964	0.00677	0.00480	0.00383	0.00137	0.00567	0.00330	0.00267	0.00664
2	0.01257	0.34434	0.27915	0.01558	0.12910	0.01609	0.06489	0.01612	0.01106	0.01489	0.00865	0.01058	0.00708	0.00494	0.00506	0.00148	0.04497	0.00378	0.00233	0.00733
3	0.01157	0.01157	0.01619	0.01388	0.01388	0.01619	0.01157	0.01272	0.00810	0.01272	0.00694	0.01157	0.00694	0.00925	0.01735	0.00231	0.80453	0.00463	0.00231	0.00578
4	0.00746	0.00524	0.00675	0.00693	0.00729	0.00551	0.00461	0.00824	0.00831	0.01140	0.01758	0.14014	0.01940	0.43596	0.28616	0.00586	0.00792	0.00804	0.00332	0.00388
5	0.00645	0.00476	0.00604	0.00700	0.00759	0.00435	0.00476	0.00750	0.01062	0.01392	0.06155	0.65546	0.15902	0.01582	0.00665	0.00207	0.00298	0.01418	0.00494	0.00435
6	0.00711	0.00517	0.00672	0.00707	0.00768	0.00526	0.00491	0.00820	0.00940	0.01267	0.05188	0.26220	0.10527	0.22381	0.25317	0.00479	0.00693	0.00969	0.00388	0.00419
7	0.01080	0.01004	0.01674	0.69380	0.05885	0.01212	0.04860	0.05868	0.01156	0.01497	0.00967	0.01399	0.00725	0.00529	0.00533	0.00175	0.00703	0.00477	0.00255	0.00620
8	0.01169	0.01210	0.02025	0.01616	0.01779	0.01488	0.23246	0.01388	0.00958	0.01411	0.00904	0.01463	0.00837	0.00809	0.01360	0.00216	0.53248	0.04005	0.00254	0.00614
9	0.05640	0.01146	0.03577	0.01029	0.01427	0.01109	0.00866	0.27931	0.04747	0.38960	0.06694	0.01703	0.01370	0.00666	0.00527	0.00163	0.00489	0.00528	0.00575	0.00853
10	0.01413	0.81739	0.02770	0.00905	0.01357	0.02092	0.00905	0.01583	0.01074	0.01244	0.00735	0.00848	0.00678	0.00452	0.00339	0.00113	0.00565	0.00283	0.00226	0.00678
11	0.00739	0.00552	0.00749	0.08305	0.01087	0.00553	0.00637	0.00882	0.01048	0.01368	0.02739	0.40699	0.08877	0.11430	0.00921	0.00252	0.00408	0.17864	0.00444	0.00445
12	0.00985	0.00999	0.05822	0.01321	0.12303	0.03371	0.00934	0.01269	0.06361	0.01575	0.12473	0.23647	0.06007	0.01050	0.00863	0.00194	0.18995	0.00851	0.00391	0.00589

[dist]
# distance from previous block
# <min> <max>
1	12

[block]
# block no. 8 follows, 46 sequences, length 10
# corresponding to MSA columns:
# 1026-1035
name=unknown_I
#
# <colnr> <probs for GDERKNQSTAVLIFYWHMCP>
#	G	D	E	R	K	N	Q	S	T	A	V	L	I	F	Y	W	H	M	C	P
0	0.20548	0.07880	0.05112	0.01213	0.01516	0.42200	0.03228	0.01829	0.01238	0.01561	0.00794	0.00966	0.00661	0.00559	0.00564	0.00153	0.08740	0.00347	0.00275	0.00616
1	0.09675	0.01065	0.01340	0.01106	0.01353	0.01226	0.00911	0.06686	0.10038	0.30746	0.01428	0.01472	0.01034	0.00739	0.00933	0.00189	0.28366	0.00488	0.00454	0.00749
2	0.01313	0.01159	0.01568	0.18252	0.22344	0.01301	0.01195	0.09150	0.33876	0.02008	0.01505	0.01611	0.01148	0.00604	0.00531	0.00171	0.00550	0.00526	0.00400	0.00791
3	0.00985	0.00493	0.00493	0.00493	0.00616	0.00493	0.00370	0.01232	0.01109	0.01971	0.01725	0.01971	0.01355	0.00616	0.00370	0.00123	0.00246	0.00493	0.84356	0.00493
4	0.75623	0.05659	0.00937	0.00737	0.01077	0.01264	0.00616	0.05829	0.01000	0.02362	0.00766	0.00882	0.00597	0.00497	0.00339	0.00160	0.00428	0.00297	0.00333	0.00597
5	0.00755	0.00566	0.00850	0.00850	0.00944	0.00661	0.00661	0.00944	0.00850	0.01227	0.01416	0.02077	0.01322	0.03965	0.79326	0.00850	0.01416	0.00566	0.00283	0.00472
6	0.05338	0.42583	0.19089	0.01083	0.01577	0.10305	0.01119	0.01774	0.01173	0.10220	0.00946	0.01028	0.00744	0.00498	0.00412	0.00136	0.00636	0.00342	0.00284	0.00714
7	0.43526	0.01220	0.01164	0.00978	0.01281	0.03806	0.00802	0.22135	0.05040	0.02435	0.00948	0.01072	0.00734	0.00606	0.00601	0.00172	0.12047	0.00381	0.00377	0.00677
8	0.37113	0.08930	0.04950	0.02829	0.01293	0.01325	0.00852	0.01613	0.06066	0.06575	0.04658	0.01233	0.00947	0.00641	0.00704	0.00176	0.18729	0.00404	0.00335	0.00628
9	0.01152	0.01168	0.05276	0.09662	0.06592	0.01368	0.01127	0.04137	0.14282	0.01579	0.01461	0.01704	0.08077	0.00825	0.01115	0.00201	0.38756	0.00545	0.00321	0.00650

[dist]
# distance from previous block
# <min> <max>
25	47

[block]
# block no. 9 follows, 46 sequences, length 241
# corresponding to MSA columns:
# 1094-1208,1213-1338
name=unknown_J
#
# <colnr> <probs for GDERKNQSTAVLIFYWHMCP>
#	G	D	E	R	K	N	Q	S	T	A	V	L	I	F	Y	W	H	M	C	P
0	0.05036	0.23127	0.08271	0.01134	0.01572	0.11213	0.01024	0.33294	0.01739	0.05524	0.01051	0.01108	0.00796	0.00554	0.00459	0.00143	0.00623	0.00392	0.00384	0.02558
1	0.04610	0.04020	0.01555	0.04123	0.01662	0.21448	0.03420	0.40530	0.01940	0.05694	0.01338	0.01384	0.04652	0.00627	0.00511	0.00154	0.00664	0.00468	0.00431	0.00768
2	0.01361	0.09004	0.05905	0.01478	0.01907	0.11219	0.25976	0.06573	0.04724	0.01701	0.01004	0.01222	0.00799	0.00516	0.00610	0.00149	0.07505	0.00457	0.00298	0.17592
3	0.00913	0.00778	0.01192	0.03247	0.16605	0.00755	0.05754	0.01195	0.04955	0.01665	0.15687	0.28890	0.04943	0.01081	0.00611	0.00184	0.00430	0.06278	0.00434	0.04403
4	0.00629	0.00536	0.00541	0.00540	0.00717	0.00448	0.00405	0.00767	0.01215	0.01451	0.07746	0.05050	0.75504	0.01330	0.00625	0.00178	0.00267	0.01110	0.00494	0.00448
5	0.00998	0.00940	0.01586	0.80150	0.03641	0.01175	0.01468	0.01351	0.01057	0.01351	0.00940	0.01409	0.00705	0.00529	0.00529	0.00176	0.00705	0.00470	0.00235	0.00587
6	0.85155	0.01022	0.00777	0.00695	0.01022	0.01186	0.00573	0.01554	0.00900	0.02372	0.00736	0.00859	0.00573	0.00491	0.00327	0.00164	0.00409	0.00286	0.00327	0.00573
7	0.01096	0.00940	0.01096	0.00783	0.01253	0.00705	0.00626	0.01331	0.01096	0.01723	0.00940	0.01096	0.00783	0.00392	0.00392	0.00078	0.00392	0.00313	0.00313	0.84653
8	0.00756	0.00562	0.00826	0.00826	0.00913	0.00648	0.00632	0.00929	0.00843	0.01210	0.01437	0.02195	0.01373	0.10569	0.72792	0.00821	0.01339	0.00584	0.00286	0.00459
9	0.01975	0.02520	0.01498	0.01362	0.01634	0.79299	0.01021	0.02111	0.01498	0.01294	0.00817	0.00953	0.00681	0.00545	0.00477	0.00136	0.00953	0.00340	0.00272	0.00613
10	0.04005	0.01013	0.01286	0.00988	0.01398	0.00950	0.00816	0.16606	0.01686	0.62612	0.01902	0.01679	0.01216	0.00647	0.00527	0.00163	0.00474	0.00516	0.00624	0.00893
11	0.01951	0.05880	0.01552	0.01343	0.01623	0.76024	0.01016	0.02089	0.01480	0.01292	0.00814	0.00949	0.00681	0.00541	0.00471	0.00135	0.00937	0.00338	0.00270	0.00616
12	0.01270	0.01217	0.02076	0.12815	0.68855	0.01246	0.01603	0.01589	0.01185	0.01680	0.00988	0.01321	0.00821	0.00478	0.00524	0.00159	0.00638	0.00471	0.00258	0.00806
13	0.03694	0.04836	0.01260	0.07986	0.01346	0.01113	0.00901	0.01138	0.00866	0.01288	0.01081	0.01634	0.01012	0.03797	0.38448	0.00518	0.27789	0.00504	0.00261	0.00528
14	0.02010	0.01481	0.01587	0.01216	0.01639	0.01639	0.01005	0.76360	0.02486	0.03332	0.01269	0.01269	0.00899	0.00635	0.00529	0.00159	0.00582	0.00476	0.00529	0.00899
15	0.02010	0.01481	0.01587	0.01216	0.01639	0.01639	0.01005	0.76360	0.02486	0.03332	0.01269	0.01269	0.00899	0.00635	0.00529	0.00159	0.00582	0.00476	0.00529	0.00899
16	0.00756	0.00564	0.00836	0.00836	0.00926	0.00653	0.00644	0.00935	0.00846	0.01217	0.01428	0.02145	0.01351	0.07806	0.75526	0.00833	0.01371	0.00576	0.00285	0.00464
17	0.00748	0.00540	0.00707	0.00665	0.00790	0.00499	0.00499	0.00998	0.01496	0.02120	0.77844	0.03949	0.04988	0.01081	0.00624	0.00166	0.00249	0.00956	0.00582	0.00499
18	0.01060	0.02735	0.78682	0.01507	0.02288	0.01228	0.01953	0.01674	0.01116	0.01674	0.00949	0.01116	0.00670	0.00502	0.00502	0.00167	0.00781	0.00391	0.00223	0.00781
19	0.00643	0.00466	0.00608	0.00722	0.00763	0.00431	0.00484	0.00738	0.01026	0.01355	0.03090	0.75591	0.08867	0.01633	0.00671	0.00212	0.00304	0.01475	0.00491	0.00431
20	0.00743	0.00536	0.00702	0.00669	0.00789	0.00495	0.00498	0.00985	0.01472	0.02082	0.74129	0.07774	0.04914	0.01109	0.00626	0.00169	0.00252	0.00983	0.00577	0.00495
21	0.00642	0.00527	0.00569	0.00597	0.00747	0.00454	0.00445	0.00776	0.01173	0.01424	0.04780	0.18059	0.60547	0.01400	0.00640	0.00189	0.00288	0.05805	0.00491	0.00446
22	0.00748	0.00540	0.00707	0.00665	0.00790	0.00499	0.00499	0.00998	0.01496	0.02120	0.77844	0.03949	0.04988	0.01081	0.00624	0.00166	0.00249	0.00956	0.00582	0.00499
23	0.00745	0.00540	0.00703	0.00662	0.00788	0.00498	0.00497	0.00992	0.01490	0.02105	0.76227	0.03974	0.06615	0.01087	0.00624	0.00167	0.00250	0.00960	0.00580	0.00498
24	0.01413	0.81739	0.02770	0.00905	0.01357	0.02092	0.00905	0.01583	0.01074	0.01244	0.00735	0.00848	0.00678	0.00452	0.00339	0.00113	0.00565	0.00283	0.00226	0.00678
25	0.01975	0.02520	0.01498	0.01362	0.01634	0.79299	0.01021	0.02111	0.01498	0.01294	0.00817	0.00953	0.00681	0.00545	0.00477	0.00136	0.00953	0.00340	0.00272	0.00613
26	0.01308	0.01256	0.02146	0.03245	0.78123	0.01256	0.01622	0.01622	0.01204	0.01727	0.00994	0.01308	0.00837	0.00471	0.00523	0.00157	0.00628	0.00471	0.00262	0.00837
27	0.01024	0.00609	0.00819	0.00789	0.00952	0.00566	0.00629	0.01256	0.01403	0.13968	0.43180	0.08457	0.03845	0.01140	0.00638	0.00188	0.00343	0.19076	0.00565	0.00555
28	0.00761	0.00543	0.00732	0.00732	0.00785	0.00597	0.00514	0.00868	0.00815	0.01140	0.01524	0.02674	0.01581	0.37402	0.46243	0.00704	0.01026	0.00654	0.00299	0.00407
29	0.01341	0.01319	0.02114	0.03152	0.74330	0.05126	0.01593	0.01647	0.01218	0.01706	0.00986	0.01291	0.00830	0.00475	0.00521	0.00156	0.00644	0.00465	0.00262	0.00826
30	0.01797	0.01423	0.01464	0.01203	0.01509	0.12025	0.00973	0.30210	0.13853	0.13742	0.01369	0.01398	0.01009	0.00690	0.00737	0.00172	0.14689	0.00483	0.00462	0.00794
31	0.00770	0.00531	0.00663	0.00716	0.00756	0.00527	0.00499	0.00855	0.00933	0.01235	0.02179	0.17301	0.02480	0.44749	0.03337	0.00396	0.00488	0.20805	0.00393	0.00387
32	0.30706	0.10888	0.01762	0.20685	0.02118	0.05147	0.16735	0.03312	0.01099	0.01812	0.00873	0.01127	0.00679	0.00492	0.00453	0.00162	0.00633	0.00409	0.00282	0.00628
33	0.01082	0.02474	0.65690	0.05968	0.07358	0.01232	0.05587	0.01654	0.01125	0.01661	0.00957	0.01160	0.00689	0.00499	0.00511	0.00168	0.00773	0.00412	0.00229	0.00771
34	0.01956	0.06513	0.01598	0.01288	0.01621	0.48929	0.01009	0.27072	0.01807	0.01977	0.00965	0.01054	0.00754	0.00570	0.00487	0.00142	0.00807	0.00383	0.00356	0.00713
35	0.01234	0.00836	0.02774	0.00847	0.01057	0.02198	0.00658	0.06092	0.09962	0.15093	0.06140	0.06791	0.03674	0.24287	0.02963	0.00288	0.00490	0.08925	0.00458	0.05231
36	0.01284	0.01219	0.02010	0.09220	0.64827	0.01255	0.01535	0.01714	0.08427	0.01743	0.01100	0.01380	0.00901	0.00499	0.00525	0.00161	0.00614	0.00483	0.00286	0.00817
37	0.01321	0.01202	0.01873	0.09309	0.52807	0.01260	0.01418	0.03573	0.16694	0.03375	0.01254	0.01461	0.00995	0.00534	0.00527	0.00163	0.00587	0.00498	0.00330	0.00818
38	0.00748	0.00540	0.00707	0.00665	0.00790	0.00499	0.00499	0.00998	0.01496	0.02120	0.77844	0.03949	0.04988	0.01081	0.00624	0.00166	0.00249	0.00956	0.00582	0.00499
39	0.01182	0.01231	0.02034	0.01620	0.01768	0.01541	0.21894	0.01389	0.00931	0.01389	0.00798	0.01231	0.00724	0.00793	0.01428	0.00217	0.58468	0.00507	0.00241	0.00616
40	0.01266	0.01506	0.05753	0.05704	0.02729	0.05192	0.66339	0.01698	0.01247	0.01657	0.01047	0.01390	0.00787	0.00456	0.00608	0.00176	0.00882	0.00594	0.00265	0.00705
41	0.01024	0.00962	0.01364	0.01210	0.01240	0.01302	0.00992	0.01161	0.00826	0.01260	0.00963	0.03289	0.00948	0.01859	0.25118	0.00417	0.54749	0.00518	0.00253	0.00543
42	0.00985	0.00493	0.00493	0.00493	0.00616	0.00493	0.00370	0.01232	0.01109	0.01971	0.01725	0.01971	0.01355	0.00616	0.00370	0.00123	0.00246	0.00493	0.84356	0.00493
43	0.01308	0.01256	0.02146	0.03245	0.78123	0.01256	0.01622	0.01622	0.01204	0.01727	0.00994	0.01308	0.00837	0.00471	0.00523	0.00157	0.00628	0.00471	0.00262	0.00837
44	0.06122	0.56641	0.02310	0.00992	0.01393	0.16704	0.00904	0.01767	0.06392	0.01382	0.00848	0.00946	0.00738	0.00490	0.00378	0.00125	0.00621	0.00316	0.00262	0.00671
45	0.00635	0.00494	0.00578	0.00645	0.00743	0.00437	0.00450	0.00746	0.01100	0.01385	0.04020	0.46650	0.37209	0.01512	0.00652	0.00198	0.00289	0.01327	0.00491	0.00437
46	0.02063	0.00947	0.01204	0.00966	0.01339	0.00901	0.00783	0.02587	0.20173	0.57409	0.04350	0.01906	0.01493	0.00682	0.00536	0.00168	0.00436	0.00561	0.00623	0.00872
47	0.01975	0.02520	0.01498	0.01362	0.01634	0.79299	0.01021	0.02111	0.01498	0.01294	0.00817	0.00953	0.00681	0.00545	0.00477	0.00136	0.00953	0.00340	0.00272	0.00613
48	0.00625	0.00536	0.00536	0.00536	0.00714	0.00446	0.00402	0.00759	0.01205	0.01428	0.05355	0.05088	0.77909	0.01339	0.00625	0.00179	0.00268	0.01116	0.00491	0.00446
49	0.00656	0.00541	0.00579	0.00583	0.00751	0.00464	0.00446	0.00812	0.01242	0.01524	0.14061	0.05011	0.63562	0.01316	0.00632	0.00182	0.00281	0.06398	0.00502	0.00456
50	0.01975	0.02520	0.01498	0.01362	0.01634	0.79299	0.01021	0.02111	0.01498	0.01294	0.00817	0.00953	0.00681	0.00545	0.00477	0.00136	0.00953	0.00340	0.00272	0.00613
51	0.02358	0.00922	0.01241	0.00951	0.01361	0.00810	0.00786	0.05439	0.01551	0.75574	0.02054	0.01779	0.01293	0.00654	0.00532	0.00163	0.00455	0.00529	0.00649	0.00900
52	0.00651	0.00465	0.00619	0.00732	0.00768	0.00434	0.00491	0.00752	0.01042	0.01398	0.07608	0.76244	0.03590	0.01620	0.00672	0.00212	0.00303	0.01469	0.00496	0.00434
53	0.00755	0.00566	0.00850	0.00850	0.00944	0.00661	0.00661	0.00944	0.00850	0.01227	0.01416	0.02077	0.01322	0.03965	0.79326	0.00850	0.01416	0.00566	0.00283	0.00472
54	0.00870	0.01149	0.19973	0.00911	0.01202	0.03252	0.00892	0.01206	0.01389	0.01956	0.52646	0.03253	0.03686	0.00939	0.00594	0.00169	0.00415	0.04447	0.00479	0.00572
55	0.01096	0.00940	0.01096	0.00783	0.01253	0.00705	0.00626	0.01331	0.01096	0.01723	0.00940	0.01096	0.00783	0.00392	0.00392	0.00078	0.00392	0.00313	0.00313	0.84653
56	0.00644	0.00460	0.00613	0.00736	0.00767	0.00429	0.00491	0.00736	0.01012	0.01350	0.02914	0.81076	0.03497	0.01656	0.00675	0.00215	0.00307	0.01503	0.00491	0.00429
57	0.01975	0.02520	0.01498	0.01362	0.01634	0.79299	0.01021	0.02111	0.01498	0.01294	0.00817	0.00953	0.00681	0.00545	0.00477	0.00136	0.00953	0.00340	0.00272	0.00613
58	0.00625	0.00536	0.00536	0.00536	0.00714	0.00446	0.00402	0.00759	0.01205	0.01428	0.05355	0.05088	0.77909	0.01339	0.00625	0.00179	0.00268	0.01116	0.00491	0.00446
59	0.00769	0.00513	0.00577	0.00577	0.00577	0.00513	0.00320	0.00769	0.00769	0.01025	0.01666	0.03460	0.01922	0.81421	0.02691	0.00513	0.00513	0.00769	0.00320	0.00320
60	0.00705	0.00539	0.00647	0.00620	0.00763	0.00480	0.00465	0.00914	0.01394	0.01878	0.52479	0.04347	0.30505	0.01171	0.00624	0.00171	0.00256	0.01012	0.00550	0.00480
61	0.22791	0.00930	0.01116	0.00880	0.01269	0.00878	0.00727	0.02324	0.01362	0.59714	0.01753	0.01567	0.01127	0.00614	0.00481	0.00164	0.00440	0.00471	0.00574	0.00819
62	0.00644	0.00460	0.00613	0.00736	0.00767	0.00429	0.00491	0.00736	0.01012	0.01350	0.02914	0.81076	0.03497	0.01656	0.00675	0.00215	0.00307	0.01503	0.00491	0.00429
63	0.00730	0.00530	0.00687	0.00667	0.00783	0.00488	0.00493	0.00954	0.01424	0.01993	0.65229	0.13291	0.08425	0.01163	0.00630	0.00173	0.00257	0.01030	0.00566	0.00488
64	0.85155	0.01022	0.00777	0.00695	0.01022	0.01186	0.00573	0.01554	0.00900	0.02372	0.00736	0.00859	0.00573	0.00491	0.00327	0.00164	0.00409	0.00286	0.00327	0.00573
65	0.00748	0.00540	0.00707	0.00665	0.00790	0.00499	0.00499	0.00998	0.01496	0.02120	0.77844	0.03949	0.04988	0.01081	0.00624	0.00166	0.00249	0.00956	0.00582	0.00499
66	0.00748	0.00540	0.00707	0.00665	0.00790	0.00499	0.00499	0.00998	0.01496	0.02120	0.77844	0.03949	0.04988	0.01081	0.00624	0.00166	0.00249	0.00956	0.00582	0.00499
67	0.00661	0.00537	0.00586	0.00574	0.00736	0.00462	0.00430	0.00829	0.01291	0.01633	0.26830	0.04750	0.56306	0.01262	0.00624	0.00175	0.00262	0.01068	0.00518	0.00462
68	0.00918	0.00459	0.00689	0.00689	0.00689	0.00459	0.00459	0.00689	0.00689	0.00918	0.00918	0.01607	0.00918	0.01837	0.02066	0.84619	0.00459	0.00459	0.00230	0.00230
69	0.01944	0.02383	0.01489	0.01338	0.01622	0.70340	0.01011	0.07014	0.05315	0.01473	0.00913	0.01025	0.00742	0.00559	0.00483	0.00140	0.00902	0.00362	0.00302	0.00643
70	0.01078	0.06652	0.74917	0.01477	0.02242	0.01271	0.01901	0.01670	0.01114	0.01653	0.00938	0.01103	0.00670	0.00500	0.00494	0.00165	0.00771	0.00385	0.00223	0.00776
71	0.18579	0.01424	0.01427	0.01153	0.01511	0.12589	0.05809	0.35452	0.01748	0.05819	0.01133	0.01250	0.00853	0.00892	0.07850	0.00222	0.00693	0.00439	0.00417	0.00740
72	0.01826	0.23504	0.01835	0.01241	0.01561	0.58847	0.00990	0.01971	0.01386	0.01281	0.00795	0.00925	0.00680	0.00520	0.00440	0.00130	0.00851	0.00325	0.00260	0.00630
73	0.01024	0.04152	0.67669	0.01408	0.02095	0.01155	0.01765	0.01570	0.01109	0.01633	0.01177	0.08508	0.00997	0.00634	0.00521	0.00173	0.00725	0.02690	0.00255	0.00738
74	0.00847	0.00581	0.00635	0.00601	0.00803	0.00492	0.00462	0.00997	0.01257	0.10743	0.08497	0.04656	0.63333	0.01246	0.00616	0.00178	0.00294	0.02742	0.00515	0.00504
75	0.01109	0.13687	0.68158	0.01423	0.02159	0.01348	0.01808	0.01662	0.01110	0.01615	0.00919	0.01079	0.00671	0.00495	0.00480	0.00160	0.00751	0.00376	0.00224	0.00767
76	0.00704	0.00501	0.00596	0.00647	0.00692	0.00476	0.00421	0.00770	0.00948	0.01234	0.02761	0.32636	0.14521	0.35571	0.01528	0.00337	0.00396	0.04454	0.00418	0.00388
77	0.01900	0.01426	0.01525	0.01194	0.01598	0.01588	0.00978	0.64780	0.14244	0.03155	0.01408	0.01380	0.01012	0.00648	0.00530	0.00162	0.00556	0.00495	0.00530	0.00889
78	0.01655	0.01351	0.01600	0.01633	0.20409	0.05795	0.01076	0.35370	0.04579	0.04982	0.02558	0.01325	0.00966	0.00563	0.00505	0.00145	0.00568	0.00456	0.00420	0.14044
79	0.01413	0.81739	0.02770	0.00905	0.01357	0.02092	0.00905	0.01583	0.01074	0.01244	0.00735	0.00848	0.00678	0.00452	0.00339	0.00113	0.00565	0.00283	0.00226	0.00678
80	0.72122	0.01003	0.00848	0.00734	0.01074	0.01122	0.00605	0.01715	0.00996	0.14356	0.00949	0.01007	0.00688	0.00516	0.00359	0.00164	0.00415	0.00325	0.00379	0.00624
81	0.01326	0.62252	0.21494	0.01053	0.01587	0.01879	0.01163	0.01605	0.01085	0.01350	0.00788	0.00914	0.00676	0.00465	0.00379	0.00126	0.00619	0.00309	0.00225	0.00704
82	0.00877	0.00651	0.00925	0.04932	0.10258	0.00623	0.00688	0.01111	0.01361	0.05148	0.47922	0.13801	0.07536	0.01052	0.00610	0.00173	0.00335	0.00937	0.00513	0.00549
83	0.01315	0.01136	0.01195	0.01076	0.01375	0.01315	0.00837	0.02809	0.77168	0.02211	0.02152	0.01972	0.01614	0.00717	0.00538	0.00179	0.00418	0.00598	0.00538	0.00837
84	0.00644	0.00460	0.00613	0.00736	0.00767	0.00429	0.00491	0.00736	0.01012	0.01350	0.02914	0.81076	0.03497	0.01656	0.00675	0.00215	0.00307	0.01503	0.00491	0.00429
85	0.01097	0.01043	0.01753	0.53926	0.25608	0.01218	0.01500	0.01428	0.01090	0.01459	0.00945	0.01368	0.00744	0.00529	0.00580	0.00173	0.04166	0.00470	0.00243	0.00661
86	0.01966	0.02369	0.01522	0.01382	0.03163	0.68391	0.01031	0.11040	0.01611	0.01548	0.00875	0.00998	0.00710	0.00554	0.00484	0.00139	0.00902	0.00359	0.00303	0.00652
87	0.00769	0.00513	0.00577	0.00577	0.00577	0.00513	0.00320	0.00769	0.00769	0.01025	0.01666	0.03460	0.01922	0.81421	0.02691	0.00513	0.00513	0.00769	0.00320	0.00320
88	0.00644	0.00460	0.00613	0.00736	0.00767	0.00429	0.00491	0.00736	0.01012	0.01350	0.02914	0.81076	0.03497	0.01656	0.00675	0.00215	0.00307	0.01503	0.00491	0.00429
89	0.01658	0.02014	0.01446	0.01298	0.01495	0.53415	0.01002	0.01789	0.01303	0.01300	0.01174	0.01356	0.07269	0.00706	0.00800	0.00163	0.20504	0.00437	0.00281	0.00590
90	0.00755	0.00566	0.00850	0.00850	0.00944	0.00661	0.00661	0.00944	0.00850	0.01227	0.01416	0.02077	0.01322	0.03965	0.79326	0.00850	0.01416	0.00566	0.00283	0.00472
91	0.00998	0.00940	0.01586	0.80150	0.03641	0.01175	0.01468	0.01351	0.01057	0.01351	0.00940	0.01409	0.00705	0.00529	0.00529	0.00176	0.00705	0.00470	0.00235	0.00587
92	0.01402	0.01245	0.03328	0.28113	0.29988	0.01338	0.01401	0.22971	0.01521	0.02062	0.01054	0.01327	0.00808	0.00538	0.00526	0.00164	0.00643	0.00470	0.00329	0.00771
93	0.01356	0.01228	0.01614	0.01991	0.33367	0.02850	0.01175	0.05515	0.40757	0.02040	0.01605	0.01645	0.01241	0.00608	0.00530	0.00168	0.00523	0.00535	0.00417	0.00835
94	0.01219	0.01103	0.01684	0.02294	0.46066	0.01153	0.01261	0.03211	0.16823	0.01814	0.05138	0.01767	0.01309	0.00997	0.10023	0.00247	0.00657	0.02115	0.00347	0.00770
95	0.00644	0.00460	0.00613	0.00736	0.00767	0.00429	0.00491	0.00736	0.01012	0.01350	0.02914	0.81076	0.03497	0.01656	0.00675	0.00215	0.00307	0.01503	0.00491	0.00429
96	0.00728	0.00539	0.00681	0.00659	0.00789	0.00492	0.00497	0.00952	0.01417	0.01953	0.59762	0.07270	0.16928	0.01162	0.00630	0.00173	0.00265	0.04057	0.00559	0.00487
97	0.00943	0.00824	0.01337	0.03563	0.29329	0.00806	0.04685	0.01165	0.01172	0.01627	0.13936	0.33787	0.02558	0.01044	0.00605	0.00183	0.00454	0.00970	0.00404	0.00608
98	0.01288	0.50813	0.28620	0.01226	0.05481	0.01756	0.01298	0.01616	0.01095	0.01414	0.00821	0.00962	0.00683	0.00470	0.00404	0.00134	0.00642	0.00329	0.00227	0.00721
99	0.01137	0.01125	0.01568	0.01348	0.01348	0.01564	0.01115	0.01247	0.00808	0.01260	0.00742	0.01271	0.00755	0.04917	0.01782	0.00245	0.76489	0.00478	0.00236	0.00566
100	0.01178	0.00937	0.01105	0.00793	0.01259	0.00709	0.00636	0.01411	0.01123	0.06618	0.01013	0.01141	0.00817	0.00408	0.00400	0.00084	0.00395	0.00327	0.00335	0.79311
101	0.01975	0.02520	0.01498	0.01362	0.01634	0.79299	0.01021	0.02111	0.01498	0.01294	0.00817	0.00953	0.00681	0.00545	0.00477	0.00136	0.00953	0.00340	0.00272	0.00613
102	0.01413	0.81739	0.02770	0.00905	0.01357	0.02092	0.00905	0.01583	0.01074	0.01244	0.00735	0.00848	0.00678	0.00452	0.00339	0.00113	0.00565	0.00283	0.00226	0.00678
103	0.01977	0.02445	0.01505	0.01351	0.01635	0.73693	0.01020	0.07470	0.01569	0.01441	0.00850	0.00976	0.00697	0.00551	0.00480	0.00138	0.00927	0.00350	0.00291	0.00634
104	0.02372	0.00900	0.01227	0.00941	0.01350	0.00777	0.00777	0.02576	0.01513	0.78489	0.02086	0.01799	0.01309	0.00654	0.00532	0.00164	0.00450	0.00532	0.00654	0.00900
105	0.01248	0.01426	0.03119	0.02228	0.02763	0.01337	0.76203	0.01693	0.01248	0.01693	0.01070	0.01426	0.00802	0.00446	0.00624	0.00178	0.00891	0.00624	0.00267	0.00713
106	0.00644	0.00460	0.00613	0.00736	0.00767	0.00429	0.00491	0.00736	0.01012	0.01350	0.02914	0.81076	0.03497	0.01656	0.00675	0.00215	0.00307	0.01503	0.00491	0.00429
107	0.00675	0.00473	0.00604	0.00697	0.00720	0.00450	0.00449	0.00744	0.00952	0.01269	0.02606	0.61931	0.03108	0.21331	0.01172	0.00288	0.00357	0.01322	0.00449	0.00402
108	0.01315	0.01136	0.01195	0.01076	0.01375	0.01315	0.00837	0.02809	0.77168	0.02211	0.02152	0.01972	0.01614	0.00717	0.00538	0.00179	0.00418	0.00598	0.00538	0.00837
109	0.11387	0.01212	0.01953	0.06752	0.65148	0.01244	0.01488	0.01601	0.01160	0.01786	0.00961	0.01259	0.00799	0.00476	0.00500	0.00159	0.00605	0.00449	0.00268	0.00793
110	0.01002	0.02389	0.66393	0.01365	0.02047	0.01109	0.01717	0.01550	0.01155	0.01694	0.07823	0.01644	0.06613	0.00612	0.00521	0.00168	0.00699	0.00491	0.00273	0.00733
