[name]
unknown

[dist]
# distance from previous block
# <min> <max>
14	63

[block]
# block no. 0 follows, 50 sequences, length 60
# corresponding to MSA columns:
# 66-125
name=unknown_A
#
# <colnr> <probs for GDERKNQSTAVLIFYWHMCP>
#	G	D	E	R	K	N	Q	S	T	A	V	L	I	F	Y	W	H	M	C	P
0	0.03925	0.02528	0.01328	0.01022	0.01368	0.00993	0.09960	0.17394	0.10766	0.08702	0.05889	0.10747	0.01415	0.00660	0.00491	0.00142	0.00458	0.00575	0.00418	0.21217
1	0.01170	0.01051	0.01761	0.14082	0.45711	0.01067	0.06198	0.01470	0.02491	0.05340	0.01145	0.07922	0.01005	0.00557	0.00522	0.00154	0.01749	0.00529	0.00286	0.05789
2	0.01333	0.28261	0.32543	0.01211	0.01737	0.11221	0.04084	0.11239	0.01252	0.01602	0.00857	0.00981	0.00667	0.00477	0.00428	0.00137	0.00671	0.00348	0.00255	0.00698
3	0.01787	0.01028	0.01355	0.03180	0.03058	0.01029	0.06331	0.23101	0.07592	0.35788	0.07526	0.03186	0.01393	0.00644	0.00516	0.00156	0.00479	0.00543	0.00523	0.00785
4	0.00715	0.00523	0.00745	0.00745	0.00814	0.00592	0.00553	0.00854	0.00784	0.01115	0.01387	0.02244	0.01370	0.20993	0.63422	0.00731	0.01148	0.00576	0.00275	0.00414
5	0.00664	0.00503	0.00617	0.00669	0.00756	0.00475	0.00471	0.00872	0.06239	0.01469	0.16661	0.48860	0.17188	0.01352	0.00610	0.00186	0.00280	0.01202	0.00481	0.00445
6	0.06494	0.01803	0.41757	0.01129	0.01613	0.05763	0.01257	0.05864	0.05638	0.01810	0.18875	0.01752	0.02894	0.00631	0.00493	0.00156	0.00571	0.00508	0.00334	0.00658
7	0.22974	0.00908	0.01071	0.00844	0.01212	0.00875	0.00697	0.06508	0.01336	0.56127	0.01607	0.01448	0.01040	0.00578	0.00453	0.00154	0.00422	0.00441	0.00534	0.00772
8	0.01102	0.00661	0.00826	0.00729	0.00931	0.00632	0.00565	0.01486	0.12256	0.18651	0.46747	0.03097	0.08477	0.00901	0.00558	0.00159	0.00299	0.00778	0.00552	0.00593
9	0.01070	0.01424	0.19894	0.42766	0.07627	0.06434	0.01403	0.01571	0.10129	0.01459	0.01018	0.01291	0.00764	0.00511	0.00490	0.00161	0.00661	0.00432	0.00256	0.00641
10	0.00742	0.00638	0.00651	0.00625	0.00820	0.00613	0.00475	0.01169	0.19299	0.01520	0.04340	0.04107	0.60935	0.01125	0.00570	0.00168	0.00286	0.00937	0.00473	0.00507
11	0.00653	0.00448	0.00576	0.00664	0.00714	0.00427	0.00455	0.00765	0.00964	0.01339	0.02628	0.63332	0.06564	0.01573	0.05927	0.00230	0.00350	0.01225	0.10749	0.00416
12	0.00606	0.00439	0.00573	0.00681	0.00719	0.00406	0.00457	0.00696	0.00967	0.01278	0.02910	0.76677	0.08672	0.01540	0.00633	0.00200	0.00287	0.01391	0.00463	0.00406
13	0.00871	0.00744	0.01162	0.25191	0.16010	0.00791	0.00938	0.01143	0.01225	0.01696	0.39518	0.04425	0.02742	0.00771	0.00545	0.00159	0.00430	0.00693	0.00393	0.00552
14	0.00613	0.00438	0.00585	0.00701	0.00732	0.00410	0.00473	0.00704	0.00960	0.01279	0.02744	0.79921	0.03284	0.01556	0.00638	0.00203	0.00294	0.03596	0.00463	0.00406
15	0.00610	0.00440	0.00580	0.00690	0.00727	0.00409	0.00466	0.00702	0.00967	0.01280	0.02855	0.76877	0.06914	0.01543	0.00635	0.00201	0.00291	0.02943	0.00463	0.00407
16	0.01247	0.31877	0.36574	0.01296	0.06909	0.06569	0.01348	0.06129	0.01144	0.01503	0.00833	0.00970	0.00659	0.00464	0.00418	0.00136	0.00651	0.00338	0.00234	0.00701
17	0.01844	0.02341	0.01430	0.01336	0.03815	0.78165	0.00980	0.01977	0.01404	0.01232	0.00775	0.00909	0.00646	0.00512	0.00451	0.00129	0.00890	0.00325	0.00257	0.00584
18	0.00634	0.00507	0.00567	0.00552	0.00701	0.00440	0.00414	0.00802	0.01242	0.01597	0.33479	0.04385	0.50585	0.01169	0.00589	0.00164	0.00246	0.00994	0.00496	0.00440
19	0.00604	0.00476	0.00545	0.00590	0.00698	0.00417	0.00419	0.00720	0.01078	0.01355	0.08538	0.36530	0.43525	0.01371	0.00608	0.00182	0.00267	0.01193	0.00468	0.00417
20	0.03583	0.11419	0.01586	0.20065	0.08467	0.14396	0.01046	0.16476	0.05338	0.11299	0.01093	0.01218	0.00814	0.00529	0.00464	0.00146	0.00608	0.00411	0.00347	0.00693
21	0.01291	0.04428	0.24750	0.01534	0.01995	0.20888	0.25079	0.03472	0.01184	0.01479	0.00916	0.01171	0.00720	0.02023	0.03191	0.00181	0.04361	0.00439	0.00246	0.00651
22	0.01034	0.00886	0.01034	0.00738	0.01181	0.00664	0.00591	0.01255	0.01034	0.01624	0.00886	0.01034	0.00738	0.00369	0.00369	0.00074	0.00369	0.00295	0.00295	0.85530
23	0.03587	0.04913	0.10190	0.11157	0.02056	0.16300	0.21650	0.07883	0.06547	0.04977	0.01022	0.01215	0.00775	0.00519	0.00560	0.00157	0.05082	0.00450	0.00296	0.00665
24	0.01590	0.12943	0.20038	0.01260	0.01652	0.51545	0.01155	0.01828	0.01275	0.01298	0.00790	0.00922	0.00639	0.00493	0.00438	0.00132	0.00813	0.00325	0.00240	0.00623
25	0.03918	0.01418	0.23874	0.01121	0.03370	0.02876	0.02587	0.10172	0.04690	0.14825	0.04706	0.12346	0.01343	0.00696	0.00538	0.00158	0.03280	0.00572	0.00385	0.07126
26	0.01215	0.01160	0.01976	0.04348	0.75623	0.01164	0.01505	0.01510	0.01133	0.01618	0.00990	0.01372	0.00852	0.00474	0.00500	0.00151	0.00589	0.02793	0.00253	0.00775
27	0.00717	0.00516	0.00709	0.00709	0.00766	0.00573	0.00508	0.00831	0.00774	0.01089	0.01420	0.02427	0.01450	0.32053	0.52471	0.00687	0.01029	0.00603	0.00280	0.00394
28	0.00941	0.00886	0.01495	0.81285	0.03433	0.01107	0.01384	0.01274	0.00997	0.01274	0.00886	0.01329	0.00664	0.00498	0.00498	0.00166	0.00664	0.00443	0.00221	0.00554
29	0.01253	0.01119	0.01326	0.06743	0.15604	0.03449	0.00967	0.05668	0.52146	0.01956	0.01742	0.01713	0.02828	0.00626	0.00504	0.00163	0.00467	0.00532	0.00433	0.00763
30	0.00652	0.00501	0.00555	0.00546	0.00659	0.00449	0.00383	0.00775	0.01104	0.01418	0.22966	0.04144	0.41098	0.21348	0.01072	0.00244	0.00305	0.00933	0.00445	0.00404
31	0.01037	0.00996	0.01625	0.57984	0.22172	0.02770	0.01403	0.01350	0.01033	0.01358	0.00890	0.01290	0.00695	0.00496	0.00528	0.00162	0.02929	0.00441	0.00228	0.00612
32	0.00784	0.00653	0.00954	0.06304	0.15410	0.00643	0.01868	0.02170	0.02248	0.01409	0.03624	0.44365	0.14204	0.01186	0.00589	0.00183	0.00379	0.02115	0.00407	0.00506
33	0.01199	0.16710	0.46464	0.01234	0.01816	0.01362	0.01421	0.10947	0.11002	0.01759	0.01038	0.01126	0.00772	0.00506	0.00453	0.00149	0.00634	0.00384	0.00284	0.00739
34	0.01862	0.02376	0.01413	0.01284	0.01541	0.80482	0.00963	0.01990	0.01413	0.01220	0.00770	0.00899	0.00642	0.00514	0.00449	0.00128	0.00899	0.00321	0.00257	0.00578
35	0.01172	0.01134	0.01921	0.02299	0.46315	0.01063	0.13998	0.01470	0.01116	0.01622	0.00936	0.01200	0.00771	0.00421	0.00477	0.00132	0.00576	0.00430	0.00260	0.22688
36	0.01577	0.01069	0.01361	0.11418	0.11094	0.01149	0.00971	0.16826	0.25305	0.21495	0.01575	0.01547	0.01122	0.00596	0.00501	0.00159	0.00490	0.00496	0.00465	0.00785
37	0.00589	0.00505	0.00505	0.00505	0.00673	0.00421	0.00379	0.00715	0.01136	0.01347	0.05049	0.04797	0.79171	0.01262	0.00589	0.00168	0.00252	0.01052	0.00463	0.00421
38	0.01307	0.01106	0.01752	0.13257	0.49625	0.01146	0.01342	0.10450	0.01277	0.06756	0.01140	0.01565	0.00946	0.00543	0.00508	0.00157	0.00577	0.05489	0.00311	0.00746
39	0.01180	0.02401	0.60470	0.01480	0.06468	0.11560	0.01655	0.06188	0.01182	0.01628	0.00899	0.01051	0.00655	0.00485	0.00473	0.00153	0.00738	0.00371	0.00236	0.00726
40	0.01198	0.06880	0.16186	0.02615	0.60161	0.01232	0.01541	0.01536	0.01112	0.01589	0.00913	0.01172	0.00751	0.00448	0.00478	0.00147	0.00614	0.00419	0.00238	0.00770
41	0.00607	0.00434	0.00578	0.00694	0.00723	0.00405	0.00463	0.00694	0.00954	0.01272	0.02747	0.82157	0.03297	0.01562	0.00636	0.00202	0.00289	0.01417	0.00463	0.00405
42	0.00607	0.00434	0.00578	0.00694	0.00723	0.00405	0.00463	0.00694	0.00954	0.01272	0.02747	0.82157	0.03297	0.01562	0.00636	0.00202	0.00289	0.01417	0.00463	0.00405
43	0.01750	0.01234	0.01353	0.01063	0.01428	0.01341	0.00868	0.54177	0.12110	0.10407	0.06371	0.01491	0.01219	0.00633	0.00503	0.00152	0.00493	0.00495	0.00511	0.02401
44	0.00705	0.00477	0.00627	0.00666	0.00744	0.00443	0.00470	0.00859	0.01153	0.03919	0.33155	0.45982	0.03734	0.01287	0.00604	0.00180	0.00270	0.01155	0.03125	0.00446
45	0.01332	0.20752	0.13299	0.01063	0.03069	0.07330	0.05072	0.05910	0.01206	0.09665	0.05169	0.01214	0.00964	0.00487	0.00426	0.00122	0.00543	0.00383	0.00315	0.21678
46	0.83620	0.03267	0.00785	0.00661	0.00973	0.01142	0.00549	0.01466	0.00853	0.02206	0.00694	0.00809	0.00543	0.00462	0.00309	0.00153	0.00390	0.00270	0.00306	0.00543
47	0.00935	0.00625	0.00751	0.00767	0.00912	0.00635	0.00635	0.09550	0.01230	0.01731	0.02363	0.03935	0.08823	0.05450	0.00669	0.00199	0.00392	0.37014	0.22893	0.00492
48	0.03293	0.10512	0.36034	0.02910	0.18765	0.05486	0.01420	0.03975	0.01157	0.07227	0.02888	0.01225	0.01958	0.00503	0.00464	0.00148	0.00635	0.00405	0.00274	0.00722
49	0.01258	0.01301	0.10406	0.15864	0.08314	0.01131	0.36297	0.02857	0.01172	0.11254	0.01086	0.01331	0.00789	0.00467	0.00532	0.00159	0.00703	0.00503	0.00293	0.04284
50	0.00614	0.00437	0.00576	0.00685	0.00713	0.00409	0.00453	0.00696	0.00941	0.01255	0.02680	0.77633	0.03212	0.06202	0.00745	0.00219	0.00300	0.01377	0.00453	0.00399
51	0.00660	0.00474	0.00625	0.00726	0.00781	0.00450	0.00527	0.00777	0.00996	0.01309	0.02784	0.54491	0.07644	0.06690	0.00768	0.00225	0.00339	0.18871	0.00452	0.00412
52	0.01012	0.12796	0.05747	0.00976	0.05290	0.10325	0.00749	0.02812	0.05153	0.02493	0.11415	0.32537	0.03508	0.01032	0.01741	0.00174	0.00461	0.00847	0.00389	0.00543
53	0.03176	0.11380	0.05881	0.00958	0.01344	0.01036	0.00849	0.08286	0.01376	0.52924	0.01579	0.01454	0.01046	0.00597	0.00546	0.00152	0.05669	0.00452	0.00503	0.00792
54	0.00723	0.00591	0.00624	0.00611	0.00783	0.00547	0.00462	0.05972	0.05826	0.01505	0.04274	0.13798	0.58234	0.01222	0.00586	0.00173	0.00290	0.02841	0.00468	0.00470
55	0.86003	0.00964	0.00733	0.00655	0.00964	0.01118	0.00540	0.01465	0.00848	0.02236	0.00694	0.00810	0.00540	0.00463	0.00308	0.00154	0.00386	0.00270	0.00308	0.00540
56	0.00724	0.00486	0.00558	0.00558	0.00563	0.00491	0.00320	0.00734	0.00729	0.00977	0.01557	0.03187	0.01780	0.77987	0.06988	0.00501	0.00532	0.00714	0.00300	0.00310
57	0.00946	0.01301	0.22255	0.05242	0.15882	0.00902	0.09371	0.01299	0.02093	0.02622	0.14888	0.03350	0.16294	0.00723	0.00535	0.00160	0.00528	0.00646	0.00339	0.00624
58	0.00904	0.01221	0.19683	0.36196	0.02296	0.02465	0.01233	0.01228	0.01035	0.01393	0.06575	0.11099	0.06268	0.00724	0.00588	0.00170	0.05466	0.00607	0.00285	0.00565
59	0.01613	0.11443	0.01387	0.00989	0.01314	0.06443	0.01906	0.19175	0.15169	0.21444	0.03874	0.07104	0.01385	0.00697	0.00496	0.00155	0.00485	0.03715	0.00471	0.00733

[dist]
# distance from previous block
# <min> <max>
0	2

[block]
# block no. 1 follows, 50 sequences, length 8
# corresponding to MSA columns:
# 128-135
name=unknown_B
#
# <colnr> <probs for GDERKNQSTAVLIFYWHMCP>
#	G	D	E	R	K	N	Q	S	T	A	V	L	I	F	Y	W	H	M	C	P
0	0.10202	0.06597	0.01420	0.01095	0.01419	0.24690	0.02786	0.23322	0.03903	0.12795	0.03371	0.01208	0.00920	0.00572	0.00501	0.00146	0.03556	0.00409	0.00392	0.00696
1	0.24816	0.09674	0.11346	0.01013	0.01374	0.21498	0.00905	0.08324	0.10336	0.01815	0.01100	0.01166	0.03615	0.00540	0.00417	0.00145	0.00587	0.00374	0.00319	0.00636
2	0.01270	0.01724	0.36777	0.01214	0.01722	0.01114	0.04571	0.07719	0.19718	0.11683	0.06338	0.01521	0.01203	0.00582	0.00499	0.00160	0.00574	0.00481	0.00378	0.00752
3	0.00688	0.00497	0.00684	0.00714	0.00767	0.00535	0.00507	0.00802	0.00822	0.01142	0.01751	0.22748	0.01902	0.21531	0.41936	0.00574	0.00869	0.00804	0.00325	0.00401
4	0.01095	0.00925	0.01036	0.01008	0.04987	0.01025	0.00735	0.04323	0.51151	0.01961	0.11206	0.08509	0.08263	0.00819	0.00532	0.00169	0.00371	0.00699	0.00492	0.00694
5	0.00622	0.00453	0.00586	0.00665	0.00722	0.00417	0.00456	0.00737	0.01047	0.01399	0.15531	0.61884	0.10755	0.01444	0.00624	0.00192	0.00277	0.01297	0.00477	0.00417
6	0.01080	0.00921	0.01133	0.12561	0.01536	0.00791	0.00732	0.06586	0.01119	0.01679	0.00908	0.01088	0.00735	0.00404	0.00397	0.00093	0.00425	0.00328	0.00299	0.67185
7	0.03988	0.01286	0.06196	0.13003	0.04716	0.06289	0.10271	0.23801	0.08896	0.05079	0.02843	0.05309	0.01047	0.00593	0.00502	0.00155	0.00584	0.00509	0.00376	0.04557

[dist]
# distance from previous block
# <min> <max>
0	2

[block]
# block no. 2 follows, 50 sequences, length 28
# corresponding to MSA columns:
# 138-165
name=unknown_C
#
# <colnr> <probs for GDERKNQSTAVLIFYWHMCP>
#	G	D	E	R	K	N	Q	S	T	A	V	L	I	F	Y	W	H	M	C	P
0	0.03374	0.16232	0.26989	0.01104	0.01508	0.20321	0.01120	0.01477	0.01124	0.01383	0.01353	0.11476	0.04853	0.00699	0.00474	0.00152	0.00636	0.04839	0.00282	0.00604
1	0.20510	0.00701	0.00781	0.00694	0.00901	0.00710	0.00543	0.03772	0.03872	0.11226	0.46981	0.02673	0.03110	0.00819	0.00508	0.00156	0.00307	0.00684	0.00499	0.00553
2	0.01187	0.00892	0.01024	0.00850	0.01115	0.00891	0.00667	0.29303	0.01614	0.02236	0.23939	0.15067	0.02342	0.00836	0.00524	0.00147	0.00384	0.00710	0.00471	0.15803
3	0.00622	0.00462	0.00585	0.00676	0.00742	0.00424	0.00478	0.00731	0.01011	0.01309	0.03220	0.58559	0.19188	0.01481	0.00631	0.00198	0.00298	0.08508	0.00462	0.00413
4	0.01557	0.04326	0.10425	0.01516	0.05593	0.01206	0.27039	0.19220	0.01475	0.19321	0.01266	0.02646	0.00909	0.00531	0.00522	0.00157	0.00638	0.00508	0.00387	0.00759
5	0.01224	0.01275	0.01914	0.13209	0.26417	0.11884	0.20365	0.03597	0.03535	0.01584	0.06470	0.04035	0.01121	0.00542	0.00524	0.00156	0.00664	0.00530	0.00289	0.00665
6	0.00622	0.00475	0.00572	0.00614	0.00711	0.00425	0.00435	0.00755	0.01116	0.01456	0.20130	0.38476	0.29732	0.01341	0.00609	0.00181	0.00265	0.01179	0.00481	0.00425
7	0.01112	0.01135	0.02155	0.30042	0.26397	0.01184	0.27686	0.01463	0.01101	0.01494	0.00944	0.01305	0.00734	0.00455	0.00528	0.00161	0.00703	0.00493	0.00240	0.00667
8	0.01272	0.01364	0.09477	0.12112	0.29573	0.09236	0.09064	0.07637	0.01223	0.04463	0.01038	0.01357	0.00835	0.00756	0.06853	0.00205	0.00719	0.01841	0.00281	0.00694
9	0.00712	0.00534	0.00801	0.00801	0.00890	0.00623	0.00623	0.00890	0.00801	0.01157	0.01335	0.01958	0.01246	0.03738	0.80507	0.00801	0.01335	0.00534	0.00267	0.00445
10	0.00934	0.00864	0.01438	0.70556	0.04586	0.01065	0.01322	0.01251	0.01004	0.01294	0.01030	0.01675	0.00852	0.00633	0.01986	0.00183	0.02092	0.06444	0.00242	0.00549
11	0.01252	0.63370	0.21319	0.00990	0.01492	0.01775	0.01092	0.01513	0.01022	0.01271	0.00742	0.00861	0.00638	0.00438	0.00357	0.00119	0.00582	0.00291	0.00213	0.00663
12	0.01291	0.00634	0.00822	0.00710	0.00900	0.00583	0.00532	0.01435	0.01167	0.31432	0.17756	0.02752	0.07199	0.22880	0.07420	0.00295	0.00462	0.00681	0.00481	0.00565
13	0.00617	0.00459	0.00579	0.00656	0.00718	0.00429	0.00451	0.00715	0.00970	0.01265	0.03064	0.56093	0.18922	0.05295	0.07052	0.00255	0.00373	0.01240	0.00440	0.00407
14	0.01253	0.01249	0.07811	0.05173	0.05372	0.04539	0.13059	0.16395	0.01291	0.04410	0.04121	0.01624	0.06208	0.03252	0.03992	0.00206	0.18550	0.00526	0.00328	0.00641
15	0.01145	0.01984	0.42870	0.01970	0.28312	0.05724	0.03912	0.01637	0.04812	0.01600	0.00960	0.01153	0.00732	0.00474	0.00484	0.00154	0.00684	0.00407	0.00241	0.00746
16	0.00955	0.00912	0.01578	0.76742	0.03386	0.01116	0.05754	0.01292	0.01007	0.01292	0.00893	0.01330	0.00670	0.00494	0.00503	0.00166	0.00675	0.00451	0.00223	0.00561
17	0.00915	0.00828	0.01361	0.45309	0.17043	0.00943	0.01180	0.01181	0.01018	0.01348	0.01383	0.20000	0.01367	0.00762	0.00536	0.00173	0.00558	0.03246	0.00290	0.00561
18	0.01201	0.07745	0.49397	0.01491	0.10397	0.02400	0.01535	0.10163	0.06293	0.03287	0.01013	0.01134	0.00744	0.00498	0.00470	0.00153	0.00659	0.00393	0.00275	0.00751
19	0.01289	0.07198	0.01010	0.00799	0.01005	0.00760	0.00616	0.06097	0.04632	0.25325	0.03102	0.28183	0.01959	0.09139	0.06305	0.00244	0.00461	0.00812	0.00466	0.00597
20	0.00878	0.00537	0.00693	0.00662	0.00746	0.00529	0.00477	0.06848	0.01002	0.01342	0.13056	0.02478	0.14571	0.01411	0.01321	0.46923	0.00377	0.02560	0.03237	0.00352
21	0.00886	0.07311	0.04970	0.05957	0.20026	0.00832	0.00900	0.01120	0.03597	0.01406	0.01957	0.39310	0.03300	0.01044	0.00559	0.00177	0.00437	0.05287	0.00366	0.00557
22	0.01592	0.03308	0.03814	0.04950	0.08522	0.42428	0.01024	0.13325	0.01450	0.01623	0.07069	0.01233	0.01010	0.00580	0.00550	0.00144	0.06024	0.00411	0.00310	0.00632
23	0.29488	0.12877	0.01254	0.07231	0.01340	0.05781	0.00729	0.02926	0.01022	0.05464	0.00837	0.00978	0.00669	0.00462	0.00412	0.00126	0.03420	0.00314	0.00296	0.24374
24	0.04303	0.01059	0.01233	0.01126	0.09225	0.04704	0.00810	0.10483	0.11096	0.14678	0.01313	0.01364	0.02332	0.00609	0.02371	0.00146	0.03885	0.00421	0.00391	0.28451
25	0.01263	0.01105	0.03966	0.01382	0.12816	0.04735	0.09775	0.12961	0.08363	0.07196	0.10751	0.06208	0.03083	0.00708	0.00549	0.00158	0.01956	0.05557	0.00402	0.07066
26	0.01231	0.06556	0.10893	0.03484	0.01460	0.05552	0.05326	0.04856	0.03188	0.09887	0.11000	0.01576	0.01328	0.00595	0.00576	0.00139	0.08113	0.01933	0.00349	0.21959
27	0.01237	0.12911	0.06420	0.03851	0.27236	0.04960	0.01080	0.06617	0.07978	0.05026	0.01421	0.11391	0.04004	0.00653	0.00485	0.00150	0.00525	0.00560	0.00331	0.03164

[dist]
# distance from previous block
# <min> <max>
12	67

[block]
# block no. 3 follows, 50 sequences, length 75
# corresponding to MSA columns:
# 236-310
name=unknown_D
#
# <colnr> <probs for GDERKNQSTAVLIFYWHMCP>
#	G	D	E	R	K	N	Q	S	T	A	V	L	I	F	Y	W	H	M	C	P
0	0.04451	0.00673	0.00843	0.10689	0.02465	0.00666	0.00627	0.02885	0.04246	0.06077	0.05853	0.22728	0.05717	0.04279	0.00580	0.00166	0.00368	0.00746	0.13594	0.12350
1	0.06341	0.04750	0.03347	0.00882	0.05014	0.00772	0.03821	0.01192	0.06731	0.01560	0.17943	0.02344	0.03512	0.21035	0.05271	0.00258	0.00471	0.00598	0.00359	0.13799
2	0.00601	0.00501	0.00525	0.00528	0.00683	0.00424	0.00393	0.00735	0.01150	0.01402	0.11769	0.09646	0.67413	0.01259	0.00592	0.00169	0.00253	0.01061	0.00471	0.00424
3	0.01152	0.01217	0.08090	0.08599	0.41836	0.01128	0.08874	0.04117	0.08259	0.01702	0.06522	0.01578	0.03599	0.00540	0.00513	0.00155	0.00579	0.00514	0.00302	0.00723
4	0.01674	0.00970	0.01165	0.00892	0.01281	0.00897	0.00726	0.16082	0.07765	0.32651	0.03802	0.01472	0.01136	0.00554	0.00463	0.00130	0.00422	0.00445	0.00485	0.26988
5	0.06669	0.08898	0.01459	0.01052	0.01409	0.03800	0.00869	0.52483	0.08110	0.02633	0.01282	0.06803	0.01028	0.00645	0.00479	0.00150	0.00517	0.00494	0.00452	0.00767
6	0.00977	0.00861	0.01343	0.30243	0.21402	0.00937	0.01088	0.03747	0.03775	0.01675	0.25229	0.02114	0.03210	0.00667	0.00527	0.00158	0.00494	0.00599	0.00351	0.00602
7	0.01112	0.01192	0.14002	0.00884	0.01365	0.00809	0.00824	0.04684	0.04302	0.04230	0.00983	0.01099	0.00774	0.00417	0.00402	0.00097	0.00440	0.00332	0.00309	0.61743
8	0.00717	0.00513	0.00696	0.00696	0.00749	0.00566	0.00492	0.00823	0.00770	0.01079	0.01431	0.02489	0.01477	0.35807	0.48754	0.00672	0.00988	0.00612	0.00281	0.00387
9	0.00959	0.00915	0.01596	0.26139	0.14913	0.01007	0.14057	0.01219	0.01010	0.01374	0.01321	0.18834	0.01300	0.00907	0.04760	0.00209	0.07940	0.00683	0.00285	0.00574
10	0.01362	0.04773	0.14772	0.01666	0.04608	0.01162	0.39612	0.01730	0.01186	0.17532	0.02389	0.01370	0.00888	0.00499	0.00583	0.00162	0.04157	0.00516	0.00321	0.00712
11	0.00941	0.00886	0.01495	0.81285	0.03433	0.01107	0.01384	0.01274	0.00997	0.01274	0.00886	0.01329	0.00664	0.00498	0.00498	0.00166	0.00664	0.00443	0.00221	0.00554
12	0.00594	0.00505	0.00512	0.00510	0.00676	0.00423	0.00382	0.00725	0.01147	0.01373	0.08107	0.04753	0.76096	0.01252	0.00589	0.00168	0.00252	0.01046	0.00466	0.00423
13	0.01494	0.01428	0.19986	0.06979	0.04950	0.01140	0.03421	0.14077	0.19127	0.20024	0.01456	0.01446	0.01022	0.00572	0.00498	0.00159	0.00548	0.00472	0.00422	0.00779
14	0.00724	0.00486	0.00560	0.00560	0.00566	0.00492	0.00323	0.00735	0.00730	0.00979	0.01555	0.03178	0.01776	0.77446	0.07524	0.00504	0.00538	0.00713	0.00300	0.00311
15	0.01095	0.00884	0.01040	0.00746	0.01186	0.00668	0.00598	0.01315	0.01054	0.05641	0.00942	0.01068	0.00764	0.00382	0.00376	0.00078	0.00372	0.00306	0.00312	0.81175
16	0.01053	0.00970	0.01582	0.57666	0.12335	0.01121	0.04462	0.06644	0.01116	0.01478	0.00945	0.02414	0.00736	0.00504	0.00497	0.00159	0.00634	0.00455	0.00252	0.04976
17	0.00725	0.00540	0.00675	0.00650	0.00778	0.00510	0.00493	0.00999	0.05300	0.01855	0.58279	0.04968	0.13029	0.03312	0.00645	0.00173	0.00268	0.05803	0.00523	0.00475
18	0.00618	0.00451	0.00582	0.00666	0.00721	0.00415	0.00455	0.00728	0.01032	0.01375	0.12957	0.64047	0.11193	0.01460	0.00625	0.00193	0.00278	0.01313	0.00474	0.00415
19	0.01177	0.01116	0.01796	0.33128	0.02499	0.05960	0.22631	0.03539	0.03293	0.05516	0.01025	0.01320	0.00773	0.00495	0.00543	0.00155	0.03385	0.00470	0.03029	0.08149
20	0.13575	0.01007	0.01035	0.00913	0.01200	0.01129	0.00717	0.07371	0.49153	0.04626	0.01795	0.04084	0.02912	0.00660	0.00471	0.00160	0.00391	0.00531	0.04016	0.04256
21	0.05161	0.01578	0.01368	0.07593	0.04816	0.29498	0.00936	0.21997	0.06019	0.05175	0.01033	0.01127	0.00787	0.00527	0.00459	0.00136	0.00643	0.00386	0.00354	0.10407
22	0.01862	0.02376	0.01413	0.01284	0.01541	0.80482	0.00963	0.01990	0.01413	0.01220	0.00770	0.00899	0.00642	0.00514	0.00449	0.00128	0.00899	0.00321	0.00257	0.00578
23	0.07308	0.01349	0.04683	0.15624	0.04475	0.16092	0.06853	0.09165	0.08944	0.14294	0.02277	0.01321	0.00914	0.00552	0.00513	0.00154	0.02787	0.00442	0.00361	0.01891
24	0.00691	0.00469	0.00554	0.00587	0.00596	0.00461	0.00349	0.00716	0.00791	0.01055	0.01912	0.26126	0.02242	0.59031	0.01986	0.00402	0.00427	0.00925	0.00349	0.00332
25	0.00607	0.00436	0.00576	0.00688	0.00721	0.00405	0.00460	0.00695	0.00960	0.01275	0.02816	0.79860	0.05550	0.01553	0.00635	0.00201	0.00288	0.01406	0.00463	0.00405
26	0.01083	0.01158	0.04825	0.22069	0.05735	0.01112	0.42389	0.01441	0.01116	0.03644	0.01272	0.06516	0.04139	0.00554	0.00558	0.00168	0.00712	0.00606	0.00275	0.00627
27	0.01548	0.01343	0.02133	0.01571	0.02013	0.01378	0.36076	0.37448	0.04924	0.04680	0.01168	0.01307	0.00845	0.00520	0.00540	0.00159	0.00672	0.00519	0.00389	0.00765
28	0.00615	0.00443	0.00584	0.00687	0.00727	0.00412	0.00465	0.00713	0.00989	0.01317	0.06768	0.73633	0.06493	0.01518	0.00633	0.00199	0.00288	0.02640	0.00467	0.00410
29	0.01000	0.02578	0.79900	0.01421	0.02157	0.01158	0.01842	0.01579	0.01052	0.01579	0.00895	0.01052	0.00631	0.00474	0.00474	0.00158	0.00737	0.00368	0.00210	0.00737
30	0.00748	0.00622	0.01007	0.01005	0.04260	0.00590	0.11988	0.02429	0.01015	0.01363	0.02343	0.62490	0.02715	0.04046	0.00684	0.00203	0.00396	0.01211	0.00418	0.00466
31	0.00712	0.00562	0.00880	0.00850	0.00942	0.00570	0.08134	0.00851	0.00900	0.01231	0.01978	0.38837	0.02205	0.11744	0.26714	0.00426	0.00705	0.00967	0.00359	0.00432
32	0.01895	0.01396	0.01496	0.01147	0.01546	0.01546	0.00947	0.77711	0.02344	0.03141	0.01197	0.01197	0.00848	0.00598	0.00499	0.00150	0.00548	0.00449	0.00499	0.00848
33	0.01333	0.82783	0.02612	0.00853	0.01279	0.01972	0.00853	0.01493	0.01013	0.01173	0.00693	0.00800	0.00640	0.00426	0.00320	0.00107	0.00533	0.00267	0.00213	0.00640
34	0.01749	0.01107	0.04945	0.01288	0.01706	0.00982	0.23544	0.10580	0.01417	0.40651	0.01591	0.05647	0.01130	0.00599	0.00533	0.00160	0.00567	0.00563	0.00471	0.00769
35	0.00705	0.00510	0.00666	0.00627	0.00745	0.00470	0.00470	0.00941	0.01411	0.01999	0.79110	0.03723	0.04703	0.01019	0.00588	0.00157	0.00235	0.00901	0.00549	0.00470
36	0.00799	0.00571	0.00799	0.00913	0.01027	0.00570	0.00796	0.01026	0.01144	0.01487	0.02641	0.07149	0.02877	0.01381	0.00687	0.00229	0.00456	0.74531	0.00459	0.00458
37	0.01176	0.01345	0.02941	0.02101	0.02605	0.01261	0.77563	0.01597	0.01176	0.01597	0.01008	0.01345	0.00756	0.00420	0.00588	0.00168	0.00840	0.00588	0.00252	0.00672
38	0.00712	0.00534	0.00801	0.00801	0.00890	0.00623	0.00623	0.00890	0.00801	0.01157	0.01335	0.01958	0.01246	0.03738	0.80507	0.00801	0.01335	0.00534	0.00267	0.00445
39	0.01000	0.02578	0.79900	0.01421	0.02157	0.01158	0.01842	0.01579	0.01052	0.01579	0.00895	0.01052	0.00631	0.00474	0.00474	0.00158	0.00737	0.00368	0.00210	0.00737
40	0.01333	0.82783	0.02612	0.00853	0.01279	0.01972	0.00853	0.01493	0.01013	0.01173	0.00693	0.00800	0.00640	0.00426	0.00320	0.00107	0.00533	0.00267	0.00213	0.00640
41	0.01106	0.11897	0.57776	0.02364	0.01954	0.02431	0.03824	0.01581	0.01092	0.05556	0.04218	0.01234	0.00866	0.00509	0.00467	0.00152	0.00676	0.01335	0.00251	0.00709
42	0.01067	0.00861	0.05014	0.01375	0.16604	0.00761	0.08354	0.01322	0.04328	0.12731	0.01988	0.39403	0.02053	0.01004	0.00571	0.00178	0.00448	0.00926	0.00411	0.00603
43	0.00607	0.00434	0.00578	0.00694	0.00723	0.00405	0.00463	0.00694	0.00954	0.01272	0.02747	0.82157	0.03297	0.01562	0.00636	0.00202	0.00289	0.01417	0.00463	0.00405
44	0.00755	0.00649	0.01106	0.01071	0.04347	0.00612	0.15370	0.00926	0.01028	0.01382	0.04617	0.57219	0.02725	0.01271	0.00622	0.00194	0.00414	0.04799	0.00416	0.00477
45	0.01845	0.01067	0.08387	0.01229	0.10835	0.00872	0.02975	0.05949	0.02521	0.51117	0.06638	0.01680	0.01320	0.00604	0.00506	0.00154	0.00477	0.00509	0.00514	0.00801
46	0.03471	0.01137	0.01280	0.01024	0.01355	0.01234	0.00828	0.38137	0.15342	0.19721	0.01505	0.01544	0.01099	0.05863	0.00674	0.00178	0.03831	0.00494	0.00498	0.00784
47	0.69854	0.00942	0.00814	0.00700	0.01023	0.01044	0.00577	0.01651	0.00960	0.17174	0.00939	0.00981	0.00674	0.00492	0.00346	0.00154	0.00393	0.00315	0.00368	0.00599
48	0.00891	0.00805	0.01310	0.51084	0.10691	0.00938	0.01154	0.01175	0.02285	0.01324	0.01387	0.22031	0.01366	0.00768	0.00533	0.00174	0.00556	0.00695	0.00291	0.00544
49	0.01632	0.03570	0.03231	0.01360	0.06590	0.13562	0.12728	0.21220	0.13370	0.13677	0.01318	0.01354	0.00959	0.00555	0.00497	0.00151	0.00605	0.00469	0.02404	0.00749
50	0.00613	0.00448	0.00572	0.00662	0.00713	0.00412	0.00448	0.00710	0.00996	0.01312	0.06862	0.65957	0.13542	0.03396	0.00672	0.00202	0.00286	0.01326	0.00463	0.00408
51	0.00605	0.00508	0.00527	0.00529	0.00693	0.00430	0.00402	0.00742	0.01153	0.01391	0.09325	0.04768	0.71578	0.01253	0.00593	0.00170	0.00260	0.04180	0.00468	0.00425
52	0.01034	0.00886	0.01034	0.00738	0.01181	0.00664	0.00591	0.01255	0.01034	0.01624	0.00886	0.01034	0.00738	0.00369	0.00369	0.00074	0.00369	0.00295	0.00295	0.85530
53	0.00701	0.00565	0.00633	0.00626	0.00775	0.00531	0.00464	0.01006	0.10557	0.01597	0.23857	0.15145	0.39375	0.01170	0.00586	0.00170	0.00270	0.01005	0.00491	0.00476
54	0.01203	0.51671	0.32593	0.01073	0.01620	0.01656	0.01236	0.01526	0.01028	0.01330	0.00771	0.00898	0.00636	0.00445	0.00379	0.00126	0.00612	0.00306	0.00212	0.00677
55	0.01224	0.16658	0.27470	0.04675	0.09558	0.03983	0.01255	0.03625	0.19868	0.03962	0.01197	0.01316	0.00922	0.00534	0.00460	0.00150	0.00586	0.01519	0.00311	0.00726
56	0.00618	0.00438	0.00575	0.00680	0.00706	0.00412	0.00448	0.00697	0.00933	0.01244	0.02637	0.74798	0.03158	0.09109	0.00813	0.00229	0.00307	0.01352	0.00448	0.00395
57	0.01216	0.01077	0.01333	0.04809	0.18680	0.01206	0.00978	0.02305	0.56292	0.01936	0.01754	0.01787	0.01355	0.00634	0.00508	0.00166	0.00451	0.02305	0.00436	0.00772
58	0.01314	0.03415	0.13219	0.01336	0.04278	0.01092	0.17722	0.08737	0.12838	0.13260	0.01523	0.08340	0.01257	0.00674	0.00564	0.00167	0.02991	0.04488	0.02082	0.00703
59	0.01284	0.01332	0.01757	0.18758	0.45911	0.15909	0.01363	0.01585	0.03261	0.01490	0.00952	0.01276	0.00789	0.00489	0.00490	0.00150	0.00657	0.01598	0.00254	0.00696
60	0.02236	0.00848	0.01157	0.00887	0.01272	0.00733	0.00733	0.02429	0.01427	0.79719	0.01966	0.01697	0.01234	0.00617	0.00501	0.00154	0.00424	0.00501	0.00617	0.00848
61	0.01466	0.01167	0.01490	0.01618	0.24445	0.01242	0.01032	0.38888	0.01714	0.03529	0.01645	0.04990	0.10426	0.00682	0.00552	0.00156	0.03237	0.00561	0.00411	0.00750
62	0.02464	0.06215	0.54952	0.01268	0.01877	0.01223	0.01507	0.13310	0.04632	0.01846	0.01017	0.01138	0.00738	0.00505	0.00462	0.00152	0.00650	0.00388	0.04922	0.00733
63	0.01324	0.01285	0.01927	0.03980	0.68032	0.08894	0.01446	0.01601	0.01170	0.04208	0.00955	0.01218	0.00788	0.00458	0.00490	0.00147	0.00617	0.00434	0.00260	0.00767
64	0.00641	0.00480	0.00692	0.00764	0.00818	0.00453	0.03692	0.00750	0.00967	0.01291	0.02632	0.73605	0.03118	0.01567	0.02844	0.00219	0.00348	0.04253	0.00448	0.00419
65	0.00991	0.03159	0.00996	0.18597	0.01499	0.00801	0.00759	0.02585	0.13148	0.09269	0.05764	0.16620	0.18971	0.00949	0.00550	0.00172	0.00410	0.03770	0.00428	0.00564
66	0.05009	0.10432	0.11206	0.09497	0.07389	0.03877	0.23755	0.03234	0.04416	0.13561	0.02179	0.01307	0.00869	0.00494	0.00494	0.00154	0.00645	0.00466	0.00318	0.00696
67	0.00757	0.00498	0.00652	0.00684	0.00757	0.00481	0.00507	0.00814	0.00956	0.02153	0.08042	0.12057	0.14682	0.12909	0.04555	0.20486	0.00424	0.17830	0.00381	0.00372
68	0.01170	0.01294	0.02705	0.05489	0.12408	0.01255	0.61505	0.01558	0.01147	0.01571	0.00980	0.01319	0.00753	0.00445	0.00616	0.00167	0.04134	0.00557	0.00249	0.00677
69	0.01067	0.07166	0.36549	0.20669	0.19485	0.01208	0.01567	0.01522	0.03371	0.01505	0.00923	0.01165	0.00701	0.00476	0.00475	0.00155	0.00664	0.00402	0.00230	0.00700
70	0.00882	0.03146	0.03297	0.09073	0.01363	0.00694	0.10860	0.01077	0.01059	0.06924	0.05449	0.44303	0.02427	0.01136	0.00594	0.00187	0.00439	0.06172	0.00410	0.00509
71	0.00801	0.00611	0.00682	0.00673	0.00828	0.03180	0.01746	0.03025	0.01157	0.06416	0.06194	0.25845	0.41412	0.01244	0.00593	0.00177	0.00321	0.04160	0.00466	0.00468
72	0.03010	0.02966	0.04514	0.01488	0.18668	0.06653	0.05429	0.03980	0.01299	0.33781	0.06750	0.01556	0.01218	0.00587	0.00553	0.00154	0.04593	0.00489	0.01567	0.00745
73	0.05942	0.01341	0.06883	0.01235	0.06267	0.09493	0.05388	0.21741	0.10405	0.21747	0.01412	0.03631	0.01030	0.00595	0.00493	0.00154	0.00554	0.00482	0.00444	0.00763
74	0.42466	0.01226	0.01125	0.01161	0.11883	0.12115	0.00802	0.07022	0.10510	0.05936	0.00998	0.01079	0.00763	0.00510	0.00400	0.00151	0.00499	0.00360	0.00346	0.00646

[dist]
# distance from previous block
# <min> <max>
2	11

[block]
# block no. 4 follows, 50 sequences, length 37
# corresponding to MSA columns:
# 322-348,350-359
name=unknown_E
#
# <colnr> <probs for GDERKNQSTAVLIFYWHMCP>
#	G	D	E	R	K	N	Q	S	T	A	V	L	I	F	Y	W	H	M	C	P
0	0.03114	0.05725	0.49879	0.01394	0.04482	0.02542	0.09431	0.02788	0.02854	0.02880	0.03270	0.01221	0.00836	0.00551	0.01924	0.00164	0.00682	0.00414	0.03122	0.02726
1	0.01212	0.14684	0.07300	0.03658	0.45895	0.01296	0.11800	0.01518	0.01108	0.01540	0.00901	0.01158	0.00745	0.00437	0.00471	0.00141	0.00616	0.00422	0.00242	0.04855
2	0.00986	0.02510	0.77286	0.01391	0.02108	0.01133	0.01793	0.01550	0.01055	0.01571	0.01031	0.01176	0.03217	0.00500	0.00477	0.00158	0.00721	0.00391	0.00219	0.00726
3	0.01025	0.00874	0.01019	0.00733	0.01163	0.00659	0.00582	0.01239	0.01025	0.01605	0.00906	0.01099	0.00770	0.02782	0.00433	0.00086	0.00372	0.00308	0.00296	0.83025
4	0.03188	0.00759	0.00821	0.00699	0.00923	0.00766	0.00545	0.19733	0.01323	0.02048	0.01407	0.06019	0.01164	0.00682	0.00508	0.05728	0.00349	0.00483	0.40176	0.12679
5	0.00779	0.02540	0.11933	0.00778	0.01006	0.00617	0.02233	0.00986	0.01119	0.04713	0.11885	0.21040	0.31574	0.01126	0.00598	0.00175	0.01885	0.04086	0.00429	0.00499
6	0.01057	0.17475	0.17107	0.41949	0.05147	0.01257	0.01322	0.01396	0.01042	0.02987	0.04136	0.01274	0.00838	0.00502	0.00462	0.00151	0.00627	0.00414	0.00240	0.00617
7	0.01312	0.77742	0.07470	0.00889	0.01335	0.01921	0.00915	0.01498	0.01015	0.01198	0.00706	0.00815	0.00639	0.00429	0.00329	0.00110	0.00546	0.00273	0.00213	0.00646
8	0.00620	0.00439	0.00575	0.00678	0.00704	0.00413	0.00445	0.00697	0.00929	0.01239	0.02620	0.73605	0.03136	0.10334	0.00842	0.00233	0.00310	0.01342	0.00445	0.00394
9	0.00610	0.00465	0.00554	0.00616	0.00698	0.00417	0.00425	0.00713	0.01029	0.01316	0.06717	0.47119	0.30919	0.05116	0.00704	0.00201	0.00282	0.01231	0.00459	0.00409
10	0.00619	0.00443	0.00589	0.00686	0.00726	0.00413	0.00464	0.00725	0.01011	0.01363	0.12228	0.72419	0.03471	0.01494	0.00630	0.00197	0.00282	0.01353	0.00473	0.00413
11	0.00884	0.01519	0.39033	0.01017	0.01441	0.00809	0.01140	0.01284	0.01238	0.03603	0.39454	0.02383	0.02651	0.00746	0.00531	0.00157	0.00482	0.00634	0.00387	0.00608
12	0.01000	0.02578	0.79900	0.01421	0.02157	0.01158	0.01842	0.01579	0.01052	0.01579	0.00895	0.01052	0.00631	0.00474	0.00474	0.00158	0.00737	0.00368	0.00210	0.00737
13	0.00607	0.00434	0.00578	0.00694	0.00723	0.00405	0.00463	0.00694	0.00954	0.01272	0.02747	0.82157	0.03297	0.01562	0.00636	0.00202	0.00289	0.01417	0.00463	0.00405
14	0.01120	0.00741	0.00873	0.00779	0.00990	0.00763	0.00604	0.01739	0.26987	0.13106	0.36106	0.02661	0.02869	0.00812	0.00529	0.00157	0.00315	0.00696	0.07525	0.00630
15	0.07451	0.05658	0.05716	0.01080	0.01424	0.37058	0.00892	0.02073	0.01341	0.30773	0.01218	0.01196	0.00857	0.00543	0.00455	0.00140	0.00660	0.00385	0.00391	0.00689
16	0.00866	0.00433	0.00649	0.00649	0.00649	0.00433	0.00433	0.00649	0.00649	0.00866	0.00866	0.01515	0.00866	0.01732	0.01948	0.85498	0.00433	0.00433	0.00216	0.00216
17	0.00725	0.00483	0.00544	0.00544	0.00544	0.00483	0.00302	0.00725	0.00725	0.00966	0.01571	0.03262	0.01812	0.82483	0.02537	0.00483	0.00483	0.00725	0.00302	0.00302
18	0.01377	0.01514	0.01701	0.20020	0.36429	0.27560	0.01308	0.01626	0.01196	0.01413	0.00870	0.01144	0.00712	0.00479	0.00480	0.00146	0.00710	0.00403	0.00244	0.00666
19	0.05224	0.01394	0.01221	0.01053	0.01361	0.22770	0.00824	0.07636	0.31047	0.19873	0.01557	0.01469	0.01127	0.00604	0.00481	0.00153	0.00549	0.00463	0.00455	0.00739
20	0.01126	0.23399	0.37782	0.05919	0.04730	0.01391	0.15948	0.01541	0.01065	0.01459	0.00864	0.01063	0.00665	0.00451	0.00457	0.00146	0.00694	0.00390	0.00221	0.00690
21	0.00725	0.00483	0.00544	0.00544	0.00544	0.00483	0.00302	0.00725	0.00725	0.00966	0.01571	0.03262	0.01812	0.82483	0.02537	0.00483	0.00483	0.00725	0.00302	0.00302
22	0.00725	0.00483	0.00544	0.00544	0.00544	0.00483	0.00302	0.00725	0.00725	0.00966	0.01571	0.03262	0.01812	0.82483	0.02537	0.00483	0.00483	0.00725	0.00302	0.00302
23	0.01113	0.01632	0.30103	0.09905	0.01988	0.01198	0.09965	0.01991	0.33129	0.01758	0.01376	0.01450	0.01018	0.00554	0.00503	0.00165	0.00599	0.00482	0.00339	0.00731
24	0.00866	0.00433	0.00649	0.00649	0.00649	0.00433	0.00433	0.00649	0.00649	0.00866	0.00866	0.01515	0.00866	0.01732	0.01948	0.85498	0.00433	0.00433	0.00216	0.00216
25	0.00676	0.00508	0.00625	0.00596	0.00726	0.00458	0.00447	0.00883	0.01340	0.01831	0.60074	0.03999	0.23844	0.01082	0.00588	0.00160	0.00240	0.00940	0.00527	0.00458
26	0.01862	0.02376	0.01413	0.01284	0.01541	0.80482	0.00963	0.01990	0.01413	0.01220	0.00770	0.00899	0.00642	0.00514	0.00449	0.00128	0.00899	0.00321	0.00257	0.00578
27	0.01923	0.01642	0.01363	0.01144	0.01453	0.38957	0.03372	0.08806	0.01462	0.28346	0.01243	0.01243	0.00883	0.00567	0.00514	0.00143	0.03407	0.00410	0.02429	0.00694
28	0.00690	0.00523	0.00650	0.00718	0.00821	0.00496	0.00549	0.00893	0.04629	0.01425	0.07235	0.34004	0.22522	0.01367	0.00630	0.00197	0.00328	0.21410	0.00468	0.00445
29	0.01042	0.00914	0.01127	0.00819	0.01236	0.00738	0.03146	0.01263	0.01021	0.01597	0.00875	0.01047	0.00734	0.00402	0.00456	0.00086	0.05488	0.00314	0.00289	0.77406
30	0.00929	0.00465	0.00465	0.00465	0.00581	0.00465	0.00348	0.01161	0.01045	0.01858	0.01626	0.01858	0.01278	0.00581	0.00348	0.00116	0.00232	0.00465	0.85250	0.00465
31	0.01122	0.01028	0.01590	0.29297	0.17821	0.01142	0.08813	0.04853	0.19872	0.01669	0.01293	0.04601	0.01035	0.00571	0.00509	0.00163	0.00570	0.00526	0.02851	0.00674
32	0.00684	0.00505	0.00639	0.00614	0.00734	0.00460	0.00457	0.00895	0.01347	0.01867	0.64537	0.08256	0.14987	0.01083	0.00591	0.00161	0.00241	0.00951	0.00532	0.00460
33	0.00929	0.00465	0.00465	0.00465	0.00581	0.00465	0.00348	0.01161	0.01045	0.01858	0.01626	0.01858	0.01278	0.00581	0.00348	0.00116	0.00232	0.00465	0.85250	0.00465
34	0.67265	0.01024	0.01107	0.01024	0.07427	0.01132	0.09768	0.01508	0.00923	0.03868	0.00780	0.00927	0.00601	0.00460	0.00361	0.00155	0.00457	0.00327	0.00304	0.00582
35	0.01795	0.01862	0.05123	0.01277	0.01638	0.34959	0.05810	0.37372	0.01817	0.02159	0.00990	0.01073	0.00745	0.00546	0.00482	0.00142	0.00724	0.00400	0.00368	0.00717
36	0.01043	0.09891	0.68427	0.01460	0.06391	0.01234	0.01733	0.01568	0.01053	0.01544	0.00878	0.01039	0.00641	0.00468	0.00461	0.00153	0.00710	0.00363	0.00213	0.00731

[dist]
# distance from previous block
# <min> <max>
0	1

[block]
# block no. 5 follows, 50 sequences, length 21
# corresponding to MSA columns:
# 361-381
name=unknown_F
#
# <colnr> <probs for GDERKNQSTAVLIFYWHMCP>
#	G	D	E	R	K	N	Q	S	T	A	V	L	I	F	Y	W	H	M	C	P
0	0.08526	0.01174	0.01225	0.01025	0.01356	0.01325	0.00820	0.29596	0.42545	0.02467	0.01588	0.01512	0.01176	0.00622	0.00484	0.00158	0.00449	0.00491	0.00482	0.02978
1	0.01290	0.06158	0.02203	0.03852	0.37826	0.10415	0.23768	0.01651	0.05026	0.01561	0.00978	0.01235	0.00788	0.00457	0.00507	0.00151	0.00689	0.00468	0.00260	0.00717
2	0.00951	0.00620	0.00872	0.00816	0.00979	0.00559	0.04553	0.01090	0.01044	0.13191	0.02241	0.53040	0.02449	0.01183	0.00600	0.00176	0.02183	0.01062	0.00447	0.11943
3	0.00909	0.00775	0.01181	0.29000	0.05415	0.00868	0.04452	0.03342	0.01167	0.01623	0.23993	0.02298	0.07556	0.00737	0.00607	0.00162	0.06558	0.00628	0.08192	0.00536
4	0.25277	0.05205	0.01424	0.49180	0.02564	0.01165	0.05808	0.01360	0.00966	0.01563	0.00829	0.01154	0.00633	0.00480	0.00440	0.00160	0.00589	0.00393	0.00248	0.00562
5	0.01359	0.01107	0.01209	0.01088	0.03236	0.01252	0.00847	0.20822	0.50840	0.02277	0.01855	0.02030	0.01463	0.00716	0.00521	0.00169	0.00443	0.07497	0.00494	0.00773
6	0.01009	0.01095	0.05611	0.15039	0.02073	0.01068	0.29819	0.01447	0.09448	0.01532	0.03999	0.02127	0.13282	0.00681	0.00641	0.00173	0.06708	0.03323	0.00319	0.00605
7	0.00924	0.00792	0.01072	0.14315	0.06641	0.02304	0.03020	0.01399	0.15914	0.01729	0.26628	0.03036	0.07120	0.00871	0.00564	0.00172	0.00425	0.12072	0.00434	0.00569
8	0.01004	0.08368	0.63464	0.08713	0.02147	0.01184	0.01664	0.01511	0.01053	0.01523	0.02490	0.01198	0.02545	0.00501	0.00469	0.00155	0.00694	0.00394	0.00224	0.00700
9	0.29551	0.26738	0.01603	0.01044	0.07112	0.12723	0.00819	0.08636	0.01167	0.05411	0.00829	0.00928	0.00665	0.00477	0.00373	0.00135	0.00537	0.00317	0.00299	0.00638
10	0.32401	0.37021	0.05184	0.00858	0.01243	0.06203	0.00797	0.08551	0.01101	0.01765	0.00753	0.00857	0.00622	0.00463	0.00347	0.00132	0.00511	0.00292	0.00277	0.00623
11	0.00692	0.00500	0.00638	0.00619	0.00732	0.00459	0.00458	0.00902	0.01329	0.01864	0.62558	0.12089	0.10595	0.01084	0.00586	0.00161	0.00242	0.00955	0.03078	0.00459
12	0.00926	0.00865	0.01452	0.77526	0.03307	0.01075	0.01341	0.01247	0.00995	0.01273	0.00973	0.05099	0.00787	0.00548	0.00505	0.00168	0.00647	0.00488	0.00233	0.00547
13	0.00696	0.00509	0.00653	0.00617	0.00739	0.00466	0.00463	0.00922	0.01388	0.01944	0.72843	0.03814	0.11005	0.01040	0.00588	0.00158	0.00237	0.00914	0.00541	0.00466
14	0.01000	0.02578	0.79900	0.01421	0.02157	0.01158	0.01842	0.01579	0.01052	0.01579	0.00895	0.01052	0.00631	0.00474	0.00474	0.00158	0.00737	0.00368	0.00210	0.00737
15	0.00861	0.00712	0.01059	0.05709	0.07030	0.00693	0.07738	0.05596	0.01370	0.01890	0.48913	0.03140	0.11504	0.00891	0.00570	0.00159	0.00364	0.00800	0.00467	0.00535
16	0.07425	0.00912	0.00978	0.00903	0.01095	0.08274	0.00707	0.06719	0.15513	0.05217	0.01384	0.01691	0.01161	0.02260	0.42898	0.00497	0.00951	0.00493	0.00346	0.00575
17	0.00827	0.00683	0.01037	0.11644	0.12787	0.00701	0.02725	0.01044	0.01104	0.01498	0.19012	0.09679	0.07794	0.07636	0.07921	0.00256	0.00518	0.12245	0.00382	0.00507
18	0.00929	0.00465	0.00465	0.00465	0.00581	0.00465	0.00348	0.01161	0.01045	0.01858	0.01626	0.01858	0.01278	0.00581	0.00348	0.00116	0.00232	0.00465	0.85250	0.00465
19	0.01069	0.00778	0.00715	0.06692	0.00975	0.10039	0.00540	0.01405	0.08231	0.01760	0.01506	0.01705	0.01179	0.00575	0.00386	0.00126	0.00359	0.00455	0.60989	0.00515
20	0.57423	0.01089	0.01048	0.08451	0.10530	0.05293	0.00787	0.07219	0.01038	0.02091	0.00782	0.00941	0.00609	0.00477	0.00370	0.00153	0.00475	0.00323	0.00305	0.00596

[dist]
# distance from previous block
# <min> <max>
1	6

[block]
# block no. 6 follows, 50 sequences, length 114
# corresponding to MSA columns:
# 388-501
name=unknown_G
#
# <colnr> <probs for GDERKNQSTAVLIFYWHMCP>
#	G	D	E	R	K	N	Q	S	T	A	V	L	I	F	Y	W	H	M	C	P
0	0.00846	0.01584	0.41534	0.01084	0.01508	0.00839	0.02376	0.01248	0.03423	0.01531	0.08928	0.25064	0.06203	0.00889	0.00541	0.00172	0.00525	0.00769	0.00339	0.00599
1	0.01299	0.01140	0.01329	0.26784	0.02041	0.05333	0.01018	0.16263	0.35382	0.01979	0.01441	0.01516	0.01075	0.00596	0.00500	0.00162	0.00536	0.00491	0.00401	0.00714
2	0.01158	0.06326	0.08608	0.10543	0.43063	0.01297	0.01404	0.01433	0.01025	0.01466	0.00852	0.01170	0.00724	0.00544	0.00729	0.00163	0.18138	0.00425	0.00233	0.00698
3	0.00725	0.00483	0.00544	0.00544	0.00544	0.00483	0.00302	0.00725	0.00725	0.00966	0.01571	0.03262	0.01812	0.82483	0.02537	0.00483	0.00483	0.00725	0.00302	0.00302
4	0.00791	0.00635	0.00906	0.00848	0.00969	0.00725	0.00669	0.00966	0.00824	0.01217	0.01209	0.01756	0.01123	0.03033	0.62575	0.00653	0.09836	0.00495	0.00265	0.10504
