[name]
unknown

[dist]
# distance from previous block
# <min> <max>
0	202

[block]
# block no. 0 follows, 52 sequences, length 15
# corresponding to MSA columns:
# 206-220
name=unknown_A
#
# <colnr> <probs for GDERKNQSTAVLIFYWHMCP>
#	G	D	E	R	K	N	Q	S	T	A	V	L	I	F	Y	W	H	M	C	P
0	0.00883	0.00732	0.00840	0.00928	0.01053	0.08575	0.00796	0.01097	0.01141	0.01424	0.02385	0.05009	0.02573	0.01255	0.00646	0.00213	0.00489	0.69075	0.00427	0.00458
1	0.00921	0.01025	0.09325	0.73791	0.03214	0.01082	0.01390	0.01268	0.00974	0.01268	0.00862	0.01265	0.00643	0.00482	0.00482	0.00161	0.00653	0.00423	0.00214	0.00556
2	0.51429	0.00890	0.00883	0.00731	0.01062	0.00931	0.00603	0.01814	0.01058	0.34601	0.01188	0.01145	0.00805	0.00512	0.00378	0.00150	0.00390	0.00356	0.00424	0.00649
3	0.00659	0.00530	0.00659	0.08648	0.00954	0.00498	0.00507	0.00851	0.01215	0.01596	0.39109	0.03845	0.37081	0.01044	0.00563	0.00158	0.00278	0.00896	0.00465	0.00444
4	0.00752	0.00593	0.00735	0.00692	0.00876	0.00492	0.00498	0.00887	0.00958	0.01370	0.01966	0.50840	0.02236	0.01067	0.00517	0.00148	0.00311	0.00953	0.00386	0.33722
5	0.01199	0.01151	0.01967	0.02974	0.79946	0.01151	0.01487	0.01487	0.01103	0.01583	0.00912	0.01199	0.00768	0.00432	0.00480	0.00144	0.00576	0.00432	0.00240	0.00768
6	0.00842	0.00421	0.00631	0.00631	0.00631	0.00421	0.00421	0.00631	0.00631	0.00842	0.00842	0.01473	0.00842	0.01684	0.01894	0.85901	0.00421	0.00421	0.00210	0.00210
7	0.00649	0.00472	0.00614	0.00646	0.00732	0.00438	0.00472	0.00816	0.01168	0.01597	0.39780	0.33058	0.09628	0.01230	0.00596	0.00175	0.00266	0.06745	0.00490	0.00429
8	0.01036	0.14557	0.61737	0.01358	0.02008	0.01254	0.08527	0.01524	0.01028	0.01477	0.00850	0.01012	0.00626	0.00449	0.00448	0.00147	0.00695	0.00362	0.00209	0.00696
9	0.01094	0.01044	0.01777	0.32120	0.51622	0.01124	0.01435	0.01395	0.01054	0.01456	0.00893	0.01234	0.00723	0.00451	0.00482	0.00150	0.00602	0.00431	0.00231	0.00683
10	0.00590	0.00492	0.00515	0.00509	0.00665	0.00416	0.00382	0.00728	0.01145	0.01405	0.16169	0.04507	0.68431	0.01192	0.00573	0.00162	0.00243	0.01001	0.00463	0.00416
11	0.01018	0.04951	0.46785	0.01318	0.01744	0.01295	0.01470	0.01388	0.00912	0.01376	0.00771	0.01028	0.00623	0.00610	0.00895	0.00174	0.32412	0.00380	0.00208	0.00640
12	0.00893	0.22244	0.11428	0.00717	0.00918	0.00931	0.00627	0.01006	0.00819	0.01069	0.01220	0.02270	0.01317	0.50809	0.01646	0.00334	0.00514	0.00544	0.00260	0.00434
13	0.01233	0.01067	0.03699	0.00973	0.01408	0.00912	0.09169	0.18102	0.01309	0.04023	0.00969	0.01090	0.00753	0.00422	0.00416	0.00102	0.00459	0.00358	0.00332	0.53203
14	0.04329	0.01939	0.03550	0.01189	0.01473	0.51297	0.00938	0.17515	0.06809	0.01664	0.00913	0.01006	0.00721	0.00539	0.00496	0.00137	0.04183	0.00358	0.00313	0.00631

[dist]
# distance from previous block
# <min> <max>
0	4

[block]
# block no. 1 follows, 52 sequences, length 33
# corresponding to MSA columns:
# 225-257
name=unknown_B
#
# <colnr> <probs for GDERKNQSTAVLIFYWHMCP>
#	G	D	E	R	K	N	Q	S	T	A	V	L	I	F	Y	W	H	M	C	P
0	0.01363	0.18249	0.18105	0.07353	0.01618	0.01305	0.01051	0.19620	0.10881	0.09356	0.04189	0.01345	0.02388	0.00552	0.00450	0.00143	0.00531	0.00429	0.00361	0.00709
1	0.01150	0.01100	0.01852	0.02780	0.73744	0.01093	0.01400	0.01425	0.01104	0.01562	0.01224	0.01470	0.06945	0.00494	0.00487	0.00145	0.00550	0.00478	0.00256	0.00740
2	0.01428	0.35792	0.15557	0.01055	0.01487	0.08065	0.01036	0.23299	0.02710	0.01770	0.00873	0.00963	0.00693	0.00493	0.00436	0.00130	0.02890	0.00340	0.00294	0.00690
3	0.03906	0.32856	0.19540	0.07414	0.01697	0.13934	0.05216	0.01604	0.01088	0.07384	0.00856	0.00983	0.00670	0.00459	0.00405	0.00131	0.00632	0.00337	0.00249	0.00641
4	0.05635	0.05286	0.17089	0.01026	0.01339	0.17274	0.07243	0.02751	0.01178	0.01548	0.20906	0.04360	0.04437	0.07108	0.00643	0.00172	0.00555	0.00568	0.00333	0.00549
5	0.01345	0.00697	0.00858	0.00729	0.00973	0.00647	0.00569	0.01658	0.11014	0.34241	0.14948	0.02772	0.19258	0.07251	0.00675	0.00180	0.00347	0.00693	0.00519	0.00625
6	0.06319	0.01314	0.01403	0.02800	0.01504	0.01462	0.00904	0.70148	0.04643	0.02935	0.01157	0.01167	0.00825	0.00575	0.00475	0.00147	0.00522	0.00430	0.00469	0.00800
7	0.00616	0.00493	0.00551	0.00537	0.00681	0.00428	0.00402	0.00780	0.01207	0.01553	0.33687	0.04262	0.50819	0.01136	0.00572	0.00159	0.00239	0.00966	0.00482	0.00428
8	0.01060	0.01060	0.01484	0.01272	0.01272	0.01484	0.01060	0.01166	0.00742	0.01166	0.00636	0.01060	0.00636	0.00848	0.01590	0.00212	0.82082	0.00424	0.00212	0.00530
9	0.01855	0.01298	0.01279	0.01019	0.01362	0.13693	0.00825	0.40435	0.01806	0.23143	0.01328	0.01295	0.00924	0.00572	0.00467	0.00141	0.00532	0.00431	0.06839	0.00755
10	0.00742	0.00535	0.00642	0.00617	0.00758	0.00495	0.00461	0.00993	0.06151	0.05202	0.40686	0.12703	0.26036	0.01081	0.00569	0.00161	0.00258	0.00938	0.00500	0.00472
11	0.00903	0.00452	0.00452	0.00452	0.00565	0.00452	0.00339	0.01129	0.01016	0.01807	0.01581	0.01807	0.01242	0.00565	0.00339	0.00113	0.00226	0.00452	0.85659	0.00452
12	0.00696	0.00504	0.00703	0.00703	0.00763	0.00565	0.00511	0.00817	0.00756	0.01069	0.01367	0.02288	0.01378	0.27659	0.57252	0.00685	0.01047	0.00575	0.00270	0.00391
13	0.01473	0.01107	0.01385	0.01150	0.01304	0.05712	0.00950	0.10820	0.01123	0.21030	0.01023	0.01209	0.00798	0.00735	0.01119	0.00184	0.47460	0.00435	0.00343	0.00640
14	0.01005	0.00861	0.01005	0.00718	0.01148	0.00646	0.00574	0.01220	0.01005	0.01579	0.00861	0.01005	0.00718	0.00359	0.00359	0.00072	0.00359	0.00287	0.00287	0.85932
15	0.01137	0.43596	0.40812	0.01100	0.01663	0.01528	0.01301	0.01492	0.01004	0.01334	0.00770	0.00898	0.00618	0.00437	0.00384	0.00128	0.00615	0.00308	0.00206	0.00668
16	0.77129	0.00925	0.00758	0.00662	0.00970	0.01046	0.00545	0.01528	0.00887	0.10766	0.00811	0.00882	0.00599	0.00466	0.00321	0.00150	0.00379	0.00287	0.00333	0.00558
17	0.01232	0.00919	0.01101	0.01072	0.07617	0.00981	0.00762	0.31792	0.07797	0.03937	0.03615	0.29475	0.01811	0.01052	0.04307	0.00195	0.00463	0.00786	0.00447	0.00639
18	0.01168	0.01335	0.02682	0.01945	0.02386	0.04983	0.68535	0.01540	0.01123	0.01505	0.00943	0.01268	0.00722	0.00447	0.00645	0.00165	0.07176	0.00548	0.00243	0.00640
19	0.00602	0.00433	0.00571	0.00661	0.00704	0.00402	0.00449	0.00706	0.00989	0.01329	0.12549	0.70421	0.05499	0.01443	0.00611	0.00190	0.00273	0.01304	0.00461	0.00402
20	0.00646	0.00491	0.00594	0.00575	0.00701	0.00439	0.00429	0.00834	0.01266	0.01710	0.52442	0.07652	0.28275	0.01090	0.00574	0.00158	0.00236	0.00946	0.00503	0.00439
21	0.00873	0.00537	0.00708	0.00641	0.00788	0.00489	0.00489	0.01096	0.01374	0.11787	0.69917	0.03372	0.04149	0.00942	0.00561	0.00152	0.00252	0.00828	0.00542	0.00503
22	0.34196	0.00867	0.00968	0.00777	0.01123	0.00855	0.00641	0.02005	0.01173	0.50583	0.01441	0.01322	0.00943	0.00543	0.00416	0.00150	0.00398	0.00402	0.00486	0.00711
23	0.02174	0.00825	0.01125	0.00862	0.01237	0.00712	0.00712	0.02362	0.01387	0.80282	0.01912	0.01649	0.01200	0.00600	0.00487	0.00150	0.00412	0.00487	0.00600	0.00825
24	0.69671	0.00898	0.00779	0.05931	0.01097	0.01023	0.00583	0.01470	0.00888	0.08203	0.00832	0.00942	0.00624	0.00470	0.00329	0.00149	0.00387	0.00301	0.04878	0.00545
25	0.01184	0.55483	0.29342	0.01019	0.01537	0.01645	0.01160	0.01480	0.00998	0.01276	0.00741	0.00862	0.00619	0.00430	0.00362	0.00121	0.00586	0.00293	0.00206	0.00654
26	0.01055	0.01004	0.01707	0.42928	0.41118	0.01114	0.01416	0.01361	0.01035	0.01408	0.00886	0.01246	0.00706	0.00458	0.00482	0.00153	0.00611	0.00431	0.00227	0.00651
27	0.00653	0.00474	0.00615	0.00622	0.00714	0.00437	0.00450	0.00835	0.01232	0.01710	0.53948	0.25992	0.08202	0.01152	0.00585	0.00166	0.00244	0.01026	0.00505	0.00437
28	0.00593	0.00424	0.00565	0.00673	0.00704	0.00396	0.00450	0.00682	0.00941	0.01258	0.04978	0.80285	0.03246	0.01502	0.00617	0.00195	0.00280	0.01363	0.00452	0.00396
29	0.00645	0.00494	0.00591	0.00566	0.00699	0.00440	0.00425	0.00835	0.01274	0.01712	0.52411	0.04001	0.31996	0.01077	0.00572	0.00157	0.00235	0.00930	0.00503	0.00440
30	0.00692	0.00519	0.00779	0.00779	0.00865	0.00606	0.00606	0.00865	0.00779	0.01125	0.01298	0.01904	0.01211	0.03634	0.81049	0.00779	0.01298	0.00519	0.00260	0.00433
31	0.01303	0.64738	0.12683	0.00943	0.01381	0.09525	0.00966	0.01509	0.01028	0.01197	0.00707	0.00819	0.00621	0.00429	0.00343	0.00112	0.00579	0.00277	0.00211	0.00628
32	0.01214	0.00923	0.01072	0.00787	0.01196	0.00778	0.00635	0.13260	0.01244	0.07843	0.03627	0.01166	0.00900	0.00433	0.00395	0.00092	0.00386	0.00345	0.00350	0.63355

[dist]
# distance from previous block
# <min> <max>
0	1

[block]
# block no. 2 follows, 52 sequences, length 50
# corresponding to MSA columns:
# 259-308
name=unknown_C
#
# <colnr> <probs for GDERKNQSTAVLIFYWHMCP>
#	G	D	E	R	K	N	Q	S	T	A	V	L	I	F	Y	W	H	M	C	P
0	0.01313	0.71855	0.07766	0.00887	0.01321	0.01834	0.00901	0.07002	0.01081	0.01305	0.00722	0.00822	0.00636	0.00430	0.00334	0.00110	0.00533	0.00279	0.00227	0.00643
1	0.86392	0.00937	0.00712	0.00637	0.00937	0.01087	0.00525	0.01425	0.00825	0.02174	0.00675	0.00787	0.00525	0.00450	0.00300	0.00150	0.00375	0.00262	0.00300	0.00525
2	0.01606	0.01602	0.01429	0.01193	0.01509	0.29356	0.06457	0.25172	0.22927	0.02008	0.01226	0.01249	0.00927	0.00561	0.00477	0.00145	0.00632	0.00433	0.00387	0.00704
3	0.00593	0.00427	0.00562	0.00665	0.00702	0.00397	0.00447	0.00684	0.00951	0.01265	0.05464	0.76516	0.06560	0.01487	0.00615	0.00194	0.00278	0.01345	0.00453	0.00397
4	0.00587	0.00451	0.00538	0.00602	0.00685	0.00402	0.00419	0.00691	0.01011	0.01290	0.06228	0.49890	0.32693	0.01388	0.00599	0.00182	0.00266	0.01224	0.00453	0.00402
5	0.01654	0.05822	0.14436	0.01234	0.01586	0.53823	0.01070	0.11976	0.01418	0.01489	0.00820	0.00933	0.00649	0.00500	0.00442	0.00131	0.00787	0.00334	0.00272	0.00625
6	0.01362	0.01119	0.01184	0.01018	0.01320	0.01279	0.00805	0.21253	0.60137	0.02280	0.01773	0.01649	0.01318	0.00639	0.00491	0.00160	0.00420	0.00520	0.00491	0.00781
7	0.00590	0.00422	0.00562	0.00675	0.00703	0.00394	0.00450	0.00675	0.00928	0.01237	0.02671	0.82653	0.03205	0.01518	0.00619	0.00197	0.00281	0.01378	0.00450	0.00394
8	0.01169	0.01113	0.01853	0.11285	0.66381	0.01147	0.01423	0.01535	0.06397	0.01576	0.00978	0.01251	0.00803	0.00453	0.00481	0.00147	0.00570	0.00440	0.00254	0.00743
9	0.43589	0.00880	0.00922	0.00752	0.01090	0.00897	0.00620	0.01901	0.01110	0.41872	0.01303	0.01225	0.00868	0.00526	0.00395	0.00150	0.00394	0.00377	0.00452	0.00677
10	0.01060	0.01060	0.01484	0.01272	0.01272	0.01484	0.01060	0.01166	0.00742	0.01166	0.00636	0.01060	0.00636	0.00848	0.01590	0.00212	0.82082	0.00424	0.00212	0.00530
11	0.01199	0.01151	0.01967	0.02974	0.79946	0.01151	0.01487	0.01487	0.01103	0.01583	0.00912	0.01199	0.00768	0.00432	0.00480	0.00144	0.00576	0.00432	0.00240	0.00768
12	0.01272	0.77436	0.08160	0.00869	0.01305	0.01860	0.00899	0.01457	0.00987	0.01169	0.00688	0.00795	0.00621	0.00418	0.00322	0.00107	0.00533	0.00266	0.00207	0.00629
13	0.01058	0.00812	0.00903	0.00815	0.01041	0.00872	0.00631	0.01885	0.43180	0.07557	0.22527	0.02637	0.12416	0.00814	0.00523	0.00160	0.00327	0.00690	0.00506	0.00644
14	0.00725	0.00525	0.00653	0.00613	0.00747	0.00487	0.00462	0.00983	0.04587	0.03684	0.62731	0.03663	0.16303	0.01005	0.00566	0.00155	0.00242	0.00877	0.00520	0.00471
15	0.01216	0.01354	0.01097	0.01025	0.01177	0.36288	0.00788	0.01363	0.01039	0.01155	0.01003	0.01382	0.00906	0.02028	0.39134	0.00445	0.07429	0.00420	0.00251	0.00497
16	0.01109	0.00580	0.00621	0.00567	0.00734	0.00587	0.00439	0.05533	0.06438	0.10204	0.01620	0.01755	0.01231	0.00576	0.00373	0.00122	0.00273	0.00461	0.66242	0.00533
17	0.00677	0.00488	0.00640	0.00616	0.00722	0.00451	0.00457	0.00892	0.01330	0.01878	0.72515	0.10983	0.04445	0.01040	0.00576	0.00157	0.00234	0.00923	0.00526	0.00451
18	0.01973	0.00789	0.01053	0.00822	0.01161	0.00696	0.00674	0.04032	0.01382	0.67454	0.07428	0.01789	0.01434	0.00625	0.00483	0.00147	0.00389	0.00511	0.06383	0.00773
19	0.00692	0.00519	0.00779	0.00779	0.00865	0.00606	0.00606	0.00865	0.00779	0.01125	0.01298	0.01904	0.01211	0.03634	0.81049	0.00779	0.01298	0.00519	0.00260	0.00433
20	0.02057	0.01014	0.01241	0.00952	0.01331	0.00993	0.00786	0.29292	0.01703	0.52905	0.01647	0.01477	0.01066	0.00593	0.00486	0.00148	0.00455	0.00469	0.00559	0.00825
21	0.01042	0.00961	0.01569	0.58535	0.20488	0.01123	0.01349	0.06543	0.01088	0.01440	0.00893	0.01262	0.00686	0.00479	0.00483	0.00156	0.00622	0.00431	0.00239	0.00609
22	0.01296	0.83261	0.02539	0.00829	0.01244	0.01917	0.00829	0.01451	0.00985	0.01140	0.00674	0.00777	0.00622	0.00415	0.00311	0.00104	0.00518	0.00259	0.00207	0.00622
23	0.86392	0.00937	0.00712	0.00637	0.00937	0.01087	0.00525	0.01425	0.00825	0.02174	0.00675	0.00787	0.00525	0.00450	0.00300	0.00150	0.00375	0.00262	0.00300	0.00525
24	0.01199	0.01151	0.01967	0.02974	0.79946	0.01151	0.01487	0.01487	0.01103	0.01583	0.00912	0.01199	0.00768	0.00432	0.00480	0.00144	0.00576	0.00432	0.00240	0.00768
25	0.01107	0.01057	0.01799	0.28704	0.54942	0.01127	0.01441	0.01406	0.01060	0.01471	0.00895	0.01230	0.00728	0.00449	0.00481	0.00150	0.00599	0.00431	0.00232	0.00693
26	0.00705	0.00470	0.00529	0.00529	0.00529	0.00470	0.00294	0.00705	0.00705	0.00940	0.01527	0.03171	0.01762	0.82969	0.02467	0.00470	0.00470	0.00705	0.00294	0.00294
27	0.02174	0.00825	0.01125	0.00862	0.01237	0.00712	0.00712	0.02362	0.01387	0.80282	0.01912	0.01649	0.01200	0.00600	0.00487	0.00150	0.00412	0.00487	0.00600	0.00825
28	0.01757	0.01315	0.01406	0.01098	0.01470	0.01463	0.00901	0.68219	0.12528	0.02917	0.01271	0.01249	0.00912	0.00592	0.00486	0.00148	0.00513	0.00451	0.00486	0.00817
29	0.86392	0.00937	0.00712	0.00637	0.00937	0.01087	0.00525	0.01425	0.00825	0.02174	0.00675	0.00787	0.00525	0.00450	0.00300	0.00150	0.00375	0.00262	0.00300	0.00525
30	0.13274	0.01065	0.01209	0.00939	0.01310	0.01097	0.00776	0.34423	0.01690	0.37137	0.01430	0.01328	0.00950	0.00572	0.00461	0.00148	0.00459	0.00436	0.00511	0.00784
31	0.01895	0.00904	0.01141	0.00906	0.01247	0.00864	0.00748	0.18462	0.02961	0.51911	0.06485	0.01942	0.01442	0.00674	0.00505	0.00155	0.00429	0.05997	0.00558	0.00774
32	0.01296	0.83261	0.02539	0.00829	0.01244	0.01917	0.00829	0.01451	0.00985	0.01140	0.00674	0.00777	0.00622	0.00415	0.00311	0.00104	0.00518	0.00259	0.00207	0.00622
33	0.01180	0.01132	0.01932	0.08341	0.74731	0.01146	0.01478	0.01470	0.01094	0.01560	0.00908	0.01206	0.00759	0.00435	0.00480	0.00145	0.00580	0.00432	0.00238	0.00752
34	0.01102	0.00878	0.00983	0.00931	0.01153	0.00980	0.00753	0.07466	0.44657	0.01912	0.02067	0.02867	0.01812	0.00852	0.00535	0.00177	0.00403	0.23544	0.06277	0.00653
35	0.00686	0.00495	0.00648	0.00610	0.00724	0.00457	0.00457	0.00914	0.01372	0.01943	0.79691	0.03620	0.04572	0.00991	0.00572	0.00152	0.00229	0.00876	0.00533	0.00457
36	0.00573	0.00491	0.00491	0.00491	0.00655	0.00409	0.00368	0.00695	0.01105	0.01309	0.04909	0.04664	0.79750	0.01227	0.00573	0.00164	0.00245	0.01023	0.00450	0.00409
37	0.00636	0.00492	0.00579	0.00561	0.00694	0.00435	0.00419	0.00816	0.01248	0.01658	0.46181	0.05936	0.36391	0.01103	0.00573	0.00158	0.00237	0.00950	0.00496	0.00435
38	0.00842	0.00421	0.00631	0.00631	0.00631	0.00421	0.00421	0.00631	0.00631	0.00842	0.00842	0.01473	0.00842	0.01684	0.01894	0.85901	0.00421	0.00421	0.00210	0.00210
39	0.01522	0.01199	0.01274	0.01050	0.01381	0.01353	0.00844	0.40303	0.40826	0.02539	0.01570	0.01487	0.01153	0.00620	0.00489	0.00155	0.00458	0.00492	0.00489	0.00795
40	0.01169	0.01103	0.01450	0.01090	0.01472	0.07169	0.17209	0.11895	0.01239	0.01706	0.01294	0.02934	0.07531	0.00519	0.00480	0.00119	0.02438	0.00457	0.00318	0.38407
41	0.01163	0.01288	0.06158	0.02469	0.40580	0.01184	0.36790	0.01519	0.01118	0.01567	0.00941	0.01240	0.00745	0.00422	0.00521	0.00153	0.00693	0.00493	0.00241	0.00713
42	0.00599	0.00425	0.00560	0.00664	0.00690	0.00399	0.00439	0.00677	0.00912	0.01216	0.02588	0.76920	0.03101	0.07393	0.00752	0.00216	0.00295	0.01329	0.00439	0.00386
43	0.00972	0.02507	0.80458	0.01381	0.02097	0.01125	0.01790	0.01535	0.01023	0.01535	0.00870	0.01023	0.00614	0.00460	0.00460	0.00153	0.00716	0.00358	0.00205	0.00716
44	0.86392	0.00937	0.00712	0.00637	0.00937	0.01087	0.00525	0.01425	0.00825	0.02174	0.00675	0.00787	0.00525	0.00450	0.00300	0.00150	0.00375	0.00262	0.00300	0.00525
45	0.00604	0.00441	0.00572	0.00668	0.00720	0.00409	0.00465	0.00707	0.00972	0.01278	0.04777	0.66391	0.11830	0.01460	0.00616	0.00194	0.00288	0.06757	0.00452	0.00401
46	0.00590	0.00422	0.00562	0.00675	0.00703	0.00394	0.00450	0.00675	0.00928	0.01237	0.02671	0.82653	0.03205	0.01518	0.00619	0.00197	0.00281	0.01378	0.00450	0.00394
47	0.01199	0.01151	0.01967	0.02974	0.79946	0.01151	0.01487	0.01487	0.01103	0.01583	0.00912	0.01199	0.00768	0.00432	0.00480	0.00144	0.00576	0.00432	0.00240	0.00768
48	0.00692	0.00519	0.00779	0.00779	0.00865	0.00606	0.00606	0.00865	0.00779	0.01125	0.01298	0.01904	0.01211	0.03634	0.81049	0.00779	0.01298	0.00519	0.00260	0.00433
49	0.01842	0.01357	0.01454	0.01115	0.01503	0.01503	0.00921	0.78330	0.02278	0.03054	0.01163	0.01163	0.00824	0.00582	0.00485	0.00145	0.00533	0.00436	0.00485	0.00824

[dist]
# distance from previous block
# <min> <max>
0	16

[block]
# block no. 3 follows, 52 sequences, length 11
# corresponding to MSA columns:
# 325-335
name=unknown_D
#
# <colnr> <probs for GDERKNQSTAVLIFYWHMCP>
#	G	D	E	R	K	N	Q	S	T	A	V	L	I	F	Y	W	H	M	C	P
0	0.01060	0.01060	0.01484	0.01272	0.01272	0.01484	0.01060	0.01166	0.00742	0.01166	0.00636	0.01060	0.00636	0.00848	0.01590	0.00212	0.82082	0.00424	0.00212	0.00530
1	0.36710	0.01581	0.01094	0.00964	0.01253	0.36801	0.00753	0.08388	0.01227	0.06040	0.00817	0.00905	0.00632	0.00492	0.00387	0.00138	0.00614	0.00312	0.00310	0.00584
2	0.01271	0.77209	0.08379	0.00871	0.01308	0.01858	0.00901	0.01457	0.00988	0.01170	0.00688	0.00796	0.00621	0.00418	0.00322	0.00107	0.00533	0.00267	0.00207	0.00629
3	0.10134	0.01256	0.01344	0.01040	0.01417	0.01373	0.00859	0.62205	0.02035	0.11729	0.01201	0.01182	0.00837	0.00571	0.00467	0.00146	0.00504	0.00425	0.00480	0.00795
4	0.00607	0.00492	0.00539	0.00527	0.00676	0.00424	0.00395	0.00762	0.01186	0.01503	0.27784	0.04344	0.56754	0.01155	0.00572	0.00160	0.00240	0.00978	0.00476	0.00424
5	0.01144	0.01307	0.02859	0.02042	0.02533	0.01225	0.78186	0.01552	0.01144	0.01552	0.00980	0.01307	0.00735	0.00408	0.00572	0.00163	0.00817	0.00572	0.00245	0.00654
6	0.00903	0.00452	0.00452	0.00452	0.00565	0.00452	0.00339	0.01129	0.01016	0.01807	0.01581	0.01807	0.01242	0.00565	0.00339	0.00113	0.00226	0.00452	0.85659	0.00452
7	0.00691	0.00494	0.00678	0.00790	0.00863	0.00481	0.00625	0.00849	0.01027	0.01350	0.02615	0.41711	0.02984	0.01423	0.00645	0.00211	0.00369	0.41323	0.00448	0.00422
8	0.01846	0.01098	0.04927	0.00955	0.01325	0.01049	0.00816	0.35220	0.01720	0.35118	0.01504	0.01425	0.01013	0.00582	0.00470	0.00144	0.00460	0.00455	0.09091	0.00782
9	0.00705	0.00470	0.00529	0.00529	0.00529	0.00470	0.00294	0.00705	0.00705	0.00940	0.01527	0.03171	0.01762	0.82969	0.02467	0.00470	0.00470	0.00705	0.00294	0.00294
10	0.01883	0.02349	0.01426	0.01299	0.01554	0.80028	0.00968	0.01985	0.01421	0.01267	0.00834	0.00991	0.00705	0.00554	0.00473	0.00140	0.00897	0.00340	0.00278	0.00605

[dist]
# distance from previous block
# <min> <max>
0	1

[block]
# block no. 4 follows, 52 sequences, length 70
# corresponding to MSA columns:
# 337-406
name=unknown_E
#
# <colnr> <probs for GDERKNQSTAVLIFYWHMCP>
#	G	D	E	R	K	N	Q	S	T	A	V	L	I	F	Y	W	H	M	C	P
0	0.00646	0.00494	0.00593	0.00568	0.00700	0.00440	0.00426	0.00838	0.01278	0.01721	0.53445	0.03986	0.30957	0.01074	0.00572	0.00156	0.00235	0.00928	0.00504	0.00440
1	0.01812	0.01342	0.01437	0.01109	0.01491	0.01489	0.00914	0.74753	0.05905	0.03006	0.01202	0.01194	0.00855	0.00585	0.00485	0.00146	0.00526	0.00442	0.00485	0.00821
2	0.01060	0.01060	0.01484	0.01272	0.01272	0.01484	0.01060	0.01166	0.00742	0.01166	0.00636	0.01060	0.00636	0.00848	0.01590	0.00212	0.82082	0.00424	0.00212	0.00530
3	0.01108	0.01202	0.02273	0.01714	0.01996	0.01336	0.45316	0.01388	0.00973	0.01388	0.00834	0.01202	0.00693	0.00596	0.01006	0.00184	0.35451	0.00509	0.00231	0.00601
4	0.00590	0.00422	0.00562	0.00675	0.00703	0.00394	0.00450	0.00675	0.00928	0.01237	0.02671	0.82653	0.03205	0.01518	0.00619	0.00197	0.00281	0.01378	0.00450	0.00394
5	0.02053	0.00816	0.01091	0.00848	0.01208	0.00716	0.00697	0.02284	0.04450	0.73120	0.02068	0.01811	0.05251	0.00634	0.00492	0.00151	0.00403	0.00517	0.00588	0.00801
6	0.01842	0.01357	0.01454	0.01115	0.01503	0.01503	0.00921	0.78330	0.02278	0.03054	0.01163	0.01163	0.00824	0.00582	0.00485	0.00145	0.00533	0.00436	0.00485	0.00824
7	0.00903	0.00452	0.00452	0.00452	0.00565	0.00452	0.00339	0.01129	0.01016	0.01807	0.01581	0.01807	0.01242	0.00565	0.00339	0.00113	0.00226	0.00452	0.85659	0.00452
8	0.01907	0.01122	0.01292	0.01005	0.01377	0.01170	0.00826	0.41715	0.09513	0.32578	0.01530	0.01413	0.01033	0.00596	0.00487	0.00149	0.00472	0.00467	0.00530	0.00819
9	0.00879	0.00720	0.00927	0.00833	0.00994	0.00757	0.04582	0.08566	0.09676	0.01722	0.23824	0.16668	0.15974	0.01015	0.00659	0.00171	0.07818	0.03242	0.00449	0.00523
10	0.08458	0.01324	0.01396	0.01078	0.01459	0.01470	0.00890	0.72313	0.02165	0.02985	0.01125	0.01134	0.00801	0.00571	0.00470	0.00146	0.00521	0.00423	0.00470	0.00801
11	0.01296	0.83261	0.02539	0.00829	0.01244	0.01917	0.00829	0.01451	0.00985	0.01140	0.00674	0.00777	0.00622	0.00415	0.00311	0.00104	0.00518	0.00259	0.00207	0.00622
12	0.00705	0.00470	0.00529	0.00529	0.00529	0.00470	0.00294	0.00705	0.00705	0.00940	0.01527	0.03171	0.01762	0.82969	0.02467	0.00470	0.00470	0.00705	0.00294	0.00294
13	0.02083	0.00972	0.01216	0.00932	0.01310	0.00931	0.00770	0.23337	0.01633	0.58959	0.01705	0.01515	0.01096	0.00595	0.00487	0.00149	0.00446	0.00473	0.00568	0.00825
14	0.00701	0.00471	0.00541	0.00545	0.00550	0.00474	0.00313	0.00711	0.00715	0.00957	0.01550	0.05436	0.01778	0.76840	0.06124	0.00476	0.00503	0.00716	0.00297	0.00303
15	0.00842	0.00421	0.00631	0.00631	0.00631	0.00421	0.00421	0.00631	0.00631	0.00842	0.00842	0.01473	0.00842	0.01684	0.01894	0.85901	0.00421	0.00421	0.00210	0.00210
16	0.01868	0.01316	0.01429	0.01095	0.01482	0.01441	0.00905	0.72386	0.02209	0.09097	0.01222	0.01201	0.00854	0.00583	0.00485	0.00146	0.00524	0.00440	0.00494	0.00824
17	0.01887	0.01014	0.01218	0.00936	0.01306	0.00997	0.00769	0.31302	0.01700	0.41074	0.05551	0.01519	0.01195	0.00596	0.00482	0.00143	0.00445	0.00474	0.00530	0.06863
18	0.01140	0.44316	0.40117	0.01095	0.01655	0.01536	0.01293	0.01491	0.01003	0.01330	0.00768	0.00896	0.00618	0.00437	0.00383	0.00128	0.00614	0.00307	0.00206	0.00667
19	0.01139	0.01294	0.02789	0.02003	0.02468	0.01239	0.74220	0.01532	0.01123	0.01532	0.00963	0.01294	0.00730	0.00431	0.00624	0.00166	0.04996	0.00564	0.00243	0.00647
20	0.01199	0.01151	0.01967	0.02974	0.79946	0.01151	0.01487	0.01487	0.01103	0.01583	0.00912	0.01199	0.00768	0.00432	0.00480	0.00144	0.00576	0.00432	0.00240	0.00768
21	0.02119	0.01027	0.01165	0.00918	0.01278	0.10812	0.00746	0.04530	0.01411	0.68098	0.01744	0.01538	0.01116	0.00587	0.00481	0.00147	0.00474	0.00464	0.00552	0.00792
22	0.00686	0.00495	0.00648	0.00610	0.00724	0.00457	0.00457	0.00914	0.01372	0.01943	0.79691	0.03620	0.04572	0.00991	0.00572	0.00152	0.00229	0.00876	0.00533	0.00457
23	0.01144	0.01307	0.02859	0.02042	0.02533	0.01225	0.78186	0.01552	0.01144	0.01552	0.00980	0.01307	0.00735	0.00408	0.00572	0.00163	0.00817	0.00572	0.00245	0.00654
24	0.01199	0.01151	0.01967	0.02974	0.79946	0.01151	0.01487	0.01487	0.01103	0.01583	0.00912	0.01199	0.00768	0.00432	0.00480	0.00144	0.00576	0.00432	0.00240	0.00768
25	0.00693	0.00515	0.00759	0.00759	0.00839	0.00595	0.00581	0.00853	0.00773	0.01110	0.01316	0.02003	0.01255	0.09842	0.74900	0.00755	0.01233	0.00534	0.00262	0.00422
26	0.01199	0.01151	0.01967	0.02974	0.79946	0.01151	0.01487	0.01487	0.01103	0.01583	0.00912	0.01199	0.00768	0.00432	0.00480	0.00144	0.00576	0.00432	0.00240	0.00768
27	0.00962	0.00737	0.00781	0.00689	0.00915	0.00728	0.00539	0.16788	0.09398	0.04705	0.07578	0.03490	0.48816	0.01002	0.00543	0.00159	0.00324	0.00827	0.00471	0.00548
28	0.09299	0.01072	0.01248	0.01000	0.01302	0.02609	0.04426	0.27325	0.09529	0.11607	0.09223	0.01545	0.02645	0.00633	0.00582	0.00151	0.08405	0.00486	0.00431	0.06482
29	0.01913	0.00986	0.01195	0.00941	0.01297	0.00984	0.00768	0.21708	0.13657	0.46928	0.01710	0.01547	0.01140	0.00625	0.00515	0.01813	0.00439	0.00482	0.00546	0.00804
30	0.00915	0.00861	0.01453	0.81804	0.03338	0.01077	0.01346	0.01238	0.00969	0.01238	0.00861	0.01292	0.00646	0.00484	0.00484	0.00161	0.00646	0.00431	0.00215	0.00538
31	0.00631	0.00493	0.00572	0.00552	0.00690	0.00434	0.00414	0.00808	0.01242	0.01636	0.43477	0.04125	0.40977	0.01105	0.00572	0.00158	0.00237	0.00947	0.00493	0.00434
32	0.01810	0.02310	0.01373	0.01248	0.01498	0.81024	0.00936	0.01935	0.01373	0.01186	0.00749	0.00874	0.00624	0.00499	0.00437	0.00125	0.00874	0.00312	0.00250	0.00562
33	0.31516	0.00855	0.00886	0.00732	0.01030	0.00888	0.00597	0.10965	0.01223	0.27881	0.01320	0.01319	0.00925	0.00538	0.00392	0.00142	0.00377	0.00395	0.17375	0.00645
34	0.00903	0.00452	0.00452	0.00452	0.00565	0.00452	0.00339	0.01129	0.01016	0.01807	0.01581	0.01807	0.01242	0.00565	0.00339	0.00113	0.00226	0.00452	0.85659	0.00452
35	0.01870	0.01007	0.01183	0.00922	0.01270	0.01020	0.00757	0.33755	0.03279	0.37556	0.01564	0.01469	0.01054	0.00589	0.00469	0.00144	0.00440	0.00463	0.10407	0.00780
36	0.00842	0.00421	0.00631	0.00631	0.00631	0.00421	0.00421	0.00631	0.00631	0.00842	0.00842	0.01473	0.00842	0.01684	0.01894	0.85901	0.00421	0.00421	0.00210	0.00210
37	0.01205	0.01041	0.01096	0.00986	0.01260	0.01205	0.00767	0.02575	0.79071	0.02027	0.01972	0.01808	0.01479	0.00657	0.00493	0.00164	0.00384	0.00548	0.00493	0.00767
38	0.01658	0.02016	0.01273	0.01159	0.01396	0.65874	0.00870	0.06614	0.01383	0.01314	0.01122	0.07470	0.04576	0.00619	0.00461	0.00134	0.00776	0.00437	0.00290	0.00558
39	0.01296	0.83261	0.02539	0.00829	0.01244	0.01917	0.00829	0.01451	0.00985	0.01140	0.00674	0.00777	0.00622	0.00415	0.00311	0.00104	0.00518	0.00259	0.00207	0.00622
40	0.86392	0.00937	0.00712	0.00637	0.00937	0.01087	0.00525	0.01425	0.00825	0.02174	0.00675	0.00787	0.00525	0.00450	0.00300	0.00150	0.00375	0.00262	0.00300	0.00525
41	0.01144	0.01307	0.02859	0.02042	0.02533	0.01225	0.78186	0.01552	0.01144	0.01552	0.00980	0.01307	0.00735	0.00408	0.00572	0.00163	0.00817	0.00572	0.00245	0.00654
42	0.00692	0.00519	0.00779	0.00779	0.00865	0.00606	0.00606	0.00865	0.00779	0.01125	0.01298	0.01904	0.01211	0.03634	0.81049	0.00779	0.01298	0.00519	0.00260	0.00433
43	0.00589	0.00449	0.00542	0.00608	0.00687	0.00402	0.00422	0.00694	0.01011	0.01298	0.07403	0.51738	0.29628	0.01391	0.00600	0.00183	0.00266	0.01230	0.00454	0.00402
44	0.01352	0.00652	0.00806	0.00677	0.00940	0.00558	0.00539	0.01512	0.01257	0.39433	0.07983	0.03147	0.37324	0.00910	0.00531	0.00156	0.00325	0.00756	0.00527	0.00612
45	0.00615	0.00440	0.00591	0.00703	0.00742	0.00415	0.00493	0.00718	0.00952	0.01265	0.02657	0.72556	0.03151	0.01495	0.00625	0.00200	0.00303	0.11229	0.00449	0.00400
46	0.86392	0.00937	0.00712	0.00637	0.00937	0.01087	0.00525	0.01425	0.00825	0.02174	0.00675	0.00787	0.00525	0.00450	0.00300	0.00150	0.00375	0.00262	0.00300	0.00525
47	0.00611	0.00437	0.00586	0.00698	0.00736	0.00411	0.00486	0.00711	0.00948	0.01260	0.02660	0.74261	0.03160	0.01499	0.00624	0.00200	0.00299	0.09566	0.00449	0.00399
48	0.02136	0.00857	0.01141	0.00878	0.01251	0.00764	0.00724	0.06273	0.03115	0.74616	0.01875	0.01628	0.01186	0.00600	0.00487	0.00150	0.00418	0.00486	0.00592	0.00823
49	0.01810	0.02310	0.01373	0.01248	0.01498	0.81024	0.00936	0.01935	0.01373	0.01186	0.00749	0.00874	0.00624	0.00499	0.00437	0.00125	0.00874	0.00312	0.00250	0.00562
50	0.86392	0.00937	0.00712	0.00637	0.00937	0.01087	0.00525	0.01425	0.00825	0.02174	0.00675	0.00787	0.00525	0.00450	0.00300	0.00150	0.00375	0.00262	0.00300	0.00525
51	0.01304	0.01032	0.01108	0.00954	0.01231	0.01152	0.00750	0.23003	0.44087	0.03681	0.04858	0.05698	0.05705	0.02507	0.00547	0.00167	0.00409	0.00597	0.00486	0.00725
52	0.00597	0.00492	0.00525	0.00517	0.00670	0.00420	0.00388	0.00743	0.01163	0.01447	0.21205	0.04436	0.63368	0.01176	0.00572	0.00161	0.00242	0.00991	0.00468	0.00420
53	0.01744	0.01308	0.01399	0.01095	0.01465	0.01457	0.00897	0.66625	0.14144	0.02895	0.01288	0.01263	0.00925	0.00593	0.00486	0.00148	0.00510	0.00454	0.00486	0.00815
54	0.00573	0.00491	0.00491	0.00491	0.00655	0.00409	0.00368	0.00695	0.01105	0.01309	0.04909	0.04664	0.79750	0.01227	0.00573	0.00164	0.00245	0.01023	0.00450	0.00409
55	0.00915	0.00861	0.01453	0.81804	0.03338	0.01077	0.01346	0.01238	0.00969	0.01238	0.00861	0.01292	0.00646	0.00484	0.00484	0.00161	0.00646	0.00431	0.00215	0.00538
56	0.01815	0.02153	0.01387	0.01226	0.01499	0.67918	0.00934	0.14526	0.01522	0.01494	0.00817	0.00922	0.00657	0.00513	0.00445	0.00128	0.00818	0.00333	0.00288	0.00605
57	0.01199	0.01151	0.01967	0.02974	0.79946	0.01151	0.01487	0.01487	0.01103	0.01583	0.00912	0.01199	0.00768	0.00432	0.00480	0.00144	0.00576	0.00432	0.00240	0.00768
58	0.01291	0.00705	0.00883	0.00797	0.00992	0.00681	0.00602	0.14189	0.01292	0.25678	0.03634	0.38989	0.02153	0.04917	0.00642	0.00186	0.00371	0.00907	0.00496	0.00594
59	0.86392	0.00937	0.00712	0.00637	0.00937	0.01087	0.00525	0.01425	0.00825	0.02174	0.00675	0.00787	0.00525	0.00450	0.00300	0.00150	0.00375	0.00262	0.00300	0.00525
60	0.01031	0.17163	0.66317	0.01281	0.01942	0.01269	0.01616	0.01520	0.01016	0.01463	0.00834	0.00979	0.00615	0.00452	0.00433	0.00144	0.00680	0.00340	0.00205	0.00699
61	0.00972	0.02507	0.80458	0.01381	0.02097	0.01125	0.01790	0.01535	0.01023	0.01535	0.00870	0.01023	0.00614	0.00460	0.00460	0.00153	0.00716	0.00358	0.00205	0.00716
62	0.01199	0.01151	0.01967	0.02974	0.79946	0.01151	0.01487	0.01487	0.01103	0.01583	0.00912	0.01199	0.00768	0.00432	0.00480	0.00144	0.00576	0.00432	0.00240	0.00768
63	0.44819	0.00827	0.00712	0.00660	0.00903	0.03190	0.00533	0.05413	0.01040	0.01873	0.03890	0.02413	0.24056	0.00775	0.00432	0.00159	0.00363	0.07071	0.00370	0.00500
64	0.01044	0.00993	0.01686	0.46094	0.38042	0.01111	0.01410	0.01351	0.01030	0.01394	0.00884	0.01250	0.00701	0.00461	0.00482	0.00154	0.00614	0.00431	0.00226	0.00642
65	0.00587	0.00489	0.00498	0.00497	0.00644	0.00416	0.00363	0.00701	0.01073	0.01288	0.06124	0.04506	0.71077	0.08706	0.00746	0.00191	0.00266	0.00991	0.00437	0.00400
66	0.01242	0.69768	0.15558	0.00921	0.01386	0.01785	0.00990	0.01465	0.00991	0.01206	0.00706	0.00818	0.00621	0.00422	0.00336	0.00112	0.00551	0.00276	0.00207	0.00638
67	0.00915	0.00861	0.01453	0.81804	0.03338	0.01077	0.01346	0.01238	0.00969	0.01238	0.00861	0.01292	0.00646	0.00484	0.00484	0.00161	0.00646	0.00431	0.00215	0.00538
68	0.11719	0.00871	0.00968	0.00708	0.01122	0.00701	0.00568	0.01246	0.00982	0.01654	0.00838	0.00978	0.00694	0.00370	0.00351	0.00082	0.00361	0.00284	0.00289	0.75215
69	0.75703	0.00964	0.00870	0.00931	0.10851	0.01095	0.00646	0.01432	0.00860	0.02100	0.00704	0.00839	0.00555	0.00448	0.00322	0.00149	0.00400	0.00284	0.00292	0.00555

[dist]
# distance from previous block
# <min> <max>
0	3

[block]
# block no. 5 follows, 52 sequences, length 12
# corresponding to MSA columns:
# 410-421
name=unknown_F
#
# <colnr> <probs for GDERKNQSTAVLIFYWHMCP>
#	G	D	E	R	K	N	Q	S	T	A	V	L	I	F	Y	W	H	M	C	P
0	0.01803	0.01245	0.01363	0.01046	0.01425	0.01340	0.00862	0.63762	0.02077	0.11122	0.01241	0.01228	0.00872	0.00572	0.00474	0.00141	0.00501	0.00435	0.03314	0.05177
1	0.05820	0.01258	0.01139	0.00908	0.01265	0.19372	0.00718	0.12135	0.03422	0.10657	0.01035	0.01100	0.00789	0.00467	0.00409	0.00111	0.00506	0.00346	0.02514	0.36030
2	0.00639	0.00494	0.00583	0.00561	0.00696	0.00438	0.00421	0.00825	0.01262	0.01683	0.49025	0.04048	0.35400	0.01088	0.00572	0.00157	0.00236	0.00936	0.00499	0.00438
3	0.00701	0.00484	0.00601	0.00601	0.00626	0.00509	0.00384	0.00751	0.00726	0.00993	0.01460	0.02803	0.01602	0.59947	0.25271	0.00559	0.00710	0.00651	0.00284	0.00334
4	0.49018	0.01098	0.01025	0.00837	0.01175	0.01233	0.00690	0.31820	0.01425	0.06237	0.00926	0.00977	0.00675	0.00509	0.00382	0.00148	0.00439	0.00342	0.00387	0.00657
5	0.00646	0.00465	0.00614	0.00650	0.00725	0.00432	0.00467	0.00810	0.01161	0.01605	0.41849	0.39423	0.03884	0.01243	0.00597	0.00175	0.00261	0.04072	0.00492	0.00428
6	0.01518	0.01124	0.02183	0.01672	0.06550	0.01036	0.45854	0.01840	0.01229	0.29896	0.01312	0.01424	0.00904	0.00479	0.00536	0.00157	0.00657	0.00533	0.00372	0.00722
7	0.00862	0.00437	0.00532	0.00538	0.00599	0.00436	0.00378	0.00899	0.00852	0.01377	0.01329	0.05747	0.01175	0.01078	0.00999	0.35763	0.00310	0.00486	0.45855	0.00349
8	0.01344	0.01117	0.00845	0.00773	0.00964	0.26768	0.00588	0.01572	0.03828	0.09929	0.01358	0.01486	0.01044	0.00550	0.00392	0.00122	0.00462	0.00413	0.45906	0.00538
9	0.01005	0.00861	0.01005	0.00718	0.01148	0.00646	0.00574	0.01220	0.01005	0.01579	0.00861	0.01005	0.00718	0.00359	0.00359	0.00072	0.00359	0.00287	0.00287	0.85932
10	0.01340	0.00765	0.00987	0.00837	0.04191	0.00641	0.00640	0.01544	0.01209	0.29546	0.12614	0.02116	0.07153	0.00652	0.00472	0.00129	0.00365	0.04783	0.00451	0.29566
11	0.08339	0.01158	0.01148	0.00954	0.01270	0.10984	0.00762	0.18073	0.19669	0.24546	0.04504	0.01587	0.03605	0.00619	0.00473	0.00150	0.00473	0.00482	0.00477	0.00728

[dist]
# distance from previous block
# <min> <max>
0	9

[block]
# block no. 6 follows, 52 sequences, length 27
# corresponding to MSA columns:
# 431-457
name=unknown_G
#
# <colnr> <probs for GDERKNQSTAVLIFYWHMCP>
#	G	D	E	R	K	N	Q	S	T	A	V	L	I	F	Y	W	H	M	C	P
0	0.01758	0.01444	0.01335	0.01065	0.01416	0.18584	0.00856	0.45781	0.01850	0.09100	0.01124	0.01149	0.00817	0.00545	0.00459	0.00134	0.00571	0.00401	0.03244	0.08367
1	0.01245	0.00876	0.01001	0.00848	0.01095	0.00922	0.00670	0.22967	0.17493	0.09384	0.30840	0.04071	0.04921	0.00791	0.00525	0.00154	0.00364	0.00666	0.00513	0.00654
2	0.01296	0.83261	0.02539	0.00829	0.01244	0.01917	0.00829	0.01451	0.00985	0.01140	0.00674	0.00777	0.00622	0.00415	0.00311	0.00104	0.00518	0.00259	0.00207	0.00622
3	0.00865	0.00734	0.00776	0.00724	0.00930	0.00765	0.00555	0.01550	0.35452	0.01703	0.12837	0.03278	0.36033	0.00947	0.00538	0.00163	0.00304	0.00796	0.00479	0.00573
4	0.00581	0.00459	0.00524	0.00577	0.00677	0.00402	0.00406	0.00686	0.01022	0.01275	0.03862	0.41157	0.43932	0.01363	0.00594	0.00179	0.00262	0.01189	0.00450	0.00402
5	0.25255	0.00730	0.00781	0.00660	0.00925	0.00729	0.00533	0.01682	0.01104	0.31859	0.01454	0.01462	0.01026	0.00546	0.00385	0.00137	0.00339	0.00412	0.29367	0.00614
6	0.00661	0.00494	0.00614	0.00584	0.00709	0.00447	0.00438	0.00867	0.01314	0.01806	0.63467	0.03846	0.20881	0.01042	0.00572	0.00155	0.00232	0.00908	0.00515	0.00447
7	0.01269	0.00655	0.00817	0.00698	0.00937	0.00588	0.00551	0.01519	0.05856	0.32533	0.23688	0.03032	0.24082	0.00884	0.00534	0.00155	0.00315	0.00745	0.00534	0.00606
8	0.01296	0.83261	0.02539	0.00829	0.01244	0.01917	0.00829	0.01451	0.00985	0.01140	0.00674	0.00777	0.00622	0.00415	0.00311	0.00104	0.00518	0.00259	0.00207	0.00622
9	0.03656	0.00438	0.00634	0.00632	0.00641	0.00443	0.00424	0.00657	0.00638	0.00886	0.00836	0.01451	0.00831	0.01643	0.01842	0.83080	0.00419	0.00416	0.00213	0.00221
10	0.24732	0.01255	0.01201	0.00963	0.01312	0.08392	0.00786	0.40115	0.01680	0.13426	0.01099	0.01104	0.00778	0.00541	0.00431	0.00145	0.00504	0.00385	0.00430	0.00720
11	0.01146	0.01301	0.02824	0.02079	0.05576	0.01223	0.75171	0.01550	0.01142	0.01554	0.00978	0.01303	0.00737	0.00409	0.00568	0.00163	0.00808	0.00566	0.00245	0.00658
12	0.01228	0.01081	0.01136	0.01065	0.04014	0.03704	0.00801	0.04085	0.70576	0.01994	0.01893	0.01824	0.01442	0.00658	0.00495	0.00163	0.00410	0.02201	0.00475	0.00755
13	0.00602	0.00430	0.00575	0.00688	0.00721	0.00403	0.00470	0.00694	0.00939	0.01250	0.02665	0.78050	0.03180	0.01508	0.00622	0.00198	0.00291	0.05868	0.00450	0.00397
14	0.01859	0.01331	0.01438	0.01102	0.01490	0.01463	0.00911	0.74548	0.02234	0.06899	0.01201	0.01188	0.00843	0.00583	0.00485	0.00146	0.00527	0.00439	0.00491	0.00824
15	0.00705	0.00470	0.00529	0.00529	0.00529	0.00470	0.00294	0.00705	0.00705	0.00940	0.01527	0.03171	0.01762	0.82969	0.02467	0.00470	0.00470	0.00705	0.00294	0.00294
16	0.00864	0.00772	0.01108	0.01009	0.01055	0.01016	0.00818	0.01006	0.00762	0.01144	0.00989	0.01510	0.00943	0.02333	0.43924	0.00514	0.39042	0.00475	0.00237	0.00478
17	0.01383	0.01129	0.01196	0.01022	0.01328	0.01289	0.00810	0.23752	0.57604	0.02314	0.01746	0.01628	0.01296	0.00636	0.00491	0.00159	0.00425	0.00517	0.00491	0.00783
18	0.00589	0.00428	0.00556	0.00658	0.00699	0.00395	0.00443	0.00677	0.00944	0.01244	0.02871	0.75678	0.10051	0.01492	0.00614	0.00194	0.00278	0.01346	0.00450	0.00395
19	0.36501	0.01212	0.01148	0.00923	0.01271	0.03594	0.00759	0.44632	0.01657	0.02640	0.00951	0.01001	0.00696	0.00525	0.00408	0.00147	0.00478	0.00361	0.00402	0.00694
20	0.86392	0.00937	0.00712	0.00637	0.00937	0.01087	0.00525	0.01425	0.00825	0.02174	0.00675	0.00787	0.00525	0.00450	0.00300	0.00150	0.00375	0.00262	0.00300	0.00525
21	0.01144	0.01307	0.02859	0.02042	0.02533	0.01225	0.78186	0.01552	0.01144	0.01552	0.00980	0.01307	0.00735	0.00408	0.00572	0.00163	0.00817	0.00572	0.00245	0.00654
22	0.00882	0.00594	0.00772	0.00810	0.00952	0.00579	0.00673	0.05619	0.01189	0.06827	0.06495	0.14947	0.12490	0.01236	0.00622	0.00199	0.00391	0.43775	0.00464	0.00483
23	0.00584	0.00491	0.00507	0.00503	0.00662	0.00414	0.00377	0.00718	0.01132	0.01375	0.12654	0.04556	0.71964	0.01203	0.00573	0.00162	0.00244	0.01008	0.00459	0.00414
24	0.86392	0.00937	0.00712	0.00637	0.00937	0.01087	0.00525	0.01425	0.00825	0.02174	0.00675	0.00787	0.00525	0.00450	0.00300	0.00150	0.00375	0.00262	0.00300	0.00525
25	0.01199	0.01151	0.01967	0.02974	0.79946	0.01151	0.01487	0.01487	0.01103	0.01583	0.00912	0.01199	0.00768	0.00432	0.00480	0.00144	0.00576	0.00432	0.00240	0.00768
26	0.06066	0.02413	0.75703	0.01337	0.02028	0.01123	0.01715	0.01528	0.01011	0.01573	0.00858	0.01009	0.00609	0.00460	0.00451	0.00153	0.00696	0.00352	0.00210	0.00705

[dist]
# distance from previous block
# <min> <max>
0	1

[block]
# block no. 7 follows, 52 sequences, length 46
# corresponding to MSA columns:
# 459-504
name=unknown_H
#
# <colnr> <probs for GDERKNQSTAVLIFYWHMCP>
#	G	D	E	R	K	N	Q	S	T	A	V	L	I	F	Y	W	H	M	C	P
0	0.00915	0.00861	0.01453	0.81804	0.03338	0.01077	0.01346	0.01238	0.00969	0.01238	0.00861	0.01292	0.00646	0.00484	0.00484	0.00161	0.00646	0.00431	0.00215	0.00538
1	0.01700	0.01340	0.01294	0.01068	0.01393	0.20874	0.04395	0.13908	0.19036	0.23644	0.01519	0.01453	0.02789	0.00584	0.00478	0.00145	0.00553	0.00460	0.00443	0.02924
2	0.00617	0.00439	0.00548	0.00624	0.00656	0.00414	0.00405	0.00684	0.00886	0.01169	0.02559	0.56975	0.08707	0.21691	0.01073	0.00262	0.00325	0.01184	0.00411	0.00370
3	0.79810	0.01013	0.00759	0.00677	0.00975	0.05627	0.00552	0.01473	0.00868	0.03760	0.00705	0.00810	0.00545	0.00456	0.00312	0.00149	0.00404	0.00270	0.00303	0.00533
4	0.00705	0.00470	0.00529	0.00529	0.00529	0.00470	0.00294	0.00705	0.00705	0.00940	0.01527	0.03171	0.01762	0.82969	0.02467	0.00470	0.00470	0.00705	0.00294	0.00294
5	0.01287	0.81036	0.04686	0.00844	0.01267	0.01896	0.00856	0.01453	0.00986	0.01151	0.00679	0.00784	0.00622	0.00416	0.00315	0.00105	0.00524	0.00262	0.00207	0.00624
6	0.01094	0.00859	0.01014	0.00729	0.01155	0.00651	0.00585	0.01308	0.01034	0.07605	0.00942	0.01054	0.00755	0.00377	0.00369	0.00078	0.00363	0.00302	0.00311	0.79416
7	0.00590	0.00423	0.00561	0.00670	0.00702	0.00394	0.00448	0.00675	0.00932	0.01239	0.02723	0.80843	0.04982	0.01511	0.00617	0.00196	0.00280	0.01369	0.00450	0.00394
8	0.00967	0.00522	0.00535	0.00508	0.00642	0.00532	0.00387	0.06989	0.01125	0.01906	0.04380	0.01824	0.01331	0.00581	0.00358	0.00117	0.00249	0.00466	0.76100	0.00480
9	0.00618	0.00442	0.00592	0.00692	0.00736	0.00416	0.00485	0.00728	0.00984	0.01317	0.09007	0.68176	0.03275	0.01456	0.00620	0.00196	0.00294	0.09107	0.00456	0.00404
10	0.01378	0.01215	0.01655	0.01293	0.01648	0.04142	0.21896	0.25010	0.26287	0.02154	0.01406	0.01519	0.01063	0.00570	0.00506	0.00156	0.00558	0.02080	0.04741	0.00723
11	0.00698	0.00497	0.00668	0.00668	0.00716	0.00545	0.00467	0.00794	0.00746	0.01043	0.01400	0.02466	0.01456	0.38833	0.46184	0.00642	0.00931	0.00602	0.00275	0.00371
12	0.00684	0.00461	0.00535	0.00555	0.00560	0.00456	0.00321	0.00699	0.00744	0.00993	0.01731	0.17326	0.02019	0.68464	0.02137	0.00421	0.00436	0.00825	0.00321	0.00311
13	0.03281	0.00874	0.01014	0.00732	0.01156	0.00681	0.00588	0.03138	0.01049	0.05281	0.00913	0.01033	0.00738	0.00378	0.00366	0.00079	0.00366	0.00299	0.00307	0.77729
14	0.01676	0.17580	0.05252	0.01165	0.01478	0.56248	0.00954	0.07687	0.01353	0.01337	0.00772	0.00885	0.00639	0.00488	0.00418	0.00124	0.00773	0.00314	0.00258	0.00600
