[name]
unknown

[dist]
# distance from previous block
# <min> <max>
0	1522

[block]
# block no. 0 follows, 49 sequences, length 15
# corresponding to MSA columns:
# 1643-1657
name=unknown_A
#
# <colnr> <probs for GDERKNQSTAVLIFYWHMCP>
#	G	D	E	R	K	N	Q	S	T	A	V	L	I	F	Y	W	H	M	C	P
0	0.00703	0.00516	0.00659	0.00623	0.00748	0.00472	0.00468	0.00931	0.01403	0.01959	0.71178	0.03890	0.12444	0.01059	0.00597	0.00160	0.00240	0.00930	0.00548	0.00472
1	0.01889	0.02410	0.01433	0.01303	0.01563	0.80199	0.00977	0.02019	0.01433	0.01238	0.00782	0.00912	0.00651	0.00521	0.00456	0.00130	0.00912	0.00326	0.00261	0.00586
2	0.00813	0.00605	0.00803	0.06702	0.01056	0.02240	0.05397	0.01001	0.01062	0.01508	0.02454	0.30009	0.11807	0.01071	0.00544	0.00172	0.00364	0.07499	0.24425	0.00467
3	0.00784	0.00598	0.00704	0.00650	0.00842	0.00537	0.02856	0.01027	0.05983	0.06270	0.16547	0.04228	0.52757	0.01140	0.00590	0.00170	0.00297	0.03038	0.00489	0.00494
4	0.00616	0.00440	0.00587	0.00704	0.00733	0.00411	0.00469	0.00704	0.00968	0.01291	0.02787	0.81899	0.03344	0.01584	0.00645	0.00205	0.00293	0.01438	0.00469	0.00411
5	0.01030	0.00937	0.01493	0.58759	0.10386	0.01124	0.01303	0.04892	0.05958	0.01458	0.01026	0.01414	0.00794	0.00760	0.06427	0.00214	0.00695	0.00464	0.00262	0.00606
6	0.04045	0.01970	0.50704	0.01231	0.01836	0.01034	0.01443	0.01856	0.03085	0.23998	0.03168	0.01335	0.00938	0.00541	0.00487	0.00159	0.00624	0.00428	0.00351	0.00768
7	0.01809	0.02266	0.01484	0.01438	0.07310	0.71043	0.01025	0.01951	0.01385	0.01268	0.00789	0.00945	0.00663	0.00531	0.00510	0.00136	0.04250	0.00340	0.00258	0.00601
8	0.01014	0.02616	0.79609	0.01441	0.02189	0.01174	0.01868	0.01601	0.01068	0.01601	0.00907	0.01068	0.00641	0.00480	0.00480	0.00160	0.00747	0.00374	0.00214	0.00747
9	0.00829	0.00660	0.00860	0.00803	0.00820	0.00792	0.00576	0.00892	0.00760	0.01079	0.01307	0.02483	0.01423	0.45989	0.17384	0.00483	0.21561	0.00622	0.00277	0.00398
10	0.00996	0.00794	0.00905	0.00841	0.01043	0.00848	0.00658	0.06466	0.30488	0.02007	0.28779	0.05090	0.09263	0.00947	0.00572	0.00173	0.00347	0.08648	0.00518	0.00617
11	0.00993	0.00954	0.01760	0.01554	0.10120	0.00973	0.28814	0.01364	0.06732	0.01453	0.01249	0.01715	0.01072	0.04626	0.33750	0.00446	0.00988	0.00561	0.00282	0.00595
12	0.01408	0.05373	0.32853	0.01313	0.03738	0.24185	0.01300	0.01966	0.15132	0.06256	0.01137	0.01204	0.00848	0.00535	0.00475	0.00151	0.00701	0.00401	0.00307	0.00714
13	0.00727	0.00492	0.00549	0.00549	0.00559	0.00486	0.00311	0.00735	0.00760	0.01004	0.01806	0.03403	0.06474	0.77357	0.02455	0.00471	0.00476	0.00755	0.00316	0.00314
14	0.03788	0.00979	0.06017	0.00974	0.06932	0.00810	0.00730	0.05296	0.06718	0.06003	0.04343	0.01697	0.01197	0.15745	0.00833	0.00185	0.00446	0.00460	0.00347	0.36500

[dist]
# distance from previous block
# <min> <max>
1	5

[block]
# block no. 1 follows, 49 sequences, length 29
# corresponding to MSA columns:
# 1663-1691
name=unknown_B
#
# <colnr> <probs for GDERKNQSTAVLIFYWHMCP>
#	G	D	E	R	K	N	Q	S	T	A	V	L	I	F	Y	W	H	M	C	P
0	0.48708	0.01066	0.01028	0.00871	0.01142	0.01259	0.00718	0.18139	0.01192	0.02278	0.00865	0.01016	0.00679	0.00574	0.00576	0.00164	0.13516	0.00353	0.05245	0.00613
1	0.01428	0.00949	0.01071	0.00881	0.01173	0.00976	0.00706	0.28668	0.09179	0.14848	0.16496	0.02560	0.17223	0.00830	0.00542	0.00160	0.00403	0.00682	0.00528	0.00698
2	0.00707	0.00508	0.00579	0.00562	0.00700	0.00457	0.00421	0.00902	0.01263	0.01748	0.37787	0.03893	0.32899	0.01057	0.00558	0.00157	0.00245	0.00902	0.14198	0.00457
3	0.01052	0.00971	0.01520	0.28552	0.25276	0.01111	0.01221	0.04728	0.01085	0.01480	0.01362	0.09975	0.05982	0.00713	0.00697	0.00174	0.12602	0.00592	0.00286	0.00621
4	0.06727	0.01309	0.01392	0.01080	0.01460	0.01441	0.00890	0.65229	0.02169	0.05928	0.01242	0.01254	0.00885	0.00599	0.00485	0.00150	0.00521	0.00448	0.05976	0.00817
5	0.00723	0.00539	0.00801	0.00801	0.00887	0.00626	0.00617	0.00895	0.00809	0.01165	0.01365	0.02047	0.01290	0.07367	0.76686	0.00798	0.01315	0.00551	0.00273	0.00445
6	0.01170	0.39519	0.44072	0.01175	0.01777	0.01556	0.01405	0.01561	0.01049	0.01411	0.00813	0.00949	0.00644	0.00458	0.00408	0.00136	0.00652	0.00326	0.00215	0.00702
7	0.01627	0.01246	0.01325	0.01078	0.01424	0.01397	0.00870	0.45969	0.30117	0.02725	0.01547	0.01496	0.01134	0.00635	0.00501	0.00157	0.00482	0.00499	0.04954	0.00818
8	0.01889	0.02410	0.01433	0.01303	0.01563	0.80199	0.00977	0.02019	0.01433	0.01238	0.00782	0.00912	0.00651	0.00521	0.00456	0.00130	0.00912	0.00326	0.00261	0.00586
9	0.01194	0.01364	0.02984	0.02131	0.02643	0.01279	0.77238	0.01620	0.01194	0.01620	0.01023	0.01364	0.00767	0.00426	0.00597	0.00171	0.00853	0.00597	0.00256	0.00682
10	0.00621	0.00443	0.00591	0.00701	0.00734	0.00414	0.00470	0.00715	0.00989	0.01324	0.06181	0.78411	0.03408	0.01560	0.00643	0.00203	0.00291	0.01414	0.00473	0.00414
11	0.29928	0.00963	0.01056	0.00836	0.01208	0.00956	0.00689	0.10129	0.01317	0.38474	0.01382	0.01306	0.00930	0.00549	0.00431	0.00149	0.00426	0.00406	0.00479	0.08386
12	0.01922	0.01416	0.01518	0.01163	0.01568	0.01568	0.00961	0.77388	0.02378	0.03187	0.01214	0.01214	0.00860	0.00607	0.00506	0.00152	0.00556	0.00455	0.00506	0.00860
13	0.01889	0.02410	0.01433	0.01303	0.01563	0.80199	0.00977	0.02019	0.01433	0.01238	0.00782	0.00912	0.00651	0.00521	0.00456	0.00130	0.00912	0.00326	0.00261	0.00586
14	0.01717	0.01376	0.01629	0.07628	0.09750	0.04955	0.05058	0.54773	0.02006	0.02666	0.01126	0.01229	0.00826	0.00593	0.00537	0.01852	0.00599	0.00456	0.00428	0.00796
15	0.01049	0.00899	0.01049	0.00749	0.01198	0.00674	0.00599	0.01273	0.01049	0.01648	0.00899	0.01049	0.00749	0.00374	0.00374	0.00075	0.00374	0.00300	0.00300	0.85320
16	0.00840	0.00480	0.00487	0.00492	0.00620	0.00457	0.00366	0.01042	0.01080	0.01726	0.02587	0.06205	0.21201	0.00810	0.00429	0.00135	0.00243	0.00666	0.59675	0.00457
17	0.01014	0.02616	0.79609	0.01441	0.02189	0.01174	0.01868	0.01601	0.01068	0.01601	0.00907	0.01068	0.00641	0.00480	0.00480	0.00160	0.00747	0.00374	0.00214	0.00747
18	0.01352	0.82533	0.02650	0.00865	0.01298	0.02001	0.00865	0.01514	0.01027	0.01190	0.00703	0.00811	0.00649	0.00433	0.00324	0.00108	0.00541	0.00270	0.00216	0.00649
19	0.01769	0.01280	0.01405	0.04653	0.01563	0.01416	0.00922	0.57125	0.11883	0.06917	0.01368	0.01363	0.00979	0.00613	0.00500	0.00154	0.00521	0.00473	0.04275	0.00822
20	0.00955	0.00899	0.01517	0.81013	0.03483	0.01123	0.01404	0.01292	0.01011	0.01292	0.00899	0.01348	0.00674	0.00506	0.00506	0.00169	0.00674	0.00449	0.00225	0.00562
21	0.01467	0.01190	0.01261	0.01071	0.01395	0.01356	0.00851	0.26211	0.54296	0.02453	0.01792	0.01675	0.01328	0.00661	0.00512	0.00165	0.00449	0.00535	0.00512	0.00819
22	0.01014	0.02616	0.79609	0.01441	0.02189	0.01174	0.01868	0.01601	0.01068	0.01601	0.00907	0.01068	0.00641	0.00480	0.00480	0.00160	0.00747	0.00374	0.00214	0.00747
23	0.22679	0.00889	0.01068	0.00842	0.01214	0.00839	0.00695	0.02225	0.01304	0.60572	0.01680	0.01501	0.01080	0.00588	0.00461	0.00156	0.00421	0.00451	0.00549	0.00784
24	0.01715	0.01313	0.01401	0.01122	0.01489	0.01471	0.00911	0.54092	0.26012	0.02853	0.01477	0.01424	0.01073	0.00632	0.00509	0.00158	0.00508	0.00492	0.00509	0.00841
25	0.00755	0.00466	0.00540	0.00582	0.00628	0.00456	0.00379	0.00857	0.00917	0.01364	0.02041	0.31224	0.02219	0.28663	0.01212	0.00276	0.00343	0.00909	0.25775	0.00393
26	0.00822	0.00690	0.00715	0.00745	0.00847	0.08838	0.00537	0.00965	0.01173	0.03413	0.22296	0.41030	0.10582	0.01271	0.00607	0.00182	0.00351	0.04001	0.00474	0.00461
27	0.01054	0.01030	0.01381	0.01207	0.01227	0.03754	0.00986	0.01168	0.00797	0.01196	0.00821	0.01363	0.00821	0.06575	0.12280	0.00316	0.62794	0.00471	0.00235	0.00524
28	0.01164	0.01056	0.01470	0.25878	0.20142	0.01204	0.01160	0.01997	0.36669	0.01756	0.01446	0.01574	0.01105	0.00576	0.00509	0.00166	0.00530	0.00506	0.00365	0.00728

[dist]
# distance from previous block
# <min> <max>
0	1

[block]
# block no. 2 follows, 49 sequences, length 42
# corresponding to MSA columns:
# 1693-1734
name=unknown_C
#
# <colnr> <probs for GDERKNQSTAVLIFYWHMCP>
#	G	D	E	R	K	N	Q	S	T	A	V	L	I	F	Y	W	H	M	C	P
0	0.01791	0.01776	0.01425	0.01208	0.03138	0.36335	0.00931	0.31229	0.01746	0.03667	0.00993	0.01070	0.00760	0.00537	0.00467	0.00133	0.00690	0.00379	0.00368	0.11356
1	0.81798	0.00972	0.00764	0.00676	0.00993	0.01116	0.00557	0.01533	0.00889	0.05966	0.00766	0.00865	0.00581	0.00477	0.00322	0.00156	0.00393	0.00285	0.00328	0.00563
2	0.00732	0.00530	0.00690	0.00822	0.07146	0.00519	0.00473	0.00791	0.00860	0.01156	0.01999	0.33384	0.02332	0.44397	0.01659	0.00352	0.00424	0.00982	0.00364	0.00388
3	0.00614	0.00480	0.00557	0.00614	0.00716	0.00424	0.00436	0.00727	0.01072	0.01348	0.05476	0.40910	0.40331	0.01420	0.00622	0.00188	0.00278	0.02896	0.00471	0.00421
4	0.00823	0.00478	0.00544	0.00559	0.00652	0.00466	0.00403	0.01013	0.01090	0.01725	0.16479	0.16485	0.02391	0.07647	0.00642	0.00174	0.00272	0.02243	0.45466	0.00448
5	0.85801	0.00978	0.00743	0.00665	0.00978	0.01134	0.00548	0.01486	0.00861	0.02269	0.00704	0.00821	0.00548	0.00469	0.00313	0.00156	0.00391	0.00274	0.00313	0.00548
6	0.00628	0.00513	0.00554	0.00544	0.00701	0.00440	0.00408	0.00784	0.01224	0.01535	0.23886	0.04589	0.60000	0.01218	0.00597	0.00168	0.00252	0.01028	0.00492	0.00440
7	0.00735	0.00490	0.00552	0.00552	0.00552	0.00490	0.00306	0.00735	0.00735	0.00980	0.01593	0.03309	0.01838	0.82229	0.02574	0.00490	0.00490	0.00735	0.00306	0.00306
8	0.01352	0.82533	0.02650	0.00865	0.01298	0.02001	0.00865	0.01514	0.01027	0.01190	0.00703	0.00811	0.00649	0.00433	0.00324	0.00108	0.00541	0.00270	0.00216	0.00649
9	0.85801	0.00978	0.00743	0.00665	0.00978	0.01134	0.00548	0.01486	0.00861	0.02269	0.00704	0.00821	0.00548	0.00469	0.00313	0.00156	0.00391	0.00274	0.00313	0.00548
10	0.01106	0.01106	0.01549	0.01328	0.01328	0.01549	0.01106	0.01217	0.00774	0.01217	0.00664	0.01106	0.00664	0.00885	0.01659	0.00221	0.81303	0.00443	0.00221	0.00553
11	0.46016	0.00922	0.00948	0.00777	0.01127	0.00948	0.00641	0.01952	0.01140	0.39017	0.01319	0.01250	0.00883	0.00544	0.00406	0.00156	0.00410	0.00386	0.00462	0.00697
12	0.85801	0.00978	0.00743	0.00665	0.00978	0.01134	0.00548	0.01486	0.00861	0.02269	0.00704	0.00821	0.00548	0.00469	0.00313	0.00156	0.00391	0.00274	0.00313	0.00548
13	0.01555	0.01017	0.01143	0.00860	0.01275	0.06003	0.00693	0.06312	0.01284	0.27068	0.01267	0.01269	0.00913	0.00480	0.00432	0.00110	0.00439	0.00379	0.00416	0.47085
14	0.02173	0.01014	0.01269	0.00973	0.01367	0.00971	0.00803	0.23173	0.01704	0.58353	0.01779	0.01581	0.01143	0.00621	0.00508	0.00155	0.00465	0.00494	0.00593	0.00860
15	0.00943	0.00471	0.00471	0.00471	0.00589	0.00471	0.00353	0.01178	0.01060	0.01885	0.01650	0.01885	0.01296	0.00589	0.00353	0.00118	0.00236	0.00471	0.85036	0.00471
16	0.29329	0.01172	0.01202	0.00953	0.01325	0.01276	0.00787	0.38982	0.01713	0.16790	0.01190	0.01179	0.00830	0.00566	0.00443	0.00154	0.00480	0.00406	0.00465	0.00758
17	0.01194	0.01364	0.02984	0.02131	0.02643	0.01279	0.77238	0.01620	0.01194	0.01620	0.01023	0.01364	0.00767	0.00426	0.00597	0.00171	0.00853	0.00597	0.00256	0.00682
18	0.00706	0.00517	0.00662	0.00626	0.00749	0.00473	0.00469	0.00935	0.01408	0.01973	0.72685	0.03868	0.10928	0.01054	0.00597	0.00160	0.00240	0.00927	0.00549	0.00473
19	0.00642	0.00514	0.00573	0.00559	0.00710	0.00446	0.00419	0.00811	0.01257	0.01613	0.32674	0.04459	0.51164	0.01188	0.00597	0.00166	0.00250	0.01010	0.00502	0.00446
20	0.01841	0.01338	0.01431	0.01106	0.01487	0.01477	0.00911	0.71056	0.02268	0.03079	0.01250	0.01270	0.00896	0.00606	0.00493	0.00149	0.00530	0.00457	0.07529	0.00828
21	0.01252	0.01201	0.02053	0.03104	0.79074	0.01201	0.01552	0.01552	0.01151	0.01652	0.00951	0.01252	0.00801	0.00451	0.00501	0.00150	0.00601	0.00451	0.00250	0.00801
22	0.00955	0.00899	0.01517	0.81013	0.03483	0.01123	0.01404	0.01292	0.01011	0.01292	0.00899	0.01348	0.00674	0.00506	0.00506	0.00169	0.00674	0.00449	0.00225	0.00562
23	0.00616	0.00440	0.00587	0.00704	0.00733	0.00411	0.00469	0.00704	0.00968	0.01291	0.02787	0.81899	0.03344	0.01584	0.00645	0.00205	0.00293	0.01438	0.00469	0.00411
24	0.00684	0.00489	0.00665	0.00782	0.00841	0.00469	0.00587	0.00821	0.01035	0.01367	0.02750	0.55883	0.03196	0.01520	0.00664	0.00215	0.00352	0.26784	0.00468	0.00429
25	0.00955	0.00899	0.01517	0.81013	0.03483	0.01123	0.01404	0.01292	0.01011	0.01292	0.00899	0.01348	0.00674	0.00506	0.00506	0.00169	0.00674	0.00449	0.00225	0.00562
26	0.00722	0.00542	0.00813	0.00813	0.00903	0.00632	0.00632	0.00903	0.00813	0.01174	0.01354	0.01987	0.01264	0.03792	0.80225	0.00813	0.01354	0.00542	0.00271	0.00451
27	0.00639	0.00508	0.00574	0.00570	0.00712	0.00443	0.00423	0.00801	0.01232	0.01584	0.29915	0.10853	0.47513	0.01222	0.00601	0.00170	0.00253	0.01046	0.00499	0.00443
28	0.07673	0.01050	0.01257	0.00970	0.01361	0.01038	0.00801	0.26824	0.01712	0.49476	0.01655	0.01496	0.01078	0.00609	0.00495	0.00155	0.00469	0.00476	0.00566	0.00840
29	0.02185	0.00879	0.01171	0.00910	0.01293	0.00786	0.00748	0.02483	0.07821	0.73001	0.02000	0.01735	0.01276	0.00631	0.00509	0.00158	0.00428	0.00514	0.00617	0.00856
30	0.21579	0.01164	0.01244	0.00976	0.01356	0.01244	0.00806	0.39426	0.01772	0.23588	0.01306	0.01260	0.00893	0.00580	0.00462	0.00154	0.00484	0.00427	0.00493	0.00787
31	0.00891	0.00685	0.00802	0.00811	0.00951	0.00721	0.00590	0.01464	0.27914	0.03652	0.09755	0.42779	0.04574	0.01188	0.00591	0.00187	0.00328	0.01054	0.00497	0.00565
32	0.00658	0.00486	0.00614	0.00642	0.00735	0.00443	0.00459	0.00820	0.01206	0.01633	0.37199	0.34148	0.16519	0.01287	0.00616	0.00179	0.00263	0.01142	0.00508	0.00443
33	0.01184	0.17764	0.01417	0.00807	0.01250	0.01022	0.00684	0.07647	0.01155	0.01681	0.00885	0.01013	0.00738	0.00406	0.00375	0.00088	0.00424	0.00307	0.00300	0.60855
34	0.01008	0.00927	0.01415	0.43538	0.02501	0.00950	0.05661	0.01304	0.01037	0.01457	0.00906	0.01227	0.00710	0.00447	0.00458	0.00130	0.00563	0.00397	0.00257	0.35107
35	0.07196	0.28992	0.02395	0.03526	0.10472	0.01489	0.27900	0.06114	0.01185	0.01624	0.03911	0.01209	0.00874	0.00471	0.00465	0.00144	0.00640	0.00447	0.00272	0.00674
36	0.00925	0.21781	0.01210	0.00719	0.00953	0.00963	0.00599	0.01277	0.11496	0.01670	0.31332	0.03011	0.20432	0.00889	0.00516	0.00150	0.00342	0.00738	0.00443	0.00553
37	0.00616	0.00440	0.00587	0.00704	0.00733	0.00411	0.00469	0.00704	0.00968	0.01291	0.02787	0.81899	0.03344	0.01584	0.00645	0.00205	0.00293	0.01438	0.00469	0.00411
38	0.01130	0.01138	0.01708	0.49863	0.23291	0.08545	0.04347	0.01442	0.01095	0.01395	0.00907	0.01282	0.00709	0.00489	0.00503	0.00160	0.00684	0.00444	0.00236	0.00632
39	0.01126	0.04631	0.38114	0.01749	0.08615	0.01209	0.27650	0.01618	0.02837	0.03118	0.03793	0.01304	0.00878	0.00485	0.00522	0.00161	0.00732	0.00480	0.00258	0.00720
40	0.01146	0.01228	0.06760	0.01698	0.08296	0.01223	0.32079	0.01444	0.01077	0.04539	0.04801	0.01571	0.04679	0.00645	0.00879	0.00180	0.23970	0.00557	0.02590	0.00638
41	0.00695	0.00522	0.00660	0.00731	0.00843	0.00487	0.00579	0.00862	0.01132	0.01452	0.08750	0.23701	0.25820	0.01382	0.00648	0.00203	0.00346	0.30272	0.00474	0.00442

[dist]
# distance from previous block
# <min> <max>
2	28

[block]
# block no. 3 follows, 49 sequences, length 24
# corresponding to MSA columns:
# 1765-1788
name=unknown_D
#
# <colnr> <probs for GDERKNQSTAVLIFYWHMCP>
#	G	D	E	R	K	N	Q	S	T	A	V	L	I	F	Y	W	H	M	C	P
0	0.00727	0.00534	0.00683	0.00643	0.00769	0.00499	0.00483	0.00997	0.03727	0.02003	0.73437	0.03766	0.07754	0.01034	0.00594	0.00160	0.00244	0.00911	0.00552	0.00485
1	0.01608	0.01538	0.12882	0.03814	0.11353	0.05720	0.01144	0.40000	0.04752	0.05297	0.01145	0.01219	0.00838	0.00550	0.00491	0.00148	0.00591	0.00432	0.00401	0.06076
2	0.01006	0.02537	0.76554	0.01421	0.02144	0.01151	0.01827	0.01580	0.01071	0.01598	0.00976	0.01247	0.00729	0.00516	0.00489	0.00163	0.00736	0.03292	0.00223	0.00736
3	0.00608	0.00502	0.00533	0.00548	0.00695	0.00428	0.00402	0.00737	0.01143	0.01396	0.09377	0.16004	0.63264	0.01309	0.00605	0.00175	0.00260	0.01112	0.00475	0.00428
4	0.01219	0.01203	0.01883	0.22095	0.55707	0.06108	0.01480	0.01517	0.01135	0.01538	0.00928	0.01254	0.00761	0.00468	0.00499	0.00153	0.00638	0.00442	0.00245	0.00729
5	0.01256	0.33492	0.14735	0.00971	0.01442	0.10108	0.00956	0.01505	0.01086	0.01414	0.00810	0.00943	0.00681	0.00431	0.00381	0.00108	0.00561	0.00303	0.00248	0.28567
6	0.00619	0.00488	0.00561	0.00614	0.00726	0.00430	0.00445	0.00737	0.01081	0.01346	0.04047	0.35311	0.44287	0.01408	0.00623	0.00188	0.00284	0.05913	0.00469	0.00423
7	0.00722	0.00542	0.00813	0.00813	0.00903	0.00632	0.00632	0.00903	0.00813	0.01174	0.01354	0.01987	0.01264	0.03792	0.80225	0.00813	0.01354	0.00542	0.00271	0.00451
8	0.01014	0.02616	0.79609	0.01441	0.02189	0.01174	0.01868	0.01601	0.01068	0.01601	0.00907	0.01068	0.00641	0.00480	0.00480	0.00160	0.00747	0.00374	0.00214	0.00747
9	0.01450	0.06506	0.09617	0.08136	0.16464	0.12230	0.10556	0.01722	0.01171	0.15029	0.01057	0.01243	0.00801	0.00551	0.00646	0.00160	0.11213	0.00441	0.00306	0.00700
10	0.01922	0.01416	0.01518	0.01163	0.01568	0.01568	0.00961	0.77388	0.02378	0.03187	0.01214	0.01214	0.00860	0.00607	0.00506	0.00152	0.00556	0.00455	0.00506	0.00860
11	0.00735	0.00490	0.00552	0.00552	0.00552	0.00490	0.00306	0.00735	0.00735	0.00980	0.01593	0.03309	0.01838	0.82229	0.02574	0.00490	0.00490	0.00735	0.00306	0.00306
12	0.01328	0.01334	0.03394	0.09616	0.07780	0.13251	0.22395	0.13101	0.01357	0.03795	0.02439	0.11102	0.01186	0.00671	0.00581	0.00166	0.03115	0.02402	0.00334	0.00653
13	0.01209	0.04377	0.07819	0.07607	0.40414	0.06372	0.16498	0.01530	0.01151	0.01553	0.01098	0.04582	0.02449	0.00519	0.00517	0.00156	0.00665	0.00512	0.00260	0.00714
14	0.00728	0.00519	0.00696	0.00696	0.00746	0.00569	0.00487	0.00828	0.00778	0.01088	0.01461	0.02576	0.01520	0.38739	0.45629	0.00669	0.00969	0.00628	0.00287	0.00387
15	0.01259	0.00704	0.00851	0.00732	0.00978	0.00650	0.00576	0.04427	0.07507	0.26355	0.22098	0.03222	0.26693	0.00939	0.00559	0.00163	0.00330	0.00789	0.00546	0.00623
16	0.01466	0.03786	0.03742	0.08944	0.26306	0.28282	0.08121	0.01731	0.02558	0.04426	0.00930	0.01159	0.00750	0.00513	0.00554	0.00151	0.05216	0.00418	0.00268	0.00679
17	0.01176	0.01816	0.34967	0.06634	0.06912	0.01249	0.16754	0.08330	0.11815	0.01788	0.01112	0.01283	0.00822	0.00518	0.00542	0.00164	0.02621	0.00464	0.00292	0.00738
18	0.00613	0.00452	0.00575	0.00673	0.00725	0.00413	0.00456	0.00708	0.00998	0.01303	0.03162	0.69538	0.15463	0.01536	0.00638	0.00200	0.00287	0.01378	0.00469	0.00413
19	0.01347	0.00957	0.01070	0.00946	0.02326	0.01029	0.00723	0.26445	0.19270	0.07409	0.03708	0.16565	0.03708	0.04150	0.00609	0.00178	0.00419	0.00706	0.07749	0.00687
20	0.09304	0.03688	0.22596	0.01291	0.02957	0.21705	0.06313	0.15794	0.01389	0.03642	0.00970	0.01122	0.00740	0.00718	0.05441	0.00190	0.00752	0.00395	0.00306	0.00687
21	0.01185	0.01337	0.12728	0.08629	0.04884	0.01214	0.17031	0.04918	0.34725	0.01870	0.03064	0.01700	0.01221	0.00600	0.00532	0.00169	0.00581	0.02498	0.00381	0.00734
22	0.03334	0.08369	0.03248	0.07326	0.01484	0.06257	0.00822	0.03830	0.22377	0.09653	0.01308	0.01341	0.00993	0.00522	0.00443	0.00130	0.00476	0.00412	0.00380	0.27296
23	0.01169	0.01063	0.03648	0.01263	0.01594	0.03946	0.24410	0.07772	0.01237	0.07407	0.04406	0.21641	0.01595	0.00780	0.00582	0.00161	0.02760	0.00736	0.00374	0.13456

[dist]
# distance from previous block
# <min> <max>
0	2

[block]
# block no. 4 follows, 49 sequences, length 67
# corresponding to MSA columns:
# 1791-1857
name=unknown_E
#
# <colnr> <probs for GDERKNQSTAVLIFYWHMCP>
#	G	D	E	R	K	N	Q	S	T	A	V	L	I	F	Y	W	H	M	C	P
0	0.00969	0.00927	0.03166	0.27715	0.04715	0.05470	0.08197	0.01221	0.04506	0.01252	0.01241	0.02135	0.01198	0.33675	0.01351	0.00296	0.00617	0.00576	0.00277	0.00495
1	0.01282	0.46137	0.07129	0.01324	0.01798	0.03537	0.26214	0.01558	0.01095	0.01374	0.00830	0.01020	0.00691	0.00433	0.00429	0.00131	0.00659	0.00387	0.00233	0.03739
2	0.00773	0.00593	0.00827	0.12009	0.01236	0.00600	0.00719	0.01012	0.01248	0.01671	0.32910	0.04242	0.11141	0.01116	0.00621	0.00188	0.00383	0.27763	0.00468	0.00480
3	0.01785	0.01170	0.04368	0.01105	0.01421	0.01228	0.00937	0.25300	0.07300	0.30092	0.01427	0.01418	0.01001	0.00675	0.00758	0.00170	0.18107	0.00477	0.00477	0.00785
4	0.01355	0.01333	0.08468	0.01691	0.14861	0.01239	0.21201	0.25479	0.04013	0.02105	0.04758	0.03487	0.01132	0.05761	0.00666	0.00181	0.00628	0.00552	0.00361	0.00728
5	0.01169	0.01683	0.38673	0.01136	0.01625	0.01005	0.01244	0.01812	0.16921	0.11788	0.15927	0.01828	0.01680	0.00645	0.00513	0.00162	0.00540	0.00533	0.00392	0.00722
6	0.00618	0.00461	0.00577	0.00668	0.00732	0.00420	0.00461	0.00720	0.01017	0.01315	0.03317	0.61849	0.20575	0.01509	0.00636	0.00198	0.00290	0.03751	0.00469	0.00416
7	0.01044	0.01892	0.45659	0.01372	0.03716	0.01073	0.10514	0.06319	0.03121	0.01805	0.16817	0.01688	0.01536	0.00599	0.00521	0.00161	0.00632	0.00522	0.00315	0.00694
8	0.01638	0.08190	0.06419	0.01313	0.01589	0.53110	0.04331	0.01830	0.02520	0.01284	0.00797	0.00978	0.00672	0.00564	0.00633	0.00146	0.12770	0.00357	0.00252	0.00604
9	0.02269	0.00861	0.01174	0.00900	0.01291	0.00743	0.00743	0.02464	0.01447	0.79425	0.01995	0.01721	0.01252	0.00626	0.00509	0.00156	0.00430	0.00509	0.00626	0.00861
10	0.00735	0.00490	0.00552	0.00552	0.00552	0.00490	0.00306	0.00735	0.00735	0.00980	0.01593	0.03309	0.01838	0.82229	0.02574	0.00490	0.00490	0.00735	0.00306	0.00306
11	0.00657	0.00473	0.00611	0.00695	0.00762	0.00441	0.00497	0.00786	0.01063	0.01421	0.11227	0.54043	0.11613	0.01441	0.00633	0.00197	0.00301	0.09792	0.02916	0.00428
12	0.01098	0.01111	0.04341	0.37226	0.04522	0.01167	0.23430	0.08217	0.01182	0.01574	0.01113	0.07962	0.00940	0.00591	0.00580	0.00172	0.03301	0.00572	0.00279	0.00623
13	0.00616	0.00440	0.00587	0.00704	0.00733	0.00411	0.00469	0.00704	0.00968	0.01291	0.02787	0.81899	0.03344	0.01584	0.00645	0.00205	0.00293	0.01438	0.00469	0.00411
14	0.01352	0.82533	0.02650	0.00865	0.01298	0.02001	0.00865	0.01514	0.01027	0.01190	0.00703	0.00811	0.00649	0.00433	0.00324	0.00108	0.00541	0.00270	0.00216	0.00649
15	0.01233	0.10593	0.22407	0.04675	0.10233	0.05250	0.30472	0.03586	0.02519	0.02818	0.00972	0.01203	0.00739	0.00463	0.00511	0.00156	0.00739	0.00464	0.00256	0.00708
16	0.12746	0.57990	0.03649	0.00899	0.01288	0.04206	0.00858	0.03341	0.01048	0.03931	0.00761	0.00878	0.00661	0.00480	0.00423	0.00126	0.05526	0.00297	0.00251	0.00641
17	0.00628	0.00468	0.00589	0.00680	0.00748	0.00428	0.00479	0.00737	0.01025	0.01326	0.03298	0.58472	0.20119	0.01501	0.00639	0.00200	0.00299	0.07474	0.00469	0.00419
18	0.01914	0.01376	0.01486	0.01145	0.01544	0.01515	0.00944	0.70747	0.05238	0.06988	0.01286	0.01265	0.00906	0.00611	0.00506	0.00153	0.00544	0.00462	0.00512	0.00858
19	0.01179	0.17692	0.15798	0.20299	0.07726	0.06281	0.15869	0.01512	0.01080	0.01406	0.00866	0.01145	0.00688	0.00493	0.00554	0.00155	0.05952	0.00421	0.00231	0.00653
20	0.01014	0.02616	0.79609	0.01441	0.02189	0.01174	0.01868	0.01601	0.01068	0.01601	0.00907	0.01068	0.00641	0.00480	0.00480	0.00160	0.00747	0.00374	0.00214	0.00747
21	0.02269	0.00861	0.01174	0.00900	0.01291	0.00743	0.00743	0.02464	0.01447	0.79425	0.01995	0.01721	0.01252	0.00626	0.00509	0.00156	0.00430	0.00509	0.00626	0.00861
22	0.00652	0.00481	0.00617	0.00710	0.00784	0.00447	0.00519	0.00777	0.01047	0.01359	0.04515	0.51954	0.17283	0.01483	0.00646	0.00203	0.00318	0.15310	0.00470	0.00425
23	0.03680	0.09880	0.16125	0.03375	0.04975	0.17535	0.01100	0.05534	0.09867	0.13379	0.01231	0.01295	0.02412	0.00581	0.00559	0.00154	0.06850	0.00422	0.00344	0.00704
24	0.01372	0.01158	0.01365	0.01288	0.07751	0.05144	0.00978	0.26745	0.08915	0.02071	0.03784	0.02113	0.01352	0.00882	0.02693	0.00197	0.17714	0.13397	0.00402	0.00681
25	0.13339	0.01224	0.01115	0.00944	0.01266	0.12812	0.00740	0.12329	0.22415	0.01991	0.01440	0.05098	0.03593	0.00613	0.00454	0.00141	0.00481	0.00473	0.00397	0.19134
26	0.01537	0.28561	0.01734	0.01003	0.01351	0.19186	0.00851	0.24309	0.01542	0.01825	0.01501	0.01530	0.11808	0.00625	0.00447	0.00135	0.00588	0.00451	0.00349	0.00667
27	0.03291	0.00599	0.00752	0.00750	0.00899	0.00565	0.00582	0.03925	0.01223	0.04992	0.22629	0.24604	0.08712	0.01182	0.00601	0.00182	0.00338	0.17281	0.00483	0.06410
28	0.00977	0.00939	0.01667	0.63223	0.03163	0.01101	0.12112	0.01318	0.01050	0.01357	0.01063	0.01709	0.00872	0.00568	0.00534	0.00174	0.00682	0.06671	0.00249	0.00571
29	0.01241	0.01071	0.01127	0.01016	0.01299	0.01236	0.00790	0.02637	0.76179	0.02096	0.02137	0.01963	0.03533	0.00701	0.00517	0.00171	0.00396	0.00584	0.00513	0.00791
30	0.00778	0.00555	0.00772	0.00889	0.00989	0.00550	0.00750	0.00983	0.01127	0.01471	0.02698	0.20022	0.02992	0.01432	0.00688	0.00228	0.00433	0.61721	0.00466	0.00455
31	0.15079	0.01346	0.01366	0.01071	0.01454	0.04770	0.00880	0.56435	0.02027	0.08939	0.01177	0.01180	0.00833	0.00583	0.00474	0.00152	0.00536	0.00426	0.00475	0.00800
32	0.00716	0.00517	0.00676	0.00636	0.00755	0.00477	0.00477	0.00954	0.01431	0.02028	0.78808	0.03777	0.04771	0.01034	0.00596	0.00159	0.00239	0.00914	0.00557	0.00477
33	0.02170	0.00832	0.01121	0.00868	0.01238	0.00723	0.00714	0.02368	0.01418	0.73636	0.01969	0.01733	0.01255	0.00623	0.00497	0.00154	0.00416	0.00506	0.06927	0.00832
34	0.00720	0.00515	0.00706	0.00823	0.00898	0.00501	0.00651	0.00884	0.01071	0.01408	0.02730	0.41920	0.03117	0.01486	0.00673	0.00220	0.00384	0.40387	0.00467	0.00440
35	0.01922	0.01416	0.01518	0.01163	0.01568	0.01568	0.00961	0.77388	0.02378	0.03187	0.01214	0.01214	0.00860	0.00607	0.00506	0.00152	0.00556	0.00455	0.00506	0.00860
36	0.85801	0.00978	0.00743	0.00665	0.00978	0.01134	0.00548	0.01486	0.00861	0.02269	0.00704	0.00821	0.00548	0.00469	0.00313	0.00156	0.00391	0.00274	0.00313	0.00548
37	0.02203	0.00888	0.01176	0.00905	0.01289	0.00793	0.00747	0.07744	0.01501	0.71604	0.01929	0.01690	0.01225	0.00623	0.00504	0.00155	0.00433	0.00504	0.03238	0.00848
38	0.00716	0.00517	0.00676	0.00636	0.00755	0.00477	0.00477	0.00954	0.01431	0.02028	0.78808	0.03777	0.04771	0.01034	0.00596	0.00159	0.00239	0.00914	0.00557	0.00477
39	0.02193	0.00866	0.01156	0.00891	0.01270	0.00765	0.00734	0.05552	0.01469	0.72646	0.01946	0.01707	0.01237	0.00623	0.00501	0.00154	0.00427	0.00505	0.04514	0.00843
40	0.00889	0.00492	0.00560	0.00565	0.00680	0.00471	0.00415	0.01089	0.01121	0.05343	0.14001	0.18497	0.05224	0.00888	0.00467	0.00146	0.00258	0.00760	0.47657	0.00476
41	0.00677	0.00491	0.00639	0.00654	0.00745	0.00452	0.00471	0.00860	0.01262	0.01749	0.49841	0.30410	0.07398	0.01231	0.00613	0.00175	0.00258	0.01099	0.00523	0.00452
42	0.01675	0.00727	0.00981	0.00803	0.01087	0.00639	0.00642	0.01880	0.01420	0.50014	0.27646	0.06101	0.02522	0.00806	0.00544	0.00160	0.00360	0.00687	0.00596	0.00712
43	0.01089	0.01080	0.01515	0.01304	0.01308	0.01507	0.01084	0.01202	0.00776	0.01215	0.00696	0.01147	0.00691	0.01019	0.05280	0.00249	0.77619	0.00447	0.00224	0.00548
44	0.00632	0.00501	0.00570	0.00585	0.00716	0.00438	0.00429	0.00780	0.01183	0.01508	0.21772	0.19221	0.46021	0.01283	0.00608	0.00176	0.00263	0.02389	0.00490	0.00436
45	0.01181	0.42086	0.41600	0.01157	0.01749	0.01583	0.01373	0.01558	0.01048	0.01398	0.00806	0.00941	0.00645	0.00457	0.00403	0.00134	0.00645	0.00323	0.00215	0.00699
46	0.62464	0.04792	0.01145	0.01110	0.12153	0.01210	0.03775	0.01489	0.00919	0.02055	0.00750	0.00917	0.00603	0.00483	0.00416	0.00157	0.04355	0.00320	0.00293	0.00594
47	0.00890	0.00824	0.00803	0.00788	0.00950	0.11786	0.00565	0.01016	0.01062	0.01365	0.02226	0.48328	0.06770	0.01152	0.00557	0.00164	0.00397	0.01010	0.00403	0.18945
48	0.01275	0.16528	0.02219	0.01506	0.01789	0.11005	0.26434	0.01503	0.01041	0.01349	0.00805	0.01114	0.00694	0.00604	0.00911	0.00172	0.29749	0.00448	0.00237	0.00618
49	0.00630	0.00453	0.00600	0.00706	0.00748	0.00423	0.00484	0.00733	0.01005	0.01338	0.06360	0.72029	0.05828	0.01540	0.00644	0.00203	0.00298	0.05085	0.00473	0.00417
50	0.01106	0.01106	0.01549	0.01328	0.01328	0.01549	0.01106	0.01217	0.00774	0.01217	0.00664	0.01106	0.00664	0.00885	0.01659	0.00221	0.81303	0.00443	0.00221	0.00553
51	0.00693	0.00508	0.00651	0.00633	0.00746	0.00465	0.00468	0.00904	0.01353	0.01882	0.63289	0.12841	0.11442	0.01120	0.00602	0.00165	0.00246	0.00989	0.00539	0.00465
52	0.02269	0.00861	0.01174	0.00900	0.01291	0.00743	0.00743	0.02464	0.01447	0.79425	0.01995	0.01721	0.01252	0.00626	0.00509	0.00156	0.00430	0.00509	0.00626	0.00861
53	0.01955	0.01462	0.01473	0.01151	0.01539	0.09659	0.00940	0.61799	0.02183	0.10873	0.01250	0.01235	0.00879	0.00600	0.00501	0.00150	0.00580	0.00447	0.00493	0.00832
54	0.01245	0.00960	0.01058	0.00944	0.01208	0.01066	0.00735	0.02343	0.57030	0.08909	0.16430	0.02226	0.02123	0.00746	0.00529	0.00168	0.00373	0.00630	0.00532	0.00745
55	0.85801	0.00978	0.00743	0.00665	0.00978	0.01134	0.00548	0.01486	0.00861	0.02269	0.00704	0.00821	0.00548	0.00469	0.00313	0.00156	0.00391	0.00274	0.00313	0.00548
56	0.01352	0.82533	0.02650	0.00865	0.01298	0.02001	0.00865	0.01514	0.01027	0.01190	0.00703	0.00811	0.00649	0.00433	0.00324	0.00108	0.00541	0.00270	0.00216	0.00649
57	0.00943	0.00471	0.00471	0.00471	0.00589	0.00471	0.00353	0.01178	0.01060	0.01885	0.01650	0.01885	0.01296	0.00589	0.00353	0.00118	0.00236	0.00471	0.85036	0.00471
58	0.37026	0.01152	0.01317	0.01061	0.01416	0.01276	0.11571	0.18313	0.18145	0.02343	0.01157	0.01217	0.00865	0.00541	0.00439	0.00161	0.00495	0.00424	0.00391	0.00690
59	0.02269	0.00861	0.01174	0.00900	0.01291	0.00743	0.00743	0.02464	0.01447	0.79425	0.01995	0.01721	0.01252	0.00626	0.00509	0.00156	0.00430	0.00509	0.00626	0.00861
60	0.00716	0.00517	0.00676	0.00636	0.00755	0.00477	0.00477	0.00954	0.01431	0.02028	0.78808	0.03777	0.04771	0.01034	0.00596	0.00159	0.00239	0.00914	0.00557	0.00477
61	0.00616	0.00440	0.00587	0.00704	0.00733	0.00411	0.00469	0.00704	0.00968	0.01291	0.02787	0.81899	0.03344	0.01584	0.00645	0.00205	0.00293	0.01438	0.00469	0.00411
62	0.85801	0.00978	0.00743	0.00665	0.00978	0.01134	0.00548	0.01486	0.00861	0.02269	0.00704	0.00821	0.00548	0.00469	0.00313	0.00156	0.00391	0.00274	0.00313	0.00548
63	0.01210	0.00955	0.01041	0.00897	0.01157	0.01033	0.00706	0.21885	0.28422	0.02277	0.21308	0.02583	0.12709	0.00832	0.00544	0.00163	0.00382	0.00693	0.00517	0.00685
64	0.00771	0.00670	0.01086	0.00951	0.01110	0.00643	0.14479	0.00971	0.01158	0.01574	0.25161	0.31641	0.11709	0.01144	0.00663	0.00182	0.04111	0.01042	0.00445	0.00488
65	0.01380	0.28447	0.01581	0.00929	0.01223	0.20751	0.00775	0.01826	0.17947	0.01544	0.01210	0.01288	0.00976	0.00541	0.00404	0.00129	0.00540	0.00390	0.17488	0.00631
66	0.01168	0.22728	0.12637	0.00909	0.01385	0.01162	0.00874	0.04229	0.05559	0.01603	0.00927	0.01043	0.00757	0.00431	0.00389	0.00104	0.00479	0.00324	0.00285	0.43006

[dist]
# distance from previous block
# <min> <max>
0	1

[block]
# block no. 5 follows, 49 sequences, length 142
# corresponding to MSA columns:
# 1859-2000
name=unknown_F
#
# <colnr> <probs for GDERKNQSTAVLIFYWHMCP>
#	G	D	E	R	K	N	Q	S	T	A	V	L	I	F	Y	W	H	M	C	P
0	0.01409	0.01234	0.01181	0.01054	0.01344	0.10983	0.00818	0.02588	0.63124	0.07598	0.01896	0.01754	0.01412	0.00661	0.00507	0.00165	0.00466	0.00537	0.00491	0.00778
1	0.55404	0.01259	0.01316	0.01065	0.01414	0.11812	0.16576	0.02937	0.01034	0.02011	0.00790	0.00954	0.00613	0.00470	0.00395	0.00156	0.00560	0.00351	0.00297	0.00586
2	0.01193	0.07032	0.08479	0.02019	0.04438	0.01319	0.64633	0.01609	0.01172	0.01590	0.00991	0.01302	0.00751	0.00431	0.00567	0.00165	0.00817	0.00555	0.00250	0.00687
3	0.00878	0.00439	0.00659	0.00659	0.00659	0.00439	0.00439	0.00659	0.00659	0.00878	0.00878	0.01537	0.00878	0.01757	0.01976	0.85288	0.00439	0.00439	0.00220	0.00220
4	0.01057	0.01091	0.07181	0.01244	0.01535	0.01034	0.20004	0.08508	0.08452	0.01793	0.16118	0.06274	0.09260	0.00812	0.00712	0.00176	0.10715	0.03029	0.00390	0.00615
5	0.01700	0.01017	0.01208	0.00918	0.01325	0.00946	0.00748	0.19261	0.07072	0.29787	0.01446	0.01387	0.01011	0.00540	0.00463	0.00129	0.00438	0.00430	0.00479	0.29695
6	0.01246	0.01196	0.02043	0.04548	0.77673	0.01200	0.01549	0.01547	0.01149	0.01645	0.00950	0.01253	0.00799	0.00452	0.00501	0.00151	0.00602	0.00451	0.00250	0.00797
7	0.01230	0.01180	0.02014	0.08738	0.73608	0.01196	0.01541	0.01533	0.01141	0.01626	0.00947	0.01259	0.00792	0.00455	0.00501	0.00152	0.00606	0.00450	0.00248	0.00784
8	0.00645	0.00460	0.00620	0.00737	0.00779	0.00435	0.00519	0.00753	0.00996	0.01323	0.02771	0.70952	0.03282	0.01557	0.00653	0.00209	0.00318	0.12103	0.00469	0.00419
9	0.01641	0.01858	0.01321	0.01191	0.01465	0.46736	0.00907	0.04471	0.31767	0.01641	0.01298	0.01306	0.01010	0.00589	0.00481	0.00147	0.00699	0.00427	0.00368	0.00679
10	0.01371	0.01696	0.06602	0.01103	0.01384	0.40174	0.04709	0.02978	0.06486	0.01447	0.05865	0.02147	0.20480	0.00741	0.00512	0.00149	0.00660	0.00576	0.00345	0.00576
11	0.01039	0.08395	0.74043	0.01400	0.02124	0.01234	0.01796	0.01595	0.01065	0.01572	0.00893	0.01049	0.00641	0.00477	0.00469	0.00156	0.00732	0.00366	0.00214	0.00740
12	0.01106	0.01106	0.01549	0.01328	0.01328	0.01549	0.01106	0.01217	0.00774	0.01217	0.00664	0.01106	0.00664	0.00885	0.01659	0.00221	0.81303	0.00443	0.00221	0.00553
13	0.01889	0.02410	0.01433	0.01303	0.01563	0.80199	0.00977	0.02019	0.01433	0.01238	0.00782	0.00912	0.00651	0.00521	0.00456	0.00130	0.00912	0.00326	0.00261	0.00586
14	0.01805	0.01035	0.01223	0.00978	0.01323	0.01064	0.00794	0.26698	0.13837	0.32834	0.09289	0.01791	0.01517	0.00749	0.02520	0.00174	0.00471	0.00542	0.00554	0.00803
15	0.01263	0.61544	0.22862	0.01017	0.01532	0.01784	0.01129	0.01537	0.01038	0.01298	0.00757	0.00879	0.00647	0.00445	0.00365	0.00122	0.00595	0.00298	0.00216	0.00675
16	0.01889	0.02410	0.01433	0.01303	0.01563	0.80199	0.00977	0.02019	0.01433	0.01238	0.00782	0.00912	0.00651	0.00521	0.00456	0.00130	0.00912	0.00326	0.00261	0.00586
17	0.00764	0.00594	0.00828	0.00837	0.00945	0.00601	0.03015	0.00958	0.01170	0.01579	0.23489	0.19353	0.09985	0.01255	0.00720	0.00199	0.06419	0.26354	0.00467	0.00468
18	0.23700	0.01099	0.01519	0.05262	0.07490	0.01141	0.14923	0.11320	0.07193	0.19620	0.01251	0.01315	0.00888	0.00531	0.00473	0.00160	0.00536	0.00454	0.00404	0.00722
19	0.01014	0.02616	0.79609	0.01441	0.02189	0.01174	0.01868	0.01601	0.01068	0.01601	0.00907	0.01068	0.00641	0.00480	0.00480	0.00160	0.00747	0.00374	0.00214	0.00747
20	0.00716	0.00517	0.00676	0.00636	0.00755	0.00477	0.00477	0.00954	0.01431	0.02028	0.78808	0.03777	0.04771	0.01034	0.00596	0.00159	0.00239	0.00914	0.00557	0.00477
21	0.01163	0.04801	0.01879	0.43078	0.18512	0.01215	0.12299	0.05722	0.01157	0.03944	0.00970	0.01310	0.00741	0.00489	0.00510	0.00161	0.00665	0.00465	0.00262	0.00658
22	0.00955	0.00899	0.01517	0.81013	0.03483	0.01123	0.01404	0.01292	0.01011	0.01292	0.00899	0.01348	0.00674	0.00506	0.00506	0.00169	0.00674	0.00449	0.00225	0.00562
23	0.00602	0.00495	0.00530	0.00557	0.00695	0.00423	0.00404	0.00721	0.01110	0.01349	0.04578	0.22827	0.61260	0.01351	0.00609	0.00179	0.00265	0.01154	0.00470	0.00423
24	0.00673	0.00497	0.00637	0.00732	0.00791	0.00482	0.00509	0.00867	0.06569	0.01366	0.02821	0.68868	0.06192	0.01497	0.00637	0.00203	0.00309	0.05436	0.00472	0.00443
25	0.15593	0.05675	0.05688	0.01013	0.01406	0.05039	0.00879	0.31543	0.01665	0.22645	0.01306	0.01351	0.00929	0.00589	0.00466	0.00153	0.00521	0.02309	0.00461	0.00768
26	0.01039	0.08395	0.74043	0.01400	0.02124	0.01234	0.01796	0.01595	0.01065	0.01572	0.00893	0.01049	0.00641	0.00477	0.00469	0.00156	0.00732	0.00366	0.00214	0.00740
27	0.01106	0.01106	0.01549	0.01328	0.01328	0.01549	0.01106	0.01217	0.00774	0.01217	0.00664	0.01106	0.00664	0.00885	0.01659	0.00221	0.81303	0.00443	0.00221	0.00553
28	0.01049	0.00899	0.01049	0.00749	0.01198	0.00674	0.00599	0.01273	0.01049	0.01648	0.00899	0.01049	0.00749	0.00374	0.00374	0.00075	0.00374	0.00300	0.00300	0.85320
29	0.01489	0.01187	0.01625	0.10560	0.36127	0.10800	0.02609	0.01734	0.01228	0.19669	0.01302	0.07164	0.01057	0.00588	0.00510	0.00156	0.00590	0.00523	0.00352	0.00732
30	0.05154	0.03291	0.37351	0.01278	0.01814	0.01289	0.04992	0.16702	0.19295	0.02056	0.01228	0.01286	0.00896	0.00549	0.00489	0.00161	0.00614	0.00440	0.00348	0.00768
31	0.01014	0.02616	0.79609	0.01441	0.02189	0.01174	0.01868	0.01601	0.01068	0.01601	0.00907	0.01068	0.00641	0.00480	0.00480	0.00160	0.00747	0.00374	0.00214	0.00747
32	0.01073	0.01063	0.01719	0.50246	0.02840	0.03697	0.11588	0.03526	0.01043	0.01375	0.00876	0.01286	0.00689	0.00571	0.00738	0.00177	0.16204	0.00464	0.00237	0.00586
33	0.01244	0.56969	0.27268	0.01050	0.01583	0.01736	0.01186	0.01542	0.01040	0.01321	0.00768	0.00893	0.00646	0.00448	0.00374	0.00125	0.00607	0.00303	0.00215	0.00680
34	0.01258	0.01086	0.01143	0.01029	0.01315	0.01258	0.00800	0.02687	0.78161	0.02115	0.02058	0.01887	0.01544	0.00686	0.00515	0.00172	0.00400	0.00572	0.00515	0.00800
35	0.01087	0.00601	0.00786	0.00692	0.00881	0.00539	0.00535	0.01307	0.01415	0.20908	0.54694	0.03353	0.09269	0.00952	0.00575	0.00159	0.00287	0.00826	0.00567	0.00567
36	0.00598	0.00512	0.00512	0.00512	0.00683	0.00427	0.00384	0.00726	0.01153	0.01366	0.05123	0.04866	0.78869	0.01281	0.00598	0.00171	0.00256	0.01067	0.00470	0.00427
37	0.00955	0.00899	0.01517	0.81013	0.03483	0.01123	0.01404	0.01292	0.01011	0.01292	0.00899	0.01348	0.00674	0.00506	0.00506	0.00169	0.00674	0.00449	0.00225	0.00562
38	0.40480	0.01703	0.01099	0.01000	0.01280	0.41734	0.00775	0.01749	0.01163	0.01719	0.00795	0.00995	0.00663	0.00520	0.00396	0.00145	0.00661	0.02267	0.00290	0.00565
39	0.31685	0.26441	0.27664	0.00985	0.01480	0.01412	0.01086	0.01533	0.00981	0.01716	0.00772	0.00901	0.00610	0.00462	0.00372	0.00143	0.00556	0.00306	0.00250	0.00645
40	0.00955	0.00899	0.01517	0.81013	0.03483	0.01123	0.01404	0.01292	0.01011	0.01292	0.00899	0.01348	0.00674	0.00506	0.00506	0.00169	0.00674	0.00449	0.00225	0.00562
41	0.00616	0.00440	0.00587	0.00704	0.00733	0.00411	0.00469	0.00704	0.00968	0.01291	0.02787	0.81899	0.03344	0.01584	0.00645	0.00205	0.00293	0.01438	0.00469	0.00411
42	0.00616	0.00440	0.00587	0.00704	0.00733	0.00411	0.00469	0.00704	0.00968	0.01291	0.02787	0.81899	0.03344	0.01584	0.00645	0.00205	0.00293	0.01438	0.00469	0.00411
43	0.43079	0.01201	0.01138	0.00919	0.01279	0.01355	0.00758	0.40145	0.01633	0.02736	0.00964	0.01021	0.00707	0.00539	0.00411	0.00154	0.00475	0.00366	0.00411	0.00707
44	0.01195	0.01357	0.02936	0.02103	0.02608	0.01278	0.75244	0.01648	0.03201	0.01633	0.01050	0.01378	0.00788	0.00433	0.00595	0.00171	0.00841	0.00596	0.00263	0.00685
45	0.00616	0.00440	0.00587	0.00704	0.00733	0.00411	0.00469	0.00704	0.00968	0.01291	0.02787	0.81899	0.03344	0.01584	0.00645	0.00205	0.00293	0.01438	0.00469	0.00411
46	0.02240	0.00855	0.01166	0.00900	0.01286	0.00740	0.00745	0.02436	0.01442	0.77882	0.02008	0.01800	0.01285	0.00641	0.00512	0.00158	0.00431	0.01997	0.00623	0.00853
47	0.01049	0.00899	0.01049	0.00749	0.01198	0.00674	0.00599	0.01273	0.01049	0.01648	0.00899	0.01049	0.00749	0.00374	0.00374	0.00075	0.00374	0.00300	0.00300	0.85320
48	0.00616	0.00440	0.00587	0.00704	0.00733	0.00411	0.00469	0.00704	0.00968	0.01291	0.02787	0.81899	0.03344	0.01584	0.00645	0.00205	0.00293	0.01438	0.00469	0.00411
49	0.00955	0.00899	0.01517	0.81013	0.03483	0.01123	0.01404	0.01292	0.01011	0.01292	0.00899	0.01348	0.00674	0.00506	0.00506	0.00169	0.00674	0.00449	0.00225	0.00562
50	0.02269	0.00861	0.01174	0.00900	0.01291	0.00743	0.00743	0.02464	0.01447	0.79425	0.01995	0.01721	0.01252	0.00626	0.00509	0.00156	0.00430	0.00509	0.00626	0.00861
51	0.00726	0.00499	0.00617	0.00669	0.00701	0.00492	0.00454	0.00796	0.00881	0.01167	0.02099	0.21585	0.02412	0.46423	0.01730	0.00370	0.00440	0.17197	0.00378	0.00365
52	0.85801	0.00978	0.00743	0.00665	0.00978	0.01134	0.00548	0.01486	0.00861	0.02269	0.00704	0.00821	0.00548	0.00469	0.00313	0.00156	0.00391	0.00274	0.00313	0.00548
53	0.01352	0.82533	0.02650	0.00865	0.01298	0.02001	0.00865	0.01514	0.01027	0.01190	0.00703	0.00811	0.00649	0.00433	0.00324	0.00108	0.00541	0.00270	0.00216	0.00649
54	0.00732	0.00497	0.00585	0.00581	0.00602	0.00499	0.00351	0.00774	0.00827	0.01124	0.11125	0.03273	0.02160	0.66622	0.07839	0.00472	0.00520	0.00744	0.00335	0.00338
55	0.00955	0.00899	0.01517	0.81013	0.03483	0.01123	0.01404	0.01292	0.01011	0.01292	0.00899	0.01348	0.00674	0.00506	0.00506	0.00169	0.00674	0.00449	0.00225	0.00562
56	0.00722	0.00542	0.00813	0.00813	0.00903	0.00632	0.00632	0.00903	0.00813	0.01174	0.01354	0.01987	0.01264	0.03792	0.80225	0.00813	0.01354	0.00542	0.00271	0.00451
57	0.01252	0.01201	0.02053	0.03104	0.79074	0.01201	0.01552	0.01552	0.01151	0.01652	0.00951	0.01252	0.00801	0.00451	0.00501	0.00150	0.00601	0.00451	0.00250	0.00801
58	0.00878	0.00439	0.00659	0.00659	0.00659	0.00439	0.00439	0.00659	0.00659	0.00878	0.00878	0.01537	0.00878	0.01757	0.01976	0.85288	0.00439	0.00439	0.00220	0.00220
