[name]
unknown

[dist]
# distance from previous block
# <min> <max>
0	36

[block]
# block no. 0 follows, 47 sequences, length 9
# corresponding to MSA columns:
# 36-44
name=unknown_A
#
# <colnr> <probs for GDERKNQSTAVLIFYWHMCP>
#	G	D	E	R	K	N	Q	S	T	A	V	L	I	F	Y	W	H	M	C	P
0	0.00879	0.00941	0.12447	0.26197	0.01847	0.00786	0.00977	0.01160	0.01047	0.01509	0.01712	0.26895	0.01702	0.00889	0.00529	0.00173	0.00483	0.00780	0.18510	0.00537
1	0.01128	0.05310	0.08765	0.01039	0.01315	0.01166	0.00924	0.11030	0.01192	0.01670	0.01820	0.01959	0.17455	0.00799	0.00883	0.00167	0.26044	0.00553	0.00335	0.16444
2	0.01753	0.01484	0.01706	0.01337	0.01676	0.08335	0.08285	0.49397	0.01949	0.02586	0.01090	0.01218	0.00821	0.00651	0.00740	0.00169	0.15124	0.00469	0.00421	0.00786
3	0.01473	0.01937	0.29564	0.01263	0.01754	0.11511	0.01273	0.23774	0.14239	0.02179	0.01244	0.01304	0.00914	0.00579	0.00499	0.00158	0.00649	0.00442	0.04467	0.00777
4	0.01366	0.01781	0.24723	0.01301	0.01751	0.14166	0.12284	0.14479	0.01410	0.01932	0.01150	0.01325	0.00865	0.00540	0.00485	0.00151	0.00666	0.00447	0.18488	0.00691
5	0.28344	0.19559	0.08768	0.00992	0.01418	0.01535	0.00919	0.28858	0.01512	0.02366	0.00935	0.01014	0.00713	0.00527	0.00413	0.00149	0.00533	0.00359	0.00363	0.00723
6	0.01789	0.27187	0.01924	0.01116	0.01526	0.10357	0.00960	0.44585	0.01899	0.02407	0.01034	0.01084	0.00793	0.00558	0.00456	0.00140	0.00608	0.00394	0.00398	0.00785
7	0.05698	0.01431	0.01326	0.01087	0.01431	0.16308	0.00870	0.33675	0.09720	0.14124	0.01391	0.01381	0.01002	0.00612	0.00490	0.00152	0.00571	0.00457	0.07497	0.00777
8	0.01420	0.00949	0.01103	0.00917	0.01172	0.01009	0.00720	0.31255	0.01575	0.09561	0.03639	0.01915	0.01309	0.13646	0.17920	0.00351	0.00688	0.00545	0.06156	0.04149

[dist]
# distance from previous block
# <min> <max>
4	23

[block]
# block no. 1 follows, 47 sequences, length 20
# corresponding to MSA columns:
# 68-87
name=unknown_B
#
# <colnr> <probs for GDERKNQSTAVLIFYWHMCP>
#	G	D	E	R	K	N	Q	S	T	A	V	L	I	F	Y	W	H	M	C	P
0	0.06397	0.01473	0.15801	0.01103	0.01501	0.07696	0.01012	0.08823	0.28664	0.13503	0.07313	0.01695	0.01420	0.00650	0.00511	0.00165	0.00529	0.00517	0.00457	0.00770
1	0.03694	0.25237	0.09109	0.00856	0.01200	0.01189	0.00802	0.08066	0.04469	0.04114	0.17082	0.02228	0.12357	0.00737	0.00478	0.00146	0.00442	0.00585	0.05093	0.02116
2	0.00740	0.00577	0.00694	0.00693	0.00861	0.00514	0.00554	0.00937	0.01255	0.01641	0.22740	0.04668	0.33947	0.01218	0.00626	0.00183	0.00326	0.20664	0.00492	0.06670
3	0.01088	0.00951	0.01187	0.00848	0.01314	0.00728	0.04692	0.01330	0.01088	0.01695	0.00932	0.01097	0.00772	0.00389	0.00398	0.00082	0.00412	0.00325	0.00306	0.80364
4	0.01080	0.00926	0.01080	0.00771	0.01234	0.00694	0.00617	0.01311	0.01080	0.01697	0.00926	0.01080	0.00771	0.00386	0.00386	0.00077	0.00386	0.00309	0.00309	0.84882
5	0.01139	0.01139	0.01595	0.01367	0.01367	0.01595	0.01139	0.01253	0.00798	0.01253	0.00684	0.01139	0.00684	0.00911	0.01709	0.00228	0.80745	0.00456	0.00228	0.00570
6	0.00910	0.00505	0.00579	0.00579	0.00693	0.00529	0.00440	0.01138	0.01024	0.01746	0.01618	0.01969	0.01326	0.01485	0.21471	0.00312	0.00549	0.00505	0.62140	0.00480
7	0.01128	0.01095	0.01550	0.01250	0.01427	0.01305	0.06527	0.01301	0.00914	0.01416	0.00783	0.01141	0.00718	0.00720	0.01233	0.00179	0.50853	0.00423	0.00255	0.25783
8	0.00772	0.00710	0.00847	0.00779	0.00902	0.00785	0.00618	0.00899	0.01071	0.01361	0.03903	0.03854	0.55055	0.01197	0.00942	0.00191	0.24322	0.00907	0.00407	0.00479
9	0.01208	0.01082	0.01267	0.01122	0.01316	0.01326	0.00894	0.02184	0.48989	0.01895	0.07281	0.01846	0.01563	0.00794	0.00889	0.00191	0.24414	0.00575	0.00443	0.00724
10	0.01145	0.00613	0.00766	0.00715	0.00911	0.00536	0.00539	0.01294	0.01243	0.24573	0.09058	0.26577	0.27589	0.01191	0.00603	0.00181	0.00327	0.01028	0.00538	0.00572
11	0.01120	0.01133	0.02128	0.41067	0.18822	0.01221	0.23931	0.01487	0.01127	0.01508	0.00975	0.01373	0.00750	0.00485	0.00548	0.00170	0.00734	0.00508	0.00246	0.00667
12	0.00901	0.00499	0.00548	0.00536	0.00658	0.00487	0.00402	0.01144	0.01206	0.01985	0.24560	0.02524	0.02405	0.00744	0.00439	0.00134	0.00244	0.00622	0.59475	0.00487
13	0.01249	0.01125	0.01302	0.01152	0.01358	0.01385	0.00918	0.02315	0.54578	0.01902	0.01690	0.01703	0.01319	0.00768	0.00882	0.00192	0.24426	0.00549	0.00440	0.00748
14	0.01388	0.00914	0.01456	0.56676	0.02912	0.01040	0.01243	0.01691	0.01176	0.24491	0.01263	0.01503	0.00872	0.00558	0.00522	0.00170	0.00619	0.00481	0.00355	0.00670
15	0.01026	0.02165	0.55852	0.25088	0.02652	0.01194	0.01781	0.01554	0.01082	0.01554	0.00932	0.01186	0.00670	0.00503	0.00503	0.00168	0.00747	0.00408	0.00223	0.00712
16	0.00848	0.24885	0.01186	0.00636	0.00893	0.00924	0.00544	0.00990	0.01148	0.01353	0.03915	0.03763	0.55051	0.01058	0.00531	0.00157	0.00351	0.00854	0.00406	0.00508
17	0.01932	0.00898	0.01314	0.24697	0.02004	0.00882	0.00969	0.02177	0.01356	0.55650	0.01717	0.01658	0.01111	0.00608	0.00523	0.00165	0.00518	0.00505	0.00521	0.00794
18	0.60149	0.00983	0.01004	0.24528	0.01778	0.01165	0.00828	0.01471	0.00933	0.02036	0.00785	0.01008	0.00603	0.00495	0.00382	0.00165	0.00490	0.00336	0.00295	0.00568
19	0.00721	0.00489	0.00579	0.00615	0.00624	0.00480	0.00366	0.00748	0.00829	0.01105	0.02008	0.26709	0.02357	0.57764	0.02057	0.00417	0.00444	0.00973	0.00366	0.00348

[dist]
# distance from previous block
# <min> <max>
0	2

[block]
# block no. 2 follows, 47 sequences, length 17
# corresponding to MSA columns:
# 90-106
name=unknown_C
#
# <colnr> <probs for GDERKNQSTAVLIFYWHMCP>
#	G	D	E	R	K	N	Q	S	T	A	V	L	I	F	Y	W	H	M	C	P
0	0.01954	0.02224	0.01498	0.01306	0.01611	0.59983	0.01002	0.20859	0.01721	0.01780	0.00917	0.01017	0.00725	0.00559	0.00482	0.00140	0.00847	0.00369	0.00332	0.00675
1	0.85377	0.01007	0.00765	0.00685	0.01007	0.01168	0.00564	0.01531	0.00886	0.02336	0.00725	0.00846	0.00564	0.00483	0.00322	0.00161	0.00403	0.00282	0.00322	0.00564
2	0.00729	0.00575	0.00843	0.20776	0.01457	0.00612	0.00716	0.00879	0.00994	0.01311	0.02310	0.56708	0.02662	0.06003	0.00744	0.00219	0.00413	0.01182	0.00410	0.00456
3	0.53051	0.06530	0.01137	0.00858	0.01214	0.01358	0.00716	0.22760	0.04292	0.02523	0.00927	0.01001	0.00701	0.00529	0.00387	0.00157	0.00461	0.00346	0.00380	0.00672
4	0.01026	0.06146	0.50417	0.21268	0.02444	0.01192	0.01656	0.01520	0.01108	0.01577	0.06062	0.01344	0.00952	0.00537	0.00501	0.00164	0.00705	0.00436	0.00246	0.00698
5	0.01842	0.00857	0.01119	0.00857	0.01244	0.00717	0.00698	0.02056	0.01385	0.50847	0.10263	0.01834	0.01563	0.00626	0.00499	0.00140	0.00407	0.00516	0.00552	0.21978
6	0.01140	0.00621	0.00825	0.00723	0.00917	0.00560	0.00560	0.01374	0.01478	0.21394	0.59021	0.03357	0.04002	0.00959	0.00591	0.00163	0.00295	0.00837	0.00591	0.00591
7	0.01442	0.01036	0.01686	0.30555	0.31977	0.01090	0.01334	0.01738	0.01210	0.20970	0.01231	0.01447	0.00894	0.00530	0.00519	0.00163	0.00602	0.00479	0.00346	0.00751
8	0.00983	0.00926	0.01562	0.80447	0.03587	0.01157	0.01446	0.01331	0.01041	0.01331	0.00926	0.01388	0.00694	0.00521	0.00521	0.00174	0.00694	0.00463	0.00231	0.00579
9	0.00634	0.00453	0.00604	0.00725	0.00755	0.00423	0.00483	0.00725	0.00997	0.01329	0.02870	0.81358	0.03444	0.01632	0.00665	0.00211	0.00302	0.01480	0.00483	0.00423
10	0.01572	0.57123	0.02363	0.00995	0.01423	0.06453	0.00923	0.20500	0.01432	0.01746	0.00861	0.00946	0.00723	0.00496	0.00389	0.00124	0.00583	0.00330	0.00300	0.00719
11	0.00726	0.00492	0.00577	0.00608	0.00615	0.00484	0.00358	0.00749	0.00818	0.01090	0.01950	0.23022	0.02284	0.61551	0.02151	0.00431	0.00454	0.00939	0.00358	0.00343
12	0.00966	0.00878	0.01466	0.49115	0.07742	0.01011	0.07018	0.01230	0.00994	0.01301	0.01119	0.01891	0.01012	0.20937	0.01064	0.00256	0.00656	0.00549	0.00257	0.00538
13	0.01334	0.01116	0.01519	0.46505	0.02714	0.01317	0.01232	0.25352	0.10018	0.02043	0.01162	0.01407	0.00855	0.00574	0.00522	0.00168	0.00624	0.00479	0.00356	0.00703
14	0.01753	0.01325	0.01441	0.01091	0.01519	0.01383	0.00896	0.57740	0.02104	0.02883	0.01169	0.01207	0.00857	0.00565	0.00487	0.00136	0.00526	0.00429	0.00468	0.22021
15	0.00788	0.00622	0.00904	0.20741	0.01482	0.00651	0.00731	0.01042	0.01312	0.01813	0.50335	0.11904	0.03688	0.00991	0.00596	0.00172	0.00365	0.00881	0.00477	0.00506
16	0.00983	0.00926	0.01562	0.80447	0.03587	0.01157	0.01446	0.01331	0.01041	0.01331	0.00926	0.01388	0.00694	0.00521	0.00521	0.00174	0.00694	0.00463	0.00231	0.00579

[dist]
# distance from previous block
# <min> <max>
0	1

[block]
# block no. 3 follows, 47 sequences, length 11
# corresponding to MSA columns:
# 108-118
name=unknown_D
#
# <colnr> <probs for GDERKNQSTAVLIFYWHMCP>
#	G	D	E	R	K	N	Q	S	T	A	V	L	I	F	Y	W	H	M	C	P
0	0.16335	0.00974	0.01414	0.28637	0.02164	0.01060	0.06666	0.01805	0.01170	0.28345	0.01277	0.01413	0.00884	0.00573	0.00560	0.00170	0.05007	0.00463	0.00393	0.00691
1	0.01108	0.01019	0.01560	0.29773	0.25157	0.01021	0.01205	0.01404	0.01098	0.01568	0.00942	0.01252	0.00760	0.00457	0.00472	0.00135	0.00565	0.00410	0.00266	0.29830
2	0.00863	0.00762	0.01230	0.52855	0.02607	0.00903	0.01113	0.01121	0.01026	0.01330	0.01599	0.29066	0.01646	0.00905	0.00571	0.00187	0.00559	0.00815	0.00319	0.00525
3	0.01180	0.00835	0.00912	0.00786	0.00930	0.00889	0.00549	0.27046	0.01343	0.01796	0.01506	0.02661	0.01545	0.53639	0.01914	0.00384	0.00528	0.00657	0.00387	0.00513
4	0.01566	0.01856	0.01621	0.01403	0.01575	0.42312	0.05561	0.01709	0.01177	0.01289	0.00769	0.01051	0.00683	0.00688	0.00997	0.00176	0.34319	0.00402	0.00251	0.00595
5	0.00935	0.00752	0.00955	0.00914	0.01077	0.00874	0.00711	0.01566	0.27373	0.01544	0.01646	0.02010	0.01402	0.02798	0.52256	0.00608	0.01055	0.00569	0.00366	0.00589
6	0.00760	0.00514	0.00543	0.00535	0.00683	0.00465	0.00402	0.00950	0.01205	0.01712	0.16871	0.03752	0.38714	0.01028	0.00528	0.00155	0.00253	0.00859	0.29609	0.00465
7	0.01432	0.00626	0.00746	0.00646	0.00865	0.00583	0.00509	0.01660	0.01249	0.28553	0.05601	0.01979	0.01496	0.00642	0.00432	0.00137	0.00312	0.00521	0.51384	0.00624
8	0.01850	0.00911	0.01162	0.00879	0.01298	0.00767	0.00717	0.02125	0.05104	0.48335	0.01667	0.01541	0.01125	0.00558	0.00476	0.00133	0.00422	0.00452	0.00523	0.29954
9	0.00778	0.00477	0.00560	0.00610	0.00670	0.00463	0.00411	0.00911	0.01005	0.01513	0.05322	0.36103	0.02484	0.16242	0.00930	0.00233	0.00317	0.00979	0.29565	0.00427
10	0.00751	0.00464	0.00563	0.00642	0.00704	0.00445	0.00442	0.00894	0.01030	0.01541	0.02465	0.53872	0.02714	0.01277	0.00561	0.00180	0.00282	0.01136	0.29593	0.00445

[dist]
# distance from previous block
# <min> <max>
0	1

[block]
# block no. 4 follows, 47 sequences, length 7
# corresponding to MSA columns:
# 120-126
name=unknown_E
#
# <colnr> <probs for GDERKNQSTAVLIFYWHMCP>
#	G	D	E	R	K	N	Q	S	T	A	V	L	I	F	Y	W	H	M	C	P
0	0.00657	0.00453	0.00610	0.00721	0.00749	0.00425	0.00481	0.00721	0.00971	0.01295	0.02709	0.74808	0.03236	0.01646	0.00777	0.07161	0.00314	0.01396	0.00462	0.00407
1	0.00643	0.00460	0.00612	0.00719	0.00757	0.00429	0.00484	0.00746	0.01036	0.01392	0.09053	0.74998	0.03565	0.01585	0.00661	0.00208	0.00297	0.01436	0.00491	0.00429
2	0.00737	0.00532	0.00696	0.00655	0.00778	0.00491	0.00491	0.00983	0.01474	0.02088	0.78175	0.03890	0.04914	0.01065	0.00614	0.00164	0.00246	0.00942	0.00573	0.00491
3	0.01934	0.01331	0.01459	0.01141	0.01539	0.01451	0.00935	0.56003	0.12768	0.13730	0.01484	0.01420	0.01040	0.00639	0.00523	0.00160	0.00532	0.00493	0.00540	0.00877
4	0.47668	0.01394	0.01110	0.00978	0.01237	0.19516	0.00785	0.05036	0.01079	0.01946	0.00760	0.00937	0.00624	0.00576	0.00604	0.00166	0.14359	0.00333	0.00303	0.00589
5	0.01232	0.01412	0.11889	0.08289	0.58304	0.01234	0.06849	0.01591	0.01168	0.01667	0.00975	0.01280	0.00792	0.00470	0.00520	0.00159	0.00661	0.00464	0.00252	0.00792
6	0.74647	0.00947	0.00757	0.00681	0.00978	0.01082	0.00555	0.01461	0.00961	0.02305	0.10543	0.01232	0.01115	0.00557	0.00359	0.00161	0.00383	0.00366	0.00354	0.00555

[dist]
# distance from previous block
# <min> <max>
0	1

[block]
# block no. 5 follows, 47 sequences, length 82
# corresponding to MSA columns:
# 128-209
name=unknown_F
#
# <colnr> <probs for GDERKNQSTAVLIFYWHMCP>
#	G	D	E	R	K	N	Q	S	T	A	V	L	I	F	Y	W	H	M	C	P
0	0.00636	0.00533	0.00558	0.00571	0.00739	0.00454	0.00438	0.00777	0.01184	0.01419	0.04994	0.06680	0.69759	0.01336	0.00626	0.00182	0.00284	0.07902	0.00483	0.00443
1	0.01753	0.00938	0.01141	0.00946	0.01275	0.00940	0.00757	0.04280	0.28502	0.39862	0.11827	0.02092	0.01851	0.00720	0.00537	0.00167	0.00410	0.00599	0.00592	0.00814
2	0.01973	0.01664	0.01545	0.01227	0.01614	0.17231	0.00993	0.61770	0.02254	0.02880	0.01161	0.01188	0.00843	0.00607	0.00511	0.00152	0.00646	0.00442	0.00470	0.00829
3	0.00634	0.00453	0.00604	0.00725	0.00755	0.00423	0.00483	0.00725	0.00997	0.01329	0.02870	0.81358	0.03444	0.01632	0.00665	0.00211	0.00302	0.01480	0.00483	0.00423
4	0.01395	0.01112	0.01249	0.00921	0.01368	0.01017	0.00748	0.27747	0.01560	0.02253	0.01039	0.01140	0.00811	0.00470	0.00433	0.00105	0.00451	0.00365	0.00383	0.55433
5	0.85377	0.01007	0.00765	0.00685	0.01007	0.01168	0.00564	0.01531	0.00886	0.02336	0.00725	0.00846	0.00564	0.00483	0.00322	0.00161	0.00403	0.00282	0.00322	0.00564
6	0.26004	0.01423	0.01325	0.01063	0.01439	0.08663	0.00869	0.48185	0.01909	0.02825	0.01058	0.01105	0.00773	0.00576	0.00459	0.00156	0.00558	0.00403	0.00440	0.00767
7	0.02336	0.00886	0.01209	0.00927	0.01329	0.00765	0.00765	0.02538	0.01491	0.78810	0.02055	0.01773	0.01289	0.00645	0.00524	0.00161	0.00443	0.00524	0.00645	0.00886
8	0.01229	0.01405	0.03073	0.02195	0.02722	0.01317	0.76558	0.01668	0.01229	0.01668	0.01054	0.01405	0.00790	0.00439	0.00615	0.00176	0.00878	0.00615	0.00263	0.00702
9	0.01023	0.00966	0.01634	0.70385	0.13337	0.01167	0.01466	0.01365	0.01060	0.01379	0.00933	0.01375	0.00711	0.00513	0.00520	0.00171	0.00684	0.00463	0.00235	0.00611
10	0.00938	0.00938	0.01822	0.01420	0.01720	0.00873	0.37870	0.01224	0.01190	0.01600	0.11863	0.25091	0.09210	0.00944	0.00629	0.00184	0.00574	0.00951	0.00387	0.00571
11	0.00634	0.00453	0.00604	0.00725	0.00755	0.00423	0.00483	0.00725	0.00997	0.01329	0.02870	0.81358	0.03444	0.01632	0.00665	0.00211	0.00302	0.01480	0.00483	0.00423
12	0.00661	0.00472	0.00634	0.00755	0.00797	0.00446	0.00529	0.00771	0.01023	0.01359	0.02856	0.71671	0.03387	0.01607	0.00672	0.00215	0.00325	0.10909	0.00483	0.00430
13	0.01229	0.01405	0.03073	0.02195	0.02722	0.01317	0.76558	0.01668	0.01229	0.01668	0.01054	0.01405	0.00790	0.00439	0.00615	0.00176	0.00878	0.00615	0.00263	0.00702
14	0.00810	0.00590	0.00799	0.00904	0.01031	0.00579	0.00782	0.01036	0.01197	0.01539	0.03080	0.05764	0.12654	0.01423	0.00706	0.00232	0.00452	0.65467	0.00480	0.00474
15	0.00696	0.00509	0.00654	0.00664	0.00765	0.00467	0.00480	0.00887	0.01310	0.01807	0.49771	0.26313	0.11237	0.01251	0.00629	0.00179	0.00264	0.01111	0.00539	0.00467
16	0.01045	0.02694	0.79000	0.01484	0.02254	0.01209	0.01924	0.01649	0.01099	0.01649	0.00935	0.01099	0.00660	0.00495	0.00495	0.00165	0.00770	0.00385	0.00220	0.00770
17	0.01089	0.12873	0.69211	0.01408	0.02136	0.01319	0.01792	0.01638	0.01094	0.01595	0.00908	0.01066	0.00661	0.00488	0.00474	0.00158	0.00742	0.00371	0.00220	0.00757
18	0.00737	0.00532	0.00696	0.00655	0.00778	0.00491	0.00491	0.00983	0.01474	0.02088	0.78175	0.03890	0.04914	0.01065	0.00614	0.00164	0.00246	0.00942	0.00573	0.00491
19	0.02336	0.00886	0.01209	0.00927	0.01329	0.00765	0.00765	0.02538	0.01491	0.78810	0.02055	0.01773	0.01289	0.00645	0.00524	0.00161	0.00443	0.00524	0.00645	0.00886
20	0.01600	0.01193	0.01307	0.01100	0.01434	0.01323	0.00894	0.34591	0.31773	0.07057	0.01813	0.02086	0.01429	0.00752	0.00547	0.00174	0.00491	0.09094	0.00527	0.00815
21	0.01042	0.00996	0.01408	0.01236	0.01259	0.01362	0.01019	0.01173	0.00807	0.01242	0.00859	0.01363	0.00836	0.01651	0.20947	0.00378	0.61155	0.00481	0.00240	0.00544
22	0.00737	0.00532	0.00696	0.00655	0.00778	0.00491	0.00491	0.00983	0.01474	0.02088	0.78175	0.03890	0.04914	0.01065	0.00614	0.00164	0.00246	0.00942	0.00573	0.00491
23	0.05983	0.01938	0.01482	0.01244	0.01583	0.39781	0.00977	0.36546	0.01897	0.02254	0.01007	0.01078	0.00765	0.00575	0.00486	0.00146	0.00744	0.00395	0.00388	0.00732
24	0.01367	0.70745	0.06263	0.00935	0.01382	0.01949	0.00935	0.01675	0.08095	0.01333	0.00863	0.00950	0.00753	0.00472	0.00360	0.00120	0.00554	0.00312	0.00251	0.00688
25	0.01980	0.01459	0.01563	0.01198	0.01615	0.01615	0.00990	0.76713	0.02448	0.03282	0.01250	0.01250	0.00886	0.00625	0.00521	0.00156	0.00573	0.00469	0.00521	0.00886
26	0.01235	0.01389	0.02985	0.02287	0.09690	0.01310	0.69661	0.01662	0.01225	0.01671	0.01047	0.01394	0.00793	0.00441	0.00605	0.00174	0.00854	0.00601	0.00263	0.00714
27	0.01229	0.01405	0.03073	0.02195	0.02722	0.01317	0.76558	0.01668	0.01229	0.01668	0.01054	0.01405	0.00790	0.00439	0.00615	0.00176	0.00878	0.00615	0.00263	0.00702
28	0.01372	0.01526	0.01561	0.01360	0.01437	0.24071	0.01101	0.01491	0.00993	0.01259	0.00719	0.01082	0.00680	0.00803	0.01352	0.00201	0.57752	0.00421	0.00240	0.00579
29	0.00774	0.00637	0.00732	0.00665	0.00893	0.00519	0.00494	0.00927	0.01097	0.01480	0.03144	0.25885	0.30995	0.01102	0.00554	0.00154	0.00315	0.00949	0.00426	0.28259
30	0.01945	0.02482	0.01476	0.01342	0.01610	0.79608	0.01006	0.02079	0.01476	0.01275	0.00805	0.00939	0.00671	0.00537	0.00470	0.00134	0.00939	0.00335	0.00268	0.00604
31	0.00788	0.00586	0.00740	0.00692	0.00831	0.00565	0.00522	0.01147	0.08470	0.02097	0.71177	0.03711	0.04608	0.01032	0.00606	0.00165	0.00261	0.00909	0.00569	0.00522
32	0.00634	0.00453	0.00604	0.00725	0.00755	0.00423	0.00483	0.00725	0.00997	0.01329	0.02870	0.81358	0.03444	0.01632	0.00665	0.00211	0.00302	0.01480	0.00483	0.00423
33	0.00983	0.00926	0.01562	0.80447	0.03587	0.01157	0.01446	0.01331	0.01041	0.01331	0.00926	0.01388	0.00694	0.00521	0.00521	0.00174	0.00694	0.00463	0.00231	0.00579
34	0.79544	0.01015	0.00872	0.00755	0.01082	0.01160	0.04123	0.01525	0.00915	0.02300	0.02470	0.00940	0.00672	0.00494	0.00342	0.00162	0.00422	0.00312	0.00325	0.00569
35	0.00634	0.00453	0.00604	0.00725	0.00755	0.00423	0.00483	0.00725	0.00997	0.01329	0.02870	0.81358	0.03444	0.01632	0.00665	0.00211	0.00302	0.01480	0.00483	0.00423
36	0.01513	0.00723	0.00958	0.00797	0.01057	0.00651	0.00633	0.03918	0.01510	0.37590	0.40736	0.02834	0.03120	0.00858	0.00570	0.00162	0.00347	0.00735	0.00605	0.00685
37	0.00873	0.08241	0.01501	0.01138	0.01369	0.00833	0.22428	0.01076	0.01094	0.01427	0.02458	0.41115	0.12023	0.01139	0.00614	0.00187	0.00487	0.01071	0.00396	0.00528
38	0.01250	0.01347	0.02742	0.02541	0.28858	0.01289	0.50687	0.01644	0.01214	0.01680	0.01028	0.01365	0.00802	0.00448	0.00580	0.00168	0.00788	0.00563	0.00261	0.00745
39	0.00634	0.00453	0.00604	0.00725	0.00755	0.00423	0.00483	0.00725	0.00997	0.01329	0.02870	0.81358	0.03444	0.01632	0.00665	0.00211	0.00302	0.01480	0.00483	0.00423
40	0.01088	0.05980	0.25803	0.31652	0.02832	0.01263	0.20986	0.01528	0.01109	0.01510	0.00951	0.01274	0.00707	0.00488	0.00527	0.00168	0.00757	0.00468	0.00236	0.00674
41	0.01474	0.03401	0.09706	0.01370	0.01658	0.05435	0.11963	0.06250	0.01179	0.17243	0.01136	0.03212	0.00897	0.00715	0.00988	0.00188	0.31649	0.00500	0.00343	0.00694
42	0.00623	0.00499	0.00557	0.00603	0.00723	0.00433	0.00429	0.00739	0.01115	0.01377	0.04361	0.34033	0.49807	0.01438	0.00634	0.00189	0.00278	0.01244	0.00484	0.00433
43	0.00714	0.00515	0.00676	0.00671	0.00773	0.00476	0.00490	0.00925	0.01368	0.01919	0.61374	0.21174	0.04586	0.01191	0.00625	0.00174	0.00258	0.01062	0.00553	0.00476
44	0.01505	0.04337	0.08467	0.01165	0.01440	0.36206	0.00963	0.11660	0.01370	0.01549	0.01116	0.05445	0.01017	0.07317	0.11009	0.00267	0.03766	0.00480	0.00311	0.00608
45	0.01227	0.01398	0.03037	0.02175	0.02689	0.01324	0.74715	0.01658	0.01219	0.01658	0.01045	0.01398	0.00788	0.00451	0.00641	0.00177	0.02830	0.00611	0.00263	0.00699
46	0.01045	0.02694	0.79000	0.01484	0.02254	0.01209	0.01924	0.01649	0.01099	0.01649	0.00935	0.01099	0.00660	0.00495	0.00495	0.00165	0.00770	0.00385	0.00220	0.00770
47	0.01932	0.02217	0.01515	0.01369	0.04054	0.59930	0.01021	0.18510	0.01681	0.01730	0.00909	0.01019	0.00723	0.00554	0.00482	0.00140	0.00848	0.00369	0.00324	0.00673
48	0.01229	0.01405	0.03073	0.02195	0.02722	0.01317	0.76558	0.01668	0.01229	0.01668	0.01054	0.01405	0.00790	0.00439	0.00615	0.00176	0.00878	0.00615	0.00263	0.00702
49	0.01289	0.01237	0.02114	0.03196	0.78450	0.01237	0.01598	0.01598	0.01186	0.01701	0.00980	0.01289	0.00825	0.00464	0.00516	0.00155	0.00619	0.00464	0.00258	0.00825
50	0.00971	0.00485	0.00485	0.00485	0.00607	0.00485	0.00364	0.01213	0.01092	0.01942	0.01699	0.01942	0.01335	0.00607	0.00364	0.00121	0.00243	0.00485	0.84589	0.00485
51	0.00905	0.00452	0.00678	0.00678	0.00678	0.00452	0.00452	0.00678	0.00678	0.00905	0.00905	0.01583	0.00905	0.01809	0.02035	0.84848	0.00452	0.00452	0.00226	0.00226
52	0.85377	0.01007	0.00765	0.00685	0.01007	0.01168	0.00564	0.01531	0.00886	0.02336	0.00725	0.00846	0.00564	0.00483	0.00322	0.00161	0.00403	0.00282	0.00322	0.00564
53	0.01289	0.01237	0.02114	0.03196	0.78450	0.01237	0.01598	0.01598	0.01186	0.01701	0.00980	0.01289	0.00825	0.00464	0.00516	0.00155	0.00619	0.00464	0.00258	0.00825
54	0.01080	0.00926	0.01080	0.00771	0.01234	0.00694	0.00617	0.01311	0.01080	0.01697	0.00926	0.01080	0.00771	0.00386	0.00386	0.00077	0.00386	0.00309	0.00309	0.84882
55	0.00634	0.00453	0.00604	0.00725	0.00755	0.00423	0.00483	0.00725	0.00997	0.01329	0.02870	0.81358	0.03444	0.01632	0.00665	0.00211	0.00302	0.01480	0.00483	0.00423
56	0.85377	0.01007	0.00765	0.00685	0.01007	0.01168	0.00564	0.01531	0.00886	0.02336	0.00725	0.00846	0.00564	0.00483	0.00322	0.00161	0.00403	0.00282	0.00322	0.00564
57	0.01980	0.01459	0.01563	0.01198	0.01615	0.01615	0.00990	0.76713	0.02448	0.03282	0.01250	0.01250	0.00886	0.00625	0.00521	0.00156	0.00573	0.00469	0.00521	0.00886
58	0.01289	0.01205	0.01815	0.01421	0.01801	0.01267	0.26182	0.07581	0.40341	0.02065	0.05091	0.01769	0.01392	0.00616	0.00556	0.00171	0.00571	0.00595	0.00434	0.03838
59	0.01470	0.01463	0.01232	0.01100	0.01339	0.28582	0.00854	0.17209	0.07583	0.01754	0.01222	0.01483	0.01018	0.01725	0.27622	0.00383	0.00964	0.00463	0.01904	0.00630
60	0.00634	0.00453	0.00604	0.00725	0.00755	0.00423	0.00483	0.00725	0.00997	0.01329	0.02870	0.81358	0.03444	0.01632	0.00665	0.00211	0.00302	0.01480	0.00483	0.00423
61	0.00905	0.00452	0.00678	0.00678	0.00678	0.00452	0.00452	0.00678	0.00678	0.00905	0.00905	0.01583	0.00905	0.01809	0.02035	0.84848	0.00452	0.00452	0.00226	0.00226
62	0.01573	0.03291	0.03939	0.01976	0.20145	0.08392	0.27829	0.01884	0.01285	0.20226	0.01233	0.01395	0.00899	0.00519	0.00578	0.00163	0.03044	0.00513	0.00351	0.00764
63	0.05070	0.02459	0.68173	0.01402	0.02112	0.01191	0.01756	0.01736	0.04558	0.05321	0.01031	0.01157	0.00727	0.00511	0.00490	0.00165	0.00721	0.00396	0.00259	0.00768
64	0.01139	0.01139	0.01595	0.01367	0.01367	0.01595	0.01139	0.01253	0.00798	0.01253	0.00684	0.01139	0.00684	0.00911	0.01709	0.00228	0.80745	0.00456	0.00228	0.00570
65	0.00730	0.00536	0.00695	0.00720	0.00836	0.00500	0.00560	0.00938	0.01303	0.01766	0.40123	0.15810	0.13660	0.01268	0.00646	0.00190	0.00311	0.18410	0.00527	0.00472
66	0.01581	0.01551	0.22033	0.01553	0.02098	0.01090	0.29876	0.01977	0.01290	0.29534	0.01384	0.01459	0.00937	0.00528	0.00551	0.00168	0.00693	0.00522	0.00390	0.00786
67	0.01266	0.01101	0.01213	0.08405	0.01561	0.01283	0.00882	0.02634	0.70433	0.02100	0.02009	0.01892	0.01507	0.00689	0.00529	0.00176	0.00438	0.00577	0.00502	0.00802
68	0.00615	0.00528	0.00528	0.00528	0.00703	0.00440	0.00396	0.00747	0.01187	0.01407	0.05276	0.05012	0.78238	0.01319	0.00615	0.00176	0.00264	0.01099	0.00484	0.00440
69	0.01245	0.01446	0.10872	0.02719	0.48226	0.01257	0.23231	0.01624	0.01189	0.01686	0.00996	0.01301	0.00797	0.00460	0.00542	0.00162	0.00710	0.00499	0.00255	0.00783
70	0.00983	0.00926	0.01562	0.80447	0.03587	0.01157	0.01446	0.01331	0.01041	0.01331	0.00926	0.01388	0.00694	0.00521	0.00521	0.00174	0.00694	0.00463	0.00231	0.00579
71	0.00615	0.00528	0.00528	0.00528	0.00703	0.00440	0.00396	0.00747	0.01187	0.01407	0.05276	0.05012	0.78238	0.01319	0.00615	0.00176	0.00264	0.01099	0.00484	0.00440
72	0.01252	0.01439	0.03022	0.02168	0.02686	0.03806	0.74157	0.01681	0.01237	0.01656	0.01046	0.01390	0.00786	0.00442	0.00610	0.00174	0.00880	0.00606	0.00264	0.00699
73	0.01350	0.23471	0.01915	0.31930	0.02336	0.20362	0.04365	0.01623	0.03130	0.01322	0.00871	0.01137	0.00708	0.00517	0.00496	0.00149	0.03059	0.00391	0.00247	0.00620
74	0.00686	0.00526	0.00627	0.00610	0.00748	0.00468	0.00455	0.00880	0.01340	0.01790	0.46550	0.08343	0.32710	0.01191	0.00617	0.00171	0.00255	0.01030	0.00535	0.00468
75	0.02336	0.00886	0.01209	0.00927	0.01329	0.00765	0.00765	0.02538	0.01491	0.78810	0.02055	0.01773	0.01289	0.00645	0.00524	0.00161	0.00443	0.00524	0.00645	0.00886
76	0.01975	0.01604	0.01550	0.01219	0.01614	0.12699	0.00992	0.66106	0.02310	0.02997	0.01187	0.01206	0.00855	0.00613	0.00514	0.00153	0.00625	0.00450	0.00485	0.00846
77	0.01229	0.01405	0.03073	0.02195	0.02722	0.01317	0.76558	0.01668	0.01229	0.01668	0.01054	0.01405	0.00790	0.00439	0.00615	0.00176	0.00878	0.00615	0.00263	0.00702
78	0.00617	0.00522	0.00533	0.00543	0.00707	0.00438	0.00402	0.00746	0.01172	0.01401	0.05090	0.10907	0.72463	0.01343	0.00619	0.00179	0.00267	0.01129	0.00484	0.00438
79	0.01063	0.02566	0.71492	0.01555	0.02300	0.01220	0.09305	0.01651	0.01112	0.01651	0.00946	0.01130	0.00673	0.00489	0.00507	0.00166	0.00780	0.00408	0.00224	0.00763
80	0.00615	0.00528	0.00528	0.00528	0.00703	0.00440	0.00396	0.00747	0.01187	0.01407	0.05276	0.05012	0.78238	0.01319	0.00615	0.00176	0.00264	0.01099	0.00484	0.00440
81	0.01124	0.01226	0.08931	0.39054	0.36536	0.01197	0.01557	0.01478	0.01110	0.01524	0.00950	0.01318	0.00749	0.00493	0.00516	0.00164	0.00668	0.00456	0.00242	0.00705

[dist]
# distance from previous block
# <min> <max>
2	4

[block]
# block no. 6 follows, 47 sequences, length 70
# corresponding to MSA columns:
# 214-283
name=unknown_G
#
# <colnr> <probs for GDERKNQSTAVLIFYWHMCP>
#	G	D	E	R	K	N	Q	S	T	A	V	L	I	F	Y	W	H	M	C	P
0	0.01395	0.02325	0.36622	0.01540	0.06515	0.29014	0.05905	0.01844	0.05455	0.01544	0.01001	0.02674	0.00786	0.00538	0.00499	0.00156	0.00798	0.00418	0.00264	0.00706
1	0.01266	0.00697	0.00821	0.00706	0.00965	0.00615	0.00557	0.05541	0.01379	0.26997	0.09654	0.03653	0.42999	0.01039	0.00580	0.00169	0.00338	0.00863	0.00545	0.00615
2	0.01057	0.00996	0.01658	0.51934	0.22539	0.01165	0.01416	0.01376	0.01089	0.01463	0.05184	0.01487	0.00960	0.00557	0.00589	0.00171	0.04977	0.00489	0.00257	0.00637
3	0.01080	0.00926	0.01080	0.00771	0.01234	0.00694	0.00617	0.01311	0.01080	0.01697	0.00926	0.01080	0.00771	0.00386	0.00386	0.00077	0.00386	0.00309	0.00309	0.84882
4	0.01279	0.01264	0.02265	0.03039	0.66531	0.01250	0.13396	0.01609	0.01193	0.01696	0.00991	0.01307	0.00819	0.00460	0.00531	0.00158	0.00659	0.00488	0.00259	0.00806
5	0.00634	0.00453	0.00604	0.00725	0.00755	0.00423	0.00483	0.00725	0.00997	0.01329	0.02870	0.81358	0.03444	0.01632	0.00665	0.00211	0.00302	0.01480	0.00483	0.00423
6	0.01156	0.01137	0.01549	0.01334	0.01366	0.01562	0.01105	0.01419	0.09172	0.01354	0.00840	0.01227	0.00783	0.00889	0.01580	0.00222	0.71976	0.00470	0.00261	0.00597
7	0.01232	0.45421	0.37914	0.01165	0.01760	0.01668	0.01368	0.01601	0.01077	0.01421	0.00821	0.00957	0.00664	0.00468	0.00408	0.00136	0.00655	0.00328	0.00221	0.00715
8	0.00634	0.00453	0.00604	0.00725	0.00755	0.00423	0.00483	0.00725	0.00997	0.01329	0.02870	0.81358	0.03444	0.01632	0.00665	0.00211	0.00302	0.01480	0.00483	0.00423
9	0.01080	0.00926	0.01080	0.00771	0.01234	0.00694	0.00617	0.01311	0.01080	0.01697	0.00926	0.01080	0.00771	0.00386	0.00386	0.00077	0.00386	0.00309	0.00309	0.84882
10	0.01045	0.02694	0.79000	0.01484	0.02254	0.01209	0.01924	0.01649	0.01099	0.01649	0.00935	0.01099	0.00660	0.00495	0.00495	0.00165	0.00770	0.00385	0.00220	0.00770
11	0.01045	0.02694	0.79000	0.01484	0.02254	0.01209	0.01924	0.01649	0.01099	0.01649	0.00935	0.01099	0.00660	0.00495	0.00495	0.00165	0.00770	0.00385	0.00220	0.00770
12	0.00971	0.00485	0.00485	0.00485	0.00607	0.00485	0.00364	0.01213	0.01092	0.01942	0.01699	0.01942	0.01335	0.00607	0.00364	0.00121	0.00243	0.00485	0.84589	0.00485
13	0.00699	0.00531	0.00644	0.00615	0.00755	0.00475	0.00462	0.00910	0.01385	0.01876	0.55503	0.04239	0.27718	0.01144	0.00615	0.00168	0.00251	0.00991	0.00545	0.00475
14	0.00983	0.00926	0.01562	0.80447	0.03587	0.01157	0.01446	0.01331	0.01041	0.01331	0.00926	0.01388	0.00694	0.00521	0.00521	0.00174	0.00694	0.00463	0.00231	0.00579
15	0.01071	0.02535	0.70607	0.01671	0.10572	0.01212	0.01889	0.01644	0.01109	0.01655	0.00939	0.01120	0.00678	0.00491	0.00497	0.00164	0.00753	0.00393	0.00224	0.00776
16	0.00615	0.00528	0.00528	0.00528	0.00703	0.00440	0.00396	0.00747	0.01187	0.01407	0.05276	0.05012	0.78238	0.01319	0.00615	0.00176	0.00264	0.01099	0.00484	0.00440
17	0.00615	0.00528	0.00528	0.00528	0.00703	0.00440	0.00396	0.00747	0.01187	0.01407	0.05276	0.05012	0.78238	0.01319	0.00615	0.00176	0.00264	0.01099	0.00484	0.00440
18	0.00634	0.00453	0.00604	0.00725	0.00755	0.00423	0.00483	0.00725	0.00997	0.01329	0.02870	0.81358	0.03444	0.01632	0.00665	0.00211	0.00302	0.01480	0.00483	0.00423
19	0.01014	0.00831	0.01362	0.41713	0.04413	0.00940	0.09269	0.01333	0.01084	0.01592	0.01213	0.01582	0.00934	0.00541	0.00476	0.00155	0.00553	0.00487	0.29943	0.00566
20	0.00640	0.00533	0.00564	0.00580	0.00746	0.00457	0.00446	0.00783	0.01183	0.01421	0.04937	0.07115	0.68056	0.01340	0.00628	0.00184	0.00288	0.09171	0.00483	0.00444
21	0.04260	0.01036	0.01242	0.00995	0.01370	0.01041	0.00809	0.13680	0.21385	0.45501	0.01915	0.01714	0.01287	0.00653	0.00519	0.00164	0.00453	0.00526	0.00588	0.00861
22	0.01392	0.82012	0.02729	0.00891	0.01337	0.02061	0.00891	0.01559	0.01058	0.01225	0.00724	0.00835	0.00668	0.00446	0.00334	0.00111	0.00557	0.00278	0.00223	0.00668
23	0.01020	0.00965	0.01367	0.01208	0.01236	0.01311	0.00993	0.01156	0.00809	0.01240	0.00897	0.01412	0.00869	0.01812	0.25137	0.00411	0.56889	0.00486	0.00243	0.00538
24	0.01149	0.01094	0.01860	0.38693	0.44050	0.01200	0.01528	0.01475	0.01119	0.01531	0.00955	0.01335	0.00765	0.00490	0.00518	0.00163	0.00653	0.00463	0.00246	0.00712
25	0.01392	0.82012	0.02729	0.00891	0.01337	0.02061	0.00891	0.01559	0.01058	0.01225	0.00724	0.00835	0.00668	0.00446	0.00334	0.00111	0.00557	0.00278	0.00223	0.00668
26	0.00634	0.00453	0.00604	0.00725	0.00755	0.00423	0.00483	0.00725	0.00997	0.01329	0.02870	0.81358	0.03444	0.01632	0.00665	0.00211	0.00302	0.01480	0.00483	0.00423
27	0.01054	0.04832	0.76944	0.01468	0.02229	0.01232	0.01896	0.01647	0.01098	0.01638	0.00929	0.01092	0.00660	0.00493	0.00490	0.00163	0.00764	0.00382	0.00220	0.00767
28	0.02162	0.01165	0.01381	0.01059	0.01469	0.01180	0.00875	0.38708	0.01958	0.41980	0.01662	0.01518	0.01092	0.00635	0.00522	0.00159	0.00506	0.00497	0.00584	0.00886
29	0.02144	0.01195	0.01399	0.01073	0.01483	0.01223	0.00886	0.42495	0.02007	0.38125	0.01621	0.01491	0.01072	0.00634	0.00522	0.00159	0.00513	0.00494	0.00578	0.00886
30	0.02336	0.00886	0.01209	0.00927	0.01329	0.00765	0.00765	0.02538	0.01491	0.78810	0.02055	0.01773	0.01289	0.00645	0.00524	0.00161	0.00443	0.00524	0.00645	0.00886
31	0.01592	0.12321	0.19953	0.01426	0.05774	0.18583	0.06243	0.24298	0.01595	0.02008	0.00984	0.01106	0.00748	0.00531	0.00485	0.00149	0.00720	0.00405	0.00326	0.00754
32	0.02336	0.00886	0.01209	0.00927	0.01329	0.00765	0.00765	0.02538	0.01491	0.78810	0.02055	0.01773	0.01289	0.00645	0.00524	0.00161	0.00443	0.00524	0.00645	0.00886
33	0.00907	0.00453	0.00673	0.00673	0.00676	0.00453	0.00450	0.00694	0.00691	0.00936	0.00928	0.01594	0.00917	0.01773	0.01985	0.82313	0.00446	0.00453	0.02751	0.00234
34	0.01505	0.10592	0.20462	0.01478	0.11619	0.01432	0.03074	0.32366	0.01660	0.02283	0.01049	0.01162	0.00787	0.00528	0.00484	0.00147	0.00616	0.00417	0.00357	0.07982
35	0.00937	0.00770	0.00859	0.00854	0.01025	0.00828	0.00629	0.01670	0.36334	0.01731	0.02833	0.34883	0.12212	0.01164	0.00596	0.00191	0.00348	0.01020	0.00505	0.00610
36	0.00839	0.00599	0.00839	0.00959	0.01079	0.00599	0.00839	0.01079	0.01199	0.01558	0.02757	0.05874	0.02997	0.01439	0.00719	0.00240	0.00480	0.74945	0.00480	0.00480
37	0.02267	0.01103	0.01264	0.00992	0.01381	0.09435	0.00808	0.08000	0.01560	0.64734	0.01858	0.01643	0.01192	0.00631	0.00518	0.00158	0.00507	0.00499	0.00594	0.00855
38	0.01561	0.01056	0.01523	0.05193	0.29522	0.02522	0.01104	0.03781	0.11924	0.24911	0.01508	0.01605	0.01116	0.00936	0.09157	0.00235	0.00630	0.00507	0.00420	0.00791
39	0.00632	0.00461	0.00596	0.00704	0.00750	0.00425	0.00474	0.00728	0.01018	0.01338	0.03133	0.73024	0.11609	0.01597	0.00659	0.00208	0.00298	0.01439	0.00483	0.00425
40	0.00684	0.00530	0.00623	0.00600	0.00746	0.00469	0.00450	0.00881	0.01350	0.01793	0.46542	0.04377	0.36732	0.01175	0.00615	0.00169	0.00254	0.01010	0.00534	0.00469
41	0.01870	0.01524	0.01693	0.01303	0.01710	0.08793	0.09225	0.59733	0.02192	0.02886	0.01199	0.01255	0.00866	0.00596	0.00523	0.00155	0.00632	0.00473	0.02542	0.00830
42	0.01045	0.02694	0.79000	0.01484	0.02254	0.01209	0.01924	0.01649	0.01099	0.01649	0.00935	0.01099	0.00660	0.00495	0.00495	0.00165	0.00770	0.00385	0.00220	0.00770
43	0.01222	0.01429	0.04868	0.02156	0.02675	0.01322	0.72800	0.01657	0.01215	0.01657	0.01041	0.01390	0.00784	0.00453	0.00640	0.00177	0.02946	0.00605	0.00261	0.00701
44	0.00983	0.00926	0.01562	0.80447	0.03587	0.01157	0.01446	0.01331	0.01041	0.01331	0.00926	0.01388	0.00694	0.00521	0.00521	0.00174	0.00694	0.00463	0.00231	0.00579
45	0.00652	0.00529	0.00578	0.00566	0.00726	0.00455	0.00424	0.00818	0.01273	0.01612	0.27192	0.04675	0.56194	0.01242	0.00615	0.00172	0.00258	0.01052	0.00511	0.00455
46	0.00905	0.00452	0.00678	0.00678	0.00678	0.00452	0.00452	0.00678	0.00678	0.00905	0.00905	0.01583	0.00905	0.01809	0.02035	0.84848	0.00452	0.00452	0.00226	0.00226
47	0.00983	0.00926	0.01562	0.80447	0.03587	0.01157	0.01446	0.01331	0.01041	0.01331	0.00926	0.01388	0.00694	0.00521	0.00521	0.00174	0.00694	0.00463	0.00231	0.00579
48	0.01045	0.02694	0.79000	0.01484	0.02254	0.01209	0.01924	0.01649	0.01099	0.01649	0.00935	0.01099	0.00660	0.00495	0.00495	0.00165	0.00770	0.00385	0.00220	0.00770
49	0.00634	0.00453	0.00604	0.00725	0.00755	0.00423	0.00483	0.00725	0.00997	0.01329	0.02870	0.81358	0.03444	0.01632	0.00665	0.00211	0.00302	0.01480	0.00483	0.00423
50	0.01490	0.01145	0.01211	0.01014	0.01331	0.01274	0.00810	0.32751	0.32719	0.02547	0.01952	0.01887	0.06969	0.00708	0.00514	0.00162	0.00449	0.00566	0.09717	0.00784
51	0.01068	0.01038	0.01709	0.48282	0.11162	0.01283	0.05289	0.01358	0.01006	0.01369	0.00878	0.01316	0.00711	0.00607	0.00821	0.00185	0.20603	0.00469	0.00235	0.00610
52	0.00760	0.00515	0.00621	0.00621	0.00643	0.00534	0.00385	0.00804	0.00782	0.01073	0.01592	0.03093	0.01759	0.63804	0.18314	0.00563	0.00680	0.00710	0.02396	0.00350
53	0.01146	0.01160	0.01708	0.01431	0.01471	0.01574	0.06926	0.01285	0.00831	0.01285	0.00712	0.01160	0.00692	0.00875	0.01625	0.00224	0.74617	0.00468	0.00231	0.00580
54	0.00757	0.00505	0.00568	0.00568	0.00568	0.00505	0.00316	0.00757	0.00757	0.01010	0.01641	0.03408	0.01893	0.81698	0.02651	0.00505	0.00505	0.00757	0.00316	0.00316
55	0.01607	0.01787	0.01423	0.01429	0.09909	0.38934	0.00996	0.02309	0.32612	0.01692	0.01363	0.01389	0.01064	0.00598	0.00499	0.00154	0.00688	0.00453	0.00374	0.00718
56	0.01235	0.01316	0.02623	0.02381	0.25368	0.01242	0.47862	0.01618	0.01204	0.01680	0.01021	0.01344	0.00799	0.00442	0.00566	0.00161	0.00760	0.00544	0.00265	0.07568
57	0.01230	0.01296	0.02290	0.25872	0.06893	0.07068	0.37268	0.01587	0.01172	0.03338	0.00997	0.01349	0.00761	0.00497	0.00612	0.00171	0.04348	0.00524	0.00262	0.02466
58	0.01229	0.01405	0.03073	0.02195	0.02722	0.01317	0.76558	0.01668	0.01229	0.01668	0.01054	0.01405	0.00790	0.00439	0.00615	0.00176	0.00878	0.00615	0.00263	0.00702
59	0.00615	0.00528	0.00528	0.00528	0.00703	0.00440	0.00396	0.00747	0.01187	0.01407	0.05276	0.05012	0.78238	0.01319	0.00615	0.00176	0.00264	0.01099	0.00484	0.00440
60	0.01448	0.41720	0.05280	0.01122	0.01444	0.15619	0.01016	0.05519	0.01146	0.01365	0.00765	0.00957	0.00683	0.00581	0.00694	0.00147	0.19253	0.00344	0.00248	0.00649
61	0.01217	0.00901	0.01019	0.00907	0.01139	0.00965	0.00699	0.15518	0.26458	0.06324	0.19861	0.14287	0.04394	0.03109	0.00627	0.00183	0.00387	0.00796	0.00531	0.00678
62	0.00625	0.00528	0.00540	0.00537	0.00709	0.00444	0.00403	0.00765	0.01209	0.01458	0.10800	0.04927	0.72682	0.01300	0.00615	0.00175	0.00262	0.01087	0.00490	0.00444
63	0.00634	0.00453	0.00604	0.00725	0.00755	0.00423	0.00483	0.00725	0.00997	0.01329	0.02870	0.81358	0.03444	0.01632	0.00665	0.00211	0.00302	0.01480	0.00483	0.00423
64	0.01224	0.43526	0.39736	0.01179	0.01782	0.01648	0.01392	0.01603	0.01078	0.01431	0.00826	0.00964	0.00664	0.00469	0.00412	0.00137	0.00660	0.00330	0.00221	0.00717
65	0.00903	0.00775	0.01223	0.01738	0.32595	0.00757	0.00940	0.01083	0.01074	0.01482	0.02095	0.48545	0.02371	0.01153	0.00604	0.00188	0.00432	0.01064	0.00391	0.00588
66	0.01279	0.25505	0.05706	0.01058	0.01345	0.19876	0.00952	0.01491	0.01217	0.01396	0.01588	0.02939	0.01623	0.00877	0.00533	0.00172	0.00627	0.30896	0.00339	0.00581
67	0.01371	0.01201	0.01527	0.01982	0.38285	0.09658	0.01115	0.11995	0.01368	0.01940	0.01193	0.01422	0.00955	0.00533	0.00470	0.00144	0.00546	0.00456	0.23125	0.00717
68	0.00665	0.00481	0.00580	0.00645	0.00694	0.00449	0.00421	0.00738	0.00966	0.01255	0.02977	0.45679	0.16885	0.23680	0.01204	0.00286	0.00351	0.01210	0.00437	0.00396
69	0.01232	0.01253	0.02371	0.02705	0.47307	0.01221	0.28125	0.01575	0.01191	0.01669	0.01110	0.05743	0.00957	0.00519	0.00559	0.00165	0.00693	0.00573	0.00272	0.00759

[dist]
# distance from previous block
# <min> <max>
0	1

[block]
# block no. 7 follows, 47 sequences, length 54
# corresponding to MSA columns:
# 312-365
name=unknown_H
#
# <colnr> <probs for GDERKNQSTAVLIFYWHMCP>
#	G	D	E	R	K	N	Q	S	T	A	V	L	I	F	Y	W	H	M	C	P
0	0.01177	0.01091	0.01653	0.01441	0.06444	0.01172	0.20155	0.03991	0.32040	0.01850	0.01750	0.13510	0.01523	0.00770	0.00648	0.00181	0.06151	0.00704	0.03042	0.00707
1	0.00988	0.00817	0.01235	0.01601	0.24416	0.00791	0.01024	0.01239	0.01171	0.01602	0.02039	0.08434	0.02139	0.01048	0.00620	0.00196	0.00501	0.40490	0.00395	0.09252
2	0.29986	0.01985	0.32568	0.01159	0.01650	0.16561	0.01216	0.01759	0.05589	0.01841	0.00907	0.01031	0.00684	0.00512	0.00433	0.00158	0.00657	0.00352	0.00282	0.00670
3	0.01065	0.12180	0.37873	0.33342	0.02675	0.01298	0.01598	0.01509	0.01071	0.01466	0.00904	0.01182	0.00675	0.00499	0.00485	0.00162	0.00712	0.00403	0.00225	0.00679
4	0.00963	0.00895	0.03472	0.00982	0.01103	0.01016	0.00810	0.01235	0.06942	0.03360	0.21494	0.04033	0.16919	0.01007	0.01046	0.00194	0.32839	0.00731	0.00402	0.00555
5	0.01143	0.01186	0.06387	0.32499	0.43631	0.01186	0.01534	0.01479	0.01121	0.01548	0.01000	0.03162	0.00826	0.00514	0.00520	0.00164	0.00649	0.00482	0.00251	0.00718
6	0.01618	0.49785	0.02227	0.01064	0.01447	0.28603	0.00937	0.06381	0.01287	0.01369	0.00784	0.00897	0.00683	0.00488	0.00392	0.00122	0.00689	0.00310	0.00257	0.00660
7	0.03482	0.00469	0.00681	0.00679	0.00688	0.00474	0.00456	0.00704	0.00685	0.00948	0.00899	0.01561	0.00894	0.01769	0.01983	0.82264	0.00451	0.00447	0.00229	0.00236
8	0.01265	0.01305	0.02502	0.02791	0.47824	0.01270	0.31913	0.01626	0.01203	0.01688	0.01009	0.01336	0.00811	0.00454	0.00556	0.00163	0.00724	0.00525	0.00260	0.00775
9	0.01587	0.01171	0.02042	0.01981	0.23765	0.01126	0.24527	0.02024	0.09133	0.25002	0.01444	0.01538	0.01033	0.00536	0.00550	0.00165	0.00625	0.00542	0.00404	0.00805
10	0.00628	0.00526	0.00531	0.00531	0.00691	0.00445	0.00389	0.00748	0.01149	0.01371	0.04951	0.04869	0.71422	0.08495	0.00797	0.00205	0.00285	0.01069	0.00469	0.00429
11	0.00744	0.00558	0.00837	0.00837	0.00930	0.00651	0.00651	0.00930	0.00837	0.01209	0.01395	0.02046	0.01302	0.03906	0.79635	0.00837	0.01395	0.00558	0.00279	0.00465
12	0.01139	0.01139	0.01595	0.01367	0.01367	0.01595	0.01139	0.01253	0.00798	0.01253	0.00684	0.01139	0.00684	0.00911	0.01709	0.00228	0.80745	0.00456	0.00228	0.00570
13	0.01551	0.01185	0.02206	0.01632	0.02069	0.01131	0.41699	0.02006	0.09127	0.24971	0.01505	0.03795	0.01094	0.00575	0.00610	0.00174	0.02897	0.00604	0.00411	0.00759
14	0.00634	0.00453	0.00604	0.00725	0.00755	0.00423	0.00483	0.00725	0.00997	0.01329	0.02870	0.81358	0.03444	0.01632	0.00665	0.00211	0.00302	0.01480	0.00483	0.00423
15	0.00983	0.00926	0.01562	0.80447	0.03587	0.01157	0.01446	0.01331	0.01041	0.01331	0.00926	0.01388	0.00694	0.00521	0.00521	0.00174	0.00694	0.00463	0.00231	0.00579
16	0.01107	0.01052	0.01785	0.49205	0.33863	0.01189	0.01508	0.01439	0.01100	0.01481	0.00947	0.01348	0.00747	0.00498	0.00519	0.00166	0.00664	0.00463	0.00242	0.00678
