[name]
unknown

[dist]
# distance from previous block
# <min> <max>
0	32

[block]
# block no. 0 follows, 50 sequences, length 12
# corresponding to MSA columns:
# 32-43
name=unknown_A
#
# <colnr> <probs for GDERKNQSTAVLIFYWHMCP>
#	G	D	E	R	K	N	Q	S	T	A	V	L	I	F	Y	W	H	M	C	P
0	0.09385	0.01670	0.24935	0.01303	0.07437	0.06107	0.01188	0.20974	0.15949	0.02110	0.01210	0.01352	0.00921	0.00568	0.00477	0.00157	0.00583	0.02573	0.00361	0.00742
1	0.01502	0.28442	0.19050	0.01168	0.01592	0.33949	0.01120	0.05242	0.01247	0.01372	0.00792	0.00914	0.00648	0.00480	0.00415	0.00129	0.00728	0.00320	0.00244	0.00645
2	0.00971	0.08979	0.57582	0.01245	0.01848	0.01107	0.03745	0.01440	0.01086	0.01550	0.06639	0.01604	0.08932	0.00586	0.00484	0.00155	0.00639	0.00472	0.00261	0.00676
3	0.01139	0.01154	0.06730	0.01427	0.14216	0.09554	0.10426	0.05950	0.05937	0.04895	0.01860	0.22111	0.06475	0.00867	0.00554	0.00170	0.00539	0.05007	0.00373	0.00616
4	0.00743	0.00822	0.12081	0.00856	0.01041	0.00678	0.00766	0.00968	0.00863	0.01227	0.01594	0.02113	0.07774	0.05702	0.59681	0.00645	0.01129	0.00561	0.00277	0.00480
5	0.00827	0.00532	0.00685	0.00734	0.00844	0.00496	0.00562	0.00966	0.01070	0.08754	0.02946	0.31241	0.16200	0.08214	0.00792	0.00224	0.00363	0.23630	0.00463	0.00457
6	0.00634	0.00507	0.00568	0.00552	0.00701	0.00440	0.00414	0.00803	0.01243	0.01600	0.33791	0.04380	0.50271	0.01168	0.00589	0.00164	0.00246	0.00994	0.00496	0.00440
7	0.01483	0.01505	0.17459	0.03648	0.28297	0.07074	0.01286	0.13046	0.02886	0.14677	0.01161	0.01272	0.00852	0.00516	0.00485	0.00150	0.00599	0.00432	0.02404	0.00768
8	0.01108	0.01497	0.19443	0.16560	0.20135	0.01193	0.29707	0.01519	0.01107	0.01541	0.00945	0.01252	0.00720	0.00452	0.00525	0.00161	0.00729	0.00481	0.00236	0.00692
9	0.02070	0.00850	0.01131	0.00878	0.01239	0.00758	0.00721	0.06895	0.01481	0.67673	0.09224	0.01858	0.01539	0.00654	0.00509	0.00154	0.00414	0.00536	0.00603	0.00812
10	0.01116	0.01180	0.04718	0.02327	0.38317	0.01099	0.28380	0.01436	0.01121	0.01565	0.01220	0.12841	0.01131	0.00596	0.00547	0.00163	0.00642	0.00632	0.00278	0.00691
11	0.01399	0.02821	0.13080	0.09148	0.22855	0.03732	0.01244	0.20768	0.03552	0.07793	0.01233	0.01611	0.00991	0.00592	0.00505	0.00158	0.00589	0.06832	0.00355	0.00741

[dist]
# distance from previous block
# <min> <max>
0	2

[block]
# block no. 1 follows, 50 sequences, length 49
# corresponding to MSA columns:
# 46-94
name=unknown_B
#
# <colnr> <probs for GDERKNQSTAVLIFYWHMCP>
#	G	D	E	R	K	N	Q	S	T	A	V	L	I	F	Y	W	H	M	C	P
0	0.01422	0.03940	0.10532	0.01857	0.29162	0.03006	0.04695	0.22200	0.09174	0.05040	0.01192	0.03461	0.00936	0.00549	0.00496	0.00153	0.00578	0.00476	0.00356	0.00776
1	0.01367	0.01132	0.01210	0.02552	0.03471	0.02526	0.00831	0.22687	0.46684	0.02267	0.01986	0.01884	0.07780	0.00692	0.00510	0.00162	0.00443	0.00564	0.00485	0.00766
2	0.01333	0.82783	0.02612	0.00853	0.01279	0.01972	0.00853	0.01493	0.01013	0.01173	0.00693	0.00800	0.00640	0.00426	0.00320	0.00107	0.00533	0.00267	0.00213	0.00640
3	0.01068	0.00836	0.00975	0.00737	0.01120	0.00666	0.00583	0.03103	0.03023	0.06226	0.01434	0.06070	0.07088	0.00540	0.00416	0.00098	0.00361	0.00445	0.02116	0.63096
4	0.01207	0.08886	0.05573	0.00801	0.01057	0.00882	0.00693	0.11787	0.01200	0.11119	0.01373	0.01599	0.01088	0.01407	0.21909	0.00309	0.00658	0.00455	0.24744	0.03252
5	0.04904	0.01124	0.03485	0.01270	0.12078	0.02684	0.00927	0.21323	0.04525	0.40161	0.01534	0.01447	0.01033	0.00579	0.00491	0.00152	0.00494	0.00467	0.00503	0.00818
6	0.02182	0.00935	0.01210	0.00928	0.01316	0.00861	0.00767	0.14323	0.01572	0.67620	0.01845	0.01618	0.01173	0.00614	0.00501	0.00153	0.00444	0.00493	0.00598	0.00848
7	0.01168	0.01101	0.01884	0.02703	0.64540	0.01098	0.04710	0.01460	0.01139	0.01607	0.01191	0.01884	0.01094	0.00580	0.00526	0.00161	0.00583	0.11558	0.00278	0.00736
8	0.02205	0.00898	0.01188	0.00911	0.01297	0.00807	0.00752	0.09313	0.01510	0.72716	0.01896	0.01651	0.01199	0.00615	0.00501	0.00154	0.00436	0.00496	0.00606	0.00848
9	0.00837	0.00433	0.00641	0.00654	0.00658	0.00430	0.00436	0.00654	0.00684	0.00912	0.01078	0.10592	0.01139	0.01712	0.01800	0.75897	0.00417	0.00544	0.00244	0.00238
10	0.00591	0.00496	0.00514	0.00529	0.00680	0.00419	0.00389	0.00713	0.01113	0.01337	0.04754	0.14728	0.69431	0.01301	0.00595	0.00173	0.00257	0.01099	0.00463	0.00419
11	0.00602	0.00493	0.00534	0.00563	0.00699	0.00424	0.00415	0.00725	0.01098	0.01337	0.04453	0.21357	0.59666	0.01331	0.00603	0.00178	0.00269	0.04371	0.00463	0.00419
12	0.01404	0.01020	0.01123	0.00984	0.01281	0.01135	0.00773	0.02575	0.63380	0.15695	0.03602	0.01869	0.01537	0.00673	0.00508	0.00166	0.00396	0.00560	0.00527	0.00793
13	0.02236	0.00848	0.01157	0.00887	0.01272	0.00733	0.00733	0.02429	0.01427	0.79719	0.01966	0.01697	0.01234	0.00617	0.00501	0.00154	0.00424	0.00501	0.00617	0.00848
14	0.01232	0.01190	0.02056	0.03025	0.76651	0.01187	0.04226	0.01532	0.01136	0.01627	0.00940	0.01238	0.00788	0.00443	0.00497	0.00149	0.00601	0.00449	0.00247	0.00785
15	0.01301	0.01089	0.01158	0.01026	0.01315	0.01248	0.00809	0.11755	0.65823	0.02189	0.01953	0.01941	0.01497	0.00697	0.00514	0.00169	0.00416	0.03812	0.00504	0.00782
16	0.00614	0.00439	0.00586	0.00702	0.00734	0.00411	0.00475	0.00706	0.00961	0.01280	0.02743	0.79416	0.03281	0.01555	0.00638	0.00203	0.00295	0.04089	0.00463	0.00407
17	0.00791	0.00578	0.00751	0.00724	0.00782	0.00647	0.00514	0.04320	0.00834	0.01162	0.01402	0.02479	0.01458	0.39661	0.36968	0.00595	0.05025	0.00613	0.00291	0.00403
18	0.01034	0.00886	0.01034	0.00738	0.01181	0.00664	0.00591	0.01255	0.01034	0.01624	0.00886	0.01034	0.00738	0.00369	0.00369	0.00074	0.00369	0.00295	0.00295	0.85530
19	0.01751	0.02051	0.01531	0.01453	0.08485	0.58841	0.05217	0.05250	0.05370	0.04120	0.00923	0.01043	0.00736	0.00518	0.00468	0.00136	0.00811	0.00371	0.00291	0.00634
20	0.01875	0.19677	0.01602	0.01037	0.01392	0.26996	0.00858	0.10515	0.01433	0.28131	0.01208	0.01181	0.00866	0.00539	0.00444	0.00135	0.00617	0.00385	0.00397	0.00714
21	0.00725	0.00483	0.00544	0.00544	0.00544	0.00483	0.00302	0.00725	0.00725	0.00966	0.01571	0.03262	0.01812	0.82483	0.02537	0.00483	0.00483	0.00725	0.00302	0.00302
22	0.20474	0.06166	0.12007	0.01109	0.01461	0.39559	0.00965	0.03413	0.04176	0.05132	0.00877	0.00974	0.00682	0.00505	0.00420	0.00140	0.00695	0.00333	0.00291	0.00620
23	0.00656	0.00495	0.00606	0.00606	0.00721	0.00445	0.00444	0.00835	0.01254	0.01691	0.45194	0.18000	0.24867	0.01182	0.00597	0.00168	0.00250	0.01035	0.00510	0.00445
24	0.01059	0.01135	0.02375	0.01752	0.02141	0.01068	0.58980	0.01393	0.01103	0.01491	0.01292	0.09540	0.01188	0.09798	0.00815	0.00209	0.00735	0.03044	0.00285	0.00598
25	0.00719	0.00506	0.00661	0.00661	0.00702	0.00547	0.00449	0.00800	0.00760	0.01054	0.01463	0.02667	0.01554	0.46523	0.38143	0.00628	0.00872	0.00638	0.00286	0.00367
26	0.01031	0.02380	0.69249	0.01391	0.02071	0.01169	0.03478	0.01699	0.09770	0.01636	0.01025	0.01150	0.00735	0.00495	0.00480	0.00159	0.00701	0.00395	0.00245	0.00741
27	0.02024	0.10073	0.01304	0.00878	0.01252	0.00891	0.00739	0.05485	0.01419	0.62680	0.06640	0.01701	0.01368	0.00620	0.00486	0.00149	0.00430	0.00498	0.00562	0.00801
28	0.00712	0.00534	0.00801	0.00801	0.00890	0.00623	0.00623	0.00890	0.00801	0.01157	0.01335	0.01958	0.01246	0.03738	0.80507	0.00801	0.01335	0.00534	0.00267	0.00445
29	0.00995	0.01162	0.16738	0.04150	0.21739	0.00864	0.07088	0.01275	0.01073	0.05961	0.01760	0.28715	0.04615	0.00868	0.00549	0.00172	0.00517	0.00796	0.00342	0.00622
30	0.00636	0.00494	0.00667	0.00707	0.00787	0.00452	0.03937	0.00742	0.00990	0.01284	0.03100	0.56669	0.19711	0.06439	0.00741	0.00211	0.00318	0.01257	0.00443	0.00414
31	0.01020	0.02439	0.71237	0.01497	0.02208	0.01169	0.10365	0.01581	0.01066	0.01581	0.00907	0.01085	0.00645	0.00468	0.00486	0.00159	0.00748	0.00393	0.00215	0.00729
32	0.01124	0.01072	0.01825	0.32474	0.50818	0.01155	0.01475	0.01433	0.01083	0.01495	0.00918	0.01269	0.00743	0.00465	0.00495	0.00155	0.00619	0.00444	0.00237	0.00701
33	0.01527	0.35770	0.17642	0.01065	0.01513	0.16980	0.01057	0.03821	0.01200	0.13726	0.00963	0.01022	0.00738	0.00488	0.00410	0.00130	0.00629	0.00340	0.00293	0.00686
34	0.21338	0.01045	0.03266	0.00907	0.01285	0.01019	0.00766	0.18459	0.03164	0.41569	0.01480	0.01371	0.00981	0.00575	0.00456	0.00154	0.00450	0.00435	0.00507	0.00773
35	0.06158	0.01680	0.01706	0.03768	0.33704	0.35622	0.05749	0.01711	0.01236	0.01469	0.00884	0.02402	0.00748	0.00493	0.00472	0.00142	0.00725	0.00406	0.00258	0.00665
36	0.01838	0.02337	0.01415	0.03382	0.01591	0.78400	0.00974	0.01972	0.01402	0.01221	0.00773	0.00910	0.00643	0.00513	0.00451	0.00129	0.00893	0.00324	0.00256	0.00577
37	0.00854	0.00558	0.00702	0.00675	0.00758	0.00590	0.00477	0.04257	0.00894	0.04797	0.01579	0.02530	0.03513	0.36383	0.31540	0.00534	0.00777	0.00617	0.07543	0.00422
38	0.01064	0.02265	0.65511	0.01392	0.03921	0.01120	0.01666	0.01565	0.01056	0.06035	0.01028	0.04780	0.00792	0.00552	0.00547	0.00163	0.05149	0.00429	0.00247	0.00719
39	0.01019	0.07084	0.70396	0.01397	0.02090	0.01191	0.04440	0.01558	0.01057	0.01553	0.00938	0.01183	0.00702	0.00496	0.00475	0.00157	0.00720	0.02602	0.00219	0.00721
40	0.02236	0.00848	0.01157	0.00887	0.01272	0.00733	0.00733	0.02429	0.01427	0.79719	0.01966	0.01697	0.01234	0.00617	0.00501	0.00154	0.00424	0.00501	0.00617	0.00848
41	0.02236	0.00848	0.01157	0.00887	0.01272	0.00733	0.00733	0.02429	0.01427	0.79719	0.01966	0.01697	0.01234	0.00617	0.00501	0.00154	0.00424	0.00501	0.00617	0.00848
42	0.01221	0.01178	0.02030	0.06015	0.74211	0.01184	0.03768	0.01522	0.01131	0.01614	0.00938	0.01241	0.00784	0.00445	0.00496	0.00149	0.00602	0.00448	0.00246	0.00777
43	0.01024	0.00574	0.00603	0.00563	0.00709	0.00597	0.00434	0.09760	0.01176	0.01957	0.01559	0.01790	0.01227	0.00788	0.05573	0.00164	0.00340	0.00467	0.70188	0.00506
44	0.00702	0.00474	0.00550	0.00573	0.00579	0.00468	0.00333	0.00719	0.00770	0.01026	0.01801	0.18717	0.02103	0.66631	0.02165	0.00428	0.00445	0.00860	0.00333	0.00322
45	0.04666	0.01382	0.01471	0.01131	0.01527	0.01532	0.00934	0.75199	0.02294	0.03112	0.01180	0.01184	0.00838	0.00594	0.00492	0.00150	0.00543	0.00443	0.00492	0.00838
46	0.00983	0.00821	0.00896	0.00844	0.00982	0.10890	0.00651	0.02647	0.01091	0.06283	0.16633	0.05930	0.06099	0.02176	0.36591	0.00448	0.04532	0.00638	0.00364	0.00501
47	0.00599	0.00508	0.00519	0.00525	0.00691	0.00428	0.00399	0.00731	0.01137	0.01354	0.04932	0.04837	0.75467	0.01268	0.00594	0.00171	0.00262	0.04692	0.00463	0.00423
48	0.01401	0.00679	0.00878	0.00738	0.00990	0.00604	0.00585	0.01632	0.03495	0.37347	0.30496	0.02912	0.14407	0.00863	0.00546	0.00158	0.00328	0.00733	0.00566	0.00644

[dist]
# distance from previous block
# <min> <max>
0	4

[block]
# block no. 2 follows, 50 sequences, length 8
# corresponding to MSA columns:
# 99-106
name=unknown_C
#
# <colnr> <probs for GDERKNQSTAVLIFYWHMCP>
#	G	D	E	R	K	N	Q	S	T	A	V	L	I	F	Y	W	H	M	C	P
0	0.00910	0.00664	0.00807	0.00824	0.00955	0.00686	0.00618	0.08333	0.13964	0.03803	0.06031	0.44482	0.02722	0.01247	0.00603	0.00192	0.00356	0.11787	0.00481	0.00533
1	0.01435	0.01472	0.01199	0.01137	0.04809	0.29302	0.00827	0.05782	0.33017	0.01718	0.01432	0.01550	0.01144	0.05970	0.00607	0.00169	0.00584	0.00470	0.06715	0.00661
2	0.00713	0.00481	0.00556	0.00564	0.00575	0.00475	0.00330	0.00739	0.00799	0.01074	0.07718	0.10405	0.02171	0.68846	0.02214	0.00433	0.00446	0.00801	0.00336	0.00324
3	0.01167	0.06656	0.07990	0.01569	0.04118	0.01221	0.35812	0.04315	0.04269	0.01607	0.00964	0.01212	0.00760	0.00481	0.00623	0.00149	0.09365	0.00468	0.00270	0.16982
4	0.10784	0.01847	0.01383	0.01292	0.06132	0.45724	0.00951	0.12855	0.05172	0.01673	0.00886	0.01014	0.00714	0.00552	0.00539	0.00144	0.07035	0.00362	0.00306	0.00633
5	0.01317	0.01117	0.02005	0.05088	0.01979	0.01061	0.37532	0.08431	0.01262	0.12845	0.01260	0.07359	0.01013	0.00557	0.00562	0.00155	0.02669	0.00573	0.00346	0.12870
6	0.01305	0.01610	0.12508	0.01434	0.08517	0.19815	0.01169	0.05062	0.01079	0.01413	0.00780	0.01055	0.00675	0.00651	0.00963	0.00171	0.35425	0.00393	0.00246	0.05729
7	0.01071	0.00868	0.04025	0.00976	0.02803	0.00783	0.10064	0.03548	0.12579	0.10606	0.27934	0.02703	0.13239	0.00802	0.00545	0.00156	0.00398	0.00712	0.00467	0.05721

[dist]
# distance from previous block
# <min> <max>
1	7

[block]
# block no. 3 follows, 50 sequences, length 10
# corresponding to MSA columns:
# 116-125
name=unknown_D
#
# <colnr> <probs for GDERKNQSTAVLIFYWHMCP>
#	G	D	E	R	K	N	Q	S	T	A	V	L	I	F	Y	W	H	M	C	P
0	0.01324	0.03966	0.13318	0.01559	0.01939	0.24555	0.28633	0.01626	0.01181	0.01439	0.04417	0.01232	0.00868	0.00541	0.00659	0.00159	0.11237	0.00464	0.00256	0.00627
1	0.01000	0.02578	0.79900	0.01421	0.02157	0.01158	0.01842	0.01579	0.01052	0.01579	0.00895	0.01052	0.00631	0.00474	0.00474	0.00158	0.00737	0.00368	0.00210	0.00737
2	0.00614	0.00506	0.00540	0.00531	0.00689	0.00432	0.00399	0.00764	0.01196	0.01488	0.21081	0.04565	0.63052	0.01210	0.00589	0.00166	0.00249	0.01019	0.00481	0.00432
3	0.01632	0.01692	0.01474	0.01494	0.15137	0.34852	0.01015	0.23455	0.01586	0.01851	0.01265	0.01365	0.07093	0.00598	0.00522	0.00144	0.03364	0.00442	0.00340	0.00678
4	0.01285	0.01261	0.16387	0.01345	0.11517	0.04514	0.07229	0.07042	0.01250	0.16219	0.05164	0.15232	0.01546	0.02357	0.00569	0.00170	0.00536	0.03282	0.02428	0.00667
5	0.00652	0.00466	0.00630	0.00745	0.00793	0.00443	0.00540	0.00771	0.00998	0.01322	0.02723	0.64749	0.03199	0.01520	0.00648	0.00209	0.00328	0.18385	0.00462	0.00417
6	0.01111	0.00932	0.01020	0.00939	0.01178	0.01051	0.00734	0.02218	0.58668	0.02022	0.15619	0.02492	0.02190	0.00793	0.00536	0.00172	0.00372	0.06739	0.00511	0.00706
7	0.01783	0.02031	0.11524	0.01224	0.01580	0.46614	0.01040	0.12651	0.03871	0.11493	0.01036	0.01091	0.00772	0.00538	0.00468	0.00140	0.00753	0.00375	0.00338	0.00677
8	0.02192	0.00919	0.01201	0.00920	0.01308	0.00838	0.00760	0.12156	0.01545	0.69824	0.01867	0.01632	0.01184	0.00615	0.00501	0.00154	0.00440	0.00494	0.00602	0.00848
9	0.00607	0.00434	0.00578	0.00694	0.00723	0.00405	0.00463	0.00694	0.00954	0.01272	0.02747	0.82157	0.03297	0.01562	0.00636	0.00202	0.00289	0.01417	0.00463	0.00405

[dist]
# distance from previous block
# <min> <max>
5	8

[block]
# block no. 4 follows, 50 sequences, length 18
# corresponding to MSA columns:
# 134-151
name=unknown_E
#
# <colnr> <probs for GDERKNQSTAVLIFYWHMCP>
#	G	D	E	R	K	N	Q	S	T	A	V	L	I	F	Y	W	H	M	C	P
0	0.01266	0.01245	0.01019	0.00941	0.01166	0.24302	0.00721	0.07503	0.16363	0.04383	0.02413	0.10628	0.19759	0.00890	0.00533	0.00162	0.00516	0.05184	0.00419	0.00588
1	0.01455	0.01187	0.01316	0.01213	0.07281	0.01336	0.00897	0.27312	0.47527	0.02399	0.01672	0.01594	0.01244	0.00633	0.00503	0.00161	0.00460	0.00517	0.00485	0.00808
2	0.06146	0.01111	0.09204	0.00915	0.01372	0.00824	0.05836	0.05472	0.01103	0.01729	0.00942	0.02862	0.00780	0.00428	0.00404	0.00100	0.00447	0.00354	0.00299	0.59673
3	0.01092	0.02220	0.60485	0.01439	0.02090	0.01150	0.10647	0.03135	0.05145	0.04748	0.01052	0.02736	0.00773	0.00507	0.00494	0.00160	0.00706	0.00432	0.00258	0.00732
4	0.01268	0.15757	0.02652	0.01736	0.02178	0.01373	0.52775	0.01602	0.01131	0.06670	0.00988	0.01251	0.00759	0.00470	0.00618	0.00160	0.07164	0.00513	0.00267	0.00668
5	0.01073	0.11282	0.57551	0.01551	0.07943	0.01261	0.09434	0.01567	0.01067	0.01539	0.00887	0.01068	0.00657	0.00461	0.00470	0.00152	0.00714	0.00385	0.00218	0.00723
6	0.00724	0.00487	0.00562	0.00562	0.00569	0.00493	0.00325	0.00737	0.00730	0.00980	0.01553	0.03167	0.01771	0.76778	0.08186	0.00506	0.00545	0.00711	0.00299	0.00312
7	0.00713	0.00530	0.00781	0.00781	0.00863	0.00612	0.00598	0.00877	0.00795	0.01142	0.01354	0.02060	0.01290	0.09903	0.74403	0.00776	0.01268	0.00549	0.00270	0.00434
8	0.00733	0.00534	0.00671	0.00628	0.00751	0.00499	0.00468	0.03197	0.01377	0.01922	0.66565	0.03702	0.10046	0.05884	0.00702	0.00177	0.00261	0.00889	0.00526	0.00468
9	0.01375	0.01452	0.01789	0.05323	0.51967	0.20279	0.01332	0.01716	0.07044	0.01552	0.00978	0.01204	0.00805	0.00480	0.00484	0.00146	0.00654	0.00423	0.00268	0.00730
10	0.00789	0.00564	0.00787	0.00902	0.01010	0.00561	0.00779	0.01008	0.01133	0.01476	0.02647	0.11167	0.02900	0.01390	0.00685	0.00228	0.00447	0.70614	0.00459	0.00455
11	0.00721	0.00500	0.00630	0.00630	0.00660	0.00530	0.00410	0.00780	0.00750	0.01030	0.01492	0.02825	0.01622	0.56078	0.28682	0.00590	0.00769	0.00661	0.00290	0.00350
12	0.01196	0.01291	0.02633	0.02422	0.28347	0.01235	0.52068	0.01574	0.01163	0.01607	0.00985	0.01307	0.00767	0.00428	0.00556	0.00161	0.00757	0.00540	0.00250	0.00712
13	0.00976	0.00883	0.01231	0.01092	0.01126	0.01185	0.00894	0.01116	0.00802	0.01256	0.00929	0.01393	0.00871	0.01582	0.21858	0.00358	0.52566	0.00464	0.08906	0.00511
14	0.00638	0.00478	0.00563	0.00596	0.00680	0.00434	0.00409	0.00748	0.01052	0.01368	0.16233	0.30297	0.28096	0.14994	0.00933	0.00231	0.00301	0.01094	0.00450	0.00404
15	0.01762	0.01188	0.01316	0.01055	0.01415	0.01291	0.00856	0.39862	0.25422	0.17990	0.01603	0.01498	0.01130	0.00626	0.00502	0.00156	0.00477	0.00494	0.00525	0.00830
16	0.01084	0.01013	0.01023	0.00882	0.01136	0.14135	0.00689	0.05780	0.01074	0.01443	0.01081	0.01424	0.00950	0.01878	0.35386	0.00405	0.00891	0.00413	0.00289	0.29022
17	0.15400	0.24256	0.45422	0.01136	0.01716	0.01374	0.01352	0.01536	0.01007	0.01578	0.00806	0.00942	0.00618	0.00459	0.00404	0.00143	0.00622	0.00324	0.00228	0.00677

[dist]
# distance from previous block
# <min> <max>
0	2

[block]
# block no. 5 follows, 50 sequences, length 10
# corresponding to MSA columns:
# 154-163
name=unknown_F
#
# <colnr> <probs for GDERKNQSTAVLIFYWHMCP>
#	G	D	E	R	K	N	Q	S	T	A	V	L	I	F	Y	W	H	M	C	P
0	0.19580	0.00610	0.00681	0.00633	0.00793	0.00614	0.00486	0.01057	0.01286	0.02051	0.61758	0.03079	0.03782	0.00896	0.00526	0.00156	0.00268	0.00762	0.00496	0.00486
1	0.01176	0.01345	0.02941	0.02101	0.02605	0.01261	0.77563	0.01597	0.01176	0.01597	0.01008	0.01345	0.00756	0.00420	0.00588	0.00168	0.00840	0.00588	0.00252	0.00672
2	0.01224	0.01280	0.01622	0.01693	0.18613	0.11823	0.01171	0.01377	0.00931	0.01297	0.00732	0.01097	0.00683	0.00731	0.01227	0.00191	0.53054	0.00423	0.00230	0.00604
3	0.01363	0.01534	0.01545	0.01571	0.17070	0.32133	0.11322	0.05431	0.01311	0.01479	0.01805	0.01904	0.18074	0.00657	0.00510	0.00148	0.00669	0.00550	0.00312	0.00612
4	0.00608	0.00506	0.00531	0.00525	0.00685	0.00429	0.00393	0.00751	0.01180	0.01451	0.16916	0.04625	0.67239	0.01223	0.00589	0.00166	0.00250	0.01028	0.00477	0.00429
5	0.00687	0.00480	0.00617	0.00697	0.00736	0.00467	0.00488	0.00779	0.00926	0.01226	0.02356	0.40624	0.02739	0.26750	0.01240	0.00296	0.00387	0.17709	0.00412	0.00385
6	0.00783	0.00599	0.00872	0.01092	0.11188	0.00585	0.00747	0.00973	0.01109	0.01490	0.10777	0.30808	0.02940	0.01278	0.00634	0.00202	0.00394	0.32600	0.00442	0.00485
7	0.00936	0.00771	0.01005	0.00955	0.01028	0.00912	0.00738	0.10984	0.01086	0.01505	0.01886	0.42776	0.02132	0.01212	0.00932	0.00202	0.25672	0.04367	0.00391	0.00509
8	0.01269	0.01128	0.01089	0.00998	0.01248	0.10234	0.00764	0.02307	0.56248	0.05071	0.01976	0.12291	0.01642	0.00771	0.00517	0.00168	0.00440	0.00645	0.00477	0.00717
9	0.01216	0.09491	0.01184	0.01039	0.11295	0.00879	0.00723	0.10112	0.01357	0.15686	0.14664	0.02767	0.25911	0.00836	0.00522	0.00153	0.00389	0.00697	0.00453	0.00626

[dist]
# distance from previous block
# <min> <max>
7	13

[block]
# block no. 6 follows, 50 sequences, length 11
# corresponding to MSA columns:
# 177-187
name=unknown_G
#
# <colnr> <probs for GDERKNQSTAVLIFYWHMCP>
#	G	D	E	R	K	N	Q	S	T	A	V	L	I	F	Y	W	H	M	C	P
0	0.00662	0.00507	0.00677	0.00695	0.00795	0.00522	0.00522	0.00815	0.00957	0.01287	0.08237	0.17440	0.21244	0.02525	0.40178	0.00487	0.00794	0.00851	0.00372	0.00434
1	0.00609	0.00476	0.00549	0.00603	0.00703	0.00421	0.00427	0.00717	0.01043	0.01306	0.03843	0.38453	0.40808	0.04214	0.00681	0.00196	0.00284	0.03800	0.00457	0.00411
2	0.00669	0.00517	0.00748	0.15587	0.01224	0.00535	0.00633	0.00801	0.00962	0.01273	0.02403	0.67220	0.02810	0.01365	0.00611	0.00196	0.00359	0.01237	0.00418	0.00432
3	0.00674	0.00504	0.00638	0.00707	0.00808	0.00468	0.00547	0.00831	0.01110	0.01437	0.11463	0.29858	0.23095	0.01368	0.00635	0.00197	0.00327	0.24428	0.00471	0.00433
4	0.00682	0.00476	0.00609	0.00686	0.00722	0.00462	0.00473	0.00767	0.00915	0.01213	0.02344	0.42288	0.02734	0.27914	0.01266	0.00299	0.00384	0.14978	0.00410	0.00381
5	0.01410	0.01519	0.01851	0.02560	0.57477	0.23493	0.01370	0.01659	0.01213	0.01513	0.00891	0.01139	0.00748	0.00464	0.00481	0.00143	0.00678	0.00409	0.00250	0.00730
6	0.01086	0.01034	0.01757	0.42543	0.41043	0.01145	0.01456	0.01400	0.01065	0.01449	0.00912	0.01282	0.00726	0.00471	0.00496	0.00157	0.00629	0.00444	0.00234	0.00671
7	0.00725	0.00483	0.00544	0.00544	0.00544	0.00483	0.00302	0.00725	0.00725	0.00966	0.01571	0.03262	0.01812	0.82483	0.02537	0.00483	0.00483	0.00725	0.00302	0.00302
8	0.01193	0.00980	0.01119	0.00814	0.01249	0.00827	0.00657	0.15384	0.01276	0.01905	0.00943	0.01064	0.00758	0.00411	0.00393	0.00088	0.00402	0.00324	0.00333	0.69880
9	0.01168	0.01216	0.02328	0.10590	0.32693	0.01234	0.34267	0.01508	0.01111	0.01547	0.00942	0.01281	0.00752	0.00471	0.00619	0.00164	0.06663	0.00506	0.00244	0.00697
10	0.01896	0.01251	0.01250	0.01031	0.01367	0.15683	0.00833	0.18787	0.08616	0.35588	0.01632	0.01743	0.01186	0.00655	0.00505	0.00155	0.00539	0.06017	0.00503	0.00764

[dist]
# distance from previous block
# <min> <max>
0	2

[block]
# block no. 7 follows, 50 sequences, length 17
# corresponding to MSA columns:
# 190-206
name=unknown_H
#
# <colnr> <probs for GDERKNQSTAVLIFYWHMCP>
#	G	D	E	R	K	N	Q	S	T	A	V	L	I	F	Y	W	H	M	C	P
0	0.01236	0.00673	0.00810	0.00715	0.00953	0.00611	0.00556	0.01514	0.08885	0.28778	0.07204	0.11608	0.32432	0.00999	0.00555	0.00167	0.00329	0.00843	0.00525	0.00607
1	0.01378	0.01129	0.01139	0.00966	0.01208	0.10950	0.00766	0.25577	0.05511	0.07458	0.13849	0.05973	0.12251	0.00822	0.00638	0.00161	0.08492	0.00640	0.00450	0.00643
2	0.01075	0.00918	0.00975	0.00889	0.01135	0.01023	0.00687	0.02148	0.57567	0.01950	0.10175	0.02548	0.15170	0.00811	0.00529	0.00168	0.00354	0.00681	0.00504	0.00694
3	0.01109	0.01145	0.01828	0.01477	0.01585	0.01470	0.17379	0.01284	0.00851	0.01284	0.00730	0.01145	0.00676	0.00776	0.01413	0.00207	0.64375	0.00469	0.00225	0.00572
4	0.12396	0.00901	0.01077	0.00871	0.01203	0.00878	0.00705	0.13409	0.04000	0.45822	0.01864	0.09572	0.03659	0.00710	0.00493	0.00159	0.00418	0.00574	0.00537	0.00751
5	0.00980	0.00830	0.00977	0.00733	0.01124	0.00632	0.00575	0.01185	0.01024	0.01580	0.01118	0.11159	0.01058	0.00518	0.00402	0.00090	0.00359	0.00435	0.00316	0.74905
6	0.00985	0.00963	0.01679	0.63488	0.03119	0.01168	0.10863	0.01307	0.00996	0.01307	0.00878	0.01307	0.00675	0.00526	0.00622	0.00172	0.08692	0.00460	0.00225	0.00568
7	0.00607	0.00434	0.00578	0.00694	0.00723	0.00405	0.00463	0.00694	0.00954	0.01272	0.02747	0.82157	0.03297	0.01562	0.00636	0.00202	0.00289	0.01417	0.00463	0.00405
8	0.00607	0.00434	0.00578	0.00694	0.00723	0.00405	0.00463	0.00694	0.00954	0.01272	0.02747	0.82157	0.03297	0.01562	0.00636	0.00202	0.00289	0.01417	0.00463	0.00405
9	0.01000	0.02578	0.79900	0.01421	0.02157	0.01158	0.01842	0.01579	0.01052	0.01579	0.00895	0.01052	0.00631	0.00474	0.00474	0.00158	0.00737	0.00368	0.00210	0.00737
10	0.01021	0.00853	0.01111	0.01296	0.14555	0.00911	0.00891	0.01687	0.29667	0.01718	0.02207	0.07353	0.04575	0.00964	0.00582	0.00190	0.00443	0.28903	0.00441	0.00633
11	0.00619	0.00463	0.00576	0.00639	0.00715	0.00419	0.00445	0.00740	0.01071	0.01409	0.15855	0.51408	0.21017	0.01403	0.00617	0.00187	0.00272	0.01248	0.00477	0.00419
12	0.01332	0.00648	0.00857	0.00768	0.00990	0.00578	0.00610	0.01514	0.01286	0.34349	0.17400	0.14676	0.11536	0.01003	0.00571	0.00173	0.00352	0.10202	0.00544	0.00612
13	0.01167	0.16589	0.23787	0.01498	0.02013	0.01359	0.29420	0.01753	0.14385	0.01598	0.01094	0.01252	0.00832	0.00480	0.00493	0.00154	0.00679	0.00464	0.00277	0.00704
14	0.57500	0.01442	0.00963	0.00868	0.01159	0.28003	0.00683	0.01643	0.01039	0.01892	0.00720	0.00840	0.00574	0.00480	0.00356	0.00145	0.00559	0.00287	0.00291	0.00553
15	0.00809	0.00616	0.00763	0.00787	0.00937	0.00611	0.00648	0.03031	0.08883	0.01670	0.19283	0.04567	0.18657	0.01189	0.00624	0.00194	0.00365	0.35388	0.00485	0.00496
16	0.03344	0.01297	0.01574	0.01873	0.33232	0.11080	0.01119	0.12968	0.14247	0.09894	0.01235	0.01323	0.00940	0.00530	0.00484	0.00148	0.00563	0.00447	0.00369	0.03334

[dist]
# distance from previous block
# <min> <max>
2	5

[block]
# block no. 8 follows, 50 sequences, length 18
# corresponding to MSA columns:
# 212-229
name=unknown_I
#
# <colnr> <probs for GDERKNQSTAVLIFYWHMCP>
#	G	D	E	R	K	N	Q	S	T	A	V	L	I	F	Y	W	H	M	C	P
0	0.03166	0.01328	0.10368	0.01452	0.14266	0.09896	0.07910	0.18058	0.01397	0.01867	0.06352	0.18687	0.01547	0.00764	0.00528	0.00161	0.00563	0.00670	0.00366	0.00654
1	0.00968	0.00618	0.00827	0.00773	0.00895	0.00666	0.00581	0.06434	0.00961	0.10011	0.01453	0.02190	0.01353	0.22195	0.47110	0.00606	0.00972	0.00570	0.00331	0.00484
2	0.01111	0.01140	0.02111	0.09169	0.20864	0.01132	0.34971	0.01573	0.09951	0.01603	0.01547	0.01760	0.09587	0.00556	0.00548	0.00163	0.00648	0.00589	0.00301	0.00675
3	0.01055	0.09155	0.35335	0.23641	0.02405	0.01237	0.09973	0.01584	0.08027	0.01504	0.00989	0.01212	0.00736	0.00488	0.00482	0.00158	0.00679	0.00422	0.00245	0.00674
4	0.00716	0.00529	0.00691	0.00777	0.00886	0.00504	0.00635	0.00895	0.01115	0.01434	0.05724	0.20861	0.18900	0.01378	0.00654	0.00209	0.00374	0.42814	0.00464	0.00440
5	0.00607	0.00434	0.00578	0.00694	0.00723	0.00405	0.00463	0.00694	0.00954	0.01272	0.02747	0.82157	0.03297	0.01562	0.00636	0.00202	0.00289	0.01417	0.00463	0.00405
6	0.00688	0.00496	0.00619	0.00608	0.00698	0.00461	0.00430	0.00853	0.01207	0.01666	0.49438	0.12480	0.10720	0.16314	0.00957	0.00224	0.00289	0.00940	0.00485	0.00427
7	0.01227	0.02019	0.34937	0.07047	0.06516	0.23050	0.05531	0.01574	0.01123	0.01393	0.00944	0.01303	0.00785	0.09627	0.00706	0.00187	0.00745	0.00417	0.00239	0.00631
8	0.01017	0.06758	0.75872	0.01391	0.02112	0.01200	0.01790	0.01574	0.01050	0.01557	0.00884	0.01039	0.00632	0.00471	0.00466	0.00155	0.00726	0.00363	0.00211	0.00732
9	0.01375	0.00698	0.00907	0.00767	0.01009	0.00646	0.00606	0.01699	0.08364	0.33564	0.40838	0.02732	0.03008	0.00825	0.00545	0.00157	0.00326	0.00708	0.00573	0.00653
10	0.00614	0.00459	0.00570	0.00641	0.00713	0.00416	0.00443	0.00727	0.01049	0.01371	0.11819	0.54719	0.21786	0.01429	0.00619	0.00189	0.00274	0.01271	0.00472	0.00416
11	0.01034	0.00886	0.01034	0.00738	0.01181	0.00664	0.00591	0.01255	0.01034	0.01624	0.00886	0.01034	0.00738	0.00369	0.00369	0.00074	0.00369	0.00295	0.00295	0.85530
12	0.00655	0.00468	0.00633	0.00749	0.00799	0.00446	0.00546	0.00777	0.01001	0.01326	0.02721	0.63459	0.03192	0.01516	0.00649	0.00209	0.00331	0.19643	0.00462	0.00418
13	0.00662	0.00513	0.00595	0.00595	0.00728	0.00459	0.00452	0.00827	0.01198	0.01551	0.29088	0.04421	0.40026	0.07228	0.00745	0.00195	0.00287	0.09518	0.00479	0.00433
14	0.00901	0.00814	0.01407	0.01184	0.01406	0.00841	0.22059	0.01278	0.09618	0.01427	0.01603	0.09454	0.01523	0.03821	0.31250	0.00428	0.00879	0.09236	0.00330	0.00541
15	0.01635	0.01782	0.01477	0.01446	0.10137	0.44616	0.01031	0.01813	0.02967	0.08357	0.00899	0.01074	0.00734	0.00601	0.00732	0.00154	0.19255	0.00383	0.00285	0.00623
16	0.01110	0.01244	0.10720	0.28826	0.45382	0.01156	0.01517	0.01450	0.01080	0.01505	0.00916	0.01245	0.00730	0.00465	0.00493	0.00155	0.00633	0.00435	0.00234	0.00705
17	0.01316	0.00958	0.01223	0.00911	0.01324	0.00831	0.06079	0.07270	0.08194	0.14609	0.02961	0.01312	0.00989	0.00473	0.00433	0.00110	0.00424	0.00399	0.00385	0.49801

[dist]
# distance from previous block
# <min> <max>
5	7

[block]
# block no. 9 follows, 50 sequences, length 20
# corresponding to MSA columns:
# 238-257
name=unknown_J
#
# <colnr> <probs for GDERKNQSTAVLIFYWHMCP>
#	G	D	E	R	K	N	Q	S	T	A	V	L	I	F	Y	W	H	M	C	P
0	0.06597	0.17471	0.09532	0.01528	0.19153	0.14706	0.05535	0.03913	0.01184	0.02574	0.06356	0.05263	0.01104	0.00556	0.00455	0.00141	0.00600	0.00456	0.00288	0.02589
1	0.00688	0.00537	0.00712	0.00778	0.00816	0.00569	0.00553	0.00823	0.03366	0.01295	0.02525	0.66634	0.04646	0.01441	0.00752	0.00203	0.10002	0.02791	0.00435	0.00435
2	0.01044	0.00579	0.00769	0.00693	0.00863	0.00523	0.00529	0.01255	0.01369	0.19610	0.53968	0.11058	0.03774	0.00981	0.00573	0.00161	0.00284	0.00862	0.00556	0.00550
3	0.01085	0.00956	0.01047	0.00943	0.01025	0.10416	0.00754	0.01249	0.00949	0.01442	0.01096	0.01438	0.00943	0.01007	0.08857	0.00228	0.33882	0.00443	0.31733	0.00509
4	0.00991	0.00972	0.01695	0.61060	0.03069	0.01178	0.11673	0.01309	0.00993	0.01309	0.00875	0.01303	0.00676	0.00532	0.00646	0.00173	0.10293	0.00462	0.00225	0.00569
5	0.00614	0.00463	0.00568	0.00633	0.00712	0.00417	0.00440	0.00729	0.01059	0.01379	0.12457	0.51190	0.24704	0.01413	0.00617	0.00187	0.00272	0.01254	0.00473	0.00417
6	0.00700	0.00501	0.00684	0.00756	0.00817	0.00510	0.00566	0.00833	0.00938	0.01261	0.02229	0.32334	0.02504	0.13579	0.19094	0.00386	0.00600	0.20899	0.00394	0.00414
7	0.01608	0.10828	0.01351	0.00980	0.01312	0.07366	0.00798	0.09802	0.32861	0.22577	0.01768	0.01642	0.03636	0.00629	0.00481	0.00153	0.00469	0.00497	0.00480	0.00765
8	0.00957	0.00801	0.00815	0.00740	0.00931	0.06142	0.00566	0.13220	0.05465	0.01870	0.28075	0.08741	0.27713	0.01016	0.00564	0.00161	0.00348	0.00856	0.00485	0.00534
9	0.07054	0.00854	0.00909	0.00766	0.01000	0.00911	0.00610	0.29497	0.01593	0.02390	0.18303	0.01948	0.01815	0.00675	0.00454	0.00140	0.00361	0.00541	0.29567	0.00613
10	0.00664	0.00458	0.00562	0.00621	0.00636	0.00443	0.00385	0.00709	0.00843	0.01125	0.02179	0.44030	0.02579	0.40668	0.01555	0.00338	0.00383	0.01083	0.00385	0.00355
11	0.01051	0.02274	0.62915	0.01778	0.18998	0.01163	0.01774	0.01568	0.01070	0.01589	0.00904	0.01092	0.00666	0.00467	0.00478	0.00156	0.00705	0.00385	0.00218	0.00748
12	0.00743	0.00570	0.00821	0.00804	0.00873	0.00673	0.00614	0.00891	0.00787	0.01133	0.01316	0.02076	0.01281	0.14732	0.63261	0.00710	0.07460	0.00554	0.00268	0.00432
13	0.00729	0.00559	0.00834	0.00824	0.00909	0.00664	0.00644	0.00904	0.00799	0.01159	0.01304	0.01919	0.01219	0.03607	0.76903	0.00774	0.05002	0.00530	0.00265	0.00450
14	0.00651	0.00511	0.00594	0.00637	0.00744	0.00473	0.00453	0.00855	0.06361	0.01414	0.09546	0.40205	0.33059	0.01341	0.00605	0.00183	0.00278	0.01175	0.00472	0.00442
15	0.08077	0.01309	0.01352	0.30792	0.02149	0.19167	0.01045	0.12182	0.06612	0.10961	0.01094	0.01253	0.00801	0.00539	0.00473	0.00153	0.00633	0.00418	0.00341	0.00650
16	0.01237	0.01405	0.02621	0.02098	0.11565	0.09104	0.58986	0.01605	0.01189	0.01555	0.01020	0.03318	0.00813	0.00461	0.00564	0.00163	0.00803	0.00565	0.00257	0.00670
17	0.00677	0.00513	0.00598	0.00638	0.00744	0.00474	0.00481	0.00800	0.01035	0.01296	0.03472	0.10703	0.36160	0.19030	0.01044	0.00256	0.00360	0.20888	0.00427	0.00404
18	0.00699	0.00488	0.00648	0.00715	0.00782	0.00476	0.00530	0.00790	0.00955	0.01252	0.02586	0.31481	0.12732	0.07248	0.08866	0.10408	0.00457	0.18090	0.00402	0.00394
19	0.02911	0.41285	0.01961	0.01124	0.07385	0.17624	0.00894	0.06412	0.03970	0.04989	0.01006	0.06520	0.00904	0.00552	0.00407	0.00129	0.00584	0.00403	0.00290	0.00649

[dist]
# distance from previous block
# <min> <max>
1	16

[block]
# block no. 10 follows, 50 sequences, length 26
# corresponding to MSA columns:
# 274-299
name=unknown_K
#
# <colnr> <probs for GDERKNQSTAVLIFYWHMCP>
#	G	D	E	R	K	N	Q	S	T	A	V	L	I	F	Y	W	H	M	C	P
0	0.01148	0.00908	0.01201	0.18143	0.05966	0.01073	0.00915	0.15397	0.03291	0.01794	0.01237	0.06576	0.01050	0.00683	0.00698	0.00162	0.16802	0.00514	0.21848	0.00594
1	0.01145	0.39643	0.05551	0.00875	0.01200	0.01395	0.00796	0.03133	0.17887	0.01542	0.10753	0.11169	0.01646	0.00694	0.00442	0.00141	0.00448	0.00555	0.00353	0.00632
2	0.01369	0.01106	0.01147	0.01057	0.05618	0.08263	0.00782	0.13216	0.29517	0.09998	0.06011	0.02082	0.12119	0.00714	0.00508	0.00154	0.00448	0.00583	0.00465	0.04844
3	0.01632	0.09815	0.09126	0.01046	0.01426	0.15672	0.00918	0.08620	0.15497	0.21979	0.01401	0.01425	0.01028	0.00574	0.00467	0.00144	0.00556	0.02089	0.00415	0.06170
4	0.01125	0.32801	0.37868	0.01221	0.01777	0.01433	0.08845	0.01507	0.01073	0.01453	0.05838	0.01156	0.00908	0.00485	0.00434	0.00139	0.00637	0.00385	0.00237	0.00676
5	0.01332	0.00777	0.00868	0.00723	0.00979	0.00763	0.00576	0.18770	0.01436	0.16593	0.03672	0.02214	0.15561	0.00715	0.00461	0.00139	0.00351	0.00576	0.28736	0.04758
6	0.00881	0.00524	0.00820	0.16899	0.01210	0.00569	0.00625	0.00775	0.00719	0.00948	0.00870	0.01478	0.00825	0.01483	0.01656	0.68302	0.00480	0.00435	0.00217	0.00284
7	0.01278	0.01052	0.01688	0.13721	0.47676	0.01078	0.01284	0.06400	0.01250	0.09413	0.09093	0.01547	0.01222	0.00538	0.00505	0.00152	0.00546	0.00497	0.00327	0.00732
8	0.01414	0.01435	0.01763	0.07402	0.46433	0.18131	0.01306	0.09178	0.05070	0.01690	0.00977	0.01195	0.00791	0.00489	0.00486	0.00146	0.00648	0.00424	0.00285	0.00735
9	0.00596	0.00498	0.00520	0.00530	0.00682	0.00421	0.00392	0.00724	0.01130	0.01370	0.08329	0.12707	0.67828	0.01282	0.00594	0.00171	0.00255	0.01082	0.00467	0.00421
10	0.00699	0.00480	0.00543	0.00555	0.00575	0.00469	0.00326	0.00721	0.00789	0.01035	0.02035	0.11532	0.09593	0.66146	0.02149	0.00423	0.00441	0.00828	0.00334	0.00324
11	0.01120	0.09460	0.36597	0.04007	0.20384	0.01260	0.17065	0.01555	0.01092	0.01548	0.00909	0.01138	0.00696	0.00452	0.00488	0.00153	0.00703	0.00423	0.00228	0.00722
12	0.00664	0.00499	0.00598	0.00594	0.00706	0.00452	0.00431	0.00826	0.01204	0.01607	0.38877	0.11786	0.27349	0.09539	0.00796	0.00200	0.00276	0.02677	0.00486	0.00431
13	0.00643	0.00453	0.00582	0.00656	0.00689	0.00429	0.00431	0.00730	0.00963	0.01298	0.11689	0.56831	0.03167	0.17803	0.01013	0.00254	0.00322	0.01216	0.00441	0.00392
14	0.01072	0.18867	0.18403	0.01040	0.01371	0.09238	0.01033	0.01386	0.03985	0.01422	0.01635	0.07966	0.01653	0.00874	0.00528	0.00173	0.00567	0.27875	0.00334	0.00579
15	0.00723	0.00496	0.00610	0.00636	0.00695	0.00481	0.00428	0.00821	0.05256	0.01230	0.07343	0.26950	0.14866	0.18691	0.01287	0.17440	0.00356	0.00931	0.00387	0.00373
16	0.00854	0.00471	0.00495	0.00498	0.00614	0.00457	0.00370	0.01068	0.01086	0.01787	0.09682	0.06854	0.09744	0.00749	0.00413	0.00130	0.00238	0.00622	0.63411	0.00457
17	0.86003	0.00964	0.00733	0.00655	0.00964	0.01118	0.00540	0.01465	0.00848	0.02236	0.00694	0.00810	0.00540	0.00463	0.00308	0.00154	0.00386	0.00270	0.00308	0.00540
18	0.05957	0.01201	0.02182	0.07540	0.41899	0.01203	0.26319	0.01576	0.04178	0.01647	0.00987	0.01277	0.00786	0.00450	0.00515	0.00157	0.00659	0.00486	0.00261	0.00722
19	0.00655	0.00505	0.00609	0.00669	0.00786	0.00460	0.00518	0.00802	0.01099	0.01382	0.05471	0.24932	0.37111	0.01365	0.00628	0.00194	0.00318	0.21605	0.00464	0.00428
20	0.00728	0.00581	0.00924	0.00923	0.01032	0.00553	0.09906	0.00892	0.01032	0.01369	0.02508	0.52302	0.02876	0.01375	0.00644	0.00205	0.00401	0.20861	0.00436	0.00451
21	0.23383	0.01066	0.01578	0.18341	0.43385	0.01151	0.01241	0.01461	0.01032	0.01716	0.00863	0.01142	0.00699	0.00460	0.00446	0.00153	0.00553	0.00398	0.00258	0.00676
22	0.00866	0.00433	0.00649	0.00649	0.00649	0.00433	0.00433	0.00649	0.00649	0.00866	0.00866	0.01515	0.00866	0.01732	0.01948	0.85498	0.00433	0.00433	0.00216	0.00216
23	0.01000	0.02578	0.79900	0.01421	0.02157	0.01158	0.01842	0.01579	0.01052	0.01579	0.00895	0.01052	0.00631	0.00474	0.00474	0.00158	0.00737	0.00368	0.00210	0.00737
24	0.01114	0.00888	0.01034	0.00776	0.01179	0.00730	0.00618	0.01481	0.10666	0.06298	0.04968	0.01308	0.01061	0.00454	0.00405	0.00094	0.00369	0.00371	0.00353	0.65834
25	0.00724	0.00485	0.00552	0.00552	0.00555	0.00488	0.00312	0.00730	0.00727	0.00973	0.01563	0.03221	0.01794	0.79991	0.05004	0.00493	0.00510	0.00719	0.00301	0.00307

[dist]
# distance from previous block
# <min> <max>
0	1

[block]
# block no. 11 follows, 50 sequences, length 23
# corresponding to MSA columns:
# 301-323
name=unknown_L
#
# <colnr> <probs for GDERKNQSTAVLIFYWHMCP>
#	G	D	E	R	K	N	Q	S	T	A	V	L	I	F	Y	W	H	M	C	P
0	0.00955	0.00835	0.01133	0.00871	0.01229	0.00670	0.08592	0.01168	0.01031	0.01544	0.01307	0.18841	0.01301	0.00636	0.00451	0.00112	0.00401	0.00572	0.00327	0.58027
1	0.00718	0.00511	0.00683	0.00683	0.00731	0.00559	0.00476	0.00814	0.00766	0.01070	0.01443	0.02557	0.01506	0.39881	0.44720	0.00655	0.00944	0.00622	0.00283	0.00379
2	0.01644	0.01729	0.01624	0.01797	0.25352	0.34572	0.01138	0.19292	0.01514	0.01788	0.00915	0.01078	0.00735	0.00527	0.00526	0.00143	0.04222	0.00393	0.00308	0.00703
3	0.01230	0.01158	0.01914	0.05790	0.61168	0.01148	0.04695	0.05121	0.01178	0.01685	0.00946	0.01220	0.00781	0.00445	0.00485	0.00142	0.00580	0.00435	0.00263	0.09617
4	0.08924	0.01439	0.01477	0.01206	0.01517	0.16379	0.08118	0.28317	0.14457	0.02155	0.01145	0.01236	0.00876	0.00655	0.02186	0.00170	0.08208	0.00442	0.00384	0.00707
5	0.02429	0.00464	0.00649	0.00644	0.00684	0.00459	0.00446	0.00743	0.00840	0.01170	0.16190	0.04833	0.04399	0.01598	0.04335	0.56912	0.00411	0.00579	0.01916	0.00298
6	0.15228	0.01503	0.01318	0.01084	0.01426	0.18362	0.00869	0.41499	0.09847	0.02475	0.01112	0.01140	0.00825	0.00567	0.00459	0.00148	0.00582	0.00405	0.00417	0.00735
7	0.01168	0.01195	0.02282	0.02523	0.44009	0.01160	0.31126	0.01498	0.01139	0.01592	0.01090	0.06842	0.00949	0.00512	0.00540	0.00160	0.00668	0.00567	0.00264	0.00717
8	0.01535	0.46924	0.05192	0.01051	0.01420	0.33843	0.00937	0.01698	0.01177	0.01208	0.00732	0.00850	0.00640	0.00464	0.00379	0.00118	0.00690	0.00293	0.00231	0.00618
9	0.00691	0.00506	0.00630	0.00601	0.00713	0.00465	0.00440	0.00886	0.01300	0.01798	0.60408	0.03829	0.15074	0.09552	0.00791	0.00192	0.00264	0.00905	0.00511	0.00446
10	0.00713	0.00529	0.00774	0.00774	0.00854	0.00608	0.00590	0.00873	0.00793	0.01137	0.01360	0.02094	0.01305	0.11952	0.72374	0.00768	0.01246	0.00554	0.00271	0.00430
11	0.00862	0.00435	0.00633	0.00637	0.00647	0.00434	0.00428	0.00689	0.00689	0.00953	0.00982	0.04101	0.00974	0.01640	0.01787	0.76426	0.00413	0.00467	0.06562	0.00241
12	0.01170	0.19867	0.20961	0.01662	0.02203	0.01396	0.42587	0.01569	0.01111	0.01497	0.00911	0.01154	0.00701	0.00434	0.00501	0.00152	0.00747	0.00465	0.00234	0.00680
13	0.01214	0.01164	0.01987	0.08439	0.74151	0.01179	0.01520	0.01512	0.01125	0.01604	0.00934	0.01240	0.00781	0.00448	0.00494	0.00149	0.00597	0.00444	0.00245	0.00773
14	0.00602	0.00456	0.00556	0.00636	0.00708	0.00410	0.00437	0.00701	0.01010	0.01295	0.03452	0.58482	0.26517	0.01470	0.00622	0.00192	0.00278	0.01305	0.00463	0.00410
15	0.00728	0.00609	0.00786	0.00931	0.12646	0.00554	0.00578	0.00907	0.01200	0.01568	0.26460	0.03867	0.41600	0.04586	0.00659	0.00175	0.00309	0.00900	0.00449	0.00486
16	0.01170	0.20609	0.14692	0.01606	0.09902	0.01468	0.20933	0.01466	0.01013	0.01401	0.00823	0.01096	0.00688	0.00543	0.00752	0.00162	0.20366	0.00426	0.00227	0.00656
17	0.00590	0.00502	0.00508	0.00513	0.00675	0.00420	0.00382	0.00714	0.01128	0.01343	0.04950	0.08137	0.75895	0.01275	0.00591	0.00170	0.00254	0.01068	0.00463	0.00420
18	0.00722	0.00807	0.12708	0.00806	0.00985	0.00589	0.00710	0.00953	0.01086	0.01533	0.27310	0.26427	0.02906	0.01694	0.18096	0.00312	0.00569	0.00894	0.00410	0.00486
19	0.01689	0.01541	0.01663	0.06640	0.10539	0.18076	0.07705	0.41626	0.01823	0.02311	0.01041	0.01160	0.00778	0.00541	0.00495	0.00148	0.00660	0.00433	0.00380	0.00750
20	0.18075	0.00851	0.00903	0.00810	0.01039	0.00909	0.00628	0.18744	0.08425	0.06040	0.09989	0.22945	0.06842	0.00918	0.00513	0.00168	0.00376	0.00766	0.00461	0.00599
21	0.01819	0.19086	0.01645	0.01016	0.01412	0.01437	0.00870	0.40051	0.05465	0.20344	0.01304	0.01257	0.00923	0.00569	0.00460	0.00142	0.00509	0.00426	0.00464	0.00799
22	0.01210	0.00874	0.01007	0.00753	0.01137	0.00734	0.00604	0.09551	0.01209	0.08313	0.01122	0.01232	0.00873	0.00447	0.00391	0.00095	0.00372	0.00355	0.13251	0.56471

[dist]
# distance from previous block
# <min> <max>
0	4

[block]
# block no. 12 follows, 50 sequences, length 23
# corresponding to MSA columns:
# 328-350
name=unknown_M
#
# <colnr> <probs for GDERKNQSTAVLIFYWHMCP>
#	G	D	E	R	K	N	Q	S	T	A	V	L	I	F	Y	W	H	M	C	P
0	0.34765	0.19278	0.29269	0.00977	0.01466	0.01305	0.01076	0.01542	0.00975	0.04258	0.00806	0.00922	0.00616	0.00464	0.00376	0.00145	0.00543	0.00312	0.00263	0.00641
1	0.04455	0.01429	0.01366	0.01094	0.01437	0.13171	0.00883	0.55420	0.02053	0.02699	0.09810	0.01422	0.01237	0.00628	0.00495	0.00147	0.00561	0.00475	0.00462	0.00755
2	0.01404	0.01240	0.01733	0.02221	0.46022	0.02962	0.01254	0.19730	0.14612	0.02055	0.01181	0.01325	0.00925	0.00522	0.00496	0.00152	0.00555	0.00463	0.00351	0.00799
