[name]
unknown

[dist]
# distance from previous block
# <min> <max>
6	503

[block]
# block no. 0 follows, 48 sequences, length 8
# corresponding to MSA columns:
# 522-529
name=unknown_A
#
# <colnr> <probs for GDERKNQSTAVLIFYWHMCP>
#	G	D	E	R	K	N	Q	S	T	A	V	L	I	F	Y	W	H	M	C	P
0	0.00699	0.00528	0.00654	0.00680	0.00779	0.00507	0.00487	0.00917	0.05387	0.01556	0.24097	0.32347	0.17138	0.04843	0.06727	0.00246	0.00371	0.01096	0.00481	0.00459
1	0.01135	0.01078	0.01165	0.01027	0.01278	0.09755	0.07214	0.01924	0.37516	0.01816	0.10182	0.09012	0.13006	0.00854	0.00554	0.00171	0.00456	0.00736	0.00465	0.00657
2	0.01207	0.01247	0.02374	0.09086	0.02367	0.01200	0.47931	0.06487	0.01229	0.01707	0.01002	0.01303	0.00768	0.00460	0.00591	0.00156	0.03835	0.00521	0.00280	0.16249
3	0.00947	0.00606	0.00769	0.00697	0.00867	0.00568	0.00533	0.01260	0.06735	0.11347	0.59123	0.03520	0.09026	0.00991	0.00589	0.00163	0.00278	0.00864	0.00565	0.00551
4	0.00995	0.00883	0.01448	0.62861	0.10112	0.01059	0.01297	0.01320	0.01046	0.01425	0.01018	0.01431	0.00780	0.00519	0.00492	0.00162	0.00618	0.00459	0.11494	0.00580
5	0.14146	0.06200	0.16963	0.00990	0.01334	0.06563	0.02524	0.15313	0.01238	0.03935	0.01155	0.01715	0.01042	0.23569	0.01060	0.00250	0.00586	0.00482	0.00329	0.00606
6	0.01319	0.01157	0.01903	0.07709	0.56997	0.01221	0.01435	0.01592	0.01134	0.08214	0.01013	0.01297	0.00825	0.00535	0.00666	0.00164	0.11308	0.00461	0.00281	0.00769
7	0.30381	0.06710	0.01221	0.11574	0.01540	0.30599	0.00838	0.01659	0.01139	0.01675	0.00852	0.01031	0.00684	0.00509	0.00402	0.00144	0.00629	0.00338	0.07503	0.00572

[dist]
# distance from previous block
# <min> <max>
0	16

[block]
# block no. 1 follows, 48 sequences, length 21
# corresponding to MSA columns:
# 546-566
name=unknown_B
#
# <colnr> <probs for GDERKNQSTAVLIFYWHMCP>
#	G	D	E	R	K	N	Q	S	T	A	V	L	I	F	Y	W	H	M	C	P
0	0.01069	0.00946	0.01318	0.01218	0.06471	0.01124	0.03538	0.07466	0.00995	0.01449	0.01085	0.04137	0.01058	0.12353	0.14051	0.00332	0.32177	0.00531	0.00287	0.08393
1	0.00788	0.00652	0.01031	0.01247	0.14385	0.00625	0.05884	0.00946	0.01041	0.01409	0.02378	0.57999	0.02745	0.01318	0.00629	0.00198	0.00400	0.05395	0.00423	0.00507
2	0.01623	0.01620	0.01282	0.01086	0.01385	0.32109	0.00839	0.25886	0.03866	0.01943	0.01456	0.01631	0.08084	0.07151	0.00659	0.00169	0.00653	0.00481	0.00379	0.07700
3	0.01052	0.00860	0.01354	0.47931	0.07755	0.01006	0.01151	0.01313	0.01038	0.07793	0.01419	0.01870	0.07114	0.08263	0.03289	0.00223	0.05163	0.00541	0.00293	0.00573
4	0.01064	0.00912	0.01064	0.00760	0.01216	0.00684	0.00608	0.01292	0.01064	0.01672	0.00912	0.01064	0.00760	0.00380	0.00380	0.00076	0.00380	0.00304	0.00304	0.85104
5	0.01024	0.00964	0.01590	0.53349	0.17840	0.01148	0.01364	0.01333	0.01062	0.01427	0.06179	0.01495	0.00991	0.00572	0.00619	0.00171	0.07518	0.00488	0.00256	0.00611
6	0.00723	0.00586	0.00892	0.07597	0.05487	0.00573	0.04951	0.00867	0.01018	0.01353	0.02575	0.62170	0.06480	0.01370	0.00630	0.00198	0.00378	0.01252	0.00431	0.00468
7	0.00998	0.00941	0.01591	0.73321	0.10722	0.01148	0.01439	0.01336	0.01040	0.01346	0.00917	0.01359	0.00696	0.00508	0.00513	0.00169	0.00677	0.00456	0.00230	0.00593
8	0.01528	0.01842	0.01240	0.06544	0.01500	0.54184	0.00881	0.01679	0.01359	0.01340	0.07610	0.08291	0.08449	0.00731	0.00507	0.00147	0.00740	0.00551	0.00323	0.00554
9	0.01064	0.00912	0.01064	0.00760	0.01216	0.00684	0.00608	0.01292	0.01064	0.01672	0.00912	0.01064	0.00760	0.00380	0.00380	0.00076	0.00380	0.00304	0.00304	0.85104
10	0.01082	0.01150	0.14774	0.01130	0.01449	0.00928	0.10926	0.06340	0.02702	0.08116	0.12260	0.02122	0.07640	0.01500	0.20165	0.00331	0.05793	0.00608	0.00366	0.00618
11	0.00891	0.00446	0.00668	0.00668	0.00668	0.00446	0.00446	0.00668	0.00668	0.00891	0.00891	0.01560	0.00891	0.01783	0.02005	0.85071	0.00446	0.00446	0.00223	0.00223
12	0.00797	0.00586	0.00732	0.08058	0.00899	0.00643	0.00479	0.00838	0.00775	0.01043	0.01476	0.02994	0.01660	0.67914	0.02343	0.00445	0.06972	0.00695	0.00296	0.00355
13	0.00714	0.00668	0.07171	0.00710	0.00828	0.00520	0.00554	0.00870	0.01079	0.01476	0.23553	0.30634	0.07844	0.19770	0.01073	0.00256	0.00364	0.01035	0.00441	0.00441
14	0.01068	0.01034	0.01815	0.53805	0.22502	0.01175	0.08462	0.01409	0.01079	0.01434	0.00937	0.01345	0.00725	0.00491	0.00520	0.00166	0.00682	0.00470	0.00238	0.00643
15	0.01141	0.01095	0.01869	0.02376	0.48673	0.01054	0.11331	0.01437	0.01192	0.01684	0.08499	0.01800	0.07411	0.00570	0.00527	0.00151	0.00562	0.00558	0.00306	0.07765
16	0.01169	0.03568	0.47600	0.01586	0.05806	0.05683	0.13687	0.02996	0.09785	0.01687	0.01067	0.01223	0.00786	0.00504	0.00508	0.00162	0.00731	0.00439	0.00267	0.00747
17	0.00926	0.00849	0.01384	0.66348	0.03043	0.01032	0.01258	0.01261	0.02505	0.01384	0.06831	0.05552	0.04272	0.00640	0.00530	0.00172	0.00611	0.00566	0.00280	0.00555
18	0.01353	0.01021	0.01365	0.14411	0.15460	0.01109	0.01018	0.07985	0.27081	0.12456	0.04086	0.07569	0.01430	0.00687	0.00529	0.00168	0.00491	0.00595	0.00439	0.00746
19	0.01246	0.00998	0.01432	0.04759	0.20795	0.05699	0.07637	0.01592	0.07631	0.12322	0.11290	0.12435	0.01941	0.00810	0.00565	0.00172	0.00516	0.07078	0.00415	0.00666
20	0.01077	0.01013	0.01502	0.14005	0.19360	0.01228	0.01149	0.01418	0.08927	0.01445	0.01225	0.01566	0.04609	0.01086	0.10362	0.00263	0.28348	0.00508	0.00281	0.00628

[dist]
# distance from previous block
# <min> <max>
0	2

[block]
# block no. 2 follows, 48 sequences, length 24
# corresponding to MSA columns:
# 569-592
name=unknown_C
#
# <colnr> <probs for GDERKNQSTAVLIFYWHMCP>
#	G	D	E	R	K	N	Q	S	T	A	V	L	I	F	Y	W	H	M	C	P
0	0.08493	0.51059	0.07182	0.00977	0.01379	0.17298	0.00923	0.01618	0.01130	0.01371	0.03954	0.00985	0.00822	0.00488	0.00376	0.00124	0.00612	0.00320	0.00251	0.00637
1	0.01323	0.35350	0.32904	0.01159	0.01700	0.08255	0.01283	0.01728	0.05296	0.05262	0.00942	0.01040	0.00735	0.00490	0.00423	0.00139	0.00651	0.00349	0.00259	0.00712
2	0.01118	0.01178	0.01430	0.01231	0.01436	0.17939	0.17757	0.01371	0.05299	0.01403	0.01717	0.28832	0.01812	0.05002	0.02135	0.00209	0.05919	0.03309	0.00356	0.00545
3	0.00731	0.00541	0.00657	0.00684	0.00776	0.00522	0.00492	0.00941	0.05653	0.01505	0.20174	0.22960	0.14852	0.17468	0.01027	0.00251	0.00346	0.09512	0.00466	0.00443
4	0.01350	0.01139	0.01202	0.01059	0.01362	0.01311	0.00830	0.10858	0.69588	0.02265	0.01995	0.01840	0.01490	0.00687	0.00521	0.00172	0.00423	0.00567	0.00521	0.00819
5	0.06622	0.01257	0.13757	0.03110	0.01525	0.00991	0.04417	0.10475	0.08429	0.16203	0.07723	0.01530	0.01250	0.00568	0.00480	0.00142	0.00495	0.00467	0.00414	0.20144
6	0.01157	0.19361	0.48655	0.11936	0.02159	0.01343	0.01559	0.01607	0.01086	0.05307	0.00930	0.01098	0.00687	0.00488	0.00458	0.00152	0.00688	0.00374	0.00239	0.00717
7	0.01920	0.02361	0.01461	0.01310	0.01587	0.73381	0.00990	0.08300	0.01534	0.01421	0.00830	0.00951	0.00679	0.00536	0.00467	0.00134	0.00895	0.00341	0.00285	0.00618
8	0.01220	0.01260	0.08197	0.12404	0.41837	0.01205	0.01372	0.04985	0.15758	0.01782	0.02681	0.02859	0.01050	0.00551	0.00514	0.00161	0.00578	0.00501	0.00319	0.00766
9	0.01585	0.01252	0.05570	0.05635	0.14557	0.03758	0.14359	0.15031	0.03552	0.20517	0.05891	0.01548	0.01163	0.00582	0.00561	0.00161	0.02572	0.00521	0.00414	0.00769
10	0.00746	0.00497	0.00560	0.00560	0.00560	0.00497	0.00311	0.00746	0.00746	0.00995	0.01617	0.03358	0.01865	0.81967	0.02612	0.00497	0.00497	0.00746	0.00311	0.00311
11	0.00672	0.00512	0.00621	0.00642	0.00761	0.00461	0.00478	0.00842	0.01232	0.01624	0.30951	0.21132	0.29531	0.01285	0.00625	0.00182	0.00279	0.07209	0.00508	0.00451
12	0.05407	0.01802	0.04914	0.08278	0.14103	0.36932	0.10724	0.05465	0.01347	0.01570	0.04064	0.01211	0.00878	0.00525	0.00495	0.00149	0.00771	0.00426	0.00284	0.00654
13	0.01091	0.14425	0.63384	0.01417	0.02114	0.01323	0.06194	0.01613	0.01085	0.01564	0.00897	0.01062	0.00659	0.00477	0.00471	0.00155	0.00733	0.00377	0.00220	0.00740
14	0.00700	0.00517	0.00662	0.00666	0.00779	0.00480	0.00499	0.00898	0.01292	0.01768	0.47266	0.16335	0.15263	0.01314	0.03866	0.00203	0.00316	0.06192	0.00519	0.00464
15	0.12169	0.00781	0.00999	0.04759	0.13043	0.00800	0.00739	0.05063	0.04450	0.03207	0.31543	0.09146	0.09551	0.00882	0.00542	0.00165	0.00372	0.00760	0.00450	0.00578
16	0.04147	0.01160	0.01683	0.22177	0.10188	0.04649	0.08594	0.06171	0.05604	0.01556	0.00942	0.01283	0.00775	0.00713	0.02678	0.00198	0.26106	0.00467	0.00274	0.00636
17	0.01180	0.31206	0.43136	0.01309	0.05716	0.02927	0.01445	0.01606	0.02615	0.01490	0.02497	0.01070	0.00768	0.00485	0.00434	0.00143	0.00660	0.00360	0.00234	0.00717
18	0.04664	0.05479	0.01643	0.03461	0.20436	0.15621	0.07364	0.02006	0.26441	0.01762	0.05003	0.01514	0.01202	0.00576	0.00501	0.00156	0.00594	0.00493	0.00360	0.00724
19	0.00758	0.00591	0.00820	0.07408	0.01045	0.00662	0.00622	0.00910	0.00908	0.01245	0.06827	0.04160	0.10598	0.18650	0.37855	0.00543	0.04955	0.00680	0.00322	0.00441
20	0.52285	0.01235	0.11405	0.00893	0.01231	0.05722	0.04258	0.01440	0.00968	0.01966	0.01088	0.13384	0.01023	0.00654	0.00414	0.00166	0.00483	0.00492	0.00323	0.00570
21	0.01343	0.01087	0.06083	0.01614	0.24179	0.00949	0.04658	0.05110	0.05076	0.15680	0.14882	0.01801	0.01625	0.00602	0.00512	0.00147	0.00489	0.00537	0.00407	0.13219
22	0.01601	0.00943	0.01174	0.00915	0.03477	0.00789	0.00717	0.07063	0.01315	0.31128	0.01357	0.01340	0.00963	0.00495	0.00444	0.00115	0.00421	0.00400	0.00443	0.44900
23	0.02006	0.05807	0.01333	0.01006	0.03521	0.01002	0.00807	0.18586	0.01628	0.49346	0.05030	0.01782	0.04444	0.00658	0.00511	0.00155	0.00461	0.00528	0.00564	0.00825

[dist]
# distance from previous block
# <min> <max>
7	24

[block]
# block no. 3 follows, 48 sequences, length 61
# corresponding to MSA columns:
# 617-677
name=unknown_D
#
# <colnr> <probs for GDERKNQSTAVLIFYWHMCP>
#	G	D	E	R	K	N	Q	S	T	A	V	L	I	F	Y	W	H	M	C	P
0	0.01334	0.07262	0.18599	0.01249	0.01706	0.08571	0.12365	0.07935	0.04007	0.07852	0.07360	0.01410	0.01129	0.00550	0.00525	0.00145	0.03003	0.00460	0.00339	0.14199
1	0.01102	0.03031	0.18781	0.06085	0.03121	0.00847	0.00971	0.01456	0.04836	0.09592	0.07015	0.13217	0.02923	0.00701	0.00496	0.00144	0.00477	0.00596	0.00368	0.24241
2	0.01432	0.01191	0.09265	0.01380	0.06621	0.01008	0.19005	0.11882	0.01464	0.19496	0.17328	0.01965	0.02946	0.00650	0.00551	0.00161	0.00555	0.00603	0.00442	0.02055
3	0.01022	0.01438	0.24229	0.01220	0.01682	0.00955	0.14657	0.02577	0.07914	0.01717	0.09447	0.07200	0.05618	0.00655	0.00521	0.00152	0.00556	0.00592	0.00341	0.17507
4	0.00871	0.00454	0.00661	0.00658	0.00665	0.00452	0.00437	0.00691	0.00717	0.00963	0.05151	0.01829	0.01184	0.08258	0.01979	0.73603	0.00439	0.00496	0.00248	0.00244
5	0.01474	0.01265	0.01394	0.07725	0.08408	0.11481	0.02759	0.10937	0.27132	0.09989	0.01671	0.01687	0.05290	0.00662	0.00591	0.00166	0.05683	0.00525	0.00424	0.00738
6	0.01200	0.01208	0.07275	0.01148	0.08247	0.04487	0.03768	0.07204	0.04429	0.01787	0.00991	0.01138	0.00795	0.00435	0.00428	0.00106	0.00488	0.00360	0.00314	0.54194
7	0.41218	0.01177	0.01279	0.07669	0.09441	0.09048	0.07197	0.03953	0.02697	0.07024	0.00950	0.01121	0.00730	0.00640	0.03751	0.00186	0.00583	0.00382	0.00323	0.00631
8	0.00970	0.00753	0.02619	0.00853	0.01021	0.04875	0.04072	0.02637	0.02560	0.09706	0.09662	0.36051	0.13278	0.01222	0.00612	0.00188	0.00395	0.07529	0.00475	0.00524
9	0.01029	0.00961	0.01571	0.51166	0.21484	0.01105	0.01346	0.01398	0.04574	0.01472	0.04324	0.01639	0.04648	0.00567	0.00520	0.00166	0.00615	0.00511	0.00273	0.00630
10	0.00969	0.00912	0.01539	0.80734	0.03534	0.01140	0.01425	0.01311	0.01026	0.01311	0.00912	0.01368	0.00684	0.00513	0.00513	0.00171	0.00684	0.00456	0.00228	0.00570
11	0.01123	0.00784	0.00812	0.00752	0.00955	0.00867	0.00579	0.03478	0.36221	0.02047	0.01854	0.01899	0.01421	0.00643	0.00437	0.00145	0.00322	0.00525	0.44496	0.00639
12	0.85592	0.00992	0.00754	0.00675	0.00992	0.01151	0.00556	0.01508	0.00873	0.02302	0.00714	0.00834	0.00556	0.00476	0.00318	0.00159	0.00397	0.00278	0.00318	0.00556
13	0.00719	0.00531	0.00675	0.00683	0.00787	0.00503	0.00495	0.00973	0.05426	0.01796	0.47134	0.28171	0.07736	0.01217	0.00616	0.00177	0.00269	0.01083	0.00531	0.00478
14	0.00618	0.00520	0.00535	0.00532	0.00700	0.00438	0.00399	0.00758	0.01196	0.01449	0.12033	0.04835	0.71684	0.01276	0.00606	0.00172	0.00258	0.01068	0.00485	0.00438
15	0.08863	0.00883	0.01156	0.00894	0.01285	0.00785	0.00739	0.02422	0.01422	0.73071	0.01921	0.01675	0.01214	0.00623	0.00500	0.00159	0.00433	0.00497	0.00610	0.00848
16	0.01044	0.00988	0.01674	0.61451	0.22232	0.01160	0.01462	0.01377	0.01061	0.01402	0.00925	0.01344	0.00716	0.00499	0.00512	0.00166	0.00665	0.00456	0.00234	0.00630
17	0.01270	0.01219	0.02083	0.03149	0.78767	0.01219	0.01575	0.01575	0.01168	0.01676	0.00965	0.01270	0.00813	0.00457	0.00508	0.00152	0.00610	0.00457	0.00254	0.00813
18	0.00608	0.00513	0.00527	0.00538	0.00698	0.00432	0.00398	0.00734	0.01152	0.01379	0.04977	0.12090	0.71549	0.01328	0.00611	0.00177	0.00263	0.01118	0.00476	0.00432
19	0.85592	0.00992	0.00754	0.00675	0.00992	0.01151	0.00556	0.01508	0.00873	0.02302	0.00714	0.00834	0.00556	0.00476	0.00318	0.00159	0.00397	0.00278	0.00318	0.00556
20	0.01102	0.01278	0.06639	0.01818	0.02230	0.01181	0.53552	0.01467	0.01116	0.01541	0.01180	0.07926	0.01023	0.00886	0.08086	0.00240	0.07175	0.00645	0.00273	0.00641
21	0.00765	0.00596	0.00885	0.00867	0.00951	0.00717	0.00680	0.00942	0.00821	0.01195	0.01317	0.01943	0.01233	0.03609	0.73576	0.00776	0.07846	0.00542	0.00271	0.00467
22	0.01056	0.00912	0.01103	0.07258	0.01404	0.00721	0.00674	0.01294	0.01061	0.01643	0.00912	0.01089	0.00754	0.00391	0.00391	0.00084	0.00405	0.00316	0.00298	0.78236
23	0.00645	0.00461	0.00618	0.00737	0.00775	0.00434	0.00511	0.00749	0.01002	0.01332	0.02817	0.74197	0.03350	0.01589	0.00660	0.00211	0.00315	0.08700	0.00476	0.00422
24	0.00891	0.00446	0.00668	0.00668	0.00668	0.00446	0.00446	0.00668	0.00668	0.00891	0.00891	0.01560	0.00891	0.01783	0.02005	0.85071	0.00446	0.00446	0.00223	0.00223
25	0.00872	0.00744	0.01090	0.02919	0.02896	0.00760	0.10287	0.01325	0.18308	0.01553	0.02347	0.48318	0.02522	0.01199	0.00613	0.00195	0.00413	0.02636	0.00448	0.00554
26	0.01342	0.01288	0.01989	0.07372	0.62671	0.05506	0.02759	0.07719	0.01277	0.01758	0.00976	0.01256	0.00801	0.00477	0.00508	0.00153	0.00632	0.00453	0.00274	0.00790
27	0.01731	0.29590	0.01874	0.01171	0.01495	0.53427	0.00953	0.01875	0.01314	0.01239	0.00766	0.00891	0.00660	0.00498	0.00417	0.00125	0.00797	0.00311	0.00249	0.00616
28	0.85592	0.00992	0.00754	0.00675	0.00992	0.01151	0.00556	0.01508	0.00873	0.02302	0.00714	0.00834	0.00556	0.00476	0.00318	0.00159	0.00397	0.00278	0.00318	0.00556
29	0.01131	0.01962	0.42261	0.03350	0.11466	0.01226	0.12662	0.01824	0.15661	0.01726	0.01165	0.01314	0.00863	0.00516	0.00514	0.00165	0.00688	0.00462	0.00286	0.00761
30	0.01126	0.01072	0.01823	0.40227	0.42813	0.01181	0.01503	0.01449	0.01100	0.01502	0.00940	0.01317	0.00751	0.00484	0.00510	0.00161	0.00645	0.00457	0.00242	0.00697
31	0.00617	0.00520	0.00535	0.00531	0.00700	0.00438	0.00398	0.00758	0.01195	0.01447	0.11896	0.04837	0.71822	0.01277	0.00606	0.00172	0.00258	0.01069	0.00485	0.00438
32	0.01062	0.04001	0.01439	0.60486	0.02907	0.01108	0.01228	0.01472	0.07290	0.04581	0.01116	0.01458	0.00837	0.00538	0.00492	0.00164	0.00605	0.00464	0.08156	0.00597
33	0.01276	0.01102	0.01160	0.01044	0.01334	0.01276	0.00812	0.02727	0.77840	0.02146	0.02088	0.01914	0.01566	0.00696	0.00522	0.00174	0.00406	0.00580	0.00522	0.00812
34	0.01276	0.01102	0.01160	0.01044	0.01334	0.01276	0.00812	0.02727	0.77840	0.02146	0.02088	0.01914	0.01566	0.00696	0.00522	0.00174	0.00406	0.00580	0.00522	0.00812
35	0.00654	0.00468	0.00626	0.00724	0.00773	0.00439	0.00506	0.00775	0.01058	0.01423	0.12398	0.65621	0.03541	0.01521	0.00653	0.00205	0.00305	0.07392	0.00487	0.00430
36	0.00624	0.00452	0.00589	0.00699	0.00740	0.00418	0.00469	0.00716	0.00997	0.01316	0.03015	0.75591	0.09315	0.01583	0.00651	0.00206	0.00295	0.01429	0.00476	0.00418
37	0.01201	0.01435	0.06457	0.02110	0.02627	0.01300	0.71600	0.01633	0.01195	0.01633	0.01024	0.01364	0.00770	0.00447	0.00627	0.00174	0.02865	0.00591	0.00257	0.00692
38	0.00638	0.00521	0.00563	0.00553	0.00712	0.00447	0.00415	0.00797	0.01244	0.01562	0.24414	0.04648	0.59232	0.01234	0.00606	0.00170	0.00255	0.01042	0.00500	0.00447
39	0.01040	0.07231	0.00896	0.00679	0.00892	0.00646	0.00540	0.01235	0.01341	0.16247	0.36872	0.03513	0.24916	0.00993	0.00566	0.00160	0.00309	0.00842	0.00525	0.00557
40	0.01325	0.71305	0.13246	0.00959	0.01441	0.01915	0.01018	0.01549	0.01048	0.01265	0.00742	0.00859	0.00657	0.00446	0.00351	0.00117	0.00578	0.00289	0.00219	0.00672
41	0.01917	0.02445	0.01454	0.01322	0.01586	0.79907	0.00991	0.02049	0.01454	0.01256	0.00793	0.00925	0.00661	0.00529	0.00463	0.00132	0.00925	0.00330	0.00264	0.00595
42	0.01064	0.01332	0.15258	0.01311	0.01455	0.01403	0.01207	0.01269	0.00843	0.01299	0.00794	0.01213	0.00736	0.01146	0.09981	0.00279	0.58150	0.00448	0.00229	0.00585
43	0.00814	0.00545	0.00707	0.00655	0.00795	0.00498	0.00495	0.01047	0.01438	0.06628	0.69957	0.03768	0.08618	0.01038	0.00600	0.00162	0.00255	0.00912	0.00564	0.00505
44	0.00651	0.00522	0.00582	0.00567	0.00720	0.00452	0.00425	0.00823	0.01275	0.01636	0.32521	0.04526	0.51079	0.01206	0.00606	0.00169	0.00253	0.01025	0.00509	0.00452
45	0.01283	0.01207	0.02011	0.09087	0.68728	0.01233	0.01531	0.05640	0.01225	0.01732	0.00975	0.01276	0.00806	0.00470	0.00509	0.00154	0.00613	0.00457	0.00266	0.00797
46	0.00733	0.00550	0.00825	0.00825	0.00916	0.00641	0.00641	0.00916	0.00825	0.01191	0.01374	0.02016	0.01283	0.03848	0.79934	0.00825	0.01374	0.00550	0.00275	0.00458
47	0.00791	0.00620	0.00666	0.00636	0.00830	0.00583	0.00487	0.01113	0.11834	0.05194	0.04302	0.04127	0.57860	0.01391	0.07036	0.00226	0.00379	0.00942	0.00474	0.00509
48	0.01064	0.00912	0.01064	0.00760	0.01216	0.00684	0.00608	0.01292	0.01064	0.01672	0.00912	0.01064	0.00760	0.00380	0.00380	0.00076	0.00380	0.00304	0.00304	0.85104
49	0.01064	0.00912	0.01064	0.00760	0.01216	0.00684	0.00608	0.01292	0.01064	0.01672	0.00912	0.01064	0.00760	0.00380	0.00380	0.00076	0.00380	0.00304	0.00304	0.85104
50	0.10566	0.11840	0.54243	0.01290	0.01917	0.01283	0.02879	0.01627	0.01064	0.04933	0.00914	0.01059	0.00670	0.00499	0.00491	0.00158	0.03232	0.00367	0.00247	0.00721
51	0.01038	0.02505	0.71873	0.01555	0.06345	0.01180	0.03524	0.01605	0.01089	0.01622	0.00963	0.02689	0.00716	0.00507	0.00495	0.00163	0.00744	0.00410	0.00225	0.00753
52	0.00736	0.00537	0.00762	0.00762	0.00831	0.00607	0.00563	0.00876	0.00806	0.01144	0.01432	0.02335	0.01422	0.22452	0.61520	0.00747	0.01166	0.00597	0.00283	0.00423
53	0.01228	0.01264	0.03543	0.17138	0.28066	0.11235	0.08360	0.05581	0.02644	0.01618	0.04556	0.10005	0.01232	0.00638	0.00532	0.00162	0.00636	0.00583	0.00306	0.00672
54	0.01173	0.00954	0.01106	0.00799	0.01249	0.00760	0.00642	0.07483	0.01186	0.04086	0.00971	0.01098	0.00784	0.00407	0.00395	0.00085	0.00397	0.00323	0.00331	0.75773
55	0.01896	0.00947	0.01229	0.00974	0.01344	0.00902	0.03009	0.05179	0.17462	0.49563	0.01879	0.01717	0.01270	0.00754	0.03725	0.00184	0.00482	0.00517	0.00559	0.06407
56	0.01101	0.01179	0.02321	0.03664	0.04415	0.01194	0.47757	0.01428	0.01123	0.01532	0.01469	0.05249	0.07295	0.00677	0.00779	0.00185	0.13494	0.04221	0.00290	0.00629
57	0.00982	0.01446	0.26684	0.25429	0.11893	0.01029	0.02560	0.01368	0.01091	0.01536	0.07761	0.05661	0.01226	0.00775	0.04815	0.00199	0.00668	0.00525	0.00276	0.04076
58	0.01078	0.00951	0.01253	0.11194	0.11327	0.00810	0.00834	0.01330	0.01072	0.01627	0.00919	0.01129	0.00757	0.00407	0.00413	0.00098	0.00448	0.00343	0.00288	0.63724
59	0.03911	0.01537	0.01523	0.24169	0.10803	0.28513	0.01162	0.05730	0.03219	0.01494	0.00893	0.01157	0.00722	0.00557	0.00609	0.00156	0.09303	0.00404	0.00272	0.03865
60	0.00965	0.00763	0.01310	0.03425	0.01367	0.00716	0.19134	0.01224	0.01285	0.08034	0.33590	0.16484	0.04176	0.00966	0.00609	0.00176	0.00443	0.04312	0.00466	0.00556

[dist]
# distance from previous block
# <min> <max>
2	8

[block]
# block no. 4 follows, 48 sequences, length 107
# corresponding to MSA columns:
# 686-792
name=unknown_E
#
# <colnr> <probs for GDERKNQSTAVLIFYWHMCP>
#	G	D	E	R	K	N	Q	S	T	A	V	L	I	F	Y	W	H	M	C	P
0	0.00812	0.00685	0.01000	0.16964	0.09164	0.02464	0.00820	0.00999	0.01007	0.01351	0.04821	0.37194	0.02175	0.01667	0.16135	0.00313	0.00629	0.00935	0.00364	0.00502
1	0.01583	0.07968	0.01711	0.03241	0.19648	0.33215	0.01136	0.09249	0.04240	0.01579	0.00907	0.01100	0.00754	0.00567	0.00627	0.00151	0.10962	0.00396	0.00287	0.00682
2	0.04437	0.01146	0.01664	0.08879	0.41526	0.02727	0.01212	0.07240	0.01218	0.01778	0.00954	0.01198	0.00780	0.00456	0.00467	0.00134	0.00551	0.00408	0.00287	0.22940
3	0.00867	0.00717	0.01116	0.17438	0.11127	0.00817	0.00899	0.01119	0.03502	0.01297	0.01302	0.04759	0.01201	0.05485	0.43107	0.02880	0.01007	0.00558	0.00278	0.00523
4	0.82449	0.00988	0.00771	0.00684	0.01004	0.01136	0.00563	0.01546	0.00896	0.05201	0.00764	0.00868	0.00583	0.00482	0.00325	0.00159	0.00398	0.00287	0.00330	0.00568
5	0.00956	0.00478	0.00478	0.00478	0.00598	0.00478	0.00359	0.01196	0.01076	0.01913	0.01674	0.01913	0.01315	0.00598	0.00359	0.00120	0.00239	0.00478	0.84816	0.00478
6	0.00632	0.00470	0.00589	0.00666	0.00736	0.00427	0.00459	0.00746	0.01071	0.01404	0.11212	0.57249	0.19500	0.01484	0.00639	0.00196	0.00284	0.01324	0.00486	0.00427
7	0.00632	0.00455	0.00608	0.00717	0.00754	0.00431	0.00485	0.00728	0.00977	0.01304	0.02789	0.74857	0.04939	0.01743	0.05694	0.00247	0.00365	0.01392	0.00464	0.00420
8	0.00705	0.00524	0.00656	0.00623	0.00753	0.00475	0.00467	0.00927	0.01402	0.01938	0.65465	0.04029	0.17947	0.01094	0.00605	0.00163	0.00245	0.00955	0.00549	0.00475
9	0.85592	0.00992	0.00754	0.00675	0.00992	0.01151	0.00556	0.01508	0.00873	0.02302	0.00714	0.00834	0.00556	0.00476	0.00318	0.00159	0.00397	0.00278	0.00318	0.00556
10	0.02187	0.01058	0.01305	0.01001	0.01402	0.01029	0.00827	0.26943	0.01778	0.54243	0.01765	0.01578	0.01140	0.00629	0.00515	0.00157	0.00479	0.00498	0.00595	0.00873
11	0.17909	0.02269	0.60407	0.01335	0.01995	0.01188	0.04804	0.01602	0.01047	0.01761	0.00885	0.01046	0.00637	0.00483	0.00459	0.00162	0.00691	0.00369	0.00239	0.00715
12	0.01549	0.01394	0.06458	0.01231	0.01563	0.04513	0.05620	0.36239	0.14361	0.02386	0.01259	0.01351	0.00951	0.00651	0.00696	0.00168	0.13463	0.00479	0.04907	0.00763
13	0.18110	0.00868	0.00990	0.02514	0.01166	0.00917	0.03864	0.01838	0.21704	0.14463	0.11485	0.02095	0.07184	0.00704	0.00482	0.00161	0.00385	0.00576	0.09839	0.00655
14	0.01538	0.57857	0.02311	0.01014	0.01399	0.25852	0.00913	0.01693	0.01168	0.01222	0.00738	0.00854	0.00659	0.00466	0.00370	0.00117	0.00664	0.00292	0.00233	0.00639
15	0.01064	0.00912	0.01064	0.00760	0.01216	0.00684	0.00608	0.01292	0.01064	0.01672	0.00912	0.01064	0.00760	0.00380	0.00380	0.00076	0.00380	0.00304	0.00304	0.85104
16	0.01958	0.01454	0.01393	0.01122	0.01486	0.16681	0.00902	0.37477	0.06941	0.21365	0.03123	0.01401	0.01063	0.00619	0.00507	0.00152	0.00586	0.00468	0.00496	0.00806
17	0.00807	0.00656	0.00908	0.06084	0.08712	0.00664	0.02056	0.01096	0.10240	0.01445	0.02598	0.45773	0.11183	0.01265	0.00661	0.03436	0.00378	0.01094	0.00431	0.00512
18	0.00661	0.00462	0.00585	0.00668	0.00689	0.00441	0.00427	0.00724	0.00912	0.01215	0.02465	0.58173	0.02936	0.25692	0.01241	0.00295	0.00358	0.01245	0.00427	0.00385
19	0.01276	0.01102	0.01160	0.01044	0.01334	0.01276	0.00812	0.02727	0.77840	0.02146	0.02088	0.01914	0.01566	0.00696	0.00522	0.00174	0.00406	0.00580	0.00522	0.00812
20	0.04594	0.01190	0.01913	0.02719	0.63600	0.01194	0.01420	0.06257	0.01262	0.09328	0.01075	0.01298	0.00851	0.00485	0.00502	0.00153	0.00582	0.00456	0.00309	0.00813
21	0.01181	0.10150	0.61557	0.01388	0.02050	0.11898	0.01678	0.01674	0.01130	0.01536	0.00884	0.01037	0.00652	0.00488	0.00469	0.00153	0.00761	0.00363	0.00223	0.00727
22	0.00733	0.00550	0.00825	0.00825	0.00916	0.00641	0.00641	0.00916	0.00825	0.01191	0.01374	0.02016	0.01283	0.03848	0.79934	0.00825	0.01374	0.00550	0.00275	0.00458
23	0.01352	0.00700	0.00826	0.00741	0.00962	0.00686	0.00600	0.08257	0.03771	0.20915	0.02032	0.02539	0.04447	0.00768	0.00481	0.00154	0.00360	0.12347	0.37446	0.00618
24	0.76242	0.01155	0.00832	0.00747	0.01059	0.09951	0.00604	0.01569	0.00938	0.02185	0.00723	0.00844	0.00567	0.00482	0.00334	0.00156	0.00456	0.00284	0.00312	0.00560
25	0.00620	0.00466	0.00576	0.00664	0.00731	0.00421	0.00454	0.00720	0.01031	0.01330	0.03442	0.61755	0.22875	0.01528	0.00642	0.00199	0.00288	0.01361	0.00476	0.00421
26	0.00746	0.00497	0.00560	0.00560	0.00560	0.00497	0.00311	0.00746	0.00746	0.00995	0.01617	0.03358	0.01865	0.81967	0.02612	0.00497	0.00497	0.00746	0.00311	0.00311
27	0.01195	0.01128	0.01899	0.30753	0.36878	0.02637	0.07963	0.01507	0.01115	0.04115	0.00969	0.01317	0.00768	0.00507	0.00582	0.00165	0.05078	0.00469	0.00257	0.00699
28	0.01402	0.50477	0.11467	0.01085	0.01497	0.14105	0.02367	0.02849	0.01115	0.01308	0.00761	0.00913	0.00665	0.00502	0.00495	0.00131	0.07654	0.00320	0.00232	0.00656
29	0.01901	0.01413	0.01512	0.01171	0.01572	0.01568	0.00963	0.71629	0.07919	0.03154	0.01294	0.01282	0.00923	0.00622	0.00514	0.00155	0.00553	0.00471	0.00514	0.00868
30	0.82357	0.00989	0.00784	0.03735	0.01089	0.01151	0.00589	0.01501	0.00879	0.02264	0.00722	0.00854	0.00561	0.00478	0.00325	0.00159	0.00408	0.00285	0.00314	0.00556
31	0.00720	0.00520	0.00680	0.00650	0.00765	0.00480	0.00484	0.00953	0.01424	0.02013	0.73948	0.08509	0.04754	0.01083	0.00608	0.00164	0.00245	0.00960	0.00560	0.00480
32	0.02243	0.00559	0.00732	0.00814	0.00917	0.00547	0.00643	0.01002	0.03812	0.02850	0.08253	0.32816	0.07496	0.01398	0.00659	0.00212	0.00376	0.33715	0.00483	0.00471
33	0.01064	0.00912	0.01064	0.00760	0.01216	0.00684	0.00608	0.01292	0.01064	0.01672	0.00912	0.01064	0.00760	0.00380	0.00380	0.00076	0.00380	0.00304	0.00304	0.85104
34	0.01271	0.01192	0.01870	0.02665	0.60940	0.01232	0.01399	0.01840	0.18820	0.01785	0.01224	0.01418	0.00986	0.00512	0.00511	0.00157	0.00563	0.00485	0.00316	0.00813
35	0.01213	0.01288	0.06833	0.16053	0.46508	0.01227	0.14069	0.03632	0.01180	0.01649	0.00973	0.01293	0.00777	0.00469	0.00524	0.00160	0.00673	0.00477	0.00255	0.00750
36	0.01435	0.01630	0.01488	0.13394	0.01773	0.34344	0.01100	0.02807	0.01144	0.01299	0.00847	0.01257	0.00760	0.00700	0.00937	0.00177	0.30811	0.03262	0.00256	0.00578
37	0.00624	0.00458	0.00586	0.00686	0.00737	0.00420	0.00464	0.00722	0.01017	0.01334	0.04483	0.69576	0.13901	0.01555	0.00647	0.00203	0.00291	0.01397	0.00478	0.00420
38	0.05954	0.00870	0.00974	0.00810	0.01093	0.03776	0.00648	0.09008	0.06278	0.32550	0.09023	0.01873	0.01543	0.00655	0.00471	0.00148	0.00393	0.00525	0.22708	0.00702
39	0.00969	0.00912	0.01539	0.80734	0.03534	0.01140	0.01425	0.01311	0.01026	0.01311	0.00912	0.01368	0.00684	0.00513	0.00513	0.00171	0.00684	0.00456	0.00228	0.00570
40	0.00746	0.00497	0.00560	0.00560	0.00560	0.00497	0.00311	0.00746	0.00746	0.00995	0.01617	0.03358	0.01865	0.81967	0.02612	0.00497	0.00497	0.00746	0.00311	0.00311
41	0.00626	0.00503	0.00549	0.00572	0.00701	0.00437	0.00410	0.00746	0.01121	0.01387	0.08933	0.21441	0.53200	0.06126	0.00736	0.00199	0.00281	0.01135	0.00472	0.00425
42	0.00678	0.00523	0.00619	0.00595	0.00737	0.00464	0.00446	0.00875	0.01339	0.01789	0.49146	0.04275	0.34359	0.01149	0.00606	0.00166	0.00249	0.00990	0.00529	0.00464
43	0.01832	0.01390	0.01535	0.01198	0.01555	0.01582	0.00990	0.65922	0.03933	0.02960	0.01182	0.01234	0.00864	0.00653	0.00659	0.00163	0.10575	0.00463	0.00478	0.00832
44	0.01072	0.00919	0.01068	0.00770	0.01220	0.00706	0.00616	0.01345	0.03893	0.01689	0.00955	0.01095	0.00790	0.00392	0.00385	0.00080	0.00381	0.00314	0.00312	0.81999
45	0.01257	0.07473	0.50493	0.01457	0.02078	0.12077	0.09215	0.07078	0.01240	0.01665	0.00924	0.01086	0.00681	0.00494	0.00488	0.00155	0.00765	0.00395	0.00249	0.00731
46	0.02302	0.00873	0.01191	0.00913	0.01310	0.00754	0.00754	0.02501	0.01469	0.79122	0.02024	0.01746	0.01270	0.00635	0.00516	0.00159	0.00437	0.00516	0.00635	0.00873
47	0.01796	0.01132	0.04606	0.03156	0.06048	0.00991	0.27223	0.02098	0.01341	0.43778	0.01564	0.01564	0.01041	0.00548	0.00546	0.00164	0.00611	0.00538	0.00461	0.00797
48	0.00620	0.00468	0.00573	0.00656	0.00729	0.00422	0.00451	0.00721	0.01038	0.01333	0.03534	0.58782	0.25788	0.01516	0.00640	0.00198	0.00286	0.01347	0.00476	0.00422
49	0.01185	0.00990	0.05950	0.02314	0.01306	0.00831	0.01989	0.04257	0.06220	0.10634	0.05781	0.09367	0.01433	0.00679	0.00560	0.00137	0.05732	0.03352	0.00389	0.36893
50	0.01194	0.00864	0.01025	0.00767	0.01168	0.00687	0.00613	0.02686	0.02562	0.12242	0.06097	0.01652	0.07321	0.00538	0.00435	0.00103	0.00373	0.00440	0.00386	0.58847
51	0.85592	0.00992	0.00754	0.00675	0.00992	0.01151	0.00556	0.01508	0.00873	0.02302	0.00714	0.00834	0.00556	0.00476	0.00318	0.00159	0.00397	0.00278	0.00318	0.00556
52	0.01276	0.01102	0.01160	0.01044	0.01334	0.01276	0.00812	0.02727	0.77840	0.02146	0.02088	0.01914	0.01566	0.00696	0.00522	0.00174	0.00406	0.00580	0.00522	0.00812
53	0.01453	0.00989	0.01219	0.00899	0.01335	0.00845	0.03260	0.11025	0.02849	0.18758	0.01222	0.01261	0.00902	0.00473	0.00437	0.00109	0.00432	0.00386	0.00405	0.51743
54	0.00624	0.00451	0.00591	0.00702	0.00741	0.00418	0.00471	0.00716	0.00994	0.01315	0.02979	0.76756	0.08173	0.01588	0.00652	0.00206	0.00295	0.01435	0.00476	0.00418
55	0.04875	0.02016	0.01379	0.01227	0.01515	0.52915	0.00938	0.10205	0.16783	0.01684	0.01096	0.01152	0.00860	0.00570	0.00475	0.00144	0.00764	0.00392	0.00344	0.00667
56	0.01181	0.00625	0.00831	0.00723	0.00923	0.00562	0.00562	0.01410	0.01457	0.24278	0.56447	0.03231	0.03812	0.00930	0.00579	0.00161	0.00298	0.00809	0.00585	0.00596
57	0.12013	0.04556	0.01241	0.01029	0.01322	0.19845	0.00808	0.15546	0.16459	0.09563	0.01488	0.11284	0.01264	0.00712	0.00489	0.00159	0.00552	0.00553	0.00428	0.00691
58	0.01123	0.01123	0.01572	0.01347	0.01347	0.01572	0.01123	0.01235	0.00786	0.01235	0.00674	0.01123	0.00674	0.00898	0.01684	0.00225	0.81028	0.00449	0.00225	0.00561
59	0.00743	0.00508	0.00614	0.00614	0.00633	0.00527	0.00379	0.00781	0.00762	0.01035	0.01567	0.03081	0.01745	0.65857	0.18557	0.00565	0.00678	0.00706	0.00303	0.00341
60	0.07885	0.00935	0.01488	0.71027	0.05030	0.01151	0.01350	0.02661	0.01041	0.01434	0.00903	0.01320	0.00680	0.00511	0.00497	0.00169	0.00657	0.00442	0.00241	0.00580
61	0.00765	0.00535	0.00688	0.00644	0.00777	0.00488	0.00485	0.00997	0.01431	0.04356	0.70447	0.03855	0.10481	0.01056	0.00603	0.00162	0.00249	0.00927	0.00560	0.00492
62	0.85592	0.00992	0.00754	0.00675	0.00992	0.01151	0.00556	0.01508	0.00873	0.02302	0.00714	0.00834	0.00556	0.00476	0.00318	0.00159	0.00397	0.00278	0.00318	0.00556
63	0.01330	0.72479	0.12116	0.00950	0.01428	0.01927	0.01003	0.01547	0.01048	0.01259	0.00739	0.00855	0.00657	0.00445	0.00349	0.00116	0.00575	0.00287	0.00219	0.00671
64	0.00740	0.00519	0.00670	0.00669	0.00709	0.00556	0.00449	0.00820	0.00792	0.01095	0.02997	0.02821	0.01686	0.48624	0.34036	0.00624	0.00849	0.00670	0.00301	0.00374
65	0.00721	0.00524	0.00679	0.00640	0.00763	0.00482	0.00480	0.00958	0.01440	0.02028	0.75304	0.03881	0.08052	0.01060	0.00605	0.00162	0.00243	0.00935	0.00561	0.00482
66	0.01372	0.82276	0.02689	0.00878	0.01317	0.02030	0.00878	0.01536	0.01043	0.01207	0.00713	0.00823	0.00658	0.00439	0.00329	0.00110	0.00549	0.00274	0.00219	0.00658
67	0.00726	0.00524	0.00686	0.00646	0.00767	0.00484	0.00484	0.00968	0.01452	0.02058	0.78496	0.03833	0.04841	0.01049	0.00605	0.00161	0.00242	0.00928	0.00565	0.00484
68	0.00965	0.00901	0.01512	0.70924	0.07936	0.01099	0.01374	0.01289	0.01032	0.01333	0.01037	0.06465	0.00864	0.00579	0.00522	0.00172	0.00655	0.00520	0.00245	0.00575
69	0.85592	0.00992	0.00754	0.00675	0.00992	0.01151	0.00556	0.01508	0.00873	0.02302	0.00714	0.00834	0.00556	0.00476	0.00318	0.00159	0.00397	0.00278	0.00318	0.00556
70	0.01187	0.01085	0.01789	0.05460	0.57295	0.01101	0.02707	0.03984	0.01173	0.01681	0.01220	0.10293	0.01126	0.00608	0.00536	0.00159	0.01851	0.00573	0.05434	0.00735
71	0.01276	0.01102	0.01160	0.01044	0.01334	0.01276	0.00812	0.02727	0.77840	0.02146	0.02088	0.01914	0.01566	0.00696	0.00522	0.00174	0.00406	0.00580	0.00522	0.00812
72	0.00713	0.00524	0.00668	0.00632	0.00759	0.00479	0.00474	0.00943	0.01421	0.01984	0.70459	0.03954	0.12925	0.01076	0.00605	0.00163	0.00244	0.00945	0.00555	0.00479
73	0.01346	0.69240	0.02413	0.00885	0.01274	0.06910	0.00842	0.01499	0.01043	0.01197	0.00797	0.01026	0.00754	0.05529	0.03311	0.00160	0.00599	0.00317	0.00230	0.00626
74	0.01052	0.01034	0.01623	0.32848	0.02282	0.01348	0.06042	0.01279	0.00910	0.01289	0.00818	0.01271	0.00708	0.00829	0.04142	0.00223	0.41038	0.00466	0.00230	0.00569
75	0.85592	0.00992	0.00754	0.00675	0.00992	0.01151	0.00556	0.01508	0.00873	0.02302	0.00714	0.00834	0.00556	0.00476	0.00318	0.00159	0.00397	0.00278	0.00318	0.00556
76	0.00764	0.00491	0.00573	0.00573	0.00573	0.00491	0.00328	0.00737	0.00737	0.00982	0.01526	0.03134	0.01744	0.71988	0.02536	0.11023	0.00491	0.00709	0.00300	0.00300
77	0.01211	0.01384	0.03028	0.02163	0.02682	0.01298	0.76903	0.01644	0.01211	0.01644	0.01038	0.01384	0.00779	0.00433	0.00606	0.00173	0.00865	0.00606	0.00260	0.00692
78	0.85592	0.00992	0.00754	0.00675	0.00992	0.01151	0.00556	0.01508	0.00873	0.02302	0.00714	0.00834	0.00556	0.00476	0.00318	0.00159	0.00397	0.00278	0.00318	0.00556
79	0.00726	0.00524	0.00686	0.00646	0.00767	0.00484	0.00484	0.00968	0.01452	0.02058	0.78496	0.03833	0.04841	0.01049	0.00605	0.00161	0.00242	0.00928	0.00565	0.00484
80	0.00723	0.00533	0.00681	0.00668	0.00796	0.00491	0.00517	0.00948	0.01375	0.01891	0.57748	0.04256	0.15092	0.01135	0.00619	0.00173	0.00276	0.11060	0.00540	0.00475
81	0.01270	0.01219	0.02083	0.03149	0.78767	0.01219	0.01575	0.01575	0.01168	0.01676	0.00965	0.01270	0.00813	0.00457	0.00508	0.00152	0.00610	0.00457	0.00254	0.00813
82	0.00969	0.00912	0.01539	0.80734	0.03534	0.01140	0.01425	0.01311	0.01026	0.01311	0.00912	0.01368	0.00684	0.00513	0.00513	0.00171	0.00684	0.00456	0.00228	0.00570
83	0.01048	0.00922	0.01298	0.01140	0.01140	0.01237	0.00915	0.01069	0.00754	0.01136	0.00766	0.01322	0.00776	0.04227	0.01803	0.22327	0.56968	0.00460	0.00227	0.00464
84	0.81004	0.03740	0.00836	0.00692	0.01016	0.01190	0.00575	0.03090	0.00911	0.02285	0.00725	0.00842	0.00566	0.00478	0.00322	0.00157	0.00406	0.00282	0.00318	0.00566
85	0.00746	0.00497	0.00560	0.00560	0.00560	0.00497	0.00311	0.00746	0.00746	0.00995	0.01617	0.03358	0.01865	0.81967	0.02612	0.00497	0.00497	0.00746	0.00311	0.00311
86	0.01283	0.01222	0.02049	0.03029	0.73780	0.01242	0.01541	0.03649	0.01189	0.01703	0.00962	0.01263	0.00809	0.00478	0.00551	0.00155	0.03571	0.00457	0.00260	0.00805
87	0.85592	0.00992	0.00754	0.00675	0.00992	0.01151	0.00556	0.01508	0.00873	0.02302	0.00714	0.00834	0.00556	0.00476	0.00318	0.00159	0.00397	0.00278	0.00318	0.00556
88	0.11414	0.00719	0.01036	0.01032	0.01215	0.00730	0.08331	0.01176	0.01146	0.01642	0.02301	0.04735	0.02439	0.01203	0.00650	0.00220	0.00502	0.58573	0.00432	0.00505
89	0.01064	0.00912	0.01064	0.00760	0.01216	0.00684	0.00608	0.01292	0.01064	0.01672	0.00912	0.01064	0.00760	0.00380	0.00380	0.00076	0.00380	0.00304	0.00304	0.85104
90	0.02061	0.00954	0.01399	0.01435	0.19381	0.00863	0.00946	0.02285	0.01399	0.61054	0.01777	0.01635	0.01163	0.00594	0.00514	0.00157	0.00477	0.00502	0.00546	0.00859
91	0.01815	0.01370	0.01464	0.01153	0.01540	0.01528	0.00943	0.62144	0.17544	0.03016	0.01404	0.01369	0.01012	0.00632	0.00515	0.00158	0.00533	0.00486	0.00515	0.00860
92	0.01123	0.01123	0.01572	0.01347	0.01347	0.01572	0.01123	0.01235	0.00786	0.01235	0.00674	0.01123	0.00674	0.00898	0.01684	0.00225	0.81028	0.00449	0.00225	0.00561
93	0.85592	0.00992	0.00754	0.00675	0.00992	0.01151	0.00556	0.01508	0.00873	0.02302	0.00714	0.00834	0.00556	0.00476	0.00318	0.00159	0.00397	0.00278	0.00318	0.00556
94	0.00808	0.00620	0.00810	0.00737	0.00890	0.00605	0.02638	0.01206	0.10952	0.02057	0.66845	0.03526	0.04321	0.00988	0.00595	0.00163	0.00280	0.00876	0.00551	0.00531
95	0.01276	0.01102	0.01160	0.01044	0.01334	0.01276	0.00812	0.02727	0.77840	0.02146	0.02088	0.01914	0.01566	0.00696	0.00522	0.00174	0.00406	0.00580	0.00522	0.00812
96	0.01270	0.01219	0.02083	0.03149	0.78767	0.01219	0.01575	0.01575	0.01168	0.01676	0.00965	0.01270	0.00813	0.00457	0.00508	0.00152	0.00610	0.00457	0.00254	0.00813
97	0.01356	0.01269	0.01197	0.01079	0.01366	0.11062	0.00834	0.02642	0.68333	0.02036	0.01927	0.01791	0.01454	0.00675	0.00515	0.00169	0.00471	0.00549	0.00490	0.00785
98	0.01123	0.01123	0.01572	0.01347	0.01347	0.01572	0.01123	0.01235	0.00786	0.01235	0.00674	0.01123	0.00674	0.00898	0.01684	0.00225	0.81028	0.00449	0.00225	0.00561
99	0.00969	0.00912	0.01539	0.80734	0.03534	0.01140	0.01425	0.01311	0.01026	0.01311	0.00912	0.01368	0.00684	0.00513	0.00513	0.00171	0.00684	0.00456	0.00228	0.00570
100	0.00976	0.00919	0.01552	0.78943	0.05271	0.01142	0.01428	0.01317	0.01029	0.01319	0.00913	0.01366	0.00687	0.00512	0.00513	0.00171	0.00682	0.00456	0.00229	0.00576
101	0.11856	0.00898	0.01040	0.00780	0.01193	0.00751	0.00630	0.01585	0.01148	0.19639	0.04110	0.01299	0.01008	0.00476	0.00412	0.00109	0.00390	0.00374	0.00392	0.51909
102	0.85592	0.00992	0.00754	0.00675	0.00992	0.01151	0.00556	0.01508	0.00873	0.02302	0.00714	0.00834	0.00556	0.00476	0.00318	0.00159	0.00397	0.00278	0.00318	0.00556
103	0.05092	0.02212	0.01429	0.01266	0.01555	0.64522	0.00965	0.11378	0.01552	0.04165	0.00886	0.00988	0.00704	0.00541	0.00465	0.00137	0.00844	0.00351	0.00310	0.00637
104	0.00609	0.00511	0.00529	0.00544	0.00699	0.00431	0.00401	0.00734	0.01146	0.01377	0.04903	0.14483	0.69204	0.01338	0.00612	0.00178	0.00265	0.01130	0.00476	0.00431
105	0.75205	0.01012	0.00830	0.00721	0.01049	0.01153	0.00594	0.06170	0.01005	0.07243	0.00829	0.00916	0.00620	0.00495	0.00342	0.00158	0.00410	0.00304	0.00350	0.00595
106	0.50207	0.01033	0.00996	0.00819	0.01172	0.01118	0.00676	0.13954	0.01278	0.22646	0.01142	0.01138	0.00795	0.00541	0.00401	0.00158	0.00434	0.00370	0.00433	0.00690

[dist]
# distance from previous block
# <min> <max>
0	1

[block]
# block no. 5 follows, 48 sequences, length 66
# corresponding to MSA columns:
# 794-859
name=unknown_F
#
# <colnr> <probs for GDERKNQSTAVLIFYWHMCP>
#	G	D	E	R	K	N	Q	S	T	A	V	L	I	F	Y	W	H	M	C	P
0	0.85592	0.00992	0.00754	0.00675	0.00992	0.01151	0.00556	0.01508	0.00873	0.02302	0.00714	0.00834	0.00556	0.00476	0.00318	0.00159	0.00397	0.00278	0.00318	0.00556
1	0.05726	0.01902	0.40183	0.01198	0.01720	0.09869	0.04270	0.01602	0.01178	0.10217	0.01807	0.01845	0.15005	0.00655	0.00505	0.00161	0.00635	0.00521	0.00323	0.00680
2	0.01270	0.01219	0.02083	0.03149	0.78767	0.01219	0.01575	0.01575	0.01168	0.01676	0.00965	0.01270	0.00813	0.00457	0.00508	0.00152	0.00610	0.00457	0.00254	0.00813
3	0.41370	0.01009	0.01052	0.00862	0.01194	0.01093	0.00712	0.10011	0.01239	0.28907	0.01221	0.01214	0.00846	0.00578	0.00510	0.00163	0.06483	0.00393	0.00442	0.00700
4	0.00969	0.00912	0.01539	0.80734	0.03534	0.01140	0.01425	0.01311	0.01026	0.01311	0.00912	0.01368	0.00684	0.00513	0.00513	0.00171	0.00684	0.00456	0.00228	0.00570
5	0.00720	0.00524	0.00677	0.00639	0.00763	0.00481	0.00479	0.00956	0.01438	0.02022	0.74631	0.03891	0.08728	0.01062	0.00605	0.00162	0.00243	0.00936	0.00560	0.00481
6	0.00891	0.00446	0.00668	0.00668	0.00668	0.00446	0.00446	0.00668	0.00668	0.00891	0.00891	0.01560	0.00891	0.01783	0.02005	0.85071	0.00446	0.00446	0.00223	0.00223
7	0.01086	0.00945	0.01174	0.01019	0.09613	0.00742	0.00713	0.01323	0.01075	0.01672	0.00918	0.01086	0.00766	0.00388	0.00394	0.00084	0.00405	0.00321	0.00299	0.75978
8	0.85592	0.00992	0.00754	0.00675	0.00992	0.01151	0.00556	0.01508	0.00873	0.02302	0.00714	0.00834	0.00556	0.00476	0.00318	0.00159	0.00397	0.00278	0.00318	0.00556
9	0.01269	0.01156	0.01549	0.01630	0.19069	0.01265	0.08285	0.02361	0.53056	0.01991	0.01732	0.01717	0.01319	0.00617	0.00527	0.00169	0.00496	0.00555	0.00436	0.00801
10	0.01230	0.01178	0.02010	0.13498	0.68732	0.01209	0.01555	0.01540	0.01149	0.01628	0.00958	0.01283	0.00796	0.00465	0.00509	0.00155	0.00619	0.00457	0.00251	0.00780
11	0.00786	0.00561	0.00780	0.00898	0.00999	0.00555	0.00756	0.00993	0.01141	0.01490	0.02739	0.21108	0.03042	0.01456	0.00698	0.00231	0.00437	0.60394	0.00473	0.00461
12	0.01064	0.00912	0.01064	0.00760	0.01216	0.00684	0.00608	0.01292	0.01064	0.01672	0.00912	0.01064	0.00760	0.00380	0.00380	0.00076	0.00380	0.00304	0.00304	0.85104
13	0.85592	0.00992	0.00754	0.00675	0.00992	0.01151	0.00556	0.01508	0.00873	0.02302	0.00714	0.00834	0.00556	0.00476	0.00318	0.00159	0.00397	0.00278	0.00318	0.00556
14	0.01232	0.01308	0.01552	0.05630	0.01501	0.13194	0.01119	0.01360	0.00898	0.01242	0.00704	0.01107	0.00672	0.00822	0.01439	0.00208	0.64782	0.00432	0.00231	0.00567
