[name]
unknown

[dist]
# distance from previous block
# <min> <max>
0	49

[block]
# block no. 0 follows, 44 sequences, length 9
# corresponding to MSA columns:
# 63-71
name=unknown_A
#
# <colnr> <probs for GDERKNQSTAVLIFYWHMCP>
#	G	D	E	R	K	N	Q	S	T	A	V	L	I	F	Y	W	H	M	C	P
0	0.01147	0.00830	0.01049	0.01060	0.01256	0.00867	0.00914	0.17882	0.01549	0.02037	0.02532	0.05061	0.02640	0.01315	0.00706	0.00231	0.00524	0.57290	0.00512	0.00598
1	0.01911	0.01447	0.01545	0.01222	0.01629	0.01615	0.00997	0.59267	0.19181	0.03176	0.01514	0.01472	0.01093	0.00674	0.00547	0.00168	0.00562	0.00519	0.00547	0.00913
2	0.01340	0.01238	0.01679	0.01377	0.01740	0.01361	0.17639	0.02638	0.59550	0.02160	0.01968	0.01907	0.01476	0.00677	0.00575	0.00185	0.00541	0.00622	0.00492	0.00834
3	0.01287	0.01471	0.03217	0.02298	0.02849	0.01379	0.75460	0.01746	0.01287	0.01746	0.01103	0.01471	0.00827	0.00460	0.00643	0.00184	0.00919	0.00643	0.00276	0.00735
4	0.01448	0.01436	0.01247	0.01129	0.01417	0.18756	0.00868	0.02545	0.52419	0.02021	0.05289	0.02050	0.05496	0.00749	0.00549	0.00174	0.00541	0.00600	0.00492	0.00775
5	0.01030	0.00969	0.01635	0.79530	0.03755	0.01211	0.01514	0.01393	0.01090	0.01393	0.00969	0.01453	0.00727	0.00545	0.00545	0.00182	0.00727	0.00484	0.00242	0.00606
6	0.02064	0.01782	0.01614	0.01290	0.01689	0.19999	0.01040	0.58150	0.02321	0.02936	0.01198	0.01231	0.00874	0.00632	0.00533	0.00158	0.00691	0.00458	0.00482	0.00857
7	0.59701	0.01197	0.01054	0.00879	0.01247	0.01364	0.00725	0.23992	0.01422	0.02745	0.00925	0.01014	0.00692	0.00551	0.00400	0.00167	0.00476	0.00354	0.00400	0.00692
8	0.84691	0.01054	0.00801	0.00717	0.01054	0.01223	0.00590	0.01603	0.00928	0.02446	0.00759	0.00886	0.00590	0.00506	0.00337	0.00169	0.00422	0.00295	0.00337	0.00590

[dist]
# distance from previous block
# <min> <max>
2	9

[block]
# block no. 1 follows, 44 sequences, length 7
# corresponding to MSA columns:
# 83-89
name=unknown_B
#
# <colnr> <probs for GDERKNQSTAVLIFYWHMCP>
#	G	D	E	R	K	N	Q	S	T	A	V	L	I	F	Y	W	H	M	C	P
0	0.01030	0.00969	0.01635	0.79530	0.03755	0.01211	0.01514	0.01393	0.01090	0.01393	0.00969	0.01453	0.00727	0.00545	0.00545	0.00182	0.00727	0.00484	0.00242	0.00606
1	0.01935	0.02304	0.01504	0.01349	0.01645	0.61364	0.01023	0.07496	0.13081	0.01628	0.01086	0.01167	0.00865	0.00596	0.00505	0.00149	0.00872	0.00402	0.00342	0.00688
2	0.01320	0.01377	0.02683	0.02856	0.42532	0.01334	0.36204	0.01707	0.01263	0.01765	0.01062	0.01406	0.00847	0.00473	0.00588	0.00172	0.00775	0.00560	0.00273	0.00804
3	0.01567	0.01639	0.14923	0.02284	0.37254	0.01433	0.01501	0.28421	0.01704	0.02370	0.01120	0.01301	0.00857	0.00552	0.00538	0.00164	0.00657	0.00473	0.00363	0.00877
4	0.01536	0.01233	0.02051	0.02941	0.64479	0.01211	0.01525	0.01841	0.01296	0.14739	0.01217	0.01436	0.00946	0.00518	0.00541	0.00163	0.00616	0.00496	0.00339	0.00875
5	0.19776	0.01235	0.01340	0.01049	0.01460	0.01307	0.00866	0.36579	0.01895	0.26966	0.01461	0.01393	0.00990	0.00629	0.00502	0.00166	0.00519	0.00468	0.00542	0.00856
6	0.19453	0.01871	0.01557	0.01724	0.20155	0.37511	0.01106	0.07345	0.01414	0.01835	0.00904	0.01076	0.00735	0.00538	0.00475	0.00153	0.00753	0.00383	0.00310	0.00702

[dist]
# distance from previous block
# <min> <max>
14	161

[block]
# block no. 2 follows, 44 sequences, length 12
# corresponding to MSA columns:
# 261-272
name=unknown_C
#
# <colnr> <probs for GDERKNQSTAVLIFYWHMCP>
#	G	D	E	R	K	N	Q	S	T	A	V	L	I	F	Y	W	H	M	C	P
0	0.18850	0.01206	0.01517	0.01428	0.11940	0.01289	0.06452	0.19745	0.09675	0.13699	0.05119	0.01532	0.01187	0.00632	0.00558	0.00172	0.03238	0.00507	0.00457	0.00796
1	0.13784	0.07034	0.01549	0.01526	0.18318	0.04342	0.01018	0.01900	0.03835	0.23267	0.04115	0.04107	0.01198	0.00677	0.00668	0.00174	0.10798	0.00513	0.00418	0.00759
2	0.30056	0.07020	0.01552	0.01698	0.25718	0.01376	0.01054	0.05518	0.14590	0.02129	0.01131	0.01270	0.00899	0.00561	0.00502	0.00168	0.03223	0.00429	0.00354	0.00752
3	0.11494	0.01336	0.07105	0.01960	0.28492	0.02672	0.06706	0.05687	0.10274	0.16859	0.01369	0.01461	0.01007	0.00565	0.00525	0.00169	0.00594	0.00494	0.00402	0.00829
4	0.19947	0.01183	0.01633	0.01409	0.06954	0.01266	0.15010	0.06766	0.16682	0.13918	0.01438	0.03139	0.01087	0.00638	0.00615	0.00180	0.06413	0.00532	0.00428	0.00764
5	0.26436	0.32066	0.04530	0.01198	0.06782	0.01607	0.06431	0.01680	0.01087	0.06621	0.00896	0.01050	0.00730	0.00530	0.00504	0.00154	0.06341	0.00366	0.00299	0.00692
6	0.01838	0.01073	0.01635	0.01248	0.01648	0.02395	0.16981	0.08433	0.02927	0.38449	0.10061	0.05319	0.01692	0.00711	0.00581	0.00171	0.00553	0.00647	0.00543	0.03096
7	0.03592	0.01575	0.01827	0.01433	0.01835	0.14109	0.17120	0.31396	0.12448	0.02429	0.01540	0.01604	0.05247	0.00646	0.00560	0.00168	0.00686	0.00551	0.00438	0.00794
8	0.01627	0.01182	0.01791	0.02094	0.33362	0.01190	0.06431	0.02242	0.20488	0.21368	0.01623	0.01662	0.01189	0.00597	0.00553	0.00171	0.00565	0.00546	0.00446	0.00871
9	0.01384	0.01196	0.01306	0.01154	0.01437	0.01411	0.00910	0.07384	0.63550	0.02250	0.01998	0.01897	0.01514	0.00757	0.00688	0.00189	0.09023	0.00593	0.00520	0.00838
10	0.01239	0.13394	0.27966	0.01319	0.01742	0.01522	0.01353	0.01905	0.20249	0.01697	0.01195	0.01346	0.00946	0.00679	0.00828	0.00184	0.20908	0.00460	0.00315	0.00751
11	0.01505	0.01331	0.01807	0.02261	0.38635	0.07958	0.01317	0.01978	0.14027	0.09975	0.01289	0.01466	0.01017	0.00625	0.00722	0.00176	0.12239	0.00502	0.00358	0.00811

[dist]
# distance from previous block
# <min> <max>
0	1

[block]
# block no. 3 follows, 44 sequences, length 20
# corresponding to MSA columns:
# 274-293
name=unknown_D
#
# <colnr> <probs for GDERKNQSTAVLIFYWHMCP>
#	G	D	E	R	K	N	Q	S	T	A	V	L	I	F	Y	W	H	M	C	P
0	0.01389	0.02129	0.49110	0.01344	0.01978	0.01159	0.01556	0.02052	0.11889	0.16980	0.04111	0.01521	0.01119	0.00602	0.00534	0.00174	0.00665	0.00483	0.00378	0.00828
1	0.01111	0.01017	0.01625	0.02323	0.48592	0.00992	0.01220	0.01390	0.01305	0.01815	0.17722	0.02570	0.14499	0.00767	0.00579	0.00168	0.00504	0.00701	0.00378	0.00723
2	0.01931	0.01231	0.01724	0.01942	0.30091	0.01232	0.01194	0.22344	0.01716	0.28758	0.01496	0.01515	0.01051	0.00598	0.00544	0.00165	0.00570	0.00509	0.00487	0.00903
3	0.01601	0.01211	0.02054	0.01572	0.01913	0.01290	0.26955	0.01991	0.07889	0.23573	0.01397	0.01555	0.01021	0.00682	0.00923	0.00195	0.22440	0.00568	0.00405	0.00764
4	0.01213	0.01092	0.01538	0.01763	0.29947	0.00941	0.01033	0.01486	0.01172	0.01778	0.00990	0.01213	0.00829	0.00435	0.00455	0.00111	0.00496	0.00384	0.00303	0.52823
5	0.01327	0.01346	0.02469	0.02674	0.39933	0.01334	0.29339	0.01853	0.10596	0.01830	0.01203	0.01480	0.00949	0.00507	0.00581	0.00173	0.00723	0.00561	0.00307	0.00815
6	0.01589	0.00955	0.01177	0.00864	0.01327	0.00753	0.00700	0.01821	0.01280	0.28300	0.01381	0.01383	0.00997	0.00498	0.00454	0.00111	0.00425	0.00402	0.00446	0.55137
7	0.01356	0.01171	0.01233	0.01109	0.01418	0.01356	0.00863	0.02897	0.76455	0.02281	0.02219	0.02034	0.01664	0.00740	0.00555	0.00185	0.00431	0.00616	0.00555	0.00863
8	0.02066	0.01013	0.01254	0.01019	0.01401	0.00995	0.00823	0.02741	0.27684	0.51470	0.02175	0.01918	0.01459	0.00697	0.00551	0.00174	0.00453	0.00572	0.00633	0.00905
9	0.01093	0.02820	0.78016	0.01554	0.02360	0.01266	0.02014	0.01727	0.01151	0.01727	0.00978	0.01151	0.00691	0.00518	0.00518	0.00173	0.00806	0.00403	0.00230	0.00806
10	0.01287	0.01471	0.03217	0.02298	0.02849	0.01379	0.75460	0.01746	0.01287	0.01746	0.01103	0.01471	0.00827	0.00460	0.00643	0.00184	0.00919	0.00643	0.00276	0.00735
11	0.00657	0.00504	0.00602	0.00681	0.00770	0.00449	0.00472	0.00768	0.01119	0.01422	0.03952	0.52172	0.31307	0.01585	0.00676	0.00207	0.00301	0.01400	0.00506	0.00449
12	0.01030	0.00969	0.01635	0.79530	0.03755	0.01211	0.01514	0.01393	0.01090	0.01393	0.00969	0.01453	0.00727	0.00545	0.00545	0.00182	0.00727	0.00484	0.00242	0.00606
13	0.00644	0.00552	0.00552	0.00552	0.00736	0.00460	0.00414	0.00782	0.01243	0.01473	0.05523	0.05247	0.77218	0.01381	0.00644	0.00184	0.00276	0.01151	0.00506	0.00460
14	0.02446	0.00928	0.01265	0.00970	0.01392	0.00801	0.00801	0.02657	0.01560	0.77817	0.02151	0.01856	0.01350	0.00675	0.00548	0.00169	0.00464	0.00548	0.00675	0.00928
15	0.01287	0.01471	0.03217	0.02298	0.02849	0.01379	0.75460	0.01746	0.01287	0.01746	0.01103	0.01471	0.00827	0.00460	0.00643	0.00184	0.00919	0.00643	0.00276	0.00735
16	0.00644	0.00552	0.00552	0.00552	0.00736	0.00460	0.00414	0.00782	0.01243	0.01473	0.05523	0.05247	0.77218	0.01381	0.00644	0.00184	0.00276	0.01151	0.00506	0.00460
17	0.01268	0.01094	0.01148	0.01040	0.01333	0.01245	0.00807	0.02634	0.67118	0.02180	0.02629	0.02433	0.11044	0.00819	0.00566	0.00185	0.00412	0.00683	0.00549	0.00813
18	0.01702	0.32192	0.11532	0.01246	0.01661	0.40259	0.01127	0.01916	0.01332	0.01364	0.00828	0.00963	0.00700	0.00520	0.00442	0.00135	0.00811	0.00335	0.00257	0.00679
19	0.01581	0.01086	0.01182	0.00955	0.01294	0.01117	0.00773	0.38401	0.01942	0.11931	0.02999	0.02859	0.29689	0.00930	0.00583	0.00172	0.00461	0.00746	0.00547	0.00752

[dist]
# distance from previous block
# <min> <max>
1	3

[block]
# block no. 4 follows, 44 sequences, length 64
# corresponding to MSA columns:
# 298-361
name=unknown_E
#
# <colnr> <probs for GDERKNQSTAVLIFYWHMCP>
#	G	D	E	R	K	N	Q	S	T	A	V	L	I	F	Y	W	H	M	C	P
0	0.01386	0.01086	0.01217	0.01102	0.01386	0.01202	0.00903	0.21969	0.31671	0.02375	0.02261	0.03172	0.03859	0.00966	0.00615	0.00199	0.00494	0.22841	0.00535	0.00760
1	0.01204	0.26645	0.55161	0.01365	0.02068	0.01537	0.01685	0.01698	0.01138	0.01592	0.00911	0.01067	0.00693	0.00502	0.00467	0.00156	0.00738	0.00369	0.00231	0.00773
2	0.01458	0.81168	0.02857	0.00933	0.01399	0.02157	0.00933	0.01632	0.01108	0.01283	0.00758	0.00875	0.00700	0.00466	0.00350	0.00117	0.00583	0.00292	0.00233	0.00700
3	0.01130	0.00969	0.01130	0.00807	0.01292	0.00727	0.00646	0.01373	0.01130	0.01776	0.00969	0.01130	0.00807	0.00404	0.00404	0.00081	0.00404	0.00323	0.00323	0.84173
4	0.01289	0.01390	0.02842	0.02575	0.25476	0.01328	0.50999	0.01697	0.01266	0.01747	0.01131	0.03566	0.00913	0.00501	0.00613	0.00178	0.00820	0.00620	0.00280	0.00766
5	0.00708	0.00573	0.00640	0.00674	0.00843	0.00505	0.00540	0.00876	0.01246	0.01516	0.04810	0.05491	0.57188	0.01415	0.00674	0.00202	0.00337	0.20786	0.00505	0.00472
6	0.01459	0.01677	0.02097	0.22906	0.07508	0.27161	0.23826	0.01766	0.01304	0.01497	0.00990	0.01349	0.00790	0.02589	0.00614	0.00176	0.00861	0.00496	0.00269	0.00664
7	0.01093	0.02820	0.78016	0.01554	0.02360	0.01266	0.02014	0.01727	0.01151	0.01727	0.00978	0.01151	0.00691	0.00518	0.00518	0.00173	0.00806	0.00403	0.00230	0.00806
8	0.01349	0.01295	0.02213	0.03346	0.77440	0.01295	0.01673	0.01673	0.01241	0.01781	0.01025	0.01349	0.00864	0.00486	0.00540	0.00162	0.00648	0.00486	0.00270	0.00864
9	0.00733	0.00556	0.00675	0.00645	0.00791	0.00498	0.00484	0.00954	0.01452	0.01969	0.55370	0.04429	0.27061	0.01195	0.00643	0.00175	0.00263	0.01036	0.00572	0.00498
10	0.01502	0.01176	0.01781	0.01400	0.01771	0.03102	0.23487	0.02246	0.28367	0.17051	0.01828	0.05072	0.01423	0.06344	0.00742	0.00206	0.00602	0.00654	0.00469	0.00777
11	0.01227	0.00966	0.01142	0.01156	0.06711	0.01041	0.00810	0.18755	0.21800	0.02134	0.02256	0.35199	0.02262	0.01114	0.00612	0.00194	0.00437	0.00975	0.00511	0.00699
12	0.00664	0.00474	0.00633	0.00759	0.00791	0.00443	0.00506	0.00759	0.01044	0.01392	0.03005	0.80485	0.03606	0.01708	0.00696	0.00221	0.00316	0.01550	0.00506	0.00443
13	0.00724	0.00542	0.00686	0.00778	0.00879	0.00504	0.00594	0.00878	0.01162	0.01487	0.03650	0.37537	0.23367	0.01558	0.00699	0.00220	0.00362	0.23403	0.00505	0.00466
14	0.01205	0.02118	0.45342	0.01365	0.01959	0.01304	0.01524	0.02225	0.33195	0.01962	0.01506	0.01527	0.01105	0.00612	0.00534	0.00178	0.00646	0.00494	0.00368	0.00830
15	0.01004	0.00770	0.00972	0.01032	0.01205	0.00819	0.00874	0.01594	0.21007	0.01802	0.02711	0.05069	0.02751	0.01305	0.00701	0.00234	0.00483	0.54556	0.00516	0.00597
16	0.01356	0.01171	0.01233	0.01109	0.01418	0.01356	0.00863	0.02897	0.76455	0.02281	0.02219	0.02034	0.01664	0.00740	0.00555	0.00185	0.00431	0.00616	0.00555	0.00863
17	0.01287	0.01471	0.03217	0.02298	0.02849	0.01379	0.75460	0.01746	0.01287	0.01746	0.01103	0.01471	0.00827	0.00460	0.00643	0.00184	0.00919	0.00643	0.00276	0.00735
18	0.01030	0.00969	0.01635	0.79530	0.03755	0.01211	0.01514	0.01393	0.01090	0.01393	0.00969	0.01453	0.00727	0.00545	0.00545	0.00182	0.00727	0.00484	0.00242	0.00606
19	0.02072	0.01527	0.01636	0.01254	0.01691	0.01691	0.01036	0.75622	0.02563	0.03436	0.01309	0.01309	0.00927	0.00654	0.00545	0.00164	0.00600	0.00491	0.00545	0.00927
20	0.01093	0.02820	0.78016	0.01554	0.02360	0.01266	0.02014	0.01727	0.01151	0.01727	0.00978	0.01151	0.00691	0.00518	0.00518	0.00173	0.00806	0.00403	0.00230	0.00806
21	0.01093	0.02820	0.78016	0.01554	0.02360	0.01266	0.02014	0.01727	0.01151	0.01727	0.00978	0.01151	0.00691	0.00518	0.00518	0.00173	0.00806	0.00403	0.00230	0.00806
22	0.01104	0.05107	0.75822	0.01536	0.02332	0.01292	0.01983	0.01724	0.01150	0.01714	0.00972	0.01143	0.00691	0.00516	0.00513	0.00171	0.00799	0.00400	0.00230	0.00803
23	0.00772	0.00557	0.00729	0.00686	0.00814	0.00514	0.00514	0.01029	0.01543	0.02186	0.77152	0.04072	0.05144	0.01115	0.00643	0.00171	0.00257	0.00986	0.00600	0.00514
24	0.01016	0.00508	0.00508	0.00508	0.00635	0.00508	0.00381	0.01270	0.01143	0.02033	0.01778	0.02033	0.01397	0.00635	0.00381	0.00127	0.00254	0.00508	0.83867	0.00508
25	0.01016	0.00508	0.00508	0.00508	0.00635	0.00508	0.00381	0.01270	0.01143	0.02033	0.01778	0.02033	0.01397	0.00635	0.00381	0.00127	0.00254	0.00508	0.83867	0.00508
26	0.02446	0.00928	0.01265	0.00970	0.01392	0.00801	0.00801	0.02657	0.01560	0.77817	0.02151	0.01856	0.01350	0.00675	0.00548	0.00169	0.00464	0.00548	0.00675	0.00928
27	0.00664	0.00474	0.00633	0.00759	0.00791	0.00443	0.00506	0.00759	0.01044	0.01392	0.03005	0.80485	0.03606	0.01708	0.00696	0.00221	0.00316	0.01550	0.00506	0.00443
28	0.01584	0.01896	0.01934	0.01582	0.01912	0.41261	0.23613	0.01832	0.01347	0.01447	0.01032	0.01338	0.00858	0.01159	0.14469	0.00285	0.01049	0.00482	0.00281	0.00638
29	0.01093	0.02820	0.78016	0.01554	0.02360	0.01266	0.02014	0.01727	0.01151	0.01727	0.00978	0.01151	0.00691	0.00518	0.00518	0.00173	0.00806	0.00403	0.00230	0.00806
30	0.01016	0.00508	0.00508	0.00508	0.00635	0.00508	0.00381	0.01270	0.01143	0.02033	0.01778	0.02033	0.01397	0.00635	0.00381	0.00127	0.00254	0.00508	0.83867	0.00508
31	0.01458	0.81168	0.02857	0.00933	0.01399	0.02157	0.00933	0.01632	0.01108	0.01283	0.00758	0.00875	0.00700	0.00466	0.00350	0.00117	0.00583	0.00292	0.00233	0.00700
32	0.01510	0.01491	0.01272	0.01135	0.01371	0.27630	0.00879	0.18682	0.01494	0.01785	0.01222	0.01599	0.01056	0.04653	0.31234	0.00447	0.01066	0.00490	0.00348	0.00633
33	0.01543	0.69560	0.02663	0.01003	0.01442	0.13459	0.00951	0.01713	0.01172	0.01290	0.00770	0.00891	0.00700	0.00481	0.00371	0.00120	0.00642	0.00300	0.00240	0.00690
34	0.00675	0.00487	0.00642	0.00762	0.00806	0.00454	0.00522	0.00780	0.01065	0.01409	0.03122	0.72781	0.07183	0.01681	0.00696	0.00221	0.00324	0.05437	0.00506	0.00447
35	0.01226	0.28844	0.48588	0.01391	0.02068	0.01570	0.05961	0.01696	0.01145	0.01580	0.00912	0.01078	0.00702	0.00497	0.00469	0.00155	0.00738	0.00380	0.00234	0.00766
36	0.01670	0.00988	0.01422	0.37616	0.02479	0.03261	0.01132	0.03884	0.01340	0.33966	0.01584	0.05762	0.01148	0.00665	0.00553	0.00177	0.00597	0.00564	0.00449	0.00743
37	0.02446	0.00928	0.01265	0.00970	0.01392	0.00801	0.00801	0.02657	0.01560	0.77817	0.02151	0.01856	0.01350	0.00675	0.00548	0.00169	0.00464	0.00548	0.00675	0.00928
38	0.01484	0.00715	0.00957	0.00807	0.01060	0.00636	0.00636	0.01722	0.01551	0.34369	0.45237	0.03129	0.03529	0.00927	0.00603	0.00170	0.00345	0.00800	0.00632	0.00690
39	0.01265	0.01420	0.01017	0.00955	0.01160	0.33744	0.00713	0.01427	0.01425	0.01563	0.18780	0.07359	0.25085	0.00993	0.00582	0.00165	0.00575	0.00797	0.00431	0.00544
40	0.00791	0.00535	0.00629	0.00629	0.00641	0.00547	0.00373	0.00815	0.00803	0.01083	0.01686	0.03393	0.01906	0.71428	0.12084	0.00571	0.00643	0.00767	0.00326	0.00350
41	0.00664	0.00474	0.00633	0.00759	0.00791	0.00443	0.00506	0.00759	0.01044	0.01392	0.03005	0.80485	0.03606	0.01708	0.00696	0.00221	0.00316	0.01550	0.00506	0.00443
42	0.00659	0.00509	0.00597	0.00666	0.00762	0.00453	0.00462	0.00770	0.01121	0.01417	0.04039	0.46266	0.34883	0.03834	0.00733	0.00214	0.00305	0.01358	0.00501	0.00447
43	0.01093	0.02820	0.78016	0.01554	0.02360	0.01266	0.02014	0.01727	0.01151	0.01727	0.00978	0.01151	0.00691	0.00518	0.00518	0.00173	0.00806	0.00403	0.00230	0.00806
44	0.01177	0.01532	0.22276	0.01148	0.01575	0.01197	0.01113	0.02257	0.44425	0.02007	0.02373	0.02273	0.12739	0.00775	0.00558	0.00181	0.00511	0.00638	0.00458	0.00787
45	0.00664	0.00474	0.00633	0.00759	0.00791	0.00443	0.00506	0.00759	0.01044	0.01392	0.03005	0.80485	0.03606	0.01708	0.00696	0.00221	0.00316	0.01550	0.00506	0.00443
46	0.01130	0.00969	0.01130	0.00807	0.01292	0.00727	0.00646	0.01373	0.01130	0.01776	0.00969	0.01130	0.00807	0.00404	0.00404	0.00081	0.00404	0.00323	0.00323	0.84173
47	0.00991	0.00946	0.01788	0.01372	0.01680	0.00882	0.32406	0.01334	0.01434	0.01999	0.44791	0.02965	0.03307	0.00836	0.00643	0.00177	0.00539	0.00840	0.00462	0.00608
48	0.84691	0.01054	0.00801	0.00717	0.01054	0.01223	0.00590	0.01603	0.00928	0.02446	0.00759	0.00886	0.00590	0.00506	0.00337	0.00169	0.00422	0.00295	0.00337	0.00590
49	0.02446	0.00928	0.01265	0.00970	0.01392	0.00801	0.00801	0.02657	0.01560	0.77817	0.02151	0.01856	0.01350	0.00675	0.00548	0.00169	0.00464	0.00548	0.00675	0.00928
50	0.00793	0.00529	0.00595	0.00595	0.00595	0.00529	0.00330	0.00793	0.00793	0.01057	0.01718	0.03568	0.01982	0.80840	0.02775	0.00529	0.00529	0.00793	0.00330	0.00330
51	0.02080	0.01439	0.22017	0.01128	0.01653	0.00927	0.01129	0.02405	0.01450	0.57243	0.01834	0.01665	0.01171	0.00632	0.00540	0.00170	0.00556	0.00509	0.00555	0.00895
52	0.01330	0.01210	0.01678	0.07610	0.33932	0.01320	0.01254	0.02270	0.39117	0.02005	0.01623	0.01702	0.01257	0.00618	0.00548	0.00175	0.00544	0.00551	0.00411	0.00845
53	0.01304	0.01018	0.01190	0.01049	0.01302	0.01159	0.00833	0.21742	0.24315	0.02161	0.01650	0.01884	0.01337	0.02142	0.33797	0.00473	0.00915	0.00569	0.00440	0.00720
54	0.01656	0.02077	0.34138	0.01382	0.01975	0.01510	0.01452	0.44177	0.01962	0.02708	0.01168	0.01242	0.00826	0.00596	0.00534	0.00167	0.00687	0.00453	0.00411	0.00875
55	0.01349	0.01295	0.02213	0.03346	0.77440	0.01295	0.01673	0.01673	0.01241	0.01781	0.01025	0.01349	0.00864	0.00486	0.00540	0.00162	0.00648	0.00486	0.00270	0.00864
56	0.01349	0.01295	0.02213	0.03346	0.77440	0.01295	0.01673	0.01673	0.01241	0.01781	0.01025	0.01349	0.00864	0.00486	0.00540	0.00162	0.00648	0.00486	0.00270	0.00864
57	0.01222	0.01165	0.01983	0.33683	0.48098	0.01262	0.01610	0.01562	0.01181	0.01627	0.01003	0.01391	0.00809	0.00509	0.00542	0.00170	0.00679	0.00485	0.00259	0.00761
58	0.01349	0.01295	0.02213	0.03346	0.77440	0.01295	0.01673	0.01673	0.01241	0.01781	0.01025	0.01349	0.00864	0.00486	0.00540	0.00162	0.00648	0.00486	0.00270	0.00864
59	0.01987	0.02336	0.01565	0.05660	0.01800	0.61972	0.01076	0.14002	0.01685	0.01677	0.00925	0.01062	0.00740	0.00576	0.00503	0.00146	0.00907	0.00381	0.00322	0.00678
60	0.01337	0.01277	0.02154	0.03207	0.73268	0.01264	0.01617	0.01657	0.01235	0.01781	0.01022	0.01337	0.00860	0.00481	0.00532	0.00157	0.00634	0.00477	0.00273	0.05428
61	0.02280	0.01111	0.01368	0.01058	0.01478	0.01084	0.00871	0.23343	0.05992	0.52560	0.01916	0.01711	0.01247	0.00673	0.00548	0.00168	0.00501	0.00536	0.00631	0.00924
62	0.04819	0.01142	0.01871	0.01387	0.01846	0.01058	0.23515	0.07848	0.01532	0.46552	0.01722	0.01665	0.01133	0.00602	0.00570	0.00173	0.00611	0.00564	0.00532	0.00858
63	0.02088	0.01854	0.01462	0.01241	0.01588	0.38203	0.00969	0.15439	0.08342	0.21367	0.01382	0.01357	0.00993	0.00623	0.00521	0.00156	0.00733	0.00450	0.00453	0.00781

[dist]
# distance from previous block
# <min> <max>
6	9

[block]
# block no. 5 follows, 44 sequences, length 11
# corresponding to MSA columns:
# 371-381
name=unknown_F
#
# <colnr> <probs for GDERKNQSTAVLIFYWHMCP>
#	G	D	E	R	K	N	Q	S	T	A	V	L	I	F	Y	W	H	M	C	P
0	0.46229	0.38075	0.01751	0.00817	0.01214	0.01655	0.00749	0.01616	0.01011	0.01908	0.00759	0.00881	0.00641	0.00488	0.00343	0.00145	0.00496	0.00294	0.00289	0.00641
1	0.24551	0.54558	0.02220	0.00891	0.01320	0.01873	0.00844	0.05725	0.01139	0.01724	0.00789	0.00902	0.00682	0.00488	0.00357	0.00134	0.00539	0.00304	0.00279	0.00682
2	0.70573	0.09931	0.01057	0.00756	0.01113	0.01302	0.00641	0.01669	0.00985	0.06796	0.00842	0.00942	0.00648	0.00512	0.00351	0.00163	0.00442	0.00310	0.00346	0.00623
3	0.01321	0.51831	0.31000	0.01165	0.01759	0.01824	0.01338	0.01668	0.01124	0.01449	0.00840	0.00978	0.00696	0.00486	0.00413	0.00138	0.00666	0.00333	0.00232	0.00739
4	0.00947	0.00473	0.00710	0.00710	0.00710	0.00473	0.00473	0.00710	0.00710	0.00947	0.00947	0.01657	0.00947	0.01894	0.02131	0.84138	0.00473	0.00473	0.00237	0.00237
5	0.01537	0.21092	0.25411	0.01122	0.01639	0.01292	0.01184	0.01976	0.07226	0.22429	0.06060	0.01659	0.03814	0.00631	0.00500	0.00159	0.00578	0.00492	0.00409	0.00788
6	0.01501	0.36930	0.02008	0.01061	0.01448	0.06668	0.00920	0.08050	0.32255	0.01867	0.01408	0.01393	0.01115	0.00600	0.00459	0.00150	0.00548	0.00445	0.00393	0.00781
7	0.35809	0.01038	0.00968	0.00845	0.01138	0.05663	0.00673	0.05913	0.07902	0.11516	0.21093	0.01968	0.01995	0.00718	0.00483	0.00169	0.00428	0.00549	0.00475	0.00657
8	0.32126	0.01721	0.01210	0.01058	0.01392	0.35632	0.00824	0.01957	0.01289	0.10256	0.00967	0.01056	0.00742	0.00541	0.00435	0.00149	0.00675	0.00350	0.00348	0.07269
9	0.16381	0.01061	0.01208	0.00948	0.01342	0.05919	0.03778	0.01978	0.01336	0.32934	0.07448	0.01621	0.01328	0.00601	0.00486	0.00147	0.00479	0.00478	0.00486	0.20041
10	0.01916	0.01847	0.01434	0.01230	0.01552	0.37852	0.00956	0.19171	0.08956	0.10666	0.07850	0.01526	0.01305	0.00661	0.00530	0.00156	0.00720	0.00486	0.00441	0.00746

[dist]
# distance from previous block
# <min> <max>
2	18

[block]
# block no. 6 follows, 44 sequences, length 9
# corresponding to MSA columns:
# 400-408
name=unknown_G
#
# <colnr> <probs for GDERKNQSTAVLIFYWHMCP>
#	G	D	E	R	K	N	Q	S	T	A	V	L	I	F	Y	W	H	M	C	P
0	0.01303	0.01077	0.01520	0.16417	0.22109	0.01159	0.01154	0.21702	0.01523	0.02058	0.01626	0.22663	0.01594	0.00872	0.00584	0.00182	0.00560	0.00773	0.00404	0.00719
1	0.01464	0.01214	0.01717	0.37468	0.22973	0.08976	0.01386	0.01767	0.01259	0.14789	0.01177	0.01448	0.00869	0.00553	0.00539	0.00170	0.00686	0.00482	0.00329	0.00734
2	0.01194	0.24357	0.57355	0.01383	0.02096	0.01511	0.01717	0.01701	0.01139	0.01605	0.00918	0.01075	0.00693	0.00504	0.00472	0.00157	0.00744	0.00372	0.00231	0.00777
3	0.01584	0.01506	0.02273	0.02340	0.30726	0.07359	0.21316	0.22059	0.01640	0.02192	0.01110	0.01343	0.00859	0.00531	0.00565	0.00167	0.00733	0.00519	0.00348	0.00829
4	0.01607	0.01421	0.02189	0.02099	0.22804	0.01472	0.21235	0.29827	0.07523	0.02438	0.01245	0.01419	0.00939	0.00562	0.00571	0.00170	0.00686	0.00540	0.00398	0.00853
5	0.01147	0.23015	0.01971	0.57924	0.03107	0.01471	0.01354	0.01459	0.01095	0.01363	0.00911	0.01294	0.00719	0.00523	0.00491	0.00164	0.00687	0.00431	0.00240	0.00631
6	0.01489	0.01712	0.01594	0.43914	0.02811	0.36515	0.01304	0.01750	0.01297	0.01366	0.00911	0.01239	0.00716	0.00553	0.00521	0.00163	0.00844	0.00424	0.00260	0.00618
7	0.23554	0.00992	0.01411	0.58311	0.03028	0.01214	0.01265	0.01449	0.01046	0.01676	0.00912	0.01301	0.00690	0.00535	0.00489	0.00178	0.00645	0.00434	0.00268	0.00602
8	0.47023	0.01380	0.01172	0.00977	0.01344	0.09369	0.00795	0.27776	0.01568	0.02681	0.00962	0.01045	0.00721	0.00564	0.00427	0.00164	0.00542	0.00370	0.00405	0.00714

[dist]
# distance from previous block
# <min> <max>
57	83

[block]
# block no. 7 follows, 44 sequences, length 6
# corresponding to MSA columns:
# 522-527
name=unknown_H
#
# <colnr> <probs for GDERKNQSTAVLIFYWHMCP>
#	G	D	E	R	K	N	Q	S	T	A	V	L	I	F	Y	W	H	M	C	P
0	0.73219	0.01043	0.00916	0.11524	0.01425	0.01221	0.00717	0.01574	0.00950	0.02302	0.00788	0.00963	0.00609	0.00511	0.00366	0.00170	0.00464	0.00321	0.00324	0.00593
1	0.01030	0.00969	0.01635	0.79530	0.03755	0.01211	0.01514	0.01393	0.01090	0.01393	0.00969	0.01453	0.00727	0.00545	0.00545	0.00182	0.00727	0.00484	0.00242	0.00606
2	0.84691	0.01054	0.00801	0.00717	0.01054	0.01223	0.00590	0.01603	0.00928	0.02446	0.00759	0.00886	0.00590	0.00506	0.00337	0.00169	0.00422	0.00295	0.00337	0.00590
3	0.84691	0.01054	0.00801	0.00717	0.01054	0.01223	0.00590	0.01603	0.00928	0.02446	0.00759	0.00886	0.00590	0.00506	0.00337	0.00169	0.00422	0.00295	0.00337	0.00590
4	0.84691	0.01054	0.00801	0.00717	0.01054	0.01223	0.00590	0.01603	0.00928	0.02446	0.00759	0.00886	0.00590	0.00506	0.00337	0.00169	0.00422	0.00295	0.00337	0.00590
5	0.01062	0.00969	0.01472	0.54031	0.02957	0.01054	0.01233	0.01386	0.01103	0.01517	0.00969	0.01349	0.00753	0.00499	0.00499	0.00149	0.00622	0.00432	0.00268	0.27674

[dist]
# distance from previous block
# <min> <max>
2	5

[block]
# block no. 8 follows, 44 sequences, length 10
# corresponding to MSA columns:
# 533-542
name=unknown_I
#
# <colnr> <probs for GDERKNQSTAVLIFYWHMCP>
#	G	D	E	R	K	N	Q	S	T	A	V	L	I	F	Y	W	H	M	C	P
0	0.16351	0.00985	0.01482	0.65097	0.03260	0.01213	0.01345	0.01431	0.01060	0.01586	0.00931	0.01349	0.00702	0.00538	0.00507	0.00179	0.00671	0.00450	0.00260	0.00603
1	0.51400	0.01106	0.01096	0.15252	0.01660	0.01290	0.00839	0.10528	0.08498	0.02355	0.01005	0.01152	0.00760	0.00554	0.00421	0.00172	0.00500	0.00384	0.00366	0.00660
2	0.31026	0.01141	0.01155	0.00922	0.01322	0.01186	0.00752	0.18896	0.07798	0.10832	0.01209	0.01242	0.00891	0.00556	0.00442	0.00149	0.00464	0.00402	0.00438	0.19177
3	0.70898	0.01019	0.00834	0.00725	0.01068	0.01130	0.00593	0.01547	0.00983	0.02357	0.04786	0.01080	0.00853	0.00526	0.00361	0.00159	0.00411	0.00335	0.00350	0.09984
4	0.40983	0.01063	0.01040	0.00858	0.01233	0.01102	0.00707	0.12500	0.01288	0.08136	0.01155	0.01477	0.00940	0.00593	0.00431	0.00154	0.00453	0.05920	0.00403	0.19564
5	0.01165	0.01032	0.01543	0.56312	0.03072	0.01176	0.01301	0.09735	0.01263	0.01693	0.01007	0.01378	0.00764	0.00531	0.00519	0.00161	0.00653	0.00456	0.00291	0.15946
6	0.36020	0.16311	0.05090	0.24105	0.01997	0.01377	0.01006	0.01606	0.01053	0.05745	0.00903	0.01114	0.00695	0.00519	0.00420	0.00163	0.00563	0.00368	0.00302	0.00643
7	0.16642	0.34879	0.14573	0.01193	0.01687	0.01653	0.10850	0.07241	0.01214	0.01795	0.00947	0.03371	0.00798	0.00532	0.00438	0.00151	0.00627	0.00409	0.00289	0.00711
8	0.01365	0.16067	0.01841	0.37856	0.02572	0.19773	0.01262	0.01613	0.01172	0.01350	0.00872	0.01207	0.00715	0.00581	0.00637	0.00166	0.09657	0.00417	0.00249	0.00628
9	0.21791	0.01140	0.01372	0.42775	0.02591	0.06479	0.01155	0.07176	0.04826	0.01848	0.01130	0.01411	0.03020	0.00579	0.00494	0.00175	0.00632	0.00455	0.00314	0.00636

[dist]
# distance from previous block
# <min> <max>
4	20

[block]
# block no. 9 follows, 44 sequences, length 14
# corresponding to MSA columns:
# 564-577
name=unknown_J
#
# <colnr> <probs for GDERKNQSTAVLIFYWHMCP>
#	G	D	E	R	K	N	Q	S	T	A	V	L	I	F	Y	W	H	M	C	P
0	0.01562	0.23705	0.22810	0.01260	0.01767	0.14785	0.01262	0.15745	0.08725	0.01913	0.01077	0.01162	0.00833	0.00558	0.00476	0.00151	0.00701	0.00401	0.00330	0.00776
1	0.01416	0.68741	0.02672	0.01010	0.01404	0.02081	0.00973	0.01583	0.01065	0.01287	0.00751	0.00924	0.00702	0.00542	0.00573	0.00136	0.12899	0.00320	0.00234	0.00684
2	0.01207	0.01236	0.01910	0.01566	0.01652	0.01625	0.12733	0.01380	0.00905	0.01380	0.00776	0.01236	0.00733	0.00877	0.01611	0.00230	0.67578	0.00503	0.00244	0.00618
3	0.01231	0.01605	0.14420	0.01947	0.02388	0.01440	0.43894	0.01625	0.01143	0.01625	0.00978	0.01346	0.00776	0.00603	0.00935	0.00197	0.22318	0.00561	0.00259	0.00709
4	0.01024	0.02468	0.65978	0.01398	0.02107	0.01141	0.01766	0.01580	0.01165	0.01687	0.01685	0.01787	0.12583	0.00652	0.00538	0.00174	0.00723	0.00519	0.00273	0.00752
5	0.00694	0.00554	0.00621	0.00604	0.00767	0.00481	0.00453	0.00879	0.01360	0.01751	0.33484	0.04788	0.49083	0.01277	0.00644	0.00179	0.00269	0.01086	0.00543	0.00481
6	0.01315	0.50584	0.32196	0.01175	0.01774	0.01809	0.01355	0.01669	0.01125	0.01456	0.00844	0.00982	0.00696	0.00487	0.00415	0.00138	0.00670	0.00335	0.00232	0.00741
7	0.01487	0.00879	0.01068	0.00938	0.01183	0.00877	0.00723	0.21724	0.01631	0.20345	0.09479	0.32613	0.02480	0.01115	0.00614	0.00188	0.00424	0.00966	0.00566	0.00698
8	0.00947	0.00473	0.00710	0.00710	0.00710	0.00473	0.00473	0.00710	0.00710	0.00947	0.00947	0.01657	0.00947	0.01894	0.02131	0.84138	0.00473	0.00473	0.00237	0.00237
9	0.01467	0.73864	0.06312	0.00984	0.01457	0.05658	0.00989	0.01662	0.01130	0.01306	0.00772	0.00892	0.00699	0.00473	0.00364	0.00120	0.00612	0.00299	0.00235	0.00701
10	0.01575	0.01659	0.01341	0.01084	0.01484	0.31239	0.00843	0.08839	0.01430	0.01764	0.00952	0.01090	0.00778	0.00490	0.00452	0.00112	0.00649	0.00350	0.00328	0.43543
11	0.01101	0.00836	0.00970	0.00876	0.01094	0.00883	0.00675	0.04011	0.30267	0.05278	0.43219	0.03122	0.03535	0.00940	0.00603	0.00176	0.00342	0.00812	0.00584	0.00677
12	0.01366	0.00976	0.01057	0.00906	0.01207	0.01010	0.00717	0.17598	0.22068	0.11512	0.03306	0.03111	0.30961	0.00964	0.00587	0.00178	0.00411	0.00790	0.00549	0.00727
13	0.01814	0.01092	0.01264	0.01062	0.01420	0.01155	0.00847	0.06114	0.43855	0.31820	0.02151	0.01931	0.01508	0.00710	0.00552	0.00178	0.00452	0.00584	0.00601	0.00891

[dist]
# distance from previous block
# <min> <max>
7	16

[block]
# block no. 10 follows, 44 sequences, length 37
# corresponding to MSA columns:
# 594-630
name=unknown_K
#
# <colnr> <probs for GDERKNQSTAVLIFYWHMCP>
#	G	D	E	R	K	N	Q	S	T	A	V	L	I	F	Y	W	H	M	C	P
0	0.01504	0.01394	0.02246	0.01679	0.02141	0.01425	0.35144	0.21684	0.18519	0.02318	0.01402	0.01537	0.01041	0.00572	0.00585	0.00174	0.00699	0.00581	0.00413	0.04943
1	0.07715	0.00967	0.01214	0.00974	0.01356	0.00913	0.00799	0.07615	0.07215	0.55276	0.02117	0.03502	0.02835	0.00739	0.00549	0.00175	0.00464	0.04093	0.00619	0.00862
2	0.01014	0.00920	0.01439	0.01187	0.01293	0.01053	0.15068	0.01140	0.00901	0.01270	0.01283	0.02413	0.01359	0.40119	0.02053	0.00371	0.25667	0.00664	0.00291	0.00492
3	0.01516	0.41863	0.02087	0.01021	0.01425	0.01755	0.00907	0.07049	0.29091	0.06047	0.01412	0.01387	0.01107	0.00591	0.00450	0.00148	0.00521	0.00439	0.00397	0.00788
4	0.01436	0.76487	0.07348	0.00970	0.01457	0.02104	0.00997	0.01638	0.01110	0.01309	0.00771	0.00891	0.00699	0.00469	0.00360	0.00120	0.00596	0.00298	0.00233	0.00706
5	0.01900	0.01065	0.01260	0.01047	0.01413	0.01100	0.00838	0.04875	0.38396	0.38554	0.02160	0.01928	0.01492	0.00706	0.00551	0.00177	0.00452	0.00580	0.00612	0.00896
6	0.00947	0.00473	0.00710	0.00710	0.00710	0.00473	0.00473	0.00710	0.00710	0.00947	0.00947	0.01657	0.00947	0.01894	0.02131	0.84138	0.00473	0.00473	0.00237	0.00237
7	0.84691	0.01054	0.00801	0.00717	0.01054	0.01223	0.00590	0.01603	0.00928	0.02446	0.00759	0.00886	0.00590	0.00506	0.00337	0.00169	0.00422	0.00295	0.00337	0.00590
8	0.01458	0.81168	0.02857	0.00933	0.01399	0.02157	0.00933	0.01632	0.01108	0.01283	0.00758	0.00875	0.00700	0.00466	0.00350	0.00117	0.00583	0.00292	0.00233	0.00700
9	0.00947	0.00473	0.00710	0.00710	0.00710	0.00473	0.00473	0.00710	0.00710	0.00947	0.00947	0.01657	0.00947	0.01894	0.02131	0.84138	0.00473	0.00473	0.00237	0.00237
10	0.01641	0.56340	0.02442	0.01082	0.01490	0.26330	0.00971	0.01805	0.01246	0.01299	0.00785	0.00909	0.00700	0.00497	0.00395	0.00124	0.00709	0.00310	0.00248	0.00678
11	0.02037	0.02598	0.01545	0.01404	0.01685	0.78652	0.01053	0.02177	0.01545	0.01334	0.00843	0.00983	0.00702	0.00562	0.00492	0.00140	0.00983	0.00351	0.00281	0.00632
12	0.01093	0.02820	0.78016	0.01554	0.02360	0.01266	0.02014	0.01727	0.01151	0.01727	0.00978	0.01151	0.00691	0.00518	0.00518	0.00173	0.00806	0.00403	0.00230	0.00806
13	0.01093	0.02820	0.78016	0.01554	0.02360	0.01266	0.02014	0.01727	0.01151	0.01727	0.00978	0.01151	0.00691	0.00518	0.00518	0.00173	0.00806	0.00403	0.00230	0.00806
14	0.00779	0.00584	0.00876	0.00876	0.00974	0.00681	0.00681	0.00974	0.00876	0.01266	0.01460	0.02142	0.01363	0.04089	0.78680	0.00876	0.01460	0.00584	0.00292	0.00487
15	0.01161	0.01574	0.25400	0.01168	0.01599	0.01166	0.01160	0.02167	0.38235	0.02087	0.16255	0.02147	0.02027	0.00742	0.00560	0.00178	0.00516	0.00620	0.00461	0.00778
16	0.84691	0.01054	0.00801	0.00717	0.01054	0.01223	0.00590	0.01603	0.00928	0.02446	0.00759	0.00886	0.00590	0.00506	0.00337	0.00169	0.00422	0.00295	0.00337	0.00590
17	0.01957	0.01465	0.01572	0.01219	0.01645	0.01612	0.01001	0.64920	0.09793	0.03243	0.01383	0.01372	0.00994	0.00651	0.00540	0.00162	0.00574	0.00495	0.00536	0.04866
18	0.00664	0.00474	0.00633	0.00759	0.00791	0.00443	0.00506	0.00759	0.01044	0.01392	0.03005	0.80485	0.03606	0.01708	0.00696	0.00221	0.00316	0.01550	0.00506	0.00443
19	0.01742	0.01350	0.01893	0.02290	0.40183	0.01402	0.01337	0.30809	0.01792	0.09940	0.01248	0.01383	0.00937	0.00571	0.00543	0.00163	0.00611	0.00494	0.00418	0.00895
20	0.01492	0.76472	0.02778	0.00961	0.01416	0.06730	0.00940	0.01665	0.01134	0.01286	0.00763	0.00881	0.00700	0.00472	0.00358	0.00118	0.00607	0.00295	0.00236	0.00696
21	0.01720	0.01352	0.01438	0.01183	0.01556	0.01526	0.00951	0.39881	0.38877	0.02868	0.01756	0.01665	0.01289	0.00696	0.00550	0.00174	0.00517	0.00553	0.00550	0.00896
22	0.01349	0.01295	0.02213	0.03346	0.77440	0.01295	0.01673	0.01673	0.01241	0.01781	0.01025	0.01349	0.00864	0.00486	0.00540	0.00162	0.00648	0.00486	0.00270	0.00864
23	0.13037	0.00630	0.00739	0.00690	0.00850	0.00618	0.00526	0.01113	0.01453	0.02224	0.65987	0.03607	0.04478	0.01026	0.00598	0.00171	0.00281	0.00885	0.00562	0.00526
24	0.00791	0.00534	0.00622	0.00622	0.00632	0.00544	0.00365	0.00811	0.00801	0.01078	0.01692	0.03427	0.01921	0.73260	0.10271	0.00563	0.00621	0.00772	0.00327	0.00346
25	0.01464	0.01147	0.01236	0.01096	0.01415	0.01301	0.00857	0.02873	0.69058	0.09741	0.02212	0.02016	0.01633	0.00733	0.00554	0.00183	0.00435	0.00610	0.00567	0.00869
26	0.09810	0.01064	0.01179	0.00982	0.01353	0.01093	0.00781	0.02433	0.37067	0.20550	0.01830	0.01712	0.01325	0.00640	0.00504	0.00160	0.00433	0.00515	0.00520	0.16049
27	0.06025	0.01445	0.01560	0.01201	0.01631	0.01581	0.00992	0.64907	0.02387	0.10735	0.01366	0.01343	0.00953	0.00649	0.00536	0.00164	0.00578	0.00487	0.00548	0.00911
28	0.01768	0.01928	0.01392	0.01241	0.01530	0.44259	0.00948	0.08615	0.19012	0.03851	0.08773	0.01583	0.01401	0.00669	0.00527	0.00157	0.00736	0.00493	0.00409	0.00707
29	0.01101	0.00838	0.01228	0.01096	0.01311	0.00840	0.11853	0.01614	0.19445	0.09208	0.02445	0.41828	0.02495	0.01184	0.00639	0.00202	0.00449	0.01088	0.00500	0.00637
30	0.09710	0.01177	0.01240	0.00994	0.01376	0.06207	0.00799	0.16329	0.10973	0.21190	0.07327	0.01652	0.01379	0.00637	0.00504	0.00151	0.00489	0.00499	0.00503	0.16864
31	0.06504	0.01388	0.01278	0.01083	0.01439	0.16064	0.00850	0.06152	0.30397	0.14161	0.01621	0.01561	0.01198	0.00626	0.00505	0.00156	0.00547	0.00485	0.00473	0.13514
32	0.03825	0.01382	0.02251	0.01698	0.02147	0.06396	0.38791	0.02158	0.20828	0.10168	0.01476	0.01600	0.01086	0.00562	0.00584	0.00176	0.00718	0.00588	0.00395	0.03171
33	0.06497	0.01139	0.01248	0.01067	0.01413	0.01252	0.00847	0.08667	0.49426	0.19175	0.02045	0.01869	0.01472	0.00705	0.00540	0.00179	0.00452	0.00572	0.00568	0.00867
34	0.07367	0.00979	0.01192	0.00924	0.01344	0.00878	0.00750	0.02247	0.10824	0.41409	0.01727	0.01605	0.01183	0.00594	0.00493	0.00145	0.00440	0.00475	0.00536	0.24889
35	0.03859	0.01165	0.01535	0.01163	0.01601	0.01132	0.07892	0.23466	0.04118	0.39318	0.01690	0.01590	0.01130	0.00626	0.00541	0.00162	0.00539	0.00520	0.00561	0.07390
36	0.04434	0.01419	0.01539	0.01224	0.01624	0.08932	0.05852	0.31163	0.17283	0.13909	0.01527	0.01495	0.01096	0.00634	0.00534	0.00163	0.00587	0.00506	0.00504	0.05576

[dist]
# distance from previous block
# <min> <max>
2	51

[block]
# block no. 11 follows, 44 sequences, length 15
# corresponding to MSA columns:
# 690-704
name=unknown_L
#
# <colnr> <probs for GDERKNQSTAVLIFYWHMCP>
#	G	D	E	R	K	N	Q	S	T	A	V	L	I	F	Y	W	H	M	C	P
0	0.27096	0.01147	0.05107	0.00940	0.01299	0.01148	0.00793	0.08910	0.21439	0.10637	0.07156	0.01781	0.04532	0.00677	0.00486	0.00169	0.00447	0.00520	0.00472	0.05244
1	0.14536	0.04798	0.04766	0.01215	0.01631	0.01443	0.08225	0.27138	0.20670	0.07941	0.01456	0.01456	0.01062	0.00622	0.00516	0.00170	0.00559	0.00499	0.00472	0.00825
2	0.01228	0.17036	0.53854	0.01487	0.02189	0.01462	0.07983	0.05596	0.01229	0.01736	0.00966	0.01136	0.00716	0.00511	0.00499	0.00163	0.00764	0.00407	0.00251	0.00787
3	0.00660	0.00491	0.00616	0.00716	0.00779	0.00446	0.00487	0.00764	0.01086	0.01409	0.03534	0.64683	0.19066	0.01639	0.00685	0.00214	0.00308	0.01466	0.00506	0.00446
4	0.02038	0.01362	0.01512	0.01168	0.01595	0.01452	0.00960	0.52957	0.07804	0.16871	0.01513	0.01454	0.01053	0.00651	0.00539	0.00162	0.00552	0.00502	0.00558	0.05299
5	0.02377	0.01038	0.01333	0.01022	0.01447	0.00965	0.00844	0.16066	0.01745	0.64148	0.01996	0.01755	0.01272	0.00671	0.00548	0.00168	0.00489	0.00538	0.00651	0.00928
6	0.01159	0.01061	0.01514	0.01081	0.01578	0.00847	0.14395	0.01441	0.01159	0.01771	0.00994	0.01193	0.00811	0.00414	0.00448	0.00100	0.00498	0.00382	0.00314	0.68840
7	0.01159	0.01061	0.01514	0.01081	0.01578	0.00847	0.14395	0.01441	0.01159	0.01771	0.00994	0.01193	0.00811	0.00414	0.00448	0.00100	0.00498	0.00382	0.00314	0.68840
8	0.84691	0.01054	0.00801	0.00717	0.01054	0.01223	0.00590	0.01603	0.00928	0.02446	0.00759	0.00886	0.00590	0.00506	0.00337	0.00169	0.00422	0.00295	0.00337	0.00590
9	0.00664	0.00474	0.00633	0.00759	0.00791	0.00443	0.00506	0.00759	0.01044	0.01392	0.03005	0.80485	0.03606	0.01708	0.00696	0.00221	0.00316	0.01550	0.00506	0.00443
10	0.01160	0.17218	0.64203	0.01440	0.02183	0.01430	0.01816	0.01709	0.01143	0.01645	0.00938	0.01100	0.00692	0.00508	0.00487	0.00162	0.00765	0.00382	0.00231	0.00786
11	0.01264	0.01263	0.02005	0.01605	0.01768	0.01567	0.18792	0.06859	0.01075	0.01573	0.00917	0.03555	0.00841	0.00836	0.01394	0.00220	0.52989	0.00549	0.00278	0.00649
12	0.01286	0.01303	0.02145	0.01686	0.01888	0.01582	0.24087	0.06906	0.01101	0.01602	0.00879	0.01287	0.00766	0.00780	0.01344	0.00216	0.49678	0.00529	0.00273	0.00664
13	0.00959	0.00817	0.01170	0.01047	0.01175	0.00901	0.07040	0.06525	0.01250	0.01732	0.18506	0.29787	0.06845	0.01212	0.00907	0.00205	0.17903	0.01014	0.00451	0.00554
14	0.15287	0.00715	0.00898	0.00855	0.01016	0.00729	0.03808	0.02753	0.01194	0.07398	0.16736	0.38194	0.02937	0.01207	0.00649	0.00197	0.03342	0.01050	0.00489	0.00546

[dist]
# distance from previous block
# <min> <max>
7	64

[block]
# block no. 12 follows, 44 sequences, length 17
# corresponding to MSA columns:
# 773-780,782-790
name=unknown_M
#
# <colnr> <probs for GDERKNQSTAVLIFYWHMCP>
#	G	D	E	R	K	N	Q	S	T	A	V	L	I	F	Y	W	H	M	C	P
0	0.01620	0.01139	0.01260	0.01088	0.01426	0.01258	0.00859	0.06576	0.57059	0.18081	0.02158	0.01960	0.01561	0.00722	0.00553	0.00180	0.00447	0.00596	0.00579	0.00880
1	0.07667	0.07647	0.16921	0.01156	0.01580	0.01389	0.01081	0.02463	0.49605	0.02104	0.01743	0.01678	0.01310	0.00656	0.00515	0.00176	0.00518	0.00524	0.00448	0.00818
2	0.07374	0.00837	0.00966	0.00787	0.01134	0.00685	0.00603	0.01218	0.01091	0.01720	0.01523	0.23331	0.01574	0.00777	0.00480	0.00127	0.00381	0.00664	0.00375	0.54353
3	0.00758	0.00551	0.00726	0.00781	0.00885	0.00519	0.00601	0.00956	0.01294	0.01745	0.29597	0.27309	0.10044	0.01416	0.00688	0.00208	0.00341	0.20556	0.00539	0.00486
4	0.00974	0.00892	0.01655	0.01408	0.01664	0.00852	0.27364	0.01264	0.01217	0.01617	0.02278	0.21669	0.02423	0.01180	0.00701	0.00220	0.00608	0.31019	0.00422	0.00571
5	0.01287	0.01471	0.03217	0.02298	0.02849	0.01379	0.75460	0.01746	0.01287	0.01746	0.01103	0.01471	0.00827	0.00460	0.00643	0.00184	0.00919	0.00643	0.00276	0.00735
6	0.00779	0.00584	0.00876	0.00876	0.00974	0.00681	0.00681	0.00974	0.00876	0.01266	0.01460	0.02142	0.01363	0.04089	0.78680	0.00876	0.01460	0.00584	0.00292	0.00487
7	0.02072	0.01527	0.01636	0.01254	0.01691	0.01691	0.01036	0.75622	0.02563	0.03436	0.01309	0.01309	0.00927	0.00654	0.00545	0.00164	0.00600	0.00491	0.00545	0.00927
8	0.02058	0.01014	0.01254	0.01020	0.01401	0.00999	0.00823	0.02742	0.28244	0.50905	0.02175	0.01919	0.01462	0.00698	0.00551	0.00174	0.00452	0.00573	0.00632	0.00905
9	0.02058	0.01014	0.01254	0.01020	0.01401	0.00999	0.00823	0.02742	0.28244	0.50905	0.02175	0.01919	0.01462	0.00698	0.00551	0.00174	0.00452	0.00573	0.00632	0.00905
10	0.00772	0.00557	0.00729	0.00686	0.00814	0.00514	0.00514	0.01029	0.01543	0.02186	0.77152	0.04072	0.05144	0.01115	0.00643	0.00171	0.00257	0.00986	0.00600	0.00514
