[name]
unknown

[dist]
# distance from previous block
# <min> <max>
0	462

[block]
# block no. 0 follows, 48 sequences, length 6
# corresponding to MSA columns:
# 468-473
name=unknown_A
#
# <colnr> <probs for GDERKNQSTAVLIFYWHMCP>
#	G	D	E	R	K	N	Q	S	T	A	V	L	I	F	Y	W	H	M	C	P
0	0.08376	0.00515	0.00641	0.00702	0.00757	0.00517	0.00486	0.00811	0.00894	0.01295	0.02080	0.42778	0.02395	0.11454	0.04228	0.15356	0.00410	0.05529	0.00388	0.00387
1	0.05668	0.01167	0.01691	0.25155	0.31582	0.08220	0.05864	0.01511	0.01152	0.04726	0.01312	0.01569	0.07075	0.00555	0.00510	0.00160	0.00629	0.00498	0.00285	0.00673
2	0.01220	0.01027	0.01265	0.01054	0.01324	0.04288	0.09921	0.23534	0.10260	0.02093	0.09816	0.16982	0.13155	0.00925	0.00572	0.00171	0.00472	0.00809	0.00466	0.00645
3	0.00931	0.00811	0.01266	0.21114	0.09704	0.00857	0.08009	0.03230	0.04010	0.01477	0.06798	0.10725	0.08657	0.14889	0.00925	0.00233	0.00529	0.04945	0.00350	0.00540
4	0.00936	0.00775	0.01014	0.22555	0.01650	0.00846	0.00809	0.08858	0.08892	0.01725	0.15230	0.07889	0.20253	0.01078	0.05048	0.00208	0.00483	0.00767	0.00420	0.00561
5	0.01131	0.01065	0.01284	0.19661	0.01801	0.11041	0.06467	0.06812	0.01216	0.03751	0.01914	0.12770	0.13925	0.00807	0.00603	0.00163	0.05269	0.00677	0.00350	0.09293

[dist]
# distance from previous block
# <min> <max>
3	14

[block]
# block no. 1 follows, 48 sequences, length 12
# corresponding to MSA columns:
# 488-499
name=unknown_B
#
# <colnr> <probs for GDERKNQSTAVLIFYWHMCP>
#	G	D	E	R	K	N	Q	S	T	A	V	L	I	F	Y	W	H	M	C	P
0	0.01192	0.00924	0.01124	0.22686	0.01757	0.05768	0.00879	0.12181	0.04749	0.08469	0.07709	0.13921	0.07025	0.02757	0.00597	0.00179	0.00500	0.03712	0.03271	0.00600
1	0.01187	0.00903	0.01163	0.15029	0.06679	0.01001	0.00871	0.21726	0.04013	0.02001	0.06248	0.14249	0.01576	0.00938	0.03921	0.01883	0.02839	0.00656	0.12496	0.00622
2	0.01014	0.00851	0.01299	0.37525	0.10877	0.00954	0.01104	0.04421	0.04286	0.03944	0.08704	0.08591	0.05684	0.00786	0.00556	0.00176	0.00538	0.07743	0.00354	0.00592
3	0.01459	0.01289	0.01381	0.19475	0.01926	0.10637	0.01015	0.25506	0.22677	0.02130	0.01351	0.01463	0.01021	0.00803	0.05406	0.00202	0.00641	0.00483	0.00406	0.00728
4	0.00754	0.00515	0.00674	0.00685	0.00744	0.00554	0.00482	0.00874	0.00842	0.01221	0.01621	0.09563	0.01671	0.29472	0.37501	0.00576	0.00850	0.00688	0.10306	0.00407
5	0.00656	0.00475	0.00571	0.00634	0.00683	0.00443	0.00413	0.00728	0.00951	0.01236	0.02934	0.45169	0.17124	0.24152	0.01196	0.00283	0.00347	0.01187	0.00430	0.00390
6	0.01951	0.01437	0.01540	0.01181	0.01591	0.01591	0.00975	0.77056	0.02412	0.03234	0.01232	0.01232	0.00873	0.00616	0.00513	0.00154	0.00565	0.00462	0.00513	0.00873
7	0.01541	0.17697	0.15633	0.01201	0.01609	0.23797	0.03654	0.04727	0.04349	0.09462	0.01003	0.01106	0.00776	0.00539	0.00535	0.00143	0.06225	0.00378	0.00304	0.05321
8	0.04243	0.01899	0.44497	0.01226	0.01822	0.01061	0.01394	0.06580	0.01294	0.29028	0.01322	0.01318	0.00879	0.00547	0.00494	0.00161	0.00622	0.00429	0.00385	0.00799
9	0.00714	0.00516	0.00675	0.00689	0.00748	0.00544	0.00480	0.00815	0.00846	0.01152	0.01975	0.12178	0.08642	0.31467	0.35648	0.00576	0.00832	0.00776	0.00330	0.00398
10	0.01361	0.01429	0.01915	0.16904	0.23082	0.19047	0.16835	0.03598	0.01246	0.03726	0.01066	0.05464	0.00897	0.00548	0.00527	0.00159	0.00725	0.00513	0.00282	0.00675
11	0.01282	0.01209	0.08250	0.01591	0.25879	0.09413	0.01021	0.07376	0.01262	0.04928	0.01319	0.05152	0.01085	0.00585	0.00461	0.00144	0.00513	0.00492	0.27369	0.00666

[dist]
# distance from previous block
# <min> <max>
0	2

[block]
# block no. 2 follows, 48 sequences, length 7
# corresponding to MSA columns:
# 502-508
name=unknown_C
#
# <colnr> <probs for GDERKNQSTAVLIFYWHMCP>
#	G	D	E	R	K	N	Q	S	T	A	V	L	I	F	Y	W	H	M	C	P
0	0.01127	0.00840	0.06655	0.00856	0.01077	0.00722	0.00701	0.06802	0.09432	0.14961	0.19530	0.30258	0.02785	0.01065	0.00583	0.00178	0.00373	0.00934	0.00512	0.00609
1	0.01305	0.00604	0.00824	0.00751	0.00900	0.00554	0.00546	0.01337	0.01052	0.28345	0.04611	0.19062	0.01812	0.10235	0.01213	0.24749	0.00409	0.00738	0.00443	0.00511
2	0.01469	0.01746	0.07216	0.01276	0.01551	0.34937	0.07710	0.09501	0.01378	0.01590	0.07048	0.07534	0.03237	0.00715	0.00665	0.00161	0.10788	0.00538	0.00326	0.00614
3	0.01410	0.17032	0.15588	0.04717	0.06491	0.04808	0.11818	0.06742	0.14563	0.10022	0.01235	0.01317	0.00921	0.00532	0.00486	0.00153	0.00620	0.00452	0.00345	0.00747
4	0.21521	0.01001	0.01132	0.31652	0.01974	0.07066	0.00905	0.07353	0.01072	0.01632	0.01033	0.01623	0.00921	0.18086	0.00915	0.00234	0.00583	0.00466	0.00293	0.00537
5	0.01036	0.03862	0.04962	0.01025	0.07032	0.09083	0.00743	0.01217	0.01109	0.04827	0.04317	0.35239	0.02015	0.00961	0.00532	0.00156	0.00443	0.00839	0.00384	0.20216
6	0.01479	0.08644	0.04811	0.01117	0.04746	0.10541	0.04596	0.08373	0.11512	0.16715	0.13244	0.01922	0.05473	0.00673	0.00509	0.00151	0.00515	0.00554	0.00442	0.03982

[dist]
# distance from previous block
# <min> <max>
3	27

[block]
# block no. 3 follows, 48 sequences, length 9
# corresponding to MSA columns:
# 536-544
name=unknown_D
#
# <colnr> <probs for GDERKNQSTAVLIFYWHMCP>
#	G	D	E	R	K	N	Q	S	T	A	V	L	I	F	Y	W	H	M	C	P
0	0.01560	0.01334	0.10799	0.04430	0.03079	0.13876	0.00947	0.05974	0.09219	0.24915	0.01701	0.14929	0.01426	0.00837	0.02442	0.00181	0.00574	0.00628	0.00444	0.00706
1	0.00796	0.00594	0.00771	0.00893	0.08792	0.00550	0.00572	0.00943	0.01120	0.05005	0.11966	0.20386	0.29550	0.09686	0.03531	0.00234	0.00379	0.03301	0.00447	0.00484
2	0.01513	0.61600	0.02369	0.00993	0.01387	0.22200	0.00907	0.01669	0.01149	0.01220	0.00734	0.00850	0.00659	0.00462	0.00364	0.00116	0.00646	0.00289	0.00231	0.00642
3	0.00637	0.00485	0.00588	0.00650	0.00741	0.00436	0.00461	0.00761	0.01101	0.01421	0.11411	0.44912	0.28898	0.01439	0.00635	0.00193	0.00286	0.04028	0.00485	0.00431
4	0.01332	0.56720	0.02114	0.00833	0.01201	0.01574	0.00783	0.01517	0.01173	0.09416	0.17181	0.01550	0.01600	0.00587	0.00406	0.00126	0.00473	0.00437	0.00335	0.00644
5	0.00908	0.00907	0.00750	0.00745	0.00886	0.17128	0.00536	0.01027	0.01174	0.01363	0.09536	0.20564	0.32879	0.08360	0.00765	0.00200	0.00428	0.00964	0.00425	0.00457
6	0.18570	0.00611	0.00649	0.00632	0.00723	0.00662	0.00430	0.00962	0.00805	0.01354	0.01382	0.02491	0.01448	0.45388	0.17236	0.00472	0.00636	0.00596	0.04554	0.00400
7	0.01016	0.00593	0.00738	0.00682	0.00850	0.00543	0.00512	0.01237	0.03731	0.16085	0.31987	0.13037	0.16181	0.05414	0.00688	0.00185	0.00307	0.00900	0.04773	0.00540
8	0.01943	0.10306	0.01529	0.01185	0.01501	0.52424	0.00929	0.04808	0.01449	0.17673	0.01059	0.01098	0.00796	0.00545	0.00462	0.00136	0.00771	0.00368	0.00347	0.00670

[dist]
# distance from previous block
# <min> <max>
1	6

[block]
# block no. 4 follows, 48 sequences, length 26
# corresponding to MSA columns:
# 551-576
name=unknown_E
#
# <colnr> <probs for GDERKNQSTAVLIFYWHMCP>
#	G	D	E	R	K	N	Q	S	T	A	V	L	I	F	Y	W	H	M	C	P
0	0.01581	0.18038	0.01788	0.01395	0.09639	0.28871	0.02999	0.07502	0.10146	0.03784	0.01007	0.01133	0.00818	0.00566	0.00577	0.00147	0.08620	0.00395	0.00309	0.00684
1	0.01024	0.00972	0.01524	0.44883	0.07620	0.01237	0.01278	0.01275	0.00956	0.01308	0.00932	0.01519	0.00815	0.03591	0.00963	0.00201	0.25875	0.03217	0.00241	0.00570
2	0.01098	0.07365	0.01399	0.08341	0.01524	0.08548	0.11009	0.06875	0.01270	0.01627	0.08451	0.05201	0.19092	0.00748	0.00518	0.00146	0.00511	0.00644	0.00364	0.15270
3	0.01324	0.10060	0.17663	0.01139	0.01518	0.14900	0.01091	0.14095	0.04166	0.01777	0.01511	0.02348	0.02902	0.00766	0.00526	0.00166	0.00624	0.19300	0.00359	0.03764
4	0.04580	0.26898	0.37362	0.01157	0.01712	0.04326	0.01310	0.01712	0.03952	0.08724	0.03152	0.01156	0.00857	0.00511	0.00438	0.00145	0.00629	0.00376	0.00283	0.00718
5	0.00773	0.00517	0.00618	0.00631	0.00732	0.00470	0.00437	0.00882	0.01078	0.06702	0.12561	0.27978	0.24717	0.18313	0.01038	0.00250	0.00332	0.01070	0.00463	0.00439
6	0.01285	0.00766	0.00941	0.00832	0.01040	0.00755	0.00636	0.17283	0.01496	0.18151	0.21318	0.25565	0.02727	0.03942	0.00654	0.00185	0.00376	0.00892	0.00534	0.00622
7	0.01304	0.66624	0.17751	0.00993	0.01495	0.01865	0.01078	0.01554	0.01051	0.01289	0.00754	0.00874	0.00657	0.00449	0.00360	0.00120	0.00590	0.00295	0.00219	0.00678
8	0.00965	0.00797	0.01137	0.14601	0.09518	0.00845	0.03589	0.09211	0.06403	0.01618	0.02066	0.35677	0.04818	0.03922	0.00658	0.00196	0.00461	0.02545	0.00405	0.00567
9	0.00651	0.00466	0.00616	0.00722	0.00765	0.00438	0.00499	0.00756	0.01011	0.01344	0.05314	0.67281	0.05274	0.04746	0.00734	0.00220	0.00318	0.07955	0.00472	0.00420
10	0.00976	0.00797	0.02972	0.00987	0.01162	0.00808	0.07304	0.06066	0.06817	0.05621	0.07935	0.26037	0.03680	0.01660	0.17256	0.00322	0.06484	0.02149	0.00412	0.00557
11	0.01217	0.01171	0.01963	0.12623	0.61503	0.01245	0.01510	0.01507	0.01112	0.01586	0.00929	0.01267	0.00783	0.00509	0.00629	0.00162	0.08823	0.00456	0.00248	0.00757
12	0.00651	0.00464	0.00582	0.00665	0.00698	0.00436	0.00432	0.00723	0.00942	0.01243	0.02727	0.58051	0.08617	0.19957	0.01099	0.00272	0.00341	0.01268	0.00439	0.00394
13	0.00969	0.00912	0.01539	0.80734	0.03534	0.01140	0.01425	0.01311	0.01026	0.01311	0.00912	0.01368	0.00684	0.00513	0.00513	0.00171	0.00684	0.00456	0.00228	0.00570
14	0.01318	0.01064	0.03178	0.01528	0.18409	0.01065	0.05851	0.19194	0.09691	0.07385	0.01747	0.21276	0.01645	0.00849	0.00560	0.00174	0.00503	0.03420	0.00432	0.00712
15	0.01419	0.01305	0.04955	0.01449	0.01860	0.01302	0.26551	0.19385	0.25594	0.05205	0.04464	0.01613	0.01220	0.00592	0.00550	0.00168	0.00606	0.00565	0.00425	0.00773
16	0.01276	0.01439	0.19006	0.07834	0.32733	0.01085	0.01370	0.04309	0.01193	0.08755	0.01048	0.01242	0.00802	0.00477	0.00482	0.00143	0.00591	0.00418	0.00297	0.15500
17	0.04320	0.08953	0.41997	0.01351	0.01874	0.01167	0.12185	0.01446	0.01059	0.01547	0.01217	0.14484	0.01123	0.00680	0.00566	0.00170	0.04343	0.00581	0.00270	0.00666
18	0.01666	0.00992	0.01283	0.01310	0.14775	0.01006	0.00885	0.07224	0.22668	0.30700	0.01766	0.01694	0.01251	0.00616	0.00499	0.00157	0.00445	0.00516	0.09745	0.00802
19	0.01893	0.01461	0.01414	0.01144	0.01506	0.14421	0.00925	0.44044	0.09103	0.13826	0.01408	0.01483	0.01035	0.00640	0.00513	0.00156	0.00588	0.03144	0.00489	0.00807
20	0.01463	0.01262	0.01293	0.03254	0.12352	0.18135	0.00924	0.09115	0.11274	0.12102	0.01643	0.16601	0.01495	0.00851	0.01775	0.00177	0.02312	0.02878	0.00415	0.00678
21	0.03079	0.00826	0.01092	0.00933	0.01167	0.00851	0.08726	0.03781	0.23324	0.04853	0.30609	0.05483	0.05226	0.00836	0.00552	0.00165	0.00378	0.00740	0.06756	0.00623
22	0.00786	0.00601	0.00733	0.00696	0.00852	0.00516	0.00483	0.00899	0.00959	0.01356	0.01985	0.40514	0.02263	0.17889	0.00976	0.00227	0.00365	0.00954	0.00389	0.26558
23	0.01044	0.33042	0.19936	0.00989	0.01382	0.01263	0.02935	0.01297	0.01042	0.01368	0.01474	0.24481	0.02872	0.00803	0.00475	0.00152	0.00521	0.00668	0.00303	0.03952
24	0.01612	0.01038	0.01183	0.00974	0.01265	0.01089	0.00768	0.40463	0.01790	0.15859	0.01805	0.18552	0.02852	0.07417	0.00715	0.00194	0.00475	0.00715	0.00510	0.00724
25	0.01274	0.01053	0.01145	0.00971	0.01309	0.01115	0.00762	0.03900	0.54164	0.04833	0.01772	0.01680	0.01338	0.00613	0.00486	0.00148	0.00404	0.00506	0.00471	0.22058

[dist]
# distance from previous block
# <min> <max>
0	1

[block]
# block no. 5 follows, 48 sequences, length 10
# corresponding to MSA columns:
# 578-587
name=unknown_F
#
# <colnr> <probs for GDERKNQSTAVLIFYWHMCP>
#	G	D	E	R	K	N	Q	S	T	A	V	L	I	F	Y	W	H	M	C	P
0	0.03489	0.01181	0.01279	0.01110	0.01236	0.11610	0.00878	0.14506	0.01159	0.01572	0.01021	0.01569	0.00965	0.13964	0.10829	0.00314	0.31955	0.00490	0.00302	0.00568
1	0.08345	0.00773	0.00973	0.00794	0.01106	0.00693	0.00641	0.01909	0.01359	0.49306	0.11716	0.04652	0.13906	0.00805	0.00529	0.00163	0.00378	0.00663	0.00572	0.00719
2	0.00818	0.00562	0.00678	0.00693	0.00824	0.00524	0.00502	0.01053	0.07031	0.07690	0.14155	0.37148	0.23789	0.01297	0.00613	0.00186	0.00299	0.01138	0.00505	0.00497
3	0.00874	0.00556	0.00701	0.00646	0.00788	0.00507	0.00479	0.01068	0.01333	0.09687	0.52107	0.03705	0.13545	0.10760	0.00837	0.00203	0.00295	0.00884	0.00530	0.00496
4	0.01152	0.01097	0.01693	0.50418	0.25111	0.04641	0.01425	0.05594	0.01162	0.01520	0.00940	0.01313	0.00731	0.00503	0.00509	0.00163	0.00666	0.00451	0.00253	0.00658
5	0.01310	0.01477	0.01886	0.01514	0.01801	0.23014	0.28002	0.01635	0.06289	0.01450	0.01176	0.08349	0.01054	0.00913	0.07016	0.00223	0.11405	0.00577	0.00294	0.00613
6	0.00696	0.00522	0.00704	0.00763	0.00797	0.00553	0.00534	0.00792	0.00913	0.01246	0.02274	0.52753	0.02649	0.11581	0.14217	0.00347	0.06690	0.01144	0.00403	0.00422
7	0.00668	0.00499	0.00626	0.00705	0.00774	0.00473	0.00486	0.00851	0.05421	0.01424	0.08925	0.61959	0.12327	0.01476	0.00638	0.00199	0.00295	0.01323	0.00486	0.00446
8	0.01305	0.57384	0.15092	0.00983	0.01449	0.01754	0.01026	0.05427	0.03951	0.01463	0.05257	0.01098	0.00940	0.00500	0.00388	0.00126	0.00561	0.00350	0.00265	0.00682
9	0.01426	0.03663	0.01338	0.01142	0.01327	0.25975	0.00896	0.15534	0.01327	0.01605	0.01134	0.08500	0.01075	0.04602	0.10421	0.00262	0.18329	0.00525	0.00323	0.00596

[dist]
# distance from previous block
# <min> <max>
0	4

[block]
# block no. 6 follows, 48 sequences, length 73
# corresponding to MSA columns:
# 593-665
name=unknown_G
#
# <colnr> <probs for GDERKNQSTAVLIFYWHMCP>
#	G	D	E	R	K	N	Q	S	T	A	V	L	I	F	Y	W	H	M	C	P
0	0.00912	0.00676	0.00862	0.00771	0.00994	0.00613	0.00594	0.01141	0.03540	0.05392	0.10836	0.16829	0.04080	0.01590	0.19169	0.00303	0.00586	0.03742	0.00395	0.26977
1	0.15804	0.16896	0.10931	0.01456	0.03373	0.01362	0.30156	0.01564	0.01090	0.03907	0.01086	0.01288	0.03878	0.00512	0.00538	0.00159	0.04598	0.00466	0.00275	0.00660
2	0.01095	0.09167	0.49373	0.01470	0.02078	0.04424	0.15075	0.01563	0.01109	0.01551	0.01075	0.07709	0.00899	0.00567	0.00508	0.00162	0.00728	0.00497	0.00248	0.00703
3	0.01042	0.00586	0.00768	0.00775	0.00904	0.00547	0.00558	0.03929	0.02234	0.17873	0.06454	0.56720	0.02901	0.01324	0.00616	0.00193	0.00335	0.01184	0.00516	0.00539
4	0.00655	0.00507	0.00598	0.00612	0.00736	0.00450	0.00449	0.00816	0.01224	0.01596	0.28971	0.20772	0.36560	0.01284	0.00619	0.00178	0.00267	0.02753	0.00506	0.00447
5	0.01537	0.07025	0.11754	0.01078	0.01497	0.05897	0.00976	0.23822	0.06830	0.11048	0.01250	0.03875	0.00963	0.00589	0.00522	0.00143	0.03817	0.00447	0.00401	0.16528
6	0.00720	0.00590	0.00649	0.00645	0.00788	0.03173	0.00491	0.00902	0.01285	0.01662	0.34294	0.08458	0.35596	0.01199	0.00613	0.00174	0.00296	0.07499	0.00505	0.00462
7	0.00627	0.00457	0.00590	0.00691	0.00740	0.00421	0.00467	0.00725	0.01018	0.01343	0.05658	0.70807	0.11456	0.01556	0.00648	0.00203	0.00292	0.01401	0.00479	0.00421
8	0.01337	0.08484	0.01591	0.23260	0.14567	0.22478	0.01132	0.02962	0.09821	0.01504	0.04141	0.01476	0.03961	0.00575	0.00491	0.00152	0.00659	0.00463	0.00302	0.00648
9	0.01719	0.25768	0.01841	0.01222	0.03207	0.46928	0.00974	0.07437	0.01377	0.01397	0.00802	0.00932	0.00680	0.00519	0.00468	0.00131	0.03361	0.00330	0.00268	0.00638
10	0.01006	0.00912	0.01355	0.49825	0.02638	0.00964	0.01109	0.01304	0.01041	0.01451	0.00912	0.01250	0.00713	0.00462	0.00462	0.00134	0.00567	0.00397	0.00257	0.33241
11	0.00775	0.00615	0.00714	0.00728	0.00871	0.00589	0.00524	0.02547	0.12252	0.01515	0.03113	0.43806	0.20969	0.01287	0.00600	0.00184	0.00316	0.01132	0.00471	0.06992
12	0.18316	0.05432	0.04808	0.01803	0.09044	0.07073	0.42904	0.01634	0.01144	0.01729	0.00928	0.01191	0.00718	0.00453	0.00511	0.00162	0.00733	0.00482	0.00268	0.00669
13	0.00926	0.00724	0.00923	0.00874	0.01008	0.03313	0.00679	0.09744	0.03002	0.01443	0.01370	0.01955	0.01252	0.07174	0.62358	0.00692	0.01198	0.00543	0.00310	0.00512
14	0.85592	0.00992	0.00754	0.00675	0.00992	0.01151	0.00556	0.01508	0.00873	0.02302	0.00714	0.00834	0.00556	0.00476	0.00318	0.00159	0.00397	0.00278	0.00318	0.00556
15	0.00642	0.00505	0.00581	0.00602	0.00728	0.00443	0.00439	0.00789	0.01189	0.01522	0.21121	0.22948	0.42748	0.01318	0.00619	0.00180	0.00269	0.02420	0.00496	0.00441
16	0.00739	0.00501	0.00569	0.00569	0.00582	0.00501	0.00330	0.00753	0.00771	0.01023	0.01784	0.03376	0.05654	0.74468	0.05964	0.00496	0.00525	0.00754	0.00318	0.00324
17	0.00665	0.00502	0.00622	0.00661	0.00762	0.00448	0.00466	0.00802	0.01125	0.01503	0.19293	0.45037	0.19323	0.01363	0.00621	0.00184	0.00282	0.01210	0.00487	0.04646
18	0.01433	0.73328	0.02550	0.00928	0.01347	0.10759	0.00891	0.01594	0.01089	0.01213	0.00722	0.00835	0.00659	0.00449	0.00344	0.00112	0.00591	0.00281	0.00225	0.00651
19	0.01502	0.20608	0.04880	0.02526	0.04243	0.30190	0.18832	0.01834	0.06880	0.01428	0.00937	0.01107	0.00759	0.00498	0.00488	0.00143	0.01806	0.00409	0.00269	0.00660
20	0.00742	0.00515	0.00648	0.00648	0.00679	0.00546	0.00421	0.00803	0.00772	0.01060	0.01536	0.02910	0.01671	0.55883	0.28430	0.00607	0.00790	0.00681	0.00299	0.00360
21	0.01488	0.01146	0.01236	0.01040	0.01358	0.01272	0.00832	0.31764	0.35084	0.04742	0.04328	0.04111	0.05872	0.00751	0.00534	0.00168	0.00455	0.02515	0.00518	0.00787
22	0.51635	0.00954	0.00915	0.00765	0.01104	0.01015	0.00629	0.05478	0.01147	0.25943	0.01366	0.01338	0.04670	0.00573	0.00403	0.00159	0.00411	0.00400	0.00433	0.00663
23	0.01261	0.01165	0.00855	0.00801	0.00957	0.26599	0.00583	0.02970	0.03409	0.01557	0.01377	0.01848	0.01203	0.15949	0.00826	0.00197	0.00525	0.00483	0.36931	0.00503
24	0.01035	0.00630	0.00848	0.00810	0.00917	0.00661	0.00600	0.01152	0.00992	0.15930	0.02057	0.28027	0.04528	0.14645	0.15641	0.00359	0.09365	0.00876	0.00415	0.00510
25	0.00873	0.00590	0.00725	0.00727	0.00858	0.00573	0.00530	0.01194	0.10934	0.07478	0.23313	0.34994	0.09391	0.01202	0.00598	0.00181	0.00301	0.01062	0.03951	0.00523
26	0.00708	0.00525	0.00672	0.00761	0.00835	0.00512	0.00550	0.00931	0.06941	0.01436	0.05233	0.57281	0.07558	0.01474	0.00648	0.00206	0.00328	0.12459	0.00482	0.00459
27	0.01417	0.58327	0.07782	0.01084	0.01531	0.10439	0.07188	0.04520	0.01157	0.01355	0.00783	0.00914	0.00676	0.00458	0.00384	0.00123	0.00631	0.00322	0.00239	0.00669
28	0.01190	0.01093	0.05475	0.05104	0.07272	0.01070	0.17862	0.12735	0.03770	0.04717	0.04570	0.06315	0.01309	0.09675	0.08204	0.02146	0.05907	0.00609	0.00346	0.00631
29	0.00655	0.00465	0.00615	0.00711	0.00747	0.00446	0.00481	0.00750	0.00971	0.01302	0.04907	0.63790	0.03150	0.10364	0.04809	0.00270	0.00378	0.04327	0.00451	0.00412
30	0.00688	0.00547	0.00706	0.00745	0.00813	0.00565	0.00540	0.00803	0.01011	0.01344	0.06526	0.46111	0.19421	0.01622	0.07243	0.00251	0.09015	0.01169	0.00437	0.00442
31	0.01273	0.01431	0.08850	0.02085	0.29251	0.06831	0.11257	0.04495	0.04708	0.01602	0.00943	0.01233	0.00783	0.00597	0.00832	0.00175	0.22209	0.00465	0.00267	0.00712
32	0.02605	0.02054	0.31174	0.01254	0.01728	0.25234	0.01262	0.04809	0.04888	0.14946	0.01213	0.04469	0.00922	0.00586	0.00492	0.00155	0.00707	0.00443	0.00341	0.00718
33	0.26519	0.01355	0.01653	0.02029	0.36934	0.13253	0.06804	0.02748	0.01146	0.01819	0.00873	0.01095	0.00711	0.00474	0.00452	0.00153	0.00613	0.00395	0.00279	0.00695
34	0.01382	0.04329	0.28960	0.01517	0.08329	0.26890	0.01381	0.03049	0.01177	0.01452	0.00835	0.01051	0.00676	0.00578	0.00707	0.00162	0.16228	0.00382	0.00242	0.00671
35	0.01106	0.00633	0.00823	0.00756	0.00895	0.00647	0.00553	0.01304	0.05535	0.18022	0.03215	0.02507	0.02970	0.30047	0.28178	0.00504	0.00767	0.00630	0.00389	0.00518
36	0.00936	0.00899	0.04221	0.17839	0.14359	0.02390	0.04059	0.01273	0.06061	0.01619	0.18185	0.15830	0.06075	0.00880	0.00569	0.00174	0.00481	0.03178	0.00387	0.00584
37	0.09958	0.01257	0.25339	0.00975	0.01301	0.00818	0.00978	0.01240	0.01004	0.06638	0.01738	0.22576	0.05371	0.01345	0.11127	0.04224	0.02474	0.00723	0.00344	0.00569
38	0.08591	0.00944	0.01196	0.00924	0.01316	0.00875	0.00763	0.10523	0.01526	0.65044	0.01839	0.01621	0.01173	0.00621	0.00501	0.00158	0.00448	0.00492	0.00598	0.00849
39	0.01867	0.00819	0.01075	0.00891	0.01206	0.00750	0.00708	0.02189	0.10157	0.55574	0.02183	0.16856	0.01705	0.00826	0.00543	0.00170	0.00407	0.00701	0.00592	0.00780
40	0.01083	0.01317	0.12876	0.26728	0.05707	0.01114	0.24965	0.01466	0.01105	0.01542	0.00955	0.01272	0.00728	0.00457	0.00513	0.00152	0.00691	0.00463	0.00252	0.16613
41	0.00666	0.00498	0.00618	0.00639	0.00742	0.00450	0.00460	0.00832	0.01234	0.01659	0.36977	0.29522	0.21244	0.01289	0.00622	0.00179	0.00264	0.01137	0.00516	0.00450
42	0.06993	0.00906	0.01137	0.00896	0.01248	0.00853	0.00732	0.12557	0.01562	0.52416	0.13332	0.01934	0.01709	0.00685	0.00517	0.00158	0.00423	0.00556	0.00589	0.00796
43	0.01201	0.00853	0.00979	0.00919	0.01137	0.00918	0.00697	0.03291	0.39885	0.11999	0.02319	0.28217	0.02141	0.00999	0.00568	0.00184	0.00378	0.02108	0.00521	0.00685
44	0.00812	0.00917	0.11937	0.01242	0.15670	0.00686	0.00860	0.01014	0.01045	0.01420	0.03456	0.38210	0.12330	0.07092	0.00740	0.00207	0.00430	0.01009	0.00387	0.00535
45	0.00672	0.00537	0.00784	0.00799	0.00895	0.00493	0.06725	0.00799	0.01042	0.01364	0.04505	0.60592	0.15949	0.01449	0.00642	0.00199	0.00337	0.01315	0.00460	0.00443
46	0.03009	0.00604	0.00758	0.00710	0.00875	0.00559	0.00549	0.01205	0.01260	0.15488	0.29894	0.03786	0.13980	0.12437	0.00881	0.00221	0.00355	0.12399	0.00509	0.00522
47	0.00932	0.09627	0.16065	0.01254	0.12125	0.00908	0.02322	0.04032	0.01098	0.01492	0.01957	0.39799	0.04258	0.01042	0.00561	0.00178	0.00475	0.00924	0.00366	0.00586
48	0.01080	0.01135	0.02212	0.26551	0.02650	0.01211	0.38916	0.01422	0.01088	0.01468	0.01095	0.07514	0.00938	0.00600	0.00701	0.00181	0.09750	0.00607	0.00262	0.00618
49	0.09355	0.37348	0.29764	0.01108	0.01638	0.05787	0.01222	0.05733	0.01138	0.01575	0.00820	0.00945	0.00657	0.00474	0.00402	0.00137	0.00630	0.00325	0.00246	0.00693
50	0.08092	0.29887	0.06899	0.00900	0.01214	0.01306	0.00808	0.12448	0.03830	0.01688	0.01513	0.26230	0.01568	0.00846	0.00475	0.00157	0.00470	0.00691	0.00361	0.00618
51	0.00803	0.00507	0.00588	0.00616	0.00675	0.00505	0.00411	0.03276	0.00972	0.01434	0.02012	0.28636	0.02164	0.27455	0.03803	0.00296	0.00390	0.00890	0.24152	0.00415
52	0.06308	0.28500	0.11384	0.01136	0.01543	0.26153	0.01940	0.10462	0.05269	0.01622	0.00898	0.00997	0.00725	0.00509	0.00424	0.00135	0.00682	0.00346	0.00289	0.00678
53	0.01841	0.02076	0.01486	0.01292	0.01562	0.53774	0.01001	0.19113	0.01603	0.01706	0.00881	0.01016	0.00711	0.00587	0.00602	0.00147	0.09256	0.00373	0.00317	0.00655
54	0.01262	0.04050	0.23325	0.01357	0.12437	0.01050	0.01166	0.09990	0.01274	0.07328	0.04046	0.02368	0.00975	0.00516	0.00479	0.00134	0.01472	0.00420	0.00328	0.26023
55	0.00648	0.00480	0.00572	0.00628	0.00696	0.00440	0.00422	0.00739	0.01013	0.01309	0.07015	0.41846	0.23887	0.16675	0.01009	0.00251	0.00322	0.01194	0.00450	0.00405
56	0.00946	0.00790	0.00849	0.00794	0.00977	0.03967	0.00601	0.03956	0.23268	0.01926	0.33638	0.10469	0.13778	0.01000	0.00577	0.00170	0.00335	0.00860	0.00518	0.00582
57	0.08138	0.01326	0.15889	0.21581	0.10243	0.01112	0.10883	0.06419	0.01232	0.09086	0.08082	0.01514	0.01137	0.00556	0.00512	0.00164	0.00618	0.00495	0.00327	0.00685
58	0.14027	0.01013	0.01225	0.00972	0.01326	0.01028	0.03689	0.18364	0.06320	0.35925	0.02947	0.01602	0.01163	0.03391	0.04509	0.00203	0.00518	0.00494	0.00511	0.00771
59	0.00661	0.00466	0.00604	0.00700	0.00730	0.00443	0.00468	0.00743	0.00951	0.01265	0.02592	0.61913	0.03076	0.16775	0.01028	0.00265	0.00347	0.06128	0.00445	0.00400
60	0.01549	0.00816	0.00959	0.00799	0.01074	0.00802	0.00644	0.15751	0.03909	0.27523	0.06432	0.02218	0.07733	0.00727	0.00490	0.00151	0.00380	0.03114	0.24240	0.00689
61	0.00738	0.00512	0.00662	0.00720	0.00800	0.00488	0.00504	0.00923	0.04662	0.04462	0.14218	0.56557	0.07364	0.01498	0.03135	0.00215	0.00332	0.01253	0.00492	0.00465
62	0.01051	0.00995	0.01772	0.04503	0.31311	0.01014	0.16745	0.01318	0.01041	0.01464	0.01187	0.04282	0.01084	0.08003	0.20006	0.00352	0.02400	0.00567	0.00271	0.00635
63	0.07617	0.01277	0.01407	0.01085	0.01486	0.01368	0.00896	0.54736	0.02091	0.20756	0.01381	0.01325	0.00944	0.00611	0.00501	0.00155	0.00524	0.00462	0.00528	0.00852
64	0.00950	0.00585	0.00619	0.00582	0.00691	0.00593	0.00405	0.08606	0.01095	0.01661	0.01893	0.02628	0.07726	0.30985	0.01234	0.00268	0.00370	0.00625	0.38033	0.00452
65	0.00766	0.00524	0.00715	0.00714	0.00770	0.00567	0.00511	0.00839	0.00827	0.01160	0.03944	0.05488	0.04499	0.21951	0.36703	0.13663	0.02361	0.00644	0.02967	0.00387
66	0.02351	0.01340	0.17205	0.19083	0.14018	0.01108	0.01284	0.10539	0.05360	0.10875	0.04265	0.01802	0.01178	0.00629	0.00525	0.00168	0.00592	0.06599	0.00361	0.00718
67	0.00820	0.00682	0.06033	0.00760	0.00877	0.00615	0.00597	0.00964	0.00888	0.04198	0.07853	0.02556	0.01732	0.30659	0.36206	0.02288	0.00876	0.00635	0.00320	0.00440
68	0.01127	0.00584	0.00779	0.00757	0.00910	0.00525	0.00556	0.01270	0.01194	0.24080	0.13011	0.45309	0.05345	0.01238	0.00606	0.00186	0.00329	0.01100	0.00535	0.00559
69	0.04019	0.05342	0.07679	0.03869	0.62355	0.01257	0.02598	0.01605	0.03367	0.01678	0.00974	0.01242	0.00804	0.00466	0.00493	0.00152	0.00609	0.00442	0.00259	0.00787
70	0.05375	0.20147	0.10027	0.01283	0.07430	0.08091	0.05958	0.04160	0.02674	0.13573	0.01213	0.05254	0.02343	0.00621	0.00601	0.00156	0.09605	0.00469	0.00331	0.00689
71	0.05031	0.03486	0.01069	0.00894	0.01124	0.14049	0.03573	0.01320	0.05215	0.01417	0.01365	0.08432	0.01356	0.17392	0.09764	0.00285	0.00629	0.03413	0.00324	0.19861
72	0.01072	0.16358	0.12156	0.01573	0.20099	0.01148	0.09274	0.01377	0.03416	0.01503	0.05817	0.10602	0.05266	0.07339	0.00682	0.00185	0.00558	0.00625	0.00309	0.00641

[dist]
# distance from previous block
# <min> <max>
5	30

[block]
# block no. 7 follows, 48 sequences, length 20
# corresponding to MSA columns:
# 698-717
name=unknown_H
#
# <colnr> <probs for GDERKNQSTAVLIFYWHMCP>
#	G	D	E	R	K	N	Q	S	T	A	V	L	I	F	Y	W	H	M	C	P
0	0.01225	0.01276	0.13927	0.07207	0.21568	0.01008	0.01155	0.05750	0.05586	0.07293	0.05222	0.03472	0.01122	0.00543	0.00484	0.00140	0.00528	0.00469	0.00337	0.21690
1	0.08515	0.01174	0.03869	0.01585	0.23891	0.05642	0.01018	0.11241	0.03182	0.18670	0.09367	0.01577	0.01321	0.00585	0.00493	0.00150	0.00514	0.00488	0.00416	0.06301
2	0.06889	0.01421	0.12993	0.02241	0.44054	0.01230	0.01385	0.13700	0.01338	0.03947	0.01009	0.01209	0.00791	0.00489	0.00487	0.00151	0.00593	0.00428	0.00307	0.05337
3	0.01521	0.01362	0.01821	0.02292	0.45226	0.10657	0.03204	0.13600	0.01417	0.07755	0.01066	0.01250	0.00835	0.00499	0.00499	0.00147	0.00621	0.00442	0.00328	0.05457
4	0.12939	0.01094	0.01410	0.01552	0.24099	0.01096	0.00972	0.18088	0.01437	0.10304	0.07182	0.01420	0.01147	0.00547	0.00470	0.00142	0.00486	0.00452	0.00392	0.14774
5	0.01183	0.26452	0.38711	0.01602	0.14262	0.01457	0.06454	0.01591	0.01093	0.01508	0.00873	0.01054	0.00687	0.00464	0.00451	0.00146	0.00678	0.00375	0.00226	0.00732
6	0.00942	0.01858	0.48489	0.01289	0.06254	0.00957	0.01405	0.01403	0.01212	0.01773	0.26834	0.02013	0.02060	0.00673	0.00528	0.00162	0.00577	0.00567	0.00335	0.00670
7	0.00953	0.01564	0.32108	0.01464	0.11767	0.00953	0.11049	0.01344	0.01178	0.01639	0.11952	0.02337	0.18058	0.00725	0.00546	0.00165	0.00578	0.00642	0.00328	0.00651
8	0.01217	0.01166	0.01988	0.16680	0.65646	0.01205	0.01549	0.01529	0.01144	0.01613	0.00956	0.01287	0.00790	0.00467	0.00509	0.00156	0.00623	0.00457	0.00249	0.00770
9	0.00708	0.00529	0.00660	0.00641	0.00773	0.00481	0.00490	0.00925	0.01369	0.01870	0.56517	0.04227	0.20916	0.01133	0.00613	0.00170	0.00264	0.06705	0.00538	0.00472
10	0.00969	0.00912	0.01539	0.80734	0.03534	0.01140	0.01425	0.01311	0.01026	0.01311	0.00912	0.01368	0.00684	0.00513	0.00513	0.00171	0.00684	0.00456	0.00228	0.00570
11	0.00719	0.00524	0.00676	0.00638	0.00762	0.00481	0.00479	0.00955	0.01436	0.02018	0.74214	0.03897	0.09147	0.01064	0.00605	0.00162	0.00243	0.00937	0.00560	0.00481
12	0.01324	0.01264	0.01951	0.02777	0.64228	0.05807	0.01454	0.01600	0.01166	0.04072	0.00968	0.01249	0.00808	0.00493	0.00579	0.00154	0.05888	0.00446	0.00266	0.03507
13	0.00745	0.00502	0.00582	0.00582	0.00590	0.00510	0.00339	0.00761	0.00753	0.01012	0.01596	0.03243	0.01816	0.75298	0.09213	0.00525	0.00572	0.00729	0.00308	0.00323
14	0.00624	0.00480	0.00571	0.00634	0.00725	0.00427	0.00443	0.00738	0.01083	0.01383	0.08073	0.46919	0.33155	0.01454	0.00633	0.00192	0.00280	0.01280	0.00481	0.00427
15	0.00969	0.00912	0.01539	0.80734	0.03534	0.01140	0.01425	0.01311	0.01026	0.01311	0.00912	0.01368	0.00684	0.00513	0.00513	0.00171	0.00684	0.00456	0.00228	0.00570
16	0.01920	0.02343	0.01463	0.01307	0.01587	0.71911	0.00990	0.09708	0.01552	0.01458	0.00838	0.00957	0.00683	0.00538	0.00468	0.00134	0.00888	0.00344	0.00290	0.00623
17	0.00995	0.01209	0.18153	0.00964	0.01343	0.00859	0.00922	0.05569	0.02855	0.01593	0.01312	0.03615	0.04296	0.03178	0.19886	0.00306	0.03436	0.00473	0.00304	0.28731
18	0.04999	0.02488	0.11307	0.00870	0.01129	0.00801	0.00759	0.05326	0.02275	0.01538	0.03206	0.17253	0.01586	0.12480	0.13036	0.00304	0.03367	0.00667	0.00340	0.16269
19	0.05767	0.09029	0.25663	0.00923	0.01272	0.03425	0.00937	0.01279	0.04796	0.01416	0.01833	0.02363	0.13549	0.24388	0.01102	0.00256	0.00550	0.00592	0.00308	0.00552

[dist]
# distance from previous block
# <min> <max>
2	8

[block]
# block no. 8 follows, 48 sequences, length 13
# corresponding to MSA columns:
# 726-738
name=unknown_I
#
# <colnr> <probs for GDERKNQSTAVLIFYWHMCP>
#	G	D	E	R	K	N	Q	S	T	A	V	L	I	F	Y	W	H	M	C	P
0	0.01209	0.01565	0.26592	0.01390	0.10861	0.01104	0.03655	0.20206	0.01414	0.01961	0.01606	0.08971	0.08295	0.03672	0.00599	0.00172	0.00577	0.00590	0.00353	0.05208
1	0.01334	0.05629	0.21945	0.01694	0.12343	0.05052	0.15644	0.01653	0.01185	0.06579	0.01124	0.01403	0.00898	0.00811	0.06280	0.00221	0.06485	0.00479	0.00310	0.08931
2	0.05858	0.05084	0.04021	0.04468	0.19660	0.05899	0.06592	0.01500	0.03945	0.08822	0.03593	0.14302	0.04423	0.00780	0.00613	0.00171	0.06258	0.03004	0.00357	0.00649
3	0.00940	0.10666	0.18543	0.05211	0.10808	0.00965	0.05120	0.01218	0.01074	0.01467	0.04550	0.30353	0.01920	0.00940	0.00553	0.00176	0.00521	0.04037	0.00342	0.00595
4	0.00661	0.00497	0.00620	0.00693	0.00784	0.00455	0.00510	0.00798	0.01106	0.01430	0.09760	0.41608	0.24205	0.01445	0.00646	0.00199	0.00311	0.13352	0.00483	0.00436
5	0.76820	0.01039	0.00837	0.00728	0.01055	0.01197	0.00600	0.09432	0.01035	0.02400	0.00769	0.00875	0.00589	0.00491	0.00338	0.00158	0.00415	0.00297	0.00338	0.00589
6	0.01144	0.01243	0.09205	0.22494	0.48635	0.01160	0.01514	0.01483	0.01138	0.01598	0.04759	0.01403	0.00963	0.00503	0.00512	0.00159	0.00624	0.00473	0.00259	0.00730
7	0.01931	0.01028	0.01233	0.00993	0.01359	0.01040	0.00805	0.13595	0.25333	0.43989	0.01927	0.01723	0.01303	0.00651	0.00517	0.00163	0.00446	0.00528	0.00582	0.00854
8	0.00706	0.00502	0.00645	0.00728	0.00785	0.00483	0.00527	0.00817	0.00995	0.01304	0.02682	0.38021	0.08037	0.19932	0.01114	0.00280	0.00388	0.21208	0.00437	0.00409
9	0.00760	0.00533	0.00638	0.00657	0.00768	0.00517	0.00480	0.00966	0.04078	0.02958	0.13295	0.28005	0.20863	0.01399	0.06552	0.00224	0.01821	0.01002	0.14013	0.00469
10	0.01172	0.01330	0.11047	0.20000	0.36930	0.05343	0.02647	0.03206	0.02825	0.01587	0.02605	0.02986	0.00931	0.00686	0.04375	0.00192	0.00683	0.00480	0.00268	0.00707
11	0.00655	0.00485	0.00582	0.00647	0.00733	0.00442	0.00457	0.00772	0.01062	0.01381	0.06167	0.42515	0.27170	0.05722	0.00734	0.00209	0.00303	0.05800	0.03739	0.00425
12	0.42990	0.09032	0.01230	0.00883	0.01244	0.04118	0.00740	0.23009	0.01402	0.09615	0.00986	0.01034	0.00726	0.00529	0.00398	0.00152	0.00482	0.00354	0.00391	0.00686

[dist]
# distance from previous block
# <min> <max>
4	8

[block]
# block no. 9 follows, 48 sequences, length 26
# corresponding to MSA columns:
# 747-772
name=unknown_J
#
# <colnr> <probs for GDERKNQSTAVLIFYWHMCP>
#	G	D	E	R	K	N	Q	S	T	A	V	L	I	F	Y	W	H	M	C	P
0	0.01177	0.04741	0.33715	0.01185	0.01670	0.01034	0.06027	0.03342	0.05876	0.10912	0.10071	0.03831	0.05350	0.00669	0.00553	0.00162	0.02998	0.01704	0.00362	0.04621
1	0.00747	0.00543	0.00667	0.00704	0.00818	0.00514	0.00517	0.00966	0.05811	0.04057	0.12431	0.36594	0.22415	0.01447	0.03719	0.00216	0.00347	0.06525	0.00487	0.00474
2	0.28127	0.01036	0.01336	0.05984	0.22272	0.01108	0.03461	0.03493	0.10803	0.09230	0.05351	0.03428	0.01144	0.00577	0.00463	0.00161	0.00484	0.00477	0.00371	0.00693
3	0.01401	0.10607	0.18477	0.01546	0.11179	0.07946	0.12459	0.06218	0.03725	0.11332	0.01224	0.05286	0.00992	0.00593	0.00546	0.00159	0.03311	0.01945	0.00330	0.00724
4	0.03603	0.02017	0.01461	0.01260	0.01557	0.49209	0.00978	0.24108	0.03993	0.01886	0.00954	0.01053	0.00749	0.00576	0.00533	0.00145	0.04512	0.00381	0.00345	0.00681
5	0.00908	0.00594	0.00659	0.00628	0.00790	0.00567	0.00471	0.04626	0.05212	0.06062	0.13062	0.11756	0.27113	0.03457	0.00596	0.00170	0.00295	0.00854	0.21667	0.00510
6	0.03214	0.01438	0.16589	0.07186	0.15432	0.04297	0.06889	0.09195	0.08139	0.15156	0.01286	0.01408	0.00941	0.00696	0.04195	0.00190	0.00647	0.00471	0.01875	0.00756
7	0.00626	0.00459	0.00589	0.00688	0.00739	0.00421	0.00466	0.00726	0.01023	0.01346	0.05845	0.69240	0.12850	0.01549	0.00647	0.00202	0.00291	0.01393	0.00480	0.00421
8	0.00628	0.00453	0.00595	0.00702	0.00742	0.00420	0.00472	0.00725	0.01010	0.01343	0.05898	0.74707	0.07264	0.01570	0.00651	0.00205	0.00294	0.01419	0.00480	0.00420
9	0.81260	0.00986	0.00777	0.00687	0.01009	0.01130	0.00566	0.01560	0.00904	0.06297	0.00783	0.00881	0.00593	0.00485	0.00328	0.00159	0.00399	0.00290	0.00334	0.00572
10	0.00842	0.00617	0.00814	0.00816	0.00897	0.00669	0.00599	0.06646	0.01039	0.03131	0.04176	0.38161	0.02312	0.08904	0.21280	0.00386	0.06861	0.00974	0.00400	0.00476
11	0.01079	0.00724	0.00865	0.00789	0.00985	0.00724	0.00602	0.07014	0.15108	0.11371	0.29979	0.16567	0.10059	0.01023	0.00581	0.00172	0.00330	0.00887	0.00539	0.00603
12	0.00651	0.00472	0.00624	0.00728	0.00781	0.00445	0.00514	0.00765	0.01022	0.01350	0.04318	0.63714	0.08914	0.01621	0.03044	0.00227	0.00346	0.09566	0.00471	0.00427
13	0.04099	0.11498	0.01333	0.00969	0.01232	0.04037	0.00796	0.22286	0.09843	0.03115	0.04289	0.01598	0.01197	0.01646	0.25752	0.00365	0.02915	0.00487	0.01889	0.00656
14	0.23315	0.06291	0.09068	0.07845	0.28294	0.11138	0.01172	0.01587	0.01098	0.01733	0.00878	0.01096	0.00708	0.00482	0.00435	0.00150	0.00598	0.00376	0.03061	0.00674
15	0.01171	0.01134	0.02000	0.33724	0.32816	0.01217	0.14025	0.04804	0.01174	0.01594	0.00968	0.01326	0.00759	0.00482	0.00526	0.00163	0.00680	0.00482	0.00256	0.00699
16	0.00820	0.00674	0.00870	0.00827	0.00918	0.04757	0.04037	0.00950	0.00930	0.01254	0.08225	0.11510	0.03197	0.21082	0.32602	0.02752	0.03102	0.00727	0.00331	0.00435
17	0.01510	0.13307	0.18984	0.01151	0.03722	0.08363	0.01077	0.02070	0.18312	0.19050	0.01388	0.01369	0.01007	0.00556	0.00470	0.00148	0.00564	0.00432	0.00390	0.06131
18	0.01177	0.19127	0.27221	0.01428	0.03908	0.07916	0.18256	0.01531	0.01117	0.01461	0.01100	0.09087	0.00990	0.02822	0.00553	0.00164	0.00695	0.00522	0.00260	0.00664
19	0.13954	0.00781	0.00972	0.00830	0.01121	0.00729	0.00664	0.01893	0.01261	0.46521	0.02023	0.17810	0.01680	0.00846	0.00521	0.00172	0.00400	0.04559	0.02557	0.00706
20	0.02922	0.05577	0.20494	0.01070	0.01451	0.02570	0.04519	0.10244	0.11114	0.06013	0.07733	0.11158	0.06896	0.02692	0.00578	0.00174	0.00517	0.01901	0.01709	0.00666
21	0.03084	0.03807	0.12996	0.03634	0.24783	0.05476	0.05767	0.20515	0.01499	0.08065	0.03094	0.02866	0.00970	0.00556	0.00507	0.00156	0.00619	0.00476	0.00356	0.00775
22	0.00774	0.00559	0.00670	0.00676	0.00731	0.00570	0.00452	0.04527	0.00950	0.01257	0.02312	0.24568	0.11939	0.35981	0.05468	0.03163	0.03688	0.00938	0.00379	0.00397
23	0.00729	0.00503	0.00640	0.00684	0.00780	0.00458	0.00492	0.00873	0.01156	0.04957	0.20872	0.43032	0.16718	0.01371	0.00631	0.00190	0.00292	0.04657	0.00504	0.00458
24	0.05105	0.03893	0.21706	0.01581	0.13757	0.07937	0.08318	0.11485	0.07266	0.09686	0.01212	0.03689	0.00929	0.00561	0.00502	0.00159	0.00639	0.00474	0.00347	0.00755
25	0.07291	0.01526	0.07390	0.05333	0.15014	0.15944	0.12981	0.14642	0.01430	0.06197	0.04057	0.01313	0.00943	0.00542	0.00519	0.00155	0.01777	0.00461	0.01772	0.00712

[dist]
# distance from previous block
# <min> <max>
1	4

[block]
# block no. 10 follows, 48 sequences, length 18
# corresponding to MSA columns:
# 777-794
name=unknown_K
#
# <colnr> <probs for GDERKNQSTAVLIFYWHMCP>
#	G	D	E	R	K	N	Q	S	T	A	V	L	I	F	Y	W	H	M	C	P
0	0.09576	0.01291	0.08182	0.01468	0.14082	0.06243	0.08861	0.13439	0.05897	0.10113	0.01525	0.05660	0.05693	0.00810	0.04707	0.00197	0.00615	0.00548	0.00381	0.00710
1	0.05054	0.01605	0.22498	0.06518	0.01750	0.10131	0.06068	0.11738	0.04433	0.08448	0.08084	0.01654	0.03141	0.04633	0.00611	0.00175	0.00619	0.00503	0.00361	0.01977
2	0.00671	0.00486	0.00590	0.00640	0.00700	0.00454	0.00430	0.00765	0.01010	0.01327	0.10852	0.36772	0.16638	0.22441	0.01153	0.00273	0.00343	0.03611	0.00442	0.00401
3	0.01163	0.01071	0.01071	0.00976	0.01118	0.15409	0.00762	0.07340	0.03825	0.01526	0.03365	0.01684	0.01169	0.04582	0.26956	0.00391	0.14267	0.00494	0.12287	0.00544
4	0.04885	0.01550	0.21757	0.04183	0.42443	0.01183	0.01492	0.04297	0.03871	0.04334	0.01023	0.01234	0.00798	0.00484	0.00490	0.00153	0.00616	0.00429	0.00280	0.04498
5	0.01234	0.37943	0.37166	0.01232	0.01818	0.01589	0.05910	0.04956	0.01132	0.01512	0.00849	0.00992	0.00671	0.00468	0.00425	0.00139	0.00663	0.00350	0.00234	0.00715
6	0.01095	0.00741	0.00874	0.00783	0.00999	0.00745	0.00605	0.01666	0.23485	0.13029	0.36078	0.03122	0.12836	0.00920	0.00569	0.00166	0.00320	0.00788	0.00551	0.00628
7	0.00664	0.00474	0.00628	0.00696	0.00746	0.00454	0.00477	0.00783	0.01043	0.01422	0.17615	0.53416	0.03388	0.08449	0.06972	0.00271	0.00387	0.01223	0.00464	0.00424
8	0.02495	0.05612	0.24952	0.05438	0.04602	0.01215	0.21759	0.05501	0.10877	0.02937	0.03305	0.02725	0.05087	0.00578	0.00529	0.00165	0.00657	0.00538	0.00318	0.00710
9	0.01065	0.00666	0.00906	0.08048	0.03918	0.00650	0.00719	0.01299	0.04102	0.16343	0.06132	0.21412	0.15149	0.01189	0.02461	0.00204	0.00422	0.14274	0.00477	0.00564
10	0.04370	0.00761	0.00879	0.00745	0.00993	0.00745	0.00594	0.13415	0.01452	0.21479	0.14720	0.02425	0.09979	0.00768	0.00494	0.00151	0.00352	0.01831	0.23211	0.00638
11	0.01105	0.01028	0.01906	0.24416	0.16982	0.01056	0.23900	0.01415	0.01123	0.05335	0.01351	0.15455	0.01241	0.00676	0.00565	0.00174	0.00644	0.00680	0.00306	0.00641
12	0.06505	0.02731	0.16066	0.01259	0.06211	0.02473	0.04456	0.17712	0.12636	0.14247	0.03705	0.01744	0.02995	0.00644	0.00513	0.00164	0.00549	0.04198	0.00429	0.00763
13	0.00910	0.00606	0.00770	0.00801	0.03958	0.00589	0.00541	0.02408	0.05506	0.08574	0.15747	0.25195	0.09555	0.17819	0.04431	0.00273	0.00408	0.00953	0.00458	0.00498
14	0.00867	0.00538	0.00694	0.00726	0.00839	0.00495	0.00526	0.01028	0.02702	0.11129	0.11849	0.47954	0.12287	0.01356	0.00626	0.00193	0.00315	0.04875	0.00507	0.00494
15	0.04850	0.07456	0.36455	0.01647	0.18026	0.02690	0.03081	0.05370	0.03896	0.04849	0.02726	0.01385	0.04266	0.00543	0.00487	0.00156	0.00635	0.00446	0.00292	0.00742
16	0.07071	0.01319	0.01670	0.08240	0.32287	0.11517	0.04446	0.14908	0.01414	0.03845	0.04542	0.01398	0.02179	0.00546	0.00498	0.00153	0.00612	0.00468	0.02160	0.00727
17	0.01098	0.01144	0.15088	0.01181	0.08803	0.04020	0.00953	0.02771	0.03333	0.09812	0.10308	0.25395	0.02073	0.00941	0.00643	0.00176	0.06725	0.00797	0.04123	0.00613

[dist]
# distance from previous block
# <min> <max>
17	28

[block]
# block no. 11 follows, 48 sequences, length 13
# corresponding to MSA columns:
# 824-836
name=unknown_L
#
# <colnr> <probs for GDERKNQSTAVLIFYWHMCP>
#	G	D	E	R	K	N	Q	S	T	A	V	L	I	F	Y	W	H	M	C	P
0	0.01553	0.05379	0.10522	0.01671	0.20999	0.07161	0.01193	0.25559	0.13582	0.05446	0.01240	0.01311	0.00932	0.00560	0.00498	0.00154	0.00594	0.00453	0.00388	0.00804
1	0.09778	0.11008	0.12658	0.01616	0.16644	0.18937	0.08234	0.04785	0.01259	0.09014	0.00985	0.01127	0.00756	0.00498	0.00466	0.00148	0.00679	0.00399	0.00301	0.00710
2	0.01827	0.01393	0.01425	0.01146	0.01505	0.14861	0.04370	0.32016	0.08475	0.18289	0.04503	0.01573	0.01186	0.00637	0.00516	0.00155	0.00581	0.02474	0.00481	0.02587
3	0.00687	0.00503	0.00560	0.00566	0.00639	0.00468	0.00367	0.00760	0.00973	0.01249	0.09861	0.10314	0.28270	0.40765	0.01591	0.00334	0.00378	0.00935	0.00403	0.00377
4	0.01191	0.20810	0.39787	0.01311	0.01877	0.02979	0.09132	0.04769	0.01160	0.03246	0.02431	0.01296	0.04335	0.00539	0.00507	0.00153	0.03082	0.00427	0.00262	0.00707
5	0.02607	0.11976	0.24709	0.01604	0.18067	0.06707	0.01316	0.08565	0.06976	0.03467	0.02937	0.01276	0.00919	0.00685	0.04147	0.00183	0.02398	0.00426	0.00300	0.00735
6	0.00886	0.07298	0.00997	0.00877	0.03272	0.00699	0.03439	0.01026	0.01081	0.07307	0.07791	0.45287	0.11285	0.01249	0.00657	0.00187	0.04613	0.01096	0.00445	0.00508
