[name]
unknown

[dist]
# distance from previous block
# <min> <max>
13	134

[block]
# block no. 0 follows, 47 sequences, length 12
# corresponding to MSA columns:
# 164-175
name=unknown_A
#
# <colnr> <probs for GDERKNQSTAVLIFYWHMCP>
#	G	D	E	R	K	N	Q	S	T	A	V	L	I	F	Y	W	H	M	C	P
0	0.03524	0.01331	0.07012	0.06109	0.08146	0.03502	0.11361	0.28620	0.04651	0.07305	0.01439	0.04000	0.03235	0.00792	0.04089	0.00196	0.00648	0.02880	0.00408	0.00753
1	0.01127	0.08194	0.04606	0.05007	0.01439	0.01051	0.08889	0.05906	0.03238	0.06258	0.10498	0.11774	0.03684	0.00953	0.03201	0.00196	0.11846	0.04711	0.04163	0.03260
2	0.03226	0.01554	0.16243	0.03289	0.01672	0.15151	0.12152	0.04808	0.07651	0.01736	0.11620	0.02045	0.11040	0.00689	0.00534	0.00159	0.00617	0.00588	0.00360	0.04865
3	0.03461	0.01391	0.06064	0.09776	0.07345	0.13738	0.10275	0.07080	0.04518	0.07008	0.01092	0.01288	0.00846	0.00687	0.04621	0.00180	0.02345	0.00436	0.00325	0.17524
4	0.01090	0.04357	0.14445	0.24506	0.06417	0.01119	0.06945	0.01419	0.01052	0.03856	0.00994	0.01325	0.00793	0.00865	0.08637	0.00226	0.07600	0.00441	0.00262	0.13650
5	0.01083	0.00920	0.01233	0.14749	0.07252	0.00857	0.00851	0.01317	0.01046	0.03640	0.01007	0.01349	0.00859	0.05447	0.03887	0.00168	0.05378	0.00398	0.00295	0.48263
6	0.01337	0.01123	0.01519	0.03961	0.30265	0.01206	0.01101	0.06499	0.33199	0.05681	0.01571	0.01739	0.01245	0.06434	0.00676	0.00190	0.00515	0.00541	0.00409	0.00788
7	0.00746	0.00550	0.00797	0.00797	0.00876	0.00629	0.00601	0.00904	0.00825	0.01179	0.01431	0.02247	0.01389	0.15394	0.68266	0.00788	0.01263	0.00587	0.00284	0.00443
8	0.01713	0.00825	0.01059	0.00870	0.01133	0.00792	0.00682	0.14654	0.01377	0.36161	0.01736	0.01813	0.05638	0.01055	0.01014	0.27368	0.00458	0.00525	0.00479	0.00648
9	0.00676	0.00564	0.00595	0.00581	0.00755	0.00499	0.00437	0.00907	0.05786	0.01567	0.17325	0.04640	0.61359	0.01240	0.00610	0.00174	0.00270	0.01042	0.00501	0.00471
10	0.00749	0.00539	0.00739	0.00739	0.00799	0.00598	0.00529	0.00867	0.00808	0.01137	0.01484	0.02539	0.01516	0.32098	0.51736	0.00717	0.01072	0.00630	0.00292	0.00411
11	0.43364	0.01155	0.01022	0.00853	0.01203	0.06890	0.00688	0.12748	0.04944	0.05694	0.01022	0.03074	0.00808	0.00540	0.00400	0.00147	0.00464	0.00374	0.00374	0.14235

[dist]
# distance from previous block
# <min> <max>
0	2

[block]
# block no. 1 follows, 47 sequences, length 23
# corresponding to MSA columns:
# 178-200
name=unknown_B
#
# <colnr> <probs for GDERKNQSTAVLIFYWHMCP>
#	G	D	E	R	K	N	Q	S	T	A	V	L	I	F	Y	W	H	M	C	P
0	0.03600	0.04882	0.01611	0.01535	0.15071	0.23448	0.01058	0.30161	0.04261	0.05091	0.03562	0.01271	0.00966	0.00579	0.00497	0.00149	0.00659	0.00440	0.00394	0.00765
1	0.17285	0.01117	0.05120	0.02592	0.04467	0.00969	0.03492	0.09822	0.01222	0.05281	0.00979	0.01111	0.00762	0.00455	0.00416	0.00118	0.00465	0.00355	0.00339	0.43632
2	0.11229	0.04541	0.01382	0.05216	0.07614	0.08570	0.00933	0.15280	0.32215	0.05498	0.01475	0.01470	0.01107	0.00609	0.00489	0.00162	0.00526	0.00477	0.00436	0.00769
3	0.20698	0.22071	0.41839	0.01151	0.01736	0.01412	0.01351	0.01599	0.01040	0.01703	0.00833	0.00975	0.00640	0.00480	0.00415	0.00151	0.00632	0.00334	0.00244	0.00697
4	0.28182	0.16371	0.20433	0.01228	0.11089	0.01289	0.01078	0.03175	0.01069	0.01830	0.01145	0.01276	0.05579	0.00537	0.00415	0.00151	0.00537	0.00393	0.03560	0.00663
5	0.01152	0.01177	0.01803	0.01484	0.01558	0.01556	0.11746	0.01312	0.00858	0.01312	0.00736	0.01177	0.00699	0.00845	0.01555	0.00221	0.69513	0.00478	0.00233	0.00588
6	0.00672	0.00453	0.00615	0.00719	0.00745	0.00427	0.00479	0.00719	0.00952	0.01270	0.02594	0.70139	0.03087	0.01656	0.00857	0.12114	0.00323	0.01336	0.00447	0.00395
7	0.00822	0.00704	0.01077	0.07594	0.05073	0.00717	0.07441	0.01045	0.01217	0.01666	0.31056	0.16735	0.12621	0.01148	0.03279	0.00201	0.05722	0.00918	0.00442	0.00520
8	0.01139	0.01139	0.01595	0.01367	0.01367	0.01595	0.01139	0.01253	0.00798	0.01253	0.00684	0.01139	0.00684	0.00911	0.01709	0.00228	0.80745	0.00456	0.00228	0.00570
9	0.00737	0.00532	0.00696	0.00655	0.00778	0.00491	0.00491	0.00983	0.01474	0.02088	0.78175	0.03890	0.04914	0.01065	0.00614	0.00164	0.00246	0.00942	0.00573	0.00491
10	0.00883	0.00788	0.00983	0.01060	0.09590	0.03720	0.00715	0.01089	0.03292	0.01576	0.21681	0.09796	0.23030	0.04555	0.02183	0.00205	0.13052	0.00853	0.00423	0.00527
11	0.07025	0.11339	0.13909	0.04610	0.09215	0.35856	0.01173	0.04272	0.01316	0.05405	0.00910	0.01051	0.00716	0.00517	0.00459	0.00144	0.00756	0.00365	0.00283	0.00679
12	0.04116	0.00548	0.00655	0.00626	0.00768	0.00504	0.00470	0.00941	0.01369	0.01913	0.55310	0.05797	0.22852	0.01117	0.00604	0.00168	0.00258	0.00966	0.00539	0.00480
13	0.00645	0.00459	0.00607	0.00715	0.00748	0.00430	0.00477	0.00739	0.01010	0.01353	0.06558	0.74178	0.03451	0.05026	0.00747	0.00222	0.00308	0.01423	0.00481	0.00422
14	0.06871	0.12523	0.18053	0.02976	0.06279	0.13731	0.20948	0.01653	0.01146	0.01541	0.00880	0.01122	0.00703	0.00521	0.00615	0.00161	0.08920	0.00429	0.00249	0.00678
15	0.01031	0.01061	0.04771	0.44928	0.13685	0.01112	0.12859	0.01371	0.01097	0.01455	0.01229	0.07260	0.02479	0.00620	0.00551	0.00176	0.00672	0.02751	0.00270	0.00623
16	0.00700	0.00493	0.00608	0.00674	0.00712	0.00473	0.00448	0.00774	0.00940	0.01237	0.02576	0.38492	0.08510	0.31978	0.01420	0.00323	0.00394	0.08441	0.00419	0.00389
17	0.85377	0.01007	0.00765	0.00685	0.01007	0.01168	0.00564	0.01531	0.00886	0.02336	0.00725	0.00846	0.00564	0.00483	0.00322	0.00161	0.00403	0.00282	0.00322	0.00564
18	0.00731	0.00541	0.00734	0.00729	0.00817	0.00580	0.00539	0.00883	0.00938	0.01299	0.11174	0.02858	0.10382	0.18127	0.46602	0.00619	0.00960	0.00703	0.00344	0.00437
19	0.01188	0.09682	0.31956	0.13105	0.16370	0.01325	0.10326	0.05340	0.02820	0.01666	0.00976	0.01211	0.00742	0.00493	0.00503	0.00160	0.00705	0.00435	0.00255	0.00742
20	0.01073	0.01207	0.07773	0.47600	0.06913	0.01220	0.21558	0.01456	0.01096	0.01461	0.00956	0.01359	0.00723	0.00505	0.00577	0.00174	0.02973	0.00497	0.00240	0.00638
21	0.00999	0.00741	0.00879	0.00801	0.00993	0.00767	0.00614	0.01642	0.26240	0.05976	0.49575	0.03149	0.03649	0.00927	0.00582	0.00168	0.00310	0.00806	0.00563	0.00620
22	0.19058	0.04027	0.06589	0.01058	0.01422	0.02740	0.02415	0.21052	0.15168	0.11952	0.01324	0.01356	0.00974	0.00739	0.03719	0.00192	0.04583	0.00450	0.00432	0.00751

[dist]
# distance from previous block
# <min> <max>
1	3

[block]
# block no. 2 follows, 47 sequences, length 17
# corresponding to MSA columns:
# 205-221
name=unknown_C
#
# <colnr> <probs for GDERKNQSTAVLIFYWHMCP>
#	G	D	E	R	K	N	Q	S	T	A	V	L	I	F	Y	W	H	M	C	P
0	0.06864	0.06856	0.14564	0.01207	0.01606	0.25282	0.01082	0.14721	0.19131	0.01951	0.01197	0.01239	0.00911	0.00575	0.00479	0.00153	0.00669	0.00418	0.00364	0.00732
1	0.09404	0.19640	0.24131	0.01335	0.08876	0.11513	0.01221	0.04020	0.09495	0.01677	0.01127	0.01230	0.03159	0.00538	0.00450	0.00149	0.00635	0.00399	0.00291	0.00711
2	0.01593	0.19518	0.09498	0.01433	0.11724	0.15000	0.01127	0.22711	0.08997	0.02004	0.01075	0.01163	0.00839	0.00544	0.00468	0.00145	0.00642	0.00407	0.00348	0.00764
3	0.01027	0.00495	0.00727	0.00700	0.00742	0.00482	0.00482	0.00860	0.00786	0.08000	0.04300	0.01698	0.01110	0.01672	0.01838	0.73583	0.00443	0.00480	0.00279	0.00297
4	0.01525	0.56974	0.02373	0.01042	0.01445	0.19186	0.03009	0.04023	0.03764	0.01343	0.00814	0.00924	0.00710	0.00480	0.00384	0.00122	0.00646	0.00317	0.00253	0.00667
5	0.00646	0.00461	0.00609	0.00714	0.00750	0.00431	0.00477	0.00744	0.01021	0.01369	0.08015	0.72984	0.03485	0.04707	0.00738	0.00220	0.00306	0.01415	0.00483	0.00424
6	0.00649	0.00464	0.00621	0.00742	0.00778	0.00436	0.00509	0.00750	0.01011	0.01346	0.02862	0.75957	0.03412	0.01618	0.00669	0.00214	0.00315	0.06737	0.00483	0.00427
7	0.00905	0.00452	0.00678	0.00678	0.00678	0.00452	0.00452	0.00678	0.00678	0.00905	0.00905	0.01583	0.00905	0.01809	0.02035	0.84848	0.00452	0.00452	0.00226	0.00226
8	0.02242	0.00859	0.01159	0.00896	0.01280	0.00746	0.00738	0.02447	0.01463	0.73510	0.02030	0.01784	0.01292	0.00642	0.00513	0.00158	0.00429	0.00521	0.06433	0.00859
9	0.01139	0.01139	0.01595	0.01367	0.01367	0.01595	0.01139	0.01253	0.00798	0.01253	0.00684	0.01139	0.00684	0.00911	0.01709	0.00228	0.80745	0.00456	0.00228	0.00570
10	0.01337	0.68600	0.12711	0.00987	0.01458	0.01932	0.01036	0.01560	0.01054	0.01282	0.00750	0.00881	0.00668	0.00469	0.00406	0.00123	0.03547	0.00299	0.00223	0.00678
11	0.00744	0.00558	0.00837	0.00837	0.00930	0.00651	0.00651	0.00930	0.00837	0.01209	0.01395	0.02046	0.01302	0.03906	0.79635	0.00837	0.01395	0.00558	0.00279	0.00465
12	0.01080	0.00926	0.01080	0.00771	0.01234	0.00694	0.00617	0.01311	0.01080	0.01697	0.00926	0.01080	0.00771	0.00386	0.00386	0.00077	0.00386	0.00309	0.00309	0.84882
13	0.00756	0.00508	0.00585	0.00585	0.00591	0.00514	0.00337	0.00768	0.00762	0.01022	0.01625	0.03322	0.01856	0.76803	0.07495	0.00526	0.00561	0.00745	0.00313	0.00325
14	0.01090	0.01056	0.01215	0.32559	0.02091	0.12506	0.00993	0.05315	0.05322	0.01464	0.01770	0.17450	0.08081	0.03767	0.00661	0.00188	0.02852	0.00717	0.00343	0.00559
15	0.01356	0.01206	0.01713	0.04494	0.40933	0.04530	0.02732	0.12744	0.09106	0.03416	0.09592	0.03222	0.01406	0.00608	0.00532	0.00159	0.00562	0.00548	0.00370	0.00772
16	0.00748	0.00592	0.00705	0.00758	0.00855	0.02847	0.00573	0.00893	0.01097	0.01414	0.07942	0.28132	0.19125	0.07343	0.05791	0.00266	0.02066	0.17954	0.00452	0.00447

[dist]
# distance from previous block
# <min> <max>
0	2

[block]
# block no. 3 follows, 47 sequences, length 51
# corresponding to MSA columns:
# 224-250,252-275
name=unknown_D
#
# <colnr> <probs for GDERKNQSTAVLIFYWHMCP>
#	G	D	E	R	K	N	Q	S	T	A	V	L	I	F	Y	W	H	M	C	P
0	0.02983	0.03518	0.04335	0.16225	0.20341	0.29954	0.01231	0.05870	0.01303	0.01532	0.00981	0.04655	0.00844	0.00578	0.00540	0.00155	0.03561	0.00451	0.00279	0.00665
1	0.00684	0.00498	0.00654	0.00754	0.00825	0.00468	0.00556	0.00819	0.01083	0.01421	0.06068	0.52411	0.11710	0.01530	0.00670	0.00212	0.00337	0.18373	0.00486	0.00441
2	0.01164	0.01139	0.01964	0.12078	0.32338	0.01234	0.14881	0.01512	0.04439	0.01564	0.01089	0.01558	0.00931	0.00809	0.05927	0.00221	0.12755	0.03426	0.00273	0.00696
3	0.01506	0.03637	0.04638	0.22531	0.02169	0.30307	0.05026	0.06551	0.07278	0.03965	0.01015	0.01226	0.00789	0.00573	0.00589	0.00160	0.06661	0.00427	0.00300	0.00652
4	0.00701	0.00509	0.00676	0.00785	0.00858	0.00483	0.00594	0.00845	0.01082	0.01413	0.03052	0.49248	0.10113	0.01539	0.00678	0.00218	0.00358	0.25924	0.00482	0.00443
5	0.16785	0.06119	0.09338	0.03795	0.30387	0.01189	0.09941	0.03119	0.01120	0.01762	0.01154	0.10832	0.01061	0.00612	0.00496	0.00164	0.00582	0.00551	0.00297	0.00694
6	0.03017	0.04467	0.04346	0.09247	0.05930	0.02774	0.13867	0.05778	0.01211	0.05731	0.01013	0.01206	0.00788	0.00451	0.00463	0.00124	0.00560	0.00407	0.00313	0.38306
7	0.01176	0.02626	0.01578	0.04045	0.01458	0.05673	0.02736	0.03511	0.00908	0.01322	0.00781	0.01214	0.00741	0.01092	0.07782	0.00265	0.61814	0.00458	0.00244	0.00577
8	0.01223	0.01393	0.03035	0.04170	0.02744	0.01313	0.74663	0.01660	0.01224	0.01660	0.01050	0.01404	0.00788	0.00441	0.00612	0.00176	0.00873	0.00611	0.00263	0.00699
9	0.00822	0.00668	0.00943	0.10433	0.10041	0.00680	0.00753	0.01078	0.05399	0.01540	0.13763	0.30143	0.09984	0.05343	0.00718	0.00205	0.00402	0.06132	0.00435	0.00520
10	0.00719	0.00532	0.00671	0.00636	0.00767	0.00484	0.00477	0.00948	0.01432	0.01989	0.67513	0.04054	0.15638	0.01102	0.00614	0.00166	0.00248	0.00965	0.00560	0.00484
11	0.01947	0.02436	0.01480	0.01335	0.01610	0.76082	0.01005	0.05454	0.01520	0.01365	0.00825	0.00953	0.00681	0.00541	0.00472	0.00135	0.00923	0.00341	0.00280	0.00616
12	0.01177	0.01154	0.01594	0.01360	0.01378	0.01596	0.01133	0.04665	0.00872	0.01345	0.00709	0.01144	0.00693	0.00899	0.01655	0.00225	0.77121	0.00456	0.00241	0.00584
13	0.00729	0.00496	0.00579	0.00603	0.00615	0.00489	0.00357	0.00754	0.00816	0.01086	0.01962	0.19079	0.03834	0.62594	0.03489	0.00444	0.00474	0.00907	0.00352	0.00342
14	0.01080	0.00926	0.01080	0.00771	0.01234	0.00694	0.00617	0.01311	0.01080	0.01697	0.00926	0.01080	0.00771	0.00386	0.00386	0.00077	0.00386	0.00309	0.00309	0.84882
15	0.85377	0.01007	0.00765	0.00685	0.01007	0.01168	0.00564	0.01531	0.00886	0.02336	0.00725	0.00846	0.00564	0.00483	0.00322	0.00161	0.00403	0.00282	0.00322	0.00564
16	0.01273	0.00830	0.00866	0.00741	0.00972	0.00875	0.00587	0.26571	0.03022	0.02332	0.01987	0.02079	0.10463	0.00701	0.00450	0.00141	0.00360	0.00556	0.44573	0.00621
17	0.85377	0.01007	0.00765	0.00685	0.01007	0.01168	0.00564	0.01531	0.00886	0.02336	0.00725	0.00846	0.00564	0.00483	0.00322	0.00161	0.00403	0.00282	0.00322	0.00564
18	0.00750	0.00535	0.00721	0.00721	0.00775	0.00588	0.00507	0.00856	0.00803	0.01123	0.01500	0.02631	0.01556	0.37308	0.46580	0.00694	0.01013	0.00644	0.00295	0.00401
19	0.00626	0.00496	0.00564	0.00615	0.00727	0.00434	0.00435	0.00743	0.01112	0.01389	0.05840	0.37576	0.44712	0.01447	0.00636	0.00191	0.00280	0.01258	0.00485	0.00434
20	0.01295	0.01119	0.01178	0.01060	0.01354	0.01295	0.00824	0.02767	0.77509	0.02178	0.02120	0.01943	0.01590	0.00707	0.00530	0.00177	0.00412	0.00589	0.00530	0.00824
21	0.01934	0.02325	0.01479	0.01317	0.01604	0.68292	0.01000	0.11097	0.03447	0.01539	0.00891	0.01001	0.00719	0.00551	0.00477	0.00138	0.00882	0.00358	0.00305	0.00643
22	0.01289	0.01237	0.02114	0.03196	0.78450	0.01237	0.01598	0.01598	0.01186	0.01701	0.00980	0.01289	0.00825	0.00464	0.00516	0.00155	0.00619	0.00464	0.00258	0.00825
23	0.00728	0.00532	0.00683	0.00646	0.00772	0.00487	0.00484	0.00965	0.01452	0.02037	0.72681	0.03975	0.10439	0.01084	0.00614	0.00165	0.00247	0.00954	0.00567	0.00487
24	0.01392	0.82012	0.02729	0.00891	0.01337	0.02061	0.00891	0.01559	0.01058	0.01225	0.00724	0.00835	0.00668	0.00446	0.00334	0.00111	0.00557	0.00278	0.00223	0.00668
25	0.00634	0.00453	0.00604	0.00725	0.00755	0.00423	0.00483	0.00725	0.00997	0.01329	0.02870	0.81358	0.03444	0.01632	0.00665	0.00211	0.00302	0.01480	0.00483	0.00423
26	0.01688	0.01040	0.01141	0.00914	0.01227	0.01101	0.00742	0.39781	0.01841	0.14137	0.01524	0.01565	0.01100	0.00622	0.00468	0.00145	0.00441	0.00483	0.29291	0.00749
27	0.01272	0.01095	0.01158	0.01048	0.01333	0.01265	0.00812	0.02696	0.74841	0.02149	0.02146	0.04712	0.01654	0.00739	0.00535	0.00178	0.00408	0.00620	0.00528	0.00810
28	0.01484	0.01144	0.01233	0.01067	0.01388	0.01291	0.00842	0.12877	0.60296	0.09315	0.01995	0.01833	0.01466	0.00690	0.00528	0.00172	0.00437	0.00566	0.00539	0.00838
29	0.05410	0.03317	0.12653	0.11216	0.18642	0.04778	0.14019	0.09355	0.02915	0.08454	0.01096	0.01291	0.00818	0.00509	0.00512	0.00159	0.00664	0.00463	0.00320	0.03409
30	0.00768	0.00553	0.00708	0.00786	0.00861	0.00541	0.00568	0.06332	0.01131	0.01499	0.02747	0.59299	0.04857	0.04272	0.00730	0.00221	0.00356	0.12829	0.00480	0.00462
31	0.01165	0.01062	0.01564	0.01655	0.25581	0.00927	0.07075	0.02862	0.01150	0.01718	0.01002	0.02964	0.00851	0.00447	0.00454	0.00114	0.00500	0.00411	0.00297	0.48201
32	0.00751	0.00530	0.00696	0.00696	0.00740	0.00574	0.00475	0.00839	0.00795	0.01104	0.01524	0.02761	0.01612	0.44760	0.39205	0.00663	0.00927	0.00663	0.00298	0.00386
33	0.00659	0.00509	0.00606	0.00662	0.00773	0.00457	0.00489	0.00797	0.01141	0.01450	0.09739	0.32919	0.36163	0.01428	0.00646	0.00196	0.00302	0.10132	0.00490	0.00442
34	0.01136	0.00924	0.01086	0.00778	0.01238	0.00697	0.00624	0.01366	0.01098	0.05142	0.00976	0.01111	0.00794	0.00397	0.00392	0.00081	0.00388	0.00318	0.00324	0.81129
35	0.01254	0.01010	0.01575	0.31505	0.24461	0.01061	0.01250	0.04474	0.01206	0.09698	0.02685	0.01601	0.00996	0.00555	0.00513	0.00157	0.00584	0.03723	0.00321	0.11371
36	0.02323	0.00908	0.01222	0.00937	0.01340	0.00798	0.00774	0.05370	0.01527	0.75927	0.02024	0.01753	0.01274	0.00644	0.00524	0.00161	0.00448	0.00522	0.00640	0.00886
37	0.00757	0.00505	0.00568	0.00568	0.00568	0.00505	0.00316	0.00757	0.00757	0.01010	0.01641	0.03408	0.01893	0.81698	0.02651	0.00505	0.00505	0.00757	0.00316	0.00316
38	0.01095	0.01039	0.01763	0.52305	0.30859	0.01186	0.01502	0.01428	0.01094	0.01466	0.00945	0.01352	0.00742	0.00500	0.00519	0.00167	0.00667	0.00463	0.00241	0.00668
39	0.00634	0.00453	0.00604	0.00725	0.00755	0.00423	0.00483	0.00725	0.00997	0.01329	0.02870	0.81358	0.03444	0.01632	0.00665	0.00211	0.00302	0.01480	0.00483	0.00423
40	0.01080	0.00926	0.01080	0.00771	0.01234	0.00694	0.00617	0.01311	0.01080	0.01697	0.00926	0.01080	0.00771	0.00386	0.00386	0.00077	0.00386	0.00309	0.00309	0.84882
41	0.03126	0.02897	0.22451	0.01298	0.07529	0.04523	0.01177	0.13452	0.01479	0.31521	0.02698	0.03171	0.01077	0.00605	0.00510	0.00160	0.00582	0.00484	0.00447	0.00812
42	0.01236	0.20713	0.27200	0.01606	0.02177	0.01474	0.30460	0.04575	0.01187	0.01613	0.00939	0.01162	0.00721	0.00475	0.00529	0.00157	0.02352	0.00453	0.00249	0.00720
43	0.03392	0.01170	0.07277	0.30159	0.14555	0.01142	0.07874	0.05324	0.06496	0.13858	0.01258	0.03105	0.00940	0.00562	0.00526	0.00168	0.00624	0.00506	0.00345	0.00719
44	0.03461	0.16641	0.27197	0.01250	0.01761	0.09464	0.06890	0.04482	0.06769	0.13854	0.02692	0.01279	0.00929	0.00540	0.00478	0.00153	0.00653	0.00426	0.00338	0.00745
45	0.01240	0.03552	0.35366	0.05394	0.18412	0.01177	0.13369	0.01678	0.01169	0.09069	0.01134	0.04105	0.00876	0.00534	0.00525	0.00165	0.00699	0.00491	0.00286	0.00759
46	0.00752	0.00503	0.00570	0.00575	0.00576	0.00501	0.00323	0.00756	0.00768	0.01024	0.01695	0.06823	0.01961	0.78190	0.02564	0.00492	0.00496	0.00789	0.00323	0.00320
47	0.00871	0.00797	0.03451	0.21793	0.15761	0.00798	0.01002	0.01095	0.01066	0.01426	0.02030	0.35883	0.04403	0.01074	0.00598	0.00191	0.00487	0.06354	0.00369	0.00551
48	0.01367	0.13929	0.33050	0.01687	0.18637	0.04261	0.03449	0.01754	0.01193	0.12552	0.02686	0.01257	0.00879	0.00514	0.00484	0.00153	0.00657	0.00422	0.00299	0.00769
49	0.00746	0.00551	0.00804	0.00804	0.00886	0.00633	0.00610	0.00909	0.00827	0.01185	0.01425	0.02212	0.01374	0.13414	0.70225	0.00796	0.01286	0.00582	0.00283	0.00447
50	0.02063	0.04466	0.01246	0.00929	0.01307	0.00894	0.00765	0.04610	0.10723	0.59500	0.03515	0.01900	0.04291	0.00676	0.00521	0.00161	0.00438	0.00549	0.00601	0.00845

[dist]
# distance from previous block
# <min> <max>
1	3

[block]
# block no. 4 follows, 47 sequences, length 162
# corresponding to MSA columns:
# 279-301,303-359,362-410,414-446
name=unknown_E
#
# <colnr> <probs for GDERKNQSTAVLIFYWHMCP>
#	G	D	E	R	K	N	Q	S	T	A	V	L	I	F	Y	W	H	M	C	P
0	0.02536	0.00939	0.01101	0.00833	0.02988	0.00731	0.00644	0.01362	0.03196	0.01721	0.00956	0.01105	0.00792	0.00398	0.00392	0.00083	0.00392	0.00319	0.00314	0.79199
1	0.16329	0.24579	0.15936	0.02411	0.03831	0.08960	0.11860	0.04991	0.01163	0.01678	0.00916	0.03479	0.00765	0.00515	0.00440	0.00148	0.00647	0.00405	0.00273	0.00672
2	0.01635	0.01095	0.01581	0.01881	0.32815	0.01092	0.01122	0.12541	0.06919	0.23928	0.07341	0.01747	0.01371	0.00619	0.00531	0.00160	0.00517	0.01833	0.00453	0.00819
3	0.00905	0.00874	0.05651	0.06122	0.09213	0.00799	0.06859	0.05489	0.03484	0.01559	0.02377	0.39763	0.10290	0.01142	0.00638	0.00190	0.02651	0.01026	0.00408	0.00561
4	0.00757	0.00506	0.00574	0.00574	0.00576	0.00508	0.00323	0.00761	0.00759	0.01014	0.01635	0.03377	0.01880	0.79932	0.04399	0.00512	0.00525	0.00753	0.00315	0.00319
5	0.00738	0.00533	0.00699	0.00668	0.00788	0.00493	0.00504	0.00979	0.01451	0.02048	0.73356	0.06107	0.04804	0.01094	0.00619	0.00168	0.00256	0.03639	0.00567	0.00489
6	0.01132	0.01616	0.20856	0.01859	0.02399	0.01202	0.50556	0.01589	0.01225	0.01709	0.09408	0.01602	0.01207	0.00520	0.00586	0.00172	0.00783	0.00596	0.00287	0.00695
7	0.01289	0.01237	0.02114	0.03196	0.78450	0.01237	0.01598	0.01598	0.01186	0.01701	0.00980	0.01289	0.00825	0.00464	0.00516	0.00155	0.00619	0.00464	0.00258	0.00825
8	0.01405	0.04411	0.01597	0.01342	0.01444	0.26502	0.01088	0.01528	0.01023	0.01259	0.00724	0.01065	0.00679	0.00775	0.01265	0.00194	0.52463	0.00411	0.00241	0.00584
9	0.01825	0.02288	0.01427	0.01301	0.01548	0.71051	0.00981	0.01963	0.01405	0.01269	0.00850	0.01035	0.00723	0.00823	0.06985	0.00194	0.03116	0.00357	0.00268	0.00591
10	0.01224	0.01841	0.28187	0.02030	0.12261	0.04047	0.37714	0.01686	0.01195	0.03267	0.01016	0.01279	0.00757	0.00469	0.00555	0.00168	0.00801	0.00507	0.00256	0.00741
11	0.01139	0.01139	0.01595	0.01367	0.01367	0.01595	0.01139	0.01253	0.00798	0.01253	0.00684	0.01139	0.00684	0.00911	0.01709	0.00228	0.80745	0.00456	0.00228	0.00570
12	0.00983	0.00926	0.01562	0.80447	0.03587	0.01157	0.01446	0.01331	0.01041	0.01331	0.00926	0.01388	0.00694	0.00521	0.00521	0.00174	0.00694	0.00463	0.00231	0.00579
13	0.01283	0.01226	0.01587	0.01342	0.01410	0.03985	0.01114	0.11976	0.01052	0.01542	0.00768	0.01149	0.00712	0.00859	0.01503	0.00215	0.66938	0.00454	0.00271	0.00616
14	0.00615	0.00528	0.00528	0.00528	0.00703	0.00440	0.00396	0.00747	0.01187	0.01407	0.05276	0.05012	0.78238	0.01319	0.00615	0.00176	0.00264	0.01099	0.00484	0.00440
15	0.01279	0.01258	0.02092	0.04983	0.39192	0.05461	0.19574	0.04243	0.01238	0.03280	0.02890	0.01523	0.03300	0.00720	0.05148	0.00201	0.02062	0.00530	0.00291	0.00734
16	0.00650	0.00525	0.00578	0.00574	0.00727	0.00453	0.00427	0.00811	0.01255	0.01590	0.25201	0.09128	0.53722	0.01267	0.00618	0.00175	0.00261	0.01078	0.00508	0.00453
17	0.01126	0.01071	0.01819	0.44474	0.38448	0.01194	0.01517	0.01455	0.01109	0.01503	0.00951	0.01342	0.00755	0.00494	0.00518	0.00165	0.00659	0.00463	0.00244	0.00693
18	0.04628	0.01123	0.02648	0.06785	0.16403	0.01097	0.01003	0.15729	0.08395	0.19636	0.01355	0.01401	0.00981	0.00548	0.00489	0.00146	0.00508	0.00453	0.00429	0.16245
19	0.00838	0.00695	0.00802	0.00679	0.00957	0.00558	0.00521	0.01022	0.01146	0.01595	0.10203	0.12238	0.26718	0.00923	0.00522	0.00137	0.00324	0.02180	0.00415	0.37527
20	0.01559	0.16846	0.21464	0.01305	0.06128	0.12174	0.02773	0.11486	0.02523	0.12510	0.01097	0.01170	0.00812	0.00523	0.00467	0.00144	0.00648	0.00396	0.00338	0.05636
21	0.01311	0.25871	0.43142	0.01271	0.01886	0.01462	0.03754	0.07015	0.01215	0.07101	0.00978	0.01089	0.00727	0.00498	0.00455	0.00149	0.00673	0.00376	0.00273	0.00754
22	0.00620	0.00528	0.00534	0.00532	0.00706	0.00441	0.00399	0.00756	0.01197	0.01431	0.07872	0.04972	0.75627	0.01310	0.00615	0.00175	0.00263	0.01093	0.00487	0.00441
23	0.03632	0.33694	0.01869	0.01035	0.01393	0.28220	0.00879	0.01891	0.01299	0.15865	0.04881	0.01200	0.00996	0.00546	0.00430	0.00132	0.00647	0.00377	0.00337	0.00676
24	0.00727	0.00513	0.00659	0.00682	0.00718	0.00503	0.02007	0.00796	0.00906	0.01218	0.06499	0.29377	0.02573	0.43052	0.04817	0.00385	0.00465	0.03333	0.00389	0.00381
25	0.17441	0.03510	0.02707	0.01171	0.03057	0.37091	0.00907	0.14994	0.02527	0.01836	0.00918	0.01077	0.00741	0.00742	0.03766	0.03978	0.02209	0.00371	0.00322	0.00635
26	0.01904	0.17398	0.01732	0.01126	0.01523	0.14349	0.00944	0.40165	0.01892	0.12281	0.01178	0.01185	0.00860	0.00578	0.00476	0.00144	0.00613	0.00417	0.00437	0.00797
27	0.01911	0.02294	0.01468	0.01310	0.01596	0.66794	0.00994	0.10041	0.05982	0.01540	0.00928	0.01030	0.00747	0.00556	0.00479	0.00139	0.00870	0.00364	0.00310	0.00646
28	0.05028	0.49432	0.13828	0.01108	0.03151	0.10804	0.03143	0.01640	0.02816	0.01389	0.00868	0.03096	0.00764	0.00503	0.00398	0.00131	0.00627	0.00354	0.00248	0.00673
29	0.01577	0.01225	0.01300	0.01081	0.01417	0.01380	0.00865	0.35553	0.38693	0.02653	0.01703	0.01635	0.01258	0.00663	0.00514	0.00164	0.00472	0.00528	0.06493	0.00828
30	0.00757	0.00505	0.00568	0.00568	0.00568	0.00505	0.00316	0.00757	0.00757	0.01010	0.01641	0.03408	0.01893	0.81698	0.02651	0.00505	0.00505	0.00757	0.00316	0.00316
31	0.00676	0.00523	0.00617	0.00609	0.00745	0.00463	0.00451	0.00859	0.01307	0.01729	0.40307	0.12004	0.35383	0.01227	0.00620	0.00174	0.00259	0.01061	0.00527	0.00463
32	0.01229	0.01405	0.03073	0.02195	0.02722	0.01317	0.76558	0.01668	0.01229	0.01668	0.01054	0.01405	0.00790	0.00439	0.00615	0.00176	0.00878	0.00615	0.00263	0.00702
33	0.01045	0.02694	0.79000	0.01484	0.02254	0.01209	0.01924	0.01649	0.01099	0.01649	0.00935	0.01099	0.00660	0.00495	0.00495	0.00165	0.00770	0.00385	0.00220	0.00770
34	0.00754	0.00517	0.00632	0.00632	0.00654	0.00539	0.00395	0.00798	0.00776	0.01057	0.01583	0.03085	0.01753	0.63276	0.20882	0.00584	0.00716	0.00710	0.00307	0.00351
35	0.00678	0.00532	0.00615	0.00608	0.00756	0.00469	0.00462	0.00861	0.01299	0.01688	0.34431	0.06196	0.42801	0.01230	0.00622	0.00175	0.00270	0.05323	0.00519	0.00462
36	0.01285	0.29600	0.06546	0.01702	0.06955	0.01565	0.37266	0.01688	0.05581	0.01544	0.00990	0.01215	0.00790	0.00461	0.00499	0.00151	0.00717	0.00475	0.00262	0.00709
37	0.01496	0.22573	0.01878	0.19216	0.10118	0.31151	0.01133	0.01746	0.03565	0.01347	0.00870	0.01081	0.00720	0.00507	0.00453	0.00141	0.00735	0.00371	0.00255	0.00645
38	0.01080	0.00926	0.01080	0.00771	0.01234	0.00694	0.00617	0.01311	0.01080	0.01697	0.00926	0.01080	0.00771	0.00386	0.00386	0.00077	0.00386	0.00309	0.00309	0.84882
39	0.00713	0.00491	0.00602	0.00644	0.00662	0.00488	0.00400	0.00760	0.00847	0.01137	0.02051	0.30504	0.02388	0.47651	0.08000	0.00429	0.00504	0.00994	0.00371	0.00365
40	0.00634	0.00453	0.00604	0.00725	0.00755	0.00423	0.00483	0.00725	0.00997	0.01329	0.02870	0.81358	0.03444	0.01632	0.00665	0.00211	0.00302	0.01480	0.00483	0.00423
41	0.00737	0.00532	0.00696	0.00655	0.00778	0.00491	0.00491	0.00983	0.01474	0.02088	0.78175	0.03890	0.04914	0.01065	0.00614	0.00164	0.00246	0.00942	0.00573	0.00491
42	0.01413	0.80256	0.02696	0.00892	0.01336	0.02033	0.00888	0.01581	0.01068	0.02905	0.00753	0.00856	0.00682	0.00450	0.00338	0.00112	0.00554	0.00284	0.00232	0.00673
43	0.85377	0.01007	0.00765	0.00685	0.01007	0.01168	0.00564	0.01531	0.00886	0.02336	0.00725	0.00846	0.00564	0.00483	0.00322	0.00161	0.00403	0.00282	0.00322	0.00564
44	0.00977	0.00892	0.01291	0.01238	0.05637	0.01162	0.00947	0.01130	0.00835	0.01256	0.01014	0.01570	0.00972	0.03834	0.33757	0.00480	0.41715	0.00505	0.00253	0.00536
45	0.01289	0.01237	0.02114	0.03196	0.78450	0.01237	0.01598	0.01598	0.01186	0.01701	0.00980	0.01289	0.00825	0.00464	0.00516	0.00155	0.00619	0.00464	0.00258	0.00825
46	0.00755	0.00504	0.00569	0.00571	0.00572	0.00503	0.00319	0.00757	0.00762	0.01016	0.01664	0.04884	0.01923	0.80182	0.02613	0.00499	0.00501	0.00771	0.00319	0.00318
47	0.01392	0.82012	0.02729	0.00891	0.01337	0.02061	0.00891	0.01559	0.01058	0.01225	0.00724	0.00835	0.00668	0.00446	0.00334	0.00111	0.00557	0.00278	0.00223	0.00668
48	0.00626	0.00527	0.00543	0.00549	0.00716	0.00444	0.00412	0.00763	0.01191	0.01432	0.07778	0.07643	0.71305	0.01323	0.00619	0.00178	0.00269	0.02753	0.00487	0.00442
49	0.85377	0.01007	0.00765	0.00685	0.01007	0.01168	0.00564	0.01531	0.00886	0.02336	0.00725	0.00846	0.00564	0.00483	0.00322	0.00161	0.00403	0.00282	0.00322	0.00564
50	0.00830	0.00553	0.00726	0.00671	0.00810	0.00507	0.00507	0.01073	0.01475	0.06535	0.73763	0.03767	0.04704	0.01040	0.00609	0.00164	0.00257	0.00918	0.00577	0.00514
51	0.00744	0.00558	0.00837	0.00837	0.00930	0.00651	0.00651	0.00930	0.00837	0.01209	0.01395	0.02046	0.01302	0.03906	0.79635	0.00837	0.01395	0.00558	0.00279	0.00465
52	0.00901	0.00718	0.00831	0.00770	0.00953	0.00741	0.00587	0.01524	0.25584	0.02045	0.46290	0.03391	0.11642	0.00978	0.00588	0.00169	0.00300	0.00846	0.00550	0.00592
53	0.00843	0.00581	0.00734	0.00680	0.00831	0.00543	0.00515	0.01138	0.05283	0.06274	0.63866	0.03771	0.10851	0.01045	0.00605	0.00165	0.00267	0.00914	0.00567	0.00526
54	0.00629	0.00517	0.00553	0.00566	0.00717	0.00442	0.00416	0.00764	0.01185	0.01454	0.11178	0.15738	0.61356	0.01341	0.00622	0.00180	0.00268	0.01140	0.00491	0.00442
55	0.01309	0.01125	0.01185	0.01063	0.01359	0.01302	0.00828	0.04252	0.76002	0.02201	0.02102	0.01929	0.01576	0.00705	0.00530	0.00176	0.00415	0.00586	0.00530	0.00826
56	0.01959	0.01486	0.03281	0.01205	0.01629	0.01606	0.01011	0.75048	0.02419	0.03246	0.01243	0.01247	0.00881	0.00622	0.00520	0.00156	0.00577	0.00467	0.00514	0.00883
57	0.00664	0.00527	0.00593	0.00588	0.00734	0.00461	0.00438	0.00829	0.01259	0.01613	0.28277	0.08082	0.47693	0.03456	0.00675	0.00184	0.00271	0.02695	0.00508	0.00453
58	0.01603	0.38026	0.10264	0.01156	0.01556	0.36650	0.01052	0.01802	0.01249	0.01292	0.00783	0.00910	0.00669	0.00492	0.00412	0.00127	0.00750	0.00315	0.00243	0.00650
59	0.01080	0.00926	0.01080	0.00771	0.01234	0.00694	0.00617	0.01311	0.01080	0.01697	0.00926	0.01080	0.00771	0.00386	0.00386	0.00077	0.00386	0.00309	0.00309	0.84882
60	0.00637	0.00455	0.00606	0.00724	0.00756	0.00425	0.00484	0.00731	0.01008	0.01347	0.04580	0.79599	0.03478	0.01619	0.00664	0.00210	0.00301	0.01468	0.00485	0.00425
61	0.00963	0.00892	0.01449	0.69151	0.03214	0.01091	0.01328	0.01330	0.03714	0.01374	0.01343	0.01826	0.06345	0.00617	0.00535	0.00176	0.00646	0.03165	0.00269	0.00574
62	0.00950	0.00582	0.00741	0.00675	0.00846	0.00522	0.00515	0.01166	0.01418	0.13244	0.53113	0.05377	0.16721	0.01058	0.00602	0.00166	0.00279	0.00918	0.00567	0.00539
63	0.00744	0.00558	0.00837	0.00837	0.00930	0.00651	0.00651	0.00930	0.00837	0.01209	0.01395	0.02046	0.01302	0.03906	0.79635	0.00837	0.01395	0.00558	0.00279	0.00465
64	0.00662	0.00540	0.00592	0.00608	0.00771	0.00470	0.00476	0.00820	0.01211	0.01485	0.10551	0.05066	0.60173	0.01319	0.00632	0.00185	0.00298	0.13201	0.00490	0.00450
65	0.00744	0.00558	0.00837	0.00837	0.00930	0.00651	0.00651	0.00930	0.00837	0.01209	0.01395	0.02046	0.01302	0.03906	0.79635	0.00837	0.01395	0.00558	0.00279	0.00465
66	0.04303	0.01273	0.01512	0.01709	0.23485	0.08412	0.01085	0.11145	0.25065	0.01955	0.01353	0.01488	0.01073	0.00866	0.06710	0.00218	0.06724	0.00492	0.00377	0.00756
67	0.85377	0.01007	0.00765	0.00685	0.01007	0.01168	0.00564	0.01531	0.00886	0.02336	0.00725	0.00846	0.00564	0.00483	0.00322	0.00161	0.00403	0.00282	0.00322	0.00564
68	0.01392	0.82012	0.02729	0.00891	0.01337	0.02061	0.00891	0.01559	0.01058	0.01225	0.00724	0.00835	0.00668	0.00446	0.00334	0.00111	0.00557	0.00278	0.00223	0.00668
69	0.00681	0.00532	0.00626	0.00606	0.00752	0.00476	0.00456	0.00870	0.01303	0.01719	0.39711	0.04307	0.38917	0.01348	0.05194	0.00208	0.00321	0.00993	0.00514	0.00466
70	0.00670	0.00509	0.00628	0.00742	0.00779	0.02592	0.00498	0.00762	0.01010	0.01328	0.02814	0.79155	0.03368	0.01602	0.00659	0.00209	0.00320	0.01449	0.00478	0.00428
71	0.00746	0.00500	0.00571	0.00582	0.00585	0.00498	0.00330	0.00754	0.00779	0.01038	0.01750	0.10310	0.02031	0.74608	0.02475	0.00479	0.00487	0.00821	0.00330	0.00325
72	0.00983	0.00926	0.01562	0.80447	0.03587	0.01157	0.01446	0.01331	0.01041	0.01331	0.00926	0.01388	0.00694	0.00521	0.00521	0.00174	0.00694	0.00463	0.00231	0.00579
73	0.00745	0.00553	0.00813	0.00813	0.00898	0.00638	0.00621	0.00915	0.00830	0.01191	0.01417	0.02166	0.01354	0.10794	0.72818	0.00808	0.01316	0.00576	0.00282	0.00452
74	0.00971	0.00485	0.00485	0.00485	0.00607	0.00485	0.00364	0.01213	0.01092	0.01942	0.01699	0.01942	0.01335	0.00607	0.00364	0.00121	0.00243	0.00485	0.84589	0.00485
75	0.01157	0.00927	0.01089	0.00786	0.01242	0.00710	0.00630	0.01412	0.02638	0.06201	0.01015	0.01138	0.00818	0.00407	0.00397	0.00084	0.00390	0.00327	0.00333	0.78299
76	0.00927	0.03895	0.14078	0.01026	0.01333	0.00803	0.11132	0.01283	0.03091	0.03673	0.48689	0.02889	0.03340	0.00846	0.00581	0.00164	0.00438	0.00764	0.00461	0.00589
77	0.01223	0.01320	0.09405	0.02537	0.54727	0.01129	0.02512	0.01548	0.01157	0.01695	0.00966	0.01231	0.00798	0.00451	0.00489	0.00141	0.00591	0.00428	0.00264	0.17389
78	0.00744	0.00558	0.00837	0.00837	0.00930	0.00651	0.00651	0.00930	0.00837	0.01209	0.01395	0.02046	0.01302	0.03906	0.79635	0.00837	0.01395	0.00558	0.00279	0.00465
79	0.00827	0.00678	0.00989	0.00942	0.01013	0.00845	0.00745	0.00994	0.00827	0.01214	0.01252	0.01888	0.01186	0.05048	0.61620	0.00702	0.17938	0.00541	0.00269	0.00483
80	0.01080	0.00926	0.01080	0.00771	0.01234	0.00694	0.00617	0.01311	0.01080	0.01697	0.00926	0.01080	0.00771	0.00386	0.00386	0.00077	0.00386	0.00309	0.00309	0.84882
81	0.00757	0.00505	0.00568	0.00568	0.00568	0.00505	0.00316	0.00757	0.00757	0.01010	0.01641	0.03408	0.01893	0.81698	0.02651	0.00505	0.00505	0.00757	0.00316	0.00316
82	0.01514	0.56485	0.05008	0.01030	0.01433	0.22623	0.00953	0.01688	0.01166	0.01253	0.00766	0.00896	0.00681	0.00540	0.01957	0.00134	0.00683	0.00303	0.00236	0.00651
83	0.01876	0.03764	0.01249	0.05504	0.01433	0.00851	0.00776	0.03787	0.04074	0.48887	0.01672	0.01590	0.01132	0.02063	0.00526	0.00148	0.00452	0.00470	0.00519	0.19226
84	0.01466	0.01986	0.34434	0.01465	0.06801	0.05310	0.03050	0.29583	0.05523	0.02266	0.01143	0.01294	0.00846	0.00570	0.00513	0.00162	0.00675	0.01754	0.00358	0.00804
85	0.01829	0.08266	0.01515	0.01262	0.01539	0.69397	0.00963	0.01966	0.01429	0.01278	0.01051	0.01161	0.05044	0.00574	0.00468	0.00135	0.00873	0.00374	0.00277	0.00599
86	0.00729	0.00596	0.02170	0.00722	0.00869	0.00520	0.03631	0.00949	0.01344	0.01847	0.51266	0.14640	0.16451	0.01149	0.00619	0.00173	0.00292	0.01018	0.00527	0.00487
87	0.03732	0.74233	0.02588	0.00917	0.01347	0.07457	0.00890	0.01595	0.01083	0.01259	0.00730	0.00843	0.00666	0.00453	0.00343	0.00114	0.00579	0.00283	0.00229	0.00661
88	0.01287	0.01243	0.02148	0.03161	0.75787	0.01240	0.04234	0.01601	0.01187	0.01700	0.00982	0.01293	0.00824	0.00463	0.00519	0.00155	0.00628	0.00469	0.00258	0.00821
89	0.00744	0.00558	0.00837	0.00837	0.00930	0.00651	0.00651	0.00930	0.00837	0.01209	0.01395	0.02046	0.01302	0.03906	0.79635	0.00837	0.01395	0.00558	0.00279	0.00465
90	0.00667	0.00530	0.00600	0.00582	0.00735	0.00462	0.00437	0.00848	0.01310	0.01698	0.36434	0.04532	0.46898	0.01210	0.00615	0.00171	0.00256	0.01032	0.00522	0.00462
91	0.00728	0.00532	0.00684	0.00646	0.00773	0.00488	0.00485	0.00966	0.01454	0.02040	0.73000	0.03970	0.10119	0.01083	0.00614	0.00165	0.00247	0.00953	0.00567	0.00488
92	0.80435	0.01000	0.00792	0.00699	0.01026	0.01144	0.00576	0.01591	0.00922	0.06887	0.00804	0.00901	0.00607	0.00493	0.00334	0.00161	0.00405	0.00296	0.00341	0.00583
93	0.01451	0.73570	0.02596	0.00939	0.01366	0.10292	0.00903	0.01615	0.01102	0.01230	0.00733	0.00846	0.00669	0.00455	0.00349	0.00114	0.00597	0.00285	0.00228	0.00661
94	0.01437	0.70800	0.02536	0.00940	0.01356	0.10778	0.00897	0.01601	0.01099	0.01230	0.00752	0.00880	0.00686	0.00551	0.02522	0.00134	0.00623	0.00293	0.00229	0.00655
95	0.00744	0.00557	0.00830	0.00830	0.00920	0.00647	0.00642	0.00925	0.00835	0.01203	0.01402	0.02083	0.01318	0.06037	0.77526	0.00828	0.01371	0.00563	0.00280	0.00461
96	0.00673	0.00492	0.00637	0.00745	0.00790	0.00474	0.00503	0.00843	0.05431	0.01379	0.02827	0.76756	0.03337	0.01578	0.00657	0.00209	0.00309	0.01429	0.00486	0.00446
97	0.01125	0.00924	0.01084	0.00777	0.01238	0.00697	0.00622	0.01355	0.01094	0.04443	0.00966	0.01105	0.00790	0.00395	0.00391	0.00080	0.00388	0.00316	0.00321	0.81891
98	0.01294	0.01110	0.01172	0.01052	0.01344	0.01280	0.00819	0.04287	0.73809	0.02199	0.04208	0.01982	0.01667	0.00715	0.00532	0.00176	0.00411	0.00596	0.00531	0.00816
99	0.00905	0.00452	0.00678	0.00678	0.00678	0.00452	0.00452	0.00678	0.00678	0.00905	0.00905	0.01583	0.00905	0.01809	0.02035	0.84848	0.00452	0.00452	0.00226	0.00226
100	0.01120	0.09240	0.57442	0.01725	0.13816	0.01292	0.05000	0.01635	0.01115	0.01622	0.00928	0.01119	0.00691	0.00483	0.00489	0.00159	0.00733	0.00398	0.00228	0.00766
101	0.00716	0.00529	0.00669	0.00639	0.00767	0.00482	0.00477	0.00941	0.01418	0.01967	0.65400	0.06421	0.15400	0.01118	0.00616	0.00167	0.00250	0.00981	0.00558	0.00482
102	0.01109	0.01047	0.05613	0.00828	0.01307	0.00756	0.00706	0.03982	0.01129	0.01750	0.00938	0.01087	0.00769	0.00400	0.00397	0.00085	0.00415	0.00319	0.00311	0.77054
103	0.02002	0.01423	0.01541	0.01181	0.01597	0.01562	0.00976	0.72110	0.02389	0.07969	0.01300	0.01283	0.00911	0.00626	0.00521	0.00157	0.00565	0.00472	0.00529	0.00886
104	0.00634	0.00453	0.00604	0.00725	0.00755	0.00423	0.00483	0.00725	0.00997	0.01329	0.02870	0.81358	0.03444	0.01632	0.00665	0.00211	0.00302	0.01480	0.00483	0.00423
105	0.04977	0.01163	0.05994	0.28914	0.19411	0.04267	0.01238	0.07706	0.02549	0.07517	0.05709	0.01683	0.05453	0.00603	0.00518	0.00164	0.00595	0.00516	0.00336	0.00685
106	0.01233	0.01204	0.02072	0.06440	0.48270	0.01189	0.13708	0.01583	0.03276	0.01678	0.01006	0.01300	0.00823	0.00472	0.00549	0.00152	0.02849	0.00472	0.00271	0.11454
107	0.00743	0.00545	0.00781	0.00785	0.00859	0.00617	0.00585	0.00892	0.00828	0.01177	0.01486	0.04788	0.01476	0.17831	0.63297	0.00758	0.01200	0.00623	0.00292	0.00437
108	0.00797	0.00602	0.00850	0.00829	0.00908	0.00702	0.00629	0.02600	0.00857	0.01223	0.01393	0.02212	0.01359	0.17136	0.60026	0.00729	0.05821	0.00585	0.00288	0.00454
109	0.01657	0.04866	0.11180	0.01354	0.05562	0.38951	0.01098	0.05990	0.17776	0.04818	0.01184	0.01239	0.00911	0.00570	0.00488	0.00150	0.00736	0.00415	0.00345	0.00712
110	0.05897	0.01143	0.01602	0.30294	0.19926	0.05109	0.02922	0.10715	0.03996	0.05644	0.01113	0.03025	0.00879	0.00666	0.02959	0.00186	0.02429	0.00483	0.00318	0.00693
111	0.00776	0.00581	0.00797	0.00779	0.00830	0.00615	0.03487	0.00866	0.00863	0.01178	0.01809	0.17448	0.02019	0.39673	0.16881	0.00471	0.05050	0.05129	0.00342	0.00403
112	0.77282	0.01058	0.03403	0.05726	0.01211	0.01169	0.00664	0.01522	0.00903	0.02251	0.00745	0.00888	0.00575	0.00486	0.00340	0.00162	0.00433	0.00297	0.00313	0.00572
113	0.45252	0.00803	0.00730	0.00682	0.00866	0.00903	0.00504	0.02771	0.00879	0.01788	0.01190	0.06446	0.01210	0.27298	0.04731	0.00309	0.02304	0.00528	0.00330	0.00477
114	0.42740	0.01238	0.01173	0.00947	0.01318	0.01397	0.00782	0.39967	0.01685	0.02820	0.00994	0.01053	0.00728	0.00556	0.00424	0.00159	0.00490	0.00378	0.00424	0.00728
115	0.00839	0.00599	0.00839	0.00959	0.01079	0.00599	0.00839	0.01079	0.01199	0.01558	0.02757	0.05874	0.02997	0.01439	0.00719	0.00240	0.00480	0.74945	0.00480	0.00480
116	0.01117	0.01062	0.01803	0.46763	0.36229	0.01192	0.01513	0.01447	0.01104	0.01492	0.00949	0.01345	0.00751	0.00496	0.00518	0.00165	0.00661	0.00463	0.00243	0.00686
117	0.09799	0.27255	0.05881	0.00999	0.01405	0.01514	0.00900	0.14893	0.18997	0.11510	0.01313	0.01294	0.00985	0.00568	0.00442	0.00148	0.00509	0.00419	0.00407	0.00764
118	0.01753	0.01139	0.01284	0.01013	0.01357	0.01205	0.00826	0.46317	0.02035	0.15418	0.15439	0.01858	0.01713	0.00707	0.00529	0.00156	0.00473	0.00565	0.05423	0.00791
119	0.00750	0.00502	0.00570	0.00577	0.00579	0.00500	0.00325	0.00755	0.00771	0.01028	0.01712	0.07925	0.01983	0.77058	0.02536	0.00488	0.00493	0.00799	0.00325	0.00322
120	0.01277	0.55756	0.27976	0.01087	0.01640	0.01779	0.01233	0.01589	0.01072	0.01366	0.00794	0.00923	0.00665	0.00462	0.00387	0.00129	0.00627	0.00314	0.00222	0.00702
121	0.02294	0.00909	0.01217	0.00938	0.01338	0.00805	0.00773	0.04533	0.03909	0.74374	0.02035	0.01764	0.01288	0.00646	0.00524	0.00161	0.00446	0.00524	0.00638	0.00884
122	0.00744	0.00558	0.00837	0.00837	0.00930	0.00651	0.00651	0.00930	0.00837	0.01209	0.01395	0.02046	0.01302	0.03906	0.79635	0.00837	0.01395	0.00558	0.00279	0.00465
123	0.00699	0.00520	0.00651	0.00640	0.00760	0.00472	0.00472	0.00901	0.01352	0.01850	0.53548	0.14980	0.18847	0.01193	0.00622	0.00173	0.00257	0.01048	0.00543	0.00472
124	0.01058	0.00974	0.01586	0.70827	0.07528	0.01188	0.01421	0.05385	0.02266	0.01467	0.00964	0.01384	0.00725	0.00526	0.00521	0.00172	0.00679	0.00465	0.00253	0.00612
125	0.01633	0.43069	0.04539	0.01111	0.03903	0.04794	0.00982	0.28736	0.01591	0.03760	0.00962	0.01033	0.00766	0.00520	0.00422	0.00133	0.00583	0.00364	0.00343	0.00757
126	0.01216	0.01259	0.02350	0.01925	0.10034	0.01256	0.44957	0.01867	0.19701	0.01769	0.01404	0.06153	0.01140	0.00583	0.00603	0.00177	0.01900	0.00641	0.00340	0.00726
127	0.50703	0.02378	0.03226	0.00895	0.01234	0.06678	0.02414	0.12944	0.01217	0.07941	0.00952	0.01096	0.00731	0.03350	0.00499	0.00172	0.02201	0.00362	0.00364	0.00641
128	0.00995	0.00889	0.01462	0.27342	0.17606	0.00954	0.06513	0.03267	0.01148	0.01525	0.01749	0.15000	0.04392	0.00876	0.00588	0.00187	0.00572	0.13995	0.00340	0.00598
129	0.01418	0.70567	0.07233	0.00965	0.01415	0.08495	0.00963	0.01608	0.01096	0.01255	0.00743	0.00860	0.00668	0.00456	0.00355	0.00117	0.00602	0.00290	0.00226	0.00669
130	0.01080	0.00926	0.01080	0.00771	0.01234	0.00694	0.00617	0.01311	0.01080	0.01697	0.00926	0.01080	0.00771	0.00386	0.00386	0.00077	0.00386	0.00309	0.00309	0.84882
131	0.01818	0.05363	0.01653	0.05802	0.01731	0.01431	0.06801	0.43978	0.08257	0.14374	0.01375	0.01385	0.00973	0.00610	0.00540	0.00160	0.01944	0.00488	0.00484	0.00832
132	0.07494	0.00969	0.01368	0.01584	0.23655	0.00999	0.05923	0.01643	0.19087	0.01907	0.17928	0.02432	0.10219	0.00753	0.00545	0.00167	0.00452	0.01774	0.00421	0.00680
133	0.00615	0.00528	0.00528	0.00528	0.00703	0.00440	0.00396	0.00747	0.01187	0.01407	0.05276	0.05012	0.78238	0.01319	0.00615	0.00176	0.00264	0.01099	0.00484	0.00440
