[name]
unknown

[dist]
# distance from previous block
# <min> <max>
0	7

[block]
# block no. 0 follows, 50 sequences, length 34
# corresponding to MSA columns:
# 217-250
name=unknown_A
#
# <colnr> <probs for GDERKNQSTAVLIFYWHMCP>
#	G	D	E	R	K	N	Q	S	T	A	V	L	I	F	Y	W	H	M	C	P
0	0.00942	0.00712	0.00944	0.07252	0.01279	0.00705	0.00813	0.05121	0.03971	0.02775	0.03928	0.04075	0.02217	0.01060	0.00600	0.00190	0.00457	0.48303	0.00422	0.14234
1	0.01133	0.01007	0.01464	0.07456	0.28930	0.00960	0.03416	0.01539	0.10776	0.03399	0.02668	0.01438	0.03755	0.00495	0.00461	0.00128	0.00482	0.00444	0.00316	0.29732
2	0.00835	0.00754	0.00828	0.00772	0.00896	0.06967	0.00595	0.01038	0.03201	0.01576	0.32910	0.05674	0.22117	0.01224	0.06513	0.00215	0.12165	0.00807	0.00432	0.00482
3	0.00700	0.00545	0.00636	0.00611	0.00753	0.00507	0.00456	0.00970	0.06857	0.01720	0.42512	0.06422	0.30944	0.03378	0.00639	0.00172	0.00262	0.00942	0.00505	0.00469
4	0.01103	0.27559	0.55827	0.01244	0.01884	0.01411	0.01534	0.01552	0.01040	0.01452	0.00832	0.00974	0.00634	0.00459	0.00426	0.00142	0.00673	0.00337	0.00211	0.00706
5	0.00610	0.00436	0.00581	0.00692	0.00724	0.00406	0.00463	0.00700	0.00966	0.01291	0.04658	0.80195	0.03332	0.01548	0.00635	0.00201	0.00288	0.01404	0.00465	0.00406
6	0.01099	0.00999	0.01455	0.56005	0.09140	0.05692	0.01250	0.04554	0.03871	0.04217	0.06065	0.01478	0.00994	0.00543	0.00501	0.00161	0.00621	0.00472	0.00282	0.00600
7	0.00973	0.00807	0.01098	0.00848	0.01177	0.00677	0.07771	0.03129	0.01214	0.03061	0.26560	0.02114	0.02120	0.00631	0.00478	0.00118	0.00378	0.03112	0.00390	0.43345
8	0.01376	0.71794	0.05111	0.00916	0.01336	0.10016	0.00898	0.01547	0.01055	0.01191	0.00708	0.00818	0.00640	0.00437	0.00338	0.00111	0.00578	0.00276	0.00218	0.00637
9	0.01100	0.00988	0.01546	0.56264	0.02878	0.01132	0.06462	0.11924	0.01200	0.01592	0.00938	0.01281	0.00704	0.00493	0.00491	0.00154	0.00629	0.00438	0.00270	0.09516
10	0.01614	0.01522	0.01654	0.04192	0.21673	0.23653	0.06627	0.20219	0.01522	0.07868	0.01101	0.04087	0.00880	0.00555	0.00495	0.00147	0.00665	0.00460	0.00347	0.00719
11	0.00612	0.00438	0.00589	0.00699	0.00731	0.00415	0.00470	0.00703	0.00947	0.01267	0.02682	0.78423	0.03201	0.01663	0.04355	0.00230	0.00338	0.01376	0.00454	0.00407
12	0.00628	0.00464	0.00589	0.00664	0.00734	0.00425	0.00467	0.00749	0.01058	0.01395	0.13471	0.53925	0.16751	0.01426	0.00624	0.00192	0.00284	0.05259	0.00474	0.00419
13	0.01162	0.01037	0.01328	0.09672	0.29985	0.10978	0.02919	0.01419	0.01131	0.01631	0.02906	0.01483	0.01019	0.00519	0.00441	0.00137	0.00508	0.00450	0.30662	0.00613
14	0.01300	0.01168	0.01168	0.07267	0.01443	0.12886	0.00771	0.10170	0.11962	0.04222	0.03572	0.01297	0.00994	0.00503	0.00435	0.00117	0.00490	0.00395	0.02732	0.37107
15	0.01814	0.07594	0.01508	0.01290	0.03255	0.70709	0.00968	0.04684	0.01414	0.01295	0.00784	0.00911	0.00653	0.00509	0.00444	0.00128	0.00855	0.00325	0.00262	0.00596
16	0.00753	0.00535	0.00640	0.00623	0.00629	0.00576	0.00388	0.00774	0.00733	0.00999	0.01481	0.02996	0.01680	0.70330	0.08109	0.00485	0.06957	0.00688	0.00293	0.00332
17	0.07536	0.58425	0.02224	0.00979	0.03838	0.08017	0.00872	0.04158	0.01083	0.03803	0.00762	0.00879	0.00664	0.00471	0.00412	0.00122	0.04569	0.00299	0.00247	0.00641
18	0.86003	0.00964	0.00733	0.00655	0.00964	0.01118	0.00540	0.01465	0.00848	0.02236	0.00694	0.00810	0.00540	0.00463	0.00308	0.00154	0.00386	0.00270	0.00308	0.00540
19	0.00713	0.00530	0.00782	0.00782	0.00865	0.00613	0.00600	0.00878	0.00796	0.01143	0.01352	0.02053	0.01287	0.09438	0.74864	0.00778	0.01273	0.00548	0.00270	0.00435
20	0.01181	0.01129	0.01900	0.02852	0.72968	0.01122	0.01436	0.01463	0.01135	0.01605	0.01272	0.01524	0.07169	0.00511	0.00501	0.00150	0.00565	0.00494	0.00264	0.00760
21	0.00607	0.00436	0.00576	0.00688	0.00721	0.00405	0.00460	0.00695	0.00960	0.01275	0.02822	0.79630	0.05775	0.01552	0.00635	0.00201	0.00288	0.01405	0.00463	0.00405
22	0.01906	0.01377	0.01484	0.01138	0.01536	0.01518	0.00940	0.75131	0.02312	0.05766	0.01223	0.01214	0.00861	0.00599	0.00499	0.00150	0.00544	0.00451	0.00503	0.00848
23	0.00646	0.00450	0.00567	0.00644	0.00664	0.00431	0.00410	0.00704	0.00878	0.01171	0.02358	0.56081	0.02806	0.28307	0.01264	0.00295	0.00353	0.01188	0.00410	0.00371
24	0.01235	0.56078	0.23271	0.01115	0.03947	0.01706	0.03741	0.01520	0.01033	0.01310	0.00765	0.00899	0.00646	0.00439	0.00375	0.00124	0.00600	0.00310	0.00215	0.00671
25	0.01285	0.00945	0.01101	0.00817	0.01237	0.00801	0.00658	0.08988	0.06817	0.11655	0.01135	0.01193	0.00868	0.00445	0.00408	0.00098	0.00395	0.00356	0.00371	0.60427
26	0.00678	0.00508	0.00628	0.00598	0.00728	0.00459	0.00449	0.00888	0.01346	0.01845	0.61697	0.03976	0.22212	0.01076	0.00588	0.00159	0.00239	0.00937	0.00529	0.00459
27	0.01167	0.00882	0.01047	0.00755	0.01191	0.00672	0.00606	0.01385	0.01077	0.10296	0.01006	0.01107	0.00793	0.00397	0.00384	0.00083	0.00375	0.00318	0.00331	0.76127
28	0.00718	0.00548	0.00665	0.00644	0.00778	0.00518	0.00483	0.01011	0.07404	0.01798	0.49462	0.10029	0.20103	0.01095	0.00588	0.00166	0.00261	0.02732	0.00518	0.00480
29	0.00614	0.00447	0.00590	0.00688	0.00732	0.00423	0.00469	0.00711	0.00956	0.01269	0.02812	0.69889	0.08947	0.01711	0.06948	0.00247	0.00369	0.01319	0.00447	0.00409
30	0.01065	0.00984	0.01593	0.58613	0.14150	0.01157	0.03497	0.06209	0.05051	0.01493	0.00975	0.01334	0.00740	0.00504	0.00501	0.00163	0.00638	0.00454	0.00258	0.00622
31	0.01238	0.01218	0.04563	0.01533	0.01938	0.01183	0.38047	0.04084	0.27525	0.05893	0.01582	0.01763	0.03504	0.00580	0.00553	0.00169	0.00625	0.02914	0.00376	0.00714
32	0.01210	0.24149	0.48886	0.01232	0.01836	0.04106	0.01455	0.07349	0.01159	0.03053	0.00879	0.01002	0.00662	0.00474	0.00434	0.00142	0.00667	0.00348	0.00242	0.00716
33	0.00754	0.00627	0.00643	0.00706	0.00757	0.07830	0.00470	0.00831	0.00957	0.01219	0.02370	0.53999	0.05158	0.18251	0.01006	0.00251	0.00383	0.01139	0.02244	0.00401

[dist]
# distance from previous block
# <min> <max>
1	5

[block]
# block no. 1 follows, 50 sequences, length 8
# corresponding to MSA columns:
# 257-264
name=unknown_B
#
# <colnr> <probs for GDERKNQSTAVLIFYWHMCP>
#	G	D	E	R	K	N	Q	S	T	A	V	L	I	F	Y	W	H	M	C	P
0	0.03510	0.14853	0.02889	0.08107	0.16765	0.04848	0.06838	0.04064	0.09863	0.07411	0.01184	0.04800	0.00978	0.00611	0.01723	0.00158	0.04127	0.00470	0.03061	0.03740
1	0.01172	0.00840	0.01012	0.00748	0.01147	0.00653	0.00598	0.01391	0.01131	0.12955	0.09462	0.01419	0.01237	0.00475	0.00412	0.00094	0.00363	0.00390	0.00369	0.64131
2	0.01074	0.07685	0.01253	0.00988	0.01136	0.04480	0.06171	0.02854	0.01018	0.08463	0.05186	0.20354	0.01721	0.09468	0.06657	0.00256	0.18205	0.02149	0.00353	0.00528
3	0.01032	0.00954	0.01535	0.41830	0.25967	0.01076	0.01279	0.01442	0.08148	0.01531	0.09182	0.01599	0.01203	0.00553	0.00507	0.00160	0.00573	0.00502	0.00289	0.00638
4	0.00993	0.00644	0.00958	0.06900	0.01193	0.00619	0.05876	0.01197	0.01182	0.14612	0.19576	0.19340	0.09249	0.01210	0.05464	0.00216	0.00445	0.09330	0.00463	0.00533
5	0.01046	0.09214	0.28138	0.09909	0.10566	0.01183	0.06865	0.03114	0.03088	0.01485	0.01261	0.06446	0.05212	0.02237	0.00637	0.00169	0.08001	0.00515	0.00265	0.00649
6	0.01113	0.00800	0.00963	0.00762	0.01107	0.00649	0.00593	0.01362	0.04831	0.11616	0.01452	0.17338	0.01350	0.00654	0.00446	0.00114	0.00361	0.00559	0.00380	0.53549
7	0.03442	0.03653	0.01330	0.01125	0.01333	0.30368	0.00890	0.10347	0.05467	0.05278	0.08094	0.01381	0.01148	0.00853	0.05606	0.00197	0.18098	0.00445	0.00334	0.00609

[dist]
# distance from previous block
# <min> <max>
0	3

[block]
# block no. 2 follows, 50 sequences, length 23
# corresponding to MSA columns:
# 268-290
name=unknown_C
#
# <colnr> <probs for GDERKNQSTAVLIFYWHMCP>
#	G	D	E	R	K	N	Q	S	T	A	V	L	I	F	Y	W	H	M	C	P
0	0.01172	0.14240	0.14272	0.01785	0.02298	0.01363	0.52383	0.01567	0.01122	0.01518	0.00933	0.01210	0.00717	0.00441	0.00556	0.00158	0.02851	0.00501	0.00239	0.00673
1	0.00755	0.00574	0.00822	0.00803	0.00875	0.00680	0.00616	0.00909	0.00799	0.01168	0.01314	0.02026	0.01260	0.12293	0.61491	0.00686	0.08223	0.00544	0.03724	0.00438
2	0.09602	0.01311	0.01425	0.08122	0.01657	0.01468	0.00948	0.63952	0.02087	0.02894	0.01123	0.01172	0.00803	0.00577	0.00481	0.00151	0.00544	0.00432	0.00457	0.00793
3	0.00714	0.00517	0.00695	0.02865	0.00829	0.00552	0.00528	0.00825	0.00874	0.01213	0.01946	0.31626	0.02169	0.20216	0.20277	0.00407	0.03990	0.04909	0.04441	0.00407
4	0.00734	0.00531	0.00688	0.00748	0.00817	0.00533	0.00526	0.07467	0.01056	0.01421	0.02427	0.64607	0.02815	0.01761	0.11039	0.00276	0.00448	0.01217	0.00440	0.00449
5	0.01102	0.05020	0.01579	0.01287	0.01307	0.01548	0.01079	0.01214	0.00775	0.01198	0.00656	0.01077	0.00654	0.00851	0.01572	0.00213	0.77673	0.00428	0.00218	0.00550
6	0.01612	0.00890	0.01063	0.00885	0.01169	0.02957	0.00705	0.15338	0.07002	0.34332	0.15960	0.10892	0.02057	0.00805	0.00534	0.00161	0.00408	0.01971	0.00546	0.00712
7	0.01009	0.01724	0.38810	0.20632	0.03810	0.01106	0.10100	0.04068	0.01079	0.01521	0.01003	0.01363	0.00779	0.00803	0.07913	0.00222	0.00770	0.02392	0.00240	0.00656
8	0.00708	0.00479	0.00642	0.00726	0.00778	0.00459	0.00506	0.00811	0.00994	0.05008	0.04978	0.70659	0.03155	0.01475	0.00657	0.00200	0.02421	0.04444	0.00466	0.00434
9	0.00723	0.00489	0.00575	0.00575	0.00586	0.00500	0.00341	0.00745	0.00734	0.00990	0.01542	0.03102	0.01743	0.72854	0.12071	0.00522	0.00587	0.00702	0.00298	0.00320
10	0.34902	0.02947	0.01348	0.01024	0.01398	0.01131	0.12467	0.13426	0.03302	0.21739	0.01174	0.01201	0.00823	0.00520	0.00434	0.00155	0.00494	0.00412	0.00410	0.00694
11	0.00823	0.00666	0.01017	0.16481	0.11065	0.00699	0.00899	0.01036	0.01058	0.01399	0.02127	0.27787	0.02322	0.01151	0.00612	0.00199	0.00463	0.29308	0.00389	0.00501
12	0.01139	0.01232	0.02317	0.01751	0.02033	0.01378	0.43827	0.01421	0.00994	0.01421	0.00852	0.01232	0.00711	0.00620	0.01050	0.00190	0.36454	0.00521	0.00237	0.00616
13	0.01862	0.02376	0.01413	0.01284	0.01541	0.80482	0.00963	0.01990	0.01413	0.01220	0.00770	0.00899	0.00642	0.00514	0.00449	0.00128	0.00899	0.00321	0.00257	0.00578
14	0.03503	0.00846	0.01189	0.01085	0.01125	0.01079	0.03200	0.01040	0.00862	0.01282	0.01474	0.28934	0.01659	0.01105	0.01178	0.00210	0.45076	0.04341	0.00317	0.00497
15	0.00618	0.00438	0.00575	0.00680	0.00706	0.00412	0.00448	0.00697	0.00933	0.01244	0.02638	0.74849	0.03159	0.09057	0.00812	0.00228	0.00307	0.01353	0.00448	0.00395
16	0.00824	0.00658	0.00979	0.00851	0.00995	0.00671	0.09141	0.01078	0.05204	0.01626	0.34885	0.02800	0.05717	0.08896	0.10421	0.04813	0.04818	0.00724	0.04420	0.00479
17	0.09275	0.00842	0.01116	0.21830	0.01709	0.00872	0.00835	0.07516	0.01290	0.26627	0.13004	0.01761	0.01490	0.00617	0.00481	0.00152	0.00452	0.00509	0.04957	0.04666
18	0.01333	0.82783	0.02612	0.00853	0.01279	0.01972	0.00853	0.01493	0.01013	0.01173	0.00693	0.00800	0.00640	0.00426	0.00320	0.00107	0.00533	0.00267	0.00213	0.00640
19	0.01034	0.00886	0.01034	0.00738	0.01181	0.00664	0.00591	0.01255	0.01034	0.01624	0.00886	0.01034	0.00738	0.00369	0.00369	0.00074	0.00369	0.00295	0.00295	0.85530
20	0.00853	0.00438	0.00640	0.00640	0.00640	0.00438	0.00421	0.00656	0.00656	0.00875	0.00931	0.01677	0.00953	0.09212	0.02003	0.77623	0.00438	0.00460	0.00224	0.00224
21	0.01303	0.00737	0.00927	0.02111	0.01091	0.00722	0.00663	0.08461	0.09209	0.25034	0.06026	0.27389	0.05335	0.01029	0.00568	0.00178	0.00381	0.07691	0.00517	0.00628
22	0.03043	0.00925	0.01256	0.40894	0.02272	0.03248	0.01030	0.06076	0.08035	0.05144	0.04871	0.01493	0.01031	0.00560	0.00513	0.00153	0.03344	0.00461	0.08182	0.07470

[dist]
# distance from previous block
# <min> <max>
0	3

[block]
# block no. 3 follows, 50 sequences, length 37
# corresponding to MSA columns:
# 294-330
name=unknown_D
#
# <colnr> <probs for GDERKNQSTAVLIFYWHMCP>
#	G	D	E	R	K	N	Q	S	T	A	V	L	I	F	Y	W	H	M	C	P
0	0.23465	0.01148	0.03893	0.05092	0.06509	0.06863	0.00908	0.01648	0.15331	0.03920	0.01050	0.01242	0.00850	0.00828	0.06102	0.00214	0.19590	0.00415	0.00315	0.00616
1	0.01340	0.04117	0.03527	0.01220	0.01532	0.16038	0.18075	0.12596	0.06998	0.03095	0.01447	0.01587	0.06636	0.00652	0.01898	0.00161	0.04570	0.00505	0.13375	0.00632
2	0.01473	0.00999	0.01060	0.00877	0.01152	0.02270	0.00702	0.36717	0.08661	0.06733	0.01529	0.05758	0.01195	0.00650	0.00457	0.00143	0.00417	0.00516	0.28001	0.00691
3	0.00712	0.00532	0.00792	0.00792	0.00878	0.00618	0.00612	0.00884	0.00798	0.01151	0.01343	0.02003	0.01265	0.06425	0.77847	0.00790	0.01306	0.00541	0.00268	0.00440
4	0.00718	0.00511	0.00685	0.00685	0.00734	0.00560	0.00478	0.00816	0.00767	0.01071	0.01441	0.02545	0.01501	0.39202	0.45392	0.00658	0.00951	0.00620	0.00283	0.00381
5	0.00658	0.00504	0.00593	0.00591	0.00715	0.00452	0.00438	0.00822	0.01205	0.01582	0.34095	0.09132	0.34844	0.07199	0.00741	0.00192	0.00276	0.05042	0.00485	0.00433
6	0.02977	0.29152	0.01798	0.01102	0.01432	0.41112	0.00909	0.09271	0.05310	0.01453	0.00850	0.00943	0.00705	0.00500	0.00412	0.00126	0.00708	0.00327	0.00280	0.00635
7	0.04806	0.02705	0.10083	0.20033	0.08602	0.03910	0.01063	0.11560	0.06234	0.08190	0.16138	0.01750	0.01568	0.00623	0.00500	0.00156	0.00526	0.00521	0.00377	0.00658
8	0.06975	0.03275	0.03336	0.12108	0.06343	0.07409	0.00903	0.15191	0.10006	0.05443	0.01565	0.14929	0.04133	0.00757	0.00545	0.00163	0.03680	0.00618	0.01983	0.00638
9	0.33058	0.00948	0.01071	0.05285	0.01204	0.01175	0.00779	0.06295	0.00919	0.01703	0.00909	0.05500	0.00857	0.05711	0.03187	0.02433	0.27697	0.00447	0.00290	0.00530
10	0.01104	0.03586	0.24071	0.01431	0.03460	0.05706	0.21401	0.03607	0.09255	0.01636	0.03730	0.03536	0.03356	0.00669	0.00543	0.00169	0.00650	0.11114	0.00320	0.00656
11	0.00655	0.00493	0.00607	0.00610	0.00722	0.00444	0.00445	0.00832	0.01246	0.01682	0.44435	0.20224	0.23392	0.01193	0.00598	0.00169	0.00251	0.01046	0.00509	0.00444
12	0.00927	0.00837	0.01323	0.03159	0.01359	0.02986	0.19235	0.03267	0.04311	0.01783	0.36467	0.04237	0.05418	0.00914	0.02673	0.00182	0.02859	0.04831	0.02685	0.00545
13	0.01007	0.00973	0.01652	0.37599	0.08887	0.03462	0.16080	0.01278	0.01026	0.01353	0.01131	0.09451	0.01019	0.00688	0.00662	0.04729	0.04622	0.02079	0.01740	0.00560
14	0.02671	0.00564	0.00646	0.00598	0.00760	0.00541	0.00458	0.01247	0.05071	0.09923	0.27432	0.02785	0.11770	0.00812	0.00479	0.00143	0.00267	0.00683	0.32632	0.00519
15	0.01477	0.02537	0.01538	0.04983	0.01605	0.02803	0.13770	0.30483	0.04447	0.09700	0.06285	0.01701	0.03594	0.00690	0.01922	0.00168	0.03715	0.02136	0.05741	0.00705
16	0.00763	0.00561	0.00802	0.00789	0.00886	0.00644	0.00610	0.03702	0.00862	0.01244	0.01352	0.01991	0.01260	0.07392	0.70979	0.00738	0.01226	0.00538	0.03206	0.00453
17	0.01420	0.63197	0.02366	0.03252	0.01423	0.12285	0.02739	0.05913	0.01145	0.01305	0.00745	0.00864	0.00655	0.00450	0.00359	0.00115	0.00593	0.00297	0.00236	0.00642
18	0.04117	0.01734	0.35494	0.01139	0.01665	0.02069	0.01220	0.13417	0.08221	0.03290	0.01087	0.02805	0.00831	0.00520	0.00473	0.00141	0.01818	0.00403	0.00317	0.19239
19	0.01355	0.01401	0.07032	0.01238	0.01592	0.15326	0.15662	0.12865	0.14121	0.05275	0.01631	0.07764	0.07044	0.00667	0.00518	0.00155	0.00599	0.00581	0.00379	0.04796
20	0.01312	0.03874	0.01315	0.10204	0.04788	0.05220	0.03663	0.23039	0.13276	0.04245	0.05812	0.08814	0.06372	0.00731	0.00533	0.00159	0.02022	0.00608	0.03343	0.00670
21	0.81862	0.00985	0.00770	0.00680	0.00993	0.01139	0.00560	0.05219	0.00922	0.02281	0.00719	0.00829	0.00555	0.00469	0.00318	0.00154	0.00394	0.00279	0.00318	0.00555
22	0.01046	0.05015	0.01734	0.55237	0.12098	0.01205	0.07636	0.03245	0.01050	0.01380	0.00888	0.01277	0.00690	0.00504	0.00557	0.00164	0.04991	0.00446	0.00233	0.00603
23	0.05585	0.00738	0.00891	0.00777	0.01040	0.00663	0.00608	0.03003	0.05290	0.16120	0.05813	0.21046	0.04469	0.00875	0.00510	0.00151	0.00364	0.07346	0.00444	0.24267
24	0.01092	0.05253	0.13854	0.31077	0.12973	0.06933	0.03732	0.05381	0.01127	0.01470	0.01136	0.11595	0.01024	0.00624	0.00502	0.00161	0.00628	0.00544	0.00272	0.00621
25	0.14461	0.06569	0.08124	0.01088	0.05252	0.03461	0.07119	0.06969	0.01161	0.09502	0.00978	0.01094	0.00748	0.00458	0.00436	0.00125	0.01866	0.00362	0.00323	0.29904
26	0.00867	0.00788	0.01370	0.01112	0.01364	0.00721	0.24427	0.01113	0.01132	0.01561	0.12701	0.20774	0.09997	0.00928	0.00575	0.00168	0.00467	0.06867	0.04859	0.08211
27	0.03408	0.00952	0.01517	0.30538	0.10924	0.01045	0.10586	0.05635	0.05574	0.06368	0.07245	0.01687	0.01197	0.02694	0.00588	0.00170	0.02589	0.01863	0.04795	0.00622
28	0.01014	0.00688	0.00862	0.00807	0.05101	0.00616	0.00583	0.05274	0.01336	0.11841	0.33975	0.03055	0.19429	0.00877	0.00537	0.00147	0.00318	0.00750	0.00485	0.12306
29	0.00702	0.00509	0.00661	0.00623	0.00742	0.00469	0.00467	0.00933	0.01402	0.01978	0.76725	0.03758	0.07102	0.01027	0.00588	0.00157	0.00236	0.00906	0.00546	0.00469
30	0.00781	0.00580	0.00783	0.00760	0.00826	0.00663	0.00559	0.03431	0.00834	0.01182	0.01391	0.03912	0.01409	0.27249	0.46122	0.00622	0.06212	0.00600	0.01663	0.00421
31	0.01247	0.01125	0.01644	0.21534	0.35727	0.02769	0.01272	0.08241	0.16813	0.02888	0.01179	0.01380	0.00915	0.00521	0.00497	0.00157	0.00570	0.00467	0.00320	0.00733
32	0.03498	0.00502	0.00627	0.00685	0.00768	0.00479	0.00500	0.00854	0.01051	0.02838	0.12882	0.39508	0.10308	0.07988	0.00768	0.00215	0.00325	0.12821	0.02951	0.00429
33	0.03505	0.22887	0.11180	0.04017	0.08401	0.06391	0.07310	0.06368	0.05250	0.05303	0.02381	0.01184	0.00852	0.01861	0.00468	0.00138	0.00574	0.00391	0.00295	0.11246
34	0.01005	0.00865	0.05154	0.09780	0.03756	0.02475	0.03991	0.03414	0.07845	0.07247	0.05792	0.16213	0.05147	0.05226	0.10387	0.00258	0.00568	0.03542	0.01679	0.05655
35	0.02930	0.03782	0.10729	0.10663	0.07195	0.03448	0.03761	0.04349	0.06340	0.12447	0.08522	0.01743	0.04633	0.00681	0.02236	0.00163	0.03459	0.01782	0.00364	0.10775
36	0.01380	0.30931	0.07227	0.05562	0.06667	0.06700	0.03070	0.05819	0.05680	0.10044	0.03987	0.01258	0.01973	0.00514	0.00426	0.00131	0.00545	0.00397	0.00319	0.07371

[dist]
# distance from previous block
# <min> <max>
0	18

[block]
# block no. 4 follows, 50 sequences, length 35
# corresponding to MSA columns:
# 349-383
name=unknown_E
#
# <colnr> <probs for GDERKNQSTAVLIFYWHMCP>
#	G	D	E	R	K	N	Q	S	T	A	V	L	I	F	Y	W	H	M	C	P
0	0.04371	0.00961	0.02909	0.07681	0.07034	0.02529	0.05779	0.13348	0.06280	0.11851	0.14227	0.06815	0.07878	0.00737	0.00518	0.00157	0.00456	0.00635	0.03229	0.02604
1	0.08113	0.03776	0.05567	0.01243	0.15775	0.00920	0.00869	0.06512	0.04084	0.18766	0.05990	0.03429	0.09628	0.00635	0.00475	0.00143	0.00441	0.00527	0.00406	0.12702
2	0.57835	0.06312	0.04833	0.00798	0.01129	0.01141	0.03265	0.01503	0.03988	0.04294	0.00955	0.01067	0.03036	0.00570	0.01940	0.00165	0.03150	0.00339	0.00313	0.03367
3	0.01214	0.40854	0.03800	0.16547	0.04042	0.01470	0.03480	0.03354	0.03762	0.03675	0.00997	0.01170	0.02736	0.00577	0.02842	0.00147	0.00570	0.00371	0.00262	0.08130
4	0.00712	0.00534	0.00801	0.00801	0.00890	0.00623	0.00623	0.00890	0.00801	0.01157	0.01335	0.01958	0.01246	0.03738	0.80507	0.00801	0.01335	0.00534	0.00267	0.00445
5	0.01862	0.02376	0.01413	0.01284	0.01541	0.80482	0.00963	0.01990	0.01413	0.01220	0.00770	0.00899	0.00642	0.00514	0.00449	0.00128	0.00899	0.00321	0.00257	0.00578
6	0.00968	0.00615	0.00804	0.03468	0.00969	0.00670	0.00607	0.05443	0.03588	0.06862	0.03719	0.02005	0.01368	0.02144	0.39059	0.00459	0.00822	0.02750	0.23164	0.00516
7	0.01628	0.01310	0.03775	0.01165	0.03778	0.01411	0.00938	0.49471	0.24247	0.02693	0.01424	0.01405	0.01044	0.00693	0.02540	0.00172	0.00531	0.00482	0.00479	0.00815
8	0.04118	0.00489	0.00612	0.00693	0.00763	0.00467	0.00497	0.00790	0.01007	0.01371	0.06838	0.51543	0.10869	0.05963	0.00729	0.00214	0.00321	0.11846	0.00451	0.00417
9	0.01030	0.00802	0.01148	0.26793	0.10350	0.03358	0.00923	0.01282	0.01182	0.08804	0.23300	0.06118	0.04765	0.00742	0.00548	0.00159	0.02207	0.00644	0.05279	0.00567
10	0.00725	0.00483	0.00544	0.00544	0.00544	0.00483	0.00302	0.00725	0.00725	0.00966	0.01571	0.03262	0.01812	0.82483	0.02537	0.00483	0.00483	0.00725	0.00302	0.00302
11	0.00867	0.00606	0.00716	0.00637	0.00853	0.00508	0.00485	0.01038	0.01185	0.09322	0.20070	0.12329	0.31112	0.01005	0.00543	0.00150	0.00292	0.00859	0.00465	0.16959
12	0.01895	0.01396	0.01496	0.01147	0.01546	0.01546	0.00947	0.77711	0.02344	0.03141	0.01197	0.01197	0.00848	0.00598	0.00499	0.00150	0.00548	0.00449	0.00499	0.00848
13	0.01031	0.10211	0.72545	0.01367	0.02074	0.01235	0.01748	0.01570	0.01049	0.01540	0.00875	0.01028	0.00632	0.00469	0.00459	0.00153	0.00717	0.00359	0.00211	0.00727
14	0.01126	0.01100	0.01924	0.28166	0.42953	0.01184	0.09427	0.01438	0.01076	0.01489	0.00914	0.01269	0.00739	0.00480	0.00561	0.00159	0.04608	0.00458	0.00238	0.00689
15	0.00697	0.00511	0.00703	0.00729	0.00779	0.00558	0.00521	0.00808	0.00825	0.01147	0.01757	0.24338	0.01921	0.20741	0.38643	0.00547	0.03225	0.00817	0.00327	0.00405
16	0.01110	0.00536	0.00585	0.00546	0.00700	0.00524	0.00418	0.03201	0.01123	0.11992	0.01705	0.05087	0.01343	0.00626	0.00384	0.00125	0.00267	0.00508	0.68699	0.00522
17	0.00652	0.00475	0.00614	0.00648	0.00729	0.00437	0.00460	0.00812	0.01183	0.01620	0.38889	0.39252	0.09810	0.01283	0.00610	0.00178	0.00261	0.01146	0.00503	0.00437
18	0.00623	0.00469	0.00571	0.00622	0.00706	0.00423	0.00434	0.00744	0.01079	0.01409	0.16465	0.43456	0.25794	0.03973	0.00675	0.00194	0.00275	0.01199	0.00472	0.00417
19	0.03536	0.00770	0.00835	0.00705	0.00937	0.00796	0.00562	0.20860	0.01426	0.13492	0.01542	0.01639	0.01143	0.00587	0.00408	0.00131	0.00345	0.00461	0.49205	0.00620
20	0.01333	0.82783	0.02612	0.00853	0.01279	0.01972	0.00853	0.01493	0.01013	0.01173	0.00693	0.00800	0.00640	0.00426	0.00320	0.00107	0.00533	0.00267	0.00213	0.00640
21	0.86003	0.00964	0.00733	0.00655	0.00964	0.01118	0.00540	0.01465	0.00848	0.02236	0.00694	0.00810	0.00540	0.00463	0.00308	0.00154	0.00386	0.00270	0.00308	0.00540
22	0.00900	0.00730	0.00919	0.10182	0.02600	0.03341	0.02660	0.01177	0.06071	0.03477	0.05711	0.06193	0.22017	0.01053	0.03515	0.00195	0.05668	0.11633	0.11447	0.00510
23	0.38207	0.01101	0.01307	0.01191	0.07644	0.04514	0.12913	0.04788	0.13924	0.01980	0.01129	0.05279	0.00931	0.00631	0.02339	0.00175	0.00522	0.00457	0.00340	0.00628
24	0.13701	0.01177	0.01186	0.03652	0.01383	0.05663	0.00825	0.20134	0.35780	0.04834	0.01516	0.01568	0.01154	0.00635	0.00503	0.00162	0.02241	0.02702	0.00449	0.00734
25	0.00651	0.00479	0.00616	0.00660	0.00736	0.00465	0.00468	0.00780	0.01004	0.01353	0.13035	0.36632	0.15750	0.06875	0.16160	0.00322	0.00489	0.01054	0.02053	0.00419
26	0.01066	0.00961	0.01409	0.15895	0.01686	0.01172	0.07451	0.09851	0.02153	0.01462	0.01154	0.03647	0.02988	0.09692	0.07438	0.00269	0.29210	0.01655	0.00286	0.00554
27	0.00639	0.00470	0.00599	0.00645	0.00724	0.00430	0.00454	0.00783	0.01138	0.01536	0.29695	0.44476	0.13906	0.01332	0.00613	0.00182	0.00265	0.01188	0.00493	0.00430
28	0.00641	0.00460	0.00578	0.00640	0.00689	0.00430	0.00427	0.00737	0.00996	0.01330	0.13880	0.49470	0.10098	0.16070	0.00968	0.00243	0.00313	0.01184	0.00446	0.00397
29	0.01225	0.54666	0.24606	0.01067	0.01568	0.01704	0.03337	0.01510	0.01020	0.01301	0.00758	0.00898	0.00641	0.00456	0.00419	0.00127	0.03509	0.00311	0.00214	0.00665
30	0.01240	0.01071	0.01127	0.01014	0.01296	0.01240	0.00789	0.02649	0.78473	0.02085	0.02029	0.01860	0.01522	0.00676	0.00507	0.00169	0.00394	0.00564	0.00507	0.00789
31	0.78313	0.01015	0.00824	0.00791	0.04574	0.02863	0.00604	0.03274	0.00909	0.02208	0.00719	0.00840	0.00561	0.00466	0.00324	0.00153	0.00410	0.00283	0.00309	0.00559
32	0.01349	0.72494	0.07110	0.00916	0.01349	0.07328	0.00919	0.01532	0.01043	0.01200	0.00710	0.00821	0.00639	0.00435	0.00338	0.00111	0.00570	0.00276	0.00216	0.00641
33	0.00941	0.00886	0.01495	0.81285	0.03433	0.01107	0.01384	0.01274	0.00997	0.01274	0.00886	0.01329	0.00664	0.00498	0.00498	0.00166	0.00664	0.00443	0.00221	0.00554
34	0.04186	0.01048	0.01301	0.09151	0.01559	0.03441	0.07384	0.23336	0.15305	0.05522	0.03067	0.13595	0.01452	0.02734	0.03135	0.00194	0.00534	0.01959	0.00426	0.00669

[dist]
# distance from previous block
# <min> <max>
2	7

[block]
# block no. 5 follows, 50 sequences, length 11
# corresponding to MSA columns:
# 394-404
name=unknown_F
#
# <colnr> <probs for GDERKNQSTAVLIFYWHMCP>
#	G	D	E	R	K	N	Q	S	T	A	V	L	I	F	Y	W	H	M	C	P
0	0.11679	0.12009	0.04702	0.15536	0.01800	0.04529	0.08948	0.05277	0.09946	0.10353	0.02805	0.01551	0.01034	0.00572	0.00468	0.00154	0.00553	0.04792	0.00347	0.02944
1	0.01136	0.07337	0.46603	0.01313	0.04052	0.03583	0.02912	0.06331	0.11898	0.01703	0.01123	0.02770	0.00871	0.00538	0.00474	0.00153	0.00637	0.01786	0.00286	0.04493
2	0.00866	0.00433	0.00649	0.00649	0.00649	0.00433	0.00433	0.00649	0.00649	0.00866	0.00866	0.01515	0.00866	0.01732	0.01948	0.85498	0.00433	0.00433	0.00216	0.00216
3	0.01107	0.01160	0.04394	0.04843	0.35643	0.01108	0.24997	0.01427	0.01150	0.01603	0.08162	0.01701	0.05935	0.00558	0.00584	0.00160	0.03935	0.00564	0.00286	0.00683
4	0.03550	0.00829	0.04431	0.13998	0.10201	0.00774	0.02657	0.01359	0.03737	0.14995	0.05911	0.29018	0.01917	0.00901	0.00542	0.00170	0.00445	0.00804	0.00407	0.03354
5	0.00760	0.00827	0.08023	0.06866	0.01292	0.00661	0.11005	0.01004	0.01176	0.01544	0.21166	0.09025	0.32728	0.00986	0.00575	0.00167	0.00404	0.00874	0.00414	0.00503
6	0.03960	0.03711	0.01183	0.00994	0.04497	0.01056	0.00751	0.17709	0.20798	0.22647	0.01634	0.01768	0.01244	0.11144	0.00746	0.00196	0.00451	0.00516	0.04268	0.00728
7	0.01118	0.01136	0.13004	0.15697	0.06415	0.00983	0.04142	0.07285	0.11200	0.07327	0.21082	0.02068	0.01912	0.00686	0.00546	0.00162	0.01919	0.02272	0.00397	0.00650
8	0.03985	0.00789	0.00926	0.04435	0.03045	0.00849	0.00662	0.05768	0.24805	0.08187	0.04476	0.16648	0.04112	0.09871	0.04114	0.00229	0.00433	0.00725	0.05339	0.00601
9	0.01277	0.01088	0.01493	0.12097	0.05336	0.04977	0.11950	0.09879	0.07037	0.07749	0.01167	0.03474	0.00922	0.00584	0.01924	0.00149	0.03226	0.00461	0.01820	0.23392
10	0.00896	0.04621	0.00847	0.04247	0.00987	0.00612	0.00539	0.01078	0.01152	0.07274	0.18211	0.09170	0.23635	0.02919	0.00562	0.00151	0.00326	0.00755	0.03897	0.18121

[dist]
# distance from previous block
# <min> <max>
1	11

[block]
# block no. 6 follows, 50 sequences, length 16
# corresponding to MSA columns:
# 416-431
name=unknown_G
#
# <colnr> <probs for GDERKNQSTAVLIFYWHMCP>
#	G	D	E	R	K	N	Q	S	T	A	V	L	I	F	Y	W	H	M	C	P
0	0.04479	0.05885	0.17536	0.01051	0.01451	0.02416	0.03708	0.09663	0.05305	0.13905	0.06395	0.02409	0.01155	0.02742	0.01447	0.00162	0.06522	0.00459	0.00367	0.12942
1	0.18563	0.01062	0.07054	0.32306	0.06666	0.01083	0.04670	0.06061	0.01098	0.05871	0.03721	0.05581	0.00969	0.00579	0.00502	0.00163	0.02661	0.00480	0.00304	0.00606
2	0.55893	0.05562	0.01042	0.00833	0.01139	0.13161	0.00681	0.07936	0.01084	0.04736	0.00790	0.00895	0.00614	0.00500	0.00400	0.00150	0.03374	0.00306	0.00319	0.00587
3	0.13029	0.00692	0.00779	0.00702	0.00824	0.00740	0.02567	0.10351	0.00977	0.01496	0.01360	0.02391	0.01394	0.45635	0.10722	0.00406	0.00573	0.00588	0.04337	0.00437
4	0.00815	0.00609	0.01858	0.00682	0.00844	0.00560	0.00536	0.01136	0.08504	0.05376	0.43436	0.05372	0.19383	0.01042	0.00580	0.00166	0.00287	0.06434	0.01871	0.00509
5	0.00626	0.00464	0.00588	0.00675	0.00744	0.00427	0.00479	0.00740	0.01026	0.01335	0.05992	0.56532	0.18434	0.01464	0.00630	0.00197	0.00296	0.08470	0.00466	0.00416
6	0.00817	0.00733	0.04722	0.00935	0.01091	0.00678	0.09955	0.04536	0.00989	0.01363	0.01801	0.26286	0.01922	0.13380	0.22313	0.00394	0.00706	0.04832	0.02073	0.00474
7	0.01359	0.78847	0.02553	0.00874	0.01292	0.05815	0.00858	0.01517	0.01032	0.01175	0.00697	0.00804	0.00640	0.00431	0.00326	0.00108	0.00551	0.00269	0.00215	0.00637
8	0.19435	0.00833	0.00974	0.00783	0.01111	0.00800	0.00641	0.04711	0.01280	0.48891	0.01622	0.01519	0.01083	0.00579	0.00438	0.00148	0.00391	0.00446	0.13590	0.00725
9	0.00980	0.00925	0.01565	0.70952	0.13464	0.01118	0.01403	0.01307	0.01015	0.01320	0.00893	0.01316	0.00681	0.00491	0.00498	0.00164	0.00655	0.00443	0.00225	0.00585
10	0.00678	0.00455	0.00578	0.00636	0.00653	0.00443	0.00404	0.00707	0.00835	0.01116	0.02091	0.42666	0.02457	0.32407	0.03752	0.07950	0.00406	0.01041	0.00374	0.00350
11	0.01127	0.37704	0.11182	0.01049	0.07784	0.01290	0.00907	0.01354	0.01108	0.05188	0.14373	0.11965	0.01714	0.00691	0.00448	0.00139	0.00475	0.00562	0.00324	0.00615
12	0.00698	0.00566	0.00749	0.02842	0.00899	0.00518	0.04606	0.00890	0.01225	0.01609	0.33781	0.04077	0.34171	0.05011	0.00687	0.00183	0.00314	0.06249	0.00471	0.00454
13	0.00908	0.00968	0.11500	0.08547	0.01437	0.00791	0.08369	0.03643	0.01227	0.04532	0.27921	0.07634	0.13072	0.00876	0.00619	0.00168	0.04751	0.02076	0.00409	0.00552
14	0.01399	0.13731	0.04454	0.02953	0.03920	0.15521	0.28133	0.11313	0.03973	0.01654	0.00949	0.01148	0.00746	0.00494	0.00547	0.00148	0.04754	0.00444	0.00285	0.03435
15	0.31913	0.09217	0.31838	0.01035	0.01524	0.04102	0.01124	0.07646	0.01099	0.03461	0.00859	0.00976	0.00642	0.00482	0.00399	0.00149	0.00565	0.00333	0.01981	0.00656

[dist]
# distance from previous block
# <min> <max>
0	4

[block]
# block no. 7 follows, 50 sequences, length 14
# corresponding to MSA columns:
# 436-449
name=unknown_H
#
# <colnr> <probs for GDERKNQSTAVLIFYWHMCP>
#	G	D	E	R	K	N	Q	S	T	A	V	L	I	F	Y	W	H	M	C	P
0	0.01072	0.01382	0.18084	0.21279	0.24730	0.03853	0.08460	0.01432	0.01116	0.01545	0.08393	0.01462	0.01097	0.00529	0.00526	0.00157	0.02154	0.00481	0.01585	0.00663
1	0.01132	0.01113	0.01990	0.27897	0.43779	0.01171	0.12719	0.01458	0.01097	0.01510	0.00932	0.01280	0.00745	0.00458	0.00509	0.00157	0.00652	0.00465	0.00239	0.00697
2	0.01107	0.01083	0.02106	0.02955	0.01980	0.01041	0.46948	0.03868	0.06176	0.04488	0.06003	0.13588	0.01477	0.03994	0.00662	0.00184	0.00652	0.00724	0.00340	0.00623
3	0.00603	0.00482	0.00541	0.00576	0.00695	0.00419	0.00413	0.00724	0.01095	0.01368	0.09549	0.30413	0.48679	0.01344	0.00605	0.00179	0.00263	0.01163	0.00469	0.00419
4	0.01410	0.01223	0.01588	0.01287	0.01469	0.01520	0.05015	0.31165	0.01403	0.01980	0.00885	0.01145	0.00735	0.00742	0.01136	0.00189	0.45658	0.00449	0.00330	0.00670
5	0.00892	0.00512	0.00633	0.00654	0.00754	0.00486	0.00475	0.01034	0.01038	0.09593	0.05827	0.29275	0.05046	0.13300	0.00843	0.00220	0.00334	0.08965	0.19661	0.00459
6	0.00906	0.00542	0.00697	0.00669	0.00812	0.00487	0.00497	0.01077	0.01247	0.14105	0.34927	0.25156	0.14667	0.01140	0.00588	0.00171	0.00283	0.01002	0.00523	0.00505
7	0.06130	0.00699	0.00842	0.00785	0.00989	0.00688	0.00607	0.02822	0.12038	0.21911	0.06669	0.25047	0.07098	0.01003	0.00547	0.00175	0.00354	0.06577	0.04420	0.00601
8	0.34177	0.00736	0.00810	0.00757	0.00967	0.00765	0.03886	0.01239	0.01005	0.09927	0.04412	0.28591	0.06116	0.00942	0.00490	0.00175	0.00368	0.03708	0.00412	0.00521
9	0.01134	0.01119	0.01939	0.09515	0.01960	0.01266	0.29105	0.08820	0.01105	0.01543	0.01008	0.04818	0.00875	0.00908	0.07469	0.00235	0.25756	0.00545	0.00273	0.00608
10	0.00659	0.00498	0.00609	0.00602	0.00722	0.00447	0.00444	0.00843	0.01270	0.01715	0.47776	0.15038	0.25229	0.01163	0.00595	0.00166	0.00248	0.01016	0.00513	0.00447
11	0.03792	0.18875	0.16091	0.05005	0.06018	0.01263	0.13564	0.04438	0.05147	0.11519	0.03590	0.02352	0.01014	0.02114	0.00528	0.00157	0.01711	0.01815	0.00321	0.00687
12	0.04540	0.01077	0.01699	0.42511	0.04125	0.03995	0.12888	0.04108	0.01037	0.01420	0.00858	0.01240	0.00680	0.00564	0.00733	0.00174	0.17073	0.00453	0.00241	0.00586
13	0.04420	0.02400	0.07789	0.16932	0.05786	0.00967	0.09905	0.03170	0.04670	0.01565	0.09006	0.04321	0.12415	0.03409	0.00669	0.00177	0.06466	0.01916	0.03447	0.00570

[dist]
# distance from previous block
# <min> <max>
1	13

[block]
# block no. 8 follows, 50 sequences, length 14
# corresponding to MSA columns:
# 463-476
name=unknown_I
#
# <colnr> <probs for GDERKNQSTAVLIFYWHMCP>
#	G	D	E	R	K	N	Q	S	T	A	V	L	I	F	Y	W	H	M	C	P
0	0.18408	0.11562	0.06329	0.04035	0.04138	0.01247	0.04781	0.13869	0.07702	0.05192	0.05187	0.01328	0.01028	0.00610	0.01537	0.00160	0.05950	0.00428	0.05856	0.00655
1	0.05943	0.01073	0.01385	0.06407	0.25335	0.05910	0.02537	0.06801	0.13732	0.04040	0.09690	0.01950	0.05048	0.00648	0.00505	0.00156	0.00501	0.04294	0.00373	0.03670
2	0.06013	0.00877	0.01148	0.00985	0.01105	0.01045	0.04554	0.12499	0.01037	0.01521	0.03001	0.01880	0.01181	0.22768	0.14395	0.00365	0.24267	0.00539	0.00305	0.00514
3	0.03470	0.00997	0.13179	0.01190	0.11269	0.00818	0.03077	0.01180	0.00941	0.05718	0.04124	0.04368	0.01327	0.17076	0.25129	0.00417	0.04319	0.00561	0.00297	0.00543
4	0.01157	0.00955	0.01070	0.01010	0.01215	0.10888	0.05260	0.05106	0.11257	0.06790	0.02097	0.06027	0.04134	0.01013	0.00623	0.02501	0.00510	0.33970	0.03851	0.00564
5	0.00946	0.14093	0.05184	0.00909	0.01117	0.00942	0.05597	0.01164	0.03265	0.04811	0.11196	0.18003	0.09380	0.03541	0.08844	0.00241	0.09122	0.00750	0.00364	0.00532
6	0.00613	0.00455	0.00572	0.00649	0.00715	0.00414	0.00446	0.00721	0.01034	0.01355	0.10340	0.59112	0.18853	0.01450	0.00622	0.00191	0.00277	0.01295	0.00471	0.00414
7	0.01138	0.05434	0.01361	0.01123	0.01239	0.09585	0.00915	0.01477	0.13629	0.01400	0.06041	0.01573	0.04800	0.00979	0.05885	0.00224	0.41817	0.00500	0.00304	0.00577
8	0.00859	0.00434	0.00641	0.00645	0.00650	0.00433	0.00431	0.00668	0.00673	0.00913	0.00958	0.04420	0.00967	0.01688	0.01848	0.79618	0.00421	0.00469	0.03033	0.00231
9	0.20115	0.00845	0.00928	0.00788	0.01035	0.00884	0.00622	0.13901	0.01299	0.19294	0.10532	0.06829	0.05744	0.08195	0.00707	0.00189	0.03666	0.00589	0.03223	0.00612
10	0.01142	0.01038	0.01422	0.16039	0.21724	0.03035	0.01087	0.03950	0.23185	0.01705	0.06855	0.01622	0.01267	0.00713	0.03041	0.00183	0.08426	0.00510	0.02376	0.00678
11	0.00789	0.00457	0.00633	0.00661	0.00703	0.00440	0.00453	0.00732	0.00825	0.03317	0.01951	0.26557	0.10215	0.01684	0.04782	0.43928	0.00408	0.00808	0.00332	0.00325
12	0.01027	0.01197	0.17494	0.01212	0.11069	0.00924	0.00990	0.04448	0.18866	0.03967	0.12182	0.05051	0.13385	0.00840	0.01790	0.00175	0.00469	0.03853	0.00407	0.00653
13	0.01004	0.01200	0.09993	0.01656	0.06034	0.01016	0.41968	0.01327	0.01076	0.01479	0.01415	0.20167	0.01385	0.04800	0.00709	0.00191	0.02927	0.00753	0.00298	0.00601

[dist]
# distance from previous block
# <min> <max>
1	17

[block]
# block no. 9 follows, 50 sequences, length 49
# corresponding to MSA columns:
# 494-542
name=unknown_J
#
# <colnr> <probs for GDERKNQSTAVLIFYWHMCP>
#	G	D	E	R	K	N	Q	S	T	A	V	L	I	F	Y	W	H	M	C	P
0	0.17445	0.13536	0.08291	0.01375	0.11842	0.07269	0.11897	0.03134	0.04267	0.03526	0.00911	0.01072	0.00723	0.00465	0.00449	0.00139	0.02135	0.00377	0.00282	0.10864
1	0.04730	0.04798	0.21665	0.02597	0.06694	0.09747	0.09457	0.04355	0.04145	0.13214	0.06368	0.01394	0.01080	0.00536	0.00478	0.00147	0.00602	0.00450	0.02559	0.04986
2	0.00866	0.00433	0.00649	0.00649	0.00649	0.00433	0.00433	0.00649	0.00649	0.00866	0.00866	0.01515	0.00866	0.01732	0.01948	0.85498	0.00433	0.00433	0.00216	0.00216
3	0.01286	0.03724	0.12155	0.04408	0.07428	0.02706	0.04383	0.15304	0.25627	0.04680	0.04832	0.03008	0.03139	0.02876	0.00563	0.00169	0.00521	0.02062	0.00406	0.00723
4	0.00799	0.00618	0.03819	0.00724	0.00829	0.00586	0.00550	0.03952	0.00961	0.02977	0.07909	0.17454	0.02006	0.21233	0.27386	0.00452	0.00703	0.00760	0.05838	0.00443
5	0.01389	0.01260	0.08225	0.07217	0.07321	0.05473	0.04974	0.23499	0.05440	0.07151	0.05792	0.01658	0.01194	0.03888	0.00666	0.00172	0.06421	0.03011	0.04563	0.00688
6	0.04468	0.00752	0.00936	0.00785	0.01027	0.00721	0.04488	0.12558	0.01439	0.13757	0.27462	0.03113	0.24659	0.00913	0.00551	0.00159	0.00352	0.00776	0.00502	0.00582
7	0.01127	0.00811	0.01003	0.13722	0.03805	0.00874	0.00745	0.19423	0.04167	0.03605	0.11491	0.10043	0.05512	0.02705	0.00544	0.00161	0.00411	0.00646	0.18615	0.00589
8	0.01074	0.17491	0.15336	0.29923	0.06451	0.01270	0.12796	0.01419	0.01055	0.01417	0.02624	0.01252	0.00792	0.00481	0.00467	0.00150	0.00643	0.00428	0.04305	0.00626
9	0.01158	0.01144	0.06653	0.10687	0.06156	0.01137	0.13278	0.03197	0.36955	0.03712	0.03864	0.03124	0.03751	0.00643	0.00527	0.00167	0.00525	0.02216	0.00399	0.00708
10	0.00607	0.00434	0.00578	0.00694	0.00723	0.00405	0.00463	0.00694	0.00954	0.01272	0.02747	0.82157	0.03297	0.01562	0.00636	0.00202	0.00289	0.01417	0.00463	0.00405
11	0.02798	0.05041	0.39579	0.13895	0.11182	0.01183	0.10782	0.01557	0.01076	0.05377	0.00948	0.01169	0.00698	0.00480	0.00507	0.00158	0.02208	0.00417	0.00244	0.00701
12	0.34751	0.01092	0.01048	0.00887	0.01204	0.01240	0.00717	0.23614	0.22195	0.02439	0.02947	0.01298	0.01005	0.00575	0.00424	0.00156	0.00427	0.00420	0.02870	0.00691
13	0.07712	0.02448	0.01487	0.09353	0.31238	0.06666	0.01094	0.03558	0.16347	0.06656	0.04823	0.01564	0.03772	0.00569	0.00485	0.00154	0.00526	0.00488	0.00350	0.00709
14	0.82670	0.00959	0.00749	0.00665	0.00976	0.01103	0.00547	0.01504	0.00871	0.05320	0.00745	0.00845	0.00567	0.00469	0.00316	0.00154	0.00387	0.00279	0.00321	0.00552
15	0.01365	0.01017	0.01146	0.00953	0.01216	0.01122	0.00759	0.42113	0.05649	0.02265	0.01589	0.01867	0.06800	0.08621	0.20830	0.00345	0.00711	0.00545	0.00421	0.00664
16	0.00844	0.00622	0.00760	0.00685	0.00895	0.00519	0.00506	0.01002	0.01079	0.05451	0.12373	0.30851	0.10694	0.02956	0.00576	0.00155	0.00316	0.00878	0.00423	0.28416
17	0.00834	0.00786	0.04255	0.19027	0.01607	0.00866	0.04041	0.01055	0.00888	0.01245	0.03384	0.05650	0.01219	0.05333	0.37459	0.00478	0.10551	0.00558	0.00267	0.00495
18	0.00712	0.00533	0.00793	0.00793	0.00880	0.00619	0.00613	0.00885	0.00799	0.01151	0.01342	0.01998	0.01263	0.06114	0.78155	0.00791	0.01309	0.00540	0.00268	0.00441
19	0.00927	0.00470	0.00493	0.00498	0.00612	0.00465	0.00369	0.01143	0.01045	0.03639	0.01751	0.10207	0.01487	0.00684	0.00382	0.00126	0.00243	0.00565	0.74429	0.00467
20	0.04000	0.00963	0.01189	0.00931	0.01295	0.00934	0.00763	0.18248	0.06911	0.52003	0.06090	0.01694	0.01349	0.00636	0.00501	0.00154	0.00437	0.00511	0.00573	0.00816
21	0.00674	0.00462	0.00559	0.00609	0.00621	0.00449	0.00371	0.00712	0.00824	0.01098	0.02078	0.37287	0.02452	0.47583	0.01717	0.00362	0.00400	0.01023	0.00371	0.00346
22	0.01121	0.31840	0.51702	0.01214	0.01837	0.01455	0.01481	0.01547	0.01038	0.01430	0.00821	0.00960	0.00634	0.00456	0.00417	0.00139	0.00662	0.00331	0.00211	0.00701
23	0.00937	0.00783	0.00967	0.00763	0.01089	0.00664	0.00604	0.01142	0.00982	0.01506	0.03649	0.03620	0.01059	0.01228	0.19223	0.00255	0.02713	0.00407	0.00300	0.58109
24	0.01055	0.04923	0.01681	0.41896	0.16573	0.01269	0.02821	0.01319	0.00968	0.01321	0.00831	0.01228	0.00685	0.00576	0.00772	0.00173	0.20646	0.00436	0.00225	0.00601
25	0.05253	0.00861	0.01058	0.00836	0.01169	0.00818	0.00684	0.13439	0.01468	0.50236	0.01735	0.01617	0.01157	0.00601	0.00464	0.00146	0.00404	0.00477	0.16813	0.00762
26	0.01245	0.03271	0.38458	0.03603	0.04915	0.10835	0.03570	0.04432	0.19012	0.04049	0.01185	0.01263	0.00874	0.00531	0.00482	0.00156	0.00654	0.00424	0.00309	0.00730
27	0.19406	0.01152	0.01232	0.00967	0.01335	0.01234	0.00795	0.41798	0.01772	0.21460	0.01288	0.01287	0.00900	0.02536	0.00509	0.00160	0.00483	0.00431	0.00483	0.00771
28	0.00628	0.00463	0.00581	0.00641	0.00711	0.00424	0.00443	0.00747	0.01067	0.01415	0.17920	0.49791	0.17295	0.04592	0.00693	0.00198	0.00280	0.01223	0.00473	0.00416
29	0.00634	0.00485	0.00581	0.00603	0.00712	0.00433	0.00435	0.00785	0.01174	0.01544	0.29279	0.27692	0.31303	0.01270	0.00603	0.00175	0.00258	0.01111	0.00492	0.00433
30	0.00657	0.00494	0.00617	0.00626	0.00730	0.00460	0.00455	0.00818	0.01154	0.01553	0.33202	0.20764	0.22240	0.04707	0.08989	0.00249	0.00375	0.01005	0.00470	0.00435
31	0.01805	0.00885	0.01059	0.00841	0.01158	0.00866	0.00685	0.21007	0.01556	0.39913	0.01683	0.01614	0.01148	0.00603	0.00460	0.00143	0.00405	0.00478	0.22943	0.00747
32	0.07585	0.01234	0.01306	0.01031	0.01388	0.01362	0.00844	0.56133	0.08733	0.05921	0.01303	0.01306	0.00938	0.00595	0.00473	0.00149	0.00491	0.00450	0.07971	0.00787
33	0.01619	0.33274	0.03578	0.01112	0.01446	0.45964	0.00934	0.01811	0.03760	0.01238	0.00784	0.00895	0.00670	0.00485	0.00402	0.00122	0.00738	0.00309	0.00247	0.00612
34	0.07236	0.01150	0.08667	0.31786	0.15073	0.01194	0.06865	0.01352	0.00976	0.01435	0.00866	0.01233	0.00701	0.00675	0.03850	0.00196	0.15464	0.00437	0.00234	0.00611
35	0.01104	0.06950	0.37955	0.01193	0.03316	0.01039	0.05145	0.03071	0.01090	0.04041	0.00925	0.01071	0.00702	0.00438	0.00435	0.00125	0.00585	0.00355	0.00262	0.30199
36	0.00700	0.00494	0.00618	0.00624	0.00684	0.00496	0.00425	0.00805	0.00929	0.01277	0.15226	0.12039	0.09081	0.33279	0.18307	0.00425	0.00572	0.00813	0.02818	0.00388
37	0.01094	0.01089	0.03367	0.18871	0.24566	0.02173	0.16231	0.03933	0.06080	0.01610	0.06672	0.04839	0.04619	0.00600	0.00550	0.00162	0.02011	0.00574	0.00305	0.00656
