[name]
unknown

[dist]
# distance from previous block
# <min> <max>
0	1406

[block]
# block no. 0 follows, 53 sequences, length 34
# corresponding to MSA columns:
# 1408-1441
name=unknown_A
#
# <colnr> <probs for GDERKNQSTAVLIFYWHMCP>
#	G	D	E	R	K	N	Q	S	T	A	V	L	I	F	Y	W	H	M	C	P
0	0.01287	0.00688	0.00903	0.00829	0.01048	0.00645	0.00685	0.05858	0.01215	0.27831	0.03940	0.05531	0.01964	0.08065	0.00722	0.00202	0.00421	0.32078	0.00473	0.05617
1	0.51463	0.15242	0.11214	0.00823	0.01185	0.10532	0.00774	0.01482	0.00928	0.01779	0.00698	0.00814	0.00556	0.00445	0.00333	0.00138	0.00493	0.00276	0.00263	0.00562
2	0.01238	0.00616	0.00798	0.00679	0.00902	0.00542	0.00535	0.01429	0.01312	0.32942	0.35701	0.02984	0.16612	0.00866	0.00531	0.00151	0.00300	0.00738	0.00537	0.00586
3	0.00998	0.00875	0.01053	0.00779	0.01149	0.00745	0.00629	0.01197	0.00957	0.01504	0.00821	0.00998	0.00697	0.00417	0.00513	0.00089	0.11060	0.00301	0.00274	0.74945
4	0.00958	0.00726	0.00836	0.00742	0.00948	0.00711	0.00570	0.17384	0.01257	0.03756	0.02531	0.25060	0.22928	0.01087	0.03351	0.00176	0.03027	0.00831	0.00418	0.12703
5	0.01167	0.53813	0.28597	0.01038	0.01549	0.01609	0.03649	0.01462	0.00989	0.01267	0.00739	0.00864	0.00614	0.00424	0.00364	0.00121	0.00586	0.00298	0.00205	0.00645
6	0.00582	0.00416	0.00555	0.00666	0.00693	0.00388	0.00444	0.00666	0.00915	0.01220	0.02634	0.82891	0.03161	0.01497	0.00610	0.00194	0.00277	0.01359	0.00444	0.00388
7	0.00565	0.00484	0.00484	0.00484	0.00646	0.00403	0.00363	0.00686	0.01089	0.01291	0.04842	0.04600	0.80027	0.01210	0.00565	0.00161	0.00242	0.01009	0.00444	0.00403
8	0.01900	0.00884	0.01114	0.00889	0.01235	0.00848	0.00723	0.05019	0.20419	0.58713	0.01875	0.01648	0.01238	0.00605	0.00482	0.00151	0.00404	0.00493	0.00562	0.00800
9	0.01817	0.01339	0.01434	0.01100	0.01482	0.01482	0.00908	0.78627	0.02247	0.03012	0.01148	0.01148	0.00813	0.00574	0.00478	0.00143	0.00526	0.00430	0.00478	0.00813
10	0.01269	0.81152	0.04762	0.00834	0.01251	0.01869	0.00845	0.01434	0.00972	0.01136	0.00670	0.00774	0.00613	0.00410	0.00311	0.00104	0.00517	0.00258	0.00204	0.00616
11	0.00676	0.00489	0.00639	0.00601	0.00714	0.00451	0.00451	0.00902	0.01353	0.01917	0.79969	0.03570	0.04510	0.00977	0.00564	0.00150	0.00225	0.00864	0.00526	0.00451
12	0.00744	0.00674	0.01225	0.01064	0.01227	0.00631	0.23523	0.00921	0.00978	0.01312	0.02141	0.58758	0.02441	0.01174	0.00596	0.00184	0.00434	0.01124	0.00384	0.00464
13	0.01278	0.83490	0.02505	0.00818	0.01227	0.01891	0.00818	0.01431	0.00971	0.01125	0.00664	0.00767	0.00613	0.00409	0.00307	0.00102	0.00511	0.00256	0.00204	0.00613
14	0.01046	0.01046	0.01464	0.01255	0.01255	0.01464	0.01046	0.01150	0.00732	0.01150	0.00627	0.01046	0.00627	0.00837	0.01569	0.00209	0.82328	0.00418	0.00209	0.00523
15	0.00683	0.00512	0.00768	0.00768	0.00853	0.00597	0.00597	0.00853	0.00768	0.01110	0.01280	0.01878	0.01195	0.03585	0.81308	0.00768	0.01280	0.00512	0.00256	0.00427
16	0.00903	0.00850	0.01434	0.82054	0.03292	0.01062	0.01327	0.01221	0.00956	0.01221	0.00850	0.01274	0.00637	0.00478	0.00478	0.00159	0.00637	0.00425	0.00212	0.00531
17	0.01189	0.01027	0.01081	0.00973	0.01243	0.01189	0.00757	0.02540	0.79357	0.01999	0.01945	0.01783	0.01459	0.00648	0.00486	0.00162	0.00378	0.00540	0.00486	0.00757
18	0.00683	0.00512	0.00768	0.00768	0.00853	0.00597	0.00597	0.00853	0.00768	0.01110	0.01280	0.01878	0.01195	0.03585	0.81308	0.00768	0.01280	0.00512	0.00256	0.00427
19	0.01922	0.01170	0.01330	0.01020	0.01398	0.01232	0.00842	0.54186	0.01966	0.27851	0.01384	0.01301	0.00931	0.00579	0.00479	0.00145	0.00488	0.00446	0.00514	0.00813
20	0.00673	0.00516	0.00703	0.00776	0.00817	0.00545	0.00578	0.00786	0.00931	0.01254	0.02381	0.58034	0.02786	0.01386	0.00731	0.00201	0.09840	0.16233	0.00416	0.00414
21	0.00574	0.00450	0.00519	0.00575	0.00669	0.00396	0.00403	0.00676	0.01002	0.01256	0.03736	0.43822	0.41519	0.01354	0.00588	0.00178	0.00260	0.01184	0.00444	0.00396
22	0.00959	0.02472	0.80726	0.01362	0.02069	0.01110	0.01766	0.01514	0.01009	0.01514	0.00858	0.01009	0.00605	0.00454	0.00454	0.00151	0.00706	0.00353	0.00202	0.00706
23	0.00924	0.00841	0.01375	0.31193	0.29727	0.00914	0.01134	0.01189	0.02583	0.01357	0.01356	0.22597	0.01356	0.00730	0.00511	0.00162	0.00513	0.00672	0.00287	0.00578
24	0.00682	0.00515	0.00635	0.00663	0.00714	0.02619	0.00458	0.00772	0.00817	0.01094	0.01873	0.25193	0.05363	0.27259	0.28657	0.00469	0.00690	0.00823	0.00327	0.00376
25	0.00582	0.00416	0.00555	0.00666	0.00693	0.00388	0.00444	0.00666	0.00915	0.01220	0.02634	0.82891	0.03161	0.01497	0.00610	0.00194	0.00277	0.01359	0.00444	0.00388
26	0.01186	0.10812	0.01547	0.01187	0.01278	0.14767	0.00987	0.01301	0.00864	0.01149	0.00668	0.01006	0.00639	0.00805	0.03429	0.00198	0.57041	0.00384	0.00216	0.00536
27	0.01964	0.00986	0.01202	0.00934	0.01299	0.00974	0.00768	0.24662	0.08574	0.50876	0.01675	0.01501	0.01099	0.00591	0.00480	0.00148	0.00439	0.00471	0.00549	0.00808
28	0.00991	0.00850	0.00991	0.00708	0.01133	0.00637	0.00566	0.01203	0.00991	0.01557	0.00850	0.00991	0.00708	0.00354	0.00354	0.00071	0.00354	0.00283	0.00283	0.86124
29	0.01130	0.01015	0.01249	0.00994	0.01341	0.02701	0.09713	0.05619	0.34762	0.01796	0.01528	0.01535	0.04633	0.00539	0.00453	0.00129	0.00431	0.00467	0.00382	0.29584
30	0.01183	0.01136	0.01940	0.02934	0.80221	0.01136	0.01467	0.01467	0.01088	0.01562	0.00899	0.01183	0.00757	0.00426	0.00473	0.00142	0.00568	0.00426	0.00237	0.00757
31	0.00594	0.00425	0.00568	0.00679	0.00712	0.00399	0.00465	0.00686	0.00927	0.01234	0.02628	0.77946	0.03135	0.01486	0.00613	0.00196	0.00288	0.06185	0.00443	0.00392
32	0.01191	0.05664	0.05770	0.00924	0.01178	0.00945	0.00802	0.26912	0.01457	0.06010	0.03658	0.16518	0.03638	0.00951	0.00545	0.00173	0.00449	0.22181	0.00436	0.00600
33	0.05828	0.02310	0.67052	0.01299	0.01937	0.05850	0.01598	0.05947	0.01089	0.01614	0.00857	0.00995	0.00613	0.00463	0.00445	0.00149	0.00686	0.00350	0.00225	0.00693

[dist]
# distance from previous block
# <min> <max>
0	1

[block]
# block no. 1 follows, 53 sequences, length 17
# corresponding to MSA columns:
# 1443-1459
name=unknown_B
#
# <colnr> <probs for GDERKNQSTAVLIFYWHMCP>
#	G	D	E	R	K	N	Q	S	T	A	V	L	I	F	Y	W	H	M	C	P
0	0.01221	0.01271	0.02480	0.01800	0.02251	0.01241	0.61331	0.11324	0.08713	0.01762	0.01083	0.01318	0.00806	0.00448	0.00546	0.00159	0.00730	0.00545	0.00295	0.00676
1	0.01226	0.00942	0.01055	0.00848	0.01158	0.00925	0.00671	0.33439	0.01508	0.02080	0.01598	0.17862	0.06472	0.00734	0.00472	0.00132	0.00403	0.00610	0.00408	0.27457
2	0.01247	0.00965	0.00912	0.00802	0.01026	0.08558	0.00626	0.17155	0.23689	0.02033	0.01509	0.01567	0.01151	0.00580	0.00416	0.00133	0.00389	0.00456	0.36164	0.00618
3	0.00695	0.00463	0.00521	0.00521	0.00521	0.00463	0.00290	0.00695	0.00695	0.00927	0.01506	0.03128	0.01738	0.83203	0.02433	0.00463	0.00463	0.00695	0.00290	0.00290
4	0.01128	0.01289	0.02820	0.02015	0.02498	0.01209	0.78485	0.01531	0.01128	0.01531	0.00967	0.01289	0.00725	0.00403	0.00564	0.00161	0.00806	0.00564	0.00242	0.00645
5	0.00578	0.00433	0.00537	0.00619	0.00681	0.00392	0.00423	0.00671	0.00959	0.01238	0.03196	0.62969	0.22721	0.01424	0.00599	0.00186	0.00268	0.01270	0.00444	0.00392
6	0.05936	0.15014	0.45977	0.01066	0.01579	0.01105	0.02963	0.01416	0.00993	0.01540	0.00956	0.01115	0.00726	0.00465	0.00400	0.00136	0.00563	0.00355	0.17067	0.00628
7	0.01113	0.00907	0.01209	0.01239	0.18600	0.00796	0.00794	0.03870	0.02472	0.06671	0.01068	0.06462	0.00925	0.00486	0.00445	0.00107	0.02658	0.00411	0.00311	0.49457
8	0.01298	0.01299	0.11512	0.01524	0.01903	0.01181	0.35005	0.05491	0.01124	0.14971	0.01044	0.01252	0.00772	0.00546	0.00754	0.00167	0.18708	0.00486	0.00301	0.00662
9	0.01382	0.22000	0.01485	0.00928	0.01246	0.01300	0.00797	0.25381	0.15984	0.07147	0.04612	0.01903	0.02832	0.00670	0.00464	0.00147	0.00459	0.10166	0.00414	0.00682
10	0.00976	0.00935	0.01616	0.60503	0.20248	0.01086	0.05282	0.01291	0.00994	0.01312	0.00866	0.01255	0.00668	0.00463	0.00481	0.00156	0.00630	0.00432	0.00219	0.00587
11	0.01304	0.30232	0.06929	0.01019	0.01373	0.03304	0.04848	0.23428	0.01384	0.01779	0.01245	0.01942	0.01148	0.00662	0.00460	0.00147	0.00536	0.17285	0.00338	0.00638
12	0.00658	0.00507	0.00685	0.00753	0.00784	0.00538	0.00542	0.00753	0.00902	0.01221	0.02347	0.64473	0.02775	0.03359	0.00778	0.00205	0.10615	0.07287	0.00410	0.00407
13	0.00571	0.00460	0.00510	0.00550	0.00663	0.00398	0.00392	0.00679	0.01027	0.01266	0.04045	0.32852	0.52289	0.01314	0.00581	0.00173	0.00255	0.01135	0.00444	0.00398
14	0.00669	0.00575	0.00584	0.00566	0.00745	0.00535	0.00429	0.00995	0.14154	0.01409	0.04358	0.04130	0.66912	0.01117	0.00552	0.00162	0.00265	0.00931	0.00451	0.00462
15	0.01032	0.21159	0.62684	0.01237	0.01874	0.01290	0.01547	0.01495	0.01000	0.01424	0.00813	0.00953	0.00607	0.00444	0.00420	0.00140	0.00661	0.00331	0.00202	0.00685
16	0.01135	0.01086	0.01809	0.18091	0.46674	0.01184	0.05975	0.04811	0.01070	0.01504	0.00869	0.01188	0.00717	0.00495	0.00623	0.00155	0.11265	0.00433	0.00239	0.00678

[dist]
# distance from previous block
# <min> <max>
0	17

[block]
# block no. 2 follows, 53 sequences, length 55
# corresponding to MSA columns:
# 1477-1531
name=unknown_C
#
# <colnr> <probs for GDERKNQSTAVLIFYWHMCP>
#	G	D	E	R	K	N	Q	S	T	A	V	L	I	F	Y	W	H	M	C	P
0	0.00683	0.00512	0.00768	0.00768	0.00853	0.00597	0.00597	0.00853	0.00768	0.01110	0.01280	0.01878	0.01195	0.03585	0.81308	0.00768	0.01280	0.00512	0.00256	0.00427
1	0.00683	0.00512	0.00768	0.00768	0.00853	0.00597	0.00597	0.00853	0.00768	0.01110	0.01280	0.01878	0.01195	0.03585	0.81308	0.00768	0.01280	0.00512	0.00256	0.00427
2	0.01816	0.01365	0.01432	0.01103	0.01482	0.03707	0.00909	0.76489	0.02222	0.02961	0.01136	0.01140	0.00807	0.00572	0.00477	0.00143	0.00535	0.00427	0.00472	0.00806
3	0.00582	0.00456	0.00529	0.00585	0.00682	0.00403	0.00418	0.00690	0.01010	0.01264	0.03725	0.40733	0.41282	0.01347	0.00590	0.00179	0.00267	0.04418	0.00444	0.00398
4	0.01278	0.83490	0.02505	0.00818	0.01227	0.01891	0.00818	0.01431	0.00971	0.01125	0.00664	0.00767	0.00613	0.00409	0.00307	0.00102	0.00511	0.00256	0.00204	0.00613
5	0.01278	0.83490	0.02505	0.00818	0.01227	0.01891	0.00818	0.01431	0.00971	0.01125	0.00664	0.00767	0.00613	0.00409	0.00307	0.00102	0.00511	0.00256	0.00204	0.00613
6	0.01172	0.00733	0.00884	0.00771	0.00988	0.00740	0.00602	0.06472	0.19889	0.18150	0.36579	0.05134	0.02769	0.00804	0.00520	0.00153	0.00320	0.00690	0.02009	0.00619
7	0.00676	0.00489	0.00639	0.00601	0.00714	0.00451	0.00451	0.00902	0.01353	0.01917	0.79969	0.03570	0.04510	0.00977	0.00564	0.00150	0.00225	0.00864	0.00526	0.00451
8	0.01941	0.00754	0.01002	0.00785	0.01113	0.00661	0.00643	0.02132	0.01309	0.67774	0.01833	0.01652	0.01190	0.00586	0.00457	0.00142	0.00377	0.00475	0.14423	0.00754
9	0.00903	0.00850	0.01434	0.82054	0.03292	0.01062	0.01327	0.01221	0.00956	0.01221	0.00850	0.01274	0.00637	0.00478	0.00478	0.00159	0.00637	0.00425	0.00212	0.00531
10	0.00959	0.02472	0.80726	0.01362	0.02069	0.01110	0.01766	0.01514	0.01009	0.01514	0.00858	0.01009	0.00605	0.00454	0.00454	0.00151	0.00706	0.00353	0.00202	0.00706
11	0.00573	0.00452	0.00518	0.00570	0.00668	0.00396	0.00401	0.00676	0.01006	0.01257	0.03791	0.41863	0.43442	0.01347	0.00586	0.00177	0.00259	0.01175	0.00444	0.00396
12	0.00618	0.00431	0.00544	0.00620	0.00639	0.00412	0.00395	0.00675	0.00846	0.01128	0.02280	0.57865	0.02715	0.27132	0.01182	0.00279	0.00336	0.01151	0.00395	0.00357
13	0.86579	0.00924	0.00702	0.00629	0.00924	0.01072	0.00518	0.01405	0.00813	0.02144	0.00666	0.00776	0.00518	0.00444	0.00296	0.00148	0.00370	0.00259	0.00296	0.00518
14	0.01183	0.01136	0.01940	0.02934	0.80221	0.01136	0.01467	0.01467	0.01088	0.01562	0.00899	0.01183	0.00757	0.00426	0.00473	0.00142	0.00568	0.00426	0.00237	0.00757
15	0.01183	0.01136	0.01940	0.02934	0.80221	0.01136	0.01467	0.01467	0.01088	0.01562	0.00899	0.01183	0.00757	0.00426	0.00473	0.00142	0.00568	0.00426	0.00237	0.00757
16	0.00596	0.00421	0.00551	0.00649	0.00673	0.00397	0.00426	0.00669	0.00889	0.01186	0.02502	0.73564	0.02995	0.11051	0.00823	0.00226	0.00299	0.01281	0.00426	0.00377
17	0.01660	0.01561	0.01327	0.01111	0.01425	0.26451	0.00878	0.36779	0.19984	0.02198	0.01206	0.01206	0.00902	0.00566	0.00465	0.00141	0.00597	0.00418	0.00407	0.00719
18	0.01861	0.01237	0.01367	0.01052	0.01429	0.01335	0.00868	0.63061	0.03932	0.16959	0.01300	0.01249	0.00895	0.00579	0.00479	0.00145	0.00501	0.00442	0.00499	0.00812
19	0.00948	0.00896	0.01516	0.69219	0.15771	0.01074	0.01350	0.01261	0.00977	0.01276	0.00858	0.01259	0.00657	0.00469	0.00477	0.00156	0.00626	0.00425	0.00216	0.00568
20	0.01031	0.01028	0.00943	0.00897	0.01034	0.22874	0.00685	0.04092	0.00983	0.01190	0.01137	0.01629	0.01046	0.06400	0.52188	0.00552	0.01097	0.00461	0.00263	0.00470
21	0.00903	0.00850	0.01434	0.82054	0.03292	0.01062	0.01327	0.01221	0.00956	0.01221	0.00850	0.01274	0.00637	0.00478	0.00478	0.00159	0.00637	0.00425	0.00212	0.00531
22	0.01183	0.01136	0.01940	0.02934	0.80221	0.01136	0.01467	0.01467	0.01088	0.01562	0.00899	0.01183	0.00757	0.00426	0.00473	0.00142	0.00568	0.00426	0.00237	0.00757
23	0.01278	0.83490	0.02505	0.00818	0.01227	0.01891	0.00818	0.01431	0.00971	0.01125	0.00664	0.00767	0.00613	0.00409	0.00307	0.00102	0.00511	0.00256	0.00204	0.00613
24	0.00582	0.00416	0.00555	0.00666	0.00693	0.00388	0.00444	0.00666	0.00915	0.01220	0.02634	0.82891	0.03161	0.01497	0.00610	0.00194	0.00277	0.01359	0.00444	0.00388
25	0.01278	0.83490	0.02505	0.00818	0.01227	0.01891	0.00818	0.01431	0.00971	0.01125	0.00664	0.00767	0.00613	0.00409	0.00307	0.00102	0.00511	0.00256	0.00204	0.00613
26	0.00959	0.02472	0.80726	0.01362	0.02069	0.01110	0.01766	0.01514	0.01009	0.01514	0.00858	0.01009	0.00605	0.00454	0.00454	0.00151	0.00706	0.00353	0.00202	0.00706
27	0.00658	0.00488	0.00614	0.00582	0.00703	0.00443	0.00437	0.00867	0.01310	0.01815	0.67782	0.03737	0.16760	0.01015	0.00564	0.00152	0.00228	0.00888	0.00513	0.00443
28	0.10464	0.00974	0.01161	0.00899	0.01265	0.00962	0.00743	0.24014	0.01564	0.50609	0.01553	0.01405	0.01011	0.00572	0.00462	0.00147	0.00437	0.00444	0.00530	0.00784
29	0.01052	0.26172	0.57844	0.01203	0.01822	0.01339	0.01489	0.01490	0.00998	0.01400	0.00801	0.00938	0.00608	0.00441	0.00411	0.00137	0.00649	0.00325	0.00203	0.00679
30	0.01171	0.01123	0.01918	0.06444	0.76808	0.01132	0.01461	0.01456	0.01082	0.01546	0.00897	0.01187	0.00752	0.00428	0.00473	0.00143	0.00571	0.00426	0.00236	0.00747
31	0.01189	0.01027	0.01081	0.00973	0.01243	0.01189	0.00757	0.02540	0.79357	0.01999	0.01945	0.01783	0.01459	0.00648	0.00486	0.00162	0.00378	0.00540	0.00486	0.00757
32	0.38215	0.00784	0.00702	0.00625	0.00856	0.00873	0.00500	0.10438	0.04543	0.02094	0.01140	0.01271	0.00880	0.00514	0.00341	0.00133	0.00329	0.00367	0.34860	0.00534
33	0.00657	0.00489	0.00613	0.00586	0.00708	0.00444	0.00442	0.00863	0.01297	0.01786	0.63870	0.03809	0.18823	0.01030	0.00566	0.00154	0.00234	0.02680	0.00508	0.00442
34	0.01087	0.01038	0.01767	0.29963	0.53940	0.01110	0.01419	0.01383	0.01043	0.01445	0.00882	0.01214	0.00716	0.00444	0.00475	0.00148	0.00592	0.00425	0.00228	0.00680
35	0.00582	0.00416	0.00555	0.00666	0.00693	0.00388	0.00444	0.00666	0.00915	0.01220	0.02634	0.82891	0.03161	0.01497	0.00610	0.00194	0.00277	0.01359	0.00444	0.00388
36	0.01183	0.01136	0.01940	0.02934	0.80221	0.01136	0.01467	0.01467	0.01088	0.01562	0.00899	0.01183	0.00757	0.00426	0.00473	0.00142	0.00568	0.00426	0.00237	0.00757
37	0.01817	0.01339	0.01434	0.01100	0.01482	0.01482	0.00908	0.78627	0.02247	0.03012	0.01148	0.01148	0.00813	0.00574	0.00478	0.00143	0.00526	0.00430	0.00478	0.00813
38	0.00848	0.00454	0.00484	0.00476	0.00588	0.00447	0.00357	0.01072	0.01072	0.01809	0.17099	0.02136	0.01876	0.00640	0.00380	0.00119	0.00223	0.00529	0.68945	0.00447
39	0.00902	0.00838	0.01406	0.79772	0.03215	0.01045	0.01300	0.01218	0.00957	0.01237	0.00869	0.01288	0.00654	0.00480	0.00474	0.00158	0.00626	0.00425	0.02607	0.00529
40	0.00903	0.00850	0.01434	0.82054	0.03292	0.01062	0.01327	0.01221	0.00956	0.01221	0.00850	0.01274	0.00637	0.00478	0.00478	0.00159	0.00637	0.00425	0.00212	0.00531
41	0.01128	0.01289	0.02820	0.02015	0.02498	0.01209	0.78485	0.01531	0.01128	0.01531	0.00967	0.01289	0.00725	0.00403	0.00564	0.00161	0.00806	0.00564	0.00242	0.00645
42	0.00695	0.00463	0.00521	0.00521	0.00521	0.00463	0.00290	0.00695	0.00695	0.00927	0.01506	0.03128	0.01738	0.83203	0.02433	0.00463	0.00463	0.00695	0.00290	0.00290
43	0.01278	0.83490	0.02505	0.00818	0.01227	0.01891	0.00818	0.01431	0.00971	0.01125	0.00664	0.00767	0.00613	0.00409	0.00307	0.00102	0.00511	0.00256	0.00204	0.00613
44	0.01785	0.02278	0.01354	0.01231	0.01478	0.81284	0.00924	0.01909	0.01354	0.01170	0.00739	0.00862	0.00616	0.00493	0.00431	0.00123	0.00862	0.00308	0.00246	0.00554
45	0.00657	0.00485	0.00613	0.00588	0.00704	0.00441	0.00438	0.00861	0.01296	0.01797	0.65877	0.07482	0.14917	0.01034	0.00566	0.00154	0.00230	0.00908	0.00511	0.00441
46	0.01183	0.01136	0.01940	0.02934	0.80221	0.01136	0.01467	0.01467	0.01088	0.01562	0.00899	0.01183	0.00757	0.00426	0.00473	0.00142	0.00568	0.00426	0.00237	0.00757
47	0.00903	0.00850	0.01434	0.82054	0.03292	0.01062	0.01327	0.01221	0.00956	0.01221	0.00850	0.01274	0.00637	0.00478	0.00478	0.00159	0.00637	0.00425	0.00212	0.00531
48	0.00565	0.00484	0.00484	0.00484	0.00646	0.00403	0.00363	0.00686	0.01089	0.01291	0.04842	0.04600	0.80027	0.01210	0.00565	0.00161	0.00242	0.01009	0.00444	0.00403
49	0.00767	0.00589	0.00832	0.00735	0.00810	0.00595	0.09307	0.00892	0.04488	0.01062	0.01446	0.02747	0.01562	0.63056	0.08790	0.00440	0.00568	0.00657	0.00291	0.00364
50	0.01155	0.01107	0.01890	0.10817	0.72556	0.01128	0.01453	0.01442	0.01075	0.01528	0.00894	0.01192	0.00745	0.00431	0.00474	0.00144	0.00575	0.00426	0.00234	0.00735
51	0.01913	0.00851	0.01083	0.00849	0.01187	0.00795	0.00695	0.11753	0.05150	0.58521	0.04657	0.01657	0.01276	0.00604	0.00473	0.00145	0.00400	0.00489	0.06729	0.00771
52	0.00659	0.00485	0.00617	0.00591	0.00705	0.00443	0.00441	0.00866	0.01302	0.01812	0.67677	0.07457	0.13108	0.01029	0.00566	0.00154	0.00230	0.00904	0.00513	0.00443
53	0.01010	0.15615	0.68037	0.01274	0.01932	0.01237	0.01612	0.01500	0.01003	0.01451	0.00826	0.00970	0.00607	0.00447	0.00430	0.00143	0.00675	0.00337	0.00202	0.00691
54	0.00989	0.10112	0.73350	0.01311	0.01989	0.01184	0.01677	0.01506	0.01006	0.01477	0.00840	0.00986	0.00606	0.00450	0.00440	0.00147	0.00688	0.00344	0.00202	0.00698

[dist]
# distance from previous block
# <min> <max>
1	3

[block]
# block no. 3 follows, 53 sequences, length 68
# corresponding to MSA columns:
# 1535-1602
name=unknown_D
#
# <colnr> <probs for GDERKNQSTAVLIFYWHMCP>
#	G	D	E	R	K	N	Q	S	T	A	V	L	I	F	Y	W	H	M	C	P
0	0.01230	0.00982	0.01462	0.01057	0.01485	0.00839	0.18638	0.07048	0.01162	0.11721	0.01030	0.01152	0.00780	0.00412	0.00428	0.00107	0.00478	0.00384	0.00327	0.49279
1	0.86579	0.00924	0.00702	0.00629	0.00924	0.01072	0.00518	0.01405	0.00813	0.02144	0.00666	0.00776	0.00518	0.00444	0.00296	0.00148	0.00370	0.00259	0.00296	0.00518
2	0.01620	0.01710	0.01293	0.01128	0.01411	0.40593	0.00872	0.19015	0.24035	0.01815	0.01177	0.01190	0.00902	0.00555	0.00457	0.00139	0.00648	0.00402	0.00367	0.00670
3	0.00667	0.00538	0.00739	0.00735	0.00840	0.00508	0.06108	0.00862	0.05936	0.01316	0.05683	0.48174	0.18837	0.05871	0.00690	0.00196	0.00323	0.01121	0.00426	0.00430
4	0.01315	0.00835	0.00975	0.00876	0.01120	0.00882	0.00680	0.02069	0.40675	0.23019	0.02082	0.18057	0.01757	0.00820	0.00514	0.00166	0.00367	0.02595	0.00505	0.00690
5	0.01518	0.01716	0.01425	0.01505	0.17159	0.45332	0.02707	0.06490	0.04710	0.01448	0.00984	0.01133	0.02292	0.00520	0.00484	0.00134	0.03591	0.00382	0.05860	0.00610
6	0.01541	0.01919	0.01180	0.01082	0.01311	0.65103	0.00811	0.01664	0.01301	0.01194	0.01560	0.01610	0.16502	0.00636	0.00458	0.00131	0.00738	0.00448	0.00286	0.00524
7	0.00565	0.00484	0.00484	0.00484	0.00646	0.00403	0.00363	0.00686	0.01089	0.01291	0.04842	0.04600	0.80027	0.01210	0.00565	0.00161	0.00242	0.01009	0.00444	0.00403
8	0.01089	0.01074	0.01947	0.20967	0.43369	0.01107	0.16811	0.01402	0.01066	0.01471	0.00973	0.01411	0.00811	0.00473	0.00501	0.00153	0.00626	0.03838	0.00241	0.00668
9	0.01080	0.01192	0.02492	0.17998	0.02611	0.01189	0.60167	0.01455	0.01079	0.01455	0.00931	0.01277	0.00704	0.00434	0.00584	0.00163	0.03806	0.00531	0.00235	0.00617
10	0.00976	0.01306	0.17467	0.01336	0.01623	0.04003	0.21059	0.01245	0.00960	0.01340	0.01301	0.15166	0.04738	0.00765	0.00836	0.00177	0.24243	0.00626	0.00268	0.00564
11	0.00695	0.00463	0.00521	0.00521	0.00521	0.00463	0.00290	0.00695	0.00695	0.00927	0.01506	0.03128	0.01738	0.83203	0.02433	0.00463	0.00463	0.00695	0.00290	0.00290
12	0.00837	0.00648	0.00695	0.00674	0.00783	0.03631	0.00474	0.11871	0.01126	0.01458	0.07772	0.27587	0.16410	0.22607	0.01050	0.00246	0.00374	0.00915	0.00407	0.00436
13	0.00584	0.00445	0.00538	0.00599	0.00679	0.00399	0.00417	0.00692	0.01011	0.01302	0.09761	0.49710	0.29429	0.01357	0.00591	0.00179	0.00261	0.01199	0.00451	0.00399
14	0.01504	0.01154	0.01277	0.02765	0.01399	0.01173	0.00797	0.49464	0.01773	0.02457	0.01035	0.01095	0.00772	0.00494	0.00434	0.00118	0.00467	0.00378	0.00403	0.31041
15	0.01193	0.19613	0.41067	0.01177	0.01690	0.14702	0.01300	0.01686	0.10532	0.01432	0.00928	0.01026	0.00712	0.00474	0.00423	0.00137	0.00651	0.00347	0.00244	0.00667
16	0.02696	0.23243	0.59097	0.01208	0.01830	0.01310	0.01498	0.01490	0.00996	0.01426	0.00804	0.00942	0.00606	0.00442	0.00413	0.00139	0.00650	0.00326	0.00204	0.00679
17	0.00582	0.00416	0.00555	0.00666	0.00693	0.00388	0.00444	0.00666	0.00915	0.01220	0.02634	0.82891	0.03161	0.01497	0.00610	0.00194	0.00277	0.01359	0.00444	0.00388
18	0.02144	0.00813	0.01109	0.00850	0.01220	0.00702	0.00702	0.02329	0.01368	0.80552	0.01886	0.01627	0.01183	0.00592	0.00481	0.00148	0.00407	0.00481	0.00592	0.00813
19	0.01120	0.01134	0.02116	0.15734	0.44608	0.01145	0.24141	0.01445	0.01078	0.01496	0.00911	0.01229	0.00728	0.00428	0.00501	0.00150	0.00649	0.00466	0.00234	0.00687
20	0.01177	0.01130	0.01930	0.04580	0.78620	0.01134	0.01464	0.01462	0.01086	0.01554	0.00898	0.01185	0.00755	0.00427	0.00473	0.00142	0.00569	0.00426	0.00236	0.00752
21	0.00683	0.00512	0.00768	0.00768	0.00853	0.00597	0.00597	0.00853	0.00768	0.01110	0.01280	0.01878	0.01195	0.03585	0.81308	0.00768	0.01280	0.00512	0.00256	0.00427
22	0.01859	0.00757	0.00996	0.00794	0.01107	0.00675	0.00644	0.04833	0.01321	0.61928	0.01872	0.07533	0.01319	0.00652	0.00471	0.00146	0.00378	0.00538	0.11439	0.00736
23	0.01636	0.00822	0.00974	0.00790	0.01078	0.00814	0.00639	0.15777	0.08639	0.36575	0.01664	0.01599	0.01154	0.00584	0.00438	0.00138	0.00373	0.00467	0.25137	0.00702
24	0.00598	0.00485	0.00530	0.00519	0.00666	0.00417	0.00389	0.00750	0.01167	0.01476	0.26981	0.04296	0.57773	0.01142	0.00565	0.00158	0.00237	0.00966	0.00468	0.00417
25	0.00676	0.00489	0.00639	0.00601	0.00714	0.00451	0.00451	0.00902	0.01353	0.01917	0.79969	0.03570	0.04510	0.00977	0.00564	0.00150	0.00225	0.00864	0.00526	0.00451
26	0.00695	0.00463	0.00521	0.00521	0.00521	0.00463	0.00290	0.00695	0.00695	0.00927	0.01506	0.03128	0.01738	0.83203	0.02433	0.00463	0.00463	0.00695	0.00290	0.00290
27	0.00573	0.00452	0.00517	0.00569	0.00668	0.00396	0.00401	0.00676	0.01008	0.01258	0.03807	0.41305	0.43990	0.01345	0.00586	0.00177	0.00259	0.01173	0.00444	0.00396
28	0.02144	0.00813	0.01109	0.00850	0.01220	0.00702	0.00702	0.02329	0.01368	0.80552	0.01886	0.01627	0.01183	0.00592	0.00481	0.00148	0.00407	0.00481	0.00592	0.00813
29	0.01020	0.00709	0.00576	0.00559	0.00689	0.12081	0.00419	0.01228	0.01053	0.01694	0.01441	0.01650	0.01137	0.00548	0.00348	0.00113	0.00315	0.00426	0.73534	0.00461
30	0.00692	0.00591	0.01008	0.00935	0.01054	0.00552	0.16056	0.00839	0.00958	0.01282	0.02301	0.66566	0.02674	0.01278	0.00601	0.00188	0.00383	0.01200	0.00403	0.00440
31	0.00903	0.00850	0.01434	0.82054	0.03292	0.01062	0.01327	0.01221	0.00956	0.01221	0.00850	0.01274	0.00637	0.00478	0.00478	0.00159	0.00637	0.00425	0.00212	0.00531
32	0.00695	0.00463	0.00521	0.00521	0.00521	0.00463	0.00290	0.00695	0.00695	0.00927	0.01506	0.03128	0.01738	0.83203	0.02433	0.00463	0.00463	0.00695	0.00290	0.00290
33	0.00959	0.02472	0.80726	0.01362	0.02069	0.01110	0.01766	0.01514	0.01009	0.01514	0.00858	0.01009	0.00605	0.00454	0.00454	0.00151	0.00706	0.00353	0.00202	0.00706
34	0.01068	0.00905	0.00976	0.00911	0.01133	0.01029	0.00694	0.02165	0.63665	0.01844	0.02083	0.18009	0.01800	0.00818	0.00511	0.00169	0.00358	0.00704	0.00478	0.00683
35	0.01548	0.01156	0.01246	0.01023	0.01352	0.01289	0.00823	0.37689	0.38117	0.08111	0.01572	0.01478	0.01141	0.00610	0.00482	0.00152	0.00449	0.00485	0.00490	0.00787
36	0.01183	0.01136	0.01940	0.02934	0.80221	0.01136	0.01467	0.01467	0.01088	0.01562	0.00899	0.01183	0.00757	0.00426	0.00473	0.00142	0.00568	0.00426	0.00237	0.00757
37	0.01077	0.01028	0.01749	0.32779	0.51202	0.01108	0.01414	0.01374	0.01038	0.01433	0.00880	0.01217	0.00712	0.00445	0.00475	0.00148	0.00594	0.00425	0.00227	0.00672
38	0.01173	0.01125	0.01922	0.05816	0.77419	0.01133	0.01462	0.01458	0.01083	0.01549	0.00897	0.01186	0.00753	0.00428	0.00473	0.00143	0.00570	0.00426	0.00236	0.00749
39	0.00594	0.00425	0.00565	0.00657	0.00696	0.00396	0.00445	0.00696	0.00971	0.01310	0.12593	0.72676	0.03335	0.01430	0.00604	0.00188	0.00271	0.01295	0.00454	0.00396
40	0.01259	0.01228	0.02600	0.01865	0.02333	0.01144	0.68469	0.01634	0.01159	0.11707	0.01085	0.01333	0.00784	0.00427	0.00553	0.00159	0.00754	0.00553	0.00287	0.00666
41	0.00685	0.00504	0.00725	0.00725	0.00795	0.00574	0.00543	0.00826	0.00755	0.01077	0.01320	0.02098	0.01290	0.17601	0.67422	0.00714	0.01136	0.00544	0.00262	0.00403
42	0.00589	0.00421	0.00561	0.00661	0.00695	0.00393	0.00444	0.00683	0.00947	0.01271	0.08253	0.77128	0.03259	0.01460	0.00607	0.00191	0.00274	0.01323	0.00450	0.00393
43	0.01636	0.04574	0.01352	0.01099	0.01407	0.29405	0.00869	0.28596	0.21032	0.03467	0.01198	0.01200	0.00904	0.00558	0.00457	0.00140	0.00604	0.00409	0.00391	0.00701
44	0.00695	0.00463	0.00521	0.00521	0.00521	0.00463	0.00290	0.00695	0.00695	0.00927	0.01506	0.03128	0.01738	0.83203	0.02433	0.00463	0.00463	0.00695	0.00290	0.00290
45	0.01509	0.04039	0.01618	0.06351	0.30428	0.10736	0.01119	0.30271	0.01549	0.04944	0.01009	0.01149	0.00773	0.00499	0.00463	0.00140	0.00578	0.00410	0.01681	0.00733
46	0.01278	0.83490	0.02505	0.00818	0.01227	0.01891	0.00818	0.01431	0.00971	0.01125	0.00664	0.00767	0.00613	0.00409	0.00307	0.00102	0.00511	0.00256	0.00204	0.00613
47	0.00641	0.00443	0.00544	0.00593	0.00613	0.00427	0.00371	0.00693	0.00835	0.01120	0.06438	0.40548	0.02561	0.40283	0.01473	0.00320	0.00363	0.01016	0.00375	0.00345
48	0.00658	0.00466	0.00616	0.00648	0.00685	0.00488	0.00440	0.00741	0.00784	0.01074	0.01754	0.25689	0.01962	0.32333	0.28972	0.00490	0.00690	0.00824	0.00323	0.00365
49	0.01257	0.06303	0.39002	0.01127	0.01630	0.01103	0.01230	0.01952	0.23654	0.15906	0.01346	0.01330	0.00956	0.00532	0.00460	0.00151	0.00547	0.00425	0.00354	0.00735
50	0.00891	0.00445	0.00445	0.00445	0.00557	0.00445	0.00334	0.01114	0.01002	0.01782	0.01559	0.01782	0.01225	0.00557	0.00334	0.00111	0.00223	0.00445	0.85856	0.00445
51	0.03427	0.01194	0.01324	0.01027	0.01397	0.01283	0.00845	0.55015	0.07631	0.19834	0.01357	0.01291	0.00935	0.00581	0.00476	0.00146	0.00486	0.00446	0.00500	0.00803
52	0.01189	0.01346	0.02241	0.01695	0.02008	0.11594	0.46177	0.01470	0.01043	0.01375	0.00840	0.01164	0.00683	0.00539	0.00836	0.00170	0.24310	0.00489	0.00233	0.00598
53	0.01997	0.00948	0.01182	0.00911	0.01274	0.00911	0.00751	0.23648	0.01614	0.55833	0.04656	0.01567	0.01206	0.00601	0.00483	0.00147	0.00433	0.00481	0.00557	0.00799
54	0.00580	0.00469	0.00516	0.00538	0.00663	0.00405	0.00390	0.00702	0.01075	0.01336	0.11705	0.22615	0.54829	0.01254	0.00575	0.00168	0.00249	0.01076	0.00452	0.00405
55	0.00757	0.00540	0.00755	0.00865	0.00969	0.00538	0.00746	0.00967	0.01087	0.01415	0.02538	0.11022	0.02781	0.01333	0.00657	0.00218	0.00428	0.71508	0.00440	0.00436
56	0.06991	0.00799	0.00938	0.00821	0.01046	0.00847	0.06228	0.02725	0.26988	0.01624	0.03006	0.02898	0.36820	0.00880	0.00575	0.00163	0.04948	0.00725	0.00420	0.00560
57	0.00757	0.00585	0.00728	0.00715	0.00786	0.03672	0.00519	0.02783	0.00804	0.01100	0.01329	0.02223	0.01338	0.29031	0.50789	0.00630	0.00982	0.00561	0.00272	0.00397
58	0.00830	0.00415	0.00623	0.00623	0.00623	0.00415	0.00415	0.00623	0.00623	0.00830	0.00830	0.01453	0.00830	0.01660	0.01868	0.86094	0.00415	0.00415	0.00208	0.00208
59	0.01189	0.01027	0.01081	0.00973	0.01243	0.01189	0.00757	0.02540	0.79357	0.01999	0.01945	0.01783	0.01459	0.00648	0.00486	0.00162	0.00378	0.00540	0.00486	0.00757
60	0.00683	0.00512	0.00768	0.00768	0.00853	0.00597	0.00597	0.00853	0.00768	0.01110	0.01280	0.01878	0.01195	0.03585	0.81308	0.00768	0.01280	0.00512	0.00256	0.00427
61	0.01114	0.00914	0.00967	0.00878	0.01117	0.01041	0.00680	0.02239	0.63707	0.01966	0.07457	0.01910	0.01646	0.00660	0.00472	0.00155	0.00347	0.00551	0.11482	0.00695
62	0.00683	0.00512	0.00768	0.00768	0.00853	0.00597	0.00597	0.00853	0.00768	0.01110	0.01280	0.01878	0.01195	0.03585	0.81308	0.00768	0.01280	0.00512	0.00256	0.00427
63	0.01128	0.01289	0.02820	0.02015	0.02498	0.01209	0.78485	0.01531	0.01128	0.01531	0.00967	0.01289	0.00725	0.00403	0.00564	0.00161	0.00806	0.00564	0.00242	0.00645
64	0.01046	0.01046	0.01464	0.01255	0.01255	0.01464	0.01046	0.01150	0.00732	0.01150	0.00627	0.01046	0.00627	0.00837	0.01569	0.00209	0.82328	0.00418	0.00209	0.00523
65	0.01643	0.01209	0.01304	0.01044	0.01391	0.01342	0.00848	0.50171	0.26136	0.07606	0.01442	0.01375	0.01037	0.00598	0.00481	0.00150	0.00473	0.00468	0.00488	0.00795
66	0.69484	0.00997	0.01126	0.00906	0.01239	0.01100	0.16115	0.01430	0.00876	0.02022	0.00726	0.00879	0.00559	0.00436	0.00349	0.00151	0.00457	0.00320	0.00285	0.00543
67	0.01251	0.01166	0.16970	0.00872	0.01340	0.00747	0.00838	0.01526	0.01082	0.19827	0.01091	0.01142	0.00797	0.00429	0.00403	0.00105	0.00437	0.00343	0.00338	0.49296

[dist]
# distance from previous block
# <min> <max>
0	2

[block]
# block no. 4 follows, 53 sequences, length 113
# corresponding to MSA columns:
# 1605-1717
name=unknown_E
#
# <colnr> <probs for GDERKNQSTAVLIFYWHMCP>
#	G	D	E	R	K	N	Q	S	T	A	V	L	I	F	Y	W	H	M	C	P
0	0.00638	0.00484	0.00668	0.00694	0.00779	0.00513	0.00520	0.00779	0.00859	0.01168	0.02221	0.21981	0.15239	0.02670	0.47853	0.00525	0.00858	0.00803	0.00334	0.00413
1	0.01223	0.69546	0.15967	0.00912	0.01372	0.01757	0.00981	0.01445	0.00978	0.01191	0.00698	0.00808	0.00612	0.00417	0.00332	0.00111	0.00545	0.00272	0.00204	0.00629
2	0.01170	0.01320	0.14798	0.01049	0.01393	0.04020	0.00936	0.02341	0.63102	0.01886	0.01715	0.01617	0.01282	0.00609	0.00479	0.00159	0.00452	0.00500	0.00429	0.00741
3	0.00959	0.02472	0.80726	0.01362	0.02069	0.01110	0.01766	0.01514	0.01009	0.01514	0.00858	0.01009	0.00605	0.00454	0.00454	0.00151	0.00706	0.00353	0.00202	0.00706
4	0.00757	0.00535	0.00727	0.00818	0.00910	0.00535	0.00687	0.00939	0.01031	0.01344	0.02354	0.05002	0.02576	0.15413	0.00965	0.00262	0.00444	0.63871	0.00414	0.00414
5	0.01278	0.83490	0.02505	0.00818	0.01227	0.01891	0.00818	0.01431	0.00971	0.01125	0.00664	0.00767	0.00613	0.00409	0.00307	0.00102	0.00511	0.00256	0.00204	0.00613
6	0.01171	0.01123	0.01918	0.06399	0.76852	0.01132	0.01461	0.01456	0.01083	0.01547	0.00897	0.01187	0.00752	0.00428	0.00473	0.00143	0.00571	0.00426	0.00236	0.00747
7	0.00959	0.02472	0.80726	0.01362	0.02069	0.01110	0.01766	0.01514	0.01009	0.01514	0.00858	0.01009	0.00605	0.00454	0.00454	0.00151	0.00706	0.00353	0.00202	0.00706
8	0.00695	0.00463	0.00521	0.00521	0.00521	0.00463	0.00290	0.00695	0.00695	0.00927	0.01506	0.03128	0.01738	0.83203	0.02433	0.00463	0.00463	0.00695	0.00290	0.00290
9	0.00582	0.00416	0.00555	0.00666	0.00693	0.00388	0.00444	0.00666	0.00915	0.01220	0.02634	0.82891	0.03161	0.01497	0.00610	0.00194	0.00277	0.01359	0.00444	0.00388
10	0.00582	0.00416	0.00555	0.00666	0.00693	0.00388	0.00444	0.00666	0.00915	0.01220	0.02634	0.82891	0.03161	0.01497	0.00610	0.00194	0.00277	0.01359	0.00444	0.00388
11	0.01278	0.83490	0.02505	0.00818	0.01227	0.01891	0.00818	0.01431	0.00971	0.01125	0.00664	0.00767	0.00613	0.00409	0.00307	0.00102	0.00511	0.00256	0.00204	0.00613
12	0.00582	0.00416	0.00555	0.00666	0.00693	0.00388	0.00444	0.00666	0.00915	0.01220	0.02634	0.82891	0.03161	0.01497	0.00610	0.00194	0.00277	0.01359	0.00444	0.00388
13	0.00903	0.00850	0.01434	0.82054	0.03292	0.01062	0.01327	0.01221	0.00956	0.01221	0.00850	0.01274	0.00637	0.00478	0.00478	0.00159	0.00637	0.00425	0.00212	0.00531
14	0.00975	0.06565	0.76775	0.01335	0.02026	0.01149	0.01718	0.01509	0.01007	0.01494	0.00848	0.00997	0.00606	0.00452	0.00447	0.00149	0.00697	0.00348	0.00202	0.00702
15	0.00581	0.00443	0.00536	0.00608	0.00684	0.00398	0.00424	0.00681	0.00981	0.01251	0.03407	0.53337	0.30153	0.01392	0.00596	0.00183	0.00269	0.03237	0.00444	0.00395
16	0.00903	0.00850	0.01434	0.82054	0.03292	0.01062	0.01327	0.01221	0.00956	0.01221	0.00850	0.01274	0.00637	0.00478	0.00478	0.00159	0.00637	0.00425	0.00212	0.00531
17	0.00933	0.04783	0.00726	0.00621	0.00758	0.04333	0.00486	0.04487	0.01005	0.01584	0.01379	0.01688	0.01139	0.01405	0.23295	0.00299	0.00580	0.00448	0.49582	0.00470
18	0.00582	0.00416	0.00555	0.00666	0.00693	0.00388	0.00444	0.00666	0.00915	0.01220	0.02634	0.82891	0.03161	0.01497	0.00610	0.00194	0.00277	0.01359	0.00444	0.00388
19	0.00604	0.00427	0.00559	0.00657	0.00684	0.00404	0.00438	0.00682	0.00896	0.01193	0.02492	0.69999	0.02970	0.11493	0.00835	0.00228	0.00307	0.04330	0.00425	0.00378
20	0.01252	0.76885	0.08881	0.00862	0.01295	0.01828	0.00895	0.01438	0.00974	0.01156	0.00680	0.00786	0.00613	0.00413	0.00319	0.00106	0.00527	0.00264	0.00204	0.00621
21	0.01183	0.01136	0.01940	0.02934	0.80221	0.01136	0.01467	0.01467	0.01088	0.01562	0.00899	0.01183	0.00757	0.00426	0.00473	0.00142	0.00568	0.00426	0.00237	0.00757
22	0.00989	0.10125	0.73338	0.01311	0.01989	0.01184	0.01676	0.01506	0.01006	0.01477	0.00839	0.00986	0.00606	0.00450	0.00440	0.00147	0.00688	0.00344	0.00202	0.00698
23	0.01135	0.01086	0.01853	0.16551	0.66981	0.01123	0.01443	0.01425	0.01065	0.01503	0.00891	0.01199	0.00736	0.00435	0.00474	0.00145	0.00580	0.00426	0.00232	0.00718
24	0.00959	0.02472	0.80726	0.01362	0.02069	0.01110	0.01766	0.01514	0.01009	0.01514	0.00858	0.01009	0.00605	0.00454	0.00454	0.00151	0.00706	0.00353	0.00202	0.00706
25	0.00565	0.00484	0.00484	0.00484	0.00646	0.00403	0.00363	0.00686	0.01089	0.01291	0.04842	0.04600	0.80027	0.01210	0.00565	0.00161	0.00242	0.01009	0.00444	0.00403
26	0.01183	0.01136	0.01940	0.02934	0.80221	0.01136	0.01467	0.01467	0.01088	0.01562	0.00899	0.01183	0.00757	0.00426	0.00473	0.00142	0.00568	0.00426	0.00237	0.00757
27	0.01032	0.00991	0.01371	0.01181	0.01191	0.01371	0.00981	0.01147	0.00757	0.01208	0.00713	0.01113	0.00682	0.00811	0.01455	0.00200	0.74808	0.00421	0.08054	0.00516
28	0.00582	0.00416	0.00555	0.00666	0.00693	0.00388	0.00444	0.00666	0.00915	0.01220	0.02634	0.82891	0.03161	0.01497	0.00610	0.00194	0.00277	0.01359	0.00444	0.00388
29	0.00676	0.00489	0.00639	0.00601	0.00714	0.00451	0.00451	0.00902	0.01353	0.01917	0.79969	0.03570	0.04510	0.00977	0.00564	0.00150	0.00225	0.00864	0.00526	0.00451
30	0.02371	0.00686	0.00748	0.00689	0.00862	0.00722	0.00526	0.14739	0.10463	0.05196	0.01765	0.19161	0.01586	0.00773	0.00442	0.00143	0.00316	0.00650	0.37613	0.00550
31	0.00690	0.00510	0.00631	0.00689	0.00780	0.00487	0.00515	0.04619	0.01048	0.01355	0.02941	0.39781	0.19219	0.06113	0.00712	0.00206	0.00330	0.18519	0.00436	0.00419
32	0.00903	0.00850	0.01434	0.82054	0.03292	0.01062	0.01327	0.01221	0.00956	0.01221	0.00850	0.01274	0.00637	0.00478	0.00478	0.00159	0.00637	0.00425	0.00212	0.00531
33	0.00582	0.00416	0.00555	0.00666	0.00693	0.00388	0.00444	0.00666	0.00915	0.01220	0.02634	0.82891	0.03161	0.01497	0.00610	0.00194	0.00277	0.01359	0.00444	0.00388
34	0.01183	0.01136	0.01940	0.02934	0.80221	0.01136	0.01467	0.01467	0.01088	0.01562	0.00899	0.01183	0.00757	0.00426	0.00473	0.00142	0.00568	0.00426	0.00237	0.00757
35	0.01060	0.11937	0.01207	0.00743	0.01159	0.03918	0.00614	0.01261	0.01002	0.01485	0.00821	0.00956	0.00692	0.00367	0.00351	0.00077	0.00395	0.00280	0.00271	0.71405
36	0.01024	0.00779	0.00888	0.00795	0.01000	0.00829	0.00614	0.08891	0.30505	0.05033	0.34206	0.06112	0.05663	0.00833	0.00526	0.00156	0.00321	0.00715	0.00503	0.00609
37	0.00599	0.00431	0.00571	0.00677	0.00718	0.00404	0.00470	0.00696	0.00940	0.01242	0.02722	0.72364	0.06490	0.01469	0.00613	0.00195	0.00291	0.08272	0.00443	0.00394
38	0.00582	0.00416	0.00555	0.00666	0.00693	0.00388	0.00444	0.00666	0.00915	0.01220	0.02634	0.82891	0.03161	0.01497	0.00610	0.00194	0.00277	0.01359	0.00444	0.00388
39	0.00992	0.11007	0.72486	0.01305	0.01980	0.01192	0.01666	0.01505	0.01005	0.01473	0.00837	0.00984	0.00606	0.00449	0.00439	0.00146	0.00686	0.00343	0.00202	0.00697
40	0.00903	0.00850	0.01434	0.82054	0.03292	0.01062	0.01327	0.01221	0.00956	0.01221	0.00850	0.01274	0.00637	0.00478	0.00478	0.00159	0.00637	0.00425	0.00212	0.00531
41	0.01936	0.00872	0.01115	0.00876	0.01223	0.00820	0.00716	0.10039	0.09608	0.60411	0.05831	0.01694	0.01345	0.00616	0.00485	0.00149	0.00407	0.00502	0.00566	0.00789
42	0.00688	0.00491	0.00660	0.00660	0.00707	0.00538	0.00462	0.00784	0.00736	0.01029	0.01380	0.02428	0.01434	0.38610	0.46609	0.00634	0.00921	0.00593	0.00271	0.00366
43	0.01068	0.01141	0.02053	0.01564	0.01824	0.03558	0.40523	0.01325	0.00975	0.01361	0.03966	0.01404	0.00906	0.05730	0.02219	0.00204	0.28843	0.00525	0.00245	0.00567
44	0.00959	0.02472	0.80726	0.01362	0.02069	0.01110	0.01766	0.01514	0.01009	0.01514	0.00858	0.01009	0.00605	0.00454	0.00454	0.00151	0.00706	0.00353	0.00202	0.00706
45	0.00616	0.00445	0.00587	0.00660	0.00718	0.00415	0.00466	0.00743	0.01033	0.01394	0.20082	0.56571	0.06259	0.01357	0.00602	0.00185	0.00276	0.06723	0.00462	0.00407
46	0.01187	0.60515	0.24687	0.00972	0.01465	0.01670	0.01087	0.01455	0.00982	0.01235	0.00719	0.00835	0.00611	0.00422	0.00348	0.00116	0.00567	0.00283	0.00204	0.00640
47	0.21838	0.01230	0.01000	0.00904	0.01155	0.21040	0.00705	0.08407	0.16481	0.05161	0.01496	0.08841	0.05068	0.00686	0.00449	0.00152	0.00498	0.03922	0.00376	0.00591
48	0.01788	0.02212	0.01360	0.01222	0.01478	0.75705	0.00922	0.07271	0.01417	0.01299	0.00767	0.00882	0.00629	0.00498	0.00434	0.00125	0.00838	0.00316	0.00262	0.00572
49	0.00695	0.00463	0.00521	0.00521	0.00521	0.00463	0.00290	0.00695	0.00695	0.00927	0.01506	0.03128	0.01738	0.83203	0.02433	0.00463	0.00463	0.00695	0.00290	0.00290
50	0.00917	0.00864	0.01459	0.78123	0.07114	0.01066	0.01334	0.01233	0.00962	0.01238	0.00852	0.01270	0.00643	0.00475	0.00478	0.00158	0.00634	0.00425	0.00214	0.00542
51	0.05440	0.01407	0.01362	0.01092	0.01427	0.12056	0.00885	0.55396	0.08712	0.02568	0.01121	0.01145	0.00823	0.00574	0.00507	0.00145	0.03745	0.00416	0.00430	0.00749
52	0.00683	0.00512	0.00768	0.00768	0.00853	0.00597	0.00597	0.00853	0.00768	0.01110	0.01280	0.01878	0.01195	0.03585	0.81308	0.00768	0.01280	0.00512	0.00256	0.00427
53	0.00782	0.00447	0.00670	0.00670	0.00698	0.00475	0.00475	0.00698	0.00670	0.00921	0.00977	0.01591	0.00949	0.02288	0.27780	0.58262	0.00697	0.00447	0.00223	0.00279
54	0.00903	0.00850	0.01434	0.82054	0.03292	0.01062	0.01327	0.01221	0.00956	0.01221	0.00850	0.01274	0.00637	0.00478	0.00478	0.00159	0.00637	0.00425	0.00212	0.00531
55	0.01985	0.00985	0.01209	0.00925	0.01301	0.00952	0.00763	0.27016	0.01636	0.51770	0.01599	0.01442	0.01041	0.00575	0.00474	0.00143	0.00443	0.00455	0.00541	0.04745
56	0.00582	0.00454	0.00516	0.00563	0.00656	0.00402	0.00391	0.00678	0.00986	0.01234	0.03665	0.37169	0.41951	0.07602	0.00727	0.00198	0.00274	0.01131	0.00432	0.00388
57	0.00565	0.00484	0.00484	0.00484	0.00646	0.00403	0.00363	0.00686	0.01089	0.01291	0.04842	0.04600	0.80027	0.01210	0.00565	0.00161	0.00242	0.01009	0.00444	0.00403
58	0.01144	0.00938	0.01034	0.00955	0.01195	0.01058	0.00763	0.09871	0.52561	0.01957	0.02010	0.05417	0.01721	0.00810	0.00526	0.00173	0.00402	0.16305	0.00474	0.00684
59	0.00575	0.00485	0.00499	0.00508	0.00663	0.00409	0.00384	0.00699	0.01084	0.01295	0.04659	0.07488	0.73805	0.01226	0.00571	0.00165	0.00252	0.04386	0.00444	0.00405
60	0.02144	0.00813	0.01109	0.00850	0.01220	0.00702	0.00702	0.02329	0.01368	0.80552	0.01886	0.01627	0.01183	0.00592	0.00481	0.00148	0.00407	0.00481	0.00592	0.00813
61	0.04055	0.00554	0.00556	0.00537	0.00683	0.00576	0.00408	0.01300	0.12706	0.01792	0.03291	0.01997	0.07414	0.00625	0.00378	0.00125	0.00253	0.00504	0.61754	0.00491
62	0.04909	0.02001	0.01350	0.01177	0.01458	0.58999	0.00905	0.20480	0.01551	0.01652	0.00835	0.00928	0.00660	0.00510	0.00437	0.00129	0.00762	0.00336	0.00304	0.00615
