[name]
unknown

[dist]
# distance from previous block
# <min> <max>
1	107

[block]
# block no. 0 follows, 46 sequences, length 20
# corresponding to MSA columns:
# 113-132
name=unknown_A
#
# <colnr> <probs for GDERKNQSTAVLIFYWHMCP>
#	G	D	E	R	K	N	Q	S	T	A	V	L	I	F	Y	W	H	M	C	P
0	0.01459	0.02649	0.04540	0.00987	0.01266	0.10852	0.00802	0.22171	0.04858	0.09739	0.07645	0.17789	0.03987	0.00878	0.00544	0.00166	0.00498	0.00726	0.07766	0.00678
1	0.01235	0.03338	0.06962	0.11383	0.12325	0.04949	0.02318	0.01588	0.06988	0.13295	0.10694	0.06890	0.14212	0.00809	0.00556	0.00169	0.00506	0.00694	0.00422	0.00667
2	0.01288	0.60459	0.02393	0.03192	0.01418	0.01770	0.04987	0.01537	0.04644	0.01363	0.03918	0.04138	0.05845	0.00587	0.00409	0.00131	0.00541	0.00440	0.00282	0.00655
3	0.00731	0.00466	0.00629	0.00705	0.00723	0.00447	0.00462	0.00728	0.00898	0.01197	0.02239	0.50873	0.02630	0.11255	0.01282	0.22458	0.00371	0.01140	0.00402	0.00364
4	0.01295	0.15112	0.42941	0.01272	0.01846	0.10446	0.01439	0.05285	0.01267	0.05014	0.06743	0.01381	0.02595	0.00572	0.00487	0.00155	0.00693	0.00434	0.00295	0.00728
5	0.01199	0.04645	0.01968	0.31345	0.47467	0.01263	0.01535	0.01521	0.01144	0.01568	0.00963	0.01325	0.00782	0.00491	0.00517	0.00162	0.00653	0.00462	0.00250	0.00739
6	0.01173	0.10966	0.55153	0.01546	0.02237	0.01325	0.14385	0.01697	0.01147	0.04153	0.00983	0.01162	0.00714	0.00492	0.00506	0.00163	0.00766	0.00423	0.00245	0.00763
7	0.00756	0.00562	0.00828	0.00828	0.00916	0.00649	0.00634	0.00930	0.00843	0.01212	0.01435	0.02184	0.01368	0.09973	0.73381	0.00823	0.01346	0.00582	0.00286	0.00460
8	0.01478	0.11399	0.01378	0.00957	0.01238	0.01287	0.00760	0.39750	0.01716	0.02269	0.01504	0.06864	0.03054	0.22738	0.01106	0.00253	0.00537	0.00610	0.00430	0.00673
9	0.01096	0.00940	0.01096	0.00783	0.01253	0.00705	0.00626	0.01331	0.01096	0.01723	0.00940	0.01096	0.00783	0.00392	0.00392	0.00078	0.00392	0.00313	0.00313	0.84653
10	0.01840	0.01394	0.01520	0.05167	0.01695	0.01560	0.00999	0.59999	0.15192	0.03040	0.01404	0.01397	0.01012	0.00643	0.00530	0.00163	0.00560	0.00496	0.00516	0.00873
11	0.01156	0.01048	0.11346	0.01261	0.06717	0.00866	0.08206	0.01419	0.01098	0.14108	0.01667	0.12936	0.01540	0.03148	0.22466	0.00376	0.04399	0.05242	0.00373	0.00628
12	0.01264	0.01217	0.01198	0.01088	0.01158	0.21062	0.00828	0.01247	0.00938	0.01133	0.00837	0.01338	0.00809	0.03184	0.01565	0.33212	0.26796	0.00438	0.00243	0.00444
13	0.01571	0.01243	0.01319	0.01097	0.01442	0.01393	0.00878	0.35289	0.38242	0.02649	0.02004	0.01898	0.07109	0.00728	0.00541	0.00170	0.00479	0.00583	0.00530	0.00835
14	0.01210	0.00988	0.01354	0.01629	0.25489	0.01019	0.00979	0.03902	0.23083	0.06126	0.20127	0.04257	0.04608	0.00759	0.00557	0.00167	0.00442	0.00671	0.00461	0.02172
15	0.00998	0.00940	0.01586	0.80150	0.03641	0.01175	0.01468	0.01351	0.01057	0.01351	0.00940	0.01409	0.00705	0.00529	0.00529	0.00176	0.00705	0.00470	0.00235	0.00587
16	0.00758	0.00514	0.00573	0.00573	0.00587	0.00507	0.00327	0.00768	0.00803	0.01056	0.01952	0.03586	0.07816	0.75209	0.02530	0.00487	0.00494	0.00796	0.00334	0.00330
17	0.05405	0.01203	0.03693	0.05909	0.02144	0.01117	0.39948	0.01626	0.07066	0.03412	0.01299	0.08749	0.01103	0.00582	0.00559	0.00164	0.00672	0.00620	0.00325	0.14405
18	0.01467	0.38237	0.08771	0.01084	0.01497	0.12826	0.01000	0.05755	0.21231	0.01648	0.01165	0.01204	0.00935	0.00549	0.00435	0.00141	0.00602	0.00393	0.00330	0.00731
19	0.01355	0.03262	0.06821	0.03887	0.01708	0.01011	0.16558	0.05110	0.04506	0.14963	0.03283	0.01554	0.01088	0.02555	0.07946	0.00219	0.02268	0.00498	0.00374	0.21035

[dist]
# distance from previous block
# <min> <max>
0	4

[block]
# block no. 1 follows, 46 sequences, length 13
# corresponding to MSA columns:
# 137-149
name=unknown_B
#
# <colnr> <probs for GDERKNQSTAVLIFYWHMCP>
#	G	D	E	R	K	N	Q	S	T	A	V	L	I	F	Y	W	H	M	C	P
0	0.06107	0.04630	0.13409	0.01378	0.15676	0.00923	0.03003	0.02905	0.01231	0.09054	0.11747	0.14478	0.09618	0.00872	0.00556	0.00173	0.00487	0.02691	0.00407	0.00654
1	0.01733	0.04921	0.29965	0.01400	0.10079	0.01049	0.01308	0.02099	0.01315	0.38611	0.01492	0.01455	0.00996	0.00570	0.00512	0.00162	0.00596	0.00463	0.00435	0.00840
2	0.00732	0.00533	0.00688	0.00663	0.00783	0.00490	0.00492	0.00961	0.01437	0.02012	0.67010	0.10548	0.09380	0.01145	0.00628	0.00171	0.00255	0.01012	0.00569	0.00490
3	0.00766	0.00686	0.01077	0.00936	0.01133	0.00620	0.15015	0.00964	0.01196	0.01548	0.13415	0.26129	0.31997	0.01224	0.00639	0.00187	0.00396	0.01112	0.00460	0.00500
4	0.01398	0.26162	0.25364	0.01448	0.06887	0.11029	0.09492	0.03698	0.01224	0.05413	0.00993	0.02833	0.00799	0.00520	0.00470	0.00148	0.00707	0.00416	0.00273	0.00727
5	0.01311	0.01434	0.01504	0.01308	0.01433	0.23351	0.05453	0.01459	0.01035	0.01286	0.00910	0.01360	0.00850	0.04482	0.14318	0.00316	0.36898	0.00467	0.00257	0.00568
6	0.00919	0.00762	0.00981	0.00891	0.00891	0.00942	0.00645	0.00964	0.00785	0.01121	0.01289	0.02567	0.01446	0.50207	0.02320	0.00403	0.31512	0.00650	0.00286	0.00420
7	0.00729	0.03720	0.00733	0.00665	0.00803	0.00542	0.00505	0.00919	0.01309	0.01746	0.39235	0.16258	0.24703	0.01237	0.00626	0.00179	0.00288	0.04800	0.00524	0.00480
8	0.03565	0.01513	0.10266	0.11825	0.30471	0.08443	0.12067	0.09783	0.01336	0.01812	0.01055	0.03532	0.00859	0.00537	0.00531	0.00164	0.00701	0.00497	0.00293	0.00750
9	0.00820	0.00628	0.00821	0.00774	0.00859	0.00640	0.03526	0.03907	0.01095	0.01484	0.17147	0.20872	0.09135	0.28799	0.01419	0.00302	0.05938	0.00962	0.00425	0.00447
10	0.17447	0.00944	0.00979	0.00876	0.01131	0.01047	0.00685	0.08905	0.30219	0.02282	0.21427	0.05372	0.02286	0.00794	0.00518	0.00171	0.00378	0.00652	0.03211	0.00676
11	0.01379	0.01348	0.04002	0.04301	0.33229	0.07842	0.08871	0.05251	0.17945	0.04329	0.03116	0.03624	0.01167	0.00590	0.00539	0.00165	0.00618	0.00542	0.00360	0.00783
12	0.01448	0.04886	0.14088	0.05818	0.09813	0.06280	0.31693	0.07608	0.01348	0.10145	0.01134	0.01341	0.00830	0.00505	0.00552	0.00166	0.00757	0.00512	0.00320	0.00757

[dist]
# distance from previous block
# <min> <max>
7	8

[block]
# block no. 2 follows, 46 sequences, length 11
# corresponding to MSA columns:
# 158-168
name=unknown_C
#
# <colnr> <probs for GDERKNQSTAVLIFYWHMCP>
#	G	D	E	R	K	N	Q	S	T	A	V	L	I	F	Y	W	H	M	C	P
0	0.01417	0.03404	0.07199	0.03170	0.10875	0.02728	0.19579	0.06151	0.07357	0.14511	0.01451	0.08423	0.01189	0.00753	0.02873	0.00191	0.04702	0.00604	0.00383	0.03039
1	0.27801	0.03469	0.00913	0.00827	0.00995	0.00932	0.00649	0.01236	0.03546	0.03188	0.01714	0.20415	0.04210	0.05150	0.09552	0.00280	0.09104	0.05118	0.00375	0.00526
2	0.01075	0.03640	0.09342	0.01516	0.18175	0.08076	0.08029	0.01419	0.05778	0.01630	0.08823	0.02727	0.25953	0.00822	0.00563	0.00166	0.00536	0.00715	0.00375	0.00641
3	0.01200	0.01012	0.01306	0.01380	0.15218	0.03105	0.05269	0.07137	0.23806	0.02080	0.17492	0.02218	0.03632	0.00721	0.00535	0.00162	0.00448	0.00632	0.11945	0.00703
4	0.00998	0.02894	0.04598	0.21945	0.04326	0.00912	0.00936	0.03099	0.08475	0.04254	0.27881	0.08932	0.04636	0.00864	0.00605	0.00174	0.02693	0.00746	0.00432	0.00600
5	0.03144	0.17105	0.10719	0.03206	0.01403	0.01082	0.08583	0.01195	0.01043	0.01423	0.01773	0.36908	0.01951	0.01037	0.00652	0.00184	0.06773	0.00896	0.00352	0.00570
6	0.01572	0.30483	0.02019	0.01221	0.01522	0.31356	0.03823	0.01797	0.05060	0.01334	0.00844	0.01020	0.00734	0.00583	0.00654	0.00148	0.14558	0.00365	0.00262	0.00645
7	0.00723	0.00542	0.00707	0.05330	0.00939	0.00518	0.00543	0.00903	0.01238	0.01673	0.34581	0.24837	0.14221	0.06681	0.00776	0.00208	0.00322	0.04288	0.00502	0.00465
8	0.01330	0.09817	0.06974	0.38443	0.02532	0.01261	0.01217	0.12948	0.01324	0.08274	0.01066	0.01305	0.00789	0.00530	0.00491	0.00154	0.00619	0.00433	0.00323	0.10171
9	0.00755	0.00566	0.00850	0.00850	0.00944	0.00661	0.00661	0.00944	0.00850	0.01227	0.01416	0.02077	0.01322	0.03965	0.79326	0.00850	0.01416	0.00566	0.00283	0.00472
10	0.70711	0.01031	0.00889	0.04387	0.01198	0.01174	0.00651	0.05194	0.01032	0.08454	0.00879	0.00979	0.00653	0.00512	0.00362	0.00164	0.00434	0.00323	0.00359	0.00615

[dist]
# distance from previous block
# <min> <max>
1	11

[block]
# block no. 3 follows, 46 sequences, length 13
# corresponding to MSA columns:
# 180-192
name=unknown_D
#
# <colnr> <probs for GDERKNQSTAVLIFYWHMCP>
#	G	D	E	R	K	N	Q	S	T	A	V	L	I	F	Y	W	H	M	C	P
0	0.18265	0.52890	0.07619	0.00878	0.01290	0.01713	0.00863	0.01515	0.01016	0.01484	0.00829	0.01090	0.00762	0.07312	0.00547	0.00161	0.00545	0.00332	0.00254	0.00634
1	0.01266	0.01271	0.01520	0.53451	0.02919	0.16203	0.01289	0.08675	0.01277	0.01530	0.01046	0.05286	0.00858	0.00598	0.00526	0.00169	0.00721	0.00497	0.00283	0.00614
2	0.01205	0.10659	0.14107	0.12618	0.02653	0.01384	0.46413	0.01631	0.01182	0.01593	0.00996	0.01312	0.00755	0.00466	0.00560	0.00169	0.00812	0.00529	0.00252	0.00702
3	0.00903	0.00786	0.01180	0.04368	0.19569	0.02459	0.04401	0.01116	0.01201	0.01631	0.18285	0.30742	0.06492	0.01103	0.00615	0.00185	0.00433	0.03534	0.00430	0.00568
4	0.00735	0.00526	0.00680	0.00667	0.00766	0.00490	0.00480	0.00936	0.01354	0.01899	0.59252	0.15504	0.04469	0.08888	0.00830	0.00207	0.00283	0.01020	0.00543	0.00471
5	0.01413	0.81739	0.02770	0.00905	0.01357	0.02092	0.00905	0.01583	0.01074	0.01244	0.00735	0.00848	0.00678	0.00452	0.00339	0.00113	0.00565	0.00283	0.00226	0.00678
6	0.00676	0.00540	0.00606	0.00597	0.00755	0.00471	0.00453	0.00853	0.01304	0.01669	0.29817	0.04737	0.50180	0.01256	0.00629	0.00177	0.00270	0.04022	0.00522	0.00466
7	0.00753	0.00542	0.00717	0.00717	0.00776	0.00586	0.00503	0.00860	0.00837	0.01154	0.01754	0.02835	0.06111	0.36281	0.42535	0.00669	0.00969	0.00684	0.00311	0.00407
8	0.30081	0.00770	0.00842	0.00792	0.00968	0.00893	0.00621	0.03617	0.00923	0.01709	0.01180	0.01699	0.01073	0.08602	0.36875	0.00508	0.04033	0.00475	0.03825	0.00514
9	0.04438	0.14096	0.09788	0.01608	0.18765	0.20966	0.01153	0.09462	0.01389	0.01747	0.07500	0.04474	0.01209	0.00606	0.00489	0.00150	0.00659	0.00476	0.00321	0.00703
10	0.01447	0.34558	0.14493	0.01280	0.07362	0.18453	0.01127	0.05199	0.01247	0.01485	0.00947	0.04898	0.00842	0.00547	0.00437	0.00136	0.00670	0.00397	0.00269	0.04205
11	0.03879	0.01193	0.08771	0.07147	0.12206	0.05004	0.03289	0.14188	0.05878	0.01865	0.01752	0.28953	0.01773	0.00935	0.00570	0.00181	0.00534	0.00821	0.00400	0.00659
12	0.01258	0.01399	0.16051	0.01043	0.01490	0.04823	0.00967	0.01940	0.24152	0.06475	0.05211	0.01543	0.01249	0.00569	0.00481	0.00138	0.00498	0.00461	0.00396	0.29858

[dist]
# distance from previous block
# <min> <max>
0	2

[block]
# block no. 4 follows, 46 sequences, length 31
# corresponding to MSA columns:
# 195-212,215-227
name=unknown_E
#
# <colnr> <probs for GDERKNQSTAVLIFYWHMCP>
#	G	D	E	R	K	N	Q	S	T	A	V	L	I	F	Y	W	H	M	C	P
0	0.01350	0.06702	0.16944	0.01306	0.05330	0.20249	0.05801	0.04110	0.05780	0.03944	0.04749	0.01600	0.01153	0.08386	0.07527	0.00245	0.00764	0.00484	0.00316	0.03260
1	0.29272	0.26531	0.01793	0.01025	0.01404	0.05391	0.08133	0.04847	0.01114	0.04199	0.00848	0.00998	0.00693	0.00510	0.00478	0.00146	0.05714	0.00350	0.00299	0.06258
2	0.06168	0.01053	0.01250	0.01003	0.01374	0.01063	0.00814	0.18539	0.14815	0.41599	0.01889	0.05243	0.01334	0.00698	0.00528	0.00168	0.00465	0.00563	0.00583	0.00851
3	0.01107	0.00955	0.01149	0.00906	0.05094	0.00732	0.00676	0.01346	0.01102	0.01723	0.00942	0.01107	0.00786	0.00395	0.00398	0.00082	0.00403	0.00321	0.00311	0.80465
4	0.00637	0.00489	0.00584	0.00659	0.00747	0.00436	0.00457	0.00745	0.01086	0.01380	0.03852	0.51884	0.32083	0.01534	0.00656	0.00201	0.00292	0.01354	0.00491	0.00436
5	0.00753	0.00514	0.00585	0.00596	0.00615	0.00506	0.00353	0.00776	0.00830	0.01092	0.02046	0.08532	0.07541	0.68134	0.02354	0.00461	0.00481	0.03142	0.00349	0.00341
6	0.00899	0.00574	0.00755	0.00691	0.00842	0.00525	0.00525	0.01145	0.01498	0.09232	0.70789	0.03749	0.04645	0.01041	0.00615	0.00166	0.00268	0.00917	0.00589	0.00536
7	0.00759	0.00550	0.00766	0.00766	0.00832	0.00616	0.00557	0.00891	0.00825	0.01166	0.01492	0.02498	0.01505	0.27570	0.55971	0.00747	0.01141	0.00628	0.00295	0.00426
8	0.00682	0.00538	0.00615	0.00596	0.00749	0.00471	0.00447	0.00870	0.01341	0.01751	0.39214	0.04556	0.43848	0.01218	0.00624	0.00173	0.00259	0.01041	0.00533	0.00471
9	0.01157	0.01157	0.01619	0.01388	0.01388	0.01619	0.01157	0.01272	0.00810	0.01272	0.00694	0.01157	0.00694	0.00925	0.01735	0.00231	0.80453	0.00463	0.00231	0.00578
10	0.85155	0.01022	0.00777	0.00695	0.01022	0.01186	0.00573	0.01554	0.00900	0.02372	0.00736	0.00859	0.00573	0.00491	0.00327	0.00164	0.00409	0.00286	0.00327	0.00573
11	0.85155	0.01022	0.00777	0.00695	0.01022	0.01186	0.00573	0.01554	0.00900	0.02372	0.00736	0.00859	0.00573	0.00491	0.00327	0.00164	0.00409	0.00286	0.00327	0.00573
12	0.00756	0.00563	0.00831	0.00831	0.00919	0.00651	0.00637	0.00932	0.00844	0.01213	0.01433	0.02172	0.01363	0.09297	0.74051	0.00826	0.01354	0.00580	0.00286	0.00462
13	0.00918	0.00459	0.00689	0.00689	0.00689	0.00459	0.00459	0.00689	0.00689	0.00918	0.00918	0.01607	0.00918	0.01837	0.02066	0.84619	0.00459	0.00459	0.00230	0.00230
14	0.01254	0.01399	0.02940	0.02121	0.02634	0.01335	0.69184	0.01797	0.08318	0.01742	0.01170	0.01477	0.00878	0.00471	0.00616	0.00178	0.00847	0.00621	0.00293	0.00725
15	0.07109	0.01404	0.25717	0.01151	0.01527	0.00948	0.02566	0.08312	0.01262	0.01812	0.01864	0.06344	0.01859	0.02868	0.00652	0.00210	0.00585	0.32801	0.00387	0.00623
16	0.00688	0.00491	0.00663	0.00786	0.00835	0.00467	0.00566	0.00811	0.01055	0.01398	0.02890	0.65385	0.03402	0.01615	0.00686	0.00221	0.00344	0.16765	0.00490	0.00441
17	0.01425	0.56458	0.16661	0.01068	0.01567	0.07478	0.01113	0.06235	0.01199	0.01455	0.00813	0.00931	0.00691	0.00479	0.00391	0.00128	0.00634	0.00319	0.00248	0.00706
18	0.01184	0.01116	0.01861	0.11464	0.58277	0.01134	0.01449	0.01481	0.01185	0.01647	0.01458	0.03373	0.06958	0.00619	0.00546	0.00166	0.00595	0.04442	0.00293	0.00753
19	0.01597	0.01676	0.18098	0.01376	0.06406	0.03864	0.01215	0.39932	0.08544	0.02526	0.01313	0.01391	0.02474	0.00736	0.03156	0.00187	0.03792	0.00479	0.00419	0.00820
20	0.03010	0.03181	0.06220	0.01189	0.01506	0.06161	0.02483	0.13878	0.40964	0.02144	0.01618	0.01672	0.01249	0.00704	0.00669	0.00178	0.09965	0.01982	0.00447	0.00781
21	0.02032	0.01444	0.01564	0.01199	0.01621	0.01585	0.00990	0.71725	0.02424	0.08054	0.01321	0.01303	0.00925	0.00636	0.00529	0.00159	0.00573	0.00479	0.00537	0.00899
22	0.32996	0.00830	0.00823	0.00707	0.00989	0.00868	0.00571	0.04642	0.01184	0.20942	0.01424	0.01483	0.01032	0.00579	0.00400	0.00150	0.00371	0.00424	0.28948	0.00639
23	0.01437	0.01097	0.01258	0.01030	0.01351	0.01180	0.00831	0.36032	0.08750	0.02364	0.01347	0.01550	0.01075	0.01601	0.24030	0.00355	0.00788	0.00491	0.00425	0.13009
24	0.00939	0.00638	0.00726	0.00668	0.00861	0.00567	0.00499	0.03477	0.01174	0.08154	0.04411	0.09111	0.31638	0.14403	0.00923	0.00223	0.00363	0.05155	0.05614	0.10458
25	0.01093	0.00617	0.00817	0.00724	0.00909	0.00558	0.00558	0.01333	0.01500	0.18326	0.61767	0.03493	0.04207	0.00990	0.00604	0.00166	0.00292	0.00866	0.00597	0.00584
26	0.33102	0.01178	0.06952	0.03005	0.24196	0.01179	0.01059	0.01514	0.01021	0.04562	0.01019	0.05194	0.00898	0.03692	0.00669	0.00185	0.09147	0.00459	0.00307	0.00662
27	0.01120	0.00961	0.01107	0.00815	0.01266	0.00771	0.00649	0.01491	0.09307	0.01775	0.01070	0.01191	0.00873	0.00427	0.00407	0.00089	0.00394	0.00344	0.00337	0.75606
28	0.00673	0.00482	0.00648	0.00749	0.00789	0.00469	0.00514	0.00777	0.00985	0.01323	0.02652	0.63905	0.03121	0.06936	0.10184	0.00310	0.00459	0.04139	0.00455	0.00430
29	0.00726	0.00531	0.00682	0.00662	0.00781	0.00487	0.00490	0.00948	0.01417	0.01975	0.63301	0.12795	0.10897	0.01168	0.00629	0.00173	0.00257	0.01031	0.00564	0.00487
30	0.01125	0.13800	0.29294	0.28283	0.06447	0.01353	0.09439	0.01550	0.01108	0.01504	0.00928	0.01218	0.00705	0.00496	0.00501	0.00163	0.00727	0.00430	0.00234	0.00696

[dist]
# distance from previous block
# <min> <max>
0	1

[block]
# block no. 5 follows, 46 sequences, length 66
# corresponding to MSA columns:
# 229-294
name=unknown_F
#
# <colnr> <probs for GDERKNQSTAVLIFYWHMCP>
#	G	D	E	R	K	N	Q	S	T	A	V	L	I	F	Y	W	H	M	C	P
0	0.65481	0.03439	0.01145	0.00925	0.01261	0.07124	0.08037	0.01601	0.00981	0.02155	0.00773	0.00931	0.00610	0.00504	0.00416	0.00164	0.03221	0.00329	0.00311	0.00592
1	0.00916	0.00599	0.00826	0.00787	0.00905	0.00637	0.00596	0.01083	0.01014	0.08898	0.12602	0.02667	0.06262	0.14246	0.43071	0.00584	0.02753	0.00677	0.00378	0.00497
2	0.01029	0.00971	0.01640	0.72624	0.10930	0.01183	0.01483	0.01377	0.01071	0.01388	0.00945	0.01400	0.00718	0.00523	0.00528	0.00174	0.00697	0.00470	0.00238	0.00612
3	0.00741	0.00540	0.00696	0.00657	0.00785	0.00496	0.00493	0.00983	0.01478	0.02077	0.73351	0.04020	0.09508	0.01097	0.00624	0.00167	0.00251	0.00966	0.00576	0.00496
4	0.01333	0.00676	0.00871	0.00798	0.01018	0.00608	0.00633	0.01503	0.01276	0.29749	0.06418	0.10041	0.18011	0.08962	0.00818	0.00221	0.00405	0.15514	0.00538	0.00610
5	0.00880	0.00567	0.00706	0.00672	0.00828	0.00506	0.00503	0.01071	0.01353	0.10217	0.39945	0.15081	0.23304	0.01184	0.00621	0.00176	0.00284	0.01029	0.00553	0.00519
6	0.00773	0.00561	0.00745	0.00780	0.00901	0.00533	0.00628	0.01002	0.01337	0.01814	0.38905	0.09664	0.09374	0.01282	0.00668	0.00200	0.00346	0.29469	0.00533	0.00486
7	0.18077	0.63780	0.04189	0.00877	0.01313	0.01891	0.00864	0.01579	0.01040	0.01479	0.00740	0.00857	0.00657	0.00461	0.00341	0.00124	0.00539	0.00286	0.00246	0.00660
8	0.00794	0.00624	0.00925	0.00902	0.00987	0.00755	0.00709	0.00976	0.00846	0.01232	0.01345	0.01987	0.01260	0.03667	0.71733	0.00789	0.09151	0.00556	0.00278	0.00482
9	0.01686	0.14891	0.18372	0.01305	0.01720	0.46754	0.01195	0.01960	0.02919	0.03323	0.00892	0.01014	0.00713	0.00527	0.00463	0.00141	0.00832	0.00352	0.00270	0.00671
10	0.00733	0.00594	0.00693	0.00812	0.02408	0.04723	0.00540	0.00839	0.01066	0.01383	0.05398	0.69640	0.06109	0.01540	0.00657	0.00206	0.00345	0.01386	0.00477	0.00451
11	0.00985	0.00493	0.00493	0.00493	0.00616	0.00493	0.00370	0.01232	0.01109	0.01971	0.01725	0.01971	0.01355	0.00616	0.00370	0.00123	0.00246	0.00493	0.84356	0.00493
12	0.01096	0.00940	0.01096	0.00783	0.01253	0.00705	0.00626	0.01331	0.01096	0.01723	0.00940	0.01096	0.00783	0.00392	0.00392	0.00078	0.00392	0.00313	0.00313	0.84653
13	0.01488	0.17502	0.10830	0.05811	0.07044	0.05348	0.15837	0.11925	0.09291	0.08099	0.01187	0.01310	0.00892	0.00535	0.00505	0.00157	0.00662	0.00467	0.00347	0.00763
14	0.00742	0.00537	0.00700	0.00665	0.00787	0.00495	0.00497	0.00983	0.01472	0.02076	0.73484	0.06995	0.06361	0.01108	0.00626	0.00168	0.00252	0.00981	0.00577	0.00495
15	0.01344	0.01159	0.01213	0.01060	0.01382	0.02601	0.00829	0.06795	0.64230	0.02211	0.01961	0.01830	0.01476	0.00678	0.00522	0.00168	0.00434	0.00559	0.00511	0.09039
16	0.00644	0.00460	0.00613	0.00736	0.00767	0.00429	0.00491	0.00736	0.01012	0.01350	0.02914	0.81076	0.03497	0.01656	0.00675	0.00215	0.00307	0.01503	0.00491	0.00429
17	0.04844	0.05276	0.39877	0.01301	0.01883	0.01174	0.06034	0.05317	0.06979	0.14647	0.01301	0.04016	0.00963	0.00579	0.00507	0.00164	0.00642	0.00475	0.00353	0.03669
18	0.01190	0.03857	0.31139	0.03278	0.06735	0.01309	0.25649	0.01857	0.14377	0.01751	0.01188	0.01376	0.00888	0.00529	0.00574	0.00173	0.02570	0.00507	0.00295	0.00761
19	0.00648	0.00472	0.00610	0.00712	0.00763	0.00435	0.00482	0.00752	0.01057	0.01397	0.07025	0.69403	0.11109	0.01594	0.00667	0.00209	0.00300	0.01435	0.00495	0.00435
20	0.00949	0.00817	0.00832	0.00832	0.00987	0.09238	0.00652	0.01267	0.07891	0.01761	0.26334	0.09478	0.12103	0.01128	0.00615	0.00185	0.00405	0.18726	0.05276	0.00526
21	0.01229	0.03551	0.21615	0.14201	0.17138	0.04526	0.12686	0.07137	0.04390	0.01735	0.01156	0.06136	0.00956	0.00581	0.00538	0.00168	0.00699	0.00531	0.00293	0.00732
22	0.01217	0.01639	0.15425	0.02111	0.02686	0.01319	0.64112	0.01690	0.01226	0.01690	0.01050	0.01376	0.00781	0.00455	0.00604	0.00176	0.00873	0.00586	0.00260	0.00724
23	0.00706	0.00523	0.00569	0.00573	0.00654	0.00484	0.00373	0.00775	0.00983	0.01239	0.05165	0.06518	0.33615	0.42393	0.01687	0.00352	0.00398	0.02206	0.00406	0.00383
24	0.01325	0.01176	0.01782	0.12966	0.24956	0.01259	0.10429	0.08970	0.21641	0.03415	0.01421	0.01662	0.01110	0.00591	0.00542	0.00170	0.00593	0.02492	0.02727	0.00775
25	0.04566	0.14425	0.06138	0.04876	0.05518	0.22691	0.04162	0.04465	0.01317	0.06309	0.11560	0.01511	0.01343	0.00632	0.00583	0.00154	0.06852	0.00470	0.01774	0.00654
26	0.01342	0.00650	0.00812	0.00712	0.00860	0.00605	0.00490	0.01418	0.01044	0.28912	0.01852	0.05060	0.01746	0.50095	0.01857	0.00379	0.00484	0.00704	0.00445	0.00532
27	0.22987	0.00671	0.00717	0.00707	0.00859	0.00692	0.00510	0.01149	0.00986	0.09099	0.02079	0.28010	0.06541	0.17369	0.05110	0.00287	0.00445	0.00869	0.00419	0.00494
28	0.02862	0.02086	0.37090	0.01621	0.12836	0.15812	0.03490	0.03030	0.01238	0.05133	0.01248	0.06979	0.03032	0.00619	0.00518	0.00164	0.00721	0.00504	0.00293	0.00725
29	0.00886	0.00525	0.00770	0.08458	0.00979	0.00556	0.00550	0.00789	0.00753	0.01006	0.01095	0.01956	0.01109	0.15997	0.08575	0.54346	0.00574	0.00524	0.00251	0.00301
30	0.00706	0.00558	0.00642	0.00659	0.00795	0.00513	0.00483	0.00945	0.06107	0.01614	0.20397	0.23911	0.36495	0.01325	0.00634	0.00186	0.00288	0.02748	0.00514	0.00480
31	0.00827	0.00632	0.00899	0.00834	0.00915	0.00641	0.07253	0.03441	0.00944	0.01276	0.01879	0.23342	0.02109	0.40405	0.10301	0.00424	0.02179	0.00910	0.00361	0.00426
32	0.01690	0.25666	0.03608	0.04569	0.03715	0.31627	0.01002	0.01873	0.01299	0.11416	0.03582	0.01179	0.00914	0.00568	0.00524	0.00142	0.05253	0.00386	0.00314	0.00673
33	0.00755	0.00566	0.00850	0.00850	0.00944	0.00661	0.00661	0.00944	0.00850	0.01227	0.01416	0.02077	0.01322	0.03965	0.79326	0.00850	0.01416	0.00566	0.00283	0.00472
34	0.02347	0.00905	0.01226	0.00944	0.01350	0.00789	0.00778	0.02582	0.03264	0.76724	0.02087	0.01803	0.01316	0.00656	0.00532	0.00164	0.00449	0.00533	0.00652	0.00898
35	0.01230	0.01779	0.36266	0.07701	0.08891	0.01134	0.01427	0.03921	0.13029	0.08765	0.09297	0.01652	0.01350	0.00613	0.00528	0.00168	0.00614	0.00511	0.00361	0.00764
36	0.01076	0.12684	0.40697	0.04956	0.07015	0.01229	0.04908	0.01498	0.01112	0.01559	0.01266	0.08942	0.01160	0.00692	0.00553	0.00173	0.02506	0.07001	0.00277	0.00696
37	0.01434	0.01398	0.01279	0.01144	0.01388	0.18451	0.00892	0.02327	0.43373	0.03596	0.01702	0.01695	0.02853	0.00716	0.00687	0.00174	0.11720	0.00527	0.03914	0.00730
38	0.19678	0.05247	0.06038	0.04922	0.13254	0.16154	0.15799	0.01699	0.01166	0.03548	0.00920	0.01150	0.00731	0.00523	0.00557	0.00162	0.05794	0.00424	0.01562	0.00671
39	0.01368	0.00860	0.01031	0.00866	0.01139	0.00851	0.00684	0.12117	0.13105	0.18274	0.33850	0.02687	0.04468	0.00840	0.00565	0.00162	0.00372	0.00713	0.00566	0.05483
40	0.01345	0.01178	0.01635	0.07811	0.24798	0.02728	0.05414	0.16139	0.14116	0.02042	0.01465	0.08130	0.01269	0.00681	0.00545	0.00167	0.00564	0.03618	0.00389	0.05967
41	0.06430	0.01693	0.24982	0.03264	0.14819	0.01354	0.07489	0.13373	0.01298	0.01922	0.03031	0.01272	0.00861	0.00606	0.00737	0.00177	0.15189	0.00460	0.00299	0.00743
42	0.00669	0.00535	0.00599	0.00595	0.00748	0.00465	0.00445	0.00839	0.01287	0.01645	0.27965	0.08571	0.49791	0.01276	0.00629	0.00178	0.00268	0.02513	0.00519	0.00463
43	0.01808	0.01348	0.01508	0.01201	0.01547	0.01534	0.00985	0.50285	0.13938	0.07424	0.01380	0.01397	0.01009	0.00688	0.00692	0.00172	0.11246	0.00497	0.00498	0.00846
44	0.00712	0.00524	0.00577	0.00585	0.00663	0.00488	0.00384	0.00783	0.00980	0.01239	0.04819	0.07026	0.31242	0.42659	0.01697	0.00355	0.00404	0.04076	0.00405	0.00384
45	0.01991	0.00897	0.01124	0.00887	0.01243	0.00831	0.00725	0.12413	0.01570	0.51747	0.02251	0.02068	0.08754	0.00714	0.00522	0.00160	0.00427	0.00577	0.10293	0.00808
46	0.82905	0.01019	0.00789	0.00702	0.01031	0.01175	0.00578	0.01582	0.00916	0.04441	0.00773	0.00884	0.00593	0.00495	0.00333	0.00164	0.00410	0.00293	0.00336	0.00581
47	0.01157	0.01157	0.01619	0.01388	0.01388	0.01619	0.01157	0.01272	0.00810	0.01272	0.00694	0.01157	0.00694	0.00925	0.01735	0.00231	0.80453	0.00463	0.00231	0.00578
48	0.01876	0.01381	0.01491	0.01169	0.01554	0.01521	0.00955	0.68960	0.02341	0.03138	0.01430	0.09079	0.01153	0.00735	0.00543	0.00164	0.00555	0.00576	0.00525	0.00853
49	0.02336	0.00957	0.01262	0.00968	0.01378	0.00861	0.00799	0.09797	0.01608	0.71135	0.02006	0.01747	0.01269	0.00652	0.00531	0.00163	0.00463	0.00526	0.00642	0.00900
50	0.85155	0.01022	0.00777	0.00695	0.01022	0.01186	0.00573	0.01554	0.00900	0.02372	0.00736	0.00859	0.00573	0.00491	0.00327	0.00164	0.00409	0.00286	0.00327	0.00573
51	0.08240	0.00908	0.01195	0.00923	0.01326	0.00806	0.00763	0.02504	0.01470	0.73094	0.01990	0.01733	0.01256	0.00643	0.00517	0.00164	0.00447	0.00514	0.00631	0.00876
52	0.01113	0.01092	0.01535	0.01329	0.01339	0.01514	0.01102	0.01236	0.00814	0.01267	0.00773	0.01258	0.00763	0.01259	0.10256	0.00299	0.71773	0.00474	0.00237	0.00567
53	0.00670	0.00478	0.00643	0.00765	0.00807	0.00451	0.00535	0.00780	0.01037	0.01378	0.02900	0.71836	0.03441	0.01632	0.00682	0.00218	0.00329	0.10491	0.00490	0.00436
54	0.00805	0.00563	0.00679	0.00719	0.00841	0.00520	0.00521	0.02964	0.03173	0.05982	0.03562	0.44416	0.26595	0.01435	0.00646	0.00199	0.00323	0.05065	0.00502	0.00489
55	0.01806	0.00891	0.01146	0.00948	0.01271	0.00857	0.02422	0.03803	0.17158	0.44459	0.03770	0.11031	0.01687	0.00785	0.00544	0.00171	0.00423	0.00665	0.05366	0.00796
56	0.01327	0.01233	0.05210	0.02969	0.01971	0.01175	0.32900	0.16398	0.01426	0.06747	0.01491	0.10293	0.02941	0.01009	0.08325	0.00244	0.02597	0.00675	0.00372	0.00698
57	0.00716	0.00536	0.00679	0.00760	0.00868	0.00500	0.00592	0.00880	0.01159	0.01488	0.06994	0.30348	0.23966	0.01474	0.00678	0.00212	0.00356	0.26842	0.00494	0.00457
58	0.00690	0.00481	0.00598	0.00672	0.00694	0.00461	0.00425	0.00749	0.00925	0.01230	0.02500	0.50255	0.04573	0.31573	0.01430	0.00326	0.00383	0.01219	0.00427	0.00389
59	0.01452	0.24573	0.01959	0.04664	0.08948	0.20454	0.05025	0.03718	0.07291	0.01481	0.01134	0.01371	0.03466	0.00614	0.00616	0.00155	0.09979	0.02140	0.00292	0.00670
60	0.03320	0.09285	0.08335	0.12207	0.05513	0.09669	0.11610	0.11349	0.01386	0.06271	0.08388	0.01596	0.03275	0.00622	0.00586	0.00163	0.04872	0.00516	0.00347	0.00691
61	0.01318	0.06046	0.15383	0.01225	0.01715	0.03114	0.11623	0.13084	0.06754	0.03829	0.01264	0.02491	0.02689	0.00547	0.00492	0.00140	0.00585	0.01507	0.00351	0.25843
62	0.04554	0.04821	0.05115	0.00869	0.01032	0.05278	0.02395	0.03213	0.01046	0.06815	0.03153	0.11404	0.01855	0.33586	0.01480	0.00318	0.04253	0.07944	0.00372	0.00499
63	0.02503	0.00700	0.01067	0.01044	0.05739	0.00651	0.09778	0.01109	0.01213	0.06644	0.16082	0.28846	0.16650	0.01181	0.00628	0.00189	0.00400	0.04561	0.00473	0.00540
64	0.05123	0.02440	0.01364	0.10079	0.09720	0.06969	0.07394	0.09306	0.03107	0.06647	0.10116	0.02590	0.20036	0.00807	0.00557	0.00168	0.00523	0.01999	0.00414	0.00641
65	0.01577	0.01122	0.01362	0.08831	0.01650	0.04966	0.05165	0.16278	0.17334	0.18515	0.03139	0.10341	0.01455	0.00738	0.00545	0.00168	0.00521	0.00627	0.00487	0.05179

[dist]
# distance from previous block
# <min> <max>
0	3

[block]
# block no. 6 follows, 46 sequences, length 52
# corresponding to MSA columns:
# 298-328,330-350
name=unknown_G
#
# <colnr> <probs for GDERKNQSTAVLIFYWHMCP>
#	G	D	E	R	K	N	Q	S	T	A	V	L	I	F	Y	W	H	M	C	P
0	0.01282	0.14995	0.27106	0.04735	0.02062	0.06676	0.17044	0.03400	0.01201	0.03769	0.00968	0.01158	0.00740	0.00478	0.00487	0.00146	0.00710	0.00417	0.00269	0.12357
1	0.01009	0.01490	0.26440	0.40103	0.07541	0.01122	0.01508	0.01408	0.01053	0.01448	0.01025	0.01502	0.00826	0.07196	0.04010	0.00228	0.00739	0.00473	0.00242	0.00639
2	0.01228	0.00811	0.01061	0.13645	0.03458	0.00842	0.00783	0.14058	0.01346	0.13306	0.03910	0.25285	0.06526	0.10293	0.00829	0.00221	0.00468	0.00867	0.00457	0.00607
3	0.01371	0.08654	0.07151	0.13763	0.16586	0.10442	0.09344	0.03112	0.01214	0.08953	0.01171	0.04384	0.00973	0.00788	0.05125	0.00204	0.04052	0.01709	0.00309	0.00695
4	0.01085	0.00853	0.01108	0.04628	0.14470	0.06237	0.00871	0.01269	0.01167	0.08931	0.02272	0.32741	0.04834	0.01164	0.00651	0.00197	0.02627	0.13883	0.00433	0.00580
5	0.00769	0.00597	0.00697	0.00688	0.00833	0.00572	0.00509	0.01111	0.10616	0.01795	0.33059	0.17831	0.24811	0.01203	0.00617	0.00179	0.00286	0.01046	0.02270	0.00513
6	0.04434	0.07269	0.05208	0.07689	0.30325	0.05616	0.01153	0.03533	0.02940	0.01622	0.08140	0.01681	0.01272	0.00790	0.00755	0.13321	0.00575	0.02728	0.00304	0.00646
7	0.01673	0.15789	0.04124	0.02549	0.01483	0.09396	0.00973	0.17360	0.03730	0.16556	0.04129	0.01406	0.01066	0.02239	0.00753	0.00171	0.15007	0.00461	0.00402	0.00735
8	0.00697	0.00505	0.00643	0.00675	0.00756	0.00467	0.00472	0.00852	0.01216	0.01658	0.34928	0.35180	0.10657	0.07826	0.00811	0.00215	0.00295	0.01176	0.00516	0.00452
9	0.00739	0.00536	0.00667	0.00663	0.00733	0.00546	0.00456	0.00843	0.00933	0.01256	0.09305	0.03342	0.14406	0.36854	0.25917	0.00530	0.00728	0.00780	0.00361	0.00405
10	0.00690	0.00479	0.00600	0.00677	0.00697	0.00460	0.00428	0.00748	0.00922	0.01230	0.02454	0.52482	0.02916	0.31041	0.01417	0.00324	0.00383	0.01232	0.00428	0.00389
11	0.00657	0.00535	0.00587	0.00619	0.00771	0.00465	0.00472	0.00799	0.01181	0.01438	0.04699	0.15283	0.58309	0.01397	0.00645	0.00192	0.00301	0.10710	0.00490	0.00449
12	0.04197	0.01184	0.01249	0.00993	0.01328	0.01297	0.00810	0.52593	0.02044	0.02913	0.01384	0.01458	0.01020	0.00625	0.00477	0.00149	0.00480	0.00475	0.24552	0.00773
13	0.85155	0.01022	0.00777	0.00695	0.01022	0.01186	0.00573	0.01554	0.00900	0.02372	0.00736	0.00859	0.00573	0.00491	0.00327	0.00164	0.00409	0.00286	0.00327	0.00573
14	0.00726	0.00534	0.00679	0.00655	0.00779	0.00487	0.00487	0.00950	0.01425	0.01980	0.63620	0.09938	0.13462	0.01155	0.00628	0.00171	0.00256	0.01016	0.00564	0.00487
15	0.00758	0.00555	0.00793	0.00793	0.00867	0.00630	0.00590	0.00907	0.00833	0.01185	0.01468	0.02366	0.01447	0.20149	0.63313	0.00779	0.01227	0.00609	0.00291	0.00440
16	0.01459	0.64721	0.02525	0.05236	0.04058	0.11831	0.00973	0.01639	0.01131	0.01272	0.00765	0.00906	0.00685	0.00469	0.00373	0.00121	0.00624	0.00306	0.00234	0.00671
17	0.00666	0.00477	0.00633	0.00721	0.00772	0.00444	0.00492	0.00792	0.01115	0.01514	0.18888	0.64634	0.03814	0.01534	0.00664	0.00204	0.00294	0.01386	0.00510	0.00444
18	0.01152	0.08037	0.02023	0.51308	0.03126	0.01318	0.17734	0.06177	0.01190	0.01541	0.00971	0.01356	0.00736	0.00511	0.00533	0.00170	0.00726	0.00488	0.00260	0.00642
19	0.01082	0.04369	0.71279	0.01548	0.02304	0.01255	0.07567	0.01674	0.01125	0.01666	0.00953	0.01134	0.00680	0.00497	0.00508	0.00167	0.00785	0.00406	0.00227	0.00774
20	0.00677	0.00465	0.00599	0.00706	0.00750	0.00436	0.00476	0.00786	0.01027	0.01413	0.02864	0.71090	0.05372	0.01544	0.00643	0.00205	0.00300	0.01392	0.08817	0.00436
21	0.00955	0.00660	0.01037	0.24575	0.03899	0.00744	0.00831	0.02441	0.00869	0.01157	0.00994	0.01589	0.00901	0.01639	0.10906	0.45028	0.00656	0.00476	0.00245	0.00397
22	0.01421	0.01510	0.03022	0.01331	0.06133	0.26817	0.08230	0.09762	0.01320	0.01596	0.01119	0.01531	0.00979	0.08415	0.14887	0.00306	0.03513	0.00478	0.02991	0.04638
23	0.00869	0.00684	0.00803	0.00842	0.00959	0.00724	0.00598	0.01419	0.26034	0.01620	0.02614	0.52035	0.02816	0.04473	0.00709	0.00215	0.00351	0.01177	0.00500	0.00559
24	0.01272	0.04875	0.27608	0.01813	0.22191	0.07048	0.03909	0.01789	0.09452	0.03218	0.01099	0.01259	0.00849	0.00506	0.00495	0.00151	0.00655	0.00428	0.00293	0.11090
25	0.04304	0.01377	0.04391	0.01107	0.01507	0.04038	0.00932	0.49283	0.05014	0.08651	0.03581	0.01418	0.01072	0.00625	0.00506	0.00153	0.00540	0.00477	0.05344	0.05678
26	0.00835	0.00546	0.00696	0.00651	0.00785	0.00507	0.00491	0.01082	0.01445	0.04672	0.65116	0.03612	0.04379	0.01004	0.00586	0.00160	0.00256	0.00880	0.11784	0.00512
27	0.01975	0.02520	0.01498	0.01362	0.01634	0.79299	0.01021	0.02111	0.01498	0.01294	0.00817	0.00953	0.00681	0.00545	0.00477	0.00136	0.00953	0.00340	0.00272	0.00613
28	0.01140	0.01167	0.09863	0.12828	0.09014	0.00887	0.00997	0.01441	0.01117	0.04208	0.00984	0.01188	0.00781	0.00440	0.00441	0.00113	0.00505	0.00367	0.00298	0.52221
29	0.04521	0.20004	0.01896	0.01654	0.19915	0.34051	0.01105	0.01893	0.01312	0.07659	0.00941	0.01080	0.00765	0.00513	0.00456	0.00139	0.00728	0.00372	0.00292	0.00704
30	0.01957	0.05050	0.01539	0.01347	0.01625	0.76833	0.01018	0.02094	0.01485	0.01292	0.00815	0.00950	0.00681	0.00542	0.00472	0.00135	0.00941	0.00339	0.00271	0.00615
31	0.00722	0.00620	0.00695	0.00802	0.05241	0.03383	0.00530	0.00849	0.01139	0.01409	0.03966	0.34938	0.41025	0.01386	0.00633	0.00190	0.00329	0.01204	0.00470	0.00468
32	0.00665	0.00464	0.00614	0.00722	0.00749	0.00437	0.00476	0.00737	0.00979	0.01306	0.02732	0.71634	0.03264	0.07931	0.00892	0.03789	0.00329	0.01401	0.00466	0.00412
33	0.50767	0.01282	0.01044	0.00890	0.01226	0.11222	0.00720	0.16864	0.01334	0.05873	0.00952	0.01038	0.00715	0.00539	0.00398	0.00158	0.00510	0.00350	0.03463	0.00656
34	0.00639	0.00480	0.00593	0.00684	0.00753	0.00434	0.00467	0.00742	0.01062	0.01370	0.03551	0.61245	0.22916	0.01573	0.00662	0.00205	0.00297	0.01402	0.00491	0.00434
35	0.01705	0.26966	0.01844	0.01158	0.01500	0.38043	0.00949	0.04823	0.13461	0.03301	0.01051	0.01114	0.00852	0.00549	0.00447	0.00137	0.00721	0.00373	0.00319	0.00686
36	0.03290	0.29182	0.10392	0.01060	0.01486	0.02808	0.04990	0.03123	0.02793	0.21758	0.01355	0.07691	0.01103	0.00630	0.00501	0.00150	0.02792	0.00494	0.00380	0.04021
37	0.03885	0.10963	0.08838	0.11903	0.05780	0.09088	0.03778	0.03114	0.05274	0.14106	0.11803	0.01899	0.06035	0.00666	0.00515	0.00159	0.00569	0.00548	0.00393	0.00686
38	0.04246	0.01875	0.01598	0.08942	0.08473	0.41026	0.04939	0.14372	0.03118	0.01753	0.01040	0.04262	0.00866	0.00592	0.00506	0.00153	0.00783	0.00451	0.00326	0.00679
39	0.01760	0.00800	0.01047	0.00850	0.01155	0.00725	0.00683	0.06432	0.01540	0.46030	0.24799	0.03773	0.03937	0.00810	0.00558	0.00164	0.00386	0.00682	0.03117	0.00751
40	0.05184	0.04419	0.30555	0.08286	0.15964	0.03472	0.03619	0.01682	0.02750	0.09806	0.02700	0.04095	0.03987	0.00598	0.00514	0.00165	0.00642	0.00503	0.00317	0.00739
41	0.06032	0.01521	0.17391	0.12808	0.03770	0.05325	0.11197	0.07880	0.05836	0.17986	0.01273	0.01390	0.00902	0.00571	0.00570	0.00170	0.03772	0.00478	0.00374	0.00755
42	0.00660	0.00472	0.00628	0.00725	0.00770	0.00440	0.00492	0.00776	0.01086	0.01468	0.14411	0.69241	0.03725	0.01568	0.00667	0.00207	0.00298	0.01419	0.00505	0.00440
43	0.02010	0.01481	0.01587	0.01216	0.01639	0.01639	0.01005	0.76360	0.02486	0.03332	0.01269	0.01269	0.00899	0.00635	0.00529	0.00159	0.00582	0.00476	0.00529	0.00899
44	0.01096	0.00940	0.01096	0.00783	0.01253	0.00705	0.00626	0.01331	0.01096	0.01723	0.00940	0.01096	0.00783	0.00392	0.00392	0.00078	0.00392	0.00313	0.00313	0.84653
45	0.00729	0.00565	0.00759	0.00800	0.00918	0.00526	0.03530	0.00890	0.01135	0.01455	0.04899	0.30643	0.24101	0.04383	0.00748	0.00221	0.00377	0.22386	0.00476	0.00459
46	0.00946	0.00748	0.03382	0.00909	0.05750	0.02772	0.00632	0.05550	0.04324	0.01651	0.02052	0.32157	0.02136	0.09124	0.04653	0.00241	0.00441	0.00903	0.21104	0.00524
47	0.03397	0.00624	0.00896	0.03206	0.00994	0.00634	0.03129	0.01146	0.02413	0.11023	0.01291	0.01918	0.01140	0.01366	0.01428	0.47895	0.02810	0.05378	0.08890	0.00417
48	0.02936	0.08676	0.20365	0.01414	0.10513	0.13314	0.01207	0.11348	0.04302	0.04650	0.01102	0.03714	0.00886	0.00552	0.00479	0.00144	0.00641	0.00429	0.00326	0.12999
49	0.00761	0.00536	0.00772	0.00787	0.00853	0.00594	0.00580	0.00871	0.00843	0.01186	0.01574	0.11887	0.01613	0.12194	0.52636	0.09815	0.01074	0.00693	0.00307	0.00423
50	0.04234	0.29452	0.03157	0.05291	0.01599	0.12484	0.03981	0.08336	0.13130	0.01689	0.01055	0.01167	0.00855	0.00549	0.00508	0.00143	0.04852	0.00394	0.00320	0.06804
51	0.01439	0.18550	0.12255	0.04674	0.07056	0.07607	0.01185	0.01709	0.03154	0.12093	0.01011	0.01202	0.00807	0.00646	0.00837	0.00172	0.24183	0.00419	0.00302	0.00700

[dist]
# distance from previous block
# <min> <max>
5	12

[block]
# block no. 7 follows, 46 sequences, length 66
# corresponding to MSA columns:
# 363-390,392-405,407-430
name=unknown_H
#
# <colnr> <probs for GDERKNQSTAVLIFYWHMCP>
#	G	D	E	R	K	N	Q	S	T	A	V	L	I	F	Y	W	H	M	C	P
0	0.00880	0.00688	0.00799	0.00789	0.00960	0.00684	0.00592	0.01353	0.19232	0.03079	0.12671	0.26749	0.17937	0.01201	0.00613	0.00187	0.00337	0.05936	0.00507	0.04806
1	0.03002	0.01219	0.01950	0.25990	0.19301	0.05902	0.17125	0.01599	0.05770	0.01606	0.04493	0.01481	0.00998	0.00565	0.00636	0.00174	0.06702	0.00520	0.00286	0.00681
2	0.00768	0.00561	0.00642	0.00646	0.00737	0.00536	0.00445	0.03868	0.01088	0.01411	0.10082	0.13223	0.23429	0.33360	0.01460	0.00319	0.00397	0.06175	0.00433	0.00420
3	0.01093	0.07913	0.01554	0.01232	0.01291	0.01455	0.01029	0.01229	0.00841	0.01260	0.00851	0.01326	0.00826	0.01533	0.18150	0.00353	0.56788	0.00469	0.00242	0.00564
4	0.00870	0.00566	0.00730	0.00681	0.00829	0.00514	0.00513	0.01095	0.01442	0.08534	0.60359	0.08596	0.11041	0.01102	0.00619	0.00170	0.00272	0.00967	0.00574	0.00524
5	0.00759	0.00566	0.00728	0.00743	0.00852	0.00568	0.00560	0.03048	0.01123	0.01504	0.14365	0.15957	0.17252	0.08902	0.22410	0.00401	0.00639	0.08725	0.00434	0.00465
6	0.01155	0.00681	0.00867	0.00762	0.00968	0.00642	0.00591	0.03109	0.07243	0.18102	0.52657	0.03322	0.05826	0.00961	0.00596	0.00167	0.00312	0.00834	0.00590	0.00616
7	0.16564	0.00921	0.01150	0.00899	0.01293	0.00847	0.00742	0.02401	0.01408	0.65440	0.01854	0.01638	0.01182	0.00626	0.00497	0.00164	0.00443	0.00490	0.00598	0.00844
8	0.06523	0.02362	0.58274	0.01556	0.02253	0.01261	0.13550	0.05040	0.01185	0.01797	0.00969	0.01155	0.00695	0.00499	0.00511	0.00168	0.00766	0.00425	0.00251	0.00762
9	0.01409	0.04810	0.01568	0.01315	0.01431	0.27130	0.01061	0.01541	0.01079	0.01315	0.04234	0.01223	0.00897	0.00855	0.02914	0.00206	0.45724	0.00440	0.00262	0.00588
10	0.01308	0.58193	0.25395	0.01084	0.01634	0.01834	0.01217	0.01610	0.01087	0.01372	0.00799	0.00928	0.00676	0.00467	0.00388	0.00129	0.00630	0.00315	0.00225	0.00709
11	0.02010	0.01481	0.01587	0.01216	0.01639	0.01639	0.01005	0.76360	0.02486	0.03332	0.01269	0.01269	0.00899	0.00635	0.00529	0.00159	0.00582	0.00476	0.00529	0.00899
12	0.02811	0.17550	0.13258	0.00959	0.01351	0.03824	0.00907	0.03429	0.08996	0.09048	0.16210	0.03725	0.04664	0.00690	0.00491	0.00147	0.00485	0.00555	0.00404	0.10496
13	0.01207	0.00933	0.01061	0.03262	0.01262	0.01027	0.00749	0.02201	0.46804	0.07400	0.25050	0.02543	0.02589	0.00818	0.00563	0.00174	0.00378	0.00698	0.00550	0.00731
14	0.00758	0.00508	0.00580	0.00590	0.00593	0.00505	0.00335	0.00766	0.00790	0.01053	0.01772	0.10088	0.02056	0.74609	0.02519	0.00487	0.00495	0.00831	0.00335	0.00330
15	0.00954	0.00911	0.01473	0.19222	0.21512	0.00917	0.09419	0.01218	0.01176	0.01517	0.02768	0.02884	0.32209	0.00835	0.00577	0.00172	0.00528	0.00751	0.00350	0.00608
16	0.06422	0.02016	0.43445	0.06514	0.15908	0.01222	0.05616	0.03488	0.03213	0.05744	0.01048	0.01231	0.00767	0.00511	0.00506	0.00166	0.00700	0.00431	0.00278	0.00774
17	0.01128	0.01178	0.02432	0.01848	0.02258	0.01116	0.53368	0.01512	0.01238	0.01660	0.01594	0.02801	0.01481	0.00753	0.00656	0.00198	0.00769	0.23032	0.00334	0.00644
18	0.03467	0.01383	0.01509	0.01166	0.01580	0.01507	0.00961	0.62321	0.05704	0.12862	0.01404	0.01362	0.00978	0.00638	0.00526	0.00160	0.00555	0.00485	0.00542	0.00891
19	0.01163	0.03207	0.03600	0.38831	0.04796	0.01221	0.09503	0.10110	0.08067	0.01741	0.04573	0.06494	0.01182	0.00648	0.00576	0.00176	0.02544	0.00578	0.00331	0.00660
20	0.01286	0.07728	0.11941	0.19119	0.13840	0.03900	0.03262	0.08572	0.02985	0.06501	0.07131	0.03312	0.03025	0.00636	0.00581	0.00166	0.04447	0.00526	0.00337	0.00703
21	0.00791	0.00555	0.00729	0.00765	0.00826	0.00579	0.00567	0.00912	0.00925	0.01245	0.01947	0.03871	0.02111	0.37755	0.21324	0.00516	0.00731	0.23082	0.00361	0.00409
22	0.05235	0.01121	0.01253	0.01060	0.03374	0.08320	0.00830	0.13007	0.03150	0.36095	0.08102	0.01738	0.01422	0.00687	0.00611	0.00164	0.06847	0.00524	0.05688	0.00772
23	0.01334	0.12038	0.31683	0.03579	0.16510	0.07337	0.04484	0.01718	0.01175	0.08125	0.01029	0.01218	0.00788	0.00638	0.03229	0.00182	0.03485	0.00420	0.00276	0.00751
24	0.01118	0.01045	0.01501	0.08745	0.24208	0.04028	0.01128	0.02928	0.01144	0.01615	0.13084	0.09515	0.01701	0.00824	0.00887	0.00185	0.22811	0.00641	0.02257	0.00635
25	0.00644	0.00460	0.00613	0.00736	0.00767	0.00429	0.00491	0.00736	0.01012	0.01350	0.02914	0.81076	0.03497	0.01656	0.00675	0.00215	0.00307	0.01503	0.00491	0.00429
