[name]
unknown

[dist]
# distance from previous block
# <min> <max>
0	1525

[block]
# block no. 0 follows, 51 sequences, length 11
# corresponding to MSA columns:
# 1576-1586
name=unknown_A
#
# <colnr> <probs for GDERKNQSTAVLIFYWHMCP>
#	G	D	E	R	K	N	Q	S	T	A	V	L	I	F	Y	W	H	M	C	P
0	0.00792	0.00635	0.00845	0.00880	0.00986	0.00687	0.00747	0.00977	0.01067	0.01392	0.02798	0.04631	0.19180	0.01251	0.00811	0.00211	0.13795	0.47442	0.00414	0.00458
1	0.01334	0.01109	0.04321	0.05754	0.37458	0.01091	0.01158	0.08667	0.14025	0.11764	0.01494	0.03568	0.04879	0.00582	0.00498	0.00154	0.00511	0.00516	0.00368	0.00751
2	0.08961	0.04696	0.19369	0.01127	0.04514	0.06684	0.04290	0.05323	0.11493	0.11678	0.03389	0.12154	0.02866	0.00685	0.00485	0.00158	0.00524	0.00569	0.00372	0.00663
3	0.01071	0.02288	0.01169	0.01340	0.17685	0.15525	0.00844	0.01319	0.06837	0.01336	0.01523	0.12932	0.03556	0.10372	0.12955	0.00292	0.03853	0.04240	0.00317	0.00546
4	0.15032	0.00886	0.00970	0.00714	0.01129	0.00729	0.00574	0.01271	0.00989	0.01701	0.00842	0.00983	0.00696	0.00379	0.00354	0.00086	0.00367	0.00287	0.00293	0.71717
5	0.00943	0.01014	0.14495	0.00834	0.01107	0.00804	0.00767	0.03156	0.22035	0.01891	0.26948	0.02420	0.06146	0.00753	0.00498	0.00152	0.00366	0.00636	0.14437	0.00598
6	0.00671	0.00555	0.00854	0.00826	0.00936	0.00512	0.10303	0.00802	0.00991	0.01298	0.02827	0.56807	0.15423	0.03901	0.00673	0.00198	0.00354	0.01212	0.00425	0.00432
7	0.01266	0.01102	0.01329	0.01449	0.18387	0.01231	0.00948	0.07609	0.56532	0.02030	0.01709	0.01654	0.01297	0.00611	0.00497	0.00161	0.00442	0.00522	0.00443	0.00782
8	0.01363	0.01610	0.01078	0.01043	0.01211	0.50015	0.00761	0.01473	0.01220	0.01223	0.01505	0.32073	0.01634	0.00902	0.00514	0.00155	0.00656	0.00730	0.00331	0.00504
9	0.01214	0.00956	0.01162	0.01218	0.14018	0.01009	0.00803	0.28026	0.09157	0.02017	0.01995	0.15632	0.11406	0.08261	0.00708	0.00190	0.00447	0.00715	0.00424	0.00644
10	0.01149	0.01051	0.01665	0.39806	0.24886	0.01208	0.03375	0.11113	0.01176	0.01593	0.00911	0.01247	0.00715	0.00518	0.00587	0.00161	0.07485	0.00441	0.00261	0.00652

[dist]
# distance from previous block
# <min> <max>
1	5

[block]
# block no. 1 follows, 51 sequences, length 65
# corresponding to MSA columns:
# 1592-1656
name=unknown_B
#
# <colnr> <probs for GDERKNQSTAVLIFYWHMCP>
#	G	D	E	R	K	N	Q	S	T	A	V	L	I	F	Y	W	H	M	C	P
0	0.01194	0.09813	0.29531	0.01664	0.15439	0.01188	0.16980	0.04414	0.01163	0.07192	0.04370	0.01339	0.02487	0.00499	0.00488	0.00151	0.00643	0.00458	0.00281	0.00707
1	0.00658	0.03916	0.00668	0.00648	0.04049	0.00523	0.00448	0.00777	0.01048	0.01281	0.03975	0.09477	0.56552	0.09639	0.03984	0.00222	0.00343	0.00951	0.00413	0.00427
2	0.06897	0.00929	0.01189	0.01063	0.10724	0.00789	0.03586	0.03159	0.01046	0.01660	0.00897	0.01081	0.00744	0.00523	0.03694	0.00122	0.00453	0.00331	0.00288	0.60823
3	0.01274	0.06261	0.16577	0.07435	0.32324	0.02263	0.04494	0.07746	0.04198	0.06830	0.01017	0.01206	0.00784	0.00493	0.00518	0.00150	0.03633	0.00424	0.00287	0.02085
4	0.04635	0.08035	0.16748	0.02130	0.39982	0.01184	0.10078	0.01487	0.02240	0.01575	0.03451	0.01306	0.00895	0.03533	0.00550	0.00160	0.00607	0.00445	0.00252	0.00705
5	0.00867	0.00832	0.01562	0.11078	0.04935	0.00816	0.28005	0.01104	0.01022	0.01371	0.01762	0.37575	0.01893	0.03999	0.00658	0.00191	0.00542	0.00926	0.00339	0.00522
6	0.01718	0.02030	0.01353	0.04510	0.01543	0.61368	0.00929	0.09285	0.06746	0.01437	0.00919	0.01084	0.00756	0.03594	0.00531	0.00146	0.00794	0.00365	0.00293	0.00599
7	0.01124	0.03168	0.30881	0.13269	0.30576	0.01135	0.01508	0.01562	0.04270	0.04476	0.00978	0.01193	0.00745	0.00470	0.00475	0.00151	0.00626	0.00410	0.00251	0.02732
8	0.00852	0.00801	0.01040	0.00918	0.01029	0.00949	0.03181	0.01067	0.06298	0.01341	0.04783	0.04349	0.35520	0.01018	0.01004	0.00187	0.34068	0.00741	0.00355	0.00500
9	0.00599	0.00428	0.00570	0.00684	0.00713	0.00399	0.00456	0.00684	0.00941	0.01254	0.02709	0.82409	0.03250	0.01540	0.00627	0.00200	0.00285	0.01397	0.00456	0.00399
10	0.01593	0.01286	0.18751	0.01155	0.03021	0.00957	0.07601	0.08260	0.01302	0.35895	0.02937	0.04780	0.01118	0.00616	0.00567	0.00158	0.05594	0.00507	0.03161	0.00740
11	0.01802	0.01968	0.01343	0.01186	0.01466	0.57254	0.00907	0.08445	0.10456	0.08979	0.01051	0.01096	0.00806	0.00542	0.00459	0.00135	0.00755	0.00372	0.00336	0.00642
12	0.00605	0.00430	0.00568	0.00677	0.00704	0.00403	0.00448	0.00686	0.00929	0.01239	0.02650	0.78416	0.03176	0.05633	0.00722	0.00214	0.00295	0.01363	0.00448	0.00394
13	0.80441	0.00943	0.00751	0.00662	0.00971	0.01076	0.00545	0.01510	0.00875	0.07540	0.00770	0.00858	0.00579	0.00467	0.00317	0.00152	0.00383	0.00282	0.00325	0.00553
14	0.03131	0.04175	0.01324	0.19221	0.07108	0.00908	0.00925	0.02032	0.03836	0.49858	0.01560	0.01515	0.01035	0.00562	0.00483	0.00153	0.00486	0.00466	0.00471	0.00752
15	0.01100	0.00871	0.01027	0.00738	0.01171	0.00660	0.00592	0.01317	0.01046	0.06978	0.00947	0.01064	0.00761	0.00381	0.00373	0.00078	0.00368	0.00305	0.00313	0.79912
16	0.01075	0.01075	0.01505	0.01290	0.01290	0.01505	0.01075	0.01183	0.00753	0.01183	0.00645	0.01075	0.00645	0.00860	0.01613	0.00215	0.81830	0.00430	0.00215	0.00538
17	0.00635	0.00488	0.00580	0.00582	0.00703	0.00434	0.00427	0.00800	0.01210	0.01600	0.37554	0.17275	0.33562	0.01188	0.00588	0.00167	0.00247	0.01032	0.00494	0.00434
18	0.01381	0.55084	0.10652	0.00975	0.01406	0.07938	0.00963	0.10639	0.04311	0.01469	0.00822	0.00911	0.00689	0.00462	0.00370	0.00120	0.00572	0.00311	0.00258	0.00666
19	0.01868	0.01376	0.01475	0.01131	0.01524	0.01524	0.00934	0.78025	0.02311	0.03097	0.01180	0.01180	0.00836	0.00590	0.00492	0.00147	0.00541	0.00442	0.00492	0.00836
20	0.00794	0.00536	0.00604	0.00601	0.00611	0.00529	0.00347	0.00780	0.00769	0.01037	0.01608	0.03245	0.01824	0.78750	0.05536	0.00499	0.00534	0.00728	0.00322	0.00346
21	0.01656	0.30066	0.01799	0.01120	0.01431	0.53675	0.00912	0.01794	0.01257	0.01187	0.00733	0.00853	0.00632	0.00477	0.00399	0.00119	0.00762	0.00298	0.00238	0.00591
22	0.00874	0.01488	0.36289	0.01105	0.01461	0.00947	0.01184	0.01206	0.00891	0.01318	0.01058	0.01518	0.00926	0.07330	0.30070	0.00416	0.10658	0.00455	0.00235	0.00569
23	0.00761	0.00538	0.00730	0.00821	0.00909	0.00535	0.00677	0.00940	0.01056	0.01384	0.04481	0.11436	0.02746	0.14274	0.00961	0.00262	0.00437	0.56198	0.00431	0.00424
24	0.00596	0.00438	0.00560	0.00657	0.00706	0.00401	0.00444	0.00687	0.00967	0.01265	0.03037	0.71177	0.14270	0.01497	0.00621	0.00195	0.00280	0.01345	0.00456	0.00401
25	0.05984	0.14218	0.10455	0.04708	0.01517	0.08129	0.00963	0.16191	0.29121	0.01951	0.01285	0.01297	0.00975	0.00558	0.00450	0.00148	0.00531	0.00425	0.00375	0.00718
26	0.00999	0.07590	0.35284	0.01069	0.01477	0.08491	0.01149	0.01345	0.01108	0.02516	0.17908	0.03773	0.01653	0.02607	0.09181	0.00226	0.02205	0.00518	0.00303	0.00598
27	0.86201	0.00950	0.00722	0.00646	0.00950	0.01102	0.00532	0.01445	0.00836	0.02205	0.00684	0.00798	0.00532	0.00456	0.00304	0.00152	0.00380	0.00266	0.00304	0.00532
28	0.00616	0.00470	0.00571	0.00643	0.00732	0.00425	0.00467	0.00732	0.01029	0.01307	0.03523	0.44750	0.30996	0.01410	0.00617	0.00191	0.00292	0.10361	0.00456	0.00411
29	0.04863	0.24859	0.17798	0.04852	0.12131	0.01345	0.11829	0.03325	0.02256	0.10863	0.00987	0.01122	0.00749	0.00466	0.00440	0.00141	0.00601	0.00394	0.00282	0.00698
30	0.01331	0.29609	0.03555	0.01187	0.06718	0.22813	0.05017	0.02442	0.04005	0.01284	0.00988	0.06441	0.00931	0.05167	0.02254	0.00167	0.04802	0.00435	0.00263	0.00594
31	0.06588	0.00545	0.00637	0.00629	0.00761	0.00527	0.00479	0.02194	0.02233	0.01777	0.37875	0.12634	0.14319	0.01034	0.00547	0.00163	0.00275	0.06805	0.09514	0.00463
32	0.01302	0.00655	0.00821	0.00720	0.00952	0.00583	0.00559	0.03017	0.02972	0.33824	0.08681	0.17529	0.24365	0.00993	0.00550	0.00165	0.00333	0.00846	0.00527	0.00606
33	0.01213	0.07846	0.03299	0.07719	0.38839	0.01141	0.08276	0.02742	0.01090	0.07454	0.01038	0.01344	0.00852	0.02759	0.07361	0.00211	0.03787	0.00454	0.01885	0.00688
34	0.04476	0.01236	0.01399	0.20241	0.01815	0.17270	0.03076	0.04425	0.01020	0.01329	0.00858	0.02973	0.00759	0.00919	0.07715	0.00227	0.29030	0.00437	0.00248	0.00550
35	0.00669	0.00493	0.00642	0.00732	0.00819	0.00465	0.00567	0.00817	0.01052	0.01361	0.04390	0.38330	0.16803	0.01409	0.00637	0.00203	0.00340	0.29389	0.00456	0.00423
36	0.01001	0.16173	0.17791	0.01131	0.01532	0.01098	0.16009	0.01420	0.08968	0.01534	0.09357	0.05274	0.12758	0.00676	0.00496	0.00150	0.00528	0.00597	0.00327	0.03180
37	0.01073	0.00907	0.01031	0.00745	0.01176	0.02549	0.00595	0.01288	0.01039	0.03870	0.00902	0.01035	0.00740	0.00374	0.00370	0.00076	0.00378	0.00298	0.00299	0.81255
38	0.00840	0.00677	0.01020	0.00898	0.01071	0.01913	0.12044	0.02564	0.01148	0.03507	0.21477	0.13444	0.10751	0.04380	0.10384	0.00257	0.00514	0.08604	0.04020	0.00488
39	0.07025	0.01415	0.21831	0.01210	0.01566	0.01120	0.09593	0.10800	0.02652	0.03359	0.01304	0.04967	0.02533	0.02811	0.05461	0.00224	0.11661	0.01953	0.07852	0.00663
40	0.00737	0.00472	0.00558	0.00562	0.00565	0.00472	0.00331	0.00713	0.00717	0.00954	0.01482	0.03042	0.01686	0.68812	0.02364	0.12527	0.00469	0.02955	0.00290	0.00290
41	0.01083	0.05485	0.36429	0.01600	0.08616	0.01130	0.22121	0.01539	0.03576	0.04135	0.01148	0.07285	0.00956	0.00557	0.00510	0.00160	0.00673	0.02045	0.00268	0.00685
42	0.00997	0.00773	0.00882	0.00851	0.01021	0.00827	0.00640	0.14506	0.22569	0.01805	0.02340	0.39204	0.05469	0.01115	0.00570	0.00182	0.00365	0.04828	0.00474	0.00581
43	0.01273	0.00987	0.02270	0.00827	0.01222	0.04171	0.00669	0.06914	0.06676	0.12451	0.01190	0.04439	0.00953	0.00490	0.00416	0.00104	0.00410	0.00395	0.00367	0.53778
44	0.01902	0.01648	0.01249	0.01075	0.01367	0.45022	0.00831	0.02060	0.01398	0.31285	0.06333	0.01367	0.01116	0.00578	0.00471	0.00138	0.00665	0.00422	0.00407	0.00664
45	0.63345	0.01021	0.01173	0.01038	0.05930	0.01122	0.13655	0.01487	0.02815	0.02044	0.00815	0.02218	0.00649	0.00470	0.00371	0.00155	0.00467	0.00354	0.00298	0.00573
46	0.01251	0.13552	0.49109	0.01287	0.01851	0.20540	0.01457	0.02915	0.01139	0.01441	0.00830	0.00969	0.00630	0.00472	0.00441	0.00142	0.00734	0.00339	0.00224	0.00677
47	0.01043	0.01010	0.01771	0.48711	0.28412	0.01130	0.08148	0.01367	0.01043	0.01399	0.00901	0.01281	0.00704	0.00467	0.00498	0.00158	0.00647	0.00450	0.00229	0.00633
48	0.00612	0.00492	0.00546	0.00548	0.00687	0.00426	0.00405	0.00759	0.01170	0.01483	0.23610	0.12607	0.52500	0.01215	0.00585	0.00167	0.00248	0.01037	0.00478	0.00426
49	0.01247	0.01380	0.16678	0.06519	0.26343	0.01172	0.01249	0.19129	0.07575	0.01988	0.09585	0.01493	0.01229	0.00567	0.00510	0.00153	0.01625	0.00483	0.00344	0.00730
50	0.00627	0.00462	0.00591	0.00667	0.00737	0.00426	0.00476	0.00750	0.01045	0.01375	0.12388	0.52107	0.16250	0.01407	0.00619	0.00191	0.00289	0.08713	0.00466	0.00415
51	0.01177	0.01117	0.01590	0.31038	0.20190	0.07635	0.06450	0.09914	0.04191	0.01569	0.01017	0.01378	0.00823	0.04075	0.05580	0.00207	0.00680	0.00459	0.00276	0.00634
52	0.00626	0.00499	0.00561	0.00548	0.00692	0.00434	0.00410	0.00792	0.01224	0.01579	0.34126	0.05491	0.48971	0.01155	0.00581	0.00162	0.00243	0.00984	0.00490	0.00434
53	0.03406	0.04079	0.42105	0.01291	0.01838	0.01136	0.10747	0.06849	0.10000	0.06235	0.01374	0.01450	0.06190	0.00551	0.00487	0.00157	0.00623	0.00465	0.00308	0.00709
54	0.04357	0.32650	0.03389	0.01003	0.01387	0.10307	0.00887	0.28039	0.01524	0.09223	0.00983	0.01027	0.00753	0.00516	0.00432	0.00131	0.01969	0.00357	0.00352	0.00711
55	0.00682	0.00485	0.00495	0.00496	0.00642	0.00429	0.00371	0.00840	0.01101	0.01497	0.07006	0.05753	0.52090	0.01049	0.00514	0.00152	0.00243	0.00874	0.24854	0.00429
56	0.01260	0.01258	0.10906	0.06914	0.01583	0.06664	0.09189	0.19418	0.12003	0.01771	0.01183	0.01402	0.02424	0.00831	0.00836	0.20394	0.00573	0.00462	0.00329	0.00601
57	0.00584	0.00498	0.00503	0.00502	0.00666	0.00416	0.00376	0.00712	0.01129	0.01348	0.07365	0.04695	0.77065	0.01237	0.00581	0.00166	0.00248	0.01032	0.00459	0.00416
58	0.01817	0.01029	0.02812	0.00987	0.01337	0.00999	0.03756	0.26250	0.05200	0.38544	0.01649	0.05038	0.01204	0.06266	0.00640	0.00176	0.00476	0.00535	0.00516	0.00769
59	0.01151	0.01029	0.01559	0.15932	0.36776	0.01009	0.01155	0.04732	0.02289	0.02901	0.00944	0.01188	0.00762	0.00438	0.00451	0.00127	0.00522	0.00396	0.00274	0.26362
60	0.01019	0.00873	0.01019	0.00728	0.01165	0.00655	0.00582	0.01237	0.01019	0.01601	0.00873	0.01019	0.00728	0.00364	0.00364	0.00073	0.00364	0.00291	0.00291	0.85734
61	0.01164	0.01184	0.06056	0.11309	0.05335	0.01126	0.35620	0.06684	0.10973	0.03588	0.05170	0.01521	0.01075	0.00516	0.00525	0.00159	0.00637	0.00539	0.06157	0.00663
62	0.00711	0.00505	0.00653	0.00619	0.00738	0.00463	0.00463	0.00930	0.01357	0.03241	0.70627	0.07046	0.08729	0.01034	0.00580	0.00157	0.00238	0.00912	0.00534	0.00465
63	0.04564	0.01097	0.01065	0.00814	0.01212	0.12277	0.00642	0.01409	0.04374	0.01587	0.00897	0.01026	0.00739	0.00401	0.00379	0.00088	0.00441	0.00305	0.00295	0.66388
64	0.01133	0.00978	0.01359	0.01152	0.01403	0.06358	0.17066	0.11323	0.07419	0.04696	0.06526	0.12837	0.03400	0.02722	0.00622	0.00186	0.00529	0.19293	0.00413	0.00585

[dist]
# distance from previous block
# <min> <max>
1	2

[block]
# block no. 2 follows, 51 sequences, length 203
# corresponding to MSA columns:
# 1659-1861
name=unknown_C
#
# <colnr> <probs for GDERKNQSTAVLIFYWHMCP>
#	G	D	E	R	K	N	Q	S	T	A	V	L	I	F	Y	W	H	M	C	P
0	0.00748	0.00583	0.00651	0.00617	0.00778	0.00537	0.00464	0.07490	0.01238	0.01602	0.19664	0.10601	0.40781	0.05963	0.00686	0.00182	0.00297	0.03271	0.00462	0.03386
1	0.01335	0.49040	0.16799	0.01181	0.08255	0.10101	0.01087	0.01580	0.01075	0.04406	0.00799	0.00917	0.00665	0.00447	0.00379	0.00122	0.00602	0.00312	0.00233	0.00663
2	0.03568	0.00630	0.00794	0.00703	0.00891	0.00600	0.00544	0.01379	0.08095	0.17439	0.55017	0.03031	0.03566	0.00881	0.00548	0.00155	0.00287	0.00763	0.00544	0.00567
3	0.01301	0.01008	0.01606	0.29628	0.28625	0.01075	0.03500	0.08176	0.01233	0.13734	0.04482	0.01426	0.00974	0.00520	0.00497	0.00154	0.00571	0.00470	0.00326	0.00695
4	0.01211	0.08322	0.36894	0.01185	0.01681	0.08229	0.01265	0.08470	0.21497	0.01750	0.01314	0.01352	0.03580	0.00556	0.00468	0.00152	0.00604	0.00431	0.00321	0.00717
5	0.01096	0.01012	0.01664	0.50527	0.23895	0.01155	0.03995	0.07999	0.01141	0.01521	0.00918	0.01274	0.00707	0.00483	0.00493	0.00158	0.00632	0.00442	0.00250	0.00638
6	0.01131	0.01380	0.20029	0.31171	0.11814	0.06834	0.03271	0.01466	0.01080	0.08209	0.01128	0.08270	0.00937	0.00579	0.00496	0.00159	0.00632	0.00503	0.00277	0.00634
7	0.00658	0.00519	0.00591	0.00582	0.00718	0.00471	0.00429	0.00872	0.04807	0.01573	0.31155	0.10910	0.39929	0.03800	0.00643	0.00175	0.00260	0.00982	0.00483	0.00444
8	0.00709	0.00500	0.00653	0.00653	0.00693	0.00540	0.00444	0.00790	0.00749	0.01039	0.01441	0.02624	0.01529	0.46310	0.38569	0.00621	0.00863	0.00628	0.00282	0.00363
9	0.01019	0.00873	0.01019	0.00728	0.01165	0.00655	0.00582	0.01237	0.01019	0.01601	0.00873	0.01019	0.00728	0.00364	0.00364	0.00073	0.00364	0.00291	0.00291	0.85734
10	0.01666	0.01167	0.01280	0.01040	0.01386	0.01282	0.00840	0.36698	0.32274	0.14522	0.01620	0.01513	0.01156	0.00623	0.00495	0.00156	0.00462	0.00495	0.00513	0.00813
11	0.01071	0.23578	0.59899	0.01254	0.01901	0.01351	0.01561	0.01534	0.01027	0.01452	0.00830	0.00972	0.00625	0.00455	0.00427	0.00142	0.00674	0.00337	0.00208	0.00701
12	0.01562	0.00798	0.00921	0.00753	0.01020	0.00796	0.00607	0.19690	0.01456	0.27705	0.01613	0.01626	0.01145	0.00588	0.00428	0.00135	0.00364	0.00466	0.37655	0.00671
13	0.00928	0.00873	0.01474	0.81548	0.03385	0.01092	0.01365	0.01256	0.00983	0.01256	0.00873	0.01310	0.00655	0.00491	0.00491	0.00164	0.00655	0.00437	0.00218	0.00546
14	0.01128	0.01260	0.02717	0.01970	0.02434	0.01184	0.71188	0.01526	0.01157	0.01565	0.01134	0.01692	0.00926	0.00496	0.00589	0.00171	0.00796	0.07158	0.00266	0.00645
15	0.00873	0.00769	0.01239	0.21672	0.25890	0.00811	0.01010	0.01083	0.01007	0.01364	0.01695	0.36883	0.01833	0.00935	0.00549	0.00174	0.00471	0.00859	0.00330	0.00554
16	0.03939	0.01133	0.01517	0.03847	0.08265	0.07681	0.07616	0.03097	0.02547	0.19500	0.01099	0.01347	0.00864	0.00668	0.00912	0.00175	0.31028	0.02165	0.00334	0.02266
17	0.01210	0.21410	0.06299	0.02894	0.03831	0.01076	0.05279	0.01483	0.06089	0.11644	0.13373	0.03419	0.15054	0.00764	0.00508	0.00158	0.00457	0.00620	0.03789	0.00643
18	0.01502	0.01185	0.01263	0.01051	0.01375	0.01337	0.00840	0.37367	0.41177	0.02513	0.01642	0.03914	0.01245	0.00657	0.00500	0.00159	0.00456	0.00528	0.00495	0.00793
19	0.00702	0.00527	0.00790	0.00790	0.00878	0.00614	0.00614	0.00878	0.00790	0.01141	0.01316	0.01931	0.01229	0.03686	0.80782	0.00790	0.01316	0.00527	0.00263	0.00439
20	0.16224	0.01073	0.01222	0.01120	0.08078	0.01146	0.00838	0.29374	0.08878	0.17241	0.01411	0.01620	0.01074	0.00623	0.00472	0.00156	0.00467	0.06261	0.01984	0.00737
21	0.86201	0.00950	0.00722	0.00646	0.00950	0.01102	0.00532	0.01445	0.00836	0.02205	0.00684	0.00798	0.00532	0.00456	0.00304	0.00152	0.00380	0.00266	0.00304	0.00532
22	0.01026	0.00854	0.01038	0.01130	0.07938	0.08237	0.03121	0.03561	0.04344	0.04660	0.05223	0.05222	0.06408	0.01072	0.00607	0.00194	0.00493	0.43913	0.00422	0.00536
23	0.00889	0.00455	0.00468	0.00478	0.00585	0.00453	0.00353	0.01105	0.01023	0.01782	0.01699	0.08826	0.01432	0.00656	0.00368	0.00122	0.00234	0.00540	0.78079	0.00453
24	0.01426	0.01096	0.01218	0.01072	0.03463	0.01211	0.00843	0.34673	0.28147	0.03772	0.01802	0.04682	0.03737	0.00756	0.00524	0.00166	0.00460	0.09728	0.00483	0.00741
25	0.00722	0.00521	0.00626	0.00615	0.00762	0.00466	0.00477	0.00903	0.01238	0.04940	0.33971	0.05581	0.35745	0.01142	0.00590	0.00169	0.00275	0.10306	0.00496	0.00456
26	0.04470	0.00976	0.01306	0.29731	0.10977	0.01133	0.01046	0.01887	0.35934	0.01723	0.04713	0.01614	0.01213	0.00584	0.00491	0.00162	0.00499	0.00503	0.00365	0.00673
27	0.00638	0.00459	0.00608	0.00684	0.00743	0.00429	0.00485	0.00771	0.01066	0.01442	0.20687	0.55736	0.05090	0.01393	0.00620	0.00191	0.00286	0.07777	0.00476	0.00419
28	0.38606	0.13392	0.04664	0.00867	0.01224	0.09615	0.02192	0.04799	0.01111	0.17974	0.00985	0.01022	0.00719	0.00493	0.00380	0.00143	0.00493	0.00335	0.00350	0.00637
29	0.00849	0.00430	0.00645	0.00645	0.00648	0.00433	0.00433	0.00648	0.00645	0.00863	0.00869	0.01508	0.00866	0.01771	0.04465	0.82962	0.00456	0.00430	0.00215	0.00221
30	0.01465	0.07699	0.20052	0.03848	0.04821	0.02776	0.02202	0.34531	0.09649	0.04074	0.01136	0.01208	0.00836	0.00574	0.00513	0.02493	0.00577	0.00422	0.00373	0.00753
31	0.00741	0.00557	0.00781	0.03285	0.08246	0.00530	0.00588	0.00928	0.01193	0.03006	0.40008	0.29835	0.06179	0.01117	0.00583	0.00170	0.00299	0.01002	0.00473	0.00479
32	0.01686	0.25761	0.01742	0.01134	0.01444	0.52834	0.00917	0.06607	0.01336	0.01308	0.00764	0.00876	0.00645	0.00487	0.00409	0.00122	0.00760	0.00309	0.00256	0.00604
33	0.73504	0.09785	0.03305	0.00696	0.01026	0.01199	0.00609	0.02420	0.00878	0.02085	0.00696	0.00809	0.00549	0.00454	0.00313	0.00147	0.00408	0.00271	0.00294	0.00552
34	0.00802	0.00675	0.00976	0.04742	0.07880	0.00679	0.05376	0.01079	0.06393	0.01561	0.22343	0.17339	0.14510	0.03558	0.00674	0.00183	0.03170	0.07127	0.00425	0.00506
35	0.01084	0.02763	0.20940	0.05402	0.10676	0.04531	0.05120	0.01471	0.05191	0.03124	0.07776	0.01353	0.01088	0.00491	0.00453	0.00128	0.00536	0.00419	0.00295	0.27159
36	0.01221	0.01277	0.02309	0.07068	0.36796	0.04869	0.33980	0.03490	0.01171	0.01591	0.00950	0.01252	0.00752	0.00438	0.00525	0.00155	0.00705	0.00493	0.00251	0.00707
37	0.05641	0.08233	0.06325	0.00914	0.01310	0.02166	0.00794	0.15369	0.11888	0.13797	0.01267	0.03456	0.00969	0.00533	0.00433	0.00127	0.00450	0.00417	0.00396	0.25516
38	0.01266	0.00969	0.01094	0.00830	0.01219	0.00882	0.00669	0.19261	0.06962	0.06732	0.01447	0.01477	0.07673	0.00530	0.00430	0.00110	0.00400	0.00423	0.00387	0.47240
39	0.00601	0.00502	0.00565	0.00566	0.00713	0.00431	0.01897	0.00730	0.01105	0.01354	0.08492	0.17626	0.61170	0.01265	0.00589	0.00171	0.00265	0.01081	0.00457	0.00420
40	0.01393	0.25652	0.10846	0.01074	0.01440	0.23641	0.00965	0.01972	0.25257	0.01495	0.01137	0.01169	0.00900	0.00526	0.00426	0.00136	0.00607	0.00380	0.00312	0.00670
41	0.00941	0.07847	0.01180	0.22569	0.08026	0.00855	0.00869	0.01175	0.02060	0.04916	0.15057	0.03846	0.04497	0.10959	0.00776	0.00205	0.00477	0.12868	0.00355	0.00522
42	0.01190	0.52375	0.21871	0.00963	0.01438	0.01593	0.01049	0.04467	0.01071	0.01349	0.01126	0.01209	0.07480	0.00510	0.00383	0.00125	0.00553	0.00362	0.00242	0.00644
43	0.00665	0.00481	0.00641	0.00735	0.00805	0.00457	0.00555	0.00809	0.01049	0.01387	0.09472	0.47278	0.07899	0.01419	0.00636	0.00202	0.00330	0.24296	0.00462	0.00422
44	0.86201	0.00950	0.00722	0.00646	0.00950	0.01102	0.00532	0.01445	0.00836	0.02205	0.00684	0.00798	0.00532	0.00456	0.00304	0.00152	0.00380	0.00266	0.00304	0.00532
45	0.01175	0.09922	0.37410	0.21347	0.02310	0.01235	0.05504	0.03639	0.01119	0.05353	0.00995	0.01234	0.00749	0.00531	0.00520	0.00165	0.02477	0.00415	0.00269	0.03630
46	0.00678	0.00497	0.00589	0.00588	0.00717	0.00439	0.00432	0.00835	0.01193	0.04095	0.30986	0.18686	0.36095	0.01193	0.00586	0.00168	0.00255	0.01034	0.00491	0.00443
47	0.01019	0.00873	0.01019	0.00728	0.01165	0.00655	0.00582	0.01237	0.01019	0.01601	0.00873	0.01019	0.00728	0.00364	0.00364	0.00073	0.00364	0.00291	0.00291	0.85734
48	0.00596	0.00498	0.00519	0.00514	0.00673	0.00421	0.00385	0.00735	0.01156	0.01413	0.14906	0.04588	0.69483	0.01213	0.00581	0.00164	0.00247	0.01017	0.00468	0.00421
49	0.00792	0.00566	0.00792	0.00905	0.01018	0.00566	0.00792	0.01018	0.01131	0.01471	0.02602	0.05543	0.02828	0.01358	0.00679	0.00226	0.00453	0.76356	0.00453	0.00453
50	0.00605	0.00443	0.00569	0.00655	0.00709	0.00407	0.00447	0.00708	0.01002	0.01326	0.09648	0.65937	0.12826	0.01457	0.00617	0.00191	0.00276	0.01308	0.00464	0.00407
51	0.01020	0.00967	0.01640	0.56487	0.27727	0.01116	0.01411	0.01336	0.01026	0.01367	0.00890	0.01280	0.00694	0.00474	0.00490	0.00158	0.00632	0.00437	0.00226	0.00620
52	0.01828	0.01357	0.01452	0.01123	0.01509	0.01505	0.00924	0.73363	0.07038	0.03033	0.01231	0.01220	0.00877	0.00595	0.00492	0.00149	0.00531	0.00449	0.00492	0.00832
53	0.01322	0.05562	0.01737	0.10484	0.42747	0.09537	0.02519	0.03983	0.01175	0.08327	0.01094	0.06266	0.00934	0.00543	0.00499	0.00149	0.01646	0.00483	0.00293	0.00702
54	0.01896	0.00814	0.01109	0.07849	0.01384	0.00745	0.00748	0.02143	0.04424	0.62189	0.04857	0.01916	0.06325	0.00656	0.00503	0.00155	0.00420	0.00541	0.00558	0.00768
55	0.00916	0.00458	0.00458	0.00458	0.00573	0.00458	0.00344	0.01145	0.01031	0.01832	0.01603	0.01832	0.01260	0.00573	0.00344	0.00115	0.00229	0.00458	0.85457	0.00458
56	0.01791	0.02268	0.01399	0.01267	0.01506	0.76133	0.00957	0.01917	0.01355	0.01202	0.00753	0.00897	0.00634	0.00527	0.00511	0.00132	0.05609	0.00323	0.00251	0.00568
57	0.00597	0.00436	0.00562	0.00662	0.00707	0.00401	0.00446	0.00687	0.00962	0.01263	0.02978	0.73197	0.12288	0.01505	0.00622	0.00196	0.00281	0.01354	0.00456	0.00401
58	0.42229	0.02852	0.10356	0.00937	0.01270	0.15003	0.00837	0.06800	0.01085	0.06217	0.00834	0.00958	0.00642	0.00576	0.02114	0.00164	0.05893	0.00327	0.00305	0.00599
59	0.28491	0.07118	0.03086	0.01494	0.19340	0.08770	0.09526	0.09211	0.01177	0.05014	0.00913	0.02169	0.00726	0.00484	0.00425	0.00147	0.00558	0.00389	0.00304	0.00658
60	0.03461	0.00603	0.00809	0.00812	0.02300	0.00556	0.00604	0.01308	0.01114	0.26483	0.02363	0.43257	0.02430	0.01170	0.00580	0.00186	0.00357	0.10553	0.00497	0.00556
61	0.01545	0.01243	0.01501	0.01538	0.19772	0.01361	0.01027	0.40162	0.22240	0.02472	0.01337	0.01361	0.00998	0.00575	0.00493	0.00152	0.00511	0.00471	0.00436	0.00807
62	0.01045	0.00893	0.01077	0.07759	0.01372	0.00728	0.00664	0.04289	0.01067	0.01631	0.00886	0.01051	0.00726	0.00384	0.00380	0.00084	0.00396	0.00310	0.00293	0.74967
63	0.01303	0.01561	0.29162	0.03447	0.21091	0.01063	0.05827	0.01790	0.09186	0.16807	0.01317	0.01398	0.02751	0.00524	0.00490	0.00155	0.00589	0.00457	0.00333	0.00751
64	0.01035	0.10321	0.65176	0.01410	0.02084	0.01230	0.08997	0.01550	0.01045	0.01519	0.00873	0.01041	0.00635	0.00457	0.00463	0.00152	0.00716	0.00374	0.00212	0.00711
65	0.00701	0.00501	0.00687	0.00801	0.00874	0.00487	0.00634	0.00861	0.01042	0.01369	0.02652	0.41769	0.03027	0.01443	0.00654	0.00214	0.00374	0.41028	0.00454	0.00427
66	0.00673	0.00501	0.00626	0.00595	0.00720	0.00454	0.00446	0.00884	0.01338	0.01844	0.64792	0.03879	0.19328	0.01052	0.00580	0.00157	0.00235	0.00918	0.00524	0.00454
67	0.01298	0.04215	0.20078	0.10880	0.36297	0.01107	0.02467	0.01639	0.01129	0.14609	0.01071	0.01248	0.00796	0.00478	0.00479	0.00150	0.00599	0.00426	0.00292	0.00744
68	0.01038	0.01017	0.01609	0.33336	0.11894	0.01289	0.04294	0.01267	0.00905	0.01280	0.00784	0.01196	0.00670	0.00644	0.00988	0.00184	0.36369	0.00440	0.00221	0.00576
69	0.64679	0.01041	0.00926	0.00941	0.07841	0.05675	0.00688	0.01444	0.00900	0.01996	0.00788	0.01060	0.00664	0.00523	0.00431	0.00157	0.05869	0.03526	0.00296	0.00553
70	0.00986	0.02542	0.80183	0.01401	0.02127	0.01141	0.01816	0.01556	0.01038	0.01556	0.00882	0.01038	0.00623	0.00467	0.00467	0.00156	0.00726	0.00363	0.00208	0.00726
71	0.01096	0.08189	0.01598	0.01251	0.01288	0.01543	0.01055	0.01208	0.00774	0.01180	0.00648	0.01050	0.00644	0.00822	0.01500	0.00205	0.74772	0.00416	0.00215	0.00546
72	0.01166	0.37823	0.43777	0.01139	0.01721	0.01482	0.01355	0.01544	0.01031	0.03700	0.00826	0.00947	0.00644	0.00451	0.00401	0.00133	0.00629	0.00323	0.00221	0.00688
73	0.01503	0.26810	0.08610	0.01066	0.01455	0.04736	0.00975	0.32122	0.09503	0.02061	0.01034	0.01095	0.00802	0.00548	0.00503	0.00140	0.05570	0.00386	0.00354	0.00728
74	0.01021	0.11325	0.71714	0.01340	0.02032	0.01229	0.01709	0.01547	0.01033	0.01513	0.00860	0.01010	0.00623	0.00462	0.00450	0.00150	0.00704	0.00352	0.00208	0.00716
75	0.00842	0.00431	0.00631	0.00631	0.00631	0.00431	0.00416	0.00647	0.00647	0.00862	0.00914	0.01643	0.00935	0.08740	0.01971	0.78304	0.00431	0.00452	0.00221	0.00221
76	0.86201	0.00950	0.00722	0.00646	0.00950	0.01102	0.00532	0.01445	0.00836	0.02205	0.00684	0.00798	0.00532	0.00456	0.00304	0.00152	0.00380	0.00266	0.00304	0.00532
77	0.86201	0.00950	0.00722	0.00646	0.00950	0.01102	0.00532	0.01445	0.00836	0.02205	0.00684	0.00798	0.00532	0.00456	0.00304	0.00152	0.00380	0.00266	0.00304	0.00532
78	0.00714	0.00608	0.00788	0.00752	0.00857	0.00682	0.00591	0.00857	0.00923	0.01227	0.02750	0.02968	0.34195	0.02173	0.33404	0.00428	0.14576	0.00726	0.00337	0.00445
79	0.00715	0.00476	0.00536	0.00536	0.00536	0.00476	0.00298	0.00715	0.00715	0.00953	0.01548	0.03216	0.01787	0.82729	0.02501	0.00476	0.00476	0.00715	0.00298	0.00298
80	0.00641	0.00496	0.00584	0.00570	0.00703	0.00439	0.00424	0.00819	0.01251	0.01656	0.43337	0.08238	0.36800	0.01136	0.00583	0.00162	0.00242	0.00979	0.00500	0.00439
81	0.00644	0.00505	0.00586	0.00581	0.00722	0.00447	0.00445	0.00820	0.01228	0.01594	0.34160	0.04382	0.43265	0.01160	0.00589	0.00167	0.00260	0.07516	0.00489	0.00437
82	0.03626	0.01104	0.01622	0.45376	0.29193	0.08033	0.01353	0.01409	0.01060	0.01399	0.00875	0.01226	0.00692	0.00473	0.00480	0.00154	0.00643	0.00422	0.00232	0.00627
83	0.86201	0.00950	0.00722	0.00646	0.00950	0.01102	0.00532	0.01445	0.00836	0.02205	0.00684	0.00798	0.00532	0.00456	0.00304	0.00152	0.00380	0.00266	0.00304	0.00532
84	0.01685	0.02096	0.01358	0.01237	0.01452	0.67615	0.00939	0.01809	0.01302	0.01208	0.00865	0.04455	0.00786	0.00603	0.00577	0.00141	0.09262	0.01792	0.00262	0.00557
85	0.00986	0.02542	0.80183	0.01401	0.02127	0.01141	0.01816	0.01556	0.01038	0.01556	0.00882	0.01038	0.00623	0.00467	0.00467	0.00156	0.00726	0.00363	0.00208	0.00726
86	0.01153	0.01093	0.01857	0.07766	0.68023	0.01115	0.01422	0.01438	0.01082	0.01543	0.00955	0.01284	0.00810	0.00723	0.07457	0.00203	0.00652	0.00445	0.00243	0.00734
87	0.00590	0.00461	0.00536	0.00595	0.00689	0.00407	0.00417	0.00694	0.01026	0.01289	0.03792	0.45336	0.39624	0.01399	0.00605	0.00184	0.00268	0.01225	0.00456	0.00407
88	0.00622	0.00499	0.00556	0.00542	0.00689	0.00433	0.00406	0.00786	0.01218	0.01561	0.31982	0.04345	0.52315	0.01158	0.00580	0.00162	0.00243	0.00983	0.00487	0.00433
89	0.00928	0.00873	0.01474	0.81548	0.03385	0.01092	0.01365	0.01256	0.00983	0.01256	0.00873	0.01310	0.00655	0.00491	0.00491	0.00164	0.00655	0.00437	0.00218	0.00546
90	0.00823	0.00614	0.00889	0.01081	0.07835	0.00613	0.00844	0.01050	0.01124	0.01476	0.02460	0.07547	0.02663	0.01283	0.00660	0.00218	0.00459	0.67446	0.00434	0.00479
91	0.00602	0.00432	0.00566	0.00672	0.00705	0.00402	0.00448	0.00686	0.00941	0.01248	0.02767	0.76542	0.06439	0.04160	0.00686	0.00207	0.00290	0.01360	0.00451	0.00397
92	0.00645	0.00532	0.00702	0.00673	0.00813	0.00473	0.05388	0.00797	0.01124	0.01444	0.18113	0.25847	0.39188	0.01228	0.00593	0.00173	0.00293	0.01080	0.00459	0.00436
93	0.00947	0.00628	0.00835	0.00885	0.01035	0.00628	0.00752	0.02699	0.06532	0.08356	0.04278	0.08920	0.04445	0.01229	0.00639	0.00210	0.00428	0.55568	0.00472	0.00512
94	0.01286	0.01075	0.01284	0.01082	0.01384	0.01198	0.07469	0.12408	0.54188	0.03985	0.06170	0.01805	0.01512	0.00709	0.02025	0.00175	0.00457	0.00560	0.00478	0.00753
95	0.00928	0.00873	0.01474	0.81548	0.03385	0.01092	0.01365	0.01256	0.00983	0.01256	0.00873	0.01310	0.00655	0.00491	0.00491	0.00164	0.00655	0.00437	0.00218	0.00546
96	0.00939	0.00885	0.01495	0.78429	0.06414	0.01095	0.01370	0.01266	0.00988	0.01269	0.00875	0.01306	0.00660	0.00489	0.00491	0.00163	0.00652	0.00437	0.00219	0.00555
97	0.01836	0.02342	0.01393	0.01266	0.01519	0.80756	0.00950	0.01962	0.01393	0.01203	0.00760	0.00886	0.00633	0.00506	0.00443	0.00127	0.00886	0.00317	0.00253	0.00570
98	0.00791	0.00650	0.00929	0.00879	0.00936	0.00808	0.00687	0.00931	0.00773	0.01129	0.01185	0.01875	0.01154	0.11982	0.53273	0.00619	0.20172	0.00525	0.00256	0.00446
99	0.01019	0.00873	0.01019	0.00728	0.01165	0.00655	0.00582	0.01237	0.01019	0.01601	0.00873	0.01019	0.00728	0.00364	0.00364	0.00073	0.00364	0.00291	0.00291	0.85734
100	0.00609	0.00500	0.00540	0.00554	0.00703	0.00431	0.00422	0.00748	0.01130	0.01384	0.10274	0.09560	0.62389	0.01255	0.00592	0.00172	0.00268	0.07586	0.00462	0.00421
101	0.01671	0.00714	0.00915	0.00754	0.01030	0.00649	0.00609	0.04336	0.01313	0.47422	0.06361	0.04446	0.01532	0.00676	0.00470	0.00146	0.00359	0.03140	0.22767	0.00689
102	0.00657	0.00491	0.00613	0.00624	0.00734	0.00447	0.00465	0.00835	0.01222	0.01648	0.42001	0.19794	0.21057	0.01190	0.00596	0.00171	0.00262	0.06255	0.00499	0.00439
103	0.01432	0.01508	0.04965	0.02222	0.43723	0.18215	0.04335	0.12730	0.03064	0.01743	0.00951	0.01151	0.00764	0.00480	0.00481	0.00144	0.00653	0.00418	0.00286	0.00735
104	0.00928	0.00873	0.01474	0.81548	0.03385	0.01092	0.01365	0.01256	0.00983	0.01256	0.00873	0.01310	0.00655	0.00491	0.00491	0.00164	0.00655	0.00437	0.00218	0.00546
105	0.01819	0.01789	0.01445	0.01243	0.03826	0.36506	0.00954	0.40369	0.03689	0.02191	0.01006	0.01067	0.00760	0.00550	0.00470	0.00139	0.00691	0.00389	0.00379	0.00715
106	0.01584	0.01219	0.01320	0.03561	0.01476	0.01370	0.00879	0.43358	0.33297	0.04316	0.01520	0.01460	0.01108	0.00618	0.00495	0.00156	0.00480	0.00489	0.00489	0.00803
107	0.00854	0.00427	0.00640	0.00640	0.00640	0.00427	0.00427	0.00640	0.00640	0.00854	0.00854	0.01494	0.00854	0.01707	0.01921	0.85702	0.00427	0.00427	0.00213	0.00213
108	0.01119	0.01060	0.01794	0.20542	0.57577	0.01107	0.01411	0.01415	0.01105	0.01549	0.05803	0.01390	0.00991	0.00485	0.00493	0.00151	0.00578	0.00466	0.00256	0.00706
109	0.01362	0.68667	0.06545	0.00924	0.01339	0.11756	0.00906	0.01537	0.01050	0.01183	0.00703	0.00814	0.00631	0.00434	0.00339	0.00110	0.00581	0.00275	0.00215	0.00628
110	0.01010	0.00917	0.01474	0.74568	0.03223	0.01129	0.01327	0.07919	0.01098	0.01415	0.00900	0.01299	0.00671	0.00500	0.00491	0.00162	0.00645	0.00437	0.00242	0.00571
111	0.83315	0.00946	0.00737	0.00654	0.00961	0.01089	0.00539	0.01477	0.00856	0.04878	0.00727	0.00828	0.00556	0.00461	0.00311	0.00152	0.00381	0.00274	0.00315	0.00543
112	0.01295	0.01142	0.01982	0.06366	0.33338	0.02542	0.21144	0.02739	0.01159	0.11158	0.04191	0.01385	0.00958	0.00519	0.00615	0.00159	0.07804	0.00497	0.00301	0.00706
113	0.01362	0.20856	0.10631	0.01044	0.01338	0.34481	0.00909	0.01531	0.01107	0.01191	0.00905	0.01297	0.00840	0.12946	0.05708	0.00220	0.02452	0.00384	0.00244	0.00553
114	0.00715	0.00476	0.00536	0.00536	0.00536	0.00476	0.00298	0.00715	0.00715	0.00953	0.01548	0.03216	0.01787	0.82729	0.02501	0.00476	0.00476	0.00715	0.00298	0.00298
115	0.05163	0.01332	0.01414	0.01100	0.01480	0.01482	0.00905	0.68618	0.08706	0.02974	0.01229	0.01220	0.00880	0.00591	0.00485	0.00149	0.00522	0.00445	0.00485	0.00819
116	0.01252	0.20566	0.35134	0.01137	0.01667	0.01360	0.01246	0.13671	0.09939	0.03271	0.01028	0.01103	0.00774	0.00495	0.00434	0.00139	0.00587	0.00373	0.00298	0.05527
117	0.00848	0.00702	0.00826	0.00885	0.05250	0.02347	0.00613	0.01299	0.20897	0.01489	0.05508	0.23529	0.12866	0.08418	0.08488	0.00263	0.00458	0.04369	0.00422	0.00523
118	0.86201	0.00950	0.00722	0.00646	0.00950	0.01102	0.00532	0.01445	0.00836	0.02205	0.00684	0.00798	0.00532	0.00456	0.00304	0.00152	0.00380	0.00266	0.00304	0.00532
119	0.00659	0.00503	0.00606	0.00586	0.00719	0.00450	0.00443	0.00853	0.01287	0.01727	0.50560	0.04109	0.30860	0.01101	0.00584	0.00161	0.00246	0.03593	0.00508	0.00446
120	0.00792	0.00568	0.00711	0.00758	0.00848	0.00566	0.00574	0.07514	0.01091	0.01434	0.02457	0.31285	0.06936	0.16217	0.00972	0.00252	0.00395	0.25761	0.00429	0.00437
121	0.00633	0.00501	0.00570	0.00561	0.00703	0.00438	0.00423	0.00802	0.01224	0.01583	0.34000	0.05631	0.46537	0.01159	0.00584	0.00164	0.00249	0.03316	0.00489	0.00435
122	0.00989	0.00992	0.01847	0.60776	0.03171	0.01131	0.21363	0.01339	0.01029	0.01339	0.00905	0.01314	0.00679	0.00471	0.00514	0.00164	0.00700	0.00474	0.00226	0.00576
123	0.01249	0.00899	0.00943	0.00823	0.01064	0.00998	0.00647	0.18774	0.32232	0.02202	0.01667	0.01688	0.01261	0.00614	0.00439	0.00143	0.00362	0.00493	0.32834	0.00669
124	0.00728	0.00537	0.00685	0.00642	0.00768	0.00511	0.00483	0.01032	0.06213	0.01976	0.74581	0.03556	0.04441	0.00984	0.00575	0.00155	0.00242	0.00868	0.00538	0.00483
125	0.01078	0.00915	0.01476	0.68220	0.06377	0.01099	0.01304	0.06120	0.01097	0.06248	0.00960	0.01320	0.00706	0.00502	0.00491	0.00161	0.00630	0.00441	0.00261	0.00592
126	0.01308	0.20564	0.23108	0.01065	0.01492	0.15325	0.01066	0.06232	0.05949	0.06094	0.02775	0.03973	0.05956	0.00584	0.00445	0.00139	0.00596	0.00441	0.00307	0.02583
127	0.01314	0.83025	0.02575	0.00841	0.01261	0.01945	0.00841	0.01472	0.00999	0.01156	0.00683	0.00788	0.00631	0.00420	0.00315	0.00105	0.00526	0.00263	0.00210	0.00631
128	0.01073	0.01829	0.36654	0.01680	0.02216	0.01231	0.34959	0.01518	0.01056	0.01518	0.00902	0.01168	0.00679	0.00493	0.00658	0.00167	0.10833	0.00466	0.00226	0.00675
129	0.01151	0.00951	0.01082	0.00960	0.01174	0.01097	0.00761	0.14271	0.34710	0.01917	0.03426	0.06757	0.08227	0.01043	0.07047	0.00221	0.10329	0.02586	0.01630	0.00659
130	0.09222	0.01285	0.01376	0.01063	0.01447	0.01407	0.00878	0.63797	0.02092	0.10728	0.01213	0.01196	0.00848	0.00580	0.00476	0.00148	0.00515	0.00432	0.00487	0.00809
131	0.01082	0.00815	0.00996	0.00906	0.01107	0.00889	0.03670	0.01813	0.37855	0.08436	0.01922	0.14512	0.01708	0.09307	0.12399	0.00292	0.00536	0.00694	0.00438	0.00623
132	0.01660	0.01835	0.01427	0.04431	0.09063	0.46027	0.00992	0.14256	0.12463	0.01670	0.01023	0.01116	0.00803	0.00535	0.00465	0.00139	0.00722	0.00387	0.00324	0.00661
133	0.01745	0.02188	0.01340	0.01235	0.01476	0.73796	0.00936	0.01880	0.01370	0.01226	0.00920	0.01290	0.00824	0.00580	0.00464	0.00135	0.00849	0.06917	0.00271	0.00560
134	0.00704	0.00512	0.00664	0.00625	0.00743	0.00476	0.00469	0.00956	0.02686	0.01972	0.78110	0.03640	0.04584	0.00999	0.00578	0.00155	0.00234	0.00883	0.00540	0.00469
135	0.00623	0.00445	0.00596	0.00699	0.00741	0.00418	0.00486	0.00731	0.00991	0.01326	0.08397	0.69887	0.03317	0.01484	0.00628	0.00199	0.00296	0.07866	0.00462	0.00409
136	0.01075	0.01075	0.01505	0.01290	0.01290	0.01505	0.01075	0.01183	0.00753	0.01183	0.00645	0.01075	0.00645	0.00860	0.01613	0.00215	0.81830	0.00430	0.00215	0.00538
137	0.00705	0.00517	0.00739	0.00739	0.00810	0.00587	0.00551	0.00845	0.00775	0.01103	0.01362	0.02186	0.01339	0.19376	0.65243	0.00728	0.01150	0.00564	0.00270	0.00411
138	0.00598	0.00430	0.00568	0.00679	0.00711	0.00400	0.00454	0.00685	0.00946	0.01257	0.02776	0.80112	0.05503	0.01531	0.00626	0.00199	0.00284	0.01386	0.00456	0.00400
139	0.01478	0.01605	0.01365	0.01279	0.06259	0.36280	0.04870	0.03747	0.25025	0.02958	0.06030	0.01501	0.01214	0.00604	0.00508	0.00148	0.02220	0.01897	0.00360	0.00652
140	0.01817	0.02302	0.01384	0.01258	0.01512	0.78295	0.00944	0.01982	0.03788	0.01229	0.00798	0.00916	0.00660	0.00511	0.00445	0.00128	0.00871	0.00324	0.00261	0.00576
141	0.86201	0.00950	0.00722	0.00646	0.00950	0.01102	0.00532	0.01445	0.00836	0.02205	0.00684	0.00798	0.00532	0.00456	0.00304	0.00152	0.00380	0.00266	0.00304	0.00532
142	0.01301	0.01073	0.01139	0.01006	0.01296	0.01229	0.00788	0.08242	0.70666	0.04546	0.01937	0.01780	0.01442	0.00659	0.00499	0.00165	0.00401	0.00545	0.00503	0.00784
143	0.01916	0.00764	0.01006	0.00794	0.01125	0.00665	0.00649	0.02105	0.01339	0.64210	0.02164	0.01956	0.08014	0.00659	0.00484	0.00149	0.00382	0.00537	0.10326	0.00756
144	0.01183	0.01134	0.01935	0.12082	0.70859	0.01159	0.01492	0.01479	0.01103	0.01565	0.00918	0.01227	0.00764	0.00444	0.00487	0.00148	0.00592	0.00438	0.00240	0.00752
145	0.00649	0.00453	0.00573	0.00649	0.00673	0.00435	0.00424	0.00715	0.00877	0.01167	0.02315	0.51198	0.02736	0.28615	0.01256	0.00294	0.00359	0.05840	0.00403	0.00369
146	0.00804	0.00592	0.00851	0.07905	0.01224	0.00611	0.00842	0.01039	0.01118	0.01452	0.02452	0.05176	0.02640	0.01282	0.00663	0.00221	0.00470	0.69766	0.00432	0.00461
147	0.00671	0.00483	0.00524	0.00524	0.00577	0.00456	0.00322	0.00712	0.00846	0.01074	0.02660	0.03706	0.26958	0.56324	0.01879	0.00376	0.00403	0.00819	0.00349	0.00336
148	0.01739	0.01371	0.01372	0.01086	0.01428	0.08446	0.00874	0.61575	0.05128	0.02702	0.01207	0.01357	0.00927	0.07716	0.00662	0.00175	0.00560	0.00459	0.00454	0.00763
149	0.00976	0.00988	0.01189	0.01036	0.01156	0.10130	0.05626	0.01127	0.00991	0.01298	0.07766	0.02231	0.19505	0.01250	0.11110	0.00258	0.31936	0.00616	0.00309	0.00502
150	0.00985	0.00912	0.01242	0.24397	0.09307	0.07772	0.04919	0.04128	0.01197	0.01553	0.17907	0.08365	0.03118	0.00805	0.00547	0.00168	0.00522	0.11255	0.00358	0.00544
151	0.01175	0.01126	0.01921	0.14192	0.68808	0.01157	0.01488	0.01472	0.01100	0.01556	0.00917	0.01230	0.00761	0.00445	0.00487	0.00148	0.00594	0.00438	0.00240	0.00745
152	0.02778	0.00892	0.01257	0.22028	0.01792	0.00959	0.07536	0.15453	0.04370	0.08758	0.03844	0.03607	0.08817	0.10110	0.00752	0.00200	0.00522	0.05355	0.00379	0.00593
153	0.00674	0.00495	0.00645	0.00716	0.00798	0.00455	0.00518	0.00793	0.00978	0.01313	0.02555	0.56141	0.05257	0.04621	0.00687	0.00203	0.00328	0.14578	0.00435	0.07812
154	0.01687	0.01211	0.01298	0.01030	0.01371	0.03628	0.00840	0.49989	0.08407	0.11522	0.01720	0.01666	0.09485	0.00676	0.00536	0.00153	0.03008	0.00519	0.00486	0.00768
155	0.00706	0.00509	0.00701	0.00701	0.00758	0.00566	0.00503	0.00821	0.00763	0.01075	0.01398	0.02381	0.01424	0.31362	0.53373	0.00680	0.01022	0.00592	0.00275	0.00389
156	0.00639	0.00482	0.00590	0.00602	0.00709	0.00434	0.00437	0.00803	0.01200	0.01608	0.39015	0.24224	0.25047	0.01209	0.00592	0.00169	0.00250	0.01061	0.00496	0.00434
157	0.01019	0.00873	0.01019	0.00728	0.01165	0.00655	0.00582	0.01237	0.01019	0.01601	0.00873	0.01019	0.00728	0.00364	0.00364	0.00073	0.00364	0.00291	0.00291	0.85734
158	0.00654	0.00493	0.00604	0.00593	0.00713	0.00443	0.00438	0.00840	0.01267	0.01716	0.50593	0.12948	0.24639	0.01130	0.00585	0.00163	0.00243	0.00987	0.00508	0.00443
159	0.00806	0.00495	0.00589	0.00606	0.00722	0.00480	0.00478	0.01027	0.01153	0.01753	0.22989	0.04826	0.06622	0.00915	0.00499	0.00154	0.00281	0.17357	0.37793	0.00455
160	0.00643	0.00459	0.00621	0.00735	0.00782	0.00437	0.00533	0.00760	0.00984	0.01304	0.02684	0.64897	0.03154	0.01498	0.00639	0.00206	0.00323	0.18474	0.00455	0.00411
161	0.00604	0.00478	0.00544	0.00571	0.00689	0.00418	0.00412	0.00735	0.01112	0.01410	0.16321	0.27007	0.45376	0.01291	0.00594	0.00174	0.00257	0.01117	0.00470	0.00418
162	0.00628	0.00453	0.00601	0.00709	0.00758	0.00426	0.00504	0.00737	0.00979	0.01292	0.02807	0.66553	0.07034	0.01496	0.00633	0.00202	0.00309	0.13016	0.00456	0.00408
163	0.01198	0.01149	0.01962	0.07960	0.74862	0.01163	0.01499	0.01492	0.01110	0.01583	0.00921	0.01222	0.00771	0.00441	0.00487	0.00147	0.00588	0.00438	0.00242	0.00764
