[name]
unknown

[dist]
# distance from previous block
# <min> <max>
2	2073

[block]
# block no. 0 follows, 51 sequences, length 17
# corresponding to MSA columns:
# 2086-2102
name=unknown_A
#
# <colnr> <probs for GDERKNQSTAVLIFYWHMCP>
#	G	D	E	R	K	N	Q	S	T	A	V	L	I	F	Y	W	H	M	C	P
0	0.47802	0.07396	0.01052	0.00835	0.01134	0.13386	0.00675	0.01788	0.18417	0.01939	0.00991	0.01043	0.00772	0.00508	0.00370	0.00148	0.00471	0.00339	0.00333	0.00600
1	0.01209	0.00986	0.01121	0.00818	0.01245	0.00850	0.00661	0.18462	0.01309	0.01937	0.00942	0.01055	0.00752	0.00415	0.00393	0.00090	0.00404	0.00325	0.00336	0.66690
2	0.00986	0.00704	0.00813	0.00710	0.00896	0.00701	0.00547	0.18215	0.01500	0.04105	0.40141	0.03160	0.16165	0.06007	0.00671	0.00174	0.00324	0.00781	0.02863	0.00538
3	0.01865	0.01472	0.01467	0.01144	0.01524	0.09378	0.00936	0.70486	0.02220	0.02909	0.01138	0.01151	0.00816	0.00582	0.00487	0.00145	0.00575	0.00430	0.00468	0.00809
4	0.00749	0.00598	0.00687	0.00697	0.00830	0.00598	0.00508	0.01160	0.18516	0.01564	0.15081	0.32291	0.22473	0.01185	0.00579	0.00177	0.00291	0.01037	0.00479	0.00498
5	0.01149	0.64513	0.02109	0.00764	0.01127	0.01601	0.00736	0.01300	0.01026	0.01195	0.01647	0.01672	0.18314	0.00605	0.00375	0.00119	0.00463	0.00436	0.00265	0.00582
6	0.00979	0.02123	0.59664	0.19404	0.02425	0.01134	0.04533	0.01490	0.01030	0.01490	0.00884	0.01109	0.00634	0.00470	0.00477	0.00158	0.00714	0.00388	0.00211	0.00683
7	0.00630	0.00500	0.00565	0.00549	0.00694	0.00436	0.00412	0.00800	0.01235	0.01601	0.36615	0.04279	0.47658	0.01143	0.00580	0.00161	0.00242	0.00974	0.00492	0.00436
8	0.00899	0.11164	0.44490	0.01083	0.01551	0.00990	0.01243	0.01271	0.01038	0.01459	0.06608	0.19602	0.05064	0.00773	0.00498	0.00160	0.00550	0.00649	0.00297	0.00610
9	0.01146	0.01366	0.18848	0.01044	0.03858	0.04566	0.00958	0.04916	0.15966	0.03161	0.01162	0.01286	0.00907	0.00488	0.00433	0.00122	0.00488	0.01595	0.02033	0.35656
10	0.55132	0.00955	0.00973	0.09705	0.01284	0.01172	0.00740	0.01356	0.00840	0.01860	0.00724	0.00948	0.00593	0.00554	0.00619	0.00166	0.18676	0.00327	0.02842	0.00533
11	0.00599	0.00428	0.00570	0.00684	0.00713	0.00399	0.00456	0.00684	0.00941	0.01254	0.02709	0.82409	0.03250	0.01540	0.00627	0.00200	0.00285	0.01397	0.00456	0.00399
12	0.01010	0.00671	0.00808	0.00731	0.00831	0.00715	0.00517	0.18057	0.01062	0.01430	0.01243	0.02115	0.01242	0.31613	0.11961	0.24132	0.00585	0.00549	0.00313	0.00413
13	0.00599	0.00428	0.00570	0.00684	0.00713	0.00399	0.00456	0.00684	0.00941	0.01254	0.02709	0.82409	0.03250	0.01540	0.00627	0.00200	0.00285	0.01397	0.00456	0.00399
14	0.67276	0.01263	0.00873	0.00785	0.01078	0.18970	0.00626	0.01561	0.00961	0.01980	0.00701	0.00818	0.00555	0.00467	0.00335	0.00146	0.00494	0.00277	0.00293	0.00541
15	0.01844	0.02084	0.01415	0.01230	0.01520	0.59591	0.00945	0.22281	0.01638	0.01709	0.00872	0.00965	0.00687	0.00529	0.00456	0.00132	0.00794	0.00350	0.00317	0.00641
16	0.01077	0.00661	0.00808	0.00770	0.00935	0.00660	0.00571	0.01495	0.18544	0.16768	0.12546	0.32321	0.02525	0.04538	0.00638	0.00186	0.00333	0.00907	0.03141	0.00575

[dist]
# distance from previous block
# <min> <max>
0	2

[block]
# block no. 1 follows, 51 sequences, length 22
# corresponding to MSA columns:
# 2105-2126
name=unknown_B
#
# <colnr> <probs for GDERKNQSTAVLIFYWHMCP>
#	G	D	E	R	K	N	Q	S	T	A	V	L	I	F	Y	W	H	M	C	P
0	0.01315	0.00972	0.01083	0.00940	0.01181	0.01085	0.00728	0.19556	0.39899	0.04499	0.01534	0.01596	0.01183	0.00897	0.00839	0.20673	0.00434	0.00497	0.00433	0.00658
1	0.01899	0.00845	0.01220	0.20220	0.01765	0.00811	0.00876	0.02122	0.01305	0.61120	0.01683	0.01586	0.01082	0.00580	0.00494	0.00155	0.00475	0.00480	0.00515	0.00767
2	0.01920	0.00845	0.01111	0.00839	0.01233	0.00706	0.00689	0.02117	0.01314	0.61203	0.01683	0.01516	0.01099	0.00550	0.00463	0.00133	0.00405	0.00446	0.00532	0.21195
3	0.01332	0.00829	0.01016	0.06738	0.01289	0.00872	0.00727	0.01989	0.32341	0.24091	0.02071	0.21072	0.01777	0.00847	0.00528	0.00170	0.00392	0.00731	0.00500	0.00687
4	0.01207	0.28129	0.01837	0.20386	0.01810	0.10771	0.01053	0.01386	0.00963	0.01194	0.00726	0.01015	0.00641	0.00586	0.00781	0.00156	0.26204	0.00363	0.00219	0.00574
5	0.00821	0.00676	0.00983	0.01280	0.19743	0.00656	0.00804	0.01039	0.02345	0.01486	0.08504	0.18103	0.15918	0.01112	0.00596	0.00185	0.00400	0.24415	0.00411	0.00520
6	0.16583	0.04924	0.23793	0.00995	0.01370	0.07555	0.03505	0.01310	0.01010	0.01559	0.01315	0.20613	0.01312	0.00735	0.00466	0.00155	0.00520	0.02648	0.00305	0.09326
7	0.01163	0.00988	0.01044	0.00946	0.01192	0.01136	0.00722	0.02391	0.69694	0.01927	0.01948	0.01994	0.01533	0.10215	0.00733	0.00203	0.00399	0.00574	0.00477	0.00722
8	0.00594	0.00447	0.00550	0.00632	0.00699	0.00404	0.00433	0.00690	0.00991	0.01275	0.03343	0.60712	0.24538	0.01457	0.00614	0.00190	0.00275	0.01297	0.00456	0.00404
9	0.01094	0.04235	0.15523	0.15704	0.28418	0.01261	0.04384	0.01396	0.00991	0.01418	0.00835	0.01156	0.00691	0.00552	0.00752	0.00167	0.20112	0.00422	0.00225	0.00662
10	0.01321	0.01035	0.01303	0.08582	0.18188	0.05244	0.00946	0.22246	0.02805	0.08611	0.01625	0.20813	0.03554	0.00793	0.00523	0.00161	0.00496	0.00686	0.00402	0.00666
11	0.00864	0.00726	0.01041	0.01084	0.10030	0.00822	0.03979	0.00956	0.00808	0.01138	0.01311	0.07404	0.01429	0.41279	0.06791	0.00369	0.18607	0.00645	0.00279	0.00438
12	0.01461	0.01325	0.03618	0.04186	0.36925	0.12522	0.04608	0.06500	0.10132	0.12088	0.01175	0.01301	0.00893	0.00507	0.00487	0.00148	0.00597	0.00446	0.00336	0.00747
13	0.00585	0.00481	0.00515	0.00543	0.00676	0.00411	0.00393	0.00700	0.01077	0.01310	0.04434	0.23357	0.61188	0.01315	0.00592	0.00174	0.00258	0.01123	0.00456	0.00411
14	0.01118	0.00930	0.01206	0.21065	0.01761	0.01050	0.03702	0.15943	0.23510	0.01842	0.01698	0.20884	0.01557	0.00809	0.00530	0.00170	0.00475	0.00707	0.00409	0.00636
15	0.21676	0.01091	0.01258	0.01058	0.01245	0.01355	0.00874	0.21163	0.03283	0.01945	0.00868	0.01105	0.00724	0.00850	0.05518	0.00214	0.34437	0.00403	0.00318	0.00614
16	0.00640	0.00514	0.00580	0.00605	0.00754	0.00455	0.00481	0.00797	0.01143	0.01411	0.10060	0.04844	0.55405	0.01253	0.00604	0.00180	0.00296	0.19088	0.00462	0.00428
17	0.00599	0.00428	0.00570	0.00684	0.00713	0.00399	0.00456	0.00684	0.00941	0.01254	0.02709	0.82409	0.03250	0.01540	0.00627	0.00200	0.00285	0.01397	0.00456	0.00399
18	0.21744	0.01102	0.01099	0.00944	0.01254	0.01261	0.00754	0.19075	0.43109	0.02323	0.01502	0.01440	0.01121	0.00599	0.00451	0.00159	0.00421	0.00461	0.00451	0.00732
19	0.00683	0.00464	0.00535	0.00571	0.00669	0.00426	0.00408	0.00833	0.01070	0.01507	0.13197	0.31700	0.23536	0.01157	0.00540	0.00164	0.00255	0.01007	0.20851	0.00426
20	0.01221	0.63325	0.02311	0.20195	0.01770	0.01740	0.00967	0.01420	0.00995	0.01180	0.00729	0.00913	0.00637	0.00437	0.00358	0.00119	0.00557	0.00304	0.00212	0.00610
21	0.01555	0.01144	0.01269	0.01049	0.01366	0.01246	0.00876	0.56232	0.01977	0.02631	0.01684	0.02379	0.04696	0.00802	0.00540	0.00167	0.00507	0.18672	0.00481	0.00726

[dist]
# distance from previous block
# <min> <max>
0	2

[block]
# block no. 2 follows, 51 sequences, length 46
# corresponding to MSA columns:
# 2129-2174
name=unknown_C
#
# <colnr> <probs for GDERKNQSTAVLIFYWHMCP>
#	G	D	E	R	K	N	Q	S	T	A	V	L	I	F	Y	W	H	M	C	P
0	0.00775	0.00565	0.00756	0.00840	0.09068	0.00537	0.00539	0.00985	0.01239	0.01786	0.50634	0.03187	0.06760	0.09064	0.00733	0.00181	0.00294	0.00778	0.10802	0.00478
1	0.01109	0.00927	0.01067	0.00771	0.01203	0.00747	0.00620	0.09386	0.01156	0.01760	0.00906	0.01036	0.00739	0.00388	0.00377	0.00081	0.00383	0.00307	0.00312	0.76724
2	0.00606	0.00446	0.00569	0.00650	0.00708	0.00408	0.00445	0.00713	0.01015	0.01341	0.11179	0.62704	0.14532	0.01440	0.00615	0.00190	0.00274	0.01291	0.00465	0.00408
3	0.00985	0.00834	0.00981	0.00716	0.01119	0.00635	0.00570	0.01204	0.01059	0.01641	0.09207	0.01300	0.01143	0.00432	0.00387	0.00081	0.00350	0.00355	0.00318	0.76685
4	0.01234	0.01073	0.01648	0.01355	0.05704	0.08863	0.26570	0.05613	0.01271	0.09991	0.20247	0.01897	0.01755	0.00737	0.00690	0.09233	0.00573	0.00589	0.00368	0.00591
5	0.00941	0.00881	0.01247	0.06033	0.01256	0.01176	0.00917	0.01064	0.00790	0.01176	0.01025	0.09963	0.01070	0.05791	0.13054	0.00308	0.51995	0.00563	0.00252	0.00496
6	0.00674	0.00554	0.00600	0.00586	0.00746	0.00510	0.00439	0.00952	0.09407	0.01534	0.19894	0.08444	0.51592	0.01150	0.00575	0.00166	0.00262	0.00975	0.00478	0.00463
7	0.01067	0.00833	0.00919	0.00842	0.01048	0.00914	0.00645	0.09586	0.37275	0.02004	0.16256	0.14281	0.02251	0.00844	0.00518	0.00162	0.00344	0.00723	0.08852	0.00637
8	0.01323	0.16893	0.38792	0.01241	0.01800	0.01410	0.04332	0.25003	0.01426	0.01956	0.00941	0.01047	0.00694	0.00494	0.00451	0.00144	0.00637	0.00378	0.00297	0.00740
9	0.01698	0.01144	0.01347	0.01252	0.09623	0.09673	0.00914	0.14668	0.01378	0.30936	0.01386	0.06297	0.01063	0.00679	0.00701	0.00162	0.15425	0.00504	0.00430	0.00720
10	0.01548	0.01016	0.01175	0.00910	0.01276	0.00980	0.00735	0.31235	0.01592	0.18175	0.01398	0.09547	0.01128	0.00622	0.00467	0.00131	0.00436	0.00505	0.00451	0.26675
11	0.04703	0.01032	0.00917	0.00903	0.05206	0.18159	0.00591	0.07603	0.01059	0.04934	0.01312	0.03489	0.01345	0.44943	0.01561	0.00322	0.00567	0.00572	0.00318	0.00465
12	0.00654	0.00663	0.09032	0.00751	0.00866	0.00487	0.00602	0.00812	0.01017	0.01391	0.13720	0.62270	0.03174	0.01348	0.00603	0.00188	0.00324	0.01213	0.00442	0.00443
13	0.01021	0.00907	0.01144	0.29090	0.01921	0.01053	0.00921	0.01846	0.39699	0.01665	0.02062	0.02093	0.13125	0.00694	0.00509	0.00166	0.00461	0.00588	0.00395	0.00641
14	0.01022	0.00924	0.00908	0.00848	0.01046	0.08687	0.00643	0.01738	0.36110	0.01792	0.21111	0.11035	0.10346	0.00885	0.00536	0.00163	0.00374	0.00752	0.00477	0.00604
15	0.01125	0.01035	0.01755	0.17163	0.57292	0.01075	0.01367	0.01370	0.01043	0.01462	0.00908	0.01263	0.00764	0.00582	0.00640	0.09229	0.00580	0.00436	0.00236	0.00676
16	0.00795	0.00662	0.00983	0.09441	0.01205	0.00822	0.00765	0.00967	0.00800	0.01153	0.01156	0.01763	0.01085	0.06229	0.54378	0.00604	0.15972	0.00507	0.00251	0.00462
17	0.00626	0.00502	0.00573	0.00562	0.00706	0.00450	0.00424	0.00786	0.01161	0.01487	0.25359	0.04137	0.50281	0.01437	0.09092	0.00229	0.00357	0.00942	0.00459	0.00431
18	0.10163	0.01223	0.02318	0.01723	0.02075	0.01294	0.50345	0.01462	0.01023	0.01543	0.00873	0.01207	0.00698	0.00531	0.00811	0.00177	0.21163	0.00509	0.00246	0.00617
19	0.00983	0.00581	0.00664	0.00597	0.00812	0.00493	0.00464	0.01130	0.01207	0.20530	0.08802	0.03920	0.55818	0.01075	0.00560	0.00162	0.00289	0.00896	0.00499	0.00521
20	0.02078	0.00983	0.01225	0.00942	0.01320	0.00945	0.00777	0.23842	0.01663	0.56556	0.03320	0.01574	0.01179	0.00611	0.00495	0.00151	0.00449	0.00488	0.00574	0.00828
21	0.01314	0.83025	0.02575	0.00841	0.01261	0.01945	0.00841	0.01472	0.00999	0.01156	0.00683	0.00788	0.00631	0.00420	0.00315	0.00105	0.00526	0.00263	0.00210	0.00631
22	0.00795	0.00580	0.00779	0.00841	0.00965	0.00581	0.00711	0.01094	0.05956	0.01628	0.21272	0.04860	0.03187	0.01229	0.00644	0.00205	0.00395	0.53327	0.00477	0.00475
23	0.01183	0.00986	0.01091	0.00840	0.02563	0.04579	0.00655	0.05616	0.06095	0.05776	0.01013	0.01111	0.00805	0.00416	0.00392	0.00091	0.00407	0.00331	0.00329	0.65721
24	0.01022	0.00969	0.01644	0.55916	0.28281	0.01117	0.01412	0.01338	0.01027	0.01370	0.00890	0.01280	0.00695	0.00474	0.00490	0.00158	0.00632	0.00437	0.00226	0.00622
25	0.01028	0.07445	0.73952	0.01357	0.02058	0.01183	0.01736	0.01567	0.01042	0.02993	0.00889	0.01034	0.00634	0.00467	0.00458	0.00152	0.00708	0.00359	0.00215	0.00722
26	0.01419	0.66833	0.02338	0.00926	0.01313	0.17761	0.00863	0.01570	0.01078	0.01166	0.00699	0.00808	0.00631	0.00438	0.00341	0.00109	0.00598	0.00274	0.00219	0.00618
27	0.00591	0.00477	0.00527	0.00560	0.00682	0.00412	0.00403	0.00708	0.01077	0.01333	0.07488	0.28367	0.53009	0.01324	0.00595	0.00176	0.00259	0.01140	0.00460	0.00412
28	0.00594	0.00445	0.00553	0.00639	0.00701	0.00403	0.00436	0.00689	0.00985	0.01272	0.03261	0.63489	0.21813	0.01468	0.00616	0.00191	0.00276	0.01309	0.00456	0.00403
29	0.01046	0.01236	0.09665	0.16331	0.06862	0.01219	0.26663	0.01353	0.01003	0.01397	0.01109	0.01430	0.05519	0.00604	0.00821	0.00176	0.22207	0.00512	0.00243	0.00606
30	0.01075	0.01084	0.01409	0.01226	0.01253	0.06254	0.01010	0.01192	0.00796	0.01179	0.00736	0.01170	0.00717	0.01191	0.11418	0.00281	0.66822	0.00435	0.00223	0.00527
31	0.00657	0.00452	0.00553	0.00609	0.00623	0.00438	0.00376	0.00700	0.00826	0.01102	0.02122	0.42371	0.02510	0.42587	0.01575	0.00340	0.00382	0.01052	0.00376	0.00348
32	0.01231	0.16468	0.38817	0.01180	0.01714	0.13140	0.01294	0.05601	0.04742	0.01541	0.00895	0.01013	0.00688	0.00470	0.00429	0.00134	0.00652	0.00344	0.00252	0.09397
33	0.12218	0.19512	0.20229	0.00999	0.01429	0.01301	0.01002	0.08364	0.17082	0.07673	0.04776	0.01296	0.01041	0.00542	0.00429	0.00145	0.00506	0.00409	0.00350	0.00696
34	0.05582	0.00691	0.00713	0.00637	0.00830	0.00731	0.00498	0.11817	0.09592	0.05783	0.01557	0.01682	0.01188	0.00581	0.00386	0.00128	0.00305	0.00458	0.56274	0.00566
35	0.01012	0.00989	0.00843	0.00788	0.00957	0.20063	0.00592	0.02756	0.04105	0.02915	0.33315	0.07847	0.18275	0.00994	0.02231	0.00166	0.00436	0.00775	0.00442	0.00500
36	0.01292	0.26880	0.17808	0.16021	0.08448	0.13996	0.02319	0.01576	0.01098	0.05075	0.00855	0.01036	0.00676	0.00467	0.00425	0.00136	0.00651	0.00354	0.00240	0.00647
37	0.00715	0.00476	0.00536	0.00536	0.00536	0.00476	0.00298	0.00715	0.00715	0.00953	0.01548	0.03216	0.01787	0.82729	0.02501	0.00476	0.00476	0.00715	0.00298	0.00298
38	0.00581	0.00498	0.00498	0.00498	0.00664	0.00415	0.00373	0.00705	0.01120	0.01328	0.04978	0.04729	0.79464	0.01245	0.00581	0.00166	0.00249	0.01037	0.00456	0.00415
39	0.08672	0.01542	0.23303	0.05973	0.01694	0.04346	0.02814	0.18704	0.13021	0.11776	0.02612	0.01310	0.00943	0.00552	0.00472	0.00154	0.00562	0.00434	0.00382	0.00732
40	0.08436	0.20909	0.11183	0.01212	0.06974	0.02531	0.05917	0.20661	0.05941	0.05488	0.01112	0.02896	0.00899	0.00552	0.00446	0.00145	0.00550	0.03103	0.00342	0.00704
41	0.02104	0.00997	0.01240	0.00951	0.01335	0.00961	0.00785	0.24944	0.01676	0.57074	0.01712	0.01526	0.01103	0.00603	0.00493	0.00151	0.00455	0.00479	0.00573	0.00836
42	0.00629	0.00463	0.00624	0.04168	0.00849	0.00444	0.00517	0.00741	0.00978	0.01292	0.04602	0.66916	0.07300	0.01452	0.00622	0.00197	0.00311	0.07036	0.00448	0.00412
43	0.01576	0.04621	0.15888	0.01185	0.08769	0.01010	0.01006	0.14603	0.04083	0.30135	0.05654	0.03418	0.04577	0.00626	0.00492	0.00152	0.00495	0.00512	0.00447	0.00753
44	0.01197	0.18055	0.22494	0.01595	0.10175	0.06228	0.21889	0.01648	0.07786	0.01501	0.00961	0.01144	0.00750	0.00467	0.00491	0.00147	0.02109	0.00424	0.00251	0.00687
45	0.30943	0.03166	0.16160	0.02184	0.06692	0.01148	0.14755	0.07067	0.01081	0.01890	0.00849	0.01024	0.00650	0.00454	0.00433	0.00146	0.01483	0.00371	0.00280	0.09222

[dist]
# distance from previous block
# <min> <max>
0	3

[block]
# block no. 3 follows, 51 sequences, length 123
# corresponding to MSA columns:
# 2178-2300
name=unknown_D
#
# <colnr> <probs for GDERKNQSTAVLIFYWHMCP>
#	G	D	E	R	K	N	Q	S	T	A	V	L	I	F	Y	W	H	M	C	P
0	0.28304	0.01292	0.01262	0.23536	0.05190	0.20039	0.02090	0.02753	0.01042	0.01588	0.00774	0.01019	0.00619	0.00516	0.00525	0.00155	0.08117	0.00356	0.00260	0.00563
1	0.05665	0.01630	0.01330	0.09180	0.01569	0.40910	0.00949	0.01719	0.01201	0.10243	0.04237	0.01170	0.00870	0.00605	0.00682	0.00153	0.16612	0.00393	0.00297	0.00585
2	0.00671	0.00501	0.00623	0.00593	0.00719	0.00453	0.00444	0.00880	0.01333	0.01834	0.63592	0.03896	0.20535	0.01056	0.00580	0.00157	0.00235	0.00920	0.00523	0.00453
3	0.00598	0.00431	0.00567	0.00677	0.00711	0.00400	0.00453	0.00685	0.00948	0.01258	0.02803	0.79179	0.06419	0.01527	0.00625	0.00198	0.00284	0.01382	0.00456	0.00400
4	0.00690	0.00502	0.00649	0.00612	0.00731	0.00461	0.00459	0.00917	0.01378	0.01940	0.75809	0.03722	0.08251	0.01016	0.00580	0.00155	0.00233	0.00896	0.00537	0.00461
5	0.01075	0.01075	0.01505	0.01290	0.01290	0.01505	0.01075	0.01183	0.00753	0.01183	0.00645	0.01075	0.00645	0.00860	0.01613	0.00215	0.81830	0.00430	0.00215	0.00538
6	0.00916	0.00458	0.00458	0.00458	0.00573	0.00458	0.00344	0.01145	0.01031	0.01832	0.01603	0.01832	0.01260	0.00573	0.00344	0.00115	0.00229	0.00458	0.85457	0.00458
7	0.00705	0.00516	0.00738	0.00738	0.00808	0.00586	0.00550	0.00844	0.00774	0.01103	0.01364	0.02192	0.01342	0.19775	0.64848	0.00726	0.01145	0.00565	0.00270	0.00410
8	0.00712	0.00488	0.00595	0.00595	0.00615	0.00508	0.00371	0.00752	0.00732	0.00996	0.01495	0.02919	0.01658	0.64493	0.20562	0.00549	0.00670	0.00671	0.00290	0.00330
9	0.86201	0.00950	0.00722	0.00646	0.00950	0.01102	0.00532	0.01445	0.00836	0.02205	0.00684	0.00798	0.00532	0.00456	0.00304	0.00152	0.00380	0.00266	0.00304	0.00532
10	0.00696	0.00502	0.00657	0.00618	0.00734	0.00464	0.00464	0.00927	0.01391	0.01971	0.79405	0.03671	0.04637	0.01005	0.00580	0.00155	0.00232	0.00889	0.00541	0.00464
11	0.01868	0.01376	0.01475	0.01131	0.01524	0.01524	0.00934	0.78025	0.02311	0.03097	0.01180	0.01180	0.00836	0.00590	0.00492	0.00147	0.00541	0.00442	0.00492	0.00836
12	0.00928	0.00873	0.01474	0.81548	0.03385	0.01092	0.01365	0.01256	0.00983	0.01256	0.00873	0.01310	0.00655	0.00491	0.00491	0.00164	0.00655	0.00437	0.00218	0.00546
13	0.01868	0.01376	0.01475	0.01131	0.01524	0.01524	0.00934	0.78025	0.02311	0.03097	0.01180	0.01180	0.00836	0.00590	0.00492	0.00147	0.00541	0.00442	0.00492	0.00836
14	0.02008	0.01152	0.01336	0.01024	0.01412	0.01191	0.00846	0.46571	0.01935	0.35082	0.01495	0.01385	0.00994	0.00598	0.00493	0.00149	0.00490	0.00464	0.00540	0.00836
15	0.01534	0.01148	0.01240	0.01034	0.01361	0.01283	0.00827	0.28848	0.45285	0.09339	0.01709	0.01592	0.01244	0.00635	0.00497	0.00159	0.00444	0.00511	0.00507	0.00803
16	0.01082	0.00675	0.00774	0.00698	0.00922	0.00638	0.00540	0.01461	0.15688	0.19596	0.07902	0.08672	0.37402	0.00996	0.00549	0.00164	0.00315	0.00838	0.00504	0.00581
17	0.00790	0.00539	0.00701	0.00655	0.00789	0.00505	0.00501	0.01058	0.03927	0.05721	0.69840	0.03594	0.04291	0.00989	0.00577	0.00158	0.00255	0.04077	0.00539	0.00492
18	0.00581	0.00498	0.00498	0.00498	0.00664	0.00415	0.00373	0.00705	0.01120	0.01328	0.04978	0.04729	0.79464	0.01245	0.00581	0.00166	0.00249	0.01037	0.00456	0.00415
19	0.02205	0.00836	0.01140	0.00874	0.01254	0.00722	0.00722	0.02395	0.01407	0.80004	0.01939	0.01673	0.01216	0.00608	0.00494	0.00152	0.00418	0.00494	0.00608	0.00836
20	0.00704	0.00519	0.00750	0.00750	0.00824	0.00593	0.00565	0.00852	0.00778	0.01111	0.01353	0.02132	0.01316	0.16044	0.68543	0.00741	0.01185	0.00556	0.00269	0.00417
21	0.00654	0.00493	0.00614	0.00672	0.00775	0.00453	0.00514	0.00805	0.01104	0.01427	0.13818	0.29046	0.26784	0.01332	0.00619	0.00190	0.00308	0.19501	0.00467	0.00426
22	0.00792	0.00566	0.00792	0.00905	0.01018	0.00566	0.00792	0.01018	0.01131	0.01471	0.02602	0.05543	0.02828	0.01358	0.00679	0.00226	0.00453	0.76356	0.00453	0.00453
23	0.01228	0.05999	0.04473	0.02564	0.54709	0.04618	0.13804	0.01528	0.01117	0.01543	0.00905	0.01186	0.00750	0.00449	0.00523	0.00148	0.03039	0.00443	0.00241	0.00734
24	0.01168	0.01106	0.01862	0.25507	0.43417	0.01188	0.07388	0.06678	0.01152	0.01589	0.00923	0.01245	0.00739	0.00477	0.00535	0.00155	0.03473	0.00449	0.00253	0.00697
25	0.00870	0.00776	0.01143	0.03487	0.01156	0.01003	0.02373	0.01027	0.00788	0.01170	0.01024	0.01552	0.00965	0.02376	0.44594	0.00525	0.33958	0.00486	0.00242	0.00487
26	0.10953	0.06229	0.01451	0.23858	0.05279	0.26958	0.01041	0.11965	0.01275	0.01601	0.00838	0.01053	0.00662	0.00516	0.00496	0.00146	0.04425	0.00369	0.00277	0.00606
27	0.00607	0.00450	0.00569	0.00660	0.00721	0.00412	0.00460	0.00709	0.00989	0.01282	0.03164	0.61952	0.18738	0.01469	0.00621	0.00194	0.00288	0.05853	0.00456	0.00406
28	0.16755	0.34342	0.06346	0.00946	0.01340	0.07776	0.00870	0.20259	0.02946	0.03073	0.00869	0.00943	0.00690	0.00486	0.00382	0.00131	0.00539	0.00327	0.00311	0.00670
29	0.00704	0.00515	0.00732	0.00730	0.00801	0.00580	0.00543	0.00846	0.00800	0.01138	0.04699	0.02269	0.01489	0.19825	0.61260	0.00698	0.01097	0.00581	0.00282	0.00411
30	0.01080	0.04906	0.20521	0.01479	0.01931	0.01100	0.32985	0.02957	0.08016	0.03298	0.02489	0.11867	0.01201	0.00623	0.00535	0.00163	0.00645	0.01628	0.00307	0.02270
31	0.01598	0.00927	0.01248	0.04833	0.10426	0.00856	0.00829	0.04924	0.04196	0.35756	0.01389	0.01379	0.00973	0.00526	0.00503	0.00132	0.03821	0.00425	0.00433	0.24826
32	0.02205	0.00836	0.01140	0.00874	0.01254	0.00722	0.00722	0.02395	0.01407	0.80004	0.01939	0.01673	0.01216	0.00608	0.00494	0.00152	0.00418	0.00494	0.00608	0.00836
33	0.00697	0.00492	0.00628	0.00636	0.00676	0.00518	0.00426	0.00771	0.00774	0.01057	0.01689	0.08143	0.05001	0.45307	0.30501	0.00557	0.00756	0.00707	0.00303	0.00360
34	0.01145	0.12433	0.45341	0.01446	0.02039	0.01278	0.18421	0.04747	0.01118	0.04145	0.00923	0.01097	0.00680	0.00469	0.00503	0.00152	0.02711	0.00408	0.00242	0.00704
35	0.00800	0.00679	0.01066	0.32363	0.08697	0.00754	0.00926	0.01008	0.00979	0.01293	0.01777	0.34810	0.01921	0.02836	0.02213	0.00201	0.00492	0.06357	0.00337	0.00492
36	0.00874	0.00571	0.00733	0.00668	0.00820	0.00539	0.00509	0.01180	0.06621	0.09344	0.66861	0.03358	0.04102	0.00944	0.00566	0.00155	0.00260	0.00829	0.00545	0.00520
37	0.01135	0.01078	0.01830	0.15114	0.63160	0.01111	0.01424	0.01421	0.01087	0.01530	0.01021	0.05983	0.00904	0.00511	0.00495	0.00152	0.00577	0.00494	0.00252	0.00720
38	0.03297	0.01114	0.01309	0.01055	0.03768	0.02971	0.00839	0.34621	0.01775	0.41746	0.01537	0.01417	0.01016	0.00591	0.00489	0.00149	0.00486	0.00463	0.00534	0.00823
39	0.01196	0.01147	0.01958	0.08588	0.74252	0.01162	0.01498	0.01490	0.01109	0.01581	0.00921	0.01223	0.00770	0.00442	0.00487	0.00147	0.00589	0.00438	0.00241	0.00762
40	0.00928	0.00873	0.01474	0.81548	0.03385	0.01092	0.01365	0.01256	0.00983	0.01256	0.00873	0.01310	0.00655	0.00491	0.00491	0.00164	0.00655	0.00437	0.00218	0.00546
41	0.00889	0.00812	0.01325	0.68522	0.02948	0.00987	0.01210	0.01193	0.01017	0.01318	0.05635	0.01714	0.06781	0.00579	0.00499	0.00162	0.00588	0.00508	0.02784	0.00529
42	0.00690	0.00470	0.00540	0.00558	0.00570	0.00461	0.00326	0.00709	0.00769	0.01018	0.01889	0.15754	0.05599	0.66189	0.02118	0.00419	0.00436	0.00837	0.00330	0.00319
43	0.00714	0.00497	0.00628	0.00595	0.00713	0.00461	0.00446	0.00941	0.01339	0.01926	0.67482	0.03519	0.07719	0.00969	0.00554	0.00151	0.00232	0.00849	0.09805	0.00461
44	0.01049	0.01100	0.02247	0.01707	0.02074	0.01061	0.53101	0.01394	0.01130	0.01523	0.01430	0.04391	0.01332	0.00701	0.00650	0.00184	0.04179	0.19844	0.00304	0.00598
45	0.01019	0.00873	0.01019	0.00728	0.01165	0.00655	0.00582	0.01237	0.01019	0.01601	0.00873	0.01019	0.00728	0.00364	0.00364	0.00073	0.00364	0.00291	0.00291	0.85734
46	0.01836	0.02342	0.01393	0.01266	0.01519	0.80756	0.00950	0.01962	0.01393	0.01203	0.00760	0.00886	0.00633	0.00506	0.00443	0.00127	0.00886	0.00317	0.00253	0.00570
47	0.01435	0.00944	0.01063	0.00837	0.01162	0.06158	0.00667	0.07310	0.01267	0.25121	0.07772	0.01714	0.05216	0.04008	0.00595	0.00141	0.04352	0.00475	0.00424	0.29339
48	0.86201	0.00950	0.00722	0.00646	0.00950	0.01102	0.00532	0.01445	0.00836	0.02205	0.00684	0.00798	0.00532	0.00456	0.00304	0.00152	0.00380	0.00266	0.00304	0.00532
49	0.00715	0.00476	0.00536	0.00536	0.00536	0.00476	0.00298	0.00715	0.00715	0.00953	0.01548	0.03216	0.01787	0.82729	0.02501	0.00476	0.00476	0.00715	0.00298	0.00298
50	0.00848	0.00541	0.00698	0.00648	0.00798	0.00491	0.00500	0.01062	0.01346	0.10135	0.58073	0.03691	0.12857	0.01011	0.00576	0.00160	0.00266	0.05269	0.00533	0.00497
51	0.01591	0.01369	0.01395	0.01161	0.01449	0.21341	0.07605	0.17335	0.09342	0.14652	0.01367	0.05391	0.01107	0.00756	0.03033	0.00177	0.06118	0.03732	0.00401	0.00677
52	0.01160	0.01326	0.02900	0.02071	0.02568	0.01243	0.77879	0.01574	0.01160	0.01574	0.00994	0.01326	0.00746	0.00414	0.00580	0.00166	0.00829	0.00580	0.00249	0.00663
53	0.00627	0.00430	0.00560	0.00664	0.00700	0.00404	0.00446	0.00725	0.00949	0.01305	0.02612	0.75343	0.03076	0.01455	0.00602	0.00192	0.00280	0.01315	0.07909	0.00404
54	0.01204	0.01155	0.01972	0.06370	0.76406	0.01164	0.01502	0.01497	0.01113	0.01591	0.00922	0.01220	0.00773	0.00440	0.00487	0.00147	0.00587	0.00438	0.00242	0.00768
55	0.00599	0.00428	0.00570	0.00684	0.00713	0.00399	0.00456	0.00684	0.00941	0.01254	0.02709	0.82409	0.03250	0.01540	0.00627	0.00200	0.00285	0.01397	0.00456	0.00399
56	0.00724	0.00488	0.00627	0.00627	0.00655	0.00516	0.00412	0.00759	0.00731	0.01003	0.01406	0.02636	0.01517	0.49519	0.27434	0.08967	0.00740	0.00626	0.00278	0.00334
57	0.10290	0.00949	0.01414	0.33606	0.02174	0.01116	0.06242	0.04715	0.01055	0.14060	0.01023	0.01293	0.00768	0.00704	0.04015	0.00195	0.15031	0.00440	0.00305	0.00605
58	0.00972	0.00901	0.01479	0.63232	0.13259	0.01069	0.01306	0.03598	0.01046	0.01361	0.01109	0.03445	0.04092	0.00545	0.00498	0.00162	0.00616	0.00486	0.00246	0.00576
59	0.00792	0.00566	0.00792	0.00905	0.01018	0.00566	0.00792	0.01018	0.01131	0.01471	0.02602	0.05543	0.02828	0.01358	0.00679	0.00226	0.00453	0.76356	0.00453	0.00453
60	0.54069	0.01140	0.00921	0.00794	0.01108	0.13357	0.00640	0.01740	0.01052	0.19704	0.00981	0.01010	0.00703	0.00498	0.00369	0.00148	0.00467	0.00326	0.00365	0.00607
61	0.00793	0.00493	0.00641	0.00641	0.00732	0.00539	0.00485	0.00965	0.00875	0.01391	0.01420	0.01933	0.01250	0.06023	0.42203	0.04136	0.00812	0.00504	0.33732	0.00430
62	0.01220	0.01188	0.05430	0.24651	0.32516	0.02933	0.01303	0.11257	0.11353	0.01742	0.01077	0.01303	0.00834	0.00505	0.00488	0.00154	0.00587	0.00447	0.00300	0.00713
63	0.00581	0.00498	0.00498	0.00498	0.00664	0.00415	0.00373	0.00705	0.01120	0.01328	0.04978	0.04729	0.79464	0.01245	0.00581	0.00166	0.00249	0.01037	0.00456	0.00415
64	0.01307	0.81258	0.04279	0.00853	0.01280	0.01927	0.00862	0.01473	0.00999	0.01165	0.00688	0.00794	0.00630	0.00421	0.00319	0.00106	0.00530	0.00265	0.00210	0.00633
65	0.01113	0.00981	0.01207	0.17928	0.01705	0.03917	0.02278	0.04706	0.08491	0.03093	0.01007	0.01180	0.00795	0.00452	0.00448	0.00113	0.02386	0.00367	0.00306	0.47526
66	0.05201	0.01605	0.01626	0.01325	0.01642	0.28761	0.15879	0.15148	0.15620	0.01802	0.01095	0.01204	0.00845	0.00551	0.00553	0.00152	0.05546	0.00438	0.00339	0.00669
67	0.01088	0.01037	0.00893	0.00849	0.00982	0.22948	0.00645	0.01253	0.01013	0.01325	0.01215	0.01637	0.01071	0.05496	0.31234	0.00396	0.04323	0.00455	0.21661	0.00478
68	0.01123	0.03675	0.25641	0.02034	0.18098	0.01215	0.37857	0.01553	0.01111	0.01565	0.00939	0.01205	0.00713	0.00435	0.00521	0.00157	0.00741	0.00479	0.00234	0.00704
69	0.05059	0.01162	0.01508	0.48283	0.16922	0.13635	0.01263	0.01421	0.01067	0.01366	0.00856	0.01194	0.00671	0.00478	0.00470	0.00151	0.00657	0.00406	0.00235	0.03196
70	0.00702	0.00527	0.00790	0.00790	0.00878	0.00614	0.00614	0.00878	0.00790	0.01141	0.01316	0.01931	0.01229	0.03686	0.80782	0.00790	0.01316	0.00527	0.00263	0.00439
71	0.01216	0.01165	0.01974	0.02969	0.77815	0.01169	0.01491	0.01534	0.02950	0.01616	0.00950	0.01231	0.00795	0.00443	0.00487	0.00146	0.00579	0.00441	0.00249	0.00778
72	0.00647	0.00502	0.00598	0.00658	0.00761	0.00466	0.00484	0.00828	0.04759	0.01348	0.03512	0.39439	0.31694	0.01364	0.00610	0.00189	0.00298	0.10955	0.00458	0.00430
73	0.00815	0.00660	0.00873	0.00811	0.00832	0.00804	0.00594	0.00887	0.00743	0.01062	0.01235	0.02304	0.01330	0.40997	0.20246	0.00473	0.24078	0.00590	0.00266	0.00399
74	0.00928	0.00873	0.01474	0.81548	0.03385	0.01092	0.01365	0.01256	0.00983	0.01256	0.00873	0.01310	0.00655	0.00491	0.00491	0.00164	0.00655	0.00437	0.00218	0.00546
75	0.00599	0.00428	0.00570	0.00684	0.00713	0.00399	0.00456	0.00684	0.00941	0.01254	0.02709	0.82409	0.03250	0.01540	0.00627	0.00200	0.00285	0.01397	0.00456	0.00399
76	0.01006	0.00953	0.01615	0.60282	0.24041	0.01112	0.01404	0.01324	0.01020	0.01350	0.00887	0.01285	0.00688	0.00477	0.00490	0.00159	0.00636	0.00437	0.00225	0.00609
77	0.00599	0.00428	0.00570	0.00684	0.00713	0.00399	0.00456	0.00684	0.00941	0.01254	0.02709	0.82409	0.03250	0.01540	0.00627	0.00200	0.00285	0.01397	0.00456	0.00399
78	0.02205	0.00836	0.01140	0.00874	0.01254	0.00722	0.00722	0.02395	0.01407	0.80004	0.01939	0.01673	0.01216	0.00608	0.00494	0.00152	0.00418	0.00494	0.00608	0.00836
79	0.59867	0.00915	0.00853	0.00718	0.01046	0.00983	0.00592	0.01743	0.01015	0.26595	0.01078	0.01072	0.00747	0.00504	0.00364	0.00152	0.00392	0.00338	0.00399	0.00628
80	0.01114	0.34126	0.49727	0.01181	0.01787	0.01456	0.01433	0.01523	0.01022	0.01399	0.00804	0.00940	0.00626	0.00449	0.00407	0.00136	0.00647	0.00324	0.00209	0.00689
81	0.01356	0.01588	0.02362	0.01970	0.12328	0.23399	0.46475	0.01674	0.01219	0.01475	0.00920	0.01189	0.00719	0.00443	0.00530	0.00152	0.00813	0.00488	0.00249	0.00652
82	0.00712	0.00519	0.00680	0.00685	0.00805	0.00487	0.00545	0.00933	0.01297	0.01779	0.52041	0.04272	0.10707	0.01121	0.00607	0.00175	0.00293	0.21377	0.00510	0.00456
83	0.00977	0.00920	0.01552	0.63091	0.18830	0.01086	0.01366	0.01290	0.01009	0.01327	0.00940	0.03770	0.00760	0.00512	0.00494	0.00161	0.00629	0.00466	0.00231	0.00589
84	0.01349	0.01210	0.01889	0.02633	0.63758	0.01240	0.01391	0.17083	0.01362	0.01909	0.00976	0.01209	0.00790	0.00469	0.00488	0.00146	0.00575	0.00439	0.00294	0.00790
85	0.02132	0.00820	0.01117	0.00862	0.01229	0.00710	0.00710	0.02324	0.01406	0.76235	0.05681	0.01769	0.01382	0.00627	0.00498	0.00152	0.00409	0.00513	0.00605	0.00818
86	0.01197	0.01148	0.01960	0.08322	0.74510	0.01163	0.01498	0.01491	0.01110	0.01582	0.00921	0.01223	0.00770	0.00441	0.00487	0.00147	0.00589	0.00438	0.00242	0.00763
87	0.00678	0.00603	0.00770	0.23092	0.01422	0.00604	0.00650	0.00859	0.01082	0.01307	0.03834	0.03776	0.57495	0.01035	0.00556	0.00165	0.00362	0.00870	0.00390	0.00451
88	0.00599	0.00428	0.00570	0.00684	0.00713	0.00399	0.00456	0.00684	0.00941	0.01254	0.02709	0.82409	0.03250	0.01540	0.00627	0.00200	0.00285	0.01397	0.00456	0.00399
89	0.01019	0.00873	0.01019	0.00728	0.01165	0.00655	0.00582	0.01237	0.01019	0.01601	0.00873	0.01019	0.00728	0.00364	0.00364	0.00073	0.00364	0.00291	0.00291	0.85734
90	0.01280	0.01205	0.02005	0.01501	0.01903	0.01220	0.37580	0.17298	0.17822	0.02014	0.06513	0.01549	0.01185	0.00541	0.00536	0.00158	0.00618	0.00556	0.00373	0.04144
91	0.03269	0.01876	0.18087	0.01215	0.01639	0.22886	0.01117	0.39808	0.01765	0.02241	0.00994	0.01063	0.00730	0.00539	0.00470	0.00144	0.00670	0.00388	0.00363	0.00735
92	0.00779	0.00471	0.00511	0.00511	0.00548	0.00471	0.00312	0.00853	0.00816	0.01236	0.01566	0.02771	0.01617	0.56318	0.01808	0.00360	0.00397	0.00632	0.27675	0.00349
93	0.01096	0.01074	0.01115	0.01069	0.01178	0.16516	0.00871	0.04140	0.01096	0.01372	0.01637	0.12088	0.01744	0.01040	0.00888	0.00197	0.23936	0.28085	0.00347	0.00508
94	0.02995	0.38332	0.01935	0.01029	0.01395	0.22875	0.00890	0.22031	0.01451	0.01704	0.00836	0.00919	0.00684	0.00489	0.00396	0.00123	0.00624	0.00325	0.00298	0.00667
95	0.00653	0.00473	0.00617	0.00640	0.00723	0.00436	0.00457	0.00823	0.01203	0.01663	0.46244	0.34849	0.06934	0.01225	0.00598	0.00173	0.00254	0.01095	0.00504	0.00436
96	0.00653	0.00492	0.00603	0.00593	0.00712	0.00443	0.00438	0.00838	0.01264	0.01711	0.50057	0.13085	0.25048	0.01133	0.00585	0.00163	0.00243	0.00988	0.00508	0.00443
97	0.01263	0.01077	0.01772	0.23816	0.46238	0.02604	0.03703	0.01554	0.01122	0.10587	0.01027	0.01291	0.00792	0.00473	0.00491	0.00152	0.00597	0.00446	0.00279	0.00715
98	0.01361	0.00960	0.01148	0.00846	0.01264	0.00828	0.01994	0.14036	0.02565	0.14866	0.01121	0.01172	0.00840	0.00447	0.00412	0.00101	0.00410	0.00359	0.00379	0.54891
99	0.01314	0.83025	0.02575	0.00841	0.01261	0.01945	0.00841	0.01472	0.00999	0.01156	0.00683	0.00788	0.00631	0.00420	0.00315	0.00105	0.00526	0.00263	0.00210	0.00631
100	0.01019	0.00873	0.01019	0.00728	0.01165	0.00655	0.00582	0.01237	0.01019	0.01601	0.00873	0.01019	0.00728	0.00364	0.00364	0.00073	0.00364	0.00291	0.00291	0.85734
101	0.29177	0.24528	0.01408	0.00789	0.01144	0.01218	0.00691	0.04894	0.01141	0.25050	0.04880	0.01210	0.00975	0.00523	0.00385	0.00138	0.00433	0.00370	0.00387	0.00660
102	0.00632	0.00486	0.00578	0.00585	0.00703	0.00432	0.00427	0.00793	0.01196	0.01579	0.35312	0.19839	0.33257	0.01204	0.00590	0.00168	0.00249	0.01048	0.00491	0.00432
103	0.01155	0.00979	0.01051	0.00946	0.01198	0.01119	0.00738	0.02289	0.63057	0.03757	0.02322	0.02171	0.11618	0.00750	0.00564	0.00169	0.04305	0.00611	0.00483	0.00720
104	0.01084	0.01177	0.02430	0.28244	0.02837	0.01193	0.52682	0.01469	0.01102	0.01469	0.00954	0.01321	0.00716	0.00440	0.00551	0.00165	0.00771	0.00533	0.00239	0.00624
105	0.01023	0.02492	0.76822	0.01389	0.02101	0.01158	0.01778	0.04822	0.01092	0.01622	0.00895	0.01044	0.00632	0.00472	0.00468	0.00155	0.00718	0.00367	0.00220	0.00731
106	0.01712	0.01889	0.01410	0.10525	0.01726	0.49425	0.00987	0.19878	0.04852	0.01693	0.00925	0.01045	0.00720	0.00531	0.00463	0.00138	0.00757	0.00370	0.00316	0.00639
107	0.01019	0.00873	0.01019	0.00728	0.01165	0.00655	0.00582	0.01237	0.01019	0.01601	0.00873	0.01019	0.00728	0.00364	0.00364	0.00073	0.00364	0.00291	0.00291	0.85734
108	0.01024	0.11867	0.71191	0.01336	0.02027	0.01234	0.01703	0.01546	0.01033	0.01510	0.00859	0.01009	0.00623	0.00462	0.00449	0.00150	0.00703	0.00352	0.00208	0.00715
109	0.01019	0.00873	0.01019	0.00728	0.01165	0.00655	0.00582	0.01237	0.01019	0.01601	0.00873	0.01019	0.00728	0.00364	0.00364	0.00073	0.00364	0.00291	0.00291	0.85734
110	0.00797	0.00747	0.00731	0.00707	0.00855	0.09274	0.00538	0.02722	0.01079	0.01305	0.03302	0.08715	0.43701	0.01667	0.17579	0.00298	0.04315	0.00833	0.00383	0.00451
111	0.00696	0.00502	0.00657	0.00618	0.00734	0.00464	0.00464	0.00927	0.01391	0.01971	0.79405	0.03671	0.04637	0.01005	0.00580	0.00155	0.00232	0.00889	0.00541	0.00464
112	0.00701	0.00509	0.00713	0.00718	0.00780	0.00568	0.00523	0.00826	0.00777	0.01096	0.01442	0.05981	0.01469	0.24466	0.56408	0.00680	0.01047	0.00616	0.00281	0.00400
113	0.00941	0.00887	0.01498	0.77927	0.06902	0.01095	0.01371	0.01267	0.00989	0.01272	0.00876	0.01306	0.00661	0.00489	0.00491	0.00163	0.00652	0.00437	0.00220	0.00557
114	0.00916	0.00458	0.00458	0.00458	0.00573	0.00458	0.00344	0.01145	0.01031	0.01832	0.01603	0.01832	0.01260	0.00573	0.00344	0.00115	0.00229	0.00458	0.85457	0.00458
115	0.00944	0.00904	0.01570	0.76178	0.03329	0.01102	0.06534	0.01277	0.00995	0.01277	0.00882	0.01311	0.00661	0.00486	0.00497	0.00164	0.00667	0.00446	0.00220	0.00554
116	0.01183	0.01177	0.01850	0.22921	0.52409	0.06528	0.03907	0.01477	0.01104	0.01488	0.00903	0.01221	0.00736	0.00455	0.00488	0.00150	0.00630	0.00434	0.00238	0.00701
117	0.00980	0.00520	0.00527	0.00503	0.00637	0.00530	0.00383	0.06339	0.01117	0.01918	0.01575	0.01788	0.01231	0.00574	0.00354	0.00117	0.00250	0.00457	0.79717	0.00484
118	0.00927	0.00845	0.01405	0.76069	0.03195	0.01049	0.01296	0.01248	0.00986	0.01295	0.00923	0.01345	0.00696	0.00497	0.00481	0.00160	0.00626	0.00438	0.05978	0.00540
119	0.00932	0.00986	0.06792	0.76133	0.03300	0.01095	0.01395	0.01276	0.00986	0.01276	0.00874	0.01292	0.00653	0.00490	0.00490	0.00163	0.00660	0.00432	0.00218	0.00558
120	0.00753	0.00561	0.00683	0.00631	0.00774	0.00526	0.00479	0.06095	0.01403	0.01928	0.60316	0.03699	0.18258	0.01021	0.00574	0.00156	0.00256	0.00886	0.00522	0.00480
121	0.00669	0.00492	0.00637	0.00654	0.00752	0.00445	0.00466	0.00828	0.01146	0.01592	0.36052	0.40913	0.05341	0.01221	0.00588	0.00171	0.00266	0.01093	0.00482	0.06193
122	0.02008	0.00789	0.01074	0.00847	0.01188	0.00685	0.00689	0.02194	0.01374	0.70141	0.06500	0.07244	0.01553	0.00694	0.00508	0.00155	0.00398	0.00578	0.00594	0.00785

[dist]
# distance from previous block
# <min> <max>
0	5

[block]
# block no. 4 follows, 51 sequences, length 9
# corresponding to MSA columns:
# 2306-2314
name=unknown_E
#
# <colnr> <probs for GDERKNQSTAVLIFYWHMCP>
#	G	D	E	R	K	N	Q	S	T	A	V	L	I	F	Y	W	H	M	C	P
0	0.00604	0.00449	0.00565	0.00655	0.00717	0.00410	0.00454	0.00704	0.00988	0.01280	0.03182	0.62442	0.19306	0.01469	0.00620	0.00194	0.00285	0.04815	0.00456	0.00405
1	0.00876	0.01045	0.14770	0.10713	0.01548	0.00838	0.08604	0.01311	0.13360	0.01446	0.01784	0.28694	0.01816	0.07984	0.00721	0.00204	0.00498	0.02878	0.00357	0.00553
2	0.01057	0.01051	0.01501	0.10940	0.01542	0.01456	0.01110	0.01191	0.00780	0.01191	0.00673	0.01103	0.00646	0.00816	0.01478	0.00209	0.72070	0.00431	0.00215	0.00539
3	0.01149	0.03947	0.01648	0.16985	0.41702	0.07186	0.01248	0.01480	0.05778	0.01495	0.01229	0.04034	0.03699	0.00568	0.00493	0.00152	0.00575	0.03887	0.00278	0.02466
4	0.01053	0.01162	0.10634	0.00918	0.01346	0.05448	0.04931	0.01382	0.05170	0.01627	0.07717	0.01302	0.01089	0.00459	0.00418	0.00103	0.00453	0.00382	0.00309	0.54097
5	0.01179	0.01172	0.01612	0.18670	0.39232	0.10616	0.01245	0.01445	0.01111	0.01476	0.00988	0.01430	0.00852	0.00503	0.00478	0.00142	0.00598	0.04974	0.00258	0.12020
6	0.05042	0.11484	0.01505	0.08055	0.05227	0.10169	0.00911	0.34541	0.01626	0.04600	0.01182	0.01258	0.04292	0.00550	0.00450	0.00136	0.00551	0.00414	0.00373	0.07633
7	0.01152	0.04875	0.08303	0.08643	0.02796	0.00912	0.17480	0.02723	0.03535	0.13803	0.04828	0.15589	0.04237	0.00747	0.00531	0.00162	0.00526	0.03565	0.00373	0.05221
8	0.08075	0.03388	0.07912	0.01005	0.05924	0.00955	0.00812	0.14561	0.09464	0.04579	0.04426	0.08935	0.08927	0.00737	0.00486	0.00150	0.00432	0.05305	0.00396	0.13533

[dist]
# distance from previous block
# <min> <max>
12	60

[block]
# block no. 5 follows, 51 sequences, length 20
# corresponding to MSA columns:
# 2386-2405
name=unknown_F
#
# <colnr> <probs for GDERKNQSTAVLIFYWHMCP>
#	G	D	E	R	K	N	Q	S	T	A	V	L	I	F	Y	W	H	M	C	P
0	0.13239	0.07051	0.12030	0.00939	0.01333	0.02109	0.02012	0.20226	0.01393	0.14550	0.01595	0.01643	0.09901	0.00614	0.00453	0.00145	0.00480	0.01853	0.01542	0.06894
1	0.10540	0.01168	0.04530	0.01053	0.03947	0.07920	0.06300	0.14298	0.05508	0.12276	0.08732	0.01459	0.01216	0.01750	0.00486	0.00140	0.00493	0.00449	0.00392	0.17341
2	0.12718	0.11250	0.12712	0.25117	0.06545	0.08107	0.01108	0.01504	0.05651	0.01518	0.00904	0.01119	0.00707	0.00476	0.00424	0.00142	0.00581	0.00369	0.02377	0.06671
3	0.16538	0.00675	0.00795	0.02768	0.00992	0.00682	0.00596	0.05682	0.01108	0.15698	0.03123	0.39004	0.02171	0.01072	0.00537	0.00180	0.00363	0.07027	0.00453	0.00536
4	0.00838	0.00542	0.00703	0.00733	0.00855	0.00510	0.00563	0.01040	0.03803	0.09267	0.15466	0.32088	0.11745	0.01254	0.00609	0.00189	0.00328	0.18502	0.00486	0.00480
5	0.09611	0.06934	0.37845	0.01142	0.01618	0.13744	0.01238	0.06282	0.01147	0.01610	0.01223	0.01334	0.07608	0.00563	0.00489	0.00149	0.03673	0.00410	0.02738	0.00641
6	0.01135	0.21403	0.18347	0.01595	0.07164	0.01357	0.31452	0.01486	0.01058	0.01432	0.00901	0.01159	0.00722	0.00645	0.05507	0.00188	0.03119	0.00441	0.00230	0.00658
7	0.00614	0.00461	0.00555	0.00609	0.00685	0.00418	0.00419	0.00720	0.01023	0.01328	0.11624	0.43971	0.25815	0.08464	0.00772	0.00209	0.00285	0.01176	0.00452	0.00402
8	0.03684	0.01050	0.01122	0.00954	0.01266	0.07892	0.00767	0.06955	0.26136	0.29122	0.01781	0.01949	0.01347	0.00673	0.00498	0.00157	0.00457	0.08000	0.00494	0.05698
9	0.01171	0.08953	0.41643	0.01132	0.01644	0.02226	0.02627	0.01633	0.05685	0.12873	0.14110	0.01593	0.01428	0.00584	0.00480	0.00151	0.00567	0.00475	0.00339	0.00690
10	0.01187	0.01278	0.07371	0.16999	0.22496	0.01225	0.28563	0.09064	0.01209	0.01660	0.00953	0.01252	0.00735	0.00471	0.00557	0.00159	0.03388	0.00483	0.00262	0.00688
11	0.00895	0.00608	0.00718	0.00693	0.00867	0.00577	0.00536	0.01215	0.11187	0.10635	0.16325	0.13608	0.30018	0.01105	0.00576	0.00173	0.00310	0.08940	0.00493	0.00521
12	0.00902	0.00734	0.01144	0.50373	0.02370	0.00856	0.01016	0.01162	0.01006	0.04767	0.01610	0.10523	0.08855	0.00841	0.04254	0.00192	0.00558	0.00609	0.07710	0.00517
13	0.01206	0.01147	0.01686	0.24756	0.20768	0.06259	0.11546	0.12613	0.04503	0.01687	0.01344	0.01563	0.07620	0.00556	0.00507	0.00155	0.00613	0.00507	0.00303	0.00659
14	0.01527	0.08352	0.09150	0.00999	0.01369	0.01214	0.00889	0.30438	0.13838	0.13577	0.09128	0.01577	0.01350	0.00618	0.00479	0.00148	0.00474	0.00489	0.03636	0.00747
15	0.05431	0.01280	0.01448	0.01274	0.09204	0.01409	0.00952	0.61923	0.02026	0.02779	0.01142	0.01217	0.00843	0.00776	0.05843	0.00190	0.00590	0.00440	0.00443	0.00790
16	0.00692	0.00546	0.00635	0.00678	0.00786	0.00532	0.00482	0.00992	0.12976	0.01414	0.04928	0.45944	0.24938	0.01309	0.00593	0.00184	0.00290	0.01153	0.00465	0.00463
17	0.21661	0.02842	0.01144	0.00929	0.01244	0.08108	0.00745	0.28906	0.09427	0.04556	0.01253	0.09181	0.01053	0.00635	0.00445	0.00148	0.00476	0.00484	0.00408	0.06355
