[name]
unknown

[dist]
# distance from previous block
# <min> <max>
0	41

[block]
# block no. 0 follows, 44 sequences, length 10
# corresponding to MSA columns:
# 41-50
name=unknown_A
#
# <colnr> <probs for GDERKNQSTAVLIFYWHMCP>
#	G	D	E	R	K	N	Q	S	T	A	V	L	I	F	Y	W	H	M	C	P
0	0.00879	0.00628	0.00879	0.01004	0.01130	0.00628	0.00879	0.01130	0.01255	0.01632	0.02887	0.06150	0.03138	0.01506	0.00753	0.00251	0.00502	0.73770	0.00502	0.00502
1	0.02046	0.02327	0.01568	0.01367	0.01687	0.59192	0.01049	0.20748	0.01802	0.01866	0.00961	0.01066	0.00759	0.00585	0.00505	0.00146	0.00886	0.00386	0.00348	0.00707
2	0.00779	0.00584	0.00876	0.00876	0.00974	0.00681	0.00681	0.00974	0.00876	0.01266	0.01460	0.02142	0.01363	0.04089	0.78680	0.00876	0.01460	0.00584	0.00292	0.00487
3	0.01458	0.81168	0.02857	0.00933	0.01399	0.02157	0.00933	0.01632	0.01108	0.01283	0.00758	0.00875	0.00700	0.00466	0.00350	0.00117	0.00583	0.00292	0.00233	0.00700
4	0.37903	0.05768	0.01200	0.00912	0.01216	0.01038	0.09153	0.01479	0.01217	0.05864	0.26572	0.02071	0.02193	0.00711	0.00486	0.00168	0.00435	0.00579	0.00429	0.00604
5	0.00676	0.00484	0.00644	0.00751	0.00793	0.00451	0.00507	0.00790	0.01101	0.01483	0.11479	0.71751	0.03782	0.01640	0.00690	0.00216	0.00310	0.01485	0.00517	0.00451
6	0.00675	0.00493	0.00635	0.00727	0.00787	0.00453	0.00497	0.00794	0.01125	0.01495	0.12023	0.62889	0.12200	0.01601	0.00684	0.00211	0.00305	0.01438	0.00517	0.00453
7	0.01958	0.01622	0.01606	0.10485	0.01921	0.14855	0.01086	0.51366	0.02175	0.05754	0.01222	0.01291	0.00881	0.00626	0.00536	0.00162	0.00676	0.00468	0.00469	0.00838
8	0.01136	0.01193	0.06473	0.19100	0.26424	0.01105	0.12300	0.01467	0.01170	0.01635	0.01283	0.12044	0.01182	0.00652	0.00560	0.00169	0.00641	0.00628	0.00300	0.10537
9	0.01061	0.00827	0.00958	0.00908	0.01108	0.00845	0.00672	0.11414	0.17756	0.01908	0.02364	0.43282	0.02490	0.01200	0.00610	0.00189	0.00390	0.01058	0.00500	0.10459

[dist]
# distance from previous block
# <min> <max>
9	48

[block]
# block no. 1 follows, 44 sequences, length 6
# corresponding to MSA columns:
# 99-104
name=unknown_B
#
# <colnr> <probs for GDERKNQSTAVLIFYWHMCP>
#	G	D	E	R	K	N	Q	S	T	A	V	L	I	F	Y	W	H	M	C	P
0	0.01199	0.04542	0.01253	0.01017	0.01231	0.04123	0.03727	0.01435	0.04451	0.10429	0.09802	0.21164	0.03828	0.00985	0.00805	0.00180	0.15578	0.00795	0.00429	0.13028
1	0.01166	0.00914	0.00987	0.00883	0.01046	0.09006	0.00675	0.01341	0.01297	0.10503	0.28563	0.03076	0.08543	0.12378	0.01060	0.00227	0.10587	0.03083	0.00468	0.04197
2	0.01364	0.21529	0.19890	0.16406	0.02180	0.01365	0.06994	0.01718	0.01189	0.11285	0.01080	0.01253	0.00808	0.00513	0.00481	0.00150	0.00653	0.00419	0.00304	0.10419
3	0.10248	0.23026	0.13724	0.01057	0.01488	0.01488	0.01017	0.16058	0.11073	0.02151	0.12110	0.01613	0.01495	0.00644	0.00481	0.00157	0.00538	0.00490	0.00398	0.00743
4	0.37971	0.01166	0.09853	0.00891	0.01247	0.01065	0.00803	0.01805	0.12039	0.10294	0.15948	0.01803	0.01720	0.00677	0.00471	0.00172	0.00440	0.00515	0.00443	0.00676
5	0.12606	0.01070	0.01240	0.00982	0.01355	0.01081	0.00803	0.24178	0.01778	0.34952	0.12543	0.01887	0.01673	0.00711	0.00534	0.00168	0.00469	0.00562	0.00582	0.00825

[dist]
# distance from previous block
# <min> <max>
0	1

[block]
# block no. 2 follows, 44 sequences, length 8
# corresponding to MSA columns:
# 106-113
name=unknown_C
#
# <colnr> <probs for GDERKNQSTAVLIFYWHMCP>
#	G	D	E	R	K	N	Q	S	T	A	V	L	I	F	Y	W	H	M	C	P
0	0.01098	0.02571	0.67673	0.01453	0.02216	0.01194	0.01830	0.01679	0.01148	0.01733	0.00977	0.01148	0.00706	0.00503	0.00503	0.00160	0.00752	0.00392	0.00243	0.12020
1	0.37047	0.01722	0.24694	0.01117	0.01624	0.01361	0.01146	0.21366	0.01432	0.02489	0.00973	0.01080	0.00711	0.00549	0.00448	0.00169	0.00587	0.00380	0.00360	0.00746
2	0.01273	0.41370	0.41035	0.01248	0.01887	0.01705	0.01482	0.01680	0.01130	0.01508	0.00870	0.01015	0.00695	0.00493	0.00435	0.00145	0.00696	0.00348	0.00232	0.00754
3	0.23798	0.01354	0.01871	0.01407	0.01855	0.01419	0.23711	0.29253	0.01659	0.02565	0.01081	0.01236	0.00800	0.00542	0.00512	0.00167	0.00640	0.00476	0.00395	0.05259
4	0.01604	0.01015	0.01708	0.31860	0.02528	0.01043	0.13634	0.01919	0.01330	0.30949	0.05690	0.01757	0.01230	0.00612	0.00568	0.00176	0.00632	0.00564	0.00435	0.00747
5	0.07476	0.01103	0.01559	0.01249	0.01552	0.04139	0.12516	0.07441	0.01302	0.25066	0.01419	0.01610	0.01065	0.01353	0.16469	0.00323	0.12686	0.00530	0.00421	0.00724
6	0.01324	0.01025	0.01478	0.27452	0.02242	0.01093	0.06267	0.01859	0.15379	0.11962	0.01400	0.01575	0.01040	0.00588	0.00573	0.00162	0.03857	0.00500	0.04226	0.15998
7	0.01221	0.22038	0.08855	0.06491	0.01521	0.01156	0.05869	0.01466	0.01210	0.11716	0.02510	0.02536	0.24297	0.01020	0.05614	0.00208	0.00584	0.00656	0.00383	0.00649

[dist]
# distance from previous block
# <min> <max>
3	44

[block]
# block no. 3 follows, 44 sequences, length 13
# corresponding to MSA columns:
# 160-172
name=unknown_D
#
# <colnr> <probs for GDERKNQSTAVLIFYWHMCP>
#	G	D	E	R	K	N	Q	S	T	A	V	L	I	F	Y	W	H	M	C	P
0	0.11575	0.16068	0.12264	0.01151	0.01629	0.01428	0.04544	0.19809	0.04649	0.19794	0.01320	0.01322	0.00937	0.00583	0.00487	0.00160	0.00581	0.00445	0.00438	0.00818
1	0.16609	0.12043	0.09639	0.05935	0.01747	0.13508	0.07286	0.01878	0.01221	0.15881	0.01092	0.01221	0.00815	0.00584	0.00600	0.00167	0.08299	0.00420	0.00346	0.00710
2	0.06421	0.08942	0.01356	0.07506	0.01538	0.09594	0.00874	0.02225	0.39975	0.01933	0.03729	0.01996	0.08003	0.00720	0.00520	0.00169	0.00511	0.00574	0.00446	0.02969
3	0.01810	0.06333	0.12727	0.01688	0.18671	0.01387	0.01265	0.29046	0.01771	0.17934	0.01337	0.01381	0.00952	0.00590	0.00529	0.00163	0.00611	0.00477	0.00446	0.00882
4	0.09377	0.01125	0.01167	0.01043	0.01345	0.01288	0.00815	0.05815	0.59739	0.02340	0.08222	0.02060	0.01815	0.00744	0.00541	0.00181	0.00424	0.00610	0.00537	0.00811
5	0.01286	0.01013	0.01217	0.00901	0.01332	0.00868	0.00729	0.04891	0.01203	0.07924	0.01055	0.01203	0.00848	0.00490	0.00556	0.00107	0.08079	0.00364	0.00353	0.65582
6	0.20038	0.01256	0.01941	0.13787	0.02231	0.01339	0.27000	0.13689	0.07274	0.02153	0.01180	0.03620	0.00920	0.00573	0.00538	0.00178	0.00670	0.00540	0.00356	0.00715
7	0.01080	0.01020	0.01726	0.67545	0.15347	0.01224	0.01539	0.01437	0.01114	0.01454	0.00978	0.01437	0.00748	0.00536	0.00544	0.00179	0.00714	0.00485	0.00247	0.00646
8	0.01463	0.01332	0.02122	0.03017	0.65523	0.01358	0.01573	0.13306	0.01449	0.02041	0.01070	0.01343	0.00874	0.00512	0.00541	0.00162	0.00640	0.00487	0.00313	0.00874
9	0.00738	0.00653	0.00739	0.00699	0.00850	0.00654	0.00543	0.00881	0.01197	0.01491	0.09142	0.04537	0.60780	0.01297	0.00824	0.00192	0.12792	0.01035	0.00470	0.00485
10	0.02072	0.01527	0.01636	0.01254	0.01691	0.01691	0.01036	0.75622	0.02563	0.03436	0.01309	0.01309	0.00927	0.00654	0.00545	0.00164	0.00600	0.00491	0.00545	0.00927
11	0.01398	0.00995	0.01126	0.01012	0.01270	0.01072	0.00777	0.17053	0.29150	0.10340	0.02277	0.27001	0.02102	0.01026	0.00597	0.00191	0.00432	0.00882	0.00550	0.00748
12	0.01524	0.01262	0.01653	0.13559	0.02003	0.01323	0.08193	0.32220	0.01716	0.02374	0.01108	0.01292	0.00841	0.00569	0.00591	0.00150	0.05369	0.00458	0.00393	0.23401

[dist]
# distance from previous block
# <min> <max>
24	53

[block]
# block no. 4 follows, 44 sequences, length 24
# corresponding to MSA columns:
# 226-249
name=unknown_E
#
# <colnr> <probs for GDERKNQSTAVLIFYWHMCP>
#	G	D	E	R	K	N	Q	S	T	A	V	L	I	F	Y	W	H	M	C	P
0	0.01694	0.00952	0.01211	0.06322	0.01483	0.00864	0.00792	0.05156	0.07808	0.33531	0.09184	0.01832	0.01538	0.00636	0.00516	0.00146	0.00447	0.00526	0.00521	0.24840
1	0.31213	0.01692	0.01271	0.01102	0.01438	0.27813	0.00868	0.17421	0.08653	0.02257	0.01041	0.01117	0.00801	0.00578	0.00454	0.00160	0.00652	0.00386	0.00382	0.00701
2	0.01158	0.07447	0.23157	0.38270	0.02777	0.01273	0.01502	0.01554	0.01117	0.04852	0.00993	0.01305	0.00747	0.00552	0.00587	0.00170	0.05410	0.00438	0.00262	0.06430
3	0.01251	0.01829	0.31886	0.01287	0.01794	0.01320	0.01323	0.02430	0.46392	0.02059	0.01724	0.01682	0.01276	0.00651	0.00540	0.00180	0.00581	0.00531	0.00425	0.00840
4	0.00995	0.00813	0.00992	0.00908	0.06271	0.00677	0.00607	0.01159	0.01041	0.01533	0.01531	0.07999	0.04598	0.23171	0.01112	0.00227	0.00444	0.00594	0.00343	0.44986
5	0.01323	0.01209	0.01642	0.05376	0.28537	0.01359	0.01212	0.02238	0.38874	0.01967	0.01590	0.01681	0.01244	0.00662	0.00672	0.00182	0.08447	0.00550	0.00408	0.00825
6	0.34606	0.01177	0.01575	0.02122	0.41708	0.01227	0.01170	0.01624	0.01109	0.02046	0.00915	0.01149	0.00751	0.00488	0.00450	0.00159	0.00541	0.00398	0.00300	0.06484
7	0.45738	0.01183	0.01422	0.01804	0.31593	0.01284	0.01053	0.06721	0.01165	0.02249	0.00903	0.01100	0.00723	0.00508	0.00432	0.00166	0.00524	0.00385	0.00325	0.00723
8	0.00829	0.00595	0.00810	0.00858	0.00985	0.00576	0.00711	0.01083	0.01387	0.01886	0.36952	0.05197	0.04058	0.01326	0.00703	0.00215	0.00390	0.40384	0.00547	0.00508
9	0.01093	0.02820	0.78016	0.01554	0.02360	0.01266	0.02014	0.01727	0.01151	0.01727	0.00978	0.01151	0.00691	0.00518	0.00518	0.00173	0.00806	0.00403	0.00230	0.00806
10	0.02072	0.01527	0.01636	0.01254	0.01691	0.01691	0.01036	0.75622	0.02563	0.03436	0.01309	0.01309	0.00927	0.00654	0.00545	0.00164	0.00600	0.00491	0.00545	0.00927
11	0.01335	0.01281	0.02187	0.06705	0.74191	0.01292	0.01666	0.01661	0.01235	0.01764	0.01023	0.01354	0.00858	0.00488	0.00540	0.00163	0.00651	0.00486	0.00269	0.00852
12	0.00664	0.00474	0.00633	0.00759	0.00791	0.00443	0.00506	0.00759	0.01044	0.01392	0.03005	0.80485	0.03606	0.01708	0.00696	0.00221	0.00316	0.01550	0.00506	0.00443
13	0.00732	0.00525	0.00699	0.00759	0.00840	0.00493	0.00553	0.00908	0.01264	0.01731	0.32004	0.41814	0.04152	0.01452	0.00682	0.00205	0.00315	0.09850	0.00542	0.00478
14	0.01938	0.01153	0.01333	0.01086	0.01467	0.01212	0.00876	0.18613	0.31085	0.32089	0.01994	0.01807	0.01381	0.00696	0.00550	0.00174	0.00481	0.00562	0.00600	0.00902
15	0.00866	0.00624	0.00862	0.00981	0.01109	0.00619	0.00855	0.01112	0.01254	0.01623	0.03023	0.06103	0.06964	0.01500	0.00747	0.00248	0.00490	0.70019	0.00502	0.00500
16	0.00947	0.00473	0.00710	0.00710	0.00710	0.00473	0.00473	0.00710	0.00710	0.00947	0.00947	0.01657	0.00947	0.01894	0.02131	0.84138	0.00473	0.00473	0.00237	0.00237
17	0.01498	0.01709	0.01717	0.01473	0.01606	0.29009	0.05560	0.01645	0.01114	0.01346	0.00784	0.01135	0.00718	0.00785	0.01260	0.00200	0.47125	0.00442	0.00256	0.00617
18	0.02037	0.02598	0.01545	0.01404	0.01685	0.78652	0.01053	0.02177	0.01545	0.01334	0.00843	0.00983	0.00702	0.00562	0.00492	0.00140	0.00983	0.00351	0.00281	0.00632
19	0.00799	0.00575	0.00767	0.00767	0.00895	0.00543	0.00607	0.01054	0.01470	0.02045	0.58210	0.04602	0.04632	0.01214	0.00671	0.00192	0.00320	0.19550	0.00575	0.00511
20	0.01349	0.01295	0.02213	0.03346	0.77440	0.01295	0.01673	0.01673	0.01241	0.01781	0.01025	0.01349	0.00864	0.00486	0.00540	0.00162	0.00648	0.00486	0.00270	0.00864
21	0.00784	0.00564	0.00776	0.00776	0.00839	0.00627	0.00557	0.00909	0.00847	0.01191	0.01552	0.02648	0.01583	0.31364	0.51706	0.00753	0.01129	0.00658	0.00306	0.00431
22	0.84691	0.01054	0.00801	0.00717	0.01054	0.01223	0.00590	0.01603	0.00928	0.02446	0.00759	0.00886	0.00590	0.00506	0.00337	0.00169	0.00422	0.00295	0.00337	0.00590
23	0.00947	0.00473	0.00710	0.00710	0.00710	0.00473	0.00473	0.00710	0.00710	0.00947	0.00947	0.01657	0.00947	0.01894	0.02131	0.84138	0.00473	0.00473	0.00237	0.00237

[dist]
# distance from previous block
# <min> <max>
3	5

[block]
# block no. 5 follows, 44 sequences, length 24
# corresponding to MSA columns:
# 255-275,277-279
name=unknown_F
#
# <colnr> <probs for GDERKNQSTAVLIFYWHMCP>
#	G	D	E	R	K	N	Q	S	T	A	V	L	I	F	Y	W	H	M	C	P
0	0.01326	0.01361	0.02588	0.02954	0.49551	0.01326	0.29261	0.01701	0.01258	0.01768	0.01054	0.01395	0.00850	0.00476	0.00578	0.00170	0.00749	0.00545	0.00272	0.00816
1	0.01424	0.01155	0.01248	0.01068	0.01417	0.01260	0.00840	0.07918	0.56296	0.05772	0.01961	0.01837	0.01467	0.00680	0.00531	0.00167	0.00441	0.00560	0.00525	0.13433
2	0.02053	0.02114	0.01586	0.01337	0.01688	0.43827	0.01046	0.35410	0.02006	0.02285	0.01054	0.01131	0.00804	0.00604	0.00516	0.00151	0.00810	0.00414	0.00401	0.00766
3	0.00793	0.00529	0.00595	0.00595	0.00595	0.00529	0.00330	0.00793	0.00793	0.01057	0.01718	0.03568	0.01982	0.80840	0.02775	0.00529	0.00529	0.00793	0.00330	0.00330
4	0.02071	0.01572	0.01632	0.01261	0.01690	0.04934	0.01037	0.72526	0.02520	0.03347	0.01289	0.01295	0.00918	0.00651	0.00543	0.00163	0.00616	0.00485	0.00534	0.00915
5	0.01349	0.01295	0.02213	0.03346	0.77440	0.01295	0.01673	0.01673	0.01241	0.01781	0.01025	0.01349	0.00864	0.00486	0.00540	0.00162	0.00648	0.00486	0.00270	0.00864
6	0.01093	0.02820	0.78016	0.01554	0.02360	0.01266	0.02014	0.01727	0.01151	0.01727	0.00978	0.01151	0.00691	0.00518	0.00518	0.00173	0.00806	0.00403	0.00230	0.00806
7	0.01287	0.01471	0.03217	0.02298	0.02849	0.01379	0.75460	0.01746	0.01287	0.01746	0.01103	0.01471	0.00827	0.00460	0.00643	0.00184	0.00919	0.00643	0.00276	0.00735
8	0.01130	0.00969	0.01130	0.00807	0.01292	0.00727	0.00646	0.01373	0.01130	0.01776	0.00969	0.01130	0.00807	0.00404	0.00404	0.00081	0.00404	0.00323	0.00323	0.84173
9	0.00727	0.00527	0.00686	0.00706	0.00802	0.00486	0.00507	0.00921	0.01351	0.01869	0.47324	0.31461	0.07918	0.01339	0.00662	0.00190	0.00279	0.01195	0.00562	0.00486
10	0.00947	0.00473	0.00710	0.00710	0.00710	0.00473	0.00473	0.00710	0.00710	0.00947	0.00947	0.01657	0.00947	0.01894	0.02131	0.84138	0.00473	0.00473	0.00237	0.00237
11	0.00664	0.00474	0.00633	0.00759	0.00791	0.00443	0.00506	0.00759	0.01044	0.01392	0.03005	0.80485	0.03606	0.01708	0.00696	0.00221	0.00316	0.01550	0.00506	0.00443
12	0.00664	0.00474	0.00633	0.00759	0.00791	0.00443	0.00506	0.00759	0.01044	0.01392	0.03005	0.80485	0.03606	0.01708	0.00696	0.00221	0.00316	0.01550	0.00506	0.00443
13	0.84691	0.01054	0.00801	0.00717	0.01054	0.01223	0.00590	0.01603	0.00928	0.02446	0.00759	0.00886	0.00590	0.00506	0.00337	0.00169	0.00422	0.00295	0.00337	0.00590
14	0.01030	0.00969	0.01635	0.79530	0.03755	0.01211	0.01514	0.01393	0.01090	0.01393	0.00969	0.01453	0.00727	0.00545	0.00545	0.00182	0.00727	0.00484	0.00242	0.00606
15	0.01016	0.00508	0.00508	0.00508	0.00635	0.00508	0.00381	0.01270	0.01143	0.02033	0.01778	0.02033	0.01397	0.00635	0.00381	0.00127	0.00254	0.00508	0.83867	0.00508
16	0.00779	0.00584	0.00876	0.00876	0.00974	0.00681	0.00681	0.00974	0.00876	0.01266	0.01460	0.02142	0.01363	0.04089	0.78680	0.00876	0.01460	0.00584	0.00292	0.00487
17	0.01193	0.01193	0.01670	0.01431	0.01431	0.01670	0.01193	0.01312	0.00835	0.01312	0.00716	0.01193	0.00716	0.00954	0.01789	0.00239	0.79843	0.00477	0.00239	0.00596
18	0.01122	0.01148	0.02201	0.51902	0.03431	0.01271	0.27966	0.01519	0.01160	0.01519	0.01017	0.01460	0.00763	0.00514	0.00580	0.00182	0.00796	0.00541	0.00254	0.00652
19	0.01230	0.01173	0.01997	0.31831	0.49889	0.01264	0.01614	0.01568	0.01185	0.01636	0.01004	0.01388	0.00812	0.00508	0.00542	0.00169	0.00677	0.00485	0.00260	0.00767
20	0.03280	0.00607	0.00738	0.00711	0.00826	0.00612	0.00510	0.01136	0.03045	0.07495	0.11788	0.05083	0.07611	0.27610	0.16301	0.00423	0.00611	0.02677	0.08450	0.00486
21	0.01487	0.01192	0.01274	0.01116	0.01443	0.01358	0.00876	0.09999	0.65064	0.06590	0.02126	0.01953	0.01575	0.00728	0.00553	0.00182	0.00450	0.00600	0.00560	0.00873
22	0.01105	0.00942	0.01103	0.00805	0.01264	0.00711	0.00638	0.01339	0.01126	0.01755	0.01082	0.05539	0.00963	0.00476	0.00420	0.00089	0.00399	0.00391	0.00333	0.79521
23	0.12139	0.00972	0.01085	0.00824	0.01239	0.00846	0.00661	0.07334	0.01290	0.05825	0.10313	0.01507	0.01344	0.00537	0.00443	0.00114	0.00407	0.00425	0.00394	0.52299

[dist]
# distance from previous block
# <min> <max>
0	2

[block]
# block no. 6 follows, 44 sequences, length 10
# corresponding to MSA columns:
# 282-291
name=unknown_G
#
# <colnr> <probs for GDERKNQSTAVLIFYWHMCP>
#	G	D	E	R	K	N	Q	S	T	A	V	L	I	F	Y	W	H	M	C	P
0	0.01313	0.00974	0.01127	0.00904	0.01228	0.00944	0.00719	0.22604	0.04282	0.05019	0.30761	0.02381	0.02575	0.00773	0.00547	0.00146	0.00406	0.00646	0.00514	0.22135
1	0.02072	0.01527	0.01636	0.01254	0.01691	0.01691	0.01036	0.75622	0.02563	0.03436	0.01309	0.01309	0.00927	0.00654	0.00545	0.00164	0.00600	0.00491	0.00545	0.00927
2	0.00879	0.00628	0.00879	0.01004	0.01130	0.00628	0.00879	0.01130	0.01255	0.01632	0.02887	0.06150	0.03138	0.01506	0.00753	0.00251	0.00502	0.73770	0.00502	0.00502
3	0.01118	0.07998	0.73049	0.01513	0.02296	0.01325	0.01943	0.01720	0.01148	0.01697	0.00964	0.01133	0.00691	0.00515	0.00507	0.00169	0.00791	0.00395	0.00230	0.00799
4	0.01964	0.01659	0.01563	0.01259	0.01651	0.14785	0.01014	0.52670	0.12966	0.02912	0.01360	0.01357	0.00994	0.00651	0.00538	0.00163	0.00641	0.00485	0.00502	0.00868
5	0.02072	0.01527	0.01636	0.01254	0.01691	0.01691	0.01036	0.75622	0.02563	0.03436	0.01309	0.01309	0.00927	0.00654	0.00545	0.00164	0.00600	0.00491	0.00545	0.00927
6	0.01141	0.00837	0.00956	0.00868	0.01101	0.00866	0.00676	0.06057	0.25351	0.07935	0.25065	0.05605	0.16082	0.01016	0.00609	0.00182	0.00364	0.04054	0.00565	0.00669
7	0.01247	0.02205	0.48200	0.01392	0.02013	0.01325	0.01579	0.07452	0.25066	0.02026	0.01395	0.01442	0.01016	0.00598	0.00532	0.00176	0.00672	0.00477	0.00356	0.00833
8	0.00854	0.01402	0.30737	0.01094	0.01437	0.00782	0.01132	0.01175	0.01108	0.01547	0.02205	0.41742	0.02423	0.01224	0.00633	0.00206	0.00526	0.08785	0.00398	0.00590
9	0.19401	0.00978	0.00967	0.00895	0.01131	0.05010	0.00687	0.11017	0.10107	0.03863	0.03768	0.22901	0.03992	0.04350	0.00642	0.00198	0.00448	0.04654	0.00458	0.04533

[dist]
# distance from previous block
# <min> <max>
15	49

[block]
# block no. 7 follows, 44 sequences, length 24
# corresponding to MSA columns:
# 354-377
name=unknown_H
#
# <colnr> <probs for GDERKNQSTAVLIFYWHMCP>
#	G	D	E	R	K	N	Q	S	T	A	V	L	I	F	Y	W	H	M	C	P
0	0.01105	0.02464	0.01831	0.01419	0.01701	0.01050	0.28935	0.07964	0.01314	0.01795	0.12542	0.20099	0.02160	0.05925	0.00863	0.00213	0.06725	0.00878	0.00400	0.00617
1	0.01333	0.04512	0.20277	0.01725	0.02261	0.02529	0.35424	0.01870	0.07681	0.08477	0.06080	0.01609	0.01179	0.00568	0.00603	0.00177	0.02015	0.00578	0.00342	0.00760
2	0.16060	0.01163	0.18037	0.00846	0.01192	0.00800	0.00836	0.01244	0.01237	0.03834	0.18720	0.03200	0.28922	0.00954	0.00558	0.00176	0.00422	0.00777	0.00438	0.00585
3	0.13924	0.31064	0.11727	0.00950	0.01334	0.01406	0.00911	0.04226	0.02895	0.03410	0.01281	0.12671	0.01244	0.05167	0.03362	0.00200	0.00567	0.00548	0.00327	0.02787
4	0.01340	0.13575	0.40232	0.01301	0.01895	0.01423	0.01460	0.17642	0.04924	0.02098	0.07924	0.01448	0.01188	0.00604	0.00513	0.00163	0.00663	0.00468	0.00347	0.00793
5	0.01100	0.01312	0.07853	0.00894	0.01203	0.18913	0.00753	0.01337	0.03327	0.01529	0.03271	0.03198	0.39331	0.00953	0.00560	0.00158	0.00512	0.00762	0.00403	0.12630
6	0.01270	0.01224	0.12200	0.01005	0.01342	0.01034	0.00910	0.27323	0.01832	0.02529	0.36528	0.02729	0.06021	0.00878	0.00591	0.00169	0.00458	0.00735	0.00524	0.00699
7	0.01136	0.00755	0.00943	0.00766	0.01064	0.00629	0.00599	0.01378	0.01393	0.12944	0.37729	0.02749	0.04915	0.00808	0.00545	0.00140	0.00339	0.00694	0.00511	0.29961
8	0.01079	0.00910	0.01072	0.00790	0.01223	0.00696	0.00627	0.01323	0.01190	0.01836	0.11969	0.01555	0.01434	0.00506	0.00438	0.00094	0.00383	0.00419	0.00363	0.72094
9	0.01205	0.01904	0.29269	0.01911	0.02473	0.01381	0.38936	0.01677	0.01174	0.01677	0.01003	0.01318	0.00763	0.00551	0.00765	0.00188	0.12275	0.00535	0.00254	0.00740
10	0.01093	0.02820	0.78016	0.01554	0.02360	0.01266	0.02014	0.01727	0.01151	0.01727	0.00978	0.01151	0.00691	0.00518	0.00518	0.00173	0.00806	0.00403	0.00230	0.00806
11	0.00907	0.00719	0.00843	0.00882	0.01011	0.00764	0.00631	0.01510	0.27535	0.01704	0.02729	0.52926	0.02924	0.01368	0.00646	0.00209	0.00357	0.01222	0.00523	0.00590
12	0.77144	0.01043	0.00844	0.00740	0.01085	0.01184	0.00610	0.01699	0.00986	0.09363	0.00887	0.00975	0.00660	0.00522	0.00357	0.00169	0.00426	0.00318	0.00368	0.00621
13	0.01101	0.00887	0.01038	0.01040	0.01250	0.00977	0.00847	0.01982	0.38516	0.01938	0.02563	0.08927	0.02438	0.01139	0.00651	0.00216	0.00455	0.32829	0.00528	0.00677
14	0.01458	0.81168	0.02857	0.00933	0.01399	0.02157	0.00933	0.01632	0.01108	0.01283	0.00758	0.00875	0.00700	0.00466	0.00350	0.00117	0.00583	0.00292	0.00233	0.00700
15	0.02204	0.00874	0.01188	0.00929	0.01308	0.00760	0.00760	0.02422	0.01558	0.66897	0.12980	0.02176	0.01897	0.00738	0.00562	0.00169	0.00434	0.00611	0.00664	0.00868
16	0.01086	0.00685	0.00835	0.00779	0.00990	0.00640	0.00618	0.01417	0.08290	0.14703	0.25584	0.04159	0.25299	0.01141	0.00635	0.00187	0.00349	0.11436	0.00567	0.00598
17	0.01187	0.22853	0.58798	0.01395	0.02114	0.01494	0.01738	0.01702	0.01140	0.01613	0.00922	0.01080	0.00693	0.00505	0.00475	0.00158	0.00749	0.00374	0.00231	0.00779
18	0.01664	0.23084	0.19904	0.01317	0.01770	0.40525	0.01248	0.01929	0.01338	0.01413	0.00853	0.00994	0.00699	0.00527	0.00461	0.00142	0.00837	0.00348	0.00257	0.00691
19	0.06047	0.01465	0.02616	0.01902	0.02408	0.01463	0.49292	0.23680	0.01646	0.02286	0.01145	0.01391	0.00844	0.00520	0.00598	0.00177	0.00797	0.00579	0.00359	0.00784
20	0.01411	0.01192	0.01168	0.01004	0.01259	0.12212	0.00789	0.27392	0.01873	0.02452	0.33959	0.05491	0.02889	0.00910	0.00593	0.00169	0.00494	0.03542	0.00528	0.00673
21	0.38071	0.00999	0.01000	0.00801	0.01196	0.00976	0.00650	0.01714	0.04068	0.13274	0.02836	0.01232	0.00924	0.00518	0.00407	0.00138	0.00418	0.00370	0.00396	0.30010
22	0.01218	0.29573	0.52351	0.01342	0.02032	0.01570	0.01645	0.01694	0.01136	0.01575	0.00903	0.01057	0.00694	0.00500	0.00461	0.00154	0.00730	0.00365	0.00231	0.00769
23	0.04793	0.01317	0.01591	0.01283	0.01611	0.11354	0.11501	0.07621	0.13281	0.21687	0.05613	0.01680	0.01309	0.00689	0.00703	0.00177	0.10406	0.00547	0.02071	0.00767

[dist]
# distance from previous block
# <min> <max>
2	4

[block]
# block no. 8 follows, 44 sequences, length 24
# corresponding to MSA columns:
# 382-405
name=unknown_I
#
# <colnr> <probs for GDERKNQSTAVLIFYWHMCP>
#	G	D	E	R	K	N	Q	S	T	A	V	L	I	F	Y	W	H	M	C	P
0	0.01093	0.02820	0.78016	0.01554	0.02360	0.01266	0.02014	0.01727	0.01151	0.01727	0.00978	0.01151	0.00691	0.00518	0.00518	0.00173	0.00806	0.00403	0.00230	0.00806
1	0.76831	0.08620	0.00995	0.00737	0.01087	0.01311	0.00623	0.01605	0.00945	0.02336	0.00759	0.00885	0.00601	0.00502	0.00339	0.00164	0.00437	0.00295	0.00328	0.00601
2	0.00644	0.00552	0.00552	0.00552	0.00736	0.00460	0.00414	0.00782	0.01243	0.01473	0.05523	0.05247	0.77218	0.01381	0.00644	0.00184	0.00276	0.01151	0.00506	0.00460
3	0.03978	0.14788	0.63864	0.01430	0.02168	0.01401	0.01800	0.01708	0.01137	0.01683	0.00937	0.01100	0.00689	0.00510	0.00486	0.00164	0.00759	0.00382	0.00234	0.00782
4	0.52633	0.01005	0.00982	0.00816	0.01186	0.01059	0.00673	0.02014	0.01174	0.31825	0.01302	0.01264	0.00886	0.00572	0.00420	0.00169	0.00438	0.00394	0.00469	0.00722
5	0.00793	0.00529	0.00595	0.00595	0.00595	0.00529	0.00330	0.00793	0.00793	0.01057	0.01718	0.03568	0.01982	0.80840	0.02775	0.00529	0.00529	0.00793	0.00330	0.00330
6	0.01115	0.01056	0.01789	0.59215	0.23403	0.01234	0.01556	0.01468	0.01130	0.01496	0.00984	0.01426	0.00763	0.00529	0.00544	0.00176	0.00706	0.00485	0.00250	0.00674
7	0.01030	0.00969	0.01635	0.79530	0.03755	0.01211	0.01514	0.01393	0.01090	0.01393	0.00969	0.01453	0.00727	0.00545	0.00545	0.00182	0.00727	0.00484	0.00242	0.00606
8	0.01458	0.81168	0.02857	0.00933	0.01399	0.02157	0.00933	0.01632	0.01108	0.01283	0.00758	0.00875	0.00700	0.00466	0.00350	0.00117	0.00583	0.00292	0.00233	0.00700
9	0.00793	0.00529	0.00595	0.00595	0.00595	0.00529	0.00330	0.00793	0.00793	0.01057	0.01718	0.03568	0.01982	0.80840	0.02775	0.00529	0.00529	0.00793	0.00330	0.00330
10	0.00738	0.00572	0.00767	0.00763	0.00888	0.00600	0.00587	0.00922	0.01047	0.01414	0.09808	0.03241	0.24125	0.03008	0.48262	0.00605	0.00997	0.00789	0.00384	0.00482
11	0.01993	0.01488	0.01592	0.01238	0.01660	0.01654	0.01017	0.67576	0.10738	0.03308	0.01410	0.01389	0.01009	0.00664	0.00546	0.00166	0.00581	0.00505	0.00546	0.00920
12	0.01030	0.00969	0.01635	0.79530	0.03755	0.01211	0.01514	0.01393	0.01090	0.01393	0.00969	0.01453	0.00727	0.00545	0.00545	0.00182	0.00727	0.00484	0.00242	0.00606
13	0.00653	0.00543	0.00570	0.00583	0.00747	0.00461	0.00430	0.00792	0.01234	0.01498	0.08752	0.13986	0.65066	0.01406	0.00650	0.00188	0.00280	0.01189	0.00511	0.00461
14	0.00947	0.00473	0.00710	0.00710	0.00710	0.00473	0.00473	0.00710	0.00710	0.00947	0.00947	0.01657	0.00947	0.01894	0.02131	0.84138	0.00473	0.00473	0.00237	0.00237
15	0.00870	0.00622	0.00869	0.00995	0.01117	0.00620	0.00864	0.01115	0.01247	0.01622	0.02891	0.08994	0.03155	0.01514	0.00751	0.00250	0.00495	0.71007	0.00502	0.00500
16	0.01356	0.01171	0.01233	0.01109	0.01418	0.01356	0.00863	0.02897	0.76455	0.02281	0.02219	0.02034	0.01664	0.00740	0.00555	0.00185	0.00431	0.00616	0.00555	0.00863
17	0.00779	0.00584	0.00876	0.00876	0.00974	0.00681	0.00681	0.00974	0.00876	0.01266	0.01460	0.02142	0.01363	0.04089	0.78680	0.00876	0.01460	0.00584	0.00292	0.00487
18	0.01030	0.00969	0.01635	0.79530	0.03755	0.01211	0.01514	0.01393	0.01090	0.01393	0.00969	0.01453	0.00727	0.00545	0.00545	0.00182	0.00727	0.00484	0.00242	0.00606
19	0.01060	0.01000	0.01690	0.72320	0.10728	0.01219	0.01529	0.01419	0.01104	0.01430	0.00974	0.01444	0.00740	0.00539	0.00545	0.00180	0.00719	0.00485	0.00245	0.00630
20	0.01093	0.02820	0.78016	0.01554	0.02360	0.01266	0.02014	0.01727	0.01151	0.01727	0.00978	0.01151	0.00691	0.00518	0.00518	0.00173	0.00806	0.00403	0.00230	0.00806
21	0.00793	0.00529	0.00595	0.00595	0.00595	0.00529	0.00330	0.00793	0.00793	0.01057	0.01718	0.03568	0.01982	0.80840	0.02775	0.00529	0.00529	0.00793	0.00330	0.00330
22	0.01187	0.01149	0.01879	0.01342	0.01851	0.00961	0.27482	0.01507	0.01187	0.01766	0.01017	0.01252	0.00815	0.00424	0.00490	0.00118	0.00589	0.00438	0.00306	0.54244
23	0.01105	0.00913	0.00963	0.00888	0.01145	0.00979	0.00684	0.02041	0.43973	0.04303	0.03467	0.05543	0.29760	0.01004	0.00592	0.00185	0.00371	0.00840	0.00539	0.00703

[dist]
# distance from previous block
# <min> <max>
0	3

[block]
# block no. 9 follows, 44 sequences, length 43
# corresponding to MSA columns:
# 422-448,451-466
name=unknown_J
#
# <colnr> <probs for GDERKNQSTAVLIFYWHMCP>
#	G	D	E	R	K	N	Q	S	T	A	V	L	I	F	Y	W	H	M	C	P
0	0.00861	0.00615	0.00859	0.00984	0.01102	0.00613	0.00849	0.01100	0.01238	0.01612	0.02896	0.12104	0.03175	0.01522	0.00748	0.00249	0.00487	0.67985	0.00502	0.00497
1	0.01853	0.27465	0.01960	0.01255	0.01595	0.54442	0.01015	0.02005	0.01407	0.01318	0.00816	0.00949	0.00701	0.00532	0.00447	0.00133	0.00857	0.00332	0.00266	0.00653
2	0.58348	0.26410	0.01452	0.00785	0.01163	0.01519	0.00699	0.01612	0.00985	0.02078	0.00759	0.00882	0.00625	0.00494	0.00341	0.00152	0.00473	0.00294	0.00304	0.00625
3	0.08691	0.01489	0.01569	0.01211	0.01640	0.01653	0.01001	0.69692	0.02432	0.03357	0.01265	0.01275	0.00900	0.00643	0.00529	0.00164	0.00586	0.00475	0.00529	0.00900
4	0.01977	0.02480	0.01681	0.01472	0.01779	0.70449	0.07013	0.04063	0.01551	0.01422	0.00876	0.01031	0.00718	0.00556	0.00505	0.00145	0.00968	0.00378	0.00287	0.00648
5	0.00780	0.00580	0.00854	0.00854	0.00943	0.00669	0.00653	0.00959	0.00869	0.01249	0.01481	0.02256	0.01413	0.10237	0.72599	0.00848	0.01386	0.00601	0.00295	0.00474
6	0.01356	0.01171	0.01233	0.01109	0.01418	0.01356	0.00863	0.02897	0.76455	0.02281	0.02219	0.02034	0.01664	0.00740	0.00555	0.00185	0.00431	0.00616	0.00555	0.00863
7	0.02072	0.01527	0.01636	0.01254	0.01691	0.01691	0.01036	0.75622	0.02563	0.03436	0.01309	0.01309	0.00927	0.00654	0.00545	0.00164	0.00600	0.00491	0.00545	0.00927
8	0.01458	0.81168	0.02857	0.00933	0.01399	0.02157	0.00933	0.01632	0.01108	0.01283	0.00758	0.00875	0.00700	0.00466	0.00350	0.00117	0.00583	0.00292	0.00233	0.00700
9	0.01016	0.00508	0.00508	0.00508	0.00635	0.00508	0.00381	0.01270	0.01143	0.02033	0.01778	0.02033	0.01397	0.00635	0.00381	0.00127	0.00254	0.00508	0.83867	0.00508
10	0.84691	0.01054	0.00801	0.00717	0.01054	0.01223	0.00590	0.01603	0.00928	0.02446	0.00759	0.00886	0.00590	0.00506	0.00337	0.00169	0.00422	0.00295	0.00337	0.00590
11	0.00947	0.00473	0.00710	0.00710	0.00710	0.00473	0.00473	0.00710	0.00710	0.00947	0.00947	0.01657	0.00947	0.01894	0.02131	0.84138	0.00473	0.00473	0.00237	0.00237
12	0.84691	0.01054	0.00801	0.00717	0.01054	0.01223	0.00590	0.01603	0.00928	0.02446	0.00759	0.00886	0.00590	0.00506	0.00337	0.00169	0.00422	0.00295	0.00337	0.00590
13	0.01016	0.00508	0.00508	0.00508	0.00635	0.00508	0.00381	0.01270	0.01143	0.02033	0.01778	0.02033	0.01397	0.00635	0.00381	0.00127	0.00254	0.00508	0.83867	0.00508
14	0.00879	0.00628	0.00879	0.01004	0.01130	0.00628	0.00879	0.01130	0.01255	0.01632	0.02887	0.06150	0.03138	0.01506	0.00753	0.00251	0.00502	0.73770	0.00502	0.00502
15	0.00657	0.00503	0.00603	0.00684	0.00771	0.00449	0.00473	0.00768	0.01116	0.01421	0.03918	0.53195	0.30306	0.01589	0.00677	0.00208	0.00302	0.01405	0.00506	0.00449
16	0.01030	0.00969	0.01635	0.79530	0.03755	0.01211	0.01514	0.01393	0.01090	0.01393	0.00969	0.01453	0.00727	0.00545	0.00545	0.00182	0.00727	0.00484	0.00242	0.00606
17	0.02072	0.01527	0.01636	0.01254	0.01691	0.01691	0.01036	0.75622	0.02563	0.03436	0.01309	0.01309	0.00927	0.00654	0.00545	0.00164	0.00600	0.00491	0.00545	0.00927
18	0.84691	0.01054	0.00801	0.00717	0.01054	0.01223	0.00590	0.01603	0.00928	0.02446	0.00759	0.00886	0.00590	0.00506	0.00337	0.00169	0.00422	0.00295	0.00337	0.00590
19	0.01287	0.01471	0.03217	0.02298	0.02849	0.01379	0.75460	0.01746	0.01287	0.01746	0.01103	0.01471	0.00827	0.00460	0.00643	0.00184	0.00919	0.00643	0.00276	0.00735
20	0.00879	0.00628	0.00879	0.01004	0.01130	0.00628	0.00879	0.01130	0.01255	0.01632	0.02887	0.06150	0.03138	0.01506	0.00753	0.00251	0.00502	0.73770	0.00502	0.00502
21	0.00681	0.00487	0.00652	0.00779	0.00818	0.00458	0.00536	0.00789	0.01061	0.01411	0.02995	0.74530	0.03568	0.01692	0.00700	0.00224	0.00331	0.07335	0.00506	0.00448
22	0.00667	0.00478	0.00630	0.00750	0.00784	0.00445	0.00499	0.00761	0.01043	0.01385	0.03037	0.76581	0.05470	0.03711	0.00747	0.00228	0.00321	0.01520	0.00502	0.00440
23	0.02446	0.00928	0.01265	0.00970	0.01392	0.00801	0.00801	0.02657	0.01560	0.77817	0.02151	0.01856	0.01350	0.00675	0.00548	0.00169	0.00464	0.00548	0.00675	0.00928
24	0.01287	0.01471	0.03217	0.02298	0.02849	0.01379	0.75460	0.01746	0.01287	0.01746	0.01103	0.01471	0.00827	0.00460	0.00643	0.00184	0.00919	0.00643	0.00276	0.00735
25	0.75776	0.01041	0.00852	0.00744	0.01091	0.01177	0.00613	0.01717	0.00996	0.10616	0.00910	0.00991	0.00673	0.00524	0.00360	0.00169	0.00426	0.00323	0.00374	0.00627
26	0.00664	0.00474	0.00633	0.00759	0.00791	0.00443	0.00506	0.00759	0.01044	0.01392	0.03005	0.80485	0.03606	0.01708	0.00696	0.00221	0.00316	0.01550	0.00506	0.00443
27	0.00700	0.00546	0.00635	0.00631	0.00775	0.00481	0.00466	0.00884	0.01348	0.01765	0.35497	0.12773	0.38939	0.01303	0.00649	0.00183	0.00272	0.01124	0.00546	0.00481
28	0.01444	0.00718	0.00821	0.00712	0.00942	0.00705	0.00561	0.07607	0.04168	0.20430	0.06271	0.02052	0.01578	0.00678	0.00456	0.00145	0.00339	0.00548	0.49170	0.00656
29	0.01193	0.01193	0.01670	0.01431	0.01431	0.01670	0.01193	0.01312	0.00835	0.01312	0.00716	0.01193	0.00716	0.00954	0.01789	0.00239	0.79843	0.00477	0.00239	0.00596
30	0.00793	0.00529	0.00595	0.00595	0.00595	0.00529	0.00330	0.00793	0.00793	0.01057	0.01718	0.03568	0.01982	0.80840	0.02775	0.00529	0.00529	0.00793	0.00330	0.00330
31	0.00675	0.00482	0.00645	0.00771	0.00808	0.00452	0.00525	0.00778	0.01054	0.01404	0.02999	0.76742	0.03582	0.01698	0.00699	0.00223	0.00326	0.05186	0.00506	0.00446
32	0.84691	0.01054	0.00801	0.00717	0.01054	0.01223	0.00590	0.01603	0.00928	0.02446	0.00759	0.00886	0.00590	0.00506	0.00337	0.00169	0.00422	0.00295	0.00337	0.00590
33	0.01030	0.00969	0.01635	0.79530	0.03755	0.01211	0.01514	0.01393	0.01090	0.01393	0.00969	0.01453	0.00727	0.00545	0.00545	0.00182	0.00727	0.00484	0.00242	0.00606
34	0.05075	0.01611	0.01566	0.01242	0.01647	0.10774	0.01010	0.59042	0.07597	0.03069	0.01298	0.01306	0.00940	0.00644	0.00532	0.00163	0.00627	0.00476	0.00507	0.00875
35	0.00947	0.00473	0.00710	0.00710	0.00710	0.00473	0.00473	0.00710	0.00710	0.00947	0.00947	0.01657	0.00947	0.01894	0.02131	0.84138	0.00473	0.00473	0.00237	0.00237
36	0.01030	0.00969	0.01635	0.79530	0.03755	0.01211	0.01514	0.01393	0.01090	0.01393	0.00969	0.01453	0.00727	0.00545	0.00545	0.00182	0.00727	0.00484	0.00242	0.00606
37	0.00846	0.00540	0.00810	0.00810	0.00869	0.00599	0.00599	0.00869	0.00810	0.01139	0.01257	0.01950	0.01198	0.03218	0.48320	0.33898	0.01069	0.00540	0.00270	0.00388
38	0.01458	0.81168	0.02857	0.00933	0.01399	0.02157	0.00933	0.01632	0.01108	0.01283	0.00758	0.00875	0.00700	0.00466	0.00350	0.00117	0.00583	0.00292	0.00233	0.00700
39	0.01621	0.01036	0.01221	0.00953	0.01323	0.00994	0.00770	0.24839	0.01771	0.18667	0.19691	0.02051	0.02006	0.00712	0.00537	0.00147	0.00443	0.00584	0.00535	0.20101
40	0.01450	0.18271	0.38599	0.01328	0.01943	0.01568	0.01479	0.22298	0.04431	0.02133	0.01073	0.01173	0.00796	0.00554	0.00493	0.00159	0.00689	0.00413	0.00331	0.00820
41	0.01628	0.01223	0.01438	0.03535	0.01609	0.01338	0.03727	0.37264	0.17267	0.05555	0.01843	0.02511	0.01551	0.00842	0.00595	0.00188	0.00555	0.16000	0.00524	0.00808
42	0.01160	0.01345	0.08227	0.01829	0.02270	0.01165	0.51810	0.01529	0.01168	0.01608	0.01244	0.01906	0.01078	0.17445	0.01076	0.00254	0.00808	0.00653	0.02778	0.00648

[dist]
# distance from previous block
# <min> <max>
0	8

[block]
# block no. 10 follows, 44 sequences, length 95
# corresponding to MSA columns:
# 475-569
name=unknown_K
#
# <colnr> <probs for GDERKNQSTAVLIFYWHMCP>
#	G	D	E	R	K	N	Q	S	T	A	V	L	I	F	Y	W	H	M	C	P
0	0.01804	0.01306	0.01426	0.01154	0.01520	0.01434	0.00930	0.49401	0.15845	0.07476	0.01719	0.10485	0.01392	0.00791	0.00564	0.00174	0.00529	0.00638	0.00550	0.00860
1	0.01568	0.01144	0.01293	0.01118	0.01445	0.03806	0.03425	0.02670	0.51196	0.17732	0.03854	0.02154	0.01677	0.00750	0.00564	0.00182	0.00472	0.03547	0.00559	0.00842
2	0.00858	0.00666	0.01013	0.00947	0.01074	0.00741	0.05165	0.03999	0.00968	0.01369	0.01520	0.05458	0.01462	0.10487	0.60804	0.00747	0.01262	0.00643	0.00314	0.00504
3	0.04458	0.02749	0.74908	0.01520	0.02307	0.01264	0.01957	0.01722	0.01142	0.01755	0.00970	0.01140	0.00687	0.00517	0.00511	0.00172	0.00790	0.00399	0.00235	0.00797
4	0.04724	0.60051	0.19939	0.01066	0.01605	0.01916	0.01166	0.01653	0.01110	0.01431	0.00808	0.00938	0.00693	0.00480	0.00388	0.00132	0.00627	0.00317	0.00237	0.00719
5	0.04859	0.02235	0.01544	0.04490	0.01748	0.55285	0.01052	0.18899	0.01738	0.01855	0.00951	0.01073	0.00751	0.00580	0.00501	0.00148	0.00866	0.00386	0.00342	0.00697
6	0.00786	0.00591	0.00752	0.00831	0.00970	0.00558	0.00692	0.00991	0.01248	0.01584	0.06262	0.10267	0.27372	0.01464	0.00710	0.00225	0.00409	0.43295	0.00507	0.00485
7	0.01193	0.01193	0.01670	0.01431	0.01431	0.01670	0.01193	0.01312	0.00835	0.01312	0.00716	0.01193	0.00716	0.00954	0.01789	0.00239	0.79843	0.00477	0.00239	0.00596
8	0.01222	0.01166	0.01983	0.33610	0.48169	0.01262	0.01610	0.01562	0.01181	0.01627	0.01003	0.01391	0.00809	0.00509	0.00542	0.00170	0.00679	0.00485	0.00259	0.00761
9	0.01349	0.01295	0.02213	0.03346	0.77440	0.01295	0.01673	0.01673	0.01241	0.01781	0.01025	0.01349	0.00864	0.00486	0.00540	0.00162	0.00648	0.00486	0.00270	0.00864
10	0.00679	0.00554	0.00600	0.00588	0.00757	0.00475	0.00441	0.00849	0.01323	0.01664	0.24765	0.04931	0.57857	0.01309	0.00644	0.00181	0.00271	0.01106	0.00531	0.00475
11	0.00671	0.00553	0.00589	0.00580	0.00753	0.00472	0.00435	0.00834	0.01305	0.01621	0.20431	0.05002	0.62217	0.01325	0.00644	0.00181	0.00272	0.01116	0.00526	0.00472
12	0.01242	0.01185	0.02018	0.29017	0.52611	0.01267	0.01620	0.01579	0.01190	0.01650	0.01006	0.01384	0.00817	0.00506	0.00542	0.00169	0.00674	0.00485	0.00261	0.00777
13	0.00947	0.00473	0.00710	0.00710	0.00710	0.00473	0.00473	0.00710	0.00710	0.00947	0.00947	0.01657	0.00947	0.01894	0.02131	0.84138	0.00473	0.00473	0.00237	0.00237
14	0.00793	0.00529	0.00595	0.00595	0.00595	0.00529	0.00330	0.00793	0.00793	0.01057	0.01718	0.03568	0.01982	0.80840	0.02775	0.00529	0.00529	0.00793	0.00330	0.00330
15	0.82903	0.01088	0.00817	0.00732	0.01068	0.02898	0.00600	0.01615	0.00941	0.02422	0.00761	0.00888	0.00593	0.00507	0.00341	0.00168	0.00434	0.00296	0.00336	0.00591
16	0.01458	0.81168	0.02857	0.00933	0.01399	0.02157	0.00933	0.01632	0.01108	0.01283	0.00758	0.00875	0.00700	0.00466	0.00350	0.00117	0.00583	0.00292	0.00233	0.00700
17	0.01670	0.01292	0.01383	0.01131	0.01491	0.01436	0.00910	0.42283	0.27323	0.02857	0.06432	0.01948	0.05851	0.00753	0.00560	0.00172	0.00504	0.00601	0.00550	0.00854
18	0.02038	0.01500	0.01608	0.01236	0.01661	0.01659	0.01017	0.73594	0.02515	0.03371	0.01320	0.01370	0.00956	0.02828	0.00606	0.00174	0.00598	0.00499	0.00540	0.00911
19	0.02072	0.01527	0.01636	0.01254	0.01691	0.01691	0.01036	0.75622	0.02563	0.03436	0.01309	0.01309	0.00927	0.00654	0.00545	0.00164	0.00600	0.00491	0.00545	0.00927
20	0.01308	0.01253	0.02139	0.13144	0.67963	0.01285	0.01653	0.01637	0.01222	0.01731	0.01018	0.01363	0.00846	0.00493	0.00540	0.00164	0.00658	0.00486	0.00266	0.00830
21	0.01807	0.01533	0.01473	0.01222	0.01586	0.12128	0.00981	0.40949	0.24295	0.02732	0.01578	0.01674	0.01204	0.00701	0.00549	0.00170	0.00599	0.03458	0.00510	0.00850
22	0.02072	0.01527	0.01636	0.01254	0.01691	0.01691	0.01036	0.75622	0.02563	0.03436	0.01309	0.01309	0.00927	0.00654	0.00545	0.00164	0.00600	0.00491	0.00545	0.00927
23	0.01130	0.00969	0.01130	0.00807	0.01292	0.00727	0.00646	0.01373	0.01130	0.01776	0.00969	0.01130	0.00807	0.00404	0.00404	0.00081	0.00404	0.00323	0.00323	0.84173
24	0.00793	0.00529	0.00595	0.00595	0.00595	0.00529	0.00330	0.00793	0.00793	0.01057	0.01718	0.03568	0.01982	0.80840	0.02775	0.00529	0.00529	0.00793	0.00330	0.00330
25	0.02072	0.01527	0.01636	0.01254	0.01691	0.01691	0.01036	0.75622	0.02563	0.03436	0.01309	0.01309	0.00927	0.00654	0.00545	0.00164	0.00600	0.00491	0.00545	0.00927
26	0.00644	0.00552	0.00552	0.00552	0.00736	0.00460	0.00414	0.00782	0.01243	0.01473	0.05523	0.05247	0.77218	0.01381	0.00644	0.00184	0.00276	0.01151	0.00506	0.00460
27	0.01193	0.01193	0.01670	0.01431	0.01431	0.01670	0.01193	0.01312	0.00835	0.01312	0.00716	0.01193	0.00716	0.00954	0.01789	0.00239	0.79843	0.00477	0.00239	0.00596
28	0.01893	0.01082	0.01272	0.01055	0.01422	0.01125	0.00845	0.07173	0.38057	0.36585	0.02133	0.01909	0.01477	0.00705	0.00551	0.00176	0.00456	0.00578	0.00609	0.00896
29	0.00669	0.00478	0.00638	0.00764	0.00798	0.00447	0.00514	0.00767	0.01048	0.01397	0.03002	0.78874	0.03596	0.01704	0.00697	0.00222	0.00320	0.03115	0.00506	0.00444
30	0.00772	0.00557	0.00729	0.00686	0.00814	0.00514	0.00514	0.01029	0.01543	0.02186	0.77152	0.04072	0.05144	0.01115	0.00643	0.00171	0.00257	0.00986	0.00600	0.00514
31	0.04051	0.01070	0.01489	0.28131	0.05405	0.01175	0.01134	0.11665	0.05972	0.27507	0.01469	0.01570	0.01021	0.00635	0.00613	0.00177	0.05177	0.00509	0.00450	0.00782
32	0.00664	0.00474	0.00633	0.00759	0.00791	0.00443	0.00506	0.00759	0.01044	0.01392	0.03005	0.80485	0.03606	0.01708	0.00696	0.00221	0.00316	0.01550	0.00506	0.00443
33	0.84691	0.01054	0.00801	0.00717	0.01054	0.01223	0.00590	0.01603	0.00928	0.02446	0.00759	0.00886	0.00590	0.00506	0.00337	0.00169	0.00422	0.00295	0.00337	0.00590
34	0.01190	0.02142	0.44732	0.02175	0.27635	0.01268	0.06271	0.01719	0.02734	0.01767	0.02669	0.01318	0.00873	0.00521	0.00536	0.00170	0.00740	0.00462	0.00261	0.00816
35	0.01270	0.03554	0.42580	0.02981	0.04314	0.04035	0.11755	0.01774	0.03659	0.06278	0.01064	0.01272	0.00791	0.00587	0.00711	0.00181	0.11686	0.00462	0.00278	0.00767
36	0.01263	0.00896	0.01064	0.01000	0.01210	0.00941	0.00792	0.25609	0.04160	0.04791	0.02363	0.31330	0.02469	0.01245	0.00650	0.00206	0.00463	0.18376	0.00525	0.00647
37	0.84691	0.01054	0.00801	0.00717	0.01054	0.01223	0.00590	0.01603	0.00928	0.02446	0.00759	0.00886	0.00590	0.00506	0.00337	0.00169	0.00422	0.00295	0.00337	0.00590
38	0.01349	0.01295	0.02213	0.03346	0.77440	0.01295	0.01673	0.01673	0.01241	0.01781	0.01025	0.01349	0.00864	0.00486	0.00540	0.00162	0.00648	0.00486	0.00270	0.00864
39	0.01303	0.01248	0.02129	0.14449	0.66701	0.01283	0.01650	0.01632	0.01219	0.01725	0.01017	0.01364	0.00844	0.00494	0.00541	0.00165	0.00659	0.00486	0.00266	0.00826
40	0.01130	0.00969	0.01130	0.00807	0.01292	0.00727	0.00646	0.01373	0.01130	0.01776	0.00969	0.01130	0.00807	0.00404	0.00404	0.00081	0.00404	0.00323	0.00323	0.84173
41	0.84691	0.01054	0.00801	0.00717	0.01054	0.01223	0.00590	0.01603	0.00928	0.02446	0.00759	0.00886	0.00590	0.00506	0.00337	0.00169	0.00422	0.00295	0.00337	0.00590
