[name]
unknown

[dist]
# distance from previous block
# <min> <max>
17	245

[block]
# block no. 0 follows, 52 sequences, length 18
# corresponding to MSA columns:
# 293-310
name=unknown_A
#
# <colnr> <probs for GDERKNQSTAVLIFYWHMCP>
#	G	D	E	R	K	N	Q	S	T	A	V	L	I	F	Y	W	H	M	C	P
0	0.01222	0.01599	0.19668	0.01359	0.12178	0.19627	0.01106	0.05961	0.09021	0.01532	0.01063	0.01268	0.00858	0.01047	0.14614	0.00251	0.00766	0.00408	0.01866	0.04585
1	0.03426	0.09726	0.14660	0.06419	0.06516	0.03040	0.16165	0.02785	0.01027	0.01503	0.01010	0.01285	0.00812	0.00752	0.06967	0.00197	0.07441	0.00432	0.15243	0.00594
2	0.05115	0.01046	0.01645	0.17384	0.17840	0.01062	0.15222	0.10576	0.02738	0.03994	0.01205	0.01409	0.05270	0.00501	0.00478	0.00143	0.00561	0.00467	0.00302	0.13043
3	0.00892	0.00658	0.02232	0.06806	0.01047	0.00618	0.00591	0.02617	0.08900	0.09577	0.26296	0.07930	0.26840	0.00973	0.00550	0.00161	0.00320	0.01996	0.00473	0.00524
4	0.01370	0.01078	0.14107	0.00879	0.01287	0.00748	0.00822	0.01683	0.04784	0.29141	0.06439	0.01760	0.04889	0.00588	0.00461	0.00131	0.00427	0.03124	0.00421	0.25861
5	0.00927	0.00893	0.07848	0.01022	0.07752	0.00797	0.02031	0.03277	0.16899	0.02928	0.24632	0.04368	0.05219	0.01234	0.13805	0.00255	0.00536	0.00638	0.00405	0.04532
6	0.01791	0.00775	0.01032	0.00804	0.01142	0.00662	0.00654	0.01989	0.01340	0.58123	0.14622	0.01899	0.01700	0.00636	0.00486	0.00141	0.00376	0.00528	0.00552	0.10748
7	0.00692	0.00524	0.00650	0.00726	0.00795	0.00528	0.00502	0.00988	0.13822	0.01367	0.02556	0.69313	0.02920	0.01376	0.00598	0.00191	0.00298	0.01241	0.00457	0.00455
8	0.00982	0.14452	0.01613	0.52633	0.11307	0.01165	0.01199	0.01252	0.00983	0.01260	0.00993	0.08236	0.00877	0.00557	0.00467	0.00153	0.00586	0.00484	0.00237	0.00565
9	0.01379	0.01061	0.01307	0.01225	0.14260	0.01011	0.00843	0.26811	0.01470	0.07209	0.01142	0.01226	0.02828	0.00483	0.00434	0.00116	0.00453	0.00392	0.00369	0.35980
10	0.01061	0.00915	0.01379	0.05437	0.41146	0.00943	0.01054	0.01475	0.12162	0.01634	0.01546	0.04489	0.05834	0.00615	0.00478	0.00149	0.00458	0.04171	0.14399	0.00656
11	0.01300	0.01343	0.01869	0.02690	0.67002	0.14331	0.01396	0.01561	0.01148	0.01518	0.00885	0.01146	0.00744	0.00443	0.00473	0.00141	0.00625	0.00412	0.00241	0.00734
12	0.03726	0.00958	0.01210	0.01010	0.05007	0.00950	0.00782	0.09985	0.03487	0.25713	0.01207	0.01255	0.00882	0.00552	0.00623	0.00135	0.13890	0.00401	0.00396	0.27831
13	0.01111	0.01028	0.01688	0.04401	0.62349	0.01039	0.01263	0.01389	0.03660	0.01484	0.01048	0.01547	0.00953	0.14060	0.00808	0.00199	0.00553	0.00481	0.00257	0.00684
14	0.01842	0.01357	0.01454	0.01115	0.01503	0.01503	0.00921	0.78330	0.02278	0.03054	0.01163	0.01163	0.00824	0.00582	0.00485	0.00145	0.00533	0.00436	0.00485	0.00824
15	0.15418	0.06185	0.07400	0.01097	0.04861	0.10069	0.02316	0.16659	0.24809	0.02016	0.01329	0.01342	0.03334	0.00564	0.00443	0.00149	0.00511	0.00431	0.00376	0.00690
16	0.01154	0.00951	0.01365	0.34562	0.13605	0.04841	0.01104	0.04984	0.04439	0.09614	0.01099	0.01405	0.00858	0.01034	0.13814	0.00259	0.03561	0.00451	0.00292	0.00608
17	0.01132	0.04972	0.05093	0.03809	0.24633	0.07877	0.07233	0.01391	0.01091	0.01519	0.03715	0.01246	0.02606	0.00449	0.00437	0.00118	0.00529	0.00398	0.00269	0.31484

[dist]
# distance from previous block
# <min> <max>
0	1

[block]
# block no. 1 follows, 52 sequences, length 8
# corresponding to MSA columns:
# 312-319
name=unknown_B
#
# <colnr> <probs for GDERKNQSTAVLIFYWHMCP>
#	G	D	E	R	K	N	Q	S	T	A	V	L	I	F	Y	W	H	M	C	P
0	0.01304	0.01382	0.21242	0.06905	0.13305	0.01050	0.09045	0.06268	0.11102	0.16245	0.06221	0.01484	0.01132	0.00544	0.00494	0.00154	0.00561	0.00481	0.00361	0.00722
1	0.01573	0.01063	0.02998	0.01011	0.01357	0.03504	0.04855	0.12095	0.11193	0.28282	0.01376	0.01363	0.00978	0.00567	0.00577	0.00142	0.08788	0.00439	0.00432	0.17407
2	0.01118	0.01178	0.02142	0.16489	0.02330	0.05316	0.44776	0.06601	0.01175	0.01534	0.01233	0.01527	0.05855	0.00696	0.05641	0.00199	0.00763	0.00549	0.00270	0.00609
3	0.00845	0.00748	0.00958	0.00902	0.00971	0.05589	0.00707	0.00986	0.00800	0.01124	0.01130	0.01745	0.01086	0.08975	0.51690	0.00584	0.19958	0.00499	0.00251	0.00452
4	0.00976	0.00535	0.00639	0.00590	0.00659	0.00515	0.00371	0.01011	0.00831	0.15593	0.01598	0.02890	0.01658	0.67757	0.02101	0.00411	0.00459	0.00665	0.00350	0.00392
5	0.01168	0.00821	0.00917	0.00791	0.01008	0.00862	0.00629	0.31044	0.01597	0.02233	0.20254	0.07842	0.07057	0.00824	0.00504	0.00150	0.00364	0.05125	0.16220	0.00591
6	0.01165	0.67962	0.02174	0.00801	0.01144	0.01636	0.00759	0.01308	0.00974	0.01158	0.01043	0.15899	0.01099	0.00618	0.00368	0.00121	0.00474	0.00466	0.00252	0.00580
7	0.01554	0.01124	0.06164	0.00946	0.01292	0.01086	0.00811	0.37658	0.07446	0.16540	0.05118	0.01824	0.09957	0.00672	0.00489	0.00149	0.00449	0.00534	0.05458	0.00729

[dist]
# distance from previous block
# <min> <max>
0	1

[block]
# block no. 2 follows, 52 sequences, length 14
# corresponding to MSA columns:
# 321-334
name=unknown_C
#
# <colnr> <probs for GDERKNQSTAVLIFYWHMCP>
#	G	D	E	R	K	N	Q	S	T	A	V	L	I	F	Y	W	H	M	C	P
0	0.01054	0.00896	0.01441	0.20557	0.40878	0.00946	0.01146	0.01333	0.01049	0.01563	0.01080	0.01384	0.00867	0.00480	0.00443	0.00140	0.00498	0.00437	0.23179	0.00630
1	0.01073	0.01006	0.01652	0.16102	0.25538	0.01072	0.11147	0.05333	0.01111	0.01560	0.07762	0.01544	0.01123	0.00656	0.03015	0.00174	0.09940	0.02568	0.00281	0.07343
2	0.00957	0.00981	0.00800	0.00749	0.00913	0.22085	0.00562	0.01129	0.01299	0.01566	0.38013	0.03168	0.24094	0.00924	0.00536	0.00148	0.00407	0.00765	0.00434	0.00472
3	0.01018	0.01049	0.01879	0.50965	0.02929	0.03464	0.24590	0.01350	0.01021	0.01328	0.00882	0.01272	0.00672	0.00482	0.00569	0.00164	0.05098	0.00470	0.00225	0.00573
4	0.01180	0.00733	0.00854	0.00749	0.00988	0.00722	0.00586	0.01694	0.23385	0.21649	0.17806	0.02886	0.23032	0.00860	0.00528	0.00158	0.00324	0.00724	0.00516	0.00625
5	0.00683	0.00503	0.00599	0.00605	0.00727	0.00456	0.00442	0.00873	0.03788	0.03942	0.27246	0.25100	0.30869	0.01194	0.00579	0.00169	0.00260	0.01040	0.00482	0.00445
6	0.59272	0.01044	0.00933	0.00777	0.01105	0.01179	0.00641	0.22131	0.01245	0.06500	0.00871	0.00933	0.00641	0.00493	0.00359	0.00149	0.00419	0.00321	0.00365	0.00621
7	0.86392	0.00937	0.00712	0.00637	0.00937	0.01087	0.00525	0.01425	0.00825	0.02174	0.00675	0.00787	0.00525	0.00450	0.00300	0.00150	0.00375	0.00262	0.00300	0.00525
8	0.01345	0.01428	0.01825	0.02563	0.61232	0.20205	0.01356	0.01594	0.01168	0.01488	0.00873	0.01122	0.00733	0.00448	0.00470	0.00139	0.00647	0.00403	0.00242	0.00719
9	0.63456	0.00917	0.00791	0.00659	0.00994	0.00969	0.00538	0.01370	0.00873	0.02014	0.00725	0.00846	0.00577	0.00425	0.00316	0.00129	0.00371	0.00269	0.00296	0.23466
10	0.63371	0.00818	0.00695	0.00630	0.00880	0.00918	0.00507	0.01288	0.00972	0.02112	0.21899	0.01548	0.01612	0.00595	0.00373	0.00151	0.00336	0.00427	0.00363	0.00507
11	0.01236	0.58171	0.02085	0.00815	0.01227	0.04465	0.00765	0.01407	0.01004	0.01260	0.00727	0.00842	0.00648	0.00403	0.00328	0.00096	0.00488	0.00269	0.00230	0.23535
12	0.63535	0.23050	0.01203	0.00689	0.01020	0.01310	0.00607	0.01432	0.00868	0.01896	0.00674	0.00785	0.00551	0.00440	0.00303	0.00138	0.00413	0.00262	0.00275	0.00551
13	0.00928	0.00548	0.00626	0.00597	0.00727	0.00584	0.00461	0.07738	0.01062	0.01731	0.01469	0.01777	0.01198	0.01391	0.22031	0.00295	0.00540	0.00468	0.55351	0.00479

[dist]
# distance from previous block
# <min> <max>
0	3

[block]
# block no. 3 follows, 52 sequences, length 9
# corresponding to MSA columns:
# 338-346
name=unknown_D
#
# <colnr> <probs for GDERKNQSTAVLIFYWHMCP>
#	G	D	E	R	K	N	Q	S	T	A	V	L	I	F	Y	W	H	M	C	P
0	0.00660	0.00493	0.00554	0.00552	0.00692	0.00440	0.00423	0.00833	0.01171	0.01557	0.25444	0.04103	0.43180	0.01093	0.00553	0.00159	0.00255	0.07049	0.10359	0.00431
1	0.01704	0.22128	0.01730	0.01043	0.01437	0.01608	0.00898	0.58834	0.01950	0.02569	0.01039	0.01066	0.00773	0.00539	0.00441	0.00135	0.00529	0.00391	0.00414	0.00773
2	0.00664	0.00453	0.00540	0.00580	0.00590	0.00443	0.00349	0.00694	0.00783	0.01044	0.01930	0.31187	0.02271	0.54260	0.01815	0.00374	0.00403	0.00942	0.00349	0.00329
3	0.00590	0.00422	0.00562	0.00675	0.00703	0.00394	0.00450	0.00675	0.00928	0.01237	0.02671	0.82653	0.03205	0.01518	0.00619	0.00197	0.00281	0.01378	0.00450	0.00394
4	0.01147	0.01108	0.01872	0.25900	0.02371	0.01198	0.28975	0.07941	0.20945	0.01699	0.01211	0.01418	0.00904	0.00509	0.00518	0.00162	0.00632	0.00512	0.00318	0.00661
5	0.00949	0.00673	0.01003	0.01283	0.20884	0.00641	0.00766	0.01120	0.01079	0.10562	0.07159	0.37116	0.06516	0.01072	0.00567	0.00175	0.00379	0.07088	0.00419	0.00548
6	0.01164	0.00529	0.00744	0.00678	0.00773	0.00500	0.00480	0.01079	0.00831	0.20999	0.01193	0.01715	0.01039	0.10839	0.01604	0.54243	0.00424	0.00471	0.00319	0.00376
7	0.01097	0.00524	0.00624	0.00596	0.00744	0.00493	0.00447	0.01279	0.01073	0.18526	0.01928	0.22275	0.01731	0.00814	0.00442	0.00142	0.00280	0.00694	0.45772	0.00517
8	0.01818	0.02068	0.01394	0.01215	0.01499	0.60857	0.00932	0.21309	0.01603	0.01660	0.00854	0.00947	0.00675	0.00520	0.00449	0.00130	0.00788	0.00344	0.00309	0.00628

[dist]
# distance from previous block
# <min> <max>
0	10

[block]
# block no. 4 follows, 52 sequences, length 265
# corresponding to MSA columns:
# 357-621
name=unknown_E
#
# <colnr> <probs for GDERKNQSTAVLIFYWHMCP>
#	G	D	E	R	K	N	Q	S	T	A	V	L	I	F	Y	W	H	M	C	P
0	0.01004	0.09835	0.68661	0.01292	0.01964	0.01170	0.01631	0.01509	0.01019	0.01501	0.00851	0.00999	0.00621	0.00450	0.00441	0.00144	0.00677	0.00345	0.00210	0.05677
1	0.01152	0.01239	0.01511	0.51519	0.06255	0.20440	0.05702	0.01420	0.01075	0.01250	0.00864	0.01246	0.00686	0.03037	0.00539	0.00161	0.00703	0.00419	0.00229	0.00554
2	0.02106	0.00827	0.01118	0.00854	0.01232	0.00708	0.00704	0.02295	0.01365	0.75692	0.01851	0.01612	0.01171	0.00586	0.00480	0.00145	0.00409	0.00476	0.00582	0.05788
3	0.81481	0.00931	0.00736	0.00650	0.00955	0.01065	0.00536	0.01479	0.00858	0.06729	0.00747	0.00838	0.00564	0.00459	0.00311	0.00150	0.00377	0.00276	0.00317	0.00542
4	0.01054	0.00890	0.01031	0.00741	0.01169	0.00696	0.00594	0.05717	0.01079	0.01665	0.00879	0.01014	0.00724	0.00372	0.00366	0.00076	0.00369	0.00296	0.00299	0.80968
5	0.01327	0.78484	0.02476	0.00846	0.01259	0.01893	0.00835	0.05934	0.01060	0.01252	0.00702	0.00800	0.00634	0.00424	0.00321	0.00106	0.00519	0.00269	0.00223	0.00634
6	0.81462	0.00962	0.00756	0.00665	0.00970	0.01111	0.00548	0.05909	0.00909	0.02226	0.00703	0.00809	0.00542	0.00458	0.00311	0.00150	0.00384	0.00273	0.00311	0.00542
7	0.81462	0.00962	0.00756	0.00665	0.00970	0.01111	0.00548	0.05909	0.00909	0.02226	0.00703	0.00809	0.00542	0.00458	0.00311	0.00150	0.00384	0.00273	0.00311	0.00542
8	0.01327	0.78484	0.02476	0.00846	0.01259	0.01893	0.00835	0.05934	0.01060	0.01252	0.00702	0.00800	0.00634	0.00424	0.00321	0.00106	0.00519	0.00269	0.00223	0.00634
9	0.86392	0.00937	0.00712	0.00637	0.00937	0.01087	0.00525	0.01425	0.00825	0.02174	0.00675	0.00787	0.00525	0.00450	0.00300	0.00150	0.00375	0.00262	0.00300	0.00525
10	0.81462	0.00962	0.00756	0.00665	0.00970	0.01111	0.00548	0.05909	0.00909	0.02226	0.00703	0.00809	0.00542	0.00458	0.00311	0.00150	0.00384	0.00273	0.00311	0.00542
11	0.01672	0.02071	0.01423	0.01352	0.06042	0.65491	0.00985	0.01804	0.01271	0.01206	0.00743	0.00918	0.00634	0.00543	0.00597	0.00138	0.11959	0.00334	0.00244	0.00569
12	0.81407	0.00933	0.00755	0.05371	0.01077	0.01087	0.00573	0.01414	0.00833	0.02120	0.00686	0.00817	0.00532	0.00452	0.00311	0.00151	0.00391	0.00272	0.00295	0.00526
13	0.77080	0.00953	0.00775	0.00675	0.00984	0.01087	0.00556	0.05524	0.00934	0.06733	0.00772	0.00857	0.00580	0.00465	0.00320	0.00150	0.00385	0.00285	0.00327	0.00558
14	0.01060	0.01060	0.01484	0.01272	0.01272	0.01484	0.01060	0.01166	0.00742	0.01166	0.00636	0.01060	0.00636	0.00848	0.01590	0.00212	0.82082	0.00424	0.00212	0.00530
15	0.00664	0.00494	0.00617	0.00587	0.00711	0.00448	0.00440	0.00872	0.01320	0.01821	0.65211	0.03822	0.19129	0.01037	0.00572	0.00155	0.00232	0.00905	0.00517	0.00448
16	0.00643	0.00495	0.00588	0.00569	0.00703	0.00441	0.00430	0.00829	0.01258	0.01675	0.47575	0.04089	0.34756	0.01095	0.00575	0.00159	0.00241	0.02944	0.00498	0.00438
17	0.00675	0.00457	0.00537	0.00567	0.00575	0.00450	0.00335	0.00697	0.00764	0.01018	0.01829	0.24155	0.02143	0.61465	0.01979	0.00398	0.00420	0.00882	0.00335	0.00320
18	0.01104	0.01435	0.14189	0.01852	0.02354	0.01166	0.62355	0.01525	0.01119	0.01565	0.00999	0.01294	0.00747	0.00425	0.00542	0.00159	0.00768	0.00533	0.05220	0.00651
19	0.02095	0.00871	0.01143	0.00885	0.01255	0.00791	0.00729	0.07076	0.06159	0.70751	0.01869	0.01629	0.01193	0.00602	0.00488	0.00151	0.00418	0.00488	0.00586	0.00821
20	0.01594	0.01203	0.01281	0.01032	0.01368	0.01344	0.00836	0.51186	0.24250	0.02672	0.01425	0.01393	0.01041	0.00602	0.00477	0.00149	0.00469	0.00469	0.06426	0.00782
21	0.03072	0.01485	0.01667	0.03697	0.11540	0.24632	0.15012	0.08373	0.12798	0.01609	0.01058	0.02857	0.00859	0.00558	0.00594	0.00153	0.08626	0.00455	0.00304	0.00650
22	0.01414	0.60099	0.06937	0.00933	0.01336	0.14723	0.00897	0.01591	0.01075	0.06055	0.00774	0.00862	0.00657	0.00443	0.00351	0.00113	0.00582	0.00288	0.00238	0.00630
23	0.00701	0.00525	0.00655	0.00621	0.00749	0.00493	0.00469	0.00976	0.05420	0.01859	0.64742	0.03692	0.13707	0.01010	0.00570	0.00156	0.00243	0.02427	0.00519	0.00467
24	0.01178	0.01109	0.01523	0.50599	0.14341	0.08292	0.01266	0.13026	0.01224	0.01560	0.00905	0.01221	0.00689	0.00493	0.00480	0.00153	0.00639	0.00421	0.00263	0.00618
25	0.01625	0.31786	0.01806	0.01084	0.01406	0.45096	0.00896	0.08522	0.01312	0.01335	0.00758	0.00864	0.00641	0.00476	0.00395	0.00119	0.00714	0.00304	0.00255	0.00607
26	0.00656	0.00449	0.00543	0.00591	0.00604	0.00437	0.00361	0.00692	0.00801	0.01068	0.02019	0.37380	0.02383	0.47913	0.01671	0.00352	0.00389	0.00994	0.00361	0.00337
27	0.01713	0.01970	0.01401	0.01272	0.03915	0.60183	0.03957	0.05910	0.03455	0.05943	0.00914	0.01041	0.00731	0.00673	0.04683	0.00165	0.00827	0.00360	0.00289	0.00600
28	0.01112	0.01056	0.01498	0.01355	0.05859	0.01435	0.01071	0.01232	0.00789	0.04303	0.00702	0.01092	0.00666	0.00814	0.01482	0.00206	0.74116	0.00427	0.00229	0.00556
29	0.00632	0.00478	0.00584	0.00597	0.00706	0.00430	0.00437	0.00794	0.01179	0.01572	0.36929	0.22711	0.26763	0.01196	0.00586	0.00168	0.00252	0.03070	0.00486	0.00427
30	0.16251	0.07239	0.05761	0.00914	0.01220	0.04966	0.00772	0.15974	0.24237	0.02008	0.01410	0.09798	0.01191	0.00650	0.00444	0.00151	0.00445	0.00511	0.03595	0.02461
31	0.01771	0.01352	0.01395	0.01098	0.01464	0.05617	0.00896	0.62584	0.11755	0.05179	0.01265	0.01243	0.00907	0.00587	0.00483	0.00147	0.00529	0.00445	0.00477	0.00803
32	0.00872	0.00798	0.00907	0.00967	0.07762	0.09833	0.02967	0.01123	0.06007	0.01580	0.30327	0.25793	0.07123	0.01013	0.00557	0.00163	0.00376	0.00896	0.00435	0.00500
33	0.00614	0.00466	0.00605	0.00666	0.00743	0.00426	0.01784	0.00731	0.01012	0.01318	0.08231	0.53871	0.20302	0.01388	0.00608	0.00188	0.00289	0.05898	0.00452	0.00409
34	0.01031	0.00995	0.03960	0.46603	0.18964	0.01099	0.02539	0.04008	0.07239	0.01460	0.00999	0.01327	0.00775	0.00579	0.02596	0.00173	0.02049	0.00443	0.02545	0.00616
35	0.37636	0.00872	0.00951	0.00767	0.01111	0.00870	0.00633	0.01967	0.01150	0.47393	0.01391	0.01286	0.00915	0.00537	0.00408	0.00150	0.00397	0.00393	0.00474	0.00698
36	0.01206	0.31147	0.24029	0.01073	0.01526	0.05902	0.05569	0.02875	0.03654	0.05812	0.04470	0.04563	0.01016	0.00540	0.00427	0.00135	0.00573	0.01915	0.00279	0.03289
37	0.01273	0.27725	0.35223	0.01125	0.01644	0.08152	0.01240	0.07132	0.04283	0.05166	0.00911	0.01003	0.00696	0.00471	0.00414	0.00134	0.00620	0.00341	0.00261	0.02186
38	0.86392	0.00937	0.00712	0.00637	0.00937	0.01087	0.00525	0.01425	0.00825	0.02174	0.00675	0.00787	0.00525	0.00450	0.00300	0.00150	0.00375	0.00262	0.00300	0.00525
39	0.06624	0.06320	0.44659	0.01388	0.01955	0.01139	0.19187	0.01534	0.02404	0.03989	0.05519	0.01244	0.00900	0.00484	0.00475	0.00153	0.00663	0.00433	0.00256	0.00673
40	0.01287	0.01325	0.01398	0.18327	0.20415	0.23514	0.01054	0.07588	0.01240	0.01517	0.02553	0.01413	0.05946	0.00538	0.00462	0.00138	0.00613	0.00437	0.04750	0.05485
41	0.86392	0.00937	0.00712	0.00637	0.00937	0.01087	0.00525	0.01425	0.00825	0.02174	0.00675	0.00787	0.00525	0.00450	0.00300	0.00150	0.00375	0.00262	0.00300	0.00525
42	0.07671	0.01054	0.01304	0.22121	0.01869	0.05757	0.03983	0.19461	0.04640	0.17029	0.01337	0.01714	0.01039	0.00618	0.00491	0.00159	0.00544	0.08148	0.00396	0.00665
43	0.03477	0.03567	0.01307	0.01052	0.01380	0.22652	0.00838	0.24502	0.15715	0.15519	0.01293	0.01262	0.00938	0.00561	0.00461	0.00140	0.00567	0.00418	0.00424	0.03926
44	0.01210	0.02949	0.08628	0.02641	0.63987	0.05816	0.03490	0.01511	0.01111	0.01544	0.00920	0.01223	0.00772	0.00451	0.00478	0.00145	0.00608	0.01537	0.00240	0.00741
45	0.01269	0.54877	0.17390	0.01003	0.01435	0.09379	0.01039	0.01497	0.01015	0.01222	0.00716	0.00851	0.00621	0.00458	0.00430	0.00122	0.05543	0.00293	0.00211	0.00629
46	0.00903	0.00452	0.00452	0.00452	0.00565	0.00452	0.00339	0.01129	0.01016	0.01807	0.01581	0.01807	0.01242	0.00565	0.00339	0.00113	0.00226	0.00452	0.85659	0.00452
47	0.01060	0.01060	0.01484	0.01272	0.01272	0.01484	0.01060	0.01166	0.00742	0.01166	0.00636	0.01060	0.00636	0.00848	0.01590	0.00212	0.82082	0.00424	0.00212	0.00530
48	0.86392	0.00937	0.00712	0.00637	0.00937	0.01087	0.00525	0.01425	0.00825	0.02174	0.00675	0.00787	0.00525	0.00450	0.00300	0.00150	0.00375	0.00262	0.00300	0.00525
49	0.01164	0.01115	0.01903	0.12762	0.70434	0.01142	0.01470	0.01456	0.01087	0.01540	0.00905	0.01211	0.00753	0.00438	0.00480	0.00146	0.00584	0.00432	0.00237	0.00739
50	0.01778	0.02122	0.01347	0.01201	0.01462	0.68310	0.00911	0.11072	0.01468	0.01435	0.00832	0.00945	0.00673	0.00512	0.00439	0.00127	0.00808	0.00333	0.03638	0.00589
51	0.12282	0.00838	0.01075	0.00835	0.01201	0.00757	0.00690	0.02249	0.01320	0.70907	0.01763	0.01546	0.01119	0.00582	0.00465	0.00150	0.00408	0.00460	0.00564	0.00789
52	0.01317	0.06977	0.08554	0.02005	0.31747	0.17862	0.14066	0.04179	0.01179	0.01500	0.00869	0.01096	0.00707	0.00457	0.00500	0.00141	0.02864	0.00408	0.00247	0.03326
53	0.01090	0.01111	0.01460	0.01258	0.01273	0.05644	0.01042	0.01199	0.00776	0.01166	0.00660	0.01073	0.00651	0.00905	0.03661	0.00223	0.75644	0.00421	0.00215	0.00529
54	0.01294	0.01026	0.01178	0.01146	0.07835	0.01145	0.00835	0.08782	0.54922	0.07487	0.01837	0.01909	0.01419	0.00710	0.01616	0.00172	0.00431	0.05032	0.00473	0.00752
55	0.00640	0.00495	0.00586	0.00572	0.00706	0.00440	0.00433	0.00822	0.01241	0.01643	0.43567	0.05323	0.36368	0.01114	0.00577	0.00161	0.00246	0.04139	0.00493	0.00435
56	0.00723	0.00522	0.00626	0.00589	0.00736	0.00471	0.00445	0.00944	0.03365	0.04988	0.48591	0.03849	0.30263	0.01047	0.00566	0.00157	0.00246	0.00902	0.00506	0.00464
57	0.01224	0.01216	0.01952	0.05279	0.69953	0.05810	0.04468	0.01508	0.01117	0.01548	0.00903	0.01188	0.00754	0.00436	0.00481	0.00144	0.00605	0.00430	0.00240	0.00744
58	0.00686	0.00495	0.00648	0.00610	0.00724	0.00457	0.00457	0.00914	0.01372	0.01943	0.79691	0.03620	0.04572	0.00991	0.00572	0.00152	0.00229	0.00876	0.00533	0.00457
59	0.01005	0.00861	0.01005	0.00718	0.01148	0.00646	0.00574	0.01220	0.01005	0.01579	0.00861	0.01005	0.00718	0.00359	0.00359	0.00072	0.00359	0.00287	0.00287	0.85932
60	0.00611	0.00485	0.00549	0.00549	0.00682	0.00423	0.00406	0.00765	0.01173	0.01508	0.29013	0.12544	0.47214	0.01181	0.00577	0.00163	0.00244	0.01013	0.00477	0.00423
61	0.86392	0.00937	0.00712	0.00637	0.00937	0.01087	0.00525	0.01425	0.00825	0.02174	0.00675	0.00787	0.00525	0.00450	0.00300	0.00150	0.00375	0.00262	0.00300	0.00525
62	0.01205	0.01041	0.01096	0.00986	0.01260	0.01205	0.00767	0.02575	0.79071	0.02027	0.01972	0.01808	0.01479	0.00657	0.00493	0.00164	0.00384	0.00548	0.00493	0.00767
63	0.00612	0.00492	0.00546	0.00532	0.00679	0.00426	0.00399	0.00772	0.01198	0.01531	0.31076	0.04298	0.53445	0.01145	0.00572	0.00160	0.00240	0.00972	0.00479	0.00426
64	0.00651	0.00493	0.00594	0.00569	0.00695	0.00443	0.00423	0.00838	0.01262	0.01706	0.53265	0.03928	0.27936	0.04290	0.00646	0.00168	0.00243	0.00915	0.00498	0.00436
65	0.00986	0.00934	0.01581	0.62182	0.22407	0.01095	0.01381	0.01300	0.01002	0.01324	0.00874	0.01269	0.00676	0.00471	0.00483	0.00157	0.00628	0.00431	0.00221	0.00595
66	0.01719	0.07544	0.01426	0.01193	0.01459	0.66748	0.00913	0.03306	0.08789	0.01296	0.00868	0.00962	0.00709	0.00510	0.00435	0.00128	0.00797	0.00333	0.00274	0.00590
67	0.02884	0.01230	0.09213	0.03097	0.15231	0.04545	0.09873	0.09907	0.03639	0.16222	0.01262	0.01345	0.03281	0.00502	0.00467	0.00136	0.00539	0.00439	0.00353	0.15835
68	0.02921	0.01378	0.10210	0.09179	0.11400	0.08938	0.32322	0.04525	0.03251	0.01562	0.02622	0.05806	0.00979	0.00538	0.00521	0.00158	0.00687	0.02088	0.00276	0.00639
69	0.86392	0.00937	0.00712	0.00637	0.00937	0.01087	0.00525	0.01425	0.00825	0.02174	0.00675	0.00787	0.00525	0.00450	0.00300	0.00150	0.00375	0.00262	0.00300	0.00525
70	0.01004	0.00993	0.05986	0.07054	0.28651	0.00923	0.10019	0.01368	0.07981	0.02895	0.06505	0.18248	0.02730	0.00731	0.00523	0.00161	0.00500	0.00687	0.02411	0.00627
71	0.00609	0.00492	0.00541	0.00529	0.00677	0.00424	0.00396	0.00765	0.01189	0.01510	0.28639	0.04332	0.55894	0.01152	0.00572	0.00160	0.00240	0.00976	0.00476	0.00424
72	0.00670	0.00495	0.00625	0.00593	0.00714	0.00450	0.00444	0.00883	0.01333	0.01852	0.68931	0.03770	0.15389	0.01025	0.00572	0.00154	0.00231	0.00897	0.00521	0.00450
73	0.79457	0.00928	0.00746	0.00656	0.00962	0.01056	0.00540	0.01502	0.00871	0.08606	0.00777	0.00858	0.00580	0.00462	0.00315	0.00150	0.00378	0.00281	0.00325	0.00550
74	0.01296	0.83261	0.02539	0.00829	0.01244	0.01917	0.00829	0.01451	0.00985	0.01140	0.00674	0.00777	0.00622	0.00415	0.00311	0.00104	0.00518	0.00259	0.00207	0.00622
75	0.00590	0.00422	0.00562	0.00675	0.00703	0.00394	0.00450	0.00675	0.00928	0.01237	0.02671	0.82653	0.03205	0.01518	0.00619	0.00197	0.00281	0.01378	0.00450	0.00394
76	0.20332	0.26410	0.04060	0.01020	0.05862	0.06766	0.00844	0.17587	0.01296	0.10323	0.00934	0.00992	0.00713	0.00485	0.00387	0.00133	0.00512	0.00338	0.00332	0.00672
77	0.01212	0.05471	0.06944	0.12012	0.12696	0.02431	0.21453	0.08694	0.07238	0.05378	0.04843	0.01426	0.02187	0.00536	0.00565	0.00156	0.05285	0.00495	0.00309	0.00668
78	0.01340	0.13274	0.36551	0.01059	0.01560	0.01038	0.01179	0.01695	0.01166	0.24811	0.10387	0.01478	0.01252	0.00557	0.00460	0.00145	0.00541	0.00443	0.00360	0.00705
79	0.41942	0.21919	0.01351	0.00853	0.01167	0.23173	0.00714	0.01571	0.01015	0.01645	0.00695	0.00808	0.00576	0.00455	0.00340	0.00131	0.00547	0.00275	0.00263	0.00559
80	0.00804	0.00600	0.00747	0.00793	0.00911	0.00607	0.00620	0.06654	0.08114	0.01541	0.05028	0.34314	0.08934	0.01271	0.00610	0.00195	0.00361	0.26958	0.00458	0.00480
81	0.00781	0.00558	0.00781	0.00892	0.01004	0.00558	0.00781	0.01004	0.01116	0.01450	0.02566	0.05466	0.02789	0.01339	0.00669	0.00223	0.00446	0.76685	0.00446	0.00446
82	0.00705	0.00470	0.00529	0.00529	0.00529	0.00470	0.00294	0.00705	0.00705	0.00940	0.01527	0.03171	0.01762	0.82969	0.02467	0.00470	0.00470	0.00705	0.00294	0.00294
83	0.00668	0.00495	0.00622	0.00590	0.00713	0.00449	0.00443	0.00879	0.01329	0.01841	0.67614	0.03788	0.16713	0.01029	0.00572	0.00154	0.00231	0.00900	0.00520	0.00449
84	0.02174	0.00825	0.01125	0.00862	0.01237	0.00712	0.00712	0.02362	0.01387	0.80282	0.01912	0.01649	0.01200	0.00600	0.00487	0.00150	0.00412	0.00487	0.00600	0.00825
85	0.02162	0.00845	0.01137	0.00872	0.01247	0.00742	0.00720	0.05212	0.01420	0.77384	0.01884	0.01631	0.01185	0.00599	0.00487	0.00150	0.00417	0.00485	0.00595	0.00825
86	0.00915	0.00861	0.01453	0.81804	0.03338	0.01077	0.01346	0.01238	0.00969	0.01238	0.00861	0.01292	0.00646	0.00484	0.00484	0.00161	0.00646	0.00431	0.00215	0.00538
87	0.86392	0.00937	0.00712	0.00637	0.00937	0.01087	0.00525	0.01425	0.00825	0.02174	0.00675	0.00787	0.00525	0.00450	0.00300	0.00150	0.00375	0.00262	0.00300	0.00525
88	0.86392	0.00937	0.00712	0.00637	0.00937	0.01087	0.00525	0.01425	0.00825	0.02174	0.00675	0.00787	0.00525	0.00450	0.00300	0.00150	0.00375	0.00262	0.00300	0.00525
89	0.02018	0.00790	0.01075	0.00836	0.01183	0.00686	0.00686	0.02210	0.01385	0.72072	0.10063	0.01856	0.01553	0.00641	0.00496	0.00150	0.00393	0.00528	0.00593	0.00786
90	0.86392	0.00937	0.00712	0.00637	0.00937	0.01087	0.00525	0.01425	0.00825	0.02174	0.00675	0.00787	0.00525	0.00450	0.00300	0.00150	0.00375	0.00262	0.00300	0.00525
91	0.86392	0.00937	0.00712	0.00637	0.00937	0.01087	0.00525	0.01425	0.00825	0.02174	0.00675	0.00787	0.00525	0.00450	0.00300	0.00150	0.00375	0.00262	0.00300	0.00525
92	0.01184	0.01136	0.01940	0.07121	0.75917	0.01147	0.01480	0.01474	0.01096	0.01565	0.00909	0.01204	0.00761	0.00435	0.00480	0.00145	0.00579	0.00432	0.00239	0.00756
93	0.86392	0.00937	0.00712	0.00637	0.00937	0.01087	0.00525	0.01425	0.00825	0.02174	0.00675	0.00787	0.00525	0.00450	0.00300	0.00150	0.00375	0.00262	0.00300	0.00525
94	0.01810	0.02310	0.01373	0.01248	0.01498	0.81024	0.00936	0.01935	0.01373	0.01186	0.00749	0.00874	0.00624	0.00499	0.00437	0.00125	0.00874	0.00312	0.00250	0.00562
95	0.01036	0.00974	0.01587	0.39260	0.10779	0.01182	0.07242	0.01326	0.03028	0.03376	0.02985	0.01307	0.00805	0.00591	0.00787	0.00173	0.22277	0.00457	0.00245	0.00581
96	0.00705	0.00470	0.00529	0.00529	0.00529	0.00470	0.00294	0.00705	0.00705	0.00940	0.01527	0.03171	0.01762	0.82969	0.02467	0.00470	0.00470	0.00705	0.00294	0.00294
97	0.00705	0.00470	0.00529	0.00529	0.00529	0.00470	0.00294	0.00705	0.00705	0.00940	0.01527	0.03171	0.01762	0.82969	0.02467	0.00470	0.00470	0.00705	0.00294	0.00294
98	0.01259	0.00920	0.01145	0.01236	0.15420	0.00979	0.00814	0.04356	0.35923	0.12141	0.04879	0.03991	0.04086	0.00652	0.00482	0.00153	0.00396	0.00556	0.09906	0.00707
99	0.01419	0.01147	0.01216	0.01029	0.01342	0.01305	0.00819	0.28002	0.53296	0.02372	0.01701	0.01592	0.01259	0.00632	0.00490	0.00158	0.00434	0.00510	0.00490	0.00786
100	0.01447	0.58869	0.04243	0.00929	0.01324	0.12699	0.00872	0.08610	0.01176	0.04821	0.00789	0.00871	0.00666	0.00451	0.00356	0.00114	0.00569	0.00295	0.00256	0.00644
101	0.00995	0.01018	0.05500	0.08203	0.27543	0.05551	0.04228	0.01330	0.07467	0.01526	0.10595	0.19132	0.03314	0.00774	0.00524	0.00160	0.00490	0.00703	0.00341	0.00606
102	0.01036	0.02196	0.58512	0.01460	0.02086	0.05732	0.15696	0.01528	0.01069	0.01509	0.01042	0.01210	0.03750	0.00483	0.00484	0.00154	0.00725	0.00421	0.00224	0.00684
103	0.01235	0.01275	0.01931	0.01694	0.12465	0.08392	0.31268	0.01968	0.30902	0.01705	0.01329	0.01445	0.01014	0.00515	0.00517	0.00158	0.00624	0.00520	0.00339	0.00704
104	0.01969	0.01077	0.01271	0.00983	0.01358	0.01097	0.00809	0.36590	0.06277	0.40977	0.01578	0.01440	0.01047	0.00595	0.00487	0.00149	0.00465	0.00468	0.00542	0.00821
105	0.01005	0.00861	0.01005	0.00718	0.01148	0.00646	0.00574	0.01220	0.01005	0.01579	0.00861	0.01005	0.00718	0.00359	0.00359	0.00072	0.00359	0.00287	0.00287	0.85932
106	0.01133	0.01397	0.15371	0.06992	0.45774	0.01159	0.18056	0.01495	0.01091	0.01549	0.00916	0.01198	0.00728	0.00435	0.00497	0.00151	0.00655	0.00449	0.00234	0.00721
107	0.00655	0.00494	0.00605	0.00577	0.00705	0.00444	0.00433	0.00855	0.01299	0.01771	0.59355	0.03904	0.25015	0.01055	0.00572	0.00155	0.00233	0.00916	0.00511	0.00444
108	0.01272	0.00623	0.00698	0.00607	0.00804	0.00614	0.00478	0.09169	0.01223	0.18841	0.01610	0.01708	0.01191	0.00574	0.00385	0.00124	0.00297	0.00458	0.58755	0.00570
109	0.00979	0.02459	0.77406	0.01407	0.02115	0.01129	0.04796	0.01535	0.01028	0.01535	0.00874	0.01034	0.00619	0.00458	0.00465	0.00154	0.00720	0.00367	0.00206	0.00714
110	0.00743	0.00589	0.00837	0.00809	0.00870	0.00705	0.00621	0.00881	0.00794	0.01141	0.03718	0.05862	0.02549	0.12775	0.51857	0.00599	0.13357	0.00587	0.00277	0.00429
111	0.86392	0.00937	0.00712	0.00637	0.00937	0.01087	0.00525	0.01425	0.00825	0.02174	0.00675	0.00787	0.00525	0.00450	0.00300	0.00150	0.00375	0.00262	0.00300	0.00525
112	0.04365	0.00889	0.01206	0.00889	0.01298	0.00738	0.07497	0.01701	0.01160	0.32261	0.01275	0.01275	0.00901	0.00460	0.00426	0.00113	0.00421	0.00389	0.00406	0.42330
113	0.01215	0.01331	0.12993	0.08178	0.10637	0.05854	0.05547	0.09683	0.19263	0.03071	0.02404	0.01376	0.00979	0.00523	0.00469	0.00142	0.00542	0.01451	0.00338	0.14002
114	0.86392	0.00937	0.00712	0.00637	0.00937	0.01087	0.00525	0.01425	0.00825	0.02174	0.00675	0.00787	0.00525	0.00450	0.00300	0.00150	0.00375	0.00262	0.00300	0.00525
115	0.00972	0.02507	0.80458	0.01381	0.02097	0.01125	0.01790	0.01535	0.01023	0.01535	0.00870	0.01023	0.00614	0.00460	0.00460	0.00153	0.00716	0.00358	0.00205	0.00716
116	0.01293	0.66751	0.13028	0.00927	0.01373	0.05958	0.00963	0.01502	0.01017	0.02432	0.00724	0.00829	0.00630	0.00428	0.00341	0.00112	0.00562	0.00279	0.00215	0.00635
117	0.00841	0.00602	0.00737	0.00783	0.03512	0.00596	0.00557	0.03775	0.10387	0.04996	0.08409	0.31936	0.14103	0.03941	0.00630	0.00186	0.00327	0.07809	0.05376	0.00496
118	0.03244	0.01113	0.01236	0.00989	0.01339	0.03270	0.00807	0.33284	0.15128	0.25700	0.01547	0.01560	0.01108	0.00615	0.00484	0.00150	0.00468	0.03320	0.00502	0.04136
119	0.00692	0.00519	0.00779	0.00779	0.00865	0.00606	0.00606	0.00865	0.00779	0.01125	0.01298	0.01904	0.01211	0.03634	0.81049	0.00779	0.01298	0.00519	0.00260	0.00433
120	0.00883	0.00724	0.00811	0.02940	0.02167	0.00758	0.00596	0.01493	0.30609	0.02833	0.09566	0.06337	0.28118	0.05267	0.00644	0.00183	0.00338	0.04717	0.00458	0.00559
121	0.00594	0.00427	0.00564	0.00667	0.00702	0.00397	0.00448	0.00685	0.00950	0.01267	0.05764	0.77333	0.05429	0.01489	0.00615	0.00194	0.00278	0.01348	0.00453	0.00397
122	0.00972	0.02507	0.80458	0.01381	0.02097	0.01125	0.01790	0.01535	0.01023	0.01535	0.00870	0.01023	0.00614	0.00460	0.00460	0.00153	0.00716	0.00358	0.00205	0.00716
123	0.00610	0.00441	0.00582	0.00682	0.00728	0.00412	0.00476	0.00715	0.00971	0.01288	0.05809	0.68493	0.07247	0.01466	0.00619	0.00196	0.00292	0.08119	0.00453	0.00402
124	0.00924	0.00879	0.01509	0.78667	0.03306	0.01083	0.04369	0.01251	0.00976	0.01251	0.00866	0.01293	0.00650	0.00482	0.00488	0.00162	0.00653	0.00436	0.00217	0.00543
125	0.01726	0.01277	0.01364	0.01067	0.01428	0.01416	0.00874	0.66338	0.10260	0.02881	0.01270	0.01265	0.00915	0.00589	0.00478	0.00146	0.00501	0.00449	0.04958	0.00799
126	0.00756	0.00550	0.00746	0.00845	0.00963	0.00540	0.00732	0.00967	0.01114	0.01433	0.02844	0.05371	0.11922	0.01325	0.00658	0.00216	0.00422	0.67706	0.00447	0.00442
127	0.02174	0.00825	0.01125	0.00862	0.01237	0.00712	0.00712	0.02362	0.01387	0.80282	0.01912	0.01649	0.01200	0.00600	0.00487	0.00150	0.00412	0.00487	0.00600	0.00825
128	0.01169	0.41800	0.08509	0.01062	0.01326	0.01669	0.01006	0.01337	0.00885	0.01184	0.00674	0.00917	0.00627	0.00602	0.00865	0.00154	0.35076	0.00337	0.00209	0.00591
129	0.00627	0.00489	0.00569	0.00558	0.00690	0.00431	0.00415	0.00798	0.01220	0.01604	0.40090	0.08719	0.39787	0.01133	0.00575	0.00160	0.00240	0.00974	0.00489	0.00431
130	0.86392	0.00937	0.00712	0.00637	0.00937	0.01087	0.00525	0.01425	0.00825	0.02174	0.00675	0.00787	0.00525	0.00450	0.00300	0.00150	0.00375	0.00262	0.00300	0.00525
131	0.00641	0.00451	0.00545	0.00599	0.00629	0.00431	0.00381	0.00695	0.00851	0.01119	0.02378	0.40048	0.09468	0.36564	0.01411	0.00312	0.00362	0.02379	0.00383	0.00353
132	0.00578	0.00488	0.00500	0.00503	0.00659	0.00410	0.00375	0.00703	0.01108	0.01330	0.07627	0.07693	0.73917	0.01230	0.00574	0.00165	0.00246	0.01031	0.00453	0.00410
133	0.86392	0.00937	0.00712	0.00637	0.00937	0.01087	0.00525	0.01425	0.00825	0.02174	0.00675	0.00787	0.00525	0.00450	0.00300	0.00150	0.00375	0.00262	0.00300	0.00525
134	0.00701	0.00530	0.00747	0.00745	0.00799	0.00556	0.03674	0.00800	0.00831	0.01136	0.01825	0.28689	0.02050	0.27362	0.20351	0.00421	0.04206	0.03851	0.00337	0.00390
135	0.01005	0.00861	0.01005	0.00718	0.01148	0.00646	0.00574	0.01220	0.01005	0.01579	0.00861	0.01005	0.00718	0.00359	0.00359	0.00072	0.00359	0.00287	0.00287	0.85932
136	0.01810	0.02310	0.01373	0.01248	0.01498	0.81024	0.00936	0.01935	0.01373	0.01186	0.00749	0.00874	0.00624	0.00499	0.00437	0.00125	0.00874	0.00312	0.00250	0.00562
137	0.02174	0.00825	0.01125	0.00862	0.01237	0.00712	0.00712	0.02362	0.01387	0.80282	0.01912	0.01649	0.01200	0.00600	0.00487	0.00150	0.00412	0.00487	0.00600	0.00825
138	0.86392	0.00937	0.00712	0.00637	0.00937	0.01087	0.00525	0.01425	0.00825	0.02174	0.00675	0.00787	0.00525	0.00450	0.00300	0.00150	0.00375	0.00262	0.00300	0.00525
139	0.01199	0.01151	0.01967	0.02974	0.79946	0.01151	0.01487	0.01487	0.01103	0.01583	0.00912	0.01199	0.00768	0.00432	0.00480	0.00144	0.00576	0.00432	0.00240	0.00768
140	0.01842	0.01357	0.01454	0.01115	0.01503	0.01503	0.00921	0.78330	0.02278	0.03054	0.01163	0.01163	0.00824	0.00582	0.00485	0.00145	0.00533	0.00436	0.00485	0.00824
141	0.01221	0.01049	0.01105	0.00989	0.01266	0.01213	0.00771	0.04420	0.77200	0.02052	0.01953	0.01792	0.01463	0.00656	0.00493	0.00164	0.00387	0.00545	0.00493	0.00768
142	0.00590	0.00422	0.00562	0.00675	0.00703	0.00394	0.00450	0.00675	0.00928	0.01237	0.02671	0.82653	0.03205	0.01518	0.00619	0.00197	0.00281	0.01378	0.00450	0.00394
143	0.00590	0.00424	0.00560	0.00668	0.00701	0.00394	0.00447	0.00676	0.00934	0.01240	0.02755	0.79726	0.06077	0.01507	0.00617	0.00196	0.00280	0.01364	0.00450	0.00394
144	0.01437	0.01708	0.01445	0.33226	0.02256	0.47171	0.03169	0.01648	0.01207	0.01217	0.00800	0.01051	0.00636	0.00491	0.00459	0.00140	0.00782	0.00366	0.00236	0.00555
145	0.02131	0.00816	0.01114	0.00863	0.01230	0.00707	0.00714	0.02320	0.01379	0.77840	0.01932	0.01768	0.01249	0.00623	0.00493	0.00152	0.00413	0.02848	0.00595	0.00813
146	0.00578	0.00471	0.00512	0.00545	0.00669	0.00405	0.00392	0.00689	0.01053	0.01288	0.04253	0.27526	0.57311	0.01313	0.00586	0.00173	0.00256	0.01127	0.00450	0.00405
147	0.01366	0.01121	0.01186	0.01019	0.01321	0.01281	0.00806	0.21730	0.59653	0.02287	0.01768	0.01645	0.01314	0.00638	0.00491	0.00160	0.00421	0.00520	0.00491	0.00781
148	0.00915	0.00861	0.01453	0.81804	0.03338	0.01077	0.01346	0.01238	0.00969	0.01238	0.00861	0.01292	0.00646	0.00484	0.00484	0.00161	0.00646	0.00431	0.00215	0.00538
149	0.02138	0.00833	0.01124	0.00867	0.01238	0.00731	0.00714	0.02370	0.04302	0.77345	0.01914	0.01655	0.01210	0.00602	0.00488	0.00150	0.00411	0.00490	0.00596	0.00823
150	0.01071	0.01020	0.01735	0.38632	0.45293	0.01118	0.01423	0.01375	0.01043	0.01427	0.00889	0.01241	0.00713	0.00456	0.00482	0.00152	0.00608	0.00431	0.00229	0.00664
151	0.01036	0.00880	0.01022	0.00733	0.01162	0.00678	0.00587	0.04114	0.01053	0.01634	0.00873	0.01011	0.00722	0.00367	0.00364	0.00075	0.00365	0.00293	0.00295	0.82738
152	0.01199	0.01151	0.01967	0.02974	0.79946	0.01151	0.01487	0.01487	0.01103	0.01583	0.00912	0.01199	0.00768	0.00432	0.00480	0.00144	0.00576	0.00432	0.00240	0.00768
153	0.00671	0.00495	0.00627	0.00594	0.00715	0.00451	0.00445	0.00885	0.01336	0.01858	0.69657	0.03760	0.14659	0.01022	0.00572	0.00154	0.00231	0.00896	0.00522	0.00451
154	0.02174	0.00825	0.01125	0.00862	0.01237	0.00712	0.00712	0.02362	0.01387	0.80282	0.01912	0.01649	0.01200	0.00600	0.00487	0.00150	0.00412	0.00487	0.00600	0.00825
155	0.01221	0.00902	0.01060	0.00771	0.01191	0.00732	0.00622	0.08423	0.01167	0.11077	0.01014	0.01096	0.00785	0.00408	0.00386	0.00088	0.00381	0.00325	0.00342	0.68007
156	0.00692	0.00519	0.00779	0.00779	0.00865	0.00606	0.00606	0.00865	0.00779	0.01125	0.01298	0.01904	0.01211	0.03634	0.81049	0.00779	0.01298	0.00519	0.00260	0.00433
157	0.01780	0.00837	0.01084	0.00814	0.01207	0.00690	0.00666	0.01977	0.01258	0.53764	0.01558	0.01432	0.01037	0.00519	0.00444	0.00124	0.00394	0.00420	0.00494	0.29500
158	0.00705	0.00470	0.00529	0.00529	0.00529	0.00470	0.00294	0.00705	0.00705	0.00940	0.01527	0.03171	0.01762	0.82969	0.02467	0.00470	0.00470	0.00705	0.00294	0.00294
159	0.01205	0.01041	0.01096	0.00986	0.01260	0.01205	0.00767	0.02575	0.79071	0.02027	0.01972	0.01808	0.01479	0.00657	0.00493	0.00164	0.00384	0.00548	0.00493	0.00767
160	0.01205	0.01041	0.01096	0.00986	0.01260	0.01205	0.00767	0.02575	0.79071	0.02027	0.01972	0.01808	0.01479	0.00657	0.00493	0.00164	0.00384	0.00548	0.00493	0.00767
161	0.00589	0.00426	0.00558	0.00663	0.00700	0.00395	0.00445	0.00676	0.00939	0.01242	0.02815	0.77637	0.08128	0.01500	0.00616	0.00195	0.00279	0.01355	0.00450	0.00395
162	0.01053	0.01035	0.01840	0.39565	0.29871	0.01140	0.12668	0.01368	0.01033	0.01402	0.00888	0.01253	0.00701	0.00469	0.00537	0.00158	0.03703	0.00452	0.00228	0.00635
163	0.01005	0.00861	0.01005	0.00718	0.01148	0.00646	0.00574	0.01220	0.01005	0.01579	0.00861	0.01005	0.00718	0.00359	0.00359	0.00072	0.00359	0.00287	0.00287	0.85932
164	0.01071	0.01096	0.01388	0.01203	0.01265	0.09664	0.03854	0.01203	0.00831	0.01175	0.00789	0.01213	0.00750	0.01334	0.16793	0.00311	0.54880	0.00436	0.00226	0.00519
165	0.00604	0.00446	0.00566	0.00634	0.00699	0.00407	0.00438	0.00720	0.01034	0.01371	0.16405	0.56271	0.15870	0.01379	0.00603	0.00184	0.00266	0.01233	0.00464	0.00407
166	0.86392	0.00937	0.00712	0.00637	0.00937	0.01087	0.00525	0.01425	0.00825	0.02174	0.00675	0.00787	0.00525	0.00450	0.00300	0.00150	0.00375	0.00262	0.00300	0.00525
167	0.00877	0.00690	0.00834	0.00865	0.01031	0.00727	0.00720	0.01422	0.23967	0.01600	0.02712	0.04284	0.12927	0.01124	0.00604	0.00198	0.00400	0.44021	0.00460	0.00535
168	0.00667	0.00495	0.00622	0.00590	0.00713	0.00449	0.00443	0.00879	0.01328	0.01840	0.67511	0.03790	0.16817	0.01029	0.00572	0.00154	0.00231	0.00900	0.00520	0.00449
169	0.01104	0.01208	0.02454	0.01781	0.02204	0.01163	0.59834	0.01452	0.01083	0.01508	0.00983	0.03609	0.00795	0.00478	0.00649	0.00159	0.08687	0.00549	0.00252	0.10046
170	0.00692	0.00519	0.00779	0.00779	0.00865	0.00606	0.00606	0.00865	0.00779	0.01125	0.01298	0.01904	0.01211	0.03634	0.81049	0.00779	0.01298	0.00519	0.00260	0.00433
171	0.01438	0.60895	0.05525	0.00896	0.01316	0.01717	0.00872	0.12386	0.01205	0.08552	0.00863	0.00921	0.00702	0.00457	0.00358	0.00116	0.00519	0.00309	0.00282	0.00673
172	0.01296	0.83261	0.02539	0.00829	0.01244	0.01917	0.00829	0.01451	0.00985	0.01140	0.00674	0.00777	0.00622	0.00415	0.00311	0.00104	0.00518	0.00259	0.00207	0.00622
173	0.00894	0.00792	0.01056	0.00964	0.01018	0.03044	0.00763	0.03041	0.00816	0.01178	0.01084	0.03949	0.01075	0.10637	0.35245	0.00475	0.32726	0.00518	0.00256	0.00469
174	0.00896	0.01371	0.31381	0.00970	0.01337	0.00859	0.01013	0.01452	0.16195	0.01703	0.26255	0.02247	0.03301	0.08107	0.00684	0.00184	0.00468	0.00600	0.00377	0.00601
175	0.01144	0.01307	0.02859	0.02042	0.02533	0.01225	0.78186	0.01552	0.01144	0.01552	0.00980	0.01307	0.00735	0.00408	0.00572	0.00163	0.00817	0.00572	0.00245	0.00654
176	0.00588	0.00458	0.00534	0.00585	0.00682	0.00405	0.00412	0.00698	0.01036	0.01312	0.08209	0.41593	0.39060	0.01351	0.00594	0.00179	0.00261	0.01183	0.00455	0.00405
177	0.01837	0.00941	0.01145	0.00924	0.01268	0.00939	0.00748	0.09213	0.26132	0.48539	0.01864	0.01656	0.01255	0.00616	0.00489	0.00154	0.00414	0.00502	0.00556	0.00806
178	0.00635	0.00493	0.00577	0.00556	0.00693	0.00436	0.00417	0.00816	0.01251	0.01657	0.45925	0.04091	0.38517	0.01098	0.00572	0.00157	0.00236	0.00942	0.00496	0.00436
179	0.02174	0.00825	0.01125	0.00862	0.01237	0.00712	0.00712	0.02362	0.01387	0.80282	0.01912	0.01649	0.01200	0.00600	0.00487	0.00150	0.00412	0.00487	0.00600	0.00825
180	0.01296	0.83261	0.02539	0.00829	0.01244	0.01917	0.00829	0.01451	0.00985	0.01140	0.00674	0.00777	0.00622	0.00415	0.00311	0.00104	0.00518	0.00259	0.00207	0.00622
181	0.00590	0.00422	0.00562	0.00675	0.00703	0.00394	0.00450	0.00675	0.00928	0.01237	0.02671	0.82653	0.03205	0.01518	0.00619	0.00197	0.00281	0.01378	0.00450	0.00394
182	0.01005	0.00861	0.01005	0.00718	0.01148	0.00646	0.00574	0.01220	0.01005	0.01579	0.00861	0.01005	0.00718	0.00359	0.00359	0.00072	0.00359	0.00287	0.00287	0.85932
183	0.86392	0.00937	0.00712	0.00637	0.00937	0.01087	0.00525	0.01425	0.00825	0.02174	0.00675	0.00787	0.00525	0.00450	0.00300	0.00150	0.00375	0.00262	0.00300	0.00525
184	0.00587	0.00434	0.00550	0.00642	0.00694	0.00396	0.00435	0.00678	0.00959	0.01250	0.03071	0.68727	0.16873	0.01466	0.00610	0.00191	0.00275	0.01314	0.00450	0.00396
185	0.00613	0.00492	0.00546	0.00533	0.00679	0.00426	0.00399	0.00772	0.01198	0.01532	0.31192	0.04297	0.53327	0.01144	0.00572	0.00160	0.00240	0.00971	0.00479	0.00426
186	0.01109	0.01291	0.19215	0.04316	0.04026	0.00870	0.00948	0.08479	0.01139	0.03801	0.00921	0.01059	0.00716	0.00417	0.00406	0.00105	0.00477	0.00333	0.00291	0.50082
187	0.38646	0.47127	0.01737	0.00745	0.01109	0.01553	0.00696	0.01439	0.00914	0.01594	0.00674	0.00782	0.00579	0.00430	0.00306	0.00124	0.00455	0.00261	0.00248	0.00579
