[name]
unknown

[dist]
# distance from previous block
# <min> <max>
15	381

[block]
# block no. 0 follows, 51 sequences, length 15
# corresponding to MSA columns:
# 383-397
name=unknown_A
#
# <colnr> <probs for GDERKNQSTAVLIFYWHMCP>
#	G	D	E	R	K	N	Q	S	T	A	V	L	I	F	Y	W	H	M	C	P
0	0.09675	0.00971	0.07324	0.00909	0.01200	0.02458	0.04953	0.10131	0.01178	0.17165	0.01688	0.01916	0.09305	0.07120	0.19042	0.00320	0.00676	0.00531	0.00380	0.03058
1	0.01271	0.01132	0.10103	0.00967	0.01325	0.00998	0.00851	0.07478	0.32995	0.11312	0.05890	0.01850	0.01433	0.00637	0.00486	0.00149	0.00433	0.04846	0.00443	0.15401
2	0.01228	0.00879	0.00988	0.00771	0.01131	0.03031	0.00614	0.03061	0.09662	0.15900	0.01847	0.01818	0.13442	0.00590	0.00442	0.00115	0.00377	0.00480	0.00401	0.43222
3	0.00745	0.00558	0.00771	0.00785	0.00888	0.00539	0.04344	0.00902	0.01034	0.01354	0.08639	0.09999	0.11382	0.21703	0.01109	0.00272	0.00424	0.33724	0.00411	0.00417
4	0.00969	0.00831	0.00960	0.00702	0.01107	0.00628	0.00558	0.01177	0.01031	0.01570	0.01342	0.01442	0.09711	0.00464	0.00389	0.00083	0.00351	0.00376	0.00310	0.75999
5	0.01216	0.01168	0.01995	0.03016	0.79664	0.01168	0.01508	0.01508	0.01119	0.01605	0.00924	0.01216	0.00778	0.00438	0.00487	0.00146	0.00584	0.00438	0.00243	0.00778
6	0.01075	0.01075	0.01505	0.01290	0.01290	0.01505	0.01075	0.01183	0.00753	0.01183	0.00645	0.01075	0.00645	0.00860	0.01613	0.00215	0.81830	0.00430	0.00215	0.00538
7	0.00684	0.00513	0.00576	0.00553	0.00711	0.00443	0.00417	0.00847	0.01221	0.04727	0.29372	0.04257	0.51645	0.01140	0.00577	0.00162	0.00250	0.00966	0.00490	0.00448
8	0.01178	0.00965	0.01350	0.04914	0.01505	0.00817	0.11858	0.05791	0.01143	0.07895	0.00993	0.01139	0.00772	0.00410	0.00419	0.00101	0.00460	0.00365	0.00318	0.57608
9	0.00712	0.00486	0.00582	0.00582	0.00598	0.00502	0.00356	0.00744	0.00728	0.00987	0.01506	0.02981	0.01684	0.68262	0.16828	0.00534	0.00630	0.00680	0.00291	0.00324
10	0.00943	0.00801	0.00931	0.00693	0.01073	0.00612	0.00549	0.01152	0.01060	0.01599	0.07581	0.01653	0.10022	0.00515	0.00406	0.00090	0.00340	0.00424	0.00330	0.69225
11	0.01324	0.24470	0.24011	0.01338	0.01821	0.19226	0.16050	0.03688	0.01164	0.01412	0.00829	0.00994	0.00657	0.00456	0.00442	0.00137	0.00721	0.00369	0.00234	0.00655
12	0.00926	0.00791	0.00978	0.00873	0.00995	0.00920	0.00677	0.01346	0.18403	0.01582	0.22308	0.02401	0.05483	0.11975	0.02777	0.00227	0.21840	0.00641	0.00392	0.04465
13	0.01503	0.04148	0.18379	0.01062	0.01474	0.01086	0.01019	0.11564	0.08723	0.24678	0.01301	0.01311	0.00923	0.00574	0.00594	0.00150	0.09783	0.00426	0.00400	0.10901
14	0.09781	0.01434	0.01505	0.01279	0.03155	0.22411	0.12986	0.07701	0.18096	0.01695	0.01109	0.01255	0.00879	0.00722	0.04533	0.00188	0.09865	0.00440	0.00326	0.00641

[dist]
# distance from previous block
# <min> <max>
0	4

[block]
# block no. 1 follows, 51 sequences, length 41
# corresponding to MSA columns:
# 402-442
name=unknown_B
#
# <colnr> <probs for GDERKNQSTAVLIFYWHMCP>
#	G	D	E	R	K	N	Q	S	T	A	V	L	I	F	Y	W	H	M	C	P
0	0.01521	0.01326	0.05297	0.01206	0.04491	0.06142	0.05561	0.33757	0.24278	0.04910	0.01401	0.01472	0.01058	0.04598	0.00593	0.00169	0.00538	0.00487	0.00436	0.00758
1	0.01774	0.01409	0.01418	0.01106	0.01486	0.08399	0.00902	0.62403	0.05034	0.02773	0.01150	0.01166	0.00835	0.00568	0.00478	0.00140	0.00551	0.00424	0.00455	0.07531
2	0.00998	0.05664	0.77173	0.01379	0.02093	0.01172	0.01778	0.01553	0.01036	0.01541	0.00874	0.01028	0.00623	0.00465	0.00461	0.00154	0.00718	0.00359	0.00208	0.00723
3	0.00693	0.00446	0.00580	0.00637	0.00676	0.00424	0.00430	0.00708	0.00869	0.01157	0.02305	0.39214	0.10430	0.10374	0.01146	0.21920	0.00342	0.03693	0.03608	0.00347
4	0.00640	0.00471	0.00597	0.00664	0.00738	0.00437	0.00479	0.00768	0.01050	0.01383	0.14076	0.43861	0.16372	0.05395	0.00712	0.00204	0.00302	0.10977	0.00460	0.00413
5	0.01847	0.02013	0.01421	0.01220	0.01521	0.53730	0.00944	0.27907	0.01706	0.01849	0.00903	0.00986	0.00702	0.00535	0.00460	0.00134	0.00768	0.00359	0.00335	0.00660
6	0.00986	0.02542	0.80183	0.01401	0.02127	0.01141	0.01816	0.01556	0.01038	0.01556	0.00882	0.01038	0.00623	0.00467	0.00467	0.00156	0.00726	0.00363	0.00208	0.00726
7	0.00677	0.00478	0.00602	0.00672	0.00710	0.00464	0.00443	0.03996	0.00952	0.01270	0.02399	0.62256	0.02839	0.18601	0.01016	0.00256	0.00336	0.01213	0.00424	0.00396
8	0.00621	0.00495	0.00549	0.00571	0.00700	0.00435	0.00425	0.00749	0.01089	0.01351	0.09425	0.14085	0.52037	0.07081	0.00733	0.00197	0.00288	0.08307	0.00451	0.00412
9	0.00712	0.00535	0.00683	0.00752	0.00878	0.00505	0.00628	0.00901	0.01135	0.01447	0.07972	0.08787	0.26492	0.01310	0.00640	0.00202	0.00369	0.45154	0.00459	0.00439
10	0.00810	0.00506	0.00552	0.00539	0.00583	0.00512	0.00334	0.03763	0.00855	0.01257	0.01548	0.02787	0.01617	0.58760	0.01877	0.00372	0.00416	0.00639	0.21914	0.00359
11	0.06241	0.00602	0.00733	0.00680	0.00860	0.00564	0.00517	0.01361	0.01118	0.24877	0.05959	0.21917	0.05768	0.05416	0.00610	0.00177	0.00331	0.03668	0.18052	0.00550
12	0.00714	0.00478	0.00545	0.00545	0.00548	0.00481	0.00309	0.00720	0.00717	0.00960	0.01540	0.03170	0.01767	0.79892	0.05311	0.00488	0.00507	0.00708	0.00297	0.00303
13	0.01146	0.00974	0.01035	0.00932	0.01190	0.01103	0.00724	0.04566	0.63804	0.02020	0.08579	0.02201	0.08096	0.00739	0.00513	0.00165	0.00369	0.00619	0.00500	0.00724
14	0.00852	0.00682	0.00784	0.00791	0.00961	0.00703	0.00629	0.03602	0.21642	0.01605	0.03105	0.13704	0.24748	0.01142	0.00591	0.00187	0.00358	0.22911	0.00468	0.00532
15	0.25646	0.00638	0.00597	0.00575	0.00751	0.00657	0.00432	0.01053	0.03635	0.01666	0.07212	0.07384	0.27152	0.09365	0.00670	0.00189	0.00314	0.00703	0.10905	0.00457
16	0.02064	0.00888	0.01155	0.00893	0.01258	0.00814	0.00734	0.12489	0.01527	0.64719	0.06727	0.01732	0.01381	0.00631	0.00499	0.00152	0.00423	0.00512	0.00588	0.00813
17	0.01936	0.00980	0.01184	0.00928	0.01285	0.00971	0.00760	0.23315	0.08499	0.46375	0.01711	0.01561	0.01139	0.00606	0.00484	0.00150	0.00437	0.00483	0.06394	0.00805
18	0.01443	0.00749	0.00908	0.00755	0.01026	0.00690	0.00603	0.10807	0.01382	0.34841	0.07486	0.02893	0.26247	0.04866	0.00630	0.00174	0.00372	0.02963	0.00522	0.00642
19	0.01053	0.00774	0.00922	0.00867	0.01067	0.00818	0.00701	0.08245	0.23894	0.05804	0.24678	0.03347	0.02716	0.00950	0.00572	0.00177	0.00376	0.21933	0.00503	0.00603
20	0.01160	0.01326	0.02900	0.02071	0.02568	0.01243	0.77879	0.01574	0.01160	0.01574	0.00994	0.01326	0.00746	0.00414	0.00580	0.00166	0.00829	0.00580	0.00249	0.00663
21	0.00715	0.00476	0.00536	0.00536	0.00536	0.00476	0.00298	0.00715	0.00715	0.00953	0.01548	0.03216	0.01787	0.82729	0.02501	0.00476	0.00476	0.00715	0.00298	0.00298
22	0.00650	0.00488	0.00562	0.00590	0.00712	0.00427	0.00429	0.00776	0.01095	0.03717	0.10634	0.29457	0.44210	0.01302	0.00595	0.00177	0.00269	0.03014	0.00468	0.00428
23	0.01483	0.01755	0.01445	0.01277	0.01413	0.44045	0.01008	0.01601	0.01096	0.01193	0.00707	0.00974	0.00639	0.00670	0.00985	0.00168	0.38382	0.00369	0.00236	0.00555
24	0.00590	0.00461	0.00536	0.00595	0.00689	0.00407	0.00417	0.00694	0.01027	0.01289	0.03793	0.45294	0.39664	0.01399	0.00605	0.00184	0.00268	0.01225	0.00456	0.00407
25	0.00702	0.00527	0.00790	0.00790	0.00878	0.00614	0.00614	0.00878	0.00790	0.01141	0.01316	0.01931	0.01229	0.03686	0.80782	0.00790	0.01316	0.00527	0.00263	0.00439
26	0.00928	0.00873	0.01474	0.81548	0.03385	0.01092	0.01365	0.01256	0.00983	0.01256	0.00873	0.01310	0.00655	0.00491	0.00491	0.00164	0.00655	0.00437	0.00218	0.00546
27	0.01402	0.01145	0.01212	0.01036	0.01346	0.01306	0.00821	0.23590	0.57504	0.02345	0.01772	0.01652	0.01315	0.00645	0.00498	0.00161	0.00431	0.00524	0.00498	0.00794
28	0.05360	0.01323	0.00970	0.00908	0.01095	0.35267	0.00688	0.01381	0.01315	0.01545	0.28479	0.04276	0.09393	0.00817	0.00514	0.00149	0.00538	0.05087	0.00390	0.00506
29	0.00849	0.00428	0.00637	0.00637	0.00637	0.00428	0.00423	0.00642	0.00642	0.00857	0.00875	0.01546	0.00882	0.04163	0.01938	0.83119	0.00428	0.00436	0.00216	0.00216
30	0.00854	0.00427	0.00640	0.00640	0.00640	0.00427	0.00427	0.00640	0.00640	0.00854	0.00854	0.01494	0.00854	0.01707	0.01921	0.85702	0.00427	0.00427	0.00213	0.00213
31	0.00642	0.00473	0.00630	0.00711	0.00747	0.00468	0.00494	0.00742	0.00967	0.01306	0.08813	0.66121	0.03163	0.04577	0.00746	0.00208	0.04318	0.04021	0.00445	0.00409
32	0.01033	0.01049	0.08802	0.00805	0.01267	0.00727	0.00713	0.02577	0.02344	0.01630	0.00898	0.01037	0.00732	0.00383	0.00378	0.00084	0.00403	0.00305	0.00290	0.74544
33	0.01315	0.06553	0.19252	0.01615	0.04605	0.23010	0.28840	0.01671	0.02510	0.01438	0.00889	0.01107	0.00691	0.00474	0.00539	0.00151	0.04017	0.00431	0.00241	0.00650
34	0.01772	0.01173	0.01307	0.01019	0.01369	0.01258	0.00830	0.54462	0.03741	0.15817	0.06285	0.01547	0.01207	0.05161	0.00609	0.00167	0.00494	0.00497	0.00504	0.00781
35	0.01094	0.01076	0.01293	0.01123	0.01267	0.15158	0.08720	0.01262	0.00944	0.03827	0.01048	0.01511	0.00949	0.04987	0.33013	0.00432	0.21040	0.00477	0.00261	0.00517
36	0.01289	0.01313	0.01072	0.00976	0.01222	0.24488	0.00746	0.02023	0.38195	0.02988	0.05902	0.02115	0.14138	0.00729	0.00500	0.00154	0.00505	0.00579	0.00424	0.00643
37	0.01149	0.01174	0.01411	0.41963	0.10116	0.15755	0.01167	0.01573	0.11934	0.01384	0.01047	0.01340	0.00822	0.00741	0.06217	0.00200	0.00701	0.00438	0.00270	0.00598
38	0.01159	0.01323	0.05652	0.06278	0.06101	0.12466	0.21944	0.01408	0.01016	0.01343	0.00915	0.01347	0.00795	0.00888	0.07904	0.00230	0.25640	0.02762	0.00242	0.00588
39	0.01446	0.00876	0.01056	0.00941	0.01209	0.00909	0.00769	0.09940	0.25378	0.24914	0.02076	0.05722	0.01751	0.00850	0.00548	0.00177	0.00426	0.19791	0.00517	0.00704
40	0.00710	0.00511	0.00680	0.00682	0.00792	0.00481	0.00531	0.00931	0.01310	0.01824	0.58883	0.08821	0.04179	0.01110	0.00603	0.00172	0.00281	0.16525	0.00518	0.00457

[dist]
# distance from previous block
# <min> <max>
0	2

[block]
# block no. 2 follows, 51 sequences, length 31
# corresponding to MSA columns:
# 445-475
name=unknown_C
#
# <colnr> <probs for GDERKNQSTAVLIFYWHMCP>
#	G	D	E	R	K	N	Q	S	T	A	V	L	I	F	Y	W	H	M	C	P
0	0.01836	0.02342	0.01393	0.01266	0.01519	0.80756	0.00950	0.01962	0.01393	0.01203	0.00760	0.00886	0.00633	0.00506	0.00443	0.00127	0.00886	0.00317	0.00253	0.00570
1	0.00656	0.00478	0.00544	0.00558	0.00623	0.00445	0.00363	0.00732	0.00944	0.01224	0.11626	0.16076	0.24602	0.37335	0.01438	0.00307	0.00353	0.00934	0.00396	0.00366
2	0.00867	0.04176	0.20737	0.00998	0.01260	0.00902	0.00972	0.03715	0.00908	0.01315	0.01123	0.01567	0.00992	0.02416	0.48297	0.00535	0.07965	0.00465	0.00251	0.00539
3	0.00670	0.00522	0.00712	0.00773	0.00802	0.00563	0.00551	0.00765	0.00904	0.01236	0.02329	0.65544	0.02751	0.01608	0.06719	0.00246	0.11270	0.01203	0.00410	0.00421
4	0.00588	0.00498	0.00508	0.00505	0.00668	0.00418	0.00379	0.00719	0.01137	0.01367	0.09584	0.04664	0.74834	0.01230	0.00581	0.00165	0.00248	0.01028	0.00462	0.00418
5	0.01272	0.59781	0.20101	0.00994	0.01474	0.06639	0.01069	0.01521	0.01032	0.01250	0.00733	0.00851	0.00629	0.00436	0.00358	0.00118	0.00593	0.00289	0.00212	0.00649
6	0.01016	0.00900	0.04175	0.01018	0.09443	0.00715	0.02443	0.01215	0.03409	0.01470	0.00914	0.01164	0.00778	0.00645	0.00689	0.16540	0.00425	0.00350	0.00274	0.52419
7	0.00987	0.18396	0.01265	0.00848	0.01015	0.04132	0.00691	0.06134	0.00945	0.01253	0.01127	0.01701	0.01080	0.13215	0.37941	0.00485	0.07545	0.00474	0.00267	0.00500
8	0.00599	0.00428	0.00570	0.00684	0.00713	0.00399	0.00456	0.00684	0.00941	0.01254	0.02709	0.82409	0.03250	0.01540	0.00627	0.00200	0.00285	0.01397	0.00456	0.00399
9	0.01083	0.00698	0.00982	0.23862	0.01614	0.00718	0.00774	0.01355	0.04225	0.18379	0.21687	0.05661	0.15323	0.00820	0.00535	0.00161	0.00404	0.00706	0.00444	0.00569
10	0.00789	0.00528	0.00682	0.00684	0.00814	0.00507	0.00522	0.00942	0.01050	0.08481	0.09768	0.18474	0.25179	0.01870	0.21631	0.00338	0.00564	0.06287	0.00427	0.00463
11	0.00660	0.00454	0.00552	0.00606	0.00619	0.00440	0.00372	0.00700	0.00821	0.01095	0.02094	0.40448	0.02475	0.44558	0.01620	0.00346	0.00386	0.01035	0.00372	0.00345
12	0.00584	0.00485	0.00511	0.00532	0.00673	0.00412	0.00388	0.00701	0.01087	0.01314	0.04564	0.18916	0.65545	0.01298	0.00589	0.00172	0.00256	0.01103	0.00456	0.00412
13	0.00771	0.14873	0.00944	0.00651	0.00795	0.00710	0.00503	0.00918	0.01094	0.01449	0.28322	0.18794	0.13231	0.10628	0.03995	0.00219	0.00368	0.00865	0.00416	0.00453
14	0.00837	0.00569	0.00658	0.00625	0.00795	0.00516	0.00471	0.01079	0.06738	0.10351	0.21000	0.12833	0.39460	0.01111	0.00570	0.00166	0.00278	0.00949	0.00496	0.00497
15	0.00684	0.00498	0.00662	0.00763	0.00845	0.00476	0.00598	0.00837	0.01046	0.01360	0.02909	0.39272	0.11392	0.01425	0.00645	0.00208	0.00357	0.35142	0.00455	0.00425
16	0.01536	0.01474	0.01107	0.01019	0.01246	0.40234	0.00783	0.01684	0.01297	0.16060	0.03800	0.10888	0.06585	0.00799	0.00513	0.00154	0.00623	0.09237	0.00386	0.00574
17	0.10457	0.01104	0.01180	0.00964	0.01291	0.01209	0.00779	0.34464	0.22107	0.11008	0.06397	0.01641	0.03926	0.00646	0.00483	0.00155	0.00441	0.00507	0.00489	0.00751
18	0.00928	0.00873	0.01474	0.81548	0.03385	0.01092	0.01365	0.01256	0.00983	0.01256	0.00873	0.01310	0.00655	0.00491	0.00491	0.00164	0.00655	0.00437	0.00218	0.00546
19	0.00928	0.00873	0.01474	0.81548	0.03385	0.01092	0.01365	0.01256	0.00983	0.01256	0.00873	0.01310	0.00655	0.00491	0.00491	0.00164	0.00655	0.00437	0.00218	0.00546
20	0.00640	0.00450	0.00564	0.00630	0.00660	0.00427	0.00407	0.00711	0.00911	0.01218	0.07910	0.50852	0.05279	0.25611	0.01179	0.00278	0.00337	0.01147	0.00415	0.00374
21	0.00629	0.00470	0.00563	0.00597	0.00680	0.00428	0.00413	0.00746	0.01060	0.01391	0.19681	0.32743	0.25482	0.11813	0.00845	0.00216	0.00288	0.01095	0.00454	0.00404
22	0.00703	0.00521	0.00763	0.00763	0.00841	0.00600	0.00581	0.00860	0.00782	0.01121	0.01341	0.02067	0.01288	0.12079	0.72469	0.00757	0.01227	0.00547	0.00267	0.00424
23	0.00931	0.00488	0.00507	0.00506	0.00628	0.00492	0.00390	0.03024	0.01069	0.01837	0.01664	0.02081	0.01361	0.00629	0.00371	0.00123	0.00253	0.05877	0.77302	0.00467
24	0.02350	0.00492	0.00610	0.00647	0.00738	0.00466	0.00464	0.00949	0.01042	0.07073	0.10387	0.41512	0.05711	0.05051	0.00645	0.00188	0.00297	0.05032	0.15896	0.00449
25	0.00789	0.00581	0.00663	0.00671	0.00798	0.00562	0.00487	0.11261	0.01190	0.01570	0.03127	0.41392	0.26480	0.01249	0.00574	0.00176	0.00305	0.01088	0.06572	0.00468
26	0.00706	0.00495	0.00635	0.00694	0.00780	0.00466	0.00503	0.00877	0.03633	0.04119	0.13251	0.49318	0.11990	0.01353	0.00612	0.00190	0.00300	0.09162	0.00474	0.00443
27	0.09236	0.00913	0.01404	0.24927	0.29371	0.00973	0.01116	0.01385	0.01115	0.07828	0.12557	0.01728	0.04246	0.00581	0.00488	0.00154	0.00508	0.00514	0.00322	0.00633
28	0.23149	0.00869	0.01063	0.02475	0.20413	0.02795	0.00775	0.01385	0.02948	0.10437	0.01462	0.12424	0.03720	0.10193	0.00690	0.00194	0.00440	0.00580	0.03405	0.00583
29	0.00708	0.00570	0.00848	0.00791	0.00927	0.00522	0.09317	0.00838	0.01052	0.01366	0.11395	0.27367	0.25799	0.01267	0.00738	0.08902	0.00357	0.06393	0.00417	0.00426
30	0.01112	0.29823	0.15230	0.16219	0.12734	0.01373	0.01168	0.01478	0.06562	0.01373	0.01016	0.01221	0.02526	0.00682	0.05396	0.00178	0.00625	0.00391	0.00245	0.00646

[dist]
# distance from previous block
# <min> <max>
6	14

[block]
# block no. 3 follows, 51 sequences, length 11
# corresponding to MSA columns:
# 490-500
name=unknown_D
#
# <colnr> <probs for GDERKNQSTAVLIFYWHMCP>
#	G	D	E	R	K	N	Q	S	T	A	V	L	I	F	Y	W	H	M	C	P
0	0.03965	0.00935	0.01483	0.17564	0.38916	0.00986	0.01168	0.03436	0.03038	0.01555	0.05394	0.11283	0.01333	0.00697	0.00564	0.03428	0.00520	0.02802	0.00300	0.00633
1	0.18353	0.00706	0.00743	0.00656	0.00879	0.00698	0.00512	0.07231	0.01228	0.12656	0.17955	0.02936	0.27382	0.05249	0.00608	0.00174	0.00331	0.00712	0.00458	0.00534
2	0.00933	0.00558	0.00649	0.00609	0.00768	0.00511	0.00452	0.01129	0.04128	0.13661	0.13889	0.10910	0.27907	0.09737	0.00743	0.00192	0.00303	0.00838	0.11588	0.00493
3	0.01228	0.01151	0.01910	0.10840	0.67089	0.01182	0.01458	0.06243	0.01179	0.01663	0.00935	0.01224	0.00770	0.00453	0.00487	0.00148	0.00588	0.00438	0.00256	0.00758
4	0.00731	0.00547	0.00766	0.00754	0.00827	0.00630	0.00571	0.00877	0.00801	0.01156	0.01467	0.02176	0.04306	0.15099	0.57449	0.00652	0.05791	0.00565	0.04410	0.00423
5	0.17187	0.00840	0.00912	0.00809	0.01049	0.00890	0.00643	0.14878	0.11129	0.09951	0.16470	0.10420	0.05735	0.00837	0.00506	0.00164	0.00375	0.06124	0.00470	0.00609
6	0.00683	0.00482	0.00574	0.00586	0.00624	0.00481	0.00373	0.00735	0.00803	0.01063	0.02085	0.11679	0.12012	0.51262	0.14072	0.00454	0.00555	0.00801	0.00330	0.00346
7	0.15838	0.01139	0.19607	0.00870	0.01174	0.00829	0.00830	0.06154	0.04789	0.04647	0.01929	0.23434	0.09865	0.05977	0.00624	0.00188	0.00441	0.00737	0.00371	0.00558
8	0.25232	0.11589	0.01096	0.00755	0.01046	0.01027	0.00629	0.10503	0.04104	0.14232	0.14726	0.01786	0.06061	0.00644	0.00430	0.00145	0.00384	0.00493	0.04502	0.00615
9	0.00797	0.00543	0.00642	0.00643	0.00731	0.00535	0.00448	0.07868	0.01089	0.01504	0.11814	0.29148	0.09716	0.17029	0.01006	0.04798	0.00337	0.00923	0.10003	0.00426
10	0.00640	0.00483	0.00595	0.00625	0.00729	0.00438	0.00460	0.00796	0.01157	0.01530	0.28773	0.27880	0.25836	0.01263	0.00602	0.00177	0.00270	0.06834	0.00484	0.00429

[dist]
# distance from previous block
# <min> <max>
0	1

[block]
# block no. 4 follows, 51 sequences, length 18
# corresponding to MSA columns:
# 502-519
name=unknown_E
#
# <colnr> <probs for GDERKNQSTAVLIFYWHMCP>
#	G	D	E	R	K	N	Q	S	T	A	V	L	I	F	Y	W	H	M	C	P
0	0.00949	0.00920	0.07771	0.01124	0.01388	0.00765	0.21418	0.04338	0.01144	0.06462	0.10642	0.29837	0.05834	0.04244	0.00655	0.00186	0.00486	0.00895	0.00394	0.00546
1	0.01199	0.00696	0.00856	0.00780	0.00984	0.00672	0.00606	0.08036	0.07591	0.21720	0.10571	0.20528	0.12261	0.03836	0.00629	0.00183	0.00361	0.07397	0.00505	0.00590
2	0.10271	0.00822	0.00916	0.00829	0.01052	0.00854	0.00658	0.23691	0.01419	0.08032	0.02287	0.22493	0.12709	0.01007	0.00543	0.00174	0.00398	0.10798	0.00462	0.00585
3	0.00702	0.00508	0.00623	0.00655	0.00726	0.00475	0.00436	0.03076	0.00935	0.01261	0.02280	0.49465	0.05206	0.23061	0.01100	0.00260	0.00349	0.01083	0.00401	0.07398
4	0.29073	0.00677	0.00693	0.00651	0.00845	0.00701	0.00508	0.02385	0.01121	0.06850	0.25261	0.10699	0.08522	0.00853	0.00476	0.00159	0.00313	0.03816	0.05891	0.00504
5	0.07640	0.00618	0.00719	0.00673	0.00801	0.00643	0.00486	0.04687	0.03675	0.07876	0.04272	0.04689	0.09231	0.29949	0.18863	0.00407	0.00606	0.00648	0.03058	0.00459
6	0.00889	0.00455	0.00468	0.00478	0.00585	0.00453	0.00353	0.01105	0.01023	0.01782	0.01699	0.08824	0.01432	0.00656	0.00368	0.00122	0.00234	0.00540	0.78081	0.00453
7	0.23113	0.00913	0.00874	0.00748	0.01019	0.07315	0.00596	0.07348	0.01247	0.21558	0.08325	0.02034	0.14256	0.00695	0.00450	0.00149	0.00396	0.00537	0.07825	0.00603
8	0.01038	0.00664	0.00816	0.00748	0.00925	0.00660	0.00581	0.07872	0.06489	0.12661	0.17711	0.06015	0.14391	0.07885	0.10179	0.02394	0.00472	0.07505	0.00459	0.00536
9	0.01064	0.01191	0.08774	0.11928	0.27531	0.01070	0.24070	0.01404	0.01100	0.01516	0.01219	0.05598	0.01101	0.00601	0.00543	0.00167	0.00648	0.09547	0.00274	0.00654
10	0.00620	0.00479	0.00572	0.00636	0.00737	0.00431	0.00470	0.00743	0.01047	0.01318	0.03684	0.37087	0.36463	0.01384	0.00615	0.00189	0.00294	0.12364	0.00456	0.00414
11	0.00704	0.00517	0.00740	0.00740	0.00811	0.00587	0.00553	0.00846	0.00775	0.01104	0.01362	0.02181	0.01337	0.19099	0.65517	0.00729	0.01153	0.00563	0.00270	0.00411
12	0.01191	0.01356	0.03714	0.01809	0.08828	0.11580	0.46667	0.01580	0.05420	0.01535	0.02808	0.05643	0.04365	0.00548	0.00550	0.00160	0.00724	0.00595	0.00287	0.00640
13	0.01363	0.01475	0.01928	0.02385	0.47480	0.20901	0.11094	0.01671	0.04139	0.01519	0.00933	0.01172	0.00766	0.00461	0.00488	0.00144	0.00683	0.00430	0.00256	0.00712
14	0.01324	0.01132	0.01653	0.07922	0.01722	0.07108	0.17797	0.04749	0.04892	0.13972	0.01157	0.04743	0.00941	0.00785	0.04000	0.00200	0.24431	0.00517	0.00326	0.00630
15	0.05017	0.01510	0.01327	0.08088	0.01588	0.24303	0.00913	0.29946	0.16296	0.02099	0.01177	0.01269	0.00900	0.02760	0.00525	0.00155	0.00614	0.00427	0.00388	0.00696
16	0.00819	0.00672	0.00810	0.00789	0.00894	0.05927	0.00598	0.04122	0.00927	0.01251	0.04558	0.04147	0.04719	0.10941	0.55813	0.00622	0.01059	0.00585	0.00299	0.00449
17	0.00673	0.00500	0.00632	0.00697	0.00795	0.00468	0.00539	0.00824	0.01080	0.01398	0.10608	0.26410	0.22015	0.05315	0.00720	0.00209	0.00335	0.25905	0.00456	0.00422

[dist]
# distance from previous block
# <min> <max>
0	1

[block]
# block no. 5 follows, 51 sequences, length 18
# corresponding to MSA columns:
# 521-538
name=unknown_F
#
# <colnr> <probs for GDERKNQSTAVLIFYWHMCP>
#	G	D	E	R	K	N	Q	S	T	A	V	L	I	F	Y	W	H	M	C	P
0	0.00602	0.00461	0.00553	0.00609	0.00697	0.00412	0.00427	0.00717	0.01053	0.01355	0.11417	0.45948	0.31229	0.01377	0.00605	0.00183	0.00266	0.01213	0.00465	0.00412
1	0.00676	0.00465	0.00543	0.00574	0.00591	0.00452	0.00345	0.00706	0.00798	0.01055	0.02053	0.24554	0.06546	0.56360	0.01890	0.00385	0.00412	0.00916	0.00349	0.00332
2	0.00691	0.00479	0.00628	0.00653	0.00715	0.00486	0.00459	0.00823	0.00951	0.01349	0.16396	0.25453	0.02551	0.17200	0.21637	0.00389	0.00573	0.00873	0.07288	0.00407
3	0.00598	0.00431	0.00567	0.00677	0.00711	0.00400	0.00453	0.00685	0.00948	0.01257	0.02802	0.79221	0.06378	0.01527	0.00625	0.00198	0.00284	0.01382	0.00456	0.00400
4	0.01197	0.00862	0.00927	0.00785	0.01024	0.00903	0.00620	0.32294	0.03968	0.02214	0.10407	0.06115	0.18743	0.02331	0.00538	0.00156	0.00372	0.00675	0.15259	0.00607
5	0.00702	0.00527	0.00790	0.00790	0.00878	0.00614	0.00614	0.00878	0.00790	0.01141	0.01316	0.01931	0.01229	0.03686	0.80782	0.00790	0.01316	0.00527	0.00263	0.00439
6	0.00985	0.00838	0.00983	0.00724	0.01128	0.00635	0.00572	0.01193	0.01013	0.01573	0.01021	0.07553	0.00930	0.00458	0.00385	0.00083	0.00358	0.00380	0.00304	0.78883
7	0.00664	0.00475	0.00595	0.00627	0.00692	0.00447	0.00434	0.00786	0.01052	0.01422	0.26004	0.29233	0.09820	0.20026	0.01043	0.00248	0.00319	0.05269	0.00445	0.00400
8	0.00658	0.00498	0.00604	0.00589	0.00713	0.00448	0.00439	0.00845	0.01265	0.01705	0.49429	0.07949	0.27393	0.02873	0.00626	0.00169	0.00250	0.02601	0.00504	0.00442
9	0.00702	0.00493	0.00605	0.00616	0.00731	0.00441	0.00447	0.00854	0.01169	0.05206	0.29571	0.29088	0.25808	0.01227	0.00591	0.00172	0.00263	0.01076	0.00492	0.00446
10	0.00702	0.00527	0.00790	0.00790	0.00878	0.00614	0.00614	0.00878	0.00790	0.01141	0.01316	0.01931	0.01229	0.03686	0.80782	0.00790	0.01316	0.00527	0.00263	0.00439
11	0.00643	0.00466	0.00608	0.00671	0.00728	0.00440	0.00457	0.00743	0.00942	0.01277	0.07347	0.57414	0.04744	0.09926	0.07238	0.00266	0.00387	0.01168	0.00423	0.04113
12	0.00673	0.00500	0.00633	0.00694	0.00778	0.00477	0.00508	0.00869	0.04763	0.01447	0.15730	0.42658	0.13004	0.03005	0.00653	0.00196	0.00305	0.12203	0.00469	0.00436
13	0.00792	0.00563	0.00604	0.00570	0.00755	0.00496	0.00431	0.00992	0.05505	0.09420	0.06450	0.04158	0.61582	0.04689	0.00651	0.00178	0.00284	0.00936	0.00470	0.00475
14	0.00715	0.00476	0.00536	0.00536	0.00536	0.00476	0.00298	0.00715	0.00715	0.00953	0.01548	0.03216	0.01787	0.82729	0.02501	0.00476	0.00476	0.00715	0.00298	0.00298
15	0.78944	0.00969	0.00831	0.00849	0.07671	0.01108	0.00616	0.01450	0.00860	0.02154	0.00705	0.00834	0.00553	0.00455	0.00320	0.00152	0.00398	0.00281	0.00299	0.00553
16	0.00708	0.00465	0.00545	0.00572	0.00599	0.00455	0.00357	0.00748	0.00817	0.01119	0.01969	0.20084	0.06038	0.48522	0.01749	0.04353	0.00400	0.02550	0.07610	0.00339
17	0.01360	0.01480	0.02115	0.04648	0.19323	0.19866	0.32418	0.01739	0.06780	0.03911	0.01021	0.01245	0.00792	0.00468	0.00516	0.00152	0.00738	0.00477	0.00276	0.00676

[dist]
# distance from previous block
# <min> <max>
0	1

[block]
# block no. 6 follows, 51 sequences, length 13
# corresponding to MSA columns:
# 540-552
name=unknown_G
#
# <colnr> <probs for GDERKNQSTAVLIFYWHMCP>
#	G	D	E	R	K	N	Q	S	T	A	V	L	I	F	Y	W	H	M	C	P
0	0.00605	0.00466	0.00555	0.00613	0.00706	0.00416	0.00436	0.00721	0.01050	0.01340	0.08712	0.42853	0.34183	0.01378	0.00607	0.00184	0.00273	0.04028	0.00462	0.00412
1	0.01054	0.19404	0.63923	0.01283	0.01946	0.01310	0.01611	0.01539	0.01029	0.01472	0.00840	0.00985	0.00624	0.00457	0.00435	0.00145	0.00684	0.00342	0.00208	0.00706
2	0.01135	0.01019	0.01435	0.01047	0.01461	0.00906	0.14489	0.09163	0.01159	0.01722	0.00911	0.01094	0.00737	0.00429	0.00499	0.00107	0.05870	0.00368	0.00299	0.56151
3	0.00715	0.00476	0.00536	0.00536	0.00536	0.00476	0.00298	0.00715	0.00715	0.00953	0.01548	0.03216	0.01787	0.82729	0.02501	0.00476	0.00476	0.00715	0.00298	0.00298
4	0.00599	0.00428	0.00570	0.00684	0.00713	0.00399	0.00456	0.00684	0.00941	0.01254	0.02709	0.82409	0.03250	0.01540	0.00627	0.00200	0.00285	0.01397	0.00456	0.00399
5	0.00981	0.00928	0.01570	0.66993	0.17522	0.01106	0.01391	0.01302	0.01008	0.01320	0.00883	0.01293	0.00678	0.00481	0.00490	0.00160	0.00642	0.00437	0.00223	0.00589
6	0.01091	0.00894	0.00944	0.00845	0.01073	0.00983	0.00644	0.10605	0.42785	0.01868	0.02467	0.02559	0.17799	0.12281	0.00796	0.00208	0.00389	0.00666	0.00462	0.00641
7	0.01035	0.00976	0.00968	0.16701	0.01440	0.13050	0.00729	0.11831	0.01262	0.01505	0.02654	0.02820	0.33224	0.08837	0.00717	0.00187	0.00490	0.00693	0.00368	0.00512
8	0.00901	0.00782	0.00863	0.00801	0.00878	0.08513	0.00601	0.01037	0.00992	0.01372	0.20375	0.02384	0.02029	0.20048	0.14009	0.00335	0.15648	0.00614	0.07372	0.00445
9	0.01274	0.21998	0.38808	0.01171	0.01700	0.10232	0.01298	0.01745	0.08675	0.07221	0.01006	0.01084	0.00755	0.00490	0.00432	0.00141	0.00639	0.00362	0.00271	0.00698
10	0.01086	0.01042	0.01037	0.01103	0.09855	0.14465	0.00744	0.03970	0.20275	0.01666	0.14725	0.14885	0.11385	0.00873	0.00531	0.00160	0.00442	0.00742	0.00423	0.00590
11	0.01132	0.10745	0.24704	0.06401	0.15565	0.06968	0.06334	0.01470	0.01076	0.01481	0.00948	0.01138	0.02310	0.00453	0.00443	0.00131	0.00611	0.00380	0.00243	0.17466
12	0.38490	0.00886	0.00913	0.08621	0.01272	0.00945	0.00680	0.03835	0.06707	0.01915	0.04457	0.01636	0.01098	0.00585	0.00409	0.00147	0.00411	0.08863	0.00340	0.17787

[dist]
# distance from previous block
# <min> <max>
1	2

[block]
# block no. 7 follows, 51 sequences, length 45
# corresponding to MSA columns:
# 555-599
name=unknown_H
#
# <colnr> <probs for GDERKNQSTAVLIFYWHMCP>
#	G	D	E	R	K	N	Q	S	T	A	V	L	I	F	Y	W	H	M	C	P
0	0.00772	0.00517	0.00693	0.00686	0.00794	0.00559	0.00527	0.00959	0.00877	0.01365	0.01458	0.06475	0.01330	0.02525	0.49611	0.00531	0.00904	0.00546	0.24537	0.04334
1	0.05534	0.00514	0.00526	0.00526	0.00640	0.00474	0.00361	0.00750	0.00963	0.01252	0.03516	0.06910	0.46476	0.28079	0.01200	0.00269	0.00333	0.00900	0.00395	0.00382
2	0.09780	0.02129	0.01302	0.01191	0.01442	0.69552	0.00903	0.01870	0.01328	0.01310	0.00837	0.01090	0.00724	0.00540	0.00441	0.00134	0.00818	0.03781	0.00267	0.00561
3	0.50800	0.24829	0.01415	0.00800	0.01155	0.01329	0.05069	0.01526	0.00942	0.07276	0.00789	0.00886	0.00621	0.00454	0.00336	0.00139	0.00451	0.00299	0.00295	0.00589
4	0.00769	0.00757	0.08962	0.00902	0.01066	0.00601	0.03646	0.00983	0.01043	0.01383	0.02384	0.20881	0.05592	0.08905	0.00810	0.00232	0.00454	0.39763	0.00406	0.00461
5	0.01004	0.00857	0.01003	0.00723	0.01145	0.00646	0.00577	0.01223	0.01036	0.01618	0.04457	0.01140	0.00906	0.00393	0.00374	0.00077	0.00358	0.00318	0.00303	0.81843
6	0.00721	0.00519	0.00678	0.00712	0.00805	0.00498	0.00534	0.03943	0.01208	0.01652	0.33388	0.34819	0.03639	0.01257	0.00611	0.00184	0.00302	0.13590	0.00491	0.00451
7	0.01075	0.01075	0.01505	0.01290	0.01290	0.01505	0.01075	0.01183	0.00753	0.01183	0.00645	0.01075	0.00645	0.00860	0.01613	0.00215	0.81830	0.00430	0.00215	0.00538
8	0.01620	0.01137	0.01210	0.00955	0.01276	0.01246	0.00780	0.57969	0.01977	0.02767	0.01290	0.01350	0.00946	0.00585	0.00453	0.00139	0.00459	0.00447	0.22658	0.00737
9	0.00916	0.00458	0.00458	0.00458	0.00573	0.00458	0.00344	0.01145	0.01031	0.01832	0.01603	0.01832	0.01260	0.00573	0.00344	0.00115	0.00229	0.00458	0.85457	0.00458
10	0.01650	0.01268	0.01352	0.01087	0.01441	0.01422	0.00881	0.52564	0.28126	0.02746	0.01457	0.01401	0.01060	0.00616	0.00494	0.00154	0.00490	0.00481	0.00494	0.00816
11	0.01546	0.01203	0.01242	0.01032	0.01350	0.05814	0.00824	0.32372	0.33201	0.07862	0.06984	0.01636	0.01385	0.00646	0.00499	0.00155	0.00469	0.00516	0.00493	0.00771
12	0.01729	0.02057	0.01515	0.01390	0.06208	0.60741	0.06316	0.09066	0.01437	0.01449	0.00849	0.00991	0.00686	0.00506	0.00457	0.00132	0.00813	0.00358	0.02689	0.00611
13	0.01581	0.00856	0.01077	0.00797	0.01207	0.00687	0.00649	0.01786	0.01203	0.38767	0.01378	0.01329	0.00959	0.00480	0.00426	0.00110	0.00390	0.00387	0.00441	0.45489
14	0.07410	0.09576	0.03222	0.00920	0.01190	0.09900	0.07068	0.06400	0.01307	0.08762	0.25597	0.02434	0.08398	0.00762	0.00506	0.00151	0.00460	0.04948	0.00415	0.00575
15	0.03440	0.09596	0.01542	0.03253	0.01474	0.06484	0.08958	0.23120	0.05887	0.13374	0.04511	0.01518	0.04772	0.00618	0.00568	0.00152	0.06880	0.00486	0.02676	0.00693
16	0.00591	0.00498	0.00513	0.00509	0.00670	0.00419	0.00382	0.00726	0.01145	0.01387	0.11907	0.04631	0.72498	0.01222	0.00581	0.00165	0.00247	0.01023	0.00464	0.00419
17	0.00928	0.00873	0.01474	0.81548	0.03385	0.01092	0.01365	0.01256	0.00983	0.01256	0.00873	0.01310	0.00655	0.00491	0.00491	0.00164	0.00655	0.00437	0.00218	0.00546
18	0.01350	0.30006	0.11734	0.01064	0.01467	0.01349	0.08841	0.03318	0.12296	0.14092	0.03281	0.01364	0.01022	0.04075	0.00555	0.00155	0.02579	0.00431	0.00338	0.00683
19	0.00986	0.02542	0.80183	0.01401	0.02127	0.01141	0.01816	0.01556	0.01038	0.01556	0.00882	0.01038	0.00623	0.00467	0.00467	0.00156	0.00726	0.00363	0.00208	0.00726
20	0.00621	0.00499	0.00554	0.00540	0.00689	0.00432	0.00405	0.00784	0.01216	0.01554	0.31236	0.04356	0.53065	0.01160	0.00580	0.00162	0.00243	0.00985	0.00486	0.00432
21	0.01099	0.38293	0.36371	0.01070	0.01588	0.01431	0.01233	0.01443	0.01026	0.01377	0.05323	0.01128	0.00891	0.00661	0.05010	0.00169	0.00642	0.00358	0.00231	0.00652
22	0.01204	0.00763	0.00908	0.00814	0.01038	0.00779	0.00628	0.01812	0.28639	0.19468	0.21705	0.12609	0.05790	0.00874	0.00538	0.00164	0.00337	0.00753	0.00527	0.00648
23	0.00599	0.00428	0.00570	0.00684	0.00713	0.00399	0.00456	0.00684	0.00941	0.01254	0.02709	0.82409	0.03250	0.01540	0.00627	0.00200	0.00285	0.01397	0.00456	0.00399
24	0.01028	0.00976	0.01655	0.54236	0.29913	0.01118	0.01415	0.01343	0.01030	0.01377	0.00891	0.01278	0.00698	0.00473	0.00490	0.00158	0.00630	0.00437	0.00227	0.00627
25	0.06417	0.01446	0.03286	0.01130	0.01362	0.24255	0.00918	0.05740	0.12902	0.14159	0.01126	0.01219	0.00865	0.00641	0.00766	0.00163	0.22187	0.00416	0.00351	0.00651
26	0.01314	0.83025	0.02575	0.00841	0.01261	0.01945	0.00841	0.01472	0.00999	0.01156	0.00683	0.00788	0.00631	0.00420	0.00315	0.00105	0.00526	0.00263	0.00210	0.00631
27	0.00709	0.00476	0.00548	0.00552	0.00557	0.00479	0.00317	0.00720	0.00727	0.00973	0.01586	0.06375	0.01824	0.76263	0.05568	0.00478	0.00502	0.00735	0.00303	0.00308
28	0.01769	0.02231	0.01342	0.01223	0.01461	0.75987	0.00911	0.01888	0.01352	0.01188	0.00806	0.01025	0.00702	0.05391	0.00565	0.00147	0.00862	0.00340	0.00256	0.00554
29	0.01394	0.01451	0.01338	0.05034	0.20681	0.30962	0.00968	0.06006	0.04824	0.02971	0.01439	0.01564	0.09036	0.00587	0.00466	0.00139	0.00613	0.00464	0.09443	0.00622
30	0.00928	0.00873	0.01474	0.81548	0.03385	0.01092	0.01365	0.01256	0.00983	0.01256	0.00873	0.01310	0.00655	0.00491	0.00491	0.00164	0.00655	0.00437	0.00218	0.00546
31	0.00745	0.00470	0.00523	0.00531	0.00555	0.00468	0.00318	0.00795	0.00791	0.01142	0.01640	0.08460	0.01788	0.61366	0.01958	0.00388	0.00416	0.00713	0.16598	0.00335
32	0.01199	0.01150	0.01964	0.07682	0.75132	0.01163	0.01500	0.01493	0.01111	0.01585	0.00921	0.01222	0.00771	0.00441	0.00487	0.00147	0.00588	0.00438	0.00242	0.00765
33	0.01160	0.01326	0.02900	0.02071	0.02568	0.01243	0.77879	0.01574	0.01160	0.01574	0.00994	0.01326	0.00746	0.00414	0.00580	0.00166	0.00829	0.00580	0.00249	0.00663
34	0.00692	0.00493	0.00601	0.00610	0.00727	0.00440	0.00443	0.00846	0.01175	0.04723	0.30441	0.26819	0.27743	0.01220	0.00590	0.00171	0.00260	0.01067	0.00492	0.00445
35	0.00604	0.00493	0.00526	0.00527	0.00670	0.00424	0.00387	0.00735	0.01127	0.01393	0.14827	0.09062	0.61074	0.05138	0.00675	0.00181	0.00260	0.01023	0.00460	0.00415
36	0.00715	0.00476	0.00536	0.00536	0.00536	0.00476	0.00298	0.00715	0.00715	0.00953	0.01548	0.03216	0.01787	0.82729	0.02501	0.00476	0.00476	0.00715	0.00298	0.00298
37	0.01222	0.01056	0.01111	0.01000	0.01278	0.01222	0.00778	0.02611	0.78776	0.02056	0.02000	0.01833	0.01500	0.00667	0.00500	0.00167	0.00389	0.00556	0.00500	0.00778
38	0.01780	0.01292	0.01381	0.01069	0.01436	0.01426	0.00880	0.70925	0.02192	0.02980	0.01219	0.01240	0.00875	0.00588	0.00478	0.00144	0.00512	0.00444	0.08338	0.00801
39	0.00740	0.00502	0.00680	0.00745	0.00832	0.00477	0.00572	0.00906	0.01119	0.04428	0.19939	0.37842	0.03356	0.01328	0.00627	0.00196	0.00330	0.24453	0.00480	0.00447
40	0.00638	0.00465	0.00621	0.00681	0.00737	0.00434	0.02499	0.00737	0.00958	0.01284	0.04930	0.60979	0.09552	0.08924	0.00783	0.00217	0.00311	0.01232	0.03617	0.00402
41	0.01836	0.02342	0.01393	0.01266	0.01519	0.80756	0.00950	0.01962	0.01393	0.01203	0.00760	0.00886	0.00633	0.00506	0.00443	0.00127	0.00886	0.00317	0.00253	0.00570
42	0.02094	0.00869	0.01144	0.00888	0.01256	0.00786	0.00730	0.06700	0.05282	0.69532	0.04093	0.01709	0.01306	0.00621	0.00497	0.00153	0.00418	0.00505	0.00594	0.00823
43	0.00702	0.00527	0.00790	0.00790	0.00878	0.00614	0.00614	0.00878	0.00790	0.01141	0.01316	0.01931	0.01229	0.03686	0.80782	0.00790	0.01316	0.00527	0.00263	0.00439
44	0.00693	0.00514	0.00754	0.00765	0.00842	0.00586	0.00580	0.00850	0.00799	0.01140	0.01459	0.09441	0.01449	0.08279	0.68634	0.00716	0.01170	0.00618	0.00283	0.00427

[dist]
# distance from previous block
# <min> <max>
0	1

[block]
# block no. 8 follows, 51 sequences, length 10
# corresponding to MSA columns:
# 601-610
name=unknown_I
#
# <colnr> <probs for GDERKNQSTAVLIFYWHMCP>
#	G	D	E	R	K	N	Q	S	T	A	V	L	I	F	Y	W	H	M	C	P
0	0.51371	0.00922	0.00866	0.00738	0.01039	0.01008	0.00601	0.08495	0.04341	0.14840	0.10308	0.01357	0.01196	0.00566	0.00392	0.00153	0.00384	0.00405	0.00406	0.00611
1	0.00668	0.00465	0.00567	0.00604	0.00631	0.00455	0.00381	0.00725	0.00849	0.01136	0.06307	0.30256	0.05429	0.42989	0.06051	0.00370	0.00436	0.00959	0.00369	0.00354
2	0.00653	0.00491	0.00607	0.00616	0.00728	0.00445	0.00457	0.00829	0.01222	0.01642	0.41431	0.18880	0.23614	0.01187	0.00594	0.00170	0.00259	0.05240	0.00498	0.00438
3	0.01019	0.00873	0.01019	0.00728	0.01165	0.00655	0.00582	0.01237	0.01019	0.01601	0.00873	0.01019	0.00728	0.00364	0.00364	0.00073	0.00364	0.00291	0.00291	0.85734
4	0.00910	0.00455	0.00474	0.00474	0.00579	0.00455	0.00351	0.01100	0.00995	0.01744	0.01535	0.01802	0.01223	0.00675	0.00486	0.07837	0.00247	0.00455	0.77766	0.00436
5	0.00832	0.00494	0.00613	0.00619	0.00714	0.00486	0.00451	0.00995	0.01026	0.05900	0.14233	0.19468	0.02323	0.10770	0.10801	0.00271	0.00424	0.03165	0.25966	0.00446
6	0.00658	0.00453	0.00553	0.00608	0.00622	0.00439	0.00375	0.00700	0.00824	0.01099	0.02111	0.41585	0.02496	0.43393	0.01593	0.00342	0.00384	0.01045	0.00375	0.00347
7	0.01926	0.00839	0.01097	0.00863	0.01202	0.00767	0.00704	0.08139	0.04406	0.59859	0.12947	0.01925	0.01686	0.00666	0.00506	0.00153	0.00400	0.00549	0.00585	0.00781
8	0.01245	0.01115	0.01139	0.00975	0.01207	0.14827	0.04555	0.15130	0.06271	0.04840	0.14917	0.08988	0.07223	0.03495	0.00648	0.00166	0.05029	0.02749	0.00412	0.05069
9	0.01660	0.01296	0.01577	0.01735	0.27803	0.08121	0.01091	0.31063	0.05641	0.13280	0.01207	0.01270	0.00887	0.00538	0.00487	0.00147	0.00560	0.00443	0.00404	0.00791

[dist]
# distance from previous block
# <min> <max>
0	1

[block]
# block no. 9 follows, 51 sequences, length 52
# corresponding to MSA columns:
# 612-663
name=unknown_J
#
# <colnr> <probs for GDERKNQSTAVLIFYWHMCP>
#	G	D	E	R	K	N	Q	S	T	A	V	L	I	F	Y	W	H	M	C	P
0	0.00646	0.00474	0.00610	0.00663	0.00744	0.00438	0.00482	0.00796	0.01122	0.01506	0.26577	0.40359	0.13401	0.01319	0.00612	0.00184	0.00281	0.08877	0.00482	0.00426
1	0.00925	0.00892	0.01409	0.01176	0.01362	0.05895	0.19636	0.01142	0.00912	0.01248	0.01142	0.01679	0.01034	0.05533	0.44745	0.00523	0.09462	0.00524	0.00255	0.00507
2	0.00703	0.00524	0.00778	0.00778	0.00861	0.00608	0.00599	0.00870	0.00786	0.01132	0.01327	0.01992	0.01255	0.07473	0.77031	0.00775	0.01276	0.00536	0.00265	0.00432
3	0.01760	0.14466	0.01579	0.01190	0.01481	0.61885	0.00932	0.08556	0.01413	0.01362	0.00785	0.00897	0.00650	0.00501	0.00428	0.00125	0.00801	0.00319	0.00268	0.00602
4	0.00975	0.00939	0.00961	0.01053	0.10845	0.15376	0.00691	0.01219	0.04181	0.01682	0.40658	0.09996	0.07695	0.00892	0.00544	0.00154	0.00409	0.00769	0.00436	0.00526
5	0.00711	0.00492	0.00613	0.00648	0.00695	0.00484	0.00444	0.01974	0.00900	0.01193	0.05040	0.23088	0.07633	0.33430	0.05756	0.05568	0.00444	0.10148	0.00372	0.00367
6	0.00874	0.00548	0.00867	0.22603	0.01385	0.00607	0.00681	0.00807	0.00733	0.00963	0.00859	0.01444	0.00800	0.01377	0.01533	0.62482	0.00489	0.00429	0.00215	0.00304
7	0.01667	0.00818	0.01021	0.00842	0.01143	0.00791	0.00675	0.02158	0.20270	0.44841	0.13202	0.02012	0.01786	0.00678	0.00499	0.00154	0.00372	0.00564	0.05762	0.00745
8	0.01450	0.00888	0.01059	0.00915	0.01193	0.00933	0.00736	0.09465	0.28314	0.25419	0.02015	0.02162	0.05466	0.01105	0.10668	0.00244	0.00527	0.06230	0.00496	0.00715
9	0.01141	0.01295	0.02799	0.02008	0.02485	0.01223	0.74021	0.01540	0.01151	0.01559	0.01109	0.01425	0.03151	0.00448	0.00600	0.00167	0.02380	0.00591	0.00254	0.00653
10	0.01171	0.01235	0.01491	0.01287	0.01319	0.11528	0.01059	0.01281	0.00834	0.01185	0.00660	0.01051	0.00644	0.00815	0.01465	0.00204	0.71594	0.00416	0.00220	0.00542
11	0.00901	0.00509	0.00620	0.00639	0.00761	0.00472	0.00475	0.01056	0.01065	0.11398	0.02621	0.33203	0.13111	0.01103	0.00531	0.00168	0.00295	0.07047	0.23549	0.00477
12	0.10701	0.00616	0.00686	0.00639	0.00813	0.00587	0.00474	0.01167	0.03953	0.14722	0.10708	0.13328	0.25294	0.13170	0.00823	0.00211	0.00334	0.00823	0.00451	0.00498
13	0.07966	0.00521	0.00564	0.00567	0.00665	0.00523	0.00396	0.00866	0.00903	0.01346	0.02365	0.09239	0.20161	0.25852	0.11239	0.00331	0.00463	0.00740	0.14893	0.00399
14	0.00806	0.00618	0.00729	0.00675	0.00832	0.00609	0.00514	0.05245	0.11018	0.01894	0.49079	0.03518	0.17237	0.02949	0.00613	0.00167	0.00281	0.02194	0.00511	0.00510
15	0.00805	0.00460	0.00549	0.00547	0.00584	0.00458	0.00353	0.00823	0.00817	0.01220	0.05572	0.02410	0.01550	0.34607	0.01659	0.22892	0.00383	0.00578	0.23405	0.00328
16	0.00609	0.00463	0.00556	0.00607	0.00694	0.00416	0.00424	0.00725	0.01056	0.01368	0.13890	0.42877	0.29282	0.03849	0.00662	0.00190	0.00271	0.01185	0.00463	0.00410
17	0.53191	0.01117	0.01017	0.00836	0.01175	0.01267	0.00689	0.31420	0.01413	0.02554	0.00878	0.00948	0.00651	0.00509	0.00378	0.00150	0.00443	0.00335	0.00378	0.00651
18	0.33114	0.00748	0.00780	0.00684	0.00934	0.00766	0.00544	0.01525	0.01103	0.23160	0.12363	0.08724	0.01624	0.00684	0.00428	0.00152	0.00342	0.00539	0.11202	0.00584
19	0.00684	0.00464	0.00545	0.00575	0.00582	0.00456	0.00339	0.00707	0.00774	0.01032	0.01851	0.23867	0.02168	0.61557	0.02013	0.00404	0.00427	0.00893	0.00339	0.00324
20	0.01396	0.01151	0.01263	0.01067	0.01383	0.01305	0.03095	0.23052	0.55730	0.02324	0.01748	0.01641	0.01298	0.00638	0.00500	0.00161	0.00443	0.00526	0.00490	0.00790
21	0.00795	0.00535	0.00735	0.00831	0.00931	0.00523	0.00685	0.00982	0.01087	0.04328	0.02577	0.26156	0.02837	0.01356	0.00648	0.00213	0.00399	0.50963	0.02967	0.00452
22	0.01326	0.00712	0.00783	0.00667	0.00884	0.00725	0.00529	0.17470	0.01360	0.14875	0.01569	0.01669	0.01164	0.00582	0.00399	0.00128	0.00325	0.00461	0.53772	0.00599
23	0.01369	0.00706	0.00874	0.00744	0.00985	0.00663	0.00580	0.01707	0.11586	0.33203	0.19229	0.02640	0.11884	0.07059	0.00671	0.00179	0.00348	0.00672	0.04262	0.00636
24	0.04620	0.00757	0.00911	0.00802	0.01035	0.00765	0.00634	0.01775	0.22308	0.21476	0.31827	0.02661	0.02672	0.00811	0.00531	0.00161	0.00339	0.04739	0.00533	0.00644
25	0.00726	0.00528	0.00724	0.00694	0.00747	0.00559	0.03293	0.00811	0.00761	0.01050	0.01436	0.02636	0.01527	0.48311	0.33500	0.00589	0.00823	0.00635	0.00282	0.00367
26	0.11944	0.00742	0.00799	0.00752	0.00928	0.00736	0.01760	0.07355	0.01210	0.06758	0.01858	0.20477	0.01718	0.00884	0.00498	0.00174	0.00365	0.00703	0.39747	0.00593
27	0.00706	0.00488	0.00607	0.00612	0.00637	0.00510	0.00391	0.00757	0.00746	0.01018	0.01541	0.06661	0.01705	0.57383	0.23661	0.00548	0.00695	0.00696	0.00296	0.00341
