[name]
unknown

[dist]
# distance from previous block
# <min> <max>
1	1002

[block]
# block no. 0 follows, 49 sequences, length 16
# corresponding to MSA columns:
# 1039-1054
name=unknown_A
#
# <colnr> <probs for GDERKNQSTAVLIFYWHMCP>
#	G	D	E	R	K	N	Q	S	T	A	V	L	I	F	Y	W	H	M	C	P
0	0.44825	0.01060	0.00988	0.00826	0.01168	0.01167	0.00670	0.14444	0.15100	0.02311	0.01061	0.01111	0.00808	0.00519	0.00390	0.00147	0.00418	0.00362	0.00380	0.12246
1	0.00940	0.01055	0.11987	0.01118	0.01388	0.00898	0.14594	0.01393	0.13913	0.01430	0.01402	0.02011	0.01257	0.18765	0.25133	0.00431	0.00838	0.00575	0.00309	0.00562
2	0.00710	0.00609	0.00977	0.00910	0.01046	0.00560	0.13370	0.00862	0.01039	0.01360	0.02912	0.54439	0.16549	0.01335	0.00629	0.00193	0.00381	0.01229	0.00433	0.00459
3	0.01310	0.12773	0.15715	0.01482	0.14565	0.18782	0.01159	0.01768	0.13979	0.01516	0.01179	0.07227	0.01025	0.00616	0.00535	0.00153	0.04759	0.00478	0.00300	0.00681
4	0.00921	0.00863	0.01397	0.01401	0.15278	0.00878	0.13651	0.01160	0.01190	0.01636	0.24887	0.02787	0.18991	0.00860	0.00725	0.00170	0.11504	0.00746	0.00386	0.00570
5	0.01311	0.01178	0.01808	0.04139	0.22080	0.01210	0.13905	0.15164	0.01309	0.03270	0.00978	0.01214	0.00781	0.00524	0.00651	0.00149	0.11631	0.00445	0.00310	0.17944
6	0.01223	0.00968	0.01165	0.01206	0.11812	0.01020	0.00827	0.26373	0.11269	0.02095	0.02312	0.16750	0.14631	0.00931	0.00558	0.00172	0.00439	0.05123	0.00457	0.00667
7	0.00989	0.01012	0.02018	0.15955	0.02235	0.01016	0.40146	0.01308	0.01071	0.01444	0.01343	0.14996	0.01252	0.01096	0.11484	0.00264	0.00795	0.00704	0.00288	0.00583
8	0.01401	0.01343	0.01118	0.01002	0.01213	0.24574	0.00746	0.19479	0.10395	0.01764	0.01517	0.15155	0.01472	0.15494	0.00889	0.00218	0.00588	0.00646	0.00392	0.00596
9	0.47171	0.01082	0.00975	0.00841	0.01136	0.05197	0.00683	0.19535	0.01244	0.02251	0.00939	0.01116	0.00748	0.01064	0.13811	0.00264	0.00619	0.00365	0.00349	0.00608
10	0.00747	0.00516	0.00619	0.00618	0.00660	0.00514	0.00395	0.02882	0.00942	0.01283	0.15677	0.14019	0.02516	0.50081	0.06065	0.00399	0.00466	0.00846	0.00377	0.00374
11	0.01475	0.12383	0.01550	0.01356	0.14392	0.11200	0.00937	0.24445	0.01518	0.05674	0.01355	0.15715	0.01258	0.00715	0.00494	0.00150	0.00546	0.00587	0.00384	0.03867
12	0.00778	0.00615	0.00875	0.01090	0.14881	0.00595	0.00660	0.00898	0.01017	0.01348	0.06562	0.21070	0.23384	0.01590	0.11657	0.10749	0.00499	0.00884	0.00376	0.00471
13	0.01385	0.01282	0.01621	0.14778	0.11645	0.18528	0.14747	0.01612	0.01169	0.12023	0.01169	0.01623	0.00977	0.14253	0.00859	0.00211	0.00685	0.00505	0.00310	0.00617
14	0.00897	0.00789	0.01154	0.15708	0.01551	0.00830	0.10342	0.01328	0.14997	0.01539	0.12286	0.05676	0.15117	0.14520	0.00900	0.00224	0.00473	0.00742	0.00389	0.00537
15	0.00951	0.00843	0.00811	0.00773	0.00939	0.10639	0.00577	0.03895	0.10041	0.03084	0.26092	0.17423	0.19849	0.01061	0.00574	0.00167	0.00370	0.00906	0.00479	0.00525

[dist]
# distance from previous block
# <min> <max>
2	9

[block]
# block no. 1 follows, 49 sequences, length 23
# corresponding to MSA columns:
# 1064-1086
name=unknown_B
#
# <colnr> <probs for GDERKNQSTAVLIFYWHMCP>
#	G	D	E	R	K	N	Q	S	T	A	V	L	I	F	Y	W	H	M	C	P
0	0.02988	0.01118	0.01564	0.01503	0.14524	0.02628	0.10575	0.21768	0.03947	0.02037	0.10684	0.09281	0.01538	0.00731	0.00676	0.00167	0.10539	0.00615	0.00386	0.02732
1	0.01071	0.01017	0.01726	0.50544	0.33045	0.01154	0.01462	0.01394	0.01066	0.01433	0.00919	0.01310	0.00724	0.00484	0.00504	0.00161	0.00645	0.00450	0.00235	0.00655
2	0.00734	0.00554	0.00814	0.00808	0.00889	0.00648	0.00621	0.00899	0.00806	0.01161	0.01353	0.02060	0.01290	0.09528	0.72228	0.00772	0.03567	0.00553	0.00272	0.00444
3	0.00904	0.00479	0.00506	0.00499	0.00617	0.00472	0.00374	0.01141	0.01123	0.01909	0.14649	0.02204	0.01882	0.00664	0.00394	0.00125	0.00236	0.00546	0.70803	0.00472
4	0.00830	0.00753	0.01374	0.01188	0.01383	0.00711	0.24513	0.01048	0.01072	0.01431	0.02217	0.43899	0.02466	0.01191	0.00639	0.00199	0.00497	0.13682	0.00402	0.00505
5	0.00616	0.00440	0.00587	0.00704	0.00733	0.00411	0.00469	0.00704	0.00968	0.01291	0.02787	0.81899	0.03344	0.01584	0.00645	0.00205	0.00293	0.01438	0.00469	0.00411
6	0.00735	0.00493	0.00567	0.00567	0.00572	0.00498	0.00325	0.00745	0.00740	0.00992	0.01580	0.03233	0.01805	0.77728	0.07030	0.00509	0.00540	0.00724	0.00304	0.00315
7	0.01413	0.01291	0.01906	0.02712	0.63839	0.09136	0.01417	0.01686	0.01208	0.09016	0.01033	0.01262	0.00829	0.00474	0.00497	0.00149	0.00616	0.00443	0.00287	0.00785
8	0.01969	0.00993	0.01309	0.14457	0.01723	0.00995	0.00904	0.19288	0.01585	0.48941	0.01633	0.01543	0.01065	0.00601	0.00507	0.00157	0.00500	0.00486	0.00531	0.00810
9	0.01922	0.01416	0.01518	0.01163	0.01568	0.01568	0.00961	0.77388	0.02378	0.03187	0.01214	0.01214	0.00860	0.00607	0.00506	0.00152	0.00556	0.00455	0.00506	0.00860
10	0.01125	0.01001	0.01563	0.65092	0.03134	0.01203	0.03702	0.14123	0.01247	0.01622	0.00956	0.01326	0.00708	0.00520	0.00508	0.00166	0.00660	0.00455	0.00273	0.00616
11	0.01140	0.01300	0.07357	0.01383	0.01509	0.06804	0.08377	0.01321	0.00883	0.01283	0.00761	0.01162	0.00703	0.00944	0.05630	0.00238	0.57950	0.00450	0.00229	0.00576
12	0.85801	0.00978	0.00743	0.00665	0.00978	0.01134	0.00548	0.01486	0.00861	0.02269	0.00704	0.00821	0.00548	0.00469	0.00313	0.00156	0.00391	0.00274	0.00313	0.00548
13	0.00598	0.00512	0.00512	0.00512	0.00683	0.00427	0.00384	0.00726	0.01153	0.01366	0.05123	0.04866	0.78869	0.01281	0.00598	0.00171	0.00256	0.01067	0.00470	0.00427
14	0.01440	0.02020	0.52985	0.01257	0.01884	0.01028	0.01486	0.01894	0.01196	0.28017	0.01277	0.01289	0.00848	0.00530	0.00490	0.00159	0.00640	0.00419	0.00353	0.00786
15	0.00955	0.00899	0.01517	0.81013	0.03483	0.01123	0.01404	0.01292	0.01011	0.01292	0.00899	0.01348	0.00674	0.00506	0.00506	0.00169	0.00674	0.00449	0.00225	0.00562
16	0.00616	0.00440	0.00587	0.00704	0.00733	0.00411	0.00469	0.00704	0.00968	0.01291	0.02787	0.81899	0.03344	0.01584	0.00645	0.00205	0.00293	0.01438	0.00469	0.00411
17	0.01014	0.02616	0.79609	0.01441	0.02189	0.01174	0.01868	0.01601	0.01068	0.01601	0.00907	0.01068	0.00641	0.00480	0.00480	0.00160	0.00747	0.00374	0.00214	0.00747
18	0.00647	0.00526	0.00582	0.00612	0.00766	0.00461	0.00483	0.00797	0.01149	0.01397	0.04503	0.07432	0.59545	0.01316	0.00622	0.00186	0.00304	0.17768	0.00469	0.00435
19	0.11865	0.00833	0.00856	0.00725	0.00969	0.00886	0.00580	0.22987	0.01439	0.08176	0.01434	0.01550	0.01076	0.00582	0.00404	0.00135	0.00361	0.00445	0.44077	0.00621
20	0.01146	0.33861	0.49520	0.01216	0.01840	0.01498	0.01476	0.01567	0.01052	0.01440	0.00828	0.00967	0.00644	0.00462	0.00419	0.00140	0.00667	0.00333	0.00215	0.00709
21	0.10722	0.01446	0.01351	0.01095	0.01453	0.14209	0.00883	0.42342	0.09900	0.09753	0.01251	0.01241	0.00901	0.00589	0.00479	0.00151	0.00569	0.00432	0.00458	0.00776
22	0.01124	0.01779	0.35593	0.02259	0.41274	0.01154	0.01647	0.01544	0.01116	0.01622	0.01031	0.01427	0.00853	0.00518	0.00503	0.00159	0.00657	0.04735	0.00247	0.00758

[dist]
# distance from previous block
# <min> <max>
0	1

[block]
# block no. 2 follows, 49 sequences, length 18
# corresponding to MSA columns:
# 1088-1105
name=unknown_C
#
# <colnr> <probs for GDERKNQSTAVLIFYWHMCP>
#	G	D	E	R	K	N	Q	S	T	A	V	L	I	F	Y	W	H	M	C	P
0	0.01349	0.22712	0.25399	0.01168	0.01618	0.13164	0.01187	0.03638	0.14176	0.04603	0.01066	0.01148	0.00828	0.00541	0.00513	0.00147	0.05359	0.00385	0.00296	0.00703
1	0.01352	0.82533	0.02650	0.00865	0.01298	0.02001	0.00865	0.01514	0.01027	0.01190	0.00703	0.00811	0.00649	0.00433	0.00324	0.00108	0.00541	0.00270	0.00216	0.00649
2	0.01189	0.01138	0.01940	0.19460	0.63205	0.01185	0.01521	0.01497	0.01122	0.01576	0.00940	0.01272	0.00774	0.00462	0.00502	0.00154	0.00616	0.00450	0.00245	0.00751
3	0.01684	0.02026	0.01354	0.01228	0.01468	0.58907	0.00930	0.02025	0.13997	0.01373	0.01020	0.01169	0.00844	0.02647	0.02637	0.00168	0.05223	0.00388	0.00302	0.00609
4	0.01009	0.00863	0.01036	0.06843	0.01325	0.00732	0.00661	0.01340	0.08280	0.01624	0.01294	0.08859	0.03072	0.00551	0.00429	0.00106	0.00389	0.00463	0.00334	0.60790
5	0.01121	0.01068	0.01817	0.37336	0.45860	0.01167	0.01487	0.01438	0.01090	0.01494	0.00928	0.01294	0.00745	0.00475	0.00503	0.00158	0.00633	0.00450	0.00239	0.00696
6	0.00609	0.00509	0.00533	0.00549	0.00704	0.00432	0.00412	0.00738	0.01136	0.01366	0.04793	0.12155	0.68348	0.01314	0.00607	0.00177	0.00269	0.04453	0.00469	0.00427
7	0.00712	0.00506	0.00613	0.00592	0.00671	0.00477	0.00403	0.00849	0.01139	0.01565	0.42332	0.03702	0.10709	0.32034	0.01351	0.00287	0.00336	0.00861	0.00453	0.00407
8	0.01211	0.01037	0.01103	0.00995	0.01267	0.01190	0.00772	0.02537	0.71534	0.02108	0.08687	0.02050	0.01822	0.00716	0.00522	0.00170	0.00386	0.00601	0.00518	0.00772
9	0.00616	0.00440	0.00587	0.00704	0.00733	0.00411	0.00469	0.00704	0.00968	0.01291	0.02787	0.81899	0.03344	0.01584	0.00645	0.00205	0.00293	0.01438	0.00469	0.00411
10	0.08346	0.02422	0.69920	0.01436	0.04936	0.01172	0.01743	0.01590	0.01053	0.01661	0.00892	0.01053	0.00638	0.00478	0.00467	0.00159	0.00711	0.00368	0.00223	0.00732
11	0.01822	0.09292	0.01558	0.01322	0.04000	0.70938	0.00986	0.01961	0.01389	0.01247	0.00780	0.00914	0.00656	0.00511	0.00446	0.00129	0.00870	0.00325	0.00256	0.00598
12	0.00943	0.00471	0.00471	0.00471	0.00589	0.00471	0.00353	0.01178	0.01060	0.01885	0.01650	0.01885	0.01296	0.00589	0.00353	0.00118	0.00236	0.00471	0.85036	0.00471
13	0.00696	0.00516	0.00649	0.00616	0.00743	0.00469	0.00462	0.00916	0.01385	0.01918	0.66546	0.03959	0.17101	0.01075	0.00597	0.00161	0.00241	0.00940	0.00542	0.00469
14	0.01252	0.01201	0.02053	0.03104	0.79074	0.01201	0.01552	0.01552	0.01151	0.01652	0.00951	0.01252	0.00801	0.00451	0.00501	0.00150	0.00601	0.00451	0.00250	0.00801
15	0.00617	0.00513	0.00539	0.00533	0.00695	0.00435	0.00400	0.00764	0.01199	0.01476	0.17384	0.04685	0.66539	0.01240	0.00597	0.00169	0.00253	0.01042	0.00484	0.00435
16	0.01238	0.01175	0.01084	0.00984	0.01227	0.14213	0.00755	0.02175	0.47661	0.01949	0.19582	0.02161	0.02141	0.00739	0.00524	0.00162	0.00448	0.00610	0.00482	0.00690
17	0.01178	0.01122	0.02019	0.01673	0.08559	0.01104	0.37060	0.14021	0.03221	0.01814	0.01512	0.21349	0.01445	0.00752	0.00583	0.00174	0.00631	0.00769	0.00356	0.00657

[dist]
# distance from previous block
# <min> <max>
0	4

[block]
# block no. 3 follows, 49 sequences, length 24
# corresponding to MSA columns:
# 1110-1133
name=unknown_D
#
# <colnr> <probs for GDERKNQSTAVLIFYWHMCP>
#	G	D	E	R	K	N	Q	S	T	A	V	L	I	F	Y	W	H	M	C	P
0	0.01199	0.00926	0.01084	0.00791	0.01227	0.00742	0.00635	0.04996	0.03756	0.08261	0.01045	0.01141	0.00823	0.00417	0.00397	0.00089	0.00389	0.00334	0.00344	0.71405
1	0.01712	0.09228	0.09491	0.01222	0.01663	0.04030	0.16154	0.10049	0.01404	0.33885	0.01580	0.01555	0.04507	0.00577	0.00507	0.00154	0.00580	0.00502	0.00437	0.00763
2	0.01504	0.01785	0.01357	0.13710	0.04933	0.50069	0.02326	0.01665	0.01257	0.01255	0.01048	0.08214	0.00989	0.06975	0.00650	0.00172	0.00774	0.00483	0.00276	0.00556
3	0.00813	0.00678	0.00760	0.00793	0.00898	0.03794	0.00569	0.01182	0.16429	0.01492	0.06269	0.49749	0.09451	0.01288	0.00637	0.00191	0.02903	0.01132	0.00466	0.00505
4	0.00598	0.00512	0.00512	0.00512	0.00683	0.00427	0.00384	0.00726	0.01153	0.01366	0.05123	0.04866	0.78869	0.01281	0.00598	0.00171	0.00256	0.01067	0.00470	0.00427
5	0.01420	0.01635	0.01602	0.01359	0.01548	0.34932	0.11631	0.01587	0.01137	0.01316	0.00918	0.05220	0.00839	0.00688	0.00887	0.00170	0.27951	0.00466	0.04121	0.00574
6	0.00630	0.00514	0.00557	0.00546	0.00703	0.00441	0.00410	0.00788	0.01229	0.01546	0.25191	0.04570	0.58688	0.01213	0.00597	0.00168	0.00251	0.01026	0.00493	0.00441
7	0.00675	0.00512	0.00622	0.00602	0.00732	0.00459	0.00448	0.00873	0.01325	0.01792	0.52862	0.07692	0.27291	0.01134	0.00599	0.00165	0.00246	0.00985	0.00526	0.00459
8	0.01387	0.01213	0.01697	0.02149	0.42330	0.01290	0.01228	0.17002	0.22462	0.02085	0.01306	0.01418	0.01016	0.00546	0.00505	0.00156	0.00537	0.00485	0.00374	0.00813
9	0.01159	0.01108	0.01846	0.18692	0.52912	0.01199	0.01440	0.01444	0.01092	0.01545	0.03416	0.01337	0.00888	0.00527	0.00628	0.00162	0.09175	0.00464	0.00252	0.00716
10	0.01401	0.01363	0.01371	0.01223	0.03486	0.15252	0.04107	0.08149	0.44628	0.01908	0.01535	0.01535	0.01180	0.00656	0.00637	0.00168	0.09747	0.00502	0.00418	0.00734
11	0.56620	0.01240	0.15805	0.00827	0.01209	0.01057	0.00806	0.01519	0.00980	0.07103	0.06262	0.02770	0.00959	0.00543	0.00384	0.00158	0.00449	0.00376	0.00334	0.00598
12	0.01348	0.01368	0.02130	0.01619	0.02028	0.07651	0.39187	0.10140	0.25210	0.01911	0.01345	0.01474	0.01009	0.00534	0.00550	0.00166	0.00685	0.00552	0.00363	0.00730
13	0.00613	0.00473	0.00561	0.00624	0.00714	0.00420	0.00436	0.00724	0.01064	0.01355	0.07286	0.47428	0.33615	0.01437	0.00624	0.00189	0.00276	0.01265	0.00474	0.00420
14	0.01189	0.01057	0.01549	0.01248	0.01569	0.01116	0.20741	0.02114	0.42551	0.04832	0.14425	0.02055	0.01861	0.00673	0.00549	0.00169	0.00493	0.00632	0.00458	0.00718
15	0.00645	0.00455	0.00589	0.00673	0.00705	0.00430	0.00443	0.00731	0.00971	0.01305	0.09295	0.62065	0.03222	0.14817	0.00959	0.00248	0.00321	0.01276	0.00450	0.00399
16	0.05406	0.01522	0.01550	0.01285	0.01556	0.27979	0.13452	0.13378	0.01339	0.01644	0.01105	0.01349	0.03280	0.01110	0.13614	0.00263	0.08792	0.00458	0.00305	0.00613
17	0.01526	0.01020	0.01121	0.00945	0.01248	0.01110	0.00753	0.19057	0.35550	0.15433	0.01792	0.01708	0.01301	0.00642	0.00485	0.00156	0.00413	0.00518	0.14451	0.00770
18	0.03534	0.01209	0.01175	0.00988	0.01262	0.13221	0.00779	0.21627	0.06393	0.03518	0.03275	0.10145	0.05622	0.00736	0.00597	0.00150	0.07968	0.00564	0.02776	0.14461
19	0.08819	0.17854	0.01645	0.01099	0.01457	0.24455	0.00908	0.32085	0.03625	0.02118	0.00965	0.01030	0.00748	0.00538	0.00439	0.00138	0.00639	0.00368	0.00361	0.00711
20	0.01098	0.22371	0.60584	0.01299	0.01968	0.01379	0.01620	0.01580	0.01058	0.01500	0.00857	0.01004	0.00643	0.00469	0.00442	0.00147	0.00696	0.00348	0.00214	0.00723
21	0.01385	0.11595	0.37023	0.01237	0.01788	0.01270	0.04343	0.10836	0.10469	0.13378	0.01223	0.01261	0.00871	0.00534	0.00478	0.00154	0.00615	0.00423	0.00347	0.00769
22	0.01022	0.16433	0.40003	0.01122	0.01605	0.01137	0.01271	0.04487	0.01115	0.01555	0.03832	0.14956	0.01392	0.00739	0.00495	0.00161	0.00581	0.05222	0.02226	0.00645
23	0.00947	0.00528	0.00708	0.00738	0.00844	0.00480	0.00524	0.01066	0.01092	0.16700	0.07572	0.61058	0.03026	0.01360	0.00615	0.00193	0.00317	0.01221	0.00506	0.00503

[dist]
# distance from previous block
# <min> <max>
0	1

[block]
# block no. 4 follows, 49 sequences, length 15
# corresponding to MSA columns:
# 1135-1149
name=unknown_E
#
# <colnr> <probs for GDERKNQSTAVLIFYWHMCP>
#	G	D	E	R	K	N	Q	S	T	A	V	L	I	F	Y	W	H	M	C	P
0	0.01095	0.23160	0.20108	0.07345	0.04644	0.01316	0.18556	0.01422	0.01064	0.01422	0.01141	0.12534	0.01063	0.00621	0.00517	0.00157	0.02373	0.00557	0.00262	0.00642
1	0.00859	0.00439	0.00653	0.00662	0.00664	0.00437	0.00441	0.00662	0.00682	0.00909	0.01021	0.07544	0.01063	0.01744	0.01877	0.78928	0.00428	0.00514	0.00238	0.00234
2	0.00964	0.00948	0.06851	0.01069	0.08919	0.00878	0.00790	0.01647	0.29708	0.01823	0.18457	0.07068	0.17038	0.00882	0.00551	0.00168	0.00379	0.00758	0.00463	0.00636
3	0.05829	0.01429	0.01307	0.01379	0.13775	0.25550	0.00926	0.05994	0.20409	0.01757	0.09023	0.01588	0.01362	0.00849	0.06449	0.00200	0.00654	0.00486	0.00369	0.00666
4	0.02220	0.00939	0.01222	0.00937	0.01330	0.00860	0.00774	0.13068	0.01579	0.68636	0.01884	0.01649	0.01196	0.00623	0.00508	0.00156	0.00448	0.00501	0.00609	0.00860
5	0.00616	0.00440	0.00587	0.00704	0.00733	0.00411	0.00469	0.00704	0.00968	0.01291	0.02787	0.81899	0.03344	0.01584	0.00645	0.00205	0.00293	0.01438	0.00469	0.00411
6	0.01194	0.01364	0.02984	0.02131	0.02643	0.01279	0.77238	0.01620	0.01194	0.01620	0.01023	0.01364	0.00767	0.00426	0.00597	0.00171	0.00853	0.00597	0.00256	0.00682
7	0.01193	0.01064	0.01247	0.01184	0.06870	0.05117	0.06125	0.09450	0.35219	0.01918	0.02293	0.05519	0.13060	0.00815	0.00547	0.00172	0.00467	0.06600	0.00451	0.00690
8	0.00708	0.00517	0.00666	0.00629	0.00751	0.00474	0.00471	0.00940	0.01414	0.01987	0.74248	0.03845	0.09357	0.01049	0.00596	0.00160	0.00240	0.00924	0.00551	0.00474
9	0.02269	0.00861	0.01174	0.00900	0.01291	0.00743	0.00743	0.02464	0.01447	0.79425	0.01995	0.01721	0.01252	0.00626	0.00509	0.00156	0.00430	0.00509	0.00626	0.00861
10	0.00735	0.00490	0.00552	0.00552	0.00552	0.00490	0.00306	0.00735	0.00735	0.00980	0.01593	0.03309	0.01838	0.82229	0.02574	0.00490	0.00490	0.00735	0.00306	0.00306
11	0.01084	0.00913	0.01313	0.22897	0.22056	0.03912	0.02801	0.01405	0.03714	0.01630	0.01195	0.01485	0.00944	0.00517	0.00449	0.00141	0.00501	0.00452	0.27838	0.04751
12	0.01400	0.60589	0.11232	0.00997	0.01442	0.12095	0.00997	0.03817	0.01125	0.01302	0.00752	0.00865	0.00654	0.00455	0.00365	0.00118	0.00613	0.00295	0.00230	0.00658
13	0.01381	0.01412	0.01673	0.02159	0.41651	0.17107	0.01225	0.01965	0.22829	0.01699	0.01228	0.01362	0.00979	0.00531	0.00496	0.00152	0.00607	0.00459	0.00327	0.00758
14	0.01642	0.01458	0.01544	0.01292	0.04061	0.17277	0.08582	0.37262	0.01771	0.04756	0.02840	0.09414	0.01143	0.00686	0.00567	0.00158	0.03863	0.00553	0.00413	0.00719

[dist]
# distance from previous block
# <min> <max>
0	11

[block]
# block no. 5 follows, 49 sequences, length 15
# corresponding to MSA columns:
# 1161-1175
name=unknown_F
#
# <colnr> <probs for GDERKNQSTAVLIFYWHMCP>
#	G	D	E	R	K	N	Q	S	T	A	V	L	I	F	Y	W	H	M	C	P
0	0.10451	0.00841	0.01139	0.17387	0.01594	0.04322	0.08390	0.01109	0.01023	0.01438	0.02116	0.24901	0.14595	0.00965	0.00643	0.00181	0.07223	0.00825	0.00350	0.00507
1	0.24363	0.01615	0.03384	0.01038	0.01367	0.32982	0.00836	0.08653	0.01357	0.18334	0.01061	0.01091	0.00770	0.00536	0.00434	0.00146	0.00634	0.00364	0.00373	0.00663
2	0.01819	0.00980	0.01181	0.00949	0.01291	0.00984	0.00769	0.17727	0.16819	0.39558	0.10684	0.01886	0.01634	0.00681	0.00519	0.00159	0.00428	0.00557	0.00571	0.00804
3	0.00598	0.00512	0.00512	0.00512	0.00683	0.00427	0.00384	0.00726	0.01153	0.01366	0.05123	0.04866	0.78869	0.01281	0.00598	0.00171	0.00256	0.01067	0.00470	0.00427
4	0.00953	0.02184	0.63393	0.01276	0.01894	0.01031	0.01583	0.01468	0.01142	0.01689	0.16911	0.01624	0.01489	0.00594	0.00504	0.00160	0.00643	0.00485	0.00284	0.00692
5	0.01014	0.02616	0.79609	0.01441	0.02189	0.01174	0.01868	0.01601	0.01068	0.01601	0.00907	0.01068	0.00641	0.00480	0.00480	0.00160	0.00747	0.00374	0.00214	0.00747
6	0.01223	0.65689	0.02272	0.00854	0.01217	0.01720	0.00817	0.01389	0.00983	0.01186	0.00837	0.01053	0.00775	0.01123	0.16739	0.00253	0.00708	0.00326	0.00228	0.00608
7	0.01889	0.02410	0.01433	0.01303	0.01563	0.80199	0.00977	0.02019	0.01433	0.01238	0.00782	0.00912	0.00651	0.00521	0.00456	0.00130	0.00912	0.00326	0.00261	0.00586
8	0.01283	0.66115	0.18460	0.00984	0.01481	0.01831	0.01071	0.01532	0.01036	0.01274	0.00745	0.00864	0.00647	0.00442	0.00357	0.00119	0.00583	0.00292	0.00216	0.00669
9	0.00616	0.00440	0.00587	0.00704	0.00733	0.00411	0.00469	0.00704	0.00968	0.01291	0.02787	0.81899	0.03344	0.01584	0.00645	0.00205	0.00293	0.01438	0.00469	0.00411
10	0.00722	0.00542	0.00813	0.00813	0.00903	0.00632	0.00632	0.00903	0.00813	0.01174	0.01354	0.01987	0.01264	0.03792	0.80225	0.00813	0.01354	0.00542	0.00271	0.00451
11	0.00943	0.00471	0.00471	0.00471	0.00589	0.00471	0.00353	0.01178	0.01060	0.01885	0.01650	0.01885	0.01296	0.00589	0.00353	0.00118	0.00236	0.00471	0.85036	0.00471
12	0.01858	0.01368	0.01472	0.01141	0.01527	0.01511	0.00937	0.73618	0.02308	0.03094	0.01291	0.05181	0.00982	0.00655	0.00513	0.00154	0.00544	0.00504	0.00504	0.00838
13	0.01922	0.01416	0.01518	0.01163	0.01568	0.01568	0.00961	0.77388	0.02378	0.03187	0.01214	0.01214	0.00860	0.00607	0.00506	0.00152	0.00556	0.00455	0.00506	0.00860
14	0.00754	0.00542	0.00689	0.00689	0.00742	0.00586	0.00470	0.00914	0.05377	0.01140	0.01600	0.07384	0.01690	0.42513	0.32120	0.00578	0.00805	0.00693	0.00315	0.00398

[dist]
# distance from previous block
# <min> <max>
0	1

[block]
# block no. 6 follows, 49 sequences, length 37
# corresponding to MSA columns:
# 1177-1188,1190-1214
name=unknown_G
#
# <colnr> <probs for GDERKNQSTAVLIFYWHMCP>
#	G	D	E	R	K	N	Q	S	T	A	V	L	I	F	Y	W	H	M	C	P
0	0.01202	0.46960	0.36906	0.01122	0.01694	0.01633	0.01312	0.01553	0.01045	0.01373	0.00794	0.00925	0.00645	0.00454	0.00394	0.00131	0.00633	0.00316	0.00215	0.00693
1	0.85801	0.00978	0.00743	0.00665	0.00978	0.01134	0.00548	0.01486	0.00861	0.02269	0.00704	0.00821	0.00548	0.00469	0.00313	0.00156	0.00391	0.00274	0.00313	0.00548
2	0.00736	0.00604	0.00840	0.01082	0.14680	0.00565	0.00650	0.00886	0.01084	0.01426	0.07685	0.40104	0.23135	0.01263	0.00605	0.00184	0.00340	0.03208	0.00436	0.00490
3	0.00733	0.00501	0.00605	0.00605	0.00623	0.00519	0.00373	0.00770	0.00751	0.01020	0.01544	0.03039	0.01721	0.66198	0.18444	0.00556	0.00667	0.00696	0.00299	0.00336
4	0.00941	0.00796	0.00845	0.00791	0.01008	0.00845	0.00610	0.01713	0.38826	0.01770	0.08041	0.03334	0.31152	0.03161	0.00614	0.00182	0.00341	0.03927	0.00492	0.00611
5	0.00715	0.00507	0.00583	0.00564	0.00701	0.00459	0.00423	0.00915	0.01269	0.01773	0.39482	0.03819	0.29882	0.01040	0.00554	0.00156	0.00244	0.00889	0.15570	0.00459
6	0.01350	0.01233	0.01245	0.01187	0.06060	0.08580	0.00871	0.06427	0.62467	0.02062	0.01829	0.01723	0.01381	0.00652	0.00508	0.00165	0.00468	0.00536	0.00475	0.00784
7	0.00616	0.00440	0.00587	0.00704	0.00733	0.00411	0.00469	0.00704	0.00968	0.01291	0.02787	0.81899	0.03344	0.01584	0.00645	0.00205	0.00293	0.01438	0.00469	0.00411
8	0.00610	0.00512	0.00532	0.00541	0.00701	0.00433	0.00407	0.00743	0.01152	0.01386	0.06949	0.08550	0.70356	0.01293	0.00604	0.00174	0.00265	0.03892	0.00472	0.00429
9	0.01256	0.00943	0.01105	0.00803	0.01242	0.00764	0.00648	0.08444	0.01213	0.09825	0.01041	0.01133	0.00811	0.00422	0.00400	0.00090	0.00397	0.00336	0.00352	0.68775
10	0.01610	0.01261	0.01342	0.01100	0.01449	0.01422	0.00886	0.42325	0.37948	0.02684	0.01610	0.01530	0.01181	0.00644	0.00510	0.00161	0.00483	0.00510	0.00510	0.00832
11	0.01198	0.46044	0.37788	0.01128	0.01705	0.01623	0.01323	0.01554	0.01046	0.01378	0.00796	0.00928	0.00645	0.00454	0.00396	0.00132	0.00635	0.00318	0.00215	0.00694
12	0.01874	0.00817	0.01056	0.00852	0.01187	0.00736	0.00689	0.02175	0.08794	0.58056	0.02446	0.05979	0.11491	0.00763	0.00527	0.00162	0.00398	0.00632	0.00587	0.00777
13	0.01804	0.01358	0.01451	0.01140	0.01523	0.01513	0.00933	0.64086	0.15872	0.02996	0.01364	0.01334	0.00982	0.00621	0.00507	0.00155	0.00529	0.00476	0.00507	0.00849
14	0.00775	0.00733	0.00681	0.03158	0.00897	0.09042	0.00518	0.00930	0.01213	0.01439	0.13223	0.04253	0.54349	0.01152	0.00586	0.00169	0.00351	0.05625	0.00450	0.00457
15	0.01087	0.01034	0.01755	0.46334	0.37130	0.01158	0.01470	0.01408	0.01074	0.01452	0.00922	0.01305	0.00731	0.00481	0.00503	0.00160	0.00641	0.00450	0.00236	0.00668
16	0.01305	0.01213	0.00839	0.00789	0.00962	0.30963	0.00592	0.01500	0.01203	0.01638	0.01318	0.01513	0.01050	0.00563	0.00393	0.00123	0.00494	0.00416	0.52613	0.00515
17	0.26684	0.01463	0.01211	0.01315	0.15060	0.28397	0.00866	0.04906	0.01202	0.01790	0.00924	0.01090	0.00743	0.00506	0.00410	0.00141	0.00595	0.00358	0.11730	0.00609
18	0.00618	0.00490	0.00554	0.00600	0.00715	0.00430	0.00432	0.00734	0.01078	0.01337	0.04098	0.31659	0.46872	0.03574	0.00672	0.00194	0.00285	0.04773	0.00465	0.00420
19	0.03653	0.04399	0.70615	0.01371	0.02076	0.01167	0.01736	0.01648	0.01083	0.06325	0.00962	0.01094	0.00675	0.00488	0.00473	0.00159	0.00712	0.00376	0.00242	0.00746
20	0.01177	0.00948	0.01100	0.00818	0.01241	0.00789	0.00664	0.11443	0.01241	0.03473	0.01072	0.01367	0.00905	0.00473	0.00414	0.00096	0.00405	0.04889	0.00344	0.67141
21	0.01228	0.01231	0.04547	0.07259	0.72489	0.01196	0.01554	0.01539	0.01141	0.01631	0.00947	0.01251	0.00789	0.00454	0.00500	0.00151	0.00609	0.00448	0.00248	0.00786
22	0.01018	0.00793	0.00907	0.00849	0.01065	0.00824	0.00683	0.08824	0.22208	0.01904	0.11827	0.05178	0.12259	0.00969	0.00566	0.00175	0.00380	0.18977	0.04866	0.05729
23	0.00722	0.00542	0.00813	0.00813	0.00903	0.00632	0.00632	0.00903	0.00813	0.01174	0.01354	0.01987	0.01264	0.03792	0.80225	0.00813	0.01354	0.00542	0.00271	0.00451
24	0.00960	0.00787	0.00961	0.05804	0.03409	0.00848	0.00789	0.01616	0.28857	0.01724	0.06282	0.03733	0.13013	0.01027	0.00596	0.00192	0.00418	0.27921	0.00468	0.00596
25	0.00616	0.00440	0.00587	0.00704	0.00733	0.00411	0.00469	0.00704	0.00968	0.01291	0.02787	0.81899	0.03344	0.01584	0.00645	0.00205	0.00293	0.01438	0.00469	0.00411
26	0.01055	0.01692	0.31734	0.01545	0.01998	0.01199	0.24116	0.01458	0.01076	0.01552	0.05723	0.01618	0.01075	0.00634	0.00766	0.00180	0.16453	0.05205	0.00264	0.00656
27	0.00682	0.00487	0.00663	0.00780	0.00838	0.00468	0.00584	0.00818	0.01033	0.01365	0.02751	0.56590	0.03200	0.01522	0.00663	0.00214	0.00351	0.26095	0.00468	0.00429
28	0.18620	0.01105	0.01108	0.00971	0.01278	0.01271	0.00769	0.11782	0.52886	0.02281	0.01676	0.01585	0.01255	0.00632	0.00472	0.00166	0.00418	0.00496	0.00472	0.00756
29	0.06676	0.01013	0.01459	0.01120	0.01515	0.00950	0.16339	0.01873	0.16123	0.18156	0.01447	0.01611	0.01097	0.00550	0.00486	0.00143	0.00494	0.03811	0.00409	0.24726
30	0.01258	0.01047	0.01133	0.01044	0.01306	0.01172	0.00816	0.04503	0.61045	0.02125	0.06818	0.02545	0.01948	0.00839	0.00572	0.00191	0.00428	0.09901	0.00533	0.00776
31	0.01077	0.17452	0.65322	0.01334	0.02023	0.01328	0.01682	0.01585	0.01060	0.01525	0.00870	0.01020	0.00642	0.00472	0.00451	0.00150	0.00709	0.00354	0.00214	0.00729
32	0.00652	0.00486	0.00615	0.00704	0.00786	0.00450	0.00519	0.00780	0.01053	0.01354	0.03327	0.47781	0.21437	0.01473	0.00645	0.00203	0.00320	0.16521	0.00469	0.00426
33	0.01145	0.01269	0.02684	0.18254	0.02814	0.01247	0.61739	0.01553	0.01156	0.01553	0.00998	0.01361	0.00748	0.00442	0.00578	0.00170	0.00816	0.00567	0.00249	0.00657
34	0.00616	0.00440	0.00587	0.00704	0.00733	0.00411	0.00469	0.00704	0.00968	0.01291	0.02787	0.81899	0.03344	0.01584	0.00645	0.00205	0.00293	0.01438	0.00469	0.00411
35	0.01201	0.01150	0.01961	0.16375	0.66198	0.01188	0.01527	0.01508	0.01128	0.01591	0.00942	0.01268	0.00779	0.00460	0.00501	0.00153	0.00613	0.00450	0.00246	0.00760
36	0.01539	0.01148	0.01132	0.00931	0.01213	0.07904	0.00747	0.42160	0.01788	0.02495	0.01327	0.01446	0.01005	0.00746	0.04262	0.00170	0.00519	0.00454	0.28325	0.00689

[dist]
# distance from previous block
# <min> <max>
5	7

[block]
# block no. 7 follows, 49 sequences, length 62
# corresponding to MSA columns:
# 1223-1284
name=unknown_H
#
# <colnr> <probs for GDERKNQSTAVLIFYWHMCP>
#	G	D	E	R	K	N	Q	S	T	A	V	L	I	F	Y	W	H	M	C	P
0	0.00731	0.00623	0.03260	0.07192	0.01006	0.00536	0.00562	0.00936	0.01256	0.03654	0.33769	0.03941	0.38525	0.01076	0.00583	0.00165	0.00304	0.00919	0.00480	0.00480
1	0.02198	0.00875	0.01168	0.00899	0.01284	0.00772	0.00742	0.05916	0.01481	0.73305	0.02061	0.01800	0.03769	0.00646	0.00511	0.00157	0.00431	0.00524	0.00615	0.00846
2	0.01001	0.00887	0.01203	0.07359	0.20841	0.05941	0.00999	0.01298	0.05105	0.01547	0.05799	0.11790	0.02139	0.01002	0.00599	0.00191	0.00511	0.30823	0.00388	0.00577
3	0.00878	0.00439	0.00659	0.00659	0.00659	0.00439	0.00439	0.00659	0.00659	0.00878	0.00878	0.01537	0.00878	0.01757	0.01976	0.85288	0.00439	0.00439	0.00220	0.00220
4	0.01049	0.00899	0.01049	0.00749	0.01198	0.00674	0.00599	0.01273	0.01049	0.01648	0.00899	0.01049	0.00749	0.00374	0.00374	0.00075	0.00374	0.00300	0.00300	0.85320
5	0.00722	0.00542	0.00813	0.00813	0.00903	0.00632	0.00632	0.00903	0.00813	0.01174	0.01354	0.01987	0.01264	0.03792	0.80225	0.00813	0.01354	0.00542	0.00271	0.00451
6	0.00955	0.00899	0.01517	0.81013	0.03483	0.01123	0.01404	0.01292	0.01011	0.01292	0.00899	0.01348	0.00674	0.00506	0.00506	0.00169	0.00674	0.00449	0.00225	0.00562
7	0.00730	0.00511	0.00657	0.00657	0.00694	0.00548	0.00438	0.00803	0.00767	0.01059	0.01497	0.02773	0.01606	0.50443	0.34041	0.00621	0.00840	0.00657	0.00292	0.00365
8	0.00598	0.00512	0.00512	0.00512	0.00683	0.00427	0.00384	0.00726	0.01153	0.01366	0.05123	0.04866	0.78869	0.01281	0.00598	0.00171	0.00256	0.01067	0.00470	0.00427
9	0.00955	0.00899	0.01517	0.81013	0.03483	0.01123	0.01404	0.01292	0.01011	0.01292	0.00899	0.01348	0.00674	0.00506	0.00506	0.00169	0.00674	0.00449	0.00225	0.00562
10	0.01252	0.01201	0.02053	0.03104	0.79074	0.01201	0.01552	0.01552	0.01151	0.01652	0.00951	0.01252	0.00801	0.00451	0.00501	0.00150	0.00601	0.00451	0.00250	0.00801
11	0.00722	0.00542	0.00813	0.00813	0.00903	0.00632	0.00632	0.00903	0.00813	0.01174	0.01354	0.01987	0.01264	0.03792	0.80225	0.00813	0.01354	0.00542	0.00271	0.00451
12	0.85801	0.00978	0.00743	0.00665	0.00978	0.01134	0.00548	0.01486	0.00861	0.02269	0.00704	0.00821	0.00548	0.00469	0.00313	0.00156	0.00391	0.00274	0.00313	0.00548
13	0.00722	0.00542	0.00813	0.00813	0.00903	0.00632	0.00632	0.00903	0.00813	0.01174	0.01354	0.01987	0.01264	0.03792	0.80225	0.00813	0.01354	0.00542	0.00271	0.00451
14	0.00955	0.00899	0.01517	0.81013	0.03483	0.01123	0.01404	0.01292	0.01011	0.01292	0.00899	0.01348	0.00674	0.00506	0.00506	0.00169	0.00674	0.00449	0.00225	0.00562
15	0.01280	0.58772	0.22971	0.01032	0.01542	0.04337	0.01134	0.01554	0.01051	0.01300	0.00760	0.00882	0.00647	0.00448	0.00370	0.00123	0.00608	0.00300	0.00217	0.00673
16	0.85801	0.00978	0.00743	0.00665	0.00978	0.01134	0.00548	0.01486	0.00861	0.02269	0.00704	0.00821	0.00548	0.00469	0.00313	0.00156	0.00391	0.00274	0.00313	0.00548
17	0.01286	0.01266	0.02019	0.03007	0.74905	0.05451	0.01521	0.01577	0.01167	0.01630	0.00942	0.01233	0.00793	0.00454	0.00498	0.00149	0.00617	0.00444	0.00251	0.00789
18	0.00838	0.00565	0.00626	0.00622	0.00632	0.00551	0.00354	0.00812	0.00802	0.01079	0.01681	0.03410	0.01914	0.81041	0.02584	0.00503	0.00523	0.00762	0.00339	0.00361
19	0.01230	0.01077	0.01246	0.01096	0.01388	0.01223	0.05816	0.02529	0.68970	0.02050	0.02024	0.02058	0.01566	0.00707	0.00530	0.00175	0.00433	0.04613	0.00495	0.00775
20	0.00735	0.00490	0.00552	0.00552	0.00552	0.00490	0.00306	0.00735	0.00735	0.00980	0.01593	0.03309	0.01838	0.82229	0.02574	0.00490	0.00490	0.00735	0.00306	0.00306
21	0.01014	0.02616	0.79609	0.01441	0.02189	0.01174	0.01868	0.01601	0.01068	0.01601	0.00907	0.01068	0.00641	0.00480	0.00480	0.00160	0.00747	0.00374	0.00214	0.00747
22	0.02269	0.00861	0.01174	0.00900	0.01291	0.00743	0.00743	0.02464	0.01447	0.79425	0.01995	0.01721	0.01252	0.00626	0.00509	0.00156	0.00430	0.00509	0.00626	0.00861
23	0.85801	0.00978	0.00743	0.00665	0.00978	0.01134	0.00548	0.01486	0.00861	0.02269	0.00704	0.00821	0.00548	0.00469	0.00313	0.00156	0.00391	0.00274	0.00313	0.00548
24	0.00955	0.00899	0.01517	0.81013	0.03483	0.01123	0.01404	0.01292	0.01011	0.01292	0.00899	0.01348	0.00674	0.00506	0.00506	0.00169	0.00674	0.00449	0.00225	0.00562
25	0.01288	0.01213	0.02024	0.02999	0.74905	0.01221	0.01520	0.05631	0.01217	0.01735	0.00965	0.01250	0.00804	0.00459	0.00501	0.00150	0.00598	0.00451	0.00264	0.00804
26	0.00943	0.00471	0.00471	0.00471	0.00589	0.00471	0.00353	0.01178	0.01060	0.01885	0.01650	0.01885	0.01296	0.00589	0.00353	0.00118	0.00236	0.00471	0.85036	0.00471
27	0.01445	0.10314	0.09507	0.01077	0.01422	0.18229	0.00936	0.13257	0.26411	0.01910	0.01352	0.01376	0.01036	0.00581	0.00461	0.00146	0.00568	0.00439	0.08825	0.00709
28	0.01258	0.01086	0.01143	0.01029	0.01315	0.01258	0.00800	0.02687	0.78161	0.02115	0.02058	0.01887	0.01544	0.00686	0.00515	0.00172	0.00400	0.00572	0.00515	0.00800
29	0.85801	0.00978	0.00743	0.00665	0.00978	0.01134	0.00548	0.01486	0.00861	0.02269	0.00704	0.00821	0.00548	0.00469	0.00313	0.00156	0.00391	0.00274	0.00313	0.00548
30	0.01014	0.02616	0.79609	0.01441	0.02189	0.01174	0.01868	0.01601	0.01068	0.01601	0.00907	0.01068	0.00641	0.00480	0.00480	0.00160	0.00747	0.00374	0.00214	0.00747
31	0.85801	0.00978	0.00743	0.00665	0.00978	0.01134	0.00548	0.01486	0.00861	0.02269	0.00704	0.00821	0.00548	0.00469	0.00313	0.00156	0.00391	0.00274	0.00313	0.00548
32	0.00860	0.00699	0.00785	0.00731	0.00917	0.00716	0.00557	0.01454	0.26105	0.01886	0.35105	0.03448	0.22787	0.00985	0.00570	0.00166	0.00295	0.00843	0.00521	0.00568
33	0.00729	0.00488	0.00553	0.00559	0.00561	0.00486	0.00315	0.00734	0.00747	0.00996	0.01653	0.07245	0.01914	0.78190	0.02477	0.00476	0.00480	0.00771	0.00315	0.00312
34	0.01168	0.01053	0.01436	0.06050	0.30332	0.01135	0.01069	0.01972	0.36402	0.01841	0.05166	0.01919	0.06941	0.00647	0.00518	0.00163	0.00472	0.00571	0.00399	0.00747
35	0.00622	0.00443	0.00585	0.00696	0.00724	0.00415	0.00461	0.00706	0.00956	0.01275	0.02726	0.77854	0.03267	0.05735	0.00745	0.00220	0.00304	0.01401	0.00461	0.00405
36	0.01346	0.80402	0.02621	0.00877	0.01299	0.01989	0.00872	0.01506	0.01021	0.01190	0.00702	0.00819	0.00649	0.00444	0.00359	0.00111	0.02655	0.00275	0.00216	0.00646
37	0.01323	0.01467	0.01517	0.01321	0.01393	0.23296	0.01071	0.01439	0.00957	0.01223	0.00696	0.01053	0.00660	0.00784	0.01327	0.00196	0.59075	0.00410	0.00232	0.00562
38	0.01573	0.01007	0.01154	0.00966	0.01293	0.01059	0.00769	0.08527	0.41124	0.25130	0.05859	0.01835	0.01525	0.00663	0.00509	0.00160	0.00412	0.00546	0.00537	0.05353
39	0.01860	0.02172	0.01481	0.01375	0.05734	0.62238	0.01005	0.15137	0.01583	0.01600	0.00866	0.00983	0.00696	0.00532	0.00467	0.00135	0.00833	0.00355	0.00303	0.00646
40	0.01049	0.00899	0.01049	0.00749	0.01198	0.00674	0.00599	0.01273	0.01049	0.01648	0.00899	0.01049	0.00749	0.00374	0.00374	0.00075	0.00374	0.00300	0.00300	0.85320
41	0.01194	0.01364	0.02984	0.02131	0.02643	0.01279	0.77238	0.01620	0.01194	0.01620	0.01023	0.01364	0.00767	0.00426	0.00597	0.00171	0.00853	0.00597	0.00256	0.00682
42	0.01108	0.24724	0.58319	0.01282	0.01942	0.01403	0.01591	0.01577	0.01057	0.01488	0.00851	0.00997	0.00643	0.00467	0.00437	0.00146	0.00690	0.00345	0.00214	0.00720
43	0.00660	0.00515	0.00598	0.00577	0.00721	0.00453	0.00433	0.00846	0.01299	0.01714	0.43834	0.04294	0.39941	0.01151	0.00597	0.00165	0.00247	0.00987	0.00515	0.00453
44	0.00735	0.00493	0.00565	0.00565	0.00570	0.00498	0.00323	0.00744	0.00739	0.00990	0.01581	0.03241	0.01809	0.78192	0.06571	0.00507	0.00535	0.00725	0.00305	0.00314
45	0.00955	0.00899	0.01517	0.81013	0.03483	0.01123	0.01404	0.01292	0.01011	0.01292	0.00899	0.01348	0.00674	0.00506	0.00506	0.00169	0.00674	0.00449	0.00225	0.00562
46	0.00943	0.00471	0.00471	0.00471	0.00589	0.00471	0.00353	0.01178	0.01060	0.01885	0.01650	0.01885	0.01296	0.00589	0.00353	0.00118	0.00236	0.00471	0.85036	0.00471
47	0.00815	0.00582	0.00815	0.00931	0.01048	0.00582	0.00815	0.01048	0.01164	0.01513	0.02677	0.05704	0.02910	0.01397	0.00698	0.00233	0.00466	0.75671	0.00466	0.00466
48	0.01679	0.01153	0.01286	0.01037	0.01362	0.01239	0.00834	0.53473	0.01993	0.10401	0.03405	0.16746	0.01465	0.00806	0.00535	0.00163	0.00486	0.00659	0.00512	0.00765
49	0.04544	0.01044	0.01229	0.00983	0.01348	0.01068	0.00800	0.19055	0.20994	0.40652	0.01798	0.01623	0.01217	0.00632	0.00503	0.00159	0.00449	0.00505	0.00561	0.00835
50	0.01252	0.01201	0.02053	0.03104	0.79074	0.01201	0.01552	0.01552	0.01151	0.01652	0.00951	0.01252	0.00801	0.00451	0.00501	0.00150	0.00601	0.00451	0.00250	0.00801
51	0.00815	0.00582	0.00815	0.00931	0.01048	0.00582	0.00815	0.01048	0.01164	0.01513	0.02677	0.05704	0.02910	0.01397	0.00698	0.00233	0.00466	0.75671	0.00466	0.00466
52	0.01284	0.01264	0.02021	0.03011	0.75085	0.05268	0.01522	0.01576	0.01166	0.01631	0.00942	0.01234	0.00793	0.00454	0.00498	0.00149	0.00617	0.00444	0.00251	0.00790
53	0.01777	0.01291	0.01386	0.01085	0.01447	0.01421	0.00887	0.67367	0.02200	0.02986	0.01330	0.05420	0.01023	0.00656	0.00501	0.00152	0.00517	0.00507	0.07242	0.00806
54	0.00815	0.00582	0.00815	0.00931	0.01048	0.00582	0.00815	0.01048	0.01164	0.01513	0.02677	0.05704	0.02910	0.01397	0.00698	0.00233	0.00466	0.75671	0.00466	0.00466
55	0.01252	0.01201	0.02053	0.03104	0.79074	0.01201	0.01552	0.01552	0.01151	0.01652	0.00951	0.01252	0.00801	0.00451	0.00501	0.00150	0.00601	0.00451	0.00250	0.00801
56	0.01236	0.01186	0.02025	0.07078	0.75218	0.01197	0.01544	0.01539	0.01144	0.01634	0.00948	0.01256	0.00795	0.00453	0.00501	0.00151	0.00604	0.00450	0.00249	0.00789
57	0.00721	0.00603	0.00679	0.00788	0.03227	0.05379	0.00528	0.00827	0.01033	0.01310	0.02954	0.57168	0.15445	0.03551	0.00674	0.00202	0.00346	0.03684	0.00445	0.00435
58	0.00600	0.00502	0.00523	0.00540	0.00690	0.00425	0.00396	0.00723	0.01126	0.01355	0.04786	0.15973	0.67980	0.01324	0.00605	0.00176	0.00262	0.01121	0.00470	0.00425
59	0.01870	0.01714	0.01459	0.01189	0.01539	0.27278	0.00948	0.50318	0.02030	0.02492	0.01194	0.01229	0.03226	0.00600	0.00492	0.00145	0.00663	0.00432	0.00424	0.00757
60	0.49164	0.01107	0.00949	0.00819	0.01106	0.06751	0.00663	0.16274	0.01216	0.02266	0.00952	0.02966	0.00763	0.00557	0.00433	0.00154	0.04095	0.00368	0.08797	0.00601
61	0.04033	0.54908	0.08431	0.00962	0.01399	0.01781	0.00943	0.12400	0.08026	0.01622	0.00912	0.00984	0.00754	0.00485	0.00379	0.00126	0.00542	0.00332	0.00287	0.00697

[dist]
# distance from previous block
# <min> <max>
0	6

[block]
# block no. 8 follows, 49 sequences, length 33
# corresponding to MSA columns:
# 1291-1323
name=unknown_I
#
# <colnr> <probs for GDERKNQSTAVLIFYWHMCP>
#	G	D	E	R	K	N	Q	S	T	A	V	L	I	F	Y	W	H	M	C	P
0	0.09117	0.01071	0.01171	0.01002	0.01182	0.06177	0.00795	0.19423	0.01273	0.04300	0.01315	0.09083	0.03375	0.09071	0.01025	0.00207	0.23188	0.00563	0.03453	0.03209
1	0.05822	0.01897	0.14303	0.01199	0.01572	0.31961	0.01055	0.17644	0.13130	0.01916	0.03931	0.01248	0.00973	0.00573	0.00477	0.00148	0.00683	0.00417	0.00356	0.00696
2	0.01245	0.01083	0.01013	0.00967	0.03951	0.15028	0.00703	0.13783	0.08246	0.06775	0.02493	0.18740	0.19513	0.03370	0.00609	0.00175	0.00474	0.00798	0.00439	0.00594
3	0.01260	0.32599	0.25607	0.01216	0.01677	0.01594	0.05681	0.09215	0.01147	0.01546	0.00829	0.01008	0.00677	0.00536	0.00616	0.00150	0.13339	0.00367	0.00248	0.00687
4	0.05014	0.00694	0.00753	0.00658	0.00875	0.00685	0.00518	0.11996	0.01336	0.12966	0.07368	0.02486	0.18158	0.00770	0.00464	0.00144	0.00320	0.00623	0.33599	0.00575
5	0.30616	0.09323	0.01021	0.00803	0.01033	0.13151	0.00632	0.04109	0.01082	0.01748	0.04990	0.18602	0.01462	0.00875	0.03350	0.00180	0.00490	0.00591	0.05409	0.00534
6	0.01311	0.05063	0.52172	0.01348	0.01961	0.09323	0.01548	0.18005	0.01386	0.01893	0.00954	0.01075	0.00689	0.00510	0.00478	0.00154	0.00716	0.00383	0.00282	0.00752
7	0.01897	0.02157	0.01455	0.01267	0.01565	0.60152	0.00973	0.21234	0.01674	0.01735	0.00892	0.00989	0.00705	0.00543	0.00469	0.00136	0.00821	0.00359	0.00323	0.00656
8	0.01122	0.01233	0.02535	0.01872	0.02261	0.01229	0.58571	0.01469	0.01111	0.01529	0.01151	0.09516	0.01015	0.00609	0.00753	0.00181	0.12273	0.00660	0.00273	0.00636
9	0.00817	0.00551	0.00684	0.00708	0.00764	0.00552	0.00476	0.08502	0.01009	0.01348	0.02055	0.42871	0.02362	0.20722	0.01291	0.13080	0.00389	0.01020	0.00397	0.00403
10	0.01372	0.01182	0.01094	0.00960	0.01186	0.14645	0.00749	0.21427	0.12466	0.02022	0.01619	0.09734	0.04104	0.00743	0.00563	0.00155	0.06076	0.00574	0.18692	0.00638
11	0.01816	0.00764	0.01008	0.00806	0.01130	0.00661	0.00654	0.02005	0.01397	0.57701	0.11450	0.02473	0.14300	0.00780	0.00533	0.00159	0.00380	0.00647	0.00592	0.00745
12	0.02045	0.00808	0.01089	0.00853	0.01192	0.00706	0.00687	0.02223	0.01374	0.68066	0.05310	0.01972	0.01465	0.08942	0.00722	0.00191	0.00428	0.00549	0.00590	0.00787
13	0.01703	0.00782	0.01020	0.00864	0.01140	0.00720	0.00677	0.09518	0.01388	0.46588	0.02170	0.27411	0.01884	0.00932	0.00552	0.00172	0.00399	0.00801	0.00563	0.00716
14	0.15568	0.01374	0.01244	0.01016	0.01359	0.17071	0.00817	0.29620	0.01669	0.19037	0.01236	0.01235	0.00875	0.00570	0.00457	0.00147	0.00557	0.00412	0.05001	0.00733
15	0.00789	0.00563	0.00785	0.00902	0.01007	0.00560	0.00770	0.01003	0.01138	0.01484	0.02692	0.15668	0.02967	0.01421	0.00692	0.00229	0.00443	0.65963	0.00466	0.00458
16	0.01014	0.02616	0.79609	0.01441	0.02189	0.01174	0.01868	0.01601	0.01068	0.01601	0.00907	0.01068	0.00641	0.00480	0.00480	0.00160	0.00747	0.00374	0.00214	0.00747
17	0.01591	0.00882	0.01104	0.00816	0.01239	0.00705	0.00663	0.01802	0.01226	0.36195	0.01386	0.01347	0.00972	0.00486	0.00434	0.00111	0.00399	0.00392	0.00445	0.47805
18	0.85801	0.00978	0.00743	0.00665	0.00978	0.01134	0.00548	0.01486	0.00861	0.02269	0.00704	0.00821	0.00548	0.00469	0.00313	0.00156	0.00391	0.00274	0.00313	0.00548
19	0.01922	0.01416	0.01518	0.01163	0.01568	0.01568	0.00961	0.77388	0.02378	0.03187	0.01214	0.01214	0.00860	0.00607	0.00506	0.00152	0.00556	0.00455	0.00506	0.00860
20	0.00955	0.00899	0.01517	0.81013	0.03483	0.01123	0.01404	0.01292	0.01011	0.01292	0.00899	0.01348	0.00674	0.00506	0.00506	0.00169	0.00674	0.00449	0.00225	0.00562
