[name]
unknown

[dist]
# distance from previous block
# <min> <max>
0	415

[block]
# block no. 0 follows, 52 sequences, length 214
# corresponding to MSA columns:
# 416-629
name=unknown_A
#
# <colnr> <probs for GDERKNQSTAVLIFYWHMCP>
#	G	D	E	R	K	N	Q	S	T	A	V	L	I	F	Y	W	H	M	C	P
0	0.86392	0.00937	0.00712	0.00637	0.00937	0.01087	0.00525	0.01425	0.00825	0.02174	0.00675	0.00787	0.00525	0.00450	0.00300	0.00150	0.00375	0.00262	0.00300	0.00525
1	0.02174	0.00825	0.01125	0.00862	0.01237	0.00712	0.00712	0.02362	0.01387	0.80282	0.01912	0.01649	0.01200	0.00600	0.00487	0.00150	0.00412	0.00487	0.00600	0.00825
2	0.01267	0.01071	0.01130	0.00999	0.01283	0.01234	0.00782	0.09857	0.71689	0.02126	0.01895	0.01746	0.01416	0.00650	0.00492	0.00163	0.00398	0.00537	0.00492	0.00773
3	0.01066	0.01077	0.01578	0.01325	0.01358	0.01467	0.06314	0.01193	0.00770	0.01193	0.00660	0.01077	0.00643	0.00818	0.01521	0.00209	0.76546	0.00434	0.00214	0.00539
4	0.01842	0.01357	0.01454	0.01115	0.01503	0.01503	0.00921	0.78330	0.02278	0.03054	0.01163	0.01163	0.00824	0.00582	0.00485	0.00145	0.00533	0.00436	0.00485	0.00824
5	0.01066	0.00963	0.01330	0.33786	0.10368	0.01132	0.01076	0.01819	0.34168	0.01631	0.03966	0.01572	0.01144	0.00581	0.00527	0.00162	0.03211	0.00495	0.00346	0.00657
6	0.00688	0.00442	0.00576	0.00661	0.00712	0.00413	0.00450	0.00790	0.00956	0.04664	0.02534	0.71426	0.02931	0.01387	0.00586	0.00187	0.00281	0.01251	0.08648	0.00418
7	0.00663	0.00497	0.00615	0.00593	0.00719	0.00450	0.00449	0.00866	0.01297	0.01771	0.58596	0.03946	0.22562	0.01062	0.00576	0.00158	0.00241	0.03985	0.00510	0.00445
8	0.00573	0.00491	0.00491	0.00491	0.00655	0.00409	0.00368	0.00695	0.01105	0.01309	0.04909	0.04664	0.79750	0.01227	0.00573	0.00164	0.00245	0.01023	0.00450	0.00409
9	0.01059	0.00540	0.00569	0.00526	0.00677	0.00542	0.00405	0.06477	0.01129	0.07555	0.01576	0.01752	0.01211	0.00568	0.00359	0.00118	0.00260	0.00453	0.73719	0.00504
10	0.01404	0.66390	0.02299	0.00913	0.01297	0.16379	0.00851	0.03474	0.01088	0.01197	0.00700	0.00805	0.00627	0.00434	0.00338	0.00109	0.00584	0.00273	0.00222	0.00616
11	0.09608	0.03494	0.56648	0.03148	0.05265	0.01107	0.04620	0.01579	0.01038	0.07786	0.00935	0.01070	0.00663	0.00467	0.00450	0.00152	0.00651	0.00370	0.00249	0.00700
12	0.03378	0.08645	0.02890	0.01066	0.03520	0.07075	0.00864	0.30727	0.14487	0.20341	0.01374	0.01317	0.00975	0.00568	0.00463	0.00145	0.00506	0.00437	0.00455	0.00768
13	0.86392	0.00937	0.00712	0.00637	0.00937	0.01087	0.00525	0.01425	0.00825	0.02174	0.00675	0.00787	0.00525	0.00450	0.00300	0.00150	0.00375	0.00262	0.00300	0.00525
14	0.01192	0.09450	0.22481	0.04432	0.09492	0.04387	0.25967	0.04855	0.03904	0.04602	0.03895	0.01265	0.00878	0.00476	0.00491	0.00150	0.00671	0.00459	0.00273	0.00681
15	0.01102	0.00777	0.00836	0.00712	0.00943	0.00784	0.00563	0.25687	0.01503	0.04440	0.11596	0.02802	0.29162	0.00851	0.00499	0.00146	0.00339	0.00696	0.14917	0.01645
16	0.00663	0.00479	0.00601	0.00598	0.00703	0.00439	0.00438	0.00850	0.01236	0.01719	0.51368	0.18226	0.14594	0.01100	0.00569	0.00160	0.00240	0.00968	0.04610	0.00439
17	0.50729	0.00933	0.00906	0.00750	0.01077	0.00998	0.00618	0.09087	0.01148	0.25790	0.03083	0.01154	0.00859	0.00521	0.00381	0.00150	0.00398	0.00362	0.00414	0.00642
18	0.01227	0.00993	0.01364	0.13906	0.16319	0.01065	0.04263	0.17988	0.13790	0.05870	0.01728	0.07902	0.08709	0.00691	0.00511	0.00159	0.00492	0.01962	0.00387	0.00674
19	0.01432	0.00829	0.00995	0.00861	0.01127	0.00847	0.00675	0.02092	0.32708	0.30623	0.12397	0.09764	0.01956	0.00764	0.00514	0.00161	0.00364	0.00649	0.00533	0.00711
20	0.01402	0.01359	0.09202	0.01756	0.27035	0.03790	0.03843	0.29450	0.07253	0.02133	0.04426	0.01306	0.00978	0.00545	0.00524	0.00150	0.03288	0.00455	0.00356	0.00751
21	0.86392	0.00937	0.00712	0.00637	0.00937	0.01087	0.00525	0.01425	0.00825	0.02174	0.00675	0.00787	0.00525	0.00450	0.00300	0.00150	0.00375	0.00262	0.00300	0.00525
22	0.00803	0.06686	0.06293	0.00748	0.00983	0.00636	0.00609	0.00968	0.00964	0.01362	0.01812	0.44472	0.02028	0.00987	0.00501	0.00146	0.00353	0.00871	0.00362	0.28417
23	0.58467	0.01076	0.00957	0.00795	0.01124	0.01224	0.00656	0.26825	0.01305	0.02465	0.00836	0.00911	0.00624	0.00493	0.00361	0.00148	0.00427	0.00320	0.00361	0.00624
24	0.01249	0.01063	0.01120	0.00995	0.01277	0.01226	0.00778	0.07736	0.73839	0.02097	0.01917	0.01764	0.01435	0.00652	0.00493	0.00163	0.00394	0.00540	0.00493	0.00771
25	0.01810	0.02310	0.01373	0.01248	0.01498	0.81024	0.00936	0.01935	0.01373	0.01186	0.00749	0.00874	0.00624	0.00499	0.00437	0.00125	0.00874	0.00312	0.00250	0.00562
26	0.01060	0.01060	0.01484	0.01272	0.01272	0.01484	0.01060	0.01166	0.00742	0.01166	0.00636	0.01060	0.00636	0.00848	0.01590	0.00212	0.82082	0.00424	0.00212	0.00530
27	0.00842	0.00421	0.00631	0.00631	0.00631	0.00421	0.00421	0.00631	0.00631	0.00842	0.00842	0.01473	0.00842	0.01684	0.01894	0.85901	0.00421	0.00421	0.00210	0.00210
28	0.25770	0.00876	0.01147	0.00975	0.01251	0.02539	0.11269	0.01521	0.01102	0.19167	0.04860	0.02411	0.01477	0.00746	0.00526	0.00172	0.02698	0.20502	0.00404	0.00586
29	0.00627	0.00493	0.00566	0.00548	0.00688	0.00432	0.00411	0.00800	0.01232	0.01612	0.40683	0.04164	0.43787	0.01114	0.00572	0.00158	0.00237	0.00953	0.00490	0.00432
30	0.86392	0.00937	0.00712	0.00637	0.00937	0.01087	0.00525	0.01425	0.00825	0.02174	0.00675	0.00787	0.00525	0.00450	0.00300	0.00150	0.00375	0.00262	0.00300	0.00525
31	0.00598	0.00499	0.00527	0.00540	0.00698	0.00427	0.00419	0.00734	0.01106	0.01327	0.04620	0.04763	0.70250	0.01241	0.00585	0.00171	0.00270	0.10362	0.00450	0.00414
32	0.01155	0.08784	0.01167	0.00750	0.01169	0.00790	0.00618	0.01393	0.03173	0.09387	0.00978	0.01069	0.00777	0.00396	0.00371	0.00085	0.00380	0.00311	0.00316	0.66930
33	0.19896	0.01883	0.51029	0.01128	0.01663	0.01051	0.01328	0.01481	0.04962	0.01673	0.01056	0.08858	0.00887	0.00570	0.00442	0.00157	0.00582	0.00445	0.00264	0.00645
34	0.00814	0.00532	0.00620	0.00589	0.00718	0.00527	0.00444	0.01152	0.08713	0.01902	0.44039	0.02792	0.03074	0.00805	0.00480	0.00139	0.00243	0.00692	0.31242	0.00485
35	0.05446	0.00798	0.01062	0.00829	0.01176	0.00703	0.00680	0.02185	0.01363	0.69584	0.09339	0.01804	0.01496	0.00631	0.00488	0.00150	0.00393	0.00516	0.00581	0.00777
36	0.01086	0.01261	0.19015	0.45873	0.12880	0.01062	0.01402	0.01445	0.01039	0.08948	0.00971	0.01255	0.00708	0.00483	0.00479	0.00156	0.00630	0.00420	0.00253	0.00635
37	0.00915	0.00861	0.01453	0.81804	0.03338	0.01077	0.01346	0.01238	0.00969	0.01238	0.00861	0.01292	0.00646	0.00484	0.00484	0.00161	0.00646	0.00431	0.00215	0.00538
38	0.00574	0.00484	0.00498	0.00509	0.00659	0.00408	0.00376	0.00693	0.01088	0.01302	0.04694	0.12161	0.72391	0.01255	0.00577	0.00167	0.00249	0.01057	0.00450	0.00408
39	0.01894	0.18682	0.02484	0.00896	0.01271	0.06484	0.00772	0.05346	0.02354	0.51261	0.02791	0.01415	0.01071	0.00558	0.00447	0.00138	0.00472	0.00430	0.00479	0.00755
40	0.01581	0.37044	0.09377	0.00924	0.01336	0.04744	0.00881	0.01884	0.07521	0.28407	0.01227	0.01189	0.00889	0.00506	0.00406	0.00130	0.00505	0.00373	0.00367	0.00710
41	0.00781	0.00558	0.00781	0.00892	0.01004	0.00558	0.00781	0.01004	0.01116	0.01450	0.02566	0.05466	0.02789	0.01339	0.00669	0.00223	0.00446	0.76685	0.00446	0.00446
42	0.01217	0.00649	0.00832	0.00710	0.00928	0.00595	0.00558	0.04541	0.03127	0.27298	0.43298	0.02930	0.09585	0.00860	0.00539	0.00153	0.00305	0.00738	0.00545	0.00594
43	0.01102	0.01776	0.40975	0.24225	0.03785	0.04507	0.02466	0.06579	0.01124	0.04740	0.00950	0.01161	0.00687	0.00485	0.00467	0.00152	0.00661	0.00395	0.03102	0.00662
44	0.01142	0.03087	0.19049	0.44097	0.02555	0.01075	0.01301	0.03055	0.06499	0.11883	0.01082	0.01301	0.00773	0.00507	0.00476	0.00157	0.00607	0.00426	0.00288	0.00639
45	0.02025	0.00785	0.01059	0.00824	0.01170	0.00684	0.00676	0.02217	0.01361	0.71646	0.05207	0.01744	0.01346	0.00614	0.00481	0.00148	0.00392	0.00502	0.06335	0.00784
46	0.01199	0.01151	0.01967	0.02974	0.79946	0.01151	0.01487	0.01487	0.01103	0.01583	0.00912	0.01199	0.00768	0.00432	0.00480	0.00144	0.00576	0.00432	0.00240	0.00768
47	0.01331	0.05700	0.37170	0.01189	0.01709	0.01023	0.08047	0.01791	0.06870	0.23334	0.02940	0.01465	0.04137	0.00548	0.00479	0.00152	0.00578	0.00459	0.00355	0.00722
48	0.01052	0.05672	0.48311	0.01385	0.07851	0.03721	0.06240	0.01467	0.01060	0.05498	0.01257	0.09065	0.04122	0.00594	0.00482	0.00154	0.00631	0.00503	0.00265	0.00669
49	0.03334	0.00819	0.01106	0.00851	0.01220	0.00713	0.00702	0.02325	0.01372	0.77675	0.01888	0.01640	0.01191	0.00597	0.00482	0.00149	0.00408	0.00483	0.02231	0.00813
50	0.20458	0.12765	0.01429	0.01196	0.09021	0.34985	0.03786	0.01621	0.01132	0.01491	0.00838	0.02772	0.00714	0.00493	0.00397	0.00132	0.00632	0.00347	0.05217	0.00575
51	0.00576	0.00477	0.00505	0.00528	0.00664	0.00406	0.00385	0.00691	0.01069	0.01295	0.04455	0.20482	0.64225	0.01286	0.00582	0.00170	0.00253	0.01095	0.00450	0.00406
52	0.01219	0.01038	0.05990	0.00853	0.01287	0.00821	0.02331	0.13220	0.01233	0.07570	0.01000	0.01098	0.00773	0.00422	0.00398	0.00097	0.00419	0.00338	0.01819	0.58075
53	0.01165	0.10334	0.15607	0.05234	0.20719	0.01098	0.12682	0.01473	0.01090	0.08854	0.04504	0.06524	0.01072	0.00548	0.00501	0.00147	0.02227	0.00498	0.00292	0.05432
54	0.01309	0.47070	0.16636	0.00991	0.01443	0.01631	0.01014	0.13222	0.09597	0.01598	0.00924	0.00992	0.00743	0.00475	0.00385	0.00126	0.00543	0.00335	0.00280	0.00686
55	0.01063	0.00978	0.01387	0.02470	0.01443	0.01064	0.16629	0.01889	0.40166	0.01804	0.13253	0.02125	0.05572	0.00705	0.00597	0.00166	0.05568	0.02041	0.00423	0.00656
56	0.01059	0.01042	0.04359	0.20618	0.17453	0.00961	0.12049	0.01352	0.01038	0.02699	0.00901	0.01166	0.00716	0.00425	0.00467	0.00127	0.01768	0.00398	0.00256	0.31147
57	0.00598	0.00428	0.00557	0.00658	0.00689	0.00400	0.00436	0.00678	0.00918	0.01218	0.02666	0.74211	0.05757	0.07386	0.00750	0.00215	0.00294	0.01317	0.00439	0.00387
58	0.01305	0.08960	0.01413	0.04735	0.13873	0.01245	0.00918	0.06970	0.45830	0.07132	0.01577	0.01539	0.01188	0.00582	0.00472	0.00153	0.00450	0.00486	0.00420	0.00751
59	0.01694	0.00996	0.01142	0.00901	0.01221	0.01030	0.00735	0.38445	0.01761	0.24744	0.08984	0.01628	0.01350	0.00624	0.00473	0.00143	0.00426	0.00495	0.12471	0.00737
60	0.00613	0.00456	0.00573	0.00639	0.00715	0.00417	0.00454	0.00735	0.01043	0.01371	0.14590	0.49419	0.19724	0.01366	0.00605	0.00185	0.00276	0.05947	0.00462	0.00410
61	0.86392	0.00937	0.00712	0.00637	0.00937	0.01087	0.00525	0.01425	0.00825	0.02174	0.00675	0.00787	0.00525	0.00450	0.00300	0.00150	0.00375	0.00262	0.00300	0.00525
62	0.00590	0.00422	0.00562	0.00675	0.00703	0.00394	0.00450	0.00675	0.00928	0.01237	0.02671	0.82653	0.03205	0.01518	0.00619	0.00197	0.00281	0.01378	0.00450	0.00394
63	0.01575	0.01100	0.01169	0.00926	0.01236	0.01204	0.00755	0.56367	0.01919	0.02699	0.01282	0.01346	0.00943	0.00577	0.00443	0.00136	0.00446	0.00441	0.24717	0.00718
64	0.00590	0.00422	0.00562	0.00675	0.00703	0.00394	0.00450	0.00675	0.00928	0.01237	0.02671	0.82653	0.03205	0.01518	0.00619	0.00197	0.00281	0.01378	0.00450	0.00394
65	0.01842	0.01357	0.01454	0.01115	0.01503	0.01503	0.00921	0.78330	0.02278	0.03054	0.01163	0.01163	0.00824	0.00582	0.00485	0.00145	0.00533	0.00436	0.00485	0.00824
66	0.86392	0.00937	0.00712	0.00637	0.00937	0.01087	0.00525	0.01425	0.00825	0.02174	0.00675	0.00787	0.00525	0.00450	0.00300	0.00150	0.00375	0.00262	0.00300	0.00525
67	0.01235	0.00555	0.00654	0.00590	0.00769	0.00520	0.00456	0.01436	0.01113	0.24078	0.01780	0.09534	0.01419	0.00666	0.00408	0.00132	0.00284	0.00551	0.53269	0.00552
68	0.09183	0.02356	0.72792	0.01310	0.01986	0.01122	0.01669	0.01524	0.01004	0.01596	0.00851	0.01000	0.00605	0.00459	0.00445	0.00153	0.00683	0.00349	0.00214	0.00698
69	0.01367	0.01183	0.02381	0.01728	0.02160	0.01129	0.55767	0.01706	0.01170	0.18991	0.01164	0.01366	0.00832	0.00481	0.00622	0.00164	0.06241	0.00543	0.00322	0.00683
70	0.01042	0.15579	0.58840	0.01431	0.09419	0.01247	0.01582	0.01506	0.01030	0.01481	0.02127	0.01042	0.00695	0.00459	0.00440	0.00144	0.00662	0.00357	0.00214	0.00701
71	0.01735	0.15109	0.13189	0.00971	0.01397	0.01102	0.00919	0.10357	0.07432	0.40669	0.01471	0.01368	0.00996	0.00550	0.00454	0.00143	0.00486	0.00429	0.00454	0.00770
72	0.01204	0.01064	0.01142	0.01104	0.06120	0.03356	0.00806	0.02433	0.69463	0.01974	0.04533	0.01807	0.01518	0.00651	0.00493	0.00162	0.00404	0.00545	0.00472	0.00751
73	0.01746	0.02213	0.01516	0.01325	0.01598	0.73353	0.08362	0.01898	0.01351	0.01221	0.00771	0.00916	0.00635	0.00491	0.00450	0.00129	0.00868	0.00337	0.00249	0.00571
74	0.01078	0.00990	0.06024	0.45889	0.09061	0.01019	0.08623	0.01386	0.01051	0.09683	0.03801	0.05132	0.00975	0.00558	0.00528	0.00161	0.02654	0.00505	0.00282	0.00599
75	0.01125	0.11161	0.57271	0.01219	0.01824	0.01147	0.01478	0.01624	0.04235	0.09383	0.04359	0.01201	0.00877	0.00500	0.00453	0.00148	0.00630	0.00390	0.00270	0.00708
76	0.00590	0.00422	0.00562	0.00675	0.00703	0.00394	0.00450	0.00675	0.00928	0.01237	0.02671	0.82653	0.03205	0.01518	0.00619	0.00197	0.00281	0.01378	0.00450	0.00394
77	0.01015	0.02333	0.70652	0.01548	0.10637	0.01122	0.01741	0.01542	0.01037	0.02715	0.00890	0.01052	0.00640	0.00459	0.00463	0.00152	0.00696	0.00368	0.00214	0.00723
78	0.01242	0.06709	0.06151	0.10034	0.09091	0.14077	0.22262	0.02773	0.08980	0.03858	0.01159	0.04451	0.00972	0.00562	0.00521	0.00155	0.02077	0.03997	0.00293	0.00636
79	0.00856	0.01741	0.50109	0.01142	0.01613	0.00907	0.01325	0.01262	0.00944	0.01390	0.01165	0.09121	0.01033	0.01465	0.23403	0.00336	0.00840	0.00502	0.00244	0.00605
80	0.00611	0.00444	0.00581	0.00682	0.00733	0.00414	0.00480	0.00715	0.00967	0.01269	0.02882	0.65906	0.10791	0.01468	0.00620	0.00197	0.00297	0.10092	0.00449	0.00401
81	0.00941	0.00887	0.01456	0.49563	0.09899	0.01074	0.04318	0.01199	0.00937	0.01256	0.00986	0.06351	0.00880	0.05288	0.00773	0.00187	0.12718	0.00509	0.00237	0.00541
82	0.01348	0.01116	0.01304	0.04288	0.11532	0.03711	0.00923	0.11908	0.43437	0.07137	0.01558	0.01538	0.01170	0.00616	0.00563	0.00160	0.06020	0.00495	0.00429	0.00747
83	0.01345	0.01259	0.07077	0.01160	0.01420	0.03666	0.03080	0.19125	0.25167	0.05155	0.01247	0.01336	0.00961	0.00669	0.00816	0.00172	0.24806	0.00463	0.00377	0.00699
84	0.00716	0.00511	0.00652	0.00643	0.00672	0.00558	0.00430	0.00778	0.00731	0.01011	0.01413	0.02661	0.01531	0.53140	0.28506	0.00561	0.04226	0.00631	0.00279	0.00350
85	0.01022	0.00871	0.01014	0.00726	0.01156	0.00663	0.00581	0.02786	0.01031	0.01609	0.00867	0.01008	0.00720	0.00363	0.00361	0.00073	0.00362	0.00290	0.00291	0.84203
86	0.09797	0.28100	0.03789	0.00986	0.01316	0.23592	0.00841	0.03019	0.21168	0.01522	0.01041	0.01083	0.00836	0.00508	0.00398	0.00132	0.00574	0.00354	0.00306	0.00639
87	0.00620	0.00452	0.00584	0.00638	0.00706	0.00416	0.00445	0.00754	0.01087	0.01472	0.27830	0.50263	0.10296	0.01322	0.00599	0.00180	0.00261	0.01184	0.00477	0.00416
88	0.02127	0.00901	0.01172	0.00898	0.01275	0.00825	0.00742	0.13210	0.01514	0.69253	0.01805	0.01580	0.01146	0.00597	0.00487	0.00149	0.00430	0.00480	0.00583	0.00825
89	0.01050	0.11700	0.46445	0.01534	0.10795	0.02419	0.11182	0.01480	0.01050	0.01485	0.02359	0.04545	0.00829	0.00500	0.00467	0.00149	0.00665	0.00433	0.00231	0.00682
90	0.04213	0.01393	0.01407	0.24086	0.01996	0.18393	0.01033	0.34222	0.03088	0.02043	0.00975	0.01136	0.00729	0.00540	0.00497	0.00148	0.02683	0.00404	0.00345	0.00669
91	0.00692	0.00519	0.00779	0.00779	0.00865	0.00606	0.00606	0.00865	0.00779	0.01125	0.01298	0.01904	0.01211	0.03634	0.81049	0.00779	0.01298	0.00519	0.00260	0.00433
92	0.01121	0.00616	0.00816	0.00725	0.00916	0.00579	0.00572	0.01389	0.05066	0.23098	0.44708	0.02998	0.03169	0.01070	0.06010	0.00199	0.00372	0.05482	0.00525	0.00569
93	0.00707	0.00491	0.00629	0.00594	0.00709	0.00457	0.00446	0.00935	0.01338	0.01930	0.72182	0.03446	0.04252	0.00950	0.00549	0.00149	0.00228	0.00836	0.08717	0.00457
94	0.06643	0.00858	0.00887	0.00747	0.00987	0.00930	0.00597	0.29481	0.06640	0.03493	0.01402	0.01505	0.01059	0.00570	0.00402	0.00131	0.00361	0.00441	0.42244	0.00619
95	0.01759	0.01468	0.09049	0.01141	0.01560	0.01467	0.01005	0.70948	0.02158	0.02908	0.01135	0.01150	0.00804	0.00570	0.00482	0.00146	0.00551	0.00429	0.00458	0.00814
96	0.01296	0.83261	0.02539	0.00829	0.01244	0.01917	0.00829	0.01451	0.00985	0.01140	0.00674	0.00777	0.00622	0.00415	0.00311	0.00104	0.00518	0.00259	0.00207	0.00622
97	0.01205	0.01041	0.01096	0.00986	0.01260	0.01205	0.00767	0.02575	0.79071	0.02027	0.01972	0.01808	0.01479	0.00657	0.00493	0.00164	0.00384	0.00548	0.00493	0.00767
98	0.00696	0.00515	0.00668	0.00724	0.00838	0.00487	0.00589	0.00884	0.01147	0.01503	0.19700	0.13767	0.18953	0.01261	0.00623	0.00193	0.00339	0.36212	0.00466	0.00435
99	0.86392	0.00937	0.00712	0.00637	0.00937	0.01087	0.00525	0.01425	0.00825	0.02174	0.00675	0.00787	0.00525	0.00450	0.00300	0.00150	0.00375	0.00262	0.00300	0.00525
100	0.01842	0.01357	0.01454	0.01115	0.01503	0.01503	0.00921	0.78330	0.02278	0.03054	0.01163	0.01163	0.00824	0.00582	0.00485	0.00145	0.00533	0.00436	0.00485	0.00824
101	0.00641	0.00510	0.00586	0.00615	0.00760	0.00455	0.00494	0.00801	0.01128	0.01398	0.09892	0.04815	0.51944	0.01241	0.00600	0.00180	0.00302	0.22757	0.00455	0.00423
102	0.00885	0.00684	0.01116	0.00955	0.01101	0.00696	0.15017	0.01041	0.00893	0.06136	0.01515	0.08234	0.01534	0.28564	0.21023	0.00423	0.03579	0.05836	0.00314	0.00454
103	0.01420	0.00993	0.01102	0.00959	0.01255	0.01096	0.00755	0.02528	0.61838	0.19387	0.01959	0.01773	0.01417	0.00645	0.00492	0.00161	0.00390	0.00534	0.00517	0.00780
104	0.01628	0.00705	0.00941	0.00763	0.01047	0.00617	0.00614	0.01823	0.01363	0.51871	0.24983	0.02434	0.07542	0.00757	0.00518	0.00152	0.00347	0.00638	0.00570	0.00688
105	0.01842	0.01357	0.01454	0.01115	0.01503	0.01503	0.00921	0.78330	0.02278	0.03054	0.01163	0.01163	0.00824	0.00582	0.00485	0.00145	0.00533	0.00436	0.00485	0.00824
106	0.01581	0.01459	0.01334	0.03831	0.01485	0.23174	0.02313	0.31155	0.01609	0.04179	0.00978	0.01063	0.00744	0.00495	0.00441	0.00122	0.00588	0.00367	0.00358	0.22722
107	0.00784	0.00724	0.00690	0.03231	0.00883	0.10407	0.00516	0.02826	0.01109	0.01343	0.08003	0.31530	0.32193	0.02751	0.00603	0.00175	0.00359	0.01012	0.00421	0.00438
108	0.86392	0.00937	0.00712	0.00637	0.00937	0.01087	0.00525	0.01425	0.00825	0.02174	0.00675	0.00787	0.00525	0.00450	0.00300	0.00150	0.00375	0.00262	0.00300	0.00525
109	0.86392	0.00937	0.00712	0.00637	0.00937	0.01087	0.00525	0.01425	0.00825	0.02174	0.00675	0.00787	0.00525	0.00450	0.00300	0.00150	0.00375	0.00262	0.00300	0.00525
110	0.00753	0.00543	0.00743	0.00832	0.00944	0.00533	0.00711	0.00967	0.01138	0.01492	0.11546	0.07793	0.06978	0.01299	0.00651	0.00211	0.00405	0.61559	0.00457	0.00444
111	0.00686	0.00495	0.00648	0.00610	0.00724	0.00457	0.00457	0.00914	0.01372	0.01943	0.79691	0.03620	0.04572	0.00991	0.00572	0.00152	0.00229	0.00876	0.00533	0.00457
112	0.00606	0.00461	0.00558	0.00600	0.00692	0.00413	0.00425	0.00735	0.01085	0.01418	0.20619	0.39632	0.28391	0.01306	0.00593	0.00176	0.00258	0.01150	0.00469	0.00413
113	0.00573	0.00491	0.00491	0.00491	0.00655	0.00409	0.00368	0.00695	0.01105	0.01309	0.04909	0.04664	0.79750	0.01227	0.00573	0.00164	0.00245	0.01023	0.00450	0.00409
114	0.01977	0.01142	0.01321	0.01013	0.01395	0.01183	0.00837	0.47580	0.01918	0.34314	0.01466	0.01360	0.00976	0.00589	0.00486	0.00147	0.00484	0.00457	0.00531	0.00824
115	0.86392	0.00937	0.00712	0.00637	0.00937	0.01087	0.00525	0.01425	0.00825	0.02174	0.00675	0.00787	0.00525	0.00450	0.00300	0.00150	0.00375	0.00262	0.00300	0.00525
116	0.01205	0.01041	0.01096	0.00986	0.01260	0.01205	0.00767	0.02575	0.79071	0.02027	0.01972	0.01808	0.01479	0.00657	0.00493	0.00164	0.00384	0.00548	0.00493	0.00767
117	0.86392	0.00937	0.00712	0.00637	0.00937	0.01087	0.00525	0.01425	0.00825	0.02174	0.00675	0.00787	0.00525	0.00450	0.00300	0.00150	0.00375	0.00262	0.00300	0.00525
118	0.01842	0.01357	0.01454	0.01115	0.01503	0.01503	0.00921	0.78330	0.02278	0.03054	0.01163	0.01163	0.00824	0.00582	0.00485	0.00145	0.00533	0.00436	0.00485	0.00824
119	0.01810	0.02310	0.01373	0.01248	0.01498	0.81024	0.00936	0.01935	0.01373	0.01186	0.00749	0.00874	0.00624	0.00499	0.00437	0.00125	0.00874	0.00312	0.00250	0.00562
120	0.01533	0.00779	0.00923	0.00779	0.01050	0.00778	0.00620	0.02068	0.23381	0.35464	0.01834	0.01740	0.01291	0.00606	0.00446	0.00143	0.00351	0.00494	0.25016	0.00701
121	0.00667	0.00497	0.00661	0.00723	0.00761	0.00515	0.00514	0.00772	0.00945	0.01301	0.07637	0.60341	0.02908	0.03947	0.00758	0.00202	0.08152	0.04406	0.03883	0.00413
122	0.00594	0.00424	0.00565	0.00673	0.00704	0.00396	0.00450	0.00683	0.00943	0.01261	0.05306	0.79949	0.03252	0.01500	0.00617	0.00195	0.00279	0.01360	0.00453	0.00396
123	0.00885	0.00822	0.01351	0.69197	0.04927	0.00996	0.01236	0.01184	0.00990	0.01261	0.01311	0.01759	0.08328	0.00584	0.00499	0.00163	0.00599	0.03133	0.00247	0.00528
124	0.01810	0.02310	0.01373	0.01248	0.01498	0.81024	0.00936	0.01935	0.01373	0.01186	0.00749	0.00874	0.00624	0.00499	0.00437	0.00125	0.00874	0.00312	0.00250	0.00562
125	0.01018	0.00869	0.01012	0.00724	0.01154	0.00659	0.00580	0.02404	0.01024	0.01602	0.00866	0.01007	0.00719	0.00362	0.00361	0.00073	0.00362	0.00289	0.00290	0.84625
126	0.01351	0.74674	0.02420	0.00868	0.01271	0.07046	0.00840	0.04600	0.01062	0.01221	0.00698	0.00799	0.00630	0.00427	0.00326	0.00107	0.00542	0.00270	0.00221	0.00626
127	0.85096	0.00935	0.00719	0.00641	0.00942	0.01081	0.00528	0.01439	0.00833	0.03376	0.00694	0.00800	0.00535	0.00452	0.00303	0.00150	0.00375	0.00266	0.00305	0.00529
128	0.01638	0.01432	0.09801	0.01274	0.07609	0.01406	0.01041	0.56803	0.09632	0.02679	0.01193	0.01215	0.00862	0.00565	0.00483	0.00148	0.00541	0.00439	0.00437	0.00803
129	0.01342	0.03930	0.01202	0.00996	0.01295	0.01251	0.00794	0.15340	0.59124	0.04902	0.01799	0.01728	0.01354	0.00647	0.00489	0.00160	0.00416	0.01980	0.00485	0.00768
130	0.01069	0.00761	0.01007	0.00891	0.01002	0.00896	0.00696	0.09091	0.00978	0.10178	0.01239	0.01855	0.01144	0.18632	0.28208	0.00442	0.20558	0.00522	0.00317	0.00512
131	0.25702	0.01577	0.01315	0.03917	0.01484	0.34663	0.08970	0.04661	0.10404	0.01677	0.00916	0.01031	0.00717	0.00497	0.00422	0.00143	0.00647	0.00362	0.00300	0.00594
132	0.00903	0.00452	0.00452	0.00452	0.00565	0.00452	0.00339	0.01129	0.01016	0.01807	0.01581	0.01807	0.01242	0.00565	0.00339	0.00113	0.00226	0.00452	0.85659	0.00452
133	0.86392	0.00937	0.00712	0.00637	0.00937	0.01087	0.00525	0.01425	0.00825	0.02174	0.00675	0.00787	0.00525	0.00450	0.00300	0.00150	0.00375	0.00262	0.00300	0.00525
134	0.86392	0.00937	0.00712	0.00637	0.00937	0.01087	0.00525	0.01425	0.00825	0.02174	0.00675	0.00787	0.00525	0.00450	0.00300	0.00150	0.00375	0.00262	0.00300	0.00525
135	0.00842	0.00421	0.00631	0.00631	0.00631	0.00421	0.00421	0.00631	0.00631	0.00842	0.00842	0.01473	0.00842	0.01684	0.01894	0.85901	0.00421	0.00421	0.00210	0.00210
136	0.86392	0.00937	0.00712	0.00637	0.00937	0.01087	0.00525	0.01425	0.00825	0.02174	0.00675	0.00787	0.00525	0.00450	0.00300	0.00150	0.00375	0.00262	0.00300	0.00525
137	0.01269	0.01409	0.01453	0.01266	0.01335	0.23669	0.01026	0.01381	0.00918	0.01172	0.00668	0.01008	0.00633	0.00751	0.01269	0.00188	0.59432	0.00393	0.00223	0.00539
138	0.04276	0.00583	0.00791	0.00754	0.00848	0.00578	0.05768	0.00938	0.00906	0.03728	0.05097	0.03572	0.02036	0.44674	0.01595	0.00342	0.00471	0.22294	0.00354	0.00395
139	0.00613	0.00475	0.00564	0.00626	0.00729	0.00427	0.00465	0.00736	0.01038	0.01303	0.03669	0.35102	0.37835	0.01358	0.00606	0.00186	0.00291	0.13120	0.00449	0.00409
140	0.82800	0.00932	0.00730	0.00647	0.00950	0.01071	0.00533	0.01464	0.00849	0.05506	0.00728	0.00824	0.00554	0.00456	0.00308	0.00150	0.00376	0.00272	0.00313	0.00538
141	0.01296	0.83261	0.02539	0.00829	0.01244	0.01917	0.00829	0.01451	0.00985	0.01140	0.00674	0.00777	0.00622	0.00415	0.00311	0.00104	0.00518	0.00259	0.00207	0.00622
142	0.00972	0.02507	0.80458	0.01381	0.02097	0.01125	0.01790	0.01535	0.01023	0.01535	0.00870	0.01023	0.00614	0.00460	0.00460	0.00153	0.00716	0.00358	0.00205	0.00716
143	0.86392	0.00937	0.00712	0.00637	0.00937	0.01087	0.00525	0.01425	0.00825	0.02174	0.00675	0.00787	0.00525	0.00450	0.00300	0.00150	0.00375	0.00262	0.00300	0.00525
144	0.35819	0.01189	0.01156	0.00923	0.01276	0.01336	0.00762	0.47425	0.01694	0.02701	0.00967	0.01012	0.00704	0.00529	0.00410	0.00147	0.00470	0.00366	0.00410	0.00704
145	0.02174	0.00825	0.01125	0.00862	0.01237	0.00712	0.00712	0.02362	0.01387	0.80282	0.01912	0.01649	0.01200	0.00600	0.00487	0.00150	0.00412	0.00487	0.00600	0.00825
146	0.00813	0.00433	0.00619	0.00619	0.00622	0.00436	0.00405	0.00652	0.00649	0.00868	0.00975	0.01780	0.01013	0.15714	0.04738	0.68273	0.00460	0.00473	0.00226	0.00232
147	0.00799	0.00530	0.00760	0.00737	0.00765	0.00605	0.00535	0.00776	0.00701	0.00983	0.01056	0.01787	0.01058	0.12680	0.27836	0.37621	0.09713	0.00490	0.00237	0.00329
148	0.00573	0.00491	0.00491	0.00491	0.00655	0.00409	0.00368	0.00695	0.01105	0.01309	0.04909	0.04664	0.79750	0.01227	0.00573	0.00164	0.00245	0.01023	0.00450	0.00409
149	0.01969	0.01155	0.01329	0.01019	0.01402	0.01202	0.00842	0.49420	0.01939	0.32444	0.01448	0.01348	0.00967	0.00589	0.00486	0.00147	0.00487	0.00456	0.00529	0.00824
150	0.00874	0.00792	0.01265	0.19059	0.06542	0.00946	0.06180	0.01080	0.00884	0.01243	0.03535	0.06871	0.01158	0.04227	0.25978	0.00376	0.17674	0.00551	0.00260	0.00506
151	0.01194	0.01290	0.01499	0.47165	0.12569	0.22248	0.01244	0.01451	0.01084	0.01266	0.00829	0.01160	0.00655	0.00496	0.00516	0.00152	0.03981	0.00399	0.00227	0.00574
152	0.02057	0.00795	0.01083	0.00848	0.01198	0.00689	0.00693	0.02237	0.01353	0.74434	0.01968	0.07642	0.01348	0.00668	0.00497	0.00153	0.00403	0.00553	0.00589	0.00793
153	0.00671	0.00518	0.00618	0.00612	0.00747	0.00476	0.00469	0.00898	0.04127	0.01642	0.39123	0.06736	0.31555	0.01118	0.00581	0.00166	0.00265	0.08741	0.00490	0.00448
154	0.01199	0.01151	0.01967	0.02974	0.79946	0.01151	0.01487	0.01487	0.01103	0.01583	0.00912	0.01199	0.00768	0.00432	0.00480	0.00144	0.00576	0.00432	0.00240	0.00768
155	0.00946	0.00730	0.00822	0.00761	0.00958	0.00759	0.00589	0.04192	0.28659	0.05002	0.23878	0.06215	0.19068	0.00931	0.00544	0.00164	0.00317	0.04390	0.00495	0.00581
156	0.00717	0.00499	0.00639	0.00601	0.00723	0.00459	0.00452	0.00938	0.01341	0.03389	0.70474	0.03567	0.08796	0.00979	0.00560	0.00151	0.00233	0.00859	0.04161	0.00461
157	0.00705	0.00470	0.00529	0.00529	0.00529	0.00470	0.00294	0.00705	0.00705	0.00940	0.01527	0.03171	0.01762	0.82969	0.02467	0.00470	0.00470	0.00705	0.00294	0.00294
158	0.01287	0.81228	0.04500	0.00843	0.01265	0.01898	0.00853	0.01453	0.00986	0.01150	0.00679	0.00784	0.00622	0.00416	0.00315	0.00105	0.00523	0.00262	0.00207	0.00624
159	0.01164	0.37167	0.01948	0.01078	0.01260	0.01675	0.00959	0.01291	0.00849	0.01155	0.00653	0.00936	0.00630	0.00658	0.01028	0.00164	0.46255	0.00352	0.00210	0.00570
160	0.00859	0.03561	0.13113	0.15879	0.01679	0.00812	0.05881	0.01152	0.01062	0.01406	0.01885	0.07891	0.03279	0.00969	0.00582	0.00191	0.00537	0.38396	0.00347	0.00519
161	0.01296	0.83261	0.02539	0.00829	0.01244	0.01917	0.00829	0.01451	0.00985	0.01140	0.00674	0.00777	0.00622	0.00415	0.00311	0.00104	0.00518	0.00259	0.00207	0.00622
162	0.09916	0.02115	0.01336	0.01261	0.04791	0.68791	0.00920	0.02963	0.01322	0.01325	0.00755	0.00884	0.00624	0.00493	0.00426	0.00128	0.00808	0.00314	0.00257	0.00571
163	0.00631	0.00439	0.00550	0.00623	0.00641	0.00421	0.00394	0.00685	0.00848	0.01131	0.02264	0.54358	0.02691	0.30514	0.01276	0.00294	0.00348	0.01138	0.00394	0.00358
164	0.01028	0.01611	0.33965	0.22274	0.11357	0.04291	0.03961	0.01421	0.01056	0.03225	0.05088	0.02851	0.00932	0.00525	0.00501	0.00154	0.02281	0.00444	0.02396	0.00640
165	0.01089	0.01021	0.01710	0.20693	0.50207	0.01061	0.03247	0.01390	0.02146	0.01503	0.01013	0.04720	0.00868	0.00495	0.00480	0.00147	0.00562	0.00472	0.03242	0.03935
166	0.01749	0.01168	0.01275	0.00992	0.01340	0.01263	0.00815	0.58625	0.01997	0.11901	0.01309	0.01310	0.00927	0.00581	0.00465	0.00141	0.00476	0.00444	0.12447	0.00772
167	0.01193	0.00947	0.01298	0.04308	0.22155	0.00833	0.00870	0.02463	0.03696	0.09848	0.01026	0.01163	0.00806	0.00421	0.00415	0.00106	0.00436	0.00362	0.00314	0.47338
168	0.01042	0.00628	0.00900	0.00828	0.00962	0.00675	0.01901	0.01191	0.00932	0.18464	0.01591	0.13949	0.01488	0.08012	0.37460	0.00472	0.07983	0.00647	0.00361	0.00515
169	0.01087	0.15917	0.01260	0.00730	0.01136	0.00881	0.00614	0.02450	0.01029	0.03043	0.00897	0.01028	0.00744	0.00390	0.00353	0.00083	0.00383	0.00298	0.05632	0.62045
170	0.00688	0.00556	0.00620	0.00593	0.00751	0.00519	0.00448	0.00995	0.10159	0.01633	0.33071	0.03938	0.42112	0.01072	0.00563	0.00159	0.00255	0.00912	0.00487	0.00469
171	0.01146	0.21072	0.45012	0.01198	0.01761	0.01351	0.02973	0.07581	0.10475	0.01620	0.00981	0.01077	0.00738	0.00482	0.00434	0.00143	0.00618	0.00368	0.00262	0.00707
172	0.01088	0.06061	0.02953	0.30560	0.20308	0.01106	0.02493	0.02913	0.08351	0.04851	0.06758	0.04236	0.01149	0.00578	0.00539	0.00156	0.04473	0.00499	0.00299	0.00630
173	0.00981	0.00697	0.00824	0.00752	0.00940	0.00716	0.00576	0.01560	0.26362	0.09184	0.39436	0.07401	0.06809	0.00888	0.00541	0.00159	0.00299	0.00770	0.00518	0.00585
174	0.00842	0.00421	0.00631	0.00631	0.00631	0.00421	0.00421	0.00631	0.00631	0.00842	0.00842	0.01473	0.00842	0.01684	0.01894	0.85901	0.00421	0.00421	0.00210	0.00210
175	0.01465	0.05969	0.17075	0.01601	0.15803	0.08608	0.14349	0.07915	0.02623	0.18166	0.01136	0.01232	0.00819	0.00490	0.00481	0.00147	0.00628	0.00435	0.00333	0.00727
176	0.00631	0.00475	0.00675	0.00735	0.00793	0.00448	0.03772	0.00761	0.02426	0.01306	0.06969	0.73171	0.03145	0.01425	0.00612	0.00192	0.00303	0.01299	0.00447	0.00415
177	0.00595	0.00494	0.00521	0.00521	0.00677	0.00421	0.00395	0.00734	0.01137	0.01390	0.13642	0.04573	0.67755	0.01204	0.00577	0.00165	0.00252	0.04073	0.00460	0.00416
178	0.01149	0.01190	0.03792	0.11271	0.49129	0.01163	0.22137	0.01479	0.01098	0.01536	0.00924	0.01235	0.00742	0.00432	0.00505	0.00151	0.00651	0.00468	0.00238	0.00711
179	0.03825	0.08581	0.48906	0.01395	0.05250	0.03872	0.08786	0.06674	0.01143	0.05807	0.00931	0.01068	0.00675	0.00467	0.00457	0.00148	0.00670	0.00381	0.00254	0.00707
180	0.01025	0.01008	0.01416	0.01225	0.01233	0.01400	0.01017	0.01137	0.00746	0.01162	0.00700	0.01141	0.00691	0.01116	0.09229	0.00267	0.74316	0.00433	0.00217	0.00521
181	0.00705	0.00470	0.00529	0.00529	0.00529	0.00470	0.00294	0.00705	0.00705	0.00940	0.01527	0.03171	0.01762	0.82969	0.02467	0.00470	0.00470	0.00705	0.00294	0.00294
182	0.23240	0.01434	0.01343	0.03767	0.16438	0.21182	0.00945	0.22641	0.01418	0.02028	0.00878	0.01006	0.00682	0.00496	0.00425	0.00142	0.00589	0.00360	0.00324	0.00663
183	0.00624	0.00485	0.00568	0.00564	0.00690	0.00428	0.00417	0.00788	0.01200	0.01577	0.37213	0.13331	0.38059	0.01158	0.00578	0.00163	0.00242	0.01001	0.00486	0.00428
184	0.01042	0.10362	0.41441	0.19358	0.10423	0.02813	0.05062	0.01464	0.01028	0.01427	0.00854	0.01086	0.00644	0.00456	0.00457	0.00149	0.00673	0.00380	0.00214	0.00666
185	0.01283	0.01200	0.01158	0.01031	0.01281	0.11650	0.00805	0.05971	0.56237	0.01901	0.04992	0.01678	0.01407	0.00661	0.00568	0.00161	0.06344	0.00517	0.00442	0.00713
186	0.00864	0.00798	0.01343	0.63860	0.02823	0.00957	0.04113	0.01147	0.00968	0.01250	0.01198	0.16236	0.01119	0.00671	0.00512	0.00168	0.00586	0.00610	0.00260	0.00516
187	0.06517	0.00825	0.01043	0.06762	0.01178	0.03725	0.00769	0.04188	0.00923	0.03783	0.03877	0.14884	0.01392	0.07567	0.14724	0.00308	0.26114	0.00622	0.00306	0.00493
188	0.01287	0.81056	0.04667	0.00844	0.01267	0.01896	0.00855	0.01453	0.00986	0.01151	0.00679	0.00784	0.00622	0.00416	0.00315	0.00105	0.00524	0.00262	0.00207	0.00624
189	0.00686	0.00492	0.00671	0.00780	0.00854	0.00477	0.00615	0.00841	0.01027	0.01347	0.02679	0.41575	0.05085	0.01420	0.00643	0.00209	0.00363	0.39368	0.00448	0.00421
190	0.00590	0.00422	0.00562	0.00675	0.00703	0.00394	0.00450	0.00675	0.00928	0.01237	0.02671	0.82653	0.03205	0.01518	0.00619	0.00197	0.00281	0.01378	0.00450	0.00394
191	0.01140	0.28081	0.12676	0.00882	0.01334	0.01203	0.00855	0.04073	0.07196	0.01515	0.00899	0.01002	0.00735	0.00422	0.00372	0.00103	0.00469	0.00314	0.00272	0.36457
192	0.01032	0.01018	0.01430	0.01234	0.01241	0.01416	0.01025	0.01143	0.00745	0.01163	0.00687	0.01126	0.00681	0.01064	0.07753	0.00256	0.75817	0.00431	0.00216	0.00523
193	0.01041	0.00619	0.00653	0.00596	0.00751	0.00642	0.00456	0.15258	0.01246	0.01976	0.04737	0.06814	0.01440	0.03464	0.00465	0.00138	0.00294	0.00532	0.58367	0.00511
194	0.00692	0.00519	0.00779	0.00779	0.00865	0.00606	0.00606	0.00865	0.00779	0.01125	0.01298	0.01904	0.01211	0.03634	0.81049	0.00779	0.01298	0.00519	0.00260	0.00433
195	0.20763	0.00881	0.01114	0.01015	0.08737	0.00838	0.00745	0.02070	0.01235	0.55390	0.01541	0.01415	0.01008	0.00550	0.00445	0.00149	0.00420	0.00432	0.00499	0.00753
196	0.01217	0.01168	0.01782	0.20229	0.52827	0.05706	0.01384	0.07003	0.01174	0.01590	0.00909	0.01199	0.00737	0.00458	0.00479	0.00147	0.00605	0.00425	0.00253	0.00709
197	0.00705	0.00470	0.00529	0.00529	0.00529	0.00470	0.00294	0.00705	0.00705	0.00940	0.01527	0.03171	0.01762	0.82969	0.02467	0.00470	0.00470	0.00705	0.00294	0.00294
198	0.01208	0.48273	0.01889	0.00838	0.01161	0.06840	0.06279	0.01400	0.01032	0.01363	0.00959	0.01115	0.00807	0.00463	0.00346	0.00112	0.00481	0.00340	0.24524	0.00572
199	0.01199	0.01151	0.01967	0.02974	0.79946	0.01151	0.01487	0.01487	0.01103	0.01583	0.00912	0.01199	0.00768	0.00432	0.00480	0.00144	0.00576	0.00432	0.00240	0.00768
200	0.01279	0.01009	0.01126	0.00876	0.01254	0.00972	0.00702	0.17474	0.21748	0.05357	0.01260	0.01276	0.00960	0.00493	0.00425	0.00115	0.00403	0.00395	0.00395	0.42481
201	0.00991	0.00600	0.00694	0.00640	0.00733	0.00606	0.00420	0.01205	0.11454	0.12880	0.01645	0.02760	0.01640	0.59543	0.01904	0.00381	0.00450	0.00651	0.00366	0.00437
202	0.00699	0.00491	0.00638	0.00638	0.00676	0.00529	0.00430	0.00775	0.00737	0.01021	0.01427	0.02617	0.01521	0.48305	0.36802	0.00605	0.00832	0.00624	0.00279	0.00354
203	0.02153	0.00858	0.01145	0.00878	0.01254	0.00762	0.00725	0.07122	0.01443	0.75442	0.01865	0.01619	0.01176	0.00599	0.00487	0.00150	0.00420	0.00484	0.00593	0.00825
204	0.25677	0.01392	0.01250	0.14719	0.06989	0.22756	0.00920	0.16296	0.02655	0.01876	0.00859	0.01014	0.00663	0.00497	0.00419	0.00144	0.00599	0.00354	0.00307	0.00615
205	0.00590	0.00422	0.00562	0.00675	0.00703	0.00394	0.00450	0.00675	0.00928	0.01237	0.02671	0.82653	0.03205	0.01518	0.00619	0.00197	0.00281	0.01378	0.00450	0.00394
206	0.00903	0.00452	0.00452	0.00452	0.00565	0.00452	0.00339	0.01129	0.01016	0.01807	0.01581	0.01807	0.01242	0.00565	0.00339	0.00113	0.00226	0.00452	0.85659	0.00452
207	0.01378	0.01051	0.04594	0.01857	0.32803	0.00956	0.11897	0.03358	0.01235	0.22269	0.09562	0.01697	0.03972	0.00563	0.00507	0.00150	0.00523	0.00530	0.00377	0.00721
208	0.01192	0.01164	0.01875	0.08867	0.69212	0.04538	0.01433	0.01472	0.01101	0.01533	0.00935	0.02782	0.00800	0.00460	0.00481	0.00145	0.00588	0.00445	0.00243	0.00734
209	0.00616	0.00445	0.00589	0.00695	0.00742	0.00418	0.00492	0.00722	0.00964	0.01271	0.02784	0.67386	0.07503	0.01476	0.00623	0.00199	0.00302	0.11922	0.00449	0.00402
210	0.02151	0.01095	0.01319	0.01029	0.01413	0.01059	0.00835	0.29254	0.01768	0.51693	0.01745	0.01626	0.01168	0.00668	0.00536	0.00169	0.00495	0.00505	0.00593	0.00879
211	0.00994	0.00998	0.03065	0.19764	0.11728	0.01090	0.16687	0.02359	0.02201	0.01451	0.09455	0.04118	0.05303	0.00666	0.00752	0.00170	0.17769	0.00565	0.00284	0.00580
212	0.01838	0.01179	0.01115	0.00946	0.01235	0.19656	0.00734	0.03225	0.01398	0.39998	0.05777	0.01908	0.06051	0.00703	0.00514	0.00161	0.00519	0.00528	0.11788	0.00725
213	0.02174	0.00825	0.01125	0.00862	0.01237	0.00712	0.00712	0.02362	0.01387	0.80282	0.01912	0.01649	0.01200	0.00600	0.00487	0.00150	0.00412	0.00487	0.00600	0.00825

[dist]
# distance from previous block
# <min> <max>
0	1

[block]
# block no. 1 follows, 52 sequences, length 37
# corresponding to MSA columns:
# 631-667
name=unknown_B
#
# <colnr> <probs for GDERKNQSTAVLIFYWHMCP>
#	G	D	E	R	K	N	Q	S	T	A	V	L	I	F	Y	W	H	M	C	P
0	0.01158	0.28664	0.43116	0.01151	0.01698	0.05332	0.01328	0.06267	0.01102	0.01472	0.00888	0.04134	0.00731	0.00496	0.00418	0.00137	0.00631	0.00368	0.00235	0.00672
1	0.01313	0.10569	0.32839	0.01393	0.01898	0.20483	0.16323	0.03671	0.01175	0.04626	0.00891	0.01046	0.00670	0.00464	0.00463	0.00143	0.00736	0.00386	0.00247	0.00664
2	0.54832	0.08318	0.01043	0.13703	0.01386	0.04115	0.00711	0.01482	0.02877	0.05354	0.00808	0.00949	0.00621	0.00468	0.00349	0.00147	0.00449	0.00311	0.01522	0.00555
3	0.01277	0.78634	0.07004	0.00861	0.01293	0.01872	0.00884	0.01456	0.00987	0.01163	0.00685	0.00791	0.00621	0.00417	0.00320	0.00107	0.00530	0.00265	0.00207	0.00627
4	0.01015	0.01561	0.32697	0.05087	0.10139	0.00952	0.08300	0.01399	0.01034	0.01557	0.00922	0.01120	0.00710	0.00429	0.00436	0.00127	0.00571	0.00373	0.05159	0.26410
5	0.00590	0.00422	0.00562	0.00675	0.00703	0.00394	0.00450	0.00675	0.00928	0.01237	0.02671	0.82653	0.03205	0.01518	0.00619	0.00197	0.00281	0.01378	0.00450	0.00394
6	0.01586	0.00731	0.00880	0.00725	0.00990	0.00700	0.00582	0.08412	0.05158	0.38137	0.01717	0.01679	0.01198	0.00587	0.00428	0.00135	0.00346	0.00472	0.34866	0.00671
7	0.00943	0.00883	0.01510	0.28473	0.26556	0.00938	0.08191	0.01204	0.01027	0.01382	0.01453	0.17950	0.04459	0.00718	0.00525	0.00165	0.00546	0.02207	0.00287	0.00584
8	0.11676	0.01028	0.01305	0.02572	0.23871	0.02931	0.00929	0.19864	0.01287	0.03634	0.03094	0.01499	0.02243	0.07841	0.08013	0.00234	0.04613	0.00462	0.02263	0.00642
9	0.00596	0.00439	0.00553	0.00635	0.00689	0.00402	0.00430	0.00690	0.00970	0.01271	0.06527	0.62809	0.16241	0.04479	0.00677	0.00199	0.00280	0.01269	0.00448	0.00395
10	0.00705	0.00470	0.00529	0.00529	0.00529	0.00470	0.00294	0.00705	0.00705	0.00940	0.01527	0.03171	0.01762	0.82969	0.02467	0.00470	0.00470	0.00705	0.00294	0.00294
11	0.02864	0.21452	0.15636	0.18350	0.03760	0.06156	0.04052	0.01444	0.05469	0.01358	0.02826	0.01269	0.03469	0.00595	0.01979	0.00159	0.07897	0.00409	0.00249	0.00605
12	0.01051	0.22266	0.61393	0.01246	0.01889	0.01319	0.01555	0.01514	0.01014	0.01438	0.00822	0.00963	0.00616	0.00449	0.00424	0.00141	0.00668	0.00334	0.00205	0.00693
13	0.02142	0.00877	0.01157	0.00887	0.01263	0.00790	0.00733	0.09799	0.01474	0.72722	0.01839	0.01602	0.01163	0.00598	0.00487	0.00150	0.00424	0.00482	0.00589	0.00825
14	0.81036	0.00930	0.00738	0.00652	0.00956	0.01063	0.00537	0.01484	0.00860	0.07142	0.00753	0.00842	0.00568	0.00459	0.00312	0.00150	0.00377	0.00277	0.00319	0.00544
15	0.01089	0.03687	0.06051	0.18725	0.01874	0.00892	0.18989	0.01387	0.01171	0.12369	0.19189	0.02020	0.05293	0.00632	0.00515	0.00154	0.00521	0.00591	0.04260	0.00589
16	0.01140	0.01078	0.02987	0.01070	0.01222	0.09965	0.05627	0.10589	0.02124	0.01540	0.01209	0.09319	0.01141	0.02822	0.04876	0.00209	0.27077	0.03371	0.12089	0.00547
17	0.00614	0.00447	0.00581	0.00672	0.00719	0.00422	0.00456	0.00747	0.03227	0.01311	0.08050	0.71790	0.06266	0.01445	0.00610	0.00191	0.00279	0.01305	0.00457	0.00409
18	0.09836	0.00835	0.01087	0.00842	0.01210	0.00746	0.00695	0.02276	0.01336	0.73176	0.01799	0.01571	0.01138	0.00586	0.00470	0.00150	0.00409	0.00467	0.00573	0.00797
19	0.00947	0.00893	0.01516	0.63604	0.12912	0.01053	0.04391	0.01259	0.01000	0.01310	0.01047	0.01425	0.03795	0.00506	0.00488	0.00158	0.00619	0.00460	0.02052	0.00565
20	0.01333	0.00947	0.01126	0.01005	0.01248	0.01023	0.00851	0.35516	0.01632	0.06054	0.01833	0.03187	0.01750	0.00946	0.00614	0.00184	0.03701	0.35950	0.00462	0.00637
21	0.00787	0.00548	0.00632	0.00594	0.00762	0.00491	0.00451	0.01011	0.05069	0.08733	0.28716	0.06556	0.41704	0.01075	0.00562	0.00160	0.00263	0.00915	0.00493	0.00480
22	0.01183	0.00758	0.00988	0.04973	0.08928	0.03846	0.04198	0.03572	0.02413	0.15726	0.07372	0.09773	0.03376	0.00696	0.00462	0.00143	0.00388	0.01586	0.29042	0.00577
23	0.02119	0.00913	0.01179	0.00904	0.01281	0.00843	0.00747	0.14964	0.01535	0.67471	0.01788	0.01569	0.01137	0.00597	0.00487	0.00149	0.00432	0.00479	0.00581	0.00825
24	0.00595	0.00426	0.00567	0.00671	0.00704	0.00397	0.00450	0.00687	0.00951	0.01274	0.06704	0.78514	0.03277	0.01491	0.00616	0.00194	0.00278	0.01351	0.00454	0.00397
25	0.00977	0.00758	0.01186	0.02676	0.01260	0.00735	0.16186	0.07311	0.05091	0.08321	0.04505	0.37653	0.09208	0.01034	0.00573	0.00175	0.00428	0.00955	0.00424	0.00543
26	0.02993	0.13400	0.01289	0.00778	0.01196	0.00882	0.02573	0.01267	0.00995	0.01516	0.00827	0.00974	0.00697	0.00382	0.00383	0.00084	0.02207	0.00292	0.00273	0.66992
