[name]
unknown

[dist]
# distance from previous block
# <min> <max>
0	130

[block]
# block no. 0 follows, 51 sequences, length 29
# corresponding to MSA columns:
# 130-158
name=unknown_A
#
# <colnr> <probs for GDERKNQSTAVLIFYWHMCP>
#	G	D	E	R	K	N	Q	S	T	A	V	L	I	F	Y	W	H	M	C	P
0	0.00797	0.00592	0.00755	0.00718	0.00858	0.00608	0.00552	0.01167	0.11781	0.03327	0.42798	0.03092	0.07226	0.01596	0.19157	0.00306	0.00516	0.03183	0.00465	0.00505
1	0.00667	0.00478	0.00533	0.00543	0.00592	0.00452	0.00338	0.00715	0.00861	0.01108	0.04606	0.11551	0.22369	0.51100	0.01760	0.00359	0.00391	0.00872	0.00362	0.00343
2	0.03075	0.00607	0.00754	0.00688	0.00854	0.00540	0.00495	0.02271	0.00950	0.08829	0.01740	0.26433	0.04183	0.10358	0.00987	0.15571	0.00369	0.00747	0.00368	0.20183
3	0.01014	0.00551	0.00704	0.00679	0.00801	0.00503	0.00476	0.01114	0.01026	0.19478	0.06612	0.33726	0.06044	0.21978	0.01064	0.00253	0.00362	0.00946	0.00452	0.02214
4	0.00659	0.00478	0.00557	0.00571	0.00652	0.00441	0.00389	0.00772	0.01037	0.01382	0.20742	0.19152	0.23592	0.22871	0.01091	0.00250	0.00312	0.00965	0.03693	0.00394
5	0.00665	0.00457	0.00598	0.00667	0.00725	0.00423	0.00457	0.00778	0.01032	0.03671	0.15946	0.60984	0.06287	0.04017	0.00674	0.00198	0.00285	0.01247	0.00470	0.00420
6	0.04241	0.00717	0.00888	0.00732	0.01004	0.00663	0.00583	0.01867	0.05315	0.44875	0.03695	0.01990	0.05605	0.05291	0.00574	0.00163	0.00362	0.00533	0.20229	0.00674
7	0.00662	0.00477	0.00627	0.00641	0.00727	0.00441	0.00461	0.00843	0.01236	0.01723	0.52914	0.30866	0.04158	0.01189	0.00596	0.00170	0.00250	0.01064	0.00512	0.00441
8	0.00928	0.00873	0.01474	0.81548	0.03385	0.01092	0.01365	0.01256	0.00983	0.01256	0.00873	0.01310	0.00655	0.00491	0.00491	0.00164	0.00655	0.00437	0.00218	0.00546
9	0.00693	0.00472	0.00549	0.00588	0.00683	0.00441	0.00419	0.00864	0.02594	0.01511	0.12596	0.34747	0.20095	0.01165	0.00543	0.00166	0.00259	0.01018	0.20167	0.00432
10	0.01976	0.00780	0.01054	0.00835	0.01161	0.00680	0.00671	0.02145	0.01321	0.68360	0.01967	0.07742	0.01409	0.06739	0.00652	0.00180	0.00413	0.00577	0.00574	0.00764
11	0.01740	0.20298	0.01730	0.01064	0.01463	0.01621	0.00912	0.60284	0.02006	0.02647	0.01065	0.01089	0.00788	0.00551	0.00451	0.00138	0.00537	0.00401	0.00426	0.00788
12	0.00696	0.00502	0.00657	0.00618	0.00734	0.00464	0.00464	0.00927	0.01391	0.01971	0.79405	0.03671	0.04637	0.01005	0.00580	0.00155	0.00232	0.00889	0.00541	0.00464
13	0.00714	0.00480	0.00553	0.00553	0.00559	0.00486	0.00319	0.00726	0.00720	0.00966	0.01533	0.03129	0.01749	0.77408	0.07771	0.00498	0.00533	0.00702	0.00295	0.00307
14	0.00660	0.00472	0.00582	0.00605	0.00668	0.00442	0.00408	0.00774	0.01045	0.01416	0.27744	0.27976	0.10718	0.22962	0.01106	0.00255	0.00315	0.01014	0.00442	0.00395
15	0.00818	0.00631	0.00762	0.00707	0.00860	0.00639	0.00536	0.01318	0.19325	0.01990	0.61466	0.03245	0.03910	0.00926	0.00561	0.00157	0.00268	0.00812	0.00531	0.00536
16	0.01232	0.01108	0.01959	0.24274	0.17261	0.02323	0.25651	0.01658	0.08107	0.09785	0.01133	0.01376	0.00842	0.00485	0.00519	0.00159	0.00651	0.00498	0.00300	0.00679
17	0.01228	0.01050	0.01237	0.19682	0.01794	0.01227	0.00932	0.10915	0.52010	0.01989	0.01645	0.01638	0.01228	0.00617	0.00497	0.00164	0.00468	0.00515	0.00434	0.00731
18	0.00796	0.00526	0.00696	0.00671	0.00738	0.00546	0.00475	0.04485	0.00948	0.01314	0.19351	0.02497	0.02042	0.21111	0.21016	0.20834	0.00617	0.00627	0.00335	0.00376
19	0.00682	0.00489	0.00665	0.00692	0.00740	0.00524	0.00486	0.00786	0.00803	0.01113	0.01706	0.20954	0.01859	0.26100	0.39516	0.00562	0.00834	0.00783	0.00318	0.00389
20	0.01156	0.00663	0.00846	0.00726	0.00930	0.00624	0.00568	0.08570	0.01482	0.20161	0.54043	0.02972	0.03484	0.00874	0.00551	0.00153	0.00304	0.00755	0.00552	0.00585
21	0.01011	0.01260	0.19365	0.00884	0.01388	0.00768	0.00868	0.01311	0.01023	0.01591	0.00875	0.01023	0.00703	0.00388	0.00388	0.00092	0.00448	0.00308	0.00272	0.66033
22	0.01442	0.64103	0.02320	0.00908	0.01322	0.01847	0.00862	0.19213	0.01303	0.01606	0.00798	0.00879	0.00678	0.00460	0.00356	0.00115	0.00529	0.00304	0.00275	0.00678
23	0.20734	0.02173	0.61768	0.01226	0.01854	0.01132	0.01518	0.01530	0.00991	0.01707	0.00836	0.00982	0.00602	0.00464	0.00429	0.00155	0.00646	0.00341	0.00230	0.00681
24	0.00973	0.00722	0.00940	0.00860	0.01016	0.00820	0.00677	0.18751	0.01140	0.01588	0.01293	0.01801	0.01157	0.05705	0.59465	0.00630	0.01108	0.00514	0.00317	0.00526
25	0.00868	0.00434	0.00598	0.00598	0.00625	0.00434	0.00408	0.00757	0.00731	0.01080	0.01027	0.01572	0.00948	0.01444	0.01555	0.65867	0.00381	0.00434	0.19969	0.00270
26	0.01324	0.01337	0.02570	0.01853	0.02326	0.01308	0.60047	0.19292	0.01427	0.01927	0.01037	0.01292	0.00767	0.00455	0.00559	0.00161	0.00762	0.00548	0.00305	0.00703
27	0.01868	0.01376	0.01475	0.01131	0.01524	0.01524	0.00934	0.78025	0.02311	0.03097	0.01180	0.01180	0.00836	0.00590	0.00492	0.00147	0.00541	0.00442	0.00492	0.00836
28	0.00628	0.00443	0.00563	0.00644	0.00671	0.00419	0.00418	0.00699	0.00906	0.01208	0.04820	0.59901	0.04683	0.20332	0.01059	0.00262	0.00327	0.01215	0.00422	0.00378

[dist]
# distance from previous block
# <min> <max>
0	4

[block]
# block no. 1 follows, 51 sequences, length 114
# corresponding to MSA columns:
# 163-276
name=unknown_B
#
# <colnr> <probs for GDERKNQSTAVLIFYWHMCP>
#	G	D	E	R	K	N	Q	S	T	A	V	L	I	F	Y	W	H	M	C	P
0	0.00981	0.02406	0.73752	0.07949	0.02230	0.01137	0.01779	0.01532	0.01033	0.01532	0.00881	0.01060	0.00625	0.00469	0.00469	0.00156	0.00720	0.00369	0.00208	0.00712
1	0.00697	0.00500	0.00647	0.00612	0.00718	0.00465	0.00450	0.00910	0.01336	0.01888	0.73043	0.03634	0.04404	0.07682	0.00737	0.00181	0.00252	0.00875	0.00521	0.00450
2	0.09047	0.00879	0.01127	0.00872	0.01246	0.00803	0.00720	0.07000	0.01416	0.68885	0.01789	0.01571	0.01137	0.00595	0.00479	0.00152	0.00423	0.00472	0.00576	0.00811
3	0.01062	0.01025	0.01420	0.01222	0.01232	0.01420	0.01015	0.01180	0.00775	0.01236	0.00723	0.01137	0.00695	0.00837	0.01509	0.00207	0.75162	0.00432	0.07180	0.00531
4	0.01098	0.01051	0.01672	0.26730	0.43306	0.03469	0.01326	0.01362	0.01033	0.01410	0.00940	0.01391	0.00812	0.07203	0.00712	0.00182	0.04961	0.00456	0.00239	0.00649
5	0.00609	0.00455	0.00580	0.00660	0.00725	0.00425	0.00462	0.00715	0.00973	0.01268	0.03080	0.56704	0.19471	0.01646	0.07168	0.00241	0.00367	0.03603	0.00440	0.00407
6	0.01497	0.00860	0.01025	0.00881	0.01163	0.00878	0.00694	0.02184	0.33950	0.32494	0.07690	0.08583	0.04372	0.00759	0.00517	0.00163	0.00376	0.00640	0.00540	0.00735
7	0.00755	0.00537	0.00674	0.00757	0.07027	0.00543	0.00420	0.00792	0.00753	0.01020	0.01480	0.02958	0.01663	0.70164	0.08122	0.00473	0.00547	0.00678	0.00291	0.00347
8	0.76556	0.00951	0.00731	0.00669	0.00949	0.03547	0.00539	0.01399	0.00862	0.02096	0.00852	0.07469	0.00757	0.00546	0.00335	0.00155	0.00388	0.00360	0.00315	0.00523
9	0.00702	0.00527	0.00790	0.00790	0.00878	0.00614	0.00614	0.00878	0.00790	0.01141	0.01316	0.01931	0.01229	0.03686	0.80782	0.00790	0.01316	0.00527	0.00263	0.00439
10	0.86201	0.00950	0.00722	0.00646	0.00950	0.01102	0.00532	0.01445	0.00836	0.02205	0.00684	0.00798	0.00532	0.00456	0.00304	0.00152	0.00380	0.00266	0.00304	0.00532
11	0.00898	0.00815	0.01166	0.01053	0.01095	0.01083	0.00857	0.01038	0.00770	0.01163	0.00963	0.01481	0.00922	0.02199	0.39135	0.00487	0.43671	0.00476	0.00238	0.00491
12	0.00612	0.00437	0.00585	0.00699	0.00733	0.00410	0.00479	0.00707	0.00954	0.01269	0.02701	0.77220	0.03222	0.01527	0.00631	0.00201	0.00296	0.06457	0.00456	0.00403
13	0.01222	0.01056	0.01111	0.01000	0.01278	0.01222	0.00778	0.02611	0.78776	0.02056	0.02000	0.01833	0.01500	0.00667	0.00500	0.00167	0.00389	0.00556	0.00500	0.00778
14	0.00854	0.00427	0.00640	0.00640	0.00640	0.00427	0.00427	0.00640	0.00640	0.00854	0.00854	0.01494	0.00854	0.01707	0.01921	0.85702	0.00427	0.00427	0.00213	0.00213
15	0.00986	0.02542	0.80183	0.01401	0.02127	0.01141	0.01816	0.01556	0.01038	0.01556	0.00882	0.01038	0.00623	0.00467	0.00467	0.00156	0.00726	0.00363	0.00208	0.00726
16	0.00854	0.00427	0.00640	0.00640	0.00640	0.00427	0.00427	0.00640	0.00640	0.00854	0.00854	0.01494	0.00854	0.01707	0.01921	0.85702	0.00427	0.00427	0.00213	0.00213
17	0.01139	0.00924	0.04722	0.00920	0.03205	0.00905	0.00729	0.10512	0.27170	0.07864	0.28363	0.04051	0.05814	0.00796	0.00530	0.00159	0.00368	0.00677	0.00498	0.00656
18	0.01337	0.01148	0.05729	0.12605	0.07035	0.01053	0.36482	0.01672	0.01161	0.19639	0.01207	0.01421	0.00868	0.00677	0.05517	0.00199	0.00720	0.00518	0.00326	0.00683
19	0.86201	0.00950	0.00722	0.00646	0.00950	0.01102	0.00532	0.01445	0.00836	0.02205	0.00684	0.00798	0.00532	0.00456	0.00304	0.00152	0.00380	0.00266	0.00304	0.00532
20	0.00586	0.00496	0.00507	0.00514	0.00673	0.00417	0.00386	0.00711	0.01113	0.01327	0.04833	0.08056	0.74640	0.01259	0.00585	0.00169	0.00255	0.02602	0.00456	0.00415
21	0.00928	0.00873	0.01474	0.81548	0.03385	0.01092	0.01365	0.01256	0.00983	0.01256	0.00873	0.01310	0.00655	0.00491	0.00491	0.00164	0.00655	0.00437	0.00218	0.00546
22	0.01866	0.01448	0.01469	0.01141	0.01524	0.07373	0.00935	0.72410	0.02243	0.02957	0.01149	0.01158	0.00821	0.00584	0.00488	0.00146	0.00566	0.00433	0.00474	0.00816
23	0.00702	0.00527	0.00790	0.00790	0.00878	0.00614	0.00614	0.00878	0.00790	0.01141	0.01316	0.01931	0.01229	0.03686	0.80782	0.00790	0.01316	0.00527	0.00263	0.00439
24	0.00659	0.00484	0.00594	0.00596	0.00688	0.00444	0.00421	0.00810	0.01160	0.01572	0.40102	0.18178	0.18172	0.12886	0.00865	0.00211	0.00280	0.00985	0.00475	0.00419
25	0.00748	0.00594	0.00877	0.00851	0.00928	0.00723	0.00671	0.00915	0.00785	0.01146	0.01234	0.01826	0.01157	0.03340	0.71095	0.00719	0.11167	0.00515	0.00257	0.00451
26	0.01019	0.00873	0.01019	0.00728	0.01165	0.00655	0.00582	0.01237	0.01019	0.01601	0.00873	0.01019	0.00728	0.00364	0.00364	0.00073	0.00364	0.00291	0.00291	0.85734
27	0.01226	0.00665	0.00844	0.00773	0.00969	0.00627	0.00589	0.05723	0.06055	0.26148	0.11904	0.30915	0.07715	0.01051	0.00562	0.00173	0.00342	0.02606	0.00519	0.00594
28	0.00904	0.00539	0.00668	0.00664	0.00801	0.00486	0.00481	0.01051	0.02691	0.15294	0.08271	0.37002	0.22768	0.05177	0.00676	0.00192	0.00307	0.01058	0.00482	0.00488
29	0.00625	0.00491	0.00522	0.00521	0.00638	0.00434	0.00363	0.00725	0.01034	0.01282	0.10127	0.05914	0.51694	0.22239	0.01077	0.00246	0.00307	0.00950	0.00422	0.00388
30	0.02157	0.00913	0.01188	0.00911	0.01293	0.00836	0.00752	0.13121	0.01535	0.69097	0.01831	0.01603	0.01162	0.00606	0.00494	0.00151	0.00436	0.00487	0.00592	0.00836
31	0.58504	0.00856	0.00757	0.00677	0.00945	0.00943	0.00541	0.03446	0.00977	0.10258	0.04979	0.07913	0.03719	0.03127	0.00445	0.00166	0.00372	0.00457	0.00370	0.00547
32	0.00606	0.00463	0.00556	0.00608	0.00698	0.00414	0.00427	0.00726	0.01068	0.01381	0.14197	0.43386	0.30985	0.01359	0.00604	0.00181	0.00265	0.01196	0.00468	0.00414
33	0.00703	0.00523	0.00771	0.00771	0.00852	0.00604	0.00591	0.00866	0.00784	0.01127	0.01333	0.02025	0.01270	0.09521	0.75003	0.00767	0.01254	0.00540	0.00266	0.00428
34	0.01190	0.01151	0.01996	0.09387	0.69696	0.01165	0.05197	0.01491	0.01110	0.01575	0.00924	0.01229	0.00767	0.00441	0.00491	0.00148	0.00601	0.00445	0.00241	0.00754
35	0.00776	0.00501	0.00623	0.00641	0.00756	0.00448	0.00460	0.00905	0.01106	0.09472	0.15450	0.39441	0.23850	0.02431	0.00620	0.00182	0.00283	0.01116	0.00483	0.00457
36	0.00599	0.00428	0.00570	0.00684	0.00713	0.00399	0.00456	0.00684	0.00941	0.01254	0.02709	0.82409	0.03250	0.01540	0.00627	0.00200	0.00285	0.01397	0.00456	0.00399
37	0.02108	0.05986	0.03053	0.00895	0.01286	0.00840	0.00763	0.05371	0.01409	0.70221	0.01806	0.01583	0.01151	0.00593	0.00482	0.00149	0.00437	0.00475	0.00570	0.00821
38	0.00752	0.00476	0.00618	0.00668	0.00745	0.00436	0.00463	0.00844	0.01012	0.07725	0.08834	0.54836	0.11284	0.03874	0.00727	0.04340	0.00301	0.01176	0.00459	0.00430
39	0.00677	0.00453	0.00576	0.00641	0.00686	0.00428	0.00428	0.00776	0.00966	0.02684	0.10558	0.54269	0.02988	0.14601	0.00905	0.00233	0.00309	0.01152	0.06269	0.00401
40	0.23989	0.01461	0.01611	0.03295	0.12169	0.22549	0.16427	0.06965	0.01192	0.01731	0.00837	0.01033	0.00664	0.00484	0.00487	0.00149	0.03665	0.00388	0.00279	0.00624
41	0.00624	0.00446	0.00579	0.00670	0.00718	0.00416	0.00461	0.00728	0.00984	0.01316	0.07536	0.64545	0.07945	0.04182	0.00681	0.00204	0.00293	0.05116	0.02151	0.00405
42	0.01314	0.83025	0.02575	0.00841	0.01261	0.01945	0.00841	0.01472	0.00999	0.01156	0.00683	0.00788	0.00631	0.00420	0.00315	0.00105	0.00526	0.00263	0.00210	0.00631
43	0.01539	0.01185	0.01332	0.01070	0.01405	0.01313	0.04556	0.43228	0.26132	0.02574	0.01469	0.01455	0.01081	0.00604	0.00484	0.00151	0.00477	0.00486	0.08686	0.00773
44	0.01232	0.00650	0.00881	0.05724	0.01086	0.00606	0.00614	0.01481	0.03026	0.28349	0.46657	0.02809	0.03165	0.00831	0.00544	0.00155	0.00324	0.00720	0.00543	0.00602
45	0.01128	0.05541	0.22024	0.01425	0.03179	0.02168	0.25004	0.07680	0.01170	0.03941	0.05901	0.02778	0.01083	0.04090	0.06574	0.00218	0.04649	0.00515	0.00290	0.00644
46	0.00864	0.00504	0.00668	0.00696	0.00784	0.00471	0.00490	0.00959	0.00996	0.12579	0.06027	0.49023	0.04709	0.09230	0.04720	0.03652	0.00377	0.02353	0.00448	0.00451
47	0.00598	0.00430	0.00568	0.00679	0.00711	0.00400	0.00454	0.00685	0.00946	0.01257	0.02776	0.80102	0.05513	0.01531	0.00626	0.00199	0.00284	0.01386	0.00456	0.00400
48	0.00809	0.00651	0.00739	0.00691	0.00864	0.00657	0.00526	0.01328	0.22338	0.01828	0.39243	0.03444	0.23028	0.00975	0.00558	0.00161	0.00279	0.00836	0.00508	0.00536
49	0.00620	0.00468	0.00580	0.00644	0.00721	0.00434	0.00449	0.00760	0.02655	0.01353	0.10549	0.52174	0.21214	0.01472	0.03297	0.00206	0.00308	0.01217	0.00459	0.00418
50	0.00698	0.00512	0.00645	0.00697	0.00766	0.00503	0.00485	0.02029	0.07152	0.01455	0.16454	0.52193	0.03199	0.07989	0.00761	0.00211	0.00307	0.03040	0.00463	0.00440
51	0.01019	0.00873	0.01019	0.00728	0.01165	0.00655	0.00582	0.01237	0.01019	0.01601	0.00873	0.01019	0.00728	0.00364	0.00364	0.00073	0.00364	0.00291	0.00291	0.85734
52	0.00928	0.00873	0.01474	0.81548	0.03385	0.01092	0.01365	0.01256	0.00983	0.01256	0.00873	0.01310	0.00655	0.00491	0.00491	0.00164	0.00655	0.00437	0.00218	0.00546
53	0.00607	0.00490	0.00540	0.00546	0.00685	0.00423	0.00402	0.00749	0.01155	0.01454	0.20376	0.13959	0.54433	0.01230	0.00586	0.00168	0.00250	0.01050	0.00474	0.00423
54	0.00758	0.00475	0.00611	0.00663	0.00719	0.00445	0.00443	0.00839	0.00947	0.07648	0.05011	0.54860	0.03845	0.19119	0.01022	0.00254	0.00335	0.01153	0.00437	0.00415
55	0.01158	0.01321	0.02872	0.02056	0.02543	0.01248	0.76348	0.01566	0.01152	0.01566	0.00987	0.01321	0.00744	0.00423	0.00601	0.00167	0.02444	0.00577	0.00248	0.00660
56	0.03968	0.00839	0.01132	0.00870	0.01248	0.00730	0.00718	0.02375	0.01395	0.78371	0.01912	0.01654	0.01202	0.00605	0.00490	0.00152	0.00417	0.00489	0.00602	0.00830
57	0.00782	0.00567	0.00667	0.00708	0.00803	0.00582	0.00505	0.01144	0.16065	0.01489	0.03411	0.42912	0.04550	0.07346	0.00705	0.00202	0.00318	0.04577	0.12189	0.00477
58	0.00610	0.00447	0.00563	0.00641	0.00695	0.00411	0.00433	0.00706	0.00984	0.01295	0.08299	0.59727	0.14946	0.06888	0.00742	0.00210	0.00289	0.01261	0.00451	0.00399
59	0.01778	0.01332	0.01424	0.01113	0.01490	0.01482	0.00912	0.67546	0.12936	0.02952	0.01294	0.01271	0.00928	0.00601	0.00493	0.00150	0.00520	0.00458	0.00493	0.00828
60	0.02040	0.00880	0.01141	0.00899	0.01262	0.00816	0.00735	0.03573	0.14028	0.66140	0.01937	0.01691	0.01257	0.00617	0.00495	0.00154	0.00415	0.00503	0.00589	0.00827
61	0.00697	0.00521	0.00755	0.00755	0.00839	0.00593	0.00577	0.00856	0.00800	0.01134	0.01513	0.02171	0.05065	0.10026	0.70500	0.00734	0.01196	0.00567	0.00275	0.00426
62	0.02019	0.01134	0.01325	0.01016	0.01403	0.01164	0.00839	0.44086	0.01905	0.37609	0.01520	0.01401	0.01007	0.00598	0.00493	0.00150	0.00486	0.00466	0.00544	0.00836
63	0.01314	0.83025	0.02575	0.00841	0.01261	0.01945	0.00841	0.01472	0.00999	0.01156	0.00683	0.00788	0.00631	0.00420	0.00315	0.00105	0.00526	0.00263	0.00210	0.00631
64	0.00708	0.00522	0.00784	0.00784	0.00868	0.00607	0.00607	0.00868	0.00784	0.01129	0.01298	0.01913	0.01213	0.03606	0.77599	0.04217	0.01280	0.00522	0.00261	0.00430
65	0.00927	0.00853	0.01425	0.77619	0.03248	0.01061	0.01315	0.01250	0.00985	0.01284	0.00909	0.01335	0.00684	0.00495	0.00484	0.00161	0.00634	0.00438	0.04348	0.00542
66	0.00715	0.00476	0.00536	0.00536	0.00536	0.00476	0.00298	0.00715	0.00715	0.00953	0.01548	0.03216	0.01787	0.82729	0.02501	0.00476	0.00476	0.00715	0.00298	0.00298
67	0.00772	0.00607	0.00832	0.00793	0.00836	0.00726	0.00590	0.00877	0.00758	0.01085	0.01275	0.02209	0.01312	0.29610	0.40606	0.00583	0.15280	0.00572	0.00266	0.00409
68	0.00869	0.00757	0.00872	0.11301	0.04340	0.08234	0.00662	0.01084	0.01273	0.03378	0.43364	0.05731	0.14416	0.00912	0.00551	0.00156	0.00372	0.00787	0.00446	0.00496
69	0.00854	0.00427	0.00640	0.00640	0.00640	0.00427	0.00427	0.00640	0.00640	0.00854	0.00854	0.01494	0.00854	0.01707	0.01921	0.85702	0.00427	0.00427	0.00213	0.00213
70	0.01268	0.00902	0.00947	0.00820	0.01063	0.00998	0.00647	0.21426	0.28446	0.02235	0.01633	0.01665	0.01234	0.00610	0.00436	0.00141	0.00365	0.00488	0.34009	0.00667
71	0.41254	0.01577	0.01113	0.03994	0.05330	0.36489	0.00798	0.01671	0.01103	0.01694	0.00737	0.00877	0.00594	0.00479	0.00382	0.00141	0.00625	0.00304	0.00275	0.00562
72	0.01137	0.01100	0.01913	0.23588	0.54928	0.01152	0.06125	0.01446	0.01086	0.01512	0.00915	0.01248	0.00744	0.00450	0.00493	0.00152	0.00617	0.00446	0.00237	0.00710
73	0.01307	0.01119	0.01592	0.28596	0.24698	0.01249	0.01230	0.23471	0.08355	0.01956	0.01077	0.01292	0.00818	0.00520	0.00491	0.00154	0.00578	0.00449	0.00329	0.00717
74	0.01187	0.01107	0.01884	0.02822	0.73207	0.01107	0.01420	0.01437	0.01080	0.01544	0.00919	0.01239	0.00785	0.00542	0.00604	0.07137	0.00571	0.00437	0.00241	0.00732
75	0.00854	0.00427	0.00640	0.00640	0.00640	0.00427	0.00427	0.00640	0.00640	0.00854	0.00854	0.01494	0.00854	0.01707	0.01921	0.85702	0.00427	0.00427	0.00213	0.00213
76	0.07129	0.01142	0.01300	0.01002	0.01385	0.01189	0.00828	0.44189	0.01872	0.32712	0.01442	0.01347	0.00964	0.00589	0.00481	0.00150	0.00484	0.00452	0.00525	0.00817
77	0.00775	0.00540	0.00669	0.00717	0.00813	0.00525	0.00505	0.01038	0.10757	0.06113	0.05324	0.58044	0.09623	0.01331	0.00598	0.00188	0.00301	0.01189	0.00474	0.00476
78	0.00715	0.00476	0.00536	0.00536	0.00536	0.00476	0.00298	0.00715	0.00715	0.00953	0.01548	0.03216	0.01787	0.82729	0.02501	0.00476	0.00476	0.00715	0.00298	0.00298
79	0.00661	0.00479	0.00592	0.00653	0.00732	0.00446	0.00462	0.02681	0.01066	0.01426	0.11096	0.51340	0.16724	0.01353	0.00599	0.00184	0.00283	0.04180	0.04618	0.00425
80	0.00660	0.00505	0.00575	0.00585	0.00720	0.00448	0.00431	0.00827	0.02883	0.03247	0.17585	0.20649	0.45337	0.01238	0.00588	0.00172	0.00264	0.02371	0.00476	0.00439
81	0.01077	0.00590	0.00761	0.00725	0.00896	0.00537	0.00554	0.01270	0.03491	0.22558	0.15265	0.28032	0.13871	0.01119	0.00578	0.00176	0.00324	0.07120	0.00512	0.00545
82	0.01136	0.00863	0.00975	0.00848	0.01074	0.00928	0.00661	0.17034	0.26487	0.03948	0.34651	0.02519	0.02699	0.03230	0.00591	0.00167	0.00356	0.00677	0.00512	0.00643
83	0.01596	0.01215	0.01329	0.01002	0.01409	0.01246	0.00821	0.53448	0.01897	0.02618	0.01082	0.01128	0.00801	0.00518	0.00451	0.00124	0.00484	0.00394	0.00427	0.28009
84	0.00854	0.00427	0.00640	0.00640	0.00640	0.00427	0.00427	0.00640	0.00640	0.00854	0.00854	0.01494	0.00854	0.01707	0.01921	0.85702	0.00427	0.00427	0.00213	0.00213
85	0.00761	0.00472	0.00518	0.00518	0.00544	0.00472	0.00308	0.00814	0.00788	0.01156	0.01561	0.02896	0.01665	0.63733	0.02002	0.00393	0.00419	0.00655	0.19988	0.00335
86	0.00843	0.00427	0.00637	0.00642	0.00643	0.00426	0.00428	0.00642	0.00652	0.00870	0.00928	0.04760	0.00950	0.01700	0.01868	0.82251	0.00421	0.00466	0.00223	0.00221
87	0.00715	0.00476	0.00536	0.00536	0.00536	0.00476	0.00298	0.00715	0.00715	0.00953	0.01548	0.03216	0.01787	0.82729	0.02501	0.00476	0.00476	0.00715	0.00298	0.00298
88	0.00702	0.00525	0.00782	0.00782	0.00867	0.00610	0.00605	0.00873	0.00788	0.01135	0.01323	0.01969	0.01245	0.06033	0.78458	0.00780	0.01291	0.00532	0.00264	0.00435
89	0.01033	0.00858	0.00950	0.00882	0.01102	0.00951	0.00690	0.01991	0.50245	0.01950	0.20077	0.02733	0.05528	0.00835	0.00539	0.00170	0.00353	0.07951	0.00503	0.00659
90	0.64956	0.00922	0.00828	0.00704	0.01027	0.01006	0.00580	0.01685	0.00981	0.21882	0.01002	0.01019	0.00705	0.00495	0.00352	0.00152	0.00390	0.00324	0.00381	0.00609
91	0.04665	0.01347	0.01432	0.01108	0.01493	0.01495	0.00913	0.71803	0.05966	0.03017	0.01203	0.01199	0.00858	0.00589	0.00486	0.00149	0.00528	0.00442	0.00486	0.00823
92	0.00928	0.00873	0.01474	0.81548	0.03385	0.01092	0.01365	0.01256	0.00983	0.01256	0.00873	0.01310	0.00655	0.00491	0.00491	0.00164	0.00655	0.00437	0.00218	0.00546
93	0.01272	0.01161	0.01134	0.01022	0.01298	0.07721	0.00792	0.02558	0.72453	0.01986	0.01899	0.01756	0.01429	0.00654	0.00495	0.00163	0.00430	0.00536	0.00480	0.00761
94	0.00597	0.00433	0.00565	0.00670	0.00709	0.00400	0.00450	0.00686	0.00954	0.01260	0.02876	0.76668	0.08883	0.01518	0.00624	0.00197	0.00282	0.01370	0.00456	0.00400
95	0.01684	0.00897	0.01069	0.00850	0.01175	0.00865	0.00692	0.22974	0.01593	0.37729	0.05541	0.02306	0.18903	0.00763	0.00516	0.00154	0.00407	0.00618	0.00539	0.00726
96	0.01836	0.02342	0.01393	0.01266	0.01519	0.80756	0.00950	0.01962	0.01393	0.01203	0.00760	0.00886	0.00633	0.00506	0.00443	0.00127	0.00886	0.00317	0.00253	0.00570
97	0.01284	0.01086	0.01146	0.01013	0.01301	0.01251	0.00793	0.09810	0.71477	0.02155	0.01922	0.01771	0.01437	0.00659	0.00499	0.00165	0.00403	0.00545	0.00499	0.00783
98	0.00620	0.00441	0.00577	0.00663	0.00698	0.00414	0.00442	0.00714	0.00969	0.01305	0.11050	0.66172	0.03263	0.09231	0.00801	0.00221	0.00298	0.01276	0.00450	0.00397
99	0.02849	0.02507	0.78446	0.01384	0.02101	0.01140	0.01788	0.01554	0.01033	0.01570	0.00878	0.01032	0.00621	0.00467	0.00463	0.00156	0.00719	0.00361	0.00210	0.00722
100	0.01678	0.00913	0.01089	0.00903	0.01226	0.00921	0.00724	0.04058	0.32870	0.40769	0.02171	0.01953	0.07100	0.00679	0.00503	0.00159	0.00397	0.00558	0.00550	0.00781
101	0.01832	0.01316	0.01415	0.01090	0.01470	0.01448	0.00899	0.71993	0.02221	0.05382	0.01224	0.01226	0.00868	0.00590	0.00485	0.00146	0.00522	0.00445	0.04612	0.00817
102	0.00597	0.00433	0.00564	0.00669	0.00709	0.00400	0.00449	0.00686	0.00956	0.01260	0.02894	0.76062	0.09478	0.01515	0.00623	0.00197	0.00282	0.01368	0.00456	0.00400
103	0.01160	0.00999	0.01054	0.00957	0.01222	0.01141	0.00745	0.02419	0.70653	0.01983	0.02257	0.02155	0.07901	0.00730	0.00511	0.00168	0.00379	0.02331	0.00495	0.00741
104	0.01134	0.00976	0.01031	0.00972	0.01202	0.04912	0.00776	0.03979	0.49772	0.01892	0.06415	0.02780	0.01942	0.00845	0.00545	0.00178	0.00424	0.19076	0.00478	0.00672
105	0.00583	0.00498	0.00501	0.00500	0.00665	0.00416	0.00375	0.00710	0.01126	0.01341	0.06587	0.04707	0.77847	0.01239	0.00581	0.00166	0.00249	0.01034	0.00458	0.00416
106	0.02177	0.00880	0.01168	0.00895	0.01277	0.00788	0.00740	0.08575	0.01480	0.73720	0.01877	0.01632	0.01185	0.00607	0.00494	0.00152	0.00428	0.00490	0.00599	0.00836
107	0.00599	0.00428	0.00570	0.00684	0.00713	0.00399	0.00456	0.00684	0.00941	0.01254	0.02709	0.82409	0.03250	0.01540	0.00627	0.00200	0.00285	0.01397	0.00456	0.00399
108	0.01868	0.01376	0.01475	0.01131	0.01524	0.01524	0.00934	0.78025	0.02311	0.03097	0.01180	0.01180	0.00836	0.00590	0.00492	0.00147	0.00541	0.00442	0.00492	0.00836
109	0.00700	0.00509	0.00714	0.00718	0.00782	0.00566	0.00525	0.00831	0.00799	0.01128	0.03992	0.06197	0.01573	0.22561	0.55394	0.00665	0.01028	0.00626	0.00290	0.00404
110	0.00713	0.00483	0.00567	0.00567	0.00578	0.00493	0.00336	0.00735	0.00724	0.00976	0.01520	0.03059	0.01718	0.73064	0.12073	0.00515	0.00579	0.00692	0.00294	0.00315
111	0.01019	0.00873	0.01019	0.00728	0.01165	0.00655	0.00582	0.01237	0.01019	0.01601	0.00873	0.01019	0.00728	0.00364	0.00364	0.00073	0.00364	0.00291	0.00291	0.85734
112	0.00857	0.00448	0.00681	0.04560	0.00773	0.00459	0.00472	0.00670	0.00657	0.00873	0.00855	0.01485	0.00844	0.01648	0.01851	0.81558	0.00438	0.00427	0.00214	0.00230
113	0.02703	0.01033	0.01331	0.03842	0.03760	0.04986	0.06531	0.13659	0.08069	0.10518	0.01270	0.01565	0.02064	0.06147	0.14175	0.00291	0.16584	0.00495	0.00352	0.00626

[dist]
# distance from previous block
# <min> <max>
0	3

[block]
# block no. 2 follows, 51 sequences, length 128
# corresponding to MSA columns:
# 280-407
name=unknown_C
#
# <colnr> <probs for GDERKNQSTAVLIFYWHMCP>
#	G	D	E	R	K	N	Q	S	T	A	V	L	I	F	Y	W	H	M	C	P
0	0.42203	0.07589	0.01184	0.05551	0.01323	0.01288	0.00748	0.26839	0.01375	0.06413	0.00925	0.00999	0.00683	0.00508	0.00388	0.00148	0.00463	0.00346	0.00370	0.00657
1	0.01005	0.07235	0.75658	0.01368	0.02076	0.01188	0.01759	0.01551	0.01035	0.01533	0.00870	0.01023	0.00623	0.00464	0.00458	0.00153	0.00715	0.00357	0.00208	0.00721
2	0.23735	0.01190	0.01033	0.00871	0.01157	0.12292	0.00697	0.28738	0.02965	0.02296	0.01101	0.01196	0.00835	0.00541	0.00403	0.00139	0.00475	0.00384	0.19319	0.00634
3	0.01179	0.01036	0.01036	0.00933	0.01187	0.05721	0.00723	0.05513	0.55871	0.01974	0.08430	0.02158	0.08659	0.00731	0.00506	0.00161	0.00395	0.00605	0.02480	0.00703
4	0.14767	0.00911	0.01152	0.18235	0.03625	0.00981	0.00854	0.10320	0.07046	0.24308	0.08496	0.03417	0.01306	0.00619	0.00492	0.00157	0.01712	0.00499	0.00431	0.00672
5	0.00709	0.00499	0.00652	0.00652	0.00692	0.00539	0.00442	0.00789	0.00749	0.01039	0.01442	0.02628	0.01531	0.46589	0.38292	0.00620	0.00860	0.00629	0.00282	0.00362
6	0.00606	0.00431	0.00568	0.00675	0.00702	0.00404	0.00446	0.00686	0.00927	0.01235	0.02636	0.77422	0.03158	0.06652	0.00745	0.00217	0.00297	0.01354	0.00446	0.00393
7	0.06221	0.00460	0.00644	0.00642	0.00662	0.00469	0.00434	0.00692	0.00660	0.00949	0.00890	0.03502	0.00894	0.01624	0.01786	0.78147	0.00420	0.00441	0.00225	0.00238
8	0.00874	0.00733	0.00852	0.00673	0.00989	0.00582	0.00520	0.01052	0.01004	0.01465	0.01844	0.06274	0.16449	0.05460	0.05263	0.00163	0.00399	0.00535	0.00331	0.54537
9	0.01420	0.00691	0.00908	0.00760	0.01008	0.00632	0.00602	0.01709	0.06465	0.37654	0.38918	0.02637	0.02868	0.00801	0.00535	0.00154	0.00327	0.00687	0.00569	0.00655
10	0.08763	0.00827	0.01073	0.00850	0.01204	0.00745	0.00702	0.02213	0.02618	0.66746	0.01952	0.01869	0.03330	0.00649	0.00490	0.00156	0.00412	0.04047	0.00571	0.00782
11	0.00622	0.00482	0.00564	0.00605	0.00707	0.00424	0.00421	0.00724	0.01000	0.01282	0.03412	0.43117	0.32387	0.06506	0.00714	0.00197	0.00287	0.01156	0.00437	0.04956
12	0.01119	0.00710	0.00780	0.00704	0.00881	0.00740	0.00541	0.21870	0.01386	0.03476	0.06260	0.18424	0.01753	0.00803	0.00459	0.00144	0.00329	0.00674	0.38394	0.00555
13	0.01063	0.00572	0.00643	0.00589	0.00730	0.00567	0.00432	0.03755	0.04728	0.11676	0.08442	0.02247	0.01660	0.18184	0.00857	0.00204	0.00324	0.00559	0.42270	0.00500
14	0.00713	0.00483	0.00570	0.00570	0.00581	0.00495	0.00340	0.00736	0.00725	0.00978	0.01518	0.03045	0.01712	0.72214	0.12915	0.00518	0.00588	0.00690	0.00293	0.00317
15	0.00623	0.00466	0.00580	0.00630	0.00714	0.00423	0.00447	0.00757	0.01097	0.01450	0.21730	0.43004	0.21641	0.01336	0.00606	0.00181	0.00268	0.03151	0.00477	0.00420
16	0.00928	0.00873	0.01474	0.81548	0.03385	0.01092	0.01365	0.01256	0.00983	0.01256	0.00873	0.01310	0.00655	0.00491	0.00491	0.00164	0.00655	0.00437	0.00218	0.00546
17	0.01019	0.00873	0.01019	0.00728	0.01165	0.00655	0.00582	0.01237	0.01019	0.01601	0.00873	0.01019	0.00728	0.00364	0.00364	0.00073	0.00364	0.00291	0.00291	0.85734
18	0.01222	0.01056	0.01111	0.01000	0.01278	0.01222	0.00778	0.02611	0.78776	0.02056	0.02000	0.01833	0.01500	0.00667	0.00500	0.00167	0.00389	0.00556	0.00500	0.00778
19	0.02005	0.01157	0.01339	0.01026	0.01414	0.01198	0.00848	0.47252	0.01943	0.34390	0.01489	0.01380	0.00991	0.00597	0.00493	0.00149	0.00491	0.00464	0.00539	0.00836
20	0.03184	0.00705	0.00920	0.00758	0.01037	0.00622	0.00610	0.01760	0.01347	0.47124	0.21104	0.02645	0.12662	0.00805	0.00527	0.00156	0.00350	0.02446	0.00562	0.00674
21	0.00624	0.00490	0.00564	0.00565	0.00695	0.00430	0.00416	0.00781	0.01193	0.01547	0.31129	0.14423	0.42998	0.01198	0.00586	0.00166	0.00248	0.01031	0.00486	0.00430
22	0.00828	0.00706	0.00770	0.00666	0.00928	0.00624	0.00512	0.01189	0.13948	0.01531	0.03033	0.07958	0.36647	0.00887	0.00501	0.00138	0.00311	0.00742	0.00411	0.27667
23	0.00873	0.00460	0.00665	0.00659	0.00674	0.00469	0.00446	0.00745	0.04813	0.00918	0.00915	0.01512	0.00888	0.01652	0.01845	0.81134	0.00425	0.00434	0.00229	0.00244
24	0.00771	0.00535	0.00660	0.00667	0.00782	0.00500	0.00483	0.05343	0.01197	0.05260	0.23688	0.38126	0.17646	0.01241	0.00592	0.00176	0.00285	0.01095	0.00488	0.00465
25	0.01019	0.00873	0.01019	0.00728	0.01165	0.00655	0.00582	0.01237	0.01019	0.01601	0.00873	0.01019	0.00728	0.00364	0.00364	0.00073	0.00364	0.00291	0.00291	0.85734
26	0.00604	0.00434	0.00565	0.00668	0.00701	0.00404	0.00444	0.00687	0.00937	0.01242	0.02753	0.74538	0.06744	0.05862	0.00725	0.00213	0.00294	0.01344	0.00448	0.00394
27	0.02401	0.00653	0.00704	0.00624	0.00803	0.00671	0.00487	0.14938	0.01330	0.05341	0.13992	0.01988	0.01712	0.00645	0.00414	0.00129	0.00295	0.00523	0.51807	0.00543
28	0.00611	0.00458	0.00549	0.00607	0.00679	0.00416	0.00414	0.00706	0.00993	0.01279	0.07079	0.45955	0.26570	0.10332	0.00816	0.00217	0.00292	0.01186	0.00443	0.00396
29	0.00751	0.00594	0.00867	0.00839	0.00911	0.00720	0.00655	0.00907	0.00781	0.01135	0.01244	0.01896	0.01186	0.07932	0.66066	0.00698	0.11591	0.00525	0.00259	0.00443
30	0.01075	0.01075	0.01505	0.01290	0.01290	0.01505	0.01075	0.01183	0.00753	0.01183	0.00645	0.01075	0.00645	0.00860	0.01613	0.00215	0.81830	0.00430	0.00215	0.00538
31	0.00621	0.00471	0.00571	0.00633	0.00722	0.00427	0.00456	0.00741	0.01045	0.01340	0.08473	0.40935	0.29560	0.03510	0.00662	0.00195	0.00290	0.08480	0.00457	0.00411
32	0.01059	0.01009	0.01706	0.44835	0.37159	0.01135	0.01422	0.01366	0.01038	0.01409	0.00891	0.01263	0.00710	0.00476	0.00516	0.00157	0.02536	0.00437	0.00229	0.00649
33	0.01220	0.01182	0.01894	0.05201	0.67694	0.03445	0.01431	0.01559	0.05255	0.01590	0.00964	0.01237	0.00804	0.00471	0.00532	0.00150	0.03920	0.00440	0.00255	0.00755
34	0.01838	0.01362	0.01458	0.01125	0.01513	0.01510	0.00927	0.74563	0.05821	0.03049	0.01218	0.01210	0.00866	0.00593	0.00492	0.00148	0.00534	0.00448	0.00492	0.00833
35	0.01210	0.01076	0.01609	0.27762	0.16005	0.01190	0.08843	0.16980	0.10645	0.01821	0.01328	0.01527	0.05419	0.00565	0.00523	0.00159	0.01830	0.00502	0.00329	0.00678
36	0.00845	0.00778	0.01227	0.01070	0.01178	0.00894	0.12290	0.01000	0.00896	0.01254	0.01717	0.24386	0.06875	0.05292	0.13614	0.00303	0.24791	0.00793	0.00315	0.00483
37	0.01434	0.01235	0.01245	0.02857	0.01396	0.10041	0.00783	0.29751	0.06071	0.02127	0.01039	0.01118	0.00800	0.00484	0.00431	0.00114	0.00496	0.00369	0.00371	0.37836
38	0.00947	0.00664	0.00791	0.00737	0.00900	0.00671	0.00551	0.02537	0.20003	0.07520	0.27983	0.13416	0.08845	0.04370	0.00724	0.05887	0.00322	0.00804	0.00482	0.01848
39	0.01003	0.00648	0.00844	0.00854	0.04556	0.00662	0.00589	0.05672	0.12276	0.05996	0.08075	0.15596	0.02922	0.01251	0.01092	0.34087	0.00391	0.01532	0.00372	0.01582
40	0.01054	0.09515	0.61317	0.01377	0.02032	0.03326	0.08168	0.01548	0.01053	0.01515	0.00870	0.01035	0.00638	0.00455	0.00458	0.00148	0.00707	0.00369	0.00216	0.04199
41	0.00602	0.00433	0.00572	0.00677	0.00712	0.00402	0.00454	0.00695	0.00965	0.01288	0.06099	0.76956	0.05305	0.01509	0.00624	0.00197	0.00282	0.01366	0.00460	0.00402
42	0.00593	0.00467	0.00536	0.00584	0.00688	0.00410	0.00413	0.00705	0.01053	0.01322	0.07086	0.38614	0.43060	0.01363	0.00601	0.00180	0.00264	0.01188	0.00460	0.00410
43	0.00629	0.00452	0.00555	0.00619	0.00662	0.00423	0.00405	0.00703	0.00924	0.01213	0.05264	0.49252	0.13416	0.21848	0.01089	0.00263	0.00326	0.01160	0.00419	0.00378
44	0.01216	0.01168	0.01995	0.03016	0.79664	0.01168	0.01508	0.01508	0.01119	0.01605	0.00924	0.01216	0.00778	0.00438	0.00487	0.00146	0.00584	0.00438	0.00243	0.00778
45	0.00961	0.00922	0.01476	0.71057	0.03115	0.02544	0.01325	0.01260	0.00964	0.01246	0.00846	0.01276	0.00654	0.00533	0.00617	0.00169	0.09838	0.00434	0.00219	0.00545
46	0.00707	0.00506	0.00685	0.00685	0.00736	0.00557	0.00483	0.00810	0.00759	0.01063	0.01412	0.02463	0.01460	0.36412	0.48372	0.00660	0.00969	0.00604	0.00278	0.00380
47	0.00644	0.00460	0.00587	0.00651	0.00719	0.00422	0.00452	0.00761	0.01045	0.02593	0.15955	0.54131	0.13576	0.03517	0.00661	0.00194	0.00281	0.02467	0.00469	0.00417
48	0.00663	0.00487	0.00609	0.00648	0.00724	0.00453	0.00445	0.00807	0.02851	0.01403	0.18206	0.45626	0.09270	0.10991	0.00823	0.00215	0.00300	0.01119	0.00449	0.03914
49	0.00590	0.00499	0.00514	0.00512	0.00673	0.00423	0.00384	0.00722	0.01126	0.01358	0.08938	0.04601	0.73407	0.01293	0.02614	0.00181	0.00275	0.01016	0.00456	0.00418
50	0.83950	0.00962	0.00742	0.00659	0.00966	0.01114	0.00543	0.03488	0.00876	0.02229	0.00697	0.00808	0.00540	0.00460	0.00309	0.00152	0.00384	0.00271	0.00309	0.00540
51	0.00806	0.00510	0.00666	0.00700	0.00788	0.00479	0.00495	0.02205	0.02427	0.08781	0.16532	0.53570	0.03180	0.04449	0.00675	0.00197	0.00304	0.02293	0.00481	0.00462
52	0.00639	0.00472	0.00588	0.00642	0.00712	0.00441	0.00443	0.00786	0.03112	0.01399	0.17249	0.48453	0.14564	0.07211	0.00743	0.00205	0.00286	0.01178	0.00462	0.00416
53	0.00924	0.00660	0.00794	0.00730	0.00903	0.00666	0.00556	0.01431	0.20694	0.07446	0.47864	0.06806	0.06694	0.00927	0.00556	0.00160	0.00287	0.00808	0.00528	0.00563
54	0.45498	0.00926	0.00915	0.00756	0.01081	0.00982	0.00621	0.09409	0.01179	0.27164	0.01193	0.01181	0.00827	0.00526	0.00386	0.00149	0.00399	0.00369	0.05782	0.00655
55	0.25031	0.00857	0.00965	0.00798	0.01113	0.00861	0.00647	0.01990	0.11215	0.39459	0.10616	0.01685	0.01463	0.00620	0.00453	0.00154	0.00382	0.00485	0.00503	0.00702
56	0.00874	0.00523	0.00667	0.00677	0.00794	0.00478	0.00495	0.01008	0.01097	0.12804	0.13949	0.34617	0.13418	0.07846	0.00745	0.00204	0.00319	0.06780	0.02234	0.00471
57	0.26113	0.00744	0.00730	0.00675	0.00880	0.00806	0.00524	0.08054	0.07599	0.04990	0.03601	0.14870	0.01447	0.00721	0.00417	0.00149	0.00331	0.00577	0.26228	0.00545
58	0.00678	0.00527	0.00621	0.00603	0.00745	0.00482	0.00460	0.00914	0.04446	0.01691	0.42403	0.04122	0.33907	0.01106	0.00583	0.00164	0.00258	0.05334	0.00501	0.00457
59	0.25073	0.00992	0.01048	0.00854	0.01188	0.05183	0.00694	0.11555	0.01336	0.40173	0.01481	0.06036	0.01068	0.00613	0.00447	0.00153	0.00440	0.00468	0.00482	0.00713
60	0.00605	0.00486	0.00539	0.00553	0.00685	0.00421	0.00404	0.00742	0.01137	0.01431	0.18039	0.18368	0.52359	0.01254	0.00589	0.00170	0.00252	0.01074	0.00472	0.00421
61	0.01314	0.83025	0.02575	0.00841	0.01261	0.01945	0.00841	0.01472	0.00999	0.01156	0.00683	0.00788	0.00631	0.00420	0.00315	0.00105	0.00526	0.00263	0.00210	0.00631
62	0.01589	0.01226	0.01316	0.01070	0.01409	0.01378	0.00865	0.47800	0.29683	0.02643	0.01480	0.01445	0.01090	0.00745	0.03791	0.00181	0.00518	0.00486	0.00485	0.00799
63	0.00719	0.00529	0.00749	0.00752	0.00828	0.00595	0.00562	0.02438	0.00823	0.01164	0.01463	0.08802	0.01469	0.14760	0.61233	0.00682	0.01094	0.00624	0.00289	0.00424
64	0.04378	0.00535	0.00685	0.00680	0.00750	0.00539	0.00483	0.02691	0.00877	0.05775	0.04540	0.08759	0.01739	0.25333	0.05808	0.24793	0.00474	0.10455	0.00336	0.00369
65	0.01075	0.01075	0.01505	0.01290	0.01290	0.01505	0.01075	0.01183	0.00753	0.01183	0.00645	0.01075	0.00645	0.00860	0.01613	0.00215	0.81830	0.00430	0.00215	0.00538
66	0.86201	0.00950	0.00722	0.00646	0.00950	0.01102	0.00532	0.01445	0.00836	0.02205	0.00684	0.00798	0.00532	0.00456	0.00304	0.00152	0.00380	0.00266	0.00304	0.00532
67	0.01441	0.01333	0.08684	0.12645	0.04999	0.01299	0.17080	0.30823	0.05271	0.06389	0.01121	0.01271	0.00815	0.00539	0.00555	0.00158	0.04010	0.00471	0.00364	0.00732
68	0.00655	0.00453	0.00583	0.00637	0.00676	0.00429	0.00423	0.00734	0.00966	0.01307	0.16907	0.45808	0.04177	0.17716	0.01069	0.05231	0.00321	0.01102	0.00426	0.00380
69	0.00612	0.00480	0.00553	0.00575	0.00693	0.00422	0.00416	0.00750	0.01134	0.01454	0.21301	0.25080	0.42246	0.01268	0.00593	0.00172	0.00255	0.01099	0.00476	0.00422
70	0.00681	0.00488	0.00596	0.00583	0.00674	0.00451	0.00410	0.00811	0.01134	0.01537	0.40533	0.07922	0.18304	0.17579	0.01048	0.05212	0.00299	0.00883	0.00452	0.00403
71	0.01325	0.01107	0.01169	0.01021	0.01317	0.01270	0.00803	0.14645	0.66574	0.02222	0.01869	0.01729	0.01394	0.00654	0.00499	0.00164	0.00413	0.00538	0.00499	0.00787
72	0.01089	0.00886	0.01021	0.00750	0.01155	0.00719	0.00597	0.06610	0.03140	0.02929	0.00986	0.01160	0.00815	0.03096	0.00448	0.00096	0.00377	0.00331	0.03030	0.70764
73	0.00699	0.00503	0.00736	0.00750	0.00823	0.00558	0.00564	0.00832	0.00833	0.01180	0.06032	0.13387	0.01690	0.04039	0.57490	0.07475	0.01026	0.00665	0.00303	0.00415
74	0.00990	0.02316	0.68496	0.08474	0.02240	0.01148	0.04961	0.01523	0.01032	0.01523	0.00881	0.01074	0.00631	0.00474	0.00496	0.00158	0.02287	0.00380	0.00210	0.00704
75	0.00715	0.00476	0.00536	0.00536	0.00536	0.00476	0.00298	0.00715	0.00715	0.00953	0.01548	0.03216	0.01787	0.82729	0.02501	0.00476	0.00476	0.00715	0.00298	0.00298
76	0.00633	0.00447	0.00561	0.00638	0.00667	0.00424	0.00414	0.00699	0.00892	0.01179	0.02509	0.55264	0.06888	0.23761	0.01139	0.00274	0.00338	0.02485	0.00413	0.00373
77	0.01168	0.01179	0.04670	0.13539	0.65234	0.01158	0.02918	0.01477	0.01098	0.01556	0.00917	0.01225	0.00756	0.00446	0.00488	0.00149	0.00603	0.00438	0.00239	0.00743
78	0.00853	0.00593	0.00819	0.00784	0.00896	0.00658	0.00602	0.05068	0.00936	0.05867	0.04106	0.05418	0.03973	0.09768	0.54726	0.00613	0.02929	0.00598	0.00321	0.00472
79	0.01836	0.02342	0.01393	0.01266	0.01519	0.80756	0.00950	0.01962	0.01393	0.01203	0.00760	0.00886	0.00633	0.00506	0.00443	0.00127	0.00886	0.00317	0.00253	0.00570
80	0.00656	0.00499	0.00593	0.00571	0.00698	0.00447	0.00422	0.00836	0.01256	0.01683	0.48471	0.04020	0.31007	0.05855	0.00692	0.00177	0.00252	0.00931	0.00497	0.00437
81	0.00635	0.00451	0.00577	0.00647	0.00680	0.00437	0.00426	0.00709	0.00880	0.01173	0.02410	0.52334	0.06303	0.21891	0.07795	0.00316	0.00417	0.01138	0.00401	0.00378
82	0.01315	0.01679	0.12704	0.01787	0.20452	0.24011	0.09514	0.01572	0.01108	0.01383	0.00831	0.01096	0.00695	0.00619	0.02541	0.00173	0.17234	0.00408	0.00236	0.00642
83	0.26757	0.07831	0.01285	0.01045	0.01332	0.47669	0.00817	0.05338	0.01242	0.01585	0.00751	0.00867	0.00613	0.00489	0.00395	0.00134	0.00694	0.00304	0.00276	0.00576
84	0.00643	0.00504	0.00584	0.00574	0.00715	0.00445	0.00437	0.00820	0.01238	0.01615	0.37127	0.04318	0.42535	0.01147	0.00586	0.00165	0.00253	0.05364	0.00493	0.00438
85	0.83477	0.00947	0.00736	0.00654	0.00960	0.01090	0.00538	0.01475	0.00855	0.04728	0.00725	0.00827	0.00554	0.00461	0.00310	0.00152	0.00381	0.00274	0.00314	0.00542
86	0.01810	0.01322	0.01398	0.01084	0.01459	0.03531	0.00890	0.67448	0.02168	0.07051	0.01431	0.01405	0.05435	0.00627	0.00496	0.00148	0.00526	0.00477	0.00489	0.00804
87	0.00775	0.00576	0.00582	0.00575	0.00588	0.04764	0.00333	0.00781	0.00751	0.00966	0.01506	0.03091	0.01725	0.78338	0.02391	0.00458	0.00498	0.00693	0.00295	0.00312
88	0.00702	0.00527	0.00790	0.00790	0.00878	0.00614	0.00614	0.00878	0.00790	0.01141	0.01316	0.01931	0.01229	0.03686	0.80782	0.00790	0.01316	0.00527	0.00263	0.00439
89	0.86201	0.00950	0.00722	0.00646	0.00950	0.01102	0.00532	0.01445	0.00836	0.02205	0.00684	0.00798	0.00532	0.00456	0.00304	0.00152	0.00380	0.00266	0.00304	0.00532
90	0.01496	0.01641	0.23338	0.01222	0.01693	0.01344	0.04756	0.44188	0.08436	0.02471	0.03744	0.01286	0.00955	0.00568	0.00493	0.00152	0.00583	0.00451	0.00404	0.00780
91	0.01084	0.01100	0.01644	0.01368	0.01417	0.01479	0.08707	0.01222	0.00793	0.01222	0.00680	0.01100	0.00655	0.00816	0.01510	0.00210	0.73781	0.00445	0.00218	0.00550
92	0.01122	0.00870	0.01030	0.00741	0.01172	0.00661	0.00594	0.01337	0.01053	0.08380	0.00966	0.01076	0.00770	0.00385	0.00375	0.00080	0.00369	0.00309	0.00319	0.78394
93	0.00831	0.00435	0.00623	0.00623	0.00623	0.00435	0.00405	0.00653	0.00653	0.00870	0.00969	0.01779	0.01008	0.15137	0.02017	0.71576	0.00435	0.00475	0.00227	0.00227
94	0.00828	0.00712	0.01032	0.00959	0.01017	0.00916	0.00770	0.00981	0.00777	0.01155	0.01089	0.01641	0.01031	0.02728	0.53962	0.00595	0.28591	0.00494	0.00247	0.00472
95	0.00854	0.00427	0.00640	0.00640	0.00640	0.00427	0.00427	0.00640	0.00640	0.00854	0.00854	0.01494	0.00854	0.01707	0.01921	0.85702	0.00427	0.00427	0.00213	0.00213
96	0.00702	0.00527	0.00790	0.00790	0.00878	0.00614	0.00614	0.00878	0.00790	0.01141	0.01316	0.01931	0.01229	0.03686	0.80782	0.00790	0.01316	0.00527	0.00263	0.00439
