[name]
unknown

[dist]
# distance from previous block
# <min> <max>
22	70

[block]
# block no. 0 follows, 40 sequences, length 15
# corresponding to MSA columns:
# 97-111
name=unknown_A
#
# <colnr> <probs for GDERKNQSTAVLIFYWHMCP>
#	G	D	E	R	K	N	Q	S	T	A	V	L	I	F	Y	W	H	M	C	P
0	0.04564	0.13104	0.19900	0.08955	0.02274	0.01461	0.16822	0.07490	0.01368	0.04477	0.03056	0.01425	0.00967	0.00580	0.00596	0.00173	0.03607	0.00501	0.02664	0.06016
1	0.07482	0.08749	0.05207	0.24024	0.09418	0.02719	0.03736	0.05172	0.05854	0.10632	0.01275	0.01572	0.00988	0.04082	0.00711	0.00197	0.04402	0.00509	0.00365	0.02905
2	0.11515	0.01014	0.01345	0.01369	0.12443	0.00997	0.03269	0.09203	0.01518	0.20706	0.10130	0.12471	0.03905	0.00890	0.00592	0.00186	0.00493	0.02560	0.02225	0.03171
3	0.01356	0.03911	0.05497	0.16850	0.04493	0.08178	0.12312	0.09533	0.01458	0.03828	0.06857	0.12059	0.03847	0.00826	0.00663	0.00188	0.03712	0.00726	0.00391	0.03314
4	0.01560	0.23893	0.06912	0.02158	0.29560	0.03582	0.06821	0.08068	0.02785	0.04637	0.01181	0.01507	0.00986	0.00584	0.00533	0.00165	0.00690	0.03200	0.00331	0.00845
5	0.00801	0.00578	0.00739	0.05893	0.00975	0.00573	0.00536	0.00905	0.01088	0.01455	0.11575	0.32422	0.06331	0.31674	0.01579	0.00352	0.00444	0.01172	0.00461	0.00448
6	0.01075	0.00803	0.01206	0.24899	0.01948	0.00871	0.03089	0.05602	0.01141	0.01493	0.01739	0.07400	0.08116	0.01313	0.01221	0.30103	0.00580	0.03955	0.00338	0.03108
7	0.06993	0.10156	0.08191	0.02878	0.04085	0.13051	0.01140	0.31629	0.03498	0.05178	0.01296	0.01473	0.00998	0.00659	0.00533	0.00169	0.00683	0.02491	0.04060	0.00839
8	0.00893	0.00724	0.00763	0.00824	0.00935	0.05667	0.00590	0.03482	0.01267	0.01636	0.03426	0.47097	0.17760	0.01537	0.00690	0.00215	0.00392	0.05061	0.06526	0.00516
9	0.07491	0.01119	0.03540	0.01031	0.01513	0.00916	0.05653	0.01837	0.04995	0.15894	0.01401	0.03943	0.01094	0.00564	0.00493	0.00131	0.00492	0.00471	0.00428	0.46995
10	0.00860	0.00616	0.00820	0.00924	0.01025	0.00601	0.00741	0.01054	0.01241	0.01621	0.05407	0.20998	0.07713	0.11238	0.01046	0.00291	0.00476	0.42315	0.00517	0.00498
11	0.00922	0.00602	0.00712	0.00668	0.00829	0.00552	0.00500	0.01148	0.01397	0.02083	0.35679	0.03474	0.12071	0.01068	0.00680	0.05146	0.00300	0.00839	0.25290	0.06040
12	0.04936	0.01342	0.02478	0.18726	0.18921	0.01374	0.31194	0.06038	0.01369	0.01911	0.01230	0.05527	0.01017	0.00600	0.00622	0.00191	0.00796	0.00637	0.00318	0.00774
13	0.01277	0.01254	0.02375	0.41407	0.12171	0.01350	0.25966	0.01689	0.01268	0.03930	0.01127	0.01556	0.00849	0.00547	0.00616	0.00192	0.00826	0.00576	0.00288	0.00736
14	0.01979	0.12642	0.04631	0.01111	0.01525	0.08020	0.05269	0.02295	0.04870	0.36023	0.01876	0.01814	0.03107	0.00673	0.00533	0.00166	0.00571	0.00540	0.11526	0.00833

[dist]
# distance from previous block
# <min> <max>
4	6

[block]
# block no. 1 follows, 40 sequences, length 18
# corresponding to MSA columns:
# 118-135
name=unknown_B
#
# <colnr> <probs for GDERKNQSTAVLIFYWHMCP>
#	G	D	E	R	K	N	Q	S	T	A	V	L	I	F	Y	W	H	M	C	P
0	0.00931	0.00950	0.05019	0.01292	0.01554	0.00813	0.21850	0.01195	0.01272	0.01706	0.10121	0.36983	0.11326	0.01272	0.00705	0.00212	0.00537	0.01206	0.00465	0.00591
1	0.04429	0.00674	0.03232	0.00859	0.00987	0.00585	0.03363	0.00951	0.01197	0.01645	0.09492	0.53355	0.13926	0.01570	0.00704	0.00220	0.00372	0.01406	0.00522	0.00513
2	0.01619	0.19106	0.12542	0.01609	0.02137	0.07280	0.22271	0.18882	0.01630	0.02112	0.01138	0.01402	0.00903	0.04059	0.00663	0.00186	0.00791	0.00514	0.00349	0.00807
3	0.01027	0.00851	0.01064	0.01019	0.01166	0.03309	0.04111	0.01465	0.15085	0.03468	0.12308	0.38248	0.04674	0.02672	0.00816	0.00222	0.06193	0.01168	0.00523	0.00610
4	0.00771	0.00551	0.00746	0.00881	0.00942	0.00526	0.00648	0.00917	0.01175	0.01554	0.03171	0.59391	0.03710	0.01763	0.00759	0.00245	0.00391	0.20831	0.00539	0.00490
5	0.01134	0.00982	0.01472	0.48014	0.02913	0.01162	0.01285	0.07465	0.06743	0.01746	0.01666	0.16918	0.01566	0.00888	0.00622	0.00204	0.00646	0.03543	0.00376	0.00657
6	0.01398	0.48836	0.32749	0.01263	0.01906	0.01917	0.01461	0.01782	0.01200	0.01559	0.00903	0.01052	0.00742	0.00520	0.00446	0.00149	0.00718	0.00359	0.00247	0.00792
7	0.00729	0.00553	0.00677	0.00760	0.00861	0.00501	0.00547	0.00868	0.01226	0.01572	0.06926	0.44846	0.27469	0.01661	0.00728	0.00224	0.00341	0.08480	0.00543	0.00488
8	0.01410	0.00854	0.00935	0.00803	0.01060	0.00858	0.00634	0.18199	0.01673	0.10322	0.08625	0.02801	0.15842	0.00880	0.00542	0.00165	0.00385	0.00715	0.32612	0.00684
9	0.11294	0.01082	0.01366	0.15071	0.01875	0.02665	0.05095	0.12068	0.10199	0.07325	0.10416	0.12056	0.02021	0.00900	0.00604	0.00196	0.00552	0.04013	0.00484	0.00719
10	0.01357	0.01673	0.29521	0.01170	0.01664	0.01040	0.01239	0.06158	0.07595	0.12731	0.14229	0.02365	0.07531	0.00793	0.00581	0.00180	0.00565	0.00652	0.08176	0.00781
11	0.00819	0.00634	0.00696	0.00684	0.00852	0.00589	0.00505	0.01117	0.07439	0.01825	0.20292	0.09814	0.39775	0.05373	0.00780	0.00211	0.00319	0.01101	0.06641	0.00535
12	0.01131	0.01487	0.18280	0.57413	0.07411	0.01310	0.01742	0.01580	0.01185	0.01586	0.01039	0.01473	0.00774	0.00572	0.00575	0.00191	0.00789	0.00498	0.00257	0.00707
13	0.01755	0.01624	0.03732	0.05122	0.07985	0.16040	0.06487	0.21895	0.10775	0.07009	0.01774	0.06063	0.05601	0.00760	0.00594	0.00180	0.00692	0.00628	0.00462	0.00821
14	0.00820	0.00633	0.00768	0.00840	0.00976	0.00605	0.00648	0.01097	0.06701	0.01654	0.03965	0.29656	0.26493	0.01574	0.00731	0.00229	0.00388	0.21149	0.00542	0.00529
15	0.01098	0.01034	0.01744	0.78165	0.04005	0.01292	0.01615	0.01486	0.01163	0.01486	0.01034	0.01550	0.00775	0.00581	0.00581	0.00194	0.00775	0.00517	0.00258	0.00646
16	0.06039	0.13349	0.11788	0.07216	0.04786	0.08026	0.01219	0.21734	0.04895	0.02252	0.01256	0.04892	0.01032	0.00689	0.00608	0.00175	0.05219	0.00512	0.03514	0.00796
17	0.01530	0.16813	0.20978	0.01462	0.07944	0.01573	0.01328	0.11906	0.20528	0.05628	0.01594	0.01619	0.03293	0.00655	0.00540	0.00174	0.00633	0.00517	0.00416	0.00871

[dist]
# distance from previous block
# <min> <max>
1	7

[block]
# block no. 2 follows, 40 sequences, length 18
# corresponding to MSA columns:
# 148-161,164-167
name=unknown_C
#
# <colnr> <probs for GDERKNQSTAVLIFYWHMCP>
#	G	D	E	R	K	N	Q	S	T	A	V	L	I	F	Y	W	H	M	C	P
0	0.24068	0.01301	0.01279	0.07656	0.01615	0.05649	0.00900	0.26011	0.08030	0.02685	0.05428	0.01783	0.05786	0.00719	0.00522	0.00178	0.00549	0.00541	0.04539	0.00762
1	0.00837	0.00621	0.00877	0.05608	0.01098	0.00682	0.00664	0.01008	0.01026	0.01433	0.09870	0.10603	0.02237	0.19442	0.40621	0.00657	0.01034	0.00815	0.00376	0.00490
2	0.01546	0.35998	0.02033	0.01019	0.01372	0.04461	0.00875	0.19458	0.01498	0.01889	0.01220	0.01740	0.01138	0.17354	0.05864	0.00281	0.00689	0.00498	0.00359	0.00707
3	0.01682	0.23310	0.01806	0.01159	0.01494	0.37032	0.00941	0.04473	0.01501	0.01551	0.04601	0.01989	0.14714	0.00758	0.00521	0.00154	0.00750	0.00545	0.00353	0.00667
4	0.01404	0.01367	0.04605	0.01512	0.01925	0.01392	0.20846	0.06894	0.41386	0.02291	0.05345	0.02162	0.04662	0.00739	0.00624	0.00194	0.00613	0.00690	0.00497	0.00851
5	0.01129	0.03308	0.01338	0.01178	0.01257	0.07713	0.00934	0.01276	0.00990	0.01365	0.01301	0.06616	0.01312	0.08789	0.28754	0.00510	0.30726	0.00631	0.00304	0.00567
6	0.01555	0.79913	0.03047	0.00995	0.01493	0.02301	0.00995	0.01741	0.01182	0.01368	0.00808	0.00933	0.00746	0.00498	0.00373	0.00124	0.00622	0.00311	0.00249	0.00746
7	0.01990	0.02335	0.01466	0.01328	0.01609	0.60349	0.01002	0.05892	0.01632	0.01666	0.01093	0.01256	0.00887	0.00618	0.00507	0.00149	0.00896	0.00411	0.14246	0.00668
8	0.01010	0.00505	0.00758	0.00758	0.00758	0.00505	0.00505	0.00758	0.00758	0.01010	0.01010	0.01768	0.01010	0.02020	0.02273	0.83081	0.00505	0.00505	0.00253	0.00253
9	0.01931	0.14711	0.08895	0.01497	0.02030	0.01395	0.20939	0.08577	0.01559	0.30335	0.01548	0.01572	0.01068	0.00603	0.00574	0.00175	0.00694	0.00547	0.00470	0.00881
10	0.01480	0.01695	0.07138	0.01713	0.12653	0.23454	0.08164	0.06418	0.01382	0.01688	0.01211	0.01594	0.01031	0.01803	0.25502	0.00417	0.01114	0.00520	0.00316	0.00705
11	0.00734	0.00556	0.00653	0.00697	0.00800	0.00501	0.00482	0.00862	0.01229	0.01587	0.13874	0.32775	0.29965	0.11376	0.00993	0.00256	0.00342	0.01315	0.00530	0.00474
12	0.01347	0.06173	0.13251	0.01036	0.01435	0.01137	0.00969	0.22055	0.01761	0.05267	0.12990	0.03097	0.25169	0.00976	0.00612	0.00181	0.00509	0.00793	0.00508	0.00735
13	0.12336	0.07251	0.01923	0.02305	0.38231	0.10682	0.01321	0.04456	0.04904	0.04535	0.05714	0.01520	0.01191	0.00597	0.00534	0.00169	0.00653	0.00501	0.00357	0.00822
14	0.01030	0.00841	0.01180	0.01482	0.21369	0.00800	0.00865	0.01314	0.03899	0.04332	0.24723	0.03757	0.25510	0.05425	0.00776	0.00206	0.00424	0.00920	0.00498	0.00649
15	0.01673	0.01123	0.01267	0.01066	0.01400	0.01170	0.00858	0.30202	0.09201	0.13685	0.05094	0.09169	0.14572	0.01016	0.00634	0.00193	0.00497	0.05782	0.00591	0.00808
16	0.01521	0.04171	0.01456	0.01130	0.04118	0.13485	0.00866	0.11511	0.01490	0.02041	0.01055	0.01205	0.00858	0.00500	0.00470	0.00113	0.00576	0.00379	0.00364	0.52692
17	0.01485	0.00954	0.01413	0.14492	0.18160	0.00933	0.01066	0.01753	0.01429	0.23006	0.10629	0.02826	0.17661	0.00865	0.00615	0.00185	0.00518	0.00748	0.00499	0.00761

[dist]
# distance from previous block
# <min> <max>
0	1

[block]
# block no. 3 follows, 40 sequences, length 18
# corresponding to MSA columns:
# 169-186
name=unknown_D
#
# <colnr> <probs for GDERKNQSTAVLIFYWHMCP>
#	G	D	E	R	K	N	Q	S	T	A	V	L	I	F	Y	W	H	M	C	P
0	0.11065	0.09457	0.01894	0.01358	0.01677	0.01553	0.09491	0.13156	0.01420	0.15702	0.01221	0.01408	0.00936	0.00824	0.02808	0.00216	0.24120	0.00506	0.00409	0.00781
1	0.00822	0.00590	0.00804	0.00819	0.00880	0.00644	0.00579	0.00948	0.00924	0.01289	0.01831	0.11233	0.01940	0.29590	0.43666	0.00732	0.01087	0.00812	0.00350	0.00457
2	0.00766	0.00587	0.00871	0.00911	0.00993	0.00548	0.05450	0.00912	0.01189	0.01603	0.11011	0.65777	0.03828	0.01663	0.00732	0.00228	0.00374	0.01522	0.00534	0.00502
3	0.02253	0.01179	0.01408	0.01109	0.01528	0.01183	0.00906	0.23755	0.10551	0.41253	0.02011	0.01842	0.01349	0.00719	0.00573	0.00177	0.00519	0.00572	0.06162	0.00951
4	0.00841	0.00583	0.00734	0.00734	0.00768	0.00618	0.00477	0.00910	0.00875	0.01201	0.01741	0.03301	0.01895	0.54612	0.27611	0.00687	0.00894	0.00772	0.00339	0.00408
5	0.00790	0.00632	0.00691	0.00670	0.00839	0.00578	0.00491	0.01054	0.06282	0.01774	0.23011	0.04851	0.44755	0.09918	0.00930	0.00233	0.00330	0.01102	0.00548	0.00519
6	0.00899	0.00690	0.00965	0.00951	0.01075	0.00800	0.00734	0.01256	0.09041	0.01460	0.01657	0.02328	0.01513	0.06748	0.66106	0.00840	0.01401	0.00635	0.00344	0.00557
7	0.14152	0.01179	0.01329	0.01082	0.01489	0.01227	0.00878	0.13783	0.21440	0.34325	0.01956	0.01788	0.01341	0.00709	0.00553	0.00184	0.00501	0.00555	0.00611	0.00918
8	0.00762	0.00548	0.00720	0.00827	0.00893	0.00518	0.00593	0.00901	0.01187	0.01574	0.08392	0.53248	0.07683	0.06004	0.00868	0.00254	0.00377	0.13633	0.00536	0.00483
9	0.05733	0.00820	0.00934	0.00812	0.01085	0.00774	0.00633	0.05373	0.07278	0.15035	0.20522	0.03643	0.26525	0.02916	0.00678	0.00191	0.00378	0.00885	0.00576	0.05208
10	0.20006	0.01350	0.09425	0.03073	0.01490	0.01267	0.00939	0.26775	0.01714	0.04998	0.01595	0.01689	0.05108	0.00683	0.00499	0.00171	0.00526	0.00511	0.17416	0.00766
11	0.00720	0.00517	0.00685	0.00810	0.00856	0.00482	0.00552	0.00833	0.01144	0.01520	0.05289	0.71938	0.06259	0.01785	0.00741	0.00235	0.00342	0.04273	0.00542	0.00477
12	0.04986	0.00966	0.01189	0.00969	0.01337	0.00903	0.00776	0.05987	0.09631	0.39071	0.09397	0.06554	0.07384	0.00856	0.00590	0.00179	0.00447	0.00710	0.00624	0.07442
13	0.01281	0.01719	0.24503	0.01418	0.03634	0.02424	0.10566	0.09697	0.11274	0.03582	0.05335	0.02476	0.15576	0.03093	0.00680	0.00199	0.00648	0.00699	0.00422	0.00775
14	0.01011	0.00806	0.01158	0.01199	0.09336	0.00725	0.04757	0.01225	0.01256	0.04541	0.10212	0.29149	0.09438	0.01330	0.04824	0.00224	0.00492	0.01018	0.00465	0.16833
15	0.01370	0.32210	0.05620	0.01029	0.01484	0.01523	0.00945	0.05492	0.01237	0.01704	0.00989	0.01201	0.00858	0.00835	0.06736	0.00191	0.05859	0.00379	0.00306	0.30032
16	0.03977	0.03123	0.23234	0.01278	0.01869	0.01134	0.06805	0.05758	0.01342	0.10003	0.01185	0.01323	0.00884	0.00538	0.00550	0.00146	0.02887	0.00434	0.00362	0.33170
17	0.01538	0.06293	0.01886	0.01451	0.01757	0.03285	0.12140	0.07562	0.23587	0.07974	0.01613	0.01915	0.01297	0.00810	0.00929	0.00206	0.20058	0.04456	0.00440	0.00802

[dist]
# distance from previous block
# <min> <max>
1	12

[block]
# block no. 4 follows, 40 sequences, length 51
# corresponding to MSA columns:
# 199-249
name=unknown_E
#
# <colnr> <probs for GDERKNQSTAVLIFYWHMCP>
#	G	D	E	R	K	N	Q	S	T	A	V	L	I	F	Y	W	H	M	C	P
0	0.01217	0.00883	0.01234	0.03514	0.01398	0.00875	0.08277	0.04210	0.13266	0.10915	0.17906	0.17537	0.11973	0.01126	0.00666	0.00200	0.00455	0.03107	0.00557	0.00682
1	0.01558	0.01769	0.01496	0.01350	0.01511	0.34926	0.01056	0.01720	0.01283	0.01460	0.05737	0.01563	0.01190	0.01484	0.15652	0.00334	0.24472	0.00506	0.00310	0.00625
2	0.00967	0.00837	0.01215	0.26760	0.07851	0.00911	0.01019	0.01337	0.07305	0.01688	0.08869	0.19999	0.15170	0.01102	0.00650	0.00203	0.00513	0.02551	0.00439	0.00613
3	0.01447	0.01529	0.02516	0.11060	0.36627	0.08756	0.22839	0.01812	0.01335	0.01778	0.01080	0.01445	0.00871	0.00544	0.00656	0.00183	0.03866	0.00553	0.00286	0.00816
4	0.00737	0.00560	0.00793	0.00868	0.00939	0.00519	0.03844	0.00859	0.01140	0.01508	0.03301	0.70546	0.08723	0.01737	0.00736	0.00232	0.00363	0.01580	0.00529	0.00488
5	0.08770	0.01187	0.01412	0.01097	0.01531	0.01181	0.00904	0.25499	0.01954	0.43884	0.05203	0.01818	0.01414	0.00720	0.00571	0.00178	0.00528	0.00565	0.00644	0.00941
6	0.00767	0.00605	0.00698	0.00746	0.00876	0.00563	0.00532	0.01021	0.07164	0.01649	0.08820	0.38758	0.32562	0.01559	0.00705	0.00214	0.00326	0.01364	0.00550	0.00521
7	0.01667	0.01487	0.01206	0.01088	0.01357	0.26119	0.00828	0.04344	0.11916	0.10612	0.01768	0.10586	0.01506	0.00886	0.02461	0.00185	0.00640	0.00629	0.16288	0.04429
8	0.02299	0.01027	0.01326	0.01036	0.01444	0.00950	0.00848	0.12942	0.01817	0.55324	0.12511	0.02228	0.01945	0.00783	0.00599	0.00180	0.00485	0.00642	0.00688	0.00927
9	0.01584	0.00753	0.00991	0.00839	0.01102	0.00675	0.00658	0.01829	0.01596	0.32920	0.37279	0.03178	0.03397	0.03288	0.00690	0.00189	0.00374	0.00812	0.07120	0.00725
10	0.01688	0.06069	0.01846	0.29132	0.08531	0.12147	0.01335	0.26349	0.03428	0.02266	0.01160	0.01397	0.00877	0.00618	0.00561	0.00175	0.00745	0.00491	0.00383	0.00801
11	0.01395	0.00970	0.01124	0.01044	0.01303	0.01038	0.00806	0.02311	0.38293	0.13614	0.07139	0.19287	0.02504	0.01080	0.00643	0.00207	0.00432	0.05426	0.00600	0.00786
12	0.00831	0.00623	0.00935	0.00935	0.01038	0.00727	0.00727	0.01038	0.00935	0.01350	0.01558	0.02285	0.01454	0.04361	0.77259	0.00935	0.01558	0.00623	0.00312	0.00519
13	0.00755	0.00549	0.00652	0.00702	0.00769	0.00510	0.00462	0.00849	0.01119	0.01460	0.09059	0.34203	0.19055	0.25532	0.01406	0.00324	0.00393	0.01266	0.00490	0.00446
14	0.00750	0.00538	0.00712	0.00781	0.00853	0.00500	0.00543	0.00914	0.01306	0.01791	0.29371	0.52145	0.04439	0.01593	0.00722	0.00217	0.00315	0.01436	0.00576	0.00500
15	0.01280	0.01001	0.01122	0.01051	0.01278	0.01092	0.00791	0.16720	0.27546	0.02270	0.02535	0.35886	0.02524	0.01225	0.00656	0.00210	0.00443	0.01068	0.00567	0.00737
16	0.00708	0.00509	0.00672	0.00803	0.00842	0.00473	0.00537	0.00811	0.01120	0.01487	0.03291	0.76839	0.06135	0.01811	0.00740	0.00235	0.00336	0.01640	0.00540	0.00473
17	0.08251	0.01335	0.01386	0.01189	0.01554	0.01525	0.00944	0.20873	0.50735	0.02758	0.01997	0.01876	0.01485	0.00746	0.00571	0.00190	0.00505	0.00596	0.00571	0.00914
18	0.01081	0.00909	0.00942	0.00863	0.01128	0.00939	0.00667	0.07398	0.28012	0.02047	0.04265	0.04028	0.43121	0.01165	0.00644	0.00195	0.00382	0.00966	0.00562	0.00685
19	0.01206	0.01034	0.01206	0.00861	0.01378	0.00775	0.00689	0.01464	0.01206	0.01895	0.01034	0.01206	0.00861	0.00431	0.00431	0.00086	0.00431	0.00345	0.00345	0.83118
20	0.83671	0.01125	0.00855	0.00765	0.01125	0.01305	0.00630	0.01709	0.00990	0.02609	0.00810	0.00945	0.00630	0.00540	0.00360	0.00180	0.00450	0.00315	0.00360	0.00630
21	0.02147	0.01223	0.02116	0.01558	0.02058	0.01113	0.27227	0.05134	0.01599	0.46724	0.01857	0.01809	0.01221	0.00636	0.00621	0.00186	0.00676	0.00619	0.00561	0.00915
22	0.01439	0.01382	0.02360	0.03569	0.75936	0.01382	0.01785	0.01785	0.01324	0.01900	0.01094	0.01439	0.00921	0.00518	0.00576	0.00173	0.00691	0.00518	0.00288	0.00921
23	0.17797	0.01377	0.02062	0.04868	0.02108	0.01430	0.27239	0.23142	0.01688	0.02500	0.01639	0.01800	0.08411	0.00665	0.00586	0.00186	0.00696	0.00612	0.00416	0.00779
24	0.01058	0.00829	0.00970	0.00922	0.01072	0.00931	0.00669	0.01714	0.27622	0.01665	0.01944	0.02761	0.01795	0.28676	0.24262	0.00542	0.00823	0.00711	0.00427	0.00607
25	0.34238	0.01173	0.01266	0.05962	0.01522	0.01383	0.00911	0.04523	0.14553	0.08793	0.01258	0.01387	0.00966	0.00700	0.00752	0.00195	0.15899	0.00461	0.00414	0.03645
26	0.01087	0.00662	0.00805	0.00729	0.00945	0.00580	0.00561	0.01302	0.01524	0.15164	0.35265	0.04416	0.32308	0.01217	0.00668	0.00188	0.00321	0.01038	0.00615	0.00604
27	0.00846	0.00564	0.00634	0.00634	0.00634	0.00564	0.00352	0.00846	0.00846	0.01128	0.01832	0.03805	0.02114	0.79563	0.02960	0.00564	0.00564	0.00846	0.00352	0.00352
28	0.01622	0.39276	0.14418	0.01361	0.01855	0.20737	0.06944	0.01899	0.01309	0.01498	0.00896	0.01072	0.00757	0.00551	0.00522	0.00151	0.03742	0.00383	0.00265	0.00745
29	0.01226	0.02604	0.60580	0.01536	0.02318	0.01262	0.03462	0.01851	0.03058	0.04082	0.01115	0.01278	0.00803	0.00545	0.00541	0.00171	0.00783	0.00434	0.00283	0.12067
30	0.05981	0.34875	0.14327	0.03210	0.01872	0.01748	0.11122	0.07519	0.01319	0.01820	0.01070	0.03042	0.00895	0.00586	0.00531	0.00160	0.03429	0.00456	0.05280	0.00758
31	0.00850	0.00643	0.00790	0.00748	0.00907	0.00609	0.00562	0.01209	0.07342	0.02209	0.58009	0.06217	0.15283	0.01214	0.00680	0.00187	0.00293	0.01061	0.00619	0.00568
32	0.00732	0.00567	0.00625	0.00658	0.00775	0.00506	0.00455	0.00839	0.01174	0.01459	0.04351	0.21608	0.42161	0.18520	0.01196	0.00287	0.00368	0.02762	0.00499	0.00458
33	0.01529	0.01804	0.28633	0.07418	0.04109	0.03081	0.01405	0.10622	0.06059	0.15352	0.01701	0.12695	0.01414	0.00800	0.00594	0.00190	0.00661	0.00667	0.00438	0.00827
34	0.01369	0.01389	0.02418	0.02639	0.34607	0.01533	0.18315	0.01676	0.01193	0.01727	0.01004	0.01414	0.00860	0.00676	0.01039	0.00205	0.26305	0.00554	0.00278	0.00796
35	0.03625	0.00737	0.00806	0.00731	0.00921	0.00754	0.00564	0.12175	0.01566	0.02440	0.24093	0.04389	0.02649	0.00856	0.00523	0.00159	0.00334	0.00711	0.41351	0.00612
36	0.00728	0.00522	0.00678	0.00791	0.00835	0.00488	0.00532	0.00833	0.01124	0.01492	0.05263	0.65525	0.07215	0.07890	0.00914	0.00259	0.00357	0.03559	0.00528	0.00468
37	0.01431	0.29754	0.02755	0.10359	0.26984	0.01722	0.15711	0.01753	0.01265	0.01656	0.01001	0.01294	0.00835	0.00512	0.00525	0.00162	0.00732	0.00476	0.00272	0.00802
38	0.00786	0.00589	0.00728	0.00701	0.00848	0.00532	0.00523	0.01022	0.01547	0.02114	0.55860	0.07874	0.22171	0.01284	0.00689	0.00188	0.00282	0.01120	0.00612	0.00532
39	0.00837	0.00560	0.00637	0.00645	0.00648	0.00558	0.00364	0.00843	0.00863	0.01150	0.01920	0.08600	0.02224	0.74618	0.02819	0.00543	0.00549	0.00897	0.00364	0.00360
40	0.08723	0.01262	0.01880	0.19531	0.33310	0.01393	0.01450	0.09022	0.03457	0.04849	0.02698	0.01505	0.00996	0.00621	0.00666	0.00186	0.06775	0.00517	0.00347	0.00813
41	0.00810	0.00623	0.00769	0.00837	0.00926	0.00619	0.00589	0.02762	0.05871	0.01609	0.03455	0.57397	0.15290	0.01641	0.00764	0.00226	0.03304	0.01449	0.00533	0.00523
42	0.00963	0.00760	0.05561	0.00804	0.01007	0.00587	0.00646	0.01150	0.01317	0.10295	0.11896	0.31445	0.28525	0.01422	0.00687	0.00207	0.00367	0.01237	0.00553	0.00572
43	0.01363	0.18305	0.48705	0.01659	0.08011	0.08889	0.01789	0.01864	0.01267	0.01711	0.00986	0.01168	0.00754	0.00543	0.00516	0.00168	0.00817	0.00407	0.00255	0.00824
44	0.01186	0.01128	0.01871	0.28991	0.02634	0.04139	0.18449	0.01547	0.03577	0.03709	0.01649	0.16782	0.01576	0.00890	0.00727	0.00208	0.05414	0.04505	0.00361	0.00658
45	0.01274	0.01311	0.01059	0.01036	0.01225	0.24188	0.00776	0.05979	0.01433	0.01635	0.02839	0.24961	0.17485	0.01425	0.04880	0.00238	0.00649	0.06572	0.00456	0.00579
46	0.15681	0.01258	0.01709	0.08162	0.01923	0.06095	0.15327	0.08849	0.01409	0.14835	0.01465	0.07757	0.01200	0.00991	0.06205	0.00245	0.05108	0.00618	0.00423	0.00741
47	0.01791	0.17058	0.11510	0.01470	0.01881	0.38564	0.06114	0.05325	0.01475	0.01595	0.00948	0.01142	0.00783	0.00680	0.02292	0.00177	0.05762	0.00411	0.00293	0.00727
48	0.01492	0.01176	0.01542	0.09537	0.12184	0.01159	0.01059	0.16208	0.01523	0.06885	0.01227	0.01450	0.00966	0.00861	0.06596	0.00206	0.03397	0.00466	0.00393	0.31672
49	0.14916	0.11785	0.04532	0.07329	0.06475	0.05353	0.01076	0.27869	0.01774	0.05128	0.01532	0.01612	0.06880	0.00678	0.00523	0.00171	0.00617	0.00509	0.00433	0.00807
50	0.01130	0.01171	0.08850	0.01351	0.10375	0.05736	0.05565	0.01407	0.01385	0.04461	0.28290	0.05747	0.06505	0.10229	0.00950	0.00228	0.03021	0.00816	0.00456	0.02327

[dist]
# distance from previous block
# <min> <max>
1	16

[block]
# block no. 5 follows, 40 sequences, length 67
# corresponding to MSA columns:
# 266-332
name=unknown_F
#
# <colnr> <probs for GDERKNQSTAVLIFYWHMCP>
#	G	D	E	R	K	N	Q	S	T	A	V	L	I	F	Y	W	H	M	C	P
0	0.01364	0.01531	0.07889	0.28910	0.02770	0.09926	0.14164	0.04693	0.12907	0.01809	0.01415	0.01731	0.02969	0.00657	0.00649	0.00192	0.03749	0.01587	0.00344	0.00741
1	0.00795	0.00612	0.00708	0.00749	0.00879	0.00564	0.00534	0.05321	0.01316	0.01679	0.06307	0.41769	0.33469	0.01590	0.00708	0.00214	0.00336	0.01390	0.00545	0.00514
2	0.01016	0.00717	0.01220	0.01099	0.01234	0.00694	0.12639	0.01039	0.01032	0.01365	0.01845	0.09626	0.04577	0.01645	0.01513	0.41874	0.00567	0.15518	0.00354	0.00427
3	0.00823	0.00603	0.00792	0.00876	0.00994	0.00572	0.00697	0.01031	0.01331	0.01750	0.15750	0.24632	0.14444	0.01572	0.00751	0.00235	0.00405	0.31671	0.00555	0.00515
4	0.01186	0.25355	0.08520	0.07346	0.01756	0.01375	0.10697	0.01443	0.01156	0.01497	0.01527	0.09433	0.01549	0.12969	0.02816	0.00259	0.02165	0.07983	0.00329	0.00638
5	0.00816	0.00583	0.00732	0.00740	0.00797	0.00605	0.00498	0.00907	0.00941	0.01269	0.02243	0.08111	0.09570	0.41706	0.27341	0.00629	0.00853	0.00860	0.00370	0.00430
6	0.01113	0.00851	0.00973	0.00921	0.01126	0.00875	0.00703	0.15063	0.10842	0.02169	0.13334	0.25570	0.16993	0.01310	0.00678	0.00207	0.00406	0.05654	0.00568	0.00645
7	0.01662	0.01270	0.01553	0.01300	0.01671	0.01384	0.07310	0.17492	0.38629	0.09930	0.02127	0.02389	0.01662	0.00821	0.00619	0.00198	0.00554	0.07966	0.00571	0.00890
8	0.00733	0.00578	0.00639	0.00665	0.00804	0.00511	0.00481	0.00869	0.01249	0.01551	0.08507	0.16473	0.47131	0.11694	0.00999	0.00254	0.00350	0.05516	0.00521	0.00476
9	0.00904	0.00540	0.00636	0.00703	0.00789	0.00526	0.00504	0.01090	0.01166	0.01792	0.02533	0.34234	0.02653	0.05618	0.00721	0.00212	0.00338	0.07247	0.37292	0.00502
10	0.01446	0.58310	0.23694	0.01181	0.01780	0.02034	0.01319	0.01769	0.01195	0.01501	0.00875	0.01016	0.00744	0.00513	0.00424	0.00141	0.00689	0.00344	0.00248	0.00778
11	0.01542	0.70513	0.09407	0.01070	0.01593	0.04836	0.01100	0.01770	0.01202	0.01411	0.00832	0.00963	0.00746	0.00506	0.00394	0.00130	0.00658	0.00324	0.00250	0.00754
12	0.00734	0.00535	0.00656	0.00735	0.00796	0.00496	0.00488	0.00833	0.01125	0.01470	0.06440	0.49043	0.16558	0.15930	0.01135	0.00287	0.00368	0.01404	0.00510	0.00457
13	0.01369	0.01527	0.07279	0.02840	0.37018	0.01399	0.31062	0.01785	0.01336	0.01881	0.03681	0.01574	0.01047	0.00547	0.00662	0.00186	0.03069	0.00599	0.00299	0.00841
14	0.00720	0.00522	0.00682	0.00802	0.00855	0.00484	0.00549	0.00836	0.01154	0.01526	0.05504	0.68425	0.09319	0.01768	0.00739	0.00233	0.00341	0.04520	0.00543	0.00479
15	0.00770	0.00555	0.00745	0.00790	0.00874	0.00531	0.00563	0.00955	0.01320	0.01829	0.33660	0.39627	0.04294	0.01815	0.08589	0.00285	0.00436	0.01293	0.00559	0.00509
16	0.00749	0.00523	0.00663	0.00758	0.00781	0.00499	0.00484	0.00820	0.01034	0.01379	0.02798	0.56832	0.03333	0.24874	0.01400	0.00333	0.00405	0.01414	0.00484	0.00437
17	0.01231	0.01123	0.01828	0.57132	0.17449	0.01320	0.01583	0.05990	0.01291	0.01717	0.01091	0.01537	0.00836	0.00579	0.00576	0.00187	0.00737	0.00518	0.02559	0.00716
18	0.00976	0.00658	0.00867	0.00841	0.00946	0.00762	0.00657	0.01200	0.01042	0.01678	0.01610	0.02134	0.01397	0.02564	0.39188	0.00549	0.08965	0.00579	0.32845	0.00540
19	0.00868	0.00624	0.00840	0.00865	0.01001	0.00596	0.00702	0.01140	0.01525	0.02099	0.47007	0.05218	0.04643	0.01354	0.00732	0.00216	0.00377	0.29051	0.00599	0.00543
20	0.01441	0.01310	0.01650	0.01404	0.01602	0.01641	0.03614	0.09550	0.30289	0.02056	0.01475	0.01649	0.01190	0.00876	0.01210	0.00222	0.37033	0.00575	0.00423	0.00790
21	0.00788	0.00540	0.00651	0.00708	0.00722	0.00525	0.00431	0.00831	0.00958	0.01277	0.02408	0.35438	0.02841	0.46939	0.02029	0.00426	0.00469	0.01185	0.00431	0.00403
22	0.01547	0.09583	0.02345	0.03032	0.58790	0.07546	0.01618	0.05305	0.01403	0.01892	0.01064	0.01354	0.00893	0.00531	0.00551	0.00166	0.00710	0.00486	0.00299	0.00887
23	0.01684	0.26093	0.24760	0.01380	0.01924	0.24998	0.01393	0.08250	0.01474	0.01729	0.00959	0.01098	0.00765	0.00563	0.00492	0.00155	0.00827	0.00385	0.00292	0.00780
24	0.01130	0.00885	0.01162	0.01047	0.01117	0.01131	0.00847	0.01327	0.01027	0.01695	0.01332	0.01781	0.01156	0.01397	0.12876	0.00312	0.35833	0.00539	0.32825	0.00581
25	0.11926	0.08122	0.11298	0.01426	0.09206	0.01133	0.09314	0.03668	0.01280	0.08133	0.03302	0.22599	0.04338	0.00941	0.00592	0.00192	0.00573	0.00829	0.00417	0.00709
26	0.03760	0.11507	0.06804	0.01870	0.21919	0.01531	0.03031	0.16913	0.13698	0.08976	0.01426	0.01505	0.01078	0.00615	0.00546	0.00171	0.00621	0.00510	0.00433	0.03086
27	0.01456	0.01040	0.01188	0.00980	0.01335	0.01008	0.00772	0.15505	0.13413	0.10628	0.06809	0.11309	0.09683	0.00892	0.00582	0.00167	0.00447	0.00747	0.00533	0.21505
28	0.01261	0.01226	0.02161	0.40947	0.32284	0.01346	0.09110	0.01642	0.01248	0.01688	0.01072	0.01508	0.00844	0.00547	0.00590	0.00186	0.00763	0.00535	0.00274	0.00769
29	0.01390	0.34979	0.01947	0.01005	0.01320	0.07029	0.00874	0.04540	0.01349	0.04945	0.12479	0.08822	0.08338	0.00873	0.00646	0.00167	0.07564	0.00661	0.00396	0.00677
30	0.05566	0.01581	0.09626	0.13666	0.24915	0.09879	0.07774	0.01801	0.03966	0.03663	0.02969	0.03490	0.02442	0.00650	0.00658	0.00185	0.05512	0.00557	0.00324	0.00775
31	0.00718	0.00552	0.00630	0.00686	0.00788	0.00493	0.00470	0.00826	0.01172	0.01474	0.04230	0.35538	0.36082	0.12377	0.01023	0.00263	0.00349	0.01349	0.00514	0.00464
32	0.00753	0.00576	0.00692	0.00709	0.00845	0.00516	0.00522	0.00944	0.01403	0.01850	0.31853	0.20825	0.30859	0.01444	0.00703	0.00202	0.00305	0.03911	0.00578	0.00511
33	0.01305	0.04115	0.22723	0.28748	0.18672	0.07998	0.01725	0.01726	0.01247	0.01661	0.01020	0.01364	0.00792	0.00577	0.00616	0.00183	0.04021	0.00474	0.00264	0.00769
34	0.08488	0.01007	0.01199	0.01350	0.14467	0.01088	0.00868	0.04836	0.24375	0.02209	0.01872	0.01996	0.03946	0.00783	0.00622	0.05261	0.00451	0.00575	0.23871	0.00734
35	0.00735	0.00529	0.00655	0.00743	0.00790	0.00495	0.00486	0.00821	0.01083	0.01418	0.03259	0.53202	0.12880	0.18634	0.01216	0.00302	0.00381	0.01422	0.00499	0.00449
36	0.01195	0.00892	0.01347	0.01752	0.25968	0.00856	0.01029	0.01441	0.01362	0.09480	0.12854	0.16214	0.09853	0.02525	0.00706	0.00208	0.00489	0.10652	0.00485	0.00694
37	0.01653	0.11715	0.20224	0.01482	0.03988	0.11692	0.05492	0.19428	0.12948	0.02254	0.01387	0.01463	0.02436	0.00637	0.00551	0.00172	0.00732	0.00498	0.00397	0.00851
38	0.00920	0.00613	0.00760	0.00768	0.00925	0.00551	0.00580	0.01107	0.01385	0.08278	0.22224	0.23162	0.26395	0.01435	0.00703	0.00209	0.00342	0.08514	0.00580	0.00549
39	0.00796	0.00634	0.00968	0.00982	0.01093	0.00593	0.07811	0.00956	0.01178	0.01555	0.03196	0.58464	0.08953	0.01642	0.00739	0.00232	0.00418	0.08764	0.00515	0.00511
40	0.00990	0.01094	0.08786	0.01141	0.05796	0.07445	0.00907	0.01240	0.01160	0.01527	0.05375	0.02779	0.16636	0.02683	0.39138	0.00560	0.01077	0.00716	0.00363	0.00588
41	0.00888	0.00671	0.00890	0.00946	0.01047	0.02514	0.00746	0.01083	0.01118	0.01501	0.03941	0.12448	0.02514	0.10703	0.31172	0.00553	0.00926	0.25408	0.00425	0.00507
42	0.01766	0.01804	0.01313	0.01180	0.01412	0.39281	0.00906	0.05041	0.01486	0.05050	0.01275	0.01472	0.01019	0.00676	0.00636	0.00159	0.08735	0.00456	0.25678	0.00657
43	0.00933	0.00779	0.00966	0.00906	0.00983	0.00892	0.00692	0.01047	0.01062	0.01430	0.02890	0.03827	0.24435	0.23949	0.01690	0.00323	0.22399	0.07063	0.03236	0.00497
44	0.01354	0.03988	0.21177	0.06765	0.49133	0.01398	0.04277	0.01785	0.01289	0.01848	0.01073	0.01381	0.00861	0.00529	0.00568	0.00176	0.00746	0.00496	0.00275	0.00882
45	0.01231	0.01199	0.01918	0.16312	0.15037	0.02343	0.10647	0.01562	0.03730	0.01704	0.08728	0.03763	0.01468	0.00820	0.01024	0.00211	0.24749	0.02520	0.00332	0.00701
46	0.51602	0.01195	0.05666	0.00909	0.01330	0.01158	0.00798	0.02092	0.01229	0.27123	0.01319	0.01307	0.00906	0.00601	0.00447	0.00180	0.00490	0.00412	0.00473	0.00764
47	0.01082	0.00966	0.01392	0.01352	0.07825	0.03612	0.07277	0.01387	0.05576	0.01529	0.01431	0.02090	0.01318	0.10507	0.36847	0.00574	0.08355	0.00607	0.00326	0.05947
48	0.01801	0.01632	0.01736	0.01416	0.01775	0.24940	0.14543	0.07882	0.03630	0.15181	0.06133	0.09641	0.01575	0.00773	0.00599	0.00176	0.00733	0.00667	0.02416	0.02751
49	0.01749	0.02086	0.01686	0.31745	0.02669	0.47270	0.01317	0.01992	0.01457	0.01448	0.00952	0.01247	0.00759	0.00592	0.00547	0.00167	0.00941	0.00431	0.00283	0.00663
50	0.01939	0.01193	0.01493	0.01388	0.09189	0.01204	0.01026	0.21491	0.10529	0.26107	0.01963	0.02339	0.01518	0.00799	0.00603	0.00185	0.00551	0.09864	0.00576	0.06046
51	0.00992	0.04051	0.13967	0.03521	0.01271	0.00834	0.00884	0.01298	0.01159	0.01761	0.10574	0.02340	0.01823	0.06689	0.24371	0.00424	0.00819	0.00619	0.22013	0.00590
52	0.02558	0.01071	0.01400	0.01073	0.01525	0.00976	0.00887	0.11929	0.01801	0.67050	0.02179	0.01905	0.01382	0.00717	0.00584	0.00179	0.00513	0.00577	0.00702	0.00990
53	0.01422	0.01780	0.30991	0.03909	0.01907	0.01071	0.03325	0.03711	0.01308	0.15054	0.03227	0.01726	0.01159	0.08714	0.00816	0.00205	0.02063	0.00513	0.00381	0.16719
54	0.05102	0.01914	0.09952	0.01878	0.06788	0.21485	0.27286	0.02143	0.03238	0.12687	0.01261	0.01437	0.00927	0.00570	0.00592	0.00178	0.00863	0.00536	0.00362	0.00798
55	0.00746	0.00547	0.00707	0.00802	0.00881	0.00507	0.00574	0.00894	0.01232	0.01629	0.12348	0.52013	0.13359	0.01674	0.00735	0.00228	0.00347	0.09732	0.00552	0.00491
56	0.01813	0.01201	0.01837	0.01459	0.01718	0.01373	0.11068	0.02029	0.01262	0.31028	0.01424	0.01592	0.01046	0.00828	0.01218	0.00217	0.37082	0.00563	0.00443	0.00796
57	0.11245	0.05041	0.23185	0.01218	0.01743	0.03247	0.03030	0.03263	0.05015	0.28276	0.01768	0.05716	0.03301	0.00714	0.00553	0.00183	0.00615	0.00570	0.00475	0.00841
58	0.01450	0.01454	0.02104	0.03044	0.59563	0.10135	0.01580	0.01747	0.01340	0.01802	0.01288	0.09391	0.01202	0.00662	0.00587	0.00177	0.00696	0.00618	0.00315	0.00846
59	0.01033	0.00625	0.00648	0.00619	0.00790	0.00607	0.00470	0.05664	0.01375	0.02126	0.09162	0.03156	0.20175	0.00919	0.00511	0.00157	0.00300	0.00754	0.50353	0.00557
60	0.00842	0.00577	0.00703	0.00703	0.00726	0.00601	0.00438	0.00890	0.00866	0.01178	0.01770	0.03459	0.01964	0.62438	0.19879	0.00648	0.00790	0.00795	0.00343	0.00390
61	0.01359	0.08099	0.44791	0.01410	0.02062	0.01374	0.01612	0.02170	0.18514	0.07870	0.01605	0.01639	0.03655	0.00649	0.00556	0.00183	0.00699	0.00514	0.00375	0.00863
62	0.00997	0.00819	0.00910	0.00907	0.01095	0.00862	0.00669	0.01721	0.30277	0.01894	0.04879	0.31150	0.18867	0.01325	0.00670	0.00211	0.00375	0.01155	0.00562	0.00655
63	0.00765	0.00535	0.00680	0.00759	0.00786	0.00523	0.00489	0.00839	0.01008	0.01352	0.02612	0.47610	0.03075	0.28732	0.07139	0.00400	0.00505	0.01300	0.00459	0.00435
64	0.16940	0.09940	0.28319	0.01290	0.01854	0.01532	0.01356	0.16547	0.07848	0.05192	0.01202	0.01290	0.00886	0.00614	0.00546	0.00178	0.02806	0.00443	0.00384	0.00835
65	0.01336	0.02135	0.39031	0.01338	0.01912	0.08954	0.01474	0.01914	0.08904	0.08305	0.02158	0.02302	0.13470	0.00790	0.00588	0.00187	0.00700	0.03330	0.00388	0.00784
66	0.00808	0.00667	0.00719	0.00720	0.00914	0.00617	0.00557	0.01128	0.08900	0.01711	0.08898	0.05251	0.53348	0.03352	0.00749	0.00214	0.00347	0.10017	0.00546	0.00540

[dist]
# distance from previous block
# <min> <max>
0	1

[block]
# block no. 6 follows, 40 sequences, length 6
# corresponding to MSA columns:
# 334-339
name=unknown_G
#
# <colnr> <probs for GDERKNQSTAVLIFYWHMCP>
#	G	D	E	R	K	N	Q	S	T	A	V	L	I	F	Y	W	H	M	C	P
0	0.01370	0.00827	0.01008	0.00939	0.01171	0.00817	0.00717	0.04969	0.15074	0.19242	0.08004	0.27877	0.09971	0.01237	0.00664	0.00207	0.00410	0.04188	0.00600	0.00708
1	0.01592	0.01748	0.01352	0.01135	0.01519	0.32976	0.00872	0.01914	0.07714	0.01717	0.01477	0.01571	0.06841	0.00615	0.00504	0.00131	0.00682	0.00454	0.00362	0.34822
2	0.01464	0.02214	0.48682	0.01373	0.02050	0.01123	0.01620	0.01964	0.01348	0.20224	0.01945	0.01947	0.10067	0.00706	0.00577	0.00185	0.00700	0.00565	0.00399	0.00847
3	0.01292	0.01331	0.02111	0.01711	0.01829	0.01719	0.15759	0.01492	0.00987	0.01492	0.00846	0.01331	0.00787	0.00912	0.01664	0.00243	0.63021	0.00544	0.00262	0.00666
4	0.01992	0.25294	0.02056	0.01351	0.01709	0.55352	0.01086	0.02153	0.01512	0.01407	0.00872	0.01015	0.00748	0.00570	0.00480	0.00142	0.00924	0.00356	0.00285	0.00695
5	0.49652	0.24143	0.01551	0.00883	0.01279	0.01613	0.00772	0.01887	0.10072	0.02225	0.01000	0.01091	0.00804	0.00558	0.00392	0.00166	0.00501	0.00356	0.00356	0.00699

[dist]
# distance from previous block
# <min> <max>
0	2

[block]
# block no. 7 follows, 40 sequences, length 20
# corresponding to MSA columns:
# 342-361
name=unknown_H
#
# <colnr> <probs for GDERKNQSTAVLIFYWHMCP>
#	G	D	E	R	K	N	Q	S	T	A	V	L	I	F	Y	W	H	M	C	P
0	0.01430	0.48695	0.22358	0.01416	0.04716	0.01931	0.08838	0.01782	0.01219	0.01563	0.00919	0.01095	0.00764	0.00512	0.00460	0.00149	0.00724	0.00389	0.00254	0.00786
1	0.00966	0.00648	0.00746	0.00672	0.00877	0.00578	0.00511	0.01224	0.01391	0.02129	0.30424	0.03173	0.10040	0.00909	0.00545	0.00151	0.00301	0.00771	0.29788	0.14157
2	0.01485	0.01346	0.13714	0.03468	0.01639	0.01174	0.01123	0.11135	0.10375	0.14734	0.01602	0.01831	0.01240	0.01837	0.24270	0.00420	0.06832	0.00564	0.00434	0.00778
3	0.01571	0.12733	0.24370	0.01597	0.08405	0.06628	0.07573	0.02157	0.11978	0.12890	0.01532	0.01594	0.03159	0.00625	0.00553	0.00175	0.00707	0.00518	0.00386	0.00848
4	0.01601	0.01406	0.01397	0.01226	0.01572	0.06706	0.00960	0.12784	0.59931	0.02533	0.02132	0.01986	0.01597	0.00763	0.00586	0.00191	0.00525	0.00620	0.00570	0.00913
5	0.00701	0.00536	0.00644	0.00731	0.00823	0.00479	0.00505	0.00819	0.01189	0.01515	0.04160	0.53022	0.29391	0.01698	0.00723	0.00222	0.00322	0.01502	0.00540	0.00479
6	0.09383	0.01289	0.01627	0.01440	0.04692	0.04528	0.08527	0.19891	0.05408	0.02276	0.01636	0.07473	0.01531	0.00942	0.00849	0.00211	0.14169	0.12948	0.00440	0.00740
7	0.00911	0.00747	0.01077	0.01346	0.13338	0.00761	0.00863	0.01089	0.01191	0.01600	0.02901	0.40425	0.09928	0.01472	0.00812	0.00229	0.06562	0.13701	0.00475	0.00572
8	0.00717	0.00573	0.00632	0.00652	0.00800	0.00499	0.00470	0.00864	0.01301	0.01630	0.14195	0.19479	0.48973	0.05567	0.00816	0.00221	0.00314	0.01267	0.00543	0.00488
9	0.00838	0.00596	0.00810	0.00935	0.01019	0.00582	0.00736	0.01020	0.01213	0.01594	0.03044	0.35814	0.03464	0.07054	0.00927	0.00275	0.00457	0.38598	0.00525	0.00497
10	0.01894	0.02244	0.01691	0.18085	0.05049	0.52081	0.01248	0.05697	0.03703	0.01595	0.01002	0.01221	0.00803	0.00603	0.00543	0.00163	0.00939	0.00426	0.00313	0.00700
11	0.09133	0.01301	0.06192	0.11234	0.19767	0.01227	0.22471	0.01617	0.01266	0.01851	0.01493	0.08585	0.01388	0.00760	0.00628	0.00200	0.00723	0.09091	0.00341	0.00734
12	0.01500	0.01276	0.01345	0.01194	0.01533	0.01472	0.00933	0.08090	0.69798	0.02519	0.02298	0.02115	0.01720	0.00783	0.00591	0.00196	0.00473	0.00648	0.00591	0.00925
13	0.01631	0.00758	0.00983	0.00840	0.01068	0.00688	0.00621	0.01783	0.01361	0.35299	0.14282	0.06993	0.02456	0.26999	0.01397	0.00311	0.00473	0.00804	0.00575	0.00679
14	0.01015	0.00739	0.00858	0.00772	0.00986	0.00681	0.00579	0.05605	0.01288	0.01851	0.09495	0.08406	0.11603	0.14122	0.05147	0.00269	0.00471	0.05149	0.12639	0.18326
15	0.00845	0.00589	0.00761	0.00848	0.00908	0.00580	0.00626	0.00974	0.01105	0.01456	0.02669	0.24524	0.03039	0.29377	0.01554	0.00365	0.00494	0.28362	0.00472	0.00454
16	0.01132	0.01039	0.01435	0.01283	0.01352	0.01374	0.01045	0.01433	0.08006	0.01481	0.01200	0.01718	0.01106	0.02185	0.28570	0.00491	0.43658	0.00564	0.00307	0.00622
17	0.01194	0.01034	0.01336	0.08598	0.06168	0.01096	0.05892	0.07394	0.24502	0.02111	0.09445	0.03112	0.22451	0.00949	0.00627	0.00191	0.00488	0.00819	0.01859	0.00731
18	0.01125	0.00712	0.00933	0.00884	0.01029	0.00750	0.00661	0.07077	0.01208	0.09335	0.04972	0.12510	0.02003	0.15267	0.33941	0.00571	0.00933	0.00795	0.04718	0.00575
19	0.01317	0.01805	0.28103	0.01344	0.03851	0.01216	0.01341	0.03786	0.12057	0.05168	0.01364	0.01489	0.02387	0.00624	0.00659	0.00164	0.08090	0.00473	0.00362	0.24399

[dist]
# distance from previous block
# <min> <max>
1	16

[block]
# block no. 8 follows, 40 sequences, length 40
# corresponding to MSA columns:
# 378-417
name=unknown_I
#
# <colnr> <probs for GDERKNQSTAVLIFYWHMCP>
#	G	D	E	R	K	N	Q	S	T	A	V	L	I	F	Y	W	H	M	C	P
0	0.08074	0.09981	0.05131	0.01509	0.10679	0.05376	0.03530	0.24807	0.05630	0.10386	0.03548	0.03925	0.01205	0.00682	0.00568	0.00173	0.01819	0.00539	0.00462	0.01978
1	0.33709	0.00900	0.00929	0.00809	0.01113	0.00946	0.00653	0.01854	0.01215	0.22234	0.01538	0.01654	0.01136	0.01083	0.09772	0.00262	0.00557	0.00475	0.18465	0.00694
2	0.01071	0.01947	0.41924	0.01214	0.01748	0.01016	0.01370	0.01479	0.01109	0.01643	0.01309	0.02035	0.01193	0.24422	0.01260	0.00285	0.00698	0.00549	0.03036	0.10688
3	0.01334	0.01426	0.02007	0.01647	0.01821	0.10588	0.17721	0.01544	0.01118	0.01518	0.01170	0.10777	0.01163	0.00945	0.01322	0.00226	0.42038	0.00672	0.00304	0.00655
4	0.00737	0.00596	0.00657	0.00656	0.00834	0.00517	0.00501	0.00922	0.01402	0.01762	0.22176	0.05367	0.54145	0.01415	0.00695	0.00198	0.00306	0.06043	0.00563	0.00508
5	0.01768	0.01425	0.01769	0.01407	0.01762	0.01620	0.07593	0.41032	0.10927	0.02792	0.01418	0.01576	0.01088	0.01101	0.08392	0.00266	0.12155	0.00562	0.00482	0.00864
6	0.01710	0.53934	0.02571	0.01154	0.01577	0.22607	0.01036	0.01933	0.03754	0.01420	0.00884	0.01016	0.00782	0.00551	0.00468	0.00138	0.03116	0.00346	0.00274	0.00729
7	0.00942	0.00524	0.00729	0.00737	0.00761	0.00516	0.00491	0.00833	0.00922	0.01263	0.10047	0.09671	0.01954	0.11490	0.01964	0.52486	0.00462	0.00721	0.03157	0.00330
8	0.00845	0.00566	0.00645	0.00645	0.00648	0.00569	0.00365	0.00852	0.00849	0.01135	0.01823	0.03754	0.02092	0.76994	0.05498	0.00576	0.00598	0.00838	0.00351	0.00358
9	0.00702	0.00564	0.00626	0.00664	0.00808	0.00489	0.00478	0.00842	0.01280	0.01589	0.09168	0.27762	0.49868	0.01562	0.00704	0.00208	0.00306	0.01346	0.00546	0.00489
10	0.01414	0.10983	0.02447	0.20469	0.28398	0.07415	0.15953	0.01760	0.01297	0.01685	0.01041	0.01397	0.00842	0.00539	0.00592	0.00176	0.02018	0.00515	0.00278	0.00784
11	0.00880	0.00630	0.00870	0.00920	0.01025	0.00611	0.03836	0.03749	0.01240	0.01710	0.02874	0.50386	0.03244	0.01549	0.00707	0.00226	0.00406	0.14630	0.09982	0.00525
12	0.00705	0.00545	0.00646	0.00724	0.00828	0.00485	0.00509	0.00830	0.01208	0.01527	0.04330	0.46403	0.34017	0.01670	0.00721	0.00220	0.00324	0.03285	0.00540	0.00482
13	0.08474	0.24948	0.28774	0.01614	0.12254	0.01686	0.01499	0.10929	0.01398	0.02007	0.01007	0.01168	0.00788	0.00549	0.00491	0.00163	0.00704	0.00409	0.00305	0.00832
14	0.01361	0.01388	0.02564	0.04741	0.37294	0.01421	0.25834	0.01726	0.01298	0.01835	0.04351	0.01593	0.01086	0.00601	0.00780	0.00191	0.10223	0.00597	0.00301	0.00817
15	0.01186	0.01194	0.01241	0.01154	0.01322	0.18874	0.04046	0.01390	0.01121	0.01391	0.01359	0.01927	0.01239	0.03191	0.53260	0.00694	0.03969	0.00563	0.00306	0.00571
16	0.01275	0.01052	0.01227	0.00881	0.01395	0.00811	0.00707	0.03853	0.01267	0.03885	0.01078	0.01232	0.00880	0.00447	0.00440	0.00091	0.00439	0.00357	0.00362	0.78321
17	0.04064	0.25014	0.06524	0.13407	0.18269	0.01556	0.03565	0.04150	0.01292	0.05610	0.01054	0.01278	0.00847	0.00529	0.00494	0.00153	0.00651	0.00432	0.00311	0.10800
