[name]
unknown

[dist]
# distance from previous block
# <min> <max>
0	42

[block]
# block no. 0 follows, 44 sequences, length 16
# corresponding to MSA columns:
# 42-57
name=unknown_A
#
# <colnr> <probs for GDERKNQSTAVLIFYWHMCP>
#	G	D	E	R	K	N	Q	S	T	A	V	L	I	F	Y	W	H	M	C	P
0	0.01310	0.01276	0.01449	0.01498	0.12225	0.13711	0.06825	0.03805	0.24545	0.01840	0.03994	0.13552	0.01849	0.00885	0.00594	0.00186	0.00581	0.08733	0.00436	0.00707
1	0.00890	0.07329	0.19589	0.00883	0.01250	0.00876	0.00889	0.01293	0.08656	0.01621	0.05879	0.03566	0.43173	0.01030	0.00582	0.00176	0.00443	0.00846	0.00426	0.00604
2	0.01668	0.01400	0.02009	0.05919	0.33849	0.05862	0.09390	0.21402	0.01639	0.09690	0.01207	0.01385	0.00909	0.00554	0.00551	0.00165	0.00670	0.00503	0.00383	0.00847
3	0.00793	0.00529	0.00595	0.00595	0.00595	0.00529	0.00330	0.00793	0.00793	0.01057	0.01718	0.03568	0.01982	0.80840	0.02775	0.00529	0.00529	0.00793	0.00330	0.00330
4	0.07986	0.01203	0.01515	0.27357	0.02249	0.01409	0.01143	0.31146	0.01660	0.05324	0.01140	0.01363	0.00847	0.00639	0.00658	0.00177	0.09217	0.00475	0.03752	0.00741
5	0.01360	0.37518	0.20510	0.01105	0.01591	0.06372	0.01145	0.01799	0.09384	0.04475	0.07149	0.01458	0.02837	0.00593	0.00459	0.00147	0.00608	0.00440	0.00322	0.00728
6	0.00706	0.00565	0.00637	0.00674	0.00806	0.00516	0.00484	0.00928	0.06189	0.01536	0.08334	0.32894	0.40879	0.01445	0.00657	0.00197	0.00300	0.01254	0.00515	0.00484
7	0.01272	0.00771	0.00840	0.00740	0.00953	0.00801	0.00579	0.14331	0.07718	0.06631	0.13107	0.02204	0.01900	0.00722	0.00473	0.00147	0.00341	0.00588	0.45248	0.00635
8	0.04288	0.07640	0.10118	0.01195	0.03156	0.01369	0.01049	0.25986	0.10081	0.18071	0.01600	0.03571	0.03103	0.00695	0.00606	0.00171	0.05460	0.00529	0.00480	0.00832
9	0.00839	0.00557	0.00737	0.00802	0.00906	0.00520	0.00605	0.01005	0.01215	0.06302	0.13960	0.40668	0.09760	0.01482	0.00688	0.00215	0.00357	0.18353	0.00529	0.00499
10	0.00702	0.00495	0.00643	0.00748	0.00780	0.00471	0.00502	0.00792	0.01015	0.01350	0.02769	0.61577	0.03285	0.15678	0.01067	0.00278	0.00367	0.06580	0.00475	0.00427
11	0.01313	0.10156	0.36442	0.01699	0.04922	0.04758	0.21707	0.01844	0.04971	0.05436	0.01105	0.01288	0.00816	0.00516	0.00538	0.00169	0.00781	0.00475	0.00284	0.00779
12	0.01273	0.01180	0.01965	0.24294	0.39792	0.01256	0.07228	0.05449	0.04113	0.01788	0.01118	0.01451	0.00886	0.00527	0.00541	0.00168	0.00658	0.00504	0.05043	0.00764
13	0.00904	0.00577	0.00709	0.00681	0.00837	0.00518	0.00508	0.01101	0.01367	0.09353	0.35653	0.15995	0.22202	0.01201	0.00626	0.00179	0.00291	0.01042	0.05724	0.00530
14	0.01517	0.01397	0.09485	0.05684	0.39166	0.01290	0.04442	0.08404	0.01355	0.12850	0.01181	0.01394	0.00902	0.00575	0.00657	0.00173	0.07855	0.00493	0.00345	0.00832
15	0.06323	0.07705	0.05712	0.01470	0.09965	0.04385	0.07731	0.07384	0.13433	0.15832	0.03980	0.01545	0.01168	0.00653	0.00678	0.00175	0.10148	0.00513	0.00417	0.00783

[dist]
# distance from previous block
# <min> <max>
0	3

[block]
# block no. 1 follows, 44 sequences, length 19
# corresponding to MSA columns:
# 63-81
name=unknown_B
#
# <colnr> <probs for GDERKNQSTAVLIFYWHMCP>
#	G	D	E	R	K	N	Q	S	T	A	V	L	I	F	Y	W	H	M	C	P
0	0.01295	0.00959	0.01416	0.13401	0.12612	0.00981	0.05396	0.07727	0.06584	0.11831	0.20912	0.07113	0.02262	0.00799	0.00585	0.00174	0.00504	0.01844	0.00465	0.03142
1	0.01512	0.07052	0.07649	0.01726	0.09641	0.01210	0.28146	0.01853	0.01301	0.18780	0.04686	0.01557	0.01117	0.00561	0.00611	0.00166	0.04021	0.00546	0.00375	0.07491
2	0.11024	0.03880	0.08000	0.07330	0.19032	0.15844	0.04508	0.08147	0.03546	0.08472	0.04321	0.01385	0.01023	0.00572	0.00511	0.00162	0.00672	0.00464	0.00354	0.00751
3	0.01317	0.01283	0.02248	0.09641	0.65094	0.01295	0.07766	0.01656	0.01232	0.01746	0.01027	0.01368	0.00849	0.00489	0.00549	0.00165	0.00677	0.00499	0.00268	0.00831
4	0.03044	0.02184	0.52953	0.01441	0.02073	0.01125	0.09098	0.01610	0.01194	0.03605	0.07483	0.07174	0.01314	0.00654	0.00547	0.00176	0.00706	0.00562	0.02320	0.00739
5	0.01359	0.10111	0.18467	0.10923	0.15905	0.01227	0.01305	0.05040	0.06600	0.11651	0.01545	0.08512	0.03652	0.00685	0.00535	0.00170	0.00602	0.00580	0.00368	0.00763
6	0.00946	0.00675	0.00959	0.00997	0.07281	0.00644	0.02806	0.01172	0.01321	0.07858	0.32444	0.07871	0.15502	0.01562	0.12794	0.00288	0.00527	0.03291	0.00497	0.00565
7	0.00703	0.00500	0.00629	0.00697	0.00764	0.00459	0.00476	0.00781	0.01080	0.01410	0.08969	0.47225	0.19048	0.05130	0.00918	0.08699	0.00329	0.01279	0.00478	0.00426
8	0.01130	0.01347	0.13738	0.37756	0.20927	0.01208	0.07680	0.01524	0.01154	0.01596	0.01069	0.02874	0.00845	0.00545	0.00543	0.00174	0.00707	0.00506	0.03973	0.00702
9	0.01436	0.01543	0.07431	0.18028	0.28317	0.11379	0.06765	0.10945	0.03234	0.01843	0.01048	0.01325	0.00823	0.00549	0.00578	0.00169	0.03039	0.00477	0.00304	0.00768
10	0.00786	0.00553	0.00716	0.00715	0.00759	0.00592	0.00482	0.00875	0.00849	0.01177	0.03777	0.02987	0.01814	0.46492	0.34419	0.00663	0.00910	0.00711	0.00322	0.00401
11	0.00787	0.00553	0.00720	0.00720	0.00764	0.00597	0.00487	0.00873	0.00830	0.01150	0.01603	0.02931	0.01706	0.46577	0.36660	0.00684	0.00944	0.00700	0.00313	0.00400
12	0.01421	0.10368	0.26116	0.01635	0.07489	0.07781	0.15370	0.04100	0.11724	0.06917	0.01231	0.01357	0.00917	0.00548	0.00531	0.00167	0.00726	0.00480	0.00330	0.00791
13	0.01682	0.12520	0.07973	0.05010	0.01678	0.01492	0.01044	0.34842	0.11362	0.08002	0.07717	0.01605	0.01343	0.00662	0.00525	0.00162	0.00561	0.00517	0.00476	0.00827
14	0.00789	0.00539	0.00648	0.00645	0.00670	0.00550	0.00399	0.00840	0.00868	0.01183	0.07998	0.03396	0.02154	0.62623	0.14008	0.00551	0.00646	0.00778	0.00347	0.00369
15	0.01107	0.03723	0.25001	0.05157	0.07913	0.00991	0.07721	0.02897	0.01161	0.01784	0.01326	0.01707	0.01071	0.07281	0.00671	0.00186	0.00578	0.00502	0.28571	0.00653
16	0.01185	0.01139	0.01998	0.27247	0.30090	0.01233	0.13022	0.01517	0.01161	0.01621	0.01107	0.04034	0.00925	0.00581	0.00637	0.00177	0.05984	0.00546	0.05088	0.00709
17	0.01162	0.01003	0.01327	0.01167	0.01255	0.01273	0.00937	0.12326	0.01118	0.01609	0.01231	0.08236	0.01224	0.07799	0.17828	0.00383	0.38591	0.00616	0.00325	0.00590
18	0.05197	0.01034	0.01760	0.64779	0.07795	0.01231	0.07672	0.01449	0.01107	0.01497	0.00973	0.01421	0.00736	0.00533	0.00543	0.00180	0.00723	0.00489	0.00251	0.00631

[dist]
# distance from previous block
# <min> <max>
5	26

[block]
# block no. 2 follows, 44 sequences, length 18
# corresponding to MSA columns:
# 108-125
name=unknown_C
#
# <colnr> <probs for GDERKNQSTAVLIFYWHMCP>
#	G	D	E	R	K	N	Q	S	T	A	V	L	I	F	Y	W	H	M	C	P
0	0.04612	0.01209	0.01338	0.01032	0.01454	0.01214	0.00838	0.33334	0.08719	0.06959	0.02933	0.01410	0.01067	0.00663	0.02326	0.00155	0.00516	0.00454	0.00466	0.29302
1	0.01907	0.01445	0.01543	0.01221	0.01628	0.01613	0.00996	0.58800	0.19654	0.03169	0.01519	0.01477	0.01098	0.00674	0.00548	0.00169	0.00561	0.00520	0.00548	0.00912
2	0.00724	0.00530	0.00585	0.00601	0.00670	0.00494	0.00382	0.00785	0.00983	0.01246	0.03220	0.14049	0.28628	0.42743	0.01759	0.00368	0.00413	0.01016	0.00415	0.00390
3	0.00816	0.00632	0.00919	0.00898	0.00977	0.00753	0.00693	0.00986	0.00865	0.01250	0.01420	0.02195	0.01366	0.11171	0.64683	0.00787	0.08223	0.00595	0.00291	0.00481
4	0.01397	0.01033	0.01154	0.00881	0.01281	0.00954	0.00708	0.20517	0.03538	0.04537	0.01273	0.01387	0.00985	0.00528	0.00444	0.00116	0.00429	0.00415	0.15633	0.42791
5	0.00847	0.00598	0.00749	0.00730	0.00849	0.00581	0.00532	0.02954	0.06707	0.01797	0.36338	0.15048	0.12465	0.01337	0.00910	0.15282	0.00329	0.00959	0.00505	0.00483
6	0.00664	0.00474	0.00633	0.00759	0.00791	0.00443	0.00506	0.00759	0.01044	0.01392	0.03005	0.80485	0.03606	0.01708	0.00696	0.00221	0.00316	0.01550	0.00506	0.00443
7	0.01030	0.00969	0.01635	0.79530	0.03755	0.01211	0.01514	0.01393	0.01090	0.01393	0.00969	0.01453	0.00727	0.00545	0.00545	0.00182	0.00727	0.00484	0.00242	0.00606
8	0.00777	0.00502	0.00634	0.00730	0.00797	0.00482	0.00524	0.00930	0.01095	0.01577	0.02693	0.51957	0.03012	0.01423	0.00627	0.00202	0.00325	0.10586	0.20660	0.00466
9	0.00668	0.00493	0.00627	0.00732	0.00793	0.00452	0.00503	0.00776	0.01086	0.01414	0.03437	0.64811	0.16357	0.01644	0.00689	0.00216	0.00316	0.04030	0.00506	0.00448
10	0.00690	0.00514	0.00642	0.00694	0.00786	0.00466	0.00489	0.00839	0.01225	0.01629	0.24045	0.43133	0.19909	0.01473	0.00670	0.00200	0.00291	0.01308	0.00532	0.00466
11	0.01300	0.00964	0.01148	0.00828	0.01305	0.00736	0.00666	0.01538	0.01186	0.11556	0.01121	0.01224	0.00877	0.00439	0.00422	0.00092	0.00411	0.00352	0.00368	0.73467
12	0.47590	0.01283	0.03524	0.09691	0.03518	0.04607	0.00890	0.19227	0.01376	0.02479	0.00930	0.01073	0.00700	0.00548	0.00427	0.00168	0.00539	0.00373	0.00369	0.00688
13	0.01538	0.03775	0.17016	0.01050	0.01429	0.00842	0.01006	0.01817	0.01310	0.32773	0.02146	0.18747	0.01918	0.00970	0.00596	0.00191	0.00513	0.11121	0.00509	0.00733
14	0.01411	0.71092	0.12523	0.01013	0.01523	0.02043	0.01072	0.01645	0.01113	0.01340	0.00786	0.00910	0.00698	0.00473	0.00371	0.00124	0.00612	0.00306	0.00233	0.00713
15	0.01225	0.01124	0.01433	0.23194	0.06858	0.05208	0.01147	0.04511	0.22894	0.01764	0.01603	0.04284	0.01392	0.00807	0.00735	0.00196	0.10780	0.09767	0.00386	0.00691
16	0.16979	0.01924	0.36171	0.03214	0.03543	0.01262	0.02887	0.13336	0.01389	0.12629	0.01154	0.01242	0.00807	0.00557	0.00496	0.00170	0.00652	0.00425	0.00363	0.00796
17	0.01030	0.00969	0.01635	0.79530	0.03755	0.01211	0.01514	0.01393	0.01090	0.01393	0.00969	0.01453	0.00727	0.00545	0.00545	0.00182	0.00727	0.00484	0.00242	0.00606

[dist]
# distance from previous block
# <min> <max>
0	1

[block]
# block no. 3 follows, 44 sequences, length 25
# corresponding to MSA columns:
# 127-151
name=unknown_D
#
# <colnr> <probs for GDERKNQSTAVLIFYWHMCP>
#	G	D	E	R	K	N	Q	S	T	A	V	L	I	F	Y	W	H	M	C	P
0	0.02026	0.01387	0.01402	0.01114	0.01518	0.12805	0.00898	0.24792	0.07898	0.28432	0.01562	0.01486	0.01084	0.00625	0.00522	0.00154	0.00574	0.00480	0.00525	0.10716
1	0.00779	0.00584	0.00876	0.00876	0.00974	0.00681	0.00681	0.00974	0.00876	0.01266	0.01460	0.02142	0.01363	0.04089	0.78680	0.00876	0.01460	0.00584	0.00292	0.00487
2	0.84691	0.01054	0.00801	0.00717	0.01054	0.01223	0.00590	0.01603	0.00928	0.02446	0.00759	0.00886	0.00590	0.00506	0.00337	0.00169	0.00422	0.00295	0.00337	0.00590
3	0.00680	0.00494	0.00635	0.00735	0.00789	0.00458	0.00502	0.00788	0.01082	0.01427	0.06353	0.62853	0.11531	0.05326	0.00787	0.00231	0.00326	0.04055	0.00502	0.00445
4	0.01205	0.01302	0.02670	0.27480	0.05473	0.01322	0.49077	0.01629	0.01221	0.01632	0.01057	0.01461	0.00796	0.00488	0.00608	0.00182	0.00848	0.00587	0.00265	0.00697
5	0.00856	0.01421	0.28674	0.00994	0.01387	0.00845	0.01065	0.01179	0.01188	0.01576	0.05342	0.03469	0.39987	0.01035	0.00684	0.00185	0.06191	0.02933	0.00389	0.00598
6	0.01317	0.01207	0.01611	0.16900	0.20093	0.03312	0.01216	0.05920	0.25820	0.01900	0.01381	0.01553	0.01080	0.00632	0.00658	0.00175	0.08289	0.00514	0.00373	0.06051
7	0.01660	0.01107	0.01349	0.01309	0.09609	0.01170	0.00935	0.13045	0.31106	0.20843	0.02022	0.07596	0.01586	0.00781	0.00567	0.00180	0.00481	0.03260	0.00547	0.00845
8	0.00664	0.00474	0.00633	0.00759	0.00791	0.00443	0.00506	0.00759	0.01044	0.01392	0.03005	0.80485	0.03606	0.01708	0.00696	0.00221	0.00316	0.01550	0.00506	0.00443
9	0.48447	0.01052	0.01050	0.09341	0.01469	0.01180	0.00774	0.03928	0.11012	0.15200	0.01226	0.01275	0.00885	0.00574	0.00430	0.00172	0.00468	0.00406	0.00419	0.00694
10	0.01359	0.16154	0.12745	0.26429	0.13699	0.03449	0.01390	0.13521	0.01375	0.01819	0.01008	0.01265	0.00782	0.00538	0.00500	0.00160	0.00676	0.00436	0.01955	0.00740
11	0.05635	0.00678	0.00857	0.00805	0.00988	0.00640	0.00603	0.04488	0.01363	0.19344	0.23751	0.33026	0.03251	0.01193	0.00621	0.00190	0.00351	0.01047	0.00564	0.00603
12	0.00767	0.00570	0.00840	0.00854	0.00941	0.00650	0.00650	0.00944	0.00891	0.01272	0.01636	0.10655	0.01626	0.06458	0.67657	0.00794	0.01305	0.00696	0.00316	0.00477
13	0.00853	0.00685	0.00760	0.00728	0.00922	0.00660	0.00566	0.04787	0.10748	0.01847	0.21074	0.04468	0.40767	0.01216	0.00638	0.00186	0.00328	0.07682	0.00535	0.00549
14	0.01187	0.03364	0.09286	0.39829	0.28179	0.03099	0.04260	0.01556	0.01165	0.01564	0.00985	0.01364	0.00771	0.00518	0.00538	0.00172	0.00717	0.00475	0.00252	0.00719
15	0.01487	0.00793	0.00991	0.00828	0.01102	0.00735	0.00658	0.09628	0.01615	0.29035	0.31682	0.03163	0.14088	0.00949	0.00599	0.00172	0.00370	0.00802	0.00607	0.00698
16	0.00664	0.00474	0.00633	0.00759	0.00791	0.00443	0.00506	0.00759	0.01044	0.01392	0.03005	0.80485	0.03606	0.01708	0.00696	0.00221	0.00316	0.01550	0.00506	0.00443
17	0.27668	0.01275	0.02225	0.01642	0.02111	0.01261	0.43016	0.01809	0.01206	0.11020	0.01119	0.01332	0.00815	0.00500	0.00536	0.00177	0.00708	0.00523	0.00343	0.00713
18	0.00693	0.00495	0.00664	0.00782	0.00828	0.00466	0.00547	0.00812	0.01091	0.01456	0.06611	0.68724	0.03630	0.01657	0.00699	0.00222	0.00333	0.09325	0.00510	0.00453
19	0.14664	0.18773	0.04369	0.01040	0.01416	0.10524	0.00904	0.05838	0.04285	0.10317	0.01050	0.01154	0.00825	0.00573	0.00576	0.00148	0.09130	0.00381	0.00349	0.13684
20	0.12724	0.01121	0.01541	0.23505	0.18842	0.01230	0.01189	0.12791	0.05375	0.10333	0.05177	0.01543	0.01117	0.00597	0.00522	0.00171	0.00580	0.00500	0.00389	0.00753
21	0.01355	0.32010	0.15430	0.15742	0.02131	0.10563	0.06102	0.01706	0.03867	0.01453	0.00918	0.01137	0.00747	0.00532	0.00523	0.00153	0.04283	0.00396	0.00254	0.00696
22	0.02003	0.10220	0.01761	0.01232	0.01659	0.08072	0.01026	0.61586	0.02322	0.03030	0.01211	0.01235	0.00884	0.00627	0.00520	0.00157	0.00630	0.00458	0.00490	0.00878
23	0.01579	0.11062	0.06432	0.19638	0.17588	0.05363	0.01295	0.14726	0.01466	0.12086	0.01161	0.01342	0.00866	0.00569	0.00546	0.00164	0.02517	0.00459	0.00359	0.00782
24	0.01298	0.40639	0.33388	0.01446	0.10006	0.01701	0.01453	0.01675	0.01140	0.01517	0.00877	0.01038	0.00714	0.00489	0.00439	0.00144	0.00681	0.00358	0.00236	0.00761

[dist]
# distance from previous block
# <min> <max>
8	20

[block]
# block no. 4 follows, 44 sequences, length 16
# corresponding to MSA columns:
# 172-187
name=unknown_E
#
# <colnr> <probs for GDERKNQSTAVLIFYWHMCP>
#	G	D	E	R	K	N	Q	S	T	A	V	L	I	F	Y	W	H	M	C	P
0	0.01458	0.81168	0.02857	0.00933	0.01399	0.02157	0.00933	0.01632	0.01108	0.01283	0.00758	0.00875	0.00700	0.00466	0.00350	0.00117	0.00583	0.00292	0.00233	0.00700
1	0.00724	0.00538	0.00733	0.00778	0.00855	0.00561	0.00564	0.00863	0.00971	0.01319	0.02482	0.30464	0.10680	0.08385	0.36828	0.00541	0.00855	0.01006	0.00395	0.00457
2	0.24256	0.00988	0.01159	0.00915	0.01315	0.00953	0.00756	0.05621	0.01437	0.54508	0.01744	0.01574	0.01129	0.00629	0.00492	0.00168	0.00459	0.00479	0.00579	0.00838
3	0.01358	0.50055	0.19201	0.01096	0.01595	0.06294	0.01156	0.01691	0.04069	0.01474	0.04369	0.01291	0.01009	0.00555	0.00429	0.00140	0.00633	0.02602	0.00272	0.00711
4	0.00959	0.01075	0.09947	0.25434	0.08799	0.00943	0.07144	0.01294	0.01263	0.01702	0.20586	0.02680	0.14330	0.00807	0.00590	0.00177	0.00554	0.00721	0.00378	0.00615
5	0.00722	0.00524	0.00681	0.00707	0.00801	0.00483	0.00505	0.00909	0.01330	0.01833	0.43873	0.34108	0.08767	0.01363	0.00664	0.00192	0.00281	0.01217	0.00558	0.00483
6	0.11699	0.00996	0.07149	0.00993	0.01191	0.03056	0.00849	0.01333	0.01013	0.07831	0.06323	0.01895	0.01372	0.05883	0.33070	0.00488	0.13399	0.00544	0.00338	0.00577
7	0.01554	0.01365	0.15387	0.11975	0.06772	0.01069	0.01167	0.11274	0.03234	0.21065	0.01465	0.06073	0.01115	0.00634	0.00528	0.00160	0.00573	0.00527	0.00425	0.13639
8	0.00915	0.00569	0.00747	0.00738	0.00867	0.00519	0.00539	0.01104	0.01354	0.10323	0.39279	0.31063	0.07304	0.01288	0.00651	0.00189	0.00302	0.01145	0.00571	0.00533
9	0.00671	0.00490	0.00631	0.00730	0.00787	0.00450	0.00496	0.00783	0.01106	0.01464	0.09178	0.66006	0.11953	0.01624	0.00686	0.00213	0.00307	0.01460	0.00514	0.00450
10	0.01124	0.01047	0.01678	0.14328	0.29811	0.01178	0.03009	0.01380	0.01124	0.01579	0.04150	0.10644	0.01482	0.00845	0.00846	0.00197	0.17197	0.07394	0.00319	0.00671
11	0.30886	0.01007	0.01022	0.02954	0.01267	0.01002	0.00678	0.04318	0.09520	0.02094	0.01191	0.06790	0.01027	0.00583	0.00427	0.00139	0.00423	0.00444	0.00373	0.33854
12	0.01042	0.00992	0.01709	0.75923	0.03713	0.01219	0.04968	0.01409	0.01099	0.01409	0.00975	0.01454	0.00731	0.00541	0.00550	0.00182	0.00736	0.00492	0.00244	0.00612
13	0.01137	0.00614	0.00692	0.00644	0.00778	0.00659	0.00502	0.01373	0.01138	0.07330	0.01686	0.01926	0.01318	0.00674	0.00550	0.00142	0.09161	0.00508	0.68620	0.00548
14	0.01334	0.06931	0.01421	0.02904	0.08529	0.12903	0.00870	0.06566	0.04571	0.01650	0.01122	0.01570	0.01018	0.13581	0.00934	0.00197	0.06471	0.00456	0.00324	0.26647
15	0.01788	0.05417	0.04319	0.05365	0.10204	0.34764	0.02918	0.02038	0.03657	0.13927	0.01118	0.01257	0.00860	0.00611	0.00651	0.00163	0.09449	0.00433	0.00342	0.00720

[dist]
# distance from previous block
# <min> <max>
0	3

[block]
# block no. 5 follows, 44 sequences, length 20
# corresponding to MSA columns:
# 191-210
name=unknown_F
#
# <colnr> <probs for GDERKNQSTAVLIFYWHMCP>
#	G	D	E	R	K	N	Q	S	T	A	V	L	I	F	Y	W	H	M	C	P
0	0.01099	0.03572	0.09443	0.10802	0.01689	0.00896	0.03675	0.03520	0.01257	0.03045	0.15033	0.03275	0.01683	0.00623	0.00503	0.00134	0.00492	0.01856	0.00368	0.37034
1	0.24418	0.01399	0.01410	0.01109	0.01519	0.01564	0.00916	0.55602	0.02121	0.03168	0.01160	0.01194	0.00836	0.00614	0.00489	0.00165	0.00552	0.00438	0.00489	0.00836
2	0.01531	0.29516	0.15521	0.01440	0.10262	0.12487	0.01231	0.11318	0.08544	0.01795	0.01048	0.01158	0.00838	0.00541	0.00465	0.00147	0.00673	0.00398	0.00314	0.00772
3	0.00676	0.00480	0.00629	0.00743	0.00772	0.00451	0.00489	0.00762	0.01020	0.01360	0.02882	0.73170	0.03451	0.09233	0.00894	0.00251	0.00336	0.01478	0.00489	0.00432
4	0.01493	0.01243	0.01521	0.17142	0.09195	0.01416	0.01120	0.23082	0.33204	0.02382	0.01596	0.01647	0.01191	0.00652	0.00549	0.00176	0.00559	0.00542	0.00462	0.00829
5	0.00688	0.00513	0.00640	0.00694	0.00785	0.00465	0.00488	0.00835	0.01219	0.01618	0.23043	0.43848	0.20210	0.01480	0.00671	0.00200	0.00292	0.01314	0.00531	0.00465
6	0.09619	0.01148	0.01577	0.01741	0.24512	0.04461	0.03658	0.05286	0.02631	0.31439	0.01497	0.01559	0.01072	0.00843	0.06327	0.00218	0.00634	0.00501	0.00453	0.00823
7	0.01249	0.24934	0.36377	0.01380	0.01932	0.01564	0.06888	0.01670	0.02530	0.02982	0.00945	0.01151	0.00752	0.00640	0.02317	0.00181	0.11109	0.00409	0.00251	0.00739
8	0.00881	0.00589	0.00718	0.00667	0.00841	0.00522	0.00507	0.01094	0.01443	0.08818	0.46132	0.04268	0.29153	0.01165	0.00635	0.00175	0.00282	0.01002	0.00575	0.00534
9	0.01534	0.10918	0.01761	0.01364	0.01521	0.30033	0.01112	0.01667	0.01127	0.01317	0.00767	0.01079	0.00709	0.00754	0.01146	0.00188	0.41719	0.00409	0.00254	0.00621
10	0.03396	0.18196	0.13612	0.18233	0.02340	0.02887	0.16635	0.08443	0.01304	0.04651	0.01059	0.01296	0.00805	0.00525	0.00507	0.00161	0.00703	0.00462	0.04064	0.00720
11	0.01033	0.00741	0.01116	0.25124	0.01921	0.00801	0.01026	0.01298	0.01206	0.07963	0.02248	0.12687	0.02298	0.01163	0.00665	0.00219	0.00547	0.36943	0.00437	0.00563
12	0.00664	0.00474	0.00633	0.00759	0.00791	0.00443	0.00506	0.00759	0.01044	0.01392	0.03005	0.80485	0.03606	0.01708	0.00696	0.00221	0.00316	0.01550	0.00506	0.00443
13	0.01506	0.74535	0.02746	0.00973	0.01423	0.08615	0.00943	0.01678	0.01145	0.01287	0.00765	0.00884	0.00700	0.00474	0.00362	0.00119	0.00617	0.00297	0.00237	0.00694
14	0.01582	0.01327	0.14637	0.01093	0.01499	0.02483	0.01005	0.04204	0.25314	0.25354	0.07237	0.03547	0.04814	0.00765	0.00562	0.00178	0.00503	0.02556	0.00528	0.00813
15	0.00656	0.00533	0.00582	0.00611	0.00754	0.00459	0.00442	0.00790	0.01210	0.01492	0.08841	0.23748	0.55090	0.01447	0.00657	0.00193	0.00285	0.01240	0.00511	0.00459
16	0.23808	0.00988	0.01161	0.00917	0.01317	0.00951	0.00757	0.05673	0.01441	0.54871	0.01751	0.01579	0.01133	0.00630	0.00493	0.00168	0.00459	0.00480	0.00581	0.00840
17	0.01590	0.10538	0.21185	0.01555	0.09036	0.23101	0.04715	0.12655	0.01485	0.03845	0.01098	0.04729	0.00901	0.00597	0.00513	0.00158	0.00761	0.00464	0.00321	0.00753
18	0.31220	0.03325	0.26710	0.04081	0.01768	0.07780	0.03756	0.05124	0.01207	0.08922	0.01010	0.01130	0.00733	0.00536	0.00457	0.00167	0.00640	0.00386	0.00329	0.00719
19	0.20199	0.37093	0.02091	0.09037	0.01700	0.06954	0.07200	0.01677	0.01128	0.04453	0.00874	0.01039	0.00717	0.00495	0.00411	0.00143	0.00607	0.00356	0.00284	0.03542

[dist]
# distance from previous block
# <min> <max>
2	6

[block]
# block no. 6 follows, 44 sequences, length 31
# corresponding to MSA columns:
# 218-248
name=unknown_G
#
# <colnr> <probs for GDERKNQSTAVLIFYWHMCP>
#	G	D	E	R	K	N	Q	S	T	A	V	L	I	F	Y	W	H	M	C	P
0	0.01465	0.01091	0.01682	0.01798	0.23240	0.01089	0.10488	0.02029	0.17723	0.17094	0.12001	0.02060	0.01754	0.03237	0.00644	0.00184	0.00541	0.00625	0.00461	0.00795
1	0.01174	0.01858	0.32828	0.18203	0.23743	0.01275	0.08429	0.01666	0.02550	0.01685	0.01024	0.01314	0.00777	0.00513	0.00542	0.00173	0.00748	0.00469	0.00254	0.00775
2	0.01325	0.13365	0.03721	0.06236	0.17460	0.03736	0.20544	0.01770	0.09024	0.05058	0.01225	0.01494	0.00982	0.00975	0.10459	0.00255	0.00799	0.00520	0.00314	0.00737
3	0.01037	0.01772	0.34488	0.01470	0.02000	0.01074	0.20295	0.01492	0.01267	0.01791	0.16655	0.02217	0.09095	0.00715	0.00611	0.00178	0.02154	0.00655	0.00343	0.00692
4	0.00664	0.00474	0.00633	0.00759	0.00791	0.00443	0.00506	0.00759	0.01044	0.01392	0.03005	0.80485	0.03606	0.01708	0.00696	0.00221	0.00316	0.01550	0.00506	0.00443
5	0.01203	0.11038	0.01181	0.00844	0.01122	0.01015	0.00683	0.07793	0.17982	0.08511	0.17480	0.03136	0.23960	0.00950	0.00570	0.00170	0.00389	0.00785	0.00518	0.00669
6	0.01314	0.01200	0.06526	0.26831	0.15692	0.01184	0.11646	0.03247	0.05497	0.10481	0.01260	0.01610	0.00973	0.04299	0.03685	0.00220	0.02748	0.00534	0.00331	0.00723
7	0.00701	0.00490	0.00622	0.00712	0.00735	0.00467	0.00456	0.00769	0.00972	0.01296	0.02636	0.58473	0.03141	0.24353	0.01291	0.00309	0.00377	0.01333	0.00456	0.00411
8	0.01152	0.00865	0.00941	0.00855	0.01097	0.00891	0.00655	0.10773	0.22913	0.07057	0.03405	0.13333	0.29568	0.03145	0.00661	0.00194	0.00385	0.00918	0.00532	0.00659
9	0.01064	0.04832	0.60379	0.01489	0.02167	0.01197	0.07191	0.01602	0.01146	0.01672	0.01238	0.11238	0.01071	0.00663	0.00545	0.00178	0.00745	0.00563	0.00269	0.00751
10	0.01159	0.01200	0.02899	0.19654	0.03167	0.10926	0.13517	0.01452	0.02569	0.01578	0.08402	0.08695	0.05193	0.00789	0.00736	0.00183	0.11125	0.00667	0.05484	0.00606
11	0.36029	0.00961	0.01041	0.00846	0.01220	0.00961	0.00696	0.02163	0.01283	0.43581	0.01565	0.01467	0.01041	0.00604	0.00454	0.00167	0.00437	0.00443	0.04270	0.00771
12	0.02024	0.01534	0.01607	0.01249	0.01672	0.03846	0.01025	0.68695	0.07461	0.03299	0.01356	0.01348	0.00970	0.00658	0.00544	0.00164	0.00600	0.00495	0.00539	0.00915
13	0.01763	0.00980	0.01217	0.00903	0.01357	0.00811	0.00735	0.05869	0.01397	0.35545	0.01510	0.01461	0.01054	0.00537	0.00475	0.00124	0.00441	0.00432	0.00491	0.42898
14	0.11687	0.01312	0.19794	0.02389	0.04779	0.00937	0.07372	0.03588	0.01190	0.06377	0.07501	0.23889	0.01958	0.03985	0.00656	0.00200	0.00541	0.00809	0.00396	0.00640
15	0.01195	0.26526	0.45153	0.01231	0.01846	0.01443	0.01476	0.01640	0.01137	0.01629	0.01012	0.01178	0.00783	0.00517	0.00449	0.00150	0.00667	0.00382	0.10849	0.00735
16	0.01176	0.01268	0.02532	0.01901	0.02268	0.01296	0.49895	0.01515	0.01163	0.01609	0.01311	0.13179	0.01219	0.00741	0.00873	0.00200	0.16140	0.00746	0.00303	0.00665
17	0.01134	0.01031	0.01710	0.27679	0.35386	0.01110	0.01434	0.01453	0.01195	0.01619	0.01446	0.02515	0.01355	0.00746	0.00592	0.00189	0.00639	0.17757	0.00316	0.00694
18	0.00947	0.00473	0.00710	0.00710	0.00710	0.00473	0.00473	0.00710	0.00710	0.00947	0.00947	0.01657	0.00947	0.01894	0.02131	0.84138	0.00473	0.00473	0.00237	0.00237
19	0.00696	0.00503	0.00608	0.00677	0.00727	0.00469	0.00441	0.00773	0.01011	0.01315	0.03106	0.45853	0.16423	0.23333	0.01256	0.00299	0.00367	0.01270	0.00458	0.00415
20	0.00718	0.00555	0.00655	0.00630	0.00782	0.00492	0.00472	0.00926	0.01417	0.01887	0.47157	0.04564	0.35326	0.01226	0.00644	0.00177	0.00265	0.01055	0.00561	0.00492
21	0.01070	0.01010	0.01709	0.69858	0.13110	0.01222	0.01534	0.01429	0.01109	0.01442	0.00976	0.01440	0.00744	0.00538	0.00544	0.00179	0.00717	0.00485	0.00246	0.00638
22	0.00689	0.00539	0.00627	0.00669	0.00788	0.00486	0.00477	0.00865	0.03355	0.01553	0.13497	0.35629	0.35941	0.01462	0.00663	0.00198	0.00295	0.01277	0.00519	0.00472
23	0.00685	0.00508	0.00639	0.00703	0.00786	0.00462	0.00491	0.00825	0.01195	0.01588	0.20386	0.48870	0.17842	0.01511	0.00674	0.00203	0.00295	0.01346	0.00528	0.00462
24	0.00664	0.00474	0.00633	0.00759	0.00791	0.00443	0.00506	0.00759	0.01044	0.01392	0.03005	0.80485	0.03606	0.01708	0.00696	0.00221	0.00316	0.01550	0.00506	0.00443
25	0.01315	0.01260	0.02151	0.11527	0.69527	0.01286	0.01656	0.01643	0.01225	0.01739	0.01019	0.01360	0.00849	0.00492	0.00540	0.00164	0.00656	0.00486	0.00267	0.00836
26	0.03727	0.06731	0.01656	0.03757	0.05096	0.28357	0.01052	0.32272	0.04208	0.06291	0.01150	0.01217	0.00864	0.00600	0.00510	0.00154	0.00722	0.00432	0.00415	0.00789
27	0.00808	0.00619	0.00898	0.01152	0.10611	0.00600	0.00752	0.00973	0.01125	0.01504	0.02722	0.50851	0.03134	0.01500	0.00691	0.00222	0.00407	0.20444	0.00475	0.00512
28	0.22385	0.01041	0.03641	0.30782	0.02157	0.01216	0.01087	0.01362	0.01017	0.01666	0.01441	0.01727	0.10400	0.00725	0.00762	0.00190	0.16999	0.00517	0.00299	0.00588
29	0.00662	0.00484	0.00622	0.00733	0.00784	0.00445	0.00494	0.00762	0.01069	0.01402	0.03324	0.70933	0.12951	0.01666	0.00689	0.00217	0.00311	0.01499	0.00506	0.00445
30	0.60105	0.01091	0.01028	0.10798	0.01488	0.01252	0.00770	0.10091	0.01170	0.06573	0.00925	0.01059	0.00688	0.00537	0.00399	0.00170	0.00483	0.00356	0.00368	0.00649

[dist]
# distance from previous block
# <min> <max>
0	1

[block]
# block no. 7 follows, 44 sequences, length 39
# corresponding to MSA columns:
# 250-288
name=unknown_H
#
# <colnr> <probs for GDERKNQSTAVLIFYWHMCP>
#	G	D	E	R	K	N	Q	S	T	A	V	L	I	F	Y	W	H	M	C	P
0	0.00669	0.00538	0.00596	0.00614	0.00760	0.00466	0.00448	0.00818	0.01254	0.01574	0.16750	0.19446	0.51356	0.01400	0.00654	0.00189	0.00281	0.01200	0.00522	0.00466
1	0.37237	0.01264	0.01220	0.00999	0.01377	0.01424	0.00818	0.32975	0.10912	0.05054	0.01211	0.01233	0.00886	0.00602	0.00458	0.00169	0.00499	0.00424	0.00462	0.00776
2	0.04754	0.16364	0.32394	0.01361	0.01924	0.11038	0.06322	0.07252	0.07587	0.04479	0.01090	0.01201	0.00820	0.00544	0.00492	0.00159	0.00722	0.00418	0.00310	0.00770
3	0.01282	0.01319	0.02356	0.28201	0.02893	0.03997	0.35142	0.07762	0.01295	0.01715	0.01032	0.01410	0.00787	0.00552	0.00699	0.00185	0.07844	0.00552	0.00284	0.00692
4	0.01212	0.01117	0.01940	0.48541	0.19248	0.01252	0.10590	0.03970	0.01211	0.04168	0.01049	0.01442	0.00796	0.00530	0.00556	0.00177	0.00720	0.00507	0.00277	0.00698
5	0.00659	0.00551	0.00574	0.00573	0.00747	0.00466	0.00428	0.00810	0.01271	0.01551	0.13575	0.07166	0.67039	0.01359	0.00646	0.00184	0.00275	0.01143	0.00517	0.00466
6	0.00730	0.00504	0.00623	0.00692	0.00712	0.00488	0.00438	0.00787	0.00936	0.01247	0.02414	0.42972	0.02850	0.37778	0.01646	0.00362	0.00419	0.03582	0.00426	0.00393
7	0.28139	0.10338	0.01988	0.01391	0.01814	0.10859	0.26009	0.01845	0.03235	0.08040	0.01038	0.01204	0.00787	0.00513	0.00484	0.00165	0.00680	0.00448	0.00331	0.00691
8	0.00836	0.00627	0.00827	0.00963	0.07237	0.00599	0.00624	0.01081	0.06111	0.03997	0.15121	0.43242	0.13908	0.01368	0.00653	0.00199	0.00341	0.01221	0.00510	0.00534
9	0.00727	0.00533	0.00751	0.00821	0.00890	0.00557	0.00604	0.00876	0.00993	0.01358	0.02408	0.40332	0.04459	0.02689	0.33552	0.00498	0.00810	0.06260	0.00416	0.00466
10	0.01203	0.04373	0.01717	0.01411	0.01430	0.01689	0.01182	0.01325	0.00846	0.01311	0.00717	0.01180	0.00715	0.00935	0.01732	0.00234	0.76690	0.00470	0.00238	0.00600
11	0.01184	0.03495	0.10639	0.00918	0.01439	0.00861	0.00835	0.03431	0.01178	0.03138	0.00994	0.01143	0.00803	0.00431	0.00423	0.00097	0.00465	0.00340	0.00321	0.67867
12	0.01401	0.04252	0.02029	0.02813	0.12065	0.15215	0.23619	0.07002	0.01343	0.01737	0.01240	0.05719	0.01080	0.00757	0.03196	0.00194	0.05809	0.02563	0.07279	0.00687
13	0.19404	0.00954	0.01170	0.00918	0.01322	0.00888	0.00758	0.02439	0.01430	0.62276	0.01864	0.01656	0.01193	0.00640	0.00505	0.00169	0.00455	0.00496	0.00605	0.00858
14	0.08184	0.01160	0.01823	0.09417	0.27242	0.01101	0.12136	0.01550	0.01170	0.01793	0.00990	0.01265	0.00803	0.00462	0.00493	0.00140	0.00594	0.00438	0.00292	0.28948
15	0.01693	0.30618	0.04602	0.01297	0.07883	0.01521	0.05951	0.05977	0.12160	0.21004	0.01402	0.01401	0.01037	0.00571	0.00481	0.00152	0.00567	0.00457	0.00413	0.00812
16	0.00708	0.00518	0.00642	0.00716	0.00787	0.00482	0.00501	0.00821	0.01093	0.01423	0.07073	0.42382	0.17961	0.13440	0.01000	0.00261	0.00357	0.08913	0.00484	0.00439
17	0.00852	0.00682	0.00882	0.00892	0.00984	0.04100	0.00687	0.01022	0.00952	0.01299	0.01709	0.07423	0.01737	0.11852	0.50537	0.00672	0.03266	0.09641	0.00333	0.00478
18	0.01305	0.28296	0.02693	0.09091	0.02259	0.01593	0.34499	0.01737	0.07466	0.01589	0.01129	0.03917	0.00936	0.00535	0.00529	0.00162	0.00727	0.00537	0.00289	0.00712
19	0.12035	0.01134	0.01486	0.30359	0.08619	0.01282	0.01159	0.18557	0.06931	0.09091	0.01346	0.01521	0.02949	0.00609	0.00522	0.00173	0.00595	0.00495	0.00395	0.00743
20	0.01289	0.00699	0.00789	0.00719	0.00924	0.00718	0.00559	0.01756	0.14327	0.14400	0.01890	0.02013	0.01433	0.00948	0.06967	0.00206	0.00420	0.00540	0.48767	0.00637
21	0.18029	0.01484	0.01640	0.01275	0.01692	0.07929	0.10079	0.42018	0.01949	0.06980	0.01185	0.01250	0.00854	0.00595	0.00513	0.00165	0.00629	0.00463	0.00457	0.00814
22	0.01584	0.49858	0.05040	0.01128	0.01515	0.23391	0.01026	0.01761	0.01208	0.01315	0.00786	0.00941	0.00701	0.00535	0.00515	0.00135	0.07310	0.00328	0.00247	0.00676
23	0.00664	0.00474	0.00633	0.00759	0.00791	0.00443	0.00506	0.00759	0.01044	0.01392	0.03005	0.80485	0.03606	0.01708	0.00696	0.00221	0.00316	0.01550	0.00506	0.00443
24	0.14132	0.01188	0.03643	0.16389	0.23934	0.01240	0.01201	0.15955	0.01408	0.05952	0.01232	0.06327	0.01038	0.03348	0.00596	0.00184	0.00589	0.00535	0.00365	0.00743
25	0.01132	0.01266	0.08293	0.20979	0.08772	0.01296	0.16953	0.01454	0.01099	0.01529	0.01178	0.04266	0.01064	0.00747	0.00901	0.00202	0.20687	0.07245	0.00282	0.00655
26	0.00759	0.00548	0.00700	0.00716	0.00816	0.00514	0.00527	0.00946	0.01306	0.01785	0.40226	0.17443	0.10047	0.11078	0.00928	0.00235	0.00332	0.10089	0.00531	0.00474
27	0.00913	0.00529	0.00601	0.00583	0.00711	0.00511	0.00437	0.01169	0.01312	0.02097	0.33532	0.02892	0.02976	0.00837	0.00491	0.00146	0.00255	0.00709	0.48788	0.00511
28	0.01304	0.01502	0.11077	0.01416	0.07902	0.18177	0.14300	0.01615	0.01276	0.01734	0.03030	0.04342	0.02360	0.00633	0.00509	0.00156	0.00643	0.01730	0.25655	0.00640
29	0.00898	0.00903	0.06254	0.03865	0.10600	0.02840	0.06498	0.01101	0.01109	0.01505	0.02294	0.49063	0.03650	0.01257	0.00672	0.00202	0.02729	0.01140	0.02865	0.00558
30	0.00670	0.00509	0.00618	0.00685	0.00776	0.00456	0.00478	0.00797	0.01164	0.01507	0.12192	0.47725	0.27382	0.01536	0.00673	0.00204	0.00297	0.01358	0.00517	0.00456
31	0.01876	0.01725	0.33599	0.01216	0.01799	0.00997	0.01312	0.02265	0.01388	0.45761	0.01657	0.01559	0.01072	0.00609	0.00535	0.00170	0.00608	0.00487	0.00487	0.00876
32	0.02664	0.36640	0.03139	0.01115	0.01522	0.10508	0.03905	0.12224	0.14747	0.04130	0.03678	0.01315	0.01072	0.00580	0.00459	0.00145	0.00604	0.00430	0.00367	0.00755
33	0.14091	0.03891	0.01591	0.10009	0.14674	0.31071	0.02593	0.04822	0.05688	0.01745	0.01005	0.01232	0.00816	0.00555	0.00488	0.00156	0.00732	0.01332	0.00312	0.03196
34	0.05080	0.03093	0.03728	0.07271	0.32540	0.05306	0.06203	0.04254	0.05389	0.10576	0.03426	0.01464	0.01046	0.00546	0.00524	0.00159	0.00615	0.00489	0.00355	0.07936
35	0.05419	0.03637	0.01021	0.00849	0.01103	0.00823	0.00658	0.06913	0.07143	0.16470	0.07247	0.18475	0.07316	0.07751	0.00757	0.00205	0.00417	0.03949	0.00499	0.09347
36	0.17855	0.14266	0.07854	0.01015	0.01437	0.06823	0.00906	0.09450	0.09943	0.11714	0.01258	0.02958	0.00970	0.00581	0.00454	0.00150	0.00540	0.00427	0.00399	0.11000
37	0.10056	0.06568	0.11848	0.01189	0.05781	0.03175	0.03325	0.10599	0.04840	0.06110	0.04341	0.21292	0.01798	0.00905	0.00556	0.00180	0.00525	0.04011	0.00421	0.02481
38	0.09675	0.11642	0.24071	0.01086	0.02584	0.03575	0.01096	0.03321	0.05973	0.08596	0.04012	0.07399	0.10564	0.00753	0.00511	0.00168	0.00550	0.00598	0.03128	0.00697

[dist]
# distance from previous block
# <min> <max>
0	21

[block]
# block no. 8 follows, 44 sequences, length 21
# corresponding to MSA columns:
# 310-330
name=unknown_I
#
# <colnr> <probs for GDERKNQSTAVLIFYWHMCP>
#	G	D	E	R	K	N	Q	S	T	A	V	L	I	F	Y	W	H	M	C	P
0	0.18268	0.06878	0.00949	0.00826	0.01003	0.07048	0.00617	0.01217	0.03688	0.01668	0.04604	0.43621	0.02419	0.01175	0.00563	0.00188	0.00417	0.01006	0.00431	0.03415
1	0.26229	0.01585	0.03392	0.09173	0.01608	0.27787	0.00929	0.01685	0.01207	0.01757	0.05333	0.03744	0.01029	0.00633	0.00566	0.00163	0.07011	0.00433	0.00317	0.05420
2	0.11404	0.09405	0.01386	0.01046	0.03895	0.06025	0.00823	0.13635	0.08136	0.20486	0.07204	0.02968	0.05628	0.00695	0.00506	0.00159	0.00498	0.00543	0.00485	0.05072
3	0.03483	0.03524	0.00939	0.00783	0.00998	0.03012	0.00612	0.03842	0.01407	0.14021	0.33496	0.03297	0.12588	0.05412	0.06098	0.00237	0.00449	0.02531	0.00524	0.02746
4	0.00694	0.00548	0.00625	0.00618	0.00770	0.00479	0.00459	0.00874	0.01341	0.01736	0.32405	0.10508	0.44395	0.01305	0.00648	0.00182	0.00272	0.01119	0.00542	0.00479
5	0.01151	0.01191	0.07196	0.29207	0.10297	0.01170	0.12964	0.07447	0.06263	0.01737	0.01508	0.12964	0.03045	0.00733	0.00583	0.00184	0.00655	0.00683	0.00339	0.00683
6	0.00974	0.00811	0.00958	0.00775	0.01121	0.00634	0.00592	0.01170	0.01118	0.01655	0.01849	0.21519	0.07641	0.00812	0.00497	0.00125	0.00371	0.00699	0.00384	0.56296
7	0.03144	0.00617	0.00709	0.00720	0.00780	0.00637	0.00486	0.01064	0.07757	0.01315	0.01976	0.05926	0.02161	0.55412	0.02098	0.00431	0.00506	0.13457	0.00386	0.00419
8	0.01200	0.01558	0.17167	0.01581	0.01883	0.01481	0.15792	0.01637	0.08792	0.01579	0.01013	0.01343	0.00842	0.00807	0.02628	0.00221	0.38995	0.00511	0.00278	0.00691
9	0.01100	0.00979	0.01503	0.01225	0.01386	0.01103	0.13479	0.01260	0.00961	0.03798	0.01232	0.04427	0.01233	0.23616	0.03943	0.00312	0.28348	0.00618	0.00303	0.09173
10	0.00685	0.00554	0.00608	0.00595	0.00761	0.00477	0.00446	0.00860	0.01338	0.01698	0.28161	0.04876	0.54439	0.01297	0.00644	0.00180	0.00270	0.01099	0.00536	0.00477
11	0.01075	0.01038	0.01824	0.67119	0.08562	0.01233	0.08564	0.01445	0.01119	0.01452	0.00985	0.01448	0.00745	0.00533	0.00554	0.00181	0.00740	0.00500	0.00247	0.00635
12	0.01434	0.00959	0.01162	0.00845	0.01315	0.00744	0.00682	0.01669	0.01230	0.19346	0.01242	0.01298	0.00933	0.00466	0.00437	0.00101	0.00418	0.00375	0.00404	0.64939
13	0.00960	0.00796	0.01346	0.01263	0.01473	0.00778	0.15782	0.01253	0.01261	0.01654	0.02530	0.05215	0.02676	0.01297	0.00731	0.00238	0.00585	0.59158	0.00457	0.00549
14	0.00664	0.00474	0.00633	0.00759	0.00791	0.00443	0.00506	0.00759	0.01044	0.01392	0.03005	0.80485	0.03606	0.01708	0.00696	0.00221	0.00316	0.01550	0.00506	0.00443
15	0.01125	0.00613	0.00625	0.00585	0.00744	0.00630	0.00449	0.08944	0.01290	0.02177	0.01730	0.01958	0.01349	0.00637	0.00398	0.00131	0.00290	0.00506	0.75267	0.00551
16	0.01182	0.02204	0.43881	0.01893	0.02583	0.01317	0.35531	0.01736	0.01213	0.01736	0.01035	0.01297	0.00753	0.00491	0.00575	0.00178	0.00857	0.00513	0.00251	0.00774
17	0.00963	0.00873	0.01377	0.45836	0.10411	0.00991	0.01217	0.01263	0.01167	0.01499	0.04697	0.02730	0.16341	0.00815	0.00587	0.00186	0.00592	0.07530	0.00334	0.00590
18	0.00762	0.00527	0.00617	0.00627	0.00664	0.00510	0.00387	0.00823	0.00970	0.01300	0.13461	0.14081	0.07868	0.52784	0.02029	0.00410	0.00442	0.00948	0.00407	0.00382
19	0.01196	0.07084	0.23170	0.03770	0.01720	0.01149	0.01153	0.03979	0.08934	0.01790	0.01081	0.01232	0.00851	0.00522	0.00544	0.00136	0.05527	0.00394	0.00313	0.35454
20	0.46384	0.00841	0.00828	0.08866	0.01240	0.00946	0.00656	0.01283	0.00986	0.01965	0.01574	0.29054	0.01669	0.00935	0.00485	0.00189	0.00416	0.00758	0.00387	0.00540

[dist]
# distance from previous block
# <min> <max>
0	1

[block]
# block no. 9 follows, 44 sequences, length 47
# corresponding to MSA columns:
# 332-370,372-379
name=unknown_J
#
# <colnr> <probs for GDERKNQSTAVLIFYWHMCP>
#	G	D	E	R	K	N	Q	S	T	A	V	L	I	F	Y	W	H	M	C	P
0	0.01495	0.18712	0.10293	0.04035	0.10157	0.08502	0.19766	0.06379	0.01314	0.07120	0.01041	0.01250	0.00811	0.00544	0.00607	0.00163	0.06290	0.00467	0.00303	0.00752
1	0.00719	0.00561	0.00658	0.00666	0.00817	0.00500	0.00514	0.00910	0.01337	0.01730	0.29078	0.08210	0.40015	0.01322	0.00661	0.00190	0.00302	0.10790	0.00537	0.00483
2	0.26289	0.01815	0.29169	0.01379	0.01929	0.01316	0.14368	0.09444	0.02889	0.03787	0.01017	0.01180	0.00745	0.00534	0.00511	0.00174	0.01961	0.00431	0.00320	0.00742
3	0.10091	0.03588	0.37187	0.01427	0.02022	0.03070	0.11058	0.06240	0.08798	0.09555	0.01225	0.01323	0.00875	0.00555	0.00520	0.00172	0.00696	0.00460	0.00344	0.00793
4	0.00807	0.00698	0.00725	0.00820	0.00883	0.08605	0.00561	0.00908	0.01102	0.01388	0.02852	0.70013	0.05430	0.01579	0.00673	0.00212	0.00385	0.01413	0.00483	0.00463
5	0.00801	0.00568	0.00770	0.00883	0.00965	0.00558	0.00702	0.00975	0.01139	0.01495	0.02803	0.29750	0.03167	0.09850	0.00946	0.00270	0.00445	0.42963	0.00485	0.00465
6	0.03424	0.02991	0.12661	0.07983	0.04100	0.01155	0.22238	0.03542	0.03386	0.15974	0.01397	0.04526	0.01110	0.06343	0.03100	0.00225	0.04163	0.00589	0.00368	0.00726
7	0.01474	0.01425	0.07992	0.21245	0.12092	0.01404	0.14060	0.27366	0.01660	0.02241	0.01167	0.03270	0.00898	0.00587	0.00563	0.00173	0.00702	0.00533	0.00363	0.00785
8	0.04202	0.61977	0.02499	0.00993	0.01364	0.01981	0.00944	0.01564	0.01057	0.01355	0.00790	0.00972	0.00725	0.00556	0.00592	0.00139	0.13882	0.00331	0.03404	0.00671
9	0.01030	0.00953	0.08932	0.00883	0.01142	0.00796	0.00762	0.01607	0.18294	0.06591	0.45262	0.03224	0.06404	0.00952	0.00605	0.00175	0.00366	0.00823	0.00552	0.00645
10	0.00722	0.00516	0.00696	0.00769	0.00815	0.00524	0.00533	0.00831	0.00965	0.01310	0.02387	0.45181	0.02742	0.15610	0.21124	0.00442	0.00652	0.03321	0.00421	0.00437
11	0.00833	0.00549	0.00823	0.00823	0.00889	0.00615	0.00615	0.00889	0.00823	0.01163	0.01295	0.01986	0.01229	0.03384	0.54099	0.27612	0.01143	0.00549	0.00274	0.00406
12	0.00909	0.00643	0.00994	0.00974	0.01111	0.00605	0.08419	0.01089	0.01160	0.06978	0.04310	0.48558	0.03041	0.01424	0.00682	0.00216	0.00423	0.15323	0.02617	0.00523
13	0.01093	0.02820	0.78016	0.01554	0.02360	0.01266	0.02014	0.01727	0.01151	0.01727	0.00978	0.01151	0.00691	0.00518	0.00518	0.00173	0.00806	0.00403	0.00230	0.00806
14	0.01242	0.01065	0.01170	0.05473	0.01453	0.01216	0.00841	0.02513	0.60688	0.02181	0.10130	0.02371	0.05677	0.00799	0.00568	0.00183	0.00422	0.00674	0.00539	0.00792
15	0.01349	0.01295	0.02213	0.03346	0.77440	0.01295	0.01673	0.01673	0.01241	0.01781	0.01025	0.01349	0.00864	0.00486	0.00540	0.00162	0.00648	0.00486	0.00270	0.00864
16	0.00871	0.00622	0.00870	0.00995	0.01118	0.00621	0.00865	0.01116	0.01248	0.01623	0.02891	0.08763	0.03154	0.01513	0.00751	0.00250	0.00495	0.71231	0.00502	0.00500
17	0.01458	0.81168	0.02857	0.00933	0.01399	0.02157	0.00933	0.01632	0.01108	0.01283	0.00758	0.00875	0.00700	0.00466	0.00350	0.00117	0.00583	0.00292	0.00233	0.00700
18	0.84691	0.01054	0.00801	0.00717	0.01054	0.01223	0.00590	0.01603	0.00928	0.02446	0.00759	0.00886	0.00590	0.00506	0.00337	0.00169	0.00422	0.00295	0.00337	0.00590
19	0.01093	0.02820	0.78016	0.01554	0.02360	0.01266	0.02014	0.01727	0.01151	0.01727	0.00978	0.01151	0.00691	0.00518	0.00518	0.00173	0.00806	0.00403	0.00230	0.00806
20	0.01030	0.00969	0.01635	0.79530	0.03755	0.01211	0.01514	0.01393	0.01090	0.01393	0.00969	0.01453	0.00727	0.00545	0.00545	0.00182	0.00727	0.00484	0.00242	0.00606
21	0.00793	0.00529	0.00595	0.00595	0.00595	0.00529	0.00330	0.00793	0.00793	0.01057	0.01718	0.03568	0.01982	0.80840	0.02775	0.00529	0.00529	0.00793	0.00330	0.00330
22	0.01277	0.01443	0.03062	0.02211	0.02708	0.01408	0.68042	0.01703	0.01242	0.01703	0.01064	0.01443	0.00816	0.00509	0.00758	0.00189	0.08802	0.00627	0.00272	0.00721
23	0.00688	0.00504	0.00649	0.00732	0.00803	0.00465	0.00513	0.00821	0.01157	0.01538	0.14970	0.55434	0.13275	0.01564	0.00684	0.00210	0.00310	0.04703	0.00521	0.00459
24	0.01193	0.01193	0.01670	0.01431	0.01431	0.01670	0.01193	0.01312	0.00835	0.01312	0.00716	0.01193	0.00716	0.00954	0.01789	0.00239	0.79843	0.00477	0.00239	0.00596
