[name]
unknown

[dist]
# distance from previous block
# <min> <max>
3	742

[block]
# block no. 0 follows, 51 sequences, length 12
# corresponding to MSA columns:
# 744-755
name=unknown_A
#
# <colnr> <probs for GDERKNQSTAVLIFYWHMCP>
#	G	D	E	R	K	N	Q	S	T	A	V	L	I	F	Y	W	H	M	C	P
0	0.01048	0.02155	0.57367	0.01241	0.01872	0.06177	0.01484	0.01511	0.01056	0.01544	0.00872	0.01024	0.00647	0.00446	0.00442	0.00135	0.00655	0.00344	0.00229	0.19749
1	0.01051	0.08682	0.56696	0.01506	0.02157	0.01228	0.18769	0.01554	0.01062	0.01528	0.00891	0.01082	0.00651	0.00451	0.00480	0.00154	0.00733	0.00404	0.00217	0.00704
2	0.01210	0.10785	0.54550	0.01313	0.01902	0.19050	0.01521	0.01638	0.01113	0.01436	0.00834	0.00978	0.00626	0.00471	0.00446	0.00144	0.00741	0.00342	0.00218	0.00681
3	0.00625	0.00439	0.00563	0.00651	0.00673	0.00416	0.00421	0.00691	0.00890	0.01187	0.02449	0.64677	0.02923	0.19718	0.01047	0.00262	0.00328	0.01244	0.00421	0.00376
4	0.01069	0.38462	0.24997	0.00938	0.01391	0.01353	0.01027	0.03498	0.01075	0.01368	0.01718	0.01755	0.18285	0.00623	0.00425	0.00135	0.00523	0.00471	0.00273	0.00616
5	0.01235	0.00797	0.00927	0.00757	0.01045	0.04270	0.00594	0.01481	0.04115	0.21406	0.24808	0.05138	0.04912	0.00709	0.00487	0.00131	0.00356	0.00599	0.00463	0.25772
6	0.01192	0.01636	0.19096	0.09334	0.01733	0.17197	0.01245	0.01429	0.00967	0.01278	0.00744	0.01053	0.00639	0.00665	0.01011	0.00179	0.39403	0.00393	0.00221	0.00587
7	0.00967	0.12347	0.52450	0.01136	0.01660	0.01095	0.01351	0.01357	0.00960	0.01370	0.01006	0.01493	0.00884	0.18880	0.00903	0.00221	0.00645	0.00429	0.00228	0.00618
8	0.00976	0.00923	0.01561	0.68433	0.16124	0.01104	0.01389	0.01298	0.01005	0.01314	0.00882	0.01295	0.00676	0.00482	0.00491	0.00161	0.00643	0.00437	0.00223	0.00585
9	0.01360	0.01419	0.01807	0.07630	0.54368	0.18996	0.01353	0.04404	0.01215	0.01547	0.00894	0.01147	0.00740	0.00462	0.00477	0.00143	0.00655	0.00411	0.00253	0.00719
10	0.01150	0.01100	0.01874	0.21169	0.62032	0.01150	0.01475	0.01450	0.01087	0.01525	0.00913	0.01238	0.00750	0.00450	0.00488	0.00150	0.00600	0.00438	0.00238	0.00725
11	0.09156	0.00480	0.00585	0.00680	0.00737	0.00469	0.00464	0.00760	0.00930	0.01350	0.02506	0.74250	0.02979	0.01431	0.00595	0.00195	0.00295	0.01284	0.00441	0.00412

[dist]
# distance from previous block
# <min> <max>
14	36

[block]
# block no. 1 follows, 51 sequences, length 14
# corresponding to MSA columns:
# 792-805
name=unknown_B
#
# <colnr> <probs for GDERKNQSTAVLIFYWHMCP>
#	G	D	E	R	K	N	Q	S	T	A	V	L	I	F	Y	W	H	M	C	P
0	0.04363	0.09576	0.02007	0.02705	0.68697	0.01245	0.01404	0.01502	0.01096	0.01581	0.00891	0.01157	0.00754	0.00437	0.00462	0.00142	0.00570	0.00414	0.00242	0.00754
1	0.01314	0.83025	0.02575	0.00841	0.01261	0.01945	0.00841	0.01472	0.00999	0.01156	0.00683	0.00788	0.00631	0.00420	0.00315	0.00105	0.00526	0.00263	0.00210	0.00631
2	0.00599	0.00428	0.00570	0.00684	0.00713	0.00399	0.00456	0.00684	0.00941	0.01254	0.02709	0.82409	0.03250	0.01540	0.00627	0.00200	0.00285	0.01397	0.00456	0.00399
3	0.00581	0.00498	0.00498	0.00498	0.00664	0.00415	0.00373	0.00705	0.01120	0.01328	0.04978	0.04729	0.79464	0.01245	0.00581	0.00166	0.00249	0.01037	0.00456	0.00415
4	0.01314	0.83025	0.02575	0.00841	0.01261	0.01945	0.00841	0.01472	0.00999	0.01156	0.00683	0.00788	0.00631	0.00420	0.00315	0.00105	0.00526	0.00263	0.00210	0.00631
5	0.01314	0.83025	0.02575	0.00841	0.01261	0.01945	0.00841	0.01472	0.00999	0.01156	0.00683	0.00788	0.00631	0.00420	0.00315	0.00105	0.00526	0.00263	0.00210	0.00631
6	0.04706	0.01990	0.05526	0.12218	0.01767	0.56858	0.01020	0.01858	0.01299	0.07108	0.00866	0.01007	0.00675	0.00508	0.00450	0.00136	0.00793	0.00347	0.00274	0.00593
7	0.01016	0.01045	0.09159	0.00797	0.01264	0.00705	0.00709	0.01270	0.01021	0.01597	0.00874	0.01021	0.00717	0.00375	0.00375	0.00081	0.00401	0.00299	0.00283	0.76993
8	0.00581	0.00498	0.00498	0.00498	0.00664	0.00415	0.00373	0.00705	0.01120	0.01328	0.04978	0.04729	0.79464	0.01245	0.00581	0.00166	0.00249	0.01037	0.00456	0.00415
9	0.01031	0.13659	0.69463	0.01323	0.02007	0.01252	0.01681	0.01545	0.01032	0.01501	0.00854	0.01003	0.00624	0.00460	0.00446	0.00149	0.00699	0.00349	0.00208	0.00713
10	0.01030	0.13351	0.69760	0.01325	0.02011	0.01249	0.01685	0.01545	0.01032	0.01503	0.00855	0.01004	0.00624	0.00461	0.00447	0.00149	0.00699	0.00350	0.00208	0.00713
11	0.08512	0.40088	0.29694	0.01048	0.01564	0.01550	0.01167	0.08551	0.01119	0.01566	0.00799	0.00913	0.00638	0.00455	0.00384	0.00131	0.00585	0.00315	0.00243	0.00675
12	0.01500	0.40099	0.14669	0.01010	0.01468	0.01575	0.01010	0.21415	0.01388	0.10145	0.00978	0.01024	0.00745	0.00492	0.00405	0.00129	0.00550	0.00350	0.00325	0.00721
13	0.29443	0.23621	0.04518	0.00905	0.01276	0.08753	0.00804	0.19156	0.01300	0.04945	0.00860	0.00934	0.00667	0.00488	0.00377	0.00136	0.00518	0.00323	0.00325	0.00651

[dist]
# distance from previous block
# <min> <max>
16	31

[block]
# block no. 2 follows, 51 sequences, length 22
# corresponding to MSA columns:
# 837-858
name=unknown_C
#
# <colnr> <probs for GDERKNQSTAVLIFYWHMCP>
#	G	D	E	R	K	N	Q	S	T	A	V	L	I	F	Y	W	H	M	C	P
0	0.01266	0.73244	0.09511	0.00890	0.01327	0.01831	0.00922	0.01461	0.00996	0.01192	0.00721	0.00846	0.00648	0.00525	0.02798	0.00131	0.00568	0.00280	0.00212	0.00633
1	0.01361	0.75758	0.02469	0.00879	0.01285	0.09043	0.00851	0.01516	0.01034	0.01160	0.00690	0.00797	0.00631	0.00428	0.00327	0.00107	0.00558	0.00268	0.00214	0.00625
2	0.00928	0.00873	0.01474	0.81548	0.03385	0.01092	0.01365	0.01256	0.00983	0.01256	0.00873	0.01310	0.00655	0.00491	0.00491	0.00164	0.00655	0.00437	0.00218	0.00546
3	0.00599	0.00428	0.00570	0.00684	0.00713	0.00399	0.00456	0.00684	0.00941	0.01254	0.02709	0.82409	0.03250	0.01540	0.00627	0.00200	0.00285	0.01397	0.00456	0.00399
4	0.00986	0.02542	0.80183	0.01401	0.02127	0.01141	0.01816	0.01556	0.01038	0.01556	0.00882	0.01038	0.00623	0.00467	0.00467	0.00156	0.00726	0.00363	0.00208	0.00726
5	0.01314	0.83025	0.02575	0.00841	0.01261	0.01945	0.00841	0.01472	0.00999	0.01156	0.00683	0.00788	0.00631	0.00420	0.00315	0.00105	0.00526	0.00263	0.00210	0.00631
6	0.01218	0.59579	0.25184	0.01004	0.01513	0.01711	0.01125	0.01496	0.01010	0.01273	0.00741	0.00861	0.00628	0.00434	0.00359	0.00120	0.00584	0.00292	0.00209	0.00659
7	0.01314	0.83025	0.02575	0.00841	0.01261	0.01945	0.00841	0.01472	0.00999	0.01156	0.00683	0.00788	0.00631	0.00420	0.00315	0.00105	0.00526	0.00263	0.00210	0.00631
8	0.00703	0.00522	0.00767	0.00767	0.00847	0.00602	0.00586	0.00863	0.00783	0.01124	0.01337	0.02046	0.01279	0.10805	0.73731	0.00762	0.01241	0.00543	0.00266	0.00426
9	0.01229	0.62184	0.22671	0.00986	0.01485	0.01737	0.01093	0.01493	0.01009	0.01260	0.00735	0.00853	0.00629	0.00432	0.00355	0.00118	0.00578	0.00289	0.00210	0.00655
10	0.00599	0.00428	0.00570	0.00684	0.00713	0.00399	0.00456	0.00684	0.00941	0.01254	0.02709	0.82409	0.03250	0.01540	0.00627	0.00200	0.00285	0.01397	0.00456	0.00399
11	0.00583	0.00488	0.00508	0.00524	0.00671	0.00413	0.00385	0.00702	0.01095	0.01317	0.04657	0.15731	0.68671	0.01286	0.00587	0.00171	0.00254	0.01088	0.00456	0.00413
12	0.00986	0.02542	0.80183	0.01401	0.02127	0.01141	0.01816	0.01556	0.01038	0.01556	0.00882	0.01038	0.00623	0.00467	0.00467	0.00156	0.00726	0.00363	0.00208	0.00726
13	0.00986	0.02542	0.80183	0.01401	0.02127	0.01141	0.01816	0.01556	0.01038	0.01556	0.00882	0.01038	0.00623	0.00467	0.00467	0.00156	0.00726	0.00363	0.00208	0.00726
14	0.01836	0.02342	0.01393	0.01266	0.01519	0.80756	0.00950	0.01962	0.01393	0.01203	0.00760	0.00886	0.00633	0.00506	0.00443	0.00127	0.00886	0.00317	0.00253	0.00570
15	0.00599	0.00428	0.00570	0.00684	0.00713	0.00399	0.00456	0.00684	0.00941	0.01254	0.02709	0.82409	0.03250	0.01540	0.00627	0.00200	0.00285	0.01397	0.00456	0.00399
16	0.86201	0.00950	0.00722	0.00646	0.00950	0.01102	0.00532	0.01445	0.00836	0.02205	0.00684	0.00798	0.00532	0.00456	0.00304	0.00152	0.00380	0.00266	0.00304	0.00532
17	0.00696	0.00502	0.00657	0.00618	0.00734	0.00464	0.00464	0.00927	0.01391	0.01971	0.79405	0.03671	0.04637	0.01005	0.00580	0.00155	0.00232	0.00889	0.00541	0.00464
18	0.01217	0.01156	0.01901	0.02803	0.71375	0.01173	0.01431	0.01625	0.09331	0.01653	0.01038	0.01282	0.00855	0.00462	0.00488	0.00148	0.00563	0.00450	0.00270	0.00778
19	0.00683	0.00502	0.00640	0.00606	0.00727	0.00459	0.00454	0.00904	0.01362	0.01903	0.71535	0.03783	0.12549	0.01030	0.00580	0.00156	0.00234	0.00904	0.00532	0.00459
20	0.01068	0.02480	0.70313	0.01413	0.02088	0.08316	0.04467	0.01594	0.01074	0.01525	0.00875	0.01034	0.00628	0.00469	0.00469	0.00153	0.00744	0.00367	0.00213	0.00710
21	0.00928	0.00873	0.01474	0.81548	0.03385	0.01092	0.01365	0.01256	0.00983	0.01256	0.00873	0.01310	0.00655	0.00491	0.00491	0.00164	0.00655	0.00437	0.00218	0.00546

[dist]
# distance from previous block
# <min> <max>
0	1

[block]
# block no. 3 follows, 51 sequences, length 11
# corresponding to MSA columns:
# 860-870
name=unknown_D
#
# <colnr> <probs for GDERKNQSTAVLIFYWHMCP>
#	G	D	E	R	K	N	Q	S	T	A	V	L	I	F	Y	W	H	M	C	P
0	0.01216	0.01168	0.01995	0.03016	0.79664	0.01168	0.01508	0.01508	0.01119	0.01605	0.00924	0.01216	0.00778	0.00438	0.00487	0.00146	0.00584	0.00438	0.00243	0.00778
1	0.00928	0.00873	0.01474	0.81548	0.03385	0.01092	0.01365	0.01256	0.00983	0.01256	0.00873	0.01310	0.00655	0.00491	0.00491	0.00164	0.00655	0.00437	0.00218	0.00546
2	0.00715	0.00476	0.00536	0.00536	0.00536	0.00476	0.00298	0.00715	0.00715	0.00953	0.01548	0.03216	0.01787	0.82729	0.02501	0.00476	0.00476	0.00715	0.00298	0.00298
3	0.01216	0.01168	0.01995	0.03016	0.79664	0.01168	0.01508	0.01508	0.01119	0.01605	0.00924	0.01216	0.00778	0.00438	0.00487	0.00146	0.00584	0.00438	0.00243	0.00778
4	0.00928	0.00873	0.01474	0.81548	0.03385	0.01092	0.01365	0.01256	0.00983	0.01256	0.00873	0.01310	0.00655	0.00491	0.00491	0.00164	0.00655	0.00437	0.00218	0.00546
5	0.00599	0.00428	0.00570	0.00684	0.00713	0.00399	0.00456	0.00684	0.00941	0.01254	0.02709	0.82409	0.03250	0.01540	0.00627	0.00200	0.00285	0.01397	0.00456	0.00399
6	0.01020	0.00959	0.01616	0.43297	0.34226	0.01069	0.01353	0.01314	0.01035	0.01398	0.01037	0.07575	0.00907	0.00551	0.00500	0.00159	0.00597	0.00512	0.00247	0.00629
7	0.01012	0.00959	0.01626	0.58646	0.25630	0.01114	0.01407	0.01329	0.01022	0.01358	0.00888	0.01283	0.00691	0.00476	0.00490	0.00159	0.00634	0.00437	0.00226	0.00614
8	0.00746	0.00571	0.00731	0.00657	0.00809	0.00511	0.06398	0.00861	0.01020	0.05268	0.03492	0.06743	0.45297	0.23449	0.01103	0.00251	0.00366	0.00899	0.00405	0.00423
9	0.01212	0.07445	0.01717	0.01288	0.01541	0.01287	0.18265	0.01761	0.23033	0.07231	0.01310	0.05530	0.01084	0.00687	0.00832	0.00176	0.24059	0.00541	0.00344	0.00656
10	0.01437	0.39961	0.16356	0.01093	0.01510	0.29482	0.01057	0.01659	0.01144	0.01246	0.00746	0.00868	0.00630	0.00459	0.00388	0.00122	0.00689	0.00300	0.00225	0.00627

[dist]
# distance from previous block
# <min> <max>
5	9

[block]
# block no. 4 follows, 51 sequences, length 8
# corresponding to MSA columns:
# 880-887
name=unknown_E
#
# <colnr> <probs for GDERKNQSTAVLIFYWHMCP>
#	G	D	E	R	K	N	Q	S	T	A	V	L	I	F	Y	W	H	M	C	P
0	0.16737	0.01068	0.17547	0.08130	0.01344	0.00798	0.00870	0.01257	0.01166	0.05429	0.34146	0.02359	0.02430	0.00740	0.00497	0.00158	0.00420	0.03951	0.00397	0.00556
1	0.17614	0.46843	0.08328	0.00923	0.01317	0.15333	0.00880	0.01558	0.01039	0.01397	0.00713	0.00827	0.00612	0.00446	0.00348	0.00122	0.00576	0.00281	0.00235	0.00609
2	0.15723	0.06299	0.62568	0.01242	0.01880	0.01175	0.01545	0.01533	0.01001	0.01648	0.00838	0.00984	0.00607	0.00463	0.00431	0.00152	0.00656	0.00341	0.00224	0.00688
3	0.29692	0.11534	0.14752	0.00860	0.01197	0.03622	0.00808	0.07401	0.06089	0.01750	0.01011	0.01401	0.00890	0.16216	0.00786	0.00209	0.00506	0.00402	0.00300	0.00574
4	0.00957	0.01078	0.16355	0.07786	0.01614	0.00795	0.14238	0.01241	0.01067	0.07804	0.01833	0.28012	0.01872	0.00950	0.00574	0.00183	0.00530	0.12183	0.00365	0.00563
5	0.01346	0.08089	0.16683	0.01224	0.01644	0.10585	0.17197	0.01694	0.04756	0.17111	0.03720	0.01755	0.10790	0.00606	0.00500	0.00151	0.00601	0.00528	0.00355	0.00665
6	0.01002	0.16587	0.01685	0.66111	0.02979	0.01255	0.01265	0.01297	0.00986	0.01237	0.00837	0.01210	0.00650	0.00478	0.00458	0.00153	0.00630	0.00403	0.00217	0.00562
7	0.01079	0.17726	0.51988	0.01409	0.02038	0.01312	0.14769	0.01543	0.01051	0.01483	0.00863	0.01040	0.00645	0.00449	0.00457	0.00148	0.00706	0.00381	0.00215	0.00697

[dist]
# distance from previous block
# <min> <max>
9	77

[block]
# block no. 5 follows, 51 sequences, length 12
# corresponding to MSA columns:
# 965-976
name=unknown_F
#
# <colnr> <probs for GDERKNQSTAVLIFYWHMCP>
#	G	D	E	R	K	N	Q	S	T	A	V	L	I	F	Y	W	H	M	C	P
0	0.77894	0.08982	0.00904	0.00665	0.00981	0.01185	0.00562	0.01447	0.00852	0.02102	0.00684	0.00797	0.00542	0.00453	0.00305	0.00147	0.00394	0.00266	0.00295	0.00542
1	0.01143	0.01445	0.10462	0.02006	0.02525	0.01233	0.70436	0.01572	0.01148	0.01572	0.00983	0.01297	0.00734	0.00419	0.00569	0.00165	0.00818	0.00559	0.00245	0.00669
2	0.01314	0.83025	0.02575	0.00841	0.01261	0.01945	0.00841	0.01472	0.00999	0.01156	0.00683	0.00788	0.00631	0.00420	0.00315	0.00105	0.00526	0.00263	0.00210	0.00631
3	0.00581	0.00498	0.00498	0.00498	0.00664	0.00415	0.00373	0.00705	0.01120	0.01328	0.04978	0.04729	0.79464	0.01245	0.00581	0.00166	0.00249	0.01037	0.00456	0.00415
4	0.00715	0.00476	0.00536	0.00536	0.00536	0.00476	0.00298	0.00715	0.00715	0.00953	0.01548	0.03216	0.01787	0.82729	0.02501	0.00476	0.00476	0.00715	0.00298	0.00298
5	0.86201	0.00950	0.00722	0.00646	0.00950	0.01102	0.00532	0.01445	0.00836	0.02205	0.00684	0.00798	0.00532	0.00456	0.00304	0.00152	0.00380	0.00266	0.00304	0.00532
6	0.00696	0.00502	0.00657	0.00618	0.00734	0.00464	0.00464	0.00927	0.01391	0.01971	0.79405	0.03671	0.04637	0.01005	0.00580	0.00155	0.00232	0.00889	0.00541	0.00464
7	0.01314	0.83025	0.02575	0.00841	0.01261	0.01945	0.00841	0.01472	0.00999	0.01156	0.00683	0.00788	0.00631	0.00420	0.00315	0.00105	0.00526	0.00263	0.00210	0.00631
8	0.00715	0.00476	0.00536	0.00536	0.00536	0.00476	0.00298	0.00715	0.00715	0.00953	0.01548	0.03216	0.01787	0.82729	0.02501	0.00476	0.00476	0.00715	0.00298	0.00298
9	0.01314	0.83025	0.02575	0.00841	0.01261	0.01945	0.00841	0.01472	0.00999	0.01156	0.00683	0.00788	0.00631	0.00420	0.00315	0.00105	0.00526	0.00263	0.00210	0.00631
10	0.00703	0.00524	0.00775	0.00775	0.00858	0.00606	0.00596	0.00868	0.00786	0.01130	0.01330	0.02004	0.01260	0.08193	0.76318	0.00772	0.01268	0.00537	0.00265	0.00431
11	0.01315	0.71022	0.09495	0.00916	0.01354	0.06516	0.00935	0.01508	0.01025	0.01195	0.00706	0.00817	0.00630	0.00430	0.00337	0.00111	0.00565	0.00275	0.00213	0.00636

[dist]
# distance from previous block
# <min> <max>
0	8

[block]
# block no. 6 follows, 51 sequences, length 10
# corresponding to MSA columns:
# 985-994
name=unknown_G
#
# <colnr> <probs for GDERKNQSTAVLIFYWHMCP>
#	G	D	E	R	K	N	Q	S	T	A	V	L	I	F	Y	W	H	M	C	P
0	0.01054	0.19383	0.63944	0.01284	0.01946	0.01309	0.01612	0.01539	0.01029	0.01473	0.00840	0.00985	0.00624	0.00457	0.00435	0.00145	0.00684	0.00342	0.00208	0.00706
1	0.00702	0.00527	0.00790	0.00790	0.00878	0.00614	0.00614	0.00878	0.00790	0.01141	0.01316	0.01931	0.01229	0.03686	0.80782	0.00790	0.01316	0.00527	0.00263	0.00439
2	0.01198	0.02245	0.66427	0.01309	0.01975	0.01068	0.01625	0.01702	0.01102	0.15208	0.01066	0.01148	0.00726	0.00491	0.00472	0.00155	0.00673	0.00386	0.00277	0.00745
3	0.01180	0.50289	0.34142	0.01069	0.01613	0.01618	0.01237	0.01506	0.01014	0.01319	0.00764	0.00890	0.00627	0.00439	0.00377	0.00126	0.00607	0.00304	0.00209	0.00670
4	0.16658	0.28843	0.26283	0.01031	0.01521	0.01468	0.01106	0.14816	0.01210	0.01809	0.00832	0.00936	0.00646	0.00471	0.00391	0.00137	0.00565	0.00326	0.00275	0.00678
5	0.01576	0.01485	0.15092	0.01140	0.01557	0.01359	0.01050	0.54031	0.05494	0.02598	0.01179	0.01255	0.00866	0.00861	0.07969	0.00210	0.00638	0.00442	0.00421	0.00777
6	0.01270	0.09538	0.52881	0.01259	0.01871	0.01247	0.01483	0.14926	0.01286	0.08265	0.01003	0.01092	0.00709	0.00496	0.00460	0.00149	0.00650	0.00379	0.00290	0.00746
7	0.34361	0.07916	0.14786	0.00850	0.01224	0.01007	0.00817	0.01603	0.01043	0.20117	0.03380	0.08728	0.01083	0.00607	0.00416	0.00153	0.00448	0.00459	0.00371	0.00631
8	0.01103	0.34773	0.44961	0.01145	0.01716	0.01437	0.01363	0.01488	0.01009	0.01374	0.00824	0.00983	0.00657	0.00612	0.04496	0.00168	0.00676	0.00331	0.00211	0.00673
9	0.09111	0.47718	0.29074	0.01015	0.01530	0.01590	0.01147	0.01498	0.00997	0.01391	0.00752	0.00875	0.00619	0.00440	0.00366	0.00127	0.00581	0.00298	0.00218	0.00654

[dist]
# distance from previous block
# <min> <max>
8	27

[block]
# block no. 7 follows, 51 sequences, length 50
# corresponding to MSA columns:
# 1022-1071
name=unknown_H
#
# <colnr> <probs for GDERKNQSTAVLIFYWHMCP>
#	G	D	E	R	K	N	Q	S	T	A	V	L	I	F	Y	W	H	M	C	P
0	0.01114	0.01027	0.01724	0.37456	0.42360	0.01124	0.01409	0.01445	0.02837	0.03429	0.00952	0.01283	0.00752	0.00471	0.00489	0.00154	0.00607	0.00441	0.00247	0.00678
1	0.01216	0.01168	0.01995	0.03016	0.79664	0.01168	0.01508	0.01508	0.01119	0.01605	0.00924	0.01216	0.00778	0.00438	0.00487	0.00146	0.00584	0.00438	0.00243	0.00778
2	0.01130	0.01080	0.01839	0.26499	0.56855	0.01145	0.01465	0.01433	0.01078	0.01501	0.00909	0.01244	0.00742	0.00454	0.00488	0.00151	0.00605	0.00438	0.00236	0.00709
3	0.04688	0.00667	0.00809	0.00776	0.00947	0.00679	0.00619	0.02750	0.14718	0.06509	0.35665	0.05309	0.04530	0.00989	0.00571	0.00174	0.00335	0.18218	0.00503	0.00545
4	0.01215	0.00794	0.01082	0.00910	0.01173	0.00739	0.07132	0.10667	0.02682	0.17608	0.03361	0.26024	0.05336	0.00911	0.00537	0.00160	0.00410	0.05158	0.00451	0.13650
5	0.01189	0.01135	0.01906	0.10359	0.68987	0.01163	0.01462	0.01533	0.04532	0.01592	0.00967	0.01252	0.00799	0.00453	0.00488	0.00149	0.00582	0.00443	0.00252	0.00756
6	0.01216	0.01168	0.01995	0.03016	0.79664	0.01168	0.01508	0.01508	0.01119	0.01605	0.00924	0.01216	0.00778	0.00438	0.00487	0.00146	0.00584	0.00438	0.00243	0.00778
7	0.01521	0.01204	0.01279	0.01060	0.01392	0.01362	0.00850	0.37494	0.43407	0.02537	0.01621	0.01531	0.01193	0.00631	0.00496	0.00158	0.00459	0.00503	0.00496	0.00805
8	0.00581	0.00498	0.00498	0.00498	0.00664	0.00415	0.00373	0.00705	0.01120	0.01328	0.04978	0.04729	0.79464	0.01245	0.00581	0.00166	0.00249	0.01037	0.00456	0.00415
9	0.00712	0.00487	0.00589	0.00589	0.00608	0.00505	0.00364	0.00749	0.00730	0.00992	0.01500	0.02947	0.01670	0.66163	0.18908	0.00542	0.00652	0.00675	0.00291	0.00327
10	0.01190	0.52579	0.31934	0.01053	0.01589	0.01641	0.01210	0.01504	0.01013	0.01308	0.00758	0.00883	0.00628	0.00438	0.00373	0.00124	0.00601	0.00301	0.00209	0.00667
11	0.00584	0.00485	0.00511	0.00532	0.00673	0.00412	0.00388	0.00701	0.01088	0.01314	0.04568	0.18782	0.65677	0.01298	0.00589	0.00172	0.00255	0.01102	0.00456	0.00412
12	0.00702	0.00525	0.00783	0.00783	0.00869	0.00611	0.00606	0.00873	0.00788	0.01136	0.01322	0.01964	0.01243	0.05738	0.78750	0.00782	0.01295	0.00531	0.00264	0.00435
13	0.00986	0.02542	0.80183	0.01401	0.02127	0.01141	0.01816	0.01556	0.01038	0.01556	0.00882	0.01038	0.00623	0.00467	0.00467	0.00156	0.00726	0.00363	0.00208	0.00726
14	0.01019	0.00873	0.01019	0.00728	0.01165	0.00655	0.00582	0.01237	0.01019	0.01601	0.00873	0.01019	0.00728	0.00364	0.00364	0.00073	0.00364	0.00291	0.00291	0.85734
15	0.01868	0.01376	0.01475	0.01131	0.01524	0.01524	0.00934	0.78025	0.02311	0.03097	0.01180	0.01180	0.00836	0.00590	0.00492	0.00147	0.00541	0.00442	0.00492	0.00836
16	0.00986	0.02542	0.80183	0.01401	0.02127	0.01141	0.01816	0.01556	0.01038	0.01556	0.00882	0.01038	0.00623	0.00467	0.00467	0.00156	0.00726	0.00363	0.00208	0.00726
17	0.00599	0.00428	0.00570	0.00684	0.00713	0.00399	0.00456	0.00684	0.00941	0.01254	0.02709	0.82409	0.03250	0.01540	0.00627	0.00200	0.00285	0.01397	0.00456	0.00399
18	0.01200	0.01164	0.02024	0.06426	0.71836	0.01169	0.05923	0.01501	0.01115	0.01588	0.00926	0.01227	0.00771	0.00439	0.00492	0.00148	0.00601	0.00446	0.00242	0.00761
19	0.00928	0.00873	0.01474	0.81548	0.03385	0.01092	0.01365	0.01256	0.00983	0.01256	0.00873	0.01310	0.00655	0.00491	0.00491	0.00164	0.00655	0.00437	0.00218	0.00546
20	0.79872	0.00982	0.00779	0.00683	0.00993	0.01134	0.00562	0.07192	0.00947	0.02272	0.00721	0.00827	0.00555	0.00466	0.00318	0.00152	0.00392	0.00279	0.00318	0.00555
21	0.01059	0.01051	0.01474	0.01268	0.01272	0.01466	0.01055	0.01169	0.00754	0.01181	0.00675	0.01113	0.00671	0.00985	0.05106	0.00240	0.78278	0.00434	0.00217	0.00533
22	0.00715	0.00476	0.00536	0.00536	0.00536	0.00476	0.00298	0.00715	0.00715	0.00953	0.01548	0.03216	0.01787	0.82729	0.02501	0.00476	0.00476	0.00715	0.00298	0.00298
23	0.01222	0.01056	0.01111	0.01000	0.01278	0.01222	0.00778	0.02611	0.78776	0.02056	0.02000	0.01833	0.01500	0.00667	0.00500	0.00167	0.00389	0.00556	0.00500	0.00778
24	0.01314	0.83025	0.02575	0.00841	0.01261	0.01945	0.00841	0.01472	0.00999	0.01156	0.00683	0.00788	0.00631	0.00420	0.00315	0.00105	0.00526	0.00263	0.00210	0.00631
25	0.00768	0.00650	0.00853	0.00878	0.00978	0.05492	0.06381	0.00919	0.01042	0.01344	0.04073	0.50480	0.02825	0.01334	0.00624	0.00198	0.00404	0.19884	0.00429	0.00444
26	0.01314	0.83025	0.02575	0.00841	0.01261	0.01945	0.00841	0.01472	0.00999	0.01156	0.00683	0.00788	0.00631	0.00420	0.00315	0.00105	0.00526	0.00263	0.00210	0.00631
27	0.01723	0.02176	0.01312	0.01197	0.01442	0.73521	0.00898	0.01849	0.01368	0.01214	0.01140	0.01232	0.07732	0.00573	0.00456	0.00130	0.00829	0.00381	0.00271	0.00556
28	0.01018	0.03678	0.62926	0.01240	0.01860	0.01034	0.01537	0.01502	0.01085	0.06419	0.05408	0.01521	0.07513	0.00569	0.00481	0.00155	0.00637	0.00454	0.00271	0.00691
29	0.00586	0.00498	0.00506	0.00504	0.00667	0.00417	0.00378	0.00716	0.01133	0.01359	0.08584	0.04678	0.75839	0.01233	0.00581	0.00165	0.00248	0.01030	0.00460	0.00417
30	0.00928	0.00873	0.01474	0.81548	0.03385	0.01092	0.01365	0.01256	0.00983	0.01256	0.00873	0.01310	0.00655	0.00491	0.00491	0.00164	0.00655	0.00437	0.00218	0.00546
31	0.01175	0.01130	0.01928	0.06102	0.71309	0.01133	0.03180	0.01464	0.01114	0.01578	0.01103	0.01378	0.04244	0.00475	0.00493	0.00148	0.00577	0.00467	0.00252	0.00750
32	0.01048	0.00860	0.00929	0.00862	0.01087	0.00947	0.00660	0.01994	0.51488	0.03899	0.06292	0.12298	0.13805	0.00878	0.00532	0.00170	0.00348	0.00748	0.00493	0.00662
33	0.01314	0.83025	0.02575	0.00841	0.01261	0.01945	0.00841	0.01472	0.00999	0.01156	0.00683	0.00788	0.00631	0.00420	0.00315	0.00105	0.00526	0.00263	0.00210	0.00631
34	0.00609	0.00504	0.00537	0.00544	0.00701	0.00432	0.00418	0.00752	0.01143	0.01393	0.10894	0.04715	0.66450	0.01235	0.00589	0.00170	0.00266	0.07760	0.00463	0.00422
35	0.01019	0.00873	0.01019	0.00728	0.01165	0.00655	0.00582	0.01237	0.01019	0.01601	0.00873	0.01019	0.00728	0.00364	0.00364	0.00073	0.00364	0.00291	0.00291	0.85734
36	0.00986	0.02542	0.80183	0.01401	0.02127	0.01141	0.01816	0.01556	0.01038	0.01556	0.00882	0.01038	0.00623	0.00467	0.00467	0.00156	0.00726	0.00363	0.00208	0.00726
37	0.00928	0.00873	0.01474	0.81548	0.03385	0.01092	0.01365	0.01256	0.00983	0.01256	0.00873	0.01310	0.00655	0.00491	0.00491	0.00164	0.00655	0.00437	0.00218	0.00546
38	0.00784	0.00560	0.00782	0.00896	0.01005	0.00559	0.00778	0.01004	0.01123	0.01461	0.02607	0.08839	0.02846	0.01365	0.00677	0.00225	0.00445	0.73143	0.00453	0.00450
39	0.01160	0.01326	0.02900	0.02071	0.02568	0.01243	0.77879	0.01574	0.01160	0.01574	0.00994	0.01326	0.00746	0.00414	0.00580	0.00166	0.00829	0.00580	0.00249	0.00663
40	0.00599	0.00428	0.00570	0.00684	0.00713	0.00399	0.00456	0.00684	0.00941	0.01254	0.02709	0.82409	0.03250	0.01540	0.00627	0.00200	0.00285	0.01397	0.00456	0.00399
41	0.00928	0.00873	0.01474	0.81548	0.03385	0.01092	0.01365	0.01256	0.00983	0.01256	0.00873	0.01310	0.00655	0.00491	0.00491	0.00164	0.00655	0.00437	0.00218	0.00546
42	0.01206	0.34984	0.10139	0.01502	0.01990	0.01521	0.38994	0.01530	0.01082	0.01401	0.00856	0.01078	0.00687	0.00422	0.00461	0.00140	0.00694	0.00429	0.00229	0.00656
43	0.00683	0.00506	0.00640	0.00620	0.00744	0.00463	0.00473	0.00897	0.01326	0.01825	0.61123	0.03989	0.17087	0.01071	0.00587	0.00162	0.00251	0.06577	0.00520	0.00455
44	0.01019	0.00873	0.01019	0.00728	0.01165	0.00655	0.00582	0.01237	0.01019	0.01601	0.00873	0.01019	0.00728	0.00364	0.00364	0.00073	0.00364	0.00291	0.00291	0.85734
45	0.00666	0.00498	0.00618	0.00594	0.00718	0.00450	0.00443	0.00868	0.01312	0.01797	0.59619	0.07281	0.21164	0.01081	0.00582	0.00159	0.00238	0.00943	0.00519	0.00450
46	0.01197	0.01044	0.01165	0.01020	0.01309	0.01178	0.03764	0.02466	0.70288	0.02014	0.03853	0.01823	0.01514	0.00652	0.00499	0.00162	0.00401	0.00553	0.00482	0.04614
47	0.09133	0.00936	0.01089	0.00833	0.01218	0.00854	0.00676	0.12881	0.03691	0.26812	0.01323	0.03405	0.00972	0.00523	0.00430	0.00122	0.00407	0.00413	0.00433	0.33848
48	0.00696	0.00502	0.00657	0.00618	0.00734	0.00464	0.00464	0.00927	0.01391	0.01971	0.79405	0.03671	0.04637	0.01005	0.00580	0.00155	0.00232	0.00889	0.00541	0.00464
49	0.01143	0.05609	0.01104	0.00743	0.01157	0.00729	0.00603	0.01350	0.01057	0.09497	0.02449	0.01171	0.00868	0.02267	0.00427	0.00093	0.00379	0.00331	0.00323	0.68699

[dist]
# distance from previous block
# <min> <max>
0	1

[block]
# block no. 8 follows, 51 sequences, length 27
# corresponding to MSA columns:
# 1073-1099
name=unknown_I
#
# <colnr> <probs for GDERKNQSTAVLIFYWHMCP>
#	G	D	E	R	K	N	Q	S	T	A	V	L	I	F	Y	W	H	M	C	P
0	0.01001	0.06308	0.76552	0.01374	0.02086	0.01179	0.01770	0.01552	0.01036	0.01538	0.00873	0.01026	0.00623	0.00465	0.00460	0.00153	0.00717	0.00358	0.00208	0.00722
1	0.75484	0.01035	0.00854	0.00861	0.07110	0.04975	0.00628	0.01475	0.00885	0.02110	0.00707	0.00835	0.00556	0.00457	0.00325	0.00150	0.00421	0.00282	0.00297	0.00553
2	0.01821	0.01346	0.01446	0.01121	0.01504	0.01490	0.00926	0.73887	0.04355	0.03025	0.01241	0.01316	0.00908	0.00613	0.00497	0.00150	0.00534	0.02507	0.00491	0.00824
3	0.01359	0.03056	0.01306	0.01122	0.01326	0.21342	0.02369	0.13185	0.16519	0.01672	0.01330	0.08544	0.01206	0.02257	0.00762	0.00174	0.16849	0.04640	0.00358	0.00621
4	0.00986	0.02542	0.80183	0.01401	0.02127	0.01141	0.01816	0.01556	0.01038	0.01556	0.00882	0.01038	0.00623	0.00467	0.00467	0.00156	0.00726	0.00363	0.00208	0.00726
5	0.00599	0.00428	0.00570	0.00684	0.00713	0.00399	0.00456	0.00684	0.00941	0.01254	0.02709	0.82409	0.03250	0.01540	0.00627	0.00200	0.00285	0.01397	0.00456	0.00399
6	0.01220	0.54360	0.28039	0.01036	0.01553	0.03853	0.01164	0.01513	0.01022	0.01289	0.00751	0.00873	0.00628	0.00438	0.00369	0.00122	0.00601	0.00297	0.00211	0.00660
7	0.01246	0.43363	0.17127	0.01004	0.01419	0.08605	0.03201	0.01480	0.01059	0.05135	0.01056	0.11265	0.00994	0.00588	0.00412	0.00133	0.00570	0.00451	0.00265	0.00625
8	0.00986	0.02542	0.80183	0.01401	0.02127	0.01141	0.01816	0.01556	0.01038	0.01556	0.00882	0.01038	0.00623	0.00467	0.00467	0.00156	0.00726	0.00363	0.00208	0.00726
9	0.02187	0.00865	0.01158	0.00888	0.01269	0.00765	0.00734	0.06424	0.01455	0.75907	0.01898	0.01646	0.01196	0.00607	0.00494	0.00152	0.00425	0.00491	0.00602	0.00836
10	0.01118	0.16865	0.59488	0.01289	0.01920	0.08223	0.01567	0.01577	0.01062	0.01454	0.00836	0.00980	0.00625	0.00462	0.00438	0.00144	0.00704	0.00341	0.00212	0.00696
11	0.00854	0.00427	0.00640	0.00640	0.00640	0.00427	0.00427	0.00640	0.00640	0.00854	0.00854	0.01494	0.00854	0.01707	0.01921	0.85702	0.00427	0.00427	0.00213	0.00213
12	0.00581	0.00498	0.00498	0.00498	0.00664	0.00415	0.00373	0.00705	0.01120	0.01328	0.04978	0.04729	0.79464	0.01245	0.00581	0.00166	0.00249	0.01037	0.00456	0.00415
13	0.00703	0.00524	0.00778	0.00778	0.00862	0.00608	0.00600	0.00870	0.00786	0.01132	0.01327	0.01990	0.01254	0.07325	0.77177	0.00775	0.01278	0.00535	0.00265	0.00432
14	0.01142	0.01138	0.02076	0.19676	0.46879	0.01167	0.17731	0.01468	0.01098	0.01524	0.00928	0.01260	0.00745	0.00444	0.00507	0.00154	0.00651	0.00468	0.00239	0.00704
15	0.01008	0.01040	0.02070	0.01556	0.01868	0.01037	0.47006	0.01292	0.00997	0.01373	0.01110	0.01715	0.00987	0.14657	0.13500	0.00319	0.07068	0.00583	0.00256	0.00557
16	0.02205	0.00836	0.01140	0.00874	0.01254	0.00722	0.00722	0.02395	0.01407	0.80004	0.01939	0.01673	0.01216	0.00608	0.00494	0.00152	0.00418	0.00494	0.00608	0.00836
17	0.00715	0.00476	0.00536	0.00536	0.00536	0.00476	0.00298	0.00715	0.00715	0.00953	0.01548	0.03216	0.01787	0.82729	0.02501	0.00476	0.00476	0.00715	0.00298	0.00298
18	0.01017	0.00588	0.00695	0.00622	0.00784	0.00598	0.04540	0.04806	0.04875	0.04006	0.01572	0.01774	0.01222	0.00657	0.02624	0.00141	0.00319	0.00471	0.68179	0.00512
19	0.01202	0.01153	0.01969	0.06874	0.75917	0.01164	0.01501	0.01496	0.01112	0.01588	0.00922	0.01221	0.00772	0.00440	0.00487	0.00147	0.00587	0.00438	0.00242	0.00767
20	0.01116	0.01174	0.07729	0.01314	0.07360	0.02384	0.19156	0.06462	0.01145	0.01658	0.01013	0.05249	0.00859	0.00477	0.00482	0.00122	0.02234	0.00446	0.00290	0.39329
21	0.01126	0.01011	0.01156	0.00965	0.01238	0.02598	0.00769	0.01817	0.33985	0.01696	0.01314	0.01392	0.01048	0.00659	0.02290	0.00156	0.16296	0.00436	0.00364	0.29686
22	0.00667	0.00501	0.00617	0.00588	0.00716	0.00451	0.00441	0.00871	0.01323	0.01808	0.60627	0.03938	0.23515	0.01065	0.00580	0.00157	0.00236	0.00926	0.00520	0.00451
23	0.01868	0.01376	0.01475	0.01131	0.01524	0.01524	0.00934	0.78025	0.02311	0.03097	0.01180	0.01180	0.00836	0.00590	0.00492	0.00147	0.00541	0.00442	0.00492	0.00836
24	0.01181	0.19321	0.27489	0.01699	0.15732	0.05208	0.18071	0.01573	0.02522	0.01475	0.00886	0.01086	0.00695	0.00446	0.00462	0.00144	0.00682	0.00403	0.00231	0.00694
25	0.01075	0.01175	0.02310	0.05602	0.02185	0.02991	0.53923	0.01418	0.01141	0.01534	0.07081	0.01740	0.07365	0.00560	0.00637	0.00166	0.06104	0.00612	0.00284	0.02097
26	0.19450	0.11446	0.36491	0.01149	0.01661	0.01235	0.06136	0.09419	0.01125	0.01793	0.00951	0.05324	0.00774	0.00526	0.00432	0.00151	0.00592	0.00408	0.00274	0.00663

[dist]
# distance from previous block
# <min> <max>
1	8

[block]
# block no. 9 follows, 51 sequences, length 42
# corresponding to MSA columns:
# 1108-1149
name=unknown_J
#
# <colnr> <probs for GDERKNQSTAVLIFYWHMCP>
#	G	D	E	R	K	N	Q	S	T	A	V	L	I	F	Y	W	H	M	C	P
0	0.01074	0.02934	0.09703	0.04864	0.37377	0.06351	0.01191	0.01354	0.01138	0.01568	0.15374	0.03237	0.01562	0.00805	0.05587	0.00192	0.02749	0.01991	0.00302	0.00649
1	0.04277	0.00876	0.02642	0.00889	0.01091	0.02655	0.00708	0.04372	0.21481	0.03193	0.03839	0.16587	0.01806	0.05997	0.00743	0.00189	0.07526	0.10004	0.00408	0.10717
2	0.00956	0.00895	0.01505	0.62776	0.16346	0.01060	0.01330	0.01262	0.01003	0.01316	0.01001	0.06559	0.00845	0.00550	0.00499	0.00163	0.00619	0.00499	0.00238	0.00576
3	0.01197	0.01140	0.01939	0.02918	0.76014	0.01140	0.01475	0.01485	0.01120	0.01599	0.01002	0.01417	0.00874	0.00481	0.00495	0.00150	0.00578	0.03961	0.00253	0.00763
4	0.01040	0.00913	0.01211	0.00889	0.01310	0.00732	0.08638	0.03157	0.01073	0.01627	0.01006	0.01349	0.00869	0.00439	0.00410	0.00094	0.00422	0.05263	0.00302	0.69256
5	0.01108	0.01001	0.04734	0.00821	0.01224	0.00820	0.00693	0.12661	0.01211	0.01782	0.01270	0.01371	0.07624	0.00499	0.00456	0.00101	0.03588	0.00388	0.00329	0.58319
6	0.01628	0.01257	0.01339	0.01082	0.01432	0.01412	0.00876	0.49937	0.30791	0.02709	0.01485	0.01423	0.01083	0.00619	0.00495	0.00155	0.00484	0.00485	0.00495	0.00814
7	0.02047	0.01223	0.01221	0.00988	0.01336	0.18503	0.00792	0.08349	0.05391	0.52499	0.01621	0.01468	0.01071	0.00587	0.00483	0.00147	0.00530	0.00454	0.00515	0.00774
8	0.00661	0.00501	0.00609	0.00582	0.00713	0.00449	0.00437	0.00861	0.01310	0.01778	0.57091	0.03988	0.27071	0.01077	0.00580	0.00158	0.00237	0.00933	0.00516	0.00449
9	0.21089	0.01290	0.01094	0.00955	0.03878	0.21172	0.00724	0.08114	0.01225	0.08376	0.01185	0.01251	0.05823	0.00521	0.00410	0.00126	0.00520	0.00375	0.00338	0.21534
10	0.01216	0.01168	0.01995	0.03016	0.79664	0.01168	0.01508	0.01508	0.01119	0.01605	0.00924	0.01216	0.00778	0.00438	0.00487	0.00146	0.00584	0.00438	0.00243	0.00778
11	0.00585	0.00498	0.00504	0.00502	0.00666	0.00417	0.00377	0.00714	0.01130	0.01352	0.07824	0.04689	0.76603	0.01235	0.00581	0.00166	0.00248	0.01031	0.00460	0.00417
12	0.01216	0.01168	0.01995	0.03016	0.79664	0.01168	0.01508	0.01508	0.01119	0.01605	0.00924	0.01216	0.00778	0.00438	0.00487	0.00146	0.00584	0.00438	0.00243	0.00778
13	0.01159	0.01268	0.02577	0.02136	0.15431	0.01262	0.55646	0.01515	0.01103	0.01532	0.00940	0.01277	0.00739	0.00472	0.00690	0.00168	0.10634	0.00538	0.00244	0.00667
14	0.01685	0.00952	0.01125	0.00941	0.01267	0.00987	0.00752	0.02509	0.42321	0.38784	0.01971	0.01758	0.01366	0.00639	0.00497	0.00160	0.00403	0.00527	0.00551	0.00805
15	0.00599	0.00428	0.00570	0.00684	0.00713	0.00399	0.00456	0.00684	0.00941	0.01254	0.02709	0.82409	0.03250	0.01540	0.00627	0.00200	0.00285	0.01397	0.00456	0.00399
16	0.01156	0.44326	0.39892	0.01110	0.01678	0.01558	0.01310	0.01512	0.01017	0.01349	0.00779	0.00908	0.00627	0.00443	0.00388	0.00129	0.00622	0.00311	0.00209	0.00677
17	0.00715	0.00476	0.00536	0.00536	0.00536	0.00476	0.00298	0.00715	0.00715	0.00953	0.01548	0.03216	0.01787	0.82729	0.02501	0.00476	0.00476	0.00715	0.00298	0.00298
18	0.00645	0.00518	0.00587	0.00622	0.00771	0.00461	0.00501	0.00800	0.01124	0.01371	0.04256	0.04977	0.56175	0.01279	0.00611	0.00184	0.00311	0.23926	0.00455	0.00426
19	0.00928	0.00873	0.01474	0.81548	0.03385	0.01092	0.01365	0.01256	0.00983	0.01256	0.00873	0.01310	0.00655	0.00491	0.00491	0.00164	0.00655	0.00437	0.00218	0.00546
20	0.01836	0.02342	0.01393	0.01266	0.01519	0.80756	0.00950	0.01962	0.01393	0.01203	0.00760	0.00886	0.00633	0.00506	0.00443	0.00127	0.00886	0.00317	0.00253	0.00570
21	0.01160	0.01326	0.02900	0.02071	0.02568	0.01243	0.77879	0.01574	0.01160	0.01574	0.00994	0.01326	0.00746	0.00414	0.00580	0.00166	0.00829	0.00580	0.00249	0.00663
22	0.01121	0.01210	0.02257	0.01711	0.01979	0.01364	0.42469	0.01394	0.00972	0.01394	0.00833	0.01210	0.00699	0.00620	0.01056	0.00188	0.38174	0.00511	0.00233	0.00605
23	0.00608	0.00434	0.00581	0.00695	0.00727	0.00407	0.00472	0.00700	0.00950	0.01265	0.02704	0.78841	0.03231	0.01531	0.00630	0.00201	0.00293	0.04876	0.00456	0.00402
24	0.00986	0.02542	0.80183	0.01401	0.02127	0.01141	0.01816	0.01556	0.01038	0.01556	0.00882	0.01038	0.00623	0.00467	0.00467	0.00156	0.00726	0.00363	0.00208	0.00726
25	0.00696	0.00502	0.00657	0.00618	0.00734	0.00464	0.00464	0.00927	0.01391	0.01971	0.79405	0.03671	0.04637	0.01005	0.00580	0.00155	0.00232	0.00889	0.00541	0.00464
26	0.01019	0.00873	0.01019	0.00728	0.01165	0.00655	0.00582	0.01237	0.01019	0.01601	0.00873	0.01019	0.00728	0.00364	0.00364	0.00073	0.00364	0.00291	0.00291	0.85734
27	0.00715	0.00476	0.00536	0.00536	0.00536	0.00476	0.00298	0.00715	0.00715	0.00953	0.01548	0.03216	0.01787	0.82729	0.02501	0.00476	0.00476	0.00715	0.00298	0.00298
28	0.00581	0.00498	0.00498	0.00498	0.00664	0.00415	0.00373	0.00705	0.01120	0.01328	0.04978	0.04729	0.79464	0.01245	0.00581	0.00166	0.00249	0.01037	0.00456	0.00415
29	0.02103	0.00934	0.01188	0.00928	0.01279	0.03943	0.00763	0.05564	0.01403	0.68480	0.01776	0.01582	0.01140	0.00620	0.00565	0.00155	0.05727	0.00481	0.00564	0.00806
30	0.00715	0.00476	0.00536	0.00536	0.00536	0.00476	0.00298	0.00715	0.00715	0.00953	0.01548	0.03216	0.01787	0.82729	0.02501	0.00476	0.00476	0.00715	0.00298	0.00298
31	0.00702	0.00527	0.00790	0.00790	0.00878	0.00614	0.00614	0.00878	0.00790	0.01141	0.01316	0.01931	0.01229	0.03686	0.80782	0.00790	0.01316	0.00527	0.00263	0.00439
32	0.00928	0.00873	0.01474	0.81548	0.03385	0.01092	0.01365	0.01256	0.00983	0.01256	0.00873	0.01310	0.00655	0.00491	0.00491	0.00164	0.00655	0.00437	0.00218	0.00546
33	0.01216	0.01168	0.01995	0.03016	0.79664	0.01168	0.01508	0.01508	0.01119	0.01605	0.00924	0.01216	0.00778	0.00438	0.00487	0.00146	0.00584	0.00438	0.00243	0.00778
34	0.00986	0.02542	0.80183	0.01401	0.02127	0.01141	0.01816	0.01556	0.01038	0.01556	0.00882	0.01038	0.00623	0.00467	0.00467	0.00156	0.00726	0.00363	0.00208	0.00726
35	0.00702	0.00527	0.00790	0.00790	0.00878	0.00614	0.00614	0.00878	0.00790	0.01141	0.01316	0.01931	0.01229	0.03686	0.80782	0.00790	0.01316	0.00527	0.00263	0.00439
36	0.00688	0.00502	0.00647	0.00611	0.00730	0.00461	0.00458	0.00914	0.01374	0.01931	0.74762	0.03737	0.09305	0.01020	0.00580	0.00155	0.00233	0.00898	0.00536	0.00461
37	0.01207	0.01355	0.07348	0.02529	0.45984	0.04309	0.26851	0.01551	0.01138	0.01576	0.00938	0.01228	0.00752	0.00435	0.00515	0.00152	0.00686	0.00475	0.00243	0.00728
38	0.01096	0.00871	0.01027	0.00737	0.01170	0.00659	0.00591	0.01313	0.01044	0.06692	0.00943	0.01061	0.00760	0.00380	0.00372	0.00078	0.00367	0.00304	0.00312	0.80222
39	0.01088	0.27535	0.56083	0.01227	0.01858	0.01391	0.01513	0.01530	0.01025	0.01432	0.00820	0.00960	0.00625	0.00452	0.00420	0.00140	0.00664	0.00332	0.00208	0.00697
40	0.00599	0.00428	0.00570	0.00684	0.00713	0.00399	0.00456	0.00684	0.00941	0.01254	0.02709	0.82409	0.03250	0.01540	0.00627	0.00200	0.00285	0.01397	0.00456	0.00399
41	0.01677	0.01996	0.01448	0.06637	0.09748	0.58276	0.01023	0.06003	0.06028	0.01401	0.00881	0.01021	0.00712	0.00512	0.00457	0.00135	0.00791	0.00358	0.00278	0.00617

[dist]
# distance from previous block
# <min> <max>
0	1

[block]
# block no. 10 follows, 51 sequences, length 37
# corresponding to MSA columns:
# 1151-1187
name=unknown_K
#
# <colnr> <probs for GDERKNQSTAVLIFYWHMCP>
#	G	D	E	R	K	N	Q	S	T	A	V	L	I	F	Y	W	H	M	C	P
0	0.00721	0.00585	0.00598	0.00572	0.00758	0.00540	0.00434	0.01036	0.11916	0.01492	0.04060	0.03887	0.57522	0.01062	0.00537	0.00157	0.00270	0.00882	0.09435	0.03537
1	0.01447	0.32968	0.11860	0.01355	0.11941	0.30034	0.01092	0.01663	0.01161	0.01283	0.00768	0.00912	0.00650	0.00459	0.00403	0.00125	0.00688	0.00318	0.00230	0.00641
2	0.01314	0.83025	0.02575	0.00841	0.01261	0.01945	0.00841	0.01472	0.00999	0.01156	0.00683	0.00788	0.00631	0.00420	0.00315	0.00105	0.00526	0.00263	0.00210	0.00631
3	0.00599	0.00428	0.00570	0.00684	0.00713	0.00399	0.00456	0.00684	0.00941	0.01254	0.02709	0.82409	0.03250	0.01540	0.00627	0.00200	0.00285	0.01397	0.00456	0.00399
4	0.00854	0.00427	0.00640	0.00640	0.00640	0.00427	0.00427	0.00640	0.00640	0.00854	0.00854	0.01494	0.00854	0.01707	0.01921	0.85702	0.00427	0.00427	0.00213	0.00213
5	0.01214	0.01173	0.02027	0.02983	0.76930	0.01170	0.04216	0.01511	0.01120	0.01604	0.00927	0.01220	0.00777	0.00437	0.00490	0.00147	0.00592	0.00443	0.00243	0.00774
6	0.00653	0.00501	0.00598	0.00574	0.00708	0.00446	0.00430	0.00845	0.01290	0.01732	0.51748	0.04064	0.32443	0.01094	0.00580	0.00159	0.00238	0.00944	0.00510	0.00446
7	0.00702	0.00527	0.00790	0.00790	0.00878	0.00614	0.00614	0.00878	0.00790	0.01141	0.01316	0.01931	0.01229	0.03686	0.80782	0.00790	0.01316	0.00527	0.00263	0.00439
8	0.00938	0.00837	0.01385	0.09744	0.29664	0.00913	0.03435	0.01176	0.00938	0.01335	0.01096	0.01561	0.00973	0.01990	0.38419	0.00455	0.03825	0.00484	0.00249	0.00583
9	0.00707	0.00506	0.00687	0.00687	0.00740	0.00559	0.00487	0.00812	0.00759	0.01065	0.01410	0.02449	0.01454	0.35555	0.49220	0.00663	0.00978	0.00602	0.00277	0.00382
10	0.01314	0.83025	0.02575	0.00841	0.01261	0.01945	0.00841	0.01472	0.00999	0.01156	0.00683	0.00788	0.00631	0.00420	0.00315	0.00105	0.00526	0.00263	0.00210	0.00631
11	0.08480	0.01739	0.36921	0.01152	0.01685	0.01125	0.01249	0.19099	0.01398	0.20690	0.01186	0.01202	0.00805	0.00528	0.00466	0.00153	0.00582	0.00404	0.00376	0.00761
12	0.00995	0.00891	0.01435	0.45733	0.18287	0.01016	0.01250	0.04548	0.01097	0.01447	0.01296	0.02132	0.02642	0.00659	0.00527	0.00171	0.00590	0.14417	0.00283	0.00586
13	0.00854	0.00427	0.00640	0.00640	0.00640	0.00427	0.00427	0.00640	0.00640	0.00854	0.00854	0.01494	0.00854	0.01707	0.01921	0.85702	0.00427	0.00427	0.00213	0.00213
14	0.00916	0.00458	0.00458	0.00458	0.00573	0.00458	0.00344	0.01145	0.01031	0.01832	0.01603	0.01832	0.01260	0.00573	0.00344	0.00115	0.00229	0.00458	0.85457	0.00458
15	0.01075	0.01192	0.02521	0.01830	0.02269	0.01113	0.65190	0.01449	0.01163	0.01561	0.04251	0.01870	0.08640	0.00545	0.00583	0.00167	0.00739	0.02930	0.00286	0.00625
16	0.00599	0.00428	0.00570	0.00684	0.00713	0.00399	0.00456	0.00684	0.00941	0.01254	0.02709	0.82409	0.03250	0.01540	0.00627	0.00200	0.00285	0.01397	0.00456	0.00399
17	0.01025	0.01062	0.01125	0.01014	0.01190	0.19849	0.10940	0.01258	0.06009	0.01356	0.05932	0.29969	0.06429	0.04931	0.05402	0.00219	0.00574	0.00845	0.00368	0.00501
18	0.22516	0.03998	0.21743	0.01055	0.01484	0.08228	0.01034	0.24044	0.03830	0.02164	0.04775	0.01153	0.00887	0.00535	0.00434	0.00149	0.00559	0.00387	0.00345	0.00682
19	0.00928	0.00873	0.01474	0.81548	0.03385	0.01092	0.01365	0.01256	0.00983	0.01256	0.00873	0.01310	0.00655	0.00491	0.00491	0.00164	0.00655	0.00437	0.00218	0.00546
