[name]
unknown

[dist]
# distance from previous block
# <min> <max>
7	56

[block]
# block no. 0 follows, 44 sequences, length 16
# corresponding to MSA columns:
# 66-81
name=unknown_A
#
# <colnr> <probs for GDERKNQSTAVLIFYWHMCP>
#	G	D	E	R	K	N	Q	S	T	A	V	L	I	F	Y	W	H	M	C	P
0	0.01631	0.01226	0.01301	0.01037	0.01396	0.01310	0.00844	0.52482	0.02155	0.02829	0.02612	0.02526	0.24516	0.00879	0.00576	0.00170	0.00500	0.00695	0.00533	0.00783
1	0.00895	0.00508	0.00762	0.00762	0.00792	0.00538	0.00538	0.00792	0.00762	0.01045	0.01106	0.01807	0.01076	0.02573	0.25799	0.58394	0.00779	0.00508	0.00254	0.00314
2	0.01181	0.01319	0.06119	0.01709	0.01970	0.01436	0.29374	0.01463	0.01027	0.01493	0.00953	0.01394	0.00824	0.01068	0.09230	0.00280	0.37705	0.00547	0.00258	0.00649
3	0.01315	0.01261	0.02151	0.11458	0.69594	0.01286	0.01656	0.01643	0.01225	0.01740	0.01019	0.01360	0.00849	0.00492	0.00540	0.00164	0.00656	0.00486	0.00267	0.00836
4	0.01578	0.01281	0.01357	0.01154	0.01502	0.01459	0.00916	0.25383	0.53608	0.02638	0.01938	0.01810	0.01436	0.00713	0.00552	0.00178	0.00484	0.00578	0.00552	0.00883
5	0.01128	0.01070	0.01814	0.55975	0.26537	0.01237	0.01563	0.01480	0.01137	0.01513	0.00986	0.01421	0.00769	0.00527	0.00543	0.00176	0.00702	0.00485	0.00251	0.00685
6	0.00787	0.01254	0.24509	0.00866	0.01241	0.00711	0.00912	0.01082	0.01224	0.01574	0.06406	0.03943	0.51254	0.01105	0.00605	0.00180	0.00439	0.00914	0.00424	0.00569
7	0.50211	0.00949	0.00865	0.00763	0.01046	0.01052	0.00613	0.09070	0.01287	0.02468	0.24436	0.01915	0.02033	0.00710	0.00453	0.00169	0.00389	0.00529	0.00440	0.00602
8	0.01395	0.01178	0.01436	0.25385	0.02194	0.01377	0.01098	0.16620	0.38737	0.02232	0.01655	0.01713	0.01231	0.00663	0.00550	0.00180	0.00556	0.00551	0.00456	0.00796
9	0.00779	0.00584	0.00876	0.00876	0.00974	0.00681	0.00681	0.00974	0.00876	0.01266	0.01460	0.02142	0.01363	0.04089	0.78680	0.00876	0.01460	0.00584	0.00292	0.00487
10	0.00644	0.00552	0.00552	0.00552	0.00736	0.00460	0.00414	0.00782	0.01243	0.01473	0.05523	0.05247	0.77218	0.01381	0.00644	0.00184	0.00276	0.01151	0.00506	0.00460
11	0.00878	0.00690	0.00818	0.00867	0.00985	0.00725	0.00616	0.01420	0.24360	0.01667	0.02762	0.56228	0.03005	0.01409	0.00652	0.00210	0.00352	0.01261	0.00521	0.00573
12	0.00884	0.00553	0.00670	0.00652	0.00786	0.00493	0.00473	0.00917	0.01110	0.07160	0.08065	0.07694	0.39688	0.01486	0.01099	0.26142	0.00352	0.00906	0.00441	0.00429
13	0.59146	0.01200	0.01059	0.00883	0.01251	0.01368	0.00728	0.24489	0.01433	0.02752	0.00929	0.01016	0.00695	0.00552	0.00402	0.00167	0.00477	0.00356	0.00402	0.00695
14	0.27875	0.00967	0.01122	0.00892	0.01287	0.00932	0.00736	0.02331	0.01365	0.54513	0.01721	0.01556	0.01115	0.00623	0.00483	0.00169	0.00451	0.00470	0.00570	0.00823
15	0.28804	0.00731	0.00779	0.00771	0.00939	0.00814	0.00586	0.02918	0.00985	0.01778	0.01608	0.19776	0.01639	0.05328	0.24754	0.00412	0.00717	0.00712	0.05432	0.00516

[dist]
# distance from previous block
# <min> <max>
1	3

[block]
# block no. 1 follows, 44 sequences, length 28
# corresponding to MSA columns:
# 85-90,92-104,107-115
name=unknown_B
#
# <colnr> <probs for GDERKNQSTAVLIFYWHMCP>
#	G	D	E	R	K	N	Q	S	T	A	V	L	I	F	Y	W	H	M	C	P
0	0.13498	0.00563	0.00658	0.00753	0.00831	0.00562	0.00519	0.00888	0.01026	0.01553	0.02662	0.68328	0.03145	0.01524	0.00641	0.00213	0.00332	0.01358	0.00480	0.00465
1	0.01430	0.00777	0.00988	0.00847	0.01103	0.00740	0.00665	0.01867	0.12990	0.27889	0.40233	0.03008	0.03324	0.00908	0.00597	0.00173	0.00354	0.00781	0.00619	0.00708
2	0.00740	0.00613	0.00758	0.12650	0.01204	0.00590	0.00598	0.00925	0.01240	0.01570	0.18801	0.06410	0.43400	0.07185	0.00791	0.00208	0.00361	0.01000	0.00471	0.00483
3	0.49850	0.01026	0.00988	0.00808	0.01191	0.01062	0.00663	0.04173	0.01160	0.20200	0.01138	0.01166	0.00814	0.00535	0.00404	0.00155	0.00435	0.00366	0.00422	0.13446
4	0.02389	0.01019	0.01322	0.01013	0.01437	0.00937	0.00837	0.13801	0.01714	0.66457	0.02022	0.01772	0.01285	0.00672	0.00548	0.00168	0.00485	0.00539	0.00655	0.00928
5	0.00817	0.00584	0.00685	0.00662	0.00743	0.00540	0.00416	0.00874	0.00898	0.01238	0.01879	0.19640	0.02150	0.51637	0.01968	0.00394	0.00464	0.00883	0.00367	0.13160
6	0.00827	0.00525	0.00581	0.00581	0.00601	0.00525	0.00338	0.00866	0.00846	0.01206	0.01727	0.03333	0.01893	0.68591	0.02409	0.00467	0.00487	0.00749	0.13089	0.00357
7	0.00705	0.00518	0.00611	0.00646	0.00753	0.00461	0.00457	0.00780	0.01122	0.01414	0.08634	0.26915	0.39176	0.01539	0.00887	0.13017	0.00317	0.01155	0.00471	0.00424
8	0.34565	0.01025	0.01064	0.00876	0.01222	0.01078	0.00715	0.14613	0.01482	0.23672	0.12911	0.01717	0.01557	0.00672	0.00479	0.00168	0.00439	0.00505	0.00508	0.00731
9	0.06504	0.16452	0.03138	0.00952	0.01207	0.01125	0.00815	0.03810	0.01086	0.13117	0.01325	0.01667	0.01116	0.02261	0.37745	0.00499	0.05716	0.00490	0.00345	0.00630
10	0.00889	0.00676	0.00976	0.12972	0.01509	0.00707	0.00950	0.01151	0.01229	0.01586	0.02739	0.05383	0.06851	0.01352	0.00715	0.00237	0.00524	0.58576	0.00463	0.00516
11	0.01294	0.14924	0.54693	0.01435	0.02108	0.13223	0.01700	0.01781	0.01204	0.01598	0.00923	0.01083	0.00694	0.00517	0.00488	0.00159	0.00798	0.00378	0.00238	0.00763
12	0.01030	0.00969	0.01635	0.79530	0.03755	0.01211	0.01514	0.01393	0.01090	0.01393	0.00969	0.01453	0.00727	0.00545	0.00545	0.00182	0.00727	0.00484	0.00242	0.00606
13	0.01130	0.00969	0.01130	0.00807	0.01292	0.00727	0.00646	0.01373	0.01130	0.01776	0.00969	0.01130	0.00807	0.00404	0.00404	0.00081	0.00404	0.00323	0.00323	0.84173
14	0.01511	0.02205	0.29580	0.01581	0.09019	0.22429	0.01436	0.10652	0.08538	0.01876	0.02812	0.01293	0.00931	0.00591	0.00563	0.00165	0.03281	0.00443	0.00324	0.00770
15	0.00779	0.00582	0.00863	0.00863	0.00956	0.00674	0.00665	0.00965	0.00872	0.01256	0.01472	0.02207	0.01391	0.07610	0.75198	0.00860	0.01418	0.00594	0.00294	0.00480
16	0.01735	0.34694	0.02177	0.01373	0.09328	0.21149	0.01063	0.19038	0.01571	0.01849	0.00935	0.01052	0.00770	0.00536	0.00450	0.00138	0.00694	0.00373	0.00322	0.00753
17	0.84691	0.01054	0.00801	0.00717	0.01054	0.01223	0.00590	0.01603	0.00928	0.02446	0.00759	0.00886	0.00590	0.00506	0.00337	0.00169	0.00422	0.00295	0.00337	0.00590
18	0.01356	0.01171	0.01233	0.01109	0.01418	0.01356	0.00863	0.02897	0.76455	0.02281	0.02219	0.02034	0.01664	0.00740	0.00555	0.00185	0.00431	0.00616	0.00555	0.00863
19	0.00779	0.00584	0.00876	0.00876	0.00974	0.00681	0.00681	0.00974	0.00876	0.01266	0.01460	0.02142	0.01363	0.04089	0.78680	0.00876	0.01460	0.00584	0.00292	0.00487
20	0.01016	0.00508	0.00508	0.00508	0.00635	0.00508	0.00381	0.01270	0.01143	0.02033	0.01778	0.02033	0.01397	0.00635	0.00381	0.00127	0.00254	0.00508	0.83867	0.00508
21	0.02446	0.00928	0.01265	0.00970	0.01392	0.00801	0.00801	0.02657	0.01560	0.77817	0.02151	0.01856	0.01350	0.00675	0.00548	0.00169	0.00464	0.00548	0.00675	0.00928
22	0.01356	0.01171	0.01233	0.01109	0.01418	0.01356	0.00863	0.02897	0.76455	0.02281	0.02219	0.02034	0.01664	0.00740	0.00555	0.00185	0.00431	0.00616	0.00555	0.00863
23	0.02168	0.01037	0.03533	0.01018	0.01426	0.00936	0.00851	0.02682	0.17905	0.59065	0.02131	0.01874	0.01399	0.00684	0.00549	0.00172	0.00467	0.00559	0.00635	0.00910
24	0.00774	0.00566	0.00772	0.00795	0.00865	0.00614	0.00572	0.00951	0.03319	0.01308	0.03942	0.19913	0.02101	0.19116	0.41149	0.00618	0.00949	0.00854	0.00364	0.00458
25	0.00947	0.00473	0.00710	0.00710	0.00710	0.00473	0.00473	0.00710	0.00710	0.00947	0.00947	0.01657	0.00947	0.01894	0.02131	0.84138	0.00473	0.00473	0.00237	0.00237
26	0.01978	0.01127	0.01295	0.01058	0.01437	0.03615	0.00851	0.09577	0.28600	0.39541	0.02029	0.01825	0.01391	0.00687	0.00545	0.00171	0.00481	0.00556	0.00599	0.02639
27	0.01175	0.01125	0.01935	0.44319	0.35352	0.01253	0.03987	0.01525	0.01161	0.01571	0.00998	0.01409	0.00789	0.00517	0.00546	0.00173	0.00699	0.00490	0.00255	0.00721

[dist]
# distance from previous block
# <min> <max>
0	1

[block]
# block no. 2 follows, 44 sequences, length 107
# corresponding to MSA columns:
# 117-150,172-244
name=unknown_C
#
# <colnr> <probs for GDERKNQSTAVLIFYWHMCP>
#	G	D	E	R	K	N	Q	S	T	A	V	L	I	F	Y	W	H	M	C	P
0	0.01441	0.01141	0.03816	0.01019	0.01330	0.01164	0.00840	0.35860	0.08977	0.02760	0.32381	0.02501	0.02711	0.00846	0.00585	0.00169	0.00451	0.00702	0.00558	0.00748
1	0.84691	0.01054	0.00801	0.00717	0.01054	0.01223	0.00590	0.01603	0.00928	0.02446	0.00759	0.00886	0.00590	0.00506	0.00337	0.00169	0.00422	0.00295	0.00337	0.00590
2	0.00785	0.00542	0.00672	0.00677	0.00704	0.00567	0.00432	0.00841	0.00824	0.01125	0.01691	0.05787	0.01869	0.57325	0.23309	0.00612	0.00774	0.00762	0.00326	0.00377
3	0.01193	0.01217	0.02266	0.36134	0.03035	0.01342	0.31337	0.04087	0.03365	0.01623	0.01047	0.01448	0.00800	0.00558	0.00701	0.00187	0.08157	0.00552	0.00275	0.00675
4	0.00694	0.00553	0.00626	0.00655	0.00795	0.00493	0.00482	0.00876	0.03102	0.01569	0.13608	0.23460	0.44902	0.01418	0.00660	0.00195	0.00298	0.04622	0.00519	0.00475
5	0.01093	0.02820	0.78016	0.01554	0.02360	0.01266	0.02014	0.01727	0.01151	0.01727	0.00978	0.01151	0.00691	0.00518	0.00518	0.00173	0.00806	0.00403	0.00230	0.00806
6	0.01238	0.01290	0.01013	0.00963	0.01090	0.28747	0.00686	0.01341	0.01087	0.01213	0.01333	0.02251	0.01353	0.31174	0.22434	0.00482	0.00944	0.00577	0.00302	0.00481
7	0.00947	0.00473	0.00710	0.00710	0.00710	0.00473	0.00473	0.00710	0.00710	0.00947	0.00947	0.01657	0.00947	0.01894	0.02131	0.84138	0.00473	0.00473	0.00237	0.00237
8	0.36002	0.01195	0.01626	0.02253	0.45680	0.01265	0.01223	0.01644	0.01111	0.02058	0.00915	0.01157	0.00750	0.00494	0.00456	0.00165	0.00554	0.00407	0.00298	0.00750
9	0.01287	0.01471	0.03217	0.02298	0.02849	0.01379	0.75460	0.01746	0.01287	0.01746	0.01103	0.01471	0.00827	0.00460	0.00643	0.00184	0.00919	0.00643	0.00276	0.00735
10	0.01180	0.01262	0.02559	0.34410	0.03226	0.01309	0.44714	0.01599	0.01205	0.01599	0.01047	0.01463	0.00785	0.00495	0.00603	0.00183	0.00839	0.00577	0.00262	0.00681
11	0.01974	0.05416	0.04956	0.01394	0.01705	0.72514	0.01091	0.02138	0.01512	0.01350	0.00846	0.00987	0.00702	0.00556	0.00488	0.00141	0.00961	0.00351	0.00277	0.00642
12	0.01442	0.77721	0.06164	0.00960	0.01442	0.02118	0.00980	0.01637	0.01110	0.01302	0.00768	0.00887	0.00699	0.00469	0.00357	0.00119	0.00593	0.00296	0.00233	0.00704
13	0.00664	0.00474	0.00633	0.00759	0.00791	0.00443	0.00506	0.00759	0.01044	0.01392	0.03005	0.80485	0.03606	0.01708	0.00696	0.00221	0.00316	0.01550	0.00506	0.00443
14	0.04669	0.24239	0.07543	0.00839	0.01114	0.01071	0.00757	0.01234	0.01265	0.01746	0.31157	0.16160	0.04301	0.00960	0.00543	0.00164	0.00414	0.00808	0.00434	0.00582
15	0.01732	0.02160	0.07941	0.01555	0.01917	0.46464	0.16335	0.01977	0.01408	0.04864	0.01045	0.04309	0.00872	0.00606	0.00596	0.00161	0.04607	0.00477	0.00300	0.00671
16	0.00697	0.00554	0.00626	0.00608	0.00769	0.00483	0.00456	0.00885	0.01368	0.01769	0.35305	0.04758	0.47251	0.01270	0.00644	0.00179	0.00268	0.01082	0.00545	0.00483
17	0.01161	0.00968	0.01134	0.00811	0.01294	0.00728	0.00650	0.01402	0.01140	0.03522	0.00996	0.01147	0.00820	0.00410	0.00407	0.00083	0.00405	0.00328	0.00331	0.82263
18	0.01296	0.01221	0.01911	0.02453	0.45890	0.01231	0.06774	0.01878	0.17511	0.01872	0.01493	0.01669	0.04566	0.00574	0.00545	0.00163	0.00584	0.00543	0.00347	0.07478
19	0.84691	0.01054	0.00801	0.00717	0.01054	0.01223	0.00590	0.01603	0.00928	0.02446	0.00759	0.00886	0.00590	0.00506	0.00337	0.00169	0.00422	0.00295	0.00337	0.00590
20	0.01613	0.00743	0.00998	0.00829	0.01104	0.00659	0.00659	0.01847	0.01552	0.40184	0.39470	0.02959	0.03238	0.00894	0.00595	0.00170	0.00361	0.00766	0.00638	0.00722
21	0.15557	0.00795	0.00964	0.00809	0.01095	0.00753	0.00647	0.01803	0.01447	0.33718	0.33102	0.02614	0.02800	0.00829	0.00552	0.00170	0.00371	0.00688	0.00587	0.00699
22	0.01030	0.00969	0.01635	0.79530	0.03755	0.01211	0.01514	0.01393	0.01090	0.01393	0.00969	0.01453	0.00727	0.00545	0.00545	0.00182	0.00727	0.00484	0.00242	0.00606
23	0.01405	0.00709	0.00865	0.00738	0.01016	0.00607	0.00584	0.01585	0.01403	0.33282	0.10789	0.03727	0.38963	0.01062	0.00604	0.00177	0.00352	0.00885	0.00585	0.00660
24	0.01016	0.00508	0.00508	0.00508	0.00635	0.00508	0.00381	0.01270	0.01143	0.02033	0.01778	0.02033	0.01397	0.00635	0.00381	0.00127	0.00254	0.00508	0.83867	0.00508
25	0.00784	0.00563	0.00772	0.00772	0.00833	0.00625	0.00551	0.00906	0.00845	0.01188	0.01556	0.02671	0.01593	0.32576	0.50507	0.00747	0.01114	0.00662	0.00306	0.00429
26	0.01294	0.01221	0.02052	0.23823	0.52566	0.01292	0.03161	0.04899	0.01260	0.01749	0.01024	0.01378	0.00829	0.00509	0.00544	0.00168	0.00673	0.00489	0.00275	0.00794
27	0.01458	0.71881	0.02714	0.00990	0.01412	0.04952	0.00958	0.01627	0.01102	0.01287	0.00758	0.00904	0.00701	0.00509	0.00470	0.00127	0.06917	0.00309	0.00235	0.00689
28	0.02072	0.01527	0.01636	0.01254	0.01691	0.01691	0.01036	0.75622	0.02563	0.03436	0.01309	0.01309	0.00927	0.00654	0.00545	0.00164	0.00600	0.00491	0.00545	0.00927
29	0.00711	0.00545	0.00651	0.00645	0.00782	0.00485	0.00476	0.00903	0.01369	0.01821	0.41199	0.14013	0.31852	0.01288	0.00650	0.00182	0.00272	0.01118	0.00553	0.00485
30	0.00749	0.00549	0.00788	0.00840	0.00915	0.00593	0.00630	0.00910	0.00961	0.01332	0.02099	0.28824	0.02273	0.04945	0.44418	0.00598	0.00977	0.06749	0.00382	0.00469
31	0.01158	0.02416	0.59195	0.01445	0.02129	0.01288	0.01732	0.02013	0.19609	0.01862	0.01282	0.01367	0.00929	0.00572	0.00527	0.00176	0.00714	0.00455	0.00310	0.00820
32	0.02042	0.02441	0.01558	0.01382	0.01686	0.67320	0.01051	0.12991	0.01695	0.01644	0.00911	0.01031	0.00735	0.00575	0.00499	0.00144	0.00927	0.00372	0.00320	0.00675
33	0.84691	0.01054	0.00801	0.00717	0.01054	0.01223	0.00590	0.01603	0.00928	0.02446	0.00759	0.00886	0.00590	0.00506	0.00337	0.00169	0.00422	0.00295	0.00337	0.00590
34	0.00947	0.00473	0.00710	0.00710	0.00710	0.00473	0.00473	0.00710	0.00710	0.00947	0.00947	0.01657	0.00947	0.01894	0.02131	0.84138	0.00473	0.00473	0.00237	0.00237
35	0.02291	0.01177	0.01419	0.01088	0.01516	0.01171	0.00899	0.32995	0.01977	0.46890	0.01801	0.01628	0.01174	0.00666	0.00547	0.00167	0.00520	0.00524	0.00621	0.00928
36	0.01287	0.01471	0.03217	0.02298	0.02849	0.01379	0.75460	0.01746	0.01287	0.01746	0.01103	0.01471	0.00827	0.00460	0.00643	0.00184	0.00919	0.00643	0.00276	0.00735
37	0.00653	0.00520	0.00586	0.00638	0.00759	0.00453	0.00452	0.00773	0.01160	0.01439	0.04476	0.36530	0.46611	0.01517	0.00666	0.00200	0.00293	0.01317	0.00506	0.00453
38	0.01093	0.02820	0.78016	0.01554	0.02360	0.01266	0.02014	0.01727	0.01151	0.01727	0.00978	0.01151	0.00691	0.00518	0.00518	0.00173	0.00806	0.00403	0.00230	0.00806
39	0.00717	0.00522	0.00674	0.00705	0.00798	0.00480	0.00503	0.00896	0.01311	0.01797	0.40454	0.35940	0.10409	0.01383	0.00665	0.00193	0.00283	0.01234	0.00553	0.00480
40	0.01093	0.02820	0.78016	0.01554	0.02360	0.01266	0.02014	0.01727	0.01151	0.01727	0.00978	0.01151	0.00691	0.00518	0.00518	0.00173	0.00806	0.00403	0.00230	0.00806
41	0.01654	0.01319	0.01400	0.01170	0.01531	0.01495	0.00935	0.33135	0.45732	0.02761	0.01841	0.01733	0.01358	0.00704	0.00551	0.00176	0.00502	0.00564	0.00551	0.00890
42	0.01287	0.01471	0.03217	0.02298	0.02849	0.01379	0.75460	0.01746	0.01287	0.01746	0.01103	0.01471	0.00827	0.00460	0.00643	0.00184	0.00919	0.00643	0.00276	0.00735
43	0.01362	0.01139	0.01657	0.46988	0.02909	0.01298	0.04599	0.21269	0.01507	0.03840	0.01094	0.01400	0.00806	0.00562	0.00538	0.00169	0.00669	0.00482	0.00342	0.07368
44	0.01665	0.01590	0.10960	0.01228	0.01652	0.05220	0.01081	0.36453	0.26558	0.02675	0.01687	0.01645	0.03714	0.00686	0.00546	0.00171	0.00578	0.00537	0.00495	0.00861
45	0.00781	0.00577	0.00841	0.00841	0.00926	0.00662	0.00637	0.00951	0.00866	0.01239	0.01493	0.02322	0.01441	0.13802	0.69074	0.00832	0.01342	0.00611	0.00297	0.00467
46	0.01261	0.03455	0.04972	0.00947	0.01405	0.01004	0.00798	0.07666	0.17165	0.01999	0.01255	0.01329	0.00989	0.00502	0.00451	0.00115	0.00450	0.00401	0.00383	0.53451
47	0.01458	0.81168	0.02857	0.00933	0.01399	0.02157	0.00933	0.01632	0.01108	0.01283	0.00758	0.00875	0.00700	0.00466	0.00350	0.00117	0.00583	0.00292	0.00233	0.00700
48	0.01229	0.00809	0.01023	0.00992	0.04431	0.00869	0.00692	0.10771	0.17992	0.03135	0.01306	0.01688	0.01110	0.01391	0.01473	0.49227	0.00488	0.00510	0.00357	0.00507
49	0.00759	0.00559	0.00712	0.00680	0.00815	0.00512	0.00514	0.01002	0.01496	0.02079	0.65728	0.04289	0.14039	0.01161	0.00647	0.00176	0.00268	0.03473	0.00585	0.00507
50	0.01287	0.01471	0.03217	0.02298	0.02849	0.01379	0.75460	0.01746	0.01287	0.01746	0.01103	0.01471	0.00827	0.00460	0.00643	0.00184	0.00919	0.00643	0.00276	0.00735
51	0.02446	0.00928	0.01265	0.00970	0.01392	0.00801	0.00801	0.02657	0.01560	0.77817	0.02151	0.01856	0.01350	0.00675	0.00548	0.00169	0.00464	0.00548	0.00675	0.00928
52	0.00810	0.00611	0.00861	0.00845	0.00912	0.00710	0.00630	0.00952	0.00853	0.01218	0.01473	0.02424	0.01470	0.22432	0.55239	0.00750	0.06428	0.00627	0.00298	0.00456
53	0.14830	0.00975	0.01213	0.00945	0.01355	0.00907	0.00781	0.05922	0.01512	0.62961	0.01901	0.01684	0.01215	0.00648	0.00516	0.00168	0.00464	0.00507	0.00618	0.00877
54	0.02446	0.00928	0.01265	0.00970	0.01392	0.00801	0.00801	0.02657	0.01560	0.77817	0.02151	0.01856	0.01350	0.00675	0.00548	0.00169	0.00464	0.00548	0.00675	0.00928
55	0.84691	0.01054	0.00801	0.00717	0.01054	0.01223	0.00590	0.01603	0.00928	0.02446	0.00759	0.00886	0.00590	0.00506	0.00337	0.00169	0.00422	0.00295	0.00337	0.00590
56	0.00795	0.00626	0.00795	0.00912	0.04653	0.00584	0.00706	0.00998	0.01249	0.01567	0.03995	0.05506	0.36723	0.01400	0.00693	0.00216	0.00406	0.37184	0.00493	0.00501
57	0.00725	0.00525	0.00698	0.00814	0.00885	0.00498	0.00607	0.00869	0.01122	0.01468	0.03177	0.52657	0.09500	0.01622	0.00708	0.00227	0.00367	0.22565	0.00505	0.00461
58	0.01093	0.02820	0.78016	0.01554	0.02360	0.01266	0.02014	0.01727	0.01151	0.01727	0.00978	0.01151	0.00691	0.00518	0.00518	0.00173	0.00806	0.00403	0.00230	0.00806
59	0.84691	0.01054	0.00801	0.00717	0.01054	0.01223	0.00590	0.01603	0.00928	0.02446	0.00759	0.00886	0.00590	0.00506	0.00337	0.00169	0.00422	0.00295	0.00337	0.00590
60	0.02180	0.01289	0.01480	0.01142	0.01567	0.01345	0.00941	0.45294	0.05441	0.31039	0.01662	0.01544	0.01117	0.00666	0.00547	0.00166	0.00542	0.00518	0.00594	0.00925
61	0.00664	0.00474	0.00633	0.00759	0.00791	0.00443	0.00506	0.00759	0.01044	0.01392	0.03005	0.80485	0.03606	0.01708	0.00696	0.00221	0.00316	0.01550	0.00506	0.00443
62	0.01388	0.01187	0.01251	0.01116	0.01430	0.01371	0.00871	0.06142	0.73157	0.02332	0.02178	0.02002	0.01631	0.00736	0.00554	0.00184	0.00439	0.00611	0.00554	0.00866
63	0.00947	0.00473	0.00710	0.00710	0.00710	0.00473	0.00473	0.00710	0.00710	0.00947	0.00947	0.01657	0.00947	0.01894	0.02131	0.84138	0.00473	0.00473	0.00237	0.00237
64	0.01368	0.01433	0.01728	0.12533	0.19481	0.16202	0.01294	0.03227	0.01141	0.01482	0.00896	0.01273	0.00785	0.00859	0.04782	0.00223	0.29897	0.00462	0.00264	0.00669
65	0.01975	0.02506	0.01682	0.01478	0.01781	0.72321	0.07149	0.02142	0.01524	0.01368	0.00864	0.01023	0.00712	0.00553	0.00504	0.00144	0.00978	0.00375	0.00280	0.00640
66	0.00648	0.00552	0.00558	0.00556	0.00739	0.00462	0.00417	0.00790	0.01252	0.01495	0.07784	0.05210	0.74943	0.01372	0.00644	0.00184	0.00276	0.01145	0.00509	0.00462
67	0.00796	0.00610	0.00909	0.00899	0.00993	0.00723	0.00703	0.00988	0.00874	0.01268	0.01429	0.02102	0.01336	0.03957	0.75453	0.00849	0.04750	0.00580	0.00290	0.00491
68	0.01483	0.01684	0.01244	0.01209	0.01398	0.42026	0.00942	0.01649	0.01360	0.01427	0.01700	0.12386	0.01774	0.01001	0.00663	0.00188	0.05023	0.21904	0.00371	0.00569
69	0.01248	0.01355	0.02574	0.01938	0.02260	0.01500	0.44580	0.01566	0.01099	0.01566	0.00942	0.01355	0.00781	0.00665	0.01120	0.00207	0.33735	0.00574	0.00260	0.00678
70	0.00947	0.00473	0.00710	0.00710	0.00710	0.00473	0.00473	0.00710	0.00710	0.00947	0.00947	0.01657	0.00947	0.01894	0.02131	0.84138	0.00473	0.00473	0.00237	0.00237
71	0.01700	0.01185	0.01398	0.01278	0.08471	0.01258	0.00924	0.40118	0.04929	0.10926	0.05714	0.09936	0.01586	0.07129	0.00743	0.00200	0.00529	0.00662	0.00516	0.00799
72	0.02037	0.02598	0.01545	0.01404	0.01685	0.78652	0.01053	0.02177	0.01545	0.01334	0.00843	0.00983	0.00702	0.00562	0.00492	0.00140	0.00983	0.00351	0.00281	0.00632
73	0.01356	0.01171	0.01233	0.01109	0.01418	0.01356	0.00863	0.02897	0.76455	0.02281	0.02219	0.02034	0.01664	0.00740	0.00555	0.00185	0.00431	0.00616	0.00555	0.00863
74	0.00650	0.00553	0.00560	0.00558	0.00740	0.00463	0.00419	0.00793	0.01256	0.01505	0.08719	0.05194	0.74002	0.01369	0.00644	0.00184	0.00275	0.01143	0.00510	0.00463
75	0.01629	0.24917	0.15273	0.01276	0.01760	0.01708	0.05404	0.29808	0.01673	0.04410	0.01062	0.01172	0.00812	0.00586	0.00576	0.00158	0.06174	0.00427	0.00367	0.00806
76	0.02104	0.01298	0.01472	0.01148	0.01565	0.01374	0.00942	0.44223	0.11039	0.26489	0.01680	0.01566	0.01146	0.00671	0.00547	0.00168	0.00537	0.00524	0.00587	0.00920
77	0.01572	0.01405	0.10870	0.01126	0.01518	0.01295	0.01006	0.44694	0.02090	0.02859	0.23371	0.02095	0.02127	0.00772	0.00570	0.00167	0.00526	0.00624	0.00522	0.00792
78	0.01016	0.00508	0.00508	0.00508	0.00635	0.00508	0.00381	0.01270	0.01143	0.02033	0.01778	0.02033	0.01397	0.00635	0.00381	0.00127	0.00254	0.00508	0.83867	0.00508
79	0.01613	0.09151	0.32977	0.01371	0.01938	0.12994	0.01430	0.28033	0.01707	0.02237	0.01056	0.01158	0.00777	0.00568	0.00509	0.00160	0.00740	0.00417	0.00350	0.00814
80	0.01108	0.01049	0.01776	0.60902	0.21772	0.01232	0.01553	0.01461	0.01127	0.01488	0.00983	0.01428	0.00760	0.00531	0.00544	0.00177	0.00707	0.00485	0.00249	0.00669
81	0.01458	0.81168	0.02857	0.00933	0.01399	0.02157	0.00933	0.01632	0.01108	0.01283	0.00758	0.00875	0.00700	0.00466	0.00350	0.00117	0.00583	0.00292	0.00233	0.00700
82	0.01130	0.14584	0.57878	0.01367	0.02062	0.01328	0.01687	0.01650	0.01169	0.01691	0.05892	0.01297	0.00987	0.00543	0.00495	0.00160	0.00717	0.00420	0.00259	0.04683
83	0.03171	0.05957	0.26537	0.01455	0.02017	0.03386	0.10589	0.33854	0.03656	0.02467	0.01150	0.01258	0.00833	0.00574	0.00534	0.00167	0.00707	0.00467	0.00384	0.00837
84	0.01965	0.01396	0.01518	0.01197	0.01606	0.01535	0.00978	0.53659	0.17417	0.10589	0.01577	0.01510	0.01118	0.00674	0.00548	0.00168	0.00552	0.00522	0.00560	0.00914
85	0.01196	0.02059	0.37166	0.04253	0.07681	0.01317	0.34910	0.01722	0.01216	0.01729	0.01037	0.01316	0.00765	0.00490	0.00576	0.00177	0.00844	0.00519	0.00254	0.00772
86	0.01379	0.02188	0.33598	0.02216	0.31187	0.16637	0.01692	0.01795	0.01264	0.01670	0.00970	0.01194	0.00760	0.00514	0.00521	0.00162	0.00780	0.00425	0.00256	0.00794
87	0.00793	0.00529	0.00595	0.00595	0.00595	0.00529	0.00330	0.00793	0.00793	0.01057	0.01718	0.03568	0.01982	0.80840	0.02775	0.00529	0.00529	0.00793	0.00330	0.00330
88	0.01016	0.00508	0.00508	0.00508	0.00635	0.00508	0.00381	0.01270	0.01143	0.02033	0.01778	0.02033	0.01397	0.00635	0.00381	0.00127	0.00254	0.00508	0.83867	0.00508
89	0.18493	0.21386	0.19627	0.01180	0.03413	0.01548	0.01153	0.04625	0.12474	0.01874	0.01053	0.01176	0.00835	0.00584	0.00572	0.00166	0.08399	0.00398	0.00316	0.00729
90	0.00947	0.00473	0.00710	0.00710	0.00710	0.00473	0.00473	0.00710	0.00710	0.00947	0.00947	0.01657	0.00947	0.01894	0.02131	0.84138	0.00473	0.00473	0.00237	0.00237
91	0.00664	0.00474	0.00633	0.00759	0.00791	0.00443	0.00506	0.00759	0.01044	0.01392	0.03005	0.80485	0.03606	0.01708	0.00696	0.00221	0.00316	0.01550	0.00506	0.00443
92	0.01030	0.00969	0.01635	0.79530	0.03755	0.01211	0.01514	0.01393	0.01090	0.01393	0.00969	0.01453	0.00727	0.00545	0.00545	0.00182	0.00727	0.00484	0.00242	0.00606
93	0.25610	0.18372	0.20639	0.07541	0.08658	0.05717	0.01220	0.01693	0.02989	0.01814	0.00895	0.01071	0.00707	0.00511	0.00434	0.00158	0.00627	0.00365	0.00278	0.00702
94	0.00668	0.00487	0.00621	0.00726	0.00775	0.00449	0.00487	0.00764	0.01057	0.01386	0.03258	0.67566	0.12684	0.05333	0.00786	0.00231	0.00321	0.01465	0.00498	0.00440
95	0.00665	0.00507	0.00603	0.00674	0.00762	0.00455	0.00464	0.00775	0.01116	0.01422	0.05392	0.47561	0.30760	0.05240	0.00772	0.00221	0.00310	0.01356	0.00500	0.00446
96	0.01405	0.04776	0.03284	0.01235	0.05143	0.03252	0.00953	0.08452	0.56429	0.02238	0.01991	0.02035	0.01545	0.00734	0.00551	0.00181	0.00488	0.03962	0.00509	0.00837
97	0.03500	0.04679	0.13085	0.05436	0.01742	0.01386	0.02897	0.10651	0.43752	0.04403	0.01736	0.01693	0.01288	0.00660	0.00536	0.00177	0.00542	0.00540	0.00466	0.00833
98	0.02037	0.02598	0.01545	0.01404	0.01685	0.78652	0.01053	0.02177	0.01545	0.01334	0.00843	0.00983	0.00702	0.00562	0.00492	0.00140	0.00983	0.00351	0.00281	0.00632
99	0.00792	0.00586	0.00803	0.00777	0.00871	0.00625	0.00581	0.00983	0.01141	0.01621	0.32942	0.03108	0.02998	0.13257	0.33233	0.00514	0.03489	0.00776	0.00424	0.00481
100	0.01255	0.27899	0.28531	0.01230	0.01716	0.05824	0.02970	0.01595	0.01164	0.02843	0.03601	0.03536	0.03019	0.00677	0.00593	0.00165	0.06904	0.05495	0.00287	0.00698
101	0.01299	0.03090	0.01592	0.20623	0.09595	0.01350	0.04225	0.07149	0.32520	0.01932	0.01499	0.01650	0.01154	0.00697	0.00690	0.03027	0.06215	0.00541	0.00397	0.00755
102	0.00705	0.00523	0.00659	0.00692	0.00791	0.00476	0.00493	0.00875	0.01286	0.01736	0.34275	0.35545	0.17129	0.01404	0.00665	0.00194	0.00285	0.01246	0.00545	0.00476
103	0.01348	0.01295	0.02204	0.03245	0.73054	0.01299	0.03436	0.01716	0.03791	0.01797	0.01068	0.01375	0.00890	0.00494	0.00543	0.00163	0.00647	0.00494	0.00280	0.00860
104	0.01332	0.01615	0.20416	0.13947	0.37579	0.02724	0.03143	0.01762	0.03392	0.07249	0.01120	0.01369	0.00856	0.00524	0.00537	0.00169	0.00690	0.00474	0.00294	0.00809
105	0.01154	0.01104	0.01859	0.01612	0.05511	0.03498	0.27820	0.01665	0.12063	0.01764	0.01993	0.03476	0.01906	0.00939	0.00666	0.00209	0.00665	0.31028	0.00410	0.00660
106	0.02232	0.00976	0.01259	0.00997	0.01397	0.00910	0.00813	0.02704	0.16289	0.62962	0.02164	0.01891	0.01411	0.00688	0.00550	0.00172	0.00458	0.00562	0.00651	0.00915

[dist]
# distance from previous block
# <min> <max>
0	1

[block]
# block no. 3 follows, 44 sequences, length 35
# corresponding to MSA columns:
# 246-280
name=unknown_D
#
# <colnr> <probs for GDERKNQSTAVLIFYWHMCP>
#	G	D	E	R	K	N	Q	S	T	A	V	L	I	F	Y	W	H	M	C	P
0	0.01095	0.05009	0.07856	0.05197	0.01465	0.00844	0.07107	0.01398	0.03284	0.09836	0.08842	0.15736	0.06419	0.01111	0.00641	0.00202	0.00511	0.22376	0.00462	0.00608
1	0.01245	0.01183	0.02010	0.24539	0.54467	0.01251	0.01604	0.01578	0.01200	0.01668	0.01068	0.01530	0.00897	0.00534	0.00548	0.00170	0.00665	0.02794	0.00269	0.00780
2	0.32989	0.01067	0.01312	0.05148	0.01542	0.01092	0.07512	0.07024	0.01342	0.33749	0.01417	0.01400	0.00957	0.00584	0.00478	0.00170	0.00512	0.00455	0.00481	0.00767
3	0.01234	0.08896	0.34842	0.02193	0.33335	0.01320	0.01686	0.01672	0.01183	0.01714	0.00978	0.01208	0.00771	0.00492	0.00505	0.00157	0.00694	0.00422	0.00253	0.06446
4	0.01351	0.01467	0.01536	0.01348	0.01427	0.20417	0.01086	0.01484	0.01066	0.01381	0.06144	0.04225	0.01125	0.00897	0.01352	0.00209	0.52085	0.00521	0.00284	0.00594
5	0.01433	0.75828	0.07980	0.00975	0.01465	0.02096	0.01007	0.01639	0.01111	0.01313	0.00773	0.00893	0.00699	0.00470	0.00361	0.00120	0.00598	0.00299	0.00233	0.00707
6	0.01080	0.01030	0.01445	0.01276	0.01294	0.01400	0.01043	0.01207	0.00855	0.01304	0.01015	0.06754	0.01046	0.03451	0.14169	0.00348	0.59880	0.00574	0.00267	0.00562
7	0.00779	0.00584	0.00876	0.00876	0.00974	0.00681	0.00681	0.00974	0.00876	0.01266	0.01460	0.02142	0.01363	0.04089	0.78680	0.00876	0.01460	0.00584	0.00292	0.00487
8	0.00947	0.00473	0.00710	0.00710	0.00710	0.00473	0.00473	0.00710	0.00710	0.00947	0.00947	0.01657	0.00947	0.01894	0.02131	0.84138	0.00473	0.00473	0.00237	0.00237
9	0.01071	0.01013	0.01436	0.01267	0.01296	0.01378	0.01042	0.01212	0.00847	0.01298	0.00936	0.01473	0.00907	0.01880	0.24492	0.00427	0.56699	0.00509	0.00254	0.00564
10	0.01287	0.01471	0.03217	0.02298	0.02849	0.01379	0.75460	0.01746	0.01287	0.01746	0.01103	0.01471	0.00827	0.00460	0.00643	0.00184	0.00919	0.00643	0.00276	0.00735
11	0.00674	0.00525	0.00612	0.00649	0.00769	0.00463	0.00464	0.00817	0.01224	0.01568	0.17116	0.31883	0.38388	0.01451	0.00662	0.00195	0.00287	0.01264	0.00523	0.00463
12	0.10917	0.01283	0.01447	0.01205	0.01432	0.09184	0.00988	0.09635	0.01298	0.22628	0.01189	0.01332	0.00896	0.00757	0.01026	0.00194	0.32993	0.00465	0.00406	0.00725
13	0.00679	0.00485	0.00649	0.00776	0.00814	0.00455	0.00531	0.00784	0.01058	0.01408	0.02997	0.75469	0.03574	0.01694	0.00700	0.00223	0.00329	0.06423	0.00506	0.00447
14	0.00772	0.00539	0.00626	0.00624	0.00664	0.00535	0.00387	0.00822	0.00896	0.01189	0.05977	0.03655	0.11579	0.58689	0.10401	0.00504	0.00581	0.00826	0.00362	0.00373
15	0.00736	0.00543	0.00692	0.00710	0.00792	0.00546	0.00501	0.00862	0.01017	0.01364	0.09726	0.17090	0.16361	0.21188	0.24892	0.00482	0.00702	0.00948	0.00408	0.00439
16	0.01437	0.29336	0.07022	0.07635	0.01657	0.17741	0.01016	0.01915	0.16501	0.01522	0.01216	0.02990	0.01044	0.06056	0.00621	0.00175	0.00654	0.00453	0.00321	0.00688
17	0.01287	0.01471	0.03217	0.02298	0.02849	0.01379	0.75460	0.01746	0.01287	0.01746	0.01103	0.01471	0.00827	0.00460	0.00643	0.00184	0.00919	0.00643	0.00276	0.00735
18	0.00664	0.00474	0.00633	0.00759	0.00791	0.00443	0.00506	0.00759	0.01044	0.01392	0.03005	0.80485	0.03606	0.01708	0.00696	0.00221	0.00316	0.01550	0.00506	0.00443
19	0.01233	0.28491	0.46144	0.01449	0.04128	0.01568	0.06605	0.01695	0.01148	0.01583	0.00915	0.01087	0.00708	0.00496	0.00472	0.00155	0.00736	0.00385	0.00235	0.00768
20	0.84691	0.01054	0.00801	0.00717	0.01054	0.01223	0.00590	0.01603	0.00928	0.02446	0.00759	0.00886	0.00590	0.00506	0.00337	0.00169	0.00422	0.00295	0.00337	0.00590
21	0.00696	0.00497	0.00669	0.00796	0.00841	0.00470	0.00562	0.00814	0.01075	0.01428	0.02987	0.69376	0.03536	0.01678	0.00704	0.00226	0.00344	0.12342	0.00505	0.00452
22	0.01283	0.02433	0.61555	0.01499	0.02221	0.01192	0.05683	0.01839	0.01217	0.12149	0.01195	0.01395	0.00852	0.00562	0.00535	0.00175	0.00757	0.02347	0.00301	0.00811
23	0.01183	0.11960	0.01294	0.00990	0.03138	0.01221	0.00762	0.02106	0.43315	0.01876	0.02625	0.02626	0.16932	0.06742	0.00708	0.00200	0.00433	0.00690	0.00477	0.00719
24	0.84691	0.01054	0.00801	0.00717	0.01054	0.01223	0.00590	0.01603	0.00928	0.02446	0.00759	0.00886	0.00590	0.00506	0.00337	0.00169	0.00422	0.00295	0.00337	0.00590
25	0.00784	0.00565	0.00778	0.00778	0.00842	0.00628	0.00559	0.00911	0.00847	0.01193	0.01550	0.02638	0.01578	0.30789	0.52274	0.00755	0.01136	0.00657	0.00305	0.00432
26	0.00939	0.00850	0.01307	0.35602	0.13884	0.00925	0.01104	0.01221	0.01217	0.01583	0.12648	0.02824	0.22073	0.00840	0.00585	0.00178	0.00528	0.00734	0.00367	0.00593
27	0.01167	0.01139	0.02022	0.44736	0.28079	0.01260	0.10690	0.01529	0.01165	0.01565	0.01004	0.01421	0.00785	0.00515	0.00555	0.00175	0.00724	0.00505	0.00256	0.00707
28	0.84691	0.01054	0.00801	0.00717	0.01054	0.01223	0.00590	0.01603	0.00928	0.02446	0.00759	0.00886	0.00590	0.00506	0.00337	0.00169	0.00422	0.00295	0.00337	0.00590
29	0.01864	0.00799	0.01079	0.00871	0.01191	0.00701	0.00701	0.02091	0.01554	0.51507	0.28242	0.02627	0.02670	0.00828	0.00581	0.00170	0.00392	0.00701	0.00649	0.00784
30	0.01421	0.01218	0.01647	0.07702	0.29279	0.01311	0.01205	0.18182	0.20053	0.02208	0.01711	0.04687	0.05564	0.00687	0.00557	0.00173	0.00556	0.00597	0.00421	0.00819
31	0.01030	0.00969	0.01635	0.79530	0.03755	0.01211	0.01514	0.01393	0.01090	0.01393	0.00969	0.01453	0.00727	0.00545	0.00545	0.00182	0.00727	0.00484	0.00242	0.00606
32	0.02316	0.01136	0.01394	0.01069	0.01496	0.01111	0.00883	0.28040	0.01909	0.51942	0.01858	0.01665	0.01203	0.00668	0.00547	0.00167	0.00511	0.00528	0.00630	0.00928
33	0.01030	0.00969	0.01635	0.79530	0.03755	0.01211	0.01514	0.01393	0.01090	0.01393	0.00969	0.01453	0.00727	0.00545	0.00545	0.00182	0.00727	0.00484	0.00242	0.00606
34	0.01645	0.01222	0.01415	0.01179	0.01509	0.01323	0.03183	0.49685	0.02086	0.02785	0.01817	0.11145	0.01679	0.00942	0.00608	0.00189	0.00558	0.15727	0.00524	0.00780

[dist]
# distance from previous block
# <min> <max>
0	2

[block]
# block no. 4 follows, 44 sequences, length 36
# corresponding to MSA columns:
# 284-319
name=unknown_E
#
# <colnr> <probs for GDERKNQSTAVLIFYWHMCP>
#	G	D	E	R	K	N	Q	S	T	A	V	L	I	F	Y	W	H	M	C	P
0	0.01221	0.30239	0.51713	0.01337	0.02024	0.01578	0.01636	0.01694	0.01136	0.01571	0.00901	0.01054	0.00694	0.00500	0.00459	0.00153	0.00728	0.00364	0.00231	0.00769
1	0.02801	0.01914	0.45744	0.01256	0.01776	0.01048	0.01448	0.01420	0.01070	0.01581	0.01517	0.01794	0.08008	0.01569	0.21479	0.00364	0.03740	0.00521	0.00275	0.00676
2	0.01142	0.13371	0.67895	0.01470	0.02230	0.01386	0.01869	0.01714	0.01145	0.01667	0.00949	0.01114	0.00692	0.00511	0.00495	0.00165	0.00776	0.00388	0.00231	0.00791
3	0.00644	0.00552	0.00552	0.00552	0.00736	0.00460	0.00414	0.00782	0.01243	0.01473	0.05523	0.05247	0.77218	0.01381	0.00644	0.00184	0.00276	0.01151	0.00506	0.00460
4	0.01141	0.01039	0.03395	0.00964	0.05365	0.00772	0.00740	0.01399	0.01137	0.01775	0.00972	0.01143	0.00807	0.00411	0.00414	0.00088	0.00428	0.00334	0.00318	0.77357
5	0.00943	0.00746	0.01025	0.01287	0.16707	0.00757	0.00747	0.01197	0.08040	0.01445	0.01998	0.19060	0.02165	0.32802	0.01482	0.00331	0.00498	0.07849	0.00391	0.00530
6	0.01730	0.01664	0.13290	0.01486	0.02003	0.01491	0.16598	0.43659	0.01991	0.04887	0.01225	0.01326	0.00878	0.00582	0.00555	0.00165	0.00683	0.00503	0.00436	0.04849
7	0.01458	0.81168	0.02857	0.00933	0.01399	0.02157	0.00933	0.01632	0.01108	0.01283	0.00758	0.00875	0.00700	0.00466	0.00350	0.00117	0.00583	0.00292	0.00233	0.00700
8	0.00787	0.00529	0.00593	0.00593	0.00600	0.00526	0.00333	0.00792	0.00809	0.01072	0.01858	0.03629	0.04752	0.77915	0.02696	0.00516	0.00519	0.00806	0.00337	0.00335
9	0.00664	0.00474	0.00633	0.00759	0.00791	0.00443	0.00506	0.00759	0.01044	0.01392	0.03005	0.80485	0.03606	0.01708	0.00696	0.00221	0.00316	0.01550	0.00506	0.00443
10	0.00676	0.00483	0.00646	0.00772	0.00809	0.00453	0.00526	0.00779	0.01055	0.01404	0.02999	0.76539	0.03581	0.01697	0.00699	0.00223	0.00326	0.05384	0.00506	0.00446
11	0.00855	0.00610	0.00851	0.00977	0.01092	0.00607	0.00837	0.01088	0.01231	0.01605	0.02900	0.14462	0.03190	0.01529	0.00747	0.00248	0.00481	0.65694	0.00502	0.00495
12	0.02037	0.02598	0.01545	0.01404	0.01685	0.78652	0.01053	0.02177	0.01545	0.01334	0.00843	0.00983	0.00702	0.00562	0.00492	0.00140	0.00983	0.00351	0.00281	0.00632
13	0.02392	0.01014	0.01318	0.01011	0.01435	0.00929	0.00835	0.13124	0.01704	0.67147	0.02030	0.01777	0.01289	0.00672	0.00548	0.00168	0.00483	0.00540	0.00656	0.00928
14	0.02446	0.00928	0.01265	0.00970	0.01392	0.00801	0.00801	0.02657	0.01560	0.77817	0.02151	0.01856	0.01350	0.00675	0.00548	0.00169	0.00464	0.00548	0.00675	0.00928
15	0.01782	0.00781	0.01053	0.00857	0.01163	0.00688	0.00688	0.02011	0.01554	0.47836	0.31882	0.02734	0.02854	0.00849	0.00586	0.00170	0.00382	0.00722	0.00645	0.00764
16	0.01458	0.81168	0.02857	0.00933	0.01399	0.02157	0.00933	0.01632	0.01108	0.01283	0.00758	0.00875	0.00700	0.00466	0.00350	0.00117	0.00583	0.00292	0.00233	0.00700
17	0.00649	0.00550	0.00560	0.00562	0.00740	0.00462	0.00420	0.00790	0.01248	0.01495	0.07898	0.07177	0.72834	0.01380	0.00646	0.00185	0.00277	0.01155	0.00509	0.00462
18	0.01185	0.01272	0.02590	0.32914	0.03208	0.01312	0.46146	0.01606	0.01209	0.01606	0.01050	0.01464	0.00787	0.00493	0.00604	0.00183	0.00843	0.00580	0.00262	0.00684
19	0.01458	0.81168	0.02857	0.00933	0.01399	0.02157	0.00933	0.01632	0.01108	0.01283	0.00758	0.00875	0.00700	0.00466	0.00350	0.00117	0.00583	0.00292	0.00233	0.00700
20	0.00664	0.00474	0.00633	0.00759	0.00791	0.00443	0.00506	0.00759	0.01044	0.01392	0.03005	0.80485	0.03606	0.01708	0.00696	0.00221	0.00316	0.01550	0.00506	0.00443
21	0.01334	0.01280	0.02185	0.06988	0.73917	0.01291	0.01666	0.01660	0.01234	0.01763	0.01023	0.01354	0.00857	0.00489	0.00540	0.00163	0.00651	0.00486	0.00269	0.00851
22	0.00826	0.00581	0.00638	0.00619	0.00809	0.00494	0.00466	0.00974	0.01272	0.08810	0.09205	0.11871	0.58829	0.01328	0.00640	0.00185	0.00297	0.01120	0.00528	0.00507
23	0.00780	0.00579	0.00850	0.00850	0.00938	0.00667	0.00649	0.00957	0.00868	0.01246	0.01484	0.02275	0.01421	0.11248	0.71599	0.00844	0.01373	0.00604	0.00296	0.00472
24	0.00780	0.00578	0.00845	0.00845	0.00931	0.00664	0.00642	0.00953	0.00867	0.01242	0.01489	0.02301	0.01432	0.12672	0.70192	0.00837	0.01356	0.00607	0.00296	0.00469
25	0.01152	0.02114	0.47544	0.01368	0.01959	0.01232	0.01559	0.02021	0.23810	0.01884	0.01534	0.01895	0.01217	0.00679	0.00552	0.00184	0.00664	0.07485	0.00354	0.00794
26	0.01972	0.02477	0.01607	0.01586	0.08752	0.71436	0.01111	0.02130	0.01517	0.01376	0.00860	0.01017	0.00717	0.00555	0.00496	0.00142	0.00952	0.00364	0.00280	0.00654
27	0.00784	0.00559	0.00747	0.00743	0.00804	0.00603	0.00523	0.00905	0.00904	0.01266	0.08626	0.02904	0.01968	0.35138	0.40420	0.00669	0.00968	0.00707	0.00336	0.00425
28	0.00758	0.00665	0.05246	0.00759	0.00898	0.00537	0.00600	0.00988	0.01369	0.01918	0.50194	0.27064	0.04416	0.01259	0.00652	0.00187	0.00307	0.01123	0.00550	0.00510
29	0.00916	0.08323	0.00987	0.00853	0.00988	0.00759	0.00655	0.07911	0.01274	0.01688	0.09945	0.46302	0.03157	0.01401	0.00652	0.00206	0.00391	0.12570	0.00492	0.00529
30	0.06911	0.01561	0.17472	0.01642	0.17264	0.03420	0.05600	0.08283	0.04908	0.04602	0.01104	0.01263	0.00849	0.00507	0.00492	0.00146	0.00606	0.00428	0.00333	0.22610
31	0.08230	0.04084	0.10315	0.01318	0.01688	0.47379	0.01109	0.10353	0.07380	0.01773	0.01009	0.01111	0.00792	0.00574	0.00490	0.00152	0.00824	0.00388	0.00329	0.00701
32	0.17799	0.03571	0.03375	0.01117	0.01490	0.11936	0.00922	0.37646	0.03838	0.04616	0.03829	0.05080	0.01122	0.00674	0.00503	0.00164	0.00589	0.00499	0.00457	0.00774
33	0.34541	0.01384	0.01131	0.01012	0.01329	0.15042	0.00800	0.06555	0.26583	0.02228	0.01361	0.01469	0.01066	0.00633	0.00463	0.00171	0.00538	0.02570	0.00418	0.00707
34	0.04024	0.01090	0.11533	0.04825	0.01477	0.02623	0.06689	0.04140	0.03470	0.10138	0.10228	0.28160	0.02418	0.01067	0.00615	0.00194	0.00504	0.05718	0.00459	0.00627
35	0.10332	0.01522	0.14417	0.01664	0.14205	0.04176	0.08278	0.03548	0.17970	0.03672	0.03469	0.01487	0.01092	0.00638	0.00693	0.00181	0.11033	0.00505	0.00356	0.00761

[dist]
# distance from previous block
# <min> <max>
3	33

[block]
# block no. 5 follows, 44 sequences, length 12
# corresponding to MSA columns:
# 353-364
name=unknown_F
#
# <colnr> <probs for GDERKNQSTAVLIFYWHMCP>
#	G	D	E	R	K	N	Q	S	T	A	V	L	I	F	Y	W	H	M	C	P
0	0.01631	0.01114	0.01213	0.00916	0.01362	0.08326	0.00734	0.01854	0.01306	0.25586	0.01327	0.01344	0.00967	0.00504	0.00458	0.00114	0.00479	0.00396	0.00429	0.49939
1	0.01719	0.01389	0.01837	0.02102	0.32789	0.01478	0.01290	0.41726	0.01958	0.02671	0.01267	0.01554	0.01005	0.00625	0.00553	0.00167	0.00615	0.03942	0.00430	0.00881
2	0.36241	0.00980	0.01075	0.00866	0.01253	0.00975	0.00715	0.02224	0.01300	0.46847	0.01579	0.01457	0.01038	0.00605	0.00462	0.00169	0.00447	0.00444	0.00536	0.00789
3	0.01365	0.01057	0.01170	0.01040	0.01326	0.01143	0.00850	0.26962	0.20305	0.02382	0.02626	0.03326	0.14473	0.01004	0.00615	0.00194	0.00480	0.18423	0.00531	0.00730
4	0.00879	0.00628	0.00879	0.01004	0.01130	0.00628	0.00879	0.01130	0.01255	0.01632	0.02887	0.06150	0.03138	0.01506	0.00753	0.00251	0.00502	0.73770	0.00502	0.00502
5	0.00664	0.00474	0.00633	0.00759	0.00791	0.00443	0.00506	0.00759	0.01044	0.01392	0.03005	0.80485	0.03606	0.01708	0.00696	0.00221	0.00316	0.01550	0.00506	0.00443
6	0.01072	0.00885	0.00986	0.00966	0.01160	0.00981	0.00716	0.02019	0.45468	0.01915	0.02542	0.34269	0.02462	0.01138	0.00613	0.00200	0.00384	0.01000	0.00535	0.00690
7	0.01281	0.01225	0.02089	0.19681	0.61641	0.01277	0.01639	0.01613	0.01209	0.01698	0.01013	0.01372	0.00834	0.00498	0.00541	0.00166	0.00665	0.00485	0.00264	0.00808
8	0.00653	0.00517	0.00589	0.00646	0.00761	0.00452	0.00456	0.00772	0.01153	0.01436	0.04382	0.39321	0.43880	0.01529	0.00668	0.00201	0.00294	0.01331	0.00506	0.00452
9	0.00764	0.00557	0.00695	0.00731	0.00813	0.00538	0.00513	0.00978	0.05204	0.01628	0.24244	0.33505	0.07291	0.14919	0.01027	0.00257	0.00349	0.05010	0.00506	0.00471
10	0.01218	0.01414	0.09721	0.15361	0.19201	0.01257	0.28952	0.01614	0.01199	0.01682	0.01024	0.01364	0.00799	0.00494	0.00600	0.00168	0.03140	0.00518	0.00268	0.10005
11	0.03682	0.03965	0.09969	0.01746	0.02267	0.01396	0.38619	0.15669	0.07175	0.04138	0.01215	0.01411	0.00898	0.00527	0.00574	0.00171	0.00750	0.00550	0.00356	0.04920

[dist]
# distance from previous block
# <min> <max>
2	17

[block]
# block no. 6 follows, 44 sequences, length 34
# corresponding to MSA columns:
# 382-415
name=unknown_G
#
# <colnr> <probs for GDERKNQSTAVLIFYWHMCP>
#	G	D	E	R	K	N	Q	S	T	A	V	L	I	F	Y	W	H	M	C	P
