[name]
unknown

[dist]
# distance from previous block
# <min> <max>
6	368

[block]
# block no. 0 follows, 43 sequences, length 8
# corresponding to MSA columns:
# 657-664
name=unknown_A
#
# <colnr> <probs for GDERKNQSTAVLIFYWHMCP>
#	G	D	E	R	K	N	Q	S	T	A	V	L	I	F	Y	W	H	M	C	P
0	0.01562	0.17667	0.01577	0.01148	0.01400	0.41337	0.00890	0.01698	0.01338	0.01361	0.01453	0.23111	0.01537	0.00877	0.00529	0.00161	0.00728	0.00685	0.00340	0.00602
1	0.00675	0.00482	0.00643	0.00771	0.00803	0.00450	0.00514	0.00771	0.01060	0.01414	0.03053	0.80175	0.03663	0.01735	0.00707	0.00225	0.00321	0.01574	0.00514	0.00450
2	0.01721	0.01896	0.01313	0.01175	0.01403	0.45589	0.00862	0.12288	0.01504	0.01583	0.01172	0.01780	0.01110	0.22939	0.01156	0.00256	0.00814	0.00502	0.00338	0.00599
3	0.01838	0.01393	0.01518	0.01147	0.01604	0.01444	0.00942	0.54592	0.02197	0.03019	0.01233	0.01279	0.00908	0.00594	0.00514	0.00143	0.00554	0.00451	0.00491	0.24139
4	0.01212	0.01212	0.01696	0.01454	0.01454	0.01696	0.01212	0.01333	0.00848	0.01333	0.00727	0.01212	0.00727	0.00969	0.01818	0.00242	0.79523	0.00485	0.00242	0.00606
5	0.00675	0.00482	0.00643	0.00771	0.00803	0.00450	0.00514	0.00771	0.01060	0.01414	0.03053	0.80175	0.03663	0.01735	0.00707	0.00225	0.00321	0.01574	0.00514	0.00450
6	0.01655	0.58696	0.02555	0.01039	0.01504	0.02059	0.00977	0.22227	0.01539	0.01915	0.00926	0.01012	0.00775	0.00527	0.00411	0.00132	0.00597	0.00353	0.00326	0.00775
7	0.00753	0.00543	0.00713	0.00718	0.00821	0.00502	0.00520	0.00969	0.01426	0.01995	0.56176	0.25394	0.04789	0.01301	0.00668	0.00188	0.00278	0.01162	0.00583	0.00502

[dist]
# distance from previous block
# <min> <max>
0	1

[block]
# block no. 1 follows, 43 sequences, length 68
# corresponding to MSA columns:
# 666-733
name=unknown_B
#
# <colnr> <probs for GDERKNQSTAVLIFYWHMCP>
#	G	D	E	R	K	N	Q	S	T	A	V	L	I	F	Y	W	H	M	C	P
0	0.01086	0.01057	0.01050	0.01004	0.01161	0.17665	0.00773	0.01274	0.01050	0.01323	0.01325	0.01875	0.01214	0.03210	0.57995	0.00692	0.01332	0.00530	0.00296	0.04088
1	0.02374	0.00934	0.01255	0.00974	0.01380	0.00822	0.00796	0.02627	0.04198	0.71535	0.02169	0.01966	0.01410	0.04097	0.00654	0.00188	0.00473	0.00570	0.00666	0.00914
2	0.00655	0.00561	0.00561	0.00561	0.00748	0.00468	0.00421	0.00795	0.01262	0.01496	0.05610	0.05330	0.76857	0.01403	0.00655	0.00187	0.00281	0.01169	0.00514	0.00468
3	0.00698	0.00513	0.00688	0.00800	0.00831	0.00503	0.00544	0.00795	0.01051	0.01410	0.02953	0.76804	0.03538	0.01702	0.00754	0.00226	0.03702	0.01528	0.00503	0.00457
4	0.04323	0.00978	0.01549	0.59315	0.03192	0.01140	0.01346	0.01703	0.01206	0.18081	0.01239	0.01545	0.00872	0.00581	0.00547	0.00181	0.00669	0.00500	0.00346	0.00686
5	0.01310	0.01486	0.03224	0.02380	0.06062	0.01397	0.71938	0.01771	0.01305	0.01776	0.01117	0.01489	0.00842	0.00468	0.00649	0.00186	0.00922	0.00647	0.00280	0.00753
6	0.00784	0.00566	0.00740	0.00697	0.00827	0.00523	0.00523	0.01045	0.01568	0.02221	0.76789	0.04137	0.05226	0.01132	0.00653	0.00174	0.00261	0.01002	0.00610	0.00523
7	0.02468	0.00970	0.01302	0.00998	0.01428	0.00855	0.00825	0.05990	0.01631	0.74108	0.02146	0.01860	0.01351	0.00685	0.00557	0.00171	0.00478	0.00554	0.00680	0.00942
8	0.28555	0.54829	0.02221	0.00876	0.01307	0.01882	0.00834	0.01648	0.01066	0.01689	0.00770	0.00892	0.00675	0.00487	0.00351	0.00136	0.00539	0.00297	0.00271	0.00675
9	0.01377	0.01206	0.01384	0.01427	0.11418	0.01369	0.00985	0.02779	0.66211	0.02250	0.02094	0.01975	0.01583	0.00717	0.00562	0.00185	0.00467	0.00609	0.00525	0.00877
10	0.01148	0.00984	0.01148	0.00820	0.01312	0.00738	0.00656	0.01395	0.01148	0.01805	0.00984	0.01148	0.00820	0.00410	0.00410	0.00082	0.00410	0.00328	0.00328	0.83922
11	0.01307	0.01494	0.03268	0.02334	0.02894	0.01401	0.75070	0.01774	0.01307	0.01774	0.01120	0.01494	0.00840	0.00467	0.00654	0.00187	0.00934	0.00654	0.00280	0.00747
12	0.01479	0.04374	0.55778	0.01407	0.02115	0.01186	0.01696	0.01998	0.01277	0.21528	0.01299	0.01349	0.00877	0.00566	0.00530	0.00173	0.00722	0.00445	0.00352	0.00848
13	0.15981	0.00844	0.00898	0.00815	0.01060	0.00886	0.00634	0.01722	0.20884	0.07376	0.27975	0.03040	0.13888	0.00932	0.00568	0.00179	0.00355	0.00772	0.00541	0.00650
14	0.01148	0.00984	0.01148	0.00820	0.01312	0.00738	0.00656	0.01395	0.01148	0.01805	0.00984	0.01148	0.00820	0.00410	0.00410	0.00082	0.00410	0.00328	0.00328	0.83922
15	0.00805	0.00537	0.00604	0.00604	0.00604	0.00537	0.00336	0.00805	0.00805	0.01074	0.01745	0.03624	0.02013	0.80536	0.02819	0.00537	0.00537	0.00805	0.00336	0.00336
16	0.00843	0.00604	0.00762	0.00881	0.00928	0.00550	0.00586	0.00895	0.01160	0.01564	0.03158	0.78422	0.03741	0.01810	0.00769	0.00252	0.00379	0.01597	0.00563	0.00535
17	0.02093	0.01911	0.01631	0.01325	0.01716	0.27049	0.01058	0.51085	0.02262	0.02784	0.01173	0.01220	0.00866	0.00634	0.00536	0.00158	0.00738	0.00452	0.00465	0.00843
18	0.00655	0.00559	0.00563	0.00566	0.00749	0.00467	0.00423	0.00794	0.01257	0.01494	0.05547	0.07196	0.75032	0.01411	0.00656	0.00188	0.00282	0.01179	0.00514	0.00467
19	0.00675	0.00482	0.00643	0.00771	0.00803	0.00450	0.00514	0.00771	0.01060	0.01414	0.03053	0.80175	0.03663	0.01735	0.00707	0.00225	0.00321	0.01574	0.00514	0.00450
20	0.01307	0.01494	0.03268	0.02334	0.02894	0.01401	0.75070	0.01774	0.01307	0.01774	0.01120	0.01494	0.00840	0.00467	0.00654	0.00187	0.00934	0.00654	0.00280	0.00747
21	0.01212	0.01212	0.01696	0.01454	0.01454	0.01696	0.01212	0.01333	0.00848	0.01333	0.00727	0.01212	0.00727	0.00969	0.01818	0.00242	0.79523	0.00485	0.00242	0.00606
22	0.00675	0.00482	0.00643	0.00771	0.00803	0.00450	0.00514	0.00771	0.01060	0.01414	0.03053	0.80175	0.03663	0.01735	0.00707	0.00225	0.00321	0.01574	0.00514	0.00450
23	0.00675	0.00482	0.00643	0.00771	0.00803	0.00450	0.00514	0.00771	0.01060	0.01414	0.03053	0.80175	0.03663	0.01735	0.00707	0.00225	0.00321	0.01574	0.00514	0.00450
24	0.01183	0.01178	0.02186	0.50336	0.03412	0.01310	0.25510	0.05117	0.01245	0.01633	0.01046	0.01475	0.00781	0.00531	0.00586	0.00184	0.00796	0.00545	0.00272	0.00674
25	0.00655	0.00561	0.00561	0.00561	0.00748	0.00468	0.00421	0.00795	0.01262	0.01496	0.05610	0.05330	0.76857	0.01403	0.00655	0.00187	0.00281	0.01169	0.00514	0.00468
26	0.01463	0.77082	0.06533	0.00978	0.01469	0.02147	0.01001	0.01663	0.01127	0.01325	0.00781	0.00902	0.00710	0.00476	0.00364	0.00121	0.00603	0.00302	0.00237	0.00716
27	0.01302	0.01075	0.01231	0.00893	0.01377	0.00895	0.00720	0.13240	0.01382	0.02075	0.01040	0.01178	0.00840	0.00451	0.00433	0.00096	0.00442	0.00355	0.00364	0.70610
28	0.01371	0.01316	0.02248	0.03399	0.77081	0.01316	0.01700	0.01700	0.01261	0.01809	0.01042	0.01371	0.00877	0.00493	0.00548	0.00164	0.00658	0.00493	0.00274	0.00877
29	0.01178	0.16942	0.64174	0.01465	0.02221	0.01450	0.01848	0.01737	0.01161	0.01673	0.00953	0.01119	0.00703	0.00517	0.00495	0.00165	0.00778	0.00389	0.00234	0.00799
30	0.04312	0.05027	0.01906	0.01328	0.01811	0.01072	0.23569	0.01664	0.01223	0.09547	0.01122	0.01311	0.00867	0.00482	0.00545	0.00134	0.03371	0.00455	0.00343	0.39912
31	0.00680	0.00531	0.00617	0.00661	0.00780	0.00468	0.00471	0.00819	0.01224	0.01561	0.14155	0.34410	0.38658	0.01496	0.00675	0.00200	0.00294	0.01305	0.00527	0.00468
32	0.02041	0.01561	0.01610	0.01251	0.01675	0.05383	0.01026	0.68473	0.02496	0.03301	0.01492	0.01486	0.04210	0.00692	0.00556	0.00166	0.00614	0.00521	0.00539	0.00907
33	0.01481	0.80869	0.02902	0.00948	0.01421	0.02191	0.00948	0.01658	0.01125	0.01303	0.00770	0.00888	0.00711	0.00474	0.00355	0.00118	0.00592	0.00296	0.00237	0.00711
34	0.00691	0.00562	0.00611	0.00599	0.00770	0.00483	0.00449	0.00865	0.01348	0.01699	0.25577	0.04995	0.56763	0.01327	0.00654	0.00183	0.00275	0.01122	0.00541	0.00483
35	0.00707	0.00563	0.00633	0.00616	0.00780	0.00490	0.00462	0.00896	0.01385	0.01788	0.34263	0.04850	0.48022	0.01294	0.00654	0.00182	0.00273	0.01102	0.00553	0.00490
36	0.00962	0.00481	0.00722	0.00722	0.00722	0.00481	0.00481	0.00722	0.00722	0.00962	0.00962	0.01684	0.00962	0.01924	0.02165	0.83886	0.00481	0.00481	0.00241	0.00241
37	0.01481	0.80869	0.02902	0.00948	0.01421	0.02191	0.00948	0.01658	0.01125	0.01303	0.00770	0.00888	0.00711	0.00474	0.00355	0.00118	0.00592	0.00296	0.00237	0.00711
38	0.01378	0.01190	0.01252	0.01127	0.01440	0.01378	0.00877	0.02943	0.76081	0.02317	0.02254	0.02066	0.01691	0.00751	0.00564	0.00188	0.00438	0.00626	0.00564	0.00877
39	0.01961	0.01059	0.01270	0.01052	0.01426	0.01081	0.00844	0.02814	0.36821	0.41920	0.02218	0.01971	0.01522	0.00717	0.00560	0.00179	0.00456	0.00590	0.00628	0.00911
40	0.01121	0.04936	0.75681	0.01562	0.02371	0.01310	0.02017	0.01751	0.01168	0.01742	0.00988	0.01162	0.00702	0.00525	0.00522	0.00174	0.00812	0.00406	0.00234	0.00816
41	0.01235	0.01122	0.01589	0.34847	0.14742	0.01305	0.01293	0.02088	0.31902	0.01849	0.01515	0.01701	0.01152	0.00625	0.00557	0.00183	0.00602	0.00547	0.00381	0.00765
42	0.00675	0.00482	0.00643	0.00771	0.00803	0.00450	0.00514	0.00771	0.01060	0.01414	0.03053	0.80175	0.03663	0.01735	0.00707	0.00225	0.00321	0.01574	0.00514	0.00450
43	0.00784	0.00566	0.00740	0.00697	0.00827	0.00523	0.00523	0.01045	0.01568	0.02221	0.76789	0.04137	0.05226	0.01132	0.00653	0.00174	0.00261	0.01002	0.00610	0.00523
44	0.01212	0.01212	0.01696	0.01454	0.01454	0.01696	0.01212	0.01333	0.00848	0.01333	0.00727	0.01212	0.00727	0.00969	0.01818	0.00242	0.79523	0.00485	0.00242	0.00606
45	0.01046	0.00984	0.01661	0.79205	0.03814	0.01230	0.01538	0.01415	0.01107	0.01415	0.00984	0.01477	0.00738	0.00554	0.00554	0.00185	0.00738	0.00492	0.00246	0.00615
46	0.02485	0.00943	0.01285	0.00985	0.01414	0.00814	0.00814	0.02699	0.01585	0.77465	0.02185	0.01885	0.01371	0.00685	0.00557	0.00171	0.00471	0.00557	0.00685	0.00943
47	0.01378	0.01190	0.01252	0.01127	0.01440	0.01378	0.00877	0.02943	0.76081	0.02317	0.02254	0.02066	0.01691	0.00751	0.00564	0.00188	0.00438	0.00626	0.00564	0.00877
48	0.00675	0.00482	0.00643	0.00771	0.00803	0.00450	0.00514	0.00771	0.01060	0.01414	0.03053	0.80175	0.03663	0.01735	0.00707	0.00225	0.00321	0.01574	0.00514	0.00450
49	0.00675	0.00482	0.00643	0.00771	0.00803	0.00450	0.00514	0.00771	0.01060	0.01414	0.03053	0.80175	0.03663	0.01735	0.00707	0.00225	0.00321	0.01574	0.00514	0.00450
50	0.01111	0.02865	0.77667	0.01579	0.02397	0.01286	0.02046	0.01754	0.01169	0.01754	0.00994	0.01169	0.00702	0.00526	0.00526	0.00175	0.00818	0.00409	0.00234	0.00818
51	0.01859	0.32216	0.02122	0.01177	0.01603	0.15815	0.01015	0.33706	0.01848	0.02262	0.01029	0.01100	0.00812	0.00574	0.00468	0.00144	0.00674	0.00395	0.00383	0.00799
52	0.01251	0.01205	0.01806	0.08556	0.26319	0.01434	0.01335	0.01535	0.04281	0.01580	0.00940	0.01317	0.00827	0.00720	0.01118	0.00195	0.36728	0.00480	0.00275	0.08098
53	0.01160	0.13155	0.67804	0.01495	0.02268	0.01406	0.01901	0.01741	0.01163	0.01694	0.00964	0.01132	0.00703	0.00519	0.00504	0.00168	0.00789	0.00394	0.00234	0.00804
54	0.01793	0.52452	0.02342	0.00984	0.01435	0.04064	0.00914	0.03623	0.02957	0.22863	0.01217	0.01209	0.00924	0.00547	0.00426	0.00137	0.00567	0.00383	0.00379	0.00783
55	0.02206	0.01389	0.01562	0.01197	0.01637	0.01477	0.00989	0.55911	0.02333	0.23197	0.01558	0.01478	0.01056	0.00670	0.00555	0.00168	0.00573	0.00514	0.00589	0.00942
56	0.01268	0.00715	0.00942	0.00820	0.01029	0.00680	0.00641	0.01557	0.04188	0.21850	0.51359	0.03349	0.03898	0.00995	0.00675	0.00177	0.03747	0.00850	0.00612	0.00648
57	0.01062	0.01000	0.01690	0.75524	0.07372	0.01235	0.01546	0.01429	0.01115	0.01434	0.00987	0.01471	0.00745	0.00551	0.00553	0.00184	0.00734	0.00492	0.00247	0.00628
58	0.00674	0.00484	0.00640	0.00766	0.00802	0.00450	0.00512	0.00772	0.01066	0.01416	0.03120	0.78199	0.05595	0.01726	0.00706	0.00224	0.00320	0.01564	0.00514	0.00450
59	0.00890	0.00679	0.00957	0.00997	0.01083	0.00620	0.06113	0.00969	0.01179	0.01590	0.03015	0.72590	0.03532	0.01716	0.00765	0.00249	0.00424	0.01529	0.00545	0.00557
60	0.01046	0.00984	0.01661	0.79205	0.03814	0.01230	0.01538	0.01415	0.01107	0.01415	0.00984	0.01477	0.00738	0.00554	0.00554	0.00185	0.00738	0.00492	0.00246	0.00615
61	0.01822	0.01190	0.01458	0.01190	0.01543	0.01291	0.04122	0.14859	0.30944	0.25452	0.01893	0.01786	0.01344	0.00724	0.00675	0.00184	0.07514	0.00572	0.00559	0.00878
62	0.01237	0.01094	0.01464	0.01059	0.01551	0.00909	0.10505	0.06107	0.03898	0.01924	0.01069	0.01238	0.00861	0.00446	0.00457	0.00105	0.00493	0.00392	0.00344	0.64849
63	0.02080	0.01539	0.01648	0.01269	0.01708	0.01706	0.01046	0.72690	0.05190	0.03449	0.01362	0.01356	0.00968	0.00668	0.00554	0.00167	0.00603	0.00503	0.00554	0.00940
64	0.06528	0.00985	0.01094	0.00928	0.01203	0.01041	0.00735	0.23588	0.11329	0.05231	0.32679	0.02828	0.07723	0.00907	0.00589	0.00174	0.00407	0.00754	0.00567	0.00709
65	0.01307	0.01494	0.03268	0.02334	0.02894	0.01401	0.75070	0.01774	0.01307	0.01774	0.01120	0.01494	0.00840	0.00467	0.00654	0.00187	0.00934	0.00654	0.00280	0.00747
66	0.01371	0.01316	0.02248	0.03399	0.77081	0.01316	0.01700	0.01700	0.01261	0.01809	0.01042	0.01371	0.00877	0.00493	0.00548	0.00164	0.00658	0.00493	0.00274	0.00877
67	0.00805	0.00537	0.00604	0.00604	0.00604	0.00537	0.00336	0.00805	0.00805	0.01074	0.01745	0.03624	0.02013	0.80536	0.02819	0.00537	0.00537	0.00805	0.00336	0.00336

[dist]
# distance from previous block
# <min> <max>
0	1

[block]
# block no. 2 follows, 43 sequences, length 7
# corresponding to MSA columns:
# 735-741
name=unknown_C
#
# <colnr> <probs for GDERKNQSTAVLIFYWHMCP>
#	G	D	E	R	K	N	Q	S	T	A	V	L	I	F	Y	W	H	M	C	P
0	0.10783	0.01151	0.01278	0.01061	0.01434	0.01232	0.00853	0.13627	0.32804	0.26833	0.01933	0.01771	0.01357	0.00691	0.00536	0.00177	0.00474	0.00549	0.00578	0.00878
1	0.01032	0.00516	0.00516	0.00516	0.00645	0.00516	0.00387	0.01290	0.01161	0.02065	0.01807	0.02065	0.01420	0.00645	0.00387	0.00129	0.00258	0.00516	0.83611	0.00516
2	0.01371	0.01196	0.01845	0.01331	0.01835	0.01046	0.22973	0.09523	0.01376	0.06086	0.01127	0.01311	0.00869	0.00469	0.00506	0.00127	0.00592	0.00456	0.00357	0.45601
3	0.01681	0.01676	0.01654	0.01397	0.01594	0.21585	0.01131	0.21981	0.01521	0.01935	0.00927	0.01189	0.00783	0.00782	0.01126	0.00195	0.37340	0.00455	0.00340	0.00708
4	0.01032	0.00516	0.00516	0.00516	0.00645	0.00516	0.00387	0.01290	0.01161	0.02065	0.01807	0.02065	0.01420	0.00645	0.00387	0.00129	0.00258	0.00516	0.83611	0.00516
5	0.01046	0.00984	0.01661	0.79205	0.03814	0.01230	0.01538	0.01415	0.01107	0.01415	0.00984	0.01477	0.00738	0.00554	0.00554	0.00185	0.00738	0.00492	0.00246	0.00615
6	0.42787	0.01280	0.01180	0.00990	0.01343	0.04609	0.00807	0.21782	0.09525	0.05693	0.01141	0.01200	0.00852	0.00610	0.00503	0.00174	0.03943	0.00410	0.00431	0.00738

[dist]
# distance from previous block
# <min> <max>
2	4

[block]
# block no. 3 follows, 43 sequences, length 10
# corresponding to MSA columns:
# 746-755
name=unknown_D
#
# <colnr> <probs for GDERKNQSTAVLIFYWHMCP>
#	G	D	E	R	K	N	Q	S	T	A	V	L	I	F	Y	W	H	M	C	P
0	0.21041	0.01235	0.01235	0.01043	0.01393	0.01401	0.00838	0.25364	0.30748	0.02712	0.01588	0.01560	0.01182	0.00662	0.00498	0.00174	0.00479	0.00503	0.05534	0.00811
1	0.21390	0.01439	0.01463	0.01146	0.01566	0.01606	0.00947	0.57996	0.02215	0.03255	0.01199	0.01229	0.00862	0.00630	0.00505	0.00167	0.00567	0.00452	0.00505	0.00862
2	0.01148	0.00984	0.01148	0.00820	0.01312	0.00738	0.00656	0.01395	0.01148	0.01805	0.00984	0.01148	0.00820	0.00410	0.00410	0.00082	0.00410	0.00328	0.00328	0.83922
3	0.01821	0.01320	0.01357	0.01145	0.01505	0.08045	0.00909	0.15049	0.39677	0.20030	0.01959	0.01806	0.01403	0.00705	0.00555	0.00176	0.00524	0.00565	0.00566	0.00883
4	0.01046	0.00984	0.01661	0.79205	0.03814	0.01230	0.01538	0.01415	0.01107	0.01415	0.00984	0.01477	0.00738	0.00554	0.00554	0.00185	0.00738	0.00492	0.00246	0.00615
5	0.01272	0.01215	0.02069	0.26498	0.54757	0.01290	0.01650	0.01613	0.01214	0.01689	0.01024	0.01403	0.00835	0.00512	0.00550	0.00171	0.00682	0.00493	0.00266	0.00797
6	0.01319	0.01172	0.01401	0.01050	0.01502	0.08346	0.08703	0.01569	0.01231	0.06701	0.01170	0.05217	0.00992	0.00517	0.00470	0.00112	0.00523	0.00444	0.00352	0.57210
7	0.02094	0.01494	0.01559	0.01225	0.01644	0.06569	0.01000	0.52335	0.09298	0.14765	0.01519	0.01464	0.01064	0.00670	0.00552	0.00168	0.00597	0.00510	0.00558	0.00916
8	0.07258	0.00985	0.01560	0.01229	0.01570	0.00938	0.21781	0.03861	0.05691	0.14172	0.07897	0.09523	0.19321	0.00906	0.00612	0.00185	0.00529	0.00832	0.00474	0.00674
9	0.26781	0.01098	0.01274	0.01111	0.05937	0.01107	0.04856	0.08937	0.07906	0.10245	0.06651	0.01496	0.01221	0.00586	0.00472	0.00154	0.00477	0.00463	0.00427	0.18803

[dist]
# distance from previous block
# <min> <max>
21	67

[block]
# block no. 4 follows, 43 sequences, length 11
# corresponding to MSA columns:
# 839-849
name=unknown_E
#
# <colnr> <probs for GDERKNQSTAVLIFYWHMCP>
#	G	D	E	R	K	N	Q	S	T	A	V	L	I	F	Y	W	H	M	C	P
0	0.01834	0.00963	0.01331	0.01155	0.07249	0.00837	0.03148	0.02110	0.03220	0.41274	0.08481	0.01972	0.01584	0.00661	0.00539	0.00153	0.00467	0.02282	0.00544	0.20197
1	0.01246	0.00981	0.01158	0.00832	0.01320	0.00744	0.00668	0.01490	0.01180	0.07314	0.01072	0.01202	0.00860	0.00430	0.00421	0.00089	0.00415	0.00345	0.00354	0.77880
2	0.01118	0.00958	0.01112	0.00804	0.01278	0.00722	0.00642	0.01358	0.01155	0.01786	0.01270	0.01406	0.05510	0.00471	0.00425	0.00089	0.00402	0.00380	0.00340	0.78775
3	0.01148	0.00984	0.01148	0.00820	0.01312	0.00738	0.00656	0.01395	0.01148	0.01805	0.00984	0.01148	0.00820	0.00410	0.00410	0.00082	0.00410	0.00328	0.00328	0.83922
4	0.01110	0.00952	0.01103	0.00800	0.01269	0.00717	0.00638	0.01348	0.01157	0.01781	0.01343	0.01473	0.06720	0.00487	0.00429	0.00090	0.00400	0.00393	0.00343	0.77447
5	0.01120	0.00954	0.01118	0.00817	0.01282	0.00721	0.00648	0.01357	0.01143	0.01781	0.01108	0.05876	0.00990	0.00489	0.00428	0.00091	0.00405	0.00403	0.00339	0.78928
6	0.01109	0.00942	0.01106	0.00816	0.01270	0.00714	0.00644	0.01342	0.01141	0.01772	0.01157	0.07744	0.01058	0.00521	0.00435	0.00094	0.00403	0.00432	0.00344	0.76955
7	0.01122	0.00956	0.01120	0.00818	0.01284	0.00722	0.00648	0.01359	0.01143	0.01783	0.01102	0.05629	0.00981	0.00485	0.00427	0.00090	0.00405	0.00399	0.00339	0.79190
8	0.00926	0.00658	0.00843	0.00857	0.01040	0.00597	0.00694	0.01129	0.01238	0.05186	0.06699	0.17066	0.13453	0.03371	0.00728	0.00216	0.00419	0.32263	0.00495	0.12123
9	0.01342	0.00890	0.00994	0.00872	0.01165	0.05441	0.00689	0.01582	0.03984	0.19921	0.02780	0.12413	0.17731	0.01006	0.00588	0.00172	0.00436	0.09655	0.00504	0.17835
10	0.21773	0.01667	0.01295	0.05924	0.01581	0.30725	0.00919	0.12081	0.01487	0.06998	0.01232	0.07061	0.01066	0.00696	0.00501	0.00167	0.00689	0.03079	0.00385	0.00673

[dist]
# distance from previous block
# <min> <max>
13	43

[block]
# block no. 5 follows, 43 sequences, length 8
# corresponding to MSA columns:
# 895-902
name=unknown_F
#
# <colnr> <probs for GDERKNQSTAVLIFYWHMCP>
#	G	D	E	R	K	N	Q	S	T	A	V	L	I	F	Y	W	H	M	C	P
0	0.01046	0.00984	0.01661	0.79205	0.03814	0.01230	0.01538	0.01415	0.01107	0.01415	0.00984	0.01477	0.00738	0.00554	0.00554	0.00185	0.00738	0.00492	0.00246	0.00615
1	0.01395	0.01131	0.01281	0.00937	0.01417	0.00991	0.00759	0.20453	0.01524	0.02240	0.01073	0.01195	0.00852	0.00476	0.00447	0.00104	0.00462	0.00372	0.00386	0.62505
2	0.01110	0.01038	0.01570	0.29154	0.26216	0.03660	0.01279	0.01454	0.04183	0.01654	0.08535	0.09524	0.06787	0.00768	0.00581	0.00180	0.00594	0.00691	0.00347	0.00675
3	0.01451	0.01226	0.01293	0.01142	0.01468	0.01412	0.00894	0.10200	0.68705	0.02435	0.02161	0.01992	0.01615	0.00743	0.00563	0.00186	0.00455	0.00613	0.00563	0.00883
4	0.01148	0.00984	0.01148	0.00820	0.01312	0.00738	0.00656	0.01395	0.01148	0.01805	0.00984	0.01148	0.00820	0.00410	0.00410	0.00082	0.00410	0.00328	0.00328	0.83922
5	0.01321	0.42685	0.19483	0.01234	0.01736	0.05498	0.08595	0.01622	0.01168	0.01467	0.01108	0.09644	0.01043	0.00627	0.00469	0.00151	0.00668	0.00500	0.00273	0.00707
6	0.01181	0.01445	0.21127	0.01124	0.01647	0.00899	0.05815	0.01535	0.01209	0.06497	0.04555	0.05910	0.01261	0.00607	0.00505	0.00137	0.00546	0.03155	0.00352	0.40493
7	0.01198	0.01462	0.17593	0.07686	0.03864	0.01128	0.15471	0.10453	0.05075	0.01912	0.01676	0.13367	0.04642	0.00774	0.00585	0.00178	0.00638	0.02482	0.00370	0.09446

[dist]
# distance from previous block
# <min> <max>
0	10

[block]
# block no. 6 follows, 43 sequences, length 66
# corresponding to MSA columns:
# 913-946,948-979
name=unknown_G
#
# <colnr> <probs for GDERKNQSTAVLIFYWHMCP>
#	G	D	E	R	K	N	Q	S	T	A	V	L	I	F	Y	W	H	M	C	P
0	0.01328	0.07751	0.16636	0.01032	0.01415	0.02251	0.00987	0.01621	0.01310	0.17166	0.17807	0.10540	0.02154	0.00830	0.00626	0.00168	0.05046	0.00679	0.00450	0.10201
1	0.01430	0.01135	0.01079	0.00957	0.01229	0.13718	0.00735	0.04442	0.14262	0.14861	0.10151	0.11891	0.14457	0.00949	0.00583	0.00173	0.00483	0.00787	0.00513	0.06167
2	0.05297	0.16268	0.01343	0.00860	0.01166	0.00994	0.00724	0.03179	0.01422	0.25497	0.21576	0.05519	0.08000	0.00892	0.00558	0.00170	0.00424	0.04886	0.00532	0.00695
3	0.01086	0.00978	0.01473	0.04454	0.24451	0.00964	0.07240	0.05554	0.05685	0.01884	0.14140	0.03064	0.24945	0.00895	0.00607	0.00177	0.00492	0.00800	0.00431	0.00680
4	0.00814	0.00630	0.00792	0.00786	0.00953	0.00535	0.00556	0.00955	0.01086	0.01529	0.02442	0.56866	0.02825	0.01344	0.00619	0.00183	0.00348	0.01207	0.00459	0.25070
5	0.00675	0.00482	0.00643	0.00771	0.00803	0.00450	0.00514	0.00771	0.01060	0.01414	0.03053	0.80175	0.03663	0.01735	0.00707	0.00225	0.00321	0.01574	0.00514	0.00450
6	0.01148	0.00984	0.01148	0.00820	0.01312	0.00738	0.00656	0.01395	0.01148	0.01805	0.00984	0.01148	0.00820	0.00410	0.00410	0.00082	0.00410	0.00328	0.00328	0.83922
7	0.01307	0.01494	0.03268	0.02334	0.02894	0.01401	0.75070	0.01774	0.01307	0.01774	0.01120	0.01494	0.00840	0.00467	0.00654	0.00187	0.00934	0.00654	0.00280	0.00747
8	0.01273	0.01440	0.03127	0.02250	0.02782	0.01350	0.71067	0.01720	0.01294	0.01755	0.01224	0.05719	0.00992	0.00535	0.00656	0.00189	0.00901	0.00703	0.00293	0.00731
9	0.01325	0.38514	0.28015	0.01174	0.01711	0.08128	0.01284	0.01668	0.01228	0.01566	0.09530	0.01364	0.01223	0.00575	0.00460	0.00146	0.00666	0.00420	0.00283	0.00720
10	0.01378	0.01190	0.01252	0.01127	0.01440	0.01378	0.00877	0.02943	0.76081	0.02317	0.02254	0.02066	0.01691	0.00751	0.00564	0.00188	0.00438	0.00626	0.00564	0.00877
11	0.01148	0.00984	0.01148	0.00820	0.01312	0.00738	0.00656	0.01395	0.01148	0.01805	0.00984	0.01148	0.00820	0.00410	0.00410	0.00082	0.00410	0.00328	0.00328	0.83922
12	0.01770	0.01056	0.09836	0.00970	0.01348	0.00799	0.00868	0.02095	0.04187	0.43191	0.24811	0.02497	0.02482	0.00806	0.00583	0.00173	0.00446	0.00678	0.00606	0.00798
13	0.01258	0.01049	0.01207	0.00872	0.01359	0.00850	0.00701	0.09822	0.01315	0.01997	0.01024	0.01169	0.00834	0.00439	0.00427	0.00092	0.00433	0.00348	0.00354	0.74451
14	0.01322	0.01223	0.01999	0.29047	0.45748	0.01321	0.01590	0.07820	0.01322	0.01817	0.01047	0.01403	0.00835	0.00528	0.00551	0.00171	0.00681	0.00493	0.00288	0.00793
15	0.02066	0.01044	0.01297	0.01079	0.01430	0.01004	0.00863	0.10437	0.10554	0.44042	0.02182	0.02464	0.01644	0.05618	0.05155	0.00261	0.00583	0.06762	0.00629	0.00887
16	0.01371	0.01316	0.02248	0.03399	0.77081	0.01316	0.01700	0.01700	0.01261	0.01809	0.01042	0.01371	0.00877	0.00493	0.00548	0.00164	0.00658	0.00493	0.00274	0.00877
17	0.00868	0.00620	0.00864	0.00992	0.01108	0.00616	0.00849	0.01104	0.01250	0.01630	0.02946	0.14685	0.03242	0.01553	0.00758	0.00252	0.00488	0.65161	0.00510	0.00503
18	0.01334	0.01278	0.02181	0.12052	0.68719	0.01306	0.01681	0.01667	0.01244	0.01764	0.01035	0.01383	0.00861	0.00500	0.00549	0.00167	0.00667	0.00493	0.00271	0.00847
19	0.01461	0.01231	0.01299	0.01144	0.01472	0.01416	0.00897	0.11194	0.67695	0.02451	0.02149	0.01982	0.01605	0.00742	0.00562	0.00185	0.00458	0.00612	0.00562	0.00884
20	0.00657	0.00552	0.00570	0.00584	0.00754	0.00466	0.00431	0.00792	0.01240	0.01487	0.05332	0.13486	0.68881	0.01439	0.00660	0.00191	0.00285	0.01213	0.00514	0.00466
21	0.02069	0.02640	0.01569	0.01427	0.01712	0.78313	0.01070	0.02212	0.01569	0.01355	0.00856	0.00999	0.00713	0.00571	0.00499	0.00143	0.00999	0.00357	0.00285	0.00642
22	0.00962	0.00481	0.00722	0.00722	0.00722	0.00481	0.00481	0.00722	0.00722	0.00962	0.00962	0.01684	0.00962	0.01924	0.02165	0.83886	0.00481	0.00481	0.00241	0.00241
23	0.46979	0.01784	0.01158	0.01046	0.01363	0.36297	0.00814	0.01893	0.01228	0.01971	0.00810	0.00945	0.00651	0.00540	0.00414	0.00158	0.00688	0.00326	0.00317	0.00619
24	0.01371	0.01316	0.02248	0.03399	0.77081	0.01316	0.01700	0.01700	0.01261	0.01809	0.01042	0.01371	0.00877	0.00493	0.00548	0.00164	0.00658	0.00493	0.00274	0.00877
25	0.00655	0.00561	0.00561	0.00561	0.00748	0.00468	0.00421	0.00795	0.01262	0.01496	0.05610	0.05330	0.76857	0.01403	0.00655	0.00187	0.00281	0.01169	0.00514	0.00468
26	0.01148	0.00984	0.01148	0.00820	0.01312	0.00738	0.00656	0.01395	0.01148	0.01805	0.00984	0.01148	0.00820	0.00410	0.00410	0.00082	0.00410	0.00328	0.00328	0.83922
27	0.01264	0.12712	0.01629	0.01093	0.01399	0.01347	0.00921	0.04788	0.01101	0.01635	0.00874	0.01142	0.00776	0.00637	0.00927	0.00150	0.29586	0.00389	0.00294	0.37336
28	0.01813	0.02242	0.02043	0.01676	0.02028	0.52692	0.21751	0.02072	0.02861	0.01490	0.00952	0.01165	0.00768	0.00559	0.00590	0.00159	0.03729	0.00449	0.00288	0.00674
29	0.01309	0.01253	0.02137	0.17744	0.63217	0.01300	0.01669	0.01646	0.01232	0.01735	0.01031	0.01391	0.00851	0.00505	0.00549	0.00168	0.00673	0.00493	0.00269	0.00828
30	0.00779	0.00562	0.00736	0.00700	0.00826	0.00519	0.00522	0.01033	0.01544	0.02184	0.73416	0.07615	0.05154	0.01160	0.00656	0.00177	0.00264	0.01028	0.00605	0.00519
31	0.00695	0.00508	0.00651	0.00745	0.00810	0.00469	0.00516	0.00817	0.01136	0.01501	0.09938	0.58680	0.13241	0.03288	0.00742	0.00223	0.00324	0.04738	0.00519	0.00459
32	0.77434	0.07818	0.00991	0.00747	0.01101	0.01323	0.00629	0.01631	0.00958	0.02385	0.00771	0.00899	0.00609	0.00511	0.00344	0.00167	0.00442	0.00300	0.00334	0.00609
33	0.01401	0.01398	0.02139	0.09964	0.64203	0.07818	0.01632	0.01718	0.01273	0.01736	0.01021	0.01349	0.00851	0.00505	0.00545	0.00164	0.00694	0.00482	0.00273	0.00834
34	0.01312	0.01864	0.20080	0.01973	0.02565	0.07583	0.46656	0.01776	0.01285	0.01738	0.01060	0.01353	0.00797	0.00485	0.00593	0.00173	0.00873	0.00549	0.00274	0.07013
35	0.02069	0.02640	0.01569	0.01427	0.01712	0.78313	0.01070	0.02212	0.01569	0.01355	0.00856	0.00999	0.00713	0.00571	0.00499	0.00143	0.00999	0.00357	0.00285	0.00642
36	0.00657	0.00552	0.00571	0.00586	0.00755	0.00465	0.00432	0.00792	0.01238	0.01486	0.05304	0.14287	0.68097	0.01442	0.00661	0.00192	0.00285	0.01217	0.00514	0.00465
37	0.00962	0.00481	0.00722	0.00722	0.00722	0.00481	0.00481	0.00722	0.00722	0.00962	0.00962	0.01684	0.00962	0.01924	0.02165	0.83886	0.00481	0.00481	0.00241	0.00241
38	0.01873	0.01402	0.01545	0.01238	0.01612	0.01585	0.01011	0.47536	0.20245	0.06995	0.01549	0.01528	0.01129	0.00713	0.00663	0.00178	0.07232	0.00532	0.00537	0.00898
39	0.00790	0.00681	0.00850	0.01034	0.11901	0.00613	0.00668	0.00972	0.01264	0.01563	0.04597	0.04874	0.56208	0.01287	0.00653	0.00193	0.00365	0.10476	0.00479	0.00533
40	0.00790	0.00569	0.00754	0.00750	0.00872	0.00533	0.00576	0.01037	0.01482	0.02071	0.59814	0.10873	0.04797	0.01241	0.00674	0.00190	0.00303	0.11572	0.00587	0.00515
41	0.02485	0.00943	0.01285	0.00985	0.01414	0.00814	0.00814	0.02699	0.01585	0.77465	0.02185	0.01885	0.01371	0.00685	0.00557	0.00171	0.00471	0.00557	0.00685	0.00943
42	0.01768	0.25893	0.01961	0.01186	0.01567	0.17349	0.01002	0.26608	0.08032	0.02136	0.01125	0.01216	0.00896	0.00730	0.03299	0.00177	0.03472	0.00422	0.00383	0.00777
43	0.01794	0.01837	0.01420	0.01240	0.01537	0.37066	0.00970	0.24229	0.01860	0.02158	0.12219	0.02000	0.01648	0.00762	0.00561	0.00164	0.00731	0.06665	0.00433	0.00705
44	0.01212	0.01212	0.01696	0.01454	0.01454	0.01696	0.01212	0.01333	0.00848	0.01333	0.00727	0.01212	0.00727	0.00969	0.01818	0.00242	0.79523	0.00485	0.00242	0.00606
45	0.01251	0.01367	0.02844	0.20070	0.07090	0.01357	0.54220	0.01687	0.01259	0.01693	0.01085	0.01483	0.00819	0.00488	0.00625	0.00185	0.00874	0.00608	0.00272	0.00724
46	0.07640	0.64334	0.02575	0.00998	0.01421	0.08289	0.00946	0.01684	0.01133	0.01396	0.00775	0.00916	0.00704	0.00511	0.00445	0.00131	0.04851	0.00311	0.00249	0.00691
47	0.02031	0.01730	0.01606	0.01290	0.01691	0.16621	0.01040	0.54291	0.09217	0.02965	0.01323	0.01333	0.00967	0.00655	0.00544	0.00164	0.00669	0.00483	0.00503	0.00877
48	0.01442	0.01322	0.01295	0.00991	0.01439	0.12198	0.00787	0.13263	0.04073	0.02024	0.01065	0.01188	0.00855	0.00486	0.00451	0.00108	0.00528	0.00370	0.00366	0.55750
49	0.00978	0.00797	0.01225	0.05604	0.01487	0.00848	0.07542	0.01283	0.03264	0.01645	0.02456	0.05016	0.02592	0.01312	0.00827	0.00242	0.07239	0.54636	0.00453	0.00555
50	0.01674	0.01182	0.04467	0.01648	0.12155	0.01094	0.16558	0.02197	0.13557	0.27641	0.01859	0.02234	0.01428	0.00715	0.00600	0.00186	0.00605	0.08883	0.00488	0.00828
51	0.08423	0.58872	0.17343	0.01052	0.01583	0.01934	0.01133	0.01674	0.01118	0.01491	0.00814	0.00944	0.00700	0.00487	0.00388	0.00134	0.00623	0.00319	0.00245	0.00722
52	0.00687	0.00545	0.00622	0.00675	0.00809	0.00481	0.00501	0.00826	0.01202	0.01489	0.04537	0.28263	0.46463	0.01518	0.00683	0.00206	0.00318	0.09195	0.00514	0.00467
53	0.01654	0.57795	0.02509	0.01089	0.01507	0.24644	0.00984	0.01822	0.01256	0.01318	0.00795	0.00921	0.00712	0.00502	0.00398	0.00126	0.00712	0.00314	0.00251	0.00690
54	0.00926	0.00494	0.00694	0.00694	0.00694	0.00494	0.00448	0.00741	0.00741	0.00988	0.01142	0.02130	0.01204	0.20003	0.02315	0.64718	0.00494	0.00556	0.00262	0.00262
55	0.01766	0.23813	0.01934	0.01243	0.01592	0.29817	0.02510	0.15655	0.01578	0.03145	0.01120	0.01510	0.00980	0.00661	0.00557	0.00156	0.04353	0.06554	0.00347	0.00712
56	0.01111	0.02865	0.77667	0.01579	0.02397	0.01286	0.02046	0.01754	0.01169	0.01754	0.00994	0.01169	0.00702	0.00526	0.00526	0.00175	0.00818	0.00409	0.00234	0.00818
57	0.00892	0.00637	0.00892	0.01020	0.01147	0.00637	0.00892	0.01147	0.01275	0.01657	0.02932	0.06247	0.03187	0.01530	0.00765	0.00255	0.00510	0.73354	0.00510	0.00510
58	0.01111	0.02865	0.77667	0.01579	0.02397	0.01286	0.02046	0.01754	0.01169	0.01754	0.00994	0.01169	0.00702	0.00526	0.00526	0.00175	0.00818	0.00409	0.00234	0.00818
59	0.77425	0.01081	0.00851	0.00762	0.01102	0.01254	0.00623	0.01739	0.07295	0.02471	0.00897	0.00998	0.00692	0.00534	0.00361	0.00173	0.00429	0.00327	0.00361	0.00623
60	0.00675	0.00482	0.00643	0.00771	0.00803	0.00450	0.00514	0.00771	0.01060	0.01414	0.03053	0.80175	0.03663	0.01735	0.00707	0.00225	0.00321	0.01574	0.00514	0.00450
61	0.00805	0.00537	0.00604	0.00604	0.00604	0.00537	0.00336	0.00805	0.00805	0.01074	0.01745	0.03624	0.02013	0.80536	0.02819	0.00537	0.00537	0.00805	0.00336	0.00336
62	0.01032	0.00516	0.00516	0.00516	0.00645	0.00516	0.00387	0.01290	0.01161	0.02065	0.01807	0.02065	0.01420	0.00645	0.00387	0.00129	0.00258	0.00516	0.83611	0.00516
63	0.00870	0.00803	0.01454	0.01242	0.01450	0.00747	0.23721	0.01085	0.01152	0.01532	0.02640	0.50151	0.08189	0.01316	0.00686	0.00210	0.00509	0.01258	0.00441	0.00544
64	0.01307	0.01494	0.03268	0.02334	0.02894	0.01401	0.75070	0.01774	0.01307	0.01774	0.01120	0.01494	0.00840	0.00467	0.00654	0.00187	0.00934	0.00654	0.00280	0.00747
65	0.01515	0.01216	0.01419	0.01160	0.01538	0.01298	0.05169	0.17004	0.40112	0.05879	0.04472	0.01818	0.01477	0.00679	0.00547	0.00167	0.00492	0.00569	0.00518	0.12950

[dist]
# distance from previous block
# <min> <max>
1	3

[block]
# block no. 7 follows, 43 sequences, length 10
# corresponding to MSA columns:
# 984-993
name=unknown_H
#
# <colnr> <probs for GDERKNQSTAVLIFYWHMCP>
#	G	D	E	R	K	N	Q	S	T	A	V	L	I	F	Y	W	H	M	C	P
0	0.01249	0.01847	0.23262	0.02079	0.02676	0.01387	0.51019	0.01743	0.01243	0.01743	0.01063	0.01390	0.00796	0.00512	0.00688	0.00187	0.05517	0.00578	0.00265	0.00758
1	0.70027	0.01171	0.00860	0.00776	0.01096	0.08328	0.00626	0.01655	0.01018	0.02346	0.00863	0.01004	0.00677	0.00530	0.00361	0.00165	0.00467	0.00323	0.07110	0.00597
2	0.02105	0.01551	0.01662	0.01274	0.01717	0.01717	0.01053	0.75235	0.02604	0.03490	0.01330	0.01330	0.00942	0.00665	0.00554	0.00166	0.00609	0.00499	0.00554	0.00942
3	0.01148	0.00984	0.01148	0.00820	0.01312	0.00738	0.00656	0.01395	0.01148	0.01805	0.00984	0.01148	0.00820	0.00410	0.00410	0.00082	0.00410	0.00328	0.00328	0.83922
4	0.01313	0.01231	0.01994	0.02934	0.63280	0.01205	0.01500	0.01589	0.01302	0.01816	0.01889	0.02138	0.13915	0.00694	0.00595	0.00181	0.00615	0.00630	0.00339	0.00840
5	0.00823	0.00632	0.00802	0.00807	0.00973	0.00545	0.00588	0.00974	0.01104	0.01542	0.02483	0.51986	0.02851	0.01358	0.00632	0.00189	0.00363	0.07892	0.00464	0.22991
6	0.62093	0.01139	0.00973	0.00851	0.01198	0.01313	0.00692	0.09156	0.13938	0.02556	0.01080	0.01142	0.00820	0.00570	0.00401	0.00174	0.00448	0.00375	0.00401	0.00681
7	0.01292	0.01136	0.01636	0.44113	0.05272	0.05875	0.03211	0.01587	0.01158	0.08511	0.01057	0.01413	0.00809	0.00607	0.00716	0.00178	0.11731	0.00477	0.00299	0.08923
8	0.01465	0.10662	0.14504	0.26423	0.12392	0.14482	0.01426	0.01799	0.01266	0.08968	0.01065	0.01303	0.00805	0.00548	0.00517	0.00164	0.00743	0.00440	0.00297	0.00731
9	0.20639	0.16480	0.01676	0.01373	0.14274	0.05128	0.00966	0.18841	0.01488	0.02209	0.01438	0.01530	0.08326	0.00626	0.00470	0.00157	0.00553	0.00469	0.00374	0.02981

[dist]
# distance from previous block
# <min> <max>
0	15

[block]
# block no. 8 follows, 43 sequences, length 8
# corresponding to MSA columns:
# 1009-1016
name=unknown_I
#
# <colnr> <probs for GDERKNQSTAVLIFYWHMCP>
#	G	D	E	R	K	N	Q	S	T	A	V	L	I	F	Y	W	H	M	C	P
0	0.56001	0.01342	0.01098	0.00932	0.01294	0.08798	0.00758	0.20008	0.01417	0.02626	0.00918	0.01016	0.00696	0.00557	0.00410	0.00167	0.00529	0.00355	0.00390	0.00689
1	0.01265	0.08743	0.01369	0.08646	0.04570	0.01213	0.00933	0.08834	0.22450	0.01995	0.01788	0.02402	0.01533	0.00966	0.04429	0.00216	0.03741	0.11576	0.12630	0.00703
2	0.01487	0.61144	0.02507	0.00975	0.01433	0.09370	0.00915	0.01672	0.01172	0.01384	0.00811	0.00939	0.00728	0.00474	0.00378	0.00115	0.00604	0.00307	0.00255	0.13330
3	0.13940	0.01142	0.01253	0.01115	0.01430	0.01299	0.04367	0.02544	0.55117	0.02264	0.02030	0.02198	0.01605	0.00764	0.00550	0.00191	0.00466	0.06415	0.00512	0.00799
4	0.01046	0.00804	0.00961	0.00877	0.01117	0.00742	0.00669	0.12283	0.01348	0.01866	0.02298	0.35735	0.05352	0.01165	0.00603	0.00177	0.00407	0.07969	0.00467	0.24112
5	0.01368	0.57161	0.25626	0.01139	0.01718	0.01916	0.01282	0.01687	0.01139	0.01440	0.00838	0.00974	0.00708	0.00490	0.00407	0.00136	0.00661	0.00331	0.00236	0.00743
6	0.01529	0.01069	0.01581	0.49608	0.02955	0.01222	0.01303	0.13895	0.01457	0.18007	0.01298	0.01540	0.00907	0.00600	0.00554	0.00179	0.00660	0.00507	0.00391	0.00739
7	0.01266	0.01209	0.02059	0.27870	0.53430	0.01288	0.01648	0.01608	0.01211	0.01682	0.01023	0.01405	0.00832	0.00513	0.00550	0.00171	0.00684	0.00493	0.00265	0.00793

[dist]
# distance from previous block
# <min> <max>
0	2

[block]
# block no. 9 follows, 43 sequences, length 26
# corresponding to MSA columns:
# 1020-1045
name=unknown_J
#
# <colnr> <probs for GDERKNQSTAVLIFYWHMCP>
#	G	D	E	R	K	N	Q	S	T	A	V	L	I	F	Y	W	H	M	C	P
0	0.01257	0.01196	0.02015	0.27646	0.50487	0.01265	0.01606	0.01596	0.01207	0.01683	0.01021	0.01396	0.00830	0.00509	0.00544	0.00168	0.00674	0.00486	0.00267	0.04145
1	0.01205	0.02305	0.50396	0.02237	0.29403	0.01297	0.01921	0.01734	0.01202	0.01774	0.01011	0.01242	0.00765	0.00514	0.00534	0.00171	0.00760	0.00440	0.00248	0.00840
2	0.01677	0.08713	0.19526	0.01252	0.01718	0.15613	0.01198	0.28966	0.01769	0.02323	0.01175	0.01285	0.00883	0.00596	0.00500	0.00155	0.00685	0.00436	0.10744	0.00785
3	0.01622	0.01672	0.01424	0.01251	0.01575	0.26082	0.02970	0.05926	0.43705	0.02026	0.01680	0.01637	0.01284	0.00668	0.00539	0.00168	0.00639	0.00522	0.00456	0.04153
4	0.01111	0.02865	0.77667	0.01579	0.02397	0.01286	0.02046	0.01754	0.01169	0.01754	0.00994	0.01169	0.00702	0.00526	0.00526	0.00175	0.00818	0.00409	0.00234	0.00818
5	0.00655	0.00561	0.00561	0.00561	0.00748	0.00468	0.00421	0.00795	0.01262	0.01496	0.05610	0.05330	0.76857	0.01403	0.00655	0.00187	0.00281	0.01169	0.00514	0.00468
6	0.01467	0.01297	0.01299	0.01154	0.01475	0.05781	0.00900	0.07925	0.66733	0.02344	0.02110	0.01954	0.01583	0.00735	0.00559	0.00184	0.00482	0.00602	0.00547	0.00868
7	0.00675	0.00482	0.00643	0.00771	0.00803	0.00450	0.00514	0.00771	0.01060	0.01414	0.03053	0.80175	0.03663	0.01735	0.00707	0.00225	0.00321	0.01574	0.00514	0.00450
8	0.00675	0.00482	0.00643	0.00771	0.00803	0.00450	0.00514	0.00771	0.01060	0.01414	0.03053	0.80175	0.03663	0.01735	0.00707	0.00225	0.00321	0.01574	0.00514	0.00450
9	0.01481	0.80869	0.02902	0.00948	0.01421	0.02191	0.00948	0.01658	0.01125	0.01303	0.00770	0.00888	0.00711	0.00474	0.00355	0.00118	0.00592	0.00296	0.00237	0.00711
10	0.84448	0.01071	0.00814	0.00728	0.01071	0.01242	0.00600	0.01628	0.00943	0.02485	0.00771	0.00900	0.00600	0.00514	0.00343	0.00171	0.00428	0.00300	0.00343	0.00600
11	0.01371	0.01316	0.02248	0.03399	0.77081	0.01316	0.01700	0.01700	0.01261	0.01809	0.01042	0.01371	0.00877	0.00493	0.00548	0.00164	0.00658	0.00493	0.00274	0.00877
12	0.01046	0.00984	0.01661	0.79205	0.03814	0.01230	0.01538	0.01415	0.01107	0.01415	0.00984	0.01477	0.00738	0.00554	0.00554	0.00185	0.00738	0.00492	0.00246	0.00615
13	0.02064	0.01531	0.01639	0.01266	0.01702	0.01698	0.01043	0.71119	0.06787	0.03424	0.01382	0.01372	0.00984	0.00670	0.00555	0.00167	0.00600	0.00506	0.00555	0.00938
14	0.00675	0.00482	0.00643	0.00771	0.00803	0.00450	0.00514	0.00771	0.01060	0.01414	0.03053	0.80175	0.03663	0.01735	0.00707	0.00225	0.00321	0.01574	0.00514	0.00450
15	0.02069	0.02640	0.01569	0.01427	0.01712	0.78313	0.01070	0.02212	0.01569	0.01355	0.00856	0.00999	0.00713	0.00571	0.00499	0.00143	0.00999	0.00357	0.00285	0.00642
16	0.00778	0.00566	0.00732	0.00691	0.00824	0.00520	0.00518	0.01034	0.01554	0.02188	0.73527	0.04192	0.08508	0.01145	0.00653	0.00175	0.00262	0.01009	0.00605	0.00520
17	0.02069	0.02640	0.01569	0.01427	0.01712	0.78313	0.01070	0.02212	0.01569	0.01355	0.00856	0.00999	0.00713	0.00571	0.00499	0.00143	0.00999	0.00357	0.00285	0.00642
18	0.00655	0.00561	0.00561	0.00561	0.00748	0.00468	0.00421	0.00795	0.01262	0.01496	0.05610	0.05330	0.76857	0.01403	0.00655	0.00187	0.00281	0.01169	0.00514	0.00468
19	0.00804	0.00542	0.00632	0.00632	0.00642	0.00552	0.00371	0.00823	0.00814	0.01095	0.01719	0.03482	0.01952	0.73053	0.10218	0.00572	0.00630	0.00785	0.00332	0.00351
20	0.00675	0.00482	0.00643	0.00771	0.00803	0.00450	0.00514	0.00771	0.01060	0.01414	0.03053	0.80175	0.03663	0.01735	0.00707	0.00225	0.00321	0.01574	0.00514	0.00450
21	0.01346	0.01291	0.02204	0.09118	0.71554	0.01309	0.01688	0.01678	0.01249	0.01780	0.01037	0.01379	0.00867	0.00498	0.00549	0.00166	0.00664	0.00493	0.00272	0.00857
22	0.01307	0.01494	0.03268	0.02334	0.02894	0.01401	0.75070	0.01774	0.01307	0.01774	0.01120	0.01494	0.00840	0.00467	0.00654	0.00187	0.00934	0.00654	0.00280	0.00747
23	0.00805	0.00537	0.00604	0.00604	0.00604	0.00537	0.00336	0.00805	0.00805	0.01074	0.01745	0.03624	0.02013	0.80536	0.02819	0.00537	0.00537	0.00805	0.00336	0.00336
24	0.01096	0.01036	0.01752	0.67462	0.15164	0.01244	0.01563	0.01459	0.01131	0.01476	0.00993	0.01460	0.00760	0.00544	0.00553	0.00181	0.00726	0.00492	0.00250	0.00656
25	0.14461	0.01279	0.01306	0.01109	0.01465	0.01457	0.00886	0.24172	0.42658	0.02691	0.01750	0.01667	0.01300	0.00689	0.00527	0.00179	0.00488	0.00538	0.00527	0.00853

[dist]
# distance from previous block
# <min> <max>
0	2

[block]
# block no. 10 follows, 43 sequences, length 97
# corresponding to MSA columns:
# 1048-1144
name=unknown_K
#
# <colnr> <probs for GDERKNQSTAVLIFYWHMCP>
#	G	D	E	R	K	N	Q	S	T	A	V	L	I	F	Y	W	H	M	C	P
0	0.01941	0.01531	0.01566	0.01250	0.01656	0.05873	0.01014	0.55123	0.18888	0.03111	0.01509	0.01475	0.01096	0.00679	0.00553	0.00170	0.00593	0.00519	0.00541	0.00911
1	0.02037	0.02488	0.01583	0.01415	0.01702	0.68619	0.01074	0.08446	0.01629	0.01538	0.00891	0.01036	0.00734	0.00595	0.00558	0.00149	0.04160	0.00374	0.00307	0.00666
2	0.01294	0.31701	0.41962	0.01361	0.02014	0.01623	0.05613	0.01774	0.03462	0.03051	0.00979	0.01124	0.00756	0.00513	0.00471	0.00155	0.00722	0.00390	0.00256	0.00779
3	0.01393	0.61289	0.17940	0.01099	0.01620	0.01985	0.01182	0.01662	0.01121	0.01395	0.00813	0.00961	0.00710	0.00508	0.00460	0.00136	0.04434	0.00328	0.00237	0.00727
4	0.00655	0.00561	0.00561	0.00561	0.00748	0.00468	0.00421	0.00795	0.01262	0.01496	0.05610	0.05330	0.76857	0.01403	0.00655	0.00187	0.00281	0.01169	0.00514	0.00468
5	0.00692	0.00587	0.00600	0.00592	0.00781	0.00509	0.00446	0.00899	0.04391	0.01572	0.09605	0.05125	0.69571	0.01360	0.00651	0.00186	0.00286	0.01137	0.00522	0.00488
