[name]
unknown

[dist]
# distance from previous block
# <min> <max>
2	128

[block]
# block no. 0 follows, 46 sequences, length 46
# corresponding to MSA columns:
# 128-173
name=unknown_A
#
# <colnr> <probs for GDERKNQSTAVLIFYWHMCP>
#	G	D	E	R	K	N	Q	S	T	A	V	L	I	F	Y	W	H	M	C	P
0	0.01485	0.01255	0.03778	0.02453	0.50332	0.01219	0.01366	0.10302	0.05774	0.10194	0.01206	0.01378	0.00933	0.00520	0.00518	0.00155	0.00582	0.00474	0.00352	0.05725
1	0.00774	0.00475	0.00576	0.00649	0.00716	0.00460	0.00451	0.00926	0.01043	0.01576	0.02428	0.49377	0.02637	0.01341	0.02950	0.00200	0.00318	0.01100	0.31547	0.00454
2	0.00695	0.00524	0.00638	0.00639	0.00759	0.00472	0.00466	0.00877	0.01308	0.01757	0.41808	0.18381	0.25198	0.03241	0.00684	0.00187	0.00272	0.01097	0.00533	0.00467
3	0.01096	0.00940	0.01096	0.00783	0.01253	0.00705	0.00626	0.01331	0.01096	0.01723	0.00940	0.01096	0.00783	0.00392	0.00392	0.00078	0.00392	0.00313	0.00313	0.84653
4	0.02350	0.00935	0.01249	0.00958	0.01367	0.00830	0.00791	0.07120	0.01573	0.73861	0.02035	0.01767	0.01283	0.00653	0.00531	0.00163	0.00458	0.00528	0.00647	0.00900
5	0.00998	0.00940	0.01586	0.80150	0.03641	0.01175	0.01468	0.01351	0.01057	0.01351	0.00940	0.01409	0.00705	0.00529	0.00529	0.00176	0.00705	0.00470	0.00235	0.00587
6	0.00755	0.00566	0.00850	0.00850	0.00944	0.00661	0.00661	0.00944	0.00850	0.01227	0.01416	0.02077	0.01322	0.03965	0.79326	0.00850	0.01416	0.00566	0.00283	0.00472
7	0.00731	0.00574	0.00664	0.00635	0.00793	0.00526	0.00478	0.01007	0.05946	0.01834	0.42761	0.04309	0.35475	0.01167	0.00619	0.00172	0.00267	0.01002	0.00541	0.00497
8	0.00644	0.00460	0.00613	0.00736	0.00767	0.00429	0.00491	0.00736	0.01012	0.01350	0.02914	0.81076	0.03497	0.01656	0.00675	0.00215	0.00307	0.01503	0.00491	0.00429
9	0.02351	0.00934	0.01248	0.00957	0.01366	0.00827	0.00790	0.06871	0.01570	0.74115	0.02038	0.01769	0.01285	0.00653	0.00531	0.00163	0.00458	0.00528	0.00647	0.00900
10	0.02704	0.00535	0.00645	0.00646	0.00771	0.00487	0.00473	0.00896	0.01309	0.01790	0.41974	0.19596	0.23751	0.01250	0.00627	0.00179	0.00269	0.01091	0.00534	0.00473
11	0.00665	0.00474	0.00632	0.00752	0.00789	0.00446	0.00517	0.00767	0.01023	0.01361	0.02873	0.72872	0.03419	0.03631	0.00730	0.00225	0.00327	0.07580	0.00486	0.00431
12	0.80319	0.01049	0.00824	0.00726	0.01058	0.01212	0.00598	0.05906	0.00992	0.02428	0.00767	0.00883	0.00592	0.00499	0.00339	0.00163	0.00419	0.00297	0.00339	0.00592
13	0.02010	0.01481	0.01587	0.01216	0.01639	0.01639	0.01005	0.76360	0.02486	0.03332	0.01269	0.01269	0.00899	0.00635	0.00529	0.00159	0.00582	0.00476	0.00529	0.00899
14	0.00668	0.00530	0.00530	0.00530	0.00702	0.00452	0.00398	0.00815	0.01193	0.01493	0.04921	0.04715	0.68752	0.01252	0.00594	0.00172	0.00265	0.01041	0.10522	0.00452
15	0.66791	0.00995	0.00877	0.00750	0.01095	0.01095	0.00618	0.01781	0.01036	0.19257	0.01035	0.01067	0.00736	0.00527	0.00373	0.00164	0.00418	0.00341	0.00400	0.00645
16	0.00852	0.00608	0.00852	0.00974	0.01095	0.00608	0.00852	0.01095	0.01217	0.01582	0.02799	0.05963	0.03042	0.01460	0.00730	0.00243	0.00487	0.74565	0.00487	0.00487
17	0.02372	0.00900	0.01227	0.00941	0.01350	0.00777	0.00777	0.02576	0.01513	0.78489	0.02086	0.01799	0.01309	0.00654	0.00532	0.00164	0.00450	0.00532	0.00654	0.00900
18	0.00625	0.00536	0.00536	0.00536	0.00714	0.00446	0.00402	0.00759	0.01205	0.01428	0.05355	0.05088	0.77909	0.01339	0.00625	0.00179	0.00268	0.01116	0.00491	0.00446
19	0.00677	0.00538	0.00608	0.00590	0.00746	0.00469	0.00443	0.00860	0.01329	0.01722	0.36101	0.04605	0.46980	0.01229	0.00624	0.00173	0.00260	0.01048	0.00530	0.00469
20	0.00755	0.00566	0.00850	0.00850	0.00944	0.00661	0.00661	0.00944	0.00850	0.01227	0.01416	0.02077	0.01322	0.03965	0.79326	0.00850	0.01416	0.00566	0.00283	0.00472
21	0.85155	0.01022	0.00777	0.00695	0.01022	0.01186	0.00573	0.01554	0.00900	0.02372	0.00736	0.00859	0.00573	0.00491	0.00327	0.00164	0.00409	0.00286	0.00327	0.00573
22	0.00644	0.00460	0.00613	0.00736	0.00767	0.00429	0.00491	0.00736	0.01012	0.01350	0.02914	0.81076	0.03497	0.01656	0.00675	0.00215	0.00307	0.01503	0.00491	0.00429
23	0.01308	0.01256	0.02146	0.03245	0.78123	0.01256	0.01622	0.01622	0.01204	0.01727	0.00994	0.01308	0.00837	0.00471	0.00523	0.00157	0.00628	0.00471	0.00262	0.00837
24	0.00748	0.00540	0.00707	0.00665	0.00790	0.00499	0.00499	0.00998	0.01496	0.02120	0.77844	0.03949	0.04988	0.01081	0.00624	0.00166	0.00249	0.00956	0.00582	0.00499
25	0.01975	0.02520	0.01498	0.01362	0.01634	0.79299	0.01021	0.02111	0.01498	0.01294	0.00817	0.00953	0.00681	0.00545	0.00477	0.00136	0.00953	0.00340	0.00272	0.00613
26	0.00644	0.00460	0.00613	0.00736	0.00767	0.00429	0.00491	0.00736	0.01012	0.01350	0.02914	0.81076	0.03497	0.01656	0.00675	0.00215	0.00307	0.01503	0.00491	0.00429
27	0.02010	0.01481	0.01587	0.01216	0.01639	0.01639	0.01005	0.76360	0.02486	0.03332	0.01269	0.01269	0.00899	0.00635	0.00529	0.00159	0.00582	0.00476	0.00529	0.00899
28	0.00748	0.00540	0.00707	0.00665	0.00790	0.00499	0.00499	0.00998	0.01496	0.02120	0.77844	0.03949	0.04988	0.01081	0.00624	0.00166	0.00249	0.00956	0.00582	0.00499
29	0.02372	0.00900	0.01227	0.00941	0.01350	0.00777	0.00777	0.02576	0.01513	0.78489	0.02086	0.01799	0.01309	0.00654	0.00532	0.00164	0.00450	0.00532	0.00654	0.00900
30	0.00852	0.00608	0.00852	0.00974	0.01095	0.00608	0.00852	0.01095	0.01217	0.01582	0.02799	0.05963	0.03042	0.01460	0.00730	0.00243	0.00487	0.74565	0.00487	0.00487
31	0.00744	0.00540	0.00700	0.00660	0.00787	0.00497	0.00495	0.00989	0.01486	0.02094	0.75168	0.03991	0.07681	0.01090	0.00624	0.00167	0.00250	0.00962	0.00579	0.00497
32	0.02372	0.00900	0.01227	0.00941	0.01350	0.00777	0.00777	0.02576	0.01513	0.78489	0.02086	0.01799	0.01309	0.00654	0.00532	0.00164	0.00450	0.00532	0.00654	0.00900
33	0.00852	0.00608	0.00852	0.00974	0.01095	0.00608	0.00852	0.01095	0.01217	0.01582	0.02799	0.05963	0.03042	0.01460	0.00730	0.00243	0.00487	0.74565	0.00487	0.00487
34	0.00677	0.00486	0.00643	0.00713	0.00774	0.00452	0.00493	0.00820	0.01167	0.01596	0.26886	0.56401	0.03974	0.01472	0.00658	0.00199	0.00288	0.01328	0.00520	0.00452
35	0.01975	0.02520	0.01498	0.01362	0.01634	0.79299	0.01021	0.02111	0.01498	0.01294	0.00817	0.00953	0.00681	0.00545	0.00477	0.00136	0.00953	0.00340	0.00272	0.00613
36	0.01157	0.01157	0.01619	0.01388	0.01388	0.01619	0.01157	0.01272	0.00810	0.01272	0.00694	0.01157	0.00694	0.00925	0.01735	0.00231	0.80453	0.00463	0.00231	0.00578
37	0.01476	0.01216	0.01286	0.01109	0.01436	0.01390	0.00876	0.19906	0.59808	0.02472	0.01947	0.01809	0.01448	0.00698	0.00536	0.00175	0.00456	0.00569	0.00536	0.00851
38	0.02316	0.00980	0.03919	0.00968	0.01390	0.00817	0.00824	0.04613	0.01527	0.73723	0.02023	0.01761	0.01275	0.00648	0.00531	0.00164	0.00465	0.00525	0.00636	0.00896
39	0.00671	0.00534	0.00604	0.00624	0.00759	0.00475	0.00453	0.00852	0.03302	0.01553	0.17529	0.23953	0.44095	0.01356	0.00635	0.00185	0.00278	0.01171	0.00508	0.00462
40	0.10232	0.01295	0.10785	0.03386	0.22941	0.01182	0.01217	0.04586	0.01229	0.23224	0.01228	0.01353	0.00898	0.00608	0.00697	0.00173	0.13353	0.00458	0.00378	0.00776
41	0.03157	0.01243	0.04372	0.06168	0.03892	0.11367	0.04159	0.01736	0.02959	0.20628	0.01425	0.10069	0.01224	0.00810	0.00873	0.00188	0.22564	0.02105	0.00387	0.00673
42	0.15449	0.06191	0.01388	0.03287	0.01352	0.05759	0.04300	0.05087	0.01072	0.04555	0.01349	0.13329	0.03540	0.00879	0.00925	0.00193	0.27739	0.02678	0.00336	0.00591
43	0.21942	0.04381	0.01540	0.01239	0.03188	0.14235	0.08314	0.14350	0.03455	0.09701	0.01046	0.01175	0.00797	0.00601	0.00642	0.00168	0.11740	0.00422	0.00366	0.00699
44	0.06073	0.07245	0.11429	0.01115	0.01463	0.05513	0.02673	0.11013	0.01375	0.18330	0.10335	0.03109	0.01408	0.00704	0.00705	0.00168	0.13386	0.00518	0.00415	0.03023
45	0.16642	0.07787	0.03432	0.01068	0.05011	0.12097	0.02493	0.12406	0.01401	0.04859	0.12583	0.06292	0.04948	0.00706	0.00488	0.00153	0.00520	0.00557	0.00399	0.06157

[dist]
# distance from previous block
# <min> <max>
5	19

[block]
# block no. 1 follows, 46 sequences, length 9
# corresponding to MSA columns:
# 193-201
name=unknown_B
#
# <colnr> <probs for GDERKNQSTAVLIFYWHMCP>
#	G	D	E	R	K	N	Q	S	T	A	V	L	I	F	Y	W	H	M	C	P
0	0.01621	0.06675	0.04685	0.01296	0.07791	0.18735	0.00993	0.26146	0.03551	0.02147	0.03647	0.01242	0.00954	0.00552	0.00479	0.00135	0.00621	0.00416	0.00376	0.17938
1	0.01470	0.08988	0.05608	0.01080	0.01439	0.01038	0.08613	0.03819	0.15162	0.22891	0.03768	0.15225	0.01639	0.00781	0.00540	0.00166	0.00489	0.00683	0.00473	0.06129
2	0.00904	0.08528	0.20916	0.05906	0.01419	0.00883	0.00973	0.01232	0.01260	0.01756	0.33416	0.02700	0.09470	0.00999	0.04777	0.00198	0.00511	0.00694	0.00404	0.03054
3	0.01105	0.09596	0.56923	0.01367	0.02061	0.01229	0.04440	0.01613	0.01114	0.01643	0.00932	0.01100	0.00693	0.00478	0.00475	0.00149	0.00705	0.00378	0.00239	0.13758
4	0.01058	0.01495	0.27710	0.01268	0.07474	0.00983	0.03274	0.08258	0.06131	0.02013	0.28823	0.02380	0.05367	0.00764	0.00560	0.00167	0.00521	0.00656	0.00414	0.00683
5	0.00985	0.00493	0.00493	0.00493	0.00616	0.00493	0.00370	0.01232	0.01109	0.01971	0.01725	0.01971	0.01355	0.00616	0.00370	0.00123	0.00246	0.00493	0.84356	0.00493
6	0.04954	0.01527	0.14350	0.01652	0.08843	0.03785	0.19903	0.17883	0.01417	0.01990	0.01209	0.09197	0.01048	0.00674	0.00679	0.00178	0.09062	0.00587	0.00338	0.00724
7	0.21974	0.01014	0.01195	0.00987	0.05230	0.00925	0.03950	0.04597	0.01167	0.11414	0.01053	0.01157	0.00804	0.00465	0.00415	0.00121	0.00444	0.00362	0.00363	0.42365
8	0.01323	0.13391	0.06329	0.00933	0.01410	0.01133	0.00827	0.16239	0.01369	0.01966	0.00974	0.01094	0.00783	0.00456	0.00418	0.00105	0.00480	0.00346	0.00337	0.50088

[dist]
# distance from previous block
# <min> <max>
3	11

[block]
# block no. 2 follows, 46 sequences, length 64
# corresponding to MSA columns:
# 213-276
name=unknown_C
#
# <colnr> <probs for GDERKNQSTAVLIFYWHMCP>
#	G	D	E	R	K	N	Q	S	T	A	V	L	I	F	Y	W	H	M	C	P
0	0.09201	0.01381	0.18745	0.01055	0.01506	0.01039	0.01019	0.07577	0.13631	0.25835	0.05951	0.01713	0.03220	0.00641	0.00507	0.00163	0.00507	0.00511	0.00472	0.05327
1	0.08891	0.01002	0.01434	0.01738	0.29731	0.00978	0.01029	0.01890	0.06243	0.27276	0.03343	0.05935	0.06822	0.00686	0.00527	0.00166	0.00486	0.00593	0.00451	0.00779
2	0.02868	0.04717	0.01205	0.00933	0.01185	0.00831	0.08235	0.09764	0.01484	0.08399	0.38546	0.10374	0.03135	0.00909	0.00578	0.00164	0.00400	0.00807	0.00505	0.04961
3	0.01138	0.04037	0.58555	0.01615	0.02321	0.01261	0.16615	0.01724	0.03110	0.03227	0.01022	0.01208	0.00733	0.00499	0.00525	0.00169	0.00783	0.00443	0.00249	0.00769
4	0.04351	0.72129	0.07610	0.00946	0.01411	0.03592	0.00963	0.01599	0.01079	0.01313	0.00751	0.00868	0.00674	0.00459	0.00352	0.00119	0.00582	0.00291	0.00230	0.00680
5	0.85155	0.01022	0.00777	0.00695	0.01022	0.01186	0.00573	0.01554	0.00900	0.02372	0.00736	0.00859	0.00573	0.00491	0.00327	0.00164	0.00409	0.00286	0.00327	0.00573
6	0.01096	0.00940	0.01096	0.00783	0.01253	0.00705	0.00626	0.01331	0.01096	0.01723	0.00940	0.01096	0.00783	0.00392	0.00392	0.00078	0.00392	0.00313	0.00313	0.84653
7	0.00769	0.00513	0.00577	0.00577	0.00577	0.00513	0.00320	0.00769	0.00769	0.01025	0.01666	0.03460	0.01922	0.81421	0.02691	0.00513	0.00513	0.00769	0.00320	0.00320
8	0.01207	0.20434	0.05159	0.00842	0.01154	0.02620	0.00741	0.04101	0.09281	0.10395	0.18414	0.02716	0.19205	0.00847	0.00524	0.00156	0.00422	0.00687	0.00453	0.00641
9	0.00918	0.00459	0.00689	0.00689	0.00689	0.00459	0.00459	0.00689	0.00689	0.00918	0.00918	0.01607	0.00918	0.01837	0.02066	0.84619	0.00459	0.00459	0.00230	0.00230
10	0.01923	0.08507	0.01669	0.01187	0.01602	0.04088	0.00989	0.64012	0.05885	0.03032	0.01250	0.01256	0.00907	0.00620	0.00511	0.00155	0.00584	0.00461	0.00495	0.00868
11	0.09347	0.02334	0.58749	0.01368	0.02036	0.01258	0.01651	0.06518	0.08480	0.01899	0.01064	0.01183	0.00765	0.00530	0.00490	0.00168	0.00697	0.00406	0.00283	0.00774
12	0.05335	0.01111	0.01165	0.00927	0.03415	0.07600	0.00710	0.03372	0.04852	0.04177	0.01023	0.01147	0.00825	0.00442	0.00414	0.00099	0.00455	0.00343	0.00336	0.62253
13	0.00814	0.00659	0.04405	0.00765	0.00901	0.00554	0.00586	0.04561	0.01221	0.04616	0.16549	0.46377	0.13242	0.01367	0.00638	0.00194	0.00333	0.01213	0.00503	0.00502
14	0.01248	0.01426	0.03119	0.02228	0.02763	0.01337	0.76203	0.01693	0.01248	0.01693	0.01070	0.01426	0.00802	0.00446	0.00624	0.00178	0.00891	0.00624	0.00267	0.00713
15	0.85155	0.01022	0.00777	0.00695	0.01022	0.01186	0.00573	0.01554	0.00900	0.02372	0.00736	0.00859	0.00573	0.00491	0.00327	0.00164	0.00409	0.00286	0.00327	0.00573
16	0.01087	0.00933	0.00981	0.00908	0.01163	0.01023	0.00705	0.02119	0.51118	0.01949	0.03151	0.03075	0.24858	0.00935	0.00572	0.00182	0.00375	0.03640	0.00522	0.00704
17	0.00637	0.00489	0.00583	0.00658	0.00746	0.00436	0.00456	0.00745	0.01087	0.01380	0.03863	0.51536	0.32424	0.01533	0.00655	0.00201	0.00292	0.01352	0.00491	0.00436
18	0.00644	0.00460	0.00613	0.00736	0.00767	0.00429	0.00491	0.00736	0.01012	0.01350	0.02914	0.81076	0.03497	0.01656	0.00675	0.00215	0.00307	0.01503	0.00491	0.00429
19	0.02010	0.01481	0.01587	0.01216	0.01639	0.01639	0.01005	0.76360	0.02486	0.03332	0.01269	0.01269	0.00899	0.00635	0.00529	0.00159	0.00582	0.00476	0.00529	0.00899
20	0.00985	0.00493	0.00493	0.00493	0.00616	0.00493	0.00370	0.01232	0.01109	0.01971	0.01725	0.01971	0.01355	0.00616	0.00370	0.00123	0.00246	0.00493	0.84356	0.00493
21	0.00755	0.00566	0.00850	0.00850	0.00944	0.00661	0.00661	0.00944	0.00850	0.01227	0.01416	0.02077	0.01322	0.03965	0.79326	0.00850	0.01416	0.00566	0.00283	0.00472
22	0.00769	0.00513	0.00577	0.00577	0.00577	0.00513	0.00320	0.00769	0.00769	0.01025	0.01666	0.03460	0.01922	0.81421	0.02691	0.00513	0.00513	0.00769	0.00320	0.00320
23	0.00918	0.00459	0.00689	0.00689	0.00689	0.00459	0.00459	0.00689	0.00689	0.00918	0.00918	0.01607	0.00918	0.01837	0.02066	0.84619	0.00459	0.00459	0.00230	0.00230
24	0.85155	0.01022	0.00777	0.00695	0.01022	0.01186	0.00573	0.01554	0.00900	0.02372	0.00736	0.00859	0.00573	0.00491	0.00327	0.00164	0.00409	0.00286	0.00327	0.00573
25	0.00755	0.00566	0.00850	0.00850	0.00944	0.00661	0.00661	0.00944	0.00850	0.01227	0.01416	0.02077	0.01322	0.03965	0.79326	0.00850	0.01416	0.00566	0.00283	0.00472
26	0.00655	0.00467	0.00608	0.00717	0.00748	0.00437	0.00473	0.00740	0.00995	0.01322	0.02864	0.72140	0.05273	0.08819	0.00855	0.00241	0.00324	0.01427	0.00475	0.00420
27	0.00725	0.00536	0.00677	0.00649	0.00777	0.00488	0.00484	0.00950	0.01430	0.01981	0.63514	0.07788	0.15747	0.01146	0.00626	0.00170	0.00255	0.01006	0.00564	0.00488
28	0.02010	0.01481	0.01587	0.01216	0.01639	0.01639	0.01005	0.76360	0.02486	0.03332	0.01269	0.01269	0.00899	0.00635	0.00529	0.00159	0.00582	0.00476	0.00529	0.00899
29	0.01248	0.01426	0.03119	0.02228	0.02763	0.01337	0.76203	0.01693	0.01248	0.01693	0.01070	0.01426	0.00802	0.00446	0.00624	0.00178	0.00891	0.00624	0.00267	0.00713
30	0.00740	0.00558	0.00613	0.00600	0.00777	0.00479	0.00460	0.00902	0.01267	0.05214	0.16735	0.04796	0.58395	0.01271	0.00626	0.00179	0.00286	0.05108	0.00513	0.00479
31	0.01096	0.00940	0.01096	0.00783	0.01253	0.00705	0.00626	0.01331	0.01096	0.01723	0.00940	0.01096	0.00783	0.00392	0.00392	0.00078	0.00392	0.00313	0.00313	0.84653
32	0.45802	0.00897	0.00834	0.00782	0.01025	0.00995	0.00609	0.11160	0.01151	0.02160	0.01536	0.26359	0.01589	0.00897	0.00472	0.00181	0.00401	0.02174	0.00409	0.00569
33	0.02372	0.00900	0.01227	0.00941	0.01350	0.00777	0.00777	0.02576	0.01513	0.78489	0.02086	0.01799	0.01309	0.00654	0.00532	0.00164	0.00450	0.00532	0.00654	0.00900
34	0.01082	0.01047	0.01696	0.40422	0.09265	0.01304	0.05535	0.01357	0.01010	0.01389	0.00963	0.01538	0.00830	0.00689	0.00924	0.00195	0.25895	0.04001	0.00250	0.00609
35	0.00715	0.00535	0.00664	0.00639	0.00772	0.00484	0.00477	0.00931	0.01408	0.01927	0.57940	0.07875	0.21354	0.01166	0.00626	0.00171	0.00256	0.01018	0.00557	0.00484
36	0.02372	0.00900	0.01227	0.00941	0.01350	0.00777	0.00777	0.02576	0.01513	0.78489	0.02086	0.01799	0.01309	0.00654	0.00532	0.00164	0.00450	0.00532	0.00654	0.00900
37	0.01110	0.02612	0.71949	0.01488	0.02222	0.01263	0.01876	0.05272	0.01170	0.01739	0.00954	0.01125	0.00682	0.00525	0.00552	0.00169	0.03877	0.00398	0.00238	0.00779
38	0.01770	0.01859	0.01636	0.03638	0.17201	0.36725	0.01140	0.21805	0.01662	0.01929	0.01027	0.03146	0.00843	0.00591	0.00539	0.00152	0.02827	0.00439	0.00342	0.00729
39	0.00762	0.00511	0.00582	0.00586	0.00591	0.00508	0.00333	0.00773	0.00800	0.01069	0.03758	0.07098	0.02077	0.75551	0.02541	0.00489	0.00496	0.00808	0.00335	0.00330
40	0.02010	0.01481	0.01587	0.01216	0.01639	0.01639	0.01005	0.76360	0.02486	0.03332	0.01269	0.01269	0.00899	0.00635	0.00529	0.00159	0.00582	0.00476	0.00529	0.00899
41	0.02372	0.00900	0.01227	0.00941	0.01350	0.00777	0.00777	0.02576	0.01513	0.78489	0.02086	0.01799	0.01309	0.00654	0.00532	0.00164	0.00450	0.00532	0.00654	0.00900
42	0.01252	0.01199	0.02045	0.17120	0.64686	0.01241	0.01595	0.01573	0.01177	0.01659	0.00985	0.01327	0.00813	0.00481	0.00524	0.00160	0.00642	0.00471	0.00257	0.00792
43	0.00910	0.00464	0.00696	0.00696	0.00701	0.00469	0.00469	0.00701	0.00696	0.00933	0.00942	0.01630	0.00938	0.01940	0.05804	0.80566	0.00505	0.00464	0.00232	0.00241
44	0.00748	0.00540	0.00707	0.00665	0.00790	0.00499	0.00499	0.00998	0.01496	0.02120	0.77844	0.03949	0.04988	0.01081	0.00624	0.00166	0.00249	0.00956	0.00582	0.00499
45	0.00852	0.00608	0.00852	0.00974	0.01095	0.00608	0.00852	0.01095	0.01217	0.01582	0.02799	0.05963	0.03042	0.01460	0.00730	0.00243	0.00487	0.74565	0.00487	0.00487
46	0.00716	0.00480	0.00606	0.00671	0.00687	0.00464	0.00422	0.00745	0.00890	0.01187	0.02259	0.44257	0.02665	0.32376	0.01572	0.07702	0.00399	0.01129	0.00402	0.00370
47	0.00821	0.00574	0.00641	0.00628	0.00660	0.00590	0.00376	0.00974	0.08240	0.01171	0.03816	0.03328	0.01977	0.71332	0.02424	0.00470	0.00496	0.00757	0.00349	0.00376
48	0.02094	0.01346	0.01503	0.01152	0.01572	0.01439	0.00952	0.59209	0.02260	0.20803	0.01459	0.01392	0.00994	0.00639	0.00529	0.00160	0.00551	0.00489	0.00558	0.00899
49	0.00748	0.00540	0.00707	0.00665	0.00790	0.00499	0.00499	0.00998	0.01496	0.02120	0.77844	0.03949	0.04988	0.01081	0.00624	0.00166	0.00249	0.00956	0.00582	0.00499
50	0.16458	0.00762	0.00908	0.00795	0.01040	0.00730	0.00606	0.01699	0.01176	0.35529	0.01970	0.19960	0.01770	0.13192	0.00858	0.00229	0.00420	0.00746	0.00508	0.00646
51	0.00625	0.00536	0.00536	0.00536	0.00714	0.00446	0.00402	0.00759	0.01205	0.01428	0.05355	0.05088	0.77909	0.01339	0.00625	0.00179	0.00268	0.01116	0.00491	0.00446
52	0.01975	0.02520	0.01498	0.01362	0.01634	0.79299	0.01021	0.02111	0.01498	0.01294	0.00817	0.00953	0.00681	0.00545	0.00477	0.00136	0.00953	0.00340	0.00272	0.00613
53	0.00748	0.00540	0.00707	0.00665	0.00790	0.00499	0.00499	0.00998	0.01496	0.02120	0.77844	0.03949	0.04988	0.01081	0.00624	0.00166	0.00249	0.00956	0.00582	0.00499
54	0.00781	0.00543	0.00681	0.00657	0.00781	0.00495	0.00480	0.00976	0.01350	0.04670	0.50913	0.11904	0.15324	0.07148	0.00780	0.00199	0.00285	0.01006	0.00542	0.00485
55	0.01168	0.00546	0.00590	0.00552	0.00713	0.00530	0.00423	0.01409	0.01162	0.12070	0.01772	0.01948	0.01349	0.00621	0.00391	0.00129	0.00273	0.00498	0.73308	0.00546
56	0.01315	0.01136	0.01195	0.01076	0.01375	0.01315	0.00837	0.02809	0.77168	0.02211	0.02152	0.01972	0.01614	0.00717	0.00538	0.00179	0.00418	0.00598	0.00538	0.00837
57	0.00642	0.00467	0.00606	0.00717	0.00762	0.00431	0.00482	0.00738	0.01031	0.01357	0.03152	0.73665	0.10754	0.01625	0.00670	0.00211	0.00303	0.01465	0.00491	0.00431
58	0.00644	0.00460	0.00613	0.00736	0.00767	0.00429	0.00491	0.00736	0.01012	0.01350	0.02914	0.81076	0.03497	0.01656	0.00675	0.00215	0.00307	0.01503	0.00491	0.00429
59	0.01315	0.01136	0.01195	0.01076	0.01375	0.01315	0.00837	0.02809	0.77168	0.02211	0.02152	0.01972	0.01614	0.00717	0.00538	0.00179	0.00418	0.00598	0.00538	0.00837
60	0.01096	0.00940	0.01096	0.00783	0.01253	0.00705	0.00626	0.01331	0.01096	0.01723	0.00940	0.01096	0.00783	0.00392	0.00392	0.00078	0.00392	0.00313	0.00313	0.84653
61	0.00830	0.00588	0.00728	0.00666	0.00838	0.00518	0.00502	0.01044	0.01377	0.05543	0.50096	0.06592	0.17633	0.02636	0.00641	0.00169	0.00282	0.00925	0.00537	0.07853
62	0.01360	0.00705	0.00897	0.00817	0.00999	0.00671	0.00614	0.06247	0.01223	0.26446	0.02137	0.15700	0.02069	0.25916	0.01250	0.00291	0.00460	0.11119	0.00493	0.00586
63	0.01726	0.01044	0.01208	0.01023	0.01365	0.01106	0.00814	0.02719	0.47758	0.31864	0.02126	0.01905	0.01495	0.00693	0.00535	0.00173	0.00431	0.00572	0.00583	0.00861

[dist]
# distance from previous block
# <min> <max>
0	147

[block]
# block no. 3 follows, 46 sequences, length 92
# corresponding to MSA columns:
# 424-515
name=unknown_D
#
# <colnr> <probs for GDERKNQSTAVLIFYWHMCP>
#	G	D	E	R	K	N	Q	S	T	A	V	L	I	F	Y	W	H	M	C	P
0	0.01355	0.01729	0.18025	0.02216	0.35559	0.13503	0.03213	0.02995	0.01211	0.03028	0.00974	0.01242	0.00794	0.00681	0.03894	0.00192	0.07932	0.00442	0.00266	0.00751
1	0.00951	0.00605	0.00788	0.00822	0.00947	0.00582	0.00627	0.04131	0.02967	0.09290	0.08628	0.39163	0.06451	0.01394	0.00697	0.02564	0.00374	0.17993	0.00509	0.00519
2	0.12205	0.01139	0.01508	0.01297	0.01340	0.01562	0.01080	0.01309	0.00821	0.01417	0.00700	0.01117	0.00678	0.00868	0.01550	0.00222	0.69925	0.00439	0.00244	0.00578
3	0.00755	0.00560	0.00816	0.00810	0.00903	0.00631	0.00621	0.00941	0.00930	0.01333	0.11483	0.02400	0.01837	0.07902	0.64703	0.00741	0.01212	0.00629	0.00325	0.00467
4	0.32137	0.00788	0.00819	0.00728	0.00957	0.00826	0.00569	0.04689	0.01205	0.10245	0.24982	0.02195	0.05041	0.00907	0.00690	0.11273	0.00373	0.00583	0.00443	0.00549
5	0.52655	0.00976	0.00948	0.00785	0.01147	0.01023	0.00646	0.01903	0.01123	0.29021	0.01218	0.01198	0.00839	0.00544	0.00401	0.00160	0.00423	0.00373	0.00441	0.04177
6	0.00709	0.00507	0.00684	0.00780	0.00847	0.00482	0.00576	0.00861	0.01137	0.01526	0.14834	0.51314	0.03629	0.01519	0.00679	0.00214	0.00339	0.18403	0.00504	0.00454
7	0.00641	0.00536	0.00558	0.00553	0.00724	0.00453	0.00414	0.00790	0.01243	0.01519	0.14890	0.04938	0.68317	0.01305	0.00625	0.00177	0.00265	0.01095	0.00503	0.00453
8	0.00883	0.00550	0.00700	0.00698	0.00817	0.00500	0.00500	0.01035	0.01225	0.10372	0.26767	0.31392	0.12793	0.08294	0.00812	0.00215	0.00318	0.01107	0.00523	0.00498
9	0.00852	0.00608	0.00852	0.00974	0.01095	0.00608	0.00852	0.01095	0.01217	0.01582	0.02799	0.05963	0.03042	0.01460	0.00730	0.00243	0.00487	0.74565	0.00487	0.00487
10	0.00998	0.00940	0.01586	0.80150	0.03641	0.01175	0.01468	0.01351	0.01057	0.01351	0.00940	0.01409	0.00705	0.00529	0.00529	0.00176	0.00705	0.00470	0.00235	0.00587
11	0.00729	0.00538	0.00672	0.00640	0.00766	0.00491	0.00474	0.00947	0.01411	0.01951	0.62183	0.04106	0.16547	0.05351	0.00733	0.00186	0.00266	0.00972	0.00554	0.00481
12	0.22664	0.00614	0.00668	0.00734	0.00847	0.00635	0.00527	0.00969	0.01002	0.01642	0.03968	0.55455	0.02749	0.01332	0.00585	0.00202	0.00339	0.04148	0.00450	0.00471
13	0.01060	0.02735	0.78682	0.01507	0.02288	0.01228	0.01953	0.01674	0.01116	0.01674	0.00949	0.01116	0.00670	0.00502	0.00502	0.00167	0.00781	0.00391	0.00223	0.00781
14	0.85155	0.01022	0.00777	0.00695	0.01022	0.01186	0.00573	0.01554	0.00900	0.02372	0.00736	0.00859	0.00573	0.00491	0.00327	0.00164	0.00409	0.00286	0.00327	0.00573
15	0.00674	0.00536	0.00607	0.00606	0.00758	0.00469	0.00457	0.00847	0.01285	0.01645	0.27515	0.08776	0.48037	0.01281	0.00632	0.00180	0.00274	0.04438	0.00519	0.00463
16	0.85155	0.01022	0.00777	0.00695	0.01022	0.01186	0.00573	0.01554	0.00900	0.02372	0.00736	0.00859	0.00573	0.00491	0.00327	0.00164	0.00409	0.00286	0.00327	0.00573
17	0.85155	0.01022	0.00777	0.00695	0.01022	0.01186	0.00573	0.01554	0.00900	0.02372	0.00736	0.00859	0.00573	0.00491	0.00327	0.00164	0.00409	0.00286	0.00327	0.00573
18	0.85155	0.01022	0.00777	0.00695	0.01022	0.01186	0.00573	0.01554	0.00900	0.02372	0.00736	0.00859	0.00573	0.00491	0.00327	0.00164	0.00409	0.00286	0.00327	0.00573
19	0.01628	0.00735	0.00989	0.00814	0.01093	0.00650	0.00650	0.01853	0.01505	0.43498	0.36797	0.02784	0.02995	0.00850	0.00574	0.00165	0.00358	0.00726	0.00621	0.00716
20	0.01555	0.01255	0.01331	0.01124	0.01466	0.01427	0.00895	0.28256	0.51330	0.02599	0.01846	0.01729	0.01366	0.00689	0.00535	0.00172	0.00475	0.00556	0.00535	0.00858
21	0.00769	0.00513	0.00577	0.00577	0.00577	0.00513	0.00320	0.00769	0.00769	0.01025	0.01666	0.03460	0.01922	0.81421	0.02691	0.00513	0.00513	0.00769	0.00320	0.00320
22	0.01096	0.00940	0.01096	0.00783	0.01253	0.00705	0.00626	0.01331	0.01096	0.01723	0.00940	0.01096	0.00783	0.00392	0.00392	0.00078	0.00392	0.00313	0.00313	0.84653
23	0.02363	0.00914	0.01236	0.00948	0.01357	0.00799	0.00783	0.04431	0.01538	0.76601	0.02065	0.01786	0.01298	0.00654	0.00532	0.00163	0.00453	0.00530	0.00651	0.00900
24	0.00879	0.00888	0.11089	0.01044	0.01252	0.00690	0.00997	0.01171	0.01204	0.01594	0.02556	0.05326	0.02730	0.01334	0.00700	0.00233	0.00526	0.64809	0.00452	0.00526
25	0.01157	0.01157	0.01619	0.01388	0.01388	0.01619	0.01157	0.01272	0.00810	0.01272	0.00694	0.01157	0.00694	0.00925	0.01735	0.00231	0.80453	0.00463	0.00231	0.00578
26	0.00885	0.00606	0.00715	0.00674	0.00821	0.00605	0.00509	0.01297	0.11348	0.02093	0.47940	0.03171	0.03592	0.00911	0.00546	0.00157	0.00271	0.00788	0.22531	0.00542
27	0.00835	0.00597	0.00833	0.00955	0.01069	0.00594	0.00823	0.01067	0.01201	0.01564	0.02808	0.11889	0.03078	0.01476	0.00726	0.00241	0.00473	0.68801	0.00487	0.00482
28	0.00629	0.00518	0.00554	0.00582	0.00726	0.00442	0.00422	0.00753	0.01160	0.01410	0.04788	0.22756	0.60607	0.01413	0.00636	0.00187	0.00277	0.01206	0.00491	0.00442
29	0.02353	0.00930	0.01246	0.00955	0.01365	0.00822	0.00789	0.06460	0.01564	0.74533	0.02043	0.01771	0.01287	0.00653	0.00531	0.00163	0.00457	0.00529	0.00648	0.00900
30	0.02081	0.01295	0.01508	0.01240	0.05579	0.01360	0.00969	0.50282	0.02126	0.25803	0.01500	0.01430	0.01019	0.00632	0.00529	0.00160	0.00545	0.00492	0.00552	0.00896
31	0.00918	0.00459	0.00689	0.00689	0.00689	0.00459	0.00459	0.00689	0.00689	0.00918	0.00918	0.01607	0.00918	0.01837	0.02066	0.84619	0.00459	0.00459	0.00230	0.00230
32	0.02332	0.00964	0.01266	0.00971	0.01381	0.00872	0.00802	0.10682	0.01620	0.70233	0.01996	0.01741	0.01264	0.00652	0.00531	0.00163	0.00464	0.00526	0.00641	0.00900
33	0.01096	0.00940	0.01096	0.00783	0.01253	0.00705	0.00626	0.01331	0.01096	0.01723	0.00940	0.01096	0.00783	0.00392	0.00392	0.00078	0.00392	0.00313	0.00313	0.84653
34	0.01096	0.00940	0.01096	0.00783	0.01253	0.00705	0.00626	0.01331	0.01096	0.01723	0.00940	0.01096	0.00783	0.00392	0.00392	0.00078	0.00392	0.00313	0.00313	0.84653
35	0.01769	0.01996	0.01410	0.01260	0.01553	0.48240	0.00962	0.08481	0.25476	0.01752	0.01276	0.01301	0.00994	0.00607	0.00500	0.00152	0.00754	0.00433	0.00377	0.00707
36	0.01060	0.02735	0.78682	0.01507	0.02288	0.01228	0.01953	0.01674	0.01116	0.01674	0.00949	0.01116	0.00670	0.00502	0.00502	0.00167	0.00781	0.00391	0.00223	0.00781
37	0.00998	0.00940	0.01586	0.80150	0.03641	0.01175	0.01468	0.01351	0.01057	0.01351	0.00940	0.01409	0.00705	0.00529	0.00529	0.00176	0.00705	0.00470	0.00235	0.00587
38	0.01609	0.01179	0.01332	0.01132	0.01451	0.01283	0.00952	0.50321	0.02047	0.02726	0.01799	0.02893	0.01641	0.00920	0.00599	0.00188	0.00549	0.26109	0.00514	0.00756
39	0.00820	0.00619	0.00767	0.00716	0.00865	0.00605	0.00541	0.01230	0.11442	0.02114	0.66043	0.03718	0.06401	0.01040	0.00612	0.00168	0.00272	0.00913	0.00574	0.00542
40	0.00816	0.00597	0.00801	0.00904	0.01035	0.00583	0.00780	0.01042	0.01215	0.01558	0.03207	0.05824	0.14980	0.01441	0.00713	0.00233	0.00452	0.62854	0.00487	0.00480
41	0.02010	0.01481	0.01587	0.01216	0.01639	0.01639	0.01005	0.76360	0.02486	0.03332	0.01269	0.01269	0.00899	0.00635	0.00529	0.00159	0.00582	0.00476	0.00529	0.00899
42	0.01682	0.01120	0.01255	0.01059	0.01403	0.01218	0.00843	0.12423	0.47643	0.22224	0.02018	0.01835	0.01440	0.00690	0.00535	0.00172	0.00448	0.00564	0.00567	0.00861
43	0.00625	0.00536	0.00536	0.00536	0.00714	0.00446	0.00402	0.00759	0.01205	0.01428	0.05355	0.05088	0.77909	0.01339	0.00625	0.00179	0.00268	0.01116	0.00491	0.00446
44	0.00659	0.00537	0.00582	0.00571	0.00735	0.00461	0.00428	0.00824	0.01285	0.01618	0.25218	0.04776	0.57928	0.01268	0.00624	0.00175	0.00263	0.01072	0.00516	0.00461
45	0.00755	0.00566	0.00850	0.00850	0.00944	0.00661	0.00661	0.00944	0.00850	0.01227	0.01416	0.02077	0.01322	0.03965	0.79326	0.00850	0.01416	0.00566	0.00283	0.00472
46	0.01385	0.00681	0.00911	0.00773	0.01009	0.00608	0.00608	0.01616	0.01503	0.32053	0.48150	0.03106	0.03546	0.00914	0.00588	0.00165	0.00328	0.00790	0.00610	0.00656
47	0.85155	0.01022	0.00777	0.00695	0.01022	0.01186	0.00573	0.01554	0.00900	0.02372	0.00736	0.00859	0.00573	0.00491	0.00327	0.00164	0.00409	0.00286	0.00327	0.00573
48	0.01315	0.01136	0.01195	0.01076	0.01375	0.01315	0.00837	0.02809	0.77168	0.02211	0.02152	0.01972	0.01614	0.00717	0.00538	0.00179	0.00418	0.00598	0.00538	0.00837
49	0.02152	0.01253	0.01446	0.01108	0.01526	0.01301	0.00916	0.47440	0.02104	0.32790	0.01589	0.01477	0.01060	0.00642	0.00530	0.00161	0.00530	0.00498	0.00578	0.00899
50	0.01275	0.00626	0.00816	0.00765	0.00919	0.00571	0.00545	0.01381	0.01122	0.27953	0.02300	0.33307	0.02327	0.22214	0.01154	0.00275	0.00410	0.00974	0.00503	0.00564
51	0.85155	0.01022	0.00777	0.00695	0.01022	0.01186	0.00573	0.01554	0.00900	0.02372	0.00736	0.00859	0.00573	0.00491	0.00327	0.00164	0.00409	0.00286	0.00327	0.00573
52	0.01315	0.01136	0.01195	0.01076	0.01375	0.01315	0.00837	0.02809	0.77168	0.02211	0.02152	0.01972	0.01614	0.00717	0.00538	0.00179	0.00418	0.00598	0.00538	0.00837
53	0.01735	0.00759	0.01023	0.00833	0.01130	0.00668	0.00668	0.01958	0.01507	0.48556	0.31780	0.02642	0.02751	0.00821	0.00568	0.00165	0.00371	0.00698	0.00626	0.00743
54	0.00647	0.00511	0.00584	0.00626	0.00747	0.00449	0.00451	0.00779	0.01164	0.01465	0.10792	0.31298	0.44125	0.01429	0.00644	0.00191	0.00285	0.02867	0.00499	0.00446
55	0.02010	0.01481	0.01587	0.01216	0.01639	0.01639	0.01005	0.76360	0.02486	0.03332	0.01269	0.01269	0.00899	0.00635	0.00529	0.00159	0.00582	0.00476	0.00529	0.00899
56	0.00714	0.00564	0.00660	0.00707	0.00863	0.00510	0.00578	0.00891	0.01210	0.01488	0.04353	0.05431	0.48564	0.01386	0.00666	0.00204	0.00354	0.29905	0.00489	0.00462
57	0.00644	0.00460	0.00613	0.00736	0.00767	0.00429	0.00491	0.00736	0.01012	0.01350	0.02914	0.81076	0.03497	0.01656	0.00675	0.00215	0.00307	0.01503	0.00491	0.00429
58	0.00744	0.00532	0.00728	0.00851	0.00925	0.00516	0.00665	0.00909	0.01111	0.01462	0.02859	0.44889	0.03278	0.01562	0.00701	0.00229	0.00393	0.36702	0.00489	0.00457
59	0.02372	0.00900	0.01227	0.00941	0.01350	0.00777	0.00777	0.02576	0.01513	0.78489	0.02086	0.01799	0.01309	0.00654	0.00532	0.00164	0.00450	0.00532	0.00654	0.00900
60	0.85155	0.01022	0.00777	0.00695	0.01022	0.01186	0.00573	0.01554	0.00900	0.02372	0.00736	0.00859	0.00573	0.00491	0.00327	0.00164	0.00409	0.00286	0.00327	0.00573
61	0.00760	0.00565	0.00759	0.00722	0.00848	0.00527	0.02621	0.00977	0.01358	0.01877	0.53410	0.07173	0.10117	0.08166	0.00816	0.00207	0.00316	0.07771	0.00531	0.00481
62	0.00690	0.00466	0.00595	0.00699	0.00745	0.00438	0.00472	0.00804	0.01029	0.01435	0.02807	0.68733	0.04834	0.01509	0.00632	0.00202	0.00298	0.01358	0.11814	0.00438
63	0.02152	0.01253	0.01446	0.01108	0.01526	0.01301	0.00916	0.47440	0.02104	0.32790	0.01589	0.01477	0.01060	0.00642	0.00530	0.00161	0.00530	0.00498	0.00578	0.00899
64	0.23173	0.14583	0.08621	0.00941	0.01372	0.01194	0.00870	0.06500	0.01305	0.34550	0.01362	0.01306	0.00932	0.00564	0.00445	0.00155	0.00497	0.00411	0.00452	0.00768
65	0.02900	0.01372	0.03076	0.04877	0.05378	0.13276	0.16947	0.09558	0.15524	0.01803	0.01428	0.09448	0.01257	0.04951	0.00741	0.00193	0.05601	0.00621	0.00367	0.00682
66	0.00800	0.00476	0.00661	0.00702	0.00719	0.00472	0.00468	0.00738	0.00822	0.01100	0.01723	0.26951	0.01944	0.13661	0.05760	0.39418	0.00470	0.02459	0.00333	0.00324
67	0.81438	0.01098	0.04221	0.00731	0.01078	0.01188	0.00634	0.01559	0.00909	0.02341	0.00746	0.00870	0.00577	0.00491	0.00335	0.00164	0.00425	0.00291	0.00323	0.00582
68	0.00918	0.00459	0.00689	0.00689	0.00689	0.00459	0.00459	0.00689	0.00689	0.00918	0.00918	0.01607	0.00918	0.01837	0.02066	0.84619	0.00459	0.00459	0.00230	0.00230
69	0.01212	0.02483	0.66781	0.03214	0.02210	0.01213	0.01800	0.05670	0.01218	0.07814	0.01055	0.01185	0.00733	0.00522	0.00507	0.00167	0.00743	0.00408	0.00274	0.00792
70	0.02010	0.01481	0.01587	0.01216	0.01639	0.01639	0.01005	0.76360	0.02486	0.03332	0.01269	0.01269	0.00899	0.00635	0.00529	0.00159	0.00582	0.00476	0.00529	0.00899
71	0.00718	0.00539	0.00665	0.00634	0.00772	0.00486	0.00475	0.00940	0.01426	0.01953	0.60343	0.04224	0.22594	0.01143	0.00624	0.00169	0.00254	0.00995	0.00560	0.00486
72	0.00769	0.00513	0.00577	0.00577	0.00577	0.00513	0.00320	0.00769	0.00769	0.01025	0.01666	0.03460	0.01922	0.81421	0.02691	0.00513	0.00513	0.00769	0.00320	0.00320
73	0.00755	0.00566	0.00850	0.00850	0.00944	0.00661	0.00661	0.00944	0.00850	0.01227	0.01416	0.02077	0.01322	0.03965	0.79326	0.00850	0.01416	0.00566	0.00283	0.00472
74	0.00767	0.00531	0.00705	0.00668	0.00779	0.00494	0.00494	0.00963	0.01406	0.01986	0.69265	0.03688	0.04534	0.01165	0.00784	0.09585	0.00273	0.00901	0.00543	0.00469
75	0.00852	0.00608	0.00852	0.00974	0.01095	0.00608	0.00852	0.01095	0.01217	0.01582	0.02799	0.05963	0.03042	0.01460	0.00730	0.00243	0.00487	0.74565	0.00487	0.00487
76	0.85155	0.01022	0.00777	0.00695	0.01022	0.01186	0.00573	0.01554	0.00900	0.02372	0.00736	0.00859	0.00573	0.00491	0.00327	0.00164	0.00409	0.00286	0.00327	0.00573
77	0.57370	0.00979	0.00902	0.00767	0.01099	0.01065	0.00626	0.04703	0.01122	0.19557	0.04227	0.01286	0.00969	0.02817	0.00459	0.00173	0.00421	0.00390	0.00419	0.00649
78	0.00644	0.00460	0.00613	0.00736	0.00767	0.00429	0.00491	0.00736	0.01012	0.01350	0.02914	0.81076	0.03497	0.01656	0.00675	0.00215	0.00307	0.01503	0.00491	0.00429
79	0.02010	0.01481	0.01587	0.01216	0.01639	0.01639	0.01005	0.76360	0.02486	0.03332	0.01269	0.01269	0.00899	0.00635	0.00529	0.00159	0.00582	0.00476	0.00529	0.00899
80	0.01125	0.00553	0.00589	0.00554	0.00709	0.00545	0.00424	0.03081	0.01187	0.08772	0.03871	0.01995	0.01442	0.00633	0.00395	0.00129	0.00272	0.00509	0.72680	0.00538
81	0.00643	0.00520	0.00568	0.00590	0.00729	0.00449	0.00427	0.00776	0.01182	0.01466	0.11386	0.20868	0.53981	0.03147	0.00681	0.00192	0.00280	0.01175	0.00495	0.00445
82	0.00918	0.00459	0.00689	0.00689	0.00689	0.00459	0.00459	0.00689	0.00689	0.00918	0.00918	0.01607	0.00918	0.01837	0.02066	0.84619	0.00459	0.00459	0.00230	0.00230
83	0.00821	0.00588	0.00815	0.00934	0.01046	0.00582	0.00796	0.01043	0.01191	0.01550	0.02873	0.15281	0.04850	0.01482	0.00721	0.00238	0.00459	0.63763	0.00487	0.00479
84	0.00795	0.00575	0.00712	0.00699	0.00826	0.00543	0.00512	0.02834	0.04541	0.03366	0.42503	0.21908	0.13926	0.02999	0.00674	0.00187	0.00290	0.01066	0.00541	0.00504
85	0.00644	0.00460	0.00613	0.00736	0.00767	0.00429	0.00491	0.00736	0.01012	0.01350	0.02914	0.81076	0.03497	0.01656	0.00675	0.00215	0.00307	0.01503	0.00491	0.00429
86	0.00918	0.00459	0.00689	0.00689	0.00689	0.00459	0.00459	0.00689	0.00689	0.00918	0.00918	0.01607	0.00918	0.01837	0.02066	0.84619	0.00459	0.00459	0.00230	0.00230
87	0.00760	0.00607	0.00692	0.00699	0.00849	0.00581	0.00521	0.01102	0.11758	0.01668	0.19012	0.20436	0.33504	0.01272	0.00628	0.00187	0.00303	0.04396	0.00516	0.00509
88	0.00743	0.00509	0.00590	0.00593	0.00688	0.00464	0.00410	0.00778	0.01015	0.01302	0.07651	0.07113	0.36151	0.14333	0.01294	0.20507	0.00353	0.00881	0.04244	0.00378
89	0.00668	0.00470	0.00606	0.00706	0.00731	0.00445	0.00459	0.00742	0.00966	0.01288	0.02678	0.66443	0.03200	0.16695	0.01055	0.00271	0.00346	0.01364	0.00459	0.00409
90	0.00701	0.00539	0.00642	0.00616	0.00761	0.00479	0.00462	0.00907	0.01386	0.01857	0.50326	0.04381	0.32670	0.01179	0.00624	0.00171	0.00256	0.01017	0.00547	0.00479
91	0.01268	0.01404	0.03044	0.03888	0.02750	0.01321	0.72892	0.01706	0.01250	0.03408	0.01089	0.01434	0.00811	0.00452	0.00620	0.00178	0.00877	0.00618	0.00275	0.00714

[dist]
# distance from previous block
# <min> <max>
0	1

[block]
# block no. 4 follows, 46 sequences, length 22
# corresponding to MSA columns:
# 517-538
name=unknown_E
#
# <colnr> <probs for GDERKNQSTAVLIFYWHMCP>
#	G	D	E	R	K	N	Q	S	T	A	V	L	I	F	Y	W	H	M	C	P
0	0.01708	0.01869	0.01381	0.01231	0.01524	0.41549	0.00944	0.09363	0.29319	0.01821	0.01363	0.01383	0.01058	0.00695	0.02323	0.00171	0.00733	0.00453	0.00394	0.00719
1	0.01140	0.00938	0.01101	0.00788	0.01256	0.00707	0.00632	0.01374	0.01111	0.04384	0.00979	0.01121	0.00801	0.00401	0.00396	0.00081	0.00394	0.00321	0.00325	0.81749
2	0.01778	0.01931	0.01685	0.01437	0.03436	0.39958	0.10254	0.17678	0.13094	0.01917	0.01148	0.01239	0.00886	0.00576	0.00516	0.00153	0.00780	0.00445	0.00365	0.00724
3	0.01266	0.01498	0.14187	0.02909	0.61519	0.01257	0.06359	0.01635	0.01193	0.01717	0.00992	0.01286	0.00809	0.00474	0.00526	0.00160	0.00669	0.00468	0.00256	0.00821
4	0.01248	0.01426	0.03119	0.02228	0.02763	0.01337	0.76203	0.01693	0.01248	0.01693	0.01070	0.01426	0.00802	0.00446	0.00624	0.00178	0.00891	0.00624	0.00267	0.00713
5	0.04780	0.00970	0.01366	0.38833	0.02424	0.01016	0.01072	0.06027	0.01213	0.12732	0.01116	0.01348	0.00819	0.00514	0.00483	0.00146	0.00562	0.00428	0.00338	0.23814
6	0.00707	0.00486	0.00595	0.00656	0.00671	0.00471	0.00405	0.00753	0.00890	0.01187	0.02288	0.42137	0.02707	0.41673	0.01686	0.00364	0.00410	0.01135	0.00405	0.00375
7	0.00667	0.00549	0.00594	0.00617	0.00785	0.00476	0.00485	0.00821	0.01207	0.01457	0.04882	0.05250	0.64049	0.01361	0.00644	0.00191	0.00308	0.14713	0.00490	0.00454
8	0.01860	0.12990	0.01718	0.01163	0.01575	0.04092	0.00976	0.56614	0.09069	0.02867	0.01259	0.01263	0.00926	0.00613	0.00501	0.00153	0.00576	0.00455	0.00478	0.00853
9	0.01395	0.01084	0.01865	0.01536	0.09090	0.00964	0.26385	0.01693	0.01248	0.17845	0.01507	0.05256	0.03587	0.00586	0.00541	0.00151	0.00590	0.02296	0.00382	0.21999
10	0.01224	0.11161	0.63013	0.01387	0.02097	0.01279	0.01727	0.01751	0.01150	0.08970	0.01034	0.01152	0.00732	0.00511	0.00487	0.00161	0.00726	0.00392	0.00265	0.00781
11	0.01060	0.02735	0.78682	0.01507	0.02288	0.01228	0.01953	0.01674	0.01116	0.01674	0.00949	0.01116	0.00670	0.00502	0.00502	0.00167	0.00781	0.00391	0.00223	0.00781
12	0.00998	0.00940	0.01586	0.80150	0.03641	0.01175	0.01468	0.01351	0.01057	0.01351	0.00940	0.01409	0.00705	0.00529	0.00529	0.00176	0.00705	0.00470	0.00235	0.00587
13	0.01429	0.34988	0.13353	0.01488	0.01967	0.01703	0.21790	0.03680	0.03269	0.01656	0.01128	0.03895	0.00975	0.00636	0.00614	0.00180	0.05657	0.00506	0.00314	0.00772
14	0.00785	0.00563	0.00781	0.00873	0.00961	0.00573	0.00703	0.00969	0.01076	0.01430	0.02499	0.21144	0.02756	0.07668	0.14693	0.00363	0.00614	0.40651	0.00440	0.00460
15	0.00625	0.00536	0.00536	0.00536	0.00714	0.00446	0.00402	0.00759	0.01205	0.01428	0.05355	0.05088	0.77909	0.01339	0.00625	0.00179	0.00268	0.01116	0.00491	0.00446
16	0.01486	0.01551	0.01252	0.01134	0.01407	0.27876	0.00868	0.02398	0.44087	0.01889	0.08931	0.01813	0.01618	0.00693	0.00525	0.00163	0.00585	0.00544	0.00451	0.00728
17	0.07226	0.01420	0.01483	0.01158	0.01563	0.04056	0.00951	0.59341	0.06081	0.09410	0.01334	0.01313	0.00942	0.00629	0.00515	0.00160	0.00564	0.00470	0.00519	0.00866
18	0.01967	0.01453	0.01687	0.01281	0.01712	0.01581	0.06665	0.67666	0.02352	0.06330	0.01288	0.01303	0.00909	0.00621	0.00536	0.00160	0.00600	0.00489	0.00514	0.00885
19	0.00644	0.00460	0.00613	0.00736	0.00767	0.00429	0.00491	0.00736	0.01012	0.01350	0.02914	0.81076	0.03497	0.01656	0.00675	0.00215	0.00307	0.01503	0.00491	0.00429
20	0.73192	0.01073	0.00895	0.00778	0.01099	0.01250	0.00642	0.08691	0.01047	0.02411	0.00785	0.00912	0.00610	0.00525	0.00414	0.00166	0.04252	0.00313	0.00342	0.00604
21	0.01622	0.01301	0.01536	0.01245	0.01613	0.04930	0.09525	0.22072	0.38015	0.09697	0.01727	0.01661	0.01260	0.00650	0.00542	0.00170	0.00543	0.00550	0.00503	0.00835

[dist]
# distance from previous block
# <min> <max>
1	8

[block]
# block no. 5 follows, 46 sequences, length 218
# corresponding to MSA columns:
# 547-764
name=unknown_F
#
# <colnr> <probs for GDERKNQSTAVLIFYWHMCP>
#	G	D	E	R	K	N	Q	S	T	A	V	L	I	F	Y	W	H	M	C	P
0	0.06604	0.05907	0.57042	0.01391	0.02003	0.02898	0.01664	0.01605	0.01076	0.01650	0.02440	0.01146	0.00754	0.00567	0.00645	0.00172	0.11068	0.00399	0.00239	0.00728
1	0.14422	0.02878	0.10718	0.01220	0.06346	0.01214	0.01023	0.01479	0.03879	0.03213	0.04243	0.01260	0.00934	0.00644	0.00847	0.00166	0.25862	0.00418	0.00300	0.18934
2	0.01206	0.01188	0.01821	0.01990	0.26217	0.01447	0.04113	0.01404	0.00967	0.01457	0.00817	0.01213	0.00749	0.00735	0.01237	0.00198	0.47794	0.00464	0.00246	0.04737
