[name]
unknown

[dist]
# distance from previous block
# <min> <max>
48	195

[block]
# block no. 0 follows, 50 sequences, length 42
# corresponding to MSA columns:
# 413-454
name=unknown_A
#
# <colnr> <probs for GDERKNQSTAVLIFYWHMCP>
#	G	D	E	R	K	N	Q	S	T	A	V	L	I	F	Y	W	H	M	C	P
0	0.03606	0.24813	0.18894	0.01046	0.01452	0.01273	0.04904	0.12605	0.01219	0.04242	0.01287	0.16829	0.01224	0.00764	0.02273	0.00164	0.00556	0.00570	0.00324	0.01955
1	0.01121	0.22752	0.22472	0.01060	0.01468	0.01180	0.06122	0.04969	0.03635	0.05437	0.02853	0.14291	0.03567	0.00724	0.00481	0.00154	0.00535	0.03813	0.02733	0.00633
2	0.01274	0.33953	0.30987	0.01081	0.01608	0.04025	0.01194	0.05236	0.01140	0.06279	0.02657	0.01053	0.00782	0.00476	0.00410	0.00130	0.00597	0.00346	0.00265	0.06508
3	0.01271	0.06622	0.14132	0.01145	0.01559	0.01051	0.12748	0.11210	0.07536	0.10732	0.07239	0.06658	0.02443	0.00632	0.00501	0.00149	0.00527	0.01789	0.00384	0.11671
4	0.18824	0.10201	0.10100	0.00948	0.01226	0.03743	0.00851	0.07166	0.08816	0.01669	0.01064	0.01376	0.00913	0.06348	0.15812	0.00300	0.09330	0.00422	0.00302	0.00590
5	0.01329	0.73946	0.02416	0.00833	0.01242	0.01820	0.00818	0.01489	0.01040	0.04842	0.01018	0.01085	0.05459	0.00486	0.00345	0.00113	0.00511	0.00325	0.00247	0.00636
6	0.00787	0.00604	0.00907	0.00860	0.00973	0.00684	0.04548	0.01013	0.03083	0.01295	0.01446	0.05731	0.01355	0.02862	0.56373	0.00610	0.04533	0.03014	0.08850	0.00471
7	0.03377	0.00776	0.01310	0.01121	0.01326	0.00748	0.21886	0.05696	0.01123	0.01527	0.02208	0.42249	0.05859	0.01124	0.00607	0.00189	0.00473	0.07484	0.00402	0.00515
8	0.01117	0.01149	0.01703	0.01408	0.01477	0.03130	0.10743	0.01266	0.00829	0.01250	0.00701	0.01119	0.00667	0.00808	0.01479	0.00210	0.69705	0.00453	0.00223	0.00562
9	0.01386	0.74680	0.02491	0.00896	0.01306	0.09883	0.00864	0.01543	0.01053	0.01177	0.00701	0.00810	0.00640	0.00435	0.00333	0.00109	0.00570	0.00272	0.00218	0.00633
10	0.01464	0.01147	0.03829	0.02134	0.01370	0.03470	0.00795	0.27410	0.07191	0.10226	0.03828	0.01422	0.03435	0.00553	0.00458	0.00126	0.00462	0.00437	0.00421	0.29823
11	0.00982	0.01178	0.19471	0.01129	0.08399	0.00856	0.00960	0.04085	0.13722	0.04374	0.21317	0.13869	0.05890	0.00845	0.00540	0.00165	0.00437	0.00733	0.00419	0.00627
12	0.00824	0.00448	0.00618	0.00618	0.00618	0.00448	0.00394	0.00672	0.00672	0.00896	0.01077	0.02039	0.01150	0.25964	0.02125	0.59986	0.00448	0.00521	0.00242	0.00242
13	0.00847	0.00755	0.01270	0.37754	0.04693	0.00838	0.08153	0.01091	0.01008	0.01335	0.01646	0.30931	0.01716	0.00905	0.00559	0.00180	0.00526	0.03040	0.02241	0.00513
14	0.44719	0.01364	0.04761	0.00864	0.01142	0.22922	0.00700	0.01550	0.01024	0.04344	0.00917	0.03554	0.00806	0.08780	0.00596	0.00182	0.00553	0.00377	0.00304	0.00542
15	0.01131	0.01216	0.02450	0.18709	0.13032	0.01231	0.47896	0.01502	0.01114	0.01515	0.00957	0.01315	0.00737	0.00461	0.00606	0.00167	0.04530	0.00531	0.00243	0.00657
16	0.01236	0.01199	0.01986	0.06370	0.74316	0.03018	0.01510	0.01529	0.01135	0.01604	0.00931	0.01230	0.00781	0.00448	0.00493	0.00148	0.00602	0.00441	0.00246	0.00775
17	0.01139	0.01158	0.05208	0.25520	0.54192	0.01161	0.01501	0.01458	0.01092	0.01524	0.00921	0.01253	0.00747	0.00461	0.00494	0.00154	0.00619	0.00441	0.00238	0.00719
18	0.01091	0.01091	0.01527	0.01309	0.01309	0.01527	0.01091	0.01200	0.00763	0.01200	0.00654	0.01091	0.00654	0.00872	0.01636	0.00218	0.81570	0.00436	0.00218	0.00545
19	0.00630	0.00507	0.00562	0.00548	0.00698	0.00438	0.00411	0.00794	0.01233	0.01576	0.31057	0.04420	0.53020	0.01177	0.00589	0.00164	0.00246	0.00999	0.00493	0.00438
20	0.00725	0.00483	0.00544	0.00544	0.00544	0.00483	0.00302	0.00725	0.00725	0.00966	0.01571	0.03262	0.01812	0.82483	0.02537	0.00483	0.00483	0.00725	0.00302	0.00302
21	0.00596	0.00505	0.00515	0.00512	0.00678	0.00424	0.00384	0.00729	0.01153	0.01387	0.09606	0.04731	0.74589	0.01247	0.00589	0.00168	0.00251	0.01043	0.00468	0.00424
22	0.00607	0.00434	0.00578	0.00694	0.00723	0.00405	0.00463	0.00694	0.00954	0.01272	0.02747	0.82157	0.03297	0.01562	0.00636	0.00202	0.00289	0.01417	0.00463	0.00405
23	0.01895	0.01396	0.01496	0.01147	0.01546	0.01546	0.00947	0.77711	0.02344	0.03141	0.01197	0.01197	0.00848	0.00598	0.00499	0.00150	0.00548	0.00449	0.00499	0.00848
24	0.01193	0.02033	0.48918	0.01281	0.01856	0.01236	0.01451	0.13337	0.20060	0.01938	0.01216	0.01270	0.00880	0.00542	0.00486	0.00159	0.00625	0.00428	0.00326	0.00766
25	0.02236	0.00848	0.01157	0.00887	0.01272	0.00733	0.00733	0.02429	0.01427	0.79719	0.01966	0.01697	0.01234	0.00617	0.00501	0.00154	0.00424	0.00501	0.00617	0.00848
26	0.86003	0.00964	0.00733	0.00655	0.00964	0.01118	0.00540	0.01465	0.00848	0.02236	0.00694	0.00810	0.00540	0.00463	0.00308	0.00154	0.00386	0.00270	0.00308	0.00540
27	0.01234	0.01184	0.02023	0.03059	0.79373	0.01184	0.01530	0.01530	0.01135	0.01628	0.00938	0.01234	0.00790	0.00444	0.00493	0.00148	0.00592	0.00444	0.00247	0.00790
28	0.01034	0.00886	0.01034	0.00738	0.01181	0.00664	0.00591	0.01255	0.01034	0.01624	0.00886	0.01034	0.00738	0.00369	0.00369	0.00074	0.00369	0.00295	0.00295	0.85530
29	0.00601	0.00505	0.00521	0.00517	0.00680	0.00426	0.00388	0.00738	0.01164	0.01412	0.12512	0.04689	0.71667	0.01238	0.00589	0.00167	0.00251	0.01037	0.00472	0.00426
30	0.00716	0.00518	0.00719	0.00719	0.00779	0.00578	0.00521	0.00837	0.00777	0.01096	0.01410	0.02375	0.01427	0.28888	0.55605	0.00700	0.01063	0.00595	0.00278	0.00399
31	0.01853	0.01376	0.01473	0.01138	0.01530	0.01526	0.00937	0.72971	0.07151	0.03075	0.01249	0.01239	0.00890	0.00603	0.00499	0.00151	0.00539	0.00456	0.00499	0.00844
32	0.00666	0.00476	0.00646	0.00761	0.00816	0.00456	0.00565	0.00796	0.01012	0.01338	0.02715	0.59190	0.03168	0.01506	0.00652	0.00211	0.00340	0.23804	0.00462	0.00421
33	0.01091	0.01091	0.01527	0.01309	0.01309	0.01527	0.01091	0.01200	0.00763	0.01200	0.00654	0.01091	0.00654	0.00872	0.01636	0.00218	0.81570	0.00436	0.00218	0.00545
34	0.86003	0.00964	0.00733	0.00655	0.00964	0.01118	0.00540	0.01465	0.00848	0.02236	0.00694	0.00810	0.00540	0.00463	0.00308	0.00154	0.00386	0.00270	0.00308	0.00540
35	0.01817	0.02169	0.01416	0.01307	0.04209	0.66497	0.00963	0.10555	0.01498	0.01470	0.00849	0.00972	0.00689	0.00523	0.00454	0.00131	0.00830	0.00344	0.02694	0.00613
36	0.01000	0.02578	0.79900	0.01421	0.02157	0.01158	0.01842	0.01579	0.01052	0.01579	0.00895	0.01052	0.00631	0.00474	0.00474	0.00158	0.00737	0.00368	0.00210	0.00737
37	0.01294	0.68048	0.10309	0.00947	0.01375	0.03321	0.00970	0.01492	0.01008	0.01216	0.00712	0.00845	0.00640	0.00461	0.00421	0.00119	0.05678	0.00289	0.00214	0.00642
38	0.01298	0.01269	0.01965	0.02876	0.71531	0.06315	0.01472	0.04320	0.01197	0.01657	0.00936	0.01211	0.00782	0.00454	0.00491	0.00147	0.00610	0.00436	0.00257	0.00778
39	0.00607	0.00434	0.00578	0.00694	0.00723	0.00405	0.00463	0.00694	0.00954	0.01272	0.02747	0.82157	0.03297	0.01562	0.00636	0.00202	0.00289	0.01417	0.00463	0.00405
40	0.02132	0.00825	0.01123	0.00869	0.01236	0.00715	0.00715	0.02327	0.01426	0.74400	0.07246	0.01835	0.01471	0.00644	0.00507	0.00154	0.00411	0.00529	0.00612	0.00822
41	0.01304	0.01051	0.01117	0.00975	0.01266	0.01180	0.00767	0.13831	0.55893	0.04887	0.02225	0.02069	0.09763	0.00725	0.00514	0.00166	0.00404	0.00596	0.00505	0.00760

[dist]
# distance from previous block
# <min> <max>
0	2

[block]
# block no. 1 follows, 50 sequences, length 104
# corresponding to MSA columns:
# 457-469,478-568
name=unknown_B
#
# <colnr> <probs for GDERKNQSTAVLIFYWHMCP>
#	G	D	E	R	K	N	Q	S	T	A	V	L	I	F	Y	W	H	M	C	P
0	0.00605	0.00441	0.00570	0.00674	0.00718	0.00407	0.00454	0.00696	0.00974	0.01280	0.02996	0.73791	0.11502	0.01529	0.00631	0.00199	0.00285	0.01378	0.00463	0.00407
1	0.00725	0.00483	0.00544	0.00544	0.00544	0.00483	0.00302	0.00725	0.00725	0.00966	0.01571	0.03262	0.01812	0.82483	0.02537	0.00483	0.00483	0.00725	0.00302	0.00302
2	0.86003	0.00964	0.00733	0.00655	0.00964	0.01118	0.00540	0.01465	0.00848	0.02236	0.00694	0.00810	0.00540	0.00463	0.00308	0.00154	0.00386	0.00270	0.00308	0.00540
3	0.00693	0.00509	0.00649	0.00614	0.00737	0.00465	0.00460	0.00916	0.01381	0.01929	0.71161	0.03839	0.12696	0.01045	0.00588	0.00158	0.00237	0.00918	0.00539	0.00465
4	0.00665	0.00529	0.00610	0.00651	0.00800	0.00475	0.00528	0.00827	0.01140	0.01398	0.04200	0.05088	0.52266	0.01303	0.00624	0.00190	0.00325	0.27486	0.00461	0.00434
5	0.01176	0.01345	0.02941	0.02101	0.02605	0.01261	0.77563	0.01597	0.01176	0.01597	0.01008	0.01345	0.00756	0.00420	0.00588	0.00168	0.00840	0.00588	0.00252	0.00672
6	0.02180	0.00836	0.01139	0.00877	0.01253	0.00723	0.00723	0.02375	0.01426	0.76873	0.04791	0.01771	0.01361	0.00632	0.00504	0.00154	0.00417	0.00516	0.00614	0.00834
7	0.00607	0.00434	0.00578	0.00694	0.00723	0.00405	0.00463	0.00694	0.00954	0.01272	0.02747	0.82157	0.03297	0.01562	0.00636	0.00202	0.00289	0.01417	0.00463	0.00405
8	0.00705	0.00510	0.00666	0.00627	0.00745	0.00470	0.00470	0.00941	0.01411	0.01999	0.79110	0.03723	0.04703	0.01019	0.00588	0.00157	0.00235	0.00901	0.00549	0.00470
9	0.01895	0.01396	0.01496	0.01147	0.01546	0.01546	0.00947	0.77711	0.02344	0.03141	0.01197	0.01197	0.00848	0.00598	0.00499	0.00150	0.00548	0.00449	0.00499	0.00848
10	0.00718	0.00487	0.00555	0.00551	0.00569	0.00480	0.00323	0.00747	0.00812	0.01089	0.09840	0.03367	0.04948	0.70955	0.02261	0.00437	0.00449	0.00755	0.00334	0.00324
11	0.00683	0.00509	0.00636	0.00604	0.00731	0.00461	0.00453	0.00898	0.01359	0.01875	0.65044	0.03927	0.18846	0.01065	0.00588	0.00159	0.00238	0.00930	0.00532	0.00461
12	0.01155	0.01468	0.11154	0.02001	0.02513	0.01258	0.66868	0.01581	0.01149	0.01581	0.00984	0.01305	0.00739	0.00441	0.00611	0.00169	0.03540	0.00560	0.00246	0.00675
13	0.01381	0.09986	0.01381	0.03980	0.01359	0.09734	0.00873	0.25671	0.01465	0.04498	0.01437	0.14799	0.01386	0.00839	0.00665	0.00169	0.11210	0.08142	0.00389	0.00634
14	0.56408	0.04243	0.01014	0.00835	0.01148	0.14114	0.00676	0.10281	0.04071	0.02129	0.00814	0.00908	0.00633	0.00493	0.00361	0.00148	0.00493	0.00310	0.00326	0.00594
15	0.01346	0.01600	0.02563	0.01899	0.02342	0.20877	0.58596	0.01694	0.01235	0.01503	0.00949	0.01234	0.00728	0.00443	0.00554	0.00158	0.00855	0.00522	0.00253	0.00649
16	0.01333	0.82783	0.02612	0.00853	0.01279	0.01972	0.00853	0.01493	0.01013	0.01173	0.00693	0.00800	0.00640	0.00426	0.00320	0.00107	0.00533	0.00267	0.00213	0.00640
17	0.04738	0.01077	0.09609	0.00944	0.01309	0.00916	0.00836	0.08079	0.16068	0.36688	0.12625	0.01871	0.01656	0.00662	0.00504	0.00157	0.00434	0.00542	0.00522	0.00760
18	0.00590	0.00502	0.00508	0.00512	0.00675	0.00420	0.00382	0.00715	0.01129	0.01344	0.04962	0.07742	0.76283	0.01274	0.00591	0.00170	0.00254	0.01066	0.00463	0.00420
19	0.01199	0.01082	0.01476	0.01866	0.34618	0.01164	0.01091	0.02046	0.40007	0.01843	0.01694	0.01826	0.04097	0.00622	0.00510	0.00162	0.00476	0.03064	0.00393	0.00765
20	0.01895	0.01396	0.01496	0.01147	0.01546	0.01546	0.00947	0.77711	0.02344	0.03141	0.01197	0.01197	0.00848	0.00598	0.00499	0.00150	0.00548	0.00449	0.00499	0.00848
21	0.00589	0.00505	0.00505	0.00505	0.00673	0.00421	0.00379	0.00715	0.01136	0.01347	0.05049	0.04797	0.79171	0.01262	0.00589	0.00168	0.00252	0.01052	0.00463	0.00421
22	0.01092	0.01098	0.01645	0.06859	0.04469	0.01466	0.06642	0.01246	0.00823	0.01249	0.00706	0.01130	0.00667	0.00798	0.01440	0.00208	0.67227	0.00448	0.00222	0.00564
23	0.02165	0.00864	0.01155	0.00896	0.01274	0.00769	0.00737	0.02445	0.06930	0.74173	0.01971	0.01708	0.01254	0.00621	0.00502	0.00155	0.00422	0.00506	0.00609	0.00844
24	0.24342	0.00947	0.01181	0.11318	0.12374	0.02731	0.00879	0.03024	0.01174	0.27816	0.03932	0.01615	0.01104	0.00591	0.00460	0.00159	0.00476	0.04788	0.00410	0.00678
25	0.78313	0.06966	0.00884	0.00679	0.00997	0.01188	0.00570	0.02815	0.00887	0.02174	0.00703	0.00816	0.00553	0.00462	0.00313	0.00151	0.00399	0.00273	0.00305	0.00553
26	0.00665	0.00528	0.00602	0.00591	0.00737	0.00475	0.00446	0.00882	0.04087	0.01623	0.32834	0.06908	0.42913	0.01163	0.00591	0.00167	0.00260	0.03579	0.00497	0.00454
27	0.01203	0.01184	0.02095	0.02648	0.56049	0.01179	0.16541	0.01596	0.06662	0.01643	0.01087	0.03876	0.00915	0.00492	0.00518	0.00155	0.00618	0.00512	0.00273	0.00754
28	0.00704	0.00487	0.00538	0.00538	0.00563	0.00474	0.00314	0.00723	0.00788	0.01025	0.02102	0.03496	0.13631	0.70074	0.02239	0.00435	0.00448	0.00775	0.00327	0.00320
29	0.01228	0.00625	0.00834	0.00716	0.00925	0.00560	0.00560	0.01449	0.01416	0.28545	0.52761	0.03031	0.03518	0.00882	0.00558	0.00156	0.00300	0.00765	0.00572	0.00599
30	0.00725	0.00483	0.00544	0.00544	0.00544	0.00483	0.00302	0.00725	0.00725	0.00966	0.01571	0.03262	0.01812	0.82483	0.02537	0.00483	0.00483	0.00725	0.00302	0.00302
31	0.00695	0.00497	0.00679	0.00795	0.00862	0.00481	0.00616	0.00846	0.01041	0.01371	0.02699	0.47801	0.03105	0.01479	0.00660	0.00215	0.00365	0.34905	0.00461	0.00429
32	0.00851	0.00771	0.01292	0.01064	0.01256	0.00773	0.19072	0.01119	0.02941	0.01695	0.37028	0.14000	0.05909	0.00939	0.00699	0.00173	0.08617	0.00850	0.00428	0.00522
33	0.01107	0.01055	0.01795	0.36846	0.46574	0.01151	0.01467	0.01419	0.01075	0.01475	0.00915	0.01275	0.00736	0.00468	0.00496	0.00156	0.00623	0.00444	0.00236	0.00688
34	0.08373	0.01514	0.01369	0.01093	0.01460	0.18111	0.00880	0.47466	0.01888	0.02500	0.01034	0.01086	0.00768	0.00545	0.00459	0.00137	0.00590	0.00391	0.00411	0.09925
35	0.01499	0.01243	0.01295	0.01006	0.01385	0.06674	0.00814	0.35813	0.08635	0.02304	0.01112	0.01174	0.00848	0.00529	0.00494	0.00126	0.03580	0.00396	0.00400	0.30672
36	0.00607	0.00434	0.00578	0.00694	0.00723	0.00405	0.00463	0.00694	0.00954	0.01272	0.02747	0.82157	0.03297	0.01562	0.00636	0.00202	0.00289	0.01417	0.00463	0.00405
37	0.00589	0.00505	0.00505	0.00505	0.00673	0.00421	0.00379	0.00715	0.01136	0.01347	0.05049	0.04797	0.79171	0.01262	0.00589	0.00168	0.00252	0.01052	0.00463	0.00421
38	0.00620	0.00439	0.00575	0.00678	0.00704	0.00413	0.00445	0.00697	0.00930	0.01240	0.02621	0.73690	0.03137	0.10247	0.00840	0.00233	0.00310	0.01343	0.00445	0.00394
39	0.00705	0.00510	0.00666	0.00627	0.00745	0.00470	0.00470	0.00941	0.01411	0.01999	0.79110	0.03723	0.04703	0.01019	0.00588	0.00157	0.00235	0.00901	0.00549	0.00470
40	0.02236	0.00848	0.01157	0.00887	0.01272	0.00733	0.00733	0.02429	0.01427	0.79719	0.01966	0.01697	0.01234	0.00617	0.00501	0.00154	0.00424	0.00501	0.00617	0.00848
41	0.01574	0.00703	0.00935	0.00767	0.01042	0.00617	0.00614	0.01777	0.01400	0.46470	0.29527	0.02641	0.08140	0.00806	0.00538	0.00156	0.00345	0.00683	0.00582	0.00683
42	0.01752	0.01314	0.01409	0.01111	0.01480	0.01461	0.00907	0.63823	0.13682	0.02919	0.01375	0.04093	0.01033	0.00643	0.00505	0.00154	0.00516	0.00499	0.00499	0.00824
43	0.00941	0.00886	0.01495	0.81285	0.03433	0.01107	0.01384	0.01274	0.00997	0.01274	0.00886	0.01329	0.00664	0.00498	0.00498	0.00166	0.00664	0.00443	0.00221	0.00554
44	0.01398	0.01148	0.01234	0.03743	0.01432	0.01314	0.00850	0.21826	0.56375	0.02328	0.01777	0.01672	0.01320	0.00650	0.00505	0.00164	0.00443	0.00530	0.00495	0.00796
45	0.10932	0.01882	0.01376	0.01207	0.02710	0.45623	0.00927	0.23056	0.01583	0.01873	0.00880	0.00985	0.00691	0.00544	0.00493	0.00141	0.03761	0.00357	0.00328	0.00651
46	0.00873	0.00711	0.00974	0.03738	0.01119	0.00831	0.00816	0.01085	0.03840	0.01361	0.01957	0.09393	0.02111	0.09980	0.01106	0.00248	0.20538	0.38469	0.00376	0.00475
47	0.01895	0.01396	0.01496	0.01147	0.01546	0.01546	0.00947	0.77711	0.02344	0.03141	0.01197	0.01197	0.00848	0.00598	0.00499	0.00150	0.00548	0.00449	0.00499	0.00848
48	0.00852	0.00566	0.00723	0.00658	0.00808	0.00526	0.00502	0.03893	0.01432	0.07518	0.66856	0.03542	0.08217	0.00988	0.00578	0.00157	0.00261	0.00864	0.00547	0.00509
49	0.01398	0.01204	0.02345	0.01698	0.02152	0.01130	0.51243	0.04146	0.01238	0.17290	0.01184	0.01378	0.00850	0.00478	0.00590	0.00160	0.03690	0.00539	0.00335	0.06952
50	0.01176	0.01345	0.02941	0.02101	0.02605	0.01261	0.77563	0.01597	0.01176	0.01597	0.01008	0.01345	0.00756	0.00420	0.00588	0.00168	0.00840	0.00588	0.00252	0.00672
51	0.00609	0.00461	0.00563	0.00636	0.00714	0.00415	0.00443	0.00717	0.01033	0.01330	0.06675	0.53560	0.26909	0.01443	0.00620	0.00190	0.00278	0.02524	0.00466	0.00413
52	0.01156	0.01467	0.11202	0.02022	0.04042	0.01256	0.65526	0.01581	0.01150	0.01583	0.00984	0.01303	0.00740	0.00440	0.00606	0.00168	0.03292	0.00557	0.00246	0.00678
53	0.00674	0.00489	0.00664	0.00772	0.00825	0.00478	0.00574	0.00803	0.01005	0.01334	0.02669	0.58382	0.03115	0.01493	0.00674	0.00211	0.02160	0.22798	0.00456	0.00424
54	0.01176	0.01345	0.02941	0.02101	0.02605	0.01261	0.77563	0.01597	0.01176	0.01597	0.01008	0.01345	0.00756	0.00420	0.00588	0.00168	0.00840	0.00588	0.00252	0.00672
55	0.00607	0.00434	0.00578	0.00694	0.00723	0.00405	0.00463	0.00694	0.00954	0.01272	0.02747	0.82157	0.03297	0.01562	0.00636	0.00202	0.00289	0.01417	0.00463	0.00405
56	0.19751	0.01389	0.01213	0.01029	0.01350	0.15624	0.00818	0.26570	0.23261	0.02303	0.01246	0.01246	0.00934	0.00576	0.00451	0.00152	0.00534	0.00420	0.00417	0.00716
57	0.01333	0.82783	0.02612	0.00853	0.01279	0.01972	0.00853	0.01493	0.01013	0.01173	0.00693	0.00800	0.00640	0.00426	0.00320	0.00107	0.00533	0.00267	0.00213	0.00640
58	0.00763	0.00522	0.00685	0.00637	0.00764	0.00480	0.00480	0.00996	0.01412	0.04908	0.76222	0.03647	0.04573	0.01004	0.00585	0.00157	0.00242	0.00886	0.00551	0.00484
59	0.00753	0.00594	0.00879	0.00856	0.00935	0.00720	0.00673	0.00923	0.00797	0.01162	0.01262	0.01865	0.01183	0.03431	0.72042	0.00738	0.09947	0.00524	0.00262	0.00456
60	0.01658	0.02044	0.01361	0.01236	0.01448	0.63598	0.00941	0.01790	0.01278	0.01211	0.00817	0.01030	0.00706	0.00889	0.08943	0.00208	0.09669	0.00356	0.00254	0.00560
61	0.01176	0.01345	0.02941	0.02101	0.02605	0.01261	0.77563	0.01597	0.01176	0.01597	0.01008	0.01345	0.00756	0.00420	0.00588	0.00168	0.00840	0.00588	0.00252	0.00672
62	0.00589	0.00505	0.00505	0.00505	0.00673	0.00421	0.00379	0.00715	0.01136	0.01347	0.05049	0.04797	0.79171	0.01262	0.00589	0.00168	0.00252	0.01052	0.00463	0.00421
63	0.00605	0.00444	0.00568	0.00667	0.00716	0.00407	0.00450	0.00697	0.00981	0.01283	0.03082	0.70895	0.14343	0.01518	0.00629	0.00197	0.00284	0.01364	0.00463	0.00407
64	0.01895	0.01396	0.01496	0.01147	0.01546	0.01546	0.00947	0.77711	0.02344	0.03141	0.01197	0.01197	0.00848	0.00598	0.00499	0.00150	0.00548	0.00449	0.00499	0.00848
65	0.01027	0.00882	0.00925	0.00854	0.01093	0.00970	0.00657	0.02013	0.53063	0.01840	0.02937	0.05657	0.24249	0.00880	0.00536	0.00170	0.00349	0.00737	0.00493	0.00667
66	0.00607	0.00434	0.00578	0.00694	0.00723	0.00405	0.00463	0.00694	0.00954	0.01272	0.02747	0.82157	0.03297	0.01562	0.00636	0.00202	0.00289	0.01417	0.00463	0.00405
67	0.01240	0.01071	0.01127	0.01014	0.01296	0.01240	0.00789	0.02649	0.78473	0.02085	0.02029	0.01860	0.01522	0.00676	0.00507	0.00169	0.00394	0.00564	0.00507	0.00789
68	0.00792	0.00673	0.00765	0.00787	0.00853	0.07570	0.00567	0.00905	0.00896	0.01177	0.01793	0.30303	0.01977	0.14096	0.31027	0.00463	0.03742	0.00851	0.00338	0.00425
69	0.01679	0.01296	0.01514	0.09976	0.08761	0.01441	0.01035	0.56546	0.08191	0.02718	0.01206	0.01267	0.00877	0.00580	0.00499	0.00153	0.00553	0.00457	0.00447	0.00806
70	0.01103	0.01157	0.05123	0.01356	0.01466	0.01418	0.09292	0.04458	0.00890	0.01338	0.00774	0.01183	0.00715	0.00999	0.07057	0.00249	0.60156	0.00457	0.00237	0.00573
71	0.00741	0.00531	0.00728	0.00827	0.00921	0.00519	0.00679	0.00933	0.01122	0.01479	0.09623	0.24728	0.04658	0.01389	0.00664	0.00215	0.00392	0.48936	0.00468	0.00446
72	0.01269	0.01177	0.01283	0.03985	0.07118	0.09818	0.05262	0.12279	0.33254	0.01915	0.02129	0.02085	0.14825	0.00713	0.00517	0.00160	0.00495	0.00595	0.00427	0.00694
73	0.01275	0.01286	0.01909	0.09935	0.64095	0.09753	0.01455	0.01556	0.01152	0.01552	0.00915	0.01206	0.00762	0.00457	0.00489	0.00148	0.00632	0.00431	0.00246	0.00745
74	0.00843	0.00750	0.00740	0.00698	0.00897	0.04232	0.00531	0.01346	0.23160	0.01621	0.12009	0.03672	0.45542	0.01036	0.00559	0.00165	0.00320	0.00864	0.00476	0.00538
75	0.00724	0.00487	0.00562	0.00562	0.00568	0.00493	0.00325	0.00737	0.00730	0.00980	0.01554	0.03169	0.01772	0.76858	0.08106	0.00506	0.00544	0.00711	0.00300	0.00312
76	0.01134	0.02342	0.63058	0.03954	0.02126	0.04172	0.04580	0.09818	0.01208	0.01725	0.00927	0.01082	0.00661	0.00487	0.00481	0.00157	0.00724	0.00386	0.00245	0.00734
77	0.01136	0.01109	0.01943	0.25941	0.46134	0.01183	0.09289	0.01449	0.01084	0.01504	0.00919	0.01268	0.00744	0.00474	0.00548	0.00158	0.03721	0.00458	0.00239	0.00699
78	0.00967	0.00927	0.01559	0.69302	0.03168	0.01159	0.04559	0.01279	0.00979	0.01279	0.00866	0.01304	0.00667	0.00536	0.00625	0.00172	0.09422	0.00448	0.00222	0.00558
79	0.01234	0.01184	0.02023	0.03059	0.79373	0.01184	0.01530	0.01530	0.01135	0.01628	0.00938	0.01234	0.00790	0.00444	0.00493	0.00148	0.00592	0.00444	0.00247	0.00790
80	0.10962	0.02223	0.01339	0.01216	0.01479	0.71899	0.00917	0.01934	0.01351	0.01330	0.00762	0.00889	0.00631	0.00508	0.00434	0.00131	0.00843	0.00315	0.00262	0.00574
81	0.00720	0.00481	0.00545	0.00550	0.00552	0.00480	0.00309	0.00723	0.00735	0.00980	0.01623	0.06783	0.01878	0.78871	0.02452	0.00471	0.00475	0.00756	0.00309	0.00307
82	0.01333	0.82783	0.02612	0.00853	0.01279	0.01972	0.00853	0.01493	0.01013	0.01173	0.00693	0.00800	0.00640	0.00426	0.00320	0.00107	0.00533	0.00267	0.00213	0.00640
83	0.00607	0.00434	0.00578	0.00694	0.00723	0.00405	0.00463	0.00694	0.00954	0.01272	0.02747	0.82157	0.03297	0.01562	0.00636	0.00202	0.00289	0.01417	0.00463	0.00405
84	0.00941	0.00886	0.01495	0.81285	0.03433	0.01107	0.01384	0.01274	0.00997	0.01274	0.00886	0.01329	0.00664	0.00498	0.00498	0.00166	0.00664	0.00443	0.00221	0.00554
85	0.00941	0.00886	0.01495	0.81285	0.03433	0.01107	0.01384	0.01274	0.00997	0.01274	0.00886	0.01329	0.00664	0.00498	0.00498	0.00166	0.00664	0.00443	0.00221	0.00554
86	0.00771	0.00556	0.00695	0.00752	0.00827	0.00550	0.00524	0.10472	0.01131	0.01510	0.02550	0.71878	0.02986	0.01439	0.00619	0.00196	0.00322	0.01294	0.00467	0.00461
87	0.00607	0.00434	0.00578	0.00694	0.00723	0.00405	0.00463	0.00694	0.00954	0.01272	0.02747	0.82157	0.03297	0.01562	0.00636	0.00202	0.00289	0.01417	0.00463	0.00405
88	0.07956	0.01189	0.09665	0.00999	0.01414	0.01032	0.00896	0.23454	0.01589	0.42400	0.01529	0.01429	0.01011	0.00657	0.02330	0.00168	0.00511	0.00456	0.00510	0.00805
89	0.86003	0.00964	0.00733	0.00655	0.00964	0.01118	0.00540	0.01465	0.00848	0.02236	0.00694	0.00810	0.00540	0.00463	0.00308	0.00154	0.00386	0.00270	0.00308	0.00540
90	0.01895	0.01396	0.01496	0.01147	0.01546	0.01546	0.00947	0.77711	0.02344	0.03141	0.01197	0.01197	0.00848	0.00598	0.00499	0.00150	0.00548	0.00449	0.00499	0.00848
91	0.01000	0.02578	0.79900	0.01421	0.02157	0.01158	0.01842	0.01579	0.01052	0.01579	0.00895	0.01052	0.00631	0.00474	0.00474	0.00158	0.00737	0.00368	0.00210	0.00737
92	0.00941	0.00886	0.01495	0.81285	0.03433	0.01107	0.01384	0.01274	0.00997	0.01274	0.00886	0.01329	0.00664	0.00498	0.00498	0.00166	0.00664	0.00443	0.00221	0.00554
93	0.00607	0.00434	0.00578	0.00694	0.00723	0.00405	0.00463	0.00694	0.00954	0.01272	0.02747	0.82157	0.03297	0.01562	0.00636	0.00202	0.00289	0.01417	0.00463	0.00405
94	0.00620	0.00498	0.00516	0.00520	0.00647	0.00434	0.00365	0.00717	0.01039	0.01260	0.04198	0.07312	0.59321	0.19176	0.01020	0.00239	0.00305	0.00993	0.00427	0.00394
95	0.01119	0.24021	0.01460	0.09571	0.01344	0.15311	0.00787	0.01275	0.00981	0.01159	0.01037	0.01552	0.00982	0.12582	0.24400	0.00374	0.00843	0.00437	0.00250	0.00516
96	0.01437	0.01667	0.01475	0.01298	0.01413	0.36969	0.01033	0.01555	0.01055	0.01209	0.00706	0.01004	0.00649	0.00711	0.01103	0.00178	0.45357	0.00385	0.00235	0.00560
97	0.00607	0.00434	0.00578	0.00694	0.00723	0.00405	0.00463	0.00694	0.00954	0.01272	0.02747	0.82157	0.03297	0.01562	0.00636	0.00202	0.00289	0.01417	0.00463	0.00405
98	0.00618	0.00442	0.00588	0.00687	0.00725	0.00412	0.00464	0.00721	0.01004	0.01351	0.11006	0.73675	0.03449	0.01503	0.00631	0.00197	0.00283	0.01361	0.00472	0.00412
99	0.01443	0.00723	0.00928	0.00799	0.01041	0.00672	0.00623	0.07225	0.03964	0.35302	0.18064	0.19550	0.05653	0.00931	0.00552	0.00166	0.00357	0.00802	0.00551	0.00655
100	0.01871	0.02112	0.01435	0.01247	0.01542	0.59217	0.00959	0.22389	0.01663	0.01738	0.00885	0.00979	0.00697	0.00536	0.00463	0.00134	0.00804	0.00355	0.00322	0.00651
101	0.01339	0.76937	0.02497	0.00850	0.01265	0.01904	0.00839	0.04292	0.01063	0.01269	0.00744	0.00851	0.00669	0.00438	0.00327	0.00109	0.00523	0.00280	0.03161	0.00641
102	0.11493	0.01294	0.01538	0.01563	0.20749	0.01407	0.01044	0.49999	0.01871	0.02662	0.01074	0.01161	0.00798	0.00544	0.00475	0.00150	0.00540	0.00427	0.00414	0.00798
103	0.07608	0.01120	0.01131	0.00915	0.01218	0.03844	0.00741	0.46089	0.03107	0.02619	0.01286	0.01364	0.00956	0.00582	0.00440	0.00140	0.00454	0.00438	0.25245	0.00704

[dist]
# distance from previous block
# <min> <max>
1	5

[block]
# block no. 2 follows, 50 sequences, length 83
# corresponding to MSA columns:
# 574-577,579-657
name=unknown_C
#
# <colnr> <probs for GDERKNQSTAVLIFYWHMCP>
#	G	D	E	R	K	N	Q	S	T	A	V	L	I	F	Y	W	H	M	C	P
0	0.01065	0.01055	0.04227	0.18942	0.32015	0.01035	0.14285	0.01372	0.01122	0.02873	0.07925	0.09294	0.01342	0.00613	0.00532	0.00162	0.00591	0.00601	0.00295	0.00654
1	0.00757	0.00577	0.00704	0.00663	0.00806	0.00557	0.00503	0.01118	0.10500	0.01924	0.60008	0.03660	0.13038	0.01013	0.00580	0.00161	0.00260	0.02137	0.00532	0.00502
2	0.01754	0.01444	0.01409	0.01135	0.01493	0.10829	0.00916	0.53059	0.18142	0.02693	0.01320	0.01300	0.00964	0.00605	0.00495	0.00151	0.00558	0.00458	0.00472	0.00803
3	0.01789	0.02205	0.01487	0.01490	0.10758	0.68690	0.01030	0.04239	0.01408	0.01327	0.00803	0.00948	0.00666	0.00508	0.00456	0.00131	0.00852	0.00339	0.00263	0.00611
4	0.01862	0.02376	0.01413	0.01284	0.01541	0.80482	0.00963	0.01990	0.01413	0.01220	0.00770	0.00899	0.00642	0.00514	0.00449	0.00128	0.00899	0.00321	0.00257	0.00578
5	0.00781	0.00633	0.00737	0.00636	0.00864	0.00538	0.00488	0.01024	0.04145	0.01704	0.32482	0.03233	0.25781	0.00900	0.00525	0.00138	0.00283	0.00767	0.00452	0.23888
6	0.00725	0.00483	0.00544	0.00544	0.00544	0.00483	0.00302	0.00725	0.00725	0.00966	0.01571	0.03262	0.01812	0.82483	0.02537	0.00483	0.00483	0.00725	0.00302	0.00302
7	0.01490	0.01126	0.01214	0.01025	0.01345	0.01257	0.00816	0.23739	0.47948	0.09051	0.01883	0.01750	0.03730	0.00667	0.00507	0.00162	0.00436	0.00541	0.00513	0.00799
8	0.00725	0.00483	0.00544	0.00544	0.00544	0.00483	0.00302	0.00725	0.00725	0.00966	0.01571	0.03262	0.01812	0.82483	0.02537	0.00483	0.00483	0.00725	0.00302	0.00302
9	0.00655	0.00468	0.00633	0.00749	0.00799	0.00446	0.00546	0.00777	0.01001	0.01326	0.02721	0.63473	0.03192	0.01517	0.00649	0.00209	0.00331	0.19629	0.00462	0.00418
10	0.01240	0.01071	0.01127	0.01014	0.01296	0.01240	0.00789	0.02649	0.78473	0.02085	0.02029	0.01860	0.01522	0.00676	0.00507	0.00169	0.00394	0.00564	0.00507	0.00789
11	0.01650	0.02022	0.01444	0.01291	0.01477	0.58742	0.00998	0.01773	0.01234	0.01214	0.00738	0.00952	0.00645	0.00612	0.00776	0.00153	0.23111	0.00353	0.00246	0.00569
12	0.01895	0.01396	0.01496	0.01147	0.01546	0.01546	0.00947	0.77711	0.02344	0.03141	0.01197	0.01197	0.00848	0.00598	0.00499	0.00150	0.00548	0.00449	0.00499	0.00848
13	0.00626	0.00506	0.00555	0.00543	0.00696	0.00436	0.00407	0.00786	0.01222	0.01551	0.28248	0.04461	0.55845	0.01186	0.00589	0.00165	0.00247	0.01005	0.00490	0.00436
14	0.00928	0.00868	0.01459	0.78081	0.03325	0.01079	0.01348	0.01250	0.00995	0.01273	0.00960	0.04542	0.00769	0.00541	0.00504	0.00168	0.00650	0.00482	0.00231	0.00548
15	0.00668	0.00506	0.00594	0.00572	0.00710	0.00450	0.00429	0.00859	0.01287	0.01733	0.46568	0.04081	0.34316	0.01099	0.00579	0.00160	0.00242	0.00945	0.03751	0.00450
16	0.00651	0.00453	0.00571	0.00647	0.00668	0.00435	0.00415	0.00711	0.00880	0.01173	0.02346	0.53966	0.02785	0.28991	0.01282	0.00298	0.00358	0.02591	0.00408	0.00371
17	0.01034	0.00886	0.01034	0.00738	0.01181	0.00664	0.00591	0.01255	0.01034	0.01624	0.00886	0.01034	0.00738	0.00369	0.00369	0.00074	0.00369	0.00295	0.00295	0.85530
18	0.00637	0.00458	0.00611	0.00723	0.00770	0.00432	0.00513	0.00748	0.00990	0.01309	0.02802	0.67755	0.05598	0.01523	0.00643	0.00206	0.00315	0.13091	0.00462	0.00414
19	0.01352	0.01201	0.01977	0.01436	0.01890	0.01133	0.34278	0.18490	0.02654	0.05897	0.01081	0.01252	0.00808	0.00460	0.00502	0.00137	0.00618	0.00472	0.00341	0.24019
20	0.01307	0.00984	0.01108	0.00906	0.01259	0.00978	0.00720	0.05636	0.36915	0.11154	0.01593	0.01598	0.01209	0.00572	0.00461	0.00134	0.00398	0.02048	0.00444	0.30574
21	0.04313	0.01201	0.01361	0.01088	0.01445	0.01312	0.03822	0.39582	0.24742	0.11746	0.03155	0.01500	0.01162	0.00621	0.00501	0.00157	0.00488	0.00498	0.00501	0.00806
22	0.00815	0.00557	0.00679	0.00630	0.00789	0.00508	0.00479	0.01064	0.04447	0.07890	0.49708	0.03784	0.24685	0.01040	0.00578	0.00160	0.00261	0.00898	0.00529	0.00499
23	0.00941	0.00886	0.01495	0.81285	0.03433	0.01107	0.01384	0.01274	0.00997	0.01274	0.00886	0.01329	0.00664	0.00498	0.00498	0.00166	0.00664	0.00443	0.00221	0.00554
24	0.01442	0.08474	0.19299	0.01114	0.01539	0.01318	0.01068	0.37005	0.08161	0.03745	0.01353	0.10782	0.01135	0.00676	0.00495	0.00156	0.00544	0.00540	0.00407	0.00747
25	0.01557	0.01423	0.01768	0.01375	0.01757	0.10671	0.20387	0.32178	0.19479	0.02280	0.01291	0.01352	0.00956	0.00561	0.00518	0.00156	0.00628	0.00496	0.00410	0.00758
26	0.00601	0.00505	0.00521	0.00517	0.00681	0.00426	0.00388	0.00738	0.01164	0.01413	0.12629	0.04687	0.71550	0.01237	0.00589	0.00167	0.00251	0.01037	0.00472	0.00426
27	0.00954	0.00719	0.00831	0.00753	0.00946	0.00737	0.00579	0.05059	0.22687	0.05029	0.41611	0.03149	0.13102	0.00920	0.00558	0.00161	0.00304	0.00791	0.00526	0.00584
28	0.08598	0.01494	0.01547	0.01209	0.01590	0.12499	0.07520	0.54450	0.01993	0.02667	0.01081	0.01137	0.00786	0.00560	0.00484	0.00149	0.00609	0.00429	0.00428	0.00770
29	0.07671	0.00892	0.01141	0.00890	0.01265	0.00822	0.00732	0.05485	0.06061	0.66793	0.01855	0.01627	0.01190	0.00610	0.00489	0.00155	0.00425	0.00488	0.00585	0.00824
30	0.00589	0.00505	0.00505	0.00505	0.00673	0.00421	0.00379	0.00715	0.01136	0.01347	0.05049	0.04797	0.79171	0.01262	0.00589	0.00168	0.00252	0.01052	0.00463	0.00421
31	0.01189	0.01301	0.02690	0.02318	0.21220	0.01247	0.57594	0.01573	0.01158	0.01597	0.00984	0.01313	0.00762	0.00435	0.00586	0.00164	0.02371	0.00550	0.00250	0.00698
32	0.01669	0.04772	0.17566	0.01192	0.01653	0.04220	0.01122	0.54244	0.04372	0.02647	0.01127	0.01162	0.00809	0.00566	0.00485	0.00150	0.00594	0.00424	0.00421	0.00806
33	0.01809	0.02298	0.01375	0.01252	0.01505	0.77178	0.00939	0.01938	0.01401	0.01225	0.00947	0.01060	0.03882	0.00545	0.00455	0.00130	0.00872	0.00351	0.00265	0.00571
34	0.00929	0.00465	0.00465	0.00465	0.00581	0.00465	0.00348	0.01161	0.01045	0.01858	0.01626	0.01858	0.01278	0.00581	0.00348	0.00116	0.00232	0.00465	0.85250	0.00465
35	0.13502	0.01242	0.01349	0.01066	0.01399	0.01403	0.00881	0.50991	0.01856	0.08510	0.01128	0.01180	0.00819	0.00613	0.00604	0.00158	0.10105	0.00427	0.02006	0.00762
36	0.01308	0.01325	0.01951	0.02849	0.70157	0.10574	0.01463	0.01584	0.01168	0.01580	0.00918	0.01194	0.00772	0.00452	0.00488	0.00146	0.00628	0.00430	0.00248	0.00764
37	0.00652	0.00574	0.00631	0.00604	0.00751	0.00553	0.00466	0.00780	0.01100	0.01349	0.06782	0.04325	0.67608	0.01209	0.00713	0.00174	0.09881	0.00974	0.00436	0.00437
38	0.01250	0.01223	0.01980	0.05602	0.73623	0.04453	0.01501	0.01540	0.01142	0.01600	0.00929	0.01223	0.00779	0.00449	0.00492	0.00148	0.00607	0.00439	0.00246	0.00773
39	0.01801	0.11627	0.01551	0.01234	0.01511	0.71448	0.00950	0.01933	0.01367	0.01214	0.00762	0.00887	0.00642	0.00504	0.00435	0.00126	0.00857	0.00315	0.00252	0.00585
40	0.00607	0.00434	0.00578	0.00694	0.00723	0.00405	0.00463	0.00694	0.00954	0.01272	0.02747	0.82157	0.03297	0.01562	0.00636	0.00202	0.00289	0.01417	0.00463	0.00405
41	0.00707	0.00511	0.00669	0.00633	0.00751	0.00472	0.00477	0.00942	0.01406	0.01989	0.77558	0.03762	0.04666	0.01026	0.00590	0.00158	0.00240	0.02426	0.00547	0.00470
42	0.00725	0.00483	0.00544	0.00544	0.00544	0.00483	0.00302	0.00725	0.00725	0.00966	0.01571	0.03262	0.01812	0.82483	0.02537	0.00483	0.00483	0.00725	0.00302	0.00302
43	0.02236	0.00848	0.01157	0.00887	0.01272	0.00733	0.00733	0.02429	0.01427	0.79719	0.01966	0.01697	0.01234	0.00617	0.00501	0.00154	0.00424	0.00501	0.00617	0.00848
44	0.00691	0.00509	0.00646	0.00612	0.00736	0.00464	0.00459	0.00913	0.01377	0.01918	0.69897	0.03857	0.13967	0.01049	0.00588	0.00158	0.00237	0.00920	0.00538	0.00464
45	0.00623	0.00445	0.00596	0.00712	0.00747	0.00418	0.00489	0.00721	0.00969	0.01290	0.02739	0.76160	0.03263	0.01547	0.00640	0.00205	0.00302	0.07262	0.00462	0.00409
46	0.00590	0.00502	0.00508	0.00514	0.00676	0.00420	0.00383	0.00714	0.01128	0.01343	0.04941	0.08442	0.75596	0.01276	0.00591	0.00170	0.00254	0.01069	0.00463	0.00420
47	0.02046	0.00808	0.01086	0.00847	0.01204	0.00698	0.00694	0.02235	0.01403	0.70464	0.05321	0.02020	0.07457	0.00684	0.00512	0.00155	0.00403	0.00560	0.00602	0.00800
48	0.01701	0.04585	0.01711	0.01523	0.07715	0.60842	0.11742	0.01884	0.01346	0.01303	0.00814	0.00984	0.00669	0.00492	0.00468	0.00135	0.00856	0.00366	0.00254	0.00609
49	0.01862	0.02376	0.01413	0.01284	0.01541	0.80482	0.00963	0.01990	0.01413	0.01220	0.00770	0.00899	0.00642	0.00514	0.00449	0.00128	0.00899	0.00321	0.00257	0.00578
50	0.01179	0.01155	0.02046	0.15667	0.57933	0.01181	0.10510	0.01496	0.01117	0.01567	0.00938	0.01262	0.00765	0.00450	0.00505	0.00153	0.00633	0.00461	0.00243	0.00737
51	0.00607	0.00434	0.00578	0.00694	0.00723	0.00405	0.00463	0.00694	0.00954	0.01272	0.02747	0.82157	0.03297	0.01562	0.00636	0.00202	0.00289	0.01417	0.00463	0.00405
52	0.00595	0.00505	0.00513	0.00511	0.00677	0.00423	0.00383	0.00726	0.01149	0.01377	0.08539	0.04746	0.75662	0.01251	0.00589	0.00168	0.00252	0.01045	0.00467	0.00423
53	0.01922	0.00976	0.01178	0.00932	0.01286	0.00969	0.00761	0.19738	0.12114	0.45534	0.01771	0.01616	0.01187	0.00618	0.00490	0.00152	0.00434	0.00495	0.07016	0.00811
54	0.00630	0.00450	0.00605	0.00721	0.00760	0.00425	0.00503	0.00734	0.00977	0.01298	0.02734	0.73094	0.03246	0.01540	0.00642	0.00206	0.00309	0.10251	0.00462	0.00411
55	0.00699	0.00509	0.00657	0.00620	0.00741	0.00468	0.00465	0.00928	0.01395	0.01962	0.74913	0.03784	0.08924	0.01033	0.00588	0.00157	0.00236	0.00910	0.00544	0.00468
56	0.00962	0.00925	0.01620	0.74460	0.03362	0.01121	0.07950	0.01301	0.01012	0.01301	0.00896	0.01330	0.00672	0.00492	0.00506	0.00166	0.00680	0.00455	0.00224	0.00564
57	0.00785	0.00561	0.00782	0.00897	0.01004	0.00558	0.00771	0.01001	0.01129	0.01471	0.02649	0.12762	0.02909	0.01394	0.00684	0.00227	0.00443	0.69059	0.00459	0.00454
58	0.01234	0.01184	0.02023	0.03059	0.79373	0.01184	0.01530	0.01530	0.01135	0.01628	0.00938	0.01234	0.00790	0.00444	0.00493	0.00148	0.00592	0.00444	0.00247	0.00790
59	0.01278	0.01227	0.01982	0.02946	0.74700	0.04447	0.01491	0.01566	0.01152	0.03073	0.00950	0.01229	0.00792	0.00450	0.00492	0.00147	0.00602	0.00440	0.00254	0.00782
60	0.00731	0.00567	0.00889	0.00855	0.00961	0.00649	0.03797	0.00919	0.00817	0.01175	0.01322	0.01933	0.01226	0.03601	0.77210	0.00775	0.01315	0.00536	0.00266	0.00454
61	0.01475	0.01070	0.01160	0.00939	0.01198	0.01166	0.00725	0.50419	0.01779	0.02383	0.01378	0.05184	0.01251	0.26287	0.01143	0.00256	0.00517	0.00575	0.00436	0.00658
62	0.00589	0.00505	0.00505	0.00505	0.00673	0.00421	0.00379	0.00715	0.01136	0.01347	0.05049	0.04797	0.79171	0.01262	0.00589	0.00168	0.00252	0.01052	0.00463	0.00421
63	0.01182	0.01243	0.01513	0.01306	0.01336	0.10876	0.01075	0.01293	0.00840	0.01202	0.00668	0.01068	0.00653	0.00830	0.01495	0.00207	0.72017	0.00423	0.00223	0.00549
64	0.01045	0.00921	0.01181	0.00844	0.01291	0.00711	0.06539	0.01281	0.01045	0.01622	0.00895	0.01058	0.00740	0.00373	0.00386	0.00081	0.00406	0.00318	0.00292	0.78972
65	0.02213	0.00886	0.01180	0.00905	0.01291	0.00788	0.00747	0.07596	0.01490	0.74463	0.01914	0.01662	0.01207	0.00616	0.00501	0.00154	0.00433	0.00498	0.00609	0.00848
66	0.01333	0.82783	0.02612	0.00853	0.01279	0.01972	0.00853	0.01493	0.01013	0.01173	0.00693	0.00800	0.00640	0.00426	0.00320	0.00107	0.00533	0.00267	0.00213	0.00640
67	0.00607	0.00434	0.00578	0.00694	0.00723	0.00405	0.00463	0.00694	0.00954	0.01272	0.02747	0.82157	0.03297	0.01562	0.00636	0.00202	0.00289	0.01417	0.00463	0.00405
68	0.00941	0.00886	0.01495	0.81285	0.03433	0.01107	0.01384	0.01274	0.00997	0.01274	0.00886	0.01329	0.00664	0.00498	0.00498	0.00166	0.00664	0.00443	0.00221	0.00554
69	0.00610	0.00442	0.00578	0.00685	0.00726	0.00409	0.00463	0.00702	0.00971	0.01282	0.02911	0.75054	0.08750	0.01536	0.00634	0.00201	0.00290	0.02886	0.00463	0.00407
70	0.00600	0.00505	0.00520	0.00517	0.00680	0.00426	0.00387	0.00737	0.01162	0.01409	0.12155	0.04694	0.72027	0.01239	0.00589	0.00167	0.00251	0.01038	0.00471	0.00426
71	0.00719	0.00485	0.00548	0.00546	0.00558	0.00480	0.00313	0.00735	0.00773	0.01030	0.05360	0.03344	0.04970	0.75471	0.02369	0.00456	0.00463	0.00746	0.00320	0.00315
72	0.01862	0.02376	0.01413	0.01284	0.01541	0.80482	0.00963	0.01990	0.01413	0.01220	0.00770	0.00899	0.00642	0.00514	0.00449	0.00128	0.00899	0.00321	0.00257	0.00578
73	0.00607	0.00434	0.00578	0.00694	0.00723	0.00405	0.00463	0.00694	0.00954	0.01272	0.02747	0.82157	0.03297	0.01562	0.00636	0.00202	0.00289	0.01417	0.00463	0.00405
74	0.00630	0.00507	0.00561	0.00547	0.00698	0.00438	0.00411	0.00794	0.01232	0.01573	0.30819	0.04423	0.53260	0.01178	0.00589	0.00164	0.00246	0.01000	0.00493	0.00438
75	0.01023	0.08147	0.74534	0.01381	0.02096	0.01214	0.01773	0.01573	0.01050	0.01550	0.00881	0.01035	0.00632	0.00470	0.00463	0.00154	0.00723	0.00361	0.00211	0.00730
76	0.01080	0.00610	0.00626	0.00571	0.00732	0.00634	0.00442	0.13152	0.01249	0.02059	0.01559	0.01755	0.01210	0.00583	0.00372	0.00121	0.00282	0.00462	0.71975	0.00525
77	0.01836	0.01367	0.01463	0.01135	0.01523	0.01518	0.00933	0.70976	0.09175	0.03047	0.01271	0.01256	0.00908	0.00605	0.00499	0.00151	0.00535	0.00459	0.00499	0.00842
78	0.01000	0.02578	0.79900	0.01421	0.02157	0.01158	0.01842	0.01579	0.01052	0.01579	0.00895	0.01052	0.00631	0.00474	0.00474	0.00158	0.00737	0.00368	0.00210	0.00737
79	0.01895	0.01396	0.01496	0.01147	0.01546	0.01546	0.00947	0.77711	0.02344	0.03141	0.01197	0.01197	0.00848	0.00598	0.00499	0.00150	0.00548	0.00449	0.00499	0.00848
80	0.00725	0.00483	0.00544	0.00544	0.00544	0.00483	0.00302	0.00725	0.00725	0.00966	0.01571	0.03262	0.01812	0.82483	0.02537	0.00483	0.00483	0.00725	0.00302	0.00302
81	0.01234	0.01184	0.02023	0.03059	0.79373	0.01184	0.01530	0.01530	0.01135	0.01628	0.00938	0.01234	0.00790	0.00444	0.00493	0.00148	0.00592	0.00444	0.00247	0.00790
82	0.01771	0.01459	0.01360	0.01106	0.01457	0.17349	0.00885	0.38303	0.14944	0.10347	0.01316	0.01293	0.00955	0.00586	0.00484	0.00146	0.00572	0.00441	0.00454	0.04773

[dist]
# distance from previous block
# <min> <max>
0	1

[block]
# block no. 3 follows, 50 sequences, length 72
# corresponding to MSA columns:
# 659-730
name=unknown_D
#
# <colnr> <probs for GDERKNQSTAVLIFYWHMCP>
#	G	D	E	R	K	N	Q	S	T	A	V	L	I	F	Y	W	H	M	C	P
0	0.01947	0.08201	0.01492	0.01045	0.01443	0.01344	0.00876	0.49096	0.01961	0.25445	0.01379	0.01309	0.00943	0.00589	0.00484	0.00147	0.00511	0.00449	0.00509	0.00830
1	0.01003	0.02438	0.73359	0.01364	0.02076	0.01117	0.01738	0.01552	0.01051	0.01582	0.00894	0.01051	0.00640	0.00465	0.00465	0.00151	0.00706	0.00362	0.00218	0.07769
2	0.01808	0.01982	0.01446	0.01246	0.01523	0.50769	0.00969	0.24146	0.01632	0.01782	0.00886	0.01002	0.00703	0.00568	0.00562	0.00142	0.07487	0.00368	0.00325	0.00654
3	0.00866	0.00433	0.00649	0.00649	0.00649	0.00433	0.00433	0.00649	0.00649	0.00866	0.00866	0.01515	0.00866	0.01732	0.01948	0.85498	0.00433	0.00433	0.00216	0.00216
4	0.01339	0.01093	0.01167	0.01018	0.01306	0.01241	0.00799	0.19871	0.54412	0.02262	0.01896	0.08366	0.01513	0.00732	0.00516	0.00167	0.00421	0.00608	0.00502	0.00771
5	0.01034	0.00886	0.01034	0.00738	0.01181	0.00664	0.00591	0.01255	0.01034	0.01624	0.00886	0.01034	0.00738	0.00369	0.00369	0.00074	0.00369	0.00295	0.00295	0.85530
6	0.00593	0.00488	0.00522	0.00550	0.00685	0.00417	0.00399	0.00710	0.01093	0.01329	0.04502	0.23208	0.61114	0.01334	0.00600	0.00176	0.00261	0.01139	0.00463	0.00417
7	0.00929	0.00465	0.00465	0.00465	0.00581	0.00465	0.00348	0.01161	0.01045	0.01858	0.01626	0.01858	0.01278	0.00581	0.00348	0.00116	0.00232	0.00465	0.85250	0.00465
8	0.00607	0.00434	0.00578	0.00694	0.00723	0.00405	0.00463	0.00694	0.00954	0.01272	0.02747	0.82157	0.03297	0.01562	0.00636	0.00202	0.00289	0.01417	0.00463	0.00405
9	0.01034	0.00886	0.01034	0.00738	0.01181	0.00664	0.00591	0.01255	0.01034	0.01624	0.00886	0.01034	0.00738	0.00369	0.00369	0.00074	0.00369	0.00295	0.00295	0.85530
