[name]
unknown

[dist]
# distance from previous block
# <min> <max>
0	67

[block]
# block no. 0 follows, 42 sequences, length 32
# corresponding to MSA columns:
# 74-105
name=unknown_A
#
# <colnr> <probs for GDERKNQSTAVLIFYWHMCP>
#	G	D	E	R	K	N	Q	S	T	A	V	L	I	F	Y	W	H	M	C	P
0	0.00907	0.00648	0.00907	0.01036	0.01166	0.00648	0.00907	0.01166	0.01296	0.01684	0.02980	0.06348	0.03239	0.01555	0.00777	0.00259	0.00518	0.72924	0.00518	0.00518
1	0.01336	0.15449	0.57179	0.01436	0.02169	0.01408	0.01765	0.01866	0.01225	0.09562	0.01099	0.01217	0.00785	0.00543	0.00509	0.00168	0.00757	0.00413	0.00286	0.00827
2	0.00667	0.00563	0.00577	0.00588	0.00765	0.00474	0.00436	0.00806	0.01265	0.01513	0.05478	0.11804	0.70240	0.01454	0.00670	0.00193	0.00289	0.01223	0.00523	0.00474
3	0.00787	0.00589	0.00657	0.00630	0.00814	0.00507	0.00476	0.00969	0.01389	0.05094	0.26483	0.04902	0.52077	0.01312	0.00660	0.00185	0.00288	0.01110	0.00559	0.00513
4	0.01399	0.01103	0.01267	0.00924	0.01413	0.00934	0.00746	0.14779	0.01453	0.05262	0.01114	0.01231	0.00879	0.00475	0.00449	0.00103	0.00456	0.00374	0.00390	0.65246
5	0.01094	0.02667	0.69323	0.01511	0.02269	0.01226	0.01918	0.01707	0.01230	0.01832	0.08874	0.01503	0.01192	0.00599	0.00548	0.00178	0.00773	0.00479	0.00277	0.00800
6	0.84197	0.01088	0.00827	0.00740	0.01088	0.01262	0.00609	0.01654	0.00958	0.02525	0.00784	0.00914	0.00609	0.00522	0.00348	0.00174	0.00435	0.00305	0.00348	0.00609
7	0.01423	0.01455	0.01993	0.20615	0.44862	0.12842	0.01553	0.01798	0.04857	0.01701	0.01076	0.01395	0.00873	0.00540	0.00552	0.00170	0.00729	0.00487	0.00288	0.00793
8	0.01591	0.01850	0.01584	0.01401	0.01547	0.36613	0.01109	0.01726	0.01228	0.01377	0.01147	0.01426	0.06053	0.00830	0.01149	0.00196	0.37784	0.00482	0.00286	0.00623
9	0.00818	0.00546	0.00614	0.00614	0.00614	0.00546	0.00341	0.00818	0.00818	0.01091	0.01773	0.03683	0.02046	0.80222	0.02864	0.00546	0.00546	0.00818	0.00341	0.00341
10	0.00956	0.00829	0.01311	0.47405	0.02654	0.00961	0.01147	0.01287	0.01314	0.01768	0.31359	0.02589	0.02586	0.00799	0.00603	0.00183	0.00555	0.00708	0.00399	0.00587
11	0.00679	0.00517	0.00625	0.00711	0.00797	0.00463	0.00490	0.00792	0.01147	0.01465	0.03987	0.54511	0.28495	0.01648	0.00700	0.00215	0.00312	0.01460	0.00522	0.00463
12	0.00847	0.00586	0.00768	0.00717	0.00858	0.00540	0.00540	0.01111	0.01594	0.04453	0.74238	0.04137	0.05195	0.01137	0.00661	0.00177	0.00272	0.01004	0.00622	0.00544
13	0.01317	0.01334	0.02285	0.02461	0.32071	0.01505	0.16846	0.01599	0.01129	0.01643	0.00951	0.01356	0.00824	0.00683	0.01079	0.00203	0.31157	0.00532	0.00267	0.00757
14	0.01200	0.17619	0.63222	0.01483	0.02248	0.01481	0.01868	0.01764	0.01180	0.01695	0.00967	0.01134	0.00715	0.00525	0.00502	0.00167	0.00788	0.00394	0.00238	0.00811
15	0.01624	0.16445	0.06388	0.01132	0.01505	0.06709	0.00997	0.31141	0.01754	0.02336	0.01351	0.01508	0.03121	0.01026	0.08637	0.00236	0.04192	0.00483	0.08650	0.00765
16	0.01152	0.07732	0.72690	0.01564	0.02374	0.01364	0.02010	0.01776	0.01185	0.01754	0.00996	0.01170	0.00713	0.00531	0.00524	0.00175	0.00817	0.00409	0.00238	0.00825
17	0.00686	0.00490	0.00653	0.00784	0.00816	0.00457	0.00522	0.00784	0.01077	0.01437	0.03102	0.79855	0.03722	0.01763	0.00718	0.00229	0.00326	0.01600	0.00522	0.00457
18	0.01188	0.01226	0.09153	0.00964	0.01466	0.00890	0.00858	0.03045	0.01182	0.01836	0.00993	0.01177	0.00818	0.00470	0.00521	0.00105	0.05356	0.00356	0.00323	0.68073
19	0.10401	0.02002	0.34160	0.01380	0.01986	0.01317	0.03371	0.15885	0.01595	0.20058	0.01423	0.01486	0.00993	0.00652	0.00567	0.00190	0.00693	0.00491	0.00450	0.00900
20	0.00735	0.00582	0.00672	0.00713	0.00870	0.00519	0.00561	0.00909	0.01286	0.01598	0.09177	0.12638	0.47173	0.01472	0.00698	0.00210	0.00345	0.18829	0.00528	0.00487
21	0.00761	0.00544	0.00739	0.00870	0.00935	0.00522	0.00653	0.00914	0.01152	0.01521	0.03060	0.54828	0.03558	0.01692	0.00738	0.00239	0.00392	0.25884	0.00521	0.00478
22	0.01117	0.07399	0.32442	0.01713	0.18708	0.01150	0.01463	0.01550	0.01326	0.01902	0.23250	0.02104	0.02110	0.00705	0.00565	0.00171	0.00611	0.00605	0.00360	0.00749
23	0.01192	0.01373	0.19045	0.01093	0.01479	0.01042	0.01045	0.01982	0.26817	0.07352	0.14035	0.02561	0.09798	0.01135	0.07296	0.00246	0.00586	0.00694	0.00481	0.00747
24	0.00686	0.00490	0.00653	0.00784	0.00816	0.00457	0.00522	0.00784	0.01077	0.01437	0.03102	0.79855	0.03722	0.01763	0.00718	0.00229	0.00326	0.01600	0.00522	0.00457
25	0.01159	0.02699	0.66046	0.01721	0.02513	0.01325	0.13127	0.01785	0.01209	0.01785	0.01029	0.01238	0.00734	0.00525	0.00554	0.00180	0.00850	0.00454	0.00245	0.00821
26	0.01361	0.01405	0.01998	0.31787	0.30030	0.12014	0.06961	0.01744	0.04170	0.01639	0.01064	0.01418	0.00844	0.00544	0.00561	0.00174	0.00760	0.00499	0.00281	0.00747
27	0.00835	0.00643	0.00941	0.00924	0.01010	0.00764	0.00715	0.01016	0.00895	0.01294	0.01472	0.02247	0.01405	0.09409	0.67290	0.00833	0.06896	0.00611	0.00300	0.00499
28	0.00764	0.00542	0.00679	0.00773	0.02345	0.00521	0.00488	0.00837	0.00998	0.01322	0.02650	0.40253	0.06646	0.33294	0.01579	0.00354	0.00429	0.04658	0.00444	0.00423
29	0.01167	0.01000	0.01167	0.00834	0.01334	0.00750	0.00667	0.01417	0.01167	0.01834	0.01000	0.01167	0.00834	0.00417	0.00417	0.00083	0.00417	0.00333	0.00333	0.83663
30	0.01082	0.01846	0.35988	0.01397	0.01801	0.01289	0.01491	0.01465	0.01021	0.01538	0.01047	0.01447	0.00887	0.01557	0.19543	0.00373	0.24801	0.00484	0.00256	0.00687
31	0.02209	0.01465	0.01620	0.01242	0.01690	0.01580	0.01026	0.61841	0.02459	0.16804	0.01508	0.01453	0.01036	0.00679	0.00564	0.00170	0.00594	0.00517	0.00587	0.00957

[dist]
# distance from previous block
# <min> <max>
0	5

[block]
# block no. 1 follows, 42 sequences, length 29
# corresponding to MSA columns:
# 111-139
name=unknown_B
#
# <colnr> <probs for GDERKNQSTAVLIFYWHMCP>
#	G	D	E	R	K	N	Q	S	T	A	V	L	I	F	Y	W	H	M	C	P
0	0.00728	0.00549	0.00749	0.00935	0.05563	0.00514	0.00591	0.00844	0.01105	0.01468	0.03164	0.69490	0.08876	0.01659	0.00704	0.00222	0.00345	0.01501	0.00507	0.00486
1	0.01349	0.01284	0.02182	0.03287	0.71961	0.01282	0.01652	0.01668	0.01269	0.01813	0.01186	0.06305	0.01069	0.00580	0.00567	0.00171	0.00647	0.00570	0.00294	0.00864
2	0.00818	0.00546	0.00614	0.00614	0.00614	0.00546	0.00341	0.00818	0.00818	0.01091	0.01773	0.03683	0.02046	0.80222	0.02864	0.00546	0.00546	0.00818	0.00341	0.00341
3	0.01231	0.01231	0.01724	0.01477	0.01477	0.01724	0.01231	0.01354	0.00862	0.01354	0.00739	0.01231	0.00739	0.00985	0.01847	0.00246	0.79192	0.00492	0.00246	0.00616
4	0.01316	0.01601	0.07725	0.02326	0.02911	0.01416	0.70347	0.01801	0.01320	0.01801	0.01131	0.01498	0.00845	0.00478	0.00656	0.00189	0.00942	0.00649	0.00282	0.00763
5	0.01400	0.01209	0.01273	0.01145	0.01463	0.01400	0.00891	0.02990	0.75695	0.02354	0.02291	0.02100	0.01718	0.00764	0.00573	0.00191	0.00445	0.00636	0.00573	0.00891
6	0.00672	0.00570	0.00579	0.00577	0.00764	0.00478	0.00433	0.00820	0.01298	0.01556	0.09168	0.05357	0.72994	0.01412	0.00665	0.00189	0.00284	0.01179	0.00527	0.00478
7	0.01365	0.01321	0.02291	0.08927	0.67769	0.01335	0.05281	0.01710	0.01272	0.01807	0.01058	0.01407	0.00879	0.00505	0.00563	0.00170	0.00688	0.00509	0.00277	0.00865
8	0.01400	0.01209	0.01273	0.01145	0.01463	0.01400	0.00891	0.02990	0.75695	0.02354	0.02291	0.02100	0.01718	0.00764	0.00573	0.00191	0.00445	0.00636	0.00573	0.00891
9	0.00804	0.00603	0.00904	0.00904	0.01005	0.00703	0.00703	0.01005	0.00904	0.01306	0.01507	0.02211	0.01407	0.04221	0.77992	0.00904	0.01507	0.00603	0.00301	0.00502
10	0.00686	0.00490	0.00653	0.00784	0.00816	0.00457	0.00522	0.00784	0.01077	0.01437	0.03102	0.79855	0.03722	0.01763	0.00718	0.00229	0.00326	0.01600	0.00522	0.00457
11	0.02030	0.02508	0.01638	0.01583	0.07224	0.67883	0.01128	0.04230	0.03893	0.01501	0.00941	0.01085	0.00774	0.00582	0.00515	0.00149	0.00961	0.00385	0.00305	0.00686
12	0.01503	0.67740	0.02744	0.01045	0.01463	0.05883	0.00999	0.01675	0.01134	0.01330	0.00782	0.00946	0.00724	0.00543	0.00537	0.00136	0.09542	0.00326	0.00244	0.00707
13	0.01093	0.01025	0.01699	0.68459	0.09053	0.01225	0.01519	0.01458	0.01139	0.01492	0.01005	0.01472	0.00766	0.00549	0.00553	0.00180	0.00723	0.00490	0.00257	0.05843
14	0.00725	0.00572	0.00653	0.00633	0.00797	0.00501	0.00475	0.00924	0.01425	0.01857	0.38057	0.04861	0.43917	0.01300	0.00664	0.00184	0.00276	0.01110	0.00567	0.00501
15	0.00978	0.00489	0.00733	0.00733	0.00733	0.00489	0.00489	0.00733	0.00733	0.00978	0.00978	0.01711	0.00978	0.01955	0.02199	0.83627	0.00489	0.00489	0.00244	0.00244
16	0.03341	0.35472	0.02689	0.12353	0.08786	0.01752	0.20230	0.01665	0.01180	0.01540	0.00927	0.01208	0.00773	0.00524	0.00573	0.00161	0.05393	0.00452	0.00260	0.00724
17	0.00818	0.00546	0.00614	0.00614	0.00614	0.00546	0.00341	0.00818	0.00818	0.01091	0.01773	0.03683	0.02046	0.80222	0.02864	0.00546	0.00546	0.00818	0.00341	0.00341
18	0.01190	0.01162	0.02079	0.02207	0.27182	0.01233	0.19375	0.01493	0.01131	0.01616	0.01161	0.01631	0.01006	0.01600	0.22412	0.00390	0.11569	0.00569	0.00282	0.00713
19	0.00818	0.00546	0.00614	0.00614	0.00614	0.00546	0.00341	0.00818	0.00818	0.01091	0.01773	0.03683	0.02046	0.80222	0.02864	0.00546	0.00546	0.00818	0.00341	0.00341
20	0.00804	0.00603	0.00904	0.00904	0.01005	0.00703	0.00703	0.01005	0.00904	0.01306	0.01507	0.02211	0.01407	0.04221	0.77992	0.00904	0.01507	0.00603	0.00301	0.00502
21	0.00853	0.00680	0.00970	0.19988	0.01584	0.00704	0.00778	0.01136	0.01455	0.02001	0.52622	0.03625	0.09399	0.01026	0.00639	0.00181	0.00387	0.00902	0.00521	0.00550
22	0.02372	0.01203	0.01458	0.01118	0.01559	0.01191	0.00923	0.31333	0.02021	0.47932	0.01876	0.01692	0.01220	0.00688	0.00565	0.00172	0.00535	0.00542	0.00644	0.00957
23	0.01382	0.01326	0.02264	0.05953	0.74298	0.01334	0.01722	0.01718	0.01276	0.01825	0.01057	0.01396	0.00887	0.00503	0.00557	0.00168	0.00671	0.00501	0.00278	0.00883
24	0.01582	0.32388	0.07095	0.01168	0.01584	0.16297	0.01042	0.04762	0.25145	0.01772	0.01317	0.01342	0.01049	0.00601	0.00475	0.00153	0.00646	0.00435	0.00367	0.00778
25	0.00978	0.00489	0.00733	0.00733	0.00733	0.00489	0.00489	0.00733	0.00733	0.00978	0.00978	0.01711	0.00978	0.01955	0.02199	0.83627	0.00489	0.00489	0.00244	0.00244
26	0.01167	0.01000	0.01167	0.00834	0.01334	0.00750	0.00667	0.01417	0.01167	0.01834	0.01000	0.01167	0.00834	0.00417	0.00417	0.00083	0.00417	0.00333	0.00333	0.83663
27	0.01254	0.25457	0.49933	0.01476	0.02185	0.01584	0.07327	0.01755	0.01186	0.01650	0.00953	0.01130	0.00726	0.00515	0.00494	0.00162	0.00774	0.00401	0.00242	0.00794
28	0.01410	0.26961	0.14627	0.02252	0.35892	0.01634	0.03614	0.04269	0.01271	0.01723	0.00975	0.01205	0.00810	0.00506	0.00494	0.00155	0.00680	0.00428	0.00270	0.00826

[dist]
# distance from previous block
# <min> <max>
0	3

[block]
# block no. 2 follows, 42 sequences, length 70
# corresponding to MSA columns:
# 143-212
name=unknown_C
#
# <colnr> <probs for GDERKNQSTAVLIFYWHMCP>
#	G	D	E	R	K	N	Q	S	T	A	V	L	I	F	Y	W	H	M	C	P
0	0.01163	0.01205	0.09321	0.00916	0.01452	0.00810	0.00818	0.01456	0.01169	0.01828	0.01001	0.01169	0.00821	0.00429	0.00429	0.00094	0.00461	0.00342	0.00323	0.74792
1	0.00716	0.00572	0.00641	0.00624	0.00791	0.00497	0.00468	0.00906	0.01403	0.01806	0.33090	0.04946	0.48916	0.01319	0.00665	0.00185	0.00277	0.01122	0.00560	0.00497
2	0.00847	0.00548	0.00554	0.00554	0.00702	0.00503	0.00405	0.01031	0.01199	0.01741	0.03672	0.03808	0.37231	0.07529	0.00725	0.00193	0.00296	0.00864	0.37113	0.00486
3	0.00686	0.00490	0.00653	0.00784	0.00816	0.00457	0.00522	0.00784	0.01077	0.01437	0.03102	0.79855	0.03722	0.01763	0.00718	0.00229	0.00326	0.01600	0.00522	0.00457
4	0.01231	0.01231	0.01724	0.01477	0.01477	0.01724	0.01231	0.01354	0.00862	0.01354	0.00739	0.01231	0.00739	0.00985	0.01847	0.00246	0.79192	0.00492	0.00246	0.00616
5	0.00818	0.00546	0.00614	0.00614	0.00614	0.00546	0.00341	0.00818	0.00818	0.01091	0.01773	0.03683	0.02046	0.80222	0.02864	0.00546	0.00546	0.00818	0.00341	0.00341
6	0.01245	0.00998	0.01175	0.00843	0.01340	0.00755	0.00676	0.01493	0.01192	0.06155	0.01070	0.01210	0.00866	0.00433	0.00425	0.00089	0.00420	0.00347	0.00354	0.78914
7	0.84197	0.01088	0.00827	0.00740	0.01088	0.01262	0.00609	0.01654	0.00958	0.02525	0.00784	0.00914	0.00609	0.00522	0.00348	0.00174	0.00435	0.00305	0.00348	0.00609
8	0.01049	0.00525	0.00525	0.00525	0.00656	0.00525	0.00393	0.01311	0.01180	0.02098	0.01836	0.02098	0.01442	0.00656	0.00393	0.00131	0.00262	0.00525	0.83346	0.00525
9	0.01400	0.01209	0.01273	0.01145	0.01463	0.01400	0.00891	0.02990	0.75695	0.02354	0.02291	0.02100	0.01718	0.00764	0.00573	0.00191	0.00445	0.00636	0.00573	0.00891
10	0.00739	0.00536	0.00748	0.00840	0.00900	0.00545	0.00607	0.00880	0.01044	0.01418	0.02622	0.50970	0.03001	0.02470	0.23488	0.00430	0.00690	0.07139	0.00457	0.00475
11	0.01659	0.01151	0.01280	0.01112	0.01457	0.01268	0.00876	0.02933	0.58616	0.19586	0.02274	0.02057	0.01643	0.00748	0.00571	0.00187	0.00453	0.00620	0.00601	0.00906
12	0.01167	0.01000	0.01167	0.00834	0.01334	0.00750	0.00667	0.01417	0.01167	0.01834	0.01000	0.01167	0.00834	0.00417	0.00417	0.00083	0.00417	0.00333	0.00333	0.83663
13	0.01555	0.21454	0.01987	0.01434	0.06054	0.24944	0.01127	0.01715	0.01182	0.01381	0.00843	0.01137	0.00770	0.00853	0.04415	0.00209	0.27604	0.00411	0.00263	0.00665
14	0.02028	0.07295	0.01713	0.01528	0.05726	0.69315	0.01114	0.02186	0.01551	0.01399	0.00875	0.01028	0.00734	0.00570	0.00501	0.00145	0.00972	0.00366	0.00286	0.00669
15	0.01658	0.01949	0.01670	0.23465	0.05680	0.42490	0.01270	0.01874	0.01349	0.01412	0.00898	0.01199	0.00741	0.00626	0.00706	0.00172	0.11493	0.00425	0.00272	0.00650
16	0.00856	0.00730	0.00755	0.00721	0.00940	0.00709	0.00549	0.01366	0.19876	0.01768	0.08646	0.04523	0.53998	0.01245	0.00642	0.00190	0.00324	0.01041	0.00540	0.00582
17	0.01128	0.01122	0.01077	0.01041	0.01188	0.19990	0.00799	0.01315	0.01077	0.01324	0.01348	0.01912	0.01237	0.03312	0.58649	0.00715	0.01384	0.00543	0.00299	0.00540
18	0.06210	0.02212	0.41420	0.01877	0.02568	0.01353	0.32685	0.01783	0.01234	0.01836	0.01051	0.01311	0.00766	0.00508	0.00578	0.00183	0.00857	0.00514	0.00264	0.00788
19	0.01934	0.01440	0.01548	0.01238	0.01648	0.01603	0.01006	0.50296	0.24505	0.06248	0.01669	0.01599	0.01203	0.00703	0.00566	0.00176	0.00561	0.00548	0.00571	0.00937
20	0.00781	0.00543	0.00662	0.00676	0.00726	0.00521	0.00437	0.00883	0.01111	0.01516	0.24131	0.19621	0.05129	0.38832	0.01720	0.00363	0.00412	0.01047	0.00465	0.00424
21	0.84197	0.01088	0.00827	0.00740	0.01088	0.01262	0.00609	0.01654	0.00958	0.02525	0.00784	0.00914	0.00609	0.00522	0.00348	0.00174	0.00435	0.00305	0.00348	0.00609
22	0.00694	0.00565	0.00578	0.00578	0.00732	0.00488	0.00411	0.00810	0.01195	0.01439	0.04959	0.05089	0.62424	0.16308	0.01080	0.00257	0.00334	0.01118	0.00488	0.00450
23	0.00818	0.00546	0.00614	0.00614	0.00614	0.00546	0.00341	0.00818	0.00818	0.01091	0.01773	0.03683	0.02046	0.80222	0.02864	0.00546	0.00546	0.00818	0.00341	0.00341
24	0.01049	0.00525	0.00525	0.00525	0.00656	0.00525	0.00393	0.01311	0.01180	0.02098	0.01836	0.02098	0.01442	0.00656	0.00393	0.00131	0.00262	0.00525	0.83346	0.00525
25	0.01167	0.01000	0.01167	0.00834	0.01334	0.00750	0.00667	0.01417	0.01167	0.01834	0.01000	0.01167	0.00834	0.00417	0.00417	0.00083	0.00417	0.00333	0.00333	0.83663
26	0.01581	0.01212	0.01336	0.01039	0.01444	0.01214	0.00839	0.39233	0.01954	0.02685	0.04837	0.06011	0.08353	0.00748	0.00542	0.00149	0.00498	0.00599	0.00492	0.25232
27	0.01902	0.39589	0.02128	0.01031	0.01471	0.06222	0.00922	0.04638	0.07452	0.27357	0.01420	0.01368	0.01040	0.00590	0.00464	0.00148	0.00573	0.00429	0.00437	0.00820
28	0.01436	0.01395	0.03702	0.11149	0.16658	0.01514	0.19799	0.15436	0.01434	0.01992	0.01052	0.01388	0.00839	0.00647	0.00883	0.00194	0.18845	0.00539	0.00322	0.00774
29	0.00680	0.00524	0.00622	0.00696	0.00794	0.00466	0.00485	0.00799	0.01171	0.01488	0.05757	0.48351	0.32923	0.01614	0.00696	0.00212	0.00309	0.01422	0.00525	0.00466
30	0.01210	0.08992	0.67406	0.01545	0.02321	0.05495	0.01938	0.01800	0.01206	0.01725	0.00985	0.01156	0.00714	0.00533	0.00520	0.00172	0.00823	0.00404	0.00241	0.00813
31	0.01142	0.01011	0.01342	0.20587	0.05211	0.05246	0.01057	0.01370	0.01070	0.01561	0.01259	0.05813	0.01128	0.02713	0.04899	0.00236	0.24365	0.00567	0.18833	0.00592
32	0.00833	0.00599	0.00803	0.00816	0.00947	0.00569	0.00654	0.01096	0.01495	0.02069	0.52320	0.04907	0.04630	0.01283	0.00701	0.00204	0.00348	0.24611	0.00586	0.00527
33	0.04842	0.54925	0.20824	0.01124	0.01683	0.01943	0.01224	0.04996	0.01214	0.01584	0.00863	0.00993	0.00726	0.00505	0.00412	0.00139	0.00651	0.00338	0.00259	0.00755
34	0.00749	0.00535	0.00726	0.00857	0.00917	0.00512	0.00633	0.00894	0.01140	0.01508	0.03067	0.58639	0.03583	0.01703	0.00735	0.00237	0.00382	0.22186	0.00521	0.00475
35	0.00768	0.00582	0.00727	0.00812	0.00938	0.00541	0.00645	0.00947	0.01237	0.01566	0.03958	0.24165	0.28868	0.01561	0.00724	0.00228	0.00390	0.30336	0.00521	0.00488
36	0.01209	0.01364	0.09983	0.37588	0.29631	0.01301	0.07654	0.01607	0.01204	0.01647	0.01033	0.01431	0.00805	0.00531	0.00566	0.00179	0.00746	0.00505	0.00262	0.00753
37	0.01511	0.19034	0.03714	0.04633	0.01635	0.01627	0.00995	0.13246	0.42906	0.02245	0.01723	0.01670	0.01313	0.00672	0.00522	0.00171	0.00530	0.00530	0.00474	0.00849
38	0.01129	0.02911	0.77306	0.01604	0.02436	0.01307	0.02079	0.01782	0.01188	0.01782	0.01010	0.01188	0.00713	0.00535	0.00535	0.00178	0.00832	0.00416	0.00238	0.00832
39	0.01552	0.74401	0.02842	0.01001	0.01468	0.08217	0.00973	0.01730	0.01179	0.01328	0.00789	0.00912	0.00722	0.00489	0.00373	0.00122	0.00634	0.00306	0.00245	0.00717
40	0.00745	0.00573	0.00681	0.00654	0.00809	0.00509	0.00491	0.00962	0.01472	0.01969	0.48740	0.04678	0.33164	0.01258	0.00664	0.00182	0.00273	0.01084	0.00582	0.00509
41	0.00686	0.00490	0.00653	0.00784	0.00816	0.00457	0.00522	0.00784	0.01077	0.01437	0.03102	0.79855	0.03722	0.01763	0.00718	0.00229	0.00326	0.01600	0.00522	0.00457
42	0.00739	0.00558	0.00591	0.00591	0.00689	0.00509	0.00386	0.00813	0.01058	0.01313	0.03802	0.04578	0.40495	0.39522	0.01728	0.00362	0.00411	0.01009	0.00435	0.00410
43	0.01503	0.58625	0.15782	0.01127	0.01649	0.10218	0.01171	0.01763	0.01200	0.01410	0.00832	0.00965	0.00721	0.00501	0.00407	0.00133	0.00686	0.00328	0.00245	0.00734
44	0.00978	0.00489	0.00733	0.00733	0.00733	0.00489	0.00489	0.00733	0.00733	0.00978	0.00978	0.01711	0.00978	0.01955	0.02199	0.83627	0.00489	0.00489	0.00244	0.00244
45	0.01541	0.01465	0.02181	0.07246	0.05922	0.05463	0.23401	0.19988	0.07397	0.02146	0.01175	0.01432	0.00912	0.00661	0.00846	0.00192	0.16330	0.00554	0.00366	0.00782
46	0.01430	0.01305	0.05214	0.06308	0.33469	0.01280	0.03800	0.19826	0.01625	0.02242	0.07518	0.06599	0.01549	0.00734	0.00592	0.00179	0.00616	0.04501	0.00402	0.00811
47	0.01165	0.01115	0.05747	0.00880	0.01400	0.00784	0.00752	0.01439	0.01168	0.01831	0.01001	0.01168	0.00826	0.00424	0.00424	0.00089	0.00442	0.00338	0.00328	0.78680
48	0.00797	0.00598	0.00805	0.00958	0.04063	0.00569	0.00705	0.00973	0.01201	0.01561	0.03370	0.36894	0.14593	0.01579	0.00726	0.00232	0.00408	0.28955	0.00511	0.00501
49	0.00804	0.00603	0.00904	0.00904	0.01005	0.00703	0.00703	0.01005	0.00904	0.01306	0.01507	0.02211	0.01407	0.04221	0.77992	0.00904	0.01507	0.00603	0.00301	0.00502
50	0.00751	0.00536	0.00728	0.00858	0.00919	0.00513	0.00636	0.00896	0.01142	0.01510	0.03066	0.58200	0.03580	0.01702	0.00736	0.00238	0.00383	0.22612	0.00521	0.00475
51	0.02102	0.02682	0.01595	0.01450	0.01740	0.77963	0.01087	0.02247	0.01595	0.01377	0.00870	0.01015	0.00725	0.00580	0.00507	0.00145	0.01015	0.00362	0.00290	0.00652
52	0.00816	0.00556	0.00669	0.00669	0.00688	0.00575	0.00409	0.00854	0.00835	0.01132	0.01723	0.03405	0.01925	0.65867	0.17054	0.00613	0.00727	0.00778	0.00334	0.00371
53	0.01400	0.01209	0.01273	0.01145	0.01463	0.01400	0.00891	0.02990	0.75695	0.02354	0.02291	0.02100	0.01718	0.00764	0.00573	0.00191	0.00445	0.00636	0.00573	0.00891
54	0.01228	0.01219	0.01694	0.01443	0.01470	0.01671	0.01201	0.01358	0.00878	0.01380	0.00753	0.01228	0.00744	0.00954	0.01770	0.00237	0.74963	0.00484	0.00251	0.05074
55	0.00746	0.00697	0.04747	0.00685	0.00884	0.00544	0.00560	0.00969	0.01411	0.01851	0.35862	0.04669	0.41827	0.01260	0.00658	0.00184	0.00306	0.01073	0.00549	0.00518
56	0.26377	0.05890	0.01350	0.01097	0.05391	0.04251	0.00852	0.02210	0.01332	0.39407	0.01514	0.01458	0.01033	0.00632	0.00555	0.00173	0.04709	0.00457	0.00503	0.00807
57	0.00665	0.00570	0.00570	0.00570	0.00760	0.00475	0.00428	0.00808	0.01283	0.01520	0.05701	0.05416	0.76483	0.01425	0.00665	0.00190	0.00285	0.01188	0.00523	0.00475
58	0.00880	0.00632	0.00869	0.00961	0.01093	0.00621	0.00822	0.01137	0.01353	0.01792	0.17390	0.05907	0.05390	0.01473	0.00752	0.00241	0.00463	0.57167	0.00538	0.00520
59	0.01675	0.19446	0.01752	0.05163	0.01596	0.37283	0.00971	0.06185	0.01383	0.01456	0.01028	0.01452	0.00946	0.11911	0.03076	0.00224	0.03078	0.00439	0.00300	0.00636
60	0.01146	0.01085	0.01859	0.53418	0.21428	0.01248	0.04542	0.01509	0.01180	0.01563	0.01121	0.01723	0.00916	0.00595	0.00576	0.00186	0.00727	0.04214	0.00272	0.00690
61	0.00779	0.00565	0.00755	0.00874	0.00962	0.00541	0.00679	0.00950	0.01189	0.01550	0.03275	0.41772	0.09839	0.01644	0.00739	0.00238	0.00405	0.32238	0.00521	0.00485
62	0.01363	0.39223	0.37966	0.01295	0.01930	0.06349	0.01497	0.01765	0.01192	0.01544	0.00895	0.01044	0.00718	0.00512	0.00452	0.00149	0.00735	0.00359	0.00242	0.00770
63	0.01313	0.35115	0.34280	0.01321	0.01920	0.05093	0.05351	0.01704	0.01189	0.01553	0.01041	0.05811	0.00906	0.00585	0.00479	0.00156	0.00720	0.00450	0.00261	0.00751
64	0.00773	0.00553	0.00601	0.00601	0.00657	0.00525	0.00367	0.00815	0.00955	0.01218	0.02930	0.04193	0.23975	0.57009	0.02216	0.00441	0.00469	0.00927	0.00394	0.00380
65	0.00796	0.00572	0.00782	0.00796	0.00857	0.00625	0.00565	0.00920	0.00895	0.01250	0.01765	0.11009	0.01864	0.28865	0.45095	0.00714	0.01066	0.00780	0.00338	0.00445
66	0.01612	0.01292	0.01714	0.32194	0.09640	0.01472	0.01312	0.33457	0.05794	0.04106	0.01254	0.01467	0.00919	0.00620	0.00563	0.00177	0.00663	0.00512	0.00416	0.00816
67	0.01386	0.05565	0.16938	0.02150	0.31873	0.01378	0.01465	0.02168	0.24728	0.04486	0.01462	0.01568	0.01125	0.00596	0.00548	0.00175	0.00621	0.00519	0.00375	0.00873
68	0.00958	0.00827	0.01212	0.01529	0.23203	0.00799	0.03312	0.01140	0.01145	0.01510	0.02839	0.03510	0.25662	0.21011	0.05840	0.00318	0.00568	0.03657	0.00384	0.00577
69	0.59628	0.00937	0.00805	0.00731	0.01015	0.01047	0.00586	0.01480	0.01145	0.02446	0.23065	0.01883	0.01994	0.00707	0.00441	0.00175	0.00385	0.00515	0.00428	0.00586

[dist]
# distance from previous block
# <min> <max>
0	3

[block]
# block no. 3 follows, 42 sequences, length 17
# corresponding to MSA columns:
# 216-232
name=unknown_D
#
# <colnr> <probs for GDERKNQSTAVLIFYWHMCP>
#	G	D	E	R	K	N	Q	S	T	A	V	L	I	F	Y	W	H	M	C	P
0	0.01078	0.01025	0.07394	0.06363	0.07574	0.00956	0.00957	0.11191	0.01425	0.01975	0.19782	0.25985	0.02788	0.01115	0.00745	0.00198	0.07396	0.00953	0.00466	0.00634
1	0.00946	0.14444	0.05315	0.00889	0.01132	0.00894	0.00803	0.01186	0.01312	0.01688	0.15763	0.04545	0.20244	0.01215	0.00647	0.00201	0.00451	0.27291	0.00474	0.00562
2	0.21728	0.14986	0.40248	0.01349	0.01983	0.01455	0.07481	0.01736	0.01135	0.01893	0.00928	0.01101	0.00700	0.00518	0.00471	0.00169	0.00706	0.00390	0.00269	0.00753
3	0.01149	0.01122	0.01878	0.49031	0.09133	0.01378	0.07490	0.01472	0.01095	0.01481	0.00957	0.01432	0.00767	0.00646	0.00861	0.00199	0.18486	0.00512	0.00254	0.00655
4	0.00675	0.00533	0.00608	0.00668	0.00786	0.00467	0.00471	0.00797	0.01188	0.01482	0.04503	0.39723	0.42950	0.01581	0.00690	0.00208	0.00304	0.01378	0.00523	0.00467
5	0.01309	0.01299	0.07169	0.01473	0.01834	0.01249	0.22485	0.18138	0.01467	0.02003	0.01621	0.02012	0.07136	0.06393	0.15064	0.00343	0.07298	0.00638	0.00368	0.00701
6	0.84197	0.01088	0.00827	0.00740	0.01088	0.01262	0.00609	0.01654	0.00958	0.02525	0.00784	0.00914	0.00609	0.00522	0.00348	0.00174	0.00435	0.00305	0.00348	0.00609
7	0.01395	0.57881	0.24667	0.01150	0.01734	0.01958	0.01289	0.01713	0.01157	0.01458	0.00849	0.00986	0.00719	0.00497	0.00412	0.00137	0.00669	0.00334	0.00240	0.00754
8	0.00703	0.00572	0.00623	0.00610	0.00784	0.00491	0.00458	0.00882	0.01373	0.01735	0.26355	0.05062	0.55695	0.01345	0.00665	0.00186	0.00279	0.01138	0.00551	0.00491
9	0.00805	0.00598	0.00879	0.00879	0.00970	0.00690	0.00672	0.00988	0.00897	0.01287	0.01531	0.02340	0.01463	0.10915	0.71375	0.00873	0.01423	0.00622	0.00305	0.00488
10	0.00779	0.00570	0.00735	0.00731	0.00857	0.00526	0.00551	0.01012	0.01475	0.02038	0.54529	0.13720	0.11911	0.01285	0.00680	0.00191	0.00296	0.07009	0.00590	0.00515
11	0.01303	0.00819	0.00979	0.00861	0.01011	0.00944	0.00690	0.07370	0.01255	0.08175	0.01557	0.01809	0.01225	0.00742	0.00780	0.00166	0.19809	0.00519	0.49368	0.00617
12	0.01510	0.04702	0.19061	0.02336	0.30870	0.20727	0.09260	0.01877	0.01340	0.01688	0.00999	0.01248	0.00800	0.00525	0.00544	0.00165	0.00820	0.00457	0.00272	0.00798
13	0.08046	0.06578	0.13061	0.01853	0.28943	0.01141	0.01229	0.01695	0.01222	0.08506	0.01303	0.01571	0.01033	0.03558	0.00577	0.00174	0.00564	0.00482	0.17709	0.00757
14	0.01219	0.12846	0.01349	0.00929	0.01259	0.07762	0.00736	0.05479	0.04063	0.01714	0.01651	0.24632	0.01709	0.00870	0.00520	0.00146	0.00482	0.00730	0.00394	0.31508
15	0.01622	0.03790	0.01295	0.01063	0.01376	0.28106	0.00813	0.04818	0.01434	0.10800	0.07505	0.06879	0.01523	0.07208	0.00712	0.00176	0.00642	0.00558	0.00406	0.19275
16	0.01451	0.29116	0.22722	0.01376	0.07887	0.01587	0.01297	0.02045	0.15315	0.08515	0.02743	0.01402	0.01071	0.00583	0.00489	0.00159	0.00623	0.00450	0.00354	0.00815

[dist]
# distance from previous block
# <min> <max>
0	1

[block]
# block no. 4 follows, 42 sequences, length 9
# corresponding to MSA columns:
# 234-242
name=unknown_E
#
# <colnr> <probs for GDERKNQSTAVLIFYWHMCP>
#	G	D	E	R	K	N	Q	S	T	A	V	L	I	F	Y	W	H	M	C	P
0	0.01559	0.34077	0.13771	0.05575	0.09678	0.13751	0.01253	0.01925	0.06051	0.05959	0.01053	0.01184	0.00844	0.00542	0.00468	0.00149	0.00700	0.00397	0.00300	0.00765
1	0.00708	0.00511	0.00646	0.00734	0.00786	0.00475	0.00490	0.00808	0.01099	0.01453	0.07912	0.57351	0.11249	0.11811	0.00986	0.00262	0.00346	0.01418	0.00505	0.00449
2	0.01222	0.02271	0.53112	0.01381	0.02045	0.01164	0.01645	0.04023	0.04498	0.06969	0.11240	0.01683	0.01429	0.00637	0.00551	0.00174	0.00691	0.00515	0.00348	0.04401
3	0.00769	0.00622	0.00997	0.00989	0.01090	0.00582	0.10088	0.00915	0.01110	0.01484	0.02848	0.69748	0.03352	0.01597	0.00711	0.00224	0.00407	0.01479	0.00492	0.00496
4	0.11380	0.07583	0.53215	0.01397	0.02080	0.01374	0.01672	0.01916	0.10769	0.01917	0.01132	0.01253	0.00830	0.00559	0.00505	0.00176	0.00718	0.00423	0.00295	0.00805
5	0.09925	0.01691	0.27086	0.01111	0.01705	0.01047	0.01163	0.05488	0.01231	0.01980	0.01000	0.01157	0.00776	0.00482	0.00458	0.00130	0.00571	0.00368	0.00315	0.42318
6	0.00686	0.00490	0.00653	0.00784	0.00816	0.00457	0.00522	0.00784	0.01077	0.01437	0.03102	0.79855	0.03722	0.01763	0.00718	0.00229	0.00326	0.01600	0.00522	0.00457
7	0.01527	0.01036	0.01234	0.00911	0.01387	0.00855	0.00735	0.06468	0.04236	0.17951	0.01332	0.01374	0.00994	0.00506	0.00464	0.00112	0.00444	0.00406	0.00435	0.57593
8	0.01730	0.15511	0.14747	0.01179	0.01645	0.01433	0.01122	0.27265	0.01751	0.15007	0.01569	0.09726	0.01303	0.00760	0.00545	0.00172	0.00595	0.02645	0.00467	0.00829

[dist]
# distance from previous block
# <min> <max>
0	1

[block]
# block no. 5 follows, 42 sequences, length 45
# corresponding to MSA columns:
# 244-288
name=unknown_F
#
# <colnr> <probs for GDERKNQSTAVLIFYWHMCP>
#	G	D	E	R	K	N	Q	S	T	A	V	L	I	F	Y	W	H	M	C	P
0	0.01306	0.39584	0.42189	0.01301	0.01968	0.01741	0.01552	0.01736	0.01167	0.01566	0.00902	0.01053	0.00717	0.00510	0.00453	0.00151	0.00723	0.00362	0.00239	0.00780
1	0.01726	0.00781	0.01050	0.00866	0.01161	0.00690	0.00690	0.01966	0.01603	0.42495	0.36526	0.02974	0.03204	0.00906	0.00611	0.00175	0.00380	0.00775	0.00661	0.00760
2	0.01029	0.02192	0.52423	0.01309	0.01939	0.01098	0.01575	0.01615	0.06089	0.01770	0.04077	0.02315	0.18671	0.00774	0.00571	0.00182	0.00664	0.00626	0.00336	0.00744
3	0.00872	0.00633	0.00860	0.00975	0.01108	0.00622	0.00840	0.01112	0.01286	0.01657	0.03285	0.08983	0.11352	0.01548	0.00763	0.00250	0.00485	0.62339	0.00519	0.00511
4	0.01158	0.01113	0.01935	0.56177	0.20904	0.01282	0.06378	0.01530	0.01175	0.01556	0.01023	0.01476	0.00790	0.00543	0.00568	0.00183	0.00744	0.00511	0.00259	0.00696
5	0.01004	0.00836	0.01019	0.00871	0.01158	0.00734	0.00660	0.01247	0.04299	0.01679	0.01812	0.30167	0.01928	0.00964	0.00628	0.00152	0.05532	0.00823	0.00407	0.44080
6	0.00686	0.00490	0.00653	0.00784	0.00816	0.00457	0.00522	0.00784	0.01077	0.01437	0.03102	0.79855	0.03722	0.01763	0.00718	0.00229	0.00326	0.01600	0.00522	0.00457
7	0.01459	0.01329	0.01250	0.09663	0.06481	0.18388	0.00923	0.02098	0.23040	0.04261	0.01621	0.01737	0.01248	0.00651	0.00506	0.00162	0.00572	0.00518	0.23384	0.00709
8	0.00930	0.00743	0.06189	0.00822	0.00996	0.00577	0.00657	0.01096	0.01192	0.09693	0.03400	0.40815	0.20224	0.05014	0.00776	0.00226	0.00390	0.05206	0.00513	0.00541
9	0.01585	0.44953	0.19493	0.01184	0.01717	0.11093	0.01227	0.04942	0.01302	0.06480	0.00963	0.01066	0.00774	0.00528	0.00440	0.00142	0.00697	0.00360	0.00289	0.00764
10	0.01807	0.41197	0.02264	0.01209	0.01594	0.40507	0.01026	0.01969	0.01372	0.01351	0.00827	0.00959	0.00724	0.00531	0.00435	0.00133	0.00811	0.00332	0.00266	0.00687
11	0.00801	0.00578	0.00759	0.00722	0.00855	0.00536	0.00547	0.01066	0.01580	0.02232	0.73276	0.04295	0.05221	0.01168	0.00669	0.00181	0.00276	0.04091	0.00615	0.00530
12	0.01367	0.01396	0.02624	0.03040	0.49845	0.01375	0.26553	0.01744	0.01288	0.01815	0.01078	0.01432	0.00875	0.00503	0.00624	0.00177	0.02587	0.00557	0.00280	0.00840
13	0.46223	0.24932	0.01557	0.00861	0.01264	0.01520	0.00761	0.04891	0.01162	0.11061	0.00978	0.01048	0.00751	0.00537	0.00387	0.00158	0.00498	0.00343	0.00366	0.00699
14	0.00665	0.00570	0.00570	0.00570	0.00760	0.00475	0.00428	0.00808	0.01283	0.01520	0.05701	0.05416	0.76483	0.01425	0.00665	0.00190	0.00285	0.01188	0.00523	0.00475
15	0.01219	0.01214	0.01701	0.01462	0.01464	0.01696	0.01217	0.01345	0.00863	0.01353	0.00760	0.01258	0.00757	0.01074	0.03952	0.00264	0.77045	0.00496	0.00248	0.00612
16	0.01505	0.80561	0.02949	0.00963	0.01444	0.02227	0.00963	0.01685	0.01143	0.01324	0.00782	0.00903	0.00722	0.00481	0.00361	0.00120	0.00602	0.00301	0.00241	0.00722
17	0.00686	0.00490	0.00653	0.00784	0.00816	0.00457	0.00522	0.00784	0.01077	0.01437	0.03102	0.79855	0.03722	0.01763	0.00718	0.00229	0.00326	0.01600	0.00522	0.00457
18	0.00804	0.00603	0.00904	0.00904	0.01005	0.00703	0.00703	0.01005	0.00904	0.01306	0.01507	0.02211	0.01407	0.04221	0.77992	0.00904	0.01507	0.00603	0.00301	0.00502
19	0.01167	0.01000	0.01167	0.00834	0.01334	0.00750	0.00667	0.01417	0.01167	0.01834	0.01000	0.01167	0.00834	0.00417	0.00417	0.00083	0.00417	0.00333	0.00333	0.83663
20	0.02525	0.00958	0.01306	0.01001	0.01437	0.00827	0.00827	0.02743	0.01611	0.77102	0.02220	0.01915	0.01393	0.00697	0.00566	0.00174	0.00479	0.00566	0.00697	0.00958
21	0.13036	0.01848	0.01539	0.09957	0.01893	0.29347	0.01069	0.30383	0.01867	0.02384	0.01061	0.01187	0.00803	0.00608	0.00514	0.00163	0.00753	0.00426	0.00400	0.00762
22	0.01241	0.26203	0.55002	0.01412	0.02138	0.01583	0.01744	0.01753	0.01175	0.01645	0.00942	0.01103	0.00716	0.00519	0.00483	0.00161	0.00763	0.00381	0.00239	0.00799
23	0.00665	0.00570	0.00570	0.00570	0.00760	0.00475	0.00428	0.00808	0.01283	0.01520	0.05701	0.05416	0.76483	0.01425	0.00665	0.00190	0.00285	0.01188	0.00523	0.00475
24	0.01129	0.02911	0.77306	0.01604	0.02436	0.01307	0.02079	0.01782	0.01188	0.01782	0.01010	0.01188	0.00713	0.00535	0.00535	0.00178	0.00832	0.00416	0.00238	0.00832
25	0.01551	0.01059	0.01185	0.09383	0.01505	0.01163	0.00830	0.35044	0.01846	0.02691	0.01523	0.01691	0.01145	0.00655	0.00490	0.00155	0.00479	0.00514	0.36360	0.00734
26	0.00856	0.00579	0.00727	0.00716	0.00857	0.00521	0.00526	0.01053	0.01408	0.06799	0.39435	0.22060	0.19709	0.01323	0.00670	0.00192	0.00298	0.01161	0.00581	0.00530
27	0.01204	0.02371	0.50234	0.03645	0.11687	0.01335	0.17979	0.01773	0.01229	0.01786	0.01044	0.01292	0.00767	0.00518	0.00566	0.00180	0.00836	0.00483	0.00253	0.00819
28	0.00723	0.00519	0.00686	0.00758	0.00824	0.00482	0.00525	0.00877	0.01251	0.01712	0.27758	0.54413	0.04256	0.01557	0.00700	0.00211	0.00306	0.01404	0.00555	0.00482
29	0.00818	0.00546	0.00614	0.00614	0.00614	0.00546	0.00341	0.00818	0.00818	0.01091	0.01773	0.03683	0.02046	0.80222	0.02864	0.00546	0.00546	0.00818	0.00341	0.00341
30	0.01318	0.31142	0.46199	0.01363	0.02038	0.05754	0.01620	0.01772	0.01194	0.01594	0.00920	0.01075	0.00717	0.00518	0.00470	0.00155	0.00758	0.00371	0.00242	0.00782
31	0.00996	0.00914	0.01358	0.07970	0.31616	0.00887	0.01046	0.01240	0.01284	0.01675	0.06651	0.03428	0.36781	0.00972	0.00613	0.00180	0.00476	0.00849	0.00407	0.00657
32	0.00686	0.00490	0.00653	0.00784	0.00816	0.00457	0.00522	0.00784	0.01077	0.01437	0.03102	0.79855	0.03722	0.01763	0.00718	0.00229	0.00326	0.01600	0.00522	0.00457
33	0.00921	0.00607	0.00794	0.00744	0.00901	0.00557	0.00572	0.01177	0.01561	0.07529	0.63125	0.04235	0.08111	0.01157	0.00664	0.00183	0.00298	0.05692	0.00614	0.00558
34	0.07495	0.02973	0.04547	0.41750	0.02866	0.06288	0.07697	0.03938	0.01242	0.08057	0.01195	0.01511	0.02597	0.00608	0.00618	0.00184	0.04931	0.00505	0.00316	0.00682
35	0.01255	0.01194	0.02105	0.05403	0.24667	0.01184	0.23223	0.06029	0.04630	0.02041	0.20121	0.02170	0.02026	0.00681	0.00617	0.00178	0.00642	0.00686	0.00395	0.00754
36	0.00686	0.00490	0.00653	0.00784	0.00816	0.00457	0.00522	0.00784	0.01077	0.01437	0.03102	0.79855	0.03722	0.01763	0.00718	0.00229	0.00326	0.01600	0.00522	0.00457
37	0.01167	0.01000	0.01167	0.00834	0.01334	0.00750	0.00667	0.01417	0.01167	0.01834	0.01000	0.01167	0.00834	0.00417	0.00417	0.00083	0.00417	0.00333	0.00333	0.83663
38	0.84197	0.01088	0.00827	0.00740	0.01088	0.01262	0.00609	0.01654	0.00958	0.02525	0.00784	0.00914	0.00609	0.00522	0.00348	0.00174	0.00435	0.00305	0.00348	0.00609
39	0.00754	0.00528	0.00676	0.00738	0.00769	0.00528	0.00482	0.00830	0.00954	0.01287	0.02360	0.39435	0.02741	0.31663	0.13223	0.00450	0.00588	0.01155	0.00421	0.00420
40	0.84197	0.01088	0.00827	0.00740	0.01088	0.01262	0.00609	0.01654	0.00958	0.02525	0.00784	0.00914	0.00609	0.00522	0.00348	0.00174	0.00435	0.00305	0.00348	0.00609
41	0.00716	0.00572	0.00641	0.00624	0.00791	0.00497	0.00468	0.00906	0.01403	0.01806	0.33130	0.04946	0.48876	0.01319	0.00665	0.00185	0.00277	0.01122	0.00560	0.00497
42	0.00818	0.00548	0.00627	0.00627	0.00631	0.00553	0.00357	0.00827	0.00822	0.01101	0.01761	0.03617	0.02017	0.76824	0.06224	0.00562	0.00589	0.00809	0.00339	0.00348
43	0.01378	0.01358	0.01505	0.37885	0.02619	0.15681	0.01225	0.06660	0.16072	0.01766	0.01375	0.05077	0.01106	0.00670	0.00556	0.00179	0.00697	0.00552	0.02946	0.00694
44	0.01242	0.01189	0.01898	0.04251	0.41964	0.04677	0.09420	0.01548	0.01319	0.01830	0.11163	0.07391	0.04485	0.00717	0.00588	0.00174	0.00609	0.00683	0.04103	0.00750

[dist]
# distance from previous block
# <min> <max>
0	1

[block]
# block no. 6 follows, 42 sequences, length 95
# corresponding to MSA columns:
# 290-384
name=unknown_G
#
# <colnr> <probs for GDERKNQSTAVLIFYWHMCP>
#	G	D	E	R	K	N	Q	S	T	A	V	L	I	F	Y	W	H	M	C	P
0	0.01547	0.29722	0.01952	0.01125	0.01502	0.05706	0.00960	0.10186	0.34305	0.02024	0.01514	0.01500	0.01189	0.00652	0.00543	0.00163	0.03689	0.00482	0.00425	0.00814
1	0.32675	0.13050	0.01501	0.01113	0.01455	0.37201	0.00891	0.03316	0.01313	0.01839	0.00834	0.00968	0.00686	0.00546	0.00428	0.00153	0.00733	0.00335	0.00310	0.00652
2	0.01140	0.02844	0.74119	0.01683	0.05592	0.01308	0.02064	0.01780	0.01192	0.01785	0.01012	0.01197	0.00720	0.00533	0.00536	0.00178	0.00825	0.00419	0.00239	0.00834
3	0.00686	0.00490	0.00653	0.00784	0.00816	0.00457	0.00522	0.00784	0.01077	0.01437	0.03102	0.79855	0.03722	0.01763	0.00718	0.00229	0.00326	0.01600	0.00522	0.00457
4	0.02415	0.00925	0.01248	0.00966	0.01378	0.00804	0.00795	0.02636	0.01579	0.71491	0.02191	0.01929	0.01397	0.00693	0.00553	0.00171	0.00463	0.00563	0.06879	0.00925
5	0.02525	0.00958	0.01306	0.01001	0.01437	0.00827	0.00827	0.02743	0.01611	0.77102	0.02220	0.01915	0.01393	0.00697	0.00566	0.00174	0.00479	0.00566	0.00697	0.00958
6	0.00978	0.00489	0.00733	0.00733	0.00733	0.00489	0.00489	0.00733	0.00733	0.00978	0.00978	0.01711	0.00978	0.01955	0.02199	0.83627	0.00489	0.00489	0.00244	0.00244
7	0.01234	0.00894	0.01114	0.01105	0.01320	0.00939	0.00950	0.20719	0.01654	0.02179	0.02547	0.05022	0.02633	0.01321	0.00720	0.00235	0.00545	0.53703	0.00530	0.00635
8	0.00768	0.00556	0.00727	0.00740	0.00848	0.00515	0.00544	0.00984	0.01429	0.01981	0.50412	0.24441	0.07502	0.01345	0.00684	0.00195	0.00296	0.04940	0.00585	0.00509
9	0.01280	0.01376	0.02530	0.01929	0.02216	0.01572	0.38308	0.01581	0.01097	0.01581	0.00941	0.01376	0.00797	0.00727	0.01250	0.00218	0.39689	0.00579	0.00266	0.00688
10	0.02139	0.01576	0.01689	0.01295	0.01745	0.01745	0.01070	0.74835	0.02646	0.03547	0.01351	0.01351	0.00957	0.00676	0.00563	0.00169	0.00619	0.00507	0.00563	0.00957
11	0.00804	0.00603	0.00904	0.00904	0.01005	0.00703	0.00703	0.01005	0.00904	0.01306	0.01507	0.02211	0.01407	0.04221	0.77992	0.00904	0.01507	0.00603	0.00301	0.00502
12	0.00804	0.00603	0.00904	0.00904	0.01005	0.00703	0.00703	0.01005	0.00904	0.01306	0.01507	0.02211	0.01407	0.04221	0.77992	0.00904	0.01507	0.00603	0.00301	0.00502
13	0.84197	0.01088	0.00827	0.00740	0.01088	0.01262	0.00609	0.01654	0.00958	0.02525	0.00784	0.00914	0.00609	0.00522	0.00348	0.00174	0.00435	0.00305	0.00348	0.00609
14	0.24202	0.00992	0.01179	0.00932	0.01344	0.00943	0.00769	0.02454	0.01437	0.57308	0.01839	0.01650	0.01185	0.00650	0.00508	0.00174	0.00467	0.00497	0.00604	0.00865
15	0.00907	0.00648	0.00907	0.01036	0.01166	0.00648	0.00907	0.01166	0.01296	0.01684	0.02980	0.06348	0.03239	0.01555	0.00777	0.00259	0.00518	0.72924	0.00518	0.00518
16	0.00831	0.00544	0.00609	0.00609	0.00616	0.00544	0.00344	0.00846	0.00839	0.01147	0.01777	0.03594	0.02012	0.75783	0.02726	0.00522	0.00530	0.00802	0.04972	0.00351
17	0.02139	0.01576	0.01689	0.01295	0.01745	0.01745	0.01070	0.74835	0.02646	0.03547	0.01351	0.01351	0.00957	0.00676	0.00563	0.00169	0.00619	0.00507	0.00563	0.00957
18	0.00907	0.00648	0.00907	0.01036	0.01166	0.00648	0.00907	0.01166	0.01296	0.01684	0.02980	0.06348	0.03239	0.01555	0.00777	0.00259	0.00518	0.72924	0.00518	0.00518
19	0.01434	0.01585	0.03357	0.02421	0.02991	0.01476	0.73428	0.01871	0.01393	0.01900	0.01246	0.01664	0.00957	0.00549	0.00708	0.00209	0.00978	0.00696	0.00323	0.00813
20	0.01400	0.01209	0.01273	0.01145	0.01463	0.01400	0.00891	0.02990	0.75695	0.02354	0.02291	0.02100	0.01718	0.00764	0.00573	0.00191	0.00445	0.00636	0.00573	0.00891
21	0.01239	0.01170	0.01981	0.36785	0.42774	0.01281	0.01625	0.01590	0.01210	0.01667	0.01050	0.01456	0.00841	0.00532	0.00556	0.00175	0.00696	0.00501	0.02106	0.00765
22	0.01167	0.01000	0.01167	0.00834	0.01334	0.00750	0.00667	0.01417	0.01167	0.01834	0.01000	0.01167	0.00834	0.00417	0.00417	0.00083	0.00417	0.00333	0.00333	0.83663
23	0.01355	0.28497	0.31726	0.01821	0.19621	0.04653	0.01584	0.01755	0.01211	0.01626	0.00940	0.01134	0.00759	0.00511	0.00481	0.00155	0.00724	0.00396	0.00250	0.00802
24	0.00881	0.00674	0.00880	0.00840	0.00871	0.00783	0.00593	0.00961	0.00851	0.01198	0.01526	0.02846	0.01643	0.44640	0.25223	0.00605	0.13537	0.00701	0.00314	0.00434
25	0.01063	0.01000	0.01688	0.78870	0.03876	0.01250	0.01563	0.01438	0.01125	0.01438	0.01000	0.01500	0.00750	0.00563	0.00563	0.00188	0.00750	0.00500	0.00250	0.00625
26	0.01063	0.01000	0.01688	0.78870	0.03876	0.01250	0.01563	0.01438	0.01125	0.01438	0.01000	0.01500	0.00750	0.00563	0.00563	0.00188	0.00750	0.00500	0.00250	0.00625
27	0.01223	0.01096	0.01802	0.02607	0.50242	0.01096	0.01440	0.01530	0.01286	0.01784	0.01732	0.03129	0.01714	0.00870	0.00634	0.00199	0.00616	0.25877	0.00363	0.00761
28	0.84197	0.01088	0.00827	0.00740	0.01088	0.01262	0.00609	0.01654	0.00958	0.02525	0.00784	0.00914	0.00609	0.00522	0.00348	0.00174	0.00435	0.00305	0.00348	0.00609
29	0.00805	0.00600	0.00889	0.00889	0.00984	0.00695	0.00684	0.00995	0.00900	0.01295	0.01521	0.02288	0.01440	0.08196	0.74063	0.00886	0.01457	0.00614	0.00304	0.00494
30	0.84197	0.01088	0.00827	0.00740	0.01088	0.01262	0.00609	0.01654	0.00958	0.02525	0.00784	0.00914	0.00609	0.00522	0.00348	0.00174	0.00435	0.00305	0.00348	0.00609
31	0.00665	0.00570	0.00570	0.00570	0.00760	0.00475	0.00428	0.00808	0.01283	0.01520	0.05701	0.05416	0.76483	0.01425	0.00665	0.00190	0.00285	0.01188	0.00523	0.00475
