[name]
unknown

[dist]
# distance from previous block
# <min> <max>
0	71

[block]
# block no. 0 follows, 50 sequences, length 42
# corresponding to MSA columns:
# 78-119
name=unknown_A
#
# <colnr> <probs for GDERKNQSTAVLIFYWHMCP>
#	G	D	E	R	K	N	Q	S	T	A	V	L	I	F	Y	W	H	M	C	P
0	0.03990	0.07894	0.06271	0.00922	0.01239	0.02278	0.05715	0.06550	0.11342	0.05556	0.17698	0.06642	0.06294	0.00731	0.00498	0.00146	0.00428	0.02203	0.00412	0.13193
1	0.01307	0.03214	0.03672	0.10024	0.07801	0.04784	0.09259	0.16901	0.10170	0.05838	0.04235	0.08644	0.01240	0.00631	0.00503	0.00150	0.00539	0.00553	0.00378	0.10157
2	0.02654	0.00864	0.01009	0.02762	0.01153	0.02364	0.00676	0.14652	0.05255	0.11208	0.22484	0.06013	0.04320	0.02103	0.00575	0.00153	0.02543	0.03208	0.00462	0.15542
3	0.01018	0.02815	0.19521	0.04649	0.01440	0.05727	0.00916	0.01297	0.01065	0.02671	0.04245	0.08483	0.04138	0.03651	0.00527	0.00136	0.00493	0.00490	0.00304	0.36412
4	0.04911	0.17707	0.07894	0.00982	0.01286	0.14625	0.00850	0.01805	0.24971	0.01614	0.06655	0.10514	0.01513	0.00706	0.00471	0.00152	0.00514	0.01822	0.00370	0.00638
5	0.01276	0.01621	0.31725	0.01174	0.01669	0.01077	0.05015	0.11142	0.13888	0.11044	0.01462	0.04906	0.03546	0.00600	0.00493	0.00154	0.00561	0.00498	0.00370	0.07778
6	0.01018	0.03001	0.01370	0.17678	0.05043	0.00962	0.09736	0.01226	0.01026	0.07484	0.04581	0.11682	0.08406	0.06573	0.00882	0.00201	0.14734	0.03516	0.00334	0.00547
7	0.00668	0.00547	0.00624	0.00666	0.00755	0.02234	0.00479	0.00774	0.01022	0.01290	0.03428	0.37990	0.32713	0.05939	0.00774	0.00205	0.04414	0.04623	0.00437	0.00419
8	0.00954	0.00899	0.01518	0.77915	0.06704	0.01111	0.01391	0.01285	0.01003	0.01289	0.00888	0.01325	0.00670	0.00496	0.00498	0.00165	0.00661	0.00443	0.00223	0.00564
9	0.01298	0.08436	0.29939	0.01159	0.01603	0.08346	0.01188	0.15363	0.07520	0.05412	0.01320	0.09756	0.02389	0.00661	0.00526	0.00157	0.03375	0.00517	0.00341	0.00697
10	0.01100	0.01080	0.01965	0.15887	0.38910	0.01101	0.18691	0.01404	0.01083	0.01499	0.01076	0.05470	0.00944	0.03781	0.03674	0.00196	0.00670	0.00540	0.00257	0.00671
11	0.00923	0.00921	0.00948	0.04079	0.13359	0.12917	0.00705	0.01110	0.02592	0.01414	0.08091	0.07266	0.40477	0.02301	0.00582	0.00165	0.00428	0.00815	0.00392	0.00515
12	0.00941	0.00886	0.01495	0.81285	0.03433	0.01107	0.01384	0.01274	0.00997	0.01274	0.00886	0.01329	0.00664	0.00498	0.00498	0.00166	0.00664	0.00443	0.00221	0.00554
13	0.11090	0.01422	0.19977	0.07273	0.01642	0.07699	0.06801	0.09306	0.01221	0.03085	0.11691	0.01620	0.03125	0.00911	0.08280	0.00220	0.03202	0.00492	0.00324	0.00617
14	0.00859	0.07446	0.22944	0.00959	0.01254	0.02187	0.00957	0.01141	0.00938	0.01327	0.06825	0.01800	0.01301	0.06682	0.40608	0.00493	0.00972	0.00501	0.00269	0.00537
15	0.01531	0.03539	0.01044	0.00846	0.01124	0.00814	0.00671	0.07175	0.13494	0.35658	0.04804	0.16575	0.08821	0.00862	0.00531	0.00165	0.00386	0.00729	0.00534	0.00700
16	0.01206	0.01221	0.02047	0.24803	0.30252	0.06975	0.21251	0.01530	0.01134	0.03372	0.00954	0.01276	0.00745	0.00462	0.00517	0.00157	0.00696	0.00474	0.00251	0.00678
17	0.02833	0.18751	0.09299	0.04972	0.05109	0.01187	0.16400	0.08637	0.01088	0.01460	0.00949	0.03605	0.00823	0.00809	0.00836	0.21376	0.00590	0.00451	0.00260	0.00564
18	0.05060	0.12286	0.09767	0.01466	0.01818	0.01386	0.27981	0.04407	0.04021	0.01527	0.00915	0.01198	0.00749	0.00710	0.04488	0.00199	0.20665	0.00463	0.00257	0.00637
19	0.00987	0.00976	0.01778	0.65812	0.03271	0.01137	0.16270	0.01337	0.01032	0.01337	0.00910	0.01332	0.00682	0.00483	0.00516	0.00166	0.00699	0.00471	0.00227	0.00577
20	0.01065	0.02801	0.20905	0.01836	0.24943	0.01092	0.12776	0.01502	0.07053	0.01626	0.08177	0.08118	0.01352	0.00626	0.00567	0.00162	0.03835	0.00574	0.00302	0.00686
21	0.01200	0.06530	0.23034	0.05312	0.01776	0.10429	0.11038	0.05043	0.11806	0.03458	0.02770	0.07170	0.03640	0.00636	0.00549	0.00160	0.03935	0.00532	0.00318	0.00663
22	0.04568	0.00929	0.01404	0.01155	0.01328	0.01062	0.15912	0.07055	0.01058	0.01585	0.01439	0.12984	0.04856	0.02396	0.00913	0.00185	0.26467	0.00638	0.13516	0.00550
23	0.00972	0.00902	0.01495	0.78732	0.03373	0.01121	0.01370	0.03709	0.01040	0.01333	0.00896	0.01325	0.00670	0.00502	0.00498	0.00166	0.00661	0.00443	0.00230	0.00563
24	0.01392	0.04264	0.05811	0.01531	0.23002	0.07080	0.01015	0.01799	0.12161	0.18784	0.04250	0.02072	0.07714	0.00677	0.00511	0.00158	0.00507	0.06154	0.00406	0.00712
25	0.01415	0.04730	0.05023	0.08303	0.34120	0.11103	0.05988	0.08874	0.01275	0.08135	0.01015	0.01220	0.00792	0.00505	0.00532	0.00150	0.03939	0.00432	0.01727	0.00724
26	0.01470	0.07699	0.23178	0.01063	0.01507	0.01114	0.01061	0.10960	0.15529	0.21981	0.06399	0.01581	0.01261	0.02326	0.00529	0.00161	0.00518	0.00482	0.00428	0.00755
27	0.01021	0.00855	0.01093	0.05897	0.16542	0.04176	0.00824	0.04946	0.14272	0.03314	0.01997	0.33171	0.03984	0.00966	0.00546	0.00172	0.00426	0.00859	0.04344	0.00595
28	0.01333	0.82783	0.02612	0.00853	0.01279	0.01972	0.00853	0.01493	0.01013	0.01173	0.00693	0.00800	0.00640	0.00426	0.00320	0.00107	0.00533	0.00267	0.00213	0.00640
29	0.01594	0.01034	0.01280	0.16673	0.01738	0.01116	0.00912	0.25785	0.13334	0.22040	0.05956	0.01689	0.03309	0.00637	0.00508	0.00158	0.00490	0.00520	0.00478	0.00749
30	0.00979	0.00993	0.00827	0.00843	0.00955	0.22711	0.00604	0.01105	0.01164	0.01382	0.15368	0.40865	0.04760	0.02900	0.00616	0.00180	0.00456	0.02411	0.00417	0.00464
31	0.00941	0.00886	0.01495	0.81285	0.03433	0.01107	0.01384	0.01274	0.00997	0.01274	0.00886	0.01329	0.00664	0.00498	0.00498	0.00166	0.00664	0.00443	0.00221	0.00554
32	0.01134	0.00586	0.00709	0.00637	0.00786	0.00538	0.00452	0.01240	0.01050	0.23076	0.05874	0.06180	0.13901	0.33643	0.01330	0.00288	0.00392	0.00730	0.06957	0.00497
33	0.79303	0.01028	0.00858	0.00744	0.01060	0.03698	0.04160	0.01488	0.00882	0.02173	0.00711	0.00838	0.00553	0.00462	0.00326	0.00154	0.00424	0.00286	0.00304	0.00547
34	0.00607	0.00437	0.00575	0.00686	0.00721	0.00406	0.00459	0.00695	0.00962	0.01276	0.02846	0.78825	0.06565	0.01549	0.00634	0.00201	0.00288	0.01401	0.00463	0.00406
35	0.86003	0.00964	0.00733	0.00655	0.00964	0.01118	0.00540	0.01465	0.00848	0.02236	0.00694	0.00810	0.00540	0.00463	0.00308	0.00154	0.00386	0.00270	0.00308	0.00540
36	0.01059	0.02163	0.53991	0.01650	0.02308	0.01192	0.27334	0.01585	0.01094	0.01585	0.00933	0.01151	0.00673	0.00456	0.00512	0.00161	0.00772	0.00442	0.00224	0.00715
37	0.00643	0.00587	0.04248	0.00631	0.00780	0.00466	0.00499	0.00805	0.01142	0.01473	0.18869	0.23463	0.39655	0.01255	0.00598	0.00176	0.00287	0.03511	0.00468	0.00443
38	0.01074	0.01066	0.02996	0.05186	0.35833	0.02940	0.08015	0.01321	0.01084	0.01514	0.07267	0.08366	0.04938	0.00709	0.00715	0.00169	0.13842	0.02026	0.00296	0.00644
39	0.01232	0.14857	0.24205	0.01460	0.07184	0.01383	0.11424	0.04397	0.01071	0.06652	0.00903	0.01120	0.00714	0.00569	0.00754	0.00164	0.20559	0.00415	0.00259	0.00680
40	0.01203	0.01784	0.35410	0.14465	0.08709	0.04855	0.01420	0.16371	0.01347	0.01854	0.06957	0.01339	0.01006	0.00543	0.00492	0.00155	0.00645	0.00441	0.00300	0.00705
41	0.00664	0.00511	0.00603	0.00594	0.00728	0.00458	0.00450	0.00842	0.01245	0.01638	0.38292	0.04310	0.36346	0.04530	0.00677	0.00181	0.00270	0.06727	0.00495	0.00441

[dist]
# distance from previous block
# <min> <max>
2	6

[block]
# block no. 1 follows, 50 sequences, length 99
# corresponding to MSA columns:
# 126-224
name=unknown_B
#
# <colnr> <probs for GDERKNQSTAVLIFYWHMCP>
#	G	D	E	R	K	N	Q	S	T	A	V	L	I	F	Y	W	H	M	C	P
0	0.16487	0.03380	0.02837	0.01035	0.03340	0.05557	0.00822	0.24105	0.26997	0.02312	0.05231	0.01441	0.01184	0.00600	0.00461	0.00153	0.00472	0.00461	0.00432	0.02692
1	0.08550	0.01762	0.41969	0.01171	0.01693	0.01035	0.05637	0.01603	0.10962	0.04274	0.03802	0.01708	0.10536	0.00610	0.00486	0.00159	0.00575	0.00499	0.00316	0.02654
2	0.01221	0.01248	0.02199	0.05457	0.42367	0.03489	0.25630	0.01638	0.07269	0.01622	0.01035	0.01310	0.00826	0.00466	0.00543	0.00157	0.02028	0.00496	0.00268	0.00733
3	0.01255	0.64136	0.20581	0.00985	0.01483	0.01783	0.01083	0.01513	0.01022	0.01267	0.00740	0.00858	0.00638	0.00437	0.00356	0.00119	0.00580	0.00290	0.00213	0.00662
4	0.00666	0.00508	0.00611	0.00585	0.00720	0.00453	0.00439	0.00864	0.01317	0.01776	0.53868	0.04089	0.30085	0.01102	0.00588	0.00161	0.00241	0.00953	0.00519	0.00453
5	0.01152	0.01180	0.05509	0.01656	0.21135	0.09098	0.14801	0.01460	0.05038	0.04861	0.02785	0.09440	0.09009	0.03993	0.00652	0.00174	0.03658	0.00634	0.03138	0.00629
6	0.79848	0.00983	0.00781	0.00685	0.01000	0.01131	0.00565	0.05310	0.00937	0.04076	0.00749	0.00850	0.00571	0.00473	0.00322	0.00154	0.00395	0.00284	0.00325	0.00562
7	0.00648	0.00466	0.00624	0.00736	0.00787	0.00441	0.00533	0.00767	0.01001	0.01321	0.02790	0.63683	0.05381	0.01514	0.00646	0.00207	0.00324	0.17252	0.00462	0.00417
8	0.01919	0.00782	0.01031	0.00813	0.01157	0.00672	0.00664	0.02099	0.01371	0.64606	0.02561	0.02294	0.16262	0.00741	0.00518	0.00157	0.00391	0.00607	0.00587	0.00766
9	0.28659	0.01066	0.01117	0.03300	0.05498	0.02821	0.00774	0.16493	0.14360	0.15776	0.01433	0.01416	0.04076	0.00585	0.00442	0.00156	0.00450	0.00441	0.00432	0.00705
10	0.00941	0.00886	0.01495	0.81285	0.03433	0.01107	0.01384	0.01274	0.00997	0.01274	0.00886	0.01329	0.00664	0.00498	0.00498	0.00166	0.00664	0.00443	0.00221	0.00554
11	0.00589	0.00505	0.00505	0.00505	0.00673	0.00421	0.00379	0.00715	0.01136	0.01347	0.05049	0.04797	0.79171	0.01262	0.00589	0.00168	0.00252	0.01052	0.00463	0.00421
12	0.01234	0.01172	0.01923	0.02831	0.70667	0.01190	0.01447	0.01654	0.09759	0.01679	0.01059	0.01303	0.00871	0.00470	0.00495	0.00150	0.00570	0.00457	0.00276	0.00789
13	0.00941	0.00886	0.01495	0.81285	0.03433	0.01107	0.01384	0.01274	0.00997	0.01274	0.00886	0.01329	0.00664	0.00498	0.00498	0.00166	0.00664	0.00443	0.00221	0.00554
14	0.00941	0.00886	0.01495	0.81285	0.03433	0.01107	0.01384	0.01274	0.00997	0.01274	0.00886	0.01329	0.00664	0.00498	0.00498	0.00166	0.00664	0.00443	0.00221	0.00554
15	0.01234	0.01184	0.02023	0.03059	0.79373	0.01184	0.01530	0.01530	0.01135	0.01628	0.00938	0.01234	0.00790	0.00444	0.00493	0.00148	0.00592	0.00444	0.00247	0.00790
16	0.01045	0.01029	0.01517	0.25465	0.01950	0.01400	0.01179	0.01222	0.00834	0.01222	0.00724	0.01163	0.00657	0.00759	0.01292	0.00202	0.57133	0.00438	0.00219	0.00548
17	0.01987	0.00775	0.01025	0.00806	0.01140	0.00681	0.00659	0.02187	0.01354	0.64864	0.01902	0.01727	0.01242	0.00610	0.00472	0.00147	0.00388	0.00494	0.16763	0.00775
18	0.01423	0.16537	0.08047	0.01039	0.01415	0.01408	0.00919	0.17943	0.37847	0.05973	0.01508	0.01448	0.01128	0.00593	0.00467	0.00152	0.00482	0.00465	0.00431	0.00772
19	0.04429	0.01117	0.03937	0.00937	0.01313	0.02741	0.00778	0.23742	0.12093	0.12282	0.03846	0.03332	0.02962	0.00589	0.00464	0.00134	0.00448	0.00468	0.00437	0.23950
20	0.01001	0.06064	0.50211	0.03176	0.04647	0.05592	0.02970	0.01421	0.01059	0.01476	0.01271	0.15310	0.02340	0.00675	0.00498	0.00162	0.00645	0.00564	0.00264	0.00656
21	0.01293	0.67728	0.15073	0.00956	0.01428	0.03882	0.01016	0.01519	0.01030	0.01240	0.00728	0.00843	0.00638	0.00436	0.00348	0.00115	0.00575	0.00284	0.00214	0.00654
22	0.00702	0.00501	0.00687	0.00802	0.00872	0.00486	0.00627	0.00857	0.01047	0.01378	0.02695	0.45267	0.03090	0.01473	0.00661	0.00215	0.00371	0.37375	0.00461	0.00431
23	0.00786	0.00582	0.00775	0.02382	0.00872	0.00650	0.00577	0.00971	0.01007	0.01487	0.19677	0.02510	0.08013	0.04988	0.28633	0.00395	0.09708	0.00642	0.14885	0.00460
24	0.01007	0.00953	0.01613	0.63814	0.20394	0.01125	0.01417	0.01331	0.01028	0.01353	0.00897	0.01308	0.00692	0.00486	0.00497	0.00162	0.00648	0.00443	0.00227	0.00606
25	0.00611	0.00435	0.00577	0.00690	0.00718	0.00407	0.00458	0.00695	0.00948	0.01264	0.02714	0.79910	0.03254	0.03867	0.00690	0.00210	0.00295	0.01397	0.00458	0.00402
26	0.01929	0.01371	0.01459	0.01124	0.01518	0.03925	0.00926	0.67634	0.02221	0.10929	0.01262	0.01239	0.00881	0.00598	0.00497	0.00149	0.00547	0.00450	0.00503	0.00839
27	0.00906	0.01008	0.10000	0.01212	0.05713	0.01008	0.04793	0.01110	0.00893	0.01305	0.02863	0.15433	0.01355	0.01627	0.21108	0.00348	0.27859	0.00641	0.00282	0.00536
28	0.27036	0.00883	0.01031	0.00818	0.01181	0.00847	0.00676	0.02144	0.01255	0.56780	0.01590	0.01434	0.01028	0.00571	0.00444	0.00154	0.00413	0.00433	0.00526	0.00757
29	0.00725	0.00483	0.00544	0.00544	0.00544	0.00483	0.00302	0.00725	0.00725	0.00966	0.01571	0.03262	0.01812	0.82483	0.02537	0.00483	0.00483	0.00725	0.00302	0.00302
30	0.00791	0.00717	0.01306	0.01133	0.01310	0.00673	0.23814	0.00987	0.01033	0.01383	0.02215	0.53326	0.02503	0.01206	0.00625	0.00194	0.00466	0.05432	0.00399	0.00489
31	0.01159	0.01306	0.02788	0.06589	0.02587	0.01265	0.69374	0.01558	0.01145	0.01558	0.00984	0.01331	0.00746	0.00447	0.00636	0.00170	0.04877	0.00572	0.00249	0.00659
32	0.30138	0.11438	0.01366	0.00963	0.01316	0.11786	0.00801	0.32710	0.01554	0.02342	0.00909	0.00978	0.00691	0.00520	0.00406	0.00143	0.00538	0.00349	0.00368	0.00683
33	0.06474	0.01363	0.06789	0.16346	0.01702	0.24034	0.00973	0.05796	0.01242	0.03030	0.04558	0.07137	0.04762	0.00770	0.00518	0.00165	0.00618	0.12825	0.00337	0.00562
34	0.01259	0.28906	0.41458	0.01247	0.04921	0.04042	0.01373	0.01638	0.01088	0.08436	0.00921	0.01029	0.00695	0.00471	0.00425	0.00139	0.00641	0.00348	0.00251	0.00711
35	0.01838	0.02336	0.01416	0.01285	0.01534	0.78019	0.00967	0.01966	0.01392	0.01219	0.00767	0.00905	0.00642	0.00525	0.00486	0.00131	0.03415	0.00325	0.00256	0.00577
36	0.00617	0.00524	0.00526	0.00519	0.00692	0.00445	0.00391	0.02357	0.01162	0.01385	0.04967	0.04720	0.77501	0.01248	0.00587	0.00168	0.00259	0.01039	0.00464	0.00430
37	0.01743	0.02959	0.04758	0.01483	0.13030	0.31310	0.02858	0.23339	0.02997	0.09199	0.01059	0.01140	0.00795	0.00535	0.00478	0.00142	0.00688	0.00404	0.00359	0.00724
38	0.01379	0.00926	0.05923	0.00945	0.01182	0.00893	0.00796	0.01724	0.11288	0.28385	0.06087	0.13314	0.05514	0.00853	0.00741	0.00175	0.15878	0.00668	0.02669	0.00661
39	0.00725	0.00483	0.00544	0.00544	0.00544	0.00483	0.00302	0.00725	0.00725	0.00966	0.01571	0.03262	0.01812	0.82483	0.02537	0.00483	0.00483	0.00725	0.00302	0.00302
40	0.05681	0.00917	0.00915	0.00784	0.01031	0.10853	0.00606	0.04321	0.01282	0.28764	0.09702	0.02615	0.19518	0.09911	0.00740	0.00191	0.00436	0.00655	0.00474	0.00603
41	0.05823	0.01137	0.09915	0.30326	0.16139	0.01044	0.06874	0.01596	0.01130	0.16533	0.03905	0.01412	0.00937	0.00520	0.00495	0.00159	0.00596	0.00464	0.00319	0.00677
42	0.01045	0.00681	0.00768	0.00696	0.00922	0.00644	0.00543	0.01438	0.15907	0.16648	0.08908	0.03591	0.42076	0.01013	0.00559	0.00167	0.00317	0.02992	0.00507	0.00578
43	0.01145	0.05106	0.01360	0.00979	0.01383	0.00977	0.09068	0.03875	0.22135	0.01767	0.01209	0.01285	0.00951	0.00468	0.00432	0.00114	0.00441	0.00403	0.00350	0.46552
44	0.86003	0.00964	0.00733	0.00655	0.00964	0.01118	0.00540	0.01465	0.00848	0.02236	0.00694	0.00810	0.00540	0.00463	0.00308	0.00154	0.00386	0.00270	0.00308	0.00540
45	0.02129	0.00839	0.01133	0.00876	0.01245	0.00735	0.00721	0.04108	0.01447	0.72882	0.06942	0.01816	0.01449	0.00643	0.00507	0.00154	0.00415	0.00526	0.00610	0.00824
46	0.00685	0.00545	0.00605	0.00627	0.00756	0.00508	0.00454	0.02852	0.06412	0.01405	0.03793	0.28550	0.42471	0.05372	0.00696	0.00196	0.00298	0.02868	0.00459	0.00447
47	0.01379	0.01633	0.02328	0.01755	0.02164	0.25771	0.47599	0.01689	0.01230	0.01469	0.00918	0.01183	0.00717	0.00461	0.00567	0.00153	0.03353	0.00486	0.00255	0.04893
48	0.00696	0.00509	0.00653	0.00617	0.00739	0.00466	0.00463	0.00922	0.01388	0.01945	0.72982	0.03812	0.10865	0.01039	0.00588	0.00158	0.00237	0.00914	0.00542	0.00466
49	0.00604	0.00476	0.00546	0.00590	0.00698	0.00418	0.00419	0.00722	0.01080	0.01359	0.08998	0.36283	0.43306	0.01368	0.00608	0.00181	0.00266	0.01191	0.00468	0.00418
50	0.03960	0.00539	0.00650	0.00609	0.00757	0.00494	0.00462	0.00967	0.01325	0.04986	0.55373	0.03788	0.22169	0.01040	0.00574	0.00159	0.00253	0.00897	0.00522	0.00476
51	0.01234	0.01184	0.02023	0.03059	0.79373	0.01184	0.01530	0.01530	0.01135	0.01628	0.00938	0.01234	0.00790	0.00444	0.00493	0.00148	0.00592	0.00444	0.00247	0.00790
52	0.01000	0.02578	0.79900	0.01421	0.02157	0.01158	0.01842	0.01579	0.01052	0.01579	0.00895	0.01052	0.00631	0.00474	0.00474	0.00158	0.00737	0.00368	0.00210	0.00737
53	0.00621	0.00448	0.00566	0.00653	0.00694	0.00417	0.00432	0.00700	0.00945	0.01241	0.02850	0.63226	0.11563	0.12098	0.00879	0.00235	0.00310	0.01286	0.00442	0.00393
54	0.01320	0.01048	0.01123	0.00992	0.01283	0.01186	0.00777	0.06116	0.66263	0.07833	0.02099	0.01927	0.04400	0.00690	0.00509	0.00167	0.00399	0.00572	0.00513	0.00782
55	0.81787	0.00986	0.00771	0.00680	0.00993	0.01140	0.00560	0.05287	0.00923	0.02282	0.00719	0.00829	0.00555	0.00469	0.00318	0.00154	0.00394	0.00279	0.00318	0.00555
56	0.01105	0.01036	0.01303	0.01223	0.09388	0.06246	0.05219	0.04252	0.06412	0.02796	0.01693	0.06163	0.13088	0.00742	0.00756	0.00156	0.19063	0.00568	0.00330	0.18460
57	0.01373	0.50690	0.02218	0.01049	0.01376	0.10968	0.03602	0.05621	0.01090	0.01305	0.00733	0.00907	0.00658	0.00530	0.00603	0.00135	0.15953	0.00326	0.00236	0.00627
58	0.01244	0.00931	0.03264	0.00895	0.01155	0.00941	0.00738	0.26638	0.06606	0.07975	0.03613	0.04590	0.16480	0.02649	0.14576	0.00281	0.00595	0.05748	0.00447	0.00634
59	0.14990	0.11392	0.17922	0.01390	0.01843	0.16395	0.23717	0.01618	0.01123	0.01571	0.00898	0.01170	0.00720	0.00484	0.00464	0.00151	0.00709	0.02551	0.00255	0.00636
60	0.00903	0.00797	0.01137	0.40172	0.03847	0.04819	0.02054	0.01139	0.01013	0.01352	0.01501	0.24512	0.01495	0.00818	0.00539	0.00169	0.01966	0.00720	0.10539	0.00508
61	0.01162	0.01305	0.02782	0.06607	0.04812	0.01259	0.68301	0.01562	0.01150	0.01565	0.00987	0.01331	0.00748	0.00442	0.00618	0.00169	0.03716	0.00570	0.00249	0.00664
62	0.00639	0.00508	0.00579	0.00620	0.00739	0.00461	0.00452	0.00817	0.04453	0.01385	0.06781	0.31787	0.42409	0.01338	0.00607	0.00183	0.00282	0.05056	0.00468	0.00435
63	0.13299	0.18518	0.10991	0.00898	0.01209	0.04518	0.00817	0.10351	0.01154	0.05555	0.01373	0.21511	0.01363	0.00832	0.00546	0.05035	0.00482	0.00615	0.00346	0.00586
64	0.02229	0.00860	0.01164	0.00893	0.01278	0.00751	0.00737	0.04093	0.01447	0.78026	0.01949	0.01686	0.01225	0.00617	0.00501	0.00154	0.00427	0.00500	0.00614	0.00848
65	0.04855	0.00742	0.00961	0.00814	0.01088	0.00682	0.00651	0.01858	0.05734	0.45086	0.14947	0.11242	0.03716	0.00838	0.00535	0.00165	0.00373	0.04462	0.00559	0.00692
66	0.01009	0.04863	0.77699	0.01405	0.02132	0.01181	0.01813	0.01576	0.01051	0.01567	0.00889	0.01045	0.00632	0.00472	0.00469	0.00156	0.00731	0.00365	0.00211	0.00734
67	0.00929	0.00465	0.00465	0.00465	0.00581	0.00465	0.00348	0.01161	0.01045	0.01858	0.01626	0.01858	0.01278	0.00581	0.00348	0.00116	0.00232	0.00465	0.85250	0.00465
68	0.00613	0.00440	0.00573	0.00676	0.00710	0.00410	0.00449	0.00697	0.00950	0.01258	0.02789	0.73750	0.06880	0.06331	0.00746	0.00217	0.00299	0.01358	0.00453	0.00400
69	0.00929	0.00465	0.00465	0.00465	0.00581	0.00465	0.00348	0.01161	0.01045	0.01858	0.01626	0.01858	0.01278	0.00581	0.00348	0.00116	0.00232	0.00465	0.85250	0.00465
70	0.01862	0.02376	0.01413	0.01284	0.01541	0.80482	0.00963	0.01990	0.01413	0.01220	0.00770	0.00899	0.00642	0.00514	0.00449	0.00128	0.00899	0.00321	0.00257	0.00578
71	0.00627	0.00446	0.00588	0.00683	0.00712	0.00427	0.00454	0.00710	0.00918	0.01230	0.02524	0.68069	0.02999	0.11125	0.05732	0.00272	0.00376	0.01282	0.00432	0.00395
72	0.01840	0.01360	0.01455	0.01126	0.01513	0.01507	0.00927	0.72129	0.06395	0.03059	0.01250	0.01246	0.00893	0.00602	0.00496	0.00150	0.00534	0.00455	0.02228	0.00837
73	0.00607	0.00434	0.00578	0.00694	0.00723	0.00405	0.00463	0.00694	0.00954	0.01272	0.02747	0.82157	0.03297	0.01562	0.00636	0.00202	0.00289	0.01417	0.00463	0.00405
74	0.86003	0.00964	0.00733	0.00655	0.00964	0.01118	0.00540	0.01465	0.00848	0.02236	0.00694	0.00810	0.00540	0.00463	0.00308	0.00154	0.00386	0.00270	0.00308	0.00540
75	0.01180	0.45142	0.37202	0.01134	0.01701	0.01592	0.02946	0.01533	0.01034	0.01363	0.00790	0.00924	0.00638	0.00447	0.00394	0.00131	0.00631	0.00319	0.00213	0.00684
76	0.07132	0.22783	0.04939	0.00895	0.01304	0.01143	0.00807	0.05665	0.01298	0.44862	0.01436	0.01333	0.00975	0.00543	0.00436	0.00139	0.00469	0.00411	0.00458	0.02970
77	0.00955	0.00853	0.01138	0.00936	0.01119	0.00923	0.02924	0.01132	0.01016	0.01521	0.19353	0.01887	0.03023	0.05410	0.00998	0.00172	0.28802	0.00533	0.00330	0.26975
78	0.00767	0.00493	0.00594	0.00574	0.00690	0.00464	0.00429	0.00992	0.01271	0.01905	0.49577	0.05811	0.06598	0.00911	0.00515	0.00146	0.00237	0.00789	0.26771	0.00464
79	0.01195	0.00665	0.00704	0.00621	0.00807	0.00686	0.00486	0.15706	0.01315	0.07091	0.01567	0.01723	0.01194	0.00586	0.00387	0.00125	0.00304	0.00464	0.63813	0.00562
80	0.01015	0.06370	0.76246	0.01394	0.02116	0.01196	0.01795	0.01574	0.01050	0.01559	0.00885	0.01040	0.00632	0.00471	0.00466	0.00155	0.00727	0.00364	0.00211	0.00732
81	0.01234	0.01184	0.02023	0.03059	0.79373	0.01184	0.01530	0.01530	0.01135	0.01628	0.00938	0.01234	0.00790	0.00444	0.00493	0.00148	0.00592	0.00444	0.00247	0.00790
82	0.00603	0.00505	0.00524	0.00519	0.00682	0.00427	0.00390	0.00742	0.01169	0.01424	0.13854	0.04669	0.70318	0.01233	0.00589	0.00167	0.00250	0.01034	0.00473	0.00427
83	0.04330	0.00858	0.01042	0.00853	0.01167	0.00826	0.00686	0.09610	0.11493	0.42266	0.06793	0.05380	0.10952	0.00758	0.00517	0.00160	0.00394	0.00624	0.00552	0.00739
84	0.01542	0.04004	0.01352	0.01164	0.05272	0.10988	0.00884	0.27199	0.21457	0.07464	0.01455	0.06009	0.01161	0.00788	0.03766	0.00183	0.03621	0.00518	0.00435	0.00737
85	0.00800	0.00578	0.00834	0.00816	0.00898	0.00574	0.05991	0.00912	0.00941	0.04600	0.02131	0.35185	0.02404	0.24747	0.02366	0.00292	0.03706	0.11403	0.00395	0.00427
86	0.05391	0.00865	0.01149	0.00884	0.01267	0.00766	0.00730	0.04136	0.01426	0.75020	0.01901	0.01651	0.01199	0.00611	0.00494	0.00154	0.00426	0.00491	0.00603	0.00837
87	0.86003	0.00964	0.00733	0.00655	0.00964	0.01118	0.00540	0.01465	0.00848	0.02236	0.00694	0.00810	0.00540	0.00463	0.00308	0.00154	0.00386	0.00270	0.00308	0.00540
88	0.01664	0.01303	0.01389	0.06817	0.01609	0.04600	0.00933	0.48102	0.21836	0.04432	0.01390	0.01377	0.01009	0.00608	0.00499	0.00155	0.00528	0.00474	0.00474	0.00801
89	0.00840	0.00739	0.00869	0.00855	0.00963	0.09528	0.00661	0.01013	0.00869	0.01164	0.01272	0.01840	0.01179	0.03379	0.71580	0.00726	0.01286	0.00510	0.00266	0.00460
90	0.00645	0.00462	0.00620	0.00733	0.00782	0.00438	0.00527	0.00760	0.00995	0.01316	0.02774	0.65820	0.04774	0.01520	0.00645	0.00207	0.00321	0.15784	0.00462	0.00416
91	0.00667	0.00504	0.00615	0.00596	0.00723	0.00452	0.00444	0.00862	0.01307	0.01772	0.53661	0.08514	0.25821	0.01119	0.00591	0.00163	0.00243	0.00974	0.00519	0.00452
92	0.01532	0.01043	0.01279	0.01062	0.01393	0.01116	0.06245	0.05541	0.49002	0.23151	0.01906	0.01752	0.01362	0.00639	0.00511	0.00164	0.00440	0.00544	0.00518	0.00799
93	0.00712	0.00496	0.00682	0.00711	0.00779	0.00537	0.00520	0.00855	0.00859	0.01244	0.01742	0.21958	0.01816	0.10873	0.43825	0.00544	0.00866	0.00765	0.09795	0.00423
94	0.00907	0.00549	0.00715	0.00740	0.00845	0.00518	0.00527	0.05234	0.01132	0.12036	0.08700	0.60468	0.02995	0.01337	0.00606	0.00189	0.00318	0.01198	0.00492	0.00495
95	0.01240	0.37556	0.21813	0.01234	0.05991	0.07462	0.01191	0.01502	0.01016	0.01309	0.00757	0.00947	0.00649	0.00524	0.00609	0.00143	0.14851	0.00336	0.00219	0.00652
96	0.20965	0.01604	0.01288	0.01076	0.01407	0.26672	0.00856	0.34584	0.03345	0.02299	0.00964	0.01028	0.00727	0.00542	0.00440	0.00144	0.00620	0.00370	0.00378	0.00690
97	0.01189	0.01055	0.01457	0.01523	0.21955	0.03038	0.06987	0.12070	0.04802	0.01871	0.09949	0.03476	0.03752	0.00571	0.00483	0.00132	0.00485	0.00510	0.00354	0.24340
98	0.01417	0.15135	0.35967	0.01255	0.01758	0.27970	0.01320	0.03513	0.01214	0.04834	0.00875	0.00992	0.00668	0.00489	0.00443	0.00139	0.00741	0.00344	0.00251	0.00675

[dist]
# distance from previous block
# <min> <max>
0	1

[block]
# block no. 2 follows, 50 sequences, length 41
# corresponding to MSA columns:
# 226-266
name=unknown_C
#
# <colnr> <probs for GDERKNQSTAVLIFYWHMCP>
#	G	D	E	R	K	N	Q	S	T	A	V	L	I	F	Y	W	H	M	C	P
0	0.03221	0.01501	0.27545	0.22982	0.12390	0.01086	0.01359	0.07046	0.02897	0.01629	0.01236	0.02837	0.05724	0.00552	0.00485	0.00154	0.00606	0.00463	0.00274	0.06013
1	0.01068	0.01070	0.01613	0.42029	0.02567	0.06370	0.12057	0.01357	0.01035	0.01374	0.00874	0.01225	0.00689	0.00500	0.00593	0.00152	0.08389	0.00427	0.00242	0.16370
2	0.00611	0.00442	0.00578	0.00678	0.00721	0.00409	0.00457	0.00708	0.00990	0.01314	0.06801	0.73002	0.08419	0.01514	0.00631	0.00198	0.00284	0.01366	0.00467	0.00409
3	0.01329	0.01138	0.01808	0.02052	0.35751	0.06433	0.15341	0.01611	0.01249	0.13113	0.13591	0.01697	0.01464	0.00562	0.00524	0.00153	0.00577	0.00544	0.00351	0.00711
4	0.01013	0.01036	0.03790	0.54365	0.04219	0.01177	0.13493	0.01401	0.04967	0.01374	0.00945	0.01329	0.00723	0.00525	0.00609	0.00170	0.07559	0.00470	0.00241	0.00593
5	0.01180	0.00902	0.01002	0.00912	0.01131	0.00983	0.00696	0.20874	0.27609	0.03315	0.02130	0.29908	0.03726	0.00978	0.00549	0.00175	0.00391	0.00842	0.02042	0.00656
6	0.01028	0.00560	0.00570	0.00534	0.00679	0.00575	0.00410	0.08980	0.01178	0.01989	0.01582	0.01791	0.01234	0.00583	0.00364	0.00120	0.00265	0.00463	0.76593	0.00504
7	0.00627	0.00450	0.00582	0.00679	0.00719	0.00422	0.00460	0.00716	0.00955	0.01261	0.02791	0.65711	0.08320	0.08972	0.00810	0.00227	0.00313	0.05139	0.00448	0.00399
8	0.00866	0.00433	0.00649	0.00649	0.00649	0.00433	0.00433	0.00649	0.00649	0.00866	0.00866	0.01515	0.00866	0.01732	0.01948	0.85498	0.00433	0.00433	0.00216	0.00216
9	0.01103	0.00903	0.00966	0.00874	0.01123	0.00991	0.00677	0.03466	0.51712	0.04499	0.09989	0.02608	0.17330	0.00823	0.00531	0.00167	0.00355	0.00689	0.00506	0.00688
10	0.00611	0.00461	0.00563	0.00638	0.00712	0.00416	0.00442	0.00715	0.01022	0.01317	0.05910	0.54092	0.25596	0.02860	0.00655	0.00196	0.00283	0.02639	0.00463	0.00411
11	0.03471	0.01006	0.01649	0.01232	0.01625	0.00939	0.24163	0.07048	0.02719	0.40364	0.01565	0.01556	0.01057	0.00550	0.00509	0.00155	0.00540	0.00517	0.08585	0.00750
12	0.01862	0.02376	0.01413	0.01284	0.01541	0.80482	0.00963	0.01990	0.01413	0.01220	0.00770	0.00899	0.00642	0.00514	0.00449	0.00128	0.00899	0.00321	0.00257	0.00578
13	0.00646	0.00533	0.00574	0.00588	0.00740	0.00477	0.00442	0.00851	0.05619	0.01408	0.06598	0.14322	0.58235	0.01266	0.00596	0.00176	0.00278	0.05739	0.00468	0.00444
14	0.00719	0.00496	0.00621	0.00640	0.00747	0.00447	0.00460	0.00869	0.01169	0.05530	0.28372	0.35122	0.20418	0.01269	0.00603	0.00177	0.00270	0.01120	0.00499	0.00453
15	0.19431	0.01010	0.01116	0.00888	0.01225	0.01046	0.00720	0.25938	0.01538	0.31392	0.02716	0.01518	0.01073	0.07438	0.00632	0.00180	0.00457	0.00462	0.00488	0.00732
16	0.09571	0.01171	0.01215	0.01025	0.01349	0.01332	0.00819	0.28113	0.45106	0.02459	0.01618	0.01533	0.01198	0.00629	0.00485	0.00161	0.00446	0.00496	0.00485	0.00785
17	0.26408	0.01025	0.01001	0.00823	0.01121	0.01136	0.00670	0.35196	0.01563	0.02539	0.01161	0.01256	0.00870	0.00554	0.00403	0.00142	0.00418	0.00400	0.22657	0.00657
18	0.09431	0.10596	0.09159	0.02819	0.06804	0.07840	0.04053	0.12057	0.07220	0.02863	0.00986	0.01105	0.00773	0.00487	0.00454	0.00131	0.02379	0.00372	0.00316	0.20156
19	0.01218	0.01277	0.07207	0.02950	0.74234	0.01183	0.01550	0.01533	0.01129	0.01625	0.00935	0.01222	0.00779	0.00446	0.00492	0.00149	0.00602	0.00439	0.00244	0.00786
20	0.24842	0.00947	0.01057	0.00844	0.01201	0.00948	0.00693	0.10836	0.05280	0.40464	0.01478	0.01380	0.00994	0.00564	0.00439	0.00150	0.00420	0.00425	0.02505	0.04532
21	0.12447	0.00901	0.01052	0.00893	0.01192	0.00915	0.00728	0.15130	0.08233	0.31619	0.01825	0.09678	0.01496	0.00780	0.00510	0.00168	0.00427	0.09570	0.01730	0.00709
22	0.01238	0.01293	0.04329	0.13057	0.32355	0.06872	0.19436	0.06445	0.02964	0.01631	0.01031	0.03927	0.00850	0.00510	0.00536	0.00158	0.01893	0.00502	0.00273	0.00700
23	0.00905	0.00776	0.00912	0.06174	0.01172	0.02158	0.02609	0.01515	0.28088	0.01694	0.13750	0.12929	0.19691	0.00981	0.00563	0.00173	0.00368	0.04502	0.00465	0.00574
24	0.00628	0.00449	0.00563	0.00649	0.00707	0.00413	0.00443	0.00735	0.01003	0.01345	0.05549	0.62737	0.14732	0.01436	0.00609	0.00190	0.00278	0.01284	0.05836	0.00413
25	0.00769	0.00624	0.00723	0.00758	0.00825	0.04624	0.00556	0.00886	0.01015	0.01325	0.10219	0.31242	0.07823	0.16398	0.01049	0.00250	0.05929	0.14150	0.00414	0.00421
26	0.01420	0.01413	0.07389	0.04318	0.04895	0.01348	0.36580	0.29047	0.04726	0.02162	0.01104	0.01288	0.00810	0.00502	0.00539	0.00160	0.00696	0.00512	0.00347	0.00745
27	0.00986	0.00886	0.01663	0.01384	0.01660	0.00848	0.31567	0.01286	0.01161	0.03645	0.01970	0.06181	0.01991	0.00978	0.00642	0.00202	0.00606	0.41410	0.00380	0.00553
28	0.32729	0.06102	0.10692	0.01424	0.04375	0.03378	0.31351	0.01548	0.01036	0.01799	0.00852	0.01065	0.00653	0.00446	0.00449	0.00156	0.00635	0.00414	0.00266	0.00630
29	0.00717	0.00487	0.00602	0.00648	0.00747	0.00436	0.00457	0.00832	0.01069	0.06564	0.08567	0.49368	0.24909	0.01376	0.00610	0.00186	0.00284	0.01217	0.00479	0.00443
30	0.00811	0.00562	0.00695	0.00656	0.00802	0.00526	0.00493	0.01093	0.06590	0.06731	0.50375	0.10655	0.15989	0.01058	0.00581	0.00163	0.00266	0.00923	0.00529	0.00502
31	0.01091	0.02128	0.01066	0.08462	0.01346	0.00754	0.00680	0.03520	0.05174	0.07047	0.14341	0.01609	0.01482	0.00532	0.00438	0.00110	0.00387	0.00444	0.00369	0.49019
32	0.01134	0.01241	0.10662	0.02062	0.37091	0.01080	0.10757	0.05399	0.06521	0.01786	0.14459	0.01747	0.02658	0.00579	0.00522	0.00155	0.00558	0.00549	0.00329	0.00712
33	0.00622	0.00438	0.00580	0.00692	0.00725	0.00410	0.00466	0.00716	0.00961	0.01296	0.02709	0.77947	0.03223	0.01526	0.00628	0.00200	0.00291	0.03009	0.03151	0.00408
34	0.00830	0.00513	0.00661	0.00645	0.00711	0.00511	0.00449	0.00899	0.07345	0.01262	0.15249	0.02440	0.09972	0.08309	0.01438	0.44036	0.00373	0.00618	0.03392	0.00347
35	0.01189	0.01076	0.01568	0.33407	0.25999	0.06390	0.01258	0.04829	0.01118	0.05444	0.00997	0.01366	0.00805	0.03238	0.04946	0.00204	0.04804	0.00452	0.00269	0.00641
36	0.00629	0.00465	0.00590	0.00668	0.00738	0.00427	0.00472	0.00749	0.01052	0.01382	0.11568	0.53778	0.17470	0.01433	0.00626	0.00193	0.00288	0.06581	0.00472	0.00419
37	0.00680	0.00500	0.00715	0.00747	0.00819	0.00539	0.00553	0.00832	0.00905	0.01269	0.09210	0.26636	0.02214	0.04319	0.46988	0.00551	0.00894	0.00842	0.00354	0.00432
38	0.01253	0.01230	0.10628	0.01063	0.01401	0.05139	0.08184	0.19625	0.12495	0.04725	0.11071	0.04235	0.10529	0.00726	0.00519	0.00157	0.00494	0.00615	0.05243	0.00667
39	0.07355	0.28208	0.11838	0.00970	0.01352	0.08931	0.00914	0.07853	0.08501	0.08035	0.05120	0.05190	0.01129	0.00585	0.00428	0.00139	0.00531	0.00439	0.01817	0.00664
40	0.06791	0.22818	0.06012	0.01709	0.01210	0.01158	0.00761	0.08658	0.07659	0.02604	0.16548	0.05729	0.01689	0.00638	0.00442	0.00133	0.00428	0.00508	0.00368	0.14140

[dist]
# distance from previous block
# <min> <max>
0	7

[block]
# block no. 3 follows, 50 sequences, length 18
# corresponding to MSA columns:
# 274-291
name=unknown_D
#
# <colnr> <probs for GDERKNQSTAVLIFYWHMCP>
#	G	D	E	R	K	N	Q	S	T	A	V	L	I	F	Y	W	H	M	C	P
0	0.01396	0.14122	0.06871	0.03499	0.02975	0.21500	0.08978	0.06910	0.01239	0.05684	0.01130	0.05524	0.01012	0.00642	0.00580	0.00153	0.07556	0.06237	0.00306	0.03687
1	0.16449	0.18999	0.31071	0.02400	0.03292	0.09348	0.01193	0.03761	0.01106	0.05523	0.02167	0.01029	0.00726	0.00485	0.00414	0.00143	0.00614	0.00345	0.00268	0.00667
2	0.00974	0.00543	0.00687	0.00664	0.00783	0.00530	0.00481	0.01107	0.00985	0.14279	0.02092	0.17297	0.07897	0.18014	0.16926	0.00354	0.00548	0.00761	0.14602	0.00477
3	0.01263	0.01012	0.01816	0.15825	0.12715	0.01034	0.23621	0.01542	0.01127	0.16165	0.01354	0.11721	0.01152	0.00654	0.00626	0.00170	0.06586	0.00621	0.00339	0.00657
4	0.01228	0.18529	0.37150	0.01214	0.01732	0.09249	0.04283	0.01716	0.08944	0.05099	0.03698	0.01304	0.00946	0.00532	0.00458	0.00147	0.00643	0.02152	0.00283	0.00693
5	0.01277	0.69315	0.15590	0.00948	0.01427	0.01835	0.01019	0.01507	0.01019	0.01241	0.00727	0.00842	0.00638	0.00434	0.00346	0.00115	0.00567	0.00284	0.00213	0.00656
6	0.01610	0.00804	0.00978	0.00797	0.01101	0.00749	0.00643	0.10315	0.05494	0.40676	0.05974	0.02520	0.20872	0.00795	0.00520	0.00156	0.00377	0.00652	0.04260	0.00705
7	0.23116	0.00836	0.05378	0.00755	0.01031	0.00737	0.00633	0.01489	0.01110	0.26039	0.02249	0.18599	0.14351	0.00871	0.00493	0.00167	0.00376	0.00715	0.00457	0.00600
8	0.00743	0.00652	0.00644	0.00658	0.00790	0.06774	0.00481	0.00919	0.03575	0.01445	0.14302	0.25480	0.35996	0.01220	0.00585	0.00173	0.00319	0.02429	0.02368	0.00449
9	0.01204	0.00668	0.00723	0.00649	0.00844	0.00690	0.00505	0.06001	0.13988	0.11940	0.01711	0.01800	0.01287	0.00602	0.00403	0.00132	0.00302	0.00485	0.55477	0.00590
10	0.00605	0.00441	0.00571	0.00674	0.00718	0.00407	0.00454	0.00696	0.00973	0.01280	0.02988	0.74069	0.11229	0.01530	0.00631	0.00199	0.00285	0.01379	0.00463	0.00407
11	0.01189	0.01629	0.24451	0.01397	0.01818	0.07983	0.19626	0.11604	0.01215	0.01645	0.01034	0.01390	0.00846	0.06615	0.09929	0.00257	0.05972	0.00476	0.00276	0.00646
12	0.00605	0.00444	0.00568	0.00666	0.00716	0.00407	0.00450	0.00697	0.00981	0.01283	0.03086	0.70765	0.14470	0.01518	0.00629	0.00197	0.00284	0.01363	0.00463	0.00407
13	0.00886	0.00554	0.00654	0.00624	0.00799	0.00481	0.00474	0.01035	0.01194	0.14403	0.14067	0.15717	0.42847	0.01171	0.00584	0.00171	0.00290	0.03053	0.00500	0.00497
14	0.01374	0.00681	0.00892	0.00788	0.01005	0.00627	0.00606	0.06489	0.01334	0.33434	0.18520	0.27528	0.02596	0.01000	0.00562	0.00170	0.00350	0.00872	0.00546	0.00628
15	0.01359	0.08472	0.01270	0.01077	0.04622	0.16760	0.00809	0.07842	0.23321	0.07394	0.03304	0.15107	0.01587	0.00788	0.00509	0.00160	0.00511	0.04032	0.00419	0.00657
16	0.07149	0.01244	0.03538	0.04489	0.01395	0.15862	0.03536	0.01411	0.05427	0.01346	0.00929	0.01278	0.00821	0.01322	0.17608	0.00310	0.31086	0.00434	0.00260	0.00554
17	0.01280	0.11749	0.18571	0.01108	0.06626	0.04675	0.00998	0.02881	0.02809	0.15101	0.04061	0.01603	0.05562	0.00781	0.05189	0.00183	0.04329	0.00466	0.09217	0.02811

[dist]
# distance from previous block
# <min> <max>
6	9

[block]
# block no. 4 follows, 50 sequences, length 14
# corresponding to MSA columns:
# 308-321
name=unknown_E
#
# <colnr> <probs for GDERKNQSTAVLIFYWHMCP>
#	G	D	E	R	K	N	Q	S	T	A	V	L	I	F	Y	W	H	M	C	P
0	0.00847	0.00734	0.01133	0.34305	0.08530	0.00830	0.00977	0.01082	0.01032	0.01374	0.05596	0.18150	0.08590	0.00948	0.02287	0.00190	0.03724	0.06161	0.02997	0.00516
1	0.01218	0.03712	0.11390	0.15599	0.03081	0.04636	0.00998	0.06504	0.08607	0.11617	0.03778	0.07757	0.07771	0.00705	0.00570	0.00159	0.05366	0.00570	0.00370	0.05593
2	0.00857	0.00745	0.01157	0.04150	0.01227	0.00807	0.12597	0.01141	0.07774	0.01290	0.01649	0.02297	0.07838	0.19647	0.28852	0.00460	0.06097	0.00621	0.00305	0.00488
3	0.00611	0.00492	0.00544	0.00561	0.00694	0.00425	0.00409	0.00746	0.01143	0.01433	0.16050	0.19771	0.52807	0.01283	0.00598	0.00173	0.00257	0.01100	0.00476	0.00425
4	0.05248	0.00882	0.01010	0.00982	0.06353	0.08033	0.00699	0.03885	0.01253	0.23321	0.17579	0.14904	0.02182	0.05925	0.00704	0.00184	0.03921	0.01870	0.00463	0.00604
5	0.01221	0.08010	0.19487	0.03595	0.07077	0.01188	0.26667	0.03186	0.01130	0.08153	0.01017	0.01234	0.00770	0.00575	0.02986	0.00171	0.04570	0.00455	0.00277	0.08230
6	0.01286	0.01270	0.01296	0.01121	0.01269	0.22344	0.06082	0.01453	0.01084	0.04779	0.04285	0.04560	0.01077	0.00711	0.00863	0.00165	0.28443	0.00482	0.16877	0.00551
7	0.00832	0.00558	0.00694	0.00727	0.00824	0.00547	0.00531	0.01051	0.07417	0.06628	0.04707	0.31246	0.08180	0.18563	0.01026	0.00257	0.00376	0.14935	0.00444	0.00458
8	0.01139	0.01122	0.08782	0.01032	0.01285	0.06303	0.05696	0.06475	0.05734	0.06854	0.12562	0.02225	0.07882	0.05824	0.00834	0.00185	0.14045	0.04257	0.02358	0.05407
9	0.17045	0.07634	0.27621	0.04537	0.15631	0.01247	0.01272	0.10236	0.04975	0.01869	0.00984	0.01203	0.00770	0.00511	0.00446	0.00153	0.00582	0.02293	0.00290	0.00703
10	0.01193	0.01154	0.01847	0.07548	0.64844	0.04167	0.01413	0.01476	0.01145	0.01588	0.03150	0.01537	0.03405	0.00519	0.00503	0.00152	0.00584	0.02770	0.00267	0.00737
11	0.01276	0.01435	0.09223	0.14465	0.05251	0.22048	0.09889	0.02659	0.01197	0.05059	0.04283	0.04541	0.03249	0.00598	0.00518	0.00151	0.02830	0.00498	0.10236	0.00597
12	0.00950	0.00781	0.00994	0.10274	0.01342	0.00680	0.00671	0.01148	0.01012	0.03431	0.01360	0.20851	0.01363	0.00695	0.00489	0.00122	0.02698	0.00595	0.00333	0.50210
13	0.05963	0.02784	0.14837	0.01369	0.04644	0.07110	0.14055	0.05876	0.13848	0.04799	0.01269	0.01524	0.02665	0.00670	0.01908	0.00179	0.12128	0.03376	0.00326	0.00673

[dist]
# distance from previous block
# <min> <max>
0	1

[block]
# block no. 5 follows, 50 sequences, length 18
# corresponding to MSA columns:
# 323-340
name=unknown_F
#
# <colnr> <probs for GDERKNQSTAVLIFYWHMCP>
#	G	D	E	R	K	N	Q	S	T	A	V	L	I	F	Y	W	H	M	C	P
0	0.01020	0.00752	0.00930	0.00779	0.01044	0.00658	0.02097	0.06860	0.02793	0.06959	0.09968	0.23870	0.01976	0.04373	0.00586	0.00151	0.00365	0.00725	0.00410	0.33685
1	0.26249	0.01099	0.01124	0.00903	0.01250	0.06104	0.00739	0.16902	0.01387	0.28804	0.01245	0.01222	0.00863	0.00556	0.00478	0.00149	0.03679	0.00396	0.00444	0.06407
2	0.17361	0.01230	0.01236	0.02472	0.01387	0.07474	0.00818	0.31964	0.09547	0.19632	0.01320	0.01283	0.00926	0.00577	0.00461	0.00152	0.00505	0.00429	0.00467	0.00758
3	0.00880	0.10170	0.36214	0.01079	0.03759	0.00935	0.01141	0.01213	0.01054	0.01453	0.05560	0.21755	0.11084	0.00860	0.00518	0.00164	0.00517	0.00729	0.00321	0.00594
4	0.00869	0.00759	0.01272	0.16107	0.13607	0.00839	0.06945	0.01104	0.00920	0.01283	0.01212	0.03919	0.01105	0.05039	0.42187	0.00506	0.00999	0.00538	0.00261	0.00530
5	0.00755	0.00608	0.00828	0.00823	0.00859	0.00706	0.00608	0.00861	0.00881	0.01239	0.06718	0.33412	0.02217	0.12969	0.16203	0.00355	0.18262	0.00908	0.00356	0.00433
6	0.00676	0.00491	0.00651	0.00746	0.00821	0.00466	0.00567	0.00822	0.01063	0.01397	0.07778	0.45101	0.10146	0.01439	0.00646	0.00205	0.00338	0.25751	0.00467	0.00428
7	0.00840	0.00730	0.01215	0.01139	0.05729	0.00806	0.11873	0.01035	0.00871	0.01239	0.01279	0.04803	0.01224	0.09978	0.47274	0.00569	0.08057	0.00578	0.00270	0.00492
8	0.00784	0.00694	0.00971	0.07524	0.20435	0.00665	0.00752	0.00959	0.01086	0.01387	0.03273	0.13683	0.40794	0.04007	0.00636	0.00179	0.00382	0.00889	0.00384	0.00516
9	0.08570	0.00560	0.00637	0.00614	0.00768	0.00543	0.00469	0.01052	0.01142	0.06657	0.22348	0.09301	0.19783	0.01181	0.06810	0.00207	0.00360	0.02392	0.16126	0.00481
10	0.00746	0.00574	0.00771	0.00766	0.00800	0.00656	0.00550	0.00836	0.00807	0.01129	0.01642	0.20957	0.01820	0.27915	0.25781	0.00477	0.12263	0.00787	0.00317	0.00404
11	0.08927	0.03020	0.01848	0.01411	0.01727	0.06564	0.29617	0.06721	0.11172	0.01733	0.01148	0.04106	0.00938	0.00593	0.00675	0.00167	0.12762	0.00520	0.05714	0.00639
12	0.07526	0.00580	0.00691	0.00720	0.00830	0.00577	0.00516	0.03789	0.05038	0.06050	0.04522	0.48396	0.07716	0.04375	0.00712	0.03580	0.00333	0.03129	0.00450	0.00470
13	0.03383	0.08331	0.21897	0.04352	0.05583	0.03771	0.01063	0.03771	0.13047	0.02729	0.01588	0.11105	0.03054	0.05692	0.00631	0.00186	0.00537	0.08310	0.00343	0.00627
14	0.10357	0.04120	0.00861	0.00720	0.00919	0.08142	0.01633	0.02449	0.03145	0.01466	0.05528	0.05712	0.29784	0.12554	0.00830	0.00200	0.03298	0.00714	0.00374	0.07194
15	0.00966	0.00858	0.03950	0.00772	0.00946	0.06902	0.00595	0.04058	0.11372	0.03255	0.31442	0.02786	0.03739	0.19946	0.03143	0.00247	0.00435	0.00696	0.00432	0.03459
16	0.10226	0.10747	0.19085	0.01251	0.04078	0.17666	0.09269	0.04646	0.02136	0.01616	0.03040	0.01249	0.00868	0.00533	0.00492	0.00147	0.03769	0.01988	0.06562	0.00632
17	0.01036	0.04424	0.07570	0.04026	0.05523	0.00955	0.13087	0.04077	0.13059	0.01628	0.01537	0.19255	0.01465	0.00737	0.00513	0.00153	0.00496	0.02273	0.00354	0.17834

[dist]
# distance from previous block
# <min> <max>
2	8

[block]
# block no. 6 follows, 50 sequences, length 15
# corresponding to MSA columns:
# 349-363
name=unknown_G
#
# <colnr> <probs for GDERKNQSTAVLIFYWHMCP>
#	G	D	E	R	K	N	Q	S	T	A	V	L	I	F	Y	W	H	M	C	P
0	0.11393	0.03627	0.24143	0.01355	0.04994	0.07416	0.14202	0.07419	0.07751	0.04573	0.03625	0.01252	0.00903	0.00509	0.00473	0.00151	0.00625	0.00432	0.00311	0.04844
1	0.01246	0.05506	0.01820	0.01340	0.01657	0.01173	0.26869	0.12290	0.05956	0.06457	0.03621	0.07914	0.04606	0.00683	0.00681	0.00167	0.11427	0.00608	0.03729	0.02251
