[name]
unknown

[dist]
# distance from previous block
# <min> <max>
0	375

[block]
# block no. 0 follows, 49 sequences, length 15
# corresponding to MSA columns:
# 376-390
name=unknown_A
#
# <colnr> <probs for GDERKNQSTAVLIFYWHMCP>
#	G	D	E	R	K	N	Q	S	T	A	V	L	I	F	Y	W	H	M	C	P
0	0.01259	0.00720	0.00894	0.00828	0.01021	0.00702	0.00635	0.14010	0.01340	0.20300	0.02344	0.35980	0.04942	0.02744	0.00620	0.00188	0.00385	0.07022	0.03468	0.00598
1	0.01243	0.09594	0.45346	0.01667	0.16949	0.06158	0.01567	0.05760	0.01188	0.04586	0.00947	0.01103	0.00708	0.00485	0.00471	0.00151	0.00688	0.00386	0.00255	0.00749
2	0.01208	0.01042	0.01362	0.27080	0.09222	0.01207	0.01069	0.04717	0.41517	0.03803	0.01550	0.01626	0.01163	0.00602	0.00510	0.00168	0.00513	0.00515	0.00399	0.00727
3	0.01177	0.01165	0.01579	0.19995	0.09053	0.06292	0.01201	0.05454	0.00992	0.01383	0.00782	0.01170	0.00689	0.00719	0.01147	0.00193	0.45731	0.00438	0.00243	0.00597
4	0.01111	0.00970	0.01175	0.00888	0.01246	0.00899	0.00721	0.05735	0.01073	0.01653	0.00871	0.01070	0.00739	0.00489	0.00636	0.00108	0.16356	0.00337	0.00296	0.63628
5	0.01229	0.25107	0.20446	0.01055	0.01443	0.13164	0.02444	0.01484	0.01128	0.05953	0.04014	0.17697	0.01383	0.00726	0.00473	0.00150	0.00585	0.00586	0.00311	0.00621
6	0.00999	0.01672	0.35974	0.36896	0.02696	0.01143	0.03948	0.01508	0.05575	0.01487	0.01017	0.03080	0.00774	0.00527	0.00501	0.00166	0.00687	0.00450	0.00243	0.00658
7	0.01536	0.00735	0.00921	0.00765	0.01054	0.00655	0.00612	0.01799	0.06466	0.42644	0.11604	0.02887	0.24420	0.00868	0.00545	0.00162	0.00356	0.00722	0.00565	0.00686
8	0.01102	0.00749	0.00854	0.00761	0.00991	0.00746	0.00592	0.04017	0.21838	0.13792	0.21756	0.03205	0.25668	0.00939	0.00559	0.00165	0.00327	0.00792	0.00528	0.00619
9	0.06108	0.18495	0.33039	0.01119	0.01571	0.10818	0.01200	0.01465	0.01087	0.01475	0.04291	0.10812	0.02607	0.00657	0.00500	0.00153	0.03189	0.00505	0.00275	0.00632
10	0.00685	0.00536	0.00585	0.00572	0.00698	0.00491	0.00406	0.00869	0.04789	0.01451	0.19478	0.04144	0.42261	0.19622	0.01043	0.00241	0.00313	0.00936	0.00453	0.00428
11	0.00645	0.00472	0.00573	0.00629	0.00689	0.00436	0.00421	0.00738	0.01003	0.01313	0.10065	0.43429	0.18600	0.17386	0.01012	0.00250	0.00320	0.01175	0.00445	0.00400
12	0.02436	0.00836	0.00838	0.00761	0.00960	0.05437	0.00594	0.15381	0.08029	0.02025	0.11868	0.06333	0.10646	0.00821	0.00492	0.00152	0.00369	0.04614	0.26836	0.00572
13	0.01275	0.21810	0.41255	0.01459	0.12145	0.01330	0.01449	0.01674	0.01113	0.10558	0.00990	0.01105	0.00735	0.00482	0.00448	0.00146	0.00640	0.00374	0.00267	0.00744
14	0.00792	0.00630	0.00928	0.00891	0.00963	0.00775	0.00702	0.00945	0.00800	0.01169	0.01222	0.01824	0.01150	0.03232	0.64133	0.04138	0.14466	0.00521	0.00261	0.00459

[dist]
# distance from previous block
# <min> <max>
0	10

[block]
# block no. 1 follows, 49 sequences, length 27
# corresponding to MSA columns:
# 401-427
name=unknown_B
#
# <colnr> <probs for GDERKNQSTAVLIFYWHMCP>
#	G	D	E	R	K	N	Q	S	T	A	V	L	I	F	Y	W	H	M	C	P
0	0.01036	0.00981	0.01663	0.59770	0.24095	0.01145	0.01445	0.01363	0.01049	0.01390	0.00913	0.01322	0.00709	0.00491	0.00504	0.00164	0.00654	0.00450	0.00232	0.00627
1	0.01382	0.01389	0.16804	0.04011	0.31813	0.01121	0.01304	0.12771	0.02777	0.12327	0.06113	0.03581	0.01168	0.00576	0.00509	0.00156	0.00567	0.00502	0.00360	0.00770
2	0.01222	0.04246	0.09705	0.02688	0.55081	0.01241	0.15265	0.01568	0.01147	0.01625	0.00951	0.01239	0.00774	0.00448	0.00510	0.00153	0.00658	0.00463	0.00247	0.00769
3	0.01399	0.01537	0.01759	0.01444	0.01647	0.23542	0.14837	0.06390	0.04131	0.01455	0.00851	0.01135	0.00725	0.00675	0.01012	0.00180	0.35955	0.00444	0.00268	0.00615
4	0.01166	0.00901	0.01058	0.00782	0.01198	0.00727	0.00626	0.04685	0.04023	0.07694	0.05967	0.01311	0.01076	0.00457	0.00410	0.00093	0.00379	0.00371	0.00358	0.66719
5	0.01252	0.01201	0.02053	0.03104	0.79074	0.01201	0.01552	0.01552	0.01151	0.01652	0.00951	0.01252	0.00801	0.00451	0.00501	0.00150	0.00601	0.00451	0.00250	0.00801
6	0.00693	0.00518	0.00752	0.00826	0.00899	0.00493	0.03986	0.00833	0.01028	0.01362	0.02680	0.58857	0.03119	0.01485	0.00657	0.00211	0.00362	0.20345	0.00459	0.00437
7	0.13450	0.01317	0.01240	0.00994	0.01364	0.11981	0.00798	0.28715	0.09038	0.05559	0.01126	0.01167	0.00845	0.00532	0.00443	0.00134	0.00520	0.00390	0.00404	0.19983
8	0.01182	0.42391	0.41306	0.01155	0.01745	0.01586	0.01369	0.01558	0.01048	0.01397	0.00806	0.00940	0.00645	0.00457	0.00403	0.00134	0.00645	0.00322	0.00215	0.00698
9	0.01439	0.01232	0.02099	0.01564	0.01973	0.01247	0.36904	0.13196	0.11702	0.11971	0.01285	0.01426	0.00940	0.00547	0.00632	0.00166	0.06735	0.00538	0.00375	0.04031
10	0.01202	0.01059	0.01419	0.01183	0.01452	0.01192	0.12352	0.02119	0.44683	0.04876	0.07323	0.01948	0.04536	0.00719	0.00690	0.00177	0.11316	0.00600	0.00442	0.00714
11	0.00891	0.00715	0.00781	0.00724	0.00901	0.03704	0.00553	0.02985	0.14524	0.03612	0.41436	0.03516	0.20476	0.00997	0.00575	0.00164	0.00311	0.02077	0.00517	0.00542
12	0.05377	0.00894	0.01088	0.00892	0.01196	0.02248	0.03623	0.13742	0.04406	0.32081	0.05120	0.09898	0.15567	0.00834	0.00534	0.00164	0.00421	0.00697	0.00522	0.00697
13	0.00759	0.00546	0.00664	0.00686	0.00834	0.00495	0.00549	0.00937	0.01206	0.05036	0.16314	0.08880	0.36360	0.01261	0.00626	0.00189	0.00326	0.23378	0.00490	0.00465
14	0.00627	0.00485	0.00573	0.00623	0.00727	0.00432	0.00447	0.00755	0.01107	0.01413	0.12117	0.36913	0.36221	0.01385	0.00621	0.00186	0.00278	0.04185	0.00479	0.00427
15	0.00616	0.00440	0.00587	0.00704	0.00733	0.00411	0.00469	0.00704	0.00968	0.01291	0.02787	0.81899	0.03344	0.01584	0.00645	0.00205	0.00293	0.01438	0.00469	0.00411
16	0.01128	0.29709	0.01977	0.43932	0.11280	0.01442	0.01231	0.01400	0.01033	0.01297	0.00836	0.01148	0.00680	0.00474	0.00441	0.00145	0.00619	0.00386	0.00225	0.00620
17	0.01088	0.00567	0.00686	0.00618	0.00795	0.00522	0.00477	0.01307	0.01279	0.16992	0.30037	0.02808	0.09511	0.00820	0.00494	0.00145	0.00276	0.00693	0.30341	0.00545
18	0.00610	0.00510	0.00531	0.00532	0.00692	0.00431	0.00397	0.00746	0.01171	0.01425	0.11980	0.08089	0.68612	0.01270	0.00600	0.00171	0.00256	0.01069	0.00478	0.00431
19	0.01171	0.01824	0.38266	0.21913	0.02365	0.01259	0.03538	0.14944	0.01269	0.01777	0.00946	0.01176	0.00693	0.00536	0.00575	0.00165	0.06188	0.00418	0.00270	0.00705
20	0.01089	0.00986	0.01487	0.29154	0.10328	0.01208	0.02483	0.08745	0.01067	0.01480	0.00955	0.01394	0.00814	0.02843	0.12190	0.00277	0.22171	0.00470	0.00263	0.00595
21	0.00682	0.00514	0.00619	0.00594	0.00721	0.00463	0.00438	0.00872	0.01304	0.01763	0.51841	0.04074	0.26793	0.06243	0.00722	0.00184	0.00260	0.00949	0.00515	0.00451
22	0.01021	0.00620	0.00784	0.00704	0.00887	0.00579	0.00541	0.01331	0.07354	0.15695	0.51130	0.04883	0.10519	0.00967	0.00576	0.00162	0.00288	0.00840	0.00556	0.00564
23	0.27608	0.01154	0.02974	0.01048	0.06147	0.05664	0.00793	0.12482	0.21342	0.06863	0.01511	0.04582	0.04529	0.00636	0.00454	0.00160	0.00461	0.00489	0.00415	0.00689
24	0.01833	0.01490	0.06374	0.01224	0.04275	0.18685	0.04394	0.22943	0.02968	0.24896	0.01396	0.04910	0.01032	0.00617	0.00504	0.00152	0.00611	0.00489	0.00446	0.00761
25	0.01135	0.25695	0.21112	0.01137	0.04450	0.04369	0.01086	0.06149	0.01107	0.01463	0.01258	0.18962	0.01266	0.00756	0.00578	0.00158	0.07803	0.00592	0.00294	0.00629
26	0.06449	0.00829	0.00933	0.00828	0.01081	0.02082	0.03667	0.01666	0.25029	0.11043	0.05127	0.03117	0.30945	0.00919	0.00545	0.00170	0.00373	0.04098	0.00483	0.00618

[dist]
# distance from previous block
# <min> <max>
0	2

[block]
# block no. 2 follows, 49 sequences, length 22
# corresponding to MSA columns:
# 431-452
name=unknown_C
#
# <colnr> <probs for GDERKNQSTAVLIFYWHMCP>
#	G	D	E	R	K	N	Q	S	T	A	V	L	I	F	Y	W	H	M	C	P
0	0.01159	0.01089	0.09264	0.01040	0.01409	0.00892	0.10734	0.08502	0.09050	0.06528	0.10124	0.08263	0.01566	0.00649	0.00495	0.00141	0.00466	0.00575	0.06152	0.21903
1	0.00608	0.00472	0.00554	0.00619	0.00711	0.00418	0.00432	0.00714	0.01050	0.01324	0.03825	0.47660	0.36913	0.01449	0.00624	0.00190	0.00277	0.01273	0.00469	0.00418
2	0.01190	0.16611	0.14942	0.00953	0.01421	0.01137	0.00920	0.09489	0.05691	0.01723	0.00984	0.01114	0.00792	0.00593	0.03827	0.00141	0.00533	0.00350	0.00302	0.37287
3	0.01473	0.06819	0.01437	0.03861	0.03883	0.14763	0.02861	0.09149	0.09704	0.10562	0.01132	0.01223	0.00872	0.00543	0.00558	0.00135	0.07771	0.00401	0.00356	0.22498
4	0.01517	0.04820	0.33445	0.01296	0.01807	0.18915	0.05631	0.04479	0.05022	0.16550	0.01154	0.01211	0.00819	0.00527	0.00484	0.00152	0.00699	0.00410	0.00330	0.00732
5	0.01588	0.00884	0.01055	0.00888	0.01185	0.00898	0.00706	0.04582	0.29058	0.33126	0.12422	0.02056	0.01827	0.00700	0.00511	0.00159	0.00383	0.00582	0.06629	0.00759
6	0.01531	0.01205	0.01132	0.00987	0.01213	0.20944	0.00773	0.04263	0.01277	0.23972	0.02086	0.10203	0.14600	0.00848	0.00694	0.00167	0.12413	0.00643	0.00427	0.00625
7	0.01261	0.07182	0.13166	0.01534	0.15433	0.01205	0.11826	0.21019	0.01441	0.01934	0.01744	0.01886	0.14271	0.03159	0.00581	0.00166	0.00579	0.00563	0.00349	0.00701
8	0.01322	0.01301	0.01796	0.04253	0.56963	0.11955	0.01343	0.04268	0.01221	0.01652	0.01021	0.02761	0.00863	0.00498	0.00487	0.00147	0.00611	0.00454	0.06348	0.00738
9	0.00751	0.00465	0.00561	0.00609	0.00685	0.00444	0.00429	0.00918	0.01082	0.01633	0.15595	0.39517	0.02855	0.01130	0.00532	0.00166	0.00263	0.00999	0.30923	0.00444
10	0.00661	0.00522	0.00556	0.00542	0.00711	0.00443	0.00409	0.00808	0.01205	0.03540	0.16877	0.04608	0.64910	0.01224	0.00595	0.00168	0.00258	0.01028	0.00488	0.00446
11	0.01460	0.08137	0.06464	0.01624	0.15075	0.02513	0.18650	0.08698	0.10315	0.15827	0.03991	0.01520	0.02265	0.00552	0.00514	0.00156	0.00592	0.00513	0.00382	0.00753
12	0.00673	0.00487	0.00672	0.00735	0.00787	0.00504	0.00523	0.00791	0.00895	0.01225	0.02146	0.42522	0.02427	0.10608	0.29487	0.00454	0.00701	0.03565	0.00381	0.00417
13	0.01844	0.00974	0.01170	0.00928	0.01268	0.00972	0.00755	0.23932	0.07083	0.38442	0.09592	0.01808	0.01521	0.00664	0.00506	0.00154	0.00431	0.00536	0.06633	0.00789
14	0.00712	0.00562	0.00655	0.00693	0.00822	0.00537	0.00521	0.00990	0.09515	0.01483	0.08033	0.28778	0.31999	0.01313	0.00617	0.00190	0.00311	0.11320	0.00479	0.00471
15	0.06039	0.01586	0.17941	0.01309	0.01770	0.08497	0.14060	0.15626	0.09334	0.16865	0.01287	0.01326	0.00908	0.00546	0.00503	0.00158	0.00631	0.00463	0.00393	0.00758
16	0.01014	0.02616	0.79609	0.01441	0.02189	0.01174	0.01868	0.01601	0.01068	0.01601	0.00907	0.01068	0.00641	0.00480	0.00480	0.00160	0.00747	0.00374	0.00214	0.00747
17	0.00654	0.00492	0.00615	0.00698	0.00787	0.00453	0.00520	0.00785	0.01064	0.01361	0.03440	0.43089	0.25122	0.01456	0.00643	0.00201	0.00320	0.17407	0.00469	0.00427
18	0.01132	0.00947	0.01022	0.00944	0.01195	0.01055	0.00747	0.06270	0.51639	0.01977	0.02567	0.02829	0.13569	0.00870	0.00552	0.00179	0.00396	0.10908	0.00500	0.00701
19	0.01049	0.00994	0.01686	0.56416	0.27348	0.01148	0.01451	0.01374	0.01055	0.01406	0.00915	0.01318	0.00714	0.00488	0.00504	0.00163	0.00651	0.00450	0.00233	0.00637
20	0.07538	0.01222	0.01193	0.01004	0.01272	0.10552	0.00801	0.36354	0.01665	0.02258	0.01579	0.09114	0.07303	0.00901	0.04335	0.00190	0.06236	0.00572	0.05244	0.00665
21	0.01415	0.01229	0.01162	0.00978	0.01297	0.14478	0.00766	0.10091	0.27010	0.08234	0.08209	0.01695	0.03090	0.00625	0.00484	0.00141	0.00484	0.00498	0.00439	0.17674

[dist]
# distance from previous block
# <min> <max>
2	4

[block]
# block no. 3 follows, 49 sequences, length 17
# corresponding to MSA columns:
# 457-473
name=unknown_D
#
# <colnr> <probs for GDERKNQSTAVLIFYWHMCP>
#	G	D	E	R	K	N	Q	S	T	A	V	L	I	F	Y	W	H	M	C	P
0	0.01295	0.00956	0.01100	0.00828	0.01235	0.00833	0.00666	0.12462	0.06425	0.10592	0.01430	0.01462	0.06164	0.00518	0.00433	0.00108	0.00401	0.00416	0.00392	0.52283
1	0.01293	0.04448	0.01075	0.00920	0.01122	0.09197	0.00706	0.10635	0.09209	0.13992	0.04908	0.32497	0.02059	0.01008	0.00605	0.00175	0.04225	0.00850	0.00462	0.00614
2	0.00647	0.00529	0.00573	0.00564	0.00722	0.00465	0.00422	0.00841	0.03699	0.01541	0.22052	0.07131	0.56605	0.01214	0.00596	0.00169	0.00258	0.01028	0.00491	0.00450
3	0.01175	0.01308	0.02711	0.01961	0.02411	0.01275	0.64228	0.01554	0.01138	0.01576	0.00975	0.01317	0.00754	0.00476	0.00705	0.00171	0.09979	0.00562	0.00254	0.05469
4	0.01652	0.02108	0.08015	0.01684	0.18079	0.53180	0.01165	0.01917	0.04932	0.01397	0.00888	0.01043	0.00724	0.00510	0.00470	0.00139	0.00808	0.00368	0.00266	0.00655
5	0.01108	0.01027	0.01172	0.00898	0.01245	0.05364	0.00724	0.01304	0.01015	0.01537	0.00844	0.01053	0.00726	0.00487	0.00640	0.00108	0.16853	0.00330	0.00281	0.63285
6	0.01582	0.00701	0.00851	0.00707	0.00963	0.00656	0.00566	0.06173	0.01321	0.36464	0.04202	0.01833	0.01360	0.00620	0.00439	0.00138	0.00341	0.00501	0.39913	0.00667
7	0.00939	0.00866	0.01513	0.18770	0.18322	0.00892	0.13416	0.01197	0.01074	0.01445	0.01692	0.26114	0.01763	0.00903	0.00582	0.00183	0.00550	0.08868	0.00335	0.00576
8	0.01125	0.10595	0.37944	0.15042	0.02099	0.05172	0.01438	0.03156	0.07442	0.01517	0.00971	0.01195	0.00750	0.01994	0.00607	0.00166	0.07453	0.00404	0.00251	0.00679
9	0.00598	0.00512	0.00512	0.00512	0.00683	0.00427	0.00384	0.00726	0.01153	0.01366	0.05123	0.04866	0.78869	0.01281	0.00598	0.00171	0.00256	0.01067	0.00470	0.00427
10	0.00616	0.00440	0.00587	0.00704	0.00733	0.00411	0.00469	0.00704	0.00968	0.01291	0.02787	0.81899	0.03344	0.01584	0.00645	0.00205	0.00293	0.01438	0.00469	0.00411
11	0.00774	0.00546	0.00681	0.00641	0.00770	0.00524	0.00483	0.01085	0.06032	0.02017	0.65385	0.03448	0.04181	0.00962	0.00564	0.00155	0.00248	0.00843	0.10166	0.00496
12	0.11533	0.00927	0.01111	0.00884	0.01231	0.00901	0.00721	0.15767	0.01498	0.47578	0.01734	0.06388	0.01230	0.00661	0.00485	0.00156	0.00429	0.00526	0.05465	0.00775
13	0.00686	0.00526	0.00572	0.00554	0.00721	0.00450	0.00418	0.00840	0.01224	0.04441	0.20878	0.04514	0.59992	0.01203	0.00594	0.00168	0.00259	0.01013	0.00494	0.00454
14	0.85801	0.00978	0.00743	0.00665	0.00978	0.01134	0.00548	0.01486	0.00861	0.02269	0.00704	0.00821	0.00548	0.00469	0.00313	0.00156	0.00391	0.00274	0.00313	0.00548
15	0.01031	0.00882	0.01435	0.65608	0.03024	0.01085	0.01281	0.01332	0.01021	0.06030	0.01041	0.04452	0.00827	0.00582	0.00585	0.00171	0.06094	0.00491	0.02456	0.00571
16	0.24058	0.01273	0.10094	0.15289	0.01727	0.07472	0.03764	0.11688	0.04993	0.01883	0.01155	0.09179	0.01013	0.03690	0.00542	0.00175	0.00558	0.00504	0.00331	0.00613

[dist]
# distance from previous block
# <min> <max>
0	3

[block]
# block no. 4 follows, 49 sequences, length 14
# corresponding to MSA columns:
# 477-490
name=unknown_E
#
# <colnr> <probs for GDERKNQSTAVLIFYWHMCP>
#	G	D	E	R	K	N	Q	S	T	A	V	L	I	F	Y	W	H	M	C	P
0	0.09691	0.13113	0.07848	0.01036	0.01298	0.05259	0.00920	0.14170	0.01159	0.01673	0.00978	0.01276	0.00842	0.01458	0.22035	0.00335	0.15593	0.00418	0.00293	0.00609
1	0.01014	0.00540	0.00548	0.00522	0.00661	0.00552	0.00398	0.06756	0.01157	0.01981	0.01618	0.01836	0.01264	0.00590	0.00365	0.00120	0.00259	0.00470	0.78849	0.00500
2	0.03059	0.01362	0.09649	0.02164	0.42462	0.05893	0.01309	0.03767	0.12674	0.10822	0.01225	0.01352	0.00935	0.00518	0.00495	0.00154	0.00579	0.00457	0.00338	0.00786
3	0.00992	0.01249	0.22284	0.01266	0.04818	0.00828	0.13488	0.01295	0.01090	0.07889	0.01845	0.32605	0.01893	0.00961	0.00579	0.00183	0.00541	0.05222	0.00369	0.00602
4	0.00744	0.00531	0.00665	0.00637	0.00776	0.00481	0.00488	0.00957	0.01354	0.04211	0.55515	0.04078	0.20515	0.01099	0.00601	0.00166	0.00263	0.05908	0.00534	0.00477
5	0.00794	0.00571	0.00786	0.00878	0.00997	0.00563	0.00756	0.01024	0.01198	0.01574	0.12535	0.05427	0.05852	0.01346	0.00682	0.00221	0.00429	0.63421	0.00477	0.00466
6	0.01135	0.17396	0.60162	0.01325	0.01982	0.06584	0.01623	0.01613	0.01084	0.01501	0.00861	0.01010	0.00643	0.00474	0.00450	0.00149	0.00720	0.00351	0.00217	0.00718
7	0.05230	0.01049	0.12086	0.00900	0.01276	0.00784	0.00823	0.01955	0.05242	0.44429	0.07746	0.02149	0.10027	0.03283	0.00578	0.00170	0.00440	0.00582	0.00516	0.00735
8	0.00642	0.00451	0.00579	0.00671	0.00694	0.00428	0.00434	0.00711	0.00918	0.01224	0.02530	0.64955	0.03020	0.18971	0.01061	0.00267	0.00336	0.01286	0.00434	0.00388
9	0.01010	0.00892	0.01527	0.01255	0.01521	0.00875	0.25425	0.03582	0.10105	0.03571	0.14834	0.14147	0.02336	0.00926	0.00610	0.00185	0.00522	0.15665	0.00424	0.00589
10	0.01729	0.01304	0.12328	0.04118	0.21831	0.04985	0.01155	0.05653	0.03038	0.36535	0.01440	0.01435	0.00988	0.00551	0.00500	0.00155	0.00556	0.00462	0.00431	0.00805
11	0.01111	0.01040	0.01601	0.01583	0.14079	0.01273	0.07538	0.01291	0.00940	0.03929	0.01155	0.05470	0.03085	0.00910	0.02970	0.00215	0.45405	0.05530	0.00278	0.00596
12	0.09297	0.00867	0.02177	0.00887	0.02380	0.03466	0.00666	0.08855	0.19748	0.01840	0.06144	0.31775	0.04182	0.01026	0.00546	0.00178	0.00386	0.02458	0.02536	0.00586
13	0.09751	0.03701	0.14623	0.03278	0.17070	0.01174	0.11874	0.09076	0.08971	0.04450	0.02816	0.01402	0.02712	0.00531	0.00484	0.00154	0.00575	0.00468	0.02586	0.04303

[dist]
# distance from previous block
# <min> <max>
1	10

[block]
# block no. 5 follows, 49 sequences, length 19
# corresponding to MSA columns:
# 501-519
name=unknown_F
#
# <colnr> <probs for GDERKNQSTAVLIFYWHMCP>
#	G	D	E	R	K	N	Q	S	T	A	V	L	I	F	Y	W	H	M	C	P
0	0.25910	0.04609	0.15999	0.01136	0.01474	0.12650	0.03156	0.07362	0.01107	0.03366	0.00819	0.01005	0.00653	0.00580	0.00683	0.00166	0.18048	0.00364	0.00283	0.00630
1	0.17886	0.01356	0.07327	0.01480	0.01914	0.05307	0.34465	0.04691	0.10669	0.08260	0.01155	0.01302	0.00849	0.00499	0.00505	0.00163	0.00656	0.00488	0.00336	0.00691
2	0.00682	0.00502	0.00639	0.00633	0.00742	0.00459	0.00464	0.00879	0.01311	0.01808	0.55433	0.18269	0.13970	0.01166	0.00606	0.00169	0.00251	0.01030	0.00530	0.00459
3	0.29115	0.00927	0.01025	0.00806	0.01183	0.00889	0.00662	0.04777	0.01220	0.37467	0.01349	0.01289	0.00918	0.00529	0.00421	0.00142	0.00412	0.00393	0.00461	0.16016
4	0.01296	0.01422	0.01521	0.01322	0.01385	0.20567	0.01075	0.01411	0.00934	0.01222	0.00692	0.01059	0.00661	0.00797	0.01368	0.00199	0.61864	0.00414	0.00231	0.00561
5	0.00743	0.00493	0.00567	0.00567	0.00578	0.00500	0.00332	0.00767	0.00755	0.01034	0.01579	0.03152	0.01774	0.73038	0.08044	0.00497	0.00541	0.00710	0.04007	0.00324
6	0.00815	0.00582	0.00815	0.00931	0.01048	0.00582	0.00815	0.01048	0.01164	0.01513	0.02677	0.05704	0.02910	0.01397	0.00698	0.00233	0.00466	0.75671	0.00466	0.00466
7	0.00632	0.00486	0.00578	0.00614	0.00719	0.00432	0.00438	0.00769	0.01145	0.01487	0.20945	0.34292	0.32962	0.01342	0.00616	0.00181	0.00266	0.01175	0.00489	0.00432
8	0.00762	0.00545	0.00752	0.00855	0.00952	0.00535	0.00709	0.00963	0.01143	0.01508	0.09262	0.22556	0.03168	0.01407	0.00678	0.00220	0.00408	0.52648	0.00474	0.00454
9	0.01155	0.07887	0.14250	0.01845	0.02352	0.01297	0.54320	0.01564	0.01132	0.01551	0.00987	0.01299	0.00760	0.00606	0.04355	0.00196	0.02993	0.00531	0.00246	0.00675
10	0.01321	0.00813	0.00870	0.00749	0.00980	0.00865	0.00592	0.19192	0.12901	0.08318	0.01637	0.01717	0.01228	0.00611	0.00425	0.00137	0.00350	0.00485	0.46169	0.00641
11	0.00656	0.00479	0.00621	0.00683	0.00749	0.00455	0.00482	0.00782	0.01045	0.01400	0.15239	0.45851	0.11252	0.06649	0.07416	0.00264	0.00390	0.04708	0.00457	0.00423
12	0.85801	0.00978	0.00743	0.00665	0.00978	0.01134	0.00548	0.01486	0.00861	0.02269	0.00704	0.00821	0.00548	0.00469	0.00313	0.00156	0.00391	0.00274	0.00313	0.00548
13	0.01614	0.01085	0.01433	0.01153	0.01478	0.07569	0.13523	0.13169	0.05161	0.28085	0.01781	0.15127	0.01502	0.00780	0.00550	0.00168	0.00537	0.04097	0.00477	0.00711
14	0.00633	0.00459	0.00602	0.00709	0.00759	0.00428	0.00495	0.00738	0.01002	0.01318	0.02972	0.68310	0.09625	0.01541	0.00646	0.00205	0.00306	0.08364	0.00469	0.00417
15	0.02183	0.00880	0.01171	0.00911	0.01293	0.00787	0.00748	0.02483	0.07949	0.72873	0.02000	0.01735	0.01276	0.00631	0.00509	0.00158	0.00428	0.00514	0.00616	0.00855
16	0.01249	0.01044	0.01211	0.12970	0.01641	0.01201	0.00913	0.12156	0.47749	0.02064	0.01845	0.02158	0.01481	0.00731	0.00533	0.00176	0.00469	0.09210	0.00464	0.00734
17	0.04141	0.01335	0.16212	0.01060	0.01504	0.01061	0.01000	0.19242	0.08193	0.36292	0.03715	0.01528	0.01150	0.00606	0.00500	0.00157	0.00510	0.00481	0.00500	0.00814
18	0.01838	0.02326	0.01440	0.01304	0.01548	0.75105	0.00985	0.01967	0.01390	0.01236	0.00774	0.00924	0.00652	0.00545	0.00534	0.00136	0.06119	0.00333	0.00258	0.00584

[dist]
# distance from previous block
# <min> <max>
0	1

[block]
# block no. 6 follows, 49 sequences, length 32
# corresponding to MSA columns:
# 521-552
name=unknown_G
#
# <colnr> <probs for GDERKNQSTAVLIFYWHMCP>
#	G	D	E	R	K	N	Q	S	T	A	V	L	I	F	Y	W	H	M	C	P
0	0.02418	0.01082	0.13881	0.00994	0.01332	0.00819	0.02698	0.03468	0.09109	0.20500	0.07874	0.08866	0.01902	0.00852	0.00552	0.00173	0.00469	0.16220	0.00458	0.06332
1	0.39026	0.24130	0.15210	0.00910	0.01331	0.07155	0.00905	0.01579	0.01001	0.03764	0.00779	0.00892	0.00618	0.00469	0.00361	0.00142	0.00535	0.00300	0.00273	0.00622
2	0.01084	0.00757	0.00898	0.00811	0.01015	0.00772	0.00635	0.11593	0.13910	0.08348	0.33195	0.08566	0.08613	0.00971	0.00575	0.00170	0.00346	0.06611	0.00529	0.00603
3	0.00735	0.00523	0.00665	0.00628	0.00758	0.00476	0.00471	0.00956	0.01387	0.03773	0.65942	0.05404	0.14254	0.01067	0.00595	0.00161	0.00246	0.00935	0.00545	0.00478
4	0.01077	0.00878	0.01033	0.00770	0.01183	0.00693	0.00617	0.01360	0.04844	0.04293	0.04307	0.01410	0.01058	0.00466	0.00408	0.00092	0.00376	0.03332	0.00338	0.71466
5	0.00825	0.00676	0.00929	0.00875	0.00912	0.00831	0.00662	0.00932	0.00789	0.01138	0.01307	0.06262	0.01368	0.24648	0.33181	0.00531	0.22807	0.00615	0.00278	0.00437
6	0.00607	0.00511	0.00527	0.00527	0.00690	0.00430	0.00393	0.00743	0.01170	0.01416	0.10782	0.06659	0.71281	0.01269	0.00599	0.00171	0.00256	0.01064	0.00476	0.00430
7	0.01252	0.01201	0.02053	0.03104	0.79074	0.01201	0.01552	0.01552	0.01151	0.01652	0.00951	0.01252	0.00801	0.00451	0.00501	0.00150	0.00601	0.00451	0.00250	0.00801
8	0.05503	0.01093	0.01367	0.01045	0.01449	0.04109	0.10420	0.08224	0.14487	0.11978	0.01269	0.01318	0.00949	0.00497	0.00456	0.00127	0.00484	0.00424	0.00390	0.34411
9	0.00654	0.00557	0.00569	0.00558	0.00735	0.00494	0.00421	0.00889	0.07140	0.01455	0.08333	0.04584	0.69403	0.01223	0.00591	0.00170	0.00266	0.01022	0.00477	0.00458
10	0.00632	0.00451	0.00601	0.00715	0.00749	0.00424	0.00487	0.00727	0.00974	0.01297	0.02746	0.74697	0.03274	0.03852	0.00703	0.00215	0.00310	0.06270	0.00465	0.00411
11	0.39865	0.07359	0.01161	0.00843	0.01205	0.01180	0.00707	0.16695	0.01333	0.23495	0.01158	0.01144	0.00810	0.00536	0.00405	0.00152	0.00446	0.00374	0.00429	0.00703
12	0.03641	0.00867	0.01098	0.17187	0.01573	0.01007	0.01838	0.03764	0.27785	0.01621	0.01693	0.14792	0.01566	0.10459	0.03449	0.00237	0.05755	0.00685	0.00387	0.00596
13	0.00951	0.00690	0.00740	0.00682	0.00888	0.00678	0.00536	0.10713	0.08528	0.04394	0.05930	0.03609	0.40289	0.01017	0.00546	0.00164	0.00324	0.05934	0.12845	0.00542
14	0.00712	0.00602	0.00947	0.00890	0.01026	0.00554	0.12050	0.00871	0.01064	0.01394	0.06120	0.48982	0.17146	0.01322	0.00629	0.00193	0.00375	0.04222	0.00441	0.00460
15	0.01162	0.00969	0.01109	0.00812	0.01248	0.00808	0.00652	0.10327	0.05008	0.01852	0.00993	0.01109	0.00801	0.00417	0.00397	0.00089	0.00397	0.00331	0.00335	0.71183
16	0.01335	0.01251	0.01295	0.01156	0.01352	0.14761	0.02070	0.06458	0.23632	0.04821	0.01513	0.02088	0.01323	0.00814	0.00829	0.00185	0.21305	0.12775	0.00388	0.00650
17	0.00631	0.00451	0.00604	0.00722	0.00758	0.00424	0.00496	0.00731	0.00983	0.01308	0.02779	0.76024	0.03311	0.01570	0.00650	0.00207	0.00307	0.07161	0.00469	0.00415
18	0.23427	0.01211	0.01150	0.00947	0.01284	0.07341	0.00763	0.27492	0.12271	0.04933	0.06569	0.01364	0.01134	0.00587	0.00449	0.00148	0.00478	0.00435	0.00429	0.07586
19	0.36928	0.00868	0.00872	0.00816	0.01058	0.00947	0.00665	0.13091	0.01204	0.05416	0.01605	0.15239	0.01593	0.00880	0.00489	0.00180	0.00419	0.16745	0.00415	0.00570
20	0.00622	0.00507	0.00550	0.00552	0.00701	0.00435	0.00409	0.00768	0.01191	0.01487	0.19131	0.10916	0.58454	0.01258	0.00601	0.00171	0.00256	0.01068	0.00486	0.00435
21	0.01171	0.01119	0.01907	0.24301	0.58508	0.01180	0.01512	0.01481	0.01113	0.01554	0.00937	0.01278	0.00766	0.00466	0.00502	0.00155	0.00621	0.00450	0.00243	0.00736
22	0.01172	0.01244	0.02481	0.01805	0.02249	0.01185	0.56685	0.05199	0.01201	0.01658	0.01117	0.06575	0.00933	0.00528	0.00624	0.00164	0.04659	0.00606	0.00285	0.09630
23	0.01352	0.82533	0.02650	0.00865	0.01298	0.02001	0.00865	0.01514	0.01027	0.01190	0.00703	0.00811	0.00649	0.00433	0.00324	0.00108	0.00541	0.00270	0.00216	0.00649
24	0.00906	0.00794	0.01087	0.00979	0.01007	0.01019	0.00765	0.01014	0.00821	0.01210	0.06750	0.02024	0.01377	0.21292	0.18448	0.00407	0.38788	0.00569	0.00277	0.00466
25	0.00769	0.00705	0.01147	0.00960	0.01178	0.00639	0.18620	0.00984	0.01185	0.01541	0.17437	0.16327	0.32480	0.01084	0.00607	0.00176	0.00405	0.02824	0.00435	0.00495
26	0.01166	0.01115	0.01899	0.25459	0.57384	0.01179	0.01510	0.01477	0.01111	0.01549	0.00936	0.01279	0.00765	0.00466	0.00502	0.00155	0.00622	0.00450	0.00243	0.00732
27	0.01145	0.01287	0.02783	0.02012	0.02483	0.01206	0.70802	0.01543	0.01175	0.01592	0.01171	0.08116	0.00983	0.00523	0.00601	0.00173	0.00806	0.00667	0.00274	0.00659
28	0.02169	0.01021	0.01273	0.00976	0.01371	0.00981	0.00806	0.24091	0.01716	0.57418	0.01770	0.01575	0.01139	0.00620	0.00508	0.00155	0.00467	0.00493	0.00591	0.00860
29	0.00899	0.00802	0.01152	0.01050	0.01099	0.01055	0.00851	0.01048	0.00795	0.01194	0.01036	0.01581	0.00987	0.02452	0.43994	0.00540	0.38223	0.00496	0.00248	0.00498
30	0.02242	0.00904	0.01200	0.00920	0.01312	0.00807	0.00760	0.08277	0.01519	0.73510	0.01934	0.01682	0.01221	0.00624	0.00508	0.00156	0.00440	0.00504	0.00617	0.00861
31	0.00812	0.00679	0.00805	0.00804	0.00889	0.07145	0.00597	0.00953	0.00864	0.01159	0.01461	0.08595	0.01471	0.15431	0.55222	0.00657	0.01099	0.00627	0.00292	0.00437

[dist]
# distance from previous block
# <min> <max>
0	2

[block]
# block no. 7 follows, 49 sequences, length 12
# corresponding to MSA columns:
# 555-566
name=unknown_H
#
# <colnr> <probs for GDERKNQSTAVLIFYWHMCP>
#	G	D	E	R	K	N	Q	S	T	A	V	L	I	F	Y	W	H	M	C	P
0	0.68923	0.01055	0.01190	0.00957	0.01310	0.01163	0.15846	0.01513	0.00927	0.02139	0.00768	0.00930	0.00591	0.00461	0.00370	0.00159	0.00483	0.00338	0.00302	0.00574
1	0.01096	0.01129	0.01665	0.51247	0.02834	0.08851	0.09114	0.01383	0.01029	0.01307	0.00859	0.01265	0.00680	0.00565	0.00712	0.00174	0.14832	0.00451	0.00231	0.00575
2	0.00734	0.00491	0.00544	0.00544	0.00565	0.00484	0.00315	0.00756	0.00787	0.01058	0.01898	0.03372	0.08391	0.71302	0.02296	0.00445	0.00458	0.00751	0.04485	0.00325
3	0.01531	0.00963	0.01039	0.00844	0.01124	0.01027	0.00682	0.38275	0.01733	0.09140	0.01468	0.01545	0.01081	0.00601	0.00441	0.00138	0.00408	0.00467	0.36801	0.00693
4	0.01082	0.18558	0.64257	0.01326	0.02011	0.01339	0.01668	0.01584	0.01060	0.01519	0.00867	0.01016	0.00642	0.00471	0.00449	0.00150	0.00706	0.00353	0.00214	0.00728
5	0.02244	0.00900	0.01198	0.00918	0.01311	0.00802	0.00759	0.07798	0.01514	0.73998	0.01939	0.01685	0.01224	0.00625	0.00508	0.00156	0.00439	0.00505	0.00617	0.00861
6	0.00643	0.00476	0.00562	0.00611	0.00678	0.00437	0.00408	0.00730	0.00991	0.01279	0.07145	0.37818	0.24589	0.19999	0.01072	0.00259	0.00325	0.01143	0.00437	0.00395
7	0.01115	0.00705	0.00852	0.00820	0.00995	0.00708	0.00620	0.08491	0.12332	0.13866	0.02486	0.37630	0.06588	0.01143	0.00581	0.00184	0.00362	0.05979	0.03955	0.00586
8	0.01014	0.02616	0.79609	0.01441	0.02189	0.01174	0.01868	0.01601	0.01068	0.01601	0.00907	0.01068	0.00641	0.00480	0.00480	0.00160	0.00747	0.00374	0.00214	0.00747
9	0.00968	0.01345	0.21547	0.01306	0.01605	0.01107	0.12607	0.01272	0.00925	0.01362	0.01010	0.01428	0.00873	0.01679	0.27334	0.00395	0.21926	0.00481	0.00241	0.00589
10	0.12426	0.01309	0.09785	0.01533	0.06075	0.01179	0.30584	0.12722	0.05052	0.01944	0.01221	0.08160	0.01021	0.00584	0.00519	0.00165	0.00628	0.00568	0.03849	0.00677
11	0.10530	0.01629	0.21133	0.01263	0.01722	0.03391	0.08851	0.26379	0.14092	0.02255	0.01175	0.01250	0.00863	0.00560	0.00517	0.00161	0.02654	0.00445	0.00374	0.00755

[dist]
# distance from previous block
# <min> <max>
0	53

[block]
# block no. 8 follows, 49 sequences, length 14
# corresponding to MSA columns:
# 621-634
name=unknown_I
#
# <colnr> <probs for GDERKNQSTAVLIFYWHMCP>
#	G	D	E	R	K	N	Q	S	T	A	V	L	I	F	Y	W	H	M	C	P
0	0.02596	0.08526	0.10197	0.22609	0.04131	0.01191	0.06325	0.11264	0.06194	0.09471	0.01237	0.05942	0.01002	0.03106	0.00587	0.00170	0.02487	0.00509	0.00339	0.02118
1	0.02492	0.05053	0.14535	0.00976	0.03279	0.00852	0.00870	0.02636	0.04278	0.06785	0.04686	0.11946	0.07536	0.01717	0.24294	0.00358	0.03533	0.00646	0.00348	0.03180
2	0.04907	0.25565	0.22731	0.03317	0.01682	0.25790	0.01176	0.06660	0.01244	0.01493	0.00821	0.00952	0.00658	0.00488	0.00423	0.00135	0.00709	0.00332	0.00252	0.00663
3	0.00760	0.00497	0.00521	0.00521	0.00662	0.00465	0.00393	0.00940	0.01082	0.01576	0.03263	0.03302	0.37933	0.01204	0.07665	0.00205	0.00346	0.00759	0.37456	0.00449
4	0.01607	0.01203	0.01486	0.03371	0.01516	0.01405	0.03054	0.33083	0.09199	0.12194	0.01217	0.01321	0.00911	0.00694	0.00860	0.00176	0.25060	0.00473	0.00421	0.00748
5	0.01394	0.25505	0.04183	0.00979	0.01336	0.01418	0.00848	0.02274	0.43688	0.10721	0.01607	0.01518	0.01212	0.00596	0.00456	0.00150	0.00457	0.00468	0.00428	0.00760
6	0.01014	0.02616	0.79609	0.01441	0.02189	0.01174	0.01868	0.01601	0.01068	0.01601	0.00907	0.01068	0.00641	0.00480	0.00480	0.00160	0.00747	0.00374	0.00214	0.00747
7	0.00650	0.00508	0.00590	0.00583	0.00719	0.00447	0.00432	0.00822	0.01256	0.01645	0.36692	0.11338	0.40107	0.01202	0.00601	0.00169	0.00252	0.01035	0.00507	0.00447
8	0.26603	0.01287	0.01290	0.01017	0.01394	0.01441	0.00839	0.55054	0.01931	0.02917	0.01064	0.01099	0.00768	0.00567	0.00449	0.00153	0.00508	0.00402	0.00449	0.00768
9	0.00668	0.00511	0.00568	0.00554	0.00702	0.00449	0.00415	0.00845	0.01246	0.01647	0.31459	0.04231	0.45797	0.01135	0.00577	0.00162	0.00248	0.00964	0.07373	0.00449
10	0.01636	0.00743	0.00960	0.00786	0.01082	0.00658	0.00631	0.01878	0.04539	0.47727	0.16919	0.02679	0.15900	0.00823	0.00541	0.00160	0.00362	0.00688	0.00580	0.00708
11	0.00722	0.00542	0.00813	0.00813	0.00903	0.00632	0.00632	0.00903	0.00813	0.01174	0.01354	0.01987	0.01264	0.03792	0.80225	0.00813	0.01354	0.00542	0.00271	0.00451
12	0.01383	0.71135	0.06564	0.00935	0.01368	0.09004	0.00928	0.01564	0.01066	0.01216	0.00721	0.00834	0.00649	0.00443	0.00344	0.00113	0.00585	0.00281	0.00220	0.00648
13	0.00809	0.00670	0.00897	0.00820	0.00904	0.00758	0.00641	0.00998	0.01212	0.01732	0.49532	0.08133	0.07030	0.01041	0.00885	0.00179	0.21983	0.00829	0.00457	0.00491

[dist]
# distance from previous block
# <min> <max>
0	1

[block]
# block no. 9 follows, 49 sequences, length 33
# corresponding to MSA columns:
# 636-668
name=unknown_J
#
# <colnr> <probs for GDERKNQSTAVLIFYWHMCP>
#	G	D	E	R	K	N	Q	S	T	A	V	L	I	F	Y	W	H	M	C	P
0	0.00856	0.00713	0.01068	0.00958	0.01043	0.00775	0.09996	0.00976	0.00895	0.01221	0.01671	0.11038	0.01842	0.36434	0.01661	0.00333	0.14245	0.13515	0.00329	0.00432
1	0.01744	0.01654	0.01844	0.01535	0.06198	0.31107	0.21661	0.08741	0.01440	0.17412	0.01142	0.01245	0.00832	0.00520	0.00512	0.00150	0.00748	0.00455	0.00355	0.00705
2	0.01189	0.01303	0.02615	0.01918	0.02341	0.01311	0.59821	0.01676	0.08910	0.01618	0.01082	0.01384	0.00832	0.00511	0.00724	0.00177	0.11058	0.00575	0.00277	0.00678
3	0.00864	0.00444	0.00648	0.00648	0.00648	0.00444	0.00426	0.00666	0.00666	0.00889	0.00951	0.01716	0.00975	0.09881	0.02037	0.76727	0.00444	0.00469	0.00228	0.00228
4	0.00613	0.00452	0.00574	0.00672	0.00725	0.00413	0.00455	0.00708	0.00999	0.01303	0.03175	0.69115	0.15878	0.01534	0.00637	0.00200	0.00287	0.01376	0.00469	0.00413
5	0.01455	0.01303	0.01528	0.01228	0.01477	0.08767	0.05133	0.24749	0.01406	0.03765	0.00928	0.01142	0.00754	0.00663	0.00928	0.00167	0.31350	0.00426	0.00335	0.12499
6	0.01722	0.01405	0.01383	0.01116	0.01471	0.09385	0.00901	0.51682	0.16200	0.02690	0.01546	0.01513	0.05351	0.00651	0.00508	0.00154	0.00547	0.00498	0.00481	0.00797
7	0.00955	0.00899	0.01517	0.81013	0.03483	0.01123	0.01404	0.01292	0.01011	0.01292	0.00899	0.01348	0.00674	0.00506	0.00506	0.00169	0.00674	0.00449	0.00225	0.00562
8	0.01072	0.16240	0.66489	0.01343	0.02037	0.01315	0.01697	0.01587	0.01061	0.01531	0.00873	0.01024	0.00642	0.00472	0.00454	0.00151	0.00712	0.00356	0.00214	0.00731
9	0.01257	0.00955	0.01113	0.00810	0.01249	0.00782	0.00653	0.10076	0.01236	0.08746	0.01032	0.01127	0.00806	0.00423	0.00401	0.00091	0.00400	0.00336	0.00352	0.68153
10	0.01252	0.01201	0.02053	0.03104	0.79074	0.01201	0.01552	0.01552	0.01151	0.01652	0.00951	0.01252	0.00801	0.00451	0.00501	0.00150	0.00601	0.00451	0.00250	0.00801
11	0.00678	0.00500	0.00634	0.00633	0.00741	0.00456	0.00462	0.00870	0.01295	0.01780	0.52471	0.20295	0.14944	0.01184	0.00607	0.00170	0.00253	0.01046	0.00526	0.00456
12	0.01128	0.00743	0.00770	0.00690	0.00891	0.00789	0.00537	0.14523	0.14400	0.02093	0.02018	0.02091	0.09612	0.00683	0.00433	0.00138	0.00321	0.00550	0.46998	0.00589
13	0.15599	0.00902	0.00950	0.00837	0.01070	0.04940	0.00670	0.16097	0.01452	0.08092	0.28332	0.02511	0.02397	0.01026	0.06214	0.00209	0.00475	0.07164	0.00467	0.00596
14	0.01048	0.10684	0.71839	0.01383	0.02099	0.01258	0.01767	0.01593	0.01064	0.01560	0.00887	0.01042	0.00641	0.00476	0.00465	0.00155	0.00726	0.00363	0.00214	0.00737
15	0.00656	0.00510	0.00567	0.00555	0.00682	0.00452	0.00398	0.00794	0.01163	0.01494	0.26095	0.04282	0.44042	0.15008	0.00934	0.00222	0.00291	0.00966	0.00467	0.00421
16	0.00616	0.00440	0.00587	0.00704	0.00733	0.00411	0.00469	0.00704	0.00968	0.01291	0.02787	0.81899	0.03344	0.01584	0.00645	0.00205	0.00293	0.01438	0.00469	0.00411
17	0.01327	0.01481	0.02042	0.01664	0.06253	0.20179	0.33236	0.05467	0.01268	0.01561	0.04252	0.01574	0.06887	0.00601	0.00674	0.00164	0.09897	0.00547	0.00294	0.00633
18	0.01979	0.00842	0.01113	0.00874	0.01219	0.00757	0.00713	0.07571	0.01511	0.60772	0.15034	0.02035	0.01824	0.00694	0.00523	0.00157	0.00407	0.00574	0.00605	0.00795
19	0.00642	0.00451	0.00579	0.00670	0.00693	0.00428	0.00433	0.00711	0.00917	0.01222	0.02523	0.64502	0.03011	0.19436	0.01072	0.00268	0.00337	0.01282	0.00433	0.00388
20	0.01969	0.01342	0.01471	0.01128	0.01531	0.01458	0.00932	0.67345	0.02253	0.13406	0.01319	0.01282	0.00912	0.00610	0.00506	0.00152	0.00540	0.00462	0.00522	0.00860
21	0.01170	0.00836	0.00972	0.00850	0.01032	0.00916	0.00649	0.28566	0.01388	0.01917	0.01453	0.06107	0.01357	0.20048	0.23802	0.00418	0.00733	0.00595	0.06625	0.00566
22	0.00793	0.00575	0.00784	0.00889	0.01011	0.00566	0.00771	0.01015	0.01163	0.01498	0.02924	0.05619	0.10578	0.01385	0.00688	0.00227	0.00444	0.68139	0.00466	0.00462
23	0.00724	0.00535	0.00779	0.00779	0.00857	0.00614	0.00590	0.00881	0.00803	0.01149	0.01386	0.02159	0.01339	0.14013	0.70107	0.00771	0.01242	0.00567	0.00276	0.00433
24	0.01081	0.00898	0.01052	0.00753	0.01201	0.00676	0.00603	0.01305	0.01059	0.03722	0.00928	0.01067	0.00762	0.00381	0.00378	0.00077	0.00376	0.00305	0.00308	0.83067
25	0.00616	0.00440	0.00587	0.00704	0.00733	0.00411	0.00469	0.00704	0.00968	0.01291	0.02787	0.81899	0.03344	0.01584	0.00645	0.00205	0.00293	0.01438	0.00469	0.00411
26	0.00616	0.00440	0.00587	0.00704	0.00733	0.00411	0.00469	0.00704	0.00968	0.01291	0.02787	0.81899	0.03344	0.01584	0.00645	0.00205	0.00293	0.01438	0.00469	0.00411
27	0.01083	0.00924	0.01066	0.00778	0.01215	0.00736	0.00622	0.03059	0.06586	0.01715	0.00989	0.01112	0.00808	0.00402	0.00387	0.00084	0.00380	0.00322	0.00320	0.77414
28	0.01094	0.00867	0.01309	0.03936	0.10679	0.00851	0.10517	0.04993	0.09368	0.07632	0.34073	0.03599	0.02617	0.00753	0.00551	0.00156	0.00430	0.00688	0.00453	0.05436
29	0.01249	0.45267	0.25071	0.01139	0.01657	0.01622	0.07015	0.05792	0.01143	0.01487	0.03742	0.01062	0.00822	0.00478	0.00411	0.00133	0.00615	0.00360	0.00248	0.00686
30	0.01159	0.01059	0.01774	0.36135	0.42496	0.01155	0.01445	0.01498	0.02933	0.04072	0.00990	0.01323	0.00779	0.00485	0.00503	0.00159	0.00622	0.00455	0.00258	0.00701
31	0.00632	0.00506	0.00564	0.00565	0.00708	0.00439	0.00418	0.00786	0.01210	0.01539	0.24986	0.12346	0.51033	0.01244	0.00602	0.00171	0.00255	0.01063	0.00493	0.00439
32	0.04667	0.01125	0.01641	0.01404	0.07201	0.06671	0.23897	0.14990	0.01361	0.01806	0.01975	0.15911	0.13495	0.00806	0.00560	0.00168	0.00575	0.00749	0.00374	0.00623

[dist]
# distance from previous block
# <min> <max>
0	2

[block]
# block no. 10 follows, 49 sequences, length 81
# corresponding to MSA columns:
# 671-751
name=unknown_K
#
# <colnr> <probs for GDERKNQSTAVLIFYWHMCP>
#	G	D	E	R	K	N	Q	S	T	A	V	L	I	F	Y	W	H	M	C	P
0	0.01425	0.00858	0.01023	0.00899	0.01152	0.00879	0.00697	0.11559	0.21500	0.23899	0.07290	0.22705	0.02060	0.00916	0.00551	0.00173	0.00390	0.00787	0.00536	0.00702
1	0.09460	0.01084	0.01130	0.00908	0.01271	0.08212	0.00729	0.09489	0.08501	0.24846	0.01430	0.03521	0.01080	0.00582	0.00458	0.00136	0.00463	0.02448	0.00443	0.23807
2	0.01101	0.01047	0.01780	0.42767	0.40591	0.01162	0.01477	0.01420	0.01080	0.01469	0.00924	0.01301	0.00736	0.00479	0.00503	0.00160	0.00638	0.00450	0.00237	0.00679
3	0.00757	0.00599	0.00697	0.00722	0.00846	0.00598	0.00521	0.01151	0.17095	0.01567	0.12252	0.39420	0.19313	0.01267	0.00602	0.00185	0.00301	0.01116	0.00489	0.00503
4	0.00669	0.00512	0.00613	0.00595	0.00728	0.00456	0.00443	0.00861	0.01310	0.01757	0.48915	0.07648	0.31364	0.01147	0.00599	0.00165	0.00247	0.00993	0.00521	0.00456
5	0.06161	0.00985	0.01217	0.00930	0.01307	0.00919	0.05016	0.03277	0.10906	0.04657	0.01068	0.01195	0.00853	0.00488	0.00536	0.00117	0.08389	0.00375	0.00335	0.51272
6	0.01401	0.01288	0.02112	0.01588	0.01992	0.01344	0.36402	0.19539	0.17932	0.04149	0.01294	0.01435	0.00962	0.00557	0.00620	0.00169	0.05548	0.00547	0.00377	0.00746
7	0.00664	0.00528	0.00600	0.00610	0.00744	0.00479	0.00446	0.00879	0.05228	0.01547	0.21982	0.20945	0.41013	0.01256	0.00603	0.00175	0.00268	0.01084	0.00493	0.00455
8	0.00659	0.00504	0.00747	0.00795	0.00856	0.00472	0.05633	0.00767	0.00976	0.01303	0.02630	0.73927	0.03122	0.04122	0.00705	0.00212	0.00337	0.01358	0.00450	0.00426
9	0.10199	0.00929	0.01065	0.00907	0.01213	0.05607	0.00746	0.05000	0.04843	0.42017	0.06422	0.02398	0.01645	0.00767	0.00525	0.00169	0.00454	0.13847	0.00530	0.00717
10	0.00667	0.00474	0.00633	0.00742	0.00788	0.00453	0.00532	0.00780	0.00994	0.01318	0.02683	0.60292	0.03150	0.06974	0.00787	0.00230	0.00344	0.17285	0.00458	0.00415
11	0.00722	0.00542	0.00813	0.00813	0.00903	0.00632	0.00632	0.00903	0.00813	0.01174	0.01354	0.01987	0.01264	0.03792	0.80225	0.00813	0.01354	0.00542	0.00271	0.00451
12	0.01018	0.00964	0.01631	0.64331	0.19669	0.01140	0.01436	0.01348	0.01041	0.01369	0.00910	0.01327	0.00701	0.00494	0.00505	0.00165	0.00658	0.00450	0.00230	0.00613
13	0.01017	0.00962	0.01628	0.64833	0.19182	0.01140	0.01435	0.01346	0.01040	0.01367	0.00910	0.01328	0.00700	0.00494	0.00505	0.00165	0.00659	0.00450	0.00230	0.00611
14	0.01921	0.01439	0.01516	0.01167	0.01568	0.03340	0.00961	0.75690	0.02356	0.03143	0.01204	0.01207	0.00855	0.00605	0.00505	0.00151	0.00564	0.00452	0.00500	0.00854
15	0.00704	0.00511	0.00631	0.00643	0.00761	0.00466	0.00477	0.00871	0.01208	0.03352	0.31640	0.20596	0.25073	0.03164	0.02370	0.00199	0.00304	0.06080	0.00497	0.00452
16	0.01293	0.68513	0.16151	0.00966	0.01454	0.01856	0.01041	0.01529	0.01035	0.01262	0.00739	0.00856	0.00647	0.00441	0.00352	0.00117	0.00577	0.00289	0.00216	0.00666
17	0.00955	0.00899	0.01517	0.81013	0.03483	0.01123	0.01404	0.01292	0.01011	0.01292	0.00899	0.01348	0.00674	0.00506	0.00506	0.00169	0.00674	0.00449	0.00225	0.00562
18	0.03707	0.01870	0.01420	0.01198	0.01524	0.42801	0.00938	0.28172	0.01750	0.10287	0.01059	0.01101	0.00786	0.00561	0.00476	0.00141	0.00726	0.00389	0.00386	0.00710
19	0.02052	0.01059	0.01281	0.00989	0.01371	0.01051	0.00814	0.31572	0.01809	0.45656	0.05729	0.01632	0.01284	0.00640	0.00512	0.00155	0.00469	0.00509	0.00575	0.00840
20	0.00658	0.00515	0.00597	0.00576	0.00720	0.00453	0.00432	0.00843	0.01296	0.01707	0.43055	0.04306	0.40724	0.01154	0.00597	0.00165	0.00247	0.00989	0.00514	0.00453
21	0.01329	0.01122	0.01183	0.01043	0.01342	0.01291	0.00818	0.10667	0.70066	0.02230	0.01968	0.01815	0.01471	0.00678	0.00514	0.00169	0.00417	0.00559	0.00514	0.00807
22	0.01066	0.01182	0.02455	0.01785	0.02223	0.01096	0.60782	0.01428	0.01185	0.01565	0.01901	0.02114	0.17491	0.00609	0.00597	0.00171	0.00725	0.00697	0.00302	0.00627
