[name]
unknown

[dist]
# distance from previous block
# <min> <max>
5	334

[block]
# block no. 0 follows, 41 sequences, length 29
# corresponding to MSA columns:
# 334-362
name=unknown_A
#
# <colnr> <probs for GDERKNQSTAVLIFYWHMCP>
#	G	D	E	R	K	N	Q	S	T	A	V	L	I	F	Y	W	H	M	C	P
0	0.03260	0.01701	0.13936	0.11506	0.25886	0.09828	0.03488	0.09033	0.03218	0.01954	0.01130	0.01441	0.00904	0.00570	0.00548	0.00167	0.00721	0.01949	0.00322	0.08438
1	0.05242	0.10685	0.01684	0.18227	0.05895	0.03184	0.02830	0.07983	0.14493	0.12613	0.01480	0.03697	0.01141	0.00680	0.00577	0.02240	0.00593	0.00531	0.00422	0.05805
2	0.05145	0.01363	0.12397	0.01711	0.15798	0.01142	0.09631	0.08792	0.02520	0.06521	0.09957	0.04421	0.06160	0.00838	0.00653	0.00192	0.02910	0.08672	0.00424	0.00753
3	0.01362	0.01393	0.09771	0.10783	0.26694	0.01234	0.09542	0.06690	0.02907	0.05233	0.01212	0.01515	0.00958	0.00912	0.08256	0.00243	0.00779	0.00517	0.00330	0.09670
4	0.01391	0.01340	0.02100	0.08673	0.52553	0.03741	0.04490	0.01911	0.11989	0.01886	0.01309	0.03760	0.01092	0.00591	0.00576	0.00177	0.00666	0.00564	0.00332	0.00860
5	0.01335	0.01228	0.01776	0.08292	0.34932	0.02801	0.02738	0.03455	0.16994	0.02017	0.09009	0.01839	0.01523	0.00635	0.00568	0.00169	0.00582	0.00576	0.00392	0.09139
6	0.01019	0.00925	0.01508	0.42861	0.06556	0.01069	0.05060	0.01328	0.01152	0.01524	0.01802	0.06886	0.09508	0.01143	0.08330	0.00266	0.03161	0.02059	0.03232	0.00611
7	0.01330	0.01196	0.01925	0.10426	0.43447	0.01243	0.03714	0.08835	0.01414	0.01980	0.08378	0.01795	0.01388	0.01018	0.09183	0.00258	0.00748	0.00577	0.00345	0.00801
8	0.01594	0.01243	0.01475	0.01259	0.04888	0.01296	0.04701	0.24528	0.23039	0.06860	0.02200	0.02145	0.10848	0.00762	0.00576	0.00172	0.00522	0.00632	0.00522	0.10738
9	0.01267	0.01279	0.02266	0.07729	0.32160	0.01340	0.20152	0.01590	0.01236	0.01717	0.01568	0.01886	0.09254	0.00690	0.00816	0.00193	0.13163	0.00628	0.00305	0.00761
10	0.00999	0.00801	0.00934	0.00906	0.01108	0.00819	0.00693	0.01633	0.24133	0.01974	0.17141	0.20379	0.10182	0.01207	0.00654	0.00200	0.00381	0.08989	0.00552	0.06315
11	0.01666	0.17866	0.02001	0.01328	0.01739	0.09279	0.09166	0.17584	0.29038	0.02269	0.01535	0.01546	0.01175	0.00646	0.00539	0.00170	0.00638	0.00524	0.00449	0.00845
12	0.01205	0.01285	0.08948	0.33858	0.12709	0.01163	0.03673	0.03830	0.01238	0.01745	0.01041	0.01378	0.00812	0.00519	0.00529	0.00156	0.00664	0.00457	0.00292	0.24497
13	0.11185	0.01311	0.11003	0.07063	0.10675	0.01158	0.01147	0.11463	0.07138	0.10863	0.11728	0.02343	0.01821	0.00785	0.00579	0.00187	0.00561	0.07750	0.00466	0.00773
14	0.00824	0.00585	0.00779	0.00779	0.00833	0.00639	0.00540	0.00932	0.00878	0.01224	0.01660	0.02956	0.01738	0.40140	0.42203	0.00746	0.01069	0.00717	0.00325	0.00433
15	0.00960	0.00953	0.05529	0.22412	0.08510	0.00899	0.06067	0.01262	0.01301	0.01757	0.20505	0.15585	0.09957	0.00998	0.00639	0.00193	0.00532	0.00902	0.00426	0.00613
16	0.01394	0.05721	0.09222	0.21296	0.21012	0.12932	0.15020	0.01759	0.01299	0.01648	0.01073	0.03071	0.00875	0.00562	0.00571	0.00176	0.00811	0.00524	0.00278	0.00753
17	0.01315	0.05997	0.28055	0.15715	0.02275	0.10756	0.01478	0.04337	0.09362	0.01795	0.01399	0.01951	0.01163	0.00701	0.00564	0.00184	0.00737	0.08500	0.02971	0.00743
18	0.01149	0.10412	0.61068	0.01486	0.02213	0.01353	0.01844	0.01713	0.01171	0.01711	0.01060	0.01295	0.00804	0.00956	0.09130	0.00258	0.00899	0.00432	0.00249	0.00797
19	0.01089	0.01006	0.01796	0.32635	0.09043	0.01078	0.16015	0.01381	0.01208	0.01607	0.08879	0.05508	0.05316	0.00866	0.00801	0.09473	0.00674	0.00680	0.00327	0.00618
20	0.01198	0.02629	0.61401	0.01653	0.02415	0.01350	0.08932	0.01950	0.09491	0.01878	0.01184	0.01343	0.00852	0.00563	0.00560	0.00184	0.00813	0.00472	0.00284	0.00845
21	0.00784	0.00574	0.00735	0.00714	0.00844	0.00526	0.00528	0.01022	0.01529	0.02126	0.60882	0.12795	0.12275	0.01267	0.00681	0.00187	0.00279	0.01118	0.00609	0.00526
22	0.01284	0.10507	0.20818	0.07851	0.02359	0.01399	0.25179	0.07243	0.03494	0.01862	0.01636	0.01936	0.08288	0.00659	0.00593	0.00183	0.00759	0.02859	0.00331	0.00758
23	0.03650	0.01126	0.02854	0.02470	0.05792	0.03174	0.03426	0.10701	0.14598	0.21654	0.12808	0.09082	0.02124	0.00867	0.00622	0.00187	0.01634	0.01868	0.00558	0.00805
24	0.01387	0.01158	0.09568	0.01074	0.01370	0.01000	0.00915	0.23471	0.01650	0.09670	0.02283	0.37892	0.02343	0.01205	0.00647	0.00203	0.00499	0.02424	0.00529	0.00713
25	0.00725	0.00521	0.00695	0.00823	0.00874	0.00490	0.00579	0.00848	0.01131	0.01496	0.03222	0.67607	0.06068	0.01753	0.00736	0.00235	0.00356	0.10838	0.00530	0.00473
26	0.01382	0.04137	0.22378	0.14412	0.15066	0.09797	0.05363	0.05426	0.01355	0.03918	0.01270	0.01848	0.01065	0.00686	0.00610	0.01784	0.00764	0.07660	0.00318	0.00761
27	0.01491	0.06427	0.12380	0.12734	0.03542	0.10788	0.09776	0.14219	0.01529	0.05565	0.01582	0.09364	0.05033	0.00755	0.00608	0.00181	0.02264	0.00638	0.00380	0.00745
28	0.01330	0.01131	0.01434	0.13532	0.09243	0.03104	0.01082	0.09899	0.20833	0.03249	0.02986	0.13203	0.01657	0.00893	0.00741	0.00198	0.09283	0.02063	0.03397	0.00744

[dist]
# distance from previous block
# <min> <max>
4	17

[block]
# block no. 1 follows, 41 sequences, length 28
# corresponding to MSA columns:
# 380-407
name=unknown_B
#
# <colnr> <probs for GDERKNQSTAVLIFYWHMCP>
#	G	D	E	R	K	N	Q	S	T	A	V	L	I	F	Y	W	H	M	C	P
0	0.04795	0.03945	0.12755	0.05913	0.02078	0.01252	0.19556	0.04767	0.04574	0.08677	0.03834	0.01567	0.01096	0.00796	0.04777	0.00213	0.06247	0.00536	0.00361	0.12264
1	0.01371	0.06993	0.22550	0.10044	0.05288	0.05343	0.03796	0.08428	0.01341	0.07053	0.01276	0.04512	0.01042	0.01163	0.11721	0.00282	0.02781	0.00526	0.00338	0.04152
2	0.01276	0.05391	0.11724	0.01324	0.06756	0.00981	0.07417	0.01543	0.01253	0.14331	0.04308	0.21638	0.05586	0.03686	0.02740	0.00229	0.04795	0.03891	0.00443	0.00687
3	0.01395	0.43875	0.09480	0.04322	0.04763	0.01871	0.01168	0.04664	0.01180	0.01524	0.01003	0.06030	0.00947	0.00682	0.00705	0.00165	0.14765	0.00461	0.00279	0.00721
4	0.01311	0.05860	0.19235	0.01476	0.09328	0.09994	0.04264	0.06478	0.01350	0.03685	0.03427	0.13014	0.01607	0.05867	0.02529	0.00222	0.00691	0.05186	0.00369	0.04108
5	0.01073	0.01847	0.35593	0.06553	0.13611	0.01103	0.05434	0.01517	0.01246	0.01749	0.04994	0.09472	0.11768	0.00808	0.00598	0.00187	0.00671	0.00705	0.00335	0.00738
6	0.01791	0.15525	0.06535	0.01188	0.01623	0.01322	0.06926	0.07632	0.14884	0.26655	0.05365	0.05058	0.01523	0.00718	0.00556	0.00174	0.00558	0.00600	0.00517	0.00851
7	0.01091	0.00935	0.01382	0.37879	0.05487	0.01028	0.01147	0.07228	0.01268	0.01703	0.01637	0.22980	0.01629	0.00896	0.00596	0.00186	0.00586	0.00796	0.00368	0.11177
8	0.05961	0.06699	0.13959	0.01289	0.01805	0.01616	0.01200	0.47377	0.02164	0.10387	0.01340	0.01353	0.00944	0.00645	0.00544	0.00171	0.00640	0.00483	0.00501	0.00920
9	0.00757	0.00845	0.10369	0.00837	0.01032	0.00588	0.00713	0.00953	0.01199	0.01564	0.05874	0.41200	0.26947	0.01497	0.00689	0.00212	0.00387	0.03316	0.00497	0.00523
10	0.01221	0.15355	0.10659	0.05006	0.10600	0.01358	0.26895	0.01571	0.01238	0.01657	0.01521	0.16178	0.02689	0.00761	0.00600	0.00184	0.00717	0.00745	0.00324	0.00720
11	0.00832	0.00555	0.00624	0.00624	0.00624	0.00555	0.00347	0.00832	0.00832	0.01109	0.01802	0.03743	0.02080	0.79898	0.02911	0.00555	0.00555	0.00832	0.00347	0.00347
12	0.00832	0.00555	0.00624	0.00624	0.00624	0.00555	0.00347	0.00832	0.00832	0.01109	0.01802	0.03743	0.02080	0.79898	0.02911	0.00555	0.00555	0.00832	0.00347	0.00347
13	0.01237	0.01027	0.01269	0.01125	0.01244	0.01301	0.00908	0.01769	0.19120	0.01854	0.01475	0.01735	0.01211	0.00844	0.01112	0.00201	0.35825	0.00546	0.25531	0.00666
14	0.39545	0.23674	0.01602	0.08284	0.01514	0.01539	0.00853	0.06198	0.01147	0.02062	0.00923	0.01134	0.00764	0.00886	0.07649	0.00232	0.00635	0.00369	0.00323	0.00666
15	0.06836	0.01447	0.04745	0.01172	0.01538	0.12639	0.04002	0.09495	0.22546	0.10881	0.01760	0.04346	0.02840	0.05688	0.00698	0.00196	0.00597	0.00583	0.00473	0.07516
16	0.02653	0.12672	0.15659	0.01186	0.04064	0.05614	0.01053	0.10581	0.07555	0.01879	0.03857	0.19147	0.03297	0.07350	0.00762	0.00212	0.00585	0.00770	0.00408	0.00697
17	0.08390	0.11630	0.13718	0.01107	0.01581	0.04230	0.01039	0.16139	0.04639	0.07126	0.02815	0.03663	0.03019	0.02961	0.00572	0.00166	0.00582	0.00496	0.00408	0.15720
18	0.01441	0.17276	0.33347	0.01286	0.01869	0.05936	0.01398	0.04944	0.06826	0.07944	0.01293	0.04537	0.01023	0.00620	0.00511	0.00163	0.00681	0.00477	0.02411	0.06019
19	0.03762	0.10110	0.31584	0.03208	0.01990	0.06431	0.07711	0.01754	0.01279	0.07486	0.05267	0.01912	0.04187	0.00711	0.00644	0.00184	0.05654	0.05039	0.00339	0.00749
20	0.01262	0.01266	0.12152	0.01232	0.01632	0.00985	0.12913	0.10344	0.01499	0.07573	0.15460	0.11532	0.06849	0.02772	0.00669	0.00186	0.00557	0.00791	0.00461	0.09864
21	0.04104	0.01132	0.09626	0.04652	0.04713	0.00939	0.10577	0.06163	0.01275	0.08291	0.04520	0.15252	0.05483	0.17379	0.01094	0.00266	0.00587	0.00823	0.00417	0.02708
22	0.07885	0.05449	0.19922	0.01280	0.01728	0.11613	0.04815	0.12523	0.04868	0.07439	0.01305	0.01623	0.01052	0.08778	0.07038	0.00270	0.00785	0.00505	0.00374	0.00749
23	0.06019	0.15664	0.08386	0.14728	0.09316	0.06219	0.01185	0.04951	0.13494	0.04431	0.01637	0.03875	0.06407	0.00687	0.00530	0.00173	0.00621	0.00551	0.00373	0.00754
24	0.08901	0.19229	0.17851	0.04309	0.01694	0.01352	0.01133	0.04274	0.05937	0.19329	0.02681	0.06380	0.01237	0.00680	0.00509	0.00170	0.00583	0.00531	0.02425	0.00793
25	0.01530	0.01705	0.15260	0.06735	0.11083	0.07327	0.03339	0.19584	0.14530	0.02241	0.01466	0.01692	0.02464	0.05638	0.00749	0.00204	0.02682	0.00546	0.00405	0.00820
26	0.09291	0.10906	0.06640	0.05507	0.01556	0.01175	0.00936	0.10278	0.01453	0.13792	0.07761	0.02026	0.03142	0.00713	0.00543	0.00162	0.01800	0.05318	0.02727	0.14275
27	0.04833	0.05373	0.12852	0.03824	0.07172	0.01109	0.04341	0.04897	0.10281	0.15594	0.15157	0.05467	0.05053	0.00801	0.00583	0.00181	0.00539	0.00683	0.00485	0.00775

[dist]
# distance from previous block
# <min> <max>
9	66

[block]
# block no. 2 follows, 41 sequences, length 11
# corresponding to MSA columns:
# 477-487
name=unknown_C
#
# <colnr> <probs for GDERKNQSTAVLIFYWHMCP>
#	G	D	E	R	K	N	Q	S	T	A	V	L	I	F	Y	W	H	M	C	P
0	0.01078	0.00838	0.00993	0.00927	0.01156	0.00808	0.00696	0.09945	0.09870	0.01927	0.02361	0.39528	0.02529	0.01225	0.00629	0.00189	0.00413	0.05230	0.00498	0.19158
1	0.02207	0.01203	0.01412	0.04889	0.01639	0.05176	0.00935	0.15910	0.10487	0.44376	0.04342	0.01868	0.01433	0.00714	0.00575	0.00177	0.00545	0.00573	0.00621	0.00918
2	0.01910	0.01438	0.01953	0.07008	0.02068	0.01567	0.13471	0.40805	0.02040	0.11787	0.01355	0.01470	0.00971	0.00679	0.00723	0.00185	0.08658	0.00547	0.00485	0.00879
3	0.01750	0.01443	0.01474	0.01238	0.01612	0.05000	0.00986	0.30986	0.43510	0.02823	0.01889	0.01786	0.01397	0.00733	0.00575	0.00183	0.00548	0.00582	0.00565	0.00921
4	0.00825	0.00583	0.00767	0.00767	0.00817	0.00632	0.00525	0.00924	0.00874	0.01215	0.01671	0.03018	0.01765	0.43242	0.39137	0.00731	0.01028	0.00726	0.00327	0.00426
5	0.00731	0.00568	0.00608	0.00613	0.00737	0.00506	0.00421	0.00837	0.01171	0.01456	0.08505	0.09317	0.46078	0.24410	0.01333	0.00300	0.00369	0.01112	0.00483	0.00445
6	0.08773	0.04674	0.02712	0.01963	0.02411	0.06612	0.46911	0.01766	0.01252	0.01783	0.01028	0.01375	0.00814	0.00569	0.00793	0.00191	0.12391	0.00571	0.00289	0.03121
7	0.03127	0.00868	0.00894	0.00816	0.01054	0.04283	0.00635	0.01415	0.10918	0.06722	0.06983	0.03991	0.42921	0.01157	0.00700	0.00188	0.04961	0.02595	0.00511	0.05262
8	0.01374	0.38716	0.38895	0.01321	0.01973	0.05629	0.01537	0.01790	0.01208	0.01575	0.00912	0.01064	0.00730	0.00521	0.00460	0.00152	0.00747	0.00366	0.00246	0.00785
9	0.00995	0.14219	0.17339	0.01087	0.01382	0.01056	0.02815	0.01241	0.01121	0.01514	0.02053	0.36455	0.02279	0.05039	0.00806	0.00221	0.05106	0.04276	0.00391	0.00604
10	0.19201	0.08194	0.17880	0.01435	0.01948	0.07605	0.14854	0.10045	0.03664	0.06462	0.01115	0.01264	0.00830	0.00572	0.00550	0.00176	0.02613	0.00460	0.00354	0.00778

[dist]
# distance from previous block
# <min> <max>
8	12

[block]
# block no. 3 follows, 41 sequences, length 14
# corresponding to MSA columns:
# 503-516
name=unknown_D
#
# <colnr> <probs for GDERKNQSTAVLIFYWHMCP>
#	G	D	E	R	K	N	Q	S	T	A	V	L	I	F	Y	W	H	M	C	P
0	0.01324	0.11232	0.07449	0.14694	0.21264	0.01440	0.20502	0.01782	0.05745	0.01755	0.01121	0.01418	0.00886	0.00522	0.00560	0.00170	0.00739	0.00518	0.00294	0.06585
1	0.00922	0.00817	0.02674	0.14987	0.04787	0.02931	0.02360	0.01117	0.01090	0.01431	0.04181	0.12575	0.10122	0.19411	0.14924	0.00409	0.00735	0.03633	0.00373	0.00523
2	0.01465	0.04248	0.01414	0.01178	0.01367	0.07464	0.00938	0.11910	0.10282	0.07418	0.01606	0.07546	0.01501	0.11899	0.01270	0.00256	0.22134	0.04999	0.00423	0.00685
3	0.01019	0.00782	0.01152	0.12307	0.06717	0.00826	0.03704	0.01216	0.01101	0.05985	0.02282	0.03081	0.14132	0.19251	0.18452	0.00438	0.02751	0.03872	0.00376	0.00557
4	0.01118	0.07595	0.07595	0.01158	0.01481	0.01047	0.12060	0.01515	0.06645	0.01716	0.01433	0.01827	0.01204	0.03325	0.23255	0.00388	0.02522	0.00546	0.15120	0.08450
5	0.01544	0.59126	0.06012	0.01149	0.01645	0.02063	0.06169	0.07691	0.06826	0.01660	0.00992	0.01101	0.00838	0.00528	0.00429	0.00139	0.00636	0.00379	0.00299	0.00774
6	0.01360	0.11239	0.39968	0.01330	0.01920	0.04867	0.01497	0.03618	0.04570	0.08973	0.08745	0.01836	0.01435	0.00756	0.02192	0.00192	0.00714	0.03635	0.00364	0.00790
7	0.01668	0.10658	0.13129	0.01708	0.11190	0.10471	0.08822	0.21206	0.11480	0.02272	0.01268	0.01381	0.00965	0.00601	0.00550	0.00170	0.00723	0.00494	0.00391	0.00853
8	0.00875	0.00663	0.00944	0.00937	0.01014	0.00678	0.05048	0.01024	0.02899	0.03580	0.02562	0.51444	0.02954	0.14902	0.01183	0.00284	0.06751	0.01288	0.00469	0.00501
9	0.00716	0.00522	0.00661	0.00764	0.00822	0.00484	0.00521	0.00822	0.01115	0.01456	0.03420	0.59182	0.14082	0.08034	0.00901	0.00254	0.00353	0.04916	0.00516	0.00461
10	0.00822	0.00593	0.00819	0.00819	0.00886	0.00660	0.00590	0.00957	0.00890	0.01254	0.01624	0.02755	0.01651	0.29967	0.52256	0.00795	0.01200	0.00687	0.00320	0.00455
11	0.01148	0.01083	0.03606	0.14143	0.27004	0.01109	0.06383	0.03231	0.03087	0.01661	0.01384	0.06500	0.01256	0.04686	0.20777	0.00390	0.00906	0.00630	0.00316	0.00702
12	0.01215	0.01111	0.01585	0.04864	0.01760	0.00920	0.13169	0.01548	0.03107	0.01853	0.01074	0.01287	0.00870	0.00450	0.00477	0.00111	0.00532	0.00412	0.00333	0.63324
13	0.10503	0.01418	0.01681	0.01489	0.09814	0.08274	0.07823	0.19322	0.02713	0.08858	0.01204	0.01331	0.00911	0.00581	0.00572	0.00157	0.03696	0.00462	0.00414	0.18777

[dist]
# distance from previous block
# <min> <max>
0	1

[block]
# block no. 4 follows, 41 sequences, length 7
# corresponding to MSA columns:
# 518-524
name=unknown_E
#
# <colnr> <probs for GDERKNQSTAVLIFYWHMCP>
#	G	D	E	R	K	N	Q	S	T	A	V	L	I	F	Y	W	H	M	C	P
0	0.01463	0.03375	0.03511	0.14567	0.05350	0.13136	0.07575	0.04977	0.19771	0.06429	0.01722	0.12541	0.01490	0.00796	0.00591	0.00186	0.00657	0.00690	0.00425	0.00749
1	0.01366	0.08285	0.08462	0.13457	0.06074	0.08791	0.05273	0.02003	0.19950	0.05418	0.04906	0.10435	0.01589	0.00776	0.00576	0.00183	0.00629	0.00665	0.00412	0.00749
2	0.00801	0.00587	0.00740	0.00782	0.00882	0.00536	0.00546	0.00924	0.01109	0.01507	0.06256	0.44340	0.05597	0.15818	0.01094	0.00273	0.00396	0.07574	0.00480	0.09757
3	0.01391	0.01345	0.05613	0.01518	0.09972	0.06038	0.05876	0.05187	0.10561	0.06070	0.01731	0.02019	0.07747	0.00784	0.00836	0.00184	0.16462	0.03649	0.00391	0.12625
4	0.01148	0.01264	0.12303	0.01490	0.11478	0.01008	0.09238	0.06617	0.05217	0.01822	0.04217	0.17197	0.01820	0.13305	0.00967	0.00240	0.00593	0.00794	0.00390	0.08892
5	0.01368	0.09096	0.07075	0.01217	0.01650	0.01169	0.12421	0.12854	0.01423	0.05044	0.01432	0.10289	0.01310	0.07577	0.00747	0.00187	0.00593	0.00619	0.00389	0.23541
6	0.01144	0.07800	0.01213	0.16186	0.01635	0.00869	0.00824	0.01347	0.01221	0.11408	0.02524	0.28039	0.12145	0.01092	0.00604	0.00185	0.00467	0.00948	0.00453	0.09896

[dist]
# distance from previous block
# <min> <max>
6	38

[block]
# block no. 5 follows, 41 sequences, length 20
# corresponding to MSA columns:
# 564-583
name=unknown_F
#
# <colnr> <probs for GDERKNQSTAVLIFYWHMCP>
#	G	D	E	R	K	N	Q	S	T	A	V	L	I	F	Y	W	H	M	C	P
0	0.01126	0.00934	0.01021	0.01082	0.05400	0.07833	0.00742	0.10017	0.02920	0.03457	0.07863	0.44195	0.05570	0.01341	0.00664	0.00204	0.00457	0.02386	0.00508	0.02279
1	0.08118	0.05980	0.05492	0.06925	0.21623	0.05219	0.01176	0.06825	0.09599	0.04590	0.04923	0.08563	0.01523	0.00755	0.00557	0.00179	0.00584	0.03210	0.03394	0.00763
2	0.04666	0.09868	0.01580	0.06773	0.07010	0.05316	0.00965	0.15564	0.03102	0.17133	0.02957	0.03202	0.07231	0.00694	0.00533	0.00159	0.00557	0.00552	0.00464	0.11674
3	0.01994	0.03775	0.01558	0.01331	0.01637	0.50791	0.02786	0.09465	0.01635	0.07825	0.01161	0.01387	0.00945	0.05529	0.02173	0.00192	0.00885	0.00446	0.03787	0.00696
4	0.01254	0.01243	0.02112	0.08278	0.17369	0.03692	0.25398	0.01740	0.09224	0.01846	0.05548	0.06098	0.04922	0.00733	0.00648	0.00189	0.02171	0.03176	0.03621	0.00737
5	0.01337	0.01262	0.01325	0.01182	0.04063	0.18691	0.10222	0.01558	0.01388	0.07754	0.04740	0.02952	0.26363	0.01087	0.04607	0.00211	0.00642	0.00759	0.09231	0.00626
6	0.00995	0.00914	0.01557	0.50596	0.02993	0.01060	0.07212	0.01306	0.01147	0.01491	0.01625	0.23330	0.01615	0.00906	0.00624	0.00202	0.00659	0.00834	0.00334	0.00599
7	0.00823	0.00583	0.00785	0.00902	0.00980	0.00570	0.00701	0.00991	0.01173	0.01543	0.02935	0.34985	0.03345	0.10747	0.01012	0.00285	0.00453	0.36200	0.00507	0.00481
8	0.00744	0.00545	0.00707	0.00808	0.00889	0.00508	0.00590	0.00893	0.01206	0.01585	0.09422	0.50141	0.13561	0.01657	0.00729	0.00228	0.00357	0.14407	0.00538	0.00484
9	0.01994	0.07095	0.05712	0.01521	0.01875	0.63874	0.06409	0.02194	0.01554	0.01449	0.00906	0.01071	0.00745	0.00574	0.00520	0.00151	0.00993	0.00390	0.00289	0.00684
10	0.01080	0.01017	0.01716	0.78523	0.03940	0.01271	0.01589	0.01461	0.01144	0.01461	0.01017	0.01525	0.00762	0.00572	0.00572	0.00191	0.00762	0.00508	0.00254	0.00635
11	0.00811	0.00614	0.00832	0.00864	0.00907	0.00676	0.00615	0.00922	0.00972	0.01345	0.02199	0.35240	0.02493	0.17934	0.22910	0.00491	0.08226	0.01076	0.00404	0.00470
12	0.01111	0.01129	0.02187	0.01814	0.07362	0.01101	0.36734	0.01434	0.01252	0.01710	0.05944	0.19646	0.05315	0.01093	0.04758	0.00241	0.05223	0.00911	0.00373	0.00663
13	0.01201	0.02502	0.61341	0.01475	0.02199	0.01191	0.01827	0.01775	0.01263	0.07078	0.04154	0.01844	0.04591	0.00674	0.00569	0.00186	0.00757	0.04247	0.00317	0.00810
14	0.01312	0.02443	0.49630	0.01799	0.02533	0.01408	0.20746	0.09724	0.01406	0.02012	0.01098	0.01313	0.00789	0.00543	0.00581	0.00183	0.00853	0.00498	0.00290	0.00840
15	0.12864	0.01530	0.15205	0.03109	0.01786	0.05506	0.07119	0.07769	0.01478	0.31756	0.01550	0.01621	0.01081	0.04317	0.00653	0.00195	0.00637	0.00514	0.00480	0.00831
16	0.01543	0.01364	0.02141	0.16158	0.32808	0.04378	0.10714	0.09710	0.01447	0.08033	0.01179	0.01466	0.00909	0.00583	0.00653	0.00181	0.05031	0.00530	0.00343	0.00828
17	0.08064	0.05780	0.11014	0.01213	0.04233	0.01350	0.01045	0.25356	0.08963	0.11869	0.01512	0.01695	0.01157	0.07190	0.02609	0.00221	0.00605	0.00525	0.04777	0.00822
18	0.01300	0.11712	0.25426	0.22870	0.03777	0.05704	0.05261	0.04863	0.02924	0.01698	0.02201	0.01350	0.00857	0.00602	0.00648	0.00180	0.07134	0.00468	0.00280	0.00745
19	0.07876	0.07677	0.01401	0.01284	0.10450	0.06573	0.02496	0.11751	0.01310	0.04930	0.01363	0.10027	0.01283	0.04152	0.01077	0.22092	0.00570	0.00605	0.02475	0.00609

[dist]
# distance from previous block
# <min> <max>
8	18

[block]
# block no. 6 follows, 41 sequences, length 8
# corresponding to MSA columns:
# 608-615
name=unknown_G
#
# <colnr> <probs for GDERKNQSTAVLIFYWHMCP>
#	G	D	E	R	K	N	Q	S	T	A	V	L	I	F	Y	W	H	M	C	P
0	0.07924	0.18069	0.05546	0.01488	0.09102	0.23349	0.03541	0.10689	0.05122	0.04758	0.01173	0.01439	0.00967	0.00621	0.00509	0.00161	0.00734	0.03683	0.00358	0.00766
1	0.01294	0.05314	0.01201	0.03449	0.01256	0.01006	0.00740	0.13940	0.03791	0.05359	0.03512	0.02550	0.01594	0.23726	0.04108	0.04071	0.02993	0.05861	0.00412	0.13823
2	0.05379	0.01208	0.04997	0.16508	0.04705	0.01200	0.06636	0.15918	0.03321	0.06313	0.04223	0.04697	0.01284	0.06475	0.00772	0.00201	0.03177	0.00583	0.02152	0.10252
3	0.01404	0.10143	0.04345	0.20949	0.14596	0.06392	0.06422	0.10652	0.01418	0.01902	0.01202	0.03902	0.00985	0.00602	0.00532	0.00165	0.00671	0.00517	0.08717	0.04485
4	0.00801	0.00575	0.00747	0.00761	0.00821	0.00607	0.00525	0.00906	0.00930	0.01268	0.02120	0.10993	0.07406	0.34775	0.33553	0.00647	0.00918	0.00850	0.00362	0.00437
5	0.00883	0.00652	0.00805	0.00826	0.00951	0.00639	0.00618	0.04647	0.05272	0.01861	0.23037	0.26075	0.10848	0.07829	0.00882	0.00240	0.00381	0.12472	0.00547	0.00535
6	0.01138	0.09213	0.06159	0.03578	0.17198	0.01049	0.02969	0.01432	0.03675	0.04926	0.08852	0.09852	0.14544	0.05366	0.00770	0.00208	0.02573	0.05410	0.00417	0.00670
7	0.08023	0.42509	0.02254	0.01089	0.01520	0.12765	0.00971	0.17938	0.01554	0.01980	0.00979	0.01084	0.00808	0.00558	0.00434	0.00141	0.00649	0.00371	0.03614	0.00760

[dist]
# distance from previous block
# <min> <max>
0	1

[block]
# block no. 7 follows, 41 sequences, length 20
# corresponding to MSA columns:
# 617-628,631-638
name=unknown_H
#
# <colnr> <probs for GDERKNQSTAVLIFYWHMCP>
#	G	D	E	R	K	N	Q	S	T	A	V	L	I	F	Y	W	H	M	C	P
0	0.04264	0.04704	0.05954	0.16986	0.05624	0.06843	0.03151	0.02180	0.30879	0.01921	0.01737	0.01834	0.04743	0.00703	0.00624	0.00185	0.04500	0.00568	0.00408	0.02192
1	0.00768	0.00596	0.00848	0.14240	0.01367	0.00609	0.00710	0.00928	0.01140	0.01509	0.06791	0.58874	0.06397	0.01533	0.00697	0.00221	0.00401	0.01383	0.00488	0.00499
2	0.00842	0.00634	0.00918	0.00914	0.01022	0.00711	0.00721	0.01062	0.01096	0.01559	0.16254	0.03045	0.02377	0.03283	0.51953	0.00683	0.03870	0.08143	0.00391	0.00522
3	0.01149	0.01089	0.01830	0.61803	0.17368	0.01304	0.01608	0.01513	0.01164	0.01534	0.01018	0.01495	0.00789	0.00575	0.00617	0.00189	0.03501	0.00508	0.00259	0.00686
4	0.14907	0.01293	0.01335	0.01126	0.01482	0.01454	0.00899	0.32098	0.26274	0.02832	0.01767	0.09029	0.01441	0.00797	0.00556	0.00186	0.00512	0.00632	0.00536	0.00845
5	0.01080	0.00915	0.00937	0.00941	0.04128	0.09201	0.00627	0.06777	0.01307	0.01690	0.18396	0.09918	0.06174	0.30120	0.05041	0.00352	0.00569	0.00865	0.00441	0.00521
6	0.01135	0.00600	0.00607	0.00582	0.00735	0.00610	0.00443	0.05890	0.01292	0.02224	0.01835	0.02085	0.01435	0.00668	0.00411	0.00136	0.00289	0.00532	0.77930	0.00561
7	0.01741	0.16382	0.08122	0.03412	0.03866	0.05194	0.01152	0.16107	0.02977	0.14663	0.01226	0.01342	0.00930	0.00677	0.00770	0.00175	0.15542	0.00462	0.00403	0.04857
8	0.01200	0.01313	0.09617	0.21689	0.33295	0.01249	0.01517	0.01522	0.01162	0.01627	0.01195	0.05345	0.01085	0.08093	0.00905	0.00222	0.07360	0.00583	0.00286	0.00734
9	0.01284	0.01675	0.19510	0.04789	0.24621	0.01316	0.15933	0.01924	0.13164	0.01916	0.03362	0.03720	0.01235	0.00632	0.00597	0.00186	0.00717	0.02250	0.00343	0.00826
10	0.00832	0.00555	0.00624	0.00624	0.00624	0.00555	0.00347	0.00832	0.00832	0.01109	0.01802	0.03743	0.02080	0.79898	0.02911	0.00555	0.00555	0.00832	0.00347	0.00347
11	0.01342	0.03781	0.02009	0.01958	0.19207	0.05852	0.14346	0.03833	0.08370	0.01825	0.08417	0.01889	0.04077	0.02107	0.00926	0.00200	0.18147	0.00616	0.00356	0.00742
12	0.12506	0.01192	0.01288	0.00966	0.01439	0.01115	0.00785	0.21893	0.01578	0.02445	0.01087	0.01204	0.00852	0.00512	0.00456	0.00121	0.00484	0.00384	0.00406	0.49286
13	0.00778	0.00586	0.00694	0.00690	0.00823	0.00535	0.00512	0.00961	0.01352	0.01783	0.32083	0.04843	0.29273	0.13945	0.01046	0.00253	0.00349	0.08469	0.00539	0.00488
14	0.00966	0.00783	0.00743	0.00728	0.00764	0.08551	0.00445	0.00993	0.00918	0.01151	0.01693	0.03382	0.01906	0.67633	0.06658	0.00532	0.00656	0.00772	0.00339	0.00388
15	0.00822	0.00569	0.00713	0.00728	0.00815	0.00556	0.00519	0.00987	0.01202	0.01684	0.23934	0.14510	0.07591	0.21022	0.09198	0.00359	0.00500	0.06283	0.07534	0.00474
16	0.03568	0.04909	0.31198	0.01201	0.01802	0.01101	0.01291	0.01909	0.05451	0.14586	0.04130	0.01477	0.01108	0.00573	0.00511	0.00152	0.00605	0.00454	0.00384	0.23592
17	0.01135	0.00963	0.01132	0.00842	0.01301	0.00732	0.00663	0.01374	0.01177	0.01822	0.01238	0.09308	0.01152	0.00565	0.00455	0.00100	0.00414	0.00472	0.00359	0.74797
18	0.01246	0.00947	0.01127	0.01129	0.05240	0.00995	0.00848	0.07891	0.24856	0.06284	0.09083	0.07133	0.13331	0.01102	0.00653	0.00205	0.00452	0.16204	0.00555	0.00720
19	0.01266	0.01019	0.01309	0.12128	0.01711	0.00990	0.00891	0.06007	0.02632	0.05511	0.04726	0.03167	0.01177	0.00762	0.02704	0.03107	0.08642	0.00481	0.00368	0.41402

[dist]
# distance from previous block
# <min> <max>
4	9

[block]
# block no. 8 follows, 41 sequences, length 66
# corresponding to MSA columns:
# 652-655,657-718
name=unknown_I
#
# <colnr> <probs for GDERKNQSTAVLIFYWHMCP>
#	G	D	E	R	K	N	Q	S	T	A	V	L	I	F	Y	W	H	M	C	P
0	0.00806	0.00619	0.00713	0.00749	0.00881	0.00576	0.00536	0.06644	0.01306	0.01665	0.04086	0.43214	0.32981	0.01565	0.00696	0.00212	0.00338	0.01368	0.00534	0.00512
1	0.01276	0.01118	0.01200	0.00896	0.01348	0.05365	0.00702	0.05962	0.01277	0.01884	0.01093	0.01391	0.00946	0.06751	0.00636	0.00131	0.00483	0.00391	0.00351	0.66800
2	0.01350	0.06185	0.05980	0.01262	0.01600	0.05321	0.06815	0.08298	0.27728	0.02088	0.02191	0.03125	0.03821	0.00945	0.00630	0.00204	0.00589	0.20625	0.00485	0.00757
3	0.01251	0.07864	0.20204	0.35670	0.16899	0.01406	0.01674	0.05317	0.01269	0.01722	0.01031	0.01371	0.00789	0.00553	0.00548	0.00178	0.00748	0.00472	0.00272	0.00762
4	0.01192	0.01127	0.01909	0.49698	0.29617	0.01287	0.01624	0.01554	0.01194	0.01603	0.01052	0.01506	0.00832	0.00652	0.02690	0.00203	0.00754	0.00512	0.00266	0.00728
5	0.01050	0.00707	0.00757	0.00734	0.00863	0.00752	0.00514	0.01545	0.19071	0.01810	0.02043	0.07849	0.01893	0.27108	0.01301	0.00295	0.00412	0.00733	0.30007	0.00557
6	0.00763	0.00541	0.00696	0.00738	0.00805	0.00508	0.00504	0.00911	0.01253	0.01723	0.31015	0.37977	0.04123	0.14484	0.01070	0.00265	0.00345	0.01267	0.00538	0.00474
7	0.01347	0.01269	0.02045	0.18814	0.50323	0.01350	0.01597	0.01881	0.12054	0.01860	0.01246	0.01543	0.00999	0.00561	0.00570	0.00178	0.00664	0.00529	0.00321	0.00849
8	0.00685	0.00543	0.00617	0.00677	0.00798	0.00475	0.00478	0.00810	0.01210	0.01507	0.04609	0.38730	0.43639	0.01603	0.00700	0.00211	0.00309	0.01395	0.00531	0.00475
9	0.01053	0.00826	0.00928	0.00899	0.01013	0.04364	0.00656	0.05845	0.08276	0.01662	0.02003	0.21115	0.02059	0.17315	0.14212	0.00391	0.05891	0.00871	0.10070	0.00551
10	0.00696	0.00547	0.00614	0.00664	0.00782	0.00482	0.00464	0.00813	0.01189	0.01480	0.04496	0.33097	0.43282	0.07646	0.00869	0.00236	0.00326	0.01335	0.00517	0.00465
11	0.21526	0.01298	0.01836	0.09047	0.42772	0.01383	0.01384	0.10521	0.01377	0.02213	0.01039	0.01302	0.00832	0.00542	0.00516	0.00174	0.00623	0.00462	0.00333	0.00821
12	0.01311	0.06902	0.16274	0.18584	0.06615	0.01490	0.18918	0.06106	0.05673	0.01804	0.01109	0.01419	0.00856	0.00605	0.00729	0.00190	0.09826	0.00526	0.00299	0.00763
13	0.00726	0.00536	0.00682	0.00762	0.00845	0.00492	0.00539	0.00872	0.01234	0.01633	0.16115	0.49661	0.16344	0.01614	0.00715	0.00218	0.00326	0.05654	0.00548	0.00484
14	0.01300	0.01057	0.01590	0.45037	0.07313	0.01232	0.01329	0.11580	0.01380	0.06441	0.01419	0.11850	0.01241	0.00772	0.00647	0.00194	0.03897	0.00661	0.00365	0.00696
15	0.00832	0.00555	0.00624	0.00624	0.00624	0.00555	0.00347	0.00832	0.00832	0.01109	0.01802	0.03743	0.02080	0.79898	0.02911	0.00555	0.00555	0.00832	0.00347	0.00347
16	0.08180	0.28164	0.03819	0.01118	0.01546	0.01781	0.00982	0.20043	0.24515	0.02336	0.01419	0.01415	0.01097	0.00632	0.00488	0.00163	0.00559	0.00466	0.00439	0.00840
17	0.01606	0.01388	0.15895	0.01261	0.01694	0.03031	0.09917	0.02998	0.06918	0.26340	0.07788	0.11656	0.01841	0.02051	0.00639	0.00192	0.00586	0.00728	0.02680	0.00792
18	0.01251	0.01251	0.01752	0.01502	0.01502	0.01752	0.01251	0.01377	0.00876	0.01377	0.00751	0.01251	0.00751	0.01001	0.01877	0.00250	0.78851	0.00501	0.00250	0.00626
19	0.01207	0.01070	0.01403	0.03178	0.05971	0.00854	0.05323	0.01484	0.01202	0.01851	0.01029	0.01231	0.00850	0.00436	0.00452	0.00099	0.00481	0.00374	0.00330	0.71175
20	0.01473	0.06005	0.01976	0.01485	0.01819	0.01422	0.19122	0.24934	0.01660	0.02241	0.01614	0.15295	0.01536	0.00914	0.00801	0.00201	0.11136	0.05191	0.00429	0.00746
21	0.00785	0.00561	0.00738	0.00768	0.00804	0.00542	0.02977	0.00849	0.00976	0.01303	0.02430	0.40117	0.02857	0.39600	0.01785	0.00387	0.00462	0.01208	0.00433	0.00418
22	0.01186	0.01538	0.19685	0.01396	0.06105	0.07086	0.06048	0.07956	0.05739	0.01840	0.01989	0.31476	0.02052	0.01067	0.00633	0.00200	0.00612	0.02285	0.00417	0.00692
23	0.06518	0.05952	0.45335	0.01397	0.02073	0.01327	0.02849	0.07676	0.05128	0.08541	0.01204	0.01306	0.00862	0.00568	0.00524	0.00171	0.00711	0.00440	0.00341	0.07078
24	0.01114	0.02393	0.58446	0.01417	0.02099	0.01145	0.01739	0.01681	0.01308	0.04002	0.17192	0.01887	0.01749	0.00683	0.00573	0.00181	0.00712	0.00558	0.00338	0.00783
25	0.01152	0.01113	0.01641	0.01384	0.01462	0.01433	0.06866	0.01340	0.01094	0.01635	0.19070	0.02008	0.01889	0.01001	0.01490	0.00229	0.53586	0.00644	0.00346	0.00616
26	0.01136	0.01137	0.03977	0.55587	0.11240	0.01329	0.02810	0.01488	0.01128	0.01508	0.01007	0.01490	0.00795	0.00713	0.02759	0.00215	0.10246	0.00511	0.00258	0.00668
27	0.00908	0.00620	0.00819	0.00909	0.02844	0.00595	0.00638	0.01149	0.05626	0.06319	0.12433	0.50151	0.05199	0.01525	0.00705	0.00220	0.00366	0.07872	0.00551	0.00549
28	0.02174	0.01035	0.01453	0.19870	0.02088	0.01021	0.01042	0.08266	0.01602	0.52521	0.01884	0.01798	0.01221	0.00673	0.00574	0.00180	0.00565	0.00554	0.00587	0.00891
29	0.01337	0.01455	0.02070	0.08038	0.13736	0.16398	0.24657	0.01629	0.01318	0.01632	0.01564	0.20364	0.01547	0.00833	0.00631	0.00190	0.00764	0.00806	0.00345	0.00685
30	0.01399	0.06241	0.09890	0.09303	0.11406	0.06384	0.26596	0.01766	0.01323	0.08117	0.01580	0.06324	0.05710	0.00665	0.00604	0.00182	0.00761	0.00651	0.00343	0.00754
31	0.00713	0.00517	0.00674	0.00770	0.00830	0.00477	0.00526	0.00841	0.01189	0.01594	0.14507	0.63079	0.08820	0.01674	0.00718	0.00222	0.00320	0.01508	0.00546	0.00477
32	0.02514	0.05197	0.73518	0.01597	0.02424	0.01355	0.02056	0.01806	0.01202	0.01810	0.01016	0.01195	0.00723	0.00542	0.00535	0.00179	0.00832	0.00417	0.00243	0.00838
33	0.01368	0.27107	0.24444	0.01523	0.10839	0.01492	0.05283	0.01724	0.01244	0.07570	0.01491	0.06716	0.05536	0.00670	0.00519	0.00165	0.00660	0.00549	0.00324	0.00776
34	0.00728	0.00532	0.00708	0.00827	0.00872	0.00512	0.00577	0.00842	0.01114	0.01481	0.03169	0.69427	0.05996	0.01745	0.00761	0.00234	0.02275	0.07203	0.00524	0.00474
35	0.00851	0.00633	0.00863	0.00846	0.00904	0.00723	0.00612	0.00973	0.00884	0.01249	0.01582	0.02744	0.01629	0.32465	0.44612	0.00738	0.06231	0.00688	0.00318	0.00457
36	0.01397	0.29015	0.21950	0.13930	0.12833	0.08608	0.01496	0.01757	0.01233	0.01566	0.00939	0.01172	0.00761	0.00529	0.00488	0.00158	0.00745	0.00404	0.00255	0.00766
37	0.01260	0.01455	0.14760	0.01615	0.04501	0.03029	0.22594	0.01615	0.01301	0.07718	0.12036	0.10970	0.02852	0.00842	0.00796	0.00198	0.10601	0.00757	0.00389	0.00711
38	0.00858	0.00646	0.00966	0.06101	0.01188	0.00757	0.00752	0.01032	0.00917	0.01304	0.01461	0.02234	0.01381	0.08498	0.61301	0.05773	0.03424	0.00609	0.00300	0.00496
39	0.01288	0.05989	0.05814	0.06627	0.01547	0.04680	0.03475	0.06267	0.07467	0.08899	0.13920	0.02444	0.02982	0.01661	0.19305	0.00359	0.00798	0.03933	0.01865	0.00681
40	0.01151	0.01262	0.06023	0.29793	0.02890	0.01287	0.27382	0.01527	0.01179	0.01596	0.01240	0.07713	0.01073	0.00879	0.04955	0.00240	0.08187	0.00657	0.00290	0.00673
41	0.01173	0.01195	0.01770	0.28870	0.02541	0.08873	0.17218	0.01565	0.05291	0.01681	0.09493	0.08320	0.07955	0.00798	0.00622	0.00189	0.00692	0.00741	0.00368	0.00646
42	0.01134	0.01057	0.01855	0.26889	0.21068	0.01116	0.13085	0.01465	0.01237	0.01705	0.05234	0.13720	0.01558	0.00766	0.00607	0.00188	0.00653	0.00736	0.05239	0.00688
43	0.01481	0.01544	0.08185	0.12545	0.38979	0.06469	0.11972	0.03963	0.01363	0.06314	0.01143	0.01436	0.00889	0.00539	0.00578	0.00176	0.00755	0.00521	0.00312	0.00837
44	0.03515	0.07554	0.12896	0.05135	0.01793	0.03572	0.15765	0.02692	0.01199	0.01638	0.01825	0.29743	0.01910	0.01216	0.05215	0.00242	0.02164	0.00915	0.00372	0.00639
45	0.04381	0.17460	0.02249	0.15446	0.17534	0.20062	0.10279	0.01824	0.01311	0.01589	0.00957	0.01238	0.00788	0.00542	0.00544	0.00163	0.02176	0.00448	0.00276	0.00734
46	0.00800	0.00679	0.00896	0.19559	0.01562	0.00683	0.00742	0.01020	0.01302	0.01650	0.16872	0.10940	0.38771	0.01217	0.00655	0.00194	0.00405	0.01044	0.00481	0.00528
47	0.01073	0.00745	0.00987	0.05334	0.13142	0.00761	0.00751	0.01435	0.06238	0.02046	0.14811	0.08495	0.02228	0.00821	0.00522	0.00162	0.00378	0.00710	0.38738	0.00619
48	0.11371	0.04216	0.35523	0.12520	0.06924	0.02758	0.05667	0.08820	0.01346	0.04160	0.01067	0.01276	0.00781	0.00558	0.00532	0.00179	0.00747	0.00450	0.00309	0.00797
49	0.01446	0.01196	0.01847	0.07088	0.44667	0.01219	0.01392	0.01950	0.12421	0.09872	0.01817	0.02053	0.07145	0.00679	0.00585	0.00180	0.00595	0.02598	0.00398	0.00853
50	0.00695	0.00504	0.00657	0.00779	0.00825	0.00466	0.00523	0.00798	0.01112	0.01467	0.03362	0.73656	0.09517	0.01765	0.00726	0.00229	0.00329	0.01593	0.00531	0.00466
51	0.01151	0.01369	0.12024	0.34157	0.12739	0.01253	0.15308	0.01561	0.01184	0.01615	0.01118	0.01563	0.00881	0.01015	0.10365	0.00280	0.00898	0.00542	0.00270	0.00709
52	0.01737	0.01777	0.23687	0.07483	0.02075	0.05753	0.05267	0.10268	0.08651	0.22864	0.03681	0.01641	0.01188	0.00647	0.00571	0.00180	0.00678	0.00532	0.00459	0.00861
53	0.01343	0.11862	0.24385	0.02489	0.35168	0.01477	0.11697	0.01777	0.01263	0.01781	0.01037	0.01309	0.00826	0.00513	0.00549	0.00170	0.00758	0.00481	0.00267	0.00848
54	0.00696	0.00501	0.00661	0.00789	0.00828	0.00465	0.00528	0.00797	0.01102	0.01463	0.03244	0.76952	0.06297	0.01780	0.00728	0.00231	0.00330	0.01612	0.00531	0.00465
55	0.01597	0.06170	0.16771	0.05913	0.02383	0.25193	0.24198	0.06238	0.01457	0.01745	0.01026	0.01271	0.00791	0.00555	0.00595	0.00173	0.02387	0.00490	0.00294	0.00752
56	0.01093	0.01475	0.19343	0.01017	0.01389	0.10119	0.00981	0.01476	0.06754	0.04259	0.05783	0.07495	0.34465	0.01059	0.00617	0.00186	0.00535	0.00869	0.00445	0.00641
57	0.01418	0.01238	0.18785	0.01079	0.01441	0.00800	0.01026	0.01700	0.01310	0.25792	0.02358	0.31649	0.02273	0.01137	0.00640	0.00204	0.00514	0.05394	0.00520	0.00722
58	0.01080	0.01017	0.01716	0.78523	0.03940	0.01271	0.01589	0.01461	0.01144	0.01461	0.01017	0.01525	0.00762	0.00572	0.00572	0.00191	0.00762	0.00508	0.00254	0.00635
59	0.01574	0.01730	0.11226	0.07326	0.02288	0.14836	0.24827	0.02018	0.06430	0.11535	0.01483	0.01658	0.04219	0.00639	0.00678	0.00185	0.05642	0.00575	0.00365	0.00765
60	0.03022	0.00864	0.01154	0.07036	0.05046	0.04887	0.06460	0.01231	0.01434	0.01953	0.38664	0.09514	0.12850	0.01072	0.00672	0.00187	0.01925	0.00945	0.00505	0.00580
61	0.15339	0.02989	0.04500	0.05684	0.06043	0.03120	0.00875	0.01782	0.01331	0.24373	0.09866	0.17880	0.02062	0.00915	0.00572	0.00187	0.00487	0.00770	0.00507	0.00718
62	0.09942	0.01339	0.01391	0.01154	0.01507	0.14404	0.05247	0.10034	0.05931	0.27685	0.04311	0.09984	0.02950	0.00802	0.00571	0.00179	0.00592	0.00655	0.00529	0.00791
63	0.01356	0.17584	0.21011	0.07055	0.23628	0.01478	0.03519	0.01843	0.07120	0.04324	0.01319	0.01572	0.03045	0.00595	0.00533	0.00170	0.00682	0.02037	0.00314	0.00817
64	0.07599	0.13396	0.04252	0.00946	0.01144	0.07592	0.00771	0.01229	0.01174	0.01570	0.02296	0.41918	0.02603	0.01306	0.00624	0.00205	0.00490	0.09886	0.00439	0.00560
65	0.01049	0.03065	0.01020	0.06691	0.01266	0.00867	0.00724	0.12511	0.07509	0.01868	0.04211	0.42810	0.06457	0.06214	0.00802	0.00230	0.00439	0.01168	0.00503	0.00596

[dist]
# distance from previous block
# <min> <max>
3	22

[block]
# block no. 9 follows, 41 sequences, length 39
# corresponding to MSA columns:
# 742-780
name=unknown_J
#
# <colnr> <probs for GDERKNQSTAVLIFYWHMCP>
#	G	D	E	R	K	N	Q	S	T	A	V	L	I	F	Y	W	H	M	C	P
0	0.01352	0.22448	0.27379	0.06226	0.12417	0.07052	0.05286	0.01737	0.01221	0.01615	0.01024	0.03725	0.00863	0.00591	0.00583	0.00168	0.04815	0.00462	0.00265	0.00772
1	0.01093	0.01005	0.09363	0.00935	0.01206	0.00808	0.00814	0.09043	0.05595	0.06679	0.16212	0.18129	0.19306	0.01208	0.00657	0.00199	0.00430	0.06145	0.00534	0.00639
2	0.01154	0.01503	0.20835	0.11013	0.14255	0.01118	0.06977	0.06003	0.01230	0.01700	0.01535	0.02184	0.05479	0.19183	0.03197	0.00288	0.00722	0.00619	0.00317	0.00686
3	0.05779	0.03423	0.06382	0.24076	0.02576	0.05658	0.17294	0.10380	0.01403	0.01925	0.06428	0.01586	0.01131	0.00648	0.00715	0.00189	0.08805	0.00554	0.00333	0.00713
4	0.01101	0.01094	0.02018	0.04138	0.04455	0.01111	0.31091	0.01428	0.02787	0.01663	0.05387	0.11648	0.07581	0.05365	0.06448	0.00275	0.08813	0.02592	0.00365	0.00641
5	0.01096	0.01027	0.01275	0.07127	0.19205	0.10050	0.00999	0.01295	0.01236	0.01582	0.03737	0.35624	0.02459	0.03233	0.00714	0.00214	0.00552	0.07546	0.00420	0.00610
6	0.01047	0.06583	0.01572	0.12920	0.08584	0.01025	0.09415	0.01311	0.01204	0.01602	0.04191	0.16012	0.02160	0.03788	0.04208	0.00256	0.03686	0.19434	0.00394	0.00608
7	0.04706	0.01198	0.06955	0.01527	0.11691	0.03293	0.09824	0.05510	0.04244	0.18421	0.01997	0.24348	0.01861	0.00950	0.00619	0.00194	0.00571	0.00858	0.00477	0.00756
8	0.01020	0.00866	0.01123	0.21045	0.01816	0.00957	0.00897	0.01657	0.21521	0.01940	0.21375	0.08553	0.12958	0.00990	0.00627	0.00192	0.00455	0.00859	0.00498	0.00651
9	0.02800	0.01207	0.02083	0.46184	0.15451	0.01352	0.14005	0.06819	0.01313	0.01766	0.01072	0.01488	0.00817	0.00554	0.00585	0.00186	0.00768	0.00534	0.00290	0.00727
10	0.01576	0.06630	0.28937	0.01646	0.04161	0.07510	0.17271	0.06521	0.01449	0.13734	0.04167	0.01501	0.01069	0.00589	0.00572	0.00176	0.00775	0.00522	0.00367	0.00826
11	0.00779	0.00571	0.00754	0.00833	0.00905	0.00577	0.00587	0.01006	0.05743	0.01556	0.06988	0.54378	0.03264	0.02135	0.15024	0.00353	0.00558	0.01320	0.02166	0.00507
12	0.01080	0.01017	0.01716	0.78523	0.03940	0.01271	0.01589	0.01461	0.01144	0.01461	0.01017	0.01525	0.00762	0.00572	0.00572	0.00191	0.00762	0.00508	0.00254	0.00635
13	0.01476	0.02026	0.19295	0.04596	0.17197	0.18202	0.16434	0.01992	0.08202	0.01773	0.01243	0.01458	0.02332	0.00574	0.00576	0.00176	0.00828	0.00518	0.00309	0.00794
14	0.01059	0.00962	0.01549	0.28235	0.21310	0.01038	0.03421	0.01390	0.04076	0.01619	0.01985	0.22076	0.07038	0.00941	0.00623	0.00197	0.00589	0.00860	0.00367	0.00664
15	0.00783	0.00560	0.00775	0.00808	0.00893	0.00571	0.00590	0.00931	0.01128	0.01557	0.17607	0.27340	0.06961	0.02535	0.27799	0.06432	0.00750	0.01045	0.00452	0.00482
16	0.00901	0.00736	0.01079	0.01031	0.01114	0.00914	0.00818	0.01090	0.00911	0.01337	0.01382	0.02056	0.01299	0.03657	0.63063	0.00791	0.16401	0.00591	0.00296	0.00533
17	0.01679	0.09849	0.05905	0.01450	0.01904	0.05813	0.20013	0.08552	0.12407	0.17183	0.01832	0.03879	0.05516	0.00690	0.00584	0.00178	0.00667	0.00622	0.00456	0.00819
18	0.01159	0.05268	0.74725	0.01611	0.02446	0.01356	0.02079	0.01808	0.01206	0.01798	0.01020	0.01199	0.00725	0.00542	0.00538	0.00179	0.00838	0.00419	0.00242	0.00842
19	0.01389	0.01807	0.29689	0.01232	0.01755	0.01224	0.01296	0.24467	0.01718	0.04078	0.04242	0.02409	0.16584	0.00827	0.00587	0.00181	0.00616	0.02554	0.02555	0.00789
20	0.01796	0.01116	0.01604	0.22632	0.06559	0.03574	0.05704	0.03601	0.08781	0.32383	0.01763	0.05202	0.01280	0.00696	0.00586	0.00184	0.00614	0.00605	0.00496	0.00824
21	0.01560	0.01054	0.01424	0.04320	0.06931	0.01110	0.04998	0.03631	0.24801	0.20531	0.02184	0.02345	0.05866	0.01218	0.09914	0.00279	0.02677	0.03832	0.00515	0.00809
22	0.01495	0.11767	0.32843	0.01662	0.02285	0.11856	0.17348	0.10594	0.01467	0.01920	0.01049	0.01241	0.00788	0.00547	0.00550	0.00171	0.00842	0.00467	0.00299	0.00807
23	0.01187	0.01132	0.01875	0.50065	0.22155	0.01351	0.01591	0.01526	0.01152	0.01555	0.01000	0.01464	0.00798	0.00608	0.00728	0.00193	0.10148	0.00508	0.00261	0.00703
24	0.01405	0.01629	0.07395	0.07110	0.09944	0.16936	0.20077	0.03646	0.05350	0.01773	0.05285	0.07820	0.01473	0.00751	0.00647	0.00187	0.02698	0.04799	0.00356	0.00718
25	0.00710	0.00512	0.00672	0.00778	0.00830	0.00474	0.00528	0.00832	0.01168	0.01564	0.12049	0.67168	0.07193	0.01702	0.00721	0.00224	0.00323	0.01536	0.00543	0.00474
