[name]
unknown

[dist]
# distance from previous block
# <min> <max>
1	1421

[block]
# block no. 0 follows, 45 sequences, length 14
# corresponding to MSA columns:
# 1467-1480
name=unknown_A
#
# <colnr> <probs for GDERKNQSTAVLIFYWHMCP>
#	G	D	E	R	K	N	Q	S	T	A	V	L	I	F	Y	W	H	M	C	P
0	0.13979	0.01076	0.01101	0.00957	0.01243	0.05253	0.00747	0.18963	0.12186	0.10026	0.05553	0.19212	0.01786	0.00874	0.00536	0.00173	0.00459	0.00719	0.00490	0.04663
1	0.01436	0.01298	0.02148	0.01601	0.02006	0.01317	0.35788	0.25123	0.05709	0.02164	0.01309	0.01764	0.01076	0.13661	0.00940	0.00230	0.00717	0.00608	0.00379	0.00726
2	0.01004	0.00848	0.00913	0.00860	0.00994	0.06077	0.00629	0.01468	0.19480	0.01584	0.14010	0.02689	0.02132	0.24528	0.17616	0.00418	0.03112	0.00687	0.00408	0.00543
3	0.01004	0.00601	0.00748	0.18186	0.01310	0.00655	0.00624	0.01278	0.01114	0.01861	0.01573	0.01874	0.01229	0.00606	0.00411	0.00137	0.00354	0.00495	0.65419	0.00522
4	0.01189	0.00905	0.01418	0.09536	0.18536	0.00865	0.08877	0.01439	0.01276	0.14053	0.05936	0.02942	0.29063	0.00859	0.00586	0.00173	0.00495	0.00764	0.00427	0.00662
5	0.14584	0.00580	0.00575	0.00589	0.00727	0.00601	0.00436	0.01192	0.01069	0.01927	0.01857	0.19378	0.01731	0.00840	0.00437	0.00152	0.00291	0.00695	0.51839	0.00499
6	0.14436	0.00610	0.00708	0.00696	0.00835	0.00604	0.00517	0.01046	0.01311	0.02020	0.48394	0.20612	0.03998	0.01130	0.00596	0.00179	0.00293	0.00984	0.00528	0.00503
7	0.01005	0.01142	0.13576	0.00904	0.01333	0.00740	0.00825	0.01274	0.01097	0.01657	0.01402	0.18875	0.01390	0.00702	0.00480	0.00125	0.00443	0.00600	0.00343	0.52086
8	0.01179	0.00878	0.01025	0.00855	0.01181	0.00791	0.00660	0.04636	0.14055	0.08661	0.01952	0.19297	0.05436	0.00822	0.00517	0.00144	0.00390	0.00704	0.00446	0.36371
9	0.63252	0.00926	0.00802	0.03447	0.01078	0.01048	0.00596	0.01445	0.01054	0.02315	0.17864	0.01591	0.01585	0.00633	0.00406	0.00167	0.00390	0.00449	0.00387	0.00565
10	0.01773	0.01211	0.01602	0.16716	0.14369	0.01298	0.01153	0.29445	0.05518	0.19339	0.01408	0.01478	0.00993	0.00605	0.00537	0.00166	0.00584	0.00500	0.00464	0.00838
11	0.00994	0.13670	0.00904	0.00623	0.00782	0.00750	0.00491	0.01197	0.01098	0.01740	0.01857	0.19377	0.01749	0.00834	0.00439	0.00144	0.00317	0.00694	0.51823	0.00517
12	0.01699	0.01228	0.01444	0.01504	0.18406	0.11094	0.00978	0.03206	0.06645	0.25705	0.02952	0.02824	0.01153	0.00582	0.00505	0.00145	0.00545	0.00483	0.00437	0.18466
13	0.07247	0.01369	0.01026	0.00931	0.01180	0.27491	0.00712	0.03855	0.08607	0.04823	0.03613	0.02268	0.18137	0.00772	0.00500	0.00153	0.00550	0.00590	0.14032	0.02146

[dist]
# distance from previous block
# <min> <max>
0	16

[block]
# block no. 1 follows, 45 sequences, length 18
# corresponding to MSA columns:
# 1497-1514
name=unknown_B
#
# <colnr> <probs for GDERKNQSTAVLIFYWHMCP>
#	G	D	E	R	K	N	Q	S	T	A	V	L	I	F	Y	W	H	M	C	P
0	0.13603	0.00913	0.01025	0.00897	0.01178	0.00962	0.00709	0.05150	0.21079	0.09394	0.09484	0.03950	0.01686	0.01302	0.14433	0.00286	0.00591	0.01676	0.00454	0.11228
1	0.01370	0.01120	0.01230	0.00972	0.01332	0.03560	0.00778	0.23004	0.08830	0.02308	0.14738	0.01761	0.01661	0.00650	0.00549	0.00137	0.03509	0.00516	0.00447	0.31530
2	0.01254	0.01079	0.01088	0.00963	0.01206	0.08366	0.00746	0.12433	0.27083	0.02280	0.33964	0.02657	0.02903	0.00857	0.00576	0.00169	0.00427	0.00719	0.00538	0.00691
3	0.16231	0.53043	0.02342	0.01300	0.14797	0.01811	0.00987	0.01609	0.01082	0.01553	0.00793	0.00945	0.00698	0.00470	0.00375	0.00132	0.00557	0.00321	0.00254	0.00698
4	0.69973	0.00937	0.00759	0.00713	0.00992	0.01068	0.00567	0.01431	0.00934	0.02224	0.01140	0.15052	0.01108	0.00708	0.00395	0.00175	0.00397	0.00510	0.00362	0.00556
5	0.01578	0.01055	0.01206	0.01024	0.01308	0.01113	0.00803	0.38460	0.03701	0.11925	0.02005	0.29503	0.01916	0.01016	0.00590	0.00182	0.00471	0.00862	0.00539	0.00743
6	0.70299	0.01306	0.00918	0.00825	0.01148	0.14925	0.00662	0.01678	0.01021	0.02215	0.00762	0.00889	0.00601	0.00508	0.00359	0.00161	0.00513	0.00300	0.00322	0.00589
7	0.01095	0.01441	0.15851	0.01737	0.02204	0.01134	0.41696	0.01506	0.01168	0.01615	0.01408	0.01951	0.03977	0.01195	0.14445	0.00304	0.00928	0.05389	0.00290	0.00668
8	0.00648	0.00490	0.00599	0.00687	0.00763	0.00441	0.00471	0.00754	0.01086	0.01394	0.03698	0.58224	0.25634	0.01586	0.00670	0.00207	0.00300	0.01409	0.00498	0.00441
9	0.16351	0.53270	0.02226	0.00963	0.01367	0.15519	0.00880	0.01697	0.01135	0.01475	0.00761	0.00882	0.00670	0.00483	0.00367	0.00128	0.00615	0.00298	0.00256	0.00658
10	0.00942	0.00715	0.00814	0.00728	0.00927	0.00692	0.00563	0.14156	0.01593	0.02124	0.38882	0.03934	0.29662	0.01109	0.00617	0.00172	0.00319	0.00941	0.00549	0.00560
11	0.01099	0.15479	0.15440	0.52025	0.03044	0.01367	0.01477	0.01471	0.01087	0.01411	0.00919	0.01278	0.00705	0.00518	0.00498	0.00166	0.00704	0.00429	0.00235	0.00648
12	0.00754	0.00661	0.00795	0.00754	0.00888	0.00703	0.00590	0.00896	0.01089	0.01386	0.03892	0.03918	0.50483	0.01755	0.14660	0.00311	0.14652	0.00917	0.00414	0.00482
13	0.00939	0.00867	0.01584	0.01237	0.01511	0.00808	0.27162	0.01263	0.01430	0.01999	0.50463	0.03103	0.03561	0.00869	0.00633	0.00173	0.00484	0.00851	0.00478	0.00583
14	0.01863	0.02023	0.01447	0.01278	0.01585	0.47544	0.00980	0.11501	0.19910	0.04751	0.01265	0.01292	0.00973	0.00611	0.00508	0.00153	0.00770	0.00434	0.00389	0.00725
15	0.01603	0.01757	0.01497	0.01587	0.14939	0.37547	0.01060	0.07812	0.08858	0.01636	0.01140	0.01362	0.00946	0.01181	0.14436	0.00277	0.00909	0.00447	0.00324	0.00683
16	0.22863	0.01284	0.01171	0.00955	0.01323	0.15976	0.03123	0.04125	0.01243	0.08653	0.04080	0.03775	0.01029	0.00556	0.00441	0.00135	0.00532	0.00416	0.00367	0.27953
17	0.14674	0.01760	0.15021	0.01202	0.01631	0.19291	0.03928	0.13320	0.06312	0.10539	0.02421	0.01354	0.02589	0.00592	0.00492	0.00159	0.00656	0.00443	0.00388	0.03229

[dist]
# distance from previous block
# <min> <max>
1	33

[block]
# block no. 2 follows, 45 sequences, length 82
# corresponding to MSA columns:
# 1548-1558,1560-1603,1605-1631
name=unknown_C
#
# <colnr> <probs for GDERKNQSTAVLIFYWHMCP>
#	G	D	E	R	K	N	Q	S	T	A	V	L	I	F	Y	W	H	M	C	P
0	0.05475	0.01571	0.03978	0.01124	0.01455	0.22742	0.00902	0.13095	0.25606	0.02081	0.07138	0.01685	0.03212	0.00667	0.00514	0.00157	0.00594	0.00512	0.00434	0.07060
1	0.01051	0.00886	0.00961	0.00870	0.01132	0.00926	0.00679	0.04200	0.34456	0.01881	0.03067	0.03076	0.26274	0.01171	0.06387	0.00224	0.00455	0.03320	0.00488	0.08496
2	0.01272	0.00877	0.01044	0.00876	0.01140	0.00875	0.00692	0.14556	0.08377	0.11142	0.32164	0.04175	0.07108	0.00880	0.00613	0.00163	0.03167	0.00734	0.00537	0.09608
3	0.01869	0.01367	0.04077	0.01132	0.01524	0.07043	0.00937	0.30346	0.18113	0.20260	0.01659	0.03510	0.01203	0.00672	0.00533	0.00164	0.00545	0.00530	0.00529	0.03988
4	0.01245	0.01076	0.01362	0.01045	0.01473	0.00993	0.08166	0.03586	0.24480	0.03525	0.01378	0.01439	0.01071	0.00516	0.00473	0.00125	0.00462	0.00447	0.00396	0.46743
5	0.02773	0.00775	0.00908	0.00825	0.01022	0.00764	0.00602	0.07154	0.11535	0.12849	0.02144	0.24462	0.03701	0.19156	0.01063	0.00255	0.00426	0.00865	0.00473	0.08246
6	0.01496	0.01218	0.01296	0.01101	0.01437	0.01369	0.00869	0.22199	0.51191	0.02489	0.01873	0.01816	0.01415	0.03098	0.00602	0.00182	0.00471	0.00566	0.00526	0.04785
7	0.01016	0.03335	0.00581	0.00515	0.00652	0.00557	0.00394	0.01263	0.01124	0.01975	0.01716	0.01961	0.01352	0.00620	0.00374	0.00125	0.00261	0.00493	0.81178	0.00507
8	0.04698	0.01685	0.01940	0.01554	0.03788	0.24473	0.22536	0.18570	0.01611	0.08191	0.01154	0.01374	0.00888	0.04343	0.00645	0.00177	0.00774	0.00497	0.00369	0.00731
9	0.01310	0.00913	0.01123	0.00983	0.01213	0.01013	0.00779	0.22398	0.08104	0.08191	0.01529	0.01908	0.01273	0.05940	0.40166	0.00533	0.00989	0.00558	0.00413	0.00663
10	0.81989	0.01055	0.00818	0.00725	0.01060	0.01221	0.00597	0.04216	0.00971	0.02443	0.00767	0.00887	0.00593	0.00503	0.00339	0.00166	0.00421	0.00297	0.00339	0.00593
11	0.00736	0.00516	0.00732	0.00807	0.00869	0.00480	0.03093	0.00846	0.01054	0.04071	0.02865	0.75299	0.03379	0.01604	0.00678	0.00215	0.00337	0.01461	0.00496	0.00463
12	0.01203	0.05448	0.26882	0.01280	0.01753	0.01144	0.10972	0.11526	0.05364	0.03888	0.22702	0.02055	0.02032	0.00699	0.00559	0.00168	0.00591	0.00610	0.00404	0.00720
13	0.01258	0.00768	0.01144	0.27882	0.01938	0.00802	0.00916	0.01505	0.01279	0.21617	0.17541	0.16998	0.02313	0.00902	0.00585	0.00181	0.00476	0.00793	0.00472	0.00630
14	0.01001	0.00500	0.00500	0.00500	0.00625	0.00500	0.00375	0.01251	0.01126	0.02001	0.01751	0.02001	0.01376	0.00625	0.00375	0.00125	0.00250	0.00500	0.84115	0.00500
15	0.01001	0.00500	0.00500	0.00500	0.00625	0.00500	0.00375	0.01251	0.01126	0.02001	0.01751	0.02001	0.01376	0.00625	0.00375	0.00125	0.00250	0.00500	0.84115	0.00500
16	0.01186	0.01231	0.03793	0.01648	0.02013	0.06815	0.40667	0.01507	0.01210	0.04898	0.01575	0.16569	0.01494	0.01088	0.08078	0.00252	0.00808	0.04188	0.00342	0.00638
17	0.08351	0.00933	0.01195	0.00921	0.01335	0.00824	0.00757	0.02396	0.03233	0.61750	0.01881	0.01676	0.01218	0.00622	0.00508	0.00156	0.00446	0.00497	0.00596	0.10704
18	0.78777	0.01151	0.00843	0.00756	0.01084	0.06972	0.00615	0.01620	0.00959	0.02327	0.00754	0.00879	0.00590	0.00502	0.00343	0.00164	0.00456	0.00295	0.00328	0.00584
19	0.08295	0.01369	0.01420	0.01102	0.01520	0.05264	0.00901	0.46007	0.03830	0.10254	0.01275	0.01283	0.00916	0.00594	0.00497	0.00149	0.00549	0.00444	0.00487	0.13843
20	0.00859	0.00720	0.00898	0.00888	0.00993	0.06472	0.00682	0.01038	0.00908	0.01241	0.01405	0.02092	0.01323	0.07466	0.69527	0.00793	0.01359	0.00568	0.00289	0.00482
21	0.01307	0.01414	0.02922	0.02098	0.02621	0.01337	0.65828	0.07196	0.01350	0.01838	0.01129	0.02822	0.00869	0.00486	0.00617	0.00176	0.00850	0.00625	0.00297	0.04217
22	0.01001	0.00500	0.00500	0.00500	0.00625	0.00500	0.00375	0.01251	0.01126	0.02001	0.01751	0.02001	0.01376	0.00625	0.00375	0.00125	0.00250	0.00500	0.84115	0.00500
23	0.84927	0.01038	0.00789	0.00706	0.01038	0.01204	0.00581	0.01578	0.00914	0.02408	0.00747	0.00872	0.00581	0.00498	0.00332	0.00166	0.00415	0.00291	0.00332	0.00581
24	0.00898	0.00802	0.01314	0.35465	0.02251	0.00915	0.06569	0.01146	0.01081	0.01434	0.05316	0.30084	0.01999	0.01014	0.00680	0.00198	0.05294	0.02642	0.00357	0.00541
25	0.01187	0.01159	0.02042	0.43037	0.03046	0.01300	0.23368	0.06578	0.06836	0.01671	0.01098	0.01460	0.00826	0.00547	0.00609	0.00181	0.03557	0.00533	0.00291	0.00674
26	0.00774	0.00554	0.00764	0.00764	0.00825	0.00615	0.00548	0.00893	0.00831	0.01170	0.01517	0.02585	0.01545	0.30611	0.51327	0.02206	0.01104	0.00644	0.00300	0.00422
27	0.01193	0.00981	0.01142	0.00822	0.01295	0.00766	0.00660	0.05240	0.01197	0.03734	0.01000	0.01140	0.00814	0.00417	0.00408	0.00086	0.00409	0.00332	0.00338	0.78025
28	0.01175	0.00952	0.01119	0.00803	0.01277	0.00719	0.00643	0.01412	0.01133	0.05413	0.01010	0.01147	0.00821	0.00410	0.00404	0.00084	0.00400	0.00329	0.00335	0.80413
29	0.00943	0.00784	0.00917	0.00721	0.01062	0.00619	0.00564	0.01167	0.01229	0.01791	0.19879	0.02528	0.15628	0.00736	0.00496	0.00119	0.00341	0.00619	0.00415	0.49440
30	0.01706	0.00918	0.01159	0.00869	0.01301	0.00740	0.00703	0.01925	0.01309	0.37649	0.01570	0.04181	0.01140	0.00567	0.00474	0.00125	0.00422	0.00464	0.00487	0.42289
31	0.58453	0.01390	0.01001	0.00887	0.01213	0.19698	0.00707	0.01797	0.01109	0.08317	0.00879	0.00973	0.00668	0.00525	0.00385	0.00159	0.00550	0.00324	0.00346	0.00618
32	0.02178	0.01283	0.01474	0.01130	0.01554	0.01337	0.00934	0.48536	0.02154	0.31366	0.01599	0.01490	0.01069	0.00652	0.00538	0.00163	0.00541	0.00504	0.00585	0.00913
33	0.01500	0.01058	0.01333	0.03888	0.11090	0.01028	0.00895	0.14498	0.11047	0.15246	0.03434	0.06338	0.03199	0.00660	0.00515	0.00148	0.00474	0.00555	0.00457	0.22641
34	0.01720	0.01025	0.01430	0.01124	0.01507	0.00977	0.10258	0.05644	0.17205	0.33562	0.03516	0.07108	0.01479	0.00698	0.00548	0.00165	0.00492	0.00614	0.00532	0.10396
35	0.04204	0.00849	0.01098	0.00872	0.01208	0.00760	0.00705	0.01919	0.01401	0.41125	0.18167	0.02195	0.03749	0.00737	0.00589	0.00156	0.04149	0.00598	0.00556	0.14961
36	0.39045	0.01170	0.01158	0.02796	0.01368	0.01298	0.00788	0.24329	0.08347	0.13036	0.01233	0.01244	0.00883	0.00587	0.00447	0.00166	0.00482	0.00416	0.00457	0.00752
37	0.01887	0.01018	0.01287	0.01003	0.01403	0.04230	0.04292	0.02216	0.07824	0.44856	0.01812	0.05412	0.01296	0.00647	0.00519	0.00151	0.00478	0.00542	0.00537	0.18589
38	0.61031	0.01398	0.01007	0.00890	0.01218	0.17885	0.00711	0.07218	0.01163	0.02246	0.00805	0.00923	0.00629	0.00521	0.00380	0.00160	0.00547	0.00317	0.00335	0.00615
39	0.01267	0.01448	0.03167	0.02262	0.02805	0.01357	0.75837	0.01719	0.01267	0.01719	0.01086	0.01448	0.00814	0.00452	0.00633	0.00181	0.00905	0.00633	0.00271	0.00724
40	0.02408	0.00914	0.01246	0.00955	0.01370	0.00789	0.00789	0.02616	0.01536	0.78158	0.02118	0.01827	0.01329	0.00664	0.00540	0.00166	0.00457	0.00540	0.00664	0.00914
41	0.01776	0.05308	0.04462	0.01299	0.01725	0.10208	0.09519	0.39897	0.01912	0.06673	0.01204	0.01301	0.00892	0.00744	0.04284	0.00187	0.00694	0.00468	0.00431	0.07016
42	0.00774	0.00546	0.00717	0.00717	0.00763	0.00592	0.00490	0.00865	0.00820	0.01138	0.01571	0.02845	0.01662	0.44486	0.38985	0.00683	0.00956	0.00683	0.00307	0.00398
43	0.84927	0.01038	0.00789	0.00706	0.01038	0.01204	0.00581	0.01578	0.00914	0.02408	0.00747	0.00872	0.00581	0.00498	0.00332	0.00166	0.00415	0.00291	0.00332	0.00581
44	0.01573	0.10240	0.39488	0.01366	0.05460	0.01241	0.01449	0.07457	0.01350	0.23358	0.01293	0.01322	0.00889	0.00557	0.00504	0.00162	0.00653	0.00436	0.00375	0.00828
45	0.00767	0.00575	0.00863	0.00863	0.00959	0.00671	0.00671	0.00959	0.00863	0.01246	0.01438	0.02109	0.01342	0.04026	0.79008	0.00863	0.01438	0.00575	0.00288	0.00479
46	0.01113	0.00954	0.01113	0.00795	0.01272	0.00716	0.00636	0.01352	0.01113	0.01749	0.00954	0.01113	0.00795	0.00398	0.00398	0.00080	0.00398	0.00318	0.00318	0.84417
47	0.00932	0.00466	0.00699	0.00699	0.00699	0.00466	0.00466	0.00699	0.00699	0.00932	0.00932	0.01632	0.00932	0.01865	0.02098	0.84382	0.00466	0.00466	0.00233	0.00233
48	0.01209	0.01345	0.02888	0.02082	0.02577	0.01260	0.67253	0.01639	0.01296	0.01769	0.09794	0.01740	0.01299	0.00526	0.00633	0.00180	0.00831	0.00672	0.00308	0.00699
49	0.01884	0.00797	0.01078	0.00866	0.01190	0.00699	0.00699	0.02106	0.01531	0.53986	0.26093	0.02521	0.02517	0.00802	0.00569	0.00167	0.00392	0.00677	0.00641	0.00784
50	0.01721	0.00761	0.01026	0.00838	0.01133	0.00671	0.00671	0.01948	0.01529	0.46485	0.33532	0.02737	0.02886	0.00845	0.00579	0.00167	0.00372	0.00719	0.00634	0.00744
51	0.00654	0.00467	0.00623	0.00747	0.00779	0.00436	0.00498	0.00747	0.01028	0.01370	0.02959	0.80785	0.03550	0.01682	0.00685	0.00218	0.00311	0.01526	0.00498	0.00436
52	0.00654	0.00467	0.00623	0.00747	0.00779	0.00436	0.00498	0.00747	0.01028	0.01370	0.02959	0.80785	0.03550	0.01682	0.00685	0.00218	0.00311	0.01526	0.00498	0.00436
53	0.30022	0.01140	0.01098	0.00971	0.01293	0.01315	0.00770	0.07841	0.45306	0.02386	0.01626	0.01562	0.01223	0.00643	0.00472	0.00175	0.00434	0.00489	0.00472	0.00762
54	0.01220	0.01075	0.01141	0.00944	0.01312	0.03348	0.00740	0.02080	0.38451	0.01963	0.01828	0.01792	0.05843	0.00623	0.00488	0.00138	0.00420	0.00510	0.00440	0.35643
55	0.40703	0.01041	0.01048	0.00863	0.01232	0.03360	0.00707	0.03643	0.03935	0.36417	0.01428	0.01353	0.00965	0.00586	0.00442	0.00166	0.00454	0.00419	0.00492	0.00748
56	0.01402	0.58368	0.19199	0.01075	0.01605	0.01899	0.01158	0.07145	0.01206	0.01515	0.00834	0.00952	0.00704	0.00484	0.00395	0.00130	0.00623	0.00325	0.00252	0.00728
57	0.00744	0.00548	0.00695	0.00658	0.00792	0.00500	0.00494	0.00982	0.01481	0.02062	0.68187	0.04159	0.14438	0.01131	0.00633	0.00170	0.00256	0.00992	0.00579	0.00500
58	0.00767	0.00575	0.00863	0.00863	0.00959	0.00671	0.00671	0.00959	0.00863	0.01246	0.01438	0.02109	0.01342	0.04026	0.79008	0.00863	0.01438	0.00575	0.00288	0.00479
59	0.00758	0.00618	0.00951	0.00889	0.01026	0.00570	0.09626	0.00946	0.01222	0.01652	0.25015	0.40643	0.11337	0.01327	0.00658	0.00195	0.00362	0.01213	0.00498	0.00494
60	0.84927	0.01038	0.00789	0.00706	0.01038	0.01204	0.00581	0.01578	0.00914	0.02408	0.00747	0.00872	0.00581	0.00498	0.00332	0.00166	0.00415	0.00291	0.00332	0.00581
61	0.25472	0.01305	0.01337	0.01054	0.01454	0.01435	0.00870	0.46635	0.01957	0.11629	0.01230	0.01232	0.00867	0.00605	0.00480	0.00163	0.00526	0.00435	0.00494	0.00819
62	0.84927	0.01038	0.00789	0.00706	0.01038	0.01204	0.00581	0.01578	0.00914	0.02408	0.00747	0.00872	0.00581	0.00498	0.00332	0.00166	0.00415	0.00291	0.00332	0.00581
63	0.02081	0.00841	0.01141	0.00900	0.01258	0.00733	0.00733	0.02298	0.01533	0.63081	0.17072	0.02260	0.02070	0.00750	0.00558	0.00167	0.00416	0.00625	0.00650	0.00833
64	0.00654	0.00467	0.00623	0.00747	0.00779	0.00436	0.00498	0.00747	0.01028	0.01370	0.02959	0.80785	0.03550	0.01682	0.00685	0.00218	0.00311	0.01526	0.00498	0.00436
65	0.00642	0.00536	0.00560	0.00571	0.00734	0.00454	0.00422	0.00779	0.01217	0.01475	0.08574	0.12949	0.66484	0.01381	0.00640	0.00184	0.00275	0.01166	0.00503	0.00454
66	0.01459	0.27918	0.01789	0.01066	0.01425	0.08222	0.00897	0.05894	0.41727	0.01895	0.01549	0.01502	0.01208	0.00620	0.00474	0.00155	0.00529	0.00473	0.00418	0.00780
67	0.02039	0.01232	0.01477	0.01144	0.01543	0.09273	0.06419	0.13248	0.01586	0.41952	0.01598	0.01526	0.01078	0.00620	0.00584	0.00158	0.04310	0.00492	0.00520	0.09199
68	0.01133	0.01231	0.02201	0.03360	0.02095	0.07676	0.44505	0.01448	0.01219	0.01573	0.01758	0.22505	0.05096	0.00829	0.00632	0.00187	0.00720	0.00864	0.00342	0.00624
69	0.01381	0.01519	0.01614	0.01403	0.01472	0.20919	0.01140	0.01504	0.00996	0.01297	0.00736	0.01123	0.00701	0.00843	0.01443	0.00211	0.60417	0.00439	0.00245	0.00596
70	0.00760	0.00549	0.00718	0.00675	0.00802	0.00506	0.00506	0.01013	0.01519	0.02153	0.77503	0.04010	0.05065	0.01097	0.00633	0.00169	0.00253	0.00971	0.00591	0.00506
71	0.00662	0.00481	0.00625	0.00724	0.00776	0.00444	0.00492	0.00774	0.01090	0.01451	0.10228	0.67347	0.09722	0.01600	0.00676	0.00210	0.00303	0.01441	0.00507	0.00444
72	0.01335	0.01153	0.01214	0.01092	0.01396	0.01335	0.00850	0.02852	0.76817	0.02245	0.02185	0.02003	0.01639	0.00728	0.00546	0.00182	0.00425	0.00607	0.00546	0.00850
73	0.02121	0.00872	0.01168	0.00921	0.01290	0.00774	0.00751	0.02397	0.05078	0.63682	0.12934	0.02148	0.01879	0.00730	0.00553	0.00167	0.00426	0.00605	0.00648	0.00852
74	0.02408	0.00914	0.01246	0.00955	0.01370	0.00789	0.00789	0.02616	0.01536	0.78158	0.02118	0.01827	0.01329	0.00664	0.00540	0.00166	0.00457	0.00540	0.00664	0.00914
75	0.01174	0.01174	0.01644	0.01409	0.01409	0.01644	0.01174	0.01292	0.00822	0.01292	0.00705	0.01174	0.00705	0.00940	0.01762	0.00235	0.80153	0.00470	0.00235	0.00587
76	0.01303	0.01249	0.02132	0.09529	0.71753	0.01269	0.01635	0.01625	0.01210	0.01723	0.01005	0.01337	0.00839	0.00483	0.00532	0.00161	0.00644	0.00478	0.00263	0.00830
77	0.00723	0.00547	0.00666	0.00636	0.00779	0.00491	0.00477	0.00941	0.01432	0.01945	0.56210	0.04351	0.26488	0.01175	0.00633	0.00173	0.00259	0.01019	0.00564	0.00491
78	0.01384	0.00987	0.01227	0.01055	0.01285	0.01126	0.00851	0.23463	0.07047	0.09273	0.01438	0.01735	0.01170	0.02143	0.34532	0.00474	0.09177	0.00536	0.00411	0.00687
79	0.01765	0.22016	0.05647	0.01340	0.01707	0.50472	0.06601	0.01958	0.01377	0.01350	0.00834	0.00985	0.00699	0.00520	0.00462	0.00137	0.00857	0.00355	0.00262	0.00655
80	0.00701	0.00532	0.00709	0.00749	0.00843	0.00540	0.00551	0.00850	0.01019	0.01364	0.05506	0.28824	0.18790	0.02568	0.33311	0.00477	0.00770	0.01025	0.00414	0.00460
81	0.04063	0.01036	0.01334	0.01054	0.01437	0.01002	0.06336	0.08898	0.17616	0.29025	0.05401	0.04397	0.01467	0.00669	0.00529	0.00158	0.00470	0.00568	0.00525	0.14014

[dist]
# distance from previous block
# <min> <max>
0	2

[block]
# block no. 3 follows, 45 sequences, length 70
# corresponding to MSA columns:
# 1634-1703
name=unknown_D
#
# <colnr> <probs for GDERKNQSTAVLIFYWHMCP>
#	G	D	E	R	K	N	Q	S	T	A	V	L	I	F	Y	W	H	M	C	P
0	0.05004	0.01093	0.08489	0.00988	0.01280	0.00997	0.00834	0.11623	0.22623	0.04891	0.02241	0.24457	0.06100	0.00993	0.00574	0.00184	0.00443	0.02499	0.00482	0.04205
1	0.01418	0.01267	0.01447	0.26383	0.03841	0.08168	0.01107	0.18661	0.24121	0.02093	0.01592	0.01697	0.04541	0.00656	0.00539	0.00172	0.00601	0.00536	0.00414	0.00745
2	0.01812	0.01308	0.01580	0.01235	0.01631	0.01406	0.07487	0.43239	0.15284	0.11791	0.05086	0.01632	0.01282	0.00720	0.01820	0.00179	0.00571	0.00549	0.00529	0.00859
3	0.00729	0.00500	0.00609	0.00660	0.00675	0.00490	0.00406	0.00772	0.00884	0.01181	0.02201	0.34977	0.02586	0.46487	0.04127	0.00407	0.00462	0.01079	0.00395	0.00375
4	0.01289	0.01235	0.02107	0.12974	0.68418	0.01265	0.01628	0.01613	0.01203	0.01705	0.01003	0.01342	0.00833	0.00486	0.00532	0.00162	0.00648	0.00478	0.00262	0.00818
5	0.00753	0.00548	0.00708	0.00668	0.00798	0.00504	0.00501	0.00999	0.01503	0.02113	0.73473	0.04074	0.09119	0.01112	0.00633	0.00170	0.00254	0.00980	0.00586	0.00504
6	0.01014	0.00954	0.01610	0.79845	0.03697	0.01193	0.01491	0.01371	0.01073	0.01371	0.00954	0.01431	0.00716	0.00537	0.00537	0.00179	0.00716	0.00477	0.00239	0.00596
7	0.00680	0.00490	0.00645	0.00723	0.00783	0.00455	0.00498	0.00816	0.01159	0.01573	0.22082	0.58954	0.06101	0.01523	0.00670	0.00204	0.00295	0.01373	0.00522	0.00455
8	0.84927	0.01038	0.00789	0.00706	0.01038	0.01204	0.00581	0.01578	0.00914	0.02408	0.00747	0.00872	0.00581	0.00498	0.00332	0.00166	0.00415	0.00291	0.00332	0.00581
9	0.01077	0.02777	0.78354	0.01530	0.02323	0.01247	0.01983	0.01700	0.01133	0.01700	0.00963	0.01133	0.00680	0.00510	0.00510	0.00170	0.00793	0.00397	0.00227	0.00793
10	0.00932	0.00466	0.00699	0.00699	0.00699	0.00466	0.00466	0.00699	0.00699	0.00932	0.00932	0.01632	0.00932	0.01865	0.02098	0.84382	0.00466	0.00466	0.00233	0.00233
11	0.01495	0.73125	0.02676	0.00968	0.01407	0.10242	0.00931	0.01664	0.01136	0.01268	0.00755	0.00872	0.00689	0.00469	0.00359	0.00117	0.00616	0.00293	0.00235	0.00682
12	0.02408	0.00914	0.01246	0.00955	0.01370	0.00789	0.00789	0.02616	0.01536	0.78158	0.02118	0.01827	0.01329	0.00664	0.00540	0.00166	0.00457	0.00540	0.00664	0.00914
13	0.02284	0.01113	0.01369	0.01049	0.01470	0.01084	0.00867	0.27367	0.01869	0.52937	0.01838	0.01645	0.01188	0.00658	0.00539	0.00164	0.00502	0.00521	0.00621	0.00913
14	0.07401	0.01377	0.01462	0.01139	0.01543	0.03904	0.00936	0.54544	0.02196	0.14552	0.04579	0.01448	0.01123	0.00654	0.00527	0.00162	0.00557	0.00496	0.00537	0.00865
15	0.01408	0.04474	0.01250	0.01038	0.01353	0.01269	0.00821	0.05954	0.58040	0.08605	0.02330	0.02152	0.07418	0.00757	0.00544	0.00177	0.00430	0.00623	0.00539	0.00820
16	0.01942	0.01571	0.01518	0.01220	0.01607	0.12623	0.00985	0.50380	0.14026	0.06522	0.01404	0.01381	0.01016	0.00646	0.00531	0.00161	0.00612	0.00486	0.00507	0.00861
17	0.01077	0.02777	0.78354	0.01530	0.02323	0.01247	0.01983	0.01700	0.01133	0.01700	0.00963	0.01133	0.00680	0.00510	0.00510	0.00170	0.00793	0.00397	0.00227	0.00793
18	0.01096	0.00935	0.01094	0.00789	0.01249	0.00706	0.00630	0.01335	0.01133	0.01769	0.04636	0.01252	0.01000	0.00431	0.00409	0.00084	0.00391	0.00349	0.00331	0.80380
19	0.00652	0.00525	0.00576	0.00604	0.00739	0.00455	0.00434	0.00781	0.01180	0.01463	0.09390	0.23538	0.52253	0.04053	0.00716	0.00201	0.00289	0.01207	0.00499	0.00448
20	0.01155	0.00979	0.01136	0.00815	0.01290	0.00759	0.00654	0.04755	0.01177	0.01824	0.00969	0.01121	0.00800	0.00409	0.00404	0.00083	0.00406	0.00326	0.00328	0.80609
21	0.02016	0.00827	0.01117	0.00886	0.01234	0.00721	0.00720	0.02232	0.01524	0.60227	0.17939	0.02373	0.04166	0.00774	0.00562	0.00167	0.00409	0.00646	0.00645	0.00816
22	0.01228	0.01386	0.03006	0.02166	0.02677	0.01299	0.71057	0.01658	0.01252	0.01697	0.01205	0.06481	0.00988	0.00530	0.00637	0.00183	0.00867	0.00690	0.00286	0.00706
23	0.01289	0.49379	0.33612	0.01168	0.01763	0.01766	0.01353	0.01645	0.01108	0.01441	0.00835	0.00972	0.00685	0.00480	0.00412	0.00137	0.00663	0.00332	0.00228	0.00731
24	0.00758	0.00544	0.00701	0.00682	0.00773	0.00534	0.00487	0.00932	0.01208	0.01686	0.41705	0.05394	0.06796	0.20600	0.14503	0.00372	0.00521	0.00878	0.00470	0.00455
25	0.01231	0.00959	0.01027	0.00956	0.01163	0.07549	0.00739	0.06508	0.18991	0.08786	0.05265	0.10366	0.05346	0.05633	0.16955	0.00342	0.00680	0.06409	0.00460	0.00636
26	0.00722	0.00547	0.00665	0.00636	0.00779	0.00490	0.00477	0.00940	0.01430	0.01940	0.55701	0.04360	0.27000	0.01177	0.00634	0.00173	0.00259	0.01020	0.00563	0.00490
27	0.01968	0.01229	0.01398	0.01102	0.01488	0.01297	0.00899	0.42758	0.09305	0.23751	0.05216	0.04255	0.01378	0.00713	0.00548	0.00167	0.00513	0.00568	0.00574	0.00872
28	0.01597	0.01668	0.01686	0.23848	0.19205	0.30563	0.01288	0.07099	0.01401	0.05205	0.00998	0.01242	0.00780	0.00544	0.00516	0.00157	0.00772	0.00431	0.00300	0.00700
29	0.00749	0.00555	0.00734	0.00710	0.00830	0.00548	0.00535	0.00962	0.01273	0.01777	0.45217	0.03582	0.11890	0.04977	0.22841	0.00379	0.00600	0.00870	0.00485	0.00486
30	0.00774	0.00545	0.00709	0.00709	0.00752	0.00587	0.00479	0.00860	0.00817	0.01132	0.01578	0.02888	0.01680	0.46799	0.36697	0.00673	0.00929	0.00689	0.00308	0.00394
31	0.00730	0.00545	0.00677	0.00649	0.00785	0.00493	0.00485	0.00954	0.01443	0.01980	0.59958	0.06283	0.20700	0.01169	0.00635	0.00173	0.00259	0.01020	0.00568	0.00493
32	0.01423	0.01589	0.01607	0.01401	0.01484	0.24814	0.01133	0.01547	0.01032	0.01298	0.00742	0.01113	0.00701	0.00824	0.01379	0.00206	0.56429	0.00433	0.00247	0.00598
33	0.01113	0.00954	0.01113	0.00795	0.01272	0.00716	0.00636	0.01352	0.01113	0.01749	0.00954	0.01113	0.00795	0.00398	0.00398	0.00080	0.00398	0.00318	0.00318	0.84417
34	0.05887	0.01900	0.01576	0.01301	0.01662	0.35715	0.04401	0.30831	0.01872	0.08136	0.01116	0.01177	0.00827	0.00590	0.00509	0.00153	0.00753	0.00425	0.00410	0.00760
35	0.00779	0.00528	0.00624	0.00624	0.00637	0.00541	0.00373	0.00805	0.00792	0.01069	0.01656	0.03317	0.01867	0.70390	0.13361	0.00568	0.00648	0.00752	0.00320	0.00347
36	0.01948	0.02430	0.01487	0.01345	0.01620	0.72767	0.01012	0.04527	0.01554	0.01421	0.04424	0.01121	0.00903	0.00582	0.00493	0.00140	0.00922	0.00379	0.00300	0.00626
37	0.01716	0.01164	0.01455	0.01338	0.12783	0.01110	0.00939	0.24860	0.01660	0.18919	0.01320	0.01355	0.00956	0.00544	0.00492	0.00136	0.00506	0.00442	0.00454	0.27853
38	0.03956	0.05686	0.01405	0.01115	0.01463	0.27938	0.00891	0.04541	0.06741	0.35146	0.01580	0.01632	0.01141	0.00650	0.00514	0.00158	0.00642	0.03549	0.00481	0.00772
39	0.02005	0.02558	0.01521	0.01383	0.01659	0.78980	0.01037	0.02143	0.01521	0.01314	0.00830	0.00968	0.00691	0.00553	0.00484	0.00138	0.00968	0.00346	0.00277	0.00622
40	0.00654	0.00467	0.00623	0.00747	0.00779	0.00436	0.00498	0.00747	0.01028	0.01370	0.02959	0.80785	0.03550	0.01682	0.00685	0.00218	0.00311	0.01526	0.00498	0.00436
41	0.01172	0.01253	0.02557	0.22252	0.06401	0.01256	0.48273	0.01575	0.01214	0.01634	0.04271	0.01593	0.00995	0.02348	0.00652	0.00187	0.00807	0.00603	0.00277	0.00679
42	0.02005	0.02558	0.01521	0.01383	0.01659	0.78980	0.01037	0.02143	0.01521	0.01314	0.00830	0.00968	0.00691	0.00553	0.00484	0.00138	0.00968	0.00346	0.00277	0.00622
43	0.01496	0.73048	0.02675	0.00968	0.01408	0.10316	0.00931	0.01664	0.01137	0.01268	0.00755	0.00872	0.00689	0.00469	0.00359	0.00117	0.00616	0.00293	0.00235	0.00682
44	0.00717	0.00547	0.00658	0.00630	0.00775	0.00488	0.00472	0.00929	0.01417	0.01910	0.52642	0.04409	0.30077	0.01188	0.00634	0.00173	0.00260	0.01027	0.00559	0.00488
45	0.02408	0.00914	0.01246	0.00955	0.01370	0.00789	0.00789	0.02616	0.01536	0.78158	0.02118	0.01827	0.01329	0.00664	0.00540	0.00166	0.00457	0.00540	0.00664	0.00914
46	0.00671	0.00542	0.00601	0.00620	0.00773	0.00472	0.00469	0.00826	0.01238	0.01539	0.13596	0.13680	0.54172	0.01375	0.00649	0.00189	0.00293	0.07326	0.00509	0.00461
47	0.00652	0.00476	0.00613	0.00723	0.00772	0.00438	0.00488	0.00750	0.01051	0.01380	0.03252	0.71827	0.12319	0.01644	0.00679	0.00214	0.00307	0.01479	0.00498	0.00438
48	0.01161	0.01107	0.01896	0.39577	0.38707	0.01218	0.03500	0.01496	0.01148	0.01562	0.01033	0.03341	0.00852	0.00535	0.00540	0.00171	0.00674	0.00508	0.00259	0.00716
49	0.00654	0.00467	0.00623	0.00747	0.00779	0.00436	0.00498	0.00747	0.01028	0.01370	0.02959	0.80785	0.03550	0.01682	0.00685	0.00218	0.00311	0.01526	0.00498	0.00436
50	0.03902	0.01206	0.01379	0.01073	0.01460	0.01258	0.00878	0.43414	0.02049	0.26575	0.07206	0.01720	0.01377	0.03233	0.00610	0.00175	0.00518	0.00542	0.00569	0.00857
51	0.21265	0.01326	0.01334	0.01114	0.01468	0.06439	0.04417	0.22143	0.30437	0.02505	0.01464	0.01450	0.01093	0.00627	0.00493	0.00170	0.00525	0.00483	0.00463	0.00783
52	0.01514	0.01022	0.01193	0.00930	0.01345	0.00938	0.00745	0.05519	0.20986	0.19619	0.01559	0.01518	0.01144	0.00557	0.00476	0.00130	0.00427	0.00452	0.00468	0.39458
53	0.00760	0.00549	0.00718	0.00675	0.00802	0.00506	0.00506	0.01013	0.01519	0.02153	0.77503	0.04010	0.05065	0.01097	0.00633	0.00169	0.00253	0.00971	0.00591	0.00506
54	0.01864	0.01525	0.01506	0.01185	0.01593	0.10216	0.00960	0.52444	0.08214	0.02854	0.01267	0.01288	0.00932	0.00610	0.00514	0.00150	0.00596	0.00457	0.00481	0.11344
55	0.00654	0.00467	0.00623	0.00747	0.00779	0.00436	0.00498	0.00747	0.01028	0.01370	0.02959	0.80785	0.03550	0.01682	0.00685	0.00218	0.00311	0.01526	0.00498	0.00436
56	0.35419	0.01055	0.01011	0.00904	0.01210	0.01202	0.00720	0.03879	0.35102	0.04724	0.06484	0.01744	0.01437	0.00672	0.00469	0.00175	0.00416	0.02198	0.00464	0.00713
57	0.01697	0.01274	0.01451	0.01177	0.01550	0.01401	0.04321	0.33488	0.33362	0.09086	0.01855	0.01763	0.03677	0.00695	0.00549	0.00172	0.00514	0.00567	0.00538	0.00863
58	0.01241	0.01130	0.01671	0.10242	0.38934	0.01207	0.01263	0.01913	0.24318	0.01859	0.05980	0.01798	0.01376	0.03985	0.00635	0.00184	0.00553	0.00560	0.00371	0.00781
59	0.01662	0.01280	0.01408	0.01056	0.01505	0.01278	0.00864	0.45563	0.01949	0.02717	0.01152	0.01217	0.00865	0.00544	0.00480	0.00128	0.00512	0.00416	0.00448	0.34958
60	0.01335	0.01153	0.01214	0.01092	0.01396	0.01335	0.00850	0.02852	0.76817	0.02245	0.02185	0.02003	0.01639	0.00728	0.00546	0.00182	0.00425	0.00607	0.00546	0.00850
61	0.00696	0.00546	0.00629	0.00609	0.00763	0.00479	0.00456	0.00890	0.01369	0.01796	0.40909	0.04597	0.41882	0.01230	0.00634	0.00175	0.00263	0.01053	0.00544	0.00479
62	0.51083	0.01032	0.00969	0.00833	0.01178	0.01137	0.00677	0.02045	0.15202	0.19140	0.01319	0.01294	0.00944	0.00578	0.00418	0.00169	0.00426	0.00405	0.00446	0.00705
63	0.01335	0.01153	0.01214	0.01092	0.01396	0.01335	0.00850	0.02852	0.76817	0.02245	0.02185	0.02003	0.01639	0.00728	0.00546	0.00182	0.00425	0.00607	0.00546	0.00850
64	0.03288	0.00683	0.00870	0.00749	0.00987	0.00610	0.00588	0.01529	0.01463	0.27770	0.38431	0.03385	0.15507	0.00979	0.00595	0.00170	0.00329	0.00835	0.00595	0.00637
65	0.01001	0.00500	0.00500	0.00500	0.00625	0.00500	0.00375	0.01251	0.01126	0.02001	0.01751	0.02001	0.01376	0.00625	0.00375	0.00125	0.00250	0.00500	0.84115	0.00500
66	0.00654	0.00467	0.00623	0.00747	0.00779	0.00436	0.00498	0.00747	0.01028	0.01370	0.02959	0.80785	0.03550	0.01682	0.00685	0.00218	0.00311	0.01526	0.00498	0.00436
67	0.01113	0.00954	0.01113	0.00795	0.01272	0.00716	0.00636	0.01352	0.01113	0.01749	0.00954	0.01113	0.00795	0.00398	0.00398	0.00080	0.00398	0.00318	0.00318	0.84417
68	0.01345	0.01036	0.01188	0.01023	0.01308	0.01130	0.02595	0.14025	0.38288	0.06533	0.21116	0.04018	0.02394	0.00818	0.00571	0.00175	0.00419	0.00695	0.00555	0.00765
69	0.04748	0.01099	0.01089	0.00990	0.01269	0.04706	0.00767	0.02383	0.56075	0.02077	0.04271	0.02474	0.14132	0.00823	0.00551	0.00179	0.00420	0.00676	0.00518	0.00755

[dist]
# distance from previous block
# <min> <max>
0	1

[block]
# block no. 4 follows, 45 sequences, length 8
# corresponding to MSA columns:
# 1707-1714
name=unknown_E
#
# <colnr> <probs for GDERKNQSTAVLIFYWHMCP>
#	G	D	E	R	K	N	Q	S	T	A	V	L	I	F	Y	W	H	M	C	P
0	0.01827	0.01379	0.01572	0.01242	0.01630	0.04566	0.06356	0.46058	0.13456	0.09161	0.01558	0.06062	0.01195	0.00701	0.00552	0.00169	0.00576	0.00573	0.00517	0.00850
1	0.00973	0.00800	0.00884	0.00998	0.10196	0.06388	0.00571	0.03763	0.00985	0.01264	0.01801	0.03096	0.07154	0.56595	0.02065	0.00410	0.00552	0.00726	0.00335	0.00442
2	0.01035	0.03534	0.11748	0.00987	0.01275	0.05371	0.05180	0.06710	0.03765	0.02081	0.47997	0.02937	0.03426	0.00884	0.00589	0.00166	0.00446	0.00769	0.00488	0.00611
3	0.84927	0.01038	0.00789	0.00706	0.01038	0.01204	0.00581	0.01578	0.00914	0.02408	0.00747	0.00872	0.00581	0.00498	0.00332	0.00166	0.00415	0.00291	0.00332	0.00581
4	0.01456	0.01509	0.02694	0.01968	0.02463	0.05920	0.54217	0.15516	0.04998	0.02027	0.01159	0.01416	0.00864	0.00506	0.00603	0.00175	0.00828	0.00588	0.00333	0.00759
5	0.01067	0.00988	0.01542	0.58683	0.08629	0.01185	0.01355	0.01586	0.12489	0.01535	0.01353	0.01685	0.04463	0.00600	0.00542	0.00178	0.00645	0.00527	0.00299	0.00646
6	0.01001	0.00500	0.00500	0.00500	0.00625	0.00500	0.00375	0.01251	0.01126	0.02001	0.01751	0.02001	0.01376	0.00625	0.00375	0.00125	0.00250	0.00500	0.84115	0.00500
7	0.00863	0.00508	0.00749	0.00749	0.00783	0.00542	0.00529	0.00796	0.00763	0.01051	0.01163	0.01930	0.01147	0.08081	0.29305	0.49116	0.00813	0.00526	0.00259	0.00326

[dist]
# distance from previous block
# <min> <max>
0	4

[block]
# block no. 5 follows, 45 sequences, length 6
# corresponding to MSA columns:
# 1719-1724
name=unknown_F
#
# <colnr> <probs for GDERKNQSTAVLIFYWHMCP>
#	G	D	E	R	K	N	Q	S	T	A	V	L	I	F	Y	W	H	M	C	P
0	0.84927	0.01038	0.00789	0.00706	0.01038	0.01204	0.00581	0.01578	0.00914	0.02408	0.00747	0.00872	0.00581	0.00498	0.00332	0.00166	0.00415	0.00291	0.00332	0.00581
1	0.01278	0.01224	0.02088	0.15514	0.65960	0.01262	0.01622	0.01603	0.01198	0.01693	0.01001	0.01345	0.00829	0.00488	0.00532	0.00163	0.00650	0.00478	0.00261	0.00810
2	0.02010	0.02411	0.01534	0.01362	0.01660	0.68169	0.01035	0.12470	0.01661	0.01603	0.00894	0.01013	0.00722	0.00566	0.00491	0.00141	0.00915	0.00365	0.00313	0.00663
3	0.01435	0.81458	0.02813	0.00918	0.01378	0.02124	0.00918	0.01607	0.01091	0.01263	0.00746	0.00861	0.00689	0.00459	0.00344	0.00115	0.00574	0.00287	0.00230	0.00689
4	0.00781	0.00520	0.00585	0.00585	0.00585	0.00520	0.00325	0.00781	0.00781	0.01041	0.01691	0.03513	0.01952	0.81135	0.02732	0.00520	0.00520	0.00781	0.00325	0.00325
5	0.49356	0.00983	0.00840	0.00777	0.01039	0.04787	0.00610	0.01560	0.08900	0.02200	0.15229	0.08615	0.01783	0.00739	0.00448	0.00171	0.00404	0.00560	0.00414	0.00584

[dist]
# distance from previous block
# <min> <max>
0	2

[block]
# block no. 6 follows, 45 sequences, length 49
# corresponding to MSA columns:
# 1727-1775
name=unknown_G
#
# <colnr> <probs for GDERKNQSTAVLIFYWHMCP>
#	G	D	E	R	K	N	Q	S	T	A	V	L	I	F	Y	W	H	M	C	P
0	0.84927	0.01038	0.00789	0.00706	0.01038	0.01204	0.00581	0.01578	0.00914	0.02408	0.00747	0.00872	0.00581	0.00498	0.00332	0.00166	0.00415	0.00291	0.00332	0.00581
1	0.02271	0.00966	0.01261	0.00974	0.01375	0.00881	0.00802	0.11545	0.01657	0.64701	0.06248	0.01883	0.01487	0.00686	0.00545	0.00166	0.00462	0.00557	0.00645	0.00891
2	0.00771	0.00559	0.00783	0.00783	0.00851	0.00627	0.00571	0.00907	0.00839	0.01187	0.01511	0.02515	0.01518	0.26329	0.56945	0.00764	0.01172	0.00635	0.00298	0.00435
3	0.01267	0.01448	0.03167	0.02262	0.02805	0.01357	0.75837	0.01719	0.01267	0.01719	0.01086	0.01448	0.00814	0.00452	0.00633	0.00181	0.00905	0.00633	0.00271	0.00724
4	0.02251	0.01083	0.01341	0.01037	0.01450	0.01052	0.00854	0.22093	0.06024	0.54063	0.01902	0.01694	0.01236	0.00663	0.00539	0.00166	0.00490	0.00529	0.00624	0.00910
5	0.00638	0.00544	0.00549	0.00548	0.00727	0.00455	0.00411	0.00778	0.01233	0.01472	0.07649	0.05130	0.75344	0.01351	0.00634	0.00181	0.00271	0.01128	0.00501	0.00455
6	0.01143	0.01407	0.13487	0.01624	0.02126	0.01082	0.36271	0.01541	0.01207	0.01707	0.01298	0.02009	0.01128	0.00602	0.00576	0.00166	0.00709	0.11466	0.00309	0.20143
7	0.01143	0.01086	0.01844	0.48355	0.34175	0.01227	0.01555	0.01485	0.01135	0.01529	0.00977	0.01389	0.00771	0.00513	0.00535	0.00171	0.00684	0.00478	0.00250	0.00701
8	0.01160	0.02210	0.46900	0.01904	0.07493	0.01287	0.27900	0.01703	0.01186	0.01710	0.01009	0.01257	0.00739	0.00488	0.00555	0.00173	0.00822	0.00485	0.00245	0.00773
9	0.00760	0.00549	0.00718	0.00675	0.00802	0.00506	0.00506	0.01013	0.01519	0.02153	0.77503	0.04010	0.05065	0.01097	0.00633	0.00169	0.00253	0.00971	0.00591	0.00506
10	0.01402	0.72760	0.08646	0.01010	0.01498	0.02031	0.03467	0.01618	0.01100	0.01312	0.00774	0.00901	0.00692	0.00463	0.00367	0.00121	0.00602	0.00307	0.00231	0.00698
11	0.00760	0.00549	0.00718	0.00675	0.00802	0.00506	0.00506	0.01013	0.01519	0.02153	0.77503	0.04010	0.05065	0.01097	0.00633	0.00169	0.00253	0.00971	0.00591	0.00506
12	0.01165	0.00952	0.01118	0.00802	0.01276	0.00719	0.00642	0.01403	0.01130	0.04840	0.01001	0.01142	0.00817	0.00408	0.00403	0.00083	0.00400	0.00327	0.00332	0.81039
13	0.00667	0.00499	0.00619	0.00686	0.00769	0.00452	0.00478	0.00796	0.01156	0.01518	0.15759	0.49856	0.21775	0.01508	0.00664	0.00201	0.00292	0.01340	0.00513	0.00452
14	0.00718	0.00582	0.00720	0.03944	0.04318	0.00531	0.00549	0.00896	0.01265	0.01637	0.24112	0.17093	0.39153	0.01270	0.00634	0.00183	0.00308	0.01099	0.00502	0.00488
15	0.01621	0.08332	0.01438	0.00988	0.01422	0.01192	0.00817	0.23077	0.09904	0.13368	0.01336	0.01343	0.00990	0.00549	0.00470	0.00130	0.00480	0.00427	0.00448	0.31669
16	0.01861	0.01995	0.01506	0.01285	0.01621	0.46979	0.03788	0.10470	0.08641	0.07121	0.01121	0.01194	0.00865	0.00569	0.00497	0.00143	0.00781	0.00408	0.00362	0.08794
17	0.02254	0.03673	0.01315	0.00988	0.01388	0.04391	0.00813	0.06043	0.05460	0.63260	0.03409	0.01782	0.01346	0.00663	0.00533	0.00164	0.00484	0.00532	0.00619	0.00882
18	0.01829	0.08285	0.05047	0.01431	0.08230	0.43966	0.01071	0.05472	0.06287	0.09642	0.03067	0.01248	0.00955	0.00578	0.00494	0.00147	0.00776	0.00414	0.00348	0.00710
19	0.01001	0.00500	0.00500	0.00500	0.00625	0.00500	0.00375	0.01251	0.01126	0.02001	0.01751	0.02001	0.01376	0.00625	0.00375	0.00125	0.00250	0.00500	0.84115	0.00500
20	0.01258	0.01507	0.06526	0.02230	0.02784	0.01353	0.72538	0.01719	0.01261	0.01719	0.01080	0.01434	0.00808	0.00455	0.00628	0.00181	0.00900	0.00623	0.00269	0.00727
21	0.01753	0.01137	0.01262	0.01064	0.01409	0.03190	0.00846	0.11181	0.40653	0.26127	0.02045	0.03922	0.01483	0.00719	0.00545	0.00174	0.00465	0.00589	0.00574	0.00860
22	0.02047	0.03549	0.05676	0.01054	0.01461	0.00931	0.03708	0.09095	0.01538	0.53256	0.01980	0.05730	0.01430	0.00739	0.00555	0.00172	0.00504	0.05151	0.00581	0.00844
23	0.00654	0.00467	0.00623	0.00747	0.00779	0.00436	0.00498	0.00747	0.01028	0.01370	0.02959	0.80785	0.03550	0.01682	0.00685	0.00218	0.00311	0.01526	0.00498	0.00436
24	0.01186	0.01135	0.02168	0.46608	0.03235	0.01231	0.29058	0.01571	0.01171	0.05811	0.01068	0.01460	0.00787	0.00513	0.00573	0.00179	0.00771	0.00539	0.00275	0.00662
25	0.01884	0.01167	0.01456	0.01345	0.09876	0.04512	0.03786	0.08999	0.23484	0.34806	0.01847	0.01724	0.01282	0.00648	0.00542	0.00169	0.00519	0.00543	0.00543	0.00868
26	0.01335	0.01153	0.01214	0.01092	0.01396	0.01335	0.00850	0.02852	0.76817	0.02245	0.02185	0.02003	0.01639	0.00728	0.00546	0.00182	0.00425	0.00607	0.00546	0.00850
27	0.01014	0.00954	0.01610	0.79845	0.03697	0.01193	0.01491	0.01371	0.01073	0.01371	0.00954	0.01431	0.00716	0.00537	0.00537	0.00179	0.00716	0.00477	0.00239	0.00596
28	0.00654	0.00467	0.00623	0.00747	0.00779	0.00436	0.00498	0.00747	0.01028	0.01370	0.02959	0.80785	0.03550	0.01682	0.00685	0.00218	0.00311	0.01526	0.00498	0.00436
29	0.84927	0.01038	0.00789	0.00706	0.01038	0.01204	0.00581	0.01578	0.00914	0.02408	0.00747	0.00872	0.00581	0.00498	0.00332	0.00166	0.00415	0.00291	0.00332	0.00581
30	0.11428	0.01204	0.01440	0.01098	0.01526	0.01212	0.05914	0.30457	0.03529	0.20292	0.01369	0.01363	0.00962	0.00578	0.00496	0.00150	0.00523	0.00458	0.00487	0.15513
31	0.01769	0.01538	0.01493	0.09515	0.01799	0.16512	0.01031	0.32550	0.17619	0.06156	0.01375	0.01414	0.01015	0.00643	0.00567	0.00165	0.03101	0.00484	0.00454	0.00800
32	0.00781	0.00520	0.00585	0.00585	0.00585	0.00520	0.00325	0.00781	0.00781	0.01041	0.01691	0.03513	0.01952	0.81135	0.02732	0.00520	0.00520	0.00781	0.00325	0.00325
33	0.01001	0.00693	0.01024	0.00863	0.01081	0.00626	0.08811	0.01251	0.01444	0.11525	0.47402	0.03650	0.16437	0.01017	0.00622	0.00172	0.00354	0.00907	0.00549	0.00572
34	0.00661	0.00470	0.00621	0.00738	0.00768	0.00441	0.00489	0.00749	0.01014	0.01352	0.02887	0.76447	0.03461	0.06142	0.00800	0.00235	0.00323	0.01484	0.00489	0.00430
35	0.01769	0.36243	0.02099	0.01146	0.01540	0.26739	0.00982	0.20228	0.01585	0.01805	0.00908	0.01002	0.00745	0.00535	0.00437	0.00134	0.00705	0.00355	0.00321	0.00723
