[name]
unknown

[dist]
# distance from previous block
# <min> <max>
0	86

[block]
# block no. 0 follows, 45 sequences, length 32
# corresponding to MSA columns:
# 95-126
name=unknown_A
#
# <colnr> <probs for GDERKNQSTAVLIFYWHMCP>
#	G	D	E	R	K	N	Q	S	T	A	V	L	I	F	Y	W	H	M	C	P
0	0.00746	0.00559	0.00636	0.00609	0.00778	0.00486	0.00460	0.00930	0.01349	0.04444	0.33259	0.04599	0.46755	0.01233	0.00631	0.00176	0.00271	0.01049	0.00540	0.00490
1	0.00781	0.00520	0.00585	0.00585	0.00585	0.00520	0.00325	0.00781	0.00781	0.01041	0.01691	0.03513	0.01952	0.81135	0.02732	0.00520	0.00520	0.00781	0.00325	0.00325
2	0.00966	0.00883	0.01478	0.56946	0.02961	0.01038	0.05113	0.01304	0.01190	0.01576	0.19211	0.02047	0.01758	0.00666	0.00565	0.00177	0.00615	0.00603	0.00324	0.00582
3	0.01283	0.01657	0.22698	0.01779	0.10085	0.01358	0.17574	0.01706	0.04817	0.07222	0.01066	0.01327	0.00829	0.00638	0.00899	0.00190	0.23346	0.00498	0.00291	0.00737
4	0.00676	0.00477	0.00616	0.00719	0.00744	0.00451	0.00468	0.00753	0.00984	0.01312	0.02734	0.67107	0.03267	0.15746	0.01047	0.00272	0.00348	0.01394	0.00468	0.00416
5	0.01077	0.02777	0.78354	0.01530	0.02323	0.01247	0.01983	0.01700	0.01133	0.01700	0.00963	0.01133	0.00680	0.00510	0.00510	0.00170	0.00793	0.00397	0.00227	0.00793
6	0.01070	0.00959	0.01506	0.51028	0.07852	0.01156	0.01297	0.06765	0.01154	0.01530	0.01186	0.08829	0.01045	0.00915	0.06064	0.00231	0.05929	0.00582	0.00290	0.00613
7	0.01113	0.00954	0.01113	0.00795	0.01272	0.00716	0.00636	0.01352	0.01113	0.01749	0.00954	0.01113	0.00795	0.00398	0.00398	0.00080	0.00398	0.00318	0.00318	0.84417
8	0.02234	0.00919	0.01228	0.00933	0.01357	0.00779	0.00768	0.02445	0.01479	0.67851	0.01961	0.01731	0.01257	0.00628	0.00521	0.00154	0.00449	0.00510	0.00618	0.12178
9	0.01004	0.02246	0.59855	0.01376	0.02000	0.01078	0.01679	0.01522	0.01136	0.01653	0.01423	0.10042	0.01302	0.00763	0.00559	0.00185	0.00703	0.10466	0.00291	0.00716
10	0.00888	0.01049	0.14660	0.04608	0.11576	0.00761	0.00959	0.01198	0.01329	0.01876	0.39720	0.11211	0.06108	0.00958	0.00599	0.00174	0.00427	0.00846	0.00454	0.00598
11	0.01576	0.07167	0.28537	0.01207	0.01712	0.02786	0.04710	0.03858	0.01311	0.28836	0.01625	0.11558	0.01291	0.00713	0.00537	0.00171	0.00601	0.00597	0.00429	0.00779
12	0.07014	0.01142	0.01523	0.61069	0.03152	0.10086	0.01338	0.01542	0.01139	0.05627	0.00989	0.01361	0.00737	0.00543	0.00517	0.00173	0.00710	0.00453	0.00273	0.00616
13	0.00859	0.01032	0.15013	0.00910	0.01163	0.00751	0.00818	0.01321	0.14232	0.01686	0.11543	0.31448	0.14746	0.01182	0.00615	0.00191	0.00406	0.01032	0.00467	0.00584
14	0.02489	0.06491	0.01895	0.01476	0.05537	0.03296	0.22173	0.11572	0.13861	0.08583	0.04805	0.07134	0.01403	0.00894	0.05715	0.00217	0.00672	0.00631	0.00414	0.00740
15	0.17807	0.05622	0.26160	0.01284	0.01709	0.08669	0.05934	0.01666	0.05196	0.01721	0.00962	0.01190	0.00769	0.00812	0.05753	0.00220	0.13157	0.00415	0.00278	0.00676
16	0.00654	0.00467	0.00623	0.00747	0.00779	0.00436	0.00498	0.00747	0.01028	0.01370	0.02959	0.80785	0.03550	0.01682	0.00685	0.00218	0.00311	0.01526	0.00498	0.00436
17	0.01136	0.01086	0.01863	0.49590	0.30817	0.01228	0.03665	0.01482	0.01133	0.01521	0.00978	0.01394	0.00768	0.00513	0.00538	0.00172	0.00692	0.00482	0.00249	0.00693
18	0.05932	0.23906	0.10594	0.01479	0.13378	0.10763	0.06581	0.02822	0.05064	0.05351	0.01423	0.01526	0.07830	0.00590	0.00478	0.00151	0.00631	0.00470	0.00316	0.00715
19	0.01197	0.01042	0.01056	0.00930	0.01157	0.11344	0.03340	0.16517	0.01586	0.03402	0.21907	0.14017	0.18264	0.01037	0.00599	0.00173	0.00458	0.00879	0.00495	0.00600
20	0.00859	0.00585	0.00725	0.00714	0.00855	0.00543	0.00525	0.01112	0.05438	0.07379	0.33848	0.25349	0.17511	0.01257	0.00636	0.00185	0.00297	0.01104	0.00551	0.00526
21	0.01360	0.01141	0.01591	0.09542	0.29542	0.01206	0.01165	0.21619	0.05285	0.02191	0.10927	0.02005	0.06534	0.02793	0.00611	0.00175	0.00547	0.00598	0.00407	0.00760
22	0.01170	0.01477	0.19702	0.01439	0.09390	0.01171	0.07837	0.04522	0.26240	0.01864	0.01953	0.02102	0.09935	0.06268	0.00731	0.00201	0.02259	0.00611	0.00390	0.00740
23	0.01413	0.01479	0.10315	0.01719	0.05282	0.03973	0.25212	0.06558	0.01224	0.09587	0.01057	0.01333	0.00821	0.00656	0.00963	0.00192	0.26664	0.00519	0.00313	0.00721
24	0.01014	0.00954	0.01610	0.79845	0.03697	0.01193	0.01491	0.01371	0.01073	0.01371	0.00954	0.01431	0.00716	0.00537	0.00537	0.00179	0.00716	0.00477	0.00239	0.00596
25	0.01192	0.02243	0.49145	0.01667	0.02307	0.01336	0.18738	0.06545	0.01227	0.01778	0.00989	0.01219	0.00728	0.00545	0.00654	0.00178	0.08021	0.00463	0.00258	0.00767
26	0.02676	0.05073	0.10785	0.26408	0.11946	0.04520	0.07790	0.01464	0.02830	0.01558	0.05500	0.01783	0.06357	0.00871	0.06313	0.00221	0.02414	0.00545	0.00294	0.00650
27	0.00771	0.00517	0.00588	0.00597	0.00600	0.00514	0.00338	0.00778	0.00799	0.01065	0.01784	0.09174	0.02069	0.75315	0.02582	0.00498	0.00505	0.00835	0.00338	0.00333
28	0.00714	0.00559	0.00659	0.00699	0.00846	0.00504	0.00553	0.00891	0.01244	0.01565	0.12513	0.11408	0.42790	0.01391	0.00668	0.00201	0.00335	0.21485	0.00508	0.00469
29	0.07554	0.02996	0.05380	0.01322	0.01628	0.13360	0.11082	0.14442	0.08718	0.01899	0.01146	0.01390	0.00929	0.01144	0.12489	0.00279	0.12726	0.00484	0.00343	0.00688
30	0.01561	0.01296	0.01297	0.06528	0.01550	0.11156	0.00894	0.24913	0.19915	0.06930	0.10506	0.02075	0.07512	0.00754	0.00551	0.00167	0.00536	0.00605	0.00496	0.00756
31	0.00665	0.00557	0.00581	0.00584	0.00754	0.00482	0.00434	0.00848	0.03561	0.01513	0.09655	0.10536	0.65276	0.01347	0.00635	0.00183	0.00278	0.01135	0.00506	0.00467

[dist]
# distance from previous block
# <min> <max>
9	14

[block]
# block no. 1 follows, 45 sequences, length 24
# corresponding to MSA columns:
# 141-164
name=unknown_B
#
# <colnr> <probs for GDERKNQSTAVLIFYWHMCP>
#	G	D	E	R	K	N	Q	S	T	A	V	L	I	F	Y	W	H	M	C	P
0	0.00683	0.00486	0.00644	0.00738	0.00772	0.00473	0.00494	0.00775	0.00976	0.01312	0.02622	0.61783	0.03094	0.12700	0.09458	0.00329	0.00462	0.01322	0.00452	0.00426
1	0.00677	0.00492	0.00617	0.00693	0.00750	0.00456	0.00466	0.00782	0.01075	0.01421	0.10730	0.53329	0.13643	0.11135	0.00919	0.00244	0.00325	0.01326	0.00487	0.00432
2	0.01853	0.01364	0.07390	0.01302	0.07018	0.01311	0.01043	0.37872	0.08675	0.19380	0.01604	0.06086	0.01200	0.00694	0.00545	0.00168	0.00549	0.00560	0.00520	0.00866
3	0.00975	0.01100	0.14682	0.06473	0.11932	0.00849	0.00965	0.04970	0.01070	0.01473	0.01636	0.13793	0.01723	0.30966	0.01386	0.00311	0.00570	0.04235	0.00338	0.00553
4	0.01194	0.02416	0.54771	0.01837	0.12491	0.06495	0.09885	0.01725	0.01186	0.01683	0.00974	0.01183	0.00718	0.00502	0.00525	0.00168	0.00796	0.00430	0.00240	0.00782
5	0.00654	0.00467	0.00623	0.00747	0.00779	0.00436	0.00498	0.00747	0.01028	0.01370	0.02959	0.80785	0.03550	0.01682	0.00685	0.00218	0.00311	0.01526	0.00498	0.00436
6	0.01802	0.01689	0.26760	0.01387	0.05723	0.05049	0.06363	0.05288	0.01411	0.36835	0.01511	0.01481	0.01006	0.00583	0.00533	0.00166	0.00639	0.00484	0.00448	0.00843
7	0.01248	0.01603	0.18572	0.04677	0.49525	0.04076	0.04274	0.01621	0.01212	0.01697	0.01252	0.01503	0.05265	0.00540	0.00535	0.00163	0.00674	0.00499	0.00271	0.00795
8	0.00767	0.00575	0.00863	0.00863	0.00959	0.00671	0.00671	0.00959	0.00863	0.01246	0.01438	0.02109	0.01342	0.04026	0.79008	0.00863	0.01438	0.00575	0.00288	0.00479
9	0.01077	0.02777	0.78354	0.01530	0.02323	0.01247	0.01983	0.01700	0.01133	0.01700	0.00963	0.01133	0.00680	0.00510	0.00510	0.00170	0.00793	0.00397	0.00227	0.00793
10	0.07203	0.01055	0.01691	0.01553	0.13227	0.01008	0.17230	0.05640	0.01402	0.25660	0.08144	0.02207	0.05134	0.00703	0.00571	0.00175	0.00563	0.05615	0.00463	0.00755
11	0.01652	0.00847	0.01094	0.00903	0.01185	0.00823	0.00726	0.05459	0.06509	0.37713	0.24717	0.02594	0.06315	0.00851	0.00655	0.00173	0.05755	0.00696	0.00591	0.00742
12	0.01237	0.00656	0.00861	0.00748	0.00964	0.00586	0.00583	0.01468	0.01503	0.24539	0.49982	0.03450	0.09260	0.00989	0.00606	0.00169	0.00315	0.00855	0.00606	0.00623
13	0.01267	0.01448	0.03167	0.02262	0.02805	0.01357	0.75837	0.01719	0.01267	0.01719	0.01086	0.01448	0.00814	0.00452	0.00633	0.00181	0.00905	0.00633	0.00271	0.00724
14	0.01295	0.26738	0.27074	0.06695	0.03382	0.01472	0.14062	0.01675	0.01164	0.06744	0.01076	0.04394	0.00871	0.00544	0.00491	0.00157	0.00694	0.00465	0.00278	0.00730
15	0.02408	0.00914	0.01246	0.00955	0.01370	0.00789	0.00789	0.02616	0.01536	0.78158	0.02118	0.01827	0.01329	0.00664	0.00540	0.00166	0.00457	0.00540	0.00664	0.00914
16	0.01928	0.00807	0.01092	0.00874	0.01205	0.00707	0.00707	0.02149	0.01531	0.56001	0.24094	0.02463	0.02418	0.00791	0.00567	0.00167	0.00397	0.00665	0.00643	0.00795
17	0.01148	0.02291	0.51201	0.01832	0.05251	0.01284	0.25895	0.01704	0.01180	0.01708	0.01005	0.01242	0.00730	0.00490	0.00551	0.00173	0.00824	0.00476	0.00243	0.00773
18	0.84927	0.01038	0.00789	0.00706	0.01038	0.01204	0.00581	0.01578	0.00914	0.02408	0.00747	0.00872	0.00581	0.00498	0.00332	0.00166	0.00415	0.00291	0.00332	0.00581
19	0.64699	0.01409	0.00968	0.00871	0.01190	0.20177	0.00693	0.01716	0.01062	0.02141	0.00768	0.00895	0.00608	0.00512	0.00369	0.00159	0.00550	0.00304	0.00319	0.00591
20	0.00649	0.00488	0.00601	0.00691	0.00764	0.00441	0.00473	0.00754	0.01082	0.01392	0.03644	0.59887	0.24006	0.01593	0.00671	0.00208	0.00301	0.01417	0.00498	0.00441
21	0.00955	0.01093	0.10877	0.01177	0.01432	0.04792	0.14730	0.04372	0.01198	0.01597	0.05727	0.44949	0.02496	0.01177	0.00635	0.00196	0.00525	0.01088	0.00417	0.00567
22	0.00639	0.00525	0.00563	0.00593	0.00738	0.00449	0.00430	0.00765	0.01176	0.01431	0.04833	0.23613	0.59512	0.01438	0.00647	0.00190	0.00282	0.01229	0.00498	0.00449
23	0.01433	0.20455	0.10955	0.01006	0.01390	0.03974	0.02491	0.05296	0.06548	0.16564	0.22126	0.02054	0.02084	0.00710	0.00515	0.00155	0.00502	0.00576	0.00450	0.00715

[dist]
# distance from previous block
# <min> <max>
0	11

[block]
# block no. 2 follows, 45 sequences, length 26
# corresponding to MSA columns:
# 176-201
name=unknown_C
#
# <colnr> <probs for GDERKNQSTAVLIFYWHMCP>
#	G	D	E	R	K	N	Q	S	T	A	V	L	I	F	Y	W	H	M	C	P
0	0.01342	0.04482	0.11630	0.08232	0.30493	0.03175	0.12951	0.11661	0.01375	0.01878	0.01240	0.01479	0.04489	0.00560	0.00573	0.00167	0.02678	0.00514	0.00306	0.00775
1	0.05407	0.37050	0.08140	0.01198	0.05859	0.15295	0.01037	0.01788	0.01203	0.09413	0.00943	0.01056	0.00765	0.00525	0.00486	0.00138	0.04620	0.00354	0.00294	0.04427
2	0.00819	0.00594	0.00790	0.00718	0.00761	0.00587	0.06304	0.00855	0.00819	0.01095	0.01643	0.03349	0.01862	0.74747	0.02566	0.00494	0.00551	0.00769	0.00321	0.00357
3	0.01087	0.00920	0.01071	0.00778	0.01218	0.00700	0.00611	0.01306	0.01087	0.01693	0.01012	0.01303	0.00887	0.06790	0.00582	0.00114	0.00407	0.00355	0.00319	0.77758
4	0.01098	0.01526	0.32276	0.01075	0.01510	0.00883	0.01154	0.04766	0.01395	0.09193	0.33828	0.04710	0.02706	0.00815	0.00572	0.00170	0.00508	0.00691	0.00445	0.00677
5	0.01411	0.04208	0.06961	0.01352	0.09335	0.01058	0.08754	0.05114	0.01249	0.13707	0.01144	0.01286	0.00872	0.00518	0.00578	0.00135	0.06842	0.00426	0.00356	0.34694
6	0.05907	0.00928	0.03948	0.00965	0.01172	0.00983	0.00798	0.17425	0.01368	0.01983	0.16711	0.02134	0.01884	0.02117	0.32450	0.00454	0.07163	0.00604	0.00400	0.00605
7	0.01077	0.02777	0.78354	0.01530	0.02323	0.01247	0.01983	0.01700	0.01133	0.01700	0.00963	0.01133	0.00680	0.00510	0.00510	0.00170	0.00793	0.00397	0.00227	0.00793
8	0.01176	0.01120	0.01903	0.40387	0.41887	0.01235	0.01572	0.01514	0.01150	0.01568	0.00983	0.01378	0.00785	0.00507	0.00534	0.00169	0.00675	0.00478	0.00253	0.00727
9	0.00932	0.00466	0.00699	0.00699	0.00699	0.00466	0.00466	0.00699	0.00699	0.00932	0.00932	0.01632	0.00932	0.01865	0.02098	0.84382	0.00466	0.00466	0.00233	0.00233
10	0.01880	0.01424	0.01521	0.01203	0.01603	0.01590	0.00981	0.59343	0.19439	0.03124	0.01493	0.01451	0.01078	0.00663	0.00539	0.00166	0.00553	0.00511	0.00539	0.00898
11	0.00679	0.00551	0.00640	0.04257	0.00897	0.00496	0.00506	0.00833	0.01207	0.01507	0.11700	0.20088	0.48696	0.01366	0.00645	0.00190	0.00308	0.04474	0.00495	0.00463
12	0.00716	0.00512	0.00693	0.00808	0.00869	0.00488	0.00596	0.00859	0.01111	0.01477	0.07109	0.56585	0.03513	0.01596	0.00697	0.00223	0.00357	0.20833	0.00502	0.00455
13	0.01267	0.01448	0.03167	0.02262	0.02805	0.01357	0.75837	0.01719	0.01267	0.01719	0.01086	0.01448	0.00814	0.00452	0.00633	0.00181	0.00905	0.00633	0.00271	0.00724
14	0.02408	0.00914	0.01246	0.00955	0.01370	0.00789	0.00789	0.02616	0.01536	0.78158	0.02118	0.01827	0.01329	0.00664	0.00540	0.00166	0.00457	0.00540	0.00664	0.00914
15	0.00736	0.00551	0.00685	0.00660	0.00799	0.00499	0.00500	0.00962	0.01439	0.01968	0.57669	0.04367	0.21482	0.01175	0.00638	0.00175	0.00269	0.04367	0.00565	0.00494
16	0.00781	0.00520	0.00585	0.00585	0.00585	0.00520	0.00325	0.00781	0.00781	0.01041	0.01691	0.03513	0.01952	0.81135	0.02732	0.00520	0.00520	0.00781	0.00325	0.00325
17	0.00781	0.00520	0.00585	0.00585	0.00585	0.00520	0.00325	0.00781	0.00781	0.01041	0.01691	0.03513	0.01952	0.81135	0.02732	0.00520	0.00520	0.00781	0.00325	0.00325
18	0.02216	0.01221	0.01436	0.01101	0.01524	0.01246	0.00910	0.40913	0.02052	0.39134	0.01685	0.01546	0.01112	0.00654	0.00538	0.00163	0.00527	0.00510	0.00598	0.00913
19	0.02062	0.01470	0.01590	0.01219	0.01648	0.01614	0.01007	0.71794	0.02467	0.07666	0.01336	0.01320	0.00937	0.00646	0.00537	0.00161	0.00583	0.00487	0.00544	0.00913
20	0.01335	0.01153	0.01214	0.01092	0.01396	0.01335	0.00850	0.02852	0.76817	0.02245	0.02185	0.02003	0.01639	0.00728	0.00546	0.00182	0.00425	0.00607	0.00546	0.00850
21	0.00747	0.00548	0.00699	0.00662	0.00794	0.00501	0.00496	0.00988	0.01489	0.02079	0.70003	0.04130	0.12611	0.01125	0.00633	0.00170	0.00255	0.00988	0.00581	0.00501
22	0.00720	0.00493	0.00578	0.00646	0.00734	0.00453	0.00450	0.00857	0.01097	0.01520	0.03327	0.45773	0.21506	0.01384	0.00609	0.00190	0.00289	0.01217	0.17704	0.00453
23	0.01335	0.01153	0.01214	0.01092	0.01396	0.01335	0.00850	0.02852	0.76817	0.02245	0.02185	0.02003	0.01639	0.00728	0.00546	0.00182	0.00425	0.00607	0.00546	0.00850
24	0.01335	0.01153	0.01214	0.01092	0.01396	0.01335	0.00850	0.02852	0.76817	0.02245	0.02185	0.02003	0.01639	0.00728	0.00546	0.00182	0.00425	0.00607	0.00546	0.00850
25	0.00634	0.00544	0.00544	0.00544	0.00725	0.00453	0.00408	0.00770	0.01224	0.01450	0.05438	0.05166	0.77569	0.01359	0.00634	0.00181	0.00272	0.01133	0.00498	0.00453

[dist]
# distance from previous block
# <min> <max>
0	11

[block]
# block no. 3 follows, 45 sequences, length 51
# corresponding to MSA columns:
# 213-263
name=unknown_D
#
# <colnr> <probs for GDERKNQSTAVLIFYWHMCP>
#	G	D	E	R	K	N	Q	S	T	A	V	L	I	F	Y	W	H	M	C	P
0	0.84927	0.01038	0.00789	0.00706	0.01038	0.01204	0.00581	0.01578	0.00914	0.02408	0.00747	0.00872	0.00581	0.00498	0.00332	0.00166	0.00415	0.00291	0.00332	0.00581
1	0.00767	0.00575	0.00863	0.00863	0.00959	0.00671	0.00671	0.00959	0.00863	0.01246	0.01438	0.02109	0.01342	0.04026	0.79008	0.00863	0.01438	0.00575	0.00288	0.00479
2	0.84927	0.01038	0.00789	0.00706	0.01038	0.01204	0.00581	0.01578	0.00914	0.02408	0.00747	0.00872	0.00581	0.00498	0.00332	0.00166	0.00415	0.00291	0.00332	0.00581
3	0.02005	0.02558	0.01521	0.01383	0.01659	0.78980	0.01037	0.02143	0.01521	0.01314	0.00830	0.00968	0.00691	0.00553	0.00484	0.00138	0.00968	0.00346	0.00277	0.00622
4	0.00634	0.00544	0.00544	0.00544	0.00725	0.00453	0.00408	0.00770	0.01224	0.01450	0.05438	0.05166	0.77569	0.01359	0.00634	0.00181	0.00272	0.01133	0.00498	0.00453
5	0.00992	0.00600	0.00792	0.00715	0.00882	0.00546	0.00546	0.01239	0.01522	0.12866	0.66878	0.03702	0.04538	0.01036	0.00620	0.00168	0.00282	0.00910	0.00601	0.00564
6	0.01113	0.00954	0.01113	0.00795	0.01272	0.00716	0.00636	0.01352	0.01113	0.01749	0.00954	0.01113	0.00795	0.00398	0.00398	0.00080	0.00398	0.00318	0.00318	0.84417
7	0.00869	0.00848	0.10655	0.00796	0.01020	0.00613	0.00707	0.01167	0.01471	0.05244	0.64604	0.03552	0.04350	0.01004	0.00614	0.00169	0.00331	0.00880	0.00547	0.00560
8	0.01335	0.01153	0.01214	0.01092	0.01396	0.01335	0.00850	0.02852	0.76817	0.02245	0.02185	0.02003	0.01639	0.00728	0.00546	0.00182	0.00425	0.00607	0.00546	0.00850
9	0.01007	0.03170	0.02870	0.00868	0.01065	0.00915	0.00661	0.01731	0.33917	0.01748	0.06324	0.16951	0.10633	0.14578	0.00949	0.00243	0.00408	0.00866	0.00480	0.00618
10	0.49745	0.01388	0.14061	0.00949	0.01364	0.01256	0.00899	0.12888	0.05020	0.03852	0.00971	0.01079	0.00727	0.00581	0.00464	0.02850	0.00509	0.00364	0.00359	0.00676
11	0.84927	0.01038	0.00789	0.00706	0.01038	0.01204	0.00581	0.01578	0.00914	0.02408	0.00747	0.00872	0.00581	0.00498	0.00332	0.00166	0.00415	0.00291	0.00332	0.00581
12	0.01014	0.00954	0.01610	0.79845	0.03697	0.01193	0.01491	0.01371	0.01073	0.01371	0.00954	0.01431	0.00716	0.00537	0.00537	0.00179	0.00716	0.00477	0.00239	0.00596
13	0.00930	0.00581	0.00749	0.00715	0.00867	0.00526	0.00538	0.01136	0.01395	0.11136	0.44981	0.16929	0.12980	0.01186	0.00634	0.00181	0.00297	0.03135	0.00570	0.00537
14	0.00781	0.00520	0.00585	0.00585	0.00585	0.00520	0.00325	0.00781	0.00781	0.01041	0.01691	0.03513	0.01952	0.81135	0.02732	0.00520	0.00520	0.00781	0.00325	0.00325
15	0.01001	0.00500	0.00500	0.00500	0.00625	0.00500	0.00375	0.01251	0.01126	0.02001	0.01751	0.02001	0.01376	0.00625	0.00375	0.00125	0.00250	0.00500	0.84115	0.00500
16	0.00702	0.00562	0.00641	0.00682	0.00840	0.00500	0.00545	0.00869	0.01218	0.01492	0.04574	0.08742	0.52642	0.01410	0.00668	0.00202	0.00338	0.22411	0.00497	0.00464
17	0.00843	0.00500	0.00555	0.00586	0.00679	0.00481	0.00411	0.01017	0.01091	0.01695	0.05721	0.23331	0.09074	0.09033	0.00727	0.00196	0.00295	0.00877	0.42424	0.00462
18	0.00781	0.00520	0.00585	0.00585	0.00585	0.00520	0.00325	0.00781	0.00781	0.01041	0.01691	0.03513	0.01952	0.81135	0.02732	0.00520	0.00520	0.00781	0.00325	0.00325
19	0.02408	0.00914	0.01246	0.00955	0.01370	0.00789	0.00789	0.02616	0.01536	0.78158	0.02118	0.01827	0.01329	0.00664	0.00540	0.00166	0.00457	0.00540	0.00664	0.00914
20	0.00662	0.00483	0.00616	0.00712	0.00765	0.00445	0.00480	0.00764	0.01064	0.01402	0.06705	0.64549	0.12597	0.05101	0.00766	0.00224	0.00313	0.01419	0.00495	0.00437
21	0.00663	0.00542	0.00569	0.00564	0.00722	0.00466	0.00413	0.00801	0.01220	0.01500	0.14063	0.04872	0.61698	0.08556	0.00824	0.00210	0.00292	0.01081	0.00494	0.00448
22	0.84927	0.01038	0.00789	0.00706	0.01038	0.01204	0.00581	0.01578	0.00914	0.02408	0.00747	0.00872	0.00581	0.00498	0.00332	0.00166	0.00415	0.00291	0.00332	0.00581
23	0.00636	0.00537	0.00551	0.00562	0.00730	0.00452	0.00416	0.00768	0.01206	0.01443	0.05213	0.12018	0.70861	0.01389	0.00639	0.00185	0.00275	0.01169	0.00498	0.00452
24	0.01113	0.00954	0.01113	0.00795	0.01272	0.00716	0.00636	0.01352	0.01113	0.01749	0.00954	0.01113	0.00795	0.00398	0.00398	0.00080	0.00398	0.00318	0.00318	0.84417
25	0.00765	0.00514	0.00590	0.00605	0.00609	0.00510	0.00346	0.00777	0.00810	0.01080	0.01843	0.12764	0.02143	0.71622	0.02487	0.00484	0.00495	0.00870	0.00346	0.00339
26	0.01311	0.01126	0.01196	0.01087	0.01382	0.01299	0.00850	0.02765	0.73013	0.02213	0.02218	0.02207	0.01712	0.00766	0.00556	0.00185	0.00428	0.04310	0.00544	0.00832
27	0.00654	0.00467	0.00623	0.00747	0.00779	0.00436	0.00498	0.00747	0.01028	0.01370	0.02959	0.80785	0.03550	0.01682	0.00685	0.00218	0.00311	0.01526	0.00498	0.00436
28	0.01335	0.01153	0.01214	0.01092	0.01396	0.01335	0.00850	0.02852	0.76817	0.02245	0.02185	0.02003	0.01639	0.00728	0.00546	0.00182	0.00425	0.00607	0.00546	0.00850
29	0.00760	0.00549	0.00718	0.00675	0.00802	0.00506	0.00506	0.01013	0.01519	0.02153	0.77503	0.04010	0.05065	0.01097	0.00633	0.00169	0.00253	0.00971	0.00591	0.00506
30	0.00634	0.00544	0.00544	0.00544	0.00725	0.00453	0.00408	0.00770	0.01224	0.01450	0.05438	0.05166	0.77569	0.01359	0.00634	0.00181	0.00272	0.01133	0.00498	0.00453
31	0.02408	0.00914	0.01246	0.00955	0.01370	0.00789	0.00789	0.02616	0.01536	0.78158	0.02118	0.01827	0.01329	0.00664	0.00540	0.00166	0.00457	0.00540	0.00664	0.00914
32	0.01435	0.81458	0.02813	0.00918	0.01378	0.02124	0.00918	0.01607	0.01091	0.01263	0.00746	0.00861	0.00689	0.00459	0.00344	0.00115	0.00574	0.00287	0.00230	0.00689
33	0.00890	0.00490	0.00730	0.00740	0.00762	0.00505	0.00517	0.00761	0.00761	0.01030	0.01178	0.05351	0.01197	0.02208	0.14995	0.63404	0.00625	0.03297	0.00264	0.00293
34	0.84927	0.01038	0.00789	0.00706	0.01038	0.01204	0.00581	0.01578	0.00914	0.02408	0.00747	0.00872	0.00581	0.00498	0.00332	0.00166	0.00415	0.00291	0.00332	0.00581
35	0.01175	0.01115	0.01570	0.63588	0.03244	0.07319	0.01376	0.08181	0.01257	0.01579	0.03848	0.01479	0.00895	0.00569	0.00536	0.00174	0.00707	0.00486	0.00282	0.00624
36	0.00658	0.00474	0.00624	0.00737	0.00778	0.00440	0.00495	0.00760	0.01057	0.01408	0.06321	0.74611	0.06363	0.01644	0.00681	0.00214	0.00307	0.01487	0.00502	0.00440
37	0.00781	0.00520	0.00585	0.00585	0.00585	0.00520	0.00325	0.00781	0.00781	0.01041	0.01691	0.03513	0.01952	0.81135	0.02732	0.00520	0.00520	0.00781	0.00325	0.00325
38	0.02408	0.00914	0.01246	0.00955	0.01370	0.00789	0.00789	0.02616	0.01536	0.78158	0.02118	0.01827	0.01329	0.00664	0.00540	0.00166	0.00457	0.00540	0.00664	0.00914
39	0.06087	0.01461	0.01329	0.01152	0.01480	0.14534	0.00904	0.18570	0.43852	0.02344	0.01684	0.01612	0.01264	0.00668	0.00522	0.00169	0.00552	0.00519	0.00487	0.00811
40	0.02182	0.00978	0.01248	0.00969	0.01362	0.00907	0.00796	0.14862	0.01686	0.58194	0.05330	0.02007	0.05507	0.00717	0.00548	0.00166	0.00461	0.00580	0.00631	0.00872
41	0.00760	0.00549	0.00718	0.00675	0.00802	0.00506	0.00506	0.01013	0.01519	0.02153	0.77503	0.04010	0.05065	0.01097	0.00633	0.00169	0.00253	0.00971	0.00591	0.00506
42	0.02041	0.01504	0.01611	0.01235	0.01665	0.01665	0.01020	0.75997	0.02524	0.03383	0.01289	0.01289	0.00913	0.00644	0.00537	0.00161	0.00591	0.00483	0.00537	0.00913
43	0.01197	0.00769	0.00938	0.00827	0.01045	0.00769	0.00640	0.05380	0.16413	0.13934	0.42296	0.03066	0.05081	0.00972	0.00657	0.03660	0.00345	0.00790	0.00574	0.00645
44	0.00718	0.00514	0.00625	0.00669	0.00728	0.00485	0.00449	0.00815	0.01050	0.01391	0.12900	0.31175	0.13255	0.27522	0.01343	0.00307	0.00376	0.04811	0.00454	0.00415
45	0.51075	0.00993	0.00975	0.00811	0.01175	0.01048	0.00668	0.02009	0.03043	0.31569	0.01311	0.01268	0.00895	0.00568	0.00417	0.00166	0.00431	0.00394	0.00465	0.00716
46	0.01314	0.01252	0.02077	0.05980	0.67941	0.01284	0.01574	0.01717	0.06653	0.01765	0.01086	0.01378	0.00899	0.00508	0.00558	0.00163	0.02244	0.00487	0.00284	0.00835
47	0.01356	0.01417	0.01634	0.04929	0.15119	0.17180	0.01188	0.04302	0.01114	0.01456	0.00889	0.01267	0.00799	0.01057	0.08844	0.00259	0.35822	0.00457	0.00266	0.00643
48	0.00846	0.00558	0.00717	0.00782	0.00887	0.00546	0.00628	0.01016	0.01138	0.01569	0.05628	0.10036	0.09865	0.06693	0.00906	0.07149	0.00408	0.35562	0.14611	0.00455
49	0.01157	0.01025	0.01363	0.03862	0.18143	0.00854	0.00885	0.01417	0.01136	0.01738	0.00966	0.01171	0.00805	0.00420	0.00431	0.00100	0.00460	0.00358	0.00304	0.63404
50	0.01614	0.03030	0.03010	0.01377	0.11910	0.01262	0.00985	0.16743	0.30489	0.14834	0.04705	0.01744	0.01400	0.00659	0.00534	0.00166	0.00495	0.00546	0.00505	0.03991

[dist]
# distance from previous block
# <min> <max>
8	16

[block]
# block no. 4 follows, 45 sequences, length 20
# corresponding to MSA columns:
# 281-300
name=unknown_E
#
# <colnr> <probs for GDERKNQSTAVLIFYWHMCP>
#	G	D	E	R	K	N	Q	S	T	A	V	L	I	F	Y	W	H	M	C	P
0	0.50891	0.24074	0.01462	0.00840	0.01212	0.05722	0.00733	0.06767	0.01108	0.02090	0.00789	0.00903	0.00641	0.00500	0.00358	0.00150	0.00503	0.00306	0.00314	0.00637
1	0.01255	0.01201	0.02047	0.21091	0.60562	0.01256	0.01611	0.01583	0.01188	0.01665	0.00997	0.01352	0.00819	0.00492	0.00533	0.00164	0.00656	0.00478	0.00259	0.00791
2	0.01310	0.01201	0.01727	0.07651	0.39997	0.01295	0.01295	0.02144	0.33534	0.01938	0.01508	0.01624	0.01178	0.00589	0.00538	0.00170	0.00552	0.00533	0.00384	0.00832
3	0.00936	0.00486	0.00736	0.03866	0.00819	0.00495	0.00507	0.00726	0.00714	0.00950	0.00933	0.01624	0.00924	0.01812	0.02035	0.81013	0.00476	0.00467	0.00233	0.00248
4	0.00719	0.00501	0.00622	0.00694	0.00723	0.00483	0.00452	0.00786	0.00948	0.01257	0.02509	0.42665	0.04864	0.33499	0.01508	0.00340	0.00407	0.06199	0.00429	0.00396
5	0.00767	0.00575	0.00863	0.00863	0.00959	0.00671	0.00671	0.00959	0.00863	0.01246	0.01438	0.02109	0.01342	0.04026	0.79008	0.00863	0.01438	0.00575	0.00288	0.00479
6	0.02408	0.00914	0.01246	0.00955	0.01370	0.00789	0.00789	0.02616	0.01536	0.78158	0.02118	0.01827	0.01329	0.00664	0.00540	0.00166	0.00457	0.00540	0.00664	0.00914
7	0.00680	0.00528	0.00618	0.00632	0.00762	0.00467	0.00460	0.00844	0.01276	0.01662	0.28405	0.21637	0.37414	0.01346	0.00645	0.00185	0.00275	0.01168	0.00529	0.00467
8	0.38852	0.00950	0.00924	0.00835	0.01100	0.01040	0.00653	0.15921	0.01296	0.06399	0.01594	0.25094	0.01582	0.00893	0.00490	0.00181	0.00420	0.00714	0.00440	0.00620
9	0.02383	0.00954	0.01271	0.00974	0.01390	0.00849	0.00805	0.07619	0.01604	0.73060	0.02061	0.01790	0.01300	0.00663	0.00540	0.00166	0.00466	0.00536	0.00656	0.00913
10	0.00751	0.00542	0.00710	0.00681	0.00800	0.00501	0.00506	0.00991	0.01479	0.02089	0.71417	0.10279	0.04941	0.01145	0.00637	0.00173	0.00258	0.01016	0.00583	0.00501
11	0.30176	0.00721	0.00692	0.00652	0.00856	0.00757	0.00498	0.01318	0.01087	0.07252	0.08032	0.09947	0.07920	0.06309	0.00606	0.00187	0.00349	0.00642	0.21466	0.00535
12	0.00781	0.00520	0.00585	0.00585	0.00585	0.00520	0.00325	0.00781	0.00781	0.01041	0.01691	0.03513	0.01952	0.81135	0.02732	0.00520	0.00520	0.00781	0.00325	0.00325
13	0.00654	0.00467	0.00623	0.00747	0.00779	0.00436	0.00498	0.00747	0.01028	0.01370	0.02959	0.80785	0.03550	0.01682	0.00685	0.00218	0.00311	0.01526	0.00498	0.00436
14	0.65137	0.00937	0.00781	0.00706	0.01002	0.01053	0.00570	0.01561	0.00985	0.07540	0.01093	0.06499	0.00914	0.00603	0.00375	0.00166	0.00395	0.00413	0.08685	0.00586
15	0.00726	0.00543	0.00648	0.00624	0.00749	0.00493	0.00452	0.00909	0.01327	0.01788	0.45504	0.04280	0.25976	0.12549	0.00932	0.00222	0.00297	0.00991	0.00526	0.00465
16	0.00767	0.00575	0.00863	0.00863	0.00959	0.00671	0.00671	0.00959	0.00863	0.01246	0.01438	0.02109	0.01342	0.04026	0.79008	0.00863	0.01438	0.00575	0.00288	0.00479
17	0.00653	0.00471	0.00619	0.00737	0.00776	0.00437	0.00494	0.00749	0.01038	0.01374	0.03087	0.76871	0.07381	0.01665	0.00683	0.00216	0.00309	0.01506	0.00498	0.00437
18	0.02235	0.00985	0.01269	0.00982	0.01380	0.00913	0.00807	0.14533	0.01697	0.60690	0.07152	0.01889	0.01517	0.00691	0.00546	0.00165	0.00465	0.00560	0.00638	0.00886
19	0.02163	0.00888	0.01165	0.00918	0.01297	0.00793	0.00750	0.02459	0.06660	0.64699	0.02281	0.02028	0.05446	0.00704	0.00536	0.00166	0.00433	0.00574	0.05179	0.00862

[dist]
# distance from previous block
# <min> <max>
0	2

[block]
# block no. 5 follows, 45 sequences, length 7
# corresponding to MSA columns:
# 303-309
name=unknown_F
#
# <colnr> <probs for GDERKNQSTAVLIFYWHMCP>
#	G	D	E	R	K	N	Q	S	T	A	V	L	I	F	Y	W	H	M	C	P
0	0.36654	0.00977	0.01010	0.00857	0.01188	0.01038	0.00690	0.02088	0.14808	0.27246	0.01472	0.01445	0.01044	0.00692	0.00565	0.06161	0.00434	0.00442	0.00473	0.00715
1	0.00715	0.00514	0.00681	0.00727	0.00808	0.00479	0.00523	0.00892	0.01269	0.01749	0.37742	0.40748	0.04231	0.01398	0.00664	0.00197	0.00295	0.05355	0.00541	0.00472
2	0.00713	0.00492	0.00605	0.00672	0.00688	0.00475	0.00418	0.00763	0.00912	0.01217	0.02367	0.44722	0.02804	0.38763	0.01640	0.00359	0.00409	0.01178	0.00418	0.00384
3	0.00899	0.08296	0.16290	0.01020	0.01246	0.00966	0.00943	0.01112	0.01033	0.01418	0.02162	0.37487	0.08195	0.01182	0.00810	0.00199	0.14842	0.00971	0.00373	0.00558
4	0.00812	0.01085	0.17314	0.01056	0.01335	0.00719	0.09733	0.01068	0.01114	0.01496	0.02763	0.40910	0.15984	0.01230	0.00633	0.00197	0.00476	0.01111	0.00414	0.00549
5	0.00884	0.00492	0.00715	0.00715	0.00732	0.00510	0.00486	0.00756	0.00739	0.01002	0.01116	0.01947	0.01130	0.11896	0.16062	0.59102	0.00648	0.00524	0.00254	0.00289
6	0.01077	0.02777	0.78354	0.01530	0.02323	0.01247	0.01983	0.01700	0.01133	0.01700	0.00963	0.01133	0.00680	0.00510	0.00510	0.00170	0.00793	0.00397	0.00227	0.00793

[dist]
# distance from previous block
# <min> <max>
0	1

[block]
# block no. 6 follows, 45 sequences, length 27
# corresponding to MSA columns:
# 311-337
name=unknown_G
#
# <colnr> <probs for GDERKNQSTAVLIFYWHMCP>
#	G	D	E	R	K	N	Q	S	T	A	V	L	I	F	Y	W	H	M	C	P
0	0.12368	0.62052	0.05312	0.00949	0.01378	0.03998	0.00930	0.01606	0.01068	0.01432	0.00755	0.00890	0.00675	0.00491	0.00420	0.00130	0.04326	0.00302	0.00244	0.00672
1	0.00932	0.00466	0.00699	0.00699	0.00699	0.00466	0.00466	0.00699	0.00699	0.00932	0.00932	0.01632	0.00932	0.01865	0.02098	0.84382	0.00466	0.00466	0.00233	0.00233
2	0.04638	0.06288	0.01370	0.01108	0.01435	0.07653	0.00879	0.11494	0.54241	0.02253	0.01824	0.01720	0.01376	0.00679	0.00519	0.00171	0.00497	0.00539	0.00496	0.00819
3	0.00781	0.00520	0.00585	0.00585	0.00585	0.00520	0.00325	0.00781	0.00781	0.01041	0.01691	0.03513	0.01952	0.81135	0.02732	0.00520	0.00520	0.00781	0.00325	0.00325
4	0.00781	0.00520	0.00585	0.00585	0.00585	0.00520	0.00325	0.00781	0.00781	0.01041	0.01691	0.03513	0.01952	0.81135	0.02732	0.00520	0.00520	0.00781	0.00325	0.00325
5	0.01430	0.66091	0.12190	0.01028	0.01516	0.07378	0.01060	0.01656	0.01126	0.01321	0.00779	0.00903	0.00688	0.00472	0.00375	0.00123	0.00629	0.00305	0.00233	0.00697
6	0.79168	0.01029	0.00821	0.00723	0.01061	0.01175	0.00596	0.01650	0.00957	0.07695	0.00843	0.00939	0.00634	0.00510	0.00347	0.00166	0.00418	0.00308	0.00355	0.00605
7	0.00777	0.00533	0.00649	0.00649	0.00670	0.00555	0.00404	0.00821	0.00799	0.01088	0.01634	0.03193	0.01813	0.63600	0.20078	0.00598	0.00729	0.00734	0.00317	0.00360
8	0.00767	0.00575	0.00863	0.00863	0.00959	0.00671	0.00671	0.00959	0.00863	0.01246	0.01438	0.02109	0.01342	0.04026	0.79008	0.00863	0.01438	0.00575	0.00288	0.00479
9	0.00781	0.00520	0.00585	0.00585	0.00585	0.00520	0.00325	0.00781	0.00781	0.01041	0.01691	0.03513	0.01952	0.81135	0.02732	0.00520	0.00520	0.00781	0.00325	0.00325
10	0.01164	0.00658	0.00675	0.00616	0.00789	0.00684	0.00477	0.13011	0.01346	0.02219	0.01678	0.01889	0.01303	0.00628	0.00401	0.00131	0.00304	0.00498	0.70965	0.00565
11	0.00781	0.00520	0.00585	0.00585	0.00585	0.00520	0.00325	0.00781	0.00781	0.01041	0.01691	0.03513	0.01952	0.81135	0.02732	0.00520	0.00520	0.00781	0.00325	0.00325
12	0.00634	0.00544	0.00544	0.00544	0.00725	0.00453	0.00408	0.00770	0.01224	0.01450	0.05438	0.05166	0.77569	0.01359	0.00634	0.00181	0.00272	0.01133	0.00498	0.00453
13	0.01335	0.01153	0.01214	0.01092	0.01396	0.01335	0.00850	0.02852	0.76817	0.02245	0.02185	0.02003	0.01639	0.00728	0.00546	0.00182	0.00425	0.00607	0.00546	0.00850
14	0.00859	0.00614	0.00856	0.00969	0.01093	0.00611	0.00843	0.01106	0.01253	0.01640	0.07418	0.05930	0.03210	0.01459	0.00735	0.00242	0.00480	0.69687	0.00500	0.00495
15	0.01335	0.01153	0.01214	0.01092	0.01396	0.01335	0.00850	0.02852	0.76817	0.02245	0.02185	0.02003	0.01639	0.00728	0.00546	0.00182	0.00425	0.00607	0.00546	0.00850
16	0.01335	0.01153	0.01214	0.01092	0.01396	0.01335	0.00850	0.02852	0.76817	0.02245	0.02185	0.02003	0.01639	0.00728	0.00546	0.00182	0.00425	0.00607	0.00546	0.00850
17	0.00642	0.00544	0.00554	0.00552	0.00730	0.00456	0.00414	0.00785	0.01242	0.01493	0.09854	0.05095	0.73125	0.01343	0.00634	0.00181	0.00271	0.01123	0.00504	0.00456
18	0.84927	0.01038	0.00789	0.00706	0.01038	0.01204	0.00581	0.01578	0.00914	0.02408	0.00747	0.00872	0.00581	0.00498	0.00332	0.00166	0.00415	0.00291	0.00332	0.00581
19	0.00766	0.00514	0.00590	0.00604	0.00608	0.00511	0.00345	0.00777	0.00810	0.01079	0.01840	0.12551	0.02139	0.71842	0.02493	0.00485	0.00496	0.00868	0.00345	0.00338
20	0.84927	0.01038	0.00789	0.00706	0.01038	0.01204	0.00581	0.01578	0.00914	0.02408	0.00747	0.00872	0.00581	0.00498	0.00332	0.00166	0.00415	0.00291	0.00332	0.00581
21	0.01435	0.81458	0.02813	0.00918	0.01378	0.02124	0.00918	0.01607	0.01091	0.01263	0.00746	0.00861	0.00689	0.00459	0.00344	0.00115	0.00574	0.00287	0.00230	0.00689
22	0.00653	0.00471	0.00619	0.00739	0.00776	0.00437	0.00494	0.00748	0.01036	0.01374	0.03067	0.77470	0.06795	0.01668	0.00683	0.00216	0.00310	0.01509	0.00498	0.00437
23	0.00760	0.00549	0.00718	0.00675	0.00802	0.00506	0.00506	0.01013	0.01519	0.02153	0.77503	0.04010	0.05065	0.01097	0.00633	0.00169	0.00253	0.00971	0.00591	0.00506
24	0.01113	0.00954	0.01113	0.00795	0.01272	0.00716	0.00636	0.01352	0.01113	0.01749	0.00954	0.01113	0.00795	0.00398	0.00398	0.00080	0.00398	0.00318	0.00318	0.84417
25	0.19756	0.01341	0.05085	0.02183	0.40389	0.01347	0.01286	0.18542	0.01447	0.02265	0.01014	0.01211	0.00798	0.00522	0.00488	0.00162	0.00585	0.00435	0.00340	0.00803
26	0.01278	0.04837	0.18660	0.02818	0.58399	0.01303	0.01691	0.01657	0.01198	0.01722	0.00989	0.01267	0.00807	0.00484	0.00519	0.00160	0.00669	0.00453	0.00256	0.00831

[dist]
# distance from previous block
# <min> <max>
0	1

[block]
# block no. 7 follows, 45 sequences, length 36
# corresponding to MSA columns:
# 339-374
name=unknown_H
#
# <colnr> <probs for GDERKNQSTAVLIFYWHMCP>
#	G	D	E	R	K	N	Q	S	T	A	V	L	I	F	Y	W	H	M	C	P
0	0.01781	0.02172	0.01515	0.01545	0.10799	0.60535	0.01057	0.01941	0.01406	0.01352	0.00930	0.01192	0.00807	0.03653	0.06849	0.00212	0.00950	0.00395	0.00278	0.00628
1	0.00774	0.00585	0.00850	0.00845	0.00956	0.00647	0.00649	0.00957	0.00896	0.01290	0.01584	0.11108	0.01564	0.03542	0.65360	0.00742	0.01247	0.00669	0.00314	0.05419
2	0.00865	0.00618	0.00865	0.00989	0.01112	0.00618	0.00865	0.01112	0.01236	0.01606	0.02842	0.06055	0.03089	0.01483	0.00741	0.00247	0.00494	0.74174	0.00494	0.00494
3	0.00663	0.00473	0.00633	0.00757	0.00792	0.00443	0.00513	0.00762	0.01036	0.01380	0.02954	0.77711	0.03531	0.01674	0.00687	0.00219	0.00319	0.04514	0.00498	0.00438
4	0.00670	0.00472	0.00623	0.00732	0.00770	0.00439	0.00491	0.00746	0.01019	0.01348	0.02978	0.71392	0.07747	0.01674	0.00770	0.05466	0.00319	0.01437	0.00482	0.00424
5	0.01062	0.00518	0.00533	0.00520	0.00658	0.00513	0.00393	0.01310	0.01144	0.05329	0.01767	0.01994	0.01374	0.00627	0.00382	0.00127	0.00259	0.00502	0.80469	0.00518
6	0.01335	0.01153	0.01214	0.01092	0.01396	0.01335	0.00850	0.02852	0.76817	0.02245	0.02185	0.02003	0.01639	0.00728	0.00546	0.00182	0.00425	0.00607	0.00546	0.00850
7	0.00667	0.00483	0.00631	0.00725	0.00778	0.00447	0.00494	0.00786	0.01108	0.01484	0.13467	0.65404	0.08378	0.01580	0.00675	0.00209	0.00301	0.01424	0.00511	0.00447
8	0.00767	0.00575	0.00863	0.00863	0.00959	0.00671	0.00671	0.00959	0.00863	0.01246	0.01438	0.02109	0.01342	0.04026	0.79008	0.00863	0.01438	0.00575	0.00288	0.00479
9	0.00634	0.00544	0.00544	0.00544	0.00725	0.00453	0.00408	0.00770	0.01224	0.01450	0.05438	0.05166	0.77569	0.01359	0.00634	0.00181	0.00272	0.01133	0.00498	0.00453
10	0.00654	0.00467	0.00623	0.00747	0.00779	0.00436	0.00498	0.00747	0.01028	0.01370	0.02959	0.80785	0.03550	0.01682	0.00685	0.00218	0.00311	0.01526	0.00498	0.00436
11	0.00675	0.00545	0.00599	0.00586	0.00750	0.00470	0.00439	0.00848	0.01318	0.01675	0.28509	0.04796	0.54357	0.01276	0.00634	0.00177	0.00266	0.01081	0.00528	0.00470
12	0.84927	0.01038	0.00789	0.00706	0.01038	0.01204	0.00581	0.01578	0.00914	0.02408	0.00747	0.00872	0.00581	0.00498	0.00332	0.00166	0.00415	0.00291	0.00332	0.00581
13	0.00654	0.00467	0.00623	0.00747	0.00779	0.00436	0.00498	0.00747	0.01028	0.01370	0.02959	0.80785	0.03550	0.01682	0.00685	0.00218	0.00311	0.01526	0.00498	0.00436
14	0.02408	0.00914	0.01246	0.00955	0.01370	0.00789	0.00789	0.02616	0.01536	0.78158	0.02118	0.01827	0.01329	0.00664	0.00540	0.00166	0.00457	0.00540	0.00664	0.00914
15	0.00654	0.00467	0.00623	0.00747	0.00779	0.00436	0.00498	0.00747	0.01028	0.01370	0.02959	0.80785	0.03550	0.01682	0.00685	0.00218	0.00311	0.01526	0.00498	0.00436
16	0.01335	0.01153	0.01214	0.01092	0.01396	0.01335	0.00850	0.02852	0.76817	0.02245	0.02185	0.02003	0.01639	0.00728	0.00546	0.00182	0.00425	0.00607	0.00546	0.00850
17	0.02041	0.01504	0.01611	0.01235	0.01665	0.01665	0.01020	0.75997	0.02524	0.03383	0.01289	0.01289	0.00913	0.00644	0.00537	0.00161	0.00591	0.00483	0.00537	0.00913
18	0.01335	0.01153	0.01214	0.01092	0.01396	0.01335	0.00850	0.02852	0.76817	0.02245	0.02185	0.02003	0.01639	0.00728	0.00546	0.00182	0.00425	0.00607	0.00546	0.00850
19	0.00634	0.00544	0.00544	0.00544	0.00725	0.00453	0.00408	0.00770	0.01224	0.01450	0.05438	0.05166	0.77569	0.01359	0.00634	0.00181	0.00272	0.01133	0.00498	0.00453
20	0.00636	0.00539	0.00548	0.00556	0.00728	0.00452	0.00413	0.00769	0.01212	0.01445	0.05292	0.09621	0.73208	0.01378	0.00637	0.00183	0.00274	0.01156	0.00498	0.00452
21	0.01077	0.02777	0.78354	0.01530	0.02323	0.01247	0.01983	0.01700	0.01133	0.01700	0.00963	0.01133	0.00680	0.00510	0.00510	0.00170	0.00793	0.00397	0.00227	0.00793
22	0.00654	0.00467	0.00623	0.00747	0.00779	0.00436	0.00498	0.00747	0.01028	0.01370	0.02959	0.80785	0.03550	0.01682	0.00685	0.00218	0.00311	0.01526	0.00498	0.00436
23	0.00760	0.00549	0.00718	0.00675	0.00802	0.00506	0.00506	0.01013	0.01519	0.02153	0.77503	0.04010	0.05065	0.01097	0.00633	0.00169	0.00253	0.00971	0.00591	0.00506
24	0.01014	0.00954	0.01610	0.79845	0.03697	0.01193	0.01491	0.01371	0.01073	0.01371	0.00954	0.01431	0.00716	0.00537	0.00537	0.00179	0.00716	0.00477	0.00239	0.00596
25	0.01014	0.00954	0.01610	0.79845	0.03697	0.01193	0.01491	0.01371	0.01073	0.01371	0.00954	0.01431	0.00716	0.00537	0.00537	0.00179	0.00716	0.00477	0.00239	0.00596
26	0.01267	0.01448	0.03167	0.02262	0.02805	0.01357	0.75837	0.01719	0.01267	0.01719	0.01086	0.01448	0.00814	0.00452	0.00633	0.00181	0.00905	0.00633	0.00271	0.00724
27	0.00767	0.00575	0.00863	0.00863	0.00959	0.00671	0.00671	0.00959	0.00863	0.01246	0.01438	0.02109	0.01342	0.04026	0.79008	0.00863	0.01438	0.00575	0.00288	0.00479
28	0.02117	0.00850	0.01147	0.00902	0.01269	0.00738	0.00736	0.02328	0.01523	0.64906	0.12622	0.02249	0.04610	0.00749	0.00556	0.00167	0.00422	0.00621	0.00648	0.00841
29	0.01290	0.01382	0.06870	0.01625	0.02062	0.01339	0.33299	0.02291	0.39474	0.01984	0.01634	0.01709	0.01223	0.00596	0.00582	0.00181	0.00655	0.00605	0.00408	0.00792
30	0.02041	0.01504	0.01611	0.01235	0.01665	0.01665	0.01020	0.75997	0.02524	0.03383	0.01289	0.01289	0.00913	0.00644	0.00537	0.00161	0.00591	0.00483	0.00537	0.00913
31	0.00932	0.00466	0.00699	0.00699	0.00699	0.00466	0.00466	0.00699	0.00699	0.00932	0.00932	0.01632	0.00932	0.01865	0.02098	0.84382	0.00466	0.00466	0.00233	0.00233
32	0.01841	0.01166	0.02133	0.01566	0.02022	0.01082	0.34805	0.02155	0.01385	0.40367	0.01592	0.01628	0.01070	0.00580	0.00632	0.00176	0.03937	0.00579	0.00469	0.00814
33	0.01296	0.01249	0.02151	0.10731	0.68468	0.01270	0.03703	0.01623	0.01209	0.01715	0.01006	0.01342	0.00836	0.00483	0.00535	0.00162	0.00653	0.00482	0.00263	0.00822
34	0.00661	0.00473	0.00618	0.00732	0.00765	0.00442	0.00485	0.00750	0.01018	0.01352	0.02946	0.73939	0.05433	0.06630	0.00811	0.00236	0.00323	0.01469	0.00487	0.00430
35	0.01267	0.01448	0.03167	0.02262	0.02805	0.01357	0.75837	0.01719	0.01267	0.01719	0.01086	0.01448	0.00814	0.00452	0.00633	0.00181	0.00905	0.00633	0.00271	0.00724

[dist]
# distance from previous block
# <min> <max>
2	36

[block]
# block no. 8 follows, 45 sequences, length 12
# corresponding to MSA columns:
# 411-422
name=unknown_I
#
# <colnr> <probs for GDERKNQSTAVLIFYWHMCP>
#	G	D	E	R	K	N	Q	S	T	A	V	L	I	F	Y	W	H	M	C	P
0	0.01516	0.01193	0.01329	0.00986	0.01443	0.01128	0.00803	0.33794	0.01726	0.02459	0.01100	0.01189	0.00846	0.00505	0.00458	0.00115	0.00481	0.00390	0.00413	0.48124
1	0.00785	0.00544	0.00694	0.00764	0.00814	0.00538	0.00555	0.00893	0.00995	0.01312	0.02366	0.20375	0.02690	0.36142	0.01595	0.00360	0.00468	0.27281	0.00422	0.00409
2	0.02408	0.00914	0.01246	0.00955	0.01370	0.00789	0.00789	0.02616	0.01536	0.78158	0.02118	0.01827	0.01329	0.00664	0.00540	0.00166	0.00457	0.00540	0.00664	0.00914
3	0.01260	0.42952	0.39782	0.01218	0.01840	0.01695	0.01440	0.01653	0.01112	0.01477	0.00852	0.00994	0.00685	0.00484	0.00425	0.00142	0.00681	0.00341	0.00228	0.00740
4	0.01707	0.01200	0.01321	0.01105	0.01460	0.01322	0.00883	0.21579	0.44352	0.16051	0.01943	0.01788	0.01397	0.00695	0.00543	0.00174	0.00473	0.00563	0.00565	0.00877
5	0.00654	0.00467	0.00623	0.00747	0.00779	0.00436	0.00498	0.00747	0.01028	0.01370	0.02959	0.80785	0.03550	0.01682	0.00685	0.00218	0.00311	0.01526	0.00498	0.00436
6	0.01042	0.00983	0.01661	0.73005	0.10317	0.01200	0.01505	0.01396	0.01087	0.01406	0.00959	0.01422	0.00728	0.00531	0.00536	0.00177	0.00709	0.00477	0.00241	0.00619
7	0.01039	0.01004	0.01767	0.72013	0.03607	0.01209	0.08996	0.01407	0.01093	0.01407	0.00967	0.01433	0.00726	0.00528	0.00546	0.00179	0.00735	0.00493	0.00242	0.00609
