[name]
unknown

[dist]
# distance from previous block
# <min> <max>
4	545

[block]
# block no. 0 follows, 48 sequences, length 13
# corresponding to MSA columns:
# 548-560
name=unknown_A
#
# <colnr> <probs for GDERKNQSTAVLIFYWHMCP>
#	G	D	E	R	K	N	Q	S	T	A	V	L	I	F	Y	W	H	M	C	P
0	0.01387	0.01080	0.01207	0.05373	0.01386	0.09152	0.03933	0.18836	0.06021	0.11447	0.03638	0.11595	0.08988	0.03488	0.05294	0.01708	0.03715	0.00673	0.00434	0.00644
1	0.12234	0.01166	0.06276	0.02454	0.01369	0.01120	0.00837	0.32121	0.01622	0.12130	0.01413	0.10018	0.01170	0.02712	0.00538	0.00163	0.00483	0.00542	0.03741	0.07890
2	0.01381	0.72883	0.02558	0.00925	0.01332	0.01978	0.00899	0.05024	0.01088	0.01303	0.00735	0.00863	0.00669	0.00479	0.00432	0.00120	0.06140	0.00295	0.00233	0.00662
3	0.00956	0.00478	0.00478	0.00478	0.00598	0.00478	0.00359	0.01196	0.01076	0.01913	0.01674	0.01913	0.01315	0.00598	0.00359	0.00120	0.00239	0.00478	0.84816	0.00478
4	0.85592	0.00992	0.00754	0.00675	0.00992	0.01151	0.00556	0.01508	0.00873	0.02302	0.00714	0.00834	0.00556	0.00476	0.00318	0.00159	0.00397	0.00278	0.00318	0.00556
5	0.00956	0.00478	0.00478	0.00478	0.00598	0.00478	0.00359	0.01196	0.01076	0.01913	0.01674	0.01913	0.01315	0.00598	0.00359	0.00120	0.00239	0.00478	0.84816	0.00478
6	0.05684	0.06337	0.01779	0.01391	0.01737	0.44573	0.14296	0.14975	0.01529	0.01714	0.00904	0.01049	0.00713	0.00520	0.00483	0.00143	0.00807	0.00396	0.00307	0.00662
7	0.01340	0.03606	0.02136	0.02801	0.61634	0.04305	0.09671	0.01643	0.01195	0.05266	0.01009	0.01278	0.00820	0.00465	0.00512	0.00153	0.00640	0.00466	0.00272	0.00790
8	0.07985	0.05390	0.00890	0.00774	0.00955	0.00701	0.00581	0.01306	0.06411	0.15191	0.02346	0.44864	0.05015	0.01153	0.00562	0.00181	0.00354	0.01008	0.00473	0.03860
9	0.01381	0.15651	0.07672	0.04300	0.17807	0.21299	0.01099	0.06851	0.04265	0.01546	0.01196	0.12369	0.01125	0.00658	0.00485	0.00150	0.00639	0.00532	0.00306	0.00666
10	0.01057	0.07665	0.01628	0.69577	0.03239	0.05792	0.01355	0.01372	0.01052	0.01299	0.00889	0.01298	0.00681	0.00508	0.00495	0.00164	0.00687	0.00434	0.00229	0.00579
11	0.03394	0.09837	0.28586	0.12704	0.12249	0.10014	0.05926	0.05983	0.03640	0.01633	0.00947	0.01151	0.00725	0.00497	0.00481	0.00154	0.00701	0.00406	0.00261	0.00710
12	0.01518	0.05421	0.13987	0.01410	0.09763	0.01121	0.10808	0.09102	0.08563	0.21169	0.03573	0.01464	0.01077	0.00550	0.00503	0.00152	0.00565	0.00481	0.00406	0.08367

[dist]
# distance from previous block
# <min> <max>
27	72

[block]
# block no. 1 follows, 48 sequences, length 10
# corresponding to MSA columns:
# 658-667
name=unknown_B
#
# <colnr> <probs for GDERKNQSTAVLIFYWHMCP>
#	G	D	E	R	K	N	Q	S	T	A	V	L	I	F	Y	W	H	M	C	P
0	0.17413	0.32431	0.03979	0.01007	0.02780	0.10711	0.02276	0.05460	0.05669	0.07591	0.01023	0.03974	0.00855	0.00550	0.00432	0.00141	0.02338	0.00387	0.00318	0.00663
1	0.00827	0.00591	0.00827	0.00945	0.01063	0.00591	0.00827	0.01063	0.01181	0.01536	0.02717	0.05788	0.02953	0.01417	0.00709	0.00236	0.00472	0.75313	0.00472	0.00472
2	0.01998	0.01361	0.01492	0.01144	0.01553	0.01478	0.00945	0.66937	0.02284	0.13534	0.01339	0.01302	0.00927	0.00619	0.00514	0.00155	0.00547	0.00469	0.00530	0.00873
3	0.00650	0.00486	0.00648	0.05890	0.00913	0.00469	0.00523	0.00757	0.00994	0.01305	0.02885	0.65939	0.10417	0.04659	0.00718	0.00214	0.00327	0.01329	0.00454	0.00424
4	0.00619	0.00517	0.00540	0.00541	0.00703	0.00438	0.00403	0.00759	0.01190	0.01450	0.12434	0.08191	0.67879	0.01288	0.00608	0.00174	0.00260	0.01084	0.00485	0.00438
5	0.01064	0.00912	0.01064	0.00760	0.01216	0.00684	0.00608	0.01292	0.01064	0.01672	0.00912	0.01064	0.00760	0.00380	0.00380	0.00076	0.00380	0.00304	0.00304	0.85104
6	0.61571	0.01147	0.06637	0.00882	0.03832	0.01155	0.00742	0.07881	0.01084	0.09706	0.00907	0.00988	0.00666	0.00503	0.00372	0.00158	0.00448	0.00330	0.00355	0.00636
7	0.78606	0.07735	0.00915	0.00692	0.01019	0.01224	0.00582	0.01511	0.00887	0.02211	0.00714	0.00833	0.00564	0.00473	0.00319	0.00155	0.00410	0.00278	0.00309	0.00564
8	0.01334	0.05130	0.22190	0.04460	0.11815	0.08014	0.01250	0.13358	0.20286	0.01935	0.01406	0.01469	0.03914	0.00588	0.00499	0.00159	0.00606	0.00473	0.00357	0.00758
9	0.00807	0.00624	0.00918	0.00857	0.00977	0.00691	0.03519	0.03834	0.01020	0.01451	0.16674	0.02350	0.01961	0.05948	0.53059	0.00614	0.03242	0.00628	0.00341	0.00485

[dist]
# distance from previous block
# <min> <max>
1	2

[block]
# block no. 2 follows, 48 sequences, length 14
# corresponding to MSA columns:
# 670-683
name=unknown_C
#
# <colnr> <probs for GDERKNQSTAVLIFYWHMCP>
#	G	D	E	R	K	N	Q	S	T	A	V	L	I	F	Y	W	H	M	C	P
0	0.00659	0.00526	0.00594	0.00601	0.00751	0.00461	0.00461	0.00826	0.01233	0.01562	0.22662	0.07314	0.50359	0.01261	0.00618	0.00178	0.00279	0.08710	0.00498	0.00449
1	0.81272	0.00986	0.00777	0.00687	0.01009	0.01130	0.00566	0.01560	0.00904	0.06287	0.00782	0.00881	0.00593	0.00485	0.00328	0.00159	0.00399	0.00290	0.00334	0.00572
2	0.01276	0.01102	0.01160	0.01044	0.01334	0.01276	0.00812	0.02727	0.77840	0.02146	0.02088	0.01914	0.01566	0.00696	0.00522	0.00174	0.00406	0.00580	0.00522	0.00812
3	0.01564	0.46708	0.02144	0.05237	0.01539	0.32522	0.00951	0.01726	0.01203	0.01232	0.00755	0.00892	0.00661	0.00478	0.00391	0.00122	0.00703	0.00306	0.00238	0.00629
4	0.01193	0.10146	0.44126	0.01613	0.12217	0.06229	0.06519	0.05363	0.01199	0.01653	0.02819	0.01244	0.02409	0.00514	0.00487	0.00154	0.00703	0.00422	0.00256	0.00734
5	0.01140	0.01002	0.03950	0.00883	0.01351	0.00745	0.05580	0.01392	0.01096	0.05878	0.00981	0.01122	0.00785	0.00401	0.00406	0.00090	0.00428	0.00338	0.00316	0.72116
6	0.00910	0.00840	0.01117	0.00995	0.01054	0.01056	0.00800	0.01040	0.00970	0.01374	0.12845	0.04467	0.18662	0.05022	0.03727	0.00235	0.43343	0.00700	0.00341	0.00503
7	0.00746	0.00497	0.00560	0.00560	0.00560	0.00497	0.00311	0.00746	0.00746	0.00995	0.01617	0.03358	0.01865	0.81967	0.02612	0.00497	0.00497	0.00746	0.00311	0.00311
8	0.03224	0.00995	0.06261	0.06206	0.06180	0.00836	0.05886	0.02615	0.02583	0.01722	0.14577	0.04340	0.04701	0.00644	0.00531	0.00135	0.03335	0.01912	0.00353	0.32963
9	0.05793	0.01459	0.17360	0.01276	0.07872	0.08528	0.03071	0.06050	0.03468	0.34455	0.04528	0.01500	0.01130	0.00584	0.00501	0.00157	0.00571	0.00472	0.00445	0.00781
10	0.01372	0.82276	0.02689	0.00878	0.01317	0.02030	0.00878	0.01536	0.01043	0.01207	0.00713	0.00823	0.00658	0.00439	0.00329	0.00110	0.00549	0.00274	0.00219	0.00658
11	0.05632	0.03359	0.01535	0.44908	0.07759	0.10988	0.02861	0.01410	0.01067	0.01386	0.00989	0.03986	0.00849	0.00607	0.00611	0.00171	0.08018	0.03023	0.00256	0.00585
12	0.01029	0.02654	0.79309	0.01462	0.02221	0.01192	0.01896	0.01625	0.01083	0.01625	0.00921	0.01083	0.00650	0.00487	0.00487	0.00162	0.00758	0.00379	0.00217	0.00758
13	0.23987	0.01161	0.01247	0.00989	0.01350	0.01263	0.00817	0.34397	0.01684	0.22043	0.01267	0.01251	0.00879	0.00599	0.00524	0.00160	0.04705	0.00427	0.00477	0.00773

[dist]
# distance from previous block
# <min> <max>
0	1

[block]
# block no. 3 follows, 48 sequences, length 84
# corresponding to MSA columns:
# 685-768
name=unknown_D
#
# <colnr> <probs for GDERKNQSTAVLIFYWHMCP>
#	G	D	E	R	K	N	Q	S	T	A	V	L	I	F	Y	W	H	M	C	P
0	0.01299	0.02255	0.60945	0.01387	0.03675	0.01118	0.01650	0.03540	0.01189	0.16449	0.01140	0.01217	0.00777	0.00518	0.00494	0.00161	0.00689	0.00409	0.00304	0.00784
1	0.00976	0.00916	0.01541	0.75738	0.06525	0.01128	0.01409	0.01314	0.01042	0.01343	0.02702	0.01421	0.00785	0.00523	0.00515	0.00170	0.00671	0.00467	0.00237	0.00578
2	0.01100	0.01022	0.05351	0.03174	0.09792	0.00920	0.14121	0.05284	0.09797	0.05346	0.03491	0.20522	0.05720	0.00818	0.00552	0.00165	0.00502	0.00756	0.00391	0.11177
3	0.00803	0.00656	0.05010	0.00696	0.00866	0.00532	0.00569	0.01059	0.01421	0.05209	0.68090	0.03640	0.07456	0.01011	0.00595	0.00162	0.00279	0.00887	0.00545	0.00513
4	0.01246	0.04629	0.11015	0.03214	0.31648	0.01185	0.01237	0.04812	0.15267	0.05651	0.01441	0.03241	0.04199	0.00777	0.04772	0.00197	0.03863	0.00517	0.00340	0.00748
5	0.00661	0.00516	0.00599	0.00633	0.00747	0.00470	0.00452	0.00843	0.04266	0.01479	0.14743	0.33507	0.35064	0.02779	0.00656	0.00191	0.00282	0.01175	0.00488	0.00448
6	0.01436	0.07724	0.09868	0.12296	0.26192	0.13859	0.03585	0.07931	0.03017	0.06675	0.01021	0.01218	0.00791	0.00513	0.00506	0.00152	0.01762	0.00426	0.00298	0.00730
7	0.01475	0.52252	0.08859	0.01092	0.01550	0.06685	0.08800	0.01705	0.01142	0.10812	0.00929	0.01022	0.00745	0.00472	0.00402	0.00128	0.00609	0.00350	0.00277	0.00692
8	0.00746	0.00500	0.00570	0.00570	0.00574	0.00503	0.00324	0.00753	0.00749	0.01003	0.01607	0.03305	0.01842	0.78872	0.05676	0.00510	0.00532	0.00738	0.00309	0.00317
9	0.00799	0.00591	0.00834	0.00815	0.00914	0.00676	0.00624	0.04940	0.00901	0.01279	0.01393	0.02117	0.01323	0.12013	0.67467	0.00754	0.01238	0.00566	0.00291	0.00464
10	0.00656	0.00490	0.00617	0.00703	0.00785	0.00451	0.00513	0.00783	0.01071	0.01382	0.05021	0.48690	0.21772	0.01489	0.00651	0.00203	0.00316	0.13500	0.00478	0.00431
11	0.01372	0.82276	0.02689	0.00878	0.01317	0.02030	0.00878	0.01536	0.01043	0.01207	0.00713	0.00823	0.00658	0.00439	0.00329	0.00110	0.00549	0.00274	0.00219	0.00658
12	0.01238	0.01234	0.02245	0.08028	0.57886	0.01230	0.17355	0.01572	0.01168	0.01646	0.00977	0.01300	0.00797	0.00456	0.00529	0.00158	0.00668	0.00488	0.00253	0.00772
13	0.00748	0.00565	0.00822	0.00815	0.00893	0.00658	0.00623	0.00907	0.00818	0.01174	0.01397	0.03427	0.01355	0.11834	0.67583	0.00757	0.04317	0.00581	0.00280	0.00446
14	0.01029	0.02654	0.79309	0.01462	0.02221	0.01192	0.01896	0.01625	0.01083	0.01625	0.00921	0.01083	0.00650	0.00487	0.00487	0.00162	0.00758	0.00379	0.00217	0.00758
15	0.00726	0.00524	0.00686	0.00646	0.00767	0.00484	0.00484	0.00968	0.01452	0.02058	0.78496	0.03833	0.04841	0.01049	0.00605	0.00161	0.00242	0.00928	0.00565	0.00484
16	0.01932	0.01428	0.01529	0.01177	0.01584	0.01582	0.00971	0.74990	0.04509	0.03204	0.01256	0.01251	0.00892	0.00618	0.00514	0.00155	0.00560	0.00465	0.00514	0.00871
17	0.01917	0.02445	0.01454	0.01322	0.01586	0.79907	0.00991	0.02049	0.01454	0.01256	0.00793	0.00925	0.00661	0.00529	0.00463	0.00132	0.00925	0.00330	0.00264	0.00595
18	0.05717	0.15679	0.14001	0.10471	0.05075	0.02466	0.09048	0.01869	0.01212	0.27708	0.01257	0.01319	0.00881	0.00525	0.00477	0.00153	0.00594	0.00437	0.00372	0.00740
19	0.01508	0.09698	0.07635	0.04866	0.22002	0.11157	0.15414	0.01791	0.01233	0.16120	0.01124	0.01289	0.00843	0.00528	0.00537	0.02080	0.00669	0.00455	0.00320	0.00732
20	0.00746	0.00497	0.00560	0.00560	0.00560	0.00497	0.00311	0.00746	0.00746	0.00995	0.01617	0.03358	0.01865	0.81967	0.02612	0.00497	0.00497	0.00746	0.00311	0.00311
21	0.02936	0.01248	0.10105	0.13439	0.18356	0.06199	0.01158	0.05893	0.01284	0.23841	0.01409	0.07645	0.01107	0.00698	0.02256	0.00176	0.00595	0.00534	0.00389	0.00734
22	0.01183	0.05493	0.38094	0.06040	0.23318	0.02938	0.03177	0.01602	0.01140	0.06084	0.01222	0.01391	0.05007	0.00531	0.00498	0.00158	0.00664	0.00450	0.00268	0.00743
23	0.00746	0.00497	0.00560	0.00560	0.00560	0.00497	0.00311	0.00746	0.00746	0.00995	0.01617	0.03358	0.01865	0.81967	0.02612	0.00497	0.00497	0.00746	0.00311	0.00311
24	0.00725	0.00535	0.00678	0.00640	0.00770	0.00494	0.00481	0.00978	0.02877	0.01992	0.69691	0.03907	0.12174	0.01067	0.00604	0.00163	0.00247	0.00937	0.00555	0.00485
25	0.01158	0.20106	0.18953	0.01715	0.23286	0.01290	0.06496	0.04334	0.01144	0.01556	0.01254	0.12861	0.02417	0.00645	0.00492	0.00155	0.00593	0.00564	0.00284	0.00695
26	0.01778	0.04540	0.08823	0.01329	0.05257	0.01008	0.16158	0.03438	0.01341	0.42888	0.02986	0.01655	0.01148	0.00597	0.00562	0.00163	0.02861	0.02212	0.00468	0.00790
27	0.01315	0.01121	0.01182	0.01052	0.01349	0.01294	0.00821	0.06957	0.73547	0.02208	0.02040	0.01876	0.01527	0.00692	0.00522	0.00173	0.00415	0.00573	0.00522	0.00816
28	0.24829	0.01820	0.04862	0.01260	0.07356	0.40044	0.00944	0.05852	0.01307	0.06067	0.00883	0.00996	0.00689	0.00518	0.00433	0.00145	0.00702	0.00345	0.00310	0.00639
29	0.00741	0.00562	0.00841	0.00836	0.00925	0.00661	0.00652	0.00923	0.00824	0.01192	0.01359	0.01997	0.01270	0.03786	0.78270	0.00812	0.03068	0.00548	0.00274	0.00460
30	0.01133	0.01155	0.07450	0.01053	0.04403	0.05225	0.00840	0.03242	0.42630	0.01920	0.10211	0.02455	0.14517	0.00796	0.00538	0.00168	0.00432	0.00663	0.00469	0.00701
31	0.01298	0.01113	0.01172	0.01049	0.01342	0.01286	0.00817	0.05075	0.75456	0.02181	0.02061	0.01893	0.01544	0.00694	0.00522	0.00173	0.00411	0.00576	0.00522	0.00814
32	0.01013	0.02542	0.75143	0.01429	0.02152	0.01162	0.01829	0.01587	0.01070	0.01602	0.00945	0.01133	0.00684	0.00666	0.04705	0.00198	0.00791	0.00388	0.00220	0.00742
33	0.02277	0.00879	0.01190	0.00916	0.01310	0.00767	0.00756	0.02506	0.03357	0.77218	0.02026	0.01751	0.01277	0.00637	0.00516	0.00159	0.00436	0.00518	0.00632	0.00872
34	0.01047	0.06881	0.75242	0.01431	0.02173	0.01236	0.01842	0.01620	0.01081	0.01603	0.00910	0.01069	0.00650	0.00485	0.00479	0.00160	0.00747	0.00374	0.00217	0.00753
35	0.03415	0.00994	0.01575	0.29703	0.33452	0.01090	0.01271	0.01397	0.04297	0.01509	0.01397	0.01765	0.07854	0.05214	0.00665	0.00183	0.02756	0.00530	0.00280	0.00651
36	0.00745	0.00500	0.00574	0.00574	0.00579	0.00505	0.00329	0.00756	0.00751	0.01006	0.01603	0.03284	0.01833	0.77655	0.06880	0.00516	0.00546	0.00735	0.00309	0.00319
37	0.83630	0.01031	0.02577	0.00693	0.01021	0.01152	0.00587	0.01511	0.00878	0.02286	0.00719	0.00839	0.00558	0.00477	0.00321	0.00159	0.00405	0.00280	0.00315	0.00560
38	0.01372	0.82276	0.02689	0.00878	0.01317	0.02030	0.00878	0.01536	0.01043	0.01207	0.00713	0.00823	0.00658	0.00439	0.00329	0.00110	0.00549	0.00274	0.00219	0.00658
39	0.01951	0.01437	0.01540	0.01181	0.01591	0.01591	0.00975	0.77056	0.02412	0.03234	0.01232	0.01232	0.00873	0.00616	0.00513	0.00154	0.00565	0.00462	0.00513	0.00873
40	0.00744	0.00496	0.00560	0.00563	0.00564	0.00496	0.00314	0.00745	0.00751	0.01002	0.01643	0.05034	0.01898	0.80246	0.02570	0.00491	0.00493	0.00761	0.00314	0.00313
41	0.00673	0.00488	0.00637	0.00680	0.00760	0.00451	0.00484	0.00835	0.01201	0.01643	0.35659	0.41804	0.08076	0.01344	0.00632	0.00187	0.00276	0.03205	0.00514	0.00448
42	0.00746	0.00497	0.00560	0.00560	0.00560	0.00497	0.00311	0.00746	0.00746	0.00995	0.01617	0.03358	0.01865	0.81967	0.02612	0.00497	0.00497	0.00746	0.00311	0.00311
43	0.01240	0.01317	0.05445	0.02771	0.53671	0.01249	0.20921	0.01584	0.01164	0.01652	0.00973	0.01287	0.00793	0.00466	0.00569	0.00160	0.03222	0.00492	0.00253	0.00772
44	0.07401	0.01319	0.09332	0.04701	0.01731	0.01270	0.13585	0.15387	0.31276	0.02141	0.01650	0.01671	0.04967	0.00624	0.00520	0.00168	0.00550	0.00541	0.00416	0.00750
45	0.00662	0.00472	0.00611	0.00701	0.00727	0.00457	0.00464	0.00738	0.00938	0.01253	0.02553	0.63426	0.03040	0.17090	0.01052	0.00265	0.01820	0.02894	0.00440	0.00400
46	0.00635	0.00456	0.00606	0.00722	0.00760	0.00426	0.00493	0.00733	0.00997	0.01324	0.02880	0.75735	0.05204	0.01590	0.00657	0.00209	0.00306	0.05370	0.00476	0.00420
47	0.05632	0.14733	0.01558	0.02310	0.02806	0.01481	0.00887	0.32295	0.23853	0.03743	0.01395	0.02826	0.01069	0.00612	0.00475	0.00152	0.00499	0.00471	0.00445	0.02756
48	0.01317	0.12583	0.21831	0.01030	0.01528	0.01122	0.01040	0.05766	0.09964	0.11603	0.01270	0.01310	0.02513	0.00517	0.00447	0.00131	0.00520	0.00403	0.00351	0.24756
49	0.01439	0.14587	0.33220	0.01306	0.06433	0.02684	0.02659	0.08138	0.01281	0.17310	0.01241	0.02561	0.02157	0.00548	0.00476	0.00151	0.00617	0.00433	0.00341	0.02419
50	0.00956	0.02891	0.29058	0.01203	0.04021	0.00930	0.06681	0.01442	0.08167	0.01759	0.21866	0.04082	0.04097	0.00803	0.00561	0.00173	0.00534	0.09754	0.00383	0.00637
51	0.01144	0.01241	0.02560	0.24866	0.06017	0.01249	0.52074	0.01545	0.01156	0.01549	0.00999	0.01375	0.00753	0.00457	0.00575	0.00172	0.00802	0.00556	0.00250	0.00662
52	0.01234	0.01574	0.22612	0.04873	0.45658	0.01198	0.03045	0.01704	0.07029	0.04554	0.01078	0.01292	0.00839	0.00491	0.00506	0.00158	0.00635	0.00451	0.00278	0.00790
53	0.01257	0.07346	0.28453	0.07835	0.22611	0.05640	0.12008	0.01656	0.01158	0.05817	0.00987	0.01206	0.00749	0.00481	0.00500	0.00156	0.00705	0.00435	0.00259	0.00740
54	0.00779	0.00633	0.00762	0.00806	0.00880	0.05796	0.00591	0.00908	0.00940	0.01244	0.01972	0.33005	0.02168	0.06196	0.34234	0.02477	0.00816	0.04992	0.00363	0.00440
55	0.01127	0.02137	0.49177	0.01739	0.16994	0.06812	0.03014	0.01589	0.01139	0.01615	0.04620	0.01360	0.00940	0.00546	0.00541	0.00162	0.03248	0.02260	0.00251	0.00730
56	0.01397	0.72139	0.02540	0.00935	0.01338	0.07554	0.00899	0.01556	0.01058	0.01212	0.00717	0.00847	0.00659	0.00471	0.00413	0.00118	0.04987	0.00288	0.00223	0.00649
57	0.00734	0.00518	0.00679	0.00686	0.00728	0.00557	0.00467	0.00820	0.00794	0.01099	0.01576	0.07053	0.01691	0.42879	0.36834	0.00627	0.00876	0.00698	0.00304	0.00382
58	0.00969	0.00912	0.01539	0.80734	0.03534	0.01140	0.01425	0.01311	0.01026	0.01311	0.00912	0.01368	0.00684	0.00513	0.00513	0.00171	0.00684	0.00456	0.00228	0.00570
59	0.00726	0.00524	0.00686	0.00646	0.00767	0.00484	0.00484	0.00968	0.01452	0.02058	0.78496	0.03833	0.04841	0.01049	0.00605	0.00161	0.00242	0.00928	0.00565	0.00484
60	0.01935	0.00790	0.01072	0.00853	0.01183	0.00690	0.00691	0.02139	0.01453	0.61255	0.17790	0.04230	0.02060	0.00745	0.00538	0.00161	0.00393	0.00625	0.00617	0.00781
61	0.05419	0.01417	0.01451	0.01147	0.01528	0.15823	0.04693	0.31653	0.01800	0.27819	0.01381	0.01336	0.00947	0.00591	0.00501	0.00153	0.00598	0.00455	0.00487	0.00799
62	0.02302	0.00873	0.01191	0.00913	0.01310	0.00754	0.00754	0.02501	0.01469	0.79122	0.02024	0.01746	0.01270	0.00635	0.00516	0.00159	0.00437	0.00516	0.00635	0.00873
63	0.00934	0.00841	0.04095	0.00760	0.01097	0.00639	0.00618	0.01190	0.02949	0.01715	0.17856	0.11099	0.03746	0.00698	0.00473	0.00118	0.00354	0.00599	0.00385	0.49832
64	0.00891	0.00446	0.00668	0.00668	0.00668	0.00446	0.00446	0.00668	0.00668	0.00891	0.00891	0.01560	0.00891	0.01783	0.02005	0.85071	0.00446	0.00446	0.00223	0.00223
65	0.00891	0.00446	0.00668	0.00668	0.00668	0.00446	0.00446	0.00668	0.00668	0.00891	0.00891	0.01560	0.00891	0.01783	0.02005	0.85071	0.00446	0.00446	0.00223	0.00223
66	0.00736	0.00537	0.00758	0.00758	0.00827	0.00605	0.00559	0.00874	0.00805	0.01142	0.01435	0.02352	0.01429	0.23413	0.60569	0.00743	0.01155	0.00599	0.00284	0.00421
67	0.01270	0.01219	0.02083	0.03149	0.78767	0.01219	0.01575	0.01575	0.01168	0.01676	0.00965	0.01270	0.00813	0.00457	0.00508	0.00152	0.00610	0.00457	0.00254	0.00813
68	0.00697	0.00522	0.00646	0.00619	0.00750	0.00471	0.00463	0.00910	0.01378	0.01889	0.60269	0.05885	0.21374	0.01118	0.00607	0.00165	0.00247	0.00975	0.00543	0.00471
69	0.01447	0.01221	0.01769	0.16762	0.25076	0.05371	0.08777	0.14091	0.03812	0.09761	0.01138	0.01331	0.00854	0.00516	0.00510	0.00154	0.00620	0.00466	0.00343	0.05979
70	0.73141	0.02833	0.04831	0.00810	0.02827	0.01196	0.00683	0.01502	0.00889	0.02174	0.00728	0.00871	0.00575	0.00498	0.00403	0.00161	0.04703	0.00296	0.00304	0.00574
71	0.01286	0.00698	0.00879	0.00758	0.00994	0.00648	0.00594	0.01623	0.09303	0.27335	0.35748	0.03095	0.13085	0.00910	0.00567	0.00163	0.00325	0.00777	0.00572	0.00639
72	0.05129	0.01708	0.01476	0.01199	0.01561	0.24508	0.00960	0.50439	0.03850	0.02593	0.01104	0.01143	0.00815	0.00587	0.00491	0.00148	0.00660	0.00419	0.00433	0.00778
73	0.00891	0.00446	0.00668	0.00668	0.00668	0.00446	0.00446	0.00668	0.00668	0.00891	0.00891	0.01560	0.00891	0.01783	0.02005	0.85071	0.00446	0.00446	0.00223	0.00223
74	0.01094	0.01128	0.04930	0.48103	0.27388	0.02583	0.04620	0.01435	0.01089	0.01453	0.00932	0.01318	0.00727	0.00491	0.00513	0.00164	0.00675	0.00457	0.00238	0.00661
75	0.01217	0.01250	0.01529	0.02771	0.04346	0.11329	0.03015	0.03214	0.02717	0.01327	0.00829	0.01248	0.00774	0.02895	0.06667	0.00252	0.53335	0.00456	0.00251	0.00579
76	0.01064	0.00912	0.01064	0.00760	0.01216	0.00684	0.00608	0.01292	0.01064	0.01672	0.00912	0.01064	0.00760	0.00380	0.00380	0.00076	0.00380	0.00304	0.00304	0.85104
77	0.01336	0.08912	0.28583	0.01281	0.01695	0.28252	0.02674	0.01636	0.01176	0.01392	0.01134	0.03154	0.05172	0.00684	0.02308	0.00170	0.09112	0.00434	0.00257	0.00639
78	0.80210	0.02693	0.00814	0.00689	0.01013	0.01152	0.00571	0.01552	0.00903	0.05612	0.00771	0.00873	0.00589	0.00482	0.00326	0.00158	0.00402	0.00288	0.00329	0.00572
79	0.01136	0.22898	0.06100	0.02989	0.10992	0.01082	0.00859	0.01362	0.01179	0.07942	0.16198	0.08966	0.07312	0.00737	0.00486	0.00144	0.00447	0.00616	0.00372	0.08184
80	0.11270	0.27174	0.05285	0.01357	0.13457	0.12130	0.03481	0.03227	0.02495	0.03221	0.02457	0.02870	0.00892	0.00545	0.00483	0.00142	0.04219	0.01678	0.00284	0.03331
81	0.03515	0.01466	0.03333	0.01274	0.05551	0.05225	0.01007	0.60340	0.08340	0.02916	0.01249	0.01263	0.00904	0.00604	0.00507	0.00155	0.00572	0.00459	0.00478	0.00842
82	0.03829	0.09090	0.01594	0.22645	0.02078	0.35466	0.02518	0.09771	0.05437	0.01559	0.00936	0.01126	0.00737	0.00531	0.00471	0.00147	0.00745	0.00390	0.00292	0.00636
83	0.04857	0.14194	0.01005	0.00743	0.00905	0.03285	0.00568	0.04247	0.01099	0.01436	0.02690	0.43897	0.16770	0.01225	0.00563	0.00178	0.00368	0.01056	0.00421	0.00492

[dist]
# distance from previous block
# <min> <max>
1	3

[block]
# block no. 4 follows, 48 sequences, length 65
# corresponding to MSA columns:
# 773-837
name=unknown_E
#
# <colnr> <probs for GDERKNQSTAVLIFYWHMCP>
#	G	D	E	R	K	N	Q	S	T	A	V	L	I	F	Y	W	H	M	C	P
0	0.32626	0.28916	0.01611	0.00926	0.01261	0.19673	0.00792	0.01664	0.03007	0.01648	0.00766	0.00888	0.00644	0.00496	0.00407	0.00139	0.03355	0.00302	0.00274	0.00606
1	0.00778	0.00654	0.01024	0.33121	0.01907	0.00728	0.02347	0.00975	0.00999	0.01310	0.01992	0.45897	0.02213	0.02877	0.00639	0.00199	0.00469	0.01021	0.00368	0.00482
2	0.21278	0.01258	0.24009	0.00965	0.01293	0.00857	0.00977	0.01235	0.00997	0.01649	0.01576	0.18010	0.01614	0.00983	0.00643	0.07072	0.00502	0.14195	0.00340	0.00546
3	0.01275	0.30295	0.08214	0.14611	0.03362	0.12544	0.13056	0.01537	0.01122	0.01349	0.00965	0.06245	0.00860	0.00550	0.00482	0.00146	0.02047	0.00456	0.00251	0.00633
4	0.01123	0.01123	0.01572	0.01347	0.01347	0.01572	0.01123	0.01235	0.00786	0.01235	0.00674	0.01123	0.00674	0.00898	0.01684	0.00225	0.81028	0.00449	0.00225	0.00561
5	0.01064	0.00912	0.01064	0.00760	0.01216	0.00684	0.00608	0.01292	0.01064	0.01672	0.00912	0.01064	0.00760	0.00380	0.00380	0.00076	0.00380	0.00304	0.00304	0.85104
6	0.00726	0.00524	0.00686	0.00646	0.00767	0.00484	0.00484	0.00968	0.01452	0.02058	0.78496	0.03833	0.04841	0.01049	0.00605	0.00161	0.00242	0.00928	0.00565	0.00484
7	0.00724	0.00530	0.00681	0.00653	0.00773	0.00492	0.00486	0.00973	0.02905	0.01973	0.68004	0.09874	0.07807	0.01096	0.00607	0.00166	0.00250	0.00969	0.00553	0.00483
8	0.01123	0.01123	0.01572	0.01347	0.01347	0.01572	0.01123	0.01235	0.00786	0.01235	0.00674	0.01123	0.00674	0.00898	0.01684	0.00225	0.81028	0.00449	0.00225	0.00561
9	0.00726	0.00524	0.00686	0.00646	0.00767	0.00484	0.00484	0.00968	0.01452	0.02058	0.78496	0.03833	0.04841	0.01049	0.00605	0.00161	0.00242	0.00928	0.00565	0.00484
10	0.01923	0.01423	0.01524	0.01175	0.01581	0.01578	0.00969	0.73988	0.05526	0.03189	0.01267	0.01260	0.00901	0.00619	0.00514	0.00155	0.00558	0.00467	0.00514	0.00870
11	0.00879	0.00454	0.00681	0.00681	0.00688	0.00461	0.00461	0.00688	0.00681	0.00915	0.00929	0.01595	0.00922	0.01943	0.08047	0.78539	0.00518	0.00454	0.00227	0.00241
12	0.01488	0.01750	0.01452	0.33229	0.02328	0.44999	0.01138	0.01699	0.01253	0.01267	0.00874	0.01202	0.00719	0.03834	0.00570	0.00163	0.00811	0.00398	0.00252	0.00573
13	0.01372	0.82276	0.02689	0.00878	0.01317	0.02030	0.00878	0.01536	0.01043	0.01207	0.00713	0.00823	0.00658	0.00439	0.00329	0.00110	0.00549	0.00274	0.00219	0.00658
14	0.02302	0.00873	0.01191	0.00913	0.01310	0.00754	0.00754	0.02501	0.01469	0.79122	0.02024	0.01746	0.01270	0.00635	0.00516	0.00159	0.00437	0.00516	0.00635	0.00873
15	0.00792	0.00604	0.00824	0.03409	0.05721	0.00586	0.00616	0.01083	0.04397	0.01952	0.60442	0.06610	0.04153	0.01026	0.00601	0.00168	0.00302	0.05672	0.00524	0.00517
16	0.02076	0.01155	0.13090	0.01068	0.03935	0.00836	0.00954	0.02338	0.01400	0.64859	0.01823	0.01630	0.01161	0.00607	0.00511	0.00159	0.00491	0.00493	0.00559	0.00854
17	0.00734	0.00545	0.00800	0.00800	0.00883	0.00628	0.00610	0.00900	0.00817	0.01173	0.01397	0.02143	0.01338	0.11240	0.72618	0.00794	0.01291	0.00568	0.00278	0.00444
18	0.00956	0.00478	0.00478	0.00478	0.00598	0.00478	0.00359	0.01196	0.01076	0.01913	0.01674	0.01913	0.01315	0.00598	0.00359	0.00120	0.00239	0.00478	0.84816	0.00478
19	0.01346	0.04402	0.09259	0.05206	0.30579	0.02634	0.08947	0.09688	0.09403	0.05628	0.01178	0.03060	0.00937	0.00559	0.00576	0.00162	0.04852	0.00493	0.00327	0.00763
20	0.00891	0.00446	0.00668	0.00668	0.00668	0.00446	0.00446	0.00668	0.00668	0.00891	0.00891	0.01560	0.00891	0.01783	0.02005	0.85071	0.00446	0.00446	0.00223	0.00223
21	0.01729	0.00952	0.01457	0.05015	0.25634	0.00895	0.02320	0.01966	0.01316	0.41880	0.03254	0.05476	0.02902	0.00654	0.00529	0.00162	0.00495	0.02094	0.00477	0.00792
22	0.68431	0.06500	0.01005	0.00856	0.04386	0.08755	0.00662	0.01565	0.00953	0.02103	0.00733	0.00860	0.00584	0.00478	0.00340	0.00153	0.00467	0.00290	0.00303	0.00577
23	0.01251	0.01192	0.02029	0.03055	0.75455	0.01192	0.01543	0.01553	0.01169	0.01670	0.01040	0.01463	0.00904	0.00498	0.00517	0.00156	0.00604	0.03648	0.00263	0.00798
24	0.00969	0.00912	0.01539	0.80734	0.03534	0.01140	0.01425	0.01311	0.01026	0.01311	0.00912	0.01368	0.00684	0.00513	0.00513	0.00171	0.00684	0.00456	0.00228	0.00570
25	0.00625	0.00447	0.00595	0.00714	0.00744	0.00417	0.00476	0.00714	0.00982	0.01310	0.02828	0.81633	0.03394	0.01608	0.00655	0.00208	0.00298	0.01459	0.00476	0.00417
26	0.01064	0.00912	0.01064	0.00760	0.01216	0.00684	0.00608	0.01292	0.01064	0.01672	0.00912	0.01064	0.00760	0.00380	0.00380	0.00076	0.00380	0.00304	0.00304	0.85104
27	0.01462	0.01194	0.01276	0.02687	0.01452	0.01363	0.00871	0.23842	0.54837	0.02439	0.01821	0.01709	0.01351	0.00670	0.00519	0.00168	0.00457	0.00544	0.00514	0.00824
28	0.01029	0.02654	0.79309	0.01462	0.02221	0.01192	0.01896	0.01625	0.01083	0.01625	0.00921	0.01083	0.00650	0.00487	0.00487	0.00162	0.00758	0.00379	0.00217	0.00758
29	0.02087	0.01038	0.07675	0.00963	0.01376	0.00831	0.00849	0.05407	0.03926	0.64087	0.04917	0.01758	0.01353	0.00640	0.00517	0.00159	0.00460	0.00521	0.00589	0.00846
30	0.01029	0.02654	0.79309	0.01462	0.02221	0.01192	0.01896	0.01625	0.01083	0.01625	0.00921	0.01083	0.00650	0.00487	0.00487	0.00162	0.00758	0.00379	0.00217	0.00758
31	0.00891	0.00446	0.00668	0.00668	0.00668	0.00446	0.00446	0.00668	0.00668	0.00891	0.00891	0.01560	0.00891	0.01783	0.02005	0.85071	0.00446	0.00446	0.00223	0.00223
32	0.01029	0.02654	0.79309	0.01462	0.02221	0.01192	0.01896	0.01625	0.01083	0.01625	0.00921	0.01083	0.00650	0.00487	0.00487	0.00162	0.00758	0.00379	0.00217	0.00758
33	0.01350	0.00699	0.00911	0.00771	0.01006	0.00643	0.00608	0.04741	0.03096	0.29536	0.46442	0.02941	0.03335	0.00876	0.00568	0.00160	0.00328	0.00755	0.00587	0.00646
34	0.02294	0.00886	0.01199	0.00919	0.01316	0.00774	0.00759	0.04238	0.01491	0.77353	0.02006	0.01734	0.01261	0.00635	0.00516	0.00159	0.00440	0.00515	0.00632	0.00873
35	0.00956	0.00478	0.00478	0.00478	0.00598	0.00478	0.00359	0.01196	0.01076	0.01913	0.01674	0.01913	0.01315	0.00598	0.00359	0.00120	0.00239	0.00478	0.84816	0.00478
36	0.00969	0.00912	0.01539	0.80734	0.03534	0.01140	0.01425	0.01311	0.01026	0.01311	0.00912	0.01368	0.00684	0.00513	0.00513	0.00171	0.00684	0.00456	0.00228	0.00570
37	0.85592	0.00992	0.00754	0.00675	0.00992	0.01151	0.00556	0.01508	0.00873	0.02302	0.00714	0.00834	0.00556	0.00476	0.00318	0.00159	0.00397	0.00278	0.00318	0.00556
38	0.85592	0.00992	0.00754	0.00675	0.00992	0.01151	0.00556	0.01508	0.00873	0.02302	0.00714	0.00834	0.00556	0.00476	0.00318	0.00159	0.00397	0.00278	0.00318	0.00556
39	0.01173	0.01120	0.01907	0.28262	0.54415	0.01194	0.01526	0.01489	0.01122	0.01558	0.00948	0.01302	0.00771	0.00475	0.00510	0.00158	0.00634	0.00457	0.00246	0.00734
40	0.01264	0.05207	0.17312	0.02495	0.47597	0.04226	0.09214	0.03622	0.01194	0.01668	0.00953	0.01211	0.00766	0.00467	0.00504	0.00154	0.00673	0.00444	0.00253	0.00776
41	0.11537	0.03657	0.01865	0.47854	0.02926	0.01211	0.20887	0.01429	0.01056	0.01517	0.00914	0.01288	0.00692	0.00485	0.00507	0.00168	0.00691	0.00467	0.00247	0.00603
42	0.01234	0.01182	0.02017	0.12472	0.69727	0.01210	0.01557	0.01543	0.01151	0.01632	0.00959	0.01282	0.00797	0.00464	0.00509	0.00155	0.00619	0.00457	0.00251	0.00784
43	0.00625	0.00447	0.00595	0.00714	0.00744	0.00417	0.00476	0.00714	0.00982	0.01310	0.02828	0.81633	0.03394	0.01608	0.00655	0.00208	0.00298	0.01459	0.00476	0.00417
44	0.00745	0.00503	0.00585	0.00585	0.00594	0.00511	0.00343	0.00763	0.00754	0.01014	0.01593	0.03228	0.01809	0.74411	0.10091	0.00529	0.00582	0.00727	0.00307	0.00325
45	0.01064	0.00912	0.01064	0.00760	0.01216	0.00684	0.00608	0.01292	0.01064	0.01672	0.00912	0.01064	0.00760	0.00380	0.00380	0.00076	0.00380	0.00304	0.00304	0.85104
46	0.00891	0.00446	0.00668	0.00668	0.00668	0.00446	0.00446	0.00668	0.00668	0.00891	0.00891	0.01560	0.00891	0.01783	0.02005	0.85071	0.00446	0.00446	0.00223	0.00223
47	0.85592	0.00992	0.00754	0.00675	0.00992	0.01151	0.00556	0.01508	0.00873	0.02302	0.00714	0.00834	0.00556	0.00476	0.00318	0.00159	0.00397	0.00278	0.00318	0.00556
48	0.01893	0.05848	0.01507	0.01303	0.01575	0.76588	0.00987	0.02027	0.01437	0.01254	0.00790	0.00921	0.00661	0.00525	0.00457	0.00131	0.00909	0.00328	0.00262	0.00598
49	0.01270	0.01219	0.02083	0.03149	0.78767	0.01219	0.01575	0.01575	0.01168	0.01676	0.00965	0.01270	0.00813	0.00457	0.00508	0.00152	0.00610	0.00457	0.00254	0.00813
50	0.00666	0.00624	0.06709	0.00783	0.00874	0.00485	0.00603	0.00801	0.01000	0.01345	0.02675	0.71812	0.03160	0.01512	0.00644	0.00206	0.00342	0.04856	0.00456	0.00446
51	0.00910	0.00681	0.00957	0.01129	0.07341	0.00689	0.00885	0.04068	0.02668	0.01619	0.02509	0.06737	0.02683	0.01299	0.00680	0.00225	0.00482	0.63459	0.00457	0.00521
52	0.01114	0.00910	0.01069	0.00766	0.01220	0.00687	0.00614	0.01341	0.01080	0.04822	0.00957	0.01092	0.00781	0.00390	0.00386	0.00079	0.00382	0.00313	0.00317	0.81679
53	0.01177	0.01154	0.01940	0.24611	0.45576	0.02922	0.07265	0.01486	0.01119	0.01538	0.00977	0.02874	0.00816	0.00513	0.00566	0.00163	0.03856	0.00485	0.00251	0.00713
54	0.13344	0.39314	0.19580	0.01056	0.01521	0.14755	0.01082	0.01638	0.01097	0.01466	0.00774	0.00901	0.00642	0.00470	0.00386	0.00132	0.00638	0.00308	0.00240	0.00656
55	0.01160	0.01764	0.28840	0.03859	0.23113	0.01237	0.29270	0.01612	0.01152	0.01639	0.00976	0.01250	0.00742	0.00460	0.00537	0.00164	0.00756	0.00485	0.00243	0.00745
56	0.01112	0.01107	0.01552	0.01333	0.01336	0.01547	0.01110	0.01226	0.00787	0.01234	0.00692	0.01146	0.00690	0.00977	0.03772	0.00241	0.78903	0.00452	0.00226	0.00559
57	0.00902	0.00558	0.00889	0.03867	0.00976	0.00575	0.05064	0.00828	0.00794	0.01061	0.01167	0.02130	0.01171	0.01684	0.05356	0.59519	0.02234	0.10649	0.00262	0.00316
58	0.00780	0.00530	0.00714	0.00808	0.00891	0.00512	0.00615	0.00959	0.02921	0.04587	0.04317	0.48998	0.03143	0.01470	0.00663	0.00214	0.00364	0.26563	0.00484	0.00465
59	0.01917	0.02445	0.01454	0.01322	0.01586	0.79907	0.00991	0.02049	0.01454	0.01256	0.00793	0.00925	0.00661	0.00529	0.00463	0.00132	0.00925	0.00330	0.00264	0.00595
60	0.00606	0.00520	0.00520	0.00520	0.00693	0.00433	0.00390	0.00736	0.01170	0.01386	0.05198	0.04938	0.78558	0.01299	0.00606	0.00173	0.00260	0.01083	0.00476	0.00433
61	0.00891	0.00446	0.00668	0.00668	0.00668	0.00446	0.00446	0.00668	0.00668	0.00891	0.00891	0.01560	0.00891	0.01783	0.02005	0.85071	0.00446	0.00446	0.00223	0.00223
62	0.01204	0.01364	0.02915	0.02099	0.02578	0.01319	0.71028	0.01612	0.01178	0.01612	0.01010	0.01364	0.00770	0.00469	0.00689	0.00177	0.07080	0.00593	0.00257	0.00682
63	0.85592	0.00992	0.00754	0.00675	0.00992	0.01151	0.00556	0.01508	0.00873	0.02302	0.00714	0.00834	0.00556	0.00476	0.00318	0.00159	0.00397	0.00278	0.00318	0.00556
64	0.01288	0.37128	0.28500	0.01335	0.09763	0.03028	0.01290	0.01689	0.05504	0.04713	0.00946	0.01062	0.00750	0.00482	0.00423	0.00138	0.00621	0.00358	0.00258	0.00725

[dist]
# distance from previous block
# <min> <max>
0	1

[block]
# block no. 5 follows, 48 sequences, length 48
# corresponding to MSA columns:
# 839-886
name=unknown_F
#
# <colnr> <probs for GDERKNQSTAVLIFYWHMCP>
#	G	D	E	R	K	N	Q	S	T	A	V	L	I	F	Y	W	H	M	C	P
0	0.00746	0.00497	0.00560	0.00560	0.00560	0.00497	0.00311	0.00746	0.00746	0.00995	0.01617	0.03358	0.01865	0.81967	0.02612	0.00497	0.00497	0.00746	0.00311	0.00311
1	0.01064	0.00912	0.01064	0.00760	0.01216	0.00684	0.00608	0.01292	0.01064	0.01672	0.00912	0.01064	0.00760	0.00380	0.00380	0.00076	0.00380	0.00304	0.00304	0.85104
2	0.01331	0.63937	0.14799	0.01032	0.01519	0.04628	0.03764	0.01572	0.01070	0.01291	0.00761	0.00888	0.00662	0.00450	0.00369	0.00121	0.00607	0.00305	0.00222	0.00673
3	0.46892	0.02692	0.08497	0.00920	0.02677	0.05795	0.00797	0.09807	0.06602	0.05224	0.01177	0.01236	0.04693	0.00558	0.00404	0.00158	0.00482	0.00386	0.00358	0.00643
4	0.01872	0.08985	0.01555	0.01286	0.01564	0.73528	0.00982	0.02007	0.01420	0.01252	0.00787	0.00917	0.00661	0.00521	0.00452	0.00130	0.00894	0.00326	0.00261	0.00600
5	0.00961	0.00788	0.00964	0.05388	0.01210	0.00858	0.02576	0.04290	0.31118	0.01714	0.02329	0.41061	0.02371	0.01125	0.00589	0.00190	0.00385	0.01002	0.00476	0.00603
6	0.03567	0.01135	0.09918	0.01245	0.09919	0.00919	0.02781	0.08213	0.01445	0.44819	0.07798	0.01793	0.01409	0.00637	0.00520	0.00160	0.00496	0.01907	0.00513	0.00804
7	0.01104	0.19129	0.61701	0.01357	0.02044	0.01368	0.03383	0.01607	0.01078	0.01539	0.00880	0.01036	0.00655	0.00476	0.00457	0.00152	0.00717	0.00363	0.00218	0.00736
8	0.01372	0.82276	0.02689	0.00878	0.01317	0.02030	0.00878	0.01536	0.01043	0.01207	0.00713	0.00823	0.00658	0.00439	0.00329	0.00110	0.00549	0.00274	0.00219	0.00658
9	0.85592	0.00992	0.00754	0.00675	0.00992	0.01151	0.00556	0.01508	0.00873	0.02302	0.00714	0.00834	0.00556	0.00476	0.00318	0.00159	0.00397	0.00278	0.00318	0.00556
10	0.00795	0.00518	0.00670	0.00670	0.00746	0.00564	0.00487	0.00948	0.00871	0.01332	0.01512	0.02316	0.01433	0.22030	0.40296	0.00561	0.00864	0.00579	0.22382	0.00428
11	0.04110	0.13081	0.33623	0.01413	0.10795	0.01178	0.04310	0.01587	0.02900	0.07136	0.07859	0.03369	0.01248	0.00596	0.00489	0.00156	0.00600	0.03146	0.00310	0.02095
12	0.23552	0.00859	0.00872	0.00800	0.01021	0.00963	0.00616	0.06436	0.21297	0.01870	0.01829	0.03825	0.09140	0.11113	0.13376	0.00312	0.00562	0.00578	0.00396	0.00583
13	0.01257	0.01086	0.01142	0.01029	0.01316	0.01252	0.00800	0.02670	0.75679	0.02125	0.02176	0.02000	0.03736	0.00713	0.00524	0.00174	0.00402	0.00594	0.00521	0.00801
14	0.01166	0.00660	0.00669	0.00607	0.00780	0.02091	0.00470	0.11417	0.01279	0.05457	0.01614	0.01797	0.01242	0.00601	0.00388	0.00126	0.00304	0.00475	0.68308	0.00550
15	0.01064	0.00912	0.01064	0.00760	0.01216	0.00684	0.00608	0.01292	0.01064	0.01672	0.00912	0.01064	0.00760	0.00380	0.00380	0.00076	0.00380	0.00304	0.00304	0.85104
16	0.00726	0.00524	0.00686	0.00646	0.00767	0.00484	0.00484	0.00968	0.01452	0.02058	0.78496	0.03833	0.04841	0.01049	0.00605	0.00161	0.00242	0.00928	0.00565	0.00484
17	0.05087	0.45212	0.02079	0.01058	0.03234	0.18507	0.00905	0.07072	0.09686	0.01521	0.00924	0.01005	0.00773	0.00501	0.00396	0.00128	0.00610	0.00338	0.00288	0.00676
18	0.03027	0.01196	0.04837	0.11736	0.27591	0.01187	0.07644	0.09542	0.12606	0.12183	0.02508	0.01471	0.01024	0.00548	0.00518	0.00161	0.00579	0.00497	0.00373	0.00774
19	0.00746	0.00499	0.00566	0.00566	0.00569	0.00501	0.00319	0.00751	0.00748	0.01000	0.01610	0.03323	0.01850	0.79953	0.04606	0.00506	0.00520	0.00741	0.00310	0.00315
20	0.01100	0.00983	0.01476	0.56301	0.02873	0.01153	0.01245	0.09751	0.01172	0.01571	0.00934	0.01297	0.00715	0.00528	0.00562	0.00159	0.05264	0.00435	0.00270	0.12211
21	0.01211	0.01384	0.03028	0.02163	0.02682	0.01298	0.76903	0.01644	0.01211	0.01644	0.01038	0.01384	0.00779	0.00433	0.00606	0.00173	0.00865	0.00606	0.00260	0.00692
22	0.01917	0.02445	0.01454	0.01322	0.01586	0.79907	0.00991	0.02049	0.01454	0.01256	0.00793	0.00925	0.00661	0.00529	0.00463	0.00132	0.00925	0.00330	0.00264	0.00595
23	0.01105	0.17066	0.02734	0.00874	0.01191	0.05406	0.04155	0.04071	0.05620	0.02944	0.20737	0.04692	0.08543	0.00720	0.00486	0.00135	0.00434	0.00599	0.00392	0.18095
24	0.00737	0.00535	0.00752	0.00752	0.00818	0.00602	0.00550	0.00869	0.00803	0.01137	0.01441	0.02386	0.01443	0.25394	0.58608	0.00734	0.01133	0.00604	0.00285	0.00418
25	0.06202	0.54492	0.15624	0.01039	0.01511	0.09143	0.02862	0.01601	0.01083	0.01357	0.00764	0.00891	0.00654	0.00458	0.00375	0.00125	0.00619	0.00306	0.00230	0.00665
26	0.00638	0.00461	0.00607	0.00720	0.00764	0.00430	0.00496	0.00740	0.01007	0.01330	0.02957	0.71829	0.07696	0.01576	0.00656	0.00208	0.00308	0.06678	0.00476	0.00422
27	0.00847	0.00704	0.01017	0.02469	0.01059	0.00887	0.00764	0.01009	0.00822	0.01217	0.01197	0.01813	0.01132	0.05715	0.52867	0.00623	0.22332	0.00526	0.02517	0.00483
28	0.01918	0.02406	0.01457	0.01316	0.01586	0.76813	0.00991	0.05013	0.01492	0.01334	0.00810	0.00937	0.00669	0.00532	0.00465	0.00133	0.00911	0.00336	0.00274	0.00606
29	0.00695	0.00548	0.00643	0.00691	0.00842	0.00496	0.00565	0.00868	0.01174	0.01446	0.04201	0.05280	0.48170	0.01347	0.00648	0.00199	0.00345	0.30919	0.00475	0.00449
30	0.00719	0.00524	0.00675	0.00638	0.00762	0.00481	0.00478	0.00954	0.01435	0.02015	0.73868	0.03903	0.09495	0.01065	0.00605	0.00162	0.00243	0.00938	0.00559	0.00481
31	0.85592	0.00992	0.00754	0.00675	0.00992	0.01151	0.00556	0.01508	0.00873	0.02302	0.00714	0.00834	0.00556	0.00476	0.00318	0.00159	0.00397	0.00278	0.00318	0.00556
32	0.01917	0.02445	0.01454	0.01322	0.01586	0.79907	0.00991	0.02049	0.01454	0.01256	0.00793	0.00925	0.00661	0.00529	0.00463	0.00132	0.00925	0.00330	0.00264	0.00595
33	0.00826	0.00547	0.00718	0.00662	0.00801	0.00501	0.00501	0.01065	0.01453	0.06923	0.73668	0.03701	0.04616	0.01023	0.00600	0.00161	0.00254	0.00902	0.00569	0.00509
34	0.00891	0.00446	0.00668	0.00668	0.00668	0.00446	0.00446	0.00668	0.00668	0.00891	0.00891	0.01560	0.00891	0.01783	0.02005	0.85071	0.00446	0.00446	0.00223	0.00223
35	0.01029	0.02654	0.79309	0.01462	0.02221	0.01192	0.01896	0.01625	0.01083	0.01625	0.00921	0.01083	0.00650	0.00487	0.00487	0.00162	0.00758	0.00379	0.00217	0.00758
36	0.00891	0.00446	0.00668	0.00668	0.00668	0.00446	0.00446	0.00668	0.00668	0.00891	0.00891	0.01560	0.00891	0.01783	0.02005	0.85071	0.00446	0.00446	0.00223	0.00223
37	0.01276	0.01102	0.01160	0.01044	0.01334	0.01276	0.00812	0.02727	0.77840	0.02146	0.02088	0.01914	0.01566	0.00696	0.00522	0.00174	0.00406	0.00580	0.00522	0.00812
38	0.01953	0.03712	0.01694	0.01230	0.01643	0.01032	0.17579	0.10025	0.01473	0.48861	0.01634	0.01561	0.01080	0.00591	0.00570	0.00162	0.03353	0.00520	0.00512	0.00815
39	0.01420	0.72136	0.02523	0.00925	0.01343	0.09311	0.00886	0.01623	0.03589	0.01242	0.00766	0.00868	0.00688	0.00456	0.00348	0.00114	0.00579	0.00290	0.00234	0.00658
40	0.00706	0.00524	0.00714	0.07397	0.01013	0.00522	0.00581	0.03275	0.01054	0.01404	0.05247	0.67732	0.03125	0.01460	0.00638	0.00203	0.00341	0.03158	0.00460	0.00448
41	0.00891	0.00446	0.00668	0.00668	0.00668	0.00446	0.00446	0.00668	0.00668	0.00891	0.00891	0.01560	0.00891	0.01783	0.02005	0.85071	0.00446	0.00446	0.00223	0.00223
42	0.01389	0.51061	0.02423	0.01203	0.04225	0.11917	0.11538	0.01635	0.03811	0.01329	0.00932	0.01074	0.02575	0.00491	0.00437	0.00129	0.02557	0.00369	0.00249	0.00658
43	0.01559	0.01163	0.11511	0.04023	0.11598	0.00898	0.00997	0.01929	0.06905	0.31438	0.04816	0.01549	0.01183	0.00559	0.00488	0.00143	0.00488	0.00468	0.00438	0.17847
44	0.11755	0.08395	0.08805	0.01661	0.21525	0.23659	0.03267	0.03698	0.03523	0.04916	0.01086	0.01226	0.03292	0.00527	0.00462	0.00147	0.00663	0.00408	0.00297	0.00690
45	0.01298	0.57351	0.19919	0.01101	0.01613	0.03653	0.05909	0.01575	0.01072	0.01330	0.00782	0.00919	0.00664	0.00452	0.00385	0.00126	0.00625	0.00320	0.00222	0.00682
46	0.04789	0.02746	0.03720	0.00919	0.04141	0.04380	0.00712	0.01622	0.11896	0.15988	0.38392	0.02699	0.02936	0.00827	0.00546	0.00161	0.00381	0.01996	0.00514	0.00634
47	0.07269	0.03566	0.04187	0.01169	0.04724	0.09783	0.00933	0.40659	0.05786	0.06332	0.07846	0.01510	0.02689	0.00636	0.00499	0.00153	0.00553	0.00488	0.00454	0.00765

[dist]
# distance from previous block
# <min> <max>
0	9

[block]
# block no. 6 follows, 48 sequences, length 36
# corresponding to MSA columns:
# 904-939
name=unknown_G
#
# <colnr> <probs for GDERKNQSTAVLIFYWHMCP>
#	G	D	E	R	K	N	Q	S	T	A	V	L	I	F	Y	W	H	M	C	P
