[name]
unknown

[dist]
# distance from previous block
# <min> <max>
0	37

[block]
# block no. 0 follows, 52 sequences, length 37
# corresponding to MSA columns:
# 37-73
name=unknown_A
#
# <colnr> <probs for GDERKNQSTAVLIFYWHMCP>
#	G	D	E	R	K	N	Q	S	T	A	V	L	I	F	Y	W	H	M	C	P
0	0.02301	0.00693	0.02075	0.00849	0.00974	0.04310	0.00696	0.05717	0.01124	0.02738	0.02272	0.21983	0.02487	0.07383	0.00758	0.00223	0.00439	0.42090	0.00425	0.00463
1	0.05008	0.21379	0.52322	0.01269	0.01877	0.01318	0.07494	0.01511	0.01014	0.01473	0.00823	0.00977	0.00621	0.00445	0.00426	0.00142	0.00662	0.00347	0.00213	0.00680
2	0.01276	0.00853	0.01033	0.00751	0.01169	0.00661	0.00606	0.01485	0.01094	0.19847	0.01105	0.01154	0.00830	0.00415	0.00389	0.00090	0.00371	0.00334	0.00360	0.66178
3	0.66329	0.00982	0.01050	0.00850	0.01188	0.01068	0.11643	0.01458	0.00899	0.04410	0.00768	0.00901	0.00587	0.00443	0.00348	0.00147	0.00438	0.00315	0.00300	0.05876
4	0.00765	0.00638	0.00940	0.01011	0.12151	0.00595	0.05428	0.00987	0.01252	0.01719	0.46712	0.03336	0.19208	0.02407	0.00593	0.00160	0.00323	0.00821	0.00452	0.00501
5	0.00573	0.00491	0.00491	0.00491	0.00655	0.00409	0.00368	0.00695	0.01105	0.01309	0.04909	0.04664	0.79750	0.01227	0.00573	0.00164	0.00245	0.01023	0.00450	0.00409
6	0.00960	0.00896	0.01462	0.34971	0.32082	0.00971	0.01205	0.01235	0.01065	0.01423	0.06285	0.01885	0.12341	0.00602	0.00501	0.00155	0.00536	0.00544	0.00278	0.00602
7	0.01181	0.01133	0.01934	0.08037	0.75026	0.01147	0.01478	0.01471	0.01095	0.01561	0.00908	0.01205	0.00760	0.00435	0.00480	0.00145	0.00580	0.00432	0.00238	0.00753
8	0.00590	0.00422	0.00562	0.00675	0.00703	0.00394	0.00450	0.00675	0.00928	0.01237	0.02671	0.82653	0.03205	0.01518	0.00619	0.00197	0.00281	0.01378	0.00450	0.00394
9	0.01283	0.80220	0.05473	0.00850	0.01276	0.01888	0.00865	0.01454	0.00986	0.01155	0.00681	0.00787	0.00622	0.00416	0.00317	0.00106	0.00526	0.00263	0.00207	0.00625
10	0.01022	0.07252	0.58665	0.03619	0.04612	0.01176	0.11849	0.01515	0.01037	0.01507	0.00873	0.01058	0.00639	0.00448	0.00465	0.00150	0.00702	0.00383	0.00214	0.02816
11	0.01074	0.00726	0.00875	0.00752	0.00952	0.00728	0.00589	0.17014	0.05170	0.08822	0.53353	0.02864	0.03373	0.00858	0.00543	0.00151	0.00314	0.00738	0.00527	0.00578
12	0.00686	0.00495	0.00648	0.00610	0.00724	0.00457	0.00457	0.00914	0.01372	0.01943	0.79691	0.03620	0.04572	0.00991	0.00572	0.00152	0.00229	0.00876	0.00533	0.00457
13	0.00677	0.00495	0.00635	0.00600	0.00718	0.00453	0.00450	0.00897	0.01350	0.01891	0.73552	0.03706	0.10743	0.01010	0.00572	0.00153	0.00230	0.00888	0.00527	0.00453
14	0.01810	0.02310	0.01373	0.01248	0.01498	0.81024	0.00936	0.01935	0.01373	0.01186	0.00749	0.00874	0.00624	0.00499	0.00437	0.00125	0.00874	0.00312	0.00250	0.00562
15	0.00935	0.00882	0.01489	0.76317	0.08671	0.01082	0.01356	0.01255	0.00978	0.01262	0.00865	0.01286	0.00654	0.00481	0.00484	0.00160	0.00641	0.00431	0.00217	0.00554
16	0.00573	0.00491	0.00491	0.00491	0.00655	0.00409	0.00368	0.00695	0.01105	0.01309	0.04909	0.04664	0.79750	0.01227	0.00573	0.00164	0.00245	0.01023	0.00450	0.00409
17	0.02174	0.00825	0.01125	0.00862	0.01237	0.00712	0.00712	0.02362	0.01387	0.80282	0.01912	0.01649	0.01200	0.00600	0.00487	0.00150	0.00412	0.00487	0.00600	0.00825
18	0.02174	0.00825	0.01125	0.00862	0.01237	0.00712	0.00712	0.02362	0.01387	0.80282	0.01912	0.01649	0.01200	0.00600	0.00487	0.00150	0.00412	0.00487	0.00600	0.00825
19	0.86392	0.00937	0.00712	0.00637	0.00937	0.01087	0.00525	0.01425	0.00825	0.02174	0.00675	0.00787	0.00525	0.00450	0.00300	0.00150	0.00375	0.00262	0.00300	0.00525
20	0.00972	0.02507	0.80458	0.01381	0.02097	0.01125	0.01790	0.01535	0.01023	0.01535	0.00870	0.01023	0.00614	0.00460	0.00460	0.00153	0.00716	0.00358	0.00205	0.00716
21	0.00583	0.00491	0.00504	0.00501	0.00661	0.00413	0.00376	0.00714	0.01128	0.01364	0.11382	0.04573	0.73242	0.01207	0.00573	0.00163	0.00244	0.01010	0.00457	0.00413
22	0.00573	0.00491	0.00491	0.00491	0.00655	0.00409	0.00368	0.00695	0.01105	0.01309	0.04909	0.04664	0.79750	0.01227	0.00573	0.00164	0.00245	0.01023	0.00450	0.00409
23	0.01144	0.01307	0.02859	0.02042	0.02533	0.01225	0.78186	0.01552	0.01144	0.01552	0.00980	0.01307	0.00735	0.00408	0.00572	0.00163	0.00817	0.00572	0.00245	0.00654
24	0.01103	0.01097	0.01482	0.56769	0.11184	0.10979	0.01269	0.04164	0.04688	0.01370	0.00915	0.01250	0.00701	0.00492	0.00479	0.00155	0.00650	0.00422	0.00245	0.00587
25	0.01076	0.00859	0.01012	0.00727	0.01154	0.00650	0.00583	0.01290	0.01028	0.06393	0.00926	0.01044	0.00747	0.00374	0.00367	0.00077	0.00362	0.00299	0.00306	0.80727
26	0.02052	0.00918	0.01168	0.00900	0.01264	0.00862	0.00738	0.17562	0.01540	0.61778	0.01747	0.01609	0.01145	0.03698	0.00561	0.00161	0.00439	0.00485	0.00565	0.00805
27	0.01813	0.02232	0.01380	0.01238	0.01499	0.74512	0.00935	0.08191	0.01447	0.01339	0.00783	0.00898	0.00641	0.00506	0.00441	0.00127	0.00846	0.00322	0.00269	0.00583
28	0.02017	0.00779	0.01042	0.00812	0.01154	0.00680	0.00666	0.02209	0.01341	0.70591	0.01871	0.01669	0.01205	0.00595	0.00469	0.00145	0.00389	0.00483	0.11104	0.00779
29	0.00602	0.00431	0.00573	0.00667	0.00705	0.00401	0.00451	0.00704	0.00983	0.01324	0.12182	0.72893	0.03374	0.01453	0.00613	0.00191	0.00275	0.01316	0.00460	0.00401
30	0.01199	0.01151	0.01967	0.02974	0.79946	0.01151	0.01487	0.01487	0.01103	0.01583	0.00912	0.01199	0.00768	0.00432	0.00480	0.00144	0.00576	0.00432	0.00240	0.00768
31	0.00972	0.02507	0.80458	0.01381	0.02097	0.01125	0.01790	0.01535	0.01023	0.01535	0.00870	0.01023	0.00614	0.00460	0.00460	0.00153	0.00716	0.00358	0.00205	0.00716
32	0.00631	0.00450	0.00608	0.00721	0.00766	0.00428	0.00520	0.00744	0.00967	0.01282	0.02649	0.66377	0.03117	0.01480	0.00629	0.00202	0.00316	0.17257	0.00449	0.00405
33	0.00606	0.00476	0.00552	0.00601	0.00713	0.00423	0.00445	0.00731	0.01056	0.01322	0.06244	0.30241	0.43545	0.01328	0.00599	0.00181	0.00280	0.09797	0.00452	0.00410
34	0.00972	0.02507	0.80458	0.01381	0.02097	0.01125	0.01790	0.01535	0.01023	0.01535	0.00870	0.01023	0.00614	0.00460	0.00460	0.00153	0.00716	0.00358	0.00205	0.00716
35	0.01810	0.02310	0.01373	0.01248	0.01498	0.81024	0.00936	0.01935	0.01373	0.01186	0.00749	0.00874	0.00624	0.00499	0.00437	0.00125	0.00874	0.00312	0.00250	0.00562
36	0.01776	0.01306	0.01415	0.03609	0.01523	0.01448	0.00911	0.72883	0.02188	0.02948	0.01170	0.01193	0.00835	0.00578	0.00479	0.00145	0.00525	0.00437	0.03830	0.00801

[dist]
# distance from previous block
# <min> <max>
0	4

[block]
# block no. 1 follows, 52 sequences, length 18
# corresponding to MSA columns:
# 78-95
name=unknown_B
#
# <colnr> <probs for GDERKNQSTAVLIFYWHMCP>
#	G	D	E	R	K	N	Q	S	T	A	V	L	I	F	Y	W	H	M	C	P
0	0.00588	0.00433	0.00551	0.00644	0.00695	0.00396	0.00436	0.00678	0.00957	0.01249	0.03039	0.69813	0.15807	0.01470	0.00611	0.00191	0.00275	0.01319	0.00450	0.00396
1	0.01296	0.83261	0.02539	0.00829	0.01244	0.01917	0.00829	0.01451	0.00985	0.01140	0.00674	0.00777	0.00622	0.00415	0.00311	0.00104	0.00518	0.00259	0.00207	0.00622
2	0.02174	0.00825	0.01125	0.00862	0.01237	0.00712	0.00712	0.02362	0.01387	0.80282	0.01912	0.01649	0.01200	0.00600	0.00487	0.00150	0.00412	0.00487	0.00600	0.00825
3	0.01194	0.01198	0.02060	0.02645	0.59122	0.03161	0.13972	0.01483	0.01088	0.01535	0.00897	0.01198	0.00748	0.00463	0.00582	0.00152	0.07087	0.00451	0.00239	0.00725
4	0.02011	0.01087	0.01287	0.00987	0.01368	0.01101	0.00815	0.39730	0.01826	0.42294	0.01544	0.01410	0.01015	0.00591	0.00486	0.00148	0.00472	0.00462	0.00543	0.00824
5	0.01392	0.01147	0.01337	0.04971	0.11555	0.01286	0.00935	0.26255	0.41268	0.02258	0.01530	0.01503	0.01143	0.00597	0.00488	0.00156	0.00467	0.00492	0.00445	0.00775
6	0.01280	0.01198	0.01502	0.01285	0.04232	0.08416	0.08482	0.18945	0.04762	0.01697	0.02282	0.04040	0.00939	0.03596	0.03585	0.00205	0.32137	0.00490	0.00312	0.00614
7	0.00573	0.00491	0.00491	0.00491	0.00655	0.00409	0.00368	0.00695	0.01105	0.01309	0.04909	0.04664	0.79750	0.01227	0.00573	0.00164	0.00245	0.01023	0.00450	0.00409
8	0.01137	0.01358	0.06645	0.01977	0.02472	0.01220	0.72021	0.01583	0.03539	0.01566	0.01005	0.01309	0.00752	0.00419	0.00564	0.00163	0.00799	0.00561	0.00251	0.00660
9	0.00650	0.00494	0.00598	0.00572	0.00702	0.00442	0.00429	0.00845	0.01287	0.01742	0.55923	0.03952	0.28466	0.01066	0.00572	0.00156	0.00234	0.00923	0.00507	0.00442
10	0.01255	0.01245	0.01391	0.01176	0.01454	0.13045	0.11811	0.02181	0.48540	0.01781	0.04957	0.01634	0.01332	0.00624	0.00563	0.00161	0.05228	0.00523	0.00407	0.00693
11	0.00741	0.00560	0.00692	0.00647	0.00784	0.00544	0.00489	0.01099	0.10632	0.01915	0.65876	0.03467	0.08763	0.00965	0.00562	0.00155	0.00248	0.00846	0.00524	0.00491
12	0.01226	0.01202	0.01941	0.02899	0.76529	0.04630	0.01463	0.01507	0.01115	0.01566	0.00904	0.01185	0.00761	0.00435	0.00478	0.00143	0.00589	0.00427	0.00240	0.00759
13	0.01651	0.01015	0.01317	0.01032	0.01361	0.02617	0.08422	0.27945	0.01576	0.28055	0.04115	0.03191	0.01172	0.00920	0.08905	0.00214	0.00577	0.00508	0.04687	0.00722
14	0.79337	0.01052	0.00767	0.00688	0.00984	0.07755	0.00559	0.01467	0.00870	0.02092	0.00681	0.00794	0.00533	0.00454	0.00311	0.00148	0.00416	0.00267	0.00296	0.00528
15	0.86392	0.00937	0.00712	0.00637	0.00937	0.01087	0.00525	0.01425	0.00825	0.02174	0.00675	0.00787	0.00525	0.00450	0.00300	0.00150	0.00375	0.00262	0.00300	0.00525
16	0.00627	0.00460	0.00594	0.00691	0.00741	0.00439	0.00477	0.00779	0.04511	0.01287	0.02735	0.71616	0.06569	0.01457	0.00613	0.00195	0.00292	0.05050	0.00452	0.00414
17	0.01099	0.01036	0.01739	0.18797	0.55536	0.01092	0.01365	0.01415	0.03234	0.01487	0.00963	0.01294	0.00800	0.00716	0.07201	0.00201	0.00645	0.00442	0.00244	0.00693

[dist]
# distance from previous block
# <min> <max>
0	1

[block]
# block no. 2 follows, 52 sequences, length 108
# corresponding to MSA columns:
# 97-204
name=unknown_C
#
# <colnr> <probs for GDERKNQSTAVLIFYWHMCP>
#	G	D	E	R	K	N	Q	S	T	A	V	L	I	F	Y	W	H	M	C	P
0	0.00592	0.00432	0.00558	0.00658	0.00703	0.00398	0.00446	0.00683	0.00951	0.01249	0.02919	0.72610	0.11745	0.01483	0.00614	0.00194	0.00280	0.02641	0.00450	0.00396
1	0.01140	0.01331	0.04406	0.02029	0.02524	0.01223	0.76664	0.01552	0.01141	0.01552	0.00978	0.01302	0.00733	0.00410	0.00570	0.00163	0.00815	0.00568	0.00244	0.00655
2	0.00573	0.00491	0.00491	0.00491	0.00655	0.00409	0.00368	0.00695	0.01105	0.01309	0.04909	0.04664	0.79750	0.01227	0.00573	0.00164	0.00245	0.01023	0.00450	0.00409
3	0.01194	0.01258	0.06505	0.01726	0.04380	0.01133	0.52088	0.09177	0.01249	0.05383	0.01362	0.05061	0.05968	0.00540	0.00553	0.00161	0.00697	0.00603	0.00306	0.00658
4	0.01296	0.83261	0.02539	0.00829	0.01244	0.01917	0.00829	0.01451	0.00985	0.01140	0.00674	0.00777	0.00622	0.00415	0.00311	0.00104	0.00518	0.00259	0.00207	0.00622
5	0.01810	0.02310	0.01373	0.01248	0.01498	0.81024	0.00936	0.01935	0.01373	0.01186	0.00749	0.00874	0.00624	0.00499	0.00437	0.00125	0.00874	0.00312	0.00250	0.00562
6	0.86392	0.00937	0.00712	0.00637	0.00937	0.01087	0.00525	0.01425	0.00825	0.02174	0.00675	0.00787	0.00525	0.00450	0.00300	0.00150	0.00375	0.00262	0.00300	0.00525
7	0.01205	0.01041	0.01096	0.00986	0.01260	0.01205	0.00767	0.02575	0.79071	0.02027	0.01972	0.01808	0.01479	0.00657	0.00493	0.00164	0.00384	0.00548	0.00493	0.00767
8	0.86392	0.00937	0.00712	0.00637	0.00937	0.01087	0.00525	0.01425	0.00825	0.02174	0.00675	0.00787	0.00525	0.00450	0.00300	0.00150	0.00375	0.00262	0.00300	0.00525
9	0.00573	0.00491	0.00491	0.00491	0.00655	0.00409	0.00368	0.00695	0.01105	0.01309	0.04909	0.04664	0.79750	0.01227	0.00573	0.00164	0.00245	0.01023	0.00450	0.00409
10	0.00846	0.00768	0.01265	0.64627	0.02780	0.00932	0.01156	0.01119	0.00960	0.01238	0.01244	0.18518	0.01188	0.00703	0.00513	0.00169	0.00569	0.00631	0.00265	0.00508
11	0.01050	0.00999	0.01698	0.44274	0.39810	0.01112	0.01413	0.01357	0.01033	0.01402	0.00885	0.01248	0.00704	0.00459	0.00482	0.00153	0.00613	0.00431	0.00227	0.00647
12	0.01016	0.13467	0.69883	0.01306	0.01982	0.01233	0.01660	0.01523	0.01018	0.01481	0.00843	0.00990	0.00615	0.00454	0.00440	0.00147	0.00689	0.00345	0.00205	0.00703
13	0.01405	0.66121	0.02292	0.00918	0.01298	0.18667	0.00852	0.01554	0.01067	0.01150	0.00690	0.00798	0.00622	0.00433	0.00338	0.00108	0.00594	0.00270	0.00216	0.00609
14	0.00598	0.00427	0.00571	0.00683	0.00715	0.00400	0.00463	0.00688	0.00935	0.01246	0.02667	0.79581	0.03189	0.01511	0.00621	0.00198	0.00288	0.04374	0.00450	0.00396
15	0.10674	0.01441	0.26967	0.01006	0.01495	0.00949	0.01039	0.08793	0.01224	0.25560	0.01189	0.01197	0.00818	0.00495	0.00436	0.00137	0.00509	0.00382	0.00374	0.15313
16	0.00573	0.00491	0.00491	0.00491	0.00655	0.00409	0.00368	0.00695	0.01105	0.01309	0.04909	0.04664	0.79750	0.01227	0.00573	0.00164	0.00245	0.01023	0.00450	0.00409
17	0.00661	0.00477	0.00626	0.00626	0.00719	0.00441	0.00455	0.00853	0.01258	0.01763	0.60019	0.23806	0.04223	0.01125	0.00584	0.00164	0.00242	0.01004	0.00512	0.00441
18	0.00985	0.00476	0.00495	0.00478	0.00608	0.00468	0.00363	0.01209	0.01040	0.06871	0.01602	0.01797	0.01239	0.00567	0.00348	0.00115	0.00238	0.00454	0.80170	0.00476
19	0.00972	0.02507	0.80458	0.01381	0.02097	0.01125	0.01790	0.01535	0.01023	0.01535	0.00870	0.01023	0.00614	0.00460	0.00460	0.00153	0.00716	0.00358	0.00205	0.00716
20	0.00915	0.00861	0.01453	0.81804	0.03338	0.01077	0.01346	0.01238	0.00969	0.01238	0.00861	0.01292	0.00646	0.00484	0.00484	0.00161	0.00646	0.00431	0.00215	0.00538
21	0.00705	0.00470	0.00529	0.00529	0.00529	0.00470	0.00294	0.00705	0.00705	0.00940	0.01527	0.03171	0.01762	0.82969	0.02467	0.00470	0.00470	0.00705	0.00294	0.00294
22	0.01238	0.01057	0.01114	0.00993	0.01272	0.01220	0.00775	0.06402	0.75192	0.02079	0.01932	0.01775	0.01446	0.00654	0.00493	0.00163	0.00391	0.00542	0.00493	0.00770
23	0.01205	0.01041	0.01096	0.00986	0.01260	0.01205	0.00767	0.02575	0.79071	0.02027	0.01972	0.01808	0.01479	0.00657	0.00493	0.00164	0.00384	0.00548	0.00493	0.00767
24	0.01842	0.01357	0.01454	0.01115	0.01503	0.01503	0.00921	0.78330	0.02278	0.03054	0.01163	0.01163	0.00824	0.00582	0.00485	0.00145	0.00533	0.00436	0.00485	0.00824
25	0.01199	0.01151	0.01967	0.02974	0.79946	0.01151	0.01487	0.01487	0.01103	0.01583	0.00912	0.01199	0.00768	0.00432	0.00480	0.00144	0.00576	0.00432	0.00240	0.00768
26	0.00590	0.00422	0.00562	0.00675	0.00703	0.00394	0.00450	0.00675	0.00928	0.01237	0.02671	0.82653	0.03205	0.01518	0.00619	0.00197	0.00281	0.01378	0.00450	0.00394
27	0.01309	0.01176	0.05168	0.07982	0.11268	0.01166	0.20162	0.14475	0.16809	0.07688	0.01334	0.01450	0.02195	0.00538	0.00519	0.00156	0.01804	0.00501	0.03589	0.00711
28	0.01344	0.01296	0.07587	0.15060	0.28944	0.05251	0.01231	0.21551	0.07204	0.03057	0.01060	0.01236	0.00809	0.00506	0.00477	0.00148	0.00580	0.00431	0.01500	0.00727
29	0.00702	0.00480	0.00582	0.00582	0.00600	0.00499	0.00360	0.00739	0.00720	0.00979	0.01478	0.02903	0.01645	0.66172	0.19105	0.00535	0.00645	0.00665	0.00286	0.00323
30	0.01121	0.16696	0.55144	0.01217	0.01819	0.01243	0.01470	0.05411	0.01087	0.05425	0.00920	0.01056	0.00681	0.00604	0.03957	0.00171	0.00682	0.00358	0.00241	0.00698
31	0.01281	0.79733	0.05943	0.00853	0.01281	0.01883	0.00871	0.01455	0.00986	0.01157	0.00682	0.00788	0.00622	0.00417	0.00317	0.00106	0.00527	0.00263	0.00207	0.00626
32	0.00590	0.00422	0.00562	0.00675	0.00703	0.00394	0.00450	0.00675	0.00928	0.01237	0.02671	0.82653	0.03205	0.01518	0.00619	0.00197	0.00281	0.01378	0.00450	0.00394
33	0.01507	0.01266	0.06620	0.01267	0.05271	0.01241	0.10895	0.30835	0.20462	0.09793	0.01364	0.01371	0.00987	0.00555	0.00491	0.00150	0.00528	0.00474	0.00429	0.04497
34	0.01467	0.01460	0.07192	0.01683	0.16339	0.09309	0.17020	0.29897	0.04962	0.02084	0.01038	0.01187	0.00784	0.00512	0.00526	0.00150	0.02865	0.00450	0.00340	0.00734
35	0.00596	0.00498	0.00523	0.00536	0.00694	0.00426	0.00414	0.00730	0.01106	0.01325	0.04648	0.04753	0.71156	0.01240	0.00584	0.00170	0.00268	0.09471	0.00450	0.00413
36	0.07324	0.01228	0.04042	0.01010	0.01392	0.05198	0.00852	0.39740	0.01778	0.30444	0.01368	0.01294	0.00922	0.00571	0.00471	0.00147	0.00504	0.00434	0.00492	0.00788
37	0.01205	0.01041	0.01096	0.00986	0.01260	0.01205	0.00767	0.02575	0.79071	0.02027	0.01972	0.01808	0.01479	0.00657	0.00493	0.00164	0.00384	0.00548	0.00493	0.00767
38	0.00698	0.00496	0.00660	0.00660	0.00705	0.00541	0.00458	0.00789	0.00744	0.01037	0.01407	0.02505	0.01473	0.41294	0.43746	0.00632	0.00905	0.00607	0.00276	0.00367
39	0.86392	0.00937	0.00712	0.00637	0.00937	0.01087	0.00525	0.01425	0.00825	0.02174	0.00675	0.00787	0.00525	0.00450	0.00300	0.00150	0.00375	0.00262	0.00300	0.00525
40	0.00705	0.00470	0.00529	0.00529	0.00529	0.00470	0.00294	0.00705	0.00705	0.00940	0.01527	0.03171	0.01762	0.82969	0.02467	0.00470	0.00470	0.00705	0.00294	0.00294
41	0.00915	0.00861	0.01453	0.81804	0.03338	0.01077	0.01346	0.01238	0.00969	0.01238	0.00861	0.01292	0.00646	0.00484	0.00484	0.00161	0.00646	0.00431	0.00215	0.00538
42	0.86392	0.00937	0.00712	0.00637	0.00937	0.01087	0.00525	0.01425	0.00825	0.02174	0.00675	0.00787	0.00525	0.00450	0.00300	0.00150	0.00375	0.00262	0.00300	0.00525
43	0.00972	0.02507	0.80458	0.01381	0.02097	0.01125	0.01790	0.01535	0.01023	0.01535	0.00870	0.01023	0.00614	0.00460	0.00460	0.00153	0.00716	0.00358	0.00205	0.00716
44	0.02174	0.00825	0.01125	0.00862	0.01237	0.00712	0.00712	0.02362	0.01387	0.80282	0.01912	0.01649	0.01200	0.00600	0.00487	0.00150	0.00412	0.00487	0.00600	0.00825
45	0.00590	0.00422	0.00562	0.00675	0.00703	0.00394	0.00450	0.00675	0.00928	0.01237	0.02671	0.82653	0.03205	0.01518	0.00619	0.00197	0.00281	0.01378	0.00450	0.00394
46	0.02145	0.00872	0.01154	0.00885	0.01261	0.00782	0.00731	0.09085	0.01466	0.73447	0.01846	0.01606	0.01166	0.00598	0.00487	0.00150	0.00423	0.00483	0.00590	0.00825
47	0.01842	0.01357	0.01454	0.01115	0.01503	0.01503	0.00921	0.78330	0.02278	0.03054	0.01163	0.01163	0.00824	0.00582	0.00485	0.00145	0.00533	0.00436	0.00485	0.00824
48	0.00587	0.00494	0.00510	0.00513	0.00672	0.00417	0.00389	0.00719	0.01118	0.01346	0.08522	0.04644	0.72962	0.01220	0.00577	0.00165	0.00253	0.04026	0.00454	0.00413
49	0.01864	0.01323	0.01433	0.01099	0.01486	0.01452	0.00908	0.73428	0.02221	0.08038	0.01212	0.01195	0.00848	0.00583	0.00485	0.00146	0.00525	0.00440	0.00492	0.00824
50	0.00994	0.01066	0.06455	0.01202	0.01256	0.01308	0.01033	0.01133	0.00796	0.01210	0.00946	0.09430	0.00993	0.00913	0.01377	0.00207	0.64798	0.04109	0.00246	0.00525
51	0.00673	0.00495	0.00630	0.00596	0.00716	0.00452	0.00447	0.00890	0.01342	0.01872	0.71340	0.03736	0.12967	0.01017	0.00572	0.00154	0.00231	0.00893	0.00524	0.00452
52	0.02104	0.00937	0.01194	0.00916	0.01293	0.00880	0.00756	0.18446	0.01576	0.63931	0.01753	0.01547	0.01120	0.00596	0.00487	0.00149	0.00438	0.00477	0.00575	0.00825
53	0.01031	0.01022	0.01501	0.18336	0.01731	0.01394	0.02418	0.01188	0.00797	0.01188	0.00690	0.01113	0.00640	0.00764	0.01339	0.00201	0.63473	0.00428	0.00213	0.00534
54	0.00595	0.00425	0.00567	0.00680	0.00710	0.00397	0.00458	0.00682	0.00932	0.01242	0.02668	0.80858	0.03195	0.01514	0.00620	0.00197	0.00285	0.03129	0.00450	0.00395
55	0.02603	0.01160	0.01264	0.01120	0.04779	0.03578	0.02632	0.24675	0.44512	0.03352	0.01599	0.01537	0.01189	0.00608	0.00483	0.00155	0.00456	0.00496	0.03038	0.00763
56	0.00587	0.00491	0.00511	0.00506	0.00664	0.00415	0.00380	0.00724	0.01139	0.01391	0.14578	0.04529	0.70030	0.01197	0.00573	0.00162	0.00243	0.01004	0.00461	0.00415
57	0.01050	0.01135	0.02373	0.01729	0.02138	0.01067	0.60817	0.01438	0.02537	0.01641	0.17232	0.01793	0.01540	0.00533	0.00570	0.00161	0.00688	0.00634	0.00309	0.00615
58	0.01205	0.01041	0.01096	0.00986	0.01260	0.01205	0.00767	0.02575	0.79071	0.02027	0.01972	0.01808	0.01479	0.00657	0.00493	0.00164	0.00384	0.00548	0.00493	0.00767
59	0.01199	0.01151	0.01967	0.02974	0.79946	0.01151	0.01487	0.01487	0.01103	0.01583	0.00912	0.01199	0.00768	0.00432	0.00480	0.00144	0.00576	0.00432	0.00240	0.00768
60	0.01205	0.01041	0.01096	0.00986	0.01260	0.01205	0.00767	0.02575	0.79071	0.02027	0.01972	0.01808	0.01479	0.00657	0.00493	0.00164	0.00384	0.00548	0.00493	0.00767
61	0.01486	0.00910	0.01429	0.23514	0.24064	0.00923	0.01093	0.01736	0.01179	0.32930	0.02603	0.03796	0.01038	0.00554	0.00490	0.00153	0.00516	0.00488	0.00388	0.00712
62	0.01382	0.23652	0.01942	0.02763	0.19821	0.08934	0.07902	0.10989	0.04958	0.05048	0.00948	0.01096	0.00762	0.00485	0.00487	0.00135	0.04341	0.00389	0.00290	0.03677
63	0.01089	0.04585	0.58253	0.01454	0.02088	0.05140	0.14072	0.04910	0.01114	0.01575	0.00889	0.01061	0.00643	0.00458	0.00474	0.00152	0.00727	0.00391	0.00226	0.00700
64	0.01101	0.01105	0.05576	0.13769	0.36660	0.03336	0.05016	0.06417	0.02397	0.01626	0.08274	0.06743	0.02706	0.00589	0.00500	0.00151	0.00546	0.00542	0.00300	0.02645
65	0.00874	0.00456	0.00472	0.00469	0.00574	0.00453	0.00345	0.01085	0.01023	0.01761	0.07514	0.02033	0.01529	0.05915	0.00494	0.00139	0.00242	0.00500	0.73680	0.00442
66	0.48148	0.00886	0.00900	0.00739	0.01073	0.00917	0.00610	0.01850	0.01080	0.37643	0.01237	0.01179	0.00831	0.00518	0.00385	0.00150	0.00392	0.00365	0.00436	0.00661
67	0.00695	0.00507	0.00718	0.00718	0.00783	0.00573	0.00530	0.00826	0.00761	0.01080	0.01354	0.02212	0.01345	0.22950	0.61916	0.00704	0.01096	0.00564	0.00268	0.00399
68	0.01194	0.01146	0.01958	0.04386	0.78575	0.01150	0.01485	0.01483	0.01101	0.01577	0.00911	0.01201	0.00765	0.00433	0.00480	0.00144	0.00577	0.00432	0.00239	0.00764
69	0.02025	0.00792	0.01077	0.00837	0.01186	0.00687	0.00687	0.02217	0.01385	0.72443	0.09695	0.01847	0.01537	0.00639	0.00496	0.00150	0.00394	0.00526	0.00593	0.00788
70	0.01303	0.01043	0.01362	0.01309	0.12890	0.02266	0.09196	0.18244	0.22863	0.04324	0.01487	0.01554	0.02356	0.00568	0.00468	0.00146	0.00466	0.00493	0.16963	0.00699
71	0.00692	0.00519	0.00779	0.00779	0.00865	0.00606	0.00606	0.00865	0.00779	0.01125	0.01298	0.01904	0.01211	0.03634	0.81049	0.00779	0.01298	0.00519	0.00260	0.00433
72	0.01297	0.01889	0.51385	0.01177	0.01755	0.00984	0.01381	0.04527	0.01171	0.22425	0.01417	0.01429	0.05884	0.00551	0.00476	0.00153	0.00599	0.00438	0.00335	0.00729
73	0.06879	0.60981	0.03660	0.00907	0.01289	0.16949	0.00848	0.01543	0.01049	0.01223	0.00692	0.00801	0.00616	0.00434	0.00337	0.00112	0.00581	0.00271	0.00221	0.00606
74	0.86392	0.00937	0.00712	0.00637	0.00937	0.01087	0.00525	0.01425	0.00825	0.02174	0.00675	0.00787	0.00525	0.00450	0.00300	0.00150	0.00375	0.00262	0.00300	0.00525
75	0.01139	0.01003	0.01676	0.06163	0.53656	0.01003	0.03941	0.01429	0.02493	0.05559	0.08293	0.05441	0.01348	0.00589	0.00507	0.00153	0.00525	0.04079	0.00308	0.00695
76	0.00607	0.00442	0.00577	0.00678	0.00728	0.00411	0.00474	0.00709	0.00964	0.01265	0.02885	0.67276	0.10824	0.01471	0.00619	0.00196	0.00294	0.08730	0.00450	0.00400
77	0.01034	0.01018	0.01815	0.02038	0.35557	0.00991	0.22082	0.01364	0.05030	0.01521	0.01668	0.12222	0.10122	0.00669	0.00534	0.00159	0.00556	0.00666	0.00305	0.00647
78	0.56689	0.03810	0.15080	0.00810	0.01196	0.01077	0.00788	0.01579	0.02373	0.11463	0.00883	0.00952	0.00643	0.00473	0.00355	0.00149	0.00445	0.00312	0.00320	0.00603
79	0.09738	0.18441	0.12820	0.01176	0.05716	0.01167	0.12874	0.01516	0.02405	0.08014	0.00928	0.01063	0.00721	0.00437	0.00426	0.00126	0.01654	0.00363	0.00279	0.20133
80	0.00936	0.00767	0.00879	0.00665	0.01027	0.00588	0.00527	0.01127	0.01043	0.04202	0.01919	0.01950	0.20682	0.00586	0.00417	0.00098	0.00332	0.00480	0.00339	0.61435
81	0.01157	0.01075	0.01709	0.02446	0.59813	0.01100	0.01290	0.01615	0.13760	0.01664	0.04607	0.01615	0.01149	0.00538	0.00495	0.00152	0.00523	0.04249	0.00304	0.00738
82	0.01257	0.00861	0.01027	0.00778	0.01163	0.00717	0.00621	0.03757	0.07508	0.17267	0.01261	0.05328	0.01005	0.00496	0.00412	0.00103	0.00373	0.00408	0.00380	0.55280
83	0.00811	0.00496	0.00523	0.00515	0.00645	0.00475	0.00385	0.03680	0.01112	0.01701	0.10105	0.07901	0.21525	0.00836	0.00444	0.00136	0.00245	0.00697	0.47317	0.00451
84	0.02174	0.00825	0.01125	0.00862	0.01237	0.00712	0.00712	0.02362	0.01387	0.80282	0.01912	0.01649	0.01200	0.00600	0.00487	0.00150	0.00412	0.00487	0.00600	0.00825
85	0.86392	0.00937	0.00712	0.00637	0.00937	0.01087	0.00525	0.01425	0.00825	0.02174	0.00675	0.00787	0.00525	0.00450	0.00300	0.00150	0.00375	0.00262	0.00300	0.00525
86	0.01810	0.02310	0.01373	0.01248	0.01498	0.81024	0.00936	0.01935	0.01373	0.01186	0.00749	0.00874	0.00624	0.00499	0.00437	0.00125	0.00874	0.00312	0.00250	0.00562
87	0.01144	0.01307	0.02859	0.02042	0.02533	0.01225	0.78186	0.01552	0.01144	0.01552	0.00980	0.01307	0.00735	0.00408	0.00572	0.00163	0.00817	0.00572	0.00245	0.00654
88	0.86392	0.00937	0.00712	0.00637	0.00937	0.01087	0.00525	0.01425	0.00825	0.02174	0.00675	0.00787	0.00525	0.00450	0.00300	0.00150	0.00375	0.00262	0.00300	0.00525
89	0.01205	0.01041	0.01096	0.00986	0.01260	0.01205	0.00767	0.02575	0.79071	0.02027	0.01972	0.01808	0.01479	0.00657	0.00493	0.00164	0.00384	0.00548	0.00493	0.00767
90	0.00804	0.00768	0.01174	0.00952	0.01210	0.00720	0.20066	0.01164	0.11177	0.01493	0.07063	0.03399	0.46174	0.00936	0.00562	0.00163	0.00407	0.00841	0.00408	0.00519
91	0.00578	0.00491	0.00498	0.00496	0.00658	0.00411	0.00372	0.00705	0.01116	0.01337	0.08176	0.04618	0.76466	0.01217	0.00573	0.00163	0.00245	0.01016	0.00454	0.00411
92	0.01280	0.01036	0.01096	0.00957	0.01236	0.01174	0.00755	0.17247	0.54681	0.02178	0.01903	0.01848	0.04158	0.00669	0.00487	0.00158	0.00399	0.01881	0.06117	0.00739
93	0.00687	0.00506	0.00573	0.00549	0.00697	0.00441	0.00409	0.00842	0.01186	0.04952	0.29576	0.04110	0.47356	0.05172	0.00662	0.00174	0.00258	0.00935	0.00477	0.00438
94	0.01067	0.26137	0.57658	0.01220	0.01848	0.01357	0.01509	0.01510	0.01012	0.01419	0.00812	0.00951	0.00616	0.00447	0.00417	0.00139	0.00658	0.00329	0.00205	0.00689
95	0.01274	0.73350	0.10435	0.00894	0.01336	0.03501	0.00929	0.01470	0.00997	0.01181	0.00695	0.00804	0.00621	0.00421	0.00329	0.00109	0.00546	0.00270	0.00208	0.00630
96	0.00589	0.00429	0.00555	0.00656	0.00698	0.00395	0.00442	0.00677	0.00945	0.01244	0.02895	0.74849	0.10865	0.01489	0.00614	0.00193	0.00278	0.01342	0.00450	0.00395
97	0.00705	0.00470	0.00529	0.00529	0.00529	0.00470	0.00294	0.00705	0.00705	0.00940	0.01527	0.03171	0.01762	0.82969	0.02467	0.00470	0.00470	0.00705	0.00294	0.00294
98	0.00708	0.00535	0.00796	0.00789	0.00873	0.00631	0.00616	0.00879	0.00782	0.01138	0.01282	0.01875	0.01194	0.03493	0.77128	0.00749	0.03841	0.00515	0.01740	0.00436
99	0.01761	0.02183	0.01352	0.01224	0.01479	0.72581	0.00922	0.03764	0.07813	0.01299	0.00860	0.00958	0.00700	0.00514	0.00443	0.00129	0.00825	0.00334	0.00275	0.00585
100	0.00847	0.00660	0.00790	0.00806	0.00940	0.04628	0.00664	0.04846	0.01291	0.01717	0.33852	0.04268	0.03309	0.01117	0.00609	0.00185	0.00383	0.38137	0.00474	0.00475
101	0.01082	0.00876	0.01046	0.00797	0.03435	0.00678	0.00613	0.02535	0.01047	0.05503	0.00920	0.01045	0.00745	0.00377	0.00371	0.00079	0.00371	0.00304	0.00304	0.77874
102	0.00961	0.00971	0.01919	0.01488	0.01819	0.00915	0.44439	0.01279	0.01142	0.01517	0.05540	0.02950	0.09415	0.00786	0.00600	0.00180	0.00625	0.22556	0.00337	0.00560
103	0.00934	0.00880	0.01487	0.76717	0.08282	0.01081	0.01355	0.01254	0.00978	0.01260	0.00865	0.01286	0.00654	0.00481	0.00484	0.00160	0.00641	0.00431	0.00217	0.00553
104	0.01047	0.00914	0.01477	0.38050	0.27422	0.01013	0.01220	0.01392	0.06067	0.05125	0.01208	0.10727	0.01061	0.00604	0.00499	0.00160	0.00553	0.00551	0.00286	0.00624
105	0.01185	0.01318	0.02606	0.02205	0.18878	0.04696	0.58572	0.01555	0.01145	0.01543	0.00956	0.01265	0.00737	0.00417	0.00546	0.00158	0.00768	0.00531	0.00244	0.00674
106	0.01807	0.00876	0.01079	0.00873	0.01201	0.00856	0.00706	0.06108	0.21243	0.50048	0.01863	0.01678	0.01256	0.00611	0.00477	0.00150	0.00396	0.00497	0.07494	0.00780
107	0.00618	0.00439	0.00585	0.00691	0.00727	0.00416	0.00478	0.00713	0.00937	0.01245	0.02598	0.69787	0.03082	0.05851	0.00723	0.00214	0.00310	0.09750	0.00441	0.00394

[dist]
# distance from previous block
# <min> <max>
0	2

[block]
# block no. 3 follows, 52 sequences, length 31
# corresponding to MSA columns:
# 207-237
name=unknown_D
#
# <colnr> <probs for GDERKNQSTAVLIFYWHMCP>
#	G	D	E	R	K	N	Q	S	T	A	V	L	I	F	Y	W	H	M	C	P
0	0.01076	0.00907	0.01042	0.00763	0.01180	0.00741	0.00611	0.06722	0.05999	0.01711	0.00952	0.01066	0.00773	0.00393	0.00376	0.00083	0.00373	0.00314	0.00314	0.74603
1	0.03467	0.01580	0.01257	0.01071	0.01377	0.37759	0.00836	0.08848	0.09976	0.27066	0.01295	0.01251	0.00920	0.00556	0.00461	0.00140	0.00631	0.00405	0.00411	0.00692
2	0.01052	0.22374	0.61288	0.01245	0.01887	0.01320	0.01554	0.01514	0.01014	0.01438	0.00821	0.00963	0.00616	0.00449	0.00424	0.00141	0.00667	0.00334	0.00205	0.00693
3	0.00995	0.02347	0.70132	0.01469	0.02155	0.01139	0.11956	0.01537	0.01039	0.01537	0.00884	0.01061	0.00630	0.00453	0.00475	0.00155	0.00730	0.00387	0.00210	0.00708
4	0.00708	0.00481	0.00574	0.00589	0.00608	0.00487	0.00371	0.00746	0.00759	0.01015	0.01650	0.05663	0.01868	0.66263	0.08118	0.00460	0.00524	0.08482	0.00311	0.00323
5	0.01204	0.01238	0.02554	0.01855	0.02308	0.01175	0.64722	0.06370	0.01223	0.04864	0.01141	0.01604	0.00904	0.00493	0.00570	0.00166	0.00757	0.05906	0.00289	0.00657
6	0.01046	0.00991	0.01678	0.39131	0.41748	0.01089	0.01383	0.01342	0.01035	0.01412	0.00955	0.04301	0.00803	0.00497	0.00487	0.00154	0.00597	0.00467	0.00236	0.00648
7	0.00580	0.00475	0.00512	0.00537	0.00668	0.00407	0.00390	0.00697	0.01071	0.01311	0.06586	0.22856	0.59653	0.01288	0.00583	0.00171	0.00253	0.01101	0.00452	0.00407
8	0.01346	0.00962	0.01064	0.00880	0.01117	0.01052	0.00689	0.43498	0.01619	0.02225	0.01336	0.04100	0.01164	0.16520	0.11279	0.00287	0.00581	0.00527	0.09131	0.00623
9	0.04450	0.63227	0.16322	0.00934	0.01392	0.04235	0.00992	0.01480	0.00998	0.01251	0.00711	0.00825	0.00617	0.00427	0.00341	0.00115	0.00559	0.00279	0.00212	0.00633
10	0.00686	0.00495	0.00648	0.00610	0.00724	0.00457	0.00457	0.00914	0.01372	0.01943	0.79691	0.03620	0.04572	0.00991	0.00572	0.00152	0.00229	0.00876	0.00533	0.00457
11	0.00700	0.00521	0.00660	0.00675	0.00777	0.00503	0.00498	0.00972	0.07613	0.01666	0.40508	0.28814	0.06893	0.01164	0.00587	0.00173	0.00273	0.06048	0.00494	0.00460
12	0.03614	0.01176	0.01329	0.01024	0.01403	0.01242	0.00845	0.51480	0.03608	0.27114	0.01405	0.01321	0.00949	0.00586	0.00482	0.00147	0.00489	0.00451	0.00517	0.00817
13	0.01142	0.01092	0.01862	0.19024	0.64349	0.01136	0.01458	0.01437	0.01076	0.01513	0.00901	0.01218	0.00743	0.00443	0.00481	0.00148	0.00590	0.00432	0.00235	0.00721
14	0.00692	0.00519	0.00779	0.00779	0.00865	0.00606	0.00606	0.00865	0.00779	0.01125	0.01298	0.01904	0.01211	0.03634	0.81049	0.00779	0.01298	0.00519	0.00260	0.00433
15	0.02153	0.00859	0.01146	0.00879	0.01254	0.00763	0.00726	0.07277	0.01445	0.75285	0.01863	0.01618	0.01175	0.00599	0.00487	0.00150	0.00420	0.00484	0.00592	0.00825
16	0.00692	0.00501	0.00622	0.00588	0.00719	0.00452	0.00442	0.00896	0.01311	0.03497	0.60976	0.03815	0.21618	0.01036	0.00570	0.00155	0.00236	0.00901	0.00516	0.00454
17	0.01060	0.01060	0.01484	0.01272	0.01272	0.01484	0.01060	0.01166	0.00742	0.01166	0.00636	0.01060	0.00636	0.00848	0.01590	0.00212	0.82082	0.00424	0.00212	0.00530
18	0.01810	0.02310	0.01373	0.01248	0.01498	0.81024	0.00936	0.01935	0.01373	0.01186	0.00749	0.00874	0.00624	0.00499	0.00437	0.00125	0.00874	0.00312	0.00250	0.00562
19	0.01205	0.01020	0.01222	0.00941	0.01258	0.01041	0.00770	0.18419	0.01225	0.01808	0.00874	0.01054	0.00722	0.00528	0.00686	0.00122	0.20266	0.00354	0.00313	0.46172
20	0.03117	0.01230	0.01962	0.22831	0.09218	0.08433	0.28297	0.06052	0.03444	0.01520	0.00923	0.01226	0.00718	0.00499	0.00611	0.00161	0.08409	0.00469	0.00257	0.00624
21	0.00944	0.00573	0.00729	0.00662	0.00832	0.00525	0.00513	0.01193	0.04209	0.14977	0.50658	0.03437	0.13823	0.00959	0.00559	0.00157	0.00276	0.03924	0.00528	0.00523
22	0.41198	0.00962	0.00918	0.00762	0.01066	0.01058	0.00624	0.21980	0.01306	0.11307	0.01085	0.01141	0.00791	0.00520	0.00377	0.00143	0.00399	0.00363	0.13374	0.00628
23	0.00710	0.00476	0.00546	0.00554	0.00562	0.00476	0.00328	0.00726	0.00734	0.00975	0.01600	0.03332	0.01834	0.77235	0.02340	0.00452	0.00468	0.06042	0.00304	0.00304
24	0.06431	0.00879	0.00942	0.00854	0.01091	0.00969	0.00674	0.08961	0.40044	0.01987	0.13553	0.02585	0.11335	0.00809	0.00515	0.00165	0.00363	0.06723	0.00477	0.00643
25	0.00590	0.00422	0.00562	0.00675	0.00703	0.00394	0.00450	0.00675	0.00928	0.01237	0.02671	0.82653	0.03205	0.01518	0.00619	0.00197	0.00281	0.01378	0.00450	0.00394
26	0.01097	0.01047	0.01783	0.31296	0.52423	0.01125	0.01436	0.01398	0.01055	0.01459	0.00893	0.01233	0.00724	0.00451	0.00481	0.00150	0.00601	0.00431	0.00231	0.00685
27	0.01185	0.01136	0.01940	0.07080	0.75957	0.01148	0.01480	0.01474	0.01096	0.01565	0.00909	0.01204	0.00761	0.00435	0.00480	0.00145	0.00579	0.00432	0.00239	0.00756
28	0.00957	0.00932	0.01488	0.01186	0.01375	0.05905	0.26395	0.01132	0.00906	0.01205	0.01175	0.02036	0.01166	0.32415	0.10729	0.00355	0.09328	0.00585	0.00262	0.00471
29	0.72401	0.11935	0.00976	0.00682	0.00996	0.03719	0.00578	0.01444	0.00863	0.02005	0.00677	0.00789	0.00541	0.00447	0.00306	0.00143	0.00410	0.00264	0.00286	0.00539
30	0.00993	0.07804	0.75347	0.01345	0.02041	0.01177	0.01727	0.01529	0.01021	0.01509	0.00857	0.01007	0.00614	0.00457	0.00451	0.00150	0.00703	0.00352	0.00205	0.00710

[dist]
# distance from previous block
# <min> <max>
1	2

[block]
# block no. 4 follows, 52 sequences, length 52
# corresponding to MSA columns:
# 240-291
name=unknown_E
#
# <colnr> <probs for GDERKNQSTAVLIFYWHMCP>
#	G	D	E	R	K	N	Q	S	T	A	V	L	I	F	Y	W	H	M	C	P
0	0.01307	0.01031	0.01031	0.00810	0.01166	0.12931	0.00638	0.01494	0.01146	0.16696	0.03013	0.04318	0.05490	0.00532	0.00422	0.00106	0.00436	0.00423	0.00362	0.46647
1	0.01645	0.01036	0.01175	0.00947	0.01277	0.01089	0.00767	0.31311	0.18807	0.23907	0.05824	0.01812	0.06831	0.00670	0.00498	0.00152	0.00431	0.00539	0.00518	0.00764
2	0.00599	0.00462	0.00549	0.00606	0.00700	0.00412	0.00434	0.00714	0.01036	0.01318	0.07949	0.41751	0.34983	0.01358	0.00600	0.00182	0.00272	0.05212	0.00454	0.00406
3	0.01032	0.00981	0.01665	0.49289	0.34937	0.01107	0.01404	0.01341	0.01024	0.01380	0.00882	0.01254	0.00696	0.00463	0.00483	0.00154	0.00617	0.00431	0.00225	0.00633
4	0.01205	0.01041	0.01096	0.00986	0.01260	0.01205	0.00767	0.02575	0.79071	0.02027	0.01972	0.01808	0.01479	0.00657	0.00493	0.00164	0.00384	0.00548	0.00493	0.00767
5	0.01191	0.01036	0.01536	0.01168	0.01535	0.05447	0.23061	0.04426	0.04847	0.09206	0.05857	0.07523	0.01264	0.00573	0.00488	0.00134	0.00522	0.02315	0.00351	0.27521
6	0.09849	0.02624	0.00981	0.00742	0.01076	0.00746	0.00598	0.05835	0.02137	0.17577	0.17079	0.01701	0.02580	0.00573	0.00432	0.00119	0.00357	0.00464	0.00415	0.34114
7	0.05208	0.03333	0.01443	0.10317	0.16680	0.21369	0.01011	0.19224	0.01434	0.09526	0.01039	0.01166	0.00783	0.00513	0.00452	0.00140	0.00605	0.00398	0.04680	0.00679
8	0.03588	0.10680	0.01512	0.03123	0.01470	0.03844	0.00884	0.52449	0.03234	0.12678	0.01187	0.01180	0.00844	0.00558	0.00460	0.00141	0.00523	0.00417	0.00450	0.00778
9	0.01432	0.01265	0.05454	0.01060	0.01396	0.03569	0.00880	0.28892	0.45960	0.02335	0.01597	0.01515	0.01181	0.00616	0.00487	0.00156	0.00467	0.00492	0.00468	0.00778
10	0.00899	0.00911	0.05821	0.31944	0.02080	0.00869	0.09201	0.01234	0.04225	0.01492	0.14207	0.06110	0.04722	0.00632	0.00499	0.00148	0.00509	0.00573	0.00315	0.13610
11	0.02690	0.01218	0.20688	0.01013	0.02793	0.00862	0.03127	0.10400	0.04228	0.18595	0.14189	0.10829	0.05764	0.00750	0.00512	0.00157	0.00462	0.00637	0.00428	0.00657
12	0.01313	0.12074	0.23406	0.01172	0.01575	0.12432	0.07621	0.03653	0.04904	0.10493	0.01085	0.02896	0.00842	0.00549	0.00549	0.00147	0.07905	0.00417	0.06315	0.00653
13	0.01740	0.02103	0.01297	0.01174	0.01424	0.71130	0.00884	0.01868	0.01355	0.05237	0.01107	0.01186	0.06337	0.00557	0.00449	0.00129	0.00805	0.00372	0.00282	0.00564
14	0.00579	0.00491	0.00500	0.00498	0.00659	0.00412	0.00373	0.00708	0.01120	0.01345	0.09188	0.04604	0.75448	0.01214	0.00573	0.00163	0.00244	0.01014	0.00455	0.00412
15	0.12230	0.01021	0.03707	0.43387	0.02486	0.01121	0.09173	0.09229	0.04860	0.06744	0.01001	0.01255	0.00732	0.00497	0.00470	0.00158	0.00592	0.00431	0.00295	0.00612
16	0.01103	0.04724	0.00930	0.00776	0.00997	0.07485	0.00610	0.02630	0.16321	0.12586	0.07003	0.06968	0.30096	0.00912	0.00555	0.00159	0.02862	0.02261	0.00449	0.00572
17	0.00579	0.00489	0.00501	0.00502	0.00660	0.00411	0.00375	0.00706	0.01114	0.01341	0.08810	0.06821	0.73593	0.01223	0.00574	0.00164	0.00246	0.01025	0.00454	0.00411
18	0.00694	0.00513	0.00747	0.00747	0.00822	0.00588	0.00566	0.00845	0.00769	0.01101	0.01327	0.02067	0.01282	0.13829	0.70951	0.00739	0.01192	0.00543	0.00264	0.00415
19	0.86392	0.00937	0.00712	0.00637	0.00937	0.01087	0.00525	0.01425	0.00825	0.02174	0.00675	0.00787	0.00525	0.00450	0.00300	0.00150	0.00375	0.00262	0.00300	0.00525
20	0.03952	0.01211	0.01203	0.00975	0.01314	0.16073	0.00781	0.15833	0.06989	0.39921	0.01517	0.03166	0.01056	0.00591	0.00472	0.00144	0.00514	0.00457	0.00485	0.03345
21	0.06736	0.03147	0.13860	0.01157	0.01582	0.09902	0.10455	0.12999	0.03414	0.29970	0.01299	0.01287	0.00888	0.00529	0.00473	0.00148	0.00578	0.00434	0.00410	0.00734
22	0.00607	0.00492	0.00538	0.00527	0.00676	0.00424	0.00395	0.00762	0.01185	0.01501	0.27495	0.04348	0.57044	0.01156	0.00572	0.00160	0.00240	0.00979	0.00475	0.00424
23	0.29333	0.00985	0.01068	0.00848	0.01202	0.01018	0.00700	0.19771	0.01413	0.37016	0.01337	0.01257	0.00894	0.00547	0.00426	0.00149	0.00428	0.00403	0.00476	0.00728
24	0.03927	0.01332	0.01725	0.10829	0.48716	0.14901	0.01296	0.08576	0.01235	0.01631	0.00894	0.01137	0.00728	0.00463	0.00468	0.00143	0.00624	0.00406	0.00263	0.00706
25	0.01448	0.01765	0.41132	0.01180	0.01711	0.01080	0.01301	0.12951	0.03674	0.23984	0.01231	0.01246	0.00837	0.00538	0.00516	0.00154	0.03716	0.00414	0.00366	0.00757
26	0.00590	0.00422	0.00562	0.00675	0.00703	0.00394	0.00450	0.00675	0.00928	0.01237	0.02671	0.82653	0.03205	0.01518	0.00619	0.00197	0.00281	0.01378	0.00450	0.00394
27	0.00661	0.00515	0.00666	0.00785	0.05279	0.00476	0.00546	0.00803	0.01055	0.01361	0.07732	0.34107	0.27453	0.01299	0.00603	0.00186	0.00314	0.15283	0.00442	0.00433
28	0.02201	0.07166	0.16430	0.01156	0.09366	0.02365	0.02998	0.01428	0.01042	0.07187	0.00920	0.01063	0.00724	0.00431	0.00450	0.00112	0.03665	0.00341	0.00279	0.40675
29	0.00653	0.00485	0.00569	0.00558	0.00655	0.00443	0.00391	0.00789	0.01113	0.01484	0.35490	0.07338	0.25822	0.20900	0.01032	0.00234	0.00294	0.00900	0.00447	0.00401
30	0.01409	0.15674	0.25072	0.01200	0.06037	0.06802	0.01138	0.18119	0.03737	0.10268	0.01073	0.01212	0.00818	0.04717	0.00546	0.00157	0.00590	0.00396	0.00327	0.00707
31	0.00805	0.00641	0.00820	0.00796	0.00869	0.00744	0.00609	0.01019	0.06410	0.01345	0.03119	0.22645	0.09686	0.05731	0.10556	0.00268	0.19037	0.03075	0.11364	0.00462
32	0.01192	0.05483	0.17793	0.14041	0.31336	0.01155	0.06170	0.02749	0.06691	0.07203	0.01039	0.01239	0.00792	0.00474	0.00475	0.00150	0.00601	0.00429	0.00275	0.00713
33	0.01375	0.70941	0.02367	0.00885	0.01283	0.09353	0.00845	0.05896	0.01095	0.01254	0.00709	0.00809	0.00634	0.00432	0.00333	0.00108	0.00553	0.00274	0.00227	0.00628
34	0.01125	0.38175	0.26174	0.01050	0.01535	0.01413	0.05503	0.03082	0.03664	0.01411	0.03409	0.01222	0.04826	0.00496	0.00405	0.00128	0.00561	0.00380	0.00251	0.05188
35	0.07775	0.00690	0.00920	0.00922	0.06618	0.00679	0.05050	0.05164	0.02693	0.01797	0.33615	0.03370	0.15396	0.00937	0.00552	0.00165	0.00354	0.12345	0.00447	0.00512
36	0.00726	0.00569	0.00745	0.00758	0.00775	0.00642	0.00537	0.00795	0.00827	0.01138	0.01897	0.38575	0.02215	0.26191	0.02429	0.00291	0.16605	0.03537	0.00352	0.00393
37	0.01178	0.01184	0.02184	0.04650	0.58224	0.01169	0.21162	0.01498	0.01111	0.01567	0.00928	0.01229	0.00756	0.00427	0.00504	0.00149	0.00639	0.00468	0.00241	0.00733
38	0.00680	0.00459	0.00536	0.00561	0.00567	0.00453	0.00328	0.00698	0.00754	0.01005	0.01779	0.20697	0.02080	0.65009	0.02059	0.00410	0.00428	0.00853	0.00328	0.00316
39	0.01303	0.03499	0.21506	0.01676	0.21166	0.05297	0.06413	0.16026	0.10765	0.03742	0.01101	0.01232	0.00835	0.00584	0.02582	0.00165	0.00625	0.00431	0.00317	0.00736
40	0.00902	0.00547	0.00737	0.00751	0.00878	0.00516	0.00596	0.01087	0.01171	0.12060	0.24475	0.18042	0.03109	0.05192	0.00697	0.00201	0.00351	0.27719	0.00485	0.00483
41	0.01193	0.20356	0.17116	0.01373	0.12590	0.04903	0.06905	0.07118	0.10653	0.01559	0.01155	0.01418	0.02737	0.05241	0.00582	0.00162	0.01887	0.02102	0.00287	0.00664
42	0.41286	0.00787	0.00769	0.00658	0.00934	0.00825	0.00534	0.01625	0.01034	0.24754	0.01253	0.01284	0.00894	0.00521	0.00364	0.00141	0.00350	0.00373	0.21021	0.00594
