[name]
unknown

[dist]
# distance from previous block
# <min> <max>
0	229

[block]
# block no. 0 follows, 49 sequences, length 50
# corresponding to MSA columns:
# 229-278
name=unknown_A
#
# <colnr> <probs for GDERKNQSTAVLIFYWHMCP>
#	G	D	E	R	K	N	Q	S	T	A	V	L	I	F	Y	W	H	M	C	P
0	0.00815	0.00582	0.00815	0.00931	0.01048	0.00582	0.00815	0.01048	0.01164	0.01513	0.02677	0.05704	0.02910	0.01397	0.00698	0.00233	0.00466	0.75671	0.00466	0.00466
1	0.02269	0.00861	0.01174	0.00900	0.01291	0.00743	0.00743	0.02464	0.01447	0.79425	0.01995	0.01721	0.01252	0.00626	0.00509	0.00156	0.00430	0.00509	0.00626	0.00861
2	0.01252	0.01201	0.02053	0.03104	0.79074	0.01201	0.01552	0.01552	0.01151	0.01652	0.00951	0.01252	0.00801	0.00451	0.00501	0.00150	0.00601	0.00451	0.00250	0.00801
3	0.00878	0.00439	0.00659	0.00659	0.00659	0.00439	0.00439	0.00659	0.00659	0.00878	0.00878	0.01537	0.00878	0.01757	0.01976	0.85288	0.00439	0.00439	0.00220	0.00220
4	0.85801	0.00978	0.00743	0.00665	0.00978	0.01134	0.00548	0.01486	0.00861	0.02269	0.00704	0.00821	0.00548	0.00469	0.00313	0.00156	0.00391	0.00274	0.00313	0.00548
5	0.01014	0.02616	0.79609	0.01441	0.02189	0.01174	0.01868	0.01601	0.01068	0.01601	0.00907	0.01068	0.00641	0.00480	0.00480	0.00160	0.00747	0.00374	0.00214	0.00747
6	0.85801	0.00978	0.00743	0.00665	0.00978	0.01134	0.00548	0.01486	0.00861	0.02269	0.00704	0.00821	0.00548	0.00469	0.00313	0.00156	0.00391	0.00274	0.00313	0.00548
7	0.01352	0.82533	0.02650	0.00865	0.01298	0.02001	0.00865	0.01514	0.01027	0.01190	0.00703	0.00811	0.00649	0.00433	0.00324	0.00108	0.00541	0.00270	0.00216	0.00649
8	0.01049	0.00899	0.01049	0.00749	0.01198	0.00674	0.00599	0.01273	0.01049	0.01648	0.00899	0.01049	0.00749	0.00374	0.00374	0.00075	0.00374	0.00300	0.00300	0.85320
9	0.00955	0.00899	0.01517	0.81013	0.03483	0.01123	0.01404	0.01292	0.01011	0.01292	0.00899	0.01348	0.00674	0.00506	0.00506	0.00169	0.00674	0.00449	0.00225	0.00562
10	0.00878	0.00439	0.00659	0.00659	0.00659	0.00439	0.00439	0.00659	0.00659	0.00878	0.00878	0.01537	0.00878	0.01757	0.01976	0.85288	0.00439	0.00439	0.00220	0.00220
11	0.00598	0.00512	0.00512	0.00512	0.00683	0.00427	0.00384	0.00726	0.01153	0.01366	0.05123	0.04866	0.78869	0.01281	0.00598	0.00171	0.00256	0.01067	0.00470	0.00427
12	0.00716	0.00517	0.00676	0.00636	0.00755	0.00477	0.00477	0.00954	0.01431	0.02028	0.78808	0.03777	0.04771	0.01034	0.00596	0.00159	0.00239	0.00914	0.00557	0.00477
13	0.01014	0.02616	0.79609	0.01441	0.02189	0.01174	0.01868	0.01601	0.01068	0.01601	0.00907	0.01068	0.00641	0.00480	0.00480	0.00160	0.00747	0.00374	0.00214	0.00747
14	0.01014	0.02616	0.79609	0.01441	0.02189	0.01174	0.01868	0.01601	0.01068	0.01601	0.00907	0.01068	0.00641	0.00480	0.00480	0.00160	0.00747	0.00374	0.00214	0.00747
15	0.00955	0.00899	0.01517	0.81013	0.03483	0.01123	0.01404	0.01292	0.01011	0.01292	0.00899	0.01348	0.00674	0.00506	0.00506	0.00169	0.00674	0.00449	0.00225	0.00562
16	0.01096	0.00967	0.04254	0.00783	0.01242	0.00697	0.00657	0.01334	0.01065	0.04740	0.00943	0.01076	0.00765	0.00389	0.00384	0.00082	0.00392	0.00311	0.00309	0.78515
17	0.01352	0.82533	0.02650	0.00865	0.01298	0.02001	0.00865	0.01514	0.01027	0.01190	0.00703	0.00811	0.00649	0.00433	0.00324	0.00108	0.00541	0.00270	0.00216	0.00649
18	0.02269	0.00861	0.01174	0.00900	0.01291	0.00743	0.00743	0.02464	0.01447	0.79425	0.01995	0.01721	0.01252	0.00626	0.00509	0.00156	0.00430	0.00509	0.00626	0.00861
19	0.01258	0.01086	0.01143	0.01029	0.01315	0.01258	0.00800	0.02687	0.78161	0.02115	0.02058	0.01887	0.01544	0.00686	0.00515	0.00172	0.00400	0.00572	0.00515	0.00800
20	0.01889	0.02410	0.01433	0.01303	0.01563	0.80199	0.00977	0.02019	0.01433	0.01238	0.00782	0.00912	0.00651	0.00521	0.00456	0.00130	0.00912	0.00326	0.00261	0.00586
21	0.00716	0.00517	0.00676	0.00636	0.00755	0.00477	0.00477	0.00954	0.01431	0.02028	0.78808	0.03777	0.04771	0.01034	0.00596	0.00159	0.00239	0.00914	0.00557	0.00477
22	0.01889	0.02410	0.01433	0.01303	0.01563	0.80199	0.00977	0.02019	0.01433	0.01238	0.00782	0.00912	0.00651	0.00521	0.00456	0.00130	0.00912	0.00326	0.00261	0.00586
23	0.01889	0.02410	0.01433	0.01303	0.01563	0.80199	0.00977	0.02019	0.01433	0.01238	0.00782	0.00912	0.00651	0.00521	0.00456	0.00130	0.00912	0.00326	0.00261	0.00586
24	0.00878	0.00439	0.00659	0.00659	0.00659	0.00439	0.00439	0.00659	0.00659	0.00878	0.00878	0.01537	0.00878	0.01757	0.01976	0.85288	0.00439	0.00439	0.00220	0.00220
25	0.01106	0.01106	0.01549	0.01328	0.01328	0.01549	0.01106	0.01217	0.00774	0.01217	0.00664	0.01106	0.00664	0.00885	0.01659	0.00221	0.81303	0.00443	0.00221	0.00553
26	0.00878	0.00439	0.00659	0.00659	0.00659	0.00439	0.00439	0.00659	0.00659	0.00878	0.00878	0.01537	0.00878	0.01757	0.01976	0.85288	0.00439	0.00439	0.00220	0.00220
27	0.01257	0.01102	0.01267	0.01310	0.11846	0.01250	0.00902	0.02533	0.67731	0.02053	0.01908	0.01801	0.01443	0.00654	0.00513	0.00169	0.00427	0.00555	0.00479	0.00800
28	0.01014	0.02616	0.79609	0.01441	0.02189	0.01174	0.01868	0.01601	0.01068	0.01601	0.00907	0.01068	0.00641	0.00480	0.00480	0.00160	0.00747	0.00374	0.00214	0.00747
29	0.01342	0.01231	0.01980	0.02841	0.68578	0.01251	0.01472	0.11822	0.01317	0.01860	0.00987	0.01246	0.00809	0.00472	0.00501	0.00150	0.00595	0.00451	0.00285	0.00809
30	0.01889	0.02410	0.01433	0.01303	0.01563	0.80199	0.00977	0.02019	0.01433	0.01238	0.00782	0.00912	0.00651	0.00521	0.00456	0.00130	0.00912	0.00326	0.00261	0.00586
31	0.02269	0.00861	0.01174	0.00900	0.01291	0.00743	0.00743	0.02464	0.01447	0.79425	0.01995	0.01721	0.01252	0.00626	0.00509	0.00156	0.00430	0.00509	0.00626	0.00861
32	0.01296	0.01078	0.01145	0.01024	0.01314	0.01238	0.00798	0.02679	0.75281	0.05018	0.02056	0.01880	0.01533	0.00684	0.00514	0.00171	0.00401	0.00569	0.00519	0.00803
33	0.05800	0.01081	0.01105	0.00844	0.01235	0.09249	0.00671	0.01391	0.02698	0.01622	0.00886	0.01043	0.00739	0.00433	0.00460	0.00096	0.05309	0.00315	0.00296	0.64726
34	0.00878	0.00439	0.00659	0.00659	0.00659	0.00439	0.00439	0.00659	0.00659	0.00878	0.00878	0.01537	0.00878	0.01757	0.01976	0.85288	0.00439	0.00439	0.00220	0.00220
35	0.01922	0.01416	0.01518	0.01163	0.01568	0.01568	0.00961	0.77388	0.02378	0.03187	0.01214	0.01214	0.00860	0.00607	0.00506	0.00152	0.00556	0.00455	0.00506	0.00860
36	0.01252	0.01201	0.02053	0.03104	0.79074	0.01201	0.01552	0.01552	0.01151	0.01652	0.00951	0.01252	0.00801	0.00451	0.00501	0.00150	0.00601	0.00451	0.00250	0.00801
37	0.01254	0.59259	0.25062	0.01033	0.01557	0.01760	0.01157	0.01540	0.01039	0.01310	0.00763	0.00886	0.00646	0.00447	0.00370	0.00123	0.00601	0.00300	0.00215	0.00678
38	0.01087	0.01034	0.01756	0.46275	0.37188	0.01158	0.01470	0.01408	0.01074	0.01453	0.00922	0.01305	0.00731	0.00481	0.00503	0.00160	0.00641	0.00450	0.00236	0.00668
39	0.00629	0.00448	0.00581	0.00682	0.00712	0.00420	0.00449	0.00708	0.00948	0.01259	0.02725	0.71108	0.05364	0.10363	0.00854	0.00235	0.00314	0.01350	0.00452	0.00400
40	0.01327	0.01343	0.01890	0.04918	0.15640	0.11979	0.19014	0.03154	0.09630	0.04407	0.01043	0.01286	0.00835	0.00588	0.00778	0.00170	0.18844	0.00479	0.00294	0.02382
41	0.01441	0.01393	0.12720	0.01615	0.02096	0.01158	0.39045	0.06725	0.04191	0.18637	0.02801	0.01452	0.00967	0.00523	0.00581	0.00166	0.02851	0.00539	0.00361	0.00738
42	0.00616	0.00440	0.00587	0.00704	0.00733	0.00411	0.00469	0.00704	0.00968	0.01291	0.02787	0.81899	0.03344	0.01584	0.00645	0.00205	0.00293	0.01438	0.00469	0.00411
43	0.00685	0.00473	0.00583	0.00632	0.00650	0.00466	0.00395	0.00733	0.00837	0.01122	0.02076	0.36008	0.02430	0.43591	0.06717	0.00392	0.00463	0.01016	0.00372	0.00359
44	0.02955	0.18724	0.01973	0.01650	0.19797	0.01229	0.17889	0.03417	0.04907	0.01549	0.01472	0.13918	0.04175	0.00698	0.00514	0.00159	0.00563	0.03445	0.00315	0.00651
45	0.32840	0.37282	0.01652	0.00821	0.01151	0.03599	0.00738	0.02908	0.00994	0.01652	0.00907	0.05485	0.00854	0.00572	0.00414	0.00143	0.03769	0.03347	0.00283	0.00589
46	0.00720	0.00490	0.00573	0.00598	0.00614	0.00484	0.00366	0.00752	0.00808	0.01070	0.01927	0.14519	0.04138	0.63287	0.02124	0.00424	0.00455	0.05970	0.00344	0.00335
47	0.01102	0.01252	0.13866	0.02068	0.40127	0.01010	0.04130	0.01464	0.03268	0.03284	0.19029	0.01832	0.01721	0.00597	0.00520	0.00153	0.00534	0.00551	0.00332	0.03158
48	0.00611	0.00514	0.00533	0.00545	0.00707	0.00436	0.00414	0.00744	0.01146	0.01372	0.04880	0.08055	0.71225	0.01300	0.00606	0.00176	0.00270	0.05569	0.00469	0.00429
49	0.17192	0.10116	0.11258	0.01206	0.09674	0.05186	0.00982	0.15099	0.01377	0.16366	0.05955	0.01322	0.01051	0.00556	0.00450	0.00149	0.00528	0.00423	0.00388	0.00721

[dist]
# distance from previous block
# <min> <max>
1	3

[block]
# block no. 1 follows, 49 sequences, length 44
# corresponding to MSA columns:
# 282-325
name=unknown_B
#
# <colnr> <probs for GDERKNQSTAVLIFYWHMCP>
#	G	D	E	R	K	N	Q	S	T	A	V	L	I	F	Y	W	H	M	C	P
0	0.08882	0.11602	0.04729	0.01108	0.01493	0.09497	0.02084	0.40617	0.01778	0.08835	0.01093	0.01134	0.00801	0.00569	0.00505	0.00148	0.03545	0.00406	0.00412	0.00761
1	0.31602	0.25787	0.05488	0.00983	0.03689	0.09971	0.04153	0.04577	0.01088	0.01727	0.01060	0.01164	0.05867	0.00522	0.00385	0.00140	0.00535	0.00363	0.00287	0.00611
2	0.06389	0.00600	0.00779	0.00748	0.00900	0.00563	0.06342	0.00902	0.02310	0.01459	0.06904	0.27631	0.31603	0.04786	0.00685	0.00198	0.00348	0.05959	0.00440	0.00455
3	0.01013	0.04596	0.53905	0.12747	0.06332	0.01148	0.01620	0.01537	0.03643	0.01575	0.04203	0.01354	0.03084	0.00533	0.00489	0.00160	0.00677	0.00434	0.00248	0.00702
4	0.01036	0.00562	0.00587	0.00553	0.00702	0.00572	0.00423	0.05524	0.04274	0.04188	0.05578	0.01939	0.01457	0.00618	0.00385	0.00125	0.00266	0.00498	0.70194	0.00518
5	0.01197	0.04492	0.01236	0.03678	0.12537	0.01022	0.00842	0.06905	0.26032	0.07722	0.17903	0.02193	0.05011	0.00930	0.05859	0.00203	0.00481	0.00614	0.00453	0.00689
6	0.00664	0.00515	0.00604	0.00582	0.00724	0.00455	0.00436	0.00854	0.01309	0.01737	0.46410	0.04256	0.37350	0.01142	0.00597	0.00164	0.00246	0.00982	0.00518	0.00455
7	0.01197	0.20310	0.16354	0.01045	0.02946	0.02880	0.00985	0.10252	0.17819	0.01773	0.06458	0.01799	0.09140	0.00789	0.03967	0.00178	0.00548	0.00514	0.00364	0.00684
8	0.01491	0.01691	0.23659	0.01723	0.21788	0.05742	0.01345	0.21980	0.04965	0.09009	0.01143	0.01241	0.00837	0.00531	0.00495	0.00154	0.00624	0.00434	0.00354	0.00795
9	0.00681	0.00511	0.00609	0.00590	0.00708	0.00462	0.00428	0.00853	0.01251	0.01683	0.45406	0.05653	0.26705	0.11251	0.00845	0.00205	0.00276	0.00949	0.00497	0.00439
10	0.03248	0.46353	0.30299	0.01088	0.01630	0.01653	0.01226	0.06624	0.01128	0.01497	0.00811	0.00931	0.00658	0.00462	0.00393	0.00131	0.00613	0.00320	0.00237	0.00696
11	0.01282	0.05956	0.08561	0.02707	0.63013	0.01269	0.01500	0.06631	0.01219	0.01724	0.00951	0.01209	0.00783	0.00463	0.00489	0.00149	0.00607	0.00434	0.00262	0.00792
12	0.00788	0.00475	0.00545	0.00590	0.00685	0.00456	0.00433	0.00966	0.01059	0.01621	0.04809	0.28205	0.09592	0.01050	0.00504	0.00161	0.00274	0.06610	0.40729	0.00447
13	0.01374	0.22036	0.18774	0.01198	0.01643	0.09797	0.07858	0.11569	0.12277	0.03346	0.01110	0.01261	0.00878	0.04098	0.00549	0.00160	0.00630	0.00420	0.00316	0.00705
14	0.85801	0.00978	0.00743	0.00665	0.00978	0.01134	0.00548	0.01486	0.00861	0.02269	0.00704	0.00821	0.00548	0.00469	0.00313	0.00156	0.00391	0.00274	0.00313	0.00548
15	0.01014	0.02616	0.79609	0.01441	0.02189	0.01174	0.01868	0.01601	0.01068	0.01601	0.00907	0.01068	0.00641	0.00480	0.00480	0.00160	0.00747	0.00374	0.00214	0.00747
16	0.02251	0.00889	0.01191	0.00913	0.01305	0.00785	0.00754	0.06277	0.01495	0.75545	0.01955	0.01695	0.01232	0.00625	0.00508	0.00156	0.00437	0.00506	0.00620	0.00861
17	0.01233	0.01046	0.01110	0.00992	0.01269	0.01194	0.00773	0.06307	0.66608	0.02139	0.07255	0.02078	0.04295	0.00725	0.00522	0.00170	0.00393	0.00605	0.00515	0.00769
18	0.01567	0.00705	0.00949	0.00781	0.01049	0.00623	0.00623	0.01782	0.01440	0.44459	0.36696	0.02650	0.02842	0.00810	0.00548	0.00158	0.00344	0.00692	0.00595	0.00687
19	0.01889	0.02410	0.01433	0.01303	0.01563	0.80199	0.00977	0.02019	0.01433	0.01238	0.00782	0.00912	0.00651	0.00521	0.00456	0.00130	0.00912	0.00326	0.00261	0.00586
20	0.01889	0.02410	0.01433	0.01303	0.01563	0.80199	0.00977	0.02019	0.01433	0.01238	0.00782	0.00912	0.00651	0.00521	0.00456	0.00130	0.00912	0.00326	0.00261	0.00586
21	0.00955	0.00899	0.01517	0.81013	0.03483	0.01123	0.01404	0.01292	0.01011	0.01292	0.00899	0.01348	0.00674	0.00506	0.00506	0.00169	0.00674	0.00449	0.00225	0.00562
22	0.01252	0.01201	0.02053	0.03104	0.79074	0.01201	0.01552	0.01552	0.01151	0.01652	0.00951	0.01252	0.00801	0.00451	0.00501	0.00150	0.00601	0.00451	0.00250	0.00801
23	0.85801	0.00978	0.00743	0.00665	0.00978	0.01134	0.00548	0.01486	0.00861	0.02269	0.00704	0.00821	0.00548	0.00469	0.00313	0.00156	0.00391	0.00274	0.00313	0.00548
24	0.01252	0.01201	0.02053	0.03104	0.79074	0.01201	0.01552	0.01552	0.01151	0.01652	0.00951	0.01252	0.00801	0.00451	0.00501	0.00150	0.00601	0.00451	0.00250	0.00801
25	0.00616	0.00440	0.00587	0.00704	0.00733	0.00411	0.00469	0.00704	0.00968	0.01291	0.02787	0.81899	0.03344	0.01584	0.00645	0.00205	0.00293	0.01438	0.00469	0.00411
26	0.00598	0.00512	0.00512	0.00512	0.00683	0.00427	0.00384	0.00726	0.01153	0.01366	0.05123	0.04866	0.78869	0.01281	0.00598	0.00171	0.00256	0.01067	0.00470	0.00427
27	0.00734	0.00494	0.00570	0.00568	0.00578	0.00497	0.00330	0.00753	0.00770	0.01036	0.04964	0.03263	0.01938	0.74735	0.06384	0.00492	0.00523	0.00733	0.00316	0.00321
28	0.00735	0.00490	0.00552	0.00552	0.00552	0.00490	0.00306	0.00735	0.00735	0.00980	0.01593	0.03309	0.01838	0.82229	0.02574	0.00490	0.00490	0.00735	0.00306	0.00306
29	0.00723	0.00540	0.00805	0.00805	0.00893	0.00628	0.00623	0.00898	0.00810	0.01168	0.01361	0.02025	0.01281	0.06078	0.77962	0.00803	0.01329	0.00547	0.00272	0.00447
30	0.01033	0.07163	0.75229	0.01408	0.02138	0.01221	0.01811	0.01596	0.01065	0.01578	0.00896	0.01053	0.00641	0.00478	0.00472	0.00157	0.00736	0.00368	0.00214	0.00742
31	0.00878	0.00439	0.00659	0.00659	0.00659	0.00439	0.00439	0.00659	0.00659	0.00878	0.00878	0.01537	0.00878	0.01757	0.01976	0.85288	0.00439	0.00439	0.00220	0.00220
32	0.01361	0.11876	0.29018	0.04849	0.06185	0.29738	0.01294	0.01682	0.01221	0.01438	0.06054	0.01185	0.00933	0.00526	0.00463	0.00143	0.00736	0.00388	0.00256	0.00654
33	0.00614	0.00470	0.00564	0.00630	0.00716	0.00420	0.00438	0.00725	0.01059	0.01355	0.07450	0.49621	0.31230	0.01445	0.00625	0.00190	0.00277	0.01275	0.00474	0.00420
34	0.00745	0.00560	0.00761	0.00801	0.05996	0.00522	0.00547	0.00979	0.01387	0.01957	0.68741	0.06786	0.06247	0.01023	0.00592	0.00161	0.00265	0.00908	0.00531	0.00495
35	0.00722	0.00464	0.00609	0.00698	0.00752	0.00432	0.00476	0.00825	0.00999	0.05307	0.02671	0.72462	0.03101	0.01469	0.00619	0.00197	0.00296	0.01326	0.06139	0.00438
36	0.01195	0.01122	0.01678	0.02382	0.53981	0.06328	0.01257	0.01441	0.01158	0.03838	0.04171	0.11333	0.04674	0.00666	0.00550	0.00159	0.02443	0.00608	0.00309	0.00707
37	0.00878	0.00439	0.00659	0.00659	0.00659	0.00439	0.00439	0.00659	0.00659	0.00878	0.00878	0.01537	0.00878	0.01757	0.01976	0.85288	0.00439	0.00439	0.00220	0.00220
38	0.01435	0.01414	0.09610	0.01968	0.29291	0.01330	0.09318	0.25768	0.10869	0.02187	0.01172	0.01310	0.00890	0.00529	0.00512	0.00156	0.00604	0.00475	0.00360	0.00802
39	0.85801	0.00978	0.00743	0.00665	0.00978	0.01134	0.00548	0.01486	0.00861	0.02269	0.00704	0.00821	0.00548	0.00469	0.00313	0.00156	0.00391	0.00274	0.00313	0.00548
40	0.01125	0.01086	0.01673	0.30072	0.19812	0.06363	0.12220	0.03276	0.02740	0.01543	0.01292	0.01581	0.05721	0.00546	0.00506	0.00157	0.00622	0.00506	0.08529	0.00630
41	0.00674	0.00489	0.00603	0.00650	0.00732	0.00462	0.00464	0.00801	0.01039	0.01387	0.11111	0.32838	0.19550	0.10460	0.06834	0.00268	0.00390	0.06226	0.04603	0.00420
42	0.01034	0.08202	0.01010	0.00870	0.01021	0.21334	0.00640	0.01147	0.01104	0.01289	0.02060	0.47116	0.04678	0.01135	0.00553	0.00170	0.00479	0.00976	0.00384	0.04799
43	0.11390	0.26647	0.01906	0.01631	0.25079	0.19336	0.01060	0.01684	0.04249	0.01506	0.00851	0.01013	0.00720	0.00473	0.00414	0.00134	0.00620	0.00351	0.00260	0.00675

[dist]
# distance from previous block
# <min> <max>
2	6

[block]
# block no. 2 follows, 49 sequences, length 64
# corresponding to MSA columns:
# 334-397
name=unknown_C
#
# <colnr> <probs for GDERKNQSTAVLIFYWHMCP>
#	G	D	E	R	K	N	Q	S	T	A	V	L	I	F	Y	W	H	M	C	P
0	0.00930	0.00820	0.01069	0.00944	0.01038	0.00992	0.00761	0.05580	0.01128	0.01588	0.23379	0.02628	0.17060	0.01116	0.04566	0.00216	0.34581	0.00701	0.00382	0.00521
1	0.01336	0.05930	0.05766	0.01860	0.31218	0.03826	0.01171	0.09724	0.29981	0.01939	0.01369	0.01439	0.01062	0.00557	0.00494	0.00156	0.00536	0.00478	0.00371	0.00788
2	0.85801	0.00978	0.00743	0.00665	0.00978	0.01134	0.00548	0.01486	0.00861	0.02269	0.00704	0.00821	0.00548	0.00469	0.00313	0.00156	0.00391	0.00274	0.00313	0.00548
3	0.01251	0.01198	0.02019	0.02958	0.72711	0.01207	0.03214	0.01621	0.05748	0.01679	0.01019	0.01292	0.00845	0.00464	0.00504	0.00152	0.00594	0.00461	0.00266	0.00798
4	0.00646	0.00487	0.00598	0.00628	0.00727	0.00438	0.00449	0.00798	0.01181	0.01570	0.30093	0.33612	0.24313	0.01309	0.00615	0.00180	0.00264	0.01154	0.00500	0.00438
5	0.01388	0.01268	0.09195	0.01079	0.01434	0.01252	0.00925	0.11953	0.55354	0.07656	0.01830	0.01707	0.01345	0.00651	0.00510	0.00167	0.00457	0.00532	0.00491	0.00807
6	0.00602	0.00512	0.00519	0.00517	0.00686	0.00429	0.00388	0.00735	0.01164	0.01392	0.08051	0.04823	0.75924	0.01271	0.00598	0.00170	0.00255	0.01061	0.00473	0.00429
7	0.01049	0.00899	0.01049	0.00749	0.01198	0.00674	0.00599	0.01273	0.01049	0.01648	0.00899	0.01049	0.00749	0.00374	0.00374	0.00075	0.00374	0.00300	0.00300	0.85320
8	0.01889	0.02410	0.01433	0.01303	0.01563	0.80199	0.00977	0.02019	0.01433	0.01238	0.00782	0.00912	0.00651	0.00521	0.00456	0.00130	0.00912	0.00326	0.00261	0.00586
9	0.00616	0.00440	0.00587	0.00704	0.00733	0.00411	0.00469	0.00704	0.00968	0.01291	0.02787	0.81899	0.03344	0.01584	0.00645	0.00205	0.00293	0.01438	0.00469	0.00411
10	0.01922	0.01416	0.01518	0.01163	0.01568	0.01568	0.00961	0.77388	0.02378	0.03187	0.01214	0.01214	0.00860	0.00607	0.00506	0.00152	0.00556	0.00455	0.00506	0.00860
11	0.01014	0.02616	0.79609	0.01441	0.02189	0.01174	0.01868	0.01601	0.01068	0.01601	0.00907	0.01068	0.00641	0.00480	0.00480	0.00160	0.00747	0.00374	0.00214	0.00747
12	0.01014	0.02616	0.79609	0.01441	0.02189	0.01174	0.01868	0.01601	0.01068	0.01601	0.00907	0.01068	0.00641	0.00480	0.00480	0.00160	0.00747	0.00374	0.00214	0.00747
13	0.01889	0.02410	0.01433	0.01303	0.01563	0.80199	0.00977	0.02019	0.01433	0.01238	0.00782	0.00912	0.00651	0.00521	0.00456	0.00130	0.00912	0.00326	0.00261	0.00586
14	0.01418	0.52262	0.14892	0.01027	0.01500	0.04284	0.01049	0.15337	0.01292	0.01621	0.00832	0.00929	0.00686	0.00475	0.00387	0.00125	0.00589	0.00323	0.00270	0.00701
15	0.00808	0.00508	0.00662	0.00691	0.00791	0.00462	0.00492	0.00947	0.01148	0.09448	0.21753	0.47735	0.09975	0.01324	0.00615	0.00186	0.00291	0.01181	0.00507	0.00474
16	0.01484	0.54750	0.11043	0.00979	0.01428	0.07931	0.00976	0.04288	0.01160	0.10519	0.00902	0.00969	0.00726	0.00474	0.00380	0.00123	0.00581	0.00321	0.00278	0.00687
17	0.01147	0.34039	0.49349	0.01215	0.01838	0.01499	0.01474	0.01567	0.01052	0.01440	0.00827	0.00967	0.00644	0.00462	0.00419	0.00140	0.00666	0.00333	0.00215	0.00709
18	0.00669	0.00515	0.00611	0.00587	0.00727	0.00457	0.00440	0.00863	0.01320	0.01765	0.49492	0.04211	0.34251	0.01132	0.00597	0.00164	0.00246	0.00975	0.00522	0.00457
19	0.01087	0.13915	0.60576	0.01317	0.01972	0.01301	0.01616	0.01700	0.08924	0.01595	0.00996	0.01114	0.00734	0.00495	0.00462	0.00154	0.00682	0.00379	0.00245	0.00739
20	0.00622	0.00494	0.00558	0.00582	0.00708	0.00431	0.00421	0.00757	0.01149	0.01453	0.16424	0.24820	0.47155	0.01320	0.00610	0.00178	0.00263	0.01139	0.00484	0.00431
21	0.01307	0.09412	0.01319	0.01020	0.01328	0.01352	0.00817	0.07025	0.65772	0.02085	0.01870	0.01737	0.01412	0.00655	0.00495	0.00164	0.00424	0.00534	0.00484	0.00788
22	0.00693	0.00516	0.00645	0.00613	0.00742	0.00468	0.00459	0.00911	0.01378	0.01901	0.64742	0.03985	0.18916	0.01081	0.00597	0.00161	0.00242	0.00944	0.00540	0.00468
23	0.01469	0.01191	0.01262	0.01072	0.01395	0.01356	0.00851	0.26397	0.54108	0.02455	0.01790	0.01673	0.01327	0.00661	0.00512	0.00165	0.00450	0.00535	0.00512	0.00819
24	0.00712	0.00513	0.00608	0.00611	0.00743	0.00452	0.00448	0.00867	0.01208	0.05006	0.26826	0.22059	0.35613	0.01246	0.00604	0.00175	0.00267	0.01081	0.00503	0.00458
25	0.01319	0.74801	0.10096	0.00921	0.01384	0.01921	0.00962	0.01523	0.01031	0.01230	0.00723	0.00836	0.00648	0.00437	0.00340	0.00113	0.00561	0.00280	0.00216	0.00658
26	0.01268	0.07791	0.45507	0.01390	0.05962	0.02768	0.01480	0.16404	0.09192	0.01928	0.01070	0.01168	0.00784	0.00522	0.00478	0.00155	0.00656	0.00406	0.00304	0.00768
27	0.01920	0.01476	0.01513	0.01172	0.01568	0.06261	0.00962	0.72891	0.02321	0.03071	0.01188	0.01196	0.00848	0.00602	0.00503	0.00150	0.00578	0.00448	0.00491	0.00844
28	0.10416	0.07001	0.01439	0.01205	0.01488	0.63988	0.00926	0.05271	0.01392	0.01426	0.00788	0.00910	0.00650	0.00514	0.00436	0.00133	0.00821	0.00323	0.00274	0.00598
29	0.01458	0.41187	0.08495	0.00956	0.01404	0.04245	0.00913	0.12380	0.01278	0.08644	0.00943	0.01013	0.00749	0.00473	0.00392	0.00119	0.00537	0.00333	0.00309	0.14173
30	0.01343	0.01755	0.36468	0.01609	0.13856	0.01091	0.08974	0.01840	0.06585	0.17989	0.02769	0.01374	0.00951	0.00526	0.00506	0.00160	0.00634	0.00461	0.00338	0.00771
31	0.01858	0.01494	0.09454	0.01170	0.01609	0.01461	0.01036	0.63580	0.02168	0.09211	0.01246	0.01240	0.00869	0.00596	0.00503	0.00153	0.00566	0.00451	0.00486	0.00849
32	0.01064	0.14304	0.68353	0.01357	0.02058	0.01295	0.01722	0.01589	0.01062	0.01541	0.00878	0.01030	0.00642	0.00473	0.00458	0.00153	0.00717	0.00359	0.00214	0.00733
33	0.01116	0.01057	0.01377	0.06782	0.20484	0.06887	0.05508	0.01701	0.23917	0.01673	0.04915	0.14244	0.06601	0.00780	0.00540	0.00168	0.00500	0.00697	0.00388	0.00665
34	0.00632	0.00451	0.00605	0.00722	0.00758	0.00424	0.00496	0.00731	0.00983	0.01308	0.02778	0.75926	0.03310	0.01570	0.00650	0.00208	0.00307	0.07257	0.00469	0.00415
35	0.01252	0.01201	0.02053	0.03104	0.79074	0.01201	0.01552	0.01552	0.01151	0.01652	0.00951	0.01252	0.00801	0.00451	0.00501	0.00150	0.00601	0.00451	0.00250	0.00801
36	0.01214	0.01265	0.03679	0.02981	0.02048	0.09109	0.45446	0.01537	0.01217	0.06729	0.07265	0.12313	0.01436	0.00653	0.00579	0.00169	0.00703	0.00693	0.00331	0.00631
37	0.00723	0.00485	0.00555	0.00567	0.00570	0.00482	0.00323	0.00732	0.00759	0.01012	0.01715	0.11324	0.01992	0.74004	0.02377	0.00461	0.00470	0.00807	0.00323	0.00317
38	0.00815	0.00582	0.00815	0.00931	0.01048	0.00582	0.00815	0.01048	0.01164	0.01513	0.02677	0.05704	0.02910	0.01397	0.00698	0.00233	0.00466	0.75671	0.00466	0.00466
39	0.00746	0.00578	0.00884	0.08992	0.01166	0.00682	0.00711	0.00943	0.00833	0.01186	0.01308	0.01921	0.01204	0.03457	0.72095	0.00747	0.01285	0.00532	0.00266	0.00463
40	0.01894	0.02249	0.01447	0.01280	0.01564	0.67487	0.00974	0.14203	0.01586	0.01553	0.00852	0.00961	0.00685	0.00535	0.00464	0.00134	0.00854	0.00347	0.00300	0.00630
41	0.00756	0.00593	0.00791	0.00875	0.08734	0.00559	0.00572	0.00983	0.02430	0.01774	0.48217	0.04727	0.17917	0.04836	0.03841	0.00202	0.00338	0.00875	0.00484	0.00496
42	0.85801	0.00978	0.00743	0.00665	0.00978	0.01134	0.00548	0.01486	0.00861	0.02269	0.00704	0.00821	0.00548	0.00469	0.00313	0.00156	0.00391	0.00274	0.00313	0.00548
43	0.00961	0.01074	0.09481	0.72898	0.03351	0.01129	0.01452	0.01324	0.01017	0.01324	0.00900	0.01320	0.00671	0.00503	0.00503	0.00168	0.00682	0.00442	0.00224	0.00581
44	0.01322	0.40600	0.22648	0.01300	0.09499	0.08385	0.01211	0.04974	0.03161	0.01462	0.00847	0.00978	0.00695	0.00469	0.00408	0.00132	0.00630	0.00337	0.00243	0.00698
45	0.01258	0.01080	0.01863	0.15864	0.34826	0.01107	0.13188	0.03522	0.01203	0.09565	0.06767	0.02879	0.01150	0.00552	0.00560	0.00161	0.02897	0.00530	0.00317	0.00711
46	0.00631	0.00496	0.00571	0.00590	0.00713	0.00435	0.00428	0.00777	0.01175	0.01510	0.22670	0.23696	0.41918	0.01295	0.00609	0.00176	0.00261	0.01121	0.00491	0.00435
47	0.00955	0.00899	0.01517	0.81013	0.03483	0.01123	0.01404	0.01292	0.01011	0.01292	0.00899	0.01348	0.00674	0.00506	0.00506	0.00169	0.00674	0.00449	0.00225	0.00562
48	0.01192	0.07385	0.22221	0.02139	0.31880	0.03729	0.14874	0.01583	0.02543	0.01572	0.00964	0.02324	0.00782	0.00494	0.00551	0.00157	0.04176	0.00456	0.00246	0.00732
49	0.01148	0.01278	0.02715	0.02046	0.06314	0.01210	0.65780	0.01535	0.01169	0.01589	0.01204	0.06233	0.02554	0.00523	0.00615	0.00173	0.02332	0.00646	0.00272	0.00664
50	0.00619	0.00451	0.00583	0.00680	0.00729	0.00416	0.00461	0.00718	0.01010	0.01334	0.06703	0.69891	0.11492	0.01525	0.00638	0.00199	0.00287	0.01373	0.00474	0.00416
51	0.44162	0.19207	0.04107	0.00836	0.01205	0.04477	0.00743	0.09352	0.01139	0.09471	0.00890	0.00958	0.00677	0.00493	0.00366	0.00144	0.00478	0.00320	0.00336	0.00641
52	0.01192	0.00923	0.03582	0.01296	0.16267	0.00895	0.00863	0.05871	0.17702	0.11218	0.24390	0.08147	0.02406	0.00804	0.00547	0.00164	0.00408	0.02171	0.00475	0.00679
53	0.00722	0.00542	0.00813	0.00813	0.00903	0.00632	0.00632	0.00903	0.00813	0.01174	0.01354	0.01987	0.01264	0.03792	0.80225	0.00813	0.01354	0.00542	0.00271	0.00451
54	0.00598	0.00509	0.00516	0.00521	0.00685	0.00426	0.00388	0.00725	0.01144	0.01363	0.05019	0.08277	0.75526	0.01294	0.00600	0.00172	0.00258	0.01084	0.00470	0.00426
55	0.01032	0.00952	0.01533	0.39685	0.26279	0.01070	0.01278	0.01425	0.07798	0.01494	0.03245	0.09644	0.01169	0.00628	0.00521	0.00167	0.00577	0.00573	0.00292	0.00639
56	0.01300	0.02184	0.57458	0.01357	0.02009	0.01142	0.04519	0.08082	0.01243	0.14297	0.01113	0.01197	0.00762	0.00512	0.00492	0.00159	0.00684	0.00411	0.00306	0.00773
57	0.00616	0.00440	0.00587	0.00704	0.00733	0.00411	0.00469	0.00704	0.00968	0.01291	0.02787	0.81899	0.03344	0.01584	0.00645	0.00205	0.00293	0.01438	0.00469	0.00411
58	0.01190	0.01139	0.01942	0.19148	0.63508	0.01185	0.01522	0.01498	0.01123	0.01578	0.00940	0.01271	0.00775	0.00462	0.00502	0.00154	0.00616	0.00450	0.00245	0.00752
59	0.01408	0.10232	0.42684	0.02677	0.03228	0.05357	0.01397	0.04837	0.03595	0.18129	0.01159	0.01211	0.00812	0.00520	0.00472	0.00152	0.00645	0.00401	0.00326	0.00757
60	0.01140	0.32290	0.51033	0.01227	0.01858	0.01481	0.01496	0.01569	0.01053	0.01449	0.00832	0.00972	0.00644	0.00463	0.00423	0.00141	0.00671	0.00335	0.00215	0.00711
61	0.00728	0.00518	0.00694	0.00694	0.00743	0.00568	0.00484	0.00827	0.00778	0.01086	0.01463	0.02587	0.01525	0.39390	0.44984	0.00666	0.00962	0.00630	0.00287	0.00386
62	0.02086	0.01153	0.01355	0.01039	0.01437	0.01178	0.00858	0.41927	0.01937	0.39270	0.01584	0.01454	0.01045	0.00616	0.00507	0.00154	0.00497	0.00480	0.00563	0.00860
63	0.01252	0.01201	0.02053	0.03104	0.79074	0.01201	0.01552	0.01552	0.01151	0.01652	0.00951	0.01252	0.00801	0.00451	0.00501	0.00150	0.00601	0.00451	0.00250	0.00801

[dist]
# distance from previous block
# <min> <max>
0	2

[block]
# block no. 3 follows, 49 sequences, length 13
# corresponding to MSA columns:
# 400,455-466
name=unknown_D
#
# <colnr> <probs for GDERKNQSTAVLIFYWHMCP>
#	G	D	E	R	K	N	Q	S	T	A	V	L	I	F	Y	W	H	M	C	P
0	0.23585	0.11598	0.01389	0.01119	0.04097	0.44475	0.00851	0.01756	0.01215	0.01519	0.00916	0.01033	0.03484	0.00522	0.00410	0.00137	0.00697	0.00337	0.00276	0.00586
1	0.00648	0.00463	0.00624	0.00741	0.00784	0.00438	0.00525	0.00760	0.01000	0.01327	0.02769	0.69568	0.03274	0.01554	0.00654	0.00210	0.00321	0.13451	0.00469	0.00420
2	0.00599	0.00508	0.00517	0.00524	0.00686	0.00426	0.00389	0.00724	0.01141	0.01361	0.04981	0.09522	0.74305	0.01299	0.00601	0.00173	0.00258	0.01090	0.00470	0.00426
3	0.00693	0.00532	0.00764	0.00994	0.10191	0.00506	0.00600	0.00806	0.00990	0.01334	0.02565	0.72162	0.03037	0.01447	0.00628	0.00199	0.00330	0.01318	0.00443	0.00458
4	0.01049	0.00899	0.01049	0.00749	0.01198	0.00674	0.00599	0.01273	0.01049	0.01648	0.00899	0.01049	0.00749	0.00374	0.00374	0.00075	0.00374	0.00300	0.00300	0.85320
5	0.01298	0.01189	0.01916	0.06691	0.63549	0.01218	0.01440	0.10669	0.01287	0.01808	0.01036	0.03711	0.00879	0.00507	0.00506	0.00153	0.00590	0.00481	0.00287	0.00784
6	0.01252	0.01201	0.02053	0.03104	0.79074	0.01201	0.01552	0.01552	0.01151	0.01652	0.00951	0.01252	0.00801	0.00451	0.00501	0.00150	0.00601	0.00451	0.00250	0.00801
7	0.35984	0.32541	0.04103	0.00772	0.01103	0.01353	0.00702	0.01382	0.00972	0.01699	0.04611	0.10752	0.01125	0.00616	0.00376	0.00144	0.00442	0.00446	0.00302	0.00574
8	0.01405	0.21975	0.28545	0.01127	0.01635	0.01378	0.01193	0.09932	0.13906	0.12310	0.01225	0.01242	0.00897	0.00535	0.00454	0.00148	0.00575	0.00407	0.00351	0.00759
9	0.06324	0.21717	0.16051	0.01048	0.01440	0.07985	0.04533	0.04276	0.08713	0.02925	0.10667	0.04639	0.01444	0.00636	0.00465	0.00148	0.00548	0.03202	0.00336	0.02904
10	0.17231	0.01443	0.01481	0.01277	0.05396	0.22972	0.12213	0.07675	0.05903	0.14022	0.04756	0.01321	0.01013	0.00551	0.00475	0.00152	0.00627	0.00443	0.00374	0.00676
11	0.29900	0.03837	0.05898	0.01004	0.04461	0.01085	0.04345	0.07400	0.11570	0.11549	0.08057	0.03347	0.01267	0.00597	0.00445	0.00156	0.00450	0.00469	0.00403	0.03760
12	0.06692	0.07685	0.12986	0.01087	0.03487	0.04141	0.00967	0.14780	0.13745	0.16437	0.03599	0.03174	0.05010	0.00648	0.00524	0.00158	0.03217	0.00503	0.00425	0.00735

[dist]
# distance from previous block
# <min> <max>
20	41

[block]
# block no. 4 follows, 49 sequences, length 123
# corresponding to MSA columns:
# 514-529,555,556,565-600,605-629,633-676
name=unknown_E
#
# <colnr> <probs for GDERKNQSTAVLIFYWHMCP>
#	G	D	E	R	K	N	Q	S	T	A	V	L	I	F	Y	W	H	M	C	P
0	0.05001	0.07973	0.01717	0.01537	0.15636	0.20380	0.10008	0.12744	0.01392	0.03792	0.04576	0.01275	0.01892	0.00521	0.00473	0.00138	0.00637	0.00431	0.00322	0.09555
1	0.05266	0.01330	0.08739	0.03536	0.19694	0.05610	0.02942	0.18970	0.03011	0.08439	0.04070	0.01349	0.01793	0.00534	0.00479	0.00142	0.00553	0.00443	0.00366	0.12734
2	0.10639	0.04987	0.01366	0.01067	0.02308	0.11401	0.04051	0.25509	0.10943	0.07293	0.08123	0.01453	0.01235	0.00595	0.00474	0.00146	0.00528	0.00464	0.00425	0.06994
3	0.08349	0.00715	0.03539	0.00709	0.00923	0.00627	0.00569	0.02527	0.03486	0.06134	0.42166	0.08861	0.09091	0.00918	0.00540	0.00155	0.00310	0.00788	0.00486	0.09107
4	0.85801	0.00978	0.00743	0.00665	0.00978	0.01134	0.00548	0.01486	0.00861	0.02269	0.00704	0.00821	0.00548	0.00469	0.00313	0.00156	0.00391	0.00274	0.00313	0.00548
5	0.00872	0.00509	0.00581	0.00566	0.00676	0.00517	0.00428	0.01097	0.01136	0.01856	0.22012	0.04647	0.02247	0.00859	0.03291	0.00160	0.03337	0.00617	0.54118	0.00474
6	0.01252	0.01201	0.02053	0.03104	0.79074	0.01201	0.01552	0.01552	0.01151	0.01652	0.00951	0.01252	0.00801	0.00451	0.00501	0.00150	0.00601	0.00451	0.00250	0.00801
7	0.00622	0.00464	0.00581	0.00665	0.00733	0.00423	0.00462	0.00730	0.01035	0.01344	0.06191	0.58573	0.20797	0.01487	0.00634	0.00197	0.00289	0.03881	0.00473	0.00419
8	0.01343	0.80529	0.04580	0.00880	0.01320	0.01980	0.00890	0.01516	0.01028	0.01200	0.00708	0.00818	0.00649	0.00434	0.00328	0.00109	0.00546	0.00273	0.00216	0.00651
9	0.00778	0.00547	0.00673	0.00661	0.00778	0.00534	0.00487	0.01096	0.08171	0.01881	0.47197	0.17581	0.03732	0.01040	0.00564	0.00163	0.00263	0.00917	0.12444	0.00493
10	0.01114	0.01027	0.01647	0.30944	0.37067	0.01127	0.01330	0.01551	0.09890	0.01597	0.04021	0.01477	0.01007	0.00524	0.00502	0.00158	0.00578	0.00482	0.03267	0.00690
11	0.01305	0.01156	0.03445	0.01117	0.03794	0.01272	0.00870	0.09494	0.65366	0.02176	0.01922	0.01840	0.01452	0.00676	0.00515	0.00170	0.00432	0.01702	0.00496	0.00799
12	0.00613	0.00452	0.00574	0.00671	0.00725	0.00414	0.00455	0.00708	0.01000	0.01304	0.03189	0.68633	0.16351	0.01532	0.00637	0.00199	0.00287	0.01374	0.00469	0.00414
13	0.01287	0.01206	0.05943	0.04049	0.19191	0.01191	0.07096	0.18142	0.20572	0.02089	0.07075	0.01835	0.06755	0.00644	0.00525	0.00161	0.00522	0.00565	0.00406	0.00745
14	0.00890	0.00681	0.02088	0.00869	0.01009	0.00676	0.00709	0.04075	0.11415	0.02771	0.02504	0.18459	0.05239	0.08890	0.00824	0.00236	0.00428	0.37268	0.00458	0.00510
15	0.01304	0.01294	0.14942	0.01053	0.01418	0.01128	0.00955	0.08583	0.41742	0.09496	0.09265	0.01883	0.01620	0.02336	0.00557	0.00172	0.00463	0.00558	0.00471	0.00760
16	0.00989	0.09386	0.57981	0.01239	0.01841	0.01118	0.01519	0.01473	0.01132	0.01644	0.15427	0.01550	0.01412	0.00579	0.00488	0.00155	0.00634	0.00465	0.00278	0.00688
17	0.01149	0.01833	0.36257	0.04985	0.27530	0.04159	0.01553	0.01711	0.10737	0.01655	0.01104	0.01349	0.00864	0.00521	0.00497	0.00159	0.00652	0.02263	0.00272	0.00752
18	0.00735	0.00490	0.00552	0.00552	0.00552	0.00490	0.00306	0.00735	0.00735	0.00980	0.01593	0.03309	0.01838	0.82229	0.02574	0.00490	0.00490	0.00735	0.00306	0.00306
19	0.01241	0.01370	0.02359	0.01914	0.09044	0.08498	0.43610	0.01600	0.04174	0.01527	0.01823	0.01306	0.00813	0.00551	0.00796	0.00176	0.17748	0.00529	0.00262	0.00659
20	0.00943	0.00471	0.00471	0.00471	0.00589	0.00471	0.00353	0.01178	0.01060	0.01885	0.01650	0.01885	0.01296	0.00589	0.00353	0.00118	0.00236	0.00471	0.85036	0.00471
21	0.01444	0.01461	0.04541	0.21438	0.13001	0.17908	0.04983	0.19063	0.04956	0.01853	0.01040	0.01245	0.00795	0.00531	0.00493	0.00152	0.00671	0.00436	0.03300	0.00690
22	0.02171	0.00906	0.01190	0.00917	0.01299	0.00820	0.00756	0.10331	0.01545	0.68294	0.04955	0.01749	0.01350	0.00640	0.00512	0.00156	0.00436	0.00519	0.00610	0.00845
23	0.01764	0.09479	0.03961	0.01255	0.01538	0.63569	0.00993	0.04568	0.01383	0.01311	0.00800	0.00945	0.00670	0.00588	0.01928	0.00146	0.03903	0.00335	0.00262	0.00603
24	0.01262	0.40752	0.37377	0.01128	0.01700	0.01540	0.01311	0.01619	0.01074	0.06753	0.00884	0.00990	0.00687	0.00468	0.00408	0.00135	0.00627	0.00333	0.00243	0.00708
25	0.00627	0.00445	0.00584	0.00690	0.00717	0.00418	0.00455	0.00707	0.00947	0.01263	0.02680	0.74855	0.03210	0.08812	0.00818	0.00231	0.00311	0.01375	0.00455	0.00401
26	0.00733	0.00523	0.00733	0.00733	0.00795	0.00584	0.00533	0.00846	0.00785	0.01107	0.01401	0.02336	0.01408	0.25568	0.55265	0.04304	0.01075	0.00591	0.00279	0.00401
27	0.01550	0.33637	0.08006	0.01217	0.01604	0.36550	0.07836	0.01754	0.01225	0.01281	0.00782	0.00925	0.00660	0.00475	0.00419	0.00128	0.00749	0.00332	0.00239	0.00632
28	0.01872	0.00802	0.01043	0.00834	0.01157	0.00729	0.00677	0.04467	0.04921	0.55359	0.11523	0.01988	0.01697	0.00675	0.00503	0.00153	0.00387	0.00556	0.09890	0.00767
29	0.00629	0.00446	0.00583	0.00687	0.00713	0.00419	0.00451	0.00708	0.00943	0.01257	0.02656	0.73258	0.03179	0.10451	0.00857	0.00237	0.00315	0.01360	0.00451	0.00399
30	0.01351	0.01133	0.01196	0.01048	0.01351	0.01302	0.00823	0.13216	0.67479	0.02266	0.01939	0.01792	0.01447	0.00675	0.00513	0.00169	0.00422	0.00555	0.00513	0.00809
31	0.01156	0.08385	0.01918	0.30233	0.45587	0.01246	0.01439	0.01457	0.01091	0.01484	0.00911	0.01246	0.00743	0.00468	0.00487	0.00153	0.00621	0.00434	0.00238	0.00703
32	0.01185	0.07930	0.23097	0.00988	0.01442	0.00981	0.01000	0.02437	0.11070	0.10640	0.11174	0.01674	0.03566	0.00589	0.00469	0.00137	0.00483	0.00478	0.00373	0.20285
33	0.01249	0.35999	0.34034	0.01332	0.08655	0.05132	0.01346	0.04247	0.01121	0.01472	0.00831	0.00974	0.00667	0.00464	0.00417	0.00136	0.00648	0.00338	0.00230	0.00707
34	0.00762	0.00544	0.00754	0.00871	0.00964	0.00536	0.00723	0.00956	0.01112	0.01454	0.02707	0.25959	0.03026	0.01447	0.00684	0.00226	0.00420	0.55937	0.00467	0.00451
35	0.00701	0.00512	0.00661	0.00652	0.00766	0.00472	0.00491	0.00912	0.01337	0.01851	0.58533	0.12684	0.11211	0.01142	0.00609	0.00170	0.00262	0.06037	0.00533	0.00464
36	0.01374	0.01099	0.01320	0.01107	0.01429	0.01209	0.07643	0.09935	0.53690	0.08722	0.02015	0.01894	0.04881	0.00677	0.00524	0.00168	0.00452	0.00579	0.00498	0.00784
37	0.02139	0.00829	0.01129	0.00881	0.01247	0.00719	0.00721	0.02331	0.01425	0.73142	0.04739	0.05440	0.01471	0.00684	0.00518	0.00159	0.00417	0.00565	0.00616	0.00827
38	0.00735	0.00490	0.00552	0.00552	0.00552	0.00490	0.00306	0.00735	0.00735	0.00980	0.01593	0.03309	0.01838	0.82229	0.02574	0.00490	0.00490	0.00735	0.00306	0.00306
39	0.01288	0.01101	0.01160	0.01035	0.01326	0.01272	0.00808	0.06084	0.74714	0.02164	0.02020	0.01856	0.01513	0.00682	0.00514	0.00171	0.00407	0.00566	0.00514	0.00803
40	0.04876	0.00986	0.01687	0.59534	0.13728	0.01149	0.08182	0.01366	0.01040	0.01415	0.00908	0.01312	0.00694	0.00489	0.00504	0.00166	0.00667	0.00455	0.00235	0.00605
41	0.31572	0.01119	0.01069	0.00879	0.01227	0.10838	0.00713	0.05241	0.01279	0.39305	0.01357	0.01282	0.00913	0.00557	0.00433	0.00153	0.00482	0.00401	0.00465	0.00716
42	0.05376	0.12475	0.01514	0.01155	0.08241	0.01146	0.03537	0.01318	0.00973	0.01486	0.00848	0.01108	0.00745	0.00738	0.05987	0.00176	0.18642	0.00366	0.00263	0.33905
43	0.01454	0.00680	0.00913	0.00761	0.01010	0.00604	0.00604	0.01672	0.01439	0.38838	0.42275	0.02799	0.03097	0.00840	0.00555	0.00158	0.00330	0.00721	0.00590	0.00659
44	0.01252	0.01191	0.01971	0.02918	0.72105	0.01207	0.01485	0.01654	0.08053	0.01694	0.01050	0.01308	0.00868	0.00472	0.00502	0.00152	0.00583	0.00461	0.00274	0.00801
45	0.00800	0.00651	0.00940	0.00847	0.00964	0.00678	0.05677	0.00998	0.01220	0.02643	0.43558	0.17273	0.07569	0.01078	0.00762	0.00178	0.12285	0.00921	0.00468	0.00492
46	0.01224	0.40407	0.33302	0.01164	0.01708	0.04907	0.04147	0.02665	0.01095	0.01420	0.02075	0.01065	0.00753	0.00482	0.00415	0.00136	0.00645	0.01475	0.00232	0.00684
47	0.01522	0.00706	0.00926	0.00787	0.01037	0.00617	0.00599	0.01666	0.01189	0.41439	0.02038	0.22167	0.01818	0.12347	0.00822	0.00208	0.00399	0.00756	0.00511	0.08446
48	0.00909	0.00896	0.07164	0.03999	0.01074	0.03583	0.00690	0.01259	0.12579	0.01492	0.18702	0.02693	0.04861	0.27890	0.02649	0.00287	0.07713	0.00678	0.00378	0.00502
49	0.01207	0.01084	0.04170	0.36623	0.36931	0.01126	0.01425	0.01523	0.01115	0.08465	0.01021	0.01330	0.00781	0.00491	0.00503	0.00159	0.00622	0.00453	0.00272	0.00701
50	0.73973	0.01180	0.00840	0.00755	0.01060	0.12279	0.00608	0.01562	0.00941	0.02123	0.00715	0.00834	0.00562	0.00477	0.00333	0.00153	0.00465	0.00281	0.00306	0.00553
51	0.85801	0.00978	0.00743	0.00665	0.00978	0.01134	0.00548	0.01486	0.00861	0.02269	0.00704	0.00821	0.00548	0.00469	0.00313	0.00156	0.00391	0.00274	0.00313	0.00548
52	0.01194	0.20246	0.47030	0.01370	0.01987	0.03613	0.10975	0.01635	0.01102	0.05041	0.00922	0.01073	0.00686	0.00471	0.00461	0.00149	0.00705	0.00383	0.00240	0.00718
53	0.00735	0.00492	0.00560	0.00560	0.00562	0.00495	0.00316	0.00741	0.00738	0.00986	0.01586	0.03268	0.01821	0.79797	0.04981	0.00500	0.00517	0.00729	0.00305	0.00311
54	0.00995	0.00734	0.00952	0.00815	0.01003	0.00739	0.04055	0.12921	0.01464	0.04930	0.43106	0.03098	0.13228	0.00982	0.00695	0.04035	0.04419	0.00788	0.00494	0.00546
55	0.00643	0.00467	0.00630	0.00713	0.00761	0.00462	0.00494	0.00749	0.00934	0.01257	0.02541	0.58288	0.06276	0.05087	0.17786	0.00345	0.00527	0.01202	0.00421	0.00416
56	0.00719	0.00509	0.00670	0.00681	0.00724	0.00546	0.00465	0.00807	0.00791	0.01094	0.01594	0.09766	0.01719	0.40219	0.36835	0.00608	0.00856	0.00712	0.00305	0.00380
57	0.75255	0.11163	0.00981	0.00690	0.01018	0.01243	0.00587	0.01490	0.00881	0.02134	0.00704	0.00820	0.00560	0.00465	0.00314	0.00150	0.00410	0.00273	0.00301	0.00560
58	0.81978	0.04670	0.00830	0.00674	0.00992	0.01174	0.00562	0.01488	0.00868	0.02220	0.00704	0.00821	0.00552	0.00468	0.00313	0.00154	0.00398	0.00274	0.00309	0.00552
59	0.01864	0.02373	0.01488	0.01332	0.01601	0.77421	0.03661	0.02005	0.01425	0.01251	0.00790	0.00928	0.00655	0.00518	0.00461	0.00132	0.00910	0.00335	0.00260	0.00590
60	0.00660	0.00515	0.00598	0.00577	0.00721	0.00453	0.00433	0.00846	0.01299	0.01714	0.43899	0.04293	0.39876	0.01151	0.00597	0.00165	0.00247	0.00987	0.00515	0.00453
61	0.01251	0.00964	0.01174	0.00999	0.01207	0.01075	0.02685	0.31843	0.01583	0.02174	0.13315	0.19225	0.01996	0.01062	0.04330	0.00204	0.11360	0.00745	0.02176	0.00631
62	0.85801	0.00978	0.00743	0.00665	0.00978	0.01134	0.00548	0.01486	0.00861	0.02269	0.00704	0.00821	0.00548	0.00469	0.00313	0.00156	0.00391	0.00274	0.00313	0.00548
63	0.01218	0.01173	0.02029	0.06282	0.69642	0.01182	0.04956	0.01521	0.01135	0.01618	0.00966	0.01287	0.00810	0.00569	0.03311	0.00175	0.00642	0.00460	0.00250	0.00773
64	0.00734	0.00494	0.00571	0.00571	0.00577	0.00501	0.00330	0.00748	0.00741	0.00995	0.01576	0.03213	0.01797	0.76517	0.08229	0.00514	0.00553	0.00721	0.00304	0.00317
65	0.01064	0.05172	0.51083	0.01341	0.01928	0.01182	0.06969	0.01755	0.15802	0.01683	0.03104	0.04503	0.01030	0.00571	0.00499	0.00163	0.00650	0.00479	0.00293	0.00729
