[name]
unknown

[dist]
# distance from previous block
# <min> <max>
0	52

[block]
# block no. 0 follows, 51 sequences, length 9
# corresponding to MSA columns:
# 52-60
name=unknown_A
#
# <colnr> <probs for GDERKNQSTAVLIFYWHMCP>
#	G	D	E	R	K	N	Q	S	T	A	V	L	I	F	Y	W	H	M	C	P
0	0.01010	0.21770	0.38168	0.01120	0.01594	0.01173	0.01280	0.01380	0.01055	0.01433	0.01330	0.02277	0.01261	0.00713	0.00491	0.00164	0.00598	0.22281	0.00279	0.00624
1	0.05591	0.41602	0.14684	0.00858	0.01235	0.01340	0.00876	0.01327	0.01110	0.01513	0.23447	0.01662	0.01781	0.00599	0.00416	0.00130	0.00466	0.00460	0.00310	0.00593
2	0.00985	0.00855	0.01347	0.01050	0.01361	0.00796	0.18085	0.05260	0.01084	0.03567	0.03881	0.01802	0.08292	0.01454	0.23670	0.00318	0.00740	0.00525	0.00315	0.24610
3	0.01077	0.00977	0.01618	0.06854	0.52635	0.00990	0.01293	0.01352	0.01115	0.01547	0.01406	0.02471	0.01363	0.00706	0.00542	0.00170	0.00550	0.22359	0.00302	0.00671
4	0.00986	0.02542	0.80183	0.01401	0.02127	0.01141	0.01816	0.01556	0.01038	0.01556	0.00882	0.01038	0.00623	0.00467	0.00467	0.00156	0.00726	0.00363	0.00208	0.00726
5	0.00672	0.00498	0.00726	0.00759	0.00830	0.00552	0.00569	0.00822	0.00833	0.01174	0.01718	0.25169	0.01812	0.03066	0.57637	0.00619	0.01019	0.00778	0.00319	0.00427
6	0.00954	0.00873	0.01343	0.58211	0.02744	0.00966	0.01139	0.01250	0.00993	0.01355	0.00873	0.01226	0.00676	0.00455	0.00455	0.00138	0.00571	0.00395	0.00239	0.25144
7	0.00854	0.00427	0.00640	0.00640	0.00640	0.00427	0.00427	0.00640	0.00640	0.00854	0.00854	0.01494	0.00854	0.01707	0.01921	0.85702	0.00427	0.00427	0.00213	0.00213
8	0.00969	0.02060	0.57456	0.24543	0.02490	0.01127	0.01685	0.01469	0.01022	0.01469	0.00879	0.01116	0.00632	0.00474	0.00474	0.00158	0.00706	0.00384	0.00211	0.00674

[dist]
# distance from previous block
# <min> <max>
0	8

[block]
# block no. 1 follows, 51 sequences, length 39
# corresponding to MSA columns:
# 69-107
name=unknown_B
#
# <colnr> <probs for GDERKNQSTAVLIFYWHMCP>
#	G	D	E	R	K	N	Q	S	T	A	V	L	I	F	Y	W	H	M	C	P
0	0.01282	0.01180	0.01138	0.01026	0.01301	0.08902	0.00794	0.02549	0.71304	0.01973	0.01880	0.01742	0.01416	0.00651	0.00495	0.00163	0.00437	0.00533	0.00476	0.00758
1	0.77944	0.00907	0.00716	0.00644	0.00929	0.01041	0.00526	0.01395	0.00890	0.02182	0.08286	0.01076	0.00929	0.00509	0.00331	0.00152	0.00366	0.00326	0.00327	0.00526
2	0.00703	0.00522	0.00765	0.00765	0.00845	0.00601	0.00584	0.00862	0.00783	0.01123	0.01339	0.02055	0.01282	0.11318	0.73223	0.00760	0.01235	0.00545	0.00267	0.00425
3	0.00958	0.02345	0.72504	0.01325	0.01992	0.01076	0.01685	0.01496	0.01072	0.01596	0.08464	0.01292	0.01010	0.00519	0.00478	0.00156	0.00679	0.00414	0.00240	0.00701
4	0.01152	0.01089	0.01841	0.06558	0.68378	0.01096	0.01400	0.01440	0.01139	0.01624	0.08500	0.01458	0.01145	0.00495	0.00496	0.00148	0.00553	0.00481	0.00271	0.00737
5	0.01162	0.00995	0.01059	0.00970	0.01223	0.01143	0.00747	0.02425	0.71260	0.01978	0.02069	0.09614	0.01669	0.00751	0.00512	0.00170	0.00379	0.00637	0.00496	0.00741
6	0.00861	0.00470	0.00721	0.08453	0.00905	0.00491	0.00517	0.00700	0.00673	0.00892	0.00856	0.01476	0.00834	0.01590	0.01783	0.77442	0.00449	0.00428	0.00214	0.00246
7	0.00986	0.02542	0.80183	0.01401	0.02127	0.01141	0.01816	0.01556	0.01038	0.01556	0.00882	0.01038	0.00623	0.00467	0.00467	0.00156	0.00726	0.00363	0.00208	0.00726
8	0.06382	0.01096	0.11674	0.00945	0.01368	0.00836	0.00868	0.05867	0.01371	0.61815	0.01696	0.01519	0.01084	0.00581	0.00481	0.00152	0.00463	0.00462	0.00533	0.00806
9	0.00581	0.00498	0.00498	0.00498	0.00664	0.00415	0.00373	0.00705	0.01120	0.01328	0.04978	0.04729	0.79464	0.01245	0.00581	0.00166	0.00249	0.01037	0.00456	0.00415
10	0.01178	0.01128	0.01925	0.13487	0.69493	0.01158	0.01489	0.01475	0.01101	0.01559	0.00918	0.01229	0.00762	0.00445	0.00487	0.00148	0.00593	0.00438	0.00240	0.00747
11	0.01058	0.20285	0.63074	0.01277	0.01936	0.01318	0.01601	0.01538	0.01029	0.01468	0.00838	0.00983	0.00624	0.00457	0.00433	0.00144	0.00682	0.00341	0.00208	0.00705
12	0.01314	0.83025	0.02575	0.00841	0.01261	0.01945	0.00841	0.01472	0.00999	0.01156	0.00683	0.00788	0.00631	0.00420	0.00315	0.00105	0.00526	0.00263	0.00210	0.00631
13	0.01242	0.55241	0.23529	0.01085	0.04260	0.04738	0.01133	0.01515	0.01029	0.01282	0.00748	0.00875	0.00634	0.00437	0.00367	0.00121	0.00596	0.00298	0.00212	0.00659
14	0.01341	0.69098	0.05148	0.03958	0.01398	0.04897	0.00905	0.06052	0.01093	0.01292	0.00730	0.00844	0.00644	0.00438	0.00343	0.00112	0.00552	0.00286	0.00229	0.00641
15	0.86201	0.00950	0.00722	0.00646	0.00950	0.01102	0.00532	0.01445	0.00836	0.02205	0.00684	0.00798	0.00532	0.00456	0.00304	0.00152	0.00380	0.00266	0.00304	0.00532
16	0.00639	0.00480	0.00681	0.00751	0.00814	0.00450	0.03588	0.00753	0.00977	0.01292	0.02747	0.67789	0.07062	0.01462	0.00628	0.00199	0.00321	0.08504	0.00448	0.00416
17	0.00601	0.00455	0.00555	0.00623	0.00700	0.00409	0.00432	0.00710	0.01030	0.01333	0.09459	0.52829	0.26270	0.01409	0.00610	0.00186	0.00270	0.01249	0.00463	0.00409
18	0.01333	0.49157	0.21530	0.01040	0.01534	0.01588	0.03998	0.04535	0.01104	0.08819	0.00882	0.00969	0.00696	0.00456	0.00386	0.00126	0.00577	0.00328	0.00260	0.00683
19	0.67462	0.05346	0.02349	0.00750	0.01074	0.05017	0.00633	0.09428	0.01028	0.02183	0.00743	0.00846	0.00575	0.00471	0.00334	0.00148	0.00435	0.00288	0.00315	0.00574
20	0.02080	0.01036	0.01264	0.00969	0.01354	0.01019	0.00801	0.30350	0.01741	0.51577	0.01658	0.01490	0.01076	0.00601	0.00493	0.00150	0.00463	0.00475	0.00565	0.00836
21	0.00621	0.00512	0.00547	0.00536	0.00694	0.00444	0.00403	0.00798	0.02976	0.01487	0.21359	0.04428	0.61123	0.01178	0.00579	0.00163	0.00248	0.00993	0.00476	0.00434
22	0.01914	0.00999	0.01177	0.00943	0.01271	0.06056	0.00767	0.08780	0.07923	0.52501	0.01859	0.01698	0.04889	0.00653	0.00572	0.00156	0.06031	0.00505	0.00532	0.00773
23	0.03163	0.31198	0.50592	0.01183	0.01790	0.01427	0.01437	0.01523	0.01019	0.01429	0.00806	0.00943	0.00623	0.00450	0.00409	0.00138	0.00646	0.00325	0.00211	0.00687
24	0.00582	0.00494	0.00502	0.00509	0.00667	0.00414	0.00378	0.00704	0.01110	0.01323	0.04847	0.09219	0.75059	0.01262	0.00583	0.00168	0.00251	0.01058	0.00456	0.00414
25	0.00581	0.00498	0.00498	0.00498	0.00664	0.00415	0.00373	0.00705	0.01120	0.01328	0.04978	0.04729	0.79464	0.01245	0.00581	0.00166	0.00249	0.01037	0.00456	0.00415
26	0.01160	0.01326	0.02900	0.02071	0.02568	0.01243	0.77879	0.01574	0.01160	0.01574	0.00994	0.01326	0.00746	0.00414	0.00580	0.00166	0.00829	0.00580	0.00249	0.00663
27	0.01216	0.01168	0.01995	0.03016	0.79664	0.01168	0.01508	0.01508	0.01119	0.01605	0.00924	0.01216	0.00778	0.00438	0.00487	0.00146	0.00584	0.00438	0.00243	0.00778
28	0.02195	0.00877	0.01147	0.00885	0.01262	0.02859	0.00728	0.02383	0.01406	0.77900	0.01907	0.01652	0.01201	0.00606	0.00493	0.00151	0.00431	0.00489	0.00599	0.00829
29	0.01216	0.01168	0.01995	0.03016	0.79664	0.01168	0.01508	0.01508	0.01119	0.01605	0.00924	0.01216	0.00778	0.00438	0.00487	0.00146	0.00584	0.00438	0.00243	0.00778
30	0.00928	0.00873	0.01474	0.81548	0.03385	0.01092	0.01365	0.01256	0.00983	0.01256	0.00873	0.01310	0.00655	0.00491	0.00491	0.00164	0.00655	0.00437	0.00218	0.00546
31	0.01197	0.01199	0.02198	0.04502	0.59715	0.01184	0.19621	0.01518	0.01126	0.01590	0.00940	0.01244	0.00768	0.00433	0.00509	0.00151	0.00643	0.00472	0.00244	0.00746
32	0.00928	0.00873	0.01474	0.81548	0.03385	0.01092	0.01365	0.01256	0.00983	0.01256	0.00873	0.01310	0.00655	0.00491	0.00491	0.00164	0.00655	0.00437	0.00218	0.00546
33	0.01130	0.01278	0.02777	0.01998	0.02470	0.01198	0.73789	0.01527	0.01148	0.01557	0.01085	0.05609	0.00878	0.00474	0.00582	0.00167	0.00800	0.00623	0.00260	0.00649
34	0.01912	0.01049	0.11686	0.00962	0.01368	0.00770	0.02754	0.02152	0.01321	0.62507	0.01824	0.06811	0.01257	0.00645	0.00501	0.00156	0.00461	0.00537	0.00536	0.00789
35	0.01123	0.04593	0.09329	0.01601	0.05662	0.01036	0.38349	0.01462	0.01139	0.07295	0.01458	0.06971	0.01328	0.00689	0.00570	0.00174	0.00657	0.15612	0.00322	0.00628
36	0.01216	0.01168	0.01995	0.03016	0.79664	0.01168	0.01508	0.01508	0.01119	0.01605	0.00924	0.01216	0.00778	0.00438	0.00487	0.00146	0.00584	0.00438	0.00243	0.00778
37	0.01224	0.01084	0.01445	0.14930	0.17557	0.03009	0.04728	0.04273	0.38512	0.04366	0.01538	0.01596	0.02366	0.00580	0.00499	0.00160	0.00509	0.00510	0.00386	0.00727
38	0.31651	0.01093	0.01572	0.01815	0.32064	0.01145	0.11701	0.06034	0.01095	0.01898	0.00950	0.01302	0.00795	0.00497	0.00444	0.00155	0.00536	0.04299	0.00291	0.00661

[dist]
# distance from previous block
# <min> <max>
0	2

[block]
# block no. 2 follows, 51 sequences, length 80
# corresponding to MSA columns:
# 110-189
name=unknown_C
#
# <colnr> <probs for GDERKNQSTAVLIFYWHMCP>
#	G	D	E	R	K	N	Q	S	T	A	V	L	I	F	Y	W	H	M	C	P
0	0.01043	0.00991	0.01682	0.50213	0.33821	0.01122	0.01422	0.01356	0.01037	0.01395	0.00894	0.01273	0.00704	0.00470	0.00489	0.00157	0.00627	0.00437	0.00228	0.00639
1	0.00599	0.00428	0.00570	0.00684	0.00713	0.00399	0.00456	0.00684	0.00941	0.01254	0.02709	0.82409	0.03250	0.01540	0.00627	0.00200	0.00285	0.01397	0.00456	0.00399
2	0.86201	0.00950	0.00722	0.00646	0.00950	0.01102	0.00532	0.01445	0.00836	0.02205	0.00684	0.00798	0.00532	0.00456	0.00304	0.00152	0.00380	0.00266	0.00304	0.00532
3	0.00792	0.00566	0.00792	0.00905	0.01018	0.00566	0.00792	0.01018	0.01131	0.01471	0.02602	0.05543	0.02828	0.01358	0.00679	0.00226	0.00453	0.76356	0.00453	0.00453
4	0.00792	0.00566	0.00792	0.00905	0.01018	0.00566	0.00792	0.01018	0.01131	0.01471	0.02602	0.05543	0.02828	0.01358	0.00679	0.00226	0.00453	0.76356	0.00453	0.00453
5	0.00928	0.00873	0.01474	0.81548	0.03385	0.01092	0.01365	0.01256	0.00983	0.01256	0.00873	0.01310	0.00655	0.00491	0.00491	0.00164	0.00655	0.00437	0.00218	0.00546
6	0.01075	0.01075	0.01505	0.01290	0.01290	0.01505	0.01075	0.01183	0.00753	0.01183	0.00645	0.01075	0.00645	0.00860	0.01613	0.00215	0.81830	0.00430	0.00215	0.00538
7	0.00625	0.00459	0.00591	0.00679	0.00743	0.00425	0.00484	0.00742	0.01017	0.01334	0.07697	0.57095	0.14514	0.01442	0.00624	0.00195	0.00296	0.10166	0.00461	0.00412
8	0.00704	0.00507	0.00696	0.00699	0.00754	0.00561	0.00500	0.00816	0.00767	0.01078	0.01429	0.04186	0.01469	0.31273	0.51615	0.00667	0.01000	0.00612	0.00280	0.00389
9	0.00626	0.00479	0.00574	0.00595	0.00703	0.00427	0.00429	0.00776	0.01161	0.01529	0.30124	0.27341	0.30963	0.01249	0.00594	0.00172	0.00254	0.01092	0.00486	0.00427
10	0.00642	0.00488	0.00594	0.00616	0.00727	0.00440	0.00457	0.00803	0.01175	0.01551	0.30948	0.23132	0.28564	0.01238	0.00599	0.00174	0.00267	0.06668	0.00486	0.00431
11	0.00611	0.00445	0.00575	0.00656	0.00711	0.00410	0.00449	0.00721	0.01023	0.01364	0.13902	0.63370	0.11083	0.01434	0.00616	0.00190	0.00274	0.01288	0.00468	0.00410
12	0.01314	0.83025	0.02575	0.00841	0.01261	0.01945	0.00841	0.01472	0.00999	0.01156	0.00683	0.00788	0.00631	0.00420	0.00315	0.00105	0.00526	0.00263	0.00210	0.00631
13	0.00916	0.00458	0.00458	0.00458	0.00573	0.00458	0.00344	0.01145	0.01031	0.01832	0.01603	0.01832	0.01260	0.00573	0.00344	0.00115	0.00229	0.00458	0.85457	0.00458
14	0.01818	0.01352	0.01447	0.01121	0.01505	0.01501	0.00922	0.72193	0.08224	0.03017	0.01243	0.01230	0.00887	0.00596	0.00492	0.00149	0.00529	0.00451	0.00492	0.00831
15	0.01006	0.07606	0.75300	0.01365	0.02072	0.01192	0.01754	0.01551	0.01035	0.01531	0.00869	0.01022	0.00623	0.00464	0.00457	0.00152	0.00714	0.00357	0.00208	0.00720
16	0.01991	0.01250	0.01344	0.01046	0.01423	0.07353	0.00856	0.43959	0.01903	0.31610	0.01430	0.01341	0.00962	0.00590	0.00489	0.00148	0.00522	0.00452	0.00517	0.00815
17	0.00792	0.00566	0.00792	0.00905	0.01018	0.00566	0.00792	0.01018	0.01131	0.01471	0.02602	0.05543	0.02828	0.01358	0.00679	0.00226	0.00453	0.76356	0.00453	0.00453
18	0.05164	0.01262	0.01334	0.01071	0.01426	0.01416	0.00871	0.52204	0.25217	0.02747	0.01406	0.01360	0.01023	0.00607	0.00486	0.00153	0.00489	0.00469	0.00486	0.00806
19	0.00714	0.00526	0.00664	0.00632	0.00752	0.00496	0.00474	0.00975	0.04533	0.01864	0.64726	0.03708	0.09138	0.05114	0.00676	0.00175	0.00260	0.03589	0.00518	0.00465
20	0.01030	0.00908	0.01164	0.00832	0.01273	0.00701	0.06560	0.01263	0.01030	0.01599	0.00883	0.01043	0.00729	0.00368	0.00381	0.00080	0.00400	0.00313	0.00288	0.79155
21	0.01314	0.83025	0.02575	0.00841	0.01261	0.01945	0.00841	0.01472	0.00999	0.01156	0.00683	0.00788	0.00631	0.00420	0.00315	0.00105	0.00526	0.00263	0.00210	0.00631
22	0.00599	0.00428	0.00570	0.00684	0.00713	0.00399	0.00456	0.00684	0.00941	0.01254	0.02709	0.82409	0.03250	0.01540	0.00627	0.00200	0.00285	0.01397	0.00456	0.00399
23	0.01216	0.01168	0.01995	0.03016	0.79664	0.01168	0.01508	0.01508	0.01119	0.01605	0.00924	0.01216	0.00778	0.00438	0.00487	0.00146	0.00584	0.00438	0.00243	0.00778
24	0.01019	0.00873	0.01019	0.00728	0.01165	0.00655	0.00582	0.01237	0.01019	0.01601	0.00873	0.01019	0.00728	0.00364	0.00364	0.00073	0.00364	0.00291	0.00291	0.85734
25	0.01222	0.01056	0.01111	0.01000	0.01278	0.01222	0.00778	0.02611	0.78776	0.02056	0.02000	0.01833	0.01500	0.00667	0.00500	0.00167	0.00389	0.00556	0.00500	0.00778
26	0.00928	0.00873	0.01474	0.81548	0.03385	0.01092	0.01365	0.01256	0.00983	0.01256	0.00873	0.01310	0.00655	0.00491	0.00491	0.00164	0.00655	0.00437	0.00218	0.00546
27	0.00661	0.00460	0.00585	0.00660	0.00689	0.00445	0.00442	0.00734	0.00887	0.01178	0.02304	0.46563	0.02706	0.28945	0.01266	0.00296	0.00370	0.10035	0.00402	0.00371
28	0.00685	0.00554	0.00779	0.19360	0.01333	0.00573	0.00662	0.00850	0.01026	0.01331	0.08645	0.40227	0.17289	0.01193	0.00585	0.00182	0.00365	0.03508	0.00408	0.00443
29	0.01035	0.00702	0.00579	0.00563	0.00695	0.10846	0.00422	0.01251	0.01077	0.01751	0.01494	0.01710	0.01179	0.00564	0.00356	0.00116	0.00314	0.00440	0.74435	0.00472
30	0.01346	0.01117	0.01181	0.01025	0.01325	0.01280	0.00808	0.17004	0.64182	0.02254	0.01844	0.01709	0.01373	0.00652	0.00498	0.00163	0.00418	0.00534	0.00498	0.00789
31	0.00645	0.00483	0.00603	0.00658	0.00741	0.00451	0.00468	0.00819	0.03868	0.01448	0.18324	0.46860	0.17009	0.01342	0.00607	0.00185	0.00279	0.04304	0.00474	0.00431
32	0.01173	0.01124	0.01917	0.14691	0.68324	0.01156	0.01487	0.01471	0.01099	0.01553	0.00917	0.01230	0.00760	0.00446	0.00487	0.00149	0.00594	0.00438	0.00240	0.00744
33	0.00624	0.00446	0.00599	0.00713	0.00752	0.00421	0.00500	0.00727	0.00966	0.01282	0.02695	0.72465	0.03196	0.01516	0.00634	0.00203	0.00307	0.11094	0.00456	0.00406
34	0.00599	0.00428	0.00570	0.00684	0.00713	0.00399	0.00456	0.00684	0.00941	0.01254	0.02709	0.82409	0.03250	0.01540	0.00627	0.00200	0.00285	0.01397	0.00456	0.00399
35	0.01019	0.05051	0.67614	0.01469	0.02155	0.01181	0.11623	0.01556	0.01052	0.01545	0.00890	0.01067	0.00639	0.00459	0.00476	0.00155	0.00733	0.00388	0.00213	0.00715
36	0.00689	0.01897	0.00800	0.02441	0.02423	0.00543	0.05393	0.00868	0.02822	0.01406	0.11437	0.33470	0.29096	0.01224	0.00592	0.00178	0.00326	0.03501	0.00440	0.00452
37	0.00715	0.00476	0.00536	0.00536	0.00536	0.00476	0.00298	0.00715	0.00715	0.00953	0.01548	0.03216	0.01787	0.82729	0.02501	0.00476	0.00476	0.00715	0.00298	0.00298
38	0.00591	0.00495	0.00514	0.00516	0.00672	0.00418	0.00385	0.00721	0.01132	0.01374	0.10620	0.08540	0.69859	0.01241	0.00583	0.00167	0.00249	0.01044	0.00463	0.00418
39	0.00999	0.05778	0.77062	0.01378	0.02092	0.01174	0.01776	0.01553	0.01036	0.01540	0.00874	0.01028	0.00623	0.00465	0.00461	0.00154	0.00718	0.00359	0.00208	0.00722
40	0.00986	0.02542	0.80183	0.01401	0.02127	0.01141	0.01816	0.01556	0.01038	0.01556	0.00882	0.01038	0.00623	0.00467	0.00467	0.00156	0.00726	0.00363	0.00208	0.00726
41	0.00715	0.00476	0.00536	0.00536	0.00536	0.00476	0.00298	0.00715	0.00715	0.00953	0.01548	0.03216	0.01787	0.82729	0.02501	0.00476	0.00476	0.00715	0.00298	0.00298
42	0.00715	0.00476	0.00536	0.00536	0.00536	0.00476	0.00298	0.00715	0.00715	0.00953	0.01548	0.03216	0.01787	0.82729	0.02501	0.00476	0.00476	0.00715	0.00298	0.00298
43	0.01314	0.83025	0.02575	0.00841	0.01261	0.01945	0.00841	0.01472	0.00999	0.01156	0.00683	0.00788	0.00631	0.00420	0.00315	0.00105	0.00526	0.00263	0.00210	0.00631
44	0.01160	0.01326	0.02900	0.02071	0.02568	0.01243	0.77879	0.01574	0.01160	0.01574	0.00994	0.01326	0.00746	0.00414	0.00580	0.00166	0.00829	0.00580	0.00249	0.00663
45	0.01836	0.02342	0.01393	0.01266	0.01519	0.80756	0.00950	0.01962	0.01393	0.01203	0.00760	0.00886	0.00633	0.00506	0.00443	0.00127	0.00886	0.00317	0.00253	0.00570
46	0.01019	0.00873	0.01019	0.00728	0.01165	0.00655	0.00582	0.01237	0.01019	0.01601	0.00873	0.01019	0.00728	0.00364	0.00364	0.00073	0.00364	0.00291	0.00291	0.85734
47	0.00588	0.00498	0.00508	0.00505	0.00668	0.00418	0.00379	0.00719	0.01137	0.01367	0.09557	0.04664	0.74861	0.01230	0.00581	0.00165	0.00248	0.01028	0.00462	0.00418
48	0.01820	0.01330	0.01424	0.01097	0.01476	0.01471	0.00904	0.74173	0.02246	0.03034	0.01201	0.01213	0.00857	0.00589	0.00484	0.00146	0.00525	0.00443	0.04749	0.00817
49	0.01160	0.01326	0.02900	0.02071	0.02568	0.01243	0.77879	0.01574	0.01160	0.01574	0.00994	0.01326	0.00746	0.00414	0.00580	0.00166	0.00829	0.00580	0.00249	0.00663
50	0.00653	0.00471	0.00628	0.00726	0.00789	0.00446	0.00537	0.00786	0.01028	0.01360	0.07891	0.53833	0.07055	0.01443	0.00635	0.00202	0.00322	0.20315	0.00461	0.00418
51	0.86201	0.00950	0.00722	0.00646	0.00950	0.01102	0.00532	0.01445	0.00836	0.02205	0.00684	0.00798	0.00532	0.00456	0.00304	0.00152	0.00380	0.00266	0.00304	0.00532
52	0.00621	0.00481	0.00553	0.00570	0.00681	0.00427	0.00407	0.00752	0.01110	0.01429	0.21226	0.21885	0.39157	0.07558	0.00740	0.00195	0.00271	0.01059	0.00463	0.00413
53	0.00583	0.00498	0.00501	0.00501	0.00665	0.00416	0.00375	0.00710	0.01126	0.01342	0.06678	0.04705	0.77756	0.01239	0.00581	0.00166	0.00249	0.01034	0.00458	0.00416
54	0.01537	0.00681	0.00916	0.00771	0.01025	0.00600	0.00608	0.01722	0.01329	0.46203	0.22789	0.14056	0.03885	0.00862	0.00538	0.00160	0.00346	0.00742	0.00565	0.00665
55	0.00653	0.00466	0.00632	0.00746	0.00798	0.00446	0.00550	0.00777	0.00994	0.01315	0.02679	0.60975	0.03133	0.01489	0.00642	0.00207	0.00332	0.22299	0.00455	0.00414
56	0.01216	0.01168	0.01995	0.03016	0.79664	0.01168	0.01508	0.01508	0.01119	0.01605	0.00924	0.01216	0.00778	0.00438	0.00487	0.00146	0.00584	0.00438	0.00243	0.00778
57	0.11142	0.05259	0.01260	0.00945	0.01305	0.11323	0.00775	0.15798	0.01485	0.43602	0.01451	0.01343	0.00969	0.00566	0.00458	0.00146	0.00502	0.00426	0.00488	0.00759
58	0.01216	0.01168	0.01995	0.03016	0.79664	0.01168	0.01508	0.01508	0.01119	0.01605	0.00924	0.01216	0.00778	0.00438	0.00487	0.00146	0.00584	0.00438	0.00243	0.00778
59	0.00938	0.00884	0.01492	0.78854	0.06001	0.01094	0.01370	0.01264	0.00987	0.01268	0.00875	0.01307	0.00659	0.00489	0.00491	0.00163	0.00653	0.00437	0.00219	0.00554
60	0.02205	0.00836	0.01140	0.00874	0.01254	0.00722	0.00722	0.02395	0.01407	0.80004	0.01939	0.01673	0.01216	0.00608	0.00494	0.00152	0.00418	0.00494	0.00608	0.00836
61	0.00986	0.02542	0.80183	0.01401	0.02127	0.01141	0.01816	0.01556	0.01038	0.01556	0.00882	0.01038	0.00623	0.00467	0.00467	0.00156	0.00726	0.00363	0.00208	0.00726
62	0.01216	0.01168	0.01995	0.03016	0.79664	0.01168	0.01508	0.01508	0.01119	0.01605	0.00924	0.01216	0.00778	0.00438	0.00487	0.00146	0.00584	0.00438	0.00243	0.00778
63	0.00613	0.00486	0.00550	0.00562	0.00690	0.00424	0.00411	0.00757	0.01155	0.01474	0.23067	0.18545	0.47052	0.01238	0.00589	0.00169	0.00251	0.01065	0.00477	0.00424
64	0.01459	0.01173	0.01244	0.01048	0.01368	0.01333	0.00835	0.30200	0.50803	0.02437	0.01700	0.01594	0.01257	0.00639	0.00497	0.00160	0.00444	0.00514	0.00497	0.00799
65	0.01138	0.21456	0.56981	0.01236	0.01869	0.01305	0.01518	0.01588	0.01051	0.06287	0.00900	0.01018	0.00661	0.00465	0.00433	0.00143	0.00660	0.00347	0.00233	0.00710
66	0.00599	0.00428	0.00570	0.00684	0.00713	0.00399	0.00456	0.00684	0.00941	0.01254	0.02709	0.82409	0.03250	0.01540	0.00627	0.00200	0.00285	0.01397	0.00456	0.00399
67	0.13255	0.01048	0.01106	0.00949	0.01259	0.01169	0.00755	0.11679	0.47224	0.13619	0.01708	0.01586	0.01242	0.00619	0.00471	0.00160	0.00411	0.00492	0.00488	0.00759
68	0.86201	0.00950	0.00722	0.00646	0.00950	0.01102	0.00532	0.01445	0.00836	0.02205	0.00684	0.00798	0.00532	0.00456	0.00304	0.00152	0.00380	0.00266	0.00304	0.00532
69	0.01453	0.01297	0.01233	0.01065	0.01367	0.11582	0.00837	0.20165	0.50882	0.02189	0.01648	0.01558	0.01233	0.00628	0.00491	0.00157	0.00489	0.00498	0.00466	0.00764
70	0.01693	0.01075	0.01237	0.00982	0.01308	0.01145	0.00802	0.45454	0.01830	0.18821	0.05292	0.01530	0.01173	0.01014	0.10878	0.00231	0.00588	0.00487	0.03708	0.00752
71	0.01026	0.00974	0.01651	0.54834	0.29333	0.01118	0.01414	0.01342	0.01029	0.01375	0.00891	0.01278	0.00697	0.00473	0.00490	0.00158	0.00631	0.00437	0.00227	0.00625
72	0.01008	0.00962	0.01210	0.01570	0.28945	0.11088	0.00897	0.01217	0.01199	0.01590	0.25109	0.19035	0.02452	0.00851	0.00539	0.00157	0.00453	0.00761	0.00380	0.00576
73	0.01075	0.01075	0.01505	0.01290	0.01290	0.01505	0.01075	0.01183	0.00753	0.01183	0.00645	0.01075	0.00645	0.00860	0.01613	0.00215	0.81830	0.00430	0.00215	0.00538
74	0.00617	0.00463	0.00573	0.00622	0.00706	0.00418	0.00437	0.00747	0.01092	0.01442	0.21397	0.44441	0.22575	0.01340	0.00604	0.00181	0.00264	0.01187	0.00476	0.00418
75	0.01254	0.01251	0.01918	0.06805	0.69281	0.07846	0.01454	0.01534	0.01135	0.01554	0.00908	0.01193	0.00760	0.00446	0.00483	0.00145	0.00613	0.00428	0.00243	0.00749
76	0.01976	0.00856	0.02591	0.00894	0.01244	0.00745	0.00752	0.05980	0.01403	0.64509	0.01970	0.04607	0.01408	0.00707	0.00516	0.00161	0.00429	0.07894	0.00575	0.00783
77	0.00622	0.00458	0.00577	0.00634	0.00704	0.00419	0.00439	0.00744	0.01066	0.01420	0.20582	0.49289	0.15848	0.03979	0.00669	0.00193	0.00273	0.01201	0.00471	0.00413
78	0.02861	0.03295	0.36080	0.07679	0.05900	0.01204	0.11337	0.01521	0.01022	0.07404	0.00925	0.01150	0.00696	0.00545	0.00699	0.00167	0.16171	0.00419	0.00249	0.00673
79	0.36030	0.01171	0.05049	0.02209	0.01301	0.02782	0.00782	0.25950	0.01437	0.17268	0.01096	0.01108	0.00768	0.00530	0.00414	0.00150	0.00470	0.00374	0.00414	0.00697

[dist]
# distance from previous block
# <min> <max>
2	21

[block]
# block no. 3 follows, 51 sequences, length 121
# corresponding to MSA columns:
# 212-332
name=unknown_D
#
# <colnr> <probs for GDERKNQSTAVLIFYWHMCP>
#	G	D	E	R	K	N	Q	S	T	A	V	L	I	F	Y	W	H	M	C	P
0	0.01474	0.01335	0.01524	0.01186	0.01554	0.13238	0.13312	0.27863	0.08819	0.03386	0.06171	0.01361	0.01085	0.00545	0.00483	0.00137	0.00574	0.00460	0.00388	0.15104
1	0.04276	0.00450	0.00577	0.00683	0.00723	0.00429	0.00459	0.00717	0.00936	0.01295	0.02622	0.78903	0.03134	0.01493	0.00613	0.00198	0.00289	0.01348	0.00450	0.00405
2	0.01185	0.00987	0.01130	0.00974	0.01242	0.01092	0.04038	0.12351	0.47802	0.02135	0.16697	0.02170	0.04568	0.00729	0.00520	0.00162	0.00394	0.00621	0.00494	0.00709
3	0.52482	0.01121	0.01023	0.00840	0.01180	0.01271	0.00693	0.32064	0.01426	0.02562	0.00882	0.00951	0.00654	0.00510	0.00379	0.00150	0.00444	0.00337	0.00379	0.00654
4	0.00986	0.02542	0.80183	0.01401	0.02127	0.01141	0.01816	0.01556	0.01038	0.01556	0.00882	0.01038	0.00623	0.00467	0.00467	0.00156	0.00726	0.00363	0.00208	0.00726
5	0.01019	0.00873	0.01019	0.00728	0.01165	0.00655	0.00582	0.01237	0.01019	0.01601	0.00873	0.01019	0.00728	0.00364	0.00364	0.00073	0.00364	0.00291	0.00291	0.85734
6	0.01868	0.01376	0.01475	0.01131	0.01524	0.01524	0.00934	0.78025	0.02311	0.03097	0.01180	0.01180	0.00836	0.00590	0.00492	0.00147	0.00541	0.00442	0.00492	0.00836
7	0.00598	0.00432	0.00565	0.00672	0.00709	0.00400	0.00451	0.00686	0.00953	0.01259	0.02862	0.77171	0.08389	0.01520	0.00624	0.00197	0.00283	0.01373	0.00456	0.00400
8	0.01160	0.01326	0.02900	0.02071	0.02568	0.01243	0.77879	0.01574	0.01160	0.01574	0.00994	0.01326	0.00746	0.00414	0.00580	0.00166	0.00829	0.00580	0.00249	0.00663
9	0.01836	0.02342	0.01393	0.01266	0.01519	0.80756	0.00950	0.01962	0.01393	0.01203	0.00760	0.00886	0.00633	0.00506	0.00443	0.00127	0.00886	0.00317	0.00253	0.00570
10	0.86201	0.00950	0.00722	0.00646	0.00950	0.01102	0.00532	0.01445	0.00836	0.02205	0.00684	0.00798	0.00532	0.00456	0.00304	0.00152	0.00380	0.00266	0.00304	0.00532
11	0.00599	0.00428	0.00570	0.00684	0.00713	0.00399	0.00456	0.00684	0.00941	0.01254	0.02709	0.82409	0.03250	0.01540	0.00627	0.00200	0.00285	0.01397	0.00456	0.00399
12	0.01196	0.54104	0.30463	0.01042	0.01572	0.01656	0.01191	0.01502	0.01013	0.01300	0.00755	0.00878	0.00628	0.00437	0.00370	0.00123	0.00598	0.00299	0.00209	0.00665
13	0.00640	0.00460	0.00603	0.00704	0.00746	0.00442	0.00486	0.00770	0.03146	0.01279	0.02613	0.68787	0.03080	0.06115	0.00735	0.00217	0.00314	0.08006	0.00448	0.00409
14	0.02205	0.00836	0.01140	0.00874	0.01254	0.00722	0.00722	0.02395	0.01407	0.80004	0.01939	0.01673	0.01216	0.00608	0.00494	0.00152	0.00418	0.00494	0.00608	0.00836
15	0.00627	0.00457	0.00625	0.04174	0.00850	0.00441	0.00520	0.00733	0.00957	0.01270	0.02622	0.73328	0.03108	0.01481	0.00625	0.00200	0.00313	0.06814	0.00446	0.00409
16	0.01207	0.01195	0.02150	0.02854	0.66410	0.01181	0.14638	0.01520	0.01126	0.01600	0.00936	0.01235	0.00773	0.00434	0.00503	0.00149	0.00626	0.00462	0.00244	0.00759
17	0.01371	0.01083	0.01180	0.01058	0.03548	0.01222	0.00810	0.14533	0.58175	0.06503	0.01825	0.01703	0.01352	0.00642	0.00494	0.00161	0.00416	0.00528	0.02613	0.00782
18	0.00599	0.00428	0.00570	0.00684	0.00713	0.00399	0.00456	0.00684	0.00941	0.01254	0.02709	0.82409	0.03250	0.01540	0.00627	0.00200	0.00285	0.01397	0.00456	0.00399
19	0.01138	0.01088	0.01853	0.24388	0.58905	0.01147	0.01469	0.01439	0.01082	0.01510	0.00911	0.01242	0.00745	0.00452	0.00488	0.00151	0.00603	0.00438	0.00236	0.00715
20	0.00723	0.00520	0.00701	0.00737	0.00843	0.00497	0.00591	0.00938	0.01243	0.01702	0.41519	0.12423	0.03787	0.01197	0.00623	0.00187	0.00324	0.30492	0.00498	0.00453
21	0.00660	0.00501	0.00607	0.00581	0.00712	0.00448	0.00436	0.00858	0.01307	0.01770	0.56178	0.04001	0.27989	0.01080	0.00580	0.00158	0.00237	0.00935	0.00515	0.00448
22	0.01019	0.00873	0.01019	0.00728	0.01165	0.00655	0.00582	0.01237	0.01019	0.01601	0.00873	0.01019	0.00728	0.00364	0.00364	0.00073	0.00364	0.00291	0.00291	0.85734
23	0.01829	0.01247	0.01556	0.01177	0.01578	0.01308	0.09683	0.51332	0.03178	0.18474	0.01320	0.01304	0.00911	0.00571	0.00500	0.00149	0.00543	0.00468	0.00484	0.02389
24	0.01075	0.01075	0.01505	0.01290	0.01290	0.01505	0.01075	0.01183	0.00753	0.01183	0.00645	0.01075	0.00645	0.00860	0.01613	0.00215	0.81830	0.00430	0.00215	0.00538
25	0.02205	0.00836	0.01140	0.00874	0.01254	0.00722	0.00722	0.02395	0.01407	0.80004	0.01939	0.01673	0.01216	0.00608	0.00494	0.00152	0.00418	0.00494	0.00608	0.00836
26	0.01868	0.01376	0.01475	0.01131	0.01524	0.01524	0.00934	0.78025	0.02311	0.03097	0.01180	0.01180	0.00836	0.00590	0.00492	0.00147	0.00541	0.00442	0.00492	0.00836
27	0.00928	0.00873	0.01474	0.81548	0.03385	0.01092	0.01365	0.01256	0.00983	0.01256	0.00873	0.01310	0.00655	0.00491	0.00491	0.00164	0.00655	0.00437	0.00218	0.00546
28	0.00986	0.02542	0.80183	0.01401	0.02127	0.01141	0.01816	0.01556	0.01038	0.01556	0.00882	0.01038	0.00623	0.00467	0.00467	0.00156	0.00726	0.00363	0.00208	0.00726
29	0.00613	0.00499	0.00543	0.00532	0.00684	0.00429	0.00399	0.00768	0.01197	0.01510	0.26096	0.04429	0.58233	0.01177	0.00580	0.00163	0.00244	0.00995	0.00480	0.00429
30	0.00634	0.00457	0.00600	0.00654	0.00719	0.00424	0.00456	0.00775	0.01113	0.01522	0.31155	0.50864	0.06132	0.01333	0.00608	0.00182	0.00264	0.01198	0.00488	0.00424
31	0.00657	0.00509	0.00604	0.00602	0.00740	0.00455	0.00466	0.00841	0.01238	0.01623	0.36709	0.04379	0.37372	0.01156	0.00593	0.00169	0.00268	0.10686	0.00492	0.00441
32	0.00594	0.00498	0.00516	0.00511	0.00672	0.00420	0.00383	0.00730	0.01150	0.01399	0.13276	0.04611	0.71122	0.01218	0.00581	0.00165	0.00247	0.01021	0.00466	0.00420
33	0.00763	0.00547	0.00758	0.00869	0.00972	0.00541	0.00741	0.00969	0.01107	0.01440	0.02660	0.15441	0.04303	0.01379	0.00670	0.00222	0.00427	0.65293	0.00453	0.00445
34	0.75827	0.00960	0.00788	0.00685	0.00999	0.01090	0.00565	0.04811	0.00945	0.08495	0.00806	0.00885	0.00600	0.00474	0.00327	0.00152	0.00390	0.00292	0.00337	0.00570
35	0.01868	0.01376	0.01475	0.01131	0.01524	0.01524	0.00934	0.78025	0.02311	0.03097	0.01180	0.01180	0.00836	0.00590	0.00492	0.00147	0.00541	0.00442	0.00492	0.00836
36	0.00599	0.00428	0.00570	0.00684	0.00713	0.00399	0.00456	0.00684	0.00941	0.01254	0.02709	0.82409	0.03250	0.01540	0.00627	0.00200	0.00285	0.01397	0.00456	0.00399
37	0.01222	0.01056	0.01111	0.01000	0.01278	0.01222	0.00778	0.02611	0.78776	0.02056	0.02000	0.01833	0.01500	0.00667	0.00500	0.00167	0.00389	0.00556	0.00500	0.00778
38	0.01296	0.01092	0.01153	0.01015	0.01306	0.01257	0.00796	0.11237	0.70030	0.02175	0.01906	0.01759	0.01424	0.00658	0.00499	0.00164	0.00406	0.00543	0.00499	0.00784
39	0.00916	0.00458	0.00458	0.00458	0.00573	0.00458	0.00344	0.01145	0.01031	0.01832	0.01603	0.01832	0.01260	0.00573	0.00344	0.00115	0.00229	0.00458	0.85457	0.00458
40	0.01314	0.83025	0.02575	0.00841	0.01261	0.01945	0.00841	0.01472	0.00999	0.01156	0.00683	0.00788	0.00631	0.00420	0.00315	0.00105	0.00526	0.00263	0.00210	0.00631
41	0.01019	0.00873	0.01019	0.00728	0.01165	0.00655	0.00582	0.01237	0.01019	0.01601	0.00873	0.01019	0.00728	0.00364	0.00364	0.00073	0.00364	0.00291	0.00291	0.85734
42	0.11967	0.00895	0.00846	0.00778	0.00972	0.09899	0.00596	0.01484	0.18736	0.01909	0.40189	0.02606	0.05595	0.00809	0.00511	0.00154	0.00362	0.00673	0.00465	0.00554
43	0.01314	0.83025	0.02575	0.00841	0.01261	0.01945	0.00841	0.01472	0.00999	0.01156	0.00683	0.00788	0.00631	0.00420	0.00315	0.00105	0.00526	0.00263	0.00210	0.00631
44	0.00598	0.00499	0.00522	0.00516	0.00674	0.00422	0.00387	0.00739	0.01161	0.01424	0.16123	0.04571	0.68259	0.01209	0.00581	0.00164	0.00246	0.01015	0.00469	0.00422
45	0.01504	0.01706	0.01373	0.01212	0.01387	0.41419	0.00946	0.06432	0.07423	0.01371	0.00883	0.01139	0.00768	0.04167	0.00902	0.00174	0.25938	0.00396	0.00278	0.00581
46	0.00818	0.00851	0.11036	0.00834	0.01053	0.00642	0.04844	0.05250	0.02520	0.03585	0.15758	0.28094	0.18213	0.03428	0.00627	0.00181	0.00380	0.00949	0.00429	0.00509
47	0.01222	0.01056	0.01111	0.01000	0.01278	0.01222	0.00778	0.02611	0.78776	0.02056	0.02000	0.01833	0.01500	0.00667	0.00500	0.00167	0.00389	0.00556	0.00500	0.00778
48	0.00585	0.00498	0.00504	0.00503	0.00667	0.00417	0.00377	0.00714	0.01131	0.01353	0.07886	0.04688	0.76541	0.01235	0.00581	0.00165	0.00248	0.01031	0.00460	0.00417
49	0.01230	0.48230	0.22812	0.01163	0.01666	0.04835	0.11034	0.01527	0.01045	0.01316	0.00778	0.00927	0.00643	0.00435	0.00394	0.00127	0.00632	0.00332	0.00216	0.00657
50	0.04135	0.01642	0.27022	0.01115	0.01574	0.08738	0.01120	0.15666	0.08863	0.18573	0.01478	0.01458	0.05243	0.00585	0.00479	0.00152	0.00573	0.00454	0.00394	0.00736
51	0.00599	0.00428	0.00570	0.00684	0.00713	0.00399	0.00456	0.00684	0.00941	0.01254	0.02709	0.82409	0.03250	0.01540	0.00627	0.00200	0.00285	0.01397	0.00456	0.00399
52	0.01207	0.01158	0.01979	0.05457	0.77294	0.01165	0.01504	0.01500	0.01115	0.01595	0.00923	0.01219	0.00775	0.00440	0.00487	0.00147	0.00586	0.00438	0.00242	0.00771
53	0.01372	0.01168	0.01725	0.09182	0.23462	0.07484	0.14926	0.03476	0.12718	0.13754	0.02771	0.03519	0.01062	0.00547	0.00509	0.00155	0.00589	0.00513	0.00354	0.00714
54	0.01024	0.11860	0.71198	0.01336	0.02027	0.01234	0.01703	0.01546	0.01033	0.01510	0.00859	0.01009	0.00623	0.00462	0.00449	0.00150	0.00703	0.00352	0.00208	0.00715
55	0.59553	0.01239	0.00943	0.07304	0.01280	0.17188	0.00697	0.04036	0.01009	0.01955	0.00731	0.00870	0.00572	0.00474	0.00353	0.00148	0.00510	0.00296	0.00293	0.00551
56	0.00602	0.00499	0.00527	0.00520	0.00677	0.00424	0.00390	0.00746	0.01169	0.01444	0.18510	0.04537	0.65860	0.01201	0.00581	0.00164	0.00246	0.01010	0.00472	0.00424
57	0.00928	0.00873	0.01474	0.81548	0.03385	0.01092	0.01365	0.01256	0.00983	0.01256	0.00873	0.01310	0.00655	0.00491	0.00491	0.00164	0.00655	0.00437	0.00218	0.00546
58	0.00949	0.00489	0.00493	0.00481	0.00605	0.00494	0.00364	0.03772	0.01074	0.01875	0.01589	0.01810	0.01245	0.00573	0.00349	0.00116	0.00240	0.00458	0.82555	0.00471
59	0.01868	0.01376	0.01475	0.01131	0.01524	0.01524	0.00934	0.78025	0.02311	0.03097	0.01180	0.01180	0.00836	0.00590	0.00492	0.00147	0.00541	0.00442	0.00492	0.00836
60	0.00696	0.00502	0.00657	0.00618	0.00734	0.00464	0.00464	0.00927	0.01391	0.01971	0.79405	0.03671	0.04637	0.01005	0.00580	0.00155	0.00232	0.00889	0.00541	0.00464
61	0.00602	0.00491	0.00533	0.00539	0.00681	0.00421	0.00398	0.00740	0.01145	0.01427	0.17247	0.13436	0.58151	0.01238	0.00586	0.00168	0.00250	0.01053	0.00471	0.00421
62	0.01868	0.01376	0.01475	0.01131	0.01524	0.01524	0.00934	0.78025	0.02311	0.03097	0.01180	0.01180	0.00836	0.00590	0.00492	0.00147	0.00541	0.00442	0.00492	0.00836
63	0.00599	0.00428	0.00570	0.00684	0.00713	0.00399	0.00456	0.00684	0.00941	0.01254	0.02709	0.82409	0.03250	0.01540	0.00627	0.00200	0.00285	0.01397	0.00456	0.00399
64	0.01868	0.01376	0.01475	0.01131	0.01524	0.01524	0.00934	0.78025	0.02311	0.03097	0.01180	0.01180	0.00836	0.00590	0.00492	0.00147	0.00541	0.00442	0.00492	0.00836
65	0.02205	0.00836	0.01140	0.00874	0.01254	0.00722	0.00722	0.02395	0.01407	0.80004	0.01939	0.01673	0.01216	0.00608	0.00494	0.00152	0.00418	0.00494	0.00608	0.00836
66	0.00995	0.04852	0.77956	0.01385	0.02102	0.01164	0.01788	0.01554	0.01036	0.01545	0.00876	0.01030	0.00623	0.00466	0.00463	0.00154	0.00721	0.00360	0.00208	0.00724
67	0.00673	0.00570	0.00591	0.00573	0.00749	0.00523	0.00433	0.00970	0.11158	0.01476	0.10961	0.04265	0.63009	0.01150	0.00570	0.00165	0.00266	0.00962	0.00469	0.00466
68	0.00989	0.00955	0.01452	0.36905	0.02197	0.01272	0.01178	0.01198	0.00857	0.01213	0.00784	0.01227	0.00682	0.00853	0.05506	0.00224	0.41314	0.00438	0.00219	0.00536
69	0.00640	0.00500	0.00580	0.00560	0.00700	0.00440	0.00420	0.00820	0.01261	0.01661	0.43568	0.04181	0.40666	0.01120	0.00580	0.00160	0.00240	0.00960	0.00500	0.00440
70	0.01218	0.00565	0.00669	0.00618	0.00798	0.00537	0.00495	0.01437	0.01136	0.21052	0.01815	0.02271	0.01451	0.00683	0.00424	0.00138	0.00304	0.10255	0.53584	0.00551
71	0.01014	0.00961	0.01630	0.58085	0.26175	0.01114	0.01408	0.01331	0.01023	0.01360	0.00889	0.01282	0.00692	0.00475	0.00490	0.00158	0.00634	0.00437	0.00226	0.00615
72	0.00769	0.00607	0.00845	0.00808	0.00858	0.00730	0.00610	0.00887	0.00764	0.01099	0.01263	0.02121	0.01275	0.23874	0.46852	0.00610	0.14786	0.00559	0.00264	0.00419
73	0.00616	0.00440	0.00590	0.00704	0.00740	0.00414	0.00486	0.00714	0.00958	0.01274	0.02699	0.75482	0.03212	0.01523	0.00632	0.00202	0.00300	0.08152	0.00456	0.00404
74	0.01170	0.00908	0.00955	0.00867	0.01108	0.01028	0.00673	0.02255	0.58468	0.03683	0.01904	0.01830	0.01436	0.00643	0.00462	0.00154	0.00351	0.00531	0.20871	0.00702
75	0.01189	0.01270	0.05407	0.06155	0.03745	0.02775	0.37396	0.03293	0.29718	0.01753	0.01350	0.01486	0.01013	0.00519	0.00534	0.00164	0.00643	0.00543	0.00342	0.00705
76	0.01089	0.01784	0.32641	0.01779	0.02343	0.01215	0.45249	0.01550	0.01095	0.01550	0.00936	0.01204	0.00694	0.00454	0.00581	0.00164	0.04269	0.00490	0.00231	0.00682
77	0.01222	0.01056	0.01111	0.01000	0.01278	0.01222	0.00778	0.02611	0.78776	0.02056	0.02000	0.01833	0.01500	0.00667	0.00500	0.00167	0.00389	0.00556	0.00500	0.00778
78	0.26385	0.00990	0.01234	0.03528	0.02535	0.05882	0.12667	0.05679	0.01120	0.01787	0.05680	0.03584	0.01482	0.00767	0.00556	0.00176	0.04355	0.20691	0.00350	0.00549
79	0.86201	0.00950	0.00722	0.00646	0.00950	0.01102	0.00532	0.01445	0.00836	0.02205	0.00684	0.00798	0.00532	0.00456	0.00304	0.00152	0.00380	0.00266	0.00304	0.00532
80	0.01082	0.00873	0.00954	0.00871	0.01093	0.00953	0.00671	0.13289	0.36557	0.01961	0.07809	0.16494	0.12007	0.00920	0.00541	0.00170	0.00366	0.02256	0.00487	0.00645
81	0.00716	0.00520	0.00705	0.00700	0.00750	0.00581	0.00498	0.00819	0.00759	0.01066	0.01393	0.02428	0.01439	0.35519	0.47215	0.00649	0.02982	0.00600	0.00276	0.00384
82	0.62417	0.01028	0.00908	0.00763	0.01091	0.01158	0.00629	0.17075	0.01181	0.08550	0.00884	0.00945	0.00648	0.00495	0.00357	0.00151	0.00416	0.00320	0.00366	0.00618
83	0.02119	0.00817	0.01113	0.00860	0.01225	0.00708	0.00708	0.02312	0.01406	0.75568	0.06343	0.01786	0.01411	0.00631	0.00499	0.00152	0.00408	0.00517	0.00604	0.00815
84	0.00674	0.00501	0.00627	0.00596	0.00721	0.00455	0.00447	0.00886	0.01341	0.01851	0.65575	0.03868	0.18541	0.01049	0.00580	0.00157	0.00235	0.00916	0.00525	0.00455
85	0.00602	0.00430	0.00575	0.00689	0.00719	0.00402	0.00463	0.00691	0.00945	0.01259	0.02706	0.80921	0.03242	0.01536	0.00628	0.00200	0.00288	0.02848	0.00456	0.00400
86	0.01314	0.83025	0.02575	0.00841	0.01261	0.01945	0.00841	0.01472	0.00999	0.01156	0.00683	0.00788	0.00631	0.00420	0.00315	0.00105	0.00526	0.00263	0.00210	0.00631
87	0.04901	0.66753	0.12453	0.00903	0.01349	0.01767	0.00947	0.01464	0.00991	0.01252	0.00727	0.00854	0.00643	0.00522	0.02644	0.00133	0.00568	0.00283	0.00215	0.00633
88	0.02067	0.00921	0.01176	0.00917	0.01288	0.00866	0.00753	0.11234	0.09301	0.63191	0.01856	0.01631	0.01201	0.00612	0.00494	0.00153	0.00430	0.00494	0.00584	0.00830
89	0.01075	0.01075	0.01505	0.01290	0.01290	0.01505	0.01075	0.01183	0.00753	0.01183	0.00645	0.01075	0.00645	0.00860	0.01613	0.00215	0.81830	0.00430	0.00215	0.00538
90	0.00708	0.00503	0.00669	0.00669	0.00715	0.00549	0.00464	0.00800	0.00754	0.01051	0.01427	0.02542	0.01494	0.41279	0.43551	0.00641	0.00917	0.00616	0.00280	0.00372
91	0.01028	0.00977	0.01649	0.53205	0.28921	0.01128	0.01406	0.01339	0.01023	0.01371	0.00885	0.01273	0.00696	0.00483	0.00518	0.00159	0.02652	0.00437	0.00227	0.00624
92	0.01314	0.83025	0.02575	0.00841	0.01261	0.01945	0.00841	0.01472	0.00999	0.01156	0.00683	0.00788	0.00631	0.00420	0.00315	0.00105	0.00526	0.00263	0.00210	0.00631
93	0.01160	0.01326	0.02900	0.02071	0.02568	0.01243	0.77879	0.01574	0.01160	0.01574	0.00994	0.01326	0.00746	0.00414	0.00580	0.00166	0.00829	0.00580	0.00249	0.00663
94	0.00599	0.00428	0.00570	0.00684	0.00713	0.00399	0.00456	0.00684	0.00941	0.01254	0.02709	0.82409	0.03250	0.01540	0.00627	0.00200	0.00285	0.01397	0.00456	0.00399
95	0.00665	0.00471	0.00625	0.00724	0.00772	0.00454	0.00526	0.00778	0.00963	0.01273	0.02530	0.51608	0.02948	0.11961	0.00883	0.00242	0.00355	0.21387	0.00435	0.00400
96	0.01594	0.01259	0.02085	0.01527	0.01967	0.01254	0.36948	0.29157	0.01615	0.15653	0.01224	0.01333	0.00859	0.00511	0.00533	0.00157	0.00654	0.00516	0.00398	0.00755
97	0.01073	0.01113	0.01904	0.01505	0.01675	0.01348	0.26154	0.01286	0.00889	0.01307	0.00813	0.01226	0.00725	0.00941	0.07637	0.00245	0.48871	0.00487	0.00230	0.00571
98	0.00639	0.00500	0.00579	0.00559	0.00700	0.00440	0.00419	0.00818	0.01258	0.01654	0.42784	0.04192	0.41455	0.01123	0.00580	0.00160	0.00240	0.00962	0.00499	0.00440
99	0.01253	0.68070	0.16996	0.00945	0.01422	0.01795	0.01022	0.01487	0.01006	0.01231	0.00720	0.00835	0.00629	0.00429	0.00343	0.00114	0.00563	0.00281	0.00210	0.00648
100	0.01019	0.00873	0.01019	0.00728	0.01165	0.00655	0.00582	0.01237	0.01019	0.01601	0.00873	0.01019	0.00728	0.00364	0.00364	0.00073	0.00364	0.00291	0.00291	0.85734
101	0.00965	0.00816	0.00961	0.00722	0.01106	0.00622	0.00566	0.01166	0.01009	0.01557	0.01110	0.11515	0.01053	0.00516	0.00398	0.00089	0.00354	0.00434	0.00312	0.74729
102	0.01147	0.01013	0.01677	0.01218	0.01646	0.00871	0.27636	0.01423	0.01091	0.07870	0.01076	0.04676	0.00880	0.00461	0.00485	0.00120	0.02068	0.00459	0.00307	0.43876
103	0.02172	0.00844	0.01139	0.00879	0.01255	0.00739	0.00724	0.02402	0.03979	0.77413	0.01941	0.01678	0.01226	0.00610	0.00494	0.00153	0.00417	0.00496	0.00605	0.00834
104	0.22157	0.00992	0.01065	0.00870	0.01211	0.04373	0.00707	0.06377	0.13223	0.41708	0.01555	0.01427	0.01050	0.00575	0.00447	0.00153	0.00431	0.00438	0.00497	0.00743
105	0.01332	0.01489	0.01865	0.07945	0.29386	0.25181	0.16871	0.01594	0.01209	0.01454	0.03630	0.01344	0.03463	0.00503	0.00499	0.00146	0.00708	0.00465	0.00262	0.00652
106	0.01241	0.01132	0.01556	0.01259	0.01594	0.01233	0.19268	0.07416	0.53572	0.02009	0.03144	0.01702	0.01333	0.00607	0.00520	0.00165	0.00502	0.00560	0.00440	0.00748
107	0.01160	0.01326	0.02900	0.02071	0.02568	0.01243	0.77879	0.01574	0.01160	0.01574	0.00994	0.01326	0.00746	0.00414	0.00580	0.00166	0.00829	0.00580	0.00249	0.00663
108	0.01034	0.08664	0.54541	0.01328	0.01851	0.01296	0.01555	0.01457	0.00964	0.01432	0.00808	0.01027	0.00629	0.00560	0.00737	0.00166	0.20699	0.00372	0.00210	0.00672
109	0.01430	0.01623	0.01057	0.00979	0.01151	0.49862	0.00710	0.01540	0.01174	0.01223	0.01066	0.01584	0.01000	0.20279	0.02219	0.00220	0.00710	0.00434	0.11252	0.00488
110	0.01868	0.01376	0.01475	0.01131	0.01524	0.01524	0.00934	0.78025	0.02311	0.03097	0.01180	0.01180	0.00836	0.00590	0.00492	0.00147	0.00541	0.00442	0.00492	0.00836
