[name]
unknown

[dist]
# distance from previous block
# <min> <max>
0	99

[block]
# block no. 0 follows, 53 sequences, length 23
# corresponding to MSA columns:
# 107-129
name=unknown_A
#
# <colnr> <probs for GDERKNQSTAVLIFYWHMCP>
#	G	D	E	R	K	N	Q	S	T	A	V	L	I	F	Y	W	H	M	C	P
0	0.00770	0.00550	0.00770	0.00880	0.00990	0.00550	0.00770	0.00990	0.01100	0.01430	0.02531	0.05391	0.02751	0.01320	0.00660	0.00220	0.00440	0.77004	0.00440	0.00440
1	0.01141	0.00971	0.03947	0.00982	0.01212	0.04813	0.00843	0.19002	0.15668	0.01885	0.01961	0.03386	0.01891	0.00956	0.00568	0.00185	0.00479	0.39074	0.00439	0.00598
2	0.00633	0.00451	0.00606	0.00713	0.00760	0.00431	0.00518	0.00747	0.00953	0.01261	0.02567	0.60882	0.03008	0.04459	0.00689	0.00210	0.00324	0.19953	0.00437	0.00397
3	0.00637	0.00494	0.00585	0.00604	0.00717	0.00455	0.00441	0.00840	0.04976	0.01486	0.25202	0.26787	0.30663	0.01203	0.00576	0.00169	0.00259	0.03005	0.00469	0.00431
4	0.01104	0.01202	0.02336	0.01813	0.05929	0.01288	0.49486	0.01404	0.00997	0.01409	0.00853	0.01205	0.00695	0.00545	0.00886	0.00176	0.27321	0.00510	0.00231	0.00611
5	0.00991	0.00850	0.00991	0.00708	0.01133	0.00637	0.00566	0.01203	0.00991	0.01557	0.00850	0.00991	0.00708	0.00354	0.00354	0.00071	0.00354	0.00283	0.00283	0.86124
6	0.01447	0.01155	0.01226	0.01025	0.01341	0.01309	0.00819	0.33754	0.47724	0.02415	0.01618	0.01522	0.01194	0.00618	0.00483	0.00154	0.00439	0.00495	0.00483	0.00780
7	0.36112	0.00889	0.00877	0.00688	0.01053	0.00842	0.00556	0.01351	0.04717	0.01820	0.00827	0.00941	0.00666	0.00405	0.00337	0.00107	0.00362	0.00286	0.00298	0.46867
8	0.01252	0.33410	0.27969	0.01199	0.01713	0.01380	0.14049	0.01582	0.01057	0.10828	0.00924	0.01036	0.00698	0.00445	0.00419	0.00134	0.00612	0.00366	0.00256	0.00673
9	0.00908	0.00975	0.05670	0.01408	0.01711	0.00861	0.38969	0.01201	0.01063	0.01431	0.01705	0.22627	0.01752	0.00871	0.00590	0.00181	0.00592	0.16614	0.00332	0.00541
10	0.01197	0.00953	0.01300	0.44760	0.02335	0.01114	0.01057	0.26276	0.01380	0.01877	0.01042	0.01302	0.00774	0.00520	0.00458	0.00148	0.00545	0.00429	0.11922	0.00611
11	0.01176	0.00600	0.00792	0.00681	0.00885	0.00535	0.00533	0.01382	0.01344	0.28975	0.48931	0.02957	0.07521	0.00857	0.00535	0.00150	0.00289	0.00740	0.00544	0.00573
12	0.01383	0.01166	0.01590	0.01740	0.28587	0.01242	0.06140	0.29214	0.15872	0.02128	0.01214	0.01382	0.00951	0.04530	0.00578	0.00163	0.00529	0.00471	0.00372	0.00747
13	0.00565	0.00484	0.00484	0.00484	0.00646	0.00403	0.00363	0.00686	0.01089	0.01291	0.04842	0.04600	0.80027	0.01210	0.00565	0.00161	0.00242	0.01009	0.00444	0.00403
14	0.00979	0.00927	0.01571	0.60542	0.24208	0.01082	0.01365	0.01288	0.00992	0.01314	0.00863	0.01249	0.00670	0.00464	0.00477	0.00155	0.00618	0.00425	0.00219	0.00592
15	0.00991	0.04577	0.67630	0.01438	0.02105	0.01146	0.12477	0.01514	0.01025	0.01505	0.00868	0.01042	0.00622	0.00446	0.00465	0.00151	0.00715	0.00380	0.00207	0.00695
16	0.00959	0.02472	0.80726	0.01362	0.02069	0.01110	0.01766	0.01514	0.01009	0.01514	0.00858	0.01009	0.00605	0.00454	0.00454	0.00151	0.00706	0.00353	0.00202	0.00706
17	0.00582	0.00416	0.00555	0.00666	0.00693	0.00388	0.00444	0.00666	0.00915	0.01220	0.02634	0.82891	0.03161	0.01497	0.00610	0.00194	0.00277	0.01359	0.00444	0.00388
18	0.00903	0.00850	0.01434	0.82054	0.03292	0.01062	0.01327	0.01221	0.00956	0.01221	0.00850	0.01274	0.00637	0.00478	0.00478	0.00159	0.00637	0.00425	0.00212	0.00531
19	0.00959	0.02472	0.80726	0.01362	0.02069	0.01110	0.01766	0.01514	0.01009	0.01514	0.00858	0.01009	0.00605	0.00454	0.00454	0.00151	0.00706	0.00353	0.00202	0.00706
20	0.00991	0.00850	0.00991	0.00708	0.01133	0.00637	0.00566	0.01203	0.00991	0.01557	0.00850	0.00991	0.00708	0.00354	0.00354	0.00071	0.00354	0.00283	0.00283	0.86124
21	0.01325	0.13230	0.48257	0.01148	0.01721	0.01107	0.01346	0.01724	0.01101	0.22950	0.01110	0.01144	0.00764	0.00485	0.00441	0.00144	0.00598	0.00374	0.00308	0.00723
22	0.01634	0.25595	0.03864	0.01090	0.01410	0.47283	0.00905	0.06820	0.01294	0.04870	0.00799	0.00892	0.00653	0.00477	0.00401	0.00120	0.00714	0.00310	0.00264	0.00604

[dist]
# distance from previous block
# <min> <max>
0	1

[block]
# block no. 1 follows, 53 sequences, length 83
# corresponding to MSA columns:
# 131-213
name=unknown_B
#
# <colnr> <probs for GDERKNQSTAVLIFYWHMCP>
#	G	D	E	R	K	N	Q	S	T	A	V	L	I	F	Y	W	H	M	C	P
0	0.01718	0.05810	0.24543	0.01023	0.01495	0.00963	0.01041	0.09545	0.01328	0.45486	0.01446	0.01352	0.00947	0.00540	0.00463	0.00146	0.00512	0.00426	0.00445	0.00771
1	0.01260	0.60159	0.17157	0.00929	0.01386	0.01649	0.00988	0.01543	0.04379	0.05519	0.00822	0.00903	0.00679	0.00438	0.00352	0.00117	0.00537	0.00298	0.00237	0.00648
2	0.00578	0.00485	0.00502	0.00498	0.00653	0.00409	0.00373	0.00711	0.01120	0.01363	0.13467	0.04482	0.71357	0.01184	0.00565	0.00160	0.00240	0.00992	0.00453	0.00409
3	0.01067	0.16693	0.59081	0.01205	0.01815	0.01198	0.01483	0.01517	0.01037	0.05724	0.04289	0.01110	0.00806	0.00476	0.00434	0.00142	0.00635	0.00365	0.00237	0.00685
4	0.01005	0.00923	0.01505	0.65352	0.13990	0.01101	0.01318	0.06583	0.01063	0.01392	0.00877	0.01253	0.00666	0.00477	0.00477	0.00156	0.00620	0.00425	0.00234	0.00582
5	0.01278	0.83490	0.02505	0.00818	0.01227	0.01891	0.00818	0.01431	0.00971	0.01125	0.00664	0.00767	0.00613	0.00409	0.00307	0.00102	0.00511	0.00256	0.00204	0.00613
6	0.00571	0.00481	0.00494	0.00498	0.00651	0.00405	0.00371	0.00694	0.01093	0.01315	0.08019	0.08155	0.73197	0.01213	0.00567	0.00162	0.00243	0.01019	0.00447	0.00405
7	0.26022	0.01010	0.01427	0.01904	0.43768	0.01036	0.01055	0.01556	0.01056	0.13007	0.03194	0.01196	0.00854	0.00470	0.00425	0.00145	0.00478	0.00398	0.00312	0.00687
8	0.00757	0.00509	0.00651	0.00733	0.04387	0.00458	0.00492	0.00871	0.01020	0.08998	0.03151	0.47477	0.26153	0.01273	0.00577	0.00177	0.00293	0.01124	0.00449	0.00451
9	0.00567	0.00484	0.00487	0.00487	0.00647	0.00405	0.00365	0.00691	0.01095	0.01305	0.06447	0.04578	0.78414	0.01205	0.00565	0.00161	0.00242	0.01006	0.00446	0.00405
10	0.00903	0.00850	0.01434	0.82054	0.03292	0.01062	0.01327	0.01221	0.00956	0.01221	0.00850	0.01274	0.00637	0.00478	0.00478	0.00159	0.00637	0.00425	0.00212	0.00531
11	0.00959	0.02472	0.80726	0.01362	0.02069	0.01110	0.01766	0.01514	0.01009	0.01514	0.00858	0.01009	0.00605	0.00454	0.00454	0.00151	0.00706	0.00353	0.00202	0.00706
12	0.00830	0.00415	0.00623	0.00623	0.00623	0.00415	0.00415	0.00623	0.00623	0.00830	0.00830	0.01453	0.00830	0.01660	0.01868	0.86094	0.00415	0.00415	0.00208	0.00208
13	0.00582	0.00416	0.00555	0.00666	0.00693	0.00388	0.00444	0.00666	0.00915	0.01220	0.02634	0.82891	0.03161	0.01497	0.00610	0.00194	0.00277	0.01359	0.00444	0.00388
14	0.08841	0.33511	0.26253	0.01030	0.01515	0.01490	0.01103	0.18062	0.01243	0.01741	0.00828	0.00924	0.00645	0.00461	0.00388	0.00130	0.00562	0.00324	0.00271	0.00677
15	0.01217	0.01086	0.01478	0.05337	0.34244	0.01181	0.01088	0.07272	0.38029	0.01853	0.01407	0.01467	0.01086	0.00543	0.00480	0.00152	0.00479	0.00480	0.00370	0.00751
16	0.01128	0.01289	0.02820	0.02015	0.02498	0.01209	0.78485	0.01531	0.01128	0.01531	0.00967	0.01289	0.00725	0.00403	0.00564	0.00161	0.00806	0.00564	0.00242	0.00645
17	0.00991	0.00850	0.00991	0.00708	0.01133	0.00637	0.00566	0.01203	0.00991	0.01557	0.00850	0.00991	0.00708	0.00354	0.00354	0.00071	0.00354	0.00283	0.00283	0.86124
18	0.01046	0.01046	0.01464	0.01255	0.01255	0.01464	0.01046	0.01150	0.00732	0.01150	0.00627	0.01046	0.00627	0.00837	0.01569	0.00209	0.82328	0.00418	0.00209	0.00523
19	0.00582	0.00416	0.00555	0.00666	0.00693	0.00388	0.00444	0.00666	0.00915	0.01220	0.02634	0.82891	0.03161	0.01497	0.00610	0.00194	0.00277	0.01359	0.00444	0.00388
20	0.00991	0.00850	0.00991	0.00708	0.01133	0.00637	0.00566	0.01203	0.00991	0.01557	0.00850	0.00991	0.00708	0.00354	0.00354	0.00071	0.00354	0.00283	0.00283	0.86124
21	0.01181	0.01142	0.01978	0.02894	0.76829	0.01139	0.04828	0.01470	0.01090	0.01560	0.00902	0.01188	0.00756	0.00425	0.00477	0.00143	0.00578	0.00432	0.00237	0.00752
22	0.02924	0.81896	0.02470	0.00814	0.01221	0.01875	0.00812	0.01431	0.00968	0.01144	0.00665	0.00767	0.00612	0.00410	0.00306	0.00103	0.00508	0.00256	0.00206	0.00612
23	0.00770	0.00550	0.00770	0.00880	0.00990	0.00550	0.00770	0.00990	0.01100	0.01430	0.02531	0.05391	0.02751	0.01320	0.00660	0.00220	0.00440	0.77004	0.00440	0.00440
24	0.01278	0.83490	0.02505	0.00818	0.01227	0.01891	0.00818	0.01431	0.00971	0.01125	0.00664	0.00767	0.00613	0.00409	0.00307	0.00102	0.00511	0.00256	0.00204	0.00613
25	0.01278	0.83490	0.02505	0.00818	0.01227	0.01891	0.00818	0.01431	0.00971	0.01125	0.00664	0.00767	0.00613	0.00409	0.00307	0.00102	0.00511	0.00256	0.00204	0.00613
26	0.18545	0.00767	0.00974	0.00855	0.01112	0.00764	0.04852	0.01593	0.05872	0.25691	0.10729	0.02669	0.01839	0.00793	0.00505	0.00169	0.00407	0.20804	0.00459	0.00600
27	0.00903	0.00850	0.01434	0.82054	0.03292	0.01062	0.01327	0.01221	0.00956	0.01221	0.00850	0.01274	0.00637	0.00478	0.00478	0.00159	0.00637	0.00425	0.00212	0.00531
28	0.00582	0.00418	0.00552	0.00660	0.00692	0.00389	0.00441	0.00666	0.00920	0.01222	0.02701	0.80538	0.05471	0.01489	0.00609	0.00193	0.00276	0.01348	0.00444	0.00389
29	0.01207	0.00921	0.01233	0.35087	0.02102	0.01065	0.00989	0.01954	0.35059	0.13047	0.01475	0.01546	0.01073	0.00568	0.00482	0.00159	0.00491	0.00483	0.00386	0.00670
30	0.01257	0.01170	0.01112	0.01002	0.01270	0.10384	0.00776	0.02467	0.70402	0.01904	0.01807	0.01677	0.01362	0.00631	0.00480	0.00158	0.00434	0.00514	0.00459	0.00733
31	0.00695	0.00463	0.00521	0.00521	0.00521	0.00463	0.00290	0.00695	0.00695	0.00927	0.01506	0.03128	0.01738	0.83203	0.02433	0.00463	0.00463	0.00695	0.00290	0.00290
32	0.00588	0.00418	0.00553	0.00659	0.00685	0.00392	0.00437	0.00667	0.00905	0.01207	0.02582	0.79223	0.03096	0.05255	0.00694	0.00206	0.00286	0.01328	0.00437	0.00384
33	0.00903	0.00850	0.01434	0.82054	0.03292	0.01062	0.01327	0.01221	0.00956	0.01221	0.00850	0.01274	0.00637	0.00478	0.00478	0.00159	0.00637	0.00425	0.00212	0.00531
34	0.86579	0.00924	0.00702	0.00629	0.00924	0.01072	0.00518	0.01405	0.00813	0.02144	0.00666	0.00776	0.00518	0.00444	0.00296	0.00148	0.00370	0.00259	0.00296	0.00518
35	0.00877	0.00450	0.00468	0.00468	0.00577	0.00456	0.00352	0.01096	0.00986	0.01736	0.01540	0.01789	0.01223	0.00765	0.05907	0.00157	0.00296	0.00450	0.79965	0.00444
36	0.01183	0.01136	0.01940	0.02934	0.80221	0.01136	0.01467	0.01467	0.01088	0.01562	0.00899	0.01183	0.00757	0.00426	0.00473	0.00142	0.00568	0.00426	0.00237	0.00757
37	0.00695	0.00463	0.00521	0.00521	0.00521	0.00463	0.00290	0.00695	0.00695	0.00927	0.01506	0.03128	0.01738	0.83203	0.02433	0.00463	0.00463	0.00695	0.00290	0.00290
38	0.01731	0.01280	0.01369	0.01057	0.01425	0.01408	0.00871	0.73263	0.02168	0.02894	0.01402	0.01385	0.06265	0.00618	0.00484	0.00145	0.00506	0.00470	0.00476	0.00785
39	0.00596	0.00428	0.00570	0.00678	0.00715	0.00401	0.00467	0.00691	0.00933	0.01238	0.02671	0.75364	0.04674	0.01478	0.00613	0.00195	0.00289	0.07162	0.00443	0.00393
40	0.00959	0.02472	0.80726	0.01362	0.02069	0.01110	0.01766	0.01514	0.01009	0.01514	0.00858	0.01009	0.00605	0.00454	0.00454	0.00151	0.00706	0.00353	0.00202	0.00706
41	0.01110	0.01061	0.01808	0.23502	0.60223	0.01116	0.01431	0.01403	0.01054	0.01473	0.00886	0.01207	0.00726	0.00439	0.00474	0.00146	0.00586	0.00426	0.00230	0.00698
42	0.00676	0.00489	0.00639	0.00601	0.00714	0.00451	0.00451	0.00902	0.01353	0.01917	0.79969	0.03570	0.04510	0.00977	0.00564	0.00150	0.00225	0.00864	0.00526	0.00451
43	0.01183	0.01136	0.01940	0.02934	0.80221	0.01136	0.01467	0.01467	0.01088	0.01562	0.00899	0.01183	0.00757	0.00426	0.00473	0.00142	0.00568	0.00426	0.00237	0.00757
44	0.01147	0.01173	0.02224	0.07315	0.47895	0.01157	0.28954	0.01475	0.01095	0.01530	0.00920	0.01226	0.00739	0.00421	0.00506	0.00150	0.00657	0.00475	0.00237	0.00703
45	0.01183	0.01136	0.01940	0.02934	0.80221	0.01136	0.01467	0.01467	0.01088	0.01562	0.00899	0.01183	0.00757	0.00426	0.00473	0.00142	0.00568	0.00426	0.00237	0.00757
46	0.00582	0.00416	0.00555	0.00666	0.00693	0.00388	0.00444	0.00666	0.00915	0.01220	0.02634	0.82891	0.03161	0.01497	0.00610	0.00194	0.00277	0.01359	0.00444	0.00388
47	0.01278	0.83490	0.02505	0.00818	0.01227	0.01891	0.00818	0.01431	0.00971	0.01125	0.00664	0.00767	0.00613	0.00409	0.00307	0.00102	0.00511	0.00256	0.00204	0.00613
48	0.00770	0.00550	0.00770	0.00880	0.00990	0.00550	0.00770	0.00990	0.01100	0.01430	0.02531	0.05391	0.02751	0.01320	0.00660	0.00220	0.00440	0.77004	0.00440	0.00440
49	0.00683	0.00512	0.00768	0.00768	0.00853	0.00597	0.00597	0.00853	0.00768	0.01110	0.01280	0.01878	0.01195	0.03585	0.81308	0.00768	0.01280	0.00512	0.00256	0.00427
50	0.00683	0.00512	0.00768	0.00768	0.00853	0.00597	0.00597	0.00853	0.00768	0.01110	0.01280	0.01878	0.01195	0.03585	0.81308	0.00768	0.01280	0.00512	0.00256	0.00427
51	0.01232	0.01048	0.01105	0.00981	0.01259	0.01209	0.00767	0.07776	0.74050	0.02069	0.01890	0.01740	0.01415	0.00643	0.00486	0.00161	0.00388	0.00533	0.00486	0.00760
52	0.00770	0.00550	0.00770	0.00880	0.00990	0.00550	0.00770	0.00990	0.01100	0.01430	0.02531	0.05391	0.02751	0.01320	0.00660	0.00220	0.00440	0.77004	0.00440	0.00440
53	0.00903	0.00850	0.01434	0.82054	0.03292	0.01062	0.01327	0.01221	0.00956	0.01221	0.00850	0.01274	0.00637	0.00478	0.00478	0.00159	0.00637	0.00425	0.00212	0.00531
54	0.01744	0.02192	0.01336	0.01214	0.01461	0.75771	0.00912	0.01952	0.06723	0.01227	0.00822	0.00925	0.00674	0.00503	0.00435	0.00126	0.00829	0.00324	0.00263	0.00568
55	0.02144	0.00813	0.01109	0.00850	0.01220	0.00702	0.00702	0.02329	0.01368	0.80552	0.01886	0.01627	0.01183	0.00592	0.00481	0.00148	0.00407	0.00481	0.00592	0.00813
56	0.00649	0.00487	0.00601	0.00573	0.00697	0.00439	0.00430	0.00849	0.01289	0.01764	0.61656	0.03821	0.22918	0.01034	0.00564	0.00153	0.00230	0.00900	0.00506	0.00439
57	0.00991	0.00850	0.00991	0.00708	0.01133	0.00637	0.00566	0.01203	0.00991	0.01557	0.00850	0.00991	0.00708	0.00354	0.00354	0.00071	0.00354	0.00283	0.00283	0.86124
58	0.00959	0.02472	0.80726	0.01362	0.02069	0.01110	0.01766	0.01514	0.01009	0.01514	0.00858	0.01009	0.00605	0.00454	0.00454	0.00151	0.00706	0.00353	0.00202	0.00706
59	0.00692	0.00463	0.00526	0.00527	0.00531	0.00461	0.00298	0.00701	0.00721	0.00964	0.04052	0.04720	0.01855	0.78942	0.02337	0.00448	0.00452	0.00714	0.00300	0.00297
60	0.00695	0.00463	0.00521	0.00521	0.00521	0.00463	0.00290	0.00695	0.00695	0.00927	0.01506	0.03128	0.01738	0.83203	0.02433	0.00463	0.00463	0.00695	0.00290	0.00290
61	0.01627	0.01167	0.01222	0.00999	0.01320	0.05960	0.00799	0.33491	0.26178	0.16040	0.01518	0.01499	0.01108	0.04157	0.00563	0.00163	0.00476	0.00478	0.00479	0.00757
62	0.01503	0.21852	0.17007	0.01157	0.01532	0.46653	0.01061	0.01717	0.01195	0.01226	0.00744	0.00868	0.00613	0.00465	0.00406	0.00124	0.00747	0.00304	0.00228	0.00598
63	0.00903	0.00850	0.01434	0.82054	0.03292	0.01062	0.01327	0.01221	0.00956	0.01221	0.00850	0.01274	0.00637	0.00478	0.00478	0.00159	0.00637	0.00425	0.00212	0.00531
64	0.01300	0.79989	0.02455	0.00836	0.01238	0.05314	0.00822	0.01452	0.00988	0.01126	0.00668	0.00771	0.00613	0.00413	0.00312	0.00103	0.00526	0.00258	0.00206	0.00611
65	0.00599	0.00486	0.00531	0.00520	0.00666	0.00418	0.00390	0.00752	0.01169	0.01481	0.27650	0.04287	0.57100	0.01140	0.00565	0.00158	0.00237	0.00965	0.00469	0.00418
66	0.01693	0.10173	0.04882	0.01108	0.01440	0.35478	0.02210	0.19739	0.05052	0.10776	0.01036	0.01077	0.00776	0.00519	0.00439	0.00132	0.00655	0.00370	0.01778	0.00666
67	0.00941	0.00911	0.01430	0.78570	0.03214	0.04520	0.01310	0.01251	0.00973	0.01219	0.00845	0.01257	0.00636	0.00478	0.00476	0.00158	0.00647	0.00420	0.00214	0.00532
68	0.01150	0.01517	0.33672	0.04509	0.01627	0.00873	0.01115	0.02823	0.01072	0.12647	0.01004	0.01103	0.00732	0.00437	0.00420	0.00120	0.00521	0.00348	0.00294	0.34017
69	0.00968	0.04860	0.78421	0.01346	0.02044	0.01133	0.01738	0.01511	0.01008	0.01502	0.00852	0.01002	0.00606	0.00453	0.00450	0.00150	0.00701	0.00350	0.00202	0.00704
70	0.00631	0.00451	0.00611	0.00721	0.00770	0.00430	0.00529	0.00750	0.00963	0.01275	0.02607	0.62744	0.03055	0.01451	0.00623	0.00201	0.00320	0.21023	0.00443	0.00402
71	0.07809	0.05163	0.01326	0.01114	0.06025	0.24210	0.00843	0.16284	0.01454	0.29319	0.01216	0.01191	0.00852	0.00531	0.00444	0.00137	0.00572	0.00392	0.00411	0.00705
72	0.00765	0.01398	0.37439	0.00940	0.01334	0.00739	0.01051	0.01090	0.01036	0.01398	0.02590	0.10921	0.29186	0.00901	0.00527	0.00165	0.00476	0.07166	0.00332	0.00544
73	0.00648	0.00487	0.00599	0.00571	0.00697	0.00439	0.00428	0.00847	0.01285	0.01756	0.60712	0.03834	0.23867	0.01037	0.00564	0.00153	0.00230	0.00901	0.00505	0.00439
74	0.00617	0.00439	0.00587	0.00693	0.00732	0.00417	0.00488	0.00718	0.00934	0.01240	0.02569	0.67277	0.03035	0.05035	0.00697	0.00210	0.00311	0.13173	0.00436	0.00392
75	0.01384	0.53208	0.07564	0.01055	0.04797	0.22443	0.00939	0.01563	0.01079	0.01182	0.00707	0.00826	0.00620	0.00435	0.00356	0.00113	0.00618	0.00283	0.00217	0.00611
76	0.00735	0.00607	0.00736	0.00718	0.00828	0.05337	0.00550	0.00915	0.01012	0.01376	0.25483	0.02595	0.09816	0.02379	0.44145	0.00483	0.00834	0.00655	0.00356	0.00439
77	0.00967	0.00548	0.00685	0.00623	0.00795	0.00488	0.00477	0.01148	0.01238	0.18365	0.35062	0.09992	0.20746	0.00968	0.00537	0.00154	0.00272	0.00833	0.05593	0.00511
78	0.01053	0.09039	0.01682	0.01272	0.01376	0.01415	0.10437	0.01204	0.00806	0.01191	0.00717	0.01106	0.00677	0.00931	0.06812	0.00231	0.58869	0.00427	0.00216	0.00540
79	0.04544	0.00505	0.00564	0.00596	0.00722	0.00499	0.00483	0.01024	0.01038	0.01614	0.02313	0.03290	0.13384	0.00889	0.00469	0.00155	0.00300	0.24552	0.42618	0.00441
80	0.01000	0.00858	0.00995	0.00720	0.01138	0.00663	0.00575	0.01265	0.04595	0.01578	0.00900	0.01028	0.00742	0.00368	0.00360	0.00075	0.00355	0.00295	0.00293	0.82199
81	0.01044	0.00892	0.00987	0.00816	0.01135	0.00874	0.00639	0.01790	0.37932	0.01779	0.06985	0.01699	0.04785	0.00573	0.00440	0.00123	0.00352	0.00476	0.00403	0.36277
82	0.00581	0.00421	0.00550	0.00653	0.00690	0.00389	0.00438	0.00667	0.00927	0.01225	0.02786	0.77502	0.08451	0.01478	0.00607	0.00192	0.00275	0.01335	0.00444	0.00389

[dist]
# distance from previous block
# <min> <max>
0	1

[block]
# block no. 2 follows, 53 sequences, length 200
# corresponding to MSA columns:
# 215-414
name=unknown_C
#
# <colnr> <probs for GDERKNQSTAVLIFYWHMCP>
#	G	D	E	R	K	N	Q	S	T	A	V	L	I	F	Y	W	H	M	C	P
0	0.81097	0.00931	0.00727	0.00651	0.00945	0.01080	0.00533	0.01478	0.05856	0.02135	0.00748	0.00841	0.00578	0.00457	0.00308	0.00149	0.00370	0.00277	0.00308	0.00533
1	0.00577	0.00435	0.00535	0.00614	0.00680	0.00393	0.00421	0.00671	0.00964	0.01240	0.03260	0.60716	0.24932	0.01416	0.00597	0.00185	0.00267	0.01260	0.00444	0.00393
2	0.01189	0.01027	0.01081	0.00973	0.01243	0.01189	0.00757	0.02540	0.79357	0.01999	0.01945	0.01783	0.01459	0.00648	0.00486	0.00162	0.00378	0.00540	0.00486	0.00757
3	0.01053	0.00888	0.01023	0.00744	0.01160	0.00715	0.00596	0.06231	0.04414	0.01670	0.00915	0.01035	0.00747	0.00381	0.00368	0.00079	0.00366	0.00304	0.00304	0.77007
4	0.01781	0.02118	0.01371	0.01262	0.03972	0.69729	0.00932	0.07925	0.01416	0.04035	0.00815	0.00921	0.00655	0.00500	0.00438	0.00126	0.00811	0.00327	0.00276	0.00590
5	0.86579	0.00924	0.00702	0.00629	0.00924	0.01072	0.00518	0.01405	0.00813	0.02144	0.00666	0.00776	0.00518	0.00444	0.00296	0.00148	0.00370	0.00259	0.00296	0.00518
6	0.00899	0.00713	0.01099	0.54383	0.02365	0.00853	0.00991	0.01185	0.00972	0.01411	0.01090	0.01446	0.00836	0.00505	0.00429	0.00143	0.00497	0.00432	0.29251	0.00502
7	0.00903	0.00850	0.01434	0.82054	0.03292	0.01062	0.01327	0.01221	0.00956	0.01221	0.00850	0.01274	0.00637	0.00478	0.00478	0.00159	0.00637	0.00425	0.00212	0.00531
8	0.00615	0.00486	0.00554	0.00537	0.00676	0.00425	0.00403	0.00783	0.01208	0.01573	0.38744	0.04135	0.45949	0.01105	0.00564	0.00156	0.00235	0.00944	0.00481	0.00425
9	0.01055	0.00925	0.00991	0.00886	0.01106	0.06073	0.03126	0.01903	0.44552	0.01897	0.25795	0.02257	0.02309	0.00728	0.00503	0.00154	0.00369	0.00622	0.04117	0.00633
10	0.00715	0.00487	0.00584	0.00609	0.00662	0.00479	0.00428	0.00808	0.00890	0.01202	0.07835	0.03740	0.07608	0.46173	0.01599	0.00338	0.00410	0.19548	0.05530	0.00356
11	0.00588	0.00454	0.00537	0.00582	0.00676	0.00403	0.00412	0.00706	0.01047	0.01345	0.14121	0.39789	0.35012	0.01308	0.00585	0.00175	0.00256	0.01147	0.00455	0.00403
12	0.00902	0.00824	0.01370	0.76815	0.03116	0.01022	0.01264	0.01214	0.00959	0.01257	0.00895	0.01307	0.00675	0.00483	0.00469	0.00156	0.00611	0.00426	0.05710	0.00525
13	0.72917	0.00906	0.00768	0.00664	0.00972	0.01012	0.00548	0.01555	0.00903	0.14831	0.00863	0.00914	0.00625	0.00468	0.00326	0.00148	0.00376	0.00295	0.00344	0.00565
14	0.00742	0.00614	0.00667	0.00641	0.00810	0.00606	0.00483	0.01185	0.20446	0.01586	0.18932	0.09144	0.40255	0.01045	0.00548	0.00162	0.00275	0.00889	0.00471	0.00499
15	0.01301	0.79986	0.02459	0.00830	0.01238	0.01874	0.00822	0.04724	0.01026	0.01205	0.00685	0.00783	0.00622	0.00416	0.00314	0.00104	0.00512	0.00263	0.00216	0.00622
16	0.00984	0.00744	0.01109	0.06369	0.31870	0.00753	0.00849	0.01237	0.01069	0.01676	0.09214	0.01699	0.01340	0.00544	0.00420	0.00130	0.00383	0.00479	0.38560	0.00573
17	0.01258	0.78462	0.07359	0.00852	0.01279	0.01843	0.00877	0.01436	0.00974	0.01149	0.00676	0.00782	0.00613	0.00412	0.00316	0.00105	0.00523	0.00262	0.00204	0.00619
18	0.00749	0.00638	0.00585	0.00573	0.00654	0.07898	0.00374	0.00804	0.00897	0.01080	0.02633	0.03447	0.29740	0.46137	0.01577	0.00324	0.00421	0.00772	0.00341	0.00355
19	0.01261	0.01046	0.01980	0.01471	0.01864	0.00971	0.43363	0.01629	0.05239	0.16947	0.04706	0.04299	0.01213	0.00564	0.00536	0.00156	0.00611	0.05188	0.00356	0.06599
20	0.01262	0.00925	0.01056	0.00838	0.01197	0.00874	0.00667	0.04516	0.29224	0.13519	0.01407	0.01375	0.01052	0.00503	0.00425	0.00118	0.00376	0.00410	0.00409	0.39848
21	0.01238	0.01120	0.01327	0.01050	0.01315	0.05990	0.03468	0.17708	0.01198	0.01707	0.00836	0.01045	0.00698	0.00572	0.00798	0.00139	0.27803	0.00371	0.00296	0.31321
22	0.01394	0.01646	0.01660	0.01382	0.01580	0.37437	0.15001	0.01561	0.01085	0.01228	0.00739	0.01007	0.00640	0.00603	0.00873	0.00162	0.30816	0.00395	0.00232	0.00559
23	0.00727	0.00507	0.00591	0.00558	0.00704	0.00447	0.00417	0.00886	0.01187	0.07026	0.33924	0.03894	0.39863	0.06339	0.00678	0.00175	0.00261	0.00895	0.00477	0.00443
24	0.01177	0.04570	0.00970	0.00843	0.01026	0.22045	0.00637	0.06385	0.01252	0.09031	0.14822	0.24936	0.08538	0.00927	0.00517	0.00154	0.00460	0.00777	0.00411	0.00522
25	0.01177	0.57860	0.27250	0.00990	0.01493	0.01644	0.01118	0.01457	0.00983	0.01248	0.00726	0.00843	0.00611	0.00423	0.00353	0.00118	0.00573	0.00286	0.00204	0.00643
26	0.09800	0.00938	0.01124	0.00874	0.01229	0.00918	0.00721	0.21023	0.01518	0.50821	0.01577	0.01437	0.01032	0.00572	0.00457	0.00145	0.00425	0.00446	0.04173	0.00770
27	0.00886	0.00572	0.00799	0.00878	0.01010	0.00563	0.00764	0.01104	0.01123	0.08123	0.02476	0.05073	0.02618	0.01259	0.00645	0.00214	0.00437	0.70531	0.00453	0.00472
28	0.01183	0.01136	0.01940	0.02934	0.80221	0.01136	0.01467	0.01467	0.01088	0.01562	0.00899	0.01183	0.00757	0.00426	0.00473	0.00142	0.00568	0.00426	0.00237	0.00757
29	0.00944	0.00538	0.00714	0.00662	0.00809	0.00488	0.00499	0.01134	0.01270	0.17094	0.49602	0.18742	0.03598	0.01004	0.00557	0.00158	0.00271	0.00887	0.00523	0.00509
30	0.01671	0.00861	0.01059	0.00869	0.01179	0.00852	0.00698	0.04861	0.25651	0.44630	0.10640	0.01877	0.01629	0.00652	0.00492	0.00152	0.00382	0.00541	0.00548	0.00755
31	0.00607	0.00434	0.00583	0.00694	0.00733	0.00410	0.00487	0.00709	0.00940	0.01248	0.02620	0.72526	0.03106	0.01474	0.00617	0.00198	0.00299	0.11475	0.00443	0.00395
32	0.00770	0.00550	0.00770	0.00880	0.00990	0.00550	0.00770	0.00990	0.01100	0.01430	0.02531	0.05391	0.02751	0.01320	0.00660	0.00220	0.00440	0.77004	0.00440	0.00440
33	0.00636	0.00492	0.00520	0.00520	0.00676	0.00416	0.00387	0.00758	0.01089	0.04676	0.05773	0.12177	0.67802	0.01208	0.00566	0.00164	0.00252	0.01018	0.00452	0.00420
34	0.86579	0.00924	0.00702	0.00629	0.00924	0.01072	0.00518	0.01405	0.00813	0.02144	0.00666	0.00776	0.00518	0.00444	0.00296	0.00148	0.00370	0.00259	0.00296	0.00518
35	0.01278	0.83490	0.02505	0.00818	0.01227	0.01891	0.00818	0.01431	0.00971	0.01125	0.00664	0.00767	0.00613	0.00409	0.00307	0.00102	0.00511	0.00256	0.00204	0.00613
36	0.00631	0.00487	0.00576	0.00554	0.00686	0.00432	0.00415	0.00814	0.01246	0.01663	0.49520	0.03988	0.35117	0.01072	0.00564	0.00155	0.00232	0.00923	0.00493	0.00432
37	0.00903	0.00850	0.01434	0.82054	0.03292	0.01062	0.01327	0.01221	0.00956	0.01221	0.00850	0.01274	0.00637	0.00478	0.00478	0.00159	0.00637	0.00425	0.00212	0.00531
38	0.00582	0.00416	0.00555	0.00666	0.00693	0.00388	0.00444	0.00666	0.00915	0.01220	0.02634	0.82891	0.03161	0.01497	0.00610	0.00194	0.00277	0.01359	0.00444	0.00388
39	0.01698	0.00730	0.01017	0.00900	0.04465	0.00657	0.00681	0.01868	0.01222	0.56102	0.01917	0.15717	0.01509	0.01018	0.07960	0.00213	0.00472	0.00633	0.00520	0.00702
40	0.00959	0.02472	0.80726	0.01362	0.02069	0.01110	0.01766	0.01514	0.01009	0.01514	0.00858	0.01009	0.00605	0.00454	0.00454	0.00151	0.00706	0.00353	0.00202	0.00706
41	0.00959	0.02472	0.80726	0.01362	0.02069	0.01110	0.01766	0.01514	0.01009	0.01514	0.00858	0.01009	0.00605	0.00454	0.00454	0.00151	0.00706	0.00353	0.00202	0.00706
42	0.01566	0.01251	0.01462	0.01398	0.15345	0.06318	0.04251	0.45153	0.04522	0.03811	0.01152	0.01235	0.00857	0.00536	0.00464	0.00140	0.00529	0.00434	0.08833	0.00741
43	0.00704	0.00521	0.00660	0.00620	0.00744	0.00494	0.00466	0.00993	0.06061	0.01900	0.72598	0.03499	0.06991	0.00965	0.00559	0.00151	0.00235	0.00850	0.00521	0.00468
44	0.86579	0.00924	0.00702	0.00629	0.00924	0.01072	0.00518	0.01405	0.00813	0.02144	0.00666	0.00776	0.00518	0.00444	0.00296	0.00148	0.00370	0.00259	0.00296	0.00518
45	0.00615	0.00486	0.00554	0.00537	0.00676	0.00425	0.00403	0.00783	0.01208	0.01573	0.38744	0.04135	0.45949	0.01105	0.00564	0.00156	0.00235	0.00944	0.00481	0.00425
46	0.02144	0.00813	0.01109	0.00850	0.01220	0.00702	0.00702	0.02329	0.01368	0.80552	0.01886	0.01627	0.01183	0.00592	0.00481	0.00148	0.00407	0.00481	0.00592	0.00813
47	0.81137	0.00951	0.00749	0.00659	0.00960	0.01099	0.00543	0.06362	0.00905	0.02200	0.00696	0.00800	0.00537	0.00452	0.00307	0.00148	0.00380	0.00270	0.00307	0.00537
48	0.01278	0.83490	0.02505	0.00818	0.01227	0.01891	0.00818	0.01431	0.00971	0.01125	0.00664	0.00767	0.00613	0.00409	0.00307	0.00102	0.00511	0.00256	0.00204	0.00613
49	0.00615	0.00486	0.00554	0.00537	0.00676	0.00425	0.00403	0.00783	0.01208	0.01572	0.38514	0.04138	0.46180	0.01106	0.00564	0.00156	0.00235	0.00944	0.00481	0.00425
50	0.00690	0.00482	0.00616	0.00616	0.00648	0.00515	0.00407	0.00756	0.00723	0.00997	0.01420	0.02651	0.01530	0.52811	0.32541	0.00580	0.00775	0.00625	0.00277	0.00342
51	0.00597	0.00485	0.00529	0.00518	0.00665	0.00417	0.00389	0.00748	0.01166	0.01472	0.26564	0.04302	0.58192	0.01143	0.00565	0.00158	0.00237	0.00967	0.00468	0.00417
52	0.00620	0.00441	0.00577	0.00661	0.00703	0.00418	0.00457	0.00720	0.00948	0.01267	0.09076	0.58580	0.04374	0.10599	0.00815	0.00223	0.00309	0.08392	0.00433	0.00388
53	0.01278	0.83490	0.02505	0.00818	0.01227	0.01891	0.00818	0.01431	0.00971	0.01125	0.00664	0.00767	0.00613	0.00409	0.00307	0.00102	0.00511	0.00256	0.00204	0.00613
54	0.02144	0.00813	0.01109	0.00850	0.01220	0.00702	0.00702	0.02329	0.01368	0.80552	0.01886	0.01627	0.01183	0.00592	0.00481	0.00148	0.00407	0.00481	0.00592	0.00813
55	0.01791	0.01041	0.01214	0.00952	0.01297	0.01074	0.00779	0.36687	0.08361	0.32211	0.08185	0.01589	0.01322	0.00621	0.00487	0.00147	0.00443	0.00496	0.00526	0.00778
56	0.00769	0.00516	0.00661	0.00618	0.00755	0.00464	0.00463	0.00967	0.01272	0.07242	0.56688	0.11491	0.11256	0.01004	0.00555	0.00153	0.00249	0.00881	0.00506	0.03490
57	0.02144	0.00813	0.01109	0.00850	0.01220	0.00702	0.00702	0.02329	0.01368	0.80552	0.01886	0.01627	0.01183	0.00592	0.00481	0.00148	0.00407	0.00481	0.00592	0.00813
58	0.01474	0.01169	0.01242	0.01030	0.01352	0.01322	0.00826	0.37125	0.44308	0.02460	0.01583	0.01494	0.01165	0.00615	0.00483	0.00154	0.00445	0.00490	0.00483	0.00782
59	0.01563	0.00843	0.01054	0.00794	0.01182	0.00704	0.00645	0.01835	0.06204	0.39862	0.01422	0.01350	0.00986	0.00488	0.00424	0.00114	0.00381	0.00395	0.00446	0.39307
60	0.05063	0.01034	0.01210	0.01104	0.06738	0.01149	0.00826	0.18631	0.30817	0.13688	0.06448	0.01588	0.01312	0.00636	0.00571	0.00157	0.07349	0.00498	0.00454	0.00728
61	0.01046	0.01046	0.01464	0.01255	0.01255	0.01464	0.01046	0.01150	0.00732	0.01150	0.00627	0.01046	0.00627	0.00837	0.01569	0.00209	0.82328	0.00418	0.00209	0.00523
62	0.00686	0.00465	0.00519	0.00519	0.00530	0.00459	0.00295	0.00694	0.00722	0.00952	0.01738	0.03230	0.07182	0.77500	0.02303	0.00442	0.00448	0.00717	0.00300	0.00298
63	0.02050	0.00838	0.01115	0.00851	0.01225	0.00731	0.00702	0.05505	0.01379	0.71751	0.01782	0.01562	0.01134	0.00574	0.00472	0.00142	0.00408	0.00465	0.00565	0.06746
64	0.01183	0.01136	0.01940	0.02934	0.80221	0.01136	0.01467	0.01467	0.01088	0.01562	0.00899	0.01183	0.00757	0.00426	0.00473	0.00142	0.00568	0.00426	0.00237	0.00757
65	0.00694	0.00464	0.00526	0.00525	0.00530	0.00463	0.00296	0.00704	0.00723	0.00969	0.04853	0.03147	0.01856	0.79695	0.02353	0.00450	0.00453	0.00702	0.00300	0.00296
66	0.01507	0.01185	0.01260	0.01037	0.01364	0.01338	0.00834	0.41102	0.40277	0.02513	0.01541	0.01461	0.01132	0.00611	0.00482	0.00153	0.00453	0.00485	0.00482	0.00785
67	0.00991	0.00850	0.00991	0.00708	0.01133	0.00637	0.00566	0.01203	0.00991	0.01557	0.00850	0.00991	0.00708	0.00354	0.00354	0.00071	0.00354	0.00283	0.00283	0.86124
68	0.01488	0.01041	0.01212	0.01008	0.01314	0.06155	0.06143	0.04951	0.38774	0.24598	0.06677	0.01735	0.01444	0.00623	0.00491	0.00154	0.00443	0.00526	0.00486	0.00735
69	0.00691	0.00477	0.00621	0.00635	0.00731	0.00439	0.00465	0.00860	0.01176	0.04323	0.42532	0.30547	0.09115	0.01171	0.00581	0.00169	0.00260	0.04276	0.00491	0.00438
70	0.00649	0.00483	0.00605	0.00584	0.00700	0.00438	0.00434	0.00846	0.01274	0.01754	0.60827	0.09275	0.18251	0.01056	0.00567	0.00155	0.00232	0.00925	0.00505	0.00438
71	0.01183	0.01136	0.01940	0.02934	0.80221	0.01136	0.01467	0.01467	0.01088	0.01562	0.00899	0.01183	0.00757	0.00426	0.00473	0.00142	0.00568	0.00426	0.00237	0.00757
72	0.01183	0.01136	0.01940	0.02934	0.80221	0.01136	0.01467	0.01467	0.01088	0.01562	0.00899	0.01183	0.00757	0.00426	0.00473	0.00142	0.00568	0.00426	0.00237	0.00757
73	0.00695	0.00463	0.00521	0.00521	0.00521	0.00463	0.00290	0.00695	0.00695	0.00927	0.01506	0.03128	0.01738	0.83203	0.02433	0.00463	0.00463	0.00695	0.00290	0.00290
74	0.00597	0.00422	0.00550	0.00646	0.00670	0.00398	0.00423	0.00669	0.00886	0.01181	0.02483	0.72223	0.02971	0.12425	0.00854	0.00230	0.00302	0.01270	0.00423	0.00375
75	0.00575	0.00485	0.00498	0.00495	0.00652	0.00408	0.00371	0.00706	0.01114	0.01349	0.11773	0.04505	0.73060	0.01189	0.00565	0.00160	0.00241	0.00995	0.00451	0.00408
76	0.01352	0.00581	0.00690	0.00594	0.00801	0.00540	0.00470	0.01561	0.01137	0.30755	0.01679	0.01725	0.01210	0.00570	0.00388	0.00125	0.00290	0.00458	0.54494	0.00581
77	0.00676	0.00489	0.00639	0.00601	0.00714	0.00451	0.00451	0.00902	0.01353	0.01917	0.79969	0.03570	0.04510	0.00977	0.00564	0.00150	0.00225	0.00864	0.00526	0.00451
78	0.01128	0.01289	0.02820	0.02015	0.02498	0.01209	0.78485	0.01531	0.01128	0.01531	0.00967	0.01289	0.00725	0.00403	0.00564	0.00161	0.00806	0.00564	0.00242	0.00645
79	0.00959	0.02472	0.80726	0.01362	0.02069	0.01110	0.01766	0.01514	0.01009	0.01514	0.00858	0.01009	0.00605	0.00454	0.00454	0.00151	0.00706	0.00353	0.00202	0.00706
80	0.08070	0.00821	0.01081	0.00835	0.01199	0.00728	0.00690	0.02264	0.01329	0.75050	0.01800	0.01567	0.01136	0.00581	0.00468	0.00148	0.00404	0.00465	0.00571	0.00793
81	0.00683	0.00512	0.00768	0.00768	0.00853	0.00597	0.00597	0.00853	0.00768	0.01110	0.01280	0.01878	0.01195	0.03585	0.81308	0.00768	0.01280	0.00512	0.00256	0.00427
82	0.00991	0.00850	0.00991	0.00708	0.01133	0.00637	0.00566	0.01203	0.00991	0.01557	0.00850	0.00991	0.00708	0.00354	0.00354	0.00071	0.00354	0.00283	0.00283	0.86124
83	0.00779	0.00511	0.00672	0.00619	0.00749	0.00468	0.00468	0.01001	0.01354	0.07385	0.74539	0.03435	0.04278	0.00950	0.00558	0.00150	0.00238	0.00838	0.00531	0.00476
84	0.01166	0.01118	0.01909	0.07719	0.75569	0.01131	0.01458	0.01452	0.01080	0.01541	0.00896	0.01188	0.00750	0.00429	0.00473	0.00143	0.00572	0.00426	0.00235	0.00743
85	0.00633	0.00461	0.00596	0.00618	0.00701	0.00424	0.00442	0.00797	0.01167	0.01607	0.45224	0.33920	0.09247	0.01192	0.00581	0.00168	0.00246	0.01063	0.00489	0.00424
86	0.01183	0.01136	0.01940	0.02934	0.80221	0.01136	0.01467	0.01467	0.01088	0.01562	0.00899	0.01183	0.00757	0.00426	0.00473	0.00142	0.00568	0.00426	0.00237	0.00757
87	0.00959	0.02472	0.80726	0.01362	0.02069	0.01110	0.01766	0.01514	0.01009	0.01514	0.00858	0.01009	0.00605	0.00454	0.00454	0.00151	0.00706	0.00353	0.00202	0.00706
88	0.00669	0.00488	0.00628	0.00593	0.00709	0.00448	0.00445	0.00887	0.01335	0.01873	0.74744	0.03642	0.09762	0.00993	0.00564	0.00151	0.00227	0.00874	0.00520	0.00448
89	0.01037	0.01033	0.01462	0.06442	0.01386	0.01438	0.01064	0.01155	0.00746	0.01155	0.00642	0.01060	0.00628	0.00814	0.01499	0.00206	0.77084	0.00419	0.00209	0.00523
90	0.00673	0.00487	0.00625	0.00591	0.00699	0.00450	0.00437	0.00879	0.01299	0.01826	0.71727	0.03586	0.07553	0.06266	0.00684	0.00171	0.00241	0.00860	0.00507	0.00439
91	0.00595	0.00480	0.00497	0.00496	0.00623	0.00417	0.00352	0.00695	0.01020	0.01241	0.06862	0.04268	0.61660	0.17608	0.00939	0.00221	0.00286	0.00941	0.00416	0.00382
92	0.01785	0.02278	0.01354	0.01231	0.01478	0.81284	0.00924	0.01909	0.01354	0.01170	0.00739	0.00862	0.00616	0.00493	0.00431	0.00123	0.00862	0.00308	0.00246	0.00554
93	0.00673	0.00540	0.00608	0.00581	0.00733	0.00501	0.00439	0.00959	0.08919	0.01623	0.36070	0.03890	0.40601	0.01057	0.00557	0.00157	0.00249	0.00902	0.00483	0.00458
94	0.01817	0.01339	0.01434	0.01100	0.01482	0.01482	0.00908	0.78627	0.02247	0.03012	0.01148	0.01148	0.00813	0.00574	0.00478	0.00143	0.00526	0.00430	0.00478	0.00813
95	0.00991	0.00850	0.00991	0.00708	0.01133	0.00637	0.00566	0.01203	0.00991	0.01557	0.00850	0.00991	0.00708	0.00354	0.00354	0.00071	0.00354	0.00283	0.00283	0.86124
96	0.00578	0.00433	0.00537	0.00621	0.00681	0.00392	0.00424	0.00671	0.00958	0.01238	0.03179	0.63568	0.22132	0.01427	0.00599	0.00186	0.00269	0.01272	0.00444	0.00392
97	0.00676	0.00489	0.00639	0.00601	0.00714	0.00451	0.00451	0.00902	0.01353	0.01917	0.79969	0.03570	0.04510	0.00977	0.00564	0.00150	0.00225	0.00864	0.00526	0.00451
98	0.01278	0.83490	0.02505	0.00818	0.01227	0.01891	0.00818	0.01431	0.00971	0.01125	0.00664	0.00767	0.00613	0.00409	0.00307	0.00102	0.00511	0.00256	0.00204	0.00613
99	0.01233	0.01048	0.01105	0.00982	0.01260	0.01209	0.00767	0.07831	0.73995	0.02070	0.01890	0.01739	0.01414	0.00643	0.00486	0.00161	0.00389	0.00533	0.00486	0.00760
100	0.00566	0.00479	0.00489	0.00497	0.00649	0.00402	0.00369	0.00685	0.01077	0.01286	0.04688	0.10044	0.74681	0.01230	0.00568	0.00164	0.00245	0.01033	0.00444	0.00402
101	0.00687	0.00475	0.00574	0.00557	0.00608	0.00458	0.00362	0.00788	0.00992	0.01373	0.36913	0.03327	0.02989	0.46097	0.01589	0.00322	0.00356	0.00771	0.00396	0.00362
102	0.01677	0.02041	0.01463	0.01535	0.15724	0.64246	0.01021	0.04267	0.01335	0.01299	0.00781	0.00929	0.00648	0.00483	0.00440	0.00127	0.00798	0.00333	0.00252	0.00599
103	0.00695	0.00463	0.00521	0.00521	0.00521	0.00463	0.00290	0.00695	0.00695	0.00927	0.01506	0.03128	0.01738	0.83203	0.02433	0.00463	0.00463	0.00695	0.00290	0.00290
104	0.00669	0.00488	0.00629	0.00594	0.00710	0.00448	0.00445	0.00888	0.01336	0.01877	0.75146	0.03636	0.09358	0.00992	0.00564	0.00151	0.00227	0.00874	0.00521	0.00448
105	0.01187	0.01112	0.01844	0.12885	0.65465	0.01148	0.01414	0.06304	0.01145	0.01610	0.00908	0.01192	0.00745	0.00442	0.00474	0.00144	0.00574	0.00426	0.00249	0.00732
106	0.00991	0.00850	0.00991	0.00708	0.01133	0.00637	0.00566	0.01203	0.00991	0.01557	0.00850	0.00991	0.00708	0.00354	0.00354	0.00071	0.00354	0.00283	0.00283	0.86124
107	0.00695	0.00463	0.00521	0.00521	0.00521	0.00463	0.00290	0.00695	0.00695	0.00927	0.01506	0.03128	0.01738	0.83203	0.02433	0.00463	0.00463	0.00695	0.00290	0.00290
108	0.00634	0.00456	0.00601	0.00630	0.00705	0.00423	0.00448	0.00795	0.01155	0.01602	0.45071	0.39364	0.03901	0.01212	0.00585	0.00170	0.00249	0.01087	0.00489	0.00423
109	0.01183	0.01136	0.01940	0.02934	0.80221	0.01136	0.01467	0.01467	0.01088	0.01562	0.00899	0.01183	0.00757	0.00426	0.00473	0.00142	0.00568	0.00426	0.00237	0.00757
110	0.00959	0.02472	0.80726	0.01362	0.02069	0.01110	0.01766	0.01514	0.01009	0.01514	0.00858	0.01009	0.00605	0.00454	0.00454	0.00151	0.00706	0.00353	0.00202	0.00706
111	0.01183	0.01136	0.01940	0.02934	0.80221	0.01136	0.01467	0.01467	0.01088	0.01562	0.00899	0.01183	0.00757	0.00426	0.00473	0.00142	0.00568	0.00426	0.00237	0.00757
112	0.00567	0.00477	0.00491	0.00502	0.00650	0.00402	0.00371	0.00684	0.01072	0.01284	0.04624	0.12321	0.72446	0.01239	0.00569	0.00165	0.00246	0.01043	0.00444	0.00402
113	0.00864	0.00802	0.01326	0.72454	0.02983	0.00983	0.01219	0.01157	0.00960	0.01225	0.01178	0.06692	0.05057	0.00583	0.00491	0.00162	0.00593	0.00516	0.00240	0.00515
114	0.04426	0.06828	0.23604	0.01210	0.01653	0.20245	0.04441	0.28390	0.01517	0.01952	0.00917	0.01012	0.00682	0.00499	0.00447	0.00139	0.00661	0.00369	0.00313	0.00693
115	0.00903	0.00850	0.01434	0.82054	0.03292	0.01062	0.01327	0.01221	0.00956	0.01221	0.00850	0.01274	0.00637	0.00478	0.00478	0.00159	0.00637	0.00425	0.00212	0.00531
116	0.00576	0.00485	0.00499	0.00496	0.00652	0.00408	0.00372	0.00707	0.01115	0.01353	0.12251	0.04498	0.72580	0.01187	0.00565	0.00160	0.00240	0.00994	0.00452	0.00408
117	0.01112	0.01006	0.01225	0.01071	0.01206	0.01271	0.00858	0.04328	0.36257	0.01580	0.01301	0.01527	0.01086	0.06471	0.01104	0.00203	0.36931	0.00493	0.00349	0.00622
118	0.00644	0.00465	0.00513	0.00525	0.00577	0.00437	0.00328	0.00689	0.00839	0.01068	0.02645	0.11662	0.25939	0.49729	0.01674	0.00343	0.00377	0.00859	0.00353	0.00335
119	0.01046	0.01046	0.01464	0.01255	0.01255	0.01464	0.01046	0.01150	0.00732	0.01150	0.00627	0.01046	0.00627	0.00837	0.01569	0.00209	0.82328	0.00418	0.00209	0.00523
120	0.01731	0.01644	0.01394	0.01186	0.04169	0.30586	0.00911	0.42957	0.01800	0.02195	0.00970	0.01034	0.00732	0.00525	0.00453	0.00131	0.00639	0.00376	0.00373	0.06193
121	0.01553	0.39867	0.01897	0.01025	0.01362	0.35453	0.00873	0.10320	0.01277	0.01356	0.00750	0.00850	0.00637	0.00463	0.00379	0.00116	0.00661	0.00297	0.00253	0.00611
122	0.00616	0.00475	0.00565	0.00587	0.00701	0.00425	0.00436	0.00767	0.01130	0.01470	0.26292	0.21470	0.35502	0.01212	0.00581	0.00169	0.00259	0.06459	0.00468	0.00417
123	0.00992	0.10967	0.72525	0.01305	0.01980	0.01192	0.01667	0.01505	0.01005	0.01473	0.00837	0.00984	0.00606	0.00449	0.00439	0.00146	0.00686	0.00343	0.00202	0.00697
124	0.01574	0.29272	0.07312	0.01022	0.01436	0.01595	0.00937	0.47090	0.01728	0.02268	0.00964	0.01009	0.00731	0.00510	0.00418	0.00130	0.00533	0.00366	0.00366	0.00738
125	0.00582	0.00416	0.00555	0.00666	0.00693	0.00388	0.00444	0.00666	0.00915	0.01220	0.02634	0.82891	0.03161	0.01497	0.00610	0.00194	0.00277	0.01359	0.00444	0.00388
126	0.00683	0.00512	0.00768	0.00768	0.00853	0.00597	0.00597	0.00853	0.00768	0.01110	0.01280	0.01878	0.01195	0.03585	0.81308	0.00768	0.01280	0.00512	0.00256	0.00427
127	0.01183	0.01136	0.01940	0.02934	0.80221	0.01136	0.01467	0.01467	0.01088	0.01562	0.00899	0.01183	0.00757	0.00426	0.00473	0.00142	0.00568	0.00426	0.00237	0.00757
128	0.00979	0.00623	0.00793	0.00717	0.00864	0.00646	0.00547	0.10176	0.01164	0.09676	0.22284	0.02380	0.02105	0.12859	0.26250	0.00384	0.00644	0.00614	0.05794	0.00501
129	0.00676	0.00489	0.00639	0.00601	0.00714	0.00451	0.00451	0.00902	0.01353	0.01917	0.79969	0.03570	0.04510	0.00977	0.00564	0.00150	0.00225	0.00864	0.00526	0.00451
130	0.00991	0.00850	0.00991	0.00708	0.01133	0.00637	0.00566	0.01203	0.00991	0.01557	0.00850	0.00991	0.00708	0.00354	0.00354	0.00071	0.00354	0.00283	0.00283	0.86124
131	0.01082	0.01041	0.01799	0.30739	0.49832	0.01113	0.04703	0.01383	0.01043	0.01440	0.00885	0.01220	0.00714	0.00443	0.00479	0.00149	0.00602	0.00431	0.00228	0.00673
132	0.01478	0.44510	0.12517	0.00999	0.04716	0.01427	0.00945	0.04396	0.01131	0.22168	0.01039	0.01057	0.00775	0.00470	0.00385	0.00124	0.00513	0.00341	0.00317	0.00692
133	0.00666	0.00481	0.00647	0.00751	0.00824	0.00462	0.00586	0.00813	0.01010	0.01320	0.02729	0.42892	0.07910	0.01399	0.00630	0.00204	0.00349	0.35472	0.00442	0.00413
