[name]
unknown

[dist]
# distance from previous block
# <min> <max>
0	51

[block]
# block no. 0 follows, 43 sequences, length 29
# corresponding to MSA columns:
# 1214-1217,1219-1243
name=unknown_A
#
# <colnr> <probs for GDERKNQSTAVLIFYWHMCP>
#	G	D	E	R	K	N	Q	S	T	A	V	L	I	F	Y	W	H	M	C	P
0	0.01198	0.01018	0.01119	0.01082	0.03216	0.01136	0.00815	0.02343	0.53520	0.02082	0.02723	0.09623	0.10448	0.00963	0.00601	0.00195	0.00421	0.06188	0.00542	0.00765
1	0.01508	0.15647	0.02005	0.01429	0.08168	0.03645	0.11889	0.18164	0.07006	0.02112	0.01137	0.01275	0.00896	0.00524	0.00494	0.00139	0.00605	0.00445	0.00367	0.22544
2	0.01355	0.01097	0.01128	0.00975	0.01276	0.05025	0.00763	0.14873	0.26773	0.05753	0.09577	0.04309	0.17857	0.00897	0.00579	0.00174	0.00445	0.00738	0.00532	0.05874
3	0.01448	0.01446	0.11706	0.06200	0.39063	0.01269	0.01469	0.12298	0.03608	0.06703	0.03109	0.03487	0.01138	0.00614	0.00556	0.00171	0.00632	0.02292	0.00362	0.02429
4	0.01246	0.03624	0.22949	0.01929	0.13010	0.01266	0.25421	0.01803	0.08835	0.03956	0.01372	0.07617	0.01140	0.00710	0.02451	0.00198	0.00756	0.00620	0.00325	0.00774
5	0.00674	0.00485	0.00640	0.00764	0.00801	0.00450	0.00511	0.00772	0.01067	0.01417	0.03138	0.77679	0.06104	0.01724	0.00705	0.00224	0.00320	0.01561	0.00514	0.00450
6	0.01079	0.01076	0.07126	0.01249	0.10615	0.00990	0.02205	0.01821	0.28404	0.01958	0.11798	0.05195	0.20141	0.00926	0.00593	0.00182	0.00436	0.00794	0.02707	0.00706
7	0.01626	0.39327	0.08689	0.07233	0.03315	0.05423	0.01083	0.03935	0.07763	0.14904	0.01208	0.01263	0.00923	0.00556	0.00455	0.00147	0.00610	0.00408	0.00356	0.00774
8	0.01074	0.00787	0.00915	0.00897	0.01106	0.00805	0.00709	0.01671	0.23680	0.07735	0.05512	0.13607	0.20646	0.01214	0.00651	0.00206	0.00399	0.17209	0.00544	0.00636
9	0.00702	0.00515	0.00659	0.00724	0.00803	0.00472	0.00504	0.00849	0.01225	0.01645	0.23551	0.49738	0.13515	0.01527	0.00685	0.00206	0.00300	0.01366	0.00540	0.00472
10	0.05270	0.01375	0.04892	0.03102	0.16421	0.16039	0.01012	0.08064	0.05379	0.02000	0.20275	0.02316	0.07910	0.00774	0.00560	0.00166	0.00569	0.00641	0.02547	0.00686
11	0.05416	0.01487	0.03677	0.01360	0.07518	0.07507	0.01046	0.40599	0.04494	0.16048	0.01420	0.01416	0.01004	0.00635	0.00535	0.00164	0.00602	0.00488	0.01960	0.02625
12	0.01566	0.01595	0.01786	0.06462	0.32786	0.19482	0.01309	0.06821	0.18870	0.01907	0.01296	0.01449	0.01025	0.00586	0.00541	0.00166	0.00688	0.00492	0.00361	0.00811
13	0.00719	0.00544	0.00653	0.00720	0.00824	0.00498	0.00528	0.00850	0.01148	0.01453	0.03849	0.31497	0.30610	0.09573	0.00912	0.00248	0.00361	0.14061	0.00495	0.00455
14	0.22911	0.20336	0.01639	0.01003	0.01394	0.01426	0.05204	0.05876	0.15474	0.06706	0.02627	0.01429	0.01076	0.00588	0.00449	0.00156	0.00505	0.01585	0.02521	0.07094
15	0.01338	0.01151	0.01669	0.51643	0.07222	0.01361	0.01391	0.19217	0.05977	0.01988	0.01147	0.01471	0.00852	0.00589	0.00554	0.00179	0.00685	0.00502	0.00341	0.00724
16	0.01608	0.01521	0.01409	0.01347	0.09004	0.20067	0.00962	0.26131	0.05619	0.02213	0.04031	0.02253	0.18015	0.00813	0.00595	0.00168	0.02433	0.00632	0.00446	0.00735
17	0.01377	0.59037	0.23827	0.01124	0.01695	0.01938	0.01255	0.01685	0.01138	0.01429	0.00833	0.00967	0.00708	0.00488	0.00403	0.00134	0.00656	0.00328	0.00236	0.00741
18	0.45601	0.00879	0.00785	0.00705	0.00955	0.00965	0.00543	0.03622	0.01050	0.08038	0.01258	0.01713	0.01081	0.16170	0.00856	0.00236	0.00430	0.00460	0.14080	0.00571
19	0.00977	0.00729	0.00886	0.00806	0.01010	0.00726	0.02378	0.06965	0.06535	0.05282	0.10884	0.03580	0.32263	0.03814	0.18123	0.00349	0.00616	0.00865	0.02641	0.00572
20	0.01560	0.01465	0.01366	0.01266	0.04999	0.15244	0.00942	0.13942	0.41750	0.02240	0.02063	0.01981	0.07242	0.00744	0.00557	0.00175	0.00564	0.00594	0.00495	0.00813
21	0.00753	0.00522	0.00651	0.00699	0.00725	0.00517	0.00445	0.00818	0.00939	0.01266	0.04888	0.33021	0.02704	0.40160	0.09023	0.00437	0.00533	0.01089	0.00410	0.00401
22	0.00962	0.00481	0.00722	0.00722	0.00722	0.00481	0.00481	0.00722	0.00722	0.00962	0.00962	0.01684	0.00962	0.01924	0.02165	0.83886	0.00481	0.00481	0.00241	0.00241
23	0.01789	0.05710	0.01682	0.01393	0.01622	0.41818	0.01105	0.11444	0.01467	0.01625	0.00875	0.01101	0.00747	0.00698	0.00895	0.00174	0.24466	0.00411	0.00305	0.00673
24	0.00806	0.00574	0.00794	0.00794	0.00867	0.00641	0.00580	0.00952	0.00879	0.01264	0.01571	0.02570	0.01560	0.25054	0.53887	0.00757	0.01165	0.00648	0.04185	0.00452
25	0.00852	0.00670	0.00783	0.00827	0.00947	0.00686	0.00586	0.01315	0.19715	0.01635	0.03121	0.48537	0.12186	0.04486	0.00746	0.00223	0.00354	0.01259	0.00520	0.00554
26	0.00685	0.00486	0.00640	0.00758	0.00788	0.00457	0.00500	0.00774	0.01040	0.01387	0.02950	0.74183	0.03534	0.07903	0.00872	0.00249	0.00338	0.01514	0.00500	0.00441
27	0.00773	0.00857	0.10821	0.02441	0.01158	0.00622	0.03937	0.00978	0.01138	0.01542	0.08590	0.54397	0.07737	0.01432	0.00671	0.00210	0.00413	0.01292	0.00470	0.00521
28	0.71336	0.01050	0.00889	0.00769	0.01126	0.01174	0.00634	0.01799	0.01045	0.14480	0.00997	0.01057	0.00723	0.00542	0.00377	0.00171	0.00435	0.00341	0.00398	0.00655

[dist]
# distance from previous block
# <min> <max>
3	6

[block]
# block no. 1 follows, 43 sequences, length 67
# corresponding to MSA columns:
# 1250-1316
name=unknown_B
#
# <colnr> <probs for GDERKNQSTAVLIFYWHMCP>
#	G	D	E	R	K	N	Q	S	T	A	V	L	I	F	Y	W	H	M	C	P
0	0.02007	0.01577	0.01655	0.04762	0.03778	0.06722	0.01085	0.62287	0.05438	0.03166	0.01313	0.01346	0.00947	0.00653	0.00551	0.00166	0.00635	0.00494	0.00516	0.00903
1	0.01175	0.10326	0.25449	0.09547	0.08669	0.01230	0.04234	0.06366	0.01259	0.01765	0.06739	0.05314	0.01328	0.05338	0.02021	0.00201	0.01923	0.00554	0.02701	0.03862
2	0.01367	0.22709	0.22560	0.14209	0.10758	0.01505	0.04767	0.01731	0.01185	0.08423	0.01038	0.01250	0.00798	0.00549	0.00566	0.00164	0.04946	0.00431	0.00285	0.00760
3	0.01584	0.00993	0.01129	0.00957	0.01257	0.01027	0.00774	0.24480	0.08765	0.15885	0.05157	0.04598	0.09773	0.00878	0.00568	0.00176	0.00449	0.07375	0.13426	0.00751
4	0.01401	0.00966	0.01529	0.14719	0.14938	0.00966	0.07914	0.03210	0.03387	0.19088	0.10633	0.11120	0.04010	0.00804	0.00591	0.00180	0.00541	0.00731	0.02547	0.00725
5	0.09320	0.02069	0.38754	0.01462	0.03481	0.05215	0.08365	0.03683	0.08201	0.10955	0.01280	0.02654	0.00935	0.00584	0.00530	0.00175	0.00708	0.00480	0.00349	0.00800
6	0.01363	0.01308	0.02235	0.05128	0.75411	0.01314	0.01696	0.01693	0.01258	0.01800	0.01040	0.01373	0.00874	0.00495	0.00548	0.00165	0.00660	0.00493	0.00274	0.00871
7	0.01046	0.00984	0.01661	0.79205	0.03814	0.01230	0.01538	0.01415	0.01107	0.01415	0.00984	0.01477	0.00738	0.00554	0.00554	0.00185	0.00738	0.00492	0.00246	0.00615
8	0.00805	0.00538	0.00612	0.00612	0.00614	0.00541	0.00345	0.00810	0.00808	0.01079	0.01738	0.03586	0.01997	0.78516	0.04817	0.00546	0.00562	0.00800	0.00335	0.00340
9	0.01719	0.05428	0.26264	0.01283	0.01809	0.06222	0.06130	0.04587	0.03443	0.29152	0.03664	0.01651	0.01178	0.04214	0.00645	0.00186	0.00656	0.00514	0.00439	0.00817
10	0.00875	0.00511	0.00575	0.00614	0.00715	0.00492	0.00440	0.01073	0.01162	0.01826	0.07425	0.27814	0.07391	0.01082	0.00526	0.00167	0.00280	0.00936	0.45606	0.00492
11	0.00807	0.00601	0.00755	0.00720	0.00861	0.00570	0.00538	0.01135	0.06442	0.02122	0.61842	0.09116	0.10059	0.01166	0.00651	0.00179	0.00278	0.01027	0.00593	0.00537
12	0.01078	0.00967	0.01645	0.22755	0.19349	0.01021	0.09381	0.01393	0.01213	0.01634	0.01756	0.08111	0.01729	0.00905	0.00633	0.00203	0.00633	0.22503	0.02449	0.00644
13	0.01776	0.00948	0.01154	0.00944	0.01225	0.00990	0.00768	0.15265	0.01543	0.29896	0.01795	0.01819	0.02623	0.00718	0.00662	0.00166	0.10240	0.00536	0.26170	0.00760
14	0.00793	0.00551	0.00682	0.00693	0.00753	0.00533	0.00471	0.00917	0.01136	0.01554	0.27492	0.11706	0.03384	0.38000	0.01672	0.00355	0.00419	0.07998	0.00464	0.00427
15	0.00724	0.00517	0.00699	0.00827	0.00881	0.00492	0.00599	0.00856	0.01109	0.01469	0.03025	0.63511	0.03556	0.01689	0.00720	0.00232	0.00364	0.17754	0.00513	0.00463
16	0.03725	0.36037	0.08051	0.07148	0.09391	0.11893	0.11481	0.01733	0.01213	0.01500	0.00888	0.01106	0.00744	0.00510	0.00496	0.00149	0.02559	0.00400	0.00256	0.00719
17	0.41750	0.01283	0.06356	0.01125	0.01431	0.01396	0.05817	0.07031	0.03935	0.02149	0.00985	0.01193	0.02130	0.00663	0.00776	0.00191	0.20376	0.00420	0.00333	0.00659
18	0.00717	0.00517	0.00686	0.00808	0.00858	0.00494	0.00566	0.00867	0.02919	0.01464	0.03019	0.69846	0.03561	0.01688	0.00710	0.00227	0.00346	0.09726	0.00515	0.00467
19	0.02856	0.01736	0.01793	0.19742	0.02315	0.31850	0.13763	0.08423	0.01454	0.01657	0.01173	0.08449	0.01029	0.00663	0.00560	0.00170	0.00821	0.00562	0.00321	0.00663
20	0.01487	0.01264	0.05238	0.10701	0.22066	0.01268	0.01214	0.21035	0.09190	0.06139	0.10797	0.01826	0.01537	0.00667	0.00560	0.00171	0.00569	0.00572	0.02891	0.00809
21	0.00837	0.00621	0.00784	0.00762	0.00901	0.00601	0.00582	0.01182	0.07431	0.02062	0.54162	0.06155	0.07230	0.04753	0.00758	0.00203	0.00320	0.09544	0.00576	0.00537
22	0.01111	0.02865	0.77667	0.01579	0.02397	0.01286	0.02046	0.01754	0.01169	0.01754	0.00994	0.01169	0.00702	0.00526	0.00526	0.00175	0.00818	0.00409	0.00234	0.00818
23	0.00690	0.00502	0.00654	0.00766	0.00822	0.00466	0.00531	0.00806	0.01107	0.01460	0.05295	0.66246	0.10438	0.01674	0.00704	0.00222	0.00329	0.06313	0.00516	0.00457
24	0.10060	0.01412	0.01512	0.08132	0.05172	0.04996	0.01038	0.39814	0.15305	0.02779	0.01365	0.01413	0.01007	0.00637	0.00528	0.00169	0.00586	0.00490	0.00477	0.03108
25	0.01086	0.04454	0.01141	0.00989	0.01192	0.01034	0.00783	0.06518	0.23637	0.01743	0.01673	0.02029	0.01417	0.02733	0.46281	0.00596	0.01071	0.00584	0.00391	0.00649
26	0.01357	0.01302	0.02224	0.06497	0.74087	0.01312	0.01693	0.01688	0.01255	0.01793	0.01039	0.01375	0.00872	0.00496	0.00549	0.00165	0.00661	0.00493	0.00273	0.00867
27	0.01192	0.01304	0.02767	0.02027	0.02492	0.01222	0.60671	0.01598	0.01293	0.01758	0.06372	0.11659	0.01489	0.00672	0.00660	0.00191	0.00811	0.00794	0.00332	0.00694
28	0.01384	0.01091	0.01196	0.01046	0.01340	0.01195	0.00837	0.22788	0.30301	0.02487	0.12147	0.02888	0.09451	0.00922	0.00603	0.00187	0.00456	0.08354	0.00556	0.00770
29	0.00792	0.00555	0.00686	0.00683	0.00728	0.00573	0.00446	0.00869	0.00903	0.01229	0.06889	0.03370	0.06078	0.50975	0.22353	0.00587	0.00753	0.00782	0.00353	0.00397
30	0.01481	0.80869	0.02902	0.00948	0.01421	0.02191	0.00948	0.01658	0.01125	0.01303	0.00770	0.00888	0.00711	0.00474	0.00355	0.00118	0.00592	0.00296	0.00237	0.00711
31	0.00716	0.00522	0.00666	0.00761	0.00824	0.00489	0.00520	0.02818	0.01142	0.01509	0.06057	0.67646	0.10975	0.01650	0.00695	0.00218	0.00323	0.01483	0.00519	0.00468
32	0.00674	0.00562	0.00588	0.00581	0.00760	0.00476	0.00436	0.00832	0.01308	0.01603	0.16140	0.05153	0.66260	0.01363	0.00654	0.00185	0.00278	0.01144	0.00528	0.00476
33	0.01622	0.01076	0.01246	0.01131	0.04773	0.01136	0.00852	0.07336	0.39079	0.21795	0.02543	0.02350	0.10977	0.00799	0.00572	0.00181	0.00448	0.00662	0.00575	0.00847
34	0.01046	0.00984	0.01661	0.79205	0.03814	0.01230	0.01538	0.01415	0.01107	0.01415	0.00984	0.01477	0.00738	0.00554	0.00554	0.00185	0.00738	0.00492	0.00246	0.00615
35	0.00733	0.00536	0.00677	0.00773	0.00824	0.00520	0.00518	0.00919	0.06003	0.01443	0.02942	0.65472	0.05375	0.09369	0.00903	0.00252	0.00349	0.01425	0.00500	0.00467
36	0.01203	0.00745	0.00837	0.00771	0.00947	0.00762	0.00578	0.16356	0.01456	0.05569	0.06975	0.20479	0.02137	0.06224	0.00683	0.00191	0.00373	0.00814	0.32304	0.00596
37	0.01200	0.01221	0.02192	0.03707	0.02119	0.01246	0.38088	0.01839	0.18793	0.01807	0.01862	0.10285	0.06360	0.00766	0.00710	0.00195	0.05748	0.00765	0.00384	0.00715
38	0.01386	0.60053	0.09556	0.01073	0.01501	0.01989	0.01076	0.01600	0.01083	0.01348	0.00809	0.01002	0.00735	0.00671	0.03218	0.00167	0.11450	0.00342	0.00239	0.00699
39	0.00678	0.00493	0.00640	0.00749	0.00800	0.00455	0.00506	0.00786	0.01101	0.01457	0.06600	0.70171	0.10165	0.01679	0.00700	0.00219	0.00315	0.01513	0.00518	0.00455
40	0.04897	0.01194	0.01318	0.01010	0.01429	0.06427	0.03799	0.17155	0.01553	0.05533	0.10013	0.01564	0.01373	0.00579	0.00489	0.00127	0.00501	0.00468	0.00420	0.40151
41	0.01583	0.01314	0.01541	0.01562	0.14618	0.01463	0.01069	0.23211	0.42304	0.02561	0.01782	0.01737	0.01338	0.00682	0.00558	0.00178	0.00525	0.00567	0.00511	0.00895
42	0.00780	0.00532	0.00641	0.00671	0.00688	0.00533	0.00414	0.00821	0.00877	0.01176	0.02029	0.19457	0.02341	0.56432	0.07882	0.00491	0.00561	0.02923	0.00374	0.00376
43	0.01435	0.01163	0.01324	0.06194	0.01603	0.01166	0.00866	0.17411	0.23511	0.03679	0.01453	0.01492	0.01107	0.00579	0.00498	0.00139	0.00483	0.00467	0.00446	0.34985
44	0.01834	0.01311	0.01418	0.01113	0.01516	0.04440	0.00904	0.40840	0.04724	0.12345	0.06453	0.03282	0.01374	0.00694	0.00543	0.00157	0.00539	0.01836	0.00526	0.14152
45	0.01390	0.31315	0.36991	0.01381	0.04778	0.05130	0.01495	0.08445	0.01306	0.01731	0.00938	0.01081	0.00734	0.00520	0.00466	0.00152	0.00718	0.00377	0.00268	0.00784
46	0.01291	0.01736	0.15351	0.02147	0.02718	0.03429	0.57853	0.01763	0.01271	0.01740	0.01075	0.01415	0.00809	0.00502	0.00680	0.00186	0.04415	0.00598	0.00271	0.00750
47	0.00675	0.00482	0.00643	0.00771	0.00803	0.00450	0.00514	0.00771	0.01060	0.01414	0.03053	0.80175	0.03663	0.01735	0.00707	0.00225	0.00321	0.01574	0.00514	0.00450
48	0.01284	0.00899	0.00910	0.00810	0.01043	0.09933	0.00624	0.01484	0.01482	0.18863	0.29832	0.03604	0.24951	0.01044	0.00613	0.00174	0.00403	0.00873	0.00560	0.00615
49	0.02843	0.01511	0.31020	0.01133	0.01520	0.00902	0.02437	0.01396	0.03544	0.06456	0.01150	0.01537	0.00944	0.01421	0.08839	0.31293	0.00717	0.00473	0.00287	0.00576
50	0.00672	0.00561	0.00588	0.00605	0.00778	0.00478	0.00458	0.00817	0.01250	0.01501	0.05264	0.10342	0.67128	0.01433	0.00665	0.00194	0.00298	0.05985	0.00514	0.00469
51	0.00831	0.00535	0.00649	0.00681	0.00788	0.00508	0.00505	0.01040	0.01267	0.01867	0.23934	0.23702	0.08173	0.01195	0.00597	0.00182	0.00299	0.07211	0.25541	0.00497
52	0.01146	0.10367	0.70476	0.01518	0.02303	0.01373	0.01941	0.01745	0.01165	0.01711	0.00972	0.01142	0.00702	0.00521	0.00510	0.00170	0.00797	0.00398	0.00234	0.00808
53	0.00961	0.00862	0.01191	0.01105	0.01140	0.01098	0.00871	0.01091	0.00963	0.01396	0.05752	0.22555	0.04748	0.03469	0.11566	0.00325	0.39171	0.00848	0.00354	0.00534
54	0.01032	0.00516	0.00516	0.00516	0.00645	0.00516	0.00387	0.01290	0.01161	0.02065	0.01807	0.02065	0.01420	0.00645	0.00387	0.00129	0.00258	0.00516	0.83611	0.00516
55	0.00795	0.00618	0.00737	0.00745	0.00906	0.00581	0.00586	0.01092	0.06308	0.01817	0.27788	0.06867	0.31194	0.01308	0.00673	0.00198	0.00334	0.16385	0.00547	0.00521
56	0.01394	0.62561	0.20450	0.01096	0.01650	0.01979	0.01205	0.01681	0.01136	0.01409	0.00823	0.00954	0.00709	0.00486	0.00395	0.00132	0.00645	0.00323	0.00236	0.00736
57	0.40866	0.10815	0.01388	0.00966	0.01346	0.01490	0.00817	0.23837	0.01503	0.07558	0.01031	0.01106	0.00772	0.00585	0.00482	0.00166	0.03738	0.00384	0.00412	0.00739
58	0.00717	0.00558	0.00661	0.00719	0.00852	0.00502	0.00551	0.00876	0.01226	0.01538	0.07086	0.24126	0.39798	0.01503	0.00692	0.00211	0.00340	0.17053	0.00517	0.00475
59	0.01046	0.00984	0.01661	0.79205	0.03814	0.01230	0.01538	0.01415	0.01107	0.01415	0.00984	0.01477	0.00738	0.00554	0.00554	0.00185	0.00738	0.00492	0.00246	0.00615
60	0.01622	0.00929	0.01512	0.01238	0.01569	0.00861	0.15310	0.01894	0.01414	0.33084	0.07063	0.06209	0.02090	0.00946	0.00664	0.00200	0.01808	0.20312	0.00540	0.00735
61	0.81099	0.01066	0.00833	0.00739	0.01085	0.01225	0.00609	0.01672	0.00969	0.05549	0.00829	0.00940	0.00631	0.00521	0.00351	0.00171	0.00430	0.00310	0.00357	0.00614
62	0.01481	0.80869	0.02902	0.00948	0.01421	0.02191	0.00948	0.01658	0.01125	0.01303	0.00770	0.00888	0.00711	0.00474	0.00355	0.00118	0.00592	0.00296	0.00237	0.00711
63	0.01598	0.00980	0.01291	0.14276	0.01781	0.00864	0.00867	0.03068	0.01313	0.27310	0.01395	0.01456	0.00994	0.00532	0.00487	0.00131	0.00490	0.00436	0.00439	0.40292
64	0.01371	0.01316	0.02248	0.03399	0.77081	0.01316	0.01700	0.01700	0.01261	0.01809	0.01042	0.01371	0.00877	0.00493	0.00548	0.00164	0.00658	0.00493	0.00274	0.00877
65	0.00992	0.00527	0.00570	0.00570	0.00691	0.00541	0.00427	0.01233	0.01112	0.01924	0.01760	0.02133	0.01435	0.03837	0.11143	0.00247	0.00435	0.00537	0.69378	0.00507
66	0.00807	0.00611	0.00754	0.00745	0.00885	0.00584	0.00561	0.01137	0.07678	0.01977	0.45288	0.14685	0.14921	0.01248	0.00661	0.00189	0.00304	0.05860	0.00572	0.00534

[dist]
# distance from previous block
# <min> <max>
0	1

[block]
# block no. 2 follows, 43 sequences, length 14
# corresponding to MSA columns:
# 1318,1322-1334
name=unknown_C
#
# <colnr> <probs for GDERKNQSTAVLIFYWHMCP>
#	G	D	E	R	K	N	Q	S	T	A	V	L	I	F	Y	W	H	M	C	P
0	0.45359	0.01074	0.00985	0.00858	0.01187	0.01210	0.00692	0.08662	0.16899	0.07654	0.01336	0.01370	0.00996	0.00603	0.00428	0.00170	0.00433	0.00426	0.08954	0.00704
1	0.00962	0.00481	0.00722	0.00722	0.00722	0.00481	0.00481	0.00722	0.00722	0.00962	0.00962	0.01684	0.00962	0.01924	0.02165	0.83886	0.00481	0.00481	0.00241	0.00241
2	0.01371	0.01316	0.02248	0.03399	0.77081	0.01316	0.01700	0.01700	0.01261	0.01809	0.01042	0.01371	0.00877	0.00493	0.00548	0.00164	0.00658	0.00493	0.00274	0.00877
3	0.01344	0.51554	0.09343	0.01109	0.01489	0.01905	0.01087	0.01554	0.01055	0.01349	0.00828	0.01067	0.00758	0.00826	0.05821	0.00201	0.17417	0.00366	0.00242	0.00684
4	0.00695	0.00496	0.00665	0.00794	0.00835	0.00467	0.00549	0.00806	0.01080	0.01436	0.03042	0.73422	0.03620	0.01716	0.00712	0.00228	0.00339	0.08131	0.00514	0.00455
5	0.00694	0.00490	0.00637	0.00746	0.00774	0.00463	0.00488	0.00776	0.01023	0.01364	0.02859	0.68861	0.03419	0.13382	0.01019	0.00271	0.00353	0.01461	0.00488	0.00433
6	0.01148	0.00984	0.01148	0.00820	0.01312	0.00738	0.00656	0.01395	0.01148	0.01805	0.00984	0.01148	0.00820	0.00410	0.00410	0.00082	0.00410	0.00328	0.00328	0.83922
7	0.01362	0.27742	0.23414	0.01526	0.02117	0.01621	0.21855	0.07220	0.01300	0.01745	0.00981	0.01179	0.00767	0.00498	0.00503	0.00155	0.00742	0.00443	0.00276	0.04556
8	0.01492	0.00953	0.01117	0.00978	0.01262	0.00995	0.00763	0.05320	0.32790	0.20564	0.17500	0.09549	0.02484	0.00899	0.00593	0.00184	0.00407	0.00767	0.00598	0.00784
9	0.00672	0.00493	0.00631	0.00742	0.00796	0.00452	0.00501	0.00774	0.01089	0.01425	0.03412	0.69666	0.13940	0.01688	0.00700	0.00220	0.00316	0.01518	0.00514	0.00452
10	0.01331	0.01167	0.03115	0.01461	0.15704	0.09593	0.00957	0.12545	0.02977	0.06497	0.07090	0.26020	0.05496	0.01023	0.00632	0.00185	0.02189	0.00881	0.00454	0.00683
11	0.00874	0.00779	0.01347	0.01152	0.01346	0.00742	0.19056	0.01106	0.01251	0.01705	0.20922	0.36009	0.06595	0.01233	0.00711	0.00202	0.02802	0.01153	0.00472	0.00547
12	0.00687	0.00490	0.00656	0.00785	0.00822	0.00460	0.00535	0.00792	0.01072	0.01427	0.03046	0.76122	0.03637	0.01724	0.00710	0.00227	0.00332	0.05510	0.00514	0.00453
13	0.04730	0.01243	0.03211	0.01119	0.01435	0.07321	0.03114	0.26350	0.06655	0.13342	0.01922	0.21831	0.01765	0.00946	0.00589	0.00185	0.00541	0.02429	0.00517	0.00755

[dist]
# distance from previous block
# <min> <max>
0	3

[block]
# block no. 3 follows, 43 sequences, length 85
# corresponding to MSA columns:
# 1338-1344,1348-1425
name=unknown_D
#
# <colnr> <probs for GDERKNQSTAVLIFYWHMCP>
#	G	D	E	R	K	N	Q	S	T	A	V	L	I	F	Y	W	H	M	C	P
0	0.03470	0.04257	0.06525	0.01331	0.03751	0.13819	0.10033	0.10715	0.04900	0.25710	0.06850	0.01756	0.03031	0.00662	0.00555	0.00167	0.00641	0.00552	0.00478	0.00802
1	0.01260	0.00954	0.01517	0.22316	0.05430	0.01028	0.08934	0.01630	0.05607	0.12774	0.13438	0.04210	0.01984	0.00843	0.00699	0.00194	0.06038	0.10043	0.00430	0.00671
2	0.26396	0.01089	0.04048	0.03562	0.01372	0.00947	0.00730	0.01522	0.03123	0.02009	0.00955	0.01110	0.00770	0.00460	0.00403	0.00119	0.00444	0.00337	0.00332	0.50271
3	0.01178	0.01172	0.02100	0.41732	0.14886	0.01304	0.18308	0.01590	0.03777	0.01592	0.01055	0.01466	0.00817	0.00551	0.00640	0.00183	0.04856	0.00531	0.00270	0.01990
4	0.00753	0.00528	0.00619	0.00648	0.00688	0.00506	0.00405	0.00813	0.00980	0.01295	0.08074	0.23167	0.11586	0.45376	0.01869	0.00390	0.00432	0.01057	0.00422	0.00394
5	0.01416	0.01325	0.01114	0.01016	0.01251	0.21893	0.00766	0.11132	0.09318	0.05852	0.06452	0.16101	0.14656	0.04343	0.00685	0.00192	0.00562	0.00819	0.00469	0.00639
6	0.01295	0.00702	0.00946	0.02373	0.04020	0.00637	0.00664	0.01506	0.01433	0.24780	0.29716	0.16484	0.10992	0.01093	0.00627	0.00183	0.00362	0.00953	0.00586	0.00647
7	0.01927	0.11872	0.01739	0.01372	0.01656	0.62820	0.01067	0.02072	0.01456	0.01347	0.00835	0.01003	0.00714	0.00592	0.00592	0.00148	0.07503	0.00360	0.00276	0.00647
8	0.70472	0.04325	0.02902	0.00827	0.01186	0.07240	0.00699	0.03766	0.01051	0.02362	0.00799	0.00926	0.00625	0.00522	0.00366	0.00167	0.00494	0.00313	0.00337	0.00623
9	0.00753	0.00743	0.06589	0.00739	0.00934	0.00566	0.00625	0.00949	0.01246	0.01591	0.13403	0.09736	0.40766	0.07683	0.00837	0.00225	0.00375	0.11256	0.00490	0.00496
10	0.05363	0.00856	0.01061	0.00940	0.01168	0.00870	0.03571	0.10949	0.07889	0.09543	0.09986	0.24127	0.08350	0.03773	0.03366	0.00224	0.02400	0.00923	0.00505	0.04137
11	0.00893	0.00680	0.00929	0.01092	0.06891	0.00672	0.00801	0.02701	0.04001	0.01703	0.08545	0.23204	0.09010	0.01413	0.00705	0.00225	0.00438	0.35048	0.00504	0.00544
12	0.04359	0.17122	0.06806	0.04594	0.07720	0.03185	0.01077	0.10673	0.34472	0.02120	0.01538	0.01545	0.01181	0.00630	0.00508	0.00167	0.00556	0.00498	0.00426	0.00822
13	0.84448	0.01071	0.00814	0.00728	0.01071	0.01242	0.00600	0.01628	0.00943	0.02485	0.00771	0.00900	0.00600	0.00514	0.00343	0.00171	0.00428	0.00300	0.00343	0.00600
14	0.04704	0.02549	0.01312	0.03083	0.03586	0.07079	0.02296	0.15084	0.17263	0.12673	0.03541	0.09066	0.06211	0.00948	0.03592	0.00203	0.00559	0.01624	0.00494	0.04132
15	0.01146	0.09434	0.69767	0.01541	0.02325	0.01365	0.03500	0.01746	0.01168	0.01716	0.00978	0.01152	0.00705	0.00520	0.00514	0.00171	0.00802	0.00405	0.00235	0.00808
16	0.00782	0.00569	0.00798	0.00812	0.00881	0.00631	0.00592	0.00924	0.00889	0.01251	0.01710	0.10793	0.01771	0.21414	0.52776	0.00738	0.01143	0.00746	0.00329	0.00453
17	0.01045	0.00948	0.01573	0.73133	0.03570	0.01175	0.01449	0.01405	0.01112	0.01465	0.01048	0.01522	0.00791	0.00561	0.00541	0.00180	0.00701	0.00494	0.06679	0.00608
18	0.03735	0.31770	0.05353	0.01529	0.09119	0.12212	0.15253	0.01837	0.01280	0.08858	0.01172	0.01313	0.03189	0.00540	0.00486	0.00150	0.00703	0.00449	0.00310	0.00741
19	0.01685	0.01635	0.01711	0.03570	0.24528	0.20626	0.01221	0.16082	0.15767	0.03403	0.01352	0.01551	0.01074	0.00628	0.00546	0.00167	0.00687	0.02553	0.00398	0.00816
20	0.01063	0.00866	0.00972	0.00917	0.01141	0.00925	0.00719	0.03687	0.33564	0.02087	0.20229	0.05125	0.15078	0.01064	0.00628	0.00193	0.00382	0.10130	0.00558	0.00673
21	0.00732	0.00540	0.00684	0.00699	0.00808	0.00492	0.00505	0.00925	0.01368	0.01868	0.43847	0.27360	0.15414	0.01355	0.00670	0.00191	0.00282	0.01200	0.00567	0.00492
22	0.03942	0.08057	0.16468	0.23677	0.20244	0.10368	0.03082	0.04776	0.01273	0.01686	0.00978	0.01266	0.00765	0.00531	0.00520	0.00167	0.00742	0.00443	0.00271	0.00743
23	0.01755	0.08397	0.18645	0.01334	0.01817	0.17840	0.01252	0.30506	0.09054	0.02363	0.01199	0.01260	0.00894	0.00607	0.00521	0.00162	0.00721	0.00445	0.00401	0.00826
24	0.00671	0.00515	0.00616	0.00696	0.00789	0.00460	0.00486	0.00787	0.01141	0.01450	0.04025	0.50244	0.31557	0.01604	0.00688	0.00211	0.00309	0.02777	0.00514	0.00458
25	0.01174	0.00750	0.00857	0.00787	0.00942	0.00763	0.00567	0.10889	0.06465	0.08707	0.04597	0.10922	0.06030	0.30625	0.01413	0.00313	0.00457	0.03629	0.09554	0.00559
26	0.01563	0.01252	0.01632	0.01880	0.26366	0.01347	0.01163	0.11127	0.35934	0.09115	0.01739	0.01733	0.01305	0.00650	0.00557	0.00176	0.00534	0.00561	0.00478	0.00891
27	0.00867	0.00619	0.00863	0.00990	0.01106	0.00615	0.00847	0.01103	0.01249	0.01628	0.02947	0.15058	0.03244	0.01554	0.00758	0.00251	0.00487	0.64799	0.00510	0.00503
28	0.01307	0.01336	0.02134	0.25232	0.31800	0.07475	0.14457	0.01652	0.01242	0.01650	0.01020	0.01380	0.00813	0.00508	0.00556	0.00168	0.00743	0.00500	0.00271	0.05755
29	0.00873	0.00488	0.00691	0.00720	0.00742	0.00473	0.00484	0.00738	0.00840	0.01106	0.01801	0.19473	0.07647	0.01840	0.01719	0.58528	0.00429	0.00780	0.00323	0.00305
30	0.01173	0.01095	0.01643	0.01193	0.01666	0.00922	0.17769	0.01460	0.01169	0.01766	0.01069	0.03697	0.00910	0.00488	0.00535	0.00117	0.03863	0.00448	0.00319	0.58699
31	0.01430	0.01260	0.07063	0.01103	0.04294	0.08979	0.00883	0.13783	0.06616	0.11619	0.03686	0.13663	0.15069	0.00923	0.00578	0.00172	0.00516	0.00765	0.00479	0.07118
32	0.05192	0.01626	0.21867	0.01218	0.01716	0.01255	0.01190	0.13066	0.23324	0.21203	0.01700	0.01623	0.01189	0.00652	0.00541	0.00177	0.00573	0.00518	0.00495	0.00875
33	0.00678	0.00562	0.00594	0.00586	0.00763	0.00478	0.00440	0.00841	0.01319	0.01630	0.18760	0.05110	0.63624	0.01353	0.00654	0.00185	0.00277	0.01138	0.00532	0.00478
34	0.00760	0.00515	0.00681	0.00786	0.00849	0.00479	0.00548	0.00875	0.01107	0.04398	0.03146	0.67765	0.07435	0.01662	0.00702	0.00223	0.00339	0.06733	0.00520	0.00474
35	0.01434	0.01218	0.01284	0.01138	0.01462	0.01404	0.00890	0.08521	0.70411	0.02407	0.02183	0.02009	0.01633	0.00745	0.00563	0.00186	0.00452	0.00616	0.00563	0.00882
36	0.01402	0.01102	0.01262	0.00922	0.01402	0.00947	0.00746	0.16992	0.01472	0.05107	0.01104	0.01215	0.00867	0.00475	0.00446	0.00103	0.00454	0.00373	0.00390	0.63219
37	0.00673	0.00535	0.00589	0.00627	0.00753	0.00468	0.00442	0.00789	0.01165	0.01438	0.04534	0.27631	0.48916	0.07845	0.00844	0.00226	0.00313	0.01261	0.00500	0.00452
38	0.08397	0.00877	0.01075	0.00872	0.01218	0.00826	0.00707	0.02322	0.07412	0.48848	0.01997	0.01864	0.01348	0.00669	0.00503	0.00163	0.00418	0.00534	0.19135	0.00816
39	0.24174	0.46799	0.02096	0.00915	0.01339	0.05399	0.00844	0.01789	0.01147	0.09880	0.00928	0.01005	0.00752	0.00512	0.00381	0.00140	0.00554	0.00328	0.00317	0.00702
40	0.00883	0.00631	0.00882	0.01010	0.01133	0.00630	0.00877	0.01132	0.01266	0.01647	0.02937	0.09353	0.03207	0.01539	0.00763	0.00254	0.00502	0.70338	0.00510	0.00507
41	0.00790	0.00526	0.00608	0.00631	0.00642	0.00520	0.00370	0.00816	0.00864	0.01170	0.01984	0.17433	0.02292	0.63482	0.02352	0.00466	0.00488	0.00935	0.03270	0.00363
42	0.01221	0.01101	0.01766	0.38442	0.29036	0.01228	0.01452	0.07720	0.01286	0.01742	0.01209	0.07511	0.01043	0.00635	0.00560	0.00178	0.00658	0.00577	0.01916	0.00720
43	0.04963	0.19562	0.28925	0.01237	0.01782	0.02798	0.01319	0.10865	0.08642	0.08378	0.01307	0.01547	0.01023	0.00624	0.00503	0.00166	0.00645	0.04553	0.00365	0.00796
44	0.00776	0.00576	0.00724	0.00800	0.00886	0.00561	0.00577	0.01019	0.06920	0.01567	0.09006	0.46214	0.09461	0.06850	0.00837	0.00240	0.00364	0.11619	0.00513	0.00491
45	0.05065	0.01752	0.03388	0.01701	0.12523	0.27020	0.09630	0.03778	0.10933	0.01732	0.01099	0.01290	0.00887	0.00603	0.00673	0.00166	0.09826	0.00460	0.00325	0.07149
46	0.00673	0.00490	0.00635	0.00751	0.00798	0.00452	0.00505	0.00773	0.01080	0.01422	0.03299	0.72951	0.10728	0.01703	0.00702	0.00221	0.00317	0.01535	0.00514	0.00452
47	0.01879	0.01446	0.01638	0.01498	0.10886	0.03008	0.01092	0.52089	0.10542	0.04326	0.01480	0.03462	0.01135	0.00697	0.00562	0.00171	0.00592	0.02082	0.00516	0.00900
48	0.03087	0.01467	0.01679	0.09402	0.23116	0.14571	0.01200	0.17799	0.01610	0.08761	0.02872	0.01402	0.00991	0.00578	0.00527	0.00156	0.00657	0.00471	0.01959	0.07694
49	0.18799	0.22972	0.04095	0.01032	0.01452	0.04245	0.00910	0.17034	0.10432	0.12188	0.01259	0.01266	0.00939	0.00587	0.00455	0.00157	0.00549	0.00418	0.00424	0.00787
50	0.01139	0.08884	0.71898	0.01530	0.02322	0.01356	0.01961	0.01747	0.01166	0.01719	0.00977	0.01148	0.00702	0.00522	0.00513	0.00171	0.00801	0.00401	0.00234	0.00810
51	0.01075	0.00929	0.01170	0.09330	0.10440	0.00999	0.00881	0.01816	0.29408	0.01954	0.15386	0.05620	0.16865	0.00927	0.00599	0.00184	0.00431	0.00799	0.00493	0.00694
52	0.01245	0.01002	0.01038	0.00958	0.01167	0.07135	0.00722	0.15602	0.13047	0.04443	0.14030	0.27769	0.05819	0.02570	0.00662	0.00196	0.00447	0.00972	0.00528	0.00651
53	0.01330	0.00892	0.01037	0.00966	0.02972	0.00912	0.00728	0.02044	0.30035	0.17044	0.08528	0.09224	0.18598	0.00997	0.00604	0.00187	0.00394	0.02207	0.00569	0.00733
54	0.00925	0.00590	0.00754	0.00699	0.00825	0.00549	0.00504	0.01124	0.01399	0.07996	0.54081	0.03842	0.04201	0.18797	0.01128	0.00255	0.00340	0.00922	0.00555	0.00515
55	0.00712	0.00510	0.00676	0.00746	0.00811	0.00474	0.00517	0.00864	0.01232	0.01687	0.27970	0.54480	0.04191	0.01531	0.00689	0.00208	0.00301	0.01381	0.00546	0.00474
56	0.08523	0.02037	0.01451	0.01282	0.01601	0.44172	0.00987	0.12636	0.18276	0.01962	0.01228	0.01276	0.00954	0.00620	0.00509	0.00158	0.00773	0.00432	0.00390	0.00733
57	0.01371	0.01316	0.02248	0.03399	0.77081	0.01316	0.01700	0.01700	0.01261	0.01809	0.01042	0.01371	0.00877	0.00493	0.00548	0.00164	0.00658	0.00493	0.00274	0.00877
58	0.00757	0.00540	0.00604	0.00611	0.00667	0.00512	0.00381	0.00813	0.00980	0.01268	0.06944	0.09982	0.20872	0.50458	0.02000	0.00406	0.00442	0.00966	0.00409	0.00387
59	0.15228	0.01188	0.01246	0.01000	0.01361	0.01287	0.00817	0.37996	0.04015	0.12289	0.01464	0.01492	0.01053	0.00642	0.00488	0.00161	0.00491	0.00481	0.16497	0.00803
60	0.54184	0.25232	0.01453	0.00798	0.01174	0.01491	0.00706	0.01634	0.01037	0.03583	0.03992	0.01052	0.00843	0.00531	0.00364	0.00155	0.00472	0.00333	0.00329	0.00637
61	0.01868	0.01223	0.01253	0.01067	0.01384	0.12599	0.00852	0.15947	0.04936	0.28797	0.02956	0.08367	0.01593	0.00945	0.03280	0.00201	0.00588	0.06500	0.04869	0.00776
62	0.00685	0.00508	0.00639	0.00720	0.00796	0.00463	0.00497	0.00811	0.01165	0.01534	0.13065	0.55692	0.18216	0.01592	0.00690	0.00211	0.00306	0.01421	0.00526	0.00463
63	0.01205	0.01262	0.02517	0.12026	0.17738	0.01238	0.41253	0.01583	0.01241	0.01689	0.01339	0.11726	0.01203	0.00649	0.00627	0.00187	0.00773	0.00721	0.00305	0.00718
64	0.08197	0.05445	0.25112	0.01549	0.07718	0.12674	0.05490	0.16650	0.06602	0.02119	0.01105	0.01239	0.00833	0.00576	0.00545	0.00168	0.02398	0.00442	0.00343	0.00795
65	0.00689	0.00508	0.00631	0.00720	0.00785	0.00466	0.00490	0.00793	0.01096	0.01426	0.04977	0.55579	0.18364	0.07967	0.00866	0.00242	0.00334	0.03119	0.00502	0.00447
66	0.01730	0.02045	0.30523	0.01374	0.01949	0.04471	0.01411	0.37887	0.03963	0.07392	0.01263	0.01311	0.00889	0.00612	0.00542	0.00170	0.00691	0.00466	0.00430	0.00882
67	0.01148	0.00984	0.01148	0.00820	0.01312	0.00738	0.00656	0.01395	0.01148	0.01805	0.00984	0.01148	0.00820	0.00410	0.00410	0.00082	0.00410	0.00328	0.00328	0.83922
68	0.00921	0.06530	0.01149	0.01012	0.01189	0.00799	0.06466	0.01236	0.07257	0.01607	0.02833	0.27484	0.08786	0.01360	0.00684	0.00220	0.00467	0.28971	0.00478	0.00551
69	0.01288	0.08944	0.63425	0.01464	0.02213	0.01308	0.01825	0.01848	0.01210	0.09862	0.01104	0.01224	0.00774	0.00539	0.00516	0.00170	0.00763	0.00416	0.00283	0.00823
70	0.00673	0.00488	0.00636	0.00754	0.00799	0.00451	0.00507	0.00773	0.01077	0.01420	0.03258	0.74176	0.09530	0.01708	0.00703	0.00222	0.00318	0.01542	0.00514	0.00451
71	0.01148	0.00984	0.01148	0.00820	0.01312	0.00738	0.00656	0.01395	0.01148	0.01805	0.00984	0.01148	0.00820	0.00410	0.00410	0.00082	0.00410	0.00328	0.00328	0.83922
72	0.01956	0.00966	0.01229	0.00940	0.01372	0.00828	0.00764	0.02285	0.07200	0.47015	0.03500	0.01726	0.01315	0.00617	0.00515	0.00146	0.00445	0.00503	0.00566	0.26113
73	0.00675	0.00482	0.00643	0.00771	0.00803	0.00450	0.00514	0.00771	0.01060	0.01414	0.03053	0.80175	0.03663	0.01735	0.00707	0.00225	0.00321	0.01574	0.00514	0.00450
74	0.01861	0.00901	0.01074	0.00869	0.01188	0.00876	0.00703	0.16079	0.01632	0.34987	0.03721	0.01897	0.01400	0.00678	0.00499	0.00156	0.00418	0.00542	0.29735	0.00783
75	0.00847	0.00542	0.00632	0.00632	0.00673	0.00558	0.00402	0.00927	0.00887	0.01297	0.01716	0.03096	0.01800	0.53151	0.14285	0.00515	0.00633	0.00716	0.16295	0.00395
76	0.01307	0.01494	0.03268	0.02334	0.02894	0.01401	0.75070	0.01774	0.01307	0.01774	0.01120	0.01494	0.00840	0.00467	0.00654	0.00187	0.00934	0.00654	0.00280	0.00747
77	0.00675	0.00482	0.00643	0.00771	0.00803	0.00450	0.00514	0.00771	0.01060	0.01414	0.03053	0.80175	0.03663	0.01735	0.00707	0.00225	0.00321	0.01574	0.00514	0.00450
78	0.00805	0.00537	0.00604	0.00604	0.00604	0.00537	0.00336	0.00805	0.00805	0.01074	0.01745	0.03624	0.02013	0.80536	0.02819	0.00537	0.00537	0.00805	0.00336	0.00336
79	0.01773	0.01413	0.01640	0.03744	0.01690	0.01670	0.01097	0.47261	0.07750	0.02749	0.01226	0.01359	0.00935	0.00751	0.00898	0.00189	0.22054	0.00504	0.00460	0.00835
80	0.00802	0.00582	0.00777	0.00857	0.00969	0.00557	0.00689	0.01014	0.01293	0.01717	0.19640	0.21780	0.09720	0.01476	0.00718	0.00225	0.00395	0.35760	0.00533	0.00496
81	0.01032	0.00516	0.00516	0.00516	0.00645	0.00516	0.00387	0.01290	0.01161	0.02065	0.01807	0.02065	0.01420	0.00645	0.00387	0.00129	0.00258	0.00516	0.83611	0.00516
82	0.01521	0.01256	0.01390	0.01179	0.01475	0.06991	0.05425	0.32910	0.11916	0.02437	0.01929	0.25311	0.01845	0.00982	0.00604	0.00186	0.00548	0.00841	0.00506	0.00750
83	0.03153	0.01383	0.01645	0.01855	0.24429	0.05960	0.01167	0.16784	0.33050	0.02341	0.01593	0.01625	0.01218	0.00641	0.00549	0.00174	0.00572	0.00539	0.00453	0.00871
84	0.01910	0.01102	0.01299	0.01066	0.01355	0.06388	0.00867	0.10574	0.01481	0.36557	0.01654	0.01685	0.01173	0.00938	0.05675	0.00221	0.14041	0.00521	0.10709	0.00784

[dist]
# distance from previous block
# <min> <max>
0	1

[block]
# block no. 4 follows, 43 sequences, length 37
# corresponding to MSA columns:
# 1427-1463
name=unknown_E
#
# <colnr> <probs for GDERKNQSTAVLIFYWHMCP>
#	G	D	E	R	K	N	Q	S	T	A	V	L	I	F	Y	W	H	M	C	P
0	0.04199	0.01343	0.01489	0.01171	0.01588	0.01447	0.00959	0.45343	0.14160	0.19954	0.01657	0.01562	0.01150	0.00680	0.00551	0.00171	0.00546	0.00527	0.00580	0.00923
1	0.01075	0.01369	0.14040	0.01659	0.03368	0.01129	0.30986	0.01415	0.01156	0.01611	0.01636	0.25164	0.01658	0.00919	0.00784	0.00203	0.09965	0.00870	0.00339	0.00654
2	0.00687	0.00502	0.00647	0.00738	0.00800	0.00462	0.00505	0.00810	0.01150	0.01531	0.13191	0.61784	0.11916	0.01618	0.00694	0.00214	0.00309	0.01453	0.00527	0.00462
3	0.00750	0.00581	0.00694	0.00712	0.00868	0.00525	0.00565	0.00953	0.01353	0.01744	0.25464	0.05210	0.38243	0.01356	0.00681	0.00200	0.00331	0.18735	0.00541	0.00494
4	0.00707	0.00578	0.00629	0.00634	0.00801	0.00509	0.00475	0.00912	0.03668	0.01634	0.16283	0.11367	0.54633	0.01372	0.00660	0.00191	0.00294	0.03634	0.00531	0.00489
5	0.01074	0.00905	0.01068	0.00813	0.01232	0.00693	0.00634	0.01296	0.01135	0.01743	0.01312	0.13649	0.01270	0.00620	0.00457	0.00105	0.00396	0.00525	0.00358	0.70719
6	0.00682	0.00504	0.00639	0.00728	0.00796	0.00460	0.00499	0.00803	0.01146	0.01510	0.11004	0.59734	0.16231	0.01617	0.00693	0.00213	0.00308	0.01447	0.00524	0.00460
7	0.00731	0.00537	0.00709	0.00808	0.00889	0.00515	0.00602	0.00878	0.01122	0.01469	0.03245	0.46630	0.13428	0.01846	0.07243	0.00282	0.00456	0.17644	0.00495	0.00470
8	0.02454	0.00992	0.01316	0.01009	0.01438	0.00887	0.00833	0.08537	0.01667	0.71511	0.02116	0.01840	0.01336	0.00684	0.00557	0.00171	0.00482	0.00552	0.00675	0.00942
9	0.00695	0.00491	0.00637	0.00745	0.00772	0.00464	0.00486	0.00777	0.01020	0.01360	0.02846	0.68066	0.03402	0.14200	0.01041	0.00274	0.00355	0.01453	0.00486	0.00432
10	0.01344	0.14893	0.33398	0.01697	0.02317	0.10523	0.24679	0.01799	0.01253	0.01641	0.00982	0.01206	0.00748	0.00504	0.00536	0.00166	0.00840	0.00462	0.00255	0.00758
11	0.01353	0.01326	0.02349	0.05717	0.65998	0.01323	0.10321	0.01699	0.01262	0.01793	0.01049	0.01389	0.00868	0.00492	0.00561	0.00168	0.00693	0.00512	0.00274	0.00854
12	0.00791	0.00593	0.00890	0.00890	0.00989	0.00692	0.00692	0.00989	0.00890	0.01286	0.01483	0.02176	0.01385	0.04154	0.78341	0.00890	0.01483	0.00593	0.00297	0.00494
13	0.00805	0.00537	0.00604	0.00604	0.00604	0.00537	0.00336	0.00805	0.00805	0.01074	0.01745	0.03624	0.02013	0.80536	0.02819	0.00537	0.00537	0.00805	0.00336	0.00336
14	0.01152	0.01127	0.01614	0.01391	0.01419	0.01542	0.02827	0.01293	0.00865	0.01336	0.00847	0.01360	0.00826	0.01425	0.13017	0.00336	0.66274	0.00504	0.00251	0.00593
15	0.01221	0.01180	0.01924	0.42783	0.36907	0.03373	0.01598	0.01566	0.01190	0.01592	0.01007	0.01416	0.00800	0.00527	0.00550	0.00174	0.00709	0.00489	0.00260	0.00735
16	0.01525	0.01745	0.01272	0.01171	0.01339	0.42580	0.00868	0.01641	0.01233	0.01280	0.01129	0.01771	0.01099	0.19082	0.11761	0.00343	0.08816	0.00503	0.00294	0.00549
17	0.00779	0.00573	0.00826	0.00841	0.00919	0.00645	0.00627	0.00941	0.00900	0.01275	0.01700	0.11526	0.01730	0.13325	0.59865	0.00768	0.01230	0.00735	0.00327	0.00470
18	0.00791	0.00593	0.00890	0.00890	0.00989	0.00692	0.00692	0.00989	0.00890	0.01286	0.01483	0.02176	0.01385	0.04154	0.78341	0.00890	0.01483	0.00593	0.00297	0.00494
19	0.01363	0.01337	0.02368	0.03274	0.68359	0.01326	0.10326	0.01708	0.01266	0.01805	0.01051	0.01385	0.00873	0.00490	0.00561	0.00167	0.00690	0.00512	0.00275	0.00862
20	0.01272	0.01222	0.02100	0.25993	0.53251	0.01293	0.03595	0.01617	0.01216	0.01691	0.01027	0.01406	0.00835	0.00511	0.00553	0.00171	0.00689	0.00497	0.00266	0.00796
21	0.00787	0.00630	0.00990	0.00962	0.01083	0.00591	0.09313	0.00971	0.01201	0.01625	0.16374	0.50724	0.03578	0.01458	0.00696	0.00214	0.00398	0.07398	0.00504	0.00503
22	0.00764	0.00520	0.00616	0.00657	0.00667	0.00510	0.00392	0.00795	0.00885	0.01181	0.02155	0.27655	0.02531	0.55799	0.02156	0.00439	0.00469	0.01047	0.00392	0.00371
23	0.02049	0.04564	0.01585	0.01187	0.01611	0.01522	0.00980	0.48808	0.12595	0.16913	0.01594	0.01517	0.01116	0.00673	0.00548	0.00168	0.00559	0.00519	0.00567	0.00924
24	0.01645	0.46979	0.02527	0.01261	0.01686	0.25994	0.09701	0.01846	0.01286	0.01375	0.00838	0.00994	0.00727	0.00503	0.00436	0.00134	0.00760	0.00357	0.00257	0.00693
25	0.01214	0.07894	0.14362	0.01138	0.01468	0.01017	0.01110	0.10095	0.01418	0.06259	0.02186	0.04093	0.02183	0.01118	0.00653	0.00215	0.00579	0.41888	0.00455	0.00656
26	0.08496	0.10972	0.09224	0.01107	0.01457	0.22408	0.05081	0.07639	0.01376	0.01882	0.01176	0.01353	0.00929	0.00573	0.00453	0.00146	0.00639	0.00424	0.24007	0.00659
27	0.09031	0.01511	0.01591	0.01228	0.01663	0.01678	0.01015	0.69044	0.02464	0.03406	0.01283	0.01294	0.00913	0.00652	0.00536	0.00167	0.00594	0.00482	0.00536	0.00913
28	0.01888	0.27069	0.01999	0.01258	0.01622	0.45411	0.01030	0.10623	0.01552	0.01590	0.00885	0.01003	0.00739	0.00551	0.00461	0.00138	0.00825	0.00354	0.00302	0.00699
29	0.01865	0.10794	0.01714	0.01202	0.01619	0.01695	0.01000	0.49971	0.19316	0.02964	0.01476	0.01447	0.01087	0.00662	0.00533	0.00166	0.00568	0.00504	0.00519	0.00900
30	0.01351	0.01136	0.01199	0.01064	0.01371	0.01282	0.00832	0.10010	0.57806	0.02337	0.04542	0.02430	0.10546	0.00829	0.00576	0.00185	0.00432	0.00687	0.00558	0.00826
31	0.01655	0.57700	0.02507	0.01090	0.01508	0.24736	0.00984	0.01822	0.01257	0.01319	0.00795	0.00921	0.00712	0.00503	0.00398	0.00126	0.00713	0.00314	0.00251	0.00690
32	0.00773	0.00537	0.00675	0.00704	0.00733	0.00551	0.00453	0.00838	0.00881	0.01196	0.01980	0.20385	0.02244	0.46279	0.18838	0.00544	0.00696	0.00931	0.00367	0.00396
33	0.01481	0.80869	0.02902	0.00948	0.01421	0.02191	0.00948	0.01658	0.01125	0.01303	0.00770	0.00888	0.00711	0.00474	0.00355	0.00118	0.00592	0.00296	0.00237	0.00711
34	0.02105	0.01551	0.01662	0.01274	0.01717	0.01717	0.01053	0.75235	0.02604	0.03490	0.01330	0.01330	0.00942	0.00665	0.00554	0.00166	0.00609	0.00499	0.00554	0.00942
35	0.00655	0.00561	0.00561	0.00561	0.00748	0.00468	0.00421	0.00795	0.01262	0.01496	0.05610	0.05330	0.76857	0.01403	0.00655	0.00187	0.00281	0.01169	0.00514	0.00468
36	0.01441	0.72598	0.10830	0.01015	0.01525	0.02095	0.01064	0.01669	0.01130	0.01351	0.00794	0.00918	0.00710	0.00479	0.00373	0.00124	0.00616	0.00308	0.00237	0.00722

[dist]
# distance from previous block
# <min> <max>
0	4

[block]
# block no. 5 follows, 43 sequences, length 62
# corresponding to MSA columns:
# 1468-1525,1528-1531
name=unknown_F
#
# <colnr> <probs for GDERKNQSTAVLIFYWHMCP>
#	G	D	E	R	K	N	Q	S	T	A	V	L	I	F	Y	W	H	M	C	P
0	0.11576	0.01409	0.01845	0.05785	0.40619	0.06466	0.01350	0.18356	0.03571	0.02237	0.01092	0.01304	0.00864	0.00549	0.00522	0.00166	0.00639	0.00466	0.00353	0.00831
1	0.01155	0.12261	0.68660	0.01503	0.02280	0.01395	0.01914	0.01742	0.01164	0.01700	0.00967	0.01135	0.00703	0.00520	0.00506	0.00169	0.00791	0.00396	0.00234	0.00806
2	0.00696	0.00526	0.00650	0.00739	0.00830	0.00479	0.00534	0.00827	0.01149	0.01470	0.03817	0.47890	0.25925	0.01607	0.00698	0.00217	0.00333	0.10635	0.00514	0.00463
