[name]
unknown

[dist]
# distance from previous block
# <min> <max>
16	416

[block]
# block no. 0 follows, 43 sequences, length 12
# corresponding to MSA columns:
# 612-614,631-639
name=unknown_A
#
# <colnr> <probs for GDERKNQSTAVLIFYWHMCP>
#	G	D	E	R	K	N	Q	S	T	A	V	L	I	F	Y	W	H	M	C	P
0	0.01468	0.01168	0.01403	0.01522	0.18422	0.08673	0.00987	0.01840	0.08437	0.14107	0.04924	0.02195	0.04693	0.00705	0.00544	0.00157	0.00535	0.07614	0.00430	0.20176
1	0.01614	0.67098	0.02649	0.00998	0.01450	0.09691	0.00950	0.01791	0.01204	0.06986	0.00884	0.00974	0.00760	0.00499	0.00385	0.00125	0.00624	0.00322	0.00275	0.00721
2	0.06901	0.01242	0.02013	0.08641	0.58723	0.01302	0.01537	0.01618	0.01200	0.01782	0.01152	0.01469	0.03399	0.00563	0.00626	0.00173	0.06068	0.00503	0.00283	0.00807
3	0.00754	0.00521	0.00614	0.00655	0.00677	0.00505	0.00398	0.00794	0.00916	0.01210	0.02410	0.28353	0.07269	0.50196	0.02003	0.00414	0.00451	0.01076	0.00404	0.00381
4	0.06976	0.01500	0.01584	0.01360	0.06704	0.06401	0.01038	0.50047	0.07920	0.08851	0.01385	0.01386	0.00994	0.00647	0.00538	0.00167	0.00602	0.00492	0.00517	0.00893
5	0.01032	0.00516	0.00516	0.00516	0.00645	0.00516	0.00387	0.01290	0.01161	0.02065	0.01807	0.02065	0.01420	0.00645	0.00387	0.00129	0.00258	0.00516	0.83611	0.00516
6	0.04684	0.01411	0.12645	0.01717	0.14248	0.01216	0.14287	0.07643	0.12570	0.06457	0.03999	0.07656	0.03851	0.00734	0.00617	0.00184	0.02850	0.02058	0.00402	0.00772
7	0.01032	0.00516	0.00516	0.00516	0.00645	0.00516	0.00387	0.01290	0.01161	0.02065	0.01807	0.02065	0.01420	0.00645	0.00387	0.00129	0.00258	0.00516	0.83611	0.00516
8	0.01629	0.06974	0.01443	0.04431	0.01564	0.22957	0.00873	0.05005	0.04405	0.10733	0.02965	0.01306	0.00991	0.00541	0.00474	0.00127	0.00617	0.00404	0.00375	0.32187
9	0.01447	0.07448	0.15661	0.01044	0.01457	0.01048	0.01004	0.09264	0.06770	0.18618	0.08277	0.02710	0.13474	0.00857	0.00574	0.00177	0.00513	0.06881	0.00489	0.02288
10	0.22858	0.07412	0.01850	0.06831	0.06953	0.12441	0.14729	0.14510	0.01454	0.04545	0.01023	0.01200	0.00781	0.00543	0.00496	0.00166	0.00685	0.00442	0.00351	0.00731
11	0.01534	0.01217	0.01442	0.01215	0.01426	0.06103	0.00988	0.18255	0.03068	0.10695	0.01276	0.03933	0.01069	0.01338	0.13171	0.00304	0.27976	0.00536	0.00395	0.04061

[dist]
# distance from previous block
# <min> <max>
0	5

[block]
# block no. 1 follows, 43 sequences, length 18
# corresponding to MSA columns:
# 645-662
name=unknown_B
#
# <colnr> <probs for GDERKNQSTAVLIFYWHMCP>
#	G	D	E	R	K	N	Q	S	T	A	V	L	I	F	Y	W	H	M	C	P
0	0.00849	0.00635	0.00809	0.00911	0.07084	0.00586	0.00599	0.01043	0.03674	0.04375	0.17026	0.22032	0.30841	0.01340	0.00738	0.04990	0.00341	0.01100	0.00504	0.00524
1	0.01665	0.01148	0.01429	0.19381	0.02020	0.01266	0.01041	0.23061	0.17573	0.16386	0.07795	0.01854	0.01484	0.00699	0.00565	0.00177	0.00549	0.00576	0.00513	0.00817
2	0.00867	0.19335	0.01150	0.00723	0.00929	0.00872	0.00580	0.01017	0.01208	0.01506	0.11365	0.24632	0.31384	0.01247	0.00599	0.00180	0.00363	0.01058	0.00459	0.00525
3	0.00882	0.00720	0.01034	0.00982	0.01051	0.00891	0.00768	0.01044	0.00873	0.01275	0.01348	0.02110	0.01305	0.10851	0.54762	0.00718	0.18003	0.00591	0.00289	0.00503
4	0.01356	0.54658	0.28025	0.01160	0.01749	0.01887	0.01317	0.01690	0.01140	0.01455	0.00845	0.00983	0.00708	0.00491	0.00413	0.00138	0.00668	0.00334	0.00236	0.00747
5	0.01550	0.01290	0.01617	0.14796	0.14517	0.01450	0.01181	0.25327	0.27689	0.02450	0.01545	0.01618	0.01157	0.00648	0.00556	0.00177	0.00580	0.00541	0.00459	0.00853
6	0.17761	0.01166	0.01211	0.01032	0.01283	0.10617	0.05382	0.10904	0.01440	0.05075	0.20801	0.04944	0.04065	0.05197	0.00764	0.00197	0.06436	0.00654	0.00444	0.00629
7	0.01205	0.01087	0.01690	0.04640	0.40066	0.03917	0.04006	0.01458	0.01234	0.04336	0.05929	0.21928	0.01848	0.00877	0.00638	0.00184	0.03065	0.00805	0.00369	0.00718
8	0.01257	0.01249	0.05860	0.23989	0.02498	0.01285	0.18822	0.01803	0.13206	0.05699	0.01311	0.03723	0.01032	0.00647	0.00732	0.00187	0.10507	0.00572	0.00339	0.05284
9	0.05967	0.01059	0.01321	0.18943	0.01831	0.11358	0.06977	0.04036	0.01076	0.01407	0.01033	0.01531	0.00898	0.01456	0.10685	0.28390	0.00772	0.00485	0.00276	0.00500
10	0.01126	0.00978	0.01209	0.06312	0.05395	0.00787	0.00758	0.01379	0.01158	0.01761	0.01241	0.01412	0.04992	0.00479	0.00441	0.00099	0.00438	0.00394	0.00330	0.69311
11	0.00982	0.00835	0.00885	0.00848	0.01054	0.02971	0.00646	0.01644	0.27529	0.01906	0.16511	0.11381	0.25316	0.01142	0.00628	0.00190	0.00366	0.03997	0.00542	0.00626
12	0.01032	0.00516	0.00516	0.00516	0.00645	0.00516	0.00387	0.01290	0.01161	0.02065	0.01807	0.02065	0.01420	0.00645	0.00387	0.00129	0.00258	0.00516	0.83611	0.00516
13	0.07110	0.18560	0.07884	0.08476	0.01894	0.05330	0.14099	0.05710	0.01298	0.09282	0.04118	0.07883	0.01247	0.00806	0.03791	0.00197	0.00685	0.00571	0.00356	0.00704
14	0.01596	0.06620	0.37142	0.01519	0.05156	0.28830	0.01524	0.01988	0.01348	0.07803	0.01033	0.01161	0.00769	0.00551	0.00511	0.00160	0.00836	0.00400	0.00291	0.00762
15	0.00865	0.00745	0.01036	0.01335	0.20197	0.00693	0.00778	0.01073	0.01301	0.01714	0.18600	0.12602	0.34652	0.01154	0.00633	0.00183	0.00377	0.01009	0.00473	0.00581
16	0.01369	0.00933	0.00871	0.00768	0.00984	0.07181	0.00599	0.18672	0.01533	0.02340	0.01617	0.01805	0.01250	0.00644	0.00435	0.00139	0.00401	0.00499	0.57336	0.00626
17	0.01578	0.14506	0.07005	0.01168	0.01539	0.12854	0.04810	0.16342	0.10268	0.06467	0.01520	0.10054	0.01299	0.00727	0.00521	0.00163	0.00608	0.00584	0.07245	0.00744

[dist]
# distance from previous block
# <min> <max>
15	28

[block]
# block no. 2 follows, 43 sequences, length 13
# corresponding to MSA columns:
# 694-706
name=unknown_C
#
# <colnr> <probs for GDERKNQSTAVLIFYWHMCP>
#	G	D	E	R	K	N	Q	S	T	A	V	L	I	F	Y	W	H	M	C	P
0	0.01392	0.02632	0.01475	0.01609	0.18519	0.06245	0.02704	0.13938	0.13709	0.05278	0.01906	0.22008	0.01827	0.00933	0.00596	0.00186	0.00541	0.03296	0.00456	0.00746
1	0.01378	0.03461	0.03308	0.01618	0.04242	0.07504	0.26440	0.03388	0.19973	0.04914	0.04623	0.03791	0.01341	0.00860	0.04959	0.00223	0.06220	0.00621	0.00389	0.00746
2	0.00982	0.00640	0.00739	0.04872	0.00940	0.00698	0.00562	0.01206	0.01138	0.01824	0.02368	0.02563	0.16076	0.00831	0.00633	0.00158	0.10531	0.00639	0.52077	0.00524
3	0.01448	0.01482	0.11446	0.03925	0.09175	0.01355	0.15655	0.24474	0.04319	0.02198	0.01356	0.01753	0.02671	0.10945	0.00933	0.00225	0.04923	0.00575	0.00378	0.00763
4	0.00776	0.00565	0.00705	0.00701	0.00789	0.00563	0.00497	0.00912	0.01083	0.01461	0.18115	0.03791	0.15262	0.29105	0.19721	0.00473	0.00658	0.03961	0.00422	0.00442
5	0.17682	0.03540	0.11766	0.20269	0.20258	0.01315	0.14168	0.01637	0.01154	0.01823	0.00975	0.01285	0.00756	0.00511	0.00519	0.00175	0.00698	0.00466	0.00276	0.00726
6	0.00743	0.00561	0.00764	0.00786	0.00889	0.00582	0.00588	0.00918	0.01075	0.01468	0.12225	0.19425	0.14781	0.02800	0.39119	0.00541	0.00882	0.00948	0.00419	0.00484
7	0.00694	0.00528	0.00640	0.00686	0.00791	0.00473	0.00486	0.00845	0.01247	0.01634	0.21608	0.37783	0.27613	0.01483	0.00677	0.00201	0.00294	0.01306	0.00537	0.00473
8	0.02074	0.02499	0.01581	0.01407	0.01713	0.68415	0.01068	0.11648	0.01703	0.01631	0.00917	0.01042	0.00743	0.00583	0.00506	0.00146	0.00948	0.00375	0.00320	0.00681
9	0.01604	0.01177	0.01350	0.09781	0.01685	0.01312	0.00933	0.25624	0.27801	0.09419	0.01746	0.01945	0.01356	0.10759	0.00843	0.00223	0.00542	0.00587	0.00508	0.00806
10	0.01535	0.01268	0.01341	0.01159	0.01500	0.01451	0.00915	0.18620	0.60147	0.02571	0.02054	0.01907	0.01528	0.00733	0.00561	0.00183	0.00475	0.00598	0.00561	0.00891
11	0.01529	0.03547	0.05448	0.05849	0.20607	0.01334	0.04911	0.25056	0.04638	0.03796	0.01403	0.01642	0.03595	0.00617	0.00543	0.00160	0.00605	0.02743	0.00401	0.11577
12	0.03903	0.01048	0.01193	0.03159	0.01377	0.01069	0.00790	0.17945	0.17503	0.08623	0.18339	0.02218	0.04052	0.00755	0.00549	0.00159	0.00438	0.00623	0.00523	0.15735

[dist]
# distance from previous block
# <min> <max>
14	28

[block]
# block no. 3 follows, 43 sequences, length 16
# corresponding to MSA columns:
# 735-750
name=unknown_D
#
# <colnr> <probs for GDERKNQSTAVLIFYWHMCP>
#	G	D	E	R	K	N	Q	S	T	A	V	L	I	F	Y	W	H	M	C	P
0	0.30868	0.01303	0.03486	0.17263	0.01911	0.04492	0.01002	0.20403	0.10199	0.02431	0.01140	0.01276	0.00850	0.00591	0.00477	0.00174	0.00574	0.00434	0.00397	0.00730
1	0.01498	0.31091	0.01917	0.01043	0.01425	0.01565	0.03514	0.15998	0.14275	0.06200	0.03356	0.06471	0.07944	0.00741	0.00505	0.00159	0.00524	0.00587	0.00429	0.00757
2	0.01073	0.00780	0.00712	0.00681	0.00829	0.09598	0.00511	0.01319	0.01341	0.02033	0.25960	0.02611	0.02569	0.00794	0.00486	0.00145	0.00346	0.00655	0.47026	0.00533
3	0.01148	0.05828	0.04033	0.04889	0.01358	0.06841	0.06775	0.01399	0.01206	0.01768	0.13229	0.02060	0.03772	0.00765	0.00750	0.00169	0.15543	0.00585	0.27291	0.00588
4	0.11171	0.04262	0.17294	0.04052	0.03794	0.03180	0.01186	0.29133	0.07022	0.02456	0.01501	0.01572	0.06443	0.00674	0.00575	0.00173	0.03799	0.00504	0.00413	0.00796
5	0.01032	0.00516	0.00516	0.00516	0.00645	0.00516	0.00387	0.01290	0.01161	0.02065	0.01807	0.02065	0.01420	0.00645	0.00387	0.00129	0.00258	0.00516	0.83611	0.00516
6	0.01663	0.50771	0.05861	0.01066	0.01511	0.13508	0.00997	0.01953	0.06202	0.10288	0.01057	0.01112	0.00853	0.00534	0.00422	0.00136	0.00640	0.00363	0.00318	0.00743
7	0.01106	0.10141	0.01425	0.01081	0.01319	0.00925	0.11334	0.05338	0.02569	0.06888	0.02367	0.37610	0.04870	0.01198	0.00634	0.00198	0.00487	0.07564	0.00459	0.02490
8	0.06351	0.01261	0.07211	0.01710	0.22672	0.04869	0.03747	0.01703	0.06232	0.08046	0.12985	0.01957	0.04729	0.00678	0.00593	0.00164	0.03735	0.00575	0.00395	0.10390
9	0.01386	0.01106	0.01448	0.01228	0.01453	0.09962	0.09521	0.01635	0.03004	0.15313	0.01403	0.01760	0.01151	0.02116	0.32714	0.00476	0.12760	0.00551	0.00363	0.00649
10	0.01989	0.02471	0.01533	0.01392	0.01681	0.69394	0.01048	0.02296	0.10207	0.01467	0.01018	0.01123	0.00827	0.00592	0.00507	0.00148	0.00934	0.00388	0.00318	0.00669
11	0.00846	0.00621	0.00736	0.00684	0.00801	0.00589	0.00464	0.01004	0.03321	0.01495	0.18354	0.03416	0.08113	0.39568	0.07698	0.00395	0.00513	0.00798	0.00412	0.10171
12	0.00992	0.00928	0.01556	0.27637	0.02261	0.01024	0.12786	0.01253	0.01097	0.01488	0.01648	0.26956	0.01707	0.00960	0.00752	0.00198	0.09468	0.00857	0.00343	0.06087
13	0.00872	0.09960	0.01111	0.00883	0.01020	0.00860	0.00704	0.01058	0.00913	0.01277	0.01413	0.02097	0.01337	0.07496	0.65510	0.00783	0.01333	0.00569	0.00292	0.00512
14	0.01175	0.10317	0.02159	0.01541	0.03325	0.01128	0.34328	0.01474	0.01260	0.05802	0.04625	0.15989	0.10596	0.00868	0.00624	0.00186	0.00643	0.02920	0.00384	0.00656
15	0.07685	0.44489	0.18043	0.01131	0.01651	0.06732	0.01170	0.10299	0.01322	0.01743	0.00887	0.01006	0.00728	0.00516	0.00422	0.00141	0.00655	0.00347	0.00284	0.00747

[dist]
# distance from previous block
# <min> <max>
0	18

[block]
# block no. 4 follows, 43 sequences, length 20
# corresponding to MSA columns:
# 769-788
name=unknown_E
#
# <colnr> <probs for GDERKNQSTAVLIFYWHMCP>
#	G	D	E	R	K	N	Q	S	T	A	V	L	I	F	Y	W	H	M	C	P
0	0.00797	0.00568	0.00763	0.00763	0.00818	0.00623	0.00534	0.00907	0.00852	0.01192	0.01600	0.02819	0.01664	0.38090	0.44788	0.00733	0.01063	0.00688	0.00314	0.00424
1	0.01032	0.00516	0.00516	0.00516	0.00645	0.00516	0.00387	0.01290	0.01161	0.02065	0.01807	0.02065	0.01420	0.00645	0.00387	0.00129	0.00258	0.00516	0.83611	0.00516
2	0.00675	0.00535	0.00607	0.00646	0.00775	0.00467	0.00463	0.00813	0.01227	0.01545	0.12255	0.30240	0.44825	0.01485	0.00672	0.00198	0.00292	0.01287	0.00524	0.00467
3	0.05816	0.01020	0.01440	0.01073	0.01530	0.00876	0.08836	0.02176	0.01400	0.44113	0.01660	0.01586	0.01120	0.00575	0.00516	0.00148	0.00502	0.00490	0.00523	0.24600
4	0.01592	0.03990	0.01549	0.01358	0.04061	0.30076	0.05331	0.14122	0.03827	0.01795	0.01460	0.18202	0.01432	0.00867	0.00679	0.00177	0.07746	0.00683	0.00383	0.00671
5	0.08319	0.01133	0.01241	0.01040	0.01379	0.01228	0.00833	0.21101	0.26708	0.12523	0.07749	0.02011	0.04110	0.00931	0.04841	0.00214	0.00524	0.00596	0.00541	0.02980
6	0.00736	0.00500	0.00667	0.00774	0.00824	0.00465	0.00524	0.00844	0.01100	0.03831	0.06411	0.74234	0.03663	0.01675	0.00700	0.00221	0.00323	0.01516	0.00524	0.00469
7	0.00692	0.00497	0.00660	0.00779	0.00825	0.00465	0.00536	0.00806	0.01098	0.01461	0.05837	0.70636	0.05632	0.01691	0.00707	0.00224	0.00330	0.06149	0.00517	0.00457
8	0.01154	0.01106	0.01897	0.52328	0.24823	0.01273	0.04586	0.01510	0.01154	0.01541	0.01000	0.01440	0.00782	0.00543	0.00587	0.00180	0.02645	0.00499	0.00255	0.00696
9	0.01290	0.32518	0.01976	0.00968	0.01457	0.01354	0.05546	0.01523	0.01150	0.01605	0.00909	0.01068	0.00778	0.00439	0.00404	0.00103	0.00516	0.00336	0.00289	0.45772
10	0.00775	0.00581	0.00805	0.00795	0.00905	0.00621	0.00605	0.00971	0.01082	0.01513	0.19294	0.03047	0.10512	0.07178	0.48020	0.00630	0.01021	0.00761	0.00395	0.00490
11	0.00905	0.00837	0.01550	0.01309	0.01529	0.00785	0.25817	0.01143	0.01181	0.01591	0.06412	0.45977	0.02769	0.01263	0.00689	0.00211	0.00534	0.04501	0.00440	0.00557
12	0.01514	0.01656	0.01726	0.01681	0.10922	0.24202	0.01225	0.04120	0.01171	0.01471	0.00824	0.01173	0.00749	0.00783	0.01230	0.00201	0.43972	0.00449	0.00269	0.00661
13	0.00839	0.00665	0.01019	0.00963	0.01067	0.00762	0.04391	0.01022	0.00906	0.01297	0.01505	0.05109	0.01465	0.11219	0.59650	0.00757	0.05917	0.00647	0.00305	0.00496
14	0.01698	0.04651	0.01707	0.05662	0.01855	0.45283	0.09046	0.01913	0.01404	0.01506	0.00919	0.01110	0.00753	0.00518	0.00494	0.00135	0.00828	0.00388	0.00291	0.19839
15	0.02048	0.01129	0.01351	0.01056	0.01466	0.01107	0.00860	0.25310	0.06657	0.36872	0.01837	0.05962	0.01323	0.00711	0.00549	0.00164	0.00498	0.00574	0.00588	0.09937
16	0.00804	0.00541	0.00622	0.00622	0.00629	0.00547	0.00358	0.00817	0.00811	0.01087	0.01728	0.03531	0.01973	0.75635	0.07665	0.00560	0.00598	0.00792	0.00333	0.00346
17	0.01244	0.00822	0.01101	0.13725	0.01472	0.00902	0.00794	0.18861	0.01250	0.01661	0.01114	0.03811	0.00998	0.01389	0.01469	0.47516	0.00550	0.00518	0.00325	0.00478
18	0.01095	0.01132	0.02271	0.01717	0.02104	0.01048	0.45680	0.01434	0.01244	0.01702	0.05818	0.23203	0.01855	0.00848	0.00652	0.00190	0.00695	0.00904	0.00366	0.06042
19	0.03972	0.07888	0.01589	0.01184	0.01577	0.20452	0.00961	0.25124	0.05899	0.23716	0.01449	0.01401	0.01022	0.00634	0.00521	0.00159	0.00652	0.00466	0.00495	0.00838

[dist]
# distance from previous block
# <min> <max>
1	12

[block]
# block no. 5 follows, 43 sequences, length 39
# corresponding to MSA columns:
# 801-839
name=unknown_F
#
# <colnr> <probs for GDERKNQSTAVLIFYWHMCP>
#	G	D	E	R	K	N	Q	S	T	A	V	L	I	F	Y	W	H	M	C	P
0	0.07127	0.00897	0.01138	0.08419	0.01434	0.00904	0.00793	0.03966	0.04743	0.16723	0.24887	0.02290	0.02314	0.00778	0.00647	0.00164	0.06705	0.00628	0.00490	0.14952
1	0.03763	0.11497	0.01679	0.01237	0.01538	0.21605	0.09759	0.09199	0.05608	0.01781	0.08045	0.09203	0.03010	0.01035	0.06757	0.00224	0.02398	0.00624	0.00378	0.00661
2	0.01121	0.01106	0.01260	0.03618	0.01296	0.11228	0.00912	0.01284	0.01168	0.01575	0.20253	0.15277	0.02352	0.01074	0.01124	0.00207	0.33412	0.00782	0.00386	0.00564
3	0.00801	0.00554	0.00691	0.00691	0.00721	0.00584	0.00444	0.00861	0.00831	0.01138	0.01665	0.03184	0.01822	0.57298	0.25796	0.00644	0.00825	0.00741	0.00324	0.00384
4	0.42922	0.01464	0.10924	0.08448	0.17116	0.07389	0.01129	0.01686	0.01101	0.02069	0.00880	0.01090	0.00691	0.00519	0.00439	0.00169	0.00598	0.00375	0.00302	0.00689
5	0.01650	0.35282	0.14546	0.01272	0.01729	0.32297	0.02843	0.01896	0.01313	0.01408	0.00849	0.00992	0.00713	0.00521	0.00447	0.00139	0.00798	0.00347	0.00257	0.00702
6	0.00720	0.00526	0.00683	0.00765	0.00845	0.00489	0.00553	0.00871	0.01202	0.01600	0.16718	0.48618	0.12136	0.01562	0.00699	0.00215	0.00330	0.10466	0.00531	0.00473
7	0.01329	0.01502	0.11731	0.05208	0.65705	0.01310	0.01739	0.01699	0.01245	0.01792	0.01034	0.01348	0.00851	0.00499	0.00546	0.00166	0.00680	0.00483	0.00268	0.00863
8	0.00965	0.00682	0.00827	0.00778	0.00865	0.00734	0.00538	0.10237	0.01058	0.01445	0.01611	0.02882	0.01682	0.46566	0.26174	0.00601	0.00842	0.00700	0.00351	0.00462
9	0.00873	0.00561	0.00743	0.00751	0.00864	0.00515	0.00542	0.01061	0.01356	0.07863	0.39869	0.35915	0.04262	0.01350	0.00668	0.00195	0.00303	0.01207	0.00576	0.00525
10	0.01636	0.00764	0.00958	0.00796	0.01107	0.00655	0.00637	0.01824	0.01455	0.41898	0.08764	0.03417	0.31758	0.01003	0.00603	0.00178	0.00380	0.00832	0.00612	0.00724
11	0.00799	0.00546	0.00644	0.00631	0.00670	0.00533	0.00391	0.00876	0.01030	0.01411	0.23832	0.03775	0.02959	0.57166	0.02181	0.00430	0.00456	0.00863	0.00416	0.00391
12	0.00789	0.00530	0.00609	0.00625	0.00629	0.00526	0.00358	0.00801	0.00838	0.01117	0.01910	0.13266	0.02221	0.70611	0.02553	0.00498	0.00510	0.00902	0.00358	0.00350
13	0.01032	0.00516	0.00516	0.00516	0.00645	0.00516	0.00387	0.01290	0.01161	0.02065	0.01807	0.02065	0.01420	0.00645	0.00387	0.00129	0.00258	0.00516	0.83611	0.00516
14	0.00932	0.00846	0.01302	0.01177	0.01288	0.00956	0.10140	0.01102	0.01066	0.01466	0.02316	0.33736	0.08215	0.01303	0.01029	0.00225	0.23725	0.08231	0.00404	0.00541
15	0.01548	0.00971	0.01143	0.00975	0.01275	0.01007	0.00770	0.08068	0.28983	0.21877	0.24100	0.02570	0.02589	0.00839	0.00587	0.00178	0.00408	0.00709	0.00608	0.00795
16	0.00766	0.00547	0.00748	0.00876	0.00948	0.00529	0.00673	0.00929	0.01151	0.01516	0.03002	0.49105	0.03463	0.01649	0.00731	0.00238	0.00401	0.31741	0.00512	0.00475
17	0.01215	0.01222	0.01753	0.52681	0.15618	0.08933	0.01493	0.01535	0.01158	0.01468	0.00961	0.01390	0.00758	0.00578	0.00648	0.00182	0.07014	0.00478	0.00254	0.00661
18	0.01904	0.02048	0.01480	0.01299	0.01599	0.45962	0.00995	0.23522	0.01810	0.01991	0.01272	0.11069	0.01152	0.00745	0.00542	0.00160	0.00799	0.00552	0.00393	0.00706
19	0.01523	0.24866	0.01863	0.01140	0.01490	0.14434	0.05041	0.12567	0.08303	0.03336	0.12118	0.02033	0.01702	0.00727	0.00524	0.00160	0.00612	0.06440	0.00408	0.00711
20	0.01300	0.01367	0.11027	0.24175	0.02280	0.01348	0.01232	0.07665	0.39171	0.02067	0.01654	0.01726	0.01231	0.00658	0.00555	0.00184	0.00587	0.00550	0.00428	0.00797
21	0.01899	0.00971	0.01320	0.01075	0.01324	0.01039	0.00871	0.02058	0.01270	0.45436	0.01700	0.01906	0.01262	0.10826	0.01213	0.00238	0.23746	0.00567	0.00511	0.00767
22	0.01032	0.00516	0.00516	0.00516	0.00645	0.00516	0.00387	0.01290	0.01161	0.02065	0.01807	0.02065	0.01420	0.00645	0.00387	0.00129	0.00258	0.00516	0.83611	0.00516
23	0.01434	0.01798	0.12095	0.01929	0.02407	0.12330	0.41222	0.06881	0.01361	0.01777	0.01033	0.01337	0.00798	0.00564	0.00751	0.00184	0.10521	0.00549	0.00289	0.00737
24	0.01240	0.01405	0.05219	0.01982	0.02375	0.01423	0.48428	0.01605	0.01155	0.01626	0.01040	0.01458	0.00844	0.00855	0.06354	0.00250	0.21178	0.00598	0.00270	0.00696
25	0.00689	0.00493	0.00655	0.00762	0.00806	0.00459	0.00515	0.00806	0.01124	0.01515	0.12340	0.70598	0.03860	0.01659	0.00700	0.00219	0.00314	0.01502	0.00526	0.00459
26	0.02485	0.00943	0.01285	0.00985	0.01414	0.00814	0.00814	0.02699	0.01585	0.77465	0.02185	0.01885	0.01371	0.00685	0.00557	0.00171	0.00471	0.00557	0.00685	0.00943
27	0.02069	0.02640	0.01569	0.01427	0.01712	0.78313	0.01070	0.02212	0.01569	0.01355	0.00856	0.00999	0.00713	0.00571	0.00499	0.00143	0.00999	0.00357	0.00285	0.00642
28	0.00675	0.00482	0.00643	0.00771	0.00803	0.00450	0.00514	0.00771	0.01060	0.01414	0.03053	0.80175	0.03663	0.01735	0.00707	0.00225	0.00321	0.01574	0.00514	0.00450
29	0.01032	0.00516	0.00516	0.00516	0.00645	0.00516	0.00387	0.01290	0.01161	0.02065	0.01807	0.02065	0.01420	0.00645	0.00387	0.00129	0.00258	0.00516	0.83611	0.00516
30	0.00770	0.00566	0.00722	0.00683	0.00819	0.00517	0.00512	0.01019	0.01536	0.02145	0.69364	0.04261	0.12698	0.01160	0.00653	0.00176	0.00263	0.01019	0.00600	0.00517
31	0.00750	0.00552	0.00713	0.00822	0.00884	0.00540	0.00577	0.00977	0.07043	0.01507	0.02978	0.67403	0.03464	0.01639	0.00701	0.00225	0.00347	0.07871	0.00518	0.00489
32	0.02070	0.01415	0.01554	0.01213	0.01637	0.01540	0.00995	0.55316	0.11707	0.14371	0.01574	0.01505	0.01100	0.00679	0.00556	0.00170	0.00567	0.00523	0.00575	0.00934
33	0.00994	0.02708	0.01147	0.00991	0.01018	0.01074	0.00752	0.01083	0.00927	0.01336	0.10735	0.02583	0.01832	0.34306	0.02056	0.00354	0.34612	0.00680	0.00328	0.00485
34	0.00795	0.00579	0.00818	0.00818	0.00892	0.00653	0.00602	0.00943	0.00869	0.01232	0.01549	0.02541	0.01543	0.23397	0.59315	0.00801	0.01245	0.00647	0.00306	0.00454
35	0.02141	0.01665	0.01605	0.01268	0.01683	0.14419	0.01029	0.54961	0.02318	0.11362	0.01346	0.01336	0.00951	0.00651	0.00545	0.00163	0.00659	0.00481	0.00524	0.00892
36	0.00931	0.00659	0.00796	0.00843	0.00951	0.03032	0.00612	0.02947	0.02770	0.06231	0.08615	0.49249	0.03252	0.05035	0.00776	0.00227	0.00391	0.09897	0.00515	0.02271
37	0.07942	0.46081	0.29999	0.01160	0.01749	0.01786	0.01321	0.01691	0.01127	0.01561	0.00852	0.00992	0.00699	0.00496	0.00417	0.00143	0.00662	0.00338	0.00244	0.00741
38	0.01298	0.01236	0.02075	0.20342	0.57500	0.01299	0.01629	0.01687	0.04308	0.01742	0.01079	0.01423	0.00880	0.00518	0.00550	0.00170	0.00667	0.00499	0.00280	0.00818

[dist]
# distance from previous block
# <min> <max>
0	2

[block]
# block no. 6 follows, 43 sequences, length 17
# corresponding to MSA columns:
# 842-858
name=unknown_G
#
# <colnr> <probs for GDERKNQSTAVLIFYWHMCP>
#	G	D	E	R	K	N	Q	S	T	A	V	L	I	F	Y	W	H	M	C	P
0	0.06100	0.01471	0.01442	0.01275	0.01389	0.21612	0.01011	0.03225	0.01084	0.01427	0.00936	0.01441	0.00895	0.08094	0.08503	0.00296	0.38451	0.00479	0.00280	0.00589
1	0.02105	0.01551	0.01662	0.01274	0.01717	0.01717	0.01053	0.75235	0.02604	0.03490	0.01330	0.01330	0.00942	0.00665	0.00554	0.00166	0.00609	0.00499	0.00554	0.00942
2	0.01148	0.00984	0.01148	0.00820	0.01312	0.00738	0.00656	0.01395	0.01148	0.01805	0.00984	0.01148	0.00820	0.00410	0.00410	0.00082	0.00410	0.00328	0.00328	0.83922
3	0.01032	0.00516	0.00516	0.00516	0.00645	0.00516	0.00387	0.01290	0.01161	0.02065	0.01807	0.02065	0.01420	0.00645	0.00387	0.00129	0.00258	0.00516	0.83611	0.00516
4	0.02129	0.01552	0.01558	0.05646	0.01764	0.13912	0.01027	0.42091	0.02111	0.20472	0.01435	0.01415	0.00994	0.00648	0.00546	0.00165	0.00647	0.00489	0.00524	0.00875
5	0.01368	0.00839	0.01119	0.06929	0.10235	0.00756	0.00797	0.01580	0.01336	0.24333	0.03225	0.03114	0.31787	0.00915	0.00580	0.00169	0.00430	0.00769	0.00498	0.09220
6	0.00805	0.00537	0.00604	0.00604	0.00604	0.00537	0.00336	0.00805	0.00805	0.01074	0.01745	0.03624	0.02013	0.80536	0.02819	0.00537	0.00537	0.00805	0.00336	0.00336
7	0.00721	0.00530	0.00740	0.00812	0.00877	0.00549	0.00583	0.00860	0.00999	0.01365	0.02507	0.45935	0.05325	0.02703	0.32153	0.00493	0.00791	0.01163	0.00426	0.00469
8	0.01041	0.00759	0.00907	0.00913	0.01071	0.00803	0.00668	0.01648	0.26433	0.06822	0.02627	0.43690	0.02701	0.01482	0.05458	0.00250	0.00443	0.01125	0.00529	0.00630
9	0.01257	0.01074	0.01162	0.01074	0.01313	0.05892	0.00847	0.08649	0.34404	0.01978	0.01899	0.02335	0.01596	0.01881	0.25271	0.00412	0.00827	0.06957	0.00456	0.00715
10	0.01307	0.01494	0.03268	0.02334	0.02894	0.01401	0.75070	0.01774	0.01307	0.01774	0.01120	0.01494	0.00840	0.00467	0.00654	0.00187	0.00934	0.00654	0.00280	0.00747
11	0.01366	0.00900	0.01072	0.00968	0.01229	0.00940	0.00769	0.02146	0.31718	0.16685	0.22827	0.03133	0.02792	0.00942	0.00613	0.00189	0.00405	0.09968	0.00593	0.00745
12	0.01595	0.01198	0.01354	0.01128	0.01443	0.01338	0.00907	0.43049	0.10811	0.02658	0.01577	0.06105	0.01301	0.01646	0.20854	0.00361	0.00801	0.00599	0.00486	0.00790
13	0.01382	0.67997	0.08294	0.00979	0.01440	0.01971	0.00992	0.01588	0.01123	0.01346	0.00987	0.07853	0.00969	0.00588	0.00399	0.00132	0.00585	0.00417	0.00261	0.00696
14	0.01007	0.00843	0.00896	0.00849	0.01010	0.07464	0.00638	0.05841	0.07110	0.02081	0.45630	0.16407	0.03987	0.01137	0.00639	0.00183	0.00377	0.02773	0.00556	0.00573
15	0.01517	0.00960	0.01062	0.00919	0.01176	0.07553	0.00715	0.06673	0.06612	0.24338	0.32626	0.08558	0.03056	0.00940	0.00603	0.00175	0.00427	0.00798	0.00590	0.00703
16	0.06963	0.00796	0.00986	0.00902	0.01143	0.00788	0.00735	0.07538	0.01366	0.21191	0.04107	0.03509	0.11784	0.06387	0.10917	0.00311	0.00596	0.18826	0.00511	0.00644

[dist]
# distance from previous block
# <min> <max>
6	49

[block]
# block no. 7 follows, 43 sequences, length 26
# corresponding to MSA columns:
# 909-934
name=unknown_H
#
# <colnr> <probs for GDERKNQSTAVLIFYWHMCP>
#	G	D	E	R	K	N	Q	S	T	A	V	L	I	F	Y	W	H	M	C	P
0	0.01204	0.13915	0.08814	0.28802	0.05071	0.01407	0.19626	0.01670	0.07015	0.01599	0.01184	0.05134	0.00973	0.00587	0.00553	0.00175	0.00725	0.00556	0.00290	0.00702
1	0.01729	0.01306	0.08954	0.01461	0.07615	0.01136	0.12432	0.12912	0.08343	0.26313	0.06410	0.04689	0.02688	0.00702	0.00581	0.00177	0.00586	0.00625	0.00504	0.00838
2	0.00913	0.00652	0.00790	0.00801	0.00951	0.00635	0.00598	0.01276	0.11855	0.06115	0.17190	0.30308	0.17133	0.01343	0.00663	0.00202	0.00343	0.07121	0.00549	0.00561
3	0.01228	0.01366	0.08861	0.17122	0.36068	0.01252	0.16113	0.01614	0.01257	0.01755	0.06949	0.01613	0.01167	0.00552	0.00576	0.00174	0.00711	0.00557	0.00293	0.00769
4	0.01148	0.00984	0.01148	0.00820	0.01312	0.00738	0.00656	0.01395	0.01148	0.01805	0.00984	0.01148	0.00820	0.00410	0.00410	0.00082	0.00410	0.00328	0.00328	0.83922
5	0.16757	0.00796	0.00834	0.00752	0.00881	0.00863	0.00520	0.08522	0.01029	0.01628	0.01431	0.02642	0.01517	0.49622	0.01969	0.00395	0.04989	0.00642	0.00353	0.03856
6	0.00687	0.00491	0.00653	0.00763	0.00806	0.00458	0.00515	0.00801	0.01116	0.01502	0.11132	0.71843	0.03834	0.01669	0.00701	0.00219	0.00315	0.01512	0.00525	0.00458
7	0.00801	0.00553	0.00686	0.00686	0.00714	0.00581	0.00438	0.00858	0.00830	0.01134	0.01670	0.03210	0.01834	0.58697	0.24413	0.00638	0.00808	0.00745	0.00324	0.00381
8	0.00791	0.00593	0.00890	0.00890	0.00989	0.00692	0.00692	0.00989	0.00890	0.01286	0.01483	0.02176	0.01385	0.04154	0.78341	0.00890	0.01483	0.00593	0.00297	0.00494
9	0.01359	0.01153	0.01873	0.37003	0.33618	0.01264	0.01517	0.06307	0.01303	0.07639	0.01123	0.01456	0.00858	0.00546	0.00552	0.00174	0.00676	0.00498	0.00311	0.00769
10	0.01291	0.01235	0.02104	0.21994	0.59109	0.01295	0.01660	0.01630	0.01223	0.01713	0.01028	0.01397	0.00843	0.00508	0.00550	0.00169	0.00678	0.00493	0.00267	0.00813
11	0.76478	0.01243	0.08164	0.00810	0.01198	0.01247	0.00738	0.01640	0.00964	0.02415	0.00792	0.00925	0.00610	0.00515	0.00360	0.00172	0.00466	0.00310	0.00332	0.00621
12	0.01216	0.01139	0.01910	0.26523	0.47160	0.01215	0.01519	0.01526	0.01170	0.01617	0.01091	0.01619	0.00943	0.08167	0.00767	0.00206	0.00671	0.00523	0.00271	0.00745
13	0.01313	0.04742	0.13314	0.01268	0.01660	0.01130	0.12351	0.12698	0.04764	0.08406	0.08426	0.01983	0.03849	0.01532	0.19650	0.00349	0.00843	0.00601	0.00401	0.00717
14	0.01333	0.00998	0.01120	0.00993	0.01269	0.01081	0.00781	0.09193	0.38193	0.08199	0.20632	0.02825	0.06089	0.00896	0.00597	0.00184	0.00409	0.03864	0.00579	0.00766
15	0.01673	0.01204	0.01482	0.08416	0.16550	0.08037	0.01067	0.12223	0.07346	0.20646	0.01757	0.14049	0.01488	0.00795	0.00574	0.00178	0.00572	0.00680	0.00474	0.00790
16	0.09296	0.16442	0.34342	0.01767	0.19359	0.01424	0.01549	0.01772	0.01187	0.06549	0.01018	0.01184	0.00777	0.00518	0.00485	0.00162	0.00681	0.00407	0.00283	0.00799
17	0.00809	0.00910	0.12584	0.03781	0.01222	0.00653	0.00855	0.01045	0.01168	0.01576	0.08505	0.38586	0.07236	0.03008	0.00721	0.00222	0.00448	0.15678	0.00464	0.00529
18	0.00695	0.00490	0.00637	0.00746	0.00773	0.00463	0.00487	0.00776	0.01022	0.01362	0.02853	0.68521	0.03412	0.13731	0.01028	0.00272	0.00354	0.01457	0.00487	0.00432
19	0.06692	0.13537	0.14730	0.08245	0.01833	0.01498	0.01164	0.15387	0.24241	0.02185	0.01461	0.01625	0.01135	0.00650	0.00516	0.00172	0.00587	0.03132	0.00411	0.00799
20	0.01444	0.01645	0.19450	0.04084	0.33416	0.01324	0.01522	0.09008	0.13807	0.06823	0.01330	0.01471	0.01006	0.00574	0.00547	0.00172	0.00644	0.00500	0.00365	0.00867
21	0.01115	0.00956	0.01126	0.00973	0.01230	0.01022	0.00761	0.01748	0.25702	0.01763	0.01860	0.02109	0.07192	0.06634	0.12790	0.00299	0.10070	0.00583	0.00405	0.21661
22	0.00688	0.00508	0.00618	0.00700	0.00763	0.00466	0.00468	0.00781	0.01072	0.01387	0.03467	0.52392	0.20408	0.12394	0.00983	0.00259	0.00341	0.01376	0.00490	0.00438
23	0.06660	0.26956	0.02363	0.05264	0.09892	0.01544	0.19513	0.01638	0.03871	0.01613	0.01026	0.01308	0.00860	0.00858	0.07980	0.00226	0.03597	0.00464	0.00280	0.04086
24	0.06135	0.07870	0.00932	0.02008	0.00946	0.00765	0.00588	0.01059	0.04061	0.01456	0.03951	0.31598	0.05538	0.16443	0.11690	0.00357	0.00566	0.03130	0.00415	0.00492
25	0.05005	0.01199	0.04203	0.07448	0.11606	0.01175	0.01036	0.24156	0.02911	0.15172	0.04935	0.06721	0.04927	0.00733	0.00553	0.00169	0.00538	0.00608	0.00478	0.06426

[dist]
# distance from previous block
# <min> <max>
6	25

[block]
# block no. 8 follows, 43 sequences, length 27
# corresponding to MSA columns:
# 960-978,980-987
name=unknown_I
#
# <colnr> <probs for GDERKNQSTAVLIFYWHMCP>
#	G	D	E	R	K	N	Q	S	T	A	V	L	I	F	Y	W	H	M	C	P
0	0.00914	0.00677	0.00774	0.03191	0.00899	0.00720	0.00505	0.01257	0.16209	0.01379	0.01984	0.12529	0.02108	0.52185	0.02031	0.00417	0.00497	0.00852	0.00401	0.00469
1	0.01564	0.01275	0.06937	0.01136	0.01477	0.01240	0.00969	0.39834	0.04806	0.05120	0.04240	0.18028	0.01877	0.00977	0.00607	0.00189	0.00534	0.07890	0.00524	0.00774
2	0.01139	0.00952	0.01040	0.00950	0.01199	0.01047	0.00732	0.02196	0.47693	0.02209	0.23630	0.02972	0.10072	0.00923	0.00598	0.00184	0.00373	0.00785	0.00572	0.00736
3	0.05864	0.01260	0.01282	0.01078	0.01420	0.06588	0.00858	0.21697	0.27235	0.12696	0.06848	0.02087	0.07106	0.00768	0.00557	0.00175	0.00503	0.00612	0.00546	0.00820
4	0.00832	0.00638	0.00885	0.00861	0.00927	0.00744	0.00642	0.00969	0.00875	0.01241	0.01602	0.02555	0.03770	0.23703	0.48752	0.00713	0.08865	0.00655	0.00308	0.00463
5	0.19504	0.33618	0.01935	0.01001	0.01405	0.03583	0.00891	0.14341	0.01393	0.11741	0.01048	0.01115	0.00812	0.00572	0.00496	0.00152	0.04894	0.00377	0.00373	0.00749
6	0.00683	0.00488	0.00650	0.00766	0.00805	0.00455	0.00515	0.00791	0.01098	0.01473	0.08501	0.74557	0.03778	0.01691	0.00703	0.00221	0.00317	0.01532	0.00521	0.00455
7	0.10993	0.30618	0.03393	0.01092	0.01467	0.12712	0.02326	0.08417	0.01324	0.10229	0.01052	0.01188	0.00846	0.00832	0.06162	0.00204	0.05695	0.00395	0.00340	0.00716
8	0.84448	0.01071	0.00814	0.00728	0.01071	0.01242	0.00600	0.01628	0.00943	0.02485	0.00771	0.00900	0.00600	0.00514	0.00343	0.00171	0.00428	0.00300	0.00343	0.00600
9	0.13154	0.11525	0.01642	0.08933	0.01691	0.04564	0.01034	0.16477	0.13174	0.02086	0.01131	0.01303	0.00903	0.00690	0.00796	0.00183	0.19159	0.00455	0.00371	0.00731
10	0.00675	0.00482	0.00643	0.00771	0.00803	0.00450	0.00514	0.00771	0.01060	0.01414	0.03053	0.80175	0.03663	0.01735	0.00707	0.00225	0.00321	0.01574	0.00514	0.00450
11	0.01241	0.01209	0.02113	0.27457	0.31232	0.01312	0.13419	0.03557	0.01218	0.01673	0.01087	0.04019	0.00909	0.00590	0.00666	0.00182	0.06543	0.00554	0.00279	0.00739
12	0.01139	0.01149	0.01952	0.47819	0.10523	0.04127	0.15986	0.01498	0.01191	0.01528	0.01354	0.01736	0.06395	0.00594	0.00578	0.00182	0.00745	0.00569	0.00277	0.00657
13	0.00895	0.00502	0.00678	0.00678	0.00696	0.00493	0.00441	0.00748	0.00794	0.01041	0.01603	0.02499	0.08664	0.20378	0.02170	0.56045	0.00474	0.00625	0.00290	0.00285
14	0.56649	0.01092	0.01254	0.19360	0.01896	0.01255	0.08135	0.01592	0.01017	0.02163	0.00856	0.01094	0.00656	0.00519	0.00423	0.00176	0.00551	0.00380	0.00314	0.00618
15	0.03561	0.01495	0.17695	0.01098	0.01619	0.04081	0.01053	0.07242	0.04732	0.23312	0.01397	0.01403	0.00988	0.00555	0.00496	0.00143	0.00555	0.00436	0.00434	0.27704
16	0.00821	0.00570	0.00727	0.00798	0.00855	0.00565	0.00589	0.00940	0.01035	0.01362	0.02424	0.16090	0.02737	0.36609	0.01667	0.00376	0.00494	0.30484	0.00433	0.00424
17	0.01290	0.05403	0.01982	0.23483	0.32001	0.03487	0.03688	0.03429	0.03732	0.01642	0.01019	0.01382	0.00841	0.00656	0.02078	0.00192	0.12186	0.00489	0.00278	0.00742
18	0.00819	0.00595	0.00739	0.00766	0.00864	0.00553	0.00531	0.02315	0.01052	0.01433	0.02391	0.40290	0.02757	0.23271	0.01256	0.00295	0.00416	0.08469	0.00442	0.10746
19	0.06469	0.14333	0.24156	0.01326	0.01856	0.04051	0.06125	0.17027	0.06664	0.08374	0.01195	0.01281	0.00881	0.00587	0.00550	0.00167	0.03328	0.00447	0.00372	0.00811
20	0.01371	0.33468	0.05179	0.01243	0.03089	0.01591	0.07883	0.06993	0.01265	0.04548	0.01395	0.03412	0.02538	0.00777	0.00681	0.00175	0.10564	0.12796	0.00339	0.00692
21	0.00710	0.00511	0.00677	0.00770	0.00832	0.00478	0.00541	0.00850	0.01175	0.01582	0.16644	0.58592	0.06039	0.01600	0.00700	0.00217	0.00323	0.06761	0.00531	0.00468
22	0.01959	0.02474	0.01494	0.01367	0.01639	0.72220	0.01023	0.02100	0.01538	0.01363	0.01130	0.04210	0.03863	0.00649	0.00514	0.00148	0.00944	0.00436	0.00303	0.00628
23	0.00714	0.00507	0.00670	0.00785	0.00826	0.00482	0.00543	0.00821	0.01062	0.01411	0.02909	0.63523	0.03442	0.09450	0.00922	0.00259	0.00366	0.10366	0.00496	0.00446
24	0.01032	0.00516	0.00516	0.00516	0.00645	0.00516	0.00387	0.01290	0.01161	0.02065	0.01807	0.02065	0.01420	0.00645	0.00387	0.00129	0.00258	0.00516	0.83611	0.00516
25	0.01361	0.01706	0.19994	0.01615	0.02187	0.01288	0.26740	0.14317	0.01451	0.02060	0.01087	0.01305	0.00818	0.00515	0.00582	0.00159	0.02708	0.00493	0.00326	0.19289
26	0.07404	0.01013	0.01747	0.20907	0.07773	0.01065	0.19760	0.01439	0.01128	0.04432	0.01393	0.04419	0.01271	0.11823	0.06567	0.00288	0.00747	0.05879	0.00323	0.00620

[dist]
# distance from previous block
# <min> <max>
12	23

[block]
# block no. 9 follows, 43 sequences, length 13
# corresponding to MSA columns:
# 1011-1023
name=unknown_J
#
# <colnr> <probs for GDERKNQSTAVLIFYWHMCP>
#	G	D	E	R	K	N	Q	S	T	A	V	L	I	F	Y	W	H	M	C	P
0	0.00966	0.00808	0.01118	0.29907	0.02000	0.00880	0.00923	0.08110	0.01385	0.01806	0.18694	0.07791	0.21499	0.00979	0.00610	0.00184	0.00480	0.00842	0.00439	0.00578
1	0.01611	0.01486	0.11308	0.15334	0.16758	0.03299	0.04018	0.22847	0.01637	0.10824	0.01262	0.01475	0.00937	0.02604	0.02003	0.00193	0.00687	0.00503	0.00394	0.00819
2	0.01032	0.00516	0.00516	0.00516	0.00645	0.00516	0.00387	0.01290	0.01161	0.02065	0.01807	0.02065	0.01420	0.00645	0.00387	0.00129	0.00258	0.00516	0.83611	0.00516
3	0.03322	0.08437	0.05841	0.14193	0.06665	0.01335	0.26357	0.05866	0.01336	0.06695	0.08988	0.01676	0.01293	0.00609	0.00641	0.00178	0.04923	0.00578	0.00344	0.00723
4	0.00683	0.00499	0.00643	0.00741	0.00800	0.00459	0.00505	0.00800	0.01130	0.01499	0.10296	0.64841	0.11782	0.01642	0.00696	0.00216	0.00311	0.01476	0.00523	0.00459
5	0.01822	0.09181	0.01618	0.01227	0.01593	0.20425	0.00985	0.25766	0.25054	0.04533	0.01473	0.01452	0.01109	0.00651	0.00525	0.00163	0.00646	0.00486	0.00465	0.00826
6	0.00705	0.00505	0.00670	0.00751	0.00810	0.00470	0.00516	0.00847	0.01201	0.01637	0.23435	0.59156	0.04095	0.01568	0.00692	0.00211	0.00305	0.01416	0.00541	0.00470
7	0.01352	0.06347	0.34918	0.11585	0.09337	0.12525	0.01573	0.01772	0.01234	0.04926	0.01009	0.01219	0.00763	0.00541	0.00547	0.00163	0.02888	0.00417	0.00273	0.06611
8	0.01228	0.01325	0.04588	0.40607	0.02929	0.09260	0.14188	0.01694	0.08253	0.01559	0.01125	0.01493	0.00870	0.00734	0.04015	0.00214	0.04443	0.00520	0.00288	0.00667
9	0.00696	0.00509	0.00660	0.00772	0.00834	0.00473	0.00544	0.00815	0.01109	0.01451	0.03361	0.62715	0.12811	0.01671	0.00707	0.00223	0.00337	0.09341	0.00514	0.00459
10	0.00747	0.00559	0.00645	0.00663	0.00811	0.00490	0.00490	0.00904	0.01276	0.03970	0.16294	0.22108	0.43238	0.01418	0.00668	0.00196	0.00302	0.04198	0.00535	0.00489
11	0.01337	0.44237	0.24313	0.01315	0.01864	0.01811	0.09354	0.01675	0.01138	0.01486	0.00869	0.01058	0.00723	0.00523	0.00540	0.00151	0.06246	0.00381	0.00241	0.00738
12	0.00990	0.30388	0.01488	0.00816	0.01038	0.01114	0.00677	0.01134	0.01132	0.01419	0.05637	0.33331	0.10921	0.03385	0.00629	0.00189	0.00430	0.04320	0.00410	0.00552

[dist]
# distance from previous block
# <min> <max>
0	3

[block]
# block no. 10 follows, 43 sequences, length 17
# corresponding to MSA columns:
# 1027-1043
name=unknown_K
#
# <colnr> <probs for GDERKNQSTAVLIFYWHMCP>
#	G	D	E	R	K	N	Q	S	T	A	V	L	I	F	Y	W	H	M	C	P
0	0.00950	0.02877	0.07716	0.05867	0.02847	0.00885	0.13008	0.01174	0.00978	0.01350	0.01417	0.02390	0.01390	0.29138	0.25093	0.00519	0.00930	0.00646	0.00297	0.00528
1	0.26357	0.05645	0.01388	0.08770	0.05275	0.01239	0.00921	0.11058	0.01396	0.26941	0.01336	0.01370	0.00935	0.00612	0.00542	0.00172	0.04362	0.00446	0.00458	0.00776
2	0.01707	0.02427	0.20606	0.09577	0.02137	0.45756	0.04172	0.02013	0.01412	0.03840	0.00955	0.01137	0.00738	0.00557	0.00519	0.00158	0.00908	0.00401	0.00281	0.00697
3	0.01456	0.27487	0.01930	0.01100	0.01492	0.17162	0.07010	0.01678	0.01321	0.04553	0.12392	0.01541	0.01451	0.00588	0.00473	0.00133	0.00614	0.00461	0.00342	0.16815
4	0.01328	0.02286	0.38421	0.14409	0.02318	0.21219	0.01578	0.01736	0.01230	0.01537	0.00976	0.01243	0.00752	0.00761	0.03899	0.04070	0.00865	0.00421	0.00252	0.00698
5	0.00803	0.00548	0.00660	0.00660	0.00680	0.00567	0.00406	0.00841	0.00822	0.01115	0.01694	0.03340	0.01890	0.65563	0.17623	0.00606	0.00722	0.00764	0.00328	0.00367
6	0.00757	0.00593	0.00767	0.00814	0.00889	0.00614	0.00599	0.00884	0.01068	0.01411	0.03119	0.38671	0.18177	0.06229	0.09275	0.00310	0.07685	0.07211	0.00456	0.00471
7	0.04876	0.01695	0.01527	0.01257	0.01636	0.18238	0.01004	0.41808	0.17540	0.02749	0.01399	0.01395	0.01035	0.00657	0.00537	0.00166	0.00652	0.00487	0.00490	0.00851
8	0.00714	0.00509	0.00661	0.00730	0.00798	0.00470	0.00504	0.00832	0.01175	0.01576	0.19638	0.50966	0.11403	0.01577	0.00774	0.05044	0.00313	0.01342	0.00520	0.00456
9	0.00797	0.00568	0.00763	0.00763	0.00819	0.00624	0.00534	0.00908	0.00853	0.01192	0.01599	0.02817	0.01663	0.37960	0.44916	0.00734	0.01065	0.00687	0.00314	0.00424
10	0.00743	0.00544	0.00703	0.00772	0.00846	0.00521	0.00537	0.00966	0.05445	0.01676	0.22307	0.55845	0.03960	0.01522	0.00685	0.00210	0.00312	0.01371	0.00542	0.00493
11	0.02020	0.09461	0.01697	0.01369	0.01687	0.63853	0.01057	0.09519	0.01634	0.01566	0.00896	0.01022	0.00736	0.00572	0.00492	0.00143	0.00924	0.00366	0.00308	0.00678
12	0.00810	0.00596	0.00779	0.00771	0.00855	0.00645	0.00554	0.00998	0.04117	0.01316	0.05122	0.02982	0.07746	0.28890	0.40645	0.00658	0.00979	0.00728	0.00351	0.00457
13	0.01601	0.01215	0.01383	0.01148	0.01461	0.01373	0.00929	0.41895	0.11924	0.02632	0.01482	0.01671	0.01165	0.01699	0.23212	0.00382	0.03019	0.00543	0.00472	0.00794
14	0.07144	0.08883	0.22670	0.08931	0.02025	0.05098	0.01326	0.28694	0.06017	0.02379	0.01148	0.01259	0.00845	0.00589	0.00513	0.00167	0.00674	0.00443	0.00381	0.00815
15	0.01566	0.05285	0.08202	0.01834	0.09197	0.26790	0.24726	0.05307	0.04599	0.01707	0.01267	0.01462	0.04356	0.00573	0.00562	0.00165	0.00839	0.00521	0.00311	0.00730
16	0.04315	0.06883	0.05860	0.17702	0.11864	0.05828	0.01087	0.01555	0.08349	0.04711	0.01140	0.01496	0.00939	0.01005	0.02569	0.22683	0.00632	0.00473	0.00303	0.00606

[dist]
# distance from previous block
# <min> <max>
0	5

[block]
# block no. 11 follows, 43 sequences, length 14
# corresponding to MSA columns:
# 1049-1062
name=unknown_L
#
# <colnr> <probs for GDERKNQSTAVLIFYWHMCP>
#	G	D	E	R	K	N	Q	S	T	A	V	L	I	F	Y	W	H	M	C	P
0	0.04112	0.01032	0.01555	0.13077	0.04422	0.03655	0.15639	0.08630	0.01456	0.01994	0.24857	0.06702	0.07502	0.00851	0.00631	0.00181	0.01862	0.00774	0.00434	0.00635
1	0.01075	0.00972	0.01229	0.27688	0.02009	0.07165	0.00995	0.03847	0.03721	0.01531	0.08606	0.02459	0.03461	0.13467	0.10482	0.00327	0.05487	0.04574	0.00346	0.00561
2	0.00893	0.05756	0.01006	0.01060	0.08155	0.00731	0.00689	0.05333	0.01166	0.01554	0.02524	0.55292	0.02924	0.06591	0.00800	0.00230	0.00409	0.03890	0.00464	0.00531
3	0.00737	0.00530	0.00704	0.00812	0.00880	0.00503	0.00597	0.00880	0.01143	0.01511	0.07054	0.51806	0.07467	0.03938	0.00777	0.00237	0.00368	0.19077	0.00513	0.00466
4	0.01178	0.01299	0.06548	0.28328	0.06666	0.01428	0.17575	0.01502	0.01078	0.01508	0.00934	0.01370	0.00762	0.00666	0.00987	0.00202	0.26529	0.00520	0.00253	0.00667
5	0.01620	0.01277	0.01869	0.01419	0.01854	0.01286	0.21082	0.21123	0.15437	0.11447	0.06319	0.01738	0.01364	0.00634	0.00575	0.00169	0.00608	0.00586	0.00478	0.09116
6	0.00710	0.00522	0.00665	0.00716	0.00804	0.00477	0.00504	0.00869	0.01264	0.01704	0.28847	0.43442	0.14474	0.01480	0.00681	0.00202	0.00295	0.01320	0.00547	0.00477
7	0.01148	0.00984	0.01148	0.00820	0.01312	0.00738	0.00656	0.01395	0.01148	0.01805	0.00984	0.01148	0.00820	0.00410	0.00410	0.00082	0.00410	0.00328	0.00328	0.83922
