[name]
unknown

[dist]
# distance from previous block
# <min> <max>
5	123

[block]
# block no. 0 follows, 53 sequences, length 9
# corresponding to MSA columns:
# 124-132
name=unknown_A
#
# <colnr> <probs for GDERKNQSTAVLIFYWHMCP>
#	G	D	E	R	K	N	Q	S	T	A	V	L	I	F	Y	W	H	M	C	P
0	0.01129	0.00702	0.00892	0.00877	0.05932	0.00697	0.00614	0.11048	0.07118	0.14007	0.06726	0.13639	0.13201	0.01068	0.00829	0.19517	0.00378	0.00687	0.00413	0.00526
1	0.00772	0.00608	0.00671	0.00695	0.00797	0.03643	0.00502	0.08251	0.01090	0.01393	0.02752	0.40335	0.18727	0.09883	0.00777	0.00210	0.00350	0.07689	0.00423	0.00433
2	0.01014	0.00681	0.00978	0.09051	0.03313	0.00665	0.05565	0.05794	0.01143	0.13337	0.09207	0.27760	0.08208	0.00994	0.02413	0.00175	0.00405	0.00823	0.04672	0.03802
3	0.01128	0.01049	0.01562	0.47837	0.22985	0.04772	0.01294	0.10861	0.01168	0.01528	0.00894	0.01216	0.00689	0.00477	0.00475	0.00151	0.00616	0.00420	0.00253	0.00626
4	0.01365	0.01518	0.06283	0.13502	0.15062	0.25555	0.04688	0.12802	0.01273	0.01546	0.00880	0.01115	0.00708	0.00674	0.04838	0.00179	0.06722	0.00396	0.00268	0.00627
5	0.01010	0.00749	0.00913	0.05925	0.01091	0.00844	0.00659	0.12874	0.07078	0.01678	0.01403	0.03913	0.03155	0.03918	0.17124	0.00280	0.09163	0.00499	0.22819	0.04905
6	0.00666	0.00532	0.00747	0.07648	0.00993	0.00542	0.03165	0.00783	0.00926	0.01218	0.02504	0.49091	0.12441	0.08592	0.00804	0.00212	0.04432	0.03903	0.00392	0.00411
7	0.01067	0.00852	0.01114	0.05644	0.05439	0.00877	0.05493	0.18473	0.09521	0.01776	0.05677	0.18554	0.05512	0.04038	0.00667	0.05321	0.00430	0.00689	0.00388	0.08466
8	0.09225	0.00955	0.01151	0.07055	0.01359	0.05097	0.05713	0.11577	0.11735	0.12478	0.01624	0.12361	0.05425	0.00916	0.05676	0.00200	0.05853	0.00596	0.00393	0.00611

[dist]
# distance from previous block
# <min> <max>
2	17

[block]
# block no. 1 follows, 53 sequences, length 24
# corresponding to MSA columns:
# 150-173
name=unknown_B
#
# <colnr> <probs for GDERKNQSTAVLIFYWHMCP>
#	G	D	E	R	K	N	Q	S	T	A	V	L	I	F	Y	W	H	M	C	P
0	0.02526	0.01111	0.03395	0.04830	0.03091	0.05779	0.20739	0.04573	0.20182	0.17049	0.05845	0.04013	0.01265	0.00580	0.00502	0.00153	0.00538	0.00538	0.00399	0.02892
1	0.01026	0.02948	0.01131	0.04528	0.01221	0.02919	0.09427	0.04686	0.15181	0.06707	0.04238	0.20774	0.03585	0.09869	0.00784	0.00199	0.04531	0.01822	0.03876	0.00548
2	0.09378	0.00971	0.01182	0.09035	0.09797	0.06809	0.02366	0.05619	0.02935	0.07263	0.03748	0.06764	0.06747	0.06932	0.00816	0.00183	0.15244	0.00539	0.00323	0.03350
3	0.01006	0.00843	0.01375	0.71432	0.03006	0.01024	0.01239	0.01344	0.03357	0.07357	0.00979	0.01329	0.00718	0.00494	0.00475	0.00157	0.00602	0.00433	0.02276	0.00557
4	0.04588	0.02331	0.00974	0.07243	0.01153	0.06523	0.05469	0.05501	0.01071	0.11584	0.01315	0.01737	0.01099	0.15527	0.02899	0.01390	0.00469	0.00473	0.24349	0.04307
5	0.00674	0.00508	0.00625	0.00636	0.00744	0.00447	0.00437	0.00775	0.00921	0.01261	0.04316	0.48241	0.08514	0.13287	0.00828	0.00208	0.00314	0.01027	0.00394	0.15842
6	0.01113	0.01134	0.01712	0.01377	0.01526	0.05455	0.19315	0.04125	0.00926	0.01334	0.00794	0.01157	0.00701	0.00793	0.04024	0.00207	0.49572	0.00452	0.03723	0.00557
7	0.01055	0.00986	0.00908	0.00864	0.01031	0.15281	0.00641	0.03445	0.26666	0.01605	0.14786	0.21984	0.02198	0.02174	0.00605	0.03625	0.00422	0.00749	0.00425	0.00550
8	0.01329	0.01068	0.01148	0.00945	0.01271	0.01152	0.00753	0.24680	0.39938	0.02211	0.01500	0.01453	0.01125	0.00570	0.00455	0.00138	0.00412	0.00458	0.03230	0.16162
9	0.01540	0.00935	0.01108	0.00864	0.01213	0.00889	0.00697	0.22406	0.05456	0.26389	0.04350	0.07151	0.01235	0.00605	0.00459	0.00130	0.00408	0.00494	0.00462	0.23208
10	0.01105	0.00818	0.01029	0.05489	0.01218	0.00867	0.05872	0.12821	0.19371	0.05740	0.11618	0.06406	0.06819	0.00739	0.00491	0.00152	0.00387	0.03340	0.15116	0.00602
11	0.00692	0.04185	0.15111	0.00810	0.00982	0.00591	0.00718	0.00874	0.00954	0.01295	0.03603	0.58558	0.02595	0.01245	0.00572	0.00183	0.00373	0.05811	0.00392	0.00459
12	0.01086	0.33708	0.24482	0.01069	0.01491	0.04250	0.06027	0.01366	0.01015	0.01307	0.01085	0.01735	0.01013	0.00640	0.00497	0.03649	0.00582	0.14156	0.00250	0.00592
13	0.01098	0.01032	0.01678	0.16793	0.52089	0.01032	0.01279	0.01375	0.01047	0.01499	0.00881	0.01165	0.00727	0.00422	0.00453	0.00132	0.00542	0.00400	0.00241	0.16115
14	0.00883	0.00763	0.01019	0.09588	0.09945	0.02856	0.03262	0.02799	0.13609	0.01663	0.27913	0.13841	0.08191	0.00862	0.00534	0.00159	0.00381	0.00765	0.00420	0.00546
15	0.00731	0.00585	0.00773	0.00714	0.00806	0.00627	0.00552	0.00920	0.01201	0.01701	0.56635	0.07145	0.08931	0.00994	0.00747	0.00164	0.15039	0.00819	0.00459	0.00458
16	0.01714	0.16061	0.01536	0.00997	0.01368	0.03312	0.00843	0.42546	0.09300	0.15699	0.01253	0.01215	0.00897	0.00552	0.00447	0.00138	0.00497	0.00415	0.00443	0.00765
17	0.00695	0.00463	0.00521	0.00521	0.00521	0.00463	0.00290	0.00695	0.00695	0.00927	0.01506	0.03128	0.01738	0.83203	0.02433	0.00463	0.00463	0.00695	0.00290	0.00290
18	0.01338	0.01496	0.01402	0.03486	0.12470	0.32217	0.00978	0.01500	0.01076	0.01291	0.00755	0.00990	0.00656	0.00549	0.00726	0.00140	0.22327	0.00352	0.00241	0.16009
19	0.00864	0.00488	0.00655	0.00699	0.00788	0.00445	0.00490	0.00966	0.00997	0.15530	0.02499	0.68232	0.02804	0.01334	0.00587	0.00186	0.00301	0.01200	0.00470	0.00465
20	0.01693	0.01330	0.01684	0.01265	0.01665	0.01433	0.14902	0.64720	0.02045	0.02745	0.01115	0.01173	0.00797	0.00543	0.00494	0.00147	0.00576	0.00454	0.00435	0.00782
21	0.01251	0.68662	0.02562	0.01034	0.01456	0.01768	0.14828	0.01449	0.00999	0.01198	0.00719	0.00861	0.00634	0.00408	0.00353	0.00113	0.00564	0.00311	0.00211	0.00619
22	0.00791	0.00638	0.00656	0.00595	0.00797	0.00598	0.00462	0.14745	0.01298	0.01602	0.04176	0.03977	0.65738	0.01096	0.00549	0.00158	0.00293	0.00904	0.00450	0.00477
23	0.86579	0.00924	0.00702	0.00629	0.00924	0.01072	0.00518	0.01405	0.00813	0.02144	0.00666	0.00776	0.00518	0.00444	0.00296	0.00148	0.00370	0.00259	0.00296	0.00518

[dist]
# distance from previous block
# <min> <max>
0	5

[block]
# block no. 2 follows, 53 sequences, length 80
# corresponding to MSA columns:
# 179-258
name=unknown_C
#
# <colnr> <probs for GDERKNQSTAVLIFYWHMCP>
#	G	D	E	R	K	N	Q	S	T	A	V	L	I	F	Y	W	H	M	C	P
0	0.09214	0.02323	0.73010	0.01292	0.01958	0.01106	0.01646	0.01503	0.00990	0.01574	0.00839	0.00987	0.00597	0.00453	0.00439	0.00151	0.00674	0.00344	0.00211	0.00688
1	0.78332	0.00936	0.00776	0.00689	0.00956	0.01110	0.00569	0.01380	0.00806	0.02049	0.00662	0.00802	0.00528	0.00482	0.00419	0.00154	0.08272	0.00274	0.00287	0.00518
2	0.00590	0.00478	0.00498	0.00498	0.00643	0.00405	0.00368	0.00680	0.01044	0.01247	0.04455	0.04296	0.72391	0.01254	0.00691	0.08447	0.00259	0.00951	0.00421	0.00385
3	0.00920	0.00873	0.01437	0.72260	0.03045	0.01111	0.01293	0.01213	0.00929	0.01213	0.00823	0.01247	0.00636	0.00521	0.00610	0.00165	0.10539	0.00424	0.00212	0.00530
4	0.09214	0.02323	0.73010	0.01292	0.01958	0.01106	0.01646	0.01503	0.00990	0.01574	0.00839	0.00987	0.00597	0.00453	0.00439	0.00151	0.00674	0.00344	0.00211	0.00688
5	0.00783	0.00661	0.00708	0.00662	0.00788	0.08245	0.00497	0.00999	0.01353	0.01845	0.72330	0.03309	0.04134	0.00930	0.00551	0.00148	0.00287	0.00811	0.00499	0.00461
6	0.01205	0.01019	0.01083	0.00941	0.01233	0.01134	0.00738	0.09323	0.61886	0.02024	0.01872	0.01751	0.04180	0.00634	0.00476	0.00152	0.00385	0.00522	0.00464	0.08980
7	0.00690	0.00523	0.00705	0.08447	0.00958	0.00507	0.00529	0.00918	0.01296	0.01806	0.67101	0.03421	0.09403	0.00945	0.00556	0.00152	0.00266	0.00832	0.00490	0.00455
8	0.01244	0.01155	0.01891	0.02757	0.72629	0.01169	0.01413	0.08907	0.01200	0.01701	0.00923	0.01180	0.00762	0.00440	0.00474	0.00142	0.00564	0.00426	0.00260	0.00762
9	0.00975	0.02358	0.73214	0.01425	0.02110	0.01120	0.09163	0.01515	0.01021	0.01515	0.00868	0.01036	0.00617	0.00449	0.00465	0.00152	0.00716	0.00374	0.00206	0.00700
10	0.00837	0.00457	0.00701	0.08474	0.00880	0.00477	0.00503	0.00680	0.00655	0.00868	0.00832	0.01436	0.00812	0.01546	0.01734	0.77808	0.00437	0.00416	0.00208	0.00239
11	0.00718	0.00668	0.08308	0.00656	0.00742	0.00555	0.00498	0.00808	0.00741	0.01023	0.01395	0.02654	0.01512	0.58083	0.19224	0.00499	0.00663	0.00623	0.00274	0.00359
12	0.08959	0.00531	0.00645	0.00604	0.00734	0.00511	0.00457	0.00950	0.01301	0.01939	0.72322	0.03301	0.04125	0.00926	0.00538	0.00150	0.00239	0.00806	0.00504	0.00457
13	0.01116	0.01241	0.11377	0.02545	0.63108	0.01076	0.01436	0.01427	0.01080	0.01543	0.01051	0.01568	0.00931	0.00516	0.00489	0.00151	0.00572	0.07801	0.00252	0.00720
14	0.00785	0.00838	0.12982	0.00771	0.01004	0.00588	0.03138	0.01063	0.01278	0.04189	0.59179	0.02991	0.05064	0.00853	0.00538	0.00149	0.00327	0.00751	0.00461	0.03051
15	0.86579	0.00924	0.00702	0.00629	0.00924	0.01072	0.00518	0.01405	0.00813	0.02144	0.00666	0.00776	0.00518	0.00444	0.00296	0.00148	0.00370	0.00259	0.00296	0.00518
16	0.01262	0.73518	0.02490	0.00931	0.01343	0.01808	0.07891	0.01474	0.03347	0.01188	0.00731	0.00845	0.00649	0.00416	0.00336	0.00109	0.00534	0.00292	0.00216	0.00621
17	0.01033	0.00821	0.00947	0.00892	0.03676	0.00891	0.00663	0.03990	0.41628	0.04314	0.32531	0.02443	0.02608	0.00766	0.00516	0.00156	0.00330	0.00659	0.00497	0.00640
18	0.00676	0.00489	0.00639	0.00601	0.00714	0.00451	0.00451	0.00902	0.01353	0.01917	0.79969	0.03570	0.04510	0.00977	0.00564	0.00150	0.00225	0.00864	0.00526	0.00451
19	0.01080	0.02274	0.64067	0.01461	0.07456	0.05934	0.03167	0.06268	0.01114	0.01589	0.00873	0.01026	0.00632	0.00461	0.00458	0.00149	0.00697	0.00364	0.00225	0.00706
20	0.01128	0.01289	0.02820	0.02015	0.02498	0.01209	0.78485	0.01531	0.01128	0.01531	0.00967	0.01289	0.00725	0.00403	0.00564	0.00161	0.00806	0.00564	0.00242	0.00645
21	0.00695	0.00463	0.00521	0.00521	0.00521	0.00463	0.00290	0.00695	0.00695	0.00927	0.01506	0.03128	0.01738	0.83203	0.02433	0.00463	0.00463	0.00695	0.00290	0.00290
22	0.01266	0.80548	0.05345	0.00838	0.01257	0.01863	0.00852	0.01434	0.00973	0.01139	0.00672	0.00776	0.00613	0.00411	0.00312	0.00104	0.00518	0.00259	0.00204	0.00617
23	0.01727	0.07853	0.03661	0.01207	0.01477	0.73589	0.00940	0.01865	0.01318	0.01176	0.00737	0.00860	0.00615	0.00486	0.00423	0.00122	0.00834	0.00306	0.00242	0.00562
24	0.00580	0.00426	0.00544	0.00638	0.00686	0.00391	0.00432	0.00669	0.00941	0.01231	0.02964	0.71203	0.14636	0.01455	0.00603	0.00189	0.00272	0.01307	0.00444	0.00391
25	0.00891	0.00445	0.00445	0.00445	0.00557	0.00445	0.00334	0.01114	0.01002	0.01782	0.01559	0.01782	0.01225	0.00557	0.00334	0.00111	0.00223	0.00445	0.85856	0.00445
26	0.00959	0.02472	0.80726	0.01362	0.02069	0.01110	0.01766	0.01514	0.01009	0.01514	0.00858	0.01009	0.00605	0.00454	0.00454	0.00151	0.00706	0.00353	0.00202	0.00706
27	0.00676	0.00489	0.00639	0.00601	0.00714	0.00451	0.00451	0.00902	0.01353	0.01917	0.79969	0.03570	0.04510	0.00977	0.00564	0.00150	0.00225	0.00864	0.00526	0.00451
28	0.01128	0.01289	0.02820	0.02015	0.02498	0.01209	0.78485	0.01531	0.01128	0.01531	0.00967	0.01289	0.00725	0.00403	0.00564	0.00161	0.00806	0.00564	0.00242	0.00645
29	0.01817	0.01339	0.01434	0.01100	0.01482	0.01482	0.00908	0.78627	0.02247	0.03012	0.01148	0.01148	0.00813	0.00574	0.00478	0.00143	0.00526	0.00430	0.00478	0.00813
30	0.01278	0.83490	0.02505	0.00818	0.01227	0.01891	0.00818	0.01431	0.00971	0.01125	0.00664	0.00767	0.00613	0.00409	0.00307	0.00102	0.00511	0.00256	0.00204	0.00613
31	0.01183	0.01136	0.01940	0.02934	0.80221	0.01136	0.01467	0.01467	0.01088	0.01562	0.00899	0.01183	0.00757	0.00426	0.00473	0.00142	0.00568	0.00426	0.00237	0.00757
32	0.02144	0.00813	0.01109	0.00850	0.01220	0.00702	0.00702	0.02329	0.01368	0.80552	0.01886	0.01627	0.01183	0.00592	0.00481	0.00148	0.00407	0.00481	0.00592	0.00813
33	0.01817	0.01339	0.01434	0.01100	0.01482	0.01482	0.00908	0.78627	0.02247	0.03012	0.01148	0.01148	0.00813	0.00574	0.00478	0.00143	0.00526	0.00430	0.00478	0.00813
34	0.00676	0.00489	0.00639	0.00601	0.00714	0.00451	0.00451	0.00902	0.01353	0.01917	0.79969	0.03570	0.04510	0.00977	0.00564	0.00150	0.00225	0.00864	0.00526	0.00451
35	0.01189	0.01027	0.01081	0.00973	0.01243	0.01189	0.00757	0.02540	0.79357	0.01999	0.01945	0.01783	0.01459	0.00648	0.00486	0.00162	0.00378	0.00540	0.00486	0.00757
36	0.00565	0.00484	0.00484	0.00484	0.00646	0.00403	0.00363	0.00686	0.01089	0.01291	0.04842	0.04600	0.80027	0.01210	0.00565	0.00161	0.00242	0.01009	0.00444	0.00403
37	0.01189	0.01027	0.01081	0.00973	0.01243	0.01189	0.00757	0.02540	0.79357	0.01999	0.01945	0.01783	0.01459	0.00648	0.00486	0.00162	0.00378	0.00540	0.00486	0.00757
38	0.01817	0.01339	0.01434	0.01100	0.01482	0.01482	0.00908	0.78627	0.02247	0.03012	0.01148	0.01148	0.00813	0.00574	0.00478	0.00143	0.00526	0.00430	0.00478	0.00813
39	0.00903	0.00850	0.01434	0.82054	0.03292	0.01062	0.01327	0.01221	0.00956	0.01221	0.00850	0.01274	0.00637	0.00478	0.00478	0.00159	0.00637	0.00425	0.00212	0.00531
40	0.00683	0.00511	0.00761	0.00761	0.00843	0.00593	0.00588	0.00849	0.00766	0.01104	0.01287	0.01916	0.01211	0.06001	0.78914	0.00759	0.01255	0.00518	0.00257	0.00423
41	0.01278	0.83490	0.02505	0.00818	0.01227	0.01891	0.00818	0.01431	0.00971	0.01125	0.00664	0.00767	0.00613	0.00409	0.00307	0.00102	0.00511	0.00256	0.00204	0.00613
42	0.86579	0.00924	0.00702	0.00629	0.00924	0.01072	0.00518	0.01405	0.00813	0.02144	0.00666	0.00776	0.00518	0.00444	0.00296	0.00148	0.00370	0.00259	0.00296	0.00518
43	0.01166	0.01116	0.01892	0.07752	0.73939	0.01132	0.01444	0.01473	0.02627	0.01549	0.00917	0.01200	0.00764	0.00433	0.00474	0.00143	0.00568	0.00428	0.00240	0.00743
44	0.00572	0.00484	0.00493	0.00491	0.00650	0.00406	0.00368	0.00699	0.01105	0.01329	0.09337	0.04538	0.75509	0.01197	0.00565	0.00161	0.00241	0.01000	0.00449	0.00406
45	0.00917	0.00670	0.00795	0.00759	0.00924	0.00693	0.00578	0.01464	0.25877	0.06831	0.28200	0.17659	0.06075	0.00975	0.00548	0.00167	0.00309	0.05508	0.00494	0.00557
46	0.01183	0.01153	0.01943	0.05595	0.73226	0.02682	0.04250	0.01469	0.01090	0.01541	0.00897	0.01184	0.00749	0.00428	0.00476	0.00143	0.00585	0.00429	0.00236	0.00741
47	0.00573	0.00452	0.00517	0.00569	0.00668	0.00396	0.00401	0.00676	0.01008	0.01258	0.03811	0.41168	0.44124	0.01345	0.00586	0.00177	0.00259	0.01172	0.00444	0.00396
48	0.00899	0.00827	0.01172	0.01048	0.01080	0.01107	0.00852	0.01024	0.00744	0.01127	0.00901	0.01429	0.00878	0.04863	0.31068	0.00425	0.49384	0.00463	0.00229	0.00479
49	0.01008	0.00987	0.01404	0.03109	0.03749	0.01352	0.01017	0.01130	0.00752	0.01161	0.00711	0.01144	0.00692	0.01109	0.10042	0.00266	0.69202	0.00429	0.00215	0.00520
50	0.01411	0.10540	0.01640	0.01654	0.27919	0.12485	0.01043	0.21903	0.02819	0.01841	0.00983	0.02448	0.00813	0.00501	0.00444	0.00131	0.00561	0.01584	0.00314	0.08967
51	0.00643	0.00492	0.00563	0.00542	0.00686	0.00430	0.00408	0.00810	0.01209	0.03061	0.37237	0.04099	0.45915	0.01098	0.00563	0.00156	0.00238	0.00936	0.00482	0.00432
52	0.01278	0.83490	0.02505	0.00818	0.01227	0.01891	0.00818	0.01431	0.00971	0.01125	0.00664	0.00767	0.00613	0.00409	0.00307	0.00102	0.00511	0.00256	0.00204	0.00613
53	0.05999	0.41711	0.34789	0.01045	0.01570	0.01503	0.01198	0.04764	0.01033	0.01424	0.00765	0.00884	0.00613	0.00437	0.00375	0.00127	0.00585	0.00304	0.00220	0.00655
54	0.00609	0.00500	0.00540	0.00551	0.00695	0.00442	0.00414	0.00784	0.03934	0.01366	0.10383	0.12821	0.59033	0.01208	0.00572	0.00167	0.00259	0.04851	0.00452	0.00420
55	0.02144	0.00813	0.01109	0.00850	0.01220	0.00702	0.00702	0.02329	0.01368	0.80552	0.01886	0.01627	0.01183	0.00592	0.00481	0.00148	0.00407	0.00481	0.00592	0.00813
56	0.00643	0.00486	0.00675	0.00832	0.06245	0.00475	0.00523	0.00737	0.00910	0.01226	0.02395	0.70490	0.02844	0.05917	0.00728	0.00206	0.02610	0.01231	0.00414	0.00412
57	0.00676	0.00489	0.00639	0.00601	0.00714	0.00451	0.00451	0.00902	0.01353	0.01917	0.79969	0.03570	0.04510	0.00977	0.00564	0.00150	0.00225	0.00864	0.00526	0.00451
58	0.86579	0.00924	0.00702	0.00629	0.00924	0.01072	0.00518	0.01405	0.00813	0.02144	0.00666	0.00776	0.00518	0.00444	0.00296	0.00148	0.00370	0.00259	0.00296	0.00518
59	0.01154	0.01237	0.07500	0.03939	0.64258	0.01147	0.08902	0.01465	0.01076	0.01540	0.00896	0.01179	0.00739	0.00436	0.00506	0.00146	0.02477	0.00434	0.00234	0.00734
60	0.01062	0.00851	0.01000	0.00721	0.01140	0.00652	0.00578	0.01295	0.02571	0.06151	0.00931	0.01044	0.00750	0.00374	0.00364	0.00077	0.00358	0.00300	0.00305	0.79476
61	0.00582	0.00416	0.00555	0.00666	0.00693	0.00388	0.00444	0.00666	0.00915	0.01220	0.02634	0.82891	0.03161	0.01497	0.00610	0.00194	0.00277	0.01359	0.00444	0.00388
62	0.00609	0.00437	0.00579	0.00647	0.00699	0.00406	0.00446	0.00734	0.01041	0.01420	0.24872	0.60082	0.03549	0.01348	0.00597	0.00182	0.00262	0.01217	0.00467	0.00406
63	0.01250	0.76397	0.09353	0.00865	0.01300	0.01823	0.00901	0.01438	0.00974	0.01159	0.00681	0.00788	0.00613	0.00413	0.00320	0.00107	0.00528	0.00264	0.00204	0.00622
64	0.00679	0.00466	0.00517	0.00517	0.00537	0.00456	0.00299	0.00694	0.00745	0.00973	0.01929	0.03314	0.11662	0.72808	0.02196	0.00425	0.00435	0.00735	0.00309	0.00304
65	0.01203	0.64569	0.20772	0.00945	0.01423	0.01709	0.01039	0.01450	0.00980	0.01215	0.00710	0.00823	0.00612	0.00419	0.00341	0.00114	0.00557	0.00278	0.00204	0.00635
66	0.00673	0.00488	0.00634	0.00598	0.00712	0.00450	0.00448	0.00896	0.01345	0.01898	0.77742	0.03601	0.06749	0.00984	0.00564	0.00151	0.00226	0.00869	0.00524	0.00450
67	0.01111	0.11004	0.35816	0.01103	0.03087	0.00984	0.04211	0.01462	0.01102	0.12981	0.11936	0.07913	0.01437	0.00617	0.00470	0.00146	0.00531	0.00517	0.00327	0.03242
68	0.01215	0.61261	0.21630	0.00963	0.01440	0.04031	0.01053	0.01465	0.00992	0.01221	0.00714	0.00829	0.00612	0.00422	0.00346	0.00115	0.00569	0.00281	0.00205	0.00634
69	0.01149	0.33090	0.42956	0.01163	0.01728	0.01391	0.05300	0.01525	0.01019	0.05397	0.00842	0.00963	0.00644	0.00441	0.00405	0.00133	0.00622	0.00333	0.00225	0.00673
70	0.07006	0.31136	0.38835	0.01073	0.01599	0.01339	0.02350	0.01491	0.01000	0.05774	0.00898	0.03918	0.00729	0.00482	0.00399	0.00135	0.00583	0.00358	0.00240	0.00654
71	0.23553	0.12936	0.30124	0.03476	0.03922	0.01220	0.01120	0.09978	0.01114	0.07203	0.00884	0.00985	0.00651	0.00468	0.00398	0.00143	0.00545	0.00337	0.00285	0.00660
72	0.04579	0.44585	0.16715	0.00938	0.01365	0.06729	0.00960	0.03698	0.01094	0.08998	0.05582	0.01080	0.00902	0.00480	0.00379	0.00123	0.00539	0.00340	0.00274	0.00638
73	0.01249	0.28429	0.26441	0.01040	0.01525	0.06477	0.01096	0.10868	0.04016	0.02680	0.00875	0.00972	0.00686	0.00453	0.00396	0.00123	0.00570	0.00328	0.00265	0.11511
74	0.04144	0.13042	0.11355	0.01316	0.11489	0.02428	0.03852	0.33948	0.01570	0.09466	0.01049	0.01113	0.00770	0.00504	0.00445	0.00138	0.00547	0.00396	0.00365	0.02060
75	0.10609	0.22252	0.16378	0.01187	0.09034	0.01406	0.01042	0.26489	0.01399	0.01987	0.03397	0.01066	0.00804	0.00494	0.00413	0.00135	0.00533	0.00367	0.00316	0.00694
76	0.04561	0.11522	0.06455	0.01073	0.03794	0.01359	0.00911	0.45619	0.05232	0.10001	0.04014	0.01242	0.00962	0.00556	0.00453	0.00140	0.00502	0.00423	0.00426	0.00754
77	0.01442	0.08667	0.30088	0.01171	0.01665	0.03906	0.01206	0.39602	0.04011	0.02224	0.01014	0.01076	0.00735	0.00516	0.00454	0.00143	0.00596	0.00387	0.00348	0.00748
78	0.01612	0.12118	0.03307	0.01027	0.01395	0.03948	0.00871	0.50535	0.08404	0.04652	0.01197	0.04115	0.00922	0.00580	0.00455	0.00139	0.00509	0.00442	0.00425	0.03345
79	0.05810	0.14138	0.12147	0.01100	0.01523	0.03025	0.03801	0.46012	0.04082	0.02358	0.01020	0.01071	0.00752	0.00520	0.00442	0.00139	0.00552	0.00390	0.00377	0.00740

[dist]
# distance from previous block
# <min> <max>
5	25

[block]
# block no. 3 follows, 53 sequences, length 67
# corresponding to MSA columns:
# 284-350
name=unknown_D
#
# <colnr> <probs for GDERKNQSTAVLIFYWHMCP>
#	G	D	E	R	K	N	Q	S	T	A	V	L	I	F	Y	W	H	M	C	P
0	0.07690	0.07158	0.17765	0.00989	0.01400	0.00987	0.04441	0.09269	0.04374	0.24906	0.09042	0.01565	0.01268	0.00574	0.00459	0.00144	0.00483	0.02210	0.00405	0.04869
1	0.08601	0.01025	0.05864	0.00937	0.02705	0.00957	0.01946	0.19381	0.09135	0.26674	0.09054	0.01649	0.03027	0.00609	0.00465	0.00145	0.00426	0.00490	0.03565	0.03345
2	0.05900	0.03775	0.05342	0.00909	0.01241	0.02370	0.00771	0.21469	0.11215	0.24918	0.06578	0.06349	0.03891	0.00664	0.00476	0.00148	0.00433	0.00535	0.00471	0.02545
3	0.13400	0.09975	0.02970	0.00915	0.01267	0.08778	0.00767	0.16635	0.13502	0.16460	0.01213	0.01196	0.00885	0.00520	0.00418	0.00134	0.00475	0.00385	0.00397	0.09707
4	0.13768	0.06298	0.25547	0.00967	0.01401	0.00992	0.03146	0.07578	0.03024	0.07794	0.05299	0.04008	0.03669	0.00550	0.00428	0.00138	0.00488	0.00435	0.02813	0.11656
5	0.01193	0.16501	0.13358	0.01149	0.01519	0.02548	0.12415	0.09082	0.13571	0.03684	0.07072	0.01367	0.01109	0.00559	0.00560	0.00146	0.08322	0.00450	0.01828	0.03567
6	0.16441	0.02698	0.08053	0.00780	0.01076	0.02403	0.00688	0.05269	0.01158	0.12187	0.15438	0.05798	0.07704	0.00728	0.00465	0.00146	0.00390	0.06505	0.00401	0.11672
7	0.26311	0.01142	0.03026	0.01066	0.08543	0.10704	0.02151	0.06367	0.08010	0.18855	0.02349	0.01257	0.02344	0.00522	0.00417	0.00142	0.00476	0.00395	0.00378	0.05547
8	0.05114	0.00925	0.01306	0.52974	0.02540	0.03775	0.01105	0.07201	0.04155	0.08966	0.04649	0.01380	0.00908	0.00522	0.00469	0.00153	0.00567	0.00440	0.00300	0.02551
9	0.21710	0.00979	0.01024	0.05722	0.04796	0.09392	0.00769	0.06774	0.01118	0.01725	0.15848	0.04765	0.01668	0.00749	0.00628	0.00164	0.12355	0.08935	0.00348	0.00530
10	0.00847	0.00782	0.01163	0.09238	0.33045	0.00762	0.00901	0.01052	0.01076	0.01394	0.02869	0.02903	0.40446	0.00824	0.00520	0.00153	0.00411	0.00718	0.00338	0.00558
11	0.00877	0.00697	0.00772	0.00715	0.00893	0.00729	0.00538	0.01489	0.31078	0.03175	0.24934	0.03031	0.19370	0.08721	0.00711	0.00187	0.00314	0.00748	0.00472	0.00549
12	0.00691	0.00533	0.00669	0.00672	0.00809	0.00455	0.00474	0.00809	0.00940	0.01312	0.02212	0.59151	0.04372	0.01186	0.00541	0.00160	0.00297	0.01063	0.00401	0.23252
13	0.01989	0.00848	0.01105	0.00870	0.01224	0.00782	0.00711	0.02364	0.14047	0.67781	0.01895	0.01652	0.01228	0.00601	0.00482	0.00150	0.00402	0.00490	0.00574	0.00804
14	0.01189	0.01027	0.01081	0.00973	0.01243	0.01189	0.00757	0.02540	0.79357	0.01999	0.01945	0.01783	0.01459	0.00648	0.00486	0.00162	0.00378	0.00540	0.00486	0.00757
15	0.00991	0.00850	0.00991	0.00708	0.01133	0.00637	0.00566	0.01203	0.00991	0.01557	0.00850	0.00991	0.00708	0.00354	0.00354	0.00071	0.00354	0.00283	0.00283	0.86124
16	0.02064	0.00942	0.01189	0.00912	0.01284	0.00894	0.00753	0.21068	0.01584	0.61508	0.01704	0.01509	0.01092	0.00587	0.00480	0.00147	0.00436	0.00468	0.00564	0.00813
17	0.00676	0.00489	0.00639	0.00601	0.00714	0.00451	0.00451	0.00902	0.01353	0.01917	0.79969	0.03570	0.04510	0.00977	0.00564	0.00150	0.00225	0.00864	0.00526	0.00451
18	0.00903	0.00850	0.01434	0.82054	0.03292	0.01062	0.01327	0.01221	0.00956	0.01221	0.00850	0.01274	0.00637	0.00478	0.00478	0.00159	0.00637	0.00425	0.00212	0.00531
19	0.00912	0.00859	0.01450	0.79436	0.05838	0.01064	0.01332	0.01229	0.00960	0.01232	0.00851	0.01271	0.00641	0.00476	0.00478	0.00159	0.00635	0.00425	0.00213	0.00538
20	0.00573	0.00454	0.00515	0.00564	0.00666	0.00397	0.00398	0.00677	0.01013	0.01260	0.03876	0.38865	0.46385	0.01336	0.00585	0.00176	0.00258	0.01162	0.00444	0.00397
21	0.02144	0.00813	0.01109	0.00850	0.01220	0.00702	0.00702	0.02329	0.01368	0.80552	0.01886	0.01627	0.01183	0.00592	0.00481	0.00148	0.00407	0.00481	0.00592	0.00813
22	0.09136	0.00876	0.01349	0.08066	0.37343	0.00907	0.01107	0.01265	0.01056	0.01542	0.01478	0.02712	0.01464	0.00763	0.00526	0.00173	0.00507	0.28812	0.00316	0.00599
23	0.00959	0.02472	0.80726	0.01362	0.02069	0.01110	0.01766	0.01514	0.01009	0.01514	0.00858	0.01009	0.00605	0.00454	0.00454	0.00151	0.00706	0.00353	0.00202	0.00706
24	0.01497	0.01797	0.01397	0.01241	0.01391	0.50144	0.00971	0.01613	0.01112	0.01162	0.00695	0.00934	0.00620	0.00627	0.00875	0.00157	0.32644	0.00351	0.00232	0.00542
25	0.01227	0.01444	0.09522	0.04073	0.44928	0.12136	0.16677	0.01539	0.01122	0.01490	0.00886	0.01145	0.00714	0.00434	0.00484	0.00144	0.00670	0.00430	0.00235	0.00697
26	0.00643	0.00464	0.00608	0.00620	0.00706	0.00429	0.00447	0.00819	0.01201	0.01671	0.52606	0.30012	0.05673	0.01155	0.00579	0.00165	0.00243	0.01032	0.00497	0.00429
27	0.01371	0.68541	0.02293	0.00894	0.01273	0.16505	0.00837	0.01519	0.01042	0.01133	0.00678	0.00784	0.00614	0.00424	0.00330	0.00106	0.00576	0.00265	0.00212	0.00602
28	0.00582	0.00416	0.00555	0.00666	0.00693	0.00388	0.00444	0.00666	0.00915	0.01220	0.02634	0.82891	0.03161	0.01497	0.00610	0.00194	0.00277	0.01359	0.00444	0.00388
29	0.05624	0.01104	0.01245	0.04461	0.01416	0.03054	0.00820	0.34502	0.11534	0.29033	0.01454	0.01372	0.00994	0.00577	0.00471	0.00148	0.00473	0.00450	0.00492	0.00774
30	0.01197	0.01275	0.06284	0.02606	0.59449	0.03850	0.13429	0.03288	0.01126	0.01575	0.00908	0.01179	0.00741	0.00429	0.00485	0.00145	0.00621	0.00440	0.00241	0.00731
31	0.00676	0.00489	0.00639	0.00601	0.00714	0.00451	0.00451	0.00902	0.01353	0.01917	0.79969	0.03570	0.04510	0.00977	0.00564	0.00150	0.00225	0.00864	0.00526	0.00451
32	0.01072	0.00948	0.01280	0.04936	0.18257	0.00906	0.00868	0.01384	0.07361	0.02996	0.00943	0.01128	0.00776	0.00460	0.00540	0.00115	0.09994	0.00361	0.00284	0.45393
33	0.06768	0.00841	0.01059	0.00803	0.01184	0.00722	0.00658	0.03508	0.01248	0.52332	0.01510	0.01390	0.01004	0.00516	0.00434	0.00126	0.00392	0.00412	0.00486	0.24608
34	0.01244	0.01054	0.01112	0.00984	0.01264	0.01215	0.00770	0.09236	0.72572	0.02089	0.01875	0.01727	0.01402	0.00642	0.00486	0.00160	0.00391	0.00531	0.00486	0.00761
35	0.86579	0.00924	0.00702	0.00629	0.00924	0.01072	0.00518	0.01405	0.00813	0.02144	0.00666	0.00776	0.00518	0.00444	0.00296	0.00148	0.00370	0.00259	0.00296	0.00518
36	0.01039	0.00988	0.01679	0.43638	0.40644	0.01098	0.01395	0.01340	0.01020	0.01386	0.00874	0.01230	0.00695	0.00453	0.00476	0.00151	0.00603	0.00425	0.00224	0.00641
37	0.16875	0.01577	0.01144	0.01026	0.01237	0.44087	0.04538	0.01529	0.01107	0.01332	0.00959	0.06278	0.00920	0.12207	0.00739	0.00184	0.03050	0.00434	0.00272	0.00503
38	0.78701	0.01050	0.00763	0.00685	0.00976	0.08525	0.00555	0.01452	0.00864	0.02054	0.00672	0.00784	0.00527	0.00448	0.00308	0.00146	0.00415	0.00263	0.00291	0.00521
39	0.00903	0.00850	0.01434	0.82054	0.03292	0.01062	0.01327	0.01221	0.00956	0.01221	0.00850	0.01274	0.00637	0.00478	0.00478	0.00159	0.00637	0.00425	0.00212	0.00531
40	0.00648	0.00487	0.00599	0.00571	0.00696	0.00439	0.00428	0.00846	0.01285	0.01755	0.60604	0.03836	0.23975	0.01037	0.00564	0.00153	0.00230	0.00902	0.00505	0.00439
41	0.00582	0.00416	0.00555	0.00666	0.00693	0.00388	0.00444	0.00666	0.00915	0.01220	0.02634	0.82891	0.03161	0.01497	0.00610	0.00194	0.00277	0.01359	0.00444	0.00388
42	0.01183	0.01136	0.01940	0.02934	0.80221	0.01136	0.01467	0.01467	0.01088	0.01562	0.00899	0.01183	0.00757	0.00426	0.00473	0.00142	0.00568	0.00426	0.00237	0.00757
43	0.86579	0.00924	0.00702	0.00629	0.00924	0.01072	0.00518	0.01405	0.00813	0.02144	0.00666	0.00776	0.00518	0.00444	0.00296	0.00148	0.00370	0.00259	0.00296	0.00518
44	0.01278	0.83490	0.02505	0.00818	0.01227	0.01891	0.00818	0.01431	0.00971	0.01125	0.00664	0.00767	0.00613	0.00409	0.00307	0.00102	0.00511	0.00256	0.00204	0.00613
45	0.00640	0.00487	0.00589	0.00563	0.00692	0.00436	0.00422	0.00832	0.01267	0.01714	0.55593	0.03904	0.29013	0.01053	0.00564	0.00154	0.00231	0.00911	0.00499	0.00436
46	0.00592	0.00423	0.00566	0.00677	0.00709	0.00397	0.00461	0.00683	0.00925	0.01231	0.02629	0.78800	0.03140	0.01488	0.00613	0.00195	0.00286	0.05352	0.00443	0.00391
47	0.00959	0.02472	0.80726	0.01362	0.02069	0.01110	0.01766	0.01514	0.01009	0.01514	0.00858	0.01009	0.00605	0.00454	0.00454	0.00151	0.00706	0.00353	0.00202	0.00706
48	0.00726	0.00557	0.00775	0.00752	0.00804	0.00655	0.00560	0.00842	0.00744	0.01063	0.01272	0.02138	0.01285	0.25696	0.50319	0.00621	0.09980	0.00553	0.00260	0.00399
49	0.00582	0.00416	0.00555	0.00666	0.00693	0.00388	0.00444	0.00666	0.00915	0.01220	0.02634	0.82891	0.03161	0.01497	0.00610	0.00194	0.00277	0.01359	0.00444	0.00388
50	0.44112	0.01447	0.06314	0.01039	0.01376	0.22483	0.11193	0.04209	0.01062	0.01792	0.00754	0.00896	0.00587	0.00456	0.00384	0.00143	0.00586	0.00325	0.00276	0.00567
51	0.00950	0.00886	0.02896	0.01203	0.03094	0.00876	0.22111	0.08480	0.01188	0.01620	0.13728	0.16415	0.05398	0.00891	0.00663	0.00175	0.07856	0.10654	0.00374	0.00542
52	0.00733	0.00566	0.00644	0.00598	0.00756	0.00527	0.00455	0.08199	0.01311	0.01728	0.37391	0.05522	0.37696	0.01054	0.00557	0.00156	0.00263	0.00898	0.00483	0.00463
53	0.01070	0.00896	0.01033	0.00745	0.01166	0.00718	0.00599	0.08573	0.01111	0.01696	0.00878	0.01006	0.00718	0.00375	0.00366	0.00078	0.00370	0.00297	0.00302	0.78004
54	0.01368	0.01036	0.03317	0.01563	0.25827	0.00930	0.05977	0.08908	0.01235	0.17927	0.02803	0.01271	0.00911	0.00465	0.00449	0.00125	0.00482	0.00414	0.00351	0.24642
55	0.78450	0.00944	0.00820	0.00848	0.08472	0.01078	0.00608	0.01411	0.00840	0.02089	0.00688	0.00815	0.00540	0.00442	0.00313	0.00147	0.00389	0.00275	0.00290	0.00540
56	0.01246	0.01146	0.01107	0.00997	0.01265	0.08813	0.00772	0.02480	0.71933	0.01920	0.01831	0.01696	0.01379	0.00634	0.00481	0.00158	0.00424	0.00518	0.00463	0.00737
57	0.01273	0.01586	0.08858	0.01138	0.01419	0.35924	0.09920	0.01579	0.06321	0.01513	0.23605	0.01763	0.01800	0.00628	0.00490	0.00141	0.00627	0.00517	0.00337	0.00563
58	0.01014	0.00789	0.01207	0.01583	0.33876	0.00755	0.00888	0.01248	0.01213	0.09180	0.30719	0.02512	0.11553	0.00738	0.00518	0.00148	0.00387	0.00662	0.00402	0.00607
59	0.01073	0.00906	0.01073	0.00774	0.01196	0.00730	0.02293	0.08580	0.01114	0.01695	0.00880	0.01012	0.00718	0.00376	0.00370	0.00080	0.00380	0.00303	0.00301	0.76145
60	0.01116	0.01163	0.01454	0.01253	0.01276	0.09061	0.01034	0.01222	0.00791	0.01152	0.00638	0.01028	0.00626	0.00804	0.01460	0.00201	0.74574	0.00408	0.00213	0.00526
61	0.01022	0.00848	0.01037	0.08456	0.01341	0.00680	0.00643	0.01244	0.01001	0.04232	0.00885	0.01040	0.00717	0.00374	0.00370	0.00082	0.00383	0.00303	0.00287	0.75055
62	0.01337	0.08945	0.01295	0.00986	0.01294	0.01321	0.00796	0.19325	0.54779	0.02141	0.01646	0.01545	0.01235	0.00609	0.00467	0.00152	0.00424	0.00489	0.00458	0.00755
63	0.00691	0.00609	0.00610	0.00661	0.00752	0.07801	0.00464	0.00794	0.01024	0.01262	0.05965	0.49071	0.25944	0.01301	0.00578	0.00176	0.00318	0.01140	0.00429	0.00410
64	0.01234	0.00783	0.04575	0.01038	0.10273	0.00691	0.00748	0.02898	0.03756	0.26229	0.17687	0.12413	0.03485	0.01080	0.08213	0.00216	0.00468	0.03142	0.00456	0.00617
65	0.01506	0.02306	0.10612	0.01121	0.04577	0.02412	0.08483	0.04422	0.12643	0.31837	0.04405	0.02891	0.01174	0.00567	0.00493	0.00146	0.01640	0.00484	0.00431	0.07851
66	0.02676	0.08918	0.01800	0.05719	0.43075	0.01147	0.06565	0.02726	0.07368	0.06815	0.01024	0.01209	0.00813	0.00450	0.00453	0.00136	0.00534	0.00417	0.00285	0.07869

[dist]
# distance from previous block
# <min> <max>
0	22

[block]
# block no. 4 follows, 53 sequences, length 60
# corresponding to MSA columns:
# 373-432
name=unknown_E
#
# <colnr> <probs for GDERKNQSTAVLIFYWHMCP>
#	G	D	E	R	K	N	Q	S	T	A	V	L	I	F	Y	W	H	M	C	P
0	0.01255	0.00863	0.01090	0.06819	0.05920	0.00793	0.00725	0.03648	0.11978	0.17979	0.02932	0.01541	0.02965	0.03248	0.00500	0.00131	0.00406	0.01530	0.00384	0.35295
1	0.02685	0.01882	0.01067	0.00885	0.03670	0.02615	0.06259	0.07421	0.01252	0.14309	0.18948	0.05296	0.11600	0.02194	0.00523	0.00141	0.00387	0.00617	0.00421	0.17828
2	0.01102	0.19000	0.02975	0.02411	0.02973	0.00948	0.00678	0.03542	0.08875	0.11156	0.28682	0.02278	0.06028	0.00716	0.00471	0.00139	0.00369	0.02022	0.02268	0.03367
3	0.01223	0.00850	0.01018	0.00837	0.01113	0.00825	0.00660	0.15486	0.04716	0.13367	0.01586	0.19625	0.03290	0.00755	0.00552	0.00139	0.06335	0.00619	0.00408	0.26594
4	0.01169	0.00813	0.01142	0.03154	0.20128	0.00770	0.00803	0.01493	0.08501	0.16643	0.18843	0.05440	0.04062	0.02144	0.00523	0.00146	0.00392	0.00584	0.00413	0.12838
5	0.01086	0.03732	0.07174	0.01050	0.01434	0.00828	0.16991	0.03021	0.02634	0.08605	0.04366	0.11833	0.01229	0.00578	0.00462	0.00126	0.00473	0.00535	0.00332	0.33512
6	0.01792	0.01036	0.11457	0.00917	0.01308	0.00789	0.00836	0.03499	0.06992	0.56048	0.05096	0.01698	0.01287	0.00604	0.00482	0.00149	0.00437	0.02133	0.00517	0.02922
7	0.01193	0.44920	0.20308	0.01035	0.01434	0.07390	0.01072	0.01430	0.00968	0.01221	0.00725	0.00898	0.00628	0.00567	0.02573	0.00147	0.12358	0.00312	0.00209	0.00613
8	0.02639	0.00943	0.01407	0.46564	0.14892	0.01107	0.01183	0.01612	0.21687	0.01498	0.01143	0.01385	0.00871	0.00514	0.00476	0.00157	0.00553	0.00452	0.00290	0.00626
9	0.00649	0.00486	0.00602	0.00575	0.00698	0.00439	0.00431	0.00848	0.01284	0.01759	0.61152	0.05312	0.21925	0.01041	0.00565	0.00154	0.00230	0.00907	0.00506	0.00439
10	0.00849	0.01726	0.50703	0.01079	0.01560	0.00861	0.01273	0.01275	0.01121	0.01638	0.27595	0.04961	0.02018	0.00670	0.00497	0.00153	0.00528	0.00563	0.00320	0.00608
11	0.00968	0.00826	0.01187	0.03021	0.06984	0.00701	0.09237	0.01212	0.01114	0.03675	0.21018	0.01718	0.01691	0.00532	0.00446	0.00110	0.00395	0.00481	0.00343	0.44341
12	0.00582	0.00416	0.00555	0.00666	0.00693	0.00388	0.00444	0.00666	0.00915	0.01220	0.02634	0.82891	0.03161	0.01497	0.00610	0.00194	0.00277	0.01359	0.00444	0.00388
13	0.01183	0.01136	0.01940	0.02934	0.80221	0.01136	0.01467	0.01467	0.01088	0.01562	0.00899	0.01183	0.00757	0.00426	0.00473	0.00142	0.00568	0.00426	0.00237	0.00757
14	0.78704	0.06936	0.00848	0.00652	0.00957	0.01140	0.00547	0.02930	0.00853	0.02087	0.00675	0.00783	0.00530	0.00444	0.00300	0.00144	0.00383	0.00262	0.00293	0.00530
15	0.00667	0.00488	0.00626	0.00592	0.00708	0.00447	0.00444	0.00884	0.01331	0.01865	0.73750	0.03656	0.10760	0.00996	0.00564	0.00151	0.00227	0.00876	0.00519	0.00447
16	0.01252	0.00840	0.01241	0.40918	0.02222	0.00864	0.00978	0.01510	0.01073	0.22261	0.01123	0.01299	0.00799	0.00478	0.00449	0.00135	0.00508	0.00405	0.00330	0.21316
17	0.01159	0.01111	0.01896	0.09825	0.73521	0.01129	0.01455	0.01445	0.01077	0.01532	0.00895	0.01191	0.00747	0.00430	0.00474	0.00143	0.00574	0.00426	0.00234	0.00737
18	0.01717	0.00747	0.00983	0.00784	0.01087	0.00664	0.00636	0.05295	0.01384	0.55389	0.17926	0.02217	0.07575	0.00714	0.00504	0.00149	0.00363	0.00595	0.00563	0.00710
19	0.00770	0.00550	0.00770	0.00880	0.00990	0.00550	0.00770	0.00990	0.01100	0.01430	0.02531	0.05391	0.02751	0.01320	0.00660	0.00220	0.00440	0.77004	0.00440	0.00440
20	0.00636	0.00455	0.00585	0.00632	0.00683	0.00440	0.00434	0.00741	0.00945	0.01277	0.15402	0.38847	0.06926	0.18484	0.08459	0.00295	0.00404	0.03563	0.00408	0.00384
21	0.01127	0.01079	0.01839	0.18708	0.64884	0.01121	0.01439	0.01418	0.01062	0.01494	0.00889	0.01201	0.00733	0.00436	0.00474	0.00145	0.00582	0.00426	0.00232	0.00712
22	0.01747	0.01210	0.01325	0.01042	0.01403	0.01322	0.00853	0.54301	0.16249	0.13388	0.01394	0.01329	0.00982	0.00590	0.00480	0.00147	0.00483	0.00457	0.00495	0.00803
23	0.00770	0.00550	0.00770	0.00880	0.00990	0.00550	0.00770	0.00990	0.01100	0.01430	0.02531	0.05391	0.02751	0.01320	0.00660	0.00220	0.00440	0.77004	0.00440	0.00440
24	0.01307	0.01079	0.01144	0.00991	0.01280	0.01233	0.00781	0.18136	0.61808	0.02206	0.03489	0.01692	0.01393	0.00640	0.00486	0.00158	0.00405	0.00525	0.00486	0.00761
25	0.01084	0.08812	0.60902	0.01242	0.01848	0.06949	0.01509	0.01537	0.01053	0.05355	0.01074	0.01180	0.04408	0.00496	0.00447	0.00146	0.00665	0.00379	0.00236	0.00679
26	0.01939	0.01143	0.01313	0.01007	0.01384	0.01191	0.00832	0.50177	0.01919	0.31925	0.01423	0.01326	0.00951	0.00580	0.00479	0.00145	0.00481	0.00449	0.00520	0.00813
27	0.00608	0.00457	0.00662	0.00730	0.00779	0.00427	0.04150	0.00707	0.00925	0.01235	0.02555	0.79015	0.03046	0.01445	0.00608	0.00193	0.00302	0.01321	0.00434	0.00400
28	0.01180	0.01143	0.01982	0.02890	0.76529	0.01139	0.05125	0.01470	0.01090	0.01560	0.00902	0.01188	0.00756	0.00425	0.00477	0.00143	0.00579	0.00432	0.00237	0.00752
29	0.00567	0.00484	0.00488	0.00487	0.00647	0.00405	0.00365	0.00691	0.01095	0.01305	0.06503	0.04577	0.78357	0.01205	0.00565	0.00161	0.00242	0.01006	0.00446	0.00405
30	0.00991	0.00850	0.00991	0.00708	0.01133	0.00637	0.00566	0.01203	0.00991	0.01557	0.00850	0.00991	0.00708	0.00354	0.00354	0.00071	0.00354	0.00283	0.00283	0.86124
31	0.01050	0.01057	0.01528	0.01291	0.01314	0.01452	0.04724	0.01168	0.00751	0.01168	0.00644	0.01057	0.00632	0.00816	0.01521	0.00207	0.78456	0.00425	0.00211	0.00529
32	0.00695	0.00463	0.00521	0.00521	0.00521	0.00463	0.00290	0.00695	0.00695	0.00927	0.01506	0.03128	0.01738	0.83203	0.02433	0.00463	0.00463	0.00695	0.00290	0.00290
33	0.01974	0.00839	0.01102	0.00873	0.01221	0.00767	0.00721	0.06016	0.07066	0.66163	0.01893	0.01846	0.01281	0.00640	0.00492	0.00153	0.00413	0.05185	0.00569	0.00786
34	0.00683	0.00512	0.00768	0.00768	0.00853	0.00597	0.00597	0.00853	0.00768	0.01110	0.01280	0.01878	0.01195	0.03585	0.81308	0.00768	0.01280	0.00512	0.00256	0.00427
35	0.01613	0.01142	0.01216	0.00955	0.01278	0.01253	0.00782	0.61521	0.01973	0.02741	0.01238	0.01288	0.00904	0.00570	0.00446	0.00136	0.00459	0.00434	0.19320	0.00732
36	0.01243	0.74526	0.11160	0.00878	0.01320	0.01805	0.00923	0.01440	0.00975	0.01168	0.00686	0.00794	0.00612	0.00414	0.00323	0.00108	0.00533	0.00266	0.00204	0.00624
37	0.00978	0.07451	0.75919	0.01329	0.02017	0.01158	0.01708	0.01509	0.01007	0.01490	0.00846	0.00994	0.00606	0.00451	0.00445	0.00148	0.00694	0.00347	0.00202	0.00701
38	0.00606	0.00486	0.00541	0.00527	0.00671	0.00421	0.00395	0.00765	0.01186	0.01520	0.32316	0.04223	0.52410	0.01125	0.00564	0.00157	0.00236	0.00956	0.00474	0.00421
39	0.01327	0.66084	0.08028	0.00916	0.01324	0.13093	0.00902	0.01505	0.01028	0.01159	0.00689	0.00798	0.00613	0.00424	0.00335	0.00109	0.00575	0.00270	0.00210	0.00612
40	0.00731	0.00529	0.00715	0.00778	0.00892	0.00513	0.00656	0.00945	0.01166	0.01549	0.23157	0.04853	0.08835	0.01222	0.00628	0.00197	0.00369	0.51362	0.00463	0.00440
41	0.01425	0.01144	0.01214	0.01020	0.01333	0.01299	0.00814	0.31116	0.50398	0.02380	0.01646	0.01544	0.01216	0.00620	0.00483	0.00155	0.00434	0.00499	0.00483	0.00778
42	0.01263	0.01417	0.06039	0.17057	0.31093	0.17405	0.12097	0.05187	0.01174	0.01481	0.00876	0.01139	0.00696	0.00454	0.00477	0.00145	0.00679	0.00417	0.00244	0.00658
43	0.00594	0.00424	0.00568	0.00679	0.00712	0.00398	0.00464	0.00685	0.00926	0.01233	0.02628	0.78128	0.03136	0.01487	0.00613	0.00196	0.00287	0.06007	0.00443	0.00391
44	0.00689	0.00506	0.00656	0.00666	0.00785	0.00473	0.00531	0.00899	0.01245	0.01694	0.47762	0.04231	0.13955	0.01107	0.00592	0.00172	0.00290	0.22816	0.00491	0.00442
45	0.02372	0.08932	0.12696	0.07565	0.14878	0.03152	0.25958	0.07917	0.03010	0.07428	0.01001	0.01193	0.00750	0.00456	0.00483	0.00148	0.00647	0.00447	0.00282	0.00685
46	0.00679	0.00470	0.00573	0.00565	0.00615	0.00453	0.00368	0.00780	0.00987	0.01363	0.34443	0.09113	0.03002	0.42831	0.01518	0.00313	0.00350	0.00814	0.00400	0.00364
47	0.00903	0.00850	0.01434	0.82054	0.03292	0.01062	0.01327	0.01221	0.00956	0.01221	0.00850	0.01274	0.00637	0.00478	0.00478	0.00159	0.00637	0.00425	0.00212	0.00531
48	0.01553	0.30567	0.11658	0.01014	0.01417	0.15869	0.00950	0.14022	0.02956	0.14245	0.01002	0.01034	0.00754	0.00490	0.00407	0.00127	0.00582	0.00347	0.00323	0.00681
49	0.01137	0.08322	0.16791	0.01714	0.03825	0.01234	0.49102	0.01609	0.06786	0.03237	0.01011	0.01236	0.00758	0.00435	0.00513	0.00154	0.00718	0.00494	0.00257	0.00667
50	0.00589	0.00428	0.00556	0.00646	0.00691	0.00395	0.00438	0.00687	0.00966	0.01285	0.09435	0.69923	0.09336	0.01430	0.00603	0.00188	0.00270	0.01289	0.00451	0.00395
51	0.01166	0.01183	0.02209	0.02653	0.56447	0.01158	0.25025	0.01486	0.01100	0.01552	0.00920	0.01215	0.00747	0.00419	0.00501	0.00148	0.00641	0.00468	0.00238	0.00723
52	0.07585	0.04979	0.21135	0.01043	0.05623	0.00927	0.00965	0.06013	0.04955	0.21467	0.12719	0.02654	0.03395	0.00664	0.01987	0.00158	0.00482	0.00495	0.00396	0.02357
53	0.07265	0.05001	0.31912	0.00950	0.01363	0.00877	0.01026	0.03883	0.01171	0.11143	0.21445	0.02040	0.07476	0.00673	0.00479	0.00150	0.00471	0.01693	0.00368	0.00614
54	0.02144	0.00813	0.01109	0.00850	0.01220	0.00702	0.00702	0.02329	0.01368	0.80552	0.01886	0.01627	0.01183	0.00592	0.00481	0.00148	0.00407	0.00481	0.00592	0.00813
55	0.01301	0.01128	0.07356	0.01644	0.22274	0.03301	0.14505	0.07470	0.04161	0.16067	0.01426	0.14619	0.01238	0.00651	0.00511	0.00156	0.00541	0.00608	0.00362	0.00682
56	0.01178	0.06304	0.37870	0.16305	0.03143	0.01180	0.03234	0.12374	0.06010	0.06398	0.01017	0.01158	0.00733	0.00491	0.00460	0.00150	0.00620	0.00397	0.00285	0.00692
