[name]
unknown

[dist]
# distance from previous block
# <min> <max>
0	0

[block]
# block no. 0 follows, 48 sequences, length 12
# corresponding to MSA columns:
# 41-52
name=unknown_A
#
# <colnr> <probs for GDERKNQSTAVLIFYWHMCP>
#	G	D	E	R	K	N	Q	S	T	A	V	L	I	F	Y	W	H	M	C	P
0	0.00827	0.00591	0.00827	0.00945	0.01063	0.00591	0.00827	0.01063	0.01181	0.01536	0.02717	0.05788	0.02953	0.01417	0.00709	0.00236	0.00472	0.75313	0.00472	0.00472
1	0.01298	0.41448	0.33031	0.01161	0.01707	0.10623	0.01296	0.01630	0.01106	0.01379	0.00805	0.00938	0.00655	0.00469	0.00407	0.00133	0.00675	0.00322	0.00224	0.00691
2	0.01672	0.01205	0.08247	0.07059	0.01710	0.04323	0.09128	0.07464	0.06816	0.32806	0.03726	0.01543	0.01131	0.00572	0.00508	0.00152	0.00545	0.00490	0.00455	0.10448
3	0.01316	0.12846	0.33804	0.01211	0.01701	0.14810	0.01285	0.06086	0.01228	0.05320	0.01286	0.01386	0.07218	0.00592	0.00543	0.00152	0.05439	0.00429	0.00288	0.03060
4	0.01338	0.08358	0.19936	0.01588	0.08599	0.01390	0.15608	0.12862	0.04537	0.05555	0.01037	0.01231	0.00795	0.00575	0.00707	0.00169	0.14214	0.00459	0.00307	0.00734
5	0.00629	0.00472	0.00583	0.00657	0.00733	0.00427	0.00454	0.00741	0.01071	0.01392	0.09782	0.54945	0.23291	0.01480	0.00638	0.00195	0.00283	0.01315	0.00484	0.00427
6	0.01443	0.08537	0.14303	0.04865	0.23572	0.22491	0.01285	0.04016	0.10045	0.03116	0.01046	0.01195	0.00825	0.00517	0.00480	0.00148	0.00689	0.00410	0.00292	0.00726
7	0.00919	0.00878	0.05744	0.23145	0.01774	0.02811	0.06028	0.01205	0.02911	0.01484	0.01806	0.15739	0.07853	0.00994	0.05276	0.00207	0.03266	0.00698	0.16730	0.00533
8	0.00621	0.00463	0.00578	0.00669	0.00732	0.00421	0.00456	0.00720	0.01026	0.01327	0.03377	0.63883	0.20789	0.01536	0.00644	0.00200	0.00289	0.01372	0.00476	0.00421
9	0.01140	0.01335	0.17027	0.14298	0.12741	0.03548	0.03195	0.14450	0.01306	0.01767	0.01482	0.22453	0.01445	0.00805	0.00546	0.00172	0.00578	0.00706	0.00347	0.00658
10	0.14043	0.07849	0.01578	0.04757	0.01597	0.01295	0.09561	0.29957	0.01649	0.16120	0.05671	0.01405	0.01089	0.00584	0.00486	0.00155	0.00537	0.00472	0.00443	0.00752
11	0.25698	0.01333	0.09902	0.06067	0.31833	0.04574	0.01229	0.01528	0.01034	0.01765	0.00844	0.01097	0.00691	0.00523	0.00584	0.00164	0.09799	0.00390	0.00264	0.00681

[dist]
# distance from previous block
# <min> <max>
0	2

[block]
# block no. 1 follows, 48 sequences, length 26
# corresponding to MSA columns:
# 55-80
name=unknown_B
#
# <colnr> <probs for GDERKNQSTAVLIFYWHMCP>
#	G	D	E	R	K	N	Q	S	T	A	V	L	I	F	Y	W	H	M	C	P
0	0.01320	0.04856	0.05065	0.05583	0.01365	0.00880	0.03488	0.04041	0.08640	0.21218	0.03084	0.07672	0.03530	0.05892	0.12615	0.00275	0.00610	0.00592	0.00420	0.08854
1	0.14108	0.23311	0.15036	0.01078	0.01528	0.02556	0.08015	0.07084	0.01226	0.10927	0.06670	0.01290	0.01050	0.00532	0.00440	0.00144	0.00556	0.00415	0.00337	0.03697
2	0.01152	0.03784	0.04703	0.10399	0.29656	0.02511	0.13032	0.01424	0.01059	0.01484	0.01040	0.07502	0.00952	0.00647	0.00785	0.00176	0.18215	0.00546	0.00261	0.00672
3	0.00770	0.00604	0.00665	0.00644	0.00798	0.00571	0.00474	0.06451	0.05052	0.01617	0.15175	0.15143	0.40801	0.07976	0.00770	0.00202	0.00312	0.01014	0.00481	0.00479
4	0.06136	0.03744	0.10349	0.01617	0.26767	0.00961	0.01066	0.01498	0.01118	0.08267	0.01197	0.07120	0.01022	0.00551	0.00459	0.00137	0.00495	0.00474	0.05810	0.21213
5	0.04104	0.14742	0.27464	0.03644	0.07779	0.01272	0.06023	0.08549	0.01274	0.16097	0.01124	0.01211	0.00809	0.00510	0.00470	0.00150	0.00617	0.00412	0.00333	0.03418
6	0.05921	0.00613	0.00702	0.00636	0.00834	0.00552	0.00485	0.01168	0.01248	0.16073	0.21998	0.03725	0.36310	0.06621	0.00710	0.00189	0.00313	0.00869	0.00507	0.00526
7	0.00625	0.00447	0.00595	0.00714	0.00744	0.00417	0.00476	0.00714	0.00982	0.01310	0.02828	0.81633	0.03394	0.01608	0.00655	0.00208	0.00298	0.01459	0.00476	0.00417
8	0.07850	0.07040	0.19952	0.06148	0.07043	0.03217	0.08733	0.04894	0.12293	0.02958	0.11936	0.01691	0.02846	0.00609	0.00502	0.00160	0.00571	0.00519	0.00350	0.00687
9	0.01329	0.12488	0.18331	0.06979	0.17981	0.07132	0.16127	0.10469	0.01300	0.01725	0.00952	0.01170	0.00739	0.00484	0.00496	0.00153	0.00705	0.00437	0.00272	0.00732
10	0.00746	0.00497	0.00560	0.00560	0.00560	0.00497	0.00311	0.00746	0.00746	0.00995	0.01617	0.03358	0.01865	0.81967	0.02612	0.00497	0.00497	0.00746	0.00311	0.00311
11	0.01634	0.01985	0.01277	0.01194	0.01417	0.60835	0.00903	0.01781	0.01395	0.01346	0.06806	0.07173	0.01380	0.00728	0.00510	0.00150	0.00788	0.07815	0.00321	0.00562
12	0.01227	0.06818	0.06142	0.01964	0.32119	0.01249	0.08624	0.03583	0.23053	0.01787	0.01589	0.01691	0.06693	0.00589	0.00515	0.00160	0.00554	0.00536	0.00349	0.00761
13	0.01257	0.01387	0.08759	0.02704	0.51258	0.01248	0.20026	0.04016	0.01212	0.01714	0.00988	0.01281	0.00793	0.00459	0.00530	0.00158	0.00683	0.00487	0.00261	0.00781
14	0.01455	0.01682	0.01282	0.01162	0.01310	0.43243	0.00880	0.01564	0.01140	0.01203	0.00949	0.01459	0.00913	0.14471	0.07224	0.00267	0.18560	0.00443	0.00264	0.00529
15	0.10139	0.08310	0.01447	0.01006	0.01396	0.01028	0.07900	0.10237	0.01430	0.43652	0.01817	0.01703	0.06377	0.00626	0.00494	0.00156	0.00485	0.00512	0.00507	0.00775
16	0.01404	0.39234	0.10057	0.01336	0.01792	0.16809	0.19614	0.01670	0.01167	0.01364	0.00829	0.01006	0.00688	0.00460	0.00438	0.00135	0.00719	0.00377	0.00238	0.00664
17	0.00923	0.00687	0.00865	0.00932	0.06257	0.00687	0.00629	0.13911	0.01325	0.01803	0.13941	0.43270	0.07315	0.01220	0.00600	0.00183	0.00352	0.01082	0.03484	0.00535
18	0.00718	0.00487	0.00576	0.00609	0.00619	0.00480	0.00366	0.00747	0.00817	0.01088	0.01948	0.22945	0.02276	0.59775	0.02073	0.00418	0.00447	0.02914	0.00356	0.00342
19	0.01469	0.12873	0.01526	0.01179	0.03549	0.40668	0.05100	0.01700	0.04488	0.01460	0.13949	0.01749	0.06893	0.00656	0.00490	0.00141	0.00680	0.00503	0.00333	0.00594
20	0.00726	0.00489	0.00566	0.00585	0.00590	0.00484	0.00339	0.00741	0.00786	0.01048	0.01819	0.16434	0.02121	0.68543	0.02285	0.00449	0.00464	0.00865	0.00339	0.00329
21	0.01367	0.25932	0.11072	0.01016	0.01406	0.01418	0.00951	0.19693	0.12105	0.04399	0.01556	0.08538	0.04937	0.00701	0.00478	0.00153	0.00516	0.02661	0.00387	0.00713
22	0.04288	0.01284	0.06954	0.01667	0.20562	0.01316	0.01173	0.20035	0.01411	0.14613	0.01121	0.01275	0.00848	0.00636	0.00791	0.00172	0.20264	0.00455	0.00372	0.00764
23	0.00704	0.00487	0.00574	0.00606	0.00629	0.00476	0.00370	0.00743	0.00841	0.01112	0.02187	0.23862	0.07856	0.52603	0.04417	0.00409	0.00456	0.00951	0.00365	0.00352
24	0.01168	0.01100	0.01504	0.13875	0.01786	0.01361	0.06586	0.01891	0.32593	0.01652	0.01321	0.01507	0.01051	0.00720	0.00941	0.00191	0.29212	0.00516	0.00350	0.00676
25	0.01393	0.01124	0.01271	0.01200	0.07803	0.01242	0.00872	0.26037	0.35469	0.02358	0.05036	0.07052	0.05340	0.00754	0.00534	0.00168	0.00453	0.00628	0.00493	0.00774

[dist]
# distance from previous block
# <min> <max>
0	2

[block]
# block no. 2 follows, 48 sequences, length 15
# corresponding to MSA columns:
# 83-97
name=unknown_C
#
# <colnr> <probs for GDERKNQSTAVLIFYWHMCP>
#	G	D	E	R	K	N	Q	S	T	A	V	L	I	F	Y	W	H	M	C	P
0	0.00984	0.00990	0.01957	0.13185	0.02125	0.00970	0.39036	0.01293	0.01126	0.01526	0.04718	0.24025	0.01681	0.00804	0.00599	0.00181	0.00636	0.00833	0.02749	0.00582
1	0.00974	0.00523	0.00736	0.00708	0.00740	0.00535	0.00487	0.06619	0.00804	0.01074	0.00918	0.01534	0.00890	0.01692	0.01889	0.78457	0.00455	0.00447	0.00245	0.00273
2	0.01017	0.00867	0.01092	0.00970	0.01089	0.01033	0.00768	0.07191	0.11875	0.01767	0.24547	0.08078	0.06031	0.03793	0.01016	0.00199	0.26949	0.00724	0.00423	0.00572
3	0.01169	0.08025	0.12676	0.00946	0.01225	0.11352	0.00836	0.04047	0.04878	0.09072	0.05823	0.24554	0.07873	0.04421	0.00630	0.00182	0.00501	0.00794	0.00404	0.00591
4	0.00637	0.00478	0.00595	0.00683	0.00757	0.00435	0.00483	0.00749	0.01048	0.01348	0.03435	0.55401	0.22888	0.01512	0.00647	0.00202	0.00302	0.07499	0.00476	0.00426
5	0.00891	0.00446	0.00668	0.00668	0.00668	0.00446	0.00446	0.00668	0.00668	0.00891	0.00891	0.01560	0.00891	0.01783	0.02005	0.85071	0.00446	0.00446	0.00223	0.00223
6	0.01357	0.04916	0.01537	0.09217	0.11233	0.33537	0.07954	0.01550	0.01228	0.01359	0.01318	0.19791	0.01327	0.00756	0.00525	0.00159	0.00696	0.00643	0.00306	0.00590
7	0.01879	0.01077	0.01478	0.08189	0.15670	0.06202	0.04244	0.02175	0.05029	0.46208	0.01616	0.01565	0.01090	0.00579	0.00515	0.00158	0.00539	0.00495	0.00485	0.00807
8	0.00638	0.00489	0.00574	0.00618	0.00715	0.00437	0.00432	0.00757	0.01101	0.01413	0.13080	0.36231	0.33691	0.06479	0.00753	0.00207	0.00288	0.01197	0.00477	0.00425
9	0.00746	0.00497	0.00560	0.00560	0.00560	0.00497	0.00311	0.00746	0.00746	0.00995	0.01617	0.03358	0.01865	0.81967	0.02612	0.00497	0.00497	0.00746	0.00311	0.00311
10	0.22852	0.18471	0.14492	0.01249	0.07077	0.10096	0.06943	0.04778	0.01160	0.07222	0.00914	0.01038	0.00704	0.00488	0.00422	0.00147	0.00608	0.00362	0.00296	0.00679
11	0.00635	0.00519	0.00592	0.00603	0.00745	0.00476	0.00452	0.00772	0.01078	0.01337	0.04156	0.11849	0.54827	0.01869	0.17398	0.00315	0.00499	0.01007	0.00434	0.00437
12	0.00625	0.00447	0.00595	0.00714	0.00744	0.00417	0.00476	0.00714	0.00982	0.01310	0.02828	0.81633	0.03394	0.01608	0.00655	0.00208	0.00298	0.01459	0.00476	0.00417
13	0.01605	0.12614	0.09114	0.01567	0.18966	0.20151	0.01117	0.01921	0.06099	0.17313	0.01235	0.03976	0.00968	0.00565	0.00478	0.00147	0.00633	0.00448	0.00350	0.00733
14	0.01406	0.57810	0.04272	0.01204	0.10033	0.10334	0.00989	0.01669	0.05623	0.01330	0.00836	0.00955	0.00729	0.00467	0.00379	0.00122	0.00593	0.00321	0.00246	0.00680

[dist]
# distance from previous block
# <min> <max>
3	13

[block]
# block no. 3 follows, 48 sequences, length 39
# corresponding to MSA columns:
# 111-123,125-150
name=unknown_D
#
# <colnr> <probs for GDERKNQSTAVLIFYWHMCP>
#	G	D	E	R	K	N	Q	S	T	A	V	L	I	F	Y	W	H	M	C	P
0	0.01066	0.01048	0.01626	0.24100	0.04780	0.01363	0.05919	0.01275	0.00897	0.01295	0.00817	0.01268	0.00725	0.00921	0.05951	0.00240	0.45437	0.00467	0.00232	0.00575
1	0.01013	0.06449	0.03182	0.00807	0.01052	0.00825	0.00658	0.01520	0.19257	0.06134	0.27782	0.07607	0.09647	0.00896	0.00545	0.00160	0.00353	0.03541	0.00485	0.08088
2	0.05429	0.16741	0.06118	0.01299	0.03238	0.01170	0.23671	0.05904	0.01188	0.03116	0.05690	0.21079	0.01619	0.00777	0.00534	0.00166	0.00569	0.00727	0.00345	0.00620
3	0.01075	0.00623	0.00637	0.00595	0.00756	0.00653	0.00457	0.07993	0.08643	0.02051	0.01675	0.01853	0.01301	0.00609	0.00388	0.00128	0.00284	0.00487	0.69246	0.00545
4	0.00625	0.00447	0.00595	0.00714	0.00744	0.00417	0.00476	0.00714	0.00982	0.01310	0.02828	0.81633	0.03394	0.01608	0.00655	0.00208	0.00298	0.01459	0.00476	0.00417
5	0.01552	0.01712	0.01403	0.01250	0.01506	0.44793	0.08333	0.01748	0.01373	0.06099	0.06987	0.02265	0.01502	0.00753	0.00543	0.00162	0.00744	0.16337	0.00352	0.00587
6	0.01710	0.01013	0.01181	0.00987	0.01321	0.01061	0.00788	0.07734	0.39395	0.32802	0.04866	0.01872	0.01523	0.00680	0.00522	0.00166	0.00423	0.00559	0.00568	0.00828
7	0.00657	0.00522	0.00590	0.00573	0.00724	0.00455	0.00430	0.00834	0.01289	0.01670	0.36206	0.04470	0.47373	0.01194	0.00606	0.00168	0.00252	0.01017	0.00514	0.00455
8	0.01055	0.01000	0.01694	0.58579	0.25018	0.01163	0.01468	0.01386	0.01067	0.01415	0.00927	0.01340	0.00721	0.00497	0.00512	0.00166	0.00663	0.00456	0.00235	0.00639
9	0.00633	0.00515	0.00561	0.00561	0.00712	0.00443	0.00416	0.00784	0.01216	0.01523	0.20591	0.10316	0.57402	0.01269	0.00610	0.00173	0.00259	0.01077	0.00495	0.00443
10	0.00625	0.00447	0.00595	0.00714	0.00744	0.00417	0.00476	0.00714	0.00982	0.01310	0.02828	0.81633	0.03394	0.01608	0.00655	0.00208	0.00298	0.01459	0.00476	0.00417
11	0.01750	0.01233	0.01349	0.01092	0.01456	0.01355	0.00883	0.38841	0.30298	0.13622	0.01663	0.01559	0.01187	0.00648	0.00517	0.00162	0.00488	0.00514	0.00534	0.00850
12	0.00969	0.00912	0.01539	0.80734	0.03534	0.01140	0.01425	0.01311	0.01026	0.01311	0.00912	0.01368	0.00684	0.00513	0.00513	0.00171	0.00684	0.00456	0.00228	0.00570
13	0.01372	0.82276	0.02689	0.00878	0.01317	0.02030	0.00878	0.01536	0.01043	0.01207	0.00713	0.00823	0.00658	0.00439	0.00329	0.00110	0.00549	0.00274	0.00219	0.00658
14	0.01146	0.01717	0.30725	0.11492	0.41617	0.01200	0.01677	0.01563	0.01120	0.01615	0.00943	0.01212	0.00737	0.00475	0.00501	0.00158	0.00673	0.00428	0.00237	0.00764
15	0.01101	0.00801	0.00885	0.00817	0.00984	0.00868	0.00596	0.08167	0.27797	0.04672	0.01912	0.09456	0.01787	0.27981	0.01227	0.00281	0.00433	0.03349	0.06304	0.00582
16	0.01404	0.01037	0.01209	0.01016	0.01281	0.01156	0.00817	0.43268	0.01718	0.02335	0.01383	0.06372	0.01182	0.01915	0.30973	0.00414	0.00859	0.00556	0.00420	0.00686
17	0.00625	0.00447	0.00595	0.00714	0.00744	0.00417	0.00476	0.00714	0.00982	0.01310	0.02828	0.81633	0.03394	0.01608	0.00655	0.00208	0.00298	0.01459	0.00476	0.00417
18	0.01469	0.01701	0.03239	0.01611	0.03558	0.31351	0.30904	0.06249	0.01356	0.01577	0.01135	0.05798	0.00982	0.00589	0.00540	0.00158	0.00797	0.03370	0.02978	0.00639
19	0.01178	0.06848	0.26314	0.13095	0.07025	0.03768	0.01308	0.01992	0.29603	0.01737	0.01339	0.01425	0.01007	0.00565	0.00494	0.00163	0.00599	0.00462	0.00336	0.00742
20	0.01452	0.01672	0.08918	0.01223	0.01510	0.24678	0.01029	0.05964	0.31350	0.01739	0.01317	0.01377	0.01028	0.00655	0.00689	0.00168	0.13698	0.00459	0.00367	0.00705
21	0.00996	0.08819	0.01034	0.00821	0.00996	0.15354	0.00641	0.01177	0.01204	0.01503	0.26440	0.02669	0.11729	0.03362	0.20670	0.00327	0.00692	0.00673	0.00386	0.00505
22	0.01040	0.00874	0.00918	0.04472	0.03868	0.05708	0.00664	0.10638	0.11323	0.03903	0.04866	0.10818	0.35312	0.01016	0.00565	0.00169	0.00398	0.00849	0.02019	0.00579
23	0.05734	0.14125	0.36408	0.01104	0.01594	0.05869	0.01227	0.01523	0.01193	0.05626	0.18939	0.01693	0.01652	0.00620	0.00481	0.00152	0.00580	0.00489	0.00328	0.00664
24	0.01223	0.19711	0.26065	0.04645	0.01958	0.03580	0.15677	0.03483	0.01115	0.03053	0.00896	0.01110	0.00705	0.00512	0.00596	0.00153	0.09169	0.00408	0.00249	0.05691
25	0.01195	0.24573	0.26502	0.01542	0.02086	0.01485	0.28355	0.01587	0.01102	0.01494	0.00892	0.01119	0.00699	0.00475	0.00546	0.00155	0.04828	0.00434	0.00233	0.00696
26	0.00685	0.00492	0.00622	0.00649	0.00721	0.00459	0.00448	0.00827	0.01153	0.01576	0.34273	0.31866	0.08682	0.14055	0.00940	0.00232	0.00304	0.01101	0.00487	0.00429
27	0.11912	0.40013	0.01919	0.00978	0.01331	0.18529	0.00855	0.09715	0.01250	0.01592	0.00868	0.03155	0.00762	0.00530	0.00420	0.00131	0.02645	0.00349	0.02404	0.00641
28	0.13157	0.00792	0.00859	0.00769	0.00993	0.00853	0.03269	0.02920	0.22345	0.05962	0.03658	0.04604	0.01413	0.00652	0.00434	0.00149	0.00347	0.00531	0.35679	0.00614
29	0.00625	0.00447	0.00595	0.00714	0.00744	0.00417	0.00476	0.00714	0.00982	0.01310	0.02828	0.81633	0.03394	0.01608	0.00655	0.00208	0.00298	0.01459	0.00476	0.00417
30	0.00625	0.00447	0.00595	0.00714	0.00744	0.00417	0.00476	0.00714	0.00982	0.01310	0.02828	0.81633	0.03394	0.01608	0.00655	0.00208	0.00298	0.01459	0.00476	0.00417
31	0.07444	0.01405	0.09519	0.16225	0.29467	0.05974	0.13583	0.07213	0.01230	0.01738	0.00954	0.01232	0.00745	0.00484	0.00506	0.00159	0.00679	0.00453	0.00271	0.00717
32	0.00631	0.00459	0.00597	0.00704	0.00751	0.00425	0.00481	0.00730	0.01008	0.01326	0.03055	0.71257	0.10718	0.01570	0.00652	0.00206	0.00301	0.04231	0.00476	0.00420
33	0.02302	0.00873	0.01191	0.00913	0.01310	0.00754	0.00754	0.02501	0.01469	0.79122	0.02024	0.01746	0.01270	0.00635	0.00516	0.00159	0.00437	0.00516	0.00635	0.00873
34	0.25313	0.01114	0.01315	0.32072	0.02136	0.06000	0.01056	0.08811	0.01104	0.01766	0.00840	0.01134	0.00663	0.00578	0.00649	0.00172	0.14000	0.00397	0.00283	0.00596
35	0.00616	0.00498	0.00549	0.00583	0.00711	0.00430	0.00419	0.00738	0.01123	0.01387	0.07084	0.28141	0.53161	0.01384	0.00621	0.00183	0.00271	0.01191	0.00480	0.00430
36	0.38670	0.05548	0.22014	0.00984	0.01417	0.05420	0.00991	0.01740	0.10677	0.04420	0.03128	0.01152	0.00859	0.00529	0.00411	0.00158	0.00528	0.00371	0.00325	0.00658
37	0.03062	0.01069	0.05152	0.01000	0.01340	0.01015	0.00849	0.12949	0.10945	0.27496	0.04333	0.04256	0.01340	0.00698	0.00622	0.00161	0.08272	0.03361	0.00480	0.11601
38	0.13784	0.06022	0.01332	0.00996	0.01337	0.05645	0.05487	0.24866	0.01499	0.03628	0.04759	0.11855	0.01296	0.00680	0.00477	0.00147	0.00495	0.00552	0.00402	0.14739

[dist]
# distance from previous block
# <min> <max>
4	38

[block]
# block no. 4 follows, 48 sequences, length 30
# corresponding to MSA columns:
# 189-218
name=unknown_E
#
# <colnr> <probs for GDERKNQSTAVLIFYWHMCP>
#	G	D	E	R	K	N	Q	S	T	A	V	L	I	F	Y	W	H	M	C	P
0	0.04843	0.01520	0.11218	0.01390	0.01810	0.12492	0.22382	0.06840	0.14851	0.06062	0.02930	0.01509	0.03219	0.00563	0.00518	0.00158	0.00653	0.00510	0.02015	0.04517
1	0.01296	0.01418	0.20310	0.01093	0.01508	0.01094	0.02532	0.16674	0.17533	0.06667	0.04179	0.01847	0.04179	0.04616	0.00658	0.02673	0.00529	0.02923	0.00408	0.07864
2	0.01134	0.14051	0.50500	0.07353	0.05811	0.05056	0.01610	0.01584	0.01078	0.01503	0.00872	0.01070	0.00663	0.00506	0.00533	0.00157	0.05207	0.00375	0.00222	0.00714
3	0.00726	0.00565	0.00741	0.09177	0.01046	0.00543	0.00564	0.00954	0.01345	0.01831	0.54217	0.03810	0.20476	0.01046	0.00596	0.00165	0.00293	0.00911	0.00510	0.00482
4	0.00933	0.00843	0.01474	0.01155	0.01447	0.00767	0.27167	0.01198	0.01255	0.05377	0.18041	0.03358	0.29872	0.00920	0.00606	0.00173	0.00485	0.03946	0.00426	0.00557
5	0.04728	0.00694	0.00868	0.00752	0.00972	0.00659	0.00588	0.03721	0.05873	0.21985	0.47138	0.03007	0.05133	0.00891	0.00563	0.00161	0.00318	0.00764	0.00567	0.00617
6	0.01029	0.02654	0.79309	0.01462	0.02221	0.01192	0.01896	0.01625	0.01083	0.01625	0.00921	0.01083	0.00650	0.00487	0.00487	0.00162	0.00758	0.00379	0.00217	0.00758
7	0.02218	0.01009	0.01275	0.00977	0.01377	0.00955	0.00807	0.20412	0.01695	0.60890	0.01834	0.01623	0.01175	0.00630	0.00515	0.00158	0.00467	0.00503	0.00606	0.00873
8	0.00625	0.00447	0.00595	0.00714	0.00744	0.00417	0.00476	0.00714	0.00982	0.01310	0.02828	0.81633	0.03394	0.01608	0.00655	0.00208	0.00298	0.01459	0.00476	0.00417
9	0.01270	0.01219	0.02083	0.03149	0.78767	0.01219	0.01575	0.01575	0.01168	0.01676	0.00965	0.01270	0.00813	0.00457	0.00508	0.00152	0.00610	0.00457	0.00254	0.00813
10	0.00927	0.00482	0.00482	0.00482	0.00606	0.00474	0.00361	0.01157	0.01084	0.01868	0.01972	0.02169	0.07849	0.00657	0.00380	0.00124	0.00241	0.00529	0.77682	0.00474
11	0.00624	0.00450	0.00592	0.00705	0.00742	0.00418	0.00472	0.00715	0.00991	0.01313	0.02940	0.78011	0.06943	0.01593	0.00653	0.00207	0.00296	0.01441	0.00476	0.00418
12	0.01220	0.00732	0.00759	0.00664	0.00861	0.00773	0.00522	0.21274	0.01430	0.02263	0.01557	0.01733	0.01198	0.00603	0.00400	0.00129	0.00325	0.00474	0.62503	0.00583
13	0.01917	0.02445	0.01454	0.01322	0.01586	0.79907	0.00991	0.02049	0.01454	0.01256	0.00793	0.00925	0.00661	0.00529	0.00463	0.00132	0.00925	0.00330	0.00264	0.00595
14	0.00666	0.00476	0.00642	0.00761	0.00809	0.00452	0.00548	0.00785	0.01023	0.01356	0.02805	0.66219	0.03304	0.01569	0.00666	0.00214	0.00333	0.16468	0.00476	0.00428
15	0.00690	0.00523	0.00635	0.00607	0.00744	0.00469	0.00455	0.00897	0.01366	0.01852	0.56047	0.04171	0.27419	0.01126	0.00606	0.00165	0.00248	0.00975	0.00538	0.00469
16	0.00739	0.00524	0.00694	0.00694	0.00741	0.00570	0.00479	0.00832	0.00786	0.01094	0.01494	0.02677	0.01570	0.42337	0.41838	0.00663	0.00942	0.00647	0.00293	0.00386
17	0.01211	0.01384	0.03028	0.02163	0.02682	0.01298	0.76903	0.01644	0.01211	0.01644	0.01038	0.01384	0.00779	0.00433	0.00606	0.00173	0.00865	0.00606	0.00260	0.00692
18	0.01870	0.01570	0.01443	0.01157	0.01516	0.17335	0.00933	0.56244	0.02119	0.02736	0.01176	0.01221	0.00863	0.00597	0.00492	0.00147	0.00613	0.00437	0.06746	0.00787
19	0.05297	0.01033	0.01218	0.00997	0.02893	0.01034	0.00790	0.18931	0.14557	0.32918	0.03920	0.01616	0.01252	0.00619	0.00494	0.00152	0.00446	0.00495	0.02786	0.08554
20	0.05369	0.40159	0.11886	0.01734	0.28463	0.01600	0.01232	0.01559	0.01083	0.01476	0.00827	0.01012	0.00706	0.00453	0.00411	0.00134	0.00589	0.00351	0.00236	0.00720
21	0.00989	0.00570	0.00633	0.06512	0.00888	0.00591	0.00483	0.05564	0.01176	0.01937	0.06568	0.02052	0.03954	0.00644	0.00403	0.00130	0.00292	0.00524	0.65585	0.00507
22	0.01065	0.01100	0.02131	0.49491	0.03195	0.01203	0.31438	0.01443	0.01100	0.01443	0.00962	0.01374	0.00722	0.00481	0.00550	0.00172	0.00756	0.00515	0.00241	0.00619
23	0.00990	0.01512	0.28678	0.47466	0.04624	0.01133	0.01564	0.01414	0.01057	0.01440	0.01004	0.01480	0.00785	0.00547	0.00513	0.00171	0.00698	0.04051	0.00236	0.00636
24	0.00997	0.03669	0.06730	0.07353	0.01889	0.00977	0.30579	0.01305	0.01102	0.01476	0.01581	0.05988	0.01549	0.09433	0.04121	0.00249	0.00695	0.19415	0.00322	0.00570
25	0.00956	0.00478	0.00478	0.00478	0.00598	0.00478	0.00359	0.01196	0.01076	0.01913	0.01674	0.01913	0.01315	0.00598	0.00359	0.00120	0.00239	0.00478	0.84816	0.00478
26	0.00703	0.00482	0.00632	0.00702	0.00770	0.00445	0.00489	0.00829	0.01099	0.04091	0.16662	0.58959	0.07929	0.01452	0.00639	0.00197	0.00293	0.02683	0.00498	0.00446
27	0.09028	0.01125	0.01577	0.41718	0.22105	0.06944	0.01310	0.01530	0.05457	0.01538	0.00961	0.01287	0.00753	0.00514	0.00512	0.00163	0.02131	0.00437	0.00262	0.00646
28	0.01551	0.01784	0.02177	0.01685	0.02077	0.32561	0.36646	0.09547	0.01425	0.01643	0.01013	0.03547	0.00818	0.00524	0.00541	0.00156	0.00841	0.00506	0.00294	0.00664
29	0.01778	0.01447	0.01446	0.01270	0.04647	0.22720	0.00982	0.09703	0.01354	0.24364	0.01173	0.01270	0.00872	0.00672	0.00837	0.00170	0.23765	0.00438	0.00387	0.00705

[dist]
# distance from previous block
# <min> <max>
0	1

[block]
# block no. 5 follows, 48 sequences, length 11
# corresponding to MSA columns:
# 220-230
name=unknown_F
#
# <colnr> <probs for GDERKNQSTAVLIFYWHMCP>
#	G	D	E	R	K	N	Q	S	T	A	V	L	I	F	Y	W	H	M	C	P
0	0.01330	0.00842	0.00961	0.00815	0.01055	0.00862	0.00643	0.25717	0.01631	0.11044	0.18820	0.09685	0.06137	0.00838	0.00521	0.00155	0.00374	0.00699	0.17226	0.00644
1	0.01171	0.00773	0.00914	0.00854	0.01060	0.00798	0.00645	0.01795	0.29107	0.15507	0.11507	0.26290	0.05369	0.01025	0.00574	0.00180	0.00354	0.00894	0.00532	0.00650
2	0.01271	0.58821	0.25259	0.01050	0.01583	0.01783	0.01178	0.01563	0.01055	0.01330	0.00774	0.00900	0.00656	0.00453	0.00376	0.00125	0.00610	0.00305	0.00219	0.00688
3	0.29506	0.00931	0.01100	0.00917	0.01206	0.00996	0.04743	0.01808	0.08292	0.24560	0.08837	0.05052	0.01418	0.00683	0.00574	0.00169	0.07569	0.00522	0.00449	0.00667
4	0.00614	0.00516	0.00533	0.00538	0.00700	0.00435	0.00400	0.00747	0.01172	0.01415	0.08736	0.09570	0.70260	0.01306	0.00609	0.00175	0.00261	0.01098	0.00481	0.00435
5	0.00669	0.00494	0.00599	0.00644	0.00723	0.00455	0.00449	0.00785	0.01072	0.01404	0.14856	0.33014	0.21757	0.15086	0.00971	0.00243	0.00324	0.05577	0.00462	0.00417
6	0.01153	0.01121	0.01942	0.29788	0.42650	0.01217	0.07434	0.01471	0.01102	0.01524	0.00937	0.01305	0.00758	0.00498	0.00580	0.00164	0.04937	0.00468	0.00244	0.00706
7	0.00983	0.00932	0.01542	0.73335	0.03330	0.01180	0.01397	0.01304	0.01004	0.01304	0.00890	0.01345	0.00683	0.00549	0.00622	0.00176	0.08173	0.00455	0.00228	0.00569
8	0.00683	0.00499	0.00646	0.00687	0.00777	0.00462	0.00502	0.00853	0.01213	0.01647	0.34393	0.35197	0.11285	0.01329	0.00634	0.00188	0.00286	0.07755	0.00513	0.00451
9	0.11011	0.01164	0.01464	0.10515	0.18567	0.03331	0.01052	0.19689	0.08628	0.17557	0.01306	0.01369	0.00941	0.00563	0.00490	0.00158	0.00539	0.00458	0.00421	0.00777
10	0.01629	0.01225	0.01344	0.01114	0.01450	0.01354	0.00920	0.50315	0.15293	0.02736	0.01651	0.02179	0.01372	0.00776	0.00550	0.00172	0.00520	0.14102	0.00507	0.00789

[dist]
# distance from previous block
# <min> <max>
0	4

[block]
# block no. 6 follows, 48 sequences, length 31
# corresponding to MSA columns:
# 255-285
name=unknown_G
#
# <colnr> <probs for GDERKNQSTAVLIFYWHMCP>
#	G	D	E	R	K	N	Q	S	T	A	V	L	I	F	Y	W	H	M	C	P
0	0.01530	0.10653	0.25522	0.01207	0.01712	0.01446	0.01219	0.33323	0.11443	0.05157	0.01217	0.01247	0.00884	0.00568	0.00486	0.00154	0.00598	0.00433	0.00395	0.00806
1	0.06896	0.00790	0.01041	0.00981	0.03631	0.00793	0.03313	0.04195	0.09591	0.18281	0.16311	0.05675	0.02355	0.01078	0.04569	0.00215	0.00470	0.18688	0.00497	0.00632
2	0.01194	0.04660	0.01803	0.22821	0.02207	0.06458	0.17567	0.01465	0.01071	0.04832	0.00945	0.01269	0.00757	0.00660	0.03400	0.00183	0.14920	0.00454	0.00267	0.13064
3	0.00869	0.00759	0.01002	0.00917	0.01015	0.00913	0.00731	0.01123	0.06630	0.01455	0.14717	0.02581	0.16244	0.01753	0.21615	0.00357	0.25756	0.00684	0.00363	0.00516
4	0.17288	0.06467	0.06831	0.00812	0.01231	0.04871	0.00713	0.01406	0.01048	0.01754	0.00907	0.01055	0.00738	0.00432	0.00375	0.00106	0.00440	0.00316	0.05947	0.47264
5	0.01093	0.04900	0.03548	0.00799	0.01019	0.00857	0.00659	0.15389	0.01229	0.01826	0.01364	0.01739	0.01151	0.05147	0.26282	0.00369	0.00722	0.00484	0.24910	0.06512
6	0.01736	0.26305	0.05140	0.01089	0.03981	0.06606	0.00931	0.15890	0.08910	0.22549	0.01316	0.01284	0.00955	0.00558	0.00453	0.00142	0.00544	0.00418	0.00418	0.00776
7	0.00627	0.00490	0.00569	0.00613	0.00722	0.00432	0.00436	0.00753	0.01125	0.01430	0.12387	0.36103	0.39693	0.01397	0.00626	0.00186	0.00273	0.01219	0.00486	0.00432
8	0.01092	0.02026	0.47029	0.11218	0.22084	0.01197	0.05002	0.01576	0.01104	0.01602	0.00936	0.01178	0.00701	0.00480	0.00501	0.00161	0.00716	0.00418	0.00229	0.00747
9	0.00712	0.00518	0.00730	0.00755	0.00818	0.00568	0.00549	0.00843	0.00845	0.01183	0.01731	0.19508	0.01840	0.16737	0.49507	0.00635	0.00991	0.00780	0.00325	0.00424
10	0.00742	0.00514	0.00643	0.00643	0.00671	0.00543	0.00414	0.00799	0.00771	0.01056	0.01541	0.02937	0.01683	0.57489	0.26841	0.00600	0.00772	0.00685	0.00300	0.00357
11	0.01358	0.79020	0.05822	0.00902	0.01354	0.01996	0.00920	0.01540	0.01044	0.01224	0.00722	0.00834	0.00658	0.00441	0.00336	0.00112	0.00557	0.00279	0.00219	0.00663
12	0.00860	0.00629	0.00852	0.00952	0.01083	0.00642	0.00826	0.01187	0.06909	0.01581	0.02670	0.05498	0.02849	0.01364	0.00695	0.00232	0.00468	0.69729	0.00476	0.00498
13	0.01255	0.01204	0.02055	0.07052	0.74982	0.01215	0.01567	0.01561	0.01161	0.01658	0.00962	0.01275	0.00806	0.00460	0.00508	0.00153	0.00613	0.00457	0.00253	0.00801
14	0.00625	0.00447	0.00595	0.00714	0.00744	0.00417	0.00476	0.00714	0.00982	0.01310	0.02828	0.81633	0.03394	0.01608	0.00655	0.00208	0.00298	0.01459	0.00476	0.00417
15	0.00625	0.00447	0.00595	0.00714	0.00744	0.00417	0.00476	0.00714	0.00982	0.01310	0.02828	0.81633	0.03394	0.01608	0.00655	0.00208	0.00298	0.01459	0.00476	0.00417
16	0.00746	0.00497	0.00560	0.00560	0.00560	0.00497	0.00311	0.00746	0.00746	0.00995	0.01617	0.03358	0.01865	0.81967	0.02612	0.00497	0.00497	0.00746	0.00311	0.00311
17	0.00625	0.00447	0.00595	0.00714	0.00744	0.00417	0.00476	0.00714	0.00982	0.01310	0.02828	0.81633	0.03394	0.01608	0.00655	0.00208	0.00298	0.01459	0.00476	0.00417
18	0.00621	0.00481	0.00566	0.00628	0.00723	0.00426	0.00439	0.00734	0.01082	0.01372	0.06797	0.45413	0.35982	0.01452	0.00632	0.00191	0.00279	0.01275	0.00480	0.00426
19	0.01276	0.01102	0.01160	0.01044	0.01334	0.01276	0.00812	0.02727	0.77840	0.02146	0.02088	0.01914	0.01566	0.00696	0.00522	0.00174	0.00406	0.00580	0.00522	0.00812
20	0.02302	0.00873	0.01191	0.00913	0.01310	0.00754	0.00754	0.02501	0.01469	0.79122	0.02024	0.01746	0.01270	0.00635	0.00516	0.00159	0.00437	0.00516	0.00635	0.00873
21	0.00643	0.00481	0.00602	0.00690	0.00766	0.00440	0.00493	0.00759	0.01053	0.01355	0.03428	0.53391	0.22752	0.01507	0.00648	0.00202	0.00307	0.09579	0.00476	0.00427
22	0.01357	0.09592	0.39825	0.01316	0.01845	0.23308	0.01405	0.03500	0.10134	0.01579	0.01009	0.01115	0.00765	0.00522	0.00471	0.00150	0.00741	0.00381	0.00272	0.00712
23	0.01148	0.04378	0.01024	0.00752	0.01093	0.00824	0.00604	0.09827	0.06741	0.01913	0.01368	0.01486	0.03649	0.00520	0.00405	0.00108	0.00369	0.00412	0.22167	0.41212
24	0.01806	0.25717	0.01730	0.01010	0.01395	0.10540	0.00863	0.15041	0.09737	0.25193	0.01356	0.01302	0.00978	0.00567	0.00454	0.00142	0.00546	0.00419	0.00434	0.00769
25	0.01164	0.00661	0.00819	0.00726	0.00946	0.00604	0.00570	0.01450	0.06748	0.22684	0.30440	0.03500	0.22603	0.00992	0.00580	0.00168	0.00320	0.03874	0.00554	0.00599
26	0.00969	0.00912	0.01539	0.80734	0.03534	0.01140	0.01425	0.01311	0.01026	0.01311	0.00912	0.01368	0.00684	0.00513	0.00513	0.00171	0.00684	0.00456	0.00228	0.00570
27	0.01757	0.01151	0.01285	0.01036	0.01395	0.01231	0.00839	0.33871	0.23042	0.20648	0.01917	0.01787	0.06280	0.00688	0.00523	0.00162	0.00470	0.00548	0.00542	0.00827
28	0.01062	0.00999	0.01687	0.51587	0.28287	0.01142	0.01448	0.01387	0.01080	0.01442	0.01009	0.01530	0.00826	0.00534	0.00520	0.00168	0.00650	0.03748	0.00247	0.00646
29	0.00699	0.00503	0.00661	0.00664	0.00761	0.00466	0.00482	0.00900	0.01325	0.01856	0.58058	0.24846	0.04450	0.01200	0.00619	0.00174	0.00257	0.01071	0.00541	0.00466
30	0.01000	0.00997	0.01909	0.32147	0.02589	0.01048	0.30022	0.01332	0.01105	0.01459	0.01396	0.12901	0.01310	0.00719	0.00586	0.00183	0.00680	0.07734	0.00298	0.00586

[dist]
# distance from previous block
# <min> <max>
0	1

[block]
# block no. 7 follows, 48 sequences, length 18
# corresponding to MSA columns:
# 287-304
name=unknown_H
#
# <colnr> <probs for GDERKNQSTAVLIFYWHMCP>
#	G	D	E	R	K	N	Q	S	T	A	V	L	I	F	Y	W	H	M	C	P
0	0.01256	0.46297	0.21145	0.01286	0.01819	0.01676	0.16981	0.01580	0.01088	0.01398	0.00831	0.01003	0.00681	0.00449	0.00425	0.00136	0.00665	0.00369	0.00227	0.00689
1	0.00665	0.00490	0.00691	0.00757	0.00806	0.00476	0.02737	0.00768	0.00951	0.01280	0.02506	0.63545	0.02945	0.08443	0.10057	0.00303	0.00456	0.01269	0.00433	0.00421
2	0.01567	0.08502	0.01601	0.01295	0.01472	0.43383	0.01033	0.01694	0.01163	0.01244	0.00741	0.00993	0.00666	0.00663	0.00921	0.00166	0.31694	0.00371	0.00245	0.00587
3	0.85592	0.00992	0.00754	0.00675	0.00992	0.01151	0.00556	0.01508	0.00873	0.02302	0.00714	0.00834	0.00556	0.00476	0.00318	0.00159	0.00397	0.00278	0.00318	0.00556
4	0.00651	0.00477	0.00652	0.04858	0.00891	0.00460	0.00526	0.00766	0.01022	0.01370	0.08765	0.71265	0.03369	0.01506	0.00644	0.00203	0.00313	0.01364	0.00470	0.00430
5	0.01192	0.00842	0.00967	0.00861	0.01102	0.00888	0.00669	0.01986	0.37137	0.12621	0.27959	0.02716	0.07193	0.00842	0.00554	0.00168	0.00346	0.00718	0.00549	0.00688
6	0.00733	0.00550	0.00825	0.00825	0.00916	0.00641	0.00641	0.00916	0.00825	0.01191	0.01374	0.02016	0.01283	0.03848	0.79934	0.00825	0.01374	0.00550	0.00275	0.00458
7	0.00720	0.00514	0.00704	0.00823	0.00894	0.00498	0.00641	0.00878	0.01076	0.01416	0.02776	0.46008	0.03187	0.01518	0.00680	0.00221	0.00380	0.36148	0.00475	0.00443
8	0.01020	0.00833	0.00939	0.00858	0.01069	0.00907	0.00659	0.01906	0.42187	0.02105	0.37751	0.02810	0.03095	0.00861	0.00561	0.00168	0.00330	0.00742	0.00542	0.00659
9	0.01131	0.02358	0.59269	0.01787	0.17313	0.06023	0.01777	0.01641	0.01123	0.01612	0.00922	0.01111	0.00683	0.00484	0.00490	0.00159	0.00739	0.00392	0.00227	0.00759
10	0.01122	0.00904	0.00939	0.00878	0.01040	0.07501	0.00649	0.04976	0.29025	0.01577	0.03592	0.08785	0.05876	0.01168	0.01037	0.28932	0.00449	0.00621	0.00393	0.00533
11	0.00635	0.00453	0.00606	0.00725	0.00759	0.00425	0.00493	0.00731	0.00992	0.01320	0.02823	0.78100	0.03373	0.01599	0.00657	0.00210	0.00306	0.04899	0.00476	0.00419
12	0.01385	0.71304	0.02488	0.00913	0.01319	0.08528	0.00875	0.01548	0.01066	0.01210	0.00754	0.00894	0.00691	0.00623	0.04468	0.00149	0.00623	0.00293	0.00226	0.00643
13	0.00937	0.22248	0.22724	0.00953	0.01287	0.01052	0.00960	0.01179	0.01012	0.01351	0.01685	0.33970	0.01842	0.05763	0.00641	0.00187	0.00501	0.00814	0.00329	0.00567
14	0.01029	0.00897	0.01407	0.01993	0.42343	0.00892	0.01062	0.01232	0.01057	0.01457	0.01630	0.02679	0.05851	0.22479	0.01106	0.00258	0.00540	0.11166	0.00313	0.00608
15	0.00711	0.00512	0.00684	0.00792	0.00865	0.00492	0.00608	0.00860	0.01065	0.01394	0.02870	0.43068	0.07458	0.04711	0.00752	0.00229	0.00375	0.31649	0.00468	0.00436
16	0.18282	0.01102	0.01391	0.10182	0.16921	0.01224	0.01014	0.18219	0.04349	0.08543	0.04406	0.01427	0.02733	0.00607	0.00578	0.00164	0.07304	0.00465	0.00379	0.00709
17	0.01300	0.03560	0.32243	0.01641	0.06651	0.07744	0.20639	0.13302	0.01371	0.01860	0.04075	0.01285	0.00895	0.00516	0.00522	0.00160	0.00736	0.00470	0.00293	0.00736

[dist]
# distance from previous block
# <min> <max>
4	13

[block]
# block no. 8 follows, 48 sequences, length 8
# corresponding to MSA columns:
# 318-325
name=unknown_I
#
# <colnr> <probs for GDERKNQSTAVLIFYWHMCP>
#	G	D	E	R	K	N	Q	S	T	A	V	L	I	F	Y	W	H	M	C	P
0	0.04779	0.04415	0.34153	0.01874	0.21566	0.01232	0.11580	0.04299	0.01133	0.01670	0.00969	0.01270	0.00774	0.04497	0.00644	0.00178	0.03544	0.00445	0.00252	0.00727
1	0.01229	0.18265	0.19085	0.01609	0.02087	0.05324	0.32301	0.01588	0.01110	0.01482	0.00890	0.01150	0.00708	0.00507	0.00647	0.00162	0.10483	0.00457	0.00238	0.00679
2	0.00666	0.00478	0.00611	0.00688	0.00741	0.00449	0.00474	0.00773	0.01029	0.01368	0.10677	0.51107	0.09419	0.12357	0.00914	0.00242	0.00329	0.06802	0.00463	0.00415
3	0.01558	0.46448	0.07355	0.01081	0.01480	0.28557	0.00989	0.04731	0.01241	0.01333	0.00775	0.00892	0.00667	0.00480	0.00393	0.00123	0.00692	0.00308	0.00246	0.00652
4	0.00668	0.00510	0.00616	0.00659	0.00758	0.00470	0.00467	0.00855	0.04192	0.01526	0.19823	0.40379	0.24465	0.01365	0.00625	0.00187	0.00279	0.01205	0.00497	0.00452
5	0.00741	0.00536	0.00609	0.00620	0.00776	0.00466	0.00469	0.00883	0.01170	0.06327	0.07699	0.17803	0.51058	0.01309	0.00618	0.00183	0.00295	0.07483	0.00490	0.00464
6	0.01267	0.01266	0.00897	0.00839	0.01022	0.31866	0.00629	0.01453	0.01287	0.01617	0.12204	0.02106	0.09734	0.00707	0.00460	0.00136	0.00513	0.00545	0.30931	0.00520
7	0.01029	0.02654	0.79309	0.01462	0.02221	0.01192	0.01896	0.01625	0.01083	0.01625	0.00921	0.01083	0.00650	0.00487	0.00487	0.00162	0.00758	0.00379	0.00217	0.00758

[dist]
# distance from previous block
# <min> <max>
0	7

[block]
# block no. 9 follows, 48 sequences, length 15
# corresponding to MSA columns:
# 333-347
name=unknown_J
#
# <colnr> <probs for GDERKNQSTAVLIFYWHMCP>
#	G	D	E	R	K	N	Q	S	T	A	V	L	I	F	Y	W	H	M	C	P
0	0.00833	0.00618	0.00742	0.00783	0.00892	0.00553	0.00563	0.00941	0.01266	0.01692	0.23105	0.35093	0.21032	0.01451	0.00699	0.00218	0.00348	0.08097	0.00548	0.00528
1	0.00644	0.00460	0.00617	0.00736	0.00773	0.00433	0.00508	0.00746	0.01001	0.01330	0.02818	0.74695	0.03353	0.01590	0.00660	0.00211	0.00314	0.08214	0.00476	0.00422
2	0.01242	0.01191	0.02033	0.10246	0.71885	0.01212	0.01561	0.01551	0.01155	0.01643	0.00960	0.01279	0.00801	0.00462	0.00508	0.00154	0.00616	0.00457	0.00252	0.00791
3	0.00945	0.00573	0.00756	0.00683	0.00842	0.00522	0.00522	0.01181	0.01455	0.12779	0.67857	0.03543	0.04345	0.00991	0.00593	0.00161	0.00269	0.00871	0.00575	0.00538
4	0.00730	0.00521	0.00715	0.00834	0.00910	0.00507	0.00658	0.00895	0.01085	0.01427	0.02770	0.42307	0.03165	0.01509	0.00683	0.00223	0.00388	0.39752	0.00474	0.00446
5	0.00743	0.00509	0.00617	0.00617	0.00637	0.00529	0.00382	0.00783	0.00763	0.01037	0.01564	0.03067	0.01739	0.65062	0.19345	0.00568	0.00687	0.00704	0.00303	0.00343
6	0.01871	0.02350	0.01433	0.01302	0.01568	0.74328	0.00979	0.02097	0.06874	0.01319	0.00885	0.00995	0.00725	0.00541	0.00467	0.00135	0.00888	0.00348	0.00283	0.00610
7	0.00655	0.00502	0.00600	0.00616	0.00733	0.00447	0.00446	0.00815	0.01224	0.01610	0.31156	0.24438	0.32329	0.01289	0.00619	0.00178	0.00263	0.01124	0.00508	0.00447
8	0.01183	0.01021	0.01071	0.00971	0.01245	0.01159	0.00753	0.02450	0.67173	0.02041	0.02521	0.02335	0.12278	0.00780	0.00534	0.00174	0.00386	0.00650	0.00516	0.00759
9	0.01317	0.01133	0.07196	0.01039	0.03729	0.01080	0.00856	0.33015	0.07026	0.02511	0.32489	0.02319	0.02505	0.00782	0.00549	0.00159	0.00440	0.00652	0.00504	0.00701
10	0.01396	0.01031	0.01266	0.27602	0.02013	0.08854	0.00989	0.04178	0.11209	0.18856	0.01403	0.01590	0.01043	0.01092	0.12915	0.00265	0.00710	0.00488	0.02439	0.00662
11	0.06022	0.01377	0.01276	0.01047	0.01406	0.14497	0.00830	0.23611	0.21997	0.02211	0.01287	0.01304	0.00980	0.00562	0.00467	0.00138	0.00533	0.00426	0.00416	0.19611
12	0.01295	0.32211	0.19749	0.01028	0.01500	0.01419	0.01052	0.10147	0.04118	0.04573	0.01109	0.07281	0.00962	0.00570	0.00432	0.00135	0.00549	0.00436	0.00310	0.11123
13	0.01303	0.11221	0.01782	0.09865	0.33966	0.06477	0.01202	0.07515	0.12337	0.01717	0.01231	0.06930	0.01066	0.00593	0.00496	0.00155	0.00575	0.00515	0.00322	0.00732
14	0.01871	0.04358	0.01530	0.01192	0.01561	0.19269	0.00963	0.51831	0.07979	0.02635	0.01182	0.01202	0.00871	0.00597	0.00496	0.00149	0.00633	0.00435	0.00448	0.00798

[dist]
# distance from previous block
# <min> <max>
5	8

[block]
# block no. 10 follows, 48 sequences, length 12
# corresponding to MSA columns:
# 356-367
name=unknown_K
#
# <colnr> <probs for GDERKNQSTAVLIFYWHMCP>
#	G	D	E	R	K	N	Q	S	T	A	V	L	I	F	Y	W	H	M	C	P
0	0.01027	0.01003	0.01162	0.00991	0.01224	0.08202	0.09406	0.04734	0.14486	0.01601	0.03117	0.03065	0.37354	0.00951	0.00689	0.00174	0.09046	0.00776	0.00415	0.00577
1	0.01201	0.01354	0.02861	0.02069	0.02528	0.01329	0.68204	0.01597	0.01162	0.01597	0.00996	0.01354	0.00766	0.00486	0.00729	0.00179	0.10067	0.00588	0.00255	0.00677
2	0.01205	0.00935	0.00959	0.00855	0.01018	0.06178	0.00618	0.26635	0.01410	0.01839	0.01700	0.19811	0.01787	0.31192	0.01324	0.00293	0.00505	0.00780	0.00413	0.00543
3	0.00964	0.00938	0.01587	0.14012	0.01806	0.01085	0.17754	0.01177	0.00979	0.01361	0.01458	0.26097	0.01539	0.00953	0.00940	0.00200	0.25496	0.00797	0.00311	0.00547
4	0.01031	0.00997	0.01552	0.48559	0.02648	0.01315	0.01302	0.01280	0.00929	0.01280	0.00815	0.01269	0.00680	0.00669	0.00988	0.00193	0.33248	0.00453	0.00227	0.00566
5	0.00624	0.00451	0.00591	0.00702	0.00741	0.00418	0.00471	0.00716	0.00994	0.01315	0.02978	0.76769	0.08161	0.01588	0.00652	0.00206	0.00295	0.01435	0.00476	0.00418
6	0.01398	0.00907	0.01054	0.00916	0.01192	0.00956	0.00719	0.02248	0.40565	0.21170	0.20457	0.02334	0.02281	0.00766	0.00541	0.00167	0.00374	0.00648	0.00560	0.00748
7	0.30830	0.00871	0.00816	0.00744	0.01006	0.00943	0.00593	0.06888	0.16343	0.01999	0.02610	0.02661	0.26991	0.00846	0.00485	0.00170	0.00368	0.03822	0.00432	0.00585
8	0.00737	0.00532	0.00701	0.00677	0.00798	0.00496	0.00521	0.00978	0.01423	0.02002	0.70412	0.04041	0.04640	0.01088	0.00616	0.00169	0.00267	0.08863	0.00555	0.00483
9	0.00644	0.00471	0.00607	0.00691	0.00753	0.00434	0.00480	0.00764	0.01074	0.01426	0.13154	0.59506	0.12378	0.01490	0.00645	0.00199	0.00292	0.04074	0.00488	0.00430
10	0.01145	0.01178	0.01546	0.33520	0.02259	0.09753	0.01231	0.01353	0.00954	0.01268	0.00783	0.01201	0.00676	0.00703	0.01079	0.00193	0.39920	0.00439	0.00230	0.00568
11	0.01287	0.51380	0.24871	0.01197	0.06108	0.04696	0.01219	0.01584	0.01077	0.01358	0.00791	0.00929	0.00665	0.00458	0.00391	0.00128	0.00627	0.00318	0.00222	0.00694

[dist]
# distance from previous block
# <min> <max>
0	1

[block]
# block no. 11 follows, 48 sequences, length 41
# corresponding to MSA columns:
# 369-409
name=unknown_L
#
# <colnr> <probs for GDERKNQSTAVLIFYWHMCP>
#	G	D	E	R	K	N	Q	S	T	A	V	L	I	F	Y	W	H	M	C	P
0	0.00625	0.00447	0.00595	0.00714	0.00744	0.00417	0.00476	0.00714	0.00982	0.01310	0.02828	0.81633	0.03394	0.01608	0.00655	0.00208	0.00298	0.01459	0.00476	0.00417
1	0.00665	0.00466	0.00581	0.00655	0.00680	0.00444	0.00418	0.00726	0.00910	0.01207	0.02513	0.52467	0.05751	0.28532	0.01309	0.00304	0.00363	0.01206	0.00421	0.00382
2	0.00992	0.00949	0.01363	0.41378	0.02361	0.07505	0.08084	0.01222	0.01006	0.01258	0.01219	0.07244	0.01169	0.20919	0.01051	0.00252	0.00648	0.00600	0.00271	0.00508
3	0.00756	0.00512	0.00635	0.00635	0.00670	0.00540	0.00414	0.00828	0.00792	0.01116	0.01547	0.02853	0.01651	0.52762	0.25934	0.00571	0.00746	0.00668	0.06001	0.00367
4	0.43183	0.08596	0.01322	0.21004	0.11119	0.01255	0.00942	0.04354	0.01022	0.01912	0.00814	0.01034	0.00641	0.00485	0.00398	0.00156	0.00515	0.00351	0.00286	0.00612
5	0.01570	0.19302	0.07615	0.02433	0.03815	0.03442	0.03042	0.03858	0.25562	0.21824	0.01539	0.01479	0.01118	0.00583	0.00475	0.00153	0.00514	0.00465	0.00433	0.00778
6	0.00872	0.00742	0.00928	0.01100	0.08223	0.05979	0.00775	0.01038	0.01093	0.01418	0.02361	0.37039	0.02663	0.01321	0.00703	0.00209	0.04783	0.27834	0.00426	0.00494
7	0.01721	0.01487	0.01640	0.12946	0.08786	0.20872	0.08137	0.19743	0.02695	0.15175	0.01183	0.01291	0.00857	0.00553	0.00509	0.00154	0.00680	0.00452	0.00384	0.00737
8	0.08534	0.01151	0.01328	0.21113	0.09085	0.07940	0.01020	0.03976	0.29400	0.07033	0.01509	0.01584	0.02927	0.00603	0.00497	0.00165	0.00541	0.00495	0.00390	0.00708
9	0.01192	0.41358	0.34526	0.01110	0.01660	0.03652	0.01273	0.01533	0.01079	0.01395	0.01105	0.01212	0.05910	0.00520	0.00418	0.00137	0.00627	0.00374	0.00237	0.00683
