[name]
unknown

[dist]
# distance from previous block
# <min> <max>
2	309

[block]
# block no. 0 follows, 49 sequences, length 23
# corresponding to MSA columns:
# 339-361
name=unknown_A
#
# <colnr> <probs for GDERKNQSTAVLIFYWHMCP>
#	G	D	E	R	K	N	Q	S	T	A	V	L	I	F	Y	W	H	M	C	P
0	0.17862	0.06847	0.01558	0.03160	0.20977	0.03460	0.06518	0.04971	0.04459	0.15041	0.01228	0.01329	0.03009	0.00529	0.00480	0.00150	0.02236	0.00434	0.00355	0.05398
1	0.02706	0.04205	0.01232	0.02439	0.13804	0.06972	0.00829	0.11935	0.03430	0.04529	0.03853	0.25100	0.01702	0.02652	0.00592	0.00165	0.02338	0.00730	0.00387	0.10399
2	0.27243	0.04744	0.06150	0.04146	0.01279	0.13334	0.00780	0.08561	0.05586	0.01919	0.11045	0.06869	0.05067	0.00686	0.00455	0.00156	0.00497	0.00524	0.00368	0.00591
3	0.03270	0.00843	0.06320	0.04104	0.01243	0.00742	0.11305	0.01079	0.03129	0.01380	0.04565	0.20945	0.03618	0.21507	0.04524	0.00279	0.02895	0.00791	0.00343	0.07118
4	0.00827	0.04095	0.00954	0.02610	0.02707	0.02142	0.03870	0.00963	0.00984	0.01346	0.02046	0.40848	0.05024	0.09267	0.00806	0.00201	0.03922	0.00955	0.02038	0.14394
5	0.01159	0.01081	0.04116	0.00965	0.01301	0.07705	0.08348	0.08155	0.01236	0.01788	0.07344	0.03692	0.01230	0.00559	0.00492	0.00122	0.03632	0.00463	0.14250	0.32363
6	0.01568	0.02581	0.01352	0.03534	0.13289	0.08907	0.02398	0.07387	0.12010	0.22837	0.04586	0.01579	0.01207	0.02203	0.00526	0.00152	0.00506	0.00482	0.04073	0.08825
7	0.00724	0.00537	0.00790	0.00790	0.00872	0.00620	0.00603	0.00888	0.00806	0.01157	0.01375	0.02103	0.01315	0.10684	0.73402	0.00784	0.01279	0.00559	0.00274	0.00439
8	0.01546	0.04864	0.01364	0.01091	0.01423	0.07734	0.00874	0.28826	0.42012	0.02381	0.01600	0.01525	0.01193	0.00634	0.00498	0.00158	0.00502	0.00498	0.00478	0.00798
9	0.01292	0.30109	0.27987	0.01158	0.01657	0.06576	0.04516	0.01754	0.10131	0.06312	0.01089	0.03423	0.00870	0.00529	0.00440	0.00143	0.00617	0.00406	0.00288	0.00703
10	0.01174	0.13531	0.50053	0.01320	0.01928	0.01241	0.07620	0.01666	0.04107	0.07690	0.01047	0.01230	0.00784	0.03810	0.00556	0.00167	0.00678	0.00410	0.00265	0.00721
11	0.01121	0.09592	0.40257	0.01677	0.02295	0.01296	0.33375	0.01601	0.01117	0.01570	0.00937	0.01168	0.00694	0.00453	0.00515	0.00160	0.00772	0.00458	0.00231	0.00711
12	0.04265	0.01028	0.01583	0.26534	0.11774	0.01133	0.11786	0.06262	0.17217	0.01759	0.06846	0.05063	0.01299	0.00614	0.00525	0.00167	0.00568	0.00565	0.00347	0.00663
13	0.01049	0.06862	0.21005	0.11368	0.14143	0.03337	0.08727	0.01398	0.02356	0.01506	0.06268	0.11578	0.01314	0.00679	0.00597	0.00166	0.06129	0.00587	0.00287	0.00643
14	0.01189	0.01141	0.01969	0.07362	0.65788	0.01148	0.05158	0.01484	0.01133	0.01606	0.01074	0.06646	0.00962	0.00528	0.00515	0.00156	0.00597	0.00523	0.00264	0.00755
15	0.00603	0.00512	0.00519	0.00518	0.00686	0.00429	0.00388	0.00736	0.01165	0.01395	0.08361	0.04819	0.75612	0.01270	0.00598	0.00170	0.00255	0.01061	0.00473	0.00429
16	0.00616	0.00440	0.00587	0.00704	0.00733	0.00411	0.00469	0.00704	0.00968	0.01291	0.02787	0.81899	0.03344	0.01584	0.00645	0.00205	0.00293	0.01438	0.00469	0.00411
17	0.01463	0.07738	0.09260	0.01791	0.21906	0.21952	0.09414	0.05101	0.05589	0.05492	0.01041	0.02588	0.00839	0.00530	0.00524	0.00150	0.03180	0.00440	0.00295	0.00706
18	0.01237	0.00831	0.00946	0.00851	0.02668	0.00839	0.00651	0.07328	0.24197	0.16897	0.08661	0.02948	0.28055	0.00892	0.00547	0.00166	0.00361	0.00743	0.00518	0.00665
19	0.00627	0.00493	0.00567	0.00591	0.00712	0.00433	0.00427	0.00766	0.01158	0.01480	0.19471	0.26273	0.42575	0.01316	0.00611	0.00178	0.00263	0.01140	0.00487	0.00433
20	0.01889	0.02410	0.01433	0.01303	0.01563	0.80199	0.00977	0.02019	0.01433	0.01238	0.00782	0.00912	0.00651	0.00521	0.00456	0.00130	0.00912	0.00326	0.00261	0.00586
21	0.04970	0.06345	0.29458	0.01499	0.09509	0.20643	0.05340	0.01691	0.01159	0.05287	0.01937	0.01110	0.00749	0.00531	0.00572	0.00155	0.07713	0.00391	0.00261	0.00681
22	0.04541	0.08217	0.06689	0.07199	0.08727	0.10674	0.11282	0.12252	0.05033	0.01742	0.02424	0.01471	0.00975	0.03637	0.05052	0.00202	0.03159	0.02113	0.03957	0.00652

[dist]
# distance from previous block
# <min> <max>
0	2

[block]
# block no. 1 follows, 49 sequences, length 56
# corresponding to MSA columns:
# 364-419
name=unknown_B
#
# <colnr> <probs for GDERKNQSTAVLIFYWHMCP>
#	G	D	E	R	K	N	Q	S	T	A	V	L	I	F	Y	W	H	M	C	P
0	0.02989	0.23167	0.26493	0.01234	0.03684	0.13717	0.05556	0.01718	0.01171	0.11213	0.01128	0.01213	0.03578	0.00518	0.00447	0.00142	0.00657	0.00394	0.00288	0.00693
1	0.01126	0.17438	0.42278	0.03501	0.02174	0.01359	0.22070	0.01582	0.01093	0.01520	0.00900	0.01106	0.00677	0.00457	0.00483	0.00153	0.00735	0.00416	0.00226	0.00706
2	0.00664	0.00479	0.00638	0.00749	0.00807	0.00453	0.00549	0.00789	0.01026	0.01349	0.02884	0.59229	0.07247	0.01522	0.00656	0.00210	0.00333	0.19521	0.00468	0.00425
3	0.00913	0.00688	0.00900	0.00988	0.07722	0.00706	0.00666	0.10527	0.03948	0.03255	0.03675	0.36951	0.09154	0.01685	0.15441	0.00301	0.00553	0.00968	0.00424	0.00535
4	0.01605	0.01558	0.01584	0.08244	0.17907	0.22650	0.01123	0.25880	0.06633	0.02006	0.01042	0.01190	0.00810	0.00563	0.00554	0.00152	0.04996	0.00426	0.00348	0.00729
5	0.00725	0.00530	0.00753	0.00753	0.00822	0.00600	0.00557	0.00864	0.00795	0.01129	0.01409	0.02290	0.01396	0.21807	0.62391	0.00739	0.01156	0.00586	0.00279	0.00418
6	0.01485	0.50415	0.09560	0.01054	0.01463	0.25887	0.00994	0.01677	0.01156	0.01243	0.00746	0.00866	0.00649	0.00464	0.00380	0.00120	0.00674	0.00297	0.00230	0.00639
7	0.00599	0.00508	0.00516	0.00523	0.00686	0.00426	0.00389	0.00725	0.01143	0.01362	0.04997	0.09002	0.74815	0.01297	0.00600	0.00173	0.00258	0.01087	0.00470	0.00426
8	0.01722	0.01214	0.01329	0.01076	0.01434	0.01336	0.00870	0.38836	0.30664	0.13511	0.01640	0.01538	0.01171	0.00639	0.00509	0.00160	0.00480	0.00506	0.00526	0.00838
9	0.01317	0.01139	0.01910	0.02795	0.68111	0.01128	0.01442	0.01604	0.01178	0.08419	0.01135	0.01531	0.00953	0.00517	0.00512	0.00155	0.00579	0.04494	0.00295	0.00788
10	0.08291	0.00880	0.01179	0.00971	0.01271	0.00884	0.07035	0.04206	0.13920	0.27567	0.05935	0.01907	0.01428	0.02763	0.13854	0.00275	0.00605	0.02652	0.00462	0.03916
11	0.00963	0.00907	0.01532	0.78788	0.05642	0.01126	0.01409	0.01299	0.01015	0.01302	0.00900	0.01345	0.00678	0.00504	0.00505	0.00168	0.00672	0.00449	0.00225	0.00569
12	0.01692	0.00720	0.00968	0.00818	0.01093	0.00630	0.00643	0.01859	0.01311	0.51988	0.06112	0.22186	0.05888	0.00921	0.00552	0.00170	0.00378	0.00791	0.00575	0.00706
13	0.01551	0.01380	0.01532	0.06034	0.26901	0.19511	0.01105	0.06474	0.11162	0.13330	0.05053	0.01451	0.01120	0.00564	0.00498	0.00151	0.00606	0.00469	0.00372	0.00735
14	0.01236	0.01186	0.02025	0.07055	0.75241	0.01198	0.01544	0.01539	0.01144	0.01634	0.00949	0.01256	0.00795	0.00453	0.00501	0.00151	0.00604	0.00450	0.00249	0.00789
15	0.00611	0.00460	0.00567	0.00652	0.00720	0.00415	0.00446	0.00710	0.01018	0.01311	0.03416	0.61154	0.23683	0.01502	0.00633	0.00196	0.00283	0.01338	0.00469	0.00415
16	0.01044	0.03210	0.18099	0.01102	0.01378	0.03661	0.05518	0.01295	0.01064	0.07807	0.06484	0.16695	0.07840	0.01005	0.03388	0.00203	0.16607	0.02665	0.00350	0.00585
17	0.17362	0.01389	0.01316	0.01124	0.02684	0.21992	0.07448	0.09728	0.08812	0.14423	0.01390	0.05660	0.03275	0.00623	0.00476	0.00155	0.00588	0.00490	0.00396	0.00670
18	0.00888	0.00520	0.00808	0.14317	0.01144	0.00560	0.00608	0.00772	0.00722	0.00955	0.00893	0.01515	0.00852	0.01590	0.03502	0.68906	0.00500	0.00443	0.00222	0.00283
19	0.01069	0.01005	0.01687	0.32212	0.41951	0.01085	0.01375	0.01361	0.01083	0.01478	0.01194	0.08148	0.03006	0.00588	0.00517	0.00162	0.00594	0.00549	0.00265	0.00668
20	0.01282	0.02933	0.05731	0.05509	0.32046	0.02180	0.10284	0.07945	0.08029	0.06401	0.04052	0.03685	0.01224	0.00610	0.00530	0.00163	0.00583	0.05738	0.00345	0.00732
21	0.01092	0.01065	0.01854	0.40799	0.29280	0.01194	0.09230	0.01410	0.01062	0.01445	0.00914	0.01300	0.00727	0.00504	0.00590	0.00166	0.06011	0.00464	0.00236	0.00656
22	0.01318	0.01478	0.01201	0.01099	0.01243	0.36561	0.03028	0.01433	0.01114	0.01214	0.01220	0.08981	0.01258	0.16075	0.04109	0.00251	0.13261	0.04357	0.00292	0.00505
23	0.85801	0.00978	0.00743	0.00665	0.00978	0.01134	0.00548	0.01486	0.00861	0.02269	0.00704	0.00821	0.00548	0.00469	0.00313	0.00156	0.00391	0.00274	0.00313	0.00548
24	0.04343	0.05279	0.10522	0.00910	0.01338	0.00943	0.00820	0.09728	0.06515	0.09251	0.01232	0.06785	0.01019	0.00548	0.00438	0.00122	0.00449	0.00441	0.00366	0.38952
25	0.00662	0.00464	0.00586	0.00653	0.00681	0.00447	0.00422	0.00731	0.00909	0.01217	0.05295	0.49309	0.04368	0.27444	0.04156	0.00316	0.00392	0.01153	0.00413	0.00382
26	0.01116	0.01052	0.01657	0.17441	0.22371	0.04086	0.13045	0.01552	0.11665	0.03183	0.01459	0.14922	0.01342	0.00704	0.00545	0.00170	0.00582	0.02120	0.00331	0.00656
27	0.01500	0.19025	0.16143	0.05481	0.03363	0.07347	0.03836	0.24316	0.03748	0.05917	0.01066	0.01161	0.00800	0.00527	0.00456	0.00143	0.00610	0.00402	0.03424	0.00734
28	0.00635	0.00460	0.00601	0.00680	0.00735	0.00425	0.00466	0.00756	0.01072	0.01445	0.18418	0.61875	0.07644	0.01456	0.00633	0.00194	0.00280	0.01311	0.00487	0.00425
29	0.06324	0.05085	0.38789	0.01285	0.01820	0.17270	0.01370	0.18823	0.01424	0.01910	0.00932	0.01046	0.00687	0.00515	0.00466	0.00150	0.00709	0.00373	0.00295	0.00725
30	0.01304	0.63108	0.06843	0.01132	0.01596	0.01822	0.15160	0.01539	0.01061	0.01292	0.00774	0.00928	0.00671	0.00434	0.00384	0.00123	0.00610	0.00337	0.00224	0.00660
31	0.00630	0.00510	0.00561	0.00568	0.00715	0.00441	0.00425	0.00779	0.01189	0.01489	0.18565	0.11405	0.55557	0.01266	0.00605	0.00174	0.00264	0.03936	0.00486	0.00436
32	0.00632	0.00447	0.00582	0.00684	0.00709	0.00421	0.00448	0.00708	0.00937	0.01250	0.02629	0.71515	0.03145	0.12239	0.00900	0.00243	0.00319	0.01345	0.00448	0.00397
33	0.01010	0.01546	0.29043	0.01143	0.01485	0.09210	0.02892	0.03023	0.01041	0.01424	0.01301	0.12362	0.01239	0.03500	0.17300	0.00314	0.07470	0.02142	0.01968	0.00585
34	0.00643	0.00491	0.00591	0.00615	0.00723	0.00438	0.00442	0.00795	0.01187	0.01563	0.28943	0.29154	0.29995	0.01295	0.00613	0.00178	0.00262	0.01135	0.00499	0.00438
35	0.01159	0.36807	0.46683	0.01195	0.01808	0.01528	0.01439	0.01564	0.01050	0.01425	0.00820	0.00958	0.00644	0.00460	0.00414	0.00138	0.00659	0.00329	0.00215	0.00705
36	0.82571	0.01040	0.03747	0.00695	0.01024	0.01136	0.00598	0.01491	0.00868	0.02243	0.00712	0.00831	0.00551	0.00470	0.00319	0.00157	0.00405	0.00278	0.00309	0.00555
37	0.00735	0.00490	0.00552	0.00552	0.00552	0.00490	0.00306	0.00735	0.00735	0.00980	0.01593	0.03309	0.01838	0.82229	0.02574	0.00490	0.00490	0.00735	0.00306	0.00306
38	0.75232	0.01020	0.00826	0.00722	0.01042	0.01177	0.00593	0.08158	0.03962	0.02343	0.00801	0.00897	0.00613	0.00490	0.00338	0.00157	0.00406	0.00301	0.00338	0.00585
39	0.00840	0.00560	0.00695	0.00698	0.00825	0.00519	0.00504	0.03140	0.03337	0.08149	0.17233	0.39936	0.15325	0.02823	0.00640	0.00187	0.00305	0.01106	0.00494	0.02686
40	0.01227	0.01153	0.01836	0.09543	0.57952	0.01205	0.01399	0.01741	0.15498	0.01707	0.01153	0.01378	0.00928	0.00499	0.00504	0.00156	0.00570	0.00473	0.00297	0.00780
41	0.00979	0.00614	0.00775	0.00692	0.00869	0.00572	0.00534	0.05385	0.01436	0.12444	0.53397	0.03432	0.12558	0.01061	0.02827	0.00178	0.00316	0.00841	0.00545	0.00544
42	0.01316	0.00657	0.00862	0.00783	0.00988	0.00602	0.00595	0.01551	0.05763	0.32032	0.15082	0.30735	0.04788	0.01057	0.00575	0.00176	0.00343	0.00926	0.00548	0.00621
43	0.01107	0.14482	0.18623	0.15987	0.01881	0.02674	0.02976	0.01766	0.23512	0.01597	0.01630	0.01701	0.08740	0.00617	0.00484	0.00157	0.00556	0.00503	0.00331	0.00676
44	0.01252	0.01201	0.02053	0.03104	0.79074	0.01201	0.01552	0.01552	0.01151	0.01652	0.00951	0.01252	0.00801	0.00451	0.00501	0.00150	0.00601	0.00451	0.00250	0.00801
45	0.00726	0.00487	0.00554	0.00563	0.00565	0.00484	0.00319	0.00733	0.00753	0.01004	0.01682	0.09155	0.01950	0.76230	0.02430	0.00469	0.00476	0.00788	0.00319	0.00314
46	0.00771	0.00514	0.00677	0.00677	0.00750	0.00563	0.00493	0.00919	0.00845	0.01274	0.01475	0.02294	0.01413	0.22587	0.44317	0.00588	0.00907	0.00575	0.17940	0.00420
47	0.05509	0.16597	0.02052	0.04175	0.29105	0.16319	0.11323	0.03072	0.02829	0.01533	0.00892	0.01112	0.00738	0.00476	0.00487	0.00144	0.02278	0.00407	0.00259	0.00693
48	0.01922	0.01416	0.01518	0.01163	0.01568	0.01568	0.00961	0.77388	0.02378	0.03187	0.01214	0.01214	0.00860	0.00607	0.00506	0.00152	0.00556	0.00455	0.00506	0.00860
49	0.00643	0.00485	0.00599	0.00659	0.00751	0.00441	0.00477	0.00778	0.01106	0.01438	0.14230	0.41112	0.25726	0.01400	0.00629	0.00191	0.00291	0.08133	0.00481	0.00430
50	0.00634	0.00457	0.00601	0.00684	0.00736	0.00424	0.00468	0.00752	0.01062	0.01431	0.17052	0.64373	0.06511	0.01470	0.00634	0.00195	0.00282	0.01326	0.00486	0.00424
51	0.08672	0.03678	0.25379	0.05422	0.05560	0.10734	0.06545	0.01656	0.05220	0.06005	0.02217	0.01196	0.00806	0.00575	0.00671	0.00166	0.14130	0.00418	0.00280	0.00669
52	0.23032	0.03454	0.11214	0.01004	0.01408	0.06901	0.03782	0.10059	0.03063	0.05712	0.00945	0.01063	0.00726	0.00501	0.00481	0.00138	0.04985	0.00357	0.00325	0.20850
53	0.01310	0.03140	0.06159	0.01206	0.10642	0.06944	0.00896	0.07185	0.05386	0.10631	0.07852	0.05645	0.01321	0.00616	0.00546	0.00137	0.05452	0.00494	0.00374	0.24064
54	0.11468	0.10965	0.07230	0.01427	0.19657	0.04303	0.00992	0.12471	0.03472	0.04114	0.06042	0.03453	0.05054	0.00596	0.00460	0.00146	0.00507	0.00481	0.02732	0.04432
55	0.08294	0.13781	0.20802	0.04987	0.01642	0.07219	0.01101	0.15696	0.05925	0.08909	0.02549	0.01212	0.00879	0.00535	0.00449	0.00146	0.00583	0.00399	0.01981	0.02910

[dist]
# distance from previous block
# <min> <max>
7	27

[block]
# block no. 2 follows, 49 sequences, length 42
# corresponding to MSA columns:
# 447-488
name=unknown_C
#
# <colnr> <probs for GDERKNQSTAVLIFYWHMCP>
#	G	D	E	R	K	N	Q	S	T	A	V	L	I	F	Y	W	H	M	C	P
0	0.01288	0.01004	0.01609	0.06146	0.31588	0.00994	0.08380	0.05990	0.03713	0.12801	0.12194	0.06753	0.02658	0.00655	0.00534	0.00159	0.00518	0.00609	0.00386	0.02023
1	0.01059	0.01021	0.01560	0.40090	0.27650	0.05576	0.01300	0.01338	0.01075	0.01406	0.01167	0.12279	0.01078	0.00636	0.00520	0.00165	0.00612	0.00577	0.00268	0.00621
2	0.01269	0.14719	0.07559	0.01397	0.14573	0.01291	0.04541	0.08875	0.25099	0.03614	0.09363	0.01688	0.02612	0.00613	0.00491	0.00153	0.00501	0.00518	0.00391	0.00734
3	0.03829	0.00888	0.01303	0.01156	0.07929	0.00843	0.09324	0.07567	0.03220	0.29619	0.23938	0.02266	0.04411	0.00721	0.00540	0.00159	0.00440	0.00638	0.00507	0.00702
4	0.07536	0.01134	0.01578	0.01559	0.20256	0.01097	0.09603	0.15140	0.05627	0.01994	0.01033	0.01193	0.00813	0.00465	0.00457	0.00129	0.00519	0.00411	0.00333	0.29122
5	0.00732	0.00494	0.00579	0.00581	0.00591	0.00503	0.00343	0.00752	0.00748	0.01007	0.01593	0.04775	0.01810	0.72558	0.10481	0.00517	0.00575	0.00730	0.00306	0.00323
6	0.00882	0.00671	0.00728	0.00678	0.00879	0.00655	0.00519	0.01349	0.19838	0.06133	0.15791	0.03705	0.41690	0.01040	0.00565	0.00167	0.00298	0.00874	0.02988	0.00551
7	0.01292	0.01103	0.01162	0.01036	0.01328	0.01274	0.00809	0.06495	0.74298	0.02170	0.02015	0.01852	0.01509	0.00682	0.00514	0.00171	0.00408	0.00566	0.00514	0.00803
8	0.01049	0.00899	0.01049	0.00749	0.01198	0.00674	0.00599	0.01273	0.01049	0.01648	0.00899	0.01049	0.00749	0.00374	0.00374	0.00075	0.00374	0.00300	0.00300	0.85320
9	0.04025	0.00914	0.01087	0.01060	0.07779	0.04521	0.00753	0.06262	0.12220	0.20485	0.12515	0.13774	0.04056	0.00829	0.00554	0.00163	0.02011	0.01874	0.00481	0.04636
10	0.00668	0.00499	0.00626	0.00698	0.00790	0.00462	0.00523	0.00809	0.01090	0.01409	0.09054	0.36457	0.22757	0.03593	0.00694	0.00207	0.00325	0.18441	0.00471	0.00430
11	0.01322	0.40239	0.05310	0.00966	0.01362	0.01508	0.05141	0.14561	0.04240	0.03523	0.05030	0.01588	0.09784	0.00601	0.00434	0.00134	0.00511	0.00463	0.00336	0.02949
12	0.03212	0.04058	0.39366	0.01099	0.01628	0.00962	0.01234	0.01664	0.02985	0.18188	0.06650	0.01715	0.07753	0.00612	0.00489	0.00153	0.00555	0.00491	0.00361	0.06824
13	0.09230	0.03945	0.18067	0.01646	0.10304	0.07729	0.26465	0.01641	0.01165	0.08143	0.01269	0.01434	0.05614	0.00522	0.00509	0.00158	0.00683	0.00494	0.00295	0.00686
14	0.01031	0.00987	0.01767	0.03712	0.01720	0.01010	0.30702	0.05559	0.01250	0.01718	0.19637	0.04612	0.04112	0.00801	0.00731	0.00181	0.10384	0.09129	0.00371	0.00586
15	0.00955	0.00838	0.01367	0.58507	0.02803	0.00977	0.04117	0.01254	0.01080	0.04668	0.05702	0.02009	0.12369	0.00649	0.00528	0.00168	0.00586	0.00573	0.00296	0.00555
16	0.02692	0.00943	0.03201	0.01446	0.17630	0.00850	0.09931	0.03712	0.02446	0.06354	0.04053	0.17366	0.03086	0.00780	0.00532	0.00156	0.00482	0.06443	0.00369	0.17527
17	0.03702	0.01428	0.07630	0.21143	0.21871	0.13955	0.04934	0.12189	0.01315	0.01716	0.01010	0.03820	0.00823	0.00538	0.00496	0.00155	0.00665	0.00459	0.01470	0.00682
18	0.00633	0.00528	0.00555	0.00562	0.00718	0.00461	0.00416	0.00815	0.04239	0.01426	0.09050	0.13236	0.63047	0.01276	0.00600	0.00174	0.00265	0.01080	0.00476	0.00443
19	0.06762	0.01198	0.01533	0.11968	0.23543	0.07560	0.04105	0.11297	0.14199	0.05036	0.04493	0.01559	0.02213	0.00580	0.00501	0.00158	0.00564	0.01651	0.00363	0.00718
20	0.01810	0.01360	0.01454	0.01141	0.01525	0.01516	0.00934	0.64729	0.15220	0.03005	0.01357	0.01328	0.00976	0.00620	0.00507	0.00155	0.00530	0.00475	0.00507	0.00850
21	0.01183	0.00717	0.00769	0.00678	0.00873	0.00749	0.00530	0.16174	0.06549	0.05179	0.09601	0.01944	0.01586	0.00647	0.00425	0.00134	0.00317	0.00522	0.50837	0.00585
22	0.00710	0.00515	0.00669	0.00634	0.00753	0.00474	0.00474	0.00942	0.01413	0.01992	0.74994	0.05518	0.06902	0.01053	0.00598	0.00160	0.00240	0.00930	0.00552	0.00474
23	0.23627	0.01208	0.01259	0.00990	0.01368	0.01315	0.00817	0.45008	0.01827	0.15967	0.01216	0.01199	0.00846	0.00575	0.00457	0.00154	0.00492	0.00418	0.00477	0.00779
24	0.00682	0.00487	0.00611	0.00630	0.00700	0.00456	0.00432	0.00815	0.01121	0.01532	0.33950	0.27492	0.08820	0.18746	0.01038	0.00245	0.00311	0.01045	0.00470	0.00417
25	0.00965	0.00907	0.01419	0.44458	0.02431	0.01178	0.01195	0.01210	0.00909	0.01251	0.00897	0.01372	0.00761	0.01124	0.13056	0.00283	0.25348	0.00461	0.00231	0.00542
26	0.00642	0.00512	0.00565	0.00552	0.00698	0.00446	0.00408	0.00796	0.01214	0.01547	0.27489	0.04445	0.51839	0.05764	0.00709	0.00185	0.00264	0.01002	0.00487	0.00435
27	0.67571	0.18583	0.01155	0.00708	0.01047	0.01321	0.00616	0.01492	0.00897	0.02036	0.00704	0.00819	0.00570	0.00461	0.00315	0.00146	0.00423	0.00273	0.00292	0.00570
28	0.00794	0.00582	0.00717	0.00704	0.00825	0.00561	0.00516	0.08698	0.01340	0.01829	0.37552	0.31342	0.10193	0.01206	0.00605	0.00176	0.00292	0.01066	0.00513	0.00489
29	0.01571	0.21289	0.01638	0.01091	0.01412	0.30131	0.00888	0.09712	0.22398	0.01677	0.01173	0.01204	0.00929	0.00555	0.00443	0.00138	0.00633	0.00396	0.02038	0.00685
30	0.01315	0.01003	0.01150	0.00979	0.01204	0.02935	0.00781	0.33700	0.03776	0.02095	0.01289	0.01642	0.01082	0.06289	0.28227	0.00402	0.05841	0.00501	0.05151	0.00639
31	0.00685	0.00508	0.00621	0.00604	0.00717	0.00463	0.00438	0.00865	0.01269	0.01727	0.49738	0.08834	0.20806	0.09536	0.00805	0.00199	0.00272	0.00962	0.00506	0.00444
32	0.06449	0.01131	0.01249	0.01020	0.01372	0.01225	0.00824	0.26690	0.30539	0.21440	0.01694	0.01569	0.01195	0.00634	0.00499	0.00161	0.00458	0.00502	0.00528	0.00820
33	0.00878	0.00439	0.00659	0.00659	0.00659	0.00439	0.00439	0.00659	0.00659	0.00878	0.00878	0.01537	0.00878	0.01757	0.01976	0.85288	0.00439	0.00439	0.00220	0.00220
34	0.02092	0.00986	0.01232	0.00962	0.01343	0.00949	0.00789	0.15913	0.10323	0.56989	0.01862	0.01649	0.01215	0.00629	0.00509	0.00157	0.00449	0.00506	0.00592	0.00854
35	0.01055	0.01018	0.01635	0.53107	0.19505	0.02710	0.01392	0.01353	0.01021	0.01360	0.00880	0.01290	0.00700	0.00539	0.00642	0.00170	0.10333	0.00446	0.00231	0.00613
36	0.00658	0.00468	0.00572	0.00631	0.00671	0.00442	0.00408	0.00730	0.00939	0.01240	0.06904	0.43947	0.11026	0.27517	0.01259	0.00291	0.00350	0.01142	0.00422	0.00383
37	0.05902	0.03823	0.41066	0.01734	0.21557	0.05689	0.01510	0.01624	0.05413	0.01639	0.01155	0.01308	0.04358	0.00522	0.00478	0.00156	0.00652	0.00426	0.00260	0.00726
38	0.00638	0.00478	0.00609	0.00678	0.00755	0.00449	0.00482	0.00760	0.01031	0.01353	0.08139	0.48241	0.19910	0.01702	0.08880	0.00259	0.00399	0.04357	0.00454	0.00425
39	0.14811	0.03689	0.10432	0.00952	0.01353	0.09183	0.00854	0.05507	0.07633	0.11879	0.01206	0.01421	0.00950	0.00547	0.00438	0.00136	0.00506	0.04609	0.00365	0.23528
40	0.08436	0.05316	0.10365	0.12958	0.22068	0.09637	0.03429	0.07173	0.03588	0.01707	0.00938	0.01148	0.00741	0.00480	0.00460	0.00143	0.00613	0.00396	0.00280	0.10123
41	0.05323	0.16117	0.07366	0.01234	0.08815	0.12228	0.00973	0.12280	0.16755	0.06771	0.06274	0.01408	0.01174	0.00578	0.00463	0.00146	0.00554	0.00446	0.00377	0.00719

[dist]
# distance from previous block
# <min> <max>
0	7

[block]
# block no. 3 follows, 49 sequences, length 14
# corresponding to MSA columns:
# 496-509
name=unknown_D
#
# <colnr> <probs for GDERKNQSTAVLIFYWHMCP>
#	G	D	E	R	K	N	Q	S	T	A	V	L	I	F	Y	W	H	M	C	P
0	0.03920	0.03160	0.07970	0.06699	0.06976	0.01157	0.12097	0.18826	0.04600	0.13744	0.02543	0.01395	0.02116	0.00545	0.00514	0.00149	0.01880	0.00470	0.00387	0.10853
1	0.06171	0.00975	0.01218	0.01067	0.09973	0.00825	0.02549	0.05426	0.01134	0.03886	0.00943	0.01093	0.00763	0.00409	0.00401	0.00097	0.00423	0.00336	0.00314	0.61997
2	0.01046	0.00732	0.00770	0.00695	0.00890	0.00763	0.00526	0.07940	0.19730	0.01878	0.02051	0.02274	0.10068	0.09832	0.00683	0.00179	0.00342	0.00581	0.33439	0.05583
3	0.01249	0.02302	0.03481	0.05274	0.01386	0.03402	0.07896	0.07528	0.04449	0.14247	0.13919	0.10357	0.16784	0.00942	0.00608	0.00181	0.01748	0.03124	0.00479	0.00643
4	0.00637	0.00462	0.00602	0.00677	0.00735	0.00427	0.00466	0.00762	0.01083	0.01461	0.19994	0.59798	0.08135	0.01443	0.00632	0.00193	0.00279	0.01298	0.00489	0.00427
5	0.01389	0.09063	0.06148	0.01093	0.01451	0.01258	0.06014	0.05207	0.46817	0.11674	0.03311	0.01690	0.01353	0.00628	0.00500	0.00162	0.00472	0.00527	0.00465	0.00778
6	0.29365	0.09664	0.06649	0.01065	0.01279	0.05636	0.00940	0.01406	0.00884	0.01591	0.00704	0.00968	0.00621	0.00653	0.00929	0.00179	0.36279	0.00358	0.00253	0.00576
7	0.00878	0.00439	0.00659	0.00659	0.00659	0.00439	0.00439	0.00659	0.00659	0.00878	0.00878	0.01537	0.00878	0.01757	0.01976	0.85288	0.00439	0.00439	0.00220	0.00220
8	0.01318	0.07146	0.12102	0.01583	0.01985	0.18725	0.31618	0.01626	0.01172	0.02889	0.01093	0.01323	0.04231	0.00552	0.00658	0.00162	0.10428	0.00487	0.00261	0.00643
9	0.01347	0.01130	0.01497	0.01216	0.01411	0.01363	0.07267	0.26612	0.01378	0.01979	0.01024	0.01298	0.00841	0.00877	0.05240	0.00214	0.34356	0.00468	0.09831	0.00651
10	0.00922	0.00825	0.01153	0.01039	0.01069	0.01083	0.00827	0.01039	0.00781	0.01167	0.01035	0.01732	0.01041	0.14088	0.28085	0.00460	0.42402	0.00520	0.00251	0.00482
11	0.01246	0.12199	0.51436	0.01360	0.01963	0.15998	0.03900	0.03521	0.01167	0.01523	0.00870	0.01020	0.00653	0.00484	0.00461	0.00148	0.00752	0.00361	0.00231	0.00706
12	0.00624	0.00491	0.00564	0.00593	0.00711	0.00431	0.00426	0.00759	0.01145	0.01458	0.17223	0.28272	0.42848	0.01331	0.00612	0.00179	0.00264	0.01154	0.00485	0.00431
13	0.09866	0.06539	0.01370	0.01091	0.01399	0.32590	0.00863	0.21642	0.07169	0.04243	0.07486	0.01308	0.01120	0.00591	0.00465	0.00143	0.00639	0.00423	0.00381	0.00672

[dist]
# distance from previous block
# <min> <max>
0	2

[block]
# block no. 4 follows, 49 sequences, length 35
# corresponding to MSA columns:
# 512-546
name=unknown_E
#
# <colnr> <probs for GDERKNQSTAVLIFYWHMCP>
#	G	D	E	R	K	N	Q	S	T	A	V	L	I	F	Y	W	H	M	C	P
0	0.01319	0.58117	0.19917	0.01030	0.01520	0.08046	0.01100	0.01574	0.01069	0.01286	0.00755	0.00877	0.00647	0.00450	0.00370	0.00122	0.00617	0.00298	0.00219	0.00666
1	0.01163	0.01111	0.01892	0.26432	0.56440	0.01178	0.01508	0.01474	0.01109	0.01544	0.00935	0.01280	0.00763	0.00467	0.00502	0.00156	0.00623	0.00450	0.00243	0.00729
2	0.01252	0.01201	0.02053	0.03104	0.79074	0.01201	0.01552	0.01552	0.01151	0.01652	0.00951	0.01252	0.00801	0.00451	0.00501	0.00150	0.00601	0.00451	0.00250	0.00801
3	0.00736	0.00584	0.00848	0.07210	0.01106	0.00588	0.05159	0.00954	0.06151	0.01355	0.02402	0.57420	0.02745	0.06483	0.00747	0.00217	0.00383	0.04022	0.00430	0.00461
4	0.01167	0.01116	0.01546	0.06474	0.06688	0.01477	0.01122	0.05916	0.07078	0.01440	0.00842	0.01200	0.00755	0.00799	0.01348	0.00205	0.59498	0.00455	0.00264	0.00608
5	0.00616	0.00455	0.00576	0.00669	0.00725	0.00415	0.00455	0.00715	0.01014	0.01326	0.05422	0.66232	0.16500	0.01515	0.00636	0.00198	0.00285	0.01358	0.00472	0.00415
6	0.10658	0.01419	0.01320	0.01073	0.01408	0.16095	0.00864	0.38990	0.01822	0.11679	0.06662	0.01356	0.01107	0.00616	0.00512	0.00151	0.02626	0.00451	0.00450	0.00741
7	0.01137	0.31746	0.51556	0.01231	0.01864	0.01476	0.01503	0.01570	0.01053	0.01451	0.00833	0.00974	0.00644	0.00463	0.00424	0.00141	0.00672	0.00336	0.00215	0.00711
8	0.00616	0.00440	0.00587	0.00704	0.00733	0.00411	0.00469	0.00704	0.00968	0.01291	0.02787	0.81899	0.03344	0.01584	0.00645	0.00205	0.00293	0.01438	0.00469	0.00411
9	0.00871	0.00608	0.00684	0.00626	0.00817	0.00554	0.00481	0.05951	0.02491	0.08072	0.24216	0.03959	0.44457	0.01091	0.00577	0.00164	0.00287	0.00918	0.02664	0.00511
10	0.01042	0.01368	0.16785	0.38719	0.02858	0.01205	0.22344	0.01436	0.01056	0.01436	0.00919	0.01283	0.00693	0.00505	0.00605	0.00171	0.06241	0.00475	0.00231	0.00630
11	0.01073	0.01117	0.01247	0.41794	0.02316	0.18312	0.01052	0.01310	0.01135	0.01330	0.06115	0.12192	0.07494	0.00743	0.00526	0.00165	0.00617	0.00628	0.00304	0.00532
12	0.00768	0.00469	0.00560	0.00596	0.00681	0.00449	0.00425	0.00948	0.01107	0.01690	0.19037	0.32796	0.02840	0.01066	0.00518	0.00160	0.00258	0.00937	0.34243	0.00449
13	0.00862	0.00649	0.00764	0.00759	0.00893	0.00652	0.00554	0.11820	0.07217	0.01731	0.12755	0.43280	0.13573	0.01261	0.00602	0.00184	0.00327	0.01111	0.00489	0.00516
14	0.01047	0.01010	0.01366	0.01161	0.01369	0.11224	0.15065	0.05767	0.01057	0.01387	0.01187	0.01655	0.01047	0.02450	0.47583	0.00545	0.03743	0.00515	0.00279	0.00540
15	0.00777	0.00525	0.00649	0.00650	0.00782	0.00470	0.00483	0.00942	0.01223	0.07422	0.29031	0.23666	0.25689	0.01230	0.00607	0.00177	0.00282	0.04410	0.00510	0.00474
16	0.01634	0.10750	0.01497	0.01249	0.06604	0.40734	0.00922	0.08431	0.05145	0.06218	0.03871	0.01306	0.02072	0.01990	0.05264	0.00182	0.00751	0.00413	0.00326	0.00640
17	0.01124	0.11511	0.06721	0.11851	0.01770	0.01462	0.07791	0.01435	0.07061	0.01354	0.00871	0.01200	0.00752	0.00751	0.02558	0.00199	0.40291	0.00443	0.00248	0.00608
18	0.00915	0.00860	0.01566	0.01610	0.17740	0.00822	0.22004	0.01145	0.01074	0.01464	0.01909	0.40661	0.02084	0.01020	0.00603	0.00185	0.00518	0.02888	0.00364	0.00569
19	0.00606	0.00514	0.00524	0.00525	0.00693	0.00432	0.00396	0.00740	0.01161	0.01390	0.07358	0.04851	0.74945	0.01275	0.00600	0.00172	0.00260	0.02657	0.00472	0.00429
20	0.01051	0.00952	0.03004	0.00799	0.01257	0.00701	0.02476	0.01290	0.01053	0.01646	0.00902	0.01057	0.00747	0.00378	0.00382	0.00079	0.00395	0.00309	0.00296	0.81226
21	0.01238	0.06451	0.29690	0.01425	0.03605	0.06888	0.13525	0.01699	0.07442	0.06122	0.01033	0.01203	0.00785	0.00542	0.00639	0.00160	0.11077	0.00431	0.00280	0.05764
22	0.07232	0.00880	0.01156	0.00892	0.01279	0.00785	0.00737	0.04114	0.01434	0.73095	0.01900	0.01656	0.01201	0.00616	0.00497	0.00156	0.00431	0.00493	0.00605	0.00842
23	0.01352	0.82533	0.02650	0.00865	0.01298	0.02001	0.00865	0.01514	0.01027	0.01190	0.00703	0.00811	0.00649	0.00433	0.00324	0.00108	0.00541	0.00270	0.00216	0.00649
24	0.00941	0.00516	0.00595	0.00570	0.00707	0.00488	0.00429	0.01158	0.01195	0.08032	0.23542	0.07953	0.07328	0.00827	0.00469	0.00142	0.00257	0.00701	0.43656	0.00497
25	0.00722	0.00542	0.00813	0.00813	0.00903	0.00632	0.00632	0.00903	0.00813	0.01174	0.01354	0.01987	0.01264	0.03792	0.80225	0.00813	0.01354	0.00542	0.00271	0.00451
26	0.00683	0.00510	0.00635	0.00615	0.00739	0.00461	0.00457	0.00887	0.01337	0.01832	0.57442	0.10066	0.20216	0.01128	0.00600	0.00165	0.00247	0.00987	0.00532	0.00461
27	0.00682	0.00492	0.00612	0.00653	0.00723	0.00462	0.00458	0.00803	0.01062	0.01416	0.19519	0.29511	0.13136	0.19408	0.01064	0.00257	0.00338	0.08544	0.00452	0.00410
28	0.01014	0.02616	0.79609	0.01441	0.02189	0.01174	0.01868	0.01601	0.01068	0.01601	0.00907	0.01068	0.00641	0.00480	0.00480	0.00160	0.00747	0.00374	0.00214	0.00747
29	0.01915	0.07315	0.01498	0.01182	0.01508	0.44394	0.00932	0.20439	0.01638	0.12907	0.01056	0.01095	0.00788	0.00551	0.00467	0.00138	0.00731	0.00380	0.00370	0.00697
30	0.00978	0.00849	0.01115	0.00851	0.01225	0.00672	0.06682	0.01193	0.01045	0.01578	0.01268	0.16461	0.01244	0.00609	0.00444	0.00107	0.00397	0.00540	0.00328	0.62415
31	0.01148	0.01125	0.02033	0.07824	0.02088	0.01007	0.38048	0.01479	0.01128	0.03887	0.00992	0.01246	0.00767	0.00418	0.00497	0.00131	0.00633	0.00463	0.00282	0.34807
32	0.01093	0.00787	0.00982	0.00906	0.01103	0.00819	0.00743	0.11873	0.07180	0.06550	0.19843	0.06520	0.02585	0.01011	0.00664	0.00183	0.05823	0.24890	0.00479	0.05965
33	0.01979	0.00842	0.01199	0.00927	0.01291	0.00734	0.05273	0.02185	0.01408	0.63946	0.06757	0.02073	0.07618	0.00690	0.00526	0.00159	0.00430	0.00582	0.00587	0.00793
34	0.01136	0.01247	0.02584	0.01877	0.02331	0.01182	0.63194	0.01602	0.06364	0.01666	0.06248	0.01737	0.05186	0.00527	0.00591	0.00170	0.00752	0.00640	0.00303	0.00663

[dist]
# distance from previous block
# <min> <max>
6	7

[block]
# block no. 5 follows, 49 sequences, length 27
# corresponding to MSA columns:
# 554-580
name=unknown_F
#
# <colnr> <probs for GDERKNQSTAVLIFYWHMCP>
#	G	D	E	R	K	N	Q	S	T	A	V	L	I	F	Y	W	H	M	C	P
0	0.01199	0.00644	0.00795	0.00685	0.00925	0.00554	0.00536	0.01378	0.01304	0.27393	0.20661	0.05579	0.30600	0.00975	0.00559	0.00160	0.00316	0.00823	0.00534	0.04379
1	0.01092	0.38530	0.08901	0.00851	0.01178	0.03302	0.00806	0.01337	0.03385	0.02801	0.18096	0.10930	0.05445	0.00749	0.00459	0.00141	0.00457	0.00602	0.00347	0.00590
2	0.01190	0.01355	0.02931	0.02102	0.02595	0.01289	0.74453	0.01605	0.01178	0.01605	0.01010	0.01355	0.00763	0.00443	0.00636	0.00172	0.03795	0.00591	0.00254	0.00677
3	0.01124	0.01123	0.02048	0.01694	0.08330	0.01114	0.38700	0.01719	0.17966	0.01767	0.10237	0.02135	0.01588	0.00642	0.00580	0.00173	0.00628	0.07393	0.00365	0.00675
4	0.01889	0.02410	0.01433	0.01303	0.01563	0.80199	0.00977	0.02019	0.01433	0.01238	0.00782	0.00912	0.00651	0.00521	0.00456	0.00130	0.00912	0.00326	0.00261	0.00586
5	0.00647	0.00506	0.00587	0.00584	0.00718	0.00445	0.00431	0.00815	0.01244	0.01624	0.34541	0.13187	0.40431	0.01216	0.00603	0.00170	0.00253	0.01048	0.00505	0.00445
6	0.01932	0.02212	0.01468	0.01316	0.01584	0.62871	0.00980	0.11522	0.01582	0.01601	0.01038	0.01320	0.00898	0.06503	0.00675	0.00185	0.00874	0.00419	0.00343	0.00673
7	0.00635	0.00510	0.00566	0.00559	0.00708	0.00442	0.00417	0.00795	0.01230	0.01566	0.27640	0.08042	0.52678	0.01219	0.00599	0.00169	0.00252	0.01037	0.00496	0.00442
8	0.01198	0.01352	0.02917	0.02201	0.08142	0.01273	0.71792	0.01615	0.01190	0.01622	0.01018	0.01356	0.00770	0.00428	0.00590	0.00169	0.00834	0.00586	0.00255	0.00691
9	0.01196	0.01144	0.01952	0.17788	0.64827	0.01187	0.01524	0.01503	0.01125	0.01584	0.00941	0.01270	0.00777	0.00461	0.00502	0.00154	0.00615	0.00450	0.00245	0.00756
10	0.01976	0.01123	0.01352	0.06788	0.01574	0.01164	0.00891	0.36140	0.05039	0.36232	0.01567	0.01473	0.01046	0.00611	0.00507	0.00156	0.00503	0.00483	0.00538	0.00836
11	0.01194	0.01364	0.02984	0.02131	0.02643	0.01279	0.77238	0.01620	0.01194	0.01620	0.01023	0.01364	0.00767	0.00426	0.00597	0.00171	0.00853	0.00597	0.00256	0.00682
12	0.00659	0.00487	0.00612	0.00639	0.00730	0.00444	0.00455	0.00817	0.01194	0.01615	0.36034	0.33331	0.16687	0.03108	0.00659	0.00186	0.00268	0.01133	0.00504	0.00440
13	0.01095	0.00833	0.00934	0.00827	0.01055	0.00884	0.00648	0.09378	0.24930	0.07251	0.14962	0.02960	0.24953	0.00977	0.02199	0.00181	0.04055	0.00751	0.00496	0.00630
14	0.17982	0.00931	0.01122	0.00878	0.01256	0.00889	0.00725	0.08810	0.01418	0.58239	0.01684	0.01507	0.01085	0.00595	0.00471	0.00156	0.00434	0.00460	0.00556	0.00802
15	0.00739	0.00554	0.00709	0.00773	0.00906	0.00524	0.00649	0.00941	0.01191	0.01527	0.11973	0.05238	0.25744	0.01321	0.00657	0.00206	0.00378	0.45037	0.00477	0.00455
16	0.00667	0.00486	0.00639	0.00740	0.00809	0.00458	0.00549	0.00800	0.01049	0.01372	0.04650	0.52174	0.11589	0.01491	0.00653	0.00208	0.00332	0.20437	0.00470	0.00428
17	0.13183	0.01108	0.01218	0.01013	0.01341	0.01195	0.00847	0.41411	0.01795	0.11846	0.01557	0.02198	0.01311	0.00762	0.00522	0.00171	0.00499	0.16807	0.00485	0.00732
18	0.00688	0.00505	0.00697	0.00722	0.00798	0.00527	0.00528	0.00837	0.00963	0.01336	0.14267	0.24259	0.05903	0.08429	0.36579	0.00491	0.00775	0.00883	0.00382	0.00433
19	0.01549	0.00782	0.01013	0.00899	0.01155	0.00746	0.00729	0.10071	0.03518	0.35972	0.02221	0.18892	0.02004	0.00989	0.00578	0.00183	0.00423	0.17053	0.00543	0.00681
20	0.00652	0.00466	0.00627	0.00737	0.00784	0.00441	0.00525	0.00770	0.01020	0.01359	0.06170	0.66269	0.03339	0.01530	0.00652	0.00208	0.00318	0.13237	0.00473	0.00422
21	0.01623	0.00740	0.00982	0.02188	0.01160	0.00683	0.00716	0.04027	0.01329	0.42816	0.02182	0.05017	0.03561	0.00856	0.00544	0.00173	0.00416	0.19605	0.10697	0.00686
22	0.01807	0.01350	0.01274	0.01057	0.01371	0.18308	0.00834	0.29823	0.03405	0.21565	0.01530	0.10973	0.01245	0.02400	0.00555	0.00162	0.00566	0.00566	0.00474	0.00734
23	0.00955	0.00899	0.01517	0.81013	0.03483	0.01123	0.01404	0.01292	0.01011	0.01292	0.00899	0.01348	0.00674	0.00506	0.00506	0.00169	0.00674	0.00449	0.00225	0.00562
24	0.16065	0.01149	0.03347	0.03110	0.01487	0.06084	0.10685	0.10115	0.05165	0.14255	0.03576	0.01502	0.03487	0.00571	0.00492	0.00147	0.02155	0.01781	0.00389	0.14435
25	0.04586	0.12545	0.03567	0.12154	0.03970	0.07572	0.07317	0.28906	0.03817	0.03376	0.01136	0.01268	0.02547	0.00602	0.01882	0.00159	0.00618	0.00437	0.00358	0.03183
26	0.01156	0.00955	0.05786	0.02176	0.01235	0.02405	0.00770	0.07818	0.05122	0.09578	0.09470	0.08049	0.01724	0.00962	0.05855	0.00192	0.02560	0.09093	0.00408	0.24687

[dist]
# distance from previous block
# <min> <max>
3	28

[block]
# block no. 6 follows, 49 sequences, length 35
# corresponding to MSA columns:
# 609-643
name=unknown_G
#
# <colnr> <probs for GDERKNQSTAVLIFYWHMCP>
#	G	D	E	R	K	N	Q	S	T	A	V	L	I	F	Y	W	H	M	C	P
0	0.01428	0.01542	0.11762	0.01259	0.04473	0.13452	0.05304	0.22028	0.11161	0.02011	0.01220	0.05833	0.00997	0.00608	0.00538	0.00149	0.03831	0.00483	0.00367	0.11555
1	0.01758	0.01997	0.01423	0.01334	0.05864	0.53763	0.00971	0.14834	0.05945	0.01647	0.01040	0.05152	0.00883	0.00595	0.00480	0.00141	0.00773	0.00425	0.00327	0.00648
2	0.00681	0.00499	0.00638	0.00638	0.00743	0.00457	0.00465	0.00874	0.01298	0.01792	0.53911	0.21302	0.12456	0.01183	0.00607	0.00171	0.00253	0.01048	0.00528	0.00457
3	0.00731	0.00506	0.00632	0.00632	0.00660	0.00534	0.00407	0.00787	0.00759	0.01040	0.01519	0.02901	0.01661	0.57996	0.26564	0.00590	0.00757	0.00676	0.00295	0.00351
4	0.00730	0.00511	0.00655	0.00655	0.00691	0.00546	0.00435	0.00802	0.00766	0.01057	0.01499	0.02786	0.01611	0.51194	0.33298	0.00618	0.00832	0.00659	0.00292	0.00364
5	0.00684	0.00487	0.00652	0.00740	0.00802	0.00465	0.00544	0.00823	0.01068	0.01432	0.13472	0.48613	0.03364	0.05712	0.00753	0.00220	0.00337	0.18934	0.00472	0.00428
6	0.01088	0.01034	0.01756	0.46157	0.37302	0.01158	0.01470	0.01408	0.01074	0.01453	0.00922	0.01305	0.00731	0.00481	0.00503	0.00160	0.00641	0.00450	0.00236	0.00669
7	0.01205	0.01261	0.01883	0.41215	0.02784	0.11793	0.20747	0.05823	0.01180	0.01473	0.00920	0.01273	0.00705	0.00514	0.00585	0.00166	0.05137	0.00471	0.00253	0.00612
8	0.00729	0.00502	0.00620	0.00623	0.00647	0.00524	0.00395	0.00777	0.00762	0.01039	0.01567	0.05294	0.01736	0.59736	0.22424	0.00564	0.00706	0.00706	0.00302	0.00347
9	0.00703	0.00462	0.00618	0.00714	0.00763	0.00428	0.00484	0.00797	0.00993	0.05408	0.02745	0.77674	0.03234	0.01534	0.00638	0.00203	0.00301	0.01389	0.00478	0.00434
10	0.01595	0.01167	0.01285	0.01019	0.01397	0.01226	0.00824	0.33820	0.23979	0.09996	0.01474	0.01426	0.01075	0.00587	0.00483	0.00143	0.00464	0.00464	0.00480	0.17095
11	0.02170	0.01019	0.01272	0.00975	0.01370	0.00979	0.00805	0.23859	0.01713	0.57655	0.01772	0.01576	0.01140	0.00620	0.00508	0.00155	0.00466	0.00493	0.00592	0.00860
12	0.00955	0.00899	0.01517	0.81013	0.03483	0.01123	0.01404	0.01292	0.01011	0.01292	0.00899	0.01348	0.00674	0.00506	0.00506	0.00169	0.00674	0.00449	0.00225	0.00562
13	0.00632	0.00447	0.00582	0.00684	0.00709	0.00421	0.00448	0.00708	0.00937	0.01250	0.02629	0.71519	0.03146	0.12235	0.00900	0.00243	0.00319	0.01345	0.00448	0.00397
14	0.00733	0.00500	0.00601	0.00601	0.00618	0.00517	0.00368	0.00767	0.00750	0.01017	0.01548	0.03060	0.01730	0.67461	0.17194	0.00551	0.00653	0.00699	0.00300	0.00334
15	0.23252	0.01688	0.01384	0.01469	0.15998	0.35944	0.00979	0.07476	0.01278	0.01727	0.00822	0.00983	0.00669	0.00516	0.00480	0.00146	0.03913	0.00350	0.00289	0.00636
16	0.00873	0.00818	0.01127	0.00977	0.01112	0.00946	0.06509	0.01101	0.05343	0.01399	0.07024	0.02849	0.31379	0.01218	0.06903	0.00236	0.28571	0.00739	0.00360	0.00516
17	0.00658	0.00467	0.00617	0.00691	0.00725	0.00464	0.00463	0.00744	0.00895	0.01208	0.02306	0.52617	0.02692	0.18376	0.14258	0.00364	0.00510	0.01146	0.00403	0.00396
18	0.00677	0.00515	0.00623	0.00596	0.00732	0.00461	0.00447	0.00880	0.01341	0.01813	0.54885	0.04131	0.28828	0.01114	0.00597	0.00163	0.00244	0.00964	0.00528	0.00461
19	0.85801	0.00978	0.00743	0.00665	0.00978	0.01134	0.00548	0.01486	0.00861	0.02269	0.00704	0.00821	0.00548	0.00469	0.00313	0.00156	0.00391	0.00274	0.00313	0.00548
20	0.01600	0.01661	0.01418	0.01225	0.01527	0.34724	0.06806	0.03738	0.33112	0.06835	0.01416	0.01409	0.01072	0.00590	0.00495	0.00153	0.00657	0.00463	0.00394	0.00705
21	0.01014	0.02616	0.79609	0.01441	0.02189	0.01174	0.01868	0.01601	0.01068	0.01601	0.00907	0.01068	0.00641	0.00480	0.00480	0.00160	0.00747	0.00374	0.00214	0.00747
22	0.00955	0.00899	0.01517	0.81013	0.03483	0.01123	0.01404	0.01292	0.01011	0.01292	0.00899	0.01348	0.00674	0.00506	0.00506	0.00169	0.00674	0.00449	0.00225	0.00562
23	0.00712	0.00517	0.00671	0.00632	0.00753	0.00475	0.00474	0.00947	0.01422	0.02006	0.76403	0.03813	0.07189	0.01042	0.00596	0.00159	0.00239	0.00919	0.00554	0.00475
24	0.01933	0.01365	0.01482	0.01140	0.01540	0.01496	0.00940	0.69716	0.04190	0.09076	0.01296	0.01270	0.00907	0.00610	0.00506	0.00153	0.00543	0.00462	0.00515	0.00859
25	0.01834	0.01308	0.01420	0.01116	0.01499	0.01440	0.00913	0.57456	0.15811	0.09722	0.01433	0.01379	0.01016	0.00623	0.00508	0.00156	0.00517	0.00481	0.00518	0.00849
26	0.01241	0.06540	0.60812	0.01329	0.01994	0.01201	0.01621	0.07573	0.01209	0.10317	0.01041	0.01138	0.00726	0.00504	0.00477	0.00156	0.00687	0.00389	0.00282	0.00763
27	0.05712	0.26790	0.30966	0.01292	0.07419	0.01438	0.01292	0.01588	0.01047	0.07509	0.00894	0.01044	0.00700	0.00520	0.00561	0.00150	0.09766	0.00361	0.00255	0.00697
28	0.00974	0.00815	0.00885	0.00815	0.01033	0.00876	0.00626	0.01814	0.41636	0.01929	0.22405	0.03023	0.19294	0.00905	0.00554	0.00168	0.00327	0.00768	0.00515	0.00636
29	0.00637	0.00514	0.00568	0.00567	0.00718	0.00445	0.00428	0.00795	0.01216	0.01535	0.23447	0.07440	0.54457	0.01234	0.00603	0.00172	0.00261	0.04030	0.00491	0.00440
30	0.00931	0.07281	0.05517	0.21393	0.01654	0.09677	0.00869	0.01122	0.01060	0.01299	0.02053	0.29334	0.11049	0.01002	0.00576	0.01879	0.00506	0.01949	0.00344	0.00505
31	0.07082	0.08383	0.01657	0.01400	0.11741	0.09947	0.05583	0.24295	0.01546	0.15937	0.01144	0.01218	0.00842	0.00565	0.00560	0.00153	0.06369	0.00430	0.00394	0.00751
32	0.00699	0.00528	0.00661	0.00736	0.00850	0.00493	0.00588	0.00862	0.01111	0.01407	0.03504	0.20868	0.28657	0.03075	0.00693	0.00212	0.00360	0.33793	0.00464	0.00438
33	0.00775	0.00556	0.00746	0.00840	0.00942	0.00547	0.00700	0.00963	0.01102	0.01427	0.02755	0.10892	0.08717	0.10348	0.00894	0.00255	0.00440	0.56212	0.00449	0.00441
34	0.04435	0.10630	0.23254	0.40964	0.02644	0.01247	0.02714	0.01492	0.05229	0.01456	0.00937	0.01218	0.00706	0.00497	0.00472	0.00159	0.00656	0.00410	0.00241	0.00638

[dist]
# distance from previous block
# <min> <max>
3	35

[block]
# block no. 7 follows, 49 sequences, length 55
# corresponding to MSA columns:
# 680-734
name=unknown_H
#
# <colnr> <probs for GDERKNQSTAVLIFYWHMCP>
#	G	D	E	R	K	N	Q	S	T	A	V	L	I	F	Y	W	H	M	C	P
0	0.01080	0.10094	0.15438	0.04495	0.03722	0.07527	0.08175	0.04042	0.02961	0.03804	0.08111	0.14774	0.09718	0.01862	0.00556	0.00167	0.00543	0.01977	0.00354	0.00599
