[name]
unknown

[dist]
# distance from previous block
# <min> <max>
0	872

[block]
# block no. 0 follows, 51 sequences, length 16
# corresponding to MSA columns:
# 957-972
name=unknown_A
#
# <colnr> <probs for GDERKNQSTAVLIFYWHMCP>
#	G	D	E	R	K	N	Q	S	T	A	V	L	I	F	Y	W	H	M	C	P
0	0.17076	0.03946	0.01005	0.00855	0.01074	0.10706	0.04786	0.01391	0.08686	0.04201	0.21865	0.09575	0.06058	0.00826	0.00502	0.00160	0.00426	0.05910	0.00413	0.00540
1	0.01088	0.30951	0.39987	0.01131	0.02893	0.02619	0.01282	0.01478	0.03266	0.01399	0.01175	0.03609	0.06104	0.00541	0.00426	0.00139	0.00600	0.00410	0.00242	0.00661
2	0.01303	0.34847	0.19214	0.06529	0.01638	0.05724	0.01092	0.14365	0.01243	0.01604	0.00856	0.00995	0.00688	0.00559	0.02710	0.00146	0.00614	0.00339	0.00266	0.05266
3	0.01493	0.08110	0.01333	0.01055	0.01355	0.28753	0.00838	0.09395	0.22514	0.04596	0.01313	0.01525	0.01070	0.00599	0.00463	0.00140	0.00590	0.05577	0.00371	0.08911
4	0.00974	0.08382	0.32600	0.01052	0.01436	0.08738	0.01111	0.01284	0.01066	0.01420	0.08617	0.10819	0.09264	0.01986	0.04337	0.00192	0.05243	0.00598	0.00300	0.00581
5	0.02846	0.24171	0.21707	0.03252	0.11959	0.19271	0.04263	0.01649	0.04001	0.01398	0.00848	0.01002	0.00684	0.00465	0.00426	0.00135	0.00672	0.00351	0.00238	0.00664
6	0.00944	0.00865	0.03787	0.20359	0.25416	0.00862	0.01048	0.01233	0.03466	0.03066	0.15785	0.17598	0.01970	0.00782	0.00532	0.00163	0.00473	0.00711	0.00348	0.00591
7	0.08904	0.00550	0.03109	0.00691	0.00777	0.00492	0.00501	0.00787	0.00946	0.01361	0.02609	0.66622	0.08098	0.01380	0.00588	0.00191	0.00306	0.01230	0.00434	0.00424
8	0.01030	0.01119	0.07588	0.46110	0.09249	0.01143	0.13885	0.01518	0.10568	0.01458	0.01036	0.01349	0.00781	0.00494	0.00505	0.00162	0.00650	0.00469	0.00259	0.00626
9	0.01613	0.03368	0.05631	0.01390	0.12637	0.29659	0.03561	0.05718	0.01348	0.17989	0.08681	0.01410	0.01178	0.00574	0.00514	0.00144	0.03105	0.00447	0.00362	0.00671
10	0.00704	0.00517	0.00741	0.00741	0.00812	0.00588	0.00553	0.00846	0.00775	0.01105	0.01361	0.02178	0.01336	0.18882	0.65732	0.00730	0.01155	0.00563	0.00270	0.00412
11	0.00608	0.00499	0.00536	0.00527	0.00681	0.00427	0.00395	0.00759	0.01185	0.01482	0.22824	0.04476	0.61523	0.01187	0.00581	0.00163	0.00245	0.01002	0.00477	0.00427
12	0.00710	0.00574	0.00794	0.00862	0.03835	0.00592	0.02557	0.00872	0.03830	0.01342	0.06669	0.56751	0.08142	0.01322	0.00706	0.00192	0.08210	0.01163	0.00426	0.00452
13	0.01242	0.10197	0.22930	0.08731	0.05791	0.15316	0.01118	0.05239	0.01161	0.03842	0.01027	0.01209	0.00794	0.00546	0.01461	0.00146	0.01651	0.00384	0.16590	0.00625
14	0.01046	0.00926	0.01214	0.01021	0.08845	0.00736	0.04784	0.01282	0.01036	0.01600	0.00885	0.01054	0.00734	0.00374	0.00387	0.00085	0.00410	0.00321	0.00284	0.72976
15	0.01231	0.20872	0.21943	0.01309	0.10331	0.07020	0.05269	0.01525	0.01082	0.08995	0.03638	0.01313	0.00941	0.03324	0.08959	0.00217	0.00688	0.00414	0.00276	0.00653

[dist]
# distance from previous block
# <min> <max>
1	11

[block]
# block no. 1 follows, 51 sequences, length 13
# corresponding to MSA columns:
# 985-997
name=unknown_B
#
# <colnr> <probs for GDERKNQSTAVLIFYWHMCP>
#	G	D	E	R	K	N	Q	S	T	A	V	L	I	F	Y	W	H	M	C	P
0	0.01239	0.01199	0.01376	0.01194	0.01281	0.13446	0.00972	0.04732	0.00959	0.05458	0.00840	0.01191	0.00756	0.01140	0.11388	0.00268	0.51311	0.00429	0.00260	0.00559
1	0.01243	0.38909	0.17528	0.01058	0.03539	0.15892	0.01017	0.01473	0.01083	0.01274	0.01138	0.07785	0.05042	0.00582	0.00413	0.00131	0.00598	0.00432	0.00252	0.00612
2	0.00983	0.00843	0.00976	0.00709	0.01123	0.00635	0.00565	0.01194	0.01027	0.01579	0.01211	0.01324	0.07199	0.00436	0.00382	0.00080	0.00354	0.00352	0.00305	0.78721
3	0.00972	0.00883	0.01476	0.02029	0.43656	0.00868	0.05156	0.01195	0.01067	0.01487	0.03575	0.29624	0.01797	0.00863	0.00549	0.00168	0.00480	0.03201	0.00332	0.00622
4	0.01188	0.00868	0.01062	0.05213	0.01300	0.00689	0.00646	0.01409	0.01074	0.13110	0.01030	0.01131	0.00796	0.00407	0.00390	0.00089	0.00388	0.00329	0.00334	0.68546
5	0.01227	0.28067	0.05347	0.02977	0.07715	0.07427	0.00892	0.11656	0.01158	0.01468	0.01130	0.01454	0.04386	0.08658	0.09279	0.00237	0.05611	0.00430	0.00280	0.00601
6	0.00723	0.00520	0.00615	0.00601	0.00699	0.00515	0.00427	0.00917	0.04685	0.01433	0.20921	0.03252	0.18190	0.23396	0.13005	0.00335	0.00470	0.00764	0.08113	0.00420
7	0.00816	0.00847	0.09004	0.00872	0.01103	0.00680	0.06738	0.01082	0.04794	0.02800	0.09003	0.23355	0.17873	0.01113	0.04151	0.00193	0.04121	0.00850	0.02373	0.08234
8	0.01047	0.00899	0.01032	0.00766	0.01180	0.00734	0.00609	0.01428	0.11814	0.01664	0.01030	0.01132	0.00835	0.00406	0.00383	0.00086	0.00367	0.00328	0.00320	0.73939
9	0.00941	0.00892	0.01477	0.74272	0.03195	0.01129	0.01339	0.01249	0.00962	0.01249	0.00853	0.01289	0.00654	0.00525	0.00593	0.00168	0.08014	0.00436	0.00218	0.00545
10	0.01118	0.01234	0.06682	0.05754	0.23283	0.01201	0.29835	0.01491	0.04513	0.01532	0.02840	0.01420	0.00907	0.00600	0.02282	0.00180	0.12128	0.02074	0.00261	0.00667
11	0.00928	0.00712	0.00847	0.00741	0.00944	0.00685	0.00557	0.12369	0.01129	0.01572	0.03979	0.13709	0.08659	0.13689	0.16469	0.00314	0.00567	0.00668	0.00362	0.21099
12	0.01570	0.17360	0.01596	0.01176	0.04924	0.29300	0.00911	0.15519	0.19580	0.01748	0.01117	0.01156	0.00878	0.00539	0.00442	0.00136	0.00625	0.00390	0.00345	0.00687

[dist]
# distance from previous block
# <min> <max>
0	5

[block]
# block no. 2 follows, 51 sequences, length 22
# corresponding to MSA columns:
# 1003-1024
name=unknown_C
#
# <colnr> <probs for GDERKNQSTAVLIFYWHMCP>
#	G	D	E	R	K	N	Q	S	T	A	V	L	I	F	Y	W	H	M	C	P
0	0.01006	0.01018	0.15549	0.00849	0.01176	0.00691	0.00787	0.01297	0.03777	0.10916	0.12196	0.14592	0.04879	0.02550	0.06030	0.00193	0.00471	0.00647	0.00385	0.20992
1	0.01107	0.08711	0.23438	0.01203	0.06285	0.05257	0.01132	0.05648	0.08918	0.03663	0.01595	0.04799	0.01498	0.00797	0.00528	0.00172	0.00560	0.23705	0.00350	0.00633
2	0.01056	0.01070	0.03873	0.38635	0.11080	0.04723	0.11115	0.05342	0.01092	0.01434	0.01090	0.10022	0.00968	0.00617	0.00584	0.00166	0.05722	0.00551	0.00266	0.00592
3	0.00598	0.00431	0.00567	0.00677	0.00711	0.00400	0.00453	0.00685	0.00948	0.01257	0.02800	0.79272	0.06327	0.01528	0.00625	0.00198	0.00284	0.01383	0.00456	0.00400
4	0.00646	0.00470	0.00649	0.00708	0.00760	0.00486	0.00502	0.00760	0.00871	0.01191	0.02151	0.44309	0.04186	0.08428	0.30966	0.00442	0.00687	0.01009	0.00372	0.00407
5	0.01178	0.20417	0.09408	0.01231	0.04530	0.05666	0.01073	0.03780	0.02362	0.01306	0.00767	0.01056	0.00692	0.00800	0.04641	0.00199	0.39678	0.00386	0.00232	0.00598
6	0.00758	0.00519	0.00608	0.00591	0.00742	0.00453	0.00441	0.00911	0.01189	0.08511	0.23756	0.15981	0.41400	0.01170	0.00580	0.00167	0.00265	0.01005	0.00492	0.00463
7	0.01051	0.00893	0.01036	0.00743	0.01178	0.00688	0.00596	0.04148	0.01068	0.01658	0.00885	0.01025	0.00732	0.00373	0.00369	0.00076	0.00371	0.00297	0.00299	0.82516
8	0.03605	0.01122	0.01499	0.23670	0.12844	0.07853	0.05660	0.07116	0.01123	0.01546	0.00901	0.02528	0.00744	0.00521	0.00591	0.00145	0.09888	0.00417	0.00268	0.17961
9	0.25964	0.00764	0.00803	0.00679	0.00948	0.00777	0.00548	0.04911	0.01153	0.27885	0.01431	0.01454	0.01018	0.00552	0.00388	0.00139	0.00348	0.00414	0.29203	0.00621
10	0.01265	0.01054	0.01104	0.00826	0.01237	0.08376	0.00659	0.08022	0.01197	0.07929	0.00974	0.01072	0.00767	0.00416	0.00393	0.00091	0.00433	0.00323	0.00330	0.63533
11	0.28348	0.00858	0.03980	0.00800	0.01097	0.00796	0.06346	0.01437	0.01084	0.20241	0.02270	0.07954	0.21364	0.00772	0.00471	0.00160	0.00395	0.00629	0.00419	0.00581
12	0.08192	0.01371	0.01275	0.01030	0.01363	0.13197	0.00831	0.49881	0.03185	0.02535	0.01381	0.01401	0.06309	0.00613	0.00468	0.00145	0.00540	0.00454	0.05106	0.00722
13	0.01272	0.01080	0.01139	0.01010	0.01297	0.01246	0.00790	0.08408	0.72899	0.02136	0.01937	0.01783	0.01449	0.00661	0.00499	0.00165	0.00401	0.00547	0.00499	0.00782
14	0.01107	0.01081	0.01896	0.30444	0.38583	0.01154	0.11978	0.01479	0.04614	0.01498	0.00965	0.01293	0.00763	0.00464	0.00502	0.00156	0.00634	0.00462	0.00247	0.00681
15	0.00590	0.00461	0.00535	0.00595	0.00689	0.00407	0.00416	0.00694	0.01027	0.01290	0.03800	0.45066	0.39888	0.01398	0.00605	0.00183	0.00268	0.01224	0.00456	0.00407
16	0.00809	0.00540	0.00679	0.00632	0.00781	0.00492	0.00483	0.01038	0.02714	0.08202	0.55665	0.03726	0.18146	0.01021	0.00574	0.00159	0.00259	0.03059	0.00527	0.00490
17	0.01341	0.00863	0.01052	0.00768	0.01189	0.00673	0.00620	0.01552	0.01124	0.22921	0.01163	0.01197	0.00861	0.00430	0.00399	0.00094	0.00379	0.00346	0.00377	0.62648
18	0.01106	0.08235	0.17076	0.31691	0.17496	0.07293	0.04320	0.01444	0.01061	0.01403	0.00892	0.01182	0.00694	0.00471	0.00465	0.00149	0.00653	0.00405	0.03326	0.00637
19	0.00928	0.00873	0.01474	0.81548	0.03385	0.01092	0.01365	0.01256	0.00983	0.01256	0.00873	0.01310	0.00655	0.00491	0.00491	0.00164	0.00655	0.00437	0.00218	0.00546
20	0.01229	0.48356	0.01767	0.00753	0.01057	0.08604	0.00686	0.01408	0.01045	0.01384	0.00995	0.01143	0.00839	0.00479	0.00336	0.00110	0.00460	0.00332	0.28449	0.00568
21	0.01055	0.00923	0.03916	0.01082	0.01400	0.00804	0.20108	0.01340	0.05276	0.07466	0.01294	0.05943	0.01165	0.15170	0.06571	0.01714	0.00583	0.00548	0.00320	0.23320

[dist]
# distance from previous block
# <min> <max>
0	1

[block]
# block no. 3 follows, 51 sequences, length 28
# corresponding to MSA columns:
# 1026-1053
name=unknown_D
#
# <colnr> <probs for GDERKNQSTAVLIFYWHMCP>
#	G	D	E	R	K	N	Q	S	T	A	V	L	I	F	Y	W	H	M	C	P
0	0.01361	0.01154	0.01182	0.01034	0.01326	0.04883	0.00819	0.18179	0.55015	0.02201	0.01806	0.01861	0.01396	0.00682	0.00506	0.00164	0.00447	0.04739	0.00484	0.00762
1	0.79509	0.00960	0.00784	0.00697	0.00977	0.01134	0.00575	0.01424	0.00830	0.02125	0.00681	0.00820	0.00541	0.00488	0.00407	0.00157	0.06782	0.00279	0.00297	0.00533
2	0.02648	0.04170	0.17799	0.06936	0.28128	0.01179	0.14305	0.01610	0.04167	0.08116	0.01024	0.01238	0.00782	0.00490	0.00555	0.00156	0.05260	0.00447	0.00274	0.00716
3	0.00604	0.00495	0.00533	0.00532	0.00680	0.00424	0.00396	0.00747	0.01163	0.01449	0.19363	0.08845	0.60635	0.01214	0.00583	0.00166	0.00248	0.01028	0.00473	0.00424
4	0.00713	0.00751	0.10776	0.00738	0.00912	0.00535	0.00626	0.02531	0.01076	0.03048	0.09826	0.42637	0.21489	0.01243	0.00585	0.00180	0.00336	0.01092	0.00436	0.00469
5	0.05398	0.32252	0.29598	0.03687	0.05408	0.04124	0.02583	0.05927	0.01109	0.03201	0.00866	0.02243	0.00698	0.00476	0.00410	0.00136	0.00608	0.00353	0.00246	0.00675
6	0.00714	0.00479	0.00550	0.00550	0.00555	0.00484	0.00315	0.00724	0.00719	0.00963	0.01535	0.03144	0.01755	0.78315	0.06873	0.00494	0.00523	0.00704	0.00296	0.00306
7	0.00683	0.05107	0.00700	0.00586	0.00736	0.00525	0.00450	0.00864	0.01250	0.01653	0.43716	0.06522	0.33279	0.01082	0.00567	0.00158	0.00257	0.00928	0.00487	0.00452
8	0.00986	0.02542	0.80183	0.01401	0.02127	0.01141	0.01816	0.01556	0.01038	0.01556	0.00882	0.01038	0.00623	0.00467	0.00467	0.00156	0.00726	0.00363	0.00208	0.00726
9	0.00815	0.00622	0.00733	0.00685	0.00846	0.00617	0.00519	0.01265	0.17429	0.03476	0.47344	0.05574	0.16207	0.00980	0.00563	0.00160	0.00273	0.00850	0.00518	0.00527
10	0.01217	0.33502	0.09569	0.01142	0.07531	0.01290	0.07310	0.01487	0.03381	0.08611	0.04552	0.09475	0.01180	0.00586	0.00435	0.00134	0.00511	0.00488	0.00307	0.07294
11	0.00622	0.00470	0.00576	0.00619	0.00711	0.00424	0.00442	0.00759	0.01109	0.01458	0.22340	0.38378	0.25846	0.01317	0.00603	0.00179	0.00265	0.02984	0.00477	0.00421
12	0.01074	0.02186	0.60640	0.01457	0.02099	0.01126	0.13356	0.01580	0.01069	0.05910	0.00990	0.02770	0.00728	0.00497	0.00514	0.00159	0.02465	0.00426	0.00241	0.00712
13	0.01556	0.42094	0.05000	0.01051	0.01408	0.36643	0.00923	0.01717	0.01185	0.03347	0.00759	0.00865	0.00647	0.00465	0.00382	0.00118	0.00689	0.00297	0.00240	0.00613
14	0.01426	0.00698	0.00913	0.00765	0.01015	0.00641	0.00606	0.01730	0.07481	0.37610	0.37947	0.02614	0.02828	0.00797	0.00534	0.00154	0.00329	0.00682	0.00568	0.00659
15	0.74761	0.05659	0.07072	0.00716	0.01060	0.01153	0.00650	0.01455	0.00861	0.02095	0.00700	0.00817	0.00545	0.00455	0.00318	0.00150	0.00415	0.00274	0.00291	0.00553
16	0.01941	0.01035	0.01281	0.07309	0.01512	0.01048	0.00847	0.30911	0.01705	0.42934	0.01585	0.03254	0.01073	0.00613	0.00496	0.00152	0.00480	0.00490	0.00530	0.00804
17	0.01610	0.11140	0.01453	0.01141	0.01424	0.47845	0.00890	0.04271	0.22457	0.01484	0.01101	0.01142	0.00875	0.00543	0.00445	0.00136	0.00700	0.00379	0.00322	0.00641
18	0.02188	0.00863	0.01157	0.00887	0.01268	0.00762	0.00733	0.06103	0.01451	0.76233	0.01902	0.01648	0.01198	0.00607	0.00494	0.00152	0.00424	0.00492	0.00603	0.00836
19	0.01388	0.01446	0.01591	0.07164	0.36544	0.24142	0.01174	0.05952	0.07356	0.01591	0.01075	0.01264	0.02185	0.00508	0.00471	0.00142	0.00636	0.00424	0.04264	0.00685
20	0.01806	0.02281	0.01379	0.01253	0.01508	0.76949	0.00941	0.01993	0.05097	0.01244	0.00819	0.00932	0.00675	0.00514	0.00446	0.00129	0.00862	0.00328	0.00265	0.00580
21	0.01868	0.01376	0.01475	0.01131	0.01524	0.01524	0.00934	0.78025	0.02311	0.03097	0.01180	0.01180	0.00836	0.00590	0.00492	0.00147	0.00541	0.00442	0.00492	0.00836
22	0.00864	0.00648	0.00814	0.00864	0.00992	0.00681	0.00709	0.01284	0.16390	0.01502	0.02313	0.04435	0.02398	0.14371	0.00938	0.00255	0.00444	0.49170	0.00437	0.00492
23	0.01868	0.01376	0.01475	0.01131	0.01524	0.01524	0.00934	0.78025	0.02311	0.03097	0.01180	0.01180	0.00836	0.00590	0.00492	0.00147	0.00541	0.00442	0.00492	0.00836
24	0.00722	0.00516	0.00712	0.00826	0.00908	0.00506	0.00671	0.00898	0.01063	0.01393	0.02640	0.33191	0.02980	0.01423	0.00660	0.00217	0.00392	0.49394	0.00454	0.00433
25	0.01116	0.05123	0.02314	0.16731	0.06537	0.05076	0.46031	0.01455	0.01111	0.01453	0.01076	0.07643	0.00916	0.00523	0.00543	0.00162	0.00729	0.00582	0.00257	0.00620
26	0.00928	0.00873	0.01474	0.81548	0.03385	0.01092	0.01365	0.01256	0.00983	0.01256	0.00873	0.01310	0.00655	0.00491	0.00491	0.00164	0.00655	0.00437	0.00218	0.00546
27	0.01215	0.02154	0.61252	0.01413	0.06991	0.01069	0.01604	0.01700	0.01108	0.15327	0.01070	0.01161	0.00737	0.00490	0.00473	0.00154	0.00663	0.00391	0.00280	0.00749

[dist]
# distance from previous block
# <min> <max>
0	6

[block]
# block no. 4 follows, 51 sequences, length 20
# corresponding to MSA columns:
# 1060-1074,1076-1080
name=unknown_E
#
# <colnr> <probs for GDERKNQSTAVLIFYWHMCP>
#	G	D	E	R	K	N	Q	S	T	A	V	L	I	F	Y	W	H	M	C	P
0	0.01118	0.23373	0.47778	0.01337	0.01940	0.03639	0.11291	0.01548	0.01053	0.01444	0.00841	0.01005	0.00641	0.00449	0.00441	0.00143	0.00692	0.00363	0.00215	0.00689
1	0.01650	0.00934	0.01096	0.00880	0.01201	0.00926	0.00717	0.27220	0.03428	0.31671	0.05898	0.02297	0.16273	0.00764	0.00519	0.00156	0.00418	0.02695	0.00530	0.00726
2	0.01425	0.00964	0.01078	0.00936	0.01232	0.01045	0.00737	0.02432	0.54383	0.21434	0.02181	0.01984	0.06561	0.00690	0.00504	0.00163	0.00387	0.00572	0.00524	0.00769
3	0.00928	0.00873	0.01474	0.81548	0.03385	0.01092	0.01365	0.01256	0.00983	0.01256	0.00873	0.01310	0.00655	0.00491	0.00491	0.00164	0.00655	0.00437	0.00218	0.00546
4	0.86201	0.00950	0.00722	0.00646	0.00950	0.01102	0.00532	0.01445	0.00836	0.02205	0.00684	0.00798	0.00532	0.00456	0.00304	0.00152	0.00380	0.00266	0.00304	0.00532
5	0.01866	0.01430	0.01470	0.01138	0.01524	0.05916	0.00935	0.73809	0.02260	0.02992	0.01157	0.01164	0.00824	0.00585	0.00489	0.00146	0.00560	0.00435	0.00478	0.00821
6	0.01771	0.00948	0.01269	0.01012	0.01279	0.01013	0.00838	0.06937	0.01244	0.46449	0.01433	0.01421	0.00989	0.00672	0.00833	0.00167	0.25585	0.00460	0.00462	0.05218
7	0.01453	0.01018	0.01177	0.01022	0.01303	0.01093	0.00859	0.40563	0.04936	0.07487	0.01806	0.02905	0.01649	0.00887	0.00564	0.00179	0.00493	0.29433	0.00485	0.00687
8	0.01537	0.01863	0.01234	0.01140	0.01350	0.59608	0.00861	0.01676	0.01234	0.01186	0.00907	0.01162	0.00790	0.01345	0.21643	0.00302	0.01000	0.00372	0.00256	0.00535
9	0.00711	0.00493	0.00619	0.00619	0.00647	0.00521	0.00401	0.00768	0.00739	0.01014	0.01473	0.02797	0.01605	0.56955	0.28027	0.00579	0.00750	0.00653	0.00287	0.00344
10	0.01008	0.00859	0.01008	0.00736	0.01158	0.00651	0.00592	0.01227	0.01024	0.01595	0.00956	0.01234	0.00828	0.00411	0.00379	0.00080	0.00368	0.03902	0.00299	0.81685
11	0.00715	0.00476	0.00536	0.00536	0.00536	0.00476	0.00298	0.00715	0.00715	0.00953	0.01548	0.03216	0.01787	0.82729	0.02501	0.00476	0.00476	0.00715	0.00298	0.00298
12	0.00854	0.00427	0.00640	0.00640	0.00640	0.00427	0.00427	0.00640	0.00640	0.00854	0.00854	0.01494	0.00854	0.01707	0.01921	0.85702	0.00427	0.00427	0.00213	0.00213
13	0.01019	0.00873	0.01019	0.00728	0.01165	0.00655	0.00582	0.01237	0.01019	0.01601	0.00873	0.01019	0.00728	0.00364	0.00364	0.00073	0.00364	0.00291	0.00291	0.85734
14	0.86201	0.00950	0.00722	0.00646	0.00950	0.01102	0.00532	0.01445	0.00836	0.02205	0.00684	0.00798	0.00532	0.00456	0.00304	0.00152	0.00380	0.00266	0.00304	0.00532
15	0.86201	0.00950	0.00722	0.00646	0.00950	0.01102	0.00532	0.01445	0.00836	0.02205	0.00684	0.00798	0.00532	0.00456	0.00304	0.00152	0.00380	0.00266	0.00304	0.00532
16	0.00709	0.00474	0.00538	0.00543	0.00544	0.00473	0.00305	0.00713	0.00725	0.00967	0.01602	0.06908	0.01855	0.78944	0.02414	0.00464	0.00468	0.00746	0.00305	0.00302
17	0.01341	0.70501	0.08751	0.00901	0.01339	0.04393	0.00918	0.01532	0.01031	0.04445	0.00754	0.00848	0.00654	0.00435	0.00339	0.00112	0.00549	0.00282	0.00228	0.00645
18	0.01131	0.02065	0.58869	0.01304	0.03658	0.01030	0.01531	0.01629	0.03088	0.11900	0.01209	0.05195	0.00943	0.00578	0.00488	0.00160	0.00641	0.03573	0.00291	0.00716
19	0.01085	0.06589	0.01599	0.01211	0.08214	0.00909	0.16730	0.01347	0.01055	0.01566	0.00890	0.01084	0.00729	0.00385	0.00416	0.00101	0.00490	0.00362	0.00273	0.54965

[dist]
# distance from previous block
# <min> <max>
16	24

[block]
# block no. 5 follows, 51 sequences, length 19
# corresponding to MSA columns:
# 1105-1123
name=unknown_F
#
# <colnr> <probs for GDERKNQSTAVLIFYWHMCP>
#	G	D	E	R	K	N	Q	S	T	A	V	L	I	F	Y	W	H	M	C	P
0	0.00599	0.00428	0.00570	0.00684	0.00713	0.00399	0.00456	0.00684	0.00941	0.01254	0.02709	0.82409	0.03250	0.01540	0.00627	0.00200	0.00285	0.01397	0.00456	0.00399
1	0.00792	0.00659	0.01015	0.01413	0.25385	0.00639	0.00785	0.00942	0.00997	0.01364	0.02151	0.57036	0.02478	0.01195	0.00583	0.00183	0.00378	0.01097	0.00390	0.00518
2	0.01431	0.01224	0.01224	0.01052	0.01358	0.06543	0.00830	0.22158	0.53813	0.02270	0.01705	0.01601	0.01270	0.00636	0.00494	0.00159	0.00461	0.00510	0.00482	0.00779
3	0.00787	0.00525	0.00608	0.00585	0.00714	0.00508	0.00439	0.01085	0.06659	0.01850	0.40183	0.05244	0.10736	0.00884	0.00502	0.00145	0.00245	0.00760	0.27064	0.00477
4	0.01219	0.00867	0.01040	0.00753	0.01180	0.00666	0.00606	0.01433	0.01084	0.14846	0.01053	0.01129	0.00810	0.00405	0.00386	0.00086	0.00373	0.00325	0.00345	0.71391
5	0.01019	0.00873	0.01019	0.00728	0.01165	0.00655	0.00582	0.01237	0.01019	0.01601	0.00873	0.01019	0.00728	0.00364	0.00364	0.00073	0.00364	0.00291	0.00291	0.85734
6	0.86201	0.00950	0.00722	0.00646	0.00950	0.01102	0.00532	0.01445	0.00836	0.02205	0.00684	0.00798	0.00532	0.00456	0.00304	0.00152	0.00380	0.00266	0.00304	0.00532
7	0.00707	0.00473	0.00538	0.00545	0.00547	0.00472	0.00308	0.00713	0.00729	0.00972	0.01620	0.08130	0.01877	0.77692	0.02385	0.00459	0.00465	0.00757	0.00308	0.00304
8	0.01636	0.01115	0.01376	0.04816	0.08715	0.06010	0.04482	0.16218	0.14186	0.26136	0.04854	0.01539	0.01190	0.00596	0.00526	0.00153	0.02707	0.00490	0.00458	0.02797
9	0.01556	0.01382	0.03493	0.01214	0.06918	0.16363	0.00919	0.24271	0.19637	0.08237	0.02726	0.01402	0.01061	0.00738	0.04278	0.00180	0.02635	0.00458	0.01806	0.00726
10	0.86201	0.00950	0.00722	0.00646	0.00950	0.01102	0.00532	0.01445	0.00836	0.02205	0.00684	0.00798	0.00532	0.00456	0.00304	0.00152	0.00380	0.00266	0.00304	0.00532
11	0.00756	0.00621	0.00849	0.00817	0.00900	0.00713	0.00645	0.00918	0.00977	0.01363	0.16443	0.09751	0.12433	0.01942	0.26544	0.00381	0.16721	0.06406	0.00362	0.00457
12	0.01169	0.46790	0.25761	0.00999	0.01477	0.05102	0.01097	0.01450	0.01050	0.01320	0.03890	0.01225	0.05820	0.00512	0.00393	0.00127	0.00574	0.00368	0.00239	0.00637
13	0.00715	0.00476	0.00536	0.00536	0.00536	0.00476	0.00298	0.00715	0.00715	0.00953	0.01548	0.03216	0.01787	0.82729	0.02501	0.00476	0.00476	0.00715	0.00298	0.00298
14	0.05015	0.03740	0.16850	0.01156	0.03352	0.06208	0.01054	0.35478	0.06193	0.12845	0.01213	0.01248	0.00869	0.01948	0.00506	0.00154	0.00566	0.00425	0.00413	0.00766
15	0.01190	0.09555	0.10299	0.04227	0.14911	0.01198	0.13219	0.01649	0.13499	0.07421	0.01277	0.08280	0.01084	0.00627	0.00617	0.00162	0.09249	0.00539	0.00320	0.00678
16	0.03147	0.08842	0.01416	0.05100	0.01436	0.13117	0.04447	0.22852	0.04900	0.04312	0.07080	0.10005	0.01335	0.00691	0.00557	0.00151	0.05785	0.00545	0.00379	0.03904
17	0.07396	0.08774	0.04967	0.09592	0.14850	0.04485	0.13928	0.10237	0.02579	0.01721	0.05203	0.01272	0.00935	0.00516	0.00538	0.00148	0.05603	0.00442	0.00293	0.06521
18	0.11826	0.03090	0.01317	0.04963	0.11203	0.04659	0.03994	0.17059	0.09258	0.03342	0.03398	0.03581	0.04464	0.00569	0.00454	0.00139	0.00482	0.00466	0.00364	0.15375

[dist]
# distance from previous block
# <min> <max>
0	14

[block]
# block no. 6 follows, 51 sequences, length 15
# corresponding to MSA columns:
# 1138-1152
name=unknown_G
#
# <colnr> <probs for GDERKNQSTAVLIFYWHMCP>
#	G	D	E	R	K	N	Q	S	T	A	V	L	I	F	Y	W	H	M	C	P
0	0.12970	0.03963	0.08109	0.04234	0.09086	0.02586	0.06792	0.12622	0.02732	0.12345	0.04837	0.05997	0.02378	0.00588	0.00465	0.00146	0.00502	0.00492	0.00371	0.08787
1	0.07488	0.19489	0.09474	0.01243	0.12623	0.07430	0.00969	0.05229	0.07800	0.11262	0.02991	0.01194	0.00909	0.00497	0.00422	0.00132	0.00523	0.00383	0.00328	0.09615
2	0.18945	0.03890	0.04000	0.00985	0.01339	0.09978	0.04715	0.15411	0.08748	0.12666	0.01278	0.01301	0.03729	0.00549	0.00454	0.00142	0.01728	0.00415	0.00386	0.09341
3	0.29715	0.06508	0.14464	0.00981	0.01392	0.04691	0.00924	0.24338	0.03467	0.07753	0.00992	0.01045	0.00722	0.00514	0.00413	0.00148	0.00520	0.00361	0.00362	0.00691
4	0.01373	0.01442	0.01114	0.01049	0.03470	0.36041	0.00776	0.01743	0.14083	0.05577	0.19983	0.02069	0.05990	0.00714	0.00502	0.00146	0.00572	0.02371	0.00396	0.00587
5	0.00653	0.00501	0.00597	0.00573	0.00708	0.00445	0.00430	0.00844	0.01290	0.01730	0.51587	0.04066	0.32604	0.01094	0.00580	0.00159	0.00238	0.00944	0.00509	0.00445
6	0.01442	0.63143	0.02284	0.00946	0.01325	0.21366	0.00868	0.01592	0.01096	0.01168	0.00702	0.00812	0.00631	0.00442	0.00347	0.00110	0.00614	0.00276	0.00221	0.00616
7	0.00599	0.00428	0.00570	0.00684	0.00713	0.00399	0.00456	0.00684	0.00941	0.01254	0.02709	0.82409	0.03250	0.01540	0.00627	0.00200	0.00285	0.01397	0.00456	0.00399
8	0.00599	0.00428	0.00570	0.00684	0.00713	0.00399	0.00456	0.00684	0.00941	0.01254	0.02709	0.82409	0.03250	0.01540	0.00627	0.00200	0.00285	0.01397	0.00456	0.00399
9	0.01483	0.05301	0.26137	0.05230	0.04280	0.01313	0.02602	0.36560	0.01646	0.07132	0.01119	0.01261	0.00818	0.00550	0.00482	0.00151	0.00601	0.02199	0.00371	0.00764
10	0.01806	0.01511	0.01183	0.01019	0.01303	0.39099	0.00789	0.01965	0.01382	0.30995	0.08181	0.01641	0.05705	0.00630	0.00482	0.00141	0.00617	0.00474	0.00423	0.00652
11	0.00596	0.00464	0.00542	0.00594	0.00691	0.00410	0.00418	0.00708	0.01050	0.01329	0.08146	0.41955	0.38601	0.01372	0.00603	0.00181	0.00265	0.01201	0.00461	0.00410
12	0.06566	0.12641	0.54260	0.01238	0.01854	0.01198	0.03428	0.01633	0.01064	0.10347	0.00965	0.01069	0.00688	0.00475	0.00443	0.00149	0.00646	0.00364	0.00260	0.00712
13	0.09985	0.16709	0.07762	0.01469	0.10532	0.09689	0.17889	0.09536	0.02801	0.03524	0.00950	0.02754	0.00770	0.00501	0.00489	0.00146	0.03117	0.00424	0.00286	0.00667
14	0.03654	0.45771	0.26402	0.05253	0.04384	0.01576	0.04019	0.01491	0.01015	0.01346	0.00774	0.00927	0.00636	0.00440	0.00386	0.00129	0.00603	0.00320	0.00215	0.00659

[dist]
# distance from previous block
# <min> <max>
3	5

[block]
# block no. 7 follows, 51 sequences, length 10
# corresponding to MSA columns:
# 1158-1167
name=unknown_H
#
# <colnr> <probs for GDERKNQSTAVLIFYWHMCP>
#	G	D	E	R	K	N	Q	S	T	A	V	L	I	F	Y	W	H	M	C	P
0	0.00947	0.04832	0.25161	0.01380	0.12476	0.00925	0.07227	0.04069	0.01104	0.01537	0.05022	0.22585	0.01729	0.00847	0.00540	0.00171	0.00537	0.07977	0.00329	0.00606
1	0.00728	0.00444	0.00596	0.00626	0.00661	0.00424	0.00421	0.00683	0.00834	0.01098	0.06530	0.25371	0.11199	0.07994	0.01357	0.39199	0.00357	0.00828	0.00338	0.00312
2	0.01207	0.15122	0.05873	0.00908	0.01179	0.01039	0.00789	0.17399	0.05177	0.08373	0.01855	0.22870	0.03190	0.00930	0.00525	0.00167	0.00447	0.11915	0.00421	0.00614
3	0.01221	0.08340	0.19481	0.05297	0.19233	0.01244	0.15768	0.13496	0.01288	0.01786	0.04482	0.01263	0.00901	0.00488	0.00486	0.00147	0.00630	0.00449	0.00287	0.03712
4	0.01063	0.19232	0.14046	0.01208	0.09202	0.01067	0.07438	0.01352	0.03635	0.06474	0.01731	0.17814	0.07078	0.00794	0.00502	0.00159	0.00505	0.05757	0.00335	0.00608
5	0.10618	0.05002	0.03846	0.04642	0.05376	0.07108	0.08255	0.06296	0.29906	0.03010	0.05177	0.01481	0.01181	0.00594	0.00540	0.00159	0.05273	0.00480	0.00375	0.00681
6	0.01076	0.01031	0.08534	0.18288	0.09082	0.00939	0.03424	0.09688	0.05808	0.05208	0.06318	0.04857	0.09731	0.00782	0.02984	0.00175	0.00528	0.03814	0.00355	0.07377
7	0.01366	0.06955	0.11988	0.04010	0.14420	0.07003	0.12122	0.20603	0.09151	0.01934	0.01098	0.02546	0.00855	0.00520	0.00484	0.00147	0.00615	0.00452	0.00329	0.03401
8	0.03418	0.07282	0.23926	0.03880	0.04479	0.01156	0.01100	0.09325	0.17658	0.01805	0.02895	0.01270	0.00946	0.00521	0.00475	0.00140	0.02550	0.00408	0.00326	0.16443
9	0.09396	0.12738	0.17324	0.01206	0.05406	0.03583	0.09381	0.09549	0.07839	0.06479	0.11137	0.01475	0.01285	0.00561	0.00464	0.00148	0.00544	0.00466	0.00346	0.00674

[dist]
# distance from previous block
# <min> <max>
5	18

[block]
# block no. 8 follows, 51 sequences, length 9
# corresponding to MSA columns:
# 1186-1194
name=unknown_I
#
# <colnr> <probs for GDERKNQSTAVLIFYWHMCP>
#	G	D	E	R	K	N	Q	S	T	A	V	L	I	F	Y	W	H	M	C	P
0	0.01127	0.05911	0.03115	0.07146	0.14133	0.00859	0.04031	0.02432	0.01090	0.10389	0.05004	0.05599	0.04887	0.06272	0.03146	0.00174	0.00490	0.00516	0.00335	0.23343
1	0.01096	0.00868	0.00931	0.00826	0.01045	0.04745	0.00630	0.19271	0.06527	0.03078	0.08233	0.24413	0.08453	0.04347	0.00613	0.00170	0.00399	0.02471	0.00439	0.11444
2	0.01150	0.01156	0.14310	0.01028	0.04970	0.00872	0.00893	0.06157	0.08052	0.08989	0.04300	0.08569	0.01257	0.00622	0.00508	0.00134	0.03683	0.02480	0.00361	0.30508
3	0.00988	0.04879	0.27587	0.01174	0.06000	0.00901	0.05384	0.03747	0.01076	0.04294	0.01522	0.17576	0.04319	0.00862	0.03840	0.00180	0.00561	0.03092	0.00316	0.11702
4	0.11988	0.23357	0.04559	0.00816	0.01065	0.07987	0.00694	0.07607	0.01047	0.01438	0.01158	0.01951	0.01159	0.24262	0.02671	0.00249	0.00544	0.06633	0.00295	0.00520
5	0.07933	0.06003	0.12344	0.02667	0.17165	0.00989	0.07958	0.01452	0.07585	0.05543	0.12950	0.02048	0.12004	0.00660	0.00495	0.00153	0.00486	0.00575	0.00353	0.00636
6	0.06282	0.39112	0.07140	0.01067	0.04412	0.05674	0.07271	0.07056	0.01139	0.01473	0.01263	0.05415	0.06640	0.00596	0.00422	0.00136	0.00543	0.03458	0.00283	0.00617
7	0.00764	0.03534	0.23769	0.00836	0.01129	0.00687	0.00842	0.01041	0.01131	0.01558	0.26045	0.14254	0.16664	0.04802	0.00637	0.00177	0.00406	0.00809	0.00395	0.00519
8	0.05985	0.56679	0.23438	0.00981	0.01478	0.01680	0.01087	0.01493	0.01000	0.01323	0.00737	0.00856	0.00623	0.00435	0.00356	0.00121	0.00572	0.00290	0.00215	0.00651

[dist]
# distance from previous block
# <min> <max>
0	1

[block]
# block no. 9 follows, 51 sequences, length 6
# corresponding to MSA columns:
# 1196-1201
name=unknown_J
#
# <colnr> <probs for GDERKNQSTAVLIFYWHMCP>
#	G	D	E	R	K	N	Q	S	T	A	V	L	I	F	Y	W	H	M	C	P
0	0.11118	0.11862	0.08914	0.01191	0.01547	0.01362	0.13339	0.20782	0.04006	0.01918	0.01203	0.01339	0.05972	0.00599	0.00632	0.00158	0.12615	0.00455	0.00325	0.00662
1	0.00590	0.00463	0.00533	0.00590	0.00688	0.00407	0.00414	0.00695	0.01032	0.01292	0.03861	0.42961	0.41954	0.01390	0.00604	0.00182	0.00267	0.01214	0.00456	0.00407
2	0.00684	0.00489	0.00668	0.00782	0.00848	0.00473	0.00604	0.00832	0.01025	0.01350	0.02662	0.48495	0.03064	0.01459	0.00650	0.00211	0.00359	0.34470	0.00455	0.00423
3	0.07837	0.04051	0.11067	0.01487	0.19887	0.10222	0.01067	0.07576	0.03823	0.23602	0.03799	0.01337	0.00997	0.00535	0.00466	0.00147	0.00552	0.00431	0.00382	0.00735
4	0.01255	0.00750	0.00911	0.00769	0.01024	0.00715	0.00606	0.05667	0.13343	0.22781	0.29592	0.02629	0.10032	0.00801	0.00524	0.00150	0.00334	0.00679	0.00523	0.06914
5	0.01229	0.39773	0.25226	0.01266	0.11103	0.01467	0.01187	0.01531	0.01046	0.05215	0.00845	0.00973	0.00681	0.00442	0.00393	0.00125	0.00576	0.00327	0.00238	0.06356

[dist]
# distance from previous block
# <min> <max>
2	8

[block]
# block no. 10 follows, 51 sequences, length 8
# corresponding to MSA columns:
# 1210-1217
name=unknown_K
#
# <colnr> <probs for GDERKNQSTAVLIFYWHMCP>
#	G	D	E	R	K	N	Q	S	T	A	V	L	I	F	Y	W	H	M	C	P
0	0.01104	0.04613	0.06788	0.01160	0.05374	0.04022	0.14151	0.08007	0.01251	0.01764	0.16766	0.01618	0.01517	0.00540	0.00470	0.00125	0.00496	0.00487	0.00339	0.29408
1	0.00668	0.00487	0.00628	0.00623	0.00725	0.00447	0.00456	0.00863	0.01281	0.01782	0.58785	0.19640	0.09520	0.01129	0.00589	0.00164	0.00244	0.01002	0.00518	0.00447
2	0.00723	0.00561	0.00673	0.00732	0.00823	0.00567	0.00514	0.01075	0.16670	0.01423	0.02764	0.59364	0.09547	0.01338	0.00598	0.00190	0.00303	0.01196	0.00465	0.00477
3	0.01218	0.04595	0.09801	0.01672	0.21815	0.18078	0.12039	0.04545	0.01219	0.01497	0.01714	0.01834	0.16609	0.00620	0.00501	0.00148	0.00627	0.00539	0.00294	0.00635
4	0.00841	0.00675	0.00695	0.00626	0.00837	0.00639	0.00487	0.16315	0.01360	0.01685	0.04211	0.04013	0.63590	0.01112	0.00563	0.00162	0.00308	0.00917	0.00463	0.00500
5	0.08367	0.01210	0.01353	0.01243	0.09550	0.01340	0.00910	0.39633	0.24148	0.05091	0.01376	0.01358	0.01010	0.00586	0.00479	0.00153	0.00484	0.00462	0.00457	0.00789
6	0.01551	0.15123	0.09130	0.01163	0.04463	0.14100	0.00987	0.21573	0.15432	0.07951	0.01185	0.01208	0.00891	0.00553	0.00481	0.00143	0.02556	0.00409	0.00374	0.00729
7	0.01427	0.01314	0.01155	0.01018	0.01280	0.20918	0.00787	0.13030	0.31393	0.06035	0.10684	0.05781	0.01630	0.00696	0.00500	0.00153	0.00513	0.00558	0.00446	0.00681

[dist]
# distance from previous block
# <min> <max>
0	3

[block]
# block no. 11 follows, 51 sequences, length 255
# corresponding to MSA columns:
# 1221-1475
name=unknown_L
#
# <colnr> <probs for GDERKNQSTAVLIFYWHMCP>
#	G	D	E	R	K	N	Q	S	T	A	V	L	I	F	Y	W	H	M	C	P
0	0.01422	0.04469	0.02944	0.03247	0.14153	0.25278	0.00962	0.03782	0.24645	0.05671	0.05549	0.03312	0.01231	0.00597	0.00480	0.00147	0.00584	0.00478	0.00367	0.00682
1	0.03589	0.01274	0.03144	0.03744	0.30258	0.08569	0.05238	0.15512	0.04320	0.15052	0.01153	0.01269	0.00858	0.00524	0.00523	0.00150	0.03269	0.00443	0.00360	0.00752
2	0.01225	0.03455	0.01124	0.02437	0.03024	0.12428	0.02566	0.08166	0.23487	0.06501	0.08382	0.15595	0.06509	0.00835	0.00523	0.00162	0.00461	0.02054	0.00437	0.00627
3	0.00945	0.00886	0.01496	0.01243	0.04758	0.02724	0.27609	0.01219	0.06196	0.01361	0.06376	0.06844	0.01597	0.33046	0.01329	0.00288	0.00582	0.00685	0.00315	0.00501
4	0.01535	0.01295	0.01548	0.08233	0.16854	0.08134	0.03886	0.37652	0.05095	0.03685	0.04868	0.01348	0.01014	0.00616	0.01888	0.00160	0.00589	0.00464	0.00392	0.00744
5	0.01828	0.01080	0.01271	0.03352	0.01422	0.01128	0.00842	0.34684	0.11099	0.31124	0.01626	0.01681	0.01159	0.00645	0.00504	0.00156	0.00476	0.04597	0.00525	0.00800
6	0.01087	0.27300	0.56310	0.01228	0.01861	0.01388	0.01516	0.01530	0.01026	0.01433	0.00821	0.00961	0.00625	0.00453	0.00420	0.00140	0.00665	0.00332	0.00208	0.00697
7	0.00845	0.00432	0.00648	0.00648	0.00653	0.00437	0.00437	0.00653	0.00648	0.00869	0.00879	0.01518	0.00874	0.01815	0.06203	0.81091	0.00475	0.00432	0.00216	0.00226
8	0.02205	0.00836	0.01140	0.00874	0.01254	0.00722	0.00722	0.02395	0.01407	0.80004	0.01939	0.01673	0.01216	0.00608	0.00494	0.00152	0.00418	0.00494	0.00608	0.00836
9	0.00981	0.02506	0.78786	0.01387	0.02102	0.01129	0.01792	0.01545	0.01044	0.01564	0.02261	0.01084	0.00693	0.00476	0.00469	0.00156	0.00718	0.00372	0.00213	0.00722
10	0.00736	0.00543	0.00716	0.00806	0.00925	0.00524	0.00683	0.00932	0.01117	0.01427	0.03108	0.10155	0.18944	0.01345	0.00655	0.00212	0.00399	0.55879	0.00454	0.00441
11	0.00638	0.00475	0.00595	0.00623	0.00717	0.00432	0.00448	0.00795	0.01166	0.01569	0.34870	0.32866	0.19177	0.01256	0.00599	0.00175	0.00259	0.02417	0.00491	0.00430
12	0.01314	0.83025	0.02575	0.00841	0.01261	0.01945	0.00841	0.01472	0.00999	0.01156	0.00683	0.00788	0.00631	0.00420	0.00315	0.00105	0.00526	0.00263	0.00210	0.00631
13	0.00596	0.00498	0.00519	0.00514	0.00673	0.00421	0.00385	0.00734	0.01156	0.01412	0.14711	0.04591	0.69679	0.01213	0.00581	0.00164	0.00247	0.01018	0.00467	0.00421
14	0.01798	0.01341	0.01435	0.01116	0.01497	0.01491	0.00917	0.69784	0.10667	0.02983	0.01269	0.01251	0.00908	0.00598	0.00493	0.00150	0.00524	0.00455	0.00493	0.00829
15	0.01159	0.01221	0.02307	0.02204	0.26953	0.01276	0.36724	0.01468	0.01058	0.01499	0.00896	0.01236	0.00734	0.00519	0.00775	0.00170	0.18387	0.00502	0.00240	0.00673
16	0.01038	0.06119	0.01118	0.00735	0.01171	0.00737	0.00599	0.01252	0.01018	0.01573	0.00861	0.01004	0.00722	0.00368	0.00361	0.00075	0.00374	0.00289	0.00286	0.80300
17	0.00636	0.00500	0.00575	0.00556	0.00698	0.00439	0.00417	0.00813	0.01251	0.01639	0.41033	0.04217	0.43215	0.01128	0.00580	0.00160	0.00241	0.00965	0.00497	0.00439
18	0.01459	0.23366	0.01673	0.01246	0.11208	0.16760	0.00911	0.05536	0.19936	0.08276	0.02888	0.02545	0.01045	0.00553	0.00440	0.00138	0.00551	0.00425	0.00351	0.00693
19	0.01483	0.56922	0.02193	0.00978	0.01345	0.27443	0.00876	0.01630	0.01126	0.01171	0.00708	0.00820	0.00631	0.00448	0.00357	0.00112	0.00642	0.00280	0.00224	0.00611
20	0.00715	0.00476	0.00536	0.00536	0.00536	0.00476	0.00298	0.00715	0.00715	0.00953	0.01548	0.03216	0.01787	0.82729	0.02501	0.00476	0.00476	0.00715	0.00298	0.00298
21	0.00991	0.00987	0.05725	0.01885	0.36580	0.00992	0.01135	0.01233	0.00948	0.01378	0.01041	0.01464	0.00927	0.01728	0.31307	0.00400	0.09947	0.00467	0.00246	0.00619
22	0.01006	0.08755	0.39391	0.01225	0.03110	0.01060	0.08455	0.01489	0.06339	0.03146	0.19343	0.01728	0.01647	0.00599	0.00494	0.00152	0.00572	0.00515	0.00317	0.00657
23	0.01139	0.01170	0.02236	0.18013	0.35508	0.01181	0.30446	0.01484	0.01108	0.01525	0.00941	0.01276	0.00742	0.00439	0.00523	0.00157	0.00691	0.00492	0.00240	0.00689
24	0.00598	0.00499	0.00522	0.00516	0.00674	0.00422	0.00387	0.00739	0.01161	0.01425	0.16220	0.04570	0.68162	0.01208	0.00581	0.00164	0.00246	0.01015	0.00469	0.00422
25	0.01150	0.00869	0.01032	0.00744	0.01175	0.00662	0.00598	0.01365	0.01062	0.10243	0.00991	0.01091	0.00782	0.00391	0.00378	0.00082	0.00370	0.00314	0.00326	0.76376
26	0.01023	0.13322	0.07144	0.00669	0.00902	0.00801	0.00600	0.04057	0.02526	0.04624	0.15162	0.01970	0.03497	0.00636	0.00410	0.00128	0.00335	0.00512	0.41143	0.00539
27	0.00899	0.00717	0.00897	0.00802	0.01077	0.00603	0.00666	0.01113	0.01063	0.01526	0.01717	0.07385	0.01768	0.00855	0.00514	0.00146	0.00398	0.33069	0.00370	0.44418
28	0.02205	0.00836	0.01140	0.00874	0.01254	0.00722	0.00722	0.02395	0.01407	0.80004	0.01939	0.01673	0.01216	0.00608	0.00494	0.00152	0.00418	0.00494	0.00608	0.00836
29	0.00956	0.00851	0.01214	0.01226	0.06171	0.01059	0.00975	0.01129	0.00947	0.01340	0.01547	0.03102	0.01640	0.01058	0.01119	0.00216	0.39883	0.34728	0.00324	0.00515
30	0.01158	0.14517	0.14727	0.23704	0.10518	0.01308	0.09709	0.07321	0.09359	0.01585	0.01005	0.01219	0.00772	0.00488	0.00469	0.00150	0.00621	0.00426	0.00272	0.00673
31	0.00710	0.00495	0.00630	0.00630	0.00662	0.00527	0.00415	0.00775	0.00742	0.01022	0.01463	0.02740	0.01580	0.53486	0.31463	0.00592	0.00787	0.00645	0.00285	0.00350
32	0.01038	0.06119	0.01118	0.00735	0.01171	0.00737	0.00599	0.01252	0.01018	0.01573	0.00861	0.01004	0.00722	0.00368	0.00361	0.00075	0.00374	0.00289	0.00286	0.80300
33	0.00715	0.00476	0.00536	0.00536	0.00536	0.00476	0.00298	0.00715	0.00715	0.00953	0.01548	0.03216	0.01787	0.82729	0.02501	0.00476	0.00476	0.00715	0.00298	0.00298
34	0.00986	0.02542	0.80183	0.01401	0.02127	0.01141	0.01816	0.01556	0.01038	0.01556	0.00882	0.01038	0.00623	0.00467	0.00467	0.00156	0.00726	0.00363	0.00208	0.00726
35	0.00599	0.00428	0.00570	0.00684	0.00713	0.00399	0.00456	0.00684	0.00941	0.01254	0.02709	0.82409	0.03250	0.01540	0.00627	0.00200	0.00285	0.01397	0.00456	0.00399
36	0.01314	0.83025	0.02575	0.00841	0.01261	0.01945	0.00841	0.01472	0.00999	0.01156	0.00683	0.00788	0.00631	0.00420	0.00315	0.00105	0.00526	0.00263	0.00210	0.00631
37	0.00848	0.00774	0.02295	0.00714	0.00906	0.05613	0.00557	0.01275	0.16661	0.01717	0.31894	0.03356	0.27530	0.00957	0.00548	0.00157	0.00322	0.00810	0.00475	0.02592
38	0.00715	0.00476	0.00536	0.00536	0.00536	0.00476	0.00298	0.00715	0.00715	0.00953	0.01548	0.03216	0.01787	0.82729	0.02501	0.00476	0.00476	0.00715	0.00298	0.00298
39	0.01160	0.01326	0.02900	0.02071	0.02568	0.01243	0.77879	0.01574	0.01160	0.01574	0.00994	0.01326	0.00746	0.00414	0.00580	0.00166	0.00829	0.00580	0.00249	0.00663
40	0.01216	0.01168	0.01995	0.03016	0.79664	0.01168	0.01508	0.01508	0.01119	0.01605	0.00924	0.01216	0.00778	0.00438	0.00487	0.00146	0.00584	0.00438	0.00243	0.00778
41	0.01160	0.01326	0.02900	0.02071	0.02568	0.01243	0.77879	0.01574	0.01160	0.01574	0.00994	0.01326	0.00746	0.00414	0.00580	0.00166	0.00829	0.00580	0.00249	0.00663
42	0.02205	0.00836	0.01140	0.00874	0.01254	0.00722	0.00722	0.02395	0.01407	0.80004	0.01939	0.01673	0.01216	0.00608	0.00494	0.00152	0.00418	0.00494	0.00608	0.00836
43	0.00581	0.00498	0.00498	0.00498	0.00664	0.00415	0.00373	0.00705	0.01120	0.01328	0.04978	0.04729	0.79464	0.01245	0.00581	0.00166	0.00249	0.01037	0.00456	0.00415
44	0.00596	0.00439	0.00559	0.00655	0.00705	0.00402	0.00443	0.00688	0.00969	0.01266	0.03068	0.70123	0.15304	0.01493	0.00620	0.00194	0.00279	0.01340	0.00456	0.00402
45	0.01216	0.01168	0.01995	0.03016	0.79664	0.01168	0.01508	0.01508	0.01119	0.01605	0.00924	0.01216	0.00778	0.00438	0.00487	0.00146	0.00584	0.00438	0.00243	0.00778
46	0.00599	0.00428	0.00570	0.00684	0.00713	0.00399	0.00456	0.00684	0.00941	0.01254	0.02709	0.82409	0.03250	0.01540	0.00627	0.00200	0.00285	0.01397	0.00456	0.00399
47	0.00986	0.02542	0.80183	0.01401	0.02127	0.01141	0.01816	0.01556	0.01038	0.01556	0.00882	0.01038	0.00623	0.00467	0.00467	0.00156	0.00726	0.00363	0.00208	0.00726
48	0.01170	0.03984	0.43305	0.01583	0.03413	0.07471	0.23982	0.06349	0.01181	0.01621	0.00920	0.01116	0.00675	0.00461	0.00496	0.00154	0.00750	0.00427	0.00241	0.00701
49	0.00999	0.00971	0.01489	0.42668	0.02370	0.01292	0.01224	0.01220	0.00871	0.01220	0.00763	0.01196	0.00650	0.00670	0.01035	0.00189	0.39979	0.00433	0.00217	0.00542
50	0.01461	0.06664	0.02258	0.01630	0.02045	0.20586	0.40602	0.15433	0.01413	0.01733	0.00952	0.01160	0.00727	0.00469	0.00514	0.00149	0.00772	0.00472	0.00291	0.00669
51	0.00883	0.00792	0.01136	0.01032	0.01077	0.01046	0.00838	0.01025	0.00772	0.01161	0.00991	0.01516	0.00946	0.02317	0.42430	0.00511	0.40320	0.00480	0.00240	0.00487
52	0.00689	0.00502	0.00648	0.00612	0.00730	0.00461	0.00459	0.00915	0.01376	0.01936	0.75363	0.03728	0.08700	0.01018	0.00580	0.00155	0.00233	0.00897	0.00536	0.00461
53	0.00715	0.00476	0.00536	0.00536	0.00536	0.00476	0.00298	0.00715	0.00715	0.00953	0.01548	0.03216	0.01787	0.82729	0.02501	0.00476	0.00476	0.00715	0.00298	0.00298
54	0.00696	0.00502	0.00657	0.00618	0.00734	0.00464	0.00464	0.00927	0.01391	0.01971	0.79405	0.03671	0.04637	0.01005	0.00580	0.00155	0.00232	0.00889	0.00541	0.00464
55	0.02205	0.00836	0.01140	0.00874	0.01254	0.00722	0.00722	0.02395	0.01407	0.80004	0.01939	0.01673	0.01216	0.00608	0.00494	0.00152	0.00418	0.00494	0.00608	0.00836
56	0.02205	0.00836	0.01140	0.00874	0.01254	0.00722	0.00722	0.02395	0.01407	0.80004	0.01939	0.01673	0.01216	0.00608	0.00494	0.00152	0.00418	0.00494	0.00608	0.00836
57	0.01075	0.01075	0.01505	0.01290	0.01290	0.01505	0.01075	0.01183	0.00753	0.01183	0.00645	0.01075	0.00645	0.00860	0.01613	0.00215	0.81830	0.00430	0.00215	0.00538
58	0.01222	0.01056	0.01111	0.01000	0.01278	0.01222	0.00778	0.02611	0.78776	0.02056	0.02000	0.01833	0.01500	0.00667	0.00500	0.00167	0.00389	0.00556	0.00500	0.00778
59	0.01868	0.01376	0.01475	0.01131	0.01524	0.01524	0.00934	0.78025	0.02311	0.03097	0.01180	0.01180	0.00836	0.00590	0.00492	0.00147	0.00541	0.00442	0.00492	0.00836
