[name]
unknown

[dist]
# distance from previous block
# <min> <max>
0	46

[block]
# block no. 0 follows, 43 sequences, length 24
# corresponding to MSA columns:
# 75-98
name=unknown_A
#
# <colnr> <probs for GDERKNQSTAVLIFYWHMCP>
#	G	D	E	R	K	N	Q	S	T	A	V	L	I	F	Y	W	H	M	C	P
0	0.00904	0.00670	0.00837	0.00929	0.03126	0.03050	0.00646	0.03470	0.01165	0.05020	0.02768	0.57303	0.05237	0.01612	0.03312	0.00240	0.02973	0.05727	0.00493	0.00518
1	0.03203	0.02321	0.53396	0.01492	0.04581	0.05258	0.04127	0.01705	0.01195	0.04250	0.01212	0.04009	0.00975	0.02936	0.00599	0.00186	0.00744	0.02611	0.04442	0.00757
2	0.01359	0.01278	0.02098	0.05478	0.58283	0.03802	0.05990	0.01677	0.01293	0.04234	0.05866	0.03755	0.01230	0.00577	0.00564	0.00168	0.00649	0.00562	0.00315	0.00821
3	0.00784	0.00566	0.00740	0.00697	0.00827	0.00523	0.00523	0.01045	0.01568	0.02221	0.76789	0.04137	0.05226	0.01132	0.00653	0.00174	0.00261	0.01002	0.00610	0.00523
4	0.01017	0.00515	0.00522	0.00527	0.00652	0.00513	0.00393	0.01268	0.01157	0.02036	0.01861	0.05475	0.01517	0.00693	0.00401	0.00133	0.00261	0.00562	0.79983	0.00513
5	0.01582	0.01215	0.01676	0.18252	0.26090	0.07653	0.01283	0.01939	0.05947	0.19263	0.01467	0.03274	0.01150	0.00656	0.00597	0.00177	0.02888	0.03707	0.00397	0.00785
6	0.07877	0.31204	0.01848	0.00944	0.01375	0.01357	0.00841	0.02180	0.01365	0.41074	0.03757	0.01504	0.01180	0.00606	0.00468	0.00151	0.00508	0.00453	0.00489	0.00818
7	0.00689	0.00492	0.00659	0.00787	0.00825	0.00462	0.00538	0.00795	0.01074	0.01429	0.03045	0.75470	0.03633	0.01722	0.00711	0.00227	0.00333	0.06143	0.00514	0.00454
8	0.52621	0.13841	0.01312	0.00923	0.01273	0.19095	0.00762	0.01767	0.01115	0.02042	0.00790	0.00921	0.00643	0.00521	0.00381	0.00157	0.00585	0.00312	0.00313	0.00627
9	0.00660	0.00561	0.00568	0.00566	0.00751	0.00470	0.00425	0.00805	0.01274	0.01525	0.08414	0.05283	0.74035	0.01392	0.00655	0.00187	0.00280	0.01162	0.00518	0.00470
10	0.00687	0.00559	0.00588	0.00583	0.00743	0.00482	0.00425	0.00828	0.01253	0.01543	0.14179	0.04999	0.59922	0.09723	0.00883	0.00222	0.00305	0.01109	0.00507	0.00461
11	0.01032	0.00516	0.00516	0.00516	0.00645	0.00516	0.00387	0.01290	0.01161	0.02065	0.01807	0.02065	0.01420	0.00645	0.00387	0.00129	0.00258	0.00516	0.83611	0.00516
12	0.01111	0.02865	0.77667	0.01579	0.02397	0.01286	0.02046	0.01754	0.01169	0.01754	0.00994	0.01169	0.00702	0.00526	0.00526	0.00175	0.00818	0.00409	0.00234	0.00818
13	0.01053	0.00826	0.01007	0.01042	0.01236	0.00889	0.00872	0.01759	0.27210	0.01881	0.02783	0.04768	0.05021	0.01256	0.00692	0.00230	0.00478	0.45834	0.00529	0.00636
14	0.01261	0.32326	0.45362	0.01380	0.02054	0.01635	0.05553	0.01719	0.01160	0.01584	0.00916	0.01080	0.00712	0.00503	0.00468	0.00154	0.00739	0.00380	0.00237	0.00774
15	0.00791	0.00593	0.00890	0.00890	0.00989	0.00692	0.00692	0.00989	0.00890	0.01286	0.01483	0.02176	0.01385	0.04154	0.78341	0.00890	0.01483	0.00593	0.00297	0.00494
16	0.00805	0.00537	0.00604	0.00604	0.00604	0.00537	0.00336	0.00805	0.00805	0.01074	0.01745	0.03624	0.02013	0.80536	0.02819	0.00537	0.00537	0.00805	0.00336	0.00336
17	0.84448	0.01071	0.00814	0.00728	0.01071	0.01242	0.00600	0.01628	0.00943	0.02485	0.00771	0.00900	0.00600	0.00514	0.00343	0.00171	0.00428	0.00300	0.00343	0.00600
18	0.00675	0.00482	0.00643	0.00771	0.00803	0.00450	0.00514	0.00771	0.01060	0.01414	0.03053	0.80175	0.03663	0.01735	0.00707	0.00225	0.00321	0.01574	0.00514	0.00450
19	0.00948	0.04191	0.46365	0.01175	0.01745	0.01002	0.01400	0.01388	0.01203	0.01644	0.02736	0.02737	0.29537	0.00857	0.00570	0.00178	0.00608	0.00694	0.00340	0.00683
20	0.01135	0.01035	0.01345	0.01088	0.01335	0.01126	0.00888	0.01325	0.00997	0.01554	0.00934	0.01287	0.00844	0.01051	0.09555	0.00237	0.32960	0.00421	0.00289	0.40594
21	0.00895	0.00513	0.00729	0.00712	0.00762	0.00497	0.00497	0.00844	0.01042	0.01439	0.29673	0.02612	0.02576	0.01624	0.01592	0.52190	0.00398	0.00678	0.00380	0.00347
22	0.01255	0.01094	0.01398	0.30672	0.02317	0.01289	0.01115	0.06040	0.39383	0.02031	0.06184	0.01928	0.01502	0.00695	0.00565	0.00185	0.00550	0.00591	0.00446	0.00760
23	0.01220	0.26346	0.01669	0.00852	0.01305	0.01180	0.00737	0.01442	0.01164	0.01661	0.05566	0.03168	0.01122	0.00506	0.00415	0.00103	0.00457	0.00389	0.00321	0.50375

[dist]
# distance from previous block
# <min> <max>
2	7

[block]
# block no. 1 follows, 43 sequences, length 19
# corresponding to MSA columns:
# 119-137
name=unknown_B
#
# <colnr> <probs for GDERKNQSTAVLIFYWHMCP>
#	G	D	E	R	K	N	Q	S	T	A	V	L	I	F	Y	W	H	M	C	P
0	0.01384	0.31684	0.10626	0.02272	0.40309	0.01645	0.01452	0.01690	0.01200	0.01611	0.00933	0.01166	0.00795	0.00490	0.00473	0.00148	0.00650	0.00409	0.00256	0.00808
1	0.01111	0.02865	0.77667	0.01579	0.02397	0.01286	0.02046	0.01754	0.01169	0.01754	0.00994	0.01169	0.00702	0.00526	0.00526	0.00175	0.00818	0.00409	0.00234	0.00818
2	0.15306	0.01235	0.01265	0.01020	0.01374	0.01365	0.00831	0.43991	0.05306	0.02971	0.03812	0.01518	0.01146	0.00656	0.00492	0.00161	0.00496	0.00491	0.15772	0.00791
3	0.01393	0.01292	0.01925	0.30648	0.02702	0.03915	0.17170	0.15187	0.16133	0.02043	0.01321	0.01554	0.00983	0.00594	0.00575	0.00181	0.00707	0.00550	0.00373	0.00755
4	0.01826	0.01110	0.01281	0.01079	0.01441	0.01177	0.00860	0.05656	0.44949	0.30891	0.02192	0.01969	0.01540	0.00723	0.00561	0.00181	0.00457	0.00595	0.00609	0.00904
5	0.01179	0.01123	0.01886	0.46026	0.31495	0.01289	0.01581	0.01518	0.01151	0.01560	0.00992	0.01421	0.00790	0.00554	0.00623	0.00180	0.05168	0.00492	0.00257	0.00714
6	0.01307	0.01494	0.03268	0.02334	0.02894	0.01401	0.75070	0.01774	0.01307	0.01774	0.01120	0.01494	0.00840	0.00467	0.00654	0.00187	0.00934	0.00654	0.00280	0.00747
7	0.00962	0.00481	0.00722	0.00722	0.00722	0.00481	0.00481	0.00722	0.00722	0.00962	0.00962	0.01684	0.00962	0.01924	0.02165	0.83886	0.00481	0.00481	0.00241	0.00241
8	0.00672	0.00565	0.00603	0.00603	0.00779	0.00496	0.00455	0.00819	0.01215	0.01470	0.05089	0.04931	0.67321	0.01750	0.10470	0.00276	0.00433	0.01096	0.00487	0.00471
9	0.02069	0.02640	0.01569	0.01427	0.01712	0.78313	0.01070	0.02212	0.01569	0.01355	0.00856	0.00999	0.00713	0.00571	0.00499	0.00143	0.00999	0.00357	0.00285	0.00642
10	0.00675	0.00482	0.00643	0.00771	0.00803	0.00450	0.00514	0.00771	0.01060	0.01414	0.03053	0.80175	0.03663	0.01735	0.00707	0.00225	0.00321	0.01574	0.00514	0.00450
11	0.01046	0.00984	0.01661	0.79205	0.03814	0.01230	0.01538	0.01415	0.01107	0.01415	0.00984	0.01477	0.00738	0.00554	0.00554	0.00185	0.00738	0.00492	0.00246	0.00615
12	0.02069	0.02640	0.01569	0.01427	0.01712	0.78313	0.01070	0.02212	0.01569	0.01355	0.00856	0.00999	0.00713	0.00571	0.00499	0.00143	0.00999	0.00357	0.00285	0.00642
13	0.01085	0.00984	0.01466	0.49448	0.02865	0.01044	0.01203	0.01407	0.01123	0.01563	0.00984	0.01352	0.00769	0.00499	0.00499	0.00146	0.00614	0.00430	0.00277	0.32241
14	0.00675	0.00482	0.00643	0.00771	0.00803	0.00450	0.00514	0.00771	0.01060	0.01414	0.03053	0.80175	0.03663	0.01735	0.00707	0.00225	0.00321	0.01574	0.00514	0.00450
15	0.01752	0.01479	0.01650	0.01340	0.01611	0.06244	0.01102	0.41288	0.05332	0.02543	0.01130	0.01302	0.00887	0.00771	0.01000	0.00193	0.28655	0.00491	0.00428	0.00802
16	0.27120	0.00680	0.00669	0.00691	0.00850	0.00725	0.00511	0.01190	0.01046	0.01926	0.01944	0.31354	0.02012	0.01124	0.02859	0.00202	0.00373	0.00852	0.23353	0.00517
17	0.01257	0.50451	0.02212	0.00977	0.01300	0.01714	0.00898	0.01436	0.01032	0.01301	0.00972	0.01289	0.00906	0.01580	0.22969	0.00352	0.08061	0.00399	0.00255	0.00639
18	0.08250	0.01472	0.01434	0.01180	0.01560	0.09757	0.00947	0.34245	0.23452	0.09603	0.01580	0.01524	0.01146	0.00670	0.00535	0.00171	0.00576	0.00510	0.00524	0.00865

[dist]
# distance from previous block
# <min> <max>
2	7

[block]
# block no. 2 follows, 43 sequences, length 79
# corresponding to MSA columns:
# 145-223
name=unknown_C
#
# <colnr> <probs for GDERKNQSTAVLIFYWHMCP>
#	G	D	E	R	K	N	Q	S	T	A	V	L	I	F	Y	W	H	M	C	P
0	0.33263	0.01292	0.01214	0.04198	0.01473	0.06307	0.00845	0.18141	0.18684	0.07445	0.01341	0.01356	0.00989	0.00618	0.00472	0.00173	0.00522	0.00447	0.00455	0.00764
1	0.00906	0.02333	0.01084	0.00945	0.01058	0.01015	0.00764	0.01042	0.01094	0.01442	0.05266	0.03496	0.41829	0.01197	0.01135	0.00209	0.33394	0.00862	0.00398	0.00531
2	0.01222	0.01224	0.02098	0.01527	0.01991	0.01126	0.31846	0.01546	0.01180	0.01737	0.01012	0.01300	0.00818	0.00498	0.00674	0.00144	0.09757	0.00482	0.00298	0.39519
3	0.00668	0.00510	0.00614	0.00697	0.00784	0.00456	0.00481	0.00779	0.01132	0.01443	0.03954	0.53790	0.29465	0.01618	0.00688	0.00212	0.00307	0.01431	0.00514	0.00456
4	0.00827	0.00592	0.00811	0.00899	0.01009	0.00576	0.00736	0.01053	0.01302	0.01741	0.19949	0.19639	0.03746	0.01477	0.00728	0.00231	0.00417	0.43232	0.00534	0.00502
5	0.00705	0.00495	0.00634	0.00733	0.00757	0.00470	0.00473	0.00779	0.01002	0.01336	0.02752	0.62561	0.03283	0.19867	0.01193	0.00297	0.00371	0.01397	0.00473	0.00424
6	0.02326	0.01197	0.01443	0.01106	0.01541	0.01191	0.00914	0.33005	0.02011	0.46558	0.01828	0.01653	0.01192	0.00677	0.00556	0.00169	0.00529	0.00533	0.00631	0.00942
7	0.00680	0.00486	0.00649	0.00777	0.00812	0.00455	0.00524	0.00781	0.01066	0.01420	0.03049	0.78319	0.03651	0.01730	0.00708	0.00226	0.00326	0.03376	0.00514	0.00451
8	0.01046	0.00984	0.01661	0.79205	0.03814	0.01230	0.01538	0.01415	0.01107	0.01415	0.00984	0.01477	0.00738	0.00554	0.00554	0.00185	0.00738	0.00492	0.00246	0.00615
9	0.00784	0.00566	0.00740	0.00697	0.00827	0.00523	0.00523	0.01045	0.01568	0.02221	0.76789	0.04137	0.05226	0.01132	0.00653	0.00174	0.00261	0.01002	0.00610	0.00523
10	0.01371	0.01316	0.02248	0.03399	0.77081	0.01316	0.01700	0.01700	0.01261	0.01809	0.01042	0.01371	0.00877	0.00493	0.00548	0.00164	0.00658	0.00493	0.00274	0.00877
11	0.00805	0.00537	0.00604	0.00604	0.00604	0.00537	0.00336	0.00805	0.00805	0.01074	0.01745	0.03624	0.02013	0.80536	0.02819	0.00537	0.00537	0.00805	0.00336	0.00336
12	0.00962	0.00481	0.00722	0.00722	0.00722	0.00481	0.00481	0.00722	0.00722	0.00962	0.00962	0.01684	0.00962	0.01924	0.02165	0.83886	0.00481	0.00481	0.00241	0.00241
13	0.00784	0.00566	0.00740	0.00697	0.00827	0.00523	0.00523	0.01045	0.01568	0.02221	0.76789	0.04137	0.05226	0.01132	0.00653	0.00174	0.00261	0.01002	0.00610	0.00523
14	0.01148	0.00984	0.01148	0.00820	0.01312	0.00738	0.00656	0.01395	0.01148	0.01805	0.00984	0.01148	0.00820	0.00410	0.00410	0.00082	0.00410	0.00328	0.00328	0.83922
15	0.01556	0.00737	0.00988	0.00828	0.01094	0.00655	0.00655	0.01796	0.01576	0.36394	0.42907	0.03114	0.03475	0.00929	0.00609	0.00173	0.00357	0.00800	0.00644	0.00713
16	0.01212	0.01212	0.01696	0.01454	0.01454	0.01696	0.01212	0.01333	0.00848	0.01333	0.00727	0.01212	0.00727	0.00969	0.01818	0.00242	0.79523	0.00485	0.00242	0.00606
17	0.00905	0.00651	0.00738	0.00760	0.00839	0.02522	0.00518	0.05392	0.03820	0.01539	0.02255	0.35083	0.02489	0.24162	0.05950	0.00336	0.00484	0.01045	0.10036	0.00477
18	0.00657	0.00552	0.00570	0.00585	0.00754	0.00465	0.00432	0.00792	0.01239	0.01487	0.05315	0.13965	0.68412	0.01441	0.00661	0.00191	0.00285	0.01216	0.00514	0.00465
19	0.00675	0.00482	0.00643	0.00771	0.00803	0.00450	0.00514	0.00771	0.01060	0.01414	0.03053	0.80175	0.03663	0.01735	0.00707	0.00225	0.00321	0.01574	0.00514	0.00450
20	0.01307	0.01494	0.03268	0.02334	0.02894	0.01401	0.75070	0.01774	0.01307	0.01774	0.01120	0.01494	0.00840	0.00467	0.00654	0.00187	0.00934	0.00654	0.00280	0.00747
21	0.17940	0.11881	0.43189	0.01330	0.01966	0.01433	0.04182	0.08714	0.01260	0.02011	0.00958	0.01108	0.00710	0.00528	0.00476	0.00167	0.00697	0.00391	0.00288	0.00771
22	0.02105	0.01551	0.01662	0.01274	0.01717	0.01717	0.01053	0.75235	0.02604	0.03490	0.01330	0.01330	0.00942	0.00665	0.00554	0.00166	0.00609	0.00499	0.00554	0.00942
23	0.00913	0.00595	0.00782	0.00719	0.00872	0.00545	0.00545	0.01171	0.01569	0.07930	0.71129	0.03966	0.04933	0.01098	0.00646	0.00174	0.00277	0.00968	0.00615	0.00554
24	0.01063	0.00998	0.01683	0.71221	0.09592	0.01218	0.01526	0.01422	0.01119	0.01447	0.01040	0.03404	0.00821	0.00578	0.00557	0.00184	0.00722	0.00519	0.00255	0.00632
25	0.04340	0.04878	0.01593	0.04775	0.07733	0.43367	0.01076	0.06091	0.12530	0.06650	0.01189	0.01275	0.00923	0.00598	0.00512	0.00156	0.00791	0.00430	0.00364	0.00731
26	0.00676	0.00491	0.00638	0.00750	0.00799	0.00453	0.00506	0.00780	0.01091	0.01441	0.05063	0.71511	0.10382	0.01690	0.00701	0.00220	0.00316	0.01524	0.00516	0.00453
27	0.00805	0.00537	0.00604	0.00604	0.00604	0.00537	0.00336	0.00805	0.00805	0.01074	0.01745	0.03624	0.02013	0.80536	0.02819	0.00537	0.00537	0.00805	0.00336	0.00336
28	0.00794	0.00581	0.00828	0.00828	0.00906	0.00659	0.00615	0.00949	0.00872	0.01240	0.01540	0.02488	0.01520	0.20614	0.62066	0.00814	0.01279	0.00639	0.00305	0.00460
29	0.00910	0.00658	0.00906	0.01024	0.01158	0.00664	0.00892	0.01213	0.03994	0.01681	0.02908	0.06095	0.03133	0.01502	0.00758	0.00253	0.00507	0.70710	0.00512	0.00523
30	0.01307	0.01494	0.03268	0.02334	0.02894	0.01401	0.75070	0.01774	0.01307	0.01774	0.01120	0.01494	0.00840	0.00467	0.00654	0.00187	0.00934	0.00654	0.00280	0.00747
31	0.02485	0.00943	0.01285	0.00985	0.01414	0.00814	0.00814	0.02699	0.01585	0.77465	0.02185	0.01885	0.01371	0.00685	0.00557	0.00171	0.00471	0.00557	0.00685	0.00943
32	0.01110	0.01065	0.01728	0.68269	0.12438	0.03182	0.01545	0.01469	0.01137	0.01460	0.00988	0.01452	0.00754	0.00547	0.00552	0.00181	0.00735	0.00489	0.00250	0.00647
33	0.01377	0.01243	0.02310	0.26017	0.02833	0.01279	0.34771	0.08542	0.01404	0.08545	0.05144	0.01646	0.01094	0.00566	0.00605	0.00182	0.00766	0.00598	0.00348	0.00730
34	0.01326	0.48278	0.34140	0.01211	0.01829	0.01813	0.01407	0.01698	0.01144	0.01491	0.00864	0.01006	0.00707	0.00496	0.00427	0.00142	0.00687	0.00343	0.00236	0.00756
35	0.00675	0.00482	0.00643	0.00771	0.00803	0.00450	0.00514	0.00771	0.01060	0.01414	0.03053	0.80175	0.03663	0.01735	0.00707	0.00225	0.00321	0.01574	0.00514	0.00450
36	0.00719	0.00502	0.00637	0.00725	0.00751	0.00480	0.00468	0.00793	0.00998	0.01332	0.03957	0.54933	0.03195	0.24997	0.01331	0.00317	0.00387	0.02596	0.00463	0.00418
37	0.01265	0.35456	0.46429	0.01315	0.01989	0.01664	0.01587	0.01714	0.01151	0.01566	0.00900	0.01052	0.00705	0.00504	0.00455	0.00152	0.00724	0.00362	0.00235	0.00773
38	0.64989	0.01080	0.01045	0.02736	0.06624	0.01199	0.02354	0.01760	0.01054	0.11422	0.00973	0.01078	0.00721	0.00533	0.00395	0.00172	0.00468	0.00357	0.00376	0.00664
39	0.01115	0.01079	0.01676	0.46720	0.02828	0.01425	0.01402	0.01381	0.00999	0.01381	0.00877	0.01366	0.00734	0.00727	0.01082	0.00209	0.33655	0.00489	0.00245	0.00611
40	0.00672	0.00492	0.00633	0.00745	0.00797	0.00452	0.00503	0.00774	0.01085	0.01424	0.03366	0.71012	0.12624	0.01694	0.00700	0.00220	0.00316	0.01525	0.00514	0.00452
41	0.01360	0.01143	0.01390	0.25962	0.02125	0.05277	0.01077	0.17144	0.11398	0.02050	0.01383	0.03476	0.01096	0.00811	0.03465	0.00202	0.07175	0.00537	0.12232	0.00697
42	0.01943	0.00971	0.01233	0.00936	0.01374	0.00826	0.00763	0.03909	0.04633	0.45566	0.03649	0.01692	0.01289	0.00608	0.00511	0.00142	0.00447	0.00494	0.00557	0.28456
43	0.05668	0.01229	0.01507	0.17605	0.02008	0.03249	0.02867	0.26586	0.02835	0.07096	0.01274	0.05420	0.01019	0.00675	0.00637	0.00169	0.07101	0.00525	0.00415	0.12114
44	0.01812	0.38444	0.02228	0.01138	0.01580	0.09537	0.01006	0.33868	0.01816	0.02264	0.01023	0.01092	0.00812	0.00567	0.00456	0.00142	0.00640	0.00391	0.00380	0.00805
45	0.00962	0.00481	0.00722	0.00722	0.00722	0.00481	0.00481	0.00722	0.00722	0.00962	0.00962	0.01684	0.00962	0.01924	0.02165	0.83886	0.00481	0.00481	0.00241	0.00241
46	0.01893	0.01556	0.07527	0.01210	0.01624	0.10241	0.01032	0.27772	0.20326	0.16917	0.01650	0.01581	0.01173	0.00668	0.00545	0.00170	0.00596	0.00518	0.02129	0.00873
47	0.14251	0.02301	0.02918	0.01307	0.01619	0.58710	0.01010	0.05389	0.04685	0.01666	0.00927	0.01047	0.00748	0.00573	0.00482	0.00151	0.00869	0.00367	0.00317	0.00662
48	0.02485	0.00943	0.01285	0.00985	0.01414	0.00814	0.00814	0.02699	0.01585	0.77465	0.02185	0.01885	0.01371	0.00685	0.00557	0.00171	0.00471	0.00557	0.00685	0.00943
49	0.02485	0.00943	0.01285	0.00985	0.01414	0.00814	0.00814	0.02699	0.01585	0.77465	0.02185	0.01885	0.01371	0.00685	0.00557	0.00171	0.00471	0.00557	0.00685	0.00943
50	0.01164	0.01066	0.01748	0.02398	0.45328	0.01139	0.01322	0.01431	0.01103	0.01594	0.01163	0.01627	0.01034	0.01758	0.26678	0.00414	0.07502	0.00526	0.00279	0.00727
51	0.00673	0.00488	0.00636	0.00754	0.00799	0.00451	0.00507	0.00773	0.01076	0.01420	0.03257	0.74197	0.09509	0.01709	0.00703	0.00222	0.00318	0.01542	0.00514	0.00451
52	0.05387	0.01006	0.01297	0.01005	0.01427	0.00926	0.00828	0.08464	0.04813	0.65633	0.02068	0.01813	0.01322	0.00680	0.00549	0.00172	0.00479	0.00546	0.00657	0.00927
53	0.02485	0.00943	0.01285	0.00985	0.01414	0.00814	0.00814	0.02699	0.01585	0.77465	0.02185	0.01885	0.01371	0.00685	0.00557	0.00171	0.00471	0.00557	0.00685	0.00943
54	0.00681	0.00485	0.00641	0.00763	0.00794	0.00454	0.00506	0.00773	0.01048	0.01398	0.02991	0.76578	0.03585	0.05438	0.00806	0.00240	0.00331	0.01538	0.00506	0.00444
55	0.00686	0.00490	0.00656	0.00784	0.00821	0.00460	0.00534	0.00791	0.01072	0.01427	0.03046	0.76314	0.03638	0.01724	0.00710	0.00226	0.00331	0.05323	0.00514	0.00453
56	0.00883	0.00502	0.00569	0.00623	0.00711	0.00488	0.00440	0.01074	0.01119	0.01793	0.02327	0.34700	0.02357	0.01101	0.00521	0.00169	0.00285	0.00958	0.48892	0.00488
57	0.01307	0.01494	0.03268	0.02334	0.02894	0.01401	0.75070	0.01774	0.01307	0.01774	0.01120	0.01494	0.00840	0.00467	0.00654	0.00187	0.00934	0.00654	0.00280	0.00747
58	0.02474	0.00960	0.01296	0.00994	0.01423	0.00840	0.00821	0.04808	0.01615	0.75314	0.02160	0.01869	0.01358	0.00685	0.00557	0.00171	0.00475	0.00555	0.00682	0.00943
59	0.01481	0.80869	0.02902	0.00948	0.01421	0.02191	0.00948	0.01658	0.01125	0.01303	0.00770	0.00888	0.00711	0.00474	0.00355	0.00118	0.00592	0.00296	0.00237	0.00711
60	0.84448	0.01071	0.00814	0.00728	0.01071	0.01242	0.00600	0.01628	0.00943	0.02485	0.00771	0.00900	0.00600	0.00514	0.00343	0.00171	0.00428	0.00300	0.00343	0.00600
61	0.00726	0.00550	0.00700	0.00745	0.00822	0.00550	0.00526	0.00843	0.01029	0.01357	0.03052	0.34082	0.19343	0.12543	0.18154	0.00405	0.02546	0.01138	0.00436	0.00452
62	0.01154	0.01069	0.01712	0.40347	0.22640	0.01238	0.01420	0.04559	0.01191	0.01604	0.01308	0.06492	0.04066	0.00690	0.00685	0.00187	0.08078	0.00587	0.00294	0.00681
63	0.00799	0.00561	0.00724	0.00724	0.00765	0.00602	0.00485	0.00882	0.00841	0.01162	0.01636	0.03019	0.01751	0.48623	0.34373	0.00684	0.00932	0.00717	0.00319	0.00402
64	0.01773	0.32196	0.05036	0.01236	0.01615	0.42455	0.01052	0.02022	0.05277	0.01401	0.00902	0.01019	0.00763	0.00542	0.00449	0.00137	0.00809	0.00350	0.00280	0.00687
65	0.01201	0.01877	0.36887	0.01192	0.01833	0.01024	0.01321	0.03651	0.01213	0.04294	0.01038	0.01187	0.00786	0.00480	0.00473	0.00131	0.00608	0.00378	0.00302	0.40123
66	0.01937	0.01262	0.04770	0.01223	0.01622	0.07192	0.09821	0.14037	0.01637	0.36324	0.03773	0.10737	0.01520	0.00772	0.00582	0.00177	0.00584	0.00666	0.00542	0.00822
67	0.01816	0.01318	0.01773	0.01997	0.29397	0.01370	0.01243	0.31736	0.03604	0.14032	0.01455	0.01690	0.01112	0.00650	0.00563	0.00171	0.00597	0.04112	0.00469	0.00895
68	0.00729	0.00524	0.00691	0.00734	0.00815	0.00486	0.00518	0.00907	0.01312	0.01815	0.39666	0.42419	0.04439	0.01436	0.00680	0.00200	0.00292	0.01290	0.00562	0.00486
69	0.01165	0.01071	0.01534	0.24731	0.19019	0.02896	0.01157	0.01439	0.01133	0.01604	0.01046	0.01492	0.00898	0.06896	0.00730	0.00175	0.03463	0.00459	0.00288	0.28804
70	0.02203	0.01098	0.01450	0.01110	0.01528	0.01055	0.05689	0.20616	0.01789	0.48360	0.01874	0.01735	0.01233	0.00663	0.00550	0.00168	0.00520	0.00546	0.06918	0.00897
71	0.01403	0.11950	0.24753	0.01554	0.13164	0.10705	0.01337	0.01861	0.07051	0.07417	0.09564	0.01595	0.01363	0.00613	0.00520	0.00160	0.00657	0.00492	0.00351	0.03490
72	0.05328	0.00747	0.00811	0.00790	0.03179	0.00779	0.00579	0.10829	0.05514	0.04659	0.01862	0.11450	0.01590	0.00777	0.00466	0.00153	0.00348	0.00640	0.48890	0.00611
73	0.03949	0.01529	0.18991	0.01058	0.01596	0.04264	0.01025	0.03854	0.07193	0.01887	0.01086	0.01218	0.00854	0.00482	0.00455	0.00120	0.00539	0.00376	0.00330	0.49194
74	0.07662	0.00828	0.01017	0.03532	0.01274	0.00871	0.03004	0.01580	0.19160	0.01868	0.05811	0.11238	0.09164	0.01153	0.00641	0.00210	0.00454	0.26715	0.00493	0.03326
75	0.01209	0.01056	0.01681	0.28649	0.11314	0.01092	0.09701	0.06552	0.01277	0.04204	0.01356	0.09363	0.01208	0.00681	0.00564	0.00170	0.00625	0.03692	0.00341	0.15264
76	0.01041	0.03608	0.10348	0.00993	0.01262	0.02918	0.00923	0.03058	0.01311	0.05903	0.05096	0.06793	0.16548	0.01221	0.00664	0.00210	0.00505	0.34456	0.00471	0.02672
77	0.03627	0.03667	0.01615	0.54662	0.04520	0.03163	0.01342	0.03480	0.05900	0.10939	0.01205	0.01511	0.00878	0.00581	0.00541	0.00179	0.00675	0.00494	0.00331	0.00688
78	0.09407	0.01162	0.01622	0.39100	0.08386	0.03773	0.03950	0.10842	0.03819	0.10897	0.01196	0.01448	0.00870	0.00579	0.00536	0.00177	0.00661	0.00488	0.00361	0.00727

[dist]
# distance from previous block
# <min> <max>
11	39

[block]
# block no. 3 follows, 43 sequences, length 11
# corresponding to MSA columns:
# 263-273
name=unknown_D
#
# <colnr> <probs for GDERKNQSTAVLIFYWHMCP>
#	G	D	E	R	K	N	Q	S	T	A	V	L	I	F	Y	W	H	M	C	P
0	0.04369	0.00956	0.01509	0.32674	0.12746	0.01056	0.05248	0.01551	0.01188	0.09068	0.01395	0.04443	0.01143	0.00665	0.00576	0.00178	0.02893	0.03992	0.13689	0.00663
1	0.01283	0.03786	0.01672	0.21816	0.02197	0.03712	0.13260	0.12823	0.06236	0.04709	0.01691	0.21069	0.01598	0.00866	0.00601	0.00188	0.00621	0.00789	0.00404	0.00679
2	0.06566	0.01610	0.20719	0.01444	0.01909	0.01255	0.15708	0.01559	0.01103	0.01723	0.00941	0.01220	0.00759	0.00584	0.00802	0.00168	0.18586	0.00446	0.00277	0.22622
3	0.01541	0.01443	0.02466	0.02452	0.30194	0.01452	0.28277	0.21087	0.01631	0.02239	0.01146	0.01405	0.00881	0.00529	0.00588	0.00173	0.00746	0.00553	0.00350	0.00847
4	0.01324	0.10458	0.13021	0.02133	0.21925	0.01417	0.24662	0.04954	0.07059	0.01828	0.01302	0.03237	0.02986	0.00567	0.00565	0.00172	0.00723	0.00563	0.00312	0.00792
5	0.11067	0.00995	0.01559	0.69775	0.03485	0.01232	0.01425	0.01441	0.01088	0.01544	0.00959	0.01407	0.00722	0.00549	0.00528	0.00183	0.00701	0.00469	0.00258	0.00613
6	0.01371	0.01316	0.02248	0.03399	0.77081	0.01316	0.01700	0.01700	0.01261	0.01809	0.01042	0.01371	0.00877	0.00493	0.00548	0.00164	0.00658	0.00493	0.00274	0.00877
7	0.01241	0.26314	0.34398	0.01138	0.01674	0.04179	0.01296	0.01636	0.01168	0.01671	0.01105	0.01280	0.00868	0.00539	0.00441	0.00146	0.00628	0.00397	0.19170	0.00710
8	0.01614	0.01473	0.02045	0.02698	0.51819	0.06959	0.01484	0.21097	0.01637	0.02219	0.01104	0.01333	0.00882	0.00544	0.00546	0.00163	0.00670	0.00485	0.00349	0.00877
9	0.01166	0.11500	0.63945	0.01562	0.02324	0.01396	0.07175	0.01745	0.01174	0.01705	0.00978	0.01161	0.00713	0.00516	0.00516	0.00170	0.00801	0.00414	0.00238	0.00801
10	0.01146	0.01144	0.01425	0.01252	0.01316	0.05635	0.01020	0.01335	0.04355	0.01410	0.01754	0.05506	0.14093	0.01047	0.01437	0.00224	0.54341	0.00652	0.00319	0.00589

[dist]
# distance from previous block
# <min> <max>
0	2

[block]
# block no. 4 follows, 43 sequences, length 14
# corresponding to MSA columns:
# 276-289
name=unknown_E
#
# <colnr> <probs for GDERKNQSTAVLIFYWHMCP>
#	G	D	E	R	K	N	Q	S	T	A	V	L	I	F	Y	W	H	M	C	P
0	0.03963	0.21232	0.31223	0.01297	0.01889	0.01652	0.01397	0.26984	0.01645	0.02263	0.01049	0.01149	0.00783	0.00561	0.00489	0.00158	0.00681	0.00409	0.00348	0.00828
1	0.05215	0.00570	0.00627	0.00617	0.00712	0.00570	0.00423	0.01023	0.01067	0.01631	0.13011	0.03209	0.09396	0.30807	0.06770	0.00348	0.00459	0.00752	0.22345	0.00448
2	0.01371	0.01316	0.02248	0.03399	0.77081	0.01316	0.01700	0.01700	0.01261	0.01809	0.01042	0.01371	0.00877	0.00493	0.00548	0.00164	0.00658	0.00493	0.00274	0.00877
3	0.01167	0.01108	0.01880	0.50947	0.31126	0.01262	0.01598	0.01521	0.01165	0.01562	0.01006	0.01437	0.00790	0.00531	0.00552	0.00177	0.00708	0.00493	0.00257	0.00713
4	0.36570	0.01055	0.01252	0.30055	0.02185	0.01213	0.01010	0.06805	0.01206	0.12282	0.01080	0.01278	0.00779	0.00562	0.00465	0.00176	0.00562	0.00420	0.00368	0.00676
5	0.01710	0.01340	0.01662	0.30325	0.02499	0.01536	0.01234	0.47717	0.02046	0.02717	0.01201	0.01384	0.00866	0.00623	0.00554	0.00173	0.00657	0.00496	0.00439	0.00820
6	0.00712	0.00534	0.00661	0.00692	0.00799	0.00482	0.00495	0.00882	0.01305	0.01745	0.32083	0.32770	0.21972	0.01422	0.00674	0.00196	0.00288	0.01256	0.00551	0.00482
7	0.02197	0.01404	0.01571	0.01204	0.01644	0.01499	0.00995	0.57687	0.02357	0.21386	0.01537	0.01464	0.01046	0.00670	0.00555	0.00167	0.00576	0.00513	0.00586	0.00942
8	0.01831	0.01464	0.01881	0.02066	0.29811	0.01568	0.01294	0.47823	0.02103	0.02864	0.01222	0.01345	0.00918	0.00601	0.00552	0.00166	0.00628	0.00497	0.00450	0.00918
9	0.01394	0.01455	0.02820	0.02056	0.02569	0.01428	0.57138	0.08999	0.12340	0.02018	0.01306	0.01562	0.00974	0.00527	0.00631	0.00185	0.00830	0.00635	0.00348	0.00785
10	0.01482	0.01210	0.01641	0.01921	0.29584	0.01265	0.01158	0.26887	0.04890	0.02508	0.19516	0.02055	0.01985	0.00718	0.00576	0.00168	0.00536	0.00624	0.00464	0.00814
11	0.07645	0.01522	0.01496	0.01214	0.01605	0.08063	0.00980	0.46475	0.20177	0.02957	0.01475	0.01450	0.01080	0.00667	0.00537	0.00170	0.00588	0.00504	0.00519	0.00877
12	0.25293	0.00819	0.00866	0.00839	0.01046	0.00877	0.00661	0.06551	0.06243	0.02155	0.19165	0.17539	0.02735	0.01068	0.00577	0.00196	0.00396	0.11900	0.00492	0.00582
13	0.01502	0.15236	0.36034	0.01330	0.01930	0.11160	0.01445	0.11817	0.01428	0.05823	0.01047	0.01159	0.00781	0.00542	0.00492	0.00154	0.00729	0.00398	0.00315	0.06679

[dist]
# distance from previous block
# <min> <max>
3	90

[block]
# block no. 5 follows, 43 sequences, length 13
# corresponding to MSA columns:
# 418-430
name=unknown_F
#
# <colnr> <probs for GDERKNQSTAVLIFYWHMCP>
#	G	D	E	R	K	N	Q	S	T	A	V	L	I	F	Y	W	H	M	C	P
0	0.03227	0.00846	0.00943	0.00873	0.01086	0.04791	0.00653	0.09055	0.01364	0.11154	0.07342	0.35056	0.07890	0.01276	0.03048	0.00206	0.00447	0.01013	0.00503	0.09225
1	0.04067	0.01266	0.08711	0.03781	0.09591	0.03179	0.01039	0.11027	0.07272	0.32194	0.02010	0.01936	0.07439	0.00699	0.00549	0.00171	0.00538	0.00569	0.03124	0.00838
2	0.01830	0.01557	0.01477	0.01318	0.05552	0.17692	0.00989	0.29305	0.15960	0.08915	0.05011	0.05055	0.01385	0.00723	0.00555	0.00169	0.00622	0.00568	0.00496	0.00822
3	0.01935	0.01660	0.03965	0.01271	0.03848	0.23624	0.00995	0.19218	0.11998	0.18203	0.03989	0.01614	0.01235	0.03192	0.00614	0.00176	0.00664	0.00511	0.00481	0.00807
4	0.01268	0.01000	0.01238	0.00890	0.01379	0.00769	0.03413	0.01520	0.01192	0.08268	0.01092	0.01224	0.00868	0.00436	0.00432	0.00094	0.00435	0.00360	0.00357	0.73766
5	0.00949	0.00811	0.01276	0.01807	0.30878	0.00791	0.00982	0.01137	0.01139	0.01570	0.02260	0.49104	0.02565	0.01246	0.00644	0.00201	0.00454	0.01148	0.00419	0.00618
6	0.01422	0.01553	0.01447	0.33548	0.02414	0.31501	0.01165	0.01659	0.01260	0.01408	0.01033	0.01398	0.00840	0.00940	0.07645	0.03053	0.00868	0.00449	0.05801	0.00596
7	0.00802	0.00683	0.00717	0.00730	0.00895	0.04551	0.00571	0.00988	0.01337	0.01666	0.19209	0.06995	0.41891	0.01338	0.00669	0.00197	0.00360	0.15383	0.00521	0.00496
8	0.00791	0.00593	0.00890	0.00890	0.00989	0.00692	0.00692	0.00989	0.00890	0.01286	0.01483	0.02176	0.01385	0.04154	0.78341	0.00890	0.01483	0.00593	0.00297	0.00494
9	0.01188	0.01803	0.26599	0.01744	0.02198	0.01406	0.25707	0.01598	0.01140	0.01659	0.04889	0.01443	0.00989	0.00670	0.00959	0.00199	0.24278	0.00543	0.00271	0.00716
10	0.01335	0.08634	0.25416	0.18123	0.04836	0.10988	0.11629	0.04402	0.06227	0.01697	0.01070	0.01305	0.00810	0.00544	0.00536	0.00170	0.00783	0.00464	0.00284	0.00744
11	0.00791	0.00593	0.00890	0.00890	0.00989	0.00692	0.00692	0.00989	0.00890	0.01286	0.01483	0.02176	0.01385	0.04154	0.78341	0.00890	0.01483	0.00593	0.00297	0.00494
12	0.25707	0.00787	0.00717	0.00710	0.00899	0.04137	0.00529	0.01124	0.01143	0.01813	0.09753	0.20036	0.24626	0.04879	0.00668	0.00204	0.00376	0.00931	0.00453	0.00510

[dist]
# distance from previous block
# <min> <max>
5	27

[block]
# block no. 6 follows, 43 sequences, length 159
# corresponding to MSA columns:
# 459-512,553-571,574-659
name=unknown_G
#
# <colnr> <probs for GDERKNQSTAVLIFYWHMCP>
#	G	D	E	R	K	N	Q	S	T	A	V	L	I	F	Y	W	H	M	C	P
0	0.01332	0.20011	0.27772	0.01149	0.01694	0.05118	0.01227	0.03708	0.01286	0.06716	0.09240	0.01466	0.01266	0.00576	0.00482	0.00144	0.00614	0.00443	0.00333	0.15423
1	0.13842	0.01339	0.11053	0.03514	0.01581	0.04934	0.05510	0.10633	0.04836	0.11860	0.13369	0.04770	0.01700	0.00703	0.00532	0.00167	0.00543	0.00579	0.00446	0.08089
2	0.01211	0.11247	0.36832	0.01263	0.01855	0.02998	0.03010	0.05917	0.01265	0.01797	0.02903	0.04957	0.01078	0.00610	0.00506	0.00153	0.00654	0.03251	0.00307	0.18185
3	0.01037	0.00941	0.01501	0.01245	0.03298	0.00826	0.18010	0.01311	0.01215	0.01693	0.02090	0.11827	0.08625	0.00905	0.00601	0.00171	0.00537	0.15992	0.00393	0.27781
4	0.01130	0.00965	0.01129	0.00818	0.01293	0.00727	0.00651	0.01371	0.01145	0.01790	0.01064	0.04178	0.00929	0.00461	0.00422	0.00088	0.00407	0.00376	0.00335	0.80722
5	0.03642	0.18036	0.26652	0.01249	0.04067	0.01319	0.01273	0.05952	0.01383	0.27304	0.03073	0.01428	0.01047	0.00589	0.00502	0.00161	0.00617	0.00454	0.00416	0.00835
6	0.01699	0.51853	0.02408	0.01125	0.01529	0.30426	0.00993	0.01864	0.01290	0.01322	0.00802	0.00929	0.00712	0.00510	0.00409	0.00127	0.00743	0.00319	0.00255	0.00685
7	0.00800	0.00558	0.00709	0.00709	0.00745	0.00594	0.00466	0.00872	0.00836	0.01151	0.01649	0.03095	0.01784	0.52618	0.30423	0.00666	0.00883	0.00728	0.00321	0.00394
8	0.00727	0.00550	0.00746	0.00803	0.00878	0.00569	0.00582	0.00864	0.01022	0.01378	0.02774	0.41476	0.12157	0.02512	0.27662	0.00451	0.02793	0.01154	0.00432	0.00472
9	0.01257	0.01353	0.02287	0.38417	0.05308	0.08689	0.29719	0.01636	0.01227	0.01557	0.01020	0.01429	0.00779	0.00529	0.00614	0.00182	0.02517	0.00541	0.00264	0.00676
10	0.01076	0.01089	0.02165	0.10804	0.02292	0.01062	0.39621	0.01418	0.01222	0.01633	0.01786	0.20411	0.01785	0.00908	0.00669	0.00204	0.00714	0.10147	0.00360	0.00632
11	0.00662	0.00561	0.00572	0.00569	0.00753	0.00471	0.00427	0.00810	0.01281	0.01540	0.09941	0.05257	0.72499	0.01386	0.00654	0.00186	0.00279	0.01159	0.00520	0.00471
12	0.02485	0.00943	0.01285	0.00985	0.01414	0.00814	0.00814	0.02699	0.01585	0.77465	0.02185	0.01885	0.01371	0.00685	0.00557	0.00171	0.00471	0.00557	0.00685	0.00943
13	0.01128	0.03087	0.01583	0.05277	0.11243	0.02726	0.14305	0.03092	0.07900	0.03646	0.21126	0.04917	0.09255	0.00894	0.00623	0.00184	0.00536	0.07367	0.00449	0.00662
14	0.01111	0.02865	0.77667	0.01579	0.02397	0.01286	0.02046	0.01754	0.01169	0.01754	0.00994	0.01169	0.00702	0.00526	0.00526	0.00175	0.00818	0.00409	0.00234	0.00818
15	0.01212	0.01212	0.01696	0.01454	0.01454	0.01696	0.01212	0.01333	0.00848	0.01333	0.00727	0.01212	0.00727	0.00969	0.01818	0.00242	0.79523	0.00485	0.00242	0.00606
16	0.39510	0.01840	0.30884	0.01169	0.01715	0.01323	0.03133	0.10959	0.01250	0.02309	0.00937	0.01074	0.00689	0.00537	0.00449	0.00173	0.00616	0.00377	0.00325	0.00732
17	0.01382	0.01296	0.02122	0.03102	0.67400	0.01312	0.01591	0.04576	0.05873	0.01917	0.03302	0.01491	0.01054	0.00534	0.00552	0.00166	0.00631	0.00516	0.00312	0.00870
18	0.00675	0.00482	0.00643	0.00771	0.00803	0.00450	0.00514	0.00771	0.01060	0.01414	0.03053	0.80175	0.03663	0.01735	0.00707	0.00225	0.00321	0.01574	0.00514	0.00450
19	0.02204	0.01224	0.01416	0.01106	0.01500	0.04137	0.00902	0.29687	0.01904	0.40726	0.01747	0.01709	0.01197	0.04645	0.00705	0.00189	0.02985	0.00538	0.00590	0.00890
20	0.01214	0.01110	0.01734	0.21277	0.35756	0.01200	0.01390	0.01741	0.13689	0.01764	0.01503	0.05817	0.01328	0.00708	0.00580	0.00185	0.00611	0.07287	0.00349	0.00758
21	0.00672	0.00513	0.00618	0.00696	0.00785	0.00459	0.00482	0.00790	0.01150	0.01473	0.06764	0.51397	0.29015	0.01597	0.00687	0.00210	0.00305	0.01412	0.00518	0.00459
22	0.03197	0.01266	0.02267	0.16521	0.37151	0.01270	0.19758	0.01639	0.01228	0.01745	0.01040	0.01390	0.00832	0.00491	0.00559	0.00167	0.00714	0.00514	0.00277	0.07976
23	0.00892	0.00637	0.00892	0.01020	0.01147	0.00637	0.00892	0.01147	0.01275	0.01657	0.02932	0.06247	0.03187	0.01530	0.00765	0.00255	0.00510	0.73354	0.00510	0.00510
24	0.01727	0.01357	0.01451	0.01180	0.01570	0.01504	0.00950	0.39066	0.34126	0.02870	0.01704	0.01634	0.01256	0.00685	0.00548	0.00170	0.00522	0.00542	0.00543	0.06598
25	0.01508	0.00919	0.01123	0.00890	0.01270	0.00792	0.00705	0.04441	0.06783	0.24073	0.05818	0.10774	0.03101	0.00735	0.00521	0.00142	0.00417	0.00619	0.00498	0.34871
26	0.01439	0.01300	0.01902	0.02540	0.48068	0.01370	0.01399	0.08651	0.23403	0.02109	0.01424	0.01572	0.01122	0.00585	0.00553	0.00172	0.00589	0.00533	0.00384	0.00883
27	0.02085	0.01507	0.01625	0.01255	0.01691	0.01662	0.01034	0.68519	0.06231	0.06598	0.01412	0.01390	0.00998	0.00670	0.00555	0.00168	0.00595	0.00507	0.00560	0.00939
28	0.02485	0.00943	0.01285	0.00985	0.01414	0.00814	0.00814	0.02699	0.01585	0.77465	0.02185	0.01885	0.01371	0.00685	0.00557	0.00171	0.00471	0.00557	0.00685	0.00943
29	0.01346	0.01384	0.02640	0.02991	0.48601	0.01348	0.29866	0.01728	0.01279	0.01796	0.01072	0.01418	0.00863	0.00483	0.00589	0.00173	0.00764	0.00555	0.00276	0.00827
30	0.00791	0.00593	0.00890	0.00890	0.00989	0.00692	0.00692	0.00989	0.00890	0.01286	0.01483	0.02176	0.01385	0.04154	0.78341	0.00890	0.01483	0.00593	0.00297	0.00494
31	0.03538	0.00499	0.00724	0.00722	0.00732	0.00504	0.00485	0.00749	0.00728	0.01009	0.00956	0.01659	0.00951	0.01881	0.02108	0.81304	0.00479	0.00475	0.00244	0.00252
32	0.00689	0.00493	0.00655	0.00762	0.00806	0.00459	0.00515	0.00806	0.01125	0.01517	0.12484	0.70449	0.03863	0.01658	0.00700	0.00218	0.00314	0.01501	0.00526	0.00459
33	0.00675	0.00482	0.00643	0.00771	0.00803	0.00450	0.00514	0.00771	0.01060	0.01414	0.03053	0.80175	0.03663	0.01735	0.00707	0.00225	0.00321	0.01574	0.00514	0.00450
34	0.01233	0.01993	0.32814	0.03656	0.16519	0.01344	0.28687	0.01733	0.01227	0.01754	0.01042	0.01333	0.00787	0.00511	0.00613	0.00180	0.03005	0.00518	0.00259	0.00794
35	0.05000	0.02225	0.44512	0.01528	0.02191	0.01363	0.10245	0.17772	0.01513	0.06767	0.01145	0.01274	0.00806	0.00559	0.00541	0.00174	0.00749	0.00462	0.00341	0.00835
36	0.00659	0.00558	0.00569	0.00572	0.00752	0.00468	0.00427	0.00801	0.01263	0.01512	0.07382	0.07988	0.72352	0.01407	0.00656	0.00188	0.00281	0.01179	0.00517	0.00468
37	0.01363	0.01274	0.02384	0.01750	0.02192	0.01242	0.46500	0.12715	0.01468	0.02100	0.01312	0.01602	0.00991	0.00538	0.00576	0.00170	0.00727	0.00598	0.19773	0.00722
38	0.04228	0.33526	0.14912	0.01180	0.01693	0.03106	0.01164	0.29928	0.01702	0.02256	0.01024	0.01107	0.00795	0.00559	0.00462	0.00148	0.00639	0.00394	0.00362	0.00813
39	0.00675	0.00482	0.00643	0.00771	0.00803	0.00450	0.00514	0.00771	0.01060	0.01414	0.03053	0.80175	0.03663	0.01735	0.00707	0.00225	0.00321	0.01574	0.00514	0.00450
40	0.01348	0.03012	0.22867	0.01141	0.01585	0.13256	0.01122	0.07823	0.01476	0.06890	0.19065	0.02095	0.05566	0.00727	0.00547	0.00158	0.00602	0.00583	0.00411	0.09725
41	0.82326	0.03112	0.00867	0.00734	0.01080	0.01267	0.00609	0.01629	0.00947	0.02455	0.00771	0.00899	0.00603	0.00513	0.00343	0.00170	0.00433	0.00300	0.00340	0.00603
42	0.00791	0.00593	0.00890	0.00890	0.00989	0.00692	0.00692	0.00989	0.00890	0.01286	0.01483	0.02176	0.01385	0.04154	0.78341	0.00890	0.01483	0.00593	0.00297	0.00494
43	0.82843	0.01069	0.00823	0.00733	0.01078	0.01234	0.00604	0.01649	0.00955	0.03953	0.00799	0.00919	0.00615	0.00517	0.00347	0.00171	0.00429	0.00305	0.00349	0.00607
44	0.01111	0.02865	0.77667	0.01579	0.02397	0.01286	0.02046	0.01754	0.01169	0.01754	0.00994	0.01169	0.00702	0.00526	0.00526	0.00175	0.00818	0.00409	0.00234	0.00818
45	0.01111	0.02865	0.77667	0.01579	0.02397	0.01286	0.02046	0.01754	0.01169	0.01754	0.00994	0.01169	0.00702	0.00526	0.00526	0.00175	0.00818	0.00409	0.00234	0.00818
46	0.00703	0.00535	0.00647	0.00679	0.00793	0.00479	0.00486	0.00866	0.01288	0.01698	0.27352	0.31420	0.28180	0.01434	0.00673	0.00196	0.00289	0.01259	0.00545	0.00479
47	0.00805	0.00537	0.00604	0.00604	0.00604	0.00537	0.00336	0.00805	0.00805	0.01074	0.01745	0.03624	0.02013	0.80536	0.02819	0.00537	0.00537	0.00805	0.00336	0.00336
48	0.03900	0.01956	0.30732	0.01325	0.01881	0.01442	0.01376	0.38654	0.01874	0.02646	0.01215	0.01323	0.00880	0.00732	0.03324	0.00194	0.00699	0.00463	0.04538	0.00848
49	0.84448	0.01071	0.00814	0.00728	0.01071	0.01242	0.00600	0.01628	0.00943	0.02485	0.00771	0.00900	0.00600	0.00514	0.00343	0.00171	0.00428	0.00300	0.00343	0.00600
50	0.00777	0.00564	0.00720	0.00682	0.00808	0.00520	0.00504	0.01013	0.01499	0.02099	0.67245	0.04184	0.09825	0.06198	0.00791	0.00198	0.00280	0.01000	0.00586	0.00507
51	0.01421	0.01192	0.01262	0.01127	0.01446	0.01371	0.00879	0.04567	0.72572	0.04211	0.02232	0.02045	0.01666	0.00748	0.00563	0.00187	0.00443	0.00622	0.00566	0.00880
52	0.01236	0.00878	0.00977	0.00890	0.01157	0.00902	0.00700	0.01980	0.31783	0.12912	0.06117	0.03521	0.27593	0.01032	0.00611	0.00189	0.00388	0.05862	0.00562	0.00708
53	0.07315	0.01841	0.01472	0.01259	0.01565	0.37749	0.00990	0.08730	0.01542	0.21099	0.01218	0.01274	0.00897	0.00652	0.00663	0.00166	0.09988	0.00432	0.00410	0.00739
54	0.01111	0.02865	0.77667	0.01579	0.02397	0.01286	0.02046	0.01754	0.01169	0.01754	0.00994	0.01169	0.00702	0.00526	0.00526	0.00175	0.00818	0.00409	0.00234	0.00818
55	0.01705	0.01489	0.01452	0.01129	0.01553	0.12987	0.00908	0.33505	0.01834	0.02452	0.01107	0.01206	0.00854	0.00562	0.00529	0.00133	0.03027	0.00411	0.00417	0.32742
56	0.02233	0.01207	0.01435	0.01106	0.01528	0.01218	0.00911	0.36131	0.02055	0.39917	0.05138	0.01730	0.01346	0.00696	0.00560	0.00169	0.00526	0.00550	0.00621	0.00923
57	0.01103	0.00889	0.01168	0.01006	0.01255	0.00917	0.07529	0.01841	0.28143	0.05063	0.36797	0.03127	0.06966	0.00931	0.00618	0.00181	0.00396	0.00827	0.00561	0.00683
58	0.01014	0.00894	0.01403	0.53521	0.02883	0.01042	0.01226	0.03434	0.01270	0.01697	0.20400	0.02139	0.01896	0.00699	0.00573	0.00177	0.00598	0.00616	0.00351	0.04166
59	0.01032	0.00516	0.00516	0.00516	0.00645	0.00516	0.00387	0.01290	0.01161	0.02065	0.01807	0.02065	0.01420	0.00645	0.00387	0.00129	0.00258	0.00516	0.83611	0.00516
60	0.01421	0.46631	0.06195	0.01919	0.30513	0.01812	0.01288	0.01679	0.01180	0.01519	0.00885	0.01087	0.00774	0.00484	0.00438	0.00139	0.00628	0.00377	0.00251	0.00780
61	0.00670	0.00562	0.00582	0.00577	0.00757	0.00474	0.00433	0.00824	0.01298	0.01581	0.13945	0.05190	0.68469	0.01371	0.00654	0.00186	0.00278	0.01149	0.00525	0.00474
62	0.28875	0.05891	0.01259	0.00921	0.01326	0.01102	0.00770	0.07555	0.01424	0.43239	0.01580	0.01466	0.01051	0.00616	0.00475	0.00168	0.00475	0.00454	0.00538	0.00818
63	0.00784	0.00566	0.00740	0.00697	0.00827	0.00523	0.00523	0.01045	0.01568	0.02221	0.76789	0.04137	0.05226	0.01132	0.00653	0.00174	0.00261	0.01002	0.00610	0.00523
64	0.52835	0.01322	0.01134	0.00947	0.01319	0.06085	0.00775	0.25442	0.01517	0.02741	0.00957	0.01045	0.00717	0.00566	0.00421	0.00168	0.00522	0.00368	0.00408	0.00713
65	0.01883	0.00991	0.01239	0.00939	0.01384	0.00847	0.00764	0.03896	0.06849	0.41250	0.01709	0.01603	0.01173	0.00584	0.00501	0.00138	0.00449	0.00473	0.00536	0.32793
66	0.01346	0.01392	0.01680	0.01444	0.01494	0.10669	0.01189	0.04269	0.01000	0.01418	0.00765	0.01191	0.00734	0.00911	0.01615	0.00228	0.67302	0.00470	0.00259	0.00623
67	0.74850	0.01056	0.00869	0.00758	0.01111	0.01192	0.00625	0.01753	0.01018	0.11265	0.00937	0.01015	0.00690	0.00534	0.00368	0.00171	0.00433	0.00330	0.00383	0.00640
68	0.00669	0.00531	0.00601	0.00648	0.00773	0.00463	0.00462	0.00798	0.01200	0.01500	0.08161	0.34003	0.45203	0.01517	0.00675	0.00201	0.00295	0.01316	0.00519	0.00463
69	0.01356	0.01194	0.01417	0.06407	0.12113	0.01360	0.01033	0.02673	0.60907	0.02189	0.02005	0.01932	0.01517	0.00703	0.00561	0.00184	0.00488	0.00599	0.00503	0.00860
70	0.00804	0.00637	0.00731	0.00695	0.00869	0.00602	0.00525	0.01171	0.10176	0.01954	0.40736	0.04352	0.32311	0.01191	0.00643	0.00181	0.00289	0.01022	0.00568	0.00543
71	0.01268	0.00886	0.00940	0.00823	0.01052	0.03251	0.00643	0.16877	0.08198	0.04537	0.22848	0.02652	0.07032	0.00840	0.00537	0.00160	0.00379	0.00694	0.25732	0.00652
72	0.01141	0.01048	0.01679	0.28308	0.32631	0.01134	0.01352	0.01535	0.05989	0.01720	0.10216	0.02036	0.05194	0.02942	0.00634	0.00186	0.00602	0.00603	0.00336	0.00711
73	0.54639	0.26832	0.01486	0.00798	0.01176	0.01523	0.00709	0.01617	0.01024	0.02094	0.03502	0.01012	0.00802	0.00523	0.00358	0.00154	0.00475	0.00324	0.00318	0.00633
