[name]
unknown

[dist]
# distance from previous block
# <min> <max>
7	128

[block]
# block no. 0 follows, 38 sequences, length 27
# corresponding to MSA columns:
# 248-274
name=unknown_A
#
# <colnr> <probs for GDERKNQSTAVLIFYWHMCP>
#	G	D	E	R	K	N	Q	S	T	A	V	L	I	F	Y	W	H	M	C	P
0	0.03271	0.01330	0.02361	0.28296	0.27416	0.01453	0.16430	0.01719	0.01273	0.01781	0.01089	0.01528	0.00871	0.00601	0.00745	0.00199	0.07993	0.00566	0.00287	0.00792
1	0.01596	0.01529	0.02385	0.08627	0.49686	0.05418	0.08729	0.10835	0.01564	0.02134	0.01164	0.01484	0.00937	0.00566	0.00605	0.00182	0.00763	0.00546	0.00335	0.00913
2	0.00807	0.00587	0.00710	0.00722	0.00818	0.00544	0.00496	0.00960	0.01323	0.01779	0.29496	0.20035	0.16829	0.20676	0.01305	0.00301	0.00375	0.01198	0.00548	0.00490
3	0.00851	0.00615	0.00804	0.00757	0.00899	0.00568	0.00568	0.01135	0.01703	0.02412	0.74788	0.04494	0.05676	0.01230	0.00710	0.00189	0.00284	0.01088	0.00662	0.00568
4	0.01096	0.00969	0.01559	0.29421	0.20485	0.01050	0.01285	0.01415	0.01358	0.01856	0.19315	0.13405	0.02483	0.00924	0.00650	0.00199	0.00589	0.00840	0.00413	0.00688
5	0.02247	0.02867	0.01705	0.01550	0.01860	0.76443	0.01162	0.02402	0.01705	0.01472	0.00930	0.01085	0.00775	0.00620	0.00542	0.00155	0.01085	0.00387	0.00310	0.00697
6	0.01388	0.37532	0.42913	0.01405	0.02124	0.01842	0.01683	0.01858	0.01248	0.01684	0.00970	0.01132	0.00767	0.00546	0.00488	0.00163	0.00778	0.00389	0.00256	0.00836
7	0.01316	0.01316	0.01843	0.01579	0.01579	0.01843	0.01316	0.01448	0.00921	0.01448	0.00790	0.01316	0.00790	0.01053	0.01974	0.00263	0.77757	0.00526	0.00263	0.00658
8	0.00804	0.00613	0.00738	0.00707	0.00869	0.00547	0.00530	0.01043	0.01590	0.02145	0.51423	0.04934	0.29209	0.01330	0.00710	0.00194	0.00291	0.01150	0.00627	0.00547
9	0.00769	0.00539	0.00687	0.00791	0.00817	0.00513	0.00509	0.00847	0.01081	0.01442	0.02954	0.59490	0.03523	0.21483	0.01352	0.00331	0.00409	0.01497	0.00509	0.00457
10	0.02699	0.01024	0.01396	0.01070	0.01536	0.00884	0.00884	0.02932	0.01722	0.75522	0.02373	0.02048	0.01489	0.00745	0.00605	0.00186	0.00512	0.00605	0.00745	0.01024
11	0.00811	0.00625	0.00752	0.00832	0.00942	0.00598	0.00592	0.01084	0.07994	0.01662	0.03903	0.50014	0.20969	0.01686	0.00743	0.00232	0.00361	0.05098	0.00563	0.00540
12	0.00840	0.00614	0.00789	0.00745	0.00892	0.00563	0.00559	0.01114	0.01677	0.02350	0.69368	0.04596	0.11135	0.01253	0.00710	0.00190	0.00285	0.01102	0.00654	0.00563
13	0.01422	0.01255	0.01610	0.23910	0.09176	0.01458	0.01255	0.05446	0.42890	0.02229	0.01878	0.01953	0.01416	0.00723	0.00607	0.00200	0.00602	0.00618	0.00481	0.00871
14	0.00733	0.00524	0.00698	0.00838	0.00873	0.00489	0.00558	0.00838	0.01152	0.01536	0.03316	0.78466	0.03979	0.01885	0.00768	0.00244	0.00349	0.01710	0.00558	0.00489
15	0.01489	0.01429	0.02442	0.03692	0.75106	0.01429	0.01846	0.01846	0.01370	0.01965	0.01132	0.01489	0.00953	0.00536	0.00596	0.00179	0.00715	0.00536	0.00298	0.00953
16	0.05380	0.01839	0.30196	0.01309	0.01935	0.01102	0.01394	0.02487	0.01518	0.44032	0.01810	0.01703	0.01173	0.00670	0.00583	0.00188	0.00656	0.00531	0.00539	0.00956
17	0.01207	0.03112	0.75741	0.01715	0.02604	0.01397	0.02223	0.01905	0.01270	0.01905	0.01080	0.01270	0.00762	0.00572	0.00572	0.00191	0.00889	0.00445	0.00254	0.00889
18	0.01456	0.49301	0.28079	0.01291	0.01910	0.02016	0.01454	0.01820	0.01224	0.01585	0.00918	0.01087	0.00769	0.00560	0.00526	0.00156	0.04409	0.00374	0.00256	0.00807
19	0.01229	0.10084	0.65924	0.01612	0.02435	0.01455	0.02044	0.01864	0.01283	0.01880	0.04077	0.01374	0.00964	0.00593	0.00560	0.00185	0.00841	0.00459	0.00271	0.00865
20	0.01168	0.00714	0.00949	0.06673	0.01279	0.00685	0.00724	0.01419	0.04313	0.14914	0.12778	0.35314	0.10995	0.01406	0.00709	0.00219	0.00413	0.04112	0.00585	0.00632
21	0.02197	0.01293	0.03623	0.12661	0.14215	0.06780	0.01215	0.02481	0.01574	0.44957	0.01833	0.01796	0.01227	0.00675	0.00597	0.00185	0.00641	0.00563	0.00555	0.00932
22	0.01215	0.01327	0.08793	0.47593	0.22253	0.01326	0.01714	0.01618	0.01250	0.01682	0.01194	0.05212	0.00989	0.00643	0.00605	0.00196	0.00766	0.00583	0.00288	0.00754
23	0.01285	0.02167	0.42742	0.01570	0.02212	0.01180	0.11219	0.01803	0.01353	0.08734	0.05561	0.08598	0.04491	0.00809	0.00633	0.00200	0.00756	0.03499	0.00378	0.00811
24	0.01615	0.01465	0.02129	0.18745	0.44192	0.08115	0.01639	0.05603	0.01467	0.07499	0.01211	0.01517	0.00949	0.00583	0.00593	0.00182	0.00748	0.00528	0.00342	0.00879
25	0.01349	0.05317	0.04748	0.09887	0.07279	0.01289	0.10377	0.12914	0.08303	0.02140	0.04868	0.14348	0.01984	0.00988	0.00694	0.00210	0.02412	0.09678	0.00456	0.00757
26	0.01375	0.08772	0.30893	0.01472	0.04202	0.07649	0.02794	0.06235	0.05173	0.03590	0.05654	0.12502	0.01599	0.00843	0.00666	0.00193	0.04538	0.00680	0.00379	0.00791

[dist]
# distance from previous block
# <min> <max>
4	27

[block]
# block no. 1 follows, 38 sequences, length 25
# corresponding to MSA columns:
# 302-326
name=unknown_B
#
# <colnr> <probs for GDERKNQSTAVLIFYWHMCP>
#	G	D	E	R	K	N	Q	S	T	A	V	L	I	F	Y	W	H	M	C	P
0	0.07147	0.15651	0.17803	0.01185	0.01746	0.01295	0.01186	0.02432	0.01490	0.41634	0.01719	0.01617	0.01150	0.00654	0.00544	0.00177	0.00615	0.00502	0.00527	0.00926
1	0.01094	0.31196	0.07080	0.00853	0.01226	0.01297	0.00807	0.01302	0.01306	0.01564	0.03694	0.03593	0.40795	0.01064	0.00575	0.00173	0.00478	0.00843	0.00420	0.00638
2	0.06080	0.16231	0.16610	0.00936	0.01346	0.01102	0.00946	0.01313	0.01294	0.01706	0.03643	0.05839	0.38636	0.01085	0.00601	0.00186	0.00501	0.00873	0.00427	0.00645
3	0.04769	0.19686	0.14559	0.00913	0.01320	0.01147	0.00915	0.01312	0.01302	0.01674	0.03720	0.03626	0.40788	0.01072	0.00594	0.00182	0.00496	0.00856	0.00425	0.00645
4	0.01461	0.20620	0.17924	0.01283	0.01785	0.01690	0.01246	0.02578	0.40558	0.02116	0.01760	0.01722	0.01345	0.00690	0.00548	0.00183	0.00606	0.00542	0.00448	0.00895
5	0.01559	0.36242	0.12170	0.02025	0.25610	0.01891	0.01465	0.07026	0.01385	0.01832	0.01007	0.01220	0.00848	0.00559	0.00539	0.00160	0.02876	0.00429	0.00295	0.00861
6	0.01558	0.05065	0.17338	0.01415	0.01891	0.10333	0.04580	0.02706	0.41691	0.04252	0.01854	0.01814	0.01387	0.00712	0.00590	0.00192	0.00668	0.00580	0.00476	0.00897
7	0.01449	0.01424	0.09650	0.01307	0.01828	0.01143	0.10357	0.06183	0.03584	0.07407	0.01225	0.01405	0.00952	0.00570	0.00654	0.00146	0.07358	0.00466	0.00382	0.42508
8	0.01930	0.01412	0.01567	0.01191	0.01680	0.01425	0.00973	0.40393	0.06634	0.08356	0.01452	0.01474	0.01064	0.00640	0.00552	0.00153	0.00569	0.00495	0.00533	0.27507
9	0.01021	0.01186	0.11524	0.01304	0.01656	0.00899	0.17978	0.01397	0.01532	0.02142	0.40012	0.06977	0.07799	0.01018	0.00694	0.00196	0.00543	0.00952	0.00511	0.00662
10	0.03928	0.01007	0.01188	0.00884	0.01355	0.00794	0.00705	0.01586	0.01340	0.07968	0.11107	0.01741	0.01577	0.00579	0.00492	0.00114	0.00430	0.00474	0.00429	0.62303
11	0.01489	0.01429	0.02442	0.03692	0.75106	0.01429	0.01846	0.01846	0.01370	0.01965	0.01132	0.01489	0.00953	0.00536	0.00596	0.00179	0.00715	0.00536	0.00298	0.00953
12	0.00733	0.00524	0.00698	0.00838	0.00873	0.00489	0.00558	0.00838	0.01152	0.01536	0.03316	0.78466	0.03979	0.01885	0.00768	0.00244	0.00349	0.01710	0.00558	0.00489
13	0.01496	0.01292	0.01360	0.01224	0.01564	0.01496	0.00952	0.03197	0.74019	0.02516	0.02448	0.02244	0.01836	0.00816	0.00612	0.00204	0.00476	0.00680	0.00612	0.00952
14	0.01136	0.01069	0.01804	0.77412	0.04143	0.01337	0.01671	0.01537	0.01203	0.01537	0.01069	0.01604	0.00802	0.00601	0.00601	0.00200	0.00802	0.00535	0.00267	0.00668
15	0.01771	0.00832	0.01099	0.00981	0.01250	0.00759	0.00749	0.06022	0.01524	0.37360	0.02753	0.37149	0.02607	0.01267	0.00680	0.00213	0.00446	0.01109	0.00651	0.00778
16	0.01472	0.01412	0.02412	0.07170	0.71758	0.01425	0.01838	0.01832	0.01362	0.01945	0.01129	0.01494	0.00946	0.00539	0.00596	0.00180	0.00719	0.00536	0.00296	0.00939
17	0.02699	0.01024	0.01396	0.01070	0.01536	0.00884	0.00884	0.02932	0.01722	0.75522	0.02373	0.02048	0.01489	0.00745	0.00605	0.00186	0.00512	0.00605	0.00745	0.01024
18	0.01319	0.01256	0.02134	0.39258	0.40871	0.01385	0.01762	0.01697	0.01289	0.01759	0.01101	0.01544	0.00880	0.00568	0.00598	0.00189	0.00757	0.00535	0.00283	0.00816
19	0.01295	0.02494	0.45775	0.02055	0.02828	0.01449	0.31569	0.01914	0.01332	0.01914	0.01137	0.01416	0.00825	0.00545	0.00629	0.00196	0.00941	0.00555	0.00275	0.00857
20	0.00733	0.00524	0.00698	0.00838	0.00873	0.00489	0.00558	0.00838	0.01152	0.01536	0.03316	0.78466	0.03979	0.01885	0.00768	0.00244	0.00349	0.01710	0.00558	0.00489
21	0.02023	0.02460	0.01862	0.06681	0.17057	0.56380	0.01334	0.02234	0.01605	0.01578	0.00980	0.01200	0.00813	0.00602	0.00557	0.00163	0.00991	0.00427	0.00305	0.00748
22	0.01352	0.01244	0.02248	0.08680	0.30976	0.01238	0.21552	0.01736	0.01344	0.01986	0.01351	0.01718	0.01071	0.00573	0.00586	0.00178	0.00702	0.00591	0.20078	0.00795
23	0.01483	0.01289	0.01531	0.01436	0.08039	0.03706	0.05128	0.02594	0.43670	0.05384	0.02254	0.02186	0.06137	0.00759	0.00598	0.00184	0.00534	0.00650	0.00525	0.11911
24	0.01232	0.01006	0.01187	0.00893	0.01357	0.00785	0.00703	0.03016	0.01312	0.03602	0.05860	0.08233	0.01473	0.00633	0.00497	0.00113	0.00433	0.00530	0.00407	0.66729

[dist]
# distance from previous block
# <min> <max>
0	1

[block]
# block no. 2 follows, 38 sequences, length 8
# corresponding to MSA columns:
# 328-331,334-337
name=unknown_C
#
# <colnr> <probs for GDERKNQSTAVLIFYWHMCP>
#	G	D	E	R	K	N	Q	S	T	A	V	L	I	F	Y	W	H	M	C	P
0	0.00736	0.00587	0.00635	0.00666	0.00806	0.00513	0.00468	0.00859	0.01261	0.01548	0.04956	0.21616	0.50126	0.11259	0.01017	0.00260	0.00349	0.01318	0.00534	0.00486
1	0.01747	0.01417	0.01560	0.04459	0.05977	0.04676	0.01037	0.28138	0.17254	0.04707	0.01779	0.01798	0.04803	0.00706	0.00575	0.00168	0.00584	0.00564	0.00512	0.17539
2	0.00742	0.00550	0.00672	0.00764	0.00836	0.00503	0.00514	0.00848	0.01178	0.01521	0.03854	0.53308	0.21132	0.09427	0.00981	0.00268	0.00361	0.01520	0.00539	0.00481
3	0.01624	0.01078	0.01291	0.00970	0.01437	0.00916	0.00782	0.10210	0.01587	0.17520	0.10205	0.01825	0.01603	0.00634	0.00529	0.00132	0.00466	0.00517	0.00503	0.46169
4	0.01686	0.01319	0.01814	0.01581	0.10064	0.01286	0.09916	0.20632	0.04967	0.09199	0.04567	0.03541	0.01310	0.00663	0.00613	0.00163	0.02383	0.00575	0.00471	0.23249
5	0.00741	0.00541	0.00698	0.00805	0.00868	0.00498	0.00548	0.00868	0.01226	0.01626	0.10195	0.63770	0.11828	0.01785	0.00756	0.00235	0.00338	0.01605	0.00568	0.00498
6	0.01914	0.02285	0.01675	0.01759	0.12393	0.51813	0.01179	0.02199	0.06537	0.01623	0.01333	0.09968	0.01235	0.00764	0.00580	0.00172	0.00906	0.00579	0.00357	0.00728
7	0.05387	0.07078	0.44023	0.01439	0.02124	0.03428	0.01655	0.06755	0.01472	0.14435	0.05551	0.01561	0.01181	0.00646	0.00566	0.00184	0.00746	0.00500	0.00390	0.00878

[dist]
# distance from previous block
# <min> <max>
2	5

[block]
# block no. 3 follows, 38 sequences, length 28
# corresponding to MSA columns:
# 343-357,359-371
name=unknown_D
#
# <colnr> <probs for GDERKNQSTAVLIFYWHMCP>
#	G	D	E	R	K	N	Q	S	T	A	V	L	I	F	Y	W	H	M	C	P
0	0.01681	0.17813	0.14160	0.01291	0.01805	0.22215	0.01196	0.07390	0.05081	0.01872	0.01082	0.01213	0.00870	0.00568	0.00501	0.00145	0.00754	0.00403	0.00338	0.19624
1	0.21550	0.05437	0.50023	0.01446	0.02163	0.04157	0.01725	0.03610	0.01261	0.02113	0.01014	0.01184	0.00742	0.00572	0.00515	0.00186	0.00777	0.00411	0.00294	0.00822
2	0.00753	0.00608	0.00670	0.00661	0.00840	0.00525	0.00493	0.00943	0.01461	0.01854	0.26254	0.07957	0.51973	0.01450	0.00713	0.00200	0.00300	0.01231	0.00589	0.00525
3	0.02044	0.01841	0.29262	0.01390	0.02018	0.01125	0.05087	0.02504	0.03468	0.42307	0.01833	0.01741	0.01197	0.00670	0.00598	0.00189	0.00678	0.00552	0.00535	0.00961
4	0.02341	0.01093	0.01464	0.01301	0.07693	0.01020	0.00965	0.06740	0.08326	0.53742	0.07059	0.02148	0.01729	0.00765	0.00612	0.00187	0.00519	0.00635	0.00681	0.00981
5	0.00733	0.00524	0.00698	0.00838	0.00873	0.00489	0.00558	0.00838	0.01152	0.01536	0.03316	0.78466	0.03979	0.01885	0.00768	0.00244	0.00349	0.01710	0.00558	0.00489
6	0.00711	0.00609	0.00609	0.00609	0.00813	0.00508	0.00457	0.00863	0.01371	0.01625	0.06094	0.05789	0.74862	0.01524	0.00711	0.00203	0.00305	0.01270	0.00559	0.00508
7	0.01371	0.01403	0.02154	0.40085	0.05661	0.07991	0.15588	0.04242	0.03186	0.01716	0.01104	0.01536	0.00859	0.00645	0.00779	0.00203	0.09891	0.00559	0.00299	0.00727
8	0.01477	0.27852	0.34735	0.01580	0.02270	0.01707	0.13447	0.01945	0.01310	0.06780	0.01110	0.01281	0.00840	0.00554	0.00535	0.00172	0.00803	0.00459	0.00297	0.00847
9	0.01392	0.38205	0.42271	0.01399	0.02115	0.01850	0.01672	0.01857	0.01248	0.01679	0.00967	0.01129	0.00767	0.00545	0.00486	0.00162	0.00776	0.00388	0.00256	0.00835
10	0.00742	0.00527	0.00695	0.00827	0.00859	0.00494	0.00547	0.00840	0.01135	0.01513	0.03229	0.73936	0.03870	0.06563	0.00907	0.00265	0.00363	0.01659	0.00547	0.00481
11	0.08684	0.01792	0.01786	0.04036	0.01819	0.24220	0.06218	0.08742	0.01408	0.01856	0.00983	0.01296	0.00833	0.00781	0.01079	0.00205	0.29674	0.00483	0.03391	0.00712
12	0.02287	0.01685	0.01805	0.01384	0.01866	0.01866	0.01143	0.73100	0.02828	0.03791	0.01444	0.01444	0.01023	0.00722	0.00602	0.00181	0.00662	0.00542	0.00602	0.01023
13	0.01608	0.79220	0.03152	0.01029	0.01544	0.02380	0.01029	0.01801	0.01222	0.01415	0.00836	0.00965	0.00772	0.00515	0.00386	0.00129	0.00643	0.00322	0.00257	0.00772
14	0.01335	0.27460	0.52519	0.01495	0.02265	0.01712	0.01841	0.01872	0.01255	0.01748	0.01002	0.01172	0.00765	0.00553	0.00512	0.00171	0.00810	0.00405	0.00255	0.00852
15	0.01403	0.40387	0.40190	0.01379	0.02085	0.01879	0.01638	0.01854	0.01247	0.01665	0.00960	0.01121	0.00767	0.00544	0.00481	0.00160	0.00769	0.00384	0.00256	0.00832
16	0.01608	0.79220	0.03152	0.01029	0.01544	0.02380	0.01029	0.01801	0.01222	0.01415	0.00836	0.00965	0.00772	0.00515	0.00386	0.00129	0.00643	0.00322	0.00257	0.00772
17	0.01237	0.08879	0.70241	0.01663	0.02523	0.01472	0.02132	0.01897	0.01266	0.01868	0.01061	0.01247	0.00763	0.00567	0.00557	0.00186	0.00870	0.00435	0.00254	0.00880
18	0.01240	0.09503	0.69645	0.01657	0.02515	0.01480	0.02122	0.01896	0.01266	0.01864	0.01059	0.01244	0.00763	0.00567	0.00556	0.00185	0.00868	0.00434	0.00254	0.00879
19	0.00861	0.00639	0.00941	0.00941	0.01039	0.00738	0.00719	0.01057	0.00959	0.01377	0.01635	0.02495	0.01561	0.10755	0.70309	0.00935	0.01525	0.00664	0.00326	0.00523
20	0.01405	0.01215	0.01646	0.07368	0.11678	0.01322	0.07227	0.02471	0.39691	0.04583	0.12640	0.02364	0.02111	0.00794	0.00631	0.00198	0.00552	0.00710	0.00529	0.00865
21	0.00973	0.00722	0.00835	0.00741	0.00902	0.00640	0.00484	0.01061	0.01008	0.01432	0.01770	0.09400	0.01954	0.49206	0.02096	0.00409	0.00523	0.00792	0.00378	0.24674
22	0.07830	0.01364	0.02207	0.02663	0.40833	0.01369	0.11347	0.02159	0.09951	0.12140	0.01446	0.01634	0.01102	0.00595	0.00598	0.00187	0.00681	0.00571	0.00402	0.00920
23	0.01243	0.03103	0.73184	0.01709	0.02578	0.03989	0.02186	0.01922	0.01285	0.01890	0.01074	0.01264	0.00762	0.00573	0.00571	0.00189	0.00896	0.00443	0.00256	0.00882
24	0.01408	0.41209	0.39406	0.01372	0.02073	0.01889	0.01625	0.01853	0.01246	0.01660	0.00958	0.01117	0.00767	0.00543	0.00479	0.00160	0.00766	0.00383	0.00256	0.00830
25	0.01507	0.59979	0.21503	0.01203	0.01812	0.02132	0.01331	0.01828	0.01234	0.01539	0.00898	0.01042	0.00769	0.00529	0.00433	0.00144	0.00705	0.00353	0.00256	0.00802
26	0.00892	0.00654	0.00720	0.00719	0.00795	0.00651	0.00457	0.01100	0.08259	0.01422	0.02894	0.10392	0.16577	0.49455	0.02164	0.00442	0.00498	0.01003	0.00444	0.00461
27	0.04138	0.01098	0.01478	0.01205	0.01456	0.01201	0.05263	0.05149	0.01318	0.06697	0.12187	0.03657	0.06277	0.02792	0.01102	0.00204	0.25754	0.00660	0.00422	0.17942

[dist]
# distance from previous block
# <min> <max>
3	5

[block]
# block no. 4 follows, 38 sequences, length 20
# corresponding to MSA columns:
# 377-396
name=unknown_E
#
# <colnr> <probs for GDERKNQSTAVLIFYWHMCP>
#	G	D	E	R	K	N	Q	S	T	A	V	L	I	F	Y	W	H	M	C	P
0	0.03704	0.13475	0.01697	0.01053	0.01562	0.01192	0.05392	0.01784	0.09494	0.01956	0.01191	0.01332	0.00974	0.00506	0.00470	0.00118	0.00517	0.00409	0.00367	0.52806
1	0.02095	0.02419	0.01646	0.01423	0.01792	0.54152	0.01089	0.12069	0.01788	0.01871	0.01023	0.01160	0.00828	0.00607	0.00535	0.00148	0.00925	0.00404	0.00358	0.13667
2	0.01495	0.01268	0.01279	0.01143	0.01472	0.05105	0.00890	0.05682	0.52801	0.05550	0.02903	0.02704	0.13267	0.00911	0.00623	0.00200	0.00489	0.00749	0.00594	0.00875
3	0.01733	0.01401	0.01447	0.01252	0.01622	0.04577	0.00986	0.14186	0.54945	0.07598	0.02223	0.02057	0.01641	0.00788	0.00607	0.00197	0.00533	0.00641	0.00607	0.00958
4	0.02022	0.00899	0.01171	0.00952	0.01315	0.00796	0.00767	0.02312	0.04622	0.48382	0.16127	0.03050	0.13014	0.00950	0.00640	0.00190	0.00438	0.00793	0.00697	0.00862
5	0.02091	0.01501	0.01644	0.01289	0.01695	0.01653	0.01045	0.61679	0.02506	0.03358	0.01381	0.01505	0.01027	0.00938	0.00878	0.13181	0.00640	0.00539	0.00548	0.00903
6	0.01608	0.79220	0.03152	0.01029	0.01544	0.02380	0.01029	0.01801	0.01222	0.01415	0.00836	0.00965	0.00772	0.00515	0.00386	0.00129	0.00643	0.00322	0.00257	0.00772
7	0.00836	0.00598	0.00746	0.00793	0.00877	0.00569	0.00568	0.00983	0.01252	0.01665	0.17473	0.21758	0.11951	0.23106	0.01400	0.00329	0.00433	0.13657	0.00524	0.00484
8	0.01505	0.59727	0.21744	0.01205	0.01815	0.02129	0.01335	0.01828	0.01235	0.01541	0.00899	0.01043	0.00769	0.00529	0.00434	0.00145	0.00706	0.00353	0.00256	0.00802
9	0.02287	0.01685	0.01805	0.01384	0.01866	0.01866	0.01143	0.73100	0.02828	0.03791	0.01444	0.01444	0.01023	0.00722	0.00602	0.00181	0.00662	0.00542	0.00602	0.01023
10	0.01769	0.02067	0.02175	0.01761	0.02141	0.37261	0.23734	0.05449	0.01552	0.01715	0.01153	0.01474	0.00945	0.01204	0.12590	0.00300	0.01125	0.00537	0.00324	0.00724
11	0.01412	0.01166	0.01336	0.00969	0.01495	0.00970	0.00781	0.12820	0.01497	0.02249	0.01128	0.01279	0.00912	0.00489	0.00470	0.00104	0.00480	0.00386	0.00395	0.69663
12	0.01276	0.01129	0.01628	0.30200	0.02523	0.06755	0.12426	0.01694	0.04647	0.01879	0.01450	0.01815	0.01117	0.00632	0.00553	0.00177	0.00664	0.00567	0.28198	0.00669
13	0.01496	0.01292	0.01360	0.01224	0.01564	0.01496	0.00952	0.03197	0.74019	0.02516	0.02448	0.02244	0.01836	0.00816	0.00612	0.00204	0.00476	0.00680	0.00612	0.00952
14	0.01247	0.01069	0.01247	0.00891	0.01426	0.00802	0.00713	0.01515	0.01247	0.01960	0.01069	0.01247	0.00891	0.00446	0.00446	0.00089	0.00446	0.00356	0.00356	0.82536
15	0.01457	0.01300	0.02321	0.01824	0.04686	0.03901	0.36157	0.04869	0.01489	0.10796	0.04574	0.14222	0.07796	0.00877	0.00692	0.00203	0.00742	0.00890	0.00444	0.00762
16	0.01872	0.01403	0.01516	0.01265	0.01665	0.01569	0.01012	0.27086	0.43315	0.09366	0.02098	0.01953	0.01528	0.00778	0.00608	0.00194	0.00543	0.00626	0.00620	0.00983
17	0.08852	0.01116	0.01233	0.00938	0.01425	0.00970	0.00748	0.01822	0.13524	0.02123	0.01281	0.01391	0.01029	0.00519	0.00467	0.00117	0.00453	0.00408	0.00401	0.61185
18	0.01314	0.00809	0.01014	0.00930	0.01167	0.00741	0.00696	0.07293	0.01415	0.15055	0.04197	0.35851	0.03985	0.04948	0.02277	0.00233	0.00460	0.03477	0.00552	0.13586
19	0.01566	0.01119	0.01321	0.08173	0.01684	0.01224	0.00947	0.12071	0.31255	0.12296	0.05263	0.16326	0.02136	0.00989	0.00642	0.00205	0.00505	0.00846	0.00589	0.00844

[dist]
# distance from previous block
# <min> <max>
4	11

[block]
# block no. 5 follows, 38 sequences, length 18
# corresponding to MSA columns:
# 408-425
name=unknown_F
#
# <colnr> <probs for GDERKNQSTAVLIFYWHMCP>
#	G	D	E	R	K	N	Q	S	T	A	V	L	I	F	Y	W	H	M	C	P
0	0.01943	0.09957	0.06504	0.01268	0.01743	0.01717	0.01112	0.51668	0.02370	0.03139	0.01951	0.01938	0.10435	0.00793	0.00591	0.00179	0.00629	0.00605	0.00537	0.00922
1	0.07184	0.06936	0.16464	0.01126	0.01712	0.01212	0.01093	0.11254	0.01447	0.02210	0.01089	0.01240	0.00858	0.00521	0.00483	0.00131	0.00579	0.00395	0.00363	0.43703
2	0.01140	0.00738	0.00927	0.00841	0.01063	0.00677	0.00647	0.01481	0.06195	0.11589	0.41452	0.09251	0.10870	0.01176	0.00680	0.00191	0.00354	0.03672	0.00627	0.06427
3	0.01355	0.01296	0.02220	0.02780	0.45454	0.01241	0.11654	0.01701	0.01371	0.01963	0.06476	0.06590	0.01465	0.00655	0.00612	0.00176	0.00669	0.00652	0.00349	0.11323
4	0.00829	0.00590	0.00786	0.00825	0.00876	0.00621	0.00566	0.00940	0.00987	0.01357	0.02184	0.24188	0.02428	0.28985	0.30403	0.00635	0.00910	0.01021	0.00403	0.00465
5	0.02016	0.01439	0.01571	0.01278	0.01700	0.01589	0.01032	0.35481	0.31848	0.12454	0.01975	0.01849	0.01416	0.00764	0.00606	0.00191	0.00567	0.00606	0.00624	0.00994
6	0.01531	0.17334	0.17463	0.11759	0.09882	0.01484	0.01434	0.07268	0.04111	0.09884	0.01522	0.02116	0.01273	0.00739	0.00581	0.00188	0.00693	0.09517	0.00392	0.00827
7	0.01580	0.73835	0.08289	0.01078	0.01619	0.02311	0.01114	0.01809	0.01226	0.01450	0.00854	0.00987	0.00771	0.00519	0.00399	0.00133	0.00661	0.00330	0.00257	0.00780
8	0.83108	0.01163	0.00884	0.00791	0.01163	0.01350	0.00651	0.01768	0.01024	0.02699	0.00838	0.00977	0.00651	0.00558	0.00372	0.00186	0.00465	0.00326	0.00372	0.00651
9	0.01030	0.00616	0.00687	0.00680	0.00841	0.00572	0.00496	0.01260	0.01229	0.02011	0.02223	0.23209	0.02133	0.00996	0.00520	0.00162	0.00320	0.00853	0.49126	0.11038
10	0.00875	0.00583	0.00656	0.00656	0.00656	0.00583	0.00365	0.00875	0.00875	0.01166	0.01895	0.03937	0.02187	0.78858	0.03062	0.00583	0.00583	0.00875	0.00365	0.00365
11	0.01489	0.01429	0.02442	0.03692	0.75106	0.01429	0.01846	0.01846	0.01370	0.01965	0.01132	0.01489	0.00953	0.00536	0.00596	0.00179	0.00715	0.00536	0.00298	0.00953
12	0.00793	0.00621	0.00751	0.03620	0.00984	0.00565	0.00563	0.01010	0.01494	0.01970	0.36748	0.11859	0.34068	0.01389	0.00711	0.00201	0.00318	0.01201	0.00594	0.00539
13	0.01247	0.01069	0.01247	0.00891	0.01426	0.00802	0.00713	0.01515	0.01247	0.01960	0.01069	0.01247	0.00891	0.00446	0.00446	0.00089	0.00446	0.00356	0.00356	0.82536
14	0.01046	0.00890	0.01326	0.14225	0.19099	0.00898	0.01018	0.01256	0.01182	0.01607	0.02172	0.21955	0.07163	0.15940	0.01109	0.00271	0.00561	0.00939	0.00395	0.06949
15	0.01432	0.22550	0.16079	0.01154	0.01672	0.08155	0.01141	0.03342	0.01358	0.04135	0.01624	0.01969	0.07326	0.00698	0.00521	0.00153	0.00644	0.05449	0.00355	0.20242
16	0.01324	0.01258	0.02119	0.36225	0.41177	0.01367	0.01730	0.01698	0.01292	0.01776	0.01102	0.01532	0.00884	0.00562	0.00593	0.00185	0.00744	0.00529	0.00286	0.03618
17	0.03250	0.01999	0.06775	0.03038	0.06383	0.33770	0.01131	0.05425	0.06616	0.01787	0.01223	0.01534	0.01032	0.05534	0.05932	0.00241	0.02422	0.00480	0.02002	0.09426

[dist]
# distance from previous block
# <min> <max>
0	10

[block]
# block no. 6 follows, 38 sequences, length 34
# corresponding to MSA columns:
# 437-470
name=unknown_G
#
# <colnr> <probs for GDERKNQSTAVLIFYWHMCP>
#	G	D	E	R	K	N	Q	S	T	A	V	L	I	F	Y	W	H	M	C	P
0	0.03654	0.01595	0.04933	0.10415	0.16164	0.09313	0.19754	0.07138	0.06578	0.03652	0.01407	0.03746	0.02660	0.00676	0.00709	0.00195	0.05619	0.00616	0.00363	0.00814
1	0.01278	0.14304	0.61046	0.01658	0.02476	0.01550	0.05907	0.01891	0.01271	0.01834	0.01051	0.01244	0.00772	0.00560	0.00552	0.00182	0.00859	0.00441	0.00257	0.00867
2	0.01520	0.50219	0.09376	0.01526	0.02099	0.02047	0.22066	0.01847	0.01284	0.01606	0.00968	0.01182	0.00812	0.00517	0.00496	0.00155	0.00772	0.00445	0.00271	0.00793
3	0.00971	0.01372	0.22661	0.01105	0.01458	0.00836	0.01080	0.01279	0.01251	0.01789	0.11836	0.32556	0.02731	0.01238	0.00755	0.03196	0.02521	0.01031	0.00442	0.09892
4	0.01460	0.01593	0.01775	0.55320	0.03478	0.23209	0.01523	0.01789	0.01349	0.01518	0.01029	0.01453	0.00794	0.00607	0.00584	0.00187	0.00884	0.00492	0.00280	0.00677
5	0.00711	0.00609	0.00609	0.00609	0.00813	0.00508	0.00457	0.00863	0.01371	0.01625	0.06094	0.05789	0.74862	0.01524	0.00711	0.00203	0.00305	0.01270	0.00559	0.00508
6	0.02676	0.01061	0.01419	0.01088	0.01554	0.00939	0.00899	0.06873	0.01784	0.71493	0.02321	0.02014	0.01463	0.00743	0.00605	0.00186	0.00520	0.00601	0.00737	0.01024
7	0.01507	0.01061	0.01251	0.06429	0.01586	0.01158	0.00904	0.02513	0.40489	0.14665	0.02531	0.19044	0.02179	0.01026	0.00645	0.00210	0.00477	0.00885	0.00599	0.00842
8	0.01136	0.01069	0.01804	0.77412	0.04143	0.01337	0.01671	0.01537	0.01203	0.01537	0.01069	0.01604	0.00802	0.00601	0.00601	0.00200	0.00802	0.00535	0.00267	0.00668
9	0.01496	0.01292	0.01360	0.01224	0.01564	0.01496	0.00952	0.03197	0.74019	0.02516	0.02448	0.02244	0.01836	0.00816	0.00612	0.00204	0.00476	0.00680	0.00612	0.00952
10	0.01136	0.01069	0.01804	0.77412	0.04143	0.01337	0.01671	0.01537	0.01203	0.01537	0.01069	0.01604	0.00802	0.00601	0.00601	0.00200	0.00802	0.00535	0.00267	0.00668
11	0.02287	0.01685	0.01805	0.01384	0.01866	0.01866	0.01143	0.73100	0.02828	0.03791	0.01444	0.01444	0.01023	0.00722	0.00602	0.00181	0.00662	0.00542	0.00602	0.01023
12	0.01489	0.01429	0.02442	0.03692	0.75106	0.01429	0.01846	0.01846	0.01370	0.01965	0.01132	0.01489	0.00953	0.00536	0.00596	0.00179	0.00715	0.00536	0.00298	0.00953
13	0.00775	0.00541	0.00686	0.00784	0.00809	0.00517	0.00501	0.00849	0.01070	0.01427	0.02897	0.56500	0.03451	0.24571	0.01444	0.00344	0.00418	0.01464	0.00501	0.00452
14	0.01121	0.00561	0.00561	0.00561	0.00701	0.00561	0.00421	0.01402	0.01262	0.02243	0.01962	0.02243	0.01542	0.00701	0.00421	0.00140	0.00280	0.00561	0.82198	0.00561
15	0.00733	0.00524	0.00698	0.00838	0.00873	0.00489	0.00558	0.00838	0.01152	0.01536	0.03316	0.78466	0.03979	0.01885	0.00768	0.00244	0.00349	0.01710	0.00558	0.00489
16	0.01454	0.01798	0.13967	0.02132	0.02732	0.01520	0.46347	0.06582	0.13016	0.02134	0.01406	0.01657	0.01044	0.00579	0.00667	0.00200	0.00888	0.00655	0.00364	0.00859
17	0.01426	0.01646	0.08486	0.02185	0.05441	0.01502	0.46578	0.02244	0.19786	0.02076	0.01515	0.01748	0.01137	0.00591	0.00670	0.00201	0.00857	0.00675	0.00378	0.00858
18	0.01483	0.01284	0.01377	0.04060	0.01660	0.01490	0.00979	0.03135	0.71309	0.02480	0.02397	0.02221	0.01798	0.00808	0.00612	0.00204	0.00488	0.00675	0.00599	0.00942
19	0.01930	0.06727	0.01500	0.01156	0.01553	0.01342	0.00934	0.03004	0.43246	0.28297	0.02307	0.02084	0.01638	0.00769	0.00594	0.00192	0.00501	0.00628	0.00634	0.00965
20	0.00711	0.00609	0.00609	0.00609	0.00813	0.00508	0.00457	0.00863	0.01371	0.01625	0.06094	0.05789	0.74862	0.01524	0.00711	0.00203	0.00305	0.01270	0.00559	0.00508
21	0.01207	0.03112	0.75741	0.01715	0.02604	0.01397	0.02223	0.01905	0.01270	0.01905	0.01080	0.01270	0.00762	0.00572	0.00572	0.00191	0.00889	0.00445	0.00254	0.00889
22	0.01576	0.56527	0.02630	0.01086	0.01550	0.02123	0.01007	0.02208	0.22422	0.01736	0.01306	0.01338	0.01082	0.00602	0.00452	0.00151	0.00595	0.00426	0.00361	0.00824
23	0.00728	0.00544	0.00677	0.00783	0.00858	0.00493	0.00534	0.00844	0.01205	0.01557	0.03985	0.60960	0.21053	0.01798	0.00754	0.00234	0.00338	0.01604	0.00558	0.00493
24	0.01317	0.02339	0.38273	0.02141	0.02884	0.01462	0.38916	0.01916	0.01348	0.01916	0.01151	0.01453	0.00840	0.00538	0.00643	0.00197	0.00954	0.00582	0.00280	0.00849
25	0.02287	0.01685	0.01805	0.01384	0.01866	0.01866	0.01143	0.73100	0.02828	0.03791	0.01444	0.01444	0.01023	0.00722	0.00602	0.00181	0.00662	0.00542	0.00602	0.01023
26	0.05724	0.02476	0.50029	0.01522	0.02223	0.01423	0.01768	0.02274	0.22442	0.02126	0.01465	0.01538	0.01069	0.00642	0.00573	0.00194	0.00746	0.00507	0.00365	0.00895
27	0.00875	0.00583	0.00656	0.00656	0.00656	0.00583	0.00365	0.00875	0.00875	0.01166	0.01895	0.03937	0.02187	0.78858	0.03062	0.00583	0.00583	0.00875	0.00365	0.00365
28	0.00828	0.00612	0.00760	0.00724	0.00867	0.00558	0.00534	0.01069	0.01587	0.02188	0.57684	0.04681	0.17536	0.06698	0.00874	0.00219	0.00308	0.01105	0.00623	0.00543
29	0.01247	0.01069	0.01247	0.00891	0.01426	0.00802	0.00713	0.01515	0.01247	0.01960	0.01069	0.01247	0.00891	0.00446	0.00446	0.00089	0.00446	0.00356	0.00356	0.82536
30	0.01247	0.01069	0.01247	0.00891	0.01426	0.00802	0.00713	0.01515	0.01247	0.01960	0.01069	0.01247	0.00891	0.00446	0.00446	0.00089	0.00446	0.00356	0.00356	0.82536
31	0.01608	0.79220	0.03152	0.01029	0.01544	0.02380	0.01029	0.01801	0.01222	0.01415	0.00836	0.00965	0.00772	0.00515	0.00386	0.00129	0.00643	0.00322	0.00257	0.00772
32	0.00806	0.00691	0.03458	0.00761	0.00932	0.00569	0.00594	0.01041	0.01510	0.02037	0.41695	0.15525	0.25398	0.01387	0.00713	0.00201	0.00321	0.01208	0.00602	0.00550
33	0.01313	0.06731	0.50123	0.01534	0.02243	0.01480	0.01788	0.02276	0.22453	0.02056	0.01465	0.01537	0.01075	0.00640	0.00573	0.00191	0.00755	0.00506	0.00358	0.00901

[dist]
# distance from previous block
# <min> <max>
0	2

[block]
# block no. 7 follows, 38 sequences, length 6
# corresponding to MSA columns:
# 473-478
name=unknown_H
#
# <colnr> <probs for GDERKNQSTAVLIFYWHMCP>
#	G	D	E	R	K	N	Q	S	T	A	V	L	I	F	Y	W	H	M	C	P
0	0.08032	0.01242	0.01254	0.01157	0.03716	0.06103	0.00862	0.20969	0.16732	0.02445	0.02556	0.14427	0.12486	0.04395	0.00730	0.00215	0.00532	0.00848	0.00534	0.00767
1	0.01536	0.65454	0.16282	0.01153	0.01736	0.02202	0.01245	0.01820	0.01231	0.01504	0.00880	0.01020	0.00770	0.00525	0.00420	0.00140	0.00688	0.00344	0.00257	0.00793
2	0.01019	0.00726	0.00913	0.00895	0.01077	0.00689	0.00691	0.01357	0.07240	0.05145	0.24222	0.16739	0.06845	0.06413	0.00864	0.00236	0.00413	0.16064	0.00570	0.07880
3	0.01341	0.00994	0.01462	0.01213	0.01507	0.00987	0.11349	0.12713	0.01551	0.08641	0.10925	0.11109	0.04271	0.04572	0.15534	0.00361	0.00772	0.04491	0.00491	0.05716
4	0.01327	0.25920	0.53988	0.01509	0.02286	0.01692	0.01865	0.01874	0.01256	0.01758	0.01007	0.01179	0.00765	0.00554	0.00516	0.00172	0.00815	0.00408	0.00255	0.00854
5	0.01159	0.01066	0.01060	0.00957	0.01197	0.10993	0.00714	0.01436	0.05991	0.01653	0.04710	0.09469	0.07717	0.11575	0.18032	0.00394	0.00789	0.00738	0.00407	0.19946

[dist]
# distance from previous block
# <min> <max>
4	6

[block]
# block no. 8 follows, 38 sequences, length 14
# corresponding to MSA columns:
# 489-502
name=unknown_I
#
# <colnr> <probs for GDERKNQSTAVLIFYWHMCP>
#	G	D	E	R	K	N	Q	S	T	A	V	L	I	F	Y	W	H	M	C	P
0	0.01844	0.12466	0.12601	0.01602	0.03849	0.01436	0.17314	0.02244	0.04039	0.26767	0.01537	0.01615	0.01090	0.00662	0.00725	0.00190	0.08129	0.00560	0.00447	0.00882
1	0.01574	0.32355	0.27903	0.01248	0.01849	0.01619	0.01376	0.01959	0.01367	0.13826	0.08286	0.01588	0.01358	0.00641	0.00518	0.00165	0.00673	0.00485	0.00375	0.00834
2	0.01019	0.00540	0.00809	0.00809	0.00824	0.00555	0.00555	0.00824	0.00809	0.01094	0.01124	0.01904	0.01109	0.02430	0.12748	0.71062	0.00675	0.00540	0.00270	0.00300
3	0.01218	0.01059	0.01481	0.01954	0.24938	0.05655	0.01249	0.01496	0.01381	0.01809	0.02320	0.04579	0.02415	0.01249	0.00784	0.02780	0.00638	0.41864	0.00448	0.00682
4	0.01442	0.19168	0.10404	0.02119	0.02733	0.01702	0.49998	0.01897	0.01361	0.01810	0.01118	0.01441	0.00867	0.00515	0.00624	0.00185	0.00919	0.00597	0.00289	0.00810
5	0.00875	0.00583	0.00656	0.00656	0.00656	0.00583	0.00365	0.00875	0.00875	0.01166	0.01895	0.03937	0.02187	0.78858	0.03062	0.00583	0.00583	0.00875	0.00365	0.00365
6	0.00750	0.00536	0.00713	0.00826	0.00876	0.00500	0.00560	0.00879	0.01229	0.01659	0.13340	0.68090	0.04217	0.01793	0.00760	0.00237	0.00340	0.01623	0.00573	0.00500
7	0.01945	0.05377	0.15654	0.01508	0.01955	0.43792	0.01331	0.09179	0.10092	0.01896	0.01180	0.01284	0.00919	0.00640	0.00556	0.00169	0.00921	0.00445	0.00361	0.00797
8	0.01480	0.54832	0.26413	0.01249	0.01884	0.02065	0.01412	0.01835	0.01238	0.01572	0.00914	0.01063	0.00769	0.00533	0.00445	0.00148	0.00722	0.00361	0.00256	0.00810
9	0.00909	0.00580	0.00643	0.00643	0.00662	0.00580	0.00372	0.00949	0.00929	0.01317	0.01905	0.03699	0.02097	0.67896	0.02691	0.00521	0.00541	0.00831	0.11842	0.00392
10	0.01608	0.01396	0.01702	0.01414	0.01795	0.04172	0.11055	0.12677	0.44753	0.04438	0.02132	0.06759	0.01679	0.00817	0.00631	0.00201	0.00593	0.00717	0.00557	0.00906
11	0.01468	0.01408	0.02403	0.08158	0.70807	0.01424	0.01836	0.01827	0.01360	0.01939	0.01128	0.01496	0.00944	0.00540	0.00596	0.00180	0.00720	0.00536	0.00296	0.00936
12	0.01247	0.01069	0.01247	0.00891	0.01426	0.00802	0.00713	0.01515	0.01247	0.01960	0.01069	0.01247	0.00891	0.00446	0.00446	0.00089	0.00446	0.00356	0.00356	0.82536
13	0.00744	0.00532	0.00711	0.00851	0.00891	0.00499	0.00578	0.00857	0.01163	0.01549	0.03309	0.74990	0.03954	0.01874	0.00771	0.00246	0.00359	0.05073	0.00558	0.00492

[dist]
# distance from previous block
# <min> <max>
8	65

[block]
# block no. 9 follows, 38 sequences, length 6
# corresponding to MSA columns:
# 573-578
name=unknown_J
#
# <colnr> <probs for GDERKNQSTAVLIFYWHMCP>
#	G	D	E	R	K	N	Q	S	T	A	V	L	I	F	Y	W	H	M	C	P
0	0.05206	0.00656	0.00804	0.00757	0.00920	0.00614	0.00564	0.01198	0.01560	0.05799	0.52633	0.08145	0.12011	0.05515	0.00820	0.00215	0.00326	0.01064	0.00619	0.00573
1	0.01983	0.02394	0.01876	0.08658	0.18173	0.53370	0.01357	0.02204	0.01587	0.01586	0.00986	0.01219	0.00816	0.00600	0.00559	0.00164	0.00979	0.00433	0.00304	0.00751
2	0.00757	0.00611	0.00673	0.00657	0.00841	0.00527	0.00493	0.00952	0.01479	0.01881	0.28440	0.05368	0.52356	0.01428	0.00711	0.00199	0.00298	0.01211	0.00592	0.00527
3	0.01808	0.01362	0.01534	0.01209	0.01626	0.01445	0.00985	0.45391	0.02162	0.02972	0.01408	0.01592	0.01095	0.01429	0.15755	0.00321	0.00812	0.00528	0.00500	0.16067
4	0.01259	0.01168	0.01951	0.19487	0.44498	0.01221	0.01550	0.01576	0.01289	0.01784	0.01555	0.16917	0.01525	0.00820	0.00631	0.00197	0.00661	0.00771	0.00343	0.00797
5	0.01418	0.01357	0.02314	0.18444	0.60906	0.01411	0.01811	0.01784	0.01336	0.01880	0.01119	0.01512	0.00923	0.00549	0.00597	0.00183	0.00732	0.00536	0.00292	0.00896

[dist]
# distance from previous block
# <min> <max>
0	26

[block]
# block no. 10 follows, 38 sequences, length 6
# corresponding to MSA columns:
# 605-610
name=unknown_K
#
# <colnr> <probs for GDERKNQSTAVLIFYWHMCP>
#	G	D	E	R	K	N	Q	S	T	A	V	L	I	F	Y	W	H	M	C	P
0	0.01207	0.03112	0.75741	0.01715	0.02604	0.01397	0.02223	0.01905	0.01270	0.01905	0.01080	0.01270	0.00762	0.00572	0.00572	0.00191	0.00889	0.00445	0.00254	0.00889
1	0.00754	0.00559	0.00736	0.00829	0.00902	0.00541	0.00580	0.00886	0.01149	0.01522	0.03398	0.53587	0.13807	0.02327	0.15010	0.00374	0.00580	0.01446	0.00514	0.00501
2	0.01923	0.01648	0.01490	0.01292	0.01658	0.18229	0.01010	0.10405	0.39765	0.13020	0.01991	0.01871	0.01462	0.00752	0.00594	0.00188	0.00637	0.00589	0.00563	0.00913
3	0.16855	0.25914	0.33951	0.01284	0.01929	0.01652	0.01463	0.01923	0.01242	0.07307	0.01054	0.01179	0.00798	0.00564	0.00480	0.00170	0.00706	0.00396	0.00313	0.00818
4	0.00755	0.00541	0.00718	0.00822	0.00877	0.00503	0.00560	0.00894	0.01255	0.01701	0.16769	0.64542	0.04298	0.01761	0.00757	0.00234	0.00337	0.01593	0.00578	0.00503
5	0.00868	0.00632	0.00827	0.00825	0.00970	0.00591	0.00650	0.01140	0.01607	0.02218	0.53708	0.05102	0.10245	0.01348	0.00737	0.00210	0.00346	0.16786	0.00630	0.00560

[dist]
# distance from previous block
# <min> <max>
4	161

[block]
# block no. 11 follows, 38 sequences, length 13
# corresponding to MSA columns:
# 773-785
name=unknown_L
#
# <colnr> <probs for GDERKNQSTAVLIFYWHMCP>
#	G	D	E	R	K	N	Q	S	T	A	V	L	I	F	Y	W	H	M	C	P
0	0.27032	0.12666	0.17958	0.01486	0.09262	0.13543	0.01286	0.06888	0.01375	0.02154	0.00978	0.01142	0.00769	0.00574	0.00484	0.00173	0.00721	0.00398	0.00329	0.00784
1	0.01171	0.01017	0.01070	0.01041	0.01238	0.06223	0.00775	0.01951	0.30429	0.02033	0.12498	0.26214	0.02931	0.01491	0.06805	0.00273	0.00544	0.01034	0.00558	0.00704
2	0.00766	0.00570	0.00715	0.00811	0.00901	0.00524	0.00582	0.00909	0.01250	0.01622	0.07281	0.47606	0.20192	0.03603	0.00815	0.00245	0.00367	0.10179	0.00558	0.00502
3	0.01595	0.12499	0.03357	0.01452	0.01808	0.28402	0.13792	0.01923	0.04659	0.01763	0.14479	0.01939	0.01792	0.01018	0.06726	0.00235	0.00879	0.00597	0.00379	0.00706
4	0.01277	0.02344	0.45990	0.01458	0.02163	0.01311	0.01671	0.02117	0.17160	0.02049	0.01377	0.01479	0.01020	0.00602	0.00558	0.00175	0.00718	0.00480	0.00351	0.15701
5	0.45889	0.01549	0.08876	0.01097	0.01561	0.01538	0.00988	0.27231	0.01693	0.03007	0.01079	0.01174	0.00795	0.00618	0.00475	0.00185	0.00579	0.00415	0.00442	0.00808
6	0.01134	0.00660	0.00829	0.00795	0.00959	0.00596	0.00575	0.01300	0.01390	0.15125	0.20939	0.23623	0.16003	0.12045	0.01030	0.00260	0.00387	0.01166	0.00591	0.00591
7	0.02248	0.12412	0.01837	0.01268	0.01715	0.17979	0.01045	0.26335	0.02003	0.21681	0.01475	0.01449	0.01051	0.00665	0.00553	0.00165	0.00703	0.00486	0.00517	0.04409
8	0.00923	0.00568	0.00630	0.00669	0.00782	0.00542	0.00479	0.01110	0.01223	0.01838	0.03086	0.21701	0.15566	0.08647	0.00827	0.00225	0.00342	0.04058	0.36269	0.00515
9	0.04626	0.10322	0.36084	0.05222	0.02333	0.11884	0.08206	0.01886	0.01283	0.01755	0.01001	0.01256	0.00780	0.00626	0.00727	0.00190	0.10293	0.00458	0.00273	0.00796
10	0.01826	0.01259	0.01750	0.01364	0.01760	0.01272	0.13617	0.28947	0.01931	0.15843	0.02124	0.09028	0.07917	0.00976	0.00788	0.06852	0.00625	0.00753	0.00540	0.00830
11	0.00988	0.07804	0.01039	0.00769	0.01055	0.04494	0.00608	0.01187	0.01409	0.01794	0.16168	0.04083	0.39403	0.01144	0.00625	0.00171	0.00395	0.00945	0.00501	0.15418
12	0.01615	0.31562	0.26230	0.01369	0.01960	0.12614	0.01438	0.07650	0.06932	0.01853	0.01098	0.01216	0.00869	0.00587	0.00503	0.00162	0.00775	0.00415	0.00318	0.00833

[dist]
# distance from previous block
# <min> <max>
78	627

[block]
# block no. 12 follows, 38 sequences, length 19
# corresponding to MSA columns:
# 1443-1461
name=unknown_M
#
# <colnr> <probs for GDERKNQSTAVLIFYWHMCP>
#	G	D	E	R	K	N	Q	S	T	A	V	L	I	F	Y	W	H	M	C	P
0	0.03016	0.01403	0.06333	0.01480	0.11658	0.04872	0.01088	0.17185	0.05287	0.06472	0.04353	0.02305	0.14114	0.00819	0.00670	0.00177	0.04965	0.00650	0.00467	0.12685
1	0.07940	0.05530	0.04141	0.01745	0.14857	0.02414	0.08455	0.19274	0.04145	0.06104	0.03676	0.01522	0.01122	0.00624	0.00598	0.00169	0.02777	0.00520	0.00428	0.13958
2	0.03446	0.01524	0.06431	0.17432	0.04721	0.12727	0.01182	0.09573	0.09919	0.04248	0.03952	0.05407	0.02379	0.00776	0.01696	0.00187	0.00690	0.00586	0.01619	0.11505
3	0.01258	0.01140	0.03158	0.01107	0.02485	0.08009	0.05100	0.08020	0.11364	0.01857	0.09624	0.06557	0.02200	0.30726	0.04501	0.00371	0.00655	0.00800	0.00447	0.00621
4	0.02448	0.09404	0.05598	0.04163	0.03735	0.03192	0.08185	0.07808	0.03337	0.07113	0.02494	0.02365	0.01468	0.28218	0.01442	0.00314	0.00658	0.00642	0.00393	0.07023
5	0.02698	0.12723	0.04855	0.01118	0.01454	0.01090	0.08155	0.01585	0.05783	0.06028	0.14046	0.10511	0.05261	0.05074	0.00753	0.00209	0.00536	0.08621	0.00470	0.09029
6	0.01437	0.01499	0.04992	0.25027	0.27383	0.08984	0.09037	0.01796	0.01345	0.03729	0.01237	0.02885	0.02089	0.00617	0.00638	0.00187	0.02765	0.00562	0.00310	0.03479
7	0.01222	0.01006	0.01085	0.01015	0.01210	0.08559	0.00784	0.07264	0.06667	0.04169	0.02110	0.02546	0.09098	0.05522	0.40332	0.00605	0.01124	0.00681	0.04371	0.00632
8	0.01614	0.04501	0.09123	0.01453	0.08433	0.01395	0.01154	0.23346	0.15301	0.05366	0.06244	0.06612	0.01698	0.00962	0.03548	0.00217	0.00629	0.02730	0.00508	0.05165
9	0.01368	0.07313	0.14206	0.01899	0.22469	0.04942	0.01342	0.05875	0.09188	0.02059	0.13478	0.02139	0.01868	0.05139	0.03951	0.00236	0.00688	0.00628	0.00404	0.00807
10	0.01207	0.01101	0.01142	0.00943	0.01317	0.08409	0.00716	0.01418	0.01268	0.01793	0.01676	0.22558	0.01732	0.00861	0.00544	0.00139	0.00484	0.00733	0.00407	0.51551
11	0.01139	0.07378	0.16276	0.01118	0.01419	0.08657	0.01039	0.01386	0.01136	0.01499	0.04049	0.02204	0.03356	0.10831	0.29330	0.06595	0.01063	0.00602	0.00321	0.00604
12	0.01415	0.36220	0.30900	0.01554	0.09425	0.01788	0.01549	0.01825	0.01258	0.01700	0.00977	0.01157	0.00795	0.00534	0.00483	0.00155	0.00731	0.00393	0.00267	0.06874
13	0.01604	0.01370	0.01321	0.01173	0.01491	0.11133	0.00924	0.12198	0.31986	0.06566	0.09068	0.02833	0.08697	0.00938	0.00635	0.00197	0.00557	0.05907	0.00574	0.00828
14	0.02031	0.02208	0.01620	0.01412	0.01771	0.42400	0.01087	0.14979	0.18076	0.02141	0.01368	0.01417	0.01063	0.00672	0.00563	0.00167	0.00839	0.00478	0.00432	0.05275
15	0.01094	0.00740	0.00935	0.08585	0.01214	0.00775	0.00642	0.06419	0.01178	0.05748	0.05888	0.10096	0.02223	0.43923	0.07613	0.00468	0.00646	0.00871	0.00424	0.00517
16	0.01506	0.11425	0.09460	0.01231	0.01642	0.01487	0.04102	0.13424	0.28216	0.02366	0.01763	0.01834	0.01358	0.00993	0.06376	0.00240	0.00656	0.00571	0.10501	0.00848
17	0.05072	0.20213	0.01619	0.01132	0.06853	0.01249	0.00847	0.06669	0.01247	0.07172	0.01306	0.01664	0.01107	0.01488	0.11519	0.18927	0.00697	0.00494	0.10082	0.00644
18	0.01300	0.10610	0.35076	0.09503	0.13375	0.01434	0.01701	0.05607	0.01312	0.01845	0.01167	0.01549	0.00948	0.05328	0.06522	0.00264	0.00852	0.00499	0.00293	0.00814

[dist]
# distance from previous block
# <min> <max>
6	24

[block]
# block no. 13 follows, 38 sequences, length 9
# corresponding to MSA columns:
# 1487-1495
name=unknown_N
#
# <colnr> <probs for GDERKNQSTAVLIFYWHMCP>
