[name]
unknown

[dist]
# distance from previous block
# <min> <max>
16	155

[block]
# block no. 0 follows, 43 sequences, length 13
# corresponding to MSA columns:
# 175-187
name=unknown_A
#
# <colnr> <probs for GDERKNQSTAVLIFYWHMCP>
#	G	D	E	R	K	N	Q	S	T	A	V	L	I	F	Y	W	H	M	C	P
0	0.12535	0.19936	0.01609	0.00987	0.01382	0.01416	0.00835	0.12410	0.16915	0.12604	0.01475	0.04828	0.01164	0.00642	0.00474	0.00155	0.00494	0.00489	0.00447	0.09203
1	0.01245	0.04606	0.01278	0.05754	0.06868	0.02575	0.00867	0.13019	0.21930	0.02197	0.19663	0.08335	0.07557	0.00900	0.00588	0.00178	0.00454	0.00766	0.00506	0.00716
2	0.01053	0.06819	0.01322	0.01444	0.20864	0.00926	0.00881	0.06571	0.01437	0.01944	0.27290	0.08434	0.16886	0.00975	0.00600	0.00173	0.00423	0.00851	0.00465	0.00644
3	0.05024	0.01231	0.01134	0.01104	0.06803	0.15183	0.00758	0.17637	0.01473	0.01914	0.01908	0.02441	0.11182	0.21614	0.01126	0.00259	0.00585	0.00633	0.07382	0.00610
4	0.01857	0.01205	0.01240	0.01061	0.01381	0.12064	0.00839	0.05060	0.19392	0.32531	0.05270	0.02298	0.01675	0.05478	0.00703	0.00199	0.00542	0.05851	0.00557	0.00798
5	0.03202	0.04463	0.18563	0.01171	0.01615	0.10624	0.01100	0.02126	0.22968	0.09557	0.01603	0.07358	0.01292	0.00686	0.00526	0.00164	0.00589	0.00551	0.00417	0.11424
6	0.01570	0.01545	0.16743	0.01322	0.01631	0.07508	0.01240	0.01832	0.01196	0.21356	0.01337	0.01738	0.01073	0.00816	0.01044	0.00203	0.30821	0.05915	0.00380	0.00732
7	0.01260	0.34294	0.47543	0.01324	0.02004	0.01651	0.01604	0.01715	0.01152	0.01572	0.00904	0.01056	0.00705	0.00505	0.00457	0.00152	0.00727	0.00364	0.00235	0.00775
8	0.00765	0.00533	0.00639	0.00679	0.00717	0.00515	0.00438	0.00833	0.00983	0.01301	0.06879	0.23981	0.08138	0.44060	0.01840	0.00389	0.00444	0.06045	0.00423	0.00398
9	0.01584	0.01364	0.02802	0.02017	0.02547	0.01263	0.57620	0.01991	0.01373	0.19561	0.01371	0.01586	0.00965	0.00518	0.00631	0.00183	0.00825	0.00631	0.00375	0.00793
10	0.01667	0.01125	0.01261	0.01090	0.01433	0.01230	0.00860	0.02879	0.56597	0.21972	0.02236	0.02019	0.01607	0.00734	0.00562	0.00184	0.00447	0.00608	0.00595	0.00894
11	0.00749	0.00591	0.00693	0.00744	0.00907	0.00535	0.00609	0.00935	0.01267	0.01560	0.04544	0.05695	0.47523	0.01453	0.00699	0.00214	0.00372	0.29912	0.00513	0.00484
12	0.01351	0.01296	0.02213	0.07892	0.72740	0.01311	0.01690	0.01683	0.01252	0.01786	0.01038	0.01377	0.00869	0.00497	0.00549	0.00166	0.00663	0.00493	0.00272	0.00862

[dist]
# distance from previous block
# <min> <max>
0	24

[block]
# block no. 1 follows, 43 sequences, length 48
# corresponding to MSA columns:
# 212-256,259-261
name=unknown_B
#
# <colnr> <probs for GDERKNQSTAVLIFYWHMCP>
#	G	D	E	R	K	N	Q	S	T	A	V	L	I	F	Y	W	H	M	C	P
0	0.03532	0.01519	0.01865	0.02150	0.30717	0.19039	0.08876	0.01936	0.06106	0.09475	0.01372	0.05584	0.01165	0.00650	0.00562	0.00171	0.00704	0.03443	0.00361	0.00773
1	0.26516	0.01152	0.01337	0.18902	0.10013	0.05709	0.02636	0.03226	0.07838	0.01995	0.05551	0.01520	0.02722	0.00593	0.00484	0.00166	0.00558	0.00471	0.00351	0.08260
2	0.01621	0.01797	0.01559	0.21193	0.02189	0.38402	0.04102	0.04807	0.04654	0.03477	0.05995	0.03073	0.01150	0.00633	0.00538	0.00161	0.00798	0.00492	0.00335	0.03025
3	0.23933	0.01098	0.01151	0.00928	0.01324	0.01112	0.00748	0.11647	0.13549	0.12983	0.01398	0.03210	0.01063	0.00597	0.00464	0.00150	0.00453	0.00453	0.00455	0.23283
4	0.01191	0.01134	0.01916	0.44197	0.35446	0.01281	0.01599	0.01536	0.01167	0.01583	0.01002	0.01423	0.00798	0.00539	0.00587	0.00178	0.02943	0.00493	0.00258	0.00728
5	0.01349	0.00998	0.01249	0.01096	0.01378	0.01053	0.05144	0.12433	0.24296	0.08689	0.14715	0.03247	0.04448	0.00966	0.00628	0.00195	0.00476	0.16355	0.00551	0.00735
6	0.01245	0.28423	0.48361	0.01419	0.02108	0.01591	0.06323	0.01724	0.01164	0.01607	0.00928	0.01098	0.00713	0.00505	0.00478	0.00157	0.00751	0.00388	0.00238	0.00779
7	0.00734	0.00531	0.00628	0.00680	0.00741	0.00499	0.00454	0.00815	0.01026	0.01323	0.03128	0.30192	0.19245	0.30736	0.01479	0.00334	0.00405	0.06187	0.00448	0.00416
8	0.01518	0.01257	0.01343	0.01015	0.01471	0.04536	0.00818	0.25901	0.06006	0.02371	0.01167	0.01255	0.00906	0.00521	0.00471	0.00119	0.00504	0.00403	0.00415	0.48003
9	0.01252	0.01224	0.01865	0.02148	0.29351	0.01513	0.01370	0.01454	0.01002	0.01507	0.00876	0.01312	0.00811	0.00930	0.04630	0.00241	0.47065	0.00493	0.00256	0.00701
10	0.02081	0.01360	0.01507	0.01159	0.01596	0.02969	0.00951	0.46835	0.04291	0.21153	0.01519	0.01460	0.01050	0.00645	0.00540	0.00159	0.00559	0.00497	0.00558	0.09110
11	0.01218	0.25472	0.55999	0.01396	0.02114	0.01549	0.01728	0.01726	0.01157	0.01623	0.00929	0.01088	0.00704	0.00511	0.00477	0.00159	0.00753	0.00376	0.00235	0.00787
12	0.00675	0.00482	0.00643	0.00771	0.00803	0.00450	0.00514	0.00771	0.01060	0.01414	0.03053	0.80175	0.03663	0.01735	0.00707	0.00225	0.00321	0.01574	0.00514	0.00450
13	0.00737	0.00530	0.00698	0.00729	0.00817	0.00491	0.00519	0.00927	0.01348	0.01872	0.44887	0.37035	0.04550	0.01393	0.00676	0.00196	0.00287	0.01249	0.00568	0.00491
14	0.01371	0.01316	0.02248	0.03399	0.77081	0.01316	0.01700	0.01700	0.01261	0.01809	0.01042	0.01371	0.00877	0.00493	0.00548	0.00164	0.00658	0.00493	0.00274	0.00877
15	0.00798	0.00570	0.00784	0.00912	0.00999	0.00556	0.00729	0.00985	0.01182	0.01552	0.02984	0.38232	0.03393	0.01619	0.00740	0.00242	0.00428	0.42298	0.00512	0.00484
16	0.00675	0.00482	0.00643	0.00771	0.00803	0.00450	0.00514	0.00771	0.01060	0.01414	0.03053	0.80175	0.03663	0.01735	0.00707	0.00225	0.00321	0.01574	0.00514	0.00450
17	0.06437	0.00829	0.01007	0.00913	0.01110	0.00934	0.00724	0.17874	0.01320	0.01972	0.01450	0.01887	0.01240	0.02632	0.44649	0.00572	0.01044	0.00542	0.12258	0.00606
18	0.00793	0.00588	0.00861	0.00861	0.00949	0.00676	0.00655	0.00970	0.00881	0.01264	0.01510	0.02325	0.01450	0.12048	0.70536	0.00854	0.01386	0.00615	0.00301	0.00478
19	0.00706	0.00504	0.00678	0.00807	0.00852	0.00477	0.00568	0.00825	0.01091	0.01449	0.03035	0.69615	0.03595	0.01706	0.00715	0.00229	0.00348	0.11827	0.00514	0.00458
20	0.01111	0.02865	0.77667	0.01579	0.02397	0.01286	0.02046	0.01754	0.01169	0.01754	0.00994	0.01169	0.00702	0.00526	0.00526	0.00175	0.00818	0.00409	0.00234	0.00818
21	0.84448	0.01071	0.00814	0.00728	0.01071	0.01242	0.00600	0.01628	0.00943	0.02485	0.00771	0.00900	0.00600	0.00514	0.00343	0.00171	0.00428	0.00300	0.00343	0.00600
22	0.01111	0.02865	0.77667	0.01579	0.02397	0.01286	0.02046	0.01754	0.01169	0.01754	0.00994	0.01169	0.00702	0.00526	0.00526	0.00175	0.00818	0.00409	0.00234	0.00818
23	0.00675	0.00482	0.00643	0.00771	0.00803	0.00450	0.00514	0.00771	0.01060	0.01414	0.03053	0.80175	0.03663	0.01735	0.00707	0.00225	0.00321	0.01574	0.00514	0.00450
24	0.01307	0.01494	0.03268	0.02334	0.02894	0.01401	0.75070	0.01774	0.01307	0.01774	0.01120	0.01494	0.00840	0.00467	0.00654	0.00187	0.00934	0.00654	0.00280	0.00747
25	0.02485	0.00943	0.01285	0.00985	0.01414	0.00814	0.00814	0.02699	0.01585	0.77465	0.02185	0.01885	0.01371	0.00685	0.00557	0.00171	0.00471	0.00557	0.00685	0.00943
26	0.01046	0.00984	0.01661	0.79205	0.03814	0.01230	0.01538	0.01415	0.01107	0.01415	0.00984	0.01477	0.00738	0.00554	0.00554	0.00185	0.00738	0.00492	0.00246	0.00615
27	0.01481	0.80869	0.02902	0.00948	0.01421	0.02191	0.00948	0.01658	0.01125	0.01303	0.00770	0.00888	0.00711	0.00474	0.00355	0.00118	0.00592	0.00296	0.00237	0.00711
28	0.00776	0.00566	0.00730	0.00689	0.00823	0.00519	0.00517	0.01031	0.01550	0.02179	0.72649	0.04206	0.09392	0.01148	0.00653	0.00175	0.00262	0.01011	0.00604	0.00519
29	0.00870	0.00549	0.00663	0.00634	0.00764	0.00520	0.00476	0.01130	0.01427	0.02167	0.50868	0.03421	0.03910	0.00964	0.00561	0.00159	0.00260	0.00834	0.29303	0.00520
30	0.00655	0.00561	0.00561	0.00561	0.00748	0.00468	0.00421	0.00795	0.01262	0.01496	0.05610	0.05330	0.76857	0.01403	0.00655	0.00187	0.00281	0.01169	0.00514	0.00468
31	0.02485	0.00943	0.01285	0.00985	0.01414	0.00814	0.00814	0.02699	0.01585	0.77465	0.02185	0.01885	0.01371	0.00685	0.00557	0.00171	0.00471	0.00557	0.00685	0.00943
32	0.01857	0.00804	0.01084	0.00879	0.01197	0.00706	0.00706	0.02089	0.01579	0.49690	0.29724	0.02716	0.02794	0.00850	0.00592	0.00172	0.00394	0.00721	0.00657	0.00788
33	0.00675	0.00482	0.00643	0.00771	0.00803	0.00450	0.00514	0.00771	0.01060	0.01414	0.03053	0.80175	0.03663	0.01735	0.00707	0.00225	0.00321	0.01574	0.00514	0.00450
34	0.01186	0.01128	0.01915	0.46408	0.35514	0.01267	0.01608	0.01538	0.01174	0.01586	0.01009	0.01431	0.00798	0.00528	0.00551	0.00176	0.00704	0.00493	0.00258	0.00729
35	0.01921	0.02061	0.01519	0.01324	0.01652	0.43303	0.01022	0.19156	0.18669	0.02064	0.01281	0.01316	0.00987	0.00633	0.00526	0.00158	0.00782	0.00450	0.00410	0.00764
36	0.01111	0.02865	0.77667	0.01579	0.02397	0.01286	0.02046	0.01754	0.01169	0.01754	0.00994	0.01169	0.00702	0.00526	0.00526	0.00175	0.00818	0.00409	0.00234	0.00818
37	0.01186	0.01128	0.01915	0.46408	0.35514	0.01267	0.01608	0.01538	0.01174	0.01586	0.01009	0.01431	0.00798	0.00528	0.00551	0.00176	0.00704	0.00493	0.00258	0.00729
38	0.00751	0.00560	0.00699	0.00675	0.00810	0.00507	0.00502	0.00978	0.01475	0.02026	0.58030	0.09203	0.19291	0.01224	0.00657	0.00180	0.00269	0.01071	0.00585	0.00507
39	0.01371	0.01316	0.02248	0.03399	0.77081	0.01316	0.01700	0.01700	0.01261	0.01809	0.01042	0.01371	0.00877	0.00493	0.00548	0.00164	0.00658	0.00493	0.00274	0.00877
40	0.01462	0.01724	0.02881	0.02127	0.02617	0.17279	0.58080	0.01854	0.01351	0.01677	0.01057	0.01385	0.00812	0.00500	0.00649	0.00179	0.02777	0.00588	0.00280	0.00722
41	0.00709	0.00510	0.00695	0.00787	0.00832	0.00509	0.00542	0.00822	0.01006	0.01364	0.02622	0.58024	0.03053	0.07276	0.18049	0.00392	0.00593	0.01308	0.00455	0.00452
42	0.00678	0.00544	0.00605	0.00628	0.00772	0.00471	0.00456	0.00825	0.01260	0.01581	0.15199	0.22097	0.50061	0.01439	0.00666	0.00194	0.00287	0.01237	0.00528	0.00471
43	0.01800	0.01480	0.01377	0.01182	0.01527	0.16297	0.00928	0.12823	0.38810	0.14949	0.01842	0.01726	0.01342	0.00693	0.00549	0.00173	0.00577	0.00544	0.00529	0.00851
44	0.01279	0.01209	0.02269	0.01704	0.02127	0.01161	0.42882	0.01828	0.12580	0.07556	0.05290	0.07102	0.08872	0.00728	0.00636	0.00188	0.00691	0.00767	0.00406	0.00725
45	0.01123	0.00705	0.00892	0.00840	0.01049	0.00628	0.00617	0.01363	0.05933	0.14583	0.02444	0.46168	0.02583	0.01231	0.00613	0.00185	0.00372	0.01093	0.00510	0.17068
46	0.01276	0.01003	0.01652	0.62315	0.08997	0.01177	0.01447	0.01620	0.01187	0.12308	0.01160	0.01527	0.00839	0.00568	0.00554	0.00181	0.00694	0.00502	0.00311	0.00682
47	0.01214	0.00993	0.01170	0.01058	0.01279	0.01156	0.00830	0.09791	0.33840	0.01991	0.03635	0.02064	0.01541	0.04079	0.27321	0.00438	0.05836	0.00606	0.00446	0.00712

[dist]
# distance from previous block
# <min> <max>
2	10

[block]
# block no. 2 follows, 43 sequences, length 43
# corresponding to MSA columns:
# 272-314
name=unknown_C
#
# <colnr> <probs for GDERKNQSTAVLIFYWHMCP>
#	G	D	E	R	K	N	Q	S	T	A	V	L	I	F	Y	W	H	M	C	P
0	0.00927	0.00740	0.00943	0.01020	0.07036	0.00742	0.00686	0.01405	0.16369	0.01945	0.30454	0.24899	0.05741	0.01160	0.00634	0.00188	0.00351	0.01031	0.00535	0.03191
1	0.01561	0.01832	0.02530	0.02153	0.12645	0.26434	0.39335	0.01898	0.01383	0.01643	0.01021	0.01308	0.00804	0.00503	0.00584	0.00167	0.00906	0.00528	0.00282	0.02483
2	0.00954	0.00734	0.00882	0.00789	0.01038	0.00622	0.00583	0.03703	0.01160	0.01704	0.02019	0.37808	0.02188	0.01051	0.00551	0.00155	0.00364	0.00926	0.07062	0.35706
3	0.02073	0.02517	0.01580	0.01410	0.01713	0.69665	0.01068	0.10456	0.01686	0.01596	0.00910	0.01036	0.00739	0.00581	0.00506	0.00145	0.00955	0.00373	0.00316	0.00676
4	0.01481	0.80869	0.02902	0.00948	0.01421	0.02191	0.00948	0.01658	0.01125	0.01303	0.00770	0.00888	0.00711	0.00474	0.00355	0.00118	0.00592	0.00296	0.00237	0.00711
5	0.01148	0.00984	0.01148	0.00820	0.01312	0.00738	0.00656	0.01395	0.01148	0.01805	0.00984	0.01148	0.00820	0.00410	0.00410	0.00082	0.00410	0.00328	0.00328	0.83922
6	0.01062	0.01017	0.01651	0.01384	0.01520	0.01249	0.13805	0.01274	0.00944	0.01391	0.01093	0.01641	0.01006	0.02138	0.31791	0.00488	0.35132	0.00557	0.00270	0.00586
7	0.02428	0.00930	0.01267	0.00976	0.01394	0.00804	0.00804	0.02644	0.01585	0.74969	0.04660	0.01960	0.01499	0.00700	0.00560	0.00171	0.00464	0.00572	0.00683	0.00929
8	0.02453	0.00993	0.01316	0.01009	0.01439	0.00889	0.00834	0.08710	0.01670	0.71335	0.02114	0.01839	0.01335	0.00684	0.00557	0.00171	0.00483	0.00552	0.00675	0.00942
9	0.00667	0.00512	0.00612	0.00692	0.00783	0.00456	0.00479	0.00780	0.01136	0.01445	0.04011	0.52144	0.31075	0.01611	0.00687	0.00211	0.00306	0.01423	0.00514	0.00456
10	0.00805	0.00540	0.00617	0.00617	0.00622	0.00544	0.00352	0.00814	0.00809	0.01084	0.01733	0.03557	0.01984	0.76988	0.06327	0.00553	0.00581	0.00796	0.00334	0.00343
11	0.01046	0.00984	0.01661	0.79205	0.03814	0.01230	0.01538	0.01415	0.01107	0.01415	0.00984	0.01477	0.00738	0.00554	0.00554	0.00185	0.00738	0.00492	0.00246	0.00615
12	0.01481	0.80869	0.02902	0.00948	0.01421	0.02191	0.00948	0.01658	0.01125	0.01303	0.00770	0.00888	0.00711	0.00474	0.00355	0.00118	0.00592	0.00296	0.00237	0.00711
13	0.09262	0.01493	0.02105	0.02399	0.36323	0.10839	0.15048	0.06305	0.07324	0.01952	0.01122	0.01357	0.00893	0.00531	0.00544	0.00169	0.00709	0.00499	0.00323	0.00802
14	0.00681	0.00527	0.00606	0.00656	0.00763	0.00468	0.00457	0.00798	0.01160	0.01466	0.07798	0.35493	0.37886	0.07597	0.00842	0.00229	0.00316	0.01297	0.00505	0.00453
15	0.02485	0.00943	0.01285	0.00985	0.01414	0.00814	0.00814	0.02699	0.01585	0.77465	0.02185	0.01885	0.01371	0.00685	0.00557	0.00171	0.00471	0.00557	0.00685	0.00943
16	0.01133	0.00710	0.01019	0.00947	0.01131	0.00659	0.06542	0.04682	0.01275	0.15685	0.02893	0.46464	0.09719	0.01352	0.00665	0.00207	0.00413	0.03386	0.00529	0.00591
17	0.08333	0.01836	0.01480	0.01251	0.01607	0.30572	0.00984	0.27089	0.12309	0.07262	0.01293	0.01311	0.00962	0.00631	0.00519	0.00161	0.00710	0.00451	0.00446	0.00793
18	0.84448	0.01071	0.00814	0.00728	0.01071	0.01242	0.00600	0.01628	0.00943	0.02485	0.00771	0.00900	0.00600	0.00514	0.00343	0.00171	0.00428	0.00300	0.00343	0.00600
19	0.02072	0.02538	0.01578	0.01413	0.01713	0.71147	0.01068	0.09043	0.01666	0.01555	0.00900	0.01030	0.00735	0.00580	0.00504	0.00145	0.00962	0.00370	0.00310	0.00670
20	0.00737	0.00528	0.00651	0.00737	0.00829	0.00489	0.00540	0.00884	0.01150	0.01532	0.03511	0.43951	0.20379	0.01524	0.00674	0.00212	0.00335	0.12579	0.08287	0.00470
21	0.01268	0.00722	0.00857	0.00752	0.01010	0.00648	0.00588	0.01560	0.07151	0.23913	0.16684	0.03865	0.36590	0.01096	0.00619	0.00180	0.00345	0.00919	0.00585	0.00647
22	0.02105	0.01551	0.01662	0.01274	0.01717	0.01717	0.01053	0.75235	0.02604	0.03490	0.01330	0.01330	0.00942	0.00665	0.00554	0.00166	0.00609	0.00499	0.00554	0.00942
23	0.01061	0.01006	0.01664	0.71932	0.03594	0.01274	0.01508	0.01407	0.01083	0.01407	0.00960	0.01452	0.00737	0.00593	0.00672	0.00190	0.08109	0.00491	0.00246	0.00614
24	0.01200	0.02037	0.36866	0.01717	0.02323	0.01324	0.24574	0.01765	0.05700	0.01759	0.01084	0.01327	0.00816	0.00554	0.00680	0.00179	0.08163	0.00499	0.00276	0.07157
25	0.01991	0.01495	0.01598	0.01251	0.01674	0.01664	0.01025	0.63923	0.14101	0.03307	0.01474	0.01445	0.01059	0.00678	0.00556	0.00170	0.00583	0.00519	0.00556	0.00932
26	0.02128	0.01515	0.01639	0.01257	0.01699	0.01663	0.01038	0.70859	0.02542	0.07953	0.01381	0.01363	0.00968	0.00666	0.00554	0.00167	0.00601	0.00502	0.00562	0.00942
27	0.01461	0.00988	0.01102	0.00968	0.01263	0.01049	0.00751	0.02392	0.42518	0.18386	0.02723	0.02655	0.13359	0.06937	0.00749	0.00211	0.00428	0.00709	0.00565	0.00786
28	0.01105	0.01204	0.02428	0.01784	0.02228	0.01111	0.51903	0.01470	0.01293	0.01688	0.02514	0.02684	0.24432	0.00757	0.00654	0.00187	0.00731	0.00814	0.00353	0.00660
29	0.02219	0.00884	0.01200	0.00940	0.01322	0.00768	0.00768	0.02440	0.01582	0.65692	0.13858	0.02237	0.01974	0.00755	0.00572	0.00172	0.00438	0.00627	0.00674	0.00877
30	0.02198	0.00974	0.01245	0.00980	0.01378	0.00897	0.00801	0.08323	0.07353	0.58693	0.02443	0.02177	0.08423	0.00756	0.00566	0.00174	0.00462	0.00615	0.00650	0.00893
31	0.01268	0.01406	0.02900	0.02123	0.02570	0.01416	0.59498	0.01665	0.01213	0.01679	0.01073	0.01479	0.00847	0.00721	0.04453	0.00229	0.13852	0.00623	0.00275	0.00712
32	0.02279	0.01273	0.01490	0.01142	0.01579	0.01304	0.00944	0.42058	0.02138	0.37325	0.01721	0.01584	0.01138	0.00674	0.00555	0.00169	0.00546	0.00525	0.00614	0.00942
33	0.01111	0.02865	0.77667	0.01579	0.02397	0.01286	0.02046	0.01754	0.01169	0.01754	0.00994	0.01169	0.00702	0.00526	0.00526	0.00175	0.00818	0.00409	0.00234	0.00818
34	0.01088	0.01003	0.01248	0.13378	0.01668	0.08231	0.01061	0.01309	0.01164	0.01501	0.01928	0.08300	0.02030	0.01170	0.00948	0.00229	0.18932	0.33869	0.00386	0.00557
35	0.01191	0.19776	0.61458	0.01442	0.02186	0.01482	0.01808	0.01733	0.01160	0.01656	0.00945	0.01108	0.00704	0.00515	0.00489	0.00163	0.00769	0.00385	0.00235	0.00795
36	0.01081	0.00683	0.00874	0.00833	0.01023	0.00651	0.00667	0.01423	0.07192	0.12568	0.36807	0.04264	0.10642	0.01158	0.00659	0.00195	0.00364	0.17731	0.00585	0.00600
37	0.01046	0.00984	0.01661	0.79205	0.03814	0.01230	0.01538	0.01415	0.01107	0.01415	0.00984	0.01477	0.00738	0.00554	0.00554	0.00185	0.00738	0.00492	0.00246	0.00615
38	0.01118	0.01556	0.18788	0.01807	0.02301	0.01155	0.41922	0.01537	0.01220	0.01686	0.01542	0.19698	0.01466	0.00774	0.00638	0.00193	0.00766	0.00815	0.00324	0.00693
39	0.00715	0.00552	0.00631	0.00675	0.00793	0.00499	0.00493	0.00841	0.01153	0.01437	0.04119	0.20385	0.40090	0.13665	0.01014	0.00258	0.00361	0.11383	0.00486	0.00450
40	0.01237	0.01036	0.00856	0.00787	0.01012	0.16211	0.00601	0.03678	0.01374	0.08760	0.03376	0.03304	0.35762	0.00981	0.00553	0.00163	0.00448	0.00786	0.18501	0.00572
41	0.01265	0.15737	0.58101	0.01445	0.02171	0.01477	0.01770	0.08612	0.01296	0.01841	0.00988	0.01137	0.00726	0.00530	0.00500	0.00165	0.00761	0.00399	0.00264	0.00812
42	0.01307	0.01494	0.03268	0.02334	0.02894	0.01401	0.75070	0.01774	0.01307	0.01774	0.01120	0.01494	0.00840	0.00467	0.00654	0.00187	0.00934	0.00654	0.00280	0.00747

[dist]
# distance from previous block
# <min> <max>
0	6

[block]
# block no. 3 follows, 43 sequences, length 29
# corresponding to MSA columns:
# 321-349
name=unknown_D
#
# <colnr> <probs for GDERKNQSTAVLIFYWHMCP>
#	G	D	E	R	K	N	Q	S	T	A	V	L	I	F	Y	W	H	M	C	P
0	0.01307	0.01494	0.03268	0.02334	0.02894	0.01401	0.75070	0.01774	0.01307	0.01774	0.01120	0.01494	0.00840	0.00467	0.00654	0.00187	0.00934	0.00654	0.00280	0.00747
1	0.00816	0.00583	0.00804	0.00932	0.01026	0.00571	0.00759	0.01015	0.01199	0.01571	0.02975	0.32330	0.03355	0.01602	0.00744	0.00244	0.00443	0.48029	0.00511	0.00489
2	0.01128	0.21820	0.44737	0.01267	0.01859	0.01360	0.01488	0.01564	0.01169	0.01627	0.05763	0.11235	0.01350	0.00702	0.00514	0.00167	0.00666	0.00564	0.00293	0.00727
3	0.01299	0.01180	0.01947	0.01470	0.01859	0.01160	0.30349	0.19740	0.01671	0.02238	0.16014	0.02584	0.14344	0.00796	0.00629	0.00179	0.00619	0.00766	0.00449	0.00707
4	0.00918	0.00871	0.01651	0.01372	0.01607	0.00815	0.29152	0.01156	0.01155	0.01552	0.02310	0.49952	0.02579	0.01248	0.00686	0.00210	0.00557	0.01221	0.00424	0.00564
5	0.01510	0.01237	0.13920	0.01100	0.01465	0.01012	0.01015	0.15371	0.01429	0.20715	0.01548	0.01778	0.01185	0.02037	0.31553	0.00458	0.00958	0.00536	0.00431	0.00743
6	0.01502	0.01600	0.15165	0.01881	0.02445	0.01269	0.44449	0.02015	0.05763	0.16142	0.01368	0.01548	0.00968	0.00535	0.00609	0.00182	0.00798	0.00593	0.00366	0.00804
7	0.01008	0.00817	0.01143	0.01419	0.15254	0.00840	0.00946	0.01456	0.13679	0.01735	0.02497	0.23023	0.02626	0.01258	0.00677	0.00219	0.00479	0.29823	0.00476	0.00625
8	0.00780	0.00562	0.00695	0.00661	0.00801	0.00513	0.00496	0.01021	0.01488	0.02089	0.59609	0.04189	0.16886	0.01143	0.00635	0.00173	0.00264	0.00995	0.06488	0.00513
9	0.01537	0.16091	0.01703	0.01187	0.01476	0.05042	0.01021	0.27457	0.01658	0.02170	0.01502	0.02435	0.01411	0.00891	0.00777	0.00191	0.13743	0.18566	0.00420	0.00722
10	0.01333	0.01423	0.02861	0.02759	0.32462	0.01367	0.45828	0.01744	0.01289	0.01788	0.01089	0.01445	0.00855	0.00477	0.00612	0.00178	0.00824	0.00590	0.00278	0.00799
11	0.01307	0.01494	0.03268	0.02334	0.02894	0.01401	0.75070	0.01774	0.01307	0.01774	0.01120	0.01494	0.00840	0.00467	0.00654	0.00187	0.00934	0.00654	0.00280	0.00747
12	0.01046	0.00984	0.01661	0.79205	0.03814	0.01230	0.01538	0.01415	0.01107	0.01415	0.00984	0.01477	0.00738	0.00554	0.00554	0.00185	0.00738	0.00492	0.00246	0.00615
13	0.08795	0.01476	0.02155	0.01624	0.02079	0.14013	0.33132	0.02126	0.01408	0.25567	0.01382	0.01484	0.00966	0.00557	0.00571	0.00173	0.00757	0.00544	0.00414	0.00779
14	0.01499	0.01031	0.01144	0.01002	0.01319	0.01103	0.00787	0.02532	0.47359	0.18583	0.02798	0.02570	0.14140	0.00845	0.00577	0.00184	0.00419	0.00701	0.00582	0.00823
15	0.01235	0.01282	0.02087	0.01673	0.01812	0.01623	0.19575	0.01443	0.00962	0.01443	0.00825	0.01282	0.00755	0.00844	0.01528	0.00229	0.59983	0.00527	0.00252	0.00641
16	0.01528	0.00747	0.00948	0.00818	0.01063	0.00693	0.00637	0.06135	0.01490	0.30337	0.20900	0.12705	0.02631	0.02279	0.00611	0.00178	0.00373	0.00795	0.14442	0.00691
17	0.01241	0.01184	0.02014	0.33612	0.47881	0.01282	0.01635	0.01586	0.01200	0.01652	0.01019	0.01413	0.00822	0.00517	0.00550	0.00172	0.00690	0.00493	0.00263	0.00773
18	0.00827	0.00598	0.00810	0.00909	0.01025	0.00581	0.00753	0.01048	0.01272	0.01670	0.11654	0.18252	0.08733	0.01509	0.00735	0.00236	0.00434	0.47934	0.00522	0.00498
19	0.00774	0.00577	0.00727	0.00721	0.00863	0.00530	0.00562	0.01008	0.01452	0.01969	0.48951	0.04749	0.20522	0.01257	0.00672	0.00190	0.00307	0.13089	0.00572	0.00508
20	0.01704	0.02407	0.20433	0.01406	0.01832	0.43457	0.01277	0.03700	0.15210	0.01674	0.01157	0.01244	0.00895	0.00595	0.00519	0.00160	0.00843	0.00422	0.00329	0.00735
21	0.01101	0.00642	0.00795	0.00773	0.00973	0.00570	0.00606	0.01272	0.01307	0.18112	0.06101	0.18635	0.32302	0.01321	0.00661	0.00202	0.00367	0.13129	0.00554	0.00577
22	0.00711	0.00508	0.00684	0.00813	0.00861	0.00481	0.00577	0.00834	0.01096	0.01454	0.03032	0.67862	0.03584	0.01701	0.00717	0.00230	0.00353	0.13530	0.00513	0.00460
23	0.01355	0.01202	0.01754	0.15115	0.34730	0.01308	0.01343	0.02140	0.28625	0.04397	0.01513	0.01660	0.01168	0.00604	0.00555	0.00177	0.00585	0.00544	0.00389	0.00836
24	0.01279	0.34873	0.32330	0.01172	0.01719	0.01587	0.01311	0.05632	0.01182	0.01573	0.01018	0.01384	0.00891	0.11013	0.00758	0.00199	0.00676	0.00419	0.00266	0.00717
25	0.01943	0.01272	0.01424	0.01151	0.01544	0.01373	0.00931	0.31694	0.28275	0.21468	0.01868	0.01728	0.01313	0.00701	0.00558	0.00175	0.00515	0.00558	0.00590	0.00919
26	0.00937	0.01581	0.32845	0.18274	0.02124	0.00968	0.01374	0.01320	0.01116	0.01555	0.01745	0.30147	0.01793	0.00975	0.00598	0.00196	0.00619	0.00854	0.00339	0.00639
27	0.01205	0.17093	0.48845	0.01569	0.02257	0.01453	0.13967	0.01720	0.01188	0.01670	0.01036	0.01337	0.00807	0.00539	0.00523	0.00169	0.00785	0.02808	0.00251	0.00776
28	0.01497	0.01669	0.01767	0.32734	0.20451	0.29458	0.01405	0.01774	0.01313	0.01487	0.00951	0.01277	0.00762	0.00546	0.00533	0.00164	0.00815	0.00443	0.00267	0.00687

[dist]
# distance from previous block
# <min> <max>
0	4

[block]
# block no. 4 follows, 43 sequences, length 13
# corresponding to MSA columns:
# 354-358,533-540
name=unknown_E
#
# <colnr> <probs for GDERKNQSTAVLIFYWHMCP>
#	G	D	E	R	K	N	Q	S	T	A	V	L	I	F	Y	W	H	M	C	P
0	0.00779	0.00557	0.00757	0.00855	0.00942	0.00536	0.00663	0.00966	0.01232	0.01649	0.15803	0.38130	0.03749	0.01550	0.00720	0.00228	0.00385	0.29485	0.00529	0.00486
1	0.01293	0.01466	0.03180	0.06548	0.02945	0.01391	0.71040	0.01754	0.01296	0.01754	0.01113	0.01493	0.00835	0.00472	0.00648	0.00187	0.00923	0.00645	0.00278	0.00740
2	0.01135	0.02698	0.68619	0.01670	0.02458	0.01300	0.10926	0.01756	0.01186	0.01756	0.01009	0.01209	0.00718	0.00519	0.00542	0.00177	0.00833	0.00439	0.00239	0.00810
3	0.00675	0.00482	0.00643	0.00771	0.00803	0.00450	0.00514	0.00771	0.01060	0.01414	0.03053	0.80175	0.03663	0.01735	0.00707	0.00225	0.00321	0.01574	0.00514	0.00450
4	0.01097	0.10256	0.58125	0.01407	0.02078	0.01282	0.01723	0.01624	0.01121	0.01635	0.01049	0.01300	0.00810	0.01093	0.12787	0.00283	0.00901	0.00427	0.00244	0.00757
5	0.01227	0.21527	0.52029	0.01381	0.02066	0.01514	0.01665	0.01849	0.08601	0.01701	0.01065	0.01191	0.00802	0.00536	0.00489	0.00163	0.00726	0.00403	0.00267	0.00798
6	0.01111	0.02865	0.77667	0.01579	0.02397	0.01286	0.02046	0.01754	0.01169	0.01754	0.00994	0.01169	0.00702	0.00526	0.00526	0.00175	0.00818	0.00409	0.00234	0.00818
7	0.01179	0.01120	0.01901	0.48192	0.33788	0.01265	0.01604	0.01531	0.01170	0.01576	0.01008	0.01433	0.00795	0.00529	0.00551	0.00176	0.00705	0.00493	0.00258	0.00722
8	0.01340	0.01027	0.01685	0.54466	0.14431	0.01172	0.01439	0.01677	0.01212	0.14436	0.01198	0.01530	0.00867	0.00567	0.00553	0.00179	0.00681	0.00503	0.00325	0.00710
9	0.01324	0.01268	0.02163	0.14410	0.66440	0.01303	0.01676	0.01658	0.01239	0.01752	0.01033	0.01386	0.00857	0.00502	0.00549	0.00167	0.00670	0.00493	0.00270	0.00839
10	0.01364	0.01442	0.01757	0.01732	0.12478	0.13171	0.01261	0.01518	0.01017	0.01405	0.00792	0.01203	0.00747	0.00840	0.01435	0.00216	0.56251	0.00467	0.00253	0.00651
11	0.01310	0.02586	0.66573	0.01492	0.02254	0.01218	0.01867	0.01891	0.01230	0.12751	0.01167	0.01273	0.00799	0.00549	0.00531	0.00175	0.00768	0.00431	0.00299	0.00837
12	0.01474	0.01531	0.13060	0.01396	0.01618	0.06657	0.01264	0.04586	0.01122	0.12541	0.01012	0.01293	0.00824	0.00823	0.01301	0.00212	0.47788	0.00476	0.00321	0.00703

[dist]
# distance from previous block
# <min> <max>
4	10

[block]
# block no. 5 follows, 43 sequences, length 149
# corresponding to MSA columns:
# 551-560,565-694,698-706
name=unknown_F
#
# <colnr> <probs for GDERKNQSTAVLIFYWHMCP>
#	G	D	E	R	K	N	Q	S	T	A	V	L	I	F	Y	W	H	M	C	P
0	0.71167	0.01265	0.06247	0.00841	0.01222	0.03065	0.00742	0.06621	0.01085	0.02476	0.00826	0.00950	0.00633	0.00526	0.00373	0.00171	0.00481	0.00322	0.00348	0.00639
1	0.00854	0.00568	0.00735	0.00805	0.00891	0.00544	0.00560	0.01072	0.06359	0.06668	0.08079	0.64144	0.03480	0.01554	0.00683	0.00215	0.00335	0.01400	0.00536	0.00518
2	0.01201	0.02529	0.61875	0.01474	0.02209	0.01284	0.01801	0.06930	0.06326	0.01916	0.01102	0.01240	0.00793	0.00543	0.00523	0.00169	0.00750	0.00424	0.00285	0.06625
3	0.00916	0.00680	0.00810	0.00837	0.00996	0.00674	0.00664	0.06285	0.06542	0.01796	0.06463	0.18921	0.21334	0.01346	0.00668	0.00210	0.00392	0.23789	0.06134	0.00545
4	0.01207	0.02731	0.72342	0.01537	0.02328	0.01253	0.01960	0.01820	0.01198	0.07032	0.01077	0.01219	0.00748	0.00537	0.00528	0.00175	0.00794	0.00420	0.00265	0.00827
5	0.06882	0.01013	0.01642	0.68615	0.08571	0.01237	0.01484	0.01449	0.01106	0.01516	0.00973	0.01429	0.00738	0.00547	0.00539	0.00182	0.00711	0.00479	0.00255	0.00632
6	0.01753	0.01364	0.01420	0.01184	0.01552	0.04463	0.00946	0.29890	0.40549	0.07957	0.01850	0.01737	0.01351	0.00707	0.00557	0.00177	0.00526	0.00563	0.00558	0.00896
7	0.01268	0.01211	0.02062	0.27403	0.53882	0.01289	0.01649	0.01610	0.01212	0.01684	0.01024	0.01404	0.00833	0.00513	0.00550	0.00171	0.00683	0.00493	0.00265	0.00794
8	0.00705	0.00504	0.00677	0.00806	0.00851	0.00476	0.00567	0.00824	0.01090	0.01448	0.03036	0.69869	0.03597	0.01707	0.00715	0.00229	0.00348	0.11581	0.00514	0.00458
9	0.01229	0.01202	0.02078	0.29274	0.34891	0.02652	0.11646	0.01582	0.01221	0.01649	0.01161	0.01757	0.00982	0.00584	0.00579	0.00180	0.00719	0.05590	0.00282	0.00739
10	0.01305	0.06949	0.08430	0.02188	0.02760	0.01446	0.64974	0.01765	0.01285	0.01741	0.01088	0.01430	0.00822	0.00471	0.00625	0.00181	0.00903	0.00612	0.00274	0.00750
11	0.01266	0.18882	0.37643	0.01909	0.17703	0.01497	0.10189	0.01725	0.01195	0.01672	0.00971	0.01189	0.00756	0.00501	0.00509	0.00162	0.00751	0.00431	0.00248	0.00800
12	0.00681	0.00493	0.00644	0.00752	0.00801	0.00456	0.00508	0.00792	0.01109	0.01476	0.08364	0.69822	0.08714	0.01671	0.00700	0.00219	0.00314	0.01507	0.00521	0.00456
13	0.01239	0.17176	0.47771	0.01353	0.01992	0.01437	0.01585	0.06875	0.06474	0.01806	0.01202	0.06525	0.00989	0.00623	0.00511	0.00168	0.00701	0.00488	0.00299	0.00786
14	0.01305	0.02226	0.47991	0.01462	0.02031	0.03130	0.01657	0.01851	0.06166	0.09077	0.01137	0.01304	0.00838	0.00647	0.00792	0.00189	0.16654	0.00452	0.00303	0.00787
15	0.01395	0.02467	0.61861	0.01456	0.02194	0.01188	0.01791	0.01950	0.01255	0.17421	0.01240	0.01317	0.00840	0.00559	0.00533	0.00175	0.00747	0.00440	0.00327	0.00844
16	0.01162	0.01488	0.17574	0.35667	0.22560	0.01305	0.02918	0.01559	0.01143	0.01588	0.00983	0.01364	0.00768	0.00564	0.00650	0.00182	0.07068	0.00478	0.00251	0.00728
17	0.02002	0.03023	0.16604	0.01127	0.01615	0.01032	0.01074	0.02529	0.14044	0.48070	0.01929	0.01752	0.01277	0.00660	0.00548	0.00174	0.00538	0.00534	0.00565	0.00902
18	0.01504	0.01410	0.02769	0.02042	0.03950	0.01352	0.54826	0.07082	0.06639	0.10617	0.01335	0.01565	0.00968	0.00526	0.00627	0.00183	0.00818	0.00627	0.00365	0.00795
19	0.00916	0.00781	0.01156	0.25266	0.01846	0.00906	0.00938	0.01175	0.01270	0.01761	0.34815	0.10481	0.03021	0.00989	0.00796	0.00192	0.11877	0.00825	0.00434	0.00556
20	0.01727	0.12217	0.07230	0.05642	0.30194	0.01294	0.01298	0.05218	0.02657	0.25066	0.01383	0.01464	0.01004	0.00567	0.00524	0.00162	0.00601	0.00482	0.00409	0.00861
21	0.01316	0.01291	0.02068	0.05706	0.35839	0.06896	0.16579	0.01675	0.03085	0.03570	0.14654	0.01896	0.01660	0.00621	0.00586	0.00171	0.00663	0.00612	0.00351	0.00760
22	0.00770	0.00550	0.00752	0.00881	0.00955	0.00532	0.00680	0.00937	0.01155	0.01521	0.03000	0.47674	0.03454	0.01645	0.00732	0.00238	0.00404	0.33131	0.00512	0.00476
23	0.01091	0.04067	0.65746	0.06919	0.02371	0.01248	0.01887	0.01681	0.01191	0.01753	0.06107	0.01386	0.01010	0.00568	0.00533	0.00175	0.00771	0.00453	0.00260	0.00782
24	0.01353	0.01227	0.01796	0.02527	0.51143	0.06475	0.01339	0.01622	0.01299	0.06986	0.01949	0.04569	0.13904	0.00706	0.00569	0.00169	0.00594	0.00638	0.00352	0.00782
25	0.01288	0.40185	0.41897	0.01277	0.01930	0.01719	0.01521	0.01708	0.01148	0.01538	0.00887	0.01035	0.00706	0.00501	0.00444	0.00148	0.00710	0.00355	0.00235	0.00767
26	0.00702	0.00512	0.00665	0.00768	0.00833	0.00475	0.00542	0.00830	0.01138	0.01502	0.08297	0.59527	0.11671	0.01638	0.00703	0.00220	0.00332	0.08662	0.00520	0.00463
27	0.01374	0.01327	0.02299	0.05012	0.68268	0.01329	0.07185	0.03231	0.01289	0.01833	0.01052	0.01382	0.00873	0.00496	0.00556	0.00167	0.00679	0.00506	0.00280	0.00863
28	0.01357	0.01302	0.02223	0.06665	0.73926	0.01312	0.01693	0.01687	0.01254	0.01792	0.01039	0.01375	0.00871	0.00496	0.00549	0.00165	0.00661	0.00493	0.00273	0.00866
29	0.00760	0.00549	0.00705	0.00776	0.00849	0.00523	0.00538	0.04335	0.01226	0.01652	0.15587	0.61138	0.06137	0.01571	0.00689	0.00212	0.00323	0.01413	0.00532	0.00486
30	0.01298	0.01435	0.03017	0.07673	0.13299	0.01377	0.59876	0.01739	0.01287	0.01755	0.01100	0.01476	0.00839	0.00476	0.00632	0.00183	0.00882	0.00620	0.00277	0.00756
31	0.01111	0.02865	0.77667	0.01579	0.02397	0.01286	0.02046	0.01754	0.01169	0.01754	0.00994	0.01169	0.00702	0.00526	0.00526	0.00175	0.00818	0.00409	0.00234	0.00818
32	0.01363	0.01251	0.01659	0.01371	0.01734	0.01382	0.15857	0.02707	0.60984	0.02207	0.02025	0.01951	0.01519	0.00694	0.00582	0.00188	0.00538	0.00632	0.00506	0.00850
33	0.00709	0.00499	0.00642	0.00732	0.00765	0.00472	0.00479	0.00797	0.01044	0.01401	0.07927	0.59420	0.03439	0.17603	0.01130	0.00284	0.00361	0.01379	0.00485	0.00432
34	0.01172	0.15846	0.65224	0.01474	0.02235	0.01437	0.01863	0.01738	0.01162	0.01679	0.00957	0.01123	0.00703	0.00517	0.00498	0.00166	0.00781	0.00390	0.00234	0.00801
35	0.01426	0.00970	0.03614	0.01036	0.01288	0.06205	0.04295	0.03491	0.01200	0.22842	0.01617	0.02016	0.01314	0.07316	0.38153	0.00539	0.01036	0.00574	0.00412	0.00655
36	0.01137	0.08301	0.72456	0.01535	0.02329	0.01349	0.01970	0.01747	0.01166	0.01723	0.00978	0.01150	0.00702	0.00523	0.00514	0.00171	0.00803	0.00401	0.00234	0.00811
37	0.01111	0.01051	0.01780	0.63900	0.18607	0.01248	0.01571	0.01473	0.01138	0.01495	0.00996	0.01455	0.00766	0.00542	0.00553	0.00181	0.00722	0.00492	0.00252	0.00668
38	0.01812	0.02185	0.01419	0.01292	0.01559	0.58642	0.00972	0.02137	0.10280	0.01587	0.11441	0.01554	0.01447	0.00669	0.00528	0.00152	0.00832	0.00477	0.00362	0.00653
39	0.01059	0.01373	0.17389	0.63142	0.03521	0.01242	0.01643	0.01485	0.01120	0.01485	0.00986	0.01413	0.00731	0.00548	0.00548	0.00183	0.00755	0.00475	0.00244	0.00657
40	0.01287	0.01436	0.02943	0.02152	0.02596	0.01462	0.59786	0.01683	0.01212	0.01683	0.01039	0.01436	0.00817	0.00571	0.00894	0.00198	0.17196	0.00619	0.00272	0.00718
41	0.01371	0.01316	0.02248	0.03399	0.77081	0.01316	0.01700	0.01700	0.01261	0.01809	0.01042	0.01371	0.00877	0.00493	0.00548	0.00164	0.00658	0.00493	0.00274	0.00877
42	0.01267	0.01778	0.18663	0.02178	0.02792	0.01377	0.59959	0.01770	0.01279	0.01770	0.01094	0.01427	0.00812	0.00479	0.00627	0.00184	0.00910	0.00603	0.00271	0.00762
43	0.00655	0.00561	0.00561	0.00561	0.00748	0.00468	0.00421	0.00795	0.01262	0.01496	0.05610	0.05330	0.76857	0.01403	0.00655	0.00187	0.00281	0.01169	0.00514	0.00468
44	0.00775	0.00566	0.00728	0.00687	0.00822	0.00519	0.00515	0.01028	0.01546	0.02170	0.71829	0.04220	0.10218	0.01151	0.00653	0.00175	0.00263	0.01013	0.00603	0.00519
45	0.00681	0.00497	0.00629	0.00731	0.00782	0.00458	0.00489	0.00777	0.01071	0.01402	0.03321	0.64572	0.13755	0.07010	0.00842	0.00241	0.00330	0.01466	0.00502	0.00445
46	0.00699	0.00505	0.00694	0.00796	0.00842	0.00500	0.00551	0.00816	0.01025	0.01387	0.02728	0.64034	0.03192	0.02236	0.16772	0.00363	0.00562	0.01371	0.00469	0.00459
47	0.00675	0.00482	0.00643	0.00771	0.00803	0.00450	0.00514	0.00771	0.01060	0.01414	0.03053	0.80175	0.03663	0.01735	0.00707	0.00225	0.00321	0.01574	0.00514	0.00450
48	0.00694	0.00547	0.00633	0.00692	0.00821	0.00486	0.00516	0.00836	0.01200	0.01493	0.04427	0.29157	0.43410	0.01526	0.00687	0.00208	0.00325	0.11360	0.00514	0.00468
49	0.02201	0.01340	0.17091	0.01108	0.01617	0.00912	0.01069	0.02503	0.01499	0.61798	0.01938	0.01737	0.01232	0.00653	0.00551	0.00172	0.00543	0.00526	0.00592	0.00917
50	0.01111	0.02865	0.77667	0.01579	0.02397	0.01286	0.02046	0.01754	0.01169	0.01754	0.00994	0.01169	0.00702	0.00526	0.00526	0.00175	0.00818	0.00409	0.00234	0.00818
51	0.01046	0.00984	0.01661	0.79205	0.03814	0.01230	0.01538	0.01415	0.01107	0.01415	0.00984	0.01477	0.00738	0.00554	0.00554	0.00185	0.00738	0.00492	0.00246	0.00615
52	0.01371	0.01316	0.02248	0.03399	0.77081	0.01316	0.01700	0.01700	0.01261	0.01809	0.01042	0.01371	0.00877	0.00493	0.00548	0.00164	0.00658	0.00493	0.00274	0.00877
53	0.01371	0.01316	0.02248	0.03399	0.77081	0.01316	0.01700	0.01700	0.01261	0.01809	0.01042	0.01371	0.00877	0.00493	0.00548	0.00164	0.00658	0.00493	0.00274	0.00877
54	0.00671	0.00566	0.00584	0.00593	0.00776	0.00479	0.00454	0.00819	0.01263	0.01507	0.05424	0.05394	0.71721	0.01411	0.00662	0.00192	0.00297	0.06201	0.00514	0.00470
55	0.00980	0.00964	0.00839	0.00880	0.01012	0.16586	0.00644	0.01113	0.01238	0.01447	0.03223	0.37653	0.21239	0.01391	0.00657	0.00202	0.00470	0.08496	0.00466	0.00500
56	0.00851	0.00643	0.00820	0.00901	0.01054	0.00627	0.00765	0.01137	0.04804	0.01645	0.03622	0.05803	0.22965	0.01459	0.00726	0.00234	0.00445	0.50471	0.00514	0.00516
57	0.01256	0.01170	0.01945	0.02876	0.61341	0.01164	0.01501	0.01562	0.01263	0.01767	0.01614	0.02318	0.06330	0.00699	0.00586	0.00179	0.00612	0.10696	0.00323	0.00798
58	0.00844	0.00674	0.01050	0.17096	0.01574	0.00804	0.00867	0.01077	0.00935	0.01312	0.01380	0.02031	0.01251	0.03409	0.62245	0.00744	0.01329	0.00572	0.00286	0.00519
59	0.00947	0.00991	0.00770	0.00740	0.00948	0.16576	0.00555	0.01088	0.01326	0.01467	0.04627	0.04434	0.61100	0.01230	0.00622	0.00178	0.00429	0.01001	0.00467	0.00504
60	0.01111	0.02865	0.77667	0.01579	0.02397	0.01286	0.02046	0.01754	0.01169	0.01754	0.00994	0.01169	0.00702	0.00526	0.00526	0.00175	0.00818	0.00409	0.00234	0.00818
61	0.01111	0.02865	0.77667	0.01579	0.02397	0.01286	0.02046	0.01754	0.01169	0.01754	0.00994	0.01169	0.00702	0.00526	0.00526	0.00175	0.00818	0.00409	0.00234	0.00818
62	0.46412	0.01032	0.01200	0.36518	0.02322	0.01237	0.01028	0.01531	0.01018	0.01997	0.00868	0.01163	0.00663	0.00532	0.00439	0.00177	0.00570	0.00388	0.00299	0.00607
63	0.01371	0.01316	0.02248	0.03399	0.77081	0.01316	0.01700	0.01700	0.01261	0.01809	0.01042	0.01371	0.00877	0.00493	0.00548	0.00164	0.00658	0.00493	0.00274	0.00877
64	0.01046	0.00984	0.01661	0.79205	0.03814	0.01230	0.01538	0.01415	0.01107	0.01415	0.00984	0.01477	0.00738	0.00554	0.00554	0.00185	0.00738	0.00492	0.00246	0.00615
65	0.02105	0.01551	0.01662	0.01274	0.01717	0.01717	0.01053	0.75235	0.02604	0.03490	0.01330	0.01330	0.00942	0.00665	0.00554	0.00166	0.00609	0.00499	0.00554	0.00942
66	0.01111	0.02865	0.77667	0.01579	0.02397	0.01286	0.02046	0.01754	0.01169	0.01754	0.00994	0.01169	0.00702	0.00526	0.00526	0.00175	0.00818	0.00409	0.00234	0.00818
67	0.01481	0.80869	0.02902	0.00948	0.01421	0.02191	0.00948	0.01658	0.01125	0.01303	0.00770	0.00888	0.00711	0.00474	0.00355	0.00118	0.00592	0.00296	0.00237	0.00711
68	0.00675	0.00482	0.00643	0.00771	0.00803	0.00450	0.00514	0.00771	0.01060	0.01414	0.03053	0.80175	0.03663	0.01735	0.00707	0.00225	0.00321	0.01574	0.00514	0.00450
69	0.02485	0.00943	0.01285	0.00985	0.01414	0.00814	0.00814	0.02699	0.01585	0.77465	0.02185	0.01885	0.01371	0.00685	0.00557	0.00171	0.00471	0.00557	0.00685	0.00943
70	0.01307	0.01494	0.03268	0.02334	0.02894	0.01401	0.75070	0.01774	0.01307	0.01774	0.01120	0.01494	0.00840	0.00467	0.00654	0.00187	0.00934	0.00654	0.00280	0.00747
71	0.00655	0.00561	0.00561	0.00561	0.00748	0.00468	0.00421	0.00795	0.01262	0.01496	0.05610	0.05330	0.76857	0.01403	0.00655	0.00187	0.00281	0.01169	0.00514	0.00468
72	0.00675	0.00482	0.00643	0.00771	0.00803	0.00450	0.00514	0.00771	0.01060	0.01414	0.03053	0.80175	0.03663	0.01735	0.00707	0.00225	0.00321	0.01574	0.00514	0.00450
73	0.02312	0.01220	0.01457	0.01117	0.01552	0.01226	0.00923	0.35779	0.02050	0.43729	0.01795	0.01632	0.01175	0.00676	0.00556	0.00169	0.00534	0.00530	0.00626	0.00942
74	0.01111	0.02865	0.77667	0.01579	0.02397	0.01286	0.02046	0.01754	0.01169	0.01754	0.00994	0.01169	0.00702	0.00526	0.00526	0.00175	0.00818	0.00409	0.00234	0.00818
75	0.01111	0.02865	0.77667	0.01579	0.02397	0.01286	0.02046	0.01754	0.01169	0.01754	0.00994	0.01169	0.00702	0.00526	0.00526	0.00175	0.00818	0.00409	0.00234	0.00818
76	0.01371	0.01316	0.02248	0.03399	0.77081	0.01316	0.01700	0.01700	0.01261	0.01809	0.01042	0.01371	0.00877	0.00493	0.00548	0.00164	0.00658	0.00493	0.00274	0.00877
77	0.01343	0.01436	0.03091	0.02221	0.02758	0.01343	0.69184	0.01786	0.01312	0.05337	0.01232	0.04024	0.00955	0.00518	0.00651	0.00187	0.00892	0.00678	0.00307	0.00747
78	0.01046	0.00984	0.01661	0.79205	0.03814	0.01230	0.01538	0.01415	0.01107	0.01415	0.00984	0.01477	0.00738	0.00554	0.00554	0.00185	0.00738	0.00492	0.00246	0.00615
79	0.01503	0.01102	0.01242	0.01011	0.01312	0.01173	0.00811	0.41400	0.02131	0.02911	0.35743	0.02610	0.02896	0.00878	0.00599	0.00170	0.00451	0.00728	0.00579	0.00751
80	0.01481	0.80869	0.02902	0.00948	0.01421	0.02191	0.00948	0.01658	0.01125	0.01303	0.00770	0.00888	0.00711	0.00474	0.00355	0.00118	0.00592	0.00296	0.00237	0.00711
81	0.01394	0.01225	0.01260	0.01134	0.01447	0.03250	0.00881	0.02925	0.74267	0.02293	0.02220	0.02040	0.01667	0.00747	0.00562	0.00187	0.00452	0.00620	0.00557	0.00871
82	0.00655	0.00561	0.00561	0.00561	0.00748	0.00468	0.00421	0.00795	0.01262	0.01496	0.05610	0.05330	0.76857	0.01403	0.00655	0.00187	0.00281	0.01169	0.00514	0.00468
83	0.02485	0.00943	0.01285	0.00985	0.01414	0.00814	0.00814	0.02699	0.01585	0.77465	0.02185	0.01885	0.01371	0.00685	0.00557	0.00171	0.00471	0.00557	0.00685	0.00943
84	0.01187	0.19006	0.62196	0.01448	0.02195	0.01474	0.01819	0.01734	0.01160	0.01661	0.00948	0.01111	0.00703	0.00515	0.00491	0.00164	0.00772	0.00386	0.00234	0.00796
85	0.84448	0.01071	0.00814	0.00728	0.01071	0.01242	0.00600	0.01628	0.00943	0.02485	0.00771	0.00900	0.00600	0.00514	0.00343	0.00171	0.00428	0.00300	0.00343	0.00600
86	0.00675	0.00482	0.00643	0.00771	0.00803	0.00450	0.00514	0.00771	0.01060	0.01414	0.03053	0.80175	0.03663	0.01735	0.00707	0.00225	0.00321	0.01574	0.00514	0.00450
87	0.01111	0.02865	0.77667	0.01579	0.02397	0.01286	0.02046	0.01754	0.01169	0.01754	0.00994	0.01169	0.00702	0.00526	0.00526	0.00175	0.00818	0.00409	0.00234	0.00818
88	0.01111	0.02865	0.77667	0.01579	0.02397	0.01286	0.02046	0.01754	0.01169	0.01754	0.00994	0.01169	0.00702	0.00526	0.00526	0.00175	0.00818	0.00409	0.00234	0.00818
