[name]
unknown

[dist]
# distance from previous block
# <min> <max>
0	83

[block]
# block no. 0 follows, 44 sequences, length 117
# corresponding to MSA columns:
# 90-206
name=unknown_A
#
# <colnr> <probs for GDERKNQSTAVLIFYWHMCP>
#	G	D	E	R	K	N	Q	S	T	A	V	L	I	F	Y	W	H	M	C	P
0	0.01495	0.01005	0.01338	0.03905	0.08732	0.01036	0.02966	0.17104	0.08044	0.15482	0.04574	0.05196	0.01957	0.00952	0.00621	0.00197	0.00529	0.23615	0.00512	0.00739
1	0.01607	0.01122	0.01949	0.01508	0.03893	0.01056	0.29118	0.06733	0.04115	0.25841	0.10569	0.04294	0.04172	0.00694	0.00603	0.00177	0.00615	0.00681	0.00481	0.00773
2	0.27575	0.01195	0.03658	0.01754	0.26978	0.03219	0.04184	0.01749	0.07953	0.06568	0.01476	0.04317	0.05932	0.00629	0.00493	0.00171	0.00535	0.00523	0.00364	0.00727
3	0.07321	0.01306	0.01202	0.00983	0.01365	0.14257	0.00766	0.03868	0.19538	0.01897	0.01265	0.01377	0.01017	0.02660	0.00517	0.00137	0.00519	0.00414	0.00379	0.39211
4	0.00708	0.00523	0.00589	0.00621	0.00694	0.00483	0.00404	0.00781	0.01016	0.01289	0.03398	0.23481	0.29228	0.32625	0.01493	0.00329	0.00385	0.01111	0.00437	0.00405
5	0.01775	0.01547	0.13338	0.01209	0.01667	0.01401	0.01101	0.38569	0.15767	0.12082	0.01707	0.01651	0.04290	0.00682	0.00547	0.00170	0.00570	0.00535	0.00512	0.00877
6	0.01045	0.28088	0.21435	0.01020	0.01402	0.01233	0.01040	0.01313	0.01114	0.01475	0.04849	0.30069	0.01943	0.00959	0.00532	0.00172	0.00530	0.00808	0.00347	0.00626
7	0.01266	0.00989	0.01029	0.00873	0.01131	0.03534	0.00681	0.29270	0.01767	0.02298	0.15400	0.03278	0.27547	0.07545	0.00776	0.00201	0.00440	0.00817	0.00515	0.00641
8	0.01184	0.04587	0.52012	0.02100	0.25953	0.01301	0.01876	0.01707	0.01178	0.01731	0.00987	0.01205	0.00745	0.00506	0.00520	0.00168	0.00750	0.00426	0.00243	0.00821
9	0.01157	0.01097	0.01827	0.31976	0.41794	0.01180	0.01487	0.01478	0.01184	0.01603	0.01455	0.01779	0.08460	0.00598	0.00552	0.00172	0.00640	0.00552	0.00283	0.00725
10	0.00664	0.00474	0.00633	0.00759	0.00791	0.00443	0.00506	0.00759	0.01044	0.01392	0.03005	0.80485	0.03606	0.01708	0.00696	0.00221	0.00316	0.01550	0.00506	0.00443
11	0.03542	0.15839	0.12342	0.01264	0.04571	0.24146	0.01093	0.07185	0.06500	0.04269	0.01042	0.01146	0.00824	0.00533	0.00465	0.00139	0.00690	0.00382	0.00324	0.13703
12	0.00785	0.00562	0.00762	0.00762	0.00820	0.00619	0.00539	0.00900	0.00842	0.01181	0.01565	0.02721	0.01614	0.35267	0.47845	0.00735	0.01082	0.00669	0.00308	0.00423
13	0.03116	0.23615	0.54198	0.01361	0.02056	0.01514	0.01668	0.03675	0.01172	0.01670	0.00924	0.01076	0.00697	0.00508	0.00470	0.00157	0.00732	0.00373	0.00242	0.00776
14	0.00644	0.00552	0.00552	0.00552	0.00736	0.00460	0.00414	0.00782	0.01243	0.01473	0.05523	0.05247	0.77218	0.01381	0.00644	0.00184	0.00276	0.01151	0.00506	0.00460
15	0.00887	0.00742	0.01076	0.01014	0.01083	0.00936	0.00806	0.01057	0.00863	0.01272	0.01272	0.01932	0.01210	0.05322	0.56545	0.00700	0.21930	0.00562	0.00279	0.00511
16	0.01130	0.01072	0.01817	0.55562	0.26937	0.01238	0.01564	0.01481	0.01138	0.01515	0.00987	0.01421	0.00770	0.00526	0.00543	0.00175	0.00702	0.00485	0.00251	0.00687
17	0.00780	0.00580	0.00858	0.00858	0.00949	0.00672	0.00659	0.00962	0.00871	0.01252	0.01477	0.02235	0.01403	0.09082	0.73741	0.00854	0.01400	0.00598	0.00295	0.00477
18	0.02072	0.01527	0.01636	0.01254	0.01691	0.01691	0.01036	0.75622	0.02563	0.03436	0.01309	0.01309	0.00927	0.00654	0.00545	0.00164	0.00600	0.00491	0.00545	0.00927
19	0.02072	0.01527	0.01636	0.01254	0.01691	0.01691	0.01036	0.75622	0.02563	0.03436	0.01309	0.01309	0.00927	0.00654	0.00545	0.00164	0.00600	0.00491	0.00545	0.00927
20	0.00788	0.00567	0.00790	0.00790	0.00861	0.00635	0.00577	0.00929	0.00859	0.01224	0.01539	0.02537	0.01536	0.25441	0.55823	0.00763	0.01174	0.00641	0.02082	0.00444
21	0.02088	0.01502	0.01621	0.01242	0.01678	0.01653	0.01026	0.72550	0.02521	0.06567	0.01344	0.01332	0.00945	0.00655	0.00545	0.00164	0.00594	0.00493	0.00551	0.00927
22	0.01496	0.01222	0.01406	0.01095	0.01518	0.01233	0.03979	0.25174	0.22615	0.02438	0.01431	0.01453	0.01085	0.00579	0.00501	0.00140	0.00495	0.00471	0.00456	0.31213
23	0.02048	0.02261	0.01574	0.01357	0.01687	0.54439	0.01048	0.25284	0.01865	0.01995	0.00989	0.01086	0.00773	0.00591	0.00508	0.00148	0.00863	0.00395	0.00364	0.00725
24	0.00779	0.00584	0.00876	0.00876	0.00974	0.00681	0.00681	0.00974	0.00876	0.01266	0.01460	0.02142	0.01363	0.04089	0.78680	0.00876	0.01460	0.00584	0.00292	0.00487
25	0.00726	0.00523	0.00668	0.00742	0.00797	0.00503	0.00501	0.00895	0.04265	0.01511	0.14333	0.55788	0.03562	0.11371	0.00939	0.00250	0.00338	0.01329	0.00501	0.00458
26	0.01130	0.00969	0.01130	0.00807	0.01292	0.00727	0.00646	0.01373	0.01130	0.01776	0.00969	0.01130	0.00807	0.00404	0.00404	0.00081	0.00404	0.00323	0.00323	0.84173
27	0.01093	0.02820	0.78016	0.01554	0.02360	0.01266	0.02014	0.01727	0.01151	0.01727	0.00978	0.01151	0.00691	0.00518	0.00518	0.00173	0.00806	0.00403	0.00230	0.00806
28	0.02037	0.02598	0.01545	0.01404	0.01685	0.78652	0.01053	0.02177	0.01545	0.01334	0.00843	0.00983	0.00702	0.00562	0.00492	0.00140	0.00983	0.00351	0.00281	0.00632
29	0.00694	0.00554	0.00621	0.00604	0.00767	0.00481	0.00453	0.00878	0.01359	0.01749	0.33244	0.04792	0.49325	0.01278	0.00644	0.00179	0.00269	0.01087	0.00543	0.00481
30	0.00779	0.00630	0.00948	0.25542	0.01723	0.00685	0.00823	0.00959	0.01058	0.01392	0.02364	0.55620	0.02700	0.01342	0.00648	0.00209	0.00445	0.01215	0.00423	0.00494
31	0.00873	0.01269	0.25044	0.00959	0.01301	0.00751	0.00986	0.01248	0.01420	0.02042	0.53187	0.03153	0.03743	0.00927	0.00604	0.00172	0.00430	0.00802	0.00484	0.00606
32	0.01458	0.81168	0.02857	0.00933	0.01399	0.02157	0.00933	0.01632	0.01108	0.01283	0.00758	0.00875	0.00700	0.00466	0.00350	0.00117	0.00583	0.00292	0.00233	0.00700
33	0.01351	0.01193	0.00864	0.00815	0.00998	0.25128	0.00612	0.01623	0.04376	0.01823	0.01502	0.01702	0.01190	0.00616	0.00423	0.00134	0.00491	0.00463	0.54133	0.00562
34	0.01130	0.00969	0.01130	0.00807	0.01292	0.00727	0.00646	0.01373	0.01130	0.01776	0.00969	0.01130	0.00807	0.00404	0.00404	0.00081	0.00404	0.00323	0.00323	0.84173
35	0.04317	0.01883	0.01515	0.01271	0.01627	0.32863	0.01001	0.32509	0.09925	0.05955	0.01241	0.01268	0.00925	0.00623	0.00519	0.00157	0.00726	0.00445	0.00439	0.00791
36	0.01640	0.56449	0.02444	0.01081	0.01489	0.26223	0.00971	0.01804	0.01245	0.01299	0.00785	0.00909	0.00700	0.00496	0.00394	0.00124	0.00709	0.00310	0.00248	0.00678
37	0.01287	0.01471	0.03217	0.02298	0.02849	0.01379	0.75460	0.01746	0.01287	0.01746	0.01103	0.01471	0.00827	0.00460	0.00643	0.00184	0.00919	0.00643	0.00276	0.00735
38	0.01556	0.01270	0.01345	0.01150	0.01494	0.01449	0.00911	0.23199	0.55827	0.02603	0.01965	0.01832	0.01458	0.00716	0.00552	0.00179	0.00478	0.00581	0.00552	0.00881
39	0.02072	0.01527	0.01636	0.01254	0.01691	0.01691	0.01036	0.75622	0.02563	0.03436	0.01309	0.01309	0.00927	0.00654	0.00545	0.00164	0.00600	0.00491	0.00545	0.00927
40	0.01030	0.00969	0.01635	0.79530	0.03755	0.01211	0.01514	0.01393	0.01090	0.01393	0.00969	0.01453	0.00727	0.00545	0.00545	0.00182	0.00727	0.00484	0.00242	0.00606
41	0.00947	0.00473	0.00710	0.00710	0.00710	0.00473	0.00473	0.00710	0.00710	0.00947	0.00947	0.01657	0.00947	0.01894	0.02131	0.84138	0.00473	0.00473	0.00237	0.00237
42	0.02072	0.01527	0.01636	0.01254	0.01691	0.01691	0.01036	0.75622	0.02563	0.03436	0.01309	0.01309	0.00927	0.00654	0.00545	0.00164	0.00600	0.00491	0.00545	0.00927
43	0.02328	0.01116	0.01382	0.01059	0.01486	0.01081	0.00875	0.25613	0.01876	0.54416	0.01886	0.01684	0.01217	0.00668	0.00547	0.00167	0.00507	0.00530	0.00634	0.00928
44	0.01276	0.01364	0.01270	0.01168	0.01296	0.25448	0.00911	0.01428	0.01074	0.01291	0.01093	0.01596	0.01019	0.04909	0.32650	0.00477	0.20407	0.00492	0.00277	0.00554
45	0.01468	0.01361	0.01287	0.01152	0.01461	0.10913	0.00893	0.05636	0.64333	0.02209	0.02014	0.01876	0.01517	0.00714	0.00547	0.00179	0.00506	0.00579	0.00521	0.00837
46	0.02037	0.02598	0.01545	0.01404	0.01685	0.78652	0.01053	0.02177	0.01545	0.01334	0.00843	0.00983	0.00702	0.00562	0.00492	0.00140	0.00983	0.00351	0.00281	0.00632
47	0.01799	0.01684	0.01451	0.01226	0.01572	0.23029	0.00966	0.31281	0.23308	0.02439	0.01612	0.01587	0.04222	0.00683	0.00537	0.00164	0.00645	0.00515	0.00473	0.00807
48	0.01130	0.00969	0.01130	0.00807	0.01292	0.00727	0.00646	0.01373	0.01130	0.01776	0.00969	0.01130	0.00807	0.00404	0.00404	0.00081	0.00404	0.00323	0.00323	0.84173
49	0.01130	0.00969	0.01130	0.00807	0.01292	0.00727	0.00646	0.01373	0.01130	0.01776	0.00969	0.01130	0.00807	0.00404	0.00404	0.00081	0.00404	0.00323	0.00323	0.84173
50	0.01287	0.01471	0.03217	0.02298	0.02849	0.01379	0.75460	0.01746	0.01287	0.01746	0.01103	0.01471	0.00827	0.00460	0.00643	0.00184	0.00919	0.00643	0.00276	0.00735
51	0.00788	0.00549	0.00698	0.00698	0.00733	0.00585	0.00459	0.00859	0.00823	0.01133	0.01623	0.03046	0.01755	0.52740	0.30565	0.00656	0.00870	0.00716	0.00316	0.00388
52	0.00664	0.00474	0.00633	0.00759	0.00791	0.00443	0.00506	0.00759	0.01044	0.01392	0.03005	0.80485	0.03606	0.01708	0.00696	0.00221	0.00316	0.01550	0.00506	0.00443
53	0.01146	0.00977	0.01039	0.00949	0.01212	0.01080	0.00733	0.02259	0.52826	0.02107	0.11344	0.02912	0.17299	0.00911	0.00583	0.00183	0.00380	0.00766	0.00550	0.00742
54	0.00664	0.00474	0.00633	0.00759	0.00791	0.00443	0.00506	0.00759	0.01044	0.01392	0.03005	0.80485	0.03606	0.01708	0.00696	0.00221	0.00316	0.01550	0.00506	0.00443
55	0.01349	0.01295	0.02213	0.03346	0.77440	0.01295	0.01673	0.01673	0.01241	0.01781	0.01025	0.01349	0.00864	0.00486	0.00540	0.00162	0.00648	0.00486	0.00270	0.00864
56	0.00664	0.00474	0.00633	0.00759	0.00791	0.00443	0.00506	0.00759	0.01044	0.01392	0.03005	0.80485	0.03606	0.01708	0.00696	0.00221	0.00316	0.01550	0.00506	0.00443
57	0.01130	0.08614	0.19025	0.43474	0.14322	0.01321	0.01599	0.01532	0.01128	0.01517	0.00961	0.01318	0.00737	0.00523	0.00521	0.00171	0.00720	0.00449	0.00243	0.00698
58	0.01030	0.00969	0.01635	0.79530	0.03755	0.01211	0.01514	0.01393	0.01090	0.01393	0.00969	0.01453	0.00727	0.00545	0.00545	0.00182	0.00727	0.00484	0.00242	0.00606
59	0.01130	0.00969	0.01130	0.00807	0.01292	0.00727	0.00646	0.01373	0.01130	0.01776	0.00969	0.01130	0.00807	0.00404	0.00404	0.00081	0.00404	0.00323	0.00323	0.84173
60	0.02422	0.00967	0.01289	0.00988	0.01411	0.00859	0.00817	0.07404	0.01626	0.72978	0.02096	0.01820	0.01322	0.00673	0.00548	0.00168	0.00473	0.00545	0.00666	0.00928
61	0.00648	0.00552	0.00557	0.00556	0.00739	0.00462	0.00417	0.00789	0.01251	0.01493	0.07532	0.05214	0.75197	0.01373	0.00644	0.00184	0.00276	0.01146	0.00509	0.00462
62	0.00772	0.00557	0.00729	0.00686	0.00814	0.00514	0.00514	0.01029	0.01543	0.02186	0.77152	0.04072	0.05144	0.01115	0.00643	0.00171	0.00257	0.00986	0.00600	0.00514
63	0.01315	0.01235	0.01909	0.10208	0.41476	0.01311	0.06017	0.02035	0.24892	0.01897	0.01400	0.01583	0.01099	0.00570	0.00551	0.00173	0.00605	0.00537	0.00357	0.00829
64	0.01342	0.01313	0.02119	0.11972	0.65829	0.04542	0.01629	0.01662	0.01237	0.01718	0.01011	0.01346	0.00841	0.00496	0.00538	0.00163	0.00671	0.00480	0.00267	0.00824
65	0.00644	0.00552	0.00552	0.00552	0.00736	0.00460	0.00414	0.00782	0.01243	0.01473	0.05523	0.05247	0.77218	0.01381	0.00644	0.00184	0.00276	0.01151	0.00506	0.00460
66	0.01349	0.01295	0.02213	0.03346	0.77440	0.01295	0.01673	0.01673	0.01241	0.01781	0.01025	0.01349	0.00864	0.00486	0.00540	0.00162	0.00648	0.00486	0.00270	0.00864
67	0.00793	0.00529	0.00595	0.00595	0.00595	0.00529	0.00330	0.00793	0.00793	0.01057	0.01718	0.03568	0.01982	0.80840	0.02775	0.00529	0.00529	0.00793	0.00330	0.00330
68	0.84691	0.01054	0.00801	0.00717	0.01054	0.01223	0.00590	0.01603	0.00928	0.02446	0.00759	0.00886	0.00590	0.00506	0.00337	0.00169	0.00422	0.00295	0.00337	0.00590
69	0.01349	0.01295	0.02213	0.03346	0.77440	0.01295	0.01673	0.01673	0.01241	0.01781	0.01025	0.01349	0.00864	0.00486	0.00540	0.00162	0.00648	0.00486	0.00270	0.00864
70	0.00788	0.00546	0.00683	0.00683	0.00714	0.00577	0.00441	0.00850	0.00819	0.01123	0.01637	0.03119	0.01787	0.56693	0.26656	0.00638	0.00822	0.00727	0.00318	0.00380
71	0.01093	0.02820	0.78016	0.01554	0.02360	0.01266	0.02014	0.01727	0.01151	0.01727	0.00978	0.01151	0.00691	0.00518	0.00518	0.00173	0.00806	0.00403	0.00230	0.00806
72	0.01349	0.01295	0.02213	0.03346	0.77440	0.01295	0.01673	0.01673	0.01241	0.01781	0.01025	0.01349	0.00864	0.00486	0.00540	0.00162	0.00648	0.00486	0.00270	0.00864
73	0.01860	0.01395	0.01497	0.01199	0.01595	0.01556	0.00974	0.50297	0.25777	0.05565	0.01623	0.01555	0.01173	0.00682	0.00548	0.00170	0.00542	0.00532	0.00553	0.00907
74	0.01193	0.01193	0.01670	0.01431	0.01431	0.01670	0.01193	0.01312	0.00835	0.01312	0.00716	0.01193	0.00716	0.00954	0.01789	0.00239	0.79843	0.00477	0.00239	0.00596
75	0.00772	0.00557	0.00729	0.00686	0.00814	0.00514	0.00514	0.01029	0.01543	0.02186	0.77152	0.04072	0.05144	0.01115	0.00643	0.00171	0.00257	0.00986	0.00600	0.00514
76	0.01016	0.00508	0.00508	0.00508	0.00635	0.00508	0.00381	0.01270	0.01143	0.02033	0.01778	0.02033	0.01397	0.00635	0.00381	0.00127	0.00254	0.00508	0.83867	0.00508
77	0.02037	0.02598	0.01545	0.01404	0.01685	0.78652	0.01053	0.02177	0.01545	0.01334	0.00843	0.00983	0.00702	0.00562	0.00492	0.00140	0.00983	0.00351	0.00281	0.00632
78	0.00651	0.00528	0.00578	0.00617	0.00753	0.00455	0.00443	0.00775	0.01180	0.01447	0.04731	0.28918	0.54059	0.01484	0.00661	0.00196	0.00289	0.01276	0.00506	0.00455
79	0.01249	0.01193	0.02031	0.27315	0.54257	0.01269	0.01623	0.01585	0.01194	0.01659	0.01008	0.01382	0.00821	0.00504	0.00541	0.00168	0.00673	0.00485	0.00261	0.00782
80	0.01349	0.01295	0.02213	0.03346	0.77440	0.01295	0.01673	0.01673	0.01241	0.01781	0.01025	0.01349	0.00864	0.00486	0.00540	0.00162	0.00648	0.00486	0.00270	0.00864
81	0.00780	0.00523	0.00598	0.00610	0.00613	0.00520	0.00347	0.00790	0.00817	0.01089	0.01841	0.10950	0.02138	0.73245	0.02575	0.00499	0.00508	0.00865	0.00347	0.00341
82	0.01137	0.01079	0.01829	0.53914	0.28531	0.01240	0.01568	0.01487	0.01141	0.01523	0.00988	0.01418	0.00773	0.00525	0.00543	0.00175	0.00700	0.00485	0.00252	0.00692
83	0.00697	0.00554	0.00625	0.00607	0.00768	0.00482	0.00455	0.00884	0.01366	0.01766	0.34952	0.04764	0.47607	0.01271	0.00644	0.00179	0.00268	0.01083	0.00545	0.00482
84	0.00747	0.00533	0.00716	0.00756	0.00803	0.00561	0.00522	0.00852	0.00904	0.01243	0.02023	0.27213	0.02253	0.26146	0.31591	0.00567	0.00824	0.00950	0.00371	0.00426
85	0.84691	0.01054	0.00801	0.00717	0.01054	0.01223	0.00590	0.01603	0.00928	0.02446	0.00759	0.00886	0.00590	0.00506	0.00337	0.00169	0.00422	0.00295	0.00337	0.00590
86	0.84691	0.01054	0.00801	0.00717	0.01054	0.01223	0.00590	0.01603	0.00928	0.02446	0.00759	0.00886	0.00590	0.00506	0.00337	0.00169	0.00422	0.00295	0.00337	0.00590
87	0.00664	0.00477	0.00630	0.00752	0.00789	0.00443	0.00503	0.00760	0.01050	0.01394	0.03089	0.77964	0.06072	0.01697	0.00694	0.00220	0.00315	0.01536	0.00506	0.00443
88	0.01261	0.25728	0.51051	0.01362	0.02035	0.06562	0.01635	0.01728	0.01164	0.01571	0.00905	0.01059	0.00694	0.00506	0.00467	0.00154	0.00752	0.00367	0.00234	0.00763
89	0.01226	0.31349	0.50648	0.01328	0.02010	0.01591	0.01620	0.01692	0.01135	0.01565	0.00898	0.01050	0.00694	0.00499	0.00457	0.00152	0.00725	0.00362	0.00231	0.00767
90	0.03292	0.15510	0.63823	0.01432	0.02170	0.01410	0.01802	0.01708	0.01138	0.01673	0.00937	0.01099	0.00690	0.00509	0.00486	0.00163	0.00760	0.00382	0.00233	0.00783
91	0.01094	0.01049	0.01584	0.36359	0.02418	0.01390	0.01281	0.01314	0.00946	0.01332	0.00894	0.01464	0.00803	0.05968	0.01296	0.00232	0.39244	0.00501	0.00246	0.00583
92	0.00868	0.00620	0.00866	0.00992	0.01113	0.00618	0.00860	0.01111	0.01244	0.01619	0.02892	0.09881	0.03161	0.01516	0.00750	0.00250	0.00493	0.70145	0.00502	0.00499
93	0.00820	0.00617	0.00775	0.00721	0.00885	0.00571	0.00551	0.01130	0.05097	0.02092	0.60494	0.03956	0.09196	0.01086	0.00628	0.00171	0.00288	0.04384	0.00569	0.05970
94	0.00694	0.00522	0.00757	0.00833	0.00890	0.00488	0.04122	0.00807	0.01055	0.01409	0.02913	0.76673	0.03472	0.01648	0.00693	0.00220	0.00345	0.01506	0.00495	0.00457
95	0.00664	0.00474	0.00633	0.00759	0.00791	0.00443	0.00506	0.00759	0.01044	0.01392	0.03005	0.80485	0.03606	0.01708	0.00696	0.00221	0.00316	0.01550	0.00506	0.00443
96	0.00705	0.00491	0.00621	0.00707	0.00729	0.00470	0.00451	0.00770	0.00965	0.01286	0.02600	0.56285	0.03095	0.26604	0.01350	0.00318	0.00383	0.01312	0.00451	0.00407
97	0.01102	0.04655	0.76255	0.01539	0.02337	0.01287	0.01989	0.01724	0.01150	0.01716	0.00973	0.01145	0.00691	0.00517	0.00514	0.00171	0.00800	0.00400	0.00230	0.00803
98	0.75800	0.01054	0.00860	0.00751	0.01097	0.01197	0.00618	0.03325	0.01018	0.08947	0.00891	0.00978	0.00663	0.00524	0.00360	0.00169	0.00429	0.00321	0.00371	0.00627
99	0.84691	0.01054	0.00801	0.00717	0.01054	0.01223	0.00590	0.01603	0.00928	0.02446	0.00759	0.00886	0.00590	0.00506	0.00337	0.00169	0.00422	0.00295	0.00337	0.00590
100	0.00664	0.00474	0.00633	0.00759	0.00791	0.00443	0.00506	0.00759	0.01044	0.01392	0.03005	0.80485	0.03606	0.01708	0.00696	0.00221	0.00316	0.01550	0.00506	0.00443
101	0.01233	0.01189	0.02058	0.30194	0.47798	0.01270	0.05203	0.01578	0.01190	0.01642	0.01009	0.01392	0.00813	0.00505	0.00547	0.00170	0.00689	0.00493	0.00260	0.00766
102	0.02017	0.05231	0.01589	0.01389	0.01676	0.76089	0.01049	0.02159	0.01530	0.01333	0.00840	0.00980	0.00702	0.00559	0.00487	0.00140	0.00970	0.00349	0.00279	0.00634
103	0.01458	0.81168	0.02857	0.00933	0.01399	0.02157	0.00933	0.01632	0.01108	0.01283	0.00758	0.00875	0.00700	0.00466	0.00350	0.00117	0.00583	0.00292	0.00233	0.00700
104	0.01965	0.02086	0.01544	0.01331	0.01628	0.47422	0.01036	0.20449	0.01727	0.05158	0.01024	0.01144	0.00803	0.00627	0.00622	0.00156	0.07971	0.00409	0.02184	0.00713
105	0.00726	0.00555	0.00665	0.00638	0.00786	0.00495	0.00478	0.00940	0.01434	0.01928	0.51230	0.04497	0.31227	0.01211	0.00643	0.00176	0.00264	0.01046	0.00566	0.00495
106	0.01210	0.00966	0.01139	0.00817	0.01298	0.00731	0.00655	0.01451	0.01157	0.06401	0.01041	0.01175	0.00840	0.00420	0.00413	0.00086	0.00407	0.00337	0.00344	0.79110
107	0.01093	0.02820	0.78016	0.01554	0.02360	0.01266	0.02014	0.01727	0.01151	0.01727	0.00978	0.01151	0.00691	0.00518	0.00518	0.00173	0.00806	0.00403	0.00230	0.00806
108	0.01012	0.00821	0.00932	0.00864	0.01075	0.00872	0.00665	0.01806	0.33457	0.02143	0.36193	0.03378	0.10266	0.00992	0.00609	0.00181	0.00341	0.03166	0.00569	0.00658
109	0.00793	0.00529	0.00595	0.00595	0.00595	0.00529	0.00330	0.00793	0.00793	0.01057	0.01718	0.03568	0.01982	0.80840	0.02775	0.00529	0.00529	0.00793	0.00330	0.00330
110	0.02004	0.02420	0.01560	0.01419	0.03398	0.67108	0.01056	0.09766	0.01634	0.01573	0.00898	0.01029	0.00732	0.00566	0.00496	0.00142	0.00922	0.00368	0.00309	0.02601
111	0.00663	0.00478	0.00629	0.00750	0.00788	0.00444	0.00502	0.00760	0.01052	0.01395	0.03111	0.77317	0.06705	0.01694	0.00694	0.00220	0.00315	0.01533	0.00506	0.00444
112	0.01130	0.01072	0.01817	0.55562	0.26937	0.01238	0.01564	0.01481	0.01138	0.01515	0.00987	0.01421	0.00770	0.00526	0.00543	0.00175	0.00702	0.00485	0.00251	0.00687
113	0.01104	0.00761	0.00920	0.00832	0.00929	0.00918	0.00665	0.03888	0.01091	0.01841	0.01422	0.01745	0.01166	0.00801	0.02298	0.00177	0.25329	0.00499	0.53063	0.00550
114	0.00906	0.00836	0.03879	0.28463	0.08848	0.00850	0.01067	0.01170	0.01155	0.01525	0.06285	0.22484	0.07056	0.01066	0.00626	0.00200	0.00529	0.12105	0.00388	0.00564
115	0.01491	0.01180	0.01226	0.01086	0.01402	0.04512	0.00848	0.02764	0.61653	0.11297	0.02269	0.02081	0.04239	0.00747	0.00554	0.00181	0.00453	0.00616	0.00556	0.00847
116	0.01414	0.02608	0.47077	0.01590	0.06259	0.25618	0.01653	0.01906	0.03924	0.01626	0.00982	0.01140	0.00738	0.00538	0.00512	0.00162	0.00840	0.00399	0.00260	0.00756

[dist]
# distance from previous block
# <min> <max>
0	3

[block]
# block no. 1 follows, 44 sequences, length 133
# corresponding to MSA columns:
# 210,215-234,246-249,262-279,284-351,353-374
name=unknown_B
#
# <colnr> <probs for GDERKNQSTAVLIFYWHMCP>
#	G	D	E	R	K	N	Q	S	T	A	V	L	I	F	Y	W	H	M	C	P
0	0.03231	0.02563	0.64485	0.01481	0.02212	0.01313	0.01822	0.09375	0.05029	0.01947	0.01069	0.01205	0.00761	0.00543	0.00518	0.00172	0.00757	0.00420	0.00281	0.00816
1	0.01411	0.01603	0.03615	0.01422	0.06957	0.31009	0.08255	0.05239	0.01345	0.01540	0.01598	0.26644	0.01671	0.00935	0.00636	0.00179	0.04177	0.00789	0.00362	0.00616
2	0.00670	0.00477	0.00631	0.00752	0.00782	0.00447	0.00498	0.00761	0.01033	0.01377	0.02948	0.77108	0.03534	0.05182	0.00787	0.00235	0.00326	0.01517	0.00498	0.00438
3	0.01130	0.00969	0.01130	0.00807	0.01292	0.00727	0.00646	0.01373	0.01130	0.01776	0.00969	0.01130	0.00807	0.00404	0.00404	0.00081	0.00404	0.00323	0.00323	0.84173
4	0.00659	0.00553	0.00572	0.00567	0.00745	0.00466	0.00425	0.00810	0.01276	0.01552	0.13507	0.05116	0.69184	0.01351	0.00644	0.00183	0.00274	0.01132	0.00517	0.00466
5	0.00891	0.00743	0.01148	0.01598	0.25441	0.00723	0.00893	0.01064	0.01114	0.01524	0.02365	0.52742	0.02710	0.01309	0.00647	0.00203	0.00429	0.03446	0.00430	0.00580
6	0.00783	0.00566	0.00783	0.00783	0.00848	0.00631	0.00565	0.00914	0.00849	0.01197	0.01545	0.02613	0.01567	0.29448	0.53600	0.00761	0.01152	0.00653	0.00305	0.00435
7	0.00680	0.00510	0.00631	0.00694	0.00782	0.00461	0.00485	0.00816	0.01189	0.01564	0.17819	0.47210	0.22148	0.01513	0.00673	0.00203	0.00295	0.01343	0.00524	0.00461
8	0.01329	0.01352	0.02536	0.03009	0.53462	0.01322	0.25393	0.01697	0.01256	0.01770	0.01050	0.01388	0.00852	0.00477	0.00573	0.00169	0.00735	0.00536	0.00272	0.00822
9	0.00648	0.00552	0.00557	0.00556	0.00739	0.00462	0.00417	0.00789	0.01251	0.01493	0.07528	0.05214	0.75200	0.01373	0.00644	0.00184	0.00276	0.01146	0.00509	0.00462
10	0.00772	0.00557	0.00729	0.00686	0.00814	0.00514	0.00514	0.01029	0.01543	0.02186	0.77152	0.04072	0.05144	0.01115	0.00643	0.00171	0.00257	0.00986	0.00600	0.00514
11	0.01130	0.00969	0.01130	0.00807	0.01292	0.00727	0.00646	0.01373	0.01130	0.01776	0.00969	0.01130	0.00807	0.00404	0.00404	0.00081	0.00404	0.00323	0.00323	0.84173
12	0.00663	0.00478	0.00629	0.00750	0.00788	0.00444	0.00502	0.00760	0.01053	0.01395	0.03115	0.77181	0.06838	0.01694	0.00694	0.00220	0.00315	0.01532	0.00506	0.00444
13	0.00664	0.00474	0.00633	0.00759	0.00791	0.00443	0.00506	0.00759	0.01044	0.01392	0.03005	0.80485	0.03606	0.01708	0.00696	0.00221	0.00316	0.01550	0.00506	0.00443
14	0.02072	0.01527	0.01636	0.01254	0.01691	0.01691	0.01036	0.75622	0.02563	0.03436	0.01309	0.01309	0.00927	0.00654	0.00545	0.00164	0.00600	0.00491	0.00545	0.00927
15	0.00947	0.00473	0.00710	0.00710	0.00710	0.00473	0.00473	0.00710	0.00710	0.00947	0.00947	0.01657	0.00947	0.01894	0.02131	0.84138	0.00473	0.00473	0.00237	0.00237
16	0.84691	0.01054	0.00801	0.00717	0.01054	0.01223	0.00590	0.01603	0.00928	0.02446	0.00759	0.00886	0.00590	0.00506	0.00337	0.00169	0.00422	0.00295	0.00337	0.00590
17	0.01130	0.00969	0.01130	0.00807	0.01292	0.00727	0.00646	0.01373	0.01130	0.01776	0.00969	0.01130	0.00807	0.00404	0.00404	0.00081	0.00404	0.00323	0.00323	0.84173
18	0.01873	0.01428	0.01524	0.01214	0.01615	0.01597	0.00988	0.55365	0.23145	0.03114	0.01562	0.01511	0.01132	0.00678	0.00548	0.00170	0.00553	0.00526	0.00548	0.00909
19	0.00793	0.00529	0.00595	0.00595	0.00595	0.00529	0.00330	0.00793	0.00793	0.01057	0.01718	0.03568	0.01982	0.80840	0.02775	0.00529	0.00529	0.00793	0.00330	0.00330
20	0.02037	0.02598	0.01545	0.01404	0.01685	0.78652	0.01053	0.02177	0.01545	0.01334	0.00843	0.00983	0.00702	0.00562	0.00492	0.00140	0.00983	0.00351	0.00281	0.00632
21	0.00787	0.00536	0.00638	0.00642	0.00657	0.00550	0.00388	0.00820	0.00812	0.01097	0.01711	0.05292	0.01929	0.67145	0.14291	0.00574	0.00665	0.00780	0.00329	0.00357
22	0.01733	0.01200	0.01274	0.01014	0.01351	0.01311	0.00826	0.51721	0.02107	0.02985	0.01460	0.01542	0.01078	0.00648	0.00493	0.00152	0.00489	0.00496	0.27330	0.00792
23	0.00644	0.00552	0.00552	0.00552	0.00736	0.00460	0.00414	0.00782	0.01243	0.01473	0.05523	0.05247	0.77218	0.01381	0.00644	0.00184	0.00276	0.01151	0.00506	0.00460
24	0.00947	0.00473	0.00710	0.00710	0.00710	0.00473	0.00473	0.00710	0.00710	0.00947	0.00947	0.01657	0.00947	0.01894	0.02131	0.84138	0.00473	0.00473	0.00237	0.00237
25	0.00779	0.00582	0.00867	0.00867	0.00962	0.00677	0.00671	0.00968	0.00874	0.01259	0.01468	0.02186	0.01382	0.06468	0.76327	0.00865	0.01431	0.00591	0.00293	0.00482
26	0.00707	0.00555	0.00639	0.00618	0.00775	0.00487	0.00463	0.00903	0.01390	0.01822	0.40550	0.04672	0.41973	0.01251	0.00644	0.00178	0.00267	0.01070	0.00552	0.00487
27	0.01093	0.02820	0.78016	0.01554	0.02360	0.01266	0.02014	0.01727	0.01151	0.01727	0.00978	0.01151	0.00691	0.00518	0.00518	0.00173	0.00806	0.00403	0.00230	0.00806
28	0.00664	0.00476	0.00631	0.00755	0.00790	0.00443	0.00504	0.00760	0.01048	0.01393	0.03060	0.78834	0.05221	0.01701	0.00695	0.00221	0.00315	0.01541	0.00506	0.00443
29	0.00978	0.00900	0.01295	0.01187	0.01228	0.01135	0.03918	0.01108	0.00954	0.01376	0.01718	0.31880	0.01950	0.01251	0.01272	0.00230	0.42191	0.04534	0.00356	0.00538
30	0.84691	0.01054	0.00801	0.00717	0.01054	0.01223	0.00590	0.01603	0.00928	0.02446	0.00759	0.00886	0.00590	0.00506	0.00337	0.00169	0.00422	0.00295	0.00337	0.00590
31	0.01080	0.01175	0.02360	0.01737	0.02170	0.01083	0.51335	0.01436	0.01273	0.01658	0.02524	0.02684	0.25384	0.00756	0.00644	0.00184	0.00712	0.00806	0.00350	0.00647
32	0.01341	0.55983	0.27017	0.01132	0.01708	0.01871	0.01280	0.01663	0.01122	0.01425	0.00829	0.00963	0.00697	0.00483	0.00404	0.00135	0.00655	0.00327	0.00232	0.00734
33	0.01458	0.81168	0.02857	0.00933	0.01399	0.02157	0.00933	0.01632	0.01108	0.01283	0.00758	0.00875	0.00700	0.00466	0.00350	0.00117	0.00583	0.00292	0.00233	0.00700
34	0.01433	0.01148	0.01293	0.00951	0.01420	0.01037	0.00771	0.25241	0.01591	0.02310	0.01078	0.01188	0.00846	0.00484	0.00449	0.00107	0.00467	0.00377	0.00394	0.57413
35	0.00841	0.00615	0.00826	0.00931	0.01066	0.00600	0.00803	0.01073	0.01253	0.01606	0.03314	0.06003	0.15157	0.01486	0.00735	0.00240	0.00465	0.61987	0.00503	0.00495
36	0.00783	0.00566	0.00786	0.00786	0.00852	0.00632	0.00569	0.00915	0.00849	0.01199	0.01543	0.02600	0.01562	0.28761	0.54279	0.00764	0.01161	0.00651	0.00304	0.00436
37	0.01127	0.00972	0.01014	0.00930	0.01199	0.01068	0.00719	0.02217	0.52277	0.02021	0.03281	0.03067	0.25952	0.00946	0.00584	0.00185	0.00382	0.00788	0.00539	0.00733
38	0.01416	0.01099	0.01091	0.00968	0.01201	0.08466	0.00743	0.30426	0.01708	0.02311	0.01898	0.26866	0.01856	0.00981	0.00557	0.00173	0.00480	0.00821	0.16273	0.00664
39	0.04165	0.01129	0.01337	0.01047	0.01437	0.01140	0.00857	0.29992	0.04950	0.36994	0.09545	0.01861	0.01576	0.00711	0.00552	0.00168	0.00491	0.00568	0.00605	0.00874
40	0.01483	0.01493	0.01435	0.32499	0.02354	0.26059	0.01133	0.10988	0.01430	0.01729	0.01095	0.01372	0.00846	0.00578	0.00503	0.00158	0.00721	0.00446	0.13038	0.00640
41	0.00765	0.00547	0.00749	0.00875	0.00951	0.00530	0.00682	0.00934	0.01143	0.01505	0.02949	0.45415	0.03385	0.01613	0.00723	0.00235	0.00404	0.35621	0.00504	0.00471
42	0.01212	0.01152	0.01942	0.35938	0.44025	0.01261	0.01585	0.01583	0.02997	0.01627	0.01030	0.01411	0.00824	0.00517	0.00542	0.00171	0.00676	0.00488	0.00265	0.00753
43	0.01706	0.08401	0.07365	0.01983	0.26063	0.32707	0.01310	0.10866	0.01508	0.01757	0.00961	0.01144	0.00780	0.00538	0.00504	0.00151	0.00784	0.00410	0.00302	0.00760
44	0.00779	0.00584	0.00876	0.00876	0.00974	0.00681	0.00681	0.00974	0.00876	0.01266	0.01460	0.02142	0.01363	0.04089	0.78680	0.00876	0.01460	0.00584	0.00292	0.00487
45	0.02037	0.02598	0.01545	0.01404	0.01685	0.78652	0.01053	0.02177	0.01545	0.01334	0.00843	0.00983	0.00702	0.00562	0.00492	0.00140	0.00983	0.00351	0.00281	0.00632
46	0.01278	0.00986	0.01277	0.01410	0.12904	0.01045	0.01005	0.12149	0.18281	0.04770	0.04285	0.03605	0.02143	0.01019	0.00637	0.00205	0.00514	0.31281	0.00493	0.00713
47	0.00680	0.00496	0.00676	0.04165	0.00919	0.00476	0.00550	0.00787	0.01046	0.01392	0.02917	0.77068	0.03481	0.01658	0.00689	0.00220	0.00334	0.01504	0.00495	0.00450
48	0.01030	0.00969	0.01635	0.79530	0.03755	0.01211	0.01514	0.01393	0.01090	0.01393	0.00969	0.01453	0.00727	0.00545	0.00545	0.00182	0.00727	0.00484	0.00242	0.00606
49	0.01093	0.02820	0.78016	0.01554	0.02360	0.01266	0.02014	0.01727	0.01151	0.01727	0.00978	0.01151	0.00691	0.00518	0.00518	0.00173	0.00806	0.00403	0.00230	0.00806
50	0.00814	0.00637	0.00752	0.00723	0.00874	0.02135	0.00551	0.01122	0.05910	0.02002	0.52814	0.05589	0.17172	0.01162	0.00643	0.00180	0.00302	0.05525	0.00567	0.00526
51	0.01093	0.02820	0.78016	0.01554	0.02360	0.01266	0.02014	0.01727	0.01151	0.01727	0.00978	0.01151	0.00691	0.00518	0.00518	0.00173	0.00806	0.00403	0.00230	0.00806
52	0.00644	0.00552	0.00552	0.00552	0.00736	0.00460	0.00414	0.00782	0.01243	0.01473	0.05523	0.05247	0.77218	0.01381	0.00644	0.00184	0.00276	0.01151	0.00506	0.00460
53	0.00702	0.00555	0.00633	0.00613	0.00772	0.00485	0.00460	0.00894	0.01379	0.01797	0.38092	0.04713	0.44446	0.01260	0.00644	0.00178	0.00268	0.01076	0.00549	0.00485
54	0.01198	0.01141	0.01939	0.39448	0.42522	0.01255	0.01598	0.01540	0.01170	0.01597	0.00999	0.01399	0.00799	0.00514	0.00542	0.00171	0.00685	0.00485	0.00257	0.00741
55	0.00664	0.00474	0.00633	0.00759	0.00791	0.00443	0.00506	0.00759	0.01044	0.01392	0.03005	0.80485	0.03606	0.01708	0.00696	0.00221	0.00316	0.01550	0.00506	0.00443
56	0.00944	0.00515	0.00536	0.00536	0.00622	0.00515	0.00365	0.01117	0.01031	0.01719	0.01759	0.02526	0.01585	0.26418	0.01151	0.00256	0.00342	0.00600	0.57013	0.00451
57	0.00690	0.00493	0.00662	0.00788	0.00831	0.00465	0.00550	0.00803	0.01069	0.01420	0.02991	0.71628	0.03550	0.01684	0.00703	0.00225	0.00338	0.10155	0.00506	0.00450
58	0.01349	0.01295	0.02213	0.03346	0.77440	0.01295	0.01673	0.01673	0.01241	0.01781	0.01025	0.01349	0.00864	0.00486	0.00540	0.00162	0.00648	0.00486	0.00270	0.00864
59	0.01193	0.01193	0.01670	0.01431	0.01431	0.01670	0.01193	0.01312	0.00835	0.01312	0.00716	0.01193	0.00716	0.00954	0.01789	0.00239	0.79843	0.00477	0.00239	0.00596
60	0.00865	0.00522	0.00567	0.00567	0.00608	0.00522	0.00347	0.00946	0.00905	0.01371	0.01737	0.03074	0.01794	0.55058	0.02005	0.00399	0.00440	0.00701	0.27184	0.00387
61	0.01030	0.00969	0.01635	0.79530	0.03755	0.01211	0.01514	0.01393	0.01090	0.01393	0.00969	0.01453	0.00727	0.00545	0.00545	0.00182	0.00727	0.00484	0.00242	0.00606
62	0.01287	0.01471	0.03217	0.02298	0.02849	0.01379	0.75460	0.01746	0.01287	0.01746	0.01103	0.01471	0.00827	0.00460	0.00643	0.00184	0.00919	0.00643	0.00276	0.00735
63	0.01278	0.01530	0.06501	0.02265	0.02828	0.01374	0.72235	0.01745	0.01281	0.01745	0.01097	0.01457	0.00821	0.00462	0.00638	0.00183	0.00914	0.00633	0.00274	0.00738
64	0.84691	0.01054	0.00801	0.00717	0.01054	0.01223	0.00590	0.01603	0.00928	0.02446	0.00759	0.00886	0.00590	0.00506	0.00337	0.00169	0.00422	0.00295	0.00337	0.00590
65	0.00779	0.00584	0.00876	0.00876	0.00974	0.00681	0.00681	0.00974	0.00876	0.01266	0.01460	0.02142	0.01363	0.04089	0.78680	0.00876	0.01460	0.00584	0.00292	0.00487
66	0.01189	0.17483	0.03713	0.00940	0.01196	0.04134	0.00824	0.01477	0.04568	0.09012	0.18948	0.07280	0.02698	0.01031	0.00596	0.00186	0.00477	0.23166	0.00470	0.00614
67	0.03942	0.01424	0.02921	0.05213	0.17316	0.12645	0.01114	0.21011	0.06743	0.11791	0.06805	0.01728	0.01332	0.00662	0.00545	0.00166	0.00615	0.02785	0.00444	0.00797
68	0.02360	0.01025	0.01321	0.01017	0.01438	0.00951	0.00839	0.13736	0.03727	0.64499	0.02025	0.01777	0.01294	0.00673	0.00548	0.00168	0.00484	0.00541	0.00652	0.00926
69	0.00793	0.00529	0.00595	0.00595	0.00595	0.00529	0.00330	0.00793	0.00793	0.01057	0.01718	0.03568	0.01982	0.80840	0.02775	0.00529	0.00529	0.00793	0.00330	0.00330
70	0.31008	0.03448	0.04800	0.07867	0.18672	0.04938	0.01100	0.18303	0.01422	0.02322	0.00973	0.01147	0.00751	0.00540	0.00462	0.00165	0.00584	0.00404	0.00351	0.00743
71	0.02438	0.00941	0.01273	0.00976	0.01398	0.00821	0.00807	0.04281	0.01583	0.76162	0.02132	0.01843	0.01340	0.00674	0.00548	0.00169	0.00467	0.00547	0.00672	0.00928
72	0.00664	0.00474	0.00633	0.00759	0.00791	0.00443	0.00506	0.00759	0.01044	0.01392	0.03005	0.80485	0.03606	0.01708	0.00696	0.00221	0.00316	0.01550	0.00506	0.00443
73	0.01287	0.01471	0.03217	0.02298	0.02849	0.01379	0.75460	0.01746	0.01287	0.01746	0.01103	0.01471	0.00827	0.00460	0.00643	0.00184	0.00919	0.00643	0.00276	0.00735
74	0.01196	0.06571	0.64563	0.01572	0.03895	0.04703	0.04855	0.01762	0.01183	0.03383	0.00994	0.01163	0.00715	0.00518	0.00515	0.00169	0.00796	0.00410	0.00245	0.00794
75	0.01211	0.02001	0.32630	0.02005	0.02657	0.01334	0.46579	0.01739	0.01233	0.01739	0.01054	0.01345	0.00773	0.00483	0.00594	0.00179	0.00875	0.00549	0.00258	0.00763
76	0.01356	0.01171	0.01233	0.01109	0.01418	0.01356	0.00863	0.02897	0.76455	0.02281	0.02219	0.02034	0.01664	0.00740	0.00555	0.00185	0.00431	0.00616	0.00555	0.00863
77	0.28399	0.01755	0.01645	0.01357	0.01692	0.31331	0.15499	0.03442	0.01266	0.01816	0.00868	0.01070	0.00697	0.00554	0.00568	0.00166	0.06529	0.00403	0.00301	0.00643
78	0.00772	0.00557	0.00729	0.00686	0.00814	0.00514	0.00514	0.01029	0.01543	0.02186	0.77152	0.04072	0.05144	0.01115	0.00643	0.00171	0.00257	0.00986	0.00600	0.00514
79	0.01196	0.01230	0.02322	0.31303	0.17416	0.01321	0.28316	0.01569	0.01172	0.01590	0.01010	0.01421	0.00789	0.00532	0.00669	0.00183	0.06459	0.00542	0.00259	0.00701
80	0.00664	0.00474	0.00633	0.00759	0.00791	0.00443	0.00506	0.00759	0.01044	0.01392	0.03005	0.80485	0.03606	0.01708	0.00696	0.00221	0.00316	0.01550	0.00506	0.00443
81	0.01093	0.02820	0.78016	0.01554	0.02360	0.01266	0.02014	0.01727	0.01151	0.01727	0.00978	0.01151	0.00691	0.00518	0.00518	0.00173	0.00806	0.00403	0.00230	0.00806
82	0.01318	0.26969	0.02045	0.01270	0.01433	0.05526	0.01102	0.01457	0.00957	0.01304	0.00735	0.01080	0.00710	0.00779	0.01264	0.00195	0.50574	0.00411	0.00239	0.00631
83	0.01198	0.08680	0.19133	0.01150	0.05540	0.01066	0.01063	0.03384	0.05089	0.01787	0.01028	0.01175	0.00821	0.00464	0.00444	0.00117	0.00532	0.00366	0.00308	0.46654
84	0.00913	0.00787	0.01228	0.03475	0.21667	0.00805	0.02911	0.01088	0.01090	0.01501	0.02205	0.49361	0.02513	0.01262	0.00727	0.00205	0.06140	0.01135	0.00410	0.00579
85	0.00729	0.00577	0.00670	0.00707	0.00868	0.00518	0.00571	0.00912	0.01268	0.01575	0.09816	0.05453	0.48232	0.01402	0.00679	0.00205	0.00347	0.24483	0.00512	0.00478
86	0.01800	0.01392	0.01483	0.01199	0.01587	0.01563	0.00970	0.47953	0.30676	0.02996	0.01655	0.01585	0.01208	0.00687	0.00549	0.00172	0.00536	0.00539	0.00549	0.00903
87	0.01102	0.02761	0.74732	0.01587	0.02381	0.01271	0.05239	0.01727	0.01157	0.01727	0.00984	0.01165	0.00697	0.00515	0.00523	0.00173	0.00811	0.00413	0.00232	0.00803
88	0.00664	0.00474	0.00633	0.00759	0.00791	0.00443	0.00506	0.00759	0.01044	0.01392	0.03005	0.80485	0.03606	0.01708	0.00696	0.00221	0.00316	0.01550	0.00506	0.00443
89	0.01193	0.01193	0.01670	0.01431	0.01431	0.01670	0.01193	0.01312	0.00835	0.01312	0.00716	0.01193	0.00716	0.00954	0.01789	0.00239	0.79843	0.00477	0.00239	0.00596
90	0.01298	0.01832	0.28997	0.02533	0.41862	0.01272	0.07709	0.01738	0.01226	0.04835	0.01061	0.01310	0.00819	0.00503	0.00541	0.00168	0.00718	0.00472	0.00273	0.00835
91	0.00945	0.00662	0.00813	0.06393	0.01085	0.00722	0.00646	0.01287	0.07837	0.01716	0.02293	0.02799	0.12500	0.01487	0.15304	0.00301	0.04050	0.06979	0.31642	0.00539
92	0.00664	0.00474	0.00633	0.00759	0.00791	0.00443	0.00506	0.00759	0.01044	0.01392	0.03005	0.80485	0.03606	0.01708	0.00696	0.00221	0.00316	0.01550	0.00506	0.00443
93	0.00772	0.00557	0.00729	0.00686	0.00814	0.00514	0.00514	0.01029	0.01543	0.02186	0.77152	0.04072	0.05144	0.01115	0.00643	0.00171	0.00257	0.00986	0.00600	0.00514
94	0.01130	0.04885	0.01032	0.00909	0.01081	0.22034	0.00685	0.01318	0.01417	0.01727	0.34730	0.15989	0.06972	0.01055	0.00599	0.00171	0.00489	0.02764	0.00472	0.00540
95	0.06994	0.03614	0.02171	0.21294	0.09901	0.17158	0.25746	0.03637	0.01290	0.01656	0.00982	0.01296	0.00764	0.00513	0.00547	0.00169	0.00808	0.00492	0.00278	0.00689
96	0.84691	0.01054	0.00801	0.00717	0.01054	0.01223	0.00590	0.01603	0.00928	0.02446	0.00759	0.00886	0.00590	0.00506	0.00337	0.00169	0.00422	0.00295	0.00337	0.00590
97	0.01458	0.81168	0.02857	0.00933	0.01399	0.02157	0.00933	0.01632	0.01108	0.01283	0.00758	0.00875	0.00700	0.00466	0.00350	0.00117	0.00583	0.00292	0.00233	0.00700
98	0.00793	0.00529	0.00595	0.00595	0.00595	0.00529	0.00330	0.00793	0.00793	0.01057	0.01718	0.03568	0.01982	0.80840	0.02775	0.00529	0.00529	0.00793	0.00330	0.00330
99	0.01219	0.10344	0.44089	0.02110	0.28214	0.01368	0.01785	0.01698	0.01178	0.01700	0.00972	0.01191	0.00751	0.00502	0.00508	0.00163	0.00728	0.00420	0.00244	0.00815
100	0.03536	0.01338	0.02147	0.07958	0.64210	0.05009	0.04510	0.01681	0.01240	0.01751	0.01009	0.01331	0.00839	0.00493	0.00537	0.00163	0.00674	0.00480	0.00271	0.00824
101	0.02028	0.00991	0.01233	0.01003	0.01377	0.00968	0.00809	0.02668	0.25635	0.50476	0.05207	0.02003	0.01604	0.00713	0.00554	0.00174	0.00445	0.00588	0.00633	0.00890
102	0.01093	0.02820	0.78016	0.01554	0.02360	0.01266	0.02014	0.01727	0.01151	0.01727	0.00978	0.01151	0.00691	0.00518	0.00518	0.00173	0.00806	0.00403	0.00230	0.00806
103	0.03112	0.01623	0.26268	0.29564	0.14228	0.01206	0.07292	0.01560	0.01158	0.01660	0.02947	0.01420	0.00882	0.00538	0.00533	0.00173	0.00715	0.00480	0.03928	0.00712
104	0.00810	0.00569	0.00706	0.00772	0.02807	0.00561	0.00510	0.00894	0.00967	0.01278	0.04142	0.10023	0.05948	0.49276	0.01953	0.00408	0.00491	0.17087	0.00395	0.00402
105	0.00673	0.00533	0.00609	0.00657	0.00785	0.00469	0.00481	0.00810	0.01193	0.01489	0.07621	0.29447	0.45122	0.01483	0.00669	0.00200	0.00304	0.06484	0.00510	0.00460
106	0.01359	0.00984	0.04420	0.00955	0.01227	0.03276	0.00792	0.10664	0.11021	0.15843	0.22448	0.08344	0.06163	0.00985	0.00609	0.00184	0.00437	0.09046	0.00553	0.00691
107	0.03102	0.23709	0.44000	0.01515	0.08588	0.07061	0.01594	0.01726	0.01171	0.01599	0.00909	0.01076	0.00707	0.00504	0.00469	0.00154	0.00736	0.00374	0.00240	0.00765
108	0.00944	0.00515	0.00536	0.00536	0.00622	0.00515	0.00365	0.01117	0.01031	0.01719	0.01759	0.02526	0.01585	0.26418	0.01151	0.00256	0.00342	0.00600	0.57013	0.00451
109	0.00664	0.00553	0.00580	0.00573	0.00749	0.00469	0.00430	0.00821	0.01290	0.01585	0.16777	0.05062	0.65894	0.01339	0.00644	0.00182	0.00273	0.01125	0.00521	0.00469
110	0.05474	0.41521	0.23719	0.01159	0.01690	0.11533	0.01231	0.01774	0.01188	0.04997	0.00895	0.01012	0.00722	0.00505	0.00424	0.00140	0.00684	0.00343	0.00264	0.00726
111	0.05079	0.05606	0.44935	0.01416	0.02017	0.19180	0.01563	0.07253	0.04803	0.01800	0.01010	0.01142	0.00751	0.00546	0.00501	0.00163	0.00789	0.00398	0.00285	0.00763
112	0.84691	0.01054	0.00801	0.00717	0.01054	0.01223	0.00590	0.01603	0.00928	0.02446	0.00759	0.00886	0.00590	0.00506	0.00337	0.00169	0.00422	0.00295	0.00337	0.00590
113	0.00664	0.00474	0.00633	0.00759	0.00791	0.00443	0.00506	0.00759	0.01044	0.01392	0.03005	0.80485	0.03606	0.01708	0.00696	0.00221	0.00316	0.01550	0.00506	0.00443
114	0.00871	0.00622	0.00868	0.00981	0.01107	0.00619	0.00852	0.01122	0.01276	0.01671	0.08216	0.06001	0.03282	0.01478	0.00745	0.00245	0.00484	0.68546	0.00509	0.00503
115	0.01458	0.81168	0.02857	0.00933	0.01399	0.02157	0.00933	0.01632	0.01108	0.01283	0.00758	0.00875	0.00700	0.00466	0.00350	0.00117	0.00583	0.00292	0.00233	0.00700
116	0.04831	0.19978	0.30408	0.01291	0.01826	0.11407	0.03216	0.07130	0.03409	0.06077	0.01070	0.02951	0.00843	0.00574	0.00516	0.00158	0.02835	0.00422	0.00307	0.00752
117	0.00779	0.00584	0.00876	0.00876	0.00974	0.00681	0.00681	0.00974	0.00876	0.01266	0.01460	0.02142	0.01363	0.04089	0.78680	0.00876	0.01460	0.00584	0.00292	0.00487
118	0.00664	0.00474	0.00633	0.00759	0.00791	0.00443	0.00506	0.00759	0.01044	0.01392	0.03005	0.80485	0.03606	0.01708	0.00696	0.00221	0.00316	0.01550	0.00506	0.00443
119	0.01581	0.01846	0.14924	0.01302	0.01635	0.24661	0.01162	0.10892	0.04704	0.07279	0.01211	0.05190	0.01010	0.00957	0.06414	0.00226	0.13451	0.00499	0.00350	0.00705
120	0.01214	0.01159	0.01880	0.43341	0.35114	0.03062	0.01560	0.03282	0.01200	0.01605	0.00998	0.01395	0.00789	0.00523	0.00542	0.00172	0.00696	0.00482	0.00262	0.00724
121	0.01288	0.01466	0.03191	0.02325	0.04797	0.01376	0.73532	0.01744	0.01286	0.01747	0.01101	0.01467	0.00828	0.00460	0.00641	0.00183	0.00912	0.00639	0.00276	0.00739
122	0.01341	0.55983	0.27017	0.01132	0.01708	0.01871	0.01280	0.01663	0.01122	0.01425	0.00829	0.00963	0.00697	0.00483	0.00404	0.00135	0.00655	0.00327	0.00232	0.00734
123	0.00779	0.00584	0.00876	0.00876	0.00974	0.00681	0.00681	0.00974	0.00876	0.01266	0.01460	0.02142	0.01363	0.04089	0.78680	0.00876	0.01460	0.00584	0.00292	0.00487
