[name]
unknown

[dist]
# distance from previous block
# <min> <max>
0	0

[block]
# block no. 0 follows, 42 sequences, length 53
# corresponding to MSA columns:
# 63-115
name=unknown_A
#
# <colnr> <probs for GDERKNQSTAVLIFYWHMCP>
#	G	D	E	R	K	N	Q	S	T	A	V	L	I	F	Y	W	H	M	C	P
0	0.00907	0.00648	0.00907	0.01036	0.01166	0.00648	0.00907	0.01166	0.01296	0.01684	0.02980	0.06348	0.03239	0.01555	0.00777	0.00259	0.00518	0.72924	0.00518	0.00518
1	0.02525	0.00958	0.01306	0.01001	0.01437	0.00827	0.00827	0.02743	0.01611	0.77102	0.02220	0.01915	0.01393	0.00697	0.00566	0.00174	0.00479	0.00566	0.00697	0.00958
2	0.00804	0.00603	0.00904	0.00904	0.01005	0.00703	0.00703	0.01005	0.00904	0.01306	0.01507	0.02211	0.01407	0.04221	0.77992	0.00904	0.01507	0.00603	0.00301	0.00502
3	0.00665	0.00570	0.00570	0.00570	0.00760	0.00475	0.00428	0.00808	0.01283	0.01520	0.05701	0.05416	0.76483	0.01425	0.00665	0.00190	0.00285	0.01188	0.00523	0.00475
4	0.02083	0.02603	0.01618	0.01502	0.03894	0.72961	0.01105	0.04899	0.01624	0.01470	0.00893	0.01038	0.00738	0.00581	0.00511	0.00146	0.00990	0.00372	0.00300	0.00670
5	0.00746	0.00573	0.00682	0.00655	0.00810	0.00509	0.00491	0.00964	0.01474	0.01974	0.49220	0.04670	0.32682	0.01256	0.00664	0.00182	0.00273	0.01083	0.00582	0.00509
6	0.02208	0.00923	0.01231	0.00963	0.01360	0.00808	0.00786	0.02483	0.04308	0.61602	0.11180	0.02164	0.01854	0.00741	0.00571	0.00171	0.00449	0.00612	0.00665	0.04924
7	0.01129	0.02911	0.77306	0.01604	0.02436	0.01307	0.02079	0.01782	0.01188	0.01782	0.01010	0.01188	0.00713	0.00535	0.00535	0.00178	0.00832	0.00416	0.00238	0.00832
8	0.00978	0.00489	0.00733	0.00733	0.00733	0.00489	0.00489	0.00733	0.00733	0.00978	0.00978	0.01711	0.00978	0.01955	0.02199	0.83627	0.00489	0.00489	0.00244	0.00244
9	0.01718	0.01397	0.01450	0.01214	0.01585	0.03592	0.00968	0.32029	0.44163	0.02810	0.01872	0.01768	0.01384	0.00723	0.00567	0.00181	0.00531	0.00577	0.00561	0.00911
10	0.01268	0.01072	0.01218	0.00915	0.01382	0.00923	0.00730	0.06350	0.13841	0.02031	0.01240	0.01336	0.00991	0.00492	0.00452	0.00107	0.00434	0.00396	0.00388	0.64433
11	0.01505	0.80561	0.02949	0.00963	0.01444	0.02227	0.00963	0.01685	0.01143	0.01324	0.00782	0.00903	0.00722	0.00481	0.00361	0.00120	0.00602	0.00301	0.00241	0.00722
12	0.01230	0.01312	0.02720	0.02039	0.02489	0.01260	0.55419	0.01643	0.01304	0.01760	0.01537	0.02591	0.01385	0.00736	0.00733	0.00207	0.03726	0.16873	0.00336	0.00700
13	0.00796	0.00575	0.00752	0.00708	0.00841	0.00531	0.00531	0.01062	0.01593	0.02257	0.76415	0.04204	0.05310	0.01150	0.00664	0.00177	0.00265	0.01018	0.00619	0.00531
14	0.01400	0.01209	0.01273	0.01145	0.01463	0.01400	0.00891	0.02990	0.75695	0.02354	0.02291	0.02100	0.01718	0.00764	0.00573	0.00191	0.00445	0.00636	0.00573	0.00891
15	0.01505	0.80561	0.02949	0.00963	0.01444	0.02227	0.00963	0.01685	0.01143	0.01324	0.00782	0.00903	0.00722	0.00481	0.00361	0.00120	0.00602	0.00301	0.00241	0.00722
16	0.00978	0.00489	0.00733	0.00733	0.00733	0.00489	0.00489	0.00733	0.00733	0.00978	0.00978	0.01711	0.00978	0.01955	0.02199	0.83627	0.00489	0.00489	0.00244	0.00244
17	0.00675	0.00531	0.00610	0.00674	0.00787	0.00466	0.00474	0.00796	0.01183	0.01480	0.04440	0.41531	0.41182	0.01589	0.00691	0.00209	0.00305	0.01388	0.00522	0.00466
18	0.01315	0.01258	0.02144	0.21163	0.59608	0.01317	0.01689	0.01659	0.01245	0.01744	0.01045	0.01418	0.00858	0.00516	0.00558	0.00172	0.00688	0.00501	0.00272	0.00829
19	0.84197	0.01088	0.00827	0.00740	0.01088	0.01262	0.00609	0.01654	0.00958	0.02525	0.00784	0.00914	0.00609	0.00522	0.00348	0.00174	0.00435	0.00305	0.00348	0.00609
20	0.00686	0.00490	0.00653	0.00784	0.00816	0.00457	0.00522	0.00784	0.01077	0.01437	0.03102	0.79855	0.03722	0.01763	0.00718	0.00229	0.00326	0.01600	0.00522	0.00457
21	0.01508	0.71642	0.02810	0.01014	0.01458	0.02171	0.00987	0.04407	0.01179	0.01410	0.00800	0.00944	0.00732	0.00527	0.00480	0.00132	0.06500	0.00323	0.00253	0.00723
22	0.01396	0.22742	0.45000	0.01413	0.02060	0.14985	0.01620	0.01839	0.01248	0.01594	0.00927	0.01085	0.00717	0.00529	0.00485	0.00158	0.00805	0.00377	0.00248	0.00772
23	0.02154	0.01553	0.01675	0.01284	0.01734	0.01711	0.01061	0.72128	0.02607	0.06309	0.01384	0.01372	0.00973	0.00676	0.00563	0.00169	0.00614	0.00509	0.00568	0.00957
24	0.00907	0.00648	0.00907	0.01036	0.01166	0.00648	0.00907	0.01166	0.01296	0.01684	0.02980	0.06348	0.03239	0.01555	0.00777	0.00259	0.00518	0.72924	0.00518	0.00518
25	0.01089	0.01318	0.15882	0.02005	0.30010	0.01058	0.01352	0.01426	0.01101	0.01598	0.01243	0.01707	0.01080	0.02112	0.33949	0.00487	0.01061	0.00529	0.00281	0.00712
26	0.24957	0.01379	0.03905	0.01197	0.01431	0.08539	0.01005	0.06327	0.02905	0.05175	0.00926	0.01175	0.00770	0.00735	0.01015	0.00197	0.32765	0.00424	0.00331	0.04844
27	0.00804	0.00603	0.00904	0.00904	0.01005	0.00703	0.00703	0.01005	0.00904	0.01306	0.01507	0.02211	0.01407	0.04221	0.77992	0.00904	0.01507	0.00603	0.00301	0.00502
28	0.00731	0.00536	0.00686	0.00725	0.00820	0.00491	0.00515	0.00907	0.01325	0.01800	0.35036	0.38183	0.13249	0.01458	0.00688	0.00202	0.00295	0.01299	0.00564	0.00491
29	0.01039	0.00927	0.01618	0.07405	0.07352	0.00993	0.16611	0.04572	0.01118	0.01563	0.01349	0.01909	0.01180	0.02704	0.46307	0.00609	0.01228	0.00596	0.00304	0.00616
30	0.01700	0.04748	0.33040	0.01412	0.02021	0.01580	0.01484	0.42162	0.01993	0.02742	0.01191	0.01269	0.00848	0.00611	0.00545	0.00171	0.00707	0.00462	0.00418	0.00897
31	0.00818	0.00546	0.00614	0.00614	0.00614	0.00546	0.00341	0.00818	0.00818	0.01091	0.01773	0.03683	0.02046	0.80222	0.02864	0.00546	0.00546	0.00818	0.00341	0.00341
32	0.01774	0.01298	0.01406	0.01156	0.01533	0.01429	0.00930	0.33436	0.32366	0.10037	0.02114	0.01987	0.06419	0.00764	0.00574	0.00180	0.00512	0.00612	0.00577	0.00897
33	0.01776	0.02072	0.01888	0.04299	0.33382	0.43693	0.01369	0.02007	0.01451	0.01573	0.00953	0.01187	0.00796	0.00546	0.00530	0.00155	0.00862	0.00425	0.00284	0.00752
34	0.01766	0.02149	0.01994	0.01655	0.01950	0.46604	0.17093	0.01978	0.01395	0.01465	0.00903	0.01166	0.00756	0.00635	0.00800	0.00174	0.16114	0.00453	0.00280	0.00668
35	0.25439	0.06211	0.45797	0.01353	0.02000	0.03209	0.05099	0.01752	0.01135	0.01967	0.00935	0.01106	0.00690	0.00527	0.00477	0.00174	0.00715	0.00388	0.00274	0.00753
36	0.00738	0.00573	0.00671	0.00646	0.00805	0.00506	0.00485	0.00948	0.01454	0.01927	0.44791	0.04746	0.37139	0.01273	0.00664	0.00183	0.00274	0.01094	0.00576	0.00506
37	0.75048	0.07770	0.03075	0.00782	0.01155	0.01344	0.00679	0.01660	0.00979	0.02405	0.00790	0.00921	0.00622	0.00519	0.00354	0.00170	0.00460	0.00307	0.00336	0.00625
38	0.84197	0.01088	0.00827	0.00740	0.01088	0.01262	0.00609	0.01654	0.00958	0.02525	0.00784	0.00914	0.00609	0.00522	0.00348	0.00174	0.00435	0.00305	0.00348	0.00609
39	0.01148	0.01134	0.03773	0.50485	0.21490	0.01281	0.01560	0.01500	0.01163	0.01567	0.03498	0.01537	0.00934	0.00595	0.00651	0.00186	0.06021	0.00515	0.00269	0.00692
40	0.01854	0.01283	0.02429	0.01766	0.02276	0.01180	0.41652	0.04067	0.01481	0.33595	0.01600	0.01681	0.01084	0.00573	0.00620	0.00183	0.00742	0.00619	0.00465	0.00848
41	0.00686	0.00490	0.00653	0.00784	0.00816	0.00457	0.00522	0.00784	0.01077	0.01437	0.03102	0.79855	0.03722	0.01763	0.00718	0.00229	0.00326	0.01600	0.00522	0.00457
42	0.00686	0.00490	0.00653	0.00784	0.00816	0.00457	0.00522	0.00784	0.01077	0.01437	0.03102	0.79855	0.03722	0.01763	0.00718	0.00229	0.00326	0.01600	0.00522	0.00457
43	0.02102	0.02682	0.01595	0.01450	0.01740	0.77963	0.01087	0.02247	0.01595	0.01377	0.00870	0.01015	0.00725	0.00580	0.00507	0.00145	0.01015	0.00362	0.00290	0.00652
44	0.00666	0.00568	0.00573	0.00577	0.00762	0.00475	0.00431	0.00807	0.01276	0.01518	0.05619	0.07776	0.74177	0.01436	0.00667	0.00191	0.00286	0.01201	0.00523	0.00475
45	0.01063	0.01000	0.01688	0.78870	0.03876	0.01250	0.01563	0.01438	0.01125	0.01438	0.01000	0.01500	0.00750	0.00563	0.00563	0.00188	0.00750	0.00500	0.00250	0.00625
46	0.01167	0.01000	0.01167	0.00834	0.01334	0.00750	0.00667	0.01417	0.01167	0.01834	0.01000	0.01167	0.00834	0.00417	0.00417	0.00083	0.00417	0.00333	0.00333	0.83663
47	0.00804	0.00603	0.00904	0.00904	0.01005	0.00703	0.00703	0.01005	0.00904	0.01306	0.01507	0.02211	0.01407	0.04221	0.77992	0.00904	0.01507	0.00603	0.00301	0.00502
48	0.01129	0.02911	0.77306	0.01604	0.02436	0.01307	0.02079	0.01782	0.01188	0.01782	0.01010	0.01188	0.00713	0.00535	0.00535	0.00178	0.00832	0.00416	0.00238	0.00832
49	0.00686	0.00490	0.00653	0.00784	0.00816	0.00457	0.00522	0.00784	0.01077	0.01437	0.03102	0.79855	0.03722	0.01763	0.00718	0.00229	0.00326	0.01600	0.00522	0.00457
50	0.01129	0.02911	0.77306	0.01604	0.02436	0.01307	0.02079	0.01782	0.01188	0.01782	0.01010	0.01188	0.00713	0.00535	0.00535	0.00178	0.00832	0.00416	0.00238	0.00832
51	0.01674	0.02039	0.02549	0.01960	0.02404	0.35652	0.41762	0.02001	0.01447	0.01612	0.01018	0.01293	0.00796	0.00522	0.00594	0.00170	0.00978	0.00529	0.00287	0.00711
52	0.00685	0.00492	0.00651	0.00777	0.00815	0.00458	0.00520	0.00784	0.01083	0.01439	0.03178	0.77660	0.05868	0.01753	0.00717	0.00227	0.00325	0.01588	0.00522	0.00458

[dist]
# distance from previous block
# <min> <max>
0	44

[block]
# block no. 1 follows, 42 sequences, length 21
# corresponding to MSA columns:
# 160-180
name=unknown_B
#
# <colnr> <probs for GDERKNQSTAVLIFYWHMCP>
#	G	D	E	R	K	N	Q	S	T	A	V	L	I	F	Y	W	H	M	C	P
0	0.80717	0.01099	0.00888	0.00854	0.04267	0.01266	0.00656	0.01657	0.00971	0.02496	0.00795	0.00934	0.00621	0.00522	0.00357	0.00174	0.00445	0.00313	0.00345	0.00621
1	0.00907	0.00648	0.00907	0.01036	0.01166	0.00648	0.00907	0.01166	0.01296	0.01684	0.02980	0.06348	0.03239	0.01555	0.00777	0.00259	0.00518	0.72924	0.00518	0.00518
2	0.00976	0.00873	0.01326	0.04734	0.09261	0.01020	0.04216	0.01154	0.01027	0.01451	0.01835	0.27132	0.03758	0.01746	0.15060	0.00345	0.22252	0.00899	0.00358	0.00576
3	0.01503	0.01064	0.01408	0.27021	0.02200	0.01170	0.01073	0.23626	0.01724	0.11907	0.13664	0.05764	0.03866	0.00789	0.00590	0.00181	0.00565	0.00665	0.00482	0.00741
4	0.00665	0.00570	0.00570	0.00570	0.00760	0.00475	0.00428	0.00808	0.01283	0.01520	0.05701	0.05416	0.76483	0.01425	0.00665	0.00190	0.00285	0.01188	0.00523	0.00475
5	0.84197	0.01088	0.00827	0.00740	0.01088	0.01262	0.00609	0.01654	0.00958	0.02525	0.00784	0.00914	0.00609	0.00522	0.00348	0.00174	0.00435	0.00305	0.00348	0.00609
6	0.01213	0.01207	0.01720	0.09639	0.01730	0.01674	0.01266	0.01363	0.00890	0.01363	0.00766	0.01260	0.00740	0.00940	0.01711	0.00240	0.70921	0.00493	0.00247	0.00617
7	0.01328	0.01518	0.03321	0.02372	0.02941	0.01423	0.74668	0.01803	0.01328	0.01803	0.01139	0.01518	0.00854	0.00474	0.00664	0.00190	0.00949	0.00664	0.00285	0.00759
8	0.01129	0.02911	0.77306	0.01604	0.02436	0.01307	0.02079	0.01782	0.01188	0.01782	0.01010	0.01188	0.00713	0.00535	0.00535	0.00178	0.00832	0.00416	0.00238	0.00832
9	0.00665	0.00570	0.00570	0.00570	0.00760	0.00475	0.00428	0.00808	0.01283	0.01520	0.05701	0.05416	0.76483	0.01425	0.00665	0.00190	0.00285	0.01188	0.00523	0.00475
10	0.00790	0.00570	0.00747	0.00712	0.00839	0.00527	0.00531	0.01046	0.01563	0.02210	0.72199	0.08554	0.05219	0.01186	0.00667	0.00180	0.00269	0.01051	0.00614	0.00527
11	0.00686	0.00490	0.00653	0.00784	0.00816	0.00457	0.00522	0.00784	0.01077	0.01437	0.03102	0.79855	0.03722	0.01763	0.00718	0.00229	0.00326	0.01600	0.00522	0.00457
12	0.01129	0.02911	0.77306	0.01604	0.02436	0.01307	0.02079	0.01782	0.01188	0.01782	0.01010	0.01188	0.00713	0.00535	0.00535	0.00178	0.00832	0.00416	0.00238	0.00832
13	0.02525	0.00958	0.01306	0.01001	0.01437	0.00827	0.00827	0.02743	0.01611	0.77102	0.02220	0.01915	0.01393	0.00697	0.00566	0.00174	0.00479	0.00566	0.00697	0.00958
14	0.00796	0.00575	0.00752	0.00708	0.00841	0.00531	0.00531	0.01062	0.01593	0.02257	0.76415	0.04204	0.05310	0.01150	0.00664	0.00177	0.00265	0.01018	0.00619	0.00531
15	0.08214	0.02755	0.70783	0.01530	0.02321	0.01303	0.01954	0.01771	0.01168	0.01846	0.00991	0.01165	0.00704	0.00534	0.00519	0.00178	0.00798	0.00406	0.00247	0.00813
16	0.01991	0.02505	0.01536	0.01403	0.01677	0.71373	0.01055	0.02141	0.01536	0.01371	0.00924	0.01117	0.00783	0.00890	0.07117	0.00210	0.01057	0.00383	0.00291	0.00640
17	0.00686	0.00490	0.00653	0.00784	0.00816	0.00457	0.00522	0.00784	0.01077	0.01437	0.03102	0.79855	0.03722	0.01763	0.00718	0.00229	0.00326	0.01600	0.00522	0.00457
18	0.01155	0.01094	0.01855	0.57772	0.24252	0.01275	0.01609	0.01519	0.01169	0.01550	0.01017	0.01470	0.00790	0.00546	0.00561	0.00182	0.00727	0.00500	0.00258	0.00700
19	0.02102	0.02682	0.01595	0.01450	0.01740	0.77963	0.01087	0.02247	0.01595	0.01377	0.00870	0.01015	0.00725	0.00580	0.00507	0.00145	0.01015	0.00362	0.00290	0.00652
20	0.00810	0.00544	0.00627	0.00634	0.00640	0.00546	0.00365	0.00823	0.00836	0.01119	0.01840	0.08010	0.02119	0.72950	0.05470	0.00540	0.00568	0.00856	0.00350	0.00354

[dist]
# distance from previous block
# <min> <max>
0	10

[block]
# block no. 2 follows, 42 sequences, length 19
# corresponding to MSA columns:
# 191-209
name=unknown_C
#
# <colnr> <probs for GDERKNQSTAVLIFYWHMCP>
#	G	D	E	R	K	N	Q	S	T	A	V	L	I	F	Y	W	H	M	C	P
0	0.00801	0.00538	0.00619	0.00636	0.00640	0.00534	0.00365	0.00814	0.00852	0.01137	0.01948	0.13681	0.02266	0.69924	0.02583	0.00504	0.00517	0.00921	0.00365	0.00356
1	0.00828	0.00591	0.00816	0.00946	0.01041	0.00579	0.00769	0.01029	0.01217	0.01595	0.03023	0.32695	0.03412	0.01629	0.00756	0.00248	0.00449	0.47360	0.00520	0.00496
2	0.02525	0.00958	0.01306	0.01001	0.01437	0.00827	0.00827	0.02743	0.01611	0.77102	0.02220	0.01915	0.01393	0.00697	0.00566	0.00174	0.00479	0.00566	0.00697	0.00958
3	0.00699	0.00500	0.00669	0.00799	0.00838	0.00469	0.00546	0.00807	0.01091	0.01452	0.03094	0.75261	0.03692	0.01750	0.00722	0.00230	0.00338	0.06057	0.00522	0.00461
4	0.01244	0.01239	0.01767	0.01632	0.07344	0.01694	0.01270	0.01383	0.00895	0.01392	0.00764	0.01244	0.00751	0.00947	0.01746	0.00240	0.73069	0.00493	0.00249	0.00637
5	0.00796	0.00575	0.00752	0.00708	0.00841	0.00531	0.00531	0.01062	0.01593	0.02257	0.76415	0.04204	0.05310	0.01150	0.00664	0.00177	0.00265	0.01018	0.00619	0.00531
6	0.16815	0.00981	0.01222	0.00956	0.01376	0.00903	0.00789	0.02552	0.01496	0.64053	0.01969	0.01740	0.01256	0.00666	0.00528	0.00174	0.00471	0.00520	0.00636	0.00897
7	0.01306	0.01114	0.01191	0.01098	0.01378	0.01276	0.00842	0.02701	0.65901	0.02234	0.02397	0.12306	0.01981	0.00895	0.00592	0.00196	0.00430	0.00763	0.00566	0.00834
8	0.02525	0.00958	0.01306	0.01001	0.01437	0.00827	0.00827	0.02743	0.01611	0.77102	0.02220	0.01915	0.01393	0.00697	0.00566	0.00174	0.00479	0.00566	0.00697	0.00958
9	0.02525	0.00958	0.01306	0.01001	0.01437	0.00827	0.00827	0.02743	0.01611	0.77102	0.02220	0.01915	0.01393	0.00697	0.00566	0.00174	0.00479	0.00566	0.00697	0.00958
10	0.08821	0.01104	0.01656	0.41767	0.07274	0.01411	0.01376	0.01448	0.01033	0.01535	0.00898	0.01352	0.00742	0.00693	0.00962	0.00204	0.26346	0.00480	0.00260	0.00637
11	0.02088	0.01957	0.01613	0.01327	0.01706	0.30439	0.01053	0.44941	0.02199	0.02679	0.01186	0.01250	0.00886	0.00639	0.00536	0.00159	0.00756	0.00453	0.03305	0.00827
12	0.00686	0.00490	0.00653	0.00784	0.00816	0.00457	0.00522	0.00784	0.01077	0.01437	0.03102	0.79855	0.03722	0.01763	0.00718	0.00229	0.00326	0.01600	0.00522	0.00457
13	0.03599	0.01241	0.05050	0.01300	0.01425	0.01514	0.01107	0.07729	0.06128	0.01758	0.01054	0.01403	0.00911	0.00867	0.01358	0.00216	0.50976	0.00499	0.11205	0.00661
14	0.01229	0.01134	0.01855	0.52403	0.24156	0.01309	0.01575	0.06549	0.01273	0.01695	0.01041	0.01460	0.00804	0.00553	0.00561	0.00181	0.00718	0.00501	0.00280	0.00723
15	0.01231	0.02008	0.31123	0.02028	0.02678	0.01346	0.44752	0.01760	0.01267	0.01782	0.01158	0.04086	0.00899	0.00541	0.00617	0.00187	0.00883	0.00603	0.00275	0.00776
16	0.00686	0.00490	0.00653	0.00784	0.00816	0.00457	0.00522	0.00784	0.01077	0.01437	0.03102	0.79855	0.03722	0.01763	0.00718	0.00229	0.00326	0.01600	0.00522	0.00457
17	0.01876	0.01430	0.18655	0.01439	0.11493	0.00999	0.01207	0.04222	0.01498	0.40622	0.09156	0.01894	0.01551	0.00679	0.00567	0.00174	0.00567	0.00567	0.00526	0.00878
18	0.01106	0.00925	0.01341	0.12034	0.19692	0.00997	0.01017	0.06388	0.06817	0.01664	0.01681	0.09682	0.03317	0.15819	0.14690	0.00377	0.00743	0.00710	0.00361	0.00639

[dist]
# distance from previous block
# <min> <max>
1	3

[block]
# block no. 3 follows, 42 sequences, length 105
# corresponding to MSA columns:
# 213,215-318
name=unknown_D
#
# <colnr> <probs for GDERKNQSTAVLIFYWHMCP>
#	G	D	E	R	K	N	Q	S	T	A	V	L	I	F	Y	W	H	M	C	P
0	0.13321	0.53489	0.15658	0.01045	0.01567	0.01891	0.01105	0.01725	0.01137	0.03523	0.00859	0.00981	0.00722	0.00502	0.00395	0.00140	0.00615	0.00328	0.00267	0.00731
1	0.01824	0.01569	0.05855	0.01654	0.02160	0.01542	0.26273	0.39735	0.03642	0.07976	0.01343	0.01456	0.00957	0.00603	0.00597	0.00177	0.00729	0.00563	0.00462	0.00882
2	0.01447	0.01682	0.19799	0.01358	0.04310	0.01428	0.01235	0.13629	0.43939	0.02380	0.01795	0.01740	0.01330	0.00686	0.00561	0.00184	0.00573	0.00558	0.00480	0.00887
3	0.01332	0.02885	0.02075	0.02992	0.62777	0.02820	0.01554	0.01649	0.01308	0.01836	0.06453	0.01936	0.01366	0.00625	0.00576	0.00173	0.00635	0.05856	0.00319	0.00830
4	0.00677	0.00543	0.00605	0.00648	0.00782	0.00471	0.00464	0.00808	0.01223	0.01517	0.07225	0.30838	0.49165	0.01531	0.00683	0.00203	0.00299	0.01323	0.00526	0.00471
5	0.01284	0.34902	0.46672	0.01340	0.02027	0.01686	0.01619	0.01742	0.01170	0.01593	0.00916	0.01071	0.00717	0.00513	0.00463	0.00154	0.00737	0.00368	0.00239	0.00787
6	0.01400	0.01209	0.01273	0.01145	0.01463	0.01400	0.00891	0.02990	0.75695	0.02354	0.02291	0.02100	0.01718	0.00764	0.00573	0.00191	0.00445	0.00636	0.00573	0.00891
7	0.01458	0.01180	0.02158	0.33562	0.02963	0.01233	0.26656	0.01891	0.04656	0.16530	0.01347	0.01615	0.00956	0.00568	0.00599	0.00186	0.00752	0.00576	0.00365	0.00749
8	0.00822	0.00669	0.00741	0.00715	0.00905	0.00636	0.00547	0.01220	0.12385	0.01865	0.25626	0.04613	0.41596	0.01253	0.00656	0.00189	0.00313	0.04136	0.00558	0.00555
9	0.00686	0.00490	0.00653	0.00784	0.00816	0.00457	0.00522	0.00784	0.01077	0.01437	0.03102	0.79855	0.03722	0.01763	0.00718	0.00229	0.00326	0.01600	0.00522	0.00457
10	0.01507	0.01434	0.01900	0.02120	0.27278	0.07201	0.01362	0.14216	0.01367	0.01900	0.00963	0.01291	0.00828	0.00736	0.01086	0.00198	0.33036	0.00488	0.00315	0.00772
11	0.01505	0.80561	0.02949	0.00963	0.01444	0.02227	0.00963	0.01685	0.01143	0.01324	0.00782	0.00903	0.00722	0.00481	0.00361	0.00120	0.00602	0.00301	0.00241	0.00722
12	0.00665	0.00570	0.00570	0.00570	0.00760	0.00475	0.00428	0.00808	0.01283	0.01520	0.05701	0.05416	0.76483	0.01425	0.00665	0.00190	0.00285	0.01188	0.00523	0.00475
13	0.01473	0.01246	0.01314	0.01160	0.01491	0.01434	0.00909	0.10154	0.68412	0.02473	0.02197	0.02025	0.01642	0.00755	0.00572	0.00189	0.00463	0.00623	0.00572	0.00897
14	0.01063	0.01000	0.01688	0.78870	0.03876	0.01250	0.01563	0.01438	0.01125	0.01438	0.01000	0.01500	0.00750	0.00563	0.00563	0.00188	0.00750	0.00500	0.00250	0.00625
15	0.01378	0.01184	0.01256	0.01140	0.01450	0.01367	0.00891	0.02910	0.72434	0.02325	0.02321	0.02286	0.01785	0.00798	0.00582	0.00194	0.00449	0.03805	0.00570	0.00874
16	0.00678	0.00571	0.00588	0.00584	0.00768	0.00481	0.00438	0.00833	0.01314	0.01594	0.12752	0.05295	0.69387	0.01398	0.00665	0.00189	0.00283	0.01171	0.00532	0.00481
17	0.10484	0.04755	0.01292	0.00996	0.01375	0.01057	0.00811	0.02538	0.19449	0.43787	0.02069	0.05911	0.01482	0.00741	0.00544	0.00179	0.00464	0.00598	0.00600	0.00868
18	0.01342	0.01314	0.05095	0.01370	0.03498	0.01474	0.04933	0.02442	0.48251	0.02043	0.01762	0.01798	0.01367	0.00785	0.00884	0.00203	0.19581	0.00589	0.00455	0.00814
19	0.00692	0.00518	0.00643	0.00724	0.00805	0.00469	0.00500	0.00817	0.01179	0.01539	0.11051	0.54005	0.21775	0.01619	0.00700	0.00214	0.00310	0.01440	0.00532	0.00469
20	0.01393	0.01337	0.02284	0.03454	0.76712	0.01337	0.01727	0.01727	0.01281	0.01839	0.01059	0.01393	0.00891	0.00501	0.00557	0.00167	0.00669	0.00501	0.00279	0.00891
21	0.01547	0.01020	0.01228	0.00898	0.01380	0.00821	0.00727	0.05602	0.01352	0.20166	0.01314	0.01358	0.00976	0.00498	0.00461	0.00110	0.00442	0.00399	0.00434	0.59266
22	0.00686	0.00490	0.00653	0.00784	0.00816	0.00457	0.00522	0.00784	0.01077	0.01437	0.03102	0.79855	0.03722	0.01763	0.00718	0.00229	0.00326	0.01600	0.00522	0.00457
23	0.00702	0.00572	0.00621	0.00609	0.00783	0.00491	0.00456	0.00878	0.01369	0.01725	0.25399	0.05078	0.56657	0.01349	0.00665	0.00186	0.00280	0.01140	0.00550	0.00491
24	0.52086	0.01520	0.19432	0.05075	0.01570	0.01258	0.01026	0.04865	0.01107	0.02312	0.00925	0.01088	0.00697	0.00541	0.00416	0.00174	0.00548	0.00361	0.04325	0.00675
25	0.01452	0.01061	0.01116	0.00982	0.01149	0.09598	0.00730	0.23080	0.01403	0.01791	0.01077	0.01525	0.00943	0.01417	0.01519	0.49240	0.00587	0.00480	0.00345	0.00504
26	0.00686	0.00490	0.00653	0.00784	0.00816	0.00457	0.00522	0.00784	0.01077	0.01437	0.03102	0.79855	0.03722	0.01763	0.00718	0.00229	0.00326	0.01600	0.00522	0.00457
27	0.01311	0.40606	0.41210	0.01293	0.01954	0.01753	0.01537	0.01735	0.01166	0.01560	0.00899	0.01050	0.00717	0.00509	0.00450	0.00150	0.00720	0.00360	0.00239	0.00779
28	0.01063	0.01000	0.01688	0.78870	0.03876	0.01250	0.01563	0.01438	0.01125	0.01438	0.01000	0.01500	0.00750	0.00563	0.00563	0.00188	0.00750	0.00500	0.00250	0.00625
29	0.02043	0.01204	0.01404	0.01105	0.01527	0.01220	0.00899	0.25029	0.16797	0.31731	0.01843	0.01703	0.01267	0.00676	0.00551	0.00167	0.00509	0.00539	0.00594	0.09190
30	0.01167	0.01000	0.01167	0.00834	0.01334	0.00750	0.00667	0.01417	0.01167	0.01834	0.01000	0.01167	0.00834	0.00417	0.00417	0.00083	0.00417	0.00333	0.00333	0.83663
31	0.00818	0.00546	0.00614	0.00614	0.00614	0.00546	0.00341	0.00818	0.00818	0.01091	0.01773	0.03683	0.02046	0.80222	0.02864	0.00546	0.00546	0.00818	0.00341	0.00341
32	0.01148	0.01147	0.02125	0.55607	0.07942	0.01298	0.19552	0.01545	0.01184	0.01551	0.01038	0.01498	0.00784	0.00537	0.00587	0.00187	0.00794	0.00541	0.00260	0.00674
33	0.50971	0.01335	0.01302	0.04043	0.18874	0.09937	0.00966	0.03473	0.01151	0.02224	0.00878	0.01067	0.00701	0.00529	0.00427	0.00170	0.00570	0.00368	0.00327	0.00689
34	0.01290	0.01457	0.03163	0.02278	0.02816	0.01366	0.70295	0.01743	0.01313	0.01781	0.01254	0.06139	0.01023	0.00550	0.00667	0.00192	0.00912	0.00719	0.00299	0.00741
35	0.01162	0.14670	0.20208	0.06112	0.17024	0.01213	0.01248	0.01491	0.01175	0.01668	0.07267	0.01893	0.01389	0.12008	0.00842	0.00215	0.00612	0.00536	0.08579	0.00688
36	0.01210	0.01184	0.02098	0.02098	0.20108	0.03671	0.26607	0.01558	0.01313	0.01752	0.01807	0.03299	0.01761	0.00893	0.00676	0.00209	0.00720	0.27965	0.00372	0.00696
37	0.00812	0.00569	0.00734	0.00734	0.00775	0.00611	0.00490	0.00895	0.00854	0.01180	0.01664	0.03076	0.01783	0.48911	0.33816	0.00693	0.00942	0.00730	0.00325	0.00408
38	0.01291	0.28255	0.01990	0.30448	0.02358	0.01601	0.01170	0.01895	0.19477	0.01633	0.01311	0.01609	0.01064	0.00618	0.00503	0.00168	0.00617	0.02937	0.00335	0.00720
39	0.01129	0.02911	0.77306	0.01604	0.02436	0.01307	0.02079	0.01782	0.01188	0.01782	0.01010	0.01188	0.00713	0.00535	0.00535	0.00178	0.00832	0.00416	0.00238	0.00832
40	0.00730	0.00554	0.00726	0.00771	0.00867	0.00558	0.00561	0.00874	0.01054	0.01396	0.03093	0.29609	0.20685	0.05286	0.29977	0.00485	0.00770	0.01095	0.00433	0.00475
41	0.01054	0.00687	0.00922	0.27324	0.01757	0.00773	0.00793	0.01355	0.01161	0.01872	0.01550	0.01894	0.01206	0.00624	0.00451	0.00150	0.00429	0.00516	0.54922	0.00559
42	0.32626	0.01187	0.01625	0.14778	0.31806	0.01299	0.02965	0.01697	0.03674	0.02048	0.00989	0.01257	0.00789	0.00528	0.00482	0.00174	0.00593	0.00435	0.00310	0.00738
43	0.01736	0.02091	0.02284	0.02053	0.12900	0.40795	0.26349	0.02021	0.01459	0.01589	0.00989	0.01241	0.00793	0.00533	0.00568	0.00163	0.00943	0.00486	0.00287	0.00723
44	0.00849	0.00564	0.00691	0.00705	0.00832	0.00533	0.00540	0.01083	0.01366	0.01979	0.33241	0.11881	0.11009	0.01179	0.00620	0.00184	0.00309	0.11284	0.20635	0.00514
45	0.00737	0.00536	0.00706	0.00824	0.00895	0.00505	0.00606	0.00879	0.01151	0.01505	0.03331	0.54617	0.10860	0.01679	0.00727	0.00232	0.00369	0.18845	0.00521	0.00474
46	0.01188	0.01128	0.01913	0.50342	0.31428	0.01283	0.01625	0.01547	0.01184	0.01589	0.01022	0.01460	0.00804	0.00539	0.00561	0.00180	0.00719	0.00501	0.00261	0.00726
47	0.00921	0.00580	0.00663	0.00685	0.00763	0.00579	0.00463	0.05302	0.01127	0.01666	0.02227	0.29384	0.02375	0.23811	0.01223	0.00286	0.00387	0.00979	0.26105	0.00474
48	0.84197	0.01088	0.00827	0.00740	0.01088	0.01262	0.00609	0.01654	0.00958	0.02525	0.00784	0.00914	0.00609	0.00522	0.00348	0.00174	0.00435	0.00305	0.00348	0.00609
49	0.00691	0.00498	0.00654	0.00770	0.00815	0.00462	0.00518	0.00799	0.01114	0.01484	0.07082	0.72369	0.07231	0.01715	0.00713	0.00224	0.00321	0.01550	0.00528	0.00462
50	0.01129	0.02911	0.77306	0.01604	0.02436	0.01307	0.02079	0.01782	0.01188	0.01782	0.01010	0.01188	0.00713	0.00535	0.00535	0.00178	0.00832	0.00416	0.00238	0.00832
51	0.00798	0.00571	0.00778	0.00880	0.00970	0.00551	0.00688	0.00992	0.01253	0.01674	0.14748	0.36290	0.03768	0.01576	0.00735	0.00233	0.00399	0.32065	0.00536	0.00495
52	0.02525	0.00958	0.01306	0.01001	0.01437	0.00827	0.00827	0.02743	0.01611	0.77102	0.02220	0.01915	0.01393	0.00697	0.00566	0.00174	0.00479	0.00566	0.00697	0.00958
53	0.01400	0.01209	0.01273	0.01145	0.01463	0.01400	0.00891	0.02990	0.75695	0.02354	0.02291	0.02100	0.01718	0.00764	0.00573	0.00191	0.00445	0.00636	0.00573	0.00891
54	0.00845	0.00702	0.00766	0.00767	0.00944	0.03182	0.00604	0.01142	0.06568	0.01785	0.21889	0.04932	0.36660	0.01310	0.00676	0.00199	0.00363	0.15591	0.00541	0.00532
55	0.10668	0.00971	0.01258	0.00975	0.01402	0.00871	0.00805	0.02634	0.01546	0.69666	0.02077	0.01816	0.01315	0.00679	0.00544	0.00174	0.00475	0.00540	0.00662	0.00923
56	0.01144	0.01102	0.01837	0.01547	0.01731	0.01282	0.19181	0.01400	0.01125	0.01577	0.01604	0.03052	0.01622	0.01054	0.01190	0.00237	0.33037	0.25311	0.00349	0.00618
57	0.01063	0.01000	0.01688	0.78870	0.03876	0.01250	0.01563	0.01438	0.01125	0.01438	0.01000	0.01500	0.00750	0.00563	0.00563	0.00188	0.00750	0.00500	0.00250	0.00625
58	0.01451	0.69428	0.13610	0.01055	0.01587	0.02095	0.01123	0.01699	0.01150	0.01390	0.00815	0.00944	0.00721	0.00489	0.00386	0.00129	0.00635	0.00317	0.00240	0.00738
59	0.01063	0.01000	0.01688	0.78870	0.03876	0.01250	0.01563	0.01438	0.01125	0.01438	0.01000	0.01500	0.00750	0.00563	0.00563	0.00188	0.00750	0.00500	0.00250	0.00625
60	0.00818	0.00546	0.00614	0.00614	0.00614	0.00546	0.00341	0.00818	0.00818	0.01091	0.01773	0.03683	0.02046	0.80222	0.02864	0.00546	0.00546	0.00818	0.00341	0.00341
61	0.01948	0.01107	0.01320	0.01045	0.01411	0.01115	0.00850	0.30678	0.02013	0.29771	0.20126	0.02256	0.02185	0.00800	0.00589	0.00173	0.00482	0.00654	0.00625	0.00853
62	0.00882	0.01503	0.32309	0.01106	0.01486	0.00818	0.01163	0.01232	0.01194	0.01685	0.11513	0.35530	0.04988	0.01168	0.00634	0.00200	0.00526	0.01025	0.00417	0.00622
63	0.01308	0.01377	0.01882	0.21814	0.09867	0.15566	0.16037	0.01621	0.01285	0.01577	0.01388	0.02316	0.01265	0.00895	0.04037	0.00224	0.02771	0.13793	0.00319	0.00659
64	0.01167	0.01000	0.01167	0.00834	0.01334	0.00750	0.00667	0.01417	0.01167	0.01834	0.01000	0.01167	0.00834	0.00417	0.00417	0.00083	0.00417	0.00333	0.00333	0.83663
65	0.00796	0.00575	0.00752	0.00708	0.00841	0.00531	0.00531	0.01062	0.01593	0.02257	0.76415	0.04204	0.05310	0.01150	0.00664	0.00177	0.00265	0.01018	0.00619	0.00531
66	0.01378	0.12481	0.23066	0.01471	0.02058	0.01301	0.19064	0.01778	0.01245	0.09204	0.01121	0.01298	0.00843	0.00515	0.00553	0.00154	0.02715	0.00459	0.00316	0.18979
67	0.01899	0.03240	0.02070	0.01692	0.09683	0.01157	0.23786	0.02344	0.08864	0.36619	0.01735	0.01731	0.01190	0.00609	0.00591	0.00179	0.00644	0.00590	0.00502	0.00877
68	0.00665	0.00570	0.00570	0.00570	0.00760	0.00475	0.00428	0.00808	0.01283	0.01520	0.05701	0.05416	0.76483	0.01425	0.00665	0.00190	0.00285	0.01188	0.00523	0.00475
69	0.01243	0.01118	0.01738	0.57862	0.09303	0.01351	0.01491	0.11279	0.01326	0.01747	0.01036	0.01456	0.00789	0.00598	0.00638	0.00187	0.05353	0.00501	0.00294	0.00690
70	0.16329	0.01325	0.01907	0.01545	0.04410	0.05352	0.23383	0.06700	0.10071	0.09521	0.02916	0.04347	0.01153	0.00666	0.00678	0.00187	0.07779	0.00581	0.00401	0.00751
71	0.01628	0.01544	0.01355	0.01189	0.01496	0.19896	0.00922	0.17170	0.31986	0.02308	0.09183	0.05501	0.01773	0.00786	0.00571	0.00176	0.00595	0.00626	0.00504	0.00791
72	0.02525	0.00958	0.01306	0.01001	0.01437	0.00827	0.00827	0.02743	0.01611	0.77102	0.02220	0.01915	0.01393	0.00697	0.00566	0.00174	0.00479	0.00566	0.00697	0.00958
73	0.01204	0.10056	0.43960	0.01916	0.19289	0.01346	0.04237	0.01697	0.01235	0.01771	0.05417	0.01489	0.02800	0.00576	0.00537	0.00171	0.00730	0.00485	0.00277	0.00806
74	0.01266	0.01189	0.01909	0.32256	0.37786	0.01313	0.01544	0.01796	0.11890	0.01758	0.01213	0.01536	0.00955	0.00563	0.00561	0.00178	0.00668	0.00520	0.00310	0.00788
75	0.00686	0.00490	0.00653	0.00784	0.00816	0.00457	0.00522	0.00784	0.01077	0.01437	0.03102	0.79855	0.03722	0.01763	0.00718	0.00229	0.00326	0.01600	0.00522	0.00457
76	0.01450	0.02462	0.59830	0.01465	0.02206	0.01197	0.01791	0.02003	0.01285	0.19102	0.01288	0.01355	0.00869	0.00572	0.00542	0.00177	0.00751	0.00450	0.00343	0.00861
77	0.01488	0.04018	0.01810	0.26516	0.17416	0.18304	0.03833	0.10686	0.01452	0.01773	0.01171	0.06807	0.01009	0.00646	0.00557	0.00173	0.00749	0.00547	0.00323	0.00721
78	0.00692	0.00518	0.00643	0.00724	0.00805	0.00469	0.00500	0.00817	0.01179	0.01539	0.11041	0.54271	0.21515	0.01620	0.00700	0.00214	0.00310	0.01442	0.00532	0.00469
79	0.22319	0.00989	0.01190	0.00938	0.01352	0.00933	0.00774	0.02479	0.01452	0.59027	0.01872	0.01673	0.01203	0.00654	0.00513	0.00174	0.00468	0.00503	0.00612	0.00873
80	0.01792	0.12477	0.20114	0.01426	0.01871	0.49913	0.01312	0.02064	0.01440	0.01469	0.00893	0.01043	0.00722	0.00557	0.00496	0.00150	0.00919	0.00368	0.00271	0.00705
81	0.00810	0.00579	0.00785	0.00785	0.00844	0.00638	0.00554	0.00928	0.00869	0.01218	0.01617	0.02817	0.01670	0.35532	0.47040	0.00757	0.01111	0.00692	0.00318	0.00436
82	0.00701	0.00574	0.00620	0.00615	0.00791	0.00493	0.00465	0.00873	0.01348	0.01680	0.20439	0.05193	0.59106	0.01372	0.00669	0.00190	0.00289	0.03554	0.00543	0.00488
83	0.00665	0.00570	0.00570	0.00570	0.00760	0.00475	0.00428	0.00808	0.01283	0.01520	0.05701	0.05416	0.76483	0.01425	0.00665	0.00190	0.00285	0.01188	0.00523	0.00475
84	0.01344	0.01474	0.03069	0.02634	0.20821	0.01402	0.56990	0.01784	0.01317	0.01811	0.01119	0.01488	0.00863	0.00481	0.00638	0.00184	0.00881	0.00625	0.00283	0.00791
85	0.01505	0.80561	0.02949	0.00963	0.01444	0.02227	0.00963	0.01685	0.01143	0.01324	0.00782	0.00903	0.00722	0.00481	0.00361	0.00120	0.00602	0.00301	0.00241	0.00722
86	0.00678	0.00571	0.00588	0.00584	0.00768	0.00481	0.00438	0.00833	0.01314	0.01594	0.12752	0.05295	0.69387	0.01398	0.00665	0.00189	0.00283	0.01171	0.00532	0.00481
87	0.01775	0.01345	0.01470	0.01220	0.01589	0.01492	0.01003	0.46830	0.18926	0.02980	0.01824	0.02319	0.01494	0.00836	0.00599	0.00188	0.00564	0.12117	0.00558	0.00872
88	0.01505	0.80561	0.02949	0.00963	0.01444	0.02227	0.00963	0.01685	0.01143	0.01324	0.00782	0.00903	0.00722	0.00481	0.00361	0.00120	0.00602	0.00301	0.00241	0.00722
89	0.01167	0.01000	0.01167	0.00834	0.01334	0.00750	0.00667	0.01417	0.01167	0.01834	0.01000	0.01167	0.00834	0.00417	0.00417	0.00083	0.00417	0.00333	0.00333	0.83663
90	0.00848	0.00629	0.00825	0.00923	0.01068	0.00606	0.00791	0.01079	0.01292	0.01644	0.03639	0.06122	0.20991	0.01523	0.00750	0.00242	0.00462	0.55538	0.00519	0.00508
91	0.00737	0.00553	0.00684	0.00693	0.00815	0.00499	0.00504	0.00932	0.01391	0.01877	0.41246	0.23103	0.22169	0.01368	0.00677	0.00193	0.00285	0.01202	0.00572	0.00499
92	0.00686	0.00490	0.00653	0.00784	0.00816	0.00457	0.00522	0.00784	0.01077	0.01437	0.03102	0.79855	0.03722	0.01763	0.00718	0.00229	0.00326	0.01600	0.00522	0.00457
93	0.01328	0.01518	0.03321	0.02372	0.02941	0.01423	0.74668	0.01803	0.01328	0.01803	0.01139	0.01518	0.00854	0.00474	0.00664	0.00190	0.00949	0.00664	0.00285	0.00759
94	0.01167	0.01000	0.01167	0.00834	0.01334	0.00750	0.00667	0.01417	0.01167	0.01834	0.01000	0.01167	0.00834	0.00417	0.00417	0.00083	0.00417	0.00333	0.00333	0.83663
95	0.02512	0.00978	0.01319	0.01011	0.01447	0.00858	0.00835	0.05156	0.01645	0.74639	0.02191	0.01897	0.01378	0.00696	0.00566	0.00174	0.00484	0.00564	0.00692	0.00958
96	0.02139	0.01576	0.01689	0.01295	0.01745	0.01745	0.01070	0.74835	0.02646	0.03547	0.01351	0.01351	0.00957	0.00676	0.00563	0.00169	0.00619	0.00507	0.00563	0.00957
97	0.00686	0.00490	0.00653	0.00784	0.00816	0.00457	0.00522	0.00784	0.01077	0.01437	0.03102	0.79855	0.03722	0.01763	0.00718	0.00229	0.00326	0.01600	0.00522	0.00457
98	0.01848	0.29897	0.02068	0.01296	0.03167	0.44589	0.01043	0.05192	0.01476	0.01484	0.02676	0.01075	0.00848	0.00562	0.00463	0.00139	0.00827	0.00366	0.00292	0.00692
99	0.00689	0.00493	0.00656	0.00781	0.00817	0.00460	0.00523	0.00793	0.01094	0.01464	0.05521	0.77359	0.03774	0.01743	0.00716	0.00227	0.00324	0.01581	0.00526	0.00460
100	0.00796	0.00575	0.00752	0.00708	0.00841	0.00531	0.00531	0.01062	0.01593	0.02257	0.76415	0.04204	0.05310	0.01150	0.00664	0.00177	0.00265	0.01018	0.00619	0.00531
101	0.01427	0.03876	0.01339	0.01149	0.01472	0.03990	0.00900	0.02922	0.70754	0.02287	0.02193	0.02024	0.01652	0.00748	0.00563	0.00187	0.00470	0.00616	0.00552	0.00877
102	0.00697	0.00499	0.00663	0.00776	0.00819	0.00465	0.00523	0.00812	0.01130	0.01521	0.10621	0.72096	0.03885	0.01700	0.00713	0.00223	0.00320	0.01540	0.00532	0.00465
103	0.01393	0.01337	0.02284	0.03454	0.76712	0.01337	0.01727	0.01727	0.01281	0.01839	0.01059	0.01393	0.00891	0.00501	0.00557	0.00167	0.00669	0.00501	0.00279	0.00891
104	0.01382	0.01326	0.02265	0.05943	0.74309	0.01334	0.01722	0.01718	0.01276	0.01825	0.01057	0.01396	0.00887	0.00503	0.00557	0.00168	0.00671	0.00501	0.00278	0.00883

[dist]
# distance from previous block
# <min> <max>
0	2

[block]
# block no. 4 follows, 42 sequences, length 19
# corresponding to MSA columns:
# 321-339
name=unknown_E
#
# <colnr> <probs for GDERKNQSTAVLIFYWHMCP>
#	G	D	E	R	K	N	Q	S	T	A	V	L	I	F	Y	W	H	M	C	P
0	0.01063	0.01000	0.01688	0.78870	0.03876	0.01250	0.01563	0.01438	0.01125	0.01438	0.01000	0.01500	0.00750	0.00563	0.00563	0.00188	0.00750	0.00500	0.00250	0.00625
1	0.01129	0.02911	0.77306	0.01604	0.02436	0.01307	0.02079	0.01782	0.01188	0.01782	0.01010	0.01188	0.00713	0.00535	0.00535	0.00178	0.00832	0.00416	0.00238	0.00832
2	0.01948	0.01432	0.01567	0.01255	0.01655	0.01575	0.01044	0.63389	0.02436	0.03257	0.01604	0.02127	0.01312	0.00812	0.00596	0.00183	0.00604	0.11758	0.00556	0.00889
3	0.01367	0.52210	0.30098	0.01197	0.01806	0.01891	0.01371	0.01721	0.01160	0.01491	0.00865	0.01007	0.00719	0.00501	0.00424	0.00141	0.00686	0.00343	0.00240	0.00762
4	0.00760	0.00569	0.00733	0.00791	0.00897	0.00503	0.00545	0.00882	0.01091	0.01498	0.02775	0.67629	0.03273	0.01554	0.00671	0.00206	0.00341	0.01403	0.00493	0.13385
5	0.84197	0.01088	0.00827	0.00740	0.01088	0.01262	0.00609	0.01654	0.00958	0.02525	0.00784	0.00914	0.00609	0.00522	0.00348	0.00174	0.00435	0.00305	0.00348	0.00609
6	0.00818	0.00546	0.00614	0.00614	0.00614	0.00546	0.00341	0.00818	0.00818	0.01091	0.01773	0.03683	0.02046	0.80222	0.02864	0.00546	0.00546	0.00818	0.00341	0.00341
7	0.01444	0.01906	0.13018	0.01220	0.01504	0.36116	0.01026	0.01709	0.04626	0.01478	0.01621	0.22488	0.01670	0.06757	0.00745	0.00204	0.00741	0.00749	0.00361	0.00615
8	0.00681	0.00571	0.00592	0.00587	0.00770	0.00482	0.00440	0.00839	0.01320	0.01610	0.14299	0.05269	0.67829	0.01392	0.00665	0.00188	0.00283	0.01167	0.00534	0.00482
9	0.01036	0.02124	0.51123	0.01391	0.01975	0.01067	0.01649	0.01543	0.01209	0.01730	0.01693	0.08362	0.01613	0.00899	0.00613	0.00204	0.00710	0.20002	0.00334	0.00720
10	0.01808	0.01423	0.01890	0.03813	0.01955	0.01480	0.14998	0.41695	0.06564	0.06640	0.01359	0.01440	0.00985	0.00609	0.00565	0.00165	0.00644	0.00526	0.00480	0.10962
11	0.02081	0.01783	0.01641	0.01317	0.01725	0.17673	0.01061	0.54726	0.07426	0.03011	0.01315	0.01332	0.00961	0.00662	0.00552	0.00165	0.00690	0.00485	0.00506	0.00889
12	0.00809	0.00586	0.00819	0.00835	0.00909	0.00648	0.00618	0.00959	0.00920	0.01286	0.01759	0.06617	0.01814	0.23101	0.49627	0.00734	0.01135	0.06025	0.00338	0.00461
13	0.01662	0.01949	0.01660	0.01464	0.01607	0.39417	0.01160	0.01796	0.01224	0.01366	0.00804	0.01124	0.00732	0.00785	0.01185	0.00196	0.40540	0.00428	0.00268	0.00634
14	0.79936	0.01084	0.00871	0.04745	0.01231	0.01262	0.00658	0.01643	0.00966	0.02469	0.00795	0.00944	0.00617	0.00524	0.00359	0.00175	0.00451	0.00315	0.00343	0.00610
15	0.00712	0.00572	0.00635	0.00619	0.00789	0.00495	0.00464	0.00898	0.01393	0.01783	0.30935	0.04983	0.51086	0.01327	0.00665	0.00185	0.00278	0.01127	0.00557	0.00495
16	0.01231	0.01231	0.01724	0.01477	0.01477	0.01724	0.01231	0.01354	0.00862	0.01354	0.00739	0.01231	0.00739	0.00985	0.01847	0.00246	0.79192	0.00492	0.00246	0.00616
17	0.01063	0.01000	0.01688	0.78870	0.03876	0.01250	0.01563	0.01438	0.01125	0.01438	0.01000	0.01500	0.00750	0.00563	0.00563	0.00188	0.00750	0.00500	0.00250	0.00625
18	0.00722	0.00572	0.00649	0.00630	0.00795	0.00499	0.00472	0.00918	0.01417	0.01840	0.36370	0.04890	0.45615	0.01306	0.00665	0.00184	0.00277	0.01114	0.00565	0.00499

[dist]
# distance from previous block
# <min> <max>
0	3

[block]
# block no. 5 follows, 42 sequences, length 49
# corresponding to MSA columns:
# 343-391
name=unknown_F
#
# <colnr> <probs for GDERKNQSTAVLIFYWHMCP>
#	G	D	E	R	K	N	Q	S	T	A	V	L	I	F	Y	W	H	M	C	P
0	0.01456	0.03840	0.01330	0.01132	0.01461	0.01401	0.00890	0.02935	0.69747	0.05816	0.02237	0.02051	0.01670	0.00751	0.00565	0.00188	0.00452	0.00622	0.00567	0.00888
1	0.01339	0.46411	0.35651	0.01245	0.01880	0.01822	0.01454	0.01728	0.01163	0.01526	0.00882	0.01028	0.00718	0.00505	0.00437	0.00146	0.00703	0.00351	0.00239	0.00770
2	0.00819	0.00772	0.00690	0.00671	0.00876	0.06617	0.00505	0.01043	0.05457	0.01556	0.05131	0.04885	0.66359	0.01322	0.00648	0.00187	0.00351	0.01092	0.00507	0.00512
3	0.01381	0.01325	0.02263	0.06151	0.74107	0.01334	0.01721	0.01717	0.01276	0.01824	0.01056	0.01397	0.00886	0.00504	0.00557	0.00168	0.00671	0.00501	0.00278	0.00882
4	0.00898	0.00703	0.01030	0.00948	0.01046	0.00789	0.05019	0.02619	0.00937	0.01320	0.01513	0.02545	0.01519	0.27521	0.42950	0.00688	0.06490	0.00664	0.00315	0.00485
5	0.02077	0.02640	0.01599	0.01451	0.01732	0.75742	0.01092	0.02221	0.01573	0.01377	0.00866	0.01021	0.00725	0.00592	0.00546	0.00148	0.03293	0.00366	0.00289	0.00651
6	0.02139	0.01576	0.01689	0.01295	0.01745	0.01745	0.01070	0.74835	0.02646	0.03547	0.01351	0.01351	0.00957	0.00676	0.00563	0.00169	0.00619	0.00507	0.00563	0.00957
7	0.01167	0.01000	0.01167	0.00834	0.01334	0.00750	0.00667	0.01417	0.01167	0.01834	0.01000	0.01167	0.00834	0.00417	0.00417	0.00083	0.00417	0.00333	0.00333	0.83663
8	0.02525	0.00958	0.01306	0.01001	0.01437	0.00827	0.00827	0.02743	0.01611	0.77102	0.02220	0.01915	0.01393	0.00697	0.00566	0.00174	0.00479	0.00566	0.00697	0.00958
9	0.01231	0.01231	0.01724	0.01477	0.01477	0.01724	0.01231	0.01354	0.00862	0.01354	0.00739	0.01231	0.00739	0.00985	0.01847	0.00246	0.79192	0.00492	0.00246	0.00616
10	0.01998	0.02463	0.01547	0.01404	0.01699	0.66559	0.01058	0.02358	0.12632	0.01523	0.01081	0.01176	0.00873	0.00607	0.00517	0.00152	0.00930	0.00403	0.00332	0.00688
11	0.02102	0.01540	0.01649	0.01268	0.01708	0.01703	0.01046	0.72307	0.02596	0.03497	0.01368	0.01377	0.00974	0.00675	0.00557	0.00168	0.00607	0.00507	0.03409	0.00942
12	0.80139	0.01112	0.00870	0.00768	0.01121	0.01286	0.00632	0.05274	0.01041	0.02575	0.00812	0.00936	0.00627	0.00530	0.00359	0.00174	0.00444	0.00315	0.00359	0.00627
13	0.01393	0.01337	0.02284	0.03454	0.76712	0.01337	0.01727	0.01727	0.01281	0.01839	0.01059	0.01393	0.00891	0.00501	0.00557	0.00167	0.00669	0.00501	0.00279	0.00891
14	0.00700	0.00571	0.00618	0.00606	0.00781	0.00490	0.00455	0.00874	0.01364	0.01713	0.24236	0.05098	0.57828	0.01353	0.00665	0.00187	0.00280	0.01143	0.00548	0.00490
15	0.01129	0.02911	0.77306	0.01604	0.02436	0.01307	0.02079	0.01782	0.01188	0.01782	0.01010	0.01188	0.00713	0.00535	0.00535	0.00178	0.00832	0.00416	0.00238	0.00832
16	0.01322	0.52541	0.18071	0.01087	0.01585	0.01809	0.01156	0.01604	0.01117	0.01416	0.00938	0.01157	0.00822	0.01049	0.11960	0.00249	0.00784	0.00370	0.00249	0.00712
17	0.84197	0.01088	0.00827	0.00740	0.01088	0.01262	0.00609	0.01654	0.00958	0.02525	0.00784	0.00914	0.00609	0.00522	0.00348	0.00174	0.00435	0.00305	0.00348	0.00609
18	0.01505	0.80561	0.02949	0.00963	0.01444	0.02227	0.00963	0.01685	0.01143	0.01324	0.00782	0.00903	0.00722	0.00481	0.00361	0.00120	0.00602	0.00301	0.00241	0.00722
