[name]
unknown

[dist]
# distance from previous block
# <min> <max>
0	110

[block]
# block no. 0 follows, 44 sequences, length 147
# corresponding to MSA columns:
# 127-162,164-274
name=unknown_A
#
# <colnr> <probs for GDERKNQSTAVLIFYWHMCP>
#	G	D	E	R	K	N	Q	S	T	A	V	L	I	F	Y	W	H	M	C	P
0	0.02082	0.01753	0.01550	0.01251	0.01642	0.24158	0.01002	0.43098	0.02102	0.11884	0.01266	0.01275	0.00910	0.00623	0.00526	0.00155	0.00690	0.00452	0.00478	0.03103
1	0.00926	0.00723	0.00889	0.00859	0.03040	0.00736	0.00629	0.01490	0.19328	0.02198	0.57285	0.03514	0.04201	0.01008	0.00619	0.00174	0.00309	0.00885	0.00580	0.00607
2	0.00891	0.01408	0.26340	0.01147	0.03624	0.00845	0.08297	0.01245	0.01257	0.01688	0.13147	0.03266	0.32766	0.00947	0.00600	0.00178	0.00521	0.00815	0.00399	0.00619
3	0.00654	0.00515	0.00591	0.00653	0.00763	0.00452	0.00459	0.00771	0.01146	0.01433	0.04302	0.41729	0.41524	0.01539	0.00669	0.00202	0.00296	0.01344	0.00506	0.00452
4	0.01590	0.01011	0.01521	0.22060	0.09042	0.01048	0.05696	0.03176	0.10984	0.27697	0.08970	0.01909	0.01511	0.00661	0.00563	0.00175	0.00556	0.00582	0.00474	0.00776
5	0.01367	0.45108	0.10213	0.01576	0.08858	0.01785	0.20833	0.01675	0.01172	0.01494	0.00895	0.01103	0.00748	0.00471	0.00461	0.00144	0.00700	0.00413	0.00248	0.00734
6	0.73938	0.11405	0.01067	0.00745	0.01099	0.01344	0.00635	0.01606	0.00951	0.02296	0.00759	0.00884	0.00605	0.00501	0.00339	0.00162	0.00443	0.00295	0.00324	0.00605
7	0.01747	0.01365	0.01453	0.01189	0.01567	0.01539	0.00958	0.42611	0.36103	0.02911	0.01722	0.01638	0.01262	0.00693	0.00550	0.00173	0.00523	0.00548	0.00550	0.00898
8	0.01217	0.29021	0.49941	0.01318	0.01998	0.01545	0.01601	0.01682	0.01136	0.01580	0.00904	0.01058	0.00698	0.00496	0.00457	0.00150	0.00716	0.00363	0.00235	0.03886
9	0.01287	0.01471	0.03217	0.02298	0.02849	0.01379	0.75460	0.01746	0.01287	0.01746	0.01103	0.01471	0.00827	0.00460	0.00643	0.00184	0.00919	0.00643	0.00276	0.00735
10	0.00781	0.00575	0.00828	0.00828	0.00909	0.00656	0.00622	0.00943	0.00862	0.01230	0.01504	0.02383	0.01468	0.17084	0.65828	0.00817	0.01303	0.00619	0.00299	0.00460
11	0.01311	0.01616	0.16591	0.02922	0.58299	0.02728	0.05219	0.01696	0.01232	0.01761	0.01017	0.01311	0.00826	0.00492	0.00540	0.00165	0.00697	0.00475	0.00263	0.00842
12	0.01030	0.00969	0.01635	0.79530	0.03755	0.01211	0.01514	0.01393	0.01090	0.01393	0.00969	0.01453	0.00727	0.00545	0.00545	0.00182	0.00727	0.00484	0.00242	0.00606
13	0.00863	0.00504	0.00647	0.00647	0.00647	0.00504	0.00395	0.00755	0.00755	0.01007	0.01368	0.02700	0.01512	0.45006	0.02482	0.38480	0.00504	0.00648	0.00288	0.00288
14	0.00902	0.01224	0.21312	0.01152	0.08254	0.00782	0.01012	0.01257	0.01393	0.01983	0.45548	0.03122	0.08051	0.00915	0.00601	0.00172	0.00439	0.00796	0.00466	0.00620
15	0.01723	0.03029	0.11080	0.01489	0.04477	0.21294	0.16685	0.02027	0.01429	0.21806	0.08271	0.01631	0.01312	0.00611	0.00555	0.00164	0.00726	0.00533	0.00406	0.00751
16	0.00758	0.00565	0.00714	0.00789	0.00866	0.00557	0.00548	0.01040	0.09740	0.01600	0.12908	0.61210	0.03591	0.01517	0.00673	0.00211	0.00322	0.01367	0.00524	0.00501
17	0.01130	0.00969	0.01130	0.00807	0.01292	0.00727	0.00646	0.01373	0.01130	0.01776	0.00969	0.01130	0.00807	0.00404	0.00404	0.00081	0.00404	0.00323	0.00323	0.84173
18	0.01287	0.01471	0.03217	0.02298	0.02849	0.01379	0.75460	0.01746	0.01287	0.01746	0.01103	0.01471	0.00827	0.00460	0.00643	0.00184	0.00919	0.00643	0.00276	0.00735
19	0.01251	0.00965	0.01143	0.00822	0.01301	0.00734	0.00660	0.01491	0.01170	0.08758	0.01078	0.01197	0.00857	0.00429	0.00417	0.00089	0.00409	0.00344	0.00355	0.76530
20	0.00664	0.00474	0.00633	0.00759	0.00791	0.00443	0.00506	0.00759	0.01044	0.01392	0.03005	0.80485	0.03606	0.01708	0.00696	0.00221	0.00316	0.01550	0.00506	0.00443
21	0.01644	0.37920	0.02080	0.01117	0.01496	0.24611	0.00956	0.07578	0.13048	0.01620	0.01142	0.01203	0.02324	0.00569	0.00444	0.00139	0.00673	0.00391	0.00326	0.00718
22	0.00793	0.00529	0.00595	0.00595	0.00595	0.00529	0.00330	0.00793	0.00793	0.01057	0.01718	0.03568	0.01982	0.80840	0.02775	0.00529	0.00529	0.00793	0.00330	0.00330
23	0.01349	0.01295	0.02213	0.03346	0.77440	0.01295	0.01673	0.01673	0.01241	0.01781	0.01025	0.01349	0.00864	0.00486	0.00540	0.00162	0.00648	0.00486	0.00270	0.00864
24	0.00772	0.00557	0.00729	0.00686	0.00814	0.00514	0.00514	0.01029	0.01543	0.02186	0.77152	0.04072	0.05144	0.01115	0.00643	0.00171	0.00257	0.00986	0.00600	0.00514
25	0.00779	0.00584	0.00876	0.00876	0.00974	0.00681	0.00681	0.00974	0.00876	0.01266	0.01460	0.02142	0.01363	0.04089	0.78680	0.00876	0.01460	0.00584	0.00292	0.00487
26	0.00655	0.00553	0.00567	0.00563	0.00743	0.00465	0.00423	0.00803	0.01268	0.01532	0.11457	0.05149	0.71247	0.01359	0.00644	0.00183	0.00275	0.01137	0.00514	0.00465
27	0.00793	0.00529	0.00595	0.00595	0.00595	0.00529	0.00330	0.00793	0.00793	0.01057	0.01718	0.03568	0.01982	0.80840	0.02775	0.00529	0.00529	0.00793	0.00330	0.00330
28	0.02037	0.02598	0.01545	0.01404	0.01685	0.78652	0.01053	0.02177	0.01545	0.01334	0.00843	0.00983	0.00702	0.00562	0.00492	0.00140	0.00983	0.00351	0.00281	0.00632
29	0.00772	0.00557	0.00729	0.00686	0.00814	0.00514	0.00514	0.01029	0.01543	0.02186	0.77152	0.04072	0.05144	0.01115	0.00643	0.00171	0.00257	0.00986	0.00600	0.00514
30	0.01356	0.01171	0.01233	0.01109	0.01418	0.01356	0.00863	0.02897	0.76455	0.02281	0.02219	0.02034	0.01664	0.00740	0.00555	0.00185	0.00431	0.00616	0.00555	0.00863
31	0.02037	0.02598	0.01545	0.01404	0.01685	0.78652	0.01053	0.02177	0.01545	0.01334	0.00843	0.00983	0.00702	0.00562	0.00492	0.00140	0.00983	0.00351	0.00281	0.00632
32	0.01327	0.00997	0.01168	0.00867	0.01305	0.00837	0.00696	0.11015	0.01391	0.08369	0.08531	0.01500	0.01290	0.00528	0.00457	0.00108	0.00420	0.00428	0.00408	0.58358
33	0.01156	0.32643	0.10170	0.01100	0.01423	0.01476	0.03622	0.01392	0.01023	0.01361	0.01087	0.01569	0.01006	0.01625	0.23140	0.00366	0.11210	0.03736	0.00264	0.00629
34	0.01110	0.01840	0.36341	0.18770	0.18591	0.01187	0.01702	0.01574	0.01169	0.01655	0.01207	0.01836	0.01018	0.00631	0.00556	0.00181	0.00720	0.08903	0.00273	0.00740
35	0.00689	0.00554	0.00614	0.00599	0.00764	0.00479	0.00449	0.00869	0.01348	0.01723	0.30694	0.04834	0.51890	0.01287	0.00644	0.00180	0.00269	0.01093	0.00539	0.00479
36	0.01176	0.01403	0.09553	0.01935	0.02413	0.01198	0.51762	0.01604	0.01267	0.01718	0.01497	0.02505	0.01340	0.00703	0.00657	0.00198	0.00814	0.17244	0.00323	0.00689
37	0.01174	0.01252	0.02438	0.16636	0.02628	0.02502	0.44012	0.01539	0.01188	0.01597	0.01260	0.08154	0.01112	0.00668	0.00743	0.00194	0.08546	0.03401	0.00293	0.00663
38	0.84691	0.01054	0.00801	0.00717	0.01054	0.01223	0.00590	0.01603	0.00928	0.02446	0.00759	0.00886	0.00590	0.00506	0.00337	0.00169	0.00422	0.00295	0.00337	0.00590
39	0.01918	0.00909	0.01325	0.21768	0.01992	0.00893	0.00997	0.02174	0.01406	0.50168	0.01910	0.02167	0.01359	0.00721	0.00567	0.00180	0.00537	0.07663	0.00543	0.00801
40	0.00820	0.00752	0.01110	0.19751	0.03569	0.00748	0.07616	0.01046	0.01198	0.01485	0.03702	0.08400	0.43848	0.01096	0.00623	0.00187	0.00460	0.02641	0.00416	0.00530
41	0.01130	0.00969	0.01130	0.00807	0.01292	0.00727	0.00646	0.01373	0.01130	0.01776	0.00969	0.01130	0.00807	0.00404	0.00404	0.00081	0.00404	0.00323	0.00323	0.84173
42	0.00952	0.00877	0.01284	0.04668	0.32798	0.00836	0.00980	0.01176	0.01236	0.01598	0.03479	0.03482	0.42555	0.00977	0.00597	0.00175	0.00448	0.00849	0.00398	0.00634
43	0.00761	0.00549	0.00719	0.00693	0.00812	0.00507	0.00514	0.01003	0.01495	0.02109	0.69931	0.11514	0.04994	0.01172	0.00648	0.00176	0.00263	0.01041	0.00591	0.00507
44	0.01047	0.01974	0.44771	0.01558	0.09731	0.01078	0.06457	0.01538	0.01273	0.01855	0.21155	0.01966	0.01896	0.00669	0.00562	0.00172	0.00652	0.00582	0.00335	0.00730
45	0.01093	0.02820	0.78016	0.01554	0.02360	0.01266	0.02014	0.01727	0.01151	0.01727	0.00978	0.01151	0.00691	0.00518	0.00518	0.00173	0.00806	0.00403	0.00230	0.00806
46	0.00686	0.00554	0.00610	0.00596	0.00762	0.00478	0.00447	0.00863	0.01341	0.01707	0.29075	0.04861	0.53519	0.01293	0.00644	0.00180	0.00270	0.01096	0.00537	0.00478
47	0.84691	0.01054	0.00801	0.00717	0.01054	0.01223	0.00590	0.01603	0.00928	0.02446	0.00759	0.00886	0.00590	0.00506	0.00337	0.00169	0.00422	0.00295	0.00337	0.00590
48	0.01130	0.00969	0.01130	0.00807	0.01292	0.00727	0.00646	0.01373	0.01130	0.01776	0.00969	0.01130	0.00807	0.00404	0.00404	0.00081	0.00404	0.00323	0.00323	0.84173
49	0.00780	0.00579	0.00849	0.00849	0.00937	0.00667	0.00647	0.00956	0.00868	0.01245	0.01485	0.02281	0.01423	0.11564	0.71287	0.00842	0.01370	0.00604	0.00296	0.00472
50	0.00748	0.00556	0.00696	0.00661	0.00800	0.00504	0.00496	0.00983	0.01488	0.02054	0.63906	0.04290	0.18473	0.01164	0.00643	0.00174	0.00261	0.01016	0.00583	0.00504
51	0.00779	0.00584	0.00876	0.00876	0.00974	0.00681	0.00681	0.00974	0.00876	0.01266	0.01460	0.02142	0.01363	0.04089	0.78680	0.00876	0.01460	0.00584	0.00292	0.00487
52	0.01302	0.01099	0.01610	0.10901	0.34372	0.01158	0.01179	0.15400	0.01356	0.01858	0.01256	0.01941	0.01156	0.21794	0.01133	0.00262	0.00616	0.00568	0.00335	0.00705
53	0.01287	0.01471	0.03217	0.02298	0.02849	0.01379	0.75460	0.01746	0.01287	0.01746	0.01103	0.01471	0.00827	0.00460	0.00643	0.00184	0.00919	0.00643	0.00276	0.00735
54	0.00908	0.00662	0.00880	0.00843	0.00949	0.00742	0.00628	0.08199	0.01020	0.01425	0.01510	0.02416	0.01475	0.22898	0.52137	0.00720	0.01144	0.00627	0.00326	0.00491
55	0.01030	0.00969	0.01635	0.79530	0.03755	0.01211	0.01514	0.01393	0.01090	0.01393	0.00969	0.01453	0.00727	0.00545	0.00545	0.00182	0.00727	0.00484	0.00242	0.00606
56	0.01296	0.01315	0.02470	0.10364	0.18554	0.01359	0.36479	0.01765	0.07444	0.03436	0.01149	0.01470	0.00894	0.00553	0.00720	0.00184	0.08929	0.00572	0.00299	0.00750
57	0.01349	0.01295	0.02213	0.03346	0.77440	0.01295	0.01673	0.01673	0.01241	0.01781	0.01025	0.01349	0.00864	0.00486	0.00540	0.00162	0.00648	0.00486	0.00270	0.00864
58	0.01269	0.22321	0.02134	0.12040	0.33462	0.01493	0.01319	0.01527	0.01114	0.01506	0.00957	0.01294	0.00834	0.00865	0.07786	0.00225	0.08428	0.00442	0.00256	0.00727
59	0.01346	0.01484	0.01099	0.01012	0.01210	0.35981	0.00759	0.01550	0.01544	0.01800	0.42515	0.02670	0.03128	0.00864	0.00574	0.00157	0.00587	0.00698	0.00455	0.00568
60	0.01027	0.00973	0.01547	0.01995	0.36446	0.00925	0.07217	0.01281	0.01253	0.01656	0.04905	0.03098	0.33675	0.00883	0.00596	0.00173	0.00501	0.00796	0.00380	0.00671
61	0.01119	0.01091	0.01654	0.36881	0.02486	0.01462	0.01339	0.01349	0.00951	0.01349	0.00831	0.01311	0.00721	0.00768	0.01224	0.00213	0.43931	0.00480	0.00240	0.00601
62	0.00793	0.00529	0.00595	0.00595	0.00595	0.00529	0.00330	0.00793	0.00793	0.01057	0.01718	0.03568	0.01982	0.80840	0.02775	0.00529	0.00529	0.00793	0.00330	0.00330
63	0.02072	0.01527	0.01636	0.01254	0.01691	0.01691	0.01036	0.75622	0.02563	0.03436	0.01309	0.01309	0.00927	0.00654	0.00545	0.00164	0.00600	0.00491	0.00545	0.00927
64	0.01036	0.00978	0.01637	0.76422	0.03662	0.01229	0.01501	0.01390	0.01080	0.01390	0.00959	0.01443	0.00726	0.00561	0.00595	0.00184	0.03875	0.00484	0.00242	0.00605
65	0.01517	0.73412	0.02738	0.00964	0.01428	0.02112	0.00943	0.08838	0.01249	0.01492	0.00812	0.00917	0.00722	0.00485	0.00369	0.00121	0.00585	0.00311	0.00264	0.00722
66	0.46773	0.01117	0.01074	0.21646	0.01801	0.08253	0.00869	0.01518	0.01039	0.01963	0.01041	0.08797	0.00930	0.00639	0.00441	0.00175	0.00544	0.00473	0.00323	0.00584
67	0.01923	0.09402	0.08768	0.01251	0.01724	0.01697	0.01116	0.61631	0.02292	0.03069	0.01225	0.01252	0.00883	0.00624	0.00524	0.00160	0.00617	0.00463	0.00486	0.00894
68	0.01289	0.01234	0.02104	0.17761	0.63498	0.01279	0.01643	0.01620	0.01213	0.01708	0.01015	0.01369	0.00838	0.00497	0.00541	0.00166	0.00663	0.00486	0.00265	0.00815
69	0.00702	0.00555	0.00632	0.00613	0.00772	0.00485	0.00460	0.00894	0.01379	0.01797	0.38036	0.04714	0.44503	0.01260	0.00644	0.00178	0.00268	0.01076	0.00549	0.00485
70	0.01634	0.01325	0.01513	0.01246	0.01535	0.01567	0.01016	0.36201	0.22165	0.02559	0.01420	0.01501	0.01089	0.00844	0.03020	0.00207	0.19345	0.00524	0.00468	0.00819
71	0.00782	0.00571	0.00812	0.00812	0.00887	0.00646	0.00601	0.00932	0.00857	0.01218	0.01519	0.02468	0.01505	0.21644	0.61318	0.00797	0.01247	0.00632	0.00301	0.00451
72	0.01127	0.00832	0.01003	0.00878	0.01087	0.00874	0.00689	0.20796	0.03253	0.02328	0.39457	0.02961	0.04974	0.01554	0.15381	0.00303	0.00580	0.00775	0.00524	0.00624
73	0.01363	0.01476	0.03063	0.02196	0.02736	0.01409	0.68211	0.08941	0.01411	0.01911	0.01123	0.01455	0.00837	0.00479	0.00634	0.00182	0.00888	0.00629	0.00302	0.00754
74	0.01536	0.20416	0.02635	0.01770	0.04882	0.22893	0.34821	0.01836	0.01315	0.01525	0.00948	0.01192	0.00764	0.00490	0.00529	0.00155	0.00848	0.00475	0.00267	0.00703
75	0.01049	0.01026	0.01998	0.01550	0.01889	0.00967	0.37950	0.01406	0.01361	0.01862	0.25183	0.03168	0.02612	0.00862	0.00664	0.00193	0.00634	0.14587	0.00420	0.00622
76	0.01176	0.01085	0.01272	0.03826	0.01363	0.08256	0.00966	0.08482	0.01219	0.01612	0.01844	0.14396	0.05501	0.01128	0.01062	0.00218	0.29215	0.16413	0.00383	0.00582
77	0.00786	0.00557	0.00737	0.00737	0.00787	0.00606	0.00508	0.00884	0.00835	0.01163	0.01587	0.02845	0.01668	0.41924	0.41262	0.00705	0.01001	0.00687	0.00311	0.00410
78	0.01070	0.25985	0.07879	0.00877	0.01191	0.01185	0.00803	0.01473	0.10327	0.01799	0.30241	0.04522	0.08902	0.00854	0.00532	0.00158	0.00429	0.00703	0.00439	0.00632
79	0.00793	0.00529	0.00595	0.00595	0.00595	0.00529	0.00330	0.00793	0.00793	0.01057	0.01718	0.03568	0.01982	0.80840	0.02775	0.00529	0.00529	0.00793	0.00330	0.00330
80	0.01567	0.66302	0.02609	0.01022	0.01453	0.16631	0.00956	0.01735	0.01190	0.01292	0.00774	0.00895	0.00700	0.00484	0.00377	0.00121	0.00659	0.00303	0.00242	0.00687
81	0.01737	0.01508	0.22314	0.01372	0.09087	0.00993	0.02994	0.03270	0.01362	0.35081	0.01503	0.01486	0.01021	0.00567	0.00519	0.00156	0.00579	0.00470	0.00449	0.13532
82	0.01196	0.22153	0.52835	0.01364	0.02042	0.01447	0.03170	0.01686	0.01168	0.02912	0.04540	0.01238	0.00917	0.00535	0.00485	0.00159	0.00721	0.00410	0.00257	0.00766
83	0.02140	0.01156	0.01543	0.01495	0.15860	0.01130	0.01028	0.21784	0.01765	0.43742	0.01715	0.01615	0.01146	0.00634	0.00546	0.00166	0.00535	0.00521	0.00564	0.00915
84	0.02072	0.01527	0.01636	0.01254	0.01691	0.01691	0.01036	0.75622	0.02563	0.03436	0.01309	0.01309	0.00927	0.00654	0.00545	0.00164	0.00600	0.00491	0.00545	0.00927
85	0.09891	0.00888	0.01163	0.00970	0.01259	0.00912	0.00791	0.03741	0.01275	0.41399	0.01680	0.01763	0.01211	0.01587	0.21323	0.00362	0.08015	0.00525	0.00497	0.00748
86	0.01096	0.00932	0.01106	0.00814	0.01261	0.00722	0.00649	0.01334	0.01106	0.01727	0.01017	0.01229	0.00862	0.00763	0.08027	0.00158	0.00507	0.00348	0.00320	0.76023
87	0.00729	0.00529	0.00736	0.00792	0.00849	0.00558	0.00563	0.00857	0.00941	0.01298	0.02177	0.37163	0.02432	0.11812	0.35297	0.00545	0.00845	0.01038	0.00392	0.00449
88	0.01311	0.01146	0.01294	0.11097	0.01715	0.01345	0.00953	0.02669	0.65104	0.02145	0.02025	0.01941	0.01523	0.00720	0.00582	0.00186	0.02316	0.00596	0.00508	0.00824
89	0.01170	0.02286	0.48428	0.01848	0.02553	0.01311	0.31067	0.01734	0.01205	0.01734	0.01028	0.01277	0.00745	0.00495	0.00568	0.00177	0.00851	0.00498	0.00248	0.00778
90	0.01826	0.30237	0.02031	0.01188	0.01579	0.28083	0.01002	0.22720	0.03250	0.01929	0.00973	0.01058	0.00785	0.00558	0.00458	0.00139	0.00721	0.00375	0.00344	0.00744
91	0.01401	0.73324	0.02664	0.00940	0.01373	0.02008	0.00928	0.01583	0.01122	0.01317	0.00965	0.01388	0.00937	0.00568	0.00389	0.00130	0.00575	0.07448	0.00259	0.00680
92	0.01298	0.19173	0.09898	0.25831	0.09302	0.09779	0.04125	0.01593	0.01137	0.01435	0.00887	0.01201	0.00729	0.00570	0.00656	0.00167	0.10868	0.00424	0.00246	0.00677
93	0.00650	0.00532	0.00574	0.00607	0.00751	0.00456	0.00439	0.00776	0.01190	0.01451	0.04856	0.25162	0.57733	0.01467	0.00658	0.00194	0.00287	0.01256	0.00506	0.00456
94	0.00983	0.00780	0.00911	0.00839	0.01033	0.00819	0.00641	0.01705	0.28668	0.02220	0.50019	0.03334	0.03884	0.00979	0.00611	0.00176	0.00320	0.00852	0.00584	0.00641
95	0.01408	0.00698	0.00933	0.00794	0.01034	0.00623	0.00623	0.01647	0.01550	0.30917	0.48660	0.03230	0.03703	0.00947	0.00607	0.00170	0.00336	0.00820	0.00628	0.00671
96	0.00664	0.00474	0.00633	0.00759	0.00791	0.00443	0.00506	0.00759	0.01044	0.01392	0.03005	0.80485	0.03606	0.01708	0.00696	0.00221	0.00316	0.01550	0.00506	0.00443
97	0.02040	0.02500	0.01553	0.01391	0.01686	0.71585	0.01052	0.08920	0.01638	0.01527	0.00886	0.01013	0.00723	0.00570	0.00497	0.00143	0.00948	0.00364	0.00305	0.00659
98	0.00879	0.00628	0.00879	0.01004	0.01130	0.00628	0.00879	0.01130	0.01255	0.01632	0.02887	0.06150	0.03138	0.01506	0.00753	0.00251	0.00502	0.73770	0.00502	0.00502
99	0.01193	0.01193	0.01670	0.01431	0.01431	0.01670	0.01193	0.01312	0.00835	0.01312	0.00716	0.01193	0.00716	0.00954	0.01789	0.00239	0.79843	0.00477	0.00239	0.00596
100	0.00879	0.00628	0.00879	0.01004	0.01130	0.00628	0.00879	0.01130	0.01255	0.01632	0.02887	0.06150	0.03138	0.01506	0.00753	0.00251	0.00502	0.73770	0.00502	0.00502
101	0.02037	0.02598	0.01545	0.01404	0.01685	0.78652	0.01053	0.02177	0.01545	0.01334	0.00843	0.00983	0.00702	0.00562	0.00492	0.00140	0.00983	0.00351	0.00281	0.00632
102	0.02207	0.01165	0.01394	0.01085	0.01501	0.01172	0.00891	0.28693	0.09212	0.43942	0.01857	0.01678	0.01230	0.00674	0.00548	0.00168	0.00509	0.00534	0.00617	0.00921
103	0.00725	0.00539	0.00575	0.00575	0.00659	0.00498	0.00368	0.00788	0.00997	0.01246	0.03445	0.04330	0.36132	0.44773	0.01808	0.00372	0.00414	0.00955	0.00410	0.00389
104	0.00664	0.00474	0.00633	0.00759	0.00791	0.00443	0.00506	0.00759	0.01044	0.01392	0.03005	0.80485	0.03606	0.01708	0.00696	0.00221	0.00316	0.01550	0.00506	0.00443
105	0.01287	0.01471	0.03217	0.02298	0.02849	0.01379	0.75460	0.01746	0.01287	0.01746	0.01103	0.01471	0.00827	0.00460	0.00643	0.00184	0.00919	0.00643	0.00276	0.00735
106	0.00735	0.00562	0.00679	0.00667	0.00815	0.00505	0.00512	0.00949	0.01408	0.01877	0.44397	0.04688	0.31057	0.01247	0.00654	0.00183	0.00287	0.07728	0.00557	0.00494
107	0.00727	0.00532	0.00583	0.00594	0.00664	0.00496	0.00377	0.00786	0.00979	0.01238	0.03214	0.11238	0.29373	0.44803	0.01813	0.00376	0.00418	0.00992	0.00410	0.00388
108	0.01225	0.31189	0.50801	0.01329	0.02012	0.01589	0.01623	0.01692	0.01135	0.01566	0.00899	0.01051	0.00694	0.00499	0.00457	0.00152	0.00725	0.00363	0.00231	0.00767
109	0.01295	0.01360	0.01612	0.37875	0.16206	0.18765	0.01321	0.01620	0.04034	0.01483	0.01184	0.08606	0.01045	0.00652	0.00546	0.00173	0.00722	0.00557	0.00292	0.00653
110	0.01169	0.02311	0.51166	0.01710	0.02403	0.01304	0.21349	0.01839	0.08101	0.01783	0.01125	0.01317	0.00816	0.00523	0.00555	0.00177	0.00801	0.00486	0.00272	0.00792
111	0.09438	0.00790	0.00865	0.00743	0.01028	0.00738	0.00591	0.08230	0.01417	0.21956	0.03779	0.03563	0.42668	0.01042	0.00580	0.00177	0.00370	0.00847	0.00538	0.00640
112	0.01292	0.01166	0.01568	0.16539	0.21983	0.01313	0.01201	0.02288	0.42286	0.01980	0.01667	0.01743	0.01275	0.00636	0.00549	0.00178	0.00545	0.00557	0.00420	0.00814
113	0.01305	0.45304	0.22674	0.08447	0.02011	0.01759	0.08531	0.01646	0.01135	0.01455	0.00869	0.01059	0.00712	0.00487	0.00441	0.00144	0.00688	0.00373	0.00237	0.00723
114	0.00854	0.00723	0.00762	0.00741	0.00953	0.00713	0.00576	0.01374	0.21152	0.01701	0.04406	0.04479	0.50417	0.01223	0.00631	0.00190	0.00338	0.07677	0.00519	0.00571
115	0.00695	0.00527	0.00584	0.00614	0.00705	0.00477	0.00410	0.00780	0.01056	0.01325	0.03749	0.22477	0.36515	0.26103	0.01317	0.00300	0.00364	0.01134	0.00452	0.00416
116	0.01388	0.01369	0.02356	0.01773	0.02226	0.01401	0.41616	0.09351	0.28210	0.02101	0.01521	0.01656	0.01135	0.00578	0.00602	0.00182	0.00714	0.00619	0.00401	0.00799
117	0.47174	0.01755	0.01139	0.01029	0.01341	0.36368	0.00801	0.01863	0.01208	0.01941	0.00797	0.00930	0.00641	0.00531	0.00407	0.00156	0.00677	0.00321	0.00312	0.00609
118	0.00799	0.00541	0.00635	0.00643	0.00667	0.00537	0.00401	0.00847	0.00907	0.01217	0.08758	0.03865	0.02385	0.65794	0.02382	0.00469	0.00501	0.07918	0.00372	0.00364
119	0.01865	0.00985	0.01357	0.21791	0.02022	0.01015	0.01002	0.02368	0.15607	0.43296	0.01851	0.01783	0.01244	0.00653	0.00549	0.00175	0.00527	0.00544	0.00538	0.00830
120	0.01855	0.02006	0.01586	0.16147	0.02078	0.43628	0.01136	0.21469	0.01728	0.01902	0.00990	0.01158	0.00766	0.00583	0.00516	0.00154	0.00833	0.00413	0.00344	0.00705
121	0.16972	0.22214	0.01801	0.43813	0.02620	0.01464	0.01185	0.01496	0.01064	0.01563	0.00873	0.01193	0.00694	0.00517	0.00454	0.00162	0.00631	0.00398	0.00258	0.00628
122	0.00710	0.00522	0.00666	0.00699	0.00794	0.00478	0.00498	0.00885	0.01296	0.01763	0.36987	0.36055	0.13839	0.01396	0.00665	0.00194	0.00284	0.01242	0.00549	0.00478
123	0.01858	0.02640	0.16014	0.01433	0.01813	0.64010	0.01235	0.02092	0.01470	0.01408	0.00868	0.01015	0.00700	0.00554	0.00497	0.00147	0.00950	0.00361	0.00271	0.00665
124	0.01680	0.01634	0.01619	0.16142	0.02025	0.21967	0.01164	0.26436	0.01650	0.02044	0.00996	0.01225	0.00785	0.00673	0.00794	0.00177	0.17468	0.00450	0.00353	0.00718
125	0.01178	0.01061	0.01453	0.43934	0.02694	0.01277	0.01218	0.02076	0.35299	0.01796	0.01536	0.01717	0.01152	0.00633	0.00549	0.00183	0.00593	0.00544	0.00384	0.00722
126	0.00660	0.00489	0.00617	0.00720	0.00780	0.00446	0.00489	0.00764	0.01081	0.01407	0.03481	0.66249	0.17534	0.01646	0.00686	0.00214	0.00309	0.01474	0.00506	0.00446
127	0.01677	0.17523	0.22035	0.01355	0.01810	0.43694	0.01285	0.01955	0.01358	0.01428	0.00863	0.01007	0.00699	0.00532	0.00472	0.00144	0.00860	0.00354	0.00258	0.00691
128	0.01190	0.01167	0.02031	0.37230	0.22816	0.01321	0.12680	0.02815	0.01156	0.01576	0.00981	0.01396	0.00780	0.00566	0.00703	0.00183	0.09944	0.00508	0.00260	0.00698
129	0.01033	0.00890	0.00924	0.00857	0.01108	0.00949	0.00659	0.01937	0.42315	0.01914	0.03719	0.03492	0.35959	0.01031	0.00595	0.00185	0.00361	0.00859	0.00533	0.00680
130	0.01130	0.00969	0.01130	0.00807	0.01292	0.00727	0.00646	0.01373	0.01130	0.01776	0.00969	0.01130	0.00807	0.00404	0.00404	0.00081	0.00404	0.00323	0.00323	0.84173
131	0.46600	0.00829	0.00768	0.00703	0.00945	0.00901	0.00556	0.01342	0.01207	0.02328	0.35434	0.02332	0.02657	0.00782	0.00476	0.00170	0.00347	0.00609	0.00457	0.00556
132	0.00760	0.00557	0.00713	0.00674	0.00807	0.00509	0.00505	0.01006	0.01516	0.02121	0.70575	0.04180	0.11762	0.01139	0.00643	0.00173	0.00259	0.01001	0.00592	0.00509
133	0.01220	0.01277	0.01618	0.64748	0.03363	0.15864	0.01427	0.01541	0.01176	0.01382	0.00945	0.01364	0.00722	0.00548	0.00535	0.00174	0.00775	0.00459	0.00250	0.00611
134	0.00748	0.00547	0.00703	0.00684	0.00805	0.00501	0.00505	0.00976	0.01459	0.02032	0.62337	0.13315	0.10938	0.01208	0.00649	0.00178	0.00266	0.01067	0.00581	0.00501
135	0.00680	0.00509	0.00631	0.00695	0.00782	0.00461	0.00486	0.00816	0.01186	0.01562	0.17640	0.47909	0.21623	0.01517	0.00673	0.00203	0.00295	0.01347	0.00524	0.00461
136	0.01349	0.01295	0.02213	0.03346	0.77440	0.01295	0.01673	0.01673	0.01241	0.01781	0.01025	0.01349	0.00864	0.00486	0.00540	0.00162	0.00648	0.00486	0.00270	0.00864
137	0.01061	0.01001	0.01691	0.72110	0.10931	0.01219	0.01530	0.01420	0.01105	0.01431	0.00974	0.01443	0.00740	0.00539	0.00545	0.00180	0.00719	0.00485	0.00245	0.00631
138	0.00700	0.00524	0.00658	0.00751	0.00840	0.00482	0.00552	0.00835	0.01136	0.01459	0.03649	0.46504	0.23002	0.01583	0.00693	0.00217	0.00341	0.15109	0.00505	0.00459
139	0.00776	0.00579	0.00746	0.00838	0.00961	0.00548	0.00685	0.00968	0.01212	0.01544	0.03607	0.19975	0.22835	0.01511	0.00713	0.00228	0.00407	0.40883	0.00504	0.00480
140	0.01236	0.33523	0.48563	0.01311	0.01983	0.01615	0.01590	0.01690	0.01134	0.01553	0.00892	0.01043	0.00694	0.00498	0.00452	0.00151	0.00718	0.00359	0.00231	0.00764
141	0.01042	0.00981	0.01657	0.76682	0.06509	0.01214	0.01520	0.01403	0.01096	0.01407	0.00971	0.01450	0.00732	0.00543	0.00545	0.00181	0.00724	0.00485	0.00243	0.00615
142	0.00858	0.00722	0.00794	0.00761	0.00962	0.00739	0.00584	0.01378	0.21082	0.01647	0.03880	0.03809	0.42867	0.01723	0.15386	0.00315	0.00541	0.00902	0.00479	0.00572
143	0.01178	0.01061	0.01453	0.43934	0.02694	0.01277	0.01218	0.02076	0.35299	0.01796	0.01536	0.01717	0.01152	0.00633	0.00549	0.00183	0.00593	0.00544	0.00384	0.00722
144	0.46762	0.01016	0.00951	0.00758	0.01162	0.00998	0.00616	0.01498	0.01020	0.02142	0.00854	0.00997	0.00689	0.00460	0.00368	0.00129	0.00414	0.00308	0.00331	0.38529
145	0.01033	0.00943	0.01474	0.02117	0.42634	0.00913	0.01119	0.01264	0.01204	0.01626	0.02590	0.17354	0.21593	0.00954	0.00597	0.00179	0.00487	0.00863	0.00377	0.00677
146	0.01180	0.01211	0.02299	0.30688	0.09850	0.01233	0.32721	0.01566	0.01192	0.01623	0.01031	0.01414	0.00791	0.00487	0.00570	0.00169	0.00763	0.00533	0.00268	0.10411

[dist]
# distance from previous block
# <min> <max>
0	73

[block]
# block no. 1 follows, 44 sequences, length 10
# corresponding to MSA columns:
# 348-357
name=unknown_B
#
# <colnr> <probs for GDERKNQSTAVLIFYWHMCP>
#	G	D	E	R	K	N	Q	S	T	A	V	L	I	F	Y	W	H	M	C	P
0	0.01223	0.01439	0.07668	0.01995	0.02501	0.01276	0.57580	0.01744	0.06307	0.01828	0.09440	0.01770	0.01344	0.00553	0.00629	0.00182	0.00807	0.00663	0.00327	0.00724
1	0.00989	0.00675	0.00738	0.00687	0.00913	0.00613	0.00527	0.01298	0.09983	0.12635	0.04532	0.07945	0.53987	0.01220	0.00622	0.00184	0.00323	0.01020	0.00536	0.00574
2	0.08714	0.00994	0.01138	0.00908	0.01265	0.00967	0.00736	0.20092	0.01661	0.24869	0.10863	0.02307	0.12564	0.00779	0.00539	0.00160	0.00436	0.00626	0.00543	0.09837
3	0.01122	0.02641	0.69665	0.01506	0.02257	0.01276	0.01889	0.01854	0.09341	0.01787	0.01113	0.01247	0.00796	0.00542	0.00522	0.00174	0.00765	0.00426	0.00265	0.00812
4	0.01794	0.20580	0.02090	0.01425	0.01788	0.49778	0.11817	0.01989	0.01407	0.01382	0.00861	0.01029	0.00720	0.00525	0.00481	0.00141	0.00881	0.00380	0.00269	0.00663
5	0.01292	0.45487	0.37085	0.01216	0.01837	0.01751	0.01425	0.01675	0.01127	0.01485	0.00858	0.01000	0.00696	0.00490	0.00426	0.00142	0.00684	0.00342	0.00232	0.00748
6	0.01266	0.01090	0.01192	0.00989	0.01367	0.01105	0.00776	0.02288	0.46359	0.02079	0.01720	0.01673	0.01322	0.00605	0.00494	0.00143	0.00420	0.00499	0.00462	0.34149
7	0.26592	0.00917	0.00991	0.00845	0.01149	0.00954	0.00678	0.08321	0.01118	0.01964	0.01104	0.01416	0.00941	0.01710	0.26987	0.00386	0.00787	0.00419	0.00338	0.22382
8	0.00965	0.27908	0.01419	0.00816	0.01001	0.01070	0.00656	0.01091	0.01012	0.01298	0.01869	0.33178	0.02105	0.10788	0.12130	0.00316	0.00597	0.00895	0.00362	0.00523
9	0.01846	0.01056	0.01245	0.01010	0.01332	0.01074	0.00798	0.31431	0.01799	0.28017	0.01887	0.13239	0.01581	0.10093	0.00826	0.00216	0.00505	0.00699	0.00559	0.00788

[dist]
# distance from previous block
# <min> <max>
0	2

[block]
# block no. 2 follows, 44 sequences, length 15
# corresponding to MSA columns:
# 360-374
name=unknown_C
#
# <colnr> <probs for GDERKNQSTAVLIFYWHMCP>
#	G	D	E	R	K	N	Q	S	T	A	V	L	I	F	Y	W	H	M	C	P
0	0.00701	0.00501	0.00675	0.00801	0.00849	0.00475	0.00570	0.00823	0.01080	0.01433	0.02985	0.67722	0.03525	0.01673	0.00706	0.00226	0.00348	0.13949	0.00505	0.00453
1	0.01052	0.00846	0.01133	0.20510	0.01737	0.00865	0.00849	0.10050	0.01480	0.02066	0.35982	0.02583	0.02792	0.00795	0.00566	0.00158	0.00441	0.00688	0.00456	0.14950
2	0.00951	0.00837	0.01155	0.01084	0.01129	0.01040	0.00867	0.01103	0.01059	0.01520	0.14670	0.22125	0.02487	0.01236	0.01195	0.00224	0.36836	0.09550	0.00399	0.00533
3	0.00653	0.00517	0.00589	0.00647	0.00761	0.00452	0.00456	0.00772	0.01151	0.01436	0.04367	0.39786	0.43425	0.01531	0.00668	0.00201	0.00295	0.01334	0.00506	0.00452
4	0.02037	0.02598	0.01545	0.01404	0.01685	0.78652	0.01053	0.02177	0.01545	0.01334	0.00843	0.00983	0.00702	0.00562	0.00492	0.00140	0.00983	0.00351	0.00281	0.00632
5	0.01971	0.24206	0.01668	0.00927	0.01329	0.01163	0.00807	0.02177	0.01427	0.47100	0.10150	0.01819	0.01586	0.00663	0.00501	0.00154	0.00475	0.00523	0.00538	0.00815
6	0.01560	0.02487	0.30068	0.01613	0.02134	0.36811	0.14183	0.01937	0.01355	0.01550	0.00937	0.01129	0.00719	0.00528	0.00527	0.00160	0.00907	0.00420	0.00261	0.00714
7	0.00663	0.00479	0.00628	0.00747	0.00788	0.00444	0.00501	0.00760	0.01055	0.01396	0.03149	0.76167	0.07830	0.01689	0.00693	0.00219	0.00314	0.01527	0.00506	0.00444
8	0.01468	0.01565	0.01824	0.02230	0.36371	0.20655	0.01313	0.01702	0.01234	0.01588	0.00920	0.01205	0.00791	0.00575	0.00726	0.00160	0.14300	0.00431	0.00274	0.10668
9	0.08258	0.01034	0.01428	0.20921	0.11005	0.01091	0.01077	0.02182	0.14213	0.30733	0.01623	0.01649	0.01130	0.00618	0.00531	0.00174	0.00543	0.00517	0.00471	0.00802
10	0.00684	0.00554	0.00607	0.00594	0.00761	0.00477	0.00445	0.00859	0.01336	0.01694	0.27729	0.04883	0.54874	0.01298	0.00644	0.00180	0.00270	0.01100	0.00535	0.00477
11	0.00793	0.00529	0.00595	0.00595	0.00595	0.00529	0.00330	0.00793	0.00793	0.01057	0.01718	0.03568	0.01982	0.80840	0.02775	0.00529	0.00529	0.00793	0.00330	0.00330
12	0.46747	0.01763	0.01143	0.01033	0.01344	0.36768	0.00803	0.01866	0.01211	0.01936	0.00797	0.00930	0.00642	0.00532	0.00408	0.00156	0.00679	0.00321	0.00311	0.00610
13	0.01274	0.35287	0.02008	0.20585	0.01967	0.03938	0.00999	0.01514	0.01124	0.01455	0.00875	0.01097	0.00738	0.00471	0.00419	0.00123	0.00580	0.00351	0.00263	0.24933
14	0.01208	0.10542	0.01353	0.00874	0.01326	0.01005	0.00717	0.01665	0.14060	0.01804	0.01158	0.01255	0.00942	0.00469	0.00423	0.00103	0.00430	0.00370	0.00352	0.59942

[dist]
# distance from previous block
# <min> <max>
0	1

[block]
# block no. 3 follows, 44 sequences, length 48
# corresponding to MSA columns:
# 376-397,399-424
name=unknown_D
#
# <colnr> <probs for GDERKNQSTAVLIFYWHMCP>
#	G	D	E	R	K	N	Q	S	T	A	V	L	I	F	Y	W	H	M	C	P
0	0.01448	0.19945	0.02073	0.22462	0.21340	0.19463	0.02754	0.01708	0.01242	0.01459	0.00908	0.01185	0.00751	0.00514	0.00488	0.00152	0.00737	0.00412	0.00257	0.00701
1	0.01908	0.01445	0.01543	0.01221	0.01628	0.01614	0.00996	0.58922	0.19531	0.03171	0.01518	0.01475	0.01096	0.00674	0.00548	0.00169	0.00561	0.00520	0.00548	0.00912
2	0.00869	0.00616	0.00846	0.00957	0.01068	0.00616	0.00816	0.01091	0.01202	0.01566	0.02753	0.05854	0.03005	0.10600	0.00985	0.00283	0.00505	0.65405	0.00482	0.00482
3	0.00793	0.00529	0.00595	0.00595	0.00595	0.00529	0.00330	0.00793	0.00793	0.01057	0.01718	0.03568	0.01982	0.80840	0.02775	0.00529	0.00529	0.00793	0.00330	0.00330
4	0.00722	0.00530	0.00677	0.00694	0.00798	0.00485	0.00500	0.00913	0.01347	0.01847	0.44905	0.28738	0.13150	0.01336	0.00660	0.00189	0.00278	0.01186	0.00559	0.00485
5	0.01414	0.07040	0.10817	0.21063	0.10915	0.03173	0.02571	0.17727	0.01417	0.03455	0.01016	0.01287	0.00792	0.00625	0.00741	0.00178	0.14244	0.00463	0.00319	0.00743
6	0.01356	0.01171	0.01233	0.01109	0.01418	0.01356	0.00863	0.02897	0.76455	0.02281	0.02219	0.02034	0.01664	0.00740	0.00555	0.00185	0.00431	0.00616	0.00555	0.00863
7	0.01582	0.01283	0.01360	0.01155	0.01504	0.01462	0.00918	0.25821	0.53163	0.02645	0.01932	0.01805	0.01432	0.00713	0.00552	0.00178	0.00485	0.00577	0.00552	0.00883
8	0.00967	0.00755	0.00921	0.00744	0.01045	0.00617	0.00578	0.01213	0.01345	0.03431	0.38578	0.02697	0.04912	0.00784	0.00530	0.00130	0.00330	0.00675	0.00471	0.39279
9	0.01139	0.01081	0.01833	0.53376	0.29051	0.01240	0.01569	0.01489	0.01142	0.01526	0.00988	0.01418	0.00774	0.00525	0.00543	0.00175	0.00700	0.00485	0.00252	0.00694
10	0.01266	0.03907	0.38628	0.02092	0.19846	0.06856	0.16210	0.01748	0.01226	0.01705	0.00999	0.01242	0.00759	0.00501	0.00542	0.00169	0.00799	0.00463	0.00252	0.00791
11	0.00787	0.00553	0.00720	0.00720	0.00764	0.00597	0.00487	0.00873	0.00830	0.01150	0.01603	0.02931	0.01706	0.46574	0.36663	0.00684	0.00945	0.00700	0.00313	0.00400
12	0.00664	0.00474	0.00633	0.00759	0.00791	0.00443	0.00506	0.00759	0.01044	0.01392	0.03005	0.80485	0.03606	0.01708	0.00696	0.00221	0.00316	0.01550	0.00506	0.00443
13	0.00793	0.00529	0.00595	0.00595	0.00595	0.00529	0.00330	0.00793	0.00793	0.01057	0.01718	0.03568	0.01982	0.80840	0.02775	0.00529	0.00529	0.00793	0.00330	0.00330
14	0.01445	0.78416	0.05497	0.00955	0.01433	0.02126	0.00971	0.01636	0.01109	0.01298	0.00766	0.00884	0.00699	0.00468	0.00356	0.00119	0.00591	0.00295	0.00233	0.00703
15	0.84691	0.01054	0.00801	0.00717	0.01054	0.01223	0.00590	0.01603	0.00928	0.02446	0.00759	0.00886	0.00590	0.00506	0.00337	0.00169	0.00422	0.00295	0.00337	0.00590
16	0.00772	0.00557	0.00729	0.00686	0.00814	0.00514	0.00514	0.01029	0.01543	0.02186	0.77152	0.04072	0.05144	0.01115	0.00643	0.00171	0.00257	0.00986	0.00600	0.00514
17	0.01068	0.01399	0.19281	0.43232	0.02862	0.01112	0.01430	0.01466	0.01114	0.01559	0.00971	0.01309	0.00737	0.00506	0.00506	0.00156	0.00671	0.00428	0.00258	0.19935
18	0.00793	0.00529	0.00595	0.00595	0.00595	0.00529	0.00330	0.00793	0.00793	0.01057	0.01718	0.03568	0.01982	0.80840	0.02775	0.00529	0.00529	0.00793	0.00330	0.00330
19	0.01016	0.00508	0.00508	0.00508	0.00635	0.00508	0.00381	0.01270	0.01143	0.02033	0.01778	0.02033	0.01397	0.00635	0.00381	0.00127	0.00254	0.00508	0.83867	0.00508
20	0.00770	0.00651	0.00854	0.18956	0.01460	0.00650	0.00698	0.00994	0.01292	0.01655	0.24668	0.04033	0.39100	0.01111	0.00621	0.00180	0.00376	0.00949	0.00471	0.00509
21	0.01902	0.20870	0.01850	0.01295	0.01619	0.60863	0.01025	0.02050	0.01443	0.01322	0.00823	0.00958	0.00702	0.00540	0.00459	0.00135	0.00890	0.00337	0.00270	0.00648
22	0.01061	0.00886	0.01044	0.00797	0.01189	0.00714	0.00628	0.01381	0.05544	0.01900	0.18619	0.01861	0.01857	0.00587	0.00468	0.00108	0.00372	0.00493	0.00400	0.60093
23	0.01284	0.01192	0.01936	0.01473	0.01852	0.07973	0.34034	0.01588	0.01362	0.10667	0.10940	0.02642	0.18999	0.00782	0.00619	0.00177	0.00647	0.00762	0.00414	0.00660
24	0.74795	0.00996	0.00793	0.00713	0.01026	0.01139	0.00581	0.01535	0.01000	0.02415	0.09768	0.01261	0.01127	0.00578	0.00373	0.00169	0.00402	0.00377	0.00368	0.00581
25	0.00664	0.00532	0.00594	0.00623	0.00760	0.00462	0.00450	0.00804	0.01224	0.01533	0.13064	0.25096	0.49404	0.01437	0.00658	0.00193	0.00285	0.01238	0.00517	0.00462
26	0.02402	0.00998	0.01309	0.01004	0.01427	0.00906	0.00829	0.11261	0.01679	0.69046	0.02052	0.01791	0.01300	0.00672	0.00548	0.00168	0.00480	0.00541	0.00660	0.00928
27	0.01335	0.01336	0.02446	0.03102	0.60094	0.01315	0.18832	0.01690	0.01252	0.01773	0.01043	0.01378	0.00855	0.00480	0.00564	0.00167	0.00711	0.00522	0.00271	0.00834
28	0.02032	0.00822	0.01118	0.00921	0.01252	0.00718	0.00733	0.02216	0.01440	0.60044	0.02349	0.20141	0.01874	0.00915	0.00583	0.00181	0.00430	0.00781	0.00636	0.00815
29	0.00674	0.00553	0.00593	0.00583	0.00755	0.00473	0.00438	0.00840	0.01313	0.01639	0.22180	0.04974	0.60457	0.01319	0.00644	0.00181	0.00272	0.01112	0.00528	0.00473
30	0.01016	0.00508	0.00508	0.00508	0.00635	0.00508	0.00381	0.01270	0.01143	0.02033	0.01778	0.02033	0.01397	0.00635	0.00381	0.00127	0.00254	0.00508	0.83867	0.00508
31	0.01655	0.01936	0.01812	0.01908	0.19233	0.42744	0.09704	0.01888	0.01411	0.01520	0.01156	0.01733	0.01041	0.00644	0.00551	0.00163	0.00842	0.09074	0.00304	0.00682
32	0.01288	0.01692	0.20022	0.01855	0.02403	0.01303	0.41187	0.10383	0.01402	0.01928	0.01303	0.01914	0.01072	0.00616	0.00615	0.00187	0.00807	0.08952	0.00323	0.00747
33	0.00674	0.00553	0.00593	0.00583	0.00755	0.00473	0.00438	0.00840	0.01313	0.01639	0.22180	0.04974	0.60457	0.01319	0.00644	0.00181	0.00272	0.01112	0.00528	0.00473
34	0.01231	0.02002	0.37332	0.02516	0.42656	0.01282	0.01831	0.01698	0.01200	0.01756	0.01004	0.01257	0.00783	0.00501	0.00530	0.00167	0.00721	0.00447	0.00251	0.00837
35	0.01208	0.14400	0.49079	0.01873	0.19537	0.01409	0.01771	0.01700	0.01165	0.01672	0.00956	0.01155	0.00732	0.00503	0.00497	0.00162	0.00735	0.00405	0.00240	0.00803
36	0.13515	0.01200	0.01515	0.37441	0.02555	0.01401	0.01193	0.30547	0.01645	0.02347	0.01072	0.01315	0.00786	0.00582	0.00515	0.00173	0.00633	0.00460	0.00375	0.00730
37	0.44118	0.01479	0.01323	0.01501	0.18980	0.19118	0.00960	0.03651	0.01185	0.02060	0.00854	0.01027	0.00688	0.00518	0.00425	0.00160	0.00608	0.00357	0.00314	0.00672
38	0.01907	0.01445	0.01543	0.01221	0.01628	0.01613	0.00996	0.58841	0.19613	0.03169	0.01519	0.01476	0.01097	0.00674	0.00548	0.00169	0.00561	0.00520	0.00548	0.00912
39	0.01604	0.01210	0.01992	0.02794	0.59755	0.01180	0.01470	0.01902	0.01316	0.19463	0.01287	0.01467	0.00977	0.00530	0.00542	0.00163	0.00605	0.00500	0.00364	0.00878
40	0.01356	0.01171	0.01233	0.01109	0.01418	0.01356	0.00863	0.02897	0.76455	0.02281	0.02219	0.02034	0.01664	0.00740	0.00555	0.00185	0.00431	0.00616	0.00555	0.00863
41	0.00646	0.00547	0.00558	0.00567	0.00740	0.00459	0.00421	0.00781	0.01228	0.01467	0.05343	0.10634	0.71947	0.01404	0.00648	0.00187	0.00279	0.01179	0.00506	0.00459
42	0.01037	0.00944	0.01482	0.61243	0.03140	0.01146	0.01322	0.01522	0.09782	0.01588	0.10096	0.01829	0.01355	0.00635	0.00558	0.00181	0.00638	0.00559	0.00320	0.00624
43	0.01193	0.02063	0.42653	0.01853	0.19581	0.01264	0.01657	0.01919	0.15916	0.01864	0.03908	0.01472	0.01078	0.00575	0.00535	0.00173	0.00676	0.00484	0.00316	0.00820
44	0.01082	0.00993	0.01637	0.01459	0.05432	0.01003	0.21998	0.01661	0.18704	0.01769	0.02158	0.20086	0.02129	0.01024	0.00652	0.00206	0.00570	0.16340	0.00439	0.00657
45	0.01549	0.10681	0.01681	0.01362	0.12698	0.01336	0.00976	0.28885	0.01674	0.02332	0.01078	0.01199	0.00847	0.00516	0.00470	0.00128	0.00533	0.00405	0.00387	0.31264
46	0.01458	0.81168	0.02857	0.00933	0.01399	0.02157	0.00933	0.01632	0.01108	0.01283	0.00758	0.00875	0.00700	0.00466	0.00350	0.00117	0.00583	0.00292	0.00233	0.00700
47	0.75217	0.01231	0.00887	0.00796	0.01127	0.10098	0.00643	0.01668	0.00999	0.02319	0.00769	0.00897	0.00603	0.00512	0.00355	0.00165	0.00486	0.00302	0.00331	0.00595

[dist]
# distance from previous block
# <min> <max>
0	1

[block]
# block no. 4 follows, 44 sequences, length 22
# corresponding to MSA columns:
# 426-447
name=unknown_E
#
# <colnr> <probs for GDERKNQSTAVLIFYWHMCP>
#	G	D	E	R	K	N	Q	S	T	A	V	L	I	F	Y	W	H	M	C	P
0	0.02115	0.01458	0.01593	0.01222	0.01656	0.01588	0.01009	0.67220	0.02448	0.12001	0.01406	0.01372	0.00976	0.00657	0.00546	0.00164	0.00584	0.00497	0.00560	0.00927
1	0.00677	0.00484	0.00647	0.00774	0.00811	0.00454	0.00528	0.00781	0.01056	0.01406	0.02998	0.76040	0.03578	0.01696	0.00699	0.00223	0.00327	0.05868	0.00506	0.00446
2	0.01972	0.00981	0.01467	0.20321	0.10982	0.00959	0.01078	0.02233	0.01408	0.50251	0.01731	0.01698	0.01141	0.00621	0.00546	0.00171	0.00549	0.00525	0.00522	0.00842
3	0.00793	0.00529	0.00595	0.00595	0.00595	0.00529	0.00330	0.00793	0.00793	0.01057	0.01718	0.03568	0.01982	0.80840	0.02775	0.00529	0.00529	0.00793	0.00330	0.00330
4	0.02072	0.01527	0.01636	0.01254	0.01691	0.01691	0.01036	0.75622	0.02563	0.03436	0.01309	0.01309	0.00927	0.00654	0.00545	0.00164	0.00600	0.00491	0.00545	0.00927
5	0.00803	0.00540	0.00627	0.00642	0.00656	0.00540	0.00393	0.00832	0.00846	0.01123	0.01852	0.03865	0.02115	0.71705	0.02542	0.00497	0.00525	0.09196	0.00350	0.00350
6	0.00793	0.00529	0.00595	0.00595	0.00595	0.00529	0.00330	0.00793	0.00793	0.01057	0.01718	0.03568	0.01982	0.80840	0.02775	0.00529	0.00529	0.00793	0.00330	0.00330
7	0.24686	0.01640	0.01386	0.01193	0.01452	0.24705	0.00955	0.15502	0.01396	0.02028	0.00876	0.01066	0.00716	0.00656	0.00766	0.00176	0.19406	0.00392	0.00336	0.00667
8	0.01193	0.01193	0.01670	0.01431	0.01431	0.01670	0.01193	0.01312	0.00835	0.01312	0.00716	0.01193	0.00716	0.00954	0.01789	0.00239	0.79843	0.00477	0.00239	0.00596
9	0.01245	0.01162	0.01945	0.02867	0.63626	0.01155	0.01464	0.01557	0.01296	0.01854	0.14749	0.01840	0.01635	0.00599	0.00558	0.00164	0.00577	0.00576	0.00329	0.00801
10	0.02043	0.02405	0.01561	0.01377	0.01686	0.64778	0.01050	0.15417	0.01729	0.01713	0.00927	0.01042	0.00743	0.00579	0.00501	0.00145	0.00914	0.00376	0.00329	0.00685
11	0.39537	0.01021	0.01050	0.01037	0.05664	0.01125	0.00801	0.14801	0.01356	0.02370	0.05703	0.02465	0.01551	0.00812	0.00506	0.00188	0.00478	0.18467	0.00426	0.00641
12	0.01594	0.01289	0.01367	0.01158	0.01508	0.01467	0.00921	0.27083	0.51881	0.02665	0.01916	0.01793	0.01419	0.00711	0.00552	0.00178	0.00487	0.00575	0.00552	0.00884
13	0.39648	0.16220	0.01576	0.01353	0.14985	0.10616	0.00938	0.01673	0.01086	0.01914	0.00814	0.00996	0.00680	0.00527	0.00476	0.00158	0.05035	0.00346	0.00294	0.00665
14	0.01237	0.30035	0.02010	0.03796	0.03959	0.05110	0.05170	0.01407	0.01051	0.01359	0.01190	0.15391	0.01242	0.00839	0.00867	0.00179	0.23638	0.00608	0.00290	0.00624
15	0.31504	0.09872	0.28917	0.01163	0.01672	0.15289	0.01220	0.01754	0.01137	0.01872	0.00853	0.00998	0.00657	0.00516	0.00431	0.00160	0.00677	0.00344	0.00278	0.00686
16	0.00911	0.00725	0.01037	0.01264	0.14718	0.00713	0.00810	0.01225	0.05821	0.01868	0.31360	0.18014	0.03505	0.01162	0.00649	0.00195	0.00395	0.14543	0.00502	0.00583
