[name]
unknown

[dist]
# distance from previous block
# <min> <max>
5	137

[block]
# block no. 0 follows, 50 sequences, length 25
# corresponding to MSA columns:
# 145-169
name=unknown_A
#
# <colnr> <probs for GDERKNQSTAVLIFYWHMCP>
#	G	D	E	R	K	N	Q	S	T	A	V	L	I	F	Y	W	H	M	C	P
0	0.05206	0.01365	0.04030	0.01877	0.07884	0.06987	0.51122	0.03729	0.01231	0.09961	0.01076	0.01307	0.00791	0.00457	0.00544	0.00161	0.00752	0.00526	0.00299	0.00693
1	0.01141	0.01080	0.01807	0.02700	0.67874	0.01072	0.01368	0.01409	0.01122	0.01582	0.01370	0.07408	0.06701	0.00586	0.00511	0.00153	0.00545	0.00560	0.00278	0.00734
2	0.01018	0.00923	0.01461	0.69542	0.03131	0.01107	0.01294	0.06858	0.01098	0.01436	0.00909	0.01298	0.00683	0.00496	0.00489	0.00158	0.00634	0.00433	0.00247	0.06785
3	0.00937	0.00872	0.01396	0.69515	0.03075	0.01067	0.01267	0.01333	0.06669	0.01338	0.01274	0.01621	0.06464	0.00567	0.00506	0.00166	0.00615	0.00496	0.00260	0.00561
4	0.01758	0.07279	0.01505	0.01078	0.01463	0.01495	0.00899	0.66514	0.02158	0.02866	0.01441	0.01431	0.06556	0.00634	0.00492	0.00148	0.00526	0.00480	0.00475	0.00801
5	0.01895	0.01396	0.01496	0.01147	0.01546	0.01546	0.00947	0.77711	0.02344	0.03141	0.01197	0.01197	0.00848	0.00598	0.00499	0.00150	0.00548	0.00449	0.00499	0.00848
6	0.01857	0.01483	0.01558	0.01206	0.01597	0.08761	0.04657	0.67093	0.02202	0.02891	0.01149	0.01177	0.00824	0.00582	0.00498	0.00149	0.00595	0.00444	0.00465	0.00814
7	0.00941	0.00886	0.01495	0.81285	0.03433	0.01107	0.01384	0.01274	0.00997	0.01274	0.00886	0.01329	0.00664	0.00498	0.00498	0.00166	0.00664	0.00443	0.00221	0.00554
8	0.01687	0.01293	0.01379	0.01105	0.01467	0.01449	0.00897	0.53904	0.26489	0.02806	0.01461	0.01407	0.01061	0.00623	0.00501	0.00156	0.00500	0.00485	0.00501	0.00829
9	0.00589	0.00505	0.00505	0.00505	0.00673	0.00421	0.00379	0.00715	0.01136	0.01347	0.05049	0.04797	0.79171	0.01262	0.00589	0.00168	0.00252	0.01052	0.00463	0.00421
10	0.01234	0.01184	0.02023	0.03059	0.79373	0.01184	0.01530	0.01530	0.01135	0.01628	0.00938	0.01234	0.00790	0.00444	0.00493	0.00148	0.00592	0.00444	0.00247	0.00790
11	0.00941	0.00886	0.01495	0.81285	0.03433	0.01107	0.01384	0.01274	0.00997	0.01274	0.00886	0.01329	0.00664	0.00498	0.00498	0.00166	0.00664	0.00443	0.00221	0.00554
12	0.01234	0.01184	0.02023	0.03059	0.79373	0.01184	0.01530	0.01530	0.01135	0.01628	0.00938	0.01234	0.00790	0.00444	0.00493	0.00148	0.00592	0.00444	0.00247	0.00790
13	0.00941	0.00886	0.01495	0.81285	0.03433	0.01107	0.01384	0.01274	0.00997	0.01274	0.00886	0.01329	0.00664	0.00498	0.00498	0.00166	0.00664	0.00443	0.00221	0.00554
14	0.00725	0.00483	0.00544	0.00544	0.00544	0.00483	0.00302	0.00725	0.00725	0.00966	0.01571	0.03262	0.01812	0.82483	0.02537	0.00483	0.00483	0.00725	0.00302	0.00302
15	0.01333	0.82783	0.02612	0.00853	0.01279	0.01972	0.00853	0.01493	0.01013	0.01173	0.00693	0.00800	0.00640	0.00426	0.00320	0.00107	0.00533	0.00267	0.00213	0.00640
16	0.01333	0.82783	0.02612	0.00853	0.01279	0.01972	0.00853	0.01493	0.01013	0.01173	0.00693	0.00800	0.00640	0.00426	0.00320	0.00107	0.00533	0.00267	0.00213	0.00640
17	0.01000	0.02578	0.79900	0.01421	0.02157	0.01158	0.01842	0.01579	0.01052	0.01579	0.00895	0.01052	0.00631	0.00474	0.00474	0.00158	0.00737	0.00368	0.00210	0.00737
18	0.00589	0.00505	0.00505	0.00505	0.00673	0.00421	0.00379	0.00715	0.01136	0.01347	0.05049	0.04797	0.79171	0.01262	0.00589	0.00168	0.00252	0.01052	0.00463	0.00421
19	0.00705	0.00510	0.00666	0.00627	0.00745	0.00470	0.00470	0.00941	0.01411	0.01999	0.79110	0.03723	0.04703	0.01019	0.00588	0.00157	0.00235	0.00901	0.00549	0.00470
20	0.01011	0.02505	0.76088	0.01401	0.02116	0.01162	0.01791	0.01630	0.04799	0.01603	0.00949	0.01091	0.00674	0.00483	0.00475	0.00158	0.00720	0.00378	0.00225	0.00739
21	0.00715	0.00522	0.00742	0.00742	0.00811	0.00591	0.00550	0.00852	0.00784	0.01113	0.01389	0.02257	0.01376	0.21776	0.62647	0.00728	0.01140	0.00578	0.00275	0.00412
22	0.01884	0.01707	0.01469	0.01190	0.01544	0.26581	0.00952	0.53695	0.02048	0.02532	0.01062	0.01102	0.00782	0.00571	0.00483	0.00143	0.00660	0.00408	0.00422	0.00762
23	0.00646	0.00505	0.00595	0.00640	0.00765	0.00453	0.00493	0.00794	0.01120	0.01407	0.09132	0.20964	0.42106	0.01332	0.00620	0.00188	0.00303	0.17042	0.00468	0.00429
24	0.22166	0.01090	0.01114	0.00928	0.01256	0.02853	0.00748	0.20305	0.23123	0.16092	0.04361	0.01466	0.01171	0.00605	0.00458	0.00157	0.00439	0.00461	0.00472	0.00737

[dist]
# distance from previous block
# <min> <max>
2	13

[block]
# block no. 1 follows, 50 sequences, length 12
# corresponding to MSA columns:
# 183-194
name=unknown_B
#
# <colnr> <probs for GDERKNQSTAVLIFYWHMCP>
#	G	D	E	R	K	N	Q	S	T	A	V	L	I	F	Y	W	H	M	C	P
0	0.46417	0.05159	0.01094	0.00883	0.01200	0.14615	0.00714	0.13687	0.08633	0.02143	0.00914	0.00986	0.00704	0.00511	0.00382	0.00148	0.00506	0.00335	0.00344	0.00623
1	0.00941	0.00886	0.01495	0.81285	0.03433	0.01107	0.01384	0.01274	0.00997	0.01274	0.00886	0.01329	0.00664	0.00498	0.00498	0.00166	0.00664	0.00443	0.00221	0.00554
2	0.01314	0.01011	0.01293	0.00985	0.01362	0.00951	0.08271	0.20352	0.06097	0.08055	0.07400	0.04034	0.03624	0.00583	0.00473	0.00127	0.00449	0.00499	0.00409	0.32710
3	0.00941	0.00886	0.01495	0.81285	0.03433	0.01107	0.01384	0.01274	0.00997	0.01274	0.00886	0.01329	0.00664	0.00498	0.00498	0.00166	0.00664	0.00443	0.00221	0.00554
4	0.01217	0.01056	0.01155	0.07202	0.01461	0.01230	0.00835	0.02543	0.72501	0.02023	0.01941	0.01819	0.01455	0.00663	0.00507	0.00169	0.00415	0.00554	0.00485	0.00771
5	0.01032	0.00908	0.01276	0.01080	0.01331	0.00947	0.14895	0.06536	0.29348	0.01813	0.08446	0.20319	0.08095	0.00898	0.00564	0.00174	0.00439	0.00820	0.00449	0.00629
6	0.01895	0.01396	0.01496	0.01147	0.01546	0.01546	0.00947	0.77711	0.02344	0.03141	0.01197	0.01197	0.00848	0.00598	0.00499	0.00150	0.00548	0.00449	0.00499	0.00848
7	0.01176	0.01345	0.02941	0.02101	0.02605	0.01261	0.77563	0.01597	0.01176	0.01597	0.01008	0.01345	0.00756	0.00420	0.00588	0.00168	0.00840	0.00588	0.00252	0.00672
8	0.01619	0.01550	0.01322	0.01133	0.01443	0.24502	0.00888	0.25101	0.32975	0.02151	0.01410	0.01379	0.01061	0.00605	0.00488	0.00151	0.00588	0.00458	0.00431	0.00745
9	0.00905	0.00628	0.00829	0.00812	0.00924	0.00680	0.00627	0.06266	0.03337	0.05316	0.01750	0.09213	0.01770	0.17204	0.31658	0.00482	0.02753	0.14004	0.00363	0.00478
10	0.03803	0.00975	0.01122	0.00890	0.01230	0.06120	0.04829	0.04929	0.09336	0.11835	0.12065	0.04181	0.03413	0.00607	0.00466	0.00126	0.00425	0.00510	0.00408	0.32731
11	0.13576	0.00974	0.01343	0.01035	0.01387	0.02960	0.14738	0.05790	0.01237	0.23894	0.07321	0.03962	0.01293	0.04753	0.00583	0.00162	0.00490	0.00514	0.00415	0.13573

[dist]
# distance from previous block
# <min> <max>
37	109

[block]
# block no. 2 follows, 50 sequences, length 6
# corresponding to MSA columns:
# 305-310
name=unknown_C
#
# <colnr> <probs for GDERKNQSTAVLIFYWHMCP>
#	G	D	E	R	K	N	Q	S	T	A	V	L	I	F	Y	W	H	M	C	P
0	0.07123	0.01192	0.01281	0.01076	0.01387	0.11868	0.06613	0.05794	0.26859	0.13915	0.01552	0.01753	0.01212	0.00641	0.00529	0.00158	0.03049	0.06113	0.00428	0.07457
1	0.01346	0.00792	0.00945	0.00813	0.01046	0.00783	0.00629	0.13560	0.08196	0.22317	0.08221	0.08527	0.07722	0.15020	0.00886	0.00219	0.00414	0.05096	0.00487	0.02981
2	0.01119	0.06727	0.14636	0.00988	0.01302	0.00988	0.00923	0.11662	0.01235	0.05769	0.07634	0.14394	0.01668	0.00825	0.00632	0.00162	0.09038	0.07999	0.00374	0.11925
3	0.04348	0.06982	0.01247	0.16390	0.05259	0.00963	0.00856	0.09805	0.03700	0.08696	0.17169	0.02091	0.01772	0.00675	0.00494	0.00148	0.00454	0.06520	0.00395	0.12034
4	0.01331	0.01349	0.11837	0.26275	0.02067	0.14296	0.01105	0.05420	0.06809	0.13384	0.01455	0.06211	0.05049	0.00635	0.00501	0.00159	0.00608	0.00519	0.00347	0.00643
5	0.01206	0.18102	0.29178	0.08532	0.13561	0.01323	0.01335	0.10555	0.01204	0.01667	0.00895	0.01069	0.00695	0.00467	0.00441	0.00138	0.00612	0.00369	0.00259	0.08391

[dist]
# distance from previous block
# <min> <max>
13	18

[block]
# block no. 3 follows, 50 sequences, length 26
# corresponding to MSA columns:
# 329-354
name=unknown_D
#
# <colnr> <probs for GDERKNQSTAVLIFYWHMCP>
#	G	D	E	R	K	N	Q	S	T	A	V	L	I	F	Y	W	H	M	C	P
0	0.06349	0.00888	0.01111	0.08359	0.04953	0.00787	0.00734	0.01535	0.05012	0.15336	0.01203	0.04629	0.00956	0.00499	0.00425	0.00115	0.00415	0.00411	0.00361	0.45922
1	0.06150	0.00874	0.01045	0.00973	0.04423	0.03473	0.04196	0.12033	0.03810	0.01755	0.01977	0.20894	0.08169	0.00916	0.00530	0.00161	0.00429	0.10923	0.00402	0.16870
2	0.28375	0.01111	0.01573	0.01209	0.01571	0.01172	0.21459	0.11113	0.03333	0.16539	0.01111	0.01217	0.00801	0.00534	0.00549	0.00163	0.06679	0.00442	0.00373	0.00678
3	0.08470	0.01240	0.02425	0.01787	0.02221	0.01218	0.57443	0.01661	0.09321	0.01690	0.01162	0.01557	0.00920	0.00507	0.00583	0.00171	0.02435	0.04238	0.00293	0.00660
4	0.04763	0.00644	0.00767	0.00763	0.00923	0.00645	0.00601	0.04389	0.09666	0.04930	0.18749	0.17128	0.14484	0.01134	0.00591	0.00184	0.00344	0.18291	0.00486	0.00519
5	0.01890	0.00956	0.01170	0.00926	0.01290	0.00925	0.00754	0.12787	0.15751	0.48284	0.01921	0.01729	0.03826	0.00635	0.00498	0.00153	0.00427	0.00514	0.00559	0.05004
6	0.01314	0.00976	0.01069	0.00950	0.01229	0.01081	0.00741	0.02413	0.59353	0.13044	0.02244	0.05334	0.06544	0.00742	0.00517	0.00168	0.00385	0.00621	0.00518	0.00758
7	0.01234	0.01184	0.02023	0.03059	0.79373	0.01184	0.01530	0.01530	0.01135	0.01628	0.00938	0.01234	0.00790	0.00444	0.00493	0.00148	0.00592	0.00444	0.00247	0.00790
8	0.01333	0.82783	0.02612	0.00853	0.01279	0.01972	0.00853	0.01493	0.01013	0.01173	0.00693	0.00800	0.00640	0.00426	0.00320	0.00107	0.00533	0.00267	0.00213	0.00640
9	0.00607	0.00434	0.00578	0.00694	0.00723	0.00405	0.00463	0.00694	0.00954	0.01272	0.02747	0.82157	0.03297	0.01562	0.00636	0.00202	0.00289	0.01417	0.00463	0.00405
10	0.86003	0.00964	0.00733	0.00655	0.00964	0.01118	0.00540	0.01465	0.00848	0.02236	0.00694	0.00810	0.00540	0.00463	0.00308	0.00154	0.00386	0.00270	0.00308	0.00540
11	0.00941	0.00886	0.01495	0.81285	0.03433	0.01107	0.01384	0.01274	0.00997	0.01274	0.00886	0.01329	0.00664	0.00498	0.00498	0.00166	0.00664	0.00443	0.00221	0.00554
12	0.00853	0.00438	0.00640	0.00640	0.00640	0.00438	0.00421	0.00656	0.00656	0.00875	0.00931	0.01677	0.00954	0.09232	0.02003	0.77602	0.00438	0.00460	0.00224	0.00224
13	0.01234	0.01184	0.02023	0.03059	0.79373	0.01184	0.01530	0.01530	0.01135	0.01628	0.00938	0.01234	0.00790	0.00444	0.00493	0.00148	0.00592	0.00444	0.00247	0.00790
14	0.01145	0.00882	0.01045	0.00752	0.01190	0.00671	0.00604	0.01364	0.01070	0.08878	0.00986	0.01095	0.00784	0.00392	0.00381	0.00081	0.00374	0.00314	0.00325	0.77664
15	0.00750	0.00596	0.00662	0.00668	0.00835	0.00572	0.00529	0.01088	0.11869	0.01549	0.08720	0.04335	0.43397	0.01153	0.00586	0.00178	0.00313	0.16662	0.05054	0.00485
16	0.01333	0.82783	0.02612	0.00853	0.01279	0.01972	0.00853	0.01493	0.01013	0.01173	0.00693	0.00800	0.00640	0.00426	0.00320	0.00107	0.00533	0.00267	0.00213	0.00640
17	0.01333	0.82783	0.02612	0.00853	0.01279	0.01972	0.00853	0.01493	0.01013	0.01173	0.00693	0.00800	0.00640	0.00426	0.00320	0.00107	0.00533	0.00267	0.00213	0.00640
18	0.00618	0.00441	0.00591	0.00706	0.00740	0.00414	0.00481	0.00712	0.00965	0.01284	0.02741	0.78023	0.03274	0.01552	0.00639	0.00204	0.00298	0.05447	0.00462	0.00408
19	0.02209	0.00892	0.01184	0.00908	0.01294	0.00798	0.00750	0.08475	0.01500	0.73569	0.01905	0.01656	0.01203	0.00615	0.00501	0.00154	0.00434	0.00497	0.00607	0.00848
20	0.00607	0.00434	0.00578	0.00694	0.00723	0.00405	0.00463	0.00694	0.00954	0.01272	0.02747	0.82157	0.03297	0.01562	0.00636	0.00202	0.00289	0.01417	0.00463	0.00405
21	0.00600	0.00505	0.00520	0.00516	0.00680	0.00425	0.00387	0.00736	0.01161	0.01406	0.11805	0.04699	0.72378	0.01240	0.00589	0.00167	0.00251	0.01038	0.00471	0.00425
22	0.00782	0.00673	0.00690	0.00656	0.00858	0.00664	0.00501	0.01290	0.24107	0.01566	0.04152	0.03925	0.56107	0.01088	0.00565	0.00169	0.00295	0.00907	0.00476	0.00530
23	0.86003	0.00964	0.00733	0.00655	0.00964	0.01118	0.00540	0.01465	0.00848	0.02236	0.00694	0.00810	0.00540	0.00463	0.00308	0.00154	0.00386	0.00270	0.00308	0.00540
24	0.00603	0.00508	0.00525	0.00528	0.00691	0.00429	0.00400	0.00739	0.01149	0.01382	0.08335	0.04782	0.72624	0.01256	0.00593	0.00170	0.00260	0.04134	0.00467	0.00425
25	0.00947	0.00978	0.01990	0.01535	0.01848	0.00916	0.46534	0.01233	0.01087	0.01466	0.01708	0.33868	0.01779	0.00880	0.00608	0.00182	0.00619	0.00922	0.00337	0.00565

[dist]
# distance from previous block
# <min> <max>
0	1

[block]
# block no. 4 follows, 50 sequences, length 119
# corresponding to MSA columns:
# 356-474
name=unknown_E
#
# <colnr> <probs for GDERKNQSTAVLIFYWHMCP>
#	G	D	E	R	K	N	Q	S	T	A	V	L	I	F	Y	W	H	M	C	P
0	0.01176	0.01345	0.02941	0.02101	0.02605	0.01261	0.77563	0.01597	0.01176	0.01597	0.01008	0.01345	0.00756	0.00420	0.00588	0.00168	0.00840	0.00588	0.00252	0.00672
1	0.01240	0.01071	0.01127	0.01014	0.01296	0.01240	0.00789	0.02649	0.78473	0.02085	0.02029	0.01860	0.01522	0.00676	0.00507	0.00169	0.00394	0.00564	0.00507	0.00789
2	0.01862	0.02376	0.01413	0.01284	0.01541	0.80482	0.00963	0.01990	0.01413	0.01220	0.00770	0.00899	0.00642	0.00514	0.00449	0.00128	0.00899	0.00321	0.00257	0.00578
3	0.01333	0.82783	0.02612	0.00853	0.01279	0.01972	0.00853	0.01493	0.01013	0.01173	0.00693	0.00800	0.00640	0.00426	0.00320	0.00107	0.00533	0.00267	0.00213	0.00640
4	0.00642	0.00469	0.00597	0.00686	0.00741	0.00439	0.00467	0.02914	0.01015	0.01335	0.02962	0.71113	0.11773	0.01500	0.00627	0.00197	0.00293	0.01348	0.00464	0.00419
5	0.00988	0.00934	0.01580	0.68734	0.15617	0.01120	0.01408	0.01315	0.01019	0.01330	0.00894	0.01314	0.00685	0.00490	0.00498	0.00163	0.00653	0.00443	0.00226	0.00592
6	0.00868	0.00696	0.00810	0.00822	0.00993	0.00725	0.00658	0.01424	0.24900	0.01647	0.06657	0.10783	0.19691	0.01135	0.00601	0.00191	0.00368	0.26005	0.00479	0.00548
7	0.00670	0.00508	0.00617	0.00590	0.00723	0.00455	0.00443	0.00872	0.01328	0.01801	0.56673	0.04049	0.27264	0.01093	0.00588	0.00160	0.00240	0.00947	0.00523	0.00455
8	0.01067	0.01059	0.01481	0.01279	0.01281	0.01473	0.01061	0.01175	0.00772	0.01203	0.00754	0.04966	0.00781	0.00905	0.01588	0.00217	0.77685	0.00483	0.00230	0.00539
9	0.00950	0.00903	0.01549	0.78306	0.03402	0.01113	0.04250	0.01286	0.01003	0.01286	0.00891	0.01329	0.00668	0.00495	0.00502	0.00166	0.00671	0.00448	0.00223	0.00558
10	0.86003	0.00964	0.00733	0.00655	0.00964	0.01118	0.00540	0.01465	0.00848	0.02236	0.00694	0.00810	0.00540	0.00463	0.00308	0.00154	0.00386	0.00270	0.00308	0.00540
11	0.00965	0.00786	0.00888	0.00814	0.01014	0.00849	0.00624	0.01776	0.39455	0.02018	0.38443	0.02841	0.05750	0.00858	0.00548	0.00163	0.00314	0.00740	0.00525	0.00626
12	0.01234	0.01184	0.02023	0.03059	0.79373	0.01184	0.01530	0.01530	0.01135	0.01628	0.00938	0.01234	0.00790	0.00444	0.00493	0.00148	0.00592	0.00444	0.00247	0.00790
13	0.00725	0.00483	0.00544	0.00544	0.00544	0.00483	0.00302	0.00725	0.00725	0.00966	0.01571	0.03262	0.01812	0.82483	0.02537	0.00483	0.00483	0.00725	0.00302	0.00302
14	0.01895	0.01396	0.01496	0.01147	0.01546	0.01546	0.00947	0.77711	0.02344	0.03141	0.01197	0.01197	0.00848	0.00598	0.00499	0.00150	0.00548	0.00449	0.00499	0.00848
15	0.00957	0.00491	0.00494	0.00484	0.00609	0.00496	0.00366	0.03365	0.01083	0.01895	0.01614	0.01839	0.01265	0.00581	0.00353	0.00117	0.00241	0.00464	0.82810	0.00476
16	0.01234	0.01184	0.02023	0.03059	0.79373	0.01184	0.01530	0.01530	0.01135	0.01628	0.00938	0.01234	0.00790	0.00444	0.00493	0.00148	0.00592	0.00444	0.00247	0.00790
17	0.00725	0.00483	0.00544	0.00544	0.00544	0.00483	0.00302	0.00725	0.00725	0.00966	0.01571	0.03262	0.01812	0.82483	0.02537	0.00483	0.00483	0.00725	0.00302	0.00302
18	0.01240	0.01071	0.01127	0.01014	0.01296	0.01240	0.00789	0.02649	0.78473	0.02085	0.02029	0.01860	0.01522	0.00676	0.00507	0.00169	0.00394	0.00564	0.00507	0.00789
19	0.00802	0.00576	0.00672	0.00669	0.00813	0.00530	0.00489	0.07048	0.01181	0.05303	0.07022	0.36913	0.30904	0.01264	0.00590	0.00177	0.00303	0.01100	0.00472	0.03171
20	0.01264	0.01321	0.02691	0.01942	0.02407	0.01284	0.64738	0.08133	0.01262	0.03957	0.01033	0.01329	0.00773	0.00465	0.00633	0.00169	0.05065	0.00566	0.00282	0.00686
21	0.01000	0.02578	0.79900	0.01421	0.02157	0.01158	0.01842	0.01579	0.01052	0.01579	0.00895	0.01052	0.00631	0.00474	0.00474	0.00158	0.00737	0.00368	0.00210	0.00737
22	0.00677	0.00483	0.00658	0.00773	0.00833	0.00465	0.00583	0.00814	0.01023	0.01350	0.02709	0.55050	0.03145	0.01496	0.00655	0.00212	0.00349	0.27839	0.00461	0.00424
23	0.01290	0.01400	0.02705	0.01954	0.02435	0.05079	0.65272	0.10189	0.01319	0.01753	0.01018	0.01307	0.00761	0.00445	0.00572	0.00164	0.00810	0.00560	0.00280	0.00688
24	0.01520	0.01280	0.01688	0.01305	0.01668	0.14237	0.24027	0.11518	0.04624	0.17970	0.04577	0.01835	0.10153	0.00630	0.00532	0.00156	0.00617	0.00572	0.00406	0.00684
25	0.00941	0.00886	0.01495	0.81285	0.03433	0.01107	0.01384	0.01274	0.00997	0.01274	0.00886	0.01329	0.00664	0.00498	0.00498	0.00166	0.00664	0.00443	0.00221	0.00554
26	0.00866	0.00433	0.00649	0.00649	0.00649	0.00433	0.00433	0.00649	0.00649	0.00866	0.00866	0.01515	0.00866	0.01732	0.01948	0.85498	0.00433	0.00433	0.00216	0.00216
27	0.00858	0.00593	0.00768	0.00734	0.00821	0.00675	0.00555	0.04620	0.00915	0.01387	0.01366	0.02015	0.01263	0.14636	0.36752	0.02947	0.07368	0.00532	0.20748	0.00449
28	0.02008	0.01214	0.01383	0.01061	0.01455	0.01276	0.00876	0.52736	0.02039	0.28546	0.01452	0.01363	0.00976	0.00605	0.00499	0.00151	0.00507	0.00466	0.00538	0.00848
29	0.00607	0.00434	0.00578	0.00694	0.00723	0.00405	0.00463	0.00694	0.00954	0.01272	0.02747	0.82157	0.03297	0.01562	0.00636	0.00202	0.00289	0.01417	0.00463	0.00405
30	0.00631	0.00451	0.00606	0.00721	0.00761	0.00426	0.00504	0.00735	0.00978	0.01299	0.02734	0.72792	0.03244	0.01539	0.00643	0.00206	0.00310	0.10545	0.00462	0.00411
31	0.00713	0.00530	0.00783	0.00783	0.00866	0.00613	0.00601	0.00878	0.00796	0.01144	0.01352	0.02050	0.01286	0.09268	0.75032	0.00779	0.01275	0.00547	0.00269	0.00435
32	0.01092	0.24850	0.58438	0.01263	0.01914	0.01384	0.01567	0.01555	0.01041	0.01466	0.00839	0.00982	0.00634	0.00460	0.00431	0.00144	0.00680	0.00340	0.00211	0.00710
33	0.01016	0.01757	0.41620	0.01089	0.01684	0.00918	0.01234	0.01422	0.01043	0.01601	0.00890	0.01043	0.00683	0.00423	0.00423	0.00117	0.00558	0.00333	0.00252	0.41894
34	0.01779	0.00959	0.01177	0.00885	0.01292	0.00857	0.00725	0.15613	0.01463	0.40210	0.01472	0.01388	0.01001	0.00532	0.00457	0.00127	0.00428	0.00424	0.00490	0.28722
35	0.00625	0.00503	0.00557	0.00551	0.00697	0.00435	0.00410	0.00783	0.01211	0.01541	0.27382	0.08012	0.53137	0.01202	0.00591	0.00166	0.00249	0.01023	0.00489	0.00435
36	0.01891	0.01506	0.01486	0.01162	0.01545	0.10437	0.00949	0.69182	0.02239	0.02925	0.01149	0.01163	0.00825	0.00589	0.00493	0.00147	0.00588	0.00434	0.00471	0.00817
37	0.00941	0.00886	0.01495	0.81285	0.03433	0.01107	0.01384	0.01274	0.00997	0.01274	0.00886	0.01329	0.00664	0.00498	0.00498	0.00166	0.00664	0.00443	0.00221	0.00554
38	0.00592	0.00505	0.00509	0.00508	0.00675	0.00422	0.00381	0.00720	0.01142	0.01361	0.06707	0.04773	0.77504	0.01257	0.00589	0.00168	0.00252	0.01049	0.00465	0.00422
39	0.02236	0.00848	0.01157	0.00887	0.01272	0.00733	0.00733	0.02429	0.01427	0.79719	0.01966	0.01697	0.01234	0.00617	0.00501	0.00154	0.00424	0.00501	0.00617	0.00848
40	0.00696	0.00509	0.00653	0.00617	0.00739	0.00466	0.00463	0.00922	0.01389	0.01946	0.73117	0.03810	0.10729	0.01039	0.00588	0.00158	0.00237	0.00914	0.00542	0.00466
41	0.01873	0.01250	0.01319	0.01054	0.01414	0.07631	0.00854	0.37171	0.13188	0.25167	0.01537	0.02852	0.01087	0.00625	0.00499	0.00153	0.00513	0.00488	0.00514	0.00810
42	0.02220	0.00874	0.01173	0.00899	0.01285	0.00771	0.00743	0.06028	0.01470	0.76058	0.01930	0.01673	0.01215	0.00616	0.00501	0.00154	0.00430	0.00499	0.00611	0.00848
43	0.00783	0.00567	0.00774	0.00878	0.00998	0.00559	0.00762	0.01002	0.01146	0.01478	0.02872	0.05543	0.10237	0.01366	0.00679	0.00224	0.00439	0.68779	0.00459	0.00455
44	0.00941	0.00886	0.01495	0.81285	0.03433	0.01107	0.01384	0.01274	0.00997	0.01274	0.00886	0.01329	0.00664	0.00498	0.00498	0.00166	0.00664	0.00443	0.00221	0.00554
45	0.01862	0.02376	0.01413	0.01284	0.01541	0.80482	0.00963	0.01990	0.01413	0.01220	0.00770	0.00899	0.00642	0.00514	0.00449	0.00128	0.00899	0.00321	0.00257	0.00578
46	0.00645	0.00461	0.00622	0.00738	0.00783	0.00438	0.00529	0.00760	0.00992	0.01315	0.02726	0.67262	0.03213	0.01526	0.00646	0.00208	0.00322	0.15936	0.00462	0.00415
47	0.01091	0.01091	0.01527	0.01309	0.01309	0.01527	0.01091	0.01200	0.00763	0.01200	0.00654	0.01091	0.00654	0.00872	0.01636	0.00218	0.81570	0.00436	0.00218	0.00545
48	0.01034	0.00886	0.01034	0.00738	0.01181	0.00664	0.00591	0.01255	0.01034	0.01624	0.00886	0.01034	0.00738	0.00369	0.00369	0.00074	0.00369	0.00295	0.00295	0.85530
49	0.01000	0.02578	0.79900	0.01421	0.02157	0.01158	0.01842	0.01579	0.01052	0.01579	0.00895	0.01052	0.00631	0.00474	0.00474	0.00158	0.00737	0.00368	0.00210	0.00737
50	0.00677	0.00487	0.00654	0.00754	0.00822	0.00465	0.00569	0.00822	0.01058	0.01401	0.08579	0.48731	0.06120	0.01450	0.00648	0.00206	0.00338	0.25323	0.00468	0.00428
51	0.00682	0.00509	0.00634	0.00603	0.00731	0.00461	0.00452	0.00896	0.01357	0.01870	0.64480	0.03935	0.19414	0.01067	0.00588	0.00159	0.00239	0.00931	0.00532	0.00461
52	0.01092	0.03474	0.64750	0.01303	0.01956	0.01099	0.01614	0.01644	0.04268	0.07804	0.02493	0.01327	0.03916	0.00533	0.00481	0.00158	0.00667	0.00422	0.00271	0.00729
53	0.01933	0.01357	0.01456	0.01121	0.01515	0.03262	0.00924	0.67498	0.02219	0.11723	0.01274	0.01246	0.00886	0.00599	0.00498	0.00150	0.00543	0.00452	0.00506	0.00842
54	0.00685	0.00509	0.00638	0.00606	0.00732	0.00462	0.00454	0.00901	0.01363	0.01884	0.66097	0.03912	0.17788	0.01062	0.00588	0.00159	0.00238	0.00928	0.00534	0.00462
55	0.01173	0.01335	0.02888	0.02071	0.02556	0.01271	0.74686	0.01582	0.01161	0.01582	0.00995	0.01335	0.00752	0.00437	0.00628	0.00170	0.03877	0.00583	0.00251	0.00667
56	0.01400	0.01159	0.01606	0.36995	0.02470	0.01322	0.07340	0.36121	0.02976	0.02164	0.01057	0.01279	0.00770	0.00541	0.00506	0.00159	0.00621	0.00459	0.00355	0.00701
57	0.01213	0.01163	0.01986	0.08600	0.73994	0.01179	0.01519	0.01512	0.01125	0.01603	0.00934	0.01240	0.00781	0.00448	0.00494	0.00149	0.00597	0.00444	0.00245	0.00773
58	0.02236	0.00848	0.01157	0.00887	0.01272	0.00733	0.00733	0.02429	0.01427	0.79719	0.01966	0.01697	0.01234	0.00617	0.00501	0.00154	0.00424	0.00501	0.00617	0.00848
59	0.00628	0.00456	0.00600	0.00696	0.00745	0.00417	0.00469	0.00721	0.00958	0.01289	0.02657	0.78221	0.03173	0.01504	0.00623	0.00196	0.00293	0.01363	0.00455	0.04536
60	0.00720	0.00502	0.00637	0.00637	0.00670	0.00534	0.00419	0.00785	0.00753	0.01036	0.01485	0.02788	0.01606	0.53861	0.30878	0.00599	0.00793	0.00656	0.00289	0.00354
61	0.01870	0.01384	0.01482	0.01142	0.01536	0.01534	0.00941	0.74888	0.05207	0.03102	0.01228	0.01222	0.00873	0.00601	0.00499	0.00150	0.00543	0.00453	0.00499	0.00845
62	0.00871	0.00702	0.00948	0.01069	0.13438	0.00696	0.00684	0.02553	0.10864	0.01941	0.52447	0.03099	0.06923	0.00888	0.00561	0.00157	0.00318	0.00785	0.00490	0.00565
63	0.04400	0.01142	0.01915	0.01415	0.01843	0.05001	0.33517	0.02000	0.01294	0.38540	0.01437	0.01466	0.00969	0.00518	0.00527	0.00157	0.00623	0.00518	0.00427	0.02290
64	0.01000	0.02578	0.79900	0.01421	0.02157	0.01158	0.01842	0.01579	0.01052	0.01579	0.00895	0.01052	0.00631	0.00474	0.00474	0.00158	0.00737	0.00368	0.00210	0.00737
65	0.01000	0.02578	0.79900	0.01421	0.02157	0.01158	0.01842	0.01579	0.01052	0.01579	0.00895	0.01052	0.00631	0.00474	0.00474	0.00158	0.00737	0.00368	0.00210	0.00737
66	0.01138	0.35916	0.47774	0.01185	0.01792	0.01496	0.01431	0.01543	0.01036	0.01410	0.00811	0.00947	0.00635	0.00454	0.00410	0.00137	0.00652	0.00326	0.00212	0.00696
67	0.00610	0.00453	0.00568	0.00658	0.00718	0.00414	0.00451	0.00708	0.00994	0.01289	0.03211	0.62549	0.19271	0.02814	0.00659	0.00201	0.00289	0.03276	0.00460	0.00408
68	0.00607	0.00434	0.00578	0.00694	0.00723	0.00405	0.00463	0.00694	0.00954	0.01272	0.02747	0.82157	0.03297	0.01562	0.00636	0.00202	0.00289	0.01417	0.00463	0.00405
69	0.62923	0.00971	0.00870	0.00738	0.01067	0.01073	0.00608	0.06557	0.02409	0.17290	0.00996	0.01024	0.00711	0.00505	0.00361	0.00154	0.00404	0.00331	0.00384	0.00624
70	0.01333	0.01216	0.01173	0.01047	0.01332	0.09117	0.00814	0.06171	0.67188	0.02050	0.01864	0.01733	0.01402	0.00656	0.00501	0.00164	0.00452	0.00534	0.00482	0.00771
71	0.00598	0.00504	0.00519	0.00518	0.00680	0.00424	0.00387	0.00732	0.01154	0.01395	0.10616	0.06129	0.72145	0.01249	0.00590	0.00168	0.00252	0.01047	0.00469	0.00424
72	0.01266	0.01195	0.01998	0.02967	0.75597	0.01202	0.01501	0.05226	0.01194	0.01702	0.00950	0.01232	0.00792	0.00452	0.00494	0.00148	0.00590	0.00444	0.00259	0.00792
73	0.01911	0.01371	0.01480	0.01135	0.01533	0.01508	0.00937	0.74229	0.02301	0.06684	0.01232	0.01220	0.00866	0.00599	0.00499	0.00150	0.00543	0.00451	0.00504	0.00848
74	0.01589	0.01491	0.01308	0.01121	0.01431	0.20930	0.00879	0.24882	0.36699	0.02186	0.01469	0.01424	0.01103	0.00613	0.00490	0.00153	0.00565	0.00469	0.00443	0.00754
75	0.01156	0.23847	0.53385	0.01249	0.01877	0.01404	0.01511	0.07318	0.01140	0.01589	0.00864	0.00996	0.00650	0.00470	0.00435	0.00144	0.00668	0.00347	0.00233	0.00719
76	0.01526	0.01497	0.01668	0.01406	0.05254	0.24922	0.18200	0.11176	0.11339	0.08433	0.06889	0.02997	0.01210	0.00586	0.00514	0.00152	0.00663	0.00512	0.00373	0.00681
77	0.01043	0.00895	0.01038	0.00751	0.01187	0.00692	0.00600	0.01322	0.04735	0.01646	0.00941	0.01073	0.00776	0.00384	0.00376	0.00078	0.00370	0.00308	0.00305	0.81479
78	0.01282	0.01171	0.01620	0.02096	0.42148	0.02646	0.01188	0.06014	0.32627	0.01887	0.01392	0.01480	0.01087	0.00548	0.00499	0.00156	0.00515	0.00491	0.00366	0.00789
79	0.00720	0.04669	0.09735	0.00846	0.01012	0.00615	0.04706	0.00890	0.01004	0.01339	0.03652	0.56608	0.08443	0.01291	0.00597	0.00188	0.00380	0.02423	0.00412	0.00471
80	0.01014	0.06130	0.76477	0.01396	0.02118	0.01194	0.01798	0.01575	0.01051	0.01561	0.00886	0.01041	0.00632	0.00471	0.00467	0.00156	0.00728	0.00364	0.00211	0.00732
81	0.01174	0.01112	0.01872	0.01449	0.01785	0.01152	0.34289	0.01882	0.29025	0.04430	0.01504	0.04726	0.01225	0.07225	0.00766	0.00197	0.04533	0.00611	0.00367	0.00674
82	0.00725	0.00483	0.00544	0.00544	0.00544	0.00483	0.00302	0.00725	0.00725	0.00966	0.01571	0.03262	0.01812	0.82483	0.02537	0.00483	0.00483	0.00725	0.00302	0.00302
83	0.01198	0.01397	0.06042	0.02035	0.02544	0.01268	0.71400	0.04632	0.01218	0.01658	0.01011	0.01327	0.00755	0.00429	0.00580	0.00167	0.00824	0.00574	0.00260	0.00682
84	0.01069	0.14586	0.61278	0.01442	0.05790	0.01286	0.04784	0.01564	0.01055	0.01520	0.00871	0.01035	0.00645	0.00463	0.00456	0.00150	0.00703	0.00366	0.00214	0.00722
85	0.00607	0.00434	0.00578	0.00694	0.00723	0.00405	0.00463	0.00694	0.00954	0.01272	0.02747	0.82157	0.03297	0.01562	0.00636	0.00202	0.00289	0.01417	0.00463	0.00405
86	0.00607	0.00434	0.00578	0.00694	0.00723	0.00405	0.00463	0.00694	0.00954	0.01272	0.02747	0.82157	0.03297	0.01562	0.00636	0.00202	0.00289	0.01417	0.00463	0.00405
87	0.01414	0.42911	0.07994	0.00999	0.01377	0.18051	0.00921	0.01738	0.09841	0.04955	0.01032	0.04890	0.00893	0.00539	0.00403	0.00129	0.00593	0.00385	0.00286	0.00650
88	0.01234	0.01184	0.02023	0.03059	0.79373	0.01184	0.01530	0.01530	0.01135	0.01628	0.00938	0.01234	0.00790	0.00444	0.00493	0.00148	0.00592	0.00444	0.00247	0.00790
89	0.01798	0.02269	0.01422	0.01286	0.01522	0.73926	0.00974	0.01925	0.01359	0.01218	0.00761	0.00915	0.00643	0.00543	0.00548	0.00136	0.07597	0.00331	0.00254	0.00575
90	0.02048	0.01055	0.01275	0.00983	0.01370	0.01046	0.00810	0.29370	0.05312	0.47415	0.01676	0.01514	0.01101	0.00609	0.00498	0.00152	0.00466	0.00482	0.00564	0.02254
91	0.09671	0.01257	0.01332	0.01070	0.01418	0.01418	0.00873	0.48539	0.20102	0.04115	0.01339	0.01322	0.00977	0.00615	0.00525	0.00157	0.03542	0.00459	0.00474	0.00793
92	0.00751	0.00582	0.00693	0.00654	0.00803	0.00561	0.00494	0.01117	0.11622	0.01862	0.52079	0.04997	0.19830	0.01033	0.00578	0.00162	0.00261	0.00896	0.00524	0.00501
93	0.00725	0.00483	0.00544	0.00544	0.00544	0.00483	0.00302	0.00725	0.00725	0.00966	0.01571	0.03262	0.01812	0.82483	0.02537	0.00483	0.00483	0.00725	0.00302	0.00302
94	0.00730	0.00560	0.00835	0.00825	0.00909	0.00665	0.00645	0.00904	0.00799	0.01159	0.01304	0.01918	0.01219	0.03606	0.76859	0.00774	0.05047	0.00530	0.00265	0.00450
95	0.02609	0.01016	0.01288	0.01074	0.01231	0.05145	0.06614	0.09854	0.01104	0.03090	0.01054	0.01339	0.00874	0.00746	0.02705	0.00180	0.33026	0.00446	0.22837	0.03769
96	0.02168	0.00957	0.01224	0.00939	0.01327	0.00894	0.00775	0.17402	0.01609	0.64489	0.01813	0.01597	0.01157	0.00613	0.00501	0.00153	0.00449	0.00491	0.00593	0.00848
97	0.00941	0.00886	0.01495	0.81285	0.03433	0.01107	0.01384	0.01274	0.00997	0.01274	0.00886	0.01329	0.00664	0.00498	0.00498	0.00166	0.00664	0.00443	0.00221	0.00554
98	0.01240	0.01071	0.01127	0.01014	0.01296	0.01240	0.00789	0.02649	0.78473	0.02085	0.02029	0.01860	0.01522	0.00676	0.00507	0.00169	0.00394	0.00564	0.00507	0.00789
99	0.04337	0.00871	0.01129	0.00858	0.01253	0.00749	0.00705	0.03900	0.01356	0.60789	0.01706	0.01533	0.01110	0.00565	0.00470	0.00139	0.00415	0.00454	0.00544	0.17117
100	0.01234	0.01184	0.02023	0.03059	0.79373	0.01184	0.01530	0.01530	0.01135	0.01628	0.00938	0.01234	0.00790	0.00444	0.00493	0.00148	0.00592	0.00444	0.00247	0.00790
101	0.01784	0.01336	0.01359	0.01077	0.01432	0.08415	0.00877	0.52554	0.04836	0.10927	0.01574	0.01537	0.07230	0.00654	0.00522	0.00152	0.01974	0.00496	0.00482	0.00782
102	0.00607	0.00434	0.00578	0.00694	0.00723	0.00405	0.00463	0.00694	0.00954	0.01272	0.02747	0.82157	0.03297	0.01562	0.00636	0.00202	0.00289	0.01417	0.00463	0.00405
103	0.01024	0.01052	0.05288	0.04410	0.07921	0.01068	0.21560	0.04871	0.01047	0.01457	0.01348	0.16572	0.01361	0.07782	0.00973	0.00211	0.18100	0.03079	0.00303	0.00573
104	0.03695	0.02053	0.01297	0.01173	0.01430	0.64426	0.00886	0.01954	0.05058	0.05462	0.01067	0.01153	0.03233	0.00553	0.00451	0.00133	0.00787	0.00371	0.04227	0.00591
105	0.01091	0.01091	0.01527	0.01309	0.01309	0.01527	0.01091	0.01200	0.00763	0.01200	0.00654	0.01091	0.00654	0.00872	0.01636	0.00218	0.81570	0.00436	0.00218	0.00545
106	0.00866	0.00433	0.00649	0.00649	0.00649	0.00433	0.00433	0.00649	0.00649	0.00866	0.00866	0.01515	0.00866	0.01732	0.01948	0.85498	0.00433	0.00433	0.00216	0.00216
107	0.00988	0.01311	0.15850	0.01497	0.01881	0.03947	0.36417	0.01318	0.01092	0.01475	0.01538	0.27229	0.01546	0.00800	0.00578	0.00176	0.00647	0.00805	0.00312	0.00594
108	0.00691	0.00473	0.00638	0.00739	0.00795	0.00446	0.00533	0.00810	0.01014	0.03522	0.04604	0.63999	0.03196	0.01488	0.00641	0.00205	0.00323	0.14987	0.00468	0.00429
109	0.00744	0.00531	0.00735	0.00850	0.00939	0.00523	0.00700	0.00930	0.01089	0.01425	0.02672	0.28810	0.02998	0.01433	0.00673	0.00221	0.00408	0.53417	0.00460	0.00443
110	0.01250	0.01151	0.01954	0.08581	0.71064	0.01162	0.01490	0.01544	0.01136	0.04474	0.00972	0.01257	0.00797	0.00454	0.00494	0.00150	0.00591	0.00446	0.00259	0.00775
111	0.01176	0.01345	0.02941	0.02101	0.02605	0.01261	0.77563	0.01597	0.01176	0.01597	0.01008	0.01345	0.00756	0.00420	0.00588	0.00168	0.00840	0.00588	0.00252	0.00672
112	0.00713	0.00531	0.00787	0.00787	0.00872	0.00616	0.00606	0.00881	0.00797	0.01147	0.01348	0.02027	0.01276	0.07895	0.76392	0.00784	0.01290	0.00544	0.00269	0.00437
113	0.01564	0.01229	0.01601	0.01240	0.01607	0.01313	0.14855	0.47447	0.06159	0.02568	0.01357	0.01662	0.01062	0.00630	0.00518	0.00158	0.00561	0.06426	0.07293	0.00751
114	0.00607	0.00434	0.00578	0.00694	0.00723	0.00405	0.00463	0.00694	0.00954	0.01272	0.02747	0.82157	0.03297	0.01562	0.00636	0.00202	0.00289	0.01417	0.00463	0.00405
115	0.00607	0.00434	0.00578	0.00694	0.00723	0.00405	0.00463	0.00694	0.00954	0.01272	0.02747	0.82157	0.03297	0.01562	0.00636	0.00202	0.00289	0.01417	0.00463	0.00405
116	0.01235	0.01062	0.01120	0.00833	0.01254	0.07224	0.00665	0.09905	0.01223	0.04238	0.00946	0.01062	0.00758	0.00414	0.00394	0.00089	0.00434	0.00321	0.00325	0.66496
117	0.01333	0.82783	0.02612	0.00853	0.01279	0.01972	0.00853	0.01493	0.01013	0.01173	0.00693	0.00800	0.00640	0.00426	0.00320	0.00107	0.00533	0.00267	0.00213	0.00640
118	0.01168	0.01330	0.02901	0.02075	0.02572	0.01247	0.76201	0.01585	0.01181	0.01604	0.02388	0.01387	0.00826	0.00431	0.00588	0.00168	0.00830	0.00594	0.00257	0.00669

[dist]
# distance from previous block
# <min> <max>
7	19

[block]
# block no. 5 follows, 50 sequences, length 16
# corresponding to MSA columns:
# 495-510
name=unknown_F
#
# <colnr> <probs for GDERKNQSTAVLIFYWHMCP>
#	G	D	E	R	K	N	Q	S	T	A	V	L	I	F	Y	W	H	M	C	P
0	0.00896	0.00793	0.00840	0.00757	0.01000	0.06769	0.00585	0.01065	0.01079	0.01449	0.02241	0.20450	0.14807	0.00939	0.00517	0.00145	0.00385	0.11312	0.00381	0.33592
1	0.00705	0.00577	0.00849	0.00817	0.00949	0.00517	0.07976	0.00842	0.01002	0.01348	0.02611	0.58205	0.10269	0.01297	0.00599	0.00182	0.00348	0.01183	0.00425	0.09298
2	0.01819	0.01436	0.01448	0.01143	0.01518	0.07660	0.00931	0.63448	0.10755	0.02874	0.01256	0.01247	0.00907	0.00600	0.00496	0.00150	0.00559	0.00452	0.00481	0.00820
3	0.00725	0.00483	0.00544	0.00544	0.00544	0.00483	0.00302	0.00725	0.00725	0.00966	0.01571	0.03262	0.01812	0.82483	0.02537	0.00483	0.00483	0.00725	0.00302	0.00302
4	0.01895	0.01396	0.01496	0.01147	0.01546	0.01546	0.00947	0.77711	0.02344	0.03141	0.01197	0.01197	0.00848	0.00598	0.00499	0.00150	0.00548	0.00449	0.00499	0.00848
5	0.01297	0.74317	0.10770	0.00913	0.01372	0.01886	0.00957	0.01502	0.01017	0.01216	0.00714	0.00826	0.00639	0.00431	0.00336	0.00112	0.00555	0.00277	0.00213	0.00650
6	0.01807	0.00827	0.01193	0.00940	0.01261	0.00757	0.06660	0.02044	0.04458	0.54569	0.01794	0.01877	0.01276	0.10215	0.07739	0.00250	0.00542	0.00539	0.00517	0.00735
7	0.01000	0.02578	0.79900	0.01421	0.02157	0.01158	0.01842	0.01579	0.01052	0.01579	0.00895	0.01052	0.00631	0.00474	0.00474	0.00158	0.00737	0.00368	0.00210	0.00737
8	0.01255	0.64157	0.20560	0.00985	0.01483	0.01783	0.01082	0.01513	0.01022	0.01267	0.00740	0.00858	0.00638	0.00437	0.00356	0.00119	0.00580	0.00290	0.00213	0.00662
9	0.00945	0.00891	0.01527	0.01376	0.07532	0.00892	0.24180	0.01364	0.13558	0.01529	0.01904	0.36044	0.01969	0.00964	0.00616	0.00183	0.02639	0.00924	0.00382	0.00582
10	0.00629	0.00497	0.00572	0.00610	0.00735	0.00440	0.00458	0.00767	0.01116	0.01398	0.09997	0.23262	0.45867	0.01329	0.00612	0.00183	0.00285	0.10349	0.00469	0.00426
11	0.01263	0.01398	0.00982	0.00935	0.01072	0.39248	0.00664	0.01353	0.01131	0.01190	0.05041	0.11751	0.01592	0.26786	0.01150	0.00255	0.00649	0.02762	0.00316	0.00461
12	0.01242	0.60977	0.23624	0.01007	0.01518	0.01751	0.01122	0.01516	0.01024	0.01283	0.00748	0.00868	0.00637	0.00439	0.00362	0.00121	0.00588	0.00294	0.00212	0.00666
13	0.07734	0.01413	0.01462	0.01188	0.01484	0.21169	0.07513	0.14118	0.01397	0.22205	0.01148	0.01220	0.00835	0.00603	0.00671	0.00159	0.14173	0.00428	0.00387	0.00692
14	0.01153	0.39619	0.44206	0.01158	0.01752	0.01534	0.01385	0.01539	0.01034	0.01391	0.00801	0.00936	0.00635	0.00452	0.00403	0.00134	0.00643	0.00321	0.00212	0.00692
15	0.00613	0.00448	0.00577	0.00667	0.00719	0.00412	0.00454	0.00716	0.01011	0.01338	0.08983	0.67198	0.12061	0.01485	0.00627	0.00195	0.00281	0.01335	0.00469	0.00412

[dist]
# distance from previous block
# <min> <max>
0	1

[block]
# block no. 6 follows, 50 sequences, length 44
# corresponding to MSA columns:
# 512-555
name=unknown_G
#
# <colnr> <probs for GDERKNQSTAVLIFYWHMCP>
#	G	D	E	R	K	N	Q	S	T	A	V	L	I	F	Y	W	H	M	C	P
0	0.05487	0.01496	0.01268	0.01088	0.01376	0.33538	0.03009	0.02026	0.07155	0.26414	0.03138	0.01564	0.02888	0.00628	0.00533	0.00151	0.04022	0.03139	0.00410	0.00669
1	0.01074	0.22347	0.58673	0.01259	0.01902	0.01341	0.01560	0.01540	0.01052	0.01489	0.02942	0.01061	0.00743	0.00477	0.00439	0.00145	0.00673	0.00357	0.00220	0.00706
2	0.01159	0.01078	0.01628	0.01204	0.01618	0.02702	0.22635	0.01547	0.08858	0.04388	0.01059	0.01229	0.00833	0.00454	0.00522	0.00122	0.04986	0.00421	0.00311	0.43247
3	0.00971	0.00916	0.01548	0.73426	0.11062	0.01115	0.01399	0.01299	0.01011	0.01309	0.00891	0.01319	0.00677	0.00493	0.00498	0.00164	0.00657	0.00443	0.00224	0.00577
4	0.01363	0.78216	0.02544	0.00877	0.01294	0.06431	0.00859	0.01521	0.01035	0.01175	0.00697	0.00805	0.00640	0.00431	0.00327	0.00108	0.00554	0.00270	0.00216	0.00636
5	0.01033	0.10636	0.72135	0.01364	0.02069	0.01239	0.01742	0.01570	0.01048	0.01538	0.00874	0.01027	0.00632	0.00469	0.00458	0.00153	0.00716	0.00358	0.00211	0.00727
6	0.01885	0.00941	0.01221	0.00959	0.01292	0.00929	0.00789	0.08082	0.05821	0.51330	0.01631	0.01523	0.01095	0.00631	0.00645	0.00156	0.11564	0.00473	0.00517	0.08513
7	0.00621	0.00452	0.00616	0.04011	0.00834	0.00434	0.00501	0.00718	0.00956	0.01272	0.02671	0.78831	0.03188	0.01518	0.00631	0.00201	0.00305	0.01377	0.00453	0.00411
8	0.01032	0.10322	0.72438	0.01366	0.02073	0.01236	0.01746	0.01570	0.01049	0.01539	0.00875	0.01028	0.00632	0.00469	0.00459	0.00153	0.00717	0.00358	0.00211	0.00727
9	0.00803	0.00656	0.00735	0.00744	0.00911	0.00663	0.00577	0.01282	0.21669	0.01556	0.03442	0.16870	0.32571	0.01176	0.00593	0.00185	0.00333	0.14239	0.00474	0.00523
10	0.01000	0.02578	0.79900	0.01421	0.02157	0.01158	0.01842	0.01579	0.01052	0.01579	0.00895	0.01052	0.00631	0.00474	0.00474	0.00158	0.00737	0.00368	0.00210	0.00737
11	0.00713	0.00562	0.00817	0.16953	0.02746	0.00590	0.00699	0.00891	0.02578	0.01312	0.02317	0.57175	0.02654	0.01296	0.00607	0.00195	0.00385	0.06646	0.00411	0.00454
12	0.05075	0.02356	0.01164	0.00896	0.01264	0.00831	0.00739	0.03743	0.09185	0.64692	0.01904	0.01737	0.01254	0.00629	0.00496	0.00156	0.00425	0.02051	0.00582	0.00819
13	0.00607	0.00434	0.00578	0.00694	0.00723	0.00405	0.00463	0.00694	0.00954	0.01272	0.02747	0.82157	0.03297	0.01562	0.00636	0.00202	0.00289	0.01417	0.00463	0.00405
14	0.02027	0.00907	0.01140	0.00898	0.01260	0.02335	0.00734	0.06075	0.08753	0.62756	0.02081	0.01842	0.05518	0.00655	0.00506	0.00156	0.00427	0.00531	0.00585	0.00814
15	0.01333	0.82783	0.02612	0.00853	0.01279	0.01972	0.00853	0.01493	0.01013	0.01173	0.00693	0.00800	0.00640	0.00426	0.00320	0.00107	0.00533	0.00267	0.00213	0.00640
16	0.00941	0.00886	0.01495	0.81285	0.03433	0.01107	0.01384	0.01274	0.00997	0.01274	0.00886	0.01329	0.00664	0.00498	0.00498	0.00166	0.00664	0.00443	0.00221	0.00554
17	0.01115	0.01100	0.01980	0.32001	0.38292	0.01168	0.14182	0.01446	0.01090	0.01491	0.00930	0.01288	0.00737	0.00460	0.00511	0.00158	0.00661	0.00468	0.00238	0.00682
18	0.01747	0.01914	0.01378	0.01194	0.01465	0.49611	0.00921	0.22273	0.01597	0.01732	0.01061	0.01211	0.03543	0.03475	0.00600	0.00153	0.04761	0.00402	0.00329	0.00634
19	0.01234	0.01184	0.02023	0.03059	0.79373	0.01184	0.01530	0.01530	0.01135	0.01628	0.00938	0.01234	0.00790	0.00444	0.00493	0.00148	0.00592	0.00444	0.00247	0.00790
20	0.01065	0.01012	0.01718	0.48210	0.35542	0.01140	0.01446	0.01382	0.01055	0.01424	0.00908	0.01289	0.00717	0.00475	0.00496	0.00158	0.00634	0.00443	0.00232	0.00653
21	0.01123	0.27038	0.54310	0.01244	0.01874	0.03442	0.01517	0.01563	0.01050	0.01446	0.00830	0.00971	0.00634	0.00460	0.00426	0.00141	0.00679	0.00336	0.00212	0.00703
22	0.00589	0.00505	0.00505	0.00505	0.00673	0.00421	0.00379	0.00715	0.01136	0.01347	0.05049	0.04797	0.79171	0.01262	0.00589	0.00168	0.00252	0.01052	0.00463	0.00421
23	0.00941	0.00886	0.01495	0.81285	0.03433	0.01107	0.01384	0.01274	0.00997	0.01274	0.00886	0.01329	0.00664	0.00498	0.00498	0.00166	0.00664	0.00443	0.00221	0.00554
24	0.01001	0.00837	0.00966	0.00915	0.01042	0.03727	0.00692	0.10445	0.14983	0.01655	0.05439	0.36721	0.02196	0.02551	0.02174	0.00203	0.12558	0.00911	0.00429	0.00556
25	0.00606	0.00441	0.00571	0.00676	0.00718	0.00406	0.00455	0.00696	0.00972	0.01280	0.02970	0.74688	0.10623	0.01533	0.00632	0.00199	0.00286	0.01382	0.00463	0.00406
26	0.01000	0.02578	0.79900	0.01421	0.02157	0.01158	0.01842	0.01579	0.01052	0.01579	0.00895	0.01052	0.00631	0.00474	0.00474	0.00158	0.00737	0.00368	0.00210	0.00737
27	0.01862	0.02376	0.01413	0.01284	0.01541	0.80482	0.00963	0.01990	0.01413	0.01220	0.00770	0.00899	0.00642	0.00514	0.00449	0.00128	0.00899	0.00321	0.00257	0.00578
28	0.01000	0.02578	0.79900	0.01421	0.02157	0.01158	0.01842	0.01579	0.01052	0.01579	0.00895	0.01052	0.00631	0.00474	0.00474	0.00158	0.00737	0.00368	0.00210	0.00737
29	0.00607	0.00434	0.00578	0.00694	0.00723	0.00405	0.00463	0.00694	0.00954	0.01272	0.02747	0.82157	0.03297	0.01562	0.00636	0.00202	0.00289	0.01417	0.00463	0.00405
