[name]
unknown

[dist]
# distance from previous block
# <min> <max>
2	491

[block]
# block no. 0 follows, 41 sequences, length 44
# corresponding to MSA columns:
# 653-696
name=unknown_A
#
# <colnr> <probs for GDERKNQSTAVLIFYWHMCP>
#	G	D	E	R	K	N	Q	S	T	A	V	L	I	F	Y	W	H	M	C	P
0	0.69127	0.01103	0.00925	0.04245	0.01254	0.01272	0.00683	0.06996	0.01121	0.02567	0.00915	0.01063	0.00704	0.00553	0.00383	0.00175	0.00460	0.00347	0.05466	0.00641
1	0.00817	0.00613	0.00919	0.00919	0.01021	0.00715	0.00715	0.01021	0.00919	0.01328	0.01532	0.02247	0.01430	0.04290	0.77631	0.00919	0.01532	0.00613	0.00306	0.00511
2	0.00832	0.00555	0.00624	0.00624	0.00624	0.00555	0.00347	0.00832	0.00832	0.01109	0.01802	0.03743	0.02080	0.79898	0.02911	0.00555	0.00555	0.00832	0.00347	0.00347
3	0.02174	0.01602	0.01717	0.01316	0.01774	0.01774	0.01087	0.74423	0.02689	0.03605	0.01373	0.01373	0.00973	0.00687	0.00572	0.00172	0.00629	0.00515	0.00572	0.00973
4	0.00772	0.00539	0.00691	0.00783	0.00821	0.00521	0.00534	0.00866	0.01049	0.01392	0.02726	0.45603	0.03194	0.25366	0.01398	0.00334	0.00429	0.12070	0.00475	0.00438
5	0.00696	0.00526	0.00643	0.00727	0.00813	0.00473	0.00502	0.00816	0.01181	0.01523	0.07175	0.53824	0.25710	0.01661	0.00711	0.00218	0.00316	0.01473	0.00535	0.00473
6	0.02145	0.02491	0.01641	0.01441	0.01769	0.61752	0.01101	0.17363	0.01844	0.01861	0.00986	0.01103	0.00786	0.00610	0.00528	0.00152	0.00947	0.00399	0.00353	0.00728
7	0.01371	0.48157	0.33693	0.01249	0.01886	0.01875	0.01450	0.01754	0.01181	0.01539	0.00891	0.01038	0.00730	0.00512	0.00440	0.00147	0.00709	0.00354	0.00243	0.00780
8	0.01402	0.01345	0.02297	0.06525	0.73421	0.01355	0.01749	0.01744	0.01296	0.01852	0.01074	0.01420	0.00900	0.00512	0.00566	0.00171	0.00683	0.00510	0.00282	0.00895
9	0.83938	0.01106	0.00841	0.00752	0.01106	0.01283	0.00619	0.01681	0.00973	0.02566	0.00796	0.00929	0.00619	0.00531	0.00354	0.00177	0.00442	0.00310	0.00354	0.00619
10	0.01321	0.00695	0.00922	0.00897	0.01092	0.00638	0.00692	0.01533	0.03117	0.24324	0.07223	0.33816	0.07140	0.01350	0.00683	0.00214	0.00407	0.12700	0.00591	0.00644
11	0.01340	0.01012	0.01202	0.00866	0.01367	0.00771	0.00696	0.01591	0.01236	0.10213	0.01155	0.01271	0.00911	0.00455	0.00441	0.00095	0.00431	0.00365	0.00380	0.74203
12	0.01407	0.01210	0.01281	0.01160	0.01478	0.01398	0.00906	0.02980	0.72920	0.02371	0.02351	0.02273	0.01796	0.00802	0.00589	0.00196	0.00455	0.02954	0.00580	0.00893
13	0.02566	0.00973	0.01327	0.01018	0.01460	0.00841	0.00841	0.02788	0.01637	0.76726	0.02257	0.01947	0.01416	0.00708	0.00575	0.00177	0.00487	0.00575	0.00708	0.00973
14	0.01423	0.01229	0.01293	0.01164	0.01487	0.01423	0.00905	0.03039	0.75297	0.02393	0.02328	0.02134	0.01746	0.00776	0.00582	0.00194	0.00453	0.00647	0.00582	0.00905
15	0.01027	0.01020	0.01962	0.01525	0.01854	0.00948	0.35513	0.01348	0.01343	0.01813	0.17150	0.19893	0.10015	0.01010	0.00687	0.00199	0.00615	0.01013	0.00436	0.00627
16	0.00817	0.00613	0.00919	0.00919	0.01021	0.00715	0.00715	0.01021	0.00919	0.01328	0.01532	0.02247	0.01430	0.04290	0.77631	0.00919	0.01532	0.00613	0.00306	0.00511
17	0.22736	0.01290	0.01199	0.01068	0.01397	0.06438	0.00840	0.06194	0.44597	0.02429	0.04750	0.01798	0.01496	0.00712	0.00522	0.00185	0.00490	0.00550	0.00506	0.00804
18	0.01933	0.01482	0.01581	0.01267	0.01682	0.01661	0.01029	0.51505	0.26000	0.03216	0.01680	0.01618	0.01221	0.00715	0.00575	0.00179	0.00573	0.00557	0.00575	0.00951
19	0.00695	0.00523	0.00645	0.00736	0.00815	0.00472	0.00505	0.00813	0.01169	0.01511	0.06353	0.57112	0.23221	0.01679	0.00714	0.00220	0.00318	0.01494	0.00534	0.00472
20	0.00788	0.00600	0.00735	0.00748	0.00903	0.00547	0.00592	0.01011	0.01433	0.01885	0.33307	0.05235	0.30475	0.01368	0.00703	0.00204	0.00338	0.18042	0.00570	0.00516
21	0.01345	0.01528	0.03293	0.02365	0.02914	0.01462	0.70537	0.01809	0.01326	0.01809	0.01137	0.01528	0.00862	0.00509	0.00736	0.00196	0.04928	0.00666	0.00287	0.00764
22	0.00697	0.00498	0.00664	0.00796	0.00830	0.00465	0.00531	0.00796	0.01095	0.01460	0.03153	0.79525	0.03783	0.01792	0.00730	0.00232	0.00332	0.01626	0.00531	0.00465
23	0.00810	0.00585	0.00765	0.00720	0.00855	0.00540	0.00540	0.01079	0.01619	0.02294	0.76028	0.04273	0.05397	0.01169	0.00675	0.00180	0.00270	0.01034	0.00630	0.00540
24	0.01080	0.01017	0.01716	0.78523	0.03940	0.01271	0.01589	0.01461	0.01144	0.01461	0.01017	0.01525	0.00762	0.00572	0.00572	0.00191	0.00762	0.00508	0.00254	0.00635
25	0.01263	0.26316	0.54588	0.01433	0.02171	0.01611	0.01770	0.01782	0.01194	0.01671	0.00957	0.01120	0.00727	0.00527	0.00490	0.00163	0.00775	0.00387	0.00242	0.00812
26	0.01162	0.01176	0.02217	0.55520	0.03652	0.01324	0.23550	0.01573	0.01206	0.01573	0.01059	0.01530	0.00794	0.00545	0.00603	0.00191	0.00823	0.00559	0.00265	0.00677
27	0.00810	0.00585	0.00765	0.00720	0.00855	0.00540	0.00540	0.01079	0.01619	0.02294	0.76028	0.04273	0.05397	0.01169	0.00675	0.00180	0.00270	0.01034	0.00630	0.00540
28	0.00879	0.00621	0.00879	0.00869	0.00974	0.00719	0.00677	0.01092	0.00969	0.01478	0.01565	0.02190	0.01412	0.03503	0.60660	0.00750	0.04122	0.00594	0.15528	0.00519
29	0.01416	0.01359	0.02322	0.03511	0.76330	0.01359	0.01755	0.01755	0.01302	0.01869	0.01076	0.01416	0.00906	0.00510	0.00566	0.00170	0.00680	0.00510	0.00283	0.00906
30	0.00832	0.00555	0.00624	0.00624	0.00624	0.00555	0.00347	0.00832	0.00832	0.01109	0.01802	0.03743	0.02080	0.79898	0.02911	0.00555	0.00555	0.00832	0.00347	0.00347
31	0.01168	0.00647	0.00857	0.00812	0.00988	0.00585	0.00610	0.01371	0.01445	0.18755	0.32854	0.26593	0.06805	0.01275	0.00672	0.00198	0.00344	0.02799	0.00611	0.00612
32	0.02174	0.01602	0.01717	0.01316	0.01774	0.01774	0.01087	0.74423	0.02689	0.03605	0.01373	0.01373	0.00973	0.00687	0.00572	0.00172	0.00629	0.00515	0.00572	0.00973
33	0.00776	0.00558	0.00734	0.00743	0.00847	0.00517	0.00537	0.00994	0.01461	0.02042	0.54003	0.27016	0.04909	0.01358	0.00691	0.00196	0.00289	0.01213	0.00600	0.00517
34	0.01429	0.59900	0.22459	0.01150	0.01733	0.02017	0.01277	0.01739	0.01174	0.01468	0.00856	0.00994	0.00732	0.00504	0.00413	0.00138	0.00673	0.00337	0.00244	0.00763
35	0.02140	0.02619	0.01630	0.01459	0.01769	0.70352	0.01103	0.09181	0.01723	0.01611	0.00931	0.01064	0.00759	0.00599	0.00521	0.00150	0.00993	0.00382	0.00321	0.00693
36	0.00854	0.00610	0.00844	0.00976	0.01078	0.00600	0.00804	0.01068	0.01250	0.01636	0.03066	0.28537	0.03440	0.01644	0.00772	0.00254	0.00468	0.51066	0.00528	0.00508
37	0.01620	0.01132	0.01320	0.00973	0.01460	0.00987	0.00790	0.16952	0.01575	0.14523	0.01295	0.01350	0.00967	0.00525	0.00480	0.00118	0.00477	0.00415	0.00448	0.52591
38	0.02566	0.00973	0.01327	0.01018	0.01460	0.00841	0.00841	0.02788	0.01637	0.76726	0.02257	0.01947	0.01416	0.00708	0.00575	0.00177	0.00487	0.00575	0.00708	0.00973
39	0.00827	0.00572	0.00713	0.00713	0.00744	0.00603	0.00458	0.00889	0.00858	0.01175	0.01721	0.03291	0.01883	0.57047	0.25494	0.00665	0.00850	0.00766	0.00334	0.00396
40	0.01399	0.01185	0.01271	0.01158	0.01467	0.01359	0.00913	0.05312	0.65487	0.02367	0.02364	0.02535	0.01872	0.00852	0.00602	0.00200	0.00466	0.07742	0.00576	0.00870
41	0.01161	0.05826	0.74191	0.01606	0.02438	0.01363	0.02071	0.01808	0.01206	0.01794	0.01018	0.01197	0.00725	0.00541	0.00537	0.00179	0.00837	0.00418	0.00242	0.00841
42	0.02174	0.01602	0.01717	0.01316	0.01774	0.01774	0.01087	0.74423	0.02689	0.03605	0.01373	0.01373	0.00973	0.00687	0.00572	0.00172	0.00629	0.00515	0.00572	0.00973
43	0.01640	0.01477	0.02237	0.01707	0.02076	0.01652	0.24305	0.29391	0.04277	0.02404	0.01171	0.01421	0.00907	0.00709	0.00955	0.00200	0.21695	0.00566	0.00397	0.00814

[dist]
# distance from previous block
# <min> <max>
2	25

[block]
# block no. 1 follows, 41 sequences, length 32
# corresponding to MSA columns:
# 724-755
name=unknown_B
#
# <colnr> <probs for GDERKNQSTAVLIFYWHMCP>
#	G	D	E	R	K	N	Q	S	T	A	V	L	I	F	Y	W	H	M	C	P
0	0.01328	0.01047	0.01008	0.00916	0.01125	0.09697	0.00676	0.06038	0.15202	0.09443	0.02604	0.03245	0.15367	0.25093	0.01312	0.00299	0.00538	0.03963	0.00478	0.00623
1	0.01794	0.01725	0.01947	0.02265	0.32406	0.18147	0.01376	0.24064	0.01768	0.02265	0.01104	0.01308	0.00879	0.00613	0.00642	0.00171	0.05818	0.00480	0.00372	0.00855
2	0.26861	0.01657	0.01545	0.01319	0.01567	0.23065	0.05958	0.04471	0.01216	0.01861	0.00853	0.01115	0.00723	0.00694	0.00895	0.00192	0.24625	0.00417	0.00309	0.00657
3	0.01183	0.01121	0.01901	0.55589	0.26073	0.01298	0.01640	0.01551	0.01192	0.01586	0.01035	0.01492	0.00806	0.00553	0.00570	0.00184	0.00737	0.00509	0.00263	0.00718
4	0.01408	0.01080	0.01243	0.00948	0.01410	0.00948	0.00757	0.04763	0.16776	0.09287	0.01425	0.01465	0.01095	0.00535	0.00477	0.00120	0.00444	0.00433	0.00435	0.54952
5	0.01313	0.01435	0.02773	0.02074	0.02438	0.01560	0.47191	0.01663	0.01174	0.01663	0.01007	0.01435	0.00825	0.00675	0.01121	0.00214	0.29837	0.00610	0.00275	0.00717
6	0.00817	0.00613	0.00919	0.00919	0.01021	0.00715	0.00715	0.01021	0.00919	0.01328	0.01532	0.02247	0.01430	0.04290	0.77631	0.00919	0.01532	0.00613	0.00306	0.00511
7	0.00812	0.00604	0.00760	0.00723	0.00871	0.00560	0.00547	0.01103	0.03622	0.02180	0.62482	0.04442	0.14590	0.01208	0.00676	0.00185	0.00285	0.03194	0.00612	0.00542
8	0.01416	0.01359	0.02322	0.03511	0.76330	0.01359	0.01755	0.01755	0.01302	0.01869	0.01076	0.01416	0.00906	0.00510	0.00566	0.00170	0.00680	0.00510	0.00283	0.00906
9	0.01772	0.01151	0.01304	0.01119	0.01479	0.01245	0.00886	0.02962	0.52776	0.25120	0.02306	0.02077	0.01645	0.00755	0.00580	0.00189	0.00463	0.00625	0.00621	0.00926
10	0.01423	0.01229	0.01293	0.01164	0.01487	0.01423	0.00905	0.03039	0.75297	0.02393	0.02328	0.02134	0.01746	0.00776	0.00582	0.00194	0.00453	0.00647	0.00582	0.00905
11	0.02566	0.00973	0.01327	0.01018	0.01460	0.00841	0.00841	0.02788	0.01637	0.76726	0.02257	0.01947	0.01416	0.00708	0.00575	0.00177	0.00487	0.00575	0.00708	0.00973
12	0.01183	0.01121	0.01901	0.55589	0.26073	0.01298	0.01640	0.01551	0.01192	0.01586	0.01035	0.01492	0.00806	0.00553	0.00570	0.00184	0.00737	0.00509	0.00263	0.00718
13	0.59059	0.01066	0.00989	0.00833	0.01214	0.01148	0.00687	0.02020	0.01176	0.25240	0.01243	0.01240	0.00863	0.00585	0.00422	0.00177	0.00456	0.00391	0.00462	0.00728
14	0.83938	0.01106	0.00841	0.00752	0.01106	0.01283	0.00619	0.01681	0.00973	0.02566	0.00796	0.00929	0.00619	0.00531	0.00354	0.00177	0.00442	0.00310	0.00354	0.00619
15	0.01350	0.01543	0.03375	0.02411	0.02989	0.01446	0.74253	0.01832	0.01350	0.01832	0.01157	0.01543	0.00868	0.00482	0.00675	0.00193	0.00964	0.00675	0.00289	0.00771
16	0.00810	0.00585	0.00765	0.00720	0.00855	0.00540	0.00540	0.01079	0.01619	0.02294	0.76028	0.04273	0.05397	0.01169	0.00675	0.00180	0.00270	0.01034	0.00630	0.00540
17	0.00827	0.00572	0.00714	0.00714	0.00745	0.00604	0.00459	0.00890	0.00859	0.01176	0.01720	0.03286	0.01881	0.56781	0.25757	0.00666	0.00853	0.00765	0.00334	0.00397
18	0.01154	0.01092	0.01849	0.62028	0.19858	0.01290	0.01625	0.01526	0.01179	0.01551	0.01030	0.01501	0.00794	0.00558	0.00571	0.00186	0.00744	0.00509	0.00261	0.00695
19	0.00697	0.00498	0.00664	0.00796	0.00830	0.00465	0.00531	0.00796	0.01095	0.01460	0.03153	0.79525	0.03783	0.01792	0.00730	0.00232	0.00332	0.01626	0.00531	0.00465
20	0.00697	0.00498	0.00664	0.00796	0.00830	0.00465	0.00531	0.00796	0.01095	0.01460	0.03153	0.79525	0.03783	0.01792	0.00730	0.00232	0.00332	0.01626	0.00531	0.00465
21	0.02566	0.00973	0.01327	0.01018	0.01460	0.00841	0.00841	0.02788	0.01637	0.76726	0.02257	0.01947	0.01416	0.00708	0.00575	0.00177	0.00487	0.00575	0.00708	0.00973
22	0.00810	0.00585	0.00765	0.00720	0.00855	0.00540	0.00540	0.01079	0.01619	0.02294	0.76028	0.04273	0.05397	0.01169	0.00675	0.00180	0.00270	0.01034	0.00630	0.00540
23	0.00824	0.00563	0.00677	0.00682	0.00702	0.00579	0.00418	0.00864	0.00857	0.01161	0.01805	0.06294	0.02028	0.63670	0.16001	0.00607	0.00719	0.00823	0.00346	0.00380
24	0.01209	0.02526	0.54444	0.01869	0.02633	0.01364	0.24170	0.01818	0.01251	0.01818	0.01066	0.01310	0.00768	0.00525	0.00584	0.00185	0.00882	0.00500	0.00256	0.00823
25	0.01529	0.80242	0.02997	0.00979	0.01468	0.02263	0.00979	0.01713	0.01162	0.01346	0.00795	0.00918	0.00734	0.00489	0.00367	0.00122	0.00612	0.00306	0.00245	0.00734
26	0.83938	0.01106	0.00841	0.00752	0.01106	0.01283	0.00619	0.01681	0.00973	0.02566	0.00796	0.00929	0.00619	0.00531	0.00354	0.00177	0.00442	0.00310	0.00354	0.00619
27	0.01450	0.25477	0.02528	0.02737	0.53441	0.01636	0.01518	0.01742	0.01260	0.01709	0.00990	0.01263	0.00853	0.00503	0.00505	0.00155	0.00659	0.00447	0.00271	0.00853
28	0.01320	0.01454	0.02879	0.02133	0.02535	0.01540	0.51933	0.01693	0.01205	0.01693	0.01033	0.01454	0.00832	0.00641	0.01043	0.00210	0.24778	0.00622	0.00277	0.00727
29	0.01309	0.18522	0.38765	0.02070	0.24847	0.01532	0.01768	0.01774	0.01227	0.01732	0.00994	0.01211	0.00782	0.00522	0.00514	0.00165	0.00746	0.00425	0.00255	0.00841
30	0.01625	0.01400	0.02038	0.01587	0.01904	0.03823	0.18208	0.16980	0.04390	0.09301	0.01199	0.01438	0.00932	0.00740	0.01045	0.00201	0.28021	0.00547	0.00389	0.04234
31	0.20003	0.01166	0.01432	0.01148	0.01515	0.01243	0.06506	0.12706	0.09702	0.24815	0.06151	0.01714	0.01360	0.00709	0.00650	0.00186	0.07114	0.00546	0.00521	0.00816

[dist]
# distance from previous block
# <min> <max>
10	22

[block]
# block no. 2 follows, 41 sequences, length 47
# corresponding to MSA columns:
# 783-805,836-859
name=unknown_C
#
# <colnr> <probs for GDERKNQSTAVLIFYWHMCP>
#	G	D	E	R	K	N	Q	S	T	A	V	L	I	F	Y	W	H	M	C	P
0	0.21348	0.01322	0.01730	0.02050	0.29679	0.03620	0.01261	0.07895	0.01256	0.04001	0.00981	0.01258	0.00814	0.00656	0.00832	0.00191	0.19551	0.00457	0.00328	0.00770
1	0.17701	0.06382	0.01722	0.01268	0.01680	0.07722	0.11011	0.19429	0.03702	0.12987	0.01331	0.03927	0.01021	0.00646	0.00563	0.00172	0.02872	0.00512	0.00445	0.04908
2	0.26830	0.01646	0.01400	0.06109	0.03782	0.21673	0.00988	0.18588	0.04041	0.04480	0.01117	0.01314	0.00874	0.00633	0.00528	0.00173	0.02606	0.02081	0.00399	0.00739
3	0.29688	0.01679	0.01338	0.01155	0.01478	0.23536	0.00915	0.20304	0.01598	0.02357	0.01093	0.05327	0.00922	0.00685	0.00573	0.00175	0.05606	0.00462	0.00395	0.00714
4	0.08476	0.01112	0.01178	0.01087	0.01285	0.10221	0.02874	0.03254	0.01423	0.02005	0.24388	0.02938	0.06620	0.02146	0.25789	0.00453	0.02826	0.00770	0.00489	0.00669
5	0.21121	0.00981	0.01149	0.01062	0.01251	0.01147	0.00884	0.06018	0.01213	0.05967	0.01972	0.06853	0.07190	0.01076	0.00927	0.00222	0.20601	0.19318	0.00427	0.00620
6	0.83938	0.01106	0.00841	0.00752	0.01106	0.01283	0.00619	0.01681	0.00973	0.02566	0.00796	0.00929	0.00619	0.00531	0.00354	0.00177	0.00442	0.00310	0.00354	0.00619
7	0.01080	0.01017	0.01716	0.78523	0.03940	0.01271	0.01589	0.01461	0.01144	0.01461	0.01017	0.01525	0.00762	0.00572	0.00572	0.00191	0.00762	0.00508	0.00254	0.00635
8	0.01178	0.09134	0.71027	0.01578	0.02395	0.01403	0.02023	0.01804	0.01204	0.01774	0.01008	0.01184	0.00725	0.00539	0.00529	0.00176	0.00827	0.00413	0.00242	0.00836
9	0.01416	0.01359	0.02322	0.03511	0.76330	0.01359	0.01755	0.01755	0.01302	0.01869	0.01076	0.01416	0.00906	0.00510	0.00566	0.00170	0.00680	0.00510	0.00283	0.00906
10	0.01159	0.05275	0.74719	0.01611	0.02445	0.01356	0.02079	0.01808	0.01206	0.01797	0.01020	0.01199	0.00725	0.00542	0.00538	0.00179	0.00838	0.00419	0.00242	0.00842
11	0.01288	0.01229	0.02092	0.31985	0.48851	0.01326	0.01692	0.01644	0.01242	0.01714	0.01053	0.01457	0.00852	0.00533	0.00568	0.00178	0.00711	0.00509	0.00272	0.00803
12	0.45536	0.01741	0.01218	0.01073	0.01418	0.28599	0.00845	0.10067	0.01397	0.02266	0.00893	0.01016	0.00701	0.00569	0.00436	0.00166	0.00674	0.00354	0.00357	0.00675
13	0.01182	0.01121	0.01900	0.55736	0.25930	0.01298	0.01639	0.01551	0.01192	0.01585	0.01035	0.01492	0.00806	0.00553	0.00570	0.00184	0.00737	0.00509	0.00263	0.00718
14	0.00817	0.00613	0.00919	0.00919	0.01021	0.00715	0.00715	0.01021	0.00919	0.01328	0.01532	0.02247	0.01430	0.04290	0.77631	0.00919	0.01532	0.00613	0.00306	0.00511
15	0.02566	0.00973	0.01327	0.01018	0.01460	0.00841	0.00841	0.02788	0.01637	0.76726	0.02257	0.01947	0.01416	0.00708	0.00575	0.00177	0.00487	0.00575	0.00708	0.00973
16	0.01350	0.01543	0.03375	0.02411	0.02989	0.01446	0.74253	0.01832	0.01350	0.01832	0.01157	0.01543	0.00868	0.00482	0.00675	0.00193	0.00964	0.00675	0.00289	0.00771
17	0.00697	0.00498	0.00664	0.00796	0.00830	0.00465	0.00531	0.00796	0.01095	0.01460	0.03153	0.79525	0.03783	0.01792	0.00730	0.00232	0.00332	0.01626	0.00531	0.00465
18	0.00704	0.00503	0.00672	0.00805	0.00841	0.00471	0.00544	0.00809	0.01102	0.01468	0.03148	0.77110	0.03767	0.01785	0.00732	0.00233	0.00338	0.03968	0.00531	0.00467
19	0.01952	0.26274	0.02039	0.01323	0.01677	0.54716	0.01067	0.02110	0.01482	0.01383	0.00857	0.00997	0.00736	0.00559	0.00471	0.00140	0.00904	0.00349	0.00280	0.00685
20	0.01272	0.28157	0.52827	0.01418	0.02147	0.01633	0.01743	0.01779	0.01193	0.01660	0.00951	0.01113	0.00728	0.00526	0.00486	0.00162	0.00769	0.00385	0.00243	0.00809
21	0.01923	0.02405	0.02097	0.01728	0.02100	0.56940	0.20951	0.02161	0.01547	0.01517	0.00958	0.01170	0.00772	0.00560	0.00559	0.00160	0.01013	0.00452	0.00293	0.00693
22	0.01080	0.01017	0.01716	0.78523	0.03940	0.01271	0.01589	0.01461	0.01144	0.01461	0.01017	0.01525	0.00762	0.00572	0.00572	0.00191	0.00762	0.00508	0.00254	0.00635
23	0.01350	0.01543	0.03375	0.02411	0.02989	0.01446	0.74253	0.01832	0.01350	0.01832	0.01157	0.01543	0.00868	0.00482	0.00675	0.00193	0.00964	0.00675	0.00289	0.00771
24	0.00869	0.00688	0.00795	0.00749	0.00933	0.00666	0.00567	0.01320	0.13537	0.02082	0.42676	0.04298	0.26279	0.01190	0.00660	0.00186	0.00306	0.01024	0.00592	0.00582
25	0.00805	0.00577	0.00793	0.00882	0.00957	0.00587	0.00669	0.00966	0.01095	0.01469	0.02616	0.32602	0.02937	0.10502	0.17956	0.00427	0.00679	0.22538	0.00461	0.00481
26	0.00817	0.00613	0.00919	0.00919	0.01021	0.00715	0.00715	0.01021	0.00919	0.01328	0.01532	0.02247	0.01430	0.04290	0.77631	0.00919	0.01532	0.00613	0.00306	0.00511
27	0.00810	0.00585	0.00765	0.00720	0.00855	0.00540	0.00540	0.01079	0.01619	0.02294	0.76028	0.04273	0.05397	0.01169	0.00675	0.00180	0.00270	0.01034	0.00630	0.00540
28	0.01740	0.01345	0.01484	0.01110	0.01590	0.01329	0.00907	0.42356	0.02029	0.02840	0.01217	0.01291	0.00918	0.00571	0.00507	0.00133	0.00539	0.00438	0.00470	0.37187
29	0.00697	0.00498	0.00664	0.00796	0.00830	0.00465	0.00531	0.00796	0.01095	0.01460	0.03153	0.79525	0.03783	0.01792	0.00730	0.00232	0.00332	0.01626	0.00531	0.00465
30	0.04538	0.01422	0.01589	0.01221	0.01672	0.01513	0.01009	0.53424	0.02363	0.22958	0.01591	0.01513	0.01080	0.00688	0.00567	0.00173	0.00586	0.00525	0.00602	0.00963
31	0.01770	0.01151	0.01304	0.01120	0.01479	0.01246	0.00886	0.02963	0.52921	0.24973	0.02306	0.02077	0.01646	0.00755	0.00580	0.00189	0.00463	0.00625	0.00620	0.00926
32	0.01416	0.01359	0.02322	0.03511	0.76330	0.01359	0.01755	0.01755	0.01302	0.01869	0.01076	0.01416	0.00906	0.00510	0.00566	0.00170	0.00680	0.00510	0.00283	0.00906
33	0.83938	0.01106	0.00841	0.00752	0.01106	0.01283	0.00619	0.01681	0.00973	0.02566	0.00796	0.00929	0.00619	0.00531	0.00354	0.00177	0.00442	0.00310	0.00354	0.00619
34	0.01416	0.01359	0.02322	0.03511	0.76330	0.01359	0.01755	0.01755	0.01302	0.01869	0.01076	0.01416	0.00906	0.00510	0.00566	0.00170	0.00680	0.00510	0.00283	0.00906
35	0.00832	0.00555	0.00624	0.00624	0.00624	0.00555	0.00347	0.00832	0.00832	0.01109	0.01802	0.03743	0.02080	0.79898	0.02911	0.00555	0.00555	0.00832	0.00347	0.00347
36	0.00818	0.00610	0.00905	0.00905	0.01003	0.00707	0.00698	0.01012	0.00915	0.01317	0.01545	0.02318	0.01461	0.07857	0.74106	0.00902	0.01486	0.00623	0.00308	0.00503
37	0.01147	0.02959	0.76934	0.01630	0.02476	0.01328	0.02113	0.01811	0.01208	0.01811	0.01026	0.01208	0.00725	0.00543	0.00543	0.00181	0.00845	0.00423	0.00242	0.00845
38	0.00676	0.00579	0.00579	0.00579	0.00773	0.00483	0.00435	0.00821	0.01304	0.01545	0.05794	0.05505	0.76098	0.01449	0.00676	0.00193	0.00290	0.01207	0.00531	0.00483
39	0.01147	0.02959	0.76934	0.01630	0.02476	0.01328	0.02113	0.01811	0.01208	0.01811	0.01026	0.01208	0.00725	0.00543	0.00543	0.00181	0.00845	0.00423	0.00242	0.00845
40	0.01236	0.01177	0.01851	0.01322	0.01852	0.00970	0.23028	0.01559	0.01236	0.01854	0.01059	0.01294	0.00853	0.00441	0.00500	0.00118	0.00588	0.00441	0.00324	0.58296
41	0.58820	0.01150	0.01118	0.00980	0.01226	0.01426	0.00811	0.01589	0.00944	0.02205	0.00783	0.01027	0.00659	0.00674	0.00817	0.00199	0.24261	0.00368	0.00322	0.00621
42	0.01081	0.00862	0.00929	0.04546	0.01184	0.00852	0.00660	0.19652	0.01657	0.02085	0.06088	0.04228	0.51602	0.01205	0.00644	0.00187	0.00399	0.00993	0.00531	0.00617
43	0.01555	0.04842	0.01310	0.00897	0.01388	0.00855	0.00734	0.01797	0.01300	0.20955	0.01323	0.01367	0.00987	0.00499	0.00460	0.00110	0.00449	0.00398	0.00429	0.58346
44	0.01348	0.01411	0.02736	0.01959	0.02513	0.01288	0.51922	0.05248	0.01373	0.01926	0.01132	0.01444	0.00868	0.00477	0.00606	0.00164	0.00810	0.00581	0.00316	0.21879
45	0.00810	0.00566	0.00698	0.00728	0.00851	0.00507	0.00522	0.00972	0.01313	0.05341	0.22446	0.36152	0.24011	0.01486	0.00694	0.00205	0.00312	0.01309	0.00565	0.00513
46	0.00697	0.00498	0.00664	0.00796	0.00830	0.00465	0.00531	0.00796	0.01095	0.01460	0.03153	0.79525	0.03783	0.01792	0.00730	0.00232	0.00332	0.01626	0.00531	0.00465

[dist]
# distance from previous block
# <min> <max>
4	53

[block]
# block no. 3 follows, 41 sequences, length 35
# corresponding to MSA columns:
# 925-959
name=unknown_D
#
# <colnr> <probs for GDERKNQSTAVLIFYWHMCP>
#	G	D	E	R	K	N	Q	S	T	A	V	L	I	F	Y	W	H	M	C	P
0	0.03916	0.31735	0.11219	0.17748	0.02079	0.03931	0.01190	0.01814	0.05156	0.09322	0.01413	0.01540	0.05493	0.00615	0.00489	0.00160	0.00639	0.00467	0.00334	0.00739
1	0.04387	0.01106	0.01522	0.01592	0.17523	0.01128	0.01056	0.03476	0.09837	0.28445	0.03778	0.01894	0.01367	0.03078	0.00782	0.00192	0.09486	0.02110	0.00493	0.06749
2	0.01431	0.01479	0.02331	0.01717	0.02205	0.09983	0.36365	0.01775	0.01316	0.04640	0.01103	0.01374	0.00861	0.00512	0.00639	0.00157	0.04911	0.00523	0.00319	0.26360
3	0.01240	0.01180	0.02004	0.42778	0.38435	0.01313	0.01668	0.01602	0.01219	0.01655	0.01045	0.01473	0.00831	0.00542	0.00569	0.00181	0.00723	0.00509	0.00268	0.00764
4	0.01390	0.01391	0.02508	0.03130	0.55196	0.01406	0.17325	0.01745	0.01282	0.01826	0.01070	0.01431	0.00887	0.00539	0.00683	0.00181	0.06327	0.00545	0.00282	0.00857
5	0.00763	0.00537	0.00690	0.00776	0.00856	0.00493	0.00544	0.00895	0.01197	0.03492	0.10017	0.56531	0.14423	0.01648	0.00716	0.00222	0.00333	0.04833	0.00544	0.00490
6	0.02106	0.02334	0.01655	0.01430	0.01757	0.52277	0.01107	0.22924	0.01892	0.02031	0.01018	0.01140	0.00805	0.00637	0.00596	0.00159	0.04593	0.00417	0.00372	0.00750
7	0.01277	0.01020	0.01353	0.23142	0.02109	0.00935	0.00959	0.01607	0.03499	0.07966	0.01160	0.01376	0.00898	0.00501	0.00484	0.00126	0.00527	0.00417	0.00353	0.50293
8	0.01387	0.51371	0.30618	0.01222	0.01844	0.01914	0.01403	0.01750	0.01179	0.01520	0.00882	0.01026	0.00730	0.00510	0.00433	0.00144	0.00699	0.00349	0.00243	0.00776
9	0.01066	0.00533	0.00533	0.00533	0.00666	0.00533	0.00400	0.01333	0.01200	0.02132	0.01866	0.02132	0.01466	0.00666	0.00400	0.00133	0.00267	0.00533	0.83073	0.00533
10	0.00810	0.00585	0.00765	0.00720	0.00855	0.00540	0.00540	0.01079	0.01619	0.02294	0.76028	0.04273	0.05397	0.01169	0.00675	0.00180	0.00270	0.01034	0.00630	0.00540
11	0.01212	0.01193	0.01676	0.01449	0.01458	0.01657	0.01203	0.01344	0.00880	0.01372	0.00822	0.01342	0.00813	0.01301	0.08779	0.00311	0.71806	0.00511	0.00255	0.00615
12	0.01080	0.01017	0.01716	0.78523	0.03940	0.01271	0.01589	0.01461	0.01144	0.01461	0.01017	0.01525	0.00762	0.00572	0.00572	0.00191	0.00762	0.00508	0.00254	0.00635
13	0.00684	0.00547	0.00612	0.00664	0.00795	0.00476	0.00472	0.00811	0.01222	0.01512	0.04761	0.34467	0.47803	0.01583	0.00697	0.00208	0.00306	0.01371	0.00531	0.00476
14	0.53104	0.01171	0.01032	0.00914	0.01264	0.01354	0.00736	0.05912	0.24996	0.02565	0.01320	0.01340	0.01001	0.00618	0.00439	0.00182	0.00456	0.00429	0.00439	0.00730
15	0.01961	0.00843	0.01100	0.00896	0.01195	0.00762	0.00688	0.02159	0.03430	0.49758	0.05345	0.02568	0.01789	0.23435	0.01250	0.00286	0.00496	0.00671	0.00597	0.00773
16	0.00691	0.00521	0.00640	0.00734	0.00813	0.00470	0.00503	0.00803	0.01155	0.01485	0.03910	0.58302	0.24517	0.01694	0.00715	0.00221	0.00320	0.01506	0.00531	0.00470
17	0.00810	0.00608	0.00766	0.00792	0.00942	0.00564	0.00638	0.01043	0.01431	0.01892	0.32195	0.05342	0.24277	0.01384	0.00714	0.00211	0.00361	0.24943	0.00568	0.00520
18	0.01613	0.01287	0.01908	0.01501	0.01922	0.01343	0.21929	0.04672	0.39809	0.14610	0.01953	0.01912	0.01418	0.00678	0.00607	0.00190	0.00610	0.00639	0.00519	0.00880
19	0.02009	0.01168	0.01393	0.01048	0.01516	0.01083	0.00859	0.22892	0.01794	0.31654	0.01604	0.01537	0.01106	0.00610	0.00526	0.00146	0.00507	0.00482	0.00550	0.27514
20	0.01962	0.14201	0.11537	0.01342	0.01824	0.12416	0.09525	0.04843	0.01485	0.30583	0.01461	0.01466	0.01020	0.00618	0.00582	0.00168	0.03189	0.00490	0.00447	0.00840
21	0.01267	0.01171	0.01874	0.12185	0.45658	0.01153	0.01410	0.01589	0.01296	0.01863	0.09172	0.01698	0.01364	0.00574	0.00553	0.00158	0.00600	0.00536	0.00327	0.15553
22	0.01288	0.01769	0.26230	0.01619	0.02162	0.01228	0.25964	0.09539	0.01409	0.02051	0.01372	0.05709	0.01096	0.00627	0.00575	0.00178	0.00731	0.00602	0.15091	0.00758
23	0.00704	0.00501	0.00662	0.00787	0.00819	0.00469	0.00521	0.00798	0.01081	0.01442	0.03081	0.75512	0.03693	0.05928	0.00846	0.00249	0.00344	0.01584	0.00521	0.00458
24	0.01186	0.01017	0.01186	0.00847	0.01356	0.00762	0.00678	0.01440	0.01186	0.01864	0.01017	0.01186	0.00847	0.00424	0.00424	0.00085	0.00424	0.00339	0.00339	0.83395
25	0.00724	0.00530	0.00683	0.00764	0.00839	0.00488	0.00534	0.00869	0.01232	0.01646	0.18144	0.53554	0.12368	0.01620	0.00715	0.00218	0.00321	0.03717	0.00551	0.00484
26	0.01553	0.01584	0.01324	0.01214	0.01509	0.23162	0.00939	0.02578	0.45159	0.02016	0.02146	0.02294	0.05500	0.00814	0.00582	0.00185	0.00615	0.05544	0.00493	0.00787
27	0.00697	0.00498	0.00664	0.00796	0.00830	0.00465	0.00531	0.00796	0.01095	0.01460	0.03153	0.79525	0.03783	0.01792	0.00730	0.00232	0.00332	0.01626	0.00531	0.00465
28	0.01183	0.01122	0.01902	0.55429	0.26226	0.01298	0.01640	0.01552	0.01193	0.01587	0.01035	0.01491	0.00807	0.00553	0.00570	0.00184	0.00737	0.00509	0.00263	0.00719
29	0.00783	0.00580	0.00846	0.00884	0.00966	0.00643	0.00662	0.00957	0.00970	0.01366	0.01997	0.24404	0.02105	0.03574	0.55583	0.00722	0.01188	0.00903	0.00371	0.00497
30	0.00685	0.00582	0.00592	0.00597	0.00787	0.00489	0.00452	0.00834	0.01304	0.01551	0.05695	0.05539	0.73477	0.01453	0.00680	0.00196	0.00298	0.03773	0.00531	0.00484
31	0.02139	0.01585	0.01697	0.01309	0.01760	0.01757	0.01079	0.71050	0.06120	0.03548	0.01418	0.01409	0.01009	0.00691	0.00573	0.00173	0.00621	0.00521	0.00573	0.00970
32	0.60212	0.01081	0.00940	0.00779	0.01178	0.01134	0.00636	0.01612	0.01034	0.02365	0.00860	0.01003	0.00685	0.00500	0.00374	0.00151	0.00437	0.00318	0.00350	0.24352
33	0.01209	0.01129	0.01714	0.01236	0.01745	0.00922	0.19060	0.01515	0.01224	0.01841	0.01130	0.04158	0.00960	0.00489	0.00498	0.00117	0.00555	0.00470	0.00334	0.59694
34	0.18181	0.01243	0.01417	0.01182	0.01533	0.03606	0.05946	0.05858	0.30662	0.15975	0.01722	0.01684	0.01259	0.00701	0.00635	0.00189	0.06331	0.00543	0.00506	0.00827

[dist]
# distance from previous block
# <min> <max>
1	5

[block]
# block no. 4 follows, 41 sequences, length 28
# corresponding to MSA columns:
# 967-994
name=unknown_E
#
# <colnr> <probs for GDERKNQSTAVLIFYWHMCP>
#	G	D	E	R	K	N	Q	S	T	A	V	L	I	F	Y	W	H	M	C	P
0	0.03970	0.01462	0.01542	0.01196	0.01635	0.06105	0.00977	0.43454	0.03782	0.13121	0.01401	0.01405	0.01003	0.00646	0.00568	0.00159	0.02282	0.00484	0.00524	0.14286
1	0.01778	0.21331	0.15843	0.01143	0.01645	0.01406	0.01119	0.04411	0.14067	0.26731	0.01749	0.01669	0.03341	0.00655	0.00521	0.00167	0.00578	0.00508	0.00474	0.00863
2	0.00714	0.00581	0.00632	0.00619	0.00796	0.00499	0.00465	0.00895	0.01394	0.01759	0.25857	0.05153	0.55902	0.01369	0.00676	0.00189	0.00284	0.01158	0.00559	0.00499
3	0.01186	0.01017	0.01186	0.00847	0.01356	0.00762	0.00678	0.01440	0.01186	0.01864	0.01017	0.01186	0.00847	0.00424	0.00424	0.00085	0.00424	0.00339	0.00339	0.83395
4	0.01170	0.07564	0.72528	0.01591	0.02416	0.01384	0.02046	0.01806	0.01205	0.01784	0.01013	0.01190	0.00725	0.00540	0.00533	0.00178	0.00831	0.00416	0.00242	0.00839
5	0.01412	0.01595	0.02136	0.01696	0.02041	0.22281	0.30661	0.01711	0.01286	0.01554	0.01176	0.01593	0.00988	0.01616	0.22653	0.00390	0.03687	0.00567	0.00294	0.00662
6	0.00738	0.00539	0.00695	0.00747	0.00834	0.00495	0.00526	0.00908	0.01316	0.01789	0.31438	0.43795	0.11019	0.01521	0.00704	0.00209	0.00304	0.01360	0.00569	0.00495
7	0.01296	0.00855	0.00887	0.00804	0.01028	0.00930	0.00623	0.10241	0.22537	0.02376	0.01941	0.02045	0.01489	0.00700	0.00472	0.00155	0.00362	0.00563	0.50005	0.00690
8	0.00684	0.00580	0.00591	0.00588	0.00778	0.00486	0.00441	0.00836	0.01323	0.01590	0.10007	0.05431	0.71858	0.01432	0.00676	0.00192	0.00289	0.01197	0.00537	0.00486
9	0.02102	0.01367	0.01499	0.01199	0.01614	0.03815	0.00973	0.34284	0.20053	0.24127	0.01843	0.01712	0.01280	0.00711	0.00574	0.00178	0.00558	0.00560	0.00605	0.00947
10	0.01288	0.01323	0.02476	0.22673	0.24042	0.01406	0.27174	0.01667	0.01235	0.01700	0.01057	0.01473	0.00839	0.00565	0.00736	0.00191	0.08554	0.00567	0.00274	0.00760
11	0.00799	0.00597	0.00689	0.00665	0.00840	0.00523	0.00505	0.01001	0.01444	0.04281	0.34365	0.04912	0.42650	0.01314	0.00675	0.00189	0.00295	0.03155	0.00577	0.00523
12	0.02020	0.01499	0.01610	0.01273	0.01700	0.01666	0.01039	0.56283	0.18763	0.05687	0.01613	0.01560	0.01159	0.00707	0.00574	0.00177	0.00586	0.00546	0.00579	0.00958
13	0.01371	0.01785	0.23343	0.06659	0.30409	0.01386	0.01625	0.06774	0.16958	0.02053	0.01342	0.01511	0.01027	0.00591	0.00564	0.00179	0.00681	0.00514	0.00351	0.00877
14	0.01147	0.02959	0.76934	0.01630	0.02476	0.01328	0.02113	0.01811	0.01208	0.01811	0.01026	0.01208	0.00725	0.00543	0.00543	0.00181	0.00845	0.00423	0.00242	0.00845
15	0.01871	0.36691	0.02224	0.01257	0.01637	0.44591	0.01050	0.02034	0.01420	0.01376	0.00845	0.00982	0.00736	0.00546	0.00451	0.00136	0.00848	0.00341	0.00273	0.00694
16	0.00796	0.00575	0.00697	0.00672	0.00777	0.00536	0.00469	0.00971	0.01348	0.01846	0.44610	0.04301	0.14733	0.23699	0.01314	0.00289	0.00354	0.01002	0.00534	0.00476
17	0.00839	0.00586	0.00716	0.00707	0.00856	0.00523	0.00521	0.01033	0.01416	0.05881	0.35423	0.19580	0.27090	0.01357	0.00681	0.00194	0.00300	0.01182	0.00583	0.00530
18	0.00721	0.00581	0.00642	0.00627	0.00800	0.00502	0.00470	0.00908	0.01410	0.01797	0.29462	0.05090	0.52273	0.01355	0.00676	0.00189	0.00283	0.01149	0.00564	0.00502
19	0.35722	0.01004	0.01094	0.00891	0.01278	0.01003	0.00732	0.02229	0.01365	0.41792	0.06236	0.01675	0.01337	0.00664	0.00491	0.00177	0.00455	0.00495	0.00558	0.00802
20	0.01066	0.00533	0.00533	0.00533	0.00666	0.00533	0.00400	0.01333	0.01200	0.02132	0.01866	0.02132	0.01466	0.00666	0.00400	0.00133	0.00267	0.00533	0.83073	0.00533
21	0.01431	0.01161	0.01317	0.00963	0.01459	0.01013	0.00779	0.19493	0.01558	0.02294	0.01105	0.01232	0.00878	0.00489	0.00460	0.00106	0.00475	0.00382	0.00397	0.63007
22	0.00683	0.00551	0.00608	0.00654	0.00792	0.00477	0.00468	0.00812	0.01232	0.01516	0.04888	0.30915	0.51273	0.01566	0.00695	0.00207	0.00304	0.01351	0.00531	0.00477
23	0.01256	0.24207	0.53923	0.01446	0.02164	0.01601	0.01770	0.01769	0.01184	0.01668	0.00953	0.01129	0.00728	0.00545	0.00541	0.00167	0.03506	0.00393	0.00243	0.00807
24	0.01376	0.49232	0.32665	0.01240	0.01872	0.01888	0.01434	0.01752	0.01180	0.01533	0.00888	0.01034	0.00730	0.00511	0.00438	0.00146	0.00705	0.00353	0.00243	0.00779
25	0.01017	0.00864	0.01511	0.01216	0.01482	0.00799	0.21601	0.01318	0.01464	0.05146	0.38907	0.12169	0.07990	0.01042	0.00677	0.00190	0.00486	0.00991	0.00518	0.00612
26	0.01368	0.37162	0.22647	0.01482	0.02041	0.01808	0.15832	0.01733	0.01187	0.01569	0.00925	0.01148	0.00760	0.00547	0.00607	0.00163	0.07581	0.00427	0.00253	0.00762
27	0.08322	0.00931	0.00985	0.00961	0.01165	0.05454	0.00741	0.04561	0.15202	0.06782	0.09817	0.24976	0.04914	0.01203	0.00642	0.00207	0.00449	0.11510	0.00533	0.00643

[dist]
# distance from previous block
# <min> <max>
0	13

[block]
# block no. 5 follows, 41 sequences, length 63
# corresponding to MSA columns:
# 1013-1075
name=unknown_F
#
# <colnr> <probs for GDERKNQSTAVLIFYWHMCP>
#	G	D	E	R	K	N	Q	S	T	A	V	L	I	F	Y	W	H	M	C	P
0	0.01365	0.01435	0.02702	0.01999	0.02502	0.01416	0.50666	0.02165	0.22553	0.01994	0.01488	0.01700	0.01119	0.00564	0.00640	0.00189	0.00799	0.00655	0.00375	0.03673
1	0.01680	0.01424	0.01638	0.01342	0.01721	0.03770	0.07337	0.26442	0.40360	0.02683	0.01818	0.01771	0.01353	0.00723	0.00627	0.00187	0.03097	0.00593	0.00534	0.00900
2	0.01270	0.01129	0.01431	0.01091	0.01553	0.01019	0.07951	0.01937	0.22458	0.02012	0.01407	0.01493	0.01107	0.00530	0.00494	0.00127	0.00485	0.00460	0.00404	0.51641
3	0.00697	0.00498	0.00664	0.00796	0.00830	0.00465	0.00531	0.00796	0.01095	0.01460	0.03153	0.79525	0.03783	0.01792	0.00730	0.00232	0.00332	0.01626	0.00531	0.00465
4	0.01345	0.01375	0.02346	0.01811	0.02163	0.01521	0.33788	0.02057	0.22433	0.01872	0.01385	0.01635	0.01089	0.00705	0.00968	0.00208	0.21545	0.00620	0.00363	0.00771
5	0.00697	0.00498	0.00664	0.00796	0.00830	0.00465	0.00531	0.00796	0.01095	0.01460	0.03153	0.79525	0.03783	0.01792	0.00730	0.00232	0.00332	0.01626	0.00531	0.00465
6	0.01228	0.01086	0.01623	0.52886	0.06560	0.01301	0.01398	0.01920	0.20247	0.03939	0.01393	0.01689	0.01041	0.00626	0.00574	0.00190	0.00671	0.00546	0.00353	0.00727
7	0.01416	0.01359	0.02322	0.03511	0.76330	0.01359	0.01755	0.01755	0.01302	0.01869	0.01076	0.01416	0.00906	0.00510	0.00566	0.00170	0.00680	0.00510	0.00283	0.00906
8	0.00737	0.00517	0.00649	0.00739	0.00766	0.00492	0.00473	0.00808	0.01022	0.01358	0.02826	0.54703	0.05380	0.25143	0.01381	0.00328	0.00397	0.01376	0.00476	0.00430
9	0.01074	0.01003	0.01537	0.01331	0.01426	0.01280	0.07419	0.01264	0.00936	0.01396	0.01122	0.01704	0.01053	0.02367	0.34291	0.00532	0.38835	0.00564	0.00278	0.00589
10	0.00850	0.00658	0.00826	0.00807	0.00988	0.00558	0.00575	0.01007	0.01155	0.01634	0.07127	0.51330	0.03007	0.01343	0.00635	0.00185	0.00355	0.01204	0.00480	0.25273
11	0.01939	0.01483	0.01524	0.01245	0.01643	0.06400	0.01001	0.37819	0.28467	0.09665	0.01763	0.01675	0.01274	0.00714	0.00572	0.00179	0.00579	0.00558	0.00570	0.00929
12	0.01204	0.01108	0.01707	0.33590	0.22374	0.01131	0.01340	0.01533	0.01200	0.01699	0.01032	0.01387	0.00828	0.00508	0.00523	0.00151	0.00631	0.00454	0.00289	0.27312
13	0.01358	0.28838	0.28976	0.01629	0.02264	0.03411	0.22395	0.01795	0.01242	0.01650	0.00982	0.01201	0.00769	0.00509	0.00521	0.00164	0.00804	0.00454	0.00258	0.00782
14	0.00897	0.00649	0.00887	0.01000	0.01137	0.00639	0.00865	0.01151	0.01330	0.01725	0.06601	0.06276	0.09188	0.01551	0.00776	0.00254	0.00496	0.63522	0.00532	0.00524
15	0.01564	0.01783	0.02639	0.02494	0.23722	0.20269	0.35357	0.01922	0.01403	0.01736	0.01066	0.01380	0.00846	0.00517	0.00604	0.00175	0.00899	0.00552	0.00289	0.00783
16	0.00747	0.00519	0.00649	0.00732	0.00753	0.00498	0.00462	0.00810	0.00997	0.01329	0.02647	0.51148	0.03145	0.31039	0.01547	0.00353	0.00415	0.01329	0.00462	0.00420
17	0.01243	0.00716	0.00916	0.00855	0.01049	0.00676	0.00642	0.03923	0.06051	0.18615	0.26704	0.28336	0.05468	0.01239	0.00662	0.00197	0.00362	0.01090	0.00607	0.00647
18	0.01370	0.01312	0.02239	0.13757	0.66442	0.01347	0.01733	0.01715	0.01281	0.01813	0.01068	0.01431	0.00886	0.00518	0.00567	0.00173	0.00691	0.00509	0.00279	0.00869
19	0.01719	0.01350	0.01221	0.01024	0.01324	0.13493	0.00811	0.33145	0.01913	0.02652	0.01494	0.01626	0.01135	0.00663	0.00493	0.00152	0.00547	0.00499	0.33995	0.00744
20	0.01244	0.01019	0.01141	0.01054	0.01283	0.02672	0.00808	0.09618	0.34457	0.02051	0.02064	0.11333	0.01819	0.05438	0.20885	0.00402	0.00756	0.00743	0.00486	0.00726
21	0.00761	0.00544	0.00738	0.00870	0.00932	0.00520	0.00643	0.00908	0.01159	0.01532	0.03117	0.58567	0.03642	0.01731	0.00747	0.00241	0.00388	0.21948	0.00530	0.00482
22	0.83938	0.01106	0.00841	0.00752	0.01106	0.01283	0.00619	0.01681	0.00973	0.02566	0.00796	0.00929	0.00619	0.00531	0.00354	0.00177	0.00442	0.00310	0.00354	0.00619
23	0.00832	0.00555	0.00624	0.00624	0.00624	0.00555	0.00347	0.00832	0.00832	0.01109	0.01802	0.03743	0.02080	0.79898	0.02911	0.00555	0.00555	0.00832	0.00347	0.00347
24	0.01305	0.34831	0.46442	0.01362	0.02060	0.01714	0.01645	0.01771	0.01189	0.01619	0.00931	0.01088	0.00728	0.00521	0.00471	0.00157	0.00749	0.00374	0.00243	0.00799
25	0.02080	0.01916	0.01640	0.01349	0.01741	0.25678	0.01073	0.43848	0.10283	0.02776	0.01323	0.01348	0.00983	0.00666	0.00555	0.00166	0.00737	0.00483	0.00486	0.00868
26	0.01147	0.02959	0.76934	0.01630	0.02476	0.01328	0.02113	0.01811	0.01208	0.01811	0.01026	0.01208	0.00725	0.00543	0.00543	0.00181	0.00845	0.00423	0.00242	0.00845
27	0.01347	0.01533	0.03323	0.02381	0.02941	0.01456	0.71888	0.01817	0.01335	0.01817	0.01144	0.01533	0.00864	0.00499	0.00714	0.00195	0.03488	0.00669	0.00288	0.00767
28	0.01129	0.01084	0.01726	0.56432	0.03240	0.01409	0.01492	0.01437	0.01067	0.01437	0.00940	0.01447	0.00759	0.00695	0.00946	0.00208	0.23159	0.00506	0.00253	0.00633
29	0.00922	0.00658	0.00922	0.01053	0.01185	0.00658	0.00922	0.01185	0.01317	0.01712	0.03029	0.06452	0.03292	0.01580	0.00790	0.00263	0.00527	0.72480	0.00527	0.00527
30	0.00731	0.00512	0.00654	0.00752	0.00777	0.00488	0.00484	0.00805	0.01028	0.01371	0.02808	0.60204	0.03349	0.21706	0.01286	0.00314	0.00389	0.01424	0.00484	0.00435
31	0.02017	0.00857	0.01150	0.00964	0.01289	0.00763	0.00760	0.04537	0.01516	0.52770	0.02485	0.24179	0.02080	0.01018	0.00620	0.00193	0.00447	0.00875	0.00653	0.00827
32	0.02137	0.02726	0.01621	0.01474	0.01768	0.77602	0.01105	0.02284	0.01621	0.01400	0.00884	0.01031	0.00737	0.00589	0.00516	0.00147	0.01031	0.00368	0.00295	0.00663
33	0.01773	0.01068	0.01273	0.01011	0.01436	0.01001	0.00810	0.02448	0.24901	0.29771	0.01893	0.01769	0.01344	0.00641	0.00530	0.00154	0.00456	0.00524	0.00553	0.26645
34	0.02043	0.02585	0.01829	0.01585	0.01913	0.68551	0.09798	0.02230	0.01589	0.01451	0.00917	0.01092	0.00752	0.00577	0.00535	0.00153	0.01024	0.00405	0.00294	0.00676
35	0.00810	0.00585	0.00765	0.00720	0.00855	0.00540	0.00540	0.01079	0.01619	0.02294	0.76028	0.04273	0.05397	0.01169	0.00675	0.00180	0.00270	0.01034	0.00630	0.00540
36	0.01350	0.01543	0.03375	0.02411	0.02989	0.01446	0.74253	0.01832	0.01350	0.01832	0.01157	0.01543	0.00868	0.00482	0.00675	0.00193	0.00964	0.00675	0.00289	0.00771
37	0.01955	0.02257	0.01521	0.01373	0.01681	0.54142	0.01042	0.02508	0.21839	0.04180	0.01326	0.01365	0.01036	0.00645	0.00536	0.00161	0.00855	0.00452	0.00387	0.00740
38	0.00816	0.00614	0.00775	0.00816	0.00967	0.00572	0.00667	0.01046	0.01400	0.01829	0.24791	0.05544	0.25616	0.01423	0.00723	0.00218	0.00382	0.30726	0.00558	0.00517
39	0.00697	0.00498	0.00664	0.00796	0.00830	0.00465	0.00531	0.00796	0.01095	0.01460	0.03153	0.79525	0.03783	0.01792	0.00730	0.00232	0.00332	0.01626	0.00531	0.00465
40	0.01416	0.01359	0.02322	0.03511	0.76330	0.01359	0.01755	0.01755	0.01302	0.01869	0.01076	0.01416	0.00906	0.00510	0.00566	0.00170	0.00680	0.00510	0.00283	0.00906
41	0.00832	0.00555	0.00624	0.00624	0.00624	0.00555	0.00347	0.00832	0.00832	0.01109	0.01802	0.03743	0.02080	0.79898	0.02911	0.00555	0.00555	0.00832	0.00347	0.00347
42	0.01066	0.00533	0.00533	0.00533	0.00666	0.00533	0.00400	0.01333	0.01200	0.02132	0.01866	0.02132	0.01466	0.00666	0.00400	0.00133	0.00267	0.00533	0.83073	0.00533
43	0.01350	0.01543	0.03375	0.02411	0.02989	0.01446	0.74253	0.01832	0.01350	0.01832	0.01157	0.01543	0.00868	0.00482	0.00675	0.00193	0.00964	0.00675	0.00289	0.00771
44	0.00832	0.00555	0.00624	0.00624	0.00624	0.00555	0.00347	0.00832	0.00832	0.01109	0.01802	0.03743	0.02080	0.79898	0.02911	0.00555	0.00555	0.00832	0.00347	0.00347
45	0.02092	0.02635	0.01627	0.01516	0.03722	0.72802	0.01115	0.02298	0.04312	0.01449	0.00942	0.01082	0.00778	0.00594	0.00520	0.00150	0.01001	0.00382	0.00305	0.00678
46	0.01066	0.00533	0.00533	0.00533	0.00666	0.00533	0.00400	0.01333	0.01200	0.02132	0.01866	0.02132	0.01466	0.00666	0.00400	0.00133	0.00267	0.00533	0.83073	0.00533
47	0.01529	0.80242	0.02997	0.00979	0.01468	0.02263	0.00979	0.01713	0.01162	0.01346	0.00795	0.00918	0.00734	0.00489	0.00367	0.00122	0.00612	0.00306	0.00245	0.00734
48	0.01561	0.01754	0.02430	0.01828	0.02300	0.21045	0.37482	0.05204	0.01440	0.01794	0.01061	0.01334	0.00832	0.00524	0.00621	0.00163	0.03075	0.00527	0.00311	0.14713
49	0.00832	0.00555	0.00624	0.00624	0.00624	0.00555	0.00347	0.00832	0.00832	0.01109	0.01802	0.03743	0.02080	0.79898	0.02911	0.00555	0.00555	0.00832	0.00347	0.00347
