[name]
unknown

[dist]
# distance from previous block
# <min> <max>
0	183

[block]
# block no. 0 follows, 50 sequences, length 27
# corresponding to MSA columns:
# 190-216
name=unknown_A
#
# <colnr> <probs for GDERKNQSTAVLIFYWHMCP>
#	G	D	E	R	K	N	Q	S	T	A	V	L	I	F	Y	W	H	M	C	P
0	0.01439	0.04186	0.26720	0.01164	0.01618	0.04854	0.04703	0.06234	0.07520	0.22824	0.01531	0.01938	0.01199	0.00660	0.00514	0.00165	0.00581	0.11026	0.00400	0.00725
1	0.01568	0.01907	0.01696	0.05144	0.01769	0.49533	0.14034	0.01752	0.01240	0.01283	0.00796	0.01028	0.00665	0.00560	0.00682	0.00153	0.14964	0.00392	0.00248	0.00587
2	0.00711	0.00487	0.00617	0.00652	0.00747	0.00441	0.00463	0.00849	0.01131	0.05365	0.23286	0.43728	0.17027	0.01318	0.00608	0.00182	0.00275	0.01171	0.00493	0.00447
3	0.01134	0.01069	0.01832	0.02600	0.61694	0.01083	0.04370	0.01413	0.01074	0.01539	0.01015	0.01373	0.00873	0.01058	0.15423	0.00271	0.00741	0.00467	0.00251	0.00721
4	0.01307	0.01227	0.01799	0.04605	0.41162	0.04160	0.06575	0.10055	0.14823	0.01816	0.01135	0.01328	0.00903	0.00534	0.00582	0.00158	0.06287	0.00471	0.00318	0.00756
5	0.00635	0.00453	0.00610	0.00725	0.00766	0.00429	0.00510	0.00741	0.00981	0.01303	0.02732	0.71436	0.03237	0.01536	0.00644	0.00206	0.00313	0.11867	0.00462	0.00412
6	0.00716	0.00516	0.00712	0.00712	0.00770	0.00575	0.00512	0.00833	0.00775	0.01091	0.01417	0.02409	0.01442	0.30995	0.53518	0.00691	0.01040	0.00600	0.00279	0.00396
7	0.01319	0.57536	0.21073	0.00992	0.01490	0.01686	0.01082	0.01582	0.01052	0.07002	0.00834	0.00926	0.00681	0.00452	0.00370	0.00122	0.00574	0.00308	0.00242	0.00678
8	0.01114	0.01422	0.15837	0.01111	0.01324	0.16509	0.01006	0.01331	0.00971	0.01303	0.00989	0.01415	0.00886	0.06570	0.16366	0.00311	0.23631	0.00441	0.06917	0.00546
9	0.07327	0.02112	0.55030	0.04829	0.15368	0.01161	0.04200	0.01550	0.01053	0.01624	0.00891	0.01086	0.00657	0.00467	0.00470	0.00157	0.00687	0.00384	0.00226	0.00722
10	0.00607	0.00434	0.00578	0.00694	0.00723	0.00405	0.00463	0.00694	0.00954	0.01272	0.02747	0.82157	0.03297	0.01562	0.00636	0.00202	0.00289	0.01417	0.00463	0.00405
11	0.00712	0.00534	0.00801	0.00801	0.00890	0.00623	0.00623	0.00890	0.00801	0.01157	0.01335	0.01958	0.01246	0.03738	0.80507	0.00801	0.01335	0.00534	0.00267	0.00445
12	0.03525	0.01731	0.27616	0.01205	0.01706	0.01345	0.01215	0.41589	0.07195	0.06224	0.01180	0.01210	0.00834	0.00560	0.00487	0.00154	0.00591	0.00428	0.00404	0.00799
13	0.01505	0.04401	0.01118	0.00949	0.01180	0.37600	0.00731	0.11930	0.01390	0.01713	0.01140	0.01288	0.00903	0.00547	0.00414	0.00126	0.00594	0.00389	0.31507	0.00575
14	0.01206	0.00617	0.00795	0.00691	0.00892	0.00565	0.00539	0.01455	0.03122	0.25197	0.43455	0.02814	0.03114	0.00830	0.00527	0.00151	0.00295	0.00713	0.12433	0.00590
15	0.00964	0.00699	0.00891	0.03272	0.03544	0.00726	0.00652	0.01120	0.01126	0.12438	0.09405	0.03390	0.39887	0.01033	0.00770	0.00176	0.15475	0.03476	0.00431	0.00526
16	0.01109	0.00950	0.01065	0.02850	0.01262	0.00944	0.00699	0.01917	0.39058	0.01868	0.06956	0.01636	0.01400	0.00569	0.00455	0.00129	0.00379	0.00473	0.00415	0.35864
17	0.01088	0.00650	0.00817	0.00785	0.00953	0.00627	0.00580	0.02774	0.12064	0.18201	0.07831	0.43906	0.02577	0.01139	0.00574	0.00179	0.00336	0.01010	0.00503	0.03406
18	0.02184	0.00932	0.01209	0.00927	0.01314	0.00857	0.00765	0.13939	0.01567	0.68011	0.01849	0.01620	0.01175	0.00614	0.00501	0.00154	0.00443	0.00493	0.00599	0.00848
19	0.05481	0.03283	0.04543	0.01617	0.14758	0.21222	0.11793	0.27502	0.01602	0.02052	0.00976	0.01118	0.00747	0.00512	0.00485	0.00146	0.00684	0.00421	0.00336	0.00723
20	0.00636	0.00447	0.00573	0.00660	0.00685	0.00424	0.00428	0.00708	0.00918	0.01228	0.04741	0.62832	0.03018	0.18999	0.01045	0.00262	0.00329	0.01253	0.00431	0.00385
21	0.00624	0.00466	0.00579	0.00646	0.00715	0.00434	0.00448	0.00727	0.00986	0.01282	0.04978	0.48896	0.21732	0.07261	0.06382	0.00255	0.00369	0.02373	0.00440	0.00407
22	0.00978	0.00869	0.00923	0.06994	0.03987	0.10720	0.00697	0.07725	0.03399	0.01498	0.02112	0.40650	0.06443	0.01143	0.01978	0.00187	0.02961	0.00940	0.05287	0.00511
23	0.01567	0.01231	0.01254	0.01058	0.01381	0.06794	0.00840	0.23712	0.44005	0.10051	0.01701	0.01590	0.01242	0.00637	0.00500	0.00159	0.00476	0.00508	0.00498	0.00797
24	0.00973	0.00876	0.00791	0.00778	0.00923	0.15412	0.00569	0.03798	0.01222	0.05007	0.14975	0.31548	0.18936	0.01139	0.00573	0.00170	0.00402	0.00977	0.00446	0.00487
25	0.00726	0.00550	0.00723	0.00726	0.00848	0.00517	0.00526	0.00859	0.00922	0.01297	0.01973	0.39964	0.02206	0.06970	0.20486	0.00345	0.00580	0.03120	0.00373	0.16289
26	0.01261	0.15211	0.13384	0.01784	0.14051	0.01325	0.30895	0.01661	0.04721	0.06979	0.01032	0.01235	0.00790	0.00471	0.00533	0.00154	0.03062	0.00469	0.00275	0.00708

[dist]
# distance from previous block
# <min> <max>
0	2

[block]
# block no. 1 follows, 50 sequences, length 44
# corresponding to MSA columns:
# 219-262
name=unknown_B
#
# <colnr> <probs for GDERKNQSTAVLIFYWHMCP>
#	G	D	E	R	K	N	Q	S	T	A	V	L	I	F	Y	W	H	M	C	P
0	0.00921	0.00852	0.01410	0.62264	0.02883	0.01045	0.03516	0.01211	0.00983	0.01294	0.01101	0.10310	0.00976	0.00642	0.00590	0.00172	0.06145	0.00556	0.02591	0.00538
1	0.01614	0.01418	0.01175	0.01020	0.01255	0.30540	0.00776	0.11367	0.04022	0.16346	0.01269	0.01617	0.01058	0.15470	0.05769	0.00245	0.03584	0.00469	0.00372	0.00612
2	0.00809	0.00697	0.00986	0.00863	0.01035	0.00701	0.09095	0.01150	0.10091	0.01685	0.31365	0.12060	0.19867	0.01017	0.00656	0.00171	0.05889	0.00887	0.00460	0.00516
3	0.01495	0.00671	0.00872	0.00755	0.01005	0.00587	0.00589	0.01652	0.01245	0.43598	0.02695	0.21711	0.15721	0.00960	0.00544	0.00167	0.00353	0.00820	0.03912	0.00649
4	0.01456	0.01178	0.01249	0.01058	0.01379	0.01341	0.00841	0.27475	0.53293	0.02434	0.01754	0.01640	0.01299	0.00650	0.00504	0.00163	0.00445	0.00526	0.00504	0.00808
5	0.01063	0.00922	0.01241	0.01019	0.01288	0.06190	0.12887	0.04229	0.01135	0.05945	0.04683	0.28046	0.01767	0.00848	0.00564	0.00151	0.03363	0.00761	0.00375	0.23522
6	0.01082	0.12922	0.51951	0.01478	0.02119	0.01279	0.17771	0.01565	0.01073	0.01529	0.00892	0.01081	0.00661	0.00454	0.00476	0.00152	0.00725	0.00400	0.00221	0.02168
7	0.00826	0.03620	0.20400	0.00963	0.01251	0.00743	0.03371	0.01141	0.02739	0.01553	0.14131	0.14327	0.10026	0.01038	0.00584	0.00184	0.00462	0.21703	0.00399	0.00537
8	0.00958	0.01792	0.44384	0.01312	0.04008	0.01113	0.01403	0.01327	0.00967	0.01433	0.01170	0.15623	0.01120	0.00764	0.00784	0.00180	0.20194	0.00575	0.00259	0.00632
9	0.00714	0.00511	0.00694	0.00697	0.00750	0.00562	0.00493	0.00820	0.00776	0.01086	0.01471	0.04957	0.01531	0.34395	0.47605	0.00658	0.00970	0.00636	0.00287	0.00388
10	0.12601	0.01137	0.01888	0.01416	0.01793	0.03833	0.37311	0.06118	0.01191	0.08084	0.01163	0.04205	0.00913	0.00525	0.00529	0.00156	0.02848	0.00521	0.09758	0.04008
11	0.00991	0.00692	0.00814	0.00740	0.00928	0.00706	0.00568	0.01547	0.23062	0.08384	0.41870	0.02961	0.07202	0.00872	0.00542	0.00158	0.00296	0.00751	0.06327	0.00588
12	0.00885	0.00835	0.01318	0.02817	0.01369	0.04949	0.19020	0.01088	0.01040	0.01369	0.01947	0.34894	0.02129	0.01264	0.05365	0.00230	0.06103	0.12509	0.00368	0.00501
13	0.00684	0.00493	0.00636	0.00683	0.00757	0.00478	0.00496	0.00832	0.01099	0.01519	0.22510	0.42423	0.09159	0.01295	0.00639	0.00185	0.03099	0.06308	0.06271	0.00436
14	0.00694	0.00515	0.00707	0.00715	0.00793	0.00561	0.00528	0.00828	0.00835	0.01152	0.01886	0.07987	0.10147	0.17376	0.52245	0.00633	0.00991	0.00686	0.00308	0.00414
15	0.00920	0.06390	0.00966	0.00852	0.00968	0.09588	0.00643	0.05134	0.01030	0.01322	0.01804	0.36577	0.01986	0.03038	0.21949	0.00349	0.04774	0.00869	0.00358	0.00480
16	0.11938	0.00966	0.01118	0.00893	0.01233	0.02940	0.00727	0.16964	0.01518	0.44151	0.07775	0.04801	0.01416	0.00661	0.00489	0.00155	0.00436	0.00527	0.00536	0.00757
17	0.04414	0.04910	0.17503	0.01179	0.01524	0.41938	0.01061	0.03975	0.01292	0.02850	0.06401	0.01355	0.05098	0.00593	0.00511	0.00143	0.03938	0.00417	0.00291	0.00607
18	0.02029	0.01181	0.01362	0.01045	0.01438	0.01226	0.00863	0.48086	0.01983	0.33277	0.01500	0.01393	0.01000	0.00606	0.00500	0.00151	0.00500	0.00469	0.00545	0.00848
19	0.00989	0.01018	0.03324	0.01054	0.01210	0.13914	0.11025	0.01159	0.01046	0.01358	0.01763	0.37393	0.01913	0.01079	0.02250	0.00190	0.09962	0.00878	0.07974	0.00501
20	0.00747	0.00503	0.00722	0.00722	0.00775	0.00557	0.00524	0.00808	0.00755	0.01060	0.01277	0.02100	0.01267	0.17606	0.49439	0.18973	0.00986	0.00547	0.00262	0.00370
21	0.01112	0.01452	0.18869	0.01951	0.30034	0.04033	0.05218	0.01415	0.01020	0.01461	0.01014	0.01314	0.03099	0.00813	0.06566	0.00214	0.19048	0.00453	0.00241	0.00673
22	0.00969	0.02189	0.63852	0.01347	0.01966	0.01055	0.03478	0.01481	0.01072	0.01563	0.01210	0.01880	0.01036	0.00634	0.00515	0.00171	0.00689	0.13950	0.00256	0.00685
23	0.02930	0.00985	0.01596	0.49669	0.19298	0.01193	0.01349	0.01321	0.00985	0.01359	0.00855	0.01258	0.00687	0.00547	0.00679	0.00170	0.13851	0.00438	0.00228	0.00603
24	0.01316	0.01509	0.01940	0.15854	0.02170	0.24357	0.25535	0.01570	0.01126	0.01346	0.00843	0.01158	0.00685	0.00557	0.00752	0.00167	0.17826	0.00452	0.00241	0.00597
25	0.00752	0.00570	0.00776	0.00755	0.00804	0.00657	0.00550	0.00861	0.00789	0.01118	0.03360	0.03906	0.01513	0.30987	0.41650	0.00603	0.09042	0.00617	0.00285	0.00405
26	0.00969	0.00890	0.01410	0.66873	0.03034	0.01092	0.01278	0.01426	0.10373	0.01384	0.01127	0.01644	0.00897	0.00571	0.00511	0.00170	0.00620	0.04883	0.00270	0.00577
27	0.01190	0.01493	0.32806	0.03948	0.01591	0.00917	0.01161	0.04632	0.07208	0.15823	0.07772	0.10021	0.03999	0.00745	0.00523	0.00166	0.00529	0.04404	0.00392	0.00680
28	0.02166	0.00962	0.01227	0.00941	0.01329	0.00901	0.00777	0.18014	0.01616	0.63866	0.01807	0.01593	0.01154	0.00613	0.00501	0.00153	0.00450	0.00490	0.00592	0.00848
29	0.01086	0.01287	0.20387	0.01201	0.01586	0.00925	0.17368	0.09312	0.01228	0.06288	0.02889	0.14225	0.08343	0.00844	0.02727	0.00182	0.00574	0.01978	0.06950	0.00624
30	0.05426	0.01121	0.01674	0.25860	0.25071	0.03108	0.07935	0.06886	0.14634	0.01723	0.01120	0.01349	0.00864	0.00512	0.00496	0.00159	0.00595	0.00466	0.00306	0.00695
31	0.01056	0.01112	0.01953	0.01494	0.01794	0.04096	0.38389	0.01389	0.04847	0.01511	0.07636	0.04019	0.10115	0.03620	0.00828	0.00186	0.14398	0.00654	0.00313	0.00588
32	0.00691	0.00497	0.00681	0.00716	0.00769	0.00530	0.00511	0.00805	0.00837	0.01155	0.01814	0.23453	0.01984	0.21881	0.37764	0.00545	0.00822	0.03808	0.00334	0.00401
33	0.01097	0.10154	0.41804	0.20666	0.02308	0.08339	0.04150	0.01521	0.01079	0.01441	0.02474	0.01145	0.00729	0.00488	0.00468	0.00152	0.00707	0.00390	0.00226	0.00661
34	0.01634	0.12498	0.09327	0.01251	0.01692	0.03434	0.16732	0.16009	0.06718	0.23724	0.01321	0.01336	0.00928	0.00534	0.00490	0.00150	0.00589	0.00464	0.00408	0.00761
35	0.01603	0.00705	0.00945	0.00796	0.01066	0.00621	0.00636	0.01789	0.01339	0.48097	0.16299	0.11641	0.06933	0.00874	0.00547	0.00165	0.00366	0.04327	0.00570	0.00684
36	0.00649	0.00489	0.00600	0.00664	0.00750	0.00453	0.00479	0.00797	0.02597	0.01377	0.09220	0.42145	0.23550	0.04613	0.00699	0.00203	0.00304	0.09525	0.00464	0.00424
37	0.00912	0.00880	0.01506	0.03635	0.01466	0.00963	0.21982	0.01111	0.00988	0.01369	0.06057	0.22063	0.05785	0.05767	0.02357	0.00218	0.21294	0.00803	0.00327	0.00519
38	0.01078	0.00877	0.01577	0.01298	0.03216	0.00825	0.28036	0.01377	0.03305	0.10958	0.08726	0.14386	0.07274	0.00894	0.00598	0.00181	0.00533	0.13864	0.00410	0.00588
39	0.01012	0.00958	0.01623	0.62373	0.21792	0.01126	0.01419	0.01335	0.01030	0.01359	0.00898	0.01306	0.00695	0.00485	0.00497	0.00162	0.00647	0.00443	0.00228	0.00611
40	0.01095	0.01027	0.01713	0.46196	0.34733	0.01154	0.01429	0.04030	0.01101	0.01485	0.00918	0.01285	0.00722	0.00479	0.00496	0.00158	0.00631	0.00444	0.00242	0.00661
41	0.01091	0.00847	0.01069	0.00948	0.01149	0.00895	0.05908	0.17663	0.14919	0.03493	0.05950	0.29828	0.04600	0.05135	0.00691	0.00194	0.02006	0.02560	0.00458	0.00597
42	0.00710	0.00512	0.00692	0.00794	0.00879	0.00494	0.00631	0.00877	0.01081	0.01417	0.05858	0.35549	0.07578	0.01429	0.00658	0.00212	0.00371	0.39356	0.00464	0.00436
43	0.01062	0.05232	0.05712	0.00903	0.01181	0.02496	0.04830	0.05172	0.15470	0.05991	0.17000	0.12220	0.07601	0.00828	0.00523	0.00155	0.00407	0.02322	0.01774	0.09122

[dist]
# distance from previous block
# <min> <max>
7	16

[block]
# block no. 2 follows, 50 sequences, length 15
# corresponding to MSA columns:
# 281-295
name=unknown_C
#
# <colnr> <probs for GDERKNQSTAVLIFYWHMCP>
#	G	D	E	R	K	N	Q	S	T	A	V	L	I	F	Y	W	H	M	C	P
0	0.02571	0.00620	0.00633	0.00601	0.00783	0.03645	0.00453	0.00952	0.01176	0.06478	0.13727	0.09378	0.49314	0.01110	0.00560	0.00161	0.00296	0.00931	0.02745	0.03865
1	0.00997	0.05052	0.45449	0.01140	0.01696	0.01005	0.01305	0.01479	0.05990	0.01575	0.01143	0.09220	0.00981	0.00569	0.00462	0.00141	0.00576	0.00465	0.00275	0.20481
2	0.25262	0.01328	0.09384	0.00951	0.01310	0.07024	0.00841	0.28992	0.03543	0.02304	0.04375	0.01575	0.09844	0.00635	0.00453	0.00153	0.00499	0.00470	0.00395	0.00665
3	0.01335	0.04060	0.01359	0.01032	0.01379	0.01015	0.09968	0.16731	0.12900	0.11345	0.04704	0.02108	0.09099	0.00685	0.00509	0.00149	0.00468	0.06027	0.00436	0.14693
4	0.00890	0.00719	0.00865	0.00795	0.00942	0.04234	0.00616	0.05909	0.01090	0.01532	0.16465	0.04009	0.05078	0.04413	0.33788	0.00428	0.05303	0.00608	0.04665	0.07654
5	0.01283	0.39246	0.15583	0.00945	0.01420	0.04913	0.00957	0.01533	0.01070	0.06582	0.00865	0.00966	0.00703	0.00437	0.00377	0.00112	0.00537	0.00310	0.00262	0.21901
6	0.01004	0.01295	0.14880	0.01413	0.04918	0.05621	0.24950	0.01301	0.01082	0.01461	0.01620	0.20310	0.06532	0.00779	0.00611	0.00168	0.04994	0.00727	0.00309	0.06025
7	0.00825	0.00667	0.01010	0.00855	0.00939	0.00682	0.13301	0.00902	0.00803	0.01087	0.01416	0.02798	0.01559	0.63371	0.02151	0.00413	0.05868	0.00683	0.00288	0.00380
8	0.16377	0.01274	0.03472	0.01106	0.01481	0.05674	0.08872	0.28824	0.12708	0.06475	0.02780	0.01287	0.00956	0.00554	0.00466	0.00150	0.00528	0.00442	0.00414	0.06159
9	0.01100	0.26620	0.56732	0.01250	0.01894	0.01402	0.01545	0.01553	0.01040	0.01457	0.00834	0.00977	0.00634	0.00459	0.00427	0.00142	0.00676	0.00338	0.00211	0.00708
10	0.00968	0.00662	0.00801	0.00738	0.00915	0.00659	0.00562	0.01437	0.18396	0.10069	0.42013	0.10446	0.08394	0.00967	0.00566	0.00164	0.00296	0.00842	0.00533	0.00571
11	0.01015	0.06202	0.76408	0.01395	0.02118	0.01194	0.01797	0.01575	0.01051	0.01560	0.00885	0.01041	0.00632	0.00471	0.00467	0.00156	0.00727	0.00364	0.00211	0.00732
12	0.00750	0.00605	0.00783	0.00795	0.00917	0.00601	0.04096	0.01097	0.14559	0.01452	0.02905	0.48437	0.14997	0.01297	0.00606	0.00191	0.00335	0.04627	0.00461	0.00489
13	0.01077	0.01024	0.01740	0.44988	0.38669	0.01143	0.01452	0.01392	0.01061	0.01438	0.00910	0.01285	0.00722	0.00473	0.00496	0.00158	0.00631	0.00444	0.00233	0.00663
14	0.00760	0.00593	0.00886	0.16672	0.01323	0.00691	0.00709	0.00933	0.00824	0.01142	0.01294	0.02097	0.01246	0.19031	0.48901	0.00611	0.01030	0.00555	0.00265	0.00438

[dist]
# distance from previous block
# <min> <max>
0	2

[block]
# block no. 3 follows, 50 sequences, length 20
# corresponding to MSA columns:
# 298-317
name=unknown_D
#
# <colnr> <probs for GDERKNQSTAVLIFYWHMCP>
#	G	D	E	R	K	N	Q	S	T	A	V	L	I	F	Y	W	H	M	C	P
0	0.02330	0.00930	0.01234	0.00964	0.01354	0.00800	0.00781	0.02489	0.01493	0.78413	0.02063	0.01845	0.01334	0.00691	0.00550	0.00175	0.00464	0.00537	0.00650	0.00903
1	0.01016	0.03534	0.15244	0.14730	0.24238	0.01026	0.01225	0.01452	0.09082	0.01579	0.06511	0.02113	0.09626	0.00670	0.00517	0.00162	0.00539	0.05764	0.00319	0.00655
2	0.00992	0.00525	0.00532	0.00509	0.00644	0.00535	0.00387	0.06148	0.01130	0.01942	0.01598	0.01815	0.01250	0.00582	0.00358	0.00118	0.00253	0.00464	0.79729	0.00490
3	0.00727	0.00561	0.00798	0.00813	0.00873	0.00644	0.00616	0.00866	0.00851	0.01197	0.01723	0.23359	0.01848	0.07548	0.42760	0.00537	0.08883	0.04633	0.00326	0.00436
4	0.00928	0.00877	0.01343	0.36395	0.16243	0.03254	0.03849	0.01191	0.01095	0.01414	0.07351	0.06278	0.16310	0.00725	0.00530	0.00163	0.00535	0.00645	0.00311	0.00562
5	0.01039	0.08545	0.64247	0.01389	0.02026	0.01257	0.04156	0.01538	0.01027	0.01513	0.00861	0.01046	0.00638	0.00505	0.00573	0.00160	0.08183	0.00374	0.00213	0.00709
6	0.00768	0.04033	0.00749	0.00731	0.00849	0.06978	0.00551	0.00899	0.01088	0.01342	0.05511	0.36725	0.23378	0.01303	0.00602	0.00186	0.00364	0.13061	0.00438	0.00444
7	0.44163	0.03638	0.01281	0.03309	0.14366	0.01110	0.07882	0.01546	0.00997	0.08962	0.00935	0.01090	0.00716	0.00488	0.00430	0.00153	0.02879	0.00370	0.05064	0.00621
8	0.01129	0.09863	0.36126	0.05143	0.04947	0.12487	0.03549	0.01493	0.01096	0.01482	0.01096	0.07686	0.00936	0.00573	0.00459	0.00148	0.00639	0.00461	0.10050	0.00637
9	0.01024	0.07932	0.01128	0.00863	0.01069	0.03824	0.00683	0.06008	0.07110	0.01426	0.01186	0.01682	0.01092	0.12876	0.25458	0.00385	0.08530	0.00471	0.00301	0.16953
10	0.11527	0.05476	0.02723	0.15849	0.11308	0.06382	0.05770	0.13243	0.08246	0.06608	0.01080	0.01280	0.00835	0.02511	0.00579	0.00164	0.04976	0.00435	0.00333	0.00675
11	0.01029	0.14562	0.13618	0.01546	0.17275	0.01085	0.11583	0.01319	0.01084	0.01462	0.01503	0.13913	0.01516	0.00791	0.00535	0.00170	0.00568	0.15513	0.00310	0.00619
12	0.02236	0.00848	0.01157	0.00887	0.01272	0.00733	0.00733	0.02429	0.01427	0.79719	0.01966	0.01697	0.01234	0.00617	0.00501	0.00154	0.00424	0.00501	0.00617	0.00848
13	0.00761	0.00653	0.00616	0.00603	0.00771	0.06133	0.00454	0.00928	0.02571	0.03208	0.10750	0.07333	0.55290	0.01143	0.00567	0.00164	0.00308	0.02495	0.04799	0.00455
14	0.04713	0.01091	0.03696	0.00942	0.01254	0.04211	0.00775	0.28393	0.07141	0.19129	0.16682	0.01932	0.01763	0.05258	0.00621	0.00172	0.00460	0.00558	0.00498	0.00713
15	0.00979	0.00765	0.00869	0.00831	0.01020	0.00817	0.00634	0.01705	0.36169	0.04630	0.15063	0.17995	0.09917	0.00998	0.00564	0.00176	0.00340	0.05416	0.00502	0.00610
16	0.00619	0.00442	0.00592	0.00708	0.00742	0.00415	0.00483	0.00715	0.00966	0.01286	0.02741	0.77502	0.03271	0.01550	0.00639	0.00204	0.00300	0.05955	0.00462	0.00408
17	0.01053	0.01152	0.03581	0.06119	0.02101	0.03332	0.46957	0.01397	0.02960	0.01487	0.01377	0.18919	0.01312	0.00707	0.00643	0.00177	0.05085	0.00740	0.00300	0.00602
18	0.06464	0.01132	0.03143	0.01155	0.01558	0.01100	0.13500	0.20272	0.10300	0.29620	0.01481	0.01440	0.01018	0.00562	0.00498	0.00153	0.00521	0.00484	0.00474	0.05127
19	0.00668	0.00504	0.00622	0.00660	0.00753	0.00474	0.00469	0.00879	0.05456	0.01544	0.25537	0.41373	0.16605	0.01301	0.00607	0.00181	0.00273	0.01155	0.00490	0.00448

[dist]
# distance from previous block
# <min> <max>
0	2

[block]
# block no. 4 follows, 50 sequences, length 17
# corresponding to MSA columns:
# 320-336
name=unknown_E
#
# <colnr> <probs for GDERKNQSTAVLIFYWHMCP>
#	G	D	E	R	K	N	Q	S	T	A	V	L	I	F	Y	W	H	M	C	P
0	0.01223	0.01170	0.01974	0.05764	0.74059	0.01183	0.01500	0.01558	0.03727	0.01631	0.00972	0.01258	0.00810	0.00454	0.00494	0.00149	0.00588	0.00448	0.00255	0.00781
1	0.03345	0.01146	0.05047	0.01351	0.01701	0.01111	0.25714	0.14412	0.10328	0.09634	0.01536	0.12243	0.01333	0.00721	0.00601	0.00173	0.04153	0.04376	0.00396	0.00681
2	0.00941	0.00886	0.01495	0.81285	0.03433	0.01107	0.01384	0.01274	0.00997	0.01274	0.00886	0.01329	0.00664	0.00498	0.00498	0.00166	0.00664	0.00443	0.00221	0.00554
3	0.01361	0.01120	0.01198	0.01007	0.01337	0.01231	0.00798	0.19560	0.50567	0.02263	0.01683	0.01596	0.01261	0.00617	0.00486	0.00152	0.00426	0.00501	0.00476	0.12360
4	0.01212	0.00910	0.01068	0.00788	0.01211	0.00741	0.00632	0.03562	0.07162	0.10741	0.01109	0.01179	0.00860	0.00428	0.00399	0.00093	0.00382	0.00344	0.00355	0.66825
5	0.01159	0.01089	0.01817	0.30280	0.49675	0.01172	0.01455	0.04569	0.01136	0.01567	0.00930	0.01265	0.00748	0.00469	0.00495	0.00154	0.00616	0.00444	0.00248	0.00710
6	0.00667	0.00505	0.00617	0.00613	0.00738	0.00455	0.00461	0.00855	0.01271	0.01705	0.45169	0.11218	0.27209	0.01163	0.00598	0.00169	0.00258	0.05371	0.00510	0.00449
7	0.01694	0.02096	0.01437	0.01289	0.01490	0.63310	0.00991	0.01818	0.01271	0.01215	0.00745	0.00941	0.00645	0.00592	0.00707	0.00148	0.18443	0.00346	0.00248	0.00571
8	0.00883	0.11754	0.00991	0.00829	0.00970	0.00718	0.00689	0.01051	0.01073	0.05165	0.02347	0.28259	0.02590	0.03325	0.00660	0.00207	0.00416	0.37161	0.00430	0.00482
9	0.00658	0.00469	0.00630	0.00741	0.00789	0.00448	0.00537	0.00776	0.00991	0.01312	0.02674	0.60853	0.03136	0.04773	0.00725	0.00220	0.00337	0.19061	0.00455	0.00414
10	0.00640	0.00496	0.00703	0.00747	0.00823	0.00462	0.04486	0.00754	0.00983	0.01294	0.02902	0.63492	0.13412	0.01567	0.04505	0.00225	0.00364	0.01281	0.00442	0.00423
11	0.10500	0.00884	0.01067	0.00842	0.01185	0.00848	0.00691	0.12647	0.01444	0.50578	0.01684	0.01559	0.01116	0.00594	0.00461	0.00148	0.00411	0.00465	0.12112	0.00765
12	0.01103	0.01073	0.01877	0.35464	0.38389	0.01169	0.08655	0.01420	0.01071	0.01466	0.00915	0.01280	0.00731	0.00476	0.00536	0.00159	0.02850	0.00457	0.00236	0.00674
13	0.00625	0.00451	0.00593	0.00683	0.00732	0.00419	0.00470	0.00738	0.01030	0.01381	0.13260	0.65882	0.06824	0.01469	0.00629	0.00195	0.00285	0.03441	0.00474	0.00416
14	0.01007	0.00902	0.01521	0.01206	0.01453	0.02213	0.27388	0.04919	0.01139	0.01614	0.05749	0.11848	0.07771	0.00806	0.00681	0.03482	0.07087	0.02072	0.16599	0.00544
15	0.01082	0.01112	0.01857	0.01549	0.04931	0.01353	0.21756	0.01282	0.00906	0.01331	0.00926	0.07496	0.00894	0.00786	0.01226	0.00200	0.49933	0.00554	0.00248	0.00579
16	0.05023	0.01317	0.01463	0.03463	0.01472	0.18474	0.08079	0.08904	0.01126	0.01486	0.00945	0.04621	0.00857	0.01046	0.10067	0.00247	0.28595	0.00470	0.00279	0.02067

[dist]
# distance from previous block
# <min> <max>
2	17

[block]
# block no. 5 follows, 50 sequences, length 44
# corresponding to MSA columns:
# 354-397
name=unknown_F
#
# <colnr> <probs for GDERKNQSTAVLIFYWHMCP>
#	G	D	E	R	K	N	Q	S	T	A	V	L	I	F	Y	W	H	M	C	P
0	0.11296	0.07137	0.03638	0.01229	0.04992	0.25309	0.00965	0.10128	0.09384	0.01663	0.00921	0.01079	0.00755	0.00604	0.00703	0.00158	0.18715	0.00384	0.00303	0.00637
1	0.01274	0.12809	0.16831	0.03869	0.39618	0.07214	0.01393	0.05111	0.04337	0.01606	0.00938	0.01140	0.00758	0.00470	0.00463	0.00144	0.00626	0.00401	0.00258	0.00740
2	0.01438	0.01010	0.01457	0.19430	0.21997	0.01070	0.01099	0.07458	0.14418	0.20465	0.02761	0.01574	0.02429	0.00572	0.00502	0.00158	0.00519	0.00496	0.00402	0.00743
3	0.01241	0.08170	0.46205	0.01308	0.03846	0.01300	0.01444	0.18620	0.04357	0.01915	0.01008	0.01129	0.00741	0.00522	0.00504	0.00153	0.03336	0.00394	0.03065	0.00742
4	0.01865	0.00834	0.01117	0.00974	0.05305	0.00757	0.00737	0.05499	0.03928	0.56640	0.02146	0.10328	0.06070	0.00747	0.00520	0.00160	0.00413	0.00627	0.00563	0.00771
5	0.00788	0.00554	0.00633	0.00622	0.00784	0.00496	0.00468	0.00993	0.04970	0.08285	0.13187	0.16925	0.44752	0.01200	0.00588	0.00173	0.00285	0.03328	0.00489	0.00481
6	0.17266	0.00774	0.00932	0.00841	0.01041	0.00809	0.03160	0.08378	0.01142	0.09816	0.06633	0.23519	0.01907	0.03935	0.04149	0.00212	0.04728	0.05963	0.00416	0.04379
7	0.03614	0.01041	0.01180	0.00951	0.01306	0.07197	0.00768	0.06118	0.16146	0.53442	0.01821	0.01623	0.01209	0.00616	0.00494	0.00155	0.00461	0.00492	0.00556	0.00810
8	0.00713	0.00531	0.00785	0.00785	0.00869	0.00614	0.00603	0.00880	0.00796	0.01145	0.01350	0.02039	0.01281	0.08625	0.75669	0.00781	0.01282	0.00546	0.00269	0.00436
9	0.01225	0.01175	0.02007	0.05467	0.77036	0.01182	0.01525	0.01522	0.01131	0.01618	0.00936	0.01237	0.00786	0.00446	0.00494	0.00149	0.00594	0.00444	0.00246	0.00782
10	0.01086	0.23255	0.59975	0.01274	0.01931	0.01368	0.01587	0.01556	0.01042	0.01474	0.00843	0.00987	0.00634	0.00461	0.00434	0.00145	0.00684	0.00342	0.00211	0.00712
11	0.00695	0.00507	0.00653	0.00620	0.00739	0.00465	0.00464	0.00918	0.01380	0.01934	0.71928	0.05685	0.10047	0.01050	0.00589	0.00159	0.00238	0.00925	0.00540	0.00465
12	0.00618	0.00450	0.00583	0.00667	0.00721	0.00415	0.00456	0.00728	0.01031	0.01374	0.12843	0.64527	0.10824	0.01462	0.00625	0.00193	0.00279	0.01315	0.00474	0.00415
13	0.09315	0.01007	0.01568	0.40109	0.27728	0.01123	0.01289	0.04085	0.01090	0.04147	0.00931	0.01246	0.00721	0.00481	0.00475	0.00155	0.00593	0.00424	0.00263	0.03250
14	0.01090	0.18306	0.56387	0.01481	0.10129	0.01322	0.01613	0.01556	0.01053	0.01503	0.00859	0.01021	0.00650	0.00461	0.00445	0.00147	0.00681	0.00356	0.00215	0.00723
15	0.00929	0.00465	0.00465	0.00465	0.00581	0.00465	0.00348	0.01161	0.01045	0.01858	0.01626	0.01858	0.01278	0.00581	0.00348	0.00116	0.00232	0.00465	0.85250	0.00465
16	0.01058	0.00900	0.01046	0.00750	0.01191	0.00689	0.00601	0.03388	0.01070	0.01667	0.00895	0.01038	0.00741	0.00376	0.00373	0.00076	0.00374	0.00300	0.00301	0.83168
17	0.00721	0.00515	0.00709	0.00824	0.00902	0.00503	0.00660	0.00890	0.01066	0.01399	0.02685	0.37851	0.03049	0.01455	0.00666	0.00218	0.00387	0.44605	0.00461	0.00436
18	0.02176	0.00946	0.01217	0.00933	0.01321	0.00877	0.00771	0.15797	0.01589	0.66121	0.01830	0.01608	0.01165	0.00614	0.00501	0.00153	0.00446	0.00492	0.00596	0.00848
19	0.00654	0.00457	0.00581	0.00663	0.00688	0.00438	0.00435	0.00723	0.00898	0.01195	0.02393	0.54333	0.02832	0.25512	0.01202	0.00287	0.00357	0.05562	0.00415	0.00378
20	0.03518	0.04396	0.30265	0.01342	0.04147	0.03736	0.12722	0.06001	0.12410	0.01751	0.03463	0.02624	0.00973	0.00523	0.00482	0.00149	0.00613	0.00454	0.00305	0.10126
21	0.01635	0.00799	0.01000	0.00813	0.01102	0.00754	0.00658	0.12954	0.01502	0.39329	0.18442	0.02262	0.04505	0.00734	0.00510	0.00152	0.00377	0.02264	0.09504	0.00704
22	0.00599	0.00507	0.00515	0.00519	0.00683	0.00427	0.00391	0.00726	0.01129	0.01344	0.04907	0.04796	0.75271	0.02745	0.00628	0.00176	0.00263	0.03494	0.00460	0.00420
23	0.02477	0.17191	0.49411	0.04872	0.02063	0.03936	0.10316	0.01563	0.01065	0.01491	0.00863	0.01042	0.00648	0.00461	0.00456	0.00149	0.00707	0.00375	0.00219	0.00695
24	0.29647	0.04711	0.04563	0.00858	0.01237	0.01015	0.00745	0.09506	0.01292	0.39682	0.01367	0.01287	0.00914	0.00550	0.00428	0.00152	0.00442	0.00404	0.00468	0.00733
25	0.00616	0.00440	0.00588	0.00704	0.00737	0.00412	0.00478	0.00709	0.00963	0.01282	0.02743	0.78808	0.03278	0.01554	0.00638	0.00204	0.00297	0.04682	0.00463	0.00407
26	0.00605	0.00443	0.00569	0.00670	0.00717	0.00407	0.00452	0.00697	0.00977	0.01282	0.03037	0.72415	0.12852	0.01524	0.00630	0.00198	0.00285	0.01371	0.00463	0.00407
27	0.01242	0.03453	0.43821	0.01261	0.01796	0.03738	0.03878	0.05363	0.08156	0.11440	0.01306	0.01653	0.01018	0.00607	0.00519	0.00164	0.01831	0.07703	0.00329	0.00722
28	0.00624	0.00445	0.00597	0.00713	0.00749	0.00419	0.00491	0.00722	0.00970	0.01291	0.02738	0.75816	0.03261	0.01546	0.00641	0.00205	0.00303	0.07598	0.00462	0.00409
29	0.76845	0.02798	0.02230	0.00839	0.06390	0.01142	0.00637	0.01472	0.00875	0.02160	0.00714	0.00843	0.00561	0.00461	0.00324	0.00153	0.00409	0.00284	0.00300	0.00563
30	0.00733	0.00583	0.02719	0.00651	0.00796	0.00514	0.00514	0.01007	0.04148	0.01895	0.59990	0.03690	0.12535	0.01013	0.00575	0.00159	0.00264	0.03499	0.04233	0.00483
31	0.01320	0.41054	0.11452	0.01610	0.24245	0.09834	0.01179	0.01566	0.01095	0.01359	0.00796	0.00967	0.00683	0.00446	0.00402	0.00127	0.00613	0.00336	0.00227	0.00689
32	0.86003	0.00964	0.00733	0.00655	0.00964	0.01118	0.00540	0.01465	0.00848	0.02236	0.00694	0.00810	0.00540	0.00463	0.00308	0.00154	0.00386	0.00270	0.00308	0.00540
33	0.01286	0.01232	0.01021	0.00896	0.01141	0.22068	0.00696	0.17151	0.03405	0.04307	0.02796	0.02720	0.35029	0.00877	0.00560	0.00155	0.02984	0.00682	0.00414	0.00579
34	0.01021	0.07587	0.75073	0.01385	0.02102	0.01208	0.01780	0.01573	0.01050	0.01553	0.00882	0.01037	0.00632	0.00471	0.00464	0.00155	0.00724	0.00362	0.00211	0.00731
35	0.00702	0.00509	0.00662	0.00624	0.00743	0.00469	0.00468	0.00935	0.01403	0.01981	0.77105	0.03752	0.06719	0.01026	0.00588	0.00157	0.00236	0.00906	0.00546	0.00469
36	0.01745	0.02181	0.01430	0.01288	0.01506	0.68527	0.00982	0.01871	0.01314	0.01217	0.00753	0.00928	0.00644	0.00568	0.00629	0.00142	0.13113	0.00338	0.00251	0.00573
37	0.01857	0.01377	0.01474	0.01139	0.01531	0.01528	0.00938	0.73340	0.06777	0.03080	0.01245	0.01235	0.00887	0.00603	0.00499	0.00151	0.00540	0.00455	0.00499	0.00844
38	0.00628	0.00449	0.00602	0.00718	0.00756	0.00423	0.00499	0.00730	0.00975	0.01296	0.02736	0.73947	0.03251	0.01542	0.00642	0.00205	0.00307	0.09420	0.00462	0.00411
39	0.00674	0.00508	0.00622	0.00594	0.00725	0.00457	0.00445	0.00879	0.01336	0.01820	0.58848	0.04017	0.25077	0.01086	0.00588	0.00160	0.00240	0.00943	0.00525	0.00457
40	0.00719	0.00524	0.00685	0.00717	0.00827	0.00495	0.00568	0.00920	0.01228	0.01658	0.35803	0.11165	0.11707	0.04062	0.00695	0.00198	0.00327	0.26759	0.00493	0.00450
41	0.01616	0.17117	0.01662	0.01203	0.01448	0.47359	0.00966	0.04873	0.01251	0.01287	0.00751	0.00929	0.00652	0.00570	0.00655	0.00142	0.16334	0.00338	0.00251	0.00594
42	0.02126	0.00824	0.01121	0.00868	0.01234	0.00714	0.00714	0.02322	0.01426	0.74106	0.07537	0.01843	0.01484	0.00646	0.00508	0.00154	0.00410	0.00530	0.00612	0.00821
43	0.06269	0.01036	0.01197	0.00958	0.01312	0.01069	0.00779	0.22664	0.17770	0.36200	0.01694	0.01555	0.01155	0.00615	0.00487	0.00155	0.00443	0.00487	0.03349	0.00807

[dist]
# distance from previous block
# <min> <max>
0	6

[block]
# block no. 6 follows, 50 sequences, length 14
# corresponding to MSA columns:
# 404-417
name=unknown_G
#
# <colnr> <probs for GDERKNQSTAVLIFYWHMCP>
#	G	D	E	R	K	N	Q	S	T	A	V	L	I	F	Y	W	H	M	C	P
0	0.01388	0.05106	0.01116	0.00914	0.01135	0.25713	0.00718	0.12454	0.01325	0.01741	0.01218	0.01381	0.02527	0.00582	0.00505	0.00131	0.06738	0.00411	0.30660	0.04238
1	0.01001	0.00833	0.00792	0.00714	0.00873	0.07784	0.00515	0.15393	0.01256	0.01566	0.05461	0.03196	0.27734	0.29302	0.01237	0.00270	0.00446	0.00754	0.00399	0.00476
2	0.01207	0.52469	0.31823	0.01067	0.01611	0.01664	0.01227	0.01525	0.01028	0.01326	0.00769	0.00895	0.00637	0.00444	0.00378	0.00126	0.00610	0.00305	0.00212	0.00676
3	0.00866	0.00433	0.00649	0.00649	0.00649	0.00433	0.00433	0.00649	0.00649	0.00866	0.00866	0.01515	0.00866	0.01732	0.01948	0.85498	0.00433	0.00433	0.00216	0.00216
4	0.00649	0.00464	0.00624	0.00727	0.00778	0.00439	0.00522	0.00772	0.01024	0.01368	0.08782	0.62751	0.03334	0.01487	0.00641	0.00203	0.00314	0.14231	0.00469	0.00419
5	0.05307	0.01529	0.01397	0.02940	0.01525	0.18061	0.00919	0.49794	0.07375	0.02541	0.01228	0.01252	0.02680	0.00594	0.00483	0.00148	0.00600	0.00437	0.00433	0.00757
6	0.04071	0.01247	0.01257	0.06275	0.02989	0.11835	0.00885	0.19424	0.27392	0.01998	0.01529	0.01588	0.04696	0.00858	0.05881	0.00203	0.06278	0.00497	0.00404	0.00694
7	0.00826	0.00459	0.00688	0.00688	0.00711	0.00482	0.00482	0.00711	0.00688	0.00941	0.00986	0.01629	0.00964	0.02247	0.22130	0.63739	0.00665	0.00459	0.00229	0.00275
8	0.00610	0.00506	0.00534	0.00527	0.00686	0.00430	0.00395	0.00755	0.01185	0.01462	0.18205	0.04606	0.65944	0.01219	0.00589	0.00166	0.00249	0.01025	0.00478	0.00430
9	0.01153	0.01226	0.07422	0.19346	0.54776	0.01169	0.04701	0.01482	0.01102	0.01549	0.00927	0.01246	0.00751	0.00457	0.00497	0.00153	0.00628	0.00445	0.00239	0.00731
10	0.30941	0.00888	0.01011	0.00808	0.01167	0.00865	0.00667	0.02099	0.01228	0.53167	0.01530	0.01393	0.00996	0.00564	0.00435	0.00154	0.00411	0.00422	0.00511	0.00743
11	0.00954	0.00872	0.01118	0.01020	0.01103	0.04396	0.03591	0.06387	0.01022	0.01392	0.01881	0.33247	0.07934	0.01123	0.00990	0.00197	0.31037	0.00872	0.00356	0.00508
12	0.02165	0.00963	0.01228	0.00941	0.01330	0.00904	0.00778	0.18252	0.01619	0.63623	0.01805	0.01591	0.01153	0.00613	0.00501	0.00153	0.00450	0.00490	0.00592	0.00848
13	0.01198	0.01673	0.18533	0.01619	0.02056	0.14808	0.36983	0.01546	0.01135	0.01456	0.01045	0.04818	0.00891	0.06279	0.00716	0.00184	0.03641	0.00536	0.00256	0.00627

[dist]
# distance from previous block
# <min> <max>
0	3

[block]
# block no. 7 follows, 50 sequences, length 14
# corresponding to MSA columns:
# 421-434
name=unknown_H
#
# <colnr> <probs for GDERKNQSTAVLIFYWHMCP>
#	G	D	E	R	K	N	Q	S	T	A	V	L	I	F	Y	W	H	M	C	P
0	0.01062	0.00812	0.01168	0.46177	0.02311	0.00920	0.01005	0.01296	0.01084	0.01587	0.01321	0.01805	0.01077	0.04659	0.02840	0.00207	0.00571	0.00511	0.29006	0.00581
1	0.01244	0.07880	0.03645	0.04853	0.60864	0.04219	0.03632	0.01526	0.01115	0.01546	0.00899	0.01182	0.00758	0.00465	0.00529	0.00148	0.04078	0.00427	0.00242	0.00748
2	0.00931	0.00857	0.01222	0.01095	0.01133	0.01147	0.00894	0.01069	0.00779	0.01182	0.00940	0.01455	0.00903	0.02077	0.34790	0.00463	0.47843	0.00477	0.00239	0.00503
3	0.01133	0.00804	0.01042	0.04092	0.03631	0.00800	0.03444	0.10283	0.11417	0.10850	0.02058	0.31608	0.04099	0.00969	0.00548	0.00168	0.00405	0.02834	0.00450	0.09365
4	0.01171	0.27967	0.47216	0.01257	0.01865	0.01404	0.05995	0.01590	0.01064	0.04907	0.00885	0.01018	0.00668	0.00462	0.00433	0.00142	0.00664	0.00355	0.00232	0.00707
5	0.02214	0.00884	0.01179	0.00904	0.01290	0.00786	0.00747	0.07364	0.01487	0.74699	0.01916	0.01664	0.01209	0.00616	0.00501	0.00154	0.00432	0.00498	0.00609	0.00848
6	0.01468	0.00836	0.00973	0.00795	0.01090	0.00800	0.00640	0.19829	0.01539	0.28388	0.06895	0.02824	0.30063	0.00871	0.00537	0.00158	0.00381	0.00712	0.00528	0.00671
7	0.02983	0.01090	0.01987	0.16958	0.18423	0.02559	0.29256	0.01399	0.01121	0.01542	0.06231	0.05806	0.01221	0.00598	0.00582	0.00168	0.03170	0.03991	0.00285	0.00629
8	0.01274	0.01042	0.01108	0.00984	0.01269	0.01183	0.00769	0.05922	0.67065	0.05462	0.02169	0.01998	0.06110	0.00705	0.00511	0.00167	0.00394	0.00585	0.00509	0.00772
9	0.00678	0.00464	0.00557	0.00603	0.00615	0.00452	0.00366	0.00713	0.00816	0.01088	0.02038	0.34600	0.02402	0.50340	0.01782	0.00372	0.00406	0.01000	0.00366	0.00343
10	0.01201	0.01156	0.05416	0.17532	0.06965	0.01094	0.36094	0.01603	0.05128	0.10190	0.01272	0.07794	0.01028	0.00565	0.00550	0.00167	0.00673	0.00596	0.00314	0.00663
11	0.01620	0.01374	0.01673	0.07762	0.06997	0.11442	0.12536	0.34775	0.03365	0.07733	0.01214	0.01457	0.00928	0.00583	0.00515	0.00155	0.00633	0.04100	0.00398	0.00740
12	0.00597	0.00475	0.00536	0.00585	0.00694	0.00414	0.00414	0.00706	0.01059	0.01315	0.04071	0.37664	0.46936	0.01389	0.00609	0.00183	0.00268	0.01207	0.00463	0.00414
13	0.01401	0.15199	0.22081	0.01359	0.01787	0.26831	0.11795	0.04929	0.01212	0.01438	0.00832	0.01012	0.00664	0.00507	0.00547	0.00146	0.06990	0.00376	0.00244	0.00651

[dist]
# distance from previous block
# <min> <max>
0	3

[block]
# block no. 8 follows, 50 sequences, length 55
# corresponding to MSA columns:
# 438-492
name=unknown_I
#
# <colnr> <probs for GDERKNQSTAVLIFYWHMCP>
#	G	D	E	R	K	N	Q	S	T	A	V	L	I	F	Y	W	H	M	C	P
0	0.01243	0.00950	0.01327	0.05809	0.11365	0.00985	0.08402	0.19054	0.06685	0.05732	0.01588	0.15958	0.01433	0.00746	0.00513	0.00159	0.00476	0.02585	0.12287	0.02706
1	0.00652	0.00462	0.00588	0.00672	0.00708	0.00440	0.00454	0.00734	0.00927	0.01225	0.02565	0.53044	0.06299	0.20438	0.01083	0.00269	0.00349	0.08280	0.00425	0.00387
2	0.01060	0.01014	0.01637	0.44739	0.12739	0.01244	0.04718	0.03937	0.01011	0.01380	0.00851	0.01253	0.00689	0.00585	0.00786	0.00176	0.20901	0.00448	0.00235	0.00598
3	0.05590	0.04958	0.01700	0.11701	0.01863	0.18244	0.22519	0.05036	0.04024	0.01615	0.01062	0.01295	0.00827	0.00506	0.00487	0.00147	0.01934	0.00449	0.15442	0.00601
4	0.01565	0.01820	0.01285	0.01165	0.01382	0.52471	0.00891	0.07438	0.01312	0.01350	0.00925	0.01172	0.00796	0.01271	0.18718	0.00287	0.04925	0.00385	0.00276	0.00566
5	0.01173	0.04025	0.45037	0.01301	0.01806	0.04805	0.01446	0.11108	0.01172	0.01675	0.00885	0.01079	0.00679	0.00613	0.02046	0.00172	0.15479	0.00385	0.00256	0.04857
6	0.01055	0.01103	0.03523	0.09112	0.08123	0.02377	0.20436	0.01299	0.00950	0.01348	0.00991	0.01391	0.02569	0.01083	0.12122	0.00273	0.30917	0.00501	0.00242	0.00586
7	0.00607	0.00447	0.00569	0.00663	0.00716	0.00409	0.00450	0.00703	0.00994	0.01301	0.04930	0.68225	0.15158	0.01502	0.00628	0.00196	0.00282	0.01348	0.00465	0.00409
8	0.00655	0.00472	0.00630	0.00735	0.00793	0.00447	0.00537	0.00782	0.01024	0.01354	0.05772	0.58279	0.06497	0.01486	0.00644	0.00205	0.00324	0.18479	0.00465	0.00420
9	0.01098	0.00716	0.00880	0.00820	0.01020	0.00725	0.00651	0.01619	0.21192	0.14281	0.28447	0.06433	0.04746	0.00958	0.00573	0.00175	0.00349	0.14183	0.00527	0.00607
10	0.01278	0.00848	0.05276	0.01131	0.08275	0.00728	0.06383	0.04235	0.01186	0.25460	0.02026	0.33973	0.01965	0.01046	0.02552	0.00191	0.00460	0.01899	0.00458	0.00631
11	0.00627	0.00515	0.00556	0.00577	0.00719	0.00455	0.00425	0.00801	0.04209	0.01377	0.05777	0.20423	0.57268	0.01298	0.00598	0.00177	0.00271	0.03029	0.00466	0.00434
12	0.82987	0.03879	0.00800	0.00663	0.00975	0.01149	0.00551	0.01466	0.00854	0.02198	0.00694	0.00809	0.00543	0.00461	0.00309	0.00153	0.00391	0.00270	0.00305	0.00543
13	0.01101	0.01662	0.29861	0.18643	0.28917	0.03146	0.06591	0.01510	0.01086	0.01524	0.00912	0.01187	0.00701	0.00466	0.00492	0.00156	0.00683	0.00423	0.00229	0.00709
14	0.01149	0.00650	0.00680	0.00607	0.00785	0.00675	0.00474	0.14479	0.02606	0.04926	0.01571	0.01738	0.01206	0.00587	0.00383	0.00124	0.00297	0.00465	0.66048	0.00550
15	0.00700	0.00525	0.00711	0.00747	0.00786	0.00571	0.00531	0.00800	0.00857	0.01180	0.01964	0.36917	0.02228	0.17687	0.23298	0.00425	0.06896	0.02411	0.00358	0.00408
16	0.00713	0.00529	0.00777	0.00777	0.00857	0.00610	0.00593	0.00874	0.00794	0.01139	0.01357	0.02081	0.01300	0.11170	0.73148	0.00771	0.01255	0.00552	0.00270	0.00432
17	0.00786	0.00636	0.00916	0.00874	0.00938	0.00784	0.00683	0.00934	0.00787	0.01147	0.01226	0.01914	0.01186	0.10619	0.57980	0.00659	0.16686	0.00533	0.00261	0.00451
18	0.01302	0.09455	0.01382	0.01082	0.01269	0.21390	0.00874	0.11350	0.01172	0.01443	0.00965	0.01290	0.00854	0.01569	0.24955	0.00352	0.18024	0.00421	0.00279	0.00572
19	0.82261	0.00959	0.00752	0.00666	0.00978	0.01101	0.00548	0.01508	0.00874	0.05698	0.00751	0.00849	0.00571	0.00470	0.00317	0.00154	0.00387	0.00280	0.00322	0.00554
20	0.01477	0.22122	0.12499	0.06128	0.01701	0.32121	0.04154	0.05558	0.03924	0.01402	0.00845	0.00996	0.00687	0.00506	0.00482	0.00137	0.04016	0.00352	0.00257	0.00637
21	0.00845	0.00652	0.00862	0.00820	0.00939	0.02121	0.00632	0.07162	0.00942	0.01323	0.01337	0.03655	0.01267	0.09808	0.60295	0.00662	0.02415	0.00548	0.00293	0.03422
22	0.01006	0.04233	0.22799	0.00946	0.01294	0.00898	0.00940	0.09110	0.08984	0.03992	0.09169	0.11731	0.14711	0.03067	0.00584	0.00173	0.00462	0.03176	0.02113	0.00611
23	0.01212	0.01388	0.05062	0.08052	0.07119	0.09595	0.44236	0.01666	0.08458	0.01558	0.01113	0.04126	0.00893	0.00515	0.00577	0.00165	0.02771	0.00554	0.00279	0.00661
24	0.02236	0.00848	0.01157	0.00887	0.01272	0.00733	0.00733	0.02429	0.01427	0.79719	0.01966	0.01697	0.01234	0.00617	0.00501	0.00154	0.00424	0.00501	0.00617	0.00848
25	0.01029	0.01635	0.36164	0.01279	0.01734	0.03862	0.12163	0.01414	0.01030	0.05820	0.01171	0.04999	0.00973	0.01429	0.22677	0.00338	0.00886	0.00498	0.00268	0.00632
26	0.01210	0.03518	0.02084	0.01558	0.01913	0.12140	0.40008	0.05241	0.03872	0.01546	0.01470	0.04750	0.08708	0.00724	0.03400	0.00187	0.06149	0.00601	0.00300	0.00619
27	0.00806	0.00589	0.00780	0.00772	0.00888	0.00650	0.00586	0.01114	0.10310	0.03409	0.01859	0.11688	0.06433	0.06432	0.47291	0.00554	0.00920	0.00680	0.03754	0.00485
28	0.00639	0.00450	0.00581	0.00664	0.00689	0.00433	0.00433	0.00710	0.00895	0.01197	0.02413	0.60437	0.02863	0.20206	0.04696	0.00294	0.00381	0.01218	0.00417	0.00383
29	0.05713	0.01373	0.12786	0.01802	0.29442	0.01198	0.01226	0.22708	0.01493	0.15653	0.01170	0.01257	0.00848	0.00522	0.00484	0.00151	0.00561	0.00436	0.00378	0.00796
30	0.01301	0.00911	0.01265	0.22346	0.09175	0.00990	0.00999	0.05790	0.17985	0.16808	0.01682	0.06006	0.01396	0.00726	0.00532	0.00172	0.00501	0.10313	0.00420	0.00680
31	0.02037	0.00916	0.01168	0.00923	0.01290	0.00865	0.00753	0.06159	0.15594	0.61736	0.01940	0.01702	0.01268	0.00627	0.00502	0.00157	0.00425	0.00510	0.00591	0.00837
32	0.00923	0.00680	0.00917	0.00849	0.00957	0.00764	0.00670	0.01115	0.02587	0.08352	0.23512	0.11585	0.08742	0.01433	0.12340	0.00273	0.18928	0.04443	0.00417	0.00511
33	0.03566	0.06669	0.07613	0.03837	0.01340	0.02448	0.00900	0.10704	0.04744	0.15599	0.01801	0.02764	0.03025	0.00915	0.02411	0.00192	0.03768	0.24353	0.02719	0.00635
34	0.04895	0.00687	0.00949	0.04853	0.01161	0.00661	0.04403	0.02785	0.02756	0.20415	0.10808	0.24451	0.07068	0.01038	0.00573	0.00180	0.00393	0.10872	0.00481	0.00570
35	0.01541	0.01821	0.01510	0.01301	0.01549	0.49101	0.10233	0.04998	0.01281	0.01338	0.00902	0.01151	0.00764	0.01055	0.13566	0.00250	0.06395	0.00401	0.00266	0.00577
