[name]
unknown

[dist]
# distance from previous block
# <min> <max>
17	29

[block]
# block no. 0 follows, 47 sequences, length 18
# corresponding to MSA columns:
# 118-127,131-138
name=unknown_A
#
# <colnr> <probs for GDERKNQSTAVLIFYWHMCP>
#	G	D	E	R	K	N	Q	S	T	A	V	L	I	F	Y	W	H	M	C	P
0	0.11568	0.03339	0.09574	0.03338	0.01455	0.05538	0.00925	0.05060	0.28514	0.15432	0.01590	0.01616	0.01177	0.00636	0.00519	0.00166	0.02660	0.01883	0.04260	0.00748
1	0.16826	0.12872	0.07922	0.01048	0.05110	0.09848	0.00871	0.07305	0.06755	0.07840	0.11591	0.01779	0.06881	0.00660	0.00469	0.00153	0.00512	0.00506	0.00390	0.00663
2	0.01687	0.12880	0.05258	0.01470	0.11050	0.30661	0.04032	0.12091	0.05117	0.07200	0.01096	0.03190	0.00881	0.00565	0.00482	0.00146	0.00710	0.00429	0.00338	0.00716
3	0.01419	0.04891	0.15214	0.02090	0.33984	0.23987	0.01382	0.01771	0.04708	0.01562	0.01102	0.01287	0.03276	0.00528	0.00496	0.00151	0.00715	0.00432	0.00273	0.00733
4	0.01530	0.05684	0.14125	0.01371	0.06599	0.27095	0.01138	0.08840	0.23047	0.01798	0.01244	0.01301	0.00959	0.00585	0.00520	0.00156	0.02482	0.00436	0.00354	0.00735
5	0.11216	0.06753	0.01584	0.01505	0.17409	0.04170	0.02568	0.21343	0.15611	0.06531	0.01263	0.01325	0.00957	0.00568	0.00500	0.00155	0.01805	0.00451	0.00405	0.03880
6	0.01302	0.04270	0.21718	0.01692	0.17414	0.01269	0.07889	0.07322	0.22634	0.04980	0.03373	0.01503	0.01118	0.00571	0.00520	0.00164	0.00601	0.00501	0.00366	0.00793
7	0.00757	0.00505	0.00568	0.00568	0.00568	0.00505	0.00316	0.00757	0.00757	0.01010	0.01641	0.03408	0.01893	0.81698	0.02651	0.00505	0.00505	0.00757	0.00316	0.00316
8	0.00747	0.00623	0.02630	0.00768	0.03763	0.00553	0.00566	0.00970	0.01356	0.01866	0.52919	0.07268	0.19624	0.01101	0.00640	0.00170	0.02463	0.00953	0.00521	0.00499
9	0.02021	0.00874	0.01157	0.00888	0.01285	0.00736	0.00724	0.02223	0.01390	0.60658	0.01877	0.05247	0.01288	0.00640	0.00504	0.00147	0.00426	0.00526	0.00573	0.16813
10	0.01295	0.01119	0.01178	0.01060	0.01354	0.01295	0.00824	0.02767	0.77509	0.02178	0.02120	0.01943	0.01590	0.00707	0.00530	0.00177	0.00412	0.00589	0.00530	0.00824
11	0.01341	0.15302	0.01913	0.05342	0.22323	0.11190	0.04774	0.03155	0.09580	0.01536	0.01008	0.01247	0.00848	0.00694	0.03321	0.00185	0.14821	0.00439	0.00283	0.00697
12	0.01101	0.06656	0.71792	0.01448	0.02180	0.04680	0.01832	0.01664	0.01114	0.01612	0.00918	0.01079	0.00661	0.00494	0.00486	0.00161	0.00766	0.00377	0.00222	0.00757
13	0.00905	0.00452	0.00678	0.00678	0.00678	0.00452	0.00452	0.00678	0.00678	0.00905	0.00905	0.01583	0.00905	0.01809	0.02035	0.84848	0.00452	0.00452	0.00226	0.00226
14	0.01236	0.01386	0.02968	0.02304	0.10998	0.01308	0.68366	0.01660	0.01224	0.01672	0.01045	0.01392	0.00794	0.00442	0.00604	0.00173	0.00850	0.00598	0.00263	0.00716
15	0.00984	0.01859	0.45435	0.01232	0.01760	0.01014	0.04783	0.01558	0.08593	0.01806	0.20991	0.02036	0.04347	0.00685	0.00538	0.00167	0.00589	0.00581	0.00351	0.00690
16	0.00623	0.00525	0.00541	0.00542	0.00710	0.00442	0.00405	0.00761	0.01197	0.01445	0.09570	0.07752	0.71080	0.01315	0.00617	0.00176	0.00264	0.01104	0.00489	0.00442
17	0.06521	0.03172	0.13379	0.03648	0.27157	0.06226	0.06049	0.01813	0.01229	0.18291	0.01172	0.01301	0.00862	0.00507	0.00493	0.00152	0.00612	0.00440	0.00342	0.06634

[dist]
# distance from previous block
# <min> <max>
0	6

[block]
# block no. 1 follows, 47 sequences, length 25
# corresponding to MSA columns:
# 150-174
name=unknown_B
#
# <colnr> <probs for GDERKNQSTAVLIFYWHMCP>
#	G	D	E	R	K	N	Q	S	T	A	V	L	I	F	Y	W	H	M	C	P
0	0.01553	0.03603	0.10008	0.07920	0.21341	0.01196	0.16032	0.09880	0.01378	0.20009	0.01261	0.01397	0.00903	0.00526	0.00531	0.00162	0.00643	0.00495	0.00371	0.00793
1	0.85377	0.01007	0.00765	0.00685	0.01007	0.01168	0.00564	0.01531	0.00886	0.02336	0.00725	0.00846	0.00564	0.00483	0.00322	0.00161	0.00403	0.00282	0.00322	0.00564
2	0.00651	0.00466	0.00621	0.00724	0.00767	0.00435	0.00495	0.00763	0.01054	0.01417	0.10950	0.70854	0.03589	0.01565	0.00661	0.00207	0.00301	0.03554	0.00493	0.00432
3	0.01139	0.01139	0.01595	0.01367	0.01367	0.01595	0.01139	0.01253	0.00798	0.01253	0.00684	0.01139	0.00684	0.00911	0.01709	0.00228	0.80745	0.00456	0.00228	0.00570
4	0.00730	0.00533	0.00693	0.00656	0.00781	0.00496	0.00493	0.00965	0.01424	0.02001	0.69754	0.03867	0.09319	0.01223	0.04588	0.00198	0.00305	0.00932	0.00553	0.00487
5	0.00983	0.00926	0.01562	0.80447	0.03587	0.01157	0.01446	0.01331	0.01041	0.01331	0.00926	0.01388	0.00694	0.00521	0.00521	0.00174	0.00694	0.00463	0.00231	0.00579
6	0.05034	0.00553	0.00549	0.00543	0.00723	0.00480	0.00410	0.00801	0.01187	0.01493	0.09069	0.04733	0.70142	0.01261	0.00600	0.00174	0.00270	0.01048	0.00480	0.00449
7	0.01945	0.02482	0.01476	0.01342	0.01610	0.79608	0.01006	0.02079	0.01476	0.01275	0.00805	0.00939	0.00671	0.00537	0.00470	0.00134	0.00939	0.00335	0.00268	0.00604
8	0.00649	0.00464	0.00621	0.00742	0.00778	0.00435	0.00509	0.00750	0.01011	0.01346	0.02862	0.76017	0.03413	0.01618	0.00669	0.00213	0.00315	0.06679	0.00483	0.00427
9	0.01294	0.01467	0.08885	0.01890	0.04161	0.01330	0.49796	0.08655	0.13372	0.01895	0.01228	0.01448	0.00915	0.00503	0.00580	0.00173	0.00762	0.00575	0.00325	0.00747
10	0.01349	0.01146	0.01208	0.01071	0.01375	0.01321	0.00837	0.08613	0.71575	0.02266	0.02051	0.01888	0.01534	0.00700	0.00529	0.00175	0.00425	0.00579	0.00529	0.00829
11	0.85377	0.01007	0.00765	0.00685	0.01007	0.01168	0.00564	0.01531	0.00886	0.02336	0.00725	0.00846	0.00564	0.00483	0.00322	0.00161	0.00403	0.00282	0.00322	0.00564
12	0.01073	0.01067	0.05511	0.06651	0.47632	0.00996	0.01279	0.01343	0.01144	0.01610	0.05606	0.20639	0.01659	0.00781	0.00556	0.00170	0.00534	0.00730	0.00326	0.00694
13	0.01289	0.01237	0.02114	0.03196	0.78450	0.01237	0.01598	0.01598	0.01186	0.01701	0.00980	0.01289	0.00825	0.00464	0.00516	0.00155	0.00619	0.00464	0.00258	0.00825
14	0.01087	0.02634	0.76432	0.01466	0.02223	0.01195	0.01886	0.01679	0.01112	0.04196	0.00972	0.01122	0.00680	0.00500	0.00496	0.00165	0.00759	0.00389	0.00234	0.00773
15	0.02281	0.00874	0.01191	0.00917	0.01310	0.00756	0.00756	0.02484	0.01490	0.76162	0.04682	0.01846	0.01414	0.00659	0.00527	0.00161	0.00436	0.00538	0.00642	0.00873
16	0.01289	0.01237	0.02114	0.03196	0.78450	0.01237	0.01598	0.01598	0.01186	0.01701	0.00980	0.01289	0.00825	0.00464	0.00516	0.00155	0.00619	0.00464	0.00258	0.00825
17	0.00632	0.00461	0.00596	0.00704	0.00750	0.00425	0.00474	0.00727	0.01017	0.01338	0.03124	0.73312	0.11327	0.01599	0.00660	0.00208	0.00298	0.01440	0.00483	0.00425
18	0.00633	0.00458	0.00599	0.00712	0.00752	0.00424	0.00478	0.00727	0.01010	0.01335	0.03032	0.76231	0.08468	0.01611	0.00661	0.00209	0.00300	0.01455	0.00483	0.00424
19	0.01408	0.53178	0.14468	0.01053	0.01520	0.10186	0.01065	0.03983	0.06226	0.01423	0.00874	0.00974	0.00735	0.00486	0.00393	0.00128	0.00622	0.00328	0.00257	0.00694
20	0.01275	0.12710	0.34172	0.01496	0.10959	0.07086	0.03509	0.07571	0.02748	0.01717	0.00953	0.01109	0.00735	0.00487	0.00466	0.00143	0.00667	0.00384	0.00271	0.11543
21	0.03008	0.09016	0.24183	0.01411	0.06047	0.15088	0.05197	0.19890	0.01527	0.08229	0.01066	0.01161	0.00782	0.00537	0.00489	0.00152	0.00698	0.00413	0.00342	0.00765
22	0.01254	0.29671	0.43925	0.01275	0.01892	0.03417	0.03232	0.06840	0.01191	0.01609	0.00884	0.01023	0.00682	0.00487	0.00444	0.00146	0.00690	0.00359	0.00244	0.00737
23	0.20142	0.16392	0.08251	0.24301	0.01965	0.07129	0.01034	0.01494	0.01104	0.03471	0.09153	0.01381	0.01122	0.00558	0.00445	0.00154	0.00574	0.00424	0.00298	0.00609
24	0.38787	0.19631	0.05674	0.00959	0.01341	0.05472	0.05816	0.07952	0.02719	0.02012	0.04730	0.01109	0.00880	0.00521	0.00397	0.00150	0.00524	0.00367	0.00321	0.00639

[dist]
# distance from previous block
# <min> <max>
30	75

[block]
# block no. 2 follows, 47 sequences, length 8
# corresponding to MSA columns:
# 266-273
name=unknown_C
#
# <colnr> <probs for GDERKNQSTAVLIFYWHMCP>
#	G	D	E	R	K	N	Q	S	T	A	V	L	I	F	Y	W	H	M	C	P
0	0.01081	0.00888	0.04295	0.01360	0.17973	0.00863	0.03062	0.03679	0.01000	0.07071	0.01377	0.02299	0.01353	0.35710	0.10049	0.00385	0.06082	0.00605	0.00319	0.00551
1	0.01211	0.01175	0.02055	0.21660	0.54693	0.01224	0.07292	0.01539	0.01154	0.01610	0.00972	0.01322	0.00791	0.00476	0.00524	0.00161	0.00657	0.00475	0.00252	0.00756
2	0.05567	0.01518	0.07143	0.01170	0.01566	0.07443	0.00997	0.42629	0.21864	0.02675	0.01396	0.01378	0.01022	0.00624	0.00508	0.00161	0.00566	0.00475	0.00473	0.00825
3	0.00744	0.00558	0.00837	0.00837	0.00930	0.00651	0.00651	0.00930	0.00837	0.01209	0.01395	0.02046	0.01302	0.03906	0.79635	0.00837	0.01395	0.00558	0.00279	0.00465
4	0.04043	0.05248	0.23938	0.01236	0.05610	0.09565	0.01162	0.05306	0.01364	0.29241	0.07031	0.01526	0.01216	0.00597	0.00501	0.00157	0.00596	0.00470	0.00421	0.00770
5	0.01101	0.07168	0.59725	0.01587	0.02290	0.01281	0.16344	0.01648	0.01122	0.01628	0.00945	0.01143	0.00686	0.00481	0.00508	0.00164	0.00778	0.00423	0.00229	0.00751
6	0.00629	0.00477	0.00580	0.00663	0.00739	0.00428	0.00456	0.00732	0.01057	0.01354	0.03624	0.57423	0.26893	0.01534	0.00649	0.00200	0.00290	0.01361	0.00483	0.00428
7	0.01161	0.01099	0.01827	0.35619	0.42452	0.01207	0.01489	0.01553	0.05537	0.01573	0.01023	0.01369	0.00814	0.00502	0.00519	0.00164	0.00639	0.00471	0.00262	0.00721

[dist]
# distance from previous block
# <min> <max>
4	6

[block]
# block no. 3 follows, 47 sequences, length 23
# corresponding to MSA columns:
# 280-302
name=unknown_D
#
# <colnr> <probs for GDERKNQSTAVLIFYWHMCP>
#	G	D	E	R	K	N	Q	S	T	A	V	L	I	F	Y	W	H	M	C	P
0	0.01229	0.00629	0.00824	0.00777	0.00934	0.00583	0.00582	0.01364	0.01150	0.25073	0.07681	0.18371	0.02401	0.22816	0.01161	0.00276	0.00424	0.12681	0.00493	0.00550
1	0.01463	0.01730	0.02191	0.14401	0.05261	0.30922	0.33178	0.01767	0.01291	0.01467	0.00936	0.01222	0.00731	0.00490	0.00541	0.00159	0.00862	0.00479	0.00260	0.00650
2	0.01070	0.00995	0.01496	0.01999	0.38948	0.04975	0.03616	0.01322	0.01246	0.01718	0.21386	0.15088	0.02310	0.00815	0.00567	0.00166	0.00495	0.00754	0.00378	0.00657
3	0.04013	0.05940	0.37200	0.01395	0.04416	0.22359	0.01417	0.01822	0.03877	0.06175	0.00977	0.01115	0.00738	0.00546	0.00557	0.00158	0.05921	0.00386	0.00274	0.00712
4	0.00711	0.00495	0.00583	0.00611	0.00644	0.00477	0.00379	0.00764	0.00911	0.01207	0.07794	0.23890	0.09554	0.47643	0.01799	0.00374	0.00411	0.00990	0.00393	0.00368
5	0.01185	0.01162	0.02055	0.26149	0.43967	0.01235	0.11116	0.01516	0.01136	0.01572	0.00964	0.01329	0.00777	0.00492	0.00567	0.00165	0.03154	0.00483	0.00250	0.00728
6	0.01577	0.01258	0.01336	0.01117	0.01461	0.01427	0.00892	0.33170	0.46648	0.02632	0.01762	0.01658	0.01300	0.00673	0.00526	0.00168	0.00478	0.00539	0.00526	0.00850
7	0.01392	0.82012	0.02729	0.00891	0.01337	0.02061	0.00891	0.01559	0.01058	0.01225	0.00724	0.00835	0.00668	0.00446	0.00334	0.00111	0.00557	0.00278	0.00223	0.00668
8	0.30382	0.01145	0.01184	0.00949	0.01324	0.01235	0.00781	0.28884	0.05571	0.21680	0.01317	0.01279	0.00913	0.00586	0.00455	0.00160	0.00475	0.00425	0.00485	0.00773
9	0.01085	0.12038	0.70015	0.01414	0.02146	0.01310	0.01802	0.01639	0.01095	0.01599	0.00910	0.01068	0.00661	0.00489	0.00476	0.00159	0.00745	0.00372	0.00220	0.00758
10	0.00638	0.00501	0.00578	0.00617	0.00732	0.00440	0.00440	0.00770	0.01154	0.01467	0.13855	0.32914	0.41242	0.01401	0.00633	0.00187	0.00276	0.01219	0.00495	0.00440
11	0.00705	0.00555	0.00652	0.00696	0.00848	0.00502	0.00567	0.00882	0.01202	0.01490	0.07080	0.05296	0.47008	0.01355	0.00655	0.00200	0.00345	0.29023	0.00485	0.00457
12	0.04771	0.00906	0.01004	0.00882	0.01135	0.00971	0.00690	0.10380	0.30722	0.07318	0.26646	0.02654	0.08051	0.00843	0.00553	0.00168	0.00368	0.00708	0.00538	0.00690
13	0.08163	0.17652	0.03898	0.06739	0.10665	0.01338	0.26941	0.01757	0.01193	0.15103	0.01116	0.01288	0.00830	0.00489	0.00499	0.00156	0.00655	0.00472	0.00323	0.00724
14	0.00638	0.00458	0.00600	0.00712	0.00747	0.00427	0.00474	0.00727	0.00996	0.01321	0.02916	0.75746	0.06177	0.04462	0.00733	0.00221	0.00308	0.01441	0.00477	0.00420
15	0.00666	0.00508	0.00554	0.00573	0.00666	0.00459	0.00383	0.00747	0.01012	0.01261	0.03665	0.16838	0.40480	0.28370	0.01307	0.00292	0.00351	0.01046	0.00427	0.00395
16	0.13299	0.24606	0.29055	0.01265	0.06841	0.05501	0.01259	0.04943	0.01165	0.06345	0.00923	0.01041	0.00708	0.00494	0.00428	0.00146	0.00628	0.00355	0.00279	0.00719
17	0.01099	0.01571	0.23273	0.28059	0.10246	0.01239	0.20274	0.01525	0.01107	0.01535	0.00954	0.01292	0.00721	0.00506	0.00591	0.00172	0.04433	0.00479	0.00239	0.00686
18	0.00751	0.00529	0.00690	0.00690	0.00732	0.00571	0.00467	0.00835	0.00793	0.01100	0.01530	0.02792	0.01626	0.46544	0.37439	0.00655	0.00907	0.00667	0.00299	0.00383
19	0.10115	0.14178	0.07745	0.25475	0.09438	0.04923	0.03826	0.03324	0.05097	0.07660	0.01029	0.01241	0.00786	0.00526	0.00498	0.00158	0.02583	0.00419	0.00298	0.00679
20	0.03516	0.08917	0.21776	0.03284	0.05092	0.38599	0.05594	0.01874	0.03958	0.01466	0.00901	0.01057	0.00711	0.00514	0.00475	0.00147	0.00810	0.00376	0.00261	0.00673
21	0.01085	0.00674	0.00798	0.00733	0.00892	0.00655	0.00530	0.07054	0.05972	0.13473	0.12134	0.15822	0.13693	0.22784	0.01144	0.00265	0.00393	0.00880	0.00480	0.00537
22	0.01255	0.00973	0.01170	0.08825	0.04993	0.01053	0.00841	0.28695	0.08844	0.02175	0.05273	0.24913	0.06838	0.00970	0.00573	0.00177	0.00459	0.00833	0.00470	0.00667

[dist]
# distance from previous block
# <min> <max>
1	13

[block]
# block no. 4 follows, 47 sequences, length 6
# corresponding to MSA columns:
# 316-321
name=unknown_E
#
# <colnr> <probs for GDERKNQSTAVLIFYWHMCP>
#	G	D	E	R	K	N	Q	S	T	A	V	L	I	F	Y	W	H	M	C	P
0	0.00857	0.04674	0.06668	0.00895	0.01105	0.05509	0.05983	0.01069	0.01206	0.01557	0.17955	0.22918	0.18673	0.01146	0.00606	0.00182	0.00424	0.07620	0.00441	0.00513
1	0.01331	0.01515	0.06472	0.24224	0.30806	0.19545	0.01387	0.01624	0.01202	0.01494	0.00918	0.01213	0.00739	0.00495	0.00498	0.00152	0.00712	0.00421	0.00253	0.04999
2	0.01341	0.01039	0.01454	0.01120	0.01501	0.00987	0.14437	0.11728	0.12671	0.11392	0.04637	0.04983	0.08093	0.00663	0.00523	0.00148	0.00492	0.00593	0.00435	0.21764
3	0.01182	0.01814	0.29986	0.02258	0.26552	0.01253	0.26049	0.01639	0.01169	0.01672	0.00987	0.01259	0.00754	0.00467	0.00540	0.00165	0.00757	0.00484	0.00246	0.00765
4	0.00725	0.00534	0.00682	0.00765	0.00832	0.00526	0.00541	0.00959	0.07813	0.01463	0.07788	0.58213	0.03263	0.05209	0.00747	0.00222	0.00335	0.08433	0.00485	0.00464
5	0.01308	0.37231	0.06103	0.09406	0.06760	0.10528	0.10140	0.01550	0.01134	0.01360	0.01125	0.01306	0.05901	0.00543	0.00492	0.00142	0.03642	0.00423	0.00254	0.00652

[dist]
# distance from previous block
# <min> <max>
0	1

[block]
# block no. 5 follows, 47 sequences, length 34
# corresponding to MSA columns:
# 323-356
name=unknown_F
#
# <colnr> <probs for GDERKNQSTAVLIFYWHMCP>
#	G	D	E	R	K	N	Q	S	T	A	V	L	I	F	Y	W	H	M	C	P
0	0.00893	0.00608	0.00691	0.00680	0.00847	0.00571	0.00517	0.05332	0.03748	0.06675	0.05558	0.20118	0.34334	0.01200	0.00590	0.00179	0.00319	0.06378	0.10250	0.00513
1	0.00674	0.00470	0.00593	0.00675	0.00695	0.00449	0.00429	0.00735	0.00920	0.01227	0.02475	0.56290	0.02946	0.27381	0.01303	0.00306	0.00367	0.01248	0.00429	0.00388
2	0.01105	0.10890	0.63432	0.01381	0.02070	0.01307	0.01709	0.01748	0.08498	0.01656	0.01027	0.01153	0.00751	0.00510	0.00481	0.00160	0.00713	0.00393	0.00250	0.00764
3	0.01619	0.39140	0.06962	0.01121	0.01518	0.29066	0.01005	0.09184	0.03327	0.01497	0.00854	0.00958	0.00714	0.00505	0.00415	0.00129	0.00702	0.00332	0.00276	0.00678
4	0.00658	0.00463	0.00597	0.00694	0.00719	0.00439	0.00451	0.00731	0.00950	0.01267	0.02630	0.66125	0.03141	0.17278	0.01053	0.00269	0.00342	0.01339	0.00451	0.00402
5	0.02897	0.10447	0.39220	0.04338	0.02136	0.16632	0.13938	0.01714	0.01184	0.01537	0.00903	0.01097	0.00684	0.00489	0.00491	0.00155	0.00789	0.00403	0.00239	0.00705
6	0.00745	0.00556	0.00824	0.00824	0.00913	0.00644	0.00635	0.00922	0.00833	0.01200	0.01406	0.02109	0.01329	0.07505	0.76073	0.00822	0.01354	0.00567	0.00281	0.00458
7	0.00644	0.00460	0.00615	0.00736	0.00770	0.00431	0.00500	0.00742	0.01006	0.01340	0.02865	0.77855	0.03424	0.01623	0.00667	0.00213	0.00310	0.04890	0.00483	0.00426
8	0.01092	0.00603	0.00814	0.00797	0.00956	0.00555	0.00620	0.01280	0.01282	0.19277	0.23584	0.26911	0.03273	0.01211	0.00629	0.00192	0.00353	0.15469	0.00544	0.00559
9	0.01304	0.01202	0.01589	0.01334	0.01416	0.01599	0.01110	0.16000	0.01120	0.01650	0.00794	0.01161	0.00723	0.00856	0.01477	0.00214	0.65078	0.00458	0.00285	0.00631
10	0.01229	0.01405	0.03073	0.02195	0.02722	0.01317	0.76558	0.01668	0.01229	0.01668	0.01054	0.01405	0.00790	0.00439	0.00615	0.00176	0.00878	0.00615	0.00263	0.00702
11	0.00641	0.00532	0.00579	0.00579	0.00736	0.00476	0.00435	0.00778	0.01116	0.01362	0.04525	0.04476	0.63222	0.04317	0.13591	0.00294	0.00456	0.01000	0.00445	0.00440
12	0.01392	0.82012	0.02729	0.00891	0.01337	0.02061	0.00891	0.01559	0.01058	0.01225	0.00724	0.00835	0.00668	0.00446	0.00334	0.00111	0.00557	0.00278	0.00223	0.00668
13	0.01945	0.02482	0.01476	0.01342	0.01610	0.79608	0.01006	0.02079	0.01476	0.01275	0.00805	0.00939	0.00671	0.00537	0.00470	0.00134	0.00939	0.00335	0.00268	0.00604
14	0.02336	0.00886	0.01209	0.00927	0.01329	0.00765	0.00765	0.02538	0.01491	0.78810	0.02055	0.01773	0.01289	0.00645	0.00524	0.00161	0.00443	0.00524	0.00645	0.00886
15	0.00817	0.00731	0.00804	0.00846	0.00929	0.09692	0.03348	0.00938	0.01099	0.01395	0.08486	0.62944	0.03139	0.01415	0.00636	0.00197	0.00393	0.01273	0.00457	0.00460
16	0.01040	0.04358	0.09548	0.01133	0.01406	0.07203	0.12835	0.01393	0.08577	0.01615	0.16156	0.12128	0.02189	0.00987	0.00733	0.08829	0.00538	0.08379	0.00388	0.00566
17	0.00757	0.00505	0.00568	0.00568	0.00568	0.00505	0.00316	0.00757	0.00757	0.01010	0.01641	0.03408	0.01893	0.81698	0.02651	0.00505	0.00505	0.00757	0.00316	0.00316
18	0.00643	0.00526	0.00568	0.00563	0.00722	0.00450	0.00420	0.00798	0.01243	0.01554	0.21220	0.07720	0.59212	0.01275	0.00617	0.00175	0.00261	0.01079	0.00503	0.00450
19	0.03517	0.66470	0.07627	0.00966	0.01418	0.06871	0.00963	0.04601	0.01139	0.01366	0.00764	0.00876	0.00674	0.00463	0.00361	0.00119	0.00592	0.00297	0.00240	0.00677
20	0.01378	0.01446	0.01953	0.25714	0.13680	0.17379	0.18346	0.09072	0.01337	0.01648	0.01006	0.01360	0.00795	0.00526	0.00535	0.00163	0.00759	0.01945	0.00284	0.00676
21	0.65568	0.01142	0.01055	0.03399	0.03491	0.06149	0.05564	0.03870	0.01018	0.03610	0.00805	0.00947	0.00620	0.00492	0.00372	0.00160	0.00489	0.00328	0.00322	0.00599
22	0.85377	0.01007	0.00765	0.00685	0.01007	0.01168	0.00564	0.01531	0.00886	0.02336	0.00725	0.00846	0.00564	0.00483	0.00322	0.00161	0.00403	0.00282	0.00322	0.00564
23	0.00659	0.00483	0.00614	0.00679	0.00748	0.00443	0.00469	0.00788	0.01124	0.01504	0.20348	0.51389	0.13612	0.03719	0.00703	0.00204	0.00290	0.01287	0.00499	0.00438
24	0.01190	0.35914	0.47056	0.01236	0.01870	0.01566	0.01491	0.01612	0.01082	0.01472	0.00846	0.00989	0.00663	0.00474	0.00427	0.00142	0.00681	0.00340	0.00221	0.00727
25	0.01256	0.26897	0.04208	0.09504	0.23728	0.01554	0.10586	0.01518	0.01076	0.01441	0.00856	0.01141	0.00733	0.00529	0.00651	0.00157	0.12809	0.00420	0.00239	0.00696
26	0.00665	0.00525	0.00599	0.00591	0.00736	0.00459	0.00439	0.00839	0.01289	0.01672	0.34061	0.09398	0.44399	0.01238	0.00618	0.00173	0.00259	0.01061	0.00519	0.00459
27	0.00628	0.00490	0.00571	0.00632	0.00732	0.00432	0.00443	0.00742	0.01097	0.01384	0.05853	0.44085	0.38112	0.01473	0.00641	0.00194	0.00283	0.01290	0.00486	0.00432
28	0.00720	0.00458	0.00623	0.00698	0.00727	0.00433	0.00468	0.00712	0.00907	0.01198	0.02390	0.50872	0.07360	0.01669	0.01102	0.27428	0.00348	0.01126	0.00401	0.00361
29	0.01112	0.00945	0.01097	0.00787	0.01248	0.00727	0.00630	0.04023	0.01129	0.01754	0.00937	0.01086	0.00775	0.00394	0.00391	0.00080	0.00392	0.00314	0.00316	0.81860
30	0.01202	0.00952	0.00965	0.00859	0.01096	0.05847	0.00662	0.22428	0.06611	0.05055	0.03042	0.18558	0.28484	0.01069	0.00580	0.00174	0.00418	0.00892	0.00490	0.00616
31	0.00693	0.00510	0.00646	0.00667	0.00766	0.00468	0.00484	0.00869	0.01258	0.01711	0.39952	0.27493	0.14810	0.03561	0.00691	0.00192	0.00282	0.03966	0.00522	0.00458
32	0.01126	0.01159	0.00947	0.00876	0.01046	0.25935	0.00657	0.01335	0.01475	0.01827	0.53293	0.02941	0.03549	0.00895	0.00568	0.00154	0.00469	0.00747	0.00475	0.00528
33	0.01659	0.02026	0.01644	0.19484	0.02165	0.54393	0.08152	0.01870	0.01354	0.01324	0.00856	0.01085	0.00687	0.00524	0.00495	0.00147	0.00877	0.00391	0.00259	0.00607

[dist]
# distance from previous block
# <min> <max>
5	8

[block]
# block no. 6 follows, 47 sequences, length 79
# corresponding to MSA columns:
# 365-375,378-391,393-446
name=unknown_G
#
# <colnr> <probs for GDERKNQSTAVLIFYWHMCP>
#	G	D	E	R	K	N	Q	S	T	A	V	L	I	F	Y	W	H	M	C	P
0	0.01076	0.01020	0.01729	0.57043	0.26267	0.01181	0.01492	0.01412	0.01085	0.01443	0.00942	0.01358	0.00734	0.00503	0.00519	0.00168	0.00671	0.00463	0.00239	0.00653
1	0.00895	0.00688	0.00809	0.00752	0.00931	0.00695	0.00575	0.01435	0.20607	0.03518	0.46417	0.03545	0.13537	0.01007	0.00594	0.00170	0.00299	0.02401	0.00550	0.00576
2	0.01432	0.01495	0.12483	0.09058	0.17509	0.01397	0.12077	0.26275	0.01544	0.02132	0.01039	0.01261	0.00791	0.00567	0.00646	0.00169	0.08542	0.00475	0.00335	0.00772
3	0.10437	0.00903	0.01159	0.00902	0.01289	0.00820	0.00743	0.04436	0.01457	0.66838	0.04258	0.01733	0.01319	0.00641	0.00507	0.00161	0.00437	0.00511	0.00607	0.00842
4	0.00735	0.00528	0.00709	0.00810	0.00890	0.00509	0.00631	0.00898	0.01112	0.01464	0.07085	0.37243	0.06597	0.04550	0.00759	0.00231	0.00384	0.33936	0.00480	0.00448
5	0.01063	0.00998	0.01668	0.48122	0.24817	0.01136	0.02888	0.01423	0.03845	0.01474	0.01126	0.07087	0.00962	0.00589	0.00532	0.00171	0.00638	0.00543	0.00268	0.00650
6	0.00688	0.00494	0.00652	0.00689	0.00767	0.00459	0.00488	0.00860	0.01246	0.01725	0.42162	0.40938	0.04211	0.01336	0.00638	0.00187	0.00273	0.01199	0.00530	0.00459
7	0.00634	0.00453	0.00604	0.00725	0.00755	0.00423	0.00483	0.00725	0.00997	0.01329	0.02870	0.81358	0.03444	0.01632	0.00665	0.00211	0.00302	0.01480	0.00483	0.00423
8	0.85377	0.01007	0.00765	0.00685	0.01007	0.01168	0.00564	0.01531	0.00886	0.02336	0.00725	0.00846	0.00564	0.00483	0.00322	0.00161	0.00403	0.00282	0.00322	0.00564
9	0.01853	0.01067	0.01251	0.01015	0.01373	0.01105	0.00820	0.18876	0.25464	0.34387	0.05694	0.01816	0.01475	0.00681	0.00530	0.00165	0.00452	0.00553	0.00578	0.00847
10	0.00693	0.00504	0.00658	0.00718	0.00802	0.00470	0.00527	0.00855	0.01189	0.01603	0.26417	0.40267	0.10449	0.01402	0.00652	0.00197	0.00306	0.11327	0.00511	0.00453
11	0.01416	0.00820	0.00998	0.00866	0.01128	0.00816	0.00690	0.05596	0.18607	0.25230	0.23437	0.02812	0.05755	0.00859	0.00563	0.00170	0.00376	0.05987	0.03172	0.00702
12	0.07778	0.01283	0.02191	0.01639	0.02033	0.01331	0.38663	0.18120	0.01418	0.04535	0.01171	0.06066	0.00956	0.00614	0.00695	0.00178	0.09689	0.00588	0.00346	0.00707
13	0.01945	0.02482	0.01476	0.01342	0.01610	0.79608	0.01006	0.02079	0.01476	0.01275	0.00805	0.00939	0.00671	0.00537	0.00470	0.00134	0.00939	0.00335	0.00268	0.00604
14	0.01945	0.02482	0.01476	0.01342	0.01610	0.79608	0.01006	0.02079	0.01476	0.01275	0.00805	0.00939	0.00671	0.00537	0.00470	0.00134	0.00939	0.00335	0.00268	0.00604
15	0.01080	0.00926	0.01080	0.00771	0.01234	0.00694	0.00617	0.01311	0.01080	0.01697	0.00926	0.01080	0.00771	0.00386	0.00386	0.00077	0.00386	0.00309	0.00309	0.84882
16	0.01266	0.01207	0.02019	0.05103	0.67791	0.01224	0.02988	0.01658	0.06626	0.01717	0.01100	0.02995	0.00929	0.00507	0.00522	0.00158	0.00605	0.00497	0.00281	0.00807
17	0.02118	0.00838	0.01138	0.00889	0.01254	0.00728	0.00728	0.02325	0.01488	0.68317	0.12465	0.02062	0.01785	0.00702	0.00536	0.00162	0.00416	0.00581	0.00635	0.00832
18	0.01251	0.01344	0.02725	0.02558	0.30171	0.01288	0.49388	0.01643	0.01213	0.01680	0.01027	0.01363	0.00803	0.00448	0.00579	0.00168	0.00784	0.00560	0.00261	0.00747
19	0.00665	0.00529	0.00596	0.00579	0.00734	0.00461	0.00435	0.00843	0.01304	0.01684	0.34915	0.04556	0.48426	0.01216	0.00615	0.00171	0.00256	0.01035	0.00520	0.00461
20	0.01705	0.01147	0.01759	0.02241	0.45023	0.01124	0.01261	0.09979	0.01421	0.27036	0.01359	0.01443	0.00983	0.00540	0.00519	0.00157	0.00556	0.00484	0.00412	0.00851
21	0.00879	0.00543	0.00720	0.00711	0.00832	0.00497	0.00519	0.01064	0.01303	0.10423	0.42337	0.31732	0.03974	0.01223	0.00622	0.00181	0.00288	0.01090	0.00549	0.00511
22	0.00732	0.00518	0.00607	0.00604	0.00654	0.00514	0.00386	0.00795	0.00886	0.01175	0.07547	0.03509	0.14085	0.52708	0.12715	0.00474	0.00570	0.00797	0.00355	0.00368
23	0.01045	0.02694	0.79000	0.01484	0.02254	0.01209	0.01924	0.01649	0.01099	0.01649	0.00935	0.01099	0.00660	0.00495	0.00495	0.00165	0.00770	0.00385	0.00220	0.00770
24	0.01091	0.01036	0.01757	0.53148	0.30042	0.01185	0.01500	0.01425	0.01092	0.01462	0.00945	0.01353	0.00740	0.00501	0.00519	0.00167	0.00668	0.00463	0.00241	0.00666
25	0.01927	0.05315	0.01524	0.01320	0.01600	0.73815	0.01001	0.04923	0.01498	0.01350	0.00819	0.00947	0.00679	0.00537	0.00467	0.00134	0.00911	0.00338	0.00276	0.00617
26	0.24273	0.00682	0.00692	0.00639	0.00796	0.00703	0.00454	0.01154	0.00994	0.08251	0.12302	0.02770	0.08794	0.33891	0.01359	0.00304	0.00414	0.00662	0.00396	0.00469
27	0.79998	0.01020	0.00807	0.00710	0.01038	0.01173	0.00585	0.04275	0.00960	0.04550	0.00782	0.00887	0.00596	0.00493	0.00335	0.00161	0.00410	0.00296	0.00339	0.00585
28	0.09992	0.07043	0.01470	0.01058	0.01461	0.01428	0.00879	0.45897	0.07231	0.10158	0.01275	0.01267	0.00918	0.00588	0.00479	0.00149	0.00517	0.00438	0.00477	0.07276
29	0.01231	0.01322	0.01394	0.01283	0.04091	0.19152	0.00996	0.01367	0.01009	0.01284	0.01256	0.01585	0.08379	0.01197	0.10309	0.00269	0.42542	0.00504	0.00269	0.00562
30	0.00634	0.00455	0.00602	0.00721	0.00754	0.00423	0.00481	0.00726	0.01001	0.01331	0.02926	0.79600	0.05167	0.01624	0.00664	0.00211	0.00301	0.01472	0.00483	0.00423
31	0.01509	0.00807	0.01006	0.00894	0.01144	0.00790	0.00688	0.06528	0.15097	0.32200	0.02312	0.30618	0.02100	0.01012	0.00576	0.00182	0.00394	0.00879	0.00558	0.00707
32	0.01303	0.01282	0.02291	0.07364	0.02287	0.02808	0.43748	0.06172	0.17321	0.04621	0.02778	0.01572	0.01061	0.00604	0.02204	0.00187	0.00734	0.00586	0.00352	0.00725
33	0.01138	0.00687	0.00869	0.00909	0.08513	0.00603	0.00618	0.01302	0.01254	0.21880	0.03831	0.09239	0.44963	0.01079	0.00585	0.00172	0.00349	0.00912	0.00504	0.00594
34	0.00639	0.00467	0.00604	0.00710	0.00761	0.00431	0.00486	0.00740	0.01026	0.01346	0.03146	0.69836	0.12116	0.01588	0.00661	0.00208	0.00304	0.04019	0.00483	0.00427
35	0.21656	0.00837	0.00892	0.00842	0.01080	0.00887	0.00686	0.08832	0.09386	0.07470	0.03898	0.08878	0.12235	0.00981	0.00549	0.00188	0.00413	0.19228	0.00465	0.00596
36	0.01573	0.01278	0.01672	0.22220	0.02218	0.01432	0.08520	0.41898	0.09595	0.02496	0.01234	0.01372	0.00897	0.00588	0.00531	0.00165	0.00619	0.00494	0.00420	0.00780
37	0.02018	0.01295	0.01449	0.01122	0.01527	0.01385	0.00923	0.53364	0.07572	0.21605	0.01508	0.01427	0.01034	0.00636	0.00522	0.00159	0.00530	0.00491	0.00552	0.00881
38	0.13111	0.01262	0.04364	0.01176	0.03309	0.02488	0.06281	0.18812	0.36105	0.02361	0.04279	0.01604	0.01284	0.00635	0.00505	0.00168	0.00501	0.00519	0.00459	0.00776
39	0.01541	0.04677	0.01422	0.05464	0.06168	0.31627	0.00969	0.06520	0.17326	0.04419	0.01413	0.07087	0.02949	0.00692	0.00579	0.00160	0.05427	0.00523	0.00366	0.00673
40	0.04040	0.01289	0.01307	0.01092	0.01433	0.06914	0.00871	0.27530	0.35035	0.10102	0.03721	0.01642	0.01317	0.00664	0.00518	0.00164	0.00502	0.00525	0.00515	0.00819
41	0.13503	0.19015	0.34110	0.01131	0.01687	0.01335	0.01259	0.06181	0.01195	0.12772	0.01038	0.01111	0.00753	0.00509	0.00439	0.00150	0.00605	0.00370	0.00316	0.02519
42	0.01045	0.02694	0.79000	0.01484	0.02254	0.01209	0.01924	0.01649	0.01099	0.01649	0.00935	0.01099	0.00660	0.00495	0.00495	0.00165	0.00770	0.00385	0.00220	0.00770
43	0.00683	0.00508	0.00593	0.00630	0.00749	0.00447	0.00450	0.00811	0.01145	0.03643	0.10809	0.35613	0.39242	0.01403	0.00633	0.00189	0.00283	0.01222	0.00496	0.00450
44	0.01980	0.01459	0.01563	0.01198	0.01615	0.01615	0.00990	0.76713	0.02448	0.03282	0.01250	0.01250	0.00886	0.00625	0.00521	0.00156	0.00573	0.00469	0.00521	0.00886
45	0.02168	0.01054	0.01300	0.01008	0.01407	0.01028	0.00829	0.22140	0.07173	0.53394	0.01847	0.01647	0.01204	0.00644	0.00523	0.00161	0.00475	0.00514	0.00604	0.00882
46	0.14174	0.00903	0.01145	0.00892	0.01283	0.00823	0.00737	0.02394	0.01404	0.67909	0.01865	0.01640	0.01186	0.00622	0.00495	0.00161	0.00437	0.00489	0.00599	0.00840
47	0.00640	0.00463	0.00606	0.00714	0.00759	0.00429	0.00485	0.00740	0.01025	0.01356	0.04631	0.72675	0.08804	0.01593	0.00661	0.00209	0.00302	0.02997	0.00485	0.00427
48	0.00874	0.00749	0.01086	0.01011	0.01074	0.00962	0.00812	0.01036	0.00824	0.01224	0.01161	0.01748	0.01098	0.02920	0.53991	0.00637	0.27507	0.00524	0.00262	0.00499
49	0.02336	0.00886	0.01209	0.00927	0.01329	0.00765	0.00765	0.02538	0.01491	0.78810	0.02055	0.01773	0.01289	0.00645	0.00524	0.00161	0.00443	0.00524	0.00645	0.00886
50	0.00730	0.00499	0.00570	0.00588	0.00605	0.00488	0.00345	0.00752	0.00822	0.01084	0.02077	0.14730	0.07565	0.64450	0.02220	0.00439	0.00459	0.00886	0.00352	0.00340
51	0.78678	0.01043	0.00829	0.00726	0.01056	0.01204	0.00598	0.07569	0.01012	0.02412	0.00767	0.00878	0.00590	0.00495	0.00338	0.00161	0.00417	0.00297	0.00338	0.00590
52	0.10039	0.01219	0.01365	0.01056	0.01459	0.01281	0.00872	0.44075	0.01971	0.29140	0.01477	0.01391	0.00994	0.00618	0.00503	0.00158	0.00512	0.00470	0.00545	0.00855
53	0.00641	0.00458	0.00612	0.00733	0.00766	0.00429	0.00495	0.00737	0.01004	0.01337	0.02867	0.78886	0.03430	0.01625	0.00666	0.00212	0.00308	0.03887	0.00483	0.00425
54	0.00666	0.00484	0.00629	0.00688	0.00759	0.00446	0.00480	0.00810	0.01165	0.01581	0.27470	0.50780	0.09259	0.01425	0.00645	0.00193	0.00281	0.01279	0.00513	0.00446
55	0.00983	0.00926	0.01562	0.80447	0.03587	0.01157	0.01446	0.01331	0.01041	0.01331	0.00926	0.01388	0.00694	0.00521	0.00521	0.00174	0.00694	0.00463	0.00231	0.00579
56	0.01289	0.01237	0.02114	0.03196	0.78450	0.01237	0.01598	0.01598	0.01186	0.01701	0.00980	0.01289	0.00825	0.00464	0.00516	0.00155	0.00619	0.00464	0.00258	0.00825
57	0.00753	0.00506	0.00567	0.00567	0.00572	0.00503	0.00318	0.00757	0.00771	0.01022	0.01753	0.03458	0.04256	0.79210	0.02588	0.00495	0.00497	0.00768	0.00321	0.00319
58	0.01080	0.00926	0.01080	0.00771	0.01234	0.00694	0.00617	0.01311	0.01080	0.01697	0.00926	0.01080	0.00771	0.00386	0.00386	0.00077	0.00386	0.00309	0.00309	0.84882
59	0.00734	0.00549	0.00708	0.00747	0.00766	0.00585	0.00505	0.00800	0.00891	0.01212	0.02178	0.44301	0.02562	0.28087	0.03960	0.00330	0.09188	0.01100	0.00393	0.00405
60	0.02336	0.00886	0.01209	0.00927	0.01329	0.00765	0.00765	0.02538	0.01491	0.78810	0.02055	0.01773	0.01289	0.00645	0.00524	0.00161	0.00443	0.00524	0.00645	0.00886
61	0.01169	0.01309	0.02825	0.02047	0.02524	0.01227	0.68926	0.01574	0.01206	0.01634	0.01236	0.09426	0.01056	0.00559	0.00620	0.00179	0.00820	0.00701	0.00285	0.00674
62	0.01265	0.01345	0.04963	0.09070	0.24441	0.01299	0.37231	0.06169	0.04167	0.01757	0.01063	0.01366	0.00822	0.00485	0.00586	0.00169	0.02239	0.00538	0.00283	0.00742
63	0.01084	0.01374	0.15122	0.40204	0.10692	0.01213	0.19843	0.01494	0.01111	0.01504	0.00964	0.01333	0.00725	0.00491	0.00539	0.00171	0.00744	0.00487	0.00240	0.00666
64	0.00744	0.00567	0.00664	0.00675	0.00803	0.00528	0.00490	0.06208	0.01263	0.01649	0.18773	0.33212	0.29833	0.01336	0.00627	0.00185	0.00297	0.01166	0.00504	0.00476
65	0.00634	0.00453	0.00604	0.00725	0.00755	0.00423	0.00483	0.00725	0.00997	0.01329	0.02870	0.81358	0.03444	0.01632	0.00665	0.00211	0.00302	0.01480	0.00483	0.00423
66	0.01747	0.01445	0.01425	0.01166	0.01527	0.09172	0.00936	0.44565	0.27541	0.02714	0.01498	0.01452	0.01101	0.00644	0.00519	0.00161	0.00555	0.00496	0.00499	0.00837
67	0.01286	0.01064	0.01270	0.01150	0.06857	0.01081	0.02950	0.02200	0.42572	0.06254	0.01644	0.01611	0.01248	0.00581	0.00487	0.00144	0.00434	0.00492	0.00442	0.26234
68	0.01534	0.01241	0.01472	0.01204	0.01434	0.01484	0.00988	0.41450	0.01705	0.02346	0.01292	0.07050	0.03529	0.00823	0.00965	0.00187	0.29604	0.00557	0.00411	0.00723
69	0.83332	0.01004	0.00776	0.00691	0.01015	0.01158	0.00569	0.01556	0.00901	0.04219	0.00758	0.00869	0.00582	0.00487	0.00327	0.00161	0.00404	0.00288	0.00330	0.00572
70	0.01048	0.00868	0.01013	0.00955	0.01158	0.00999	0.00737	0.01956	0.44257	0.01766	0.01910	0.07648	0.01618	0.01932	0.29213	0.00418	0.00761	0.00641	0.00436	0.00665
71	0.01556	0.01425	0.02397	0.01784	0.03845	0.01445	0.42187	0.34224	0.01757	0.02369	0.01137	0.01335	0.00832	0.00520	0.00572	0.00167	0.00740	0.00548	0.00375	0.00784
72	0.01624	0.00718	0.00969	0.00822	0.01086	0.00634	0.00645	0.01816	0.01395	0.45386	0.21202	0.16966	0.02591	0.00931	0.00572	0.00171	0.00368	0.00804	0.00597	0.00702
73	0.00643	0.00458	0.00608	0.00725	0.00757	0.00430	0.00486	0.00734	0.00994	0.01324	0.02827	0.77066	0.03383	0.04250	0.00731	0.00222	0.00313	0.03149	0.00478	0.00421
74	0.00693	0.00530	0.00659	0.00665	0.00778	0.00514	0.00492	0.00847	0.01088	0.01437	0.16887	0.10480	0.28530	0.09885	0.21699	0.00385	0.00592	0.02963	0.00429	0.00443
75	0.23758	0.13478	0.07312	0.08177	0.11842	0.01359	0.01030	0.15858	0.01338	0.09796	0.01025	0.01139	0.00767	0.00522	0.00438	0.00153	0.00544	0.00389	0.00353	0.00724
76	0.00709	0.00523	0.00662	0.00645	0.00765	0.00477	0.00477	0.00922	0.01383	0.01911	0.59840	0.12304	0.15127	0.01161	0.00620	0.00171	0.00254	0.01021	0.00551	0.00477
77	0.00730	0.00455	0.00628	0.00703	0.00722	0.00436	0.00467	0.00711	0.00881	0.01175	0.02164	0.51620	0.02533	0.04741	0.01200	0.28624	0.00360	0.01108	0.00391	0.00353
78	0.08736	0.04102	0.14053	0.12452	0.02078	0.08604	0.15652	0.05980	0.13261	0.08212	0.01216	0.01350	0.00894	0.00542	0.00508	0.00164	0.00663	0.00471	0.00344	0.00718

[dist]
# distance from previous block
# <min> <max>
2	3

[block]
# block no. 7 follows, 47 sequences, length 25
# corresponding to MSA columns:
# 450-474
name=unknown_H
#
# <colnr> <probs for GDERKNQSTAVLIFYWHMCP>
#	G	D	E	R	K	N	Q	S	T	A	V	L	I	F	Y	W	H	M	C	P
0	0.00872	0.00579	0.00688	0.00645	0.00798	0.00548	0.00494	0.04744	0.01390	0.04015	0.42837	0.03557	0.15405	0.00993	0.00561	0.00159	0.00277	0.03393	0.17535	0.00511
1	0.01069	0.08205	0.73700	0.01443	0.02190	0.01269	0.01852	0.01643	0.01097	0.01620	0.00920	0.01081	0.00660	0.00491	0.00484	0.00161	0.00755	0.00377	0.00220	0.00763
2	0.00655	0.00475	0.00627	0.00727	0.00778	0.00436	0.00490	0.00753	0.01001	0.01347	0.02779	0.77582	0.03319	0.01573	0.00652	0.00205	0.00306	0.01425	0.00475	0.04397
3	0.01163	0.01109	0.01886	0.35014	0.47615	0.01204	0.01536	0.01488	0.01126	0.01549	0.00957	0.01330	0.00771	0.00487	0.00518	0.00162	0.00650	0.00464	0.00247	0.00723
4	0.01059	0.00880	0.00904	0.00802	0.01005	0.07167	0.00619	0.14620	0.04690	0.02118	0.42166	0.03297	0.16665	0.00973	0.00583	0.00163	0.00371	0.00821	0.00521	0.00575
5	0.01289	0.01237	0.02114	0.03196	0.78450	0.01237	0.01598	0.01598	0.01186	0.01701	0.00980	0.01289	0.00825	0.00464	0.00516	0.00155	0.00619	0.00464	0.00258	0.00825
6	0.06860	0.00754	0.00958	0.00809	0.01071	0.00705	0.00647	0.04869	0.01442	0.34563	0.30576	0.02785	0.02710	0.03850	0.00635	0.00179	0.00376	0.04969	0.00570	0.00673
7	0.01289	0.01237	0.02114	0.03196	0.78450	0.01237	0.01598	0.01598	0.01186	0.01701	0.00980	0.01289	0.00825	0.00464	0.00516	0.00155	0.00619	0.00464	0.00258	0.00825
8	0.01203	0.00682	0.00868	0.00749	0.00964	0.00632	0.00585	0.06564	0.01524	0.20781	0.48963	0.03276	0.09181	0.00951	0.00586	0.00164	0.00318	0.00819	0.00580	0.00611
9	0.00731	0.00519	0.00650	0.00668	0.00781	0.00470	0.00487	0.00900	0.01247	0.04154	0.32866	0.29536	0.20302	0.01304	0.00631	0.00184	0.00281	0.03296	0.00524	0.00470
10	0.01218	0.01142	0.01710	0.01541	0.10210	0.01209	0.20032	0.02169	0.41616	0.01987	0.09837	0.01942	0.01657	0.00650	0.00559	0.00173	0.00535	0.00619	0.00437	0.00758
11	0.00637	0.00462	0.00596	0.00701	0.00744	0.00427	0.00470	0.00728	0.01007	0.01327	0.03059	0.71650	0.10472	0.04154	0.00723	0.00217	0.00305	0.01421	0.00478	0.00421
12	0.00627	0.00523	0.00548	0.00553	0.00714	0.00443	0.00410	0.00766	0.01199	0.01461	0.11498	0.10326	0.66506	0.01319	0.00619	0.00177	0.00265	0.01112	0.00491	0.00443
13	0.07568	0.01202	0.01329	0.01044	0.01424	0.01281	0.00856	0.43064	0.07578	0.22165	0.01509	0.01446	0.01044	0.00625	0.00500	0.00157	0.00498	0.00480	0.05393	0.00837
14	0.01392	0.82012	0.02729	0.00891	0.01337	0.02061	0.00891	0.01559	0.01058	0.01225	0.00724	0.00835	0.00668	0.00446	0.00334	0.00111	0.00557	0.00278	0.00223	0.00668
15	0.00662	0.00487	0.00622	0.00687	0.00763	0.00447	0.00483	0.00801	0.01145	0.01531	0.21464	0.49606	0.14421	0.01444	0.00647	0.00196	0.00288	0.03358	0.00505	0.00444
16	0.00695	0.00512	0.00653	0.00673	0.00776	0.00470	0.00494	0.00880	0.01281	0.01745	0.42261	0.26755	0.14538	0.01284	0.00634	0.00183	0.00277	0.04894	0.00530	0.00464
17	0.00930	0.01197	0.16051	0.05748	0.01605	0.04670	0.14528	0.01238	0.01208	0.01645	0.21489	0.23096	0.02525	0.00936	0.00592	0.00178	0.00534	0.00862	0.00392	0.00575
18	0.01171	0.31576	0.51227	0.01268	0.01920	0.01519	0.01548	0.01616	0.01084	0.01495	0.00858	0.01003	0.00663	0.00477	0.00436	0.00145	0.00692	0.00346	0.00221	0.00733
19	0.01113	0.01047	0.01585	0.06012	0.42121	0.05545	0.01212	0.01370	0.01068	0.01479	0.01118	0.01549	0.00983	0.01724	0.29323	0.00403	0.00924	0.00491	0.00265	0.00669
20	0.02989	0.04332	0.15803	0.33334	0.05352	0.01213	0.11592	0.01470	0.03765	0.01528	0.04828	0.03288	0.01005	0.00588	0.00615	0.00174	0.06702	0.00510	0.00269	0.00642
21	0.01384	0.05831	0.01253	0.01014	0.01244	0.11469	0.00796	0.26061	0.01541	0.03894	0.03574	0.21158	0.04087	0.03762	0.04695	0.00216	0.06224	0.00735	0.00425	0.00636
22	0.01433	0.00699	0.00918	0.00773	0.01025	0.00626	0.00611	0.01682	0.03315	0.35180	0.38415	0.03005	0.08325	0.00892	0.00573	0.00164	0.00336	0.00763	0.00597	0.00666
23	0.00809	0.00569	0.00692	0.00733	0.00843	0.00547	0.00519	0.01071	0.09528	0.05938	0.06520	0.49663	0.16240	0.02920	0.00669	0.00202	0.00317	0.01222	0.00499	0.00498
24	0.01439	0.11300	0.25940	0.01205	0.02850	0.03108	0.01205	0.21768	0.11767	0.06626	0.01516	0.01530	0.06237	0.00618	0.00497	0.00158	0.00591	0.00480	0.00387	0.00777

[dist]
# distance from previous block
# <min> <max>
4	11

[block]
# block no. 8 follows, 47 sequences, length 49
# corresponding to MSA columns:
# 486-534
name=unknown_I
#
# <colnr> <probs for GDERKNQSTAVLIFYWHMCP>
#	G	D	E	R	K	N	Q	S	T	A	V	L	I	F	Y	W	H	M	C	P
0	0.01252	0.01278	0.13521	0.02787	0.01449	0.01126	0.00960	0.21424	0.22775	0.02191	0.07815	0.15651	0.03804	0.00852	0.00554	0.00174	0.00481	0.00718	0.00466	0.00721
1	0.01676	0.01073	0.01301	0.01233	0.08908	0.01133	0.00890	0.06781	0.40763	0.27404	0.01937	0.01783	0.01376	0.00658	0.00526	0.00168	0.00452	0.00548	0.00540	0.00848
2	0.01286	0.00765	0.02666	0.07128	0.04139	0.00708	0.00758	0.01541	0.04150	0.24736	0.14518	0.08417	0.06734	0.08847	0.00788	0.00212	0.00434	0.11054	0.00497	0.00621
3	0.01786	0.04921	0.24008	0.08872	0.01820	0.00989	0.01176	0.02118	0.01314	0.45360	0.01560	0.01498	0.01020	0.00580	0.00507	0.00161	0.00568	0.00467	0.00462	0.00813
4	0.01215	0.01377	0.02986	0.06706	0.02772	0.01308	0.72228	0.01649	0.01218	0.01649	0.01046	0.01404	0.00785	0.00444	0.00609	0.00175	0.00867	0.00606	0.00262	0.00695
5	0.00744	0.00558	0.00837	0.00837	0.00930	0.00651	0.00651	0.00930	0.00837	0.01209	0.01395	0.02046	0.01302	0.03906	0.79635	0.00837	0.01395	0.00558	0.00279	0.00465
6	0.02914	0.00958	0.05825	0.23057	0.01988	0.00886	0.08361	0.01622	0.01302	0.22872	0.22391	0.02153	0.02017	0.00693	0.00551	0.00167	0.00519	0.00618	0.00443	0.00662
7	0.01234	0.04541	0.17265	0.08851	0.01653	0.01121	0.01061	0.26462	0.01511	0.02045	0.01653	0.26948	0.01634	0.00904	0.00554	0.00176	0.00538	0.00768	0.00407	0.00674
8	0.00863	0.00694	0.00795	0.00804	0.00951	0.00724	0.00587	0.01437	0.26698	0.01698	0.10306	0.37138	0.12797	0.01225	0.00608	0.00190	0.00328	0.01079	0.00508	0.00566
9	0.01424	0.03551	0.25316	0.04372	0.14978	0.24819	0.11716	0.04799	0.01297	0.01596	0.00928	0.01136	0.00719	0.00500	0.00506	0.00154	0.00796	0.00419	0.00259	0.00717
10	0.00678	0.00480	0.00583	0.00648	0.00681	0.00455	0.00413	0.00739	0.00927	0.01219	0.02650	0.45020	0.10191	0.31249	0.01395	0.00317	0.00373	0.01175	0.00421	0.00385
11	0.01154	0.01683	0.32028	0.01405	0.09053	0.01063	0.05995	0.04923	0.08186	0.04170	0.05560	0.01563	0.04454	0.00566	0.00501	0.00150	0.00589	0.00481	0.00328	0.16148
12	0.01229	0.10470	0.34904	0.01388	0.09276	0.01245	0.01354	0.11494	0.03474	0.01866	0.04372	0.01253	0.00937	0.00517	0.00472	0.00143	0.00611	0.00410	0.00302	0.14283
