[name]
unknown

[dist]
# distance from previous block
# <min> <max>
0	3

[block]
# block no. 0 follows, 49 sequences, length 30
# corresponding to MSA columns:
# 3-32
name=unknown_A
#
# <colnr> <probs for GDERKNQSTAVLIFYWHMCP>
#	G	D	E	R	K	N	Q	S	T	A	V	L	I	F	Y	W	H	M	C	P
0	0.03892	0.00630	0.00841	0.00931	0.01066	0.00641	0.00811	0.04132	0.01202	0.01608	0.02548	0.05349	0.02743	0.01332	0.00677	0.00227	0.00467	0.69957	0.00462	0.00484
1	0.08441	0.01027	0.01224	0.00950	0.01325	0.01019	0.00779	0.25535	0.01664	0.46935	0.01640	0.01557	0.01099	0.03746	0.00572	0.00168	0.00469	0.00483	0.00553	0.00815
2	0.10846	0.29872	0.01756	0.00969	0.01355	0.09912	0.00842	0.19980	0.01458	0.16929	0.01084	0.01096	0.00806	0.00525	0.00416	0.00136	0.00547	0.00367	0.00380	0.00723
3	0.01436	0.01638	0.01568	0.23786	0.05006	0.36270	0.06510	0.04678	0.01256	0.01377	0.01012	0.01261	0.03689	0.00572	0.00595	0.00155	0.07902	0.00428	0.00264	0.00596
4	0.24065	0.20133	0.17939	0.01066	0.01506	0.13174	0.03467	0.08645	0.01191	0.03440	0.00843	0.00957	0.00657	0.00486	0.00403	0.00142	0.00608	0.00334	0.00285	0.00658
5	0.01255	0.35437	0.41514	0.01160	0.01748	0.01480	0.01363	0.01635	0.01082	0.07734	0.00911	0.01015	0.00694	0.00472	0.00418	0.00138	0.00636	0.00342	0.00248	0.00716
6	0.00765	0.00667	0.01165	0.01051	0.01200	0.00626	0.18562	0.00944	0.01042	0.01397	0.04063	0.57111	0.02746	0.01289	0.00636	0.00198	0.00433	0.05206	0.00421	0.00479
7	0.00657	0.00525	0.00590	0.00582	0.00729	0.00466	0.00433	0.00855	0.03446	0.01599	0.28977	0.10269	0.46658	0.01206	0.00598	0.00170	0.00257	0.01031	0.00499	0.00453
8	0.01828	0.01045	0.01519	0.01719	0.29140	0.01008	0.01056	0.09287	0.04767	0.40980	0.01550	0.01512	0.01066	0.00564	0.00506	0.00154	0.00502	0.00485	0.00475	0.00837
9	0.01196	0.01358	0.02950	0.02166	0.05403	0.01276	0.74505	0.01617	0.01192	0.01621	0.01020	0.01360	0.00768	0.00427	0.00593	0.00170	0.00843	0.00591	0.00256	0.00686
10	0.00735	0.00490	0.00552	0.00552	0.00552	0.00490	0.00306	0.00735	0.00735	0.00980	0.01593	0.03309	0.01838	0.82229	0.02574	0.00490	0.00490	0.00735	0.00306	0.00306
11	0.01179	0.00757	0.00882	0.00823	0.04447	0.00709	0.00615	0.13062	0.01403	0.17434	0.03605	0.03533	0.44723	0.01011	0.00565	0.00166	0.00361	0.03628	0.00497	0.00600
12	0.01217	0.20203	0.36390	0.01467	0.02056	0.01363	0.22215	0.01640	0.01117	0.06337	0.00960	0.01131	0.00715	0.00464	0.00479	0.00151	0.00710	0.00420	0.00251	0.00714
13	0.00613	0.00513	0.00533	0.00528	0.00692	0.00433	0.00396	0.00755	0.01188	0.01451	0.14577	0.04727	0.69361	0.01249	0.00597	0.00169	0.00254	0.01048	0.00481	0.00433
14	0.01357	0.01136	0.01199	0.01049	0.01353	0.01304	0.00824	0.13874	0.66812	0.02276	0.01932	0.01786	0.01441	0.00674	0.00513	0.00169	0.00424	0.00554	0.00513	0.00809
15	0.82682	0.00994	0.00772	0.00684	0.01000	0.01151	0.00563	0.04309	0.00917	0.02303	0.00723	0.00836	0.00559	0.00475	0.00320	0.00156	0.00397	0.00281	0.00320	0.00559
16	0.09901	0.00905	0.01032	0.00865	0.01161	0.00936	0.00692	0.10280	0.20371	0.26290	0.14973	0.01981	0.01819	0.00691	0.00496	0.00158	0.00388	0.00562	0.05774	0.00725
17	0.01549	0.37026	0.08163	0.01077	0.01518	0.01658	0.04289	0.27168	0.05793	0.05695	0.01042	0.01094	0.00803	0.00518	0.00429	0.00135	0.00563	0.00383	0.00351	0.00748
18	0.01028	0.06760	0.69160	0.07854	0.02246	0.01215	0.01777	0.01572	0.01061	0.01554	0.00896	0.01077	0.00644	0.00480	0.00474	0.00158	0.00730	0.00374	0.00215	0.00727
19	0.01487	0.12496	0.26417	0.01337	0.04696	0.33087	0.01258	0.06511	0.05358	0.01530	0.00912	0.01032	0.00713	0.00508	0.00455	0.00141	0.00751	0.00360	0.00268	0.00682
20	0.00924	0.00918	0.06105	0.33052	0.05085	0.00917	0.04424	0.01348	0.08545	0.01683	0.29016	0.02252	0.02236	0.00705	0.00541	0.00164	0.00501	0.00630	0.00373	0.00580
21	0.02269	0.00861	0.01174	0.00900	0.01291	0.00743	0.00743	0.02464	0.01447	0.79425	0.01995	0.01721	0.01252	0.00626	0.00509	0.00156	0.00430	0.00509	0.00626	0.00861
22	0.01122	0.01200	0.08111	0.34712	0.31284	0.01183	0.06155	0.03132	0.05243	0.01556	0.00996	0.01316	0.00775	0.00490	0.00508	0.00161	0.00647	0.00460	0.00257	0.00692
23	0.00735	0.00490	0.00552	0.00552	0.00552	0.00490	0.00306	0.00735	0.00735	0.00980	0.01593	0.03309	0.01838	0.82229	0.02574	0.00490	0.00490	0.00735	0.00306	0.00306
24	0.00744	0.00550	0.00758	0.00748	0.00804	0.00625	0.00544	0.00861	0.00785	0.01111	0.01404	0.02390	0.01430	0.29940	0.50713	0.00678	0.04624	0.00602	0.00281	0.00407
25	0.00639	0.00457	0.00609	0.00700	0.00747	0.00427	0.00482	0.00757	0.01051	0.01420	0.15393	0.66493	0.03567	0.01487	0.00639	0.00199	0.00290	0.03736	0.00484	0.00424
26	0.01635	0.23612	0.09105	0.01181	0.01615	0.10023	0.07180	0.29164	0.02818	0.07453	0.01053	0.01117	0.00790	0.00527	0.00457	0.00141	0.00621	0.00401	0.00362	0.00748
27	0.02030	0.01116	0.01351	0.05985	0.01553	0.01142	0.00883	0.36470	0.01843	0.39906	0.01572	0.01467	0.01038	0.00610	0.00507	0.00155	0.00503	0.00481	0.00546	0.00842
28	0.01817	0.00957	0.01118	0.00885	0.01212	0.00963	0.00722	0.28236	0.01675	0.33524	0.01637	0.01585	0.01126	0.00610	0.00469	0.00145	0.00426	0.00481	0.21648	0.00763
29	0.01697	0.19538	0.08795	0.01213	0.01563	0.51393	0.01033	0.06544	0.01371	0.01381	0.00803	0.00923	0.00663	0.00504	0.00433	0.00130	0.00795	0.00326	0.00262	0.00631

[dist]
# distance from previous block
# <min> <max>
3	19

[block]
# block no. 1 follows, 49 sequences, length 14
# corresponding to MSA columns:
# 52-65
name=unknown_B
#
# <colnr> <probs for GDERKNQSTAVLIFYWHMCP>
#	G	D	E	R	K	N	Q	S	T	A	V	L	I	F	Y	W	H	M	C	P
0	0.09421	0.13711	0.01545	0.01062	0.01323	0.05043	0.14626	0.01319	0.01135	0.04719	0.16361	0.08122	0.08958	0.00780	0.00638	0.00163	0.09498	0.00648	0.00360	0.00568
1	0.02252	0.00888	0.01191	0.00913	0.01305	0.00784	0.00754	0.06194	0.01494	0.75630	0.01956	0.01696	0.01232	0.00625	0.00508	0.00156	0.00437	0.00506	0.00620	0.00861
2	0.00624	0.00446	0.00594	0.00699	0.00735	0.00416	0.00470	0.00723	0.01003	0.01347	0.08588	0.75937	0.03453	0.01542	0.00642	0.00202	0.00289	0.01398	0.00476	0.00416
3	0.30608	0.01171	0.01145	0.00941	0.01282	0.01322	0.00767	0.35525	0.14634	0.02637	0.01199	0.01220	0.00886	0.00572	0.00435	0.00155	0.00460	0.00413	0.03901	0.00727
4	0.01776	0.02098	0.01490	0.01454	0.09172	0.59141	0.01027	0.08868	0.05320	0.01500	0.00899	0.01027	0.00730	0.00540	0.00501	0.00139	0.03016	0.00365	0.00294	0.00642
5	0.00730	0.00510	0.00650	0.00650	0.00684	0.00544	0.00429	0.00799	0.00765	0.01054	0.01503	0.02809	0.01621	0.52589	0.31916	0.00612	0.00817	0.00662	0.00293	0.00361
6	0.00749	0.00481	0.00702	0.00732	0.00776	0.00509	0.00524	0.00768	0.00799	0.01102	0.01556	0.22192	0.01662	0.02530	0.33047	0.29701	0.00769	0.00735	0.00304	0.00361
7	0.14631	0.01761	0.32663	0.01159	0.01668	0.03232	0.01221	0.17023	0.10404	0.09733	0.01176	0.01215	0.00837	0.00544	0.00465	0.00158	0.00586	0.00410	0.00365	0.00752
8	0.23930	0.01387	0.01166	0.01033	0.01299	0.19642	0.00814	0.06470	0.27651	0.01927	0.01214	0.01260	0.00944	0.00605	0.00559	0.00162	0.08487	0.00416	0.00372	0.00662
9	0.12688	0.09046	0.15894	0.01615	0.02109	0.09072	0.39210	0.01628	0.01135	0.01627	0.00907	0.01144	0.00693	0.00451	0.00499	0.00157	0.00749	0.00458	0.00253	0.00663
10	0.07152	0.01244	0.01323	0.01065	0.01391	0.16142	0.08276	0.09631	0.04479	0.15820	0.09759	0.01662	0.04436	0.00622	0.00528	0.00145	0.03293	0.00499	0.00410	0.12121
11	0.09581	0.57470	0.16620	0.00946	0.01416	0.01721	0.01008	0.01512	0.01030	0.01395	0.02912	0.00942	0.00752	0.00462	0.00360	0.00124	0.00556	0.00308	0.00235	0.00652
12	0.12554	0.10467	0.13426	0.01050	0.01374	0.08876	0.06716	0.01361	0.01062	0.02845	0.03363	0.18070	0.01426	0.00775	0.00556	0.00162	0.05297	0.03844	0.00321	0.06457
13	0.17499	0.08769	0.11561	0.00901	0.01341	0.01046	0.00839	0.06153	0.05030	0.15970	0.01121	0.01160	0.00825	0.00487	0.00411	0.00129	0.00464	0.00363	0.00365	0.25567

[dist]
# distance from previous block
# <min> <max>
20	50

[block]
# block no. 2 follows, 49 sequences, length 7
# corresponding to MSA columns:
# 122-128
name=unknown_C
#
# <colnr> <probs for GDERKNQSTAVLIFYWHMCP>
#	G	D	E	R	K	N	Q	S	T	A	V	L	I	F	Y	W	H	M	C	P
0	0.15393	0.07699	0.01354	0.01329	0.17681	0.06210	0.00877	0.03914	0.08191	0.17252	0.13594	0.01674	0.01527	0.00610	0.00471	0.00151	0.00471	0.00495	0.00413	0.00695
1	0.05807	0.21905	0.05480	0.01364	0.11641	0.04460	0.08598	0.11426	0.07105	0.06776	0.01091	0.01235	0.00862	0.00769	0.06957	0.00196	0.00642	0.00419	0.00324	0.02942
2	0.10351	0.05340	0.05995	0.01470	0.23594	0.03169	0.00942	0.05977	0.01201	0.09889	0.09758	0.01984	0.06870	0.10477	0.00737	0.00193	0.00495	0.00548	0.00363	0.00645
3	0.18512	0.01164	0.06689	0.01038	0.06314	0.05713	0.00812	0.10516	0.05134	0.17404	0.01247	0.01454	0.00972	0.09520	0.00674	0.00181	0.00498	0.00433	0.00391	0.11333
4	0.01233	0.06407	0.01499	0.01647	0.28828	0.06648	0.00978	0.01582	0.09582	0.04282	0.01135	0.01448	0.00973	0.09039	0.00672	0.00165	0.00521	0.00436	0.00310	0.22615
5	0.13580	0.01239	0.01628	0.02123	0.43810	0.07613	0.01188	0.06237	0.06121	0.07323	0.01060	0.01226	0.00833	0.00493	0.00467	0.00149	0.00561	0.00422	0.00320	0.03606
6	0.07630	0.00964	0.01313	0.09667	0.15106	0.00961	0.00933	0.07282	0.06380	0.32003	0.07006	0.01623	0.01279	0.00590	0.00492	0.00153	0.00473	0.00494	0.00458	0.05192

[dist]
# distance from previous block
# <min> <max>
0	1

[block]
# block no. 3 follows, 49 sequences, length 13
# corresponding to MSA columns:
# 130-142
name=unknown_D
#
# <colnr> <probs for GDERKNQSTAVLIFYWHMCP>
#	G	D	E	R	K	N	Q	S	T	A	V	L	I	F	Y	W	H	M	C	P
0	0.04244	0.01202	0.01640	0.01921	0.33553	0.02986	0.04174	0.13902	0.18481	0.04717	0.01263	0.01371	0.00974	0.00530	0.00492	0.00150	0.00536	0.00466	0.00369	0.07028
1	0.13728	0.07762	0.03864	0.01123	0.07094	0.02792	0.03897	0.11390	0.09879	0.17994	0.01257	0.01275	0.00917	0.00523	0.00445	0.00140	0.00487	0.00412	0.00403	0.14619
2	0.01275	0.01155	0.01894	0.06628	0.33167	0.01180	0.16677	0.15788	0.01324	0.01818	0.01105	0.01570	0.00948	0.12281	0.00821	0.00205	0.00632	0.00522	0.00306	0.00703
3	0.08350	0.01185	0.01241	0.00946	0.01354	0.04724	0.00769	0.32673	0.01620	0.06679	0.01069	0.01130	0.00802	0.00499	0.00435	0.00120	0.00478	0.00374	0.00402	0.35148
4	0.01522	0.01729	0.01741	0.06890	0.39606	0.36873	0.01284	0.01748	0.01270	0.01444	0.00872	0.01104	0.00726	0.00486	0.00481	0.00142	0.00746	0.00394	0.00253	0.00690
5	0.00680	0.00504	0.00561	0.00553	0.00640	0.00464	0.00368	0.00774	0.01025	0.01326	0.17849	0.03977	0.30981	0.36484	0.01458	0.00308	0.00355	0.00893	0.00415	0.00384
6	0.02159	0.00840	0.01146	0.00902	0.01272	0.00731	0.00749	0.02357	0.01426	0.73541	0.02046	0.02022	0.01377	0.00684	0.00523	0.00162	0.00433	0.06184	0.00614	0.00831
7	0.01258	0.01086	0.01143	0.01029	0.01315	0.01258	0.00800	0.02687	0.78161	0.02115	0.02058	0.01887	0.01544	0.00686	0.00515	0.00172	0.00400	0.00572	0.00515	0.00800
8	0.00645	0.00461	0.00620	0.00737	0.00779	0.00435	0.00519	0.00754	0.00996	0.01323	0.02771	0.70902	0.03282	0.01557	0.00653	0.00209	0.00318	0.12151	0.00469	0.00419
9	0.08494	0.01343	0.01449	0.10466	0.06029	0.11898	0.01019	0.29177	0.01559	0.08766	0.01040	0.01185	0.00783	0.00611	0.00673	0.00163	0.13835	0.00425	0.00374	0.00710
10	0.01549	0.38829	0.01939	0.00978	0.01371	0.01643	0.00868	0.21408	0.17128	0.07802	0.01209	0.01203	0.00931	0.00544	0.00424	0.00136	0.00508	0.00398	0.00383	0.00750
11	0.00737	0.00528	0.00722	0.00817	0.00906	0.00512	0.00656	0.00925	0.01140	0.01517	0.13700	0.29624	0.03317	0.01404	0.00667	0.00213	0.00378	0.41306	0.00480	0.00450
12	0.01607	0.01470	0.01462	0.12720	0.01787	0.17368	0.01027	0.33942	0.10361	0.02171	0.01113	0.01236	0.00846	0.00616	0.00630	0.00160	0.09942	0.00440	0.00384	0.00719

[dist]
# distance from previous block
# <min> <max>
4	7

[block]
# block no. 4 follows, 49 sequences, length 48
# corresponding to MSA columns:
# 150-174,176-198
name=unknown_E
#
# <colnr> <probs for GDERKNQSTAVLIFYWHMCP>
#	G	D	E	R	K	N	Q	S	T	A	V	L	I	F	Y	W	H	M	C	P
0	0.05815	0.23807	0.22952	0.01146	0.01632	0.09075	0.01161	0.25172	0.01488	0.01982	0.00925	0.01016	0.00707	0.00510	0.00435	0.00140	0.00629	0.00361	0.00315	0.00730
1	0.01209	0.48790	0.35143	0.01108	0.01674	0.01652	0.01289	0.01551	0.01044	0.01364	0.00789	0.00919	0.00645	0.00453	0.00390	0.00130	0.00628	0.00314	0.00215	0.00690
2	0.01124	0.28548	0.54636	0.01254	0.01900	0.01443	0.01543	0.01573	0.01055	0.01468	0.00841	0.00984	0.00643	0.00465	0.00430	0.00143	0.00680	0.00340	0.00214	0.00715
3	0.01149	0.13830	0.35414	0.01785	0.12753	0.01330	0.23516	0.01587	0.01110	0.01553	0.00917	0.01141	0.00701	0.00454	0.00494	0.00154	0.00727	0.00434	0.00231	0.00721
4	0.55742	0.01074	0.01313	0.01059	0.01362	0.01228	0.15799	0.01470	0.00913	0.01975	0.00761	0.00974	0.00609	0.00526	0.00581	0.00169	0.13216	0.00364	0.00287	0.00575
5	0.01194	0.01364	0.02984	0.02131	0.02643	0.01279	0.77238	0.01620	0.01194	0.01620	0.01023	0.01364	0.00767	0.00426	0.00597	0.00171	0.00853	0.00597	0.00256	0.00682
6	0.02269	0.00861	0.01174	0.00900	0.01291	0.00743	0.00743	0.02464	0.01447	0.79425	0.01995	0.01721	0.01252	0.00626	0.00509	0.00156	0.00430	0.00509	0.00626	0.00861
7	0.00734	0.00496	0.00582	0.00582	0.00592	0.00507	0.00344	0.00755	0.00744	0.01003	0.01566	0.03157	0.01772	0.73194	0.11518	0.00527	0.00590	0.00713	0.00302	0.00323
8	0.00722	0.00542	0.00813	0.00813	0.00903	0.00632	0.00632	0.00903	0.00813	0.01174	0.01354	0.01987	0.01264	0.03792	0.80225	0.00813	0.01354	0.00542	0.00271	0.00451
9	0.02269	0.00861	0.01174	0.00900	0.01291	0.00743	0.00743	0.02464	0.01447	0.79425	0.01995	0.01721	0.01252	0.00626	0.00509	0.00156	0.00430	0.00509	0.00626	0.00861
10	0.85801	0.00978	0.00743	0.00665	0.00978	0.01134	0.00548	0.01486	0.00861	0.02269	0.00704	0.00821	0.00548	0.00469	0.00313	0.00156	0.00391	0.00274	0.00313	0.00548
11	0.85801	0.00978	0.00743	0.00665	0.00978	0.01134	0.00548	0.01486	0.00861	0.02269	0.00704	0.00821	0.00548	0.00469	0.00313	0.00156	0.00391	0.00274	0.00313	0.00548
12	0.01922	0.01416	0.01518	0.01163	0.01568	0.01568	0.00961	0.77388	0.02378	0.03187	0.01214	0.01214	0.00860	0.00607	0.00506	0.00152	0.00556	0.00455	0.00506	0.00860
13	0.01183	0.42543	0.41159	0.01153	0.01744	0.01587	0.01367	0.01558	0.01048	0.01396	0.00805	0.00939	0.00645	0.00457	0.00403	0.00134	0.00644	0.00322	0.00215	0.00698
14	0.00972	0.00923	0.01520	0.71835	0.03235	0.01172	0.01370	0.01283	0.00984	0.01283	0.00872	0.01320	0.00673	0.00549	0.00638	0.00175	0.09961	0.00449	0.00224	0.00561
15	0.01922	0.01416	0.01518	0.01163	0.01568	0.01568	0.00961	0.77388	0.02378	0.03187	0.01214	0.01214	0.00860	0.00607	0.00506	0.00152	0.00556	0.00455	0.00506	0.00860
16	0.85801	0.00978	0.00743	0.00665	0.00978	0.01134	0.00548	0.01486	0.00861	0.02269	0.00704	0.00821	0.00548	0.00469	0.00313	0.00156	0.00391	0.00274	0.00313	0.00548
17	0.01194	0.01364	0.02984	0.02131	0.02643	0.01279	0.77238	0.01620	0.01194	0.01620	0.01023	0.01364	0.00767	0.00426	0.00597	0.00171	0.00853	0.00597	0.00256	0.00682
18	0.01194	0.01364	0.02984	0.02131	0.02643	0.01279	0.77238	0.01620	0.01194	0.01620	0.01023	0.01364	0.00767	0.00426	0.00597	0.00171	0.00853	0.00597	0.00256	0.00682
19	0.00716	0.00517	0.00676	0.00636	0.00755	0.00477	0.00477	0.00954	0.01431	0.02028	0.78808	0.03777	0.04771	0.01034	0.00596	0.00159	0.00239	0.00914	0.00557	0.00477
20	0.00616	0.00440	0.00587	0.00704	0.00733	0.00411	0.00469	0.00704	0.00968	0.01291	0.02787	0.81899	0.03344	0.01584	0.00645	0.00205	0.00293	0.01438	0.00469	0.00411
21	0.85801	0.00978	0.00743	0.00665	0.00978	0.01134	0.00548	0.01486	0.00861	0.02269	0.00704	0.00821	0.00548	0.00469	0.00313	0.00156	0.00391	0.00274	0.00313	0.00548
22	0.01049	0.00899	0.01049	0.00749	0.01198	0.00674	0.00599	0.01273	0.01049	0.01648	0.00899	0.01049	0.00749	0.00374	0.00374	0.00075	0.00374	0.00300	0.00300	0.85320
23	0.01187	0.00894	0.01063	0.00766	0.01209	0.00682	0.00615	0.01408	0.01094	0.10448	0.01023	0.01125	0.00806	0.00403	0.00390	0.00084	0.00381	0.00323	0.00337	0.75764
24	0.01149	0.01097	0.01867	0.30044	0.52935	0.01174	0.01501	0.01462	0.01103	0.01528	0.00933	0.01285	0.00757	0.00470	0.00502	0.00157	0.00626	0.00450	0.00241	0.00718
25	0.01080	0.01027	0.01743	0.48074	0.35443	0.01156	0.01467	0.01402	0.01070	0.01444	0.00921	0.01307	0.00728	0.00482	0.00503	0.00161	0.00643	0.00450	0.00236	0.00663
26	0.01524	0.01718	0.01788	0.02334	0.45965	0.34946	0.01306	0.01752	0.01272	0.01475	0.00879	0.01106	0.00737	0.00481	0.00482	0.00142	0.00734	0.00397	0.00255	0.00709
27	0.01530	0.01764	0.01269	0.01066	0.01407	0.46229	0.00816	0.01701	0.01269	0.01413	0.00832	0.00970	0.00693	0.00458	0.00421	0.00107	0.00682	0.00315	0.00277	0.36781
28	0.00677	0.00500	0.00535	0.00535	0.00608	0.00463	0.00340	0.00731	0.00914	0.01145	0.03101	0.03974	0.34743	0.47651	0.01730	0.00354	0.00390	0.00877	0.00376	0.00358
29	0.01075	0.01021	0.01734	0.49478	0.34080	0.01155	0.01464	0.01397	0.01068	0.01438	0.00920	0.01309	0.00725	0.00483	0.00504	0.00161	0.00644	0.00450	0.00235	0.00659
30	0.01158	0.36753	0.46735	0.01195	0.01808	0.01527	0.01440	0.01564	0.01050	0.01426	0.00820	0.00958	0.00644	0.00460	0.00414	0.00138	0.00659	0.00330	0.00215	0.00705
31	0.00994	0.01004	0.02005	0.01585	0.04836	0.00982	0.41573	0.01317	0.01100	0.01529	0.10083	0.01832	0.01385	0.01547	0.25435	0.00369	0.00929	0.00611	0.00295	0.00591
32	0.00645	0.00472	0.00606	0.00661	0.00734	0.00433	0.00462	0.00785	0.01134	0.01529	0.26772	0.48654	0.12489	0.01378	0.00625	0.00187	0.00272	0.01232	0.00497	0.00433
33	0.01571	0.01242	0.01320	0.01092	0.01434	0.01404	0.00876	0.37901	0.42437	0.02620	0.01660	0.01570	0.01221	0.00649	0.00510	0.00162	0.00474	0.00517	0.00510	0.00828
34	0.01199	0.43583	0.35180	0.01190	0.01760	0.01606	0.06174	0.01558	0.01055	0.01391	0.00810	0.00955	0.00653	0.00452	0.00408	0.00134	0.00648	0.00335	0.00218	0.00693
35	0.00738	0.00553	0.00708	0.00769	0.00902	0.00523	0.00644	0.00942	0.01198	0.01541	0.13859	0.05196	0.25162	0.01313	0.00655	0.00205	0.00374	0.43782	0.00479	0.00456
36	0.00764	0.00523	0.00645	0.00686	0.00728	0.00523	0.00487	0.00846	0.00888	0.01170	0.01978	0.04160	0.02219	0.53525	0.01908	0.00399	0.00482	0.27345	0.00363	0.00363
37	0.00970	0.00929	0.01611	0.75968	0.03429	0.01133	0.06255	0.01313	0.01023	0.01313	0.00907	0.01349	0.00680	0.00500	0.00511	0.00169	0.00685	0.00459	0.00227	0.00569
38	0.01608	0.01206	0.01466	0.01281	0.06461	0.01297	0.04870	0.50420	0.01954	0.04287	0.01523	0.02213	0.01306	0.00760	0.00552	0.00170	0.00552	0.16841	0.00471	0.00761
39	0.02269	0.00861	0.01174	0.00900	0.01291	0.00743	0.00743	0.02464	0.01447	0.79425	0.01995	0.01721	0.01252	0.00626	0.00509	0.00156	0.00430	0.00509	0.00626	0.00861
40	0.01194	0.01364	0.02984	0.02131	0.02643	0.01279	0.77238	0.01620	0.01194	0.01620	0.01023	0.01364	0.00767	0.00426	0.00597	0.00171	0.00853	0.00597	0.00256	0.00682
41	0.01171	0.02115	0.48425	0.01609	0.02249	0.01250	0.23589	0.10336	0.01255	0.01789	0.00976	0.01170	0.00703	0.00479	0.00517	0.00162	0.00756	0.00448	0.00259	0.00741
42	0.35533	0.01266	0.01697	0.01319	0.01665	0.07628	0.26615	0.06397	0.01107	0.01907	0.00846	0.01069	0.00663	0.00515	0.00584	0.00166	0.09698	0.00418	0.00291	0.00617
43	0.09699	0.01995	0.01328	0.01186	0.01441	0.56347	0.00908	0.08114	0.01398	0.01504	0.01060	0.01175	0.05292	0.00592	0.00533	0.00143	0.06013	0.00383	0.00296	0.00594
44	0.02730	0.00598	0.00717	0.00713	0.00875	0.00560	0.00539	0.01170	0.06870	0.12739	0.06653	0.28671	0.26353	0.01220	0.00596	0.00184	0.00324	0.07473	0.00496	0.00520
45	0.13156	0.01796	0.34653	0.01146	0.01665	0.09007	0.01226	0.03708	0.01225	0.25887	0.01212	0.01225	0.00824	0.00531	0.00464	0.00155	0.00612	0.00399	0.00367	0.00742
46	0.01088	0.06864	0.31714	0.01260	0.01736	0.01167	0.09989	0.01823	0.23446	0.01766	0.09335	0.01794	0.01437	0.00626	0.00515	0.00164	0.00582	0.03634	0.00352	0.00709
47	0.00882	0.02555	0.08709	0.00758	0.00927	0.00691	0.00624	0.08254	0.01193	0.01644	0.27301	0.06564	0.02689	0.30362	0.01293	0.00282	0.00430	0.03953	0.00412	0.00479

[dist]
# distance from previous block
# <min> <max>
5	14

[block]
# block no. 5 follows, 49 sequences, length 8
# corresponding to MSA columns:
# 213-220
name=unknown_F
#
# <colnr> <probs for GDERKNQSTAVLIFYWHMCP>
#	G	D	E	R	K	N	Q	S	T	A	V	L	I	F	Y	W	H	M	C	P
0	0.09090	0.01375	0.01362	0.01067	0.01453	0.09191	0.00869	0.48769	0.01929	0.09011	0.01156	0.01173	0.00832	0.00562	0.00470	0.00142	0.00547	0.00414	0.00452	0.10135
1	0.21880	0.01206	0.01296	0.08273	0.01572	0.01337	0.00880	0.44464	0.01793	0.10837	0.01146	0.01186	0.00810	0.00567	0.00460	0.00155	0.00514	0.00417	0.00447	0.00758
2	0.30468	0.00860	0.00932	0.08726	0.01244	0.00916	0.00655	0.08608	0.01064	0.09448	0.01049	0.01377	0.00863	0.08103	0.00813	0.11967	0.00449	0.00404	0.02570	0.09482
3	0.01543	0.01314	0.09575	0.08335	0.01653	0.07140	0.02856	0.23809	0.03491	0.15773	0.09772	0.01563	0.01306	0.00602	0.00499	0.00147	0.00543	0.00487	0.00431	0.09159
4	0.01033	0.00880	0.01034	0.00946	0.01124	0.06656	0.05123	0.10928	0.09009	0.01834	0.21114	0.23390	0.02739	0.01049	0.00618	0.00179	0.02548	0.08769	0.00465	0.00562
5	0.00820	0.00523	0.00779	0.00735	0.00780	0.00538	0.04383	0.00782	0.00741	0.01008	0.01197	0.02147	0.01237	0.25925	0.18445	0.38162	0.00667	0.00556	0.00258	0.00318
6	0.46764	0.01019	0.00987	0.00814	0.01151	0.01107	0.00669	0.17221	0.01324	0.18364	0.05302	0.01248	0.00986	0.00560	0.00408	0.00156	0.00425	0.00394	0.00430	0.00672
7	0.48316	0.01227	0.01623	0.01254	0.01637	0.07032	0.28934	0.01575	0.01026	0.01953	0.00828	0.01029	0.00637	0.00457	0.00428	0.00160	0.00600	0.00397	0.00288	0.00600

[dist]
# distance from previous block
# <min> <max>
0	1

[block]
# block no. 6 follows, 49 sequences, length 18
# corresponding to MSA columns:
# 222-239
name=unknown_G
#
# <colnr> <probs for GDERKNQSTAVLIFYWHMCP>
#	G	D	E	R	K	N	Q	S	T	A	V	L	I	F	Y	W	H	M	C	P
0	0.85801	0.00978	0.00743	0.00665	0.00978	0.01134	0.00548	0.01486	0.00861	0.02269	0.00704	0.00821	0.00548	0.00469	0.00313	0.00156	0.00391	0.00274	0.00313	0.00548
1	0.00733	0.00547	0.00755	0.00785	0.00898	0.00568	0.00634	0.00930	0.01049	0.01418	0.12735	0.03746	0.12595	0.02354	0.34594	0.00462	0.00786	0.23559	0.00395	0.00456
2	0.00955	0.00899	0.01517	0.81013	0.03483	0.01123	0.01404	0.01292	0.01011	0.01292	0.00899	0.01348	0.00674	0.00506	0.00506	0.00169	0.00674	0.00449	0.00225	0.00562
3	0.00616	0.00440	0.00587	0.00704	0.00733	0.00411	0.00469	0.00704	0.00968	0.01291	0.02787	0.81899	0.03344	0.01584	0.00645	0.00205	0.00293	0.01438	0.00469	0.00411
4	0.85801	0.00978	0.00743	0.00665	0.00978	0.01134	0.00548	0.01486	0.00861	0.02269	0.00704	0.00821	0.00548	0.00469	0.00313	0.00156	0.00391	0.00274	0.00313	0.00548
5	0.00945	0.00831	0.01471	0.01282	0.01509	0.00827	0.23267	0.01229	0.01150	0.01547	0.02052	0.04046	0.02105	0.01052	0.00698	0.00209	0.04314	0.46782	0.04149	0.00534
6	0.01258	0.01086	0.01143	0.01029	0.01315	0.01258	0.00800	0.02687	0.78161	0.02115	0.02058	0.01887	0.01544	0.00686	0.00515	0.00172	0.00400	0.00572	0.00515	0.00800
7	0.01343	0.52042	0.21263	0.01066	0.01552	0.12524	0.01125	0.01605	0.01093	0.01297	0.00764	0.00888	0.00647	0.00456	0.00381	0.00124	0.00642	0.00303	0.00222	0.00664
8	0.01671	0.20176	0.01669	0.01148	0.01465	0.42902	0.00923	0.08928	0.13527	0.01544	0.01005	0.01071	0.00811	0.00535	0.00440	0.00134	0.00715	0.00364	0.00313	0.00659
9	0.01352	0.82533	0.02650	0.00865	0.01298	0.02001	0.00865	0.01514	0.01027	0.01190	0.00703	0.00811	0.00649	0.00433	0.00324	0.00108	0.00541	0.00270	0.00216	0.00649
10	0.01120	0.01104	0.01512	0.01300	0.01326	0.01522	0.01078	0.01351	0.07835	0.01299	0.00791	0.01178	0.00744	0.00867	0.01555	0.00217	0.73922	0.00454	0.00248	0.00576
11	0.01391	0.01300	0.05362	0.01441	0.01851	0.01296	0.26843	0.16004	0.31288	0.05474	0.01497	0.01541	0.01101	0.00571	0.00539	0.00166	0.00599	0.00547	0.00416	0.00771
12	0.01435	0.01199	0.18914	0.00964	0.01351	0.00834	0.00932	0.03917	0.08373	0.30457	0.21506	0.02190	0.04253	0.00721	0.00528	0.00160	0.00449	0.00602	0.00496	0.00719
13	0.00701	0.00513	0.00657	0.00628	0.00748	0.00470	0.00468	0.00923	0.01387	0.01937	0.68995	0.07151	0.11374	0.01079	0.00599	0.00162	0.00242	0.00950	0.00545	0.00470
14	0.35103	0.00934	0.00975	0.00788	0.01150	0.00929	0.00642	0.01860	0.07658	0.26842	0.01271	0.01245	0.00898	0.00519	0.00405	0.00142	0.00401	0.00379	0.00428	0.17432
15	0.05111	0.06425	0.01289	0.00944	0.01319	0.01182	0.00771	0.24129	0.20255	0.07052	0.01480	0.01462	0.03929	0.00577	0.00458	0.00136	0.00445	0.00451	0.00435	0.22152
16	0.05084	0.01346	0.01528	0.21186	0.06588	0.17229	0.06321	0.15487	0.02827	0.11821	0.03137	0.01325	0.00909	0.00558	0.00523	0.00156	0.02487	0.00450	0.00356	0.00683
17	0.12979	0.01291	0.05116	0.21952	0.16734	0.06308	0.12806	0.13603	0.01292	0.01856	0.00944	0.01198	0.00721	0.00494	0.00488	0.00158	0.00648	0.00438	0.00293	0.00680

[dist]
# distance from previous block
# <min> <max>
3	11

[block]
# block no. 7 follows, 49 sequences, length 51
# corresponding to MSA columns:
# 251-301
name=unknown_H
#
# <colnr> <probs for GDERKNQSTAVLIFYWHMCP>
#	G	D	E	R	K	N	Q	S	T	A	V	L	I	F	Y	W	H	M	C	P
0	0.10893	0.05535	0.07037	0.01109	0.06051	0.02341	0.02036	0.19019	0.10180	0.13188	0.02868	0.01369	0.02159	0.00555	0.00458	0.00142	0.00489	0.00435	0.00412	0.13725
1	0.02526	0.07725	0.28069	0.01556	0.05661	0.05862	0.18924	0.02745	0.01087	0.01532	0.00875	0.01121	0.00691	0.00528	0.00683	0.00162	0.14111	0.00426	0.00240	0.05477
2	0.01624	0.02144	0.12012	0.01593	0.12581	0.50194	0.04290	0.03171	0.05040	0.01435	0.00901	0.01051	0.00722	0.00511	0.00475	0.00141	0.00813	0.00375	0.00269	0.00657
3	0.00979	0.00899	0.01405	0.08394	0.31586	0.00984	0.01080	0.01185	0.01014	0.01417	0.01644	0.18359	0.07565	0.01075	0.06590	0.00225	0.13977	0.00710	0.00308	0.00603
4	0.01076	0.12478	0.32213	0.01037	0.01602	0.01048	0.01135	0.01435	0.01053	0.01568	0.00876	0.01024	0.00693	0.00424	0.00410	0.00113	0.00544	0.00325	0.00255	0.40692
5	0.00789	0.00622	0.00732	0.00671	0.00850	0.00586	0.00510	0.01161	0.11588	0.01865	0.46291	0.03544	0.20154	0.00988	0.00568	0.00157	0.00275	0.00853	0.00512	0.07284
6	0.00708	0.00511	0.00669	0.00642	0.00754	0.00472	0.00477	0.00934	0.01394	0.01969	0.72737	0.10016	0.04657	0.01078	0.00600	0.00163	0.00243	0.00956	0.00550	0.00472
7	0.00958	0.00772	0.00885	0.00812	0.01006	0.00827	0.00622	0.01730	0.35782	0.02067	0.44448	0.02931	0.03326	0.00878	0.00560	0.00165	0.00311	0.00761	0.00538	0.00622
8	0.00629	0.00450	0.00599	0.00695	0.00736	0.00420	0.00470	0.00738	0.01030	0.01389	0.12940	0.71465	0.03535	0.01511	0.00639	0.00199	0.00286	0.01368	0.00481	0.00420
9	0.01232	0.01143	0.01728	0.08177	0.49094	0.01213	0.01305	0.01889	0.25332	0.01771	0.01295	0.01458	0.01025	0.00529	0.00505	0.00158	0.00543	0.00489	0.00331	0.00783
10	0.00629	0.00450	0.00599	0.00695	0.00736	0.00420	0.00470	0.00738	0.01030	0.01389	0.12940	0.71465	0.03535	0.01511	0.00639	0.00199	0.00286	0.01368	0.00481	0.00420
11	0.00858	0.00453	0.00679	0.00679	0.00691	0.00465	0.00465	0.00691	0.00679	0.00918	0.00942	0.01597	0.00930	0.02029	0.12427	0.74005	0.00561	0.00453	0.00226	0.00251
12	0.01470	0.01174	0.01517	0.38490	0.02463	0.01360	0.01168	0.41816	0.01739	0.02301	0.01067	0.01277	0.00773	0.00560	0.00506	0.00160	0.00611	0.00453	0.00374	0.00721
13	0.01179	0.01464	0.09103	0.02076	0.02607	0.01270	0.71219	0.01618	0.01183	0.01618	0.01014	0.01340	0.00757	0.00431	0.00587	0.00170	0.00844	0.00579	0.00252	0.00687
14	0.85801	0.00978	0.00743	0.00665	0.00978	0.01134	0.00548	0.01486	0.00861	0.02269	0.00704	0.00821	0.00548	0.00469	0.00313	0.00156	0.00391	0.00274	0.00313	0.00548
15	0.00735	0.00490	0.00552	0.00552	0.00552	0.00490	0.00306	0.00735	0.00735	0.00980	0.01593	0.03309	0.01838	0.82229	0.02574	0.00490	0.00490	0.00735	0.00306	0.00306
16	0.01533	0.01148	0.01258	0.01014	0.01332	0.01255	0.00819	0.48378	0.12264	0.02755	0.20649	0.01942	0.01925	0.00724	0.00530	0.00156	0.00456	0.00585	0.00520	0.00757
17	0.00627	0.00513	0.00553	0.00543	0.00701	0.00439	0.00407	0.00782	0.01222	0.01530	0.23394	0.04596	0.60496	0.01219	0.00597	0.00168	0.00252	0.01029	0.00491	0.00439
18	0.01564	0.50966	0.02170	0.01038	0.01402	0.32809	0.00909	0.01713	0.01187	0.01209	0.00734	0.00851	0.00650	0.00467	0.00376	0.00117	0.00687	0.00292	0.00234	0.00624
19	0.25312	0.59394	0.02109	0.00808	0.01207	0.01755	0.00775	0.01506	0.00980	0.01496	0.00703	0.00814	0.00620	0.00443	0.00321	0.00122	0.00498	0.00271	0.00244	0.00620
20	0.85801	0.00978	0.00743	0.00665	0.00978	0.01134	0.00548	0.01486	0.00861	0.02269	0.00704	0.00821	0.00548	0.00469	0.00313	0.00156	0.00391	0.00274	0.00313	0.00548
21	0.01086	0.19671	0.63185	0.01318	0.01998	0.01351	0.01654	0.01583	0.01059	0.01514	0.00864	0.01013	0.00642	0.00470	0.00447	0.00149	0.00703	0.00352	0.00214	0.00726
22	0.00614	0.00449	0.00577	0.00679	0.00727	0.00413	0.00458	0.00707	0.00992	0.01301	0.03091	0.71873	0.13174	0.01545	0.00639	0.00201	0.00289	0.01389	0.00469	0.00413
23	0.00955	0.00899	0.01517	0.81013	0.03483	0.01123	0.01404	0.01292	0.01011	0.01292	0.00899	0.01348	0.00674	0.00506	0.00506	0.00169	0.00674	0.00449	0.00225	0.00562
24	0.00994	0.00847	0.01138	0.09495	0.01339	0.01030	0.00852	0.11183	0.01095	0.01519	0.01652	0.34994	0.01814	0.01101	0.00958	0.00200	0.28030	0.00862	0.00364	0.00535
25	0.00722	0.00542	0.00813	0.00813	0.00903	0.00632	0.00632	0.00903	0.00813	0.01174	0.01354	0.01987	0.01264	0.03792	0.80225	0.00813	0.01354	0.00542	0.00271	0.00451
26	0.01180	0.41808	0.41867	0.01159	0.01752	0.01580	0.01376	0.01559	0.01048	0.01400	0.00807	0.00942	0.00645	0.00457	0.00404	0.00135	0.00646	0.00323	0.00215	0.00699
27	0.01355	0.71364	0.08881	0.00938	0.01386	0.06448	0.00954	0.01550	0.01054	0.01226	0.00724	0.00838	0.00648	0.00442	0.00345	0.00114	0.00579	0.00282	0.00219	0.00653
28	0.01083	0.00898	0.01052	0.00753	0.01201	0.00676	0.00603	0.01307	0.01060	0.03819	0.00929	0.01067	0.00763	0.00382	0.00378	0.00077	0.00376	0.00305	0.00309	0.82962
29	0.01519	0.01311	0.10976	0.07378	0.02130	0.01103	0.32887	0.07773	0.01338	0.24623	0.02952	0.01473	0.00981	0.00524	0.00544	0.00163	0.00667	0.00530	0.00384	0.00743
30	0.01889	0.02410	0.01433	0.01303	0.01563	0.80199	0.00977	0.02019	0.01433	0.01238	0.00782	0.00912	0.00651	0.00521	0.00456	0.00130	0.00912	0.00326	0.00261	0.00586
31	0.01150	0.01098	0.01869	0.29721	0.53250	0.01175	0.01501	0.01463	0.01103	0.01529	0.00933	0.01285	0.00758	0.00469	0.00502	0.00156	0.00626	0.00450	0.00242	0.00719
32	0.01014	0.02616	0.79609	0.01441	0.02189	0.01174	0.01868	0.01601	0.01068	0.01601	0.00907	0.01068	0.00641	0.00480	0.00480	0.00160	0.00747	0.00374	0.00214	0.00747
33	0.00735	0.00490	0.00552	0.00552	0.00552	0.00490	0.00306	0.00735	0.00735	0.00980	0.01593	0.03309	0.01838	0.82229	0.02574	0.00490	0.00490	0.00735	0.00306	0.00306
34	0.00685	0.00474	0.00589	0.00654	0.00677	0.00460	0.00424	0.00746	0.00880	0.01170	0.02244	0.40631	0.02636	0.37672	0.01513	0.00335	0.00395	0.07051	0.00396	0.00368
35	0.01087	0.02520	0.73373	0.01419	0.02139	0.01206	0.01796	0.07653	0.01172	0.01728	0.00932	0.01079	0.00658	0.00491	0.00482	0.00159	0.00732	0.00380	0.00237	0.00756
36	0.01608	0.01260	0.01341	0.01100	0.01449	0.01421	0.00885	0.42095	0.38182	0.02681	0.01613	0.01532	0.01183	0.00644	0.00510	0.00161	0.00483	0.00510	0.00510	0.00832
37	0.00671	0.00520	0.00614	0.00604	0.00746	0.00463	0.00462	0.00859	0.01285	0.01690	0.39741	0.04419	0.37795	0.01173	0.00605	0.00170	0.00265	0.06952	0.00510	0.00454
38	0.00982	0.00783	0.00931	0.00947	0.01135	0.00847	0.00785	0.01695	0.32406	0.01749	0.02565	0.04108	0.06660	0.01102	0.00618	0.00204	0.00427	0.40971	0.00486	0.00599
39	0.00955	0.00899	0.01517	0.81013	0.03483	0.01123	0.01404	0.01292	0.01011	0.01292	0.00899	0.01348	0.00674	0.00506	0.00506	0.00169	0.00674	0.00449	0.00225	0.00562
40	0.74593	0.01169	0.00835	0.00750	0.01056	0.11694	0.00605	0.01558	0.00937	0.02131	0.00714	0.00834	0.00561	0.00476	0.00332	0.00153	0.00461	0.00281	0.00306	0.00553
41	0.01014	0.02616	0.79609	0.01441	0.02189	0.01174	0.01868	0.01601	0.01068	0.01601	0.00907	0.01068	0.00641	0.00480	0.00480	0.00160	0.00747	0.00374	0.00214	0.00747
42	0.00598	0.00512	0.00512	0.00512	0.00683	0.00427	0.00384	0.00726	0.01153	0.01366	0.05123	0.04866	0.78869	0.01281	0.00598	0.00171	0.00256	0.01067	0.00470	0.00427
43	0.01049	0.00899	0.01049	0.00749	0.01198	0.00674	0.00599	0.01273	0.01049	0.01648	0.00899	0.01049	0.00749	0.00374	0.00374	0.00075	0.00374	0.00300	0.00300	0.85320
44	0.01444	0.01688	0.21387	0.01542	0.02014	0.11266	0.27203	0.01801	0.01208	0.16990	0.01127	0.01282	0.00809	0.00530	0.00620	0.00164	0.07421	0.00476	0.00317	0.00711
45	0.01014	0.02616	0.79609	0.01441	0.02189	0.01174	0.01868	0.01601	0.01068	0.01601	0.00907	0.01068	0.00641	0.00480	0.00480	0.00160	0.00747	0.00374	0.00214	0.00747
46	0.00616	0.00440	0.00587	0.00704	0.00733	0.00411	0.00469	0.00704	0.00968	0.01291	0.02787	0.81899	0.03344	0.01584	0.00645	0.00205	0.00293	0.01438	0.00469	0.00411
47	0.00825	0.00709	0.01118	0.36841	0.08211	0.00797	0.00966	0.01037	0.00990	0.01304	0.01734	0.35369	0.01869	0.05144	0.00670	0.00199	0.00498	0.00880	0.00334	0.00504
48	0.01301	0.06500	0.34036	0.01646	0.18305	0.01290	0.01430	0.21061	0.01441	0.02021	0.05398	0.01283	0.00966	0.00535	0.00489	0.00153	0.00626	0.00436	0.00316	0.00767
49	0.00987	0.00870	0.01475	0.01756	0.25746	0.00856	0.11226	0.01255	0.01148	0.01553	0.01923	0.09810	0.01996	0.00985	0.00618	0.00196	0.00546	0.36088	0.00370	0.00595
50	0.85801	0.00978	0.00743	0.00665	0.00978	0.01134	0.00548	0.01486	0.00861	0.02269	0.00704	0.00821	0.00548	0.00469	0.00313	0.00156	0.00391	0.00274	0.00313	0.00548

[dist]
# distance from previous block
# <min> <max>
0	1

[block]
# block no. 8 follows, 49 sequences, length 19
# corresponding to MSA columns:
# 303-321
name=unknown_I
#
# <colnr> <probs for GDERKNQSTAVLIFYWHMCP>
#	G	D	E	R	K	N	Q	S	T	A	V	L	I	F	Y	W	H	M	C	P
0	0.01283	0.00914	0.01180	0.21435	0.01760	0.01029	0.00891	0.08541	0.27392	0.10829	0.01446	0.01601	0.01095	0.00837	0.00799	0.16943	0.00495	0.00497	0.00394	0.00637
1	0.00804	0.00584	0.00790	0.00867	0.00986	0.00582	0.00730	0.01082	0.04689	0.01618	0.16341	0.10285	0.03212	0.01312	0.00668	0.00215	0.00410	0.53860	0.00484	0.00479
2	0.00703	0.00514	0.00643	0.00617	0.00722	0.00482	0.00447	0.00885	0.01243	0.01716	0.51578	0.03735	0.14015	0.14327	0.05956	0.00255	0.00352	0.00883	0.00487	0.00441
3	0.01395	0.01599	0.01492	0.22566	0.02001	0.34495	0.01131	0.01574	0.01114	0.01246	0.00776	0.01089	0.00661	0.00631	0.00846	0.00169	0.26010	0.00395	0.00239	0.00569
4	0.00707	0.00510	0.00668	0.00642	0.00753	0.00471	0.00476	0.00931	0.01389	0.01960	0.71819	0.10959	0.04640	0.01084	0.00601	0.00163	0.00244	0.00963	0.00549	0.00471
5	0.01472	0.64675	0.02379	0.00963	0.01357	0.19430	0.00890	0.01627	0.01118	0.01200	0.00721	0.00834	0.00649	0.00452	0.00354	0.00113	0.00623	0.00283	0.00226	0.00635
6	0.00675	0.00486	0.00640	0.00664	0.00747	0.00450	0.00474	0.00853	0.01244	0.01730	0.48102	0.35331	0.04195	0.01256	0.00616	0.00178	0.00261	0.01126	0.00521	0.00450
7	0.01099	0.02109	0.51798	0.02037	0.29759	0.01184	0.01755	0.01584	0.01098	0.01620	0.00923	0.01134	0.00698	0.00470	0.00488	0.00157	0.00695	0.00401	0.00227	0.00767
8	0.01400	0.75414	0.02542	0.00904	0.01321	0.08949	0.00875	0.01559	0.01064	0.01194	0.00710	0.00820	0.00649	0.00440	0.00336	0.00110	0.00574	0.00275	0.00220	0.00643
9	0.01387	0.01574	0.01507	0.01319	0.01412	0.29752	0.01060	0.01505	0.01011	0.01224	0.00706	0.01037	0.00659	0.00755	0.01228	0.00189	0.52476	0.00401	0.00235	0.00565
10	0.00924	0.00846	0.01404	0.69556	0.03118	0.01037	0.01301	0.01238	0.01022	0.01312	0.01159	0.06090	0.01017	0.00643	0.00530	0.00176	0.00635	0.07187	0.00259	0.00545
11	0.08687	0.01144	0.01654	0.01360	0.01473	0.01479	0.10526	0.05409	0.00921	0.01467	0.00742	0.01119	0.00677	0.00776	0.01345	0.00205	0.59733	0.00447	0.00249	0.00585
12	0.01014	0.02616	0.79609	0.01441	0.02189	0.01174	0.01868	0.01601	0.01068	0.01601	0.00907	0.01068	0.00641	0.00480	0.00480	0.00160	0.00747	0.00374	0.00214	0.00747
13	0.01244	0.57029	0.27210	0.01049	0.01582	0.01737	0.01185	0.01542	0.01040	0.01321	0.00768	0.00893	0.00646	0.00448	0.00374	0.00125	0.00607	0.00303	0.00215	0.00680
14	0.00727	0.00522	0.00710	0.00710	0.00765	0.00577	0.00505	0.00837	0.00782	0.01098	0.01448	0.02504	0.01489	0.34497	0.49827	0.00686	0.01016	0.00618	0.00285	0.00395
15	0.00983	0.00858	0.01362	0.01866	0.39797	0.00838	0.01013	0.01252	0.01292	0.01840	0.39997	0.02518	0.02792	0.00743	0.00549	0.00155	0.00419	0.00683	0.00404	0.00639
16	0.01151	0.01099	0.01872	0.29390	0.53570	0.01175	0.01502	0.01464	0.01104	0.01531	0.00933	0.01284	0.00758	0.00469	0.00502	0.00156	0.00625	0.00450	0.00242	0.00720
17	0.01127	0.01142	0.01948	0.29698	0.19275	0.03770	0.19598	0.01444	0.01084	0.01470	0.00918	0.01273	0.00729	0.00494	0.00605	0.00160	0.07015	0.00468	0.00245	0.07536
18	0.09032	0.01124	0.01273	0.01064	0.04873	0.03680	0.00824	0.24810	0.06616	0.29781	0.01440	0.01377	0.00995	0.00571	0.00474	0.00146	0.00480	0.00444	0.00489	0.10509

[dist]
# distance from previous block
# <min> <max>
0	1

[block]
# block no. 9 follows, 49 sequences, length 24
# corresponding to MSA columns:
# 323-346
name=unknown_J
#
# <colnr> <probs for GDERKNQSTAVLIFYWHMCP>
#	G	D	E	R	K	N	Q	S	T	A	V	L	I	F	Y	W	H	M	C	P
0	0.01293	0.00825	0.01084	0.08902	0.04253	0.00770	0.00753	0.02926	0.07563	0.20854	0.19380	0.02126	0.01945	0.00672	0.00502	0.00142	0.00404	0.03313	0.00457	0.21838
1	0.00860	0.00668	0.00791	0.00659	0.00877	0.00563	0.00474	0.01012	0.01032	0.01509	0.18785	0.04653	0.02082	0.26941	0.01141	0.00231	0.00379	0.00611	0.00365	0.36368
2	0.01224	0.01201	0.02145	0.07085	0.34751	0.01172	0.25710	0.06423	0.01221	0.01712	0.01017	0.02808	0.00829	0.00469	0.00521	0.00151	0.00652	0.00500	0.00277	0.10133
3	0.01521	0.00950	0.01193	0.01171	0.09871	0.00979	0.00824	0.04969	0.30980	0.26951	0.06913	0.08225	0.01694	0.00732	0.00526	0.00165	0.00419	0.00625	0.00520	0.00770
4	0.00735	0.00490	0.00552	0.00552	0.00552	0.00490	0.00306	0.00735	0.00735	0.00980	0.01593	0.03309	0.01838	0.82229	0.02574	0.00490	0.00490	0.00735	0.00306	0.00306
5	0.22435	0.01151	0.01625	0.02218	0.48906	0.01213	0.01208	0.06530	0.06726	0.01939	0.00986	0.01187	0.00795	0.00482	0.00455	0.00153	0.00531	0.00415	0.00302	0.00741
6	0.85801	0.00978	0.00743	0.00665	0.00978	0.01134	0.00548	0.01486	0.00861	0.02269	0.00704	0.00821	0.00548	0.00469	0.00313	0.00156	0.00391	0.00274	0.00313	0.00548
7	0.01904	0.01367	0.01584	0.01204	0.01615	0.01481	0.05884	0.66271	0.02224	0.09404	0.01266	0.01266	0.00886	0.00597	0.00512	0.00153	0.00565	0.00469	0.00500	0.00848
8	0.85801	0.00978	0.00743	0.00665	0.00978	0.01134	0.00548	0.01486	0.00861	0.02269	0.00704	0.00821	0.00548	0.00469	0.00313	0.00156	0.00391	0.00274	0.00313	0.00548
9	0.01158	0.01259	0.02396	0.01802	0.02104	0.01389	0.46069	0.01455	0.01022	0.01455	0.00876	0.01259	0.00725	0.00614	0.01032	0.00191	0.33789	0.00534	0.00242	0.00629
10	0.01396	0.01127	0.01499	0.01710	0.26141	0.01208	0.02713	0.06856	0.39621	0.09753	0.01625	0.01615	0.01219	0.00594	0.00511	0.00162	0.00487	0.00520	0.00435	0.00808
11	0.00616	0.00440	0.00587	0.00704	0.00733	0.00411	0.00469	0.00704	0.00968	0.01291	0.02787	0.81899	0.03344	0.01584	0.00645	0.00205	0.00293	0.01438	0.00469	0.00411
12	0.85801	0.00978	0.00743	0.00665	0.00978	0.01134	0.00548	0.01486	0.00861	0.02269	0.00704	0.00821	0.00548	0.00469	0.00313	0.00156	0.00391	0.00274	0.00313	0.00548
13	0.01922	0.01416	0.01518	0.01163	0.01568	0.01568	0.00961	0.77388	0.02378	0.03187	0.01214	0.01214	0.00860	0.00607	0.00506	0.00152	0.00556	0.00455	0.00506	0.00860
14	0.01049	0.00899	0.01049	0.00749	0.01198	0.00674	0.00599	0.01273	0.01049	0.01648	0.00899	0.01049	0.00749	0.00374	0.00374	0.00075	0.00374	0.00300	0.00300	0.85320
15	0.01131	0.00728	0.00887	0.00786	0.00998	0.00731	0.00609	0.01678	0.21774	0.15604	0.45012	0.02916	0.03299	0.00870	0.00559	0.00162	0.00315	0.00753	0.00558	0.00630
16	0.06096	0.00898	0.01066	0.00790	0.01213	0.00732	0.00639	0.01630	0.03030	0.21942	0.01202	0.01232	0.00888	0.00453	0.00409	0.00103	0.00391	0.00359	0.00391	0.56537
17	0.01556	0.01782	0.01252	0.01088	0.01383	0.47943	0.00828	0.06589	0.01377	0.01488	0.03458	0.04256	0.04795	0.00586	0.00459	0.00125	0.00693	0.00424	0.00312	0.19607
18	0.00755	0.00571	0.00711	0.00713	0.00852	0.00548	0.00564	0.01055	0.06855	0.01776	0.40209	0.05897	0.17556	0.01151	0.00616	0.00181	0.00308	0.18680	0.00514	0.00487
19	0.02999	0.01026	0.09721	0.00909	0.01222	0.00876	0.00799	0.07256	0.17961	0.19964	0.28769	0.02352	0.02440	0.00761	0.00533	0.00161	0.00400	0.00641	0.00517	0.00694
20	0.08801	0.01560	0.24778	0.01141	0.01582	0.02568	0.02950	0.05883	0.35414	0.04606	0.03145	0.01502	0.01160	0.00592	0.00486	0.00163	0.00529	0.00476	0.00396	0.02269
21	0.07187	0.09736	0.15697	0.01100	0.01515	0.18710	0.01020	0.06620	0.09857	0.21819	0.01274	0.01260	0.00909	0.00552	0.00461	0.00148	0.00608	0.00408	0.00389	0.00731
