[name]
unknown

[dist]
# distance from previous block
# <min> <max>
3	39

[block]
# block no. 0 follows, 45 sequences, length 29
# corresponding to MSA columns:
# 440-468
name=unknown_A
#
# <colnr> <probs for GDERKNQSTAVLIFYWHMCP>
#	G	D	E	R	K	N	Q	S	T	A	V	L	I	F	Y	W	H	M	C	P
0	0.01057	0.10957	0.06636	0.12442	0.06754	0.00997	0.00915	0.05991	0.03240	0.03215	0.01749	0.25298	0.01833	0.10180	0.00871	0.03398	0.00518	0.03001	0.00370	0.00578
1	0.10792	0.02189	0.01164	0.01014	0.01181	0.09997	0.00808	0.04530	0.03586	0.06768	0.09147	0.08243	0.04024	0.00963	0.03389	0.00205	0.22737	0.00608	0.08056	0.00599
2	0.00733	0.00552	0.00702	0.00700	0.00799	0.00567	0.00509	0.00866	0.00973	0.01294	0.05935	0.03376	0.22926	0.21344	0.35716	0.00561	0.00844	0.00797	0.00369	0.00437
3	0.01319	0.00836	0.00991	0.00917	0.01144	0.00858	0.00695	0.05828	0.24807	0.18356	0.02549	0.31844	0.05377	0.01096	0.00600	0.00191	0.00391	0.00955	0.00551	0.00694
4	0.00728	0.00524	0.00636	0.00667	0.00739	0.00493	0.00459	0.00843	0.01099	0.01459	0.18373	0.23282	0.15122	0.26265	0.01309	0.00298	0.00372	0.06446	0.00463	0.00423
5	0.13965	0.00651	0.00780	0.00752	0.00864	0.00733	0.00564	0.02271	0.00901	0.01506	0.01299	0.01944	0.01206	0.11736	0.29120	0.13544	0.03988	0.00521	0.13202	0.00453
6	0.00964	0.00778	0.00914	0.00975	0.01135	0.04006	0.00812	0.01410	0.14405	0.01679	0.02844	0.09771	0.08325	0.01316	0.00685	0.00224	0.00474	0.48233	0.00495	0.00555
7	0.00686	0.00496	0.00598	0.00664	0.00715	0.00463	0.00433	0.00761	0.00996	0.01293	0.03071	0.45005	0.17014	0.23799	0.01247	0.00296	0.00362	0.01244	0.00450	0.00408
8	0.01195	0.00933	0.01037	0.00932	0.01174	0.01007	0.00719	0.13365	0.31509	0.03725	0.18285	0.13183	0.08730	0.00972	0.00589	0.00180	0.00387	0.00830	0.00546	0.00700
9	0.00954	0.00668	0.00813	0.00792	0.00938	0.00665	0.00580	0.03727	0.13049	0.06637	0.27398	0.29608	0.06444	0.04315	0.00710	0.00201	0.00335	0.01059	0.00541	0.00565
10	0.00781	0.00520	0.00585	0.00585	0.00585	0.00520	0.00325	0.00781	0.00781	0.01041	0.01691	0.03513	0.01952	0.81135	0.02732	0.00520	0.00520	0.00781	0.00325	0.00325
11	0.00719	0.00535	0.00671	0.00727	0.00817	0.00504	0.00521	0.00915	0.04029	0.01589	0.19290	0.42129	0.14493	0.04193	0.00736	0.00213	0.00318	0.06618	0.00514	0.00470
12	0.11510	0.00687	0.00720	0.00665	0.00800	0.00718	0.00468	0.08419	0.01095	0.04774	0.01578	0.04845	0.01511	0.32817	0.01409	0.03532	0.00430	0.00617	0.22919	0.00485
13	0.61847	0.01077	0.00962	0.00810	0.01168	0.01197	0.00668	0.11017	0.01210	0.14230	0.01027	0.01071	0.00738	0.00542	0.00390	0.00165	0.00444	0.00353	0.00409	0.00674
14	0.01792	0.00937	0.01130	0.00919	0.01213	0.00925	0.00715	0.20037	0.03034	0.34513	0.01865	0.07037	0.01509	0.18122	0.01017	0.00244	0.00487	0.00640	0.03121	0.00742
15	0.06585	0.00911	0.01023	0.00894	0.01133	0.00954	0.00695	0.25274	0.04979	0.05245	0.23301	0.18040	0.06745	0.01011	0.00586	0.00177	0.00400	0.00857	0.00535	0.00656
16	0.00654	0.00493	0.00597	0.00678	0.00753	0.00445	0.00463	0.00756	0.01074	0.01378	0.03636	0.54307	0.25594	0.05571	0.00773	0.00222	0.00310	0.01371	0.00490	0.00436
17	0.00781	0.00520	0.00585	0.00585	0.00585	0.00520	0.00325	0.00781	0.00781	0.01041	0.01691	0.03513	0.01952	0.81135	0.02732	0.00520	0.00520	0.00781	0.00325	0.00325
18	0.00762	0.00484	0.00583	0.00657	0.00716	0.00462	0.00445	0.00892	0.01038	0.01519	0.02582	0.49380	0.05080	0.08658	0.00785	0.00219	0.00312	0.01159	0.23823	0.00444
19	0.00858	0.00649	0.00783	0.00761	0.00926	0.00659	0.00579	0.01220	0.12054	0.04628	0.11095	0.10531	0.27870	0.01987	0.22499	0.00373	0.00628	0.00897	0.00463	0.00540
20	0.84927	0.01038	0.00789	0.00706	0.01038	0.01204	0.00581	0.01578	0.00914	0.02408	0.00747	0.00872	0.00581	0.00498	0.00332	0.00166	0.00415	0.00291	0.00332	0.00581
21	0.00780	0.00522	0.00595	0.00595	0.00598	0.00525	0.00337	0.00787	0.00783	0.01048	0.01683	0.03466	0.01931	0.78573	0.05266	0.00532	0.00551	0.00774	0.00324	0.00330
22	0.00780	0.00523	0.00596	0.00596	0.00600	0.00526	0.00339	0.00788	0.00784	0.01049	0.01681	0.03458	0.01928	0.78141	0.05694	0.00534	0.00556	0.00773	0.00324	0.00331
23	0.01113	0.00954	0.01113	0.00795	0.01272	0.00716	0.00636	0.01352	0.01113	0.01749	0.00954	0.01113	0.00795	0.00398	0.00398	0.00080	0.00398	0.00318	0.00318	0.84417
24	0.01401	0.00680	0.00885	0.00800	0.01031	0.00599	0.00618	0.01568	0.01322	0.33588	0.08633	0.24826	0.16625	0.01144	0.00613	0.00187	0.00368	0.03890	0.00575	0.00647
25	0.02009	0.01645	0.01583	0.01251	0.01654	0.13003	0.01016	0.62400	0.05175	0.03036	0.01255	0.01269	0.00908	0.00634	0.00530	0.00159	0.00640	0.00468	0.00499	0.00868
26	0.01099	0.01086	0.01282	0.04334	0.04387	0.15477	0.10190	0.01272	0.01037	0.01286	0.01313	0.02145	0.01279	0.24165	0.26800	0.00490	0.00965	0.00589	0.00291	0.00513
27	0.01758	0.01443	0.01416	0.01160	0.01499	0.11801	0.00933	0.47007	0.07178	0.02657	0.01330	0.01444	0.01015	0.01134	0.12044	0.00261	0.00740	0.00488	0.03902	0.00789
28	0.01162	0.00860	0.01065	0.00894	0.01170	0.00814	0.02631	0.07551	0.09191	0.07771	0.15224	0.14147	0.02219	0.05166	0.00697	0.00174	0.02619	0.02166	0.00463	0.24016

[dist]
# distance from previous block
# <min> <max>
1	5

[block]
# block no. 1 follows, 45 sequences, length 21
# corresponding to MSA columns:
# 474-494
name=unknown_B
#
# <colnr> <probs for GDERKNQSTAVLIFYWHMCP>
#	G	D	E	R	K	N	Q	S	T	A	V	L	I	F	Y	W	H	M	C	P
0	0.16105	0.09074	0.24101	0.01246	0.01728	0.01358	0.07943	0.01991	0.23383	0.01936	0.01268	0.01347	0.00961	0.00573	0.00521	0.00169	0.03032	0.00452	0.00346	0.02467
1	0.03302	0.01543	0.01845	0.06773	0.26756	0.16206	0.06640	0.18687	0.04624	0.02034	0.01073	0.01273	0.00844	0.00554	0.00560	0.00159	0.03055	0.00462	0.00342	0.03269
2	0.08534	0.03311	0.01271	0.01036	0.01357	0.08897	0.00826	0.18367	0.20293	0.15102	0.06658	0.01776	0.01442	0.03269	0.05275	0.00217	0.00575	0.00536	0.00493	0.00765
3	0.01285	0.04406	0.01137	0.00951	0.01187	0.14843	0.00744	0.14319	0.05365	0.03907	0.17715	0.04757	0.12286	0.01383	0.13021	0.00274	0.00659	0.00692	0.00447	0.00620
4	0.17471	0.05641	0.00996	0.00757	0.01057	0.00842	0.00592	0.03511	0.01120	0.06416	0.03875	0.12957	0.08149	0.08036	0.00674	0.00177	0.00405	0.00631	0.00393	0.26301
5	0.05023	0.17331	0.16803	0.01277	0.06108	0.17437	0.01132	0.03194	0.09297	0.01637	0.04486	0.01587	0.07185	0.00647	0.00549	0.00157	0.04663	0.00476	0.00322	0.00690
6	0.21215	0.17224	0.19422	0.04271	0.01615	0.01419	0.01098	0.10970	0.05252	0.04009	0.05571	0.01286	0.01019	0.00579	0.00487	0.00160	0.02932	0.00415	0.00342	0.00712
7	0.01059	0.00913	0.01450	0.30446	0.10829	0.01001	0.06492	0.08602	0.01216	0.01617	0.01592	0.24788	0.01603	0.00939	0.00666	0.04462	0.00576	0.00798	0.00350	0.00600
8	0.01197	0.00951	0.01122	0.00805	0.01278	0.00720	0.00646	0.01433	0.01140	0.06686	0.01029	0.01159	0.00830	0.00415	0.00407	0.00085	0.00401	0.00332	0.00340	0.79021
9	0.06545	0.01212	0.01608	0.06322	0.06418	0.07286	0.15772	0.01947	0.27298	0.01828	0.01802	0.09594	0.05234	0.00753	0.00611	0.00181	0.03818	0.00668	0.00401	0.00702
10	0.03499	0.04894	0.03489	0.06360	0.13187	0.03673	0.03166	0.24901	0.17530	0.06048	0.02894	0.02629	0.01183	0.03425	0.00605	0.00178	0.00572	0.00529	0.00437	0.00801
11	0.00682	0.00494	0.00643	0.00730	0.00791	0.00459	0.00508	0.00809	0.01125	0.01503	0.14666	0.57817	0.09369	0.03118	0.00716	0.00215	0.00313	0.05084	0.00509	0.00449
12	0.19815	0.23018	0.04209	0.01004	0.01253	0.01447	0.00884	0.01423	0.00977	0.04221	0.01077	0.10146	0.01050	0.00927	0.04771	0.00212	0.22147	0.00505	0.00302	0.00609
13	0.41359	0.09632	0.08178	0.01022	0.01395	0.24626	0.00892	0.04403	0.01190	0.01938	0.00811	0.00938	0.00646	0.00517	0.00402	0.00153	0.00637	0.00323	0.00303	0.00635
14	0.01180	0.00926	0.07324	0.01225	0.12596	0.00772	0.00875	0.04001	0.01380	0.14701	0.29662	0.11280	0.03905	0.01118	0.05281	0.00215	0.00482	0.01933	0.00492	0.00653
15	0.01583	0.02879	0.08991	0.09668	0.21955	0.09743	0.03401	0.26485	0.06182	0.02226	0.01141	0.01305	0.00868	0.00564	0.00527	0.00162	0.00674	0.00467	0.00367	0.00810
16	0.00681	0.00485	0.00618	0.00705	0.00745	0.00456	0.00465	0.00771	0.01027	0.01368	0.07540	0.59098	0.07134	0.15035	0.01025	0.00264	0.00341	0.01345	0.00475	0.00423
17	0.01480	0.04462	0.09929	0.06282	0.13887	0.18756	0.03325	0.07819	0.19719	0.01854	0.01258	0.01367	0.00974	0.00569	0.00511	0.00157	0.00668	0.00459	0.00354	0.06173
18	0.14739	0.01046	0.06005	0.00842	0.01249	0.00861	0.00719	0.01546	0.08459	0.04651	0.09864	0.01630	0.03531	0.00569	0.00447	0.00125	0.00411	0.00452	0.00385	0.42472
19	0.01226	0.01061	0.01182	0.00954	0.03442	0.03531	0.00733	0.07247	0.11263	0.01925	0.03045	0.01501	0.02623	0.00527	0.00452	0.00111	0.00438	0.01986	0.00376	0.56377
20	0.01616	0.14261	0.01541	0.00998	0.01418	0.06565	0.00830	0.15554	0.11312	0.13233	0.01305	0.01315	0.00981	0.00546	0.00461	0.00130	0.00513	0.00415	0.00422	0.26583

[dist]
# distance from previous block
# <min> <max>
0	2

[block]
# block no. 2 follows, 45 sequences, length 22
# corresponding to MSA columns:
# 497-518
name=unknown_C
#
# <colnr> <probs for GDERKNQSTAVLIFYWHMCP>
#	G	D	E	R	K	N	Q	S	T	A	V	L	I	F	Y	W	H	M	C	P
0	0.05728	0.01005	0.01358	0.01010	0.01444	0.00857	0.10506	0.03990	0.02951	0.08374	0.05025	0.04208	0.01168	0.00530	0.00467	0.00119	0.00467	0.00465	0.00375	0.49955
1	0.08741	0.01139	0.01474	0.19378	0.12676	0.05952	0.03723	0.12107	0.01425	0.15239	0.04171	0.03659	0.06681	0.00667	0.00533	0.00169	0.00581	0.00560	0.00407	0.00719
2	0.00863	0.00748	0.00924	0.00866	0.01012	0.04090	0.00678	0.01037	0.00987	0.01342	0.02166	0.02543	0.17817	0.02661	0.43735	0.00550	0.09233	0.00654	0.00330	0.07763
3	0.01644	0.30212	0.12186	0.01350	0.08257	0.01635	0.04128	0.22356	0.01560	0.10193	0.01108	0.01183	0.00837	0.00541	0.00468	0.00147	0.00614	0.00413	0.00366	0.00804
4	0.01469	0.01259	0.02042	0.26624	0.02621	0.01350	0.23854	0.24120	0.01589	0.06105	0.01173	0.01460	0.00865	0.02317	0.00614	0.00181	0.00717	0.00536	0.00363	0.00742
5	0.01294	0.00745	0.00895	0.00797	0.00991	0.00735	0.00584	0.01682	0.15523	0.21582	0.12651	0.06908	0.06052	0.25718	0.01244	0.00283	0.00425	0.00767	0.00510	0.00615
6	0.00669	0.00545	0.00592	0.00580	0.00746	0.00468	0.00435	0.00837	0.01305	0.01644	0.25339	0.04847	0.57547	0.01287	0.00634	0.00178	0.00267	0.01088	0.00524	0.00468
7	0.00669	0.00473	0.00618	0.00728	0.00756	0.00446	0.00478	0.00751	0.00999	0.01332	0.02810	0.71711	0.03363	0.11011	0.00926	0.00254	0.00336	0.01438	0.00478	0.00423
8	0.00798	0.00562	0.00731	0.00814	0.00887	0.00554	0.00628	0.00942	0.01064	0.01393	0.02596	0.17362	0.05190	0.25547	0.01330	0.00323	0.00465	0.37938	0.00444	0.00433
9	0.00685	0.00506	0.00641	0.00700	0.00785	0.00463	0.00496	0.00832	0.01198	0.01598	0.23162	0.45400	0.16542	0.01466	0.00664	0.00200	0.00294	0.03385	0.00523	0.00459
10	0.00673	0.00545	0.00598	0.00585	0.00749	0.00470	0.00438	0.00846	0.01315	0.01668	0.27811	0.04807	0.55060	0.01278	0.00634	0.00177	0.00266	0.01083	0.00527	0.00470
11	0.01435	0.81458	0.02813	0.00918	0.01378	0.02124	0.00918	0.01607	0.01091	0.01263	0.00746	0.00861	0.00689	0.00459	0.00344	0.00115	0.00574	0.00287	0.00230	0.00689
12	0.02408	0.00914	0.01246	0.00955	0.01370	0.00789	0.00789	0.02616	0.01536	0.78158	0.02118	0.01827	0.01329	0.00664	0.00540	0.00166	0.00457	0.00540	0.00664	0.00914
13	0.00699	0.00469	0.00632	0.00734	0.00759	0.00444	0.00487	0.00742	0.00970	0.01294	0.02615	0.66273	0.03109	0.04881	0.00971	0.12380	0.00342	0.01343	0.00453	0.00402
14	0.01014	0.00954	0.01610	0.79845	0.03697	0.01193	0.01491	0.01371	0.01073	0.01371	0.00954	0.01431	0.00716	0.00537	0.00537	0.00179	0.00716	0.00477	0.00239	0.00596
15	0.01252	0.18127	0.08091	0.00980	0.01268	0.05466	0.00871	0.10935	0.04546	0.03479	0.05854	0.05141	0.01714	0.12336	0.00928	0.04462	0.00554	0.13005	0.00383	0.00609
16	0.01435	0.81458	0.02813	0.00918	0.01378	0.02124	0.00918	0.01607	0.01091	0.01263	0.00746	0.00861	0.00689	0.00459	0.00344	0.00115	0.00574	0.00287	0.00230	0.00689
17	0.00780	0.00524	0.00602	0.00602	0.00607	0.00529	0.00345	0.00791	0.00785	0.01053	0.01677	0.03431	0.01916	0.76627	0.07191	0.00540	0.00574	0.00769	0.00323	0.00334
18	0.01247	0.00830	0.01014	0.00783	0.01151	0.00666	0.00622	0.01477	0.01291	0.16121	0.18824	0.02144	0.06392	0.00663	0.00492	0.00122	0.00368	0.00556	0.00455	0.44781
19	0.04689	0.08935	0.01494	0.02958	0.03982	0.22898	0.00935	0.19164	0.15512	0.02049	0.03826	0.08539	0.01317	0.00712	0.00515	0.00160	0.00625	0.00552	0.00413	0.00723
20	0.01633	0.01418	0.14325	0.01526	0.02034	0.01098	0.27853	0.05713	0.01393	0.27663	0.01524	0.01776	0.01104	0.00601	0.00575	0.00174	0.00678	0.04844	0.00425	0.03643
21	0.01436	0.01638	0.15407	0.01424	0.07367	0.09494	0.03922	0.13947	0.28958	0.02104	0.01529	0.01707	0.01197	0.02538	0.00617	0.00181	0.02310	0.03017	0.00414	0.00791

[dist]
# distance from previous block
# <min> <max>
0	1

[block]
# block no. 3 follows, 45 sequences, length 6
# corresponding to MSA columns:
# 520,523-527
name=unknown_D
#
# <colnr> <probs for GDERKNQSTAVLIFYWHMCP>
#	G	D	E	R	K	N	Q	S	T	A	V	L	I	F	Y	W	H	M	C	P
0	0.08674	0.01734	0.01455	0.03965	0.06237	0.30692	0.01001	0.18208	0.13320	0.07703	0.01243	0.01291	0.00935	0.00599	0.00501	0.00157	0.00690	0.00438	0.00406	0.00752
1	0.00820	0.00585	0.00764	0.00839	0.00938	0.00575	0.00680	0.00999	0.01140	0.01486	0.06595	0.05267	0.09033	0.20582	0.01205	0.00303	0.00470	0.46809	0.00459	0.00451
2	0.01151	0.01196	0.07249	0.01269	0.06584	0.00904	0.13981	0.01461	0.01149	0.01741	0.00981	0.01187	0.00794	0.00421	0.00456	0.00109	0.00531	0.00390	0.00300	0.58147
3	0.00942	0.00601	0.00733	0.00693	0.00790	0.00599	0.00473	0.01115	0.04930	0.08235	0.15661	0.03283	0.06146	0.41756	0.11388	0.00433	0.00563	0.00777	0.00419	0.00463
4	0.01556	0.00941	0.01122	0.00957	0.01227	0.00953	0.00748	0.27356	0.01724	0.20005	0.10988	0.25751	0.02297	0.01016	0.00594	0.00180	0.00435	0.00869	0.00561	0.00721
5	0.01318	0.01378	0.01246	0.01136	0.01287	0.26234	0.00881	0.05808	0.01161	0.01390	0.01113	0.01605	0.01026	0.06766	0.30273	0.00452	0.15584	0.00489	0.00291	0.00562

[dist]
# distance from previous block
# <min> <max>
5	9

[block]
# block no. 4 follows, 45 sequences, length 139
# corresponding to MSA columns:
# 538-676
name=unknown_E
#
# <colnr> <probs for GDERKNQSTAVLIFYWHMCP>
#	G	D	E	R	K	N	Q	S	T	A	V	L	I	F	Y	W	H	M	C	P
0	0.01051	0.00967	0.01585	0.13703	0.28416	0.01040	0.05866	0.01280	0.01074	0.01489	0.01499	0.20491	0.01555	0.08011	0.00904	0.00218	0.09138	0.00764	0.00319	0.00630
1	0.00687	0.00506	0.00689	0.00767	0.00829	0.00508	0.00543	0.00813	0.00993	0.01339	0.02689	0.51260	0.08542	0.02365	0.24319	0.00410	0.00648	0.01209	0.00435	0.00450
2	0.01466	0.01402	0.03563	0.20370	0.12991	0.09203	0.08268	0.19573	0.12062	0.02065	0.01313	0.01493	0.02620	0.00592	0.00543	0.00168	0.00670	0.00511	0.00369	0.00759
3	0.00656	0.00479	0.00618	0.00723	0.00774	0.00441	0.00489	0.00761	0.01069	0.01411	0.06304	0.69474	0.11581	0.01623	0.00678	0.00212	0.00305	0.01461	0.00502	0.00441
4	0.01214	0.01252	0.02205	0.11057	0.17123	0.01433	0.23837	0.01500	0.01064	0.01521	0.00908	0.01317	0.00768	0.00655	0.01038	0.00197	0.31455	0.00522	0.00252	0.00681
5	0.00760	0.00549	0.00718	0.00675	0.00802	0.00506	0.00506	0.01013	0.01519	0.02153	0.77503	0.04010	0.05065	0.01097	0.00633	0.00169	0.00253	0.00971	0.00591	0.00506
6	0.01442	0.45326	0.02265	0.01137	0.01430	0.13574	0.01014	0.01593	0.01075	0.01279	0.00746	0.00972	0.00694	0.00618	0.00793	0.00155	0.24650	0.00351	0.00238	0.00648
7	0.00784	0.00668	0.00723	0.00625	0.00893	0.00535	0.00481	0.00956	0.01202	0.01569	0.07009	0.03896	0.51457	0.01059	0.00563	0.00150	0.00309	0.00880	0.00448	0.25795
8	0.01113	0.00954	0.01113	0.00795	0.01272	0.00716	0.00636	0.01352	0.01113	0.01749	0.00954	0.01113	0.00795	0.00398	0.00398	0.00080	0.00398	0.00318	0.00318	0.84417
9	0.01335	0.01153	0.01214	0.01092	0.01396	0.01335	0.00850	0.02852	0.76817	0.02245	0.02185	0.02003	0.01639	0.00728	0.00546	0.00182	0.00425	0.00607	0.00546	0.00850
10	0.00760	0.00549	0.00718	0.00675	0.00802	0.00506	0.00506	0.01013	0.01519	0.02153	0.77503	0.04010	0.05065	0.01097	0.00633	0.00169	0.00253	0.00971	0.00591	0.00506
11	0.01335	0.01153	0.01214	0.01092	0.01396	0.01335	0.00850	0.02852	0.76817	0.02245	0.02185	0.02003	0.01639	0.00728	0.00546	0.00182	0.00425	0.00607	0.00546	0.00850
12	0.00865	0.00618	0.00865	0.00989	0.01112	0.00618	0.00865	0.01112	0.01236	0.01606	0.02842	0.06055	0.03089	0.01483	0.00741	0.00247	0.00494	0.74174	0.00494	0.00494
13	0.01113	0.00954	0.01113	0.00795	0.01272	0.00716	0.00636	0.01352	0.01113	0.01749	0.00954	0.01113	0.00795	0.00398	0.00398	0.00080	0.00398	0.00318	0.00318	0.84417
14	0.01014	0.00954	0.01610	0.79845	0.03697	0.01193	0.01491	0.01371	0.01073	0.01371	0.00954	0.01431	0.00716	0.00537	0.00537	0.00179	0.00716	0.00477	0.00239	0.00596
15	0.00648	0.00490	0.00599	0.00686	0.00762	0.00441	0.00471	0.00754	0.01087	0.01394	0.03707	0.57964	0.25889	0.01584	0.00670	0.00207	0.00299	0.01407	0.00498	0.00441
16	0.01329	0.01275	0.02179	0.03295	0.77787	0.01275	0.01647	0.01647	0.01222	0.01754	0.01010	0.01329	0.00850	0.00478	0.00531	0.00159	0.00638	0.00478	0.00266	0.00850
17	0.02126	0.01313	0.01486	0.01145	0.01566	0.01389	0.00944	0.51227	0.04891	0.25909	0.01571	0.01477	0.01064	0.00653	0.00538	0.00163	0.00544	0.00505	0.00576	0.00911
18	0.00713	0.00556	0.00661	0.00721	0.00860	0.00504	0.00571	0.00878	0.01197	0.01489	0.04202	0.17308	0.41652	0.01450	0.00677	0.00209	0.00351	0.25040	0.00497	0.00464
19	0.01339	0.01111	0.01187	0.01065	0.01362	0.01271	0.00828	0.02742	0.70106	0.04769	0.06386	0.02109	0.01820	0.00747	0.00551	0.00181	0.00416	0.00625	0.00553	0.00833
20	0.01548	0.01259	0.01334	0.01135	0.01477	0.01435	0.00901	0.24927	0.54396	0.02589	0.01914	0.01787	0.01420	0.00703	0.00543	0.00176	0.00475	0.00570	0.00543	0.00869
21	0.84927	0.01038	0.00789	0.00706	0.01038	0.01204	0.00581	0.01578	0.00914	0.02408	0.00747	0.00872	0.00581	0.00498	0.00332	0.00166	0.00415	0.00291	0.00332	0.00581
22	0.01755	0.01059	0.01226	0.01039	0.01386	0.01122	0.00826	0.02760	0.47388	0.31921	0.02159	0.01934	0.01517	0.00703	0.00544	0.00176	0.00437	0.00581	0.00592	0.00875
23	0.00669	0.00515	0.00612	0.00651	0.00762	0.00458	0.00464	0.00814	0.01212	0.01571	0.20027	0.34139	0.33323	0.01427	0.00654	0.00193	0.00283	0.01250	0.00518	0.00458
24	0.01761	0.01338	0.01461	0.01102	0.01546	0.01378	0.00904	0.53469	0.02098	0.02890	0.01188	0.01236	0.00877	0.00570	0.00495	0.00136	0.00532	0.00433	0.00471	0.26114
25	0.02016	0.02240	0.01548	0.01338	0.01661	0.55647	0.01032	0.24432	0.01824	0.01938	0.00968	0.01065	0.00758	0.00581	0.00500	0.00145	0.00854	0.00387	0.00355	0.00710
26	0.00781	0.00520	0.00585	0.00585	0.00585	0.00520	0.00325	0.00781	0.00781	0.01041	0.01691	0.03513	0.01952	0.81135	0.02732	0.00520	0.00520	0.00781	0.00325	0.00325
27	0.00640	0.00521	0.00568	0.00605	0.00741	0.00448	0.00435	0.00763	0.01164	0.01426	0.04690	0.27987	0.55230	0.01457	0.00650	0.00192	0.00284	0.01252	0.00498	0.00448
28	0.01435	0.81458	0.02813	0.00918	0.01378	0.02124	0.00918	0.01607	0.01091	0.01263	0.00746	0.00861	0.00689	0.00459	0.00344	0.00115	0.00574	0.00287	0.00230	0.00689
29	0.00672	0.00545	0.00596	0.00583	0.00748	0.00469	0.00438	0.00844	0.01313	0.01662	0.27187	0.04817	0.55688	0.01280	0.00634	0.00178	0.00266	0.01084	0.00526	0.00469
30	0.01312	0.00680	0.00841	0.00724	0.00979	0.00588	0.00570	0.01501	0.01406	0.29684	0.20752	0.03679	0.33038	0.01045	0.00599	0.00173	0.00335	0.00879	0.00580	0.00634
31	0.00654	0.00467	0.00623	0.00747	0.00779	0.00436	0.00498	0.00747	0.01028	0.01370	0.02959	0.80785	0.03550	0.01682	0.00685	0.00218	0.00311	0.01526	0.00498	0.00436
32	0.02005	0.02558	0.01521	0.01383	0.01659	0.78980	0.01037	0.02143	0.01521	0.01314	0.00830	0.00968	0.00691	0.00553	0.00484	0.00138	0.00968	0.00346	0.00277	0.00622
33	0.00685	0.00507	0.00640	0.00688	0.00777	0.00462	0.00485	0.00838	0.01223	0.01640	0.27807	0.42489	0.16917	0.01434	0.00659	0.00196	0.00285	0.01276	0.00529	0.00462
34	0.84927	0.01038	0.00789	0.00706	0.01038	0.01204	0.00581	0.01578	0.00914	0.02408	0.00747	0.00872	0.00581	0.00498	0.00332	0.00166	0.00415	0.00291	0.00332	0.00581
35	0.01487	0.01332	0.01629	0.01351	0.01502	0.04425	0.01119	0.25711	0.01403	0.01975	0.00900	0.01204	0.00772	0.00829	0.01316	0.00207	0.51338	0.00470	0.00335	0.00695
36	0.01199	0.01016	0.01118	0.00944	0.01279	0.01038	0.00738	0.03634	0.41925	0.02089	0.10536	0.02028	0.03637	0.00685	0.00513	0.00149	0.00396	0.00572	0.00481	0.26022
37	0.01137	0.02462	0.62616	0.04217	0.02292	0.01271	0.05592	0.04111	0.07927	0.01791	0.01088	0.01242	0.00781	0.00532	0.00521	0.00172	0.00757	0.00433	0.00268	0.00792
38	0.01247	0.01127	0.02186	0.01853	0.10219	0.01068	0.38513	0.01602	0.01295	0.08536	0.06415	0.02730	0.01675	0.00761	0.00640	0.00192	0.00697	0.18179	0.00379	0.00686
39	0.00877	0.00716	0.01044	0.01368	0.18687	0.00708	0.00808	0.01142	0.06430	0.01593	0.08247	0.47126	0.02885	0.01281	0.00639	0.00200	0.00400	0.04824	0.00455	0.00569
40	0.01240	0.09382	0.13621	0.01423	0.08408	0.01108	0.13092	0.07669	0.02884	0.08387	0.01721	0.25304	0.01680	0.00876	0.00574	0.00179	0.00576	0.00796	0.00390	0.00690
41	0.01435	0.81458	0.02813	0.00918	0.01378	0.02124	0.00918	0.01607	0.01091	0.01263	0.00746	0.00861	0.00689	0.00459	0.00344	0.00115	0.00574	0.00287	0.00230	0.00689
42	0.01828	0.01398	0.01491	0.01192	0.01584	0.01565	0.00969	0.53922	0.24945	0.03040	0.01559	0.01504	0.01132	0.00670	0.00540	0.00167	0.00541	0.00521	0.00540	0.00894
43	0.00702	0.00491	0.00611	0.00681	0.00710	0.00469	0.00435	0.00769	0.00965	0.01285	0.05290	0.48444	0.05352	0.29619	0.01402	0.00322	0.00382	0.01231	0.00441	0.00400
44	0.00653	0.00471	0.00619	0.00738	0.00776	0.00437	0.00494	0.00749	0.01037	0.01374	0.03074	0.77255	0.07005	0.01667	0.00683	0.00216	0.00310	0.01508	0.00498	0.00437
45	0.01051	0.00994	0.01408	0.01244	0.01273	0.01350	0.01022	0.01191	0.00834	0.01278	0.00926	0.01456	0.00897	0.01871	0.25074	0.00424	0.56397	0.00502	0.00251	0.00555
46	0.01090	0.01103	0.02080	0.56431	0.03428	0.01242	0.23928	0.01477	0.01132	0.01477	0.00994	0.01436	0.00745	0.00511	0.00566	0.00180	0.00773	0.00524	0.00248	0.00635
47	0.00852	0.00547	0.00744	0.00836	0.00924	0.00518	0.00631	0.01000	0.01129	0.07312	0.02859	0.52196	0.03241	0.01544	0.00691	0.00223	0.00378	0.23375	0.00510	0.00490
48	0.01340	0.03661	0.02024	0.12005	0.46037	0.10110	0.06501	0.01672	0.03580	0.01632	0.01077	0.04050	0.00923	0.00552	0.00563	0.00164	0.02562	0.00508	0.00279	0.00760
49	0.01387	0.03443	0.11298	0.06729	0.08981	0.02588	0.37127	0.01824	0.03977	0.11615	0.03070	0.01503	0.00988	0.00532	0.00604	0.00174	0.02515	0.00561	0.00331	0.00753
50	0.01095	0.01064	0.01878	0.45799	0.17875	0.01202	0.11805	0.01432	0.01117	0.01492	0.01100	0.06414	0.00934	0.00602	0.00608	0.00180	0.03918	0.00565	0.00265	0.00654
51	0.07943	0.05352	0.10485	0.01720	0.06397	0.31874	0.25214	0.01864	0.01315	0.01593	0.00927	0.01149	0.00730	0.00504	0.00520	0.00158	0.00851	0.00445	0.00271	0.00686
52	0.01310	0.01363	0.10921	0.23669	0.22925	0.01219	0.19259	0.01695	0.01214	0.09535	0.01122	0.01414	0.00835	0.00511	0.00556	0.00172	0.00722	0.00512	0.00296	0.00750
53	0.01068	0.00973	0.01291	0.09305	0.21973	0.05899	0.00976	0.01460	0.08938	0.01873	0.31774	0.04390	0.06223	0.00828	0.00579	0.00168	0.00468	0.00732	0.00437	0.00646
54	0.01180	0.00804	0.00942	0.00848	0.01083	0.00816	0.00665	0.04067	0.22880	0.12658	0.27941	0.03346	0.14355	0.00980	0.00599	0.00178	0.00358	0.05068	0.00567	0.00664
55	0.01200	0.00892	0.01028	0.00877	0.01113	0.00928	0.00689	0.24699	0.07264	0.02523	0.45715	0.03048	0.05928	0.00937	0.00597	0.00168	0.00372	0.00797	0.00568	0.00657
56	0.00781	0.00520	0.00585	0.00585	0.00585	0.00520	0.00325	0.00781	0.00781	0.01041	0.01691	0.03513	0.01952	0.81135	0.02732	0.00520	0.00520	0.00781	0.00325	0.00325
57	0.01827	0.00820	0.01117	0.00922	0.01232	0.00775	0.00747	0.05019	0.01361	0.48822	0.02013	0.02025	0.04387	0.01706	0.24225	0.00377	0.00751	0.00572	0.00539	0.00764
58	0.84927	0.01038	0.00789	0.00706	0.01038	0.01204	0.00581	0.01578	0.00914	0.02408	0.00747	0.00872	0.00581	0.00498	0.00332	0.00166	0.00415	0.00291	0.00332	0.00581
59	0.01435	0.81458	0.02813	0.00918	0.01378	0.02124	0.00918	0.01607	0.01091	0.01263	0.00746	0.00861	0.00689	0.00459	0.00344	0.00115	0.00574	0.00287	0.00230	0.00689
60	0.01384	0.01541	0.01652	0.23072	0.02166	0.24849	0.03899	0.01586	0.01118	0.01336	0.00825	0.01193	0.00708	0.00694	0.00998	0.00188	0.31496	0.00440	0.00250	0.00605
61	0.01379	0.01143	0.01215	0.01087	0.01395	0.01313	0.00847	0.02843	0.73762	0.05326	0.02182	0.01996	0.01626	0.00726	0.00546	0.00181	0.00426	0.00604	0.00551	0.00852
62	0.00932	0.00466	0.00699	0.00699	0.00699	0.00466	0.00466	0.00699	0.00699	0.00932	0.00932	0.01632	0.00932	0.01865	0.02098	0.84382	0.00466	0.00466	0.00233	0.00233
63	0.00897	0.00729	0.00819	0.00779	0.00970	0.00742	0.00595	0.01491	0.24128	0.01928	0.28466	0.07269	0.24278	0.01100	0.00613	0.00181	0.00322	0.03558	0.00544	0.00591
64	0.01602	0.01899	0.08775	0.06001	0.12314	0.28734	0.14569	0.11676	0.01469	0.01757	0.00972	0.01197	0.00765	0.00555	0.00604	0.00162	0.05476	0.00452	0.00300	0.00722
65	0.00718	0.00513	0.00696	0.00820	0.00879	0.00491	0.00609	0.00857	0.01090	0.01442	0.02923	0.58232	0.03411	0.01622	0.00702	0.00227	0.00367	0.23451	0.00497	0.00454
66	0.00781	0.00520	0.00585	0.00585	0.00585	0.00520	0.00325	0.00781	0.00781	0.01041	0.01691	0.03513	0.01952	0.81135	0.02732	0.00520	0.00520	0.00781	0.00325	0.00325
67	0.01113	0.00954	0.01113	0.00795	0.01272	0.00716	0.00636	0.01352	0.01113	0.01749	0.00954	0.01113	0.00795	0.00398	0.00398	0.00080	0.00398	0.00318	0.00318	0.84417
68	0.01643	0.21091	0.06523	0.05817	0.10484	0.09883	0.01153	0.28234	0.03896	0.02143	0.01045	0.01171	0.00817	0.00569	0.00523	0.00152	0.03297	0.00418	0.00358	0.00783
69	0.01028	0.01776	0.38812	0.01384	0.03413	0.01016	0.09971	0.01491	0.02653	0.03145	0.05374	0.05606	0.07239	0.00908	0.03285	0.00209	0.00685	0.10985	0.00336	0.00683
70	0.00781	0.00520	0.00585	0.00585	0.00585	0.00520	0.00325	0.00781	0.00781	0.01041	0.01691	0.03513	0.01952	0.81135	0.02732	0.00520	0.00520	0.00781	0.00325	0.00325
71	0.01314	0.01119	0.01327	0.01234	0.04951	0.01320	0.00933	0.13322	0.35652	0.02072	0.01753	0.10183	0.01500	0.00982	0.03971	0.00220	0.16293	0.00652	0.00454	0.00748
72	0.01014	0.00954	0.01610	0.79845	0.03697	0.01193	0.01491	0.01371	0.01073	0.01371	0.00954	0.01431	0.00716	0.00537	0.00537	0.00179	0.00716	0.00477	0.00239	0.00596
73	0.01162	0.01094	0.01852	0.15326	0.12279	0.01238	0.17167	0.03149	0.01079	0.03382	0.01150	0.01673	0.02340	0.08264	0.06803	0.00271	0.20296	0.00558	0.00282	0.00635
74	0.25139	0.00930	0.01091	0.04868	0.04411	0.00978	0.00776	0.01951	0.09896	0.27243	0.05835	0.01697	0.01318	0.01056	0.10295	0.00256	0.00573	0.00501	0.00469	0.00717
75	0.01502	0.02027	0.47690	0.01286	0.01923	0.01053	0.01494	0.01963	0.01276	0.26612	0.03727	0.01448	0.01033	0.00574	0.00519	0.00165	0.00651	0.00458	0.00384	0.04216
76	0.02005	0.02558	0.01521	0.01383	0.01659	0.78980	0.01037	0.02143	0.01521	0.01314	0.00830	0.00968	0.00691	0.00553	0.00484	0.00138	0.00968	0.00346	0.00277	0.00622
77	0.01379	0.01378	0.03670	0.01128	0.01376	0.18624	0.02430	0.11013	0.10708	0.03480	0.11185	0.04208	0.08498	0.00867	0.00715	0.00178	0.10355	0.06241	0.00425	0.02143
78	0.01435	0.81458	0.02813	0.00918	0.01378	0.02124	0.00918	0.01607	0.01091	0.01263	0.00746	0.00861	0.00689	0.00459	0.00344	0.00115	0.00574	0.00287	0.00230	0.00689
79	0.02041	0.01504	0.01611	0.01235	0.01665	0.01665	0.01020	0.75997	0.02524	0.03383	0.01289	0.01289	0.00913	0.00644	0.00537	0.00161	0.00591	0.00483	0.00537	0.00913
80	0.00742	0.00504	0.00597	0.00634	0.00644	0.00495	0.00377	0.00771	0.00855	0.01140	0.02074	0.26833	0.02434	0.57157	0.02114	0.00429	0.00457	0.01006	0.00377	0.00359
81	0.00772	0.00554	0.00758	0.00758	0.00818	0.00614	0.00540	0.00891	0.00832	0.01169	0.01534	0.02639	0.01572	0.33138	0.50210	0.00733	0.01091	0.00653	0.00302	0.00421
82	0.00760	0.00549	0.00718	0.00675	0.00802	0.00506	0.00506	0.01013	0.01519	0.02153	0.77503	0.04010	0.05065	0.01097	0.00633	0.00169	0.00253	0.00971	0.00591	0.00506
83	0.01895	0.02382	0.01462	0.01337	0.01597	0.72001	0.01005	0.02038	0.01462	0.01308	0.00884	0.01070	0.00749	0.00863	0.07483	0.00203	0.01010	0.00366	0.00278	0.00610
84	0.01435	0.81458	0.02813	0.00918	0.01378	0.02124	0.00918	0.01607	0.01091	0.01263	0.00746	0.00861	0.00689	0.00459	0.00344	0.00115	0.00574	0.00287	0.00230	0.00689
85	0.00781	0.00520	0.00585	0.00585	0.00585	0.00520	0.00325	0.00781	0.00781	0.01041	0.01691	0.03513	0.01952	0.81135	0.02732	0.00520	0.00520	0.00781	0.00325	0.00325
86	0.00793	0.00609	0.00845	0.00842	0.00931	0.02230	0.00639	0.00962	0.00867	0.01224	0.01454	0.02244	0.01397	0.12637	0.68841	0.00810	0.01325	0.00594	0.00292	0.00465
87	0.01116	0.04589	0.52188	0.03409	0.15527	0.03122	0.01726	0.01607	0.01147	0.01651	0.01139	0.08261	0.00967	0.00609	0.00524	0.00170	0.00719	0.00509	0.00259	0.00760
88	0.84927	0.01038	0.00789	0.00706	0.01038	0.01204	0.00581	0.01578	0.00914	0.02408	0.00747	0.00872	0.00581	0.00498	0.00332	0.00166	0.00415	0.00291	0.00332	0.00581
89	0.01435	0.81458	0.02813	0.00918	0.01378	0.02124	0.00918	0.01607	0.01091	0.01263	0.00746	0.00861	0.00689	0.00459	0.00344	0.00115	0.00574	0.00287	0.00230	0.00689
90	0.01227	0.01162	0.01854	0.35489	0.24467	0.03466	0.08485	0.07194	0.03779	0.01695	0.01150	0.05536	0.00957	0.00587	0.00551	0.00173	0.00678	0.00548	0.00297	0.00706
91	0.01931	0.02366	0.01501	0.03673	0.01693	0.68392	0.01032	0.06674	0.03072	0.01464	0.00942	0.02992	0.00795	0.00590	0.00495	0.00144	0.00910	0.00392	0.00302	0.00639
92	0.00701	0.00546	0.00636	0.00614	0.00766	0.00482	0.00460	0.00900	0.01381	0.01824	0.43822	0.04550	0.38951	0.01220	0.00634	0.00175	0.00262	0.01047	0.00548	0.00482
93	0.01365	0.01168	0.01230	0.01098	0.01407	0.01349	0.00857	0.05906	0.73715	0.02293	0.02147	0.01973	0.01608	0.00725	0.00546	0.00181	0.00432	0.00602	0.00546	0.00852
94	0.01504	0.08661	0.11215	0.03884	0.38755	0.06858	0.01413	0.06657	0.04816	0.09438	0.01150	0.01318	0.00889	0.00528	0.00511	0.00157	0.00645	0.00454	0.00328	0.00818
95	0.01218	0.00944	0.01071	0.00994	0.03336	0.06796	0.03275	0.06127	0.15164	0.09461	0.20624	0.13626	0.05111	0.08838	0.00802	0.00210	0.00448	0.00823	0.00500	0.00631
96	0.00683	0.00492	0.00652	0.00758	0.00812	0.00461	0.00532	0.00807	0.01096	0.01460	0.09042	0.63996	0.06629	0.01602	0.00685	0.00215	0.00324	0.08803	0.00505	0.00448
97	0.01468	0.05204	0.21229	0.12621	0.14861	0.17808	0.01413	0.06846	0.03117	0.06306	0.01111	0.01388	0.00869	0.00569	0.00517	0.00162	0.00732	0.02728	0.00309	0.00742
98	0.01279	0.04513	0.08953	0.01480	0.11272	0.02966	0.09220	0.13788	0.10061	0.03646	0.01865	0.13970	0.04244	0.00869	0.00586	0.00183	0.00572	0.09401	0.00417	0.00713
99	0.01077	0.02777	0.78354	0.01530	0.02323	0.01247	0.01983	0.01700	0.01133	0.01700	0.00963	0.01133	0.00680	0.00510	0.00510	0.00170	0.00793	0.00397	0.00227	0.00793
100	0.00660	0.00477	0.00613	0.00719	0.00762	0.00443	0.00479	0.00752	0.01030	0.01357	0.03100	0.69165	0.10046	0.06671	0.00810	0.00234	0.00321	0.01444	0.00487	0.00431
101	0.03628	0.03200	0.25041	0.04356	0.06849	0.03877	0.28663	0.01647	0.01199	0.04422	0.02714	0.04405	0.00974	0.00578	0.00592	0.02159	0.00748	0.00543	0.00288	0.04115
102	0.01122	0.01098	0.01508	0.15305	0.13522	0.10752	0.09697	0.01388	0.01220	0.01532	0.01847	0.12252	0.03473	0.00949	0.00619	0.00195	0.00635	0.21922	0.00362	0.00601
103	0.01442	0.06752	0.04916	0.01309	0.08633	0.15567	0.00983	0.15687	0.08462	0.03716	0.01283	0.01565	0.01066	0.03835	0.22006	0.00358	0.00883	0.00487	0.00358	0.00692
104	0.01435	0.81458	0.02813	0.00918	0.01378	0.02124	0.00918	0.01607	0.01091	0.01263	0.00746	0.00861	0.00689	0.00459	0.00344	0.00115	0.00574	0.00287	0.00230	0.00689
105	0.00932	0.00466	0.00699	0.00699	0.00699	0.00466	0.00466	0.00699	0.00699	0.00932	0.00932	0.01632	0.00932	0.01865	0.02098	0.84382	0.00466	0.00466	0.00233	0.00233
106	0.01390	0.01249	0.01811	0.02106	0.32452	0.03709	0.06953	0.15693	0.05341	0.01984	0.01336	0.01975	0.01186	0.04047	0.00765	0.00194	0.07714	0.08980	0.00358	0.00759
107	0.00677	0.00479	0.00627	0.00735	0.00766	0.00453	0.00489	0.00764	0.01004	0.01337	0.02796	0.68551	0.03335	0.11607	0.00943	0.00257	0.00344	0.03936	0.00477	0.00424
108	0.00747	0.00533	0.00729	0.00853	0.00925	0.00516	0.00659	0.00908	0.01119	0.01474	0.02907	0.47976	0.03348	0.01594	0.00710	0.00231	0.00392	0.33420	0.00497	0.00462
109	0.00664	0.00545	0.00585	0.00575	0.00743	0.00466	0.00431	0.00828	0.01294	0.01618	0.22656	0.04890	0.60246	0.01297	0.00634	0.00178	0.00267	0.01094	0.00521	0.00466
110	0.00654	0.00467	0.00623	0.00747	0.00779	0.00436	0.00498	0.00747	0.01028	0.01370	0.02959	0.80785	0.03550	0.01682	0.00685	0.00218	0.00311	0.01526	0.00498	0.00436
111	0.01174	0.01174	0.01644	0.01409	0.01409	0.01644	0.01174	0.01292	0.00822	0.01292	0.00705	0.01174	0.00705	0.00940	0.01762	0.00235	0.80153	0.00470	0.00235	0.00587
112	0.00767	0.00573	0.00853	0.00853	0.00946	0.00666	0.00659	0.00952	0.00860	0.01239	0.01447	0.02157	0.01363	0.06683	0.76380	0.00851	0.01406	0.00582	0.00289	0.00474
113	0.00654	0.00467	0.00623	0.00747	0.00779	0.00436	0.00498	0.00747	0.01028	0.01370	0.02959	0.80785	0.03550	0.01682	0.00685	0.00218	0.00311	0.01526	0.00498	0.00436
114	0.84927	0.01038	0.00789	0.00706	0.01038	0.01204	0.00581	0.01578	0.00914	0.02408	0.00747	0.00872	0.00581	0.00498	0.00332	0.00166	0.00415	0.00291	0.00332	0.00581
115	0.00654	0.00467	0.00623	0.00747	0.00779	0.00436	0.00498	0.00747	0.01028	0.01370	0.02959	0.80785	0.03550	0.01682	0.00685	0.00218	0.00311	0.01526	0.00498	0.00436
116	0.01435	0.81458	0.02813	0.00918	0.01378	0.02124	0.00918	0.01607	0.01091	0.01263	0.00746	0.00861	0.00689	0.00459	0.00344	0.00115	0.00574	0.00287	0.00230	0.00689
117	0.01174	0.01174	0.01644	0.01409	0.01409	0.01644	0.01174	0.01292	0.00822	0.01292	0.00705	0.01174	0.00705	0.00940	0.01762	0.00235	0.80153	0.00470	0.00235	0.00587
118	0.00634	0.00544	0.00544	0.00544	0.00725	0.00453	0.00408	0.00770	0.01224	0.01450	0.05438	0.05166	0.77569	0.01359	0.00634	0.00181	0.00272	0.01133	0.00498	0.00453
119	0.84927	0.01038	0.00789	0.00706	0.01038	0.01204	0.00581	0.01578	0.00914	0.02408	0.00747	0.00872	0.00581	0.00498	0.00332	0.00166	0.00415	0.00291	0.00332	0.00581
120	0.01174	0.01174	0.01644	0.01409	0.01409	0.01644	0.01174	0.01292	0.00822	0.01292	0.00705	0.01174	0.00705	0.00940	0.01762	0.00235	0.80153	0.00470	0.00235	0.00587
121	0.00760	0.00549	0.00718	0.00675	0.00802	0.00506	0.00506	0.01013	0.01519	0.02153	0.77503	0.04010	0.05065	0.01097	0.00633	0.00169	0.00253	0.00971	0.00591	0.00506
122	0.01077	0.02777	0.78354	0.01530	0.02323	0.01247	0.01983	0.01700	0.01133	0.01700	0.00963	0.01133	0.00680	0.00510	0.00510	0.00170	0.00793	0.00397	0.00227	0.00793
123	0.82475	0.01052	0.00813	0.00722	0.01057	0.01218	0.00594	0.03780	0.00961	0.02437	0.00763	0.00884	0.00591	0.00503	0.00338	0.00166	0.00420	0.00296	0.00338	0.00591
124	0.01724	0.01669	0.01433	0.01155	0.01537	0.26405	0.00914	0.27352	0.01723	0.02158	0.01022	0.01129	0.00799	0.00549	0.00514	0.00131	0.03008	0.00388	0.00378	0.26010
125	0.01311	0.06703	0.20770	0.01066	0.01409	0.01062	0.01031	0.02900	0.05604	0.16298	0.01427	0.01941	0.01217	0.20244	0.05948	0.00300	0.09205	0.00542	0.00364	0.00661
126	0.02041	0.01504	0.01611	0.01235	0.01665	0.01665	0.01020	0.75997	0.02524	0.03383	0.01289	0.01289	0.00913	0.00644	0.00537	0.00161	0.00591	0.00483	0.00537	0.00913
127	0.01343	0.24484	0.09369	0.00990	0.01451	0.01318	0.00928	0.06772	0.01209	0.05852	0.00963	0.01098	0.00783	0.00500	0.00515	0.00121	0.06602	0.00352	0.00311	0.35039
128	0.01257	0.01215	0.01932	0.26080	0.48754	0.03843	0.01536	0.01648	0.05407	0.01652	0.01053	0.01385	0.00849	0.00512	0.00532	0.00166	0.00660	0.00481	0.00274	0.00766
129	0.00699	0.00546	0.00633	0.00611	0.00765	0.00481	0.00459	0.00895	0.01376	0.01812	0.42526	0.04571	0.40255	0.01225	0.00634	0.00175	0.00262	0.01049	0.00546	0.00481
130	0.01122	0.00946	0.01260	0.01073	0.07291	0.00795	0.06224	0.03434	0.01128	0.03074	0.01256	0.01697	0.03280	0.14041	0.00832	0.00174	0.00477	0.00465	0.00330	0.51102
131	0.24623	0.01038	0.09421	0.01032	0.05423	0.00939	0.00829	0.01330	0.04069	0.03286	0.01746	0.26264	0.03271	0.02923	0.00672	0.00197	0.06428	0.03064	0.00384	0.03061
132	0.01329	0.01275	0.02179	0.03295	0.77787	0.01275	0.01647	0.01647	0.01222	0.01754	0.01010	0.01329	0.00850	0.00478	0.00531	0.00159	0.00638	0.00478	0.00266	0.00850
133	0.00654	0.00467	0.00623	0.00747	0.00779	0.00436	0.00498	0.00747	0.01028	0.01370	0.02959	0.80785	0.03550	0.01682	0.00685	0.00218	0.00311	0.01526	0.00498	0.00436
134	0.01191	0.01185	0.01927	0.16581	0.34941	0.05283	0.11975	0.01485	0.01172	0.01580	0.01279	0.13180	0.01209	0.00687	0.00617	0.00177	0.03885	0.00649	0.00296	0.00701
135	0.01077	0.02777	0.78354	0.01530	0.02323	0.01247	0.01983	0.01700	0.01133	0.01700	0.00963	0.01133	0.00680	0.00510	0.00510	0.00170	0.00793	0.00397	0.00227	0.00793
136	0.00865	0.00618	0.00865	0.00989	0.01112	0.00618	0.00865	0.01112	0.01236	0.01606	0.02842	0.06055	0.03089	0.01483	0.00741	0.00247	0.00494	0.74174	0.00494	0.00494
137	0.01435	0.81458	0.02813	0.00918	0.01378	0.02124	0.00918	0.01607	0.01091	0.01263	0.00746	0.00861	0.00689	0.00459	0.00344	0.00115	0.00574	0.00287	0.00230	0.00689
138	0.01398	0.16511	0.27727	0.03432	0.18103	0.06688	0.04760	0.11943	0.01367	0.01832	0.00975	0.01156	0.00757	0.00513	0.00492	0.00155	0.00707	0.00415	0.00284	0.00784

[dist]
# distance from previous block
# <min> <max>
3	21

[block]
# block no. 5 follows, 45 sequences, length 43
# corresponding to MSA columns:
# 698-740
name=unknown_F
#
# <colnr> <probs for GDERKNQSTAVLIFYWHMCP>
#	G	D	E	R	K	N	Q	S	T	A	V	L	I	F	Y	W	H	M	C	P
0	0.01336	0.01303	0.01361	0.01328	0.08016	0.18514	0.03478	0.11706	0.04184	0.01657	0.01306	0.06742	0.01201	0.05059	0.23019	0.00382	0.07878	0.00567	0.00337	0.00626
1	0.00870	0.00661	0.00780	0.00776	0.00836	0.02993	0.00543	0.02754	0.02852	0.01265	0.01778	0.09232	0.01929	0.41839	0.18853	0.00509	0.03542	0.07210	0.00351	0.00428
2	0.01330	0.04096	0.13262	0.01260	0.01677	0.01299	0.08085	0.10434	0.21957	0.03296	0.01325	0.01422	0.01018	0.00613	0.00664	0.00162	0.10503	0.00479	0.00380	0.16738
3	0.01697	0.01963	0.01763	0.07536	0.28808	0.43934	0.01285	0.03870	0.01410	0.01529	0.00914	0.01137	0.00755	0.00528	0.00506	0.00149	0.00823	0.00406	0.00277	0.00709
4	0.01177	0.01033	0.01594	0.01362	0.06993	0.01029	0.15574	0.11900	0.01288	0.01833	0.04807	0.01644	0.01176	0.01540	0.23005	0.00351	0.03871	0.00525	0.00337	0.18961
5	0.00670	0.00478	0.00633	0.00742	0.00780	0.00448	0.00500	0.00773	0.01054	0.01413	0.07685	0.71367	0.03577	0.04658	0.00761	0.00227	0.00319	0.02981	0.00498	0.00438
6	0.00664	0.00474	0.00633	0.00750	0.00787	0.00443	0.00507	0.00768	0.01054	0.01410	0.06216	0.75687	0.03606	0.01652	0.00684	0.00217	0.00313	0.03193	0.00502	0.00440
7	0.00721	0.00534	0.00685	0.00766	0.00864	0.00498	0.00584	0.00883	0.01178	0.01536	0.11416	0.36400	0.18452	0.01499	0.00685	0.00214	0.00349	0.21767	0.00507	0.00463
8	0.00672	0.00507	0.00623	0.00682	0.00775	0.00458	0.00482	0.00810	0.01177	0.01539	0.17113	0.43829	0.24831	0.01480	0.00663	0.00199	0.00294	0.02897	0.00515	0.00455
9	0.01370	0.01170	0.01233	0.01099	0.01409	0.01351	0.00858	0.06455	0.73158	0.02302	0.02141	0.01968	0.01603	0.00724	0.00546	0.00181	0.00433	0.00601	0.00546	0.00853
10	0.75863	0.01024	0.00839	0.00733	0.01075	0.01159	0.00604	0.01692	0.00982	0.10729	0.00898	0.00977	0.00663	0.00517	0.00355	0.00166	0.00420	0.00318	0.00369	0.00618
11	0.01435	0.81458	0.02813	0.00918	0.01378	0.02124	0.00918	0.01607	0.01091	0.01263	0.00746	0.00861	0.00689	0.00459	0.00344	0.00115	0.00574	0.00287	0.00230	0.00689
12	0.01174	0.01174	0.01644	0.01409	0.01409	0.01644	0.01174	0.01292	0.00822	0.01292	0.00705	0.01174	0.00705	0.00940	0.01762	0.00235	0.80153	0.00470	0.00235	0.00587
13	0.84927	0.01038	0.00789	0.00706	0.01038	0.01204	0.00581	0.01578	0.00914	0.02408	0.00747	0.00872	0.00581	0.00498	0.00332	0.00166	0.00415	0.00291	0.00332	0.00581
14	0.00865	0.00618	0.00865	0.00989	0.01112	0.00618	0.00865	0.01112	0.01236	0.01606	0.02842	0.06055	0.03089	0.01483	0.00741	0.00247	0.00494	0.74174	0.00494	0.00494
15	0.01544	0.00956	0.01506	0.46697	0.06789	0.01048	0.01241	0.01845	0.01252	0.29684	0.01386	0.01572	0.00949	0.00581	0.00538	0.00173	0.00616	0.00500	0.00397	0.00727
16	0.01553	0.61824	0.04506	0.01038	0.01465	0.19217	0.00973	0.01729	0.01188	0.01286	0.00771	0.00892	0.00689	0.00481	0.00380	0.00121	0.00668	0.00303	0.00240	0.00677
17	0.61405	0.01149	0.01009	0.00846	0.01206	0.01304	0.00698	0.20104	0.01336	0.05340	0.00931	0.01009	0.00690	0.00540	0.00390	0.00165	0.00460	0.00347	0.00395	0.00675
