[name]
unknown

[dist]
# distance from previous block
# <min> <max>
0	103

[block]
# block no. 0 follows, 48 sequences, length 32
# corresponding to MSA columns:
# 108-139
name=unknown_A
#
# <colnr> <probs for GDERKNQSTAVLIFYWHMCP>
#	G	D	E	R	K	N	Q	S	T	A	V	L	I	F	Y	W	H	M	C	P
0	0.04005	0.01031	0.01667	0.01316	0.01630	0.01046	0.25789	0.06497	0.14086	0.09469	0.05422	0.04355	0.01553	0.09146	0.00818	0.00212	0.02924	0.07973	0.00405	0.00655
1	0.01053	0.00709	0.00924	0.00844	0.01025	0.00675	0.03525	0.10106	0.01234	0.09689	0.06639	0.35234	0.02408	0.09844	0.00806	0.00212	0.00402	0.05352	0.00459	0.08859
2	0.01568	0.01332	0.01529	0.01607	0.21323	0.09414	0.01044	0.29858	0.06879	0.04757	0.06358	0.01431	0.01150	0.00578	0.00500	0.00146	0.00559	0.00473	0.00408	0.09088
3	0.04028	0.01172	0.01286	0.01051	0.01401	0.02904	0.00860	0.36787	0.13571	0.14726	0.01629	0.03235	0.01282	0.00713	0.00524	0.00163	0.00499	0.08260	0.00507	0.05403
4	0.01251	0.01200	0.02048	0.08085	0.73981	0.01214	0.01565	0.01558	0.01159	0.01653	0.00962	0.01276	0.00805	0.00461	0.00508	0.00154	0.00614	0.00457	0.00252	0.00797
5	0.01231	0.01302	0.02588	0.04445	0.35279	0.01260	0.42863	0.01606	0.01188	0.01650	0.01004	0.01335	0.00791	0.00445	0.00562	0.00164	0.00751	0.00538	0.00256	0.00741
6	0.01077	0.01848	0.40699	0.01476	0.05121	0.02932	0.10182	0.01492	0.01090	0.03688	0.01257	0.07326	0.01125	0.00708	0.00674	0.00180	0.09894	0.08275	0.00282	0.00676
7	0.00933	0.01739	0.43897	0.01208	0.01695	0.00912	0.06385	0.01330	0.01086	0.03794	0.01873	0.22221	0.09050	0.00856	0.00551	0.00176	0.00589	0.00745	0.00324	0.00637
8	0.00969	0.00912	0.01539	0.80734	0.03534	0.01140	0.01425	0.01311	0.01026	0.01311	0.00912	0.01368	0.00684	0.00513	0.00513	0.00171	0.00684	0.00456	0.00228	0.00570
9	0.01263	0.01296	0.01538	0.24044	0.13499	0.18324	0.06944	0.08187	0.01283	0.01555	0.01431	0.11134	0.05924	0.00692	0.00531	0.00163	0.00656	0.00601	0.00313	0.00621
10	0.01056	0.04321	0.69659	0.01522	0.02248	0.01222	0.09659	0.01625	0.01096	0.01617	0.00928	0.01109	0.00664	0.00481	0.00496	0.00162	0.00765	0.00400	0.00221	0.00749
11	0.01215	0.01221	0.01796	0.34540	0.40131	0.09356	0.01453	0.01517	0.01140	0.01484	0.00926	0.01274	0.00745	0.00487	0.00505	0.00158	0.00673	0.00444	0.00244	0.00691
12	0.01270	0.01219	0.02083	0.03149	0.78767	0.01219	0.01575	0.01575	0.01168	0.01676	0.00965	0.01270	0.00813	0.00457	0.00508	0.00152	0.00610	0.00457	0.00254	0.00813
13	0.01233	0.01170	0.01987	0.05501	0.71488	0.01177	0.01523	0.01534	0.01165	0.01656	0.01073	0.01556	0.00943	0.00519	0.00521	0.00158	0.00603	0.05144	0.00267	0.00784
14	0.01139	0.01092	0.01876	0.36341	0.44422	0.01187	0.03622	0.01464	0.01109	0.01519	0.00944	0.01315	0.00757	0.00480	0.00513	0.00161	0.00649	0.00461	0.00243	0.00705
15	0.01291	0.01259	0.02062	0.03091	0.76284	0.03751	0.01556	0.01590	0.01178	0.01663	0.00960	0.01259	0.00808	0.00459	0.00507	0.00152	0.00620	0.00453	0.00254	0.00806
16	0.00818	0.00510	0.00675	0.00745	0.00831	0.00470	0.00534	0.00936	0.01065	0.09415	0.02893	0.60726	0.08177	0.01467	0.00643	0.00204	0.00327	0.08604	0.00492	0.00471
17	0.01414	0.00653	0.00881	0.00799	0.01009	0.00580	0.00606	0.01570	0.01257	0.37492	0.10310	0.36489	0.02559	0.01098	0.00585	0.00180	0.00356	0.00966	0.00559	0.00636
18	0.08468	0.00882	0.01158	0.00895	0.01286	0.00784	0.00739	0.02427	0.01425	0.73435	0.01927	0.01679	0.01217	0.00623	0.00501	0.00159	0.00434	0.00498	0.00612	0.00850
19	0.00625	0.00447	0.00595	0.00714	0.00744	0.00417	0.00476	0.00714	0.00982	0.01310	0.02828	0.81633	0.03394	0.01608	0.00655	0.00208	0.00298	0.01459	0.00476	0.00417
20	0.02048	0.00982	0.01228	0.00954	0.01326	0.00941	0.00783	0.21518	0.01710	0.51602	0.09759	0.01831	0.01539	0.00673	0.00525	0.00158	0.00449	0.00545	0.00596	0.00833
21	0.01925	0.01739	0.06658	0.01379	0.09853	0.35692	0.01030	0.04329	0.01432	0.29075	0.01271	0.01274	0.00899	0.00559	0.00490	0.00146	0.00696	0.00417	0.00399	0.00736
22	0.00670	0.00488	0.00636	0.00704	0.00779	0.00454	0.00507	0.00818	0.01140	0.01532	0.22463	0.47317	0.10038	0.01418	0.00644	0.00196	0.00298	0.08958	0.00499	0.00441
23	0.00918	0.00646	0.00833	0.00856	0.01013	0.00639	0.00718	0.05862	0.03306	0.04527	0.18367	0.04770	0.10862	0.01233	0.00653	0.00205	0.00406	0.43164	0.00501	0.00519
24	0.01049	0.03873	0.28161	0.01649	0.10565	0.01092	0.18773	0.01447	0.01127	0.01576	0.01406	0.06070	0.01313	0.00732	0.00606	0.00182	0.03300	0.16118	0.00297	0.00664
25	0.00714	0.00521	0.00658	0.00738	0.00811	0.00498	0.00521	0.05120	0.01098	0.01444	0.02974	0.63573	0.11020	0.01505	0.00646	0.00204	0.00322	0.06706	0.00478	0.00449
26	0.01917	0.02445	0.01454	0.01322	0.01586	0.79907	0.00991	0.02049	0.01454	0.01256	0.00793	0.00925	0.00661	0.00529	0.00463	0.00132	0.00925	0.00330	0.00264	0.00595
27	0.01206	0.44481	0.34085	0.06118	0.01827	0.01630	0.01330	0.01559	0.01058	0.01385	0.00811	0.00964	0.00657	0.00464	0.00406	0.00135	0.00643	0.00329	0.00219	0.00694
28	0.01310	0.01274	0.03725	0.32168	0.11747	0.09646	0.21242	0.01640	0.01185	0.09521	0.01054	0.01346	0.00782	0.00499	0.00531	0.00164	0.00725	0.00487	0.00285	0.00669
29	0.01312	0.66044	0.14347	0.01032	0.01524	0.01865	0.04919	0.01555	0.01057	0.01293	0.00761	0.00891	0.00663	0.00446	0.00367	0.00121	0.00597	0.00307	0.00221	0.00675
30	0.18640	0.01002	0.06136	0.45804	0.02513	0.01075	0.01165	0.03327	0.01049	0.01612	0.01136	0.04568	0.00993	0.00640	0.00496	0.00176	0.00590	0.08221	0.00288	0.00571
31	0.04189	0.01956	0.01261	0.07254	0.11570	0.00896	0.05978	0.03871	0.06634	0.12702	0.03461	0.14082	0.16364	0.00869	0.00601	0.00171	0.04158	0.00748	0.00417	0.02817

[dist]
# distance from previous block
# <min> <max>
24	115

[block]
# block no. 1 follows, 48 sequences, length 20
# corresponding to MSA columns:
# 293-312
name=unknown_B
#
# <colnr> <probs for GDERKNQSTAVLIFYWHMCP>
#	G	D	E	R	K	N	Q	S	T	A	V	L	I	F	Y	W	H	M	C	P
0	0.10359	0.10849	0.03076	0.01534	0.21556	0.03046	0.07520	0.03906	0.05011	0.04181	0.01702	0.05864	0.11998	0.00654	0.00486	0.00151	0.00512	0.00562	0.00337	0.06693
1	0.11729	0.00898	0.01136	0.00924	0.01237	0.00878	0.07017	0.08869	0.07472	0.20937	0.05323	0.10293	0.05557	0.00732	0.00499	0.00156	0.00425	0.00621	0.06544	0.08755
2	0.05340	0.01012	0.01264	0.01306	0.12752	0.05005	0.06600	0.08937	0.17206	0.01775	0.01845	0.17646	0.05193	0.09574	0.00765	0.00206	0.00494	0.00735	0.00401	0.01945
3	0.00894	0.06982	0.01038	0.00890	0.01028	0.10761	0.06268	0.01020	0.01070	0.01313	0.02420	0.49442	0.08859	0.04710	0.00682	0.00198	0.00445	0.01099	0.00407	0.00475
4	0.01653	0.01470	0.08863	0.01160	0.01557	0.05058	0.01003	0.39250	0.26906	0.05420	0.01491	0.01446	0.01083	0.00627	0.00511	0.00161	0.00543	0.00489	0.00481	0.00829
5	0.01253	0.27694	0.30207	0.04363	0.07357	0.01458	0.11155	0.01625	0.01106	0.05969	0.00930	0.01102	0.00719	0.00482	0.00485	0.00148	0.02588	0.00393	0.00251	0.00717
6	0.01342	0.17286	0.34587	0.01286	0.05802	0.01282	0.02474	0.04064	0.08634	0.13343	0.04247	0.01342	0.01017	0.00544	0.00473	0.00152	0.00603	0.00431	0.00335	0.00756
7	0.01133	0.09618	0.33498	0.08326	0.02437	0.01312	0.33182	0.01598	0.01128	0.01566	0.00949	0.01208	0.00708	0.00462	0.00524	0.00163	0.00777	0.00470	0.00236	0.00705
8	0.00734	0.00547	0.00810	0.00810	0.00896	0.00633	0.00623	0.00907	0.00820	0.01180	0.01388	0.02091	0.01316	0.08251	0.75576	0.00806	0.01325	0.00561	0.00277	0.00450
9	0.01168	0.01137	0.01905	0.32220	0.45584	0.02905	0.04708	0.01489	0.01123	0.01529	0.00945	0.01304	0.00760	0.00479	0.00513	0.00160	0.00655	0.00460	0.00245	0.00712
10	0.01566	0.02894	0.15753	0.01355	0.05009	0.01192	0.12279	0.18370	0.11285	0.18937	0.03735	0.02858	0.01148	0.00600	0.00526	0.00162	0.00583	0.00522	0.00434	0.00792
11	0.00624	0.00453	0.00589	0.00698	0.00740	0.00418	0.00469	0.00716	0.00998	0.01316	0.03026	0.75222	0.09676	0.01582	0.00651	0.00205	0.00295	0.01427	0.00476	0.00418
12	0.01442	0.01242	0.01887	0.08464	0.48931	0.01295	0.02944	0.20270	0.02805	0.04125	0.01077	0.01294	0.00842	0.00509	0.00512	0.00155	0.00601	0.00465	0.00331	0.00808
13	0.01780	0.00951	0.01413	0.07575	0.21428	0.00909	0.01009	0.02072	0.04708	0.44430	0.03758	0.03257	0.01297	0.00631	0.00524	0.00162	0.00492	0.02312	0.00492	0.00803
14	0.01130	0.07229	0.35716	0.01240	0.01721	0.01050	0.09061	0.01509	0.01059	0.09993	0.01181	0.01512	0.00944	0.06272	0.17802	0.00323	0.00837	0.00470	0.00286	0.00665
15	0.00663	0.00476	0.00629	0.00689	0.00753	0.00442	0.00479	0.00809	0.01158	0.01590	0.31141	0.52522	0.03935	0.01399	0.00636	0.00191	0.00277	0.01260	0.00509	0.00442
16	0.01362	0.03831	0.04916	0.38935	0.08976	0.30646	0.01280	0.01629	0.01201	0.01331	0.00867	0.01167	0.00684	0.00511	0.00488	0.00153	0.00768	0.00401	0.00243	0.00610
17	0.01083	0.04807	0.12414	0.24801	0.02651	0.01201	0.35385	0.01483	0.01153	0.01560	0.07446	0.01520	0.01069	0.00515	0.00551	0.00167	0.00733	0.00545	0.00268	0.00646
18	0.01091	0.01036	0.01759	0.49302	0.34013	0.01172	0.01486	0.01418	0.01084	0.01459	0.00934	0.01328	0.00736	0.00490	0.00511	0.00163	0.00654	0.00456	0.00239	0.00668
19	0.01219	0.01167	0.01990	0.16392	0.65925	0.01206	0.01549	0.01530	0.01144	0.01614	0.00956	0.01287	0.00791	0.00467	0.00509	0.00156	0.00622	0.00457	0.00250	0.00771

[dist]
# distance from previous block
# <min> <max>
0	1

[block]
# block no. 2 follows, 48 sequences, length 23
# corresponding to MSA columns:
# 314-336
name=unknown_C
#
# <colnr> <probs for GDERKNQSTAVLIFYWHMCP>
#	G	D	E	R	K	N	Q	S	T	A	V	L	I	F	Y	W	H	M	C	P
0	0.01461	0.01588	0.18229	0.09777	0.02191	0.05736	0.23161	0.13702	0.04519	0.12735	0.01198	0.01341	0.00851	0.00526	0.00532	0.00163	0.00701	0.00490	0.00351	0.00747
1	0.00697	0.00502	0.00676	0.00790	0.00857	0.00480	0.00599	0.00841	0.01062	0.01394	0.02886	0.51097	0.06344	0.01526	0.00672	0.00217	0.00359	0.28089	0.00475	0.00438
2	0.01073	0.01872	0.39580	0.30200	0.08253	0.04902	0.03985	0.01529	0.01090	0.01499	0.00918	0.01201	0.00679	0.00495	0.00501	0.00164	0.00732	0.00417	0.00227	0.00685
3	0.01495	0.14651	0.01474	0.01066	0.01331	0.29982	0.00851	0.15516	0.01379	0.01585	0.01042	0.01354	0.00911	0.05836	0.19000	0.00314	0.00878	0.00420	0.00308	0.00609
4	0.00892	0.00650	0.00790	0.00732	0.00901	0.00637	0.00568	0.06067	0.08406	0.04144	0.50091	0.03712	0.12644	0.01035	0.00597	0.00169	0.00303	0.06575	0.00542	0.00543
5	0.01064	0.00912	0.01064	0.00760	0.01216	0.00684	0.00608	0.01292	0.01064	0.01672	0.00912	0.01064	0.00760	0.00380	0.00380	0.00076	0.00380	0.00304	0.00304	0.85104
6	0.14018	0.00962	0.02787	0.25391	0.13195	0.01018	0.01040	0.03049	0.05276	0.14261	0.01524	0.01691	0.07314	0.00801	0.05371	0.00204	0.00581	0.00502	0.00356	0.00657
7	0.00659	0.00489	0.00602	0.00640	0.00725	0.00446	0.00447	0.00794	0.01137	0.01513	0.24697	0.36667	0.20000	0.07808	0.00787	0.00211	0.00290	0.01170	0.00488	0.00431
8	0.00938	0.00846	0.01314	0.47968	0.05405	0.01013	0.01137	0.03564	0.01051	0.01377	0.01538	0.14251	0.06879	0.02842	0.00696	0.00189	0.07481	0.00667	0.00297	0.00547
9	0.00632	0.00451	0.00603	0.00722	0.00755	0.00422	0.00488	0.00726	0.00989	0.01317	0.02824	0.79173	0.03379	0.01601	0.00657	0.00209	0.00303	0.03853	0.00476	0.00419
10	0.01122	0.01069	0.01816	0.41184	0.41885	0.01180	0.01501	0.01445	0.01099	0.01497	0.00939	0.01318	0.00750	0.00485	0.00510	0.00162	0.00646	0.00457	0.00241	0.00694
11	0.01162	0.11165	0.36665	0.01146	0.01717	0.03118	0.01263	0.05178	0.06735	0.01695	0.00991	0.01111	0.00760	0.00473	0.00441	0.00131	0.00595	0.00363	0.00280	0.25010
12	0.00980	0.00652	0.00789	0.00754	0.00923	0.00621	0.00593	0.06837	0.01244	0.08724	0.10887	0.04058	0.19902	0.15903	0.00978	0.00243	0.00404	0.21576	0.00466	0.03468
13	0.85592	0.00992	0.00754	0.00675	0.00992	0.01151	0.00556	0.01508	0.00873	0.02302	0.00714	0.00834	0.00556	0.00476	0.00318	0.00159	0.00397	0.00278	0.00318	0.00556
14	0.01124	0.05517	0.25655	0.08586	0.02480	0.01260	0.41246	0.01575	0.01133	0.01570	0.00990	0.01292	0.00747	0.00595	0.03773	0.00193	0.00823	0.00507	0.00243	0.00690
15	0.01204	0.06529	0.07374	0.31972	0.22161	0.09150	0.01328	0.05258	0.01212	0.01566	0.06568	0.01415	0.01023	0.00538	0.00500	0.00156	0.00648	0.00461	0.00276	0.00663
16	0.02302	0.00873	0.01191	0.00913	0.01310	0.00754	0.00754	0.02501	0.01469	0.79122	0.02024	0.01746	0.01270	0.00635	0.00516	0.00159	0.00437	0.00516	0.00635	0.00873
17	0.01083	0.00820	0.01049	0.00954	0.01135	0.00845	0.05451	0.25017	0.01451	0.01942	0.02208	0.51042	0.02428	0.01219	0.00607	0.00189	0.00418	0.01088	0.00474	0.00579
18	0.00640	0.00457	0.00612	0.00731	0.00768	0.00429	0.00502	0.00740	0.00997	0.01326	0.02820	0.76082	0.03361	0.01594	0.00659	0.00210	0.00310	0.06864	0.00476	0.00421
19	0.01373	0.27873	0.28154	0.01297	0.07331	0.01517	0.01276	0.17712	0.01372	0.03706	0.01073	0.01172	0.02970	0.00524	0.00448	0.00143	0.00616	0.00392	0.00301	0.00748
20	0.00980	0.00850	0.01119	0.21921	0.01745	0.00953	0.02695	0.01654	0.27685	0.01744	0.14589	0.02624	0.12103	0.00910	0.03147	0.00195	0.00479	0.03560	0.00429	0.00617
21	0.04038	0.03745	0.07340	0.07015	0.08719	0.16847	0.00975	0.03870	0.01168	0.01583	0.00891	0.01094	0.00733	0.00550	0.02275	0.00138	0.04410	0.00356	0.00279	0.33975
22	0.03887	0.15333	0.15940	0.01417	0.01927	0.01240	0.28478	0.01604	0.01153	0.07246	0.03555	0.01276	0.00895	0.00472	0.00487	0.00144	0.00652	0.00456	0.00291	0.13546

[dist]
# distance from previous block
# <min> <max>
0	2

[block]
# block no. 3 follows, 48 sequences, length 28
# corresponding to MSA columns:
# 339-366
name=unknown_D
#
# <colnr> <probs for GDERKNQSTAVLIFYWHMCP>
#	G	D	E	R	K	N	Q	S	T	A	V	L	I	F	Y	W	H	M	C	P
0	0.08308	0.15467	0.27338	0.01320	0.06298	0.05579	0.07138	0.01593	0.01087	0.05419	0.00975	0.01155	0.00757	0.00526	0.00546	0.00153	0.07386	0.00394	0.07883	0.00677
1	0.01473	0.12620	0.33914	0.01340	0.01912	0.01195	0.13747	0.01869	0.01210	0.23974	0.01231	0.01289	0.00852	0.00515	0.00494	0.00156	0.00655	0.00442	0.00345	0.00767
2	0.00969	0.00912	0.01539	0.80734	0.03534	0.01140	0.01425	0.01311	0.01026	0.01311	0.00912	0.01368	0.00684	0.00513	0.00513	0.00171	0.00684	0.00456	0.00228	0.00570
3	0.01070	0.00950	0.01156	0.02934	0.01322	0.01027	0.07552	0.02015	0.46335	0.01888	0.06476	0.02697	0.20717	0.00835	0.00554	0.00173	0.00410	0.00721	0.00482	0.00685
4	0.01064	0.00912	0.01064	0.00760	0.01216	0.00684	0.00608	0.01292	0.01064	0.01672	0.00912	0.01064	0.00760	0.00380	0.00380	0.00076	0.00380	0.00304	0.00304	0.85104
5	0.00615	0.00485	0.00556	0.00612	0.00717	0.00425	0.00431	0.00726	0.01081	0.01350	0.04074	0.41324	0.42898	0.01446	0.00629	0.00190	0.00278	0.01261	0.00476	0.00425
6	0.00715	0.00488	0.00586	0.00629	0.00645	0.00479	0.00391	0.00756	0.00842	0.01121	0.02042	0.26736	0.02384	0.53278	0.01917	0.00396	0.00437	0.05436	0.00370	0.00352
7	0.00625	0.00447	0.00595	0.00714	0.00744	0.00417	0.00476	0.00714	0.00982	0.01310	0.02828	0.81633	0.03394	0.01608	0.00655	0.00208	0.00298	0.01459	0.00476	0.00417
8	0.01371	0.30214	0.08772	0.01022	0.01419	0.01526	0.00938	0.05690	0.36133	0.05674	0.01449	0.01409	0.01112	0.00579	0.00449	0.00148	0.00498	0.00444	0.00392	0.00758
9	0.01372	0.82276	0.02689	0.00878	0.01317	0.02030	0.00878	0.01536	0.01043	0.01207	0.00713	0.00823	0.00658	0.00439	0.00329	0.00110	0.00549	0.00274	0.00219	0.00658
10	0.00611	0.00517	0.00527	0.00531	0.00697	0.00434	0.00396	0.00742	0.01171	0.01402	0.07190	0.07786	0.73643	0.01304	0.00608	0.00174	0.00261	0.01093	0.00479	0.00434
11	0.01211	0.01384	0.03028	0.02163	0.02682	0.01298	0.76903	0.01644	0.01211	0.01644	0.01038	0.01384	0.00779	0.00433	0.00606	0.00173	0.00865	0.00606	0.00260	0.00692
12	0.01533	0.04297	0.01460	0.01188	0.01356	0.13934	0.00973	0.03542	0.01106	0.19538	0.01067	0.01282	0.00852	0.00930	0.05834	0.00224	0.39456	0.00445	0.00337	0.00645
13	0.00625	0.00447	0.00595	0.00714	0.00744	0.00417	0.00476	0.00714	0.00982	0.01310	0.02828	0.81633	0.03394	0.01608	0.00655	0.00208	0.00298	0.01459	0.00476	0.00417
14	0.00759	0.00490	0.00647	0.00713	0.00786	0.00450	0.00494	0.00877	0.01084	0.07065	0.12337	0.63168	0.06273	0.01455	0.00637	0.00198	0.00299	0.01309	0.00499	0.00459
15	0.00827	0.00591	0.00827	0.00945	0.01063	0.00591	0.00827	0.01063	0.01181	0.01536	0.02717	0.05788	0.02953	0.01417	0.00709	0.00236	0.00472	0.75313	0.00472	0.00472
16	0.01522	0.01274	0.01448	0.01188	0.01444	0.09756	0.05798	0.30052	0.02922	0.05873	0.01236	0.05777	0.01029	0.00946	0.06602	0.00218	0.16841	0.00522	0.04862	0.00691
17	0.05884	0.00978	0.01177	0.00956	0.01316	0.00977	0.00774	0.06070	0.25518	0.47674	0.01945	0.01732	0.01311	0.00646	0.00508	0.00163	0.00431	0.00522	0.00579	0.00839
18	0.00733	0.00484	0.00640	0.00723	0.00778	0.00454	0.00499	0.00836	0.01019	0.05030	0.05905	0.62795	0.03195	0.08337	0.00816	0.00230	0.00331	0.06284	0.00473	0.00436
19	0.00629	0.00480	0.00562	0.00623	0.00707	0.00431	0.00427	0.00726	0.01035	0.01312	0.03661	0.44080	0.33142	0.08731	0.00812	0.00220	0.00301	0.01245	0.00461	0.00414
20	0.60476	0.00968	0.00987	0.24436	0.01747	0.01148	0.00814	0.01450	0.00919	0.02008	0.00773	0.00992	0.00594	0.00487	0.00376	0.00162	0.00482	0.00331	0.00291	0.00560
21	0.06299	0.01188	0.01934	0.04443	0.30107	0.01229	0.19830	0.01877	0.21969	0.01832	0.03244	0.01515	0.01092	0.00534	0.00527	0.00165	0.00597	0.00528	0.00339	0.00752
22	0.01309	0.25412	0.09156	0.02074	0.38612	0.01505	0.01328	0.06077	0.01170	0.01594	0.00881	0.01107	0.00746	0.00496	0.00539	0.00146	0.06451	0.00396	0.00254	0.00747
23	0.01951	0.01437	0.01540	0.01181	0.01591	0.01591	0.00975	0.77056	0.02412	0.03234	0.01232	0.01232	0.00873	0.00616	0.00513	0.00154	0.00565	0.00462	0.00513	0.00873
24	0.01064	0.00912	0.01064	0.00760	0.01216	0.00684	0.00608	0.01292	0.01064	0.01672	0.00912	0.01064	0.00760	0.00380	0.00380	0.00076	0.00380	0.00304	0.00304	0.85104
25	0.00929	0.00610	0.00801	0.00721	0.00873	0.00607	0.07319	0.01246	0.06774	0.01808	0.11192	0.10174	0.01960	0.05634	0.00588	0.00165	0.00330	0.00667	0.47098	0.00507
26	0.01569	0.01107	0.01461	0.20929	0.10784	0.04966	0.02938	0.10265	0.14428	0.22554	0.02827	0.01559	0.01102	0.00590	0.00516	0.00162	0.00557	0.00500	0.00430	0.00756
27	0.01064	0.00912	0.01064	0.00760	0.01216	0.00684	0.00608	0.01292	0.01064	0.01672	0.00912	0.01064	0.00760	0.00380	0.00380	0.00076	0.00380	0.00304	0.00304	0.85104

[dist]
# distance from previous block
# <min> <max>
0	1

[block]
# block no. 4 follows, 48 sequences, length 38
# corresponding to MSA columns:
# 368-405
name=unknown_E
#
# <colnr> <probs for GDERKNQSTAVLIFYWHMCP>
#	G	D	E	R	K	N	Q	S	T	A	V	L	I	F	Y	W	H	M	C	P
0	0.00969	0.00912	0.01539	0.80734	0.03534	0.01140	0.01425	0.01311	0.01026	0.01311	0.00912	0.01368	0.00684	0.00513	0.00513	0.00171	0.00684	0.00456	0.00228	0.00570
1	0.00891	0.00446	0.00668	0.00668	0.00668	0.00446	0.00446	0.00668	0.00668	0.00891	0.00891	0.01560	0.00891	0.01783	0.02005	0.85071	0.00446	0.00446	0.00223	0.00223
2	0.01144	0.00561	0.00651	0.00595	0.00767	0.00527	0.00458	0.01367	0.01216	0.16241	0.15199	0.04225	0.05304	0.00737	0.00448	0.00138	0.00279	0.00612	0.48982	0.00549
3	0.01536	0.01136	0.01140	0.00952	0.01221	0.08535	0.00741	0.29285	0.10767	0.09872	0.04866	0.01863	0.01356	0.13265	0.02312	0.00217	0.00524	0.00537	0.09188	0.00687
4	0.00790	0.00535	0.00627	0.00624	0.00744	0.00486	0.00440	0.00928	0.02283	0.07088	0.14707	0.20341	0.29942	0.16953	0.00998	0.00241	0.00327	0.01024	0.00470	0.00452
5	0.01138	0.25032	0.51338	0.01331	0.01964	0.01445	0.05533	0.01589	0.01070	0.01496	0.00861	0.01027	0.00660	0.00483	0.00485	0.00150	0.03094	0.00364	0.00220	0.00721
6	0.01270	0.01219	0.02083	0.03149	0.78767	0.01219	0.01575	0.01575	0.01168	0.01676	0.00965	0.01270	0.00813	0.00457	0.00508	0.00152	0.00610	0.00457	0.00254	0.00813
7	0.01346	0.01167	0.01098	0.00925	0.01173	0.15848	0.00705	0.20120	0.01435	0.01848	0.11764	0.01718	0.01439	0.06771	0.00910	0.15138	0.00530	0.00492	0.00371	0.15203
8	0.01173	0.04009	0.04616	0.01264	0.05857	0.04433	0.13801	0.01708	0.19796	0.08323	0.04778	0.22583	0.01886	0.00875	0.00566	0.00177	0.00508	0.02565	0.00425	0.00656
9	0.01438	0.01297	0.02013	0.10807	0.33902	0.02553	0.14037	0.23769	0.01530	0.02083	0.01047	0.01283	0.00808	0.00507	0.00526	0.00158	0.00652	0.00481	0.00329	0.00780
10	0.00627	0.00457	0.00592	0.00693	0.00740	0.00421	0.00468	0.00727	0.01019	0.01348	0.06137	0.71199	0.10570	0.01556	0.00648	0.00203	0.00292	0.01401	0.00480	0.00421
11	0.01629	0.01278	0.01359	0.01116	0.01469	0.01441	0.00898	0.41656	0.38335	0.02716	0.01640	0.01557	0.01203	0.00654	0.00517	0.00164	0.00489	0.00518	0.00517	0.00844
12	0.01132	0.01149	0.01721	0.01431	0.01484	0.01544	0.08892	0.01277	0.00829	0.01277	0.00711	0.01149	0.00684	0.00850	0.01573	0.00219	0.72810	0.00465	0.00228	0.00575
13	0.01475	0.01190	0.01260	0.01072	0.01395	0.01353	0.00851	0.25397	0.52968	0.02473	0.01817	0.01706	0.01348	0.00669	0.00516	0.00167	0.00451	0.00542	0.02528	0.00823
14	0.00870	0.00678	0.00809	0.00754	0.00922	0.00694	0.00577	0.01427	0.21580	0.02045	0.53963	0.03414	0.06346	0.00974	0.00586	0.00167	0.00292	0.02785	0.00548	0.00569
15	0.00799	0.00542	0.00698	0.00648	0.00789	0.00494	0.00490	0.01028	0.01428	0.06054	0.67975	0.03821	0.11187	0.01049	0.00601	0.00162	0.00254	0.00920	0.00561	0.00500
16	0.00648	0.00464	0.00616	0.00699	0.00749	0.00432	0.00478	0.00773	0.01090	0.01481	0.20153	0.63819	0.03725	0.01480	0.00644	0.00198	0.00285	0.01337	0.00497	0.00432
17	0.00700	0.00543	0.00581	0.00580	0.00728	0.00493	0.00427	0.00920	0.05547	0.01538	0.13379	0.10871	0.47938	0.04808	0.00672	0.00184	0.00278	0.00996	0.08358	0.00458
18	0.00656	0.00486	0.00612	0.00656	0.00743	0.00443	0.00463	0.00805	0.01176	0.01577	0.28939	0.41369	0.17466	0.01362	0.00629	0.00186	0.00272	0.01211	0.00506	0.00443
19	0.01080	0.14518	0.67892	0.01375	0.02086	0.01317	0.01744	0.01612	0.01077	0.01563	0.00890	0.01045	0.00651	0.00480	0.00464	0.00155	0.00727	0.00364	0.00217	0.00743
20	0.85592	0.00992	0.00754	0.00675	0.00992	0.01151	0.00556	0.01508	0.00873	0.02302	0.00714	0.00834	0.00556	0.00476	0.00318	0.00159	0.00397	0.00278	0.00318	0.00556
21	0.00659	0.00469	0.00578	0.00650	0.00685	0.00442	0.00419	0.00726	0.00930	0.01224	0.02694	0.51234	0.10059	0.25331	0.01229	0.00291	0.00353	0.01212	0.00427	0.00387
22	0.01777	0.01324	0.01440	0.01135	0.01505	0.01474	0.00930	0.63455	0.08748	0.02947	0.01319	0.01365	0.00971	0.00929	0.08034	0.00219	0.00628	0.00480	0.00491	0.00828
23	0.00911	0.00560	0.00668	0.00693	0.00799	0.00551	0.00497	0.07500	0.01154	0.05065	0.02314	0.47653	0.02469	0.01181	0.00549	0.00175	0.00309	0.01042	0.25416	0.00494
24	0.00876	0.08196	0.24163	0.00997	0.01309	0.00912	0.01007	0.01166	0.00914	0.01306	0.01202	0.01741	0.01087	0.08589	0.43639	0.00542	0.01054	0.00491	0.00256	0.00553
25	0.01240	0.29758	0.01944	0.01168	0.01343	0.04006	0.01019	0.01430	0.04274	0.01266	0.00753	0.01046	0.00707	0.00717	0.01120	0.00179	0.46796	0.00390	0.00237	0.00608
26	0.00737	0.00532	0.00737	0.00737	0.00798	0.00594	0.00532	0.00860	0.00799	0.01126	0.01455	0.02461	0.01476	0.29781	0.54266	0.00716	0.01083	0.00615	0.00287	0.00409
27	0.00895	0.00671	0.00799	0.00781	0.00924	0.00677	0.00580	0.11540	0.07931	0.01852	0.21954	0.35111	0.09493	0.01218	0.00609	0.00184	0.00332	0.03408	0.00508	0.00534
28	0.01747	0.01378	0.08082	0.01133	0.01541	0.01360	0.00982	0.41198	0.21493	0.13329	0.01534	0.01465	0.01086	0.00628	0.00514	0.00161	0.00523	0.00493	0.00507	0.00847
29	0.01357	0.01545	0.01186	0.01106	0.01264	0.40276	0.00837	0.01490	0.01144	0.01228	0.01142	0.08004	0.01111	0.05592	0.21600	0.00348	0.09446	0.00514	0.00283	0.00527
30	0.01030	0.02028	0.50363	0.25024	0.08515	0.01178	0.01732	0.01528	0.01073	0.01536	0.00922	0.01182	0.00673	0.00493	0.00497	0.00164	0.00725	0.00408	0.00223	0.00707
31	0.04696	0.05100	0.24515	0.01226	0.01725	0.05910	0.01215	0.39426	0.03656	0.05958	0.01132	0.01179	0.00810	0.00564	0.00488	0.00154	0.00626	0.00421	0.00398	0.00801
32	0.01113	0.08053	0.01886	0.15122	0.20602	0.01290	0.11894	0.01358	0.01022	0.01418	0.01072	0.09901	0.01016	0.00698	0.00822	0.00179	0.21087	0.00568	0.00264	0.00635
33	0.00770	0.00525	0.00639	0.00674	0.00708	0.00525	0.00463	0.00840	0.00875	0.01155	0.01942	0.04076	0.02187	0.58158	0.02049	0.00420	0.00490	0.22787	0.00359	0.00359
34	0.05357	0.01678	0.32149	0.04947	0.06008	0.01062	0.07420	0.03027	0.05808	0.04264	0.01033	0.01188	0.00775	0.00474	0.00466	0.00141	0.00602	0.00399	0.00289	0.22912
35	0.01518	0.01534	0.20088	0.05865	0.20396	0.07705	0.04513	0.01888	0.03765	0.23239	0.01396	0.01468	0.03174	0.00554	0.00509	0.00158	0.00621	0.00473	0.00367	0.00769
36	0.01174	0.00886	0.00930	0.00844	0.01077	0.00984	0.00654	0.08206	0.41493	0.02092	0.02098	0.04931	0.05887	0.00728	0.00482	0.00157	0.00357	0.00601	0.25736	0.00681
37	0.01764	0.08003	0.01637	0.01554	0.15961	0.35931	0.01056	0.12664	0.05527	0.09508	0.01074	0.01160	0.00828	0.00540	0.00477	0.00142	0.00709	0.00400	0.00345	0.00719

[dist]
# distance from previous block
# <min> <max>
3	9

[block]
# block no. 5 follows, 48 sequences, length 11
# corresponding to MSA columns:
# 415-425
name=unknown_F
#
# <colnr> <probs for GDERKNQSTAVLIFYWHMCP>
#	G	D	E	R	K	N	Q	S	T	A	V	L	I	F	Y	W	H	M	C	P
0	0.01343	0.08451	0.15065	0.03141	0.06064	0.13582	0.21311	0.06161	0.08803	0.01642	0.01026	0.01227	0.00802	0.00542	0.00626	0.00163	0.08606	0.00460	0.00286	0.00699
1	0.01248	0.09069	0.01292	0.01019	0.01249	0.04679	0.00811	0.04594	0.38147	0.04750	0.01791	0.12507	0.01573	0.02785	0.00715	0.00184	0.10356	0.02106	0.00436	0.00689
2	0.01194	0.01059	0.01486	0.13717	0.27668	0.01115	0.01112	0.08007	0.18267	0.01843	0.03751	0.01769	0.07268	0.00608	0.00510	0.00155	0.00511	0.00533	0.00363	0.09065
3	0.00645	0.00461	0.00618	0.00737	0.00776	0.00434	0.00511	0.00749	0.01002	0.01332	0.02817	0.74143	0.03350	0.01589	0.00660	0.00211	0.00315	0.08752	0.00476	0.00422
4	0.01106	0.06169	0.50361	0.01665	0.02328	0.01268	0.26588	0.01627	0.01123	0.01610	0.00949	0.01170	0.00693	0.00467	0.00519	0.00163	0.00783	0.00449	0.00231	0.00732
5	0.00759	0.00558	0.00720	0.00713	0.00836	0.00535	0.00548	0.01048	0.05437	0.01906	0.55056	0.10488	0.06314	0.01137	0.00620	0.00177	0.00290	0.11826	0.00539	0.00493
6	0.00686	0.00506	0.00644	0.00666	0.00769	0.00464	0.00490	0.00866	0.01256	0.01704	0.40395	0.26493	0.15626	0.01273	0.00627	0.00182	0.00276	0.06103	0.00520	0.00456
7	0.00788	0.00539	0.00671	0.00742	0.00828	0.00542	0.00552	0.01045	0.07152	0.01525	0.02447	0.39826	0.02653	0.03781	0.03002	0.00221	0.00369	0.16302	0.16546	0.00469
8	0.01064	0.00912	0.01064	0.00760	0.01216	0.00684	0.00608	0.01292	0.01064	0.01672	0.00912	0.01064	0.00760	0.00380	0.00380	0.00076	0.00380	0.00304	0.00304	0.85104
9	0.01263	0.00979	0.01340	0.08866	0.01589	0.00911	0.08489	0.11857	0.03552	0.07109	0.01079	0.01282	0.00845	0.00628	0.00645	0.10413	0.00497	0.00412	0.00340	0.37902
10	0.01207	0.04076	0.04932	0.05767	0.02913	0.07700	0.14451	0.09108	0.08372	0.01765	0.04486	0.08183	0.01307	0.00777	0.02904	0.00182	0.07417	0.00582	0.13242	0.00628

[dist]
# distance from previous block
# <min> <max>
1	8

[block]
# block no. 6 follows, 48 sequences, length 50
# corresponding to MSA columns:
# 434-469,471-484
name=unknown_G
#
# <colnr> <probs for GDERKNQSTAVLIFYWHMCP>
#	G	D	E	R	K	N	Q	S	T	A	V	L	I	F	Y	W	H	M	C	P
0	0.00640	0.00519	0.00572	0.00597	0.00744	0.00452	0.00454	0.00783	0.01164	0.01431	0.08670	0.13970	0.57248	0.01335	0.00623	0.00184	0.00287	0.09407	0.00481	0.00438
1	0.00767	0.00526	0.00621	0.00630	0.00769	0.00461	0.00460	0.00904	0.01172	0.07791	0.13934	0.28879	0.38590	0.01310	0.00614	0.00182	0.00284	0.01135	0.00501	0.00471
2	0.01140	0.28379	0.54554	0.01274	0.01929	0.01463	0.01567	0.01596	0.01070	0.01490	0.00854	0.00999	0.00653	0.00472	0.00436	0.00145	0.00691	0.00345	0.00218	0.00726
3	0.01081	0.02548	0.73734	0.01434	0.02164	0.01197	0.01822	0.03613	0.03362	0.02965	0.00981	0.01122	0.00693	0.00499	0.00490	0.00163	0.00738	0.00389	0.00240	0.00765
4	0.00659	0.00503	0.00590	0.00626	0.00730	0.00454	0.00450	0.00787	0.01112	0.01426	0.14121	0.26004	0.33685	0.10123	0.00845	0.00221	0.00309	0.06461	0.00470	0.00425
5	0.02065	0.00830	0.01103	0.00866	0.01225	0.00731	0.00709	0.02302	0.03733	0.66347	0.05083	0.01978	0.04752	0.00679	0.00515	0.00158	0.00410	0.00556	0.05141	0.00816
6	0.01202	0.01072	0.01918	0.01610	0.10331	0.01050	0.34843	0.09656	0.01274	0.01860	0.01259	0.01608	0.01000	0.04878	0.00624	0.00171	0.00610	0.00546	0.23842	0.00645
7	0.00672	0.00518	0.00614	0.00599	0.00736	0.00460	0.00446	0.00861	0.01313	0.01746	0.44857	0.08552	0.34412	0.01180	0.00608	0.00169	0.00252	0.01019	0.00524	0.00460
8	0.01064	0.00912	0.01064	0.00760	0.01216	0.00684	0.00608	0.01292	0.01064	0.01672	0.00912	0.01064	0.00760	0.00380	0.00380	0.00076	0.00380	0.00304	0.00304	0.85104
9	0.00642	0.00458	0.00614	0.00733	0.00770	0.00431	0.00505	0.00743	0.00999	0.01328	0.02819	0.75447	0.03358	0.01592	0.00659	0.00211	0.00312	0.07482	0.00476	0.00421
10	0.01519	0.01183	0.01268	0.01075	0.01405	0.01336	0.00854	0.23419	0.52729	0.06583	0.01846	0.01715	0.01357	0.00671	0.00519	0.00168	0.00452	0.00544	0.00526	0.00832
11	0.01544	0.24239	0.01750	0.01132	0.01438	0.35876	0.04959	0.06367	0.01323	0.01442	0.01078	0.05693	0.00991	0.00615	0.00454	0.00139	0.00696	0.04435	0.05217	0.00612
12	0.01202	0.00830	0.00974	0.00839	0.01072	0.00856	0.00658	0.15412	0.15425	0.09780	0.41645	0.02826	0.04585	0.00870	0.00565	0.00162	0.00350	0.00742	0.00553	0.00652
13	0.01182	0.01297	0.02544	0.01892	0.02238	0.01389	0.51727	0.01508	0.01070	0.01508	0.00917	0.01297	0.00744	0.00587	0.00964	0.00190	0.27497	0.00554	0.00248	0.00649
14	0.01821	0.01011	0.01594	0.07778	0.25524	0.00957	0.05243	0.02076	0.01328	0.44949	0.01557	0.01550	0.01057	0.00560	0.00518	0.00159	0.00533	0.00498	0.00465	0.00821
15	0.01140	0.24016	0.19123	0.10276	0.10317	0.01407	0.07760	0.01447	0.01029	0.01392	0.00909	0.01243	0.00775	0.04209	0.05089	0.00206	0.08355	0.00419	0.00235	0.00655
16	0.01004	0.01085	0.07156	0.05532	0.28991	0.03932	0.07194	0.01273	0.01182	0.01568	0.08029	0.06881	0.21228	0.00803	0.00557	0.00165	0.00520	0.01923	0.00347	0.00630
17	0.00634	0.00453	0.00604	0.00713	0.00745	0.00430	0.00477	0.00724	0.00966	0.01293	0.02719	0.75191	0.03244	0.04792	0.04149	0.00246	0.00352	0.01392	0.00461	0.00414
18	0.00644	0.00517	0.00575	0.00569	0.00718	0.00448	0.00423	0.00806	0.01246	0.01587	0.27468	0.08781	0.51934	0.01240	0.00609	0.00172	0.00257	0.01056	0.00503	0.00448
19	0.01622	0.18489	0.18864	0.05565	0.09153	0.07987	0.01168	0.01913	0.01240	0.27338	0.01238	0.01270	0.00877	0.00529	0.00465	0.00147	0.00603	0.00410	0.00365	0.00757
20	0.01113	0.02112	0.48667	0.01836	0.13308	0.01222	0.17679	0.01669	0.04433	0.01659	0.01002	0.01210	0.00740	0.00480	0.00517	0.00164	0.00744	0.00447	0.00244	0.00754
21	0.00936	0.00848	0.01214	0.01097	0.01141	0.01126	0.00892	0.01082	0.00804	0.01214	0.01009	0.01551	0.00966	0.02312	0.39188	0.00512	0.42851	0.00497	0.00249	0.00512
22	0.85592	0.00992	0.00754	0.00675	0.00992	0.01151	0.00556	0.01508	0.00873	0.02302	0.00714	0.00834	0.00556	0.00476	0.00318	0.00159	0.00397	0.00278	0.00318	0.00556
23	0.01920	0.01408	0.01507	0.01159	0.01561	0.01557	0.00956	0.74719	0.02371	0.03193	0.01246	0.01253	0.00886	0.00615	0.00509	0.00153	0.00555	0.00462	0.03110	0.00860
24	0.00625	0.00447	0.00595	0.00714	0.00744	0.00417	0.00476	0.00714	0.00982	0.01310	0.02828	0.81633	0.03394	0.01608	0.00655	0.00208	0.00298	0.01459	0.00476	0.00417
25	0.01029	0.02654	0.79309	0.01462	0.02221	0.01192	0.01896	0.01625	0.01083	0.01625	0.00921	0.01083	0.00650	0.00487	0.00487	0.00162	0.00758	0.00379	0.00217	0.00758
26	0.02080	0.01034	0.01269	0.00990	0.01370	0.01013	0.00811	0.25581	0.03967	0.49459	0.01820	0.05533	0.01260	0.00679	0.00522	0.00160	0.00469	0.00548	0.00586	0.00849
27	0.02302	0.00873	0.01191	0.00913	0.01310	0.00754	0.00754	0.02501	0.01469	0.79122	0.02024	0.01746	0.01270	0.00635	0.00516	0.00159	0.00437	0.00516	0.00635	0.00873
28	0.00717	0.00521	0.00684	0.00721	0.00825	0.00489	0.00555	0.00913	0.01257	0.01708	0.37336	0.22378	0.10078	0.01285	0.00641	0.00191	0.00310	0.18415	0.00516	0.00462
29	0.01113	0.01918	0.46775	0.14033	0.03950	0.01112	0.03261	0.01561	0.01088	0.08154	0.01145	0.07157	0.00919	0.00607	0.00574	0.00170	0.04992	0.00494	0.00276	0.00702
30	0.00806	0.00554	0.00707	0.00763	0.00865	0.00533	0.00566	0.01034	0.06390	0.05706	0.08674	0.43797	0.10006	0.03062	0.00680	0.00207	0.00340	0.14335	0.00491	0.00483
31	0.01459	0.01543	0.01077	0.01009	0.01220	0.40388	0.00773	0.02827	0.07625	0.01573	0.01425	0.01873	0.02308	0.00671	0.00468	0.00144	0.00627	0.08551	0.23867	0.00569
32	0.01257	0.01228	0.02134	0.02967	0.68084	0.01245	0.07915	0.01562	0.01151	0.01649	0.00955	0.01271	0.00802	0.00479	0.00581	0.00158	0.05050	0.00469	0.00253	0.00789
33	0.01353	0.78002	0.06801	0.00909	0.01365	0.01985	0.00933	0.01541	0.01045	0.01230	0.00724	0.00837	0.00658	0.00442	0.00338	0.00113	0.00560	0.00280	0.00219	0.00664
34	0.01141	0.01132	0.03067	0.01104	0.01532	0.05192	0.14501	0.01399	0.01091	0.01610	0.00910	0.01119	0.00749	0.00439	0.00527	0.00110	0.06671	0.00373	0.00286	0.57046
35	0.01072	0.00890	0.01025	0.00977	0.01180	0.01006	0.00778	0.01973	0.44041	0.01905	0.10494	0.07294	0.02284	0.00957	0.00643	0.00191	0.04725	0.17402	0.00497	0.00665
36	0.00631	0.00451	0.00600	0.00711	0.00745	0.00420	0.00477	0.00728	0.01008	0.01350	0.06891	0.77455	0.03471	0.01578	0.00652	0.00206	0.00295	0.01430	0.00481	0.00420
37	0.00706	0.00511	0.00621	0.00648	0.00728	0.00481	0.00460	0.00829	0.01076	0.01423	0.19092	0.17325	0.17545	0.24844	0.01213	0.00280	0.00360	0.10999	0.00447	0.00411
38	0.00792	0.00654	0.00911	0.22962	0.01553	0.00693	0.00747	0.01091	0.05335	0.01659	0.32108	0.11683	0.15877	0.00984	0.00581	0.00172	0.00383	0.00862	0.00444	0.00510
39	0.01234	0.01199	0.01963	0.17476	0.62497	0.03573	0.01529	0.01540	0.01151	0.01596	0.00950	0.01278	0.00784	0.00470	0.00508	0.00155	0.00633	0.00453	0.00249	0.00761
40	0.08235	0.01314	0.01335	0.01083	0.01440	0.05951	0.00875	0.41361	0.20063	0.08739	0.03421	0.01453	0.01134	0.00632	0.00500	0.00158	0.00517	0.00484	0.00497	0.00808
41	0.00620	0.00518	0.00540	0.00538	0.00702	0.00438	0.00402	0.00761	0.01195	0.01457	0.13095	0.06792	0.68620	0.01280	0.00608	0.00173	0.00259	0.01076	0.00486	0.00438
42	0.00746	0.00497	0.00560	0.00560	0.00560	0.00497	0.00311	0.00746	0.00746	0.00995	0.01617	0.03358	0.01865	0.81967	0.02612	0.00497	0.00497	0.00746	0.00311	0.00311
43	0.01129	0.01055	0.01208	0.13262	0.03614	0.07546	0.00803	0.01366	0.01088	0.01572	0.00898	0.01106	0.00739	0.00426	0.00438	0.00101	0.02141	0.00337	0.00286	0.60886
44	0.00981	0.01022	0.00809	0.00764	0.00951	0.20549	0.00573	0.01170	0.03286	0.01520	0.20112	0.03603	0.40684	0.01034	0.00568	0.00160	0.00428	0.00846	0.00443	0.00495
45	0.05468	0.06037	0.36326	0.01096	0.02704	0.03617	0.01194	0.05031	0.01198	0.07032	0.02178	0.02181	0.22403	0.00728	0.00506	0.00161	0.00561	0.00577	0.00340	0.00661
46	0.18229	0.03922	0.06590	0.03010	0.14280	0.14939	0.05806	0.15588	0.04870	0.02031	0.05238	0.01270	0.00982	0.00547	0.00469	0.00153	0.00610	0.00431	0.00342	0.00696
47	0.02964	0.08288	0.04075	0.06788	0.09379	0.04430	0.12140	0.06951	0.07773	0.09991	0.02360	0.05710	0.01075	0.00568	0.00490	0.00145	0.00560	0.00503	0.00357	0.15453
48	0.01466	0.01482	0.16427	0.01180	0.04623	0.06864	0.01046	0.19080	0.13470	0.10394	0.03798	0.02704	0.02658	0.00621	0.00499	0.00152	0.00546	0.01637	0.01753	0.09600
49	0.06825	0.00975	0.01212	0.10460	0.06626	0.05138	0.04334	0.05470	0.06734	0.01821	0.18607	0.05260	0.01841	0.00727	0.01896	0.00158	0.02159	0.00572	0.00379	0.18807

[dist]
# distance from previous block
# <min> <max>
0	13

[block]
# block no. 7 follows, 48 sequences, length 170
# corresponding to MSA columns:
# 498-667
name=unknown_H
#
# <colnr> <probs for GDERKNQSTAVLIFYWHMCP>
#	G	D	E	R	K	N	Q	S	T	A	V	L	I	F	Y	W	H	M	C	P
0	0.02642	0.17085	0.11225	0.02377	0.10253	0.02752	0.02182	0.07304	0.02617	0.14309	0.03046	0.02612	0.02275	0.00621	0.02391	0.00152	0.00550	0.00435	0.00353	0.14819
1	0.07393	0.11912	0.10531	0.00964	0.01295	0.11872	0.02630	0.07415	0.04984	0.03699	0.09504	0.06902	0.10303	0.03867	0.00571	0.00164	0.00523	0.00591	0.00370	0.04510
2	0.08613	0.45337	0.09515	0.01178	0.07663	0.08067	0.02198	0.01547	0.01069	0.01408	0.02056	0.01034	0.01950	0.00509	0.00473	0.00135	0.06005	0.00344	0.00245	0.00654
3	0.00632	0.00452	0.00603	0.00722	0.00755	0.00423	0.00488	0.00726	0.00989	0.01318	0.02824	0.79017	0.03378	0.01601	0.00657	0.00209	0.00304	0.04006	0.00476	0.00419
4	0.01107	0.01040	0.01311	0.01047	0.01285	0.02571	0.00858	0.01279	0.00940	0.01458	0.00797	0.01089	0.00717	0.00627	0.00996	0.00147	0.38417	0.00373	0.00266	0.43675
5	0.01085	0.01132	0.11580	0.02220	0.06497	0.00781	0.00857	0.01369	0.01114	0.04223	0.06184	0.01378	0.01078	0.00474	0.00430	0.00105	0.00445	0.01736	0.00319	0.56991
6	0.24108	0.34431	0.06512	0.00950	0.01349	0.09928	0.00876	0.11339	0.03383	0.01819	0.00840	0.00936	0.00684	0.00492	0.00379	0.00136	0.00559	0.00320	0.00297	0.00662
7	0.01357	0.78926	0.05913	0.00903	0.01355	0.01995	0.00921	0.01540	0.01044	0.01225	0.00722	0.00834	0.00658	0.00441	0.00336	0.00112	0.00558	0.00279	0.00219	0.00663
8	0.01312	0.01206	0.01931	0.02799	0.66454	0.03163	0.01443	0.04753	0.01254	0.04069	0.05777	0.01432	0.01073	0.00507	0.00513	0.00153	0.00588	0.00485	0.00296	0.00791
9	0.00746	0.00499	0.00570	0.00570	0.00573	0.00503	0.00324	0.00753	0.00749	0.01002	0.01607	0.03306	0.01843	0.78954	0.05594	0.00510	0.00531	0.00739	0.00310	0.00317
10	0.01095	0.00930	0.01080	0.00775	0.01229	0.00715	0.00621	0.03916	0.01111	0.01726	0.00923	0.01070	0.00764	0.00388	0.00385	0.00079	0.00386	0.00309	0.00311	0.82187
11	0.00969	0.00912	0.01539	0.80734	0.03534	0.01140	0.01425	0.01311	0.01026	0.01311	0.00912	0.01368	0.00684	0.00513	0.00513	0.00171	0.00684	0.00456	0.00228	0.00570
12	0.01276	0.01102	0.01160	0.01044	0.01334	0.01276	0.00812	0.02727	0.77840	0.02146	0.02088	0.01914	0.01566	0.00696	0.00522	0.00174	0.00406	0.00580	0.00522	0.00812
13	0.01073	0.01006	0.01731	0.05647	0.47010	0.01000	0.08073	0.01330	0.01114	0.01556	0.01488	0.23649	0.01522	0.00777	0.00558	0.00171	0.00549	0.00749	0.00315	0.00681
14	0.00625	0.00447	0.00595	0.00714	0.00744	0.00417	0.00476	0.00714	0.00982	0.01310	0.02828	0.81633	0.03394	0.01608	0.00655	0.00208	0.00298	0.01459	0.00476	0.00417
15	0.00625	0.00447	0.00595	0.00714	0.00744	0.00417	0.00476	0.00714	0.00982	0.01310	0.02828	0.81633	0.03394	0.01608	0.00655	0.00208	0.00298	0.01459	0.00476	0.00417
16	0.00625	0.00447	0.00595	0.00714	0.00744	0.00417	0.00476	0.00714	0.00982	0.01310	0.02828	0.81633	0.03394	0.01608	0.00655	0.00208	0.00298	0.01459	0.00476	0.00417
17	0.01924	0.01423	0.01540	0.03323	0.01644	0.01579	0.00987	0.75016	0.02375	0.03182	0.01223	0.01236	0.00868	0.00613	0.00513	0.00154	0.00568	0.00462	0.00506	0.00864
18	0.01717	0.00892	0.01131	0.00841	0.01266	0.00721	0.00685	0.01930	0.01277	0.42540	0.01499	0.01424	0.01029	0.00515	0.00452	0.00120	0.00410	0.00416	0.00479	0.40658
19	0.00618	0.00474	0.00568	0.00643	0.00725	0.00423	0.00444	0.00723	0.01051	0.01338	0.03702	0.53356	0.31106	0.01494	0.00637	0.00195	0.00284	0.01320	0.00476	0.00423
20	0.01211	0.01384	0.03028	0.02163	0.02682	0.01298	0.76903	0.01644	0.01211	0.01644	0.01038	0.01384	0.00779	0.00433	0.00606	0.00173	0.00865	0.00606	0.00260	0.00692
21	0.00811	0.00579	0.00809	0.00927	0.01038	0.00577	0.00800	0.01036	0.01166	0.01518	0.02725	0.11694	0.02987	0.01432	0.00705	0.00234	0.00459	0.69562	0.00473	0.00468
22	0.00683	0.00525	0.00627	0.00609	0.00750	0.00469	0.00462	0.00881	0.01330	0.01772	0.46554	0.04349	0.33679	0.01163	0.00610	0.00169	0.00259	0.04119	0.00526	0.00464
23	0.01525	0.45785	0.05624	0.01053	0.01431	0.30638	0.00945	0.01696	0.01201	0.01252	0.00941	0.01046	0.03937	0.00510	0.00397	0.00123	0.00685	0.00334	0.00247	0.00630
24	0.01029	0.02654	0.79309	0.01462	0.02221	0.01192	0.01896	0.01625	0.01083	0.01625	0.00921	0.01083	0.00650	0.00487	0.00487	0.00162	0.00758	0.00379	0.00217	0.00758
25	0.81227	0.05205	0.00854	0.00685	0.01009	0.01197	0.00572	0.01510	0.00882	0.02245	0.00714	0.00833	0.00561	0.00474	0.00318	0.00156	0.00405	0.00278	0.00312	0.00561
26	0.00734	0.00545	0.00802	0.00802	0.00885	0.00629	0.00613	0.00902	0.00818	0.01174	0.01395	0.02132	0.01333	0.10603	0.73248	0.00796	0.01299	0.00567	0.00278	0.00445
27	0.01064	0.00912	0.01064	0.00760	0.01216	0.00684	0.00608	0.01292	0.01064	0.01672	0.00912	0.01064	0.00760	0.00380	0.00380	0.00076	0.00380	0.00304	0.00304	0.85104
28	0.00684	0.00520	0.00641	0.00695	0.00811	0.00476	0.00536	0.00847	0.01165	0.01501	0.14419	0.24477	0.29711	0.01372	0.00645	0.00197	0.00321	0.20047	0.00488	0.00446
29	0.01064	0.00912	0.01064	0.00760	0.01216	0.00684	0.00608	0.01292	0.01064	0.01672	0.00912	0.01064	0.00760	0.00380	0.00380	0.00076	0.00380	0.00304	0.00304	0.85104
30	0.00644	0.00459	0.00613	0.00730	0.00766	0.00432	0.00501	0.00743	0.00994	0.01322	0.02797	0.74118	0.03331	0.03050	0.00695	0.00216	0.00315	0.07381	0.00473	0.00419
