[name]
unknown

[dist]
# distance from previous block
# <min> <max>
0	494

[block]
# block no. 0 follows, 47 sequences, length 43
# corresponding to MSA columns:
# 498-540
name=unknown_A
#
# <colnr> <probs for GDERKNQSTAVLIFYWHMCP>
#	G	D	E	R	K	N	Q	S	T	A	V	L	I	F	Y	W	H	M	C	P
0	0.00880	0.00657	0.00955	0.01162	0.08101	0.00657	0.00908	0.01126	0.01198	0.01571	0.02596	0.05458	0.02800	0.01350	0.00701	0.00232	0.00492	0.68185	0.00459	0.00511
1	0.01006	0.00969	0.01699	0.73345	0.03508	0.01172	0.08263	0.01361	0.01058	0.01361	0.00937	0.01390	0.00703	0.00513	0.00529	0.00174	0.00711	0.00477	0.00234	0.00590
2	0.01267	0.01370	0.09092	0.03041	0.71534	0.01235	0.01628	0.01603	0.01178	0.01697	0.00975	0.01272	0.00810	0.00467	0.00514	0.00156	0.00632	0.00457	0.00254	0.00820
3	0.00745	0.00553	0.00813	0.00813	0.00897	0.00638	0.00621	0.00914	0.00830	0.01191	0.01417	0.02169	0.01356	0.10966	0.72648	0.00807	0.01314	0.00576	0.00282	0.00451
4	0.01234	0.08691	0.02879	0.01985	0.02447	0.01415	0.61388	0.01613	0.01166	0.01582	0.00983	0.01324	0.00767	0.00492	0.00710	0.00176	0.09641	0.00567	0.00256	0.00685
5	0.01229	0.01405	0.03073	0.02195	0.02722	0.01317	0.76558	0.01668	0.01229	0.01668	0.01054	0.01405	0.00790	0.00439	0.00615	0.00176	0.00878	0.00615	0.00263	0.00702
6	0.00634	0.00453	0.00604	0.00725	0.00755	0.00423	0.00483	0.00725	0.00997	0.01329	0.02870	0.81358	0.03444	0.01632	0.00665	0.00211	0.00302	0.01480	0.00483	0.00423
7	0.01333	0.00649	0.00855	0.00770	0.00979	0.00576	0.00585	0.01500	0.01299	0.32305	0.17538	0.25709	0.09628	0.02976	0.00641	0.00186	0.00348	0.00942	0.00561	0.00620
8	0.00634	0.00453	0.00604	0.00725	0.00755	0.00423	0.00483	0.00725	0.00997	0.01329	0.02870	0.81358	0.03444	0.01632	0.00665	0.00211	0.00302	0.01480	0.00483	0.00423
9	0.00678	0.00498	0.00636	0.00669	0.00759	0.00456	0.00476	0.00844	0.01236	0.01681	0.37106	0.36944	0.13416	0.01337	0.00636	0.00186	0.00272	0.01190	0.00524	0.00456
10	0.00647	0.00480	0.00604	0.00676	0.00749	0.00437	0.00468	0.00769	0.01107	0.01461	0.14967	0.54771	0.17990	0.01484	0.00647	0.00197	0.00286	0.01324	0.00497	0.00437
11	0.00626	0.00515	0.00551	0.00569	0.00717	0.00440	0.00417	0.00759	0.01173	0.01437	0.09491	0.17809	0.60984	0.01355	0.00624	0.00181	0.00269	0.01153	0.00489	0.00440
12	0.01980	0.01459	0.01563	0.01198	0.01615	0.01615	0.00990	0.76713	0.02448	0.03282	0.01250	0.01250	0.00886	0.00625	0.00521	0.00156	0.00573	0.00469	0.00521	0.00886
13	0.00828	0.00503	0.00545	0.00543	0.00668	0.00475	0.00402	0.01035	0.01177	0.01809	0.18189	0.06990	0.18018	0.02800	0.00536	0.00155	0.00257	0.00762	0.43840	0.00470
14	0.00859	0.00679	0.00737	0.00707	0.00879	0.00666	0.00524	0.09502	0.09459	0.01679	0.06036	0.19580	0.38757	0.06626	0.00742	0.00203	0.00338	0.01023	0.00484	0.00521
15	0.01758	0.01245	0.01326	0.01042	0.01394	0.01367	0.00852	0.60131	0.02151	0.02988	0.01349	0.01402	0.00984	0.00621	0.00486	0.00149	0.00500	0.00472	0.18985	0.00798
16	0.00707	0.00531	0.00654	0.00623	0.00759	0.00478	0.00468	0.00924	0.01403	0.01919	0.60015	0.04169	0.23180	0.01128	0.00615	0.00167	0.00250	0.00981	0.00551	0.00478
17	0.28153	0.00869	0.00858	0.00765	0.01024	0.00938	0.00605	0.06074	0.16050	0.06073	0.16848	0.02354	0.12679	0.00779	0.00485	0.00165	0.00360	0.00617	0.03689	0.00615
18	0.00671	0.00530	0.00605	0.00586	0.00738	0.00463	0.00439	0.00855	0.01318	0.01719	0.38623	0.04499	0.44696	0.01203	0.00615	0.00170	0.00256	0.01027	0.00525	0.00463
19	0.00634	0.00453	0.00604	0.00725	0.00755	0.00423	0.00483	0.00725	0.00997	0.01329	0.02870	0.81358	0.03444	0.01632	0.00665	0.00211	0.00302	0.01480	0.00483	0.00423
20	0.00641	0.00472	0.00599	0.00697	0.00754	0.00434	0.00478	0.00742	0.01031	0.01344	0.03246	0.63998	0.16051	0.03352	0.00702	0.00213	0.00307	0.04035	0.00480	0.00425
21	0.00933	0.00660	0.00853	0.00867	0.01024	0.00664	0.00714	0.01341	0.11695	0.05283	0.28590	0.04473	0.03389	0.01175	0.00649	0.00202	0.00388	0.36027	0.00526	0.00549
22	0.00744	0.00558	0.00837	0.00837	0.00930	0.00651	0.00651	0.00930	0.00837	0.01209	0.01395	0.02046	0.01302	0.03906	0.79635	0.00837	0.01395	0.00558	0.00279	0.00465
23	0.01253	0.01201	0.02049	0.12259	0.69668	0.01228	0.01580	0.01567	0.01169	0.01658	0.00973	0.01301	0.00810	0.00471	0.00516	0.00157	0.00628	0.00464	0.00255	0.00796
24	0.01771	0.01441	0.01440	0.01168	0.01536	0.07929	0.00941	0.48349	0.24934	0.02785	0.01475	0.01433	0.01080	0.00642	0.00519	0.00161	0.00555	0.00494	0.00503	0.00844
25	0.01045	0.02694	0.79000	0.01484	0.02254	0.01209	0.01924	0.01649	0.01099	0.01649	0.00935	0.01099	0.00660	0.00495	0.00495	0.00165	0.00770	0.00385	0.00220	0.00770
26	0.01945	0.02482	0.01476	0.01342	0.01610	0.79608	0.01006	0.02079	0.01476	0.01275	0.00805	0.00939	0.00671	0.00537	0.00470	0.00134	0.00939	0.00335	0.00268	0.00604
27	0.01778	0.02293	0.14600	0.01331	0.01712	0.50054	0.01153	0.15212	0.04021	0.01722	0.00948	0.01053	0.00736	0.00551	0.00485	0.00145	0.00829	0.00375	0.00313	0.00689
28	0.01008	0.00954	0.01592	0.71778	0.07206	0.01188	0.01435	0.01339	0.01034	0.01344	0.00914	0.01368	0.00700	0.00542	0.00592	0.00176	0.05544	0.00462	0.00233	0.00590
29	0.00634	0.00453	0.00604	0.00725	0.00755	0.00423	0.00483	0.00725	0.00997	0.01329	0.02870	0.81358	0.03444	0.01632	0.00665	0.00211	0.00302	0.01480	0.00483	0.00423
30	0.01400	0.01448	0.02006	0.02883	0.65447	0.14499	0.01498	0.01680	0.01235	0.01629	0.00950	0.01230	0.00799	0.00476	0.00508	0.00151	0.00673	0.00442	0.00260	0.00787
31	0.03669	0.18804	0.01393	0.00941	0.01123	0.04652	0.00786	0.02879	0.00947	0.01303	0.01107	0.01560	0.01024	0.02435	0.44559	0.00532	0.11016	0.00463	0.00266	0.00542
32	0.00731	0.00532	0.00688	0.00649	0.00774	0.00489	0.00487	0.00971	0.01460	0.02054	0.74520	0.03946	0.08590	0.01077	0.00614	0.00164	0.00247	0.00950	0.00569	0.00489
33	0.00634	0.00456	0.00601	0.00718	0.00753	0.00424	0.00480	0.00726	0.01004	0.01332	0.02963	0.78426	0.06317	0.01620	0.00663	0.00210	0.00301	0.01466	0.00483	0.00424
34	0.01389	0.01838	0.24912	0.03470	0.24018	0.09976	0.03826	0.14354	0.03370	0.01884	0.01007	0.01201	0.00777	0.00540	0.00576	0.00161	0.05197	0.00434	0.00297	0.00771
35	0.00957	0.00588	0.00809	0.00748	0.00900	0.00578	0.00578	0.01178	0.01280	0.12262	0.44159	0.03034	0.03308	0.01883	0.24945	0.00371	0.00627	0.00767	0.00492	0.00537
36	0.00706	0.00531	0.00654	0.00623	0.00759	0.00478	0.00467	0.00923	0.01402	0.01916	0.59780	0.04173	0.23416	0.01129	0.00615	0.00167	0.00250	0.00981	0.00551	0.00478
37	0.01861	0.02342	0.01488	0.01344	0.01585	0.71487	0.01020	0.01993	0.01405	0.01272	0.00792	0.00960	0.00672	0.00576	0.00599	0.00144	0.09246	0.00348	0.00264	0.00600
38	0.00726	0.00510	0.00559	0.00559	0.00598	0.00491	0.00333	0.00755	0.00852	0.01097	0.02439	0.03760	0.18661	0.64045	0.02204	0.00433	0.00452	0.00832	0.00352	0.00343
39	0.00757	0.00505	0.00568	0.00568	0.00568	0.00505	0.00316	0.00757	0.00757	0.01010	0.01641	0.03408	0.01893	0.81698	0.02651	0.00505	0.00505	0.00757	0.00316	0.00316
40	0.71412	0.01083	0.00899	0.00771	0.01109	0.01243	0.00635	0.14120	0.01148	0.02495	0.00813	0.00914	0.00618	0.00507	0.00356	0.00160	0.00431	0.00313	0.00356	0.00618
41	0.01030	0.01013	0.01819	0.64886	0.03375	0.01197	0.14148	0.01385	0.01066	0.01385	0.00940	0.01384	0.00710	0.00518	0.00571	0.00175	0.03073	0.00488	0.00237	0.00599
42	0.01634	0.01856	0.01668	0.11244	0.18380	0.41662	0.03723	0.06809	0.05229	0.01563	0.00961	0.01155	0.00771	0.00530	0.00497	0.00148	0.00788	0.00409	0.00291	0.00681

[dist]
# distance from previous block
# <min> <max>
2	4

[block]
# block no. 1 follows, 47 sequences, length 9
# corresponding to MSA columns:
# 545-553
name=unknown_B
#
# <colnr> <probs for GDERKNQSTAVLIFYWHMCP>
#	G	D	E	R	K	N	Q	S	T	A	V	L	I	F	Y	W	H	M	C	P
0	0.01157	0.01185	0.13174	0.00916	0.01239	0.04607	0.00837	0.18041	0.01555	0.05448	0.21976	0.02936	0.23004	0.00903	0.00564	0.00164	0.00447	0.00745	0.00470	0.00632
1	0.00656	0.00469	0.00629	0.00750	0.00789	0.00442	0.00521	0.00762	0.01018	0.01353	0.02858	0.73414	0.03397	0.01611	0.00670	0.00214	0.00321	0.09212	0.00483	0.00429
2	0.00957	0.00877	0.01399	0.40271	0.18943	0.00970	0.01183	0.01247	0.01152	0.01520	0.11452	0.02289	0.14216	0.00711	0.00547	0.00169	0.00549	0.00630	0.00323	0.00598
3	0.00984	0.00908	0.01511	0.54014	0.16653	0.01056	0.01323	0.01284	0.01060	0.01397	0.01240	0.13902	0.01149	0.00685	0.00542	0.00176	0.00619	0.00622	0.00276	0.00599
4	0.00649	0.00512	0.00588	0.00624	0.00750	0.00451	0.00459	0.00790	0.01169	0.01474	0.12833	0.25865	0.44503	0.01383	0.00635	0.00188	0.00286	0.05905	0.00494	0.00444
5	0.01269	0.22611	0.38047	0.01330	0.01881	0.08227	0.05803	0.04327	0.03853	0.01561	0.00914	0.01074	0.00713	0.00521	0.00538	0.00153	0.05828	0.00382	0.00249	0.00719
6	0.01952	0.02295	0.01492	0.01315	0.01611	0.65394	0.01003	0.15681	0.01653	0.01640	0.00886	0.00996	0.00710	0.00553	0.00479	0.00138	0.00872	0.00360	0.00314	0.00655
7	0.17203	0.01282	0.01134	0.01085	0.06121	0.18031	0.00775	0.17583	0.01367	0.01899	0.01393	0.04594	0.05431	0.12777	0.06929	0.00259	0.00650	0.00526	0.00360	0.00602
8	0.01670	0.01273	0.01315	0.01094	0.01438	0.05762	0.00874	0.28903	0.35731	0.11007	0.01827	0.01716	0.03630	0.00680	0.00525	0.00165	0.00498	0.00540	0.00523	0.00829

[dist]
# distance from previous block
# <min> <max>
3	12

[block]
# block no. 2 follows, 47 sequences, length 15
# corresponding to MSA columns:
# 566-580
name=unknown_C
#
# <colnr> <probs for GDERKNQSTAVLIFYWHMCP>
#	G	D	E	R	K	N	Q	S	T	A	V	L	I	F	Y	W	H	M	C	P
0	0.01176	0.00737	0.01050	0.07457	0.01300	0.00740	0.03558	0.04537	0.01171	0.17682	0.07658	0.03973	0.09601	0.01869	0.27190	0.03118	0.00766	0.00630	0.00409	0.05379
1	0.01401	0.41491	0.03978	0.08867	0.04870	0.03101	0.00930	0.02910	0.01209	0.12856	0.10464	0.03390	0.01358	0.00594	0.00441	0.00138	0.00526	0.00458	0.00342	0.00676
2	0.00733	0.00500	0.00600	0.00630	0.00646	0.00498	0.00388	0.00771	0.00829	0.01109	0.01932	0.20199	0.02235	0.57427	0.06273	0.00450	0.00508	0.03562	0.00356	0.00353
3	0.03360	0.28383	0.05322	0.00941	0.01245	0.09589	0.00820	0.10529	0.06345	0.01545	0.01295	0.05660	0.05141	0.00868	0.00749	0.16280	0.00546	0.00475	0.00315	0.00591
4	0.01179	0.01030	0.01419	0.28371	0.07830	0.03198	0.01122	0.14019	0.05575	0.01697	0.01129	0.01499	0.00922	0.01350	0.18475	0.00324	0.09427	0.00488	0.00310	0.00637
5	0.01080	0.00926	0.01080	0.00771	0.01234	0.00694	0.00617	0.01311	0.01080	0.01697	0.00926	0.01080	0.00771	0.00386	0.00386	0.00077	0.00386	0.00309	0.00309	0.84882
6	0.00641	0.00460	0.00609	0.00726	0.00764	0.00429	0.00492	0.00737	0.01010	0.01339	0.02945	0.76388	0.05880	0.01615	0.00665	0.00211	0.00307	0.03871	0.00483	0.00425
7	0.01251	0.00920	0.01097	0.00792	0.01247	0.00704	0.00637	0.01478	0.01136	0.12208	0.01079	0.01174	0.00842	0.00421	0.00404	0.00089	0.00394	0.00338	0.00354	0.73432
8	0.01173	0.00724	0.00909	0.00793	0.01002	0.00701	0.00626	0.12029	0.01600	0.14375	0.50871	0.03291	0.03657	0.00957	0.00593	0.00167	0.00337	0.05015	0.00572	0.00609
9	0.00905	0.00452	0.00678	0.00678	0.00678	0.00452	0.00452	0.00678	0.00678	0.00905	0.00905	0.01583	0.00905	0.01809	0.02035	0.84848	0.00452	0.00452	0.00226	0.00226
10	0.01203	0.01298	0.02612	0.01902	0.02364	0.01248	0.59629	0.04899	0.05604	0.01732	0.01532	0.01779	0.08502	0.00561	0.00632	0.00176	0.02677	0.00651	0.00311	0.00688
11	0.01041	0.00849	0.01144	0.23001	0.01785	0.04730	0.03327	0.05302	0.03890	0.05272	0.11032	0.15524	0.02102	0.04605	0.04589	0.00231	0.00564	0.10055	0.00400	0.00558
12	0.00643	0.00505	0.00568	0.00599	0.00714	0.00445	0.00423	0.00763	0.01124	0.01415	0.10903	0.26774	0.43939	0.07814	0.00792	0.00211	0.00292	0.01167	0.00478	0.00430
13	0.74877	0.01099	0.00852	0.00749	0.01076	0.05061	0.00612	0.05306	0.01009	0.04398	0.00791	0.00896	0.00605	0.00497	0.00345	0.00160	0.00439	0.00300	0.00338	0.00591
14	0.01508	0.45004	0.05958	0.01152	0.03048	0.17318	0.05064	0.04593	0.07546	0.03046	0.00936	0.01035	0.00775	0.00498	0.00415	0.00131	0.00648	0.00355	0.00280	0.00691

[dist]
# distance from previous block
# <min> <max>
0	2

[block]
# block no. 3 follows, 47 sequences, length 16
# corresponding to MSA columns:
# 583-585,589-596,598-602
name=unknown_D
#
# <colnr> <probs for GDERKNQSTAVLIFYWHMCP>
#	G	D	E	R	K	N	Q	S	T	A	V	L	I	F	Y	W	H	M	C	P
0	0.16416	0.13778	0.11522	0.01122	0.01533	0.08942	0.01030	0.30929	0.01600	0.02285	0.00962	0.01061	0.00735	0.00565	0.00520	0.00154	0.05368	0.00383	0.00361	0.00736
1	0.00746	0.00506	0.00574	0.00576	0.00591	0.00499	0.00334	0.00768	0.00822	0.01095	0.05883	0.06171	0.05423	0.71208	0.02387	0.00463	0.00474	0.00807	0.00342	0.00334
2	0.00970	0.00890	0.01270	0.01140	0.01180	0.01190	0.00930	0.01115	0.00814	0.01234	0.00989	0.01528	0.00949	0.02195	0.35124	0.00489	0.46719	0.00500	0.00250	0.00525
3	0.12015	0.00883	0.01066	0.00861	0.01182	0.00854	0.00698	0.11724	0.01538	0.39371	0.21828	0.02148	0.02102	0.00733	0.00523	0.00161	0.00403	0.00597	0.00570	0.00743
4	0.00744	0.00558	0.00837	0.00837	0.00930	0.00651	0.00651	0.00930	0.00837	0.01209	0.01395	0.02046	0.01302	0.03906	0.79635	0.00837	0.01395	0.00558	0.00279	0.00465
5	0.02041	0.01361	0.01502	0.01152	0.01566	0.01469	0.00951	0.64006	0.02284	0.16221	0.01388	0.01340	0.00955	0.00628	0.00521	0.00157	0.00551	0.00478	0.00542	0.00886
6	0.02189	0.01123	0.01355	0.01039	0.01447	0.01116	0.00858	0.33156	0.01886	0.47634	0.01723	0.01557	0.01123	0.00637	0.00523	0.00159	0.00497	0.00501	0.00594	0.00886
7	0.00766	0.00551	0.00723	0.00715	0.00755	0.00609	0.00492	0.00851	0.00793	0.01105	0.01498	0.02731	0.01591	0.44837	0.36146	0.00639	0.03852	0.00659	0.00296	0.00390
8	0.00887	0.00464	0.00696	0.00696	0.00706	0.00474	0.00474	0.00706	0.00696	0.00938	0.00958	0.01634	0.00948	0.02039	0.10553	0.75627	0.00556	0.00464	0.00232	0.00252
9	0.01234	0.01217	0.02142	0.05740	0.23583	0.02809	0.29328	0.07957	0.01302	0.01756	0.01445	0.02050	0.05006	0.00642	0.00611	0.00176	0.02690	0.09292	0.00318	0.00702
10	0.01138	0.01104	0.01936	0.39968	0.35954	0.01206	0.08231	0.01477	0.01121	0.01521	0.00960	0.01347	0.00759	0.00489	0.00527	0.00166	0.00678	0.00477	0.00246	0.00696
11	0.01888	0.02372	0.01532	0.01505	0.08372	0.72711	0.01058	0.02037	0.01450	0.01312	0.00820	0.00970	0.00684	0.00530	0.00474	0.00136	0.00911	0.00347	0.00267	0.00623
12	0.01135	0.18311	0.57172	0.01330	0.01995	0.01386	0.01625	0.01727	0.07651	0.01610	0.00994	0.01119	0.00741	0.00503	0.00466	0.00155	0.00697	0.00381	0.00247	0.00754
13	0.00645	0.00458	0.00601	0.00712	0.00739	0.00430	0.00469	0.00728	0.00976	0.01302	0.02765	0.74667	0.03311	0.08505	0.00835	0.00237	0.00320	0.01418	0.00469	0.00414
14	0.01139	0.00858	0.07669	0.00842	0.01092	0.00701	0.00724	0.03096	0.07951	0.16485	0.39837	0.06406	0.04936	0.00946	0.00586	0.00171	0.00366	0.05033	0.00540	0.00622
15	0.02085	0.00973	0.01265	0.01046	0.04561	0.00914	0.00816	0.15784	0.01650	0.55049	0.08673	0.01847	0.01521	0.00671	0.00531	0.00160	0.00456	0.00549	0.00600	0.00848

[dist]
# distance from previous block
# <min> <max>
0	1

[block]
# block no. 4 follows, 47 sequences, length 24
# corresponding to MSA columns:
# 604-627
name=unknown_E
#
# <colnr> <probs for GDERKNQSTAVLIFYWHMCP>
#	G	D	E	R	K	N	Q	S	T	A	V	L	I	F	Y	W	H	M	C	P
0	0.85377	0.01007	0.00765	0.00685	0.01007	0.01168	0.00564	0.01531	0.00886	0.02336	0.00725	0.00846	0.00564	0.00483	0.00322	0.00161	0.00403	0.00282	0.00322	0.00564
1	0.85377	0.01007	0.00765	0.00685	0.01007	0.01168	0.00564	0.01531	0.00886	0.02336	0.00725	0.00846	0.00564	0.00483	0.00322	0.00161	0.00403	0.00282	0.00322	0.00564
2	0.01142	0.08531	0.50779	0.01349	0.01964	0.01302	0.03721	0.01930	0.20721	0.01752	0.01226	0.01304	0.00903	0.00544	0.00495	0.00164	0.00664	0.00435	0.00301	0.00774
3	0.01616	0.00728	0.00973	0.00800	0.01080	0.00641	0.00639	0.01833	0.01472	0.44424	0.33392	0.02763	0.05682	0.00842	0.00564	0.00163	0.00355	0.00717	0.00609	0.00707
4	0.00811	0.00712	0.00951	0.00875	0.00979	0.00792	0.02970	0.00970	0.01118	0.01515	0.19393	0.15112	0.25556	0.01177	0.00921	0.00194	0.22039	0.02996	0.00427	0.00493
5	0.01511	0.00957	0.01117	0.00921	0.01214	0.00983	0.00736	0.24008	0.11437	0.18688	0.26790	0.02452	0.05281	0.00809	0.00557	0.00163	0.00407	0.00674	0.00564	0.00733
6	0.00626	0.00485	0.00571	0.00640	0.00733	0.00430	0.00446	0.00735	0.01079	0.01363	0.03903	0.48591	0.35546	0.01497	0.00644	0.00196	0.00286	0.01317	0.00483	0.00430
7	0.01190	0.00632	0.00841	0.00732	0.00934	0.00569	0.00569	0.01423	0.01479	0.23798	0.56636	0.03291	0.03888	0.00946	0.00589	0.00163	0.00302	0.00823	0.00593	0.00603
8	0.00935	0.00647	0.00799	0.00730	0.00902	0.00630	0.00557	0.01357	0.12893	0.07830	0.57553	0.03492	0.07635	0.00991	0.00595	0.00166	0.00286	0.00865	0.00568	0.00569
9	0.82053	0.01002	0.00783	0.00695	0.01020	0.01152	0.00572	0.01571	0.00910	0.05397	0.00778	0.00883	0.00593	0.00490	0.00330	0.00161	0.00404	0.00292	0.00335	0.00577
10	0.03257	0.01034	0.01447	0.12547	0.27105	0.03439	0.01097	0.13598	0.01334	0.04938	0.01566	0.23217	0.01542	0.00828	0.00552	0.00173	0.00532	0.00737	0.00376	0.00681
11	0.01053	0.01417	0.21453	0.08691	0.22732	0.01049	0.06539	0.01511	0.06739	0.01730	0.14190	0.02016	0.07315	0.00657	0.00542	0.00165	0.00579	0.00590	0.00335	0.00696
12	0.48561	0.01078	0.01203	0.01025	0.01233	0.01341	0.04638	0.01431	0.00869	0.01884	0.00726	0.00988	0.00622	0.00647	0.00873	0.00188	0.31473	0.00366	0.00283	0.00573
13	0.09626	0.00957	0.01206	0.00934	0.01331	0.00890	0.00771	0.10185	0.01537	0.64186	0.01853	0.01636	0.01183	0.00628	0.00506	0.00161	0.00453	0.00497	0.00603	0.00858
14	0.01133	0.00820	0.00878	0.00778	0.00978	0.07586	0.00600	0.06943	0.01518	0.12085	0.47533	0.03278	0.11873	0.00958	0.00583	0.00162	0.00359	0.00815	0.00542	0.00577
15	0.00843	0.00548	0.00722	0.00685	0.00816	0.00502	0.00511	0.01064	0.01409	0.07744	0.62035	0.14455	0.04438	0.01112	0.00614	0.00170	0.00268	0.00985	0.00566	0.00512
16	0.01615	0.26122	0.01753	0.01131	0.01433	0.43417	0.00912	0.01855	0.07016	0.01332	0.01062	0.08079	0.00984	0.00619	0.00451	0.00137	0.00728	0.00438	0.00293	0.00624
17	0.00757	0.00508	0.00582	0.00582	0.00587	0.00512	0.00333	0.00766	0.00761	0.01020	0.01628	0.03338	0.01863	0.77703	0.06604	0.00522	0.00551	0.00747	0.00314	0.00323
18	0.01125	0.01104	0.01983	0.36758	0.30951	0.01190	0.13739	0.01466	0.01124	0.01522	0.01026	0.03800	0.00842	0.00520	0.00539	0.00168	0.00684	0.00519	0.00254	0.00685
19	0.00971	0.00485	0.00485	0.00485	0.00607	0.00485	0.00364	0.01213	0.01092	0.01942	0.01699	0.01942	0.01335	0.00607	0.00364	0.00121	0.00243	0.00485	0.84589	0.00485
20	0.01562	0.01372	0.02114	0.02013	0.22933	0.01419	0.21841	0.33058	0.04363	0.02369	0.01152	0.01327	0.00867	0.00533	0.00545	0.00162	0.00663	0.00512	0.00379	0.00817
21	0.00917	0.00560	0.00686	0.00668	0.00810	0.00501	0.00483	0.01055	0.01189	0.13106	0.17269	0.24213	0.25026	0.10087	0.00838	0.00217	0.00324	0.01046	0.00506	0.00498
22	0.01319	0.19524	0.05670	0.01440	0.01755	0.09670	0.20437	0.03062	0.01105	0.02882	0.00932	0.04161	0.00825	0.00644	0.00850	0.00172	0.24163	0.00481	0.00263	0.00645
23	0.00834	0.00676	0.00912	0.00871	0.00911	0.00801	0.00654	0.00948	0.00916	0.01301	0.10348	0.14940	0.02090	0.21764	0.16687	0.00405	0.21219	0.02924	0.00347	0.00451

[dist]
# distance from previous block
# <min> <max>
2	4

[block]
# block no. 5 follows, 47 sequences, length 15
# corresponding to MSA columns:
# 632-646
name=unknown_F
#
# <colnr> <probs for GDERKNQSTAVLIFYWHMCP>
#	G	D	E	R	K	N	Q	S	T	A	V	L	I	F	Y	W	H	M	C	P
0	0.01285	0.24970	0.01919	0.29490	0.08893	0.01504	0.01163	0.10975	0.05935	0.01636	0.00974	0.01213	0.00779	0.00532	0.00517	0.00151	0.04320	0.00412	0.00288	0.03043
1	0.01134	0.04716	0.01168	0.00961	0.02962	0.08008	0.05176	0.15627	0.01486	0.01907	0.17106	0.09335	0.22271	0.00933	0.00561	0.00161	0.00448	0.00790	0.00449	0.04802
2	0.01145	0.00772	0.00900	0.05222	0.01120	0.04354	0.00637	0.04867	0.04508	0.15371	0.36395	0.04692	0.16016	0.00955	0.00580	0.00166	0.00364	0.00814	0.00531	0.00592
3	0.01365	0.01379	0.02187	0.01717	0.05656	0.06869	0.37295	0.09851	0.17722	0.01924	0.01272	0.01439	0.00963	0.00520	0.00553	0.00162	0.00698	0.00542	0.00352	0.07533
4	0.85377	0.01007	0.00765	0.00685	0.01007	0.01168	0.00564	0.01531	0.00886	0.02336	0.00725	0.00846	0.00564	0.00483	0.00322	0.00161	0.00403	0.00282	0.00322	0.00564
5	0.01289	0.01237	0.02114	0.03196	0.78450	0.01237	0.01598	0.01598	0.01186	0.01701	0.00980	0.01289	0.00825	0.00464	0.00516	0.00155	0.00619	0.00464	0.00258	0.00825
6	0.00728	0.00493	0.00577	0.00606	0.00613	0.00485	0.00356	0.00750	0.00815	0.01086	0.01935	0.22067	0.02265	0.62533	0.02175	0.00435	0.00456	0.00930	0.00356	0.00341
7	0.11717	0.01012	0.05234	0.42947	0.02474	0.01164	0.01198	0.01297	0.00968	0.01455	0.01016	0.06887	0.00895	0.00821	0.04435	0.00215	0.14925	0.00510	0.00262	0.00568
8	0.00757	0.00505	0.00568	0.00568	0.00568	0.00505	0.00316	0.00757	0.00757	0.01010	0.01641	0.03408	0.01893	0.81698	0.02651	0.00505	0.00505	0.00757	0.00316	0.00316
9	0.01088	0.01083	0.02023	0.01547	0.01913	0.01043	0.40713	0.04033	0.07878	0.01781	0.11636	0.02683	0.09208	0.00761	0.00617	0.00182	0.00636	0.10154	0.00384	0.00638
10	0.01005	0.00955	0.01567	0.69474	0.03279	0.01218	0.01404	0.01320	0.01007	0.01320	0.00892	0.01354	0.00693	0.00575	0.00686	0.00181	0.11801	0.00462	0.00231	0.00577
11	0.00857	0.19210	0.07865	0.00799	0.01016	0.00876	0.00694	0.01039	0.01115	0.01465	0.14756	0.36398	0.09719	0.01142	0.00562	0.00174	0.00388	0.00989	0.00416	0.00521
12	0.05375	0.26501	0.25215	0.01149	0.01654	0.08728	0.01196	0.13983	0.01367	0.06708	0.02965	0.01132	0.00846	0.00529	0.00444	0.00144	0.00637	0.00380	0.00315	0.00733
13	0.04399	0.01297	0.05953	0.01491	0.11195	0.07016	0.11498	0.09326	0.03047	0.07121	0.01544	0.01693	0.09946	0.00678	0.00734	0.00168	0.14869	0.00533	0.00345	0.07147
14	0.01128	0.07666	0.41089	0.01229	0.01835	0.03532	0.04092	0.01620	0.05384	0.01652	0.00984	0.01128	0.00750	0.00470	0.00457	0.00135	0.00630	0.00373	0.00267	0.25579

[dist]
# distance from previous block
# <min> <max>
1	8

[block]
# block no. 6 follows, 47 sequences, length 30
# corresponding to MSA columns:
# 655-674,676-685
name=unknown_G
#
# <colnr> <probs for GDERKNQSTAVLIFYWHMCP>
#	G	D	E	R	K	N	Q	S	T	A	V	L	I	F	Y	W	H	M	C	P
0	0.10372	0.09618	0.01596	0.01611	0.22006	0.18535	0.01042	0.06658	0.06701	0.08171	0.01320	0.01566	0.03763	0.00602	0.00482	0.00154	0.00608	0.04133	0.00351	0.00711
1	0.17948	0.13263	0.01387	0.02140	0.01332	0.09814	0.00807	0.17297	0.14673	0.05349	0.04114	0.07227	0.01239	0.00665	0.00464	0.00157	0.00513	0.00504	0.00412	0.00696
2	0.01480	0.12596	0.28490	0.01198	0.01715	0.01392	0.01246	0.25593	0.07734	0.07396	0.05249	0.01373	0.01074	0.00587	0.00493	0.00156	0.00600	0.00452	0.00388	0.00790
3	0.01356	0.03452	0.16388	0.01344	0.11673	0.12540	0.01079	0.03039	0.08212	0.12406	0.20976	0.01981	0.01948	0.00684	0.00528	0.00158	0.00555	0.00567	0.00414	0.00702
4	0.00814	0.00549	0.00614	0.00597	0.00617	0.00557	0.00347	0.04297	0.00836	0.01116	0.01623	0.03307	0.01846	0.77920	0.02551	0.00489	0.00508	0.00744	0.00325	0.00342
5	0.01048	0.00891	0.01080	0.02614	0.10210	0.00958	0.00785	0.01855	0.36974	0.01948	0.19291	0.08242	0.10164	0.00882	0.00565	0.00174	0.00382	0.00766	0.00494	0.00678
6	0.01313	0.01299	0.01157	0.10668	0.01513	0.22415	0.00842	0.13969	0.05527	0.01829	0.14436	0.02516	0.16367	0.00823	0.00547	0.00161	0.00564	0.03032	0.00417	0.00606
7	0.00744	0.00558	0.00837	0.00837	0.00930	0.00651	0.00651	0.00930	0.00837	0.01209	0.01395	0.02046	0.01302	0.03906	0.79635	0.00837	0.01395	0.00558	0.00279	0.00465
8	0.01121	0.01114	0.01483	0.08491	0.28665	0.08837	0.01121	0.01336	0.01122	0.01477	0.04525	0.04473	0.14355	0.00915	0.04302	0.00204	0.14907	0.00612	0.00310	0.00630
9	0.00739	0.00497	0.00573	0.00591	0.00595	0.00493	0.00340	0.00753	0.00792	0.01056	0.01819	0.14724	0.02118	0.70075	0.02362	0.00462	0.00475	0.00862	0.00340	0.00331
10	0.00707	0.00507	0.00671	0.00710	0.00760	0.00526	0.00490	0.00806	0.00882	0.01200	0.02116	0.28281	0.05590	0.25265	0.28532	0.00510	0.00736	0.00938	0.00365	0.00408
11	0.00971	0.00485	0.00485	0.00485	0.00607	0.00485	0.00364	0.01213	0.01092	0.01942	0.01699	0.01942	0.01335	0.00607	0.00364	0.00121	0.00243	0.00485	0.84589	0.00485
12	0.01181	0.01188	0.02205	0.26168	0.35600	0.01235	0.21674	0.01536	0.01154	0.01581	0.00983	0.01350	0.00776	0.00474	0.00544	0.00166	0.00711	0.00504	0.00251	0.00718
13	0.00778	0.00592	0.00725	0.00714	0.00843	0.00579	0.00526	0.01142	0.11456	0.01873	0.45035	0.21064	0.10349	0.01165	0.00614	0.00177	0.00282	0.01029	0.00540	0.00516
14	0.02990	0.01254	0.01750	0.01878	0.26726	0.01320	0.07814	0.22098	0.18330	0.08361	0.01390	0.01463	0.01039	0.00573	0.00526	0.00162	0.00566	0.00508	0.00421	0.00831
15	0.01228	0.01213	0.01500	0.55247	0.02916	0.14062	0.01279	0.09261	0.01257	0.01524	0.01036	0.05270	0.00847	0.00589	0.00519	0.00167	0.00702	0.00493	0.00280	0.00607
16	0.01400	0.69586	0.02494	0.00928	0.01335	0.08946	0.00886	0.01565	0.01081	0.01229	0.00775	0.00923	0.00710	0.00678	0.05478	0.00160	0.00646	0.00302	0.00231	0.00649
17	0.00914	0.00730	0.00723	0.00701	0.00768	0.07165	0.00455	0.05787	0.00979	0.01244	0.01856	0.11374	0.05885	0.53069	0.05834	0.00419	0.00555	0.00789	0.00350	0.00402
18	0.76618	0.01125	0.05881	0.00835	0.04129	0.01174	0.00693	0.01541	0.00912	0.02267	0.00749	0.00880	0.00580	0.00483	0.00341	0.00161	0.00435	0.00296	0.00313	0.00588
19	0.01212	0.01361	0.10340	0.01698	0.05706	0.02475	0.35806	0.01707	0.10458	0.05722	0.01559	0.05990	0.06047	0.00648	0.00665	0.00178	0.06760	0.00637	0.00335	0.00696
20	0.01080	0.00926	0.01080	0.00771	0.01234	0.00694	0.00617	0.01311	0.01080	0.01697	0.00926	0.01080	0.00771	0.00386	0.00386	0.00077	0.00386	0.00309	0.00309	0.84882
21	0.09385	0.01488	0.13315	0.01705	0.22404	0.09532	0.03116	0.02881	0.20024	0.01824	0.03007	0.01452	0.01071	0.00776	0.05617	0.00205	0.00652	0.00472	0.00339	0.00734
22	0.04701	0.01727	0.18455	0.01193	0.01607	0.14258	0.01111	0.25765	0.11857	0.02159	0.01343	0.01433	0.03343	0.00904	0.07620	0.00219	0.00713	0.00465	0.00383	0.00741
23	0.00682	0.00520	0.00626	0.00621	0.00749	0.00465	0.00458	0.00868	0.01313	0.01754	0.43247	0.14577	0.29776	0.01227	0.00621	0.00174	0.00259	0.01067	0.00531	0.00465
24	0.01032	0.00799	0.00876	0.00771	0.00996	0.00804	0.00601	0.19415	0.07445	0.02103	0.23620	0.05511	0.31895	0.01043	0.00587	0.00169	0.00346	0.00874	0.00520	0.00591
25	0.00738	0.00511	0.00637	0.00653	0.00679	0.00529	0.00418	0.00794	0.00808	0.01100	0.01746	0.13451	0.01959	0.52518	0.20725	0.00545	0.00690	0.00806	0.00329	0.00365
26	0.01329	0.01089	0.01113	0.00983	0.01268	0.05107	0.00773	0.11625	0.43145	0.06165	0.04911	0.02471	0.13816	0.00816	0.00548	0.00173	0.00434	0.02979	0.00514	0.00741
27	0.01456	0.62629	0.08528	0.01012	0.01454	0.14803	0.00991	0.01652	0.01130	0.01267	0.00754	0.00873	0.00668	0.00464	0.00369	0.00119	0.00637	0.00296	0.00230	0.00666
28	0.01147	0.00863	0.01053	0.00930	0.01176	0.00889	0.04657	0.06622	0.27082	0.08805	0.08700	0.17994	0.13731	0.00976	0.00576	0.00177	0.00392	0.00849	0.00507	0.02873
29	0.04110	0.01356	0.07801	0.01149	0.01512	0.06713	0.04683	0.12814	0.39012	0.08805	0.05249	0.01720	0.01406	0.00657	0.00523	0.00167	0.00519	0.00540	0.00477	0.00789

[dist]
# distance from previous block
# <min> <max>
4	16

[block]
# block no. 7 follows, 47 sequences, length 9
# corresponding to MSA columns:
# 706-714
name=unknown_H
#
# <colnr> <probs for GDERKNQSTAVLIFYWHMCP>
#	G	D	E	R	K	N	Q	S	T	A	V	L	I	F	Y	W	H	M	C	P
0	0.01006	0.00945	0.01277	0.15070	0.03772	0.04830	0.00974	0.01211	0.01079	0.01513	0.22716	0.02036	0.01940	0.01121	0.07999	0.00248	0.30784	0.00598	0.00333	0.00549
1	0.01213	0.00944	0.01439	0.05870	0.23348	0.00981	0.04556	0.10131	0.01250	0.08519	0.01617	0.02005	0.06914	0.01630	0.24228	0.00366	0.00815	0.03152	0.00353	0.00670
2	0.00667	0.00494	0.00626	0.00695	0.00778	0.00454	0.00499	0.00805	0.01135	0.01496	0.16343	0.46349	0.18292	0.01455	0.00651	0.00199	0.00301	0.07819	0.00499	0.00443
3	0.01164	0.01082	0.01453	0.29453	0.12630	0.05165	0.01101	0.04927	0.01156	0.01604	0.00933	0.01220	0.00748	0.00482	0.00508	0.00134	0.03340	0.00398	0.00279	0.32221
4	0.00631	0.00467	0.00590	0.00688	0.00746	0.00426	0.00467	0.00729	0.01032	0.01344	0.03318	0.67159	0.17355	0.01573	0.00656	0.00205	0.00295	0.01410	0.00483	0.00426
5	0.00994	0.00940	0.01564	0.75217	0.03440	0.01186	0.01426	0.01325	0.01025	0.01325	0.00910	0.01372	0.00694	0.00546	0.00599	0.00177	0.05988	0.00462	0.00231	0.00578
6	0.01064	0.00996	0.01098	0.01002	0.01118	0.10027	0.00781	0.02881	0.06862	0.01539	0.15878	0.09280	0.02056	0.07819	0.06819	0.00261	0.22452	0.04211	0.00375	0.03481
7	0.00762	0.00562	0.00694	0.00731	0.00833	0.00537	0.00528	0.06517	0.01233	0.01641	0.17169	0.46115	0.14243	0.01395	0.00640	0.00195	0.00315	0.04910	0.00503	0.00476
8	0.01209	0.01461	0.16443	0.11346	0.45494	0.01231	0.01541	0.01731	0.11142	0.01712	0.01114	0.01350	0.00879	0.00508	0.00514	0.00162	0.00629	0.00465	0.00283	0.00786

[dist]
# distance from previous block
# <min> <max>
5	26

[block]
# block no. 8 follows, 47 sequences, length 13
# corresponding to MSA columns:
# 741-753
name=unknown_I
#
# <colnr> <probs for GDERKNQSTAVLIFYWHMCP>
#	G	D	E	R	K	N	Q	S	T	A	V	L	I	F	Y	W	H	M	C	P
0	0.01385	0.05703	0.05643	0.04719	0.01705	0.01083	0.16647	0.08248	0.01335	0.15542	0.11478	0.01667	0.01410	0.00609	0.00609	0.00153	0.06580	0.00530	0.00394	0.14561
1	0.01139	0.00983	0.01653	0.27419	0.20603	0.01028	0.09916	0.01478	0.03235	0.06811	0.11796	0.05265	0.01507	0.00629	0.00544	0.00165	0.00580	0.00592	0.00339	0.04318
2	0.01081	0.00879	0.01126	0.01151	0.06341	0.00993	0.00851	0.11359	0.12072	0.01760	0.01998	0.22571	0.02066	0.03708	0.00864	0.00213	0.13662	0.16271	0.00432	0.00601
3	0.01150	0.01030	0.01398	0.01090	0.01454	0.00987	0.11488	0.04903	0.17064	0.01798	0.01364	0.08505	0.01183	0.00619	0.00572	0.00138	0.06115	0.00533	0.00368	0.38242
4	0.01149	0.00623	0.00830	0.00821	0.00998	0.00571	0.00653	0.01326	0.01235	0.21981	0.07241	0.25505	0.10928	0.01247	0.00635	0.00200	0.00384	0.22576	0.00530	0.00568
5	0.01405	0.01064	0.01157	0.01013	0.01315	0.01184	0.00795	0.07547	0.57186	0.10873	0.05516	0.02098	0.05033	0.00737	0.00536	0.00173	0.00413	0.00611	0.00542	0.00804
6	0.01127	0.00628	0.00764	0.00674	0.00898	0.00545	0.00525	0.01310	0.01353	0.23036	0.25073	0.03796	0.36118	0.01060	0.00590	0.00168	0.00308	0.00895	0.00554	0.00578
7	0.00971	0.00485	0.00485	0.00485	0.00607	0.00485	0.00364	0.01213	0.01092	0.01942	0.01699	0.01942	0.01335	0.00607	0.00364	0.00121	0.00243	0.00485	0.84589	0.00485
8	0.00700	0.00504	0.00663	0.00681	0.00770	0.00467	0.00488	0.00889	0.01301	0.01813	0.50882	0.31967	0.04381	0.01270	0.00633	0.00181	0.00266	0.01137	0.00541	0.00467
9	0.01430	0.76643	0.02644	0.00921	0.01355	0.07295	0.00899	0.01594	0.01086	0.01229	0.00729	0.00842	0.00668	0.00452	0.00343	0.00113	0.00583	0.00282	0.00226	0.00664
10	0.00677	0.00481	0.00641	0.00753	0.00796	0.00458	0.00530	0.00786	0.01014	0.01345	0.02765	0.63395	0.03261	0.07232	0.00813	0.00237	0.00346	0.13575	0.00471	0.00425
11	0.01136	0.00992	0.01000	0.00895	0.01077	0.12360	0.00693	0.08017	0.06216	0.04472	0.39982	0.02748	0.05197	0.01109	0.06209	0.00212	0.05909	0.00720	0.00477	0.00579
12	0.14296	0.18731	0.01644	0.01080	0.01446	0.20058	0.00898	0.26758	0.06838	0.02153	0.01014	0.01075	0.00789	0.00550	0.00440	0.00144	0.00620	0.00377	0.00369	0.00720

[dist]
# distance from previous block
# <min> <max>
5	9

[block]
# block no. 9 follows, 47 sequences, length 35
# corresponding to MSA columns:
# 766-800
name=unknown_J
#
# <colnr> <probs for GDERKNQSTAVLIFYWHMCP>
#	G	D	E	R	K	N	Q	S	T	A	V	L	I	F	Y	W	H	M	C	P
0	0.02961	0.14607	0.13477	0.09973	0.11126	0.03248	0.01209	0.25293	0.03629	0.02094	0.04443	0.01298	0.00969	0.00571	0.00519	0.00154	0.02888	0.00441	0.00349	0.00752
1	0.00948	0.07807	0.18898	0.00853	0.01110	0.00804	0.00799	0.01143	0.00978	0.05818	0.04517	0.11142	0.05115	0.33985	0.03647	0.00324	0.00550	0.00713	0.00339	0.00511
2	0.11830	0.04615	0.12340	0.00843	0.01141	0.00841	0.00748	0.01577	0.01066	0.25647	0.01513	0.02127	0.01305	0.30771	0.01278	0.00287	0.00514	0.00550	0.00401	0.00607
3	0.01026	0.00952	0.01524	0.38681	0.18018	0.01079	0.03517	0.03690	0.01138	0.01509	0.04390	0.01972	0.11878	0.00761	0.02833	0.00191	0.05352	0.00578	0.00296	0.00616
4	0.01489	0.01536	0.01592	0.08525	0.05465	0.25460	0.10661	0.13079	0.11269	0.01820	0.03418	0.03180	0.01246	0.00680	0.00543	0.00166	0.00695	0.08132	0.00369	0.00676
5	0.04804	0.17638	0.22428	0.00987	0.01453	0.01118	0.01021	0.01418	0.02338	0.01602	0.07023	0.01368	0.01109	0.00882	0.09244	0.00205	0.00627	0.00404	0.00289	0.24041
6	0.01644	0.11308	0.01709	0.03788	0.03994	0.13162	0.07260	0.23223	0.12396	0.08304	0.01303	0.01444	0.01002	0.00593	0.00499	0.00152	0.00612	0.02710	0.00408	0.04487
7	0.03099	0.06284	0.16193	0.01229	0.05630	0.14626	0.01083	0.05588	0.01389	0.35252	0.01415	0.01389	0.00972	0.00665	0.02717	0.00173	0.00639	0.00442	0.00433	0.00783
8	0.00671	0.00497	0.00630	0.00691	0.00776	0.00456	0.00497	0.00816	0.01158	0.01536	0.20650	0.43484	0.17589	0.01428	0.00648	0.00196	0.00296	0.07032	0.00504	0.00446
9	0.00774	0.00500	0.00660	0.00739	0.00810	0.00463	0.00517	0.00885	0.01057	0.06914	0.04420	0.63578	0.06836	0.03692	0.00708	0.00215	0.00326	0.05956	0.00492	0.00459
10	0.01189	0.01682	0.19404	0.02042	0.02621	0.01294	0.60505	0.01664	0.01201	0.01664	0.01028	0.01339	0.00762	0.00451	0.00589	0.00173	0.00855	0.00565	0.00254	0.00717
11	0.00753	0.00524	0.00664	0.00664	0.00697	0.00557	0.00435	0.00819	0.00786	0.01081	0.01553	0.02922	0.01682	0.53962	0.30098	0.00623	0.00822	0.00686	0.00303	0.00369
12	0.00757	0.00505	0.00568	0.00568	0.00568	0.00505	0.00316	0.00757	0.00757	0.01010	0.01641	0.03408	0.01893	0.81698	0.02651	0.00505	0.00505	0.00757	0.00316	0.00316
13	0.00641	0.00480	0.00596	0.00670	0.00745	0.00434	0.00463	0.00759	0.01095	0.01431	0.11682	0.54634	0.21484	0.01495	0.00647	0.00198	0.00287	0.01330	0.00493	0.00434
14	0.01057	0.00963	0.01280	0.01115	0.01143	0.01262	0.00886	0.04721	0.00884	0.01295	0.01166	0.01905	0.04532	0.21739	0.01845	0.00293	0.52560	0.00563	0.00276	0.00513
15	0.01139	0.01139	0.01595	0.01367	0.01367	0.01595	0.01139	0.01253	0.00798	0.01253	0.00684	0.01139	0.00684	0.00911	0.01709	0.00228	0.80745	0.00456	0.00228	0.00570
16	0.01051	0.01277	0.11400	0.01633	0.02035	0.01068	0.42949	0.01403	0.01076	0.01490	0.01183	0.01760	0.01020	0.12064	0.15856	0.00344	0.00913	0.00596	0.00268	0.00613
17	0.01317	0.00702	0.00861	0.00749	0.00994	0.00631	0.00585	0.06148	0.01387	0.28503	0.13400	0.12640	0.27870	0.01044	0.00583	0.00172	0.00348	0.00884	0.00554	0.00628
18	0.00681	0.00509	0.00635	0.00673	0.00776	0.00464	0.00493	0.00845	0.01218	0.01621	0.28723	0.31237	0.21700	0.01352	0.00640	0.00189	0.00288	0.06988	0.00513	0.00454
19	0.85377	0.01007	0.00765	0.00685	0.01007	0.01168	0.00564	0.01531	0.00886	0.02336	0.00725	0.00846	0.00564	0.00483	0.00322	0.00161	0.00403	0.00282	0.00322	0.00564
20	0.00673	0.00530	0.00607	0.00588	0.00739	0.00464	0.00441	0.00859	0.01323	0.01730	0.39803	0.04480	0.43509	0.01198	0.00615	0.00170	0.00255	0.01025	0.00526	0.00464
21	0.01206	0.15067	0.44438	0.08012	0.04446	0.09503	0.04246	0.01638	0.01123	0.01504	0.00883	0.01083	0.00676	0.00506	0.00518	0.00156	0.03671	0.00382	0.00229	0.00712
22	0.01372	0.32573	0.06692	0.01273	0.01603	0.15306	0.10256	0.01580	0.01087	0.01319	0.00800	0.01042	0.00704	0.00667	0.02894	0.00173	0.19397	0.00385	0.00238	0.00639
23	0.00757	0.00505	0.00568	0.00568	0.00568	0.00505	0.00316	0.00757	0.00757	0.01010	0.01641	0.03408	0.01893	0.81698	0.02651	0.00505	0.00505	0.00757	0.00316	0.00316
24	0.00636	0.00510	0.00570	0.00603	0.00734	0.00444	0.00439	0.00768	0.01157	0.01441	0.10042	0.25698	0.50247	0.01388	0.00632	0.00186	0.00279	0.03294	0.00490	0.00440
25	0.00796	0.00548	0.00698	0.00651	0.00794	0.00497	0.00492	0.01025	0.01437	0.05594	0.64985	0.03939	0.14422	0.01079	0.00610	0.00165	0.00257	0.00943	0.00565	0.00503
26	0.00744	0.00558	0.00837	0.00837	0.00930	0.00651	0.00651	0.00930	0.00837	0.01209	0.01395	0.02046	0.01302	0.03906	0.79635	0.00837	0.01395	0.00558	0.00279	0.00465
27	0.04970	0.07026	0.01527	0.01285	0.01572	0.68549	0.00983	0.05527	0.01475	0.01405	0.00818	0.00944	0.00677	0.00534	0.00459	0.00135	0.00880	0.00336	0.00279	0.00619
28	0.28625	0.01026	0.01079	0.00913	0.01201	0.01153	0.00742	0.24945	0.01372	0.02255	0.01083	0.01323	0.00882	0.01468	0.22051	0.00341	0.03186	0.00423	0.00369	0.05564
29	0.01528	0.52289	0.02225	0.01029	0.01399	0.26319	0.00913	0.01686	0.01176	0.01240	0.00789	0.00939	0.00706	0.00676	0.05010	0.00161	0.00726	0.00313	0.00240	0.00636
30	0.01374	0.17351	0.28259	0.01099	0.01576	0.01213	0.01172	0.04999	0.01247	0.17759	0.06512	0.01704	0.07531	0.00652	0.00559	0.00158	0.05247	0.00497	0.00368	0.00722
31	0.00789	0.00707	0.00698	0.00771	0.00850	0.09904	0.00534	0.00890	0.01081	0.01334	0.02964	0.60898	0.13726	0.01456	0.00634	0.00197	0.00373	0.01289	0.00458	0.00447
32	0.01412	0.05144	0.01532	0.01120	0.01537	0.11267	0.09853	0.12520	0.10210	0.03889	0.01130	0.01231	0.00880	0.00493	0.00461	0.00123	0.00556	0.00408	0.00359	0.35874
33	0.18299	0.02784	0.31826	0.01118	0.01564	0.01039	0.04498	0.04975	0.01108	0.01777	0.01468	0.06544	0.04862	0.04629	0.03501	0.00215	0.00616	0.08228	0.00319	0.00630
34	0.01416	0.04839	0.13284	0.01331	0.01709	0.13478	0.15014	0.05252	0.05276	0.11686	0.02787	0.04189	0.07443	0.00684	0.00660	0.00169	0.09179	0.00559	0.00358	0.00686

[dist]
# distance from previous block
# <min> <max>
4	7

[block]
# block no. 10 follows, 47 sequences, length 20
# corresponding to MSA columns:
# 808-827
name=unknown_K
#
# <colnr> <probs for GDERKNQSTAVLIFYWHMCP>
#	G	D	E	R	K	N	Q	S	T	A	V	L	I	F	Y	W	H	M	C	P
0	0.00792	0.00604	0.00793	0.07668	0.01110	0.00625	0.00641	0.04068	0.07960	0.01500	0.02562	0.59100	0.02907	0.01399	0.00638	0.00205	0.00369	0.06098	0.00467	0.00495
1	0.04119	0.17710	0.10895	0.05240	0.11558	0.13837	0.05662	0.04420	0.01157	0.01490	0.00986	0.01274	0.00835	0.01209	0.17135	0.00290	0.00849	0.00420	0.00264	0.00650
2	0.01255	0.01282	0.04576	0.38705	0.12561	0.09301	0.01344	0.09533	0.01221	0.01583	0.00919	0.01266	0.00726	0.00585	0.00695	0.00173	0.12909	0.00447	0.00269	0.00652
3	0.01138	0.00961	0.01262	0.01335	0.12891	0.01113	0.00900	0.03031	0.23290	0.04103	0.01593	0.06121	0.02768	0.11783	0.08327	0.00289	0.17463	0.00613	0.00374	0.00645
4	0.30341	0.08789	0.01368	0.01155	0.04536	0.42933	0.00870	0.01828	0.01227	0.01650	0.00778	0.00913	0.00640	0.00508	0.00410	0.00142	0.00710	0.00318	0.00282	0.00605
5	0.00645	0.00529	0.00573	0.00587	0.00744	0.00456	0.00446	0.00793	0.01199	0.01470	0.10913	0.10197	0.60832	0.01329	0.00627	0.00183	0.00283	0.07257	0.00491	0.00446
6	0.01187	0.01186	0.01729	0.19610	0.23734	0.05286	0.01332	0.01410	0.00996	0.01399	0.00828	0.01228	0.00725	0.00678	0.01042	0.00190	0.36101	0.00454	0.00239	0.00646
7	0.00653	0.00492	0.00605	0.00655	0.00747	0.00443	0.00462	0.00791	0.01159	0.01527	0.21050	0.42682	0.24010	0.01415	0.00640	0.00191	0.00279	0.01252	0.00504	0.00443
8	0.01324	0.01425	0.01498	0.01280	0.01489	0.25853	0.10814	0.05849	0.01190	0.01436	0.02605	0.01452	0.00982	0.01639	0.25050	0.00373	0.14393	0.00481	0.00285	0.00582
9	0.21125	0.00831	0.00887	0.00809	0.01036	0.00868	0.00622	0.15705	0.01338	0.09835	0.05999	0.29374	0.07535	0.01015	0.00536	0.00179	0.00387	0.00851	0.00473	0.00597
10	0.00648	0.00463	0.00620	0.00740	0.00777	0.00435	0.00507	0.00748	0.01010	0.01344	0.02863	0.76412	0.03415	0.01619	0.00668	0.00213	0.00314	0.06294	0.00483	0.00427
11	0.01080	0.00926	0.01080	0.00771	0.01234	0.00694	0.00617	0.01311	0.01080	0.01697	0.00926	0.01080	0.00771	0.00386	0.00386	0.00077	0.00386	0.00309	0.00309	0.84882
12	0.00753	0.00523	0.00660	0.00660	0.00691	0.00555	0.00430	0.00816	0.00784	0.01078	0.01557	0.02943	0.01691	0.55152	0.28921	0.00618	0.00809	0.00689	0.00303	0.00367
13	0.01945	0.02482	0.01476	0.01342	0.01610	0.79608	0.01006	0.02079	0.01476	0.01275	0.00805	0.00939	0.00671	0.00537	0.00470	0.00134	0.00939	0.00335	0.00268	0.00604
14	0.00757	0.00505	0.00568	0.00568	0.00568	0.00505	0.00316	0.00757	0.00757	0.01010	0.01641	0.03408	0.01893	0.81698	0.02651	0.00505	0.00505	0.00757	0.00316	0.00316
15	0.01080	0.00926	0.01080	0.00771	0.01234	0.00694	0.00617	0.01311	0.01080	0.01697	0.00926	0.01080	0.00771	0.00386	0.00386	0.00077	0.00386	0.00309	0.00309	0.84882
16	0.00745	0.00505	0.00593	0.00604	0.00615	0.00510	0.00358	0.00769	0.00785	0.01055	0.01731	0.10312	0.01984	0.68076	0.08821	0.00506	0.00560	0.00806	0.00328	0.00338
17	0.01396	0.15560	0.03818	0.10977	0.01707	0.01205	0.07502	0.10477	0.08605	0.13962	0.04494	0.08738	0.01425	0.00710	0.00518	0.00162	0.00534	0.04381	0.00411	0.03418
18	0.01147	0.01123	0.01667	0.03910	0.01706	0.09114	0.25606	0.09762	0.01302	0.01667	0.01853	0.21949	0.05596	0.01069	0.04791	0.00218	0.00668	0.05881	0.00374	0.00597
