[name]
unknown

[dist]
# distance from previous block
# <min> <max>
2	435

[block]
# block no. 0 follows, 52 sequences, length 14
# corresponding to MSA columns:
# 436-449
name=unknown_A
#
# <colnr> <probs for GDERKNQSTAVLIFYWHMCP>
#	G	D	E	R	K	N	Q	S	T	A	V	L	I	F	Y	W	H	M	C	P
0	0.00869	0.00748	0.01142	0.01580	0.32740	0.00729	0.00873	0.01054	0.01046	0.01421	0.06849	0.18965	0.12945	0.08961	0.00739	0.00197	0.00426	0.07814	0.00354	0.00546
1	0.00911	0.00588	0.00762	0.00808	0.04577	0.00560	0.00552	0.03904	0.04614	0.11510	0.13220	0.41199	0.09386	0.04262	0.00644	0.00186	0.00322	0.01022	0.00468	0.00505
2	0.01589	0.01048	0.01086	0.00909	0.01184	0.12251	0.00725	0.18113	0.01542	0.28054	0.19120	0.05143	0.01948	0.00740	0.00512	0.00151	0.00459	0.04258	0.00497	0.00670
3	0.06288	0.04890	0.01139	0.00865	0.01174	0.01081	0.00706	0.33540	0.06876	0.12036	0.01663	0.04423	0.07461	0.00648	0.00455	0.00142	0.00419	0.00509	0.11770	0.03917
4	0.05485	0.04897	0.01171	0.00922	0.01220	0.03805	0.00748	0.22881	0.11618	0.22987	0.04601	0.10295	0.01483	0.00737	0.00496	0.00157	0.00442	0.04868	0.00483	0.00704
5	0.06804	0.01001	0.01454	0.34078	0.21311	0.01124	0.01162	0.13362	0.04772	0.04734	0.01033	0.01278	0.00783	0.00500	0.00465	0.00151	0.00553	0.00429	0.04350	0.00655
6	0.01303	0.01195	0.01143	0.01061	0.03727	0.18390	0.00810	0.09294	0.15760	0.05831	0.05205	0.05175	0.04875	0.00753	0.00652	0.00161	0.12134	0.06201	0.05721	0.00608
7	0.22811	0.00797	0.00927	0.04635	0.11096	0.00834	0.00675	0.05825	0.01111	0.15206	0.01266	0.01385	0.00942	0.00522	0.00387	0.00137	0.00376	0.00406	0.30064	0.00599
8	0.00598	0.00461	0.00530	0.00573	0.00665	0.00411	0.00398	0.00698	0.01007	0.01273	0.07039	0.35709	0.38237	0.09181	0.00773	0.00206	0.00281	0.01128	0.00439	0.00394
9	0.01068	0.01000	0.01663	0.13538	0.55560	0.01022	0.01297	0.01344	0.01105	0.01539	0.06859	0.01771	0.05932	0.00565	0.00500	0.00151	0.00535	0.03597	0.00279	0.00679
10	0.00810	0.00624	0.00974	0.00852	0.00974	0.00594	0.13876	0.00925	0.00902	0.04331	0.01959	0.20775	0.06687	0.38262	0.01444	0.00312	0.00471	0.04466	0.00349	0.00414
11	0.00703	0.00505	0.00659	0.00740	0.00809	0.00491	0.00542	0.05137	0.01059	0.01411	0.05690	0.59560	0.03044	0.01408	0.00619	0.00197	0.00326	0.16214	0.00454	0.00431
12	0.01148	0.01297	0.02799	0.02106	0.07786	0.01220	0.72982	0.01548	0.01141	0.01554	0.00976	0.01300	0.00737	0.00410	0.00566	0.00162	0.00801	0.00562	0.00245	0.00661
13	0.00741	0.00514	0.00673	0.00701	0.00796	0.00498	0.00534	0.00903	0.01116	0.04577	0.24963	0.28903	0.09820	0.02795	0.00668	0.00188	0.03142	0.15453	0.02568	0.00444

[dist]
# distance from previous block
# <min> <max>
11	30

[block]
# block no. 1 follows, 52 sequences, length 86
# corresponding to MSA columns:
# 484-569
name=unknown_B
#
# <colnr> <probs for GDERKNQSTAVLIFYWHMCP>
#	G	D	E	R	K	N	Q	S	T	A	V	L	I	F	Y	W	H	M	C	P
0	0.00731	0.00670	0.04900	0.09718	0.01162	0.00587	0.04274	0.00975	0.01240	0.01716	0.50852	0.10063	0.09342	0.00944	0.00560	0.00159	0.00333	0.00841	0.00454	0.00480
1	0.00950	0.00916	0.01530	0.65009	0.02970	0.01149	0.05227	0.01243	0.00942	0.01243	0.00832	0.01256	0.00649	0.00538	0.00664	0.00170	0.13518	0.00437	0.00216	0.00543
2	0.01041	0.01026	0.01496	0.12938	0.06709	0.01385	0.01119	0.01191	0.00799	0.01203	0.00701	0.01121	0.00659	0.00829	0.03069	0.00213	0.63315	0.00428	0.00215	0.00545
3	0.00891	0.00830	0.01358	0.69006	0.02947	0.01025	0.01230	0.01189	0.00991	0.01284	0.06194	0.01587	0.04498	0.00569	0.00546	0.00163	0.04432	0.00486	0.00247	0.00527
4	0.01105	0.01213	0.02073	0.23970	0.02451	0.09957	0.40624	0.01424	0.01096	0.01382	0.01134	0.01508	0.04468	0.04697	0.00629	0.00174	0.00731	0.00532	0.00249	0.00581
5	0.01286	0.01232	0.01158	0.05157	0.01404	0.13806	0.00823	0.02406	0.62808	0.01854	0.01722	0.01634	0.01302	0.00624	0.00484	0.00158	0.00474	0.00505	0.00440	0.00723
6	0.01168	0.01119	0.01910	0.11717	0.71450	0.01143	0.01472	0.01460	0.01089	0.01545	0.00906	0.01210	0.00754	0.00438	0.00480	0.00146	0.00584	0.00432	0.00237	0.00742
7	0.01060	0.01060	0.01484	0.01272	0.01272	0.01484	0.01060	0.01166	0.00742	0.01166	0.00636	0.01060	0.00636	0.00848	0.01590	0.00212	0.82082	0.00424	0.00212	0.00530
8	0.00830	0.00425	0.00622	0.00622	0.00622	0.00425	0.00410	0.00638	0.00638	0.00850	0.00902	0.01623	0.00923	0.08877	0.01945	0.78340	0.00425	0.00446	0.00218	0.00218
9	0.01398	0.31712	0.03652	0.03885	0.19166	0.20500	0.07429	0.01611	0.01132	0.04137	0.00824	0.00990	0.00686	0.00448	0.00415	0.00127	0.00645	0.00352	0.00242	0.00650
10	0.01005	0.00861	0.01005	0.00718	0.01148	0.00646	0.00574	0.01220	0.01005	0.01579	0.00861	0.01005	0.00718	0.00359	0.00359	0.00072	0.00359	0.00287	0.00287	0.85932
11	0.01124	0.01593	0.27142	0.02421	0.51443	0.01147	0.05127	0.01505	0.01080	0.01566	0.00901	0.01148	0.00717	0.00440	0.00478	0.00148	0.00632	0.00415	0.00229	0.00746
12	0.00764	0.00448	0.00573	0.00573	0.00573	0.00448	0.00349	0.00673	0.00673	0.00897	0.01228	0.02431	0.01361	0.47541	0.02217	0.37705	0.00448	0.00581	0.00257	0.00257
13	0.01185	0.01137	0.01941	0.07003	0.76032	0.01148	0.01480	0.01475	0.01097	0.01566	0.00909	0.01204	0.00761	0.00434	0.00480	0.00145	0.00579	0.00432	0.00239	0.00756
14	0.00990	0.00920	0.01554	0.55728	0.24510	0.01064	0.01338	0.01276	0.00989	0.01314	0.00874	0.01275	0.00690	0.00531	0.00555	0.04538	0.00615	0.00430	0.00222	0.00585
15	0.00619	0.00450	0.00620	0.00705	0.00745	0.00424	0.02129	0.00711	0.00927	0.01234	0.02555	0.72069	0.03038	0.06816	0.00741	0.00215	0.00313	0.04859	0.00435	0.00395
16	0.00915	0.00861	0.01453	0.81804	0.03338	0.01077	0.01346	0.01238	0.00969	0.01238	0.00861	0.01292	0.00646	0.00484	0.00484	0.00161	0.00646	0.00431	0.00215	0.00538
17	0.05157	0.01083	0.01694	0.11602	0.51477	0.01123	0.01284	0.05529	0.06262	0.08509	0.01064	0.01268	0.00829	0.00476	0.00474	0.00148	0.00546	0.00437	0.00300	0.00738
18	0.01223	0.01109	0.09288	0.01463	0.05752	0.00915	0.32717	0.01519	0.01130	0.17993	0.01535	0.17861	0.01368	0.01970	0.00579	0.00171	0.00591	0.01816	0.00360	0.00640
19	0.01199	0.01151	0.01967	0.02974	0.79946	0.01151	0.01487	0.01487	0.01103	0.01583	0.00912	0.01199	0.00768	0.00432	0.00480	0.00144	0.00576	0.00432	0.00240	0.00768
20	0.00693	0.00477	0.00554	0.00549	0.00580	0.00470	0.00336	0.00742	0.00834	0.01122	0.13437	0.03284	0.07263	0.62063	0.05316	0.00415	0.00453	0.00744	0.00338	0.00331
21	0.00642	0.00494	0.00587	0.00564	0.00697	0.00439	0.00423	0.00829	0.01268	0.01697	0.50647	0.04025	0.33769	0.01083	0.00572	0.00157	0.00235	0.00933	0.00501	0.00439
22	0.01199	0.01151	0.01967	0.02974	0.79946	0.01151	0.01487	0.01487	0.01103	0.01583	0.00912	0.01199	0.00768	0.00432	0.00480	0.00144	0.00576	0.00432	0.00240	0.00768
23	0.00656	0.00511	0.00608	0.00647	0.00782	0.00463	0.00520	0.00821	0.01128	0.01420	0.11874	0.08621	0.42219	0.01254	0.00607	0.00184	0.00313	0.26488	0.00458	0.00426
24	0.01216	0.60327	0.20590	0.01067	0.05463	0.01695	0.01086	0.01472	0.01000	0.01254	0.00731	0.00856	0.00627	0.00426	0.00354	0.00117	0.00567	0.00291	0.00208	0.00651
25	0.00592	0.00453	0.00543	0.00601	0.00687	0.00405	0.00420	0.00702	0.01030	0.01323	0.09945	0.47202	0.31621	0.01366	0.00598	0.00181	0.00264	0.01204	0.00457	0.00405
26	0.01005	0.00861	0.01005	0.00718	0.01148	0.00646	0.00574	0.01220	0.01005	0.01579	0.00861	0.01005	0.00718	0.00359	0.00359	0.00072	0.00359	0.00287	0.00287	0.85932
27	0.01747	0.12274	0.01517	0.01197	0.01467	0.71287	0.00923	0.01876	0.01325	0.01180	0.00740	0.00862	0.00624	0.00489	0.00421	0.00122	0.00830	0.00306	0.00244	0.00569
28	0.00629	0.00448	0.00573	0.00649	0.00689	0.00423	0.00439	0.00718	0.00936	0.01245	0.07597	0.54027	0.06601	0.16578	0.00960	0.00245	0.00322	0.06111	0.00426	0.00383
29	0.01431	0.01698	0.01528	0.22844	0.02048	0.44056	0.07326	0.01630	0.01174	0.01227	0.00785	0.01042	0.00640	0.00528	0.00593	0.00148	0.10130	0.00378	0.00236	0.00559
30	0.00976	0.02476	0.78487	0.01398	0.02108	0.01128	0.03731	0.01535	0.01026	0.01535	0.00872	0.01030	0.00617	0.00459	0.00463	0.00154	0.00719	0.00364	0.00206	0.00715
31	0.01219	0.07122	0.01919	0.10412	0.61647	0.06427	0.01390	0.01490	0.01099	0.01492	0.00879	0.01157	0.00736	0.00440	0.00465	0.00141	0.00598	0.00411	0.00236	0.00721
32	0.01331	0.00902	0.01243	0.00944	0.01308	0.00799	0.10089	0.06477	0.06297	0.20800	0.03440	0.05144	0.01159	0.04414	0.00550	0.00139	0.00439	0.00482	0.00398	0.33646
33	0.15179	0.10884	0.36694	0.01211	0.03772	0.06524	0.04315	0.10538	0.01175	0.04213	0.00881	0.01000	0.00653	0.00472	0.00425	0.00145	0.00618	0.00352	0.00271	0.00679
34	0.01201	0.57981	0.24776	0.00991	0.01488	0.01672	0.01102	0.01505	0.03079	0.01277	0.00764	0.00875	0.00642	0.00434	0.00359	0.00120	0.00571	0.00295	0.00214	0.00653
35	0.00600	0.00448	0.00556	0.00636	0.00703	0.00409	0.00443	0.00701	0.00984	0.01271	0.04369	0.56088	0.22473	0.03156	0.00648	0.00195	0.00284	0.05189	0.00448	0.00399
36	0.01527	0.01190	0.01280	0.01021	0.01378	0.01294	0.00826	0.43892	0.26579	0.02530	0.01381	0.01348	0.01019	0.00576	0.00471	0.00142	0.00462	0.00452	0.00461	0.12173
37	0.01116	0.01246	0.07934	0.02152	0.31813	0.01093	0.31039	0.01460	0.01105	0.01559	0.01039	0.01489	0.00871	0.00477	0.00515	0.00151	0.00651	0.05457	0.00257	0.08577
38	0.01074	0.26482	0.54052	0.01230	0.01838	0.01370	0.03221	0.01503	0.01009	0.01411	0.00810	0.00957	0.00619	0.00453	0.00439	0.00140	0.02166	0.00335	0.00206	0.00683
39	0.01009	0.02247	0.63669	0.01524	0.02192	0.01147	0.18320	0.01538	0.01049	0.01538	0.00894	0.01085	0.00640	0.00449	0.00485	0.00156	0.00738	0.00404	0.00213	0.00703
40	0.00770	0.00614	0.00908	0.04662	0.06245	0.00603	0.04376	0.00974	0.01084	0.01410	0.04087	0.16134	0.14306	0.01200	0.00620	0.00198	0.00422	0.40503	0.00415	0.00468
41	0.01047	0.00996	0.01691	0.45341	0.38773	0.01111	0.01411	0.01353	0.01031	0.01398	0.00885	0.01249	0.00702	0.00460	0.00482	0.00153	0.00613	0.00431	0.00227	0.00644
42	0.01579	0.01241	0.01439	0.03829	0.11980	0.01373	0.00974	0.48035	0.19970	0.02562	0.01309	0.01322	0.00964	0.00576	0.00486	0.00150	0.00508	0.00462	0.00446	0.00794
43	0.00944	0.00891	0.01506	0.73696	0.11217	0.01084	0.01360	0.01264	0.00983	0.01274	0.00866	0.01282	0.00659	0.00479	0.00484	0.00160	0.00639	0.00431	0.00218	0.00562
44	0.00740	0.00529	0.00734	0.00846	0.00940	0.00523	0.00710	0.00934	0.01075	0.01405	0.02588	0.21973	0.02878	0.01377	0.00658	0.00217	0.00411	0.60579	0.00447	0.00435
45	0.01179	0.01131	0.01931	0.08529	0.74548	0.01146	0.01477	0.01470	0.01094	0.01559	0.00908	0.01206	0.00759	0.00435	0.00480	0.00145	0.00581	0.00432	0.00238	0.00751
46	0.00997	0.02356	0.71754	0.01558	0.10731	0.01128	0.01757	0.01529	0.01032	0.01540	0.00874	0.01043	0.00631	0.00457	0.00463	0.00152	0.00701	0.00366	0.00209	0.00722
47	0.00915	0.00861	0.01453	0.81804	0.03338	0.01077	0.01346	0.01238	0.00969	0.01238	0.00861	0.01292	0.00646	0.00484	0.00484	0.00161	0.00646	0.00431	0.00215	0.00538
48	0.86392	0.00937	0.00712	0.00637	0.00937	0.01087	0.00525	0.01425	0.00825	0.02174	0.00675	0.00787	0.00525	0.00450	0.00300	0.00150	0.00375	0.00262	0.00300	0.00525
49	0.00639	0.00483	0.00587	0.00584	0.00696	0.00437	0.00426	0.00806	0.01192	0.01600	0.41964	0.15198	0.26507	0.04318	0.02217	0.00186	0.00271	0.00978	0.00482	0.00427
50	0.00859	0.00498	0.00669	0.00711	0.00802	0.00461	0.00507	0.00971	0.01017	0.13748	0.05247	0.59456	0.02839	0.03458	0.02306	0.00208	0.00334	0.04976	0.00468	0.00465
51	0.01005	0.00861	0.01005	0.00718	0.01148	0.00646	0.00574	0.01220	0.01005	0.01579	0.00861	0.01005	0.00718	0.00359	0.00359	0.00072	0.00359	0.00287	0.00287	0.85932
52	0.01005	0.00861	0.01005	0.00718	0.01148	0.00646	0.00574	0.01220	0.01005	0.01579	0.00861	0.01005	0.00718	0.00359	0.00359	0.00072	0.00359	0.00287	0.00287	0.85932
53	0.00915	0.00861	0.01453	0.81804	0.03338	0.01077	0.01346	0.01238	0.00969	0.01238	0.00861	0.01292	0.00646	0.00484	0.00484	0.00161	0.00646	0.00431	0.00215	0.00538
54	0.01005	0.00861	0.01005	0.00718	0.01148	0.00646	0.00574	0.01220	0.01005	0.01579	0.00861	0.01005	0.00718	0.00359	0.00359	0.00072	0.00359	0.00287	0.00287	0.85932
55	0.00818	0.00436	0.00655	0.00655	0.00668	0.00450	0.00450	0.00668	0.00655	0.00886	0.00914	0.01541	0.00900	0.01992	0.14396	0.72456	0.00559	0.00436	0.00218	0.00246
56	0.00694	0.00496	0.00681	0.00793	0.00866	0.00483	0.00630	0.00854	0.01030	0.01353	0.02614	0.40730	0.02979	0.01421	0.00646	0.00211	0.00371	0.42280	0.00448	0.00422
57	0.00972	0.02507	0.80458	0.01381	0.02097	0.01125	0.01790	0.01535	0.01023	0.01535	0.00870	0.01023	0.00614	0.00460	0.00460	0.00153	0.00716	0.00358	0.00205	0.00716
58	0.00915	0.00861	0.01453	0.81804	0.03338	0.01077	0.01346	0.01238	0.00969	0.01238	0.00861	0.01292	0.00646	0.00484	0.00484	0.00161	0.00646	0.00431	0.00215	0.00538
59	0.01005	0.00861	0.01005	0.00718	0.01148	0.00646	0.00574	0.01220	0.01005	0.01579	0.00861	0.01005	0.00718	0.00359	0.00359	0.00072	0.00359	0.00287	0.00287	0.85932
60	0.00705	0.00470	0.00529	0.00529	0.00529	0.00470	0.00294	0.00705	0.00705	0.00940	0.01527	0.03171	0.01762	0.82969	0.02467	0.00470	0.00470	0.00705	0.00294	0.00294
61	0.00896	0.00819	0.01170	0.01053	0.01091	0.01093	0.00858	0.01032	0.00758	0.01148	0.00931	0.01436	0.00892	0.02088	0.36957	0.00464	0.46125	0.00466	0.00233	0.00487
62	0.00573	0.00491	0.00491	0.00491	0.00655	0.00409	0.00368	0.00695	0.01105	0.01309	0.04909	0.04664	0.79750	0.01227	0.00573	0.00164	0.00245	0.01023	0.00450	0.00409
63	0.01864	0.01323	0.01433	0.01098	0.01485	0.01451	0.00907	0.73359	0.02220	0.08108	0.01212	0.01195	0.00849	0.00583	0.00485	0.00146	0.00525	0.00440	0.00492	0.00824
64	0.01029	0.00573	0.00586	0.00540	0.00690	0.00592	0.00417	0.11439	0.01185	0.01973	0.01525	0.01721	0.01186	0.00567	0.00358	0.00117	0.00267	0.00450	0.74284	0.00501
65	0.01205	0.01041	0.01096	0.00986	0.01260	0.01205	0.00767	0.02575	0.79071	0.02027	0.01972	0.01808	0.01479	0.00657	0.00493	0.00164	0.00384	0.00548	0.00493	0.00767
66	0.86392	0.00937	0.00712	0.00637	0.00937	0.01087	0.00525	0.01425	0.00825	0.02174	0.00675	0.00787	0.00525	0.00450	0.00300	0.00150	0.00375	0.00262	0.00300	0.00525
67	0.86392	0.00937	0.00712	0.00637	0.00937	0.01087	0.00525	0.01425	0.00825	0.02174	0.00675	0.00787	0.00525	0.00450	0.00300	0.00150	0.00375	0.00262	0.00300	0.00525
68	0.00634	0.00518	0.00563	0.00547	0.00702	0.00460	0.00412	0.00845	0.04847	0.01519	0.25553	0.04239	0.55175	0.01135	0.00569	0.00161	0.00247	0.00960	0.00475	0.00439
69	0.00705	0.00470	0.00529	0.00529	0.00529	0.00470	0.00294	0.00705	0.00705	0.00940	0.01527	0.03171	0.01762	0.82969	0.02467	0.00470	0.00470	0.00705	0.00294	0.00294
70	0.00972	0.02507	0.80458	0.01381	0.02097	0.01125	0.01790	0.01535	0.01023	0.01535	0.00870	0.01023	0.00614	0.00460	0.00460	0.00153	0.00716	0.00358	0.00205	0.00716
71	0.01462	0.00847	0.01052	0.00774	0.01183	0.00672	0.00628	0.01667	0.01154	0.32363	0.01272	0.01257	0.00906	0.00453	0.00409	0.00102	0.00380	0.00365	0.00409	0.52643
72	0.00692	0.00519	0.00779	0.00779	0.00865	0.00606	0.00606	0.00865	0.00779	0.01125	0.01298	0.01904	0.01211	0.03634	0.81049	0.00779	0.01298	0.00519	0.00260	0.00433
73	0.00779	0.00567	0.00709	0.00670	0.00795	0.00513	0.00495	0.00973	0.01410	0.01986	0.74108	0.03776	0.09142	0.01060	0.00611	0.00170	0.00265	0.00909	0.00557	0.00505
74	0.01005	0.00861	0.01005	0.00718	0.01148	0.00646	0.00574	0.01220	0.01005	0.01579	0.00861	0.01005	0.00718	0.00359	0.00359	0.00072	0.00359	0.00287	0.00287	0.85932
75	0.01005	0.00861	0.01005	0.00718	0.01148	0.00646	0.00574	0.01220	0.01005	0.01579	0.00861	0.01005	0.00718	0.00359	0.00359	0.00072	0.00359	0.00287	0.00287	0.85932
76	0.00972	0.02507	0.80458	0.01381	0.02097	0.01125	0.01790	0.01535	0.01023	0.01535	0.00870	0.01023	0.00614	0.00460	0.00460	0.00153	0.00716	0.00358	0.00205	0.00716
77	0.86392	0.00937	0.00712	0.00637	0.00937	0.01087	0.00525	0.01425	0.00825	0.02174	0.00675	0.00787	0.00525	0.00450	0.00300	0.00150	0.00375	0.00262	0.00300	0.00525
78	0.01296	0.83261	0.02539	0.00829	0.01244	0.01917	0.00829	0.01451	0.00985	0.01140	0.00674	0.00777	0.00622	0.00415	0.00311	0.00104	0.00518	0.00259	0.00207	0.00622
79	0.86392	0.00937	0.00712	0.00637	0.00937	0.01087	0.00525	0.01425	0.00825	0.02174	0.00675	0.00787	0.00525	0.00450	0.00300	0.00150	0.00375	0.00262	0.00300	0.00525
80	0.01140	0.01091	0.01859	0.19511	0.63876	0.01136	0.01458	0.01435	0.01075	0.01511	0.00901	0.01219	0.00742	0.00443	0.00481	0.00148	0.00590	0.00432	0.00235	0.00720
81	0.00999	0.00873	0.01370	0.06139	0.37416	0.00891	0.01105	0.01333	0.06228	0.01583	0.08810	0.02872	0.01825	0.00799	0.00552	0.00173	0.00492	0.25567	0.00350	0.00621
82	0.01842	0.01357	0.01454	0.01115	0.01503	0.01503	0.00921	0.78330	0.02278	0.03054	0.01163	0.01163	0.00824	0.00582	0.00485	0.00145	0.00533	0.00436	0.00485	0.00824
83	0.01247	0.00745	0.00856	0.00729	0.00956	0.00720	0.00560	0.17328	0.01344	0.20711	0.02722	0.07983	0.26990	0.13893	0.00836	0.00207	0.00384	0.00743	0.00469	0.00577
84	0.00595	0.00492	0.00522	0.00514	0.00668	0.00419	0.00386	0.00739	0.01157	0.01434	0.19617	0.04458	0.64964	0.01181	0.00573	0.00161	0.00242	0.00994	0.00466	0.00419
85	0.01692	0.01301	0.01508	0.01399	0.13874	0.01425	0.00999	0.60398	0.07968	0.02743	0.01186	0.01218	0.00865	0.00564	0.00485	0.00147	0.00529	0.00444	0.00447	0.00811

[dist]
# distance from previous block
# <min> <max>
0	1

[block]
# block no. 2 follows, 52 sequences, length 188
# corresponding to MSA columns:
# 571-626,628-759
name=unknown_C
#
# <colnr> <probs for GDERKNQSTAVLIFYWHMCP>
#	G	D	E	R	K	N	Q	S	T	A	V	L	I	F	Y	W	H	M	C	P
0	0.15011	0.01521	0.27164	0.01053	0.01512	0.01118	0.01078	0.20154	0.06488	0.14397	0.05015	0.01296	0.00993	0.00549	0.00452	0.00151	0.00524	0.00420	0.00384	0.00719
1	0.74774	0.00877	0.00704	0.00634	0.00908	0.01002	0.00516	0.01355	0.00899	0.02143	0.11386	0.01171	0.01074	0.00523	0.00337	0.00150	0.00355	0.00346	0.00332	0.00516
2	0.02016	0.00796	0.01071	0.00839	0.01188	0.00693	0.00686	0.02217	0.02683	0.71932	0.02080	0.05358	0.04800	0.00669	0.00497	0.00153	0.00399	0.00552	0.00585	0.00786
3	0.01199	0.01151	0.01967	0.02974	0.79946	0.01151	0.01487	0.01487	0.01103	0.01583	0.00912	0.01199	0.00768	0.00432	0.00480	0.00144	0.00576	0.00432	0.00240	0.00768
4	0.01177	0.01391	0.09664	0.01929	0.02433	0.01193	0.67780	0.01589	0.01144	0.05237	0.01014	0.01298	0.00746	0.00422	0.00558	0.00162	0.00789	0.00549	0.00258	0.00667
5	0.01235	0.01140	0.01936	0.02898	0.77097	0.01136	0.01459	0.01519	0.01114	0.04432	0.00948	0.01216	0.00783	0.00438	0.00480	0.00144	0.00570	0.00434	0.00253	0.00770
6	0.04476	0.00495	0.00572	0.00597	0.00678	0.00470	0.00403	0.00802	0.00916	0.04734	0.02707	0.31494	0.20637	0.25524	0.03075	0.00280	0.00363	0.00985	0.00399	0.00394
7	0.00966	0.02465	0.78821	0.01365	0.02069	0.01112	0.01763	0.01522	0.01030	0.01543	0.02487	0.01076	0.00695	0.00471	0.00463	0.00153	0.00706	0.00369	0.00211	0.00711
8	0.00804	0.00667	0.01085	0.00895	0.01013	0.00646	0.18837	0.00905	0.00819	0.01099	0.01448	0.06255	0.01582	0.59707	0.01934	0.00385	0.00544	0.00703	0.00289	0.00384
9	0.00600	0.00433	0.00569	0.00659	0.00703	0.00402	0.00447	0.00703	0.00986	0.01320	0.11466	0.70144	0.06882	0.01445	0.00611	0.00190	0.00274	0.01305	0.00459	0.00402
10	0.00972	0.02507	0.80458	0.01381	0.02097	0.01125	0.01790	0.01535	0.01023	0.01535	0.00870	0.01023	0.00614	0.00460	0.00460	0.00153	0.00716	0.00358	0.00205	0.00716
11	0.01199	0.01151	0.01967	0.02974	0.79946	0.01151	0.01487	0.01487	0.01103	0.01583	0.00912	0.01199	0.00768	0.00432	0.00480	0.00144	0.00576	0.00432	0.00240	0.00768
12	0.01199	0.01151	0.01967	0.02974	0.79946	0.01151	0.01487	0.01487	0.01103	0.01583	0.00912	0.01199	0.00768	0.00432	0.00480	0.00144	0.00576	0.00432	0.00240	0.00768
13	0.13124	0.01211	0.01252	0.01014	0.01358	0.01362	0.00824	0.46516	0.23764	0.02645	0.01326	0.01294	0.00969	0.00585	0.00462	0.00151	0.00470	0.00444	0.00462	0.00767
14	0.01199	0.01151	0.01967	0.02974	0.79946	0.01151	0.01487	0.01487	0.01103	0.01583	0.00912	0.01199	0.00768	0.00432	0.00480	0.00144	0.00576	0.00432	0.00240	0.00768
15	0.01842	0.01357	0.01454	0.01115	0.01503	0.01503	0.00921	0.78330	0.02278	0.03054	0.01163	0.01163	0.00824	0.00582	0.00485	0.00145	0.00533	0.00436	0.00485	0.00824
16	0.00727	0.00503	0.00697	0.00786	0.00865	0.00492	0.00631	0.00874	0.01044	0.01382	0.09190	0.25804	0.02885	0.01387	0.00756	0.07813	0.00380	0.42938	0.00434	0.00412
17	0.00758	0.00551	0.00746	0.00846	0.00948	0.00551	0.00706	0.01002	0.04558	0.01430	0.02599	0.21018	0.04076	0.01343	0.00650	0.00214	0.00407	0.56701	0.00449	0.00449
18	0.02174	0.00825	0.01125	0.00862	0.01237	0.00712	0.00712	0.02362	0.01387	0.80282	0.01912	0.01649	0.01200	0.00600	0.00487	0.00150	0.00412	0.00487	0.00600	0.00825
19	0.00647	0.00491	0.00596	0.00576	0.00702	0.00440	0.00430	0.00836	0.01269	0.01716	0.53141	0.07578	0.27636	0.01088	0.00574	0.00158	0.00236	0.00944	0.00504	0.00440
20	0.00915	0.00861	0.01453	0.81804	0.03338	0.01077	0.01346	0.01238	0.00969	0.01238	0.00861	0.01292	0.00646	0.00484	0.00484	0.00161	0.00646	0.00431	0.00215	0.00538
21	0.01199	0.01151	0.01967	0.02974	0.79946	0.01151	0.01487	0.01487	0.01103	0.01583	0.00912	0.01199	0.00768	0.00432	0.00480	0.00144	0.00576	0.00432	0.00240	0.00768
22	0.00573	0.00491	0.00491	0.00491	0.00655	0.00409	0.00368	0.00695	0.01105	0.01309	0.04909	0.04664	0.79750	0.01227	0.00573	0.00164	0.00245	0.01023	0.00450	0.00409
23	0.00915	0.00861	0.01453	0.81804	0.03338	0.01077	0.01346	0.01238	0.00969	0.01238	0.00861	0.01292	0.00646	0.00484	0.00484	0.00161	0.00646	0.00431	0.00215	0.00538
24	0.11248	0.01555	0.01337	0.01091	0.01429	0.23162	0.00874	0.46062	0.03403	0.03746	0.01025	0.01064	0.00756	0.00546	0.00451	0.00141	0.00604	0.00386	0.00402	0.00718
25	0.00694	0.00512	0.00744	0.00744	0.00819	0.00587	0.00563	0.00843	0.00769	0.01100	0.01329	0.02078	0.01287	0.14521	0.70265	0.00736	0.01184	0.00545	0.00264	0.00414
26	0.01120	0.39346	0.44913	0.01129	0.01708	0.01487	0.01352	0.01497	0.01006	0.01355	0.00780	0.00911	0.00618	0.00440	0.00392	0.00131	0.00626	0.00313	0.00206	0.00673
27	0.00994	0.07968	0.75189	0.01344	0.02040	0.01179	0.01725	0.01529	0.01021	0.01508	0.00856	0.01007	0.00614	0.00457	0.00450	0.00150	0.00703	0.00351	0.00205	0.00710
28	0.01418	0.47615	0.12475	0.01000	0.01435	0.07775	0.00985	0.19146	0.01316	0.01635	0.00818	0.00906	0.00667	0.00465	0.00380	0.00121	0.00575	0.00317	0.00274	0.00676
29	0.00704	0.00471	0.00533	0.00533	0.00535	0.00472	0.00299	0.00708	0.00706	0.00943	0.01523	0.03147	0.01751	0.81482	0.03940	0.00476	0.00485	0.00701	0.00293	0.00296
30	0.01436	0.14833	0.30488	0.01175	0.01679	0.06275	0.01225	0.33416	0.01559	0.02081	0.00953	0.01033	0.00703	0.00506	0.00445	0.00140	0.00618	0.00372	0.00324	0.00737
31	0.01309	0.01058	0.01142	0.00921	0.01274	0.02553	0.00733	0.16994	0.33237	0.04894	0.01412	0.01386	0.01066	0.00536	0.00445	0.00128	0.00415	0.00431	0.00421	0.29647
32	0.01187	0.43263	0.01905	0.03919	0.08277	0.01379	0.00822	0.03055	0.01030	0.01374	0.00776	0.00919	0.00673	0.00403	0.00352	0.00099	0.00474	0.00294	0.00244	0.29556
33	0.01117	0.26012	0.46448	0.01192	0.01758	0.04574	0.04075	0.01515	0.01053	0.02957	0.04459	0.01087	0.00814	0.00474	0.00425	0.00138	0.00640	0.00361	0.00231	0.00670
34	0.00705	0.00470	0.00529	0.00529	0.00529	0.00470	0.00294	0.00705	0.00705	0.00940	0.01527	0.03171	0.01762	0.82969	0.02467	0.00470	0.00470	0.00705	0.00294	0.00294
35	0.26116	0.00865	0.02429	0.00768	0.01107	0.00810	0.00640	0.01869	0.02874	0.41265	0.04868	0.01436	0.01113	0.00552	0.00420	0.00142	0.00386	0.00421	0.04390	0.07529
36	0.03542	0.02534	0.06297	0.01098	0.04978	0.01051	0.04261	0.16578	0.19203	0.26137	0.04191	0.05340	0.01294	0.00634	0.00491	0.00154	0.00462	0.00530	0.00473	0.00752
37	0.01009	0.01338	0.22751	0.01369	0.05332	0.00978	0.19844	0.01351	0.02635	0.06019	0.01561	0.13508	0.07356	0.00841	0.03893	0.00194	0.08470	0.00641	0.00303	0.00610
38	0.02167	0.00836	0.01132	0.00868	0.01243	0.00730	0.00717	0.04028	0.01407	0.78588	0.01895	0.01639	0.01191	0.00599	0.00487	0.00150	0.00415	0.00486	0.00597	0.00825
39	0.01136	0.01362	0.06431	0.02012	0.02513	0.01221	0.74670	0.01551	0.01138	0.01551	0.00975	0.01294	0.00730	0.00411	0.00567	0.00163	0.00812	0.00562	0.00243	0.00656
40	0.01202	0.57866	0.23418	0.01033	0.01532	0.01674	0.04647	0.01478	0.01002	0.01265	0.00740	0.00868	0.00625	0.00427	0.00363	0.00120	0.00585	0.00300	0.00208	0.00649
41	0.00582	0.00488	0.00507	0.00510	0.00662	0.00412	0.00379	0.00711	0.01116	0.01355	0.10598	0.08667	0.69904	0.01224	0.00575	0.00165	0.00246	0.01030	0.00456	0.00412
42	0.00692	0.00519	0.00779	0.00779	0.00865	0.00606	0.00606	0.00865	0.00779	0.01125	0.01298	0.01904	0.01211	0.03634	0.81049	0.00779	0.01298	0.00519	0.00260	0.00433
43	0.00581	0.00491	0.00503	0.00500	0.00660	0.00413	0.00375	0.00712	0.01125	0.01357	0.10537	0.04585	0.74092	0.01209	0.00573	0.00163	0.00244	0.01012	0.00456	0.00413
44	0.08445	0.12276	0.06056	0.01633	0.19221	0.01178	0.19596	0.04458	0.01177	0.19666	0.01113	0.01227	0.00813	0.00471	0.00465	0.00146	0.00578	0.00437	0.00331	0.00713
45	0.03806	0.00817	0.01086	0.00843	0.01205	0.00717	0.00694	0.02271	0.03168	0.73225	0.02026	0.01774	0.04807	0.00627	0.00488	0.00151	0.00403	0.00509	0.00584	0.00798
46	0.01060	0.01060	0.01484	0.01272	0.01272	0.01484	0.01060	0.01166	0.00742	0.01166	0.00636	0.01060	0.00636	0.00848	0.01590	0.00212	0.82082	0.00424	0.00212	0.00530
47	0.01220	0.01534	0.17867	0.05567	0.15418	0.10485	0.11872	0.01886	0.24475	0.02935	0.01225	0.01334	0.00929	0.00515	0.00488	0.00153	0.00616	0.00458	0.00315	0.00707
48	0.01185	0.00941	0.01292	0.01155	0.04232	0.02209	0.07584	0.01663	0.21168	0.12173	0.01543	0.11780	0.01364	0.02513	0.04116	0.00210	0.21426	0.02445	0.00381	0.00624
49	0.00717	0.00512	0.00708	0.00820	0.00903	0.00503	0.00670	0.00894	0.01053	0.01379	0.02601	0.31315	0.02928	0.01399	0.00652	0.00214	0.00391	0.51465	0.00447	0.00429
50	0.01703	0.00713	0.00932	0.00769	0.01052	0.00642	0.00630	0.03007	0.01295	0.51628	0.05362	0.02112	0.01499	0.00677	0.00476	0.00149	0.00369	0.07446	0.18845	0.00694
51	0.01507	0.03075	0.26819	0.01075	0.01521	0.04617	0.04606	0.01816	0.01211	0.35948	0.04944	0.08131	0.01264	0.00630	0.00491	0.00154	0.00534	0.00527	0.00416	0.00714
52	0.01194	0.01146	0.01958	0.04355	0.78605	0.01150	0.01485	0.01483	0.01101	0.01577	0.00911	0.01201	0.00765	0.00433	0.00480	0.00144	0.00577	0.00432	0.00239	0.00764
53	0.01438	0.27696	0.21732	0.01148	0.01570	0.34213	0.01118	0.03444	0.01184	0.01303	0.00765	0.00888	0.00625	0.00465	0.00405	0.00126	0.00715	0.00310	0.00230	0.00626
54	0.01199	0.01151	0.01967	0.02974	0.79946	0.01151	0.01487	0.01487	0.01103	0.01583	0.00912	0.01199	0.00768	0.00432	0.00480	0.00144	0.00576	0.00432	0.00240	0.00768
55	0.00803	0.00683	0.01002	0.04487	0.01086	0.00868	0.00763	0.00964	0.00777	0.01141	0.01097	0.01645	0.01029	0.02730	0.55677	0.00596	0.23453	0.00489	0.00245	0.00464
56	0.01205	0.01282	0.07452	0.02677	0.61843	0.02763	0.11269	0.01522	0.01113	0.02860	0.00931	0.01202	0.00757	0.00435	0.00489	0.00147	0.00619	0.00443	0.00244	0.00746
57	0.00584	0.00446	0.00537	0.00610	0.00686	0.00399	0.00421	0.00682	0.00990	0.01262	0.03459	0.55190	0.30159	0.01416	0.00602	0.00185	0.00269	0.01253	0.00450	0.00399
58	0.00915	0.00861	0.01453	0.81804	0.03338	0.01077	0.01346	0.01238	0.00969	0.01238	0.00861	0.01292	0.00646	0.00484	0.00484	0.00161	0.00646	0.00431	0.00215	0.00538
59	0.00983	0.02443	0.76783	0.01456	0.05742	0.01127	0.01776	0.01532	0.01027	0.01537	0.00872	0.01031	0.00621	0.00459	0.00461	0.00153	0.00710	0.00362	0.00206	0.00719
60	0.00651	0.00476	0.00555	0.00569	0.00630	0.00461	0.00375	0.00719	0.00856	0.01106	0.02597	0.13517	0.23893	0.39156	0.11991	0.00389	0.00491	0.00856	0.00353	0.00357
61	0.00681	0.00495	0.00641	0.00605	0.00721	0.00455	0.00454	0.00905	0.01361	0.01917	0.76561	0.03664	0.07719	0.01001	0.00572	0.00153	0.00229	0.00883	0.00530	0.00455
62	0.01380	0.01128	0.01194	0.01022	0.01327	0.01287	0.00809	0.23365	0.57996	0.02309	0.01750	0.01631	0.01299	0.00637	0.00491	0.00159	0.00425	0.00517	0.00491	0.00783
63	0.00972	0.02507	0.80458	0.01381	0.02097	0.01125	0.01790	0.01535	0.01023	0.01535	0.00870	0.01023	0.00614	0.00460	0.00460	0.00153	0.00716	0.00358	0.00205	0.00716
64	0.00915	0.00861	0.01453	0.81804	0.03338	0.01077	0.01346	0.01238	0.00969	0.01238	0.00861	0.01292	0.00646	0.00484	0.00484	0.00161	0.00646	0.00431	0.00215	0.00538
65	0.01518	0.00632	0.00777	0.00650	0.00890	0.00578	0.00519	0.01725	0.01195	0.39741	0.01741	0.01731	0.01222	0.00582	0.00411	0.00131	0.00316	0.00469	0.44543	0.00632
66	0.00692	0.00519	0.00779	0.00779	0.00865	0.00606	0.00606	0.00865	0.00779	0.01125	0.01298	0.01904	0.01211	0.03634	0.81049	0.00779	0.01298	0.00519	0.00260	0.00433
67	0.01005	0.00861	0.01005	0.00718	0.01148	0.00646	0.00574	0.01220	0.01005	0.01579	0.00861	0.01005	0.00718	0.00359	0.00359	0.00072	0.00359	0.00287	0.00287	0.85932
68	0.00972	0.02507	0.80458	0.01381	0.02097	0.01125	0.01790	0.01535	0.01023	0.01535	0.00870	0.01023	0.00614	0.00460	0.00460	0.00153	0.00716	0.00358	0.00205	0.00716
69	0.00704	0.00514	0.00687	0.00784	0.00881	0.00496	0.00642	0.00878	0.01065	0.01376	0.02894	0.25511	0.12773	0.01371	0.00644	0.00209	0.00377	0.47318	0.00448	0.00428
70	0.00774	0.00564	0.00796	0.04662	0.01092	0.00571	0.00783	0.00993	0.01100	0.01428	0.02545	0.08655	0.04496	0.01304	0.00656	0.00218	0.00444	0.68035	0.00436	0.00447
71	0.01060	0.01060	0.01484	0.01272	0.01272	0.01484	0.01060	0.01166	0.00742	0.01166	0.00636	0.01060	0.00636	0.00848	0.01590	0.00212	0.82082	0.00424	0.00212	0.00530
72	0.01810	0.02310	0.01373	0.01248	0.01498	0.81024	0.00936	0.01935	0.01373	0.01186	0.00749	0.00874	0.00624	0.00499	0.00437	0.00125	0.00874	0.00312	0.00250	0.00562
73	0.00702	0.00519	0.00658	0.00619	0.00743	0.00487	0.00465	0.00974	0.04781	0.01908	0.71704	0.03604	0.09020	0.00990	0.00568	0.00154	0.00236	0.00871	0.00527	0.00468
74	0.01396	0.01064	0.01606	0.20440	0.36452	0.02922	0.01225	0.08491	0.02902	0.17026	0.01137	0.01311	0.00841	0.00497	0.00482	0.00149	0.00559	0.00443	0.00332	0.00726
75	0.01328	0.73860	0.02390	0.00866	0.01258	0.09122	0.00834	0.01481	0.01015	0.01144	0.00696	0.00813	0.00636	0.00500	0.02270	0.00122	0.00570	0.00270	0.00212	0.00612
76	0.01199	0.01151	0.01967	0.02974	0.79946	0.01151	0.01487	0.01487	0.01103	0.01583	0.00912	0.01199	0.00768	0.00432	0.00480	0.00144	0.00576	0.00432	0.00240	0.00768
77	0.01205	0.01041	0.01096	0.00986	0.01260	0.01205	0.00767	0.02575	0.79071	0.02027	0.01972	0.01808	0.01479	0.00657	0.00493	0.00164	0.00384	0.00548	0.00493	0.00767
78	0.00574	0.00488	0.00494	0.00499	0.00657	0.00408	0.00372	0.00695	0.01097	0.01306	0.04809	0.08146	0.76332	0.01240	0.00575	0.00165	0.00247	0.01039	0.00450	0.00408
79	0.00982	0.00953	0.01468	0.44848	0.02390	0.01264	0.01215	0.01205	0.00865	0.01205	0.00758	0.01186	0.00641	0.00651	0.00992	0.00185	0.38018	0.00428	0.00214	0.00535
80	0.00842	0.00421	0.00631	0.00631	0.00631	0.00421	0.00421	0.00631	0.00631	0.00842	0.00842	0.01473	0.00842	0.01684	0.01894	0.85901	0.00421	0.00421	0.00210	0.00210
81	0.01184	0.01109	0.01909	0.26048	0.30965	0.01173	0.16620	0.09195	0.02767	0.02873	0.00973	0.01264	0.00752	0.00465	0.00500	0.00154	0.00634	0.00463	0.00269	0.00683
82	0.00705	0.00470	0.00529	0.00529	0.00529	0.00470	0.00294	0.00705	0.00705	0.00940	0.01527	0.03171	0.01762	0.82969	0.02467	0.00470	0.00470	0.00705	0.00294	0.00294
83	0.00592	0.00434	0.00557	0.00649	0.00698	0.00398	0.00440	0.00688	0.00970	0.01278	0.06390	0.69354	0.12856	0.01458	0.00611	0.00191	0.00274	0.01311	0.00454	0.00398
84	0.01178	0.01213	0.02318	0.02608	0.49475	0.01181	0.31677	0.01513	0.01119	0.01571	0.00939	0.01242	0.00755	0.00423	0.00516	0.00152	0.00671	0.00487	0.00242	0.00723
85	0.01842	0.01357	0.01454	0.01115	0.01503	0.01503	0.00921	0.78330	0.02278	0.03054	0.01163	0.01163	0.00824	0.00582	0.00485	0.00145	0.00533	0.00436	0.00485	0.00824
86	0.00590	0.00423	0.00561	0.00671	0.00702	0.00394	0.00448	0.00675	0.00931	0.01238	0.02713	0.81193	0.04638	0.01513	0.00618	0.00196	0.00280	0.01371	0.00450	0.00394
87	0.00987	0.06223	0.76872	0.01356	0.02058	0.01162	0.01746	0.01531	0.01021	0.01517	0.00861	0.01012	0.00614	0.00458	0.00454	0.00151	0.00707	0.00354	0.00205	0.00712
88	0.00987	0.00856	0.01071	0.00782	0.01189	0.00665	0.04207	0.01206	0.00999	0.01549	0.00931	0.03030	0.00801	0.00540	0.04089	0.00112	0.00422	0.00337	0.00288	0.75941
89	0.01005	0.00861	0.01005	0.00718	0.01148	0.00646	0.00574	0.01220	0.01005	0.01579	0.00861	0.01005	0.00718	0.00359	0.00359	0.00072	0.00359	0.00287	0.00287	0.85932
90	0.00912	0.00843	0.01412	0.64347	0.09816	0.01022	0.01263	0.01212	0.00956	0.01254	0.00922	0.01363	0.00730	0.00887	0.10887	0.00240	0.00724	0.00442	0.00223	0.00545
91	0.00668	0.00485	0.00631	0.00627	0.00729	0.00448	0.00465	0.00867	0.01273	0.01773	0.59897	0.17406	0.07620	0.01107	0.00584	0.00163	0.00247	0.04054	0.00512	0.00444
92	0.00671	0.00495	0.00627	0.00594	0.00715	0.00451	0.00445	0.00885	0.01336	0.01857	0.69553	0.03761	0.14763	0.01023	0.00572	0.00154	0.00231	0.00896	0.00522	0.00451
93	0.01060	0.01060	0.01484	0.01272	0.01272	0.01484	0.01060	0.01166	0.00742	0.01166	0.00636	0.01060	0.00636	0.00848	0.01590	0.00212	0.82082	0.00424	0.00212	0.00530
94	0.02174	0.00825	0.01125	0.00862	0.01237	0.00712	0.00712	0.02362	0.01387	0.80282	0.01912	0.01649	0.01200	0.00600	0.00487	0.00150	0.00412	0.00487	0.00600	0.00825
95	0.00915	0.00861	0.01453	0.81804	0.03338	0.01077	0.01346	0.01238	0.00969	0.01238	0.00861	0.01292	0.00646	0.00484	0.00484	0.00161	0.00646	0.00431	0.00215	0.00538
96	0.00805	0.00471	0.00540	0.00523	0.00636	0.00454	0.00392	0.01032	0.01177	0.01868	0.36806	0.02624	0.02744	0.00757	0.00444	0.00131	0.00227	0.00643	0.47270	0.00454
97	0.01205	0.01041	0.01096	0.00986	0.01260	0.01205	0.00767	0.02575	0.79071	0.02027	0.01972	0.01808	0.01479	0.00657	0.00493	0.00164	0.00384	0.00548	0.00493	0.00767
98	0.01152	0.47365	0.37175	0.01075	0.01623	0.01565	0.01256	0.01488	0.01002	0.01316	0.00761	0.00887	0.00618	0.00435	0.00377	0.00126	0.00606	0.00303	0.00206	0.00664
99	0.00684	0.00503	0.00645	0.00632	0.00753	0.00464	0.00489	0.00898	0.01302	0.01794	0.59495	0.04006	0.14187	0.01069	0.00585	0.00163	0.00260	0.11111	0.00511	0.00449
100	0.00575	0.00491	0.00494	0.00493	0.00656	0.00410	0.00370	0.00699	0.01109	0.01321	0.06260	0.04645	0.78391	0.01223	0.00573	0.00163	0.00245	0.01020	0.00452	0.00410
101	0.01473	0.01174	0.01247	0.01040	0.01362	0.01330	0.00832	0.34435	0.46774	0.02459	0.01632	0.01537	0.01204	0.00626	0.00490	0.00156	0.00446	0.00501	0.00490	0.00791
102	0.01199	0.01151	0.01967	0.02974	0.79946	0.01151	0.01487	0.01487	0.01103	0.01583	0.00912	0.01199	0.00768	0.00432	0.00480	0.00144	0.00576	0.00432	0.00240	0.00768
103	0.01009	0.11684	0.71603	0.01318	0.02000	0.01215	0.01681	0.01525	0.01019	0.01490	0.00847	0.00995	0.00615	0.00455	0.00443	0.00148	0.00694	0.00347	0.00205	0.00705
104	0.01810	0.02310	0.01373	0.01248	0.01498	0.81024	0.00936	0.01935	0.01373	0.01186	0.00749	0.00874	0.00624	0.00499	0.00437	0.00125	0.00874	0.00312	0.00250	0.00562
105	0.00758	0.00710	0.01215	0.01002	0.01219	0.00648	0.22891	0.00969	0.01110	0.01451	0.13815	0.22814	0.27352	0.01029	0.00584	0.00170	0.00417	0.00959	0.00403	0.00483
106	0.00702	0.00480	0.00579	0.00579	0.00596	0.00497	0.00356	0.00737	0.00720	0.00977	0.01481	0.02918	0.01652	0.67118	0.18168	0.00532	0.00635	0.00668	0.00287	0.00321
107	0.17328	0.00845	0.01050	0.00822	0.01183	0.00780	0.00679	0.02193	0.01286	0.66227	0.01689	0.01494	0.01078	0.00573	0.00454	0.00150	0.00406	0.00447	0.00546	0.00771
108	0.01144	0.01307	0.02859	0.02042	0.02533	0.01225	0.78186	0.01552	0.01144	0.01552	0.00980	0.01307	0.00735	0.00408	0.00572	0.00163	0.00817	0.00572	0.00245	0.00654
109	0.00667	0.00495	0.00622	0.00590	0.00713	0.00449	0.00443	0.00879	0.01328	0.01839	0.67416	0.03791	0.16912	0.01030	0.00572	0.00154	0.00231	0.00900	0.00520	0.00449
110	0.01205	0.01041	0.01096	0.00986	0.01260	0.01205	0.00767	0.02575	0.79071	0.02027	0.01972	0.01808	0.01479	0.00657	0.00493	0.00164	0.00384	0.00548	0.00493	0.00767
111	0.00686	0.00495	0.00648	0.00610	0.00724	0.00457	0.00457	0.00914	0.01372	0.01943	0.79691	0.03620	0.04572	0.00991	0.00572	0.00152	0.00229	0.00876	0.00533	0.00457
112	0.00915	0.00861	0.01453	0.81804	0.03338	0.01077	0.01346	0.01238	0.00969	0.01238	0.00861	0.01292	0.00646	0.00484	0.00484	0.00161	0.00646	0.00431	0.00215	0.00538
113	0.00705	0.00470	0.00529	0.00529	0.00529	0.00470	0.00294	0.00705	0.00705	0.00940	0.01527	0.03171	0.01762	0.82969	0.02467	0.00470	0.00470	0.00705	0.00294	0.00294
114	0.01060	0.01060	0.01484	0.01272	0.01272	0.01484	0.01060	0.01166	0.00742	0.01166	0.00636	0.01060	0.00636	0.00848	0.01590	0.00212	0.82082	0.00424	0.00212	0.00530
115	0.01464	0.01169	0.01241	0.01038	0.01359	0.01326	0.00830	0.33309	0.47916	0.02444	0.01644	0.01547	0.01213	0.00627	0.00490	0.00157	0.00444	0.00503	0.00490	0.00790
116	0.01144	0.01307	0.02859	0.02042	0.02533	0.01225	0.78186	0.01552	0.01144	0.01552	0.00980	0.01307	0.00735	0.00408	0.00572	0.00163	0.00817	0.00572	0.00245	0.00654
117	0.01144	0.01307	0.02859	0.02042	0.02533	0.01225	0.78186	0.01552	0.01144	0.01552	0.00980	0.01307	0.00735	0.00408	0.00572	0.00163	0.00817	0.00572	0.00245	0.00654
118	0.00825	0.00628	0.00765	0.00805	0.00940	0.00653	0.00640	0.01280	0.19276	0.01573	0.06815	0.21441	0.07273	0.01157	0.00590	0.00191	0.00360	0.29826	0.04453	0.00508
119	0.00590	0.00422	0.00562	0.00675	0.00703	0.00394	0.00450	0.00675	0.00928	0.01237	0.02671	0.82653	0.03205	0.01518	0.00619	0.00197	0.00281	0.01378	0.00450	0.00394
120	0.02174	0.00825	0.01125	0.00862	0.01237	0.00712	0.00712	0.02362	0.01387	0.80282	0.01912	0.01649	0.01200	0.00600	0.00487	0.00150	0.00412	0.00487	0.00600	0.00825
121	0.00583	0.00491	0.00505	0.00501	0.00661	0.00413	0.00376	0.00715	0.01128	0.01365	0.11545	0.04571	0.73079	0.01206	0.00573	0.00163	0.00244	0.01010	0.00457	0.00413
122	0.00692	0.00519	0.00779	0.00779	0.00865	0.00606	0.00606	0.00865	0.00779	0.01125	0.01298	0.01904	0.01211	0.03634	0.81049	0.00779	0.01298	0.00519	0.00260	0.00433
123	0.01296	0.83261	0.02539	0.00829	0.01244	0.01917	0.00829	0.01451	0.00985	0.01140	0.00674	0.00777	0.00622	0.00415	0.00311	0.00104	0.00518	0.00259	0.00207	0.00622
124	0.00915	0.00861	0.01453	0.81804	0.03338	0.01077	0.01346	0.01238	0.00969	0.01238	0.00861	0.01292	0.00646	0.00484	0.00484	0.00161	0.00646	0.00431	0.00215	0.00538
125	0.00705	0.00470	0.00529	0.00529	0.00529	0.00470	0.00294	0.00705	0.00705	0.00940	0.01527	0.03171	0.01762	0.82969	0.02467	0.00470	0.00470	0.00705	0.00294	0.00294
126	0.86392	0.00937	0.00712	0.00637	0.00937	0.01087	0.00525	0.01425	0.00825	0.02174	0.00675	0.00787	0.00525	0.00450	0.00300	0.00150	0.00375	0.00262	0.00300	0.00525
127	0.00915	0.00861	0.01453	0.81804	0.03338	0.01077	0.01346	0.01238	0.00969	0.01238	0.00861	0.01292	0.00646	0.00484	0.00484	0.00161	0.00646	0.00431	0.00215	0.00538
128	0.00590	0.00422	0.00562	0.00675	0.00703	0.00394	0.00450	0.00675	0.00928	0.01237	0.02671	0.82653	0.03205	0.01518	0.00619	0.00197	0.00281	0.01378	0.00450	0.00394
129	0.00772	0.00552	0.00771	0.00882	0.00990	0.00550	0.00766	0.00989	0.01107	0.01440	0.02571	0.09018	0.02808	0.01347	0.00667	0.00222	0.00439	0.73219	0.00446	0.00444
130	0.01060	0.01060	0.01484	0.01272	0.01272	0.01484	0.01060	0.01166	0.00742	0.01166	0.00636	0.01060	0.00636	0.00848	0.01590	0.00212	0.82082	0.00424	0.00212	0.00530
131	0.86392	0.00937	0.00712	0.00637	0.00937	0.01087	0.00525	0.01425	0.00825	0.02174	0.00675	0.00787	0.00525	0.00450	0.00300	0.00150	0.00375	0.00262	0.00300	0.00525
132	0.01842	0.01374	0.01453	0.01117	0.01503	0.02915	0.00921	0.76974	0.02262	0.03021	0.01156	0.01158	0.00821	0.00580	0.00484	0.00145	0.00539	0.00434	0.00481	0.00819
133	0.00972	0.02507	0.80458	0.01381	0.02097	0.01125	0.01790	0.01535	0.01023	0.01535	0.00870	0.01023	0.00614	0.00460	0.00460	0.00153	0.00716	0.00358	0.00205	0.00716
134	0.00724	0.00620	0.00636	0.00613	0.00800	0.00598	0.00465	0.01142	0.19654	0.01478	0.04159	0.05782	0.59359	0.01098	0.00555	0.00165	0.00279	0.00918	0.00460	0.00494
135	0.00623	0.00461	0.00583	0.00620	0.00703	0.00420	0.00439	0.00768	0.01123	0.01513	0.31823	0.40343	0.16252	0.01273	0.00593	0.00175	0.00256	0.01132	0.00481	0.00420
136	0.01605	0.01055	0.07505	0.00938	0.01313	0.00932	0.00809	0.04629	0.27956	0.35959	0.01708	0.01566	0.01183	0.00581	0.00473	0.00146	0.00425	0.00474	0.00493	0.10249
137	0.01199	0.01151	0.01967	0.02974	0.79946	0.01151	0.01487	0.01487	0.01103	0.01583	0.00912	0.01199	0.00768	0.00432	0.00480	0.00144	0.00576	0.00432	0.00240	0.00768
138	0.01296	0.83261	0.02539	0.00829	0.01244	0.01917	0.00829	0.01451	0.00985	0.01140	0.00674	0.00777	0.00622	0.00415	0.00311	0.00104	0.00518	0.00259	0.00207	0.00622
139	0.00747	0.00483	0.00592	0.00565	0.00679	0.00456	0.00424	0.00975	0.01271	0.01905	0.57636	0.03108	0.03632	0.00870	0.00506	0.00141	0.00228	0.00756	0.24569	0.00456
