[name]
unknown

[dist]
# distance from previous block
# <min> <max>
123	414

[block]
# block no. 0 follows, 47 sequences, length 8
# corresponding to MSA columns:
# 659-666
name=unknown_A
#
# <colnr> <probs for GDERKNQSTAVLIFYWHMCP>
#	G	D	E	R	K	N	Q	S	T	A	V	L	I	F	Y	W	H	M	C	P
0	0.02353	0.04216	0.01091	0.00933	0.01120	0.06560	0.05552	0.03840	0.05614	0.08604	0.03873	0.19482	0.03116	0.13093	0.09634	0.00301	0.00593	0.07820	0.00411	0.01793
1	0.06440	0.46043	0.13281	0.01317	0.07307	0.01680	0.11778	0.01619	0.01101	0.03899	0.00861	0.01017	0.00709	0.00461	0.00415	0.00136	0.00624	0.00363	0.00250	0.00699
2	0.01572	0.43053	0.06872	0.01141	0.01604	0.01707	0.09339	0.18143	0.01425	0.09107	0.01014	0.01094	0.00788	0.00506	0.00434	0.00136	0.00598	0.00387	0.00332	0.00746
3	0.00875	0.00791	0.00838	0.00910	0.05910	0.09291	0.00639	0.01064	0.01287	0.01635	0.26789	0.13535	0.22697	0.01151	0.00612	0.00179	0.00388	0.10434	0.00473	0.00502
4	0.01330	0.29573	0.36983	0.01380	0.09006	0.01455	0.01411	0.01712	0.01137	0.10051	0.00991	0.01101	0.00748	0.00492	0.00445	0.00145	0.00646	0.00371	0.00271	0.00753
5	0.06484	0.00952	0.01206	0.01113	0.01323	0.08880	0.11770	0.01345	0.05126	0.01594	0.03913	0.03929	0.05066	0.06985	0.00778	0.00227	0.00564	0.37803	0.00409	0.00535
6	0.06636	0.16115	0.08972	0.11198	0.01754	0.01300	0.05276	0.01764	0.18948	0.01692	0.01153	0.01284	0.00907	0.00532	0.00504	0.00145	0.04026	0.00418	0.00321	0.17056
7	0.01556	0.04591	0.08722	0.01267	0.05482	0.21435	0.01030	0.23945	0.08891	0.02116	0.09760	0.01774	0.01435	0.00680	0.00521	0.00157	0.00631	0.04882	0.00407	0.00718

[dist]
# distance from previous block
# <min> <max>
47	156

[block]
# block no. 1 follows, 47 sequences, length 31
# corresponding to MSA columns:
# 877-907
name=unknown_B
#
# <colnr> <probs for GDERKNQSTAVLIFYWHMCP>
#	G	D	E	R	K	N	Q	S	T	A	V	L	I	F	Y	W	H	M	C	P
0	0.05873	0.08701	0.31649	0.05455	0.05252	0.03490	0.01299	0.08580	0.01305	0.15174	0.04835	0.01346	0.01002	0.00553	0.00483	0.00155	0.00614	0.00432	0.00350	0.03452
1	0.04819	0.09382	0.19932	0.01252	0.01739	0.13867	0.09428	0.05811	0.03795	0.13478	0.01124	0.01208	0.00825	0.00514	0.00476	0.00145	0.00656	0.00411	0.00338	0.10799
2	0.16707	0.11247	0.13348	0.01111	0.01533	0.04546	0.06276	0.07254	0.08869	0.13007	0.01233	0.01292	0.02091	0.00565	0.00519	0.00156	0.04593	0.00425	0.00367	0.04862
3	0.01135	0.01614	0.31681	0.01167	0.01663	0.01007	0.04158	0.04356	0.11663	0.05495	0.07359	0.05248	0.01421	0.00656	0.00515	0.00157	0.00559	0.04242	0.00363	0.15541
4	0.05787	0.03708	0.20149	0.01009	0.01398	0.02655	0.00979	0.04601	0.04469	0.20357	0.10072	0.01877	0.01495	0.10515	0.00808	0.00201	0.03677	0.00528	0.00411	0.05306
5	0.03780	0.33393	0.38600	0.01186	0.01771	0.04627	0.01366	0.01689	0.01119	0.06772	0.00918	0.01029	0.00704	0.00487	0.00428	0.00142	0.00660	0.00348	0.00255	0.00726
6	0.01264	0.22945	0.29842	0.06191	0.01848	0.01553	0.01359	0.10677	0.01191	0.01641	0.00869	0.01074	0.00696	0.00579	0.00691	0.00162	0.16064	0.00386	0.00260	0.00707
7	0.18973	0.03863	0.24373	0.01045	0.01478	0.01125	0.01056	0.12592	0.06841	0.07065	0.01561	0.11159	0.05325	0.00718	0.00489	0.00168	0.00526	0.00569	0.00382	0.00692
8	0.07192	0.27573	0.12356	0.01035	0.01431	0.10576	0.00972	0.09543	0.05413	0.07303	0.01252	0.10869	0.01117	0.00658	0.00456	0.00149	0.00575	0.00501	0.00345	0.00685
9	0.04746	0.17628	0.14190	0.01060	0.01460	0.13262	0.00991	0.01969	0.14633	0.14565	0.09188	0.01559	0.01364	0.00612	0.00475	0.00151	0.00568	0.00468	0.00393	0.00717
10	0.01154	0.09994	0.14450	0.00987	0.01373	0.01109	0.00920	0.01890	0.28996	0.04284	0.13394	0.01989	0.04954	0.00679	0.00500	0.00152	0.00454	0.00557	0.00423	0.11741
11	0.00983	0.10784	0.09824	0.00833	0.01098	0.00862	0.00749	0.01389	0.09525	0.05380	0.48496	0.02901	0.03400	0.00868	0.00554	0.00159	0.00369	0.00742	0.00489	0.00598
12	0.11382	0.15641	0.36728	0.01143	0.01659	0.01287	0.01270	0.01705	0.12677	0.01732	0.03612	0.06734	0.01115	0.00613	0.00467	0.00160	0.00586	0.00478	0.00309	0.00703
13	0.01758	0.08743	0.18086	0.01275	0.01691	0.41620	0.01162	0.07111	0.01430	0.10937	0.01009	0.01088	0.00758	0.00539	0.00474	0.00144	0.00786	0.00373	0.00317	0.00698
14	0.00944	0.01577	0.33695	0.01267	0.01723	0.00928	0.14066	0.01364	0.01252	0.01796	0.29091	0.06183	0.02366	0.00749	0.00567	0.00169	0.00575	0.00681	0.00369	0.00640
15	0.19727	0.00931	0.01375	0.18738	0.01875	0.00989	0.13752	0.01522	0.04917	0.11096	0.01571	0.16804	0.03054	0.00754	0.00524	0.00177	0.00532	0.00672	0.00376	0.00613
16	0.25853	0.01924	0.46385	0.01156	0.01704	0.01101	0.01348	0.01502	0.01024	0.01813	0.01109	0.10806	0.00971	0.00630	0.00465	0.00169	0.00605	0.00488	0.00282	0.00667
17	0.44491	0.00968	0.00977	0.10437	0.01404	0.00995	0.00691	0.01427	0.00975	0.01982	0.00822	0.00997	0.00655	0.00452	0.00369	0.00132	0.00432	0.00314	0.00306	0.31174
18	0.00994	0.02039	0.52358	0.01497	0.11206	0.01049	0.01558	0.01471	0.01162	0.01679	0.10153	0.01858	0.09470	0.00644	0.00524	0.00165	0.00638	0.00534	0.00293	0.00710
19	0.01451	0.34717	0.25295	0.01202	0.01693	0.24663	0.01236	0.01740	0.01194	0.01367	0.00811	0.00945	0.00666	0.00487	0.00422	0.00134	0.00734	0.00327	0.00235	0.00680
20	0.01541	0.02025	0.41409	0.01312	0.01909	0.01303	0.01444	0.29007	0.01637	0.11645	0.01186	0.01236	0.00818	0.00560	0.00508	0.00161	0.00658	0.00432	0.00381	0.00826
21	0.01647	0.45354	0.02151	0.01099	0.01463	0.37804	0.00944	0.01799	0.01251	0.01248	0.00761	0.00883	0.00669	0.00488	0.00397	0.00122	0.00733	0.00305	0.00244	0.00639
22	0.00737	0.00794	0.10187	0.00717	0.00935	0.00563	0.00637	0.00992	0.01340	0.01826	0.46382	0.03894	0.26906	0.01073	0.00600	0.00168	0.00315	0.00922	0.00503	0.00509
23	0.01053	0.00825	0.10132	0.00659	0.00881	0.00656	0.00600	0.06772	0.01192	0.02004	0.01573	0.01788	0.01220	0.00594	0.00391	0.00129	0.00331	0.00472	0.68177	0.00549
24	0.00634	0.00453	0.00604	0.00725	0.00755	0.00423	0.00483	0.00725	0.00997	0.01329	0.02870	0.81358	0.03444	0.01632	0.00665	0.00211	0.00302	0.01480	0.00483	0.00423
25	0.00640	0.00485	0.00573	0.00638	0.00718	0.00437	0.00435	0.00736	0.01043	0.01326	0.03623	0.46028	0.30444	0.09341	0.00841	0.00227	0.00308	0.01271	0.00467	0.00419
26	0.13884	0.00938	0.01032	0.00758	0.01200	0.00766	0.00609	0.01345	0.01050	0.01794	0.00895	0.01044	0.00740	0.00401	0.00376	0.00090	0.00388	0.00305	0.00311	0.72075
27	0.01392	0.82012	0.02729	0.00891	0.01337	0.02061	0.00891	0.01559	0.01058	0.01225	0.00724	0.00835	0.00668	0.00446	0.00334	0.00111	0.00557	0.00278	0.00223	0.00668
28	0.01405	0.54224	0.15926	0.01034	0.01500	0.01750	0.01079	0.01648	0.01089	0.08882	0.00888	0.00996	0.00729	0.00508	0.00481	0.00134	0.06431	0.00334	0.00264	0.00700
29	0.01181	0.01992	0.41171	0.01431	0.02033	0.03060	0.13285	0.05825	0.10701	0.01804	0.01113	0.01254	0.00823	0.00506	0.00505	0.00155	0.00686	0.00440	0.00294	0.11740
30	0.01017	0.05915	0.33157	0.39712	0.02772	0.01190	0.01560	0.01454	0.01089	0.01496	0.05105	0.01377	0.00907	0.00536	0.00505	0.00166	0.00693	0.00447	0.00245	0.00656

[dist]
# distance from previous block
# <min> <max>
2	5

[block]
# block no. 2 follows, 47 sequences, length 10
# corresponding to MSA columns:
# 913-922
name=unknown_C
#
# <colnr> <probs for GDERKNQSTAVLIFYWHMCP>
#	G	D	E	R	K	N	Q	S	T	A	V	L	I	F	Y	W	H	M	C	P
0	0.01514	0.01567	0.16871	0.01199	0.01636	0.01404	0.01109	0.31550	0.32806	0.02506	0.01542	0.01503	0.01128	0.00632	0.00519	0.00166	0.00547	0.00501	0.00464	0.00837
1	0.01483	0.20848	0.36093	0.01233	0.01815	0.01297	0.05379	0.01867	0.01201	0.22220	0.01191	0.01234	0.00837	0.00520	0.00471	0.00152	0.00638	0.00409	0.00337	0.00773
2	0.18628	0.01319	0.18727	0.01005	0.01474	0.00946	0.00987	0.02136	0.01281	0.46074	0.01536	0.01435	0.01002	0.00578	0.00477	0.00162	0.00509	0.00444	0.00484	0.00795
3	0.01208	0.31310	0.36072	0.01410	0.02013	0.01541	0.16453	0.01620	0.01110	0.01499	0.00882	0.01064	0.00689	0.00466	0.00460	0.00148	0.00714	0.00392	0.00230	0.00719
4	0.01580	0.01322	0.01853	0.02512	0.53468	0.10914	0.01358	0.01846	0.01283	0.17048	0.01172	0.01342	0.00898	0.00509	0.00511	0.00153	0.00624	0.00460	0.00336	0.00810
5	0.01084	0.02281	0.56299	0.06477	0.02446	0.01232	0.19558	0.01634	0.01127	0.01634	0.00962	0.01189	0.00693	0.00483	0.00525	0.00168	0.00791	0.00444	0.00231	0.00742
6	0.01054	0.01352	0.17273	0.25141	0.02480	0.01102	0.22064	0.04831	0.01156	0.01565	0.01321	0.11561	0.02809	0.00696	0.00608	0.02748	0.00688	0.00632	0.00289	0.00631
7	0.01935	0.00797	0.01080	0.00858	0.01191	0.00697	0.00697	0.02147	0.01486	0.59536	0.21178	0.02304	0.02200	0.00750	0.00546	0.00162	0.00394	0.00629	0.00627	0.00787
8	0.00861	0.00785	0.05671	0.19566	0.01586	0.00706	0.00847	0.01105	0.01186	0.05069	0.09122	0.03843	0.31440	0.01052	0.00601	0.00185	0.00444	0.14985	0.00422	0.00525
9	0.01247	0.17796	0.33310	0.01211	0.01722	0.01193	0.07214	0.01612	0.01158	0.12565	0.04304	0.11826	0.01292	0.00673	0.00503	0.00161	0.00607	0.00567	0.00333	0.00704

[dist]
# distance from previous block
# <min> <max>
0	3

[block]
# block no. 3 follows, 47 sequences, length 12
# corresponding to MSA columns:
# 926-937
name=unknown_D
#
# <colnr> <probs for GDERKNQSTAVLIFYWHMCP>
#	G	D	E	R	K	N	Q	S	T	A	V	L	I	F	Y	W	H	M	C	P
0	0.01798	0.01540	0.08159	0.01082	0.01444	0.24306	0.00917	0.07959	0.06750	0.28338	0.01912	0.01825	0.10293	0.00683	0.00516	0.00156	0.00606	0.00525	0.00458	0.00734
1	0.01912	0.04609	0.14009	0.01009	0.01442	0.00895	0.00944	0.02233	0.05125	0.53561	0.01875	0.07275	0.01327	0.00685	0.00521	0.00164	0.00490	0.00562	0.00540	0.00822
2	0.07092	0.01995	0.45053	0.01588	0.12210	0.01168	0.04579	0.01826	0.06945	0.10938	0.01154	0.01264	0.00826	0.00522	0.00497	0.00164	0.00662	0.00430	0.00308	0.00778
3	0.01396	0.01990	0.36683	0.01901	0.24704	0.10107	0.01564	0.01804	0.01221	0.12147	0.01086	0.01229	0.00796	0.00511	0.00502	0.00158	0.00700	0.00422	0.00295	0.00783
4	0.01543	0.06021	0.25898	0.04584	0.02041	0.07689	0.17159	0.06593	0.01332	0.20244	0.01226	0.01319	0.00855	0.00529	0.00519	0.00161	0.00701	0.00465	0.00355	0.00764
5	0.01653	0.14568	0.18693	0.01169	0.01642	0.06715	0.03953	0.10733	0.11440	0.22246	0.01385	0.01364	0.00982	0.00570	0.00487	0.00154	0.00595	0.00446	0.00413	0.00791
6	0.01560	0.04616	0.16460	0.07002	0.08224	0.01170	0.01144	0.20893	0.03489	0.18424	0.02469	0.07456	0.01164	0.00654	0.00517	0.00161	0.00561	0.00538	0.00426	0.03073
7	0.01463	0.01707	0.33478	0.01234	0.01754	0.01090	0.04516	0.11757	0.06802	0.20262	0.04281	0.06719	0.01249	0.00656	0.00528	0.00167	0.00596	0.00546	0.00415	0.00781
8	0.01493	0.01615	0.20846	0.01541	0.10165	0.08733	0.11990	0.07163	0.04484	0.17619	0.01410	0.08149	0.01118	0.00633	0.00535	0.00165	0.00650	0.00557	0.00379	0.00755
9	0.07312	0.13172	0.18957	0.04735	0.01894	0.01276	0.17635	0.04525	0.07634	0.11431	0.04111	0.01460	0.02461	0.00554	0.00501	0.00160	0.00626	0.00487	0.00346	0.00724
10	0.06703	0.01429	0.16851	0.04325	0.09464	0.06872	0.06338	0.04384	0.01252	0.18020	0.04063	0.08020	0.01211	0.00654	0.00564	0.00163	0.03896	0.00544	0.00377	0.04871
11	0.09246	0.04200	0.18874	0.06456	0.01849	0.07089	0.10658	0.09790	0.06762	0.13007	0.06036	0.01461	0.01118	0.00576	0.00505	0.00162	0.00624	0.00481	0.00377	0.00729

[dist]
# distance from previous block
# <min> <max>
32	116

[block]
# block no. 4 follows, 47 sequences, length 9
# corresponding to MSA columns:
# 1070-1078
name=unknown_E
#
# <colnr> <probs for GDERKNQSTAVLIFYWHMCP>
#	G	D	E	R	K	N	Q	S	T	A	V	L	I	F	Y	W	H	M	C	P
0	0.13054	0.01162	0.01462	0.15557	0.09557	0.04702	0.05289	0.14994	0.03626	0.10660	0.01125	0.01270	0.00833	0.00522	0.00475	0.00148	0.00561	0.00428	0.00369	0.14206
1	0.05419	0.10429	0.13291	0.01072	0.01458	0.13763	0.00976	0.08479	0.16424	0.07309	0.10895	0.01608	0.01444	0.00625	0.00486	0.00151	0.00561	0.00484	0.00399	0.04727
2	0.01594	0.01857	0.13842	0.01230	0.01646	0.30725	0.04516	0.05051	0.09498	0.09407	0.01142	0.01214	0.00861	0.00533	0.00480	0.00140	0.00695	0.00403	0.00343	0.14823
3	0.01129	0.01390	0.14164	0.02279	0.37319	0.01123	0.17983	0.01485	0.01182	0.01639	0.01677	0.01881	0.13188	0.00600	0.00550	0.00164	0.00643	0.00586	0.00289	0.00727
4	0.00785	0.00683	0.00801	0.13413	0.01269	0.00689	0.00634	0.01163	0.13009	0.01541	0.06945	0.03912	0.51063	0.01086	0.00587	0.00175	0.00355	0.00912	0.00454	0.00524
5	0.00896	0.01040	0.13514	0.30888	0.02067	0.00848	0.01053	0.01188	0.01131	0.04706	0.02800	0.02879	0.33252	0.00857	0.00556	0.00173	0.00515	0.00720	0.00353	0.00564
6	0.00778	0.01346	0.30171	0.00889	0.01289	0.00730	0.00973	0.01088	0.01154	0.01498	0.03636	0.03534	0.48933	0.01008	0.00570	0.00172	0.00455	0.00829	0.00384	0.00564
7	0.01371	0.14008	0.06003	0.00945	0.01257	0.01136	0.00814	0.24087	0.01564	0.09899	0.10607	0.19345	0.05030	0.00891	0.00536	0.00164	0.00459	0.00742	0.00464	0.00679
8	0.01177	0.00687	0.00871	0.00762	0.00918	0.00663	0.00550	0.07327	0.04487	0.10314	0.01242	0.01819	0.01119	0.14129	0.01544	0.39340	0.00459	0.00498	0.00338	0.11755

[dist]
# distance from previous block
# <min> <max>
0	2

[block]
# block no. 5 follows, 47 sequences, length 13
# corresponding to MSA columns:
# 1081-1093
name=unknown_F
#
# <colnr> <probs for GDERKNQSTAVLIFYWHMCP>
#	G	D	E	R	K	N	Q	S	T	A	V	L	I	F	Y	W	H	M	C	P
0	0.00902	0.00940	0.09914	0.00918	0.01197	0.00719	0.06996	0.05664	0.01354	0.01896	0.36032	0.10920	0.09818	0.00931	0.00576	0.00161	0.00400	0.00825	0.00459	0.09378
1	0.23861	0.01150	0.05898	0.00999	0.01382	0.01093	0.05570	0.16640	0.05132	0.16476	0.06588	0.03910	0.01236	0.00618	0.00474	0.00157	0.00481	0.00490	0.00443	0.07401
2	0.01370	0.04315	0.09717	0.02597	0.01535	0.01186	0.07208	0.27517	0.09162	0.03830	0.07069	0.02197	0.07380	0.00743	0.00539	0.00166	0.00528	0.06468	0.05754	0.00719
3	0.01334	0.01514	0.21302	0.02893	0.06469	0.01207	0.01157	0.20543	0.19016	0.04290	0.11097	0.03924	0.01570	0.00681	0.00532	0.00166	0.00540	0.00563	0.00432	0.00769
4	0.01257	0.01802	0.26056	0.04584	0.14653	0.07710	0.27323	0.01683	0.01214	0.04449	0.03553	0.01348	0.00896	0.00499	0.00543	0.00164	0.00765	0.00498	0.00272	0.00730
5	0.01339	0.01167	0.01469	0.01650	0.23077	0.01259	0.01040	0.09121	0.42775	0.02106	0.01620	0.01623	0.01242	0.00604	0.00513	0.00160	0.00483	0.00519	0.00434	0.07800
6	0.00971	0.00485	0.00485	0.00485	0.00607	0.00485	0.00364	0.01213	0.01092	0.01942	0.01699	0.01942	0.01335	0.00607	0.00364	0.00121	0.00243	0.00485	0.84589	0.00485
7	0.01060	0.00766	0.01183	0.09312	0.14263	0.00750	0.04917	0.01269	0.01162	0.11694	0.05315	0.25342	0.10035	0.02872	0.00647	0.00193	0.00459	0.07742	0.00429	0.00589
8	0.01281	0.01584	0.09047	0.02082	0.08499	0.08775	0.52472	0.01674	0.01211	0.01606	0.00991	0.01309	0.00764	0.00485	0.00652	0.00172	0.05891	0.00547	0.00258	0.00700
9	0.00971	0.00485	0.00485	0.00485	0.00607	0.00485	0.00364	0.01213	0.01092	0.01942	0.01699	0.01942	0.01335	0.00607	0.00364	0.00121	0.00243	0.00485	0.84589	0.00485
10	0.18441	0.16964	0.11381	0.01607	0.21659	0.12449	0.01156	0.05103	0.01199	0.04320	0.00897	0.01054	0.00718	0.00492	0.00433	0.00146	0.00619	0.00366	0.00286	0.00709
11	0.01438	0.04630	0.10294	0.01636	0.16635	0.21758	0.07910	0.03282	0.05102	0.07709	0.03828	0.08120	0.02480	0.00664	0.00526	0.00159	0.00669	0.02126	0.00342	0.00692
12	0.01064	0.04399	0.45191	0.01408	0.08008	0.01110	0.01467	0.04209	0.06978	0.01770	0.09948	0.04717	0.01481	0.00677	0.00529	0.00169	0.00622	0.05212	0.00323	0.00717

[dist]
# distance from previous block
# <min> <max>
0	1

[block]
# block no. 6 follows, 47 sequences, length 12
# corresponding to MSA columns:
# 1095-1106
name=unknown_G
#
# <colnr> <probs for GDERKNQSTAVLIFYWHMCP>
#	G	D	E	R	K	N	Q	S	T	A	V	L	I	F	Y	W	H	M	C	P
0	0.01257	0.01134	0.01615	0.02081	0.39658	0.01177	0.01175	0.01968	0.29406	0.01846	0.01394	0.01523	0.01106	0.00599	0.00568	0.03460	0.00514	0.00495	0.00362	0.08663
1	0.01221	0.01122	0.01137	0.01114	0.08358	0.14313	0.00788	0.04458	0.06068	0.04546	0.10997	0.05156	0.08877	0.00767	0.00521	0.00146	0.00491	0.07357	0.00402	0.22161
2	0.00971	0.00485	0.00485	0.00485	0.00607	0.00485	0.00364	0.01213	0.01092	0.01942	0.01699	0.01942	0.01335	0.00607	0.00364	0.00121	0.00243	0.00485	0.84589	0.00485
3	0.33170	0.00880	0.05039	0.00917	0.04704	0.00844	0.04190	0.01227	0.01063	0.01912	0.14456	0.23205	0.02129	0.00893	0.00497	0.00175	0.00396	0.00753	0.03009	0.00541
4	0.00749	0.00539	0.00742	0.00742	0.00803	0.00600	0.00533	0.00869	0.00809	0.01139	0.01481	0.02525	0.01510	0.31288	0.52537	0.00720	0.01082	0.00628	0.00292	0.00412
5	0.01210	0.01040	0.01482	0.40248	0.02526	0.01209	0.04595	0.15395	0.14623	0.01868	0.01393	0.04215	0.01143	0.00670	0.00546	0.00177	0.00604	0.06022	0.00364	0.00671
6	0.00718	0.00506	0.00655	0.00712	0.00769	0.00503	0.00503	0.00834	0.00973	0.01321	0.05811	0.32519	0.06323	0.20419	0.13447	0.00373	0.00533	0.09410	0.03251	0.00417
7	0.01237	0.01081	0.01563	0.09301	0.29134	0.01144	0.03933	0.12992	0.14018	0.01916	0.01700	0.12773	0.05436	0.00742	0.00549	0.00170	0.00531	0.00667	0.00384	0.00730
8	0.03556	0.01370	0.08784	0.23127	0.14810	0.11533	0.09813	0.04416	0.01198	0.01613	0.01101	0.01396	0.02216	0.00600	0.02002	0.00172	0.02458	0.00467	0.08717	0.00651
9	0.01230	0.19920	0.23990	0.03822	0.01745	0.03669	0.06036	0.05442	0.01177	0.03000	0.00980	0.03400	0.00804	0.00496	0.00445	0.00131	0.00602	0.00396	0.00279	0.22434
10	0.04347	0.15002	0.25150	0.01072	0.01539	0.04778	0.01105	0.04532	0.12516	0.06777	0.05212	0.01711	0.08309	0.00632	0.00480	0.00152	0.00554	0.00493	0.00357	0.05281
11	0.13658	0.02863	0.17728	0.01041	0.01479	0.02623	0.00993	0.04799	0.21441	0.15983	0.03353	0.01474	0.01132	0.00585	0.00474	0.00156	0.00505	0.00456	0.00423	0.08833

[dist]
# distance from previous block
# <min> <max>
0	33

[block]
# block no. 7 follows, 47 sequences, length 19
# corresponding to MSA columns:
# 1140-1158
name=unknown_H
#
# <colnr> <probs for GDERKNQSTAVLIFYWHMCP>
#	G	D	E	R	K	N	Q	S	T	A	V	L	I	F	Y	W	H	M	C	P
0	0.16525	0.06191	0.25608	0.01101	0.03501	0.05945	0.01093	0.01711	0.06655	0.10513	0.10592	0.01633	0.03792	0.00617	0.00475	0.00158	0.00547	0.00478	0.00366	0.02498
1	0.00944	0.00803	0.03354	0.00866	0.01017	0.04569	0.06445	0.01094	0.01043	0.04965	0.12052	0.05383	0.06994	0.31261	0.08225	0.00354	0.03388	0.04291	0.00373	0.02581
2	0.01150	0.06645	0.36653	0.01769	0.17098	0.01231	0.09415	0.01606	0.03446	0.03607	0.02838	0.05592	0.00998	0.00587	0.00583	0.00167	0.05102	0.00504	0.00275	0.00736
3	0.00780	0.00592	0.00831	0.00812	0.00874	0.00692	0.00606	0.00913	0.00814	0.01162	0.01399	0.02316	0.01401	0.23372	0.53704	0.00703	0.07709	0.00600	0.00284	0.00436
4	0.00630	0.00487	0.00576	0.00640	0.00735	0.00432	0.00447	0.00744	0.01093	0.01389	0.06583	0.46838	0.34581	0.01481	0.00642	0.00195	0.00284	0.01303	0.00487	0.00432
5	0.00971	0.00485	0.00485	0.00485	0.00607	0.00485	0.00364	0.01213	0.01092	0.01942	0.01699	0.01942	0.01335	0.00607	0.00364	0.00121	0.00243	0.00485	0.84589	0.00485
6	0.01538	0.41551	0.07375	0.01113	0.01566	0.01772	0.05318	0.25278	0.06444	0.01987	0.01013	0.01088	0.00803	0.00522	0.00432	0.00137	0.00585	0.00385	0.00338	0.00755
7	0.01116	0.01013	0.01640	0.01292	0.01542	0.01065	0.24998	0.07963	0.11105	0.01604	0.01386	0.02111	0.01274	0.26301	0.06428	0.00325	0.07289	0.00627	0.00335	0.00586
8	0.01619	0.28039	0.03806	0.01053	0.03281	0.03126	0.00900	0.13204	0.17039	0.16277	0.01362	0.01333	0.01015	0.00563	0.00452	0.00142	0.00514	0.00426	0.00416	0.05432
9	0.00971	0.00485	0.00485	0.00485	0.00607	0.00485	0.00364	0.01213	0.01092	0.01942	0.01699	0.01942	0.01335	0.00607	0.00364	0.00121	0.00243	0.00485	0.84589	0.00485
10	0.01013	0.00611	0.00719	0.00653	0.00815	0.00597	0.00501	0.07394	0.01416	0.06373	0.39672	0.02843	0.03073	0.00838	0.00510	0.00148	0.00282	0.00713	0.31286	0.00543
11	0.06886	0.16440	0.06480	0.01428	0.03752	0.14311	0.20633	0.06051	0.13451	0.03968	0.01132	0.01255	0.00874	0.00522	0.00489	0.00154	0.00682	0.00453	0.00326	0.00713
12	0.01865	0.01119	0.08263	0.09946	0.01669	0.00971	0.00963	0.15270	0.01533	0.43435	0.01752	0.08135	0.01272	0.00695	0.00532	0.00166	0.00512	0.00574	0.00525	0.00803
13	0.00720	0.00547	0.00687	0.00725	0.00772	0.00561	0.00505	0.00807	0.00967	0.01282	0.04509	0.38432	0.13443	0.21520	0.01250	0.00281	0.07595	0.04561	0.00420	0.00416
14	0.00880	0.00729	0.01055	0.30981	0.01920	0.00814	0.00911	0.05258	0.03882	0.01493	0.02183	0.31978	0.07608	0.01083	0.00598	0.00193	0.00481	0.07033	0.00391	0.00528
15	0.03354	0.12949	0.18272	0.01128	0.01586	0.04474	0.01088	0.14067	0.19309	0.16443	0.01434	0.01398	0.01032	0.00588	0.00485	0.00157	0.00562	0.00453	0.00425	0.00798
16	0.01705	0.27312	0.21538	0.01057	0.01568	0.01293	0.01101	0.01998	0.01252	0.34296	0.01343	0.01301	0.00930	0.00543	0.00456	0.00146	0.00563	0.00410	0.00401	0.00787
17	0.01467	0.01724	0.04931	0.01503	0.03739	0.30710	0.15496	0.05220	0.01235	0.01451	0.00917	0.01270	0.00794	0.05049	0.03203	0.00207	0.19736	0.00458	0.00270	0.00621
18	0.01200	0.00948	0.01157	0.00844	0.01295	0.00753	0.02981	0.01505	0.05405	0.08078	0.01090	0.01195	0.00860	0.00427	0.00412	0.00093	0.00407	0.00351	0.00347	0.70651

[dist]
# distance from previous block
# <min> <max>
0	1

[block]
# block no. 8 follows, 47 sequences, length 20
# corresponding to MSA columns:
# 1160-1162,1164-1180
name=unknown_I
#
# <colnr> <probs for GDERKNQSTAVLIFYWHMCP>
#	G	D	E	R	K	N	Q	S	T	A	V	L	I	F	Y	W	H	M	C	P
0	0.01270	0.01246	0.02209	0.06072	0.66370	0.01244	0.10675	0.01596	0.01185	0.01683	0.00986	0.01307	0.00816	0.00463	0.00528	0.00158	0.00653	0.00482	0.00257	0.00800
1	0.00747	0.00545	0.00774	0.00774	0.00845	0.00617	0.00572	0.00889	0.00818	0.01162	0.01453	0.02367	0.01441	0.22252	0.61479	0.00759	0.01185	0.00605	0.00288	0.00430
2	0.01008	0.01273	0.21382	0.01140	0.06823	0.00903	0.03658	0.06265	0.06914	0.01564	0.06680	0.02360	0.01573	0.34638	0.01418	0.00307	0.00575	0.00615	0.00332	0.00573
3	0.00656	0.00485	0.00613	0.00674	0.00752	0.00443	0.00470	0.00792	0.01146	0.01528	0.21648	0.49215	0.16790	0.01439	0.00644	0.00194	0.00282	0.01283	0.00505	0.00443
4	0.03089	0.00783	0.01041	0.32063	0.01948	0.00867	0.00886	0.01293	0.11984	0.01515	0.02930	0.03062	0.32832	0.00899	0.00561	0.00176	0.00463	0.02666	0.00387	0.00553
5	0.01085	0.01123	0.02170	0.34874	0.02856	0.01209	0.34592	0.01450	0.01139	0.01529	0.06514	0.01559	0.01039	0.00549	0.00647	0.00177	0.06026	0.00564	0.00270	0.00626
6	0.01208	0.01169	0.02002	0.20369	0.52957	0.01246	0.05155	0.01519	0.01130	0.01587	0.00952	0.01307	0.00785	0.00505	0.00599	0.00165	0.05876	0.00470	0.00250	0.00747
7	0.01199	0.01166	0.02046	0.24532	0.50962	0.01222	0.08213	0.01530	0.01150	0.01596	0.00971	0.01327	0.00786	0.00477	0.00526	0.00162	0.00663	0.00477	0.00251	0.00746
8	0.00726	0.00515	0.00619	0.00610	0.00681	0.00487	0.00407	0.00846	0.01112	0.01514	0.33448	0.08917	0.11228	0.34972	0.01472	0.00311	0.00360	0.00916	0.00450	0.00408
9	0.12337	0.00741	0.00836	0.00817	0.00983	0.00788	0.00603	0.05036	0.15096	0.07249	0.02114	0.35187	0.02173	0.06645	0.06736	0.00259	0.00456	0.00920	0.00457	0.00567
10	0.00651	0.00524	0.00580	0.00576	0.00728	0.00453	0.00428	0.00813	0.01257	0.01596	0.25847	0.09463	0.52722	0.01266	0.00618	0.00175	0.00261	0.01078	0.00509	0.00453
11	0.01025	0.06454	0.28916	0.06290	0.01600	0.00937	0.01149	0.01388	0.01184	0.07189	0.20930	0.02213	0.01993	0.01175	0.11734	0.00260	0.00669	0.03899	0.00362	0.00632
12	0.01053	0.01927	0.44977	0.01263	0.01865	0.01028	0.06575	0.01523	0.03020	0.01631	0.01021	0.01302	0.00811	0.06298	0.00629	0.00167	0.00645	0.00412	0.00262	0.23589
13	0.00682	0.00538	0.00618	0.00626	0.00762	0.00486	0.00459	0.00893	0.04351	0.01618	0.25591	0.20165	0.38762	0.01285	0.00622	0.00180	0.00272	0.01111	0.00511	0.00467
14	0.01087	0.00803	0.00883	0.00782	0.00964	0.02539	0.00570	0.15659	0.04489	0.04205	0.10409	0.13167	0.08847	0.25134	0.01185	0.00265	0.00436	0.00788	0.00438	0.07350
15	0.08035	0.16468	0.17575	0.09883	0.01891	0.05829	0.09022	0.01675	0.02859	0.08749	0.01012	0.01163	0.00767	0.00487	0.00453	0.00142	0.00621	0.00393	0.00296	0.12680
16	0.01270	0.05732	0.18261	0.06563	0.01564	0.06002	0.01043	0.06904	0.11544	0.07653	0.01663	0.01747	0.07711	0.00664	0.00569	0.00160	0.06108	0.00508	0.13657	0.00677
17	0.04285	0.01918	0.34325	0.01522	0.05566	0.09898	0.15203	0.03893	0.01225	0.07288	0.01281	0.07058	0.02980	0.00605	0.00527	0.00166	0.00712	0.00532	0.00304	0.00712
18	0.07957	0.04208	0.27774	0.01350	0.06203	0.09526	0.06644	0.07723	0.02409	0.11247	0.01386	0.01521	0.05673	0.03452	0.00574	0.00172	0.00650	0.00474	0.00339	0.00719
19	0.04165	0.08368	0.01316	0.02321	0.04342	0.07282	0.00852	0.10188	0.21094	0.08921	0.06929	0.02361	0.06631	0.00792	0.00573	0.00171	0.03333	0.09211	0.00452	0.00697

[dist]
# distance from previous block
# <min> <max>
5	88

[block]
# block no. 9 follows, 47 sequences, length 26
# corresponding to MSA columns:
# 1270-1295
name=unknown_J
#
# <colnr> <probs for GDERKNQSTAVLIFYWHMCP>
#	G	D	E	R	K	N	Q	S	T	A	V	L	I	F	Y	W	H	M	C	P
0	0.01310	0.08927	0.11609	0.16235	0.12164	0.02493	0.01146	0.05275	0.07813	0.10874	0.03328	0.01536	0.03432	0.00626	0.01868	0.00163	0.00576	0.00472	0.01857	0.08296
1	0.00991	0.00583	0.00613	0.00576	0.00739	0.00580	0.00438	0.01352	0.08539	0.01959	0.07985	0.02040	0.01614	0.00638	0.00402	0.00127	0.00270	0.00520	0.63392	0.06643
2	0.00813	0.00597	0.00729	0.00724	0.00845	0.00576	0.00532	0.08212	0.01333	0.01801	0.30379	0.29755	0.12926	0.04581	0.00710	0.00198	0.00318	0.03967	0.00513	0.00493
3	0.01272	0.01586	0.16493	0.01936	0.02473	0.01271	0.54091	0.01708	0.01204	0.07243	0.01087	0.01364	0.00798	0.00486	0.00638	0.00175	0.04612	0.00559	0.00282	0.00721
4	0.09192	0.00644	0.00769	0.00666	0.00865	0.00635	0.06680	0.01289	0.01083	0.01940	0.01495	0.01728	0.01174	0.00565	0.00382	0.00126	0.00321	0.00463	0.63347	0.06635
5	0.14773	0.01243	0.01531	0.02986	0.30352	0.04830	0.01101	0.16186	0.14319	0.02132	0.01205	0.01400	0.00963	0.04084	0.00579	0.00174	0.00551	0.00464	0.00367	0.00759
6	0.01223	0.28208	0.37317	0.01244	0.03108	0.01464	0.02837	0.08829	0.01213	0.01644	0.01059	0.07650	0.00919	0.00583	0.00462	0.00150	0.00642	0.00454	0.00273	0.00719
7	0.01313	0.01454	0.15003	0.01378	0.04938	0.04574	0.13374	0.12961	0.15297	0.04265	0.05899	0.03002	0.01355	0.00649	0.00540	0.00164	0.00597	0.05171	0.00393	0.07675
8	0.01323	0.01126	0.01906	0.02315	0.42571	0.01107	0.12931	0.01708	0.06996	0.10388	0.01548	0.05047	0.04955	0.00622	0.00551	0.00167	0.00588	0.03035	0.00351	0.00766
9	0.01258	0.01585	0.21096	0.10902	0.10179	0.05919	0.06716	0.10371	0.05022	0.02805	0.01129	0.04655	0.00909	0.00551	0.00501	0.00151	0.00634	0.00472	0.00313	0.14833
10	0.04999	0.00621	0.00648	0.00567	0.00784	0.00570	0.00437	0.01253	0.01079	0.01899	0.01458	0.01672	0.01156	0.00545	0.00368	0.00112	0.00286	0.00431	0.59355	0.21758
11	0.01237	0.01095	0.01815	0.02123	0.36753	0.01068	0.13904	0.01640	0.08618	0.07563	0.01883	0.03425	0.12970	0.00648	0.00549	0.00163	0.00562	0.00619	0.00355	0.03009
12	0.00780	0.00598	0.00775	0.00764	0.00873	0.00655	0.00570	0.01050	0.08319	0.01299	0.02110	0.02734	0.13355	0.16801	0.46247	0.00612	0.00969	0.00680	0.00341	0.00470
13	0.11941	0.01324	0.25803	0.03217	0.01324	0.00877	0.00942	0.01319	0.04095	0.04846	0.01353	0.04690	0.01303	0.33308	0.01351	0.00304	0.00569	0.00574	0.00312	0.00550
14	0.00859	0.00671	0.00809	0.00905	0.08286	0.00681	0.00545	0.01146	0.12783	0.01349	0.02354	0.09399	0.14589	0.41543	0.01619	0.00342	0.00445	0.00817	0.00384	0.00473
15	0.01020	0.00913	0.01501	0.16244	0.30877	0.00940	0.04546	0.01305	0.01226	0.01706	0.23733	0.02414	0.02162	0.04550	0.00662	0.00183	0.00522	0.04501	0.00360	0.00635
16	0.01229	0.01405	0.03073	0.02195	0.02722	0.01317	0.76558	0.01668	0.01229	0.01668	0.01054	0.01405	0.00790	0.00439	0.00615	0.00176	0.00878	0.00615	0.00263	0.00702
17	0.01452	0.56642	0.07240	0.00993	0.01440	0.01863	0.00965	0.13328	0.08696	0.01663	0.00954	0.01024	0.00791	0.00502	0.00392	0.00128	0.00559	0.00345	0.00299	0.00724
18	0.01317	0.20556	0.19668	0.01391	0.01886	0.04698	0.18315	0.08008	0.14205	0.01757	0.01170	0.02732	0.00919	0.00540	0.00495	0.00156	0.00666	0.00472	0.00315	0.00736
19	0.01202	0.38534	0.44536	0.01216	0.01839	0.01594	0.01457	0.01609	0.01081	0.01458	0.00839	0.00980	0.00664	0.00473	0.00422	0.00141	0.00674	0.00337	0.00221	0.00724
20	0.01223	0.01488	0.19423	0.01161	0.01541	0.08126	0.06049	0.04311	0.21247	0.04026	0.03267	0.08123	0.01345	0.00736	0.01771	0.00174	0.02748	0.00570	0.08504	0.04166
21	0.00887	0.00734	0.01091	0.01382	0.20371	0.00775	0.00807	0.01030	0.00954	0.01330	0.01724	0.23908	0.01892	0.20264	0.12477	0.00357	0.06839	0.02320	0.00338	0.00518
22	0.00890	0.00746	0.00995	0.00935	0.01007	0.02983	0.00726	0.02672	0.00870	0.01239	0.01258	0.01991	0.01225	0.13711	0.48655	0.00628	0.18156	0.00555	0.00278	0.00480
23	0.00656	0.00514	0.00595	0.00613	0.00742	0.00453	0.00449	0.00810	0.01220	0.01570	0.23689	0.21583	0.41118	0.01324	0.00628	0.00182	0.00272	0.02624	0.00507	0.00450
24	0.00971	0.00485	0.00485	0.00485	0.00607	0.00485	0.00364	0.01213	0.01092	0.01942	0.01699	0.01942	0.01335	0.00607	0.00364	0.00121	0.00243	0.00485	0.84589	0.00485
25	0.08192	0.23373	0.01939	0.01240	0.01602	0.31628	0.08899	0.12297	0.01412	0.01666	0.00863	0.01002	0.00705	0.00520	0.00475	0.00140	0.02719	0.00367	0.00294	0.00667

[dist]
# distance from previous block
# <min> <max>
0	1

[block]
# block no. 10 follows, 47 sequences, length 16
# corresponding to MSA columns:
# 1297-1312
name=unknown_K
#
# <colnr> <probs for GDERKNQSTAVLIFYWHMCP>
#	G	D	E	R	K	N	Q	S	T	A	V	L	I	F	Y	W	H	M	C	P
0	0.01420	0.55329	0.02226	0.00929	0.01334	0.09162	0.00856	0.08257	0.01240	0.01478	0.02892	0.01186	0.04747	0.00525	0.00388	0.00120	0.00560	0.00361	0.00282	0.06708
1	0.00971	0.00485	0.00485	0.00485	0.00607	0.00485	0.00364	0.01213	0.01092	0.01942	0.01699	0.01942	0.01335	0.00607	0.00364	0.00121	0.00243	0.00485	0.84589	0.00485
2	0.00681	0.00485	0.00611	0.00671	0.00713	0.00468	0.00443	0.00765	0.00957	0.01277	0.06595	0.43690	0.08484	0.24271	0.07142	0.00336	0.00435	0.01151	0.00426	0.00401
3	0.01713	0.08538	0.01760	0.01837	0.23609	0.50895	0.01167	0.01900	0.01359	0.01393	0.00848	0.01031	0.00715	0.00508	0.00472	0.00138	0.00816	0.00368	0.00262	0.00672
4	0.00788	0.09205	0.15272	0.00882	0.01091	0.00735	0.00791	0.00981	0.01022	0.01378	0.02294	0.58331	0.02647	0.01301	0.00600	0.00193	0.00414	0.01156	0.00408	0.00512
5	0.00664	0.00465	0.00596	0.00688	0.00711	0.00442	0.00444	0.00733	0.00940	0.01254	0.02579	0.62884	0.03077	0.20607	0.01135	0.00281	0.00350	0.01309	0.00444	0.00398
6	0.01151	0.01193	0.00958	0.00943	0.01129	0.25433	0.00736	0.04422	0.01315	0.01475	0.02813	0.11207	0.23783	0.01105	0.00597	0.00182	0.00549	0.20073	0.00416	0.00519
7	0.25766	0.01042	0.01141	0.01027	0.05413	0.01109	0.00779	0.09807	0.18981	0.25336	0.01539	0.01471	0.01086	0.00600	0.00463	0.00163	0.00442	0.00460	0.02609	0.00766
8	0.09700	0.10049	0.63762	0.01346	0.02039	0.01286	0.01687	0.01629	0.01074	0.01679	0.00893	0.01048	0.00651	0.00489	0.00462	0.00159	0.00712	0.00364	0.00231	0.00739
9	0.01343	0.02097	0.29248	0.01461	0.01850	0.23795	0.06792	0.01661	0.01130	0.01430	0.00834	0.01087	0.00679	0.00622	0.00843	0.00175	0.23647	0.00407	0.00239	0.00660
10	0.01148	0.01003	0.01199	0.00919	0.01337	0.00895	0.04147	0.01745	0.22990	0.01834	0.01274	0.01342	0.01007	0.00480	0.00437	0.00110	0.00416	0.00403	0.00370	0.56945
11	0.01219	0.40095	0.38874	0.01242	0.01846	0.01617	0.05462	0.01608	0.01087	0.01450	0.00842	0.00991	0.00671	0.00468	0.00425	0.00140	0.00675	0.00347	0.00224	0.00718
12	0.01080	0.00991	0.01643	0.08034	0.50908	0.00999	0.01269	0.01330	0.01122	0.01569	0.01515	0.24144	0.01563	0.00801	0.00558	0.00172	0.00534	0.00754	0.00320	0.00693
13	0.00752	0.00525	0.00668	0.00668	0.00702	0.00559	0.00440	0.00821	0.00787	0.01084	0.01550	0.02903	0.01674	0.52874	0.31176	0.00628	0.00835	0.00683	0.00302	0.00371
14	0.01025	0.01116	0.08480	0.30103	0.29574	0.01049	0.01336	0.01339	0.01127	0.01506	0.01803	0.02041	0.16026	0.00656	0.00535	0.00167	0.00589	0.00582	0.00289	0.00656
15	0.00652	0.00481	0.00610	0.00679	0.00751	0.00439	0.00471	0.00779	0.01122	0.01491	0.18104	0.53780	0.15789	0.01469	0.00647	0.00196	0.00285	0.01313	0.00501	0.00439

[dist]
# distance from previous block
# <min> <max>
0	3

[block]
# block no. 11 follows, 47 sequences, length 17
# corresponding to MSA columns:
# 1316-1332
name=unknown_L
#
# <colnr> <probs for GDERKNQSTAVLIFYWHMCP>
#	G	D	E	R	K	N	Q	S	T	A	V	L	I	F	Y	W	H	M	C	P
0	0.01200	0.01178	0.02097	0.23416	0.48586	0.01227	0.11594	0.01537	0.01154	0.01599	0.00975	0.01331	0.00786	0.00476	0.00530	0.00162	0.00673	0.00484	0.00252	0.00744
1	0.01034	0.00977	0.01654	0.67629	0.16008	0.01170	0.01471	0.01375	0.01065	0.01392	0.00935	0.01372	0.00716	0.00511	0.00520	0.00170	0.00682	0.00463	0.00236	0.00619
2	0.01037	0.00993	0.01582	0.45146	0.02636	0.01258	0.05226	0.01365	0.04498	0.01357	0.00953	0.01392	0.00780	0.00871	0.06414	0.00235	0.22939	0.00481	0.00249	0.00586
3	0.01756	0.01323	0.01435	0.01106	0.01513	0.01410	0.00904	0.58400	0.05639	0.02907	0.01287	0.03774	0.00980	0.00621	0.00503	0.00146	0.00526	0.00480	0.00485	0.14805
4	0.00947	0.00728	0.00826	0.00751	0.00951	0.00722	0.00588	0.13596	0.06613	0.02032	0.31222	0.03825	0.28084	0.01077	0.00601	0.00172	0.00333	0.05846	0.00526	0.00561
5	0.01034	0.00977	0.01654	0.67629	0.16008	0.01170	0.01471	0.01375	0.01065	0.01392	0.00935	0.01372	0.00716	0.00511	0.00520	0.00170	0.00682	0.00463	0.00236	0.00619
6	0.00855	0.00702	0.00781	0.00728	0.00872	0.05841	0.00548	0.01176	0.06564	0.02040	0.67904	0.03562	0.04407	0.01005	0.00599	0.00163	0.00303	0.00878	0.00550	0.00521
7	0.01040	0.01021	0.01842	0.63401	0.07379	0.01188	0.13917	0.01401	0.01080	0.01406	0.00950	0.01386	0.00717	0.00504	0.00536	0.00173	0.00721	0.00488	0.00238	0.00612
8	0.01556	0.13002	0.24863	0.01305	0.01749	0.40312	0.01253	0.01930	0.06649	0.01444	0.00925	0.01044	0.00732	0.00524	0.00463	0.00143	0.00801	0.00360	0.00266	0.00678
9	0.00799	0.00961	0.13809	0.01144	0.11415	0.00680	0.00872	0.01026	0.01106	0.01470	0.02955	0.30846	0.23342	0.01186	0.00607	0.00188	0.00424	0.06218	0.00409	0.00543
10	0.31536	0.01054	0.01062	0.00832	0.01223	0.01054	0.00677	0.17215	0.01322	0.04801	0.03132	0.01133	0.00854	0.00498	0.00402	0.00129	0.00429	0.00357	0.00376	0.31913
11	0.15510	0.01131	0.01620	0.02074	0.40874	0.01149	0.01175	0.06370	0.04602	0.18658	0.01237	0.01347	0.00919	0.00527	0.00486	0.00158	0.00533	0.00452	0.00380	0.00799
12	0.01289	0.07452	0.10205	0.18962	0.02153	0.02907	0.13637	0.01929	0.20719	0.09545	0.04915	0.01604	0.01188	0.00584	0.00525	0.00166	0.00609	0.00523	0.00370	0.00718
13	0.04241	0.00965	0.01059	0.00935	0.01180	0.04035	0.00731	0.13291	0.23117	0.09135	0.17229	0.06939	0.02129	0.01231	0.11135	0.00258	0.00551	0.00665	0.00494	0.00682
14	0.01078	0.00771	0.00893	0.00764	0.01032	0.00706	0.00595	0.07239	0.08149	0.09380	0.15284	0.09031	0.21719	0.00925	0.00547	0.00153	0.00349	0.02002	0.00483	0.18900
15	0.01334	0.01332	0.14307	0.05173	0.01724	0.01093	0.09713	0.10252	0.17727	0.10492	0.05616	0.01741	0.04688	0.00619	0.00521	0.00156	0.00542	0.00535	0.00415	0.12022
16	0.12520	0.04924	0.10170	0.01413	0.01871	0.03422	0.26605	0.09448	0.09410	0.02953	0.03642	0.01357	0.00972	0.00520	0.00505	0.00157	0.00637	0.00486	0.00339	0.08649

[dist]
# distance from previous block
# <min> <max>
1	21

[block]
# block no. 12 follows, 47 sequences, length 40
# corresponding to MSA columns:
# 1355-1394
name=unknown_M
#
# <colnr> <probs for GDERKNQSTAVLIFYWHMCP>
#	G	D	E	R	K	N	Q	S	T	A	V	L	I	F	Y	W	H	M	C	P
0	0.11803	0.01254	0.07501	0.15369	0.24316	0.01212	0.01214	0.12553	0.07040	0.03738	0.01080	0.01272	0.00829	0.00517	0.00481	0.00155	0.00569	0.00432	0.00330	0.08333
1	0.09037	0.08971	0.04667	0.16547	0.08811	0.03174	0.10402	0.13240	0.09135	0.03775	0.01105	0.01281	0.00842	0.00523	0.00486	0.00155	0.00605	0.00446	0.00336	0.06463
2	0.01283	0.10253	0.26936	0.06687	0.06337	0.01257	0.01263	0.11615	0.09102	0.04010	0.01107	0.01224	0.00835	0.00513	0.00469	0.00144	0.00593	0.00406	0.00322	0.15645
3	0.01039	0.08946	0.31741	0.01054	0.01504	0.01021	0.01139	0.07490	0.01345	0.01911	0.29959	0.02135	0.02284	0.00709	0.00521	0.00154	0.00515	0.00587	0.00383	0.05566
4	0.04843	0.01051	0.01168	0.00953	0.01278	0.02274	0.00764	0.23806	0.15653	0.15881	0.16554	0.01966	0.01858	0.00704	0.00519	0.00155	0.00434	0.00572	0.02333	0.07234
5	0.08384	0.01445	0.01706	0.11830	0.32980	0.15052	0.01261	0.17645	0.01463	0.01969	0.00979	0.01195	0.00773	0.00520	0.00493	0.00154	0.00657	0.00427	0.00318	0.00747
6	0.00821	0.00550	0.00680	0.00649	0.00771	0.00508	0.00475	0.00993	0.01260	0.06187	0.41156	0.03965	0.15967	0.18182	0.01047	0.00242	0.00329	0.05247	0.00503	0.00468
7	0.00952	0.00696	0.00837	0.00767	0.00947	0.00704	0.00586	0.01499	0.20470	0.05842	0.53724	0.03327	0.05642	0.00961	0.00589	0.00167	0.00297	0.00837	0.00564	0.00593
8	0.02263	0.00903	0.01206	0.00936	0.01331	0.00803	0.00770	0.02554	0.06848	0.73409	0.02059	0.01785	0.01310	0.00649	0.00524	0.00162	0.00441	0.00528	0.00636	0.00882
9	0.00983	0.00926	0.01562	0.80447	0.03587	0.01157	0.01446	0.01331	0.01041	0.01331	0.00926	0.01388	0.00694	0.00521	0.00521	0.00174	0.00694	0.00463	0.00231	0.00579
10	0.01433	0.01187	0.01255	0.01088	0.01407	0.01360	0.00858	0.17631	0.62422	0.02400	0.01945	0.01804	0.01448	0.00690	0.00528	0.00173	0.00444	0.00565	0.00528	0.00837
11	0.04550	0.07199	0.31205	0.01217	0.01686	0.12120	0.03092	0.13070	0.01360	0.01832	0.06284	0.06483	0.02848	0.00788	0.03862	0.00188	0.00689	0.00514	0.00326	0.00688
12	0.01520	0.04862	0.39409	0.01194	0.01758	0.01053	0.01329	0.02002	0.06179	0.29253	0.05232	0.01523	0.01156	0.00588	0.00507	0.00162	0.00596	0.00471	0.00409	0.00797
13	0.01052	0.02639	0.75776	0.01514	0.02274	0.01214	0.05093	0.01650	0.01105	0.01650	0.00940	0.01112	0.00665	0.00492	0.00500	0.00165	0.00774	0.00395	0.00222	0.00767
14	0.01960	0.00852	0.01109	0.00881	0.01230	0.00767	0.00717	0.05378	0.04750	0.57567	0.10273	0.02261	0.08355	0.00749	0.00541	0.00163	0.00411	0.00618	0.00613	0.00803
15	0.01049	0.04538	0.72582	0.06104	0.02310	0.01227	0.01871	0.01628	0.01095	0.01620	0.00929	0.01110	0.00662	0.00495	0.00492	0.00164	0.00760	0.00387	0.00221	0.00756
16	0.01913	0.00932	0.01188	0.00973	0.01304	0.00923	0.00785	0.02412	0.19920	0.51097	0.02038	0.06448	0.01453	0.00733	0.00603	0.00172	0.05106	0.00592	0.00583	0.00826
17	0.02304	0.00894	0.01208	0.00931	0.01330	0.00782	0.00767	0.02545	0.03896	0.76386	0.02057	0.01778	0.01299	0.00647	0.00524	0.00162	0.00442	0.00526	0.00641	0.00884
18	0.00987	0.01029	0.06107	0.75812	0.03508	0.01160	0.01474	0.01349	0.01045	0.01349	0.00926	0.01371	0.00692	0.00519	0.00519	0.00173	0.00699	0.00458	0.00231	0.00590
19	0.00940	0.00547	0.00705	0.00726	0.00851	0.00490	0.00520	0.01066	0.01142	0.15177	0.07416	0.50677	0.14979	0.01374	0.00629	0.00194	0.00318	0.01219	0.00517	0.00512
20	0.01360	0.48796	0.27753	0.01090	0.01639	0.01667	0.01221	0.01674	0.01109	0.08111	0.00909	0.01004	0.00719	0.00479	0.00404	0.00133	0.00617	0.00335	0.00258	0.00721
21	0.00983	0.00926	0.01562	0.80447	0.03587	0.01157	0.01446	0.01331	0.01041	0.01331	0.00926	0.01388	0.00694	0.00521	0.00521	0.00174	0.00694	0.00463	0.00231	0.00579
22	0.01132	0.04529	0.36771	0.01133	0.01619	0.06359	0.01245	0.06748	0.01263	0.05795	0.02160	0.04360	0.18843	0.00788	0.00536	0.00168	0.00597	0.04936	0.00350	0.00667
23	0.01819	0.01613	0.31708	0.01154	0.01701	0.00967	0.01227	0.04555	0.01368	0.46161	0.01590	0.01492	0.01030	0.00585	0.00512	0.00162	0.00575	0.00468	0.00474	0.00841
24	0.01980	0.01459	0.01563	0.01198	0.01615	0.01615	0.00990	0.76713	0.02448	0.03282	0.01250	0.01250	0.00886	0.00625	0.00521	0.00156	0.00573	0.00469	0.00521	0.00886
25	0.00757	0.00507	0.00577	0.00577	0.00580	0.00510	0.00327	0.00763	0.00760	0.01017	0.01632	0.03361	0.01873	0.79039	0.05283	0.00516	0.00535	0.00750	0.00314	0.00321
26	0.00862	0.00788	0.04079	0.26964	0.01882	0.00798	0.04619	0.01123	0.01121	0.01519	0.11392	0.19376	0.05445	0.00982	0.00612	0.00187	0.02216	0.10192	0.05321	0.00524
27	0.00991	0.00936	0.01564	0.76585	0.03478	0.01178	0.01431	0.01327	0.01029	0.01327	0.00914	0.01376	0.00694	0.00540	0.00579	0.00176	0.04604	0.00462	0.00231	0.00578
28	0.01026	0.00937	0.01472	0.66798	0.03178	0.01153	0.01324	0.01524	0.11554	0.01468	0.01116	0.01484	0.00839	0.00549	0.00517	0.00172	0.00640	0.00481	0.03159	0.00609
29	0.00971	0.00485	0.00485	0.00485	0.00607	0.00485	0.00364	0.01213	0.01092	0.01942	0.01699	0.01942	0.01335	0.00607	0.00364	0.00121	0.00243	0.00485	0.84589	0.00485
30	0.01848	0.01068	0.01247	0.01049	0.02822	0.06562	0.00821	0.10028	0.09148	0.39878	0.01687	0.01747	0.01218	0.06845	0.04642	0.00224	0.07365	0.00523	0.00508	0.00769
31	0.01226	0.36971	0.17050	0.01345	0.01834	0.01571	0.20984	0.01552	0.01133	0.01487	0.06607	0.01273	0.01015	0.00515	0.00506	0.00146	0.03402	0.00442	0.00259	0.00680
