[name]
unknown

[dist]
# distance from previous block
# <min> <max>
4	23

[block]
# block no. 0 follows, 46 sequences, length 30
# corresponding to MSA columns:
# 23-52
name=unknown_A
#
# <colnr> <probs for GDERKNQSTAVLIFYWHMCP>
#	G	D	E	R	K	N	Q	S	T	A	V	L	I	F	Y	W	H	M	C	P
0	0.07455	0.14122	0.10601	0.04499	0.06251	0.18119	0.01004	0.05918	0.03274	0.04403	0.11129	0.03124	0.06656	0.00672	0.00491	0.00153	0.00601	0.00520	0.00354	0.00656
1	0.17396	0.17472	0.02923	0.01003	0.03024	0.05641	0.04169	0.08271	0.06963	0.04352	0.04936	0.09429	0.01323	0.00681	0.00480	0.00155	0.02014	0.00533	0.06840	0.02393
2	0.16830	0.29187	0.01908	0.03758	0.07463	0.22741	0.03032	0.04831	0.01224	0.01604	0.00815	0.00973	0.00686	0.00507	0.00444	0.00141	0.02582	0.00341	0.00274	0.00659
3	0.05028	0.05916	0.08248	0.08369	0.16580	0.04617	0.01133	0.14495	0.06791	0.11150	0.03175	0.01384	0.01007	0.00556	0.00493	0.00151	0.00571	0.00453	0.00383	0.09501
4	0.00855	0.00647	0.00775	0.00723	0.00884	0.00645	0.00548	0.01325	0.15351	0.02083	0.55383	0.03568	0.09126	0.01009	0.00596	0.00167	0.00282	0.00879	0.04598	0.00557
5	0.00757	0.00542	0.00737	0.00741	0.00797	0.00596	0.00524	0.00870	0.00824	0.01153	0.01560	0.05120	0.01622	0.33741	0.47293	0.00700	0.01033	0.00674	0.00304	0.00412
6	0.00649	0.00530	0.00566	0.00568	0.00723	0.00455	0.00418	0.00790	0.01215	0.01502	0.15010	0.09951	0.59957	0.04437	0.00708	0.00192	0.00277	0.01106	0.00497	0.00447
7	0.00659	0.00537	0.00582	0.00571	0.00735	0.00461	0.00428	0.00824	0.01285	0.01617	0.25153	0.04777	0.57993	0.01268	0.00624	0.00175	0.00263	0.01072	0.00516	0.00461
8	0.02372	0.00900	0.01227	0.00941	0.01350	0.00777	0.00777	0.02576	0.01513	0.78489	0.02086	0.01799	0.01309	0.00654	0.00532	0.00164	0.00450	0.00532	0.00654	0.00900
9	0.01060	0.02735	0.78682	0.01507	0.02288	0.01228	0.01953	0.01674	0.01116	0.01674	0.00949	0.01116	0.00670	0.00502	0.00502	0.00167	0.00781	0.00391	0.00223	0.00781
10	0.00625	0.00536	0.00536	0.00536	0.00714	0.00446	0.00402	0.00759	0.01205	0.01428	0.05355	0.05088	0.77909	0.01339	0.00625	0.00179	0.00268	0.01116	0.00491	0.00446
11	0.85155	0.01022	0.00777	0.00695	0.01022	0.01186	0.00573	0.01554	0.00900	0.02372	0.00736	0.00859	0.00573	0.00491	0.00327	0.00164	0.00409	0.00286	0.00327	0.00573
12	0.01248	0.01426	0.03119	0.02228	0.02763	0.01337	0.76203	0.01693	0.01248	0.01693	0.01070	0.01426	0.00802	0.00446	0.00624	0.00178	0.00891	0.00624	0.00267	0.00713
13	0.01975	0.02520	0.01498	0.01362	0.01634	0.79299	0.01021	0.02111	0.01498	0.01294	0.00817	0.00953	0.00681	0.00545	0.00477	0.00136	0.00953	0.00340	0.00272	0.00613
14	0.01157	0.01157	0.01619	0.01388	0.01388	0.01619	0.01157	0.01272	0.00810	0.01272	0.00694	0.01157	0.00694	0.00925	0.01735	0.00231	0.80453	0.00463	0.00231	0.00578
15	0.01248	0.01426	0.03119	0.02228	0.02763	0.01337	0.76203	0.01693	0.01248	0.01693	0.01070	0.01426	0.00802	0.00446	0.00624	0.00178	0.00891	0.00624	0.00267	0.00713
16	0.85155	0.01022	0.00777	0.00695	0.01022	0.01186	0.00573	0.01554	0.00900	0.02372	0.00736	0.00859	0.00573	0.00491	0.00327	0.00164	0.00409	0.00286	0.00327	0.00573
17	0.01596	0.13141	0.01406	0.00962	0.01276	0.11462	0.00793	0.32090	0.01717	0.02331	0.01274	0.01386	0.00981	0.00590	0.00444	0.00138	0.00522	0.00435	0.26753	0.00702
18	0.00693	0.00508	0.00651	0.00702	0.00787	0.00466	0.00498	0.00842	0.01179	0.01593	0.24924	0.44163	0.11656	0.03145	0.00695	0.00202	0.00300	0.04332	0.00510	0.02154
19	0.03609	0.11989	0.37907	0.03350	0.01865	0.09354	0.01381	0.08456	0.01291	0.06775	0.01037	0.01159	0.00766	0.00522	0.00469	0.00150	0.00679	0.00388	0.03700	0.05153
20	0.01063	0.00890	0.01025	0.01027	0.05227	0.00966	0.00742	0.01952	0.41622	0.01995	0.17273	0.09584	0.09695	0.00944	0.00581	0.00181	0.00375	0.03651	0.00521	0.00685
21	0.02372	0.00900	0.01227	0.00941	0.01350	0.00777	0.00777	0.02576	0.01513	0.78489	0.02086	0.01799	0.01309	0.00654	0.00532	0.00164	0.00450	0.00532	0.00654	0.00900
22	0.01278	0.01231	0.02107	0.03101	0.72612	0.01224	0.03807	0.01588	0.01205	0.01714	0.01180	0.01471	0.04074	0.00507	0.00531	0.00159	0.00621	0.00503	0.00271	0.00817
23	0.01209	0.07572	0.15333	0.13165	0.26302	0.01305	0.19940	0.03168	0.01190	0.01643	0.01045	0.03824	0.00856	0.00518	0.00536	0.00165	0.00714	0.00514	0.00263	0.00738
24	0.00842	0.00601	0.00840	0.00962	0.01079	0.00600	0.00835	0.01078	0.01207	0.01571	0.02805	0.09577	0.03064	0.01470	0.00728	0.00242	0.00478	0.71050	0.00487	0.00484
25	0.00636	0.00538	0.00551	0.00554	0.00729	0.00453	0.00419	0.00776	0.01213	0.01452	0.07238	0.05086	0.73433	0.01336	0.00628	0.00180	0.00275	0.03561	0.00493	0.00449
26	0.01032	0.00827	0.01194	0.01321	0.13781	0.00851	0.04738	0.10872	0.03104	0.01718	0.05681	0.30114	0.02208	0.04542	0.05253	0.04263	0.02346	0.05160	0.00415	0.00581
27	0.01381	0.02061	0.47124	0.01613	0.12711	0.01161	0.01600	0.03769	0.05341	0.16313	0.01244	0.01323	0.00871	0.00542	0.00513	0.00166	0.00672	0.00442	0.00335	0.00818
28	0.02372	0.00900	0.01227	0.00941	0.01350	0.00777	0.00777	0.02576	0.01513	0.78489	0.02086	0.01799	0.01309	0.00654	0.00532	0.00164	0.00450	0.00532	0.00654	0.00900
29	0.01345	0.01244	0.02046	0.05466	0.67606	0.01264	0.01538	0.07633	0.01290	0.01824	0.01013	0.01316	0.00840	0.00521	0.00563	0.02297	0.00622	0.00471	0.00282	0.00819

[dist]
# distance from previous block
# <min> <max>
0	12

[block]
# block no. 1 follows, 46 sequences, length 72
# corresponding to MSA columns:
# 65-107,109-124,126-138
name=unknown_B
#
# <colnr> <probs for GDERKNQSTAVLIFYWHMCP>
#	G	D	E	R	K	N	Q	S	T	A	V	L	I	F	Y	W	H	M	C	P
0	0.01213	0.11509	0.18526	0.23666	0.22500	0.05609	0.03159	0.02898	0.01168	0.01549	0.01038	0.01311	0.02581	0.00519	0.00500	0.00159	0.00689	0.00442	0.00253	0.00713
1	0.01572	0.00730	0.00891	0.00747	0.01026	0.00656	0.00595	0.04583	0.01371	0.37550	0.02810	0.04942	0.20339	0.00844	0.00523	0.00160	0.00361	0.00694	0.18924	0.00685
2	0.83002	0.01020	0.00798	0.02728	0.01089	0.01186	0.00595	0.01549	0.00904	0.02346	0.00741	0.00873	0.00576	0.00492	0.00332	0.00164	0.00417	0.00291	0.00325	0.00573
3	0.01284	0.00597	0.00698	0.00624	0.00815	0.00562	0.00485	0.01521	0.01259	0.20295	0.12333	0.02203	0.01846	0.00689	0.00443	0.00139	0.00295	0.00566	0.52754	0.00591
4	0.01380	0.50042	0.02306	0.01093	0.01390	0.08393	0.00993	0.01530	0.01027	0.01257	0.00729	0.00953	0.00683	0.00607	0.00785	0.00152	0.25462	0.00344	0.00232	0.00642
5	0.00985	0.00493	0.00493	0.00493	0.00616	0.00493	0.00370	0.01232	0.01109	0.01971	0.01725	0.01971	0.01355	0.00616	0.00370	0.00123	0.00246	0.00493	0.84356	0.00493
6	0.00748	0.00540	0.00707	0.00665	0.00790	0.00499	0.00499	0.00998	0.01496	0.02120	0.77844	0.03949	0.04988	0.01081	0.00624	0.00166	0.00249	0.00956	0.00582	0.00499
7	0.01308	0.01256	0.02146	0.03245	0.78123	0.01256	0.01622	0.01622	0.01204	0.01727	0.00994	0.01308	0.00837	0.00471	0.00523	0.00157	0.00628	0.00471	0.00262	0.00837
8	0.00769	0.00513	0.00577	0.00577	0.00577	0.00513	0.00320	0.00769	0.00769	0.01025	0.01666	0.03460	0.01922	0.81421	0.02691	0.00513	0.00513	0.00769	0.00320	0.00320
9	0.01248	0.01426	0.03119	0.02228	0.02763	0.01337	0.76203	0.01693	0.01248	0.01693	0.01070	0.01426	0.00802	0.00446	0.00624	0.00178	0.00891	0.00624	0.00267	0.00713
10	0.01241	0.01187	0.02023	0.20077	0.61821	0.01238	0.01589	0.01563	0.01172	0.01645	0.00982	0.01331	0.00808	0.00484	0.00525	0.00161	0.00645	0.00471	0.00256	0.00783
11	0.02010	0.01481	0.01587	0.01216	0.01639	0.01639	0.01005	0.76360	0.02486	0.03332	0.01269	0.01269	0.00899	0.00635	0.00529	0.00159	0.00582	0.00476	0.00529	0.00899
12	0.01409	0.27777	0.01559	0.00890	0.01166	0.19931	0.00749	0.04568	0.01237	0.01604	0.01134	0.01307	0.00934	0.00555	0.00430	0.00127	0.02815	0.00386	0.30819	0.00601
13	0.00644	0.00460	0.00613	0.00736	0.00767	0.00429	0.00491	0.00736	0.01012	0.01350	0.02914	0.81076	0.03497	0.01656	0.00675	0.00215	0.00307	0.01503	0.00491	0.00429
14	0.01441	0.03391	0.16309	0.01330	0.09997	0.03678	0.02623	0.08064	0.07964	0.13477	0.01248	0.01317	0.00924	0.00518	0.00479	0.00137	0.00553	0.00423	0.00375	0.25751
15	0.01955	0.04641	0.20503	0.01103	0.01604	0.01018	0.01092	0.07708	0.03404	0.48925	0.01692	0.01558	0.01103	0.00609	0.00517	0.00163	0.00545	0.00484	0.00518	0.00860
16	0.01308	0.01256	0.02146	0.03245	0.78123	0.01256	0.01622	0.01622	0.01204	0.01727	0.00994	0.01308	0.00837	0.00471	0.00523	0.00157	0.00628	0.00471	0.00262	0.00837
17	0.00769	0.00513	0.00577	0.00577	0.00577	0.00513	0.00320	0.00769	0.00769	0.01025	0.01666	0.03460	0.01922	0.81421	0.02691	0.00513	0.00513	0.00769	0.00320	0.00320
18	0.01361	0.01158	0.01221	0.01085	0.01392	0.01336	0.00848	0.07675	0.72228	0.02286	0.02093	0.01926	0.01566	0.00712	0.00537	0.00178	0.00429	0.00590	0.00537	0.00841
19	0.03256	0.01080	0.03535	0.31135	0.22784	0.01113	0.02812	0.05221	0.01277	0.17069	0.04648	0.01549	0.01061	0.00565	0.00529	0.00167	0.00606	0.00502	0.00358	0.00735
20	0.03728	0.01345	0.01485	0.01257	0.05919	0.03676	0.00971	0.48349	0.08191	0.12368	0.01427	0.01485	0.01039	0.00640	0.00523	0.00159	0.00552	0.02297	0.00509	0.04081
21	0.02372	0.00900	0.01227	0.00941	0.01350	0.00777	0.00777	0.02576	0.01513	0.78489	0.02086	0.01799	0.01309	0.00654	0.00532	0.00164	0.00450	0.00532	0.00654	0.00900
22	0.00652	0.00465	0.00622	0.00745	0.00779	0.00436	0.00504	0.00749	0.01020	0.01358	0.02910	0.78378	0.03480	0.01649	0.00677	0.00216	0.00313	0.04127	0.00491	0.00431
23	0.01619	0.17613	0.12448	0.05803	0.05033	0.10718	0.09263	0.03759	0.03114	0.20959	0.01244	0.01330	0.00908	0.00654	0.03122	0.00176	0.00684	0.00445	0.00363	0.00748
24	0.01018	0.00959	0.01621	0.75342	0.08298	0.01180	0.01478	0.01368	0.01066	0.01374	0.00943	0.01403	0.00713	0.00525	0.00528	0.00175	0.00700	0.00470	0.00237	0.00603
25	0.01205	0.03232	0.18921	0.05667	0.07019	0.01028	0.04545	0.04298	0.06693	0.04464	0.01087	0.01237	0.00838	0.00475	0.00463	0.00128	0.00551	0.00398	0.00317	0.37435
26	0.00755	0.00566	0.00850	0.00850	0.00944	0.00661	0.00661	0.00944	0.00850	0.01227	0.01416	0.02077	0.01322	0.03965	0.79326	0.00850	0.01416	0.00566	0.00283	0.00472
27	0.01240	0.07230	0.09105	0.01051	0.04220	0.12075	0.00872	0.07151	0.13286	0.04805	0.12623	0.02587	0.19953	0.00831	0.00542	0.00162	0.00504	0.00673	0.00433	0.00656
28	0.27733	0.05526	0.01387	0.01041	0.01429	0.04306	0.00863	0.45299	0.03244	0.02833	0.01076	0.01122	0.00792	0.00579	0.00455	0.00157	0.00538	0.00405	0.00442	0.00775
29	0.02811	0.20482	0.16550	0.01098	0.04763	0.01261	0.01024	0.10188	0.01280	0.05298	0.03075	0.01335	0.02809	0.02752	0.00503	0.00139	0.00540	0.00405	0.00325	0.23362
30	0.01630	0.04824	0.01592	0.01356	0.01526	0.45673	0.01071	0.01759	0.01209	0.01283	0.00765	0.01030	0.00686	0.00693	0.00971	0.00173	0.32515	0.00387	0.00254	0.00601
31	0.02119	0.01306	0.01478	0.01133	0.01552	0.01380	0.00936	0.54126	0.02193	0.25980	0.01515	0.01429	0.01022	0.00641	0.00530	0.00160	0.00542	0.00493	0.00567	0.00899
32	0.00887	0.00470	0.00665	0.00665	0.00665	0.00470	0.00430	0.00706	0.00706	0.00941	0.01076	0.01997	0.01130	0.18600	0.02198	0.66903	0.00470	0.00524	0.00249	0.00249
33	0.85155	0.01022	0.00777	0.00695	0.01022	0.01186	0.00573	0.01554	0.00900	0.02372	0.00736	0.00859	0.00573	0.00491	0.00327	0.00164	0.00409	0.00286	0.00327	0.00573
34	0.07732	0.01367	0.03591	0.13186	0.27832	0.08273	0.02570	0.17549	0.04629	0.06562	0.01122	0.01303	0.00853	0.00543	0.00509	0.00161	0.00631	0.00456	0.00354	0.00775
35	0.01334	0.01145	0.01206	0.01080	0.01382	0.01324	0.00841	0.04841	0.75105	0.02242	0.02127	0.01953	0.01594	0.00715	0.00538	0.00179	0.00423	0.00594	0.00538	0.00838
36	0.00755	0.00566	0.00850	0.00850	0.00944	0.00661	0.00661	0.00944	0.00850	0.01227	0.01416	0.02077	0.01322	0.03965	0.79326	0.00850	0.01416	0.00566	0.00283	0.00472
37	0.85155	0.01022	0.00777	0.00695	0.01022	0.01186	0.00573	0.01554	0.00900	0.02372	0.00736	0.00859	0.00573	0.00491	0.00327	0.00164	0.00409	0.00286	0.00327	0.00573
38	0.01110	0.07450	0.65077	0.01647	0.09183	0.01287	0.03732	0.01664	0.01125	0.01653	0.00943	0.01125	0.00689	0.00495	0.00497	0.00163	0.00757	0.00397	0.00228	0.00778
39	0.01157	0.01157	0.01619	0.01388	0.01388	0.01619	0.01157	0.01272	0.00810	0.01272	0.00694	0.01157	0.00694	0.00925	0.01735	0.00231	0.80453	0.00463	0.00231	0.00578
40	0.01308	0.01256	0.02146	0.03245	0.78123	0.01256	0.01622	0.01622	0.01204	0.01727	0.00994	0.01308	0.00837	0.00471	0.00523	0.00157	0.00628	0.00471	0.00262	0.00837
41	0.01425	0.03203	0.41022	0.08430	0.02045	0.03915	0.01470	0.05322	0.01286	0.19345	0.01342	0.01626	0.00992	0.00612	0.00525	0.00170	0.00672	0.05474	0.00357	0.00769
42	0.00836	0.00606	0.00818	0.00788	0.00820	0.00697	0.00561	0.00880	0.00790	0.01109	0.01350	0.02435	0.01419	0.33751	0.28074	0.12699	0.11077	0.00617	0.00283	0.00391
43	0.00644	0.00460	0.00613	0.00736	0.00767	0.00429	0.00491	0.00736	0.01012	0.01350	0.02914	0.81076	0.03497	0.01656	0.00675	0.00215	0.00307	0.01503	0.00491	0.00429
44	0.01060	0.02735	0.78682	0.01507	0.02288	0.01228	0.01953	0.01674	0.01116	0.01674	0.00949	0.01116	0.00670	0.00502	0.00502	0.00167	0.00781	0.00391	0.00223	0.00781
45	0.00769	0.00513	0.00577	0.00577	0.00577	0.00513	0.00320	0.00769	0.00769	0.01025	0.01666	0.03460	0.01922	0.81421	0.02691	0.00513	0.00513	0.00769	0.00320	0.00320
46	0.01934	0.01499	0.01540	0.01209	0.01611	0.05725	0.00988	0.64624	0.10350	0.03105	0.01339	0.01327	0.00963	0.00639	0.00527	0.00160	0.00584	0.00482	0.00516	0.00877
47	0.00996	0.03749	0.10158	0.05428	0.22377	0.00897	0.01032	0.02843	0.01181	0.03087	0.02604	0.08322	0.25626	0.03183	0.02386	0.00195	0.00511	0.02733	0.00367	0.02326
48	0.01388	0.30178	0.33926	0.01261	0.03667	0.03352	0.02874	0.01810	0.04375	0.10959	0.01064	0.01149	0.00798	0.00511	0.00452	0.00148	0.00652	0.00384	0.00293	0.00758
49	0.01225	0.06566	0.11201	0.02028	0.02574	0.01351	0.61562	0.01667	0.01229	0.01674	0.02973	0.01420	0.00886	0.00468	0.00593	0.00173	0.00843	0.00586	0.00268	0.00713
50	0.00753	0.00555	0.00804	0.00809	0.00888	0.00633	0.00609	0.00913	0.00844	0.01204	0.01502	0.05033	0.01479	0.14341	0.66222	0.00782	0.01255	0.00627	0.00295	0.00450
51	0.03440	0.01002	0.01713	0.30563	0.20078	0.01098	0.11283	0.01346	0.01090	0.01504	0.01343	0.13956	0.02401	0.02148	0.00657	0.00186	0.04606	0.00663	0.00294	0.00630
52	0.01086	0.13134	0.45354	0.01445	0.03564	0.01262	0.12596	0.01544	0.01138	0.01585	0.01446	0.03561	0.08808	0.00603	0.00515	0.00164	0.00699	0.00515	0.00266	0.00714
53	0.00644	0.00462	0.00611	0.00731	0.00765	0.00430	0.00488	0.00737	0.01017	0.01352	0.02979	0.79034	0.05497	0.01648	0.00673	0.00214	0.00306	0.01492	0.00491	0.00430
54	0.01294	0.01441	0.02840	0.02401	0.18512	0.04951	0.57064	0.01698	0.01250	0.01682	0.01042	0.01379	0.00804	0.00456	0.00596	0.00172	0.00839	0.00579	0.00266	0.00734
55	0.01552	0.11574	0.13996	0.14782	0.03553	0.01129	0.01106	0.04345	0.03096	0.27623	0.01600	0.03858	0.04286	0.00642	0.00534	0.00163	0.02422	0.00514	0.02479	0.00745
56	0.00762	0.00553	0.00753	0.00755	0.00810	0.00614	0.00538	0.00877	0.00827	0.01160	0.01562	0.06181	0.01628	0.31927	0.46511	0.00687	0.02450	0.00681	0.00305	0.00417
57	0.01893	0.01049	0.01206	0.00952	0.01299	0.01074	0.00777	0.33369	0.01828	0.28805	0.01657	0.01616	0.01147	0.00637	0.00492	0.00152	0.00458	0.00499	0.20287	0.00804
58	0.01371	0.01610	0.19067	0.15378	0.22875	0.07008	0.04252	0.07982	0.05099	0.07192	0.01129	0.01338	0.00849	0.00590	0.01848	0.00175	0.00696	0.00461	0.00314	0.00764
59	0.04760	0.08546	0.37120	0.01595	0.09779	0.06045	0.07425	0.13106	0.03399	0.01919	0.01010	0.01165	0.00755	0.00519	0.00497	0.00160	0.00712	0.00420	0.00293	0.00774
60	0.00853	0.00762	0.00771	0.00740	0.00902	0.07818	0.02720	0.02739	0.01228	0.01540	0.08676	0.19001	0.39266	0.01199	0.00621	0.00177	0.02085	0.01015	0.07399	0.00487
61	0.45188	0.15364	0.02785	0.00988	0.02857	0.17488	0.02327	0.04717	0.01135	0.01954	0.00790	0.00918	0.00638	0.00500	0.00381	0.00149	0.00576	0.00317	0.00302	0.00624
62	0.00658	0.00524	0.00589	0.00599	0.00741	0.00456	0.00439	0.00812	0.01244	0.01581	0.22336	0.17114	0.48385	0.01328	0.00633	0.00181	0.00270	0.01140	0.00513	0.00456
63	0.02888	0.49461	0.01949	0.00823	0.01152	0.01484	0.00750	0.01385	0.02764	0.02967	0.13335	0.10704	0.06981	0.00757	0.00449	0.00141	0.00458	0.00593	0.00346	0.00612
64	0.00769	0.00513	0.00577	0.00577	0.00577	0.00513	0.00320	0.00769	0.00769	0.01025	0.01666	0.03460	0.01922	0.81421	0.02691	0.00513	0.00513	0.00769	0.00320	0.00320
65	0.01432	0.01194	0.01261	0.01100	0.01419	0.01370	0.00865	0.15207	0.64580	0.02400	0.02003	0.01854	0.01493	0.00703	0.00536	0.00176	0.00446	0.00577	0.00536	0.00847
66	0.02359	0.00920	0.01239	0.00950	0.01360	0.00807	0.00785	0.05163	0.01547	0.75854	0.02057	0.01781	0.01294	0.00654	0.00532	0.00163	0.00454	0.00530	0.00650	0.00900
67	0.02010	0.01481	0.01587	0.01216	0.01639	0.01639	0.01005	0.76360	0.02486	0.03332	0.01269	0.01269	0.00899	0.00635	0.00529	0.00159	0.00582	0.00476	0.00529	0.00899
68	0.02372	0.00900	0.01227	0.00941	0.01350	0.00777	0.00777	0.02576	0.01513	0.78489	0.02086	0.01799	0.01309	0.00654	0.00532	0.00164	0.00450	0.00532	0.00654	0.00900
69	0.00852	0.00608	0.00852	0.00974	0.01095	0.00608	0.00852	0.01095	0.01217	0.01582	0.02799	0.05963	0.03042	0.01460	0.00730	0.00243	0.00487	0.74565	0.00487	0.00487
70	0.01413	0.81739	0.02770	0.00905	0.01357	0.02092	0.00905	0.01583	0.01074	0.01244	0.00735	0.00848	0.00678	0.00452	0.00339	0.00113	0.00565	0.00283	0.00226	0.00678
71	0.04154	0.01991	0.46909	0.01359	0.04572	0.01077	0.03402	0.03403	0.01205	0.09615	0.03363	0.01677	0.02919	0.00607	0.00516	0.00165	0.00653	0.05181	0.00320	0.06911

[dist]
# distance from previous block
# <min> <max>
0	1

[block]
# block no. 2 follows, 46 sequences, length 7
# corresponding to MSA columns:
# 140-146
name=unknown_C
#
# <colnr> <probs for GDERKNQSTAVLIFYWHMCP>
#	G	D	E	R	K	N	Q	S	T	A	V	L	I	F	Y	W	H	M	C	P
0	0.01408	0.03258	0.01216	0.07846	0.01423	0.02938	0.05556	0.03331	0.03785	0.25442	0.19387	0.05910	0.09072	0.00825	0.00584	0.00167	0.02089	0.00706	0.02795	0.02262
1	0.02041	0.01431	0.01556	0.01193	0.01615	0.01566	0.00985	0.70059	0.02403	0.09750	0.01339	0.01315	0.00934	0.00636	0.00529	0.00159	0.00570	0.00481	0.00540	0.00899
2	0.00688	0.00482	0.00616	0.00695	0.00720	0.00468	0.00449	0.00758	0.00929	0.01245	0.02450	0.53043	0.02894	0.25823	0.05911	0.00342	0.00434	0.01227	0.00427	0.00399
3	0.01233	0.22570	0.10919	0.22351	0.02130	0.10121	0.05318	0.01515	0.01098	0.01385	0.00927	0.01227	0.00764	0.00765	0.05805	0.00201	0.06809	0.00412	0.03819	0.00631
4	0.01013	0.06703	0.30093	0.01270	0.01694	0.01042	0.16049	0.01339	0.01012	0.01412	0.01223	0.02022	0.01157	0.30238	0.01321	0.00293	0.00691	0.00569	0.00268	0.00592
5	0.00666	0.00476	0.00637	0.00750	0.00793	0.00447	0.00519	0.00780	0.01058	0.01415	0.07558	0.70573	0.03555	0.01606	0.00676	0.00214	0.00317	0.07027	0.00496	0.00438
6	0.01237	0.15971	0.22145	0.01189	0.06458	0.04595	0.01108	0.03302	0.01224	0.09306	0.11659	0.06249	0.01584	0.00984	0.07870	0.00220	0.00645	0.00551	0.03026	0.00677

[dist]
# distance from previous block
# <min> <max>
0	1

[block]
# block no. 3 follows, 46 sequences, length 24
# corresponding to MSA columns:
# 148-171
name=unknown_D
#
# <colnr> <probs for GDERKNQSTAVLIFYWHMCP>
#	G	D	E	R	K	N	Q	S	T	A	V	L	I	F	Y	W	H	M	C	P
0	0.13258	0.19058	0.17718	0.01352	0.03114	0.01369	0.18534	0.03742	0.03138	0.06367	0.01148	0.05544	0.00956	0.00574	0.00487	0.00161	0.00638	0.01828	0.00311	0.00702
1	0.00679	0.00485	0.00654	0.00777	0.00823	0.00460	0.00552	0.00797	0.01047	0.01389	0.02894	0.68280	0.03419	0.01623	0.00684	0.00220	0.00337	0.13950	0.00490	0.00439
2	0.11923	0.12832	0.01611	0.06143	0.14443	0.28686	0.01017	0.03613	0.01263	0.03110	0.00947	0.01134	0.00773	0.00531	0.00472	0.00144	0.02518	0.00379	0.07804	0.00655
3	0.00729	0.00526	0.00690	0.00678	0.00786	0.00486	0.00497	0.00950	0.01408	0.01980	0.64220	0.17973	0.04717	0.01185	0.00633	0.00175	0.00260	0.01055	0.00565	0.00486
4	0.01142	0.01023	0.01397	0.01000	0.01478	0.00819	0.11394	0.03369	0.01155	0.01761	0.00967	0.01148	0.00789	0.00406	0.00428	0.00095	0.00468	0.00362	0.00312	0.70488
5	0.00767	0.00514	0.00585	0.00582	0.00591	0.00512	0.00332	0.00784	0.00817	0.01098	0.06733	0.03492	0.02126	0.76077	0.02553	0.00489	0.00495	0.00781	0.00338	0.00332
6	0.00634	0.00536	0.00549	0.00545	0.00720	0.00450	0.00409	0.00777	0.01227	0.01481	0.10866	0.05001	0.72366	0.01319	0.00625	0.00178	0.00266	0.01104	0.00498	0.00450
7	0.01308	0.01256	0.02146	0.03245	0.78123	0.01256	0.01622	0.01622	0.01204	0.01727	0.00994	0.01308	0.00837	0.00471	0.00523	0.00157	0.00628	0.00471	0.00262	0.00837
8	0.00625	0.00536	0.00536	0.00536	0.00714	0.00446	0.00402	0.00759	0.01205	0.01428	0.05355	0.05088	0.77909	0.01339	0.00625	0.00179	0.00268	0.01116	0.00491	0.00446
9	0.85155	0.01022	0.00777	0.00695	0.01022	0.01186	0.00573	0.01554	0.00900	0.02372	0.00736	0.00859	0.00573	0.00491	0.00327	0.00164	0.00409	0.00286	0.00327	0.00573
10	0.02010	0.01481	0.01587	0.01216	0.01639	0.01639	0.01005	0.76360	0.02486	0.03332	0.01269	0.01269	0.00899	0.00635	0.00529	0.00159	0.00582	0.00476	0.00529	0.00899
11	0.85155	0.01022	0.00777	0.00695	0.01022	0.01186	0.00573	0.01554	0.00900	0.02372	0.00736	0.00859	0.00573	0.00491	0.00327	0.00164	0.00409	0.00286	0.00327	0.00573
12	0.01413	0.81739	0.02770	0.00905	0.01357	0.02092	0.00905	0.01583	0.01074	0.01244	0.00735	0.00848	0.00678	0.00452	0.00339	0.00113	0.00565	0.00283	0.00226	0.00678
13	0.02194	0.00977	0.01250	0.00981	0.01375	0.00919	0.00803	0.08218	0.12356	0.61918	0.02033	0.01784	0.01321	0.00662	0.00532	0.00165	0.00455	0.00537	0.00628	0.00891
14	0.01854	0.19544	0.01771	0.01264	0.01575	0.62707	0.00996	0.01998	0.01407	0.01283	0.00799	0.00931	0.00680	0.00525	0.00447	0.00131	0.00870	0.00328	0.00262	0.00627
15	0.01975	0.02520	0.01498	0.01362	0.01634	0.79299	0.01021	0.02111	0.01498	0.01294	0.00817	0.00953	0.00681	0.00545	0.00477	0.00136	0.00953	0.00340	0.00272	0.00613
16	0.00769	0.00527	0.00617	0.00614	0.00683	0.00497	0.00400	0.00857	0.01034	0.03358	0.17944	0.11775	0.15419	0.41338	0.01660	0.00346	0.00395	0.00934	0.00428	0.00404
17	0.01082	0.01043	0.06272	0.00869	0.01323	0.00753	0.02317	0.03193	0.01129	0.01728	0.01116	0.07763	0.01005	0.00511	0.00431	0.00100	0.00426	0.00428	0.00326	0.68184
18	0.00684	0.00487	0.00650	0.00766	0.00810	0.00463	0.00540	0.00796	0.01032	0.01370	0.02829	0.64860	0.03340	0.05867	0.00791	0.00235	0.00347	0.13221	0.00481	0.00433
19	0.00662	0.00480	0.00630	0.00744	0.00794	0.00448	0.00518	0.00772	0.01046	0.01377	0.03081	0.68433	0.08878	0.01615	0.00676	0.00215	0.00321	0.08385	0.00490	0.00436
20	0.01111	0.01133	0.05297	0.37897	0.22652	0.03111	0.01359	0.01567	0.09458	0.01569	0.01455	0.01785	0.06750	0.00612	0.00537	0.00171	0.00626	0.01932	0.00300	0.00678
21	0.01136	0.01050	0.01772	0.02399	0.48509	0.01080	0.05109	0.01452	0.03241	0.01586	0.01160	0.01568	0.01006	0.01545	0.24631	0.00371	0.00877	0.00512	0.00276	0.00719
22	0.02099	0.00887	0.01152	0.00901	0.01278	0.00787	0.00739	0.07226	0.01534	0.62521	0.02497	0.02232	0.12185	0.00750	0.00545	0.00165	0.00433	0.00611	0.00623	0.00835
23	0.02237	0.00952	0.01285	0.06985	0.01548	0.00880	0.00849	0.08726	0.01561	0.66267	0.01929	0.01725	0.01228	0.00643	0.00531	0.00164	0.00480	0.00522	0.00612	0.00876

[dist]
# distance from previous block
# <min> <max>
0	1

[block]
# block no. 4 follows, 46 sequences, length 27
# corresponding to MSA columns:
# 173-199
name=unknown_E
#
# <colnr> <probs for GDERKNQSTAVLIFYWHMCP>
#	G	D	E	R	K	N	Q	S	T	A	V	L	I	F	Y	W	H	M	C	P
0	0.13482	0.04727	0.01693	0.03792	0.16548	0.17556	0.09856	0.07954	0.04549	0.09238	0.01185	0.05006	0.00962	0.00585	0.00499	0.00159	0.00650	0.00488	0.00354	0.00717
1	0.00945	0.00789	0.01212	0.20036	0.01767	0.00842	0.08155	0.06748	0.04483	0.01613	0.05593	0.33983	0.02272	0.01113	0.00648	0.01935	0.00498	0.06406	0.00411	0.00551
2	0.12220	0.19793	0.04005	0.01293	0.07111	0.11952	0.05850	0.12798	0.08932	0.01901	0.01021	0.01144	0.00816	0.00545	0.00510	0.00149	0.04452	0.00400	0.00331	0.04776
3	0.00820	0.00670	0.00847	0.12336	0.01273	0.00688	0.00673	0.01191	0.10971	0.01697	0.23270	0.10523	0.24605	0.02756	0.00653	0.00189	0.00368	0.05461	0.00480	0.00529
4	0.01152	0.00973	0.01126	0.00809	0.01276	0.00762	0.00649	0.05895	0.01181	0.01821	0.00960	0.01107	0.00790	0.00406	0.00400	0.00083	0.00403	0.00323	0.00326	0.79558
5	0.00642	0.00467	0.00607	0.00719	0.00762	0.00431	0.00483	0.00738	0.01029	0.01356	0.03125	0.74496	0.09940	0.01629	0.00670	0.00212	0.00303	0.01469	0.00491	0.00431
6	0.00694	0.00538	0.00632	0.00608	0.00757	0.00476	0.00456	0.00893	0.01369	0.01816	0.46024	0.04449	0.36997	0.01194	0.00624	0.00172	0.00257	0.01026	0.00542	0.00476
7	0.00667	0.00537	0.00594	0.00580	0.00740	0.00464	0.00435	0.00840	0.01304	0.01663	0.29987	0.04701	0.53131	0.01251	0.00624	0.00174	0.00262	0.01061	0.00522	0.00464
8	0.02010	0.01481	0.01587	0.01216	0.01639	0.01639	0.01005	0.76360	0.02486	0.03332	0.01269	0.01269	0.00899	0.00635	0.00529	0.00159	0.00582	0.00476	0.00529	0.00899
9	0.01315	0.01136	0.01195	0.01076	0.01375	0.01315	0.00837	0.02809	0.77168	0.02211	0.02152	0.01972	0.01614	0.00717	0.00538	0.00179	0.00418	0.00598	0.00538	0.00837
10	0.85155	0.01022	0.00777	0.00695	0.01022	0.01186	0.00573	0.01554	0.00900	0.02372	0.00736	0.00859	0.00573	0.00491	0.00327	0.00164	0.00409	0.00286	0.00327	0.00573
11	0.00852	0.00608	0.00852	0.00974	0.01095	0.00608	0.00852	0.01095	0.01217	0.01582	0.02799	0.05963	0.03042	0.01460	0.00730	0.00243	0.00487	0.74565	0.00487	0.00487
12	0.01216	0.01372	0.02968	0.05358	0.02728	0.01298	0.70454	0.01645	0.01232	0.01667	0.01130	0.04262	0.00894	0.00492	0.00622	0.00179	0.00863	0.00649	0.00274	0.00698
13	0.01530	0.21279	0.01681	0.01095	0.01444	0.13401	0.00904	0.12016	0.37129	0.01980	0.01484	0.01448	0.01148	0.00615	0.00478	0.00154	0.00557	0.00465	0.00419	0.00772
14	0.01034	0.04053	0.05542	0.00987	0.01175	0.00768	0.06349	0.03983	0.03825	0.03831	0.01809	0.04505	0.03887	0.02923	0.01150	0.28144	0.00519	0.24671	0.00365	0.00479
15	0.01397	0.08311	0.26947	0.01508	0.06503	0.05749	0.12955	0.11108	0.04841	0.08033	0.04806	0.03193	0.01092	0.00582	0.00525	0.00162	0.00678	0.00503	0.00346	0.00762
16	0.01238	0.01143	0.01531	0.01291	0.01556	0.01320	0.12233	0.02237	0.46863	0.01914	0.01773	0.04514	0.01437	0.00770	0.00778	0.00192	0.14919	0.03107	0.00439	0.00746
17	0.00698	0.00536	0.00639	0.00619	0.00761	0.00477	0.00462	0.00899	0.01370	0.01833	0.47967	0.07208	0.32220	0.01198	0.00626	0.00173	0.00258	0.01036	0.00545	0.00477
18	0.01179	0.09934	0.27413	0.09620	0.08622	0.03891	0.10605	0.03242	0.01162	0.01662	0.01064	0.01311	0.00822	0.00527	0.00525	0.00157	0.03359	0.00443	0.13772	0.00691
19	0.01232	0.01131	0.01611	0.30113	0.23933	0.04578	0.01284	0.09755	0.07097	0.01739	0.01335	0.07465	0.03045	0.00655	0.00570	0.00172	0.02693	0.00569	0.00325	0.00697
20	0.00655	0.00542	0.00578	0.00584	0.00752	0.00465	0.00448	0.00809	0.01234	0.01508	0.12184	0.05048	0.64741	0.01324	0.00633	0.00183	0.00284	0.07075	0.00499	0.00455
21	0.00841	0.00644	0.00919	0.04618	0.03443	0.00698	0.00687	0.01066	0.01206	0.03105	0.39966	0.02892	0.03082	0.01942	0.25974	0.00391	0.06827	0.00747	0.00434	0.00518
22	0.08636	0.12644	0.10569	0.09735	0.08527	0.07266	0.14682	0.09021	0.05962	0.01812	0.01017	0.01215	0.00791	0.00515	0.00507	0.00156	0.01854	0.00439	0.00302	0.04351
23	0.00847	0.00745	0.00821	0.00777	0.00972	0.02460	0.02425	0.01265	0.16170	0.01607	0.05943	0.07293	0.45836	0.01178	0.00654	0.00186	0.03202	0.06597	0.00483	0.00542
24	0.00799	0.00564	0.00736	0.00816	0.00896	0.00557	0.00643	0.00952	0.01065	0.01389	0.02583	0.11743	0.05989	0.25246	0.01304	0.00318	0.00469	0.43062	0.00438	0.00431
25	0.01312	0.06632	0.17531	0.22293	0.18308	0.03910	0.06913	0.08505	0.01277	0.05213	0.01023	0.01279	0.00775	0.00524	0.00540	0.00164	0.02324	0.00452	0.00287	0.00738
26	0.05274	0.16086	0.23098	0.01379	0.03321	0.07334	0.08253	0.03107	0.01124	0.04873	0.00967	0.01282	0.00801	0.00622	0.00747	0.00172	0.17683	0.02915	0.00273	0.00689

[dist]
# distance from previous block
# <min> <max>
0	3

[block]
# block no. 5 follows, 46 sequences, length 33
# corresponding to MSA columns:
# 203-235
name=unknown_F
#
# <colnr> <probs for GDERKNQSTAVLIFYWHMCP>
#	G	D	E	R	K	N	Q	S	T	A	V	L	I	F	Y	W	H	M	C	P
0	0.01383	0.01350	0.06676	0.06694	0.22630	0.07554	0.09177	0.05454	0.14945	0.07382	0.01401	0.02753	0.02195	0.03953	0.00622	0.00177	0.00620	0.00530	0.00361	0.04144
1	0.01660	0.31161	0.02042	0.01298	0.06166	0.32113	0.04456	0.04838	0.01335	0.04636	0.00932	0.01130	0.00790	0.00527	0.00444	0.00134	0.00725	0.02128	0.00287	0.03198
2	0.00836	0.00585	0.00774	0.00750	0.00856	0.00619	0.00553	0.01044	0.04165	0.04499	0.13939	0.02884	0.07727	0.19974	0.37798	0.00562	0.00868	0.00713	0.00380	0.00474
3	0.13375	0.00896	0.01131	0.00886	0.01270	0.00818	0.00730	0.02374	0.01411	0.64577	0.01888	0.01682	0.01212	0.00631	0.00496	0.00162	0.00434	0.00497	0.04694	0.00836
4	0.00649	0.00466	0.00617	0.00736	0.00774	0.00435	0.00498	0.00747	0.01024	0.01358	0.02988	0.76630	0.05851	0.01641	0.00675	0.00214	0.00310	0.03465	0.00491	0.00431
5	0.00750	0.00536	0.00735	0.00857	0.00935	0.00521	0.00675	0.00920	0.01117	0.01468	0.02855	0.42685	0.03264	0.01556	0.00703	0.00229	0.00399	0.38845	0.00489	0.00459
6	0.01157	0.01157	0.01619	0.01388	0.01388	0.01619	0.01157	0.01272	0.00810	0.01272	0.00694	0.01157	0.00694	0.00925	0.01735	0.00231	0.80453	0.00463	0.00231	0.00578
7	0.00985	0.00493	0.00493	0.00493	0.00616	0.00493	0.00370	0.01232	0.01109	0.01971	0.01725	0.01971	0.01355	0.00616	0.00370	0.00123	0.00246	0.00493	0.84356	0.00493
8	0.00728	0.00540	0.00679	0.00644	0.00778	0.00490	0.00483	0.00959	0.01450	0.02009	0.66218	0.04132	0.16683	0.01122	0.00624	0.00168	0.00252	0.00982	0.00567	0.00490
9	0.02010	0.01481	0.01587	0.01216	0.01639	0.01639	0.01005	0.76360	0.02486	0.03332	0.01269	0.01269	0.00899	0.00635	0.00529	0.00159	0.00582	0.00476	0.00529	0.00899
10	0.02168	0.01226	0.01429	0.01096	0.01512	0.01262	0.00905	0.44050	0.02060	0.36244	0.01627	0.01501	0.01078	0.00643	0.00530	0.00161	0.00524	0.00500	0.00584	0.00899
11	0.00755	0.00566	0.00850	0.00850	0.00944	0.00661	0.00661	0.00944	0.00850	0.01227	0.01416	0.02077	0.01322	0.03965	0.79326	0.00850	0.01416	0.00566	0.00283	0.00472
12	0.01096	0.00940	0.01096	0.00783	0.01253	0.00705	0.00626	0.01331	0.01096	0.01723	0.00940	0.01096	0.00783	0.00392	0.00392	0.00078	0.00392	0.00313	0.00313	0.84653
13	0.01342	0.01149	0.01211	0.01081	0.01385	0.01327	0.00843	0.05658	0.74275	0.02255	0.02118	0.01945	0.01586	0.00714	0.00538	0.00179	0.00425	0.00593	0.00538	0.00839
14	0.01420	0.06741	0.12957	0.01211	0.07011	0.01009	0.05027	0.06094	0.01276	0.16707	0.01275	0.03847	0.00998	0.00545	0.00477	0.00133	0.00527	0.01768	0.00376	0.30601
15	0.01261	0.00927	0.01097	0.00834	0.01241	0.00772	0.00667	0.05751	0.05093	0.10547	0.07556	0.03062	0.01337	0.00555	0.00454	0.00111	0.00399	0.02055	0.00405	0.55877
16	0.04874	0.03835	0.38546	0.01865	0.16715	0.05118	0.12523	0.05352	0.03046	0.01783	0.00999	0.01201	0.00751	0.00500	0.00514	0.00164	0.00737	0.00440	0.00266	0.00770
17	0.01412	0.72402	0.05900	0.00999	0.01462	0.04760	0.03992	0.01610	0.01098	0.01282	0.00760	0.00886	0.00683	0.00457	0.00362	0.00119	0.00601	0.00303	0.00229	0.00682
18	0.01312	0.00775	0.00844	0.00744	0.00969	0.00808	0.00583	0.10105	0.15481	0.11378	0.04823	0.02015	0.03127	0.00675	0.00454	0.00145	0.00341	0.00546	0.44224	0.00651
19	0.01418	0.01537	0.04249	0.06026	0.08229	0.26307	0.07940	0.09776	0.01405	0.01663	0.01428	0.05383	0.01348	0.00966	0.05252	0.00214	0.00768	0.15106	0.00347	0.00636
20	0.00643	0.00464	0.00610	0.00726	0.00764	0.00430	0.00486	0.00737	0.01022	0.01353	0.03037	0.77253	0.07240	0.01640	0.00672	0.00213	0.00305	0.01483	0.00491	0.00430
21	0.04675	0.03683	0.03826	0.20354	0.05640	0.17806	0.27493	0.04322	0.01271	0.01602	0.00960	0.01255	0.00742	0.00495	0.00532	0.00161	0.00790	0.00477	0.00272	0.03642
22	0.00784	0.00595	0.00817	0.03709	0.03451	0.00606	0.00689	0.00962	0.02435	0.01440	0.04439	0.35552	0.07797	0.04709	0.03342	0.01845	0.03268	0.22638	0.00449	0.00473
23	0.00641	0.00532	0.00561	0.00561	0.00726	0.00452	0.00418	0.00787	0.01232	0.01510	0.14241	0.08653	0.65220	0.01322	0.00627	0.00179	0.00267	0.01115	0.00502	0.00452
24	0.01411	0.01104	0.01309	0.08062	0.05309	0.01125	0.00886	0.21174	0.16921	0.05950	0.01542	0.04352	0.03574	0.00625	0.00500	0.00144	0.00481	0.00513	0.00434	0.24583
25	0.00836	0.00705	0.03232	0.13968	0.02542	0.00701	0.00777	0.01121	0.07821	0.01478	0.07389	0.33688	0.03929	0.03192	0.03296	0.05902	0.00465	0.08034	0.00419	0.00504
26	0.00709	0.00502	0.00663	0.00719	0.00757	0.00513	0.00485	0.00799	0.00900	0.01225	0.02170	0.38448	0.02485	0.25293	0.21370	0.00463	0.00650	0.01051	0.00388	0.00409
27	0.01123	0.01062	0.01828	0.36028	0.33208	0.01157	0.06106	0.01454	0.01145	0.01548	0.01167	0.01854	0.01013	0.00599	0.00554	0.00176	0.00662	0.08357	0.00274	0.00685
28	0.02850	0.06250	0.14669	0.16335	0.10214	0.11846	0.14332	0.05734	0.05358	0.03310	0.01037	0.01273	0.00795	0.00532	0.00558	0.00165	0.03282	0.00460	0.00289	0.00712
29	0.01039	0.00983	0.01540	0.26782	0.12257	0.01181	0.04554	0.01297	0.02796	0.01411	0.01399	0.10828	0.05596	0.00836	0.00926	0.01638	0.23415	0.00636	0.00291	0.00597
30	0.00761	0.00520	0.00629	0.00634	0.00653	0.00537	0.00391	0.00800	0.00794	0.01076	0.01671	0.06433	0.01876	0.63653	0.16900	0.00563	0.00672	0.00762	0.00320	0.00353
31	0.01220	0.00956	0.01123	0.00810	0.01273	0.00743	0.00651	0.04079	0.01175	0.07292	0.01034	0.01153	0.00825	0.00419	0.00406	0.00087	0.00402	0.00335	0.00345	0.75671
32	0.01574	0.16210	0.17134	0.01405	0.06025	0.35287	0.01224	0.01852	0.03016	0.02956	0.00884	0.01047	0.00723	0.00557	0.00578	0.00150	0.08067	0.00369	0.00264	0.00678

[dist]
# distance from previous block
# <min> <max>
0	1

[block]
# block no. 6 follows, 46 sequences, length 62
# corresponding to MSA columns:
# 237-298
name=unknown_G
#
# <colnr> <probs for GDERKNQSTAVLIFYWHMCP>
#	G	D	E	R	K	N	Q	S	T	A	V	L	I	F	Y	W	H	M	C	P
0	0.00811	0.00540	0.00679	0.00676	0.00803	0.00488	0.00495	0.00991	0.01298	0.06936	0.36472	0.25729	0.17828	0.01253	0.00627	0.00181	0.00282	0.01102	0.02313	0.00496
1	0.01052	0.00790	0.00911	0.00809	0.01047	0.00787	0.00623	0.01670	0.25017	0.06310	0.29157	0.05839	0.09154	0.00888	0.00557	0.00161	0.00334	0.00761	0.03312	0.10819
2	0.00641	0.00534	0.00560	0.00559	0.00725	0.00452	0.00417	0.00788	0.01235	0.01513	0.14457	0.07468	0.66199	0.01317	0.00626	0.00178	0.00267	0.01108	0.00502	0.00452
3	0.85155	0.01022	0.00777	0.00695	0.01022	0.01186	0.00573	0.01554	0.00900	0.02372	0.00736	0.00859	0.00573	0.00491	0.00327	0.00164	0.00409	0.00286	0.00327	0.00573
4	0.00755	0.00566	0.00850	0.00850	0.00944	0.00661	0.00661	0.00944	0.00850	0.01227	0.01416	0.02077	0.01322	0.03965	0.79326	0.00850	0.01416	0.00566	0.00283	0.00472
5	0.02010	0.01481	0.01587	0.01216	0.01639	0.01639	0.01005	0.76360	0.02486	0.03332	0.01269	0.01269	0.00899	0.00635	0.00529	0.00159	0.00582	0.00476	0.00529	0.00899
6	0.85155	0.01022	0.00777	0.00695	0.01022	0.01186	0.00573	0.01554	0.00900	0.02372	0.00736	0.00859	0.00573	0.00491	0.00327	0.00164	0.00409	0.00286	0.00327	0.00573
7	0.01157	0.01157	0.01619	0.01388	0.01388	0.01619	0.01157	0.01272	0.00810	0.01272	0.00694	0.01157	0.00694	0.00925	0.01735	0.00231	0.80453	0.00463	0.00231	0.00578
8	0.01060	0.02735	0.78682	0.01507	0.02288	0.01228	0.01953	0.01674	0.01116	0.01674	0.00949	0.01116	0.00670	0.00502	0.00502	0.00167	0.00781	0.00391	0.00223	0.00781
9	0.00776	0.00637	0.00972	0.02672	0.10405	0.00607	0.05126	0.00934	0.01088	0.01455	0.05268	0.54275	0.08922	0.01367	0.00646	0.00201	0.00388	0.03308	0.00448	0.00504
10	0.85155	0.01022	0.00777	0.00695	0.01022	0.01186	0.00573	0.01554	0.00900	0.02372	0.00736	0.00859	0.00573	0.00491	0.00327	0.00164	0.00409	0.00286	0.00327	0.00573
11	0.00699	0.00564	0.00703	0.00665	0.00823	0.00497	0.03514	0.00862	0.01256	0.01615	0.26090	0.10883	0.44076	0.01273	0.00685	0.03478	0.00298	0.01056	0.00498	0.00463
12	0.02885	0.04769	0.21511	0.04263	0.01938	0.01132	0.20869	0.05667	0.05843	0.07158	0.09223	0.05703	0.05311	0.00674	0.00558	0.00171	0.00632	0.00624	0.00366	0.00703
13	0.00680	0.00529	0.00579	0.00599	0.00734	0.00474	0.00438	0.00821	0.01161	0.01494	0.08034	0.20812	0.49554	0.01316	0.00635	0.00181	0.01962	0.01117	0.08425	0.00453
14	0.01746	0.01350	0.01438	0.01163	0.01539	0.01516	0.00941	0.48473	0.30802	0.02907	0.01604	0.01536	0.01170	0.00666	0.00532	0.00166	0.00520	0.00522	0.00532	0.00875
15	0.01080	0.01046	0.03406	0.01782	0.19300	0.00979	0.25286	0.01443	0.03411	0.01839	0.21324	0.05350	0.02088	0.00692	0.00574	0.00166	0.00562	0.00693	0.08320	0.00658
16	0.02163	0.00848	0.01154	0.00913	0.01279	0.00736	0.00742	0.02358	0.01465	0.69033	0.04305	0.09361	0.01620	0.00761	0.00548	0.00168	0.00431	0.00636	0.00637	0.00844
17	0.02289	0.01033	0.01309	0.01004	0.01416	0.00974	0.00829	0.19449	0.01735	0.61303	0.01899	0.01678	0.01215	0.00650	0.00531	0.00162	0.00480	0.00519	0.00626	0.00900
18	0.00737	0.00540	0.00691	0.00653	0.00783	0.00494	0.00490	0.00976	0.01470	0.02056	0.71168	0.04054	0.11704	0.01105	0.00624	0.00167	0.00251	0.00971	0.00574	0.00494
19	0.04998	0.00655	0.00783	0.00807	0.00934	0.02797	0.00582	0.03991	0.01158	0.13271	0.02559	0.58072	0.02834	0.01373	0.00627	0.00201	0.00366	0.02957	0.00503	0.00533
20	0.00793	0.00568	0.00721	0.00795	0.00886	0.00553	0.00581	0.04052	0.04363	0.03013	0.02967	0.55568	0.08914	0.01500	0.00665	0.00211	0.00350	0.12517	0.00497	0.00485
21	0.85155	0.01022	0.00777	0.00695	0.01022	0.01186	0.00573	0.01554	0.00900	0.02372	0.00736	0.00859	0.00573	0.00491	0.00327	0.00164	0.00409	0.00286	0.00327	0.00573
22	0.02363	0.00915	0.01236	0.00948	0.01357	0.00799	0.00783	0.04486	0.01538	0.76544	0.02065	0.01786	0.01298	0.00654	0.00532	0.00163	0.00453	0.00530	0.00651	0.00900
23	0.01075	0.01025	0.01755	0.60588	0.20493	0.01197	0.03553	0.01422	0.01096	0.01445	0.00956	0.01387	0.00737	0.00513	0.00530	0.00172	0.00692	0.00474	0.00242	0.00647
24	0.00638	0.00536	0.00554	0.00549	0.00722	0.00452	0.00412	0.00784	0.01236	0.01502	0.13059	0.04967	0.70159	0.01311	0.00625	0.00177	0.00266	0.01099	0.00501	0.00452
25	0.00704	0.00523	0.00655	0.00655	0.00771	0.00475	0.00479	0.00899	0.01343	0.01833	0.48944	0.19715	0.18563	0.01246	0.00634	0.00178	0.00264	0.01097	0.00546	0.00475
26	0.01060	0.02735	0.78682	0.01507	0.02288	0.01228	0.01953	0.01674	0.01116	0.01674	0.00949	0.01116	0.00670	0.00502	0.00502	0.00167	0.00781	0.00391	0.00223	0.00781
27	0.00998	0.00940	0.01586	0.80150	0.03641	0.01175	0.01468	0.01351	0.01057	0.01351	0.00940	0.01409	0.00705	0.00529	0.00529	0.00176	0.00705	0.00470	0.00235	0.00587
28	0.01157	0.01157	0.01619	0.01388	0.01388	0.01619	0.01157	0.01272	0.00810	0.01272	0.00694	0.01157	0.00694	0.00925	0.01735	0.00231	0.80453	0.00463	0.00231	0.00578
29	0.00768	0.00514	0.00585	0.00585	0.00588	0.00517	0.00331	0.00774	0.00771	0.01031	0.01658	0.03416	0.01903	0.78986	0.05100	0.00523	0.00541	0.00762	0.00319	0.00325
30	0.01315	0.01136	0.01195	0.01076	0.01375	0.01315	0.00837	0.02809	0.77168	0.02211	0.02152	0.01972	0.01614	0.00717	0.00538	0.00179	0.00418	0.00598	0.00538	0.00837
31	0.00648	0.00463	0.00617	0.00733	0.00768	0.00432	0.00491	0.00747	0.01032	0.01381	0.05953	0.77948	0.03557	0.01633	0.00673	0.00213	0.00304	0.01481	0.00494	0.00432
32	0.01413	0.81739	0.02770	0.00905	0.01357	0.02092	0.00905	0.01583	0.01074	0.01244	0.00735	0.00848	0.00678	0.00452	0.00339	0.00113	0.00565	0.00283	0.00226	0.00678
33	0.01368	0.01362	0.02032	0.08295	0.63811	0.08782	0.01539	0.03435	0.01253	0.01698	0.00980	0.01280	0.00815	0.00486	0.00519	0.00156	0.00664	0.00458	0.00267	0.00800
34	0.06214	0.01770	0.03327	0.01353	0.06114	0.31733	0.03126	0.22984	0.04377	0.07989	0.01187	0.03859	0.00936	0.00671	0.01886	0.00166	0.00723	0.00459	0.00392	0.00733
35	0.01127	0.01133	0.02377	0.01765	0.02140	0.01069	0.53240	0.01392	0.01102	0.01491	0.01172	0.07403	0.01029	0.00854	0.00957	0.19490	0.00749	0.00652	0.00275	0.00581
36	0.01301	0.01248	0.02132	0.05162	0.76267	0.01254	0.01619	0.01616	0.01200	0.01718	0.00993	0.01311	0.00834	0.00472	0.00523	0.00157	0.00630	0.00471	0.00261	0.00831
37	0.85155	0.01022	0.00777	0.00695	0.01022	0.01186	0.00573	0.01554	0.00900	0.02372	0.00736	0.00859	0.00573	0.00491	0.00327	0.00164	0.00409	0.00286	0.00327	0.00573
38	0.01828	0.01390	0.01484	0.01180	0.01570	0.01554	0.00961	0.57097	0.22045	0.03038	0.01500	0.01453	0.01086	0.00656	0.00531	0.00164	0.00539	0.00508	0.00531	0.00883
39	0.01413	0.81739	0.02770	0.00905	0.01357	0.02092	0.00905	0.01583	0.01074	0.01244	0.00735	0.00848	0.00678	0.00452	0.00339	0.00113	0.00565	0.00283	0.00226	0.00678
40	0.01159	0.01165	0.01666	0.01414	0.01431	0.01610	0.03516	0.01286	0.00823	0.01286	0.00706	0.01165	0.00697	0.00910	0.01700	0.00230	0.77952	0.00468	0.00232	0.00583
