[name]
unknown

[dist]
# distance from previous block
# <min> <max>
0	212

[block]
# block no. 0 follows, 49 sequences, length 17
# corresponding to MSA columns:
# 231-247
name=unknown_A
#
# <colnr> <probs for GDERKNQSTAVLIFYWHMCP>
#	G	D	E	R	K	N	Q	S	T	A	V	L	I	F	Y	W	H	M	C	P
0	0.00730	0.00567	0.00778	0.00843	0.00889	0.00614	0.00637	0.00857	0.00974	0.01321	0.02398	0.50799	0.02778	0.01562	0.04879	0.00244	0.11539	0.16722	0.00424	0.00444
1	0.01889	0.02410	0.01433	0.01303	0.01563	0.80199	0.00977	0.02019	0.01433	0.01238	0.00782	0.00912	0.00651	0.00521	0.00456	0.00130	0.00912	0.00326	0.00261	0.00586
2	0.01014	0.02616	0.79609	0.01441	0.02189	0.01174	0.01868	0.01601	0.01068	0.01601	0.00907	0.01068	0.00641	0.00480	0.00480	0.00160	0.00747	0.00374	0.00214	0.00747
3	0.01922	0.01416	0.01518	0.01163	0.01568	0.01568	0.00961	0.77388	0.02378	0.03187	0.01214	0.01214	0.00860	0.00607	0.00506	0.00152	0.00556	0.00455	0.00506	0.00860
4	0.01167	0.01007	0.01057	0.00958	0.01228	0.01143	0.00743	0.02417	0.67557	0.02012	0.02480	0.02297	0.12191	0.00768	0.00526	0.00171	0.00380	0.00640	0.00508	0.00749
5	0.00955	0.00899	0.01517	0.81013	0.03483	0.01123	0.01404	0.01292	0.01011	0.01292	0.00899	0.01348	0.00674	0.00506	0.00506	0.00169	0.00674	0.00449	0.00225	0.00562
6	0.00955	0.00899	0.01517	0.81013	0.03483	0.01123	0.01404	0.01292	0.01011	0.01292	0.00899	0.01348	0.00674	0.00506	0.00506	0.00169	0.00674	0.00449	0.00225	0.00562
7	0.00616	0.00440	0.00587	0.00704	0.00733	0.00411	0.00469	0.00704	0.00968	0.01291	0.02787	0.81899	0.03344	0.01584	0.00645	0.00205	0.00293	0.01438	0.00469	0.00411
8	0.01219	0.01396	0.12732	0.02875	0.68487	0.01198	0.01595	0.01559	0.01140	0.01645	0.00945	0.01226	0.00779	0.00455	0.00498	0.00152	0.00621	0.00440	0.00245	0.00794
9	0.00646	0.00463	0.00613	0.00684	0.00740	0.00430	0.00472	0.00778	0.01106	0.01510	0.25367	0.58695	0.03768	0.01421	0.00631	0.00192	0.00277	0.01282	0.00495	0.00430
10	0.01581	0.01161	0.01274	0.01044	0.01350	0.01266	0.00833	0.57363	0.02009	0.02692	0.01625	0.22285	0.01509	0.00862	0.00542	0.00166	0.00488	0.00712	0.00496	0.00743
11	0.13405	0.01272	0.01331	0.01044	0.01420	0.01398	0.00859	0.57058	0.04090	0.06949	0.01408	0.01392	0.04858	0.00626	0.00484	0.00154	0.00507	0.00468	0.00484	0.00793
12	0.01339	0.01368	0.01967	0.02856	0.68401	0.12079	0.01473	0.01616	0.01190	0.01595	0.00928	0.01205	0.00780	0.00460	0.00494	0.00147	0.00644	0.00433	0.00252	0.00771
13	0.01252	0.01201	0.02053	0.03104	0.79074	0.01201	0.01552	0.01552	0.01151	0.01652	0.00951	0.01252	0.00801	0.00451	0.00501	0.00150	0.00601	0.00451	0.00250	0.00801
14	0.00616	0.00440	0.00587	0.00704	0.00733	0.00411	0.00469	0.00704	0.00968	0.01291	0.02787	0.81899	0.03344	0.01584	0.00645	0.00205	0.00293	0.01438	0.00469	0.00411
15	0.85801	0.00978	0.00743	0.00665	0.00978	0.01134	0.00548	0.01486	0.00861	0.02269	0.00704	0.00821	0.00548	0.00469	0.00313	0.00156	0.00391	0.00274	0.00313	0.00548
16	0.05352	0.01682	0.01462	0.01183	0.01543	0.24004	0.00949	0.52753	0.02046	0.02593	0.01070	0.01112	0.00788	0.00577	0.00484	0.00146	0.00651	0.00411	0.00428	0.00769

[dist]
# distance from previous block
# <min> <max>
0	1

[block]
# block no. 1 follows, 49 sequences, length 72
# corresponding to MSA columns:
# 249-320
name=unknown_B
#
# <colnr> <probs for GDERKNQSTAVLIFYWHMCP>
#	G	D	E	R	K	N	Q	S	T	A	V	L	I	F	Y	W	H	M	C	P
0	0.01036	0.00636	0.00567	0.00549	0.00684	0.06343	0.00414	0.03080	0.01120	0.01869	0.01575	0.01798	0.01238	0.00585	0.00365	0.00120	0.00293	0.00460	0.76779	0.00489
1	0.00598	0.00512	0.00512	0.00512	0.00683	0.00427	0.00384	0.00726	0.01153	0.01366	0.05123	0.04866	0.78869	0.01281	0.00598	0.00171	0.00256	0.01067	0.00470	0.00427
2	0.01089	0.17941	0.61707	0.01397	0.05079	0.01335	0.01663	0.01583	0.01063	0.01524	0.00870	0.01026	0.00649	0.00470	0.00451	0.00150	0.00702	0.00357	0.00216	0.00731
3	0.01252	0.01201	0.02053	0.03104	0.79074	0.01201	0.01552	0.01552	0.01151	0.01652	0.00951	0.01252	0.00801	0.00451	0.00501	0.00150	0.00601	0.00451	0.00250	0.00801
4	0.02225	0.00931	0.01217	0.00933	0.01326	0.00848	0.00771	0.11997	0.01566	0.69724	0.01896	0.01657	0.01202	0.00623	0.00508	0.00156	0.00446	0.00502	0.00611	0.00860
5	0.00955	0.00899	0.01517	0.81013	0.03483	0.01123	0.01404	0.01292	0.01011	0.01292	0.00899	0.01348	0.00674	0.00506	0.00506	0.00169	0.00674	0.00449	0.00225	0.00562
6	0.01049	0.00899	0.01049	0.00749	0.01198	0.00674	0.00599	0.01273	0.01049	0.01648	0.00899	0.01049	0.00749	0.00374	0.00374	0.00075	0.00374	0.00300	0.00300	0.85320
7	0.00722	0.00542	0.00813	0.00813	0.00903	0.00632	0.00632	0.00903	0.00813	0.01174	0.01354	0.01987	0.01264	0.03792	0.80225	0.00813	0.01354	0.00542	0.00271	0.00451
8	0.00786	0.00635	0.00934	0.00898	0.00973	0.00783	0.00710	0.00955	0.00806	0.01181	0.01241	0.01841	0.01165	0.03313	0.67262	0.00715	0.14545	0.00525	0.00263	0.00468
9	0.01041	0.08920	0.73538	0.01396	0.02118	0.01240	0.01789	0.01595	0.01064	0.01569	0.00891	0.01047	0.00641	0.00477	0.00468	0.00156	0.00731	0.00366	0.00214	0.00740
10	0.02226	0.00929	0.01216	0.00932	0.01325	0.00844	0.00770	0.11650	0.01561	0.70078	0.01899	0.01659	0.01204	0.00624	0.00508	0.00156	0.00446	0.00502	0.00611	0.00860
11	0.00714	0.00514	0.00658	0.00731	0.00793	0.00496	0.00504	0.06059	0.01100	0.01477	0.08251	0.70555	0.03276	0.01476	0.00632	0.00198	0.00308	0.01331	0.00478	0.00447
12	0.01146	0.28156	0.52857	0.01253	0.01887	0.03613	0.01523	0.01585	0.01065	0.01460	0.00839	0.00981	0.00644	0.00466	0.00430	0.00143	0.00686	0.00339	0.00216	0.00711
13	0.01244	0.01203	0.01980	0.08438	0.70301	0.02860	0.01511	0.01571	0.03011	0.01629	0.00971	0.01266	0.00807	0.00462	0.00500	0.00152	0.00608	0.00451	0.00255	0.00780
14	0.02233	0.00851	0.01161	0.00895	0.01279	0.00736	0.00737	0.02426	0.01437	0.77732	0.02012	0.03458	0.01297	0.00647	0.00511	0.00158	0.00427	0.00529	0.00622	0.00851
15	0.01032	0.00978	0.01656	0.60708	0.23184	0.01144	0.01443	0.01360	0.01048	0.01386	0.00912	0.01323	0.00707	0.00491	0.00504	0.00164	0.00655	0.00450	0.00231	0.00624
16	0.01136	0.01416	0.30685	0.01100	0.03354	0.00829	0.03855	0.01488	0.01230	0.16301	0.19731	0.07732	0.07447	0.00768	0.00537	0.00163	0.00503	0.00658	0.00410	0.00658
17	0.02261	0.00873	0.01181	0.00905	0.01297	0.00761	0.00748	0.04079	0.01467	0.77782	0.01978	0.01710	0.01243	0.00625	0.00508	0.00156	0.00433	0.00507	0.00623	0.00861
18	0.01177	0.01332	0.02882	0.07621	0.02701	0.01268	0.71960	0.01597	0.01181	0.01597	0.01014	0.01363	0.00761	0.00432	0.00590	0.00170	0.00840	0.00587	0.00254	0.00674
19	0.00630	0.00513	0.00561	0.00586	0.00721	0.00453	0.00425	0.00796	0.03720	0.01401	0.07666	0.25085	0.53002	0.01330	0.00607	0.00179	0.00270	0.01142	0.00475	0.00437
20	0.01019	0.02585	0.77748	0.01458	0.02200	0.01177	0.03698	0.01602	0.01071	0.01602	0.00910	0.01075	0.00644	0.00479	0.00483	0.00160	0.00750	0.00379	0.00215	0.00746
21	0.00943	0.00471	0.00471	0.00471	0.00589	0.00471	0.00353	0.01178	0.01060	0.01885	0.01650	0.01885	0.01296	0.00589	0.00353	0.00118	0.00236	0.00471	0.85036	0.00471
22	0.01194	0.01364	0.02984	0.02131	0.02643	0.01279	0.77238	0.01620	0.01194	0.01620	0.01023	0.01364	0.00767	0.00426	0.00597	0.00171	0.00853	0.00597	0.00256	0.00682
23	0.01489	0.01184	0.01948	0.03590	0.36356	0.03761	0.16717	0.01864	0.06594	0.19438	0.01275	0.01416	0.00942	0.00505	0.00522	0.00157	0.00611	0.00498	0.00356	0.00779
24	0.02269	0.00861	0.01174	0.00900	0.01291	0.00743	0.00743	0.02464	0.01447	0.79425	0.01995	0.01721	0.01252	0.00626	0.00509	0.00156	0.00430	0.00509	0.00626	0.00861
25	0.02114	0.00895	0.01169	0.00919	0.01295	0.00822	0.00752	0.02498	0.13188	0.67593	0.02005	0.01746	0.01296	0.00635	0.00509	0.00159	0.00426	0.00518	0.00609	0.00851
26	0.00948	0.04968	0.00827	0.00687	0.00852	0.00583	0.00528	0.01145	0.01320	0.12881	0.46422	0.15362	0.09428	0.01046	0.00577	0.00164	0.00292	0.00913	0.00528	0.00527
27	0.01210	0.01270	0.07392	0.02893	0.70603	0.01168	0.01531	0.01522	0.01138	0.01634	0.01021	0.04451	0.00891	0.00498	0.00505	0.00153	0.00599	0.00485	0.00256	0.00782
28	0.00733	0.00500	0.00602	0.00602	0.00620	0.00518	0.00370	0.00768	0.00750	0.01018	0.01547	0.03051	0.01727	0.66949	0.17701	0.00553	0.00659	0.00698	0.00299	0.00335
29	0.01157	0.01278	0.02690	0.15298	0.06896	0.01249	0.60556	0.01562	0.01161	0.01567	0.00998	0.01355	0.00754	0.00441	0.00576	0.00169	0.00809	0.00564	0.00250	0.00668
30	0.00984	0.00917	0.01481	0.73282	0.03273	0.01136	0.01346	0.01427	0.08468	0.01372	0.01011	0.01400	0.00758	0.00523	0.00506	0.00169	0.00648	0.00461	0.00253	0.00585
31	0.02257	0.00879	0.01185	0.00909	0.01300	0.00771	0.00751	0.04998	0.01479	0.76847	0.01969	0.01704	0.01238	0.00625	0.00508	0.00156	0.00435	0.00507	0.00622	0.00861
32	0.01890	0.02376	0.01436	0.01298	0.01563	0.77540	0.00977	0.04568	0.01465	0.01303	0.00796	0.00922	0.00658	0.00524	0.00458	0.00131	0.00900	0.00330	0.00269	0.00595
33	0.09210	0.02457	0.71986	0.01366	0.02072	0.01171	0.01741	0.01590	0.01048	0.01666	0.00888	0.01044	0.00632	0.00479	0.00464	0.00160	0.00713	0.00364	0.00223	0.00728
34	0.00598	0.00512	0.00512	0.00512	0.00683	0.00427	0.00384	0.00726	0.01153	0.01366	0.05123	0.04866	0.78869	0.01281	0.00598	0.00171	0.00256	0.01067	0.00470	0.00427
35	0.01106	0.01106	0.01549	0.01328	0.01328	0.01549	0.01106	0.01217	0.00774	0.01217	0.00664	0.01106	0.00664	0.00885	0.01659	0.00221	0.81303	0.00443	0.00221	0.00553
36	0.02224	0.00870	0.01172	0.00905	0.01292	0.00766	0.00746	0.02474	0.04811	0.76035	0.01998	0.01728	0.01265	0.00629	0.00509	0.00157	0.00429	0.00511	0.00621	0.00858
37	0.02214	0.00873	0.01172	0.00907	0.01292	0.00771	0.00746	0.02476	0.05576	0.75263	0.01998	0.01730	0.01267	0.00629	0.00509	0.00157	0.00429	0.00512	0.00620	0.00857
38	0.02269	0.00861	0.01174	0.00900	0.01291	0.00743	0.00743	0.02464	0.01447	0.79425	0.01995	0.01721	0.01252	0.00626	0.00509	0.00156	0.00430	0.00509	0.00626	0.00861
39	0.01252	0.01201	0.02053	0.03104	0.79074	0.01201	0.01552	0.01552	0.01151	0.01652	0.00951	0.01252	0.00801	0.00451	0.00501	0.00150	0.00601	0.00451	0.00250	0.00801
40	0.01014	0.02616	0.79609	0.01441	0.02189	0.01174	0.01868	0.01601	0.01068	0.01601	0.00907	0.01068	0.00641	0.00480	0.00480	0.00160	0.00747	0.00374	0.00214	0.00747
41	0.01191	0.01010	0.01094	0.01014	0.01275	0.01156	0.00803	0.02440	0.66574	0.02025	0.02151	0.02461	0.01749	0.00793	0.00542	0.00181	0.00410	0.11873	0.00507	0.00750
42	0.00716	0.00517	0.00676	0.00636	0.00755	0.00477	0.00477	0.00954	0.01431	0.02028	0.78808	0.03777	0.04771	0.01034	0.00596	0.00159	0.00239	0.00914	0.00557	0.00477
43	0.02171	0.00882	0.01171	0.00912	0.01293	0.00793	0.00749	0.02486	0.08862	0.71952	0.02001	0.01737	0.01280	0.00632	0.00509	0.00158	0.00427	0.00515	0.00615	0.00855
44	0.00626	0.00447	0.00595	0.00698	0.00736	0.00417	0.00470	0.00728	0.01013	0.01362	0.10135	0.74348	0.03482	0.01531	0.00641	0.00201	0.00288	0.01387	0.00478	0.00417
45	0.02269	0.00861	0.01174	0.00900	0.01291	0.00743	0.00743	0.02464	0.01447	0.79425	0.01995	0.01721	0.01252	0.00626	0.00509	0.00156	0.00430	0.00509	0.00626	0.00861
46	0.01014	0.02616	0.79609	0.01441	0.02189	0.01174	0.01868	0.01601	0.01068	0.01601	0.00907	0.01068	0.00641	0.00480	0.00480	0.00160	0.00747	0.00374	0.00214	0.00747
47	0.01170	0.01526	0.12930	0.02042	0.02584	0.01265	0.67454	0.01617	0.01177	0.01617	0.01008	0.01326	0.00751	0.00433	0.00582	0.00169	0.00839	0.00568	0.00250	0.00690
48	0.00955	0.00899	0.01517	0.81013	0.03483	0.01123	0.01404	0.01292	0.01011	0.01292	0.00899	0.01348	0.00674	0.00506	0.00506	0.00169	0.00674	0.00449	0.00225	0.00562
49	0.00735	0.00490	0.00552	0.00552	0.00552	0.00490	0.00306	0.00735	0.00735	0.00980	0.01593	0.03309	0.01838	0.82229	0.02574	0.00490	0.00490	0.00735	0.00306	0.00306
50	0.00815	0.00582	0.00815	0.00931	0.01048	0.00582	0.00815	0.01048	0.01164	0.01513	0.02677	0.05704	0.02910	0.01397	0.00698	0.00233	0.00466	0.75671	0.00466	0.00466
51	0.01922	0.01416	0.01518	0.01163	0.01568	0.01568	0.00961	0.77388	0.02378	0.03187	0.01214	0.01214	0.00860	0.00607	0.00506	0.00152	0.00556	0.00455	0.00506	0.00860
52	0.01889	0.02410	0.01433	0.01303	0.01563	0.80199	0.00977	0.02019	0.01433	0.01238	0.00782	0.00912	0.00651	0.00521	0.00456	0.00130	0.00912	0.00326	0.00261	0.00586
53	0.01876	0.01393	0.01492	0.01154	0.01551	0.01547	0.00950	0.72189	0.07652	0.03112	0.01273	0.01261	0.00908	0.00613	0.00506	0.00153	0.00546	0.00463	0.00506	0.00856
54	0.01106	0.01106	0.01549	0.01328	0.01328	0.01549	0.01106	0.01217	0.00774	0.01217	0.00664	0.01106	0.00664	0.00885	0.01659	0.00221	0.81303	0.00443	0.00221	0.00553
55	0.01075	0.02601	0.74168	0.01432	0.02145	0.06674	0.01806	0.01630	0.01093	0.01576	0.00899	0.01057	0.00641	0.00483	0.00479	0.00158	0.00759	0.00370	0.00217	0.00736
56	0.00878	0.00439	0.00659	0.00659	0.00659	0.00439	0.00439	0.00659	0.00659	0.00878	0.00878	0.01537	0.00878	0.01757	0.01976	0.85288	0.00439	0.00439	0.00220	0.00220
57	0.01183	0.01332	0.02849	0.02035	0.02542	0.01237	0.71904	0.01596	0.01183	0.01622	0.01014	0.01342	0.00766	0.00423	0.00581	0.00164	0.00819	0.00576	0.00259	0.06572
58	0.00735	0.00490	0.00552	0.00552	0.00552	0.00490	0.00306	0.00735	0.00735	0.00980	0.01593	0.03309	0.01838	0.82229	0.02574	0.00490	0.00490	0.00735	0.00306	0.00306
59	0.01352	0.82533	0.02650	0.00865	0.01298	0.02001	0.00865	0.01514	0.01027	0.01190	0.00703	0.00811	0.00649	0.00433	0.00324	0.00108	0.00541	0.00270	0.00216	0.00649
60	0.01889	0.02410	0.01433	0.01303	0.01563	0.80199	0.00977	0.02019	0.01433	0.01238	0.00782	0.00912	0.00651	0.00521	0.00456	0.00130	0.00912	0.00326	0.00261	0.00586
61	0.02269	0.00861	0.01174	0.00900	0.01291	0.00743	0.00743	0.02464	0.01447	0.79425	0.01995	0.01721	0.01252	0.00626	0.00509	0.00156	0.00430	0.00509	0.00626	0.00861
62	0.00878	0.00439	0.00659	0.00659	0.00659	0.00439	0.00439	0.00659	0.00659	0.00878	0.00878	0.01537	0.00878	0.01757	0.01976	0.85288	0.00439	0.00439	0.00220	0.00220
63	0.01194	0.01364	0.02984	0.02131	0.02643	0.01279	0.77238	0.01620	0.01194	0.01620	0.01023	0.01364	0.00767	0.00426	0.00597	0.00171	0.00853	0.00597	0.00256	0.00682
64	0.01014	0.02616	0.79609	0.01441	0.02189	0.01174	0.01868	0.01601	0.01068	0.01601	0.00907	0.01068	0.00641	0.00480	0.00480	0.00160	0.00747	0.00374	0.00214	0.00747
65	0.00874	0.00627	0.00853	0.00944	0.01076	0.00635	0.00823	0.05157	0.01229	0.01603	0.02599	0.05462	0.02800	0.01354	0.00688	0.00228	0.00471	0.71622	0.00468	0.00487
66	0.00616	0.00440	0.00587	0.00704	0.00733	0.00411	0.00469	0.00704	0.00968	0.01291	0.02787	0.81899	0.03344	0.01584	0.00645	0.00205	0.00293	0.01438	0.00469	0.00411
67	0.01889	0.02410	0.01433	0.01303	0.01563	0.80199	0.00977	0.02019	0.01433	0.01238	0.00782	0.00912	0.00651	0.00521	0.00456	0.00130	0.00912	0.00326	0.00261	0.00586
68	0.01164	0.01202	0.01540	0.01326	0.01345	0.07316	0.01097	0.01276	0.00823	0.01218	0.00672	0.01092	0.00663	0.00858	0.01571	0.00215	0.75409	0.00434	0.00224	0.00556
69	0.02243	0.00901	0.01199	0.00919	0.01311	0.00804	0.00759	0.07958	0.01516	0.73835	0.01938	0.01684	0.01223	0.00624	0.00508	0.00156	0.00440	0.00505	0.00617	0.00861
70	0.01258	0.01086	0.01143	0.01029	0.01315	0.01258	0.00800	0.02687	0.78161	0.02115	0.02058	0.01887	0.01544	0.00686	0.00515	0.00172	0.00400	0.00572	0.00515	0.00800
71	0.01037	0.01134	0.02025	0.01530	0.01892	0.06474	0.45260	0.01335	0.01178	0.01498	0.02202	0.10057	0.20510	0.00759	0.00592	0.00171	0.00653	0.00777	0.00330	0.00585

[dist]
# distance from previous block
# <min> <max>
3	31

[block]
# block no. 2 follows, 49 sequences, length 97
# corresponding to MSA columns:
# 352-448
name=unknown_C
#
# <colnr> <probs for GDERKNQSTAVLIFYWHMCP>
#	G	D	E	R	K	N	Q	S	T	A	V	L	I	F	Y	W	H	M	C	P
0	0.01311	0.72782	0.12039	0.00936	0.01407	0.01900	0.00988	0.01525	0.01032	0.01240	0.00728	0.00842	0.00648	0.00438	0.00343	0.00114	0.00566	0.00283	0.00216	0.00661
1	0.02269	0.00861	0.01174	0.00900	0.01291	0.00743	0.00743	0.02464	0.01447	0.79425	0.01995	0.01721	0.01252	0.00626	0.00509	0.00156	0.00430	0.00509	0.00626	0.00861
2	0.01033	0.07106	0.75285	0.01409	0.02139	0.01221	0.01812	0.01597	0.01065	0.01578	0.00896	0.01053	0.00641	0.00478	0.00472	0.00157	0.00736	0.00368	0.00214	0.00742
3	0.01278	0.01225	0.01829	0.02579	0.58988	0.04368	0.01365	0.01819	0.17990	0.01737	0.01186	0.01377	0.00957	0.00505	0.00502	0.00154	0.00569	0.00472	0.00308	0.00792
4	0.01198	0.01353	0.02918	0.02200	0.08034	0.01273	0.71899	0.01615	0.01191	0.01622	0.01018	0.01356	0.00770	0.00428	0.00590	0.00169	0.00835	0.00586	0.00255	0.00690
5	0.01252	0.01201	0.02053	0.03104	0.79074	0.01201	0.01552	0.01552	0.01151	0.01652	0.00951	0.01252	0.00801	0.00451	0.00501	0.00150	0.00601	0.00451	0.00250	0.00801
6	0.02200	0.00876	0.01171	0.00908	0.01292	0.00778	0.00747	0.02479	0.06653	0.74178	0.01999	0.01732	0.01272	0.00630	0.00509	0.00157	0.00428	0.00513	0.00618	0.00856
7	0.01132	0.30456	0.52799	0.01241	0.01878	0.01462	0.01519	0.01571	0.01054	0.01458	0.00836	0.00978	0.00643	0.00464	0.00426	0.00142	0.00675	0.00338	0.00214	0.00713
8	0.01427	0.00886	0.00959	0.00795	0.01048	0.00943	0.00638	0.32296	0.01616	0.07860	0.01486	0.01604	0.01114	0.00710	0.03198	0.00158	0.00419	0.00470	0.41715	0.00656
9	0.32247	0.01111	0.01248	0.01083	0.01209	0.04537	0.00896	0.01348	0.00832	0.01604	0.00683	0.00994	0.00621	0.00718	0.01117	0.00194	0.48372	0.00376	0.00257	0.00552
10	0.02231	0.00913	0.03518	0.00916	0.01318	0.00756	0.00777	0.02439	0.01436	0.77098	0.01962	0.01702	0.01233	0.00622	0.00508	0.00157	0.00440	0.00504	0.00614	0.00857
11	0.00992	0.05551	0.69549	0.01353	0.02024	0.01139	0.01704	0.01518	0.01057	0.01558	0.01067	0.08265	0.00882	0.00577	0.00489	0.00162	0.00699	0.00464	0.00236	0.00713
12	0.01106	0.01106	0.01549	0.01328	0.01328	0.01549	0.01106	0.01217	0.00774	0.01217	0.00664	0.01106	0.00664	0.00885	0.01659	0.00221	0.81303	0.00443	0.00221	0.00553
13	0.01188	0.01404	0.05414	0.02109	0.02628	0.01275	0.74848	0.01619	0.01190	0.01619	0.01019	0.01355	0.00763	0.00428	0.00593	0.00170	0.00849	0.00590	0.00254	0.00684
14	0.01069	0.01239	0.11776	0.41879	0.25011	0.01165	0.06209	0.01454	0.02577	0.01472	0.00945	0.01296	0.00729	0.00485	0.00507	0.00162	0.00668	0.00452	0.00238	0.00667
15	0.01061	0.00995	0.01662	0.31621	0.39201	0.01089	0.01353	0.01343	0.01065	0.01461	0.01143	0.10965	0.01055	0.00621	0.00557	0.00166	0.03150	0.00568	0.00266	0.00658
16	0.01641	0.01001	0.01155	0.00980	0.01306	0.01063	0.00779	0.02603	0.49059	0.31443	0.02034	0.01824	0.01433	0.00663	0.00512	0.00166	0.00412	0.00548	0.00557	0.00823
17	0.01025	0.00987	0.01595	0.22459	0.29338	0.03663	0.08351	0.01288	0.01094	0.01453	0.01579	0.16841	0.06694	0.00738	0.00544	0.00168	0.00572	0.00690	0.00301	0.00620
18	0.00635	0.00492	0.00578	0.00602	0.00717	0.00436	0.00434	0.00780	0.01173	0.01521	0.24129	0.27215	0.36869	0.01304	0.00611	0.00178	0.00262	0.01135	0.00493	0.00436
19	0.00750	0.00489	0.00546	0.00546	0.00554	0.00489	0.00310	0.00767	0.00758	0.01044	0.01597	0.03209	0.01800	0.76470	0.02417	0.00464	0.00472	0.00717	0.06283	0.00318
20	0.01338	0.01729	0.14170	0.01430	0.04232	0.22943	0.04555	0.03804	0.01081	0.01376	0.00777	0.01066	0.00672	0.00677	0.01020	0.00180	0.37683	0.00407	0.00242	0.00617
21	0.02759	0.02737	0.19908	0.06684	0.01613	0.00997	0.01047	0.02065	0.19200	0.28226	0.04089	0.04464	0.01299	0.00637	0.00502	0.00162	0.00503	0.00524	0.01830	0.00755
22	0.02218	0.00872	0.01172	0.00906	0.01292	0.00769	0.00746	0.02476	0.05299	0.75543	0.01998	0.01729	0.01266	0.00629	0.00509	0.00157	0.00429	0.00512	0.00620	0.00858
23	0.01014	0.02616	0.79609	0.01441	0.02189	0.01174	0.01868	0.01601	0.01068	0.01601	0.00907	0.01068	0.00641	0.00480	0.00480	0.00160	0.00747	0.00374	0.00214	0.00747
24	0.01209	0.01195	0.02245	0.01916	0.14487	0.01165	0.42504	0.11182	0.01285	0.01750	0.01245	0.09151	0.01106	0.06334	0.00714	0.00191	0.00695	0.00645	0.00311	0.00672
25	0.07216	0.01180	0.01917	0.02834	0.69883	0.01199	0.01445	0.01601	0.04778	0.01717	0.00986	0.01251	0.00818	0.00463	0.00488	0.00152	0.00576	0.00444	0.00267	0.00783
26	0.00695	0.00500	0.00661	0.00676	0.00770	0.00466	0.00499	0.00891	0.01283	0.01785	0.52129	0.25811	0.04240	0.01214	0.00617	0.00177	0.00270	0.06334	0.00526	0.00458
27	0.01218	0.01366	0.02934	0.02098	0.02606	0.01289	0.74651	0.04189	0.01234	0.01673	0.01029	0.01359	0.00770	0.00432	0.00594	0.00170	0.00842	0.00592	0.00264	0.00688
28	0.01120	0.01236	0.02612	0.01907	0.02333	0.01182	0.64030	0.01486	0.01137	0.01548	0.01189	0.08725	0.01037	0.03635	0.00722	0.00188	0.04329	0.00671	0.00276	0.00638
29	0.00615	0.00445	0.00581	0.00691	0.00730	0.00412	0.00463	0.00706	0.00981	0.01296	0.02952	0.76465	0.08672	0.01563	0.00642	0.00203	0.00291	0.01411	0.00469	0.00412
30	0.01014	0.02616	0.79609	0.01441	0.02189	0.01174	0.01868	0.01601	0.01068	0.01601	0.00907	0.01068	0.00641	0.00480	0.00480	0.00160	0.00747	0.00374	0.00214	0.00747
31	0.01136	0.25943	0.47157	0.01361	0.01985	0.01431	0.11245	0.01578	0.01072	0.01483	0.00862	0.01030	0.00659	0.00459	0.00450	0.00146	0.00700	0.00372	0.00220	0.00710
32	0.00993	0.00938	0.01585	0.71016	0.13183	0.01133	0.01423	0.01325	0.01029	0.01338	0.00905	0.01336	0.00690	0.00499	0.00505	0.00166	0.00665	0.00450	0.00228	0.00592
33	0.00851	0.00708	0.00839	0.00773	0.00847	0.06778	0.05849	0.00926	0.00845	0.01092	0.01496	0.05893	0.01630	0.53171	0.15756	0.00485	0.00692	0.00688	0.00300	0.00384
34	0.01008	0.00954	0.01608	0.66235	0.16157	0.01146	0.01423	0.01334	0.01030	0.01351	0.00903	0.01327	0.00695	0.00504	0.00529	0.00167	0.02351	0.00449	0.00229	0.00602
35	0.01079	0.00965	0.01517	0.70767	0.03237	0.01181	0.01347	0.11057	0.01186	0.01535	0.00939	0.01331	0.00698	0.00519	0.00506	0.00166	0.00659	0.00450	0.00261	0.00600
36	0.01919	0.01526	0.01508	0.01179	0.01568	0.10255	0.00963	0.69062	0.02273	0.02972	0.01166	0.01181	0.00837	0.00598	0.00500	0.00149	0.00596	0.00441	0.00479	0.00830
37	0.00598	0.00512	0.00512	0.00512	0.00683	0.00427	0.00384	0.00726	0.01153	0.01366	0.05123	0.04866	0.78869	0.01281	0.00598	0.00171	0.00256	0.01067	0.00470	0.00427
38	0.04797	0.01677	0.01766	0.01440	0.01751	0.33546	0.21942	0.01897	0.12862	0.03043	0.01116	0.03778	0.00912	0.00580	0.00594	0.00158	0.06705	0.00483	0.00310	0.00641
39	0.01252	0.01201	0.02053	0.03104	0.79074	0.01201	0.01552	0.01552	0.01151	0.01652	0.00951	0.01252	0.00801	0.00451	0.00501	0.00150	0.00601	0.00451	0.00250	0.00801
40	0.01922	0.01416	0.01518	0.01163	0.01568	0.01568	0.00961	0.77388	0.02378	0.03187	0.01214	0.01214	0.00860	0.00607	0.00506	0.00152	0.00556	0.00455	0.00506	0.00860
41	0.00965	0.00909	0.01535	0.78371	0.06046	0.01126	0.01409	0.01301	0.01016	0.01304	0.00901	0.01345	0.00678	0.00504	0.00505	0.00168	0.00672	0.00449	0.00226	0.00570
42	0.01026	0.00875	0.01025	0.00747	0.01174	0.00661	0.00593	0.01244	0.01044	0.01629	0.00996	0.05210	0.00883	0.00437	0.00388	0.00082	0.00370	0.00358	0.00308	0.80950
43	0.00722	0.00542	0.00813	0.00813	0.00903	0.00632	0.00632	0.00903	0.00813	0.01174	0.01354	0.01987	0.01264	0.03792	0.80225	0.00813	0.01354	0.00542	0.00271	0.00451
44	0.00735	0.00490	0.00552	0.00552	0.00552	0.00490	0.00306	0.00735	0.00735	0.00980	0.01593	0.03309	0.01838	0.82229	0.02574	0.00490	0.00490	0.00735	0.00306	0.00306
45	0.01069	0.15489	0.67212	0.01348	0.02045	0.01307	0.01707	0.01587	0.01061	0.01535	0.00875	0.01026	0.00642	0.00473	0.00455	0.00152	0.00714	0.00357	0.00214	0.00731
46	0.01014	0.02616	0.79609	0.01441	0.02189	0.01174	0.01868	0.01601	0.01068	0.01601	0.00907	0.01068	0.00641	0.00480	0.00480	0.00160	0.00747	0.00374	0.00214	0.00747
47	0.01252	0.01201	0.02053	0.03104	0.79074	0.01201	0.01552	0.01552	0.01151	0.01652	0.00951	0.01252	0.00801	0.00451	0.00501	0.00150	0.00601	0.00451	0.00250	0.00801
48	0.01194	0.01364	0.02984	0.02131	0.02643	0.01279	0.77238	0.01620	0.01194	0.01620	0.01023	0.01364	0.00767	0.00426	0.00597	0.00171	0.00853	0.00597	0.00256	0.00682
49	0.00638	0.00491	0.00583	0.00608	0.00720	0.00437	0.00438	0.00786	0.01177	0.01537	0.26056	0.28390	0.33714	0.01302	0.00612	0.00178	0.00262	0.01137	0.00495	0.00437
50	0.00943	0.00471	0.00471	0.00471	0.00589	0.00471	0.00353	0.01178	0.01060	0.01885	0.01650	0.01885	0.01296	0.00589	0.00353	0.00118	0.00236	0.00471	0.85036	0.00471
51	0.01207	0.01453	0.06844	0.02110	0.05639	0.03630	0.68056	0.01628	0.01193	0.01609	0.01007	0.01331	0.00759	0.00433	0.00583	0.00168	0.00839	0.00571	0.00254	0.00687
52	0.01247	0.57796	0.26471	0.01044	0.01574	0.01745	0.01176	0.01541	0.01040	0.01317	0.00766	0.00891	0.00646	0.00447	0.00373	0.00124	0.00605	0.00302	0.00215	0.00679
53	0.01194	0.01364	0.02984	0.02131	0.02643	0.01279	0.77238	0.01620	0.01194	0.01620	0.01023	0.01364	0.00767	0.00426	0.00597	0.00171	0.00853	0.00597	0.00256	0.00682
54	0.00616	0.00440	0.00587	0.00704	0.00733	0.00411	0.00469	0.00704	0.00968	0.01291	0.02787	0.81899	0.03344	0.01584	0.00645	0.00205	0.00293	0.01438	0.00469	0.00411
55	0.01200	0.01899	0.29441	0.01713	0.02242	0.11353	0.36153	0.01623	0.01159	0.01540	0.00992	0.03601	0.00782	0.00508	0.00577	0.00165	0.03622	0.00504	0.00247	0.00680
56	0.01499	0.01032	0.01151	0.00998	0.01309	0.01135	0.00787	0.02634	0.59827	0.20592	0.02043	0.01847	0.01474	0.00672	0.00513	0.00168	0.00407	0.00557	0.00541	0.00815
57	0.01194	0.01364	0.02984	0.02131	0.02643	0.01279	0.77238	0.01620	0.01194	0.01620	0.01023	0.01364	0.00767	0.00426	0.00597	0.00171	0.00853	0.00597	0.00256	0.00682
58	0.01252	0.01201	0.02053	0.03104	0.79074	0.01201	0.01552	0.01552	0.01151	0.01652	0.00951	0.01252	0.00801	0.00451	0.00501	0.00150	0.00601	0.00451	0.00250	0.00801
59	0.25079	0.02061	0.20495	0.01159	0.01554	0.38682	0.01077	0.01768	0.01183	0.01615	0.00791	0.00925	0.00620	0.00497	0.00422	0.00145	0.00726	0.00323	0.00264	0.00615
60	0.00955	0.00899	0.01517	0.81013	0.03483	0.01123	0.01404	0.01292	0.01011	0.01292	0.00899	0.01348	0.00674	0.00506	0.00506	0.00169	0.00674	0.00449	0.00225	0.00562
61	0.00598	0.00512	0.00512	0.00512	0.00683	0.00427	0.00384	0.00726	0.01153	0.01366	0.05123	0.04866	0.78869	0.01281	0.00598	0.00171	0.00256	0.01067	0.00470	0.00427
62	0.06934	0.01527	0.15874	0.01832	0.02319	0.01278	0.51382	0.01567	0.01107	0.01620	0.00945	0.01250	0.00720	0.00485	0.00664	0.00173	0.08883	0.00521	0.00249	0.00671
63	0.01080	0.02156	0.51463	0.01695	0.02355	0.01213	0.29553	0.01608	0.01114	0.01608	0.00950	0.01176	0.00687	0.00461	0.00523	0.00164	0.00786	0.00456	0.00229	0.00723
64	0.00616	0.00440	0.00587	0.00704	0.00733	0.00411	0.00469	0.00704	0.00968	0.01291	0.02787	0.81899	0.03344	0.01584	0.00645	0.00205	0.00293	0.01438	0.00469	0.00411
65	0.01138	0.01751	0.26702	0.01918	0.02502	0.01246	0.53909	0.01614	0.01155	0.01614	0.00987	0.01272	0.00728	0.00443	0.00561	0.00167	0.00820	0.00528	0.00243	0.00702
66	0.01205	0.07531	0.02351	0.01656	0.02069	0.01222	0.47915	0.07549	0.05215	0.03223	0.03716	0.08356	0.01182	0.00704	0.03568	0.00191	0.00725	0.00637	0.00321	0.00665
67	0.01072	0.01168	0.02463	0.01822	0.02225	0.01103	0.60048	0.01423	0.01140	0.01545	0.01382	0.18045	0.01299	0.00674	0.00625	0.00179	0.02094	0.00768	0.00299	0.00624
68	0.00663	0.00505	0.00609	0.00603	0.00728	0.00451	0.00444	0.00844	0.01277	0.01707	0.43908	0.14174	0.29874	0.01189	0.00603	0.00169	0.00252	0.01034	0.00516	0.00451
69	0.05687	0.01179	0.02198	0.07238	0.02190	0.01137	0.43445	0.06846	0.01308	0.19827	0.02988	0.01463	0.00959	0.00506	0.00550	0.00165	0.00685	0.00547	0.00366	0.00716
70	0.18587	0.01077	0.01288	0.01034	0.01374	0.02401	0.08630	0.18858	0.12512	0.16740	0.08428	0.01657	0.01352	0.00626	0.00486	0.00160	0.00478	0.01779	0.01817	0.00718
71	0.02190	0.00888	0.01179	0.00914	0.01298	0.00797	0.00752	0.04064	0.06878	0.72359	0.01983	0.01722	0.01264	0.00630	0.00509	0.00157	0.00431	0.00512	0.00615	0.00856
72	0.01252	0.01201	0.02053	0.03104	0.79074	0.01201	0.01552	0.01552	0.01151	0.01652	0.00951	0.01252	0.00801	0.00451	0.00501	0.00150	0.00601	0.00451	0.00250	0.00801
73	0.01810	0.01447	0.01495	0.01194	0.01561	0.14419	0.06084	0.37336	0.14056	0.13314	0.01373	0.01352	0.00983	0.00596	0.00506	0.00153	0.00593	0.00469	0.00466	0.00793
74	0.05973	0.01169	0.01222	0.01081	0.03805	0.07228	0.00829	0.10737	0.39137	0.20636	0.01747	0.01623	0.01255	0.00632	0.00497	0.00161	0.00470	0.00506	0.00502	0.00792
75	0.00722	0.00542	0.00813	0.00813	0.00903	0.00632	0.00632	0.00903	0.00813	0.01174	0.01354	0.01987	0.01264	0.03792	0.80225	0.00813	0.01354	0.00542	0.00271	0.00451
76	0.08564	0.01212	0.01352	0.01044	0.01437	0.01282	0.00862	0.48527	0.01974	0.26465	0.01413	0.01339	0.00956	0.00602	0.00492	0.00154	0.00505	0.00457	0.00528	0.00836
77	0.01273	0.01113	0.01153	0.02386	0.01352	0.04372	0.00825	0.05447	0.65398	0.02066	0.01998	0.02082	0.01563	0.00723	0.00525	0.00173	0.00436	0.05853	0.00496	0.00767
78	0.02218	0.00942	0.01224	0.00939	0.01332	0.00865	0.00775	0.13508	0.01584	0.68188	0.01880	0.01646	0.01194	0.00623	0.00508	0.00156	0.00449	0.00501	0.00608	0.00860
79	0.00616	0.00440	0.00587	0.00704	0.00733	0.00411	0.00469	0.00704	0.00968	0.01291	0.02787	0.81899	0.03344	0.01584	0.00645	0.00205	0.00293	0.01438	0.00469	0.00411
80	0.01014	0.00959	0.01623	0.65520	0.18515	0.01139	0.01434	0.01344	0.01039	0.01364	0.00909	0.01329	0.00699	0.00495	0.00505	0.00165	0.00659	0.00450	0.00230	0.00609
81	0.01891	0.02359	0.01437	0.01296	0.01564	0.76151	0.00976	0.05899	0.01482	0.01338	0.00804	0.00927	0.00662	0.00526	0.00459	0.00131	0.00894	0.00332	0.00273	0.00600
82	0.00616	0.00440	0.00587	0.00704	0.00733	0.00411	0.00469	0.00704	0.00968	0.01291	0.02787	0.81899	0.03344	0.01584	0.00645	0.00205	0.00293	0.01438	0.00469	0.00411
83	0.01014	0.02616	0.79609	0.01441	0.02189	0.01174	0.01868	0.01601	0.01068	0.01601	0.00907	0.01068	0.00641	0.00480	0.00480	0.00160	0.00747	0.00374	0.00214	0.00747
84	0.01016	0.00960	0.01622	0.40795	0.20418	0.01081	0.07194	0.01356	0.04126	0.01431	0.01202	0.11678	0.01088	0.00644	0.00566	0.00171	0.03168	0.00593	0.00276	0.00616
85	0.00598	0.00512	0.00512	0.00512	0.00683	0.00427	0.00384	0.00726	0.01153	0.01366	0.05123	0.04866	0.78869	0.01281	0.00598	0.00171	0.00256	0.01067	0.00470	0.00427
86	0.01922	0.01416	0.01518	0.01163	0.01568	0.01568	0.00961	0.77388	0.02378	0.03187	0.01214	0.01214	0.00860	0.00607	0.00506	0.00152	0.00556	0.00455	0.00506	0.00860
87	0.01075	0.17077	0.65683	0.01337	0.02027	0.01324	0.01687	0.01586	0.01060	0.01527	0.00870	0.01021	0.00642	0.00472	0.00452	0.00151	0.00710	0.00355	0.00214	0.00730
88	0.01295	0.42678	0.29365	0.01104	0.01637	0.01631	0.01224	0.11270	0.01211	0.01590	0.00852	0.00974	0.00684	0.00534	0.01880	0.00145	0.00630	0.00335	0.00254	0.00707
89	0.00598	0.00512	0.00512	0.00512	0.00683	0.00427	0.00384	0.00726	0.01153	0.01366	0.05123	0.04866	0.78869	0.01281	0.00598	0.00171	0.00256	0.01067	0.00470	0.00427
90	0.01106	0.01106	0.01549	0.01328	0.01328	0.01549	0.01106	0.01217	0.00774	0.01217	0.00664	0.01106	0.00664	0.00885	0.01659	0.00221	0.81303	0.00443	0.00221	0.00553
91	0.01048	0.01175	0.09639	0.49058	0.21910	0.01157	0.06028	0.01407	0.01062	0.01432	0.00920	0.01297	0.00708	0.00485	0.00507	0.00163	0.00674	0.00451	0.00232	0.00647
92	0.01176	0.01238	0.02592	0.01944	0.05251	0.01159	0.62035	0.01558	0.01197	0.04644	0.01433	0.01844	0.06407	0.00545	0.00595	0.00172	0.00765	0.04485	0.00296	0.00664
93	0.00955	0.00899	0.01517	0.81013	0.03483	0.01123	0.01404	0.01292	0.01011	0.01292	0.00899	0.01348	0.00674	0.00506	0.00506	0.00169	0.00674	0.00449	0.00225	0.00562
94	0.85801	0.00978	0.00743	0.00665	0.00978	0.01134	0.00548	0.01486	0.00861	0.02269	0.00704	0.00821	0.00548	0.00469	0.00313	0.00156	0.00391	0.00274	0.00313	0.00548
95	0.01302	0.66471	0.12479	0.00951	0.01414	0.01842	0.00990	0.01608	0.06473	0.01308	0.00825	0.00920	0.00711	0.00457	0.00358	0.00119	0.00558	0.00305	0.00237	0.00672
96	0.00767	0.00620	0.00695	0.00731	0.00784	0.06119	0.00501	0.00857	0.00894	0.01168	0.01934	0.33049	0.02185	0.25078	0.21823	0.00439	0.00668	0.00927	0.00357	0.00404

[dist]
# distance from previous block
# <min> <max>
0	10

[block]
# block no. 3 follows, 49 sequences, length 18
# corresponding to MSA columns:
# 459-476
name=unknown_D
#
# <colnr> <probs for GDERKNQSTAVLIFYWHMCP>
#	G	D	E	R	K	N	Q	S	T	A	V	L	I	F	Y	W	H	M	C	P
0	0.85801	0.00978	0.00743	0.00665	0.00978	0.01134	0.00548	0.01486	0.00861	0.02269	0.00704	0.00821	0.00548	0.00469	0.00313	0.00156	0.00391	0.00274	0.00313	0.00548
1	0.01003	0.00969	0.06195	0.00785	0.01212	0.00694	0.00674	0.01273	0.02792	0.01650	0.04440	0.01531	0.06015	0.00497	0.00415	0.00096	0.00389	0.02064	0.00324	0.66984
2	0.00955	0.00899	0.01517	0.81013	0.03483	0.01123	0.01404	0.01292	0.01011	0.01292	0.00899	0.01348	0.00674	0.00506	0.00506	0.00169	0.00674	0.00449	0.00225	0.00562
3	0.01014	0.02616	0.79609	0.01441	0.02189	0.01174	0.01868	0.01601	0.01068	0.01601	0.00907	0.01068	0.00641	0.00480	0.00480	0.00160	0.00747	0.00374	0.00214	0.00747
4	0.01049	0.00899	0.01049	0.00749	0.01198	0.00674	0.00599	0.01273	0.01049	0.01648	0.00899	0.01049	0.00749	0.00374	0.00374	0.00075	0.00374	0.00300	0.00300	0.85320
5	0.85801	0.00978	0.00743	0.00665	0.00978	0.01134	0.00548	0.01486	0.00861	0.02269	0.00704	0.00821	0.00548	0.00469	0.00313	0.00156	0.00391	0.00274	0.00313	0.00548
6	0.00716	0.00517	0.00676	0.00636	0.00755	0.00477	0.00477	0.00954	0.01431	0.02028	0.78808	0.03777	0.04771	0.01034	0.00596	0.00159	0.00239	0.00914	0.00557	0.00477
7	0.85801	0.00978	0.00743	0.00665	0.00978	0.01134	0.00548	0.01486	0.00861	0.02269	0.00704	0.00821	0.00548	0.00469	0.00313	0.00156	0.00391	0.00274	0.00313	0.00548
8	0.02269	0.00861	0.01174	0.00900	0.01291	0.00743	0.00743	0.02464	0.01447	0.79425	0.01995	0.01721	0.01252	0.00626	0.00509	0.00156	0.00430	0.00509	0.00626	0.00861
9	0.01041	0.02447	0.70964	0.01396	0.02092	0.01184	0.01751	0.01721	0.09561	0.01658	0.01034	0.01158	0.00740	0.00503	0.00484	0.00161	0.00709	0.00395	0.00247	0.00753
10	0.01023	0.00654	0.00811	0.00805	0.00938	0.00646	0.00584	0.14075	0.01263	0.10225	0.02430	0.59201	0.02687	0.01311	0.00606	0.00191	0.00354	0.01166	0.00493	0.00537
11	0.01839	0.10852	0.01541	0.01186	0.01478	0.49211	0.00936	0.06983	0.01411	0.13244	0.00978	0.01056	0.00757	0.00556	0.00530	0.00139	0.05963	0.00364	0.00325	0.00651
12	0.01562	0.10697	0.14960	0.01170	0.01578	0.18634	0.01069	0.27004	0.11182	0.02086	0.04418	0.01271	0.01005	0.00575	0.00476	0.00146	0.00632	0.00427	0.00373	0.00734
13	0.00958	0.09882	0.06258	0.00754	0.01112	0.00799	0.00656	0.01221	0.04347	0.01539	0.01993	0.07439	0.17727	0.00687	0.00447	0.00120	0.00382	0.00562	0.03825	0.39290
14	0.01103	0.00971	0.07501	0.00886	0.01146	0.00896	0.00731	0.01836	0.34384	0.06782	0.05642	0.12077	0.01796	0.09751	0.00738	0.00198	0.00407	0.00670	0.06049	0.06435
15	0.01468	0.01340	0.06407	0.01014	0.01396	0.11729	0.00860	0.23357	0.07957	0.07066	0.01480	0.01628	0.05814	0.00610	0.00478	0.00136	0.00526	0.03645	0.00404	0.22683
16	0.01514	0.10240	0.06494	0.01058	0.01444	0.01364	0.00918	0.29024	0.26760	0.06094	0.01469	0.01511	0.01111	0.00612	0.00484	0.00151	0.00495	0.02419	0.00449	0.06390
17	0.01656	0.06109	0.01512	0.01192	0.06223	0.01066	0.08841	0.07137	0.18286	0.30974	0.01590	0.01527	0.01119	0.00566	0.00492	0.00149	0.00488	0.00487	0.00470	0.10117

[dist]
# distance from previous block
# <min> <max>
3	55

[block]
# block no. 4 follows, 49 sequences, length 9
# corresponding to MSA columns:
# 535-543
name=unknown_E
#
# <colnr> <probs for GDERKNQSTAVLIFYWHMCP>
#	G	D	E	R	K	N	Q	S	T	A	V	L	I	F	Y	W	H	M	C	P
0	0.01290	0.08796	0.12841	0.01588	0.02023	0.01410	0.32615	0.13538	0.06514	0.01804	0.01030	0.01251	0.00793	0.00542	0.00680	0.00167	0.11619	0.00492	0.00299	0.00707
1	0.01007	0.00751	0.00912	0.00938	0.04576	0.00780	0.00687	0.14949	0.06200	0.01705	0.02219	0.14253	0.06968	0.19245	0.01048	0.00260	0.00453	0.22092	0.00431	0.00529
2	0.01200	0.02572	0.63033	0.01412	0.02056	0.17930	0.01679	0.01690	0.01145	0.01524	0.00881	0.01035	0.00643	0.00489	0.00475	0.00154	0.00782	0.00363	0.00223	0.00713
3	0.00613	0.00451	0.00576	0.00676	0.00726	0.00413	0.00457	0.00707	0.00995	0.01302	0.03130	0.70584	0.14437	0.01540	0.00638	0.00200	0.00288	0.01383	0.00469	0.00413
4	0.06513	0.36792	0.41618	0.01145	0.01730	0.01526	0.01355	0.01557	0.01037	0.01467	0.00807	0.00942	0.00638	0.00459	0.00403	0.00138	0.00636	0.00323	0.00221	0.00693
5	0.01376	0.18659	0.02023	0.07569	0.42499	0.16607	0.01285	0.01616	0.01170	0.01450	0.00862	0.01099	0.00731	0.00464	0.00455	0.00139	0.00653	0.00388	0.00243	0.00711
6	0.01038	0.00620	0.00668	0.00608	0.00768	0.00634	0.00469	0.12324	0.01333	0.02107	0.17946	0.02188	0.01969	0.00686	0.00427	0.00132	0.00283	0.00563	0.54708	0.00530
7	0.09775	0.27420	0.30562	0.01066	0.01594	0.01340	0.01178	0.01748	0.01116	0.18249	0.01056	0.01102	0.00765	0.00495	0.00420	0.00143	0.00579	0.00360	0.00313	0.00721
8	0.00730	0.00823	0.12259	0.00789	0.00975	0.00625	0.00695	0.00923	0.00929	0.01262	0.02301	0.09890	0.18913	0.14217	0.31868	0.00470	0.00794	0.00745	0.00330	0.00464

[dist]
# distance from previous block
# <min> <max>
0	6

[block]
# block no. 5 follows, 49 sequences, length 6
# corresponding to MSA columns:
# 550-555
name=unknown_F
#
# <colnr> <probs for GDERKNQSTAVLIFYWHMCP>
#	G	D	E	R	K	N	Q	S	T	A	V	L	I	F	Y	W	H	M	C	P
0	0.01319	0.01202	0.01982	0.15116	0.02219	0.01258	0.30500	0.22997	0.06661	0.02078	0.08334	0.01577	0.01200	0.00565	0.00550	0.00164	0.00651	0.00559	0.00366	0.00701
1	0.01104	0.00751	0.00942	0.05693	0.01198	0.00763	0.00738	0.15316	0.01420	0.09056	0.12286	0.11539	0.12275	0.01082	0.00602	0.00187	0.00419	0.23572	0.00486	0.00572
2	0.01872	0.01195	0.01344	0.01063	0.01439	0.01279	0.00868	0.41037	0.18501	0.23521	0.01607	0.01496	0.01113	0.00629	0.00508	0.00157	0.00489	0.00495	0.00540	0.00847
3	0.01140	0.00886	0.00983	0.00902	0.01114	0.00956	0.00686	0.21468	0.23181	0.02029	0.02352	0.31911	0.08169	0.01049	0.00568	0.00179	0.00390	0.00905	0.00492	0.00641
4	0.24376	0.01180	0.01312	0.01030	0.01396	0.01278	0.06768	0.39802	0.01712	0.06822	0.01465	0.01485	0.07992	0.00619	0.00470	0.00157	0.00500	0.00477	0.00437	0.00722
5	0.15160	0.01112	0.01302	0.01025	0.01384	0.01172	0.05396	0.31590	0.06828	0.20212	0.08465	0.01556	0.01298	0.00623	0.00490	0.00157	0.00480	0.00497	0.00493	0.00761

[dist]
# distance from previous block
# <min> <max>
4	74

[block]
# block no. 6 follows, 49 sequences, length 28
# corresponding to MSA columns:
# 633-660
name=unknown_G
#
# <colnr> <probs for GDERKNQSTAVLIFYWHMCP>
#	G	D	E	R	K	N	Q	S	T	A	V	L	I	F	Y	W	H	M	C	P
0	0.01037	0.20585	0.09077	0.00827	0.01104	0.06339	0.00753	0.01283	0.01299	0.04653	0.44075	0.02522	0.02956	0.00784	0.00507	0.00145	0.00415	0.00650	0.00423	0.00567
1	0.05180	0.58145	0.02234	0.00931	0.01308	0.08415	0.00866	0.01639	0.02814	0.07637	0.00843	0.00939	0.00715	0.00494	0.00445	0.00125	0.06040	0.00313	0.00265	0.00653
2	0.01205	0.38221	0.41743	0.01178	0.01763	0.05151	0.01381	0.01582	0.01066	0.01401	0.00811	0.00946	0.00645	0.00461	0.00410	0.00136	0.00663	0.00325	0.00217	0.00696
3	0.03498	0.04697	0.04725	0.27135	0.06950	0.06977	0.03212	0.02756	0.01069	0.01397	0.01576	0.30553	0.01652	0.00890	0.00540	0.00174	0.00541	0.00787	0.00327	0.00546
4	0.01358	0.50573	0.02281	0.01073	0.01431	0.11803	0.06635	0.01533	0.01058	0.01257	0.00743	0.00919	0.00666	0.00502	0.00547	0.00129	0.11615	0.00327	0.00230	0.05321
5	0.00723	0.00475	0.00633	0.00704	0.00768	0.00440	0.00486	0.00841	0.01068	0.05735	0.14734	0.65135	0.03454	0.01444	0.00630	0.00195	0.00292	0.01304	0.00492	0.00446
6	0.01084	0.02518	0.75264	0.01411	0.02139	0.01150	0.01806	0.01649	0.01089	0.05913	0.00968	0.01104	0.00674	0.00488	0.00482	0.00160	0.00730	0.00381	0.00236	0.00754
7	0.01494	0.01102	0.16053	0.00957	0.01312	0.00778	0.00887	0.01837	0.07531	0.36838	0.02058	0.21849	0.03346	0.00858	0.00540	0.00171	0.00450	0.00734	0.00495	0.00711
8	0.00616	0.00440	0.00587	0.00704	0.00733	0.00411	0.00469	0.00704	0.00968	0.01291	0.02787	0.81899	0.03344	0.01584	0.00645	0.00205	0.00293	0.01438	0.00469	0.00411
9	0.00955	0.00899	0.01517	0.81013	0.03483	0.01123	0.01404	0.01292	0.01011	0.01292	0.00899	0.01348	0.00674	0.00506	0.00506	0.00169	0.00674	0.00449	0.00225	0.00562
10	0.01162	0.01288	0.02753	0.02061	0.05462	0.01213	0.67441	0.01566	0.01189	0.01611	0.01169	0.01749	0.00961	0.00514	0.00602	0.00175	0.00808	0.07332	0.00274	0.00667
11	0.01225	0.01181	0.02035	0.09525	0.70590	0.01197	0.03745	0.01532	0.01141	0.01621	0.00949	0.01263	0.00789	0.00454	0.00504	0.00152	0.00614	0.00455	0.00248	0.00778
12	0.00716	0.00517	0.00676	0.00636	0.00755	0.00477	0.00477	0.00954	0.01431	0.02028	0.78808	0.03777	0.04771	0.01034	0.00596	0.00159	0.00239	0.00914	0.00557	0.00477
13	0.01168	0.01116	0.01902	0.25040	0.57791	0.01180	0.01510	0.01479	0.01112	0.01551	0.00936	0.01279	0.00765	0.00466	0.00502	0.00155	0.00621	0.00450	0.00243	0.00734
14	0.00901	0.00735	0.00785	0.00738	0.00921	0.00765	0.00547	0.04377	0.27429	0.01660	0.06510	0.08666	0.29829	0.12842	0.00857	0.00219	0.00353	0.00844	0.00466	0.00555
