[name]
unknown

[dist]
# distance from previous block
# <min> <max>
0	213

[block]
# block no. 0 follows, 48 sequences, length 12
# corresponding to MSA columns:
# 215-226
name=unknown_A
#
# <colnr> <probs for GDERKNQSTAVLIFYWHMCP>
#	G	D	E	R	K	N	Q	S	T	A	V	L	I	F	Y	W	H	M	C	P
0	0.12927	0.06277	0.06522	0.01079	0.01432	0.12306	0.00932	0.26748	0.09564	0.05317	0.01353	0.01754	0.01117	0.00674	0.00492	0.00162	0.00571	0.09642	0.00416	0.00715
1	0.03555	0.04252	0.35228	0.01140	0.01520	0.01014	0.01209	0.03870	0.01050	0.01532	0.01538	0.28555	0.01594	0.00923	0.00682	0.00184	0.10469	0.00752	0.00320	0.00612
2	0.00863	0.00871	0.12931	0.00746	0.00995	0.00597	0.00692	0.01116	0.01225	0.06320	0.21860	0.06692	0.25987	0.00995	0.00556	0.00165	0.00354	0.04670	0.11833	0.00530
3	0.01295	0.15925	0.33869	0.01203	0.01696	0.13613	0.01275	0.01803	0.11491	0.05385	0.01212	0.06878	0.01002	0.00601	0.00474	0.00153	0.00652	0.00464	0.00305	0.00704
4	0.01288	0.17730	0.01489	0.01068	0.06168	0.03869	0.00825	0.13979	0.01279	0.07133	0.01860	0.02057	0.15775	0.06597	0.04716	0.00216	0.12400	0.00564	0.00361	0.00626
5	0.00637	0.00474	0.00594	0.00663	0.00737	0.00431	0.00460	0.00759	0.01095	0.01443	0.15184	0.53493	0.19244	0.01456	0.00637	0.00194	0.00281	0.01297	0.00490	0.00431
6	0.01167	0.01106	0.01852	0.05605	0.43826	0.01142	0.10403	0.01624	0.11446	0.01644	0.01187	0.01492	0.00979	0.01020	0.12975	0.00264	0.00736	0.00506	0.00293	0.00732
7	0.12895	0.01552	0.05281	0.01185	0.05230	0.26389	0.02747	0.11835	0.06763	0.06513	0.13208	0.01563	0.01439	0.00625	0.00486	0.00151	0.00608	0.00478	0.00389	0.00662
8	0.14536	0.01466	0.02459	0.01816	0.02269	0.11869	0.54702	0.01677	0.01191	0.01695	0.00954	0.01236	0.00728	0.00452	0.00541	0.00165	0.00800	0.00517	0.00269	0.00658
9	0.00824	0.00775	0.00715	0.00770	0.00866	0.12883	0.00539	0.00928	0.01094	0.01317	0.02992	0.53352	0.18280	0.01376	0.00615	0.00189	0.00388	0.01205	0.00443	0.00448
10	0.01411	0.01301	0.04473	0.01287	0.07288	0.13436	0.06145	0.04690	0.30269	0.10374	0.01744	0.12342	0.01466	0.00739	0.00533	0.00168	0.00543	0.00633	0.00437	0.00723
11	0.00999	0.00810	0.00995	0.01074	0.11444	0.00810	0.00720	0.13046	0.07912	0.01918	0.18151	0.05654	0.28764	0.00993	0.00578	0.00169	0.00375	0.04519	0.00474	0.00597

[dist]
# distance from previous block
# <min> <max>
5	23

[block]
# block no. 1 follows, 48 sequences, length 28
# corresponding to MSA columns:
# 250-277
name=unknown_B
#
# <colnr> <probs for GDERKNQSTAVLIFYWHMCP>
#	G	D	E	R	K	N	Q	S	T	A	V	L	I	F	Y	W	H	M	C	P
0	0.01632	0.06977	0.01784	0.01996	0.31639	0.38811	0.01210	0.07084	0.01384	0.01555	0.00886	0.01075	0.00735	0.00501	0.00475	0.00140	0.00753	0.00385	0.00275	0.00703
1	0.01612	0.07061	0.01643	0.16054	0.13556	0.48726	0.01151	0.01810	0.01307	0.01326	0.00836	0.01051	0.00688	0.00509	0.00470	0.00141	0.00810	0.00369	0.00253	0.00627
2	0.00733	0.05659	0.00707	0.00682	0.00754	0.00531	0.00480	0.00855	0.01003	0.01413	0.02483	0.61950	0.02840	0.01349	0.00580	0.00186	0.00303	0.01204	0.15843	0.00443
3	0.01167	0.01027	0.01574	0.61287	0.07967	0.01227	0.01352	0.15144	0.01288	0.01685	0.00974	0.01337	0.00727	0.00528	0.00513	0.00167	0.00657	0.00457	0.00282	0.00641
4	0.01219	0.01580	0.16636	0.01966	0.08219	0.01283	0.47326	0.04909	0.08251	0.01756	0.01115	0.01363	0.00834	0.00476	0.00565	0.00169	0.00771	0.00545	0.00286	0.00732
5	0.01223	0.01333	0.02687	0.01959	0.02436	0.01294	0.63024	0.01841	0.15188	0.01735	0.01230	0.01481	0.00922	0.00481	0.00590	0.00173	0.00781	0.00601	0.00307	0.00714
6	0.16160	0.00596	0.00644	0.00642	0.00795	0.00584	0.00484	0.00963	0.01177	0.01772	0.28739	0.18353	0.22430	0.01127	0.00566	0.00175	0.00293	0.03550	0.00477	0.00471
7	0.01286	0.01240	0.01347	0.25974	0.06924	0.16316	0.01049	0.12763	0.09083	0.01694	0.01408	0.15951	0.01299	0.00746	0.00530	0.00167	0.00610	0.00628	0.00354	0.00632
8	0.01925	0.02001	0.01452	0.01245	0.01561	0.48952	0.00966	0.24307	0.04705	0.06517	0.01047	0.01103	0.00795	0.00567	0.00483	0.00142	0.00769	0.00390	0.00370	0.00702
9	0.00686	0.00452	0.00574	0.00671	0.00718	0.00428	0.00455	0.00802	0.00999	0.01420	0.02618	0.67092	0.03015	0.01423	0.00601	0.00192	0.00287	0.01280	0.15860	0.00428
10	0.01376	0.01510	0.02248	0.01712	0.02126	0.15595	0.42565	0.04086	0.19833	0.01739	0.01253	0.01425	0.00950	0.00519	0.00557	0.00165	0.00757	0.00545	0.00331	0.00708
11	0.01122	0.01149	0.01778	0.01456	0.01562	0.02754	0.14906	0.01299	0.00877	0.01306	0.00795	0.01235	0.00739	0.01032	0.07422	0.00259	0.59012	0.00483	0.00235	0.00578
12	0.00826	0.00668	0.00845	0.00925	0.07799	0.00652	0.00643	0.01199	0.11201	0.01786	0.32048	0.03909	0.23766	0.01066	0.00600	0.00175	0.00331	0.10525	0.00496	0.00541
13	0.01106	0.01149	0.02085	0.16104	0.02231	0.01315	0.31517	0.01382	0.00998	0.01397	0.00923	0.01414	0.00793	0.05799	0.01097	0.00211	0.29101	0.00532	0.00245	0.00599
14	0.01142	0.01113	0.01933	0.30832	0.14465	0.01202	0.21514	0.03800	0.12502	0.01635	0.01204	0.04241	0.00960	0.00551	0.00543	0.00170	0.00663	0.00550	0.00301	0.00679
15	0.01270	0.01212	0.02028	0.03024	0.74152	0.01223	0.01529	0.01643	0.05738	0.01704	0.01032	0.01308	0.00858	0.00471	0.00509	0.00154	0.00597	0.00465	0.00270	0.00813
16	0.01142	0.37179	0.31408	0.01112	0.01613	0.01450	0.01255	0.01484	0.01083	0.01426	0.01157	0.01827	0.01074	0.00636	0.00458	0.00153	0.00614	0.14001	0.00265	0.00662
17	0.00747	0.00607	0.00736	0.00713	0.00793	0.00642	0.00524	0.00853	0.01013	0.01332	0.10822	0.12283	0.28419	0.21094	0.01283	0.00266	0.13352	0.03690	0.00404	0.00429
18	0.01068	0.16833	0.27797	0.03412	0.06465	0.01234	0.17320	0.01439	0.01122	0.01502	0.01689	0.01820	0.14900	0.00614	0.00506	0.00156	0.00640	0.00542	0.00276	0.00665
19	0.07675	0.03475	0.02592	0.01038	0.01333	0.10583	0.00834	0.11468	0.32162	0.09796	0.01606	0.04910	0.01260	0.00878	0.05584	0.00206	0.02898	0.00526	0.00447	0.00729
20	0.00903	0.00636	0.00833	0.15242	0.01314	0.00617	0.00660	0.01109	0.01243	0.10392	0.20764	0.03705	0.35453	0.01028	0.00583	0.00171	0.00362	0.03993	0.00469	0.00522
21	0.01188	0.00933	0.01229	0.27743	0.07180	0.05835	0.00987	0.01594	0.12288	0.12028	0.02849	0.20727	0.01610	0.00824	0.00547	0.00175	0.00521	0.00722	0.00395	0.00626
22	0.01311	0.06194	0.01911	0.21869	0.40395	0.05939	0.04198	0.04865	0.02144	0.04864	0.00999	0.01277	0.00792	0.00491	0.00500	0.00155	0.00641	0.00448	0.00277	0.00731
23	0.01008	0.00600	0.00769	0.00770	0.00907	0.00573	0.00561	0.01262	0.08250	0.15651	0.09960	0.45226	0.05824	0.02790	0.02041	0.00207	0.00351	0.02196	0.00511	0.00543
24	0.16123	0.00546	0.00624	0.00707	0.00789	0.00551	0.00491	0.00859	0.00962	0.01491	0.02443	0.66895	0.02876	0.01401	0.00593	0.00199	0.00316	0.01243	0.00447	0.00442
25	0.01337	0.23412	0.04939	0.10153	0.14361	0.10462	0.17732	0.01710	0.06900	0.02840	0.00988	0.01195	0.00791	0.00483	0.00477	0.00147	0.00680	0.00433	0.00270	0.00693
26	0.03526	0.61058	0.12105	0.00993	0.01453	0.08821	0.01010	0.03531	0.01115	0.01344	0.00760	0.00876	0.00661	0.00459	0.00365	0.00121	0.00605	0.00297	0.00233	0.00668
27	0.01027	0.00577	0.00728	0.00677	0.00768	0.00573	0.00458	0.01100	0.00894	0.15285	0.01642	0.02794	0.01640	0.51428	0.17773	0.00501	0.00663	0.00665	0.00363	0.00443

[dist]
# distance from previous block
# <min> <max>
0	1

[block]
# block no. 2 follows, 48 sequences, length 10
# corresponding to MSA columns:
# 282-291
name=unknown_C
#
# <colnr> <probs for GDERKNQSTAVLIFYWHMCP>
#	G	D	E	R	K	N	Q	S	T	A	V	L	I	F	Y	W	H	M	C	P
0	0.01144	0.00586	0.00620	0.00569	0.00734	0.00589	0.00440	0.07300	0.01214	0.08280	0.01667	0.01846	0.01277	0.00602	0.00384	0.00125	0.00281	0.00480	0.71322	0.00541
1	0.08394	0.01696	0.32792	0.01621	0.13976	0.01156	0.08736	0.01479	0.01068	0.01635	0.01188	0.01640	0.03594	0.00624	0.00642	0.00173	0.09732	0.06513	0.00269	0.03074
2	0.47128	0.14162	0.04513	0.00883	0.01236	0.14689	0.00764	0.04956	0.01102	0.05413	0.00818	0.00916	0.00640	0.00493	0.00369	0.00146	0.00535	0.00309	0.00312	0.00615
3	0.01030	0.00552	0.00575	0.00547	0.00681	0.00564	0.00413	0.07144	0.01153	0.01946	0.01585	0.01835	0.01251	0.00681	0.00485	0.06007	0.00279	0.00475	0.72306	0.00492
4	0.08027	0.01124	0.07575	0.15984	0.04558	0.01066	0.08507	0.14540	0.03563	0.13555	0.01337	0.08480	0.01089	0.00740	0.00639	0.07054	0.00563	0.00552	0.00379	0.00668
5	0.03715	0.01506	0.17829	0.17871	0.05644	0.08176	0.09525	0.12152	0.01327	0.06255	0.01400	0.04853	0.06255	0.00618	0.00520	0.00163	0.00653	0.00530	0.00327	0.00680
6	0.01225	0.04987	0.04959	0.04183	0.09940	0.14625	0.08200	0.07747	0.01270	0.03300	0.02026	0.09694	0.17499	0.00812	0.00632	0.00166	0.07106	0.00668	0.00349	0.00613
7	0.01316	0.06224	0.20410	0.01564	0.14478	0.08993	0.08432	0.04361	0.09716	0.07841	0.09029	0.01603	0.02582	0.00588	0.00511	0.00157	0.00617	0.00506	0.00348	0.00725
8	0.04954	0.03274	0.14560	0.13053	0.09047	0.07317	0.12467	0.04565	0.07256	0.05523	0.02444	0.01374	0.02202	0.00541	0.00541	0.00157	0.03410	0.00465	0.00309	0.06542
9	0.05165	0.03747	0.08639	0.01228	0.07208	0.18280	0.03449	0.04854	0.05687	0.07903	0.01837	0.09514	0.07534	0.00826	0.00538	0.00170	0.00586	0.11823	0.00383	0.00630

[dist]
# distance from previous block
# <min> <max>
7	57

[block]
# block no. 3 follows, 48 sequences, length 84
# corresponding to MSA columns:
# 349-432
name=unknown_D
#
# <colnr> <probs for GDERKNQSTAVLIFYWHMCP>
#	G	D	E	R	K	N	Q	S	T	A	V	L	I	F	Y	W	H	M	C	P
0	0.17685	0.08062	0.01340	0.08140	0.03984	0.17544	0.02282	0.04781	0.06246	0.11729	0.03255	0.05688	0.01065	0.00599	0.00455	0.00149	0.00563	0.00459	0.00364	0.05611
1	0.08349	0.13150	0.25121	0.01133	0.02657	0.04421	0.03889	0.05232	0.09425	0.04697	0.01193	0.04472	0.00972	0.02200	0.03223	0.00179	0.00605	0.00450	0.03931	0.04702
2	0.06075	0.31785	0.14711	0.02812	0.01497	0.06574	0.01010	0.05366	0.09970	0.08900	0.01190	0.05936	0.00987	0.00583	0.00436	0.00144	0.00562	0.00437	0.00331	0.00697
3	0.14920	0.04868	0.05973	0.01121	0.08330	0.04195	0.02538	0.15038	0.01355	0.02011	0.16358	0.09119	0.02911	0.01037	0.07819	0.00221	0.00557	0.00615	0.00394	0.00621
4	0.01132	0.02132	0.02267	0.00693	0.00921	0.00621	0.00561	0.02425	0.04580	0.18773	0.15006	0.03293	0.27524	0.00942	0.00539	0.00161	0.00326	0.03785	0.13739	0.00579
5	0.01207	0.05948	0.01674	0.07614	0.06391	0.02784	0.11916	0.09477	0.10706	0.01678	0.01263	0.05498	0.02487	0.00873	0.05187	0.00212	0.19861	0.00544	0.02220	0.02458
6	0.00753	0.00490	0.00572	0.00579	0.00581	0.00488	0.00333	0.00737	0.00753	0.01004	0.01621	0.07856	0.01865	0.69643	0.02438	0.08425	0.00481	0.00760	0.00312	0.00309
7	0.01315	0.01269	0.01865	0.24176	0.33345	0.09013	0.08464	0.06013	0.04197	0.03888	0.01030	0.01310	0.00805	0.00501	0.00515	0.00159	0.00670	0.00465	0.00285	0.00718
8	0.01192	0.01023	0.01312	0.02819	0.01450	0.00869	0.07449	0.11349	0.01255	0.01868	0.00966	0.01122	0.00775	0.00419	0.00421	0.00097	0.00455	0.00355	0.00326	0.64478
9	0.00606	0.00520	0.00520	0.00520	0.00693	0.00433	0.00390	0.00736	0.01170	0.01386	0.05198	0.04938	0.78558	0.01299	0.00606	0.00173	0.00260	0.01083	0.00476	0.00433
10	0.85592	0.00992	0.00754	0.00675	0.00992	0.01151	0.00556	0.01508	0.00873	0.02302	0.00714	0.00834	0.00556	0.00476	0.00318	0.00159	0.00397	0.00278	0.00318	0.00556
11	0.00730	0.00554	0.00686	0.00664	0.00795	0.00527	0.00496	0.01010	0.06001	0.01829	0.49825	0.10291	0.17469	0.01286	0.05335	0.00208	0.00327	0.00956	0.00522	0.00488
12	0.00606	0.00520	0.00520	0.00520	0.00693	0.00433	0.00390	0.00736	0.01170	0.01386	0.05198	0.04938	0.78558	0.01299	0.00606	0.00173	0.00260	0.01083	0.00476	0.00433
13	0.01045	0.01005	0.01629	0.65486	0.16205	0.03264	0.01439	0.01375	0.01062	0.01371	0.00918	0.01340	0.00705	0.00504	0.00511	0.00167	0.00678	0.00453	0.00233	0.00612
14	0.01301	0.01114	0.01174	0.01049	0.01344	0.01288	0.00818	0.05416	0.75111	0.02186	0.02057	0.01890	0.01541	0.00693	0.00522	0.00173	0.00412	0.00576	0.00522	0.00814
15	0.01469	0.07903	0.01107	0.00786	0.01086	0.00757	0.02657	0.01675	0.01311	0.33253	0.14725	0.02416	0.12450	0.00752	0.00503	0.00148	0.00376	0.00626	0.10167	0.05836
16	0.00746	0.00497	0.00560	0.00560	0.00560	0.00497	0.00311	0.00746	0.00746	0.00995	0.01617	0.03358	0.01865	0.81967	0.02612	0.00497	0.00497	0.00746	0.00311	0.00311
17	0.01361	0.01334	0.01206	0.00949	0.01345	0.19456	0.00745	0.08679	0.05861	0.01749	0.00984	0.01098	0.00795	0.00456	0.00420	0.00102	0.00527	0.00342	0.00327	0.52263
18	0.01080	0.12437	0.66209	0.01424	0.02131	0.01300	0.05338	0.01615	0.01084	0.01574	0.00901	0.01065	0.00657	0.00479	0.00474	0.00156	0.00737	0.00377	0.00219	0.00743
19	0.01270	0.01219	0.02083	0.03149	0.78767	0.01219	0.01575	0.01575	0.01168	0.01676	0.00965	0.01270	0.00813	0.00457	0.00508	0.00152	0.00610	0.00457	0.00254	0.00813
20	0.00969	0.00912	0.01539	0.80734	0.03534	0.01140	0.01425	0.01311	0.01026	0.01311	0.00912	0.01368	0.00684	0.00513	0.00513	0.00171	0.00684	0.00456	0.00228	0.00570
21	0.13833	0.00890	0.01130	0.00880	0.01266	0.00809	0.00727	0.02363	0.01386	0.68487	0.01843	0.01620	0.01171	0.00613	0.00489	0.00159	0.00431	0.00483	0.00591	0.00829
22	0.00717	0.00524	0.00673	0.00636	0.00761	0.00480	0.00477	0.00950	0.01430	0.02005	0.72729	0.03920	0.10641	0.01069	0.00605	0.00162	0.00243	0.00940	0.00558	0.00480
23	0.01064	0.00912	0.01064	0.00760	0.01216	0.00684	0.00608	0.01292	0.01064	0.01672	0.00912	0.01064	0.00760	0.00380	0.00380	0.00076	0.00380	0.00304	0.00304	0.85104
24	0.00969	0.00912	0.01539	0.80734	0.03534	0.01140	0.01425	0.01311	0.01026	0.01311	0.00912	0.01368	0.00684	0.00513	0.00513	0.00171	0.00684	0.00456	0.00228	0.00570
25	0.01211	0.01384	0.03028	0.02163	0.02682	0.01298	0.76903	0.01644	0.01211	0.01644	0.01038	0.01384	0.00779	0.00433	0.00606	0.00173	0.00865	0.00606	0.00260	0.00692
26	0.02067	0.01158	0.01360	0.01040	0.01447	0.01171	0.00858	0.39881	0.01923	0.37331	0.01573	0.01456	0.01046	0.00613	0.00508	0.00152	0.00498	0.00479	0.00558	0.04879
27	0.01566	0.01314	0.01239	0.01020	0.01333	0.12632	0.00814	0.41636	0.05536	0.02456	0.07649	0.02042	0.13791	0.00750	0.00522	0.00154	0.00523	0.00585	0.03724	0.00714
28	0.00682	0.00506	0.00636	0.00638	0.00748	0.00460	0.00465	0.00870	0.01297	0.01770	0.48434	0.21296	0.17867	0.01218	0.00616	0.00174	0.00258	0.01074	0.00529	0.00460
29	0.44040	0.00949	0.00959	0.00789	0.01134	0.00992	0.00649	0.06504	0.01209	0.32229	0.01301	0.01264	0.00889	0.00552	0.00409	0.00157	0.00415	0.00391	0.04472	0.00695
30	0.17253	0.01540	0.13850	0.03254	0.01605	0.04566	0.01040	0.37736	0.10042	0.02552	0.01153	0.01199	0.00840	0.00572	0.00472	0.00158	0.00565	0.00422	0.00412	0.00769
31	0.11201	0.01074	0.01480	0.35016	0.05986	0.04914	0.05763	0.01691	0.10700	0.09226	0.01132	0.01367	0.00847	0.00567	0.00585	0.00170	0.06853	0.00459	0.00320	0.00648
32	0.00636	0.00469	0.00582	0.00660	0.00721	0.00429	0.00447	0.00733	0.01023	0.01335	0.06739	0.56617	0.18339	0.07765	0.00795	0.00222	0.00303	0.01304	0.00468	0.00415
33	0.00844	0.00876	0.07752	0.40942	0.02259	0.00854	0.01061	0.01106	0.01026	0.01356	0.05292	0.24132	0.03728	0.05720	0.00682	0.00200	0.00539	0.00786	0.00324	0.00520
34	0.41891	0.01225	0.01165	0.00939	0.01305	0.01381	0.00775	0.40981	0.01677	0.02789	0.00985	0.01042	0.00721	0.00549	0.00420	0.00156	0.00485	0.00374	0.00420	0.00721
35	0.00877	0.00780	0.01192	0.22738	0.07823	0.00815	0.06767	0.03996	0.01154	0.01494	0.06413	0.10726	0.24261	0.02392	0.04383	0.00211	0.00526	0.02545	0.00368	0.00538
36	0.00629	0.00519	0.00553	0.00548	0.00708	0.00442	0.00410	0.00779	0.01218	0.01511	0.18934	0.06573	0.62881	0.01260	0.00607	0.00172	0.00257	0.01063	0.00493	0.00442
37	0.01198	0.29587	0.30582	0.01448	0.02014	0.01517	0.21761	0.01590	0.01097	0.01477	0.00875	0.01076	0.00688	0.00466	0.00494	0.00149	0.02644	0.00406	0.00229	0.00701
38	0.00621	0.00464	0.00578	0.00669	0.00732	0.00421	0.00456	0.00720	0.01026	0.01328	0.03386	0.63576	0.21090	0.01535	0.00644	0.00200	0.00289	0.01370	0.00476	0.00421
39	0.05693	0.01789	0.01341	0.05565	0.01557	0.42049	0.00928	0.18354	0.03771	0.01803	0.01090	0.05905	0.00924	0.00625	0.00505	0.00148	0.02520	0.00448	0.04341	0.00642
40	0.01533	0.23025	0.01814	0.01365	0.15746	0.01385	0.00973	0.20994	0.01455	0.10694	0.01105	0.01216	0.00861	0.00712	0.05310	0.00175	0.00583	0.00404	0.00361	0.10289
41	0.19572	0.35112	0.03643	0.01056	0.06120	0.04586	0.00876	0.07221	0.14203	0.01791	0.01009	0.01079	0.00816	0.00509	0.00393	0.00139	0.00516	0.00357	0.00317	0.00687
42	0.00865	0.00683	0.00803	0.00774	0.00935	0.00703	0.00586	0.01424	0.23307	0.01900	0.36461	0.14203	0.09670	0.01063	0.00593	0.00176	0.00309	0.04452	0.00529	0.00564
43	0.00745	0.00501	0.00575	0.00575	0.00581	0.00506	0.00331	0.00756	0.00751	0.01007	0.01602	0.03278	0.01831	0.77309	0.07222	0.00517	0.00550	0.00734	0.00309	0.00320
44	0.01560	0.01612	0.01296	0.01155	0.01445	0.29573	0.00889	0.08331	0.44441	0.01912	0.01555	0.01505	0.01186	0.00630	0.00500	0.00157	0.00605	0.00481	0.00429	0.00739
45	0.01917	0.02445	0.01454	0.01322	0.01586	0.79907	0.00991	0.02049	0.01454	0.01256	0.00793	0.00925	0.00661	0.00529	0.00463	0.00132	0.00925	0.00330	0.00264	0.00595
46	0.01064	0.00912	0.01064	0.00760	0.01216	0.00684	0.00608	0.01292	0.01064	0.01672	0.00912	0.01064	0.00760	0.00380	0.00380	0.00076	0.00380	0.00304	0.00304	0.85104
47	0.04459	0.02294	0.61054	0.01410	0.02088	0.01171	0.06169	0.04791	0.01174	0.09156	0.01038	0.01161	0.00723	0.00503	0.00492	0.00162	0.00712	0.00405	0.00275	0.00762
48	0.01128	0.01138	0.01658	0.01396	0.01427	0.01555	0.05641	0.01259	0.00811	0.01259	0.00695	0.01138	0.00680	0.00870	0.01620	0.00221	0.76248	0.00458	0.00227	0.00569
49	0.02000	0.01254	0.01408	0.01084	0.01479	0.01332	0.00894	0.54905	0.02117	0.22603	0.01453	0.01391	0.00992	0.00620	0.00508	0.00154	0.00519	0.00476	0.03956	0.00857
50	0.00627	0.00453	0.00593	0.00701	0.00742	0.00419	0.00471	0.00722	0.01006	0.01334	0.04932	0.75043	0.07911	0.01575	0.00651	0.00205	0.00294	0.01423	0.00479	0.00419
51	0.01066	0.11118	0.71164	0.01400	0.02125	0.01281	0.01788	0.01616	0.01079	0.01581	0.00899	0.01056	0.00651	0.00482	0.00471	0.00157	0.00736	0.00368	0.00217	0.00748
52	0.69958	0.01069	0.00874	0.04550	0.01181	0.04185	0.00646	0.04649	0.05554	0.02243	0.00830	0.00943	0.00639	0.00499	0.00352	0.00159	0.00438	0.00314	0.00331	0.00586
53	0.00625	0.00447	0.00595	0.00714	0.00744	0.00417	0.00476	0.00714	0.00982	0.01310	0.02828	0.81633	0.03394	0.01608	0.00655	0.00208	0.00298	0.01459	0.00476	0.00417
54	0.14381	0.10113	0.44807	0.01205	0.01788	0.04246	0.01388	0.03985	0.02599	0.09518	0.01006	0.01099	0.00723	0.00505	0.00449	0.00155	0.00643	0.00371	0.00291	0.00727
55	0.01404	0.37436	0.26209	0.01162	0.01666	0.16420	0.01222	0.06365	0.01218	0.01473	0.00825	0.00949	0.00670	0.00482	0.00415	0.00133	0.00686	0.00329	0.00245	0.00691
56	0.00743	0.00508	0.00615	0.00615	0.00634	0.00527	0.00380	0.00782	0.00763	0.01036	0.01566	0.03078	0.01744	0.65690	0.18723	0.00566	0.00680	0.00705	0.00303	0.00342
57	0.01951	0.01437	0.01540	0.01181	0.01591	0.01591	0.00975	0.77056	0.02412	0.03234	0.01232	0.01232	0.00873	0.00616	0.00513	0.00154	0.00565	0.00462	0.00513	0.00873
58	0.01123	0.01123	0.01572	0.01347	0.01347	0.01572	0.01123	0.01235	0.00786	0.01235	0.00674	0.01123	0.00674	0.00898	0.01684	0.00225	0.81028	0.00449	0.00225	0.00561
59	0.00667	0.00495	0.00619	0.00697	0.00777	0.00458	0.00507	0.00792	0.01066	0.01378	0.06354	0.42698	0.20899	0.06271	0.00768	0.00220	0.00329	0.14108	0.00469	0.00427
60	0.00891	0.00446	0.00668	0.00668	0.00668	0.00446	0.00446	0.00668	0.00668	0.00891	0.00891	0.01560	0.00891	0.01783	0.02005	0.85071	0.00446	0.00446	0.00223	0.00223
61	0.00623	0.00497	0.00558	0.00593	0.00716	0.00432	0.00426	0.00750	0.01135	0.01421	0.10908	0.29195	0.48190	0.01375	0.00622	0.00183	0.00270	0.01189	0.00484	0.00432
62	0.00613	0.00520	0.00530	0.00527	0.00697	0.00436	0.00395	0.00750	0.01186	0.01426	0.09522	0.04873	0.74210	0.01285	0.00606	0.00173	0.00259	0.01074	0.00482	0.00436
63	0.00733	0.00550	0.00825	0.00825	0.00916	0.00641	0.00641	0.00916	0.00825	0.01191	0.01374	0.02016	0.01283	0.03848	0.79934	0.00825	0.01374	0.00550	0.00275	0.00458
64	0.01087	0.01082	0.01374	0.01213	0.01257	0.07500	0.00991	0.01218	0.00848	0.01225	0.00860	0.01333	0.00826	0.01614	0.21342	0.00369	0.54618	0.00465	0.00240	0.00538
65	0.00746	0.00497	0.00560	0.00560	0.00560	0.00497	0.00311	0.00746	0.00746	0.00995	0.01617	0.03358	0.01865	0.81967	0.02612	0.00497	0.00497	0.00746	0.00311	0.00311
66	0.01123	0.01123	0.01572	0.01347	0.01347	0.01572	0.01123	0.01235	0.00786	0.01235	0.00674	0.01123	0.00674	0.00898	0.01684	0.00225	0.81028	0.00449	0.00225	0.00561
67	0.01077	0.01024	0.01729	0.51985	0.29669	0.01177	0.01470	0.01401	0.01070	0.01436	0.00925	0.01328	0.00729	0.00502	0.00537	0.00166	0.02426	0.00456	0.00237	0.00654
68	0.01880	0.02384	0.01460	0.01323	0.01575	0.76251	0.00998	0.02011	0.01423	0.01255	0.00788	0.00935	0.00662	0.00546	0.00520	0.00136	0.04664	0.00336	0.00263	0.00593
69	0.01422	0.05496	0.07614	0.01190	0.01561	0.29325	0.08780	0.03465	0.04369	0.03775	0.01316	0.01588	0.05523	0.00588	0.00484	0.00137	0.00669	0.04562	0.00317	0.17820
70	0.01945	0.01241	0.01232	0.01003	0.01334	0.15402	0.00804	0.17598	0.03645	0.36256	0.01568	0.01502	0.01078	0.00614	0.00511	0.00150	0.02182	0.00467	0.10704	0.00766
71	0.01123	0.01123	0.01572	0.01347	0.01347	0.01572	0.01123	0.01235	0.00786	0.01235	0.00674	0.01123	0.00674	0.00898	0.01684	0.00225	0.81028	0.00449	0.00225	0.00561
72	0.01317	0.00827	0.01011	0.00791	0.01143	0.00685	0.00620	0.01569	0.04743	0.21447	0.05153	0.08656	0.01421	0.05465	0.00589	0.00143	0.00389	0.00529	0.00427	0.43074
73	0.01270	0.01219	0.02083	0.03149	0.78767	0.01219	0.01575	0.01575	0.01168	0.01676	0.00965	0.01270	0.00813	0.00457	0.00508	0.00152	0.00610	0.00457	0.00254	0.00813
74	0.02098	0.00880	0.01170	0.00888	0.01294	0.00743	0.00730	0.02301	0.01402	0.66336	0.01841	0.01634	0.01186	0.00593	0.00494	0.00145	0.00427	0.00481	0.00580	0.14779
75	0.01270	0.01219	0.02083	0.03149	0.78767	0.01219	0.01575	0.01575	0.01168	0.01676	0.00965	0.01270	0.00813	0.00457	0.00508	0.00152	0.00610	0.00457	0.00254	0.00813
76	0.00717	0.00524	0.00673	0.00636	0.00761	0.00480	0.00477	0.00950	0.01430	0.02004	0.72652	0.03921	0.10719	0.01069	0.00605	0.00162	0.00243	0.00940	0.00558	0.00480
77	0.02140	0.00912	0.01212	0.00947	0.01314	0.00850	0.00780	0.06842	0.03929	0.65991	0.01900	0.01706	0.01232	0.00769	0.03597	0.00187	0.03740	0.00513	0.00594	0.00843
78	0.01064	0.00912	0.01064	0.00760	0.01216	0.00684	0.00608	0.01292	0.01064	0.01672	0.00912	0.01064	0.00760	0.00380	0.00380	0.00076	0.00380	0.00304	0.00304	0.85104
79	0.01064	0.00912	0.01064	0.00760	0.01216	0.00684	0.00608	0.01292	0.01064	0.01672	0.00912	0.01064	0.00760	0.00380	0.00380	0.00076	0.00380	0.00304	0.00304	0.85104
80	0.00969	0.00912	0.01539	0.80734	0.03534	0.01140	0.01425	0.01311	0.01026	0.01311	0.00912	0.01368	0.00684	0.00513	0.00513	0.00171	0.00684	0.00456	0.00228	0.00570
81	0.00625	0.00447	0.00595	0.00714	0.00744	0.00417	0.00476	0.00714	0.00982	0.01310	0.02828	0.81633	0.03394	0.01608	0.00655	0.00208	0.00298	0.01459	0.00476	0.00417
82	0.55128	0.18884	0.01246	0.00777	0.01101	0.01363	0.00670	0.01591	0.06890	0.01992	0.00834	0.00946	0.00675	0.00507	0.00402	0.00152	0.04264	0.00312	0.01668	0.00597
83	0.85592	0.00992	0.00754	0.00675	0.00992	0.01151	0.00556	0.01508	0.00873	0.02302	0.00714	0.00834	0.00556	0.00476	0.00318	0.00159	0.00397	0.00278	0.00318	0.00556

[dist]
# distance from previous block
# <min> <max>
0	1

[block]
# block no. 4 follows, 48 sequences, length 60
# corresponding to MSA columns:
# 434-471,492-513
name=unknown_E
#
# <colnr> <probs for GDERKNQSTAVLIFYWHMCP>
#	G	D	E	R	K	N	Q	S	T	A	V	L	I	F	Y	W	H	M	C	P
0	0.01075	0.01072	0.01566	0.68449	0.08210	0.08364	0.01395	0.01396	0.01074	0.01330	0.00905	0.01321	0.00690	0.00511	0.00508	0.00166	0.00701	0.00445	0.00233	0.00588
1	0.00707	0.00524	0.00660	0.00626	0.00755	0.00476	0.00469	0.00931	0.01408	0.01951	0.66868	0.04008	0.16536	0.01089	0.00605	0.00163	0.00245	0.00953	0.00551	0.00476
2	0.85592	0.00992	0.00754	0.00675	0.00992	0.01151	0.00556	0.01508	0.00873	0.02302	0.00714	0.00834	0.00556	0.00476	0.00318	0.00159	0.00397	0.00278	0.00318	0.00556
3	0.00722	0.00524	0.00680	0.00641	0.00764	0.00482	0.00481	0.00960	0.01442	0.02033	0.75791	0.03874	0.07562	0.01058	0.00605	0.00162	0.00243	0.00934	0.00562	0.00482
4	0.00746	0.00497	0.00560	0.00560	0.00560	0.00497	0.00311	0.00746	0.00746	0.00995	0.01617	0.03358	0.01865	0.81967	0.02612	0.00497	0.00497	0.00746	0.00311	0.00311
5	0.02046	0.01285	0.01445	0.01108	0.01515	0.01365	0.00915	0.56886	0.02157	0.23764	0.01446	0.01371	0.00980	0.00621	0.00514	0.00155	0.00530	0.00477	0.00546	0.00873
6	0.01334	0.01131	0.01193	0.01056	0.01356	0.01303	0.00826	0.09101	0.71371	0.02240	0.02015	0.01856	0.01507	0.00689	0.00521	0.00172	0.00420	0.00570	0.00521	0.00817
7	0.00969	0.00912	0.01539	0.80734	0.03534	0.01140	0.01425	0.01311	0.01026	0.01311	0.00912	0.01368	0.00684	0.00513	0.00513	0.00171	0.00684	0.00456	0.00228	0.00570
8	0.01951	0.01437	0.01540	0.01181	0.01591	0.01591	0.00975	0.77056	0.02412	0.03234	0.01232	0.01232	0.00873	0.00616	0.00513	0.00154	0.00565	0.00462	0.00513	0.00873
9	0.01064	0.00912	0.01064	0.00760	0.01216	0.00684	0.00608	0.01292	0.01064	0.01672	0.00912	0.01064	0.00760	0.00380	0.00380	0.00076	0.00380	0.00304	0.00304	0.85104
10	0.01123	0.01123	0.01572	0.01347	0.01347	0.01572	0.01123	0.01235	0.00786	0.01235	0.00674	0.01123	0.00674	0.00898	0.01684	0.00225	0.81028	0.00449	0.00225	0.00561
11	0.00969	0.00912	0.01539	0.80734	0.03534	0.01140	0.01425	0.01311	0.01026	0.01311	0.00912	0.01368	0.00684	0.00513	0.00513	0.00171	0.00684	0.00456	0.00228	0.00570
12	0.01043	0.00885	0.01031	0.00747	0.01174	0.00672	0.00589	0.01257	0.01043	0.01628	0.00957	0.01212	0.00831	0.05645	0.00524	0.00103	0.00388	0.00333	0.00304	0.79632
13	0.01106	0.00785	0.00631	0.00610	0.00752	0.12884	0.00458	0.01329	0.01135	0.01810	0.01536	0.01759	0.01213	0.00587	0.00375	0.00122	0.00346	0.00455	0.71610	0.00496
14	0.01145	0.00960	0.01108	0.00799	0.01250	0.00767	0.00642	0.08236	0.01188	0.01815	0.00941	0.01079	0.00770	0.00402	0.00392	0.00083	0.00397	0.00318	0.00323	0.77384
15	0.00613	0.00512	0.00534	0.00545	0.00701	0.00433	0.00403	0.00743	0.01161	0.01405	0.07900	0.12927	0.67718	0.01322	0.00611	0.00176	0.00263	0.01116	0.00480	0.00433
16	0.85592	0.00992	0.00754	0.00675	0.00992	0.01151	0.00556	0.01508	0.00873	0.02302	0.00714	0.00834	0.00556	0.00476	0.00318	0.00159	0.00397	0.00278	0.00318	0.00556
17	0.00657	0.00469	0.00632	0.00750	0.00794	0.00444	0.00531	0.00769	0.01013	0.01345	0.02811	0.69787	0.03325	0.01578	0.00663	0.00213	0.00325	0.12994	0.00476	0.00425
18	0.01951	0.01437	0.01540	0.01181	0.01591	0.01591	0.00975	0.77056	0.02412	0.03234	0.01232	0.01232	0.00873	0.00616	0.00513	0.00154	0.00565	0.00462	0.00513	0.00873
19	0.00625	0.00447	0.00595	0.00714	0.00744	0.00417	0.00476	0.00714	0.00982	0.01310	0.02828	0.81633	0.03394	0.01608	0.00655	0.00208	0.00298	0.01459	0.00476	0.00417
20	0.00726	0.00524	0.00686	0.00646	0.00767	0.00484	0.00484	0.00968	0.01452	0.02058	0.78496	0.03833	0.04841	0.01049	0.00605	0.00161	0.00242	0.00928	0.00565	0.00484
21	0.01070	0.02141	0.51850	0.10332	0.06060	0.01209	0.16911	0.01592	0.01107	0.01597	0.00946	0.01184	0.00687	0.00478	0.00515	0.00165	0.00765	0.00437	0.00228	0.00727
22	0.00613	0.00492	0.00548	0.00593	0.00712	0.00427	0.00422	0.00728	0.01100	0.01358	0.04312	0.33618	0.50450	0.01415	0.00625	0.00186	0.00274	0.01223	0.00476	0.00427
23	0.01214	0.33858	0.38066	0.01159	0.01722	0.04392	0.01330	0.01634	0.04520	0.02873	0.01082	0.01182	0.03907	0.00515	0.00431	0.00141	0.00640	0.00376	0.00251	0.00704
24	0.01140	0.01090	0.01832	0.34125	0.43621	0.01210	0.01486	0.01447	0.01087	0.01501	0.00925	0.01300	0.00752	0.00508	0.00586	0.00165	0.05829	0.00456	0.00242	0.00699
25	0.00648	0.00524	0.00577	0.00572	0.00730	0.00454	0.00435	0.00812	0.01243	0.01567	0.24061	0.04692	0.55911	0.01240	0.00611	0.00173	0.00265	0.04537	0.00499	0.00448
26	0.01107	0.19669	0.61375	0.01329	0.02010	0.01373	0.01657	0.01628	0.02579	0.01546	0.00899	0.01044	0.00670	0.00481	0.00454	0.00151	0.00707	0.00361	0.00223	0.00738
27	0.48072	0.14440	0.01252	0.00870	0.01199	0.19437	0.00719	0.01693	0.01068	0.06151	0.00805	0.00904	0.00636	0.00491	0.00364	0.00145	0.00546	0.00303	0.00307	0.00599
28	0.01989	0.02638	0.01406	0.01068	0.01455	0.01258	0.00883	0.40631	0.05315	0.30818	0.01523	0.01436	0.01035	0.00629	0.00552	0.00157	0.03476	0.00480	0.00538	0.02716
29	0.01273	0.01076	0.01390	0.05924	0.22283	0.01176	0.01014	0.10429	0.33694	0.02072	0.06524	0.01758	0.01429	0.00628	0.00510	0.00161	0.00471	0.00542	0.06889	0.00759
30	0.00626	0.00519	0.00548	0.00544	0.00706	0.00441	0.00407	0.00773	0.01211	0.01493	0.16975	0.06497	0.64958	0.01266	0.00607	0.00172	0.00258	0.01066	0.00491	0.00441
31	0.01295	0.00986	0.01170	0.01004	0.01236	0.01124	0.00802	0.31630	0.09354	0.02103	0.01368	0.01700	0.01141	0.04906	0.33681	0.00451	0.04477	0.00520	0.00395	0.00660
32	0.00746	0.00497	0.00560	0.00560	0.00560	0.00497	0.00311	0.00746	0.00746	0.00995	0.01617	0.03358	0.01865	0.81967	0.02612	0.00497	0.00497	0.00746	0.00311	0.00311
33	0.00771	0.00582	0.00810	0.04398	0.04096	0.00641	0.00591	0.00885	0.00837	0.01161	0.01582	0.12425	0.01693	0.31741	0.31986	0.00549	0.03796	0.00724	0.00309	0.00422
34	0.85592	0.00992	0.00754	0.00675	0.00992	0.01151	0.00556	0.01508	0.00873	0.02302	0.00714	0.00834	0.00556	0.00476	0.00318	0.00159	0.00397	0.00278	0.00318	0.00556
35	0.01223	0.01040	0.01092	0.00977	0.01258	0.01175	0.00762	0.07236	0.61888	0.02107	0.02483	0.02307	0.12652	0.00778	0.00534	0.00173	0.00395	0.00645	0.00515	0.00761
36	0.01372	0.82276	0.02689	0.00878	0.01317	0.02030	0.00878	0.01536	0.01043	0.01207	0.00713	0.00823	0.00658	0.00439	0.00329	0.00110	0.00549	0.00274	0.00219	0.00658
37	0.00827	0.00591	0.00827	0.00945	0.01063	0.00591	0.00827	0.01063	0.01181	0.01536	0.02717	0.05788	0.02953	0.01417	0.00709	0.00236	0.00472	0.75313	0.00472	0.00472
38	0.00710	0.00517	0.00668	0.00644	0.00760	0.00475	0.00478	0.00931	0.01393	0.01950	0.67251	0.11028	0.09043	0.01115	0.00610	0.00166	0.00248	0.00986	0.00552	0.00475
39	0.01430	0.73781	0.02557	0.00925	0.01346	0.10317	0.00890	0.01591	0.01086	0.01212	0.00722	0.00834	0.00659	0.00449	0.00343	0.00112	0.00589	0.00280	0.00224	0.00652
40	0.64630	0.06367	0.08169	0.00784	0.01144	0.01167	0.00722	0.01544	0.00945	0.05557	0.00886	0.01130	0.00716	0.00526	0.00361	0.00160	0.00445	0.03830	0.00323	0.00591
41	0.01334	0.01131	0.01193	0.01056	0.01356	0.01303	0.00826	0.09101	0.71371	0.02240	0.02015	0.01856	0.01507	0.00689	0.00521	0.00172	0.00420	0.00570	0.00521	0.00817
42	0.01064	0.00912	0.01064	0.00760	0.01216	0.00684	0.00608	0.01292	0.01064	0.01672	0.00912	0.01064	0.00760	0.00380	0.00380	0.00076	0.00380	0.00304	0.00304	0.85104
43	0.00716	0.00516	0.00677	0.00653	0.00764	0.00477	0.00483	0.00942	0.01404	0.01981	0.70737	0.11810	0.04693	0.01106	0.00610	0.00166	0.00248	0.00982	0.00556	0.00477
44	0.00633	0.00459	0.00584	0.00680	0.00723	0.00425	0.00453	0.00720	0.00983	0.01291	0.02983	0.66552	0.11464	0.08466	0.00817	0.00229	0.00311	0.01357	0.00462	0.00409
45	0.01372	0.82276	0.02689	0.00878	0.01317	0.02030	0.00878	0.01536	0.01043	0.01207	0.00713	0.00823	0.00658	0.00439	0.00329	0.00110	0.00549	0.00274	0.00219	0.00658
46	0.00606	0.00520	0.00520	0.00520	0.00693	0.00433	0.00390	0.00736	0.01170	0.01386	0.05198	0.04938	0.78558	0.01299	0.00606	0.00173	0.00260	0.01083	0.00476	0.00433
47	0.01270	0.01219	0.02083	0.03149	0.78767	0.01219	0.01575	0.01575	0.01168	0.01676	0.00965	0.01270	0.00813	0.00457	0.00508	0.00152	0.00610	0.00457	0.00254	0.00813
48	0.01064	0.00912	0.01064	0.00760	0.01216	0.00684	0.00608	0.01292	0.01064	0.01672	0.00912	0.01064	0.00760	0.00380	0.00380	0.00076	0.00380	0.00304	0.00304	0.85104
49	0.00734	0.00545	0.00803	0.00803	0.00887	0.00630	0.00614	0.00902	0.00818	0.01175	0.01394	0.02125	0.01330	0.10229	0.73618	0.00798	0.01303	0.00566	0.00278	0.00446
50	0.00617	0.00520	0.00534	0.00531	0.00699	0.00438	0.00398	0.00756	0.01194	0.01444	0.11484	0.04843	0.72236	0.01278	0.00606	0.00172	0.00258	0.01070	0.00484	0.00438
51	0.01064	0.00912	0.01064	0.00760	0.01216	0.00684	0.00608	0.01292	0.01064	0.01672	0.00912	0.01064	0.00760	0.00380	0.00380	0.00076	0.00380	0.00304	0.00304	0.85104
52	0.01059	0.00929	0.01632	0.09358	0.01748	0.00987	0.23877	0.04831	0.01052	0.04886	0.01231	0.01832	0.01087	0.12833	0.24188	0.00411	0.06625	0.00572	0.00294	0.00565
53	0.00733	0.00550	0.00825	0.00825	0.00916	0.00641	0.00641	0.00916	0.00825	0.01191	0.01374	0.02016	0.01283	0.03848	0.79934	0.00825	0.01374	0.00550	0.00275	0.00458
54	0.01372	0.82276	0.02689	0.00878	0.01317	0.02030	0.00878	0.01536	0.01043	0.01207	0.00713	0.00823	0.00658	0.00439	0.00329	0.00110	0.00549	0.00274	0.00219	0.00658
55	0.01665	0.00919	0.01104	0.00900	0.01208	0.00914	0.00731	0.21973	0.04806	0.30389	0.15406	0.02308	0.05119	0.00766	0.00533	0.00160	0.00417	0.03939	0.06004	0.00740
56	0.01064	0.00912	0.01064	0.00760	0.01216	0.00684	0.00608	0.01292	0.01064	0.01672	0.00912	0.01064	0.00760	0.00380	0.00380	0.00076	0.00380	0.00304	0.00304	0.85104
57	0.04091	0.00981	0.06120	0.00927	0.01220	0.00889	0.04323	0.20112	0.01583	0.10619	0.26897	0.05603	0.11194	0.00868	0.00559	0.00164	0.00420	0.02284	0.00499	0.00645
58	0.01119	0.01113	0.04209	0.03302	0.24226	0.08939	0.02588	0.04779	0.09954	0.01619	0.01806	0.27513	0.03163	0.00910	0.00561	0.00175	0.00518	0.02490	0.00376	0.00641
59	0.01375	0.02847	0.08102	0.01145	0.01511	0.09123	0.09974	0.21709	0.01503	0.05399	0.01707	0.02133	0.09369	0.05940	0.00662	0.00178	0.00584	0.07022	0.00390	0.09328

[dist]
# distance from previous block
# <min> <max>
1	34

[block]
# block no. 5 follows, 48 sequences, length 24
# corresponding to MSA columns:
# 549-572
name=unknown_F
#
# <colnr> <probs for GDERKNQSTAVLIFYWHMCP>
#	G	D	E	R	K	N	Q	S	T	A	V	L	I	F	Y	W	H	M	C	P
0	0.01474	0.13282	0.31973	0.01217	0.01752	0.03338	0.01288	0.22343	0.08568	0.08177	0.01168	0.01212	0.00846	0.00548	0.00477	0.00153	0.00622	0.00415	0.00360	0.00785
1	0.01320	0.00906	0.01125	0.00961	0.01207	0.04842	0.06513	0.13358	0.04808	0.17304	0.12261	0.23491	0.07748	0.00976	0.00575	0.00173	0.00438	0.00855	0.00500	0.00637
2	0.01312	0.33611	0.28771	0.01197	0.01734	0.01501	0.07047	0.01777	0.08769	0.08165	0.01059	0.01144	0.00808	0.00498	0.00440	0.00143	0.00621	0.00387	0.00287	0.00729
3	0.00943	0.00668	0.00745	0.00665	0.00767	0.00666	0.00432	0.11284	0.01007	0.01370	0.01494	0.02837	0.01619	0.62650	0.02101	0.00408	0.00495	0.00663	0.00338	0.08849
4	0.00766	0.00644	0.00759	0.00777	0.00893	0.05209	0.00596	0.00927	0.00995	0.01286	0.02560	0.13006	0.20284	0.02548	0.39365	0.00499	0.00866	0.07197	0.00365	0.00456
5	0.03677	0.30080	0.01993	0.01479	0.15803	0.30052	0.01048	0.07526	0.01316	0.01495	0.00829	0.00975	0.00702	0.00489	0.00425	0.00130	0.00694	0.00343	0.00267	0.00678
6	0.01856	0.01245	0.01377	0.01085	0.01456	0.01347	0.00882	0.49264	0.13586	0.16291	0.01518	0.01522	0.01092	0.04314	0.00610	0.00173	0.00515	0.00502	0.00527	0.00838
7	0.00969	0.00912	0.01539	0.80734	0.03534	0.01140	0.01425	0.01311	0.01026	0.01311	0.00912	0.01368	0.00684	0.00513	0.00513	0.00171	0.00684	0.00456	0.00228	0.00570
8	0.01096	0.02186	0.51171	0.01721	0.02391	0.01231	0.29563	0.01632	0.01130	0.01632	0.00964	0.01194	0.00697	0.00467	0.00531	0.00166	0.00798	0.00463	0.00232	0.00734
9	0.01552	0.07009	0.43667	0.01209	0.01804	0.01073	0.01381	0.01964	0.01233	0.32130	0.01342	0.01328	0.00895	0.00543	0.00489	0.00158	0.00618	0.00426	0.00382	0.00797
10	0.01064	0.00912	0.01064	0.00760	0.01216	0.00684	0.00608	0.01292	0.01064	0.01672	0.00912	0.01064	0.00760	0.00380	0.00380	0.00076	0.00380	0.00304	0.00304	0.85104
11	0.01308	0.67497	0.16910	0.00986	0.01485	0.01875	0.01067	0.01553	0.01050	0.01285	0.00752	0.00871	0.00657	0.00448	0.00359	0.00120	0.00588	0.00294	0.00219	0.00677
12	0.85592	0.00992	0.00754	0.00675	0.00992	0.01151	0.00556	0.01508	0.00873	0.02302	0.00714	0.00834	0.00556	0.00476	0.00318	0.00159	0.00397	0.00278	0.00318	0.00556
13	0.01045	0.02540	0.72464	0.01525	0.02262	0.01201	0.08626	0.01627	0.01095	0.01627	0.00931	0.01110	0.00662	0.00483	0.00498	0.00163	0.00768	0.00399	0.00221	0.00752
14	0.01059	0.09488	0.72733	0.01412	0.02143	0.01264	0.01808	0.01617	0.01080	0.01589	0.00903	0.01061	0.00651	0.00483	0.00474	0.00158	0.00740	0.00370	0.00217	0.00750
15	0.01607	0.01513	0.09153	0.01169	0.01559	0.07447	0.01008	0.36362	0.30020	0.02520	0.01483	0.01445	0.01090	0.00626	0.00510	0.00161	0.00553	0.00487	0.00468	0.00818
16	0.01271	0.17466	0.16765	0.01177	0.01575	0.04411	0.07570	0.13560	0.07042	0.01796	0.05342	0.01598	0.06981	0.00646	0.00604	0.00157	0.08608	0.00496	0.02251	0.00684
17	0.01053	0.14386	0.04357	0.00892	0.01102	0.05008	0.00738	0.12113	0.01278	0.01651	0.06489	0.36275	0.02357	0.01115	0.00566	0.00179	0.00445	0.09017	0.00422	0.00556
18	0.03160	0.09488	0.41027	0.01435	0.05852	0.01164	0.11473	0.01504	0.02790	0.01604	0.04592	0.09496	0.01209	0.00638	0.00513	0.00165	0.00652	0.02270	0.00281	0.00686
19	0.03681	0.20656	0.01292	0.00849	0.01074	0.07038	0.00685	0.01440	0.07691	0.09652	0.01888	0.31008	0.01938	0.00971	0.00514	0.00166	0.00439	0.04172	0.04265	0.00581
20	0.01232	0.01054	0.01171	0.01230	0.10932	0.10620	0.00845	0.11320	0.11013	0.05183	0.07939	0.10831	0.02939	0.01426	0.16216	0.00297	0.00684	0.04026	0.00407	0.00634
21	0.27310	0.01097	0.01307	0.01181	0.07407	0.04465	0.08380	0.09284	0.07871	0.16275	0.05834	0.01629	0.01213	0.00611	0.00476	0.00163	0.00502	0.03880	0.00421	0.00695
22	0.01931	0.00994	0.01229	0.00929	0.01343	0.00903	0.00762	0.16968	0.01557	0.45228	0.01596	0.01478	0.01067	0.00569	0.00482	0.00138	0.00448	0.00454	0.00530	0.21394
23	0.08793	0.01080	0.01314	0.01039	0.01410	0.01109	0.04720	0.21338	0.15008	0.33146	0.04505	0.01628	0.01269	0.00633	0.00508	0.00161	0.00475	0.00514	0.00536	0.00812

[dist]
# distance from previous block
# <min> <max>
7	47

[block]
# block no. 6 follows, 48 sequences, length 32
# corresponding to MSA columns:
# 620-651
name=unknown_G
#
# <colnr> <probs for GDERKNQSTAVLIFYWHMCP>
#	G	D	E	R	K	N	Q	S	T	A	V	L	I	F	Y	W	H	M	C	P
0	0.00726	0.00524	0.00686	0.00646	0.00767	0.00484	0.00484	0.00968	0.01452	0.02058	0.78496	0.03833	0.04841	0.01049	0.00605	0.00161	0.00242	0.00928	0.00565	0.00484
1	0.01270	0.01083	0.01642	0.26994	0.30388	0.01182	0.01296	0.12671	0.05587	0.04385	0.03963	0.01646	0.01081	0.00583	0.00524	0.00164	0.00590	0.03900	0.00333	0.00719
2	0.00701	0.00524	0.00651	0.00619	0.00751	0.00473	0.00464	0.00919	0.01393	0.01916	0.63051	0.04066	0.20375	0.01102	0.00605	0.00164	0.00246	0.00961	0.00546	0.00473
3	0.01064	0.00912	0.01064	0.00760	0.01216	0.00684	0.00608	0.01292	0.01064	0.01672	0.00912	0.01064	0.00760	0.00380	0.00380	0.00076	0.00380	0.00304	0.00304	0.85104
4	0.01913	0.01927	0.01490	0.01439	0.10082	0.48630	0.01015	0.11073	0.01540	0.14497	0.01070	0.01137	0.00805	0.00549	0.00483	0.00141	0.00766	0.00391	0.00355	0.00699
5	0.00891	0.00446	0.00668	0.00668	0.00668	0.00446	0.00446	0.00668	0.00668	0.00891	0.00891	0.01560	0.00891	0.01783	0.02005	0.85071	0.00446	0.00446	0.00223	0.00223
6	0.00706	0.00524	0.00657	0.00624	0.00754	0.00475	0.00468	0.00928	0.01404	0.01942	0.65843	0.04024	0.17566	0.01092	0.00605	0.00163	0.00245	0.00955	0.00550	0.00475
7	0.01206	0.03406	0.01176	0.00975	0.01207	0.04849	0.07283	0.10352	0.09824	0.10750	0.18226	0.24127	0.02510	0.00967	0.00573	0.00173	0.00434	0.00856	0.00485	0.00621
8	0.07702	0.06807	0.01525	0.01167	0.01514	0.29881	0.08055	0.05077	0.01394	0.27609	0.01296	0.03582	0.00957	0.00581	0.00483	0.00148	0.00662	0.00450	0.00405	0.00705
9	0.09808	0.04519	0.01403	0.01053	0.01427	0.02560	0.00870	0.41419	0.07022	0.11620	0.01250	0.01259	0.00904	0.00596	0.00535	0.00151	0.04580	0.00435	0.00461	0.08127
10	0.01552	0.01416	0.01446	0.06365	0.01593	0.15636	0.00992	0.24000	0.09467	0.04537	0.01085	0.01234	0.00850	0.00655	0.00785	0.00165	0.20493	0.00437	0.00368	0.06925
11	0.01273	0.01233	0.01377	0.35681	0.02321	0.13768	0.01102	0.08475	0.21564	0.01719	0.03884	0.01582	0.02612	0.00606	0.00512	0.00164	0.00615	0.00497	0.00353	0.00659
12	0.00625	0.00447	0.00595	0.00714	0.00744	0.00417	0.00476	0.00714	0.00982	0.01310	0.02828	0.81633	0.03394	0.01608	0.00655	0.00208	0.00298	0.01459	0.00476	0.00417
13	0.01577	0.05895	0.04664	0.05930	0.09340	0.25262	0.01054	0.14792	0.10979	0.05458	0.01271	0.01364	0.03790	0.00608	0.00566	0.00154	0.05787	0.00448	0.00355	0.00705
14	0.00726	0.00524	0.00686	0.00646	0.00767	0.00484	0.00484	0.00968	0.01452	0.02058	0.78496	0.03833	0.04841	0.01049	0.00605	0.00161	0.00242	0.00928	0.00565	0.00484
15	0.01009	0.01087	0.15034	0.00843	0.01133	0.04105	0.00785	0.03823	0.09021	0.05271	0.20249	0.03779	0.16847	0.00841	0.00524	0.00158	0.00404	0.00700	0.13797	0.00590
