[name]
unknown

[dist]
# distance from previous block
# <min> <max>
0	549

[block]
# block no. 0 follows, 52 sequences, length 18
# corresponding to MSA columns:
# 581-598
name=unknown_A
#
# <colnr> <probs for GDERKNQSTAVLIFYWHMCP>
#	G	D	E	R	K	N	Q	S	T	A	V	L	I	F	Y	W	H	M	C	P
0	0.13617	0.02738	0.20550	0.00937	0.01266	0.05810	0.00916	0.05022	0.01144	0.07861	0.15317	0.03202	0.07741	0.02894	0.00609	0.00166	0.06429	0.02840	0.00357	0.00583
1	0.07314	0.06203	0.18499	0.00916	0.01257	0.00956	0.00884	0.14983	0.01217	0.07445	0.01643	0.06573	0.08421	0.09682	0.04831	0.00220	0.00534	0.05196	0.00356	0.02871
2	0.02613	0.23064	0.22540	0.01052	0.01481	0.07844	0.07121	0.01408	0.01038	0.03649	0.02142	0.04999	0.03110	0.06064	0.00562	0.00153	0.00576	0.00435	0.00263	0.09886
3	0.01158	0.44390	0.19520	0.00932	0.01376	0.04897	0.00981	0.03819	0.01067	0.01336	0.01268	0.01340	0.10379	0.00531	0.00390	0.00123	0.00536	0.00385	0.00252	0.05322
4	0.01050	0.16853	0.59691	0.01421	0.08700	0.01270	0.01592	0.01516	0.01023	0.01468	0.00838	0.00994	0.00629	0.00450	0.00435	0.00144	0.00669	0.00347	0.00208	0.00704
5	0.01007	0.11215	0.72056	0.01322	0.02005	0.01211	0.01687	0.01526	0.01019	0.01492	0.00849	0.00997	0.00615	0.00455	0.00444	0.00148	0.00695	0.00347	0.00205	0.00706
6	0.00705	0.00470	0.00529	0.00529	0.00529	0.00470	0.00294	0.00705	0.00705	0.00940	0.01527	0.03171	0.01762	0.82969	0.02467	0.00470	0.00470	0.00705	0.00294	0.00294
7	0.00915	0.00861	0.01453	0.81804	0.03338	0.01077	0.01346	0.01238	0.00969	0.01238	0.00861	0.01292	0.00646	0.00484	0.00484	0.00161	0.00646	0.00431	0.00215	0.00538
8	0.00681	0.00495	0.00642	0.00605	0.00721	0.00455	0.00454	0.00906	0.01361	0.01918	0.76764	0.03661	0.07514	0.01000	0.00572	0.00153	0.00229	0.00882	0.00530	0.00455
9	0.00589	0.00426	0.00558	0.00663	0.00700	0.00395	0.00445	0.00676	0.00939	0.01242	0.02815	0.77619	0.08145	0.01499	0.00616	0.00195	0.00279	0.01355	0.00450	0.00395
10	0.01778	0.02140	0.01365	0.01220	0.01485	0.68351	0.00925	0.09651	0.06020	0.01423	0.00862	0.00958	0.00694	0.00517	0.00445	0.00129	0.00811	0.00338	0.00288	0.00600
11	0.00599	0.00425	0.00560	0.00664	0.00690	0.00399	0.00438	0.00677	0.00912	0.01215	0.02588	0.76856	0.03100	0.07459	0.00753	0.00217	0.00295	0.01329	0.00438	0.00386
12	0.00969	0.00911	0.01528	0.57363	0.19961	0.01077	0.01325	0.01269	0.00981	0.01305	0.00891	0.01301	0.00706	0.00668	0.05240	0.00195	0.03069	0.00436	0.00223	0.00582
13	0.01503	0.01265	0.01735	0.01539	0.12382	0.09760	0.20003	0.13146	0.14924	0.14777	0.01296	0.01361	0.00946	0.00521	0.00499	0.00150	0.00596	0.00480	0.00383	0.02735
14	0.01089	0.00821	0.00915	0.00821	0.01039	0.02347	0.00638	0.04213	0.34928	0.08536	0.30765	0.02625	0.06279	0.00809	0.00527	0.00158	0.00337	0.02012	0.00509	0.00633
15	0.01210	0.01199	0.02037	0.07838	0.58309	0.03695	0.13243	0.03725	0.01144	0.01586	0.00921	0.01211	0.00752	0.00438	0.00493	0.00148	0.00626	0.00450	0.00247	0.00730
16	0.05701	0.01458	0.10580	0.01595	0.03458	0.08043	0.38858	0.10177	0.07687	0.05989	0.01084	0.01255	0.00798	0.00474	0.00512	0.00155	0.00695	0.00487	0.00310	0.00685
17	0.01272	0.01261	0.02352	0.12851	0.08445	0.02568	0.46766	0.01616	0.03727	0.04913	0.03220	0.01526	0.00976	0.00560	0.00653	0.00184	0.05528	0.00568	0.00310	0.00703

[dist]
# distance from previous block
# <min> <max>
1	4

[block]
# block no. 1 follows, 52 sequences, length 52
# corresponding to MSA columns:
# 603-654
name=unknown_B
#
# <colnr> <probs for GDERKNQSTAVLIFYWHMCP>
#	G	D	E	R	K	N	Q	S	T	A	V	L	I	F	Y	W	H	M	C	P
0	0.01381	0.00985	0.01509	0.24545	0.22202	0.03823	0.05367	0.03089	0.01177	0.23138	0.04507	0.01503	0.01035	0.02963	0.00550	0.00161	0.00556	0.00477	0.00351	0.00678
1	0.04947	0.00900	0.01443	0.64015	0.10598	0.01077	0.01275	0.01368	0.04276	0.04172	0.00942	0.01294	0.00707	0.00489	0.00476	0.00159	0.00607	0.00430	0.00247	0.00580
2	0.00986	0.00974	0.01770	0.58970	0.10683	0.01112	0.15925	0.01322	0.01015	0.01331	0.00889	0.01286	0.00675	0.00465	0.00501	0.00160	0.00672	0.00458	0.00223	0.00583
3	0.01055	0.03866	0.16985	0.08977	0.27494	0.01092	0.19452	0.01415	0.01117	0.01569	0.11054	0.01498	0.01205	0.00508	0.00505	0.00152	0.00619	0.00503	0.00269	0.00666
4	0.03606	0.00677	0.00817	0.00720	0.00922	0.01979	0.00558	0.03978	0.01150	0.16732	0.17523	0.02724	0.08801	0.12402	0.09735	0.00262	0.00475	0.06729	0.00428	0.09781
5	0.01242	0.01082	0.01619	0.14194	0.45621	0.05206	0.01230	0.03387	0.02438	0.08522	0.03525	0.01451	0.03355	0.01822	0.00513	0.00150	0.00554	0.00464	0.00296	0.03327
6	0.01020	0.00950	0.01561	0.37505	0.33905	0.01027	0.01271	0.01307	0.01037	0.01428	0.04541	0.01395	0.00915	0.02918	0.00535	0.00156	0.00571	0.00449	0.00248	0.07262
7	0.01129	0.22787	0.11238	0.00902	0.01306	0.02512	0.04376	0.01390	0.02797	0.06592	0.03210	0.03819	0.03286	0.02472	0.03083	0.00144	0.00503	0.00410	0.00294	0.27750
8	0.01262	0.17666	0.19012	0.00918	0.01385	0.01038	0.00924	0.04260	0.01123	0.14538	0.02683	0.01217	0.02770	0.00474	0.00407	0.00116	0.00480	0.00366	0.00320	0.29039
9	0.00712	0.00510	0.00648	0.00613	0.00737	0.00471	0.00459	0.00947	0.02898	0.03436	0.66520	0.06229	0.11959	0.01017	0.00570	0.00155	0.00239	0.00893	0.00523	0.00464
10	0.01056	0.00880	0.01116	0.00876	0.01235	0.00774	0.06022	0.01494	0.15666	0.04420	0.01331	0.05741	0.01157	0.00557	0.00439	0.00116	0.00400	0.05923	0.00354	0.50444
11	0.01005	0.00861	0.01005	0.00718	0.01148	0.00646	0.00574	0.01220	0.01005	0.01579	0.00861	0.01005	0.00718	0.00359	0.00359	0.00072	0.00359	0.00287	0.00287	0.85932
12	0.01035	0.00888	0.01063	0.00762	0.01192	0.00688	0.02405	0.03745	0.01050	0.01627	0.00874	0.01017	0.00722	0.00367	0.00368	0.00076	0.00375	0.00299	0.00293	0.81154
13	0.00915	0.00861	0.01453	0.81804	0.03338	0.01077	0.01346	0.01238	0.00969	0.01238	0.00861	0.01292	0.00646	0.00484	0.00484	0.00161	0.00646	0.00431	0.00215	0.00538
14	0.01399	0.01109	0.01233	0.01039	0.01316	0.01277	0.00834	0.29003	0.36979	0.04075	0.01512	0.01517	0.01144	0.00878	0.06856	0.00209	0.07936	0.00494	0.00449	0.00741
15	0.07585	0.01235	0.06214	0.01528	0.06336	0.05762	0.32484	0.03962	0.10092	0.01614	0.01247	0.11688	0.01107	0.00628	0.00596	0.00166	0.06226	0.00599	0.00307	0.00625
16	0.01088	0.01144	0.02243	0.24221	0.17951	0.01180	0.38945	0.01438	0.01072	0.01457	0.00921	0.01272	0.00713	0.00451	0.00568	0.00161	0.03800	0.00500	0.00235	0.00640
17	0.00781	0.00558	0.00781	0.00892	0.01004	0.00558	0.00781	0.01004	0.01116	0.01450	0.02566	0.05466	0.02789	0.01339	0.00669	0.00223	0.00446	0.76685	0.00446	0.00446
18	0.02007	0.00883	0.02643	0.00867	0.01255	0.00746	0.00726	0.05415	0.01375	0.66769	0.01744	0.01545	0.01119	0.00570	0.00472	0.00141	0.00417	0.00460	0.00553	0.10292
19	0.00969	0.00798	0.00889	0.00813	0.01018	0.00870	0.00625	0.01826	0.44477	0.01961	0.33110	0.02663	0.06327	0.00817	0.00528	0.00160	0.00315	0.00701	0.00507	0.00627
20	0.06024	0.75302	0.02389	0.00836	0.01238	0.05199	0.00817	0.01470	0.00992	0.01199	0.00677	0.00782	0.00617	0.00420	0.00316	0.00107	0.00525	0.00262	0.00214	0.00614
21	0.01144	0.01307	0.02859	0.02042	0.02533	0.01225	0.78186	0.01552	0.01144	0.01552	0.00980	0.01307	0.00735	0.00408	0.00572	0.00163	0.00817	0.00572	0.00245	0.00654
22	0.01296	0.83261	0.02539	0.00829	0.01244	0.01917	0.00829	0.01451	0.00985	0.01140	0.00674	0.00777	0.00622	0.00415	0.00311	0.00104	0.00518	0.00259	0.00207	0.00622
23	0.00842	0.00421	0.00631	0.00631	0.00631	0.00421	0.00421	0.00631	0.00631	0.00842	0.00842	0.01473	0.00842	0.01684	0.01894	0.85901	0.00421	0.00421	0.00210	0.00210
24	0.30739	0.01077	0.01045	0.00895	0.01204	0.01232	0.00718	0.19361	0.34658	0.02311	0.01341	0.01310	0.01001	0.00569	0.00425	0.00155	0.00414	0.00424	0.00425	0.00696
25	0.02133	0.00864	0.01146	0.00881	0.01255	0.00774	0.00727	0.07406	0.02979	0.73614	0.01863	0.01620	0.01180	0.00600	0.00487	0.00150	0.00420	0.00485	0.00590	0.00824
26	0.00823	0.00526	0.00692	0.00633	0.00771	0.00481	0.00481	0.01048	0.01373	0.09184	0.72502	0.03438	0.04261	0.00955	0.00564	0.00152	0.00246	0.00840	0.00540	0.00491
27	0.00842	0.00421	0.00631	0.00631	0.00631	0.00421	0.00421	0.00631	0.00631	0.00842	0.00842	0.01473	0.00842	0.01684	0.01894	0.85901	0.00421	0.00421	0.00210	0.00210
28	0.01078	0.00905	0.01044	0.00752	0.01179	0.00721	0.00605	0.07954	0.01116	0.01708	0.00888	0.01019	0.00727	0.00378	0.00370	0.00078	0.00374	0.00300	0.00304	0.78499
29	0.79213	0.00928	0.00747	0.00656	0.00963	0.01055	0.00541	0.01504	0.00873	0.08833	0.00780	0.00861	0.00582	0.00463	0.00316	0.00150	0.00378	0.00282	0.00325	0.00550
30	0.01005	0.00861	0.01005	0.00718	0.01148	0.00646	0.00574	0.01220	0.01005	0.01579	0.00861	0.01005	0.00718	0.00359	0.00359	0.00072	0.00359	0.00287	0.00287	0.85932
31	0.00951	0.00898	0.01518	0.71836	0.13025	0.01086	0.01364	0.01270	0.00986	0.01282	0.00868	0.01280	0.00661	0.00478	0.00484	0.00159	0.00637	0.00431	0.00218	0.00567
32	0.01653	0.01264	0.01348	0.01077	0.01431	0.01415	0.00875	0.55853	0.25063	0.02749	0.01403	0.01355	0.01019	0.00604	0.00487	0.00151	0.00489	0.00469	0.00487	0.00807
33	0.00705	0.00470	0.00529	0.00529	0.00529	0.00470	0.00294	0.00705	0.00705	0.00940	0.01527	0.03171	0.01762	0.82969	0.02467	0.00470	0.00470	0.00705	0.00294	0.00294
34	0.01152	0.01231	0.01566	0.01308	0.01414	0.13223	0.10288	0.01307	0.00935	0.01278	0.07041	0.01268	0.00962	0.00755	0.01214	0.00188	0.53616	0.00462	0.00247	0.00544
35	0.01005	0.00861	0.01005	0.00718	0.01148	0.00646	0.00574	0.01220	0.01005	0.01579	0.00861	0.01005	0.00718	0.00359	0.00359	0.00072	0.00359	0.00287	0.00287	0.85932
36	0.02101	0.00942	0.01197	0.00918	0.01296	0.00887	0.00758	0.19135	0.01584	0.63230	0.01747	0.01542	0.01117	0.00596	0.00487	0.00149	0.00439	0.00476	0.00574	0.00825
37	0.01734	0.01162	0.01291	0.01023	0.01376	0.01256	0.00834	0.45987	0.17528	0.17318	0.04335	0.01474	0.01163	0.00615	0.00490	0.00150	0.00469	0.00484	0.00510	0.00799
38	0.00686	0.00495	0.00648	0.00610	0.00724	0.00457	0.00457	0.00914	0.01372	0.01943	0.79691	0.03620	0.04572	0.00991	0.00572	0.00152	0.00229	0.00876	0.00533	0.00457
39	0.01005	0.00861	0.01005	0.00718	0.01148	0.00646	0.00574	0.01220	0.01005	0.01579	0.00861	0.01005	0.00718	0.00359	0.00359	0.00072	0.00359	0.00287	0.00287	0.85932
40	0.00590	0.00422	0.00562	0.00675	0.00703	0.00394	0.00450	0.00675	0.00928	0.01237	0.02671	0.82653	0.03205	0.01518	0.00619	0.00197	0.00281	0.01378	0.00450	0.00394
41	0.01013	0.00887	0.01112	0.00794	0.01228	0.00679	0.05054	0.01239	0.01013	0.01578	0.00868	0.01022	0.00719	0.00362	0.00371	0.00077	0.00385	0.00304	0.00285	0.81009
42	0.00588	0.00444	0.00543	0.00619	0.00689	0.00400	0.00426	0.00687	0.00991	0.01276	0.05220	0.57568	0.25961	0.01419	0.00604	0.00186	0.00269	0.01260	0.00452	0.00400
43	0.00915	0.00861	0.01453	0.81804	0.03338	0.01077	0.01346	0.01238	0.00969	0.01238	0.00861	0.01292	0.00646	0.00484	0.00484	0.00161	0.00646	0.00431	0.00215	0.00538
44	0.01144	0.01307	0.02859	0.02042	0.02533	0.01225	0.78186	0.01552	0.01144	0.01552	0.00980	0.01307	0.00735	0.00408	0.00572	0.00163	0.00817	0.00572	0.00245	0.00654
45	0.86392	0.00937	0.00712	0.00637	0.00937	0.01087	0.00525	0.01425	0.00825	0.02174	0.00675	0.00787	0.00525	0.00450	0.00300	0.00150	0.00375	0.00262	0.00300	0.00525
46	0.00727	0.00485	0.00677	0.00677	0.00721	0.00529	0.00479	0.00771	0.00727	0.01014	0.01267	0.02172	0.01290	0.25616	0.42340	0.18470	0.00881	0.00551	0.00259	0.00347
47	0.01022	0.00769	0.00882	0.00797	0.01004	0.00819	0.00615	0.01772	0.37286	0.07201	0.36229	0.02683	0.05259	0.00818	0.00530	0.00158	0.00313	0.00703	0.00517	0.00624
48	0.01090	0.01752	0.40586	0.01228	0.05292	0.01071	0.01280	0.07813	0.15170	0.01769	0.03769	0.01269	0.00945	0.00506	0.00456	0.00141	0.00561	0.00408	0.00305	0.14591
49	0.01016	0.00951	0.01587	0.27365	0.43722	0.01012	0.01280	0.01285	0.01042	0.01425	0.01269	0.10135	0.04638	0.00602	0.00500	0.00156	0.00551	0.00560	0.00264	0.00639
50	0.51179	0.01116	0.01068	0.13086	0.10149	0.10526	0.00822	0.01455	0.00939	0.01817	0.00736	0.00928	0.00586	0.00473	0.00410	0.00150	0.03415	0.00318	0.00272	0.00558
51	0.01778	0.01218	0.01333	0.04998	0.11872	0.17696	0.00921	0.05834	0.02746	0.37916	0.01363	0.01361	0.00950	0.00634	0.02357	0.00162	0.05281	0.00436	0.00423	0.00722

[dist]
# distance from previous block
# <min> <max>
1	3

[block]
# block no. 2 follows, 52 sequences, length 44
# corresponding to MSA columns:
# 658-701
name=unknown_C
#
# <colnr> <probs for GDERKNQSTAVLIFYWHMCP>
#	G	D	E	R	K	N	Q	S	T	A	V	L	I	F	Y	W	H	M	C	P
0	0.01005	0.00861	0.01005	0.00718	0.01148	0.00646	0.00574	0.01220	0.01005	0.01579	0.00861	0.01005	0.00718	0.00359	0.00359	0.00072	0.00359	0.00287	0.00287	0.85932
1	0.30394	0.01215	0.01204	0.00954	0.01312	0.01362	0.00787	0.52360	0.01788	0.02757	0.00998	0.01036	0.00723	0.00537	0.00422	0.00147	0.00480	0.00378	0.00422	0.00723
2	0.01199	0.01151	0.01967	0.02974	0.79946	0.01151	0.01487	0.01487	0.01103	0.01583	0.00912	0.01199	0.00768	0.00432	0.00480	0.00144	0.00576	0.00432	0.00240	0.00768
3	0.00699	0.00477	0.00571	0.00572	0.00591	0.00486	0.00350	0.00737	0.00755	0.01025	0.05474	0.05244	0.01866	0.65310	0.13447	0.00490	0.00570	0.00706	0.00305	0.00324
4	0.02075	0.00841	0.01121	0.00865	0.01227	0.00749	0.00712	0.07114	0.01443	0.71270	0.05939	0.01722	0.01352	0.00619	0.00492	0.00150	0.00410	0.00504	0.00589	0.00805
5	0.01810	0.02310	0.01373	0.01248	0.01498	0.81024	0.00936	0.01935	0.01373	0.01186	0.00749	0.00874	0.00624	0.00499	0.00437	0.00125	0.00874	0.00312	0.00250	0.00562
6	0.02075	0.00847	0.01122	0.00875	0.01239	0.00763	0.00718	0.02384	0.09380	0.72230	0.01918	0.01666	0.01228	0.00606	0.00488	0.00151	0.00409	0.00494	0.00589	0.00819
7	0.00972	0.02507	0.80458	0.01381	0.02097	0.01125	0.01790	0.01535	0.01023	0.01535	0.00870	0.01023	0.00614	0.00460	0.00460	0.00153	0.00716	0.00358	0.00205	0.00716
8	0.00590	0.00422	0.00562	0.00675	0.00703	0.00394	0.00450	0.00675	0.00928	0.01237	0.02671	0.82653	0.03205	0.01518	0.00619	0.00197	0.00281	0.01378	0.00450	0.00394
9	0.00775	0.00556	0.00773	0.00882	0.00995	0.00554	0.00770	0.00996	0.01115	0.01446	0.02629	0.05445	0.04870	0.01336	0.00667	0.00222	0.00441	0.74639	0.00446	0.00445
10	0.01199	0.01151	0.01967	0.02974	0.79946	0.01151	0.01487	0.01487	0.01103	0.01583	0.00912	0.01199	0.00768	0.00432	0.00480	0.00144	0.00576	0.00432	0.00240	0.00768
11	0.00573	0.00491	0.00491	0.00491	0.00655	0.00409	0.00368	0.00695	0.01105	0.01309	0.04909	0.04664	0.79750	0.01227	0.00573	0.00164	0.00245	0.01023	0.00450	0.00409
12	0.01005	0.00861	0.01005	0.00718	0.01148	0.00646	0.00574	0.01220	0.01005	0.01579	0.00861	0.01005	0.00718	0.00359	0.00359	0.00072	0.00359	0.00287	0.00287	0.85932
13	0.01810	0.02310	0.01373	0.01248	0.01498	0.81024	0.00936	0.01935	0.01373	0.01186	0.00749	0.00874	0.00624	0.00499	0.00437	0.00125	0.00874	0.00312	0.00250	0.00562
14	0.00705	0.00470	0.00529	0.00529	0.00529	0.00470	0.00294	0.00705	0.00705	0.00940	0.01527	0.03171	0.01762	0.82969	0.02467	0.00470	0.00470	0.00705	0.00294	0.00294
15	0.00590	0.00422	0.00562	0.00675	0.00703	0.00394	0.00450	0.00675	0.00928	0.01237	0.02671	0.82653	0.03205	0.01518	0.00619	0.00197	0.00281	0.01378	0.00450	0.00394
16	0.01060	0.01060	0.01484	0.01272	0.01272	0.01484	0.01060	0.01166	0.00742	0.01166	0.00636	0.01060	0.00636	0.00848	0.01590	0.00212	0.82082	0.00424	0.00212	0.00530
17	0.00590	0.00422	0.00562	0.00675	0.00703	0.00394	0.00450	0.00675	0.00928	0.01237	0.02671	0.82653	0.03205	0.01518	0.00619	0.00197	0.00281	0.01378	0.00450	0.00394
18	0.01205	0.01041	0.01096	0.00986	0.01260	0.01205	0.00767	0.02575	0.79071	0.02027	0.01972	0.01808	0.01479	0.00657	0.00493	0.00164	0.00384	0.00548	0.00493	0.00767
19	0.01005	0.00861	0.01005	0.00718	0.01148	0.00646	0.00574	0.01220	0.01005	0.01579	0.00861	0.01005	0.00718	0.00359	0.00359	0.00072	0.00359	0.00287	0.00287	0.85932
20	0.01005	0.00861	0.01005	0.00718	0.01148	0.00646	0.00574	0.01220	0.01005	0.01579	0.00861	0.01005	0.00718	0.00359	0.00359	0.00072	0.00359	0.00287	0.00287	0.85932
21	0.01560	0.00704	0.00938	0.00768	0.01038	0.00630	0.00615	0.01806	0.04142	0.47002	0.32195	0.02422	0.02523	0.00754	0.00520	0.00151	0.00340	0.00641	0.00570	0.00680
22	0.00582	0.00491	0.00504	0.00501	0.00660	0.00413	0.00375	0.00713	0.01126	0.01360	0.10954	0.04579	0.73673	0.01208	0.00573	0.00163	0.00244	0.01011	0.00457	0.00413
23	0.01150	0.01054	0.01705	0.34883	0.40711	0.01157	0.01372	0.09263	0.01169	0.01593	0.00917	0.01233	0.00724	0.00469	0.00482	0.00151	0.00600	0.00432	0.00255	0.00680
24	0.01105	0.01149	0.02308	0.25386	0.11926	0.01163	0.45083	0.01470	0.01093	0.03088	0.00957	0.01297	0.00723	0.00437	0.00534	0.00160	0.00730	0.00512	0.00243	0.00637
25	0.01136	0.01284	0.02730	0.01970	0.02414	0.01250	0.70941	0.01516	0.01106	0.01516	0.00948	0.01284	0.00726	0.00450	0.00668	0.00168	0.08451	0.00558	0.00242	0.00642
26	0.01034	0.00490	0.00521	0.00494	0.00634	0.00478	0.00377	0.01256	0.01054	0.09881	0.01615	0.01791	0.01238	0.00568	0.00354	0.00117	0.00245	0.00455	0.76908	0.00490
27	0.00972	0.02507	0.80458	0.01381	0.02097	0.01125	0.01790	0.01535	0.01023	0.01535	0.00870	0.01023	0.00614	0.00460	0.00460	0.00153	0.00716	0.00358	0.00205	0.00716
28	0.02174	0.00825	0.01125	0.00862	0.01237	0.00712	0.00712	0.02362	0.01387	0.80282	0.01912	0.01649	0.01200	0.00600	0.00487	0.00150	0.00412	0.00487	0.00600	0.00825
29	0.00584	0.00447	0.00536	0.00606	0.00685	0.00399	0.00419	0.00682	0.00994	0.01264	0.03504	0.53625	0.31695	0.01410	0.00601	0.00184	0.00268	0.01246	0.00450	0.00399
30	0.01170	0.01122	0.01914	0.11085	0.72064	0.01144	0.01473	0.01462	0.01090	0.01548	0.00906	0.01209	0.00755	0.00437	0.00480	0.00146	0.00583	0.00432	0.00237	0.00744
31	0.01171	0.01177	0.02169	0.06713	0.56279	0.01167	0.21100	0.01491	0.01107	0.01558	0.00927	0.01232	0.00753	0.00428	0.00504	0.00150	0.00641	0.00468	0.00240	0.00727
32	0.00705	0.00470	0.00529	0.00529	0.00529	0.00470	0.00294	0.00705	0.00705	0.00940	0.01527	0.03171	0.01762	0.82969	0.02467	0.00470	0.00470	0.00705	0.00294	0.00294
33	0.00903	0.00452	0.00452	0.00452	0.00565	0.00452	0.00339	0.01129	0.01016	0.01807	0.01581	0.01807	0.01242	0.00565	0.00339	0.00113	0.00226	0.00452	0.85659	0.00452
34	0.01266	0.01146	0.01125	0.01009	0.01284	0.07402	0.00784	0.04187	0.71361	0.01984	0.01860	0.01721	0.01399	0.00644	0.00489	0.00161	0.00425	0.00527	0.00474	0.00752
35	0.01073	0.00874	0.01022	0.00734	0.01162	0.00673	0.00589	0.03426	0.01055	0.04623	0.00910	0.01034	0.00739	0.00374	0.00367	0.00077	0.00366	0.00299	0.00305	0.80298
36	0.00842	0.00421	0.00631	0.00631	0.00631	0.00421	0.00421	0.00631	0.00631	0.00842	0.00842	0.01473	0.00842	0.01684	0.01894	0.85901	0.00421	0.00421	0.00210	0.00210
37	0.01005	0.00861	0.01005	0.00718	0.01148	0.00646	0.00574	0.01220	0.01005	0.01579	0.00861	0.01005	0.00718	0.00359	0.00359	0.00072	0.00359	0.00287	0.00287	0.85932
38	0.01176	0.01291	0.10043	0.02811	0.71936	0.01149	0.01518	0.01492	0.01095	0.01578	0.00907	0.01181	0.00752	0.00435	0.00478	0.00145	0.00590	0.00424	0.00236	0.00762
39	0.70358	0.01075	0.05874	0.00836	0.01181	0.01106	0.08599	0.01471	0.02689	0.02067	0.00748	0.00879	0.00574	0.00451	0.00342	0.00152	0.00442	0.00307	0.00293	0.00556
40	0.00590	0.00422	0.00562	0.00675	0.00703	0.00394	0.00450	0.00675	0.00928	0.01237	0.02671	0.82653	0.03205	0.01518	0.00619	0.00197	0.00281	0.01378	0.00450	0.00394
41	0.01000	0.02326	0.69744	0.01483	0.06024	0.01135	0.05743	0.01568	0.03674	0.01555	0.00915	0.01073	0.00657	0.00463	0.00468	0.00154	0.00703	0.00379	0.00218	0.00717
42	0.04202	0.01139	0.01195	0.01033	0.01330	0.04233	0.02957	0.13640	0.60023	0.02139	0.01736	0.01630	0.01298	0.00626	0.00485	0.00160	0.00436	0.00514	0.00469	0.00756
43	0.01163	0.02207	0.65282	0.01286	0.01927	0.02651	0.01584	0.01651	0.01083	0.13430	0.01061	0.02741	0.00754	0.00503	0.00467	0.00153	0.00665	0.00397	0.00270	0.00723

[dist]
# distance from previous block
# <min> <max>
0	1

[block]
# block no. 3 follows, 52 sequences, length 130
# corresponding to MSA columns:
# 703-832
name=unknown_D
#
# <colnr> <probs for GDERKNQSTAVLIFYWHMCP>
#	G	D	E	R	K	N	Q	S	T	A	V	L	I	F	Y	W	H	M	C	P
0	0.01223	0.06120	0.01962	0.04645	0.65459	0.02612	0.03434	0.03348	0.03643	0.01589	0.00935	0.01192	0.00777	0.00443	0.00472	0.00143	0.00578	0.00427	0.00252	0.00748
1	0.00921	0.00561	0.00874	0.00813	0.00921	0.00543	0.07337	0.00936	0.00887	0.05919	0.01614	0.02628	0.06095	0.01335	0.01236	0.42935	0.00440	0.18583	0.05055	0.00368
2	0.01057	0.01451	0.22325	0.20806	0.25441	0.01128	0.16339	0.01438	0.01050	0.01470	0.00901	0.01201	0.00694	0.00470	0.00519	0.01702	0.00672	0.00439	0.00225	0.00668
3	0.01377	0.01109	0.03994	0.31751	0.18878	0.07032	0.04359	0.04188	0.01177	0.19722	0.01122	0.01312	0.00807	0.00500	0.00483	0.00152	0.00599	0.00439	0.00322	0.00675
4	0.01035	0.00999	0.01362	0.02652	0.04580	0.02730	0.00982	0.03089	0.02343	0.01258	0.00942	0.02763	0.03325	0.01119	0.09813	0.00260	0.57951	0.00469	0.00245	0.02085
5	0.00704	0.00473	0.00543	0.00543	0.00548	0.00478	0.00311	0.00714	0.00709	0.00950	0.01514	0.03099	0.01730	0.78443	0.06950	0.00487	0.00517	0.00694	0.00292	0.00302
6	0.01005	0.00861	0.01005	0.00718	0.01148	0.00646	0.00574	0.01220	0.01005	0.01579	0.00861	0.01005	0.00718	0.00359	0.00359	0.00072	0.00359	0.00287	0.00287	0.85932
7	0.00635	0.00473	0.00588	0.00605	0.00702	0.00430	0.00437	0.00793	0.01162	0.01564	0.37514	0.26757	0.20641	0.03389	0.00638	0.00177	0.00258	0.02332	0.00483	0.00424
8	0.01142	0.16150	0.35271	0.04719	0.08111	0.01293	0.01302	0.06805	0.15882	0.01658	0.02500	0.01211	0.00879	0.00506	0.00447	0.00146	0.00583	0.00400	0.00288	0.00708
9	0.00765	0.00501	0.00615	0.00584	0.00711	0.00465	0.00438	0.00965	0.01228	0.05078	0.46470	0.04593	0.14928	0.03236	0.03893	0.00183	0.00290	0.00804	0.13795	0.00458
10	0.00750	0.00626	0.00756	0.00820	0.07961	0.00598	0.00551	0.01088	0.11578	0.01632	0.27992	0.03636	0.38181	0.01004	0.00553	0.00158	0.00288	0.00859	0.00463	0.00505
11	0.01413	0.01144	0.01213	0.01028	0.01339	0.01302	0.00817	0.27302	0.54006	0.02362	0.01708	0.01598	0.01265	0.00633	0.00490	0.00158	0.00432	0.00511	0.00490	0.00786
12	0.01500	0.01163	0.01244	0.01035	0.01359	0.01310	0.00828	0.33591	0.44919	0.05171	0.01639	0.01539	0.01201	0.00624	0.00489	0.00156	0.00446	0.00500	0.00493	0.00792
13	0.01296	0.83261	0.02539	0.00829	0.01244	0.01917	0.00829	0.01451	0.00985	0.01140	0.00674	0.00777	0.00622	0.00415	0.00311	0.00104	0.00518	0.00259	0.00207	0.00622
14	0.00700	0.00528	0.00785	0.00781	0.00863	0.00619	0.00605	0.00867	0.00776	0.01120	0.01292	0.01925	0.01216	0.05928	0.77164	0.00759	0.02859	0.00523	0.00260	0.00430
15	0.00860	0.00456	0.00483	0.00483	0.00592	0.00450	0.00360	0.01079	0.01058	0.01797	0.11797	0.05952	0.01770	0.00666	0.00383	0.00122	0.00229	0.00552	0.70463	0.00450
16	0.01079	0.01172	0.04466	0.01474	0.01625	0.01406	0.20971	0.01278	0.00855	0.01278	0.00733	0.01123	0.00661	0.00722	0.01290	0.00198	0.58421	0.00460	0.00220	0.00568
17	0.13031	0.01003	0.01172	0.00911	0.01280	0.01004	0.00752	0.25612	0.01588	0.46358	0.01521	0.01388	0.00996	0.00575	0.00462	0.00149	0.00445	0.00442	0.00525	0.00786
18	0.00624	0.00448	0.00589	0.00690	0.00731	0.00424	0.00472	0.02295	0.00967	0.01285	0.02675	0.76311	0.04495	0.01486	0.00617	0.00196	0.00293	0.04546	0.00450	0.00405
19	0.01005	0.00861	0.01005	0.00718	0.01148	0.00646	0.00574	0.01220	0.01005	0.01579	0.00861	0.01005	0.00718	0.00359	0.00359	0.00072	0.00359	0.00287	0.00287	0.85932
20	0.01205	0.01041	0.01096	0.00986	0.01260	0.01205	0.00767	0.02575	0.79071	0.02027	0.01972	0.01808	0.01479	0.00657	0.00493	0.00164	0.00384	0.00548	0.00493	0.00767
21	0.00576	0.00491	0.00496	0.00495	0.00657	0.00411	0.00371	0.00703	0.01113	0.01330	0.07394	0.04629	0.77251	0.01219	0.00573	0.00163	0.00245	0.01018	0.00453	0.00411
22	0.00915	0.00861	0.01453	0.81804	0.03338	0.01077	0.01346	0.01238	0.00969	0.01238	0.00861	0.01292	0.00646	0.00484	0.00484	0.00161	0.00646	0.00431	0.00215	0.00538
23	0.01739	0.02191	0.01384	0.01251	0.01477	0.73503	0.00948	0.01862	0.01314	0.01184	0.00738	0.00892	0.00625	0.00532	0.00546	0.00133	0.08552	0.00323	0.00246	0.00559
24	0.01011	0.00867	0.01019	0.00746	0.01145	0.00692	0.00597	0.02914	0.01022	0.01584	0.00959	0.02570	0.02081	0.00420	0.00422	0.00083	0.03826	0.00329	0.00294	0.77419
25	0.00824	0.07176	0.39447	0.01028	0.01417	0.00854	0.01126	0.01146	0.00978	0.01375	0.01659	0.37388	0.01769	0.00929	0.00521	0.00169	0.00509	0.00806	0.00314	0.00566
26	0.02046	0.01030	0.01252	0.00960	0.01339	0.01017	0.00793	0.31641	0.01731	0.50517	0.01623	0.01462	0.01055	0.00593	0.00486	0.00148	0.00459	0.00468	0.00555	0.00824
27	0.00915	0.00861	0.01453	0.81804	0.03338	0.01077	0.01346	0.01238	0.00969	0.01238	0.00861	0.01292	0.00646	0.00484	0.00484	0.00161	0.00646	0.00431	0.00215	0.00538
28	0.00772	0.00706	0.01042	0.42946	0.04685	0.00782	0.00915	0.01005	0.01034	0.01281	0.02667	0.02792	0.35906	0.00814	0.00524	0.00162	0.00465	0.00695	0.00321	0.00488
29	0.00683	0.00495	0.00644	0.00607	0.00722	0.00456	0.00455	0.00910	0.01366	0.01929	0.78027	0.03643	0.06245	0.00996	0.00572	0.00153	0.00229	0.00880	0.00532	0.00456
30	0.01243	0.01094	0.02588	0.03057	0.05829	0.01221	0.00852	0.08352	0.65399	0.02054	0.01803	0.01697	0.01352	0.00631	0.00491	0.00161	0.00418	0.00526	0.00466	0.00765
31	0.00622	0.00476	0.00564	0.00576	0.00685	0.00425	0.00416	0.00769	0.01145	0.01505	0.30958	0.21793	0.32778	0.04267	0.00653	0.00179	0.00256	0.01039	0.00474	0.00418
32	0.01411	0.01335	0.01888	0.03853	0.15578	0.08533	0.23138	0.23113	0.12525	0.02002	0.01136	0.01279	0.00859	0.00506	0.00506	0.00152	0.00635	0.00479	0.00346	0.00726
33	0.00598	0.00443	0.00559	0.00633	0.00696	0.00404	0.00435	0.00706	0.01011	0.01331	0.11820	0.58979	0.17807	0.01404	0.00605	0.00186	0.00268	0.01254	0.00459	0.00404
34	0.05596	0.01385	0.07252	0.04423	0.53243	0.11365	0.06736	0.01543	0.01118	0.01548	0.00879	0.01134	0.00721	0.00443	0.00470	0.00144	0.00632	0.00413	0.00242	0.00712
35	0.00597	0.00427	0.00568	0.00670	0.00704	0.00398	0.00450	0.00691	0.00957	0.01284	0.07757	0.77434	0.03295	0.01483	0.00615	0.00194	0.00278	0.01345	0.00455	0.00398
36	0.12988	0.12144	0.01444	0.00980	0.01348	0.01413	0.00825	0.47070	0.06012	0.08017	0.02491	0.01174	0.00884	0.00554	0.00439	0.00142	0.00488	0.00407	0.00433	0.00748
37	0.01424	0.40458	0.06612	0.08843	0.01535	0.08346	0.00929	0.05668	0.08151	0.12252	0.01023	0.01083	0.00791	0.00487	0.00397	0.00128	0.00547	0.00353	0.00306	0.00666
38	0.00590	0.00422	0.00562	0.00675	0.00703	0.00394	0.00450	0.00675	0.00928	0.01237	0.02671	0.82653	0.03205	0.01518	0.00619	0.00197	0.00281	0.01378	0.00450	0.00394
39	0.03331	0.01297	0.04170	0.03677	0.41509	0.07515	0.23241	0.01521	0.01119	0.01550	0.00907	0.01179	0.00732	0.00428	0.00490	0.00144	0.00655	0.00447	0.00245	0.05841
40	0.00657	0.00451	0.00547	0.00597	0.00611	0.00439	0.00369	0.00697	0.00807	0.01076	0.02035	0.37274	0.02398	0.46664	0.01644	0.00349	0.00389	0.02294	0.00363	0.00339
41	0.01317	0.79931	0.02491	0.00846	0.01254	0.05171	0.00834	0.01471	0.01001	0.01142	0.00677	0.00781	0.00622	0.00418	0.00316	0.00105	0.00533	0.00261	0.00209	0.00619
42	0.04000	0.03823	0.04744	0.21068	0.14025	0.02353	0.01039	0.05276	0.02585	0.30994	0.03035	0.01410	0.00977	0.00532	0.00472	0.00149	0.00518	0.00446	0.00391	0.02164
43	0.01060	0.01060	0.01484	0.01272	0.01272	0.01484	0.01060	0.01166	0.00742	0.01166	0.00636	0.01060	0.00636	0.00848	0.01590	0.00212	0.82082	0.00424	0.00212	0.00530
44	0.02158	0.00851	0.01141	0.00875	0.01250	0.00751	0.00722	0.06090	0.01431	0.76492	0.01875	0.01626	0.01181	0.00599	0.00487	0.00150	0.00418	0.00485	0.00594	0.00825
45	0.01100	0.01050	0.01787	0.30593	0.53106	0.01125	0.01438	0.01400	0.01056	0.01462	0.00894	0.01232	0.00725	0.00450	0.00481	0.00150	0.00600	0.00431	0.00231	0.00687
46	0.01296	0.83261	0.02539	0.00829	0.01244	0.01917	0.00829	0.01451	0.00985	0.01140	0.00674	0.00777	0.00622	0.00415	0.00311	0.00104	0.00518	0.00259	0.00207	0.00622
47	0.01199	0.01151	0.01967	0.02974	0.79946	0.01151	0.01487	0.01487	0.01103	0.01583	0.00912	0.01199	0.00768	0.00432	0.00480	0.00144	0.00576	0.00432	0.00240	0.00768
48	0.00687	0.00462	0.00534	0.00551	0.00556	0.00458	0.00318	0.00700	0.00740	0.00986	0.01706	0.15580	0.01987	0.70253	0.02178	0.00427	0.00440	0.00810	0.00318	0.00309
49	0.00590	0.00422	0.00562	0.00675	0.00703	0.00394	0.00450	0.00675	0.00928	0.01237	0.02671	0.82653	0.03205	0.01518	0.00619	0.00197	0.00281	0.01378	0.00450	0.00394
50	0.00915	0.00861	0.01453	0.81804	0.03338	0.01077	0.01346	0.01238	0.00969	0.01238	0.00861	0.01292	0.00646	0.00484	0.00484	0.00161	0.00646	0.00431	0.00215	0.00538
51	0.00595	0.00424	0.00561	0.00669	0.00695	0.00397	0.00443	0.00676	0.00918	0.01224	0.02622	0.79281	0.03144	0.04973	0.00697	0.00208	0.00289	0.01349	0.00443	0.00389
52	0.00680	0.00493	0.00640	0.00607	0.00721	0.00454	0.00454	0.00901	0.01351	0.01903	0.75147	0.05555	0.07248	0.01012	0.00573	0.00154	0.00230	0.00894	0.00528	0.00454
53	0.86392	0.00937	0.00712	0.00637	0.00937	0.01087	0.00525	0.01425	0.00825	0.02174	0.00675	0.00787	0.00525	0.00450	0.00300	0.00150	0.00375	0.00262	0.00300	0.00525
54	0.03155	0.35584	0.46591	0.01137	0.01719	0.01449	0.01366	0.01498	0.01003	0.01388	0.00785	0.00917	0.00615	0.00441	0.00395	0.00133	0.00627	0.00315	0.00208	0.00673
55	0.00918	0.00865	0.01454	0.80139	0.03295	0.01085	0.01340	0.01237	0.00964	0.01237	0.00857	0.01287	0.00646	0.00492	0.00507	0.00163	0.02330	0.00431	0.00215	0.00538
56	0.00693	0.00518	0.00774	0.00774	0.00859	0.00603	0.00600	0.00862	0.00777	0.01121	0.01302	0.01928	0.01222	0.05162	0.79536	0.00773	0.01282	0.00523	0.00260	0.00430
57	0.01644	0.24904	0.01676	0.01111	0.01404	0.56893	0.00891	0.01780	0.01256	0.01189	0.00749	0.00870	0.00639	0.00477	0.00399	0.00119	0.00758	0.00301	0.02365	0.00576
58	0.01201	0.01060	0.05419	0.11915	0.17079	0.00951	0.06231	0.07395	0.01155	0.08773	0.01041	0.03352	0.00831	0.00480	0.00477	0.00128	0.02466	0.00419	0.00308	0.29320
59	0.01118	0.25105	0.49767	0.01259	0.03240	0.05381	0.03483	0.01548	0.02337	0.01416	0.00831	0.00970	0.00637	0.00451	0.00421	0.00138	0.00663	0.00338	0.00214	0.00682
60	0.01276	0.01135	0.01141	0.01014	0.01289	0.05940	0.00791	0.07035	0.68500	0.02023	0.01828	0.01701	0.01375	0.00647	0.00509	0.00162	0.01881	0.00525	0.00473	0.00754
61	0.23282	0.57904	0.02023	0.00842	0.03040	0.03785	0.00769	0.01458	0.00956	0.01419	0.00682	0.00792	0.00600	0.00426	0.00315	0.00117	0.00492	0.00265	0.00233	0.00599
62	0.00688	0.00759	0.10985	0.00705	0.00898	0.00543	0.00615	0.00938	0.03933	0.01554	0.28039	0.21555	0.24772	0.01097	0.00565	0.00166	0.00314	0.00953	0.00447	0.00474
63	0.00606	0.00439	0.00570	0.00649	0.00699	0.00406	0.00442	0.00713	0.01002	0.01343	0.14543	0.63648	0.08466	0.03230	0.00649	0.00194	0.00275	0.01263	0.00459	0.00402
64	0.01222	0.01051	0.01120	0.01022	0.02558	0.01212	0.00783	0.04578	0.75743	0.02047	0.01933	0.01781	0.01450	0.00652	0.00493	0.00164	0.00391	0.00543	0.00489	0.00769
65	0.00613	0.00480	0.00507	0.00514	0.00620	0.00426	0.00351	0.00697	0.00974	0.01195	0.03758	0.09371	0.51562	0.25493	0.01137	0.00257	0.00314	0.00952	0.00404	0.00374
66	0.00749	0.00555	0.00699	0.00649	0.00782	0.00537	0.00491	0.02454	0.07716	0.01970	0.71937	0.03428	0.04253	0.00956	0.00564	0.00153	0.00247	0.00842	0.00529	0.00489
67	0.01492	0.00989	0.01113	0.00955	0.01260	0.01076	0.00756	0.04537	0.55405	0.23830	0.01934	0.01747	0.01384	0.00639	0.00491	0.00160	0.00396	0.00528	0.00523	0.00785
68	0.01296	0.83261	0.02539	0.00829	0.01244	0.01917	0.00829	0.01451	0.00985	0.01140	0.00674	0.00777	0.00622	0.00415	0.00311	0.00104	0.00518	0.00259	0.00207	0.00622
69	0.00915	0.00861	0.01453	0.81804	0.03338	0.01077	0.01346	0.01238	0.00969	0.01238	0.00861	0.01292	0.00646	0.00484	0.00484	0.00161	0.00646	0.00431	0.00215	0.00538
70	0.00903	0.00452	0.00452	0.00452	0.00565	0.00452	0.00339	0.01129	0.01016	0.01807	0.01581	0.01807	0.01242	0.00565	0.00339	0.00113	0.00226	0.00452	0.85659	0.00452
71	0.01005	0.00861	0.01005	0.00718	0.01148	0.00646	0.00574	0.01220	0.01005	0.01579	0.00861	0.01005	0.00718	0.00359	0.00359	0.00072	0.00359	0.00287	0.00287	0.85932
72	0.00751	0.00631	0.00980	0.00926	0.01056	0.00617	0.12280	0.01034	0.09674	0.01382	0.02332	0.57861	0.02620	0.01246	0.00600	0.00189	0.00381	0.04538	0.00423	0.00477
73	0.01052	0.01001	0.01701	0.43783	0.40288	0.01113	0.01414	0.01358	0.01034	0.01405	0.00886	0.01247	0.00705	0.00459	0.00482	0.00153	0.00612	0.00431	0.00227	0.00649
74	0.01174	0.01149	0.02033	0.08200	0.66049	0.01155	0.10114	0.01478	0.01099	0.01556	0.00916	0.01218	0.00756	0.00433	0.00490	0.00147	0.00608	0.00447	0.00239	0.00739
75	0.01144	0.01307	0.02859	0.02042	0.02533	0.01225	0.78186	0.01552	0.01144	0.01552	0.00980	0.01307	0.00735	0.00408	0.00572	0.00163	0.00817	0.00572	0.00245	0.00654
76	0.01810	0.02310	0.01373	0.01248	0.01498	0.81024	0.00936	0.01935	0.01373	0.01186	0.00749	0.00874	0.00624	0.00499	0.00437	0.00125	0.00874	0.00312	0.00250	0.00562
77	0.00708	0.00542	0.00809	0.00800	0.00883	0.00643	0.00625	0.00878	0.00777	0.01127	0.01270	0.01868	0.01187	0.03516	0.77678	0.00755	0.04725	0.00515	0.00258	0.00437
78	0.01276	0.78306	0.07320	0.00863	0.01296	0.01869	0.00888	0.01456	0.00987	0.01164	0.00686	0.00792	0.00621	0.00417	0.00320	0.00107	0.00530	0.00265	0.00207	0.00628
79	0.00705	0.00538	0.00803	0.00796	0.00880	0.00636	0.00622	0.00876	0.00778	0.01126	0.01275	0.01874	0.01191	0.03538	0.78285	0.00759	0.04108	0.00516	0.00258	0.00436
80	0.02174	0.00825	0.01125	0.00862	0.01237	0.00712	0.00712	0.02362	0.01387	0.80282	0.01912	0.01649	0.01200	0.00600	0.00487	0.00150	0.00412	0.00487	0.00600	0.00825
81	0.00679	0.00504	0.00651	0.00732	0.00834	0.00477	0.00586	0.00843	0.01073	0.01380	0.06022	0.25440	0.20795	0.01347	0.00630	0.00200	0.00348	0.36582	0.00451	0.00424
82	0.00692	0.00519	0.00779	0.00779	0.00865	0.00606	0.00606	0.00865	0.00779	0.01125	0.01298	0.01904	0.01211	0.03634	0.81049	0.00779	0.01298	0.00519	0.00260	0.00433
83	0.00590	0.00422	0.00562	0.00675	0.00703	0.00394	0.00450	0.00675	0.00928	0.01237	0.02671	0.82653	0.03205	0.01518	0.00619	0.00197	0.00281	0.01378	0.00450	0.00394
84	0.00589	0.00428	0.00556	0.00657	0.00698	0.00395	0.00442	0.00677	0.00945	0.01244	0.02884	0.75237	0.10483	0.01491	0.00614	0.00194	0.00278	0.01344	0.00450	0.00395
85	0.01205	0.01041	0.01096	0.00986	0.01260	0.01205	0.00767	0.02575	0.79071	0.02027	0.01972	0.01808	0.01479	0.00657	0.00493	0.00164	0.00384	0.00548	0.00493	0.00767
86	0.02150	0.00819	0.01117	0.00858	0.01229	0.00708	0.00708	0.02338	0.01387	0.78980	0.03204	0.01682	0.01256	0.00606	0.00489	0.00150	0.00409	0.00494	0.00599	0.00819
87	0.00764	0.00438	0.00501	0.00551	0.00626	0.00426	0.00388	0.00927	0.00977	0.01553	0.02067	0.37839	0.02117	0.00990	0.00463	0.00150	0.00250	0.00864	0.47682	0.00426
88	0.00693	0.00515	0.00759	0.00759	0.00838	0.00595	0.00581	0.00852	0.00773	0.01110	0.01317	0.02006	0.01256	0.10044	0.74700	0.00754	0.01231	0.00534	0.00262	0.00421
89	0.01060	0.01060	0.01484	0.01272	0.01272	0.01484	0.01060	0.01166	0.00742	0.01166	0.00636	0.01060	0.00636	0.00848	0.01590	0.00212	0.82082	0.00424	0.00212	0.00530
90	0.00972	0.02507	0.80458	0.01381	0.02097	0.01125	0.01790	0.01535	0.01023	0.01535	0.00870	0.01023	0.00614	0.00460	0.00460	0.00153	0.00716	0.00358	0.00205	0.00716
91	0.01842	0.01357	0.01454	0.01115	0.01503	0.01503	0.00921	0.78330	0.02278	0.03054	0.01163	0.01163	0.00824	0.00582	0.00485	0.00145	0.00533	0.00436	0.00485	0.00824
92	0.01141	0.01177	0.00855	0.00807	0.00906	0.31514	0.00546	0.01190	0.00970	0.01059	0.01209	0.02194	0.01280	0.46250	0.01601	0.02820	0.00617	0.00537	0.02928	0.00399
93	0.00817	0.00653	0.00750	0.00698	0.00867	0.00666	0.00532	0.01358	0.23839	0.01857	0.44153	0.03277	0.16764	0.00935	0.00549	0.00158	0.00276	0.00807	0.00507	0.00539
94	0.01041	0.00876	0.01016	0.01023	0.07202	0.00967	0.00720	0.01957	0.48860	0.01898	0.19803	0.05261	0.02213	0.04240	0.00599	0.00174	0.00363	0.00652	0.00473	0.00662
95	0.00972	0.02507	0.80458	0.01381	0.02097	0.01125	0.01790	0.01535	0.01023	0.01535	0.00870	0.01023	0.00614	0.00460	0.00460	0.00153	0.00716	0.00358	0.00205	0.00716
96	0.01044	0.04143	0.09733	0.00809	0.01269	0.00779	0.00729	0.04213	0.01055	0.01614	0.00867	0.01004	0.00707	0.00381	0.00373	0.00085	0.00410	0.00300	0.00283	0.70202
97	0.00842	0.00421	0.00631	0.00631	0.00631	0.00421	0.00421	0.00631	0.00631	0.00842	0.00842	0.01473	0.00842	0.01684	0.01894	0.85901	0.00421	0.00421	0.00210	0.00210
98	0.00972	0.02507	0.80458	0.01381	0.02097	0.01125	0.01790	0.01535	0.01023	0.01535	0.00870	0.01023	0.00614	0.00460	0.00460	0.00153	0.00716	0.00358	0.00205	0.00716
99	0.01719	0.12959	0.09921	0.01066	0.04708	0.03177	0.02131	0.06496	0.04204	0.41404	0.01465	0.01470	0.01024	0.00575	0.00503	0.00147	0.03375	0.02465	0.00442	0.00749
100	0.01469	0.01103	0.01182	0.01000	0.01303	0.02567	0.00793	0.25870	0.41821	0.09785	0.01737	0.06451	0.01339	0.00678	0.00497	0.00158	0.00435	0.00554	0.00494	0.00764
101	0.01199	0.01151	0.01967	0.02974	0.79946	0.01151	0.01487	0.01487	0.01103	0.01583	0.00912	0.01199	0.00768	0.00432	0.00480	0.00144	0.00576	0.00432	0.00240	0.00768
102	0.01561	0.01249	0.03884	0.01121	0.01485	0.01306	0.07650	0.52844	0.08260	0.02596	0.01429	0.01537	0.04294	0.00617	0.00493	0.00150	0.00518	0.02707	0.05550	0.00750
103	0.00972	0.02507	0.80458	0.01381	0.02097	0.01125	0.01790	0.01535	0.01023	0.01535	0.00870	0.01023	0.00614	0.00460	0.00460	0.00153	0.00716	0.00358	0.00205	0.00716
104	0.02174	0.00825	0.01125	0.00862	0.01237	0.00712	0.00712	0.02362	0.01387	0.80282	0.01912	0.01649	0.01200	0.00600	0.00487	0.00150	0.00412	0.00487	0.00600	0.00825
105	0.01296	0.83261	0.02539	0.00829	0.01244	0.01917	0.00829	0.01451	0.00985	0.01140	0.00674	0.00777	0.00622	0.00415	0.00311	0.00104	0.00518	0.00259	0.00207	0.00622
106	0.00781	0.00558	0.00781	0.00892	0.01004	0.00558	0.00781	0.01004	0.01116	0.01450	0.02566	0.05466	0.02789	0.01339	0.00669	0.00223	0.00446	0.76685	0.00446	0.00446
107	0.00972	0.02507	0.80458	0.01381	0.02097	0.01125	0.01790	0.01535	0.01023	0.01535	0.00870	0.01023	0.00614	0.00460	0.00460	0.00153	0.00716	0.00358	0.00205	0.00716
108	0.00762	0.00630	0.02155	0.00771	0.00901	0.02067	0.02076	0.01055	0.07263	0.01501	0.29006	0.04492	0.02448	0.03796	0.38320	0.00454	0.00780	0.00667	0.00379	0.00476
109	0.00694	0.00513	0.00748	0.00748	0.00824	0.00589	0.00568	0.00846	0.00770	0.01102	0.01326	0.02058	0.01278	0.13259	0.71516	0.00741	0.01198	0.00542	0.00264	0.00416
110	0.00985	0.19663	0.07506	0.01000	0.05824	0.01054	0.02200	0.08094	0.01088	0.01445	0.04589	0.25305	0.06371	0.02439	0.04027	0.00191	0.06603	0.00727	0.00337	0.00550
111	0.00729	0.00468	0.00587	0.00587	0.00600	0.00481	0.00366	0.00716	0.00702	0.00950	0.01361	0.02652	0.01502	0.55234	0.14500	0.16784	0.00588	0.00622	0.00273	0.00299
112	0.05725	0.12545	0.51097	0.01372	0.05195	0.01242	0.07526	0.01486	0.01001	0.01496	0.00841	0.01027	0.00639	0.00530	0.02080	0.00162	0.04777	0.00367	0.00216	0.00676
113	0.01058	0.04530	0.01523	0.62262	0.05421	0.08940	0.02770	0.02623	0.03768	0.01303	0.00890	0.01243	0.00681	0.00487	0.00474	0.00155	0.00653	0.00419	0.00234	0.00566
114	0.01815	0.02169	0.01385	0.01229	0.01499	0.69255	0.00934	0.13241	0.01507	0.01462	0.00810	0.00917	0.00654	0.00512	0.00444	0.00128	0.00823	0.00330	0.00284	0.00601
115	0.01100	0.01066	0.01930	0.15079	0.41554	0.01080	0.18693	0.01414	0.01096	0.01551	0.04205	0.01379	0.00930	0.00467	0.00496	0.00149	0.00603	0.00483	0.06053	0.00671
116	0.01900	0.01264	0.01397	0.01071	0.01456	0.01364	0.00885	0.65029	0.02122	0.16576	0.01295	0.01249	0.00890	0.00585	0.00485	0.00146	0.00512	0.00445	0.00505	0.00824
117	0.01199	0.01151	0.01967	0.02974	0.79946	0.01151	0.01487	0.01487	0.01103	0.01583	0.00912	0.01199	0.00768	0.00432	0.00480	0.00144	0.00576	0.00432	0.00240	0.00768
118	0.00848	0.03167	0.10965	0.19258	0.03157	0.00847	0.13227	0.01146	0.02424	0.01436	0.11330	0.17003	0.11555	0.00816	0.00537	0.00165	0.00504	0.00745	0.00335	0.00536
119	0.01713	0.01510	0.01351	0.01118	0.01443	0.21610	0.00897	0.45341	0.09584	0.03798	0.01237	0.01422	0.00964	0.00614	0.00485	0.00147	0.00597	0.05013	0.00426	0.00729
120	0.01912	0.00835	0.01089	0.00855	0.01192	0.00765	0.00698	0.08931	0.04046	0.60245	0.12339	0.01877	0.01630	0.00653	0.00499	0.00150	0.00397	0.00537	0.00577	0.00773
121	0.01039	0.02308	0.70133	0.01325	0.01988	0.01117	0.01655	0.01662	0.08272	0.04527	0.01011	0.01119	0.00716	0.00484	0.00464	0.00154	0.00674	0.00381	0.00246	0.00725
122	0.14592	0.01210	0.13859	0.03453	0.03739	0.03414	0.02318	0.06737	0.01274	0.42501	0.01398	0.01334	0.00925	0.00539	0.00454	0.00150	0.00496	0.00422	0.00445	0.00740
123	0.00701	0.00595	0.00612	0.00590	0.00768	0.00563	0.00445	0.01060	0.15858	0.01457	0.07047	0.04038	0.59699	0.03652	0.00616	0.00173	0.00278	0.00918	0.00456	0.00475
124	0.00594	0.00436	0.00557	0.00643	0.00697	0.00400	0.00438	0.00692	0.00981	0.01290	0.07648	0.66246	0.14715	0.01443	0.00609	0.00189	0.00273	0.01294	0.00455	0.00400
