[name]
unknown

[dist]
# distance from previous block
# <min> <max>
0	10

[block]
# block no. 0 follows, 48 sequences, length 11
# corresponding to MSA columns:
# 10-20
name=unknown_A
#
# <colnr> <probs for GDERKNQSTAVLIFYWHMCP>
#	G	D	E	R	K	N	Q	S	T	A	V	L	I	F	Y	W	H	M	C	P
0	0.00827	0.00591	0.00827	0.00945	0.01063	0.00591	0.00827	0.01063	0.01181	0.01536	0.02717	0.05788	0.02953	0.01417	0.00709	0.00236	0.00472	0.75313	0.00472	0.00472
1	0.00612	0.00498	0.00542	0.00577	0.00708	0.00428	0.00415	0.00730	0.01115	0.01364	0.04506	0.27336	0.56607	0.01389	0.00621	0.00184	0.00271	0.01193	0.00476	0.00428
2	0.01115	0.05321	0.53484	0.01317	0.01926	0.01249	0.01539	0.01943	0.23498	0.01761	0.01254	0.01316	0.00918	0.00547	0.00491	0.00164	0.00647	0.00434	0.00306	0.00770
3	0.00612	0.00498	0.00542	0.00577	0.00708	0.00428	0.00415	0.00730	0.01115	0.01364	0.04506	0.27336	0.56607	0.01389	0.00621	0.00184	0.00271	0.01193	0.00476	0.00428
4	0.01170	0.03197	0.01476	0.03402	0.30779	0.09515	0.02593	0.01585	0.11242	0.01788	0.23745	0.02072	0.02075	0.00672	0.00528	0.00155	0.00507	0.00596	0.02231	0.00674
5	0.01921	0.00916	0.01173	0.00883	0.01298	0.00780	0.00724	0.06302	0.01403	0.52274	0.01655	0.01518	0.01099	0.00560	0.00476	0.00134	0.00427	0.00451	0.00532	0.25472
6	0.01060	0.00972	0.01610	0.07887	0.50697	0.00979	0.01243	0.01305	0.01104	0.01544	0.01505	0.24746	0.01557	0.00797	0.00551	0.00170	0.00524	0.00750	0.00317	0.00680
7	0.01123	0.00574	0.00767	0.00762	0.00897	0.00521	0.00547	0.01238	0.01109	0.24014	0.02514	0.53164	0.02673	0.06599	0.00743	0.00213	0.00351	0.01137	0.00512	0.00543
8	0.00659	0.00505	0.00604	0.00614	0.00734	0.00450	0.00447	0.00825	0.01241	0.01639	0.34165	0.21702	0.32025	0.01268	0.00617	0.00176	0.00261	0.01105	0.00512	0.00450
9	0.01057	0.01002	0.01698	0.58076	0.25505	0.01163	0.01469	0.01388	0.01068	0.01418	0.00928	0.01339	0.00722	0.00497	0.00512	0.00166	0.00662	0.00456	0.00236	0.00641
10	0.01650	0.16480	0.05951	0.01092	0.01389	0.05721	0.00964	0.01884	0.04120	0.30029	0.01255	0.01314	0.00923	0.00663	0.00818	0.00168	0.24038	0.00435	0.00388	0.00717

[dist]
# distance from previous block
# <min> <max>
5	37

[block]
# block no. 1 follows, 48 sequences, length 11
# corresponding to MSA columns:
# 58-68
name=unknown_B
#
# <colnr> <probs for GDERKNQSTAVLIFYWHMCP>
#	G	D	E	R	K	N	Q	S	T	A	V	L	I	F	Y	W	H	M	C	P
0	0.65824	0.00974	0.00827	0.00695	0.01045	0.01042	0.00568	0.01458	0.00918	0.02155	0.00761	0.00887	0.00603	0.00454	0.00332	0.00139	0.00393	0.00284	0.00314	0.20328
1	0.00935	0.02138	0.60901	0.01288	0.01875	0.01010	0.01564	0.01412	0.01060	0.01551	0.01367	0.19921	0.01292	0.00749	0.00527	0.00173	0.00651	0.00632	0.00277	0.00678
2	0.00937	0.04151	0.01113	0.22870	0.03041	0.00910	0.00852	0.01412	0.16792	0.01616	0.12763	0.20613	0.02137	0.00951	0.02006	0.00186	0.01873	0.00779	0.04426	0.00573
3	0.00744	0.00540	0.00711	0.00709	0.00832	0.00507	0.00560	0.00979	0.01375	0.01902	0.57146	0.04345	0.08049	0.01148	0.00629	0.00179	0.00297	0.18331	0.00539	0.00479
4	0.00928	0.02011	0.55330	0.01275	0.01829	0.00984	0.03768	0.01385	0.01079	0.01570	0.04596	0.20044	0.01470	0.00771	0.00535	0.00173	0.00632	0.00661	0.00293	0.00665
5	0.00854	0.00492	0.00558	0.00552	0.00666	0.00476	0.00410	0.01084	0.01200	0.01922	0.28322	0.08061	0.02678	0.00823	0.00464	0.00140	0.00244	0.00701	0.49877	0.00476
6	0.00651	0.00458	0.00588	0.00681	0.00704	0.00434	0.00440	0.00721	0.00931	0.01241	0.02565	0.64630	0.03062	0.19063	0.01080	0.00271	0.00341	0.01304	0.00440	0.00394
7	0.00650	0.00522	0.00581	0.00566	0.00720	0.00452	0.00424	0.00821	0.01273	0.01632	0.32004	0.04534	0.51599	0.01208	0.00606	0.00169	0.00253	0.01026	0.00509	0.00452
8	0.01070	0.13582	0.30691	0.01105	0.01537	0.01167	0.01157	0.04374	0.16831	0.01655	0.01587	0.20058	0.01489	0.00790	0.00511	0.00167	0.00540	0.00660	0.00351	0.00679
9	0.01094	0.00588	0.00703	0.00638	0.00750	0.00550	0.00423	0.01155	0.00963	0.19310	0.02113	0.03158	0.10315	0.53913	0.01897	0.00382	0.00457	0.00730	0.00405	0.00456
10	0.02772	0.01066	0.01342	0.03036	0.20517	0.01139	0.00960	0.16173	0.24362	0.03448	0.05081	0.02121	0.12841	0.00773	0.01930	0.00175	0.00481	0.00607	0.00437	0.00740

[dist]
# distance from previous block
# <min> <max>
4	19

[block]
# block no. 2 follows, 48 sequences, length 25
# corresponding to MSA columns:
# 88-112
name=unknown_C
#
# <colnr> <probs for GDERKNQSTAVLIFYWHMCP>
#	G	D	E	R	K	N	Q	S	T	A	V	L	I	F	Y	W	H	M	C	P
0	0.01475	0.10764	0.12124	0.01019	0.01398	0.08208	0.00932	0.19984	0.04260	0.11677	0.14767	0.01782	0.03470	0.00660	0.00495	0.00148	0.00523	0.00520	0.02780	0.03015
1	0.01665	0.36927	0.04353	0.03602	0.01476	0.17085	0.00922	0.07935	0.01322	0.16541	0.01150	0.01184	0.02724	0.00534	0.00425	0.00133	0.00607	0.00377	0.00340	0.00700
2	0.03842	0.02961	0.01114	0.09798	0.01412	0.03704	0.00767	0.22291	0.05632	0.09487	0.05909	0.02634	0.26664	0.00843	0.00537	0.00162	0.00450	0.00683	0.00462	0.00650
3	0.00840	0.05590	0.06183	0.02335	0.01246	0.00746	0.10835	0.01082	0.02849	0.01481	0.07397	0.37801	0.05226	0.01156	0.00605	0.00188	0.00446	0.10042	0.00412	0.03539
4	0.01029	0.02654	0.79309	0.01462	0.02221	0.01192	0.01896	0.01625	0.01083	0.01625	0.00921	0.01083	0.00650	0.00487	0.00487	0.00162	0.00758	0.00379	0.00217	0.00758
5	0.01774	0.02164	0.01416	0.01276	0.01510	0.64888	0.00971	0.04243	0.01388	0.01337	0.00843	0.01019	0.00709	0.00662	0.02792	0.00161	0.08641	0.00357	0.03256	0.00592
6	0.00625	0.00447	0.00595	0.00714	0.00744	0.00417	0.00476	0.00714	0.00982	0.01310	0.02828	0.81633	0.03394	0.01608	0.00655	0.00208	0.00298	0.01459	0.00476	0.00417
7	0.02302	0.00873	0.01191	0.00913	0.01310	0.00754	0.00754	0.02501	0.01469	0.79122	0.02024	0.01746	0.01270	0.00635	0.00516	0.00159	0.00437	0.00516	0.00635	0.00873
8	0.00891	0.00446	0.00668	0.00668	0.00668	0.00446	0.00446	0.00668	0.00668	0.00891	0.00891	0.01560	0.00891	0.01783	0.02005	0.85071	0.00446	0.00446	0.00223	0.00223
9	0.02302	0.00873	0.01191	0.00913	0.01310	0.00754	0.00754	0.02501	0.01469	0.79122	0.02024	0.01746	0.01270	0.00635	0.00516	0.00159	0.00437	0.00516	0.00635	0.00873
10	0.01749	0.01337	0.01427	0.01140	0.01515	0.01497	0.00927	0.54886	0.24909	0.02909	0.01487	0.01435	0.01080	0.00640	0.00516	0.00160	0.00517	0.00497	0.00516	0.00855
11	0.01503	0.00723	0.00954	0.00791	0.01051	0.00655	0.00629	0.04880	0.01500	0.37550	0.40069	0.02764	0.03032	0.00840	0.00560	0.00160	0.00345	0.00719	0.00595	0.00679
12	0.01211	0.01384	0.03028	0.02163	0.02682	0.01298	0.76903	0.01644	0.01211	0.01644	0.01038	0.01384	0.00779	0.00433	0.00606	0.00173	0.00865	0.00606	0.00260	0.00692
13	0.00620	0.00466	0.00576	0.00664	0.00731	0.00421	0.00454	0.00720	0.01031	0.01330	0.03446	0.61648	0.22980	0.01527	0.00642	0.00199	0.00288	0.01361	0.00476	0.00421
14	0.01234	0.01307	0.01555	0.01344	0.01381	0.12513	0.01104	0.01349	0.00879	0.01238	0.00690	0.01095	0.00672	0.00846	0.01513	0.00212	0.69840	0.00432	0.00230	0.00566
15	0.12778	0.00550	0.00517	0.00506	0.00653	0.00572	0.00386	0.01239	0.01048	0.01967	0.01540	0.01762	0.01209	0.00581	0.00353	0.00125	0.00261	0.00450	0.73014	0.00489
16	0.00733	0.00550	0.00825	0.00825	0.00916	0.00641	0.00641	0.00916	0.00825	0.01191	0.01374	0.02016	0.01283	0.03848	0.79934	0.00825	0.01374	0.00550	0.00275	0.00458
17	0.00964	0.00722	0.01074	0.45588	0.02248	0.00850	0.00958	0.01260	0.01048	0.01575	0.01246	0.01607	0.00960	0.00550	0.00445	0.00148	0.00489	0.00466	0.37272	0.00530
18	0.01463	0.01585	0.01895	0.02604	0.55747	0.24689	0.01401	0.01716	0.01254	0.01551	0.00914	0.01167	0.00767	0.00479	0.00494	0.00146	0.00704	0.00419	0.00257	0.00748
19	0.01527	0.01122	0.01224	0.01047	0.01371	0.01252	0.00830	0.14349	0.55209	0.13206	0.01945	0.01784	0.01416	0.00675	0.00520	0.00169	0.00435	0.00553	0.00537	0.00830
20	0.01712	0.01528	0.01653	0.01304	0.01678	0.15073	0.11543	0.41736	0.10714	0.02493	0.04484	0.01388	0.01070	0.00603	0.00522	0.00155	0.00637	0.00492	0.00438	0.00776
21	0.00845	0.00703	0.04250	0.00838	0.00987	0.00666	0.04484	0.01080	0.04480	0.04100	0.09966	0.04013	0.06378	0.20011	0.32767	0.00505	0.00827	0.02265	0.00354	0.00482
22	0.01656	0.01662	0.01553	0.01280	0.01599	0.30299	0.10089	0.28161	0.03198	0.02060	0.05136	0.08421	0.01222	0.00673	0.00523	0.00154	0.00691	0.00545	0.00390	0.00687
23	0.01139	0.10643	0.15735	0.01317	0.12185	0.06954	0.01057	0.01698	0.18763	0.01690	0.10833	0.04190	0.08741	0.00710	0.00531	0.00159	0.02026	0.00583	0.00369	0.00679
24	0.06170	0.03151	0.01630	0.12297	0.14362	0.07211	0.05959	0.25918	0.04348	0.04052	0.01078	0.01233	0.00817	0.00526	0.00486	0.00148	0.00598	0.00435	0.00362	0.09222

[dist]
# distance from previous block
# <min> <max>
4	15

[block]
# block no. 3 follows, 48 sequences, length 9
# corresponding to MSA columns:
# 128-136
name=unknown_D
#
# <colnr> <probs for GDERKNQSTAVLIFYWHMCP>
#	G	D	E	R	K	N	Q	S	T	A	V	L	I	F	Y	W	H	M	C	P
0	0.01457	0.02246	0.33884	0.01477	0.02001	0.25650	0.11869	0.12183	0.01400	0.01735	0.00940	0.01097	0.00702	0.00510	0.00500	0.00153	0.00798	0.00407	0.00278	0.00714
1	0.00832	0.00619	0.00770	0.00795	0.00915	0.00623	0.00606	0.05222	0.08924	0.01711	0.19965	0.30244	0.05758	0.03822	0.00694	0.00205	0.00353	0.16938	0.00497	0.00506
2	0.15313	0.00735	0.00750	0.00713	0.00915	0.00763	0.00544	0.03863	0.16084	0.01825	0.12413	0.14001	0.28132	0.01030	0.00544	0.00174	0.00325	0.00859	0.00470	0.00547
3	0.62331	0.01182	0.00894	0.00776	0.01105	0.11970	0.00623	0.01553	0.00980	0.02070	0.00753	0.00878	0.00599	0.00470	0.00346	0.00144	0.00468	0.00289	0.00308	0.12262
4	0.01334	0.12366	0.01807	0.23113	0.23853	0.01388	0.01233	0.16104	0.10409	0.01867	0.01100	0.01303	0.00857	0.00528	0.00487	0.00154	0.00589	0.00447	0.00324	0.00737
5	0.01276	0.01102	0.01160	0.01044	0.01334	0.01276	0.00812	0.02727	0.77840	0.02146	0.02088	0.01914	0.01566	0.00696	0.00522	0.00174	0.00406	0.00580	0.00522	0.00812
6	0.02044	0.01216	0.01394	0.01077	0.01476	0.01271	0.00887	0.46232	0.05878	0.30734	0.01563	0.01453	0.01052	0.00627	0.00515	0.00157	0.00510	0.00488	0.00558	0.00870
7	0.00625	0.00447	0.00595	0.00714	0.00744	0.00417	0.00476	0.00714	0.00982	0.01310	0.02828	0.81633	0.03394	0.01608	0.00655	0.00208	0.00298	0.01459	0.00476	0.00417
8	0.01584	0.37977	0.01966	0.01085	0.01431	0.34198	0.00916	0.01913	0.11826	0.01357	0.00936	0.01016	0.00785	0.00512	0.00411	0.00128	0.00685	0.00340	0.00280	0.00653

[dist]
# distance from previous block
# <min> <max>
0	4

[block]
# block no. 4 follows, 48 sequences, length 27
# corresponding to MSA columns:
# 141-167
name=unknown_E
#
# <colnr> <probs for GDERKNQSTAVLIFYWHMCP>
#	G	D	E	R	K	N	Q	S	T	A	V	L	I	F	Y	W	H	M	C	P
0	0.05516	0.00743	0.00925	0.00809	0.01068	0.00692	0.00630	0.01779	0.08308	0.37744	0.04391	0.21642	0.11641	0.00964	0.00555	0.00174	0.00371	0.00822	0.00549	0.00676
1	0.03971	0.01108	0.01500	0.01521	0.20229	0.02822	0.04575	0.06342	0.01152	0.01730	0.00913	0.01137	0.00761	0.00489	0.00595	0.00127	0.10684	0.00384	0.00293	0.39668
2	0.74897	0.01202	0.10689	0.00774	0.01148	0.01156	0.00725	0.01523	0.00900	0.02216	0.00741	0.00865	0.00568	0.00478	0.00339	0.00159	0.00443	0.00291	0.00305	0.00581
3	0.01252	0.28256	0.44800	0.01257	0.01850	0.11417	0.01454	0.01650	0.01117	0.01444	0.00838	0.00980	0.00654	0.00477	0.00433	0.00142	0.00712	0.00339	0.00224	0.00706
4	0.00888	0.00647	0.00763	0.00687	0.00865	0.00617	0.00528	0.10568	0.01500	0.03932	0.47491	0.03744	0.23707	0.01050	0.00592	0.00164	0.00292	0.00900	0.00537	0.00529
5	0.00630	0.00496	0.00561	0.00595	0.00710	0.00435	0.00422	0.00750	0.01114	0.01401	0.10662	0.29504	0.44209	0.05236	0.00718	0.00199	0.00282	0.01174	0.00476	0.00426
6	0.00799	0.00675	0.00924	0.00957	0.06578	0.00702	0.02212	0.00983	0.01186	0.01617	0.28774	0.13387	0.21267	0.01119	0.00772	0.00183	0.12451	0.04464	0.00448	0.00503
7	0.02111	0.01072	0.01301	0.01009	0.01402	0.01064	0.00830	0.26552	0.07557	0.48828	0.01774	0.01593	0.01164	0.00634	0.00516	0.00158	0.00476	0.00503	0.00587	0.00868
8	0.01276	0.01102	0.01160	0.01044	0.01334	0.01276	0.00812	0.02727	0.77840	0.02146	0.02088	0.01914	0.01566	0.00696	0.00522	0.00174	0.00406	0.00580	0.00522	0.00812
9	0.01244	0.05381	0.27176	0.02361	0.44847	0.03165	0.01605	0.05197	0.01201	0.01703	0.00948	0.01179	0.00752	0.00476	0.00492	0.00153	0.00661	0.00421	0.00253	0.00786
10	0.01064	0.00912	0.01064	0.00760	0.01216	0.00684	0.00608	0.01292	0.01064	0.01672	0.00912	0.01064	0.00760	0.00380	0.00380	0.00076	0.00380	0.00304	0.00304	0.85104
11	0.01270	0.01219	0.02083	0.03149	0.78767	0.01219	0.01575	0.01575	0.01168	0.01676	0.00965	0.01270	0.00813	0.00457	0.00508	0.00152	0.00610	0.00457	0.00254	0.00813
12	0.00606	0.00520	0.00520	0.00520	0.00693	0.00433	0.00390	0.00736	0.01170	0.01386	0.05198	0.04938	0.78558	0.01299	0.00606	0.00173	0.00260	0.01083	0.00476	0.00433
13	0.00625	0.00447	0.00595	0.00714	0.00744	0.00417	0.00476	0.00714	0.00982	0.01310	0.02828	0.81633	0.03394	0.01608	0.00655	0.00208	0.00298	0.01459	0.00476	0.00417
14	0.00746	0.00497	0.00560	0.00560	0.00560	0.00497	0.00311	0.00746	0.00746	0.00995	0.01617	0.03358	0.01865	0.81967	0.02612	0.00497	0.00497	0.00746	0.00311	0.00311
15	0.00956	0.00478	0.00478	0.00478	0.00598	0.00478	0.00359	0.01196	0.01076	0.01913	0.01674	0.01913	0.01315	0.00598	0.00359	0.00120	0.00239	0.00478	0.84816	0.00478
16	0.01372	0.82276	0.02689	0.00878	0.01317	0.02030	0.00878	0.01536	0.01043	0.01207	0.00713	0.00823	0.00658	0.00439	0.00329	0.00110	0.00549	0.00274	0.00219	0.00658
17	0.00644	0.00476	0.00673	0.00761	0.00806	0.00445	0.02918	0.00744	0.00990	0.01320	0.02771	0.79069	0.03310	0.01570	0.00653	0.00207	0.00316	0.01431	0.00469	0.00426
18	0.01078	0.01023	0.01735	0.52703	0.30715	0.01169	0.01479	0.01406	0.01077	0.01443	0.00931	0.01333	0.00731	0.00493	0.00511	0.00164	0.00657	0.00456	0.00237	0.00658
19	0.00625	0.00447	0.00595	0.00714	0.00744	0.00417	0.00476	0.00714	0.00982	0.01310	0.02828	0.81633	0.03394	0.01608	0.00655	0.00208	0.00298	0.01459	0.00476	0.00417
20	0.01515	0.01149	0.01841	0.01558	0.09432	0.01138	0.24060	0.21845	0.01538	0.15513	0.01529	0.13723	0.01294	0.00700	0.00563	0.00169	0.00597	0.00668	0.00426	0.00742
21	0.01152	0.01085	0.01104	0.02608	0.01291	0.10703	0.00668	0.01371	0.01133	0.01632	0.05042	0.01201	0.00964	0.00438	0.00405	0.00090	0.00448	0.00344	0.00311	0.68010
22	0.67346	0.01253	0.00912	0.00808	0.01122	0.13925	0.00650	0.05842	0.01054	0.02185	0.00756	0.00871	0.00591	0.00493	0.00352	0.00154	0.00492	0.00297	0.00320	0.00580
23	0.01040	0.05237	0.76823	0.01444	0.02191	0.01219	0.01863	0.01622	0.01082	0.01611	0.00914	0.01075	0.00650	0.00486	0.00482	0.00161	0.00752	0.00376	0.00217	0.00755
24	0.01658	0.01158	0.01279	0.01063	0.01406	0.01270	0.00856	0.26762	0.38185	0.15627	0.01817	0.01772	0.01329	0.00680	0.00523	0.00167	0.00465	0.02613	0.00537	0.00833
25	0.01210	0.01158	0.01974	0.18623	0.63762	0.01203	0.01545	0.01522	0.01140	0.01603	0.00955	0.01289	0.00787	0.00468	0.00509	0.00156	0.00624	0.00457	0.00249	0.00764
26	0.00979	0.00885	0.01356	0.01134	0.01408	0.00873	0.19233	0.04998	0.13815	0.01716	0.05348	0.03547	0.24545	0.00974	0.00610	0.00186	0.00491	0.16878	0.00435	0.00589

[dist]
# distance from previous block
# <min> <max>
0	21

[block]
# block no. 5 follows, 48 sequences, length 9
# corresponding to MSA columns:
# 189-197
name=unknown_F
#
# <colnr> <probs for GDERKNQSTAVLIFYWHMCP>
#	G	D	E	R	K	N	Q	S	T	A	V	L	I	F	Y	W	H	M	C	P
0	0.00737	0.00530	0.00725	0.00723	0.00784	0.00583	0.00518	0.00860	0.00832	0.01170	0.05649	0.02580	0.01678	0.30805	0.48791	0.00675	0.01009	0.00638	0.00303	0.00408
1	0.00724	0.00507	0.00655	0.00707	0.00749	0.00513	0.00493	0.00816	0.00895	0.01201	0.02094	0.25164	0.02375	0.34382	0.13805	0.00426	0.00575	0.13153	0.00377	0.00390
2	0.00741	0.00519	0.00669	0.00669	0.00707	0.00557	0.00448	0.00817	0.00779	0.01076	0.01516	0.02801	0.01624	0.49584	0.34665	0.00633	0.00861	0.00665	0.00296	0.00372
3	0.01368	0.01558	0.01503	0.47277	0.02713	0.34326	0.01242	0.01622	0.01206	0.01288	0.00862	0.01181	0.00674	0.00520	0.00492	0.00155	0.00786	0.00403	0.00243	0.00580
4	0.01029	0.02654	0.79309	0.01462	0.02221	0.01192	0.01896	0.01625	0.01083	0.01625	0.00921	0.01083	0.00650	0.00487	0.00487	0.00162	0.00758	0.00379	0.00217	0.00758
5	0.01049	0.00895	0.01177	0.01005	0.01223	0.00950	0.11151	0.04627	0.31538	0.01679	0.02058	0.07641	0.07454	0.23916	0.01144	0.00267	0.00484	0.00722	0.00419	0.00601
6	0.00673	0.00502	0.00626	0.00638	0.00745	0.00455	0.00462	0.00850	0.01264	0.01712	0.42432	0.25445	0.19798	0.01255	0.00619	0.00177	0.00261	0.01106	0.00522	0.00455
7	0.01210	0.00998	0.01142	0.00829	0.01278	0.00833	0.00668	0.13729	0.01285	0.01928	0.00965	0.01092	0.00778	0.00419	0.00402	0.00089	0.00410	0.00330	0.00338	0.71277
8	0.00925	0.00734	0.01098	0.34474	0.02029	0.00811	0.00947	0.01219	0.04621	0.05023	0.06390	0.24171	0.01989	0.00950	0.00573	0.00183	0.00491	0.08559	0.00378	0.04437

[dist]
# distance from previous block
# <min> <max>
0	1

[block]
# block no. 6 follows, 48 sequences, length 43
# corresponding to MSA columns:
# 199-241
name=unknown_G
#
# <colnr> <probs for GDERKNQSTAVLIFYWHMCP>
#	G	D	E	R	K	N	Q	S	T	A	V	L	I	F	Y	W	H	M	C	P
0	0.46364	0.01009	0.00906	0.00802	0.01100	0.01156	0.00644	0.07660	0.23416	0.02291	0.01248	0.01284	0.00948	0.00563	0.00396	0.00159	0.00397	0.00400	0.08612	0.00647
1	0.01064	0.00912	0.01064	0.00760	0.01216	0.00684	0.00608	0.01292	0.01064	0.01672	0.00912	0.01064	0.00760	0.00380	0.00380	0.00076	0.00380	0.00304	0.00304	0.85104
2	0.01064	0.00912	0.01064	0.00760	0.01216	0.00684	0.00608	0.01292	0.01064	0.01672	0.00912	0.01064	0.00760	0.00380	0.00380	0.00076	0.00380	0.00304	0.00304	0.85104
3	0.01276	0.01102	0.01160	0.01044	0.01334	0.01276	0.00812	0.02727	0.77840	0.02146	0.02088	0.01914	0.01566	0.00696	0.00522	0.00174	0.00406	0.00580	0.00522	0.00812
4	0.00734	0.00546	0.00804	0.00804	0.00889	0.00630	0.00616	0.00903	0.00819	0.01176	0.01393	0.02119	0.01328	0.09875	0.73969	0.00799	0.01307	0.00565	0.00278	0.00447
5	0.01020	0.00964	0.01631	0.67632	0.16239	0.01153	0.01450	0.01356	0.01050	0.01373	0.00921	0.01351	0.00706	0.00504	0.00512	0.00168	0.00671	0.00456	0.00232	0.00611
6	0.85592	0.00992	0.00754	0.00675	0.00992	0.01151	0.00556	0.01508	0.00873	0.02302	0.00714	0.00834	0.00556	0.00476	0.00318	0.00159	0.00397	0.00278	0.00318	0.00556
7	0.00933	0.00878	0.01168	0.01023	0.01114	0.01085	0.02503	0.01142	0.04911	0.01437	0.11760	0.02613	0.23831	0.01013	0.01154	0.00198	0.41650	0.00703	0.00356	0.00530
8	0.01367	0.43248	0.02049	0.17949	0.01806	0.12566	0.01000	0.01572	0.01129	0.05227	0.00990	0.01389	0.00875	0.00554	0.00426	0.00138	0.00619	0.06200	0.00269	0.00627
9	0.00641	0.00521	0.00568	0.00556	0.00714	0.00448	0.00417	0.00804	0.01252	0.01582	0.26534	0.04616	0.57100	0.01227	0.00606	0.00170	0.00255	0.01038	0.00502	0.00448
10	0.01174	0.01121	0.01910	0.27843	0.54822	0.01194	0.01527	0.01491	0.01123	0.01560	0.00948	0.01301	0.00772	0.00475	0.00510	0.00158	0.00633	0.00457	0.00246	0.00735
11	0.00733	0.00550	0.00825	0.00825	0.00916	0.00641	0.00641	0.00916	0.00825	0.01191	0.01374	0.02016	0.01283	0.03848	0.79934	0.00825	0.01374	0.00550	0.00275	0.00458
12	0.00740	0.00522	0.00683	0.00683	0.00726	0.00564	0.00465	0.00825	0.00783	0.01086	0.01504	0.02733	0.01594	0.45603	0.38605	0.00650	0.00906	0.00655	0.00294	0.00379
13	0.00733	0.00550	0.00825	0.00825	0.00916	0.00641	0.00641	0.00916	0.00825	0.01191	0.01374	0.02016	0.01283	0.03848	0.79934	0.00825	0.01374	0.00550	0.00275	0.00458
14	0.01234	0.01182	0.02018	0.12436	0.69761	0.01210	0.01557	0.01543	0.01151	0.01633	0.00959	0.01282	0.00797	0.00464	0.00509	0.00155	0.00618	0.00457	0.00251	0.00784
15	0.00624	0.00511	0.00550	0.00560	0.00709	0.00437	0.00412	0.00762	0.01181	0.01459	0.13951	0.14526	0.59923	0.01308	0.00612	0.00176	0.00262	0.01111	0.00487	0.00437
16	0.01308	0.01118	0.01178	0.01051	0.01346	0.01291	0.00820	0.06174	0.74341	0.02197	0.02049	0.01883	0.01534	0.00692	0.00522	0.00173	0.00413	0.00575	0.00522	0.00815
17	0.00642	0.00521	0.00569	0.00557	0.00715	0.00448	0.00418	0.00806	0.01254	0.01587	0.27093	0.04608	0.56538	0.01225	0.00606	0.00170	0.00255	0.01037	0.00503	0.00448
18	0.02302	0.00873	0.01191	0.00913	0.01310	0.00754	0.00754	0.02501	0.01469	0.79122	0.02024	0.01746	0.01270	0.00635	0.00516	0.00159	0.00437	0.00516	0.00635	0.00873
19	0.01276	0.01102	0.01160	0.01044	0.01334	0.01276	0.00812	0.02727	0.77840	0.02146	0.02088	0.01914	0.01566	0.00696	0.00522	0.00174	0.00406	0.00580	0.00522	0.00812
20	0.01211	0.01384	0.03028	0.02163	0.02682	0.01298	0.76903	0.01644	0.01211	0.01644	0.01038	0.01384	0.00779	0.00433	0.00606	0.00173	0.00865	0.00606	0.00260	0.00692
21	0.00969	0.00912	0.01539	0.80734	0.03534	0.01140	0.01425	0.01311	0.01026	0.01311	0.00912	0.01368	0.00684	0.00513	0.00513	0.00171	0.00684	0.00456	0.00228	0.00570
22	0.00700	0.00504	0.00662	0.00664	0.00761	0.00466	0.00482	0.00901	0.01328	0.01860	0.58535	0.24356	0.04460	0.01196	0.00618	0.00174	0.00257	0.01068	0.00541	0.00466
23	0.40522	0.01114	0.01464	0.01997	0.42562	0.01187	0.01100	0.01544	0.01031	0.01968	0.00848	0.01067	0.00693	0.00466	0.00419	0.00155	0.00511	0.00374	0.00284	0.00693
24	0.01884	0.01390	0.01487	0.01152	0.01547	0.01540	0.00948	0.70781	0.06351	0.03135	0.01291	0.01289	0.00923	0.00620	0.00509	0.00154	0.00546	0.00469	0.03129	0.00857
25	0.01251	0.01172	0.01735	0.16078	0.43117	0.03130	0.01335	0.03596	0.19841	0.01753	0.01231	0.01435	0.00971	0.00531	0.00511	0.00160	0.00580	0.00484	0.00321	0.00766
26	0.00726	0.00524	0.00686	0.00646	0.00767	0.00484	0.00484	0.00968	0.01452	0.02058	0.78496	0.03833	0.04841	0.01049	0.00605	0.00161	0.00242	0.00928	0.00565	0.00484
27	0.01211	0.01384	0.03028	0.02163	0.02682	0.01298	0.76903	0.01644	0.01211	0.01644	0.01038	0.01384	0.00779	0.00433	0.00606	0.00173	0.00865	0.00606	0.00260	0.00692
28	0.01503	0.00895	0.01067	0.00946	0.01223	0.00927	0.00746	0.02246	0.35370	0.28309	0.02216	0.13308	0.01822	0.00855	0.00552	0.00178	0.00406	0.06125	0.00551	0.00753
29	0.00625	0.00447	0.00595	0.00714	0.00744	0.00417	0.00476	0.00714	0.00982	0.01310	0.02828	0.81633	0.03394	0.01608	0.00655	0.00208	0.00298	0.01459	0.00476	0.00417
30	0.01548	0.01401	0.01531	0.05312	0.01678	0.17981	0.10309	0.07640	0.25637	0.11593	0.01453	0.01546	0.01098	0.00634	0.00612	0.00166	0.06907	0.01819	0.00409	0.00725
31	0.00691	0.00521	0.00639	0.00613	0.00746	0.00469	0.00458	0.00900	0.01365	0.01858	0.56890	0.05881	0.24828	0.01130	0.00607	0.00166	0.00248	0.00982	0.00539	0.00469
32	0.01064	0.00912	0.01064	0.00760	0.01216	0.00684	0.00608	0.01292	0.01064	0.01672	0.00912	0.01064	0.00760	0.00380	0.00380	0.00076	0.00380	0.00304	0.00304	0.85104
33	0.00613	0.00516	0.00524	0.00528	0.00689	0.00436	0.00389	0.00736	0.01144	0.01366	0.04960	0.07244	0.72699	0.05019	0.00700	0.00189	0.00272	0.01079	0.00469	0.00427
34	0.00969	0.00912	0.01539	0.80734	0.03534	0.01140	0.01425	0.01311	0.01026	0.01311	0.00912	0.01368	0.00684	0.00513	0.00513	0.00171	0.00684	0.00456	0.00228	0.00570
35	0.00726	0.00524	0.00686	0.00646	0.00767	0.00484	0.00484	0.00968	0.01452	0.02058	0.78496	0.03833	0.04841	0.01049	0.00605	0.00161	0.00242	0.00928	0.00565	0.00484
36	0.00625	0.00447	0.00595	0.00714	0.00744	0.00417	0.00476	0.00714	0.00982	0.01310	0.02828	0.81633	0.03394	0.01608	0.00655	0.00208	0.00298	0.01459	0.00476	0.00417
37	0.01064	0.00912	0.01064	0.00760	0.01216	0.00684	0.00608	0.01292	0.01064	0.01672	0.00912	0.01064	0.00760	0.00380	0.00380	0.00076	0.00380	0.00304	0.00304	0.85104
38	0.00625	0.00493	0.00567	0.00622	0.00733	0.00434	0.00448	0.00744	0.01093	0.01362	0.04089	0.36780	0.43547	0.01433	0.00632	0.00191	0.00286	0.05017	0.00476	0.00428
39	0.01010	0.00854	0.01006	0.00754	0.01158	0.00651	0.00592	0.01221	0.01054	0.01627	0.01149	0.11016	0.01085	0.00532	0.00414	0.00092	0.00370	0.00447	0.00325	0.74643
40	0.00751	0.00633	0.00844	0.00783	0.00963	0.00567	0.06376	0.00969	0.04992	0.01460	0.04618	0.34934	0.27719	0.01212	0.00595	0.00176	0.00343	0.01076	0.00443	0.10544
41	0.00733	0.00703	0.04302	0.00624	0.00881	0.00526	0.00513	0.00914	0.01165	0.01509	0.09681	0.03850	0.52756	0.01047	0.00553	0.00151	0.00307	0.00873	0.00434	0.18479
42	0.01660	0.01367	0.11239	0.01282	0.01714	0.07198	0.17124	0.12438	0.01481	0.28137	0.05848	0.01729	0.05116	0.00619	0.00537	0.00160	0.00604	0.00548	0.00445	0.00755

[dist]
# distance from previous block
# <min> <max>
9	11

[block]
# block no. 7 follows, 48 sequences, length 16
# corresponding to MSA columns:
# 253-268
name=unknown_H
#
# <colnr> <probs for GDERKNQSTAVLIFYWHMCP>
#	G	D	E	R	K	N	Q	S	T	A	V	L	I	F	Y	W	H	M	C	P
0	0.00966	0.02256	0.64805	0.01317	0.01951	0.01057	0.01635	0.01487	0.01119	0.01654	0.10076	0.06885	0.01324	0.00629	0.00513	0.00165	0.00667	0.00516	0.00275	0.00703
1	0.01463	0.01195	0.01265	0.01082	0.01405	0.01364	0.00857	0.23324	0.56938	0.02448	0.01851	0.01725	0.01374	0.00674	0.00520	0.00168	0.00450	0.00547	0.00520	0.00829
2	0.01917	0.02445	0.01454	0.01322	0.01586	0.79907	0.00991	0.02049	0.01454	0.01256	0.00793	0.00925	0.00661	0.00529	0.00463	0.00132	0.00925	0.00330	0.00264	0.00595
3	0.01120	0.23849	0.58913	0.01307	0.01980	0.01415	0.01625	0.01601	0.01072	0.01514	0.00866	0.01014	0.00652	0.00475	0.00445	0.00148	0.00703	0.00351	0.00217	0.00732
4	0.01124	0.24719	0.58076	0.01300	0.01970	0.01424	0.01614	0.01600	0.01072	0.01509	0.00863	0.01011	0.00652	0.00474	0.00444	0.00148	0.00700	0.00350	0.00217	0.00731
5	0.00625	0.00447	0.00595	0.00714	0.00744	0.00417	0.00476	0.00714	0.00982	0.01310	0.02828	0.81633	0.03394	0.01608	0.00655	0.00208	0.00298	0.01459	0.00476	0.00417
6	0.02119	0.00947	0.01210	0.00951	0.01333	0.00892	0.00778	0.07609	0.13372	0.62025	0.01980	0.01737	0.01289	0.00643	0.00517	0.00161	0.00441	0.00522	0.00609	0.00864
7	0.01064	0.00912	0.01064	0.00760	0.01216	0.00684	0.00608	0.01292	0.01064	0.01672	0.00912	0.01064	0.00760	0.00380	0.00380	0.00076	0.00380	0.00304	0.00304	0.85104
8	0.01454	0.01474	0.01242	0.01121	0.01404	0.23066	0.00862	0.02539	0.56672	0.01900	0.01729	0.01640	0.01315	0.00650	0.00506	0.00162	0.00550	0.00511	0.00451	0.00752
9	0.01917	0.02445	0.01454	0.01322	0.01586	0.79907	0.00991	0.02049	0.01454	0.01256	0.00793	0.00925	0.00661	0.00529	0.00463	0.00132	0.00925	0.00330	0.00264	0.00595
10	0.01064	0.00912	0.01064	0.00760	0.01216	0.00684	0.00608	0.01292	0.01064	0.01672	0.00912	0.01064	0.00760	0.00380	0.00380	0.00076	0.00380	0.00304	0.00304	0.85104
11	0.00746	0.00497	0.00560	0.00560	0.00560	0.00497	0.00311	0.00746	0.00746	0.00995	0.01617	0.03358	0.01865	0.81967	0.02612	0.00497	0.00497	0.00746	0.00311	0.00311
12	0.00629	0.00455	0.00596	0.00699	0.00742	0.00421	0.00472	0.00729	0.01018	0.01353	0.06869	0.73054	0.07946	0.01560	0.00649	0.00204	0.00293	0.01409	0.00481	0.00421
13	0.01055	0.08573	0.73613	0.01419	0.02154	0.01254	0.01820	0.01618	0.01080	0.01594	0.00905	0.01064	0.00651	0.00484	0.00476	0.00159	0.00743	0.00371	0.00217	0.00751
14	0.01389	0.01441	0.01935	0.02739	0.61827	0.15731	0.01440	0.01702	0.03902	0.01615	0.00973	0.01229	0.00811	0.00479	0.00500	0.00149	0.00661	0.00438	0.00265	0.00773
15	0.01139	0.16013	0.01924	0.41256	0.27128	0.01329	0.01372	0.01437	0.01074	0.01408	0.00892	0.01236	0.00720	0.00482	0.00478	0.00154	0.00635	0.00423	0.00235	0.00664

[dist]
# distance from previous block
# <min> <max>
0	2

[block]
# block no. 8 follows, 48 sequences, length 57
# corresponding to MSA columns:
# 271-327
name=unknown_I
#
# <colnr> <probs for GDERKNQSTAVLIFYWHMCP>
#	G	D	E	R	K	N	Q	S	T	A	V	L	I	F	Y	W	H	M	C	P
0	0.01095	0.01804	0.42845	0.01154	0.01711	0.00974	0.01309	0.01555	0.03521	0.06867	0.10398	0.01482	0.01252	0.00557	0.00508	0.00144	0.02409	0.00446	0.00316	0.19652
1	0.00779	0.00701	0.03156	0.00646	0.00909	0.00541	0.00520	0.00976	0.01198	0.01622	0.19718	0.03451	0.37506	0.00952	0.00537	0.00142	0.00306	0.00801	0.00437	0.25101
2	0.01921	0.01423	0.01523	0.01175	0.01580	0.01578	0.00968	0.73841	0.05675	0.03187	0.01269	0.01261	0.00903	0.00619	0.00514	0.00155	0.00558	0.00467	0.00514	0.00870
3	0.01068	0.01950	0.44981	0.19615	0.19248	0.01186	0.01720	0.01544	0.01089	0.01566	0.00929	0.01188	0.00693	0.00487	0.00498	0.00162	0.00709	0.00413	0.00227	0.00728
4	0.00627	0.00477	0.00577	0.00644	0.00729	0.00428	0.00448	0.00742	0.01082	0.01394	0.09574	0.49952	0.28554	0.01461	0.00635	0.00193	0.00281	0.01292	0.00483	0.00428
5	0.01029	0.02654	0.79309	0.01462	0.02221	0.01192	0.01896	0.01625	0.01083	0.01625	0.00921	0.01083	0.00650	0.00487	0.00487	0.00162	0.00758	0.00379	0.00217	0.00758
6	0.00694	0.00573	0.00657	0.00648	0.00807	0.00558	0.00495	0.00939	0.06868	0.01387	0.03850	0.03859	0.50241	0.01996	0.23691	0.00363	0.00595	0.00890	0.00421	0.00469
7	0.02106	0.01187	0.01385	0.01062	0.01467	0.01220	0.00877	0.44033	0.01994	0.36847	0.01583	0.01460	0.01049	0.00624	0.00514	0.00156	0.00508	0.00486	0.00567	0.00873
8	0.00773	0.00446	0.00636	0.00689	0.00702	0.00433	0.00459	0.00689	0.00807	0.01077	0.01749	0.37026	0.02000	0.01705	0.01407	0.47483	0.00380	0.00894	0.00335	0.00309
9	0.01111	0.01308	0.10966	0.01361	0.01453	0.01526	0.01216	0.01282	0.00822	0.01282	0.00703	0.01118	0.00671	0.00848	0.01539	0.00217	0.71327	0.00441	0.00224	0.00585
10	0.01105	0.01116	0.01340	0.01192	0.01251	0.10768	0.00967	0.01240	0.00878	0.01225	0.00892	0.01359	0.00849	0.01712	0.24314	0.00388	0.48161	0.00464	0.00244	0.00535
11	0.00625	0.00447	0.00595	0.00714	0.00744	0.00417	0.00476	0.00714	0.00982	0.01310	0.02828	0.81633	0.03394	0.01608	0.00655	0.00208	0.00298	0.01459	0.00476	0.00417
12	0.01190	0.01186	0.02167	0.20339	0.45257	0.01219	0.18007	0.01531	0.01146	0.01587	0.00969	0.01317	0.00776	0.00464	0.00530	0.00161	0.00682	0.00489	0.00249	0.00732
13	0.20600	0.01970	0.01246	0.01146	0.01411	0.55830	0.00880	0.01848	0.01302	0.01513	0.00931	0.01298	0.00823	0.00589	0.00450	0.00147	0.00770	0.06378	0.00293	0.00576
14	0.00701	0.00523	0.00646	0.00615	0.00744	0.00473	0.00458	0.00911	0.01368	0.01877	0.60018	0.04059	0.20860	0.03688	0.00670	0.00175	0.00254	0.00956	0.00537	0.00467
15	0.01247	0.01077	0.01132	0.01021	0.01306	0.01239	0.00794	0.02640	0.74490	0.02113	0.02224	0.02046	0.04930	0.00722	0.00526	0.00174	0.00400	0.00602	0.00520	0.00796
16	0.02302	0.00873	0.01191	0.00913	0.01310	0.00754	0.00754	0.02501	0.01469	0.79122	0.02024	0.01746	0.01270	0.00635	0.00516	0.00159	0.00437	0.00516	0.00635	0.00873
17	0.00969	0.00912	0.01539	0.80734	0.03534	0.01140	0.01425	0.01311	0.01026	0.01311	0.00912	0.01368	0.00684	0.00513	0.00513	0.00171	0.00684	0.00456	0.00228	0.00570
18	0.00969	0.00912	0.01539	0.80734	0.03534	0.01140	0.01425	0.01311	0.01026	0.01311	0.00912	0.01368	0.00684	0.00513	0.00513	0.00171	0.00684	0.00456	0.00228	0.00570
19	0.01712	0.00890	0.01345	0.36268	0.02295	0.00925	0.01051	0.01974	0.01273	0.44657	0.01532	0.01579	0.01011	0.00581	0.00515	0.00164	0.00546	0.00489	0.00455	0.00739
20	0.01064	0.00912	0.01064	0.00760	0.01216	0.00684	0.00608	0.01292	0.01064	0.01672	0.00912	0.01064	0.00760	0.00380	0.00380	0.00076	0.00380	0.00304	0.00304	0.85104
21	0.01556	0.01762	0.01804	0.02340	0.44581	0.36073	0.01316	0.01785	0.01295	0.01490	0.00889	0.01117	0.00746	0.00489	0.00488	0.00143	0.00749	0.00401	0.00259	0.00716
22	0.00745	0.00502	0.00581	0.00581	0.00588	0.00509	0.00337	0.00760	0.00752	0.01010	0.01598	0.03252	0.01819	0.75805	0.08712	0.00523	0.00567	0.00731	0.00308	0.00323
23	0.00736	0.00538	0.00765	0.00765	0.00836	0.00609	0.00567	0.00878	0.00807	0.01147	0.01429	0.02317	0.01413	0.21374	0.62587	0.00751	0.01178	0.00594	0.00283	0.00425
24	0.00869	0.00747	0.01177	0.45329	0.02370	0.00865	0.01081	0.01146	0.01097	0.01425	0.07945	0.10546	0.04913	0.00898	0.00582	0.00189	0.00546	0.17411	0.00344	0.00521
25	0.00606	0.00520	0.00520	0.00520	0.00693	0.00433	0.00390	0.00736	0.01170	0.01386	0.05198	0.04938	0.78558	0.01299	0.00606	0.00173	0.00260	0.01083	0.00476	0.00433
26	0.01847	0.01592	0.01468	0.01189	0.01553	0.17329	0.00955	0.51261	0.13056	0.02679	0.01267	0.01268	0.00930	0.00610	0.00504	0.00152	0.00615	0.00452	0.00464	0.00808
27	0.01917	0.02445	0.01454	0.01322	0.01586	0.79907	0.00991	0.02049	0.01454	0.01256	0.00793	0.00925	0.00661	0.00529	0.00463	0.00132	0.00925	0.00330	0.00264	0.00595
28	0.01246	0.01195	0.02040	0.09256	0.72845	0.01213	0.01563	0.01554	0.01157	0.01648	0.00961	0.01278	0.00803	0.00462	0.00508	0.00154	0.00615	0.00457	0.00252	0.00794
29	0.00957	0.00815	0.01345	0.59857	0.02811	0.01000	0.01194	0.01164	0.00937	0.01214	0.00899	0.01402	0.00730	0.00812	0.00891	0.19220	0.03581	0.00453	0.00227	0.00492
30	0.85592	0.00992	0.00754	0.00675	0.00992	0.01151	0.00556	0.01508	0.00873	0.02302	0.00714	0.00834	0.00556	0.00476	0.00318	0.00159	0.00397	0.00278	0.00318	0.00556
31	0.00954	0.00790	0.01171	0.07920	0.26733	0.00817	0.00846	0.01133	0.03301	0.01288	0.01350	0.02415	0.01392	0.43201	0.04328	0.00358	0.00577	0.00615	0.00291	0.00519
32	0.00721	0.00524	0.00679	0.00640	0.00763	0.00482	0.00480	0.00959	0.01441	0.02029	0.75407	0.03879	0.07948	0.01060	0.00605	0.00162	0.00243	0.00934	0.00561	0.00482
33	0.82932	0.00988	0.00768	0.00682	0.01002	0.01138	0.00562	0.01540	0.00892	0.04756	0.00756	0.00863	0.00579	0.00481	0.00324	0.00159	0.00398	0.00285	0.00328	0.00566
34	0.00969	0.00912	0.01539	0.80734	0.03534	0.01140	0.01425	0.01311	0.01026	0.01311	0.00912	0.01368	0.00684	0.00513	0.00513	0.00171	0.00684	0.00456	0.00228	0.00570
35	0.00746	0.00497	0.00560	0.00560	0.00560	0.00497	0.00311	0.00746	0.00746	0.00995	0.01617	0.03358	0.01865	0.81967	0.02612	0.00497	0.00497	0.00746	0.00311	0.00311
36	0.00956	0.00478	0.00478	0.00478	0.00598	0.00478	0.00359	0.01196	0.01076	0.01913	0.01674	0.01913	0.01315	0.00598	0.00359	0.00120	0.00239	0.00478	0.84816	0.00478
37	0.00625	0.00447	0.00595	0.00714	0.00744	0.00417	0.00476	0.00714	0.00982	0.01310	0.02828	0.81633	0.03394	0.01608	0.00655	0.00208	0.00298	0.01459	0.00476	0.00417
38	0.00746	0.00497	0.00560	0.00560	0.00560	0.00497	0.00311	0.00746	0.00746	0.00995	0.01617	0.03358	0.01865	0.81967	0.02612	0.00497	0.00497	0.00746	0.00311	0.00311
39	0.01270	0.01219	0.02083	0.03149	0.78767	0.01219	0.01575	0.01575	0.01168	0.01676	0.00965	0.01270	0.00813	0.00457	0.00508	0.00152	0.00610	0.00457	0.00254	0.00813
40	0.01321	0.01041	0.01242	0.00908	0.01353	0.00906	0.03342	0.17859	0.01382	0.05691	0.01039	0.01144	0.00809	0.00445	0.00423	0.00100	0.00440	0.00359	0.00364	0.59832
41	0.02058	0.00958	0.01194	0.00928	0.01302	0.00906	0.00763	0.18770	0.01641	0.54108	0.02047	0.01853	0.06343	0.00674	0.00515	0.00157	0.00445	0.00540	0.03969	0.00828
42	0.00733	0.00550	0.00825	0.00825	0.00916	0.00641	0.00641	0.00916	0.00825	0.01191	0.01374	0.02016	0.01283	0.03848	0.79934	0.00825	0.01374	0.00550	0.00275	0.00458
43	0.01270	0.01219	0.02083	0.03149	0.78767	0.01219	0.01575	0.01575	0.01168	0.01676	0.00965	0.01270	0.00813	0.00457	0.00508	0.00152	0.00610	0.00457	0.00254	0.00813
44	0.00623	0.00454	0.00588	0.00696	0.00739	0.00418	0.00468	0.00717	0.01000	0.01317	0.03057	0.74236	0.10643	0.01578	0.00650	0.00205	0.00294	0.01422	0.00476	0.00418
45	0.85592	0.00992	0.00754	0.00675	0.00992	0.01151	0.00556	0.01508	0.00873	0.02302	0.00714	0.00834	0.00556	0.00476	0.00318	0.00159	0.00397	0.00278	0.00318	0.00556
46	0.01029	0.02654	0.79309	0.01462	0.02221	0.01192	0.01896	0.01625	0.01083	0.01625	0.00921	0.01083	0.00650	0.00487	0.00487	0.00162	0.00758	0.00379	0.00217	0.00758
47	0.01372	0.82276	0.02689	0.00878	0.01317	0.02030	0.00878	0.01536	0.01043	0.01207	0.00713	0.00823	0.00658	0.00439	0.00329	0.00110	0.00549	0.00274	0.00219	0.00658
48	0.00606	0.00520	0.00520	0.00520	0.00693	0.00433	0.00390	0.00736	0.01170	0.01386	0.05198	0.04938	0.78558	0.01299	0.00606	0.00173	0.00260	0.01083	0.00476	0.00433
49	0.00726	0.00524	0.00686	0.00646	0.00767	0.00484	0.00484	0.00968	0.01452	0.02058	0.78496	0.03833	0.04841	0.01049	0.00605	0.00161	0.00242	0.00928	0.00565	0.00484
50	0.65445	0.00963	0.00860	0.00732	0.01069	0.01055	0.00604	0.01748	0.01017	0.20884	0.01031	0.01054	0.00729	0.00515	0.00366	0.00159	0.00407	0.00335	0.00394	0.00632
51	0.01652	0.01289	0.01372	0.01120	0.01477	0.01452	0.00903	0.44133	0.35822	0.02752	0.01611	0.01534	0.01180	0.00651	0.00517	0.00163	0.00494	0.00514	0.00517	0.00846
52	0.00621	0.00463	0.00578	0.00671	0.00733	0.00420	0.00457	0.00719	0.01024	0.01327	0.03360	0.64427	0.20256	0.01538	0.00644	0.00201	0.00289	0.01374	0.00476	0.00420
53	0.01372	0.82276	0.02689	0.00878	0.01317	0.02030	0.00878	0.01536	0.01043	0.01207	0.00713	0.00823	0.00658	0.00439	0.00329	0.00110	0.00549	0.00274	0.00219	0.00658
54	0.00746	0.00497	0.00560	0.00560	0.00560	0.00497	0.00311	0.00746	0.00746	0.00995	0.01617	0.03358	0.01865	0.81967	0.02612	0.00497	0.00497	0.00746	0.00311	0.00311
55	0.13829	0.11852	0.01496	0.01017	0.01407	0.01434	0.00857	0.39425	0.07384	0.14470	0.01275	0.01251	0.00911	0.00582	0.00462	0.00151	0.00507	0.00428	0.00466	0.00795
56	0.04067	0.02964	0.01167	0.00955	0.01211	0.22420	0.09240	0.02849	0.01210	0.01700	0.01226	0.01428	0.00974	0.00532	0.00418	0.00126	0.00529	0.00424	0.37723	0.08836

[dist]
# distance from previous block
# <min> <max>
0	4

[block]
# block no. 9 follows, 48 sequences, length 24
# corresponding to MSA columns:
# 332-355
name=unknown_J
#
# <colnr> <probs for GDERKNQSTAVLIFYWHMCP>
#	G	D	E	R	K	N	Q	S	T	A	V	L	I	F	Y	W	H	M	C	P
0	0.28052	0.00760	0.00866	0.16403	0.01376	0.00853	0.03352	0.01334	0.01006	0.01909	0.01194	0.01441	0.00929	0.00536	0.00385	0.00144	0.00399	0.00414	0.38116	0.00529
1	0.01315	0.01303	0.04059	0.01766	0.18969	0.04684	0.15971	0.05729	0.36496	0.01940	0.01500	0.01566	0.01144	0.00574	0.00531	0.00166	0.00582	0.00535	0.00390	0.00781
2	0.00711	0.00524	0.00664	0.00629	0.00757	0.00477	0.00472	0.00938	0.01416	0.01970	0.68927	0.03977	0.14465	0.01082	0.00605	0.00163	0.00244	0.00948	0.00553	0.00477
3	0.01059	0.01003	0.01701	0.57645	0.25923	0.01164	0.01470	0.01389	0.01068	0.01420	0.00928	0.01339	0.00722	0.00496	0.00512	0.00165	0.00662	0.00456	0.00236	0.00642
4	0.00998	0.00518	0.00522	0.00507	0.00639	0.00525	0.00384	0.04352	0.01132	0.01968	0.01655	0.01885	0.01297	0.00599	0.00365	0.00121	0.00253	0.00478	0.81308	0.00495
5	0.00823	0.00542	0.00697	0.00647	0.00786	0.00497	0.00489	0.01057	0.01421	0.06465	0.66801	0.03668	0.07900	0.01014	0.00588	0.00160	0.00254	0.00889	0.04798	0.00504
6	0.01211	0.01384	0.03028	0.02163	0.02682	0.01298	0.76903	0.01644	0.01211	0.01644	0.01038	0.01384	0.00779	0.00433	0.00606	0.00173	0.00865	0.00606	0.00260	0.00692
7	0.00695	0.00478	0.00580	0.00628	0.00646	0.00464	0.00387	0.00743	0.00877	0.01175	0.05707	0.35712	0.02636	0.44996	0.01710	0.00362	0.00403	0.01049	0.00391	0.00363
8	0.01951	0.01437	0.01540	0.01181	0.01591	0.01591	0.00975	0.77056	0.02412	0.03234	0.01232	0.01232	0.00873	0.00616	0.00513	0.00154	0.00565	0.00462	0.00513	0.00873
9	0.00726	0.00524	0.00686	0.00646	0.00767	0.00484	0.00484	0.00968	0.01452	0.02058	0.78496	0.03833	0.04841	0.01049	0.00605	0.00161	0.00242	0.00928	0.00565	0.00484
10	0.01273	0.01165	0.01659	0.02182	0.43167	0.01245	0.01224	0.02104	0.36418	0.01892	0.01482	0.01566	0.01159	0.00567	0.00514	0.00162	0.00516	0.00514	0.00377	0.00812
11	0.00625	0.00447	0.00595	0.00714	0.00744	0.00417	0.00476	0.00714	0.00982	0.01310	0.02828	0.81633	0.03394	0.01608	0.00655	0.00208	0.00298	0.01459	0.00476	0.00417
12	0.01211	0.01384	0.03028	0.02163	0.02682	0.01298	0.76903	0.01644	0.01211	0.01644	0.01038	0.01384	0.00779	0.00433	0.00606	0.00173	0.00865	0.00606	0.00260	0.00692
13	0.01146	0.00870	0.01370	0.01073	0.01351	0.00855	0.22575	0.10807	0.01294	0.03548	0.01736	0.04481	0.06783	0.00637	0.00480	0.00147	0.00468	0.00590	0.39197	0.00592
14	0.01127	0.01968	0.38098	0.01841	0.02470	0.01249	0.42418	0.01635	0.01152	0.01635	0.00984	0.01246	0.00719	0.00458	0.00551	0.00168	0.00816	0.00501	0.00240	0.00723
15	0.01029	0.02654	0.79309	0.01462	0.02221	0.01192	0.01896	0.01625	0.01083	0.01625	0.00921	0.01083	0.00650	0.00487	0.00487	0.00162	0.00758	0.00379	0.00217	0.00758
16	0.00759	0.00620	0.00686	0.00693	0.00846	0.00607	0.00509	0.01159	0.17031	0.01568	0.08943	0.26403	0.35766	0.01246	0.00603	0.00183	0.00300	0.01077	0.00492	0.00511
17	0.01136	0.01287	0.19346	0.01001	0.01387	0.00930	0.00976	0.17611	0.01388	0.01963	0.03862	0.08243	0.05915	0.00785	0.00520	0.00157	0.00495	0.11269	0.06523	0.15203
18	0.00738	0.00566	0.00790	0.03103	0.05392	0.00527	0.03038	0.00875	0.01072	0.03631	0.05488	0.50285	0.19833	0.01358	0.00624	0.00192	0.00339	0.01217	0.00457	0.00472
19	0.01279	0.01356	0.01638	0.26685	0.13942	0.19362	0.08683	0.01662	0.08449	0.01495	0.03158	0.01414	0.00943	0.02876	0.00567	0.00164	0.00687	0.00467	0.00287	0.04883
20	0.01305	0.01089	0.01389	0.10943	0.16855	0.03584	0.00978	0.14788	0.03599	0.04003	0.01128	0.01384	0.00904	0.00514	0.00463	0.00130	0.00510	0.02488	0.04584	0.29362
21	0.14783	0.01432	0.01699	0.03470	0.01755	0.20455	0.22797	0.03905	0.05095	0.10384	0.06116	0.01397	0.01072	0.00545	0.00500	0.00155	0.00669	0.00480	0.00352	0.02938
