[name]
unknown

[dist]
# distance from previous block
# <min> <max>
0	151

[block]
# block no. 0 follows, 37 sequences, length 42
# corresponding to MSA columns:
# 178-219
name=unknown_A
#
# <colnr> <probs for GDERKNQSTAVLIFYWHMCP>
#	G	D	E	R	K	N	Q	S	T	A	V	L	I	F	Y	W	H	M	C	P
0	0.02746	0.01042	0.01421	0.01089	0.01563	0.00900	0.00900	0.02983	0.01752	0.75093	0.02415	0.02083	0.01515	0.00758	0.00616	0.00189	0.00521	0.00616	0.00758	0.01042
1	0.02746	0.01042	0.01421	0.01089	0.01563	0.00900	0.00900	0.02983	0.01752	0.75093	0.02415	0.02083	0.01515	0.00758	0.00616	0.00189	0.00521	0.00616	0.00758	0.01042
2	0.00723	0.00620	0.00620	0.00620	0.00827	0.00517	0.00465	0.00878	0.01395	0.01654	0.06201	0.05891	0.74421	0.01550	0.00723	0.00207	0.00310	0.01292	0.00568	0.00517
3	0.00746	0.00533	0.00710	0.00852	0.00888	0.00497	0.00568	0.00852	0.01172	0.01563	0.03374	0.78088	0.04049	0.01918	0.00781	0.00249	0.00355	0.01740	0.00568	0.00497
4	0.01445	0.01651	0.03612	0.02580	0.03199	0.01548	0.72446	0.01961	0.01445	0.01961	0.01238	0.01651	0.00929	0.00516	0.00722	0.00206	0.01032	0.00722	0.00310	0.00826
5	0.01445	0.01651	0.03612	0.02580	0.03199	0.01548	0.72446	0.01961	0.01445	0.01961	0.01238	0.01651	0.00929	0.00516	0.00722	0.00206	0.01032	0.00722	0.00310	0.00826
6	0.01523	0.01315	0.01384	0.01246	0.01592	0.01523	0.00969	0.03253	0.73563	0.02561	0.02491	0.02284	0.01869	0.00830	0.00623	0.00208	0.00484	0.00692	0.00623	0.00969
7	0.01818	0.01106	0.01262	0.01033	0.01315	0.01144	0.00778	0.28037	0.01813	0.17819	0.01861	0.02655	0.01634	0.33098	0.01655	0.00355	0.00608	0.00706	0.00543	0.00762
8	0.01396	0.02011	0.21933	0.02239	0.02906	0.01513	0.47597	0.02076	0.08177	0.02011	0.01320	0.01618	0.00977	0.00562	0.00677	0.00203	0.00948	0.00650	0.00326	0.00859
9	0.00874	0.00656	0.00984	0.00984	0.01093	0.00765	0.00765	0.01093	0.00984	0.01421	0.01640	0.02405	0.01530	0.04591	0.76062	0.00984	0.01640	0.00656	0.00328	0.00547
10	0.00723	0.00620	0.00620	0.00620	0.00827	0.00517	0.00465	0.00878	0.01395	0.01654	0.06201	0.05891	0.74421	0.01550	0.00723	0.00207	0.00310	0.01292	0.00568	0.00517
11	0.00909	0.00637	0.00869	0.00858	0.00988	0.00661	0.00664	0.01168	0.01358	0.01976	0.32048	0.03602	0.03438	0.02567	0.31053	0.00512	0.00852	0.05635	0.09641	0.00563
12	0.01544	0.15771	0.43922	0.01530	0.02256	0.01699	0.01760	0.16939	0.05005	0.02288	0.01200	0.01323	0.00885	0.00616	0.00558	0.00182	0.00793	0.00463	0.00351	0.00916
13	0.00746	0.00533	0.00710	0.00852	0.00888	0.00497	0.00568	0.00852	0.01172	0.01563	0.03374	0.78088	0.04049	0.01918	0.00781	0.00249	0.00355	0.01740	0.00568	0.00497
14	0.01228	0.03166	0.75316	0.01745	0.02649	0.01422	0.02262	0.01939	0.01292	0.01939	0.01099	0.01292	0.00775	0.00582	0.00582	0.00194	0.00905	0.00452	0.00258	0.00905
15	0.01996	0.05375	0.02269	0.01807	0.02201	0.49743	0.19592	0.02294	0.03785	0.01647	0.01061	0.01283	0.00858	0.00615	0.00631	0.00174	0.03111	0.00489	0.00320	0.00749
16	0.05336	0.02020	0.22011	0.02278	0.02959	0.01507	0.50826	0.01947	0.01386	0.01993	0.01184	0.01527	0.00876	0.00535	0.00669	0.00202	0.00972	0.00634	0.00300	0.00838
17	0.01515	0.01454	0.02485	0.03757	0.74669	0.01454	0.01879	0.01879	0.01394	0.02000	0.01151	0.01515	0.00970	0.00545	0.00606	0.00182	0.00727	0.00545	0.00303	0.00970
18	0.01523	0.01315	0.01384	0.01246	0.01592	0.01523	0.00969	0.03253	0.73563	0.02561	0.02491	0.02284	0.01869	0.00830	0.00623	0.00208	0.00484	0.00692	0.00623	0.00969
19	0.01370	0.01506	0.03153	0.21816	0.03462	0.01499	0.54163	0.01858	0.01388	0.01858	0.01200	0.01646	0.00900	0.00541	0.00694	0.00206	0.00976	0.00676	0.00300	0.00788
20	0.00746	0.00533	0.00710	0.00852	0.00888	0.00497	0.00568	0.00852	0.01172	0.01563	0.03374	0.78088	0.04049	0.01918	0.00781	0.00249	0.00355	0.01740	0.00568	0.00497
21	0.00746	0.00533	0.00710	0.00852	0.00888	0.00497	0.00568	0.00852	0.01172	0.01563	0.03374	0.78088	0.04049	0.01918	0.00781	0.00249	0.00355	0.01740	0.00568	0.00497
22	0.02005	0.01675	0.01568	0.01330	0.01722	0.14900	0.01050	0.21006	0.34367	0.10846	0.01942	0.01840	0.01422	0.00762	0.00607	0.00190	0.00648	0.00594	0.00580	0.00949
23	0.01445	0.01651	0.03612	0.02580	0.03199	0.01548	0.72446	0.01961	0.01445	0.01961	0.01238	0.01651	0.00929	0.00516	0.00722	0.00206	0.01032	0.00722	0.00310	0.00826
24	0.02287	0.02917	0.01735	0.01577	0.01892	0.76030	0.01183	0.02444	0.01735	0.01498	0.00946	0.01104	0.00788	0.00631	0.00552	0.00158	0.01104	0.00394	0.00315	0.00710
25	0.02018	0.01502	0.01503	0.01203	0.01592	0.06647	0.00975	0.49407	0.02387	0.03289	0.01570	0.01654	0.01160	0.00722	0.00561	0.00171	0.00603	0.00545	0.21595	0.00897
26	0.01354	0.02282	0.33453	0.02232	0.02970	0.01495	0.43238	0.01952	0.01381	0.01952	0.01180	0.01502	0.00865	0.00543	0.00664	0.00201	0.00979	0.00610	0.00288	0.00858
27	0.00746	0.00533	0.00710	0.00852	0.00888	0.00497	0.00568	0.00852	0.01172	0.01563	0.03374	0.78088	0.04049	0.01918	0.00781	0.00249	0.00355	0.01740	0.00568	0.00497
28	0.01515	0.01454	0.02485	0.03757	0.74669	0.01454	0.01879	0.01879	0.01394	0.02000	0.01151	0.01515	0.00970	0.00545	0.00606	0.00182	0.00727	0.00545	0.00303	0.00970
29	0.01156	0.01088	0.01836	0.77016	0.04216	0.01360	0.01700	0.01564	0.01224	0.01564	0.01088	0.01632	0.00816	0.00612	0.00612	0.00204	0.00816	0.00544	0.00272	0.00680
30	0.01428	0.01528	0.03005	0.02217	0.02751	0.01493	0.53955	0.02182	0.16691	0.02069	0.01604	0.05365	0.01274	0.00648	0.00704	0.00209	0.00884	0.00764	0.00388	0.00841
31	0.00791	0.00590	0.00736	0.00769	0.00886	0.00535	0.00550	0.00984	0.01453	0.01953	0.33508	0.32217	0.19657	0.01563	0.00744	0.00216	0.00318	0.01382	0.00612	0.00535
32	0.58802	0.21251	0.01516	0.00878	0.01298	0.01626	0.00771	0.01853	0.01121	0.05148	0.00911	0.01032	0.00727	0.00564	0.00391	0.00174	0.00522	0.00341	0.00363	0.00709
33	0.01246	0.02099	0.32914	0.01916	0.02527	0.01366	0.27968	0.01758	0.01307	0.01861	0.01459	0.12524	0.01307	0.00784	0.00761	0.00211	0.06125	0.00744	0.00323	0.00800
34	0.01367	0.01420	0.02324	0.01858	0.02019	0.01790	0.19715	0.01599	0.01069	0.01599	0.00916	0.01420	0.00836	0.00928	0.01676	0.00252	0.57640	0.00584	0.00279	0.00710
35	0.01333	0.22727	0.56681	0.01564	0.02371	0.01680	0.01948	0.01911	0.01280	0.01810	0.01035	0.01212	0.00778	0.00567	0.00533	0.00178	0.00840	0.00420	0.00259	0.00874
36	0.02322	0.01216	0.01598	0.01269	0.01623	0.01296	0.01051	0.12655	0.01704	0.45775	0.01862	0.01802	0.01263	0.00835	0.00975	0.00209	0.20402	0.00586	0.00610	0.00945
37	0.35939	0.01994	0.01387	0.01235	0.01572	0.34516	0.00965	0.06150	0.03743	0.02188	0.00979	0.01128	0.00785	0.00639	0.00557	0.00179	0.04570	0.00393	0.00366	0.00715
38	0.63507	0.01253	0.01058	0.00925	0.01310	0.01444	0.00754	0.08661	0.11692	0.02824	0.01147	0.01225	0.00873	0.00622	0.00436	0.00192	0.00494	0.00404	0.00436	0.00743
39	0.50292	0.01224	0.01134	0.00971	0.01366	0.01366	0.00790	0.07437	0.14105	0.13856	0.01426	0.01424	0.01034	0.00656	0.00475	0.00192	0.00497	0.00455	0.00497	0.00803
40	0.47491	0.01258	0.01143	0.00946	0.01364	0.03022	0.00770	0.10906	0.04105	0.06103	0.03080	0.01301	0.00979	0.00608	0.00455	0.00172	0.00508	0.00414	0.00439	0.14936
41	0.40336	0.23097	0.03594	0.01009	0.01459	0.04049	0.00900	0.09543	0.01381	0.08287	0.01054	0.01141	0.00814	0.00591	0.00438	0.00172	0.00580	0.00382	0.00397	0.00776

[dist]
# distance from previous block
# <min> <max>
12	42

[block]
# block no. 1 follows, 37 sequences, length 16
# corresponding to MSA columns:
# 272-287
name=unknown_B
#
# <colnr> <probs for GDERKNQSTAVLIFYWHMCP>
#	G	D	E	R	K	N	Q	S	T	A	V	L	I	F	Y	W	H	M	C	P
0	0.04554	0.02043	0.01600	0.01391	0.01759	0.33141	0.01080	0.15074	0.23676	0.07143	0.01601	0.01587	0.01204	0.00716	0.00583	0.00180	0.00783	0.00525	0.00492	0.00867
1	0.09408	0.01231	0.01243	0.01047	0.01376	0.05965	0.00832	0.24413	0.04900	0.07596	0.20474	0.02965	0.14084	0.00978	0.00632	0.00190	0.00509	0.00789	0.00589	0.00780
2	0.10085	0.01178	0.01190	0.01044	0.01344	0.04960	0.00815	0.13877	0.21103	0.02629	0.19917	0.06095	0.02567	0.00911	0.00603	0.00188	0.00476	0.00747	0.06501	0.03770
3	0.14278	0.01319	0.01406	0.01124	0.01560	0.08787	0.00914	0.10571	0.01773	0.46770	0.04068	0.01829	0.01389	0.00729	0.00577	0.00186	0.00584	0.00559	0.00638	0.00938
4	0.04389	0.00902	0.01018	0.00938	0.01170	0.00955	0.00718	0.01938	0.28228	0.02454	0.40474	0.03668	0.08527	0.01088	0.00672	0.00199	0.00370	0.00934	0.00636	0.00722
5	0.02158	0.00967	0.01272	0.01018	0.01395	0.00877	0.00823	0.07515	0.01828	0.48352	0.23687	0.02777	0.02745	0.00902	0.00647	0.00190	0.00463	0.00757	0.00722	0.00904
6	0.01350	0.00752	0.00894	0.00804	0.01082	0.00647	0.00637	0.01545	0.01519	0.23494	0.08185	0.04771	0.44278	0.01311	0.00700	0.00206	0.00390	0.06128	0.00629	0.00679
7	0.01515	0.01454	0.02485	0.03757	0.74669	0.01454	0.01879	0.01879	0.01394	0.02000	0.01151	0.01515	0.00970	0.00545	0.00606	0.00182	0.00727	0.00545	0.00303	0.00970
8	0.01515	0.01454	0.02485	0.03757	0.74669	0.01454	0.01879	0.01879	0.01394	0.02000	0.01151	0.01515	0.00970	0.00545	0.00606	0.00182	0.00727	0.00545	0.00303	0.00970
9	0.01156	0.01088	0.01836	0.77016	0.04216	0.01360	0.01700	0.01564	0.01224	0.01564	0.01088	0.01632	0.00816	0.00612	0.00612	0.00204	0.00816	0.00544	0.00272	0.00680
10	0.01515	0.01454	0.02485	0.03757	0.74669	0.01454	0.01879	0.01879	0.01394	0.02000	0.01151	0.01515	0.00970	0.00545	0.00606	0.00182	0.00727	0.00545	0.00303	0.00970
11	0.00739	0.00559	0.00684	0.00783	0.00870	0.00503	0.00538	0.00860	0.01238	0.01590	0.04213	0.56668	0.24927	0.01809	0.00764	0.00236	0.00342	0.01607	0.00568	0.00503
12	0.01556	0.24321	0.01925	0.01187	0.01586	0.01789	0.00992	0.02831	0.52107	0.02228	0.02005	0.01898	0.01547	0.00739	0.00555	0.00185	0.00535	0.00584	0.00516	0.00914
13	0.01603	0.55850	0.02667	0.01106	0.01577	0.02155	0.01024	0.02254	0.22700	0.01773	0.01338	0.01368	0.01107	0.00615	0.00461	0.00154	0.00604	0.00436	0.00369	0.00840
14	0.01936	0.02402	0.01485	0.01362	0.01653	0.59093	0.01022	0.02093	0.01659	0.01533	0.02125	0.02178	0.17303	0.00837	0.00590	0.00169	0.00926	0.00596	0.00372	0.00666
15	0.00946	0.00649	0.00810	0.00755	0.00933	0.00583	0.00571	0.01202	0.01658	0.06579	0.54835	0.04720	0.20885	0.01289	0.00716	0.00196	0.00307	0.01119	0.00655	0.00591

[dist]
# distance from previous block
# <min> <max>
0	2

[block]
# block no. 2 follows, 37 sequences, length 29
# corresponding to MSA columns:
# 290-318
name=unknown_C
#
# <colnr> <probs for GDERKNQSTAVLIFYWHMCP>
#	G	D	E	R	K	N	Q	S	T	A	V	L	I	F	Y	W	H	M	C	P
0	0.02180	0.02183	0.01617	0.01407	0.01768	0.41943	0.01086	0.12565	0.12741	0.11408	0.01628	0.01629	0.03692	0.00725	0.00585	0.00175	0.00846	0.00522	0.00470	0.00832
1	0.00963	0.00657	0.00818	0.00829	0.01001	0.00597	0.00647	0.01180	0.01487	0.07091	0.23756	0.14840	0.26654	0.01488	0.00748	0.00222	0.00377	0.15457	0.00610	0.00578
2	0.01445	0.01651	0.03612	0.02580	0.03199	0.01548	0.72446	0.01961	0.01445	0.01961	0.01238	0.01651	0.00929	0.00516	0.00722	0.00206	0.01032	0.00722	0.00310	0.00826
3	0.01879	0.01156	0.01365	0.01096	0.01542	0.01108	0.00877	0.02681	0.28336	0.27716	0.02073	0.01931	0.01477	0.00700	0.00573	0.00169	0.00488	0.00573	0.00597	0.23661
4	0.00763	0.00622	0.00675	0.00662	0.00851	0.00534	0.00496	0.00956	0.01489	0.01877	0.25209	0.05523	0.55273	0.01467	0.00723	0.00203	0.00304	0.01240	0.00598	0.00534
5	0.02327	0.01715	0.01837	0.01408	0.01898	0.01898	0.01163	0.72628	0.02878	0.03858	0.01470	0.01470	0.01041	0.00735	0.00612	0.00184	0.00674	0.00551	0.00612	0.01041
6	0.01637	0.78856	0.03208	0.01047	0.01571	0.02422	0.01047	0.01833	0.01244	0.01440	0.00851	0.00982	0.00786	0.00524	0.00393	0.00131	0.00655	0.00327	0.00262	0.00786
7	0.02327	0.01715	0.01837	0.01408	0.01898	0.01898	0.01163	0.72628	0.02878	0.03858	0.01470	0.01470	0.01041	0.00735	0.00612	0.00184	0.00674	0.00551	0.00612	0.01041
8	0.02327	0.01715	0.01837	0.01408	0.01898	0.01898	0.01163	0.72628	0.02878	0.03858	0.01470	0.01470	0.01041	0.00735	0.00612	0.00184	0.00674	0.00551	0.00612	0.01041
9	0.01637	0.78856	0.03208	0.01047	0.01571	0.02422	0.01047	0.01833	0.01244	0.01440	0.00851	0.00982	0.00786	0.00524	0.00393	0.00131	0.00655	0.00327	0.00262	0.00786
10	0.01228	0.03166	0.75316	0.01745	0.02649	0.01422	0.02262	0.01939	0.01292	0.01939	0.01099	0.01292	0.00775	0.00582	0.00582	0.00194	0.00905	0.00452	0.00258	0.00905
11	0.82811	0.01184	0.00900	0.00805	0.01184	0.01373	0.00663	0.01799	0.01042	0.02746	0.00852	0.00994	0.00663	0.00568	0.00379	0.00189	0.00474	0.00331	0.00379	0.00663
12	0.00746	0.00533	0.00710	0.00852	0.00888	0.00497	0.00568	0.00852	0.01172	0.01563	0.03374	0.78088	0.04049	0.01918	0.00781	0.00249	0.00355	0.01740	0.00568	0.00497
13	0.82811	0.01184	0.00900	0.00805	0.01184	0.01373	0.00663	0.01799	0.01042	0.02746	0.00852	0.00994	0.00663	0.00568	0.00379	0.00189	0.00474	0.00331	0.00379	0.00663
14	0.02327	0.01715	0.01837	0.01408	0.01898	0.01898	0.01163	0.72628	0.02878	0.03858	0.01470	0.01470	0.01041	0.00735	0.00612	0.00184	0.00674	0.00551	0.00612	0.01041
15	0.00986	0.00705	0.00986	0.01127	0.01268	0.00705	0.00986	0.01268	0.01409	0.01832	0.03241	0.06905	0.03523	0.01691	0.00845	0.00282	0.00564	0.70549	0.00564	0.00564
16	0.02327	0.01715	0.01837	0.01408	0.01898	0.01898	0.01163	0.72628	0.02878	0.03858	0.01470	0.01470	0.01041	0.00735	0.00612	0.00184	0.00674	0.00551	0.00612	0.01041
17	0.01269	0.01088	0.01269	0.00907	0.01451	0.00816	0.00725	0.01541	0.01269	0.01995	0.01088	0.01269	0.00907	0.00453	0.00453	0.00091	0.00453	0.00363	0.00363	0.82229
18	0.01228	0.03166	0.75316	0.01745	0.02649	0.01422	0.02262	0.01939	0.01292	0.01939	0.01099	0.01292	0.00775	0.00582	0.00582	0.00194	0.00905	0.00452	0.00258	0.00905
19	0.01269	0.01088	0.01269	0.00907	0.01451	0.00816	0.00725	0.01541	0.01269	0.01995	0.01088	0.01269	0.00907	0.00453	0.00453	0.00091	0.00453	0.00363	0.00363	0.82229
20	0.01023	0.00762	0.00991	0.01043	0.01212	0.00775	0.00870	0.01494	0.10867	0.02100	0.22977	0.05654	0.03936	0.01457	0.00782	0.00247	0.00477	0.42109	0.00602	0.00620
21	0.01720	0.01413	0.01495	0.01286	0.01667	0.01615	0.01017	0.20283	0.56211	0.02879	0.02241	0.02084	0.01665	0.00807	0.00620	0.00202	0.00531	0.00657	0.00620	0.00987
22	0.00746	0.00533	0.00710	0.00852	0.00888	0.00497	0.00568	0.00852	0.01172	0.01563	0.03374	0.78088	0.04049	0.01918	0.00781	0.00249	0.00355	0.01740	0.00568	0.00497
23	0.00860	0.00688	0.01024	0.22097	0.01816	0.00738	0.00884	0.01051	0.01186	0.01563	0.02736	0.56762	0.03147	0.01554	0.00734	0.00236	0.00484	0.01407	0.00486	0.00548
24	0.15111	0.01729	0.01479	0.01267	0.01652	0.19830	0.00999	0.15417	0.22873	0.11099	0.01652	0.01614	0.01216	0.00713	0.00563	0.00186	0.00674	0.00526	0.00522	0.00877
25	0.08171	0.00941	0.01221	0.00983	0.01362	0.00849	0.00796	0.02408	0.01694	0.50356	0.21493	0.02667	0.02589	0.00875	0.00626	0.00190	0.00455	0.00726	0.00707	0.00890
26	0.42435	0.01393	0.01385	0.05064	0.01675	0.04421	0.03663	0.20127	0.03730	0.09040	0.01222	0.01309	0.00891	0.00637	0.00498	0.00189	0.00593	0.00451	0.00467	0.00810
27	0.52273	0.01067	0.01054	0.00914	0.01247	0.01172	0.04398	0.01735	0.04056	0.04737	0.19661	0.02020	0.02048	0.00755	0.00500	0.00192	0.00457	0.00571	0.00471	0.00673
28	0.26801	0.01167	0.01295	0.04999	0.01606	0.01226	0.00894	0.05700	0.14651	0.32838	0.01842	0.01738	0.01263	0.00705	0.00544	0.00193	0.00522	0.00536	0.00586	0.00894

[dist]
# distance from previous block
# <min> <max>
4	28

[block]
# block no. 3 follows, 37 sequences, length 43
# corresponding to MSA columns:
# 349-391
name=unknown_D
#
# <colnr> <probs for GDERKNQSTAVLIFYWHMCP>
#	G	D	E	R	K	N	Q	S	T	A	V	L	I	F	Y	W	H	M	C	P
0	0.01276	0.01068	0.01917	0.01515	0.01869	0.00983	0.27755	0.03088	0.01406	0.09632	0.02687	0.27330	0.11230	0.01134	0.00717	0.00213	0.00634	0.01099	0.00484	0.03964
1	0.01569	0.01357	0.01428	0.01207	0.01517	0.13421	0.08462	0.18064	0.01771	0.02360	0.02273	0.02750	0.10578	0.00887	0.00602	0.00183	0.00621	0.07679	0.22550	0.00722
2	0.01867	0.01584	0.01421	0.03059	0.01629	0.19593	0.00971	0.15289	0.15581	0.12985	0.02362	0.09804	0.09328	0.00934	0.00629	0.00192	0.00653	0.00747	0.00545	0.00827
3	0.01716	0.02913	0.01344	0.01148	0.01423	0.01135	0.00912	0.02319	0.20966	0.25816	0.02433	0.17985	0.02121	0.01094	0.00832	0.00219	0.10114	0.04075	0.00600	0.00834
4	0.01644	0.01282	0.01289	0.01118	0.01410	0.10480	0.00869	0.18869	0.09861	0.09891	0.24926	0.10728	0.02970	0.01025	0.00659	0.00193	0.00535	0.00857	0.00606	0.00787
5	0.01573	0.01534	0.01510	0.01289	0.01596	0.24656	0.10818	0.01792	0.01550	0.10428	0.07649	0.11190	0.19776	0.01040	0.00662	0.00193	0.00691	0.00884	0.00482	0.00685
6	0.01268	0.00989	0.01184	0.01044	0.01240	0.08287	0.08256	0.01414	0.01277	0.10711	0.02774	0.17687	0.13693	0.25718	0.01462	0.00330	0.00592	0.01014	0.00476	0.00585
7	0.02451	0.01539	0.01602	0.01275	0.01723	0.11150	0.01033	0.26880	0.07451	0.35572	0.01903	0.01759	0.01283	0.00739	0.00607	0.00185	0.00647	0.00570	0.00640	0.00993
8	0.02052	0.00997	0.01267	0.01034	0.01400	0.00937	0.00830	0.09300	0.06550	0.41519	0.18097	0.06215	0.05151	0.00949	0.00650	0.00194	0.00468	0.00797	0.00701	0.00892
9	0.01515	0.01454	0.02485	0.03757	0.74669	0.01454	0.01879	0.01879	0.01394	0.02000	0.01151	0.01515	0.00970	0.00545	0.00606	0.00182	0.00727	0.00545	0.00303	0.00970
10	0.01357	0.27170	0.52448	0.01524	0.02307	0.01739	0.01877	0.01905	0.01277	0.01780	0.01020	0.01194	0.00779	0.00563	0.00522	0.00174	0.00825	0.00413	0.00260	0.00867
11	0.00802	0.00580	0.00749	0.00832	0.00895	0.00567	0.00577	0.00922	0.01133	0.01502	0.03151	0.42618	0.10415	0.15833	0.11703	0.00410	0.00585	0.05737	0.00499	0.00488
12	0.04004	0.00884	0.01045	0.01033	0.01149	0.02920	0.00766	0.08186	0.03632	0.01887	0.05531	0.46373	0.06025	0.01521	0.00911	0.00235	0.11485	0.01286	0.00522	0.00606
13	0.01307	0.17926	0.61255	0.01609	0.02439	0.01617	0.02025	0.01918	0.01283	0.01841	0.01050	0.01232	0.00777	0.00570	0.00545	0.00182	0.00856	0.00428	0.00259	0.00881
14	0.01038	0.00777	0.00953	0.01025	0.01153	0.02474	0.00791	0.08936	0.01454	0.01906	0.03062	0.43492	0.03462	0.01680	0.00779	0.00251	0.00479	0.25138	0.00566	0.00585
15	0.01515	0.01454	0.02485	0.03757	0.74669	0.01454	0.01879	0.01879	0.01394	0.02000	0.01151	0.01515	0.00970	0.00545	0.00606	0.00182	0.00727	0.00545	0.00303	0.00970
16	0.01427	0.06879	0.12514	0.02611	0.36507	0.01648	0.01705	0.01755	0.01225	0.01786	0.01013	0.01392	0.00877	0.00716	0.01033	0.00207	0.25052	0.00515	0.00283	0.00853
17	0.01445	0.01651	0.03612	0.02580	0.03199	0.01548	0.72446	0.01961	0.01445	0.01961	0.01238	0.01651	0.00929	0.00516	0.00722	0.00206	0.01032	0.00722	0.00310	0.00826
18	0.00746	0.00533	0.00710	0.00852	0.00888	0.00497	0.00568	0.00852	0.01172	0.01563	0.03374	0.78088	0.04049	0.01918	0.00781	0.00249	0.00355	0.01740	0.00568	0.00497
19	0.01177	0.06330	0.56345	0.01500	0.02203	0.01306	0.01826	0.01724	0.01210	0.01768	0.01247	0.01777	0.01049	0.13824	0.03953	0.00289	0.00869	0.00528	0.00280	0.00795
20	0.01309	0.01192	0.01956	0.02810	0.51279	0.01176	0.01466	0.01649	0.01501	0.02144	0.24364	0.02485	0.02494	0.00769	0.00643	0.00185	0.00588	0.00724	0.00421	0.00845
21	0.01228	0.03166	0.75316	0.01745	0.02649	0.01422	0.02262	0.01939	0.01292	0.01939	0.01099	0.01292	0.00775	0.00582	0.00582	0.00194	0.00905	0.00452	0.00258	0.00905
22	0.01156	0.01088	0.01836	0.77016	0.04216	0.01360	0.01700	0.01564	0.01224	0.01564	0.01088	0.01632	0.00816	0.00612	0.00612	0.00204	0.00816	0.00544	0.00272	0.00680
23	0.01566	0.01308	0.01836	0.50526	0.03404	0.01549	0.01512	0.26462	0.01804	0.02368	0.01222	0.01575	0.00895	0.00655	0.00612	0.00197	0.00766	0.00546	0.00391	0.00806
24	0.01002	0.00912	0.01670	0.01439	0.01675	0.00860	0.23423	0.01263	0.01292	0.01727	0.02678	0.43699	0.02984	0.01441	0.00772	0.00240	0.00600	0.11227	0.00486	0.00611
25	0.01270	0.01204	0.02042	0.53783	0.26559	0.01390	0.01757	0.01664	0.01278	0.01702	0.01108	0.01595	0.00865	0.00591	0.00610	0.00197	0.00788	0.00544	0.00282	0.00772
26	0.01315	0.01128	0.01469	0.27757	0.02436	0.01315	0.01205	0.05645	0.31335	0.02118	0.02100	0.08511	0.01809	0.00927	0.00655	0.00216	0.00608	0.08172	0.00489	0.00791
27	0.00990	0.00630	0.00822	0.00895	0.01020	0.00580	0.00667	0.01151	0.01308	0.09020	0.03662	0.46242	0.13908	0.01704	0.00769	0.00243	0.00405	0.14829	0.00586	0.00568
28	0.00746	0.00561	0.00691	0.00786	0.00873	0.00506	0.00541	0.00874	0.01259	0.01631	0.07646	0.55126	0.22966	0.01786	0.00763	0.00235	0.00340	0.01589	0.00574	0.00506
29	0.01228	0.03166	0.75316	0.01745	0.02649	0.01422	0.02262	0.01939	0.01292	0.01939	0.01099	0.01292	0.00775	0.00582	0.00582	0.00194	0.00905	0.00452	0.00258	0.00905
30	0.01477	0.49360	0.31308	0.01319	0.01991	0.02032	0.01521	0.01874	0.01263	0.01634	0.00947	0.01103	0.00782	0.00546	0.00466	0.00155	0.00752	0.00376	0.00261	0.00832
31	0.01222	0.02539	0.52114	0.21358	0.03088	0.01413	0.06130	0.01842	0.01283	0.01842	0.01104	0.01401	0.00795	0.00586	0.00598	0.00197	0.00889	0.00492	0.00265	0.00842
32	0.00746	0.00533	0.00710	0.00852	0.00888	0.00497	0.00568	0.00852	0.01172	0.01563	0.03374	0.78088	0.04049	0.01918	0.00781	0.00249	0.00355	0.01740	0.00568	0.00497
33	0.01467	0.01589	0.03254	0.02953	0.25865	0.01518	0.50067	0.01935	0.01429	0.01973	0.01211	0.01608	0.00942	0.00525	0.00685	0.00199	0.00935	0.00666	0.00308	0.00871
34	0.01623	0.00821	0.01131	0.01089	0.01350	0.00765	0.00924	0.01884	0.01546	0.28826	0.06462	0.06721	0.02908	0.01331	0.00753	0.00243	0.00529	0.39715	0.00641	0.00739
35	0.00736	0.00597	0.00654	0.00690	0.00847	0.00514	0.00498	0.00884	0.01350	0.01666	0.08575	0.25399	0.52183	0.01636	0.00739	0.00217	0.00321	0.01405	0.00573	0.00514
36	0.01424	0.01997	0.25582	0.03119	0.51829	0.01444	0.02000	0.01898	0.01362	0.01980	0.01135	0.01444	0.00908	0.00557	0.00598	0.00186	0.00783	0.00516	0.00289	0.00949
37	0.01156	0.01088	0.01836	0.77016	0.04216	0.01360	0.01700	0.01564	0.01224	0.01564	0.01088	0.01632	0.00816	0.00612	0.00612	0.00204	0.00816	0.00544	0.00272	0.00680
38	0.01445	0.01651	0.03612	0.02580	0.03199	0.01548	0.72446	0.01961	0.01445	0.01961	0.01238	0.01651	0.00929	0.00516	0.00722	0.00206	0.01032	0.00722	0.00310	0.00826
39	0.00745	0.00538	0.00705	0.00839	0.00884	0.00498	0.00562	0.00854	0.01185	0.01568	0.03536	0.73959	0.08074	0.01897	0.00778	0.00246	0.00353	0.01715	0.00568	0.00498
40	0.00908	0.00738	0.01173	0.01084	0.01247	0.00807	0.06890	0.01146	0.01065	0.01491	0.02064	0.02691	0.08806	0.03935	0.62019	0.00839	0.01454	0.00726	0.00351	0.00568
41	0.02050	0.01558	0.01686	0.01299	0.01785	0.01660	0.01063	0.52489	0.09686	0.03382	0.01502	0.01514	0.01099	0.00692	0.00584	0.00169	0.00614	0.00530	0.00567	0.16069
42	0.01182	0.00820	0.01001	0.00907	0.01127	0.00822	0.00696	0.01797	0.18195	0.08870	0.51552	0.03829	0.04506	0.01112	0.00690	0.00196	0.00354	0.00969	0.00670	0.00708

[dist]
# distance from previous block
# <min> <max>
7	34

[block]
# block no. 4 follows, 37 sequences, length 13
# corresponding to MSA columns:
# 431-443
name=unknown_E
#
# <colnr> <probs for GDERKNQSTAVLIFYWHMCP>
#	G	D	E	R	K	N	Q	S	T	A	V	L	I	F	Y	W	H	M	C	P
0	0.09927	0.01297	0.01497	0.01181	0.01635	0.01329	0.00968	0.24577	0.10613	0.37525	0.01984	0.01815	0.01330	0.00742	0.00593	0.00190	0.00560	0.00578	0.00661	0.00998
1	0.19749	0.01017	0.01101	0.00963	0.01230	0.01106	0.00762	0.11563	0.08780	0.04520	0.35055	0.02884	0.03223	0.00962	0.00679	0.00196	0.04145	0.00773	0.00576	0.00716
2	0.05044	0.01461	0.01624	0.01296	0.01717	0.01608	0.01059	0.40969	0.14227	0.12933	0.01711	0.01699	0.01235	0.00919	0.03835	0.00224	0.04367	0.00574	0.00591	0.02908
3	0.00889	0.00715	0.00886	0.00856	0.01018	0.00747	0.00661	0.04008	0.01248	0.01627	0.03705	0.03966	0.35132	0.04831	0.32588	0.00546	0.04628	0.00945	0.00449	0.00555
4	0.00768	0.00634	0.00682	0.00705	0.00901	0.00548	0.00553	0.00944	0.01398	0.01684	0.05703	0.06062	0.62495	0.01574	0.00744	0.00219	0.00353	0.12941	0.00568	0.00525
5	0.01423	0.01420	0.01646	0.01307	0.01642	0.10215	0.04470	0.01646	0.01220	0.01755	0.00981	0.01292	0.00858	0.00689	0.01010	0.00165	0.26850	0.00443	0.00322	0.40644
6	0.01322	0.01257	0.02135	0.43207	0.36730	0.01404	0.01782	0.01709	0.01302	0.01765	0.01117	0.01578	0.00887	0.00581	0.00609	0.00194	0.00775	0.00545	0.00286	0.00814
7	0.01247	0.02207	0.41143	0.01358	0.02096	0.01142	0.01553	0.01755	0.01282	0.01964	0.01094	0.01282	0.00836	0.00522	0.00522	0.00146	0.00696	0.00411	0.00307	0.38436
8	0.00965	0.00653	0.00818	0.00761	0.00941	0.00587	0.00576	0.01223	0.01665	0.07231	0.55414	0.04675	0.19628	0.01279	0.00715	0.00195	0.00309	0.01112	0.00658	0.00597
9	0.06394	0.00960	0.00976	0.00851	0.01148	0.00956	0.00672	0.20896	0.01785	0.02336	0.04544	0.04349	0.49314	0.01261	0.00671	0.00199	0.00422	0.01025	0.00569	0.00672
10	0.08588	0.02403	0.41270	0.01518	0.02204	0.01551	0.01688	0.20143	0.10325	0.02573	0.01339	0.01431	0.00964	0.00649	0.00577	0.00193	0.00758	0.00496	0.00403	0.00926
11	0.32025	0.01255	0.01470	0.01261	0.01444	0.01602	0.01048	0.01726	0.01047	0.08308	0.00961	0.01274	0.00812	0.00856	0.01277	0.00232	0.41885	0.00466	0.00352	0.00699
12	0.01886	0.01303	0.01446	0.01231	0.01622	0.01432	0.00977	0.11496	0.49453	0.18524	0.02352	0.02143	0.01693	0.00803	0.00620	0.00201	0.00515	0.00659	0.00651	0.00993

[dist]
# distance from previous block
# <min> <max>
9	17

[block]
# block no. 5 follows, 37 sequences, length 10
# corresponding to MSA columns:
# 463-472
name=unknown_F
#
# <colnr> <probs for GDERKNQSTAVLIFYWHMCP>
#	G	D	E	R	K	N	Q	S	T	A	V	L	I	F	Y	W	H	M	C	P
0	0.39273	0.01496	0.11528	0.01101	0.01549	0.01398	0.01004	0.02376	0.25057	0.07335	0.01531	0.01533	0.01133	0.00669	0.00503	0.00196	0.00541	0.00486	0.00467	0.00823
1	0.00885	0.00645	0.00819	0.00844	0.00977	0.00610	0.00659	0.01111	0.01462	0.01961	0.31656	0.05421	0.15031	0.12264	0.01096	0.00279	0.00420	0.22743	0.00581	0.00535
2	0.01918	0.01685	0.02660	0.01952	0.02502	0.01736	0.34233	0.39844	0.02213	0.02978	0.01362	0.01554	0.00989	0.00633	0.00663	0.00194	0.00840	0.00631	0.00472	0.00941
3	0.00871	0.00642	0.00907	0.00885	0.01010	0.00678	0.00678	0.01122	0.01331	0.01901	0.35369	0.03410	0.03500	0.03042	0.41110	0.00617	0.01013	0.00865	0.00488	0.00561
4	0.00800	0.00623	0.00726	0.00701	0.00874	0.00549	0.00525	0.01027	0.01576	0.02083	0.42732	0.05184	0.37621	0.01390	0.00723	0.00199	0.00299	0.01193	0.00625	0.00549
5	0.01738	0.02493	0.41228	0.01589	0.02301	0.01643	0.01752	0.34733	0.02028	0.02829	0.01271	0.01375	0.00899	0.00653	0.00596	0.00189	0.00797	0.00498	0.00423	0.00968
6	0.00734	0.00580	0.00662	0.00728	0.00855	0.00508	0.00513	0.00866	0.01292	0.01611	0.04889	0.39385	0.41774	0.01721	0.00750	0.00226	0.00331	0.01500	0.00568	0.00508
7	0.01637	0.78856	0.03208	0.01047	0.01571	0.02422	0.01047	0.01833	0.01244	0.01440	0.00851	0.00982	0.00786	0.00524	0.00393	0.00131	0.00655	0.00327	0.00262	0.00786
8	0.01541	0.02322	0.41071	0.01496	0.02186	0.01415	0.01663	0.11626	0.14253	0.07696	0.01489	0.01547	0.01068	0.00648	0.00585	0.00186	0.00735	0.00512	0.00415	0.07544
9	0.01561	0.01433	0.01312	0.01247	0.01494	0.18865	0.01001	0.17611	0.01796	0.02194	0.04726	0.14198	0.02462	0.01240	0.00710	0.00222	0.00678	0.26034	0.00520	0.00697

[dist]
# distance from previous block
# <min> <max>
2	5

[block]
# block no. 6 follows, 37 sequences, length 8
# corresponding to MSA columns:
# 479-486
name=unknown_G
#
# <colnr> <probs for GDERKNQSTAVLIFYWHMCP>
#	G	D	E	R	K	N	Q	S	T	A	V	L	I	F	Y	W	H	M	C	P
0	0.01404	0.01572	0.03361	0.13095	0.03343	0.01521	0.62452	0.01905	0.01414	0.01905	0.01217	0.01648	0.00913	0.00530	0.00707	0.00206	0.01001	0.00697	0.00304	0.00805
1	0.01426	0.01548	0.03032	0.02470	0.11277	0.01621	0.45793	0.01826	0.01308	0.01840	0.01116	0.01555	0.00901	0.00662	0.01039	0.00219	0.20612	0.00653	0.00298	0.00803
2	0.00849	0.00625	0.00795	0.00752	0.00904	0.00570	0.00564	0.01122	0.01693	0.02360	0.66254	0.04729	0.13927	0.01287	0.00722	0.00194	0.00291	0.01129	0.00661	0.00570
3	0.00866	0.00626	0.00818	0.00770	0.00914	0.00578	0.00578	0.01155	0.01733	0.02455	0.74346	0.04572	0.05776	0.01251	0.00722	0.00193	0.00289	0.01107	0.00674	0.00578
4	0.00866	0.00626	0.00818	0.00770	0.00914	0.00578	0.00578	0.01155	0.01733	0.02455	0.74346	0.04572	0.05776	0.01251	0.00722	0.00193	0.00289	0.01107	0.00674	0.00578
5	0.01141	0.00571	0.00571	0.00571	0.00713	0.00571	0.00428	0.01426	0.01284	0.02282	0.01997	0.02282	0.01569	0.00713	0.00428	0.00143	0.00285	0.00571	0.81886	0.00571
6	0.02299	0.01636	0.01774	0.01373	0.01852	0.01798	0.01130	0.62500	0.07946	0.08953	0.01613	0.01574	0.01136	0.00743	0.00613	0.00186	0.00649	0.00566	0.00624	0.01036
7	0.19219	0.01580	0.01613	0.01272	0.01730	0.01766	0.01047	0.53693	0.06596	0.03549	0.01399	0.01417	0.01009	0.00705	0.00564	0.00186	0.00620	0.00513	0.00564	0.00957

[dist]
# distance from previous block
# <min> <max>
0	1

[block]
# block no. 7 follows, 37 sequences, length 7
# corresponding to MSA columns:
# 488-494
name=unknown_H
#
# <colnr> <probs for GDERKNQSTAVLIFYWHMCP>
#	G	D	E	R	K	N	Q	S	T	A	V	L	I	F	Y	W	H	M	C	P
0	0.01157	0.02781	0.64400	0.01614	0.02392	0.01286	0.02014	0.01780	0.01275	0.01884	0.01431	0.12529	0.01254	0.00777	0.00611	0.00202	0.00824	0.00641	0.00304	0.00845
1	0.01085	0.02218	0.47792	0.01455	0.02054	0.01110	0.01697	0.01598	0.01283	0.01839	0.01920	0.19250	0.01908	0.01042	0.00665	0.00219	0.00732	0.10996	0.00372	0.00764
2	0.00738	0.00565	0.00677	0.00767	0.00865	0.00504	0.00530	0.00862	0.01254	0.01596	0.04418	0.51413	0.30049	0.01782	0.00760	0.00233	0.00338	0.01575	0.00568	0.00504
3	0.01287	0.14208	0.64796	0.01643	0.02492	0.01568	0.02084	0.01923	0.01285	0.01866	0.01062	0.01247	0.00777	0.00573	0.00554	0.00185	0.00868	0.00434	0.00259	0.00887
4	0.06225	0.02176	0.28834	0.01444	0.02063	0.07851	0.01486	0.21181	0.01846	0.18824	0.01467	0.01485	0.01007	0.00666	0.00584	0.00187	0.00751	0.00504	0.00476	0.00942
5	0.01902	0.23340	0.28047	0.01309	0.01949	0.01506	0.01422	0.02295	0.01449	0.28829	0.01516	0.01499	0.01052	0.00631	0.00542	0.00175	0.00694	0.00478	0.00444	0.00922
6	0.01774	0.04250	0.01257	0.01041	0.01339	0.00961	0.00810	0.06702	0.10891	0.30767	0.02651	0.30104	0.02435	0.01184	0.00668	0.00211	0.00471	0.01025	0.00640	0.00820

[dist]
# distance from previous block
# <min> <max>
7	21

[block]
# block no. 8 follows, 37 sequences, length 12
# corresponding to MSA columns:
# 527-532,534-539
name=unknown_I
#
# <colnr> <probs for GDERKNQSTAVLIFYWHMCP>
#	G	D	E	R	K	N	Q	S	T	A	V	L	I	F	Y	W	H	M	C	P
0	0.01219	0.39060	0.01969	0.00914	0.01262	0.01516	0.00832	0.01406	0.01307	0.01561	0.03099	0.03429	0.28743	0.01044	0.00616	0.00179	0.03093	0.07685	0.00407	0.00659
1	0.01504	0.01588	0.02042	0.01537	0.02023	0.14526	0.20660	0.01814	0.01378	0.01860	0.01084	0.01350	0.00884	0.00545	0.00654	0.00147	0.06090	0.00480	0.00333	0.39501
2	0.00844	0.00607	0.00802	0.00817	0.00933	0.00566	0.00605	0.01085	0.01564	0.02179	0.50862	0.23752	0.05167	0.01455	0.00746	0.00213	0.00326	0.06281	0.00639	0.00556
3	0.01434	0.01426	0.02344	0.02730	0.36512	0.01641	0.08937	0.01716	0.01207	0.01774	0.01014	0.01455	0.00895	0.00764	0.01209	0.00221	0.33044	0.00560	0.00289	0.00828
4	0.01290	0.14620	0.64404	0.01639	0.02486	0.01573	0.02078	0.01923	0.01285	0.01863	0.01061	0.01245	0.00777	0.00573	0.00553	0.00184	0.00867	0.00433	0.00259	0.00887
5	0.01290	0.14620	0.64404	0.01639	0.02486	0.01573	0.02078	0.01923	0.01285	0.01863	0.01061	0.01245	0.00777	0.00573	0.00553	0.00184	0.00867	0.00433	0.00259	0.00887
6	0.01175	0.01020	0.01611	0.02190	0.35984	0.00995	0.01196	0.01499	0.01572	0.02238	0.39543	0.03119	0.03490	0.00916	0.00667	0.00187	0.00497	0.00840	0.00498	0.00764
7	0.00783	0.00609	0.00720	0.00775	0.00919	0.00546	0.00583	0.00957	0.01368	0.01733	0.11544	0.25852	0.37641	0.01644	0.00758	0.00228	0.00359	0.11878	0.00578	0.00524
8	0.00807	0.00591	0.00840	0.00915	0.00985	0.00625	0.00662	0.00967	0.01082	0.01495	0.02549	0.42101	0.02851	0.03189	0.36576	0.00598	0.00966	0.01225	0.00454	0.00521
9	0.01564	0.01194	0.01258	0.01034	0.01389	0.01241	0.00831	0.38512	0.02173	0.02810	0.03719	0.03572	0.35932	0.01123	0.00665	0.00195	0.00501	0.00903	0.00591	0.00792
10	0.01941	0.01591	0.02145	0.02525	0.36500	0.01687	0.01504	0.38987	0.02172	0.02974	0.01318	0.01491	0.01007	0.00645	0.00609	0.00183	0.00699	0.00548	0.00465	0.01007
11	0.01637	0.01688	0.01739	0.37381	0.02952	0.22061	0.01394	0.08917	0.12510	0.01918	0.01299	0.01569	0.00990	0.00662	0.00597	0.00190	0.00831	0.00526	0.00370	0.00767

[dist]
# distance from previous block
# <min> <max>
21	28

[block]
# block no. 9 follows, 37 sequences, length 24
# corresponding to MSA columns:
# 571-594
name=unknown_J
#
# <colnr> <probs for GDERKNQSTAVLIFYWHMCP>
#	G	D	E	R	K	N	Q	S	T	A	V	L	I	F	Y	W	H	M	C	P
0	0.00992	0.00783	0.01147	0.19999	0.01923	0.00837	0.01069	0.01295	0.01403	0.01829	0.11997	0.05207	0.09017	0.01354	0.00761	0.00245	0.00571	0.38475	0.00505	0.00591
1	0.01033	0.00751	0.00946	0.00960	0.01083	0.00782	0.00695	0.12460	0.01395	0.01886	0.02647	0.46915	0.02967	0.05729	0.16270	0.00404	0.00680	0.01288	0.00517	0.00589
2	0.01413	0.01456	0.02668	0.01947	0.02504	0.01361	0.43019	0.02064	0.13013	0.02066	0.01403	0.01658	0.01075	0.00551	0.00639	0.00178	0.00799	0.00628	0.00373	0.21186
3	0.01534	0.01245	0.01411	0.01032	0.01562	0.01086	0.00835	0.19301	0.01671	0.02460	0.01183	0.01319	0.00940	0.00524	0.00493	0.00114	0.00508	0.00410	0.00425	0.61946
4	0.00723	0.00620	0.00620	0.00620	0.00827	0.00517	0.00465	0.00878	0.01395	0.01654	0.06201	0.05891	0.74421	0.01550	0.00723	0.00207	0.00310	0.01292	0.00568	0.00517
5	0.00746	0.00533	0.00710	0.00852	0.00888	0.00497	0.00568	0.00852	0.01172	0.01563	0.03374	0.78088	0.04049	0.01918	0.00781	0.00249	0.00355	0.01740	0.00568	0.00497
6	0.01384	0.02011	0.21423	0.02314	0.02968	0.01536	0.50707	0.01926	0.01377	0.01926	0.01178	0.01543	0.00883	0.00565	0.00763	0.00207	0.05514	0.00644	0.00294	0.00836
7	0.02674	0.01058	0.01418	0.01098	0.01564	0.00937	0.00904	0.02999	0.05999	0.70804	0.02419	0.02095	0.01536	0.00762	0.00616	0.00190	0.00519	0.00620	0.00750	0.01037
8	0.02746	0.01042	0.01421	0.01089	0.01563	0.00900	0.00900	0.02983	0.01752	0.75093	0.02415	0.02083	0.01515	0.00758	0.00616	0.00189	0.00521	0.00616	0.00758	0.01042
9	0.00723	0.00620	0.00620	0.00620	0.00827	0.00517	0.00465	0.00878	0.01395	0.01654	0.06201	0.05891	0.74421	0.01550	0.00723	0.00207	0.00310	0.01292	0.00568	0.00517
10	0.01515	0.01454	0.02485	0.03757	0.74669	0.01454	0.01879	0.01879	0.01394	0.02000	0.01151	0.01515	0.00970	0.00545	0.00606	0.00182	0.00727	0.00545	0.00303	0.00970
11	0.02746	0.01042	0.01421	0.01089	0.01563	0.00900	0.00900	0.02983	0.01752	0.75093	0.02415	0.02083	0.01515	0.00758	0.00616	0.00189	0.00521	0.00616	0.00758	0.01042
12	0.01449	0.01777	0.19854	0.01370	0.01856	0.01497	0.01292	0.02924	0.55508	0.02405	0.02143	0.02036	0.01595	0.00768	0.00613	0.00204	0.00589	0.00632	0.00532	0.00953
13	0.01269	0.01088	0.01269	0.00907	0.01451	0.00816	0.00725	0.01541	0.01269	0.01995	0.01088	0.01269	0.00907	0.00453	0.00453	0.00091	0.00453	0.00363	0.00363	0.82229
14	0.01515	0.01454	0.02485	0.03757	0.74669	0.01454	0.01879	0.01879	0.01394	0.02000	0.01151	0.01515	0.00970	0.00545	0.00606	0.00182	0.00727	0.00545	0.00303	0.00970
15	0.00866	0.00626	0.00818	0.00770	0.00914	0.00578	0.00578	0.01155	0.01733	0.02455	0.74346	0.04572	0.05776	0.01251	0.00722	0.00193	0.00289	0.01107	0.00674	0.00578
16	0.01228	0.03166	0.75316	0.01745	0.02649	0.01422	0.02262	0.01939	0.01292	0.01939	0.01099	0.01292	0.00775	0.00582	0.00582	0.00194	0.00905	0.00452	0.00258	0.00905
17	0.00866	0.00626	0.00818	0.00770	0.00914	0.00578	0.00578	0.01155	0.01733	0.02455	0.74346	0.04572	0.05776	0.01251	0.00722	0.00193	0.00289	0.01107	0.00674	0.00578
18	0.01228	0.03166	0.75316	0.01745	0.02649	0.01422	0.02262	0.01939	0.01292	0.01939	0.01099	0.01292	0.00775	0.00582	0.00582	0.00194	0.00905	0.00452	0.00258	0.00905
19	0.01156	0.01088	0.01836	0.77016	0.04216	0.01360	0.01700	0.01564	0.01224	0.01564	0.01088	0.01632	0.00816	0.00612	0.00612	0.00204	0.00816	0.00544	0.00272	0.00680
20	0.00723	0.00620	0.00620	0.00620	0.00827	0.00517	0.00465	0.00878	0.01395	0.01654	0.06201	0.05891	0.74421	0.01550	0.00723	0.00207	0.00310	0.01292	0.00568	0.00517
21	0.01742	0.17673	0.02248	0.01541	0.01857	0.21094	0.08504	0.07111	0.07214	0.01782	0.01078	0.01322	0.00911	0.00745	0.00958	0.00194	0.22430	0.00489	0.00336	0.00770
22	0.01578	0.16727	0.43694	0.01532	0.02263	0.01725	0.01764	0.19579	0.01680	0.02326	0.01146	0.01280	0.00844	0.00609	0.00555	0.00180	0.00801	0.00454	0.00348	0.00917
23	0.01551	0.01190	0.01772	0.02216	0.35194	0.01086	0.01253	0.01845	0.01421	0.13739	0.01982	0.02102	0.10389	0.00684	0.00584	0.00163	0.00572	0.00606	0.00425	0.21225

[dist]
# distance from previous block
# <min> <max>
0	2

[block]
# block no. 10 follows, 37 sequences, length 11
# corresponding to MSA columns:
# 597-607
name=unknown_K
#
# <colnr> <probs for GDERKNQSTAVLIFYWHMCP>
#	G	D	E	R	K	N	Q	S	T	A	V	L	I	F	Y	W	H	M	C	P
0	0.00890	0.00735	0.00954	0.01105	0.10805	0.00668	0.00702	0.01128	0.01536	0.02034	0.33929	0.04752	0.35915	0.01290	0.00707	0.00197	0.00357	0.01114	0.00577	0.00603
1	0.01278	0.01151	0.01875	0.02664	0.47675	0.01133	0.01402	0.01614	0.01518	0.02166	0.27940	0.02634	0.02729	0.00804	0.00648	0.00186	0.00567	0.00751	0.00439	0.00826
2	0.00866	0.00626	0.00818	0.00770	0.00914	0.00578	0.00578	0.01155	0.01733	0.02455	0.74346	0.04572	0.05776	0.01251	0.00722	0.00193	0.00289	0.01107	0.00674	0.00578
3	0.01599	0.01574	0.02119	0.02873	0.47955	0.09412	0.01568	0.02295	0.20160	0.02092	0.01477	0.01671	0.01184	0.00628	0.00605	0.00186	0.00704	0.00567	0.00387	0.00942
4	0.01815	0.29639	0.02059	0.01141	0.01578	0.01724	0.00983	0.02678	0.32405	0.16987	0.01875	0.01766	0.01400	0.00703	0.00537	0.00176	0.00554	0.00543	0.00518	0.00917
5	0.01357	0.27070	0.52543	0.01524	0.02309	0.01738	0.01878	0.01905	0.01277	0.01781	0.01020	0.01194	0.00779	0.00563	0.00522	0.00174	0.00826	0.00413	0.00260	0.00867
6	0.01489	0.01526	0.02897	0.03326	0.48511	0.01489	0.27706	0.01909	0.01412	0.01986	0.01183	0.01565	0.00955	0.00535	0.00649	0.00191	0.00839	0.00610	0.00305	0.00917
7	0.00961	0.00794	0.01051	0.01070	0.01174	0.00884	0.00870	0.01148	0.01255	0.01661	0.03367	0.19281	0.18414	0.01567	0.01065	0.00256	0.17558	0.26559	0.00500	0.00564
8	0.01280	0.32238	0.13523	0.01170	0.01580	0.01571	0.01177	0.01568	0.01286	0.01643	0.02110	0.03107	0.10148	0.00987	0.00702	0.00198	0.06734	0.17897	0.00373	0.00708
9	0.01123	0.04218	0.04874	0.01487	0.01834	0.01058	0.25446	0.01472	0.01474	0.02048	0.28259	0.13538	0.03130	0.01004	0.00745	0.00202	0.03148	0.00963	0.00476	0.03498
10	0.01665	0.01421	0.01885	0.01555	0.06628	0.01438	0.10640	0.23223	0.11499	0.02596	0.01399	0.01538	0.01078	0.00639	0.00661	0.00166	0.05110	0.00534	0.00456	0.25867

[dist]
# distance from previous block
# <min> <max>
6	26

[block]
# block no. 11 follows, 37 sequences, length 26
# corresponding to MSA columns:
# 642-667
name=unknown_L
#
# <colnr> <probs for GDERKNQSTAVLIFYWHMCP>
#	G	D	E	R	K	N	Q	S	T	A	V	L	I	F	Y	W	H	M	C	P
0	0.01156	0.01088	0.01836	0.77016	0.04216	0.01360	0.01700	0.01564	0.01224	0.01564	0.01088	0.01632	0.00816	0.00612	0.00612	0.00204	0.00816	0.00544	0.00272	0.00680
1	0.01420	0.01577	0.03200	0.02349	0.02822	0.01626	0.55586	0.01845	0.01325	0.01845	0.01135	0.01577	0.00899	0.00648	0.01027	0.00221	0.19131	0.00678	0.00300	0.00789
2	0.02287	0.02917	0.01735	0.01577	0.01892	0.76030	0.01183	0.02444	0.01735	0.01498	0.00946	0.01104	0.00788	0.00631	0.00552	0.00158	0.01104	0.00394	0.00315	0.00710
3	0.00746	0.00533	0.00710	0.00852	0.00888	0.00497	0.00568	0.00852	0.01172	0.01563	0.03374	0.78088	0.04049	0.01918	0.00781	0.00249	0.00355	0.01740	0.00568	0.00497
4	0.01228	0.03166	0.75316	0.01745	0.02649	0.01422	0.02262	0.01939	0.01292	0.01939	0.01099	0.01292	0.00775	0.00582	0.00582	0.00194	0.00905	0.00452	0.00258	0.00905
5	0.01523	0.01315	0.01384	0.01246	0.01592	0.01523	0.00969	0.03253	0.73563	0.02561	0.02491	0.02284	0.01869	0.00830	0.00623	0.00208	0.00484	0.00692	0.00623	0.00969
6	0.00723	0.00620	0.00620	0.00620	0.00827	0.00517	0.00465	0.00878	0.01395	0.01654	0.06201	0.05891	0.74421	0.01550	0.00723	0.00207	0.00310	0.01292	0.00568	0.00517
7	0.00866	0.00626	0.00818	0.00770	0.00914	0.00578	0.00578	0.01155	0.01733	0.02455	0.74346	0.04572	0.05776	0.01251	0.00722	0.00193	0.00289	0.01107	0.00674	0.00578
8	0.01286	0.02762	0.56184	0.01968	0.02796	0.01455	0.20988	0.01944	0.01333	0.01944	0.01136	0.01388	0.00816	0.00564	0.00619	0.00197	0.00939	0.00524	0.00272	0.00884
9	0.02746	0.01042	0.01421	0.01089	0.01563	0.00900	0.00900	0.02983	0.01752	0.75093	0.02415	0.02083	0.01515	0.00758	0.00616	0.00189	0.00521	0.00616	0.00758	0.01042
10	0.00723	0.00620	0.00620	0.00620	0.00827	0.00517	0.00465	0.00878	0.01395	0.01654	0.06201	0.05891	0.74421	0.01550	0.00723	0.00207	0.00310	0.01292	0.00568	0.00517
