[name]
unknown

[dist]
# distance from previous block
# <min> <max>
8	373

[block]
# block no. 0 follows, 46 sequences, length 11
# corresponding to MSA columns:
# 373-383
name=unknown_A
#
# <colnr> <probs for GDERKNQSTAVLIFYWHMCP>
#	G	D	E	R	K	N	Q	S	T	A	V	L	I	F	Y	W	H	M	C	P
0	0.01282	0.01047	0.01134	0.01007	0.01286	0.01153	0.00779	0.14724	0.44488	0.02198	0.02162	0.15580	0.04146	0.00866	0.00554	0.00176	0.00420	0.00733	0.00513	0.05750
1	0.01243	0.01381	0.02867	0.02228	0.09413	0.01361	0.61241	0.01641	0.01196	0.01650	0.01022	0.01386	0.00793	0.00501	0.00737	0.00182	0.09594	0.00592	0.00263	0.00709
2	0.01186	0.01216	0.01545	0.01344	0.01367	0.07471	0.01103	0.01302	0.00875	0.01279	0.00847	0.06300	0.00874	0.00943	0.01570	0.00223	0.69213	0.00520	0.00251	0.00571
3	0.00998	0.00940	0.01586	0.80150	0.03641	0.01175	0.01468	0.01351	0.01057	0.01351	0.00940	0.01409	0.00705	0.00529	0.00529	0.00176	0.00705	0.00470	0.00235	0.00587
4	0.01573	0.01078	0.01203	0.01043	0.01369	0.01184	0.00822	0.02752	0.58696	0.20835	0.02136	0.01930	0.01539	0.00702	0.00536	0.00175	0.00426	0.00582	0.00566	0.00852
5	0.00684	0.00481	0.00598	0.00674	0.00701	0.00458	0.00430	0.00748	0.00940	0.01246	0.02613	0.51873	0.06412	0.28046	0.01340	0.00312	0.00373	0.01242	0.00434	0.00394
6	0.00802	0.00635	0.00939	0.00912	0.00996	0.00772	0.00719	0.00982	0.00845	0.01232	0.01332	0.01970	0.01248	0.03611	0.70286	0.00778	0.10625	0.00554	0.00277	0.00484
7	0.00952	0.00497	0.00513	0.00511	0.00623	0.00495	0.00373	0.01176	0.01101	0.01894	0.06247	0.02223	0.01622	0.07936	0.00594	0.00161	0.00271	0.00545	0.71789	0.00478
8	0.00755	0.00566	0.00850	0.00850	0.00944	0.00661	0.00661	0.00944	0.00850	0.01227	0.01416	0.02077	0.01322	0.03965	0.79326	0.00850	0.01416	0.00566	0.00283	0.00472
9	0.00717	0.00513	0.00691	0.00774	0.00848	0.00487	0.00576	0.00881	0.01175	0.01588	0.20866	0.45325	0.03750	0.01473	0.00675	0.00210	0.00334	0.18146	0.00512	0.00459
10	0.00674	0.00493	0.00595	0.00655	0.00731	0.00451	0.00448	0.00787	0.01084	0.01430	0.10548	0.44111	0.21712	0.09911	0.00860	0.00230	0.00311	0.01244	0.03296	0.00431

[dist]
# distance from previous block
# <min> <max>
0	2

[block]
# block no. 1 follows, 46 sequences, length 7
# corresponding to MSA columns:
# 387-393
name=unknown_B
#
# <colnr> <probs for GDERKNQSTAVLIFYWHMCP>
#	G	D	E	R	K	N	Q	S	T	A	V	L	I	F	Y	W	H	M	C	P
0	0.00653	0.00511	0.00591	0.00626	0.00745	0.00450	0.00448	0.00792	0.01190	0.01521	0.17002	0.30569	0.40218	0.01402	0.00641	0.00189	0.00278	0.01219	0.00507	0.00450
1	0.00918	0.00459	0.00689	0.00689	0.00689	0.00459	0.00459	0.00689	0.00689	0.00918	0.00918	0.01607	0.00918	0.01837	0.02066	0.84619	0.00459	0.00459	0.00230	0.00230
2	0.00625	0.00536	0.00536	0.00536	0.00714	0.00446	0.00402	0.00759	0.01205	0.01428	0.05355	0.05088	0.77909	0.01339	0.00625	0.00179	0.00268	0.01116	0.00491	0.00446
3	0.00735	0.00498	0.00586	0.00619	0.00628	0.00490	0.00366	0.00760	0.00834	0.01112	0.02000	0.24265	0.02344	0.60040	0.02150	0.00433	0.00457	0.00966	0.00366	0.00350
4	0.00644	0.00460	0.00613	0.00736	0.00767	0.00429	0.00491	0.00736	0.01012	0.01350	0.02914	0.81076	0.03497	0.01656	0.00675	0.00215	0.00307	0.01503	0.00491	0.00429
5	0.00639	0.00480	0.00593	0.00682	0.00753	0.00434	0.00467	0.00742	0.01064	0.01371	0.03568	0.60707	0.23443	0.01571	0.00661	0.00205	0.00296	0.01399	0.00491	0.00434
6	0.00663	0.00537	0.00564	0.00573	0.00719	0.00468	0.00420	0.00784	0.01137	0.01376	0.04599	0.04894	0.60769	0.13899	0.00956	0.00235	0.00321	0.06193	0.00464	0.00429

[dist]
# distance from previous block
# <min> <max>
0	5

[block]
# block no. 2 follows, 46 sequences, length 14
# corresponding to MSA columns:
# 399-412
name=unknown_C
#
# <colnr> <probs for GDERKNQSTAVLIFYWHMCP>
#	G	D	E	R	K	N	Q	S	T	A	V	L	I	F	Y	W	H	M	C	P
0	0.02041	0.00848	0.01125	0.00903	0.01252	0.00750	0.00729	0.05304	0.01473	0.61304	0.02346	0.11787	0.06050	0.00818	0.00555	0.00171	0.00427	0.00684	0.00619	0.00815
1	0.85155	0.01022	0.00777	0.00695	0.01022	0.01186	0.00573	0.01554	0.00900	0.02372	0.00736	0.00859	0.00573	0.00491	0.00327	0.00164	0.00409	0.00286	0.00327	0.00573
2	0.00852	0.00608	0.00852	0.00974	0.01095	0.00608	0.00852	0.01095	0.01217	0.01582	0.02799	0.05963	0.03042	0.01460	0.00730	0.00243	0.00487	0.74565	0.00487	0.00487
3	0.00755	0.00566	0.00850	0.00850	0.00944	0.00661	0.00661	0.00944	0.00850	0.01227	0.01416	0.02077	0.01322	0.03965	0.79326	0.00850	0.01416	0.00566	0.00283	0.00472
4	0.01194	0.01139	0.01939	0.31589	0.50672	0.01226	0.01566	0.01522	0.01150	0.01588	0.00974	0.01346	0.00788	0.00492	0.00525	0.00164	0.00656	0.00471	0.00252	0.00745
5	0.00755	0.00566	0.00850	0.00850	0.00944	0.00661	0.00661	0.00944	0.00850	0.01227	0.01416	0.02077	0.01322	0.03965	0.79326	0.00850	0.01416	0.00566	0.00283	0.00472
6	0.00727	0.00560	0.00677	0.00707	0.00855	0.00511	0.00570	0.00922	0.01275	0.01634	0.20848	0.05116	0.37098	0.01320	0.00659	0.00197	0.00335	0.25007	0.00510	0.00471
7	0.64835	0.01199	0.00969	0.00832	0.01173	0.06108	0.00679	0.15234	0.01226	0.02480	0.00838	0.00940	0.00639	0.00520	0.00373	0.00161	0.00474	0.00324	0.00361	0.00635
8	0.01661	0.01685	0.01472	0.04529	0.01622	0.30089	0.03124	0.23103	0.08079	0.01971	0.01367	0.01483	0.05639	0.00806	0.03895	0.00190	0.07730	0.00483	0.00377	0.00696
9	0.01221	0.15843	0.01278	0.00870	0.01118	0.18617	0.00700	0.04034	0.01401	0.04170	0.27596	0.02756	0.16662	0.00864	0.00532	0.00152	0.00488	0.00693	0.00431	0.00575
10	0.12114	0.05325	0.41109	0.01236	0.01791	0.04732	0.01376	0.06884	0.07335	0.06626	0.01211	0.05871	0.00955	0.00604	0.00488	0.00166	0.00641	0.00467	0.00328	0.00742
11	0.06711	0.01677	0.01413	0.05573	0.01625	0.29870	0.00967	0.21237	0.08155	0.09714	0.01282	0.01338	0.02747	0.00628	0.00563	0.00158	0.04765	0.00446	0.00404	0.00725
12	0.12420	0.01300	0.01268	0.01071	0.01375	0.13761	0.05459	0.24746	0.05944	0.02197	0.03600	0.07762	0.12417	0.00812	0.00535	0.00168	0.00553	0.03502	0.00437	0.00671
13	0.09598	0.01443	0.01250	0.01064	0.01371	0.23353	0.02708	0.18948	0.01519	0.03826	0.01473	0.14339	0.03952	0.00750	0.00505	0.00152	0.00594	0.00593	0.00396	0.12166

[dist]
# distance from previous block
# <min> <max>
12	31

[block]
# block no. 3 follows, 46 sequences, length 54
# corresponding to MSA columns:
# 445-498
name=unknown_D
#
# <colnr> <probs for GDERKNQSTAVLIFYWHMCP>
#	G	D	E	R	K	N	Q	S	T	A	V	L	I	F	Y	W	H	M	C	P
0	0.01464	0.09551	0.03149	0.08057	0.01652	0.01267	0.05902	0.18663	0.14473	0.10793	0.01675	0.04752	0.02912	0.03741	0.00660	0.00186	0.03150	0.06783	0.00441	0.00731
1	0.07093	0.12479	0.12221	0.05601	0.13588	0.01413	0.03147	0.24264	0.04349	0.02155	0.01220	0.06229	0.01029	0.00631	0.00501	0.00161	0.00592	0.02204	0.00365	0.00759
2	0.01381	0.08668	0.04344	0.22647	0.06547	0.01331	0.05045	0.14978	0.16924	0.06572	0.01417	0.01556	0.02680	0.00694	0.02786	0.00185	0.00615	0.00506	0.00383	0.00742
3	0.01496	0.01112	0.07987	0.01032	0.01369	0.04780	0.05194	0.07840	0.02519	0.26177	0.06197	0.08087	0.13404	0.00866	0.00608	0.00173	0.03167	0.04551	0.00490	0.02951
4	0.01175	0.01205	0.02103	0.21710	0.07706	0.05075	0.31538	0.04719	0.02598	0.01611	0.01285	0.12115	0.01153	0.00663	0.00617	0.00180	0.02921	0.00667	0.00304	0.00653
5	0.01078	0.00986	0.01254	0.23975	0.12618	0.07538	0.01014	0.03791	0.04617	0.03340	0.06086	0.07194	0.18819	0.00862	0.00570	0.00175	0.00536	0.04566	0.00378	0.00602
6	0.01030	0.05750	0.12086	0.05314	0.16805	0.00959	0.00983	0.05622	0.01064	0.01464	0.01394	0.08252	0.01411	0.28155	0.07212	0.00334	0.00643	0.00637	0.00308	0.00578
7	0.01725	0.01596	0.20743	0.01585	0.15932	0.07156	0.01281	0.06290	0.01371	0.30314	0.01374	0.01405	0.00954	0.00588	0.00588	0.00165	0.05239	0.00463	0.00413	0.00818
8	0.01082	0.00982	0.01524	0.03720	0.32956	0.00979	0.06806	0.05236	0.04037	0.01652	0.02240	0.02529	0.20429	0.08011	0.05305	0.00237	0.00584	0.00682	0.00350	0.00660
9	0.01212	0.01293	0.01136	0.07969	0.01391	0.27603	0.00834	0.01370	0.01093	0.01249	0.01326	0.01866	0.04379	0.10898	0.28996	0.00444	0.05616	0.00521	0.00285	0.00518
10	0.01178	0.05666	0.02307	0.27003	0.16580	0.01300	0.29802	0.01537	0.01149	0.01558	0.01000	0.01372	0.00782	0.00500	0.00594	0.00171	0.03707	0.00519	0.02593	0.00683
11	0.01299	0.04328	0.29665	0.08216	0.01975	0.01243	0.05653	0.10746	0.17130	0.06741	0.02597	0.05609	0.01159	0.00639	0.00530	0.00171	0.00621	0.00536	0.00375	0.00767
12	0.01054	0.21383	0.07899	0.38142	0.02393	0.01287	0.01178	0.01334	0.01030	0.01322	0.01083	0.06017	0.00974	0.05098	0.07513	0.00238	0.00705	0.00500	0.00255	0.00593
13	0.00985	0.00493	0.00493	0.00493	0.00616	0.00493	0.00370	0.01232	0.01109	0.01971	0.01725	0.01971	0.01355	0.00616	0.00370	0.00123	0.00246	0.00493	0.84356	0.00493
14	0.01942	0.01480	0.01321	0.01120	0.01459	0.24253	0.00880	0.07059	0.22331	0.30032	0.01677	0.01563	0.01181	0.00638	0.00517	0.00159	0.00599	0.00490	0.00501	0.00797
15	0.01227	0.12859	0.01524	0.01016	0.01336	0.05297	0.00850	0.03143	0.01063	0.01538	0.00840	0.01074	0.00739	0.00569	0.00780	0.00133	0.23624	0.00357	0.00280	0.41750
16	0.00800	0.00643	0.00763	0.00725	0.00923	0.00551	0.00527	0.01002	0.04355	0.01510	0.02792	0.39489	0.17348	0.01187	0.00577	0.00167	0.00328	0.01043	0.00441	0.24828
17	0.05851	0.05896	0.09620	0.01066	0.03084	0.02456	0.04113	0.16338	0.03984	0.05726	0.01217	0.01583	0.01026	0.12559	0.04733	0.00227	0.00591	0.00468	0.00363	0.19099
18	0.10697	0.01313	0.01909	0.01477	0.01845	0.08089	0.27832	0.10515	0.05369	0.09432	0.03256	0.01606	0.01073	0.00730	0.03381	0.00199	0.06926	0.03278	0.00371	0.00702
19	0.00639	0.00490	0.00586	0.00659	0.00747	0.00437	0.00457	0.00749	0.01094	0.01393	0.05206	0.50799	0.31798	0.01525	0.00655	0.00200	0.00291	0.01346	0.00492	0.00437
20	0.05678	0.00865	0.01304	0.01071	0.01320	0.02613	0.16617	0.01409	0.07798	0.04654	0.42351	0.04369	0.03244	0.00880	0.00598	0.00173	0.00442	0.03536	0.00488	0.00592
21	0.01090	0.00891	0.01296	0.41531	0.02429	0.01000	0.01084	0.01551	0.12483	0.06422	0.01515	0.12993	0.01336	0.00731	0.00540	0.00172	0.00550	0.02156	0.00357	0.09871
22	0.25423	0.04122	0.04712	0.07010	0.04573	0.00916	0.00776	0.01368	0.01068	0.10189	0.04316	0.25366	0.01794	0.02053	0.00569	0.00186	0.02097	0.02473	0.00404	0.00584
23	0.01233	0.41476	0.41457	0.01211	0.01831	0.01651	0.01439	0.01629	0.01096	0.01463	0.00844	0.00985	0.00674	0.00478	0.00422	0.00141	0.00675	0.00338	0.00225	0.00731
24	0.01214	0.37180	0.45585	0.01244	0.01882	0.01604	0.01496	0.01634	0.01098	0.01487	0.00856	0.00999	0.00673	0.00480	0.00431	0.00144	0.00687	0.00344	0.00224	0.00736
25	0.85155	0.01022	0.00777	0.00695	0.01022	0.01186	0.00573	0.01554	0.00900	0.02372	0.00736	0.00859	0.00573	0.00491	0.00327	0.00164	0.00409	0.00286	0.00327	0.00573
26	0.85155	0.01022	0.00777	0.00695	0.01022	0.01186	0.00573	0.01554	0.00900	0.02372	0.00736	0.00859	0.00573	0.00491	0.00327	0.00164	0.00409	0.00286	0.00327	0.00573
27	0.01018	0.00764	0.00836	0.00756	0.00969	0.00759	0.00579	0.16241	0.05652	0.04285	0.06793	0.11373	0.38415	0.05090	0.03848	0.00220	0.00406	0.00932	0.00494	0.00569
28	0.00644	0.00480	0.00593	0.00683	0.00748	0.00436	0.00464	0.00743	0.01051	0.01358	0.03461	0.60243	0.21369	0.04180	0.00728	0.00216	0.00304	0.01386	0.00485	0.00430
29	0.01152	0.14369	0.64169	0.01412	0.02123	0.04718	0.01759	0.01680	0.01126	0.01594	0.00912	0.01070	0.00671	0.00497	0.00477	0.00158	0.00757	0.00373	0.00226	0.00759
30	0.85155	0.01022	0.00777	0.00695	0.01022	0.01186	0.00573	0.01554	0.00900	0.02372	0.00736	0.00859	0.00573	0.00491	0.00327	0.00164	0.00409	0.00286	0.00327	0.00573
31	0.00918	0.00459	0.00689	0.00689	0.00689	0.00459	0.00459	0.00689	0.00689	0.00918	0.00918	0.01607	0.00918	0.01837	0.02066	0.84619	0.00459	0.00459	0.00230	0.00230
32	0.01395	0.01244	0.01758	0.02177	0.38664	0.01327	0.03336	0.11230	0.29051	0.02100	0.01452	0.01549	0.01127	0.00580	0.00532	0.00166	0.00553	0.00522	0.00395	0.00841
33	0.00644	0.00460	0.00613	0.00736	0.00767	0.00429	0.00491	0.00736	0.01012	0.01350	0.02914	0.81076	0.03497	0.01656	0.00675	0.00215	0.00307	0.01503	0.00491	0.00429
34	0.01239	0.01487	0.06633	0.02195	0.02741	0.01332	0.72751	0.01693	0.01242	0.01693	0.01064	0.01412	0.00796	0.00448	0.00618	0.00178	0.00886	0.00613	0.00265	0.00716
35	0.85155	0.01022	0.00777	0.00695	0.01022	0.01186	0.00573	0.01554	0.00900	0.02372	0.00736	0.00859	0.00573	0.00491	0.00327	0.00164	0.00409	0.00286	0.00327	0.00573
36	0.00735	0.00540	0.00688	0.00651	0.00781	0.00493	0.00488	0.00971	0.01464	0.02044	0.69867	0.04074	0.13013	0.01109	0.00624	0.00168	0.00251	0.00974	0.00572	0.00493
37	0.00642	0.00470	0.00603	0.00710	0.00760	0.00432	0.00479	0.00739	0.01037	0.01360	0.03233	0.71136	0.13231	0.01615	0.00668	0.00210	0.00302	0.01452	0.00491	0.00432
38	0.00693	0.00495	0.00667	0.00775	0.00831	0.00470	0.00560	0.00827	0.01094	0.01461	0.09466	0.60003	0.03541	0.01568	0.00681	0.00216	0.00336	0.15370	0.00498	0.00446
39	0.00687	0.00498	0.00649	0.00696	0.00774	0.00459	0.00490	0.00847	0.01225	0.01677	0.34494	0.44907	0.07833	0.01399	0.00651	0.00193	0.00281	0.01254	0.00529	0.00459
40	0.00630	0.00533	0.00545	0.00547	0.00719	0.00448	0.00408	0.00767	0.01209	0.01451	0.07966	0.07688	0.72610	0.01340	0.00626	0.00179	0.00268	0.01123	0.00494	0.00448
41	0.00998	0.00940	0.01586	0.80150	0.03641	0.01175	0.01468	0.01351	0.01057	0.01351	0.00940	0.01409	0.00705	0.00529	0.00529	0.00176	0.00705	0.00470	0.00235	0.00587
42	0.01157	0.01157	0.01619	0.01388	0.01388	0.01619	0.01157	0.01272	0.00810	0.01272	0.00694	0.01157	0.00694	0.00925	0.01735	0.00231	0.80453	0.00463	0.00231	0.00578
43	0.85155	0.01022	0.00777	0.00695	0.01022	0.01186	0.00573	0.01554	0.00900	0.02372	0.00736	0.00859	0.00573	0.00491	0.00327	0.00164	0.00409	0.00286	0.00327	0.00573
44	0.01340	0.72803	0.02543	0.00878	0.01294	0.01916	0.00860	0.01519	0.01121	0.01340	0.09221	0.01189	0.01153	0.00521	0.00371	0.00119	0.00531	0.00357	0.00265	0.00659
45	0.00998	0.00940	0.01586	0.80150	0.03641	0.01175	0.01468	0.01351	0.01057	0.01351	0.00940	0.01409	0.00705	0.00529	0.00529	0.00176	0.00705	0.00470	0.00235	0.00587
46	0.68764	0.01026	0.00883	0.00757	0.01101	0.01146	0.00624	0.05279	0.01067	0.13838	0.00964	0.01020	0.00699	0.00522	0.00367	0.00163	0.00423	0.00332	0.00386	0.00637
47	0.01313	0.01023	0.01181	0.00860	0.01319	0.00856	0.00695	0.13242	0.01339	0.06338	0.01057	0.01163	0.00831	0.00445	0.00421	0.00096	0.00425	0.00351	0.00367	0.66678
48	0.00775	0.00568	0.00755	0.00858	0.00971	0.00548	0.00710	0.00972	0.01175	0.01512	0.03222	0.20683	0.14845	0.01480	0.00703	0.00228	0.00417	0.48624	0.00488	0.00469
49	0.01957	0.01332	0.01378	0.01100	0.01469	0.09829	0.00890	0.37055	0.06170	0.23755	0.08213	0.01655	0.01387	0.00674	0.00533	0.00159	0.00548	0.00525	0.00541	0.00829
50	0.01157	0.01157	0.01619	0.01388	0.01388	0.01619	0.01157	0.01272	0.00810	0.01272	0.00694	0.01157	0.00694	0.00925	0.01735	0.00231	0.80453	0.00463	0.00231	0.00578
51	0.00756	0.00545	0.00718	0.00697	0.00819	0.00508	0.00533	0.01000	0.01456	0.02047	0.68517	0.06212	0.04758	0.01133	0.00635	0.00175	0.00274	0.08149	0.00570	0.00496
52	0.01017	0.00969	0.01631	0.72115	0.03449	0.01212	0.03525	0.01354	0.01044	0.01354	0.00925	0.01391	0.00707	0.00556	0.00621	0.00180	0.06650	0.00474	0.00236	0.00590
53	0.35878	0.18748	0.01448	0.00890	0.01275	0.01432	0.00766	0.17130	0.04866	0.08737	0.01033	0.01081	0.00781	0.00533	0.00401	0.00149	0.00482	0.00361	0.00384	0.03627

[dist]
# distance from previous block
# <min> <max>
0	1

[block]
# block no. 4 follows, 46 sequences, length 7
# corresponding to MSA columns:
# 500-506
name=unknown_E
#
# <colnr> <probs for GDERKNQSTAVLIFYWHMCP>
#	G	D	E	R	K	N	Q	S	T	A	V	L	I	F	Y	W	H	M	C	P
0	0.05205	0.04401	0.04088	0.01170	0.04517	0.19091	0.00931	0.07988	0.06328	0.14163	0.01439	0.01917	0.01205	0.00691	0.00552	0.00158	0.03296	0.10734	0.00405	0.11721
1	0.35721	0.01448	0.16062	0.01056	0.01439	0.01319	0.01007	0.17994	0.01307	0.02293	0.04456	0.01181	0.00883	0.00609	0.00604	0.00172	0.11014	0.00402	0.00351	0.00682
2	0.00662	0.00527	0.00594	0.00598	0.00742	0.00459	0.00441	0.00823	0.01261	0.01611	0.25320	0.14739	0.47740	0.01308	0.00631	0.00180	0.00268	0.01122	0.00516	0.00459
3	0.01608	0.54292	0.02329	0.01063	0.01453	0.28841	0.00945	0.01766	0.01221	0.01261	0.00763	0.00885	0.00679	0.00484	0.00387	0.00121	0.00700	0.00303	0.00242	0.00656
4	0.00985	0.00493	0.00493	0.00493	0.00616	0.00493	0.00370	0.01232	0.01109	0.01971	0.01725	0.01971	0.01355	0.00616	0.00370	0.00123	0.00246	0.00493	0.84356	0.00493
5	0.62511	0.01147	0.00997	0.00837	0.01190	0.01309	0.00690	0.21927	0.01332	0.02633	0.00881	0.00971	0.00661	0.00530	0.00382	0.00162	0.00456	0.00338	0.00382	0.00661
6	0.00908	0.00617	0.00823	0.00778	0.00906	0.00637	0.00598	0.01090	0.01161	0.08478	0.25156	0.06094	0.12610	0.07243	0.22586	0.00388	0.05876	0.03094	0.00447	0.00511

[dist]
# distance from previous block
# <min> <max>
1	4

[block]
# block no. 5 follows, 46 sequences, length 17
# corresponding to MSA columns:
# 511-527
name=unknown_F
#
# <colnr> <probs for GDERKNQSTAVLIFYWHMCP>
#	G	D	E	R	K	N	Q	S	T	A	V	L	I	F	Y	W	H	M	C	P
0	0.18543	0.01810	0.01348	0.01184	0.01477	0.39215	0.02399	0.07376	0.11874	0.04114	0.01055	0.01144	0.00826	0.00586	0.00530	0.00156	0.04959	0.00393	0.00348	0.00665
1	0.01497	0.69883	0.02580	0.00973	0.01398	0.13647	0.00922	0.01662	0.01138	0.01251	0.00747	0.00864	0.00679	0.00466	0.00360	0.00117	0.00623	0.00291	0.00233	0.00669
2	0.10041	0.01421	0.01412	0.01123	0.01505	0.16573	0.06996	0.19130	0.06857	0.02130	0.04758	0.01310	0.01030	0.00549	0.00474	0.00137	0.00585	0.00430	0.00382	0.23158
3	0.00910	0.00701	0.00858	0.00860	0.00978	0.00743	0.00637	0.07079	0.12624	0.01753	0.13737	0.41124	0.03025	0.02940	0.00736	0.00206	0.04617	0.05428	0.00497	0.00547
4	0.00700	0.00505	0.00665	0.00718	0.00797	0.00470	0.00517	0.00867	0.01227	0.01678	0.33066	0.42446	0.06400	0.01401	0.00657	0.00196	0.00295	0.06406	0.00527	0.00462
5	0.01735	0.06229	0.01424	0.01153	0.01458	0.36325	0.03140	0.03862	0.12538	0.14602	0.06895	0.01692	0.05345	0.00662	0.00511	0.00152	0.00671	0.00503	0.00412	0.00691
6	0.01086	0.01029	0.01744	0.58461	0.24647	0.01198	0.01512	0.01427	0.01098	0.01457	0.00955	0.01381	0.00742	0.00512	0.00527	0.00171	0.00683	0.00470	0.00242	0.00658
7	0.00755	0.00566	0.00850	0.00850	0.00944	0.00661	0.00661	0.00944	0.00850	0.01227	0.01416	0.02077	0.01322	0.03965	0.79326	0.00850	0.01416	0.00566	0.00283	0.00472
8	0.01053	0.00967	0.01375	0.42340	0.10183	0.04209	0.01158	0.06546	0.01259	0.01615	0.09321	0.02241	0.14148	0.00722	0.00552	0.00171	0.00580	0.00622	0.00337	0.00603
9	0.01882	0.01847	0.01556	0.01297	0.01604	0.32223	0.01032	0.37096	0.01873	0.02254	0.01014	0.01130	0.00786	0.00638	0.00669	0.00160	0.11387	0.00421	0.00388	0.00744
10	0.00765	0.00526	0.00645	0.00645	0.00669	0.00550	0.00406	0.00813	0.00789	0.01076	0.01603	0.03111	0.01771	0.61916	0.21989	0.00597	0.00740	0.00718	0.00311	0.00359
11	0.00650	0.00465	0.00619	0.00732	0.00768	0.00433	0.00491	0.00751	0.01040	0.01393	0.07158	0.76707	0.03581	0.01624	0.00672	0.00212	0.00303	0.01472	0.00496	0.00433
12	0.00972	0.00907	0.01571	0.01301	0.01529	0.00961	0.22998	0.01358	0.09468	0.01501	0.01624	0.16719	0.01564	0.01902	0.26698	0.00411	0.06835	0.00756	0.00342	0.00584
13	0.01975	0.02520	0.01498	0.01362	0.01634	0.79299	0.01021	0.02111	0.01498	0.01294	0.00817	0.00953	0.00681	0.00545	0.00477	0.00136	0.00953	0.00340	0.00272	0.00613
14	0.01808	0.01380	0.01473	0.01176	0.01563	0.01545	0.00956	0.54991	0.24184	0.03006	0.01526	0.01474	0.01107	0.00659	0.00531	0.00165	0.00534	0.00511	0.00531	0.00881
15	0.01680	0.01317	0.01401	0.01150	0.01514	0.01485	0.00925	0.41468	0.37915	0.02800	0.01688	0.01603	0.01238	0.00674	0.00533	0.00168	0.00504	0.00534	0.00533	0.00870
16	0.01649	0.01217	0.01328	0.01098	0.01432	0.01341	0.00877	0.42511	0.22195	0.06360	0.01776	0.12719	0.01475	0.00801	0.00552	0.00172	0.00493	0.00656	0.00532	0.00816

[dist]
# distance from previous block
# <min> <max>
0	11

[block]
# block no. 6 follows, 46 sequences, length 6
# corresponding to MSA columns:
# 539-544
name=unknown_G
#
# <colnr> <probs for GDERKNQSTAVLIFYWHMCP>
#	G	D	E	R	K	N	Q	S	T	A	V	L	I	F	Y	W	H	M	C	P
0	0.09361	0.01489	0.01335	0.01099	0.01449	0.19806	0.00878	0.29044	0.04922	0.17087	0.04704	0.01530	0.03657	0.00650	0.00507	0.00157	0.00598	0.00484	0.00475	0.00767
1	0.01886	0.01426	0.01399	0.01146	0.01511	0.12601	0.00918	0.31566	0.22395	0.17138	0.01600	0.01516	0.01140	0.00648	0.00524	0.00162	0.00566	0.00500	0.00518	0.00841
2	0.24994	0.01421	0.01224	0.01017	0.01377	0.15536	0.00811	0.21694	0.11189	0.02316	0.01103	0.01162	0.00842	0.00553	0.00444	0.00147	0.00553	0.00390	0.00396	0.12831
3	0.17252	0.01544	0.01396	0.01127	0.01504	0.15692	0.00912	0.43658	0.01943	0.08316	0.01149	0.01175	0.00830	0.00593	0.00483	0.00156	0.00608	0.00421	0.00454	0.00787
4	0.55162	0.01562	0.01037	0.00936	0.01243	0.29352	0.00734	0.01755	0.01115	0.01983	0.00765	0.00893	0.00612	0.00510	0.00381	0.00154	0.00605	0.00306	0.00307	0.00587
5	0.01170	0.01195	0.01836	0.01509	0.01586	0.01579	0.11983	0.01333	0.00873	0.01333	0.00748	0.01195	0.00710	0.00856	0.01575	0.00224	0.68975	0.00486	0.00237	0.00598

[dist]
# distance from previous block
# <min> <max>
0	2

[block]
# block no. 7 follows, 46 sequences, length 55
# corresponding to MSA columns:
# 547-601
name=unknown_H
#
# <colnr> <probs for GDERKNQSTAVLIFYWHMCP>
#	G	D	E	R	K	N	Q	S	T	A	V	L	I	F	Y	W	H	M	C	P
0	0.00908	0.00466	0.00699	0.00699	0.00704	0.00472	0.00472	0.00704	0.00699	0.00937	0.00949	0.01636	0.00943	0.01967	0.06803	0.79483	0.00518	0.00466	0.00233	0.00244
1	0.01605	0.01823	0.01290	0.01224	0.01456	0.48475	0.00964	0.06356	0.01466	0.01515	0.01501	0.02630	0.01476	0.00853	0.00564	0.00173	0.00776	0.24904	0.00359	0.00589
2	0.01262	0.01209	0.02062	0.14748	0.66982	0.01244	0.01599	0.01582	0.01182	0.01671	0.00986	0.01324	0.00818	0.00480	0.00524	0.00160	0.00640	0.00471	0.00258	0.00800
3	0.01087	0.00994	0.01280	0.01087	0.01340	0.05729	0.11978	0.01768	0.26476	0.02001	0.32265	0.02834	0.04402	0.00852	0.00590	0.00174	0.00454	0.03546	0.00496	0.00648
4	0.85155	0.01022	0.00777	0.00695	0.01022	0.01186	0.00573	0.01554	0.00900	0.02372	0.00736	0.00859	0.00573	0.00491	0.00327	0.00164	0.00409	0.00286	0.00327	0.00573
5	0.01204	0.00958	0.01122	0.00808	0.01273	0.00744	0.00649	0.04222	0.01172	0.06203	0.01018	0.01143	0.00818	0.00416	0.00405	0.00086	0.00402	0.00332	0.00341	0.76684
6	0.00769	0.00513	0.00577	0.00577	0.00577	0.00513	0.00320	0.00769	0.00769	0.01025	0.01666	0.03460	0.01922	0.81421	0.02691	0.00513	0.00513	0.00769	0.00320	0.00320
7	0.01157	0.01157	0.01619	0.01388	0.01388	0.01619	0.01157	0.01272	0.00810	0.01272	0.00694	0.01157	0.00694	0.00925	0.01735	0.00231	0.80453	0.00463	0.00231	0.00578
8	0.78026	0.01151	0.00839	0.00752	0.01075	0.07881	0.00611	0.01602	0.00951	0.02280	0.00743	0.00867	0.00582	0.00495	0.00340	0.00161	0.00456	0.00291	0.00322	0.00576
9	0.00769	0.00513	0.00577	0.00577	0.00577	0.00513	0.00320	0.00769	0.00769	0.01025	0.01666	0.03460	0.01922	0.81421	0.02691	0.00513	0.00513	0.00769	0.00320	0.00320
10	0.01096	0.00940	0.01096	0.00783	0.01253	0.00705	0.00626	0.01331	0.01096	0.01723	0.00940	0.01096	0.00783	0.00392	0.00392	0.00078	0.00392	0.00313	0.00313	0.84653
11	0.00663	0.00474	0.00635	0.00758	0.00797	0.00446	0.00524	0.00769	0.01031	0.01371	0.02903	0.74193	0.03455	0.01638	0.00680	0.00217	0.00323	0.08197	0.00490	0.00435
12	0.00644	0.00460	0.00613	0.00736	0.00767	0.00429	0.00491	0.00736	0.01012	0.01350	0.02914	0.81076	0.03497	0.01656	0.00675	0.00215	0.00307	0.01503	0.00491	0.00429
13	0.01096	0.00940	0.01096	0.00783	0.01253	0.00705	0.00626	0.01331	0.01096	0.01723	0.00940	0.01096	0.00783	0.00392	0.00392	0.00078	0.00392	0.00313	0.00313	0.84653
14	0.02205	0.00897	0.01197	0.00937	0.01317	0.00798	0.00766	0.06673	0.01537	0.67545	0.03744	0.06904	0.01506	0.00727	0.00543	0.00167	0.00444	0.00600	0.00635	0.00861
15	0.01682	0.13162	0.01474	0.01013	0.01367	0.01313	0.00832	0.16263	0.28813	0.20613	0.01728	0.01722	0.01285	0.05595	0.00637	0.00182	0.00484	0.00522	0.00504	0.00808
16	0.01300	0.06520	0.32298	0.01198	0.01746	0.04312	0.01265	0.08055	0.15241	0.04812	0.01220	0.01286	0.00910	0.00536	0.00480	0.00147	0.00603	0.00418	0.00343	0.17311
17	0.01138	0.01084	0.01832	0.44460	0.36291	0.01221	0.01528	0.01468	0.01115	0.01514	0.00958	0.01359	0.00763	0.00513	0.00556	0.00169	0.02616	0.00470	0.00247	0.00697
18	0.26506	0.02737	0.08969	0.00838	0.01149	0.00865	0.00740	0.01555	0.01177	0.19480	0.11968	0.15974	0.04328	0.00843	0.00504	0.00173	0.00416	0.00687	0.00458	0.00632
19	0.00985	0.00493	0.00493	0.00493	0.00616	0.00493	0.00370	0.01232	0.01109	0.01971	0.01725	0.01971	0.01355	0.00616	0.00370	0.00123	0.00246	0.00493	0.84356	0.00493
20	0.00791	0.00612	0.00771	0.00763	0.00930	0.00522	0.00551	0.00934	0.01048	0.01474	0.02314	0.53025	0.02657	0.01266	0.00593	0.00175	0.00342	0.05056	0.00437	0.25739
21	0.00644	0.00460	0.00613	0.00736	0.00767	0.00429	0.00491	0.00736	0.01012	0.01350	0.02914	0.81076	0.03497	0.01656	0.00675	0.00215	0.00307	0.01503	0.00491	0.00429
22	0.62536	0.00989	0.00900	0.00762	0.01112	0.01074	0.00628	0.01833	0.01067	0.23169	0.01105	0.01116	0.00774	0.00535	0.00383	0.00164	0.00420	0.00353	0.00417	0.00662
23	0.01248	0.01426	0.03119	0.02228	0.02763	0.01337	0.76203	0.01693	0.01248	0.01693	0.01070	0.01426	0.00802	0.00446	0.00624	0.00178	0.00891	0.00624	0.00267	0.00713
24	0.00644	0.00460	0.00613	0.00736	0.00767	0.00429	0.00491	0.00736	0.01012	0.01350	0.02914	0.81076	0.03497	0.01656	0.00675	0.00215	0.00307	0.01503	0.00491	0.00429
25	0.01315	0.01136	0.01195	0.01076	0.01375	0.01315	0.00837	0.02809	0.77168	0.02211	0.02152	0.01972	0.01614	0.00717	0.00538	0.00179	0.00418	0.00598	0.00538	0.00837
26	0.00929	0.00806	0.01216	0.01064	0.01207	0.00928	0.07962	0.01194	0.05565	0.01348	0.01295	0.01918	0.01203	0.09939	0.41472	0.00559	0.15513	0.00560	0.00293	0.05028
27	0.01308	0.01256	0.02146	0.03245	0.78123	0.01256	0.01622	0.01622	0.01204	0.01727	0.00994	0.01308	0.00837	0.00471	0.00523	0.00157	0.00628	0.00471	0.00262	0.00837
28	0.85155	0.01022	0.00777	0.00695	0.01022	0.01186	0.00573	0.01554	0.00900	0.02372	0.00736	0.00859	0.00573	0.00491	0.00327	0.00164	0.00409	0.00286	0.00327	0.00573
29	0.00643	0.00536	0.00561	0.00555	0.00726	0.00454	0.00416	0.00795	0.01249	0.01533	0.16318	0.04915	0.66881	0.01300	0.00625	0.00177	0.00265	0.01092	0.00505	0.00454
30	0.02209	0.01090	0.01338	0.01029	0.01435	0.01066	0.00848	0.27830	0.01846	0.50896	0.03622	0.01669	0.01256	0.00658	0.00533	0.00162	0.00490	0.00523	0.00610	0.00890
31	0.01248	0.01426	0.03119	0.02228	0.02763	0.01337	0.76203	0.01693	0.01248	0.01693	0.01070	0.01426	0.00802	0.00446	0.00624	0.00178	0.00891	0.00624	0.00267	0.00713
32	0.00733	0.00524	0.00716	0.00838	0.00907	0.00506	0.00645	0.00890	0.01100	0.01449	0.02865	0.48914	0.03302	0.01572	0.00698	0.00227	0.00384	0.32787	0.00489	0.00454
33	0.00644	0.00460	0.00613	0.00736	0.00767	0.00429	0.00491	0.00736	0.01012	0.01350	0.02914	0.81076	0.03497	0.01656	0.00675	0.00215	0.00307	0.01503	0.00491	0.00429
34	0.01145	0.01149	0.01707	0.10191	0.01723	0.01553	0.05792	0.01307	0.00864	0.01307	0.00744	0.01201	0.00702	0.00852	0.01533	0.00222	0.66714	0.00473	0.00234	0.00588
35	0.00743	0.00540	0.00700	0.00660	0.00787	0.00497	0.00495	0.00988	0.01485	0.02092	0.74911	0.03995	0.07939	0.01091	0.00624	0.00167	0.00250	0.00963	0.00578	0.00497
36	0.85155	0.01022	0.00777	0.00695	0.01022	0.01186	0.00573	0.01554	0.00900	0.02372	0.00736	0.00859	0.00573	0.00491	0.00327	0.00164	0.00409	0.00286	0.00327	0.00573
37	0.01334	0.52978	0.26264	0.01116	0.01661	0.05956	0.01236	0.01640	0.01110	0.01380	0.00806	0.00937	0.00676	0.00473	0.00397	0.00131	0.00653	0.00319	0.00228	0.00707
38	0.00649	0.00542	0.00567	0.00570	0.00736	0.00465	0.00424	0.00814	0.02630	0.01490	0.10691	0.10378	0.65560	0.01330	0.00627	0.00180	0.00272	0.01121	0.00499	0.00456
39	0.00758	0.00546	0.00720	0.00781	0.00877	0.00522	0.00609	0.00945	0.01213	0.01626	0.23388	0.21627	0.07898	0.07633	0.00836	0.00233	0.00372	0.28453	0.00501	0.00462
40	0.01106	0.01075	0.01664	0.35440	0.10951	0.01387	0.01343	0.01345	0.00960	0.01357	0.00833	0.01282	0.00715	0.00704	0.01081	0.00199	0.37244	0.00467	0.00236	0.00611
41	0.01168	0.01264	0.02587	0.01896	0.02332	0.01213	0.58548	0.01613	0.05875	0.01644	0.01411	0.04739	0.04097	0.06405	0.00795	0.00205	0.02555	0.00682	0.00304	0.00668
42	0.01405	0.00737	0.00952	0.00884	0.05145	0.00656	0.00649	0.01637	0.03391	0.32474	0.18898	0.03248	0.25833	0.00948	0.00579	0.00169	0.00360	0.00800	0.00564	0.00670
43	0.00755	0.00566	0.00850	0.00850	0.00944	0.00661	0.00661	0.00944	0.00850	0.01227	0.01416	0.02077	0.01322	0.03965	0.79326	0.00850	0.01416	0.00566	0.00283	0.00472
44	0.10558	0.00912	0.01182	0.00916	0.01317	0.00817	0.00757	0.02475	0.01452	0.70963	0.01952	0.01706	0.01236	0.00638	0.00511	0.00164	0.00446	0.00507	0.00622	0.00867
45	0.01327	0.01440	0.01580	0.05585	0.01560	0.18644	0.01133	0.01462	0.00980	0.01290	0.00739	0.01124	0.00694	0.00809	0.01366	0.00204	0.57069	0.00433	0.00242	0.02318
46	0.01663	0.00979	0.01186	0.00908	0.01318	0.00868	0.00733	0.11510	0.05287	0.29747	0.01565	0.05698	0.01176	0.00602	0.00483	0.00132	0.00434	0.00491	0.00486	0.34733
47	0.00644	0.00460	0.00613	0.00736	0.00767	0.00429	0.00491	0.00736	0.01012	0.01350	0.02914	0.81076	0.03497	0.01656	0.00675	0.00215	0.00307	0.01503	0.00491	0.00429
48	0.67859	0.06760	0.04134	0.00792	0.01149	0.04358	0.00688	0.03871	0.01009	0.04336	0.00801	0.00910	0.00618	0.00500	0.00353	0.00159	0.00463	0.00305	0.00329	0.00609
49	0.00644	0.00460	0.00613	0.00736	0.00767	0.00429	0.00491	0.00736	0.01012	0.01350	0.02914	0.81076	0.03497	0.01656	0.00675	0.00215	0.00307	0.01503	0.00491	0.00429
50	0.00767	0.00566	0.00777	0.00812	0.00881	0.00616	0.00591	0.00962	0.05578	0.01309	0.02010	0.33205	0.02178	0.05718	0.33448	0.05905	0.02903	0.00936	0.00377	0.00459
51	0.01208	0.00845	0.01106	0.12866	0.05598	0.00893	0.00837	0.06211	0.16827	0.13086	0.02282	0.27495	0.06520	0.01002	0.00584	0.00185	0.00442	0.00878	0.00476	0.00658
52	0.01162	0.01118	0.01916	0.28144	0.45016	0.01184	0.05489	0.01485	0.01158	0.01584	0.01248	0.01579	0.05518	0.00542	0.00537	0.00166	0.00645	0.00518	0.00267	0.00725
53	0.00995	0.00861	0.01175	0.00899	0.01263	0.00708	0.08105	0.01243	0.01175	0.01747	0.16043	0.05018	0.03767	0.00797	0.04701	0.00155	0.00462	0.00550	0.00371	0.49965
54	0.01420	0.01343	0.01185	0.00974	0.01327	0.20987	0.00759	0.06113	0.09566	0.06216	0.06831	0.01652	0.05910	0.00602	0.00476	0.00126	0.00536	0.00468	0.00389	0.33122

[dist]
# distance from previous block
# <min> <max>
7	19

[block]
# block no. 8 follows, 46 sequences, length 34
# corresponding to MSA columns:
# 623-656
name=unknown_I
#
# <colnr> <probs for GDERKNQSTAVLIFYWHMCP>
#	G	D	E	R	K	N	Q	S	T	A	V	L	I	F	Y	W	H	M	C	P
0	0.01369	0.03570	0.01365	0.01089	0.01446	0.07357	0.04766	0.10620	0.35873	0.02064	0.01596	0.04617	0.01269	0.00633	0.00502	0.00150	0.00498	0.00525	0.00439	0.20252
1	0.01351	0.01240	0.01190	0.01063	0.01354	0.10424	0.00819	0.06284	0.51506	0.02045	0.01927	0.09076	0.01578	0.00755	0.00532	0.00169	0.00478	0.00623	0.00485	0.07102
2	0.01207	0.00990	0.01155	0.00918	0.01249	0.04638	0.04619	0.10993	0.03201	0.04987	0.01606	0.04933	0.07268	0.09600	0.06671	0.00221	0.00550	0.00547	0.00376	0.34270
3	0.18699	0.01387	0.01535	0.01243	0.01529	0.12100	0.08947	0.15855	0.01317	0.01982	0.00893	0.01112	0.00726	0.00627	0.00798	0.00171	0.21856	0.00415	0.00325	0.08484
4	0.01313	0.01096	0.01445	0.01195	0.01479	0.03868	0.14113	0.11900	0.24959	0.05338	0.01761	0.02432	0.01532	0.16560	0.00991	0.00246	0.00570	0.08082	0.00437	0.00681
5	0.00815	0.00727	0.01214	0.01065	0.01254	0.00680	0.18074	0.01051	0.03345	0.01516	0.06513	0.40264	0.15538	0.01257	0.00650	0.00198	0.00444	0.04433	0.00445	0.00516
6	0.00716	0.00549	0.00830	0.00855	0.00935	0.00560	0.04526	0.00861	0.00966	0.01323	0.02277	0.48413	0.02571	0.02425	0.29029	0.00442	0.00737	0.01119	0.00404	0.00460
7	0.01626	0.01943	0.01279	0.01176	0.01408	0.55164	0.00880	0.01861	0.05870	0.01512	0.16119	0.05806	0.01728	0.00718	0.00519	0.00149	0.00750	0.00537	0.00360	0.00594
8	0.01599	0.01194	0.01305	0.01054	0.01384	0.01299	0.00850	0.49338	0.09142	0.02846	0.16092	0.05325	0.04612	0.00795	0.00557	0.00165	0.00481	0.00644	0.00537	0.00781
9	0.01394	0.77487	0.06856	0.00937	0.01407	0.02045	0.00961	0.01588	0.01076	0.01267	0.00746	0.00862	0.00678	0.00455	0.00348	0.00116	0.00577	0.00288	0.00226	0.00684
10	0.01188	0.31219	0.51313	0.01290	0.01952	0.01539	0.01575	0.01641	0.01101	0.01519	0.00872	0.01019	0.00673	0.00484	0.00443	0.00148	0.00703	0.00352	0.00224	0.00744
11	0.00719	0.00539	0.00666	0.00634	0.00772	0.00486	0.00476	0.00940	0.01427	0.01954	0.60453	0.04222	0.22483	0.01143	0.00624	0.00169	0.00254	0.00994	0.00560	0.00486
12	0.00734	0.00540	0.00686	0.00650	0.00781	0.00493	0.00487	0.00969	0.01462	0.02038	0.69291	0.04083	0.13592	0.01111	0.00624	0.00168	0.00252	0.00975	0.00571	0.00493
13	0.00703	0.00535	0.00645	0.00625	0.00763	0.00478	0.00466	0.00907	0.01379	0.01856	0.50428	0.07501	0.29409	0.01191	0.00626	0.00172	0.00258	0.01032	0.00548	0.00478
14	0.00760	0.00548	0.00755	0.00755	0.00816	0.00609	0.00542	0.00883	0.00821	0.01157	0.01503	0.02558	0.01530	0.30909	0.52667	0.00732	0.01102	0.00637	0.00296	0.00419
15	0.01772	0.01363	0.01453	0.01168	0.01549	0.01529	0.00947	0.51247	0.27985	0.02949	0.01571	0.01509	0.01143	0.00663	0.00532	0.00166	0.00526	0.00518	0.00532	0.00878
16	0.01315	0.01136	0.01195	0.01076	0.01375	0.01315	0.00837	0.02809	0.77168	0.02211	0.02152	0.01972	0.01614	0.00717	0.00538	0.00179	0.00418	0.00598	0.00538	0.00837
17	0.00998	0.00940	0.01586	0.80150	0.03641	0.01175	0.01468	0.01351	0.01057	0.01351	0.00940	0.01409	0.00705	0.00529	0.00529	0.00176	0.00705	0.00470	0.00235	0.00587
18	0.00755	0.00564	0.00839	0.00836	0.00932	0.00649	0.00649	0.00948	0.00898	0.01295	0.07184	0.02218	0.01598	0.03747	0.73386	0.00798	0.01328	0.00596	0.00306	0.00474
19	0.00998	0.00940	0.01586	0.80150	0.03641	0.01175	0.01468	0.01351	0.01057	0.01351	0.00940	0.01409	0.00705	0.00529	0.00529	0.00176	0.00705	0.00470	0.00235	0.00587
20	0.00998	0.00940	0.01586	0.80150	0.03641	0.01175	0.01468	0.01351	0.01057	0.01351	0.00940	0.01409	0.00705	0.00529	0.00529	0.00176	0.00705	0.00470	0.00235	0.00587
21	0.01315	0.01136	0.01195	0.01076	0.01375	0.01315	0.00837	0.02809	0.77168	0.02211	0.02152	0.01972	0.01614	0.00717	0.00538	0.00179	0.00418	0.00598	0.00538	0.00837
22	0.00769	0.00513	0.00577	0.00577	0.00577	0.00513	0.00320	0.00769	0.00769	0.01025	0.01666	0.03460	0.01922	0.81421	0.02691	0.00513	0.00513	0.00769	0.00320	0.00320
23	0.01248	0.01426	0.03119	0.02228	0.02763	0.01337	0.76203	0.01693	0.01248	0.01693	0.01070	0.01426	0.00802	0.00446	0.00624	0.00178	0.00891	0.00624	0.00267	0.00713
24	0.02010	0.01481	0.01587	0.01216	0.01639	0.01639	0.01005	0.76360	0.02486	0.03332	0.01269	0.01269	0.00899	0.00635	0.00529	0.00159	0.00582	0.00476	0.00529	0.00899
25	0.05242	0.00891	0.01192	0.00922	0.01318	0.00781	0.00760	0.02484	0.01491	0.73058	0.04755	0.01843	0.01415	0.00664	0.00528	0.00164	0.00441	0.00538	0.00640	0.00874
26	0.00760	0.00543	0.00747	0.00869	0.00951	0.00530	0.00693	0.00937	0.01127	0.01480	0.02850	0.39023	0.03242	0.01547	0.00706	0.00231	0.00408	0.42408	0.00489	0.00462
27	0.02372	0.00900	0.01227	0.00941	0.01350	0.00777	0.00777	0.02576	0.01513	0.78489	0.02086	0.01799	0.01309	0.00654	0.00532	0.00164	0.00450	0.00532	0.00654	0.00900
28	0.00702	0.00504	0.00672	0.00785	0.00845	0.00480	0.00577	0.00832	0.01067	0.01404	0.02948	0.55782	0.06456	0.04009	0.00748	0.00230	0.00359	0.20674	0.00485	0.00442
29	0.00682	0.00487	0.00657	0.00780	0.00827	0.00462	0.00557	0.00802	0.01050	0.01392	0.02893	0.67226	0.03413	0.01620	0.00685	0.00220	0.00340	0.14974	0.00490	0.00440
30	0.00787	0.00559	0.00694	0.00681	0.00702	0.00605	0.00441	0.00835	0.00789	0.01083	0.01558	0.03028	0.01722	0.59833	0.19712	0.00572	0.05016	0.00707	0.00307	0.00368
31	0.16723	0.01352	0.01299	0.01068	0.01431	0.09747	0.00861	0.28942	0.16484	0.14707	0.01428	0.01384	0.01022	0.00619	0.00490	0.00162	0.00538	0.00460	0.00487	0.00798
32	0.00775	0.00521	0.00654	0.00686	0.00753	0.00492	0.00469	0.00889	0.01082	0.04163	0.18513	0.30944	0.06858	0.24968	0.01254	0.00290	0.00369	0.05421	0.00465	0.00433
33	0.00654	0.00468	0.00622	0.00729	0.00769	0.00436	0.00491	0.00760	0.01057	0.01421	0.09889	0.73897	0.03635	0.01603	0.00670	0.00210	0.00301	0.01452	0.00499	0.00436

[dist]
# distance from previous block
# <min> <max>
0	1

[block]
# block no. 9 follows, 46 sequences, length 66
# corresponding to MSA columns:
# 658-723
name=unknown_J
#
# <colnr> <probs for GDERKNQSTAVLIFYWHMCP>
#	G	D	E	R	K	N	Q	S	T	A	V	L	I	F	Y	W	H	M	C	P
0	0.01190	0.01054	0.01163	0.00858	0.01297	0.04606	0.00687	0.05375	0.01178	0.01770	0.00941	0.01101	0.00781	0.00433	0.00457	0.00092	0.03634	0.00329	0.00319	0.72734
1	0.01543	0.01125	0.01167	0.00944	0.01309	0.09920	0.00748	0.01990	0.15890	0.21985	0.01780	0.01729	0.06748	0.00624	0.00515	0.00138	0.02359	0.00491	0.00453	0.28541
2	0.01292	0.54669	0.28781	0.01111	0.01676	0.01796	0.01264	0.01614	0.01089	0.01391	0.00808	0.00940	0.00675	0.00469	0.00395	0.00132	0.00639	0.00320	0.00225	0.00714
3	0.01242	0.01188	0.02026	0.19738	0.62150	0.01239	0.01589	0.01564	0.01172	0.01646	0.00983	0.01330	0.00809	0.00483	0.00524	0.00161	0.00644	0.00471	0.00256	0.00784
4	0.00918	0.00459	0.00689	0.00689	0.00689	0.00459	0.00459	0.00689	0.00689	0.00918	0.00918	0.01607	0.00918	0.01837	0.02066	0.84619	0.00459	0.00459	0.00230	0.00230
5	0.00773	0.00642	0.00955	0.00950	0.01012	0.00688	0.05874	0.00896	0.01000	0.01366	0.02426	0.61161	0.02849	0.01450	0.00843	0.00215	0.13257	0.02735	0.00433	0.00474
6	0.11358	0.01226	0.01262	0.01022	0.01384	0.10984	0.00828	0.18319	0.02741	0.37340	0.01551	0.01494	0.01063	0.00849	0.05985	0.00207	0.00605	0.00471	0.00514	0.00796
7	0.00677	0.00484	0.00650	0.00763	0.00811	0.00457	0.00538	0.00798	0.01066	0.01423	0.07111	0.66934	0.03521	0.01598	0.00679	0.00216	0.00327	0.11010	0.00495	0.00441
8	0.01620	0.01978	0.02102	0.01670	0.02039	0.44016	0.30959	0.01885	0.01398	0.01497	0.05033	0.01302	0.00959	0.00534	0.00543	0.00155	0.00891	0.00486	0.00287	0.00647
9	0.00679	0.00538	0.00610	0.00592	0.00747	0.00469	0.00444	0.00863	0.01332	0.01730	0.36998	0.04591	0.46077	0.01226	0.00624	0.00173	0.00260	0.01046	0.00531	0.00469
10	0.01110	0.01142	0.02211	0.37800	0.09766	0.01212	0.31799	0.01484	0.01145	0.01523	0.01093	0.05274	0.00892	0.00544	0.00574	0.00177	0.00754	0.00583	0.00263	0.00653
11	0.01060	0.02735	0.78682	0.01507	0.02288	0.01228	0.01953	0.01674	0.01116	0.01674	0.00949	0.01116	0.00670	0.00502	0.00502	0.00167	0.00781	0.00391	0.00223	0.00781
12	0.02010	0.01481	0.01587	0.01216	0.01639	0.01639	0.01005	0.76360	0.02486	0.03332	0.01269	0.01269	0.00899	0.00635	0.00529	0.00159	0.00582	0.00476	0.00529	0.00899
13	0.01163	0.01174	0.01718	0.01443	0.01478	0.01601	0.06078	0.01300	0.00838	0.01300	0.00719	0.01174	0.00701	0.00894	0.01662	0.00228	0.75236	0.00473	0.00234	0.00587
14	0.02010	0.01481	0.01587	0.01216	0.01639	0.01639	0.01005	0.76360	0.02486	0.03332	0.01269	0.01269	0.00899	0.00635	0.00529	0.00159	0.00582	0.00476	0.00529	0.00899
15	0.00733	0.00531	0.00710	0.00822	0.00905	0.00509	0.00640	0.00895	0.01118	0.01458	0.03081	0.41610	0.09914	0.01543	0.00694	0.00224	0.00382	0.33287	0.00489	0.00456
16	0.02277	0.01051	0.01321	0.01013	0.01425	0.01002	0.00836	0.21845	0.01767	0.58862	0.01872	0.01661	0.01202	0.00649	0.00531	0.00162	0.00484	0.00517	0.00622	0.00900
17	0.00765	0.00528	0.00653	0.00653	0.00679	0.00554	0.00416	0.00818	0.00791	0.01082	0.01596	0.03073	0.01754	0.59754	0.24128	0.00607	0.00765	0.00712	0.00310	0.00363
18	0.00985	0.00493	0.00493	0.00493	0.00616	0.00493	0.00370	0.01232	0.01109	0.01971	0.01725	0.01971	0.01355	0.00616	0.00370	0.00123	0.00246	0.00493	0.84356	0.00493
19	0.00769	0.00513	0.00577	0.00577	0.00577	0.00513	0.00320	0.00769	0.00769	0.01025	0.01666	0.03460	0.01922	0.81421	0.02691	0.00513	0.00513	0.00769	0.00320	0.00320
20	0.25676	0.01284	0.01222	0.01016	0.01372	0.06999	0.00820	0.25070	0.18158	0.11245	0.01370	0.01343	0.00993	0.00607	0.00470	0.00163	0.00509	0.00445	0.00469	0.00771
21	0.01338	0.64869	0.18980	0.01033	0.01556	0.01907	0.01128	0.01602	0.01083	0.01336	0.00781	0.00905	0.00677	0.00463	0.00374	0.00125	0.00611	0.00306	0.00226	0.00700
22	0.00985	0.00493	0.00493	0.00493	0.00616	0.00493	0.00370	0.01232	0.01109	0.01971	0.01725	0.01971	0.01355	0.00616	0.00370	0.00123	0.00246	0.00493	0.84356	0.00493
23	0.05200	0.01057	0.01254	0.00993	0.01361	0.01065	0.00810	0.24481	0.08281	0.37575	0.10604	0.01869	0.01611	0.00697	0.00534	0.00164	0.00462	0.00560	0.00586	0.00835
24	0.00985	0.00493	0.00493	0.00493	0.00616	0.00493	0.00370	0.01232	0.01109	0.01971	0.01725	0.01971	0.01355	0.00616	0.00370	0.00123	0.00246	0.00493	0.84356	0.00493
