[name]
unknown

[dist]
# distance from previous block
# <min> <max>
26	341

[block]
# block no. 0 follows, 45 sequences, length 14
# corresponding to MSA columns:
# 362-375
name=unknown_A
#
# <colnr> <probs for GDERKNQSTAVLIFYWHMCP>
#	G	D	E	R	K	N	Q	S	T	A	V	L	I	F	Y	W	H	M	C	P
0	0.15339	0.01147	0.01269	0.04660	0.01477	0.01253	0.02536	0.22938	0.17112	0.05945	0.01730	0.01741	0.08095	0.00687	0.00560	0.00166	0.04158	0.00527	0.00454	0.08206
1	0.16953	0.01067	0.01463	0.18398	0.04648	0.01174	0.09555	0.16618	0.01458	0.02198	0.17583	0.01849	0.01689	0.00670	0.00557	0.00171	0.02320	0.00568	0.00398	0.00662
2	0.00767	0.00519	0.00634	0.00677	0.00701	0.00514	0.00425	0.00840	0.03784	0.01203	0.02125	0.32840	0.02457	0.40344	0.01807	0.08130	0.00432	0.01030	0.00391	0.00379
3	0.08751	0.01379	0.01385	0.01304	0.08432	0.16909	0.03725	0.19184	0.05556	0.02215	0.20579	0.01924	0.01919	0.00722	0.00583	0.00163	0.03568	0.00574	0.00434	0.00693
4	0.01803	0.01942	0.14261	0.01289	0.01727	0.21651	0.01154	0.40791	0.01969	0.02471	0.01318	0.01369	0.04557	0.00633	0.00523	0.00158	0.00707	0.00465	0.00416	0.00795
5	0.01491	0.01187	0.01732	0.01530	0.08732	0.01259	0.16396	0.02392	0.38067	0.14633	0.01766	0.01757	0.01299	0.00648	0.00621	0.00180	0.04439	0.00583	0.00468	0.00822
6	0.00860	0.00691	0.01081	0.01266	0.13699	0.00771	0.00833	0.01073	0.00922	0.01330	0.01367	0.01979	0.01260	0.03438	0.65995	0.00746	0.01305	0.00559	0.00284	0.00541
7	0.00654	0.00467	0.00623	0.00747	0.00779	0.00436	0.00498	0.00747	0.01028	0.01370	0.02959	0.80785	0.03550	0.01682	0.00685	0.00218	0.00311	0.01526	0.00498	0.00436
8	0.01113	0.00954	0.01113	0.00795	0.01272	0.00716	0.00636	0.01352	0.01113	0.01749	0.00954	0.01113	0.00795	0.00398	0.00398	0.00080	0.00398	0.00318	0.00318	0.84417
9	0.01553	0.02665	0.38927	0.01454	0.01983	0.41136	0.01498	0.01928	0.01332	0.01502	0.00895	0.01048	0.00686	0.00532	0.00497	0.00154	0.00883	0.00371	0.00252	0.00706
10	0.00666	0.00514	0.00608	0.00650	0.00761	0.00456	0.00462	0.00806	0.01200	0.01549	0.17824	0.35254	0.34446	0.01440	0.00655	0.00194	0.00284	0.01260	0.00516	0.00456
11	0.00751	0.00645	0.00655	0.00635	0.00836	0.00599	0.00481	0.01116	0.13759	0.01582	0.04898	0.04641	0.64978	0.01255	0.00620	0.00181	0.00297	0.01046	0.00506	0.00519
12	0.01849	0.02299	0.01544	0.01388	0.01613	0.64474	0.01063	0.01984	0.01390	0.01310	0.00806	0.01007	0.00694	0.00626	0.00724	0.00156	0.15821	0.00369	0.00269	0.00616
13	0.01589	0.01236	0.01369	0.01021	0.01474	0.01203	0.00833	0.39656	0.01837	0.02588	0.01126	0.01203	0.00856	0.00524	0.00469	0.00121	0.00497	0.00403	0.00430	0.41566

[dist]
# distance from previous block
# <min> <max>
5	7

[block]
# block no. 1 follows, 45 sequences, length 14
# corresponding to MSA columns:
# 385-398
name=unknown_B
#
# <colnr> <probs for GDERKNQSTAVLIFYWHMCP>
#	G	D	E	R	K	N	Q	S	T	A	V	L	I	F	Y	W	H	M	C	P
0	0.01724	0.01199	0.01273	0.01012	0.01349	0.01311	0.00824	0.53269	0.02099	0.02963	0.01429	0.01505	0.01054	0.00639	0.00488	0.00150	0.00487	0.00488	0.25950	0.00787
1	0.01014	0.00954	0.01610	0.79845	0.03697	0.01193	0.01491	0.01371	0.01073	0.01371	0.00954	0.01431	0.00716	0.00537	0.00537	0.00179	0.00716	0.00477	0.00239	0.00596
2	0.01329	0.01275	0.02179	0.03295	0.77787	0.01275	0.01647	0.01647	0.01222	0.01754	0.01010	0.01329	0.00850	0.00478	0.00531	0.00159	0.00638	0.00478	0.00266	0.00850
3	0.01014	0.00954	0.01610	0.79845	0.03697	0.01193	0.01491	0.01371	0.01073	0.01371	0.00954	0.01431	0.00716	0.00537	0.00537	0.00179	0.00716	0.00477	0.00239	0.00596
4	0.01329	0.01275	0.02179	0.03295	0.77787	0.01275	0.01647	0.01647	0.01222	0.01754	0.01010	0.01329	0.00850	0.00478	0.00531	0.00159	0.00638	0.00478	0.00266	0.00850
5	0.01077	0.02777	0.78354	0.01530	0.02323	0.01247	0.01983	0.01700	0.01133	0.01700	0.00963	0.01133	0.00680	0.00510	0.00510	0.00170	0.00793	0.00397	0.00227	0.00793
6	0.01014	0.00954	0.01610	0.79845	0.03697	0.01193	0.01491	0.01371	0.01073	0.01371	0.00954	0.01431	0.00716	0.00537	0.00537	0.00179	0.00716	0.00477	0.00239	0.00596
7	0.00840	0.00765	0.01397	0.01208	0.01395	0.00716	0.23406	0.01043	0.01100	0.01476	0.02389	0.56661	0.02718	0.01308	0.00669	0.00207	0.00492	0.01255	0.00429	0.00524
8	0.01435	0.81458	0.02813	0.00918	0.01378	0.02124	0.00918	0.01607	0.01091	0.01263	0.00746	0.00861	0.00689	0.00459	0.00344	0.00115	0.00574	0.00287	0.00230	0.00689
9	0.02041	0.01504	0.01611	0.01235	0.01665	0.01665	0.01020	0.75997	0.02524	0.03383	0.01289	0.01289	0.00913	0.00644	0.00537	0.00161	0.00591	0.00483	0.00537	0.00913
10	0.01546	0.01292	0.01278	0.01097	0.01416	0.07125	0.00865	0.22579	0.43828	0.02463	0.01799	0.01731	0.01346	0.00683	0.00523	0.00168	0.00494	0.00544	0.08409	0.00817
11	0.02041	0.01504	0.01611	0.01235	0.01665	0.01665	0.01020	0.75997	0.02524	0.03383	0.01289	0.01289	0.00913	0.00644	0.00537	0.00161	0.00591	0.00483	0.00537	0.00913
12	0.02098	0.01227	0.01421	0.01097	0.01503	0.01269	0.00903	0.44237	0.02097	0.30978	0.06277	0.01655	0.01322	0.00680	0.00544	0.00163	0.00520	0.00534	0.00587	0.00888
13	0.01088	0.00787	0.00909	0.00789	0.00983	0.00784	0.02743	0.15766	0.03528	0.05365	0.09058	0.03437	0.24927	0.26013	0.01263	0.00281	0.00442	0.00825	0.00462	0.00549

[dist]
# distance from previous block
# <min> <max>
0	1

[block]
# block no. 2 follows, 45 sequences, length 19
# corresponding to MSA columns:
# 400-418
name=unknown_C
#
# <colnr> <probs for GDERKNQSTAVLIFYWHMCP>
#	G	D	E	R	K	N	Q	S	T	A	V	L	I	F	Y	W	H	M	C	P
0	0.26435	0.01178	0.01157	0.00958	0.01305	0.01307	0.00778	0.32891	0.12108	0.02657	0.01849	0.01822	0.11961	0.00715	0.00491	0.00168	0.00470	0.00537	0.00472	0.00739
1	0.01267	0.01448	0.03167	0.02262	0.02805	0.01357	0.75837	0.01719	0.01267	0.01719	0.01086	0.01448	0.00814	0.00452	0.00633	0.00181	0.00905	0.00633	0.00271	0.00724
2	0.01435	0.81458	0.02813	0.00918	0.01378	0.02124	0.00918	0.01607	0.01091	0.01263	0.00746	0.00861	0.00689	0.00459	0.00344	0.00115	0.00574	0.00287	0.00230	0.00689
3	0.01014	0.00954	0.01610	0.79845	0.03697	0.01193	0.01491	0.01371	0.01073	0.01371	0.00954	0.01431	0.00716	0.00537	0.00537	0.00179	0.00716	0.00477	0.00239	0.00596
4	0.01329	0.01275	0.02179	0.03295	0.77787	0.01275	0.01647	0.01647	0.01222	0.01754	0.01010	0.01329	0.00850	0.00478	0.00531	0.00159	0.00638	0.00478	0.00266	0.00850
5	0.00654	0.00467	0.00623	0.00747	0.00779	0.00436	0.00498	0.00747	0.01028	0.01370	0.02959	0.80785	0.03550	0.01682	0.00685	0.00218	0.00311	0.01526	0.00498	0.00436
6	0.01078	0.01178	0.02384	0.01749	0.02184	0.01087	0.53302	0.01436	0.01254	0.01639	0.02386	0.02559	0.23746	0.00723	0.00634	0.00181	0.00716	0.00783	0.00339	0.00643
7	0.01014	0.00954	0.01610	0.79845	0.03697	0.01193	0.01491	0.01371	0.01073	0.01371	0.00954	0.01431	0.00716	0.00537	0.00537	0.00179	0.00716	0.00477	0.00239	0.00596
8	0.02041	0.01504	0.01611	0.01235	0.01665	0.01665	0.01020	0.75997	0.02524	0.03383	0.01289	0.01289	0.00913	0.00644	0.00537	0.00161	0.00591	0.00483	0.00537	0.00913
9	0.02005	0.02558	0.01521	0.01383	0.01659	0.78980	0.01037	0.02143	0.01521	0.01314	0.00830	0.00968	0.00691	0.00553	0.00484	0.00138	0.00968	0.00346	0.00277	0.00622
10	0.02041	0.01504	0.01611	0.01235	0.01665	0.01665	0.01020	0.75997	0.02524	0.03383	0.01289	0.01289	0.00913	0.00644	0.00537	0.00161	0.00591	0.00483	0.00537	0.00913
11	0.01077	0.02777	0.78354	0.01530	0.02323	0.01247	0.01983	0.01700	0.01133	0.01700	0.00963	0.01133	0.00680	0.00510	0.00510	0.00170	0.00793	0.00397	0.00227	0.00793
12	0.01077	0.02777	0.78354	0.01530	0.02323	0.01247	0.01983	0.01700	0.01133	0.01700	0.00963	0.01133	0.00680	0.00510	0.00510	0.00170	0.00793	0.00397	0.00227	0.00793
13	0.00809	0.00678	0.00928	0.00945	0.00967	0.00797	0.00700	0.00910	0.00966	0.01347	0.02285	0.57000	0.02700	0.01460	0.01007	0.00223	0.24165	0.01210	0.00420	0.00481
14	0.00654	0.00467	0.00623	0.00747	0.00779	0.00436	0.00498	0.00747	0.01028	0.01370	0.02959	0.80785	0.03550	0.01682	0.00685	0.00218	0.00311	0.01526	0.00498	0.00436
15	0.01257	0.01072	0.01181	0.00957	0.01347	0.01054	0.00755	0.04886	0.38194	0.02053	0.01569	0.01555	0.01212	0.00569	0.00475	0.00133	0.00418	0.00466	0.00438	0.40410
16	0.01415	0.08007	0.28554	0.01467	0.02004	0.24487	0.13140	0.01786	0.01265	0.01562	0.00926	0.01111	0.00719	0.00496	0.00496	0.00147	0.00799	0.00401	0.00260	0.10957
17	0.03612	0.07285	0.13606	0.00852	0.01248	0.00875	0.00810	0.01519	0.03241	0.07158	0.01341	0.03551	0.01070	0.00554	0.00425	0.00126	0.00435	0.00438	0.25368	0.26487
18	0.09854	0.06273	0.03987	0.01590	0.05537	0.03401	0.31653	0.01900	0.03111	0.18537	0.01259	0.01396	0.00910	0.00511	0.00531	0.00161	0.00669	0.00509	0.00371	0.07839

[dist]
# distance from previous block
# <min> <max>
0	41

[block]
# block no. 3 follows, 45 sequences, length 8
# corresponding to MSA columns:
# 460-467
name=unknown_D
#
# <colnr> <probs for GDERKNQSTAVLIFYWHMCP>
#	G	D	E	R	K	N	Q	S	T	A	V	L	I	F	Y	W	H	M	C	P
0	0.01277	0.29232	0.48263	0.01289	0.01947	0.01516	0.01553	0.01723	0.01143	0.06099	0.00959	0.01083	0.00722	0.00502	0.00456	0.00151	0.00699	0.00368	0.00254	0.00765
1	0.01082	0.00927	0.00892	0.00818	0.00989	0.14417	0.00618	0.01312	0.01521	0.06681	0.59289	0.03337	0.04061	0.00974	0.00601	0.00163	0.00392	0.00834	0.00540	0.00552
2	0.00634	0.00544	0.00544	0.00544	0.00725	0.00453	0.00408	0.00770	0.01224	0.01450	0.05438	0.05166	0.77569	0.01359	0.00634	0.00181	0.00272	0.01133	0.00498	0.00453
3	0.01014	0.00954	0.01610	0.79845	0.03697	0.01193	0.01491	0.01371	0.01073	0.01371	0.00954	0.01431	0.00716	0.00537	0.00537	0.00179	0.00716	0.00477	0.00239	0.00596
4	0.01014	0.00954	0.01610	0.79845	0.03697	0.01193	0.01491	0.01371	0.01073	0.01371	0.00954	0.01431	0.00716	0.00537	0.00537	0.00179	0.00716	0.00477	0.00239	0.00596
5	0.00760	0.00549	0.00718	0.00675	0.00802	0.00506	0.00506	0.01013	0.01519	0.02153	0.77503	0.04010	0.05065	0.01097	0.00633	0.00169	0.00253	0.00971	0.00591	0.00506
6	0.02041	0.01504	0.01611	0.01235	0.01665	0.01665	0.01020	0.75997	0.02524	0.03383	0.01289	0.01289	0.00913	0.00644	0.00537	0.00161	0.00591	0.00483	0.00537	0.00913
7	0.02041	0.01504	0.01611	0.01235	0.01665	0.01665	0.01020	0.75997	0.02524	0.03383	0.01289	0.01289	0.00913	0.00644	0.00537	0.00161	0.00591	0.00483	0.00537	0.00913

[dist]
# distance from previous block
# <min> <max>
0	1

[block]
# block no. 4 follows, 45 sequences, length 6
# corresponding to MSA columns:
# 469-474
name=unknown_E
#
# <colnr> <probs for GDERKNQSTAVLIFYWHMCP>
#	G	D	E	R	K	N	Q	S	T	A	V	L	I	F	Y	W	H	M	C	P
0	0.01077	0.02777	0.78354	0.01530	0.02323	0.01247	0.01983	0.01700	0.01133	0.01700	0.00963	0.01133	0.00680	0.00510	0.00510	0.00170	0.00793	0.00397	0.00227	0.00793
1	0.01400	0.73773	0.10191	0.00978	0.01470	0.02038	0.01022	0.01616	0.01095	0.01306	0.00767	0.00888	0.00688	0.00464	0.00361	0.00120	0.00595	0.00298	0.00229	0.00699
2	0.00781	0.00520	0.00585	0.00585	0.00585	0.00520	0.00325	0.00781	0.00781	0.01041	0.01691	0.03513	0.01952	0.81135	0.02732	0.00520	0.00520	0.00781	0.00325	0.00325
3	0.01300	0.01443	0.10705	0.03097	0.69340	0.01272	0.01685	0.01653	0.01212	0.01748	0.01005	0.01307	0.00831	0.00482	0.00529	0.00161	0.00655	0.00469	0.00261	0.00844
4	0.01145	0.01088	0.01847	0.47927	0.34589	0.01227	0.01556	0.01487	0.01135	0.01531	0.00977	0.01388	0.00772	0.00512	0.00534	0.00171	0.00683	0.00478	0.00250	0.00702
5	0.01239	0.01087	0.01294	0.18973	0.01907	0.01239	0.00974	0.02362	0.51836	0.01996	0.01779	0.01782	0.01342	0.00651	0.00529	0.00171	0.00488	0.00548	0.00453	0.09352

[dist]
# distance from previous block
# <min> <max>
2	11

[block]
# block no. 5 follows, 45 sequences, length 8
# corresponding to MSA columns:
# 486-493
name=unknown_F
#
# <colnr> <probs for GDERKNQSTAVLIFYWHMCP>
#	G	D	E	R	K	N	Q	S	T	A	V	L	I	F	Y	W	H	M	C	P
0	0.01193	0.01515	0.26761	0.13700	0.01910	0.01061	0.01227	0.11628	0.04535	0.04145	0.01425	0.09309	0.01185	0.00679	0.00511	0.00165	0.00575	0.00562	0.14782	0.03132
1	0.01027	0.01033	0.01984	0.11568	0.04575	0.01002	0.35300	0.01368	0.01286	0.01736	0.19660	0.05954	0.09544	0.00761	0.00620	0.00179	0.00629	0.00778	0.00375	0.00621
2	0.01077	0.02777	0.78354	0.01530	0.02323	0.01247	0.01983	0.01700	0.01133	0.01700	0.00963	0.01133	0.00680	0.00510	0.00510	0.00170	0.00793	0.00397	0.00227	0.00793
3	0.00690	0.00509	0.00585	0.00628	0.00697	0.00470	0.00412	0.00766	0.01008	0.01286	0.03331	0.30913	0.26709	0.27973	0.01349	0.00307	0.00368	0.01153	0.00441	0.00405
4	0.01412	0.01792	0.27198	0.12813	0.16693	0.01372	0.01520	0.23752	0.04491	0.02185	0.01115	0.01293	0.00824	0.00556	0.00527	0.00167	0.00678	0.00457	0.00340	0.00814
5	0.07071	0.10093	0.12660	0.24795	0.01986	0.01068	0.01063	0.01331	0.03377	0.01618	0.10933	0.02418	0.18004	0.00772	0.00529	0.00169	0.00530	0.00635	0.00350	0.00600
6	0.04598	0.44881	0.19764	0.01084	0.01595	0.05277	0.01139	0.01811	0.04425	0.09482	0.01005	0.01079	0.00791	0.00510	0.00418	0.00139	0.00618	0.00355	0.00294	0.00736
7	0.01536	0.01384	0.08059	0.02015	0.27322	0.07090	0.13706	0.01896	0.03935	0.17516	0.01349	0.03475	0.01031	0.00563	0.00539	0.00162	0.00644	0.00526	0.03390	0.03861

[dist]
# distance from previous block
# <min> <max>
35	109

[block]
# block no. 6 follows, 45 sequences, length 38
# corresponding to MSA columns:
# 652-675,680-693
name=unknown_G
#
# <colnr> <probs for GDERKNQSTAVLIFYWHMCP>
#	G	D	E	R	K	N	Q	S	T	A	V	L	I	F	Y	W	H	M	C	P
0	0.01107	0.01045	0.01708	0.37042	0.24941	0.01235	0.01405	0.01399	0.01057	0.01459	0.00980	0.01429	0.00817	0.00933	0.08611	0.00251	0.13186	0.00486	0.00251	0.00658
1	0.01212	0.35455	0.26820	0.21386	0.02278	0.01602	0.01408	0.01577	0.01100	0.01431	0.00870	0.01095	0.00693	0.00495	0.00447	0.00149	0.00681	0.00371	0.00231	0.00699
2	0.01973	0.21864	0.01785	0.01063	0.01486	0.03483	0.00914	0.28725	0.04764	0.26544	0.01437	0.01370	0.01011	0.00604	0.00487	0.00151	0.00547	0.00452	0.00492	0.00846
3	0.01823	0.30237	0.02043	0.01121	0.01562	0.01830	0.00984	0.49263	0.02009	0.02621	0.01094	0.01135	0.00832	0.00578	0.00468	0.00144	0.00585	0.00413	0.00427	0.00832
4	0.01653	0.52724	0.02381	0.01032	0.01481	0.01959	0.00955	0.28341	0.01606	0.02025	0.00941	0.01015	0.00769	0.00526	0.00414	0.00131	0.00580	0.00358	0.00340	0.00769
5	0.01306	0.53182	0.29961	0.01138	0.01718	0.01809	0.01301	0.01641	0.01106	0.01420	0.00824	0.00959	0.00686	0.00477	0.00404	0.00135	0.00653	0.00326	0.00229	0.00726
6	0.01699	0.01382	0.01907	0.01447	0.01865	0.01459	0.20109	0.49203	0.02047	0.02749	0.01410	0.09559	0.01161	0.00703	0.00577	0.00172	0.00642	0.00630	0.00465	0.00815
7	0.01215	0.33182	0.49162	0.01294	0.01958	0.01586	0.01572	0.01664	0.01117	0.01531	0.00879	0.01028	0.00683	0.00490	0.00446	0.00149	0.00709	0.00354	0.00228	0.00753
8	0.21117	0.00801	0.06450	0.00627	0.00853	0.00725	0.00546	0.01363	0.01075	0.02076	0.01451	0.01665	0.01133	0.00586	0.00375	0.00138	0.00331	0.00442	0.57703	0.00542
9	0.01077	0.02777	0.78354	0.01530	0.02323	0.01247	0.01983	0.01700	0.01133	0.01700	0.00963	0.01133	0.00680	0.00510	0.00510	0.00170	0.00793	0.00397	0.00227	0.00793
10	0.01174	0.01174	0.01644	0.01409	0.01409	0.01644	0.01174	0.01292	0.00822	0.01292	0.00705	0.01174	0.00705	0.00940	0.01762	0.00235	0.80153	0.00470	0.00235	0.00587
11	0.01177	0.02636	0.72530	0.01487	0.02251	0.01212	0.01893	0.01769	0.01164	0.07475	0.01051	0.01186	0.00729	0.00522	0.00512	0.00170	0.00768	0.00407	0.00260	0.00802
12	0.01014	0.00954	0.01610	0.79845	0.03697	0.01193	0.01491	0.01371	0.01073	0.01371	0.00954	0.01431	0.00716	0.00537	0.00537	0.00179	0.00716	0.00477	0.00239	0.00596
13	0.01014	0.00954	0.01610	0.79845	0.03697	0.01193	0.01491	0.01371	0.01073	0.01371	0.00954	0.01431	0.00716	0.00537	0.00537	0.00179	0.00716	0.00477	0.00239	0.00596
14	0.01014	0.00954	0.01610	0.79845	0.03697	0.01193	0.01491	0.01371	0.01073	0.01371	0.00954	0.01431	0.00716	0.00537	0.00537	0.00179	0.00716	0.00477	0.00239	0.00596
15	0.01729	0.01385	0.01623	0.01298	0.01573	0.01657	0.01076	0.49150	0.01912	0.02631	0.01079	0.01248	0.00838	0.00750	0.00977	0.00188	0.29183	0.00478	0.00428	0.00796
16	0.01613	0.01116	0.01181	0.00960	0.01271	0.01221	0.00775	0.43543	0.07701	0.02799	0.01523	0.01599	0.01135	0.00644	0.00480	0.00150	0.00456	0.00499	0.30574	0.00760
17	0.01077	0.02777	0.78354	0.01530	0.02323	0.01247	0.01983	0.01700	0.01133	0.01700	0.00963	0.01133	0.00680	0.00510	0.00510	0.00170	0.00793	0.00397	0.00227	0.00793
18	0.01014	0.00954	0.01610	0.79845	0.03697	0.01193	0.01491	0.01371	0.01073	0.01371	0.00954	0.01431	0.00716	0.00537	0.00537	0.00179	0.00716	0.00477	0.00239	0.00596
19	0.00922	0.00631	0.00701	0.00659	0.00707	0.00649	0.00404	0.09251	0.00977	0.01305	0.01646	0.03262	0.01835	0.72071	0.02485	0.00480	0.00528	0.00747	0.00349	0.00391
20	0.01374	0.00861	0.00899	0.00764	0.00999	0.00919	0.00607	0.28113	0.01628	0.02498	0.01585	0.01745	0.01209	0.00632	0.00433	0.00138	0.00373	0.00494	0.54079	0.00649
21	0.01329	0.01275	0.02179	0.03295	0.77787	0.01275	0.01647	0.01647	0.01222	0.01754	0.01010	0.01329	0.00850	0.00478	0.00531	0.00159	0.00638	0.00478	0.00266	0.00850
22	0.01787	0.01378	0.01468	0.01184	0.01568	0.01546	0.00959	0.49710	0.29223	0.02974	0.01611	0.01545	0.01174	0.00675	0.00540	0.00169	0.00531	0.00528	0.00540	0.00890
23	0.01014	0.00954	0.01610	0.79845	0.03697	0.01193	0.01491	0.01371	0.01073	0.01371	0.00954	0.01431	0.00716	0.00537	0.00537	0.00179	0.00716	0.00477	0.00239	0.00596
24	0.01243	0.01090	0.01902	0.01396	0.01840	0.00951	0.31274	0.01558	0.01241	0.08979	0.07008	0.06568	0.01349	0.00579	0.00543	0.00145	0.00594	0.00593	0.00364	0.30785
25	0.01113	0.00954	0.01113	0.00795	0.01272	0.00716	0.00636	0.01352	0.01113	0.01749	0.00954	0.01113	0.00795	0.00398	0.00398	0.00080	0.00398	0.00318	0.00318	0.84417
26	0.01113	0.00954	0.01113	0.00795	0.01272	0.00716	0.00636	0.01352	0.01113	0.01749	0.00954	0.01113	0.00795	0.00398	0.00398	0.00080	0.00398	0.00318	0.00318	0.84417
27	0.58161	0.00880	0.00764	0.00698	0.00962	0.00980	0.00557	0.01391	0.01093	0.02306	0.23137	0.03947	0.01966	0.00705	0.00429	0.00168	0.00365	0.00522	0.00412	0.00556
28	0.01014	0.00954	0.01610	0.79845	0.03697	0.01193	0.01491	0.01371	0.01073	0.01371	0.00954	0.01431	0.00716	0.00537	0.00537	0.00179	0.00716	0.00477	0.00239	0.00596
29	0.01329	0.01275	0.02179	0.03295	0.77787	0.01275	0.01647	0.01647	0.01222	0.01754	0.01010	0.01329	0.00850	0.00478	0.00531	0.00159	0.00638	0.00478	0.00266	0.00850
30	0.01959	0.01296	0.01448	0.01124	0.01517	0.01385	0.00923	0.55079	0.02243	0.15955	0.10012	0.01687	0.01451	0.00699	0.00548	0.00163	0.00530	0.00548	0.00565	0.00867
31	0.40586	0.00941	0.00898	0.00781	0.01058	0.01030	0.00626	0.14018	0.01396	0.02462	0.26338	0.02104	0.04348	0.00746	0.00475	0.00167	0.00387	0.00573	0.00457	0.00609
32	0.15530	0.00977	0.01054	0.00889	0.01160	0.01044	0.00713	0.28059	0.01771	0.02625	0.35253	0.02548	0.02763	0.00842	0.00550	0.00167	0.00408	0.02457	0.00525	0.00665
33	0.01406	0.00879	0.01075	0.00845	0.01197	0.00770	0.00674	0.07214	0.04468	0.20579	0.22944	0.02154	0.02174	0.00692	0.00515	0.00136	0.00387	0.00580	0.00505	0.30805
34	0.01217	0.01139	0.01810	0.30431	0.38175	0.01256	0.01455	0.01753	0.14019	0.01700	0.01189	0.01480	0.00936	0.00542	0.00536	0.00170	0.00629	0.00500	0.00304	0.00759
35	0.01675	0.01316	0.01872	0.02498	0.50354	0.09195	0.01365	0.01947	0.01334	0.21257	0.01275	0.01419	0.00956	0.00534	0.00529	0.00159	0.00626	0.00480	0.00369	0.00843
36	0.19112	0.01076	0.01452	0.29660	0.15135	0.01190	0.01148	0.09881	0.01255	0.05441	0.01121	0.01365	0.02659	0.00546	0.00484	0.00163	0.00578	0.00445	0.00329	0.06960
37	0.12098	0.01666	0.01426	0.01187	0.01546	0.21588	0.00945	0.36624	0.13346	0.02555	0.01239	0.01263	0.00925	0.00616	0.00500	0.00159	0.00642	0.00443	0.00446	0.00787

[dist]
# distance from previous block
# <min> <max>
10	25

[block]
# block no. 7 follows, 45 sequences, length 11
# corresponding to MSA columns:
# 725-735
name=unknown_H
#
# <colnr> <probs for GDERKNQSTAVLIFYWHMCP>
#	G	D	E	R	K	N	Q	S	T	A	V	L	I	F	Y	W	H	M	C	P
0	0.37164	0.32731	0.01719	0.00904	0.01284	0.11627	0.00795	0.05601	0.01147	0.01870	0.00786	0.00902	0.00655	0.00498	0.00367	0.00142	0.00558	0.00307	0.00296	0.00646
1	0.01535	0.14964	0.33639	0.01348	0.01891	0.22582	0.01409	0.13308	0.01447	0.01786	0.00943	0.01069	0.00721	0.00535	0.00481	0.00151	0.00775	0.00379	0.00289	0.00749
2	0.01265	0.10283	0.39344	0.01686	0.02315	0.09029	0.25169	0.01740	0.01210	0.01624	0.00967	0.01189	0.00725	0.00491	0.00530	0.00165	0.00824	0.00456	0.00246	0.00744
3	0.01628	0.01459	0.01533	0.01281	0.01506	0.13778	0.01041	0.28082	0.03686	0.04467	0.01070	0.01292	0.00867	0.00977	0.06514	0.00234	0.29021	0.00468	0.00375	0.00719
4	0.01384	0.00708	0.00883	0.00762	0.00947	0.00669	0.00551	0.03821	0.03558	0.27466	0.14956	0.02913	0.02238	0.35075	0.01491	0.00318	0.00452	0.00717	0.00499	0.00590
5	0.00767	0.00575	0.00863	0.00863	0.00959	0.00671	0.00671	0.00959	0.00863	0.01246	0.01438	0.02109	0.01342	0.04026	0.79008	0.00863	0.01438	0.00575	0.00288	0.00479
6	0.01632	0.01373	0.01937	0.02416	0.45308	0.01441	0.01380	0.33370	0.01778	0.02449	0.01129	0.01312	0.00877	0.00549	0.00534	0.00160	0.00618	0.00480	0.00381	0.00877
7	0.01006	0.00874	0.01424	0.01900	0.33738	0.00929	0.01088	0.01252	0.01016	0.01463	0.01255	0.01776	0.01132	0.02512	0.45525	0.00563	0.01096	0.00534	0.00278	0.00638
8	0.01324	0.47204	0.02314	0.01128	0.01391	0.01919	0.01028	0.01473	0.00976	0.01275	0.00729	0.00995	0.00696	0.00664	0.00949	0.00166	0.34527	0.00365	0.00232	0.00645
9	0.00987	0.35023	0.01557	0.00820	0.01034	0.01156	0.00678	0.01114	0.01055	0.01324	0.02015	0.46684	0.02329	0.01160	0.00540	0.00174	0.00423	0.00997	0.00384	0.00544
10	0.01846	0.01464	0.01498	0.01204	0.01591	0.05694	0.00975	0.52132	0.22713	0.02963	0.01508	0.01466	0.01099	0.00662	0.00537	0.00166	0.00566	0.00510	0.00526	0.00880

[dist]
# distance from previous block
# <min> <max>
2	7

[block]
# block no. 8 follows, 45 sequences, length 15
# corresponding to MSA columns:
# 743-757
name=unknown_I
#
# <colnr> <probs for GDERKNQSTAVLIFYWHMCP>
#	G	D	E	R	K	N	Q	S	T	A	V	L	I	F	Y	W	H	M	C	P
0	0.01329	0.01275	0.02179	0.03295	0.77787	0.01275	0.01647	0.01647	0.01222	0.01754	0.01010	0.01329	0.00850	0.00478	0.00531	0.00159	0.00638	0.00478	0.00266	0.00850
1	0.01376	0.01065	0.01302	0.01105	0.01330	0.01245	0.00897	0.33293	0.01571	0.02172	0.01264	0.01616	0.01062	0.02107	0.33641	0.00467	0.12899	0.00520	0.00387	0.00682
2	0.01130	0.14480	0.67118	0.01439	0.02183	0.01377	0.01825	0.01686	0.01127	0.01635	0.00931	0.01093	0.00681	0.00502	0.00485	0.00162	0.00761	0.00380	0.00227	0.00778
3	0.01014	0.00954	0.01610	0.79845	0.03697	0.01193	0.01491	0.01371	0.01073	0.01371	0.00954	0.01431	0.00716	0.00537	0.00537	0.00179	0.00716	0.00477	0.00239	0.00596
4	0.01014	0.00954	0.01610	0.79845	0.03697	0.01193	0.01491	0.01371	0.01073	0.01371	0.00954	0.01431	0.00716	0.00537	0.00537	0.00179	0.00716	0.00477	0.00239	0.00596
5	0.48925	0.01012	0.00977	0.09039	0.01374	0.01147	0.00737	0.12507	0.01233	0.02313	0.05021	0.04293	0.05279	0.00680	0.00443	0.00173	0.00456	0.03391	0.00387	0.00613
6	0.13468	0.00784	0.00940	0.14754	0.01365	0.00880	0.00687	0.08870	0.01045	0.01574	0.01345	0.02337	0.01341	0.36482	0.11631	0.00414	0.00665	0.00596	0.00328	0.00493
7	0.12116	0.00876	0.00937	0.00781	0.01089	0.00845	0.00624	0.14555	0.01464	0.13394	0.06872	0.02944	0.30911	0.00904	0.00539	0.00162	0.00387	0.00727	0.00494	0.09378
8	0.01617	0.01209	0.01436	0.01369	0.11309	0.01289	0.00988	0.42777	0.04177	0.05248	0.07188	0.02325	0.07436	0.00801	0.00572	0.00173	0.00529	0.08258	0.00503	0.00795
9	0.01535	0.01317	0.01947	0.17807	0.25482	0.01418	0.09109	0.30472	0.01702	0.02306	0.01115	0.01346	0.00844	0.00552	0.00545	0.00166	0.00663	0.00496	0.00366	0.00810
10	0.01367	0.05620	0.07993	0.14019	0.37794	0.01372	0.09255	0.12675	0.01385	0.01906	0.01033	0.01311	0.00814	0.00510	0.00532	0.00163	0.00679	0.00479	0.00298	0.00796
11	0.08733	0.01168	0.01589	0.01834	0.27354	0.01297	0.01133	0.11789	0.09174	0.07844	0.01232	0.01535	0.01014	0.06911	0.00907	0.00205	0.14659	0.00503	0.00367	0.00753
12	0.05728	0.01272	0.01828	0.15596	0.13429	0.07238	0.16894	0.08961	0.11321	0.01944	0.09147	0.01685	0.01342	0.00604	0.00553	0.00170	0.00649	0.00559	0.00364	0.00717
13	0.01612	0.01510	0.15366	0.01387	0.01875	0.03326	0.18092	0.16989	0.04264	0.18037	0.01531	0.01588	0.03688	0.00596	0.00544	0.00164	0.00641	0.00532	0.04059	0.04199
14	0.02744	0.16630	0.08971	0.01439	0.01865	0.05441	0.22640	0.05850	0.05386	0.06960	0.01321	0.01481	0.04903	0.00602	0.00649	0.00166	0.08969	0.00510	0.00327	0.03145

[dist]
# distance from previous block
# <min> <max>
1	36

[block]
# block no. 9 follows, 45 sequences, length 17
# corresponding to MSA columns:
# 795-811
name=unknown_J
#
# <colnr> <probs for GDERKNQSTAVLIFYWHMCP>
#	G	D	E	R	K	N	Q	S	T	A	V	L	I	F	Y	W	H	M	C	P
0	0.10503	0.01305	0.09917	0.04197	0.04074	0.03220	0.14028	0.09594	0.05834	0.10491	0.06749	0.03684	0.06816	0.00684	0.00582	0.00171	0.03336	0.00587	0.00404	0.03824
1	0.01464	0.01338	0.01320	0.01118	0.03023	0.15281	0.03681	0.14447	0.14443	0.04795	0.01745	0.05748	0.07850	0.00689	0.00515	0.00146	0.00550	0.00558	0.00422	0.20865
2	0.01227	0.00853	0.01005	0.00926	0.01133	0.04222	0.03525	0.03168	0.18290	0.13370	0.05861	0.27557	0.03752	0.02583	0.00628	0.00191	0.00416	0.02790	0.07866	0.00639
3	0.02083	0.01642	0.01567	0.01251	0.01642	0.21265	0.03829	0.38161	0.02003	0.19179	0.01345	0.01331	0.00944	0.00618	0.00528	0.00157	0.00670	0.00466	0.00488	0.00831
4	0.01435	0.81458	0.02813	0.00918	0.01378	0.02124	0.00918	0.01607	0.01091	0.01263	0.00746	0.00861	0.00689	0.00459	0.00344	0.00115	0.00574	0.00287	0.00230	0.00689
5	0.00948	0.00844	0.01192	0.01095	0.01133	0.01098	0.00873	0.01085	0.00857	0.01270	0.01265	0.10044	0.01305	0.06268	0.30329	0.00480	0.38472	0.00636	0.00287	0.00518
6	0.02005	0.02558	0.01521	0.01383	0.01659	0.78980	0.01037	0.02143	0.01521	0.01314	0.00830	0.00968	0.00691	0.00553	0.00484	0.00138	0.00968	0.00346	0.00277	0.00622
7	0.01435	0.81458	0.02813	0.00918	0.01378	0.02124	0.00918	0.01607	0.01091	0.01263	0.00746	0.00861	0.00689	0.00459	0.00344	0.00115	0.00574	0.00287	0.00230	0.00689
8	0.02005	0.02558	0.01521	0.01383	0.01659	0.78980	0.01037	0.02143	0.01521	0.01314	0.00830	0.00968	0.00691	0.00553	0.00484	0.00138	0.00968	0.00346	0.00277	0.00622
9	0.01946	0.02435	0.01494	0.01357	0.01636	0.72157	0.01021	0.02206	0.08138	0.01396	0.00949	0.01059	0.00775	0.00569	0.00489	0.00142	0.00920	0.00369	0.00300	0.00642
10	0.00693	0.00497	0.00658	0.00721	0.00787	0.00462	0.00501	0.00846	0.01210	0.01660	0.30588	0.52329	0.04112	0.01465	0.00666	0.00200	0.00290	0.01320	0.00533	0.00462
11	0.00643	0.00511	0.00577	0.00630	0.00748	0.00446	0.00446	0.00761	0.01141	0.01416	0.04392	0.37066	0.46344	0.01495	0.00656	0.00197	0.00289	0.01299	0.00498	0.00446
12	0.01303	0.55093	0.24990	0.01089	0.01634	0.01802	0.01216	0.01611	0.01120	0.01427	0.03827	0.01065	0.00858	0.00499	0.00405	0.00133	0.00626	0.00346	0.00243	0.00712
13	0.01012	0.00839	0.01258	0.01728	0.33153	0.00839	0.00883	0.01146	0.00967	0.01342	0.01404	0.02591	0.01487	0.47110	0.01804	0.00368	0.00570	0.00653	0.00300	0.00547
14	0.19582	0.04613	0.01460	0.01230	0.01416	0.28725	0.00988	0.01664	0.01097	0.01540	0.00759	0.01025	0.00673	0.00691	0.00951	0.00182	0.32150	0.00381	0.00270	0.00602
15	0.01392	0.01526	0.02628	0.02287	0.18086	0.10124	0.44817	0.04997	0.01318	0.01731	0.01030	0.01348	0.00807	0.00503	0.00651	0.00174	0.05008	0.00554	0.00281	0.00740
16	0.05312	0.08340	0.06143	0.01673	0.07866	0.01229	0.30601	0.02014	0.03926	0.25403	0.01387	0.01482	0.00977	0.00535	0.00549	0.00168	0.00673	0.00534	0.00399	0.00791

[dist]
# distance from previous block
# <min> <max>
0	71

[block]
# block no. 10 follows, 45 sequences, length 11
# corresponding to MSA columns:
# 894-904
name=unknown_K
#
# <colnr> <probs for GDERKNQSTAVLIFYWHMCP>
#	G	D	E	R	K	N	Q	S	T	A	V	L	I	F	Y	W	H	M	C	P
0	0.01250	0.01001	0.01094	0.00996	0.01243	0.01105	0.00763	0.16733	0.37019	0.02187	0.02390	0.23951	0.05945	0.01010	0.00588	0.00188	0.00418	0.00865	0.00529	0.00727
1	0.01893	0.01335	0.01475	0.01119	0.01557	0.01387	0.00920	0.53722	0.02143	0.10601	0.01306	0.01308	0.00931	0.00597	0.00509	0.00145	0.00539	0.00456	0.00506	0.17550
2	0.01770	0.00933	0.01281	0.16629	0.01807	0.00849	0.00886	0.02016	0.01326	0.41592	0.01562	0.01549	0.01058	0.00565	0.00500	0.00145	0.00492	0.00466	0.00483	0.24092
3	0.01159	0.01575	0.17714	0.23710	0.02958	0.01289	0.40430	0.01619	0.01186	0.01619	0.01025	0.01381	0.00760	0.00487	0.00582	0.00178	0.00830	0.00543	0.00253	0.00702
4	0.01152	0.07983	0.57891	0.01839	0.17293	0.01314	0.01842	0.01683	0.01148	0.01680	0.00957	0.01153	0.00715	0.00500	0.00503	0.00164	0.00747	0.00405	0.00235	0.00797
5	0.01769	0.01299	0.01999	0.01951	0.23014	0.01302	0.16051	0.24360	0.01694	0.19049	0.01353	0.01450	0.00967	0.00564	0.00555	0.00166	0.00637	0.00524	0.00437	0.00858
6	0.00654	0.00467	0.00623	0.00747	0.00779	0.00436	0.00498	0.00747	0.01028	0.01370	0.02959	0.80785	0.03550	0.01682	0.00685	0.00218	0.00311	0.01526	0.00498	0.00436
7	0.01113	0.00954	0.01113	0.00795	0.01272	0.00716	0.00636	0.01352	0.01113	0.01749	0.00954	0.01113	0.00795	0.00398	0.00398	0.00080	0.00398	0.00318	0.00318	0.84417
8	0.00932	0.00466	0.00699	0.00699	0.00699	0.00466	0.00466	0.00699	0.00699	0.00932	0.00932	0.01632	0.00932	0.01865	0.02098	0.84382	0.00466	0.00466	0.00233	0.00233
9	0.29623	0.29020	0.18741	0.00959	0.01419	0.01464	0.01002	0.01562	0.01081	0.01833	0.08040	0.01223	0.01063	0.00544	0.00404	0.00150	0.00539	0.00377	0.00298	0.00658
10	0.01124	0.01156	0.02214	0.42694	0.03167	0.01228	0.31891	0.01513	0.01155	0.01540	0.01008	0.01416	0.00761	0.00493	0.00567	0.00173	0.00772	0.00530	0.00257	0.06339

[dist]
# distance from previous block
# <min> <max>
6	9

[block]
# block no. 11 follows, 45 sequences, length 13
# corresponding to MSA columns:
# 914-926
name=unknown_L
#
# <colnr> <probs for GDERKNQSTAVLIFYWHMCP>
#	G	D	E	R	K	N	Q	S	T	A	V	L	I	F	Y	W	H	M	C	P
0	0.00719	0.00533	0.00677	0.00710	0.00819	0.00490	0.00529	0.00905	0.01291	0.01737	0.34250	0.26522	0.17382	0.01358	0.00661	0.00195	0.00302	0.09909	0.00536	0.00475
1	0.00695	0.00499	0.00660	0.00719	0.00788	0.00464	0.00501	0.00851	0.01220	0.01676	0.32092	0.50780	0.04142	0.01453	0.00665	0.00199	0.00289	0.01309	0.00534	0.00464
2	0.01634	0.01111	0.01177	0.00948	0.01258	0.01210	0.00768	0.46785	0.01977	0.02843	0.01469	0.01567	0.01094	0.00637	0.00474	0.00147	0.00458	0.00490	0.33201	0.00752
3	0.01113	0.01147	0.02219	0.49524	0.03349	0.01257	0.30547	0.01507	0.01149	0.01507	0.01006	0.01438	0.00754	0.00504	0.00575	0.00180	0.00790	0.00538	0.00251	0.00646
4	0.01014	0.00954	0.01610	0.79845	0.03697	0.01193	0.01491	0.01371	0.01073	0.01371	0.00954	0.01431	0.00716	0.00537	0.00537	0.00179	0.00716	0.00477	0.00239	0.00596
5	0.00773	0.00552	0.00745	0.00745	0.00801	0.00607	0.00525	0.00883	0.00828	0.01159	0.01545	0.02702	0.01600	0.36630	0.46756	0.00718	0.01050	0.00662	0.00304	0.00414
6	0.02408	0.00914	0.01246	0.00955	0.01370	0.00789	0.00789	0.02616	0.01536	0.78158	0.02118	0.01827	0.01329	0.00664	0.00540	0.00166	0.00457	0.00540	0.00664	0.00914
7	0.01303	0.26933	0.07317	0.01126	0.01444	0.01587	0.01024	0.01708	0.12805	0.03640	0.01035	0.01211	0.00871	0.00650	0.00834	0.00163	0.24930	0.00411	0.00303	0.10704
8	0.01447	0.24167	0.01708	0.01003	0.01315	0.01454	0.00861	0.24249	0.01633	0.04852	0.21498	0.01901	0.01953	0.00744	0.00634	0.00158	0.08724	0.00558	0.00436	0.00706
9	0.01224	0.01254	0.01931	0.40527	0.22608	0.08546	0.10047	0.01553	0.01167	0.01503	0.00962	0.01353	0.00759	0.00529	0.00590	0.00172	0.03861	0.00483	0.00253	0.00679
10	0.00942	0.00777	0.00974	0.00850	0.00989	0.00812	0.00627	0.01051	0.00914	0.01337	0.01415	0.11408	0.01530	0.29309	0.04517	0.00315	0.17633	0.00666	0.00323	0.23613
11	0.01234	0.21745	0.12620	0.01363	0.01655	0.01654	0.08279	0.01470	0.00984	0.01396	0.00795	0.01113	0.00711	0.00695	0.01080	0.00185	0.39019	0.00424	0.00239	0.03338
12	0.01072	0.00843	0.01113	0.00981	0.01123	0.00954	0.00780	0.01225	0.01064	0.08789	0.06905	0.14989	0.12816	0.01210	0.05296	0.00229	0.28869	0.00765	0.00393	0.10583

[dist]
# distance from previous block
# <min> <max>
0	1

[block]
# block no. 12 follows, 45 sequences, length 6
# corresponding to MSA columns:
# 928-933
name=unknown_M
#
# <colnr> <probs for GDERKNQSTAVLIFYWHMCP>
#	G	D	E	R	K	N	Q	S	T	A	V	L	I	F	Y	W	H	M	C	P
0	0.23210	0.17660	0.04944	0.01443	0.17601	0.01446	0.01012	0.01958	0.22119	0.01959	0.01212	0.01292	0.00959	0.00550	0.00444	0.00159	0.00514	0.00422	0.00352	0.00744
1	0.01524	0.01605	0.01701	0.20167	0.21680	0.26102	0.01290	0.10056	0.01400	0.01669	0.00975	0.01256	0.00788	0.00687	0.03543	0.00187	0.03938	0.00440	0.00293	0.00701
2	0.00752	0.00564	0.00718	0.00806	0.00927	0.00530	0.00652	0.00933	0.01187	0.01510	0.03630	0.21884	0.25078	0.01489	0.00698	0.00222	0.00390	0.37065	0.00496	0.00470
3	0.12404	0.60758	0.02350	0.00896	0.01333	0.01835	0.00858	0.01732	0.01124	0.11201	0.00921	0.00985	0.00756	0.00490	0.00368	0.00128	0.00538	0.00320	0.00298	0.00703
4	0.12694	0.01152	0.01266	0.01036	0.01408	0.01233	0.00838	0.20679	0.25688	0.25662	0.01756	0.01626	0.01228	0.00658	0.00514	0.00170	0.00474	0.00515	0.00552	0.00850
5	0.01590	0.04252	0.01024	0.00793	0.01044	0.00715	0.00610	0.01747	0.01305	0.38751	0.14541	0.02739	0.05733	0.21458	0.01115	0.00256	0.00436	0.00690	0.00538	0.00663

[dist]
# distance from previous block
# <min> <max>
14	39

[block]
# block no. 13 follows, 45 sequences, length 7
# corresponding to MSA columns:
# 986-992
name=unknown_N
#
# <colnr> <probs for GDERKNQSTAVLIFYWHMCP>
#	G	D	E	R	K	N	Q	S	T	A	V	L	I	F	Y	W	H	M	C	P
0	0.01383	0.00973	0.01158	0.01030	0.01245	0.05780	0.00818	0.01873	0.18588	0.18486	0.01640	0.01846	0.01295	0.01957	0.29943	0.00436	0.09894	0.00549	0.00424	0.00682
1	0.32205	0.00736	0.00705	0.00656	0.00839	0.00775	0.00481	0.01188	0.01044	0.04670	0.15717	0.02744	0.10574	0.24296	0.01131	0.00272	0.00401	0.00664	0.00409	0.00490
2	0.08992	0.01050	0.01457	0.41492	0.02588	0.01189	0.01172	0.14906	0.01418	0.18699	0.01251	0.01443	0.00873	0.00580	0.00519	0.00172	0.00610	0.00475	0.00393	0.00721
3	0.01576	0.00908	0.01227	0.01046	0.01272	0.01008	0.00849	0.01910	0.09831	0.32046	0.01633	0.01779	0.01231	0.01629	0.21737	0.00369	0.18232	0.00542	0.00456	0.00719
4	0.00925	0.00788	0.01098	0.16910	0.01472	0.00966	0.00822	0.01042	0.00880	0.01217	0.01407	0.11287	0.01530	0.32928	0.01777	0.00335	0.23130	0.00716	0.00302	0.00467
5	0.01524	0.01219	0.01442	0.19305	0.02008	0.01394	0.01051	0.33398	0.23838	0.02480	0.01562	0.05743	0.01219	0.00699	0.00547	0.00174	0.00556	0.00573	0.00469	0.00796
6	0.01892	0.01430	0.01527	0.01205	0.01608	0.01595	0.00984	0.60591	0.18172	0.03143	0.01477	0.01439	0.01066	0.00662	0.00539	0.00166	0.00556	0.00509	0.00539	0.00900

[dist]
# distance from previous block
# <min> <max>
12	25

[block]
# block no. 14 follows, 45 sequences, length 80
# corresponding to MSA columns:
# 1019-1098
name=unknown_O
#
# <colnr> <probs for GDERKNQSTAVLIFYWHMCP>
#	G	D	E	R	K	N	Q	S	T	A	V	L	I	F	Y	W	H	M	C	P
0	0.02277	0.01079	0.01343	0.01034	0.01450	0.01041	0.00853	0.22354	0.04050	0.55786	0.01897	0.01688	0.01226	0.00661	0.00539	0.00165	0.00492	0.00527	0.00627	0.00911
1	0.01327	0.01297	0.01021	0.00931	0.01076	0.25855	0.00651	0.10405	0.01234	0.01422	0.01356	0.02372	0.01398	0.42579	0.04573	0.00367	0.00707	0.00597	0.00334	0.00498
2	0.01594	0.01940	0.02438	0.01873	0.02298	0.35752	0.42693	0.01907	0.01380	0.01540	0.00972	0.01235	0.00760	0.00497	0.00567	0.00162	0.00933	0.00506	0.00274	0.00679
3	0.01356	0.01030	0.01189	0.01093	0.01358	0.01125	0.00912	0.25891	0.19143	0.02333	0.02184	0.03566	0.02045	0.01035	0.00630	0.00204	0.00510	0.33164	0.00520	0.00713
4	0.00966	0.00762	0.00879	0.00702	0.00968	0.00629	0.00498	0.01099	0.00966	0.01435	0.01281	0.02176	0.01308	0.36173	0.01432	0.00275	0.00452	0.00523	0.00321	0.47155
5	0.01259	0.42767	0.39960	0.01219	0.01843	0.01693	0.01442	0.01653	0.01112	0.01478	0.00853	0.00995	0.00684	0.00484	0.00426	0.00142	0.00682	0.00341	0.00228	0.00740
6	0.01114	0.10956	0.70501	0.01466	0.02225	0.01338	0.01873	0.01690	0.01129	0.01655	0.00941	0.01105	0.00681	0.00505	0.00493	0.00164	0.00771	0.00385	0.00227	0.00782
7	0.01014	0.00954	0.01610	0.79845	0.03697	0.01193	0.01491	0.01371	0.01073	0.01371	0.00954	0.01431	0.00716	0.00537	0.00537	0.00179	0.00716	0.00477	0.00239	0.00596
8	0.00693	0.00520	0.00645	0.00692	0.00795	0.00473	0.00504	0.00852	0.01228	0.01620	0.23794	0.34641	0.23376	0.01424	0.00662	0.00197	0.00299	0.06597	0.00523	0.00464
9	0.01313	0.01259	0.02151	0.07097	0.74107	0.01271	0.01640	0.01634	0.01215	0.01735	0.01007	0.01334	0.00844	0.00481	0.00532	0.00160	0.00642	0.00478	0.00264	0.00838
10	0.05148	0.01087	0.01676	0.01289	0.01690	0.01055	0.19747	0.03449	0.16792	0.33859	0.06996	0.01870	0.01482	0.00647	0.00563	0.00173	0.00550	0.00596	0.00520	0.00811
11	0.00648	0.00544	0.00563	0.00558	0.00734	0.00459	0.00419	0.00797	0.01257	0.01529	0.13494	0.05037	0.69464	0.01330	0.00634	0.00180	0.00270	0.01115	0.00509	0.00459
12	0.04119	0.02354	0.01517	0.01342	0.01644	0.64857	0.01023	0.13731	0.01663	0.01667	0.00900	0.01016	0.00723	0.00566	0.00488	0.00143	0.00895	0.00366	0.00319	0.00667
13	0.01093	0.01035	0.01754	0.60495	0.22425	0.01214	0.01530	0.01441	0.01111	0.01468	0.00968	0.01405	0.00750	0.00522	0.00535	0.00174	0.00696	0.00477	0.00245	0.00660
14	0.01153	0.01096	0.01862	0.45925	0.36526	0.01229	0.01560	0.01494	0.01139	0.01541	0.00979	0.01386	0.00775	0.00511	0.00534	0.00170	0.00681	0.00478	0.00251	0.00709
15	0.00694	0.00498	0.00659	0.00720	0.00787	0.00463	0.00501	0.00848	0.01213	0.01666	0.31093	0.51808	0.04122	0.01461	0.00666	0.00199	0.00289	0.01316	0.00533	0.00463
16	0.19736	0.01207	0.01210	0.01040	0.01378	0.01381	0.00829	0.19022	0.43546	0.02537	0.01670	0.01595	0.01245	0.00659	0.00497	0.00174	0.00460	0.00510	0.00497	0.00805
17	0.12432	0.00916	0.01104	0.00897	0.01235	0.00890	0.00726	0.07557	0.07318	0.41636	0.17345	0.02127	0.01993	0.00736	0.00533	0.00168	0.00417	0.00598	0.00589	0.00783
18	0.00657	0.00468	0.00622	0.00744	0.00774	0.00438	0.00494	0.00748	0.01022	0.01363	0.02930	0.79040	0.03514	0.03476	0.00731	0.00225	0.00316	0.01509	0.00494	0.00434
19	0.01329	0.01275	0.02179	0.03295	0.77787	0.01275	0.01647	0.01647	0.01222	0.01754	0.01010	0.01329	0.00850	0.00478	0.00531	0.00159	0.00638	0.00478	0.00266	0.00850
20	0.01329	0.01275	0.02179	0.03295	0.77787	0.01275	0.01647	0.01647	0.01222	0.01754	0.01010	0.01329	0.00850	0.00478	0.00531	0.00159	0.00638	0.00478	0.00266	0.00850
21	0.01329	0.01275	0.02179	0.03295	0.77787	0.01275	0.01647	0.01647	0.01222	0.01754	0.01010	0.01329	0.00850	0.00478	0.00531	0.00159	0.00638	0.00478	0.00266	0.00850
22	0.00654	0.00467	0.00623	0.00747	0.00779	0.00436	0.00498	0.00747	0.01028	0.01370	0.02959	0.80785	0.03550	0.01682	0.00685	0.00218	0.00311	0.01526	0.00498	0.00436
23	0.05408	0.01029	0.01073	0.00940	0.01193	0.04892	0.00734	0.15170	0.24610	0.02374	0.33211	0.02601	0.02833	0.00847	0.00567	0.00170	0.00410	0.00707	0.00539	0.00694
24	0.01291	0.01418	0.02980	0.02150	0.02660	0.01358	0.67846	0.05371	0.01316	0.01787	0.01138	0.01570	0.00884	0.00506	0.00663	0.00183	0.03046	0.02818	0.00290	0.00723
25	0.00708	0.00500	0.00652	0.00721	0.00754	0.00498	0.00478	0.00791	0.00932	0.01258	0.02356	0.46315	0.02742	0.24264	0.14080	0.00408	0.00554	0.01162	0.00415	0.00412
26	0.01077	0.02777	0.78354	0.01530	0.02323	0.01247	0.01983	0.01700	0.01133	0.01700	0.00963	0.01133	0.00680	0.00510	0.00510	0.00170	0.00793	0.00397	0.00227	0.00793
27	0.01246	0.41434	0.39568	0.01215	0.01830	0.01666	0.01432	0.01639	0.01107	0.01475	0.00867	0.01020	0.00698	0.00559	0.02077	0.00157	0.00699	0.00346	0.00229	0.00735
28	0.01677	0.01113	0.01520	0.35998	0.02492	0.01238	0.01171	0.24696	0.01636	0.21072	0.01346	0.01486	0.00929	0.00602	0.00538	0.00170	0.00613	0.00495	0.00436	0.00773
29	0.00739	0.00518	0.00667	0.00705	0.00738	0.00533	0.00465	0.00815	0.00877	0.01193	0.02013	0.26658	0.02284	0.37480	0.21390	0.00515	0.00689	0.00955	0.00368	0.00398
30	0.01077	0.02777	0.78354	0.01530	0.02323	0.01247	0.01983	0.01700	0.01133	0.01700	0.00963	0.01133	0.00680	0.00510	0.00510	0.00170	0.00793	0.00397	0.00227	0.00793
31	0.01088	0.01104	0.01874	0.21560	0.02350	0.06300	0.27496	0.01405	0.01199	0.01543	0.03384	0.14290	0.01633	0.00835	0.00622	0.00193	0.00694	0.11489	0.00338	0.00602
32	0.01082	0.08880	0.28805	0.43052	0.04974	0.01298	0.01617	0.01516	0.01100	0.01488	0.00940	0.01272	0.00704	0.00519	0.00510	0.00169	0.00728	0.00432	0.00234	0.00681
33	0.01090	0.01045	0.01088	0.03770	0.01227	0.14222	0.00825	0.03202	0.01154	0.01470	0.05494	0.26242	0.02161	0.03093	0.03298	0.00231	0.17017	0.10475	0.02367	0.00529
34	0.84927	0.01038	0.00789	0.00706	0.01038	0.01204	0.00581	0.01578	0.00914	0.02408	0.00747	0.00872	0.00581	0.00498	0.00332	0.00166	0.00415	0.00291	0.00332	0.00581
