[name]
unknown

[dist]
# distance from previous block
# <min> <max>
0	1

[block]
# block no. 0 follows, 47 sequences, length 56
# corresponding to MSA columns:
# 44-99
name=unknown_A
#
# <colnr> <probs for GDERKNQSTAVLIFYWHMCP>
#	G	D	E	R	K	N	Q	S	T	A	V	L	I	F	Y	W	H	M	C	P
0	0.01254	0.22284	0.28231	0.01193	0.01645	0.15807	0.01255	0.01581	0.01180	0.01453	0.01256	0.02047	0.01175	0.00697	0.00499	0.00162	0.00684	0.16659	0.00286	0.00650
1	0.01789	0.18672	0.16685	0.01132	0.01581	0.21091	0.01078	0.02044	0.01320	0.27918	0.01241	0.01234	0.00880	0.00546	0.00465	0.00145	0.00656	0.00398	0.00378	0.00746
2	0.01238	0.59456	0.09535	0.00903	0.01320	0.01690	0.00914	0.01461	0.01139	0.01425	0.15084	0.01426	0.01454	0.00565	0.00401	0.00126	0.00519	0.00411	0.00287	0.00645
3	0.69762	0.01319	0.15251	0.00833	0.01238	0.01176	0.00816	0.01553	0.00926	0.02209	0.00764	0.00893	0.00582	0.00486	0.00354	0.00162	0.00471	0.00301	0.00303	0.00602
4	0.00660	0.00467	0.00615	0.00723	0.00755	0.00442	0.00487	0.00750	0.00984	0.01310	0.02735	0.68714	0.03256	0.09962	0.00875	0.00244	0.00334	0.05807	0.00466	0.00415
5	0.01495	0.01218	0.01290	0.01100	0.01430	0.01388	0.00873	0.24319	0.55633	0.02500	0.01866	0.01741	0.01384	0.00683	0.00527	0.00171	0.00459	0.00554	0.00527	0.00842
6	0.01945	0.02482	0.01476	0.01342	0.01610	0.79608	0.01006	0.02079	0.01476	0.01275	0.00805	0.00939	0.00671	0.00537	0.00470	0.00134	0.00939	0.00335	0.00268	0.00604
7	0.01053	0.04550	0.77215	0.01470	0.02232	0.01229	0.01900	0.01647	0.01099	0.01639	0.00930	0.01093	0.00660	0.00494	0.00491	0.00164	0.00765	0.00382	0.00220	0.00767
8	0.01195	0.01643	0.17131	0.02063	0.02635	0.01297	0.62740	0.01665	0.01205	0.01665	0.01032	0.01348	0.00766	0.00449	0.00592	0.00174	0.00858	0.00572	0.00255	0.00715
9	0.01256	0.01079	0.01143	0.01035	0.01319	0.01240	0.00807	0.02638	0.72133	0.02144	0.03989	0.02154	0.03495	0.00747	0.00538	0.00178	0.00406	0.02373	0.00529	0.00799
10	0.01102	0.15757	0.66438	0.01387	0.02103	0.01350	0.01754	0.01634	0.01093	0.01579	0.00900	0.01056	0.00661	0.00487	0.00468	0.00156	0.00735	0.00367	0.00220	0.00753
11	0.01289	0.01237	0.02114	0.03196	0.78450	0.01237	0.01598	0.01598	0.01186	0.01701	0.00980	0.01289	0.00825	0.00464	0.00516	0.00155	0.00619	0.00464	0.00258	0.00825
12	0.00713	0.00531	0.00663	0.00630	0.00763	0.00481	0.00473	0.00937	0.01418	0.01955	0.63879	0.04110	0.19293	0.01114	0.00614	0.00166	0.00249	0.00973	0.00556	0.00481
13	0.00632	0.00461	0.00596	0.00705	0.00750	0.00425	0.00474	0.00727	0.01017	0.01337	0.03121	0.73404	0.11237	0.01599	0.00660	0.00208	0.00298	0.01441	0.00483	0.00425
14	0.01229	0.01405	0.03073	0.02195	0.02722	0.01317	0.76558	0.01668	0.01229	0.01668	0.01054	0.01405	0.00790	0.00439	0.00615	0.00176	0.00878	0.00615	0.00263	0.00702
15	0.00743	0.00499	0.00572	0.00587	0.00590	0.00495	0.00335	0.00753	0.00786	0.01048	0.01787	0.12668	0.02078	0.72187	0.02415	0.00470	0.00481	0.00843	0.00335	0.00328
16	0.01229	0.01405	0.03073	0.02195	0.02722	0.01317	0.76558	0.01668	0.01229	0.01668	0.01054	0.01405	0.00790	0.00439	0.00615	0.00176	0.00878	0.00615	0.00263	0.00702
17	0.01328	0.67326	0.16851	0.01001	0.01506	0.01903	0.01082	0.01576	0.01066	0.01304	0.00763	0.00884	0.00667	0.00455	0.00364	0.00121	0.00596	0.00298	0.00222	0.00687
18	0.00628	0.00478	0.00579	0.00660	0.00738	0.00429	0.00454	0.00732	0.01060	0.01355	0.03667	0.56062	0.28226	0.01528	0.00648	0.00200	0.00289	0.01354	0.00483	0.00429
19	0.01295	0.01119	0.01178	0.01060	0.01354	0.01295	0.00824	0.02767	0.77509	0.02178	0.02120	0.01943	0.01590	0.00707	0.00530	0.00177	0.00412	0.00589	0.00530	0.00824
20	0.76725	0.00995	0.00812	0.00710	0.01041	0.01126	0.00585	0.01636	0.00949	0.10304	0.00864	0.00943	0.00640	0.00500	0.00343	0.00161	0.00407	0.00307	0.00356	0.00598
21	0.00620	0.00509	0.00547	0.00578	0.00717	0.00435	0.00418	0.00742	0.01139	0.01387	0.04666	0.24347	0.59296	0.01398	0.00628	0.00185	0.00273	0.01196	0.00484	0.00435
22	0.01144	0.25477	0.57092	0.01314	0.01990	0.01454	0.01627	0.01623	0.01088	0.01527	0.00874	0.01024	0.00662	0.00481	0.00449	0.00150	0.00709	0.00354	0.00221	0.00741
23	0.01392	0.82012	0.02729	0.00891	0.01337	0.02061	0.00891	0.01559	0.01058	0.01225	0.00724	0.00835	0.00668	0.00446	0.00334	0.00111	0.00557	0.00278	0.00223	0.00668
24	0.00778	0.00580	0.00753	0.00840	0.00976	0.00555	0.00717	0.00988	0.01196	0.01517	0.03450	0.05637	0.23687	0.01406	0.00691	0.00222	0.00420	0.54639	0.00481	0.00469
25	0.01948	0.02410	0.01482	0.01332	0.01610	0.74136	0.01005	0.07315	0.01544	0.01415	0.00836	0.00961	0.00686	0.00543	0.00473	0.00136	0.00913	0.00345	0.00286	0.00623
26	0.00717	0.00545	0.00686	0.03336	0.00856	0.00502	0.00501	0.00939	0.01392	0.01903	0.58497	0.04067	0.21923	0.01106	0.00611	0.00167	0.00265	0.00962	0.00541	0.00482
27	0.00971	0.00485	0.00485	0.00485	0.00607	0.00485	0.00364	0.01213	0.01092	0.01942	0.01699	0.01942	0.01335	0.00607	0.00364	0.00121	0.00243	0.00485	0.84589	0.00485
28	0.00983	0.00926	0.01562	0.80447	0.03587	0.01157	0.01446	0.01331	0.01041	0.01331	0.00926	0.01388	0.00694	0.00521	0.00521	0.00174	0.00694	0.00463	0.00231	0.00579
29	0.01392	0.82012	0.02729	0.00891	0.01337	0.02061	0.00891	0.01559	0.01058	0.01225	0.00724	0.00835	0.00668	0.00446	0.00334	0.00111	0.00557	0.00278	0.00223	0.00668
30	0.00682	0.00530	0.00619	0.00597	0.00744	0.00468	0.00448	0.00875	0.01343	0.01778	0.44954	0.04401	0.38329	0.01181	0.00615	0.00169	0.00254	0.01013	0.00532	0.00468
31	0.00634	0.00453	0.00604	0.00725	0.00755	0.00423	0.00483	0.00725	0.00997	0.01329	0.02870	0.81358	0.03444	0.01632	0.00665	0.00211	0.00302	0.01480	0.00483	0.00423
32	0.00621	0.00529	0.00536	0.00539	0.00713	0.00444	0.00407	0.00756	0.01187	0.01411	0.05210	0.05034	0.76294	0.01322	0.00618	0.00178	0.00269	0.03008	0.00483	0.00441
33	0.00983	0.00926	0.01562	0.80447	0.03587	0.01157	0.01446	0.01331	0.01041	0.01331	0.00926	0.01388	0.00694	0.00521	0.00521	0.00174	0.00694	0.00463	0.00231	0.00579
34	0.01139	0.01139	0.01595	0.01367	0.01367	0.01595	0.01139	0.01253	0.00798	0.01253	0.00684	0.01139	0.00684	0.00911	0.01709	0.00228	0.80745	0.00456	0.00228	0.00570
35	0.01322	0.01497	0.02736	0.02005	0.02459	0.09506	0.60013	0.04227	0.01261	0.01648	0.01004	0.01329	0.00772	0.00494	0.00685	0.00175	0.07341	0.00568	0.00270	0.00688
36	0.00905	0.00452	0.00678	0.00678	0.00678	0.00452	0.00452	0.00678	0.00678	0.00905	0.00905	0.01583	0.00905	0.01809	0.02035	0.84848	0.00452	0.00452	0.00226	0.00226
37	0.01497	0.67204	0.02504	0.00963	0.01388	0.10104	0.00911	0.07699	0.01214	0.01397	0.00775	0.00880	0.00686	0.00470	0.00363	0.00117	0.00598	0.00300	0.00252	0.00679
38	0.00634	0.00456	0.00602	0.00718	0.00754	0.00424	0.00480	0.00726	0.01003	0.01332	0.02952	0.78764	0.05986	0.01621	0.00663	0.00210	0.00301	0.01467	0.00483	0.00424
39	0.01045	0.02694	0.79000	0.01484	0.02254	0.01209	0.01924	0.01649	0.01099	0.01649	0.00935	0.01099	0.00660	0.00495	0.00495	0.00165	0.00770	0.00385	0.00220	0.00770
40	0.00707	0.00531	0.00655	0.00624	0.00760	0.00479	0.00468	0.00925	0.01404	0.01922	0.60422	0.04163	0.22771	0.01127	0.00615	0.00167	0.00250	0.00980	0.00551	0.00479
41	0.02336	0.00886	0.01209	0.00927	0.01329	0.00765	0.00765	0.02538	0.01491	0.78810	0.02055	0.01773	0.01289	0.00645	0.00524	0.00161	0.00443	0.00524	0.00645	0.00886
42	0.00756	0.00507	0.00577	0.00574	0.00583	0.00504	0.00328	0.00773	0.00808	0.01085	0.07010	0.03442	0.02105	0.76041	0.02508	0.00481	0.00487	0.00770	0.00334	0.00328
43	0.01434	0.01309	0.02728	0.01960	0.02464	0.01215	0.62525	0.01829	0.01278	0.15951	0.01239	0.01473	0.00883	0.00477	0.00598	0.00173	0.00797	0.00598	0.00334	0.00736
44	0.01045	0.02694	0.79000	0.01484	0.02254	0.01209	0.01924	0.01649	0.01099	0.01649	0.00935	0.01099	0.00660	0.00495	0.00495	0.00165	0.00770	0.00385	0.00220	0.00770
45	0.01158	0.01240	0.02369	0.16446	0.02493	0.01367	0.40988	0.01486	0.01070	0.01486	0.00924	0.01325	0.00742	0.00590	0.00912	0.00190	0.23785	0.00541	0.00247	0.00641
46	0.00774	0.00914	0.15193	0.00939	0.01134	0.00624	0.00861	0.01007	0.01079	0.01460	0.02477	0.42877	0.02789	0.01361	0.00650	0.00212	0.00444	0.24266	0.00433	0.00505
47	0.01824	0.02252	0.01594	0.01685	0.15837	0.65097	0.01116	0.01990	0.01422	0.01354	0.00837	0.01004	0.00699	0.00523	0.00478	0.00138	0.00880	0.00359	0.00266	0.00645
48	0.00619	0.00514	0.00542	0.00564	0.00713	0.00437	0.00412	0.00743	0.01152	0.01392	0.04830	0.19147	0.64390	0.01377	0.00625	0.00182	0.00271	0.01170	0.00484	0.00437
49	0.01165	0.01107	0.01555	0.65785	0.03221	0.07557	0.01363	0.09245	0.01223	0.01529	0.00950	0.01338	0.00712	0.00533	0.00517	0.00169	0.00701	0.00453	0.00265	0.00613
50	0.01218	0.02465	0.64662	0.01431	0.02136	0.01285	0.01751	0.15547	0.01349	0.01952	0.00993	0.01127	0.00702	0.00519	0.00500	0.00163	0.00733	0.00400	0.00276	0.00791
51	0.85377	0.01007	0.00765	0.00685	0.01007	0.01168	0.00564	0.01531	0.00886	0.02336	0.00725	0.00846	0.00564	0.00483	0.00322	0.00161	0.00403	0.00282	0.00322	0.00564
52	0.00905	0.00827	0.01315	0.59445	0.02858	0.00981	0.01206	0.01204	0.01081	0.01363	0.01867	0.02412	0.15013	0.00740	0.00554	0.00179	0.00598	0.06609	0.00297	0.00545
53	0.01080	0.00926	0.01080	0.00771	0.01234	0.00694	0.00617	0.01311	0.01080	0.01697	0.00926	0.01080	0.00771	0.00386	0.00386	0.00077	0.00386	0.00309	0.00309	0.84882
54	0.01718	0.01328	0.01415	0.01145	0.01515	0.01493	0.00926	0.48393	0.31196	0.02859	0.01583	0.01516	0.01155	0.00656	0.00524	0.00164	0.00511	0.00515	0.00524	0.00862
55	0.01313	0.00758	0.00985	0.00951	0.01168	0.00749	0.00793	0.06850	0.07297	0.21269	0.02436	0.12068	0.02353	0.01143	0.00635	0.00206	0.00453	0.37413	0.00529	0.00632

[dist]
# distance from previous block
# <min> <max>
3	5

[block]
# block no. 1 follows, 47 sequences, length 22
# corresponding to MSA columns:
# 105-126
name=unknown_B
#
# <colnr> <probs for GDERKNQSTAVLIFYWHMCP>
#	G	D	E	R	K	N	Q	S	T	A	V	L	I	F	Y	W	H	M	C	P
0	0.01246	0.48737	0.34725	0.01140	0.01721	0.01704	0.01324	0.01597	0.01075	0.01403	0.00812	0.00946	0.00665	0.00466	0.00402	0.00134	0.00646	0.00323	0.00222	0.00711
1	0.01248	0.00930	0.01062	0.00894	0.01142	0.00982	0.00707	0.29054	0.09126	0.02537	0.42540	0.02731	0.03111	0.00868	0.00572	0.00162	0.00382	0.00734	0.00550	0.00669
2	0.00983	0.00926	0.01562	0.80447	0.03587	0.01157	0.01446	0.01331	0.01041	0.01331	0.00926	0.01388	0.00694	0.00521	0.00521	0.00174	0.00694	0.00463	0.00231	0.00579
3	0.02282	0.00962	0.04461	0.00950	0.01368	0.00784	0.00814	0.02501	0.01474	0.75584	0.02008	0.01744	0.01263	0.00638	0.00522	0.00161	0.00457	0.00518	0.00627	0.00881
4	0.01080	0.00926	0.01080	0.00771	0.01234	0.00694	0.00617	0.01311	0.01080	0.01697	0.00926	0.01080	0.00771	0.00386	0.00386	0.00077	0.00386	0.00309	0.00309	0.84882
5	0.02039	0.00891	0.01232	0.00963	0.01333	0.00804	0.03949	0.02359	0.07714	0.61344	0.09871	0.01989	0.01667	0.00684	0.00537	0.00163	0.00439	0.00576	0.00612	0.00833
6	0.00737	0.00532	0.00696	0.00655	0.00778	0.00491	0.00491	0.00983	0.01474	0.02088	0.78175	0.03890	0.04914	0.01065	0.00614	0.00164	0.00246	0.00942	0.00573	0.00491
7	0.00640	0.00522	0.00566	0.00570	0.00722	0.00448	0.00422	0.00789	0.01222	0.01526	0.18532	0.11896	0.57732	0.01301	0.00620	0.00177	0.00264	0.01105	0.00500	0.00448
8	0.01891	0.10224	0.01598	0.01298	0.01583	0.72058	0.00995	0.02029	0.01435	0.01270	0.00797	0.00929	0.00671	0.00528	0.00456	0.00132	0.00902	0.00330	0.00264	0.00610
9	0.01392	0.82012	0.02729	0.00891	0.01337	0.02061	0.00891	0.01559	0.01058	0.01225	0.00724	0.00835	0.00668	0.00446	0.00334	0.00111	0.00557	0.00278	0.00223	0.00668
10	0.00983	0.00926	0.01562	0.80447	0.03587	0.01157	0.01446	0.01331	0.01041	0.01331	0.00926	0.01388	0.00694	0.00521	0.00521	0.00174	0.00694	0.00463	0.00231	0.00579
11	0.00757	0.00505	0.00568	0.00568	0.00568	0.00505	0.00316	0.00757	0.00757	0.01010	0.01641	0.03408	0.01893	0.81698	0.02651	0.00505	0.00505	0.00757	0.00316	0.00316
12	0.00634	0.00453	0.00604	0.00725	0.00755	0.00423	0.00483	0.00725	0.00997	0.01329	0.02870	0.81358	0.03444	0.01632	0.00665	0.00211	0.00302	0.01480	0.00483	0.00423
13	0.01229	0.01405	0.03073	0.02195	0.02722	0.01317	0.76558	0.01668	0.01229	0.01668	0.01054	0.01405	0.00790	0.00439	0.00615	0.00176	0.00878	0.00615	0.00263	0.00702
14	0.01187	0.01282	0.02387	0.01811	0.02093	0.01446	0.41539	0.01475	0.01029	0.01475	0.00882	0.01282	0.00741	0.00658	0.01123	0.00200	0.37963	0.00541	0.00247	0.00641
15	0.00709	0.00531	0.00657	0.00626	0.00761	0.00479	0.00469	0.00929	0.01408	0.01931	0.61391	0.04148	0.21795	0.01123	0.00615	0.00167	0.00250	0.00978	0.00553	0.00479
16	0.00757	0.00507	0.00579	0.00579	0.00583	0.00511	0.00330	0.00765	0.00761	0.01018	0.01630	0.03350	0.01868	0.78369	0.05945	0.00519	0.00543	0.00749	0.00314	0.00322
17	0.01861	0.01318	0.01441	0.01122	0.01506	0.01437	0.00921	0.61683	0.04974	0.08342	0.08716	0.01564	0.01325	0.00672	0.00530	0.00158	0.00527	0.00522	0.00535	0.00846
18	0.02186	0.01128	0.01358	0.01041	0.01450	0.01124	0.00860	0.33842	0.01895	0.46936	0.01715	0.01552	0.01119	0.00636	0.00523	0.00159	0.00498	0.00501	0.00592	0.00886
19	0.01671	0.01672	0.01340	0.01166	0.01435	0.39997	0.04062	0.01972	0.08732	0.13469	0.12483	0.01728	0.03533	0.00677	0.00563	0.00153	0.03782	0.00514	0.00400	0.00651
20	0.00966	0.00833	0.01152	0.30266	0.02041	0.04528	0.01070	0.01301	0.04911	0.01492	0.01960	0.03798	0.01971	0.01022	0.00625	0.00207	0.00577	0.40360	0.00381	0.00539
21	0.09909	0.00961	0.01043	0.04525	0.01289	0.04657	0.00673	0.01479	0.05495	0.07483	0.04058	0.07347	0.02914	0.00585	0.00442	0.00120	0.00421	0.00474	0.00369	0.45756

[dist]
# distance from previous block
# <min> <max>
2	12

[block]
# block no. 2 follows, 47 sequences, length 33
# corresponding to MSA columns:
# 139-171
name=unknown_C
#
# <colnr> <probs for GDERKNQSTAVLIFYWHMCP>
#	G	D	E	R	K	N	Q	S	T	A	V	L	I	F	Y	W	H	M	C	P
0	0.37332	0.01158	0.02481	0.00925	0.01273	0.07082	0.04012	0.06564	0.09284	0.12491	0.05474	0.01337	0.01070	0.00565	0.00432	0.00155	0.00478	0.00418	0.00405	0.07063
1	0.12223	0.00936	0.01169	0.22372	0.01842	0.00883	0.00835	0.01346	0.01044	0.01682	0.00899	0.01133	0.00723	0.00435	0.00414	0.00114	0.00472	0.00347	0.00289	0.50842
2	0.12163	0.05201	0.18167	0.00900	0.01250	0.00852	0.00897	0.01317	0.01181	0.06721	0.13560	0.02981	0.16204	0.00881	0.00536	0.00171	0.00456	0.12106	0.00407	0.04050
3	0.07640	0.01002	0.01120	0.00821	0.01267	0.00852	0.00662	0.11279	0.01246	0.01955	0.00953	0.01084	0.00771	0.00425	0.00399	0.00094	0.00412	0.00328	0.00338	0.67354
4	0.25740	0.01117	0.01302	0.35050	0.02262	0.04653	0.01049	0.17291	0.01311	0.02032	0.00981	0.03272	0.00768	0.00562	0.00465	0.00166	0.00584	0.00433	0.00327	0.00636
5	0.47365	0.01242	0.01100	0.00917	0.01267	0.05263	0.00748	0.27318	0.06316	0.02596	0.00997	0.01058	0.00744	0.00549	0.00411	0.00159	0.00488	0.00368	0.00401	0.00692
6	0.00691	0.00516	0.00580	0.00580	0.00673	0.00472	0.00392	0.00795	0.01079	0.01394	0.18076	0.09172	0.32016	0.29766	0.01339	0.00292	0.00348	0.00972	0.00442	0.00405
7	0.22054	0.00972	0.00981	0.00876	0.01139	0.01090	0.00676	0.03681	0.37906	0.07205	0.05496	0.01937	0.01508	0.11394	0.00763	0.00214	0.00419	0.00546	0.00460	0.00681
8	0.85377	0.01007	0.00765	0.00685	0.01007	0.01168	0.00564	0.01531	0.00886	0.02336	0.00725	0.00846	0.00564	0.00483	0.00322	0.00161	0.00403	0.00282	0.00322	0.00564
9	0.00657	0.00514	0.00586	0.00614	0.00736	0.00456	0.00446	0.00793	0.01158	0.01466	0.14394	0.21489	0.43003	0.06483	0.00761	0.00206	0.00296	0.05019	0.00485	0.00437
10	0.00647	0.00506	0.00559	0.00586	0.00697	0.00448	0.00407	0.00752	0.01083	0.01349	0.06812	0.23032	0.45260	0.14350	0.00956	0.00237	0.00311	0.01130	0.00460	0.00418
11	0.61302	0.01054	0.00994	0.13063	0.01486	0.01226	0.00757	0.11461	0.01117	0.02307	0.00826	0.00983	0.00627	0.00508	0.00379	0.00162	0.00470	0.00335	0.00335	0.00609
12	0.00744	0.00556	0.00827	0.00827	0.00917	0.00646	0.00639	0.00924	0.00834	0.01202	0.01404	0.02094	0.01323	0.06645	0.76924	0.00825	0.01364	0.00565	0.00280	0.00460
13	0.00740	0.00541	0.00700	0.00684	0.00812	0.00501	0.00529	0.00974	0.01410	0.01954	0.61272	0.04261	0.11442	0.01139	0.00628	0.00175	0.00279	0.10922	0.00552	0.00485
14	0.00691	0.00518	0.00573	0.00569	0.00664	0.00473	0.00383	0.00790	0.01064	0.01365	0.16035	0.05923	0.34598	0.32507	0.01407	0.00302	0.00355	0.00949	0.00433	0.00400
15	0.01945	0.02482	0.01476	0.01342	0.01610	0.79608	0.01006	0.02079	0.01476	0.01275	0.00805	0.00939	0.00671	0.00537	0.00470	0.00134	0.00939	0.00335	0.00268	0.00604
16	0.00981	0.00710	0.00889	0.00838	0.00971	0.00769	0.00640	0.14739	0.01203	0.01644	0.06788	0.05095	0.01875	0.21366	0.29718	0.00498	0.00813	0.09573	0.00382	0.00508
17	0.00737	0.00532	0.00708	0.00746	0.00849	0.00503	0.00577	0.00943	0.01288	0.01763	0.39842	0.21757	0.06136	0.01295	0.00653	0.00194	0.00319	0.20161	0.00526	0.00472
18	0.00731	0.00518	0.00611	0.00595	0.00665	0.00491	0.00392	0.00841	0.01085	0.01469	0.30979	0.03802	0.13147	0.40646	0.01613	0.00333	0.00375	0.00872	0.00435	0.00398
19	0.01621	0.01946	0.02207	0.01724	0.02116	0.40471	0.35401	0.05236	0.01407	0.01544	0.00938	0.01165	0.00735	0.00496	0.00538	0.00154	0.00895	0.00468	0.00277	0.00661
20	0.00771	0.00522	0.00705	0.00705	0.00747	0.00564	0.00486	0.00825	0.00783	0.01086	0.01431	0.02546	0.01493	0.35698	0.37616	0.11831	0.00903	0.00626	0.00287	0.00372
21	0.00889	0.00478	0.00580	0.00580	0.00623	0.00478	0.00384	0.00889	0.00846	0.01301	0.01384	0.02199	0.01322	0.22797	0.01607	0.32170	0.00392	0.00546	0.30191	0.00342
22	0.00753	0.00555	0.00823	0.00823	0.00917	0.00644	0.00639	0.00942	0.00847	0.01239	0.01407	0.02042	0.01303	0.03770	0.76382	0.00808	0.01348	0.00555	0.03738	0.00466
23	0.01926	0.01484	0.01529	0.01195	0.01595	0.05495	0.00978	0.67326	0.08135	0.03097	0.01294	0.01288	0.00929	0.00627	0.00519	0.00157	0.00579	0.00471	0.00509	0.00867
24	0.01688	0.01031	0.01189	0.01010	0.01345	0.01096	0.00802	0.02681	0.48847	0.31072	0.02095	0.01879	0.01476	0.00683	0.00528	0.00171	0.00424	0.00564	0.00573	0.00848
25	0.00688	0.00488	0.00583	0.00630	0.00671	0.00463	0.00402	0.00753	0.00943	0.01239	0.06045	0.35117	0.12709	0.35169	0.01489	0.00328	0.00380	0.01103	0.00417	0.00383
26	0.01910	0.01383	0.01493	0.01165	0.01565	0.01527	0.00956	0.63010	0.12187	0.07270	0.01408	0.01369	0.01000	0.00637	0.00522	0.00159	0.00545	0.00488	0.00529	0.00878
27	0.08446	0.01370	0.01432	0.01130	0.01520	0.02811	0.00925	0.56440	0.12212	0.06412	0.01353	0.01329	0.00968	0.00624	0.00506	0.00159	0.00539	0.00470	0.00508	0.00848
28	0.00667	0.00513	0.00567	0.00578	0.00685	0.00460	0.00398	0.00773	0.01087	0.01374	0.12225	0.14437	0.41201	0.21408	0.01130	0.00261	0.00327	0.01046	0.00452	0.00412
29	0.00673	0.00495	0.00631	0.00671	0.00757	0.00452	0.00475	0.00831	0.01212	0.01641	0.33133	0.40439	0.13938	0.01365	0.00638	0.00188	0.00275	0.01216	0.00519	0.00452
30	0.05957	0.01456	0.01669	0.07520	0.01855	0.09689	0.10999	0.40772	0.10532	0.02530	0.01224	0.01307	0.00899	0.00585	0.00519	0.00160	0.00635	0.00478	0.00428	0.00784
31	0.01716	0.00986	0.01171	0.00991	0.01315	0.01017	0.00794	0.09459	0.30521	0.33364	0.02093	0.07336	0.01596	0.00772	0.00545	0.00174	0.00436	0.04334	0.00570	0.00811
32	0.00699	0.00502	0.00588	0.00609	0.00670	0.00472	0.00397	0.00784	0.01009	0.01330	0.14751	0.21134	0.17782	0.35264	0.01485	0.00321	0.00371	0.01015	0.00427	0.00392

[dist]
# distance from previous block
# <min> <max>
2	5

[block]
# block no. 3 follows, 47 sequences, length 59
# corresponding to MSA columns:
# 177-235
name=unknown_D
#
# <colnr> <probs for GDERKNQSTAVLIFYWHMCP>
#	G	D	E	R	K	N	Q	S	T	A	V	L	I	F	Y	W	H	M	C	P
0	0.42914	0.01000	0.01159	0.29619	0.05890	0.01179	0.00959	0.01576	0.08031	0.01927	0.00939	0.01165	0.00719	0.00516	0.00423	0.00167	0.00520	0.00385	0.00305	0.00606
1	0.01706	0.25070	0.08991	0.01224	0.01592	0.48586	0.01058	0.03572	0.01344	0.01340	0.00804	0.00931	0.00674	0.00509	0.00435	0.00131	0.00807	0.00327	0.00257	0.00644
2	0.01116	0.08731	0.40512	0.12919	0.02497	0.01303	0.22438	0.01601	0.01124	0.01573	0.00949	0.01203	0.00701	0.00479	0.00518	0.00165	0.00771	0.00451	0.00234	0.00715
3	0.01250	0.09396	0.42645	0.01218	0.01832	0.03234	0.02740	0.01671	0.01145	0.09816	0.01031	0.01143	0.00755	0.00482	0.00460	0.00139	0.00635	0.00375	0.00287	0.19744
4	0.01259	0.01073	0.01562	0.58500	0.03041	0.01284	0.01320	0.22207	0.01431	0.01871	0.01016	0.01350	0.00747	0.00550	0.00521	0.00169	0.00661	0.00464	0.00312	0.00664
5	0.00621	0.00505	0.00550	0.00586	0.00719	0.00435	0.00422	0.00741	0.01130	0.01384	0.04559	0.27766	0.55947	0.01412	0.00630	0.00186	0.00275	0.01213	0.00484	0.00435
6	0.00829	0.00641	0.00799	0.00685	0.00903	0.00546	0.00524	0.01069	0.01359	0.01965	0.55196	0.03136	0.05362	0.00882	0.00551	0.00140	0.00285	0.00770	0.00498	0.23861
7	0.01595	0.01092	0.01217	0.01040	0.01370	0.01198	0.00824	0.08817	0.53568	0.20158	0.02033	0.01846	0.01461	0.00685	0.00528	0.00171	0.00433	0.00564	0.00556	0.00844
8	0.01443	0.74669	0.02613	0.00933	0.01362	0.09220	0.00902	0.01607	0.01097	0.01230	0.00731	0.00845	0.00669	0.00454	0.00347	0.00113	0.00592	0.00284	0.00227	0.00662
9	0.01080	0.00926	0.01080	0.00771	0.01234	0.00694	0.00617	0.01311	0.01080	0.01697	0.00926	0.01080	0.00771	0.00386	0.00386	0.00077	0.00386	0.00309	0.00309	0.84882
10	0.00645	0.00464	0.00612	0.00712	0.00756	0.00431	0.00482	0.00753	0.01054	0.01413	0.11023	0.70883	0.05717	0.01562	0.00658	0.00205	0.00295	0.01412	0.00493	0.00431
11	0.69166	0.01151	0.08033	0.00783	0.01155	0.01131	0.00710	0.01644	0.00967	0.10031	0.00879	0.00963	0.00646	0.00501	0.00359	0.00161	0.00441	0.00316	0.00346	0.00616
12	0.01392	0.82012	0.02729	0.00891	0.01337	0.02061	0.00891	0.01559	0.01058	0.01225	0.00724	0.00835	0.00668	0.00446	0.00334	0.00111	0.00557	0.00278	0.00223	0.00668
13	0.00737	0.00532	0.00696	0.00655	0.00778	0.00491	0.00491	0.00983	0.01474	0.02088	0.78175	0.03890	0.04914	0.01065	0.00614	0.00164	0.00246	0.00942	0.00573	0.00491
14	0.00843	0.00632	0.00815	0.00898	0.01016	0.00650	0.00720	0.01225	0.12980	0.01580	0.02695	0.29989	0.02925	0.01388	0.00672	0.00221	0.00411	0.39337	0.00489	0.00515
15	0.01447	0.01318	0.01886	0.09838	0.48694	0.05282	0.01401	0.18320	0.03232	0.02007	0.01052	0.01287	0.00836	0.00514	0.00515	0.00156	0.00627	0.00461	0.00321	0.00804
16	0.00757	0.00505	0.00568	0.00568	0.00568	0.00505	0.00316	0.00757	0.00757	0.01010	0.01641	0.03408	0.01893	0.81698	0.02651	0.00505	0.00505	0.00757	0.00316	0.00316
17	0.00622	0.00528	0.00536	0.00534	0.00707	0.00442	0.00400	0.00759	0.01201	0.01441	0.08926	0.04956	0.74566	0.01306	0.00615	0.00175	0.00263	0.01091	0.00488	0.00442
18	0.01096	0.01212	0.05561	0.40809	0.03067	0.01246	0.32731	0.01481	0.01111	0.01481	0.00968	0.01371	0.00732	0.00503	0.00613	0.00177	0.04436	0.00522	0.00244	0.00638
19	0.01426	0.08904	0.27845	0.01237	0.01728	0.08650	0.01249	0.15473	0.22542	0.03855	0.01316	0.01338	0.00975	0.00580	0.00494	0.00159	0.00625	0.00446	0.00375	0.00784
20	0.00744	0.00558	0.00837	0.00837	0.00930	0.00651	0.00651	0.00930	0.00837	0.01209	0.01395	0.02046	0.01302	0.03906	0.79635	0.00837	0.01395	0.00558	0.00279	0.00465
21	0.01532	0.01733	0.01273	0.01163	0.01379	0.45537	0.00890	0.07599	0.01326	0.01412	0.01033	0.01335	0.00898	0.01670	0.26775	0.00371	0.02779	0.00422	0.00291	0.00579
22	0.01131	0.02580	0.71851	0.01458	0.02195	0.01247	0.01838	0.08579	0.01224	0.01800	0.00964	0.01113	0.00681	0.00507	0.00497	0.00164	0.00751	0.00393	0.00248	0.00780
23	0.01106	0.01050	0.01783	0.49538	0.33540	0.01189	0.01507	0.01438	0.01099	0.01479	0.00947	0.01349	0.00746	0.00498	0.00519	0.00166	0.00664	0.00463	0.00242	0.00677
24	0.00745	0.00555	0.00823	0.00823	0.00912	0.00644	0.00634	0.00921	0.00833	0.01199	0.01407	0.02115	0.01332	0.07844	0.75737	0.00820	0.01350	0.00568	0.00281	0.00457
25	0.01106	0.00943	0.01094	0.00788	0.01246	0.00730	0.00631	0.03142	0.02913	0.01746	0.00961	0.01104	0.00793	0.00399	0.00392	0.00081	0.00391	0.00319	0.00319	0.80901
26	0.01064	0.04491	0.57077	0.01402	0.02039	0.01161	0.07570	0.04662	0.01204	0.01749	0.09689	0.03212	0.01220	0.00584	0.00518	0.00165	0.00695	0.00490	0.00281	0.00727
27	0.01139	0.01139	0.01595	0.01367	0.01367	0.01595	0.01139	0.01253	0.00798	0.01253	0.00684	0.01139	0.00684	0.00911	0.01709	0.00228	0.80745	0.00456	0.00228	0.00570
28	0.01080	0.00926	0.01080	0.00771	0.01234	0.00694	0.00617	0.01311	0.01080	0.01697	0.00926	0.01080	0.00771	0.00386	0.00386	0.00077	0.00386	0.00309	0.00309	0.84882
29	0.00734	0.00532	0.00692	0.00652	0.00776	0.00490	0.00489	0.00977	0.01467	0.02071	0.76347	0.03918	0.06753	0.01071	0.00614	0.00164	0.00246	0.00946	0.00571	0.00490
30	0.00757	0.00505	0.00568	0.00568	0.00568	0.00505	0.00316	0.00757	0.00757	0.01010	0.01641	0.03408	0.01893	0.81698	0.02651	0.00505	0.00505	0.00757	0.00316	0.00316
31	0.00744	0.00558	0.00837	0.00837	0.00930	0.00651	0.00651	0.00930	0.00837	0.01209	0.01395	0.02046	0.01302	0.03906	0.79635	0.00837	0.01395	0.00558	0.00279	0.00465
32	0.01229	0.01405	0.03073	0.02195	0.02722	0.01317	0.76558	0.01668	0.01229	0.01668	0.01054	0.01405	0.00790	0.00439	0.00615	0.00176	0.00878	0.00615	0.00263	0.00702
33	0.85377	0.01007	0.00765	0.00685	0.01007	0.01168	0.00564	0.01531	0.00886	0.02336	0.00725	0.00846	0.00564	0.00483	0.00322	0.00161	0.00403	0.00282	0.00322	0.00564
34	0.01295	0.01119	0.01178	0.01060	0.01354	0.01295	0.00824	0.02767	0.77509	0.02178	0.02120	0.01943	0.01590	0.00707	0.00530	0.00177	0.00412	0.00589	0.00530	0.00824
35	0.00744	0.00558	0.00837	0.00837	0.00930	0.00651	0.00651	0.00930	0.00837	0.01209	0.01395	0.02046	0.01302	0.03906	0.79635	0.00837	0.01395	0.00558	0.00279	0.00465
36	0.02238	0.01045	0.01307	0.01002	0.01408	0.01001	0.00828	0.23080	0.01756	0.57894	0.01832	0.01628	0.01177	0.00639	0.00523	0.00160	0.00479	0.00509	0.00610	0.00886
37	0.01229	0.01405	0.03073	0.02195	0.02722	0.01317	0.76558	0.01668	0.01229	0.01668	0.01054	0.01405	0.00790	0.00439	0.00615	0.00176	0.00878	0.00615	0.00263	0.00702
38	0.02336	0.00886	0.01209	0.00927	0.01329	0.00765	0.00765	0.02538	0.01491	0.78810	0.02055	0.01773	0.01289	0.00645	0.00524	0.00161	0.00443	0.00524	0.00645	0.00886
39	0.00634	0.00453	0.00604	0.00725	0.00755	0.00423	0.00483	0.00725	0.00997	0.01329	0.02870	0.81358	0.03444	0.01632	0.00665	0.00211	0.00302	0.01480	0.00483	0.00423
40	0.01948	0.02392	0.01483	0.01329	0.01610	0.72762	0.01005	0.08630	0.01561	0.01451	0.00844	0.00966	0.00690	0.00544	0.00474	0.00136	0.00907	0.00347	0.00290	0.00628
41	0.01392	0.82012	0.02729	0.00891	0.01337	0.02061	0.00891	0.01559	0.01058	0.01225	0.00724	0.00835	0.00668	0.00446	0.00334	0.00111	0.00557	0.00278	0.00223	0.00668
42	0.02336	0.00886	0.01209	0.00927	0.01329	0.00765	0.00765	0.02538	0.01491	0.78810	0.02055	0.01773	0.01289	0.00645	0.00524	0.00161	0.00443	0.00524	0.00645	0.00886
43	0.01289	0.01237	0.02114	0.03196	0.78450	0.01237	0.01598	0.01598	0.01186	0.01701	0.00980	0.01289	0.00825	0.00464	0.00516	0.00155	0.00619	0.00464	0.00258	0.00825
44	0.01392	0.01635	0.02415	0.13144	0.02537	0.22975	0.44898	0.01734	0.01271	0.01511	0.00966	0.01273	0.00743	0.00478	0.00561	0.00164	0.00869	0.00516	0.00260	0.00657
45	0.01045	0.02694	0.79000	0.01484	0.02254	0.01209	0.01924	0.01649	0.01099	0.01649	0.00935	0.01099	0.00660	0.00495	0.00495	0.00165	0.00770	0.00385	0.00220	0.00770
46	0.00634	0.00453	0.00604	0.00725	0.00755	0.00423	0.00483	0.00725	0.00997	0.01329	0.02870	0.81358	0.03444	0.01632	0.00665	0.00211	0.00302	0.01480	0.00483	0.00423
47	0.01026	0.00942	0.01573	0.64372	0.14101	0.01126	0.01400	0.01361	0.01065	0.01422	0.00982	0.01409	0.00753	0.00518	0.00510	0.00168	0.00655	0.00464	0.05544	0.00608
48	0.00757	0.00505	0.00568	0.00568	0.00568	0.00505	0.00316	0.00757	0.00757	0.01010	0.01641	0.03408	0.01893	0.81698	0.02651	0.00505	0.00505	0.00757	0.00316	0.00316
49	0.00634	0.00453	0.00604	0.00725	0.00755	0.00423	0.00483	0.00725	0.00997	0.01329	0.02870	0.81358	0.03444	0.01632	0.00665	0.00211	0.00302	0.01480	0.00483	0.00423
50	0.00634	0.00474	0.00590	0.00676	0.00744	0.00430	0.00463	0.00741	0.01061	0.01379	0.06515	0.60277	0.21053	0.01535	0.00651	0.00201	0.00291	0.01369	0.00487	0.00430
51	0.00727	0.00532	0.00682	0.00644	0.00772	0.00487	0.00483	0.00963	0.01450	0.02031	0.72066	0.03984	0.11058	0.01086	0.00614	0.00165	0.00247	0.00955	0.00566	0.00487
52	0.00744	0.00558	0.00837	0.00837	0.00930	0.00651	0.00651	0.00930	0.00837	0.01209	0.01395	0.02046	0.01302	0.03906	0.79635	0.00837	0.01395	0.00558	0.00279	0.00465
53	0.00640	0.00457	0.00609	0.00722	0.00756	0.00426	0.00484	0.00738	0.01021	0.01368	0.06682	0.77437	0.03519	0.01603	0.00662	0.00209	0.00299	0.01453	0.00488	0.00426
54	0.01139	0.01139	0.01595	0.01367	0.01367	0.01595	0.01139	0.01253	0.00798	0.01253	0.00684	0.01139	0.00684	0.00911	0.01709	0.00228	0.80745	0.00456	0.00228	0.00570
55	0.01623	0.01341	0.01823	0.02174	0.39280	0.01421	0.01284	0.37896	0.03847	0.02477	0.01141	0.01288	0.00875	0.00548	0.00519	0.00156	0.00591	0.00470	0.00392	0.00854
56	0.01246	0.48708	0.34754	0.01140	0.01722	0.01703	0.01325	0.01597	0.01075	0.01403	0.00812	0.00946	0.00665	0.00466	0.00402	0.00134	0.00646	0.00323	0.00222	0.00711
57	0.01468	0.01012	0.01182	0.00888	0.01318	0.00894	0.00718	0.12411	0.08409	0.16693	0.01298	0.01316	0.00962	0.00499	0.00445	0.00114	0.00426	0.00398	0.00423	0.49127
58	0.01646	0.01134	0.01301	0.01163	0.05298	0.01233	0.00880	0.15874	0.43533	0.19183	0.01892	0.01749	0.01359	0.00666	0.00526	0.00168	0.00458	0.00547	0.00540	0.00849

[dist]
# distance from previous block
# <min> <max>
0	11

[block]
# block no. 4 follows, 47 sequences, length 46
# corresponding to MSA columns:
# 247-292
name=unknown_E
#
# <colnr> <probs for GDERKNQSTAVLIFYWHMCP>
#	G	D	E	R	K	N	Q	S	T	A	V	L	I	F	Y	W	H	M	C	P
0	0.01414	0.01081	0.01231	0.02770	0.01395	0.01032	0.00770	0.25453	0.07362	0.05846	0.01286	0.05895	0.01048	0.00574	0.00466	0.00124	0.00452	0.00463	0.00417	0.40921
1	0.01256	0.50825	0.32717	0.01124	0.01697	0.01726	0.01297	0.01595	0.01074	0.01392	0.00807	0.00939	0.00665	0.00465	0.00397	0.00132	0.00641	0.00320	0.00222	0.00708
2	0.01289	0.00705	0.00902	0.00780	0.01009	0.00661	0.00610	0.01650	0.09605	0.25838	0.44775	0.03052	0.05141	0.00902	0.00577	0.00165	0.00325	0.00778	0.00589	0.00648
3	0.01142	0.33177	0.16314	0.00942	0.01343	0.01329	0.00952	0.01536	0.08769	0.03651	0.17900	0.01994	0.07605	0.00685	0.00470	0.00145	0.00491	0.00541	0.00359	0.00653
4	0.02051	0.01357	0.01437	0.01125	0.01521	0.07308	0.00919	0.46429	0.05317	0.24889	0.01486	0.01407	0.01016	0.00627	0.00518	0.00157	0.00557	0.00480	0.00538	0.00862
5	0.00743	0.00499	0.00572	0.00586	0.00589	0.00496	0.00335	0.00754	0.00785	0.01046	0.01781	0.12320	0.02071	0.72545	0.02424	0.00471	0.00482	0.00840	0.00335	0.00328
6	0.00971	0.00485	0.00485	0.00485	0.00607	0.00485	0.00364	0.01213	0.01092	0.01942	0.01699	0.01942	0.01335	0.00607	0.00364	0.00121	0.00243	0.00485	0.84589	0.00485
7	0.01051	0.00962	0.01562	0.75050	0.03452	0.01188	0.01415	0.06463	0.01137	0.01463	0.00948	0.01379	0.00707	0.00528	0.00521	0.00172	0.00686	0.00463	0.00251	0.00599
8	0.27460	0.10314	0.09721	0.01180	0.01573	0.19896	0.10459	0.01835	0.09870	0.01790	0.00967	0.01089	0.00756	0.00513	0.00437	0.00153	0.00646	0.00382	0.00304	0.00653
9	0.01618	0.01047	0.01187	0.01019	0.01346	0.01131	0.00806	0.02696	0.53971	0.25907	0.02099	0.01890	0.01497	0.00687	0.00528	0.00172	0.00422	0.00569	0.00565	0.00843
10	0.00657	0.00469	0.00630	0.00751	0.00791	0.00442	0.00522	0.00764	0.01019	0.01355	0.02858	0.73071	0.03395	0.01610	0.00671	0.00215	0.00322	0.09546	0.00483	0.00429
11	0.02094	0.01275	0.01449	0.01111	0.01523	0.01342	0.00918	0.52914	0.02141	0.27515	0.01508	0.01418	0.01015	0.00631	0.00522	0.00158	0.00531	0.00486	0.00561	0.00886
12	0.01821	0.22724	0.01823	0.01170	0.01535	0.32749	0.00966	0.26076	0.01682	0.03445	0.00953	0.01029	0.00752	0.00544	0.00452	0.00136	0.00712	0.00368	0.00346	0.00717
13	0.01185	0.00987	0.01513	0.32317	0.02337	0.00994	0.09652	0.05798	0.01188	0.07426	0.01133	0.04974	0.00911	0.00535	0.00496	0.00143	0.00575	0.00483	0.00319	0.27033
14	0.01580	0.05222	0.11347	0.01391	0.01855	0.01450	0.16305	0.40308	0.03739	0.02474	0.01180	0.03117	0.00897	0.00585	0.00554	0.00159	0.02528	0.00499	0.00402	0.04407
15	0.00797	0.00561	0.00718	0.00669	0.00809	0.00522	0.00505	0.01073	0.03780	0.04397	0.69836	0.03823	0.08419	0.01054	0.00609	0.00165	0.00258	0.00926	0.00570	0.00511
16	0.00619	0.00528	0.00533	0.00531	0.00706	0.00441	0.00399	0.00755	0.01196	0.01428	0.07509	0.04977	0.75992	0.01311	0.00615	0.00175	0.00263	0.01094	0.00486	0.00441
17	0.01232	0.45394	0.37940	0.01165	0.01760	0.01668	0.01368	0.01601	0.01077	0.01421	0.00821	0.00957	0.00664	0.00468	0.00408	0.00136	0.00655	0.00328	0.00221	0.00715
18	0.00749	0.00540	0.00743	0.00743	0.00804	0.00600	0.00534	0.00870	0.00809	0.01140	0.01480	0.02519	0.01507	0.30950	0.52871	0.00721	0.01085	0.00627	0.00292	0.00413
19	0.00660	0.00529	0.00589	0.00574	0.00731	0.00459	0.00431	0.00833	0.01292	0.01656	0.31943	0.04601	0.51415	0.01226	0.00615	0.00171	0.00257	0.01042	0.00516	0.00459
20	0.01946	0.02454	0.01478	0.01338	0.01610	0.77489	0.01006	0.04106	0.01502	0.01329	0.00817	0.00948	0.00677	0.00539	0.00471	0.00135	0.00929	0.00339	0.00275	0.00611
21	0.01237	0.01094	0.01426	0.47171	0.02668	0.07155	0.01195	0.01864	0.21978	0.06984	0.01321	0.01532	0.00979	0.00581	0.00519	0.00171	0.00618	0.00492	0.00345	0.00669
22	0.01368	0.01535	0.01542	0.28267	0.02207	0.28677	0.01197	0.01568	0.01117	0.01287	0.00808	0.01154	0.00683	0.00648	0.00872	0.00177	0.25648	0.00416	0.00243	0.00585
23	0.01053	0.00843	0.00998	0.01006	0.01208	0.00926	0.00832	0.01871	0.36994	0.01849	0.02458	0.04030	0.02337	0.01095	0.00630	0.00210	0.00448	0.40066	0.00503	0.00641
24	0.00634	0.00457	0.00601	0.00716	0.00753	0.00424	0.00479	0.00726	0.01006	0.01333	0.02980	0.77865	0.06867	0.01617	0.00662	0.00210	0.00300	0.01463	0.00483	0.00424
25	0.00707	0.00484	0.00583	0.00632	0.00644	0.00471	0.00384	0.00744	0.00855	0.01140	0.02142	0.35178	0.02525	0.49066	0.01841	0.00385	0.00422	0.01052	0.00384	0.00359
26	0.00905	0.00452	0.00678	0.00678	0.00678	0.00452	0.00452	0.00678	0.00678	0.00905	0.00905	0.01583	0.00905	0.01809	0.02035	0.84848	0.00452	0.00452	0.00226	0.00226
27	0.62716	0.00974	0.00886	0.00751	0.01095	0.01058	0.00619	0.01806	0.01051	0.23206	0.01088	0.01099	0.00762	0.00527	0.00377	0.00161	0.00414	0.00348	0.00410	0.00652
28	0.00971	0.00485	0.00485	0.00485	0.00607	0.00485	0.00364	0.01213	0.01092	0.01942	0.01699	0.01942	0.01335	0.00607	0.00364	0.00121	0.00243	0.00485	0.84589	0.00485
29	0.01392	0.82012	0.02729	0.00891	0.01337	0.02061	0.00891	0.01559	0.01058	0.01225	0.00724	0.00835	0.00668	0.00446	0.00334	0.00111	0.00557	0.00278	0.00223	0.00668
30	0.00759	0.00553	0.00728	0.00740	0.00865	0.00521	0.00592	0.00995	0.01367	0.01872	0.49259	0.04590	0.09916	0.01200	0.00647	0.00188	0.00319	0.23868	0.00537	0.00484
31	0.02110	0.01163	0.01371	0.01056	0.01458	0.01185	0.00871	0.38743	0.03450	0.38891	0.03174	0.01563	0.01170	0.00645	0.00524	0.00159	0.00502	0.00506	0.00581	0.00877
32	0.01778	0.01359	0.01449	0.01157	0.01538	0.01521	0.00941	0.54952	0.24537	0.02957	0.01506	0.01454	0.01093	0.00649	0.00524	0.00162	0.00526	0.00504	0.00524	0.00868
33	0.01098	0.00992	0.01239	0.00956	0.01275	0.00973	0.00779	0.01293	0.00992	0.01560	0.00851	0.01098	0.00744	0.00548	0.00795	0.00124	0.25268	0.00354	0.00284	0.58776
34	0.01134	0.02731	0.77970	0.01536	0.02304	0.01255	0.01945	0.01706	0.01155	0.01730	0.01024	0.01223	0.00746	0.00554	0.00533	0.00181	0.00796	0.00414	0.00251	0.00813
35	0.85377	0.01007	0.00765	0.00685	0.01007	0.01168	0.00564	0.01531	0.00886	0.02336	0.00725	0.00846	0.00564	0.00483	0.00322	0.00161	0.00403	0.00282	0.00322	0.00564
36	0.00913	0.00768	0.01232	0.01568	0.24933	0.00833	0.00944	0.01137	0.00945	0.01361	0.01266	0.01811	0.01154	0.02840	0.55136	0.00626	0.01155	0.00529	0.00272	0.00576
37	0.00983	0.00926	0.01562	0.80447	0.03587	0.01157	0.01446	0.01331	0.01041	0.01331	0.00926	0.01388	0.00694	0.00521	0.00521	0.00174	0.00694	0.00463	0.00231	0.00579
38	0.00737	0.00532	0.00696	0.00655	0.00778	0.00491	0.00491	0.00983	0.01474	0.02088	0.78175	0.03890	0.04914	0.01065	0.00614	0.00164	0.00246	0.00942	0.00573	0.00491
39	0.01699	0.00987	0.01205	0.01032	0.01343	0.01004	0.00869	0.27804	0.01723	0.26077	0.02016	0.02998	0.01735	0.00910	0.00590	0.00186	0.00501	0.26031	0.00545	0.00747
40	0.05241	0.01278	0.01968	0.01548	0.01823	0.05142	0.26905	0.01767	0.15548	0.03552	0.01125	0.01375	0.00901	0.00666	0.00956	0.00191	0.28503	0.00523	0.00314	0.00673
41	0.01889	0.01267	0.01403	0.01113	0.01498	0.01374	0.00907	0.44904	0.19877	0.17743	0.01611	0.01515	0.01129	0.00648	0.00524	0.00162	0.00510	0.00508	0.00547	0.00871
42	0.00627	0.00518	0.00550	0.00564	0.00716	0.00441	0.00415	0.00762	0.01183	0.01447	0.10392	0.15155	0.62749	0.01342	0.00622	0.00180	0.00268	0.01138	0.00490	0.00441
43	0.01735	0.01627	0.01406	0.01191	0.01524	0.23231	0.00938	0.30560	0.27923	0.02344	0.01424	0.01401	0.01067	0.00628	0.00510	0.00157	0.00620	0.00473	0.00454	0.00786
44	0.01119	0.00621	0.00828	0.00745	0.00933	0.00565	0.00585	0.01353	0.01454	0.19922	0.53907	0.03568	0.03903	0.00999	0.00602	0.00170	0.00312	0.07250	0.00582	0.00582
45	0.01024	0.00987	0.01562	0.71405	0.03340	0.03373	0.01407	0.01345	0.01032	0.01322	0.00901	0.01354	0.00693	0.00555	0.00622	0.00177	0.07630	0.00459	0.00232	0.00578

[dist]
# distance from previous block
# <min> <max>
0	2

[block]
# block no. 5 follows, 47 sequences, length 188
# corresponding to MSA columns:
# 295-482
name=unknown_F
#
# <colnr> <probs for GDERKNQSTAVLIFYWHMCP>
#	G	D	E	R	K	N	Q	S	T	A	V	L	I	F	Y	W	H	M	C	P
0	0.01461	0.01266	0.01306	0.01117	0.01396	0.07373	0.00888	0.21679	0.37677	0.02291	0.07896	0.01760	0.01513	0.00723	0.00655	0.00172	0.09026	0.00553	0.00479	0.00769
1	0.00848	0.00698	0.00985	0.00926	0.00979	0.00868	0.00718	0.00983	0.00813	0.01186	0.01255	0.02049	0.01246	0.16636	0.46269	0.00623	0.21614	0.00566	0.00272	0.00466
2	0.01080	0.00926	0.01080	0.00771	0.01234	0.00694	0.00617	0.01311	0.01080	0.01697	0.00926	0.01080	0.00771	0.00386	0.00386	0.00077	0.00386	0.00309	0.00309	0.84882
3	0.00908	0.00736	0.00834	0.00820	0.00987	0.00778	0.00607	0.01570	0.31123	0.01792	0.14747	0.28295	0.12441	0.01140	0.00598	0.00186	0.00332	0.00997	0.00516	0.00593
4	0.00744	0.00531	0.00729	0.00850	0.00928	0.00517	0.00673	0.00914	0.01105	0.01451	0.02810	0.41153	0.03206	0.01529	0.00694	0.00227	0.00397	0.40610	0.00481	0.00453
5	0.00765	0.00533	0.00686	0.00670	0.00793	0.00487	0.00498	0.00974	0.01364	0.04484	0.54721	0.16427	0.11548	0.01175	0.00622	0.00174	0.00269	0.02771	0.00550	0.00488
6	0.00716	0.00537	0.00682	0.00767	0.00878	0.00503	0.00609	0.00882	0.01138	0.01449	0.03517	0.27230	0.24863	0.01459	0.00674	0.00213	0.00366	0.32583	0.00482	0.00452
7	0.00615	0.00528	0.00528	0.00528	0.00703	0.00440	0.00396	0.00747	0.01187	0.01407	0.05276	0.05012	0.78238	0.01319	0.00615	0.00176	0.00264	0.01099	0.00484	0.00440
8	0.23500	0.01136	0.01226	0.00969	0.01353	0.01197	0.00799	0.29866	0.03481	0.29288	0.01416	0.01344	0.00960	0.00597	0.00471	0.00160	0.00480	0.00443	0.00513	0.00802
9	0.00713	0.00532	0.00771	0.00849	0.00923	0.00507	0.03855	0.00857	0.01059	0.01403	0.02763	0.58531	0.03215	0.01531	0.00677	0.00217	0.00373	0.20305	0.00473	0.00450
10	0.00983	0.00926	0.01562	0.80447	0.03587	0.01157	0.01446	0.01331	0.01041	0.01331	0.00926	0.01388	0.00694	0.00521	0.00521	0.00174	0.00694	0.00463	0.00231	0.00579
11	0.02195	0.09666	0.01401	0.00965	0.01361	0.07773	0.00804	0.03952	0.01463	0.62233	0.01787	0.01589	0.01161	0.00614	0.00499	0.00153	0.00501	0.00480	0.00564	0.00839
12	0.01911	0.02424	0.01481	0.01343	0.01599	0.76244	0.01012	0.02044	0.01447	0.01274	0.00800	0.00948	0.00671	0.00553	0.00523	0.00138	0.04380	0.00341	0.00267	0.00602
13	0.01104	0.01049	0.01780	0.49912	0.33178	0.01189	0.01506	0.01436	0.01098	0.01477	0.00947	0.01349	0.00746	0.00498	0.00519	0.00166	0.00664	0.00463	0.00242	0.00676
14	0.00839	0.00599	0.00839	0.00959	0.01079	0.00599	0.00839	0.01079	0.01199	0.01558	0.02757	0.05874	0.02997	0.01439	0.00719	0.00240	0.00480	0.74945	0.00480	0.00480
15	0.00811	0.00634	0.00758	0.00770	0.00931	0.00623	0.00619	0.01193	0.11961	0.01729	0.21752	0.04581	0.25899	0.01209	0.00636	0.00193	0.00348	0.24324	0.00511	0.00519
16	0.00637	0.00528	0.00558	0.00550	0.00717	0.00449	0.00413	0.00789	0.01238	0.01528	0.18232	0.04812	0.65207	0.01274	0.00615	0.00174	0.00261	0.01071	0.00500	0.00449
17	0.00792	0.00569	0.00774	0.00820	0.00941	0.00550	0.00680	0.01035	0.01325	0.01802	0.37355	0.04964	0.03876	0.01267	0.00671	0.00205	0.00372	0.40996	0.00523	0.00485
18	0.85377	0.01007	0.00765	0.00685	0.01007	0.01168	0.00564	0.01531	0.00886	0.02336	0.00725	0.00846	0.00564	0.00483	0.00322	0.00161	0.00403	0.00282	0.00322	0.00564
19	0.01005	0.00937	0.01562	0.78702	0.03543	0.01167	0.01436	0.02990	0.01072	0.01374	0.00933	0.01385	0.00698	0.00523	0.00521	0.00173	0.00692	0.00463	0.00238	0.00585
