[name]
unknown

[dist]
# distance from previous block
# <min> <max>
6	54

[block]
# block no. 0 follows, 44 sequences, length 28
# corresponding to MSA columns:
# 667-694
name=unknown_A
#
# <colnr> <probs for GDERKNQSTAVLIFYWHMCP>
#	G	D	E	R	K	N	Q	S	T	A	V	L	I	F	Y	W	H	M	C	P
0	0.18817	0.06835	0.03888	0.03637	0.04256	0.10137	0.03568	0.21902	0.03266	0.09395	0.01135	0.01213	0.00843	0.00561	0.00473	0.00154	0.00594	0.00416	0.00405	0.08505
1	0.14403	0.09996	0.01527	0.01121	0.01470	0.19779	0.05525	0.05972	0.07984	0.13401	0.02967	0.01549	0.05386	0.00639	0.00528	0.00158	0.03069	0.00477	0.00402	0.03646
2	0.10302	0.01332	0.01292	0.01115	0.01363	0.16435	0.00888	0.08396	0.07022	0.16566	0.06929	0.04181	0.01423	0.02724	0.00818	0.00190	0.15339	0.02553	0.00437	0.00696
3	0.14084	0.02579	0.01081	0.00906	0.01183	0.05851	0.00716	0.14548	0.09129	0.10234	0.15149	0.05193	0.01969	0.04104	0.00612	0.00181	0.00455	0.02255	0.07389	0.02382
4	0.15894	0.01706	0.01338	0.01152	0.01482	0.29624	0.00900	0.19850	0.08766	0.05338	0.01245	0.05395	0.01013	0.00652	0.00495	0.00159	0.00667	0.00471	0.00410	0.03443
5	0.08190	0.01091	0.01301	0.01107	0.01400	0.01181	0.03496	0.25107	0.07512	0.06066	0.04791	0.04467	0.01686	0.02347	0.00713	0.00195	0.06601	0.16367	0.00477	0.05907
6	0.09194	0.00923	0.01210	0.01050	0.01291	0.00956	0.07900	0.14793	0.04055	0.09750	0.03620	0.31329	0.04823	0.01086	0.00651	0.00195	0.03622	0.02421	0.00485	0.00646
7	0.03957	0.01158	0.01335	0.01156	0.04186	0.06238	0.04702	0.17616	0.12229	0.18618	0.01777	0.10791	0.01440	0.00755	0.00540	0.00167	0.00514	0.00632	0.07822	0.04368
8	0.03266	0.01433	0.02344	0.01759	0.02192	0.09414	0.42747	0.06260	0.07045	0.04326	0.04060	0.04253	0.03526	0.00613	0.00625	0.00177	0.02394	0.00638	0.00354	0.02574
9	0.01468	0.01299	0.02215	0.01668	0.02088	0.01322	0.35594	0.10280	0.14974	0.09410	0.01457	0.04133	0.01122	0.00630	0.00688	0.00182	0.06743	0.00618	0.00402	0.03710
10	0.01365	0.01252	0.02124	0.09962	0.67897	0.01268	0.01624	0.01688	0.01241	0.04799	0.01066	0.01379	0.00871	0.00499	0.00541	0.00164	0.00647	0.00488	0.00284	0.00843
11	0.01582	0.00890	0.01270	0.01149	0.04414	0.00851	0.06471	0.01989	0.10466	0.31112	0.05473	0.03188	0.04638	0.00922	0.00612	0.00193	0.00489	0.20069	0.03481	0.00741
12	0.01415	0.01014	0.01442	0.01135	0.01437	0.01027	0.07745	0.01625	0.01175	0.19265	0.03293	0.05663	0.04225	0.00743	0.00862	0.00167	0.21788	0.00558	0.00401	0.25019
13	0.05060	0.00973	0.01595	0.75734	0.03625	0.01212	0.01470	0.01403	0.01082	0.01444	0.00959	0.01426	0.00720	0.00543	0.00535	0.00181	0.00712	0.00475	0.00247	0.00605
14	0.02037	0.02598	0.01545	0.01404	0.01685	0.78652	0.01053	0.02177	0.01545	0.01334	0.00843	0.00983	0.00702	0.00562	0.00492	0.00140	0.00983	0.00351	0.00281	0.00632
15	0.00791	0.00534	0.00622	0.00622	0.00632	0.00544	0.00365	0.00811	0.00801	0.01077	0.01693	0.03428	0.01921	0.73324	0.10208	0.00563	0.00620	0.00772	0.00327	0.00346
16	0.01349	0.01295	0.02213	0.03346	0.77440	0.01295	0.01673	0.01673	0.01241	0.01781	0.01025	0.01349	0.00864	0.00486	0.00540	0.00162	0.00648	0.00486	0.00270	0.00864
17	0.00664	0.00474	0.00633	0.00759	0.00791	0.00443	0.00506	0.00759	0.01044	0.01392	0.03005	0.80485	0.03606	0.01708	0.00696	0.00221	0.00316	0.01550	0.00506	0.00443
18	0.00664	0.00491	0.00621	0.00719	0.00782	0.00448	0.00489	0.00772	0.01096	0.01432	0.05801	0.64284	0.17150	0.01629	0.00685	0.00213	0.00307	0.01459	0.00509	0.00448
19	0.01931	0.01041	0.01263	0.00998	0.01356	0.01030	0.00812	0.26551	0.01890	0.35418	0.19378	0.02191	0.02095	0.00771	0.00569	0.00168	0.00461	0.00631	0.00614	0.00831
20	0.01458	0.81168	0.02857	0.00933	0.01399	0.02157	0.00933	0.01632	0.01108	0.01283	0.00758	0.00875	0.00700	0.00466	0.00350	0.00117	0.00583	0.00292	0.00233	0.00700
21	0.01130	0.00969	0.01130	0.00807	0.01292	0.00727	0.00646	0.01373	0.01130	0.01776	0.00969	0.01130	0.00807	0.00404	0.00404	0.00081	0.00404	0.00323	0.00323	0.84173
22	0.01439	0.00976	0.01722	0.01315	0.01637	0.00905	0.27095	0.01673	0.01218	0.23488	0.03562	0.05406	0.01534	0.24091	0.01241	0.00281	0.00633	0.00704	0.00424	0.00655
23	0.00662	0.00483	0.00624	0.00737	0.00785	0.00445	0.00496	0.00762	0.01065	0.01400	0.03275	0.72406	0.11510	0.01673	0.00690	0.00217	0.00312	0.01507	0.00506	0.00445
24	0.00937	0.00815	0.01055	0.00966	0.01063	0.00961	0.00759	0.01233	0.08227	0.01715	0.26397	0.12867	0.12035	0.01135	0.01022	0.00203	0.26723	0.00875	0.00452	0.00558
25	0.01281	0.01226	0.02089	0.19649	0.61671	0.01277	0.01639	0.01613	0.01209	0.01698	0.01013	0.01372	0.00834	0.00498	0.00541	0.00166	0.00665	0.00485	0.00264	0.00808
26	0.55046	0.00861	0.00697	0.00643	0.00906	0.00970	0.00516	0.01485	0.01004	0.02300	0.01120	0.01292	0.00876	0.00552	0.00353	0.00154	0.00362	0.00371	0.29931	0.00561
27	0.30273	0.01035	0.01078	0.00893	0.01251	0.03435	0.00724	0.03692	0.09067	0.33071	0.06983	0.01646	0.01353	0.00645	0.00478	0.00167	0.00449	0.00487	0.00518	0.02754

[dist]
# distance from previous block
# <min> <max>
0	1

[block]
# block no. 1 follows, 44 sequences, length 11
# corresponding to MSA columns:
# 696-706
name=unknown_B
#
# <colnr> <probs for GDERKNQSTAVLIFYWHMCP>
#	G	D	E	R	K	N	Q	S	T	A	V	L	I	F	Y	W	H	M	C	P
0	0.03538	0.01165	0.01510	0.01200	0.01579	0.03194	0.11878	0.13260	0.21007	0.18048	0.02038	0.04905	0.07265	0.00726	0.00561	0.00171	0.00532	0.00631	0.00504	0.06288
1	0.01309	0.01254	0.02141	0.12880	0.68218	0.01285	0.01653	0.01638	0.01222	0.01733	0.01018	0.01362	0.00846	0.00493	0.00540	0.00164	0.00658	0.00486	0.00266	0.00831
2	0.00737	0.00571	0.00730	0.00846	0.04436	0.00537	0.00560	0.00937	0.04561	0.01564	0.12502	0.48500	0.18552	0.01467	0.00665	0.00203	0.00322	0.01307	0.00509	0.00494
3	0.00783	0.00579	0.00846	0.00846	0.00949	0.00664	0.00657	0.00978	0.00903	0.01308	0.01647	0.02269	0.04595	0.03822	0.71932	0.00814	0.01357	0.00605	0.03956	0.00487
4	0.01030	0.00969	0.01635	0.79530	0.03755	0.01211	0.01514	0.01393	0.01090	0.01393	0.00969	0.01453	0.00727	0.00545	0.00545	0.00182	0.00727	0.00484	0.00242	0.00606
5	0.00781	0.00574	0.00822	0.00822	0.00901	0.00652	0.00614	0.00939	0.00860	0.01226	0.01509	0.02414	0.01481	0.18741	0.64190	0.00810	0.01282	0.00624	0.00299	0.00457
6	0.01458	0.81168	0.02857	0.00933	0.01399	0.02157	0.00933	0.01632	0.01108	0.01283	0.00758	0.00875	0.00700	0.00466	0.00350	0.00117	0.00583	0.00292	0.00233	0.00700
7	0.84691	0.01054	0.00801	0.00717	0.01054	0.01223	0.00590	0.01603	0.00928	0.02446	0.00759	0.00886	0.00590	0.00506	0.00337	0.00169	0.00422	0.00295	0.00337	0.00590
8	0.00724	0.00550	0.00666	0.00649	0.00788	0.00492	0.00482	0.00932	0.01412	0.01904	0.49184	0.09873	0.27876	0.01241	0.00647	0.00179	0.00267	0.01078	0.00564	0.00492
9	0.00827	0.00606	0.00758	0.00731	0.00872	0.00584	0.00557	0.01175	0.07464	0.02085	0.56447	0.06744	0.07908	0.01124	0.00634	0.00179	0.00291	0.06134	0.04343	0.00536
10	0.01169	0.00957	0.01105	0.00816	0.01264	0.00760	0.00651	0.04106	0.03594	0.04160	0.01464	0.01555	0.07677	0.00519	0.00440	0.00099	0.00402	0.00419	0.00366	0.68478

[dist]
# distance from previous block
# <min> <max>
0	1

[block]
# block no. 2 follows, 44 sequences, length 20
# corresponding to MSA columns:
# 708-723,725-728
name=unknown_C
#
# <colnr> <probs for GDERKNQSTAVLIFYWHMCP>
#	G	D	E	R	K	N	Q	S	T	A	V	L	I	F	Y	W	H	M	C	P
0	0.01410	0.70847	0.12758	0.01015	0.01526	0.02040	0.01075	0.01645	0.01113	0.01341	0.00787	0.00911	0.00698	0.00473	0.00372	0.00124	0.00612	0.00306	0.00233	0.00714
1	0.01290	0.01106	0.01574	0.01134	0.01625	0.00929	0.14990	0.07229	0.01289	0.05180	0.01072	0.01241	0.00844	0.00445	0.00467	0.00111	0.00520	0.00407	0.00346	0.58201
2	0.01581	0.01334	0.01298	0.01101	0.01447	0.10437	0.00867	0.15520	0.37703	0.07612	0.01944	0.01852	0.05370	0.00700	0.00535	0.00164	0.00518	0.00558	0.00504	0.08955
3	0.00906	0.00769	0.01110	0.01037	0.01101	0.00980	0.00826	0.01071	0.00861	0.01273	0.01241	0.01900	0.01186	0.05805	0.52427	0.00668	0.25489	0.00559	0.00277	0.00515
4	0.01377	0.01090	0.01245	0.00910	0.01382	0.00940	0.00736	0.17663	0.01457	0.04473	0.01080	0.01192	0.00850	0.00467	0.00439	0.00102	0.00449	0.00367	0.00382	0.63398
5	0.01386	0.01084	0.01225	0.00961	0.01379	0.01022	0.00771	0.11627	0.21278	0.06669	0.01469	0.01577	0.01148	0.00573	0.00481	0.00129	0.00443	0.02497	0.00440	0.43841
6	0.00731	0.00560	0.00673	0.00655	0.00804	0.00501	0.00499	0.00944	0.01416	0.01891	0.46457	0.04626	0.31540	0.01235	0.00650	0.00181	0.00278	0.05305	0.00560	0.00494
7	0.00908	0.00750	0.00825	0.00799	0.01003	0.00762	0.00621	0.01506	0.24533	0.01831	0.13563	0.06841	0.33611	0.01173	0.00630	0.00191	0.00348	0.08976	0.00533	0.00596
8	0.01130	0.00969	0.01130	0.00807	0.01292	0.00727	0.00646	0.01373	0.01130	0.01776	0.00969	0.01130	0.00807	0.00404	0.00404	0.00081	0.00404	0.00323	0.00323	0.84173
9	0.01030	0.00969	0.01635	0.79530	0.03755	0.01211	0.01514	0.01393	0.01090	0.01393	0.00969	0.01453	0.00727	0.00545	0.00545	0.00182	0.00727	0.00484	0.00242	0.00606
10	0.01458	0.81168	0.02857	0.00933	0.01399	0.02157	0.00933	0.01632	0.01108	0.01283	0.00758	0.00875	0.00700	0.00466	0.00350	0.00117	0.00583	0.00292	0.00233	0.00700
11	0.01130	0.00969	0.01130	0.00807	0.01292	0.00727	0.00646	0.01373	0.01130	0.01776	0.00969	0.01130	0.00807	0.00404	0.00404	0.00081	0.00404	0.00323	0.00323	0.84173
12	0.01030	0.00969	0.01635	0.79530	0.03755	0.01211	0.01514	0.01393	0.01090	0.01393	0.00969	0.01453	0.00727	0.00545	0.00545	0.00182	0.00727	0.00484	0.00242	0.00606
13	0.02040	0.02503	0.01553	0.01391	0.01686	0.71780	0.01052	0.08735	0.01636	0.01522	0.00884	0.01012	0.00722	0.00570	0.00496	0.00143	0.00949	0.00364	0.00305	0.00658
14	0.01121	0.00969	0.01176	0.07837	0.01512	0.00770	0.00724	0.01375	0.01127	0.01742	0.00969	0.01159	0.00800	0.00416	0.00416	0.00090	0.00433	0.00337	0.00316	0.76711
15	0.00709	0.00546	0.00721	0.07742	0.01048	0.00525	0.00580	0.00859	0.01158	0.01523	0.14076	0.47939	0.17650	0.01455	0.00665	0.00203	0.00337	0.01296	0.00496	0.00471
16	0.01159	0.00691	0.00821	0.00730	0.00962	0.00623	0.00567	0.04239	0.03513	0.19005	0.22318	0.06588	0.34411	0.01120	0.00618	0.00178	0.00332	0.00947	0.00571	0.00608
17	0.01030	0.00969	0.01635	0.79530	0.03755	0.01211	0.01514	0.01393	0.01090	0.01393	0.00969	0.01453	0.00727	0.00545	0.00545	0.00182	0.00727	0.00484	0.00242	0.00606
18	0.00802	0.00638	0.00698	0.00695	0.00875	0.00588	0.00536	0.07503	0.01336	0.01656	0.04510	0.14711	0.52163	0.01373	0.00655	0.00195	0.00337	0.09713	0.00509	0.00505
19	0.01030	0.00969	0.01635	0.79530	0.03755	0.01211	0.01514	0.01393	0.01090	0.01393	0.00969	0.01453	0.00727	0.00545	0.00545	0.00182	0.00727	0.00484	0.00242	0.00606

[dist]
# distance from previous block
# <min> <max>
0	3

[block]
# block no. 3 follows, 44 sequences, length 127
# corresponding to MSA columns:
# 732-780,782-859
name=unknown_D
#
# <colnr> <probs for GDERKNQSTAVLIFYWHMCP>
#	G	D	E	R	K	N	Q	S	T	A	V	L	I	F	Y	W	H	M	C	P
0	0.02590	0.00561	0.00713	0.00687	0.00814	0.00521	0.00510	0.01006	0.01471	0.02087	0.65462	0.10802	0.08409	0.01167	0.00641	0.00176	0.00267	0.01029	0.00582	0.00507
1	0.01155	0.16044	0.65330	0.01449	0.02197	0.01417	0.01832	0.01711	0.01144	0.01652	0.00941	0.01104	0.00692	0.00509	0.00490	0.00163	0.00768	0.00384	0.00231	0.00788
2	0.01190	0.00982	0.01147	0.00823	0.01305	0.00753	0.00660	0.03305	0.01179	0.03838	0.01009	0.01154	0.00825	0.00417	0.00411	0.00085	0.00410	0.00333	0.00338	0.79834
3	0.00722	0.00514	0.00690	0.00810	0.00863	0.00492	0.00588	0.00850	0.01083	0.01433	0.02914	0.58759	0.03414	0.05502	0.00811	0.00243	0.00372	0.18992	0.00497	0.00452
4	0.00969	0.23265	0.01342	0.00827	0.01040	0.00990	0.00705	0.01178	0.01286	0.01690	0.28147	0.13401	0.05651	0.01099	0.00590	0.00180	0.00409	0.16218	0.00461	0.00553
5	0.00669	0.00504	0.00622	0.00713	0.00792	0.00457	0.00498	0.00784	0.01110	0.01426	0.03708	0.55684	0.24315	0.01606	0.00684	0.00212	0.00314	0.04945	0.00506	0.00451
6	0.01018	0.00798	0.00942	0.04135	0.01177	0.00733	0.00643	0.05811	0.07920	0.04087	0.09750	0.18262	0.17199	0.00988	0.00566	0.00160	0.00377	0.00848	0.00464	0.24123
7	0.00728	0.00551	0.00671	0.00651	0.00790	0.00494	0.00485	0.00941	0.01426	0.01931	0.51812	0.08877	0.26197	0.01227	0.00646	0.00178	0.00266	0.01067	0.00567	0.00494
8	0.01130	0.00969	0.01130	0.00807	0.01292	0.00727	0.00646	0.01373	0.01130	0.01776	0.00969	0.01130	0.00807	0.00404	0.00404	0.00081	0.00404	0.00323	0.00323	0.84173
9	0.01030	0.00969	0.01635	0.79530	0.03755	0.01211	0.01514	0.01393	0.01090	0.01393	0.00969	0.01453	0.00727	0.00545	0.00545	0.00182	0.00727	0.00484	0.00242	0.00606
10	0.00762	0.00515	0.00604	0.00634	0.00642	0.00508	0.00373	0.00785	0.00854	0.01138	0.02029	0.22183	0.02375	0.61689	0.02272	0.00454	0.00477	0.00976	0.00373	0.00358
11	0.01096	0.00991	0.01598	0.08979	0.38141	0.00997	0.03245	0.01428	0.03546	0.01855	0.23817	0.04321	0.06163	0.00760	0.00583	0.00170	0.00513	0.00702	0.00392	0.00703
12	0.00644	0.00552	0.00552	0.00552	0.00736	0.00460	0.00414	0.00782	0.01243	0.01473	0.05523	0.05247	0.77218	0.01381	0.00644	0.00184	0.00276	0.01151	0.00506	0.00460
13	0.01458	0.81168	0.02857	0.00933	0.01399	0.02157	0.00933	0.01632	0.01108	0.01283	0.00758	0.00875	0.00700	0.00466	0.00350	0.00117	0.00583	0.00292	0.00233	0.00700
14	0.01555	0.01586	0.10822	0.01850	0.04556	0.01421	0.37777	0.22044	0.01625	0.07089	0.01199	0.01404	0.00871	0.00549	0.00627	0.00177	0.03111	0.00559	0.00369	0.00808
15	0.01535	0.27261	0.02030	0.01324	0.03900	0.24882	0.01083	0.01685	0.01148	0.01324	0.00777	0.01033	0.00711	0.00665	0.00899	0.00168	0.28294	0.00380	0.00251	0.00649
16	0.00779	0.00584	0.00876	0.00876	0.00974	0.00681	0.00681	0.00974	0.00876	0.01266	0.01460	0.02142	0.01363	0.04089	0.78680	0.00876	0.01460	0.00584	0.00292	0.00487
17	0.00760	0.00557	0.00712	0.00673	0.00807	0.00509	0.00505	0.01006	0.01515	0.02120	0.70463	0.04182	0.11875	0.01139	0.00643	0.00173	0.00259	0.01001	0.00591	0.00509
18	0.84691	0.01054	0.00801	0.00717	0.01054	0.01223	0.00590	0.01603	0.00928	0.02446	0.00759	0.00886	0.00590	0.00506	0.00337	0.00169	0.00422	0.00295	0.00337	0.00590
19	0.01259	0.03595	0.28350	0.01749	0.02332	0.03651	0.32403	0.04047	0.10913	0.01827	0.01334	0.01521	0.03299	0.00554	0.00575	0.00177	0.00783	0.00553	0.00310	0.00769
20	0.01130	0.00969	0.01130	0.00807	0.01292	0.00727	0.00646	0.01373	0.01130	0.01776	0.00969	0.01130	0.00807	0.00404	0.00404	0.00081	0.00404	0.00323	0.00323	0.84173
21	0.01130	0.00969	0.01130	0.00807	0.01292	0.00727	0.00646	0.01373	0.01130	0.01776	0.00969	0.01130	0.00807	0.00404	0.00404	0.00081	0.00404	0.00323	0.00323	0.84173
22	0.02238	0.00954	0.01257	0.00955	0.01387	0.00820	0.00786	0.04873	0.01529	0.64039	0.01947	0.01730	0.01255	0.00634	0.00527	0.00155	0.00459	0.00513	0.00618	0.13324
23	0.00657	0.00553	0.00570	0.00566	0.00744	0.00466	0.00424	0.00807	0.01273	0.01545	0.12773	0.05128	0.69923	0.01354	0.00644	0.00183	0.00274	0.01134	0.00516	0.00466
24	0.01093	0.02820	0.78016	0.01554	0.02360	0.01266	0.02014	0.01727	0.01151	0.01727	0.00978	0.01151	0.00691	0.00518	0.00518	0.00173	0.00806	0.00403	0.00230	0.00806
25	0.00695	0.00554	0.00623	0.00606	0.00768	0.00482	0.00454	0.00881	0.01363	0.01758	0.34183	0.04777	0.48380	0.01274	0.00644	0.00179	0.00269	0.01085	0.00544	0.00482
26	0.01356	0.01171	0.01233	0.01109	0.01418	0.01356	0.00863	0.02897	0.76455	0.02281	0.02219	0.02034	0.01664	0.00740	0.00555	0.00185	0.00431	0.00616	0.00555	0.00863
27	0.00679	0.00538	0.00612	0.00636	0.00774	0.00471	0.00467	0.00833	0.01254	0.01591	0.18089	0.21760	0.45405	0.01408	0.00659	0.00192	0.00288	0.03352	0.00523	0.00468
28	0.01167	0.00972	0.01060	0.00960	0.01215	0.01076	0.00742	0.04106	0.49184	0.02226	0.22344	0.02791	0.08074	0.00884	0.00584	0.00181	0.00378	0.00750	0.00563	0.00743
29	0.02037	0.02598	0.01545	0.01404	0.01685	0.78652	0.01053	0.02177	0.01545	0.01334	0.00843	0.00983	0.00702	0.00562	0.00492	0.00140	0.00983	0.00351	0.00281	0.00632
30	0.00664	0.00474	0.00633	0.00759	0.00791	0.00443	0.00506	0.00759	0.01044	0.01392	0.03005	0.80485	0.03606	0.01708	0.00696	0.00221	0.00316	0.01550	0.00506	0.00443
31	0.02037	0.02598	0.01545	0.01404	0.01685	0.78652	0.01053	0.02177	0.01545	0.01334	0.00843	0.00983	0.00702	0.00562	0.00492	0.00140	0.00983	0.00351	0.00281	0.00632
32	0.01458	0.81168	0.02857	0.00933	0.01399	0.02157	0.00933	0.01632	0.01108	0.01283	0.00758	0.00875	0.00700	0.00466	0.00350	0.00117	0.00583	0.00292	0.00233	0.00700
33	0.02037	0.02598	0.01545	0.01404	0.01685	0.78652	0.01053	0.02177	0.01545	0.01334	0.00843	0.00983	0.00702	0.00562	0.00492	0.00140	0.00983	0.00351	0.00281	0.00632
34	0.00644	0.00552	0.00552	0.00552	0.00736	0.00460	0.00414	0.00782	0.01243	0.01473	0.05523	0.05247	0.77218	0.01381	0.00644	0.00184	0.00276	0.01151	0.00506	0.00460
35	0.01458	0.81168	0.02857	0.00933	0.01399	0.02157	0.00933	0.01632	0.01108	0.01283	0.00758	0.00875	0.00700	0.00466	0.00350	0.00117	0.00583	0.00292	0.00233	0.00700
36	0.01378	0.01347	0.02094	0.11291	0.62823	0.06056	0.01600	0.03725	0.01281	0.01758	0.01016	0.01337	0.00841	0.00501	0.00537	0.00163	0.00675	0.00477	0.00275	0.00824
37	0.01239	0.01287	0.02406	0.01733	0.02247	0.01162	0.46166	0.01694	0.05859	0.01789	0.01127	0.01393	0.00872	0.00458	0.00559	0.00150	0.00719	0.00536	0.00309	0.28295
38	0.00793	0.00529	0.00595	0.00595	0.00595	0.00529	0.00330	0.00793	0.00793	0.01057	0.01718	0.03568	0.01982	0.80840	0.02775	0.00529	0.00529	0.00793	0.00330	0.00330
39	0.00664	0.00474	0.00633	0.00759	0.00791	0.00443	0.00506	0.00759	0.01044	0.01392	0.03005	0.80485	0.03606	0.01708	0.00696	0.00221	0.00316	0.01550	0.00506	0.00443
40	0.02103	0.01351	0.01510	0.01168	0.01587	0.01444	0.00959	0.53707	0.05656	0.20812	0.01556	0.01514	0.01081	0.02230	0.00590	0.00173	0.00559	0.00516	0.00572	0.00913
41	0.15669	0.19335	0.09965	0.15177	0.01959	0.09516	0.01130	0.17749	0.01440	0.02021	0.00948	0.01116	0.00735	0.00544	0.00458	0.00156	0.00650	0.00388	0.00325	0.00718
42	0.00829	0.00596	0.00819	0.00939	0.01049	0.00586	0.00789	0.01046	0.01216	0.01580	0.03026	0.19803	0.06544	0.01538	0.00738	0.00243	0.00458	0.57211	0.00503	0.00489
43	0.00668	0.00482	0.00633	0.00745	0.00789	0.00447	0.00502	0.00772	0.01076	0.01432	0.06459	0.73154	0.07496	0.01664	0.00691	0.00217	0.00312	0.01504	0.00510	0.00447
44	0.01619	0.25867	0.18167	0.01128	0.01621	0.04021	0.01126	0.08617	0.10820	0.17364	0.01467	0.01452	0.03244	0.00601	0.00483	0.00155	0.00593	0.00454	0.00401	0.00800
45	0.01349	0.01295	0.02213	0.03346	0.77440	0.01295	0.01673	0.01673	0.01241	0.01781	0.01025	0.01349	0.00864	0.00486	0.00540	0.00162	0.00648	0.00486	0.00270	0.00864
46	0.01016	0.00508	0.00508	0.00508	0.00635	0.00508	0.00381	0.01270	0.01143	0.02033	0.01778	0.02033	0.01397	0.00635	0.00381	0.00127	0.00254	0.00508	0.83867	0.00508
47	0.84691	0.01054	0.00801	0.00717	0.01054	0.01223	0.00590	0.01603	0.00928	0.02446	0.00759	0.00886	0.00590	0.00506	0.00337	0.00169	0.00422	0.00295	0.00337	0.00590
48	0.01315	0.01115	0.01174	0.01021	0.01328	0.04263	0.00790	0.11891	0.36452	0.02167	0.04153	0.13865	0.01777	0.00822	0.00549	0.00167	0.00449	0.00692	0.00495	0.15515
49	0.01097	0.00821	0.01004	0.00910	0.01082	0.00910	0.00692	0.15619	0.08428	0.01752	0.01547	0.02250	0.01426	0.19410	0.37904	0.00578	0.00970	0.00607	0.00375	0.02619
50	0.01438	0.52853	0.02289	0.01003	0.01412	0.03742	0.00913	0.02063	0.25998	0.01613	0.01242	0.01260	0.01018	0.00559	0.00421	0.00140	0.00543	0.00400	0.00341	0.00752
51	0.01148	0.14559	0.66755	0.01461	0.02216	0.01400	0.01852	0.01712	0.01145	0.01660	0.00945	0.01110	0.00692	0.00510	0.00493	0.00164	0.00772	0.00386	0.00231	0.00790
52	0.00656	0.00508	0.00598	0.00670	0.00767	0.00450	0.00467	0.00769	0.01129	0.01427	0.04087	0.48160	0.35232	0.01567	0.00674	0.00205	0.00299	0.01378	0.00506	0.00450
53	0.01325	0.01218	0.01107	0.01029	0.01218	0.22189	0.00787	0.03080	0.04896	0.08258	0.10789	0.09072	0.01836	0.01928	0.26388	0.00402	0.02837	0.00650	0.00396	0.00595
54	0.00644	0.00552	0.00552	0.00552	0.00736	0.00460	0.00414	0.00782	0.01243	0.01473	0.05523	0.05247	0.77218	0.01381	0.00644	0.00184	0.00276	0.01151	0.00506	0.00460
55	0.00816	0.00640	0.00948	0.00927	0.01015	0.00771	0.00728	0.01004	0.00872	0.01270	0.01392	0.02055	0.01304	0.03803	0.71681	0.00818	0.08595	0.00574	0.00287	0.00497
56	0.01038	0.00965	0.01373	0.01224	0.01260	0.01300	0.01002	0.01185	0.00850	0.01295	0.00994	0.01548	0.00958	0.02126	0.30541	0.00477	0.50533	0.00517	0.00259	0.00555
57	0.01193	0.01193	0.01670	0.01431	0.01431	0.01670	0.01193	0.01312	0.00835	0.01312	0.00716	0.01193	0.00716	0.00954	0.01789	0.00239	0.79843	0.00477	0.00239	0.00596
58	0.01130	0.00969	0.01130	0.00807	0.01292	0.00727	0.00646	0.01373	0.01130	0.01776	0.00969	0.01130	0.00807	0.00404	0.00404	0.00081	0.00404	0.00323	0.00323	0.84173
59	0.01213	0.00923	0.01057	0.00984	0.03428	0.00980	0.00736	0.06946	0.32880	0.07142	0.23296	0.04561	0.11715	0.00924	0.00592	0.00179	0.00382	0.00786	0.00559	0.00717
60	0.01526	0.01255	0.01328	0.01144	0.01482	0.01435	0.00904	0.20120	0.58956	0.02554	0.02003	0.01862	0.01490	0.00719	0.00553	0.00180	0.00471	0.00587	0.00553	0.00878
61	0.02037	0.02598	0.01545	0.01404	0.01685	0.78652	0.01053	0.02177	0.01545	0.01334	0.00843	0.00983	0.00702	0.00562	0.00492	0.00140	0.00983	0.00351	0.00281	0.00632
62	0.01349	0.01295	0.02213	0.03346	0.77440	0.01295	0.01673	0.01673	0.01241	0.01781	0.01025	0.01349	0.00864	0.00486	0.00540	0.00162	0.00648	0.00486	0.00270	0.00864
63	0.01193	0.01193	0.01670	0.01431	0.01431	0.01670	0.01193	0.01312	0.00835	0.01312	0.00716	0.01193	0.00716	0.00954	0.01789	0.00239	0.79843	0.00477	0.00239	0.00596
64	0.00692	0.00495	0.00665	0.00791	0.00835	0.00467	0.00555	0.00808	0.01072	0.01423	0.02989	0.70676	0.03544	0.01681	0.00703	0.00225	0.00341	0.11080	0.00506	0.00451
65	0.84691	0.01054	0.00801	0.00717	0.01054	0.01223	0.00590	0.01603	0.00928	0.02446	0.00759	0.00886	0.00590	0.00506	0.00337	0.00169	0.00422	0.00295	0.00337	0.00590
66	0.00683	0.00532	0.00621	0.00645	0.00772	0.00469	0.00466	0.00840	0.01265	0.01636	0.23532	0.26130	0.37651	0.01403	0.00658	0.00191	0.00283	0.01220	0.00531	0.00469
67	0.02446	0.00928	0.01265	0.00970	0.01392	0.00801	0.00801	0.02657	0.01560	0.77817	0.02151	0.01856	0.01350	0.00675	0.00548	0.00169	0.00464	0.00548	0.00675	0.00928
68	0.01040	0.00983	0.01637	0.74725	0.03612	0.01239	0.01494	0.01388	0.01074	0.01388	0.00953	0.01437	0.00726	0.00570	0.00622	0.00185	0.05594	0.00484	0.00242	0.00605
69	0.00644	0.00552	0.00552	0.00552	0.00736	0.00460	0.00414	0.00782	0.01243	0.01473	0.05523	0.05247	0.77218	0.01381	0.00644	0.00184	0.00276	0.01151	0.00506	0.00460
70	0.00768	0.00557	0.00723	0.00682	0.00812	0.00513	0.00511	0.01021	0.01534	0.02164	0.74887	0.04109	0.07423	0.01123	0.00643	0.00172	0.00258	0.00991	0.00597	0.00513
71	0.00793	0.00529	0.00595	0.00595	0.00595	0.00529	0.00330	0.00793	0.00793	0.01057	0.01718	0.03568	0.01982	0.80840	0.02775	0.00529	0.00529	0.00793	0.00330	0.00330
72	0.01103	0.04932	0.75990	0.01537	0.02334	0.01290	0.01985	0.01724	0.01150	0.01715	0.00972	0.01144	0.00691	0.00517	0.00513	0.00171	0.00800	0.00400	0.00230	0.00803
73	0.01872	0.01929	0.01937	0.01539	0.01930	0.31892	0.16888	0.29423	0.01854	0.02204	0.01069	0.01213	0.00813	0.00583	0.00572	0.00160	0.02512	0.00468	0.00377	0.00763
74	0.01067	0.00809	0.00941	0.00857	0.01069	0.00848	0.00658	0.01810	0.30220	0.05594	0.42968	0.03227	0.05781	0.00959	0.00605	0.00177	0.00334	0.00830	0.00583	0.00665
75	0.01237	0.01181	0.02011	0.30003	0.51658	0.01266	0.01617	0.01575	0.01188	0.01645	0.01006	0.01386	0.00816	0.00507	0.00542	0.00169	0.00675	0.00485	0.00260	0.00773
76	0.32606	0.01172	0.01217	0.00971	0.01366	0.01250	0.00801	0.26362	0.01659	0.25503	0.01360	0.01318	0.00931	0.00606	0.00470	0.00167	0.00493	0.00436	0.00508	0.00803
77	0.02435	0.00946	0.01276	0.00979	0.01401	0.00828	0.00808	0.04845	0.01590	0.75587	0.02126	0.01839	0.01337	0.00674	0.00548	0.00169	0.00468	0.00547	0.00671	0.00928
78	0.00969	0.00882	0.01456	0.64621	0.03208	0.01074	0.01339	0.01289	0.01090	0.01403	0.01350	0.13253	0.01252	0.00757	0.00576	0.00190	0.00657	0.03765	0.00292	0.00577
79	0.00917	0.00870	0.01603	0.01329	0.01575	0.00817	0.28112	0.01187	0.02640	0.01560	0.02488	0.39513	0.08522	0.01191	0.00673	0.00205	0.00548	0.05262	0.00422	0.00563
80	0.00941	0.00515	0.00537	0.00537	0.00621	0.00515	0.00364	0.01109	0.01025	0.01702	0.01758	0.02552	0.01595	0.27787	0.01191	0.00263	0.00347	0.00605	0.55587	0.00448
81	0.00739	0.00554	0.00685	0.00657	0.00796	0.00500	0.00491	0.00964	0.01460	0.01999	0.58485	0.06376	0.21905	0.01192	0.00645	0.00176	0.00263	0.01039	0.00576	0.00500
82	0.01118	0.07157	0.72297	0.01535	0.02316	0.01318	0.03458	0.01722	0.01151	0.01702	0.00969	0.01142	0.00694	0.00514	0.00511	0.00170	0.00796	0.00402	0.00231	0.00798
83	0.01331	0.01287	0.02230	0.06999	0.70518	0.01295	0.04973	0.01663	0.01236	0.01761	0.01026	0.01360	0.00855	0.00487	0.00545	0.00164	0.00664	0.00493	0.00269	0.00845
84	0.00748	0.00549	0.00785	0.00821	0.00892	0.00602	0.00604	0.00899	0.00917	0.01285	0.01917	0.24409	0.02046	0.09481	0.50628	0.00664	0.01063	0.00874	0.00356	0.00462
85	0.01994	0.04913	0.01588	0.01391	0.01669	0.74086	0.01054	0.02135	0.01511	0.01332	0.00836	0.00986	0.00703	0.00571	0.00526	0.00143	0.03298	0.00353	0.00278	0.00633
86	0.28828	0.03290	0.04203	0.01746	0.03747	0.01342	0.45633	0.01694	0.01160	0.01966	0.00976	0.01253	0.00743	0.00477	0.00530	0.00176	0.00738	0.00511	0.00294	0.00691
87	0.01337	0.01245	0.01907	0.06123	0.52441	0.01309	0.01435	0.02010	0.22699	0.01906	0.01364	0.01549	0.01086	0.00561	0.00544	0.00169	0.00590	0.00523	0.00350	0.00852
88	0.02072	0.01527	0.01636	0.01254	0.01691	0.01691	0.01036	0.75622	0.02563	0.03436	0.01309	0.01309	0.00927	0.00654	0.00545	0.00164	0.00600	0.00491	0.00545	0.00927
89	0.00772	0.00557	0.00729	0.00686	0.00814	0.00514	0.00514	0.01029	0.01543	0.02186	0.77152	0.04072	0.05144	0.01115	0.00643	0.00171	0.00257	0.00986	0.00600	0.00514
90	0.00879	0.00628	0.00879	0.01004	0.01130	0.00628	0.00879	0.01130	0.01255	0.01632	0.02887	0.06150	0.03138	0.01506	0.00753	0.00251	0.00502	0.73770	0.00502	0.00502
91	0.84691	0.01054	0.00801	0.00717	0.01054	0.01223	0.00590	0.01603	0.00928	0.02446	0.00759	0.00886	0.00590	0.00506	0.00337	0.00169	0.00422	0.00295	0.00337	0.00590
92	0.01349	0.01295	0.02213	0.03346	0.77440	0.01295	0.01673	0.01673	0.01241	0.01781	0.01025	0.01349	0.00864	0.00486	0.00540	0.00162	0.00648	0.00486	0.00270	0.00864
93	0.00712	0.00555	0.00646	0.00623	0.00778	0.00489	0.00467	0.00913	0.01402	0.01850	0.43387	0.04626	0.39119	0.01240	0.00644	0.00177	0.00266	0.01064	0.00556	0.00489
94	0.00663	0.00479	0.00628	0.00746	0.00787	0.00444	0.00500	0.00761	0.01056	0.01397	0.03160	0.75850	0.08140	0.01688	0.00693	0.00219	0.00314	0.01525	0.00506	0.00444
95	0.01977	0.04307	0.01614	0.03925	0.01741	0.49112	0.01064	0.24021	0.01804	0.01961	0.00980	0.01098	0.00770	0.00596	0.00539	0.00151	0.02865	0.00399	0.00356	0.00720
96	0.00767	0.00557	0.00723	0.00681	0.00812	0.00513	0.00511	0.01020	0.01533	0.02162	0.74720	0.04112	0.07591	0.01124	0.00643	0.00172	0.00258	0.00992	0.00597	0.00513
97	0.00793	0.00529	0.00595	0.00595	0.00595	0.00529	0.00330	0.00793	0.00793	0.01057	0.01718	0.03568	0.01982	0.80840	0.02775	0.00529	0.00529	0.00793	0.00330	0.00330
98	0.01176	0.00996	0.01558	0.01805	0.26364	0.01087	0.07607	0.01437	0.01120	0.01752	0.01287	0.04169	0.01100	0.00673	0.00763	0.00170	0.17161	0.00541	0.28572	0.00662
99	0.01458	0.81168	0.02857	0.00933	0.01399	0.02157	0.00933	0.01632	0.01108	0.01283	0.00758	0.00875	0.00700	0.00466	0.00350	0.00117	0.00583	0.00292	0.00233	0.00700
100	0.01281	0.01019	0.01184	0.00857	0.01334	0.00820	0.00690	0.08360	0.01285	0.05537	0.01057	0.01182	0.00844	0.00440	0.00424	0.00093	0.00425	0.00349	0.00360	0.72460
101	0.00793	0.00529	0.00595	0.00595	0.00595	0.00529	0.00330	0.00793	0.00793	0.01057	0.01718	0.03568	0.01982	0.80840	0.02775	0.00529	0.00529	0.00793	0.00330	0.00330
102	0.84691	0.01054	0.00801	0.00717	0.01054	0.01223	0.00590	0.01603	0.00928	0.02446	0.00759	0.00886	0.00590	0.00506	0.00337	0.00169	0.00422	0.00295	0.00337	0.00590
103	0.01593	0.01699	0.26695	0.01414	0.08499	0.03211	0.01298	0.11132	0.09569	0.20759	0.03451	0.03970	0.02904	0.00665	0.00545	0.00172	0.00607	0.00543	0.00442	0.00832
104	0.00868	0.00912	0.04954	0.01038	0.01304	0.00813	0.14798	0.01136	0.03260	0.01599	0.09510	0.03781	0.44328	0.01087	0.00741	0.00188	0.07765	0.00929	0.00433	0.00557
105	0.00897	0.00497	0.00550	0.00593	0.00688	0.00486	0.00423	0.01097	0.01110	0.01816	0.02194	0.28591	0.02145	0.00998	0.00488	0.00159	0.00275	0.00861	0.55647	0.00486
106	0.01330	0.01284	0.02199	0.06293	0.69862	0.01307	0.03685	0.01652	0.01223	0.01749	0.01015	0.01351	0.00852	0.00503	0.00585	0.00166	0.03347	0.00490	0.00268	0.00841
107	0.01209	0.03574	0.08497	0.28010	0.24995	0.01311	0.21287	0.01603	0.01192	0.01625	0.01016	0.01387	0.00790	0.00500	0.00562	0.00174	0.00757	0.00515	0.00258	0.00735
108	0.01140	0.00955	0.01060	0.01002	0.01216	0.01077	0.00759	0.04089	0.46552	0.01983	0.02495	0.24858	0.05210	0.01052	0.00648	0.00197	0.03566	0.00900	0.00526	0.00716
109	0.00687	0.00519	0.00635	0.00679	0.00781	0.00467	0.00482	0.00839	0.01236	0.01630	0.23732	0.37996	0.25431	0.01453	0.00667	0.00197	0.00289	0.01282	0.00531	0.00467
110	0.01208	0.26196	0.52411	0.01379	0.02061	0.01544	0.03066	0.01690	0.01134	0.01585	0.00909	0.01075	0.00696	0.00511	0.00498	0.00158	0.02504	0.00376	0.00232	0.00768
111	0.01581	0.08412	0.23304	0.01433	0.01906	0.26242	0.07930	0.08919	0.04420	0.04130	0.01055	0.01210	0.00812	0.00680	0.03129	0.00184	0.03178	0.00429	0.00310	0.00736
112	0.00876	0.00737	0.01126	0.04731	0.23070	0.00722	0.00879	0.01051	0.01115	0.01509	0.02504	0.49730	0.07222	0.01287	0.00641	0.00200	0.00426	0.01174	0.00427	0.00572
113	0.01438	0.01212	0.01279	0.01126	0.01449	0.01394	0.00883	0.11172	0.68047	0.02412	0.02115	0.01952	0.01580	0.00730	0.00554	0.00182	0.00451	0.00602	0.00554	0.00870
114	0.02031	0.01850	0.01570	0.01288	0.01664	0.27697	0.01025	0.44277	0.06429	0.05010	0.01230	0.01258	0.00907	0.00629	0.00528	0.00157	0.00716	0.00453	0.00460	0.00824
115	0.13460	0.03162	0.25083	0.03020	0.01704	0.01106	0.03583	0.03705	0.08024	0.03958	0.01123	0.01252	0.00852	0.00513	0.00460	0.00144	0.00564	0.00401	0.03164	0.24720
116	0.01262	0.01072	0.01729	0.03971	0.50079	0.01061	0.01295	0.01581	0.02794	0.06501	0.15962	0.02096	0.04884	0.00665	0.00561	0.00165	0.00534	0.00616	0.02400	0.00770
117	0.01244	0.01024	0.02991	0.01702	0.26381	0.00929	0.02585	0.03968	0.03413	0.08277	0.15704	0.08859	0.01963	0.00724	0.00548	0.00154	0.00480	0.00651	0.00414	0.17987
118	0.05674	0.01073	0.01518	0.08479	0.21245	0.00996	0.02930	0.04101	0.01269	0.12878	0.03019	0.01395	0.00993	0.00509	0.00486	0.00135	0.00521	0.00441	0.00367	0.31972
119	0.01569	0.01224	0.01695	0.07734	0.20155	0.03827	0.05642	0.13603	0.04931	0.13686	0.01326	0.03751	0.01032	0.00611	0.00605	0.00161	0.05126	0.00515	0.00401	0.12405
120	0.04045	0.01124	0.01387	0.01078	0.01459	0.07795	0.10552	0.03692	0.01238	0.07375	0.02934	0.10337	0.01279	0.03018	0.00594	0.00146	0.02222	0.00559	0.00371	0.38794
121	0.01120	0.00914	0.01079	0.00886	0.01216	0.00833	0.02260	0.10424	0.08978	0.01955	0.06458	0.16828	0.08264	0.00843	0.00532	0.00145	0.00405	0.00723	0.00440	0.35695
122	0.01381	0.01112	0.01409	0.01205	0.05649	0.07965	0.10601	0.01718	0.07181	0.14758	0.02156	0.06716	0.13842	0.00742	0.00545	0.00153	0.00524	0.00648	0.00430	0.21265
123	0.17819	0.00994	0.01175	0.00935	0.01304	0.00951	0.05568	0.09641	0.03565	0.08918	0.07927	0.03402	0.07435	0.00688	0.00495	0.00149	0.00448	0.03023	0.00433	0.25130
124	0.07330	0.01000	0.01140	0.00933	0.01277	0.00989	0.02350	0.14623	0.12234	0.05444	0.01987	0.05588	0.11212	0.01034	0.07488	0.00214	0.00531	0.00599	0.00441	0.23587
125	0.01380	0.05332	0.01334	0.02718	0.06586	0.03327	0.02457	0.01864	0.16875	0.14755	0.01896	0.12626	0.04809	0.00779	0.00574	0.00160	0.03085	0.00654	0.00450	0.18340
126	0.04710	0.01086	0.05914	0.00992	0.01393	0.00912	0.05308	0.05233	0.11505	0.05702	0.07172	0.06073	0.04849	0.00680	0.00509	0.00141	0.00458	0.02195	0.00417	0.34749

[dist]
# distance from previous block
# <min> <max>
51	129

[block]
# block no. 4 follows, 44 sequences, length 7
# corresponding to MSA columns:
# 1001-1007
name=unknown_E
#
# <colnr> <probs for GDERKNQSTAVLIFYWHMCP>
#	G	D	E	R	K	N	Q	S	T	A	V	L	I	F	Y	W	H	M	C	P
0	0.01635	0.22816	0.07927	0.01105	0.01532	0.01556	0.01005	0.31565	0.05818	0.06460	0.04570	0.05168	0.01272	0.00685	0.00505	0.00157	0.00560	0.02527	0.00438	0.02700
1	0.06232	0.05900	0.48273	0.20497	0.02550	0.01308	0.01718	0.04390	0.01173	0.01732	0.00965	0.01202	0.00703	0.00527	0.00507	0.00172	0.00745	0.00414	0.00252	0.00743
2	0.04360	0.01052	0.01463	0.28830	0.02245	0.01203	0.05238	0.20883	0.04631	0.01991	0.01319	0.05409	0.01115	0.05016	0.12573	0.00301	0.00763	0.00575	0.00365	0.00669
3	0.08166	0.01329	0.02053	0.01572	0.01933	0.03334	0.29174	0.17153	0.04931	0.02091	0.01316	0.03510	0.03466	0.00670	0.00774	0.00186	0.13900	0.00582	0.03140	0.00720
4	0.01048	0.00853	0.01062	0.00988	0.01136	0.04798	0.00779	0.11559	0.01145	0.01577	0.01365	0.01912	0.01231	0.03249	0.59353	0.00702	0.05803	0.00553	0.00324	0.00562
5	0.11964	0.21002	0.13033	0.27229	0.05698	0.01464	0.01266	0.06416	0.01203	0.01731	0.03650	0.01274	0.00875	0.00542	0.00470	0.00160	0.00635	0.00419	0.00285	0.00686
6	0.18118	0.25038	0.09132	0.24529	0.02150	0.01524	0.01145	0.07193	0.01194	0.04092	0.00927	0.01140	0.00722	0.00523	0.00443	0.00157	0.00613	0.00384	0.00294	0.00684

[dist]
# distance from previous block
# <min> <max>
131	165

[block]
# block no. 5 follows, 44 sequences, length 6
# corresponding to MSA columns:
# 1247-1252
name=unknown_F
#
# <colnr> <probs for GDERKNQSTAVLIFYWHMCP>
#	G	D	E	R	K	N	Q	S	T	A	V	L	I	F	Y	W	H	M	C	P
0	0.08107	0.04446	0.01430	0.01123	0.01462	0.12483	0.00911	0.31482	0.04203	0.12016	0.03898	0.01572	0.03457	0.00926	0.06181	0.00216	0.04346	0.00502	0.00464	0.00774
1	0.01202	0.00817	0.01085	0.00979	0.01167	0.00920	0.00779	0.12636	0.04212	0.10075	0.01510	0.01936	0.01278	0.02914	0.51570	0.00633	0.04723	0.00562	0.00381	0.00622
2	0.30356	0.08082	0.19239	0.05675	0.01635	0.01245	0.01060	0.05182	0.04301	0.08802	0.03069	0.01236	0.00895	0.00548	0.00443	0.00160	0.00550	0.00397	0.00353	0.06774
3	0.10887	0.00626	0.00793	0.00783	0.00893	0.00708	0.00588	0.01032	0.00882	0.01412	0.01442	0.02251	0.01388	0.17808	0.50594	0.00683	0.01092	0.00584	0.05080	0.00471
4	0.23388	0.04013	0.01361	0.05344	0.01543	0.22005	0.00910	0.10380	0.01376	0.11090	0.01032	0.01150	0.00786	0.00594	0.00576	0.00161	0.07886	0.00392	0.00369	0.05643
5	0.01778	0.01382	0.01447	0.01188	0.01531	0.08174	0.00962	0.31849	0.17579	0.10829	0.01543	0.01672	0.01174	0.00716	0.00660	0.00173	0.07971	0.03525	0.00496	0.05353

[dist]
# distance from previous block
# <min> <max>
24	46

[block]
# block no. 6 follows, 44 sequences, length 12
# corresponding to MSA columns:
# 1307-1318
name=unknown_G
#
# <colnr> <probs for GDERKNQSTAVLIFYWHMCP>
#	G	D	E	R	K	N	Q	S	T	A	V	L	I	F	Y	W	H	M	C	P
0	0.01111	0.00954	0.01126	0.00828	0.01273	0.00747	0.00659	0.01341	0.01116	0.01741	0.01057	0.04911	0.00937	0.00486	0.00468	0.00093	0.03264	0.00387	0.00329	0.77173
1	0.01107	0.00945	0.01106	0.00805	0.01267	0.00713	0.00639	0.01342	0.01126	0.01757	0.01070	0.05058	0.00946	0.00468	0.00418	0.00088	0.00399	0.00384	0.00332	0.80029
2	0.01254	0.00965	0.01143	0.00823	0.01301	0.00734	0.00661	0.01493	0.01171	0.08917	0.01080	0.01199	0.00858	0.00429	0.00417	0.00089	0.00409	0.00344	0.00356	0.76356
3	0.01219	0.01021	0.01178	0.00849	0.01329	0.00817	0.00683	0.08345	0.01265	0.01932	0.01001	0.01147	0.00819	0.00427	0.00417	0.00089	0.00422	0.00339	0.00344	0.76356
4	0.01121	0.01048	0.03309	0.01025	0.01494	0.00809	0.10511	0.01394	0.01150	0.01748	0.01136	0.05259	0.01005	0.00507	0.00461	0.00108	0.00480	0.02265	0.00328	0.64840
5	0.01299	0.19328	0.27010	0.01147	0.01717	0.01360	0.01216	0.08990	0.06570	0.01850	0.01047	0.01162	0.00817	0.00504	0.00454	0.00135	0.00598	0.00380	0.00311	0.24104
6	0.10760	0.01687	0.27645	0.01279	0.06628	0.01108	0.01231	0.09005	0.01307	0.09645	0.01105	0.01215	0.00813	0.00512	0.00473	0.00145	0.00585	0.00397	0.00347	0.24116
7	0.01196	0.05271	0.42718	0.01740	0.14804	0.01305	0.03887	0.01916	0.15873	0.01820	0.01352	0.01472	0.03082	0.00576	0.00529	0.00172	0.00685	0.00483	0.00310	0.00810
8	0.01106	0.09080	0.43255	0.01206	0.01816	0.01129	0.01388	0.01532	0.01106	0.01634	0.01029	0.01360	0.00850	0.08419	0.00696	0.00178	0.00652	0.00410	0.00265	0.22887
9	0.01825	0.06153	0.01649	0.01422	0.03205	0.59476	0.04018	0.02009	0.02969	0.01378	0.00975	0.04827	0.00869	0.00637	0.00594	0.00153	0.06478	0.00434	0.00291	0.00637
10	0.01047	0.00581	0.00794	0.00756	0.00799	0.00598	0.00519	0.08118	0.00899	0.01201	0.01037	0.01757	0.01018	0.07322	0.02019	0.69962	0.00490	0.00498	0.00274	0.00312
11	0.05718	0.59765	0.04407	0.01004	0.01463	0.03924	0.00963	0.14160	0.01357	0.01717	0.00859	0.00958	0.00732	0.00504	0.00390	0.00129	0.00593	0.00330	0.00292	0.00734

[dist]
# distance from previous block
# <min> <max>
18	77

[block]
# block no. 7 follows, 44 sequences, length 38
# corresponding to MSA columns:
# 1410-1447
name=unknown_H
#
# <colnr> <probs for GDERKNQSTAVLIFYWHMCP>
#	G	D	E	R	K	N	Q	S	T	A	V	L	I	F	Y	W	H	M	C	P
0	0.07122	0.01581	0.20433	0.03831	0.01632	0.07793	0.01112	0.08713	0.05585	0.01879	0.03317	0.05423	0.04268	0.02709	0.00640	0.00173	0.04806	0.03755	0.00356	0.14872
1	0.04558	0.03659	0.16936	0.01562	0.11597	0.14776	0.04446	0.16149	0.07337	0.04165	0.01268	0.01373	0.02928	0.00581	0.00516	0.00158	0.00682	0.00461	0.00362	0.06488
2	0.01354	0.04226	0.03711	0.01647	0.20504	0.03261	0.04387	0.15150	0.06970	0.02045	0.04039	0.03550	0.01251	0.02828	0.05445	0.00206	0.00619	0.02151	0.02478	0.14177
3	0.01491	0.03538	0.13078	0.03385	0.13268	0.07012	0.01150	0.15853	0.03586	0.09935	0.06236	0.07114	0.01380	0.00773	0.02628	0.00180	0.00616	0.00565	0.00409	0.07804
4	0.01572	0.01298	0.01357	0.03416	0.08149	0.12734	0.00924	0.14581	0.12406	0.10824	0.09976	0.03665	0.01602	0.00695	0.00537	0.00156	0.00549	0.02095	0.00461	0.13003
5	0.06579	0.01387	0.04384	0.01680	0.19026	0.07798	0.05887	0.16723	0.09184	0.04206	0.03053	0.04994	0.01149	0.00618	0.00525	0.00158	0.00595	0.00526	0.00395	0.11135
6	0.04844	0.03033	0.03304	0.03094	0.22720	0.04850	0.01020	0.07368	0.09822	0.04486	0.07293	0.08756	0.13628	0.00850	0.00568	0.00175	0.00508	0.02552	0.00423	0.00706
7	0.02612	0.01354	0.15168	0.01604	0.19850	0.04439	0.02994	0.05445	0.03163	0.05175	0.09923	0.05723	0.11100	0.04921	0.00681	0.00189	0.00561	0.01972	0.00388	0.02738
8	0.01434	0.05433	0.01353	0.01071	0.03425	0.04806	0.00833	0.16766	0.22001	0.04119	0.11092	0.01790	0.01621	0.00656	0.00512	0.00146	0.00477	0.00531	0.00467	0.21471
9	0.15121	0.11497	0.07946	0.01262	0.11403	0.01203	0.00964	0.05804	0.09656	0.11472	0.16458	0.01876	0.01791	0.00676	0.00504	0.00163	0.00488	0.00545	0.00436	0.00734
10	0.07398	0.01044	0.01356	0.03355	0.15039	0.01057	0.00952	0.05825	0.17603	0.29498	0.02017	0.05593	0.05383	0.00725	0.00546	0.00174	0.00483	0.00609	0.00519	0.00823
11	0.05635	0.09623	0.25227	0.01313	0.01812	0.17980	0.03128	0.10589	0.11973	0.05867	0.01194	0.01263	0.00891	0.00575	0.00501	0.00161	0.00713	0.00430	0.00353	0.00775
12	0.01506	0.34291	0.04875	0.01031	0.01464	0.01589	0.02570	0.20248	0.03347	0.04081	0.09547	0.01448	0.01309	0.00593	0.00461	0.00137	0.00540	0.00450	0.00383	0.10130
13	0.05235	0.15691	0.26620	0.01205	0.01681	0.18586	0.01231	0.06647	0.01365	0.01750	0.09764	0.01605	0.05144	0.00639	0.00497	0.00156	0.00686	0.00477	0.00324	0.00696
14	0.01486	0.23916	0.01738	0.01167	0.06268	0.10171	0.00902	0.09685	0.19108	0.05231	0.04407	0.01837	0.06793	0.04295	0.00597	0.00171	0.00556	0.00530	0.00407	0.00734
15	0.01550	0.20934	0.23713	0.01231	0.01751	0.08125	0.01253	0.25755	0.01640	0.02128	0.01315	0.01387	0.05710	0.00610	0.00493	0.00154	0.00666	0.00449	0.00356	0.00783
16	0.26869	0.01081	0.05974	0.00939	0.01255	0.01042	0.02632	0.06010	0.15821	0.02083	0.01661	0.20291	0.01579	0.00837	0.00505	0.00175	0.00444	0.00689	0.00422	0.09690
17	0.36656	0.01557	0.17038	0.01072	0.01542	0.01349	0.01036	0.24506	0.01519	0.07467	0.01064	0.01133	0.00764	0.00565	0.00452	0.00168	0.00559	0.00394	0.00401	0.00760
18	0.01755	0.01831	0.01512	0.01500	0.10296	0.35668	0.01049	0.07118	0.26229	0.05451	0.01409	0.01433	0.01083	0.00623	0.00524	0.00160	0.00714	0.00472	0.00405	0.00768
19	0.00776	0.00571	0.00732	0.00736	0.00846	0.00547	0.00534	0.01066	0.06224	0.01947	0.49467	0.27488	0.04445	0.01273	0.00654	0.00188	0.00287	0.01136	0.00568	0.00515
20	0.01458	0.81168	0.02857	0.00933	0.01399	0.02157	0.00933	0.01632	0.01108	0.01283	0.00758	0.00875	0.00700	0.00466	0.00350	0.00117	0.00583	0.00292	0.00233	0.00700
