[name]
unknown

[dist]
# distance from previous block
# <min> <max>
0	213

[block]
# block no. 0 follows, 50 sequences, length 22
# corresponding to MSA columns:
# 286-307
name=unknown_A
#
# <colnr> <probs for GDERKNQSTAVLIFYWHMCP>
#	G	D	E	R	K	N	Q	S	T	A	V	L	I	F	Y	W	H	M	C	P
0	0.01059	0.04333	0.15028	0.01046	0.01339	0.00796	0.04327	0.01376	0.02924	0.11172	0.02130	0.03844	0.03547	0.01025	0.00602	0.00197	0.00518	0.43741	0.00417	0.00580
1	0.01323	0.24188	0.29463	0.01546	0.18591	0.01348	0.01336	0.03996	0.01145	0.11166	0.00990	0.01106	0.00749	0.00476	0.00440	0.00141	0.00605	0.00376	0.00278	0.00739
2	0.01413	0.01096	0.04488	0.01159	0.04807	0.02596	0.07980	0.16939	0.18869	0.14692	0.14396	0.02075	0.02628	0.00699	0.00531	0.00161	0.00479	0.03795	0.00476	0.00722
3	0.00861	0.00513	0.00672	0.00697	0.00803	0.00465	0.00497	0.00991	0.01113	0.12908	0.15305	0.51447	0.09181	0.01311	0.00605	0.00185	0.00297	0.01170	0.00499	0.00482
4	0.13617	0.03497	0.15963	0.16999	0.20899	0.01157	0.01236	0.05942	0.07052	0.04049	0.01173	0.01348	0.03940	0.00527	0.00464	0.00156	0.00565	0.00435	0.00297	0.00684
5	0.01222	0.12231	0.58799	0.01272	0.01919	0.01196	0.01557	0.01693	0.01102	0.12994	0.01027	0.01116	0.00721	0.00489	0.00459	0.00151	0.00666	0.00375	0.00270	0.00741
6	0.00615	0.00481	0.00547	0.00593	0.00697	0.00427	0.00421	0.00722	0.01040	0.01297	0.03859	0.32145	0.42946	0.07659	0.00761	0.00207	0.00292	0.04433	0.00450	0.00408
7	0.01050	0.00688	0.00942	0.00798	0.01023	0.00639	0.06615	0.01371	0.08152	0.16410	0.34572	0.03238	0.20623	0.00922	0.00565	0.00161	0.00337	0.00806	0.00515	0.00574
8	0.01168	0.01584	0.21708	0.01594	0.07583	0.04501	0.27042	0.04521	0.05784	0.01672	0.01008	0.01208	0.00768	0.00451	0.00495	0.00143	0.00668	0.00447	0.00275	0.17380
9	0.00707	0.00477	0.00556	0.00573	0.00580	0.00476	0.00335	0.00725	0.00761	0.01017	0.01736	0.14800	0.02013	0.68277	0.04567	0.00451	0.00480	0.00821	0.00325	0.00321
10	0.00700	0.00502	0.00680	0.00770	0.00849	0.00482	0.00598	0.00866	0.01102	0.01468	0.13952	0.38665	0.04739	0.01403	0.00649	0.00206	0.00348	0.31112	0.00474	0.00436
11	0.01349	0.01368	0.04290	0.14792	0.10404	0.11038	0.22477	0.10806	0.07397	0.04654	0.01066	0.01287	0.00810	0.00525	0.00585	0.00161	0.05520	0.00478	0.00307	0.00685
12	0.01150	0.01362	0.12807	0.02723	0.15075	0.11758	0.01001	0.01464	0.04270	0.01548	0.01074	0.07499	0.00951	0.00526	0.00446	0.00122	0.00534	0.00438	0.00290	0.34960
13	0.01349	0.08331	0.13180	0.01167	0.02485	0.16082	0.01028	0.15655	0.09970	0.01730	0.01232	0.11146	0.01108	0.00715	0.00656	0.00162	0.12481	0.00528	0.00339	0.00657
14	0.01429	0.01383	0.11754	0.01566	0.02040	0.01185	0.36876	0.10521	0.10570	0.15507	0.01305	0.01415	0.00926	0.00512	0.00539	0.00162	0.00668	0.00527	0.00369	0.00745
15	0.00949	0.00886	0.01459	0.74923	0.03255	0.01072	0.01322	0.01272	0.01000	0.01301	0.00886	0.01306	0.00670	0.00488	0.00488	0.00159	0.00641	0.00431	0.00227	0.07265
16	0.00751	0.00705	0.07209	0.00852	0.01006	0.00549	0.06666	0.00913	0.01019	0.04663	0.02672	0.57555	0.10864	0.01311	0.00608	0.00190	0.00371	0.01189	0.00432	0.00473
17	0.01224	0.53342	0.12868	0.00950	0.01387	0.01634	0.00968	0.01446	0.01002	0.01297	0.00746	0.00891	0.00654	0.00460	0.00452	0.00118	0.06937	0.00298	0.00225	0.13102
18	0.13142	0.00515	0.00605	0.00686	0.00759	0.00512	0.00474	0.00817	0.00957	0.01444	0.05573	0.67010	0.02950	0.01378	0.00586	0.00193	0.00301	0.01228	0.00444	0.00427
19	0.01153	0.13053	0.01893	0.07810	0.52969	0.01202	0.01282	0.01416	0.01119	0.01530	0.04552	0.01571	0.07277	0.00536	0.00480	0.00145	0.00546	0.00487	0.00270	0.00708
20	0.01633	0.00978	0.01160	0.00979	0.04014	0.00986	0.00760	0.28856	0.04854	0.26642	0.10338	0.02179	0.12898	0.00744	0.00522	0.00155	0.00428	0.00607	0.00527	0.00740
21	0.00658	0.00497	0.00608	0.00602	0.00721	0.00447	0.00443	0.00841	0.01266	0.01708	0.47028	0.15535	0.25489	0.01167	0.00595	0.00167	0.00248	0.01020	0.00512	0.00447

[dist]
# distance from previous block
# <min> <max>
2	28

[block]
# block no. 1 follows, 50 sequences, length 30
# corresponding to MSA columns:
# 336-365
name=unknown_B
#
# <colnr> <probs for GDERKNQSTAVLIFYWHMCP>
#	G	D	E	R	K	N	Q	S	T	A	V	L	I	F	Y	W	H	M	C	P
0	0.00611	0.00439	0.00580	0.00687	0.00723	0.00408	0.00461	0.00704	0.00977	0.01302	0.05761	0.77142	0.05293	0.01533	0.00633	0.00200	0.00286	0.01388	0.00466	0.00408
1	0.54240	0.01108	0.01009	0.00832	0.01174	0.01251	0.00686	0.27604	0.01381	0.05290	0.00911	0.00974	0.00670	0.00515	0.00380	0.00153	0.00443	0.00339	0.00384	0.00656
2	0.00607	0.00436	0.00576	0.00688	0.00721	0.00405	0.00460	0.00695	0.00960	0.01275	0.02820	0.79700	0.05707	0.01552	0.00635	0.00201	0.00288	0.01405	0.00463	0.00405
3	0.01320	0.01111	0.01172	0.01031	0.01327	0.01277	0.00808	0.11844	0.69147	0.02214	0.01927	0.01778	0.01439	0.00667	0.00506	0.00167	0.00413	0.00549	0.00506	0.00796
4	0.86003	0.00964	0.00733	0.00655	0.00964	0.01118	0.00540	0.01465	0.00848	0.02236	0.00694	0.00810	0.00540	0.00463	0.00308	0.00154	0.00386	0.00270	0.00308	0.00540
5	0.01772	0.07649	0.01529	0.01122	0.01496	0.09364	0.00923	0.55555	0.11128	0.02677	0.01214	0.01215	0.00891	0.00586	0.00481	0.00147	0.00564	0.00436	0.00454	0.00798
6	0.01195	0.01121	0.11724	0.01356	0.16902	0.00948	0.00991	0.09296	0.07260	0.10356	0.22491	0.02150	0.05941	0.00715	0.00570	0.00157	0.03879	0.00602	0.00420	0.01925
7	0.01165	0.33844	0.46569	0.01194	0.01790	0.04703	0.01420	0.01562	0.01052	0.01406	0.00811	0.00948	0.00635	0.00457	0.00413	0.00137	0.00664	0.00327	0.00213	0.00692
8	0.86003	0.00964	0.00733	0.00655	0.00964	0.01118	0.00540	0.01465	0.00848	0.02236	0.00694	0.00810	0.00540	0.00463	0.00308	0.00154	0.00386	0.00270	0.00308	0.00540
9	0.00949	0.00888	0.01405	0.05468	0.38389	0.00861	0.04787	0.01188	0.01151	0.01536	0.07939	0.02696	0.29144	0.00779	0.00539	0.00158	0.00461	0.00701	0.00345	0.00618
10	0.01340	0.04684	0.22093	0.01716	0.23611	0.01194	0.04541	0.18260	0.01377	0.06774	0.01137	0.03646	0.00896	0.01907	0.00519	0.00156	0.00590	0.00463	0.04350	0.00746
11	0.01325	0.00632	0.00825	0.00750	0.00957	0.00564	0.00570	0.01492	0.02348	0.34805	0.05832	0.32434	0.10311	0.01057	0.00560	0.00173	0.00340	0.00920	0.03497	0.00606
12	0.00600	0.00473	0.00542	0.00593	0.00698	0.00415	0.00419	0.00712	0.01062	0.01331	0.06054	0.39556	0.43000	0.01390	0.00610	0.00183	0.00269	0.01212	0.00465	0.00415
13	0.00763	0.00538	0.00643	0.00666	0.00768	0.00508	0.00470	0.05963	0.01126	0.03783	0.09748	0.42513	0.19656	0.07553	0.00748	0.00206	0.00311	0.01124	0.02463	0.00450
14	0.01613	0.01346	0.01946	0.01522	0.05176	0.04918	0.26560	0.36601	0.03423	0.08418	0.01211	0.02807	0.00896	0.00550	0.00529	0.00157	0.00646	0.00514	0.00403	0.00765
15	0.01239	0.01216	0.01113	0.01013	0.01179	0.25252	0.04307	0.05120	0.01220	0.05013	0.07983	0.24897	0.01841	0.00906	0.00641	0.00165	0.08881	0.00737	0.06740	0.00537
16	0.01159	0.40041	0.19919	0.00958	0.01389	0.03156	0.00992	0.01495	0.06660	0.01367	0.03257	0.01297	0.00951	0.09049	0.00615	0.00162	0.00553	0.00381	0.00260	0.06339
17	0.01170	0.23070	0.35317	0.01276	0.07408	0.03376	0.01290	0.01676	0.11032	0.03359	0.02846	0.01254	0.00910	0.03369	0.00514	0.00156	0.00605	0.00399	0.00274	0.00699
18	0.00694	0.00520	0.00657	0.00723	0.00820	0.00497	0.00547	0.00905	0.04910	0.01464	0.12077	0.37233	0.16319	0.01358	0.00629	0.00196	0.00323	0.19208	0.00474	0.00447
19	0.00605	0.00442	0.00570	0.00673	0.00717	0.00407	0.00453	0.00696	0.00974	0.01281	0.03001	0.73644	0.11646	0.01529	0.00631	0.00199	0.00285	0.01377	0.00463	0.00407
20	0.01264	0.03600	0.01143	0.04428	0.03513	0.20788	0.00820	0.05186	0.13984	0.05198	0.12822	0.02556	0.04978	0.00910	0.03329	0.00186	0.00566	0.13726	0.00408	0.00597
21	0.01947	0.01262	0.01201	0.01001	0.01326	0.21378	0.00791	0.04076	0.10006	0.45412	0.01682	0.05141	0.01197	0.00639	0.00495	0.00151	0.00540	0.00502	0.00502	0.00752
22	0.00618	0.00472	0.00568	0.00615	0.00709	0.00422	0.00434	0.00745	0.01100	0.01427	0.17028	0.40750	0.30598	0.01359	0.00611	0.00182	0.00267	0.01196	0.00478	0.00422
23	0.04898	0.00500	0.00589	0.00606	0.00654	0.00492	0.00392	0.00801	0.00941	0.01335	0.19024	0.23163	0.02765	0.39935	0.01515	0.00324	0.00374	0.00916	0.00398	0.00377
24	0.23795	0.20466	0.01603	0.01186	0.08444	0.18967	0.03982	0.01584	0.03256	0.01555	0.00853	0.03822	0.00753	0.00541	0.00498	0.00145	0.07304	0.00372	0.00270	0.00603
25	0.00607	0.00434	0.00578	0.00694	0.00723	0.00405	0.00463	0.00694	0.00954	0.01272	0.02747	0.82157	0.03297	0.01562	0.00636	0.00202	0.00289	0.01417	0.00463	0.00405
26	0.01196	0.00960	0.01046	0.00946	0.01198	0.01087	0.00741	0.02298	0.58973	0.05614	0.06068	0.02205	0.04974	0.00745	0.00544	0.00169	0.02491	0.03661	0.04359	0.00725
27	0.05069	0.07183	0.05409	0.02160	0.07275	0.04819	0.00839	0.09640	0.17070	0.10334	0.06511	0.04598	0.01407	0.06455	0.07258	0.00228	0.00554	0.00533	0.00399	0.02257
28	0.01276	0.67303	0.11367	0.00953	0.01382	0.01845	0.00984	0.01480	0.00998	0.01221	0.00713	0.00851	0.00640	0.00466	0.00439	0.00121	0.06813	0.00291	0.00213	0.00643
29	0.01241	0.10437	0.36181	0.01456	0.14298	0.01140	0.01348	0.04266	0.01156	0.10463	0.03025	0.01199	0.00851	0.00486	0.00455	0.00140	0.00594	0.00393	0.00291	0.10580

[dist]
# distance from previous block
# <min> <max>
0	2

[block]
# block no. 2 follows, 50 sequences, length 25
# corresponding to MSA columns:
# 368-392
name=unknown_C
#
# <colnr> <probs for GDERKNQSTAVLIFYWHMCP>
#	G	D	E	R	K	N	Q	S	T	A	V	L	I	F	Y	W	H	M	C	P
0	0.01331	0.01104	0.06768	0.00967	0.01304	0.01055	0.00816	0.12091	0.35789	0.11002	0.11802	0.01852	0.01670	0.00657	0.00499	0.00152	0.00419	0.00543	0.00480	0.09699
1	0.00689	0.00533	0.00632	0.00613	0.00750	0.00492	0.00457	0.00943	0.05551	0.01735	0.44753	0.09789	0.28988	0.01121	0.00587	0.00165	0.00254	0.00971	0.00512	0.00467
2	0.02068	0.00973	0.01257	0.06667	0.01487	0.00941	0.00827	0.19166	0.01601	0.57026	0.01718	0.01559	0.01107	0.00604	0.00500	0.00154	0.00469	0.00485	0.00562	0.00827
3	0.01234	0.01184	0.02023	0.03059	0.79373	0.01184	0.01530	0.01530	0.01135	0.01628	0.00938	0.01234	0.00790	0.00444	0.00493	0.00148	0.00592	0.00444	0.00247	0.00790
4	0.01263	0.70957	0.08184	0.00891	0.01316	0.01815	0.00909	0.01456	0.01001	0.01202	0.00754	0.00901	0.00683	0.00668	0.06092	0.00160	0.00606	0.00293	0.00217	0.00633
5	0.02203	0.00902	0.01190	0.00912	0.01299	0.00813	0.00754	0.09860	0.01517	0.72160	0.01890	0.01647	0.01196	0.00615	0.00501	0.00154	0.00436	0.00496	0.00605	0.00848
6	0.00812	0.00513	0.00646	0.00614	0.00740	0.00477	0.00460	0.01031	0.01308	0.05868	0.54359	0.09109	0.05618	0.00969	0.00546	0.00153	0.00249	0.00847	0.15199	0.00483
7	0.00628	0.00442	0.00572	0.00668	0.00692	0.00418	0.00435	0.00699	0.00915	0.01219	0.02544	0.68507	0.03040	0.15562	0.00965	0.00251	0.00323	0.01297	0.00435	0.00387
8	0.01411	0.00884	0.00965	0.00815	0.01074	0.00942	0.00649	0.21722	0.17264	0.12388	0.03401	0.01706	0.01287	0.00620	0.00446	0.00142	0.00374	0.00495	0.32734	0.00682
9	0.00616	0.00437	0.00576	0.00684	0.00710	0.00410	0.00451	0.00696	0.00938	0.01251	0.02665	0.76628	0.03193	0.07233	0.00769	0.00222	0.00303	0.01368	0.00451	0.00398
10	0.00630	0.00507	0.00561	0.00548	0.00698	0.00438	0.00411	0.00794	0.01232	0.01575	0.30996	0.04421	0.53082	0.01177	0.00589	0.00164	0.00246	0.00999	0.00493	0.00438
11	0.01862	0.02376	0.01413	0.01284	0.01541	0.80482	0.00963	0.01990	0.01413	0.01220	0.00770	0.00899	0.00642	0.00514	0.00449	0.00128	0.00899	0.00321	0.00257	0.00578
12	0.00600	0.00463	0.00548	0.00617	0.00703	0.00411	0.00429	0.00703	0.01028	0.01303	0.03684	0.50675	0.34174	0.01440	0.00617	0.00189	0.00274	0.01268	0.00463	0.00411
13	0.01498	0.01199	0.01272	0.01067	0.01395	0.01360	0.00851	0.32235	0.48466	0.02501	0.01701	0.01598	0.01256	0.00646	0.00504	0.00161	0.00455	0.00518	0.00504	0.00812
14	0.02217	0.00880	0.01176	0.00902	0.01288	0.00779	0.00745	0.06747	0.01479	0.75327	0.01922	0.01668	0.01212	0.00616	0.00501	0.00154	0.00431	0.00498	0.00610	0.00848
15	0.01112	0.15114	0.57508	0.01268	0.01886	0.07100	0.01538	0.01572	0.01072	0.01503	0.00894	0.01046	0.00669	0.00475	0.00441	0.00145	0.00689	0.00354	0.04920	0.00695
16	0.06453	0.09356	0.49371	0.01298	0.01894	0.04322	0.05101	0.11814	0.01237	0.01789	0.02391	0.01093	0.00739	0.00495	0.00460	0.00151	0.00673	0.00383	0.00266	0.00717
17	0.01316	0.16931	0.28336	0.01219	0.05555	0.01265	0.03218	0.11307	0.07173	0.10371	0.02918	0.01454	0.05668	0.00568	0.00467	0.00148	0.00570	0.00451	0.00340	0.00725
18	0.52188	0.06911	0.05351	0.00776	0.01119	0.01117	0.00685	0.06530	0.01053	0.12894	0.00968	0.01048	0.00719	0.00621	0.03442	0.00174	0.00463	0.00335	0.02992	0.00615
19	0.08338	0.00862	0.01117	0.00868	0.01237	0.00779	0.00715	0.05036	0.01417	0.67886	0.05147	0.01700	0.01317	0.00622	0.00491	0.00154	0.00418	0.00499	0.00587	0.00809
20	0.01077	0.06887	0.06672	0.00934	0.05671	0.00795	0.04581	0.02882	0.05829	0.11211	0.08203	0.08384	0.18639	0.00812	0.00500	0.00152	0.00391	0.00691	0.15102	0.00587
21	0.01263	0.07777	0.08793	0.04627	0.29366	0.03278	0.04050	0.01547	0.01225	0.13437	0.17839	0.01784	0.01660	0.00598	0.00502	0.00149	0.00519	0.00531	0.00361	0.00694
22	0.00935	0.00554	0.00712	0.00666	0.00822	0.00496	0.00501	0.01120	0.01290	0.15218	0.40989	0.17875	0.14712	0.01084	0.00582	0.00166	0.00280	0.00948	0.00532	0.00517
23	0.00685	0.00485	0.00626	0.00647	0.00702	0.00478	0.00442	0.00803	0.00999	0.01379	0.24373	0.25039	0.02980	0.24962	0.12808	0.00357	0.00482	0.00940	0.00413	0.00400
24	0.04364	0.14075	0.19847	0.01487	0.12900	0.08096	0.11688	0.01446	0.01083	0.02694	0.01200	0.15101	0.01141	0.00655	0.00510	0.00156	0.02066	0.00571	0.00280	0.00640

[dist]
# distance from previous block
# <min> <max>
1	27

[block]
# block no. 3 follows, 50 sequences, length 32
# corresponding to MSA columns:
# 420-451
name=unknown_D
#
# <colnr> <probs for GDERKNQSTAVLIFYWHMCP>
#	G	D	E	R	K	N	Q	S	T	A	V	L	I	F	Y	W	H	M	C	P
0	0.01079	0.01056	0.12124	0.00874	0.01112	0.00908	0.00747	0.17179	0.08042	0.01668	0.01377	0.02153	0.01306	0.35293	0.05726	0.00327	0.02492	0.00563	0.02186	0.03789
1	0.18074	0.04017	0.08435	0.15413	0.10378	0.07248	0.01016	0.01633	0.01095	0.15552	0.01026	0.01167	0.00757	0.00499	0.00466	0.00146	0.02720	0.00381	0.00321	0.09654
2	0.00609	0.00461	0.00559	0.00627	0.00704	0.00415	0.00433	0.00714	0.01029	0.01324	0.07236	0.51935	0.27263	0.03417	0.00665	0.00196	0.00280	0.01259	0.00463	0.00411
3	0.00716	0.00510	0.00633	0.00614	0.00742	0.00459	0.00456	0.00906	0.01289	0.04345	0.49349	0.13478	0.22391	0.01130	0.00591	0.00165	0.00252	0.00987	0.00520	0.00463
4	0.02526	0.05956	0.19069	0.01272	0.03423	0.02385	0.16121	0.07910	0.05141	0.06177	0.01063	0.01200	0.00801	0.00465	0.00461	0.00133	0.00582	0.00414	0.02589	0.22312
5	0.00828	0.00663	0.03637	0.00754	0.02978	0.00573	0.00583	0.01109	0.06889	0.06752	0.24709	0.11339	0.29397	0.01095	0.00582	0.00171	0.00316	0.06626	0.00485	0.00513
6	0.03777	0.00740	0.00972	0.00802	0.01099	0.00652	0.00640	0.01931	0.01297	0.55554	0.02305	0.15190	0.07950	0.00820	0.00520	0.00162	0.00380	0.00690	0.03800	0.00718
7	0.01007	0.00599	0.00764	0.00714	0.00880	0.00574	0.00543	0.03798	0.01127	0.16812	0.08307	0.15410	0.21228	0.05765	0.19769	0.00336	0.00571	0.00829	0.00446	0.00521
8	0.01269	0.08494	0.12086	0.14829	0.34390	0.02837	0.02711	0.06975	0.05004	0.05197	0.01019	0.01232	0.00792	0.00486	0.00479	0.00150	0.00608	0.00427	0.00283	0.00732
9	0.07573	0.01365	0.07675	0.01290	0.01641	0.12502	0.17195	0.05018	0.01234	0.23317	0.01273	0.01367	0.02942	0.00593	0.00667	0.00163	0.12664	0.00470	0.00366	0.00685
10	0.00609	0.00506	0.00532	0.00525	0.00685	0.00429	0.00394	0.00753	0.01182	0.01455	0.17402	0.04618	0.66751	0.01222	0.00589	0.00166	0.00250	0.01027	0.00477	0.00429
11	0.02062	0.00643	0.00766	0.00818	0.03850	0.00657	0.00574	0.04760	0.13468	0.01617	0.06876	0.32603	0.10879	0.05172	0.00663	0.00193	0.00339	0.05571	0.07976	0.00513
12	0.01431	0.67776	0.02388	0.00933	0.01328	0.16625	0.00873	0.01585	0.01087	0.01182	0.00707	0.00818	0.00640	0.00443	0.00344	0.00111	0.00601	0.00277	0.00221	0.00628
13	0.01129	0.04893	0.58742	0.01255	0.01906	0.01075	0.01527	0.01607	0.01083	0.08731	0.00985	0.01100	0.00702	0.00470	0.00456	0.00144	0.00648	0.00367	0.00260	0.12921
14	0.04322	0.04971	0.13426	0.01662	0.08739	0.33028	0.23592	0.01738	0.01232	0.01452	0.00868	0.01075	0.00683	0.00469	0.00488	0.00146	0.00800	0.00413	0.00248	0.00648
15	0.01693	0.01091	0.01192	0.00941	0.01267	0.01169	0.00769	0.48832	0.01899	0.12457	0.01402	0.01427	0.01005	0.00596	0.00461	0.00142	0.00453	0.00459	0.21994	0.00751
16	0.02677	0.10975	0.12794	0.08194	0.33021	0.06674	0.05064	0.05289	0.01175	0.01599	0.03495	0.01229	0.00864	0.00542	0.02004	0.00157	0.00635	0.00422	0.00262	0.02928
17	0.00721	0.00526	0.00665	0.00732	0.00800	0.00516	0.00507	0.05613	0.04372	0.01472	0.07648	0.68507	0.03160	0.01428	0.00619	0.00195	0.00306	0.01286	0.00473	0.00453
18	0.02041	0.01012	0.01240	0.00967	0.01345	0.00995	0.00793	0.21630	0.10000	0.51808	0.01777	0.01587	0.01167	0.00619	0.00501	0.00155	0.00453	0.00495	0.00575	0.00842
19	0.01322	0.80109	0.05188	0.00872	0.01309	0.01945	0.00886	0.01495	0.01014	0.01186	0.00700	0.00808	0.00639	0.00428	0.00325	0.00108	0.00540	0.00270	0.00213	0.00643
20	0.03422	0.00859	0.01048	0.00778	0.01181	0.00691	0.00625	0.01629	0.01148	0.27557	0.01268	0.01337	0.00941	0.03707	0.00497	0.00119	0.00392	0.00380	0.00403	0.52020
21	0.00827	0.00440	0.00639	0.00646	0.00656	0.00436	0.00431	0.00676	0.00728	0.00979	0.06207	0.08360	0.01364	0.05646	0.01780	0.68698	0.00411	0.00559	0.00263	0.00253
22	0.01324	0.00946	0.01026	0.00883	0.01127	0.01030	0.00692	0.33910	0.13182	0.02324	0.01724	0.17403	0.01529	0.00796	0.00493	0.00155	0.00403	0.00660	0.19729	0.00665
23	0.01018	0.00736	0.00940	0.00963	0.01134	0.00765	0.00832	0.16145	0.01383	0.01817	0.02355	0.04750	0.02470	0.01223	0.00651	0.00214	0.00477	0.61124	0.00467	0.00536
24	0.00686	0.00509	0.00640	0.00607	0.00733	0.00462	0.00455	0.00904	0.01366	0.01891	0.66910	0.03900	0.16970	0.01059	0.00588	0.00159	0.00238	0.00926	0.00535	0.00462
25	0.00615	0.00437	0.00576	0.00684	0.00711	0.00410	0.00452	0.00696	0.00939	0.01252	0.02670	0.76962	0.03199	0.06890	0.00761	0.00221	0.00302	0.01371	0.00452	0.00398
26	0.01616	0.01127	0.01198	0.00950	0.01267	0.01234	0.00775	0.55619	0.01969	0.02771	0.01321	0.01388	0.00972	0.00593	0.00455	0.00140	0.00457	0.00453	0.24958	0.00737
27	0.01862	0.02376	0.01413	0.01284	0.01541	0.80482	0.00963	0.01990	0.01413	0.01220	0.00770	0.00899	0.00642	0.00514	0.00449	0.00128	0.00899	0.00321	0.00257	0.00578
28	0.00611	0.00473	0.00558	0.00607	0.00705	0.00419	0.00428	0.00732	0.01084	0.01388	0.12617	0.40500	0.35350	0.01373	0.00611	0.00183	0.00267	0.01203	0.00473	0.00419
29	0.01421	0.01161	0.01229	0.01051	0.01365	0.01324	0.00833	0.23417	0.57409	0.02377	0.01799	0.01676	0.01335	0.00655	0.00505	0.00164	0.00437	0.00532	0.00505	0.00805
30	0.00941	0.00886	0.01495	0.81285	0.03433	0.01107	0.01384	0.01274	0.00997	0.01274	0.00886	0.01329	0.00664	0.00498	0.00498	0.00166	0.00664	0.00443	0.00221	0.00554
31	0.01106	0.00983	0.05353	0.00885	0.01203	0.02658	0.04503	0.14672	0.03955	0.01992	0.21051	0.05292	0.01938	0.00664	0.00480	0.00131	0.00409	0.00566	0.07077	0.25084

[dist]
# distance from previous block
# <min> <max>
0	2

[block]
# block no. 4 follows, 50 sequences, length 12
# corresponding to MSA columns:
# 454-465
name=unknown_E
#
# <colnr> <probs for GDERKNQSTAVLIFYWHMCP>
#	G	D	E	R	K	N	Q	S	T	A	V	L	I	F	Y	W	H	M	C	P
0	0.01030	0.05171	0.67278	0.01334	0.02012	0.01165	0.01664	0.01634	0.06534	0.01603	0.00967	0.01100	0.00701	0.00481	0.00465	0.00152	0.00685	0.00375	0.00236	0.05414
1	0.01514	0.07215	0.09537	0.02974	0.05191	0.06696	0.07182	0.32771	0.03119	0.04936	0.01168	0.01478	0.00934	0.00623	0.00592	0.00159	0.07158	0.05648	0.00375	0.00728
2	0.00604	0.00446	0.00566	0.00663	0.00715	0.00407	0.00449	0.00698	0.00984	0.01285	0.03128	0.69374	0.15835	0.01512	0.00628	0.00197	0.00283	0.01357	0.00463	0.00407
3	0.01156	0.00609	0.00810	0.00703	0.00900	0.00547	0.00547	0.01378	0.01416	0.24852	0.56426	0.03127	0.03683	0.00901	0.00562	0.00156	0.00291	0.00784	0.00569	0.00581
4	0.01072	0.09352	0.38849	0.01220	0.01673	0.04277	0.01330	0.01513	0.06330	0.01460	0.00947	0.01167	0.00760	0.00846	0.07935	0.00217	0.14992	0.00393	0.00244	0.05423
5	0.12258	0.08035	0.14350	0.12778	0.16370	0.05577	0.04658	0.04937	0.05813	0.07524	0.01019	0.01181	0.00771	0.00492	0.00454	0.00150	0.00592	0.00403	0.00299	0.02338
6	0.00715	0.00570	0.00650	0.00628	0.00785	0.00535	0.00479	0.01027	0.09486	0.01695	0.34463	0.04090	0.37292	0.01107	0.00585	0.00167	0.00270	0.04471	0.00502	0.00482
7	0.00680	0.00507	0.00627	0.00681	0.00759	0.00486	0.00478	0.00884	0.06386	0.01434	0.14396	0.46863	0.12415	0.07108	0.00751	0.00210	0.00304	0.04125	0.00467	0.00438
8	0.08138	0.25955	0.08156	0.01401	0.10459	0.05417	0.14438	0.01488	0.01070	0.03171	0.04304	0.01268	0.03273	0.00539	0.00563	0.00148	0.08880	0.00428	0.00265	0.00640
9	0.01055	0.01515	0.29083	0.02749	0.01606	0.01075	0.05887	0.08047	0.09464	0.03216	0.01986	0.02044	0.18634	0.00735	0.00657	0.00169	0.10514	0.00578	0.00336	0.00651
10	0.00629	0.00455	0.00599	0.00699	0.00750	0.00425	0.00489	0.00739	0.01006	0.01331	0.06372	0.66014	0.08556	0.01499	0.00636	0.00201	0.00300	0.08421	0.00466	0.00414
11	0.00909	0.08806	0.28983	0.01157	0.06886	0.03751	0.01085	0.01195	0.01023	0.01394	0.01675	0.33598	0.01793	0.02843	0.00579	0.00179	0.00522	0.02722	0.00324	0.00576

[dist]
# distance from previous block
# <min> <max>
0	4

[block]
# block no. 5 follows, 50 sequences, length 27
# corresponding to MSA columns:
# 470-496
name=unknown_F
#
# <colnr> <probs for GDERKNQSTAVLIFYWHMCP>
#	G	D	E	R	K	N	Q	S	T	A	V	L	I	F	Y	W	H	M	C	P
0	0.09766	0.01105	0.01375	0.01276	0.09882	0.08137	0.10491	0.03075	0.14169	0.08617	0.01265	0.01609	0.01057	0.13179	0.00857	0.00203	0.05261	0.00489	0.00347	0.07838
1	0.01167	0.03212	0.01025	0.00875	0.01105	0.00971	0.00695	0.07997	0.30365	0.08452	0.07742	0.04489	0.13985	0.02805	0.00641	0.00176	0.05085	0.05064	0.03501	0.00648
2	0.00643	0.00474	0.00595	0.00672	0.00742	0.00440	0.00479	0.00756	0.01017	0.01322	0.06158	0.46933	0.18483	0.07780	0.00780	0.00219	0.00318	0.11327	0.00453	0.00410
3	0.06053	0.14860	0.21779	0.00979	0.01424	0.05362	0.00988	0.01447	0.04756	0.01543	0.01113	0.06861	0.01002	0.00568	0.00431	0.00130	0.00522	0.04311	0.00289	0.25582
4	0.01151	0.05857	0.01904	0.25258	0.29949	0.02325	0.13273	0.03520	0.01153	0.03094	0.05546	0.01461	0.02281	0.00511	0.00506	0.00155	0.00622	0.00492	0.00274	0.00669
5	0.00623	0.00450	0.00594	0.00704	0.00747	0.00420	0.00488	0.00724	0.00980	0.01295	0.02855	0.71577	0.07133	0.01530	0.00638	0.00203	0.00302	0.07862	0.00462	0.00410
6	0.01268	0.00743	0.00908	0.00807	0.01038	0.00734	0.00629	0.01765	0.20859	0.24343	0.21926	0.10936	0.07914	0.00900	0.00550	0.00167	0.00344	0.02979	0.00540	0.00650
7	0.04376	0.05902	0.07046	0.01900	0.36558	0.01138	0.01162	0.01826	0.16789	0.11740	0.01487	0.01560	0.05210	0.00559	0.00484	0.00153	0.00511	0.00487	0.00356	0.00756
8	0.01615	0.00686	0.00887	0.00730	0.00996	0.00615	0.00585	0.01825	0.01326	0.45208	0.16321	0.02117	0.01895	0.00683	0.00478	0.00145	0.00340	0.00567	0.22301	0.00679
9	0.00725	0.00483	0.00544	0.00544	0.00544	0.00483	0.00302	0.00725	0.00725	0.00966	0.01571	0.03262	0.01812	0.82483	0.02537	0.00483	0.00483	0.00725	0.00302	0.00302
10	0.01569	0.01005	0.01146	0.00967	0.01282	0.01075	0.00770	0.09996	0.43538	0.25172	0.06432	0.01854	0.01555	0.00671	0.00509	0.00162	0.00409	0.00553	0.00541	0.00794
11	0.01155	0.01168	0.01930	0.31399	0.35774	0.05802	0.12637	0.01473	0.01107	0.01470	0.00919	0.01265	0.00730	0.00464	0.00507	0.00156	0.00673	0.00458	0.00239	0.00674
12	0.00634	0.00474	0.00592	0.00654	0.00738	0.00432	0.00469	0.00765	0.01088	0.01426	0.15899	0.44982	0.21702	0.01387	0.00621	0.00189	0.00284	0.06766	0.00477	0.00423
13	0.10946	0.44814	0.03563	0.01048	0.01445	0.13931	0.08492	0.05211	0.01151	0.04193	0.00809	0.00925	0.00671	0.00459	0.00383	0.00126	0.00605	0.00326	0.00262	0.00641
14	0.00714	0.00527	0.00764	0.00764	0.00840	0.00603	0.00577	0.00866	0.00790	0.01130	0.01369	0.02147	0.01328	0.15129	0.69229	0.00755	0.01212	0.00562	0.00272	0.00424
15	0.01825	0.02306	0.01448	0.01388	0.06090	0.75847	0.00996	0.01963	0.01396	0.01244	0.00780	0.00918	0.00651	0.00510	0.00452	0.00130	0.00881	0.00328	0.00256	0.00590
16	0.01235	0.01222	0.02080	0.05689	0.66853	0.03354	0.09137	0.01540	0.01142	0.01601	0.00938	0.01239	0.00778	0.00446	0.00502	0.00150	0.00628	0.00455	0.00247	0.00764
17	0.01282	0.01314	0.05543	0.05539	0.31169	0.05028	0.23489	0.03820	0.01159	0.05806	0.00977	0.01253	0.00771	0.00508	0.00651	0.00163	0.10071	0.00479	0.00270	0.00710
18	0.05889	0.01309	0.01934	0.02689	0.62803	0.09748	0.05296	0.01579	0.01152	0.01616	0.00910	0.01180	0.00758	0.00451	0.00484	0.00147	0.00627	0.00429	0.00251	0.00747
19	0.09143	0.00957	0.01285	0.01017	0.01334	0.03185	0.13319	0.12798	0.01360	0.23383	0.01507	0.01736	0.01128	0.00602	0.00471	0.00151	0.00478	0.04990	0.20487	0.00670
20	0.01265	0.01309	0.01720	0.07305	0.37062	0.12962	0.01280	0.01523	0.03800	0.01434	0.00864	0.01170	0.00746	0.00593	0.00826	0.00168	0.24628	0.00428	0.00247	0.00671
21	0.00607	0.00434	0.00578	0.00694	0.00723	0.00405	0.00463	0.00694	0.00954	0.01272	0.02747	0.82157	0.03297	0.01562	0.00636	0.00202	0.00289	0.01417	0.00463	0.00405
22	0.01410	0.12046	0.01623	0.01241	0.01392	0.31100	0.01012	0.01533	0.01038	0.01204	0.00703	0.00982	0.00648	0.00681	0.01024	0.00170	0.41021	0.00371	0.00232	0.00570
23	0.00712	0.00534	0.00801	0.00801	0.00890	0.00623	0.00623	0.00890	0.00801	0.01157	0.01335	0.01958	0.01246	0.03738	0.80507	0.00801	0.01335	0.00534	0.00267	0.00445
24	0.00605	0.00442	0.00570	0.00673	0.00717	0.00407	0.00453	0.00696	0.00975	0.01281	0.03005	0.73482	0.11805	0.01528	0.00631	0.00199	0.00285	0.01376	0.00463	0.00407
25	0.43587	0.00905	0.00947	0.00773	0.01120	0.00923	0.00637	0.01953	0.01141	0.41471	0.01338	0.01259	0.00891	0.00541	0.00406	0.00154	0.00405	0.00387	0.00465	0.00696
26	0.01285	0.00904	0.01103	0.05461	0.01342	0.00755	0.00682	0.06518	0.01185	0.15241	0.01132	0.02825	0.00879	0.00459	0.00414	0.00101	0.00406	0.00373	0.00364	0.58571

[dist]
# distance from previous block
# <min> <max>
0	23

[block]
# block no. 6 follows, 50 sequences, length 61
# corresponding to MSA columns:
# 520-580
name=unknown_G
#
# <colnr> <probs for GDERKNQSTAVLIFYWHMCP>
#	G	D	E	R	K	N	Q	S	T	A	V	L	I	F	Y	W	H	M	C	P
0	0.00610	0.00488	0.00543	0.00566	0.00691	0.00424	0.00408	0.00736	0.01115	0.01396	0.13012	0.23662	0.50272	0.02983	0.00641	0.00182	0.00264	0.01117	0.00469	0.00420
1	0.00717	0.00480	0.00546	0.00554	0.00556	0.00478	0.00313	0.00723	0.00740	0.00987	0.01649	0.08544	0.01912	0.77065	0.02410	0.00464	0.00470	0.00771	0.00313	0.00309
2	0.01420	0.00938	0.00989	0.00812	0.01071	0.01014	0.00653	0.40088	0.01705	0.02511	0.01408	0.01522	0.01059	0.00590	0.00425	0.00133	0.00393	0.00457	0.42153	0.00659
3	0.01862	0.02376	0.01413	0.01284	0.01541	0.80482	0.00963	0.01990	0.01413	0.01220	0.00770	0.00899	0.00642	0.00514	0.00449	0.00128	0.00899	0.00321	0.00257	0.00578
4	0.00627	0.00459	0.00577	0.00645	0.00705	0.00422	0.00439	0.00734	0.01028	0.01363	0.13776	0.53660	0.14631	0.07555	0.00766	0.00212	0.00291	0.01238	0.00463	0.00409
5	0.01573	0.01236	0.01315	0.01082	0.01423	0.01395	0.00870	0.40818	0.39761	0.02622	0.01606	0.01523	0.01179	0.00637	0.00503	0.00159	0.00473	0.00505	0.00503	0.00819
6	0.01176	0.01345	0.02941	0.02101	0.02605	0.01261	0.77563	0.01597	0.01176	0.01597	0.01008	0.01345	0.00756	0.00420	0.00588	0.00168	0.00840	0.00588	0.00252	0.00672
7	0.01435	0.00997	0.01120	0.00926	0.01212	0.01067	0.00740	0.30661	0.17865	0.10371	0.22334	0.02090	0.02078	0.00728	0.00518	0.00155	0.00407	0.00600	0.03977	0.00719
8	0.07169	0.01122	0.01483	0.01448	0.17399	0.01144	0.04392	0.22721	0.02653	0.16020	0.01172	0.01253	0.00862	0.00535	0.00537	0.00144	0.05312	0.00429	0.00397	0.13809
9	0.01160	0.01011	0.06617	0.47982	0.03709	0.01052	0.01206	0.04941	0.08279	0.10990	0.02798	0.03274	0.01033	0.00594	0.00509	0.00166	0.00585	0.03133	0.00328	0.00632
10	0.64353	0.00913	0.00772	0.00687	0.00958	0.01033	0.00545	0.06491	0.00961	0.04941	0.00960	0.04753	0.00845	0.09341	0.00582	0.00191	0.00404	0.00390	0.00339	0.00540
11	0.00941	0.00886	0.01495	0.81285	0.03433	0.01107	0.01384	0.01274	0.00997	0.01274	0.00886	0.01329	0.00664	0.00498	0.00498	0.00166	0.00664	0.00443	0.00221	0.00554
12	0.01220	0.12848	0.49639	0.01450	0.08585	0.09800	0.01530	0.04951	0.01157	0.03122	0.00893	0.01038	0.00669	0.00477	0.00454	0.00147	0.00701	0.00363	0.00240	0.00719
13	0.00632	0.00473	0.00590	0.00650	0.00733	0.00431	0.00464	0.00764	0.01093	0.01435	0.17183	0.44661	0.21841	0.01380	0.00619	0.00188	0.00281	0.05680	0.00478	0.00424
14	0.00879	0.00511	0.00577	0.00567	0.00675	0.00478	0.00393	0.00998	0.00996	0.08846	0.02523	0.13463	0.18359	0.24690	0.01089	0.00249	0.00335	0.00795	0.23139	0.00437
15	0.04526	0.00528	0.00553	0.00519	0.00673	0.00521	0.00399	0.01315	0.01080	0.10549	0.01626	0.01798	0.01243	0.00580	0.00364	0.00122	0.00260	0.00461	0.72374	0.00510
16	0.04810	0.03775	0.05873	0.08612	0.13131	0.26429	0.07051	0.04001	0.01157	0.01432	0.00865	0.03080	0.00744	0.00586	0.00698	0.00160	0.16297	0.00423	0.00256	0.00621
17	0.01495	0.04772	0.07302	0.13745	0.05106	0.05968	0.11237	0.19225	0.06617	0.13380	0.01197	0.01303	0.00864	0.00527	0.00492	0.00150	0.00603	0.00452	0.00372	0.05192
18	0.02719	0.06806	0.11495	0.08814	0.33427	0.02717	0.07999	0.03134	0.13459	0.02955	0.01106	0.01293	0.00864	0.00493	0.00486	0.00153	0.00601	0.00450	0.00292	0.00736
19	0.02850	0.00948	0.01063	0.01029	0.04552	0.06716	0.00767	0.09354	0.23574	0.01676	0.01451	0.01720	0.01207	0.02084	0.38168	0.00461	0.00898	0.00509	0.00360	0.00613
20	0.24584	0.08971	0.04928	0.13433	0.03127	0.10493	0.19274	0.01507	0.01056	0.01626	0.00918	0.01277	0.00756	0.00568	0.02103	0.00169	0.00651	0.03700	0.00267	0.00594
21	0.00624	0.00441	0.00574	0.00673	0.00698	0.00416	0.00440	0.00698	0.00922	0.01230	0.02583	0.71178	0.03090	0.12823	0.00901	0.00242	0.00316	0.01321	0.00440	0.00391
22	0.00609	0.00443	0.00576	0.00681	0.00724	0.00409	0.00461	0.00702	0.00975	0.01283	0.02956	0.73650	0.10246	0.01531	0.00633	0.00200	0.00289	0.02762	0.00463	0.00407
23	0.02883	0.12192	0.30294	0.14299	0.02166	0.06567	0.12885	0.05007	0.01142	0.02995	0.00905	0.01111	0.00681	0.00470	0.00467	0.00148	0.00688	0.00398	0.00248	0.04453
24	0.01085	0.01033	0.01755	0.42837	0.40757	0.01145	0.01456	0.01399	0.01065	0.01448	0.00911	0.01282	0.00726	0.00472	0.00496	0.00157	0.00629	0.00444	0.00234	0.00670
25	0.00601	0.00460	0.00551	0.00624	0.00704	0.00411	0.00431	0.00702	0.01022	0.01300	0.03604	0.53370	0.31531	0.01450	0.00619	0.00190	0.00276	0.01281	0.00463	0.00411
26	0.00609	0.00441	0.00576	0.00680	0.00720	0.00408	0.00457	0.00702	0.00979	0.01297	0.04951	0.74874	0.08414	0.01527	0.00632	0.00199	0.00285	0.01379	0.00465	0.00408
27	0.01034	0.00886	0.01034	0.00738	0.01181	0.00664	0.00591	0.01255	0.01034	0.01624	0.00886	0.01034	0.00738	0.00369	0.00369	0.00074	0.00369	0.00295	0.00295	0.85530
28	0.00725	0.00483	0.00544	0.00544	0.00544	0.00483	0.00302	0.00725	0.00725	0.00966	0.01571	0.03262	0.01812	0.82483	0.02537	0.00483	0.00483	0.00725	0.00302	0.00302
29	0.01424	0.00732	0.00924	0.00772	0.01032	0.00678	0.00613	0.06174	0.05578	0.34135	0.29788	0.02761	0.11579	0.00838	0.00543	0.00157	0.00342	0.00709	0.00562	0.00660
30	0.01499	0.01337	0.01540	0.03657	0.06754	0.09916	0.04359	0.32262	0.06130	0.02084	0.01039	0.01225	0.00823	0.00780	0.04339	0.00195	0.20553	0.00448	0.00358	0.00703
31	0.00866	0.00742	0.01023	0.00936	0.00966	0.00946	0.00725	0.00970	0.00766	0.01124	0.01126	0.01953	0.01158	0.23159	0.28768	0.00486	0.33036	0.00545	0.00257	0.00448
32	0.01040	0.08593	0.68708	0.01466	0.05475	0.01223	0.03627	0.01570	0.01056	0.01550	0.00884	0.01048	0.00642	0.00467	0.00466	0.00154	0.00717	0.00369	0.00213	0.00730
33	0.27233	0.10451	0.26373	0.01009	0.01481	0.01220	0.01058	0.07206	0.07272	0.09109	0.01022	0.01084	0.00749	0.00501	0.00411	0.00149	0.00530	0.00359	0.00325	0.02457
34	0.01892	0.01493	0.01488	0.01160	0.01545	0.09314	0.00949	0.70260	0.02252	0.02952	0.01155	0.01167	0.00827	0.00590	0.00494	0.00148	0.00583	0.00436	0.00475	0.00821
35	0.00632	0.00494	0.00573	0.00580	0.00706	0.00435	0.00425	0.00788	0.01197	0.01555	0.29843	0.18109	0.40417	0.01232	0.00597	0.00170	0.00253	0.01065	0.00492	0.00435
36	0.00724	0.00581	0.00659	0.00632	0.00761	0.03703	0.00471	0.00926	0.01334	0.01801	0.57313	0.07321	0.19779	0.01073	0.00585	0.00160	0.00268	0.00932	0.00515	0.00462
37	0.00941	0.00886	0.01495	0.81285	0.03433	0.01107	0.01384	0.01274	0.00997	0.01274	0.00886	0.01329	0.00664	0.00498	0.00498	0.00166	0.00664	0.00443	0.00221	0.00554
38	0.00941	0.00886	0.01495	0.81285	0.03433	0.01107	0.01384	0.01274	0.00997	0.01274	0.00886	0.01329	0.00664	0.00498	0.00498	0.00166	0.00664	0.00443	0.00221	0.00554
39	0.78854	0.00978	0.00797	0.04265	0.01097	0.01135	0.00594	0.04505	0.00915	0.02230	0.00723	0.00848	0.00558	0.00470	0.00325	0.00155	0.00405	0.00285	0.00312	0.00553
40	0.83580	0.00976	0.00755	0.00670	0.00981	0.01130	0.00552	0.03662	0.00891	0.02262	0.00709	0.00821	0.00549	0.00467	0.00314	0.00154	0.00390	0.00275	0.00314	0.00549
41	0.01287	0.00834	0.00951	0.00832	0.01097	0.00857	0.00652	0.01995	0.34661	0.21003	0.10613	0.02655	0.18779	0.00825	0.00532	0.00164	0.00354	0.00690	0.00529	0.00690
42	0.00732	0.00587	0.00646	0.00610	0.00780	0.00546	0.00463	0.04357	0.06881	0.01692	0.28699	0.04075	0.45887	0.01111	0.00579	0.00164	0.00270	0.00941	0.00496	0.00483
43	0.86003	0.00964	0.00733	0.00655	0.00964	0.01118	0.00540	0.01465	0.00848	0.02236	0.00694	0.00810	0.00540	0.00463	0.00308	0.00154	0.00386	0.00270	0.00308	0.00540
44	0.00614	0.00476	0.00541	0.00583	0.00679	0.00423	0.00404	0.00715	0.01031	0.01294	0.05798	0.33302	0.40462	0.10353	0.00822	0.00216	0.00291	0.01147	0.00447	0.00403
45	0.00608	0.00446	0.00571	0.00666	0.00717	0.00409	0.00451	0.00706	0.00995	0.01308	0.05740	0.68734	0.13817	0.01501	0.00628	0.00196	0.00282	0.01349	0.00466	0.00409
46	0.01214	0.01164	0.01988	0.08296	0.74289	0.01179	0.01520	0.01513	0.01126	0.01605	0.00934	0.01240	0.00781	0.00448	0.00494	0.00149	0.00597	0.00444	0.00245	0.00774
47	0.01862	0.02376	0.01413	0.01284	0.01541	0.80482	0.00963	0.01990	0.01413	0.01220	0.00770	0.00899	0.00642	0.00514	0.00449	0.00128	0.00899	0.00321	0.00257	0.00578
48	0.00662	0.00514	0.00606	0.00602	0.00743	0.00458	0.00464	0.00846	0.01255	0.01642	0.36583	0.04425	0.39001	0.01170	0.00599	0.00170	0.00267	0.09047	0.00499	0.00446
49	0.00929	0.00465	0.00465	0.00465	0.00581	0.00465	0.00348	0.01161	0.01045	0.01858	0.01626	0.01858	0.01278	0.00581	0.00348	0.00116	0.00232	0.00465	0.85250	0.00465
50	0.00725	0.00483	0.00544	0.00544	0.00544	0.00483	0.00302	0.00725	0.00725	0.00966	0.01571	0.03262	0.01812	0.82483	0.02537	0.00483	0.00483	0.00725	0.00302	0.00302
51	0.01333	0.82783	0.02612	0.00853	0.01279	0.01972	0.00853	0.01493	0.01013	0.01173	0.00693	0.00800	0.00640	0.00426	0.00320	0.00107	0.00533	0.00267	0.00213	0.00640
52	0.01540	0.01099	0.01228	0.00970	0.01333	0.01134	0.00784	0.32218	0.18143	0.11453	0.06668	0.01534	0.01275	0.00599	0.00481	0.00139	0.00444	0.00479	0.00476	0.18005
53	0.01237	0.00924	0.01044	0.00885	0.01130	0.00983	0.00701	0.32437	0.09475	0.02402	0.31317	0.07226	0.04834	0.00860	0.00548	0.00160	0.00387	0.02285	0.00515	0.00651
54	0.00713	0.00508	0.00719	0.00735	0.00821	0.00533	0.00549	0.00881	0.00992	0.02939	0.19296	0.23414	0.02566	0.02490	0.39879	0.00485	0.00794	0.00848	0.00389	0.00448
55	0.01091	0.01091	0.01527	0.01309	0.01309	0.01527	0.01091	0.01200	0.00763	0.01200	0.00654	0.01091	0.00654	0.00872	0.01636	0.00218	0.81570	0.00436	0.00218	0.00545
56	0.02744	0.36448	0.31866	0.01126	0.01656	0.05833	0.01242	0.10917	0.01210	0.01590	0.00836	0.00950	0.00661	0.00471	0.00407	0.00133	0.00630	0.00331	0.00251	0.00697
57	0.00745	0.00476	0.00624	0.00616	0.00693	0.00451	0.00439	0.00748	0.00960	0.01267	0.19459	0.02919	0.22781	0.01581	0.06539	0.37886	0.00401	0.00710	0.00360	0.00343
58	0.00598	0.00469	0.00542	0.00601	0.00699	0.00413	0.00421	0.00705	0.01044	0.01309	0.03879	0.44135	0.40588	0.01415	0.00613	0.00186	0.00271	0.01238	0.00463	0.00413
59	0.00634	0.00447	0.00583	0.00681	0.00709	0.00424	0.00453	0.00714	0.00928	0.01235	0.02564	0.66822	0.03052	0.13853	0.00927	0.00246	0.00326	0.04571	0.00438	0.00392
60	0.07455	0.04992	0.06714	0.11432	0.01776	0.24419	0.01036	0.32433	0.01656	0.02096	0.00958	0.01075	0.00720	0.00536	0.00462	0.00145	0.00666	0.00386	0.00349	0.00694

[dist]
# distance from previous block
# <min> <max>
0	2

[block]
# block no. 7 follows, 50 sequences, length 86
# corresponding to MSA columns:
# 583-668
name=unknown_H
#
# <colnr> <probs for GDERKNQSTAVLIFYWHMCP>
#	G	D	E	R	K	N	Q	S	T	A	V	L	I	F	Y	W	H	M	C	P
0	0.04197	0.10967	0.28773	0.01504	0.07260	0.01214	0.20698	0.01598	0.04511	0.03617	0.00973	0.01152	0.00739	0.00453	0.00471	0.00145	0.00652	0.00418	0.00261	0.10397
1	0.02371	0.35305	0.01564	0.00803	0.01082	0.01215	0.00720	0.07467	0.01238	0.01596	0.18009	0.02671	0.09649	0.00812	0.00481	0.00149	0.00429	0.13498	0.00376	0.00567
2	0.02828	0.48432	0.02185	0.01051	0.01439	0.19145	0.04972	0.11951	0.01288	0.01489	0.00795	0.00905	0.00673	0.00469	0.00387	0.00121	0.00630	0.00320	0.00265	0.00654
3	0.00634	0.00507	0.00567	0.00552	0.00701	0.00440	0.00414	0.00802	0.01242	0.01599	0.33691	0.04382	0.50372	0.01168	0.00589	0.00164	0.00246	0.00994	0.00496	0.00440
4	0.00607	0.00434	0.00578	0.00694	0.00723	0.00405	0.00463	0.00694	0.00954	0.01272	0.02747	0.82157	0.03297	0.01562	0.00636	0.00202	0.00289	0.01417	0.00463	0.00405
5	0.01003	0.00903	0.00984	0.00802	0.01071	0.07579	0.00630	0.01208	0.01149	0.01658	0.24496	0.01881	0.01943	0.00699	0.02131	0.00133	0.08418	0.00504	0.02727	0.40082
6	0.01381	0.00655	0.00835	0.00711	0.00899	0.00602	0.00519	0.01523	0.02526	0.34999	0.12578	0.02628	0.01962	0.34421	0.01353	0.00290	0.00422	0.00650	0.00476	0.00569
7	0.00595	0.00503	0.00514	0.00516	0.00678	0.00423	0.00385	0.00725	0.01143	0.01374	0.08313	0.06904	0.73712	0.01260	0.00590	0.00169	0.00253	0.01055	0.00467	0.00423
8	0.00611	0.00436	0.00583	0.00698	0.00729	0.00408	0.00469	0.00701	0.00958	0.01277	0.02745	0.80680	0.03288	0.01558	0.00637	0.00203	0.00292	0.02857	0.00463	0.00406
9	0.00829	0.00767	0.01394	0.01176	0.01361	0.00774	0.23807	0.01039	0.00976	0.01340	0.01782	0.34787	0.01912	0.01687	0.19256	0.00332	0.05029	0.00909	0.00341	0.00502
10	0.01079	0.00913	0.01058	0.00760	0.01201	0.00711	0.00610	0.05328	0.01103	0.01705	0.00902	0.01042	0.00744	0.00381	0.00376	0.00078	0.00379	0.00303	0.00306	0.81018
11	0.00610	0.00436	0.00581	0.00692	0.00724	0.00407	0.00463	0.00700	0.00966	0.01291	0.04726	0.80124	0.03333	0.01548	0.00635	0.00201	0.00288	0.01404	0.00465	0.00407
12	0.01503	0.00666	0.00796	0.00672	0.00912	0.00627	0.00535	0.04074	0.03155	0.33827	0.01762	0.01772	0.01252	0.00598	0.00420	0.00134	0.00325	0.00482	0.45847	0.00642
13	0.86003	0.00964	0.00733	0.00655	0.00964	0.01118	0.00540	0.01465	0.00848	0.02236	0.00694	0.00810	0.00540	0.00463	0.00308	0.00154	0.00386	0.00270	0.00308	0.00540
14	0.01061	0.00935	0.01046	0.00756	0.01193	0.03316	0.00603	0.01280	0.01046	0.01611	0.00882	0.01029	0.00735	0.00374	0.00372	0.00076	0.00387	0.00296	0.00294	0.82707
15	0.01000	0.02578	0.79900	0.01421	0.02157	0.01158	0.01842	0.01579	0.01052	0.01579	0.00895	0.01052	0.00631	0.00474	0.00474	0.00158	0.00737	0.00368	0.00210	0.00737
16	0.01005	0.02541	0.77578	0.01441	0.02171	0.01161	0.04126	0.01579	0.01056	0.01579	0.00898	0.01061	0.00635	0.00472	0.00477	0.00158	0.00740	0.00375	0.00212	0.00735
17	0.00708	0.00481	0.00570	0.00586	0.00598	0.00485	0.00351	0.00735	0.00762	0.01024	0.01710	0.13856	0.01965	0.64789	0.08926	0.00472	0.00530	0.00803	0.00321	0.00328
18	0.01534	0.35645	0.03603	0.01013	0.01407	0.04311	0.00902	0.29549	0.13804	0.02047	0.01096	0.01122	0.00856	0.00533	0.00423	0.00134	0.00533	0.00384	0.00366	0.00739
19	0.01315	0.78510	0.06729	0.00883	0.01326	0.01929	0.00906	0.01497	0.01015	0.01194	0.00704	0.00813	0.00639	0.00429	0.00328	0.00109	0.00544	0.00272	0.00213	0.00645
20	0.01022	0.07931	0.74742	0.01383	0.02099	0.01212	0.01776	0.01573	0.01050	0.01551	0.00881	0.01035	0.00632	0.00470	0.00463	0.00154	0.00723	0.00362	0.00211	0.00730
21	0.01169	0.25421	0.26701	0.01080	0.01546	0.01400	0.01130	0.01905	0.28530	0.01632	0.01376	0.01389	0.03559	0.00558	0.00444	0.00147	0.00540	0.00431	0.00325	0.00716
22	0.01818	0.02303	0.01388	0.01267	0.01518	0.77309	0.00953	0.01949	0.01395	0.01224	0.00817	0.01009	0.00696	0.00598	0.02145	0.00145	0.00900	0.01732	0.00261	0.00573
23	0.01141	0.36717	0.47003	0.01179	0.01784	0.01504	0.01421	0.01542	0.01036	0.01406	0.00809	0.00945	0.00635	0.00454	0.00408	0.00136	0.00650	0.00325	0.00212	0.00695
