[name]
unknown

[dist]
# distance from previous block
# <min> <max>
0	71

[block]
# block no. 0 follows, 48 sequences, length 24
# corresponding to MSA columns:
# 74-97
name=unknown_A
#
# <colnr> <probs for GDERKNQSTAVLIFYWHMCP>
#	G	D	E	R	K	N	Q	S	T	A	V	L	I	F	Y	W	H	M	C	P
0	0.01321	0.74640	0.02515	0.00884	0.01293	0.01896	0.00873	0.01492	0.01056	0.01238	0.00901	0.01287	0.00873	0.00530	0.00365	0.00122	0.00542	0.07289	0.00243	0.00641
1	0.01276	0.16205	0.45250	0.01190	0.01772	0.01200	0.01391	0.01696	0.01176	0.14675	0.08322	0.01406	0.01148	0.00556	0.00475	0.00152	0.00619	0.00435	0.00320	0.00734
2	0.00644	0.00499	0.00534	0.00561	0.00696	0.00434	0.00407	0.00774	0.01117	0.01418	0.04315	0.22563	0.53787	0.01306	0.00595	0.00176	0.00267	0.01114	0.08361	0.00434
3	0.00749	0.00561	0.00766	0.08132	0.01025	0.00545	0.00572	0.01000	0.01413	0.01988	0.71243	0.03602	0.04453	0.00999	0.00597	0.00162	0.00283	0.00884	0.00533	0.00492
4	0.06148	0.00930	0.03939	0.00893	0.01238	0.00822	0.00746	0.10960	0.01453	0.47120	0.02210	0.11025	0.08630	0.00792	0.00529	0.00165	0.00429	0.00653	0.00556	0.00759
5	0.03507	0.00559	0.00852	0.17287	0.01273	0.00611	0.00652	0.00828	0.00749	0.01022	0.00890	0.01498	0.00838	0.01479	0.01644	0.64844	0.00494	0.00443	0.00227	0.00305
6	0.00733	0.00550	0.00825	0.00825	0.00916	0.00641	0.00641	0.00916	0.00825	0.01191	0.01374	0.02016	0.01283	0.03848	0.79934	0.00825	0.01374	0.00550	0.00275	0.00458
7	0.01205	0.01429	0.05730	0.02138	0.02665	0.01294	0.74246	0.01643	0.01207	0.01643	0.01034	0.01373	0.00774	0.00434	0.00601	0.00173	0.00861	0.00598	0.00258	0.00694
8	0.01270	0.01219	0.02083	0.03149	0.78767	0.01219	0.01575	0.01575	0.01168	0.01676	0.00965	0.01270	0.00813	0.00457	0.00508	0.00152	0.00610	0.00457	0.00254	0.00813
9	0.01225	0.01173	0.02001	0.14829	0.67441	0.01207	0.01552	0.01535	0.01147	0.01621	0.00957	0.01285	0.00793	0.00466	0.00509	0.00155	0.00621	0.00457	0.00250	0.00776
10	0.00606	0.00520	0.00520	0.00520	0.00693	0.00433	0.00390	0.00736	0.01170	0.01386	0.05198	0.04938	0.78558	0.01299	0.00606	0.00173	0.00260	0.01083	0.00476	0.00433
11	0.85592	0.00992	0.00754	0.00675	0.00992	0.01151	0.00556	0.01508	0.00873	0.02302	0.00714	0.00834	0.00556	0.00476	0.00318	0.00159	0.00397	0.00278	0.00318	0.00556
12	0.01353	0.01140	0.01204	0.01060	0.01364	0.01312	0.00831	0.11205	0.69236	0.02270	0.01991	0.01837	0.01487	0.00687	0.00521	0.00172	0.00424	0.00567	0.00521	0.00819
13	0.00733	0.00550	0.00825	0.00825	0.00916	0.00641	0.00641	0.00916	0.00825	0.01191	0.01374	0.02016	0.01283	0.03848	0.79934	0.00825	0.01374	0.00550	0.00275	0.00458
14	0.01372	0.82276	0.02689	0.00878	0.01317	0.02030	0.00878	0.01536	0.01043	0.01207	0.00713	0.00823	0.00658	0.00439	0.00329	0.00110	0.00549	0.00274	0.00219	0.00658
15	0.01270	0.01219	0.02083	0.03149	0.78767	0.01219	0.01575	0.01575	0.01168	0.01676	0.00965	0.01270	0.00813	0.00457	0.00508	0.00152	0.00610	0.00457	0.00254	0.00813
16	0.01159	0.01748	0.24861	0.01962	0.02550	0.01267	0.55434	0.01638	0.01175	0.01638	0.01005	0.01298	0.00742	0.00448	0.00572	0.00170	0.00835	0.00541	0.00247	0.00711
17	0.01118	0.01734	0.30325	0.01681	0.07773	0.01123	0.27815	0.01557	0.01130	0.01645	0.00963	0.01198	0.00730	0.00443	0.00507	0.00147	0.00704	0.00448	0.00253	0.18705
18	0.00891	0.00446	0.00668	0.00668	0.00668	0.00446	0.00446	0.00668	0.00668	0.00891	0.00891	0.01560	0.00891	0.01783	0.02005	0.85071	0.00446	0.00446	0.00223	0.00223
19	0.01029	0.02654	0.79309	0.01462	0.02221	0.01192	0.01896	0.01625	0.01083	0.01625	0.00921	0.01083	0.00650	0.00487	0.00487	0.00162	0.00758	0.00379	0.00217	0.00758
20	0.01248	0.01197	0.02043	0.08830	0.73258	0.01213	0.01564	0.01555	0.01158	0.01650	0.00961	0.01277	0.00803	0.00461	0.00508	0.00154	0.00615	0.00457	0.00252	0.00795
21	0.01276	0.01102	0.01160	0.01044	0.01334	0.01276	0.00812	0.02727	0.77840	0.02146	0.02088	0.01914	0.01566	0.00696	0.00522	0.00174	0.00406	0.00580	0.00522	0.00812
22	0.00687	0.00515	0.00637	0.00624	0.00747	0.00465	0.00461	0.00885	0.01333	0.01816	0.52750	0.12966	0.21889	0.01171	0.00611	0.00170	0.00253	0.01025	0.00534	0.00465
23	0.01029	0.02654	0.79309	0.01462	0.02221	0.01192	0.01896	0.01625	0.01083	0.01625	0.00921	0.01083	0.00650	0.00487	0.00487	0.00162	0.00758	0.00379	0.00217	0.00758

[dist]
# distance from previous block
# <min> <max>
0	1

[block]
# block no. 1 follows, 48 sequences, length 8
# corresponding to MSA columns:
# 99-106
name=unknown_B
#
# <colnr> <probs for GDERKNQSTAVLIFYWHMCP>
#	G	D	E	R	K	N	Q	S	T	A	V	L	I	F	Y	W	H	M	C	P
0	0.01171	0.01448	0.09738	0.02023	0.02539	0.01244	0.65403	0.01606	0.01198	0.01635	0.01133	0.01633	0.00903	0.00499	0.00601	0.00176	0.00831	0.05265	0.00269	0.00684
1	0.01198	0.01146	0.01952	0.21748	0.60732	0.01200	0.01539	0.01511	0.01134	0.01589	0.00952	0.01293	0.00782	0.00471	0.00509	0.00157	0.00627	0.00457	0.00248	0.00755
2	0.00606	0.00520	0.00520	0.00520	0.00693	0.00433	0.00390	0.00736	0.01170	0.01386	0.05198	0.04938	0.78558	0.01299	0.00606	0.00173	0.00260	0.01083	0.00476	0.00433
3	0.00620	0.00466	0.00576	0.00664	0.00731	0.00421	0.00454	0.00720	0.01031	0.01330	0.03443	0.61736	0.22893	0.01528	0.00642	0.00199	0.00288	0.01361	0.00476	0.00421
4	0.01531	0.39926	0.22166	0.01039	0.01550	0.01473	0.01109	0.01816	0.01167	0.22081	0.01117	0.01137	0.00819	0.00504	0.00420	0.00136	0.00573	0.00366	0.00330	0.00742
5	0.63885	0.01369	0.00936	0.00843	0.01146	0.21582	0.00669	0.01649	0.01024	0.02031	0.00735	0.00857	0.00583	0.00490	0.00355	0.00152	0.00534	0.00291	0.00304	0.00566
6	0.01113	0.00598	0.00716	0.00649	0.00792	0.00546	0.00451	0.01198	0.01038	0.21364	0.02574	0.06692	0.18886	0.39383	0.01536	0.00325	0.00420	0.00793	0.00439	0.00489
7	0.01574	0.01693	0.01239	0.01091	0.01355	0.40616	0.00837	0.16731	0.04576	0.01806	0.11581	0.01923	0.11385	0.00720	0.00512	0.00147	0.00658	0.00542	0.00391	0.00623

[dist]
# distance from previous block
# <min> <max>
0	1

[block]
# block no. 2 follows, 48 sequences, length 85
# corresponding to MSA columns:
# 108-128,133-196
name=unknown_C
#
# <colnr> <probs for GDERKNQSTAVLIFYWHMCP>
#	G	D	E	R	K	N	Q	S	T	A	V	L	I	F	Y	W	H	M	C	P
0	0.07160	0.01574	0.01476	0.01231	0.01481	0.21408	0.00994	0.31522	0.01606	0.02102	0.00928	0.01097	0.00742	0.00665	0.00821	0.00169	0.23563	0.00413	0.00355	0.00693
1	0.00694	0.00500	0.00643	0.00653	0.00739	0.00464	0.00463	0.00868	0.01246	0.01726	0.47390	0.25994	0.07048	0.08261	0.00794	0.00204	0.00281	0.01069	0.00514	0.00448
2	0.01491	0.01517	0.01246	0.01046	0.01391	0.28927	0.00810	0.04505	0.19563	0.04437	0.01201	0.01247	0.00939	0.00525	0.00452	0.00125	0.00588	0.00392	0.00361	0.29236
3	0.00625	0.00447	0.00595	0.00714	0.00744	0.00417	0.00476	0.00714	0.00982	0.01310	0.02828	0.81633	0.03394	0.01608	0.00655	0.00208	0.00298	0.01459	0.00476	0.00417
4	0.01244	0.01192	0.02035	0.09903	0.72218	0.01212	0.01562	0.01552	0.01156	0.01645	0.00961	0.01278	0.00802	0.00462	0.00508	0.00154	0.00616	0.00457	0.00252	0.00792
5	0.01820	0.02149	0.01416	0.01267	0.01548	0.60901	0.00962	0.08683	0.13379	0.01566	0.01032	0.01105	0.00820	0.00562	0.00476	0.00141	0.00813	0.00381	0.00326	0.00653
6	0.01612	0.01027	0.01170	0.01001	0.01326	0.01105	0.00793	0.02653	0.52860	0.27324	0.02067	0.01859	0.01469	0.00676	0.00520	0.00169	0.00416	0.00559	0.00559	0.00832
7	0.01270	0.01219	0.02083	0.03149	0.78767	0.01219	0.01575	0.01575	0.01168	0.01676	0.00965	0.01270	0.00813	0.00457	0.00508	0.00152	0.00610	0.00457	0.00254	0.00813
8	0.00625	0.00447	0.00595	0.00714	0.00744	0.00417	0.00476	0.00714	0.00982	0.01310	0.02828	0.81633	0.03394	0.01608	0.00655	0.00208	0.00298	0.01459	0.00476	0.00417
9	0.01270	0.01219	0.02083	0.03149	0.78767	0.01219	0.01575	0.01575	0.01168	0.01676	0.00965	0.01270	0.00813	0.00457	0.00508	0.00152	0.00610	0.00457	0.00254	0.00813
10	0.01276	0.01102	0.01160	0.01044	0.01334	0.01276	0.00812	0.02727	0.77840	0.02146	0.02088	0.01914	0.01566	0.00696	0.00522	0.00174	0.00406	0.00580	0.00522	0.00812
11	0.01105	0.20326	0.62303	0.01333	0.02020	0.01378	0.01670	0.01605	0.01074	0.01532	0.00875	0.01026	0.00652	0.00477	0.00452	0.00151	0.00712	0.00356	0.00217	0.00736
12	0.00625	0.00447	0.00595	0.00714	0.00744	0.00417	0.00476	0.00714	0.00982	0.01310	0.02828	0.81633	0.03394	0.01608	0.00655	0.00208	0.00298	0.01459	0.00476	0.00417
13	0.00606	0.00520	0.00520	0.00520	0.00693	0.00433	0.00390	0.00736	0.01170	0.01386	0.05198	0.04938	0.78558	0.01299	0.00606	0.00173	0.00260	0.01083	0.00476	0.00433
14	0.01372	0.82276	0.02689	0.00878	0.01317	0.02030	0.00878	0.01536	0.01043	0.01207	0.00713	0.00823	0.00658	0.00439	0.00329	0.00110	0.00549	0.00274	0.00219	0.00658
15	0.00726	0.00524	0.00686	0.00646	0.00767	0.00484	0.00484	0.00968	0.01452	0.02058	0.78496	0.03833	0.04841	0.01049	0.00605	0.00161	0.00242	0.00928	0.00565	0.00484
16	0.01372	0.82276	0.02689	0.00878	0.01317	0.02030	0.00878	0.01536	0.01043	0.01207	0.00713	0.00823	0.00658	0.00439	0.00329	0.00110	0.00549	0.00274	0.00219	0.00658
17	0.00625	0.00447	0.00595	0.00714	0.00744	0.00417	0.00476	0.00714	0.00982	0.01310	0.02828	0.81633	0.03394	0.01608	0.00655	0.00208	0.00298	0.01459	0.00476	0.00417
18	0.00720	0.00524	0.00677	0.00639	0.00763	0.00481	0.00479	0.00956	0.01437	0.02022	0.74593	0.03892	0.08767	0.01062	0.00605	0.00162	0.00243	0.00936	0.00560	0.00481
19	0.00969	0.00912	0.01539	0.80734	0.03534	0.01140	0.01425	0.01311	0.01026	0.01311	0.00912	0.01368	0.00684	0.00513	0.00513	0.00171	0.00684	0.00456	0.00228	0.00570
20	0.85592	0.00992	0.00754	0.00675	0.00992	0.01151	0.00556	0.01508	0.00873	0.02302	0.00714	0.00834	0.00556	0.00476	0.00318	0.00159	0.00397	0.00278	0.00318	0.00556
21	0.01951	0.01437	0.01540	0.01181	0.01591	0.01591	0.00975	0.77056	0.02412	0.03234	0.01232	0.01232	0.00873	0.00616	0.00513	0.00154	0.00565	0.00462	0.00513	0.00873
22	0.01336	0.01132	0.01194	0.01056	0.01357	0.01304	0.00827	0.09321	0.71148	0.02243	0.02012	0.01854	0.01505	0.00689	0.00521	0.00172	0.00420	0.00570	0.00521	0.00818
23	0.00746	0.00497	0.00560	0.00560	0.00560	0.00497	0.00311	0.00746	0.00746	0.00995	0.01617	0.03358	0.01865	0.81967	0.02612	0.00497	0.00497	0.00746	0.00311	0.00311
24	0.01064	0.00912	0.01064	0.00760	0.01216	0.00684	0.00608	0.01292	0.01064	0.01672	0.00912	0.01064	0.00760	0.00380	0.00380	0.00076	0.00380	0.00304	0.00304	0.85104
25	0.01270	0.01219	0.02083	0.03149	0.78767	0.01219	0.01575	0.01575	0.01168	0.01676	0.00965	0.01270	0.00813	0.00457	0.00508	0.00152	0.00610	0.00457	0.00254	0.00813
26	0.02302	0.00873	0.01191	0.00913	0.01310	0.00754	0.00754	0.02501	0.01469	0.79122	0.02024	0.01746	0.01270	0.00635	0.00516	0.00159	0.00437	0.00516	0.00635	0.00873
27	0.01270	0.01219	0.02083	0.03149	0.78767	0.01219	0.01575	0.01575	0.01168	0.01676	0.00965	0.01270	0.00813	0.00457	0.00508	0.00152	0.00610	0.00457	0.00254	0.00813
28	0.01316	0.01062	0.01200	0.00880	0.01323	0.00942	0.00713	0.22872	0.01448	0.02117	0.01003	0.01112	0.00792	0.00447	0.00418	0.00098	0.00433	0.00349	0.00364	0.61113
29	0.01270	0.01219	0.02083	0.03149	0.78767	0.01219	0.01575	0.01575	0.01168	0.01676	0.00965	0.01270	0.00813	0.00457	0.00508	0.00152	0.00610	0.00457	0.00254	0.00813
30	0.01044	0.01117	0.02335	0.01750	0.02130	0.01047	0.55135	0.01379	0.01146	0.01549	0.01548	0.24241	0.01523	0.00767	0.00620	0.00183	0.00703	0.00849	0.00321	0.00614
31	0.01882	0.01403	0.01501	0.01167	0.01565	0.01559	0.00959	0.69491	0.10089	0.03123	0.01319	0.01301	0.00943	0.00624	0.00514	0.00156	0.00548	0.00474	0.00514	0.00866
32	0.00620	0.00467	0.00574	0.00659	0.00730	0.00421	0.00452	0.00721	0.01036	0.01332	0.03503	0.59788	0.24803	0.01520	0.00641	0.00198	0.00287	0.01352	0.00476	0.00421
33	0.00669	0.00494	0.00630	0.00725	0.00781	0.00475	0.00494	0.00851	0.06011	0.01382	0.04297	0.71370	0.06849	0.01523	0.00643	0.00204	0.00302	0.01374	0.00481	0.00445
34	0.01273	0.01120	0.01282	0.01155	0.03294	0.01276	0.04883	0.02641	0.71890	0.02108	0.02005	0.01870	0.01506	0.00676	0.00526	0.00173	0.00435	0.00578	0.00502	0.00806
35	0.00726	0.00524	0.00686	0.00646	0.00767	0.00484	0.00484	0.00968	0.01452	0.02058	0.78496	0.03833	0.04841	0.01049	0.00605	0.00161	0.00242	0.00928	0.00565	0.00484
36	0.00612	0.00498	0.00542	0.00578	0.00708	0.00428	0.00416	0.00730	0.01113	0.01363	0.04487	0.27941	0.56015	0.01392	0.00621	0.00184	0.00271	0.01196	0.00476	0.00428
37	0.00864	0.00751	0.01221	0.45183	0.02369	0.00918	0.01076	0.01135	0.00936	0.01258	0.01118	0.01656	0.00950	0.01997	0.35847	0.00462	0.00991	0.00498	0.00249	0.00520
38	0.00625	0.00447	0.00595	0.00714	0.00744	0.00417	0.00476	0.00714	0.00982	0.01310	0.02828	0.81633	0.03394	0.01608	0.00655	0.00208	0.00298	0.01459	0.00476	0.00417
39	0.02249	0.00959	0.01244	0.00954	0.01353	0.00882	0.00788	0.13851	0.01612	0.67568	0.01904	0.01668	0.01210	0.00632	0.00516	0.00158	0.00456	0.00508	0.00617	0.00873
40	0.01104	0.00617	0.00734	0.00656	0.00880	0.00530	0.00509	0.01265	0.01278	0.23601	0.12685	0.07887	0.44075	0.01097	0.00583	0.00170	0.00310	0.00923	0.00532	0.00564
41	0.00628	0.00449	0.00598	0.00713	0.00745	0.00419	0.00477	0.00721	0.00995	0.01330	0.04872	0.79531	0.03433	0.01592	0.00654	0.00207	0.00296	0.01444	0.00479	0.00419
42	0.00969	0.00912	0.01539	0.80734	0.03534	0.01140	0.01425	0.01311	0.01026	0.01311	0.00912	0.01368	0.00684	0.00513	0.00513	0.00171	0.00684	0.00456	0.00228	0.00570
43	0.00731	0.00529	0.00740	0.00749	0.00820	0.00588	0.00551	0.00871	0.00833	0.01182	0.01614	0.08072	0.03152	0.19304	0.55060	0.00684	0.01069	0.00664	0.02362	0.00425
44	0.00671	0.00475	0.00601	0.00659	0.00704	0.00449	0.00437	0.00770	0.01023	0.01380	0.16810	0.46314	0.05979	0.19994	0.01094	0.00265	0.00332	0.01182	0.00455	0.00406
45	0.00670	0.00465	0.00582	0.00657	0.00676	0.00447	0.00415	0.00726	0.00895	0.01193	0.02379	0.52585	0.02827	0.31429	0.01381	0.00316	0.00372	0.01194	0.00415	0.00377
46	0.00625	0.00447	0.00595	0.00714	0.00744	0.00417	0.00476	0.00714	0.00982	0.01310	0.02828	0.81633	0.03394	0.01608	0.00655	0.00208	0.00298	0.01459	0.00476	0.00417
47	0.01064	0.00912	0.01064	0.00760	0.01216	0.00684	0.00608	0.01292	0.01064	0.01672	0.00912	0.01064	0.00760	0.00380	0.00380	0.00076	0.00380	0.00304	0.00304	0.85104
48	0.00659	0.00476	0.00623	0.00682	0.00750	0.00440	0.00475	0.00802	0.01151	0.01568	0.28696	0.51699	0.07264	0.01404	0.00636	0.00191	0.00277	0.01261	0.00506	0.00440
49	0.00736	0.00539	0.00770	0.00770	0.00843	0.00612	0.00573	0.00881	0.00808	0.01151	0.01424	0.02292	0.01403	0.19930	0.64017	0.00757	0.01194	0.00590	0.00282	0.00428
50	0.02254	0.00922	0.01217	0.00936	0.01332	0.00830	0.00772	0.08275	0.03098	0.71681	0.01964	0.01710	0.01245	0.00635	0.00516	0.00159	0.00446	0.00513	0.00623	0.00872
51	0.01125	0.01181	0.02337	0.32688	0.12266	0.01227	0.38532	0.01507	0.01134	0.01519	0.00980	0.01364	0.00746	0.00467	0.00558	0.00170	0.00764	0.00530	0.00247	0.00659
52	0.00891	0.00446	0.00668	0.00668	0.00668	0.00446	0.00446	0.00668	0.00668	0.00891	0.00891	0.01560	0.00891	0.01783	0.02005	0.85071	0.00446	0.00446	0.00223	0.00223
53	0.00891	0.00446	0.00668	0.00668	0.00668	0.00446	0.00446	0.00668	0.00668	0.00891	0.00891	0.01560	0.00891	0.01783	0.02005	0.85071	0.00446	0.00446	0.00223	0.00223
54	0.00726	0.00524	0.00686	0.00646	0.00767	0.00484	0.00484	0.00968	0.01452	0.02058	0.78496	0.03833	0.04841	0.01049	0.00605	0.00161	0.00242	0.00928	0.00565	0.00484
55	0.01178	0.01183	0.02187	0.22721	0.39926	0.01219	0.20957	0.01525	0.01143	0.01575	0.00970	0.01324	0.00771	0.00465	0.00534	0.00162	0.00694	0.00495	0.00249	0.00720
56	0.01195	0.01495	0.09667	0.02102	0.02642	0.01288	0.70374	0.01642	0.01200	0.01642	0.01028	0.01358	0.00767	0.00437	0.00595	0.00172	0.00856	0.00586	0.00256	0.00698
57	0.01276	0.01102	0.01160	0.01044	0.01334	0.01276	0.00812	0.02727	0.77840	0.02146	0.02088	0.01914	0.01566	0.00696	0.00522	0.00174	0.00406	0.00580	0.00522	0.00812
58	0.01722	0.01324	0.01411	0.01134	0.01504	0.01484	0.00920	0.51848	0.27993	0.02865	0.01522	0.01463	0.01108	0.00643	0.00516	0.00161	0.00511	0.00502	0.00516	0.00852
59	0.01131	0.00939	0.01109	0.03622	0.01320	0.00750	0.00659	0.05350	0.01142	0.03192	0.00950	0.01096	0.00773	0.00402	0.00394	0.00085	0.00402	0.00322	0.00319	0.76044
60	0.19612	0.01926	0.01378	0.05389	0.09935	0.50627	0.00984	0.01845	0.01278	0.01527	0.00801	0.00966	0.00656	0.00509	0.00439	0.00142	0.00766	0.00339	0.00273	0.00609
61	0.01519	0.00787	0.00997	0.00839	0.01112	0.00754	0.00665	0.01974	0.16114	0.35697	0.30474	0.02555	0.02655	0.00801	0.00550	0.00163	0.00358	0.00681	0.00587	0.00717
62	0.00746	0.00497	0.00560	0.00560	0.00560	0.00497	0.00311	0.00746	0.00746	0.00995	0.01617	0.03358	0.01865	0.81967	0.02612	0.00497	0.00497	0.00746	0.00311	0.00311
63	0.38428	0.00779	0.00778	0.00713	0.00957	0.00810	0.00557	0.01420	0.01077	0.16362	0.07893	0.18770	0.07891	0.00858	0.00472	0.00171	0.00360	0.00690	0.00443	0.00570
64	0.00675	0.00475	0.00588	0.00646	0.00682	0.00451	0.00417	0.00751	0.00959	0.01282	0.09973	0.43750	0.07027	0.28400	0.01302	0.00299	0.00357	0.01148	0.00430	0.00389
65	0.00621	0.00474	0.00568	0.00642	0.00722	0.00424	0.00442	0.00723	0.01044	0.01330	0.03642	0.52825	0.29992	0.03176	0.00679	0.00202	0.00288	0.01311	0.00473	0.00420
66	0.00633	0.00450	0.00593	0.00704	0.00732	0.00422	0.00466	0.00717	0.00967	0.01289	0.02749	0.76529	0.03294	0.06847	0.00783	0.00227	0.00311	0.01412	0.00466	0.00410
67	0.00987	0.00678	0.00796	0.00755	0.00905	0.00692	0.00561	0.07847	0.11758	0.05313	0.21642	0.18513	0.04043	0.10702	0.00811	0.00211	0.00352	0.03812	0.09079	0.00544
68	0.00656	0.00469	0.00629	0.00737	0.00784	0.00442	0.00518	0.00773	0.01038	0.01388	0.08016	0.67273	0.03441	0.01547	0.00658	0.00208	0.00315	0.10197	0.00482	0.00428
69	0.00733	0.00550	0.00825	0.00825	0.00916	0.00641	0.00641	0.00916	0.00825	0.01191	0.01374	0.02016	0.01283	0.03848	0.79934	0.00825	0.01374	0.00550	0.00275	0.00458
70	0.00644	0.00482	0.00593	0.00667	0.00743	0.00440	0.00469	0.00756	0.01053	0.01359	0.06353	0.48369	0.23735	0.05768	0.00748	0.00214	0.00308	0.06406	0.00471	0.00422
71	0.01054	0.00868	0.00961	0.00926	0.01122	0.00966	0.00692	0.04188	0.47016	0.01868	0.02338	0.31539	0.02225	0.01033	0.00571	0.00186	0.00370	0.00903	0.00505	0.00667
72	0.01211	0.01384	0.03028	0.02163	0.02682	0.01298	0.76903	0.01644	0.01211	0.01644	0.01038	0.01384	0.00779	0.00433	0.00606	0.00173	0.00865	0.00606	0.00260	0.00692
73	0.00761	0.00540	0.00746	0.00862	0.00948	0.00530	0.00702	0.00939	0.01104	0.01446	0.02713	0.30871	0.03053	0.01489	0.00720	0.02122	0.00414	0.49124	0.00468	0.00448
74	0.00789	0.00604	0.00691	0.00685	0.00828	0.00575	0.00507	0.08551	0.02562	0.01653	0.14353	0.26087	0.32485	0.03861	0.00677	0.00192	0.00316	0.03611	0.00488	0.00484
75	0.01841	0.02286	0.01419	0.01289	0.01556	0.70565	0.00970	0.02129	0.10530	0.01362	0.00947	0.01043	0.00769	0.00549	0.00470	0.00137	0.00864	0.00360	0.00295	0.00621
76	0.00815	0.00446	0.00648	0.00682	0.00690	0.00437	0.00454	0.00682	0.00758	0.01010	0.01443	0.24367	0.01604	0.01733	0.01621	0.60900	0.00403	0.00734	0.00295	0.00278
77	0.27692	0.00910	0.01058	0.00840	0.01213	0.00875	0.00694	0.02198	0.01287	0.55704	0.01625	0.01468	0.01052	0.00587	0.00455	0.00159	0.00425	0.00443	0.00538	0.00776
78	0.00651	0.00523	0.00581	0.00571	0.00727	0.00454	0.00432	0.00819	0.01260	0.01604	0.28509	0.04609	0.52996	0.01223	0.00609	0.00171	0.00260	0.03046	0.00505	0.00450
79	0.00733	0.00548	0.00815	0.00815	0.00903	0.00636	0.00629	0.00910	0.00822	0.01184	0.01383	0.02065	0.01304	0.06738	0.77074	0.00813	0.01342	0.00557	0.00276	0.00453
80	0.01316	0.01021	0.01111	0.00937	0.01219	0.01106	0.00744	0.29714	0.22689	0.02431	0.19182	0.02486	0.12183	0.00824	0.00548	0.00164	0.00409	0.00680	0.00522	0.00712
81	0.00708	0.00501	0.00669	0.00719	0.00773	0.00517	0.00509	0.00823	0.00903	0.01244	0.02118	0.31240	0.03814	0.19024	0.25993	0.00460	0.00686	0.05515	0.03370	0.00414
82	0.01379	0.01513	0.01402	0.09167	0.01568	0.30059	0.01018	0.01536	0.01087	0.01327	0.00854	0.01164	0.00743	0.00691	0.00970	0.00174	0.34573	0.00410	0.09801	0.00565
83	0.02884	0.00958	0.01089	0.00907	0.01180	0.01007	0.00722	0.28956	0.10094	0.09679	0.29134	0.04444	0.05085	0.00827	0.00551	0.00161	0.00400	0.00689	0.00538	0.00695
84	0.01532	0.03240	0.01618	0.21053	0.08472	0.29654	0.03083	0.14584	0.01412	0.01650	0.00905	0.01144	0.00720	0.00564	0.00603	0.00156	0.08250	0.00411	0.00292	0.00655

[dist]
# distance from previous block
# <min> <max>
4	42

[block]
# block no. 3 follows, 48 sequences, length 37
# corresponding to MSA columns:
# 241-277
name=unknown_D
#
# <colnr> <probs for GDERKNQSTAVLIFYWHMCP>
#	G	D	E	R	K	N	Q	S	T	A	V	L	I	F	Y	W	H	M	C	P
0	0.01247	0.21863	0.17049	0.01317	0.03014	0.02879	0.13611	0.06249	0.06821	0.03341	0.02865	0.06462	0.01047	0.00623	0.00615	0.00160	0.09348	0.00504	0.00302	0.00684
1	0.01295	0.11966	0.17478	0.01213	0.01649	0.01235	0.10785	0.06676	0.15600	0.08678	0.01344	0.05280	0.01072	0.00692	0.02828	0.00175	0.03452	0.00504	0.00358	0.07720
2	0.06847	0.06903	0.40044	0.01163	0.01674	0.04814	0.01292	0.03269	0.09432	0.03149	0.12017	0.03140	0.01407	0.00613	0.00488	0.00158	0.00592	0.00487	0.00328	0.02182
3	0.01157	0.19455	0.55896	0.01300	0.01952	0.01381	0.01584	0.06708	0.01173	0.01655	0.02715	0.01102	0.00765	0.00499	0.00458	0.00151	0.00689	0.00375	0.00246	0.00738
4	0.01298	0.01237	0.01559	0.03965	0.01473	0.05609	0.01101	0.14036	0.01102	0.01575	0.00782	0.01139	0.00707	0.00819	0.01385	0.00206	0.60672	0.00445	0.00275	0.00616
5	0.01151	0.06737	0.00935	0.00706	0.00950	0.00708	0.00567	0.06008	0.01376	0.18753	0.22589	0.03417	0.32143	0.00983	0.00560	0.00161	0.00335	0.00820	0.00517	0.00587
6	0.00960	0.26590	0.01329	0.00721	0.00950	0.00981	0.00612	0.01172	0.01313	0.03312	0.49723	0.02868	0.05894	0.00855	0.00515	0.00145	0.00344	0.00717	0.00453	0.00546
7	0.01207	0.01057	0.05952	0.00990	0.01269	0.01030	0.00819	0.20215	0.23232	0.02083	0.01967	0.22972	0.01870	0.00936	0.00557	0.00175	0.00442	0.06344	0.00470	0.06412
8	0.00637	0.00482	0.00592	0.00674	0.00756	0.00437	0.00480	0.00752	0.01059	0.01354	0.03561	0.50924	0.26907	0.01494	0.00644	0.00200	0.00301	0.07843	0.00476	0.00427
9	0.01830	0.01298	0.01393	0.01082	0.01455	0.01425	0.00889	0.65292	0.02215	0.04977	0.01309	0.01334	0.00940	0.00614	0.00493	0.00150	0.00519	0.00465	0.11498	0.00821
10	0.01580	0.29827	0.26110	0.01072	0.01597	0.01336	0.01154	0.01891	0.01200	0.27738	0.01222	0.01217	0.00863	0.00521	0.00442	0.00143	0.00576	0.00389	0.00359	0.00762
11	0.00658	0.00460	0.00586	0.00673	0.00695	0.00438	0.00432	0.00723	0.00919	0.01226	0.02504	0.60699	0.02985	0.23099	0.01178	0.00286	0.00351	0.01268	0.00432	0.00388
12	0.00631	0.00458	0.00585	0.00684	0.00727	0.00424	0.00457	0.00719	0.00988	0.01298	0.03011	0.68388	0.11489	0.06591	0.00772	0.00223	0.00306	0.01373	0.00466	0.00412
13	0.00606	0.00520	0.00520	0.00520	0.00693	0.00433	0.00390	0.00736	0.01170	0.01386	0.05198	0.04938	0.78558	0.01299	0.00606	0.00173	0.00260	0.01083	0.00476	0.00433
14	0.01064	0.00912	0.01064	0.00760	0.01216	0.00684	0.00608	0.01292	0.01064	0.01672	0.00912	0.01064	0.00760	0.00380	0.00380	0.00076	0.00380	0.00304	0.00304	0.85104
15	0.00866	0.00562	0.00698	0.00759	0.00873	0.00560	0.00613	0.04150	0.01161	0.01669	0.02435	0.19314	0.04549	0.01175	0.00583	0.00191	0.00367	0.33412	0.25585	0.00479
16	0.12939	0.00842	0.01066	0.00846	0.01195	0.00769	0.00692	0.02164	0.01389	0.58691	0.12197	0.01910	0.01660	0.00670	0.00502	0.00159	0.00405	0.00541	0.00584	0.00779
17	0.00625	0.00447	0.00595	0.00714	0.00744	0.00417	0.00476	0.00714	0.00982	0.01310	0.02828	0.81633	0.03394	0.01608	0.00655	0.00208	0.00298	0.01459	0.00476	0.00417
18	0.11065	0.01389	0.01454	0.01125	0.01526	0.01543	0.00930	0.68823	0.02245	0.03132	0.01176	0.01188	0.00838	0.00601	0.00492	0.00155	0.00546	0.00442	0.00492	0.00838
19	0.00640	0.00453	0.00591	0.00696	0.00722	0.00426	0.00457	0.00718	0.00954	0.01272	0.02684	0.72344	0.03212	0.11144	0.00887	0.00243	0.00321	0.01374	0.00457	0.00404
20	0.00639	0.00456	0.00607	0.00723	0.00757	0.00428	0.00491	0.00734	0.00987	0.01314	0.02790	0.75476	0.03330	0.03710	0.00709	0.00217	0.00312	0.05431	0.00472	0.00417
21	0.00619	0.00471	0.00570	0.00648	0.00727	0.00422	0.00447	0.00722	0.01046	0.01336	0.03631	0.55646	0.28862	0.01503	0.00638	0.00196	0.00285	0.01331	0.00476	0.00422
22	0.01821	0.01312	0.01402	0.01089	0.01462	0.01446	0.00895	0.67173	0.02238	0.03062	0.01289	0.01321	0.00930	0.00614	0.00493	0.00150	0.00522	0.00464	0.11495	0.00821
23	0.00681	0.00480	0.00611	0.00659	0.00706	0.00454	0.00439	0.00790	0.01052	0.01434	0.22775	0.42100	0.03415	0.20683	0.01110	0.00265	0.00331	0.01146	0.00460	0.00409
24	0.00615	0.00520	0.00531	0.00528	0.00698	0.00437	0.00396	0.00752	0.01189	0.01432	0.10170	0.04863	0.73558	0.01282	0.00606	0.00172	0.00259	0.01072	0.00482	0.00437
25	0.01123	0.01123	0.01572	0.01347	0.01347	0.01572	0.01123	0.01235	0.00786	0.01235	0.00674	0.01123	0.00674	0.00898	0.01684	0.00225	0.81028	0.00449	0.00225	0.00561
26	0.01951	0.01437	0.01540	0.01181	0.01591	0.01591	0.00975	0.77056	0.02412	0.03234	0.01232	0.01232	0.00873	0.00616	0.00513	0.00154	0.00565	0.00462	0.00513	0.00873
27	0.01211	0.01384	0.03028	0.02163	0.02682	0.01298	0.76903	0.01644	0.01211	0.01644	0.01038	0.01384	0.00779	0.00433	0.00606	0.00173	0.00865	0.00606	0.00260	0.00692
28	0.00606	0.00520	0.00520	0.00520	0.00693	0.00433	0.00390	0.00736	0.01170	0.01386	0.05198	0.04938	0.78558	0.01299	0.00606	0.00173	0.00260	0.01083	0.00476	0.00433
29	0.00726	0.00524	0.00686	0.00646	0.00767	0.00484	0.00484	0.00968	0.01452	0.02058	0.78496	0.03833	0.04841	0.01049	0.00605	0.00161	0.00242	0.00928	0.00565	0.00484
30	0.02302	0.00873	0.01191	0.00913	0.01310	0.00754	0.00754	0.02501	0.01469	0.79122	0.02024	0.01746	0.01270	0.00635	0.00516	0.00159	0.00437	0.00516	0.00635	0.00873
31	0.01276	0.01102	0.01160	0.01044	0.01334	0.01276	0.00812	0.02727	0.77840	0.02146	0.02088	0.01914	0.01566	0.00696	0.00522	0.00174	0.00406	0.00580	0.00522	0.00812
32	0.06158	0.01900	0.01373	0.01182	0.01497	0.48556	0.00916	0.11892	0.01553	0.18525	0.01115	0.01140	0.00816	0.00561	0.00474	0.00142	0.00746	0.00385	0.00380	0.00690
33	0.01474	0.01099	0.01133	0.00954	0.01262	0.05343	0.00758	0.23320	0.23697	0.12251	0.02521	0.02379	0.19970	0.00803	0.00536	0.00164	0.00448	0.00647	0.00509	0.00734
34	0.01746	0.01138	0.01147	0.00976	0.01250	0.15323	0.00761	0.06072	0.06556	0.35584	0.01864	0.10464	0.04061	0.05838	0.00714	0.00185	0.04513	0.00617	0.00489	0.00703
35	0.05037	0.01319	0.01571	0.01228	0.01618	0.07170	0.12598	0.27026	0.19106	0.06476	0.01350	0.01381	0.00996	0.00568	0.00503	0.00151	0.00567	0.00479	0.00432	0.10424
36	0.26696	0.01514	0.01297	0.01079	0.01418	0.20673	0.03367	0.28077	0.05736	0.02335	0.02598	0.01134	0.00842	0.00560	0.00448	0.00152	0.00598	0.00396	0.00387	0.00693

[dist]
# distance from previous block
# <min> <max>
3	16

[block]
# block no. 4 follows, 48 sequences, length 6
# corresponding to MSA columns:
# 298-303
name=unknown_E
#
# <colnr> <probs for GDERKNQSTAVLIFYWHMCP>
#	G	D	E	R	K	N	Q	S	T	A	V	L	I	F	Y	W	H	M	C	P
0	0.01048	0.01046	0.01541	0.12272	0.17527	0.08150	0.12192	0.01273	0.01093	0.01426	0.01643	0.25983	0.04187	0.00884	0.00664	0.00180	0.07182	0.00794	0.00325	0.00588
1	0.01195	0.01214	0.01719	0.43475	0.29627	0.11180	0.01422	0.01497	0.01130	0.01432	0.00915	0.01277	0.00726	0.00495	0.00505	0.00160	0.00689	0.00440	0.00242	0.00658
2	0.00985	0.00766	0.01167	0.44331	0.07653	0.00890	0.01024	0.01285	0.01055	0.01569	0.01210	0.01572	0.00937	0.00542	0.00453	0.00150	0.00507	0.00465	0.32888	0.00552
3	0.00873	0.00755	0.01165	0.10471	0.01370	0.00804	0.12469	0.01041	0.00960	0.01303	0.01993	0.02711	0.15413	0.27281	0.04761	0.00308	0.08972	0.00693	0.06190	0.00468
4	0.01789	0.01426	0.01865	0.01395	0.01829	0.01527	0.17548	0.60595	0.02150	0.02887	0.01190	0.01265	0.00852	0.00576	0.00533	0.00158	0.00630	0.00493	0.00458	0.00833
5	0.01269	0.01198	0.01371	0.01526	0.18138	0.15446	0.01005	0.01476	0.03066	0.06697	0.04085	0.08818	0.04469	0.03565	0.00874	0.00191	0.18704	0.07148	0.00341	0.00613

[dist]
# distance from previous block
# <min> <max>
5	35

[block]
# block no. 5 follows, 48 sequences, length 17
# corresponding to MSA columns:
# 341-357
name=unknown_F
#
# <colnr> <probs for GDERKNQSTAVLIFYWHMCP>
#	G	D	E	R	K	N	Q	S	T	A	V	L	I	F	Y	W	H	M	C	P
0	0.05107	0.08870	0.45627	0.12769	0.02202	0.08868	0.04683	0.01589	0.01101	0.01535	0.00926	0.02810	0.00716	0.00512	0.00476	0.00158	0.00724	0.00404	0.00235	0.00687
1	0.01247	0.07721	0.13114	0.01519	0.05438	0.08340	0.20436	0.05364	0.02981	0.01618	0.05517	0.01330	0.00985	0.00585	0.00727	0.00163	0.15523	0.00477	0.00284	0.06631
2	0.07991	0.00937	0.01495	0.60786	0.12457	0.01120	0.01319	0.01333	0.01018	0.01423	0.00935	0.01405	0.00745	0.04330	0.00595	0.00183	0.00642	0.00455	0.00242	0.00587
3	0.00658	0.00507	0.00605	0.00633	0.00751	0.00453	0.00467	0.00815	0.01197	0.01555	0.23893	0.24637	0.34270	0.01321	0.00626	0.00184	0.00279	0.06204	0.00500	0.00445
4	0.00969	0.00912	0.01539	0.80734	0.03534	0.01140	0.01425	0.01311	0.01026	0.01311	0.00912	0.01368	0.00684	0.00513	0.00513	0.00171	0.00684	0.00456	0.00228	0.00570
5	0.00969	0.00912	0.01539	0.80734	0.03534	0.01140	0.01425	0.01311	0.01026	0.01311	0.00912	0.01368	0.00684	0.00513	0.00513	0.00171	0.00684	0.00456	0.00228	0.00570
6	0.01097	0.01043	0.01770	0.47766	0.35502	0.01174	0.01489	0.01423	0.01086	0.01466	0.00935	0.01326	0.00739	0.00489	0.00511	0.00163	0.00652	0.00456	0.00239	0.00673
7	0.01165	0.01112	0.01893	0.30168	0.52568	0.01192	0.01523	0.01483	0.01119	0.01549	0.00947	0.01304	0.00768	0.00477	0.00510	0.00159	0.00635	0.00457	0.00245	0.00728
8	0.01165	0.01112	0.01893	0.30168	0.52568	0.01192	0.01523	0.01483	0.01119	0.01549	0.00947	0.01304	0.00768	0.00477	0.00510	0.00159	0.00635	0.00457	0.00245	0.00728
9	0.00933	0.00572	0.00711	0.00690	0.00801	0.00547	0.00483	0.01116	0.05001	0.11556	0.17917	0.23073	0.06997	0.24252	0.02792	0.00284	0.00387	0.00940	0.00466	0.00482
10	0.00806	0.00654	0.00975	0.28546	0.01729	0.00711	0.00814	0.01063	0.01237	0.01692	0.41192	0.08974	0.03136	0.03616	0.00646	0.00181	0.00415	0.02680	0.00430	0.00503
11	0.01393	0.00980	0.01494	0.35485	0.15915	0.01069	0.01204	0.05329	0.06527	0.19608	0.01361	0.01677	0.01019	0.00592	0.00523	0.00167	0.00579	0.03995	0.00372	0.00710
12	0.00974	0.00738	0.01024	0.04710	0.01155	0.00808	0.03675	0.01197	0.04620	0.09103	0.14891	0.23493	0.12775	0.01094	0.00822	0.00190	0.16854	0.00900	0.00437	0.00541
13	0.01222	0.01082	0.01640	0.49317	0.02841	0.01260	0.08271	0.16973	0.08904	0.01817	0.01105	0.01396	0.00818	0.00545	0.00523	0.00168	0.00649	0.00483	0.00318	0.00667
14	0.01328	0.01566	0.17683	0.05184	0.01978	0.05082	0.19324	0.19896	0.01437	0.01973	0.01040	0.01242	0.00787	0.00663	0.04556	0.00181	0.00711	0.00451	0.00319	0.14597
15	0.09047	0.01063	0.01564	0.01230	0.01577	0.01080	0.20124	0.05619	0.17731	0.05493	0.07511	0.01895	0.01419	0.00643	0.00577	0.00162	0.04274	0.05672	0.00396	0.12923
16	0.05678	0.19310	0.25713	0.01122	0.01618	0.04276	0.02828	0.08740	0.07051	0.09785	0.04390	0.01276	0.00988	0.00538	0.00454	0.00145	0.00585	0.00411	0.00338	0.04753

[dist]
# distance from previous block
# <min> <max>
50	169

[block]
# block no. 6 follows, 48 sequences, length 10
# corresponding to MSA columns:
# 564-573
name=unknown_G
#
# <colnr> <probs for GDERKNQSTAVLIFYWHMCP>
#	G	D	E	R	K	N	Q	S	T	A	V	L	I	F	Y	W	H	M	C	P
0	0.00911	0.00757	0.00900	0.00812	0.00998	0.04754	0.04505	0.02683	0.01108	0.01559	0.05214	0.29051	0.10148	0.00995	0.00587	0.00158	0.04386	0.00857	0.13293	0.16324
1	0.08713	0.01080	0.01807	0.36224	0.27621	0.01203	0.09510	0.01447	0.01068	0.01552	0.00914	0.01279	0.00724	0.00500	0.00556	0.00166	0.04270	0.00456	0.00248	0.00661
2	0.01070	0.00998	0.01673	0.28863	0.41557	0.01070	0.01357	0.01355	0.01092	0.01498	0.01232	0.13575	0.01164	0.00652	0.00532	0.00167	0.00587	0.00610	0.00279	0.00671
3	0.00969	0.00912	0.01539	0.80734	0.03534	0.01140	0.01425	0.01311	0.01026	0.01311	0.00912	0.01368	0.00684	0.00513	0.00513	0.00171	0.00684	0.00456	0.00228	0.00570
4	0.01737	0.02107	0.01505	0.13547	0.06222	0.60730	0.01090	0.04520	0.01406	0.01357	0.00836	0.01023	0.00680	0.00525	0.00475	0.00140	0.00858	0.00361	0.00267	0.00613
5	0.00726	0.00524	0.00686	0.00646	0.00767	0.00484	0.00484	0.00968	0.01452	0.02058	0.78496	0.03833	0.04841	0.01049	0.00605	0.00161	0.00242	0.00928	0.00565	0.00484
6	0.01810	0.02164	0.01483	0.01433	0.07680	0.61635	0.01020	0.06825	0.08364	0.01495	0.00951	0.01061	0.00768	0.00544	0.00475	0.00139	0.00831	0.00371	0.00303	0.00649
7	0.00867	0.00454	0.00650	0.00650	0.00650	0.00454	0.00423	0.00682	0.00682	0.00909	0.01014	0.01864	0.01056	0.15351	0.02108	0.70760	0.00454	0.00496	0.00238	0.00238
8	0.09485	0.12596	0.06502	0.09699	0.01606	0.05586	0.01046	0.01594	0.01026	0.14547	0.00959	0.01172	0.00760	0.00661	0.00898	0.00176	0.30330	0.00409	0.00304	0.00642
9	0.01484	0.04489	0.07503	0.01040	0.01443	0.01223	0.00899	0.26922	0.20900	0.07183	0.01448	0.04318	0.01117	0.00610	0.00485	0.00145	0.00485	0.00487	0.00446	0.17373

[dist]
# distance from previous block
# <min> <max>
9	147

[block]
# block no. 7 follows, 48 sequences, length 29
# corresponding to MSA columns:
# 725-753
name=unknown_H
#
# <colnr> <probs for GDERKNQSTAVLIFYWHMCP>
#	G	D	E	R	K	N	Q	S	T	A	V	L	I	F	Y	W	H	M	C	P
0	0.01208	0.02936	0.01154	0.05938	0.01341	0.09608	0.00792	0.11599	0.11562	0.03328	0.05051	0.07157	0.01424	0.03740	0.16301	0.00296	0.03403	0.02031	0.00376	0.10755
1	0.07045	0.03056	0.01868	0.05167	0.04487	0.12101	0.22044	0.19119	0.06663	0.03803	0.01087	0.01249	0.00824	0.00530	0.00545	0.00155	0.03295	0.00466	0.00348	0.06145
2	0.01331	0.01238	0.04638	0.10881	0.01639	0.12766	0.04487	0.14680	0.10380	0.06252	0.04514	0.18014	0.01575	0.00797	0.00537	0.00165	0.00554	0.00678	0.00409	0.04465
3	0.01003	0.01026	0.06557	0.40080	0.02360	0.04298	0.01124	0.04662	0.01124	0.01489	0.04614	0.13972	0.01365	0.00734	0.00560	0.00167	0.02754	0.02887	0.00310	0.08915
4	0.07201	0.04852	0.22990	0.37613	0.02471	0.01090	0.01319	0.01338	0.01047	0.01476	0.01455	0.03825	0.10031	0.00624	0.00499	0.00166	0.00617	0.00516	0.00267	0.00605
5	0.07562	0.01275	0.01435	0.05223	0.01608	0.12010	0.08691	0.16574	0.06118	0.17669	0.01271	0.01319	0.00917	0.00542	0.00479	0.00143	0.00568	0.00439	0.02330	0.13824
6	0.00851	0.00667	0.00746	0.00686	0.00877	0.00633	0.00522	0.10020	0.04986	0.01820	0.23020	0.11862	0.35513	0.01117	0.00586	0.00167	0.00308	0.00951	0.00498	0.04167
7	0.39586	0.00760	0.00730	0.00670	0.00901	0.00809	0.00536	0.01337	0.01124	0.07323	0.22809	0.02273	0.05362	0.00743	0.00448	0.00160	0.00338	0.04398	0.09154	0.00540
8	0.06887	0.31516	0.46101	0.01196	0.01809	0.01494	0.01435	0.01585	0.01054	0.01519	0.00831	0.00972	0.00647	0.00469	0.00418	0.00143	0.00658	0.00334	0.00225	0.00708
9	0.01372	0.82276	0.02689	0.00878	0.01317	0.02030	0.00878	0.01536	0.01043	0.01207	0.00713	0.00823	0.00658	0.00439	0.00329	0.00110	0.00549	0.00274	0.00219	0.00658
10	0.01372	0.82276	0.02689	0.00878	0.01317	0.02030	0.00878	0.01536	0.01043	0.01207	0.00713	0.00823	0.00658	0.00439	0.00329	0.00110	0.00549	0.00274	0.00219	0.00658
11	0.85592	0.00992	0.00754	0.00675	0.00992	0.01151	0.00556	0.01508	0.00873	0.02302	0.00714	0.00834	0.00556	0.00476	0.00318	0.00159	0.00397	0.00278	0.00318	0.00556
12	0.00746	0.00497	0.00560	0.00560	0.00560	0.00497	0.00311	0.00746	0.00746	0.00995	0.01617	0.03358	0.01865	0.81967	0.02612	0.00497	0.00497	0.00746	0.00311	0.00311
13	0.01029	0.02654	0.79309	0.01462	0.02221	0.01192	0.01896	0.01625	0.01083	0.01625	0.00921	0.01083	0.00650	0.00487	0.00487	0.00162	0.00758	0.00379	0.00217	0.00758
14	0.01951	0.01437	0.01540	0.01181	0.01591	0.01591	0.00975	0.77056	0.02412	0.03234	0.01232	0.01232	0.00873	0.00616	0.00513	0.00154	0.00565	0.00462	0.00513	0.00873
15	0.00625	0.00447	0.00595	0.00714	0.00744	0.00417	0.00476	0.00714	0.00982	0.01310	0.02828	0.81633	0.03394	0.01608	0.00655	0.00208	0.00298	0.01459	0.00476	0.00417
16	0.01840	0.02285	0.01419	0.01289	0.01556	0.70524	0.00970	0.02130	0.10570	0.01362	0.00948	0.01043	0.00769	0.00549	0.00470	0.00137	0.00863	0.00360	0.00295	0.00621
17	0.78530	0.01115	0.00813	0.00729	0.01042	0.07798	0.00592	0.01554	0.00922	0.02214	0.00721	0.00841	0.00565	0.00481	0.00330	0.00157	0.00442	0.00282	0.00313	0.00559
18	0.01270	0.01219	0.02083	0.03149	0.78767	0.01219	0.01575	0.01575	0.01168	0.01676	0.00965	0.01270	0.00813	0.00457	0.00508	0.00152	0.00610	0.00457	0.00254	0.00813
19	0.01951	0.01437	0.01540	0.01181	0.01591	0.01591	0.00975	0.77056	0.02412	0.03234	0.01232	0.01232	0.00873	0.00616	0.00513	0.00154	0.00565	0.00462	0.00513	0.00873
20	0.01951	0.01437	0.01540	0.01181	0.01591	0.01591	0.00975	0.77056	0.02412	0.03234	0.01232	0.01232	0.00873	0.00616	0.00513	0.00154	0.00565	0.00462	0.00513	0.00873
21	0.28797	0.01294	0.01288	0.01018	0.01399	0.01450	0.00841	0.52807	0.01918	0.02935	0.01066	0.01104	0.00771	0.00571	0.00450	0.00156	0.00511	0.00403	0.00450	0.00771
22	0.85592	0.00992	0.00754	0.00675	0.00992	0.01151	0.00556	0.01508	0.00873	0.02302	0.00714	0.00834	0.00556	0.00476	0.00318	0.00159	0.00397	0.00278	0.00318	0.00556
23	0.01029	0.02654	0.79309	0.01462	0.02221	0.01192	0.01896	0.01625	0.01083	0.01625	0.00921	0.01083	0.00650	0.00487	0.00487	0.00162	0.00758	0.00379	0.00217	0.00758
24	0.01275	0.59874	0.24246	0.01042	0.01571	0.01794	0.01164	0.01561	0.01054	0.01325	0.00772	0.00896	0.00656	0.00453	0.00374	0.00125	0.00608	0.00304	0.00219	0.00687
25	0.01576	0.01537	0.01305	0.06525	0.01553	0.28420	0.00926	0.22703	0.10071	0.02006	0.05308	0.01845	0.01302	0.00692	0.00515	0.00157	0.00640	0.08188	0.04061	0.00671
26	0.05277	0.01758	0.01283	0.05245	0.01510	0.45141	0.00908	0.08607	0.03802	0.04602	0.10266	0.01708	0.01379	0.00665	0.00501	0.00150	0.00711	0.05516	0.00359	0.00613
27	0.17100	0.01183	0.01255	0.01095	0.01276	0.14050	0.04748	0.01472	0.01048	0.08928	0.01347	0.11635	0.04175	0.00827	0.00865	0.00184	0.25677	0.02220	0.00337	0.00577
28	0.01870	0.01291	0.01368	0.01118	0.03368	0.09926	0.00883	0.34579	0.01820	0.23531	0.05805	0.01475	0.01171	0.00625	0.00540	0.00150	0.02991	0.00478	0.00492	0.06519

[dist]
# distance from previous block
# <min> <max>
4	45

[block]
# block no. 8 follows, 48 sequences, length 8
# corresponding to MSA columns:
# 802-809
name=unknown_I
#
# <colnr> <probs for GDERKNQSTAVLIFYWHMCP>
#	G	D	E	R	K	N	Q	S	T	A	V	L	I	F	Y	W	H	M	C	P
0	0.07145	0.01227	0.01334	0.33894	0.02256	0.13527	0.01075	0.01952	0.28848	0.01674	0.01305	0.01459	0.00990	0.00579	0.00495	0.00165	0.00601	0.00469	0.00346	0.00660
1	0.00625	0.00447	0.00595	0.00714	0.00744	0.00417	0.00476	0.00714	0.00982	0.01310	0.02828	0.81633	0.03394	0.01608	0.00655	0.00208	0.00298	0.01459	0.00476	0.00417
2	0.01088	0.01065	0.01823	0.42266	0.20520	0.01242	0.09168	0.01394	0.01040	0.01418	0.00900	0.01309	0.00722	0.00552	0.00705	0.00175	0.13269	0.00471	0.00237	0.00637
3	0.01401	0.01410	0.01137	0.01035	0.01259	0.29416	0.00777	0.17305	0.01460	0.01720	0.01625	0.29988	0.01694	0.00924	0.00537	0.00160	0.00586	0.00762	0.00396	0.06410
4	0.01583	0.01685	0.01710	0.01382	0.01722	0.31265	0.18110	0.16170	0.09626	0.01863	0.03765	0.01456	0.03730	0.00587	0.00518	0.00152	0.00723	0.00494	0.02779	0.00680
5	0.01362	0.01088	0.04220	0.01414	0.18788	0.04771	0.00936	0.05381	0.15270	0.15541	0.09802	0.02132	0.10663	0.00700	0.00523	0.00156	0.00468	0.00595	0.00443	0.05747
6	0.06865	0.00996	0.01069	0.03918	0.01272	0.06620	0.00746	0.06857	0.21051	0.15764	0.19059	0.02209	0.02053	0.00823	0.02651	0.00179	0.00459	0.03037	0.00492	0.03881
7	0.06854	0.04514	0.19095	0.01236	0.01657	0.23776	0.05025	0.13064	0.08109	0.05259	0.04094	0.01339	0.02600	0.00576	0.00486	0.00152	0.00678	0.00439	0.00347	0.00701

[dist]
# distance from previous block
# <min> <max>
17	103

[block]
# block no. 9 follows, 48 sequences, length 10
# corresponding to MSA columns:
# 951-956,958-961
name=unknown_J
#
# <colnr> <probs for GDERKNQSTAVLIFYWHMCP>
#	G	D	E	R	K	N	Q	S	T	A	V	L	I	F	Y	W	H	M	C	P
0	0.01193	0.40756	0.42644	0.01183	0.01788	0.01593	0.01409	0.01583	0.01064	0.01425	0.00822	0.00959	0.00654	0.00464	0.00412	0.00137	0.00658	0.00329	0.00218	0.00711
1	0.05581	0.08302	0.58062	0.01341	0.01997	0.03482	0.01615	0.10687	0.01239	0.01812	0.00929	0.01065	0.00673	0.00500	0.00469	0.00157	0.00705	0.00375	0.00259	0.00750
2	0.26395	0.07089	0.12492	0.00857	0.01182	0.13025	0.00793	0.03517	0.01107	0.01871	0.01063	0.01223	0.00833	0.00524	0.00383	0.00140	0.00498	0.00367	0.26057	0.00584
3	0.01360	0.51432	0.07634	0.00962	0.01358	0.16767	0.00913	0.01545	0.01140	0.01268	0.01282	0.01356	0.10018	0.00563	0.00399	0.00125	0.00601	0.00390	0.00259	0.00626
4	0.01221	0.47153	0.36488	0.01136	0.01716	0.01660	0.01327	0.01575	0.01061	0.01391	0.00805	0.00938	0.00655	0.00460	0.00399	0.00133	0.00641	0.00321	0.00218	0.00703
