[name]
unknown

[dist]
# distance from previous block
# <min> <max>
6	26

[block]
# block no. 0 follows, 48 sequences, length 6
# corresponding to MSA columns:
# 202-207
name=unknown_A
#
# <colnr> <probs for GDERKNQSTAVLIFYWHMCP>
#	G	D	E	R	K	N	Q	S	T	A	V	L	I	F	Y	W	H	M	C	P
0	0.01224	0.01156	0.01663	0.14428	0.33583	0.05464	0.04609	0.06636	0.07502	0.01707	0.01307	0.05889	0.03700	0.00585	0.00512	0.00154	0.00580	0.00530	0.00315	0.08457
1	0.01233	0.00903	0.01152	0.01264	0.15574	0.00909	0.00830	0.12166	0.11607	0.09961	0.02472	0.07986	0.18253	0.00866	0.00547	0.00167	0.00427	0.06189	0.04494	0.03000
2	0.01329	0.01248	0.01225	0.14535	0.04637	0.19197	0.00909	0.16309	0.03571	0.01879	0.13619	0.08352	0.01737	0.00746	0.00523	0.00158	0.00568	0.02764	0.06078	0.00616
3	0.05599	0.00648	0.00808	0.03721	0.00972	0.00680	0.00587	0.12049	0.01097	0.01532	0.01817	0.35977	0.01992	0.04059	0.05761	0.20510	0.00463	0.00890	0.00386	0.00450
4	0.14889	0.01275	0.01152	0.01065	0.06444	0.17762	0.00775	0.13635	0.01364	0.05033	0.03417	0.05092	0.01053	0.00581	0.00441	0.00136	0.00523	0.00441	0.09223	0.15699
5	0.11292	0.00842	0.01032	0.04278	0.04093	0.00855	0.00724	0.06550	0.09904	0.24320	0.19747	0.06202	0.02161	0.02830	0.00579	0.00174	0.00404	0.02830	0.00509	0.00674

[dist]
# distance from previous block
# <min> <max>
13	22

[block]
# block no. 1 follows, 48 sequences, length 71
# corresponding to MSA columns:
# 230-300
name=unknown_B
#
# <colnr> <probs for GDERKNQSTAVLIFYWHMCP>
#	G	D	E	R	K	N	Q	S	T	A	V	L	I	F	Y	W	H	M	C	P
0	0.07457	0.00964	0.01062	0.00889	0.01160	0.02432	0.00702	0.28627	0.01664	0.13702	0.16573	0.10837	0.06967	0.03860	0.00616	0.00176	0.00427	0.00703	0.00509	0.00672
1	0.01074	0.00875	0.01110	0.03886	0.01268	0.02846	0.08924	0.12546	0.08004	0.05984	0.04290	0.12695	0.32402	0.01000	0.00579	0.00173	0.00431	0.00865	0.00458	0.00592
2	0.06685	0.01233	0.10997	0.09239	0.11416	0.01076	0.01077	0.11157	0.09003	0.27511	0.01517	0.01516	0.02536	0.00585	0.00499	0.00159	0.00529	0.00478	0.00440	0.02348
3	0.01278	0.01122	0.01793	0.13626	0.33107	0.01208	0.07858	0.09940	0.04128	0.05050	0.01100	0.01396	0.00881	0.00860	0.08333	0.00229	0.06578	0.00486	0.00306	0.00723
4	0.01402	0.00917	0.01483	0.52430	0.02795	0.01023	0.04011	0.01702	0.01174	0.26074	0.01270	0.01489	0.00874	0.00549	0.00517	0.00167	0.00612	0.00481	0.00359	0.00671
5	0.01930	0.02060	0.01487	0.01268	0.01588	0.49967	0.00985	0.30724	0.01820	0.02012	0.00961	0.01043	0.00742	0.00562	0.00482	0.00141	0.00787	0.00381	0.00360	0.00701
6	0.01170	0.15816	0.47211	0.06122	0.02048	0.01385	0.04180	0.07175	0.03417	0.01651	0.00935	0.01104	0.00702	0.00514	0.00526	0.00157	0.04517	0.00389	0.00251	0.00728
7	0.00625	0.00447	0.00595	0.00714	0.00744	0.00417	0.00476	0.00714	0.00982	0.01310	0.02828	0.81633	0.03394	0.01608	0.00655	0.00208	0.00298	0.01459	0.00476	0.00417
8	0.00746	0.00497	0.00560	0.00560	0.00560	0.00497	0.00311	0.00746	0.00746	0.00995	0.01617	0.03358	0.01865	0.81967	0.02612	0.00497	0.00497	0.00746	0.00311	0.00311
9	0.01690	0.13283	0.01567	0.01123	0.01468	0.20840	0.00911	0.24180	0.22485	0.05407	0.01316	0.01305	0.00995	0.00591	0.00477	0.00148	0.00603	0.00437	0.00417	0.00757
10	0.01248	0.11667	0.31070	0.01552	0.03473	0.01242	0.26100	0.01663	0.01157	0.09752	0.01154	0.05565	0.00909	0.00539	0.00519	0.00161	0.00706	0.00514	0.00290	0.00719
11	0.01029	0.02654	0.79309	0.01462	0.02221	0.01192	0.01896	0.01625	0.01083	0.01625	0.00921	0.01083	0.00650	0.00487	0.00487	0.00162	0.00758	0.00379	0.00217	0.00758
12	0.01215	0.01343	0.02823	0.04343	0.16083	0.01280	0.61728	0.01623	0.01199	0.01641	0.01022	0.01364	0.00782	0.00439	0.00586	0.00169	0.00815	0.00576	0.00258	0.00710
13	0.03557	0.01050	0.01608	0.47294	0.20750	0.05302	0.03671	0.01383	0.01088	0.01436	0.01167	0.04265	0.04143	0.00569	0.00515	0.00166	0.00645	0.00511	0.00259	0.00620
14	0.01055	0.00910	0.01517	0.75608	0.03391	0.01115	0.01382	0.01387	0.01054	0.06308	0.00983	0.01392	0.00722	0.00521	0.00513	0.00170	0.00668	0.00460	0.00254	0.00589
15	0.01211	0.01384	0.03028	0.02163	0.02682	0.01298	0.76903	0.01644	0.01211	0.01644	0.01038	0.01384	0.00779	0.00433	0.00606	0.00173	0.00865	0.00606	0.00260	0.00692
16	0.01048	0.01018	0.01800	0.58579	0.16313	0.01171	0.09978	0.01394	0.01071	0.01411	0.00935	0.01353	0.00717	0.00494	0.00523	0.00168	0.00692	0.00473	0.00236	0.00625
17	0.01201	0.35658	0.45698	0.01207	0.01825	0.01530	0.01447	0.01609	0.01075	0.03248	0.00860	0.00991	0.00668	0.00471	0.00422	0.00141	0.00664	0.00339	0.00228	0.00720
18	0.01812	0.01350	0.01439	0.07624	0.04054	0.22682	0.07063	0.04349	0.01397	0.32925	0.01527	0.03193	0.01158	0.00652	0.00525	0.00160	0.00636	0.06300	0.00439	0.00716
19	0.00702	0.00524	0.00652	0.00620	0.00752	0.00474	0.00465	0.00921	0.01395	0.01921	0.63579	0.04058	0.19844	0.01100	0.00605	0.00164	0.00246	0.00959	0.00547	0.00474
20	0.85592	0.00992	0.00754	0.00675	0.00992	0.01151	0.00556	0.01508	0.00873	0.02302	0.00714	0.00834	0.00556	0.00476	0.00318	0.00159	0.00397	0.00278	0.00318	0.00556
21	0.00969	0.00912	0.01539	0.80734	0.03534	0.01140	0.01425	0.01311	0.01026	0.01311	0.00912	0.01368	0.00684	0.00513	0.00513	0.00171	0.00684	0.00456	0.00228	0.00570
22	0.00618	0.00518	0.00537	0.00536	0.00701	0.00437	0.00401	0.00757	0.01191	0.01446	0.11941	0.06795	0.69796	0.01284	0.00608	0.00173	0.00259	0.01078	0.00485	0.00437
23	0.01097	0.18437	0.64121	0.01347	0.02042	0.01358	0.01694	0.01607	0.01075	0.01542	0.00880	0.01032	0.00652	0.00478	0.00456	0.00152	0.00717	0.00358	0.00217	0.00739
24	0.01251	0.01199	0.02048	0.08132	0.73935	0.01214	0.01565	0.01558	0.01159	0.01653	0.00962	0.01276	0.00804	0.00461	0.00508	0.00154	0.00614	0.00457	0.00252	0.00797
25	0.00606	0.00520	0.00520	0.00520	0.00693	0.00433	0.00390	0.00736	0.01170	0.01386	0.05198	0.04938	0.78558	0.01299	0.00606	0.00173	0.00260	0.01083	0.00476	0.00433
26	0.01029	0.02654	0.79309	0.01462	0.02221	0.01192	0.01896	0.01625	0.01083	0.01625	0.00921	0.01083	0.00650	0.00487	0.00487	0.00162	0.00758	0.00379	0.00217	0.00758
27	0.00711	0.00524	0.00665	0.00629	0.00757	0.00478	0.00472	0.00939	0.01416	0.01972	0.69130	0.03974	0.14261	0.01081	0.00605	0.00163	0.00244	0.00948	0.00554	0.00478
28	0.00969	0.00912	0.01539	0.80734	0.03534	0.01140	0.01425	0.01311	0.01026	0.01311	0.00912	0.01368	0.00684	0.00513	0.00513	0.00171	0.00684	0.00456	0.00228	0.00570
29	0.00733	0.00550	0.00825	0.00825	0.00916	0.00641	0.00641	0.00916	0.00825	0.01191	0.01374	0.02016	0.01283	0.03848	0.79934	0.00825	0.01374	0.00550	0.00275	0.00458
30	0.00623	0.00454	0.00588	0.00696	0.00739	0.00418	0.00468	0.00717	0.01000	0.01317	0.03054	0.74334	0.10547	0.01578	0.00650	0.00205	0.00294	0.01423	0.00476	0.00418
31	0.85592	0.00992	0.00754	0.00675	0.00992	0.01151	0.00556	0.01508	0.00873	0.02302	0.00714	0.00834	0.00556	0.00476	0.00318	0.00159	0.00397	0.00278	0.00318	0.00556
32	0.00706	0.00525	0.00666	0.00744	0.00811	0.00517	0.00514	0.00958	0.09390	0.01474	0.10110	0.65390	0.03336	0.01454	0.00636	0.00200	0.00304	0.01311	0.00490	0.00466
33	0.01064	0.00912	0.01064	0.00760	0.01216	0.00684	0.00608	0.01292	0.01064	0.01672	0.00912	0.01064	0.00760	0.00380	0.00380	0.00076	0.00380	0.00304	0.00304	0.85104
34	0.01152	0.01938	0.38001	0.01858	0.16347	0.03865	0.13890	0.01619	0.03475	0.01594	0.00950	0.01192	0.00733	0.00531	0.00658	0.00169	0.10614	0.00444	0.00243	0.00730
35	0.01432	0.73623	0.02560	0.00919	0.01346	0.06698	0.00889	0.05161	0.01133	0.01307	0.00743	0.00849	0.00669	0.00453	0.00346	0.00113	0.00572	0.00287	0.00236	0.00665
36	0.01067	0.04806	0.05739	0.00884	0.01141	0.00950	0.00738	0.04565	0.30650	0.03855	0.36274	0.02646	0.02908	0.00826	0.00548	0.00163	0.00367	0.00704	0.00511	0.00658
37	0.01305	0.01117	0.01176	0.01050	0.01345	0.01290	0.00819	0.05911	0.74608	0.02193	0.02052	0.01885	0.01537	0.00693	0.00522	0.00173	0.00413	0.00575	0.00522	0.00815
38	0.00629	0.00448	0.00594	0.00710	0.00739	0.00419	0.00471	0.00715	0.00975	0.01301	0.02792	0.79332	0.03349	0.03969	0.00712	0.00217	0.00304	0.01438	0.00471	0.00414
39	0.00890	0.00564	0.00719	0.00678	0.00835	0.00509	0.00520	0.01096	0.01355	0.10905	0.46518	0.09090	0.17372	0.01106	0.00605	0.00171	0.00287	0.05720	0.00545	0.00515
40	0.00821	0.00587	0.00818	0.00927	0.01045	0.00584	0.00806	0.01057	0.01198	0.01567	0.07279	0.05670	0.03067	0.01395	0.00702	0.00232	0.00459	0.70835	0.00478	0.00473
41	0.01917	0.02445	0.01454	0.01322	0.01586	0.79907	0.00991	0.02049	0.01454	0.01256	0.00793	0.00925	0.00661	0.00529	0.00463	0.00132	0.00925	0.00330	0.00264	0.00595
42	0.02666	0.01203	0.01634	0.36874	0.15109	0.09311	0.04498	0.10998	0.01319	0.09893	0.01069	0.01322	0.00791	0.00527	0.00508	0.00160	0.00659	0.00454	0.00317	0.00687
43	0.13190	0.15207	0.17849	0.01171	0.01537	0.25001	0.01106	0.03032	0.01135	0.01503	0.00808	0.00998	0.00671	0.00663	0.03326	0.00175	0.11395	0.00350	0.00254	0.00630
44	0.00623	0.00487	0.00566	0.00627	0.00730	0.00431	0.00446	0.00737	0.01080	0.01355	0.03982	0.41637	0.40105	0.01451	0.00633	0.00192	0.00285	0.03731	0.00476	0.00427
45	0.01951	0.01437	0.01540	0.01181	0.01591	0.01591	0.00975	0.77056	0.02412	0.03234	0.01232	0.01232	0.00873	0.00616	0.00513	0.00154	0.00565	0.00462	0.00513	0.00873
46	0.01276	0.01102	0.01160	0.01044	0.01334	0.01276	0.00812	0.02727	0.77840	0.02146	0.02088	0.01914	0.01566	0.00696	0.00522	0.00174	0.00406	0.00580	0.00522	0.00812
47	0.01064	0.00912	0.01064	0.00760	0.01216	0.00684	0.00608	0.01292	0.01064	0.01672	0.00912	0.01064	0.00760	0.00380	0.00380	0.00076	0.00380	0.00304	0.00304	0.85104
48	0.00745	0.00552	0.00771	0.00768	0.00830	0.00626	0.00564	0.00874	0.00809	0.01146	0.01476	0.05750	0.01506	0.24278	0.53383	0.00691	0.03881	0.00637	0.00291	0.00421
49	0.01743	0.27838	0.01847	0.01181	0.01501	0.55136	0.00955	0.01886	0.01323	0.01240	0.00768	0.00893	0.00660	0.00500	0.00420	0.00125	0.00806	0.00313	0.00250	0.00615
50	0.00956	0.00478	0.00478	0.00478	0.00598	0.00478	0.00359	0.01196	0.01076	0.01913	0.01674	0.01913	0.01315	0.00598	0.00359	0.00120	0.00239	0.00478	0.84816	0.00478
51	0.02302	0.00873	0.01191	0.00913	0.01310	0.00754	0.00754	0.02501	0.01469	0.79122	0.02024	0.01746	0.01270	0.00635	0.00516	0.00159	0.00437	0.00516	0.00635	0.00873
52	0.01157	0.01258	0.02596	0.21119	0.08806	0.01254	0.52907	0.01558	0.01163	0.01566	0.01002	0.01371	0.00758	0.00454	0.00576	0.00171	0.00802	0.00558	0.00252	0.00672
53	0.01123	0.01123	0.01572	0.01347	0.01347	0.01572	0.01123	0.01235	0.00786	0.01235	0.00674	0.01123	0.00674	0.00898	0.01684	0.00225	0.81028	0.00449	0.00225	0.00561
54	0.00617	0.00477	0.00564	0.00635	0.00723	0.00423	0.00441	0.00723	0.01059	0.01341	0.03798	0.50245	0.34155	0.01481	0.00635	0.00194	0.00282	0.01305	0.00476	0.00423
55	0.33699	0.01268	0.01242	0.00989	0.01364	0.01424	0.00816	0.48379	0.01828	0.02880	0.01035	0.01081	0.00752	0.00563	0.00439	0.00156	0.00501	0.00392	0.00439	0.00752
56	0.03553	0.11611	0.68334	0.01373	0.02082	0.01285	0.01741	0.01612	0.01073	0.01598	0.00891	0.01047	0.00648	0.00482	0.00465	0.00156	0.00724	0.00364	0.00220	0.00741
57	0.41166	0.01087	0.01228	0.01467	0.24229	0.02709	0.00892	0.09605	0.01142	0.02077	0.01071	0.01323	0.03646	0.05751	0.00556	0.00178	0.00490	0.00412	0.00324	0.00647
58	0.00948	0.00870	0.01219	0.01097	0.01137	0.01149	0.00890	0.01084	0.00833	0.01246	0.01247	0.06433	0.04738	0.01837	0.24955	0.00399	0.46966	0.00571	0.01868	0.00514
59	0.00940	0.00504	0.00550	0.00595	0.02984	0.00502	0.00425	0.01172	0.01078	0.01852	0.01772	0.06877	0.01503	0.00693	0.00398	0.00131	0.00265	0.04098	0.73176	0.00484
60	0.01155	0.01126	0.01988	0.31016	0.43516	0.01199	0.09566	0.01487	0.01122	0.01541	0.00954	0.01317	0.00763	0.00475	0.00520	0.00161	0.00664	0.00473	0.00245	0.00712
61	0.00976	0.00939	0.01675	0.44369	0.05257	0.01041	0.17025	0.01287	0.01057	0.01380	0.01353	0.01968	0.05615	0.07025	0.03172	0.00220	0.00691	0.04113	0.00270	0.00567
62	0.01939	0.01405	0.01514	0.01166	0.01572	0.01550	0.00962	0.71743	0.05089	0.05884	0.01291	0.01275	0.00912	0.00620	0.00514	0.00155	0.00554	0.00468	0.00518	0.00870
63	0.02182	0.00847	0.01152	0.00893	0.01269	0.00734	0.00734	0.02384	0.01467	0.73262	0.07839	0.01905	0.01542	0.00667	0.00523	0.00159	0.00422	0.00547	0.00630	0.00844
64	0.00637	0.00456	0.00606	0.00706	0.00747	0.00425	0.00477	0.00745	0.01038	0.01399	0.11841	0.72366	0.03566	0.01541	0.00649	0.00203	0.00291	0.01395	0.00487	0.00425
65	0.02288	0.00897	0.01205	0.00924	0.01321	0.00789	0.00763	0.05589	0.01508	0.75978	0.01991	0.01725	0.01254	0.00634	0.00516	0.00159	0.00442	0.00514	0.00630	0.00873
66	0.00630	0.00455	0.00597	0.00701	0.00743	0.00422	0.00473	0.00731	0.01020	0.01358	0.07496	0.73299	0.07058	0.01559	0.00650	0.00204	0.00293	0.01409	0.00482	0.00422
67	0.00695	0.00553	0.00706	0.00810	0.06662	0.00502	0.00531	0.00858	0.01195	0.01572	0.24465	0.26114	0.30946	0.01254	0.00612	0.00178	0.00292	0.01099	0.00484	0.00471
68	0.01441	0.72210	0.02533	0.00934	0.01351	0.11850	0.00892	0.01601	0.01094	0.01213	0.00723	0.00836	0.00659	0.00450	0.00346	0.00113	0.00596	0.00281	0.00225	0.00650
69	0.60508	0.01397	0.00967	0.00864	0.01171	0.22334	0.00686	0.03995	0.01077	0.02050	0.00752	0.00871	0.00594	0.00495	0.00363	0.00151	0.00544	0.00298	0.00309	0.00576
70	0.01633	0.01743	0.05286	0.01648	0.17722	0.29165	0.01141	0.21075	0.04290	0.01896	0.01008	0.01171	0.00803	0.00685	0.03510	0.00176	0.05580	0.00417	0.00331	0.00720

[dist]
# distance from previous block
# <min> <max>
0	1

[block]
# block no. 2 follows, 48 sequences, length 63
# corresponding to MSA columns:
# 302-364
name=unknown_C
#
# <colnr> <probs for GDERKNQSTAVLIFYWHMCP>
#	G	D	E	R	K	N	Q	S	T	A	V	L	I	F	Y	W	H	M	C	P
0	0.01132	0.00912	0.01184	0.00882	0.01308	0.00722	0.05837	0.01372	0.01111	0.06614	0.01157	0.01561	0.00994	0.00495	0.00434	0.00103	0.00425	0.07185	0.00338	0.66236
1	0.00891	0.00446	0.00668	0.00668	0.00668	0.00446	0.00446	0.00668	0.00668	0.00891	0.00891	0.01560	0.00891	0.01783	0.02005	0.85071	0.00446	0.00446	0.00223	0.00223
2	0.01372	0.82276	0.02689	0.00878	0.01317	0.02030	0.00878	0.01536	0.01043	0.01207	0.00713	0.00823	0.00658	0.00439	0.00329	0.00110	0.00549	0.00274	0.00219	0.00658
3	0.00806	0.00578	0.00802	0.00914	0.01028	0.00573	0.00787	0.01030	0.01173	0.01527	0.04237	0.10901	0.04648	0.01421	0.00701	0.00232	0.00452	0.67248	0.00475	0.00468
4	0.01079	0.01063	0.01562	0.23924	0.01969	0.01449	0.01209	0.01257	0.00854	0.01257	0.00741	0.01192	0.00677	0.00789	0.01351	0.00209	0.58179	0.00451	0.00226	0.00564
5	0.00969	0.00912	0.01539	0.80734	0.03534	0.01140	0.01425	0.01311	0.01026	0.01311	0.00912	0.01368	0.00684	0.00513	0.00513	0.00171	0.00684	0.00456	0.00228	0.00570
6	0.01064	0.00912	0.01064	0.00760	0.01216	0.00684	0.00608	0.01292	0.01064	0.01672	0.00912	0.01064	0.00760	0.00380	0.00380	0.00076	0.00380	0.00304	0.00304	0.85104
7	0.00625	0.00447	0.00595	0.00714	0.00744	0.00417	0.00476	0.00714	0.00982	0.01310	0.02828	0.81633	0.03394	0.01608	0.00655	0.00208	0.00298	0.01459	0.00476	0.00417
8	0.01156	0.01459	0.17695	0.17247	0.07666	0.01171	0.26874	0.01655	0.07477	0.03927	0.01090	0.01340	0.00815	0.00484	0.00528	0.00161	0.00699	0.00490	0.00281	0.07784
9	0.01221	0.28283	0.48804	0.01243	0.01872	0.01461	0.01491	0.04405	0.01133	0.04399	0.00906	0.01029	0.00684	0.00482	0.00438	0.00145	0.00672	0.00353	0.00244	0.00734
10	0.01902	0.01465	0.01510	0.01166	0.01571	0.05889	0.00957	0.68900	0.02288	0.03042	0.01191	0.01206	0.00855	0.00599	0.00503	0.00149	0.00575	0.00446	0.00488	0.05297
11	0.00956	0.00478	0.00478	0.00478	0.00598	0.00478	0.00359	0.01196	0.01076	0.01913	0.01674	0.01913	0.01315	0.00598	0.00359	0.00120	0.00239	0.00478	0.84816	0.00478
12	0.01276	0.01102	0.01160	0.01044	0.01334	0.01276	0.00812	0.02727	0.77840	0.02146	0.02088	0.01914	0.01566	0.00696	0.00522	0.00174	0.00406	0.00580	0.00522	0.00812
13	0.00625	0.00449	0.00593	0.00709	0.00743	0.00417	0.00474	0.00715	0.00987	0.01312	0.02892	0.79559	0.05426	0.01599	0.00654	0.00207	0.00297	0.01449	0.00476	0.00417
14	0.01194	0.01500	0.09990	0.02099	0.02640	0.01288	0.70057	0.01642	0.01199	0.01642	0.01027	0.01357	0.00767	0.00438	0.00595	0.00172	0.00855	0.00585	0.00256	0.00698
15	0.00625	0.00447	0.00595	0.00714	0.00744	0.00417	0.00476	0.00714	0.00982	0.01310	0.02828	0.81633	0.03394	0.01608	0.00655	0.00208	0.00298	0.01459	0.00476	0.00417
16	0.00641	0.00459	0.00610	0.00703	0.00748	0.00428	0.00478	0.00755	0.01057	0.01429	0.14892	0.69229	0.03624	0.01518	0.00647	0.00201	0.00289	0.01374	0.00490	0.00428
17	0.01758	0.02163	0.01444	0.01297	0.01533	0.63449	0.00990	0.01966	0.05800	0.01313	0.00855	0.01012	0.00717	0.00584	0.00624	0.00146	0.11371	0.00360	0.00275	0.02343
18	0.00746	0.00497	0.00560	0.00560	0.00560	0.00497	0.00311	0.00746	0.00746	0.00995	0.01617	0.03358	0.01865	0.81967	0.02612	0.00497	0.00497	0.00746	0.00311	0.00311
19	0.01287	0.01264	0.01374	0.13864	0.01766	0.12408	0.03760	0.02148	0.40935	0.01744	0.01519	0.01651	0.01188	0.00673	0.00662	0.00175	0.10432	0.02058	0.00392	0.00701
20	0.01324	0.00957	0.01085	0.00893	0.01158	0.01003	0.00713	0.36471	0.01884	0.04190	0.36670	0.02639	0.07124	0.00853	0.00561	0.00159	0.00398	0.00711	0.00537	0.00671
21	0.01691	0.01150	0.01432	0.01331	0.13740	0.01125	0.00931	0.30067	0.01673	0.18564	0.01275	0.01304	0.00918	0.00535	0.00479	0.00135	0.00498	0.00432	0.00444	0.22276
22	0.01245	0.33066	0.42838	0.01213	0.01817	0.01550	0.01422	0.08476	0.01189	0.01612	0.00870	0.00997	0.00674	0.00481	0.00429	0.00141	0.00660	0.00347	0.00245	0.00730
23	0.01098	0.00942	0.01079	0.00805	0.01235	0.00778	0.00641	0.01521	0.13304	0.01748	0.01100	0.01200	0.00889	0.00430	0.00403	0.00092	0.00384	0.00348	0.00339	0.71666
24	0.01027	0.00986	0.01358	0.01184	0.01202	0.01334	0.00967	0.01135	0.00811	0.01220	0.01115	0.01646	0.06131	0.08522	0.06905	0.00286	0.62870	0.00526	0.00253	0.00523
25	0.06692	0.00604	0.00735	0.00694	0.00854	0.00574	0.00525	0.01126	0.01250	0.12204	0.31976	0.19074	0.17225	0.01108	0.00614	0.00174	0.02585	0.00949	0.00514	0.00521
26	0.01119	0.00613	0.00803	0.00705	0.00900	0.00549	0.00547	0.01342	0.01438	0.21582	0.54277	0.03375	0.08763	0.00960	0.00583	0.00161	0.00293	0.00833	0.00577	0.00580
27	0.01917	0.02445	0.01454	0.01322	0.01586	0.79907	0.00991	0.02049	0.01454	0.01256	0.00793	0.00925	0.00661	0.00529	0.00463	0.00132	0.00925	0.00330	0.00264	0.00595
28	0.01215	0.01332	0.09144	0.10295	0.59451	0.01214	0.06723	0.01559	0.01150	0.01635	0.00961	0.01270	0.00783	0.00464	0.00513	0.00156	0.00648	0.00460	0.00248	0.00777
29	0.02104	0.00878	0.01160	0.00909	0.01279	0.00792	0.00744	0.04093	0.07109	0.66145	0.07563	0.01899	0.01542	0.00669	0.00523	0.00160	0.00423	0.00549	0.00619	0.00840
30	0.00745	0.00502	0.00584	0.00584	0.00592	0.00511	0.00341	0.00762	0.00753	0.01013	0.01595	0.03235	0.01812	0.74837	0.09669	0.00527	0.00577	0.00728	0.00308	0.00324
31	0.00891	0.00446	0.00668	0.00668	0.00668	0.00446	0.00446	0.00668	0.00668	0.00891	0.00891	0.01560	0.00891	0.01783	0.02005	0.85071	0.00446	0.00446	0.00223	0.00223
32	0.00969	0.00912	0.01539	0.80734	0.03534	0.01140	0.01425	0.01311	0.01026	0.01311	0.00912	0.01368	0.00684	0.00513	0.00513	0.00171	0.00684	0.00456	0.00228	0.00570
33	0.01484	0.01205	0.01277	0.01086	0.01413	0.01373	0.00862	0.25618	0.54610	0.02481	0.01825	0.01704	0.01353	0.00671	0.00519	0.00168	0.00455	0.00544	0.00519	0.00831
34	0.00956	0.00478	0.00478	0.00478	0.00598	0.00478	0.00359	0.01196	0.01076	0.01913	0.01674	0.01913	0.01315	0.00598	0.00359	0.00120	0.00239	0.00478	0.84816	0.00478
35	0.01951	0.01437	0.01540	0.01181	0.01591	0.01591	0.00975	0.77056	0.02412	0.03234	0.01232	0.01232	0.00873	0.00616	0.00513	0.00154	0.00565	0.00462	0.00513	0.00873
36	0.00746	0.00497	0.00560	0.00560	0.00560	0.00497	0.00311	0.00746	0.00746	0.00995	0.01617	0.03358	0.01865	0.81967	0.02612	0.00497	0.00497	0.00746	0.00311	0.00311
37	0.00730	0.00529	0.00709	0.00805	0.00898	0.00508	0.00641	0.00905	0.01129	0.01479	0.08146	0.32013	0.10136	0.01448	0.00674	0.00216	0.00376	0.37726	0.00480	0.00450
38	0.00634	0.00454	0.00604	0.00708	0.00746	0.00423	0.00477	0.00738	0.01025	0.01378	0.09735	0.74531	0.03526	0.01557	0.00650	0.00204	0.00293	0.01410	0.00484	0.00423
39	0.85592	0.00992	0.00754	0.00675	0.00992	0.01151	0.00556	0.01508	0.00873	0.02302	0.00714	0.00834	0.00556	0.00476	0.00318	0.00159	0.00397	0.00278	0.00318	0.00556
40	0.15572	0.00907	0.01130	0.00882	0.01266	0.00839	0.00728	0.04257	0.01398	0.64926	0.01795	0.01588	0.01146	0.00609	0.00484	0.00159	0.00434	0.00477	0.00581	0.00823
41	0.01556	0.00710	0.00940	0.00777	0.01050	0.00624	0.00620	0.01765	0.01435	0.43122	0.30997	0.02820	0.09664	0.00851	0.00558	0.00161	0.00348	0.00722	0.00594	0.00687
42	0.00625	0.00447	0.00595	0.00714	0.00744	0.00417	0.00476	0.00714	0.00982	0.01310	0.02828	0.81633	0.03394	0.01608	0.00655	0.00208	0.00298	0.01459	0.00476	0.00417
43	0.01349	0.01801	0.19621	0.01676	0.02154	0.12755	0.32452	0.09915	0.04060	0.01744	0.01008	0.01233	0.00763	0.00522	0.00624	0.00166	0.06676	0.00487	0.00285	0.00707
44	0.01485	0.01251	0.01529	0.31010	0.14119	0.13144	0.01191	0.09160	0.06553	0.13769	0.01187	0.01369	0.00871	0.00548	0.00506	0.00159	0.00640	0.00455	0.00349	0.00705
45	0.01734	0.01032	0.01203	0.00970	0.01303	0.01066	0.00784	0.26705	0.14510	0.27348	0.13854	0.01940	0.01755	0.00704	0.00526	0.00159	0.00438	0.00573	0.02604	0.00792
46	0.00746	0.00497	0.00560	0.00560	0.00560	0.00497	0.00311	0.00746	0.00746	0.00995	0.01617	0.03358	0.01865	0.81967	0.02612	0.00497	0.00497	0.00746	0.00311	0.00311
47	0.01296	0.01219	0.02014	0.04462	0.70941	0.01237	0.01516	0.05147	0.03971	0.01759	0.01017	0.01293	0.00840	0.00474	0.00509	0.00154	0.00602	0.00462	0.00275	0.00811
48	0.01207	0.27008	0.17555	0.01024	0.01534	0.01272	0.04666	0.03060	0.02391	0.03028	0.00905	0.01038	0.00732	0.00438	0.00404	0.00114	0.00539	0.00336	0.00272	0.32477
49	0.01168	0.16539	0.56274	0.01334	0.01991	0.01350	0.03227	0.04451	0.04187	0.03509	0.00971	0.01098	0.00714	0.00494	0.00465	0.00153	0.00695	0.00380	0.00251	0.00748
50	0.02220	0.00899	0.01196	0.00921	0.01309	0.00801	0.00759	0.07525	0.01532	0.71114	0.04785	0.01788	0.01375	0.00649	0.00519	0.00159	0.00438	0.00527	0.00624	0.00859
51	0.38811	0.04411	0.01287	0.04875	0.05709	0.22441	0.03016	0.01620	0.01059	0.01753	0.00763	0.00957	0.00629	0.00539	0.00548	0.00158	0.10216	0.00340	0.00279	0.00590
52	0.00637	0.00461	0.00587	0.00678	0.00723	0.00428	0.00452	0.00727	0.00994	0.01311	0.05219	0.64122	0.11186	0.08894	0.00827	0.00230	0.00310	0.01338	0.00464	0.00411
53	0.01041	0.01054	0.03359	0.01513	0.01834	0.01008	0.42787	0.01336	0.01049	0.01478	0.01228	0.01870	0.01086	0.16893	0.09033	0.00300	0.03970	0.00606	0.07987	0.00570
54	0.00625	0.00447	0.00595	0.00714	0.00744	0.00417	0.00476	0.00714	0.00982	0.01310	0.02828	0.81633	0.03394	0.01608	0.00655	0.00208	0.00298	0.01459	0.00476	0.00417
55	0.01123	0.01123	0.01572	0.01347	0.01347	0.01572	0.01123	0.01235	0.00786	0.01235	0.00674	0.01123	0.00674	0.00898	0.01684	0.00225	0.81028	0.00449	0.00225	0.00561
56	0.01951	0.01437	0.01540	0.01181	0.01591	0.01591	0.00975	0.77056	0.02412	0.03234	0.01232	0.01232	0.00873	0.00616	0.00513	0.00154	0.00565	0.00462	0.00513	0.00873
57	0.00746	0.00497	0.00560	0.00560	0.00560	0.00497	0.00311	0.00746	0.00746	0.00995	0.01617	0.03358	0.01865	0.81967	0.02612	0.00497	0.00497	0.00746	0.00311	0.00311
58	0.01064	0.00912	0.01064	0.00760	0.01216	0.00684	0.00608	0.01292	0.01064	0.01672	0.00912	0.01064	0.00760	0.00380	0.00380	0.00076	0.00380	0.00304	0.00304	0.85104
59	0.39816	0.01108	0.01328	0.08793	0.24502	0.01226	0.00997	0.10187	0.04209	0.02125	0.00921	0.01101	0.00720	0.00499	0.00423	0.00158	0.00506	0.00381	0.00321	0.00680
60	0.01064	0.00912	0.01064	0.00760	0.01216	0.00684	0.00608	0.01292	0.01064	0.01672	0.00912	0.01064	0.00760	0.00380	0.00380	0.00076	0.00380	0.00304	0.00304	0.85104
61	0.01883	0.07773	0.01548	0.01276	0.01568	0.65803	0.00982	0.10439	0.01534	0.01475	0.00837	0.00953	0.00685	0.00532	0.00459	0.00133	0.00859	0.00341	0.00289	0.00630
62	0.00658	0.00539	0.00579	0.00565	0.00730	0.00470	0.00426	0.02216	0.01237	0.01542	0.18893	0.04576	0.60952	0.01312	0.02855	0.00189	0.00294	0.01027	0.00488	0.00452

[dist]
# distance from previous block
# <min> <max>
0	22

[block]
# block no. 3 follows, 48 sequences, length 62
# corresponding to MSA columns:
# 387-448
name=unknown_D
#
# <colnr> <probs for GDERKNQSTAVLIFYWHMCP>
#	G	D	E	R	K	N	Q	S	T	A	V	L	I	F	Y	W	H	M	C	P
0	0.01243	0.01191	0.02033	0.10201	0.71929	0.01212	0.01561	0.01551	0.01155	0.01643	0.00960	0.01279	0.00801	0.00462	0.00508	0.00154	0.00616	0.00457	0.00252	0.00791
1	0.01889	0.01407	0.01505	0.01168	0.01568	0.01562	0.00960	0.70271	0.09298	0.03134	0.01310	0.01294	0.00936	0.00623	0.00514	0.00156	0.00550	0.00473	0.00514	0.00867
2	0.85592	0.00992	0.00754	0.00675	0.00992	0.01151	0.00556	0.01508	0.00873	0.02302	0.00714	0.00834	0.00556	0.00476	0.00318	0.00159	0.00397	0.00278	0.00318	0.00556
3	0.01951	0.01437	0.01540	0.01181	0.01591	0.01591	0.00975	0.77056	0.02412	0.03234	0.01232	0.01232	0.00873	0.00616	0.00513	0.00154	0.00565	0.00462	0.00513	0.00873
4	0.00746	0.00497	0.00560	0.00560	0.00560	0.00497	0.00311	0.00746	0.00746	0.00995	0.01617	0.03358	0.01865	0.81967	0.02612	0.00497	0.00497	0.00746	0.00311	0.00311
5	0.00778	0.00595	0.00722	0.00678	0.00827	0.00575	0.00512	0.01155	0.10849	0.01980	0.59343	0.03742	0.14209	0.01039	0.00595	0.00165	0.00265	0.00906	0.00548	0.00518
6	0.01089	0.01003	0.01381	0.01203	0.01258	0.01339	0.00990	0.07038	0.00922	0.01379	0.00893	0.01356	0.00842	0.01619	0.21293	0.00370	0.54732	0.00475	0.00260	0.00559
7	0.01372	0.82276	0.02689	0.00878	0.01317	0.02030	0.00878	0.01536	0.01043	0.01207	0.00713	0.00823	0.00658	0.00439	0.00329	0.00110	0.00549	0.00274	0.00219	0.00658
8	0.00635	0.00517	0.00541	0.00537	0.00684	0.00446	0.00389	0.00760	0.01144	0.01402	0.11789	0.04637	0.62014	0.11238	0.00854	0.00212	0.00288	0.01026	0.00465	0.00423
9	0.01207	0.00679	0.00875	0.00752	0.00963	0.00634	0.00588	0.07109	0.01529	0.21101	0.53834	0.03123	0.03662	0.00914	0.00576	0.00160	0.00314	0.00791	0.00578	0.00609
10	0.00625	0.00447	0.00595	0.00714	0.00744	0.00417	0.00476	0.00714	0.00982	0.01310	0.02828	0.81633	0.03394	0.01608	0.00655	0.00208	0.00298	0.01459	0.00476	0.00417
11	0.18424	0.01236	0.04303	0.03248	0.11250	0.04100	0.18590	0.09627	0.01327	0.21154	0.01213	0.01307	0.00859	0.00521	0.00493	0.00160	0.00597	0.00464	0.00388	0.00739
12	0.01429	0.01505	0.16050	0.03006	0.05614	0.04835	0.12573	0.15221	0.18976	0.09178	0.05288	0.01553	0.01197	0.00593	0.00527	0.00163	0.00603	0.00518	0.00406	0.00769
13	0.01223	0.01550	0.16797	0.09015	0.10194	0.05097	0.32799	0.01613	0.01160	0.04540	0.00999	0.01271	0.00757	0.00479	0.00577	0.00161	0.03762	0.00488	0.00265	0.07253
14	0.07422	0.14655	0.01611	0.02990	0.01473	0.27813	0.00960	0.09864	0.08816	0.01618	0.00927	0.01083	0.00768	0.00612	0.00695	0.00157	0.17202	0.00384	0.00304	0.00646
15	0.00891	0.00446	0.00668	0.00668	0.00668	0.00446	0.00446	0.00668	0.00668	0.00891	0.00891	0.01560	0.00891	0.01783	0.02005	0.85071	0.00446	0.00446	0.00223	0.00223
16	0.01234	0.01659	0.17430	0.01680	0.05872	0.13109	0.33129	0.02832	0.02794	0.01646	0.06351	0.01575	0.03967	0.00548	0.00543	0.00161	0.00738	0.00543	0.03519	0.00670
17	0.01099	0.00911	0.01068	0.00764	0.01219	0.00686	0.00612	0.01326	0.01076	0.03880	0.00944	0.01083	0.00775	0.00387	0.00384	0.00078	0.00382	0.00310	0.00313	0.82703
18	0.02742	0.01212	0.01393	0.01365	0.12003	0.01352	0.00960	0.24496	0.42790	0.03554	0.01660	0.01606	0.01239	0.00636	0.00514	0.00165	0.00481	0.00523	0.00481	0.00827
19	0.01104	0.01005	0.01490	0.01997	0.41368	0.03176	0.01090	0.03323	0.01233	0.01736	0.15820	0.09106	0.03612	0.00689	0.00525	0.00150	0.00483	0.00629	0.00351	0.11112
20	0.01339	0.01439	0.20362	0.01209	0.01648	0.01097	0.08837	0.13182	0.06317	0.11517	0.02572	0.01448	0.01001	0.02779	0.06783	0.00214	0.05342	0.00471	0.00364	0.12080
21	0.01063	0.10562	0.71699	0.01404	0.02131	0.01275	0.01795	0.01616	0.01079	0.01583	0.00900	0.01057	0.00651	0.00483	0.00472	0.00157	0.00737	0.00369	0.00217	0.00748
22	0.00695	0.00501	0.00687	0.02524	0.00903	0.00486	0.00605	0.00835	0.01045	0.01380	0.02752	0.56482	0.03199	0.01525	0.00668	0.00216	0.00360	0.24230	0.00470	0.00437
23	0.01034	0.00978	0.01656	0.64101	0.19663	0.01157	0.01457	0.01368	0.01057	0.01389	0.00923	0.01347	0.00712	0.00501	0.00512	0.00167	0.00668	0.00456	0.00234	0.00622
24	0.02041	0.00932	0.01183	0.00946	0.01316	0.00887	0.00769	0.02558	0.20935	0.59502	0.02041	0.01789	0.01346	0.00651	0.00518	0.00163	0.00429	0.00532	0.00606	0.00858
25	0.00628	0.00483	0.00577	0.00644	0.00736	0.00432	0.00455	0.00743	0.01077	0.01370	0.05888	0.46089	0.33323	0.01462	0.00636	0.00194	0.00288	0.04068	0.00479	0.00427
26	0.12280	0.01382	0.01443	0.01118	0.01517	0.01537	0.00923	0.67726	0.02222	0.03119	0.01168	0.01183	0.00833	0.00599	0.00489	0.00155	0.00544	0.00439	0.00489	0.00833
27	0.01699	0.00746	0.00961	0.00781	0.01093	0.00642	0.00630	0.01881	0.01382	0.51087	0.08859	0.02814	0.23475	0.00856	0.00549	0.00163	0.00371	0.00709	0.00585	0.00718
28	0.01079	0.02565	0.75016	0.01456	0.02197	0.01178	0.03308	0.01657	0.01100	0.04418	0.00963	0.01113	0.00675	0.00492	0.00491	0.00163	0.00749	0.00388	0.00233	0.00761
29	0.00827	0.00591	0.00827	0.00945	0.01063	0.00591	0.00827	0.01063	0.01181	0.01536	0.02717	0.05788	0.02953	0.01417	0.00709	0.00236	0.00472	0.75313	0.00472	0.00472
30	0.00734	0.00573	0.00723	0.00788	0.06784	0.00521	0.00529	0.00937	0.01301	0.01763	0.40897	0.05684	0.30849	0.01085	0.00588	0.00164	0.00278	0.00938	0.04374	0.00490
31	0.01352	0.01385	0.01970	0.05939	0.64576	0.12664	0.01484	0.01633	0.01204	0.01601	0.00938	0.01224	0.00786	0.00470	0.00502	0.00150	0.00658	0.00439	0.00254	0.00771
32	0.00652	0.00462	0.00605	0.00709	0.00741	0.00437	0.00477	0.00739	0.00965	0.01285	0.02672	0.67376	0.03178	0.11521	0.00900	0.00246	0.00333	0.05840	0.00456	0.00407
33	0.02104	0.00967	0.01227	0.00950	0.01328	0.00913	0.00781	0.18418	0.01670	0.56819	0.07788	0.01798	0.01462	0.00663	0.00522	0.00158	0.00449	0.00536	0.00603	0.00843
34	0.01848	0.01019	0.01675	0.01383	0.07626	0.00934	0.18920	0.03782	0.03224	0.47361	0.01731	0.05518	0.01220	0.00622	0.00544	0.00164	0.00547	0.00579	0.00503	0.00802
35	0.01278	0.01307	0.06173	0.10799	0.24910	0.01210	0.37142	0.01653	0.01192	0.07628	0.01074	0.01362	0.00810	0.00467	0.00554	0.00165	0.00732	0.00528	0.00282	0.00731
36	0.01469	0.65343	0.04033	0.00975	0.01387	0.16929	0.00921	0.01636	0.01122	0.01225	0.00733	0.00848	0.00659	0.00457	0.00358	0.00115	0.00625	0.00287	0.00228	0.00648
37	0.00772	0.10629	0.00983	0.02024	0.00933	0.00728	0.02120	0.00882	0.00980	0.01293	0.02376	0.59514	0.04459	0.03305	0.00730	0.00202	0.06010	0.01183	0.00415	0.00462
38	0.01109	0.02743	0.03737	0.19690	0.29203	0.01009	0.01169	0.01396	0.01091	0.01577	0.00986	0.03067	0.00828	0.00474	0.00463	0.00132	0.00539	0.00424	0.01920	0.28444
39	0.00624	0.00515	0.00527	0.00530	0.00678	0.00441	0.00382	0.00737	0.01111	0.01335	0.04684	0.06928	0.66857	0.11362	0.00858	0.00215	0.00291	0.01052	0.00456	0.00417
40	0.01039	0.02587	0.75289	0.01499	0.02245	0.01197	0.05848	0.01626	0.01090	0.01626	0.00927	0.01099	0.00657	0.00485	0.00494	0.00163	0.00764	0.00391	0.00219	0.00755
41	0.00969	0.00912	0.01539	0.80734	0.03534	0.01140	0.01425	0.01311	0.01026	0.01311	0.00912	0.01368	0.00684	0.00513	0.00513	0.00171	0.00684	0.00456	0.00228	0.00570
42	0.00625	0.00447	0.00595	0.00714	0.00744	0.00417	0.00476	0.00714	0.00982	0.01310	0.02828	0.81633	0.03394	0.01608	0.00655	0.00208	0.00298	0.01459	0.00476	0.00417
43	0.01247	0.49878	0.27851	0.01169	0.01719	0.01698	0.07111	0.01574	0.01069	0.01378	0.00807	0.00952	0.00665	0.00454	0.00403	0.00132	0.00642	0.00334	0.00222	0.00694
44	0.00722	0.00524	0.00680	0.00641	0.00764	0.00482	0.00481	0.00960	0.01442	0.02032	0.75751	0.03874	0.07603	0.01058	0.00605	0.00162	0.00243	0.00934	0.00562	0.00482
45	0.06061	0.12882	0.04807	0.01337	0.01731	0.24302	0.14971	0.20080	0.05687	0.01917	0.01005	0.01125	0.00777	0.00525	0.00479	0.00147	0.00712	0.00418	0.00333	0.00705
46	0.01431	0.01401	0.01946	0.01548	0.03237	0.10056	0.23011	0.20772	0.01412	0.01876	0.01019	0.04152	0.00855	0.00668	0.00879	0.00180	0.24030	0.00522	0.00322	0.00682
47	0.01181	0.37947	0.45347	0.01203	0.01820	0.01563	0.01445	0.01586	0.01065	0.01440	0.00829	0.00968	0.00654	0.00466	0.00417	0.00139	0.00665	0.00333	0.00218	0.00714
48	0.00636	0.00461	0.00601	0.00692	0.00743	0.00426	0.00471	0.00747	0.01054	0.01407	0.12265	0.66439	0.09128	0.01516	0.00645	0.00200	0.00288	0.01366	0.00487	0.00426
49	0.02302	0.00873	0.01191	0.00913	0.01310	0.00754	0.00754	0.02501	0.01469	0.79122	0.02024	0.01746	0.01270	0.00635	0.00516	0.00159	0.00437	0.00516	0.00635	0.00873
50	0.00908	0.00799	0.01425	0.04308	0.05022	0.00769	0.21997	0.01154	0.02588	0.03858	0.03348	0.40892	0.03690	0.01165	0.02442	0.00206	0.00522	0.03964	0.00398	0.00544
51	0.01056	0.06787	0.71487	0.01466	0.02196	0.01241	0.05563	0.01621	0.01087	0.01604	0.00916	0.01085	0.00657	0.00482	0.00485	0.00160	0.00753	0.00385	0.00219	0.00750
52	0.00796	0.00581	0.00784	0.00886	0.01012	0.00569	0.00766	0.01018	0.01180	0.01515	0.03062	0.05670	0.13469	0.01401	0.00694	0.00227	0.00443	0.64988	0.00473	0.00467
53	0.00746	0.00497	0.00560	0.00560	0.00560	0.00497	0.00311	0.00746	0.00746	0.00995	0.01617	0.03358	0.01865	0.81967	0.02612	0.00497	0.00497	0.00746	0.00311	0.00311
54	0.01366	0.01148	0.01796	0.12456	0.43396	0.01243	0.01352	0.07636	0.02531	0.09256	0.01062	0.01317	0.00839	0.00559	0.00672	0.00166	0.11673	0.00464	0.00309	0.00758
55	0.01318	0.67143	0.13595	0.00969	0.01447	0.01876	0.01021	0.01604	0.04574	0.01310	0.00806	0.00910	0.00699	0.00458	0.00361	0.00120	0.00572	0.00303	0.00233	0.00680
56	0.01808	0.01781	0.01382	0.01172	0.01479	0.36875	0.00915	0.34334	0.01821	0.02164	0.01127	0.04088	0.00904	0.00611	0.00483	0.00143	0.00692	0.00440	0.07079	0.00699
57	0.01094	0.01000	0.01458	0.18746	0.18071	0.00962	0.02860	0.01361	0.01065	0.01568	0.00912	0.01185	0.00750	0.00457	0.00517	0.00124	0.05189	0.00385	0.00271	0.42025
58	0.00729	0.00524	0.00715	0.00724	0.00779	0.00574	0.00514	0.00842	0.00810	0.01132	0.01571	0.08659	0.01648	0.30726	0.47006	0.00664	0.00987	0.00688	0.00303	0.00404
59	0.01270	0.01219	0.02083	0.03149	0.78767	0.01219	0.01575	0.01575	0.01168	0.01676	0.00965	0.01270	0.00813	0.00457	0.00508	0.00152	0.00610	0.00457	0.00254	0.00813
60	0.01398	0.01142	0.01524	0.39498	0.05712	0.01324	0.01198	0.32305	0.05646	0.02165	0.01119	0.01346	0.00823	0.00564	0.00511	0.00163	0.00610	0.00465	0.01772	0.00715
61	0.01046	0.02539	0.72376	0.01526	0.02263	0.01201	0.08713	0.01627	0.01095	0.01627	0.00931	0.01111	0.00662	0.00482	0.00498	0.00163	0.00768	0.00400	0.00221	0.00752

[dist]
# distance from previous block
# <min> <max>
0	9

[block]
# block no. 4 follows, 48 sequences, length 7
# corresponding to MSA columns:
# 458-464
name=unknown_E
#
# <colnr> <probs for GDERKNQSTAVLIFYWHMCP>
#	G	D	E	R	K	N	Q	S	T	A	V	L	I	F	Y	W	H	M	C	P
0	0.01548	0.01600	0.03158	0.02326	0.02851	0.01469	0.72918	0.01866	0.01421	0.01957	0.01378	0.01845	0.01105	0.00666	0.00747	0.00235	0.00960	0.00708	0.00379	0.00865
1	0.00626	0.00481	0.00573	0.00634	0.00726	0.00428	0.00443	0.00742	0.01091	0.01396	0.09524	0.46009	0.32595	0.01446	0.00632	0.00191	0.00279	0.01273	0.00483	0.00428
2	0.01064	0.00912	0.01064	0.00760	0.01216	0.00684	0.00608	0.01292	0.01064	0.01672	0.00912	0.01064	0.00760	0.00380	0.00380	0.00076	0.00380	0.00304	0.00304	0.85104
3	0.01947	0.01541	0.01531	0.01195	0.01591	0.09659	0.00977	0.69329	0.02314	0.03030	0.01187	0.01200	0.00851	0.00607	0.00508	0.00152	0.00602	0.00448	0.00488	0.00844
4	0.00639	0.00521	0.00564	0.00554	0.00713	0.00447	0.00415	0.00799	0.01245	0.01566	0.24865	0.04642	0.58779	0.01232	0.00606	0.00170	0.00255	0.01041	0.00500	0.00447
5	0.08091	0.01045	0.01261	0.00974	0.01369	0.01024	0.00804	0.23997	0.01700	0.51737	0.01702	0.01533	0.01105	0.00618	0.00501	0.00157	0.00471	0.00484	0.00577	0.00851
6	0.06579	0.01374	0.02103	0.01724	0.09512	0.09130	0.32812	0.13582	0.01442	0.14852	0.01182	0.01331	0.00854	0.00510	0.00535	0.00161	0.00700	0.00507	0.00365	0.00744

[dist]
# distance from previous block
# <min> <max>
0	2

[block]
# block no. 5 follows, 48 sequences, length 42
# corresponding to MSA columns:
# 467-508
name=unknown_F
#
# <colnr> <probs for GDERKNQSTAVLIFYWHMCP>
#	G	D	E	R	K	N	Q	S	T	A	V	L	I	F	Y	W	H	M	C	P
0	0.01594	0.07073	0.01960	0.05677	0.01937	0.38612	0.20615	0.07608	0.01367	0.01507	0.00883	0.01099	0.00710	0.00531	0.00588	0.00152	0.06750	0.00423	0.00275	0.00642
1	0.79189	0.01051	0.00812	0.00717	0.01038	0.03079	0.00588	0.05476	0.00968	0.02326	0.00743	0.00857	0.00575	0.00485	0.00331	0.00158	0.00418	0.00289	0.00326	0.00573
2	0.00988	0.00962	0.01698	0.39001	0.04424	0.01046	0.19813	0.01369	0.05345	0.01468	0.01638	0.07422	0.09696	0.00668	0.00554	0.00173	0.00629	0.00641	0.01874	0.00592
3	0.00698	0.00523	0.00647	0.00616	0.00749	0.00472	0.00462	0.00914	0.01386	0.01901	0.61353	0.04091	0.22083	0.01108	0.00605	0.00164	0.00246	0.00964	0.00544	0.00472
4	0.01165	0.00978	0.01060	0.00956	0.01210	0.01102	0.00741	0.03935	0.58780	0.02150	0.19501	0.02337	0.02298	0.00775	0.00541	0.00171	0.00372	0.00657	0.00532	0.00739
5	0.00669	0.00486	0.00630	0.00671	0.00751	0.00448	0.00474	0.00828	0.01202	0.01645	0.36349	0.42370	0.08888	0.01341	0.00630	0.00185	0.00271	0.01200	0.00515	0.00448
6	0.00733	0.00550	0.00825	0.00825	0.00916	0.00641	0.00641	0.00916	0.00825	0.01191	0.01374	0.02016	0.01283	0.03848	0.79934	0.00825	0.01374	0.00550	0.00275	0.00458
7	0.00969	0.00912	0.01539	0.80734	0.03534	0.01140	0.01425	0.01311	0.01026	0.01311	0.00912	0.01368	0.00684	0.00513	0.00513	0.00171	0.00684	0.00456	0.00228	0.00570
8	0.00878	0.00549	0.00723	0.00731	0.00859	0.00506	0.00555	0.01060	0.01251	0.10348	0.30266	0.27477	0.09407	0.01245	0.00626	0.00187	0.00316	0.11990	0.00526	0.00502
9	0.85592	0.00992	0.00754	0.00675	0.00992	0.01151	0.00556	0.01508	0.00873	0.02302	0.00714	0.00834	0.00556	0.00476	0.00318	0.00159	0.00397	0.00278	0.00318	0.00556
10	0.01258	0.41748	0.22050	0.01297	0.09075	0.01623	0.02860	0.01720	0.11037	0.01491	0.00976	0.01087	0.00792	0.00486	0.00418	0.00137	0.00597	0.00366	0.00262	0.00720
11	0.01123	0.01123	0.01572	0.01347	0.01347	0.01572	0.01123	0.01235	0.00786	0.01235	0.00674	0.01123	0.00674	0.00898	0.01684	0.00225	0.81028	0.00449	0.00225	0.00561
12	0.00639	0.00514	0.00569	0.00569	0.00716	0.00445	0.00422	0.00794	0.01225	0.01551	0.23747	0.11535	0.52947	0.01263	0.00610	0.00173	0.00259	0.01077	0.00499	0.00445
13	0.01372	0.82276	0.02689	0.00878	0.01317	0.02030	0.00878	0.01536	0.01043	0.01207	0.00713	0.00823	0.00658	0.00439	0.00329	0.00110	0.00549	0.00274	0.00219	0.00658
14	0.00606	0.00520	0.00520	0.00520	0.00693	0.00433	0.00390	0.00736	0.01170	0.01386	0.05198	0.04938	0.78558	0.01299	0.00606	0.00173	0.00260	0.01083	0.00476	0.00433
15	0.01951	0.01437	0.01540	0.01181	0.01591	0.01591	0.00975	0.77056	0.02412	0.03234	0.01232	0.01232	0.00873	0.00616	0.00513	0.00154	0.00565	0.00462	0.00513	0.00873
16	0.01103	0.01049	0.01781	0.46145	0.37075	0.01175	0.01492	0.01429	0.01089	0.01474	0.00936	0.01324	0.00741	0.00488	0.00511	0.00163	0.00651	0.00457	0.00240	0.00678
17	0.85592	0.00992	0.00754	0.00675	0.00992	0.01151	0.00556	0.01508	0.00873	0.02302	0.00714	0.00834	0.00556	0.00476	0.00318	0.00159	0.00397	0.00278	0.00318	0.00556
18	0.01083	0.00929	0.01073	0.00786	0.01227	0.00737	0.00626	0.01421	0.07967	0.01715	0.01018	0.01140	0.00832	0.00408	0.00393	0.00085	0.00382	0.00329	0.00324	0.77525
19	0.00827	0.00591	0.00827	0.00945	0.01063	0.00591	0.00827	0.01063	0.01181	0.01536	0.02717	0.05788	0.02953	0.01417	0.00709	0.00236	0.00472	0.75313	0.00472	0.00472
20	0.00711	0.00536	0.00666	0.00667	0.00802	0.00490	0.00522	0.00921	0.01321	0.01769	0.43482	0.04514	0.25317	0.01189	0.00625	0.00179	0.00291	0.15009	0.00522	0.00468
21	0.31383	0.01063	0.01118	0.00901	0.01267	0.01125	0.00741	0.19817	0.06417	0.29223	0.01381	0.01315	0.00944	0.00579	0.00446	0.00159	0.00451	0.00424	0.00488	0.00758
22	0.01839	0.01348	0.01482	0.05550	0.01639	0.01493	0.00961	0.67475	0.02231	0.04407	0.01249	0.01361	0.00922	0.04888	0.00624	0.00173	0.00565	0.00478	0.00489	0.00826
23	0.01391	0.01159	0.01225	0.01067	0.01378	0.01330	0.00840	0.15372	0.65008	0.02331	0.01943	0.01798	0.01448	0.00682	0.00521	0.00171	0.00433	0.00560	0.00521	0.00822
24	0.28304	0.01026	0.01358	0.34740	0.02262	0.01194	0.05568	0.09338	0.01148	0.06157	0.00942	0.01195	0.00700	0.00528	0.00499	0.00167	0.03530	0.00412	0.00311	0.00621
25	0.00762	0.00573	0.00772	0.00743	0.00780	0.00588	0.04653	0.00819	0.00841	0.01135	0.01864	0.25104	0.02158	0.49626	0.01891	0.00381	0.05665	0.00919	0.00349	0.00378
26	0.00631	0.00461	0.00594	0.00687	0.00740	0.00424	0.00467	0.00738	0.01042	0.01380	0.09348	0.66599	0.11945	0.01527	0.00645	0.00201	0.00289	0.01373	0.00484	0.00424
