[name]
unknown

[dist]
# distance from previous block
# <min> <max>
0	1

[block]
# block no. 0 follows, 37 sequences, length 35
# corresponding to MSA columns:
# 3-37
name=unknown_A
#
# <colnr> <probs for GDERKNQSTAVLIFYWHMCP>
#	G	D	E	R	K	N	Q	S	T	A	V	L	I	F	Y	W	H	M	C	P
0	0.01784	0.00857	0.01183	0.01110	0.01402	0.00793	0.00947	0.02045	0.01564	0.35017	0.02867	0.04721	0.02613	0.01268	0.00741	0.00240	0.00544	0.38871	0.00652	0.00780
1	0.02556	0.01347	0.01609	0.01234	0.01715	0.01352	0.01019	0.34530	0.02262	0.42825	0.01987	0.01805	0.01300	0.00747	0.00614	0.00187	0.00590	0.00586	0.00692	0.01041
2	0.02279	0.01691	0.01810	0.01399	0.01880	0.01876	0.01152	0.68523	0.07060	0.03781	0.01530	0.01518	0.01090	0.00740	0.00613	0.00185	0.00662	0.00559	0.00613	0.01037
3	0.01813	0.01334	0.01513	0.01301	0.01659	0.01452	0.01093	0.44420	0.04603	0.03078	0.02147	0.03475	0.01971	0.01086	0.00698	0.00220	0.00628	0.26049	0.00595	0.00865
4	0.01293	0.01281	0.01090	0.01090	0.01226	0.20980	0.00778	0.05859	0.01399	0.01655	0.02390	0.43504	0.02716	0.08266	0.00955	0.00251	0.03018	0.01189	0.00476	0.00583
5	0.02301	0.02479	0.01772	0.01516	0.01895	0.49031	0.01176	0.28006	0.02151	0.02358	0.01137	0.01237	0.00880	0.00669	0.00574	0.00167	0.00947	0.00451	0.00424	0.00830
6	0.01422	0.01359	0.02316	0.22776	0.56379	0.01430	0.01832	0.01797	0.01350	0.01887	0.01135	0.01545	0.00930	0.00563	0.00608	0.00188	0.00750	0.00545	0.00295	0.00894
7	0.01804	0.01811	0.01519	0.01354	0.01702	0.23234	0.01045	0.08094	0.47486	0.02346	0.01967	0.01881	0.01494	0.00765	0.00601	0.00191	0.00679	0.00595	0.00533	0.00899
8	0.01156	0.01088	0.01836	0.77016	0.04216	0.01360	0.01700	0.01564	0.01224	0.01564	0.01088	0.01632	0.00816	0.00612	0.00612	0.00204	0.00816	0.00544	0.00272	0.00680
9	0.01122	0.01073	0.01423	0.01258	0.01319	0.01382	0.01021	0.01256	0.01078	0.01518	0.02510	0.05569	0.22399	0.04074	0.01630	0.00261	0.49314	0.00813	0.00370	0.00608
10	0.01156	0.01088	0.01836	0.77016	0.04216	0.01360	0.01700	0.01564	0.01224	0.01564	0.01088	0.01632	0.00816	0.00612	0.00612	0.00204	0.00816	0.00544	0.00272	0.00680
11	0.01156	0.01088	0.01836	0.77016	0.04216	0.01360	0.01700	0.01564	0.01224	0.01564	0.01088	0.01632	0.00816	0.00612	0.00612	0.00204	0.00816	0.00544	0.00272	0.00680
12	0.01156	0.01088	0.01836	0.77016	0.04216	0.01360	0.01700	0.01564	0.01224	0.01564	0.01088	0.01632	0.00816	0.00612	0.00612	0.00204	0.00816	0.00544	0.00272	0.00680
13	0.00746	0.00533	0.00710	0.00852	0.00888	0.00497	0.00568	0.00852	0.01172	0.01563	0.03374	0.78088	0.04049	0.01918	0.00781	0.00249	0.00355	0.01740	0.00568	0.00497
14	0.02591	0.01076	0.01416	0.01109	0.01566	0.00979	0.00908	0.03017	0.10857	0.65896	0.02425	0.02109	0.01560	0.00767	0.00616	0.00192	0.00516	0.00625	0.00741	0.01033
15	0.02746	0.01042	0.01421	0.01089	0.01563	0.00900	0.00900	0.02983	0.01752	0.75093	0.02415	0.02083	0.01515	0.00758	0.00616	0.00189	0.00521	0.00616	0.00758	0.01042
16	0.00723	0.00620	0.00620	0.00620	0.00827	0.00517	0.00465	0.00878	0.01395	0.01654	0.06201	0.05891	0.74421	0.01550	0.00723	0.00207	0.00310	0.01292	0.00568	0.00517
17	0.02327	0.01715	0.01837	0.01408	0.01898	0.01898	0.01163	0.72628	0.02878	0.03858	0.01470	0.01470	0.01041	0.00735	0.00612	0.00184	0.00674	0.00551	0.00612	0.01041
18	0.00890	0.00593	0.00668	0.00668	0.00668	0.00593	0.00371	0.00890	0.00890	0.01187	0.01929	0.04006	0.02225	0.78487	0.03116	0.00593	0.00593	0.00890	0.00371	0.00371
19	0.00746	0.00533	0.00710	0.00852	0.00888	0.00497	0.00568	0.00852	0.01172	0.01563	0.03374	0.78088	0.04049	0.01918	0.00781	0.00249	0.00355	0.01740	0.00568	0.00497
20	0.02327	0.01715	0.01837	0.01408	0.01898	0.01898	0.01163	0.72628	0.02878	0.03858	0.01470	0.01470	0.01041	0.00735	0.00612	0.00184	0.00674	0.00551	0.00612	0.01041
21	0.02287	0.02917	0.01735	0.01577	0.01892	0.76030	0.01183	0.02444	0.01735	0.01498	0.00946	0.01104	0.00788	0.00631	0.00552	0.00158	0.01104	0.00394	0.00315	0.00710
22	0.00723	0.00620	0.00620	0.00620	0.00827	0.00517	0.00465	0.00878	0.01395	0.01654	0.06201	0.05891	0.74421	0.01550	0.00723	0.00207	0.00310	0.01292	0.00568	0.00517
23	0.02327	0.01715	0.01837	0.01408	0.01898	0.01898	0.01163	0.72628	0.02878	0.03858	0.01470	0.01470	0.01041	0.00735	0.00612	0.00184	0.00674	0.00551	0.00612	0.01041
24	0.00746	0.00533	0.00710	0.00852	0.00888	0.00497	0.00568	0.00852	0.01172	0.01563	0.03374	0.78088	0.04049	0.01918	0.00781	0.00249	0.00355	0.01740	0.00568	0.00497
25	0.01637	0.78856	0.03208	0.01047	0.01571	0.02422	0.01047	0.01833	0.01244	0.01440	0.00851	0.00982	0.00786	0.00524	0.00393	0.00131	0.00655	0.00327	0.00262	0.00786
26	0.82811	0.01184	0.00900	0.00805	0.01184	0.01373	0.00663	0.01799	0.01042	0.02746	0.00852	0.00994	0.00663	0.00568	0.00379	0.00189	0.00474	0.00331	0.00379	0.00663
27	0.01523	0.01315	0.01384	0.01246	0.01592	0.01523	0.00969	0.03253	0.73563	0.02561	0.02491	0.02284	0.01869	0.00830	0.00623	0.00208	0.00484	0.00692	0.00623	0.00969
28	0.01339	0.01339	0.01875	0.01607	0.01607	0.01875	0.01339	0.01473	0.00937	0.01473	0.00804	0.01339	0.00804	0.01071	0.02009	0.00268	0.77367	0.00536	0.00268	0.00670
29	0.01156	0.01088	0.01836	0.77016	0.04216	0.01360	0.01700	0.01564	0.01224	0.01564	0.01088	0.01632	0.00816	0.00612	0.00612	0.00204	0.00816	0.00544	0.00272	0.00680
30	0.01637	0.78856	0.03208	0.01047	0.01571	0.02422	0.01047	0.01833	0.01244	0.01440	0.00851	0.00982	0.00786	0.00524	0.00393	0.00131	0.00655	0.00327	0.00262	0.00786
31	0.01523	0.01315	0.01384	0.01246	0.01592	0.01523	0.00969	0.03253	0.73563	0.02561	0.02491	0.02284	0.01869	0.00830	0.00623	0.00208	0.00484	0.00692	0.00623	0.00969
32	0.01496	0.01456	0.02381	0.12660	0.63706	0.03835	0.01834	0.01858	0.01384	0.01930	0.01137	0.01516	0.00945	0.00556	0.00605	0.00184	0.00750	0.00540	0.00300	0.00926
33	0.00834	0.00570	0.00684	0.00740	0.00754	0.00556	0.00448	0.00875	0.01000	0.01333	0.02492	0.32896	0.02936	0.48628	0.02205	0.00459	0.00501	0.01222	0.00448	0.00420
34	0.77714	0.01175	0.00933	0.00823	0.01208	0.01343	0.00678	0.01875	0.01087	0.07352	0.00952	0.01064	0.00717	0.00580	0.00394	0.00189	0.00477	0.00350	0.00403	0.00687

[dist]
# distance from previous block
# <min> <max>
0	1

[block]
# block no. 1 follows, 37 sequences, length 7
# corresponding to MSA columns:
# 39-45
name=unknown_B
#
# <colnr> <probs for GDERKNQSTAVLIFYWHMCP>
#	G	D	E	R	K	N	Q	S	T	A	V	L	I	F	Y	W	H	M	C	P
0	0.08547	0.01038	0.01112	0.01073	0.01317	0.01162	0.00806	0.02309	0.42534	0.02239	0.02643	0.27853	0.02499	0.01175	0.00655	0.00220	0.00440	0.01015	0.00582	0.00782
1	0.01047	0.00919	0.01175	0.01060	0.01104	0.01126	0.00806	0.01137	0.01019	0.01410	0.02366	0.03269	0.17151	0.28762	0.02127	0.00371	0.33428	0.00825	0.00369	0.00530
2	0.82811	0.01184	0.00900	0.00805	0.01184	0.01373	0.00663	0.01799	0.01042	0.02746	0.00852	0.00994	0.00663	0.00568	0.00379	0.00189	0.00474	0.00331	0.00379	0.00663
3	0.23738	0.01250	0.01269	0.01035	0.01432	0.01332	0.00845	0.29199	0.01920	0.12179	0.02442	0.02371	0.16789	0.00868	0.00574	0.00191	0.00522	0.00660	0.00558	0.00826
4	0.31787	0.01233	0.01194	0.00986	0.01360	0.01359	0.00805	0.27029	0.01790	0.07353	0.01412	0.01506	0.01043	0.00670	0.00487	0.00177	0.00507	0.00478	0.18023	0.00800
5	0.39387	0.00943	0.00917	0.00836	0.01138	0.00984	0.00657	0.01689	0.01270	0.15193	0.05660	0.15358	0.11791	0.01002	0.00554	0.00202	0.00430	0.00793	0.00518	0.00677
6	0.14989	0.01092	0.01040	0.00953	0.01221	0.08968	0.00731	0.01917	0.09179	0.15379	0.08241	0.15456	0.07235	0.01012	0.00594	0.00194	0.00483	0.00830	0.09772	0.00713

[dist]
# distance from previous block
# <min> <max>
21	196

[block]
# block no. 2 follows, 37 sequences, length 6
# corresponding to MSA columns:
# 286-291
name=unknown_C
#
# <colnr> <probs for GDERKNQSTAVLIFYWHMCP>
#	G	D	E	R	K	N	Q	S	T	A	V	L	I	F	Y	W	H	M	C	P
0	0.11368	0.10588	0.30810	0.01283	0.01878	0.01390	0.01396	0.05003	0.07150	0.12952	0.01454	0.01527	0.01052	0.00639	0.00530	0.00181	0.00661	0.00483	0.08794	0.00859
1	0.02273	0.18459	0.01954	0.01183	0.01677	0.01585	0.01016	0.27307	0.02012	0.29671	0.01663	0.01579	0.01153	0.00681	0.00556	0.00169	0.00601	0.00515	0.00575	0.05367
2	0.38650	0.14859	0.01556	0.01011	0.01418	0.01518	0.04186	0.09815	0.04575	0.06884	0.01227	0.01335	0.00940	0.00615	0.00454	0.00175	0.00538	0.00432	0.09052	0.00761
3	0.01692	0.13130	0.17319	0.01250	0.01752	0.01442	0.01212	0.09588	0.18267	0.15216	0.11076	0.02055	0.01831	0.00764	0.00590	0.00186	0.00600	0.00612	0.00521	0.00898
4	0.21127	0.23740	0.08897	0.01112	0.01586	0.01661	0.01034	0.02338	0.19793	0.10976	0.01484	0.01481	0.01121	0.00647	0.00493	0.00178	0.00576	0.00469	0.00442	0.00846
5	0.52805	0.08813	0.01301	0.00961	0.01363	0.09729	0.00797	0.02070	0.01256	0.14429	0.01121	0.01185	0.00829	0.00602	0.00439	0.00180	0.00569	0.00385	0.00423	0.00742

[dist]
# distance from previous block
# <min> <max>
26	81

[block]
# block no. 3 follows, 37 sequences, length 11
# corresponding to MSA columns:
# 376-386
name=unknown_D
#
# <colnr> <probs for GDERKNQSTAVLIFYWHMCP>
#	G	D	E	R	K	N	Q	S	T	A	V	L	I	F	Y	W	H	M	C	P
0	0.08994	0.01166	0.01789	0.06348	0.06586	0.01148	0.14815	0.04173	0.07235	0.22459	0.09194	0.04743	0.01753	0.00807	0.00690	0.03089	0.00618	0.00686	0.00518	0.03188
1	0.01182	0.05346	0.35824	0.33940	0.03156	0.01379	0.01851	0.01704	0.01268	0.01738	0.01417	0.01725	0.05602	0.00655	0.00596	0.00196	0.00817	0.00541	0.00285	0.00778
2	0.01667	0.01121	0.01795	0.25593	0.16307	0.01144	0.05954	0.01989	0.01452	0.23822	0.02164	0.02292	0.10485	0.00757	0.00633	0.00196	0.00660	0.00673	0.00465	0.00833
3	0.01156	0.01088	0.01836	0.77016	0.04216	0.01360	0.01700	0.01564	0.01224	0.01564	0.01088	0.01632	0.00816	0.00612	0.00612	0.00204	0.00816	0.00544	0.00272	0.00680
4	0.02484	0.02113	0.01600	0.01368	0.01751	0.43792	0.01061	0.02676	0.01742	0.33077	0.01576	0.01524	0.01100	0.00685	0.00579	0.00171	0.00854	0.00489	0.00505	0.00852
5	0.01276	0.00896	0.01298	0.33495	0.02418	0.00951	0.01080	0.01565	0.01411	0.14602	0.08750	0.03289	0.24559	0.00984	0.00657	0.00201	0.00563	0.00837	0.00483	0.00684
6	0.01518	0.01395	0.02012	0.02680	0.43312	0.01484	0.01488	0.02468	0.32361	0.02240	0.01726	0.01845	0.01355	0.00668	0.00613	0.00193	0.00623	0.00608	0.00440	0.00969
7	0.36193	0.01129	0.01434	0.44315	0.02915	0.01366	0.01255	0.01665	0.01146	0.02071	0.00987	0.01358	0.00750	0.00593	0.00512	0.00198	0.00669	0.00453	0.00318	0.00673
8	0.01378	0.01185	0.01319	0.01052	0.01511	0.01119	0.00830	0.02276	0.32290	0.02238	0.01690	0.01705	0.01319	0.00615	0.00526	0.00141	0.00467	0.00504	0.00474	0.47361
9	0.01390	0.01297	0.01140	0.01058	0.01250	0.14677	0.00751	0.02092	0.29314	0.01778	0.01969	0.02808	0.01825	0.34116	0.01680	0.00364	0.00644	0.00723	0.00459	0.00665
10	0.12630	0.01647	0.01717	0.01331	0.01807	0.01831	0.01099	0.63561	0.02643	0.03716	0.01391	0.01409	0.00993	0.00713	0.00582	0.00184	0.00648	0.00523	0.00582	0.00993

[dist]
# distance from previous block
# <min> <max>
8	52

[block]
# block no. 4 follows, 37 sequences, length 12
# corresponding to MSA columns:
# 446-457
name=unknown_E
#
# <colnr> <probs for GDERKNQSTAVLIFYWHMCP>
#	G	D	E	R	K	N	Q	S	T	A	V	L	I	F	Y	W	H	M	C	P
0	0.01851	0.01533	0.02040	0.08783	0.24310	0.01712	0.01451	0.35759	0.02034	0.02787	0.01255	0.01481	0.00969	0.00709	0.00787	0.00196	0.10412	0.00547	0.00444	0.00940
1	0.40350	0.01134	0.01387	0.40435	0.02761	0.01366	0.01202	0.01677	0.01137	0.02132	0.00975	0.01326	0.00743	0.00591	0.00500	0.00197	0.00652	0.00442	0.00323	0.00672
2	0.01493	0.01145	0.01204	0.00998	0.01341	0.01180	0.00800	0.35318	0.02107	0.02712	0.03930	0.03769	0.39198	0.01159	0.00670	0.00196	0.00485	0.00936	0.00590	0.00768
3	0.01637	0.78856	0.03208	0.01047	0.01571	0.02422	0.01047	0.01833	0.01244	0.01440	0.00851	0.00982	0.00786	0.00524	0.00393	0.00131	0.00655	0.00327	0.00262	0.00786
4	0.02327	0.01715	0.01837	0.01408	0.01898	0.01898	0.01163	0.72628	0.02878	0.03858	0.01470	0.01470	0.01041	0.00735	0.00612	0.00184	0.00674	0.00551	0.00612	0.01041
5	0.01424	0.39497	0.40704	0.01410	0.02132	0.01902	0.01679	0.01888	0.01269	0.01699	0.00980	0.01143	0.00780	0.00554	0.00491	0.00164	0.00785	0.00392	0.00260	0.00847
6	0.44179	0.01439	0.01350	0.01095	0.01527	0.01625	0.00903	0.35797	0.01923	0.03280	0.01149	0.01223	0.00844	0.00648	0.00491	0.00187	0.00570	0.00437	0.00491	0.00844
7	0.01596	0.01817	0.01283	0.01181	0.01418	0.39809	0.00886	0.01809	0.01714	0.01909	0.32110	0.02848	0.07280	0.00947	0.00634	0.00175	0.00714	0.00747	0.00481	0.00643
8	0.01225	0.01055	0.01684	0.02344	0.36456	0.01048	0.01363	0.01547	0.01443	0.01991	0.11240	0.04022	0.02583	0.01085	0.00715	0.00223	0.00607	0.28156	0.00452	0.00760
9	0.00794	0.00619	0.00723	0.00724	0.00889	0.00548	0.00544	0.01003	0.01507	0.01963	0.31986	0.11459	0.38463	0.01474	0.00734	0.00209	0.00319	0.04893	0.00609	0.00541
10	0.01096	0.00882	0.01053	0.00834	0.01185	0.00714	0.00635	0.01339	0.01365	0.02035	0.23904	0.02640	0.02583	0.10580	0.00874	0.00186	0.00420	0.00660	0.00460	0.46554
11	0.01422	0.01065	0.01238	0.01089	0.01387	0.01070	0.00857	0.26076	0.01833	0.02502	0.04633	0.26546	0.02450	0.01203	0.00673	0.00201	0.00508	0.10012	0.00551	0.14684

[dist]
# distance from previous block
# <min> <max>
3	24

[block]
# block no. 5 follows, 37 sequences, length 12
# corresponding to MSA columns:
# 482-493
name=unknown_F
#
# <colnr> <probs for GDERKNQSTAVLIFYWHMCP>
#	G	D	E	R	K	N	Q	S	T	A	V	L	I	F	Y	W	H	M	C	P
0	0.23989	0.00963	0.00993	0.00946	0.01178	0.01033	0.00714	0.15992	0.01498	0.02372	0.02383	0.37931	0.05161	0.01282	0.00632	0.00217	0.00452	0.01083	0.00524	0.00657
1	0.01172	0.00948	0.01094	0.01099	0.01307	0.01038	0.00848	0.02104	0.36437	0.02103	0.02918	0.26834	0.02882	0.01343	0.00717	0.00235	0.00460	0.15127	0.00594	0.00740
2	0.01392	0.01101	0.01288	0.00944	0.01469	0.00872	0.00755	0.01765	0.06426	0.07214	0.01281	0.01399	0.01018	0.00502	0.00477	0.00106	0.00460	0.00404	0.00409	0.70719
3	0.01003	0.00598	0.00802	0.00883	0.00975	0.00549	0.00611	0.01126	0.01246	0.11008	0.03251	0.68324	0.03723	0.01769	0.00760	0.00241	0.00376	0.01596	0.00593	0.00567
4	0.01331	0.01266	0.02152	0.41377	0.38490	0.01406	0.01787	0.01717	0.01307	0.01776	0.01119	0.01575	0.00891	0.00580	0.00609	0.00193	0.00773	0.00545	0.00287	0.00821
5	0.01435	0.41471	0.38823	0.01392	0.02104	0.01928	0.01647	0.01885	0.01268	0.01686	0.00973	0.01135	0.00781	0.00552	0.00486	0.00162	0.00778	0.00389	0.00260	0.00844
6	0.01156	0.01088	0.01836	0.77016	0.04216	0.01360	0.01700	0.01564	0.01224	0.01564	0.01088	0.01632	0.00816	0.00612	0.00612	0.00204	0.00816	0.00544	0.00272	0.00680
7	0.01379	0.02216	0.37351	0.01488	0.02106	0.01473	0.01598	0.02613	0.38405	0.02258	0.01814	0.01801	0.01337	0.00709	0.00603	0.00201	0.00689	0.00575	0.00446	0.00938
8	0.01570	0.01724	0.01187	0.01110	0.01263	0.37292	0.00766	0.01646	0.01301	0.01338	0.01451	0.02594	0.01526	0.40612	0.01868	0.00381	0.00842	0.00649	0.00344	0.00536
9	0.01684	0.01152	0.01334	0.01107	0.01379	0.01240	0.00863	0.37734	0.01998	0.02696	0.11657	0.02044	0.01720	0.01288	0.01242	0.28458	0.00570	0.00623	0.00502	0.00708
10	0.02287	0.02917	0.01735	0.01577	0.01892	0.76030	0.01183	0.02444	0.01735	0.01498	0.00946	0.01104	0.00788	0.00631	0.00552	0.00158	0.01104	0.00394	0.00315	0.00710
11	0.39365	0.01111	0.01076	0.00853	0.01301	0.01065	0.00689	0.01644	0.01184	0.02367	0.04355	0.01293	0.01017	0.00544	0.00431	0.00142	0.00455	0.00382	0.00385	0.40340

[dist]
# distance from previous block
# <min> <max>
2	6

[block]
# block no. 6 follows, 37 sequences, length 18
# corresponding to MSA columns:
# 517-534
name=unknown_G
#
# <colnr> <probs for GDERKNQSTAVLIFYWHMCP>
#	G	D	E	R	K	N	Q	S	T	A	V	L	I	F	Y	W	H	M	C	P
0	0.04079	0.06173	0.01607	0.01332	0.01640	0.35441	0.01040	0.11698	0.08443	0.02024	0.07773	0.01722	0.01452	0.01189	0.09490	0.00268	0.02929	0.00536	0.00415	0.00750
1	0.01088	0.00981	0.01284	0.01200	0.01280	0.01210	0.00951	0.01375	0.07876	0.01645	0.02577	0.22860	0.12774	0.01379	0.01298	0.00249	0.34040	0.04867	0.00442	0.00623
2	0.08964	0.01281	0.01935	0.01527	0.01958	0.01291	0.22968	0.02176	0.24410	0.02196	0.01933	0.05705	0.03337	0.00779	0.00631	0.00196	0.00643	0.05237	0.00459	0.12373
3	0.01864	0.01024	0.01275	0.00960	0.01441	0.00825	0.00777	0.02110	0.01492	0.33920	0.02146	0.02057	0.08039	0.00689	0.00549	0.00145	0.00469	0.00560	0.00555	0.39105
4	0.01427	0.36114	0.37095	0.01518	0.02229	0.01871	0.08286	0.01894	0.01285	0.01723	0.01003	0.01190	0.00794	0.00550	0.00512	0.00168	0.00807	0.00423	0.00265	0.00845
5	0.01324	0.01248	0.02067	0.37881	0.34758	0.01350	0.01687	0.01699	0.01302	0.01795	0.01116	0.01547	0.00892	0.00568	0.00595	0.00184	0.00743	0.00528	0.00294	0.08423
6	0.01156	0.01088	0.01836	0.77016	0.04216	0.01360	0.01700	0.01564	0.01224	0.01564	0.01088	0.01632	0.00816	0.00612	0.00612	0.00204	0.00816	0.00544	0.00272	0.00680
7	0.02244	0.01029	0.01386	0.01115	0.01507	0.00946	0.03007	0.10064	0.01764	0.49685	0.05241	0.15190	0.02048	0.00967	0.00651	0.00200	0.00515	0.00825	0.00693	0.00923
8	0.01156	0.01088	0.01836	0.77016	0.04216	0.01360	0.01700	0.01564	0.01224	0.01564	0.01088	0.01632	0.00816	0.00612	0.00612	0.00204	0.00816	0.00544	0.00272	0.00680
9	0.01620	0.00755	0.01021	0.00956	0.01183	0.00673	0.00713	0.01784	0.01426	0.33708	0.02955	0.44861	0.02941	0.01411	0.00709	0.00223	0.00428	0.01249	0.00651	0.00735
10	0.02287	0.02917	0.01735	0.01577	0.01892	0.76030	0.01183	0.02444	0.01735	0.01498	0.00946	0.01104	0.00788	0.00631	0.00552	0.00158	0.01104	0.00394	0.00315	0.00710
11	0.01874	0.01490	0.01582	0.01317	0.01726	0.01687	0.01054	0.33582	0.42661	0.03128	0.02045	0.01928	0.01507	0.00789	0.00618	0.00197	0.00567	0.00630	0.00618	0.01000
12	0.02435	0.01037	0.01363	0.01079	0.01508	0.00944	0.00879	0.02852	0.10199	0.60087	0.08834	0.02329	0.01936	0.00810	0.00626	0.00192	0.00496	0.00668	0.00734	0.00992
13	0.01475	0.01234	0.01373	0.01074	0.01548	0.01169	0.00855	0.10451	0.24559	0.02395	0.01581	0.01617	0.01230	0.00607	0.00526	0.00139	0.00489	0.00490	0.00475	0.46713
14	0.47158	0.01257	0.01744	0.01378	0.01793	0.01326	0.23589	0.01740	0.01186	0.02356	0.01272	0.10274	0.01146	0.00710	0.00536	0.00202	0.00638	0.00622	0.00379	0.00695
15	0.01052	0.00866	0.01348	0.34295	0.02544	0.00984	0.01284	0.01383	0.01320	0.01706	0.02304	0.07028	0.02357	0.01227	0.00741	0.00247	0.00667	0.37597	0.00436	0.00612
16	0.01433	0.01114	0.01635	0.43790	0.03043	0.01187	0.01317	0.05330	0.01382	0.10446	0.01263	0.01579	0.00934	0.00593	0.00570	0.00171	0.00677	0.00504	0.00371	0.22661
17	0.25596	0.01131	0.01167	0.00998	0.01367	0.01205	0.00801	0.07177	0.19575	0.18995	0.05472	0.02327	0.10067	0.00833	0.00565	0.00196	0.00474	0.00648	0.00577	0.00830

[dist]
# distance from previous block
# <min> <max>
15	44

[block]
# block no. 7 follows, 37 sequences, length 15
# corresponding to MSA columns:
# 585-599
name=unknown_H
#
# <colnr> <probs for GDERKNQSTAVLIFYWHMCP>
#	G	D	E	R	K	N	Q	S	T	A	V	L	I	F	Y	W	H	M	C	P
0	0.09944	0.01264	0.01458	0.08877	0.01819	0.01392	0.01045	0.30287	0.08623	0.08462	0.01726	0.02297	0.01415	0.00974	0.00793	0.08153	0.00611	0.09511	0.00527	0.00824
1	0.18264	0.01651	0.09104	0.01452	0.01654	0.09163	0.01277	0.01685	0.01075	0.01786	0.00858	0.01240	0.00770	0.00874	0.01381	0.00233	0.46073	0.00471	0.00295	0.00696
2	0.08817	0.00720	0.00819	0.00797	0.00940	0.00737	0.00596	0.01008	0.01169	0.01610	0.03793	0.11445	0.37589	0.01563	0.01170	0.17162	0.08105	0.01011	0.00457	0.00492
3	0.01497	0.01359	0.01446	0.01256	0.01586	0.04988	0.00989	0.02726	0.49846	0.02285	0.01988	0.01952	0.01534	0.00794	0.00771	0.00195	0.10358	0.00608	0.00523	0.13297
4	0.01761	0.39689	0.02385	0.01185	0.01611	0.01981	0.01058	0.09378	0.16377	0.09061	0.01400	0.01443	0.01108	0.00686	0.00646	0.00172	0.08302	0.00474	0.00421	0.00863
5	0.01965	0.40482	0.02463	0.01315	0.01733	0.39618	0.01116	0.02142	0.01492	0.01469	0.00899	0.01044	0.00787	0.00578	0.00473	0.00144	0.00882	0.00361	0.00289	0.00747
6	0.02327	0.01715	0.01837	0.01408	0.01898	0.01898	0.01163	0.72628	0.02878	0.03858	0.01470	0.01470	0.01041	0.00735	0.00612	0.00184	0.00674	0.00551	0.00612	0.01041
7	0.02327	0.01715	0.01837	0.01408	0.01898	0.01898	0.01163	0.72628	0.02878	0.03858	0.01470	0.01470	0.01041	0.00735	0.00612	0.00184	0.00674	0.00551	0.00612	0.01041
8	0.01523	0.01315	0.01384	0.01246	0.01592	0.01523	0.00969	0.03253	0.73563	0.02561	0.02491	0.02284	0.01869	0.00830	0.00623	0.00208	0.00484	0.00692	0.00623	0.00969
9	0.01228	0.03166	0.75316	0.01745	0.02649	0.01422	0.02262	0.01939	0.01292	0.01939	0.01099	0.01292	0.00775	0.00582	0.00582	0.00194	0.00905	0.00452	0.00258	0.00905
10	0.02327	0.01715	0.01837	0.01408	0.01898	0.01898	0.01163	0.72628	0.02878	0.03858	0.01470	0.01470	0.01041	0.00735	0.00612	0.00184	0.00674	0.00551	0.00612	0.01041
11	0.00746	0.00533	0.00710	0.00852	0.00888	0.00497	0.00568	0.00852	0.01172	0.01563	0.03374	0.78088	0.04049	0.01918	0.00781	0.00249	0.00355	0.01740	0.00568	0.00497
12	0.01616	0.00977	0.01148	0.01017	0.01339	0.00974	0.00813	0.02317	0.24601	0.23958	0.06022	0.03653	0.19838	0.01086	0.00671	0.00209	0.00454	0.07837	0.00646	0.00825
13	0.01484	0.01314	0.02241	0.01608	0.02176	0.01123	0.30031	0.01852	0.01388	0.09068	0.01278	0.01504	0.00975	0.00508	0.00579	0.00148	0.00696	0.00534	0.00379	0.41115
14	0.54568	0.01105	0.01021	0.00876	0.01256	0.01196	0.00716	0.02049	0.03464	0.19310	0.05799	0.01646	0.03445	0.00690	0.00472	0.00191	0.00469	0.00483	0.00497	0.00750

[dist]
# distance from previous block
# <min> <max>
2	14

[block]
# block no. 8 follows, 37 sequences, length 6
# corresponding to MSA columns:
# 628-633
name=unknown_I
#
# <colnr> <probs for GDERKNQSTAVLIFYWHMCP>
#	G	D	E	R	K	N	Q	S	T	A	V	L	I	F	Y	W	H	M	C	P
0	0.07823	0.01714	0.01659	0.01330	0.01773	0.12078	0.01077	0.41891	0.08176	0.13989	0.01578	0.01544	0.01118	0.00720	0.00589	0.00183	0.00682	0.00535	0.00577	0.00963
1	0.00845	0.00625	0.00789	0.00748	0.00901	0.00568	0.00561	0.01114	0.01682	0.02335	0.64164	0.04769	0.16032	0.01296	0.00722	0.00195	0.00292	0.01135	0.00658	0.00568
2	0.01078	0.01038	0.01921	0.01534	0.01833	0.01027	0.27670	0.01392	0.01314	0.01799	0.11363	0.13280	0.08860	0.01815	0.17201	0.00383	0.04480	0.00943	0.00418	0.00652
3	0.00723	0.00620	0.00620	0.00620	0.00827	0.00517	0.00465	0.00878	0.01395	0.01654	0.06201	0.05891	0.74421	0.01550	0.00723	0.00207	0.00310	0.01292	0.00568	0.00517
4	0.02064	0.02257	0.01730	0.01506	0.01815	0.41647	0.01174	0.16129	0.11000	0.02091	0.01225	0.01359	0.00978	0.00738	0.00777	0.00185	0.11635	0.00483	0.00406	0.00802
5	0.01448	0.43982	0.36432	0.01369	0.02068	0.01961	0.01607	0.01882	0.01266	0.01670	0.00965	0.01125	0.00781	0.00550	0.00480	0.00160	0.00770	0.00385	0.00260	0.00840

[dist]
# distance from previous block
# <min> <max>
5	36

[block]
# block no. 9 follows, 37 sequences, length 41
# corresponding to MSA columns:
# 676-708,711,717-723
name=unknown_J
#
# <colnr> <probs for GDERKNQSTAVLIFYWHMCP>
#	G	D	E	R	K	N	Q	S	T	A	V	L	I	F	Y	W	H	M	C	P
0	0.20184	0.01051	0.01335	0.14521	0.01816	0.01213	0.02424	0.01455	0.01150	0.01931	0.05525	0.15119	0.01645	0.00947	0.00875	0.00208	0.16948	0.00718	0.00383	0.10551
1	0.17589	0.01183	0.01597	0.09732	0.13585	0.01271	0.02789	0.01795	0.01254	0.10881	0.01325	0.03443	0.01112	0.00737	0.00780	0.00193	0.12834	0.03804	0.00392	0.13705
2	0.16277	0.01330	0.01707	0.01376	0.01742	0.09195	0.16620	0.01738	0.01310	0.07044	0.01590	0.16536	0.01512	0.00856	0.00683	0.00191	0.05434	0.00741	0.00411	0.13709
3	0.17859	0.01393	0.01333	0.01229	0.01398	0.15626	0.00968	0.01639	0.03537	0.01788	0.01451	0.13688	0.01464	0.01405	0.09114	0.00303	0.22476	0.02313	0.00372	0.00643
4	0.46536	0.01529	0.01910	0.01490	0.01944	0.09479	0.25065	0.01924	0.01253	0.02345	0.00993	0.01229	0.00767	0.00557	0.00514	0.00192	0.00731	0.00471	0.00349	0.00723
5	0.12441	0.00910	0.01381	0.01163	0.01382	0.00923	0.15104	0.01342	0.01106	0.04493	0.01787	0.11782	0.01828	0.27634	0.13659	0.00465	0.00803	0.00833	0.00392	0.00573
6	0.01315	0.01345	0.02564	0.39072	0.15244	0.01441	0.26540	0.01754	0.01329	0.01774	0.01151	0.01620	0.00880	0.00568	0.00650	0.00201	0.00877	0.00607	0.00290	0.00778
7	0.05995	0.45457	0.30781	0.01302	0.01964	0.01979	0.01492	0.01872	0.01251	0.01704	0.00946	0.01102	0.00775	0.00548	0.00465	0.00158	0.00741	0.00376	0.00267	0.00824
8	0.01388	0.31188	0.46489	0.01544	0.04311	0.01794	0.01800	0.01898	0.01277	0.01755	0.01008	0.01184	0.00785	0.00559	0.00512	0.00170	0.00807	0.00409	0.00261	0.00862
9	0.01156	0.01088	0.01836	0.77016	0.04216	0.01360	0.01700	0.01564	0.01224	0.01564	0.01088	0.01632	0.00816	0.00612	0.00612	0.00204	0.00816	0.00544	0.00272	0.00680
10	0.00856	0.00652	0.00804	0.00841	0.01008	0.00600	0.00681	0.01092	0.01491	0.01933	0.23503	0.05897	0.30670	0.01520	0.00767	0.00230	0.00395	0.25916	0.00595	0.00550
11	0.00866	0.00626	0.00818	0.00770	0.00914	0.00578	0.00578	0.01155	0.01733	0.02455	0.74346	0.04572	0.05776	0.01251	0.00722	0.00193	0.00289	0.01107	0.00674	0.00578
12	0.00746	0.00533	0.00710	0.00852	0.00888	0.00497	0.00568	0.00852	0.01172	0.01563	0.03374	0.78088	0.04049	0.01918	0.00781	0.00249	0.00355	0.01740	0.00568	0.00497
13	0.00875	0.00641	0.00834	0.00887	0.00999	0.00621	0.00661	0.01175	0.05739	0.02002	0.30155	0.34671	0.04490	0.01565	0.00759	0.00230	0.00370	0.12147	0.00611	0.00566
14	0.02394	0.01607	0.01771	0.01357	0.01845	0.01739	0.01121	0.61519	0.02698	0.15221	0.01620	0.01568	0.01117	0.00738	0.00613	0.00185	0.00649	0.00561	0.00636	0.01041
15	0.01321	0.01256	0.02133	0.43427	0.36518	0.01403	0.01782	0.01708	0.01302	0.01764	0.01117	0.01578	0.00886	0.00581	0.00609	0.00194	0.00775	0.00545	0.00286	0.00813
16	0.01519	0.01496	0.02373	0.11532	0.63027	0.05592	0.01821	0.01876	0.01394	0.01925	0.01133	0.01505	0.00943	0.00557	0.00604	0.00183	0.00758	0.00537	0.00300	0.00924
17	0.01572	0.00845	0.01056	0.00907	0.01200	0.00782	0.00713	0.01974	0.09423	0.27802	0.29530	0.03682	0.15791	0.01085	0.00674	0.00196	0.00395	0.00922	0.00679	0.00772
18	0.01269	0.01088	0.01269	0.00907	0.01451	0.00816	0.00725	0.01541	0.01269	0.01995	0.01088	0.01269	0.00907	0.00453	0.00453	0.00091	0.00453	0.00363	0.00363	0.82229
19	0.01005	0.00583	0.00623	0.00623	0.00689	0.00583	0.00397	0.01136	0.01071	0.01689	0.01960	0.03215	0.01924	0.42828	0.01883	0.00387	0.00452	0.00744	0.37745	0.00462
20	0.01040	0.00854	0.01101	0.01011	0.01021	0.01038	0.00731	0.01108	0.00967	0.01375	0.05629	0.06556	0.02009	0.43471	0.02485	0.00441	0.27491	0.00818	0.00361	0.00493
21	0.00726	0.00611	0.00630	0.00645	0.00833	0.00515	0.00476	0.00876	0.01371	0.01644	0.05896	0.13673	0.66836	0.01590	0.00730	0.00211	0.00315	0.01340	0.00568	0.00515
22	0.00890	0.00593	0.00668	0.00668	0.00668	0.00593	0.00371	0.00890	0.00890	0.01187	0.01929	0.04006	0.02225	0.78487	0.03116	0.00593	0.00593	0.00890	0.00371	0.00371
23	0.02327	0.01715	0.01837	0.01408	0.01898	0.01898	0.01163	0.72628	0.02878	0.03858	0.01470	0.01470	0.01041	0.00735	0.00612	0.00184	0.00674	0.00551	0.00612	0.01041
24	0.01831	0.00937	0.01197	0.00983	0.01308	0.00879	0.00786	0.11012	0.01887	0.32719	0.35275	0.03147	0.03408	0.00981	0.00664	0.00190	0.00434	0.00833	0.00701	0.00829
25	0.00751	0.00546	0.00698	0.00817	0.00869	0.00505	0.00546	0.00857	0.01180	0.01552	0.03598	0.66186	0.11532	0.06137	0.00905	0.00263	0.00364	0.01645	0.00557	0.00492
26	0.01269	0.01088	0.01269	0.00907	0.01451	0.00816	0.00725	0.01541	0.01269	0.01995	0.01088	0.01269	0.00907	0.00453	0.00453	0.00091	0.00453	0.00363	0.00363	0.82229
27	0.00925	0.00730	0.01080	0.01051	0.01148	0.00885	0.00827	0.01134	0.00979	0.01427	0.01549	0.02290	0.01452	0.04212	0.68080	0.00907	0.09802	0.00643	0.00321	0.00560
28	0.01003	0.00661	0.00875	0.00860	0.00976	0.00752	0.00668	0.01242	0.01096	0.01755	0.01730	0.02298	0.01505	0.02905	0.42886	0.00621	0.05331	0.00616	0.31657	0.00563
29	0.01515	0.01454	0.02485	0.03757	0.74669	0.01454	0.01879	0.01879	0.01394	0.02000	0.01151	0.01515	0.00970	0.00545	0.00606	0.00182	0.00727	0.00545	0.00303	0.00970
30	0.80117	0.01242	0.00928	0.00831	0.01208	0.03871	0.00680	0.01821	0.01065	0.02705	0.00855	0.00998	0.00667	0.00570	0.00385	0.00188	0.00495	0.00334	0.00377	0.00664
31	0.01515	0.01454	0.02485	0.03757	0.74669	0.01454	0.01879	0.01879	0.01394	0.02000	0.01151	0.01515	0.00970	0.00545	0.00606	0.00182	0.00727	0.00545	0.00303	0.00970
32	0.02452	0.02130	0.01636	0.01388	0.01777	0.41691	0.01081	0.10198	0.01864	0.27563	0.01518	0.01487	0.01071	0.00686	0.00581	0.00172	0.00853	0.00489	0.00502	0.00862
33	0.45933	0.01456	0.01297	0.01072	0.01490	0.05942	0.00877	0.25777	0.01746	0.07556	0.01163	0.01229	0.00851	0.00640	0.00483	0.00186	0.00581	0.00427	0.00477	0.00817
34	0.11096	0.01115	0.01749	0.64740	0.06745	0.01365	0.01581	0.01606	0.01209	0.01726	0.01062	0.01550	0.00804	0.00604	0.00583	0.00201	0.00771	0.00518	0.00286	0.00690
35	0.05735	0.01097	0.01460	0.10329	0.01883	0.01058	0.01001	0.05058	0.07437	0.55055	0.02165	0.01980	0.01408	0.00737	0.00606	0.00192	0.00557	0.00599	0.00668	0.00976
36	0.01292	0.08213	0.61307	0.01635	0.02446	0.01504	0.02020	0.02091	0.10073	0.01979	0.01251	0.01391	0.00909	0.00608	0.00573	0.00191	0.00836	0.00473	0.00303	0.00904
37	0.00983	0.10168	0.01194	0.00937	0.01077	0.00858	0.04374	0.01118	0.01148	0.01487	0.02565	0.21963	0.06424	0.28896	0.01571	0.00359	0.00546	0.13369	0.00446	0.00517
38	0.01167	0.01078	0.01756	0.67799	0.03877	0.01329	0.01612	0.01646	0.05520	0.01640	0.01305	0.01999	0.01047	0.00692	0.00627	0.00209	0.00781	0.04916	0.00311	0.00690
39	0.01350	0.01286	0.02187	0.37346	0.42367	0.01411	0.01797	0.01734	0.01316	0.01800	0.01122	0.01569	0.00899	0.00576	0.00609	0.00192	0.00768	0.00545	0.00289	0.00837
40	0.01236	0.02947	0.66490	0.06485	0.02780	0.01425	0.06383	0.01917	0.01297	0.01917	0.01106	0.01335	0.00787	0.00580	0.00592	0.00195	0.00907	0.00474	0.00262	0.00886

[dist]
# distance from previous block
# <min> <max>
1	3

[block]
# block no. 10 follows, 37 sequences, length 29
# corresponding to MSA columns:
# 727-741,745-758
name=unknown_K
#
# <colnr> <probs for GDERKNQSTAVLIFYWHMCP>
#	G	D	E	R	K	N	Q	S	T	A	V	L	I	F	Y	W	H	M	C	P
0	0.01156	0.01088	0.01836	0.77016	0.04216	0.01360	0.01700	0.01564	0.01224	0.01564	0.01088	0.01632	0.00816	0.00612	0.00612	0.00204	0.00816	0.00544	0.00272	0.00680
1	0.01156	0.01088	0.01836	0.77016	0.04216	0.01360	0.01700	0.01564	0.01224	0.01564	0.01088	0.01632	0.00816	0.00612	0.00612	0.00204	0.00816	0.00544	0.00272	0.00680
2	0.02033	0.02495	0.01772	0.01585	0.01816	0.56167	0.01225	0.02184	0.01521	0.01491	0.00908	0.01167	0.00793	0.00749	0.00942	0.00187	0.21531	0.00432	0.00303	0.00699
3	0.01315	0.01129	0.01290	0.00967	0.01476	0.00943	0.00769	0.01848	0.14223	0.02096	0.01339	0.01451	0.01079	0.00521	0.00484	0.00112	0.00459	0.00422	0.00409	0.67670
4	0.02327	0.01715	0.01837	0.01408	0.01898	0.01898	0.01163	0.72628	0.02878	0.03858	0.01470	0.01470	0.01041	0.00735	0.00612	0.00184	0.00674	0.00551	0.00612	0.01041
5	0.42742	0.01231	0.01141	0.01012	0.01383	0.01406	0.00810	0.02500	0.32192	0.07370	0.01657	0.01618	0.01235	0.00693	0.00499	0.00197	0.00481	0.00505	0.00508	0.00819
6	0.02377	0.01504	0.01691	0.01310	0.01785	0.01602	0.01078	0.48642	0.08009	0.22839	0.01801	0.01697	0.01232	0.00748	0.00614	0.00187	0.00618	0.00579	0.00652	0.01036
7	0.01156	0.01088	0.01836	0.77016	0.04216	0.01360	0.01700	0.01564	0.01224	0.01564	0.01088	0.01632	0.00816	0.00612	0.00612	0.00204	0.00816	0.00544	0.00272	0.00680
8	0.01269	0.01088	0.01269	0.00907	0.01451	0.00816	0.00725	0.01541	0.01269	0.01995	0.01088	0.01269	0.00907	0.00453	0.00453	0.00091	0.00453	0.00363	0.00363	0.82229
9	0.00746	0.00533	0.00710	0.00852	0.00888	0.00497	0.00568	0.00852	0.01172	0.01563	0.03374	0.78088	0.04049	0.01918	0.00781	0.00249	0.00355	0.01740	0.00568	0.00497
10	0.02327	0.01715	0.01837	0.01408	0.01898	0.01898	0.01163	0.72628	0.02878	0.03858	0.01470	0.01470	0.01041	0.00735	0.00612	0.00184	0.00674	0.00551	0.00612	0.01041
11	0.02422	0.01562	0.01743	0.01336	0.01822	0.01672	0.01104	0.56860	0.02623	0.19985	0.01684	0.01609	0.01148	0.00740	0.00613	0.00185	0.00639	0.00566	0.00645	0.01041
12	0.00723	0.00620	0.00620	0.00620	0.00827	0.00517	0.00465	0.00878	0.01395	0.01654	0.06201	0.05891	0.74421	0.01550	0.00723	0.00207	0.00310	0.01292	0.00568	0.00517
13	0.02287	0.02917	0.01735	0.01577	0.01892	0.76030	0.01183	0.02444	0.01735	0.01498	0.00946	0.01104	0.00788	0.00631	0.00552	0.00158	0.01104	0.00394	0.00315	0.00710
14	0.01637	0.78856	0.03208	0.01047	0.01571	0.02422	0.01047	0.01833	0.01244	0.01440	0.00851	0.00982	0.00786	0.00524	0.00393	0.00131	0.00655	0.00327	0.00262	0.00786
15	0.02593	0.01003	0.01366	0.01071	0.01511	0.00869	0.00874	0.02819	0.01707	0.69442	0.02489	0.07925	0.01710	0.00847	0.00628	0.00194	0.00508	0.00702	0.00743	0.01000
16	0.01269	0.01088	0.01269	0.00907	0.01451	0.00816	0.00725	0.01541	0.01269	0.01995	0.01088	0.01269	0.00907	0.00453	0.00453	0.00091	0.00453	0.00363	0.00363	0.82229
17	0.00890	0.00593	0.00668	0.00668	0.00668	0.00593	0.00371	0.00890	0.00890	0.01187	0.01929	0.04006	0.02225	0.78487	0.03116	0.00593	0.00593	0.00890	0.00371	0.00371
18	0.01637	0.78856	0.03208	0.01047	0.01571	0.02422	0.01047	0.01833	0.01244	0.01440	0.00851	0.00982	0.00786	0.00524	0.00393	0.00131	0.00655	0.00327	0.00262	0.00786
19	0.01778	0.01072	0.01321	0.00970	0.01489	0.00845	0.00785	0.02038	0.01436	0.27192	0.01545	0.01550	0.01116	0.00558	0.00509	0.00125	0.00477	0.00450	0.00499	0.54243
20	0.00890	0.00593	0.00668	0.00668	0.00668	0.00593	0.00371	0.00890	0.00890	0.01187	0.01929	0.04006	0.02225	0.78487	0.03116	0.00593	0.00593	0.00890	0.00371	0.00371
21	0.01471	0.52049	0.02735	0.27234	0.02483	0.02056	0.01272	0.01740	0.01237	0.01483	0.00933	0.01206	0.00796	0.00554	0.00468	0.00156	0.00710	0.00402	0.00265	0.00749
22	0.00746	0.00533	0.00710	0.00852	0.00888	0.00497	0.00568	0.00852	0.01172	0.01563	0.03374	0.78088	0.04049	0.01918	0.00781	0.00249	0.00355	0.01740	0.00568	0.00497
23	0.00762	0.00544	0.00729	0.00871	0.00913	0.00511	0.00596	0.00880	0.01188	0.01581	0.03365	0.73335	0.04013	0.01903	0.00786	0.00251	0.00369	0.06335	0.00568	0.00502
24	0.82811	0.01184	0.00900	0.00805	0.01184	0.01373	0.00663	0.01799	0.01042	0.02746	0.00852	0.00994	0.00663	0.00568	0.00379	0.00189	0.00474	0.00331	0.00379	0.00663
25	0.00734	0.00624	0.00635	0.00641	0.00845	0.00524	0.00486	0.00894	0.01396	0.01661	0.06082	0.05932	0.71567	0.01556	0.00728	0.00210	0.00320	0.04080	0.00568	0.00519
26	0.01321	0.02516	0.44563	0.02103	0.02885	0.01476	0.32363	0.01948	0.01358	0.01948	0.01159	0.01446	0.00841	0.00553	0.00642	0.00199	0.00959	0.00568	0.00280	0.00871
27	0.01358	0.01294	0.02201	0.35779	0.43873	0.01413	0.01801	0.01741	0.01320	0.01809	0.01124	0.01566	0.00902	0.00575	0.00609	0.00192	0.00766	0.00545	0.00289	0.00843
28	0.48472	0.01123	0.01123	0.00927	0.01346	0.01170	0.00764	0.02307	0.01346	0.33775	0.01523	0.01461	0.01028	0.00649	0.00480	0.00189	0.00494	0.00453	0.00541	0.00825

[dist]
# distance from previous block
# <min> <max>
0	1

[block]
# block no. 11 follows, 37 sequences, length 23
# corresponding to MSA columns:
# 760-782
name=unknown_L
#
# <colnr> <probs for GDERKNQSTAVLIFYWHMCP>
#	G	D	E	R	K	N	Q	S	T	A	V	L	I	F	Y	W	H	M	C	P
0	0.01228	0.03166	0.75316	0.01745	0.02649	0.01422	0.02262	0.01939	0.01292	0.01939	0.01099	0.01292	0.00775	0.00582	0.00582	0.00194	0.00905	0.00452	0.00258	0.00905
1	0.02166	0.01416	0.01599	0.01240	0.01687	0.01483	0.01016	0.46493	0.02431	0.17130	0.10673	0.01960	0.01711	0.00787	0.00618	0.00181	0.00584	0.00622	0.00634	0.05569
2	0.82811	0.01184	0.00900	0.00805	0.01184	0.01373	0.00663	0.01799	0.01042	0.02746	0.00852	0.00994	0.00663	0.00568	0.00379	0.00189	0.00474	0.00331	0.00379	0.00663
3	0.01509	0.01621	0.03504	0.02507	0.03119	0.01516	0.68934	0.02011	0.01460	0.05550	0.01296	0.01672	0.00958	0.00528	0.00717	0.00206	0.01007	0.00717	0.00332	0.00836
4	0.01423	0.39376	0.40819	0.01411	0.02134	0.01900	0.01681	0.01888	0.01269	0.01700	0.00980	0.01144	0.00780	0.00554	0.00491	0.00164	0.00785	0.00393	0.00260	0.00848
5	0.00765	0.00622	0.00677	0.00663	0.00852	0.00534	0.00497	0.00958	0.01492	0.01884	0.25830	0.05511	0.54648	0.01464	0.00723	0.00203	0.00304	0.01239	0.00599	0.00534
6	0.02327	0.01715	0.01837	0.01408	0.01898	0.01898	0.01163	0.72628	0.02878	0.03858	0.01470	0.01470	0.01041	0.00735	0.00612	0.00184	0.00674	0.00551	0.00612	0.01041
7	0.00874	0.00656	0.00984	0.00984	0.01093	0.00765	0.00765	0.01093	0.00984	0.01421	0.01640	0.02405	0.01530	0.04591	0.76062	0.00984	0.01640	0.00656	0.00328	0.00547
8	0.82811	0.01184	0.00900	0.00805	0.01184	0.01373	0.00663	0.01799	0.01042	0.02746	0.00852	0.00994	0.00663	0.00568	0.00379	0.00189	0.00474	0.00331	0.00379	0.00663
9	0.01180	0.01105	0.01569	0.01393	0.01431	0.01494	0.01142	0.01343	0.00953	0.01455	0.01090	0.01705	0.01053	0.02279	0.27421	0.00514	0.51380	0.00577	0.00288	0.00627
10	0.00746	0.00533	0.00710	0.00852	0.00888	0.00497	0.00568	0.00852	0.01172	0.01563	0.03374	0.78088	0.04049	0.01918	0.00781	0.00249	0.00355	0.01740	0.00568	0.00497
11	0.00746	0.00533	0.00710	0.00852	0.00888	0.00497	0.00568	0.00852	0.01172	0.01563	0.03374	0.78088	0.04049	0.01918	0.00781	0.00249	0.00355	0.01740	0.00568	0.00497
12	0.00723	0.00620	0.00620	0.00620	0.00827	0.00517	0.00465	0.00878	0.01395	0.01654	0.06201	0.05891	0.74421	0.01550	0.00723	0.00207	0.00310	0.01292	0.00568	0.00517
13	0.01269	0.01088	0.01269	0.00907	0.01451	0.00816	0.00725	0.01541	0.01269	0.01995	0.01088	0.01269	0.00907	0.00453	0.00453	0.00091	0.00453	0.00363	0.00363	0.82229
14	0.02223	0.01677	0.01866	0.01440	0.01922	0.01852	0.03909	0.63833	0.08993	0.03671	0.01550	0.01548	0.01109	0.00735	0.00618	0.00187	0.00671	0.00570	0.00602	0.01026
15	0.01156	0.01088	0.01836	0.77016	0.04216	0.01360	0.01700	0.01564	0.01224	0.01564	0.01088	0.01632	0.00816	0.00612	0.00612	0.00204	0.00816	0.00544	0.00272	0.00680
16	0.01681	0.01598	0.02735	0.02041	0.02510	0.04124	0.39290	0.13107	0.06097	0.06744	0.01350	0.01623	0.01017	0.00672	0.00881	0.00209	0.12421	0.00648	0.00398	0.00854
17	0.00876	0.00649	0.00950	0.00950	0.01048	0.00747	0.00723	0.01071	0.00974	0.01396	0.01670	0.02575	0.01604	0.12463	0.68291	0.00942	0.01528	0.00681	0.00333	0.00528
18	0.13655	0.02020	0.29018	0.01510	0.01950	0.01619	0.01554	0.06611	0.04007	0.02042	0.01031	0.01315	0.00829	0.00781	0.01084	0.00220	0.29163	0.00481	0.00318	0.00793
19	0.01401	0.01338	0.02279	0.27030	0.52287	0.01424	0.01822	0.01779	0.01340	0.01861	0.01131	0.01552	0.00921	0.00567	0.00608	0.00189	0.00755	0.00545	0.00293	0.00878
20	0.01245	0.06328	0.72304	0.01716	0.02604	0.01463	0.02211	0.01934	0.01290	0.01918	0.01088	0.01279	0.00776	0.00579	0.00574	0.00191	0.00894	0.00447	0.00259	0.00900
21	0.10164	0.01329	0.01977	0.30332	0.29670	0.01478	0.01575	0.12419	0.01517	0.02197	0.01144	0.01496	0.00891	0.00601	0.00585	0.00191	0.00725	0.00523	0.00346	0.00840
22	0.01515	0.01454	0.02485	0.03757	0.74669	0.01454	0.01879	0.01879	0.01394	0.02000	0.01151	0.01515	0.00970	0.00545	0.00606	0.00182	0.00727	0.00545	0.00303	0.00970

[dist]
# distance from previous block
# <min> <max>
5	16

[block]
# block no. 12 follows, 37 sequences, length 18
# corresponding to MSA columns:
# 799-816
name=unknown_M
#
# <colnr> <probs for GDERKNQSTAVLIFYWHMCP>
#	G	D	E	R	K	N	Q	S	T	A	V	L	I	F	Y	W	H	M	C	P
0	0.07670	0.12475	0.32968	0.09242	0.22314	0.01555	0.01817	0.01862	0.01288	0.01916	0.01060	0.01321	0.00825	0.00566	0.00550	0.00183	0.00781	0.00460	0.00282	0.00867
1	0.06842	0.02100	0.01713	0.01415	0.01830	0.30567	0.01123	0.36035	0.02244	0.08394	0.01305	0.01349	0.00959	0.00687	0.00576	0.00174	0.00818	0.00483	0.00495	0.00891
2	0.14364	0.01401	0.02553	0.01871	0.02410	0.01332	0.40468	0.02235	0.01472	0.23461	0.01523	0.01676	0.01059	0.00595	0.00638	0.00199	0.00797	0.00631	0.00451	0.00864
3	0.00906	0.00643	0.00793	0.00851	0.00938	0.00629	0.00638	0.01045	0.01176	0.01519	0.03071	0.05468	0.12906	0.35956	0.01842	0.00410	0.00541	0.29719	0.00478	0.00471
4	0.01228	0.03166	0.75316	0.01745	0.02649	0.01422	0.02262	0.01939	0.01292	0.01939	0.01099	0.01292	0.00775	0.00582	0.00582	0.00194	0.00905	0.00452	0.00258	0.00905
5	0.00723	0.00620	0.00620	0.00620	0.00827	0.00517	0.00465	0.00878	0.01395	0.01654	0.06201	0.05891	0.74421	0.01550	0.00723	0.00207	0.00310	0.01292	0.00568	0.00517
6	0.01475	0.01272	0.01363	0.01182	0.01565	0.01390	0.00923	0.02932	0.60014	0.02455	0.02228	0.02094	0.01688	0.00760	0.00591	0.00186	0.00479	0.00630	0.00574	0.16199
7	0.15368	0.02165	0.01639	0.01386	0.01780	0.34908	0.01091	0.29803	0.02070	0.02624	0.01136	0.01229	0.00867	0.00661	0.00547	0.00173	0.00833	0.00445	0.00442	0.00832
8	0.01240	0.00993	0.01064	0.00988	0.01179	0.01108	0.00702	0.02198	0.41119	0.01947	0.02240	0.03053	0.02028	0.35500	0.01736	0.00380	0.00533	0.00781	0.00510	0.00702
9	0.02631	0.01068	0.01417	0.01104	0.01565	0.00959	0.00906	0.03009	0.08536	0.68241	0.02422	0.02102	0.01549	0.00765	0.00616	0.00191	0.00517	0.00623	0.00745	0.01035
