[name]
unknown

[dist]
# distance from previous block
# <min> <max>
0	34

[block]
# block no. 0 follows, 45 sequences, length 45
# corresponding to MSA columns:
# 34-78
name=unknown_A
#
# <colnr> <probs for GDERKNQSTAVLIFYWHMCP>
#	G	D	E	R	K	N	Q	S	T	A	V	L	I	F	Y	W	H	M	C	P
0	0.01387	0.01468	0.12208	0.01298	0.05084	0.15574	0.03667	0.08943	0.03650	0.07721	0.05833	0.03003	0.01830	0.00900	0.00600	0.00189	0.00638	0.24917	0.00421	0.00670
1	0.01624	0.21576	0.08593	0.01294	0.01717	0.32340	0.08173	0.07134	0.01387	0.01567	0.00891	0.01040	0.00728	0.00507	0.00461	0.00135	0.00764	0.00370	0.00283	0.09417
2	0.01691	0.17753	0.04385	0.01603	0.17128	0.05495	0.07668	0.07647	0.01378	0.22630	0.01326	0.03136	0.01007	0.00671	0.02633	0.00175	0.02004	0.00486	0.00393	0.00790
3	0.01087	0.01262	0.09255	0.01107	0.01353	0.14053	0.11379	0.01354	0.05189	0.01435	0.04507	0.13574	0.07870	0.22840	0.01172	0.00270	0.00615	0.00777	0.00359	0.00541
4	0.00713	0.00513	0.00626	0.00656	0.00724	0.00480	0.00441	0.00828	0.01113	0.01492	0.22070	0.29489	0.13743	0.23231	0.01225	0.00283	0.00348	0.01125	0.00475	0.00426
5	0.01336	0.23751	0.25982	0.01184	0.01653	0.18229	0.01214	0.01716	0.05293	0.01534	0.06177	0.04279	0.04249	0.00632	0.00481	0.00151	0.00678	0.00475	0.00300	0.00686
6	0.01197	0.01796	0.28837	0.10475	0.30506	0.01271	0.14873	0.01650	0.01184	0.01689	0.01001	0.01292	0.00771	0.00491	0.00543	0.00169	0.00747	0.00477	0.00250	0.00782
7	0.00733	0.00519	0.00658	0.00695	0.00793	0.00472	0.00494	0.00891	0.01240	0.03700	0.28426	0.40150	0.16432	0.01404	0.00655	0.00194	0.00289	0.01247	0.00534	0.00475
8	0.01329	0.01275	0.02179	0.03295	0.77787	0.01275	0.01647	0.01647	0.01222	0.01754	0.01010	0.01329	0.00850	0.00478	0.00531	0.00159	0.00638	0.00478	0.00266	0.00850
9	0.13895	0.04758	0.08959	0.01486	0.01921	0.03476	0.31404	0.01731	0.05999	0.07601	0.08443	0.05296	0.01377	0.00619	0.00550	0.00173	0.00656	0.00602	0.00363	0.00693
10	0.07755	0.11969	0.01584	0.01191	0.01523	0.38664	0.00947	0.15496	0.09980	0.01870	0.01188	0.01249	0.03163	0.00598	0.00477	0.00148	0.00729	0.00412	0.00359	0.00701
11	0.00740	0.00544	0.00693	0.00664	0.00792	0.00497	0.00495	0.00972	0.01460	0.02032	0.65419	0.08260	0.13116	0.01158	0.00636	0.00173	0.00258	0.01019	0.00576	0.00497
12	0.01207	0.01388	0.10019	0.05818	0.02104	0.01321	0.28483	0.01901	0.21853	0.01770	0.01501	0.01779	0.03492	0.00666	0.00754	0.00190	0.11943	0.02736	0.00349	0.00724
13	0.01299	0.25925	0.19696	0.02089	0.31286	0.01533	0.07705	0.01653	0.01166	0.01590	0.00926	0.01153	0.00760	0.00478	0.00478	0.00150	0.00676	0.00415	0.00246	0.00778
14	0.01462	0.01307	0.01989	0.02719	0.56931	0.01353	0.01461	0.15579	0.08094	0.02100	0.01165	0.01380	0.00931	0.00531	0.00534	0.00162	0.00610	0.00490	0.00341	0.00862
15	0.00781	0.00520	0.00585	0.00585	0.00585	0.00520	0.00325	0.00781	0.00781	0.01041	0.01691	0.03513	0.01952	0.81135	0.02732	0.00520	0.00520	0.00781	0.00325	0.00325
16	0.01851	0.22233	0.05075	0.01114	0.01503	0.23934	0.00957	0.07319	0.05509	0.21177	0.03507	0.01335	0.01048	0.00587	0.00475	0.00146	0.00652	0.00425	0.00404	0.00751
17	0.01141	0.11961	0.44925	0.22881	0.02556	0.04499	0.01679	0.01617	0.01127	0.01541	0.00929	0.01175	0.00691	0.00513	0.00496	0.00164	0.00752	0.00403	0.00232	0.00720
18	0.00657	0.00494	0.00608	0.00686	0.00766	0.00446	0.00474	0.00774	0.01119	0.01452	0.09360	0.54097	0.24024	0.01548	0.00667	0.00204	0.00296	0.01375	0.00505	0.00446
19	0.01077	0.01018	0.01723	0.64574	0.18477	0.01209	0.01522	0.01427	0.01103	0.01448	0.00965	0.01411	0.00742	0.00525	0.00536	0.00175	0.00700	0.00477	0.00244	0.00647
20	0.02019	0.01163	0.01594	0.01667	0.22357	0.01145	0.01083	0.21007	0.01701	0.38238	0.01604	0.01554	0.01092	0.00608	0.00537	0.00163	0.00540	0.00509	0.00523	0.00896
21	0.02408	0.00914	0.01246	0.00955	0.01370	0.00789	0.00789	0.02616	0.01536	0.78158	0.02118	0.01827	0.01329	0.00664	0.00540	0.00166	0.00457	0.00540	0.00664	0.00914
22	0.00670	0.00492	0.00630	0.00708	0.00776	0.00451	0.00488	0.00798	0.01141	0.01521	0.16649	0.57276	0.13354	0.01535	0.00669	0.00204	0.00296	0.01376	0.00515	0.00451
23	0.01146	0.23048	0.04100	0.01203	0.01415	0.01451	0.06350	0.01337	0.01026	0.01387	0.01333	0.09801	0.01389	0.00925	0.00978	0.00197	0.29093	0.12912	0.00305	0.00600
24	0.00850	0.00608	0.00847	0.00961	0.01081	0.00604	0.00830	0.01091	0.01242	0.01626	0.06854	0.09171	0.03215	0.01471	0.00733	0.00242	0.00473	0.67108	0.00500	0.00492
25	0.01014	0.00954	0.01610	0.79845	0.03697	0.01193	0.01491	0.01371	0.01073	0.01371	0.00954	0.01431	0.00716	0.00537	0.00537	0.00179	0.00716	0.00477	0.00239	0.00596
26	0.01077	0.02777	0.78354	0.01530	0.02323	0.01247	0.01983	0.01700	0.01133	0.01700	0.00963	0.01133	0.00680	0.00510	0.00510	0.00170	0.00793	0.00397	0.00227	0.00793
27	0.01329	0.01275	0.02179	0.03295	0.77787	0.01275	0.01647	0.01647	0.01222	0.01754	0.01010	0.01329	0.00850	0.00478	0.00531	0.00159	0.00638	0.00478	0.00266	0.00850
28	0.00654	0.00467	0.00623	0.00747	0.00779	0.00436	0.00498	0.00747	0.01028	0.01370	0.02959	0.80785	0.03550	0.01682	0.00685	0.00218	0.00311	0.01526	0.00498	0.00436
29	0.00654	0.00467	0.00623	0.00747	0.00779	0.00436	0.00498	0.00747	0.01028	0.01370	0.02959	0.80785	0.03550	0.01682	0.00685	0.00218	0.00311	0.01526	0.00498	0.00436
30	0.00663	0.00473	0.00631	0.00746	0.00779	0.00449	0.00499	0.00757	0.01012	0.01353	0.02852	0.74833	0.03404	0.04610	0.03941	0.00255	0.00365	0.01461	0.00484	0.00434
31	0.01014	0.00954	0.01610	0.79845	0.03697	0.01193	0.01491	0.01371	0.01073	0.01371	0.00954	0.01431	0.00716	0.00537	0.00537	0.00179	0.00716	0.00477	0.00239	0.00596
32	0.01267	0.01448	0.03167	0.02262	0.02805	0.01357	0.75837	0.01719	0.01267	0.01719	0.01086	0.01448	0.00814	0.00452	0.00633	0.00181	0.00905	0.00633	0.00271	0.00724
33	0.00654	0.00467	0.00623	0.00747	0.00779	0.00436	0.00498	0.00747	0.01028	0.01370	0.02959	0.80785	0.03550	0.01682	0.00685	0.00218	0.00311	0.01526	0.00498	0.00436
34	0.01236	0.15330	0.44796	0.01315	0.01925	0.01429	0.01505	0.05067	0.18723	0.01825	0.01224	0.01296	0.00913	0.00558	0.00492	0.00163	0.00663	0.00431	0.00314	0.00794
35	0.00760	0.00549	0.00718	0.00675	0.00802	0.00506	0.00506	0.01013	0.01519	0.02153	0.77503	0.04010	0.05065	0.01097	0.00633	0.00169	0.00253	0.00971	0.00591	0.00506
36	0.00690	0.00542	0.00623	0.00611	0.00761	0.00476	0.00455	0.00875	0.01343	0.01753	0.36752	0.08186	0.42498	0.01260	0.00636	0.00178	0.00266	0.01081	0.00539	0.00476
37	0.01838	0.01150	0.01155	0.00969	0.01273	0.16329	0.00763	0.02092	0.04230	0.39305	0.22493	0.02259	0.02235	0.00763	0.00554	0.00162	0.00502	0.00621	0.00563	0.00742
38	0.01695	0.01804	0.01967	0.05704	0.02057	0.29234	0.21509	0.18295	0.08822	0.01972	0.01136	0.01293	0.00865	0.00561	0.00545	0.00161	0.00803	0.00487	0.00356	0.00734
39	0.01341	0.01246	0.01762	0.01418	0.01791	0.01353	0.21377	0.05065	0.53580	0.02141	0.01853	0.01826	0.01388	0.00650	0.00570	0.00181	0.00562	0.00610	0.00471	0.00817
40	0.01492	0.01111	0.01736	0.17640	0.13852	0.01173	0.11566	0.11240	0.06036	0.16103	0.01370	0.01571	0.01012	0.00846	0.06645	0.00224	0.02458	0.00528	0.02639	0.00757
41	0.01240	0.01330	0.02678	0.09266	0.20182	0.01313	0.47259	0.01631	0.01216	0.01671	0.01087	0.03349	0.00877	0.00515	0.00647	0.00179	0.03960	0.00599	0.00271	0.00730
42	0.01207	0.01363	0.05553	0.06042	0.02254	0.01463	0.37793	0.01522	0.01066	0.01522	0.00915	0.01320	0.00758	0.00662	0.01092	0.00203	0.33801	0.00547	0.00253	0.00663
43	0.01021	0.01050	0.01998	0.01533	0.01886	0.00990	0.40511	0.01410	0.06311	0.01631	0.02423	0.17746	0.17228	0.00898	0.00638	0.00188	0.00626	0.00909	0.00381	0.00620
44	0.01313	0.01251	0.03857	0.01444	0.01819	0.01278	0.23853	0.10510	0.34587	0.02103	0.01800	0.09311	0.01488	0.00733	0.00588	0.00184	0.00591	0.02073	0.00447	0.00771

[dist]
# distance from previous block
# <min> <max>
1	18

[block]
# block no. 1 follows, 45 sequences, length 9
# corresponding to MSA columns:
# 97-105
name=unknown_B
#
# <colnr> <probs for GDERKNQSTAVLIFYWHMCP>
#	G	D	E	R	K	N	Q	S	T	A	V	L	I	F	Y	W	H	M	C	P
0	0.03223	0.08796	0.38508	0.01469	0.07974	0.09673	0.01469	0.07705	0.06338	0.03880	0.02925	0.01377	0.03204	0.00576	0.00503	0.00161	0.00695	0.00446	0.00312	0.00766
1	0.06987	0.08908	0.13774	0.01395	0.07681	0.04432	0.14374	0.01440	0.01128	0.01616	0.06236	0.01796	0.04756	0.07038	0.07439	0.00247	0.03701	0.00540	0.00303	0.06208
2	0.11645	0.18914	0.03740	0.00914	0.01265	0.04743	0.00794	0.16258	0.05589	0.05632	0.01411	0.01499	0.04371	0.00727	0.03352	0.00170	0.00528	0.00445	0.13765	0.04239
3	0.24226	0.18931	0.10302	0.04069	0.03298	0.05088	0.00976	0.13149	0.06336	0.03807	0.01044	0.01147	0.00806	0.00542	0.00427	0.00153	0.00557	0.00382	0.04052	0.00710
4	0.00689	0.00551	0.00619	0.00617	0.00778	0.00482	0.00473	0.00867	0.01309	0.01664	0.25903	0.04906	0.50796	0.01294	0.00643	0.00183	0.00284	0.06944	0.00525	0.00472
5	0.01161	0.01352	0.12633	0.31144	0.12318	0.01213	0.19518	0.04340	0.01206	0.01676	0.01071	0.01421	0.00812	0.00516	0.00543	0.00171	0.00720	0.00506	0.06986	0.00691
6	0.00756	0.00524	0.00578	0.00578	0.00609	0.00509	0.00339	0.00779	0.00856	0.01111	0.02330	0.03795	0.14843	0.67535	0.02375	0.00463	0.00478	0.00841	0.00355	0.00347
7	0.00763	0.00567	0.00684	0.00692	0.00806	0.00531	0.00496	0.04608	0.01295	0.01731	0.28539	0.29137	0.20049	0.06644	0.00785	0.00211	0.00311	0.01150	0.00520	0.00480
8	0.20318	0.00884	0.00897	0.00784	0.01048	0.00929	0.00599	0.01761	0.20740	0.06732	0.01539	0.01870	0.01279	0.14320	0.00825	0.00213	0.00412	0.00506	0.12309	0.12035

[dist]
# distance from previous block
# <min> <max>
2	11

[block]
# block no. 2 follows, 45 sequences, length 17
# corresponding to MSA columns:
# 118-134
name=unknown_C
#
# <colnr> <probs for GDERKNQSTAVLIFYWHMCP>
#	G	D	E	R	K	N	Q	S	T	A	V	L	I	F	Y	W	H	M	C	P
0	0.01077	0.02777	0.78354	0.01530	0.02323	0.01247	0.01983	0.01700	0.01133	0.01700	0.00963	0.01133	0.00680	0.00510	0.00510	0.00170	0.00793	0.00397	0.00227	0.00793
1	0.01289	0.21291	0.37465	0.01581	0.11944	0.01426	0.04704	0.01704	0.01171	0.06799	0.03120	0.01235	0.00877	0.00529	0.00516	0.00157	0.02733	0.00419	0.00275	0.00768
2	0.01207	0.16933	0.34996	0.01932	0.24480	0.01387	0.04582	0.01624	0.01152	0.01620	0.01033	0.04810	0.00869	0.00543	0.00498	0.00159	0.00688	0.00462	0.00253	0.00771
3	0.00654	0.00467	0.00623	0.00747	0.00779	0.00436	0.00498	0.00747	0.01028	0.01370	0.02959	0.80785	0.03550	0.01682	0.00685	0.00218	0.00311	0.01526	0.00498	0.00436
4	0.00680	0.00496	0.00641	0.00719	0.00788	0.00457	0.00501	0.00814	0.01153	0.01544	0.18365	0.55531	0.11185	0.01525	0.00671	0.00205	0.00301	0.03451	0.00517	0.00454
5	0.26534	0.01051	0.01133	0.08485	0.01500	0.01167	0.00817	0.05584	0.26762	0.16982	0.01604	0.03691	0.01193	0.00651	0.00483	0.00174	0.00461	0.00506	0.00474	0.00749
6	0.01802	0.00978	0.01345	0.22719	0.02010	0.01012	0.00993	0.08540	0.08691	0.39351	0.03585	0.03875	0.01304	0.00672	0.00546	0.00172	0.00528	0.00561	0.00518	0.00797
7	0.00634	0.00544	0.00544	0.00544	0.00725	0.00453	0.00408	0.00770	0.01224	0.01450	0.05438	0.05166	0.77569	0.01359	0.00634	0.00181	0.00272	0.01133	0.00498	0.00453
8	0.01014	0.00954	0.01610	0.79845	0.03697	0.01193	0.01491	0.01371	0.01073	0.01371	0.00954	0.01431	0.00716	0.00537	0.00537	0.00179	0.00716	0.00477	0.00239	0.00596
9	0.01830	0.01507	0.01464	0.04809	0.01664	0.13685	0.00982	0.35978	0.21791	0.08449	0.01501	0.01474	0.01092	0.00649	0.00531	0.00164	0.00602	0.00498	0.00494	0.00836
10	0.00775	0.00542	0.00695	0.00695	0.00732	0.00580	0.00461	0.00851	0.00813	0.01122	0.01591	0.02960	0.01711	0.50756	0.32783	0.00655	0.00882	0.00700	0.00310	0.00386
11	0.84927	0.01038	0.00789	0.00706	0.01038	0.01204	0.00581	0.01578	0.00914	0.02408	0.00747	0.00872	0.00581	0.00498	0.00332	0.00166	0.00415	0.00291	0.00332	0.00581
12	0.01083	0.01061	0.01748	0.49896	0.02936	0.01342	0.07484	0.01376	0.01014	0.01376	0.00890	0.01355	0.00720	0.00651	0.00913	0.00196	0.24627	0.00488	0.00240	0.00604
13	0.00769	0.00542	0.00709	0.00715	0.00758	0.00583	0.00485	0.00858	0.00827	0.01145	0.01634	0.06205	0.01751	0.43720	0.36287	0.00658	0.00916	0.00722	0.00316	0.00398
14	0.01334	0.01487	0.01891	0.01533	0.01816	0.22349	0.26759	0.03772	0.01266	0.01527	0.01427	0.20268	0.01426	0.00835	0.00729	0.00184	0.09702	0.00746	0.00331	0.00618
15	0.00708	0.00540	0.00649	0.00721	0.00806	0.00513	0.00497	0.00917	0.06923	0.01441	0.03401	0.54206	0.20002	0.05086	0.00754	0.00220	0.00321	0.01333	0.00494	0.00467
16	0.10882	0.50060	0.08075	0.00952	0.01386	0.01754	0.00929	0.01768	0.12887	0.01589	0.01197	0.01254	0.04259	0.00550	0.00400	0.00138	0.00536	0.00384	0.00302	0.00699

[dist]
# distance from previous block
# <min> <max>
5	17

[block]
# block no. 3 follows, 45 sequences, length 24
# corresponding to MSA columns:
# 154-177
name=unknown_D
#
# <colnr> <probs for GDERKNQSTAVLIFYWHMCP>
#	G	D	E	R	K	N	Q	S	T	A	V	L	I	F	Y	W	H	M	C	P
0	0.00783	0.00650	0.00751	0.00824	0.00890	0.06314	0.00583	0.00905	0.01022	0.01334	0.02409	0.54577	0.02769	0.02203	0.20876	0.00378	0.00651	0.01193	0.00428	0.00461
1	0.01140	0.01554	0.21689	0.31669	0.24789	0.01243	0.07170	0.01562	0.01146	0.01593	0.00982	0.01326	0.00753	0.00507	0.00535	0.00171	0.00727	0.00468	0.00246	0.00730
2	0.01883	0.02331	0.01731	0.01487	0.01790	0.63759	0.10217	0.04592	0.01497	0.01434	0.00872	0.01046	0.00715	0.00559	0.00555	0.00148	0.04067	0.00391	0.00283	0.00643
3	0.01077	0.02777	0.78354	0.01530	0.02323	0.01247	0.01983	0.01700	0.01133	0.01700	0.00963	0.01133	0.00680	0.00510	0.00510	0.00170	0.00793	0.00397	0.00227	0.00793
4	0.01435	0.81458	0.02813	0.00918	0.01378	0.02124	0.00918	0.01607	0.01091	0.01263	0.00746	0.00861	0.00689	0.00459	0.00344	0.00115	0.00574	0.00287	0.00230	0.00689
5	0.00767	0.00575	0.00863	0.00863	0.00959	0.00671	0.00671	0.00959	0.00863	0.01246	0.01438	0.02109	0.01342	0.04026	0.79008	0.00863	0.01438	0.00575	0.00288	0.00479
6	0.00634	0.00544	0.00544	0.00544	0.00725	0.00453	0.00408	0.00770	0.01224	0.01450	0.05438	0.05166	0.77569	0.01359	0.00634	0.00181	0.00272	0.01133	0.00498	0.00453
7	0.01027	0.01815	0.40604	0.01378	0.06922	0.01054	0.01394	0.01637	0.13378	0.01707	0.01679	0.21836	0.01587	0.00845	0.00563	0.00184	0.00599	0.00728	0.00351	0.00714
8	0.01113	0.00954	0.01113	0.00795	0.01272	0.00716	0.00636	0.01352	0.01113	0.01749	0.00954	0.01113	0.00795	0.00398	0.00398	0.00080	0.00398	0.00318	0.00318	0.84417
9	0.01456	0.01233	0.01166	0.01026	0.01284	0.13660	0.00795	0.28409	0.04183	0.04338	0.05194	0.20970	0.10009	0.00999	0.00584	0.00177	0.00525	0.02834	0.00486	0.00672
10	0.01512	0.47984	0.02105	0.00971	0.01328	0.21688	0.00861	0.01688	0.01207	0.01396	0.00931	0.01073	0.00801	0.00510	0.00385	0.00123	0.00623	0.00337	0.13836	0.00641
11	0.01435	0.81458	0.02813	0.00918	0.01378	0.02124	0.00918	0.01607	0.01091	0.01263	0.00746	0.00861	0.00689	0.00459	0.00344	0.00115	0.00574	0.00287	0.00230	0.00689
12	0.01174	0.01174	0.01644	0.01409	0.01409	0.01644	0.01174	0.01292	0.00822	0.01292	0.00705	0.01174	0.00705	0.00940	0.01762	0.00235	0.80153	0.00470	0.00235	0.00587
13	0.01188	0.27231	0.54875	0.01340	0.02029	0.01519	0.01652	0.01671	0.01120	0.01564	0.00896	0.01049	0.00683	0.00494	0.00459	0.00153	0.00725	0.00363	0.00228	0.00761
14	0.01065	0.00898	0.00968	0.00921	0.01145	0.00986	0.00696	0.02031	0.47148	0.01916	0.02923	0.19615	0.15372	0.01045	0.00592	0.00190	0.00373	0.00898	0.00527	0.00691
15	0.00865	0.00618	0.00865	0.00989	0.01112	0.00618	0.00865	0.01112	0.01236	0.01606	0.02842	0.06055	0.03089	0.01483	0.00741	0.00247	0.00494	0.74174	0.00494	0.00494
16	0.00875	0.00719	0.01008	0.00948	0.00999	0.00892	0.00731	0.01009	0.00836	0.01216	0.01300	0.02152	0.01301	0.18833	0.43646	0.00631	0.21559	0.00590	0.00282	0.00476
17	0.01329	0.01275	0.02179	0.03295	0.77787	0.01275	0.01647	0.01647	0.01222	0.01754	0.01010	0.01329	0.00850	0.00478	0.00531	0.00159	0.00638	0.00478	0.00266	0.00850
18	0.10229	0.09013	0.01243	0.00973	0.03808	0.11084	0.00755	0.20720	0.01506	0.02206	0.01275	0.01437	0.01000	0.00703	0.03127	0.00166	0.00533	0.00435	0.29127	0.00661
19	0.00740	0.00488	0.00578	0.00651	0.00730	0.00455	0.00452	0.00881	0.01085	0.01546	0.03049	0.48206	0.14985	0.01357	0.00597	0.00188	0.00289	0.01198	0.22070	0.00455
20	0.01328	0.01703	0.11356	0.22012	0.02746	0.17009	0.32757	0.01713	0.01253	0.01545	0.00986	0.01309	0.00748	0.00501	0.00564	0.00171	0.00856	0.00507	0.00259	0.00679
21	0.05392	0.23914	0.06442	0.01495	0.01983	0.03706	0.28140	0.13792	0.01424	0.07184	0.01066	0.01228	0.00810	0.00508	0.00506	0.00156	0.00704	0.00470	0.00331	0.00752
22	0.40826	0.14282	0.08899	0.11241	0.01644	0.01408	0.00947	0.09400	0.03629	0.02115	0.00899	0.01049	0.00695	0.00521	0.00407	0.00160	0.00536	0.00355	0.00321	0.00665
23	0.04118	0.07265	0.16166	0.01295	0.05645	0.09907	0.07972	0.01867	0.01352	0.22928	0.11695	0.01852	0.04274	0.00657	0.00532	0.00162	0.00603	0.00550	0.00422	0.00739

[dist]
# distance from previous block
# <min> <max>
6	24

[block]
# block no. 4 follows, 45 sequences, length 18
# corresponding to MSA columns:
# 203-220
name=unknown_E
#
# <colnr> <probs for GDERKNQSTAVLIFYWHMCP>
#	G	D	E	R	K	N	Q	S	T	A	V	L	I	F	Y	W	H	M	C	P
0	0.01251	0.10077	0.18855	0.01414	0.06560	0.08524	0.11818	0.03508	0.07819	0.01781	0.11793	0.01626	0.01429	0.00589	0.00517	0.00152	0.00632	0.00511	0.00338	0.10806
1	0.03703	0.09681	0.03529	0.02940	0.01490	0.01272	0.00881	0.30721	0.01691	0.10736	0.01239	0.01319	0.00927	0.00737	0.04598	0.00174	0.00567	0.00429	0.03325	0.20040
2	0.06454	0.20501	0.56332	0.01339	0.02028	0.01443	0.01653	0.01671	0.01110	0.01646	0.00900	0.01055	0.00676	0.00498	0.00461	0.00157	0.00720	0.00365	0.00234	0.00756
3	0.01819	0.01457	0.15888	0.01156	0.01590	0.01212	0.01078	0.28607	0.01713	0.26134	0.01491	0.01614	0.01078	0.07599	0.00787	0.00199	0.04763	0.00510	0.00484	0.00823
4	0.00670	0.00541	0.00597	0.00591	0.00749	0.00467	0.00440	0.00837	0.01296	0.01642	0.25465	0.08817	0.53399	0.01303	0.00637	0.00180	0.00269	0.01108	0.00524	0.00467
5	0.00863	0.00637	0.00793	0.00746	0.00891	0.00623	0.00560	0.05845	0.06275	0.02135	0.58234	0.13683	0.04389	0.01121	0.00628	0.00176	0.00293	0.00989	0.00573	0.00545
6	0.00739	0.00548	0.00688	0.00653	0.00789	0.00497	0.00490	0.00972	0.01470	0.02034	0.65341	0.04205	0.17301	0.01142	0.00633	0.00171	0.00256	0.00998	0.00575	0.00497
7	0.03779	0.66564	0.14833	0.01010	0.01519	0.01957	0.01079	0.01621	0.01092	0.01366	0.00781	0.00905	0.00684	0.00468	0.00371	0.00125	0.00605	0.00305	0.00232	0.00702
8	0.00770	0.00516	0.00589	0.00599	0.00602	0.00513	0.00340	0.00778	0.00802	0.01069	0.01801	0.10193	0.02090	0.74266	0.02555	0.00494	0.00502	0.00845	0.00340	0.00335
9	0.01736	0.01285	0.01380	0.01099	0.01436	0.01418	0.00873	0.54921	0.09188	0.02834	0.01449	0.01776	0.01177	0.15837	0.00952	0.00231	0.00562	0.00551	0.00498	0.00796
10	0.05735	0.01571	0.01677	0.18120	0.19277	0.23316	0.01262	0.09533	0.01347	0.01697	0.00925	0.01201	0.00752	0.00588	0.00665	0.00168	0.10752	0.00431	0.00291	0.00693
11	0.01609	0.19983	0.01906	0.01464	0.08700	0.35330	0.01101	0.01767	0.01224	0.01338	0.00797	0.01028	0.00709	0.00619	0.00769	0.00159	0.20215	0.00375	0.00255	0.00650
12	0.01295	0.01195	0.01944	0.27476	0.47030	0.01286	0.01538	0.08558	0.01297	0.01785	0.01018	0.01357	0.00813	0.00513	0.00534	0.00166	0.00658	0.00478	0.00283	0.00775
13	0.01763	0.01230	0.01344	0.01086	0.01435	0.01339	0.00876	0.47669	0.11297	0.08856	0.01661	0.08964	0.01323	0.00752	0.00538	0.00166	0.00504	0.00603	0.07770	0.00825
14	0.00654	0.00493	0.00606	0.00687	0.00765	0.00444	0.00474	0.00767	0.01107	0.01432	0.07414	0.55938	0.24150	0.01563	0.00668	0.00205	0.00298	0.01389	0.00503	0.00444
15	0.00769	0.00766	0.07987	0.00786	0.00975	0.00582	0.00685	0.00985	0.01220	0.01598	0.16889	0.09617	0.27645	0.08180	0.00833	0.00226	0.00396	0.18894	0.00474	0.00493
16	0.01350	0.03709	0.47581	0.04818	0.15289	0.01190	0.01683	0.01831	0.01214	0.14591	0.01161	0.01291	0.00821	0.00531	0.00516	0.00167	0.00702	0.00436	0.00308	0.00814
17	0.01406	0.31155	0.07073	0.05262	0.01620	0.15738	0.01124	0.01593	0.01081	0.01316	0.00772	0.01032	0.00695	0.00644	0.00863	0.00166	0.27199	0.00375	0.00240	0.00645

[dist]
# distance from previous block
# <min> <max>
3	6

[block]
# block no. 5 follows, 45 sequences, length 23
# corresponding to MSA columns:
# 229-251
name=unknown_F
#
# <colnr> <probs for GDERKNQSTAVLIFYWHMCP>
#	G	D	E	R	K	N	Q	S	T	A	V	L	I	F	Y	W	H	M	C	P
0	0.01186	0.17952	0.32600	0.27667	0.02552	0.06304	0.01545	0.01599	0.01129	0.01478	0.00908	0.01168	0.00694	0.00511	0.00484	0.00160	0.00734	0.00398	0.00234	0.00695
1	0.02041	0.01504	0.01611	0.01235	0.01665	0.01665	0.01020	0.75997	0.02524	0.03383	0.01289	0.01289	0.00913	0.00644	0.00537	0.00161	0.00591	0.00483	0.00537	0.00913
2	0.00634	0.00544	0.00544	0.00544	0.00725	0.00453	0.00408	0.00770	0.01224	0.01450	0.05438	0.05166	0.77569	0.01359	0.00634	0.00181	0.00272	0.01133	0.00498	0.00453
3	0.00671	0.00547	0.00595	0.00588	0.00755	0.00471	0.00445	0.00839	0.01296	0.01625	0.22826	0.04911	0.57879	0.01299	0.00637	0.00180	0.00274	0.03174	0.00521	0.00467
4	0.02005	0.02558	0.01521	0.01383	0.01659	0.78980	0.01037	0.02143	0.01521	0.01314	0.00830	0.00968	0.00691	0.00553	0.00484	0.00138	0.00968	0.00346	0.00277	0.00622
5	0.00641	0.00516	0.00572	0.00617	0.00744	0.00447	0.00440	0.00762	0.01153	0.01421	0.04545	0.32410	0.50902	0.01476	0.00653	0.00194	0.00286	0.01275	0.00498	0.00447
6	0.01335	0.01153	0.01214	0.01092	0.01396	0.01335	0.00850	0.02852	0.76817	0.02245	0.02185	0.02003	0.01639	0.00728	0.00546	0.00182	0.00425	0.00607	0.00546	0.00850
7	0.00654	0.00467	0.00623	0.00747	0.00779	0.00436	0.00498	0.00747	0.01028	0.01370	0.02959	0.80785	0.03550	0.01682	0.00685	0.00218	0.00311	0.01526	0.00498	0.00436
8	0.01579	0.01944	0.11315	0.01841	0.08788	0.27558	0.26289	0.06059	0.01400	0.04260	0.01013	0.01234	0.00780	0.00528	0.00584	0.00163	0.03172	0.00478	0.00295	0.00722
9	0.01077	0.02777	0.78354	0.01530	0.02323	0.01247	0.01983	0.01700	0.01133	0.01700	0.00963	0.01133	0.00680	0.00510	0.00510	0.00170	0.00793	0.00397	0.00227	0.00793
10	0.02276	0.01126	0.01377	0.01056	0.01476	0.01104	0.00872	0.29053	0.01892	0.51219	0.01819	0.01633	0.01179	0.00657	0.00539	0.00164	0.00505	0.00519	0.00618	0.00913
11	0.01215	0.01160	0.01974	0.30874	0.51094	0.01246	0.01591	0.01548	0.01169	0.01616	0.00990	0.01366	0.00802	0.00499	0.00533	0.00166	0.00666	0.00478	0.00256	0.00759
12	0.01182	0.25984	0.56073	0.01350	0.02044	0.01505	0.01669	0.01673	0.01121	0.01571	0.00899	0.01053	0.00683	0.00495	0.00461	0.00154	0.00729	0.00364	0.00228	0.00763
13	0.00652	0.00474	0.00616	0.00729	0.00774	0.00438	0.00490	0.00749	0.01045	0.01377	0.03181	0.73995	0.10196	0.01653	0.00681	0.00215	0.00308	0.01491	0.00498	0.00438
14	0.00639	0.00544	0.00550	0.00548	0.00728	0.00455	0.00411	0.00779	0.01234	0.01475	0.08004	0.05125	0.74987	0.01350	0.00634	0.00181	0.00271	0.01127	0.00502	0.00455
15	0.01228	0.30021	0.02156	0.36264	0.17520	0.01545	0.01316	0.01511	0.01109	0.01408	0.00890	0.01205	0.00733	0.00497	0.00466	0.00152	0.00649	0.00409	0.00241	0.00680
16	0.01215	0.01181	0.01937	0.41464	0.28595	0.03895	0.08036	0.04324	0.01211	0.01605	0.00993	0.01377	0.00777	0.00514	0.00542	0.00170	0.00710	0.00487	0.00263	0.00706
17	0.01909	0.01051	0.01250	0.01031	0.01397	0.01079	0.00828	0.06546	0.35272	0.40294	0.02105	0.01878	0.01446	0.00692	0.00543	0.00173	0.00449	0.00567	0.00605	0.00885
18	0.01045	0.00992	0.01578	0.08190	0.37302	0.00991	0.05162	0.01300	0.01198	0.01595	0.02593	0.02720	0.28472	0.00816	0.00621	0.00173	0.03512	0.00722	0.00347	0.00671
19	0.31155	0.00787	0.00743	0.00692	0.00935	0.00819	0.00540	0.01347	0.07674	0.05292	0.10927	0.06774	0.28549	0.00952	0.00516	0.00176	0.00345	0.00760	0.00460	0.00559
20	0.12575	0.01047	0.01563	0.11889	0.35239	0.01086	0.02566	0.03428	0.01225	0.05819	0.05522	0.01924	0.07231	0.00641	0.00522	0.00167	0.00543	0.02800	0.03501	0.00710
21	0.06916	0.01329	0.01572	0.37618	0.10261	0.16062	0.03164	0.05685	0.03121	0.01655	0.04348	0.01405	0.00946	0.00560	0.00515	0.00164	0.00697	0.00464	0.00298	0.03222
22	0.08483	0.11566	0.35336	0.01523	0.10246	0.03525	0.05446	0.04511	0.05142	0.01810	0.02876	0.01232	0.00871	0.00523	0.00483	0.00157	0.00668	0.00419	0.00286	0.04895

[dist]
# distance from previous block
# <min> <max>
10	79

[block]
# block no. 6 follows, 45 sequences, length 9
# corresponding to MSA columns:
# 332-340
name=unknown_G
#
# <colnr> <probs for GDERKNQSTAVLIFYWHMCP>
#	G	D	E	R	K	N	Q	S	T	A	V	L	I	F	Y	W	H	M	C	P
0	0.01029	0.00998	0.01654	0.05619	0.01718	0.04535	0.25359	0.04675	0.01190	0.01571	0.01938	0.38768	0.02091	0.01076	0.00702	0.00198	0.04898	0.01016	0.00387	0.00578
1	0.01375	0.68226	0.15517	0.01021	0.01537	0.01976	0.01098	0.01623	0.01098	0.01336	0.00783	0.00907	0.00687	0.00468	0.00372	0.00124	0.00611	0.00305	0.00229	0.00706
2	0.01395	0.72706	0.11216	0.00987	0.01483	0.02026	0.01037	0.01618	0.01095	0.01312	0.00770	0.00891	0.00688	0.00465	0.00363	0.00121	0.00598	0.00299	0.00229	0.00700
3	0.50803	0.06310	0.27993	0.01006	0.01507	0.01272	0.01090	0.01622	0.01001	0.02095	0.00823	0.00963	0.00622	0.00500	0.00395	0.00164	0.00556	0.00327	0.00289	0.00662
4	0.15146	0.00757	0.00811	0.00760	0.00947	0.00795	0.00583	0.13091	0.01377	0.02165	0.17783	0.20561	0.02499	0.00976	0.00530	0.00172	0.00354	0.02833	0.17294	0.00566
5	0.01568	0.02661	0.37707	0.01452	0.01972	0.42370	0.01483	0.01935	0.01339	0.01496	0.00893	0.01046	0.00686	0.00533	0.00496	0.00153	0.00886	0.00370	0.00253	0.00703
6	0.01963	0.02027	0.01532	0.01285	0.01637	0.42507	0.01005	0.32167	0.01903	0.02184	0.01025	0.01108	0.00788	0.00580	0.00500	0.00144	0.00778	0.00400	0.00385	0.06083
7	0.01925	0.02004	0.01511	0.01267	0.01621	0.42468	0.00989	0.29114	0.01846	0.02117	0.01011	0.01101	0.00783	0.00570	0.00494	0.00140	0.00770	0.00393	0.00376	0.09498
8	0.00894	0.00775	0.00841	0.08046	0.01166	0.04909	0.00633	0.05160	0.06161	0.01735	0.19659	0.11190	0.34542	0.01135	0.00611	0.00179	0.00377	0.00964	0.00487	0.00536

[dist]
# distance from previous block
# <min> <max>
20	67

[block]
# block no. 7 follows, 45 sequences, length 15
# corresponding to MSA columns:
# 418-432
name=unknown_H
#
# <colnr> <probs for GDERKNQSTAVLIFYWHMCP>
#	G	D	E	R	K	N	Q	S	T	A	V	L	I	F	Y	W	H	M	C	P
0	0.04987	0.01166	0.01729	0.04507	0.15461	0.02331	0.13603	0.08145	0.09911	0.17482	0.04157	0.01589	0.01171	0.00586	0.00560	0.00162	0.02275	0.00527	0.01806	0.07844
1	0.06351	0.00991	0.01423	0.14993	0.24600	0.02535	0.02628	0.02910	0.06574	0.01732	0.05213	0.05489	0.11644	0.00824	0.00572	0.00181	0.00538	0.09773	0.00373	0.00658
2	0.05909	0.28488	0.05029	0.01062	0.01486	0.01542	0.03529	0.11920	0.18811	0.12062	0.01360	0.01351	0.01025	0.00575	0.00461	0.00149	0.00532	0.00438	0.00411	0.03859
3	0.01214	0.01144	0.01934	0.21780	0.53532	0.01202	0.01546	0.01537	0.01187	0.01649	0.01144	0.01735	0.00998	0.00574	0.00550	0.00171	0.00645	0.06421	0.00278	0.00760
4	0.01267	0.01134	0.01635	0.25168	0.22671	0.07542	0.05740	0.04574	0.01238	0.05970	0.01348	0.11346	0.01210	0.02654	0.00603	0.00180	0.00633	0.00619	0.03795	0.00675
5	0.07745	0.00865	0.01355	0.07774	0.08094	0.00849	0.12998	0.01293	0.01264	0.01871	0.25178	0.06545	0.02504	0.00834	0.00575	0.00172	0.00483	0.08120	0.04097	0.07385
6	0.03298	0.01053	0.01681	0.35629	0.25972	0.01232	0.01377	0.01440	0.01081	0.01555	0.00992	0.01391	0.00805	0.00587	0.00705	0.00177	0.12872	0.00473	0.07013	0.00665
7	0.01442	0.01450	0.01138	0.01039	0.01233	0.29034	0.00767	0.10883	0.09033	0.01601	0.01476	0.02376	0.01431	0.27271	0.01261	0.00281	0.00679	0.06664	0.00371	0.00573
8	0.01239	0.01027	0.01663	0.02320	0.48535	0.01005	0.01235	0.01530	0.01337	0.07767	0.24304	0.02180	0.02166	0.00680	0.00563	0.00163	0.00507	0.00632	0.00395	0.00751
9	0.14307	0.01429	0.01315	0.01040	0.01446	0.18727	0.04079	0.11932	0.01378	0.01977	0.00946	0.01082	0.00756	0.00485	0.00437	0.00122	0.00579	0.00357	0.00339	0.37266
10	0.01267	0.01502	0.11563	0.10414	0.28886	0.07652	0.01467	0.01547	0.01087	0.01518	0.00882	0.01234	0.00753	0.00647	0.00933	0.00186	0.27048	0.00454	0.00249	0.00711
11	0.00677	0.00527	0.00615	0.00632	0.00761	0.00465	0.00459	0.00839	0.01267	0.01645	0.26761	0.22861	0.37856	0.01357	0.00646	0.00186	0.00276	0.01177	0.00527	0.00465
12	0.01335	0.01153	0.01214	0.01092	0.01396	0.01335	0.00850	0.02852	0.76817	0.02245	0.02185	0.02003	0.01639	0.00728	0.00546	0.00182	0.00425	0.00607	0.00546	0.00850
13	0.00722	0.00572	0.00666	0.00713	0.00872	0.00516	0.00582	0.00900	0.01228	0.01510	0.04450	0.05504	0.49227	0.01406	0.00675	0.00206	0.00357	0.28927	0.00497	0.00469
14	0.07884	0.02364	0.01477	0.01323	0.01616	0.67102	0.01003	0.08185	0.01561	0.01562	0.00862	0.00988	0.00702	0.00557	0.00478	0.00142	0.00898	0.00353	0.00302	0.00643

[dist]
# distance from previous block
# <min> <max>
0	1

[block]
# block no. 8 follows, 45 sequences, length 33
# corresponding to MSA columns:
# 434-466
name=unknown_I
#
# <colnr> <probs for GDERKNQSTAVLIFYWHMCP>
#	G	D	E	R	K	N	Q	S	T	A	V	L	I	F	Y	W	H	M	C	P
0	0.08183	0.02112	0.01495	0.01286	0.01615	0.48748	0.00998	0.25454	0.01793	0.02049	0.00969	0.01062	0.00753	0.00578	0.00489	0.00148	0.00808	0.00385	0.00363	0.00711
1	0.01001	0.00500	0.00500	0.00500	0.00625	0.00500	0.00375	0.01251	0.01126	0.02001	0.01751	0.02001	0.01376	0.00625	0.00375	0.00125	0.00250	0.00500	0.84115	0.00500
2	0.34395	0.01905	0.01240	0.01110	0.01417	0.44262	0.00858	0.06069	0.01340	0.01857	0.00823	0.00949	0.00661	0.00537	0.00428	0.00150	0.00731	0.00332	0.00313	0.00623
3	0.52553	0.01220	0.01110	0.00913	0.01283	0.01384	0.00753	0.30644	0.01542	0.02789	0.00959	0.01035	0.00711	0.00555	0.00412	0.00164	0.00484	0.00366	0.00412	0.00711
4	0.01262	0.01054	0.01117	0.01008	0.01295	0.01187	0.00783	0.02535	0.63235	0.04259	0.04438	0.02450	0.11399	0.00816	0.00559	0.00181	0.00402	0.00681	0.00544	0.00792
5	0.00634	0.00544	0.00544	0.00544	0.00725	0.00453	0.00408	0.00770	0.01224	0.01450	0.05438	0.05166	0.77569	0.01359	0.00634	0.00181	0.00272	0.01133	0.00498	0.00453
6	0.02005	0.02558	0.01521	0.01383	0.01659	0.78980	0.01037	0.02143	0.01521	0.01314	0.00830	0.00968	0.00691	0.00553	0.00484	0.00138	0.00968	0.00346	0.00277	0.00622
7	0.00654	0.00467	0.00623	0.00747	0.00779	0.00436	0.00498	0.00747	0.01028	0.01370	0.02959	0.80785	0.03550	0.01682	0.00685	0.00218	0.00311	0.01526	0.00498	0.00436
8	0.01137	0.01080	0.01832	0.49946	0.32635	0.01225	0.01552	0.01479	0.01132	0.01521	0.00976	0.01391	0.00768	0.00514	0.00535	0.00171	0.00685	0.00478	0.00249	0.00695
9	0.02005	0.02558	0.01521	0.01383	0.01659	0.78980	0.01037	0.02143	0.01521	0.01314	0.00830	0.00968	0.00691	0.00553	0.00484	0.00138	0.00968	0.00346	0.00277	0.00622
10	0.00683	0.00546	0.00612	0.00595	0.00755	0.00474	0.00446	0.00865	0.01339	0.01724	0.33585	0.04714	0.49250	0.01257	0.00634	0.00176	0.00265	0.01070	0.00535	0.00474
11	0.01916	0.01125	0.01306	0.01065	0.01439	0.01177	0.00859	0.17343	0.31136	0.33596	0.01979	0.01788	0.01367	0.00685	0.00542	0.00171	0.00471	0.00555	0.00593	0.00888
12	0.02025	0.01975	0.01571	0.01301	0.01662	0.36203	0.01028	0.43005	0.02076	0.02459	0.01084	0.01145	0.00814	0.00604	0.00513	0.00151	0.00759	0.00422	0.00421	0.00783
13	0.00673	0.00482	0.00640	0.00734	0.00783	0.00449	0.00500	0.00796	0.01118	0.01514	0.16639	0.66695	0.03828	0.01574	0.00676	0.00209	0.00301	0.01424	0.00515	0.00449
14	0.01335	0.01153	0.01214	0.01092	0.01396	0.01335	0.00850	0.02852	0.76817	0.02245	0.02185	0.02003	0.01639	0.00728	0.00546	0.00182	0.00425	0.00607	0.00546	0.00850
15	0.00634	0.00544	0.00544	0.00544	0.00725	0.00453	0.00408	0.00770	0.01224	0.01450	0.05438	0.05166	0.77569	0.01359	0.00634	0.00181	0.00272	0.01133	0.00498	0.00453
16	0.02005	0.02558	0.01521	0.01383	0.01659	0.78980	0.01037	0.02143	0.01521	0.01314	0.00830	0.00968	0.00691	0.00553	0.00484	0.00138	0.00968	0.00346	0.00277	0.00622
17	0.01485	0.00766	0.00856	0.00727	0.00968	0.00768	0.00578	0.14772	0.01461	0.18512	0.01748	0.01838	0.01284	0.00637	0.00439	0.00140	0.00355	0.00506	0.51499	0.00662
18	0.09399	0.00900	0.00952	0.00810	0.01089	0.03394	0.00645	0.08988	0.09846	0.23216	0.01733	0.01746	0.01252	0.00635	0.00455	0.00150	0.00398	0.00497	0.33189	0.00704
19	0.01739	0.01481	0.01486	0.01190	0.01564	0.12285	0.02360	0.35888	0.13241	0.04615	0.01297	0.01337	0.00972	0.00621	0.00581	0.00154	0.05059	0.00462	0.00451	0.13217
20	0.01118	0.11879	0.69615	0.01459	0.02214	0.01348	0.01860	0.01689	0.01128	0.01649	0.00938	0.01102	0.00681	0.00504	0.00491	0.00164	0.00768	0.00384	0.00227	0.00781
21	0.01200	0.14244	0.22480	0.32218	0.11467	0.06568	0.01521	0.01581	0.01140	0.01483	0.00922	0.01219	0.00716	0.00512	0.00495	0.00161	0.00722	0.00417	0.00240	0.00695
22	0.01717	0.01074	0.01090	0.00899	0.01224	0.12421	0.00708	0.03994	0.01373	0.31200	0.01689	0.07460	0.01300	0.00668	0.00487	0.00143	0.00478	0.00536	0.15843	0.15697
23	0.01069	0.06056	0.10761	0.01089	0.01447	0.00878	0.14063	0.01378	0.01335	0.07784	0.29157	0.02773	0.12133	0.00820	0.00576	0.00162	0.00483	0.00737	0.00441	0.06857
24	0.01490	0.01112	0.01474	0.01346	0.08291	0.01193	0.05425	0.24723	0.03946	0.10157	0.05533	0.12089	0.01606	0.00851	0.00728	0.00181	0.10662	0.04414	0.00458	0.04321
25	0.06300	0.00948	0.01307	0.03409	0.12824	0.00905	0.03197	0.01964	0.09108	0.31403	0.01981	0.11841	0.04720	0.00763	0.00542	0.00168	0.00468	0.00659	0.00496	0.06994
26	0.09025	0.12610	0.30248	0.01454	0.06593	0.01293	0.12485	0.01668	0.03956	0.03196	0.01168	0.01325	0.03621	0.00523	0.00486	0.00155	0.00658	0.00443	0.00285	0.08807
27	0.03920	0.11166	0.04489	0.09100	0.06969	0.05279	0.00812	0.01177	0.01203	0.01544	0.10649	0.11572	0.27051	0.00993	0.00562	0.00171	0.00455	0.01929	0.00400	0.00560
28	0.01080	0.03352	0.10904	0.04521	0.08810	0.00912	0.00940	0.01493	0.08621	0.01767	0.08253	0.06116	0.04264	0.00631	0.00490	0.00134	0.00469	0.00535	0.00360	0.36350
29	0.00977	0.00997	0.06995	0.11237	0.21186	0.00943	0.01093	0.01263	0.03787	0.01567	0.06379	0.28375	0.04239	0.01004	0.00695	0.00191	0.07201	0.00877	0.00371	0.00621
30	0.01467	0.03807	0.01288	0.10169	0.05844	0.01053	0.00890	0.07308	0.21805	0.19736	0.13019	0.05527	0.04196	0.00776	0.00556	0.00172	0.00460	0.00657	0.00514	0.00754
31	0.01176	0.09325	0.04976	0.04221	0.16443	0.01140	0.01027	0.04664	0.06496	0.05507	0.09152	0.01959	0.05170	0.01425	0.17535	0.00318	0.07870	0.00569	0.00357	0.00670
32	0.05219	0.01238	0.07131	0.03652	0.08389	0.01188	0.02448	0.21106	0.01535	0.08819	0.08546	0.01754	0.05557	0.00696	0.00673	0.00164	0.10141	0.00536	0.00417	0.10788

[dist]
# distance from previous block
# <min> <max>
3	115

[block]
# block no. 9 follows, 45 sequences, length 28
# corresponding to MSA columns:
# 603-630
name=unknown_J
#
# <colnr> <probs for GDERKNQSTAVLIFYWHMCP>
#	G	D	E	R	K	N	Q	S	T	A	V	L	I	F	Y	W	H	M	C	P
0	0.04558	0.01017	0.01194	0.01222	0.11201	0.06545	0.00822	0.05394	0.09286	0.13066	0.06041	0.02008	0.01469	0.12869	0.10515	0.00298	0.03369	0.00561	0.02871	0.05692
1	0.08242	0.05696	0.14252	0.01126	0.01540	0.01069	0.11896	0.08408	0.04053	0.07652	0.07322	0.01749	0.03911	0.00617	0.00494	0.00154	0.00531	0.00525	0.14753	0.06010
2	0.01375	0.14111	0.19732	0.01125	0.01620	0.06801	0.01104	0.12134	0.11967	0.01935	0.01155	0.01241	0.00894	0.00531	0.00462	0.00137	0.00586	0.00402	0.02493	0.20195
3	0.01811	0.01278	0.01461	0.01167	0.01551	0.01388	0.03488	0.38359	0.24460	0.13759	0.04370	0.01681	0.01333	0.00682	0.00547	0.00169	0.00521	0.00551	0.00551	0.00873
4	0.06385	0.22944	0.33252	0.01386	0.07439	0.01528	0.01403	0.14001	0.01350	0.01909	0.01004	0.01227	0.00796	0.00544	0.00469	0.00155	0.00659	0.02485	0.00296	0.00769
5	0.10586	0.01566	0.20720	0.01101	0.01551	0.03325	0.01074	0.20629	0.11328	0.04407	0.01955	0.01943	0.13684	0.00715	0.00520	0.00167	0.00549	0.00557	0.00421	0.03203
6	0.22639	0.04111	0.01449	0.02590	0.07412	0.09209	0.03863	0.01703	0.04001	0.10100	0.03925	0.01302	0.00960	0.00664	0.00801	0.00179	0.21639	0.00441	0.00342	0.02669
7	0.01463	0.24043	0.32034	0.01262	0.01832	0.04276	0.01363	0.20577	0.04836	0.02017	0.01035	0.01131	0.00784	0.00541	0.00472	0.00152	0.00671	0.00396	0.00322	0.00791
8	0.00899	0.03815	0.00876	0.00695	0.00936	0.00621	0.00537	0.01111	0.01313	0.03917	0.36502	0.03282	0.16836	0.04473	0.00653	0.00162	0.00323	0.00788	0.00481	0.21781
9	0.01394	0.01611	0.17479	0.01196	0.01602	0.08800	0.01097	0.05689	0.44124	0.05048	0.04995	0.01767	0.01448	0.00675	0.00536	0.00173	0.00556	0.00545	0.00459	0.00806
10	0.01001	0.00500	0.00500	0.00500	0.00625	0.00500	0.00375	0.01251	0.01126	0.02001	0.01751	0.02001	0.01376	0.00625	0.00375	0.00125	0.00250	0.00500	0.84115	0.00500
11	0.22563	0.52314	0.10705	0.00933	0.01397	0.01793	0.00951	0.01610	0.01051	0.01602	0.00771	0.00894	0.00661	0.00475	0.00360	0.00134	0.00558	0.00300	0.00255	0.00673
12	0.00781	0.00520	0.00585	0.00585	0.00585	0.00520	0.00325	0.00781	0.00781	0.01041	0.01691	0.03513	0.01952	0.81135	0.02732	0.00520	0.00520	0.00781	0.00325	0.00325
13	0.00767	0.00575	0.00863	0.00863	0.00959	0.00671	0.00671	0.00959	0.00863	0.01246	0.01438	0.02109	0.01342	0.04026	0.79008	0.00863	0.01438	0.00575	0.00288	0.00479
14	0.01838	0.02117	0.01698	0.01851	0.20961	0.50761	0.01190	0.10155	0.01556	0.01653	0.00926	0.01095	0.00756	0.00544	0.00502	0.00146	0.00843	0.00394	0.00303	0.00712
15	0.01014	0.00954	0.01610	0.79845	0.03697	0.01193	0.01491	0.01371	0.01073	0.01371	0.00954	0.01431	0.00716	0.00537	0.00537	0.00179	0.00716	0.00477	0.00239	0.00596
16	0.00654	0.00467	0.00623	0.00747	0.00779	0.00436	0.00498	0.00747	0.01028	0.01370	0.02959	0.80785	0.03550	0.01682	0.00685	0.00218	0.00311	0.01526	0.00498	0.00436
17	0.00662	0.00495	0.00596	0.00671	0.00742	0.00450	0.00453	0.00758	0.01057	0.01357	0.03533	0.50493	0.24690	0.10344	0.00896	0.00241	0.00323	0.01331	0.00479	0.00429
18	0.01816	0.04912	0.01488	0.01293	0.01583	0.56655	0.00986	0.02305	0.20596	0.01548	0.01170	0.01227	0.00931	0.00594	0.00495	0.00149	0.00817	0.00410	0.00343	0.00682
19	0.01077	0.02777	0.78354	0.01530	0.02323	0.01247	0.01983	0.01700	0.01133	0.01700	0.00963	0.01133	0.00680	0.00510	0.00510	0.00170	0.00793	0.00397	0.00227	0.00793
20	0.00982	0.01055	0.00792	0.00757	0.00962	0.20362	0.00567	0.01118	0.01299	0.01416	0.04270	0.04102	0.58078	0.01155	0.00596	0.00170	0.00448	0.00933	0.00442	0.00496
21	0.01329	0.01275	0.02179	0.03295	0.77787	0.01275	0.01647	0.01647	0.01222	0.01754	0.01010	0.01329	0.00850	0.00478	0.00531	0.00159	0.00638	0.00478	0.00266	0.00850
22	0.01076	0.01012	0.01626	0.21267	0.40180	0.01047	0.01295	0.01358	0.01186	0.01584	0.02119	0.02326	0.20268	0.00716	0.00559	0.00170	0.00564	0.00644	0.00318	0.00688
23	0.01604	0.01401	0.01299	0.01123	0.01409	0.15920	0.00872	0.34830	0.10222	0.02355	0.01725	0.21462	0.01620	0.00899	0.00566	0.00174	0.00573	0.00735	0.00479	0.00730
24	0.00823	0.00660	0.00953	0.20861	0.01638	0.00700	0.00876	0.01049	0.01150	0.01474	0.02797	0.20071	0.14348	0.01264	0.00661	0.00213	0.00478	0.29049	0.00431	0.00502
25	0.01435	0.13229	0.05290	0.01678	0.16563	0.25199	0.09420	0.01688	0.01334	0.01594	0.13657	0.01597	0.01464	0.00614	0.00553	0.00153	0.03035	0.00505	0.00316	0.00675
26	0.01208	0.01876	0.29023	0.01710	0.02183	0.04363	0.25205	0.01665	0.04064	0.01609	0.00979	0.01271	0.00767	0.00611	0.00867	0.00189	0.20941	0.00497	0.00257	0.00715
27	0.01189	0.01200	0.01848	0.02196	0.37263	0.06732	0.13626	0.01472	0.01260	0.01669	0.05234	0.02237	0.17158	0.00688	0.00566	0.00163	0.00604	0.00647	0.00332	0.03915

[dist]
# distance from previous block
# <min> <max>
0	2

[block]
# block no. 10 follows, 45 sequences, length 7
# corresponding to MSA columns:
# 633-639
name=unknown_K
#
# <colnr> <probs for GDERKNQSTAVLIFYWHMCP>
#	G	D	E	R	K	N	Q	S	T	A	V	L	I	F	Y	W	H	M	C	P
0	0.05807	0.01190	0.01541	0.08042	0.10360	0.01179	0.05976	0.22429	0.04515	0.02228	0.01101	0.01259	0.00851	0.00510	0.00482	0.00135	0.00542	0.00427	0.00373	0.31051
1	0.06245	0.01106	0.01579	0.17299	0.26977	0.01144	0.01199	0.08468	0.06032	0.01889	0.01194	0.01633	0.01001	0.00573	0.00510	0.00156	0.00567	0.05333	0.00332	0.16764
2	0.04142	0.00924	0.04596	0.24099	0.01889	0.00943	0.00959	0.01394	0.11005	0.01615	0.05107	0.23392	0.01816	0.00905	0.00624	0.00180	0.04771	0.00775	0.00379	0.10485
3	0.13946	0.05427	0.03752	0.14919	0.01663	0.01132	0.00888	0.05145	0.20888	0.04692	0.15004	0.02003	0.03719	0.00700	0.00511	0.00167	0.00468	0.00570	0.00433	0.03973
4	0.12967	0.04946	0.01239	0.01121	0.05796	0.12357	0.00833	0.07909	0.12000	0.03626	0.04393	0.01789	0.05384	0.01475	0.19236	0.00330	0.03052	0.00522	0.00376	0.00648
5	0.20983	0.04800	0.06201	0.01310	0.10794	0.06123	0.04281	0.04513	0.01199	0.06720	0.05513	0.01984	0.05253	0.00915	0.05270	0.00216	0.06143	0.06767	0.00363	0.00652
6	0.12950	0.05420	0.08000	0.01039	0.01419	0.04140	0.06842	0.05935	0.11745	0.13282	0.06128	0.01617	0.01286	0.00605	0.00479	0.00154	0.00503	0.00491	0.10782	0.07184

[dist]
# distance from previous block
# <min> <max>
9	88

[block]
