[name]
unknown

[dist]
# distance from previous block
# <min> <max>
0	346

[block]
# block no. 0 follows, 49 sequences, length 16
# corresponding to MSA columns:
# 369-384
name=unknown_A
#
# <colnr> <probs for GDERKNQSTAVLIFYWHMCP>
#	G	D	E	R	K	N	Q	S	T	A	V	L	I	F	Y	W	H	M	C	P
0	0.01076	0.04805	0.30023	0.01312	0.03469	0.04086	0.10176	0.05578	0.05972	0.01653	0.01652	0.04425	0.05151	0.00767	0.00550	0.00176	0.00623	0.17521	0.00332	0.00652
1	0.01099	0.08622	0.05630	0.00883	0.01173	0.09472	0.00753	0.03243	0.12552	0.01708	0.15047	0.02423	0.06598	0.00751	0.00497	0.00146	0.00450	0.09139	0.04782	0.15033
2	0.18789	0.06559	0.01266	0.09636	0.01489	0.13769	0.00841	0.04427	0.07505	0.18147	0.06090	0.01391	0.01102	0.00600	0.00535	0.00156	0.06222	0.00434	0.00387	0.00655
3	0.14422	0.04183	0.16144	0.01356	0.08257	0.01124	0.14230	0.07729	0.07269	0.05920	0.08410	0.04336	0.03230	0.00608	0.00496	0.00160	0.00556	0.00533	0.00355	0.00681
4	0.28573	0.01162	0.01213	0.15983	0.10377	0.12749	0.02337	0.03481	0.01076	0.01714	0.03720	0.01395	0.03295	0.05437	0.00602	0.00175	0.03261	0.00426	0.00295	0.02728
5	0.00996	0.00884	0.03631	0.16036	0.14533	0.00896	0.00950	0.05496	0.03638	0.01490	0.04252	0.01919	0.03288	0.08941	0.14147	0.05194	0.02515	0.02691	0.00302	0.08200
6	0.00667	0.00478	0.00588	0.00625	0.00693	0.00443	0.00425	0.00762	0.01041	0.01380	0.18356	0.33415	0.17808	0.15397	0.01029	0.04645	0.00317	0.01087	0.00446	0.00399
7	0.01031	0.00986	0.01728	0.50030	0.02859	0.01127	0.16962	0.05128	0.01093	0.01436	0.01056	0.05174	0.00887	0.04790	0.00678	0.00188	0.03464	0.00541	0.00261	0.00581
8	0.00634	0.00475	0.00580	0.00634	0.00715	0.00430	0.00440	0.00754	0.01085	0.01422	0.16377	0.43996	0.23675	0.05464	0.00721	0.00203	0.00284	0.01214	0.00476	0.00421
9	0.09562	0.01671	0.23706	0.01703	0.06952	0.01277	0.31945	0.13679	0.01312	0.01930	0.00986	0.01198	0.00727	0.00476	0.00516	0.00162	0.00715	0.00472	0.00289	0.00723
10	0.01278	0.65004	0.19530	0.00992	0.01493	0.01820	0.01085	0.01533	0.01036	0.01280	0.00748	0.00867	0.00647	0.00443	0.00359	0.00120	0.00586	0.00293	0.00216	0.00671
11	0.00643	0.00510	0.00577	0.00569	0.00713	0.00445	0.00424	0.00809	0.01246	0.01607	0.32356	0.08894	0.47003	0.01206	0.00600	0.00168	0.00252	0.01032	0.00502	0.00445
12	0.01359	0.03559	0.06623	0.01187	0.12828	0.00848	0.00867	0.03612	0.01191	0.19740	0.01370	0.05400	0.03045	0.00544	0.00453	0.00123	0.00449	0.00456	0.00378	0.35966
13	0.01514	0.00865	0.03361	0.00885	0.01213	0.00740	0.04521	0.07252	0.01387	0.35137	0.12903	0.06854	0.11589	0.00781	0.00531	0.00154	0.00408	0.00666	0.00517	0.08721
14	0.00616	0.00440	0.00587	0.00704	0.00733	0.00411	0.00469	0.00704	0.00968	0.01291	0.02787	0.81899	0.03344	0.01584	0.00645	0.00205	0.00293	0.01438	0.00469	0.00411
15	0.01339	0.01389	0.01411	0.01279	0.05443	0.25774	0.11570	0.01750	0.14462	0.01567	0.01352	0.01668	0.02412	0.00670	0.00615	0.03419	0.05266	0.04402	0.13608	0.00605

[dist]
# distance from previous block
# <min> <max>
0	2

[block]
# block no. 1 follows, 49 sequences, length 177
# corresponding to MSA columns:
# 387-563
name=unknown_B
#
# <colnr> <probs for GDERKNQSTAVLIFYWHMCP>
#	G	D	E	R	K	N	Q	S	T	A	V	L	I	F	Y	W	H	M	C	P
0	0.03514	0.01457	0.01497	0.01297	0.01390	0.22092	0.01052	0.04592	0.01015	0.01331	0.00718	0.01053	0.00666	0.00768	0.01263	0.00193	0.54875	0.00408	0.00246	0.00574
1	0.00910	0.00507	0.00550	0.00531	0.00657	0.00501	0.00401	0.03073	0.01189	0.01955	0.21367	0.02352	0.02173	0.00703	0.00419	0.00129	0.00245	0.00584	0.61271	0.00483
2	0.01150	0.01097	0.01868	0.29881	0.53094	0.01175	0.01501	0.01463	0.01103	0.01528	0.00933	0.01285	0.00757	0.00469	0.00502	0.00156	0.00626	0.00450	0.00242	0.00719
3	0.00667	0.00534	0.00609	0.00644	0.00796	0.00476	0.00518	0.00830	0.01163	0.01428	0.06218	0.05096	0.53763	0.01310	0.00628	0.00189	0.00320	0.23900	0.00471	0.00440
4	0.01018	0.00954	0.01612	0.45447	0.27896	0.01073	0.02515	0.01317	0.01055	0.01415	0.01126	0.10210	0.01012	0.00605	0.00521	0.00167	0.00611	0.00561	0.00261	0.00625
5	0.01405	0.66306	0.04259	0.00941	0.01351	0.07636	0.00906	0.06457	0.01136	0.01333	0.00755	0.00875	0.00671	0.00510	0.01487	0.00126	0.02654	0.00297	0.00239	0.00655
6	0.01041	0.00901	0.01174	0.12204	0.05637	0.00779	0.01839	0.03228	0.01108	0.01655	0.05961	0.02810	0.01052	0.00469	0.00426	0.00103	0.00430	0.00398	0.00311	0.58474
7	0.03609	0.08506	0.10129	0.01232	0.01680	0.01053	0.18396	0.03258	0.03277	0.39001	0.03727	0.01523	0.01108	0.00557	0.00507	0.00156	0.00566	0.00500	0.00446	0.00769
8	0.01058	0.00989	0.02772	0.50946	0.23147	0.01117	0.01381	0.01373	0.01058	0.03359	0.02795	0.01398	0.00836	0.00612	0.02849	0.00183	0.02783	0.00464	0.00250	0.00630
9	0.00716	0.00517	0.00676	0.00636	0.00755	0.00477	0.00477	0.00954	0.01431	0.02028	0.78808	0.03777	0.04771	0.01034	0.00596	0.00159	0.00239	0.00914	0.00557	0.00477
10	0.01027	0.02537	0.75303	0.01534	0.06457	0.01176	0.01851	0.01599	0.01072	0.01604	0.00910	0.01078	0.00649	0.00479	0.00482	0.00160	0.00739	0.00378	0.00216	0.00750
11	0.01002	0.00946	0.01482	0.36278	0.09779	0.02941	0.06499	0.03437	0.01054	0.01405	0.02525	0.16747	0.01275	0.00764	0.00694	0.00180	0.11478	0.00653	0.00290	0.00571
12	0.00706	0.00574	0.00666	0.00721	0.02678	0.00527	0.00558	0.00926	0.04503	0.01449	0.04164	0.04900	0.51086	0.01270	0.00622	0.00189	0.00333	0.23199	0.00465	0.00464
13	0.00612	0.00472	0.00554	0.00617	0.00707	0.00420	0.00428	0.00714	0.01041	0.01314	0.03756	0.46636	0.35706	0.03723	0.00679	0.00199	0.00283	0.01259	0.00465	0.00415
14	0.01863	0.02360	0.01459	0.01377	0.04777	0.76923	0.01001	0.02000	0.01421	0.01255	0.00789	0.00926	0.00658	0.00518	0.00458	0.00131	0.00899	0.00331	0.00260	0.00595
15	0.01154	0.02425	0.69497	0.01388	0.02091	0.01172	0.01737	0.06571	0.01177	0.06713	0.00997	0.01119	0.00694	0.00498	0.00484	0.00159	0.00715	0.00388	0.00259	0.00762
16	0.00678	0.00471	0.00563	0.00611	0.00634	0.00454	0.00377	0.00722	0.00856	0.01131	0.02304	0.35145	0.07441	0.44415	0.01667	0.00354	0.00396	0.01040	0.00383	0.00356
17	0.00677	0.00515	0.00624	0.00606	0.00739	0.00462	0.00456	0.00876	0.01321	0.01780	0.50951	0.06443	0.28520	0.01138	0.00601	0.00166	0.00252	0.02891	0.00524	0.00459
18	0.03680	0.01095	0.03708	0.04719	0.05297	0.12088	0.07999	0.04588	0.01252	0.16835	0.09123	0.03242	0.02695	0.08848	0.00758	0.02321	0.00544	0.04762	0.05841	0.00607
19	0.85801	0.00978	0.00743	0.00665	0.00978	0.01134	0.00548	0.01486	0.00861	0.02269	0.00704	0.00821	0.00548	0.00469	0.00313	0.00156	0.00391	0.00274	0.00313	0.00548
20	0.85801	0.00978	0.00743	0.00665	0.00978	0.01134	0.00548	0.01486	0.00861	0.02269	0.00704	0.00821	0.00548	0.00469	0.00313	0.00156	0.00391	0.00274	0.00313	0.00548
21	0.01153	0.00987	0.01177	0.02229	0.03587	0.01001	0.00774	0.01746	0.25570	0.03981	0.01363	0.01439	0.02763	0.00577	0.00613	0.00134	0.11708	0.00436	0.00368	0.38393
22	0.02981	0.09413	0.53580	0.06639	0.04296	0.01258	0.09658	0.01600	0.03102	0.01576	0.00928	0.01115	0.00683	0.00476	0.00478	0.00157	0.00714	0.00398	0.00230	0.00718
23	0.01046	0.01006	0.01749	0.55978	0.22756	0.01153	0.06359	0.01380	0.01059	0.01405	0.00920	0.01324	0.00713	0.00486	0.00510	0.00164	0.00667	0.00459	0.00233	0.00631
24	0.00686	0.00490	0.00667	0.00784	0.00844	0.00471	0.00591	0.00825	0.01037	0.01369	0.02748	0.55053	0.03191	0.01518	0.00664	0.00215	0.00354	0.27592	0.00468	0.00430
25	0.01194	0.01364	0.02984	0.02131	0.02643	0.01279	0.77238	0.01620	0.01194	0.01620	0.01023	0.01364	0.00767	0.00426	0.00597	0.00171	0.00853	0.00597	0.00256	0.00682
26	0.00672	0.00505	0.00619	0.00626	0.00741	0.00458	0.00462	0.00847	0.01241	0.01662	0.39305	0.17716	0.24675	0.03571	0.00668	0.00184	0.00272	0.04828	0.00506	0.00446
27	0.00716	0.00517	0.00676	0.00636	0.00755	0.00477	0.00477	0.00954	0.01431	0.02028	0.78808	0.03777	0.04771	0.01034	0.00596	0.00159	0.00239	0.00914	0.00557	0.00477
28	0.01649	0.01280	0.01364	0.01108	0.01464	0.01440	0.00895	0.46630	0.33581	0.02746	0.01562	0.01491	0.01141	0.00640	0.00509	0.00160	0.00492	0.00503	0.00509	0.00835
29	0.01352	0.82533	0.02650	0.00865	0.01298	0.02001	0.00865	0.01514	0.01027	0.01190	0.00703	0.00811	0.00649	0.00433	0.00324	0.00108	0.00541	0.00270	0.00216	0.00649
30	0.00735	0.00490	0.00552	0.00552	0.00552	0.00490	0.00306	0.00735	0.00735	0.00980	0.01593	0.03309	0.01838	0.82229	0.02574	0.00490	0.00490	0.00735	0.00306	0.00306
31	0.01352	0.82533	0.02650	0.00865	0.01298	0.02001	0.00865	0.01514	0.01027	0.01190	0.00703	0.00811	0.00649	0.00433	0.00324	0.00108	0.00541	0.00270	0.00216	0.00649
32	0.00741	0.00553	0.00783	0.00774	0.00840	0.00638	0.00577	0.00878	0.00793	0.01131	0.01381	0.02253	0.01371	0.21631	0.59188	0.00714	0.04471	0.00582	0.00277	0.00422
33	0.01258	0.01086	0.01143	0.01029	0.01315	0.01258	0.00800	0.02687	0.78161	0.02115	0.02058	0.01887	0.01544	0.00686	0.00515	0.00172	0.00400	0.00572	0.00515	0.00800
34	0.00612	0.00517	0.00532	0.00539	0.00707	0.00437	0.00412	0.00747	0.01153	0.01376	0.04964	0.04921	0.73944	0.01288	0.00604	0.00175	0.00270	0.05904	0.00469	0.00429
35	0.01258	0.01086	0.01143	0.01029	0.01315	0.01258	0.00800	0.02687	0.78161	0.02115	0.02058	0.01887	0.01544	0.00686	0.00515	0.00172	0.00400	0.00572	0.00515	0.00800
36	0.01252	0.01201	0.02053	0.03104	0.79074	0.01201	0.01552	0.01552	0.01151	0.01652	0.00951	0.01252	0.00801	0.00451	0.00501	0.00150	0.00601	0.00451	0.00250	0.00801
37	0.01194	0.01364	0.02984	0.02131	0.02643	0.01279	0.77238	0.01620	0.01194	0.01620	0.01023	0.01364	0.00767	0.00426	0.00597	0.00171	0.00853	0.00597	0.00256	0.00682
38	0.00986	0.00931	0.01574	0.72732	0.11518	0.01132	0.01420	0.01320	0.01026	0.01330	0.00904	0.01338	0.00688	0.00500	0.00505	0.00167	0.00666	0.00450	0.00227	0.00587
39	0.01059	0.00888	0.00997	0.00989	0.03325	0.00992	0.00723	0.02035	0.51626	0.01846	0.02255	0.25715	0.02083	0.00960	0.00556	0.00182	0.00375	0.02221	0.00493	0.00678
40	0.01589	0.19518	0.22080	0.01132	0.01627	0.01443	0.01144	0.29026	0.03542	0.12460	0.01147	0.01172	0.00826	0.00540	0.00460	0.00145	0.00582	0.00403	0.00382	0.00783
41	0.01565	0.42341	0.07108	0.01094	0.01472	0.36117	0.00979	0.01741	0.01207	0.01237	0.00751	0.00872	0.00649	0.00474	0.00392	0.00121	0.00716	0.00301	0.00235	0.00628
42	0.85801	0.00978	0.00743	0.00665	0.00978	0.01134	0.00548	0.01486	0.00861	0.02269	0.00704	0.00821	0.00548	0.00469	0.00313	0.00156	0.00391	0.00274	0.00313	0.00548
43	0.15732	0.01421	0.21271	0.01248	0.08422	0.01091	0.04232	0.10370	0.08577	0.10594	0.05068	0.02769	0.03045	0.00592	0.00475	0.00158	0.00527	0.00480	0.03217	0.00710
44	0.01455	0.00996	0.01409	0.01568	0.26358	0.00905	0.00959	0.03927	0.04325	0.22028	0.04001	0.01424	0.01074	0.00507	0.00467	0.00130	0.00464	0.00440	0.00392	0.27174
45	0.00703	0.00516	0.00658	0.00623	0.00748	0.00472	0.00467	0.00930	0.01402	0.01957	0.70935	0.03894	0.12688	0.01060	0.00597	0.00160	0.00240	0.00931	0.00547	0.00472
46	0.00802	0.00612	0.00763	0.00724	0.00911	0.00511	0.00521	0.00941	0.01006	0.02892	0.02095	0.51394	0.02374	0.01132	0.00546	0.00158	0.00325	0.01012	0.00411	0.30868
47	0.01725	0.01318	0.01406	0.01124	0.01493	0.01476	0.00913	0.55191	0.24896	0.02868	0.01465	0.01414	0.01063	0.00631	0.00508	0.00158	0.00510	0.00490	0.00508	0.00842
48	0.01922	0.01416	0.01518	0.01163	0.01568	0.01568	0.00961	0.77388	0.02378	0.03187	0.01214	0.01214	0.00860	0.00607	0.00506	0.00152	0.00556	0.00455	0.00506	0.00860
49	0.00735	0.00490	0.00552	0.00552	0.00552	0.00490	0.00306	0.00735	0.00735	0.00980	0.01593	0.03309	0.01838	0.82229	0.02574	0.00490	0.00490	0.00735	0.00306	0.00306
50	0.81792	0.01050	0.02228	0.00698	0.01017	0.03428	0.00585	0.01504	0.00881	0.02226	0.00710	0.00829	0.00552	0.00471	0.00320	0.00156	0.00413	0.00277	0.00310	0.00552
51	0.00668	0.00532	0.00612	0.00653	0.00801	0.00476	0.00525	0.00828	0.01150	0.01411	0.04265	0.07563	0.52142	0.01327	0.00631	0.00192	0.00324	0.24991	0.00468	0.00439
52	0.00726	0.00486	0.00554	0.00564	0.00566	0.00484	0.00320	0.00733	0.00754	0.01006	0.01691	0.09715	0.01961	0.75655	0.02417	0.00467	0.00474	0.00793	0.00320	0.00315
53	0.01744	0.05761	0.12413	0.01304	0.01640	0.65908	0.01097	0.01940	0.01365	0.01286	0.00796	0.00929	0.00650	0.00512	0.00454	0.00134	0.00874	0.00330	0.00252	0.00611
54	0.01580	0.01789	0.36811	0.01333	0.06784	0.03065	0.01340	0.11835	0.01378	0.27169	0.01302	0.01308	0.00879	0.00544	0.00494	0.00156	0.00614	0.00432	0.00390	0.00798
55	0.00943	0.00471	0.00471	0.00471	0.00589	0.00471	0.00353	0.01178	0.01060	0.01885	0.01650	0.01885	0.01296	0.00589	0.00353	0.00118	0.00236	0.00471	0.85036	0.00471
56	0.01214	0.01345	0.09203	0.04800	0.59612	0.01208	0.12039	0.01559	0.01146	0.01634	0.00956	0.01253	0.00779	0.00451	0.00512	0.00154	0.00651	0.00464	0.00247	0.00774
57	0.01922	0.01416	0.01518	0.01163	0.01568	0.01568	0.00961	0.77388	0.02378	0.03187	0.01214	0.01214	0.00860	0.00607	0.00506	0.00152	0.00556	0.00455	0.00506	0.00860
58	0.00612	0.00455	0.00571	0.00664	0.00723	0.00414	0.00452	0.00709	0.01006	0.01306	0.03272	0.65896	0.19034	0.01521	0.00635	0.00198	0.00286	0.01361	0.00469	0.00414
59	0.01049	0.00899	0.01049	0.00749	0.01198	0.00674	0.00599	0.01273	0.01049	0.01648	0.00899	0.01049	0.00749	0.00374	0.00374	0.00075	0.00374	0.00300	0.00300	0.85320
60	0.01257	0.12229	0.17786	0.01460	0.10434	0.02241	0.15270	0.03606	0.03353	0.08199	0.05276	0.01334	0.01008	0.00496	0.00477	0.00140	0.00597	0.00446	0.00310	0.14081
61	0.07089	0.16080	0.04143	0.01198	0.03648	0.39431	0.00960	0.13452	0.01421	0.01631	0.02098	0.01025	0.00760	0.00603	0.02261	0.00151	0.02755	0.00355	0.00296	0.00643
62	0.00728	0.00505	0.00624	0.00613	0.00658	0.00509	0.00400	0.00817	0.00925	0.01278	0.21299	0.03225	0.02500	0.49372	0.14044	0.00455	0.00559	0.00751	0.00365	0.00372
63	0.00869	0.00764	0.01138	0.04810	0.28439	0.00737	0.00866	0.01085	0.01182	0.01590	0.18259	0.11912	0.24475	0.00940	0.00565	0.00165	0.00395	0.00835	0.00400	0.00573
64	0.01143	0.03759	0.24921	0.01454	0.15561	0.00986	0.02865	0.01602	0.10065	0.10071	0.04169	0.18149	0.01544	0.00760	0.00527	0.00167	0.00531	0.00666	0.00366	0.00692
65	0.01153	0.02421	0.70917	0.01381	0.02089	0.01127	0.01744	0.01697	0.01110	0.10225	0.01028	0.01140	0.00708	0.00497	0.00484	0.00160	0.00712	0.00389	0.00259	0.00760
66	0.01536	0.01175	0.01602	0.01252	0.01626	0.01235	0.16696	0.22770	0.27002	0.13078	0.01751	0.01715	0.04888	0.00631	0.00532	0.00164	0.00534	0.00560	0.00472	0.00782
67	0.01165	0.29164	0.09626	0.32430	0.13270	0.03666	0.01274	0.01456	0.01054	0.01337	0.00837	0.01110	0.00680	0.00471	0.00439	0.00143	0.00632	0.00377	0.00225	0.00644
68	0.04842	0.01642	0.12637	0.10873	0.38530	0.19820	0.01403	0.01638	0.01179	0.01533	0.00889	0.01138	0.00719	0.00478	0.00480	0.00149	0.00694	0.00403	0.00247	0.00706
69	0.00616	0.00440	0.00587	0.00704	0.00733	0.00411	0.00469	0.00704	0.00968	0.01291	0.02787	0.81899	0.03344	0.01584	0.00645	0.00205	0.00293	0.01438	0.00469	0.00411
70	0.00800	0.00646	0.00922	0.00878	0.00938	0.00793	0.00681	0.00942	0.00795	0.01156	0.01251	0.01995	0.01225	0.13987	0.54092	0.00652	0.16983	0.00549	0.00266	0.00452
71	0.01185	0.12627	0.04996	0.04073	0.06513	0.05736	0.02773	0.01350	0.00898	0.01270	0.00720	0.01076	0.00672	0.00735	0.01223	0.00191	0.52729	0.00413	0.00225	0.00595
72	0.01174	0.01216	0.06873	0.02610	0.61170	0.01126	0.01416	0.01546	0.05807	0.01651	0.01386	0.01680	0.06946	0.00557	0.00513	0.00156	0.00568	0.02560	0.00287	0.00759
73	0.00723	0.00538	0.00796	0.00796	0.00880	0.00623	0.00611	0.00892	0.00808	0.01161	0.01370	0.02072	0.01301	0.08878	0.75190	0.00792	0.01298	0.00554	0.00273	0.00442
74	0.00962	0.00909	0.01518	0.77166	0.03379	0.01144	0.01390	0.01288	0.01000	0.01288	0.00887	0.01336	0.00674	0.00524	0.00561	0.00171	0.04567	0.00449	0.00225	0.00561
75	0.01049	0.00899	0.01049	0.00749	0.01198	0.00674	0.00599	0.01273	0.01049	0.01648	0.00899	0.01049	0.00749	0.00374	0.00374	0.00075	0.00374	0.00300	0.00300	0.85320
76	0.00598	0.00512	0.00512	0.00512	0.00683	0.00427	0.00384	0.00726	0.01153	0.01366	0.05123	0.04866	0.78869	0.01281	0.00598	0.00171	0.00256	0.01067	0.00470	0.00427
77	0.01014	0.02616	0.79609	0.01441	0.02189	0.01174	0.01868	0.01601	0.01068	0.01601	0.00907	0.01068	0.00641	0.00480	0.00480	0.00160	0.00747	0.00374	0.00214	0.00747
78	0.00628	0.00509	0.00557	0.00555	0.00704	0.00438	0.00413	0.00780	0.01209	0.01524	0.23071	0.09594	0.55771	0.01240	0.00600	0.00170	0.00254	0.01054	0.00491	0.00438
79	0.01387	0.68089	0.02373	0.00885	0.01282	0.08297	0.00844	0.03925	0.01105	0.01302	0.00787	0.00902	0.00698	0.00456	0.00343	0.00112	0.00552	0.00294	0.05729	0.00639
80	0.01049	0.00899	0.01049	0.00749	0.01198	0.00674	0.00599	0.01273	0.01049	0.01648	0.00899	0.01049	0.00749	0.00374	0.00374	0.00075	0.00374	0.00300	0.00300	0.85320
81	0.01151	0.01172	0.01501	0.01297	0.01329	0.06607	0.01070	0.01320	0.04027	0.01254	0.00751	0.01154	0.00718	0.00945	0.04010	0.00232	0.70216	0.00443	0.00238	0.00562
82	0.00750	0.00553	0.00730	0.00817	0.00936	0.00532	0.00686	0.00950	0.01155	0.01486	0.06316	0.12510	0.17702	0.01377	0.00670	0.00215	0.00400	0.51292	0.00471	0.00454
83	0.01259	0.01224	0.12573	0.00930	0.01400	0.00900	0.00852	0.14615	0.01305	0.06722	0.01075	0.03335	0.00855	0.00479	0.00428	0.00109	0.00462	0.00382	0.00348	0.50747
84	0.00880	0.00819	0.01122	0.07787	0.04525	0.02946	0.05730	0.01097	0.02961	0.01433	0.08534	0.07197	0.26942	0.01016	0.00813	0.00186	0.17223	0.07895	0.00376	0.00517
85	0.01268	0.13252	0.37661	0.01337	0.05947	0.01213	0.06238	0.05698	0.01182	0.09676	0.01016	0.01133	0.00747	0.00477	0.00458	0.00142	0.00628	0.00387	0.00288	0.11253
86	0.01033	0.08354	0.72579	0.01385	0.02098	0.01221	0.01770	0.01583	0.01071	0.01580	0.02340	0.01099	0.00718	0.00487	0.00471	0.00156	0.00723	0.00376	0.00220	0.00735
87	0.01252	0.01201	0.02053	0.03104	0.79074	0.01201	0.01552	0.01552	0.01151	0.01652	0.00951	0.01252	0.00801	0.00451	0.00501	0.00150	0.00601	0.00451	0.00250	0.00801
88	0.00852	0.00611	0.00798	0.00817	0.05885	0.00576	0.00568	0.01145	0.05651	0.06209	0.56092	0.03530	0.13335	0.00985	0.00581	0.00160	0.00284	0.00862	0.00527	0.00531
89	0.16213	0.01286	0.02031	0.03995	0.23367	0.08174	0.29907	0.01569	0.01152	0.01723	0.05066	0.01325	0.00938	0.00483	0.00505	0.00158	0.00669	0.00488	0.00280	0.00669
90	0.01069	0.00657	0.00940	0.06029	0.01144	0.00722	0.00699	0.03437	0.00988	0.15436	0.01440	0.01916	0.01227	0.06641	0.50281	0.00583	0.02993	0.00532	0.02725	0.00540
91	0.00815	0.00582	0.00815	0.00931	0.01048	0.00582	0.00815	0.01048	0.01164	0.01513	0.02677	0.05704	0.02910	0.01397	0.00698	0.00233	0.00466	0.75671	0.00466	0.00466
92	0.00612	0.00513	0.00532	0.00528	0.00692	0.00433	0.00396	0.00754	0.01187	0.01448	0.14208	0.04732	0.69733	0.01250	0.00597	0.00169	0.00254	0.01048	0.00480	0.00433
93	0.01022	0.04563	0.77734	0.01427	0.02167	0.01195	0.01844	0.01599	0.01067	0.01591	0.00902	0.01061	0.00641	0.00479	0.00477	0.00159	0.00742	0.00371	0.00214	0.00745
94	0.00878	0.00439	0.00659	0.00659	0.00659	0.00439	0.00439	0.00659	0.00659	0.00878	0.00878	0.01537	0.00878	0.01757	0.01976	0.85288	0.00439	0.00439	0.00220	0.00220
95	0.00878	0.00439	0.00659	0.00659	0.00659	0.00439	0.00439	0.00659	0.00659	0.00878	0.00878	0.01537	0.00878	0.01757	0.01976	0.85288	0.00439	0.00439	0.00220	0.00220
96	0.01448	0.01075	0.01196	0.04338	0.01423	0.01205	0.00831	0.09048	0.57379	0.13298	0.01928	0.01782	0.01407	0.00663	0.00513	0.00168	0.00429	0.00547	0.00518	0.00804
97	0.01195	0.01150	0.01987	0.10142	0.65165	0.01165	0.05148	0.01496	0.01133	0.01602	0.01026	0.04610	0.00893	0.00501	0.00512	0.00155	0.00607	0.00498	0.00257	0.00757
98	0.01698	0.01305	0.01391	0.01118	0.01483	0.01463	0.00907	0.52199	0.27932	0.02826	0.01499	0.01441	0.01090	0.00634	0.00509	0.00158	0.00504	0.00495	0.00509	0.00840
99	0.72324	0.01054	0.00842	0.00734	0.01055	0.04411	0.00601	0.05718	0.01005	0.07279	0.00819	0.00905	0.00615	0.00489	0.00342	0.00155	0.00424	0.00301	0.00342	0.00587
100	0.01266	0.22713	0.37645	0.01456	0.09023	0.06494	0.06779	0.01654	0.01120	0.06065	0.00923	0.01068	0.00703	0.00473	0.00451	0.00145	0.00680	0.00375	0.00248	0.00719
101	0.00756	0.00658	0.00678	0.00761	0.00822	0.09053	0.00522	0.00854	0.01036	0.01306	0.04591	0.68699	0.05470	0.01445	0.00622	0.00195	0.00358	0.01292	0.00449	0.00432
102	0.00969	0.00639	0.00787	0.00802	0.00935	0.00644	0.00579	0.01375	0.18515	0.11307	0.02522	0.53687	0.02673	0.01260	0.00599	0.00192	0.00335	0.01125	0.00499	0.00556
103	0.01298	0.01061	0.01450	0.04272	0.26969	0.01117	0.01069	0.23548	0.06245	0.02151	0.12692	0.02273	0.01733	0.00730	0.00545	0.00165	0.00506	0.11044	0.00415	0.00716
104	0.85801	0.00978	0.00743	0.00665	0.00978	0.01134	0.00548	0.01486	0.00861	0.02269	0.00704	0.00821	0.00548	0.00469	0.00313	0.00156	0.00391	0.00274	0.00313	0.00548
105	0.00735	0.00490	0.00552	0.00552	0.00552	0.00490	0.00306	0.00735	0.00735	0.00980	0.01593	0.03309	0.01838	0.82229	0.02574	0.00490	0.00490	0.00735	0.00306	0.00306
106	0.01420	0.01008	0.01392	0.01416	0.19172	0.00923	0.03371	0.04321	0.09757	0.19024	0.01325	0.01424	0.00998	0.00507	0.00465	0.00129	0.00465	0.01579	0.00393	0.30911
107	0.00695	0.00473	0.00563	0.00603	0.00613	0.00463	0.00361	0.00725	0.00814	0.01085	0.01996	0.29809	0.02346	0.55035	0.01924	0.00394	0.00424	0.00972	0.00361	0.00342
108	0.03299	0.51792	0.09783	0.00887	0.01352	0.01559	0.00888	0.01461	0.01033	0.01374	0.00773	0.00897	0.00671	0.00423	0.00352	0.00106	0.00515	0.00288	0.00240	0.22305
109	0.01079	0.01209	0.08976	0.01599	0.02010	0.01007	0.44650	0.01418	0.01131	0.04770	0.01454	0.20014	0.01373	0.00705	0.00580	0.00171	0.00665	0.00749	0.00320	0.06120
110	0.01563	0.01775	0.21485	0.04755	0.10360	0.13768	0.01255	0.24955	0.05525	0.08003	0.01128	0.01212	0.00822	0.00545	0.00492	0.00152	0.00654	0.00423	0.00362	0.00766
111	0.01084	0.19218	0.63621	0.01322	0.02004	0.01346	0.01660	0.01583	0.01059	0.01516	0.00865	0.01014	0.00642	0.00470	0.00448	0.00149	0.00704	0.00352	0.00214	0.00727
112	0.00599	0.00509	0.00516	0.00522	0.00685	0.00426	0.00388	0.00725	0.01144	0.01362	0.05010	0.08586	0.75223	0.01295	0.00600	0.00172	0.00258	0.01085	0.00470	0.00426
113	0.01396	0.78617	0.02579	0.00867	0.01298	0.01941	0.00859	0.01560	0.01048	0.04941	0.00765	0.00855	0.00678	0.00442	0.00333	0.00110	0.00535	0.00282	0.00236	0.00659
114	0.05679	0.10717	0.34727	0.01565	0.02135	0.01300	0.28613	0.01604	0.01098	0.03776	0.00938	0.01152	0.00700	0.00473	0.00536	0.00160	0.03438	0.00443	0.00246	0.00699
115	0.02800	0.00527	0.00619	0.00618	0.00756	0.00478	0.00471	0.00868	0.01252	0.01677	0.35830	0.09373	0.33967	0.01186	0.00602	0.00173	0.00273	0.07573	0.00502	0.00454
116	0.02213	0.00873	0.01172	0.00907	0.01292	0.00771	0.00746	0.02477	0.05651	0.75188	0.01998	0.01730	0.01268	0.00629	0.00509	0.00157	0.00429	0.00512	0.00620	0.00857
117	0.12142	0.01156	0.02565	0.01663	0.27071	0.01208	0.01037	0.28730	0.01568	0.02297	0.10080	0.01541	0.01285	0.02482	0.02848	0.00179	0.00538	0.00492	0.00387	0.00731
118	0.01118	0.01074	0.01867	0.26028	0.45930	0.01133	0.06986	0.01425	0.01101	0.01519	0.01060	0.06518	0.00926	0.00539	0.00519	0.00161	0.00621	0.00525	0.00257	0.00696
119	0.00725	0.00530	0.00753	0.00753	0.00823	0.00600	0.00558	0.00865	0.00795	0.01130	0.01409	0.02288	0.01395	0.21681	0.62515	0.00739	0.01157	0.00586	0.00279	0.00418
120	0.01394	0.01145	0.01857	0.02630	0.62000	0.01142	0.01379	0.01770	0.07332	0.12562	0.01185	0.01368	0.00923	0.00494	0.00503	0.00153	0.00561	0.00468	0.00324	0.00809
121	0.01220	0.37196	0.01948	0.01064	0.01282	0.06385	0.00939	0.01362	0.00930	0.01201	0.00765	0.01061	0.00723	0.00985	0.09701	0.00231	0.31822	0.00370	0.00227	0.00586
122	0.23536	0.01036	0.01153	0.00909	0.01283	0.01059	0.00750	0.21793	0.01540	0.39775	0.01461	0.01359	0.00969	0.00581	0.00458	0.00155	0.00453	0.00435	0.00514	0.00780
123	0.00632	0.00454	0.00601	0.00706	0.00750	0.00424	0.00485	0.00737	0.01010	0.01346	0.07062	0.71113	0.05781	0.01534	0.00644	0.00203	0.00298	0.05328	0.00474	0.00418
124	0.00955	0.00899	0.01517	0.81013	0.03483	0.01123	0.01404	0.01292	0.01011	0.01292	0.00899	0.01348	0.00674	0.00506	0.00506	0.00169	0.00674	0.00449	0.00225	0.00562
125	0.01368	0.80209	0.02615	0.00878	0.01306	0.04269	0.00868	0.01529	0.01039	0.01191	0.00705	0.00814	0.00649	0.00435	0.00328	0.00109	0.00552	0.00272	0.00218	0.00647
126	0.37522	0.01225	0.01281	0.25832	0.04225	0.14421	0.05850	0.01526	0.01033	0.01733	0.00805	0.01047	0.00626	0.00486	0.00420	0.00157	0.00602	0.00363	0.00271	0.00574
127	0.01374	0.01144	0.01209	0.01053	0.01359	0.01312	0.00828	0.15719	0.64940	0.02302	0.01911	0.01769	0.01424	0.00672	0.00513	0.00168	0.00427	0.00551	0.00513	0.00811
128	0.01198	0.05752	0.01766	0.01377	0.01518	0.08468	0.11354	0.01362	0.00919	0.01295	0.00738	0.01104	0.00681	0.00738	0.01265	0.00192	0.54397	0.00436	0.00233	0.05207
129	0.01068	0.19715	0.47659	0.01301	0.04011	0.01278	0.05090	0.01506	0.01110	0.01564	0.10041	0.01350	0.01139	0.00532	0.00466	0.00149	0.00643	0.00428	0.00258	0.00692
130	0.00692	0.00487	0.00638	0.00730	0.00775	0.00472	0.00523	0.00799	0.00969	0.01281	0.02504	0.45625	0.02912	0.18768	0.01071	0.00273	0.00379	0.20268	0.00434	0.00402
131	0.00728	0.00487	0.00554	0.00561	0.00563	0.00485	0.00317	0.00733	0.00750	0.01001	0.01671	0.08405	0.01936	0.77000	0.02449	0.00472	0.00477	0.00781	0.00317	0.00313
132	0.03823	0.07625	0.10950	0.08470	0.22206	0.01144	0.01169	0.04731	0.01145	0.15910	0.01157	0.03248	0.00922	0.02528	0.02710	0.02652	0.08120	0.00464	0.00326	0.00699
133	0.01303	0.28282	0.20134	0.01255	0.08598	0.03451	0.01139	0.06040	0.13635	0.05372	0.01155	0.03112	0.00929	0.00633	0.02755	0.00163	0.00595	0.00419	0.00312	0.00720
134	0.00658	0.00482	0.00623	0.00725	0.00771	0.00466	0.00491	0.00833	0.05973	0.01344	0.02740	0.76711	0.03228	0.01526	0.00637	0.00203	0.00300	0.01381	0.00472	0.00436
135	0.01273	0.15428	0.03084	0.03318	0.01652	0.19987	0.17868	0.01488	0.01093	0.01313	0.00992	0.05726	0.00906	0.00999	0.10427	0.00238	0.12873	0.00487	0.00257	0.00589
136	0.01113	0.03808	0.24973	0.42380	0.02786	0.01143	0.07005	0.01514	0.01079	0.08005	0.00997	0.01281	0.00719	0.00500	0.00500	0.00163	0.00685	0.00437	0.00257	0.00654
137	0.00647	0.00476	0.00637	0.00736	0.00765	0.00471	0.00504	0.00738	0.00959	0.01286	0.02656	0.74277	0.03171	0.03459	0.00740	0.00214	0.04119	0.03275	0.00454	0.00416
138	0.15518	0.11280	0.05698	0.01296	0.01662	0.35939	0.14674	0.05497	0.01276	0.01586	0.00831	0.00989	0.00665	0.00487	0.00446	0.00142	0.00746	0.00368	0.00273	0.00626
139	0.00640	0.00514	0.00572	0.00557	0.00709	0.00445	0.00418	0.00808	0.01254	0.01606	0.31796	0.04472	0.52047	0.01191	0.00597	0.00167	0.00250	0.01012	0.00501	0.00445
140	0.01049	0.00899	0.01049	0.00749	0.01198	0.00674	0.00599	0.01273	0.01049	0.01648	0.00899	0.01049	0.00749	0.00374	0.00374	0.00075	0.00374	0.00300	0.00300	0.85320
141	0.00887	0.00625	0.00721	0.00680	0.00832	0.00641	0.00514	0.01375	0.17719	0.01991	0.40733	0.04891	0.03157	0.00860	0.00518	0.00152	0.00274	0.00741	0.22146	0.00543
142	0.00616	0.00440	0.00587	0.00704	0.00733	0.00411	0.00469	0.00704	0.00968	0.01291	0.02787	0.81899	0.03344	0.01584	0.00645	0.00205	0.00293	0.01438	0.00469	0.00411
143	0.00708	0.00517	0.00665	0.00628	0.00751	0.00474	0.00471	0.00940	0.01413	0.01985	0.74065	0.03847	0.09540	0.01050	0.00596	0.00160	0.00240	0.00924	0.00551	0.00474
144	0.00735	0.00490	0.00552	0.00552	0.00552	0.00490	0.00306	0.00735	0.00735	0.00980	0.01593	0.03309	0.01838	0.82229	0.02574	0.00490	0.00490	0.00735	0.00306	0.00306
145	0.01922	0.01416	0.01518	0.01163	0.01568	0.01568	0.00961	0.77388	0.02378	0.03187	0.01214	0.01214	0.00860	0.00607	0.00506	0.00152	0.00556	0.00455	0.00506	0.00860
146	0.02269	0.00861	0.01174	0.00900	0.01291	0.00743	0.00743	0.02464	0.01447	0.79425	0.01995	0.01721	0.01252	0.00626	0.00509	0.00156	0.00430	0.00509	0.00626	0.00861
147	0.85801	0.00978	0.00743	0.00665	0.00978	0.01134	0.00548	0.01486	0.00861	0.02269	0.00704	0.00821	0.00548	0.00469	0.00313	0.00156	0.00391	0.00274	0.00313	0.00548
148	0.00616	0.00440	0.00587	0.00704	0.00733	0.00411	0.00469	0.00704	0.00968	0.01291	0.02787	0.81899	0.03344	0.01584	0.00645	0.00205	0.00293	0.01438	0.00469	0.00411
149	0.85801	0.00978	0.00743	0.00665	0.00978	0.01134	0.00548	0.01486	0.00861	0.02269	0.00704	0.00821	0.00548	0.00469	0.00313	0.00156	0.00391	0.00274	0.00313	0.00548
150	0.01806	0.14769	0.01621	0.01235	0.01522	0.68137	0.00960	0.01941	0.01370	0.01230	0.00770	0.00896	0.00651	0.00507	0.00436	0.00127	0.00855	0.00317	0.00254	0.00596
151	0.01582	0.01088	0.01154	0.00923	0.01228	0.01187	0.00750	0.50901	0.01920	0.02734	0.01365	0.01447	0.01012	0.00601	0.00453	0.00140	0.00445	0.00461	0.29885	0.00725
152	0.00708	0.00517	0.00665	0.00628	0.00751	0.00474	0.00471	0.00939	0.01413	0.01985	0.74030	0.03848	0.09576	0.01050	0.00596	0.00160	0.00240	0.00924	0.00551	0.00474
153	0.00881	0.00685	0.00769	0.00711	0.00875	0.02714	0.00538	0.11897	0.01445	0.01931	0.39280	0.13630	0.20533	0.01085	0.00586	0.00166	0.00313	0.00934	0.00511	0.00515
154	0.02008	0.01280	0.01433	0.01099	0.01500	0.01365	0.00907	0.58949	0.02149	0.21950	0.01406	0.01339	0.00956	0.00612	0.00507	0.00153	0.00525	0.00468	0.00535	0.00860
155	0.00715	0.00519	0.00680	0.00679	0.00791	0.00483	0.00520	0.00934	0.01339	0.01859	0.57989	0.11408	0.07450	0.01146	0.00615	0.00174	0.00276	0.11422	0.00532	0.00467
156	0.00639	0.00456	0.00613	0.00730	0.00769	0.00430	0.00508	0.00743	0.00990	0.01316	0.02775	0.73280	0.03295	0.01563	0.00651	0.00208	0.00313	0.09835	0.00469	0.00417
157	0.01096	0.01108	0.03888	0.40564	0.32898	0.01171	0.09125	0.01435	0.01086	0.01474	0.00932	0.01305	0.00732	0.00475	0.00512	0.00161	0.00665	0.00463	0.00238	0.00672
158	0.01158	0.01260	0.02403	0.01806	0.02110	0.01388	0.46424	0.01457	0.01024	0.01457	0.00878	0.01260	0.00725	0.00612	0.01027	0.00191	0.33414	0.00534	0.00242	0.00630
159	0.02125	0.00982	0.06255	0.00935	0.01347	0.00786	0.00814	0.02385	0.03830	0.69964	0.01899	0.01667	0.01209	0.00612	0.00503	0.00155	0.00448	0.00496	0.00587	0.03000
160	0.13514	0.05248	0.01529	0.01360	0.06529	0.52535	0.05893	0.04993	0.01342	0.01512	0.00812	0.00959	0.00663	0.00503	0.00445	0.00138	0.00786	0.00347	0.00275	0.00615
161	0.00680	0.00505	0.00634	0.00623	0.00739	0.00459	0.00459	0.00877	0.01316	0.01804	0.54692	0.14899	0.18134	0.01156	0.00603	0.00168	0.00249	0.01016	0.00529	0.00459
162	0.00771	0.00570	0.00786	0.00878	0.00957	0.00590	0.00715	0.00946	0.01068	0.01412	0.02553	0.28637	0.02870	0.03488	0.00793	0.00230	0.05655	0.46184	0.00447	0.00450
163	0.00826	0.00701	0.01051	0.00970	0.01047	0.00848	0.04405	0.00980	0.00833	0.01205	0.01342	0.10290	0.01355	0.07792	0.44274	0.00556	0.20141	0.00628	0.00282	0.00473
164	0.01075	0.00916	0.01062	0.00766	0.01210	0.00710	0.00613	0.03161	0.02910	0.01696	0.00934	0.01072	0.00771	0.00388	0.00381	0.00079	0.00380	0.00310	0.00310	0.81257
165	0.01889	0.02410	0.01433	0.01303	0.01563	0.80199	0.00977	0.02019	0.01433	0.01238	0.00782	0.00912	0.00651	0.00521	0.00456	0.00130	0.00912	0.00326	0.00261	0.00586
166	0.00720	0.00520	0.00684	0.00662	0.00778	0.00483	0.00504	0.00954	0.01396	0.01964	0.70375	0.06392	0.04579	0.01080	0.00606	0.00166	0.00258	0.06859	0.00547	0.00474
167	0.01295	0.01267	0.02001	0.05548	0.68772	0.05583	0.02780	0.03704	0.01198	0.01660	0.00949	0.01237	0.00790	0.00460	0.00500	0.00150	0.00623	0.00446	0.00257	0.00781
168	0.00695	0.00501	0.00657	0.00650	0.00751	0.00463	0.00476	0.00902	0.01335	0.01875	0.63015	0.20006	0.04475	0.01148	0.00607	0.00169	0.00250	0.01023	0.00539	0.00463
169	0.00678	0.00515	0.00623	0.00596	0.00732	0.00461	0.00447	0.00881	0.01342	0.01815	0.55133	0.04127	0.28579	0.01113	0.00597	0.00163	0.00244	0.00964	0.00529	0.00461
170	0.01922	0.01416	0.01518	0.01163	0.01568	0.01568	0.00961	0.77388	0.02378	0.03187	0.01214	0.01214	0.00860	0.00607	0.00506	0.00152	0.00556	0.00455	0.00506	0.00860
171	0.01889	0.02410	0.01433	0.01303	0.01563	0.80199	0.00977	0.02019	0.01433	0.01238	0.00782	0.00912	0.00651	0.00521	0.00456	0.00130	0.00912	0.00326	0.00261	0.00586
172	0.00735	0.00490	0.00552	0.00552	0.00552	0.00490	0.00306	0.00735	0.00735	0.00980	0.01593	0.03309	0.01838	0.82229	0.02574	0.00490	0.00490	0.00735	0.00306	0.00306
173	0.00616	0.00440	0.00587	0.00704	0.00733	0.00411	0.00469	0.00704	0.00968	0.01291	0.02787	0.81899	0.03344	0.01584	0.00645	0.00205	0.00293	0.01438	0.00469	0.00411
174	0.01171	0.01298	0.02742	0.11097	0.09029	0.01255	0.62466	0.01577	0.01170	0.01586	0.01003	0.01353	0.00760	0.00437	0.00579	0.00169	0.00812	0.00568	0.00252	0.00678
175	0.00730	0.00510	0.00652	0.00652	0.00687	0.00545	0.00432	0.00800	0.00765	0.01055	0.01501	0.02800	0.01617	0.52030	0.32471	0.00614	0.00823	0.00661	0.00293	0.00362
176	0.02755	0.01184	0.01739	0.28295	0.27626	0.03281	0.04460	0.19549	0.01394	0.01889	0.00986	0.01261	0.00761	0.00515	0.00525	0.00158	0.02151	0.00451	0.00304	0.00716

[dist]
# distance from previous block
# <min> <max>
1	2

[block]
# block no. 2 follows, 49 sequences, length 8
# corresponding to MSA columns:
# 566-573
name=unknown_C
#
# <colnr> <probs for GDERKNQSTAVLIFYWHMCP>
#	G	D	E	R	K	N	Q	S	T	A	V	L	I	F	Y	W	H	M	C	P
0	0.66633	0.00975	0.00805	0.00716	0.01016	0.01122	0.00582	0.04946	0.09807	0.02265	0.00946	0.01033	0.00727	0.00508	0.00347	0.00155	0.00389	0.00329	0.06112	0.00585
1	0.00780	0.00617	0.00736	0.00819	0.00912	0.04069	0.00631	0.00996	0.04801	0.01448	0.06513	0.40323	0.05535	0.01388	0.00646	0.00207	0.00385	0.28267	0.00465	0.00461
2	0.00616	0.00440	0.00587	0.00704	0.00733	0.00411	0.00469	0.00704	0.00968	0.01291	0.02787	0.81899	0.03344	0.01584	0.00645	0.00205	0.00293	0.01438	0.00469	0.00411
3	0.01710	0.32623	0.01877	0.01111	0.01445	0.45476	0.00920	0.01857	0.01280	0.06275	0.00830	0.00926	0.00689	0.00494	0.00410	0.00124	0.00740	0.00317	0.00267	0.00628
4	0.85801	0.00978	0.00743	0.00665	0.00978	0.01134	0.00548	0.01486	0.00861	0.02269	0.00704	0.00821	0.00548	0.00469	0.00313	0.00156	0.00391	0.00274	0.00313	0.00548
5	0.00703	0.00476	0.00561	0.00593	0.00601	0.00468	0.00351	0.00727	0.00799	0.01066	0.01920	0.24844	0.02251	0.60131	0.02045	0.00412	0.00436	0.00928	0.00351	0.00335
6	0.01207	0.05662	0.02886	0.02148	0.09165	0.01310	0.66651	0.01608	0.01181	0.01600	0.01000	0.01325	0.00764	0.00429	0.00574	0.00165	0.00814	0.00567	0.00253	0.00691
7	0.01196	0.25524	0.28400	0.01534	0.07705	0.04161	0.18816	0.01573	0.01107	0.01473	0.00931	0.01221	0.00759	0.00483	0.00469	0.00148	0.00697	0.02873	0.00237	0.00693

[dist]
# distance from previous block
# <min> <max>
0	2

[block]
# block no. 3 follows, 49 sequences, length 14
# corresponding to MSA columns:
# 576-589
name=unknown_D
#
# <colnr> <probs for GDERKNQSTAVLIFYWHMCP>
#	G	D	E	R	K	N	Q	S	T	A	V	L	I	F	Y	W	H	M	C	P
0	0.01064	0.00934	0.01202	0.07587	0.10323	0.00771	0.00774	0.01307	0.01057	0.01619	0.00905	0.01096	0.00749	0.00394	0.00400	0.00091	0.00425	0.00329	0.00288	0.68684
1	0.00768	0.00560	0.00742	0.00833	0.00948	0.00545	0.00703	0.00965	0.01130	0.01450	0.03014	0.08060	0.15207	0.06186	0.00792	0.00237	0.00427	0.56528	0.00457	0.00448
2	0.00598	0.00512	0.00512	0.00512	0.00683	0.00427	0.00384	0.00726	0.01153	0.01366	0.05123	0.04866	0.78869	0.01281	0.00598	0.00171	0.00256	0.01067	0.00470	0.00427
3	0.01106	0.01106	0.01549	0.01328	0.01328	0.01549	0.01106	0.01217	0.00774	0.01217	0.00664	0.01106	0.00664	0.00885	0.01659	0.00221	0.81303	0.00443	0.00221	0.00553
4	0.01309	0.01057	0.01128	0.01002	0.01292	0.01199	0.00783	0.05142	0.67371	0.06709	0.02170	0.01994	0.05153	0.00708	0.00518	0.00170	0.00401	0.00587	0.00519	0.00788
5	0.00735	0.00490	0.00552	0.00552	0.00552	0.00490	0.00306	0.00735	0.00735	0.00980	0.01593	0.03309	0.01838	0.82229	0.02574	0.00490	0.00490	0.00735	0.00306	0.00306
6	0.01889	0.02410	0.01433	0.01303	0.01563	0.80199	0.00977	0.02019	0.01433	0.01238	0.00782	0.00912	0.00651	0.00521	0.00456	0.00130	0.00912	0.00326	0.00261	0.00586
7	0.01252	0.01201	0.02053	0.03104	0.79074	0.01201	0.01552	0.01552	0.01151	0.01652	0.00951	0.01252	0.00801	0.00451	0.00501	0.00150	0.00601	0.00451	0.00250	0.00801
8	0.01889	0.02410	0.01433	0.01303	0.01563	0.80199	0.00977	0.02019	0.01433	0.01238	0.00782	0.00912	0.00651	0.00521	0.00456	0.00130	0.00912	0.00326	0.00261	0.00586
9	0.01014	0.02616	0.79609	0.01441	0.02189	0.01174	0.01868	0.01601	0.01068	0.01601	0.00907	0.01068	0.00641	0.00480	0.00480	0.00160	0.00747	0.00374	0.00214	0.00747
10	0.01257	0.01095	0.01210	0.01182	0.07049	0.01254	0.00856	0.02603	0.72482	0.02081	0.01977	0.01840	0.01489	0.00669	0.00514	0.00170	0.00415	0.00563	0.00495	0.00800
11	0.01055	0.00592	0.00790	0.00725	0.00896	0.00539	0.00564	0.01272	0.01377	0.18743	0.49753	0.09262	0.03736	0.01018	0.00590	0.00168	0.00304	0.07503	0.00557	0.00555
12	0.00616	0.00440	0.00587	0.00704	0.00733	0.00411	0.00469	0.00704	0.00968	0.01291	0.02787	0.81899	0.03344	0.01584	0.00645	0.00205	0.00293	0.01438	0.00469	0.00411
13	0.03481	0.33713	0.29884	0.01393	0.11674	0.06965	0.01314	0.03571	0.01117	0.01480	0.00827	0.00977	0.00669	0.00464	0.00416	0.00136	0.00644	0.00339	0.00233	0.00702

[dist]
# distance from previous block
# <min> <max>
0	1

[block]
# block no. 4 follows, 49 sequences, length 81
# corresponding to MSA columns:
# 591-671
name=unknown_E
#
# <colnr> <probs for GDERKNQSTAVLIFYWHMCP>
#	G	D	E	R	K	N	Q	S	T	A	V	L	I	F	Y	W	H	M	C	P
0	0.76580	0.01001	0.00815	0.02804	0.01084	0.01160	0.00599	0.05239	0.03584	0.02283	0.00781	0.00891	0.00600	0.00485	0.00334	0.00157	0.00407	0.00297	0.00327	0.00572
1	0.05379	0.01267	0.01296	0.01098	0.01394	0.06213	0.00877	0.25667	0.39294	0.02320	0.01528	0.01498	0.01150	0.00660	0.00603	0.00167	0.07861	0.00495	0.00460	0.00772
2	0.01113	0.22640	0.55680	0.01394	0.06491	0.01384	0.01597	0.01577	0.01062	0.01501	0.00859	0.01014	0.00652	0.00467	0.00442	0.00146	0.00687	0.00352	0.00216	0.00726
3	0.00722	0.00542	0.00813	0.00813	0.00903	0.00632	0.00632	0.00903	0.00813	0.01174	0.01354	0.01987	0.01264	0.03792	0.80225	0.00813	0.01354	0.00542	0.00271	0.00451
4	0.00722	0.00542	0.00813	0.00813	0.00903	0.00632	0.00632	0.00903	0.00813	0.01174	0.01354	0.01987	0.01264	0.03792	0.80225	0.00813	0.01354	0.00542	0.00271	0.00451
5	0.01320	0.67325	0.14378	0.00970	0.01444	0.04785	0.01023	0.01546	0.01049	0.01254	0.00737	0.00854	0.00648	0.00443	0.00353	0.00117	0.00586	0.00288	0.00218	0.00662
6	0.00622	0.00465	0.00581	0.00670	0.00738	0.00423	0.00467	0.00727	0.01022	0.01320	0.03337	0.59656	0.21300	0.01502	0.00637	0.00199	0.00293	0.05154	0.00469	0.00417
7	0.00716	0.00517	0.00676	0.00636	0.00755	0.00477	0.00477	0.00954	0.01431	0.02028	0.78808	0.03777	0.04771	0.01034	0.00596	0.00159	0.00239	0.00914	0.00557	0.00477
8	0.01108	0.01112	0.01579	0.01345	0.01356	0.01543	0.02726	0.01226	0.00783	0.01226	0.00671	0.01112	0.00666	0.00875	0.01637	0.00220	0.79591	0.00446	0.00222	0.00556
9	0.01618	0.05071	0.06570	0.01148	0.01515	0.14367	0.00967	0.32632	0.26533	0.02330	0.01373	0.01354	0.01023	0.00603	0.00491	0.00153	0.00576	0.00458	0.00437	0.00779
10	0.00955	0.00899	0.01517	0.81013	0.03483	0.01123	0.01404	0.01292	0.01011	0.01292	0.00899	0.01348	0.00674	0.00506	0.00506	0.00169	0.00674	0.00449	0.00225	0.00562
11	0.01344	0.78372	0.02667	0.00930	0.01367	0.01964	0.04780	0.01520	0.01036	0.01212	0.00719	0.00840	0.00655	0.00432	0.00338	0.00111	0.00557	0.00287	0.00218	0.00651
12	0.01106	0.01106	0.01549	0.01328	0.01328	0.01549	0.01106	0.01217	0.00774	0.01217	0.00664	0.01106	0.00664	0.00885	0.01659	0.00221	0.81303	0.00443	0.00221	0.00553
13	0.00635	0.00514	0.00564	0.00551	0.00706	0.00443	0.00413	0.00798	0.01240	0.01574	0.28304	0.04524	0.55558	0.01203	0.00597	0.00167	0.00251	0.01019	0.00497	0.00443
14	0.00598	0.00509	0.00515	0.00520	0.00685	0.00426	0.00387	0.00725	0.01145	0.01363	0.05032	0.07850	0.75944	0.01292	0.00599	0.00172	0.00258	0.01082	0.00470	0.00426
15	0.00693	0.00499	0.00656	0.00652	0.00750	0.00462	0.00475	0.00898	0.01326	0.01861	0.61563	0.21499	0.04448	0.01159	0.00608	0.00170	0.00251	0.01033	0.00537	0.00462
16	0.00815	0.00582	0.00815	0.00931	0.01048	0.00582	0.00815	0.01048	0.01164	0.01513	0.02677	0.05704	0.02910	0.01397	0.00698	0.00233	0.00466	0.75671	0.00466	0.00466
17	0.85801	0.00978	0.00743	0.00665	0.00978	0.01134	0.00548	0.01486	0.00861	0.02269	0.00704	0.00821	0.00548	0.00469	0.00313	0.00156	0.00391	0.00274	0.00313	0.00548
18	0.01352	0.82533	0.02650	0.00865	0.01298	0.02001	0.00865	0.01514	0.01027	0.01190	0.00703	0.00811	0.00649	0.00433	0.00324	0.00108	0.00541	0.00270	0.00216	0.00649
19	0.01897	0.01404	0.01503	0.01158	0.01558	0.01556	0.00955	0.74495	0.05313	0.03145	0.01247	0.01240	0.00886	0.00610	0.00506	0.00153	0.00550	0.00460	0.00506	0.00858
20	0.00611	0.00462	0.00565	0.00647	0.00718	0.00416	0.00444	0.00711	0.01023	0.01313	0.03484	0.58923	0.25870	0.01494	0.00631	0.00195	0.00282	0.01327	0.00469	0.00416
21	0.69605	0.00984	0.00844	0.00724	0.01053	0.01101	0.00597	0.05516	0.01022	0.13304	0.00914	0.00970	0.00664	0.00499	0.00351	0.00156	0.00405	0.00317	0.00367	0.00608
