[name]
unknown

[dist]
# distance from previous block
# <min> <max>
0	82

[block]
# block no. 0 follows, 48 sequences, length 22
# corresponding to MSA columns:
# 99-116,118-121
name=unknown_A
#
# <colnr> <probs for GDERKNQSTAVLIFYWHMCP>
#	G	D	E	R	K	N	Q	S	T	A	V	L	I	F	Y	W	H	M	C	P
0	0.04535	0.05906	0.01179	0.00968	0.03086	0.00815	0.07650	0.04375	0.04424	0.05050	0.03750	0.27167	0.01962	0.07039	0.00696	0.00189	0.00438	0.05268	0.00399	0.15105
1	0.01223	0.03195	0.16519	0.01496	0.17486	0.01035	0.02739	0.09654	0.07832	0.07489	0.01542	0.18174	0.01420	0.00748	0.00525	0.00162	0.00524	0.00655	0.00375	0.07206
2	0.18453	0.09365	0.08287	0.04945	0.03410	0.08969	0.02615	0.07757	0.12185	0.06149	0.03964	0.01552	0.06276	0.00615	0.00478	0.00156	0.01890	0.00466	0.01802	0.00666
3	0.03399	0.10994	0.12426	0.07192	0.17845	0.04859	0.01099	0.04057	0.03603	0.05230	0.03483	0.02997	0.01059	0.06769	0.03251	0.00191	0.00595	0.00462	0.00305	0.10184
4	0.01623	0.20912	0.01451	0.00879	0.01193	0.07000	0.00731	0.05891	0.01312	0.30616	0.06803	0.08152	0.03494	0.06929	0.00646	0.00175	0.00484	0.00575	0.00452	0.00683
5	0.01302	0.01295	0.07448	0.01335	0.05860	0.08229	0.16165	0.07235	0.05562	0.07296	0.04090	0.07510	0.01190	0.00595	0.00522	0.00144	0.01623	0.00537	0.00355	0.21708
6	0.05297	0.01385	0.14023	0.05277	0.03024	0.11169	0.05335	0.05006	0.03673	0.03546	0.03764	0.08694	0.07125	0.05336	0.01872	0.00201	0.13747	0.00599	0.00327	0.00601
7	0.00680	0.00498	0.00707	0.00764	0.00826	0.00525	0.00555	0.00819	0.00925	0.01281	0.04918	0.41186	0.02450	0.02645	0.38086	0.00498	0.00804	0.01010	0.00384	0.00439
8	0.00906	0.00988	0.07429	0.04844	0.07548	0.00844	0.24239	0.01178	0.01114	0.01517	0.07047	0.33738	0.04411	0.00979	0.00605	0.00184	0.00543	0.00948	0.00368	0.00569
9	0.07119	0.07521	0.04184	0.16998	0.03332	0.32562	0.07706	0.01706	0.01229	0.04767	0.03237	0.01211	0.00842	0.00633	0.02901	0.00170	0.02578	0.00411	0.00280	0.00614
10	0.01181	0.04442	0.20506	0.05259	0.01582	0.00960	0.06824	0.04432	0.08729	0.12705	0.01698	0.19992	0.01572	0.06922	0.00699	0.00198	0.00541	0.00715	0.00389	0.00653
11	0.00642	0.00472	0.00605	0.00695	0.00758	0.00435	0.00486	0.00757	0.01054	0.01386	0.08243	0.60148	0.14687	0.01512	0.00648	0.00202	0.00299	0.06062	0.00482	0.00427
12	0.01245	0.01753	0.27572	0.02039	0.30370	0.07207	0.05202	0.07264	0.01259	0.01729	0.01131	0.01622	0.00957	0.00576	0.00522	0.00163	0.00679	0.07681	0.00283	0.00744
13	0.01296	0.07419	0.07691	0.07963	0.05235	0.01225	0.10026	0.12195	0.22288	0.05707	0.12044	0.01790	0.01565	0.00637	0.00523	0.00162	0.00533	0.00557	0.00417	0.00727
14	0.01225	0.01035	0.01565	0.39271	0.20116	0.01168	0.01274	0.07835	0.10836	0.06268	0.01293	0.01533	0.03225	0.00563	0.00516	0.00165	0.00595	0.00495	0.00326	0.00695
15	0.00891	0.00446	0.00668	0.00668	0.00668	0.00446	0.00446	0.00668	0.00668	0.00891	0.00891	0.01560	0.00891	0.01783	0.02005	0.85071	0.00446	0.00446	0.00223	0.00223
16	0.02532	0.04823	0.12517	0.01286	0.01669	0.01147	0.16906	0.13177	0.14336	0.05247	0.01647	0.12729	0.01473	0.00771	0.00556	0.00176	0.00574	0.07338	0.00401	0.00696
17	0.01123	0.04646	0.26905	0.01848	0.17688	0.01174	0.20584	0.03784	0.01149	0.01623	0.02191	0.01520	0.00941	0.03454	0.06679	0.00225	0.00764	0.02735	0.00264	0.00702
18	0.00849	0.00607	0.00895	0.21749	0.01522	0.00637	0.00747	0.01025	0.01066	0.07226	0.08059	0.48570	0.02633	0.01204	0.00603	0.00191	0.00405	0.01084	0.00430	0.00497
19	0.01105	0.01232	0.07564	0.01435	0.01571	0.01431	0.11398	0.01306	0.00896	0.01342	0.00898	0.01512	0.00861	0.00844	0.01373	0.00214	0.57984	0.06198	0.00248	0.00587
20	0.01397	0.24274	0.19526	0.03051	0.10203	0.11004	0.01191	0.09242	0.04598	0.04985	0.03175	0.01271	0.02887	0.00540	0.00455	0.00143	0.00627	0.00410	0.00305	0.00715
21	0.01431	0.01168	0.06011	0.01117	0.07094	0.10347	0.00857	0.03924	0.17405	0.19834	0.09892	0.02376	0.12609	0.00771	0.00536	0.00163	0.00482	0.02808	0.00474	0.00702

[dist]
# distance from previous block
# <min> <max>
0	3

[block]
# block no. 1 follows, 48 sequences, length 11
# corresponding to MSA columns:
# 125-135
name=unknown_B
#
# <colnr> <probs for GDERKNQSTAVLIFYWHMCP>
#	G	D	E	R	K	N	Q	S	T	A	V	L	I	F	Y	W	H	M	C	P
0	0.23980	0.09093	0.04721	0.03064	0.01302	0.01101	0.00744	0.09126	0.05980	0.01979	0.00970	0.01085	0.00767	0.00471	0.00388	0.00124	0.00443	0.00340	0.02980	0.31345
1	0.30055	0.03850	0.01050	0.00895	0.01156	0.24601	0.00701	0.06276	0.01296	0.01930	0.19467	0.01715	0.03792	0.00659	0.00450	0.00150	0.00530	0.00483	0.00374	0.00570
2	0.23443	0.00693	0.00737	0.00725	0.00902	0.00719	0.00547	0.01252	0.07217	0.06673	0.14728	0.29002	0.07337	0.01056	0.00536	0.00180	0.00335	0.02929	0.00462	0.00528
3	0.00746	0.00497	0.00560	0.00560	0.00560	0.00497	0.00311	0.00746	0.00746	0.00995	0.01617	0.03358	0.01865	0.81967	0.02612	0.00497	0.00497	0.00746	0.00311	0.00311
4	0.01631	0.01065	0.04127	0.32122	0.05751	0.01088	0.01131	0.15117	0.01436	0.29303	0.01366	0.01464	0.00930	0.00571	0.00513	0.00163	0.00574	0.00476	0.00424	0.00748
5	0.00733	0.00550	0.00825	0.00825	0.00916	0.00641	0.00641	0.00916	0.00825	0.01191	0.01374	0.02016	0.01283	0.03848	0.79934	0.00825	0.01374	0.00550	0.00275	0.00458
6	0.01223	0.01331	0.02265	0.17534	0.13039	0.09359	0.36430	0.01554	0.01151	0.01494	0.00975	0.01369	0.00783	0.03293	0.00697	0.00180	0.05894	0.00522	0.00253	0.00653
7	0.00625	0.00447	0.00595	0.00714	0.00744	0.00417	0.00476	0.00714	0.00982	0.01310	0.02828	0.81633	0.03394	0.01608	0.00655	0.00208	0.00298	0.01459	0.00476	0.00417
8	0.01558	0.04255	0.04198	0.03140	0.05677	0.32729	0.16248	0.03414	0.03935	0.07165	0.01062	0.03611	0.00862	0.00558	0.00555	0.00150	0.04446	0.00458	0.00307	0.05673
9	0.00844	0.03480	0.08102	0.01213	0.17537	0.00735	0.00821	0.01085	0.01235	0.01649	0.23927	0.03370	0.32137	0.00950	0.00565	0.00163	0.00384	0.00817	0.00422	0.00565
10	0.01278	0.04021	0.24492	0.06251	0.01834	0.01223	0.07243	0.10268	0.24739	0.06423	0.01557	0.03741	0.03371	0.00624	0.00517	0.00166	0.00581	0.00528	0.00386	0.00755

[dist]
# distance from previous block
# <min> <max>
0	1

[block]
# block no. 2 follows, 48 sequences, length 30
# corresponding to MSA columns:
# 137-166
name=unknown_C
#
# <colnr> <probs for GDERKNQSTAVLIFYWHMCP>
#	G	D	E	R	K	N	Q	S	T	A	V	L	I	F	Y	W	H	M	C	P
0	0.03385	0.04645	0.08032	0.27847	0.20357	0.01210	0.12843	0.01457	0.01079	0.01520	0.00918	0.01249	0.00727	0.00491	0.00564	0.00158	0.05049	0.00447	0.00246	0.07777
1	0.06349	0.01726	0.25751	0.03733	0.01770	0.07632	0.06283	0.21433	0.07736	0.02094	0.04395	0.01349	0.00994	0.00607	0.00544	0.02923	0.00628	0.00453	0.02880	0.00720
2	0.01063	0.01008	0.01709	0.56431	0.27100	0.01165	0.01472	0.01394	0.01071	0.01425	0.00929	0.01337	0.00724	0.00496	0.00511	0.00165	0.00661	0.00456	0.00236	0.00646
3	0.00838	0.00692	0.01018	0.04724	0.09924	0.00704	0.03940	0.01125	0.05141	0.01632	0.26693	0.04977	0.11371	0.04137	0.17716	0.00321	0.00603	0.03501	0.00413	0.00532
4	0.00962	0.00581	0.00724	0.00729	0.00872	0.00537	0.00530	0.01171	0.06054	0.15133	0.05420	0.44450	0.18239	0.01298	0.00610	0.00189	0.00320	0.01143	0.00510	0.00528
5	0.01135	0.08102	0.19747	0.05554	0.01651	0.03108	0.03160	0.01500	0.04009	0.03093	0.00964	0.01117	0.00760	0.00440	0.00425	0.00114	0.00531	0.00352	0.00284	0.43955
6	0.76029	0.01046	0.04173	0.03755	0.01135	0.01131	0.00644	0.01489	0.00906	0.02227	0.03197	0.00960	0.00701	0.00496	0.00341	0.00159	0.00419	0.00310	0.00318	0.00563
7	0.01335	0.01298	0.01591	0.15342	0.17951	0.14360	0.05430	0.13365	0.01344	0.01730	0.03873	0.02535	0.00992	0.00865	0.07789	0.00215	0.04337	0.00477	0.00310	0.04858
8	0.01040	0.00910	0.03184	0.01027	0.07920	0.08355	0.00695	0.04304	0.00964	0.01308	0.01242	0.02084	0.01236	0.28759	0.08128	0.10801	0.08869	0.00549	0.08163	0.00463
9	0.41789	0.00974	0.01053	0.07977	0.04574	0.03787	0.06187	0.01423	0.03061	0.01915	0.01430	0.01575	0.09936	0.00608	0.00461	0.00160	0.03327	0.00456	0.08743	0.00564
10	0.00721	0.00506	0.00563	0.00568	0.00609	0.00488	0.00349	0.00758	0.00851	0.01098	0.02393	0.03784	0.17528	0.62065	0.02121	0.00420	0.00448	0.04034	0.00352	0.00343
11	0.00709	0.00530	0.00757	0.00786	0.00855	0.00582	0.00584	0.00859	0.00910	0.01278	0.06539	0.27486	0.02171	0.04865	0.45763	0.00563	0.03097	0.00865	0.00356	0.00446
12	0.01202	0.00815	0.00952	0.00868	0.01098	0.00835	0.00689	0.11746	0.17469	0.12313	0.10374	0.12166	0.14517	0.01019	0.00584	0.00181	0.00389	0.11622	0.00521	0.00640
13	0.00995	0.02007	0.49929	0.01473	0.02054	0.01076	0.16875	0.01468	0.01091	0.01573	0.01281	0.15359	0.01160	0.00674	0.00541	0.00173	0.00699	0.00616	0.00271	0.00685
14	0.00645	0.00462	0.00622	0.00720	0.00756	0.00449	0.00488	0.00741	0.00951	0.01279	0.02586	0.67793	0.03055	0.05987	0.10557	0.00299	0.00441	0.01310	0.00443	0.00416
15	0.01917	0.02445	0.01454	0.01322	0.01586	0.79907	0.00991	0.02049	0.01454	0.01256	0.00793	0.00925	0.00661	0.00529	0.00463	0.00132	0.00925	0.00330	0.00264	0.00595
16	0.01313	0.01010	0.05221	0.20131	0.03398	0.00915	0.02785	0.04937	0.05717	0.16106	0.01294	0.03325	0.00979	0.00538	0.00470	0.00137	0.00499	0.00455	0.04929	0.25840
17	0.01250	0.26795	0.19880	0.01797	0.18532	0.03464	0.18215	0.01601	0.01127	0.01501	0.00889	0.01106	0.00717	0.00455	0.00468	0.00146	0.00689	0.00413	0.00236	0.00720
18	0.00969	0.00912	0.01539	0.80734	0.03534	0.01140	0.01425	0.01311	0.01026	0.01311	0.00912	0.01368	0.00684	0.00513	0.00513	0.00171	0.00684	0.00456	0.00228	0.00570
19	0.01246	0.01019	0.01069	0.00971	0.01209	0.04244	0.00748	0.17856	0.33566	0.02091	0.02114	0.22107	0.03560	0.00932	0.00554	0.00177	0.00427	0.02642	0.02779	0.00690
20	0.01102	0.00912	0.01136	0.14071	0.01581	0.01025	0.02769	0.04355	0.38434	0.03736	0.05249	0.19763	0.01921	0.00875	0.00556	0.00180	0.00438	0.00767	0.00461	0.00670
21	0.01073	0.01267	0.18659	0.01798	0.28516	0.00924	0.03528	0.01373	0.01115	0.06521	0.01643	0.25291	0.01650	0.00851	0.00558	0.00175	0.00542	0.03499	0.00344	0.00671
22	0.00969	0.00912	0.01539	0.80734	0.03534	0.01140	0.01425	0.01311	0.01026	0.01311	0.00912	0.01368	0.00684	0.00513	0.00513	0.00171	0.00684	0.00456	0.00228	0.00570
23	0.00969	0.00912	0.01539	0.80734	0.03534	0.01140	0.01425	0.01311	0.01026	0.01311	0.00912	0.01368	0.00684	0.00513	0.00513	0.00171	0.00684	0.00456	0.00228	0.00570
24	0.02707	0.00982	0.01729	0.14237	0.10787	0.00979	0.22743	0.01486	0.01180	0.12913	0.07231	0.05879	0.07815	0.04185	0.00678	0.00184	0.02629	0.00653	0.00362	0.00640
25	0.01064	0.00912	0.01064	0.00760	0.01216	0.00684	0.00608	0.01292	0.01064	0.01672	0.00912	0.01064	0.00760	0.00380	0.00380	0.00076	0.00380	0.00304	0.00304	0.85104
26	0.01174	0.06556	0.06071	0.01904	0.02366	0.01309	0.58667	0.01559	0.01141	0.01557	0.01014	0.01365	0.00795	0.00710	0.06362	0.00219	0.05748	0.00561	0.00254	0.00668
27	0.06806	0.01108	0.03090	0.01022	0.01335	0.05191	0.04601	0.04639	0.36990	0.13780	0.10863	0.01983	0.03556	0.00694	0.00517	0.00164	0.00451	0.00579	0.00492	0.02138
28	0.00638	0.00515	0.00529	0.00529	0.00663	0.00448	0.00372	0.00739	0.01075	0.01299	0.04399	0.04585	0.61441	0.19304	0.01054	0.00246	0.00313	0.01008	0.00440	0.00406
29	0.03390	0.04294	0.30129	0.03349	0.01889	0.01190	0.15011	0.12313	0.04080	0.01805	0.01276	0.11747	0.01127	0.02741	0.00620	0.00179	0.03266	0.00588	0.00318	0.00689

[dist]
# distance from previous block
# <min> <max>
0	1

[block]
# block no. 3 follows, 48 sequences, length 25
# corresponding to MSA columns:
# 168-192
name=unknown_D
#
# <colnr> <probs for GDERKNQSTAVLIFYWHMCP>
#	G	D	E	R	K	N	Q	S	T	A	V	L	I	F	Y	W	H	M	C	P
0	0.00628	0.00457	0.00593	0.00694	0.00741	0.00421	0.00469	0.00728	0.01021	0.01352	0.06634	0.71277	0.09984	0.01554	0.00648	0.00203	0.00292	0.01401	0.00481	0.00421
1	0.01550	0.27612	0.01994	0.05605	0.07672	0.22867	0.07568	0.07116	0.01325	0.06771	0.04621	0.01199	0.00939	0.00523	0.00452	0.00137	0.00670	0.00403	0.00304	0.00673
2	0.01430	0.00947	0.01272	0.00932	0.01373	0.00772	0.07274	0.01699	0.03210	0.23399	0.01266	0.01305	0.00926	0.00464	0.00441	0.00110	0.00439	0.00397	0.00399	0.51945
3	0.01226	0.00959	0.03719	0.00908	0.02891	0.00840	0.00723	0.03014	0.19143	0.11484	0.14872	0.01838	0.01723	0.00612	0.00478	0.00130	0.00390	0.00512	0.00441	0.34097
4	0.00745	0.00501	0.00577	0.00577	0.00583	0.00507	0.00332	0.00757	0.00751	0.01008	0.01601	0.03271	0.01828	0.76912	0.07616	0.00519	0.00554	0.00733	0.00309	0.00320
5	0.01384	0.37334	0.10586	0.03979	0.21644	0.14240	0.01204	0.01632	0.01145	0.01385	0.00820	0.01000	0.00699	0.00466	0.00420	0.00132	0.00652	0.00348	0.00236	0.00696
6	0.01185	0.01471	0.25951	0.01026	0.01551	0.00893	0.01056	0.01522	0.01100	0.09742	0.01020	0.01144	0.00775	0.00464	0.00488	0.00119	0.04172	0.00357	0.00307	0.45658
7	0.01536	0.06850	0.10957	0.01540	0.15584	0.15328	0.02295	0.16174	0.10569	0.07388	0.01279	0.02617	0.01023	0.00603	0.00502	0.00155	0.00628	0.03852	0.00370	0.00750
8	0.01135	0.01118	0.08344	0.22977	0.15127	0.02386	0.10896	0.01475	0.02654	0.07817	0.01541	0.07124	0.03481	0.00721	0.00560	0.00177	0.00614	0.10877	0.00331	0.00646
9	0.00746	0.00497	0.00560	0.00560	0.00560	0.00497	0.00311	0.00746	0.00746	0.00995	0.01617	0.03358	0.01865	0.81967	0.02612	0.00497	0.00497	0.00746	0.00311	0.00311
10	0.01839	0.02316	0.01466	0.01324	0.01563	0.72224	0.01004	0.01969	0.01389	0.01254	0.00781	0.00945	0.00662	0.00565	0.00582	0.00141	0.08782	0.00342	0.00260	0.00592
11	0.00746	0.00497	0.00560	0.00560	0.00560	0.00497	0.00311	0.00746	0.00746	0.00995	0.01617	0.03358	0.01865	0.81967	0.02612	0.00497	0.00497	0.00746	0.00311	0.00311
12	0.04284	0.01790	0.01486	0.01591	0.17120	0.41178	0.01046	0.02096	0.15972	0.06799	0.01156	0.01237	0.00902	0.00552	0.00482	0.00147	0.00713	0.00415	0.00338	0.00698
13	0.01159	0.01118	0.01952	0.19454	0.51053	0.01157	0.08007	0.01469	0.01130	0.01572	0.01081	0.06519	0.00950	0.00542	0.00527	0.00162	0.00627	0.00535	0.00263	0.00725
14	0.00689	0.00523	0.00635	0.00607	0.00744	0.00468	0.00455	0.00897	0.01365	0.01851	0.55968	0.04172	0.27498	0.01126	0.00606	0.00165	0.00248	0.00976	0.00538	0.00468
15	0.08715	0.47330	0.02119	0.01149	0.09556	0.08066	0.00915	0.03037	0.01108	0.04039	0.00854	0.02617	0.00754	0.00496	0.00416	0.00126	0.02847	0.00342	0.00265	0.05246
16	0.01550	0.02914	0.05475	0.01028	0.01472	0.03213	0.06512	0.14773	0.01424	0.20558	0.02466	0.01317	0.00957	0.00508	0.00463	0.00125	0.00499	0.00419	0.00413	0.33912
17	0.01276	0.03275	0.06228	0.09649	0.05012	0.00891	0.10977	0.04111	0.02919	0.17593	0.03437	0.13570	0.01581	0.00779	0.00538	0.00169	0.00509	0.06266	0.10573	0.00647
18	0.01029	0.02654	0.79309	0.01462	0.02221	0.01192	0.01896	0.01625	0.01083	0.01625	0.00921	0.01083	0.00650	0.00487	0.00487	0.00162	0.00758	0.00379	0.00217	0.00758
19	0.00747	0.00561	0.00682	0.00667	0.00797	0.00535	0.00494	0.01054	0.07955	0.01846	0.47111	0.15691	0.15278	0.01129	0.00599	0.00170	0.00267	0.00989	0.02935	0.00494
20	0.00781	0.00682	0.01140	0.01030	0.01202	0.00636	0.16822	0.00974	0.01094	0.01431	0.02808	0.39660	0.14806	0.01276	0.00646	0.00200	0.00442	0.13455	0.00429	0.00487
21	0.03550	0.00560	0.00725	0.00806	0.00899	0.00559	0.00637	0.00918	0.01082	0.01453	0.04525	0.30726	0.11083	0.04144	0.00759	0.00224	0.02893	0.33548	0.00458	0.00450
22	0.04074	0.08783	0.31563	0.03237	0.01706	0.04930	0.01235	0.07938	0.21429	0.01836	0.01543	0.01572	0.06752	0.00612	0.00488	0.00160	0.00588	0.00479	0.00347	0.00729
23	0.00638	0.00494	0.00594	0.00637	0.00741	0.00450	0.00456	0.00769	0.01097	0.01412	0.11937	0.34848	0.34122	0.01615	0.07508	0.00242	0.00370	0.01168	0.00469	0.00434
24	0.03006	0.20570	0.05345	0.03830	0.07635	0.03481	0.07089	0.02529	0.03668	0.01550	0.04963	0.07444	0.07920	0.02043	0.00501	0.00144	0.00501	0.00549	0.03794	0.13437

[dist]
# distance from previous block
# <min> <max>
2	20

[block]
# block no. 4 follows, 48 sequences, length 46
# corresponding to MSA columns:
# 213-258
name=unknown_E
#
# <colnr> <probs for GDERKNQSTAVLIFYWHMCP>
#	G	D	E	R	K	N	Q	S	T	A	V	L	I	F	Y	W	H	M	C	P
0	0.03851	0.00884	0.00913	0.00793	0.01044	0.04686	0.00605	0.06049	0.17150	0.06851	0.05859	0.05925	0.12160	0.09105	0.00711	0.00183	0.00400	0.00636	0.07739	0.14458
1	0.01218	0.07210	0.26167	0.01152	0.04837	0.02393	0.01122	0.06001	0.04704	0.07760	0.02413	0.04361	0.00995	0.00701	0.04371	0.00169	0.00591	0.00438	0.00325	0.23070
2	0.00803	0.00632	0.00738	0.00693	0.00857	0.00622	0.00525	0.01248	0.15757	0.01926	0.47957	0.03716	0.20487	0.01038	0.00590	0.00166	0.00277	0.00897	0.00537	0.00535
3	0.01613	0.01311	0.01953	0.01546	0.05673	0.01361	0.25068	0.31939	0.13060	0.09057	0.01353	0.01428	0.00977	0.00563	0.00544	0.00163	0.00628	0.00529	0.00432	0.00803
4	0.00739	0.00539	0.00679	0.00747	0.00863	0.00510	0.00601	0.00919	0.01145	0.01496	0.07989	0.15830	0.22387	0.04457	0.00725	0.00216	0.00369	0.34716	0.04624	0.00449
5	0.00640	0.00498	0.00586	0.00648	0.00757	0.00445	0.00476	0.00765	0.01095	0.01373	0.03949	0.36122	0.39318	0.01438	0.00638	0.00195	0.00300	0.09851	0.00476	0.00431
6	0.00610	0.00520	0.00524	0.00523	0.00695	0.00435	0.00393	0.00743	0.01178	0.01405	0.07271	0.04907	0.76474	0.01292	0.00606	0.00173	0.00259	0.01079	0.00479	0.00435
7	0.01917	0.02445	0.01454	0.01322	0.01586	0.79907	0.00991	0.02049	0.01454	0.01256	0.00793	0.00925	0.00661	0.00529	0.00463	0.00132	0.00925	0.00330	0.00264	0.00595
8	0.01596	0.01851	0.01722	0.06228	0.34090	0.42767	0.01259	0.01811	0.01312	0.01435	0.00872	0.01093	0.00726	0.00498	0.00484	0.00143	0.00780	0.00390	0.00258	0.00685
9	0.01951	0.01437	0.01540	0.01181	0.01591	0.01591	0.00975	0.77056	0.02412	0.03234	0.01232	0.01232	0.00873	0.00616	0.00513	0.00154	0.00565	0.00462	0.00513	0.00873
10	0.01064	0.00912	0.01064	0.00760	0.01216	0.00684	0.00608	0.01292	0.01064	0.01672	0.00912	0.01064	0.00760	0.00380	0.00380	0.00076	0.00380	0.00304	0.00304	0.85104
11	0.00643	0.00476	0.00600	0.00664	0.00739	0.00434	0.00462	0.00771	0.01114	0.01478	0.18863	0.51435	0.17571	0.01436	0.00636	0.00192	0.00279	0.01280	0.00495	0.00434
12	0.01338	0.01112	0.01180	0.01047	0.01346	0.01277	0.00819	0.06383	0.71976	0.04364	0.02044	0.01876	0.01524	0.00690	0.00521	0.00173	0.00415	0.00572	0.00525	0.00817
13	0.01005	0.00971	0.04170	0.17193	0.27670	0.00929	0.04472	0.01287	0.01157	0.01616	0.14704	0.08490	0.04135	0.02157	0.00572	0.00164	0.00519	0.00637	0.00332	0.07821
14	0.00835	0.00700	0.00829	0.00817	0.00907	0.07308	0.00610	0.00980	0.00863	0.01160	0.01370	0.02173	0.01338	0.18054	0.58885	0.00705	0.01174	0.00568	0.00281	0.00442
15	0.01123	0.01123	0.01572	0.01347	0.01347	0.01572	0.01123	0.01235	0.00786	0.01235	0.00674	0.01123	0.00674	0.00898	0.01684	0.00225	0.81028	0.00449	0.00225	0.00561
16	0.01520	0.01176	0.01252	0.01041	0.01354	0.01319	0.00824	0.35762	0.34452	0.02524	0.01648	0.01734	0.01272	0.07688	0.00693	0.00191	0.00479	0.00538	0.03751	0.00783
17	0.00630	0.00451	0.00600	0.00711	0.00745	0.00420	0.00477	0.00728	0.01007	0.01349	0.06771	0.77578	0.03469	0.01578	0.00652	0.00206	0.00295	0.01431	0.00481	0.00420
18	0.00656	0.00517	0.00591	0.00582	0.00726	0.00453	0.00433	0.00828	0.01272	0.01652	0.34526	0.08965	0.44542	0.01217	0.00609	0.00171	0.00255	0.01043	0.00512	0.00453
19	0.00855	0.00493	0.00559	0.00552	0.00667	0.00477	0.00410	0.01087	0.01206	0.01930	0.29285	0.07144	0.02698	0.00817	0.00464	0.00140	0.00244	0.00695	0.49800	0.00477
20	0.01064	0.00912	0.01064	0.00760	0.01216	0.00684	0.00608	0.01292	0.01064	0.01672	0.00912	0.01064	0.00760	0.00380	0.00380	0.00076	0.00380	0.00304	0.00304	0.85104
21	0.01312	0.49397	0.27150	0.01106	0.01632	0.08923	0.01215	0.01612	0.01093	0.01346	0.00787	0.00916	0.00656	0.00463	0.00392	0.00129	0.00651	0.00313	0.00223	0.00685
22	0.00855	0.00682	0.01023	0.32046	0.01867	0.00744	0.00861	0.01120	0.01238	0.03819	0.36285	0.07736	0.06616	0.00881	0.00572	0.00170	0.00429	0.02111	0.00423	0.00522
23	0.11429	0.01457	0.15897	0.01634	0.14462	0.02471	0.14101	0.10627	0.03443	0.10056	0.01165	0.01432	0.00898	0.00569	0.00573	0.00167	0.05125	0.03419	0.00341	0.00734
24	0.14596	0.01311	0.05310	0.07041	0.22235	0.12212	0.04161	0.05444	0.01241	0.13036	0.01219	0.07790	0.01014	0.00602	0.00489	0.00159	0.00591	0.00504	0.00349	0.00697
25	0.16646	0.01730	0.04120	0.01260	0.01585	0.36067	0.13884	0.06427	0.01311	0.01700	0.00984	0.03477	0.00808	0.00544	0.00462	0.00148	0.00719	0.00423	0.07094	0.00613
26	0.00900	0.00790	0.01204	0.05615	0.01300	0.00920	0.08512	0.01071	0.00973	0.01390	0.01776	0.31285	0.01936	0.01111	0.00936	0.00203	0.25013	0.07317	0.07241	0.00507
27	0.01358	0.00904	0.01072	0.00843	0.01177	0.00839	0.00675	0.17769	0.02658	0.14860	0.23440	0.02082	0.03361	0.00684	0.00501	0.00134	0.00388	0.00569	0.00484	0.26201
28	0.01211	0.01384	0.03028	0.02163	0.02682	0.01298	0.76903	0.01644	0.01211	0.01644	0.01038	0.01384	0.00779	0.00433	0.00606	0.00173	0.00865	0.00606	0.00260	0.00692
29	0.00880	0.00727	0.01119	0.37599	0.03314	0.00807	0.02236	0.01130	0.01102	0.03564	0.08472	0.15930	0.11677	0.00905	0.00565	0.00179	0.00493	0.05467	0.03310	0.00524
30	0.00658	0.00485	0.00590	0.00649	0.00740	0.00434	0.00454	0.00776	0.01093	0.02794	0.10336	0.48557	0.27689	0.01441	0.00632	0.00192	0.00283	0.01273	0.00487	0.00436
31	0.01274	0.01119	0.01170	0.04695	0.01425	0.03623	0.00834	0.02603	0.70112	0.02075	0.01985	0.01859	0.01492	0.00680	0.00516	0.00171	0.00430	0.00564	0.02585	0.00786
32	0.01087	0.00907	0.03214	0.14216	0.07878	0.00837	0.06894	0.04384	0.01145	0.07012	0.01536	0.18547	0.01485	0.02211	0.00561	0.00161	0.00495	0.04334	0.01695	0.21399
33	0.11101	0.22917	0.15239	0.01063	0.03349	0.01312	0.02363	0.06861	0.01201	0.12536	0.05422	0.02682	0.01044	0.00567	0.00499	0.00145	0.04722	0.00419	0.00340	0.06217
34	0.21981	0.01030	0.01105	0.00895	0.01232	0.01086	0.00730	0.24766	0.04879	0.22676	0.08830	0.01630	0.02476	0.00642	0.00471	0.00157	0.00436	0.00491	0.03754	0.00735
35	0.00675	0.00483	0.00609	0.00671	0.00751	0.00439	0.00468	0.00800	0.01107	0.03145	0.15996	0.52464	0.17632	0.01435	0.00634	0.00193	0.00284	0.01279	0.00495	0.00441
36	0.01172	0.02735	0.17938	0.32989	0.10707	0.03884	0.10327	0.06475	0.01177	0.02820	0.00956	0.01263	0.00722	0.00517	0.00564	0.00166	0.04201	0.00452	0.00258	0.00676
37	0.01016	0.00573	0.00698	0.00646	0.00748	0.00541	0.00437	0.01103	0.01020	0.15119	0.13882	0.03300	0.06116	0.48292	0.01765	0.00360	0.00434	0.03079	0.00422	0.00449
38	0.01319	0.00680	0.00795	0.00675	0.00907	0.00640	0.00532	0.06972	0.01314	0.19979	0.12090	0.02019	0.01708	0.00652	0.00442	0.00133	0.00320	0.00533	0.41050	0.07240
39	0.00736	0.00570	0.00684	0.06336	0.00923	0.00563	0.00499	0.00946	0.06203	0.01422	0.14910	0.15769	0.24305	0.22550	0.01132	0.00262	0.00366	0.00949	0.00432	0.00441
40	0.01342	0.12553	0.20690	0.05274	0.09698	0.08044	0.04156	0.07154	0.20216	0.04059	0.01234	0.01315	0.00936	0.00545	0.00483	0.00155	0.00619	0.00441	0.00336	0.00750
41	0.00698	0.00485	0.00589	0.00639	0.00667	0.00468	0.00408	0.00757	0.00899	0.01194	0.04942	0.33208	0.05718	0.41479	0.01626	0.00350	0.00402	0.04705	0.00397	0.00370
42	0.00713	0.00506	0.00681	0.00789	0.00850	0.00490	0.00596	0.00851	0.01038	0.01369	0.02681	0.45786	0.03093	0.08487	0.00845	0.00244	0.00382	0.29709	0.00461	0.00429
43	0.00830	0.00646	0.00977	0.29226	0.01778	0.00713	0.00851	0.01018	0.01009	0.03438	0.01999	0.33153	0.03594	0.05195	0.03215	0.02629	0.00503	0.08374	0.00370	0.00480
44	0.09957	0.01389	0.04080	0.24619	0.05026	0.17064	0.01080	0.19861	0.01437	0.01893	0.01114	0.08122	0.00950	0.00629	0.00494	0.00160	0.00641	0.00498	0.00336	0.00650
45	0.00647	0.00487	0.00588	0.00657	0.00739	0.00444	0.00464	0.00754	0.01041	0.01328	0.03496	0.43275	0.27953	0.08232	0.00808	0.00223	0.00317	0.07665	0.00462	0.00418

[dist]
# distance from previous block
# <min> <max>
0	3

[block]
# block no. 5 follows, 48 sequences, length 43
# corresponding to MSA columns:
# 262-304
name=unknown_F
#
# <colnr> <probs for GDERKNQSTAVLIFYWHMCP>
#	G	D	E	R	K	N	Q	S	T	A	V	L	I	F	Y	W	H	M	C	P
0	0.10242	0.24235	0.10297	0.01098	0.06925	0.05085	0.00942	0.05516	0.02538	0.07200	0.00951	0.01054	0.00753	0.00468	0.00403	0.00124	0.00528	0.00342	0.00305	0.20995
1	0.01352	0.64005	0.15081	0.01003	0.01482	0.07072	0.01051	0.01585	0.01077	0.01278	0.00752	0.00872	0.00657	0.00453	0.00364	0.00120	0.00608	0.00295	0.00222	0.00670
2	0.03278	0.02621	0.01630	0.33139	0.23986	0.01162	0.02933	0.04475	0.03472	0.01601	0.03123	0.01468	0.00932	0.00554	0.00571	0.00162	0.05386	0.02048	0.02074	0.05386
3	0.08248	0.16328	0.01612	0.25031	0.07483	0.10217	0.01037	0.05113	0.02680	0.10278	0.01055	0.01317	0.00835	0.04294	0.02294	0.00180	0.00625	0.00418	0.00310	0.00644
4	0.00737	0.00542	0.00723	0.00745	0.00834	0.00568	0.00569	0.00886	0.00942	0.01266	0.04180	0.03503	0.12327	0.19894	0.34541	0.00531	0.00824	0.15607	0.00357	0.00426
5	0.00948	0.00890	0.01467	0.72585	0.03264	0.01103	0.01342	0.01268	0.01029	0.01314	0.01211	0.01615	0.06242	0.00581	0.00555	0.00173	0.03107	0.00501	0.00246	0.00560
6	0.00670	0.00524	0.00618	0.00674	0.00803	0.00472	0.00525	0.00820	0.01135	0.01411	0.04049	0.20706	0.42951	0.01394	0.00644	0.00197	0.00325	0.21167	0.00475	0.00440
7	0.82238	0.01010	0.00786	0.00695	0.01016	0.01169	0.00573	0.04538	0.00935	0.02339	0.00735	0.00850	0.00568	0.00482	0.00325	0.00159	0.00404	0.00285	0.00325	0.00568
8	0.00734	0.00545	0.00802	0.00802	0.00885	0.00629	0.00613	0.00901	0.00818	0.01174	0.01395	0.02132	0.01333	0.10629	0.73223	0.00796	0.01298	0.00567	0.00278	0.00445
9	0.01917	0.02445	0.01454	0.01322	0.01586	0.79907	0.00991	0.02049	0.01454	0.01256	0.00793	0.00925	0.00661	0.00529	0.00463	0.00132	0.00925	0.00330	0.00264	0.00595
10	0.01951	0.01437	0.01540	0.01181	0.01591	0.01591	0.00975	0.77056	0.02412	0.03234	0.01232	0.01232	0.00873	0.00616	0.00513	0.00154	0.00565	0.00462	0.00513	0.00873
11	0.01033	0.00879	0.01031	0.00757	0.01182	0.00665	0.00599	0.01251	0.01058	0.01646	0.01049	0.06815	0.00948	0.00468	0.00400	0.00085	0.00374	0.00386	0.00316	0.79059
12	0.85592	0.00992	0.00754	0.00675	0.00992	0.01151	0.00556	0.01508	0.00873	0.02302	0.00714	0.00834	0.00556	0.00476	0.00318	0.00159	0.00397	0.00278	0.00318	0.00556
13	0.02302	0.00873	0.01191	0.00913	0.01310	0.00754	0.00754	0.02501	0.01469	0.79122	0.02024	0.01746	0.01270	0.00635	0.00516	0.00159	0.00437	0.00516	0.00635	0.00873
14	0.00737	0.00613	0.01018	0.00973	0.01090	0.00576	0.13253	0.00894	0.01035	0.01382	0.02521	0.62829	0.02926	0.01398	0.00651	0.00204	0.00405	0.06588	0.00440	0.00467
15	0.02302	0.00873	0.01191	0.00913	0.01310	0.00754	0.00754	0.02501	0.01469	0.79122	0.02024	0.01746	0.01270	0.00635	0.00516	0.00159	0.00437	0.00516	0.00635	0.00873
16	0.01951	0.01437	0.01540	0.01181	0.01591	0.01591	0.00975	0.77056	0.02412	0.03234	0.01232	0.01232	0.00873	0.00616	0.00513	0.00154	0.00565	0.00462	0.00513	0.00873
17	0.00726	0.00524	0.00686	0.00646	0.00767	0.00484	0.00484	0.00968	0.01452	0.02058	0.78496	0.03833	0.04841	0.01049	0.00605	0.00161	0.00242	0.00928	0.00565	0.00484
18	0.01917	0.02445	0.01454	0.01322	0.01586	0.79907	0.00991	0.02049	0.01454	0.01256	0.00793	0.00925	0.00661	0.00529	0.00463	0.00132	0.00925	0.00330	0.00264	0.00595
19	0.01123	0.01123	0.01572	0.01347	0.01347	0.01572	0.01123	0.01235	0.00786	0.01235	0.00674	0.01123	0.00674	0.00898	0.01684	0.00225	0.81028	0.00449	0.00225	0.00561
20	0.00649	0.00484	0.00693	0.00773	0.00822	0.00452	0.03541	0.00752	0.00992	0.01323	0.02756	0.78415	0.03289	0.01560	0.00653	0.00207	0.00320	0.01424	0.00468	0.00428
21	0.01123	0.01123	0.01572	0.01347	0.01347	0.01572	0.01123	0.01235	0.00786	0.01235	0.00674	0.01123	0.00674	0.00898	0.01684	0.00225	0.81028	0.00449	0.00225	0.00561
22	0.00696	0.00484	0.00613	0.00673	0.00701	0.00478	0.00443	0.00765	0.00884	0.01184	0.02206	0.38457	0.02569	0.34863	0.07822	0.00379	0.00477	0.05534	0.00392	0.00380
23	0.01123	0.01123	0.01572	0.01347	0.01347	0.01572	0.01123	0.01235	0.00786	0.01235	0.00674	0.01123	0.00674	0.00898	0.01684	0.00225	0.81028	0.00449	0.00225	0.00561
24	0.00631	0.00453	0.00590	0.00696	0.00731	0.00422	0.00462	0.00717	0.00977	0.01295	0.02867	0.73370	0.06832	0.06379	0.00769	0.00224	0.00308	0.01399	0.00466	0.00411
25	0.00653	0.00483	0.00614	0.00695	0.00770	0.00445	0.00498	0.00780	0.01084	0.01420	0.10539	0.51640	0.17725	0.01475	0.00647	0.00200	0.00304	0.09113	0.00484	0.00432
26	0.01012	0.00980	0.03035	0.20256	0.01785	0.05740	0.05257	0.02818	0.00971	0.01304	0.01188	0.11978	0.01165	0.03091	0.11403	0.06339	0.20276	0.00604	0.00277	0.00522
27	0.00679	0.00527	0.00624	0.00661	0.00792	0.00476	0.00513	0.00840	0.01177	0.01493	0.14088	0.14736	0.39975	0.03050	0.00679	0.00198	0.00316	0.18249	0.00484	0.00444
28	0.01182	0.20824	0.17004	0.01024	0.03534	0.01198	0.00977	0.01606	0.09769	0.03260	0.01065	0.01178	0.00849	0.00483	0.00437	0.00122	0.02162	0.00365	0.05328	0.27636
29	0.01209	0.01267	0.09012	0.15075	0.07084	0.01250	0.19634	0.01746	0.15042	0.06269	0.01199	0.01435	0.00919	0.00665	0.02476	0.00193	0.14006	0.00512	0.00315	0.00691
30	0.01320	0.42897	0.12970	0.05980	0.14625	0.03291	0.01166	0.04893	0.02478	0.02782	0.00882	0.01049	0.00735	0.00551	0.02299	0.00149	0.00620	0.00356	0.00253	0.00703
31	0.00625	0.00447	0.00595	0.00714	0.00744	0.00417	0.00476	0.00714	0.00982	0.01310	0.02828	0.81633	0.03394	0.01608	0.00655	0.00208	0.00298	0.01459	0.00476	0.00417
32	0.00734	0.00546	0.00806	0.00806	0.00891	0.00631	0.00618	0.00904	0.00819	0.01177	0.01392	0.02112	0.01324	0.09424	0.74415	0.00801	0.01312	0.00564	0.00277	0.00448
33	0.00717	0.00563	0.00635	0.00602	0.00764	0.00507	0.00456	0.04303	0.01344	0.01750	0.35513	0.04310	0.44356	0.01164	0.00602	0.00167	0.00266	0.00990	0.00515	0.00474
34	0.01302	0.45165	0.12501	0.01348	0.01845	0.04764	0.23413	0.01599	0.01114	0.01391	0.00839	0.01026	0.00693	0.00447	0.00436	0.00136	0.00683	0.00387	0.00233	0.00679
35	0.03944	0.08488	0.01842	0.22299	0.12553	0.21064	0.10764	0.04750	0.01213	0.01479	0.00883	0.01167	0.00712	0.00537	0.00574	0.01591	0.04821	0.00422	0.00258	0.00638
36	0.01713	0.00779	0.01026	0.00837	0.01137	0.00709	0.00672	0.02026	0.07564	0.48185	0.26626	0.02431	0.02443	0.00773	0.00545	0.00161	0.00372	0.00654	0.00603	0.00743
37	0.01089	0.05186	0.37923	0.03204	0.13328	0.01068	0.01385	0.01501	0.01087	0.01623	0.00916	0.01100	0.00710	0.00447	0.00450	0.00131	0.00605	0.00364	0.00250	0.27631
38	0.00681	0.00500	0.00646	0.00749	0.00801	0.00486	0.00517	0.00874	0.06478	0.01380	0.02770	0.72425	0.03243	0.01534	0.00648	0.00207	0.00314	0.04821	0.00479	0.00448
39	0.01014	0.15847	0.20052	0.01146	0.04599	0.01096	0.08307	0.01429	0.07814	0.01618	0.12862	0.06168	0.12512	0.00745	0.00513	0.00157	0.00514	0.00638	0.02336	0.00632
40	0.01280	0.02689	0.12725	0.01231	0.10603	0.08084	0.00965	0.03202	0.05794	0.10338	0.01395	0.08642	0.02880	0.02421	0.00524	0.00144	0.00520	0.00511	0.00355	0.25698
41	0.00644	0.00466	0.00609	0.00696	0.00751	0.00432	0.00479	0.00762	0.01071	0.01434	0.14525	0.63046	0.08640	0.01498	0.00645	0.00199	0.00290	0.02895	0.00490	0.00429
42	0.12854	0.00929	0.02915	0.12724	0.08162	0.00920	0.04289	0.05609	0.01242	0.23643	0.07452	0.01762	0.01320	0.06402	0.00635	0.00182	0.00488	0.00514	0.07290	0.00667

[dist]
# distance from previous block
# <min> <max>
6	10

[block]
# block no. 6 follows, 48 sequences, length 16
# corresponding to MSA columns:
# 315-330
name=unknown_G
#
# <colnr> <probs for GDERKNQSTAVLIFYWHMCP>
#	G	D	E	R	K	N	Q	S	T	A	V	L	I	F	Y	W	H	M	C	P
0	0.01342	0.27705	0.14657	0.13609	0.01995	0.09599	0.09351	0.06053	0.01204	0.04147	0.00907	0.01090	0.00713	0.00481	0.00447	0.00139	0.00665	0.00382	0.00265	0.05247
1	0.04572	0.11462	0.06410	0.13802	0.11003	0.10523	0.01160	0.13632	0.06099	0.01738	0.00959	0.01172	0.00770	0.00587	0.00668	0.00162	0.13878	0.00415	0.00300	0.00686
2	0.01183	0.00888	0.06472	0.00983	0.01217	0.00800	0.03388	0.10269	0.01294	0.13782	0.05053	0.16042	0.02081	0.01317	0.08325	0.00253	0.03078	0.20237	0.02736	0.00602
3	0.01110	0.00939	0.01089	0.00782	0.01235	0.00731	0.00627	0.05217	0.01134	0.01753	0.00929	0.01073	0.00766	0.00392	0.00387	0.00080	0.00390	0.00312	0.00315	0.80740
4	0.01495	0.00944	0.01083	0.00934	0.01225	0.00999	0.00731	0.02369	0.43378	0.24973	0.06235	0.02167	0.04470	0.05824	0.00659	0.00189	0.00407	0.00608	0.00543	0.00768
5	0.01065	0.04134	0.33709	0.10940	0.07348	0.01153	0.20847	0.01496	0.01090	0.01547	0.01061	0.03271	0.00862	0.05621	0.00650	0.00185	0.00716	0.00500	0.03130	0.00674
6	0.33999	0.00919	0.01025	0.00822	0.01189	0.00905	0.00679	0.02123	0.01242	0.49887	0.01526	0.01399	0.00998	0.00575	0.00440	0.00159	0.00422	0.00425	0.00514	0.00752
7	0.00667	0.00517	0.00645	0.00660	0.00772	0.00503	0.00487	0.00813	0.01045	0.01368	0.11254	0.16187	0.31533	0.05709	0.25030	0.00392	0.00616	0.00948	0.00417	0.00438
8	0.00956	0.00478	0.00478	0.00478	0.00598	0.00478	0.00359	0.01196	0.01076	0.01913	0.01674	0.01913	0.01315	0.00598	0.00359	0.00120	0.00239	0.00478	0.84816	0.00478
9	0.00729	0.00500	0.00615	0.00628	0.00670	0.00496	0.00411	0.00781	0.00884	0.01183	0.08618	0.12352	0.09142	0.41698	0.10891	0.06888	0.00528	0.02266	0.00359	0.00363
10	0.00772	0.00714	0.05017	0.00784	0.00981	0.00583	0.04899	0.01034	0.03279	0.01774	0.40489	0.15102	0.15194	0.01055	0.00590	0.00166	0.00329	0.00935	0.00485	0.05817
11	0.00710	0.00538	0.00635	0.00637	0.00702	0.00535	0.00433	0.00795	0.00983	0.01290	0.11453	0.17200	0.22922	0.32028	0.01449	0.00305	0.05618	0.00961	0.00407	0.00398
12	0.09604	0.01500	0.07563	0.18759	0.12044	0.20473	0.02528	0.06437	0.04266	0.06041	0.01028	0.01242	0.00794	0.00701	0.04725	0.00191	0.00719	0.00418	0.00304	0.00663
13	0.07614	0.20984	0.10522	0.03017	0.14037	0.08741	0.05550	0.06925	0.01251	0.07019	0.04974	0.01238	0.00961	0.00514	0.00450	0.00141	0.00597	0.00409	0.00310	0.04745
14	0.05937	0.02539	0.07117	0.06262	0.12104	0.13164	0.07515	0.06065	0.04381	0.05836	0.01097	0.01383	0.00886	0.00551	0.00509	0.01902	0.00605	0.03414	0.00320	0.18413
15	0.01429	0.41685	0.07138	0.01046	0.01463	0.04708	0.04989	0.09657	0.10475	0.06332	0.01242	0.01365	0.03381	0.00560	0.00432	0.00138	0.00561	0.02361	0.00330	0.00706

[dist]
# distance from previous block
# <min> <max>
4	7

[block]
# block no. 7 follows, 48 sequences, length 27
# corresponding to MSA columns:
# 338-364
name=unknown_H
#
# <colnr> <probs for GDERKNQSTAVLIFYWHMCP>
#	G	D	E	R	K	N	Q	S	T	A	V	L	I	F	Y	W	H	M	C	P
0	0.00987	0.00875	0.01441	0.01768	0.31627	0.00852	0.08279	0.01233	0.01202	0.01693	0.27183	0.04878	0.02393	0.12360	0.00856	0.00209	0.00485	0.00702	0.00374	0.00607
1	0.00935	0.00659	0.00730	0.00689	0.00857	0.00676	0.00526	0.04290	0.16602	0.01951	0.23433	0.06446	0.12063	0.00891	0.00516	0.00156	0.00295	0.02131	0.25601	0.00553
2	0.11109	0.13436	0.04488	0.09538	0.01777	0.07741	0.11995	0.10939	0.04649	0.14533	0.01214	0.04305	0.00937	0.00569	0.00478	0.00155	0.00598	0.00471	0.00368	0.00700
3	0.20284	0.01438	0.07586	0.06387	0.17961	0.12975	0.12412	0.04865	0.03477	0.03241	0.01024	0.04263	0.00840	0.00536	0.00478	0.00159	0.00640	0.00458	0.00301	0.00674
4	0.00630	0.00468	0.00588	0.00669	0.00736	0.00426	0.00459	0.00741	0.01061	0.01389	0.09761	0.59342	0.18864	0.01497	0.00641	0.00197	0.00285	0.01337	0.00484	0.00426
5	0.02989	0.00792	0.01136	0.03292	0.04261	0.02531	0.05379	0.01068	0.00879	0.01262	0.01301	0.05059	0.01305	0.16223	0.30788	0.00485	0.17149	0.03329	0.00284	0.00489
6	0.01164	0.03442	0.12519	0.14759	0.21474	0.06705	0.10488	0.01507	0.03031	0.03134	0.01406	0.01704	0.07596	0.00618	0.00583	0.01732	0.02998	0.02267	0.02208	0.00666
7	0.00719	0.00480	0.00617	0.00684	0.00733	0.00450	0.00455	0.00809	0.00998	0.04320	0.08319	0.56668	0.04826	0.16208	0.01002	0.00255	0.00335	0.01244	0.00459	0.00421
8	0.01020	0.00646	0.00770	0.00720	0.00911	0.00609	0.00545	0.01352	0.11440	0.15184	0.18738	0.18037	0.25790	0.01110	0.00588	0.00175	0.00314	0.00955	0.00528	0.00568
9	0.05267	0.05185	0.27275	0.03684	0.01782	0.10667	0.09866	0.03179	0.05337	0.03380	0.03458	0.02057	0.05234	0.00685	0.00526	0.00169	0.00654	0.10620	0.00322	0.00656
10	0.00998	0.00649	0.00831	0.00793	0.00884	0.00703	0.00580	0.01212	0.15217	0.04623	0.01658	0.08288	0.05953	0.04475	0.01389	0.39288	0.06471	0.02690	0.02868	0.00432
11	0.00665	0.00475	0.00641	0.00760	0.00807	0.00451	0.00546	0.00784	0.01022	0.01355	0.02806	0.66582	0.03306	0.01570	0.00666	0.00214	0.00332	0.16114	0.00476	0.00428
12	0.00968	0.00538	0.00612	0.00613	0.00748	0.00523	0.00461	0.01217	0.04197	0.07667	0.05288	0.17319	0.07744	0.00907	0.00479	0.00153	0.00286	0.04663	0.45110	0.00507
13	0.05190	0.14071	0.24067	0.08437	0.05534	0.06579	0.09394	0.06265	0.12398	0.01717	0.01074	0.01218	0.00819	0.00515	0.00476	0.00155	0.00655	0.00424	0.00295	0.00716
14	0.01310	0.01455	0.06652	0.28067	0.03417	0.20991	0.07840	0.02890	0.01186	0.04414	0.01068	0.01568	0.00892	0.00621	0.00632	0.00169	0.08499	0.06063	0.01656	0.00610
15	0.04846	0.06577	0.04053	0.05034	0.08497	0.33723	0.16201	0.10355	0.01401	0.01644	0.00905	0.01099	0.00718	0.00512	0.00515	0.00149	0.02399	0.00415	0.00287	0.00670
16	0.00788	0.00623	0.00812	0.00954	0.06763	0.00601	0.00701	0.01038	0.04994	0.01501	0.03339	0.14858	0.26268	0.01297	0.00645	0.00204	0.00391	0.33267	0.00460	0.00496
17	0.01505	0.00898	0.01109	0.00814	0.01249	0.00709	0.00660	0.01722	0.01208	0.29239	0.01308	0.01307	0.00942	0.00471	0.00428	0.00105	0.00400	0.00379	0.00422	0.55123
18	0.01107	0.01100	0.01542	0.01326	0.01330	0.01535	0.01103	0.01222	0.00787	0.01233	0.00701	0.01158	0.00698	0.01016	0.04802	0.00248	0.77854	0.00453	0.00227	0.00557
19	0.01917	0.02445	0.01454	0.01322	0.01586	0.79907	0.00991	0.02049	0.01454	0.01256	0.00793	0.00925	0.00661	0.00529	0.00463	0.00132	0.00925	0.00330	0.00264	0.00595
20	0.00629	0.00458	0.00592	0.00691	0.00740	0.00422	0.00468	0.00730	0.01027	0.01358	0.07136	0.69486	0.11283	0.01546	0.00647	0.00202	0.00291	0.01391	0.00481	0.00422
21	0.00736	0.00499	0.00557	0.00557	0.00570	0.00493	0.00317	0.00745	0.00778	0.01024	0.01886	0.03477	0.07632	0.75902	0.02461	0.00473	0.00480	0.00771	0.00323	0.00320
22	0.00748	0.00497	0.00633	0.00664	0.00736	0.00469	0.00479	0.00777	0.00965	0.01243	0.06718	0.14078	0.21378	0.11324	0.01278	0.24794	0.00379	0.12089	0.00387	0.00364
23	0.01303	0.01116	0.01175	0.01050	0.01345	0.01289	0.00819	0.05710	0.74812	0.02190	0.02054	0.01887	0.01538	0.00693	0.00522	0.00173	0.00412	0.00575	0.00522	0.00815
24	0.01040	0.00841	0.01381	0.06846	0.04116	0.00843	0.14898	0.04033	0.00963	0.01349	0.00963	0.01419	0.00848	0.01225	0.07104	0.31899	0.05210	0.00462	0.00260	0.14303
25	0.04670	0.26834	0.05057	0.01013	0.01343	0.14722	0.00884	0.05470	0.17790	0.03230	0.01173	0.01254	0.00940	0.00648	0.02530	0.00160	0.04528	0.00400	0.06682	0.00673
26	0.07896	0.07360	0.04750	0.35942	0.02405	0.01312	0.06886	0.07205	0.01094	0.01555	0.00937	0.03926	0.00782	0.00612	0.00705	0.00175	0.15116	0.00469	0.00266	0.00609

[dist]
# distance from previous block
# <min> <max>
0	7

[block]
# block no. 8 follows, 48 sequences, length 11
# corresponding to MSA columns:
# 372-382
name=unknown_I
#
# <colnr> <probs for GDERKNQSTAVLIFYWHMCP>
#	G	D	E	R	K	N	Q	S	T	A	V	L	I	F	Y	W	H	M	C	P
0	0.26352	0.08786	0.05315	0.02843	0.10172	0.12218	0.00888	0.05947	0.03105	0.08057	0.07510	0.01374	0.02547	0.00567	0.00436	0.00149	0.00531	0.00421	0.00352	0.02431
1	0.01292	0.12986	0.13144	0.06859	0.01541	0.15004	0.00982	0.03155	0.14948	0.05228	0.09334	0.04222	0.03259	0.00655	0.00484	0.00151	0.00563	0.00518	0.05018	0.00656
2	0.00692	0.00530	0.00695	0.00796	0.05049	0.00489	0.00532	0.00849	0.01170	0.01564	0.24625	0.37278	0.18956	0.01318	0.00624	0.00186	0.00297	0.03400	0.00489	0.00463
3	0.01114	0.01102	0.01821	0.41235	0.25742	0.04181	0.09125	0.01430	0.01095	0.01450	0.00992	0.03960	0.00820	0.00537	0.00561	0.00167	0.03269	0.00500	0.00248	0.00651
4	0.01137	0.00619	0.00797	0.00699	0.00903	0.00550	0.00543	0.01350	0.01412	0.22987	0.45965	0.03439	0.15590	0.00976	0.00581	0.00163	0.00298	0.00840	0.00570	0.00582
5	0.00721	0.00489	0.00574	0.00595	0.00608	0.00481	0.00353	0.00753	0.00833	0.01118	0.06237	0.18852	0.02337	0.61477	0.02111	0.00421	0.00443	0.00897	0.00358	0.00342
6	0.00698	0.00519	0.00649	0.00625	0.00751	0.00471	0.00465	0.00910	0.01372	0.01887	0.60190	0.08276	0.19037	0.01128	0.00608	0.00166	0.00249	0.00987	0.00543	0.00471
7	0.00798	0.00554	0.00673	0.00656	0.00699	0.00585	0.00426	0.04292	0.00843	0.01148	0.01537	0.02915	0.01670	0.58131	0.22413	0.00566	0.00726	0.00683	0.00311	0.00375
8	0.01287	0.00852	0.01010	0.00784	0.01142	0.00734	0.00625	0.04471	0.07284	0.15661	0.09902	0.01654	0.01429	0.00556	0.00443	0.00115	0.00369	0.00457	0.09178	0.42045
9	0.00969	0.00912	0.01539	0.80734	0.03534	0.01140	0.01425	0.01311	0.01026	0.01311	0.00912	0.01368	0.00684	0.00513	0.00513	0.00171	0.00684	0.00456	0.00228	0.00570
10	0.01438	0.05726	0.07163	0.03286	0.09045	0.03725	0.04107	0.29647	0.03582	0.06178	0.08621	0.07926	0.05848	0.00727	0.00528	0.00159	0.00531	0.00608	0.00431	0.00725

[dist]
# distance from previous block
# <min> <max>
0	3

[block]
