[name]
unknown

[dist]
# distance from previous block
# <min> <max>
0	69

[block]
# block no. 0 follows, 48 sequences, length 40
# corresponding to MSA columns:
# 69-108
name=unknown_A
#
# <colnr> <probs for GDERKNQSTAVLIFYWHMCP>
#	G	D	E	R	K	N	Q	S	T	A	V	L	I	F	Y	W	H	M	C	P
0	0.00985	0.13392	0.42674	0.01130	0.01634	0.01087	0.01309	0.01404	0.01182	0.01676	0.21783	0.02057	0.01908	0.00685	0.00509	0.00159	0.00573	0.04873	0.00325	0.00654
1	0.01492	0.01165	0.01305	0.01003	0.01375	0.01200	0.00820	0.39872	0.01735	0.02421	0.01321	0.01397	0.05350	0.00601	0.00568	0.00134	0.07081	0.00445	0.02151	0.28564
2	0.06385	0.06479	0.36225	0.01249	0.01690	0.01273	0.01342	0.01655	0.07324	0.08050	0.01087	0.03764	0.00865	0.00646	0.00761	0.00176	0.19593	0.00446	0.00293	0.00697
3	0.00653	0.00494	0.00607	0.00663	0.00759	0.00447	0.00480	0.00793	0.01135	0.01478	0.16306	0.39091	0.26328	0.01405	0.00636	0.00192	0.00291	0.07315	0.00491	0.00438
4	0.00632	0.00483	0.00581	0.00636	0.00729	0.00432	0.00447	0.00757	0.01113	0.01440	0.14100	0.43772	0.30186	0.01422	0.00631	0.00189	0.00277	0.01253	0.00489	0.00432
5	0.00840	0.00595	0.00743	0.00713	0.00783	0.00643	0.00494	0.07073	0.00913	0.01255	0.01491	0.02663	0.01558	0.45009	0.32415	0.00596	0.00843	0.00647	0.00314	0.00414
6	0.08199	0.01575	0.01133	0.01021	0.01268	0.36231	0.00775	0.08210	0.12457	0.01700	0.01512	0.01660	0.07331	0.05367	0.00590	0.00166	0.00627	0.00475	0.09098	0.00605
7	0.00640	0.00479	0.00565	0.00626	0.00696	0.00436	0.00420	0.00727	0.01001	0.01280	0.03376	0.43652	0.27138	0.15353	0.00977	0.00247	0.00320	0.01216	0.00448	0.00404
8	0.04875	0.00532	0.00586	0.00574	0.00652	0.00513	0.00375	0.00826	0.00988	0.01359	0.17866	0.03676	0.19190	0.43986	0.01655	0.00342	0.00389	0.00834	0.00399	0.00385
9	0.00738	0.00528	0.00716	0.00716	0.00771	0.00583	0.00506	0.00847	0.00793	0.01111	0.01473	0.02564	0.01521	0.35738	0.48369	0.00691	0.01016	0.00630	0.00290	0.00398
10	0.00833	0.00526	0.00673	0.00666	0.00759	0.00490	0.00465	0.00974	0.01166	0.08041	0.33422	0.24892	0.04632	0.18882	0.01051	0.00248	0.00330	0.01002	0.00489	0.00459
11	0.00697	0.00499	0.00673	0.00764	0.00834	0.00475	0.00572	0.00852	0.01117	0.01499	0.15834	0.47906	0.03525	0.01460	0.00661	0.00208	0.00335	0.21158	0.00491	0.00443
12	0.00629	0.00455	0.00590	0.00693	0.00735	0.00422	0.00465	0.00722	0.01000	0.01321	0.04391	0.71756	0.09546	0.03773	0.00704	0.00213	0.00299	0.01399	0.00473	0.00416
13	0.00900	0.00483	0.00500	0.00500	0.00588	0.00483	0.00346	0.01075	0.00988	0.01667	0.01659	0.02300	0.01463	0.22402	0.00962	0.00221	0.00308	0.00550	0.62171	0.00433
14	0.00778	0.00536	0.00674	0.00727	0.00778	0.00535	0.00534	0.00880	0.00936	0.01232	0.02111	0.06080	0.02361	0.45979	0.01760	0.00380	0.00483	0.32472	0.00383	0.00382
15	0.00813	0.00496	0.00557	0.00549	0.00612	0.00488	0.00360	0.00941	0.00994	0.01510	0.16477	0.02962	0.02254	0.38905	0.01464	0.00305	0.00361	0.00691	0.28859	0.00401
16	0.00859	0.00726	0.00769	0.00729	0.00933	0.00740	0.00554	0.01471	0.28723	0.01717	0.10715	0.07513	0.40430	0.01075	0.00578	0.00174	0.00313	0.00906	0.00501	0.00573
17	0.00617	0.00519	0.00535	0.00534	0.00700	0.00437	0.00399	0.00755	0.01190	0.01441	0.11269	0.06328	0.70954	0.01285	0.00607	0.00173	0.00259	0.01077	0.00484	0.00437
18	0.00739	0.00525	0.00700	0.00700	0.00749	0.00574	0.00486	0.00836	0.00788	0.01099	0.01488	0.02646	0.01556	0.40542	0.43615	0.00671	0.00962	0.00642	0.00292	0.00389
19	0.01064	0.00912	0.01064	0.00760	0.01216	0.00684	0.00608	0.01292	0.01064	0.01672	0.00912	0.01064	0.00760	0.00380	0.00380	0.00076	0.00380	0.00304	0.00304	0.85104
20	0.01238	0.01045	0.01149	0.00929	0.01303	0.01038	0.00735	0.08288	0.37239	0.02025	0.01491	0.01477	0.01148	0.00548	0.00458	0.00129	0.00408	0.00447	0.00424	0.38482
21	0.01363	0.03307	0.34723	0.01232	0.01753	0.01263	0.01299	0.14180	0.25253	0.08276	0.01420	0.01415	0.01022	0.00584	0.00502	0.00163	0.00588	0.00464	0.00393	0.00801
22	0.01029	0.02654	0.79309	0.01462	0.02221	0.01192	0.01896	0.01625	0.01083	0.01625	0.00921	0.01083	0.00650	0.00487	0.00487	0.00162	0.00758	0.00379	0.00217	0.00758
23	0.00740	0.00527	0.00623	0.00655	0.00721	0.00509	0.00465	0.00829	0.00948	0.01219	0.02634	0.04328	0.17629	0.44108	0.01697	0.00362	0.00443	0.20796	0.00388	0.00379
24	0.03868	0.01897	0.38565	0.01643	0.02233	0.01180	0.31608	0.02745	0.01179	0.01716	0.07439	0.01427	0.01051	0.00514	0.00539	0.00166	0.00743	0.00513	0.00271	0.00704
25	0.01464	0.07835	0.01634	0.36703	0.02437	0.01426	0.01168	0.37014	0.01681	0.02208	0.01046	0.01259	0.00771	0.00555	0.00498	0.00158	0.00617	0.00444	0.00362	0.00720
26	0.00981	0.00593	0.00760	0.00750	0.00882	0.00565	0.00545	0.01235	0.07472	0.13948	0.21502	0.36977	0.03167	0.06177	0.00731	0.00204	0.00330	0.02132	0.00517	0.00533
27	0.85592	0.00992	0.00754	0.00675	0.00992	0.01151	0.00556	0.01508	0.00873	0.02302	0.00714	0.00834	0.00556	0.00476	0.00318	0.00159	0.00397	0.00278	0.00318	0.00556
28	0.00654	0.00459	0.00587	0.00677	0.00699	0.00436	0.00436	0.00722	0.00925	0.01233	0.02534	0.62651	0.03023	0.21095	0.01129	0.00278	0.00346	0.01286	0.00436	0.00391
29	0.01295	0.01112	0.01171	0.01048	0.01341	0.01285	0.00817	0.04803	0.75732	0.02177	0.02064	0.01895	0.01547	0.00694	0.00522	0.00173	0.00411	0.00577	0.00522	0.00814
30	0.00677	0.00523	0.00617	0.00593	0.00736	0.00463	0.00445	0.00872	0.01335	0.01779	0.48109	0.04291	0.35402	0.01153	0.00606	0.00166	0.00249	0.00992	0.00528	0.00463
31	0.01350	0.27390	0.36627	0.01247	0.01786	0.20491	0.01360	0.01700	0.01160	0.01406	0.00825	0.00964	0.00655	0.00482	0.00432	0.00139	0.00733	0.00335	0.00229	0.00688
32	0.01225	0.01405	0.03934	0.05821	0.02431	0.06166	0.54896	0.01585	0.01145	0.01537	0.00955	0.01307	0.00747	0.00519	0.00766	0.00179	0.13916	0.00552	0.00252	0.00660
33	0.00654	0.00463	0.00607	0.00687	0.00739	0.00430	0.00469	0.00751	0.01047	0.01401	0.14001	0.59892	0.09003	0.01513	0.00723	0.05139	0.00295	0.01294	0.00475	0.00417
34	0.00845	0.00488	0.00521	0.00521	0.00578	0.00488	0.00333	0.00957	0.00901	0.01426	0.01644	0.02679	0.01607	0.43747	0.01553	0.00320	0.00376	0.00620	0.40004	0.00390
35	0.01846	0.01266	0.01377	0.01094	0.01467	0.02954	0.00894	0.48204	0.12682	0.15807	0.01631	0.01641	0.03311	0.00671	0.00522	0.00160	0.00517	0.02594	0.00528	0.00835
36	0.01190	0.01123	0.01642	0.36865	0.07560	0.04503	0.05730	0.10010	0.01158	0.01550	0.00897	0.01270	0.00722	0.00634	0.00825	0.02009	0.19814	0.00457	0.00266	0.01774
37	0.00796	0.00555	0.00719	0.00727	0.00801	0.00601	0.00519	0.01004	0.07266	0.01280	0.01688	0.13827	0.01718	0.20492	0.31898	0.06922	0.00776	0.00715	0.07265	0.00432
38	0.00635	0.00460	0.00593	0.00687	0.00732	0.00426	0.00462	0.00733	0.01014	0.01344	0.07367	0.66971	0.09570	0.05493	0.00744	0.00217	0.00301	0.01362	0.00473	0.00417
39	0.46214	0.01060	0.01001	0.00850	0.01185	0.01185	0.00691	0.12256	0.16690	0.12437	0.01234	0.01226	0.00896	0.00561	0.00412	0.00161	0.00427	0.00395	0.00427	0.00692

[dist]
# distance from previous block
# <min> <max>
0	3

[block]
# block no. 1 follows, 48 sequences, length 34
# corresponding to MSA columns:
# 112-145
name=unknown_B
#
# <colnr> <probs for GDERKNQSTAVLIFYWHMCP>
#	G	D	E	R	K	N	Q	S	T	A	V	L	I	F	Y	W	H	M	C	P
0	0.00993	0.18342	0.01325	0.02798	0.01170	0.01068	0.02479	0.01404	0.16379	0.01486	0.02056	0.28316	0.04268	0.01044	0.00624	0.00182	0.05537	0.09551	0.00403	0.00574
1	0.17149	0.36209	0.01930	0.01039	0.01411	0.22290	0.04277	0.07623	0.01235	0.01602	0.00790	0.00909	0.00662	0.00483	0.00389	0.00131	0.00635	0.00319	0.00274	0.00641
2	0.00746	0.00500	0.00573	0.00573	0.00578	0.00505	0.00328	0.00755	0.00750	0.01005	0.01604	0.03290	0.01836	0.78025	0.06514	0.00514	0.00542	0.00736	0.00309	0.00318
3	0.00713	0.00524	0.00667	0.00631	0.00758	0.00478	0.00473	0.00942	0.01420	0.01981	0.70175	0.03958	0.13210	0.01077	0.00605	0.00163	0.00244	0.00946	0.00555	0.00478
4	0.19318	0.01025	0.01735	0.04516	0.01761	0.01055	0.31417	0.02539	0.01080	0.01703	0.01421	0.16979	0.01394	0.00776	0.00615	0.00184	0.05040	0.06529	0.00331	0.00583
5	0.00781	0.00621	0.00917	0.00889	0.00970	0.00757	0.00701	0.00956	0.00820	0.01197	0.01288	0.01905	0.01207	0.03483	0.70246	0.00750	0.11236	0.00537	0.00269	0.00471
6	0.01129	0.01142	0.01682	0.01409	0.01448	0.01551	0.06879	0.01266	0.00818	0.01266	0.00701	0.01142	0.00682	0.00863	0.01602	0.00221	0.74939	0.00461	0.00227	0.00571
7	0.00762	0.00643	0.00971	0.00999	0.05048	0.00611	0.08583	0.00935	0.01093	0.01421	0.03059	0.35040	0.21304	0.01300	0.00663	0.00198	0.02194	0.14259	0.00436	0.00483
8	0.01133	0.01079	0.01835	0.38473	0.44514	0.01183	0.01507	0.01455	0.01104	0.01510	0.00941	0.01315	0.00754	0.00483	0.00510	0.00161	0.00643	0.00457	0.00242	0.00702
9	0.01241	0.00851	0.01274	0.41516	0.02344	0.00948	0.01054	0.07364	0.01247	0.16828	0.07229	0.12946	0.01508	0.00740	0.00541	0.00172	0.00538	0.00645	0.00391	0.00625
10	0.01276	0.01102	0.01160	0.01044	0.01334	0.01276	0.00812	0.02727	0.77840	0.02146	0.02088	0.01914	0.01566	0.00696	0.00522	0.00174	0.00406	0.00580	0.00522	0.00812
11	0.01813	0.01334	0.01425	0.01115	0.01493	0.01478	0.00914	0.64379	0.09419	0.03033	0.01346	0.01347	0.00971	0.00622	0.00503	0.00153	0.00525	0.00474	0.06819	0.00837
12	0.00767	0.00505	0.00653	0.00684	0.00774	0.00464	0.00482	0.00909	0.01160	0.06466	0.26037	0.43362	0.09251	0.05124	0.00719	0.00202	0.00296	0.01175	0.00506	0.00463
13	0.01599	0.01843	0.01763	0.02219	0.39481	0.41273	0.01278	0.01816	0.01314	0.01462	0.00878	0.01095	0.00735	0.00494	0.00485	0.00142	0.00770	0.00393	0.00259	0.00702
14	0.00644	0.00460	0.00617	0.00736	0.00774	0.00433	0.00509	0.00747	0.01001	0.01331	0.02818	0.74487	0.03352	0.01590	0.00660	0.00211	0.00314	0.08417	0.00476	0.00422
15	0.00704	0.00490	0.00617	0.00678	0.00714	0.00474	0.00457	0.00789	0.00951	0.01272	0.08007	0.36272	0.02859	0.32497	0.01412	0.00320	0.00392	0.10288	0.00419	0.00388
16	0.00668	0.00510	0.00614	0.00620	0.00742	0.00456	0.00456	0.00843	0.01263	0.01678	0.37780	0.18657	0.29998	0.01246	0.00617	0.00176	0.00263	0.02443	0.00516	0.00454
17	0.01123	0.01123	0.01572	0.01347	0.01347	0.01572	0.01123	0.01235	0.00786	0.01235	0.00674	0.01123	0.00674	0.00898	0.01684	0.00225	0.81028	0.00449	0.00225	0.00561
18	0.01835	0.01285	0.01400	0.01093	0.01458	0.01402	0.00886	0.60037	0.05716	0.09425	0.01376	0.01508	0.01033	0.08286	0.00712	0.00188	0.00540	0.00499	0.00505	0.00817
19	0.01252	0.00750	0.00844	0.00756	0.00964	0.00774	0.00584	0.11153	0.13416	0.12223	0.07618	0.11818	0.01814	0.00779	0.00480	0.00152	0.00340	0.00652	0.33004	0.00626
20	0.00705	0.00504	0.00688	0.00806	0.00871	0.00486	0.00616	0.00853	0.01062	0.01400	0.02784	0.51432	0.03218	0.01532	0.00676	0.00219	0.00367	0.30867	0.00475	0.00439
21	0.01064	0.00912	0.01064	0.00760	0.01216	0.00684	0.00608	0.01292	0.01064	0.01672	0.00912	0.01064	0.00760	0.00380	0.00380	0.00076	0.00380	0.00304	0.00304	0.85104
22	0.01149	0.00599	0.00757	0.00689	0.00826	0.00554	0.00484	0.01259	0.01105	0.22537	0.15200	0.12570	0.04440	0.33931	0.01403	0.00303	0.00406	0.00810	0.00468	0.00510
23	0.08005	0.00797	0.00876	0.00808	0.01026	0.00834	0.00639	0.11200	0.13949	0.07714	0.04853	0.09095	0.12809	0.03851	0.00610	0.00185	0.00385	0.11011	0.10751	0.00602
24	0.00726	0.00539	0.00791	0.00800	0.00881	0.00615	0.00608	0.00890	0.00831	0.01188	0.01498	0.08055	0.01478	0.08637	0.69099	0.00758	0.01238	0.00630	0.00292	0.00446
25	0.00720	0.00512	0.00611	0.00593	0.00668	0.00484	0.00398	0.00844	0.01112	0.01515	0.36198	0.03764	0.12682	0.36049	0.01472	0.00308	0.00355	0.00869	0.00444	0.00403
26	0.15043	0.00609	0.00731	0.10578	0.01116	0.00636	0.00589	0.00924	0.00976	0.01459	0.02475	0.39496	0.14509	0.02378	0.00686	0.05578	0.00368	0.01000	0.00400	0.00448
27	0.00688	0.00516	0.00591	0.00584	0.00680	0.00484	0.00402	0.00796	0.01037	0.01346	0.16101	0.03921	0.31861	0.29717	0.08781	0.00346	0.00445	0.00888	0.00415	0.00401
28	0.00853	0.00759	0.01009	0.00936	0.01016	0.00916	0.00756	0.01000	0.00995	0.01371	0.08840	0.06693	0.22099	0.01465	0.10855	0.00280	0.31531	0.07771	0.00362	0.00493
29	0.00940	0.00734	0.01180	0.39015	0.08074	0.00843	0.00983	0.01055	0.00887	0.01165	0.00997	0.01668	0.00907	0.11002	0.01253	0.27546	0.00578	0.00489	0.00239	0.00445
30	0.00664	0.00477	0.00620	0.00714	0.00764	0.00449	0.00499	0.00772	0.01016	0.01343	0.05840	0.57152	0.08026	0.08886	0.00835	0.00234	0.00333	0.10493	0.00464	0.00418
31	0.01002	0.00900	0.01533	0.01895	0.31127	0.00883	0.10458	0.01257	0.01137	0.01554	0.01858	0.19880	0.01955	0.00967	0.00607	0.00190	0.00536	0.21280	0.00363	0.00619
32	0.01310	0.00671	0.00884	0.08255	0.01125	0.00652	0.00595	0.01423	0.01045	0.28107	0.01747	0.02735	0.01603	0.42062	0.01592	0.00336	0.00493	0.04403	0.00424	0.00538
33	0.05138	0.07305	0.01159	0.00874	0.01081	0.01047	0.00679	0.30205	0.01385	0.01890	0.01055	0.01477	0.00923	0.07165	0.01268	0.35519	0.00501	0.00453	0.00345	0.00529

[dist]
# distance from previous block
# <min> <max>
9	23

[block]
# block no. 2 follows, 48 sequences, length 7
# corresponding to MSA columns:
# 171-177
name=unknown_C
#
# <colnr> <probs for GDERKNQSTAVLIFYWHMCP>
#	G	D	E	R	K	N	Q	S	T	A	V	L	I	F	Y	W	H	M	C	P
0	0.10759	0.16387	0.15136	0.01189	0.01581	0.08364	0.10401	0.04113	0.01160	0.07356	0.01222	0.06717	0.01093	0.00667	0.00552	0.00163	0.05122	0.07049	0.00319	0.00648
1	0.01327	0.00934	0.09713	0.00860	0.01177	0.00686	0.00756	0.01557	0.01233	0.26832	0.14205	0.08973	0.02038	0.08177	0.00720	0.00186	0.00428	0.05477	0.00470	0.14250
2	0.01271	0.00896	0.01070	0.00965	0.03007	0.00954	0.00735	0.20829	0.14178	0.08935	0.18146	0.11068	0.02209	0.01288	0.11775	0.00260	0.00544	0.00710	0.00492	0.00669
3	0.01332	0.00873	0.01090	0.00894	0.01156	0.00883	0.00711	0.13821	0.01303	0.16471	0.08357	0.01845	0.01427	0.08078	0.15239	0.00297	0.07692	0.00522	0.00413	0.17595
4	0.00953	0.00685	0.00870	0.08000	0.01116	0.00684	0.00598	0.06665	0.01081	0.04819	0.10136	0.09452	0.01899	0.27598	0.11051	0.00345	0.00563	0.00685	0.00370	0.12431
5	0.22804	0.01104	0.01134	0.01244	0.14521	0.12945	0.00812	0.01595	0.01193	0.14699	0.10005	0.12831	0.01617	0.00732	0.00486	0.00161	0.00490	0.00596	0.00402	0.00632
6	0.01326	0.01471	0.21491	0.01330	0.01741	0.01157	0.13682	0.03892	0.12356	0.14898	0.07740	0.01606	0.01269	0.00647	0.00710	0.00174	0.12880	0.00528	0.00378	0.00725

[dist]
# distance from previous block
# <min> <max>
0	2

[block]
# block no. 3 follows, 48 sequences, length 40
# corresponding to MSA columns:
# 180-219
name=unknown_D
#
# <colnr> <probs for GDERKNQSTAVLIFYWHMCP>
#	G	D	E	R	K	N	Q	S	T	A	V	L	I	F	Y	W	H	M	C	P
0	0.00936	0.05464	0.00852	0.00727	0.00754	0.00618	0.00518	0.00759	0.00699	0.00934	0.00866	0.01485	0.00862	0.01641	0.01882	0.74177	0.05895	0.00435	0.00223	0.00272
1	0.12238	0.04735	0.05176	0.05443	0.38396	0.14204	0.01256	0.05414	0.01235	0.04346	0.00972	0.01232	0.00794	0.00506	0.00472	0.00151	0.00631	0.01786	0.00290	0.00724
2	0.04014	0.00696	0.00821	0.00789	0.00972	0.00701	0.00608	0.01466	0.18017	0.09900	0.19705	0.18070	0.12570	0.01082	0.00587	0.00182	0.00340	0.08383	0.00517	0.00579
3	0.01438	0.00702	0.00885	0.00769	0.00962	0.00659	0.00561	0.06314	0.01186	0.33051	0.01957	0.15401	0.01810	0.30442	0.01303	0.00290	0.00444	0.00751	0.00483	0.00593
4	0.00936	0.00846	0.01529	0.02669	0.01515	0.00800	0.30216	0.01209	0.01123	0.01585	0.02229	0.12517	0.16316	0.00942	0.04094	0.00195	0.00553	0.00773	0.19406	0.00546
5	0.05785	0.00998	0.01335	0.33497	0.02214	0.01122	0.01044	0.16164	0.08883	0.15328	0.07332	0.01625	0.01226	0.00612	0.00512	0.00165	0.00542	0.00507	0.00413	0.00697
6	0.16194	0.00727	0.00819	0.00724	0.00912	0.00725	0.00526	0.04826	0.01072	0.23207	0.01685	0.10841	0.01588	0.32457	0.01314	0.00296	0.00444	0.00663	0.00430	0.00548
7	0.01886	0.01160	0.01321	0.01028	0.01401	0.01209	0.00844	0.46126	0.02004	0.24572	0.06917	0.01779	0.05975	0.00692	0.00526	0.00157	0.00488	0.00547	0.00549	0.00820
8	0.19829	0.00602	0.00644	0.00652	0.00793	0.00604	0.00480	0.00960	0.01097	0.01719	0.21981	0.26459	0.16271	0.01163	0.00618	0.03966	0.00306	0.00945	0.00452	0.00460
9	0.01029	0.00697	0.00856	0.00866	0.01023	0.00718	0.00659	0.01524	0.21842	0.10561	0.02516	0.37970	0.02580	0.01217	0.00612	0.00198	0.00373	0.13668	0.00506	0.00586
10	0.01261	0.00613	0.00826	0.00782	0.00958	0.00549	0.00581	0.01406	0.01209	0.30429	0.09837	0.44296	0.02741	0.01191	0.00598	0.00185	0.00344	0.01056	0.00544	0.00594
11	0.01019	0.00618	0.00791	0.00720	0.00906	0.00543	0.00540	0.01196	0.01233	0.15054	0.27793	0.20740	0.06383	0.06189	0.00702	0.00185	0.00330	0.03038	0.00500	0.11520
12	0.11882	0.00588	0.00682	0.00702	0.00844	0.00561	0.00511	0.01056	0.01069	0.11442	0.02894	0.45353	0.16877	0.01275	0.00585	0.00189	0.00324	0.02194	0.00476	0.00497
13	0.01248	0.00622	0.00834	0.00762	0.00950	0.00557	0.00577	0.01424	0.01303	0.28947	0.26543	0.28828	0.03105	0.01088	0.00590	0.00176	0.00329	0.00958	0.00560	0.00599
14	0.01385	0.00718	0.00933	0.00799	0.01041	0.00669	0.00635	0.03609	0.06333	0.30805	0.39477	0.02960	0.03108	0.00879	0.00569	0.00165	0.00344	0.04329	0.00583	0.00660
15	0.01098	0.00741	0.00913	0.00762	0.01064	0.00613	0.00612	0.01308	0.01207	0.13377	0.12797	0.05469	0.11491	0.00816	0.00516	0.00140	0.00365	0.11226	0.00442	0.35043
16	0.12512	0.00778	0.00950	0.00818	0.01088	0.00745	0.00643	0.02841	0.05943	0.37538	0.11842	0.18304	0.02085	0.00871	0.00531	0.00170	0.00378	0.00735	0.00544	0.00684
17	0.01114	0.00816	0.00892	0.00859	0.01034	0.05762	0.00637	0.01608	0.21905	0.11741	0.12104	0.34587	0.02636	0.01095	0.00582	0.00182	0.00378	0.00959	0.00507	0.00603
18	0.00865	0.00567	0.00663	0.00614	0.00798	0.00492	0.00469	0.01043	0.01306	0.11593	0.30088	0.04147	0.43198	0.01128	0.00594	0.00167	0.00276	0.00957	0.00527	0.00507
19	0.03085	0.00510	0.00613	0.00631	0.00668	0.00517	0.00405	0.00808	0.00860	0.01209	0.06989	0.18235	0.02238	0.46781	0.12034	0.00444	0.00547	0.00852	0.02201	0.00373
20	0.01205	0.01282	0.01091	0.01072	0.03405	0.30686	0.00791	0.01352	0.01065	0.01214	0.01117	0.01557	0.01013	0.02385	0.43486	0.04909	0.01134	0.00459	0.00268	0.00508
21	0.00891	0.00446	0.00668	0.00668	0.00668	0.00446	0.00446	0.00668	0.00668	0.00891	0.00891	0.01560	0.00891	0.01783	0.02005	0.85071	0.00446	0.00446	0.00223	0.00223
22	0.01662	0.00976	0.01350	0.02231	0.01382	0.01068	0.04033	0.11585	0.01310	0.34031	0.01440	0.01553	0.01050	0.01195	0.13398	0.00280	0.19790	0.00501	0.00443	0.00721
23	0.01087	0.01079	0.02021	0.16714	0.02291	0.01100	0.36856	0.01555	0.10857	0.01571	0.01487	0.02048	0.04551	0.00707	0.00682	0.05914	0.00679	0.07868	0.00315	0.00619
24	0.01336	0.37581	0.03704	0.02915	0.07920	0.07919	0.27662	0.01612	0.01141	0.01409	0.00859	0.01080	0.00713	0.00453	0.00474	0.00140	0.01749	0.00416	0.00240	0.00676
25	0.42371	0.06169	0.01198	0.01039	0.04710	0.28778	0.00785	0.01765	0.01138	0.06735	0.00837	0.00943	0.00655	0.00502	0.00390	0.00146	0.00603	0.00319	0.00311	0.00607
26	0.00891	0.00446	0.00668	0.00668	0.00668	0.00446	0.00446	0.00668	0.00668	0.00891	0.00891	0.01560	0.00891	0.01783	0.02005	0.85071	0.00446	0.00446	0.00223	0.00223
27	0.01475	0.01417	0.07754	0.24218	0.11689	0.06356	0.05185	0.31621	0.01637	0.02160	0.01046	0.01252	0.00776	0.00542	0.00512	0.00159	0.00658	0.00452	0.00348	0.00743
28	0.01503	0.01775	0.01493	0.33709	0.02372	0.45133	0.01173	0.01720	0.01257	0.01278	0.00838	0.01113	0.00671	0.00535	0.00525	0.00151	0.03538	0.00386	0.00248	0.00584
29	0.01123	0.01123	0.01572	0.01347	0.01347	0.01572	0.01123	0.01235	0.00786	0.01235	0.00674	0.01123	0.00674	0.00898	0.01684	0.00225	0.81028	0.00449	0.00225	0.00561
30	0.01064	0.00912	0.01064	0.00760	0.01216	0.00684	0.00608	0.01292	0.01064	0.01672	0.00912	0.01064	0.00760	0.00380	0.00380	0.00076	0.00380	0.00304	0.00304	0.85104
31	0.00697	0.00594	0.00603	0.00588	0.00771	0.00544	0.00441	0.00992	0.10994	0.01470	0.04676	0.04496	0.66051	0.03986	0.00664	0.00184	0.00287	0.01007	0.00477	0.00478
32	0.02090	0.01196	0.01269	0.01013	0.01380	0.11865	0.00819	0.16598	0.05232	0.47806	0.01695	0.01548	0.01126	0.00618	0.00503	0.00154	0.00521	0.00482	0.03266	0.00819
33	0.01234	0.01214	0.02167	0.06245	0.62595	0.01210	0.12705	0.01555	0.01165	0.01648	0.01014	0.03046	0.00859	0.00481	0.00526	0.00157	0.00644	0.00501	0.00259	0.00776
34	0.01334	0.01121	0.01765	0.11822	0.06852	0.01240	0.18153	0.01936	0.21991	0.12189	0.01374	0.01523	0.01031	0.00624	0.00739	0.00179	0.14506	0.00531	0.00371	0.00719
35	0.00625	0.00447	0.00595	0.00714	0.00744	0.00417	0.00476	0.00714	0.00982	0.01310	0.02828	0.81633	0.03394	0.01608	0.00655	0.00208	0.00298	0.01459	0.00476	0.00417
36	0.05782	0.01144	0.01987	0.01500	0.01877	0.01137	0.35129	0.12053	0.01346	0.14587	0.01433	0.12286	0.01210	0.00680	0.00632	0.00175	0.05298	0.00661	0.00387	0.00695
37	0.01030	0.00968	0.01686	0.11238	0.36448	0.00975	0.10888	0.01290	0.01100	0.01518	0.01538	0.25878	0.01583	0.00812	0.00566	0.00174	0.00556	0.00782	0.00320	0.00648
38	0.00732	0.00510	0.00652	0.00679	0.00716	0.00529	0.00459	0.00809	0.00835	0.01133	0.01821	0.14629	0.02030	0.44365	0.21433	0.00516	0.00685	0.06753	0.00339	0.00376
39	0.01577	0.01115	0.01208	0.00997	0.01322	0.01217	0.00800	0.32283	0.27290	0.10404	0.01909	0.01827	0.06435	0.00689	0.00508	0.00159	0.00447	0.00550	0.08476	0.00786

[dist]
# distance from previous block
# <min> <max>
2	6

[block]
# block no. 4 follows, 48 sequences, length 59
# corresponding to MSA columns:
# 226-284
name=unknown_E
#
# <colnr> <probs for GDERKNQSTAVLIFYWHMCP>
#	G	D	E	R	K	N	Q	S	T	A	V	L	I	F	Y	W	H	M	C	P
0	0.22624	0.05732	0.02540	0.15361	0.01655	0.04689	0.00853	0.07206	0.01114	0.01816	0.00857	0.01057	0.00686	0.00487	0.00472	0.00134	0.04893	0.00346	0.00297	0.27180
1	0.01628	0.41640	0.04015	0.01047	0.01466	0.08480	0.00949	0.30222	0.02752	0.02004	0.00942	0.01010	0.00753	0.00519	0.00417	0.00131	0.00590	0.00357	0.00339	0.00739
2	0.00849	0.00555	0.00741	0.00733	0.00796	0.01980	0.00528	0.00880	0.04466	0.01100	0.01486	0.02048	0.07586	0.04635	0.27198	0.42499	0.00741	0.00546	0.00279	0.00355
3	0.02387	0.01114	0.01575	0.39673	0.07099	0.02261	0.04453	0.18730	0.09191	0.04456	0.01139	0.01381	0.00846	0.00563	0.00548	0.00167	0.02911	0.00474	0.00341	0.00693
4	0.01976	0.07431	0.03090	0.01038	0.01438	0.02481	0.02116	0.25660	0.06962	0.38783	0.02729	0.01522	0.01139	0.00616	0.00502	0.00154	0.00502	0.00486	0.00535	0.00837
5	0.00719	0.00524	0.00676	0.00638	0.00762	0.00481	0.00478	0.00954	0.01435	0.02016	0.74000	0.03901	0.09363	0.01064	0.00605	0.00162	0.00243	0.00937	0.00559	0.00481
6	0.02106	0.00916	0.03581	0.00910	0.01298	0.00769	0.00769	0.03400	0.03337	0.67863	0.03759	0.01941	0.05564	0.00677	0.00522	0.00160	0.00434	0.00552	0.00607	0.00836
7	0.03019	0.01264	0.01330	0.04774	0.01529	0.05081	0.00897	0.35559	0.27988	0.07079	0.01650	0.03251	0.02896	0.00669	0.00516	0.00163	0.00510	0.00531	0.00494	0.00800
8	0.01625	0.38344	0.06208	0.01122	0.01499	0.36585	0.00988	0.05648	0.01298	0.01355	0.00787	0.00904	0.00670	0.00491	0.00407	0.00125	0.00728	0.00315	0.00254	0.00647
9	0.00606	0.00520	0.00520	0.00520	0.00693	0.00433	0.00390	0.00736	0.01170	0.01386	0.05198	0.04938	0.78558	0.01299	0.00606	0.00173	0.00260	0.01083	0.00476	0.00433
10	0.30108	0.01785	0.01223	0.01075	0.01380	0.41181	0.00836	0.11598	0.01383	0.03888	0.00855	0.00955	0.00669	0.00525	0.00422	0.00145	0.00688	0.00335	0.00324	0.00625
11	0.01385	0.38852	0.01876	0.00973	0.01324	0.12768	0.00843	0.04378	0.23369	0.01565	0.01464	0.01465	0.06573	0.00594	0.00430	0.00138	0.00541	0.00436	0.00342	0.00685
12	0.01029	0.02654	0.79309	0.01462	0.02221	0.01192	0.01896	0.01625	0.01083	0.01625	0.00921	0.01083	0.00650	0.00487	0.00487	0.00162	0.00758	0.00379	0.00217	0.00758
13	0.00763	0.00513	0.00642	0.00642	0.00685	0.00545	0.00429	0.00851	0.00807	0.01157	0.01540	0.02750	0.01610	0.46901	0.28734	0.00570	0.00770	0.00651	0.09063	0.00378
14	0.00969	0.00912	0.01539	0.80734	0.03534	0.01140	0.01425	0.01311	0.01026	0.01311	0.00912	0.01368	0.00684	0.00513	0.00513	0.00171	0.00684	0.00456	0.00228	0.00570
15	0.00982	0.00937	0.01619	0.76501	0.03488	0.01148	0.05491	0.01329	0.01036	0.01329	0.00919	0.01369	0.00689	0.00509	0.00518	0.00171	0.00694	0.00464	0.00230	0.00577
16	0.01144	0.30331	0.01762	0.00925	0.01312	0.03632	0.07716	0.01350	0.01098	0.01463	0.05209	0.05979	0.05139	0.01722	0.00456	0.00122	0.00486	0.00467	0.00301	0.29386
17	0.01351	0.26292	0.15277	0.01097	0.01518	0.08100	0.01044	0.05933	0.30744	0.01750	0.01313	0.01318	0.01018	0.00563	0.00452	0.00148	0.00563	0.00425	0.00354	0.00741
18	0.00928	0.00851	0.01278	0.05818	0.35553	0.00822	0.00976	0.01154	0.01181	0.01557	0.08057	0.03049	0.35005	0.00868	0.00558	0.00163	0.00436	0.00762	0.00371	0.00612
19	0.00724	0.00545	0.00750	0.00767	0.00879	0.00571	0.00605	0.00913	0.01031	0.01403	0.12913	0.05834	0.14534	0.02579	0.40610	0.00511	0.00856	0.13130	0.00386	0.00459
20	0.01261	0.01124	0.03978	0.02038	0.39327	0.01077	0.01171	0.12620	0.01460	0.02048	0.20326	0.05976	0.03747	0.00756	0.00575	0.00173	0.00520	0.00659	0.00411	0.00750
21	0.00943	0.00862	0.01305	0.04641	0.37356	0.00832	0.00992	0.01174	0.01193	0.01589	0.10665	0.02978	0.31720	0.00851	0.00557	0.00162	0.00437	0.00751	0.00373	0.00621
22	0.01121	0.01067	0.01813	0.41627	0.41456	0.01180	0.01500	0.01444	0.01098	0.01495	0.00939	0.01319	0.00749	0.00485	0.00510	0.00162	0.00646	0.00457	0.00241	0.00692
23	0.01032	0.00724	0.00876	0.00863	0.01009	0.00741	0.00649	0.19935	0.01378	0.04232	0.02391	0.50618	0.02647	0.01308	0.00621	0.00196	0.00388	0.09351	0.00490	0.00551
24	0.01919	0.02389	0.01459	0.01314	0.01587	0.75499	0.00990	0.06271	0.01508	0.01367	0.00818	0.00943	0.00673	0.00534	0.00466	0.00133	0.00905	0.00338	0.00278	0.00610
25	0.01751	0.01113	0.01266	0.00996	0.01358	0.01146	0.00801	0.33580	0.11877	0.21916	0.01543	0.01612	0.01136	0.07425	0.00676	0.00178	0.00485	0.00498	0.00505	0.10137
26	0.00651	0.00562	0.00566	0.00582	0.00730	0.02717	0.00426	0.00778	0.01153	0.01391	0.07050	0.18706	0.60254	0.01325	0.00611	0.00178	0.00285	0.01124	0.00473	0.00437
27	0.01932	0.01428	0.01530	0.01177	0.01584	0.01583	0.00971	0.75047	0.04451	0.03204	0.01255	0.01250	0.00891	0.00618	0.00514	0.00155	0.00560	0.00465	0.00514	0.00871
28	0.01281	0.01094	0.01309	0.10082	0.09615	0.01245	0.00967	0.06405	0.54022	0.03222	0.01812	0.01856	0.01387	0.00666	0.00524	0.00172	0.00469	0.02630	0.00462	0.00780
29	0.00681	0.00494	0.00642	0.00666	0.00754	0.00456	0.00476	0.00859	0.01257	0.01735	0.45576	0.33866	0.08070	0.01277	0.00624	0.00180	0.00264	0.01140	0.00526	0.00456
30	0.00662	0.00522	0.00597	0.00578	0.00727	0.00457	0.00434	0.00844	0.01301	0.01698	0.39274	0.04424	0.44287	0.01183	0.00606	0.00168	0.00252	0.01011	0.00518	0.00457
31	0.01413	0.00724	0.00937	0.00794	0.01043	0.00675	0.00626	0.01764	0.09471	0.32829	0.39957	0.02799	0.03072	0.00847	0.00561	0.00162	0.00337	0.00727	0.00588	0.00674
32	0.01276	0.01102	0.01160	0.01044	0.01334	0.01276	0.00812	0.02727	0.77840	0.02146	0.02088	0.01914	0.01566	0.00696	0.00522	0.00174	0.00406	0.00580	0.00522	0.00812
33	0.01059	0.04578	0.68555	0.01528	0.02250	0.01226	0.10485	0.01625	0.01097	0.01616	0.00929	0.01111	0.00665	0.00480	0.00497	0.00162	0.00765	0.00402	0.00222	0.00748
34	0.01928	0.02108	0.01483	0.01275	0.01588	0.53676	0.00986	0.27172	0.01775	0.01918	0.00940	0.01028	0.00732	0.00558	0.00480	0.00139	0.00805	0.00375	0.00348	0.00688
35	0.00891	0.00446	0.00668	0.00668	0.00668	0.00446	0.00446	0.00668	0.00668	0.00891	0.00891	0.01560	0.00891	0.01783	0.02005	0.85071	0.00446	0.00446	0.00223	0.00223
36	0.00607	0.00517	0.00523	0.00528	0.00695	0.00432	0.00393	0.00735	0.01162	0.01383	0.05099	0.08145	0.75416	0.01312	0.00608	0.00175	0.00261	0.01099	0.00476	0.00432
37	0.00625	0.00521	0.00546	0.00539	0.00704	0.00441	0.00404	0.00772	0.01213	0.01490	0.16566	0.04767	0.67126	0.01261	0.00606	0.00171	0.00257	0.01059	0.00490	0.00441
38	0.01245	0.01368	0.10093	0.02974	0.70827	0.01216	0.01608	0.01580	0.01160	0.01671	0.00961	0.01251	0.00796	0.00460	0.00506	0.00153	0.00625	0.00449	0.00250	0.00807
39	0.01207	0.01042	0.01094	0.00990	0.01268	0.01189	0.00768	0.02520	0.69888	0.02068	0.02411	0.02228	0.09552	0.00759	0.00531	0.00174	0.00391	0.00632	0.00517	0.00773
40	0.10870	0.01506	0.01303	0.09370	0.01640	0.23444	0.00926	0.15048	0.26865	0.02013	0.01302	0.01342	0.00989	0.00592	0.00480	0.00157	0.00607	0.00443	0.00395	0.00708
41	0.00820	0.00658	0.00997	0.00965	0.01133	0.00612	0.08566	0.01024	0.01104	0.01483	0.02429	0.30430	0.04107	0.01262	0.00641	0.00201	0.00440	0.32854	0.00433	0.09839
42	0.00733	0.00550	0.00825	0.00825	0.00916	0.00641	0.00641	0.00916	0.00825	0.01191	0.01374	0.02016	0.01283	0.03848	0.79934	0.00825	0.01374	0.00550	0.00275	0.00458
43	0.12823	0.01559	0.01107	0.03466	0.01285	0.40624	0.00774	0.01563	0.01275	0.01534	0.17834	0.01634	0.01590	0.00774	0.00647	0.09541	0.00644	0.00471	0.00332	0.00523
44	0.00780	0.00654	0.00834	0.00765	0.00874	0.00708	0.00598	0.00963	0.01228	0.01691	0.41152	0.03544	0.24324	0.01085	0.00842	0.00179	0.17960	0.00866	0.00466	0.00487
45	0.01570	0.01840	0.01441	0.01284	0.01455	0.46234	0.01003	0.04058	0.01222	0.01306	0.00818	0.01088	0.00724	0.00926	0.07509	0.00220	0.26071	0.00390	0.00261	0.00582
46	0.00703	0.00510	0.00576	0.00567	0.00642	0.00477	0.00371	0.00792	0.01018	0.01335	0.19329	0.03901	0.23874	0.41906	0.01617	0.00334	0.00376	0.00879	0.00412	0.00383
47	0.01945	0.00794	0.01065	0.00848	0.01185	0.00689	0.00688	0.02140	0.01430	0.62154	0.11248	0.04697	0.07232	0.00761	0.00537	0.00162	0.00397	0.00634	0.00611	0.00782
48	0.05533	0.01108	0.01476	0.03817	0.05983	0.01389	0.01041	0.09013	0.01023	0.01575	0.00831	0.02824	0.00764	0.00764	0.01213	0.00190	0.50229	0.00447	0.00275	0.10504
49	0.01211	0.01384	0.03028	0.02163	0.02682	0.01298	0.76903	0.01644	0.01211	0.01644	0.01038	0.01384	0.00779	0.00433	0.00606	0.00173	0.00865	0.00606	0.00260	0.00692
50	0.01804	0.10569	0.05605	0.01156	0.01558	0.12059	0.00990	0.45263	0.07491	0.06711	0.01205	0.01215	0.00881	0.00585	0.00485	0.00148	0.00603	0.00431	0.00439	0.00801
51	0.01552	0.29809	0.19257	0.01181	0.01636	0.25144	0.03220	0.01813	0.01224	0.09408	0.00929	0.01023	0.00724	0.00497	0.00432	0.00135	0.00706	0.00349	0.00277	0.00685
52	0.01629	0.01039	0.01182	0.01006	0.01334	0.01118	0.00799	0.04991	0.50802	0.27042	0.02041	0.01839	0.01449	0.00674	0.00520	0.00168	0.00421	0.00556	0.00558	0.00834
53	0.01583	0.01039	0.01293	0.01052	0.01349	0.01102	0.04319	0.26424	0.10053	0.19667	0.10765	0.09923	0.01747	0.00793	0.00628	0.00170	0.06190	0.00650	0.00512	0.00743
54	0.00652	0.00466	0.00627	0.00746	0.00787	0.00440	0.00524	0.00761	0.01009	0.01340	0.02813	0.71412	0.03334	0.01582	0.00662	0.00212	0.00321	0.11411	0.00476	0.00424
55	0.01420	0.00989	0.01087	0.00890	0.01176	0.01044	0.00716	0.38735	0.01807	0.06402	0.10819	0.02327	0.15201	0.00925	0.03963	0.00183	0.00464	0.00634	0.10532	0.00686
56	0.03916	0.00665	0.00870	0.00743	0.00970	0.00602	0.00584	0.01539	0.01440	0.29912	0.48462	0.02986	0.03419	0.00882	0.00564	0.00160	0.00317	0.00759	0.00583	0.00627
57	0.01540	0.00715	0.00967	0.00825	0.01069	0.00692	0.00657	0.03305	0.01191	0.38939	0.01729	0.01927	0.01301	0.05904	0.27677	0.00399	0.00742	0.00534	0.09224	0.00662
58	0.01245	0.01368	0.10093	0.02974	0.70827	0.01216	0.01608	0.01580	0.01160	0.01671	0.00961	0.01251	0.00796	0.00460	0.00506	0.00153	0.00625	0.00449	0.00250	0.00807

[dist]
# distance from previous block
# <min> <max>
0	26

[block]
# block no. 5 follows, 48 sequences, length 7
# corresponding to MSA columns:
# 311-317
name=unknown_F
#
# <colnr> <probs for GDERKNQSTAVLIFYWHMCP>
#	G	D	E	R	K	N	Q	S	T	A	V	L	I	F	Y	W	H	M	C	P
0	0.01298	0.00795	0.00925	0.00793	0.01055	0.00774	0.00626	0.09389	0.13403	0.21343	0.17673	0.03069	0.24886	0.00920	0.00561	0.00165	0.00355	0.00768	0.00544	0.00658
1	0.01284	0.39920	0.35146	0.01174	0.01730	0.09956	0.01323	0.01629	0.01104	0.01390	0.00810	0.00945	0.00655	0.00469	0.00411	0.00135	0.00678	0.00325	0.00223	0.00694
2	0.01161	0.00999	0.01119	0.04900	0.05052	0.01131	0.00801	0.02270	0.57550	0.01922	0.02188	0.02227	0.07735	0.07788	0.00709	0.00201	0.00425	0.00623	0.00473	0.00726
3	0.01022	0.00976	0.01745	0.01780	0.20819	0.01039	0.19240	0.01288	0.00999	0.01425	0.01119	0.01586	0.00982	0.01878	0.33001	0.00439	0.09258	0.00530	0.00261	0.00613
4	0.01474	0.29814	0.21298	0.01190	0.01639	0.29307	0.01169	0.01804	0.05331	0.01379	0.00867	0.00983	0.00706	0.00497	0.00426	0.00134	0.00726	0.00337	0.00251	0.00669
5	0.00696	0.00523	0.00644	0.00614	0.00748	0.00471	0.00460	0.00910	0.01381	0.01889	0.60092	0.04110	0.23350	0.01112	0.00605	0.00164	0.00247	0.00967	0.00543	0.00471
6	0.01266	0.00976	0.01044	0.00877	0.01162	0.01016	0.00696	0.34071	0.08190	0.02257	0.02843	0.09590	0.28802	0.00943	0.00554	0.00164	0.00412	0.00774	0.00490	0.03871

[dist]
# distance from previous block
# <min> <max>
1	2

[block]
# block no. 6 follows, 48 sequences, length 17
# corresponding to MSA columns:
# 320-336
name=unknown_G
#
# <colnr> <probs for GDERKNQSTAVLIFYWHMCP>
#	G	D	E	R	K	N	Q	S	T	A	V	L	I	F	Y	W	H	M	C	P
0	0.01327	0.71872	0.12701	0.00954	0.01435	0.01921	0.01011	0.01548	0.01048	0.01262	0.00740	0.00857	0.00657	0.00445	0.00350	0.00117	0.00576	0.00288	0.00219	0.00672
1	0.01433	0.01261	0.01613	0.01300	0.01650	0.09962	0.19063	0.02261	0.37071	0.11946	0.01840	0.01807	0.05114	0.00637	0.00539	0.00167	0.00571	0.00575	0.00443	0.00748
2	0.01222	0.01276	0.00986	0.00932	0.01103	0.28753	0.00680	0.05213	0.07061	0.01486	0.09006	0.17664	0.09833	0.11524	0.00816	0.00206	0.00559	0.00761	0.00393	0.00527
3	0.01207	0.44028	0.39495	0.01159	0.01751	0.01627	0.01367	0.01579	0.01062	0.01408	0.00813	0.00948	0.00654	0.00462	0.00405	0.00135	0.00649	0.00325	0.00218	0.00706
4	0.01509	0.01324	0.09304	0.01109	0.01487	0.01299	0.00959	0.20932	0.44499	0.09241	0.01751	0.01645	0.01274	0.00649	0.00516	0.00167	0.00484	0.00525	0.00499	0.00827
5	0.01281	0.00739	0.00921	0.00839	0.01040	0.00722	0.00635	0.12972	0.04383	0.20933	0.12244	0.36317	0.02601	0.01107	0.00587	0.00180	0.00370	0.00970	0.00535	0.00624
6	0.01166	0.01697	0.21848	0.01990	0.02568	0.01271	0.58397	0.01639	0.01180	0.01639	0.01009	0.01310	0.00747	0.00446	0.00576	0.00170	0.00839	0.00550	0.00249	0.00708
7	0.00778	0.00547	0.00723	0.00773	0.00841	0.00564	0.00593	0.00913	0.00948	0.01263	0.02046	0.04160	0.02228	0.33170	0.15790	0.00444	0.00645	0.32792	0.00374	0.00407
8	0.00693	0.00523	0.00640	0.00610	0.00746	0.00470	0.00458	0.00904	0.01374	0.01870	0.58046	0.04141	0.25409	0.01119	0.00606	0.00165	0.00247	0.00971	0.00540	0.00470
9	0.01931	0.02012	0.01491	0.01261	0.01588	0.46212	0.00984	0.34320	0.01866	0.02107	0.00982	0.01057	0.00752	0.00566	0.00484	0.00142	0.00770	0.00387	0.00371	0.00714
10	0.00606	0.00520	0.00520	0.00520	0.00693	0.00433	0.00390	0.00736	0.01170	0.01386	0.05198	0.04938	0.78558	0.01299	0.00606	0.00173	0.00260	0.01083	0.00476	0.00433
11	0.07881	0.00705	0.00847	0.00798	0.02353	0.00682	0.00608	0.01478	0.09152	0.18804	0.20184	0.12089	0.15543	0.00996	0.00565	0.00174	0.00345	0.05678	0.00520	0.00598
12	0.00805	0.00543	0.00707	0.00655	0.00793	0.00497	0.00495	0.01041	0.01444	0.06105	0.72018	0.03759	0.07106	0.01035	0.00601	0.00162	0.00253	0.00911	0.00566	0.00503
13	0.01198	0.01159	0.01965	0.17014	0.54443	0.01244	0.04168	0.01494	0.01105	0.01563	0.00928	0.01277	0.00774	0.00512	0.00633	0.00164	0.08913	0.00461	0.00246	0.00739
14	0.01137	0.00999	0.01297	0.00942	0.01393	0.00827	0.08495	0.05429	0.05224	0.01777	0.01004	0.01151	0.00811	0.00415	0.00418	0.00095	0.00441	0.00358	0.00322	0.67465
15	0.01133	0.01150	0.01402	0.01233	0.01467	0.15890	0.16707	0.01532	0.12247	0.01541	0.01934	0.20802	0.01963	0.00982	0.00601	0.00188	0.00591	0.17663	0.00396	0.00578
16	0.00983	0.01032	0.05727	0.45895	0.02718	0.01111	0.11670	0.01308	0.01077	0.01451	0.09824	0.04138	0.01254	0.00636	0.00660	0.00176	0.08924	0.00557	0.00278	0.00581

[dist]
# distance from previous block
# <min> <max>
0	10

[block]
# block no. 7 follows, 48 sequences, length 33
# corresponding to MSA columns:
# 347-379
name=unknown_H
#
# <colnr> <probs for GDERKNQSTAVLIFYWHMCP>
#	G	D	E	R	K	N	Q	S	T	A	V	L	I	F	Y	W	H	M	C	P
0	0.43133	0.06850	0.06142	0.20538	0.04974	0.01232	0.06249	0.01477	0.00970	0.01853	0.00807	0.01039	0.00628	0.00486	0.00426	0.00160	0.01803	0.00360	0.00274	0.00599
1	0.00881	0.00708	0.00971	0.05727	0.01155	0.00703	0.05916	0.06487	0.06210	0.01989	0.49102	0.03343	0.12865	0.00951	0.00588	0.00165	0.00348	0.00841	0.00506	0.00546
2	0.02751	0.01055	0.01458	0.14081	0.19207	0.01091	0.01061	0.15384	0.07132	0.19001	0.01430	0.06358	0.01112	0.00618	0.00511	0.00157	0.00523	0.00529	0.00419	0.06123
3	0.01311	0.34297	0.08410	0.01000	0.01408	0.01512	0.00942	0.11425	0.01198	0.01627	0.00843	0.00997	0.00713	0.00513	0.00558	0.00127	0.11159	0.00338	0.00279	0.21341
4	0.00746	0.00497	0.00560	0.00560	0.00560	0.00497	0.00311	0.00746	0.00746	0.00995	0.01617	0.03358	0.01865	0.81967	0.02612	0.00497	0.00497	0.00746	0.00311	0.00311
5	0.01133	0.01123	0.01315	0.01332	0.11438	0.09348	0.00944	0.04907	0.05829	0.01487	0.02064	0.02209	0.21858	0.00884	0.00983	0.00185	0.31416	0.00618	0.00333	0.00593
6	0.00609	0.00510	0.00530	0.00546	0.00700	0.00431	0.00401	0.00733	0.01145	0.01376	0.04885	0.15074	0.68624	0.01340	0.00613	0.00178	0.00265	0.01133	0.00476	0.00431
7	0.00969	0.00912	0.01539	0.80734	0.03534	0.01140	0.01425	0.01311	0.01026	0.01311	0.00912	0.01368	0.00684	0.00513	0.00513	0.00171	0.00684	0.00456	0.00228	0.00570
8	0.00625	0.00511	0.00552	0.00562	0.00710	0.00438	0.00414	0.00764	0.01182	0.01465	0.14568	0.14928	0.58886	0.01307	0.00613	0.00176	0.00263	0.01112	0.00488	0.00438
9	0.01884	0.02316	0.01465	0.01313	0.01576	0.70913	0.00996	0.07306	0.01492	0.01394	0.00819	0.00956	0.00676	0.00551	0.00520	0.00138	0.04446	0.00345	0.00280	0.00613
10	0.23952	0.00859	0.00965	0.00797	0.01124	0.00842	0.00647	0.01958	0.06593	0.39892	0.06145	0.02017	0.10698	0.00700	0.00480	0.00162	0.00392	0.00548	0.00520	0.00711
11	0.00946	0.00867	0.11129	0.00845	0.01055	0.00649	0.00723	0.06694	0.01231	0.08768	0.14494	0.41349	0.06821	0.01192	0.00599	0.00184	0.00380	0.01052	0.00473	0.00549
12	0.01109	0.09300	0.32602	0.01349	0.01692	0.01463	0.01407	0.01418	0.00928	0.01387	0.00776	0.01079	0.00663	0.00692	0.01082	0.00189	0.41590	0.00405	0.00221	0.00649
13	0.00710	0.00510	0.00585	0.00585	0.00639	0.00501	0.00374	0.00766	0.00860	0.01117	0.02461	0.03567	0.20551	0.51908	0.12340	0.00461	0.00555	0.00803	0.00347	0.00360
14	0.01250	0.01240	0.01685	0.42235	0.24851	0.11605	0.01379	0.06830	0.01221	0.01545	0.00934	0.01272	0.00731	0.00506	0.00505	0.00159	0.00686	0.00440	0.00260	0.00665
15	0.01553	0.36839	0.13443	0.01142	0.01564	0.29678	0.01074	0.06617	0.01284	0.01417	0.00806	0.00924	0.00672	0.00490	0.00412	0.00128	0.00715	0.00322	0.00254	0.00664
16	0.00641	0.00453	0.00591	0.00694	0.00720	0.00427	0.00454	0.00719	0.00951	0.01268	0.02668	0.71292	0.03192	0.12224	0.00913	0.00247	0.00324	0.01365	0.00454	0.00403
17	0.01062	0.01767	0.34691	0.26118	0.06118	0.01201	0.18688	0.01530	0.01098	0.01535	0.00947	0.01247	0.00697	0.00482	0.00523	0.00167	0.00753	0.00457	0.00231	0.00688
18	0.01344	0.64595	0.15501	0.01000	0.01483	0.06082	0.01055	0.01579	0.01072	0.01280	0.00753	0.00872	0.00657	0.00452	0.00363	0.00120	0.00604	0.00295	0.00221	0.00672
19	0.01000	0.00955	0.01546	0.64709	0.03093	0.01227	0.01364	0.01296	0.00978	0.01296	0.00864	0.01318	0.00682	0.00591	0.00749	0.00182	0.16902	0.00455	0.00227	0.00568
20	0.00674	0.00503	0.00626	0.00636	0.00745	0.00456	0.00461	0.00852	0.01269	0.01716	0.42800	0.24193	0.20690	0.01249	0.00618	0.00176	0.00260	0.01099	0.00522	0.00456
21	0.01343	0.01421	0.01816	0.32105	0.02558	0.18952	0.17927	0.07855	0.07918	0.01601	0.01041	0.01308	0.00791	0.00523	0.00523	0.00162	0.00745	0.00472	0.00292	0.00648
22	0.00986	0.00891	0.01515	0.64018	0.03080	0.01065	0.07153	0.01322	0.01047	0.01416	0.01022	0.01441	0.00775	0.00518	0.00500	0.00164	0.00639	0.00471	0.11410	0.00567
23	0.01064	0.00912	0.01064	0.00760	0.01216	0.00684	0.00608	0.01292	0.01064	0.01672	0.00912	0.01064	0.00760	0.00380	0.00380	0.00076	0.00380	0.00304	0.00304	0.85104
24	0.00645	0.00528	0.00573	0.00580	0.00740	0.00456	0.00447	0.00800	0.01208	0.01490	0.14633	0.04878	0.61131	0.01278	0.00617	0.00178	0.00279	0.08607	0.00488	0.00444
25	0.01157	0.00760	0.00966	0.00873	0.01042	0.00808	0.00676	0.04251	0.11538	0.15723	0.23241	0.20173	0.03903	0.01020	0.00728	0.00181	0.11001	0.00848	0.00504	0.00607
26	0.00657	0.00514	0.00597	0.00602	0.00736	0.00453	0.00447	0.00824	0.01243	0.01614	0.30266	0.14711	0.40796	0.01257	0.00615	0.00176	0.00265	0.03271	0.00507	0.00450
27	0.00851	0.00672	0.00839	0.00780	0.01007	0.00564	0.00602	0.01028	0.01057	0.01508	0.01998	0.32463	0.02195	0.01052	0.00550	0.00158	0.00367	0.15771	0.00403	0.36137
28	0.01477	0.01199	0.03151	0.00973	0.01415	0.01120	0.00810	0.36701	0.01695	0.02401	0.01062	0.01143	0.00810	0.00493	0.00445	0.00115	0.00475	0.00380	0.00400	0.43737
