[name]
unknown

[dist]
# distance from previous block
# <min> <max>
23	146

[block]
# block no. 0 follows, 49 sequences, length 8
# corresponding to MSA columns:
# 195-202
name=unknown_A
#
# <colnr> <probs for GDERKNQSTAVLIFYWHMCP>
#	G	D	E	R	K	N	Q	S	T	A	V	L	I	F	Y	W	H	M	C	P
0	0.11250	0.07617	0.11552	0.01182	0.05991	0.02799	0.04611	0.10461	0.16817	0.15594	0.04361	0.01545	0.01169	0.00595	0.00479	0.00157	0.00517	0.02148	0.00415	0.00740
1	0.30651	0.05149	0.12917	0.04001	0.01405	0.01164	0.00896	0.17354	0.01306	0.10697	0.01138	0.03302	0.00879	0.00573	0.00427	0.00155	0.00493	0.02196	0.04623	0.00673
2	0.04093	0.01257	0.05850	0.01355	0.14729	0.10480	0.00956	0.19191	0.04589	0.06147	0.04663	0.09275	0.07835	0.00753	0.00520	0.00159	0.00528	0.03906	0.00403	0.03309
3	0.00843	0.00591	0.00803	0.00804	0.00932	0.00561	0.03706	0.04888	0.01178	0.06082	0.10848	0.41106	0.11648	0.01309	0.00626	0.00194	0.00354	0.12559	0.00480	0.00489
4	0.01359	0.08627	0.01306	0.00881	0.01298	0.01037	0.00726	0.15863	0.10042	0.07947	0.01155	0.01204	0.00889	0.00478	0.00421	0.00110	0.00431	0.00373	0.00380	0.45472
5	0.00932	0.00773	0.00776	0.00719	0.00923	0.04899	0.00546	0.09378	0.07881	0.03614	0.06654	0.14314	0.41674	0.01101	0.00570	0.00167	0.00349	0.00924	0.00468	0.03340
6	0.09028	0.27748	0.47905	0.01187	0.01794	0.01432	0.01428	0.01563	0.01036	0.01533	0.00824	0.00964	0.00635	0.00464	0.00415	0.00143	0.00649	0.00332	0.00224	0.00698
7	0.01083	0.18803	0.64021	0.01325	0.02008	0.01342	0.01665	0.01584	0.01059	0.01518	0.00866	0.01016	0.00642	0.00471	0.00449	0.00150	0.00705	0.00353	0.00214	0.00727

[dist]
# distance from previous block
# <min> <max>
6	12

[block]
# block no. 1 follows, 49 sequences, length 48
# corresponding to MSA columns:
# 215-262
name=unknown_B
#
# <colnr> <probs for GDERKNQSTAVLIFYWHMCP>
#	G	D	E	R	K	N	Q	S	T	A	V	L	I	F	Y	W	H	M	C	P
0	0.47663	0.01027	0.00886	0.00797	0.01075	0.04662	0.00632	0.04138	0.20617	0.02106	0.01167	0.01285	0.00921	0.03209	0.04126	0.00198	0.00463	0.00393	0.04027	0.00608
1	0.01083	0.01133	0.00897	0.00905	0.01032	0.26734	0.00652	0.01250	0.04600	0.01315	0.03641	0.37325	0.05489	0.07256	0.00722	0.00199	0.00522	0.04370	0.00392	0.00483
2	0.02030	0.01350	0.01252	0.01020	0.01375	0.24575	0.00810	0.04599	0.03013	0.46047	0.01524	0.01415	0.01027	0.00576	0.00483	0.00143	0.00574	0.00437	0.00485	0.07267
3	0.00810	0.00578	0.00809	0.00925	0.01039	0.00577	0.00806	0.01039	0.01159	0.01507	0.02680	0.07736	0.02922	0.01402	0.00697	0.00232	0.00461	0.73692	0.00466	0.00464
4	0.01252	0.01201	0.02053	0.03104	0.79074	0.01201	0.01552	0.01552	0.01151	0.01652	0.00951	0.01252	0.00801	0.00451	0.00501	0.00150	0.00601	0.00451	0.00250	0.00801
5	0.01258	0.01086	0.01143	0.01029	0.01315	0.01258	0.00800	0.02687	0.78161	0.02115	0.02058	0.01887	0.01544	0.00686	0.00515	0.00172	0.00400	0.00572	0.00515	0.00800
6	0.01049	0.00899	0.01049	0.00749	0.01198	0.00674	0.00599	0.01273	0.01049	0.01648	0.00899	0.01049	0.00749	0.00374	0.00374	0.00075	0.00374	0.00300	0.00300	0.85320
7	0.00670	0.00515	0.00613	0.00588	0.00727	0.00458	0.00441	0.00866	0.01324	0.01772	0.50362	0.04198	0.33376	0.01129	0.00597	0.00164	0.00245	0.00973	0.00523	0.00458
8	0.01922	0.01416	0.01518	0.01163	0.01568	0.01568	0.00961	0.77388	0.02378	0.03187	0.01214	0.01214	0.00860	0.00607	0.00506	0.00152	0.00556	0.00455	0.00506	0.00860
9	0.00655	0.00507	0.00598	0.00603	0.00732	0.00450	0.00449	0.00824	0.01236	0.01620	0.33496	0.15139	0.36541	0.01231	0.00608	0.00173	0.00262	0.03926	0.00503	0.00446
10	0.00616	0.00440	0.00587	0.00704	0.00733	0.00411	0.00469	0.00704	0.00968	0.01291	0.02787	0.81899	0.03344	0.01584	0.00645	0.00205	0.00293	0.01438	0.00469	0.00411
11	0.01194	0.01364	0.02984	0.02131	0.02643	0.01279	0.77238	0.01620	0.01194	0.01620	0.01023	0.01364	0.00767	0.00426	0.00597	0.00171	0.00853	0.00597	0.00256	0.00682
12	0.01014	0.02616	0.79609	0.01441	0.02189	0.01174	0.01868	0.01601	0.01068	0.01601	0.00907	0.01068	0.00641	0.00480	0.00480	0.00160	0.00747	0.00374	0.00214	0.00747
13	0.00622	0.00452	0.00589	0.00695	0.00741	0.00419	0.00475	0.00719	0.00993	0.01306	0.03001	0.71786	0.10372	0.01549	0.00643	0.00203	0.00297	0.04256	0.00469	0.00414
14	0.00616	0.00440	0.00587	0.00704	0.00733	0.00411	0.00469	0.00704	0.00968	0.01291	0.02787	0.81899	0.03344	0.01584	0.00645	0.00205	0.00293	0.01438	0.00469	0.00411
15	0.01922	0.01416	0.01518	0.01163	0.01568	0.01568	0.00961	0.77388	0.02378	0.03187	0.01214	0.01214	0.00860	0.00607	0.00506	0.00152	0.00556	0.00455	0.00506	0.00860
16	0.00955	0.00899	0.01517	0.81013	0.03483	0.01123	0.01404	0.01292	0.01011	0.01292	0.00899	0.01348	0.00674	0.00506	0.00506	0.00169	0.00674	0.00449	0.00225	0.00562
17	0.00942	0.00881	0.01481	0.77927	0.03377	0.01096	0.01368	0.01269	0.01009	0.01292	0.00971	0.04444	0.00777	0.00547	0.00511	0.00170	0.00659	0.00487	0.00234	0.00556
18	0.85801	0.00978	0.00743	0.00665	0.00978	0.01134	0.00548	0.01486	0.00861	0.02269	0.00704	0.00821	0.00548	0.00469	0.00313	0.00156	0.00391	0.00274	0.00313	0.00548
19	0.00598	0.00512	0.00512	0.00512	0.00683	0.00427	0.00384	0.00726	0.01153	0.01366	0.05123	0.04866	0.78869	0.01281	0.00598	0.00171	0.00256	0.01067	0.00470	0.00427
20	0.01258	0.01086	0.01143	0.01029	0.01315	0.01258	0.00800	0.02687	0.78161	0.02115	0.02058	0.01887	0.01544	0.00686	0.00515	0.00172	0.00400	0.00572	0.00515	0.00800
21	0.01049	0.00899	0.01049	0.00749	0.01198	0.00674	0.00599	0.01273	0.01049	0.01648	0.00899	0.01049	0.00749	0.00374	0.00374	0.00075	0.00374	0.00300	0.00300	0.85320
22	0.28247	0.01435	0.01681	0.01326	0.01687	0.17402	0.24234	0.07945	0.06227	0.01899	0.00947	0.01115	0.00729	0.00502	0.00491	0.00158	0.02603	0.00422	0.00311	0.00639
23	0.00722	0.00542	0.00813	0.00813	0.00903	0.00632	0.00632	0.00903	0.00813	0.01174	0.01354	0.01987	0.01264	0.03792	0.80225	0.00813	0.01354	0.00542	0.00271	0.00451
24	0.01141	0.32520	0.50811	0.01226	0.01855	0.01484	0.01493	0.01569	0.01053	0.01447	0.00831	0.00972	0.00644	0.00463	0.00422	0.00141	0.00670	0.00335	0.00215	0.00711
25	0.00616	0.00440	0.00587	0.00704	0.00733	0.00411	0.00469	0.00704	0.00968	0.01291	0.02787	0.81899	0.03344	0.01584	0.00645	0.00205	0.00293	0.01438	0.00469	0.00411
26	0.00683	0.00518	0.00631	0.00608	0.00743	0.00465	0.00460	0.00889	0.01339	0.01813	0.54343	0.04164	0.26909	0.01119	0.00600	0.00165	0.00251	0.03310	0.00528	0.00462
27	0.01194	0.01364	0.02984	0.02131	0.02643	0.01279	0.77238	0.01620	0.01194	0.01620	0.01023	0.01364	0.00767	0.00426	0.00597	0.00171	0.00853	0.00597	0.00256	0.00682
28	0.00657	0.00531	0.00586	0.00569	0.00726	0.00469	0.00428	0.00862	0.03618	0.01608	0.29416	0.04414	0.51962	0.01181	0.00595	0.00167	0.00255	0.01001	0.00500	0.00455
29	0.01014	0.02616	0.79609	0.01441	0.02189	0.01174	0.01868	0.01601	0.01068	0.01601	0.00907	0.01068	0.00641	0.00480	0.00480	0.00160	0.00747	0.00374	0.00214	0.00747
30	0.85801	0.00978	0.00743	0.00665	0.00978	0.01134	0.00548	0.01486	0.00861	0.02269	0.00704	0.00821	0.00548	0.00469	0.00313	0.00156	0.00391	0.00274	0.00313	0.00548
31	0.02233	0.00869	0.01172	0.00904	0.01292	0.00761	0.00745	0.02472	0.04155	0.76695	0.01997	0.01727	0.01262	0.00628	0.00509	0.00157	0.00429	0.00511	0.00622	0.00858
32	0.00640	0.00514	0.00570	0.00556	0.00709	0.00445	0.00417	0.00807	0.01252	0.01601	0.31297	0.04480	0.52548	0.01193	0.00597	0.00167	0.00250	0.01013	0.00501	0.00445
33	0.01106	0.01106	0.01549	0.01328	0.01328	0.01549	0.01106	0.01217	0.00774	0.01217	0.00664	0.01106	0.00664	0.00885	0.01659	0.00221	0.81303	0.00443	0.00221	0.00553
34	0.01014	0.02616	0.79609	0.01441	0.02189	0.01174	0.01868	0.01601	0.01068	0.01601	0.00907	0.01068	0.00641	0.00480	0.00480	0.00160	0.00747	0.00374	0.00214	0.00747
35	0.01049	0.00899	0.01049	0.00749	0.01198	0.00674	0.00599	0.01273	0.01049	0.01648	0.00899	0.01049	0.00749	0.00374	0.00374	0.00075	0.00374	0.00300	0.00300	0.85320
36	0.01330	0.01096	0.01165	0.01032	0.01328	0.01257	0.00807	0.06792	0.71280	0.04904	0.02009	0.01844	0.01496	0.00680	0.00514	0.00170	0.00410	0.00563	0.00518	0.00806
37	0.00735	0.00490	0.00552	0.00552	0.00552	0.00490	0.00306	0.00735	0.00735	0.00980	0.01593	0.03309	0.01838	0.82229	0.02574	0.00490	0.00490	0.00735	0.00306	0.00306
38	0.00955	0.00899	0.01517	0.81013	0.03483	0.01123	0.01404	0.01292	0.01011	0.01292	0.00899	0.01348	0.00674	0.00506	0.00506	0.00169	0.00674	0.00449	0.00225	0.00562
39	0.00726	0.00525	0.00730	0.00730	0.00791	0.00587	0.00529	0.00850	0.00788	0.01112	0.01430	0.02406	0.01446	0.28684	0.55583	0.00710	0.01080	0.00603	0.00282	0.00405
40	0.00955	0.00899	0.01517	0.81013	0.03483	0.01123	0.01404	0.01292	0.01011	0.01292	0.00899	0.01348	0.00674	0.00506	0.00506	0.00169	0.00674	0.00449	0.00225	0.00562
41	0.00716	0.00517	0.00676	0.00636	0.00755	0.00477	0.00477	0.00954	0.01431	0.02028	0.78808	0.03777	0.04771	0.01034	0.00596	0.00159	0.00239	0.00914	0.00557	0.00477
42	0.01926	0.01350	0.01469	0.01133	0.01531	0.01478	0.00934	0.67181	0.05566	0.10242	0.01323	0.01290	0.00926	0.00612	0.00506	0.00153	0.00538	0.00465	0.00517	0.00857
43	0.00731	0.00510	0.00649	0.00649	0.00683	0.00543	0.00428	0.00798	0.00764	0.01053	0.01504	0.02814	0.01624	0.52878	0.31630	0.00611	0.00814	0.00663	0.00293	0.00361
44	0.05086	0.01610	0.02062	0.02174	0.30659	0.25587	0.22256	0.01712	0.01237	0.01542	0.00908	0.01159	0.00735	0.00466	0.00505	0.00150	0.00757	0.00445	0.00258	0.00691
45	0.01375	0.79070	0.02597	0.00884	0.01309	0.05380	0.00870	0.01536	0.01045	0.01192	0.00706	0.00816	0.00649	0.00436	0.00330	0.00109	0.00557	0.00273	0.00218	0.00646
46	0.01252	0.01201	0.02053	0.03104	0.79074	0.01201	0.01552	0.01552	0.01151	0.01652	0.00951	0.01252	0.00801	0.00451	0.00501	0.00150	0.00601	0.00451	0.00250	0.00801
47	0.01336	0.78824	0.06221	0.00892	0.01339	0.01963	0.00912	0.01518	0.01029	0.01209	0.00712	0.00823	0.00649	0.00435	0.00332	0.00111	0.00550	0.00275	0.00216	0.00653

[dist]
# distance from previous block
# <min> <max>
0	4

[block]
# block no. 2 follows, 49 sequences, length 34
# corresponding to MSA columns:
# 267-300
name=unknown_C
#
# <colnr> <probs for GDERKNQSTAVLIFYWHMCP>
#	G	D	E	R	K	N	Q	S	T	A	V	L	I	F	Y	W	H	M	C	P
0	0.02269	0.00861	0.01174	0.00900	0.01291	0.00743	0.00743	0.02464	0.01447	0.79425	0.01995	0.01721	0.01252	0.00626	0.00509	0.00156	0.00430	0.00509	0.00626	0.00861
1	0.00807	0.00577	0.00806	0.00923	0.01036	0.00576	0.00802	0.01035	0.01157	0.01505	0.02682	0.08576	0.02927	0.01404	0.00696	0.00232	0.00459	0.72873	0.00466	0.00464
2	0.85801	0.00978	0.00743	0.00665	0.00978	0.01134	0.00548	0.01486	0.00861	0.02269	0.00704	0.00821	0.00548	0.00469	0.00313	0.00156	0.00391	0.00274	0.00313	0.00548
3	0.01826	0.00924	0.01137	0.00933	0.01272	0.00914	0.00750	0.02467	0.28967	0.47706	0.05971	0.01886	0.01538	0.00668	0.00515	0.00162	0.00410	0.00552	0.00582	0.00819
4	0.85801	0.00978	0.00743	0.00665	0.00978	0.01134	0.00548	0.01486	0.00861	0.02269	0.00704	0.00821	0.00548	0.00469	0.00313	0.00156	0.00391	0.00274	0.00313	0.00548
5	0.01075	0.01021	0.01733	0.49525	0.34034	0.01155	0.01464	0.01397	0.01068	0.01438	0.00920	0.01309	0.00725	0.00483	0.00504	0.00161	0.00644	0.00450	0.00235	0.00658
6	0.01922	0.01416	0.01518	0.01163	0.01568	0.01568	0.00961	0.77388	0.02378	0.03187	0.01214	0.01214	0.00860	0.00607	0.00506	0.00152	0.00556	0.00455	0.00506	0.00860
7	0.01252	0.01201	0.02053	0.03104	0.79074	0.01201	0.01552	0.01552	0.01151	0.01652	0.00951	0.01252	0.00801	0.00451	0.00501	0.00150	0.00601	0.00451	0.00250	0.00801
8	0.01252	0.01201	0.02053	0.03104	0.79074	0.01201	0.01552	0.01552	0.01151	0.01652	0.00951	0.01252	0.00801	0.00451	0.00501	0.00150	0.00601	0.00451	0.00250	0.00801
9	0.01014	0.02616	0.79609	0.01441	0.02189	0.01174	0.01868	0.01601	0.01068	0.01601	0.00907	0.01068	0.00641	0.00480	0.00480	0.00160	0.00747	0.00374	0.00214	0.00747
10	0.02269	0.00861	0.01174	0.00900	0.01291	0.00743	0.00743	0.02464	0.01447	0.79425	0.01995	0.01721	0.01252	0.00626	0.00509	0.00156	0.00430	0.00509	0.00626	0.00861
11	0.01252	0.01201	0.02053	0.03104	0.79074	0.01201	0.01552	0.01552	0.01151	0.01652	0.00951	0.01252	0.00801	0.00451	0.00501	0.00150	0.00601	0.00451	0.00250	0.00801
12	0.01111	0.01119	0.01619	0.01367	0.01392	0.01536	0.04827	0.01237	0.00795	0.01237	0.00681	0.01119	0.00669	0.00863	0.01608	0.00219	0.77372	0.00450	0.00223	0.00559
13	0.02145	0.01004	0.01330	0.01013	0.01412	0.00946	0.04265	0.18611	0.01637	0.59421	0.01782	0.01595	0.01145	0.00613	0.00512	0.00156	0.00477	0.00501	0.00583	0.00852
14	0.02257	0.00879	0.01185	0.00909	0.01300	0.00771	0.00751	0.04977	0.01479	0.76868	0.01969	0.01704	0.01239	0.00625	0.00508	0.00156	0.00435	0.00507	0.00622	0.00861
15	0.02269	0.00861	0.01174	0.00900	0.01291	0.00743	0.00743	0.02464	0.01447	0.79425	0.01995	0.01721	0.01252	0.00626	0.00509	0.00156	0.00430	0.00509	0.00626	0.00861
16	0.01066	0.01014	0.01709	0.50309	0.30442	0.01167	0.01446	0.01382	0.01053	0.01418	0.00909	0.01305	0.00719	0.00499	0.00545	0.00164	0.03521	0.00450	0.00234	0.00647
17	0.08452	0.00940	0.01153	0.00901	0.01280	0.04381	0.00739	0.02372	0.01403	0.70146	0.01844	0.01618	0.01172	0.00609	0.00492	0.00155	0.00449	0.00483	0.00586	0.00825
18	0.00616	0.00440	0.00587	0.00704	0.00733	0.00411	0.00469	0.00704	0.00968	0.01291	0.02787	0.81899	0.03344	0.01584	0.00645	0.00205	0.00293	0.01438	0.00469	0.00411
19	0.00598	0.00512	0.00512	0.00512	0.00683	0.00427	0.00384	0.00726	0.01153	0.01366	0.05123	0.04866	0.78869	0.01281	0.00598	0.00171	0.00256	0.01067	0.00470	0.00427
20	0.01328	0.69426	0.12479	0.00955	0.01422	0.04681	0.00998	0.01543	0.01047	0.01244	0.00732	0.00848	0.00648	0.00442	0.00349	0.00116	0.00580	0.00286	0.00218	0.00659
21	0.01252	0.01201	0.02053	0.03104	0.79074	0.01201	0.01552	0.01552	0.01151	0.01652	0.00951	0.01252	0.00801	0.00451	0.00501	0.00150	0.00601	0.00451	0.00250	0.00801
22	0.00616	0.00440	0.00587	0.00704	0.00733	0.00411	0.00469	0.00704	0.00968	0.01291	0.02787	0.81899	0.03344	0.01584	0.00645	0.00205	0.00293	0.01438	0.00469	0.00411
23	0.01147	0.00889	0.00964	0.00877	0.01131	0.00956	0.00689	0.04070	0.44138	0.07963	0.02899	0.02915	0.22471	0.00887	0.00549	0.00174	0.00372	0.05718	0.00508	0.00684
24	0.83203	0.00964	0.00741	0.00664	0.00971	0.01114	0.00545	0.01470	0.00878	0.02261	0.03089	0.00912	0.00677	0.00487	0.00322	0.00157	0.00387	0.00293	0.00320	0.00545
25	0.01232	0.00872	0.01020	0.00866	0.01096	0.04097	0.03191	0.17422	0.04446	0.10889	0.32453	0.04762	0.06190	0.04756	0.00652	0.00176	0.00402	0.02669	0.02198	0.00613
26	0.01401	0.01383	0.02159	0.01609	0.02029	0.10579	0.40784	0.15013	0.03176	0.05097	0.05035	0.01543	0.03794	0.00542	0.00551	0.00158	0.00712	0.00558	0.00345	0.03531
27	0.00690	0.00596	0.04389	0.00697	0.00789	0.00515	0.00513	0.00840	0.03503	0.01264	0.02621	0.39602	0.13636	0.19738	0.07947	0.00314	0.00449	0.01069	0.00405	0.00422
28	0.06386	0.01194	0.09903	0.01027	0.01373	0.04290	0.04514	0.07928	0.06862	0.05296	0.05517	0.05531	0.01188	0.00774	0.04485	0.00176	0.08840	0.00484	0.00349	0.23882
29	0.01306	0.45898	0.22622	0.01065	0.01548	0.01654	0.01137	0.05583	0.05644	0.04062	0.00904	0.01007	0.00731	0.00497	0.00456	0.00135	0.04450	0.00341	0.00262	0.00697
30	0.06500	0.01118	0.01581	0.01246	0.01560	0.01210	0.16332	0.18726	0.11211	0.08193	0.01294	0.04369	0.01033	0.00887	0.06996	0.00218	0.11365	0.00525	0.00385	0.05251
31	0.09452	0.01018	0.03885	0.01007	0.01367	0.02204	0.11547	0.01457	0.06677	0.05444	0.03431	0.01672	0.04585	0.04761	0.00624	0.00151	0.04425	0.02754	0.00339	0.33202
32	0.15450	0.05213	0.01426	0.01143	0.03528	0.13446	0.10620	0.12756	0.04216	0.10254	0.04231	0.05156	0.04831	0.00796	0.04587	0.00188	0.00607	0.00519	0.00382	0.00652
33	0.06762	0.01183	0.01352	0.04983	0.01512	0.07017	0.04787	0.26008	0.06042	0.17170	0.06547	0.01628	0.01243	0.00644	0.00558	0.00157	0.04393	0.02985	0.00452	0.04576

[dist]
# distance from previous block
# <min> <max>
7	32

[block]
# block no. 3 follows, 49 sequences, length 86
# corresponding to MSA columns:
# 333-418
name=unknown_D
#
# <colnr> <probs for GDERKNQSTAVLIFYWHMCP>
#	G	D	E	R	K	N	Q	S	T	A	V	L	I	F	Y	W	H	M	C	P
0	0.41518	0.03252	0.00996	0.00924	0.05866	0.09064	0.00675	0.07829	0.02629	0.03459	0.08443	0.02900	0.03710	0.06150	0.00559	0.00176	0.00462	0.00453	0.00358	0.00578
1	0.05188	0.48203	0.06842	0.00933	0.01322	0.09883	0.00878	0.04986	0.02637	0.06463	0.02994	0.01157	0.00888	0.05125	0.00506	0.00145	0.00566	0.00356	0.00285	0.00646
2	0.30692	0.05901	0.06443	0.00905	0.01243	0.14141	0.00776	0.04289	0.04248	0.17259	0.04914	0.01372	0.02528	0.02697	0.00480	0.00159	0.00516	0.00412	0.00383	0.00644
3	0.20575	0.15779	0.23426	0.01155	0.06776	0.01243	0.01101	0.05255	0.01157	0.17541	0.01063	0.01119	0.00766	0.00503	0.00423	0.00148	0.00547	0.00369	0.00336	0.00717
4	0.01382	0.52692	0.16570	0.01119	0.05887	0.01692	0.01086	0.06282	0.01154	0.06735	0.00874	0.00970	0.00710	0.00466	0.00387	0.00126	0.00576	0.00327	0.00263	0.00703
5	0.01200	0.01712	0.26249	0.04961	0.43037	0.05674	0.06760	0.01590	0.01140	0.01599	0.00931	0.01186	0.00736	0.00464	0.00498	0.00154	0.00684	0.00429	0.00239	0.00756
6	0.00797	0.00682	0.00855	0.00705	0.00970	0.00563	0.04828	0.00996	0.01182	0.01611	0.19432	0.03243	0.34131	0.00896	0.00528	0.00138	0.00323	0.00768	0.00423	0.26926
7	0.06764	0.00854	0.00891	0.00829	0.01024	0.05703	0.00645	0.02992	0.23891	0.02000	0.38426	0.02957	0.03056	0.00884	0.00551	0.00167	0.00363	0.06914	0.00501	0.00590
8	0.80097	0.01008	0.00796	0.00699	0.01018	0.01164	0.00576	0.06648	0.00964	0.02331	0.00739	0.00848	0.00569	0.00479	0.00326	0.00156	0.00402	0.00286	0.00326	0.00569
9	0.01889	0.02410	0.01433	0.01303	0.01563	0.80199	0.00977	0.02019	0.01433	0.01238	0.00782	0.00912	0.00651	0.00521	0.00456	0.00130	0.00912	0.00326	0.00261	0.00586
10	0.01049	0.00899	0.01049	0.00749	0.01198	0.00674	0.00599	0.01273	0.01049	0.01648	0.00899	0.01049	0.00749	0.00374	0.00374	0.00075	0.00374	0.00300	0.00300	0.85320
11	0.00598	0.00512	0.00512	0.00512	0.00683	0.00427	0.00384	0.00726	0.01153	0.01366	0.05123	0.04866	0.78869	0.01281	0.00598	0.00171	0.00256	0.01067	0.00470	0.00427
12	0.85801	0.00978	0.00743	0.00665	0.00978	0.01134	0.00548	0.01486	0.00861	0.02269	0.00704	0.00821	0.00548	0.00469	0.00313	0.00156	0.00391	0.00274	0.00313	0.00548
13	0.00843	0.00449	0.00657	0.00659	0.00675	0.00442	0.00446	0.00698	0.00773	0.01045	0.10705	0.06429	0.01505	0.01657	0.01728	0.69789	0.00406	0.00556	0.00276	0.00263
14	0.00616	0.00440	0.00587	0.00704	0.00733	0.00411	0.00469	0.00704	0.00968	0.01291	0.02787	0.81899	0.03344	0.01584	0.00645	0.00205	0.00293	0.01438	0.00469	0.00411
15	0.01194	0.01364	0.02984	0.02131	0.02643	0.01279	0.77238	0.01620	0.01194	0.01620	0.01023	0.01364	0.00767	0.00426	0.00597	0.00171	0.00853	0.00597	0.00256	0.00682
16	0.01014	0.02616	0.79609	0.01441	0.02189	0.01174	0.01868	0.01601	0.01068	0.01601	0.00907	0.01068	0.00641	0.00480	0.00480	0.00160	0.00747	0.00374	0.00214	0.00747
17	0.00787	0.00568	0.00792	0.00927	0.03013	0.00563	0.00745	0.00983	0.01105	0.01448	0.02590	0.18867	0.02871	0.05988	0.00790	0.00240	0.00440	0.56377	0.00452	0.00456
18	0.00943	0.00471	0.00471	0.00471	0.00589	0.00471	0.00353	0.01178	0.01060	0.01885	0.01650	0.01885	0.01296	0.00589	0.00353	0.00118	0.00236	0.00471	0.85036	0.00471
19	0.00815	0.00582	0.00815	0.00931	0.01048	0.00582	0.00815	0.01048	0.01164	0.01513	0.02677	0.05704	0.02910	0.01397	0.00698	0.00233	0.00466	0.75671	0.00466	0.00466
20	0.01788	0.01190	0.01919	0.01414	0.01853	0.01156	0.28418	0.22089	0.01603	0.31055	0.01436	0.01457	0.00973	0.00549	0.00540	0.00160	0.00616	0.00526	0.00460	0.00796
21	0.00992	0.00937	0.01583	0.71299	0.12908	0.01133	0.01423	0.01324	0.01029	0.01337	0.00905	0.01336	0.00690	0.00499	0.00505	0.00166	0.00665	0.00450	0.00228	0.00592
22	0.00974	0.00925	0.01521	0.71077	0.03214	0.01177	0.01367	0.01283	0.00982	0.01283	0.00869	0.01318	0.00673	0.00553	0.00649	0.00175	0.10728	0.00449	0.00224	0.00561
23	0.00864	0.00439	0.00655	0.00661	0.00663	0.00438	0.00441	0.00661	0.00676	0.00901	0.00982	0.05893	0.01012	0.01747	0.01904	0.80676	0.00431	0.00493	0.00233	0.00230
24	0.01112	0.00897	0.01055	0.00757	0.01203	0.00678	0.00607	0.01335	0.01069	0.05682	0.00956	0.01083	0.00775	0.00388	0.00381	0.00079	0.00377	0.00310	0.00317	0.80939
25	0.01049	0.00899	0.01049	0.00749	0.01198	0.00674	0.00599	0.01273	0.01049	0.01648	0.00899	0.01049	0.00749	0.00374	0.00374	0.00075	0.00374	0.00300	0.00300	0.85320
26	0.01049	0.00899	0.01049	0.00749	0.01198	0.00674	0.00599	0.01273	0.01049	0.01648	0.00899	0.01049	0.00749	0.00374	0.00374	0.00075	0.00374	0.00300	0.00300	0.85320
27	0.01352	0.01134	0.01393	0.01162	0.01462	0.03713	0.10347	0.23879	0.26348	0.02161	0.01720	0.04358	0.01478	0.05785	0.00677	0.00194	0.00530	0.11147	0.00451	0.00708
28	0.00722	0.00542	0.00813	0.00813	0.00903	0.00632	0.00632	0.00903	0.00813	0.01174	0.01354	0.01987	0.01264	0.03792	0.80225	0.00813	0.01354	0.00542	0.00271	0.00451
29	0.01014	0.02475	0.73125	0.01505	0.06131	0.01152	0.01808	0.01571	0.01069	0.01594	0.00968	0.03594	0.00733	0.00513	0.00487	0.00161	0.00726	0.00411	0.00223	0.00740
30	0.01178	0.01002	0.01076	0.00977	0.01238	0.01142	0.00760	0.02427	0.66535	0.02088	0.11645	0.02224	0.01983	0.00748	0.00530	0.00172	0.00382	0.02622	0.00518	0.00751
31	0.01025	0.02538	0.74877	0.01484	0.02217	0.01181	0.06522	0.01603	0.01075	0.01603	0.00915	0.01086	0.00648	0.00477	0.00488	0.00161	0.00754	0.00387	0.00216	0.00743
32	0.01160	0.00955	0.01055	0.00973	0.01218	0.01071	0.00772	0.06820	0.51544	0.02074	0.11676	0.02694	0.02123	0.00839	0.00554	0.00179	0.00400	0.12672	0.00511	0.00710
33	0.01014	0.02616	0.79609	0.01441	0.02189	0.01174	0.01868	0.01601	0.01068	0.01601	0.00907	0.01068	0.00641	0.00480	0.00480	0.00160	0.00747	0.00374	0.00214	0.00747
34	0.00795	0.00856	0.11087	0.00948	0.06558	0.00634	0.02233	0.01077	0.01324	0.01863	0.52840	0.04757	0.08828	0.00947	0.00579	0.00163	0.00352	0.03153	0.00474	0.00534
35	0.85801	0.00978	0.00743	0.00665	0.00978	0.01134	0.00548	0.01486	0.00861	0.02269	0.00704	0.00821	0.00548	0.00469	0.00313	0.00156	0.00391	0.00274	0.00313	0.00548
36	0.00616	0.00440	0.00587	0.00704	0.00733	0.00411	0.00469	0.00704	0.00968	0.01291	0.02787	0.81899	0.03344	0.01584	0.00645	0.00205	0.00293	0.01438	0.00469	0.00411
37	0.01049	0.00899	0.01049	0.00749	0.01198	0.00674	0.00599	0.01273	0.01049	0.01648	0.00899	0.01049	0.00749	0.00374	0.00374	0.00075	0.00374	0.00300	0.00300	0.85320
38	0.01106	0.01106	0.01549	0.01328	0.01328	0.01549	0.01106	0.01217	0.00774	0.01217	0.00664	0.01106	0.00664	0.00885	0.01659	0.00221	0.81303	0.00443	0.00221	0.00553
39	0.01009	0.02470	0.74227	0.01375	0.02080	0.01127	0.01765	0.01573	0.01067	0.01621	0.00958	0.01123	0.00685	0.00488	0.00472	0.00157	0.00713	0.00380	0.05982	0.00729
40	0.00955	0.00899	0.01517	0.81013	0.03483	0.01123	0.01404	0.01292	0.01011	0.01292	0.00899	0.01348	0.00674	0.00506	0.00506	0.00169	0.00674	0.00449	0.00225	0.00562
41	0.00907	0.01010	0.07054	0.01406	0.01704	0.00859	0.35600	0.01183	0.01078	0.01462	0.01854	0.39647	0.01984	0.00981	0.00612	0.00186	0.00579	0.00981	0.00354	0.00557
42	0.00735	0.00490	0.00552	0.00552	0.00552	0.00490	0.00306	0.00735	0.00735	0.00980	0.01593	0.03309	0.01838	0.82229	0.02574	0.00490	0.00490	0.00735	0.00306	0.00306
43	0.01258	0.01086	0.01143	0.01029	0.01315	0.01258	0.00800	0.02687	0.78161	0.02115	0.02058	0.01887	0.01544	0.00686	0.00515	0.00172	0.00400	0.00572	0.00515	0.00800
44	0.00598	0.00512	0.00512	0.00512	0.00683	0.00427	0.00384	0.00726	0.01153	0.01366	0.05123	0.04866	0.78869	0.01281	0.00598	0.00171	0.00256	0.01067	0.00470	0.00427
45	0.07004	0.00867	0.01149	0.00886	0.01273	0.00765	0.00732	0.02409	0.01414	0.75051	0.01922	0.01670	0.01212	0.00617	0.00497	0.00156	0.00428	0.00495	0.00608	0.00843
46	0.00943	0.00471	0.00471	0.00471	0.00589	0.00471	0.00353	0.01178	0.01060	0.01885	0.01650	0.01885	0.01296	0.00589	0.00353	0.00118	0.00236	0.00471	0.85036	0.00471
47	0.01220	0.00930	0.01069	0.00926	0.01155	0.01023	0.00729	0.18773	0.23939	0.04991	0.27041	0.06838	0.02487	0.00844	0.00617	0.00167	0.05373	0.00697	0.00510	0.00672
48	0.00660	0.00515	0.00598	0.00577	0.00721	0.00453	0.00433	0.00846	0.01299	0.01713	0.43762	0.04295	0.40013	0.01151	0.00597	0.00165	0.00247	0.00987	0.00515	0.00453
49	0.00730	0.00540	0.00720	0.00857	0.04849	0.00523	0.00556	0.05483	0.01065	0.01427	0.02595	0.72733	0.03059	0.01465	0.00629	0.00199	0.00326	0.01326	0.00460	0.00459
50	0.01504	0.01725	0.01730	0.01963	0.29230	0.37227	0.07479	0.02929	0.01293	0.01456	0.01134	0.01325	0.05548	0.00546	0.00525	0.00146	0.02861	0.00444	0.00272	0.00664
51	0.00753	0.00565	0.00782	0.00767	0.00822	0.00652	0.00563	0.00872	0.00786	0.01116	0.01381	0.02340	0.01402	0.28188	0.50378	0.00670	0.06674	0.00596	0.00279	0.00413
52	0.00975	0.00908	0.01530	0.67433	0.03138	0.01115	0.05256	0.01298	0.01010	0.01341	0.00938	0.01368	0.00717	0.00528	0.00566	0.00168	0.05225	0.00458	0.05463	0.00562
53	0.01014	0.02616	0.79609	0.01441	0.02189	0.01174	0.01868	0.01601	0.01068	0.01601	0.00907	0.01068	0.00641	0.00480	0.00480	0.00160	0.00747	0.00374	0.00214	0.00747
54	0.00761	0.00562	0.00721	0.00702	0.00832	0.00540	0.00546	0.01068	0.06120	0.01934	0.60127	0.03989	0.06594	0.01076	0.00607	0.00171	0.00284	0.12334	0.00537	0.00494
55	0.85801	0.00978	0.00743	0.00665	0.00978	0.01134	0.00548	0.01486	0.00861	0.02269	0.00704	0.00821	0.00548	0.00469	0.00313	0.00156	0.00391	0.00274	0.00313	0.00548
56	0.01146	0.01513	0.22123	0.07192	0.42664	0.01160	0.03507	0.01599	0.06359	0.01639	0.01112	0.01508	0.00921	0.00531	0.00510	0.00161	0.00629	0.04707	0.00269	0.00750
57	0.85801	0.00978	0.00743	0.00665	0.00978	0.01134	0.00548	0.01486	0.00861	0.02269	0.00704	0.00821	0.00548	0.00469	0.00313	0.00156	0.00391	0.00274	0.00313	0.00548
58	0.01252	0.01201	0.02053	0.03104	0.79074	0.01201	0.01552	0.01552	0.01151	0.01652	0.00951	0.01252	0.00801	0.00451	0.00501	0.00150	0.00601	0.00451	0.00250	0.00801
59	0.01922	0.01416	0.01518	0.01163	0.01568	0.01568	0.00961	0.77388	0.02378	0.03187	0.01214	0.01214	0.00860	0.00607	0.00506	0.00152	0.00556	0.00455	0.00506	0.00860
60	0.01252	0.01201	0.02053	0.03104	0.79074	0.01201	0.01552	0.01552	0.01151	0.01652	0.00951	0.01252	0.00801	0.00451	0.00501	0.00150	0.00601	0.00451	0.00250	0.00801
61	0.01252	0.01201	0.02053	0.03104	0.79074	0.01201	0.01552	0.01552	0.01151	0.01652	0.00951	0.01252	0.00801	0.00451	0.00501	0.00150	0.00601	0.00451	0.00250	0.00801
62	0.00628	0.00641	0.05404	0.00578	0.00780	0.00475	0.00481	0.00788	0.01155	0.01405	0.07748	0.06004	0.69706	0.01227	0.00591	0.00170	0.00286	0.01025	0.00457	0.00448
63	0.02269	0.00861	0.01174	0.00900	0.01291	0.00743	0.00743	0.02464	0.01447	0.79425	0.01995	0.01721	0.01252	0.00626	0.00509	0.00156	0.00430	0.00509	0.00626	0.00861
64	0.01252	0.01201	0.02053	0.03104	0.79074	0.01201	0.01552	0.01552	0.01151	0.01652	0.00951	0.01252	0.00801	0.00451	0.00501	0.00150	0.00601	0.00451	0.00250	0.00801
65	0.00955	0.00899	0.01517	0.81013	0.03483	0.01123	0.01404	0.01292	0.01011	0.01292	0.00899	0.01348	0.00674	0.00506	0.00506	0.00169	0.00674	0.00449	0.00225	0.00562
66	0.00895	0.00863	0.01627	0.01326	0.01577	0.00818	0.32725	0.01183	0.03756	0.01476	0.02074	0.37591	0.04138	0.01045	0.00623	0.00191	0.00544	0.06624	0.00381	0.00543
67	0.02269	0.00861	0.01174	0.00900	0.01291	0.00743	0.00743	0.02464	0.01447	0.79425	0.01995	0.01721	0.01252	0.00626	0.00509	0.00156	0.00430	0.00509	0.00626	0.00861
68	0.02269	0.00861	0.01174	0.00900	0.01291	0.00743	0.00743	0.02464	0.01447	0.79425	0.01995	0.01721	0.01252	0.00626	0.00509	0.00156	0.00430	0.00509	0.00626	0.00861
69	0.01144	0.01219	0.02175	0.01678	0.01902	0.01431	0.34341	0.01393	0.00957	0.01393	0.00821	0.01219	0.00709	0.00685	0.01196	0.00199	0.46183	0.00510	0.00236	0.00609
70	0.01182	0.01144	0.01991	0.20325	0.57588	0.01189	0.06193	0.01498	0.01123	0.01570	0.00944	0.01280	0.00771	0.00461	0.00508	0.00156	0.00633	0.00459	0.00245	0.00741
71	0.00815	0.00582	0.00815	0.00931	0.01048	0.00582	0.00815	0.01048	0.01164	0.01513	0.02677	0.05704	0.02910	0.01397	0.00698	0.00233	0.00466	0.75671	0.00466	0.00466
72	0.00878	0.00439	0.00659	0.00659	0.00659	0.00439	0.00439	0.00659	0.00659	0.00878	0.00878	0.01537	0.00878	0.01757	0.01976	0.85288	0.00439	0.00439	0.00220	0.00220
73	0.01153	0.01312	0.11572	0.01472	0.01877	0.01158	0.29487	0.04225	0.25663	0.01824	0.04083	0.02089	0.01390	0.00658	0.00566	0.00176	0.00620	0.09600	0.00376	0.00701
74	0.00958	0.00903	0.01517	0.79402	0.03439	0.01132	0.01398	0.01290	0.01006	0.01290	0.00894	0.01343	0.00674	0.00513	0.00529	0.00170	0.02305	0.00449	0.00225	0.00562
75	0.00616	0.00440	0.00587	0.00704	0.00733	0.00411	0.00469	0.00704	0.00968	0.01291	0.02787	0.81899	0.03344	0.01584	0.00645	0.00205	0.00293	0.01438	0.00469	0.00411
76	0.01189	0.01397	0.04996	0.02113	0.02631	0.01276	0.75259	0.01619	0.01190	0.01619	0.01020	0.01356	0.00764	0.00428	0.00594	0.00170	0.00850	0.00591	0.00255	0.00684
77	0.01276	0.38165	0.35553	0.01159	0.01714	0.06939	0.01309	0.05887	0.01149	0.01483	0.00825	0.00951	0.00657	0.00469	0.00411	0.00134	0.00656	0.00329	0.00235	0.00699
78	0.01322	0.01283	0.01943	0.01508	0.01882	0.08986	0.34162	0.02017	0.26954	0.07055	0.01521	0.06492	0.01208	0.00608	0.00552	0.00168	0.00644	0.00607	0.00381	0.00708
79	0.01108	0.00934	0.01080	0.00777	0.01224	0.00735	0.00624	0.06449	0.01139	0.01752	0.00920	0.01060	0.00757	0.00390	0.00383	0.00080	0.00387	0.00310	0.00314	0.79577
80	0.00635	0.00486	0.00590	0.00654	0.00748	0.00434	0.00465	0.00752	0.01054	0.01357	0.05522	0.48342	0.27840	0.01429	0.00625	0.00191	0.00292	0.05482	0.00467	0.02636
81	0.01241	0.56351	0.27862	0.01054	0.01590	0.01730	0.01194	0.01543	0.01041	0.01325	0.00770	0.00895	0.00646	0.00448	0.00376	0.00125	0.00608	0.00304	0.00215	0.00681
82	0.06889	0.01384	0.01561	0.01205	0.01600	0.15566	0.13385	0.21453	0.01543	0.14928	0.01150	0.01216	0.00834	0.00518	0.00479	0.00139	0.00609	0.00427	0.00394	0.14720
83	0.04420	0.01655	0.03875	0.01192	0.01545	0.31205	0.05627	0.17773	0.03592	0.20810	0.02641	0.01280	0.00943	0.00570	0.00488	0.00147	0.00670	0.00431	0.00413	0.00723
84	0.01212	0.11009	0.07849	0.02162	0.22790	0.01347	0.39850	0.01572	0.01137	0.01560	0.00944	0.01238	0.00750	0.00455	0.00573	0.00159	0.03939	0.00498	0.00245	0.00709
85	0.00712	0.05595	0.00735	0.00640	0.00801	0.00573	0.00503	0.00906	0.03237	0.01506	0.17602	0.11775	0.42001	0.01211	0.00595	0.00176	0.00304	0.10195	0.00470	0.00463

[dist]
# distance from previous block
# <min> <max>
0	5

[block]
# block no. 4 follows, 49 sequences, length 6
# corresponding to MSA columns:
# 424-429
name=unknown_E
#
# <colnr> <probs for GDERKNQSTAVLIFYWHMCP>
#	G	D	E	R	K	N	Q	S	T	A	V	L	I	F	Y	W	H	M	C	P
0	0.10067	0.09969	0.18377	0.01061	0.01498	0.04982	0.01027	0.16758	0.08918	0.16423	0.05139	0.01374	0.01084	0.00576	0.00465	0.00152	0.00542	0.00438	0.00407	0.00744
1	0.01283	0.30587	0.35666	0.01210	0.01729	0.14624	0.01330	0.01621	0.01100	0.01377	0.00803	0.00954	0.00646	0.00491	0.00480	0.00140	0.04729	0.00333	0.00223	0.00676
2	0.19064	0.14263	0.01039	0.00751	0.00958	0.00877	0.00601	0.01220	0.01027	0.10000	0.01994	0.34569	0.04962	0.01027	0.00508	0.00174	0.00380	0.05644	0.00411	0.00533
3	0.06168	0.28643	0.21473	0.01135	0.01590	0.23416	0.01130	0.05024	0.01218	0.04733	0.00853	0.00960	0.00676	0.00487	0.00415	0.00134	0.00684	0.00330	0.00263	0.00669
4	0.32914	0.06760	0.21158	0.00929	0.01341	0.06188	0.00937	0.06930	0.01120	0.01878	0.01533	0.01591	0.13631	0.00618	0.00427	0.00155	0.00515	0.00448	0.00318	0.00611
5	0.01293	0.34070	0.36287	0.01191	0.01734	0.14640	0.01325	0.01637	0.01113	0.01379	0.00806	0.00941	0.00646	0.00468	0.00415	0.00135	0.00693	0.00325	0.00222	0.00682

[dist]
# distance from previous block
# <min> <max>
1	15

[block]
# block no. 5 follows, 49 sequences, length 33
# corresponding to MSA columns:
# 445,449-460,462-481
name=unknown_F
#
# <colnr> <probs for GDERKNQSTAVLIFYWHMCP>
#	G	D	E	R	K	N	Q	S	T	A	V	L	I	F	Y	W	H	M	C	P
0	0.01249	0.00720	0.00891	0.00831	0.05010	0.00654	0.00610	0.07006	0.01377	0.24972	0.15622	0.03291	0.33813	0.00952	0.00559	0.00162	0.00346	0.00798	0.00522	0.00616
1	0.05983	0.01189	0.01183	0.11086	0.01528	0.11367	0.00853	0.17700	0.21464	0.02052	0.01364	0.01460	0.01040	0.00605	0.00513	0.00153	0.03954	0.00461	0.15372	0.00673
2	0.00643	0.00514	0.00576	0.00560	0.00711	0.00446	0.00420	0.00814	0.01261	0.01622	0.33652	0.04445	0.50179	0.01185	0.00597	0.00166	0.00249	0.01008	0.00503	0.00446
3	0.01094	0.00926	0.01073	0.00770	0.01218	0.00720	0.00618	0.05223	0.01118	0.01728	0.00915	0.01057	0.00755	0.00387	0.00381	0.00079	0.00384	0.00308	0.00310	0.80937
4	0.01300	0.01068	0.01105	0.00964	0.01249	0.02552	0.00758	0.16893	0.48147	0.02205	0.02215	0.02097	0.10673	0.00733	0.00512	0.00164	0.00412	0.00598	0.05613	0.00743
5	0.00615	0.00445	0.00582	0.00692	0.00730	0.00412	0.00464	0.00705	0.00980	0.01296	0.02932	0.77104	0.08045	0.01565	0.00642	0.00203	0.00291	0.01414	0.00469	0.00412
6	0.01314	0.01114	0.01175	0.01040	0.01336	0.01284	0.00814	0.09012	0.71745	0.02206	0.01987	0.01830	0.01486	0.00679	0.00514	0.00170	0.00413	0.00562	0.00514	0.00805
7	0.03636	0.01363	0.01325	0.01279	0.08636	0.14183	0.00919	0.14467	0.44276	0.02105	0.01576	0.01533	0.01193	0.00619	0.00497	0.00159	0.00527	0.00494	0.00442	0.00769
8	0.07670	0.01172	0.02103	0.01551	0.01973	0.01134	0.42704	0.11080	0.01338	0.12600	0.01434	0.03736	0.04835	0.00560	0.00545	0.00164	0.00655	0.00585	0.03470	0.00691
9	0.01134	0.01187	0.02001	0.01581	0.01742	0.01464	0.25069	0.01344	0.00906	0.01344	0.00777	0.01187	0.00696	0.00741	0.01325	0.00205	0.55981	0.00491	0.00232	0.00594
10	0.13232	0.01357	0.01413	0.01096	0.01489	0.01510	0.00905	0.67154	0.02173	0.03063	0.01145	0.01161	0.00818	0.00588	0.00480	0.00152	0.00534	0.00431	0.00480	0.00818
11	0.01414	0.01530	0.01809	0.01448	0.01736	0.27818	0.25093	0.03868	0.01209	0.04957	0.01024	0.01388	0.00862	0.06440	0.08337	0.00244	0.09453	0.00485	0.00283	0.00602
12	0.01297	0.01288	0.02008	0.02976	0.73553	0.06828	0.01511	0.01585	0.01171	0.01623	0.00939	0.01227	0.00790	0.00456	0.00497	0.00149	0.00623	0.00442	0.00251	0.00786
13	0.00716	0.00517	0.00676	0.00636	0.00755	0.00477	0.00477	0.00954	0.01431	0.02028	0.78808	0.03777	0.04771	0.01034	0.00596	0.00159	0.00239	0.00914	0.00557	0.00477
14	0.01952	0.01369	0.01488	0.01141	0.01544	0.01498	0.00942	0.70981	0.02298	0.09706	0.01281	0.01257	0.00893	0.00609	0.00506	0.00152	0.00546	0.00460	0.00516	0.00860
15	0.01189	0.01350	0.02906	0.02088	0.02571	0.01293	0.73091	0.01598	0.01171	0.01598	0.01003	0.01350	0.00762	0.00451	0.00655	0.00173	0.05234	0.00588	0.00254	0.00675
16	0.00735	0.00490	0.00552	0.00552	0.00552	0.00490	0.00306	0.00735	0.00735	0.00980	0.01593	0.03309	0.01838	0.82229	0.02574	0.00490	0.00490	0.00735	0.00306	0.00306
17	0.01106	0.01106	0.01549	0.01328	0.01328	0.01549	0.01106	0.01217	0.00774	0.01217	0.00664	0.01106	0.00664	0.00885	0.01659	0.00221	0.81303	0.00443	0.00221	0.00553
18	0.01243	0.01193	0.02038	0.05267	0.76976	0.01199	0.01548	0.01545	0.01148	0.01642	0.00950	0.01254	0.00797	0.00452	0.00501	0.00151	0.00603	0.00451	0.00250	0.00794
19	0.01630	0.00999	0.01159	0.00979	0.01299	0.01054	0.00785	0.10174	0.37820	0.28539	0.05064	0.02001	0.01562	0.00702	0.00523	0.00166	0.00423	0.03771	0.00551	0.00800
20	0.00616	0.00440	0.00587	0.00704	0.00733	0.00411	0.00469	0.00704	0.00968	0.01291	0.02787	0.81899	0.03344	0.01584	0.00645	0.00205	0.00293	0.01438	0.00469	0.00411
21	0.01252	0.01201	0.02053	0.03104	0.79074	0.01201	0.01552	0.01552	0.01151	0.01652	0.00951	0.01252	0.00801	0.00451	0.00501	0.00150	0.00601	0.00451	0.00250	0.00801
22	0.01955	0.01816	0.01428	0.01193	0.01527	0.39313	0.00938	0.30517	0.01791	0.13013	0.01116	0.01140	0.00815	0.00568	0.00482	0.00142	0.00710	0.00400	0.00405	0.00728
23	0.01568	0.01061	0.01385	0.34936	0.02280	0.05194	0.01074	0.13914	0.06661	0.24787	0.01347	0.01451	0.00933	0.00571	0.00505	0.00160	0.00577	0.00470	0.00410	0.00715
24	0.01388	0.01016	0.01111	0.00970	0.01244	0.02337	0.00764	0.13470	0.41369	0.10807	0.01837	0.01960	0.01425	0.04376	0.06071	0.00223	0.00498	0.03299	0.05098	0.00737
25	0.85801	0.00978	0.00743	0.00665	0.00978	0.01134	0.00548	0.01486	0.00861	0.02269	0.00704	0.00821	0.00548	0.00469	0.00313	0.00156	0.00391	0.00274	0.00313	0.00548
26	0.01203	0.01658	0.25962	0.02433	0.46126	0.01215	0.07538	0.04823	0.01181	0.01700	0.00955	0.01202	0.00752	0.00465	0.00502	0.00155	0.00664	0.00439	0.00250	0.00778
27	0.01439	0.01113	0.01510	0.01836	0.33379	0.03987	0.01083	0.11070	0.11977	0.14114	0.03337	0.01751	0.06996	0.00724	0.03265	0.00178	0.00544	0.00532	0.00402	0.00762
28	0.00616	0.00440	0.00587	0.00704	0.00733	0.00411	0.00469	0.00704	0.00968	0.01291	0.02787	0.81899	0.03344	0.01584	0.00645	0.00205	0.00293	0.01438	0.00469	0.00411
29	0.01155	0.00984	0.01342	0.07061	0.01511	0.05730	0.12905	0.08613	0.09884	0.07017	0.06132	0.23289	0.05187	0.00909	0.00638	0.00177	0.05646	0.00801	0.00413	0.00606
30	0.01184	0.01222	0.03990	0.04828	0.50731	0.01171	0.21024	0.01512	0.01145	0.01611	0.01078	0.06155	0.00939	0.00515	0.00534	0.00160	0.00653	0.00546	0.00263	0.00739
31	0.00616	0.00440	0.00587	0.00704	0.00733	0.00411	0.00469	0.00704	0.00968	0.01291	0.02787	0.81899	0.03344	0.01584	0.00645	0.00205	0.00293	0.01438	0.00469	0.00411
32	0.01197	0.01355	0.02933	0.02184	0.06806	0.01275	0.73116	0.01616	0.01191	0.01622	0.01019	0.01358	0.00769	0.00428	0.00592	0.00169	0.00839	0.00589	0.00255	0.00688

[dist]
# distance from previous block
# <min> <max>
5	18

[block]
# block no. 6 follows, 49 sequences, length 59
# corresponding to MSA columns:
# 502-560
name=unknown_G
#
# <colnr> <probs for GDERKNQSTAVLIFYWHMCP>
#	G	D	E	R	K	N	Q	S	T	A	V	L	I	F	Y	W	H	M	C	P
0	0.04587	0.01116	0.04325	0.21897	0.13858	0.02922	0.01072	0.09100	0.08988	0.06311	0.01109	0.01286	0.00844	0.00500	0.00466	0.00140	0.00538	0.00419	0.00330	0.20192
1	0.04685	0.11441	0.01761	0.01894	0.34696	0.04610	0.01138	0.14690	0.10022	0.05319	0.01275	0.01386	0.03802	0.00544	0.00476	0.00148	0.00548	0.00456	0.00347	0.00762
2	0.00647	0.00527	0.00583	0.00591	0.00739	0.00471	0.00444	0.00830	0.03454	0.01459	0.13530	0.11951	0.53891	0.01377	0.04100	0.00203	0.00318	0.03965	0.00473	0.00445
3	0.01460	0.63853	0.03923	0.00970	0.01372	0.18662	0.00909	0.01624	0.01115	0.01208	0.00724	0.00838	0.00649	0.00452	0.00356	0.00114	0.00624	0.00284	0.00226	0.00638
4	0.00785	0.00597	0.00817	0.00789	0.00843	0.00702	0.00587	0.00907	0.00796	0.01154	0.01347	0.02251	0.01354	0.25970	0.44216	0.00613	0.11363	0.00582	0.03903	0.00423
5	0.00793	0.00587	0.00685	0.00681	0.03125	0.00524	0.00496	0.01015	0.04242	0.06492	0.24354	0.04097	0.45546	0.01110	0.00584	0.00166	0.00285	0.02592	0.00495	0.02131
6	0.01247	0.01171	0.05307	0.08119	0.36542	0.01132	0.12705	0.01542	0.01129	0.08726	0.02566	0.04510	0.00981	0.00563	0.00628	0.00162	0.08271	0.00516	0.00296	0.03887
7	0.00637	0.00458	0.00588	0.00683	0.00725	0.00429	0.00462	0.00726	0.00968	0.01275	0.02848	0.63611	0.09391	0.10063	0.00848	0.00234	0.00319	0.04880	0.00452	0.00404
8	0.00616	0.00440	0.00587	0.00704	0.00733	0.00411	0.00469	0.00704	0.00968	0.01291	0.02787	0.81899	0.03344	0.01584	0.00645	0.00205	0.00293	0.01438	0.00469	0.00411
9	0.27031	0.06731	0.04465	0.01030	0.01384	0.01210	0.07781	0.13318	0.02753	0.19196	0.01149	0.01242	0.00841	0.02486	0.00587	0.00167	0.07129	0.00417	0.00392	0.00691
10	0.01122	0.15585	0.60464	0.04454	0.02054	0.01289	0.01636	0.01613	0.01075	0.04939	0.00921	0.01065	0.00670	0.00480	0.00457	0.00152	0.00697	0.00366	0.00233	0.00729
11	0.00598	0.00512	0.00512	0.00512	0.00683	0.00427	0.00384	0.00726	0.01153	0.01366	0.05123	0.04866	0.78869	0.01281	0.00598	0.00171	0.00256	0.01067	0.00470	0.00427
12	0.04275	0.00863	0.01163	0.00894	0.01283	0.00753	0.00739	0.02441	0.01433	0.77572	0.01964	0.01700	0.01235	0.00622	0.00504	0.00156	0.00429	0.00503	0.00618	0.00853
13	0.01445	0.01429	0.01582	0.01688	0.20988	0.20527	0.06756	0.05182	0.19641	0.05625	0.02587	0.01578	0.02946	0.00604	0.00549	0.00157	0.03362	0.02280	0.00360	0.00714
14	0.01014	0.02616	0.79609	0.01441	0.02189	0.01174	0.01868	0.01601	0.01068	0.01601	0.00907	0.01068	0.00641	0.00480	0.00480	0.00160	0.00747	0.00374	0.00214	0.00747
15	0.01499	0.01815	0.02187	0.01703	0.02066	0.36684	0.37658	0.01770	0.01271	0.01420	0.00889	0.01143	0.00708	0.00501	0.00609	0.00156	0.06571	0.00464	0.00255	0.00630
16	0.04399	0.01159	0.02271	0.32669	0.07653	0.01208	0.40194	0.01483	0.01107	0.01520	0.00958	0.01330	0.00725	0.00460	0.00544	0.00168	0.00750	0.00518	0.00246	0.00638
17	0.00735	0.00490	0.00552	0.00552	0.00552	0.00490	0.00306	0.00735	0.00735	0.00980	0.01593	0.03309	0.01838	0.82229	0.02574	0.00490	0.00490	0.00735	0.00306	0.00306
18	0.01068	0.08993	0.64816	0.01576	0.10545	0.01245	0.01752	0.01589	0.01074	0.01573	0.00896	0.01067	0.00659	0.00473	0.00470	0.00155	0.00714	0.00374	0.00218	0.00745
