[name]
unknown

[dist]
# distance from previous block
# <min> <max>
0	44

[block]
# block no. 0 follows, 47 sequences, length 21
# corresponding to MSA columns:
# 44-64
name=unknown_A
#
# <colnr> <probs for GDERKNQSTAVLIFYWHMCP>
#	G	D	E	R	K	N	Q	S	T	A	V	L	I	F	Y	W	H	M	C	P
0	0.01320	0.01265	0.05847	0.08982	0.53489	0.01215	0.03624	0.07857	0.01287	0.04385	0.01123	0.01533	0.00934	0.00538	0.00529	0.00162	0.00623	0.04196	0.00300	0.00788
1	0.01141	0.01057	0.01544	0.05620	0.40811	0.04049	0.01158	0.01563	0.10465	0.01812	0.20531	0.02134	0.04529	0.00677	0.00544	0.00160	0.00504	0.00615	0.00376	0.00709
2	0.00723	0.00532	0.00677	0.00641	0.00770	0.00486	0.00481	0.00956	0.01442	0.02012	0.70004	0.04016	0.13133	0.01093	0.00614	0.00165	0.00248	0.00959	0.00563	0.00486
3	0.00634	0.00453	0.00604	0.00725	0.00755	0.00423	0.00483	0.00725	0.00997	0.01329	0.02870	0.81358	0.03444	0.01632	0.00665	0.00211	0.00302	0.01480	0.00483	0.00423
4	0.00737	0.00532	0.00696	0.00655	0.00778	0.00491	0.00491	0.00983	0.01474	0.02088	0.78175	0.03890	0.04914	0.01065	0.00614	0.00164	0.00246	0.00942	0.00573	0.00491
5	0.01295	0.01119	0.01178	0.01060	0.01354	0.01295	0.00824	0.02767	0.77509	0.02178	0.02120	0.01943	0.01590	0.00707	0.00530	0.00177	0.00412	0.00589	0.00530	0.00824
6	0.85377	0.01007	0.00765	0.00685	0.01007	0.01168	0.00564	0.01531	0.00886	0.02336	0.00725	0.00846	0.00564	0.00483	0.00322	0.00161	0.00403	0.00282	0.00322	0.00564
7	0.85377	0.01007	0.00765	0.00685	0.01007	0.01168	0.00564	0.01531	0.00886	0.02336	0.00725	0.00846	0.00564	0.00483	0.00322	0.00161	0.00403	0.00282	0.00322	0.00564
8	0.01401	0.01171	0.01237	0.01081	0.01394	0.01345	0.00850	0.14199	0.65905	0.02349	0.01985	0.01836	0.01481	0.00694	0.00529	0.00173	0.00437	0.00570	0.00529	0.00834
9	0.85377	0.01007	0.00765	0.00685	0.01007	0.01168	0.00564	0.01531	0.00886	0.02336	0.00725	0.00846	0.00564	0.00483	0.00322	0.00161	0.00403	0.00282	0.00322	0.00564
10	0.00634	0.00453	0.00604	0.00725	0.00755	0.00423	0.00483	0.00725	0.00997	0.01329	0.02870	0.81358	0.03444	0.01632	0.00665	0.00211	0.00302	0.01480	0.00483	0.00423
11	0.00713	0.00531	0.00663	0.00630	0.00763	0.00481	0.00472	0.00936	0.01417	0.01953	0.63658	0.04113	0.19515	0.01115	0.00614	0.00166	0.00249	0.00973	0.00555	0.00481
12	0.85377	0.01007	0.00765	0.00685	0.01007	0.01168	0.00564	0.01531	0.00886	0.02336	0.00725	0.00846	0.00564	0.00483	0.00322	0.00161	0.00403	0.00282	0.00322	0.00564
13	0.01355	0.01382	0.01999	0.13844	0.48961	0.11850	0.06985	0.04387	0.01254	0.01646	0.00964	0.01263	0.00785	0.00486	0.00518	0.00156	0.00690	0.00458	0.00266	0.00753
14	0.02336	0.00886	0.01209	0.00927	0.01329	0.00765	0.00765	0.02538	0.01491	0.78810	0.02055	0.01773	0.01289	0.00645	0.00524	0.00161	0.00443	0.00524	0.00645	0.00886
15	0.00626	0.00486	0.00571	0.00639	0.00733	0.00430	0.00445	0.00735	0.01080	0.01363	0.03916	0.48151	0.35977	0.01496	0.00643	0.00196	0.00285	0.01315	0.00483	0.00430
16	0.01104	0.02087	0.46934	0.08695	0.10484	0.01240	0.16457	0.01608	0.01120	0.01619	0.00954	0.01206	0.00706	0.00495	0.00559	0.00169	0.03142	0.00447	0.00234	0.00740
17	0.01778	0.04503	0.06263	0.01168	0.03959	0.01174	0.04138	0.14303	0.23616	0.30824	0.01744	0.01627	0.01211	0.00627	0.00519	0.00163	0.00504	0.00517	0.00519	0.00842
18	0.00751	0.00543	0.00657	0.00622	0.00772	0.00483	0.00469	0.00957	0.01378	0.04471	0.51094	0.04195	0.29423	0.01136	0.00612	0.00168	0.00258	0.00980	0.00546	0.00487
19	0.00746	0.00571	0.00609	0.00585	0.00771	0.00498	0.00444	0.00951	0.04475	0.05437	0.13521	0.04586	0.62500	0.01229	0.00607	0.00174	0.00277	0.01030	0.00504	0.00485
20	0.04114	0.06522	0.08710	0.02256	0.39281	0.17068	0.06243	0.04913	0.03010	0.01678	0.00959	0.01181	0.00779	0.00492	0.00494	0.00151	0.00696	0.00427	0.00274	0.00752

[dist]
# distance from previous block
# <min> <max>
1	7

[block]
# block no. 1 follows, 47 sequences, length 128
# corresponding to MSA columns:
# 72-199
name=unknown_B
#
# <colnr> <probs for GDERKNQSTAVLIFYWHMCP>
#	G	D	E	R	K	N	Q	S	T	A	V	L	I	F	Y	W	H	M	C	P
0	0.09212	0.01048	0.05984	0.04693	0.01398	0.00814	0.00747	0.01448	0.03146	0.05176	0.00989	0.01128	0.00786	0.00429	0.00403	0.00102	0.00430	0.00335	0.00321	0.61411
1	0.01733	0.05606	0.10081	0.01295	0.04713	0.04188	0.09629	0.16648	0.09488	0.26045	0.02961	0.01503	0.01103	0.00590	0.00518	0.00159	0.00578	0.00497	0.00460	0.02206
2	0.07442	0.47871	0.06834	0.01127	0.03079	0.13925	0.06661	0.03125	0.01166	0.01442	0.02638	0.01001	0.00779	0.00484	0.00399	0.00130	0.00636	0.00343	0.00255	0.00663
3	0.01068	0.12911	0.63100	0.01338	0.02007	0.01268	0.01668	0.01570	0.01068	0.01545	0.00960	0.01239	0.00754	0.06614	0.00636	0.00184	0.00722	0.00399	0.00227	0.00722
4	0.01203	0.01915	0.36054	0.17703	0.06762	0.04319	0.13679	0.09056	0.01262	0.01738	0.00981	0.01227	0.00720	0.00504	0.00522	0.00166	0.00750	0.00448	0.00263	0.00728
5	0.00888	0.00458	0.00666	0.00666	0.00666	0.00458	0.00437	0.00687	0.00687	0.00917	0.00989	0.01792	0.01018	0.10955	0.02106	0.75193	0.00458	0.00487	0.00236	0.00236
6	0.00741	0.00574	0.00742	0.00732	0.00811	0.00615	0.00536	0.00867	0.00961	0.01303	0.09482	0.10847	0.17141	0.19289	0.26247	0.00463	0.07016	0.00826	0.00371	0.00435
7	0.00757	0.00505	0.00568	0.00568	0.00568	0.00505	0.00316	0.00757	0.00757	0.01010	0.01641	0.03408	0.01893	0.81698	0.02651	0.00505	0.00505	0.00757	0.00316	0.00316
8	0.01471	0.00700	0.00925	0.00780	0.01028	0.00629	0.00615	0.02994	0.01463	0.35960	0.36936	0.05848	0.03029	0.00874	0.00564	0.00162	0.00341	0.00750	0.04262	0.00670
9	0.72195	0.01078	0.00891	0.00766	0.01103	0.01239	0.00631	0.13414	0.01133	0.02486	0.00808	0.00910	0.00615	0.00506	0.00354	0.00160	0.00430	0.00312	0.00354	0.00615
10	0.01980	0.01459	0.01563	0.01198	0.01615	0.01615	0.00990	0.76713	0.02448	0.03282	0.01250	0.01250	0.00886	0.00625	0.00521	0.00156	0.00573	0.00469	0.00521	0.00886
11	0.01362	0.01242	0.02054	0.03006	0.71384	0.01249	0.01536	0.06492	0.01276	0.03889	0.01026	0.01299	0.00841	0.00479	0.00516	0.00155	0.00611	0.00466	0.00285	0.00830
12	0.01323	0.65871	0.13351	0.00988	0.01468	0.01863	0.02731	0.01561	0.01069	0.01323	0.00799	0.00929	0.00696	0.00459	0.00364	0.00121	0.00582	0.00309	0.03517	0.00676
13	0.04265	0.00873	0.01170	0.00904	0.01293	0.00764	0.00745	0.02462	0.01461	0.73984	0.02009	0.01757	0.01274	0.00639	0.00513	0.00160	0.00434	0.00516	0.03914	0.00863
14	0.01392	0.82012	0.02729	0.00891	0.01337	0.02061	0.00891	0.01559	0.01058	0.01225	0.00724	0.00835	0.00668	0.00446	0.00334	0.00111	0.00557	0.00278	0.00223	0.00668
15	0.00634	0.00453	0.00604	0.00725	0.00755	0.00423	0.00483	0.00725	0.00997	0.01329	0.02870	0.81358	0.03444	0.01632	0.00665	0.00211	0.00302	0.01480	0.00483	0.00423
16	0.01359	0.01079	0.01191	0.01120	0.04744	0.01217	0.00834	0.02630	0.65054	0.07928	0.02046	0.01901	0.01522	0.00687	0.00522	0.00172	0.00416	0.00574	0.04190	0.00814
17	0.01618	0.36186	0.02107	0.01421	0.13336	0.29638	0.01042	0.04707	0.01291	0.03084	0.00842	0.00979	0.00715	0.00492	0.00422	0.00129	0.00701	0.00340	0.00265	0.00683
18	0.00792	0.00601	0.00698	0.00772	0.00836	0.04007	0.00528	0.04423	0.01086	0.02789	0.02634	0.69168	0.03094	0.05007	0.00733	0.00217	0.00355	0.01333	0.00471	0.00457
19	0.01785	0.12237	0.08869	0.01138	0.01551	0.11763	0.06702	0.05025	0.06490	0.32607	0.03991	0.01587	0.01182	0.00607	0.00502	0.00155	0.00587	0.02004	0.00450	0.00768
20	0.02001	0.04484	0.15683	0.01074	0.01549	0.01041	0.01022	0.14863	0.01563	0.48786	0.01660	0.01524	0.01081	0.00606	0.00510	0.00159	0.00530	0.00479	0.00529	0.00856
21	0.01374	0.01101	0.01180	0.01050	0.01352	0.01255	0.00820	0.02750	0.71775	0.07959	0.02115	0.01930	0.01567	0.00702	0.00529	0.00175	0.00414	0.00584	0.00539	0.00829
22	0.01132	0.01168	0.02256	0.36519	0.15506	0.01234	0.31488	0.01509	0.01140	0.01526	0.00986	0.01379	0.00754	0.00479	0.00557	0.00171	0.00755	0.00524	0.00249	0.00668
23	0.01920	0.01116	0.07228	0.07443	0.03943	0.03167	0.02401	0.07933	0.02719	0.49021	0.01778	0.06302	0.01253	0.00668	0.00529	0.00165	0.00517	0.00556	0.00528	0.00811
24	0.00687	0.00491	0.00665	0.00786	0.00839	0.00469	0.00576	0.00817	0.01049	0.01389	0.02841	0.61811	0.03328	0.01582	0.00679	0.00219	0.00348	0.20504	0.00482	0.00438
25	0.00757	0.00505	0.00568	0.00568	0.00568	0.00505	0.00316	0.00757	0.00757	0.01010	0.01641	0.03408	0.01893	0.81698	0.02651	0.00505	0.00505	0.00757	0.00316	0.00316
26	0.01389	0.13111	0.35391	0.01190	0.01721	0.02649	0.03734	0.01787	0.02550	0.20061	0.05692	0.05988	0.01233	0.00624	0.00500	0.00159	0.00606	0.00507	0.00365	0.00743
27	0.01167	0.01188	0.04949	0.30892	0.46048	0.01210	0.04021	0.01506	0.01132	0.01565	0.00961	0.01321	0.00770	0.00485	0.00520	0.00163	0.00660	0.00465	0.00247	0.00730
28	0.00957	0.01214	0.19010	0.01072	0.01306	0.00997	0.01022	0.01225	0.01083	0.03321	0.22044	0.03760	0.04099	0.04329	0.08875	0.00264	0.23865	0.00632	0.00350	0.00575
29	0.01210	0.01228	0.02303	0.18150	0.40100	0.01246	0.24886	0.01567	0.01171	0.01618	0.00992	0.01345	0.00788	0.00467	0.00547	0.00165	0.00714	0.00511	0.00254	0.00738
30	0.01080	0.00926	0.01080	0.00771	0.01234	0.00694	0.00617	0.01311	0.01080	0.01697	0.00926	0.01080	0.00771	0.00386	0.00386	0.00077	0.00386	0.00309	0.00309	0.84882
31	0.01387	0.01108	0.01187	0.01052	0.01357	0.01261	0.00823	0.04157	0.70346	0.07980	0.02098	0.01917	0.01554	0.00700	0.00529	0.00175	0.00418	0.00582	0.00538	0.00830
32	0.01114	0.01098	0.01553	0.01380	0.03541	0.01514	0.01116	0.01239	0.00812	0.01263	0.00746	0.01212	0.00734	0.01125	0.07553	0.00272	0.72465	0.00464	0.00233	0.00569
33	0.00737	0.00532	0.00696	0.00655	0.00778	0.00491	0.00491	0.00983	0.01474	0.02088	0.78175	0.03890	0.04914	0.01065	0.00614	0.00164	0.00246	0.00942	0.00573	0.00491
34	0.00657	0.00529	0.00585	0.00571	0.00729	0.00457	0.00428	0.00827	0.01284	0.01638	0.29960	0.04632	0.53410	0.01233	0.00615	0.00172	0.00258	0.01046	0.00514	0.00457
35	0.01139	0.01139	0.01595	0.01367	0.01367	0.01595	0.01139	0.01253	0.00798	0.01253	0.00684	0.01139	0.00684	0.00911	0.01709	0.00228	0.80745	0.00456	0.00228	0.00570
36	0.00634	0.00453	0.00604	0.00725	0.00755	0.00423	0.00483	0.00725	0.00997	0.01329	0.02870	0.81358	0.03444	0.01632	0.00665	0.00211	0.00302	0.01480	0.00483	0.00423
37	0.02336	0.00886	0.01209	0.00927	0.01329	0.00765	0.00765	0.02538	0.01491	0.78810	0.02055	0.01773	0.01289	0.00645	0.00524	0.00161	0.00443	0.00524	0.00645	0.00886
38	0.02336	0.00886	0.01209	0.00927	0.01329	0.00765	0.00765	0.02538	0.01491	0.78810	0.02055	0.01773	0.01289	0.00645	0.00524	0.00161	0.00443	0.00524	0.00645	0.00886
39	0.00839	0.00599	0.00839	0.00959	0.01079	0.00599	0.00839	0.01079	0.01199	0.01558	0.02757	0.05874	0.02997	0.01439	0.00719	0.00240	0.00480	0.74945	0.00480	0.00480
40	0.00737	0.00532	0.00696	0.00655	0.00778	0.00491	0.00491	0.00983	0.01474	0.02088	0.78175	0.03890	0.04914	0.01065	0.00614	0.00164	0.00246	0.00942	0.00573	0.00491
41	0.85377	0.01007	0.00765	0.00685	0.01007	0.01168	0.00564	0.01531	0.00886	0.02336	0.00725	0.00846	0.00564	0.00483	0.00322	0.00161	0.00403	0.00282	0.00322	0.00564
42	0.85377	0.01007	0.00765	0.00685	0.01007	0.01168	0.00564	0.01531	0.00886	0.02336	0.00725	0.00846	0.00564	0.00483	0.00322	0.00161	0.00403	0.00282	0.00322	0.00564
43	0.00634	0.00453	0.00604	0.00725	0.00755	0.00423	0.00483	0.00725	0.00997	0.01329	0.02870	0.81358	0.03444	0.01632	0.00665	0.00211	0.00302	0.01480	0.00483	0.00423
44	0.00757	0.00506	0.00574	0.00574	0.00576	0.00508	0.00323	0.00761	0.00759	0.01014	0.01635	0.03378	0.01880	0.79988	0.04344	0.00512	0.00524	0.00753	0.00315	0.00319
45	0.01116	0.01107	0.01571	0.07317	0.01522	0.01535	0.01149	0.01250	0.00817	0.01258	0.00722	0.01184	0.00702	0.00968	0.03850	0.00241	0.72435	0.00459	0.00230	0.00567
46	0.01945	0.02482	0.01476	0.01342	0.01610	0.79608	0.01006	0.02079	0.01476	0.01275	0.00805	0.00939	0.00671	0.00537	0.00470	0.00134	0.00939	0.00335	0.00268	0.00604
47	0.00824	0.00588	0.00821	0.00941	0.01055	0.00586	0.00812	0.01052	0.01184	0.01541	0.02766	0.11568	0.03031	0.01453	0.00715	0.00238	0.00466	0.69403	0.00480	0.00475
48	0.01903	0.02173	0.01542	0.01451	0.07407	0.57302	0.01047	0.17731	0.01658	0.01729	0.00912	0.01031	0.00728	0.00550	0.00484	0.00140	0.00838	0.00373	0.00321	0.00680
49	0.01831	0.05803	0.01482	0.01284	0.01547	0.70272	0.00974	0.01970	0.01409	0.01267	0.00846	0.01018	0.00718	0.00787	0.06435	0.00186	0.00957	0.00350	0.00267	0.00596
50	0.01945	0.02482	0.01476	0.01342	0.01610	0.79608	0.01006	0.02079	0.01476	0.01275	0.00805	0.00939	0.00671	0.00537	0.00470	0.00134	0.00939	0.00335	0.00268	0.00604
51	0.00634	0.00455	0.00602	0.00719	0.00754	0.00423	0.00481	0.00726	0.01003	0.01332	0.02943	0.79042	0.05714	0.01622	0.00663	0.00210	0.00301	0.01469	0.00483	0.00423
52	0.05026	0.72498	0.08397	0.00927	0.01391	0.01957	0.00955	0.01565	0.01054	0.01306	0.00740	0.00856	0.00663	0.00451	0.00346	0.00118	0.00566	0.00287	0.00227	0.00671
53	0.00757	0.00505	0.00568	0.00568	0.00568	0.00505	0.00316	0.00757	0.00757	0.01010	0.01641	0.03408	0.01893	0.81698	0.02651	0.00505	0.00505	0.00757	0.00316	0.00316
54	0.00656	0.00462	0.00598	0.00698	0.00722	0.00437	0.00454	0.00731	0.00955	0.01273	0.02654	0.67677	0.03172	0.15684	0.01013	0.00263	0.00338	0.01354	0.00454	0.00404
55	0.00983	0.00926	0.01562	0.80447	0.03587	0.01157	0.01446	0.01331	0.01041	0.01331	0.00926	0.01388	0.00694	0.00521	0.00521	0.00174	0.00694	0.00463	0.00231	0.00579
56	0.01478	0.01584	0.01700	0.07209	0.34903	0.26312	0.01253	0.05053	0.07074	0.01624	0.01197	0.01388	0.04160	0.00562	0.00531	0.00153	0.02340	0.00460	0.00301	0.00719
57	0.01945	0.02482	0.01476	0.01342	0.01610	0.79608	0.01006	0.02079	0.01476	0.01275	0.00805	0.00939	0.00671	0.00537	0.00470	0.00134	0.00939	0.00335	0.00268	0.00604
58	0.00705	0.00502	0.00672	0.00785	0.00851	0.00480	0.00588	0.00847	0.01069	0.01418	0.02897	0.53210	0.06031	0.01536	0.00673	0.00217	0.00355	0.24300	0.02422	0.00443
59	0.01001	0.00801	0.01400	0.01178	0.01398	0.00756	0.22558	0.01260	0.04435	0.08755	0.02184	0.44044	0.02328	0.04427	0.00712	0.00207	0.00495	0.01071	0.00430	0.00561
60	0.00625	0.00531	0.00541	0.00546	0.00720	0.00447	0.00415	0.00762	0.01188	0.01413	0.05166	0.05049	0.74959	0.01324	0.00620	0.00179	0.00273	0.04317	0.00483	0.00441
61	0.01945	0.02482	0.01476	0.01342	0.01610	0.79608	0.01006	0.02079	0.01476	0.01275	0.00805	0.00939	0.00671	0.00537	0.00470	0.00134	0.00939	0.00335	0.00268	0.00604
62	0.01392	0.82012	0.02729	0.00891	0.01337	0.02061	0.00891	0.01559	0.01058	0.01225	0.00724	0.00835	0.00668	0.00446	0.00334	0.00111	0.00557	0.00278	0.00223	0.00668
63	0.01830	0.02290	0.01493	0.01345	0.01575	0.68461	0.01025	0.01961	0.01379	0.01271	0.00788	0.00968	0.00673	0.00590	0.00647	0.00148	0.12342	0.00353	0.00263	0.00599
64	0.00711	0.00531	0.00660	0.00628	0.00762	0.00480	0.00471	0.00932	0.01412	0.01941	0.62398	0.04133	0.20782	0.01120	0.00614	0.00166	0.00250	0.00976	0.00554	0.00480
65	0.00634	0.00453	0.00604	0.00725	0.00755	0.00423	0.00483	0.00725	0.00997	0.01329	0.02870	0.81358	0.03444	0.01632	0.00665	0.00211	0.00302	0.01480	0.00483	0.00423
66	0.01046	0.01018	0.02038	0.05022	0.01991	0.00964	0.42709	0.01345	0.01147	0.04542	0.01747	0.30443	0.01769	0.00883	0.00625	0.00188	0.00644	0.00919	0.00357	0.00603
67	0.01050	0.00925	0.01002	0.00965	0.01151	0.05990	0.02743	0.01801	0.36441	0.01756	0.04493	0.32746	0.02364	0.01078	0.00589	0.00189	0.00414	0.03184	0.00487	0.00632
68	0.02136	0.01032	0.01266	0.00979	0.01367	0.01003	0.00806	0.24825	0.01753	0.50824	0.01788	0.01626	0.01170	0.00636	0.00512	0.00157	0.00469	0.00505	0.06288	0.00859
69	0.01083	0.01048	0.01505	0.01415	0.07107	0.01407	0.01091	0.01224	0.00834	0.01280	0.00827	0.01305	0.00800	0.01389	0.14915	0.00326	0.61162	0.00474	0.00239	0.00571
70	0.01049	0.04139	0.74148	0.01489	0.03768	0.01210	0.01864	0.01631	0.01109	0.01652	0.02713	0.01163	0.00761	0.00506	0.00495	0.00164	0.00750	0.00397	0.00229	0.00762
71	0.00953	0.00885	0.01424	0.01211	0.01340	0.01008	0.15759	0.01157	0.03137	0.01354	0.01570	0.21357	0.01680	0.12362	0.05900	0.00287	0.24715	0.03049	0.00329	0.00523
72	0.39490	0.04603	0.01388	0.07507	0.23510	0.06529	0.00997	0.01609	0.01055	0.05259	0.00875	0.01069	0.00696	0.00503	0.00454	0.00158	0.02969	0.00367	0.00300	0.00661
73	0.00867	0.00506	0.00579	0.00561	0.00683	0.00488	0.00421	0.01111	0.01262	0.02007	0.35780	0.02810	0.02930	0.00811	0.00476	0.00140	0.00244	0.00689	0.47148	0.00488
74	0.01219	0.01076	0.04813	0.04565	0.23523	0.03232	0.04732	0.04209	0.09572	0.08458	0.17105	0.04079	0.06898	0.00731	0.00570	0.00165	0.01929	0.00645	0.01785	0.00696
75	0.01304	0.01266	0.02099	0.03154	0.76678	0.03045	0.01585	0.01609	0.01192	0.01691	0.00976	0.01281	0.00821	0.00466	0.00514	0.00154	0.00626	0.00461	0.00258	0.00820
76	0.00755	0.00529	0.00680	0.00642	0.00765	0.00491	0.00482	0.01000	0.01445	0.02077	0.72406	0.03743	0.04644	0.01030	0.00595	0.00161	0.00245	0.00907	0.06911	0.00491
77	0.00714	0.00531	0.00664	0.00631	0.00764	0.00481	0.00473	0.00938	0.01419	0.01958	0.64240	0.04104	0.18930	0.01113	0.00614	0.00166	0.00249	0.00972	0.00556	0.00481
78	0.01980	0.01459	0.01563	0.01198	0.01615	0.01615	0.00990	0.76713	0.02448	0.03282	0.01250	0.01250	0.00886	0.00625	0.00521	0.00156	0.00573	0.00469	0.00521	0.00886
79	0.00971	0.00485	0.00485	0.00485	0.00607	0.00485	0.00364	0.01213	0.01092	0.01942	0.01699	0.01942	0.01335	0.00607	0.00364	0.00121	0.00243	0.00485	0.84589	0.00485
80	0.00634	0.00453	0.00604	0.00725	0.00755	0.00423	0.00483	0.00725	0.00997	0.01329	0.02870	0.81358	0.03444	0.01632	0.00665	0.00211	0.00302	0.01480	0.00483	0.00423
81	0.01980	0.01459	0.01563	0.01198	0.01615	0.01615	0.00990	0.76713	0.02448	0.03282	0.01250	0.01250	0.00886	0.00625	0.00521	0.00156	0.00573	0.00469	0.00521	0.00886
82	0.01295	0.01119	0.01178	0.01060	0.01354	0.01295	0.00824	0.02767	0.77509	0.02178	0.02120	0.01943	0.01590	0.00707	0.00530	0.00177	0.00412	0.00589	0.00530	0.00824
83	0.00971	0.00485	0.00485	0.00485	0.00607	0.00485	0.00364	0.01213	0.01092	0.01942	0.01699	0.01942	0.01335	0.00607	0.00364	0.00121	0.00243	0.00485	0.84589	0.00485
84	0.00615	0.00528	0.00528	0.00528	0.00703	0.00440	0.00396	0.00747	0.01187	0.01407	0.05276	0.05012	0.78238	0.01319	0.00615	0.00176	0.00264	0.01099	0.00484	0.00440
85	0.00757	0.00505	0.00568	0.00568	0.00568	0.00505	0.00316	0.00757	0.00757	0.01010	0.01641	0.03408	0.01893	0.81698	0.02651	0.00505	0.00505	0.00757	0.00316	0.00316
86	0.01080	0.00926	0.01080	0.00771	0.01234	0.00694	0.00617	0.01311	0.01080	0.01697	0.00926	0.01080	0.00771	0.00386	0.00386	0.00077	0.00386	0.00309	0.00309	0.84882
87	0.01392	0.82012	0.02729	0.00891	0.01337	0.02061	0.00891	0.01559	0.01058	0.01225	0.00724	0.00835	0.00668	0.00446	0.00334	0.00111	0.00557	0.00278	0.00223	0.00668
88	0.01285	0.01265	0.02106	0.02952	0.66875	0.03952	0.07187	0.01595	0.01211	0.01700	0.04136	0.01392	0.00984	0.00489	0.00525	0.00156	0.00634	0.00490	0.00271	0.00794
89	0.01242	0.01072	0.01126	0.01018	0.01303	0.01228	0.00791	0.02608	0.71497	0.02118	0.02368	0.02185	0.07627	0.00755	0.00537	0.00177	0.00400	0.00629	0.00526	0.00794
90	0.01694	0.04777	0.01422	0.01092	0.01464	0.01412	0.00890	0.38652	0.28310	0.08428	0.01645	0.01568	0.02404	0.00651	0.00514	0.00160	0.00496	0.00512	0.00513	0.03396
91	0.00744	0.00558	0.00837	0.00837	0.00930	0.00651	0.00651	0.00930	0.00837	0.01209	0.01395	0.02046	0.01302	0.03906	0.79635	0.00837	0.01395	0.00558	0.00279	0.00465
92	0.01080	0.00926	0.01080	0.00771	0.01234	0.00694	0.00617	0.01311	0.01080	0.01697	0.00926	0.01080	0.00771	0.00386	0.00386	0.00077	0.00386	0.00309	0.00309	0.84882
93	0.00615	0.00528	0.00528	0.00528	0.00703	0.00440	0.00396	0.00747	0.01187	0.01407	0.05276	0.05012	0.78238	0.01319	0.00615	0.00176	0.00264	0.01099	0.00484	0.00440
94	0.01404	0.80405	0.02706	0.00897	0.01342	0.02052	0.00893	0.03058	0.01086	0.01266	0.00734	0.00844	0.00673	0.00449	0.00338	0.00112	0.00557	0.00282	0.00229	0.00673
95	0.01045	0.02694	0.79000	0.01484	0.02254	0.01209	0.01924	0.01649	0.01099	0.01649	0.00935	0.01099	0.00660	0.00495	0.00495	0.00165	0.00770	0.00385	0.00220	0.00770
96	0.01347	0.01144	0.01207	0.01070	0.01374	0.01319	0.00837	0.08345	0.71847	0.02262	0.02054	0.01891	0.01537	0.00700	0.00529	0.00175	0.00424	0.00580	0.00529	0.00829
97	0.00839	0.00599	0.00839	0.00959	0.01079	0.00599	0.00839	0.01079	0.01199	0.01558	0.02757	0.05874	0.02997	0.01439	0.00719	0.00240	0.00480	0.74945	0.00480	0.00480
98	0.00693	0.00531	0.00634	0.00608	0.00751	0.00472	0.00456	0.00897	0.01369	0.01839	0.51468	0.04301	0.31777	0.01158	0.00615	0.00168	0.00252	0.00999	0.00540	0.00472
99	0.01139	0.01139	0.01595	0.01367	0.01367	0.01595	0.01139	0.01253	0.00798	0.01253	0.00684	0.01139	0.00684	0.00911	0.01709	0.00228	0.80745	0.00456	0.00228	0.00570
100	0.01873	0.02365	0.01482	0.07309	0.01759	0.73690	0.01039	0.02023	0.01443	0.01279	0.00814	0.00973	0.00673	0.00535	0.00473	0.00137	0.00921	0.00345	0.00266	0.00602
101	0.85377	0.01007	0.00765	0.00685	0.01007	0.01168	0.00564	0.01531	0.00886	0.02336	0.00725	0.00846	0.00564	0.00483	0.00322	0.00161	0.00403	0.00282	0.00322	0.00564
102	0.01080	0.00926	0.01080	0.00771	0.01234	0.00694	0.00617	0.01311	0.01080	0.01697	0.00926	0.01080	0.00771	0.00386	0.00386	0.00077	0.00386	0.00309	0.00309	0.84882
103	0.01080	0.00926	0.01080	0.00771	0.01234	0.00694	0.00617	0.01311	0.01080	0.01697	0.00926	0.01080	0.00771	0.00386	0.00386	0.00077	0.00386	0.00309	0.00309	0.84882
104	0.01139	0.01139	0.01595	0.01367	0.01367	0.01595	0.01139	0.01253	0.00798	0.01253	0.00684	0.01139	0.00684	0.00911	0.01709	0.00228	0.80745	0.00456	0.00228	0.00570
105	0.01296	0.27755	0.04896	0.06907	0.01522	0.01319	0.00871	0.10477	0.03078	0.02979	0.03461	0.01167	0.00904	0.00483	0.00413	0.00115	0.00500	0.00363	0.00316	0.31178
106	0.01980	0.01459	0.01563	0.01198	0.01615	0.01615	0.00990	0.76713	0.02448	0.03282	0.01250	0.01250	0.00886	0.00625	0.00521	0.00156	0.00573	0.00469	0.00521	0.00886
107	0.01945	0.02482	0.01476	0.01342	0.01610	0.79608	0.01006	0.02079	0.01476	0.01275	0.00805	0.00939	0.00671	0.00537	0.00470	0.00134	0.00939	0.00335	0.00268	0.00604
108	0.00749	0.00536	0.00728	0.00728	0.00783	0.00592	0.00515	0.00860	0.00805	0.01128	0.01495	0.02600	0.01542	0.35536	0.48333	0.00702	0.01033	0.00639	0.00294	0.00404
109	0.85377	0.01007	0.00765	0.00685	0.01007	0.01168	0.00564	0.01531	0.00886	0.02336	0.00725	0.00846	0.00564	0.00483	0.00322	0.00161	0.00403	0.00282	0.00322	0.00564
110	0.00744	0.00558	0.00837	0.00837	0.00930	0.00651	0.00651	0.00930	0.00837	0.01209	0.01395	0.02046	0.01302	0.03906	0.79635	0.00837	0.01395	0.00558	0.00279	0.00465
111	0.01980	0.01459	0.01563	0.01198	0.01615	0.01615	0.00990	0.76713	0.02448	0.03282	0.01250	0.01250	0.00886	0.00625	0.00521	0.00156	0.00573	0.00469	0.00521	0.00886
112	0.00796	0.00635	0.00937	0.00907	0.00988	0.00776	0.00715	0.00973	0.00832	0.01215	0.01301	0.01926	0.01220	0.03511	0.69353	0.00757	0.11864	0.00544	0.00272	0.00479
113	0.02336	0.00886	0.01209	0.00927	0.01329	0.00765	0.00765	0.02538	0.01491	0.78810	0.02055	0.01773	0.01289	0.00645	0.00524	0.00161	0.00443	0.00524	0.00645	0.00886
114	0.01289	0.01237	0.02114	0.03196	0.78450	0.01237	0.01598	0.01598	0.01186	0.01701	0.00980	0.01289	0.00825	0.00464	0.00516	0.00155	0.00619	0.00464	0.00258	0.00825
115	0.00983	0.00926	0.01562	0.80447	0.03587	0.01157	0.01446	0.01331	0.01041	0.01331	0.00926	0.01388	0.00694	0.00521	0.00521	0.00174	0.00694	0.00463	0.00231	0.00579
116	0.00696	0.00497	0.00675	0.00795	0.00852	0.00476	0.00590	0.00831	0.01058	0.01398	0.02836	0.58714	0.03310	0.01574	0.00681	0.00220	0.00355	0.23518	0.00482	0.00440
117	0.00615	0.00528	0.00528	0.00528	0.00703	0.00440	0.00396	0.00747	0.01187	0.01407	0.05276	0.05012	0.78238	0.01319	0.00615	0.00176	0.00264	0.01099	0.00484	0.00440
118	0.01392	0.82012	0.02729	0.00891	0.01337	0.02061	0.00891	0.01559	0.01058	0.01225	0.00724	0.00835	0.00668	0.00446	0.00334	0.00111	0.00557	0.00278	0.00223	0.00668
119	0.00679	0.00530	0.00615	0.00594	0.00742	0.00467	0.00445	0.00870	0.01336	0.01761	0.43181	0.04428	0.40112	0.01187	0.00615	0.00170	0.00254	0.01017	0.00530	0.00467
120	0.01079	0.01095	0.02074	0.01602	0.01954	0.01067	0.42723	0.01594	0.13707	0.01664	0.01736	0.21693	0.01655	0.00813	0.00616	0.00187	0.00645	0.03083	0.00369	0.00646
121	0.01945	0.02482	0.01476	0.01342	0.01610	0.79608	0.01006	0.02079	0.01476	0.01275	0.00805	0.00939	0.00671	0.00537	0.00470	0.00134	0.00939	0.00335	0.00268	0.00604
122	0.01088	0.01064	0.01605	0.30979	0.05555	0.01416	0.01274	0.01297	0.00905	0.01302	0.00787	0.01239	0.00694	0.00746	0.01213	0.00204	0.47358	0.00459	0.00230	0.00584
123	0.08739	0.00896	0.01174	0.00908	0.01305	0.00796	0.00750	0.02460	0.01444	0.72914	0.01952	0.01701	0.01233	0.00632	0.00508	0.00161	0.00440	0.00505	0.00620	0.00861
124	0.00744	0.00558	0.00837	0.00837	0.00930	0.00651	0.00651	0.00930	0.00837	0.01209	0.01395	0.02046	0.01302	0.03906	0.79635	0.00837	0.01395	0.00558	0.00279	0.00465
125	0.01410	0.01432	0.01425	0.01253	0.01374	0.24209	0.01004	0.01547	0.01054	0.07104	0.00922	0.01255	0.00812	0.01199	0.12115	0.00280	0.40300	0.00440	0.00278	0.00589
126	0.01770	0.47484	0.10592	0.01610	0.02123	0.01964	0.20778	0.01912	0.01410	0.01849	0.01326	0.01692	0.01161	0.00772	0.00640	0.00225	0.00817	0.00543	0.00402	0.00929
127	0.01251	0.01257	0.02318	0.08767	0.53383	0.01252	0.20810	0.01596	0.01186	0.01665	0.00994	0.01326	0.00806	0.00462	0.00541	0.00161	0.00691	0.00503	0.00257	0.00775

[dist]
# distance from previous block
# <min> <max>
0	2

[block]
# block no. 2 follows, 47 sequences, length 23
# corresponding to MSA columns:
# 202-224
name=unknown_C
#
# <colnr> <probs for GDERKNQSTAVLIFYWHMCP>
#	G	D	E	R	K	N	Q	S	T	A	V	L	I	F	Y	W	H	M	C	P
0	0.00984	0.00904	0.01063	0.00996	0.01096	0.09673	0.00782	0.02991	0.00938	0.01270	0.01197	0.01769	0.01120	0.05105	0.51780	0.00616	0.16416	0.00517	0.00275	0.00507
1	0.67086	0.03164	0.00963	0.00873	0.05509	0.01161	0.00665	0.03417	0.01012	0.10838	0.00901	0.00984	0.00670	0.00503	0.00361	0.00159	0.00428	0.00324	0.00357	0.00625
2	0.01141	0.20518	0.01571	0.22380	0.01791	0.01248	0.00940	0.01372	0.01031	0.02987	0.01018	0.01301	0.00836	0.00567	0.00611	0.00145	0.12832	0.00406	0.17297	0.10006
3	0.00809	0.00629	0.00859	0.00938	0.03831	0.00610	0.03090	0.02800	0.03363	0.01546	0.04679	0.25665	0.16988	0.01353	0.00662	0.00210	0.00404	0.30600	0.00471	0.00496
4	0.00753	0.00524	0.00663	0.00663	0.00696	0.00557	0.00435	0.00819	0.00786	0.01080	0.01554	0.02924	0.01683	0.54077	0.29985	0.00623	0.00821	0.00687	0.00303	0.00369
5	0.01356	0.01178	0.01210	0.01076	0.01378	0.03482	0.00840	0.07371	0.70713	0.02222	0.02029	0.01872	0.01520	0.00697	0.00528	0.00174	0.00437	0.00574	0.00522	0.00822
6	0.01980	0.01459	0.01563	0.01198	0.01615	0.01615	0.00990	0.76713	0.02448	0.03282	0.01250	0.01250	0.00886	0.00625	0.00521	0.00156	0.00573	0.00469	0.00521	0.00886
7	0.00718	0.00532	0.00670	0.00635	0.00766	0.00483	0.00476	0.00946	0.01429	0.01982	0.66808	0.04065	0.16347	0.01104	0.00614	0.00166	0.00249	0.00966	0.00559	0.00483
8	0.00652	0.00529	0.00578	0.00566	0.00726	0.00455	0.00424	0.00818	0.01273	0.01611	0.27124	0.04676	0.56263	0.01243	0.00615	0.00172	0.00258	0.01052	0.00510	0.00455
9	0.01080	0.00926	0.01080	0.00771	0.01234	0.00694	0.00617	0.01311	0.01080	0.01697	0.00926	0.01080	0.00771	0.00386	0.00386	0.00077	0.00386	0.00309	0.00309	0.84882
10	0.01007	0.00556	0.00563	0.00550	0.00690	0.00576	0.00415	0.01387	0.09630	0.01968	0.01746	0.01942	0.01363	0.00618	0.00383	0.00128	0.00262	0.00497	0.75197	0.00523
11	0.01945	0.02482	0.01476	0.01342	0.01610	0.79608	0.01006	0.02079	0.01476	0.01275	0.00805	0.00939	0.00671	0.00537	0.00470	0.00134	0.00939	0.00335	0.00268	0.00604
12	0.00666	0.00530	0.00598	0.00581	0.00735	0.00461	0.00436	0.00846	0.01307	0.01693	0.35853	0.04541	0.47483	0.01212	0.00615	0.00171	0.00256	0.01033	0.00521	0.00461
13	0.00755	0.00514	0.00613	0.00613	0.00629	0.00530	0.00372	0.00787	0.00771	0.01043	0.01599	0.03178	0.01793	0.68543	0.15669	0.00561	0.00655	0.00724	0.00309	0.00341
14	0.85377	0.01007	0.00765	0.00685	0.01007	0.01168	0.00564	0.01531	0.00886	0.02336	0.00725	0.00846	0.00564	0.00483	0.00322	0.00161	0.00403	0.00282	0.00322	0.00564
15	0.01220	0.00921	0.01094	0.00789	0.01245	0.00702	0.00634	0.01448	0.01126	0.10313	0.01052	0.01157	0.00829	0.00415	0.00401	0.00087	0.00392	0.00333	0.00346	0.75497
16	0.01127	0.01132	0.01431	0.01255	0.01292	0.07645	0.01025	0.01252	0.00857	0.01241	0.00838	0.01337	0.00819	0.03630	0.14597	0.00329	0.58931	0.00472	0.00242	0.00548
17	0.01392	0.82012	0.02729	0.00891	0.01337	0.02061	0.00891	0.01559	0.01058	0.01225	0.00724	0.00835	0.00668	0.00446	0.00334	0.00111	0.00557	0.00278	0.00223	0.00668
18	0.01945	0.02482	0.01476	0.01342	0.01610	0.79608	0.01006	0.02079	0.01476	0.01275	0.00805	0.00939	0.00671	0.00537	0.00470	0.00134	0.00939	0.00335	0.00268	0.00604
19	0.00750	0.00536	0.00724	0.00724	0.00778	0.00589	0.00510	0.00857	0.00803	0.01125	0.01498	0.02619	0.01551	0.36667	0.47214	0.00697	0.01020	0.00642	0.00294	0.00402
20	0.01269	0.01272	0.01693	0.06367	0.39258	0.11566	0.03027	0.01654	0.08837	0.01687	0.10535	0.01702	0.02986	0.00617	0.00596	0.00161	0.05195	0.00534	0.00326	0.00716
21	0.01027	0.00946	0.03882	0.00770	0.01212	0.00685	0.00640	0.01261	0.01093	0.01663	0.01412	0.01520	0.09423	0.00494	0.00415	0.00091	0.00386	0.00400	0.00325	0.72356
22	0.25028	0.10482	0.42394	0.01157	0.01729	0.01282	0.01338	0.01692	0.05428	0.03705	0.00948	0.01064	0.00702	0.00502	0.00432	0.00159	0.00615	0.00359	0.00277	0.00707

[dist]
# distance from previous block
# <min> <max>
0	1

[block]
# block no. 3 follows, 47 sequences, length 15
# corresponding to MSA columns:
# 226-240
name=unknown_D
#
# <colnr> <probs for GDERKNQSTAVLIFYWHMCP>
#	G	D	E	R	K	N	Q	S	T	A	V	L	I	F	Y	W	H	M	C	P
0	0.07282	0.01430	0.01512	0.01166	0.01576	0.01587	0.00963	0.71933	0.02349	0.03222	0.01217	0.01225	0.00865	0.00616	0.00508	0.00157	0.00562	0.00457	0.00508	0.00865
1	0.01139	0.01139	0.01595	0.01367	0.01367	0.01595	0.01139	0.01253	0.00798	0.01253	0.00684	0.01139	0.00684	0.00911	0.01709	0.00228	0.80745	0.00456	0.00228	0.00570
2	0.00737	0.00532	0.00696	0.00655	0.00778	0.00491	0.00491	0.00983	0.01474	0.02088	0.78175	0.03890	0.04914	0.01065	0.00614	0.00164	0.00246	0.00942	0.00573	0.00491
3	0.00615	0.00528	0.00528	0.00528	0.00703	0.00440	0.00396	0.00747	0.01187	0.01407	0.05276	0.05012	0.78238	0.01319	0.00615	0.00176	0.00264	0.01099	0.00484	0.00440
4	0.01080	0.00926	0.01080	0.00771	0.01234	0.00694	0.00617	0.01311	0.01080	0.01697	0.00926	0.01080	0.00771	0.00386	0.00386	0.00077	0.00386	0.00309	0.00309	0.84882
5	0.85377	0.01007	0.00765	0.00685	0.01007	0.01168	0.00564	0.01531	0.00886	0.02336	0.00725	0.00846	0.00564	0.00483	0.00322	0.00161	0.00403	0.00282	0.00322	0.00564
6	0.00814	0.00582	0.00811	0.00931	0.01040	0.00578	0.00796	0.01036	0.01174	0.01531	0.02771	0.14978	0.03051	0.01462	0.00713	0.00236	0.00458	0.66084	0.00480	0.00473
7	0.00621	0.00528	0.00536	0.00534	0.00707	0.00442	0.00400	0.00759	0.01201	0.01440	0.08801	0.04958	0.74693	0.01307	0.00615	0.00175	0.00263	0.01091	0.00488	0.00442
8	0.01345	0.01430	0.01319	0.01178	0.01311	0.26868	0.00923	0.06217	0.01130	0.01362	0.00980	0.01439	0.00912	0.07403	0.17632	0.00341	0.26912	0.00461	0.00277	0.00560
9	0.01020	0.00963	0.01629	0.71130	0.12616	0.01167	0.01465	0.01363	0.01059	0.01375	0.00932	0.01376	0.00710	0.00514	0.00520	0.00171	0.00685	0.00463	0.00235	0.00608
10	0.00959	0.00591	0.00814	0.00886	0.01013	0.00567	0.00725	0.01150	0.01174	0.10807	0.02706	0.27806	0.02924	0.01400	0.00679	0.00222	0.00422	0.44143	0.00501	0.00512
11	0.00998	0.00931	0.01323	0.01177	0.01210	0.01256	0.00964	0.01137	0.00812	0.01237	0.00939	0.01464	0.00905	0.01985	0.29659	0.00446	0.52284	0.00492	0.00246	0.00532
12	0.01226	0.03875	0.29315	0.06481	0.19720	0.05570	0.21101	0.03529	0.01203	0.01658	0.00971	0.01227	0.00740	0.00479	0.00527	0.00163	0.00758	0.00464	0.00251	0.00745
13	0.00860	0.00530	0.00692	0.00748	0.00840	0.00491	0.00523	0.01009	0.03209	0.10724	0.05137	0.63831	0.06482	0.01456	0.00640	0.00201	0.00319	0.01307	0.00507	0.00493
14	0.00727	0.00586	0.00755	0.10942	0.01163	0.00569	0.00639	0.00923	0.01203	0.01536	0.16615	0.11522	0.34647	0.01223	0.00627	0.00189	0.00360	0.14836	0.00466	0.00472

[dist]
# distance from previous block
# <min> <max>
1	3

[block]
# block no. 4 follows, 47 sequences, length 73
# corresponding to MSA columns:
# 244-316
name=unknown_E
#
# <colnr> <probs for GDERKNQSTAVLIFYWHMCP>
#	G	D	E	R	K	N	Q	S	T	A	V	L	I	F	Y	W	H	M	C	P
0	0.01592	0.20455	0.05620	0.02744	0.07606	0.25615	0.13198	0.03807	0.01309	0.08740	0.02686	0.01186	0.00859	0.00522	0.00496	0.00144	0.02011	0.00418	0.00301	0.00690
1	0.03143	0.01019	0.01286	0.01219	0.11795	0.00954	0.02721	0.05658	0.16954	0.05244	0.03839	0.04096	0.01196	0.00554	0.00467	0.00128	0.00441	0.00472	0.00387	0.38426
2	0.03223	0.39196	0.27646	0.08628	0.01909	0.01624	0.04137	0.05429	0.01144	0.01523	0.00852	0.01017	0.00681	0.00479	0.00424	0.00141	0.00649	0.00353	0.00242	0.00703
3	0.00972	0.00894	0.02763	0.01177	0.07423	0.00873	0.10995	0.01545	0.21158	0.01845	0.22483	0.10273	0.13575	0.00918	0.00587	0.00174	0.00423	0.00830	0.00466	0.00625
4	0.01263	0.02517	0.01188	0.04976	0.02925	0.08172	0.00729	0.01487	0.01160	0.08476	0.02623	0.02492	0.00931	0.00466	0.00424	0.00101	0.00462	0.00372	0.00336	0.58899
5	0.01150	0.09216	0.39209	0.03709	0.02397	0.01328	0.32312	0.01641	0.01147	0.01611	0.00964	0.01208	0.00715	0.00468	0.00530	0.00165	0.00793	0.00471	0.00238	0.00728
6	0.01352	0.01867	0.33130	0.02920	0.08706	0.03481	0.01387	0.21365	0.12508	0.02123	0.01314	0.01404	0.02931	0.00662	0.02402	0.00179	0.00658	0.00466	0.00357	0.00789
7	0.02830	0.08002	0.53433	0.01478	0.02136	0.04713	0.10245	0.08087	0.01239	0.01758	0.00951	0.01117	0.00693	0.00498	0.00495	0.00160	0.00750	0.00407	0.00255	0.00754
8	0.01274	0.01210	0.01997	0.06961	0.67357	0.01239	0.01518	0.01694	0.08356	0.01727	0.01084	0.01356	0.00890	0.00490	0.00517	0.00158	0.00603	0.00476	0.00282	0.00812
9	0.00883	0.00717	0.03334	0.00928	0.08170	0.00631	0.00652	0.03120	0.02948	0.05039	0.46862	0.03591	0.19095	0.01006	0.00594	0.00165	0.00321	0.00875	0.00515	0.00554
10	0.00746	0.00500	0.00571	0.00583	0.00586	0.00497	0.00331	0.00754	0.00780	0.01040	0.01756	0.10739	0.02039	0.74169	0.02464	0.00477	0.00486	0.00825	0.00331	0.00326
11	0.01402	0.01212	0.01217	0.01058	0.01360	0.06662	0.00829	0.15496	0.49910	0.02289	0.09099	0.01916	0.01699	0.00707	0.00529	0.00166	0.00460	0.00577	0.00509	0.02904
12	0.00725	0.00532	0.00680	0.00643	0.00771	0.00486	0.00482	0.00960	0.01446	0.02021	0.71019	0.04000	0.12111	0.01090	0.00614	0.00165	0.00247	0.00957	0.00564	0.00486
13	0.00748	0.00542	0.00754	0.00754	0.00818	0.00606	0.00547	0.00876	0.00812	0.01147	0.01471	0.02468	0.01485	0.28005	0.55786	0.00734	0.01119	0.00620	0.00290	0.00419
14	0.85377	0.01007	0.00765	0.00685	0.01007	0.01168	0.00564	0.01531	0.00886	0.02336	0.00725	0.00846	0.00564	0.00483	0.00322	0.00161	0.00403	0.00282	0.00322	0.00564
15	0.01678	0.01309	0.01393	0.01137	0.01500	0.01474	0.00917	0.44168	0.35484	0.02796	0.01633	0.01555	0.01195	0.00661	0.00525	0.00165	0.00502	0.00522	0.00525	0.00859
16	0.85377	0.01007	0.00765	0.00685	0.01007	0.01168	0.00564	0.01531	0.00886	0.02336	0.00725	0.00846	0.00564	0.00483	0.00322	0.00161	0.00403	0.00282	0.00322	0.00564
17	0.01228	0.01160	0.01937	0.12294	0.61858	0.01196	0.01505	0.01589	0.04504	0.01670	0.01119	0.01578	0.00960	0.00534	0.00528	0.00163	0.00611	0.04511	0.00279	0.00776
18	0.01080	0.00926	0.01080	0.00771	0.01234	0.00694	0.00617	0.01311	0.01080	0.01697	0.00926	0.01080	0.00771	0.00386	0.00386	0.00077	0.00386	0.00309	0.00309	0.84882
19	0.00667	0.00498	0.00694	0.08222	0.01022	0.00492	0.00574	0.00782	0.01001	0.01329	0.02687	0.73838	0.03186	0.01527	0.00651	0.00208	0.00339	0.01385	0.00460	0.00438
20	0.00983	0.00926	0.01562	0.80447	0.03587	0.01157	0.01446	0.01331	0.01041	0.01331	0.00926	0.01388	0.00694	0.00521	0.00521	0.00174	0.00694	0.00463	0.00231	0.00579
21	0.01229	0.01405	0.03073	0.02195	0.02722	0.01317	0.76558	0.01668	0.01229	0.01668	0.01054	0.01405	0.00790	0.00439	0.00615	0.00176	0.00878	0.00615	0.00263	0.00702
22	0.00757	0.00505	0.00568	0.00568	0.00568	0.00505	0.00316	0.00757	0.00757	0.01010	0.01641	0.03408	0.01893	0.81698	0.02651	0.00505	0.00505	0.00757	0.00316	0.00316
23	0.00636	0.00528	0.00557	0.00549	0.00716	0.00449	0.00412	0.00788	0.01236	0.01524	0.17811	0.04819	0.65630	0.01275	0.00615	0.00174	0.00261	0.01072	0.00499	0.00449
24	0.00744	0.00558	0.00837	0.00837	0.00930	0.00651	0.00651	0.00930	0.00837	0.01209	0.01395	0.02046	0.01302	0.03906	0.79635	0.00837	0.01395	0.00558	0.00279	0.00465
25	0.01980	0.01459	0.01563	0.01198	0.01615	0.01615	0.00990	0.76713	0.02448	0.03282	0.01250	0.01250	0.00886	0.00625	0.00521	0.00156	0.00573	0.00469	0.00521	0.00886
26	0.00668	0.00508	0.00675	0.02964	0.00861	0.00505	0.00536	0.00771	0.01004	0.01332	0.02911	0.68435	0.09669	0.01537	0.00710	0.00208	0.04439	0.01367	0.00463	0.00436
27	0.01392	0.82012	0.02729	0.00891	0.01337	0.02061	0.00891	0.01559	0.01058	0.01225	0.00724	0.00835	0.00668	0.00446	0.00334	0.00111	0.00557	0.00278	0.00223	0.00668
28	0.00634	0.00453	0.00604	0.00725	0.00755	0.00423	0.00483	0.00725	0.00997	0.01329	0.02870	0.81358	0.03444	0.01632	0.00665	0.00211	0.00302	0.01480	0.00483	0.00423
29	0.02336	0.00886	0.01209	0.00927	0.01329	0.00765	0.00765	0.02538	0.01491	0.78810	0.02055	0.01773	0.01289	0.00645	0.00524	0.00161	0.00443	0.00524	0.00645	0.00886
30	0.01189	0.01577	0.21960	0.11962	0.49792	0.01221	0.01665	0.01580	0.01146	0.01644	0.00961	0.01252	0.00767	0.00479	0.00511	0.00160	0.00667	0.00443	0.00245	0.00781
31	0.00634	0.00453	0.00604	0.00725	0.00755	0.00423	0.00483	0.00725	0.00997	0.01329	0.02870	0.81358	0.03444	0.01632	0.00665	0.00211	0.00302	0.01480	0.00483	0.00423
32	0.00809	0.00597	0.00728	0.00774	0.00881	0.00594	0.00604	0.01050	0.06727	0.01415	0.02833	0.04701	0.16083	0.25019	0.01256	0.00302	0.00443	0.34298	0.00436	0.00450
33	0.00638	0.00519	0.00565	0.00573	0.00722	0.00446	0.00422	0.00785	0.01213	0.01513	0.17330	0.13999	0.56833	0.01313	0.00621	0.00178	0.00265	0.01118	0.00499	0.00446
34	0.00905	0.00452	0.00678	0.00678	0.00678	0.00452	0.00452	0.00678	0.00678	0.00905	0.00905	0.01583	0.00905	0.01809	0.02035	0.84848	0.00452	0.00452	0.00226	0.00226
35	0.00848	0.00648	0.00791	0.00735	0.00892	0.00651	0.00557	0.01336	0.16532	0.02106	0.63113	0.03504	0.04255	0.00994	0.00598	0.00166	0.00279	0.00872	0.00565	0.00557
36	0.00661	0.00473	0.00633	0.00742	0.00787	0.00444	0.00517	0.00777	0.01050	0.01405	0.08205	0.68761	0.03507	0.01573	0.00666	0.00211	0.00315	0.08351	0.00489	0.00433
37	0.01158	0.10232	0.01663	0.63834	0.03116	0.01224	0.01318	0.01470	0.01085	0.08605	0.01009	0.01361	0.00747	0.00524	0.00500	0.00165	0.00655	0.00447	0.00269	0.00618
38	0.01567	0.03590	0.12966	0.01429	0.03490	0.33938	0.04910	0.10087	0.01343	0.01576	0.00860	0.01073	0.00706	0.00620	0.00775	0.00165	0.19564	0.00401	0.00278	0.00663
39	0.00744	0.00558	0.00837	0.00837	0.00930	0.00651	0.00651	0.00930	0.00837	0.01209	0.01395	0.02046	0.01302	0.03906	0.79635	0.00837	0.01395	0.00558	0.00279	0.00465
40	0.01399	0.43880	0.21545	0.01161	0.01646	0.16226	0.02718	0.01674	0.01143	0.01350	0.00797	0.00939	0.00669	0.00486	0.00437	0.00133	0.02558	0.00327	0.00231	0.00680
41	0.01862	0.05710	0.08905	0.01209	0.01661	0.01600	0.01073	0.65796	0.02250	0.03023	0.01194	0.01215	0.00853	0.00604	0.00509	0.00155	0.00591	0.00451	0.00477	0.00864
42	0.00755	0.00540	0.00682	0.00641	0.00779	0.00490	0.00483	0.00981	0.01430	0.03732	0.65068	0.04017	0.16268	0.01095	0.00612	0.00166	0.00253	0.00957	0.00561	0.00492
43	0.01130	0.11100	0.66880	0.01406	0.02123	0.01321	0.01766	0.05493	0.01164	0.01688	0.00928	0.01079	0.00672	0.00496	0.00479	0.00159	0.00737	0.00378	0.00236	0.00765
44	0.01080	0.00926	0.01080	0.00771	0.01234	0.00694	0.00617	0.01311	0.01080	0.01697	0.00926	0.01080	0.00771	0.00386	0.00386	0.00077	0.00386	0.00309	0.00309	0.84882
45	0.00621	0.00517	0.00542	0.00558	0.00712	0.00438	0.00410	0.00750	0.01167	0.01411	0.06588	0.15776	0.66006	0.01357	0.00622	0.00181	0.00269	0.01149	0.00486	0.00438
46	0.00636	0.00528	0.00556	0.00549	0.00716	0.00448	0.00412	0.00787	0.01235	0.01521	0.17480	0.04824	0.65963	0.01276	0.00615	0.00174	0.00261	0.01073	0.00499	0.00448
47	0.00634	0.00453	0.00604	0.00725	0.00755	0.00423	0.00483	0.00725	0.00997	0.01329	0.02870	0.81358	0.03444	0.01632	0.00665	0.00211	0.00302	0.01480	0.00483	0.00423
48	0.01980	0.01459	0.01563	0.01198	0.01615	0.01615	0.00990	0.76713	0.02448	0.03282	0.01250	0.01250	0.00886	0.00625	0.00521	0.00156	0.00573	0.00469	0.00521	0.00886
49	0.00872	0.00562	0.00739	0.00678	0.00824	0.00514	0.00514	0.01114	0.01475	0.08549	0.71765	0.03712	0.04608	0.01029	0.00607	0.00164	0.00262	0.00907	0.00579	0.00525
