[name]
unknown

[dist]
# distance from previous block
# <min> <max>
0	37

[block]
# block no. 0 follows, 53 sequences, length 30
# corresponding to MSA columns:
# 37-66
name=unknown_A
#
# <colnr> <probs for GDERKNQSTAVLIFYWHMCP>
#	G	D	E	R	K	N	Q	S	T	A	V	L	I	F	Y	W	H	M	C	P
0	0.00750	0.00536	0.00748	0.00858	0.00959	0.00533	0.00736	0.00956	0.01081	0.01408	0.02542	0.13520	0.02794	0.01339	0.00655	0.00217	0.00423	0.69069	0.00440	0.00435
1	0.01019	0.02344	0.72433	0.01421	0.05717	0.01133	0.01702	0.05966	0.01084	0.01602	0.00876	0.01025	0.00625	0.00460	0.00456	0.00150	0.00689	0.00361	0.00219	0.00715
2	0.00577	0.00437	0.00533	0.00610	0.00679	0.00393	0.00419	0.00672	0.00968	0.01242	0.03309	0.58973	0.26644	0.01410	0.00596	0.00184	0.00267	0.01252	0.00444	0.00393
3	0.00752	0.00646	0.02543	0.00663	0.00822	0.00613	0.00505	0.01170	0.19021	0.01534	0.17702	0.12256	0.29956	0.08789	0.00725	0.00191	0.00306	0.00868	0.00449	0.00488
4	0.81322	0.00917	0.00728	0.00642	0.00943	0.01049	0.00529	0.01463	0.00848	0.07026	0.00741	0.00829	0.00559	0.00453	0.00307	0.00148	0.00372	0.00273	0.00314	0.00536
5	0.01254	0.12447	0.01190	0.00907	0.02828	0.16881	0.00688	0.08002	0.09297	0.05141	0.01141	0.04756	0.01008	0.04639	0.04635	0.19882	0.00555	0.00447	0.03789	0.00514
6	0.00654	0.00488	0.00608	0.00578	0.00700	0.00442	0.00434	0.00859	0.01301	0.01792	0.65051	0.03775	0.19505	0.01023	0.00564	0.00153	0.00229	0.00893	0.00510	0.00442
7	0.01134	0.01110	0.01945	0.02536	0.58168	0.01137	0.11797	0.01413	0.01051	0.01502	0.00938	0.01309	0.00805	0.00608	0.03951	0.00178	0.07317	0.02158	0.00240	0.00702
8	0.01567	0.01771	0.01285	0.04615	0.07868	0.52061	0.00898	0.08416	0.01340	0.01454	0.00903	0.01055	0.00728	0.00499	0.00426	0.00125	0.00704	0.00351	0.11600	0.02333
9	0.00706	0.03614	0.00823	0.00760	0.00854	0.00640	0.00593	0.00868	0.00773	0.01102	0.01267	0.01888	0.01196	0.06786	0.74989	0.00731	0.01217	0.00510	0.00256	0.00428
10	0.03283	0.41096	0.29832	0.01045	0.01499	0.01494	0.01154	0.01401	0.00953	0.01294	0.00802	0.03953	0.00705	0.00511	0.00502	0.00135	0.09150	0.00348	0.00215	0.00626
11	0.00830	0.00415	0.00623	0.00623	0.00623	0.00415	0.00415	0.00623	0.00623	0.00830	0.00830	0.01453	0.00830	0.01660	0.01868	0.86094	0.00415	0.00415	0.00208	0.00208
12	0.86579	0.00924	0.00702	0.00629	0.00924	0.01072	0.00518	0.01405	0.00813	0.02144	0.00666	0.00776	0.00518	0.00444	0.00296	0.00148	0.00370	0.00259	0.00296	0.00518
13	0.01139	0.01091	0.01861	0.15296	0.68201	0.01124	0.01445	0.01428	0.01068	0.01508	0.00891	0.01197	0.00738	0.00434	0.00474	0.00145	0.00579	0.00426	0.00233	0.00722
14	0.00864	0.00744	0.01053	0.06133	0.20419	0.02886	0.01819	0.04393	0.03224	0.01451	0.06749	0.40825	0.05460	0.01025	0.00549	0.00170	0.00402	0.00928	0.00379	0.00528
15	0.82664	0.04713	0.00785	0.00637	0.00938	0.01110	0.00531	0.01406	0.00821	0.02098	0.00665	0.00776	0.00522	0.00442	0.00296	0.00146	0.00376	0.00259	0.00292	0.00522
16	0.06538	0.03307	0.07168	0.02463	0.12183	0.10408	0.03769	0.08800	0.03071	0.04853	0.01870	0.03185	0.18948	0.00658	0.00483	0.00140	0.01709	0.00535	0.00337	0.09574
17	0.03244	0.25402	0.09896	0.04886	0.01673	0.19857	0.12044	0.11748	0.01241	0.01509	0.00815	0.00972	0.00655	0.00474	0.00465	0.00133	0.03741	0.00358	0.00258	0.00631
18	0.01817	0.01339	0.01434	0.01100	0.01482	0.01482	0.00908	0.78627	0.02247	0.03012	0.01148	0.01148	0.00813	0.00574	0.00478	0.00143	0.00526	0.00430	0.00478	0.00813
19	0.01139	0.01054	0.19011	0.00985	0.04622	0.00717	0.02222	0.01383	0.02239	0.21751	0.01675	0.20523	0.01567	0.12654	0.06038	0.00245	0.00523	0.00688	0.00381	0.00585
20	0.00676	0.00489	0.00639	0.00601	0.00714	0.00451	0.00451	0.00902	0.01353	0.01917	0.79969	0.03570	0.04510	0.00977	0.00564	0.00150	0.00225	0.00864	0.00526	0.00451
21	0.01843	0.00749	0.01026	0.00817	0.01131	0.00666	0.00666	0.02031	0.01304	0.64297	0.09688	0.01849	0.01520	0.00944	0.08967	0.00213	0.00480	0.00523	0.00550	0.00736
22	0.01122	0.01219	0.02507	0.08724	0.20252	0.01180	0.54690	0.01491	0.01105	0.01513	0.00942	0.01264	0.00725	0.00414	0.00536	0.00157	0.00738	0.00521	0.00238	0.00661
23	0.00588	0.00425	0.00558	0.00663	0.00701	0.00395	0.00451	0.00678	0.00931	0.01232	0.02756	0.75737	0.07492	0.01475	0.00609	0.00193	0.00281	0.04002	0.00444	0.00391
24	0.04068	0.00771	0.01016	0.00810	0.01136	0.00684	0.00664	0.02067	0.03296	0.63631	0.07144	0.02056	0.06354	0.00679	0.00493	0.00152	0.00384	0.03291	0.00562	0.00742
25	0.01030	0.00848	0.01391	0.07494	0.10210	0.00851	0.16119	0.04877	0.06161	0.06556	0.13117	0.08203	0.01987	0.00816	0.00558	0.00171	0.00497	0.18145	0.00388	0.00581
26	0.01633	0.00730	0.00994	0.00896	0.04506	0.00657	0.00667	0.04552	0.01255	0.51073	0.02036	0.25412	0.01731	0.00849	0.00518	0.00161	0.00380	0.00734	0.00529	0.00686
27	0.06765	0.02144	0.01321	0.01197	0.01435	0.73076	0.00905	0.01846	0.01295	0.01227	0.00730	0.00865	0.00610	0.00505	0.00472	0.00128	0.04371	0.00310	0.00248	0.00551
28	0.01490	0.50782	0.02031	0.00943	0.01307	0.19577	0.00842	0.08788	0.03179	0.05921	0.00829	0.00899	0.00687	0.00460	0.00365	0.00115	0.00582	0.00304	0.00269	0.00634
29	0.06034	0.13339	0.19169	0.00991	0.02668	0.01015	0.05392	0.03354	0.02727	0.01549	0.00937	0.04850	0.00797	0.00460	0.00398	0.00114	0.00488	0.00372	0.00268	0.35080

[dist]
# distance from previous block
# <min> <max>
4	6

[block]
# block no. 1 follows, 53 sequences, length 24
# corresponding to MSA columns:
# 74-97
name=unknown_B
#
# <colnr> <probs for GDERKNQSTAVLIFYWHMCP>
#	G	D	E	R	K	N	Q	S	T	A	V	L	I	F	Y	W	H	M	C	P
0	0.01326	0.31250	0.09890	0.03569	0.09686	0.19560	0.10535	0.04357	0.01138	0.01342	0.00831	0.02908	0.00710	0.00467	0.00416	0.00128	0.00650	0.00370	0.00237	0.00627
1	0.01106	0.19790	0.41879	0.01224	0.04230	0.04412	0.04199	0.04949	0.02355	0.01496	0.02172	0.02768	0.00765	0.00476	0.00426	0.00135	0.00615	0.00372	0.00240	0.06391
2	0.04191	0.14652	0.16170	0.01387	0.12472	0.29678	0.02336	0.04535	0.02724	0.06321	0.00882	0.00999	0.00691	0.00472	0.00425	0.00132	0.00671	0.00347	0.00266	0.00649
3	0.01081	0.01254	0.20827	0.03316	0.18267	0.00935	0.02885	0.07178	0.07029	0.05571	0.01440	0.11971	0.01293	0.00685	0.00491	0.00157	0.00506	0.06321	0.08146	0.00644
4	0.01163	0.00922	0.01080	0.00822	0.01189	0.00837	0.00662	0.07419	0.10782	0.07145	0.01063	0.01149	0.00836	0.00460	0.00480	0.00103	0.06559	0.00350	0.00339	0.56639
5	0.00683	0.00512	0.00768	0.00768	0.00853	0.00597	0.00597	0.00853	0.00768	0.01110	0.01280	0.01878	0.01195	0.03585	0.81308	0.00768	0.01280	0.00512	0.00256	0.00427
6	0.02087	0.00906	0.01167	0.00894	0.01266	0.00840	0.00739	0.15780	0.01523	0.66883	0.01756	0.01542	0.01118	0.00588	0.00480	0.00147	0.00428	0.00472	0.00572	0.00813
7	0.00976	0.02354	0.72961	0.01427	0.02111	0.01120	0.09413	0.01515	0.01021	0.01515	0.00869	0.01037	0.00617	0.00449	0.00465	0.00152	0.00716	0.00374	0.00206	0.00700
8	0.00626	0.00447	0.00605	0.00716	0.00762	0.00426	0.00520	0.00741	0.00958	0.01269	0.02610	0.64849	0.03066	0.01456	0.00622	0.00200	0.00315	0.18969	0.00443	0.00400
9	0.00836	0.00418	0.00605	0.00605	0.00616	0.00418	0.00407	0.00672	0.00661	0.00925	0.00903	0.01486	0.00870	0.01550	0.01715	0.77523	0.00396	0.00418	0.08745	0.00231
10	0.00741	0.00537	0.00729	0.00813	0.00929	0.00526	0.00698	0.00951	0.01124	0.01465	0.10478	0.05132	0.10564	0.01275	0.00641	0.00207	0.00399	0.61903	0.00449	0.00438
11	0.86579	0.00924	0.00702	0.00629	0.00924	0.01072	0.00518	0.01405	0.00813	0.02144	0.00666	0.00776	0.00518	0.00444	0.00296	0.00148	0.00370	0.00259	0.00296	0.00518
12	0.01413	0.37712	0.01811	0.00951	0.01307	0.07094	0.00830	0.19380	0.21645	0.01786	0.01113	0.01124	0.00879	0.00515	0.00401	0.00129	0.00504	0.00373	0.00343	0.00692
13	0.00982	0.00952	0.01342	0.01170	0.01185	0.01312	0.00967	0.01098	0.00738	0.01143	0.00742	0.01191	0.00727	0.01318	0.15534	0.00307	0.68133	0.00435	0.00217	0.00506
14	0.02927	0.00611	0.00760	0.00655	0.00847	0.00554	0.01500	0.02514	0.01215	0.07701	0.41882	0.03951	0.07651	0.04528	0.00600	0.00151	0.01348	0.00693	0.05491	0.14423
15	0.09919	0.01158	0.01032	0.02381	0.01168	0.15180	0.00706	0.29767	0.01517	0.02143	0.03745	0.01467	0.01047	0.00580	0.00422	0.00135	0.00477	0.03205	0.23342	0.00608
16	0.72189	0.14852	0.01006	0.00660	0.00975	0.01210	0.00568	0.01409	0.00840	0.01972	0.00665	0.00775	0.00534	0.00438	0.00298	0.00140	0.00394	0.00258	0.00280	0.00534
17	0.00982	0.00747	0.00966	0.00747	0.01066	0.00607	0.03959	0.01205	0.01140	0.07625	0.25475	0.01951	0.01969	0.00589	0.00445	0.00109	0.00340	0.02237	0.00383	0.47458
18	0.08311	0.01151	0.01282	0.00990	0.01362	0.01218	0.00817	0.50020	0.01877	0.26098	0.01332	0.01263	0.00901	0.00569	0.00465	0.00145	0.00479	0.00432	0.00498	0.00791
19	0.00815	0.00682	0.00904	0.12049	0.08414	0.00709	0.00707	0.02669	0.12737	0.01560	0.17772	0.16110	0.19008	0.00947	0.00541	0.00164	0.00360	0.02913	0.00416	0.00521
20	0.00658	0.00485	0.00636	0.00621	0.00727	0.00463	0.00464	0.00853	0.01199	0.01671	0.53755	0.10252	0.11443	0.01444	0.12913	0.00250	0.00393	0.00868	0.00470	0.00437
21	0.01219	0.01124	0.01909	0.02856	0.77268	0.01119	0.01438	0.01499	0.01099	0.04514	0.00936	0.01200	0.00773	0.00432	0.00473	0.00142	0.00562	0.00428	0.00250	0.00759
22	0.09809	0.09068	0.24814	0.05370	0.01617	0.02364	0.01098	0.18879	0.10628	0.10173	0.01120	0.01163	0.00808	0.00515	0.00438	0.00146	0.00543	0.00391	0.00349	0.00709
23	0.01439	0.12854	0.03058	0.01025	0.01351	0.11187	0.00848	0.22845	0.36348	0.02039	0.01380	0.01340	0.01045	0.00572	0.00451	0.00144	0.00503	0.00438	0.00409	0.00726

[dist]
# distance from previous block
# <min> <max>
6	25

[block]
# block no. 2 follows, 53 sequences, length 37
# corresponding to MSA columns:
# 124-160
name=unknown_C
#
# <colnr> <probs for GDERKNQSTAVLIFYWHMCP>
#	G	D	E	R	K	N	Q	S	T	A	V	L	I	F	Y	W	H	M	C	P
0	0.01199	0.23818	0.21693	0.10493	0.12112	0.04865	0.07065	0.03831	0.01080	0.04978	0.00868	0.01042	0.00677	0.00445	0.00425	0.00134	0.00609	0.00364	0.00242	0.04062
1	0.00582	0.00416	0.00555	0.00666	0.00693	0.00388	0.00444	0.00666	0.00915	0.01220	0.02634	0.82891	0.03161	0.01497	0.00610	0.00194	0.00277	0.01359	0.00444	0.00388
2	0.01154	0.00962	0.01131	0.00837	0.01244	0.00844	0.03024	0.14706	0.07423	0.01843	0.00991	0.01090	0.00786	0.00417	0.00392	0.00093	0.00399	0.00338	0.00332	0.61994
3	0.00690	0.00483	0.00623	0.00623	0.00658	0.00518	0.00416	0.00760	0.00725	0.01002	0.01413	0.02614	0.01515	0.50481	0.34849	0.00589	0.00799	0.00620	0.00276	0.00346
4	0.00606	0.00433	0.00580	0.00676	0.00718	0.00407	0.00470	0.00714	0.00972	0.01305	0.10216	0.69088	0.03262	0.01433	0.00609	0.00192	0.00285	0.07185	0.00451	0.00398
5	0.00656	0.00452	0.00560	0.00617	0.00639	0.00441	0.00401	0.00712	0.00826	0.01098	0.02076	0.36547	0.02430	0.41162	0.01500	0.00327	0.00384	0.08460	0.00369	0.00345
6	0.01183	0.01136	0.01940	0.02934	0.80221	0.01136	0.01467	0.01467	0.01088	0.01562	0.00899	0.01183	0.00757	0.00426	0.00473	0.00142	0.00568	0.00426	0.00237	0.00757
7	0.00676	0.00489	0.00639	0.00601	0.00714	0.00451	0.00451	0.00902	0.01353	0.01917	0.79969	0.03570	0.04510	0.00977	0.00564	0.00150	0.00225	0.00864	0.00526	0.00451
8	0.00592	0.00423	0.00563	0.00659	0.00695	0.00394	0.00444	0.00689	0.00958	0.01288	0.10224	0.75106	0.03294	0.01446	0.00606	0.00190	0.00272	0.01310	0.00452	0.00394
9	0.01817	0.01339	0.01434	0.01100	0.01482	0.01482	0.00908	0.78627	0.02247	0.03012	0.01148	0.01148	0.00813	0.00574	0.00478	0.00143	0.00526	0.00430	0.00478	0.00813
10	0.00587	0.00490	0.00515	0.00521	0.00676	0.00417	0.00400	0.00721	0.01105	0.01336	0.08748	0.04605	0.69918	0.01206	0.00572	0.00165	0.00257	0.06903	0.00448	0.00409
11	0.01302	0.01571	0.09018	0.34214	0.09240	0.31092	0.01211	0.02724	0.01150	0.02900	0.00839	0.01092	0.00650	0.00480	0.00458	0.00143	0.00715	0.00375	0.00238	0.00586
12	0.01182	0.01133	0.01914	0.02816	0.74669	0.01140	0.02984	0.01522	0.05038	0.01583	0.00953	0.01215	0.00792	0.00437	0.00476	0.00143	0.00563	0.00434	0.00249	0.00755
13	0.02078	0.00838	0.01118	0.00855	0.01228	0.00733	0.00705	0.05585	0.01389	0.73630	0.01807	0.01577	0.01146	0.00580	0.00475	0.00144	0.00409	0.00470	0.00573	0.04660
14	0.00581	0.00421	0.00549	0.00651	0.00690	0.00389	0.00437	0.00667	0.00929	0.01226	0.02806	0.76810	0.09131	0.01475	0.00607	0.00192	0.00275	0.01332	0.00444	0.00389
15	0.01814	0.01431	0.01427	0.01113	0.01482	0.09314	0.00910	0.71098	0.02160	0.02831	0.01107	0.01120	0.00793	0.00566	0.00474	0.00141	0.00559	0.00418	0.00455	0.00787
16	0.00581	0.00478	0.00512	0.00518	0.00659	0.00408	0.00383	0.00713	0.01107	0.01367	0.14599	0.12268	0.62335	0.01208	0.00569	0.00163	0.00243	0.01024	0.00455	0.00408
17	0.01105	0.01386	0.10360	0.01892	0.02359	0.01219	0.64942	0.01500	0.01086	0.01500	0.00930	0.01243	0.00706	0.00442	0.00631	0.00164	0.07127	0.00532	0.00235	0.00641
18	0.00686	0.00495	0.00652	0.00629	0.00741	0.00461	0.00482	0.00911	0.01328	0.01869	0.72369	0.03749	0.04337	0.01011	0.00573	0.00157	0.00247	0.08336	0.00518	0.00450
19	0.01046	0.01046	0.01464	0.01255	0.01255	0.01464	0.01046	0.01150	0.00732	0.01150	0.00627	0.01046	0.00627	0.00837	0.01569	0.00209	0.82328	0.00418	0.00209	0.00523
20	0.00991	0.00850	0.00991	0.00708	0.01133	0.00637	0.00566	0.01203	0.00991	0.01557	0.00850	0.00991	0.00708	0.00354	0.00354	0.00071	0.00354	0.00283	0.00283	0.86124
21	0.01645	0.15375	0.01517	0.01136	0.01414	0.58660	0.00890	0.03641	0.08967	0.01286	0.00854	0.00943	0.00703	0.00496	0.00417	0.00124	0.00750	0.00325	0.00268	0.00590
22	0.01183	0.01136	0.01940	0.02934	0.80221	0.01136	0.01467	0.01467	0.01088	0.01562	0.00899	0.01183	0.00757	0.00426	0.00473	0.00142	0.00568	0.00426	0.00237	0.00757
23	0.01175	0.04235	0.10382	0.01049	0.11603	0.00814	0.00802	0.06628	0.04621	0.13981	0.07311	0.01915	0.09549	0.00627	0.00446	0.00137	0.00397	0.00519	0.21808	0.02000
24	0.01026	0.16636	0.61731	0.01310	0.01950	0.01254	0.06764	0.01500	0.01010	0.01446	0.00831	0.00985	0.00615	0.00443	0.00436	0.00143	0.00679	0.00350	0.00205	0.00686
25	0.02144	0.00813	0.01109	0.00850	0.01220	0.00702	0.00702	0.02329	0.01368	0.80552	0.01886	0.01627	0.01183	0.00592	0.00481	0.00148	0.00407	0.00481	0.00592	0.00813
26	0.00974	0.02323	0.72316	0.03516	0.05200	0.01113	0.03306	0.01525	0.02606	0.01518	0.00884	0.01044	0.00632	0.00456	0.00458	0.00152	0.00694	0.00366	0.00210	0.00704
27	0.00957	0.00979	0.05530	0.32378	0.22523	0.01004	0.07234	0.01252	0.01021	0.01405	0.08691	0.02861	0.01138	0.00779	0.06814	0.00204	0.03888	0.00498	0.00258	0.00589
28	0.00582	0.00416	0.00555	0.00666	0.00693	0.00388	0.00444	0.00666	0.00915	0.01220	0.02634	0.82891	0.03161	0.01497	0.00610	0.00194	0.00277	0.01359	0.00444	0.00388
29	0.01079	0.01101	0.01459	0.01254	0.01265	0.05063	0.01040	0.01184	0.00760	0.01151	0.00632	0.01037	0.00627	0.00821	0.01517	0.00205	0.78654	0.00413	0.00211	0.00524
30	0.01248	0.00971	0.02739	0.16157	0.26563	0.03382	0.03981	0.03858	0.03196	0.16313	0.09001	0.07868	0.01382	0.00615	0.00497	0.00152	0.00508	0.00555	0.00357	0.00659
31	0.01053	0.04927	0.24313	0.07850	0.16127	0.06308	0.12974	0.03365	0.01079	0.01451	0.01237	0.07408	0.04507	0.03106	0.00550	0.00162	0.00623	0.02071	0.00261	0.00626
32	0.00861	0.01059	0.17944	0.29787	0.03931	0.00859	0.01038	0.01129	0.00894	0.01257	0.01093	0.01750	0.00987	0.21571	0.04807	0.00260	0.02463	0.00484	0.07326	0.00501
33	0.00991	0.00850	0.00991	0.00708	0.01133	0.00637	0.00566	0.01203	0.00991	0.01557	0.00850	0.00991	0.00708	0.00354	0.00354	0.00071	0.00354	0.00283	0.00283	0.86124
34	0.02721	0.36985	0.21039	0.01336	0.15313	0.04349	0.01145	0.01542	0.02437	0.06538	0.00887	0.02174	0.00725	0.00459	0.00395	0.00128	0.00566	0.00347	0.00246	0.00670
35	0.00600	0.00467	0.00533	0.00553	0.00660	0.00413	0.00394	0.00722	0.01065	0.01361	0.17957	0.23584	0.41019	0.07606	0.00721	0.00191	0.00265	0.01044	0.00447	0.00400
36	0.00683	0.00512	0.00768	0.00768	0.00853	0.00597	0.00597	0.00853	0.00768	0.01110	0.01280	0.01878	0.01195	0.03585	0.81308	0.00768	0.01280	0.00512	0.00256	0.00427

[dist]
# distance from previous block
# <min> <max>
0	1

[block]
# block no. 3 follows, 53 sequences, length 32
# corresponding to MSA columns:
# 162-193
name=unknown_D
#
# <colnr> <probs for GDERKNQSTAVLIFYWHMCP>
#	G	D	E	R	K	N	Q	S	T	A	V	L	I	F	Y	W	H	M	C	P
0	0.01278	0.83490	0.02505	0.00818	0.01227	0.01891	0.00818	0.01431	0.00971	0.01125	0.00664	0.00767	0.00613	0.00409	0.00307	0.00102	0.00511	0.00256	0.00204	0.00613
1	0.01226	0.13990	0.01280	0.00773	0.01186	0.00913	0.00649	0.07818	0.01132	0.09842	0.00953	0.01035	0.00751	0.00406	0.00370	0.00090	0.00399	0.00312	0.00319	0.56557
2	0.01744	0.02193	0.01312	0.01195	0.01435	0.77530	0.00896	0.01872	0.01338	0.01198	0.00777	0.00905	0.00644	0.00496	0.00426	0.00123	0.00832	0.00314	0.04221	0.00549
3	0.01046	0.01046	0.01464	0.01255	0.01255	0.01464	0.01046	0.01150	0.00732	0.01150	0.00627	0.01046	0.00627	0.00837	0.01569	0.00209	0.82328	0.00418	0.00209	0.00523
4	0.01170	0.01123	0.01917	0.06475	0.76778	0.01132	0.01461	0.01456	0.01082	0.01546	0.00897	0.01187	0.00752	0.00428	0.00473	0.00143	0.00571	0.00426	0.00236	0.00747
5	0.00991	0.00850	0.00991	0.00708	0.01133	0.00637	0.00566	0.01203	0.00991	0.01557	0.00850	0.00991	0.00708	0.00354	0.00354	0.00071	0.00354	0.00283	0.00283	0.86124
6	0.00959	0.02472	0.80726	0.01362	0.02069	0.01110	0.01766	0.01514	0.01009	0.01514	0.00858	0.01009	0.00605	0.00454	0.00454	0.00151	0.00706	0.00353	0.00202	0.00706
7	0.00628	0.00457	0.00602	0.00701	0.00763	0.00431	0.00518	0.00750	0.00980	0.01281	0.02837	0.55202	0.11017	0.01423	0.00618	0.00197	0.00315	0.20436	0.00443	0.00403
8	0.01985	0.00788	0.01051	0.00817	0.01162	0.00689	0.00671	0.03744	0.01358	0.70539	0.03661	0.01798	0.04777	0.00626	0.00480	0.00147	0.00390	0.00510	0.04034	0.00772
9	0.00565	0.00484	0.00484	0.00484	0.00646	0.00403	0.00363	0.00686	0.01089	0.01291	0.04842	0.04600	0.80027	0.01210	0.00565	0.00161	0.00242	0.01009	0.00444	0.00403
10	0.02144	0.00813	0.01109	0.00850	0.01220	0.00702	0.00702	0.02329	0.01368	0.80552	0.01886	0.01627	0.01183	0.00592	0.00481	0.00148	0.00407	0.00481	0.00592	0.00813
11	0.00582	0.00416	0.00555	0.00666	0.00693	0.00388	0.00444	0.00666	0.00915	0.01220	0.02634	0.82891	0.03161	0.01497	0.00610	0.00194	0.00277	0.01359	0.00444	0.00388
12	0.01216	0.01040	0.01096	0.00978	0.01253	0.01201	0.00763	0.05821	0.76032	0.02043	0.01911	0.01756	0.01431	0.00645	0.00486	0.00161	0.00385	0.00536	0.00486	0.00759
13	0.01066	0.22411	0.01386	0.00737	0.01157	0.00964	0.00632	0.01263	0.00986	0.01445	0.00801	0.00933	0.00683	0.00368	0.00342	0.00079	0.00395	0.00276	0.00263	0.63814
14	0.00695	0.00463	0.00521	0.00521	0.00521	0.00463	0.00290	0.00695	0.00695	0.00927	0.01506	0.03128	0.01738	0.83203	0.02433	0.00463	0.00463	0.00695	0.00290	0.00290
15	0.00824	0.00767	0.03083	0.01097	0.04862	0.00719	0.16892	0.01170	0.10114	0.01529	0.16236	0.34778	0.02522	0.00997	0.00569	0.00173	0.00417	0.02323	0.00406	0.00522
16	0.10747	0.00816	0.01055	0.00821	0.01176	0.00734	0.00677	0.02197	0.01311	0.70452	0.03822	0.01591	0.01203	0.00587	0.00464	0.00148	0.00398	0.00468	0.00560	0.00774
17	0.00597	0.00426	0.00570	0.00674	0.00710	0.00400	0.00461	0.00694	0.00945	0.01264	0.06220	0.75121	0.03202	0.01464	0.00611	0.00193	0.00283	0.05324	0.00447	0.00394
18	0.00825	0.00459	0.00505	0.00493	0.00605	0.00447	0.00370	0.01049	0.01110	0.01823	0.25574	0.02330	0.02231	0.00686	0.00404	0.00123	0.00224	0.00574	0.59722	0.00447
19	0.81520	0.05821	0.00809	0.00640	0.00942	0.01121	0.00535	0.01407	0.00823	0.02084	0.00665	0.00776	0.00523	0.00442	0.00296	0.00145	0.00378	0.00259	0.00290	0.00523
20	0.00695	0.00463	0.00521	0.00521	0.00521	0.00463	0.00290	0.00695	0.00695	0.00927	0.01506	0.03128	0.01738	0.83203	0.02433	0.00463	0.00463	0.00695	0.00290	0.00290
21	0.00898	0.00850	0.01500	0.55829	0.02742	0.00980	0.12389	0.01202	0.00994	0.01289	0.01176	0.07501	0.01059	0.00631	0.00520	0.00169	0.00615	0.08872	0.00258	0.00527
22	0.01038	0.00874	0.01031	0.00796	0.03345	0.00701	0.00611	0.06765	0.01081	0.01648	0.00949	0.04540	0.00823	0.00421	0.00377	0.00083	0.00369	0.00344	0.00303	0.73900
23	0.01033	0.00750	0.00886	0.00805	0.00965	0.06084	0.00625	0.03325	0.01061	0.13144	0.10368	0.14087	0.08309	0.01602	0.21679	0.00317	0.08269	0.00675	0.00382	0.05633
24	0.03812	0.09357	0.27338	0.01035	0.02700	0.01068	0.01056	0.11592	0.05528	0.14833	0.02386	0.01235	0.00888	0.00503	0.00429	0.00135	0.00510	0.00391	0.06094	0.09110
25	0.01063	0.27803	0.45946	0.01235	0.03361	0.01336	0.06561	0.01463	0.01021	0.01410	0.04075	0.01061	0.00780	0.00457	0.00420	0.00136	0.00629	0.00359	0.00219	0.00663
26	0.00570	0.00484	0.00491	0.00489	0.00648	0.00405	0.00367	0.00695	0.01100	0.01317	0.07947	0.04557	0.76906	0.01201	0.00565	0.00161	0.00241	0.01003	0.00447	0.00405
27	0.02190	0.03163	0.03031	0.18973	0.09861	0.00862	0.00887	0.01137	0.00930	0.07021	0.01499	0.06788	0.08081	0.04842	0.15601	0.03840	0.08650	0.01835	0.00293	0.00517
28	0.11944	0.35303	0.10907	0.08723	0.01631	0.08677	0.08778	0.01527	0.01030	0.06316	0.00818	0.00959	0.00650	0.00443	0.00386	0.00130	0.00583	0.00333	0.00248	0.00614
29	0.00760	0.00626	0.00678	0.00699	0.00774	0.06714	0.00498	0.02223	0.00914	0.01170	0.02090	0.23149	0.09959	0.22978	0.18856	0.00382	0.00604	0.06181	0.00348	0.00397
30	0.00616	0.00449	0.00521	0.00569	0.00661	0.00404	0.00402	0.00738	0.01017	0.01353	0.08107	0.39432	0.31918	0.01251	0.00559	0.00170	0.00255	0.01094	0.10078	0.00404
31	0.01211	0.25731	0.06641	0.01543	0.19146	0.06844	0.11290	0.04217	0.06787	0.01454	0.01048	0.03186	0.00925	0.00537	0.00474	0.00141	0.02528	0.05376	0.00270	0.00650

[dist]
# distance from previous block
# <min> <max>
0	2

[block]
# block no. 4 follows, 53 sequences, length 12
# corresponding to MSA columns:
# 196-207
name=unknown_E
#
# <colnr> <probs for GDERKNQSTAVLIFYWHMCP>
#	G	D	E	R	K	N	Q	S	T	A	V	L	I	F	Y	W	H	M	C	P
0	0.01247	0.13111	0.24418	0.10357	0.03420	0.06653	0.04104	0.11373	0.05371	0.07212	0.01124	0.01311	0.02690	0.04928	0.00554	0.00160	0.00597	0.00417	0.00297	0.00656
1	0.00805	0.00603	0.00731	0.00695	0.00776	0.00649	0.00501	0.05502	0.05155	0.01240	0.02147	0.11094	0.18581	0.21749	0.06282	0.12969	0.09052	0.00727	0.00339	0.00402
2	0.03200	0.02618	0.05988	0.04341	0.01453	0.02871	0.10479	0.06364	0.06509	0.06484	0.02603	0.01285	0.00906	0.00824	0.09563	0.00196	0.04341	0.00410	0.00312	0.29251
3	0.01126	0.01431	0.28320	0.00996	0.01512	0.00852	0.03183	0.04259	0.01084	0.09271	0.00967	0.01073	0.00723	0.00421	0.00411	0.00111	0.00498	0.00340	0.00291	0.43132
4	0.00586	0.00424	0.00555	0.00651	0.00691	0.00392	0.00439	0.00679	0.00949	0.01262	0.06890	0.73882	0.07928	0.01452	0.00605	0.00190	0.00272	0.01311	0.00448	0.00392
5	0.04210	0.01213	0.08602	0.07251	0.22261	0.04749	0.09635	0.14652	0.02327	0.06041	0.08713	0.01446	0.01148	0.00531	0.00477	0.00145	0.00548	0.00472	0.04904	0.00673
6	0.01300	0.06677	0.17448	0.06498	0.20517	0.04615	0.08548	0.04929	0.11190	0.11877	0.01145	0.01257	0.00849	0.00490	0.00469	0.00147	0.00584	0.00430	0.00315	0.00714
7	0.00601	0.00426	0.00556	0.00646	0.00676	0.00400	0.00428	0.00684	0.00920	0.01233	0.07504	0.69155	0.03094	0.10290	0.00804	0.00220	0.00294	0.01255	0.00432	0.00382
8	0.00796	0.00507	0.00639	0.00667	0.00773	0.00469	0.00476	0.00967	0.04635	0.10494	0.09232	0.50681	0.15302	0.01265	0.00578	0.00178	0.00287	0.01123	0.00470	0.00462
9	0.64049	0.05250	0.00792	0.00646	0.00910	0.00991	0.00535	0.01305	0.00923	0.02019	0.13563	0.01447	0.01274	0.00570	0.00357	0.00149	0.00357	0.04018	0.00335	0.00508
10	0.09653	0.05885	0.23112	0.03964	0.13653	0.03353	0.03170	0.04326	0.03811	0.10128	0.05323	0.01346	0.03122	0.00532	0.00487	0.00146	0.03529	0.00425	0.00308	0.03727
11	0.09977	0.38076	0.25240	0.01009	0.01477	0.06653	0.01078	0.06417	0.03522	0.01494	0.00797	0.00901	0.00640	0.00449	0.00374	0.00127	0.00574	0.00308	0.00242	0.00644

[dist]
# distance from previous block
# <min> <max>
0	2

[block]
# block no. 5 follows, 53 sequences, length 7
# corresponding to MSA columns:
# 210-216
name=unknown_F
#
# <colnr> <probs for GDERKNQSTAVLIFYWHMCP>
#	G	D	E	R	K	N	Q	S	T	A	V	L	I	F	Y	W	H	M	C	P
0	0.01433	0.12884	0.03537	0.01249	0.15032	0.12883	0.00875	0.03286	0.06429	0.20851	0.10561	0.04109	0.03611	0.00612	0.00463	0.00140	0.00496	0.00500	0.00387	0.00663
1	0.00775	0.00544	0.00660	0.00639	0.00766	0.00513	0.00470	0.06650	0.01229	0.04859	0.32655	0.24420	0.18775	0.04047	0.00633	0.00175	0.00281	0.00970	0.00479	0.00461
2	0.04914	0.22606	0.10147	0.00962	0.02937	0.03573	0.05927	0.01410	0.03520	0.10876	0.07607	0.01851	0.13645	0.00757	0.03562	0.00165	0.04103	0.00511	0.00332	0.00594
3	0.01084	0.01315	0.17169	0.09895	0.19949	0.04642	0.12566	0.05278	0.02776	0.03887	0.01259	0.15600	0.01159	0.00643	0.00506	0.00157	0.00588	0.00595	0.00293	0.00638
4	0.04611	0.00562	0.00617	0.00689	0.03121	0.03977	0.00452	0.00845	0.00935	0.01312	0.05019	0.39896	0.08739	0.16162	0.00880	0.00223	0.00339	0.00962	0.10256	0.00405
5	0.01185	0.01060	0.07046	0.06598	0.06340	0.06470	0.08417	0.01387	0.01027	0.15489	0.01413	0.20397	0.01338	0.00805	0.00753	0.00172	0.18525	0.00653	0.00340	0.00586
6	0.04795	0.04546	0.08126	0.04701	0.04152	0.10377	0.08777	0.18717	0.06643	0.19326	0.01270	0.01407	0.00935	0.00554	0.00474	0.00148	0.00568	0.03386	0.00391	0.00706

[dist]
# distance from previous block
# <min> <max>
0	6

[block]
# block no. 6 follows, 53 sequences, length 33
# corresponding to MSA columns:
# 223-255
name=unknown_G
#
# <colnr> <probs for GDERKNQSTAVLIFYWHMCP>
#	G	D	E	R	K	N	Q	S	T	A	V	L	I	F	Y	W	H	M	C	P
0	0.13678	0.34118	0.05096	0.01006	0.02991	0.12458	0.03672	0.05672	0.09867	0.03275	0.00894	0.00982	0.00725	0.00481	0.00417	0.00130	0.03297	0.00334	0.00280	0.00627
1	0.06475	0.01369	0.22031	0.04182	0.02772	0.03060	0.01024	0.11721	0.04061	0.22694	0.04912	0.01333	0.01009	0.00537	0.00476	0.00142	0.02245	0.00419	0.00382	0.09155
2	0.10004	0.12306	0.25158	0.01179	0.01647	0.01240	0.11988	0.16961	0.03220	0.03572	0.01024	0.05091	0.00819	0.00520	0.00445	0.00144	0.00577	0.00431	0.00303	0.03373
3	0.30181	0.06935	0.01116	0.00812	0.01154	0.01052	0.00678	0.14552	0.03851	0.31793	0.01264	0.01209	0.00868	0.00527	0.00403	0.00144	0.00417	0.00383	0.01968	0.00692
4	0.00623	0.00451	0.00588	0.00628	0.00700	0.00416	0.00443	0.00770	0.01115	0.01528	0.36535	0.44273	0.07639	0.01256	0.00588	0.00173	0.00253	0.01125	0.00480	0.00416
5	0.01108	0.01070	0.01854	0.21868	0.54955	0.01112	0.06367	0.01406	0.01057	0.01478	0.00890	0.01208	0.00725	0.00435	0.00478	0.00146	0.00595	0.00431	0.00232	0.02587
6	0.02750	0.07614	0.04905	0.01092	0.08929	0.14863	0.02109	0.01418	0.05311	0.08080	0.05693	0.13702	0.05211	0.02211	0.00553	0.00899	0.02963	0.02157	0.02081	0.07461
7	0.02662	0.00530	0.00596	0.00551	0.00716	0.00501	0.00423	0.01297	0.01073	0.17687	0.01955	0.08098	0.07698	0.00686	0.00403	0.00130	0.00268	0.00564	0.53650	0.00514
8	0.00684	0.00509	0.00751	0.00751	0.00830	0.00588	0.00576	0.00842	0.00763	0.01097	0.01296	0.01965	0.01233	0.09163	0.75782	0.00747	0.01223	0.00525	0.00258	0.00417
9	0.03106	0.01737	0.39310	0.05936	0.01914	0.01115	0.10469	0.08247	0.11310	0.10472	0.01145	0.01233	0.00812	0.00500	0.00474	0.00153	0.00616	0.00425	0.00313	0.00712
10	0.01146	0.01019	0.01526	0.21450	0.28245	0.02742	0.05563	0.06381	0.12003	0.05020	0.01475	0.01638	0.08565	0.00562	0.00490	0.00152	0.00537	0.00506	0.00317	0.00663
11	0.00585	0.00422	0.00554	0.00655	0.00692	0.00391	0.00440	0.00674	0.00938	0.01247	0.05356	0.76618	0.06726	0.01467	0.00606	0.00191	0.00274	0.01326	0.00446	0.00391
12	0.00751	0.00537	0.00739	0.00841	0.00944	0.00534	0.00720	0.00951	0.01072	0.01393	0.02558	0.09149	0.05031	0.05075	0.00736	0.00228	0.00427	0.67451	0.00434	0.00430
13	0.01205	0.05004	0.07093	0.07372	0.19957	0.06138	0.01134	0.04800	0.13722	0.03861	0.01004	0.01209	0.00815	0.00599	0.00776	0.00163	0.23782	0.00424	0.00285	0.00656
14	0.01716	0.01144	0.01339	0.04751	0.01489	0.01231	0.03198	0.44781	0.12648	0.18795	0.01401	0.01358	0.00977	0.00578	0.00479	0.00148	0.00488	0.00460	0.02239	0.00780
15	0.02780	0.31135	0.17627	0.01113	0.05969	0.06587	0.01031	0.06771	0.10706	0.04194	0.00962	0.01043	0.00760	0.00476	0.00419	0.00128	0.02081	0.00347	0.00281	0.05590
16	0.03686	0.09431	0.26061	0.01085	0.04379	0.00998	0.04296	0.05315	0.01087	0.07605	0.01011	0.04794	0.00818	0.00479	0.00420	0.00123	0.00515	0.00390	0.00288	0.27219
17	0.01404	0.17188	0.23853	0.01114	0.05020	0.02565	0.01078	0.12896	0.05444	0.17534	0.01265	0.02081	0.03235	0.00531	0.00439	0.00138	0.00534	0.00412	0.00350	0.02919
18	0.01429	0.20912	0.13812	0.01028	0.03897	0.04024	0.02634	0.05849	0.08609	0.22649	0.08478	0.02271	0.01245	0.00563	0.00444	0.00139	0.00494	0.00448	0.00384	0.00691
19	0.00598	0.00478	0.00536	0.00538	0.00670	0.00415	0.00397	0.00744	0.01144	0.01459	0.25747	0.13270	0.49962	0.01178	0.00570	0.00162	0.00241	0.01008	0.00467	0.00415
20	0.07240	0.01286	0.12103	0.07143	0.03989	0.07066	0.04960	0.12851	0.10074	0.24897	0.02798	0.01357	0.00981	0.00543	0.00467	0.00149	0.00532	0.00441	0.00407	0.00715
21	0.01181	0.02761	0.07793	0.18351	0.29870	0.02278	0.10580	0.05048	0.03598	0.07499	0.01104	0.05830	0.00904	0.00523	0.00489	0.00152	0.00588	0.00492	0.00287	0.00674
22	0.00862	0.00448	0.00460	0.00461	0.00572	0.00443	0.00344	0.01078	0.01022	0.01761	0.05995	0.04034	0.03754	0.00623	0.00361	0.00117	0.00225	0.00508	0.76489	0.00443
23	0.00578	0.00476	0.00507	0.00517	0.00658	0.00406	0.00381	0.00704	0.01093	0.01342	0.11678	0.13984	0.63578	0.01223	0.00570	0.00164	0.00245	0.01037	0.00452	0.00406
24	0.03447	0.21404	0.19099	0.02907	0.14043	0.08739	0.04477	0.08484	0.03657	0.05872	0.02976	0.01113	0.00814	0.00478	0.00428	0.00135	0.00591	0.00378	0.00280	0.00677
25	0.18727	0.10155	0.21239	0.02402	0.03124	0.01112	0.00962	0.11350	0.04222	0.11337	0.01177	0.01236	0.03141	0.00517	0.00408	0.00141	0.00488	0.00386	0.07222	0.00654
26	0.00668	0.00514	0.00566	0.00573	0.00726	0.00455	0.00438	0.00842	0.03727	0.04226	0.06744	0.12292	0.56979	0.01200	0.00573	0.00169	0.00274	0.08145	0.00453	0.00434
27	0.01676	0.00887	0.01145	0.01024	0.06721	0.00872	0.00766	0.14500	0.07888	0.41167	0.08274	0.06699	0.01537	0.00689	0.00520	0.00154	0.02042	0.02190	0.00514	0.00735
28	0.01263	0.09009	0.12651	0.03069	0.39781	0.04356	0.01273	0.08491	0.04580	0.05109	0.01051	0.01220	0.02457	0.00491	0.00491	0.00143	0.03150	0.00415	0.00281	0.00718
29	0.02856	0.13180	0.09527	0.16724	0.19740	0.14970	0.06600	0.01583	0.05040	0.04071	0.00911	0.01114	0.00718	0.00463	0.00445	0.00140	0.00635	0.00388	0.00252	0.00644
30	0.00711	0.00535	0.00694	0.00720	0.00806	0.01629	0.00549	0.00882	0.02847	0.01203	0.02013	0.10724	0.09046	0.14530	0.35159	0.00477	0.00767	0.14345	0.01950	0.00413
31	0.07512	0.06038	0.09740	0.12320	0.13693	0.01076	0.14841	0.03765	0.07393	0.01583	0.02657	0.03520	0.01166	0.00620	0.00498	0.00161	0.00568	0.11933	0.00301	0.00616
32	0.03918	0.02774	0.05752	0.02673	0.24726	0.12564	0.01041	0.10925	0.12493	0.04613	0.03776	0.03393	0.01023	0.00546	0.00488	0.00142	0.02595	0.00446	0.00332	0.05781

[dist]
# distance from previous block
# <min> <max>
0	4

[block]
# block no. 7 follows, 53 sequences, length 87
# corresponding to MSA columns:
# 260-346
name=unknown_H
#
# <colnr> <probs for GDERKNQSTAVLIFYWHMCP>
#	G	D	E	R	K	N	Q	S	T	A	V	L	I	F	Y	W	H	M	C	P
0	0.01223	0.10608	0.11909	0.02264	0.18710	0.00981	0.00958	0.05685	0.02443	0.12204	0.01220	0.02741	0.00978	0.03000	0.01898	0.00153	0.00484	0.01772	0.14814	0.05955
1	0.01295	0.10729	0.07883	0.07574	0.13024	0.07785	0.03220	0.17917	0.08953	0.02881	0.01080	0.01341	0.00886	0.08493	0.00638	0.00168	0.00558	0.00427	0.00318	0.04830
2	0.06577	0.07550	0.01203	0.00976	0.02552	0.23696	0.00748	0.17535	0.01262	0.01576	0.01080	0.01472	0.02229	0.12816	0.13984	0.00285	0.03170	0.00432	0.00305	0.00552
3	0.02275	0.21079	0.23961	0.05829	0.08450	0.10923	0.05305	0.02690	0.01080	0.01399	0.04166	0.02496	0.03949	0.00517	0.00452	0.00137	0.02063	0.00408	0.00248	0.02572
4	0.00601	0.00436	0.00570	0.00656	0.00707	0.00404	0.00455	0.00711	0.00988	0.01319	0.12092	0.64491	0.08415	0.01407	0.00604	0.00188	0.00276	0.04829	0.00453	0.00399
5	0.05101	0.10870	0.01045	0.04313	0.01055	0.04095	0.01883	0.05709	0.01049	0.08210	0.01879	0.38591	0.04294	0.04587	0.00632	0.00178	0.03289	0.00852	0.00383	0.01984
6	0.01118	0.19497	0.39637	0.03172	0.12504	0.05763	0.01383	0.03013	0.01048	0.01431	0.02518	0.01038	0.00719	0.00476	0.00484	0.00141	0.04808	0.00357	0.00223	0.00668
7	0.00671	0.00521	0.00618	0.00627	0.00744	0.00495	0.00457	0.00942	0.09072	0.01556	0.29582	0.26907	0.23711	0.01158	0.00570	0.00167	0.00261	0.01014	0.00476	0.00451
8	0.00695	0.00465	0.00529	0.00529	0.00531	0.00467	0.00299	0.00700	0.00697	0.00932	0.01499	0.03090	0.01721	0.80788	0.04824	0.00473	0.00488	0.00690	0.00289	0.00294
9	0.01260	0.01389	0.01239	0.02945	0.06387	0.32272	0.05305	0.01627	0.15133	0.01384	0.01517	0.16840	0.04003	0.00759	0.00542	0.00155	0.03879	0.02463	0.00335	0.00568
10	0.01086	0.01035	0.01563	0.16011	0.19521	0.03064	0.12493	0.02666	0.22430	0.01629	0.07040	0.01664	0.04084	0.00577	0.00532	0.00156	0.02935	0.00527	0.00332	0.00654
11	0.00598	0.00447	0.00540	0.00595	0.00677	0.00403	0.00416	0.00715	0.01028	0.01348	0.13221	0.46066	0.27089	0.01314	0.00582	0.00176	0.00258	0.01160	0.02963	0.00403
12	0.01358	0.01498	0.03032	0.01533	0.14740	0.30682	0.10728	0.03850	0.02658	0.03901	0.00985	0.04433	0.00852	0.00849	0.08305	0.00207	0.09070	0.00447	0.00271	0.00600
13	0.04435	0.02393	0.05434	0.19581	0.19434	0.05796	0.02630	0.04273	0.06022	0.18836	0.03296	0.01351	0.00940	0.00525	0.00501	0.00150	0.02948	0.00440	0.00340	0.00678
14	0.01253	0.79207	0.04236	0.00829	0.01235	0.01835	0.00833	0.01416	0.00966	0.01133	0.00687	0.00805	0.00630	0.00503	0.02689	0.00123	0.00538	0.00265	0.00206	0.00610
15	0.00695	0.00465	0.00527	0.00527	0.00529	0.00467	0.00297	0.00699	0.00697	0.00931	0.01501	0.03097	0.01724	0.81270	0.04347	0.00471	0.00483	0.00691	0.00289	0.00293
16	0.14811	0.02307	0.01006	0.00724	0.01127	0.00755	0.01651	0.02920	0.00991	0.01676	0.00825	0.00960	0.00678	0.00375	0.00349	0.00087	0.00369	0.00286	0.00287	0.67815
17	0.30996	0.04483	0.01041	0.06718	0.01251	0.21362	0.00719	0.02787	0.01038	0.06958	0.00915	0.01085	0.00726	0.00763	0.07403	0.00193	0.03223	0.00344	0.07452	0.00543
18	0.01278	0.83490	0.02505	0.00818	0.01227	0.01891	0.00818	0.01431	0.00971	0.01125	0.00664	0.00767	0.00613	0.00409	0.00307	0.00102	0.00511	0.00256	0.00204	0.00613
19	0.00660	0.00488	0.00616	0.00584	0.00704	0.00444	0.00438	0.00870	0.01313	0.01823	0.68713	0.03725	0.15825	0.01012	0.00564	0.00152	0.00228	0.00886	0.00514	0.00444
20	0.86579	0.00924	0.00702	0.00629	0.00924	0.01072	0.00518	0.01405	0.00813	0.02144	0.00666	0.00776	0.00518	0.00444	0.00296	0.00148	0.00370	0.00259	0.00296	0.00518
21	0.00761	0.00556	0.00692	0.00643	0.00775	0.00532	0.00485	0.07586	0.01380	0.01920	0.62727	0.09994	0.08118	0.00998	0.00560	0.00154	0.00257	0.00876	0.00511	0.00475
22	0.00581	0.00421	0.00550	0.00652	0.00690	0.00389	0.00438	0.00667	0.00928	0.01225	0.02794	0.77228	0.08721	0.01477	0.00607	0.00192	0.00275	0.01333	0.00444	0.00389
23	0.01666	0.01224	0.01317	0.01037	0.01379	0.01350	0.00846	0.66888	0.05128	0.02793	0.01303	0.07110	0.01025	0.00643	0.00482	0.00147	0.00490	0.00502	0.03905	0.00765
24	0.00582	0.00451	0.00531	0.00584	0.00675	0.00400	0.00410	0.00693	0.01024	0.01306	0.09711	0.43448	0.35808	0.01335	0.00587	0.00177	0.00258	0.01171	0.00450	0.00400
25	0.00693	0.00472	0.00564	0.00564	0.00579	0.00487	0.00343	0.00723	0.00708	0.00959	0.01467	0.02910	0.01643	0.69317	0.16189	0.00517	0.00606	0.00663	0.00284	0.00314
26	0.00695	0.00463	0.00521	0.00521	0.00521	0.00463	0.00290	0.00695	0.00695	0.00927	0.01506	0.03128	0.01738	0.83203	0.02433	0.00463	0.00463	0.00695	0.00290	0.00290
27	0.00591	0.00423	0.00557	0.00658	0.00690	0.00395	0.00441	0.00676	0.00921	0.01226	0.04014	0.75353	0.04818	0.04761	0.00682	0.00204	0.00286	0.02480	0.00439	0.00387
28	0.01727	0.02180	0.01363	0.01233	0.01460	0.74944	0.00933	0.01848	0.01305	0.01168	0.00730	0.00877	0.00617	0.00520	0.00521	0.00130	0.07332	0.00317	0.00243	0.00552
29	0.00620	0.00464	0.00596	0.00628	0.00713	0.00439	0.00453	0.00763	0.01050	0.01413	0.24572	0.33671	0.18071	0.01602	0.12400	0.00260	0.00403	0.01029	0.00439	0.00414
30	0.00607	0.00468	0.00555	0.00571	0.00681	0.00416	0.00414	0.00753	0.01133	0.01484	0.29614	0.24844	0.34326	0.01207	0.00576	0.00166	0.00246	0.01052	0.00472	0.00416
31	0.00974	0.01223	0.14685	0.38581	0.02443	0.04058	0.09745	0.01290	0.00950	0.01283	0.00860	0.01229	0.00682	0.00759	0.06874	0.00211	0.12942	0.00430	0.00218	0.00564
32	0.00599	0.00428	0.00573	0.00684	0.00719	0.00402	0.00472	0.00694	0.00931	0.01238	0.02625	0.76152	0.03126	0.01482	0.00614	0.00196	0.00291	0.07937	0.00443	0.00393
33	0.01138	0.01338	0.11675	0.05392	0.39291	0.01168	0.26417	0.03147	0.01104	0.01555	0.00914	0.01196	0.00722	0.00436	0.00524	0.00151	0.02429	0.00462	0.00238	0.00702
34	0.01025	0.00858	0.01035	0.00741	0.01165	0.00652	0.02290	0.01241	0.01004	0.03704	0.00880	0.01015	0.00721	0.00362	0.00362	0.00075	0.00365	0.00295	0.00291	0.81919
35	0.86579	0.00924	0.00702	0.00629	0.00924	0.01072	0.00518	0.01405	0.00813	0.02144	0.00666	0.00776	0.00518	0.00444	0.00296	0.00148	0.00370	0.00259	0.00296	0.00518
36	0.01066	0.03951	0.31400	0.03092	0.02319	0.01189	0.46897	0.01517	0.01077	0.01508	0.00917	0.01172	0.00677	0.00423	0.00515	0.00156	0.00758	0.00476	0.00226	0.00665
37	0.03363	0.00913	0.01164	0.00894	0.01265	0.00854	0.00738	0.16553	0.01524	0.64894	0.01729	0.01524	0.01104	0.00586	0.00477	0.00147	0.00428	0.00468	0.00566	0.00809
38	0.00603	0.00491	0.00540	0.00567	0.00711	0.00429	0.00441	0.00739	0.01080	0.01311	0.04278	0.10061	0.60974	0.01250	0.00585	0.00174	0.00280	0.14634	0.00443	0.00409
39	0.00687	0.00495	0.00682	0.00682	0.00737	0.00550	0.00490	0.00798	0.00743	0.01045	0.01359	0.02316	0.01385	0.31487	0.53666	0.00661	0.00994	0.00576	0.00268	0.00379
40	0.00694	0.00451	0.00588	0.00663	0.00727	0.00412	0.00455	0.00788	0.00963	0.06964	0.02775	0.70100	0.09805	0.01407	0.00597	0.00188	0.00284	0.01264	0.00454	0.00420
41	0.42428	0.08921	0.02294	0.00766	0.01111	0.01061	0.00655	0.07823	0.01120	0.26249	0.01087	0.01075	0.00761	0.00494	0.00372	0.00142	0.00412	0.00342	0.00391	0.02497
42	0.02052	0.00830	0.01105	0.00856	0.01220	0.00736	0.00704	0.02322	0.07002	0.73305	0.01869	0.01626	0.01194	0.00591	0.00479	0.00147	0.00404	0.00481	0.00578	0.02499
43	0.07867	0.02060	0.01360	0.01332	0.08241	0.66739	0.00941	0.03582	0.01313	0.01316	0.00757	0.00890	0.00625	0.00485	0.00426	0.00127	0.00793	0.00317	0.00254	0.00575
44	0.00889	0.01682	0.44623	0.01208	0.01698	0.00914	0.11997	0.01315	0.01124	0.01620	0.23022	0.01895	0.04696	0.00621	0.00504	0.00153	0.00569	0.00549	0.00307	0.00615
45	0.00747	0.00636	0.00703	0.00588	0.00855	0.00502	0.00453	0.00905	0.01039	0.01401	0.03041	0.06836	0.42657	0.00861	0.00478	0.00125	0.00291	0.00718	0.00376	0.36791
46	0.01046	0.01046	0.01464	0.01255	0.01255	0.01464	0.01046	0.01150	0.00732	0.01150	0.00627	0.01046	0.00627	0.00837	0.01569	0.00209	0.82328	0.00418	0.00209	0.00523
47	0.02121	0.00851	0.01133	0.00868	0.01239	0.00759	0.00717	0.07848	0.01432	0.74944	0.01832	0.01592	0.01156	0.00590	0.00480	0.00148	0.00415	0.00477	0.00583	0.00813
48	0.00683	0.00512	0.00768	0.00768	0.00853	0.00597	0.00597	0.00853	0.00768	0.01110	0.01280	0.01878	0.01195	0.03585	0.81308	0.00768	0.01280	0.00512	0.00256	0.00427
49	0.00580	0.00426	0.00544	0.00638	0.00686	0.00391	0.00432	0.00669	0.00941	0.01231	0.02964	0.71186	0.14653	0.01455	0.00603	0.00189	0.00272	0.01306	0.00444	0.00391
50	0.02654	0.29829	0.06115	0.00986	0.01366	0.06017	0.00889	0.35390	0.01551	0.04147	0.00967	0.01069	0.00761	0.02220	0.03900	0.00161	0.00575	0.00366	0.00343	0.00693
51	0.86579	0.00924	0.00702	0.00629	0.00924	0.01072	0.00518	0.01405	0.00813	0.02144	0.00666	0.00776	0.00518	0.00444	0.00296	0.00148	0.00370	0.00259	0.00296	0.00518
52	0.01271	0.81873	0.04066	0.00829	0.01244	0.01876	0.00837	0.01433	0.00972	0.01132	0.00668	0.00772	0.00613	0.00410	0.00310	0.00103	0.00515	0.00258	0.00204	0.00615
53	0.00884	0.00447	0.00451	0.00450	0.00562	0.00446	0.00338	0.01107	0.01013	0.01786	0.03937	0.01836	0.01325	0.00570	0.00341	0.00113	0.00223	0.00458	0.83268	0.00446
54	0.00631	0.00487	0.00576	0.00553	0.00686	0.00432	0.00415	0.00814	0.01245	0.01661	0.49240	0.03991	0.35399	0.01073	0.00564	0.00155	0.00232	0.00923	0.00492	0.00432
55	0.00959	0.02472	0.80726	0.01362	0.02069	0.01110	0.01766	0.01514	0.01009	0.01514	0.00858	0.01009	0.00605	0.00454	0.00454	0.00151	0.00706	0.00353	0.00202	0.00706
56	0.00940	0.00460	0.00472	0.00461	0.00583	0.00456	0.00349	0.01161	0.01017	0.04874	0.01572	0.01776	0.01223	0.00558	0.00340	0.00113	0.00230	0.00447	0.82508	0.00460
57	0.00766	0.00547	0.00764	0.00867	0.00977	0.00545	0.00755	0.00986	0.01112	0.01454	0.06258	0.05304	0.02835	0.01304	0.00656	0.00217	0.00430	0.73339	0.00444	0.00441
