[name]
unknown

[dist]
# distance from previous block
# <min> <max>
11	626

[block]
# block no. 0 follows, 45 sequences, length 16
# corresponding to MSA columns:
# 627-642
name=unknown_A
#
# <colnr> <probs for GDERKNQSTAVLIFYWHMCP>
#	G	D	E	R	K	N	Q	S	T	A	V	L	I	F	Y	W	H	M	C	P
0	0.01018	0.00969	0.01597	0.14038	0.29263	0.00966	0.09338	0.01292	0.01207	0.01597	0.04855	0.05306	0.24688	0.00816	0.00584	0.00174	0.00543	0.00748	0.00352	0.00650
1	0.00763	0.00625	0.00919	0.25099	0.01672	0.00671	0.00795	0.00942	0.01061	0.01379	0.02589	0.48761	0.10089	0.01297	0.00634	0.00202	0.00432	0.01163	0.00418	0.00487
2	0.59201	0.25818	0.01413	0.00771	0.01143	0.01488	0.00685	0.01587	0.00968	0.02055	0.00747	0.00869	0.00614	0.00486	0.00336	0.00150	0.00464	0.00290	0.00301	0.00614
3	0.01827	0.01304	0.03850	0.01208	0.04818	0.01335	0.00966	0.48784	0.02133	0.13099	0.13380	0.01786	0.01613	0.00707	0.00551	0.00163	0.00528	0.00565	0.00541	0.00843
4	0.59201	0.25818	0.01413	0.00771	0.01143	0.01488	0.00685	0.01587	0.00968	0.02055	0.00747	0.00869	0.00614	0.00486	0.00336	0.00150	0.00464	0.00290	0.00301	0.00614
5	0.01579	0.01262	0.01529	0.25427	0.02235	0.01451	0.01130	0.37926	0.17391	0.02529	0.01370	0.01480	0.01002	0.00628	0.00539	0.00171	0.00595	0.00507	0.00447	0.00802
6	0.01159	0.00861	0.01093	0.00977	0.01176	0.00977	0.00779	0.24080	0.01375	0.01905	0.01392	0.01856	0.01210	0.02984	0.54829	0.00647	0.01177	0.00547	0.00364	0.00613
7	0.01936	0.00994	0.01400	0.25295	0.02121	0.01015	0.01032	0.10731	0.01508	0.45838	0.01663	0.01643	0.01092	0.00623	0.00539	0.00169	0.00552	0.00514	0.00518	0.00816
8	0.01130	0.00970	0.01222	0.25251	0.01971	0.01108	0.00964	0.06886	0.30328	0.01945	0.10960	0.02402	0.11046	0.00784	0.00564	0.00178	0.00487	0.00666	0.00450	0.00687
9	0.00916	0.00826	0.01472	0.01164	0.01419	0.00769	0.23718	0.01231	0.01442	0.02019	0.53957	0.03220	0.03755	0.00899	0.00633	0.00173	0.00454	0.00867	0.00492	0.00574
10	0.00917	0.00797	0.01221	0.25285	0.01867	0.01000	0.00999	0.01138	0.00917	0.01284	0.01168	0.01792	0.01060	0.05659	0.37753	0.00525	0.15290	0.00535	0.00265	0.00528
11	0.01570	0.01071	0.01727	0.24736	0.32791	0.01102	0.01338	0.01866	0.01276	0.25185	0.01335	0.01512	0.00959	0.00553	0.00536	0.00167	0.00604	0.00497	0.00381	0.00796
12	0.01921	0.00770	0.00987	0.00798	0.01112	0.00689	0.00646	0.02143	0.01394	0.51773	0.01991	0.01887	0.01345	0.00651	0.00483	0.00152	0.00385	0.00526	0.29576	0.00770
13	0.00896	0.00750	0.01152	0.24926	0.03409	0.00805	0.03868	0.01165	0.01180	0.01513	0.02539	0.06436	0.12846	0.01125	0.00654	0.00212	0.00543	0.35044	0.00404	0.00534
14	0.01534	0.06616	0.01804	0.01678	0.15932	0.05925	0.01192	0.24446	0.01479	0.02023	0.00952	0.01207	0.00795	0.00709	0.00988	0.00185	0.30999	0.00457	0.00336	0.00746
15	0.01661	0.01164	0.01891	0.02574	0.54241	0.01126	0.01383	0.01946	0.01319	0.25296	0.01351	0.01482	0.00998	0.00536	0.00534	0.00161	0.00582	0.00497	0.00389	0.00870

[dist]
# distance from previous block
# <min> <max>
0	1

[block]
# block no. 1 follows, 45 sequences, length 18
# corresponding to MSA columns:
# 644-661
name=unknown_B
#
# <colnr> <probs for GDERKNQSTAVLIFYWHMCP>
#	G	D	E	R	K	N	Q	S	T	A	V	L	I	F	Y	W	H	M	C	P
0	0.01386	0.04930	0.01721	0.07098	0.37518	0.01203	0.01229	0.01940	0.18119	0.10632	0.01730	0.01821	0.07055	0.00627	0.00535	0.00166	0.00543	0.00556	0.00389	0.00803
1	0.01381	0.03125	0.05773	0.01363	0.01753	0.01365	0.16581	0.12509	0.42320	0.02209	0.01764	0.04625	0.01365	0.00677	0.00562	0.00178	0.00567	0.00611	0.00462	0.00810
2	0.02919	0.01182	0.02013	0.35076	0.35082	0.02844	0.10060	0.01549	0.01165	0.01594	0.00986	0.01368	0.00781	0.00502	0.00540	0.00170	0.00703	0.00489	0.00257	0.00719
3	0.01327	0.01950	0.34008	0.01537	0.02116	0.01356	0.16642	0.13991	0.17652	0.02094	0.01304	0.01410	0.00951	0.00567	0.00547	0.00173	0.00704	0.00504	0.00355	0.00811
4	0.00710	0.00543	0.00646	0.00654	0.00773	0.00527	0.00477	0.00845	0.01040	0.01351	0.03441	0.08750	0.36971	0.13323	0.23717	0.00427	0.00648	0.00921	0.03795	0.00444
5	0.00942	0.00760	0.01005	0.00933	0.00982	0.00929	0.00724	0.01090	0.01009	0.01530	0.12312	0.16196	0.02085	0.08248	0.04116	0.00252	0.30450	0.00767	0.15165	0.00506
6	0.02408	0.00914	0.01246	0.00955	0.01370	0.00789	0.00789	0.02616	0.01536	0.78158	0.02118	0.01827	0.01329	0.00664	0.00540	0.00166	0.00457	0.00540	0.00664	0.00914
7	0.00671	0.00545	0.00595	0.00583	0.00748	0.00469	0.00437	0.00842	0.01311	0.01657	0.26658	0.04825	0.56220	0.01282	0.00634	0.00178	0.00266	0.01085	0.00526	0.00469
8	0.01329	0.01275	0.02179	0.03295	0.77787	0.01275	0.01647	0.01647	0.01222	0.01754	0.01010	0.01329	0.00850	0.00478	0.00531	0.00159	0.00638	0.00478	0.00266	0.00850
9	0.00751	0.00547	0.00676	0.00661	0.00783	0.00530	0.00491	0.00938	0.01200	0.01662	0.29527	0.03671	0.21794	0.09196	0.18089	0.00354	0.00544	0.00868	0.07249	0.00470
10	0.00781	0.00568	0.00752	0.00790	0.00912	0.00539	0.00635	0.01010	0.01348	0.01825	0.37263	0.10879	0.10139	0.01312	0.00679	0.00204	0.00351	0.28981	0.00539	0.00492
11	0.01464	0.08351	0.47694	0.01378	0.02031	0.01203	0.06161	0.01933	0.01243	0.21606	0.01255	0.01312	0.00858	0.00543	0.00512	0.00165	0.00695	0.00440	0.00344	0.00812
12	0.01109	0.01020	0.01562	0.20407	0.24403	0.04695	0.04587	0.01407	0.01208	0.01585	0.01682	0.03123	0.01653	0.00873	0.00614	0.00197	0.00630	0.28259	0.00346	0.00640
13	0.11708	0.01379	0.01649	0.01667	0.19596	0.01517	0.01123	0.46211	0.01948	0.02788	0.01132	0.01243	0.00849	0.00601	0.00566	0.00165	0.04120	0.00459	0.00435	0.00844
14	0.01368	0.01210	0.01665	0.13088	0.29401	0.01331	0.01249	0.10642	0.30135	0.02075	0.01481	0.01595	0.01139	0.00601	0.00538	0.00171	0.00562	0.00528	0.00400	0.00821
15	0.00735	0.00515	0.00645	0.00711	0.00789	0.00468	0.00483	0.00834	0.01051	0.03788	0.03092	0.57388	0.13740	0.09082	0.00857	0.00235	0.00333	0.01325	0.00481	0.03447
16	0.01719	0.01304	0.01517	0.01207	0.01569	0.01416	0.05553	0.55030	0.05452	0.02878	0.01607	0.15224	0.01400	0.00817	0.00569	0.00173	0.00554	0.00680	0.00514	0.00815
17	0.01376	0.10956	0.05622	0.05279	0.15576	0.04199	0.20296	0.06469	0.05940	0.04384	0.01107	0.01350	0.00875	0.00570	0.00678	0.00170	0.10357	0.00497	0.03560	0.00737

[dist]
# distance from previous block
# <min> <max>
0	3

[block]
# block no. 2 follows, 45 sequences, length 43
# corresponding to MSA columns:
# 665-707
name=unknown_C
#
# <colnr> <probs for GDERKNQSTAVLIFYWHMCP>
#	G	D	E	R	K	N	Q	S	T	A	V	L	I	F	Y	W	H	M	C	P
0	0.03602	0.01367	0.01375	0.01144	0.01485	0.07024	0.00911	0.41364	0.22326	0.02694	0.01659	0.09725	0.01360	0.00765	0.00546	0.00171	0.00540	0.00611	0.00512	0.00818
1	0.02008	0.01255	0.01504	0.11953	0.01857	0.01343	0.01017	0.44192	0.02035	0.25068	0.01486	0.01466	0.01008	0.00635	0.00538	0.00165	0.00569	0.00499	0.00533	0.00870
2	0.00884	0.00750	0.01140	0.34487	0.03958	0.00833	0.01032	0.01153	0.01171	0.01513	0.08121	0.09361	0.12433	0.01025	0.00622	0.00199	0.00529	0.19865	0.00388	0.00537
3	0.01272	0.42544	0.34648	0.01273	0.01879	0.01699	0.06781	0.01654	0.01121	0.01480	0.00862	0.01018	0.00694	0.00480	0.00435	0.00143	0.00690	0.00358	0.00231	0.00735
4	0.01898	0.02388	0.01648	0.01448	0.01726	0.68334	0.06451	0.02057	0.01457	0.01342	0.00840	0.01016	0.00701	0.00571	0.00578	0.00148	0.06121	0.00375	0.00273	0.00627
5	0.00654	0.00493	0.00606	0.00687	0.00765	0.00445	0.00474	0.00769	0.01109	0.01436	0.07778	0.55533	0.24187	0.01560	0.00668	0.00205	0.00297	0.01386	0.00503	0.00445
6	0.00683	0.00542	0.00575	0.00567	0.00734	0.00467	0.00425	0.00850	0.01276	0.01625	0.19430	0.04732	0.58287	0.01260	0.00617	0.00175	0.00267	0.01060	0.05963	0.00467
7	0.01522	0.12307	0.01739	0.01227	0.01609	0.01530	0.08710	0.21282	0.39534	0.02347	0.01643	0.01605	0.01237	0.00641	0.00525	0.00167	0.00538	0.00534	0.00472	0.00831
8	0.01077	0.02777	0.78354	0.01530	0.02323	0.01247	0.01983	0.01700	0.01133	0.01700	0.00963	0.01133	0.00680	0.00510	0.00510	0.00170	0.00793	0.00397	0.00227	0.00793
9	0.00634	0.00544	0.00544	0.00544	0.00725	0.00453	0.00408	0.00770	0.01224	0.01450	0.05438	0.05166	0.77569	0.01359	0.00634	0.00181	0.00272	0.01133	0.00498	0.00453
10	0.08878	0.01162	0.01587	0.37756	0.02588	0.01326	0.04837	0.25804	0.01575	0.07684	0.01135	0.01365	0.00817	0.00573	0.00524	0.00171	0.00639	0.00475	0.00376	0.00727
11	0.00651	0.00478	0.00612	0.00719	0.00771	0.00438	0.00486	0.00751	0.01055	0.01381	0.03299	0.70396	0.13720	0.01637	0.00678	0.00213	0.00306	0.01472	0.00498	0.00438
12	0.00654	0.00467	0.00623	0.00747	0.00779	0.00436	0.00498	0.00747	0.01028	0.01370	0.02959	0.80785	0.03550	0.01682	0.00685	0.00218	0.00311	0.01526	0.00498	0.00436
13	0.01182	0.01126	0.01914	0.38875	0.43350	0.01237	0.01575	0.01519	0.01153	0.01576	0.00984	0.01376	0.00788	0.00505	0.00534	0.00168	0.00674	0.00478	0.00253	0.00732
14	0.01361	0.17205	0.07578	0.11418	0.36570	0.01443	0.01384	0.10053	0.01316	0.01803	0.01010	0.01258	0.00819	0.00509	0.00488	0.00152	0.00624	0.00436	0.03795	0.00777
15	0.00654	0.00467	0.00623	0.00747	0.00779	0.00436	0.00498	0.00747	0.01028	0.01370	0.02959	0.80785	0.03550	0.01682	0.00685	0.00218	0.00311	0.01526	0.00498	0.00436
16	0.01380	0.01779	0.16766	0.04829	0.43108	0.14468	0.05218	0.01731	0.01247	0.01647	0.00967	0.01236	0.00782	0.00506	0.00546	0.00161	0.02140	0.00447	0.00259	0.00782
17	0.01174	0.01174	0.01644	0.01409	0.01409	0.01644	0.01174	0.01292	0.00822	0.01292	0.00705	0.01174	0.00705	0.00940	0.01762	0.00235	0.80153	0.00470	0.00235	0.00587
18	0.01223	0.01188	0.01916	0.25668	0.38884	0.03502	0.06163	0.01547	0.01176	0.01624	0.00985	0.01328	0.00796	0.00486	0.00521	0.00156	0.00657	0.00463	0.00265	0.11453
19	0.00977	0.00893	0.01171	0.01081	0.01154	0.05338	0.00866	0.01140	0.00885	0.01266	0.01149	0.01721	0.01084	0.02761	0.47810	0.00604	0.28780	0.00526	0.00269	0.00525
20	0.00634	0.00544	0.00544	0.00544	0.00725	0.00453	0.00408	0.00770	0.01224	0.01450	0.05438	0.05166	0.77569	0.01359	0.00634	0.00181	0.00272	0.01133	0.00498	0.00453
21	0.00760	0.00549	0.00718	0.00675	0.00802	0.00506	0.00506	0.01013	0.01519	0.02153	0.77503	0.04010	0.05065	0.01097	0.00633	0.00169	0.00253	0.00971	0.00591	0.00506
22	0.01247	0.01723	0.27141	0.01770	0.20153	0.01291	0.01420	0.02178	0.33351	0.01945	0.01494	0.01550	0.01129	0.00595	0.00531	0.00173	0.00599	0.00506	0.00372	0.00831
23	0.00775	0.00554	0.00762	0.00886	0.00970	0.00540	0.00709	0.00957	0.01147	0.01506	0.02892	0.37846	0.03285	0.01567	0.00717	0.00235	0.00416	0.43269	0.00496	0.00469
24	0.01093	0.01333	0.11294	0.21814	0.05472	0.01185	0.31892	0.01476	0.01162	0.01570	0.01438	0.07366	0.05967	0.00649	0.00638	0.00183	0.03870	0.00650	0.00287	0.00661
25	0.01435	0.81458	0.02813	0.00918	0.01378	0.02124	0.00918	0.01607	0.01091	0.01263	0.00746	0.00861	0.00689	0.00459	0.00344	0.00115	0.00574	0.00287	0.00230	0.00689
26	0.00781	0.00520	0.00585	0.00585	0.00585	0.00520	0.00325	0.00781	0.00781	0.01041	0.01691	0.03513	0.01952	0.81135	0.02732	0.00520	0.00520	0.00781	0.00325	0.00325
27	0.12322	0.00572	0.00617	0.00647	0.00716	0.00584	0.00423	0.00928	0.00917	0.01438	0.01990	0.28731	0.02236	0.35210	0.01475	0.00330	0.00408	0.00932	0.09107	0.00416
28	0.00926	0.00470	0.00706	0.00706	0.00710	0.00474	0.00474	0.00710	0.00706	0.00945	0.00952	0.01650	0.00949	0.01950	0.05127	0.81093	0.00504	0.00470	0.00235	0.00243
29	0.01435	0.81458	0.02813	0.00918	0.01378	0.02124	0.00918	0.01607	0.01091	0.01263	0.00746	0.00861	0.00689	0.00459	0.00344	0.00115	0.00574	0.00287	0.00230	0.00689
30	0.01553	0.47231	0.12889	0.01129	0.01615	0.08853	0.03562	0.10679	0.01336	0.05353	0.00927	0.01026	0.00750	0.00507	0.00422	0.00135	0.00647	0.00355	0.00293	0.00736
31	0.01390	0.01453	0.11810	0.05396	0.39198	0.01258	0.14387	0.04267	0.05462	0.08331	0.01184	0.01407	0.00904	0.00515	0.00548	0.00167	0.00678	0.00507	0.00319	0.00819
32	0.01892	0.02332	0.01515	0.01470	0.06906	0.67357	0.01047	0.02105	0.04639	0.01409	0.00934	0.01075	0.00768	0.00558	0.00486	0.00141	0.00895	0.00372	0.03455	0.00643
33	0.00634	0.00544	0.00544	0.00544	0.00725	0.00453	0.00408	0.00770	0.01224	0.01450	0.05438	0.05166	0.77569	0.01359	0.00634	0.00181	0.00272	0.01133	0.00498	0.00453
34	0.00767	0.00575	0.00863	0.00863	0.00959	0.00671	0.00671	0.00959	0.00863	0.01246	0.01438	0.02109	0.01342	0.04026	0.79008	0.00863	0.01438	0.00575	0.00288	0.00479
35	0.00634	0.00544	0.00544	0.00544	0.00725	0.00453	0.00408	0.00770	0.01224	0.01450	0.05438	0.05166	0.77569	0.01359	0.00634	0.00181	0.00272	0.01133	0.00498	0.00453
36	0.00713	0.00535	0.00661	0.00655	0.00780	0.00483	0.00481	0.00913	0.01371	0.01860	0.48425	0.16312	0.22338	0.01252	0.00642	0.00180	0.00267	0.01097	0.00554	0.00483
37	0.00847	0.00621	0.00790	0.00873	0.00982	0.00633	0.00680	0.01204	0.11525	0.01616	0.02741	0.37065	0.02991	0.01416	0.00670	0.00219	0.00393	0.29089	0.05126	0.00519
38	0.01077	0.02777	0.78354	0.01530	0.02323	0.01247	0.01983	0.01700	0.01133	0.01700	0.00963	0.01133	0.00680	0.00510	0.00510	0.00170	0.00793	0.00397	0.00227	0.00793
39	0.00741	0.00543	0.00775	0.00805	0.00875	0.00598	0.00592	0.00888	0.00894	0.01254	0.01832	0.21260	0.01941	0.11738	0.51904	0.00670	0.01067	0.00827	0.00343	0.00452
40	0.01001	0.00500	0.00500	0.00500	0.00625	0.00500	0.00375	0.01251	0.01126	0.02001	0.01751	0.02001	0.01376	0.00625	0.00375	0.00125	0.00250	0.00500	0.84115	0.00500
41	0.01769	0.13563	0.14704	0.01343	0.01733	0.55141	0.01181	0.01994	0.01396	0.01372	0.00841	0.00981	0.00689	0.00533	0.00469	0.00140	0.00884	0.00346	0.00262	0.00660
42	0.05193	0.00936	0.01183	0.00946	0.01314	0.00885	0.00769	0.05332	0.11893	0.54009	0.09891	0.02021	0.01716	0.00711	0.00542	0.00168	0.00435	0.00582	0.00623	0.00850

[dist]
# distance from previous block
# <min> <max>
0	1

[block]
# block no. 3 follows, 45 sequences, length 8
# corresponding to MSA columns:
# 709-716
name=unknown_D
#
# <colnr> <probs for GDERKNQSTAVLIFYWHMCP>
#	G	D	E	R	K	N	Q	S	T	A	V	L	I	F	Y	W	H	M	C	P
0	0.02020	0.02111	0.01559	0.01320	0.01662	0.46176	0.01030	0.33479	0.01947	0.02192	0.01024	0.01104	0.00785	0.00592	0.00506	0.00148	0.00808	0.00404	0.00387	0.00746
1	0.00654	0.00467	0.00623	0.00747	0.00779	0.00436	0.00498	0.00747	0.01028	0.01370	0.02959	0.80785	0.03550	0.01682	0.00685	0.00218	0.00311	0.01526	0.00498	0.00436
2	0.01807	0.01371	0.01531	0.01216	0.01555	0.01557	0.00996	0.59668	0.02171	0.02934	0.01354	0.08080	0.01111	0.00772	0.00712	0.00176	0.11096	0.00571	0.00494	0.00829
3	0.08179	0.01098	0.01274	0.01026	0.01364	0.01172	0.00839	0.22767	0.10097	0.29408	0.01636	0.01585	0.01142	0.00673	0.00613	0.00169	0.07291	0.00503	0.08350	0.00815
4	0.00793	0.00573	0.00742	0.00727	0.00771	0.00624	0.00499	0.00887	0.00879	0.01226	0.08641	0.02974	0.01977	0.43855	0.28136	0.00589	0.04652	0.00714	0.00333	0.00407
5	0.00634	0.00544	0.00544	0.00544	0.00725	0.00453	0.00408	0.00770	0.01224	0.01450	0.05438	0.05166	0.77569	0.01359	0.00634	0.00181	0.00272	0.01133	0.00498	0.00453
6	0.01168	0.01112	0.01889	0.42325	0.40011	0.01233	0.01568	0.01507	0.01146	0.01559	0.00981	0.01381	0.00782	0.00508	0.00534	0.00169	0.00677	0.00478	0.00252	0.00721
7	0.01432	0.01250	0.01899	0.05486	0.19135	0.01310	0.16738	0.15219	0.20302	0.04838	0.01511	0.05864	0.01208	0.00640	0.00566	0.00174	0.00611	0.00603	0.00411	0.00803

[dist]
# distance from previous block
# <min> <max>
0	1

[block]
# block no. 4 follows, 45 sequences, length 43
# corresponding to MSA columns:
# 718-760
name=unknown_E
#
# <colnr> <probs for GDERKNQSTAVLIFYWHMCP>
#	G	D	E	R	K	N	Q	S	T	A	V	L	I	F	Y	W	H	M	C	P
0	0.01255	0.01256	0.02155	0.23961	0.43488	0.03801	0.13060	0.01599	0.01198	0.01630	0.01000	0.01363	0.00803	0.00493	0.00547	0.00167	0.00711	0.00498	0.00260	0.00754
1	0.01669	0.01068	0.01326	0.10899	0.03969	0.01105	0.00922	0.15117	0.18650	0.24210	0.04259	0.01811	0.03538	0.00664	0.00533	0.00163	0.00493	0.00546	0.00511	0.08545
2	0.00660	0.00472	0.00628	0.00744	0.00780	0.00440	0.00499	0.00762	0.01054	0.01412	0.06968	0.76655	0.03632	0.01650	0.00682	0.00215	0.00308	0.01496	0.00503	0.00440
3	0.01275	0.17069	0.01582	0.12433	0.01695	0.03444	0.00865	0.08377	0.01246	0.01737	0.00940	0.01122	0.00770	0.00458	0.00423	0.00110	0.00514	0.00351	0.00308	0.45281
4	0.01077	0.02777	0.78354	0.01530	0.02323	0.01247	0.01983	0.01700	0.01133	0.01700	0.00963	0.01133	0.00680	0.00510	0.00510	0.00170	0.00793	0.00397	0.00227	0.00793
5	0.17464	0.03028	0.01412	0.01242	0.08474	0.01329	0.00923	0.32657	0.06641	0.17003	0.01414	0.03743	0.01045	0.00638	0.00499	0.00165	0.00517	0.00492	0.00490	0.00822
6	0.01436	0.01261	0.01267	0.01121	0.01435	0.05542	0.00875	0.09572	0.65903	0.02300	0.02029	0.01881	0.01521	0.00711	0.00542	0.00178	0.00469	0.00581	0.00531	0.00843
7	0.00978	0.00505	0.00520	0.00516	0.00642	0.00501	0.00387	0.01229	0.01162	0.02015	0.08750	0.02187	0.01717	0.00669	0.00399	0.00129	0.00250	0.00544	0.76398	0.00501
8	0.01116	0.01058	0.01795	0.54987	0.27756	0.01219	0.01542	0.01461	0.01122	0.01496	0.00972	0.01398	0.00759	0.00518	0.00535	0.00173	0.00690	0.00477	0.00247	0.00679
9	0.00789	0.00626	0.00898	0.15039	0.01373	0.00690	0.00741	0.00978	0.00991	0.01318	0.02242	0.10169	0.13417	0.10486	0.31765	0.00493	0.00858	0.06298	0.00350	0.00478
10	0.00779	0.00525	0.00611	0.00611	0.00620	0.00534	0.00357	0.00797	0.00788	0.01060	0.01668	0.03383	0.01895	0.74011	0.09779	0.00552	0.00605	0.00762	0.00322	0.00339
11	0.00650	0.00484	0.00606	0.00703	0.00767	0.00440	0.00479	0.00752	0.01070	0.01388	0.03497	0.64377	0.19611	0.01612	0.00674	0.00210	0.00303	0.01441	0.00498	0.00440
12	0.01079	0.01080	0.02008	0.59997	0.03469	0.01235	0.20511	0.01461	0.01123	0.01461	0.00988	0.01435	0.00741	0.00515	0.00561	0.00179	0.00764	0.00517	0.00247	0.00629
13	0.01180	0.01268	0.02668	0.01986	0.02438	0.01197	0.59569	0.01588	0.01260	0.01695	0.01467	0.02448	0.01308	0.00676	0.00657	0.00195	0.00816	0.16591	0.00320	0.00674
14	0.00654	0.00467	0.00623	0.00747	0.00779	0.00436	0.00498	0.00747	0.01028	0.01370	0.02959	0.80785	0.03550	0.01682	0.00685	0.00218	0.00311	0.01526	0.00498	0.00436
15	0.02379	0.00920	0.01245	0.00959	0.01371	0.00804	0.00791	0.02622	0.03569	0.76108	0.02120	0.01832	0.01337	0.00666	0.00540	0.00167	0.00456	0.00542	0.00661	0.00912
16	0.01564	0.05478	0.13761	0.01011	0.01375	0.00926	0.00924	0.07629	0.04329	0.30549	0.02008	0.22691	0.01773	0.02683	0.00612	0.00186	0.00490	0.00769	0.00503	0.00739
17	0.02408	0.00914	0.01246	0.00955	0.01370	0.00789	0.00789	0.02616	0.01536	0.78158	0.02118	0.01827	0.01329	0.00664	0.00540	0.00166	0.00457	0.00540	0.00664	0.00914
18	0.00716	0.00516	0.00681	0.00728	0.00812	0.00481	0.00526	0.00892	0.01265	0.01737	0.36159	0.39856	0.05646	0.01401	0.00665	0.00197	0.00298	0.06415	0.00539	0.00472
19	0.01197	0.01348	0.06968	0.24624	0.19302	0.01286	0.34102	0.01603	0.01194	0.01626	0.01024	0.01399	0.00786	0.00486	0.00576	0.00175	0.00786	0.00541	0.00258	0.00719
20	0.00767	0.00575	0.00863	0.00863	0.00959	0.00671	0.00671	0.00959	0.00863	0.01246	0.01438	0.02109	0.01342	0.04026	0.79008	0.00863	0.01438	0.00575	0.00288	0.00479
21	0.00819	0.00585	0.00812	0.00936	0.01040	0.00578	0.00785	0.01033	0.01191	0.01555	0.02867	0.22270	0.03189	0.01526	0.00729	0.00241	0.00455	0.58410	0.00495	0.00482
22	0.01014	0.00954	0.01610	0.79845	0.03697	0.01193	0.01491	0.01371	0.01073	0.01371	0.00954	0.01431	0.00716	0.00537	0.00537	0.00179	0.00716	0.00477	0.00239	0.00596
23	0.01690	0.04464	0.21960	0.01397	0.01918	0.02879	0.14694	0.09517	0.04897	0.26849	0.01434	0.01460	0.00985	0.00584	0.00573	0.00169	0.02780	0.00501	0.00425	0.00822
24	0.01901	0.02385	0.01537	0.01386	0.01628	0.69318	0.01054	0.02037	0.01434	0.01311	0.00814	0.00994	0.00693	0.00601	0.00644	0.00150	0.10861	0.00361	0.00271	0.00618
25	0.01556	0.57104	0.06964	0.01071	0.01504	0.21257	0.01011	0.01747	0.01201	0.01301	0.00780	0.00904	0.00689	0.00486	0.00389	0.00124	0.00685	0.00308	0.00241	0.00678
26	0.00714	0.00547	0.00654	0.00627	0.00774	0.00487	0.00470	0.00924	0.01411	0.01895	0.51124	0.04433	0.31605	0.01193	0.00634	0.00173	0.00260	0.01030	0.00557	0.00487
27	0.01881	0.01349	0.01440	0.01122	0.01505	0.01486	0.00921	0.64512	0.02309	0.03171	0.01360	0.01398	0.00984	0.00641	0.00512	0.00156	0.00538	0.00486	0.13378	0.00849
28	0.01174	0.01174	0.01644	0.01409	0.01409	0.01644	0.01174	0.01292	0.00822	0.01292	0.00705	0.01174	0.00705	0.00940	0.01762	0.00235	0.80153	0.00470	0.00235	0.00587
29	0.00748	0.00507	0.00595	0.00627	0.00635	0.00499	0.00370	0.00772	0.00844	0.01125	0.02016	0.23281	0.02361	0.60808	0.02208	0.00443	0.00467	0.00971	0.00370	0.00354
30	0.01435	0.81458	0.02813	0.00918	0.01378	0.02124	0.00918	0.01607	0.01091	0.01263	0.00746	0.00861	0.00689	0.00459	0.00344	0.00115	0.00574	0.00287	0.00230	0.00689
31	0.00654	0.00467	0.00623	0.00747	0.00779	0.00436	0.00498	0.00747	0.01028	0.01370	0.02959	0.80785	0.03550	0.01682	0.00685	0.00218	0.00311	0.01526	0.00498	0.00436
32	0.01329	0.01275	0.02179	0.03295	0.77787	0.01275	0.01647	0.01647	0.01222	0.01754	0.01010	0.01329	0.00850	0.00478	0.00531	0.00159	0.00638	0.00478	0.00266	0.00850
33	0.01113	0.00954	0.01113	0.00795	0.01272	0.00716	0.00636	0.01352	0.01113	0.01749	0.00954	0.01113	0.00795	0.00398	0.00398	0.00080	0.00398	0.00318	0.00318	0.84417
34	0.01612	0.01257	0.02432	0.01779	0.02232	0.01208	0.45703	0.01958	0.01309	0.25347	0.01370	0.01540	0.00964	0.00563	0.00709	0.00181	0.08088	0.00589	0.00390	0.00770
35	0.02005	0.02558	0.01521	0.01383	0.01659	0.78980	0.01037	0.02143	0.01521	0.01314	0.00830	0.00968	0.00691	0.00553	0.00484	0.00138	0.00968	0.00346	0.00277	0.00622
36	0.00652	0.00474	0.00616	0.00729	0.00774	0.00438	0.00490	0.00750	0.01046	0.01378	0.03188	0.73799	0.10389	0.01652	0.00680	0.00215	0.00308	0.01490	0.00498	0.00438
37	0.00654	0.00467	0.00623	0.00747	0.00779	0.00436	0.00498	0.00747	0.01028	0.01370	0.02959	0.80785	0.03550	0.01682	0.00685	0.00218	0.00311	0.01526	0.00498	0.00436
38	0.00654	0.00467	0.00623	0.00747	0.00779	0.00436	0.00498	0.00747	0.01028	0.01370	0.02959	0.80785	0.03550	0.01682	0.00685	0.00218	0.00311	0.01526	0.00498	0.00436
39	0.01359	0.01201	0.01326	0.01315	0.08462	0.03599	0.00944	0.05012	0.60834	0.02164	0.01986	0.01986	0.01532	0.00726	0.00582	0.00181	0.02670	0.02792	0.00502	0.00827
40	0.01108	0.01045	0.01766	0.53405	0.26878	0.01201	0.01521	0.01450	0.01125	0.01499	0.01029	0.01540	0.00830	0.00547	0.00541	0.00175	0.00684	0.02728	0.00255	0.00673
41	0.19115	0.01601	0.19740	0.01108	0.01525	0.08157	0.01068	0.10324	0.08869	0.05210	0.05030	0.01541	0.04527	0.00715	0.02238	0.00182	0.04533	0.00472	0.00374	0.03671
42	0.01881	0.01302	0.01568	0.03922	0.15434	0.11312	0.03963	0.12411	0.03309	0.30234	0.01472	0.01505	0.01043	0.01905	0.00561	0.00162	0.00597	0.00488	0.00463	0.06467

[dist]
# distance from previous block
# <min> <max>
0	3

[block]
# block no. 5 follows, 45 sequences, length 18
# corresponding to MSA columns:
# 776-793
name=unknown_F
#
# <colnr> <probs for GDERKNQSTAVLIFYWHMCP>
#	G	D	E	R	K	N	Q	S	T	A	V	L	I	F	Y	W	H	M	C	P
0	0.01541	0.01528	0.01345	0.01232	0.03156	0.27211	0.03736	0.04559	0.26365	0.06707	0.01719	0.13806	0.01506	0.00799	0.00574	0.00172	0.02257	0.00649	0.00433	0.00705
1	0.00790	0.00589	0.00800	0.00763	0.00872	0.00612	0.00573	0.00987	0.01153	0.01645	0.35210	0.03047	0.03025	0.11117	0.30625	0.00470	0.03155	0.00762	0.00426	0.03381
2	0.01197	0.00913	0.01034	0.00899	0.01140	0.00966	0.00708	0.21814	0.14275	0.02358	0.29714	0.03050	0.10819	0.02706	0.03260	0.00203	0.00430	0.03309	0.00540	0.00664
3	0.00654	0.00467	0.00623	0.00747	0.00779	0.00436	0.00498	0.00747	0.01028	0.01370	0.02959	0.80785	0.03550	0.01682	0.00685	0.00218	0.00311	0.01526	0.00498	0.00436
4	0.01329	0.01275	0.02179	0.03295	0.77787	0.01275	0.01647	0.01647	0.01222	0.01754	0.01010	0.01329	0.00850	0.00478	0.00531	0.00159	0.00638	0.00478	0.00266	0.00850
5	0.00728	0.00545	0.00676	0.00650	0.00784	0.00492	0.00485	0.00950	0.01436	0.01970	0.58987	0.07206	0.20760	0.01177	0.00635	0.00173	0.00260	0.01027	0.00567	0.00492
6	0.21086	0.00894	0.01056	0.00846	0.01209	0.00850	0.00694	0.02222	0.01347	0.52085	0.01763	0.01629	0.01164	0.00622	0.00473	0.00161	0.00423	0.00478	0.10209	0.00790
7	0.01435	0.81458	0.02813	0.00918	0.01378	0.02124	0.00918	0.01607	0.01091	0.01263	0.00746	0.00861	0.00689	0.00459	0.00344	0.00115	0.00574	0.00287	0.00230	0.00689
8	0.00781	0.00520	0.00585	0.00585	0.00585	0.00520	0.00325	0.00781	0.00781	0.01041	0.01691	0.03513	0.01952	0.81135	0.02732	0.00520	0.00520	0.00781	0.00325	0.00325
9	0.84927	0.01038	0.00789	0.00706	0.01038	0.01204	0.00581	0.01578	0.00914	0.02408	0.00747	0.00872	0.00581	0.00498	0.00332	0.00166	0.00415	0.00291	0.00332	0.00581
10	0.00781	0.00520	0.00585	0.00585	0.00585	0.00520	0.00325	0.00781	0.00781	0.01041	0.01691	0.03513	0.01952	0.81135	0.02732	0.00520	0.00520	0.00781	0.00325	0.00325
11	0.02408	0.00914	0.01246	0.00955	0.01370	0.00789	0.00789	0.02616	0.01536	0.78158	0.02118	0.01827	0.01329	0.00664	0.00540	0.00166	0.00457	0.00540	0.00664	0.00914
12	0.01387	0.01457	0.02926	0.02103	0.02628	0.01405	0.64215	0.13258	0.01462	0.01978	0.01117	0.01423	0.00830	0.00482	0.00618	0.00178	0.00856	0.00610	0.00313	0.00753
13	0.01074	0.01037	0.01589	0.21036	0.01995	0.01338	0.05824	0.01280	0.00959	0.01367	0.01133	0.08320	0.01124	0.00909	0.01221	0.00217	0.42918	0.05801	0.00279	0.00579
14	0.00679	0.00489	0.00647	0.00755	0.00806	0.00457	0.00526	0.00798	0.01088	0.01449	0.08333	0.66154	0.06434	0.01611	0.00684	0.00216	0.00321	0.07602	0.00505	0.00447
15	0.01283	0.01526	0.14544	0.02785	0.54477	0.01281	0.07913	0.01737	0.05919	0.01773	0.01082	0.01349	0.00869	0.00497	0.00537	0.00164	0.00672	0.00486	0.00277	0.00830
16	0.00839	0.13113	0.01032	0.00792	0.00946	0.00740	0.00599	0.00970	0.01058	0.01410	0.02379	0.55272	0.02765	0.01334	0.00602	0.00188	0.00372	0.05047	0.00436	0.10108
17	0.41435	0.12597	0.11550	0.00987	0.01375	0.16727	0.00910	0.01678	0.01085	0.01879	0.00829	0.00989	0.00671	0.00690	0.04510	0.00191	0.00651	0.00330	0.00291	0.00627

[dist]
# distance from previous block
# <min> <max>
0	1

[block]
# block no. 6 follows, 45 sequences, length 18
# corresponding to MSA columns:
# 795-812
name=unknown_G
#
# <colnr> <probs for GDERKNQSTAVLIFYWHMCP>
#	G	D	E	R	K	N	Q	S	T	A	V	L	I	F	Y	W	H	M	C	P
0	0.01138	0.02351	0.54258	0.01765	0.02478	0.01282	0.25652	0.01706	0.01176	0.01706	0.01003	0.01234	0.00723	0.00492	0.00550	0.00174	0.00829	0.00473	0.00241	0.00771
1	0.00862	0.01627	0.38249	0.01051	0.01522	0.00846	0.01198	0.01238	0.01175	0.01577	0.03057	0.05498	0.34112	0.00964	0.00581	0.00180	0.00538	0.04738	0.00367	0.00620
2	0.01931	0.02447	0.01686	0.01471	0.01774	0.71191	0.08543	0.02101	0.01496	0.01354	0.00855	0.01016	0.00704	0.00543	0.00499	0.00143	0.00962	0.00375	0.00276	0.00633
3	0.01344	0.04272	0.04144	0.01650	0.02089	0.01380	0.35791	0.07973	0.29238	0.02025	0.01536	0.01727	0.01176	0.00597	0.00583	0.00179	0.00678	0.02443	0.00397	0.00780
4	0.01453	0.01172	0.02157	0.01621	0.02048	0.01117	0.39472	0.01954	0.11265	0.18494	0.01830	0.04663	0.05210	0.00673	0.00608	0.00182	0.00671	0.04238	0.00424	0.00747
5	0.00688	0.00502	0.00647	0.00704	0.00781	0.00461	0.00492	0.00839	0.01212	0.01641	0.28310	0.47685	0.11141	0.01454	0.00663	0.00198	0.00288	0.01301	0.00530	0.00461
6	0.01329	0.01275	0.02179	0.03295	0.77787	0.01275	0.01647	0.01647	0.01222	0.01754	0.01010	0.01329	0.00850	0.00478	0.00531	0.00159	0.00638	0.00478	0.00266	0.00850
7	0.84927	0.01038	0.00789	0.00706	0.01038	0.01204	0.00581	0.01578	0.00914	0.02408	0.00747	0.00872	0.00581	0.00498	0.00332	0.00166	0.00415	0.00291	0.00332	0.00581
8	0.02001	0.01484	0.01589	0.01227	0.01650	0.01646	0.01011	0.71880	0.06706	0.03319	0.01339	0.01329	0.00954	0.00649	0.00538	0.00162	0.00581	0.00490	0.00538	0.00909
9	0.01038	0.00873	0.01045	0.00798	0.01197	0.00687	0.00627	0.01259	0.01080	0.01665	0.01178	0.08203	0.01092	0.00874	0.08311	0.00170	0.00494	0.00450	0.00331	0.68626
10	0.00654	0.00467	0.00623	0.00747	0.00779	0.00436	0.00498	0.00747	0.01028	0.01370	0.02959	0.80785	0.03550	0.01682	0.00685	0.00218	0.00311	0.01526	0.00498	0.00436
11	0.00767	0.00575	0.00863	0.00863	0.00959	0.00671	0.00671	0.00959	0.00863	0.01246	0.01438	0.02109	0.01342	0.04026	0.79008	0.00863	0.01438	0.00575	0.00288	0.00479
12	0.00865	0.00618	0.00865	0.00989	0.01112	0.00618	0.00865	0.01112	0.01236	0.01606	0.02842	0.06055	0.03089	0.01483	0.00741	0.00247	0.00494	0.74174	0.00494	0.00494
13	0.02408	0.00914	0.01246	0.00955	0.01370	0.00789	0.00789	0.02616	0.01536	0.78158	0.02118	0.01827	0.01329	0.00664	0.00540	0.00166	0.00457	0.00540	0.00664	0.00914
14	0.01113	0.00954	0.01113	0.00795	0.01272	0.00716	0.00636	0.01352	0.01113	0.01749	0.00954	0.01113	0.00795	0.00398	0.00398	0.00080	0.00398	0.00318	0.00318	0.84417
15	0.01077	0.02777	0.78354	0.01530	0.02323	0.01247	0.01983	0.01700	0.01133	0.01700	0.00963	0.01133	0.00680	0.00510	0.00510	0.00170	0.00793	0.00397	0.00227	0.00793
16	0.00634	0.00544	0.00544	0.00544	0.00725	0.00453	0.00408	0.00770	0.01224	0.01450	0.05438	0.05166	0.77569	0.01359	0.00634	0.00181	0.00272	0.01133	0.00498	0.00453
17	0.00713	0.00522	0.00669	0.00685	0.00786	0.00478	0.00494	0.00903	0.01331	0.01829	0.46123	0.28735	0.12115	0.01312	0.00650	0.00186	0.00274	0.01166	0.00552	0.00478

[dist]
# distance from previous block
# <min> <max>
0	1

[block]
# block no. 7 follows, 45 sequences, length 138
# corresponding to MSA columns:
# 814-828,830-857,859-952,958
name=unknown_H
#
# <colnr> <probs for GDERKNQSTAVLIFYWHMCP>
#	G	D	E	R	K	N	Q	S	T	A	V	L	I	F	Y	W	H	M	C	P
0	0.01459	0.01388	0.01921	0.06876	0.50618	0.10917	0.01432	0.07103	0.01331	0.04543	0.01054	0.01333	0.00862	0.00671	0.03838	0.00190	0.02904	0.00468	0.00300	0.00792
1	0.01290	0.01265	0.01699	0.09756	0.10068	0.05760	0.04194	0.05660	0.10226	0.01598	0.00997	0.01324	0.00850	0.00765	0.01171	0.00203	0.41714	0.00488	0.00296	0.00674
2	0.01471	0.01297	0.02119	0.04843	0.07480	0.01328	0.31247	0.24873	0.04785	0.02286	0.01271	0.01484	0.00951	0.00552	0.00555	0.00166	0.00675	0.00551	0.11302	0.00763
3	0.00767	0.00575	0.00863	0.00863	0.00959	0.00671	0.00671	0.00959	0.00863	0.01246	0.01438	0.02109	0.01342	0.04026	0.79008	0.00863	0.01438	0.00575	0.00288	0.00479
4	0.30957	0.47040	0.02000	0.00879	0.01279	0.07667	0.00809	0.01638	0.01061	0.01671	0.00753	0.00873	0.00651	0.00480	0.00351	0.00135	0.00548	0.00293	0.00269	0.00646
5	0.01917	0.00924	0.01176	0.00890	0.01309	0.00781	0.00727	0.04687	0.01417	0.47687	0.01708	0.01597	0.01151	0.00579	0.00487	0.00137	0.00432	0.00467	0.05139	0.26791
6	0.01546	0.01217	0.03984	0.12353	0.41335	0.01203	0.01379	0.07613	0.05380	0.16703	0.01301	0.01466	0.00968	0.00549	0.00534	0.00165	0.00602	0.00495	0.00374	0.00833
7	0.02408	0.00914	0.01246	0.00955	0.01370	0.00789	0.00789	0.02616	0.01536	0.78158	0.02118	0.01827	0.01329	0.00664	0.00540	0.00166	0.00457	0.00540	0.00664	0.00914
8	0.01435	0.81458	0.02813	0.00918	0.01378	0.02124	0.00918	0.01607	0.01091	0.01263	0.00746	0.00861	0.00689	0.00459	0.00344	0.00115	0.00574	0.00287	0.00230	0.00689
9	0.00654	0.00467	0.00623	0.00747	0.00779	0.00436	0.00498	0.00747	0.01028	0.01370	0.02959	0.80785	0.03550	0.01682	0.00685	0.00218	0.00311	0.01526	0.00498	0.00436
10	0.00932	0.00466	0.00699	0.00699	0.00699	0.00466	0.00466	0.00699	0.00699	0.00932	0.00932	0.01632	0.00932	0.01865	0.02098	0.84382	0.00466	0.00466	0.00233	0.00233
11	0.02041	0.01504	0.01611	0.01235	0.01665	0.01665	0.01020	0.75997	0.02524	0.03383	0.01289	0.01289	0.00913	0.00644	0.00537	0.00161	0.00591	0.00483	0.00537	0.00913
12	0.00688	0.00546	0.00618	0.00600	0.00758	0.00476	0.00450	0.00874	0.01350	0.01751	0.36269	0.04671	0.46550	0.01247	0.00634	0.00176	0.00264	0.01064	0.00538	0.00476
13	0.84927	0.01038	0.00789	0.00706	0.01038	0.01204	0.00581	0.01578	0.00914	0.02408	0.00747	0.00872	0.00581	0.00498	0.00332	0.00166	0.00415	0.00291	0.00332	0.00581
14	0.00765	0.00547	0.00702	0.00663	0.00792	0.00504	0.00498	0.01015	0.01493	0.02122	0.71847	0.03966	0.07418	0.01087	0.00622	0.00167	0.00254	0.00957	0.04076	0.00504
15	0.00634	0.00544	0.00544	0.00544	0.00725	0.00453	0.00408	0.00770	0.01224	0.01450	0.05438	0.05166	0.77569	0.01359	0.00634	0.00181	0.00272	0.01133	0.00498	0.00453
16	0.00654	0.00467	0.00623	0.00747	0.00779	0.00436	0.00498	0.00747	0.01028	0.01370	0.02959	0.80785	0.03550	0.01682	0.00685	0.00218	0.00311	0.01526	0.00498	0.00436
17	0.00767	0.00575	0.00863	0.00863	0.00959	0.00671	0.00671	0.00959	0.00863	0.01246	0.01438	0.02109	0.01342	0.04026	0.79008	0.00863	0.01438	0.00575	0.00288	0.00479
18	0.01077	0.02777	0.78354	0.01530	0.02323	0.01247	0.01983	0.01700	0.01133	0.01700	0.00963	0.01133	0.00680	0.00510	0.00510	0.00170	0.00793	0.00397	0.00227	0.00793
19	0.01001	0.00500	0.00500	0.00500	0.00625	0.00500	0.00375	0.01251	0.01126	0.02001	0.01751	0.02001	0.01376	0.00625	0.00375	0.00125	0.00250	0.00500	0.84115	0.00500
20	0.00654	0.00467	0.00623	0.00747	0.00779	0.00436	0.00498	0.00747	0.01028	0.01370	0.02959	0.80785	0.03550	0.01682	0.00685	0.00218	0.00311	0.01526	0.00498	0.00436
21	0.00781	0.00520	0.00585	0.00585	0.00585	0.00520	0.00325	0.00781	0.00781	0.01041	0.01691	0.03513	0.01952	0.81135	0.02732	0.00520	0.00520	0.00781	0.00325	0.00325
22	0.84927	0.01038	0.00789	0.00706	0.01038	0.01204	0.00581	0.01578	0.00914	0.02408	0.00747	0.00872	0.00581	0.00498	0.00332	0.00166	0.00415	0.00291	0.00332	0.00581
23	0.01333	0.01190	0.01982	0.20555	0.49208	0.01258	0.03388	0.04090	0.01235	0.05975	0.01058	0.01376	0.00842	0.00524	0.00583	0.00168	0.03677	0.00485	0.00290	0.00784
24	0.02353	0.00915	0.01240	0.00948	0.01366	0.00786	0.00782	0.02562	0.01518	0.74881	0.02068	0.01796	0.01306	0.00653	0.00534	0.00162	0.00454	0.00530	0.00650	0.04496
25	0.01113	0.00954	0.01113	0.00795	0.01272	0.00716	0.00636	0.01352	0.01113	0.01749	0.00954	0.01113	0.00795	0.00398	0.00398	0.00080	0.00398	0.00318	0.00318	0.84417
26	0.00767	0.00575	0.00863	0.00863	0.00959	0.00671	0.00671	0.00959	0.00863	0.01246	0.01438	0.02109	0.01342	0.04026	0.79008	0.00863	0.01438	0.00575	0.00288	0.00479
27	0.01965	0.01466	0.01569	0.01220	0.01636	0.01630	0.01002	0.68207	0.10436	0.03262	0.01384	0.01365	0.00990	0.00653	0.00538	0.00163	0.00573	0.00496	0.00538	0.00906
28	0.02041	0.01504	0.01611	0.01235	0.01665	0.01665	0.01020	0.75997	0.02524	0.03383	0.01289	0.01289	0.00913	0.00644	0.00537	0.00161	0.00591	0.00483	0.00537	0.00913
29	0.01297	0.01119	0.01782	0.29715	0.28544	0.01231	0.04487	0.01805	0.12784	0.07738	0.01253	0.01508	0.00956	0.00564	0.00575	0.00173	0.02879	0.00509	0.00330	0.00753
30	0.01670	0.01348	0.01401	0.01164	0.01524	0.03504	0.00931	0.35783	0.41391	0.02734	0.01746	0.01654	0.01287	0.00686	0.00540	0.00171	0.00514	0.00544	0.00535	0.00872
31	0.00659	0.00525	0.00593	0.00625	0.00758	0.00459	0.00455	0.00799	0.01203	0.01509	0.12562	0.25693	0.47520	0.01422	0.00651	0.00192	0.00286	0.03123	0.00508	0.00455
32	0.01203	0.03265	0.43134	0.01524	0.02064	0.01322	0.10664	0.01644	0.01098	0.05805	0.00978	0.01214	0.00742	0.00607	0.00812	0.00182	0.19251	0.00446	0.00261	0.03785
33	0.01077	0.02777	0.78354	0.01530	0.02323	0.01247	0.01983	0.01700	0.01133	0.01700	0.00963	0.01133	0.00680	0.00510	0.00510	0.00170	0.00793	0.00397	0.00227	0.00793
34	0.00659	0.00469	0.00621	0.00742	0.00772	0.00439	0.00492	0.00749	0.01019	0.01358	0.02912	0.77973	0.03492	0.04573	0.00760	0.00229	0.00319	0.01499	0.00492	0.00432
35	0.01220	0.00620	0.00839	0.00833	0.00993	0.00562	0.00621	0.01363	0.01205	0.25361	0.02686	0.49554	0.02816	0.01347	0.00645	0.00204	0.00373	0.07618	0.00550	0.00590
36	0.15492	0.10687	0.23477	0.01115	0.01525	0.01114	0.06042	0.02964	0.02576	0.03311	0.01554	0.22265	0.01549	0.00851	0.00525	0.00179	0.00555	0.03229	0.00351	0.00642
37	0.01108	0.01051	0.01781	0.56803	0.25998	0.01218	0.01538	0.01455	0.01118	0.01487	0.00971	0.01400	0.00756	0.00519	0.00535	0.00173	0.00692	0.00477	0.00247	0.00673
38	0.00643	0.00544	0.00556	0.00553	0.00731	0.00457	0.00415	0.00788	0.01245	0.01500	0.10568	0.05084	0.72407	0.01341	0.00634	0.00180	0.00271	0.01121	0.00505	0.00457
39	0.01135	0.01111	0.01852	0.39450	0.13861	0.01332	0.09252	0.01481	0.03677	0.01476	0.00961	0.01378	0.00775	0.00620	0.00832	0.00189	0.19212	0.00497	0.00256	0.00654
40	0.01441	0.01427	0.01606	0.27110	0.15757	0.17981	0.01245	0.12695	0.07482	0.01794	0.01196	0.05700	0.00993	0.00624	0.00533	0.00166	0.00692	0.00518	0.00335	0.00705
41	0.01762	0.01375	0.04278	0.01007	0.01296	0.25121	0.00807	0.01958	0.01380	0.28135	0.01711	0.11522	0.01392	0.00745	0.00511	0.00157	0.00576	0.00591	0.14991	0.00686
42	0.01220	0.23549	0.36339	0.04699	0.02183	0.01507	0.16583	0.01715	0.04393	0.01596	0.00982	0.01173	0.00752	0.00495	0.00493	0.00158	0.00738	0.00427	0.00251	0.00746
43	0.01319	0.01054	0.01516	0.08028	0.26446	0.00945	0.01052	0.01590	0.01192	0.10197	0.01101	0.01288	0.00866	0.00465	0.00468	0.00123	0.00508	0.00408	0.00333	0.41099
44	0.00634	0.00544	0.00544	0.00544	0.00725	0.00453	0.00408	0.00770	0.01224	0.01450	0.05438	0.05166	0.77569	0.01359	0.00634	0.00181	0.00272	0.01133	0.00498	0.00453
45	0.01407	0.07537	0.14230	0.02677	0.02855	0.04187	0.01044	0.05420	0.34112	0.10178	0.09170	0.01857	0.01613	0.00683	0.00529	0.00169	0.00521	0.00556	0.00464	0.00790
46	0.00643	0.00512	0.00577	0.00629	0.00747	0.00446	0.00446	0.00761	0.01142	0.01417	0.04400	0.36831	0.46574	0.01494	0.00656	0.00197	0.00288	0.01298	0.00498	0.00446
47	0.01113	0.00954	0.01113	0.00795	0.01272	0.00716	0.00636	0.01352	0.01113	0.01749	0.00954	0.01113	0.00795	0.00398	0.00398	0.00080	0.00398	0.00318	0.00318	0.84417
48	0.01399	0.01037	0.01404	0.03718	0.04650	0.00920	0.08115	0.06738	0.06002	0.13342	0.01282	0.01383	0.00966	0.00499	0.00470	0.00123	0.00484	0.00432	0.04532	0.42505
49	0.01707	0.01974	0.01536	0.17356	0.05287	0.50171	0.01136	0.01898	0.01366	0.04488	0.00972	0.03510	0.00815	0.00606	0.00573	0.00156	0.05102	0.00428	0.00289	0.00631
50	0.01570	0.00912	0.01115	0.00875	0.01259	0.00800	0.00701	0.01976	0.12073	0.30055	0.08928	0.01944	0.04719	0.00649	0.00503	0.00139	0.00404	0.00536	0.00511	0.30329
51	0.01399	0.01067	0.01565	0.30138	0.16615	0.01143	0.01212	0.12013	0.01380	0.11595	0.03956	0.01509	0.01026	0.00572	0.00545	0.00160	0.02076	0.00488	0.01987	0.09555
52	0.00634	0.00544	0.00544	0.00544	0.00725	0.00453	0.00408	0.00770	0.01224	0.01450	0.05438	0.05166	0.77569	0.01359	0.00634	0.00181	0.00272	0.01133	0.00498	0.00453
53	0.01924	0.01446	0.01545	0.01212	0.01620	0.01610	0.00992	0.63941	0.14769	0.03196	0.01436	0.01406	0.01032	0.00658	0.00539	0.00165	0.00563	0.00504	0.00539	0.00902
54	0.04696	0.01577	0.01378	0.01306	0.08865	0.28079	0.00926	0.05441	0.10628	0.10461	0.01356	0.01407	0.03470	0.00577	0.00487	0.00140	0.00635	0.00438	0.00383	0.17750
55	0.01170	0.23314	0.58637	0.01370	0.02076	0.01476	0.01705	0.01676	0.01122	0.01586	0.00907	0.01062	0.00682	0.00497	0.00467	0.00156	0.00736	0.00368	0.00227	0.00766
56	0.01001	0.00500	0.00500	0.00500	0.00625	0.00500	0.00375	0.01251	0.01126	0.02001	0.01751	0.02001	0.01376	0.00625	0.00375	0.00125	0.00250	0.00500	0.84115	0.00500
57	0.01102	0.01663	0.27786	0.23149	0.05131	0.01371	0.01554	0.01466	0.01012	0.01470	0.00873	0.01237	0.00705	0.00665	0.00953	0.00195	0.28318	0.00447	0.00234	0.00669
58	0.01458	0.54880	0.02737	0.01321	0.04961	0.06266	0.16159	0.01692	0.01170	0.03678	0.00872	0.01035	0.00741	0.00470	0.00425	0.00133	0.00663	0.00376	0.00255	0.00706
59	0.00653	0.00470	0.00620	0.00740	0.00777	0.00437	0.00495	0.00748	0.01035	0.01373	0.03053	0.77907	0.06367	0.01669	0.00683	0.00217	0.00310	0.01511	0.00498	0.00437
60	0.00654	0.00467	0.00623	0.00747	0.00779	0.00436	0.00498	0.00747	0.01028	0.01370	0.02959	0.80785	0.03550	0.01682	0.00685	0.00218	0.00311	0.01526	0.00498	0.00436
61	0.04844	0.01038	0.01339	0.20866	0.06960	0.01179	0.03279	0.09278	0.26811	0.02060	0.03523	0.01731	0.01264	0.00632	0.00512	0.00168	0.00512	0.00535	0.12752	0.00717
62	0.04588	0.01176	0.01573	0.54346	0.02994	0.07678	0.01333	0.11107	0.01273	0.01663	0.00961	0.01334	0.00733	0.00580	0.00613	0.00177	0.06491	0.00459	0.00284	0.00638
63	0.00654	0.00467	0.00623	0.00747	0.00779	0.00436	0.00498	0.00747	0.01028	0.01370	0.02959	0.80785	0.03550	0.01682	0.00685	0.00218	0.00311	0.01526	0.00498	0.00436
64	0.00654	0.00467	0.00623	0.00747	0.00779	0.00436	0.00498	0.00747	0.01028	0.01370	0.02959	0.80785	0.03550	0.01682	0.00685	0.00218	0.00311	0.01526	0.00498	0.00436
65	0.01535	0.01429	0.10557	0.01894	0.07961	0.01188	0.41356	0.03040	0.01340	0.20619	0.02754	0.01545	0.01011	0.00528	0.00588	0.00174	0.00746	0.00578	0.00373	0.00786
66	0.01118	0.01097	0.01632	0.29102	0.02217	0.01485	0.01286	0.01320	0.00911	0.01320	0.00793	0.01265	0.00708	0.00797	0.01329	0.00215	0.52106	0.00472	0.00236	0.00590
67	0.01397	0.50880	0.23874	0.01134	0.01673	0.06953	0.01229	0.04712	0.01190	0.01476	0.00835	0.00962	0.00696	0.00487	0.00408	0.00134	0.00662	0.00330	0.00244	0.00723
68	0.01174	0.00963	0.01155	0.05154	0.01416	0.00762	0.00696	0.02797	0.01153	0.04667	0.01005	0.01161	0.00813	0.00420	0.00413	0.00090	0.00421	0.00338	0.00331	0.75070
