[name]
unknown

[dist]
# distance from previous block
# <min> <max>
0	741

[block]
# block no. 0 follows, 49 sequences, length 8
# corresponding to MSA columns:
# 741-748
name=unknown_A
#
# <colnr> <probs for GDERKNQSTAVLIFYWHMCP>
#	G	D	E	R	K	N	Q	S	T	A	V	L	I	F	Y	W	H	M	C	P
0	0.00620	0.00482	0.00564	0.00610	0.00713	0.00426	0.00432	0.00744	0.01106	0.01412	0.12881	0.38114	0.37325	0.01383	0.00618	0.00184	0.00270	0.01209	0.00480	0.00426
1	0.01057	0.12686	0.69911	0.01369	0.02076	0.01279	0.01742	0.01590	0.01063	0.01550	0.00882	0.01035	0.00642	0.00474	0.00461	0.00154	0.00721	0.00361	0.00214	0.00735
2	0.00641	0.00511	0.00556	0.00546	0.00686	0.00446	0.00398	0.00782	0.01175	0.01484	0.22415	0.04440	0.52921	0.09819	0.00807	0.00202	0.00277	0.00995	0.00473	0.00426
3	0.00637	0.00454	0.00598	0.00687	0.00728	0.00424	0.00462	0.00742	0.01024	0.01383	0.13791	0.66620	0.03477	0.05516	0.00734	0.00213	0.00295	0.01326	0.00474	0.00415
4	0.01522	0.26098	0.01807	0.01295	0.11151	0.21960	0.00950	0.16664	0.01387	0.01642	0.00947	0.01203	0.00822	0.06661	0.03683	0.00183	0.00676	0.00389	0.00298	0.00661
5	0.02011	0.00966	0.01203	0.00949	0.01316	0.00934	0.00775	0.14169	0.12337	0.53574	0.04941	0.01747	0.01371	0.00648	0.00512	0.00158	0.00438	0.00525	0.00589	0.00837
6	0.11903	0.01144	0.01688	0.07147	0.44909	0.01250	0.01268	0.05233	0.08213	0.01775	0.00999	0.01244	0.00817	0.00534	0.00609	0.00162	0.09647	0.00439	0.00290	0.00729
7	0.13583	0.01743	0.01332	0.01138	0.01455	0.35096	0.00892	0.26283	0.10126	0.02106	0.01051	0.01104	0.00802	0.00560	0.00458	0.00145	0.00668	0.00387	0.00375	0.00693

[dist]
# distance from previous block
# <min> <max>
0	1

[block]
# block no. 1 follows, 49 sequences, length 10
# corresponding to MSA columns:
# 750-759
name=unknown_B
#
# <colnr> <probs for GDERKNQSTAVLIFYWHMCP>
#	G	D	E	R	K	N	Q	S	T	A	V	L	I	F	Y	W	H	M	C	P
0	0.01386	0.01136	0.01896	0.06701	0.63835	0.01130	0.01426	0.01673	0.01188	0.13068	0.01102	0.01325	0.00861	0.00479	0.00502	0.00152	0.00579	0.00459	0.00304	0.00798
1	0.01346	0.00960	0.01104	0.00885	0.01203	0.00944	0.00705	0.26989	0.05039	0.08595	0.18752	0.07621	0.01951	0.00722	0.00505	0.00140	0.00405	0.00601	0.00475	0.21057
2	0.00755	0.00529	0.00680	0.00682	0.00781	0.00532	0.00500	0.00896	0.01009	0.04295	0.11737	0.17583	0.17575	0.10946	0.23329	0.00391	0.02299	0.00871	0.04167	0.00444
3	0.56624	0.00910	0.00801	0.00737	0.01007	0.01028	0.00583	0.01598	0.12521	0.05749	0.01275	0.12944	0.01142	0.00673	0.00401	0.00166	0.00380	0.00501	0.00381	0.00580
4	0.01214	0.01136	0.01794	0.07186	0.56824	0.01181	0.01360	0.01730	0.16189	0.01709	0.01226	0.04078	0.01024	0.00538	0.00508	0.00157	0.00556	0.00507	0.00308	0.00774
5	0.00786	0.00486	0.00561	0.00580	0.00687	0.00462	0.00430	0.00982	0.01143	0.01731	0.19801	0.17621	0.11257	0.00993	0.00508	0.00155	0.00261	0.04656	0.36445	0.00456
6	0.01369	0.01397	0.01662	0.17950	0.09792	0.17474	0.11888	0.08049	0.21740	0.01735	0.01231	0.01383	0.00941	0.00548	0.00510	0.00159	0.00659	0.00478	0.00339	0.00695
7	0.13438	0.00626	0.00748	0.00686	0.00863	0.00605	0.00525	0.01223	0.01299	0.13156	0.47909	0.11604	0.03486	0.00952	0.00547	0.00163	0.00295	0.00819	0.00521	0.00536
8	0.01285	0.01064	0.01556	0.01160	0.01558	0.00996	0.18674	0.17314	0.03893	0.06004	0.12540	0.01619	0.01419	0.00555	0.00498	0.00133	0.00508	0.00512	0.00394	0.28316
9	0.14463	0.13052	0.01385	0.00927	0.02757	0.02679	0.00761	0.19017	0.01406	0.15325	0.02613	0.01186	0.00892	0.00511	0.00419	0.00128	0.00465	0.00378	0.00396	0.21239

[dist]
# distance from previous block
# <min> <max>
1	2

[block]
# block no. 2 follows, 49 sequences, length 14
# corresponding to MSA columns:
# 762-775
name=unknown_C
#
# <colnr> <probs for GDERKNQSTAVLIFYWHMCP>
#	G	D	E	R	K	N	Q	S	T	A	V	L	I	F	Y	W	H	M	C	P
0	0.01347	0.01032	0.01121	0.00972	0.01262	0.01143	0.00765	0.13933	0.48774	0.08151	0.09042	0.02129	0.06600	0.00738	0.00525	0.00166	0.00403	0.00611	0.00523	0.00761
1	0.01306	0.06789	0.01307	0.01008	0.01334	0.03438	0.03418	0.07517	0.45165	0.05036	0.06542	0.01727	0.01475	0.00630	0.00489	0.00151	0.00439	0.00522	0.00457	0.11249
2	0.00625	0.00500	0.00559	0.00572	0.00707	0.00434	0.00418	0.00768	0.01176	0.01487	0.19715	0.18414	0.50275	0.01285	0.00606	0.00175	0.00259	0.01102	0.00487	0.00434
3	0.24348	0.01129	0.01558	0.01394	0.10788	0.01191	0.15319	0.12829	0.07248	0.13084	0.01169	0.01277	0.00861	0.00600	0.02137	0.00174	0.03353	0.00450	0.00379	0.00711
4	0.01417	0.31051	0.18390	0.01027	0.01452	0.04274	0.01034	0.04868	0.01169	0.16678	0.01204	0.07395	0.01003	0.00704	0.03010	0.00166	0.03681	0.00454	0.00331	0.00690
5	0.00625	0.00457	0.00588	0.00675	0.00730	0.00420	0.00461	0.00734	0.01041	0.01381	0.11501	0.64424	0.12124	0.01488	0.00635	0.00196	0.00283	0.01337	0.00479	0.00420
6	0.01106	0.01053	0.01790	0.41263	0.42050	0.01163	0.01480	0.01425	0.01083	0.01476	0.00926	0.01299	0.00739	0.00477	0.00503	0.00159	0.00637	0.00450	0.00238	0.00684
7	0.01342	0.01046	0.03554	0.10278	0.07592	0.05652	0.06243	0.07720	0.09930	0.16240	0.16543	0.01952	0.01755	0.00908	0.06779	0.00210	0.00580	0.00574	0.00428	0.00676
8	0.00878	0.03548	0.17634	0.01213	0.04851	0.00876	0.12407	0.01146	0.01059	0.01460	0.06339	0.30213	0.07997	0.00986	0.00660	0.00181	0.06763	0.00875	0.00352	0.00562
9	0.00650	0.00514	0.00585	0.00567	0.00715	0.00449	0.00425	0.00827	0.01276	0.01659	0.37694	0.04385	0.46116	0.01172	0.00597	0.00166	0.00248	0.01000	0.00508	0.00449
10	0.01190	0.01282	0.10067	0.01405	0.01643	0.03357	0.16201	0.04318	0.01013	0.06168	0.00949	0.01295	0.00797	0.01062	0.10569	0.00266	0.37050	0.00479	0.00270	0.00619
11	0.01330	0.01257	0.01833	0.04517	0.46660	0.06093	0.05453	0.10429	0.07243	0.01783	0.01077	0.01370	0.00892	0.04127	0.00640	0.00170	0.03601	0.00473	0.00302	0.00750
12	0.01372	0.01003	0.01427	0.01440	0.15261	0.02360	0.08937	0.13958	0.08553	0.15045	0.01776	0.21072	0.01630	0.00830	0.00554	0.00171	0.00499	0.02974	0.00441	0.00700
13	0.01078	0.00902	0.01244	0.01607	0.28403	0.04548	0.00912	0.07081	0.01142	0.04186	0.01665	0.26286	0.01749	0.10975	0.05685	0.00249	0.00545	0.00790	0.00359	0.00596

[dist]
# distance from previous block
# <min> <max>
0	2

[block]
# block no. 3 follows, 49 sequences, length 75
# corresponding to MSA columns:
# 778-852
name=unknown_D
#
# <colnr> <probs for GDERKNQSTAVLIFYWHMCP>
#	G	D	E	R	K	N	Q	S	T	A	V	L	I	F	Y	W	H	M	C	P
0	0.01276	0.01240	0.03350	0.07443	0.15308	0.03043	0.23871	0.12986	0.02877	0.01846	0.01013	0.01239	0.00787	0.00459	0.00499	0.00140	0.00626	0.00456	0.00306	0.21235
1	0.01668	0.01091	0.01314	0.01206	0.08054	0.01171	0.00889	0.16117	0.32396	0.24771	0.01737	0.01631	0.01236	0.00641	0.00553	0.00164	0.03512	0.00517	0.00512	0.00820
2	0.00827	0.00663	0.00803	0.00710	0.00949	0.00538	0.00524	0.00975	0.01011	0.01455	0.02006	0.35736	0.07482	0.00992	0.00549	0.02447	0.00333	0.00843	0.00382	0.40774
3	0.01389	0.12155	0.02606	0.01049	0.01312	0.11360	0.00866	0.08348	0.22306	0.08175	0.04348	0.01516	0.01192	0.00997	0.09385	0.00231	0.11229	0.00475	0.00382	0.00679
4	0.01376	0.00737	0.00942	0.00761	0.01053	0.00635	0.00605	0.03184	0.01370	0.30659	0.30046	0.02486	0.06208	0.00758	0.00519	0.00142	0.00344	0.00643	0.00527	0.17005
5	0.01320	0.20610	0.16849	0.01237	0.01539	0.19066	0.01169	0.01539	0.01036	0.01289	0.00746	0.00987	0.00653	0.00621	0.00854	0.00163	0.29112	0.00363	0.00227	0.00620
6	0.00955	0.00899	0.01517	0.81013	0.03483	0.01123	0.01404	0.01292	0.01011	0.01292	0.00899	0.01348	0.00674	0.00506	0.00506	0.00169	0.00674	0.00449	0.00225	0.00562
7	0.01139	0.01286	0.02756	0.01982	0.02462	0.01200	0.70164	0.01537	0.01190	0.01596	0.01400	0.01686	0.07956	0.00505	0.00597	0.00171	0.00798	0.00640	0.00275	0.00659
8	0.01971	0.01338	0.01469	0.01126	0.01529	0.01452	0.00930	0.66845	0.02247	0.13915	0.01324	0.01285	0.00915	0.00610	0.00506	0.00152	0.00539	0.00463	0.00523	0.00860
9	0.00619	0.00451	0.00576	0.00675	0.00720	0.00416	0.00452	0.00708	0.00981	0.01288	0.03023	0.69370	0.12466	0.04793	0.00717	0.00213	0.00297	0.01364	0.00463	0.00408
10	0.00955	0.00899	0.01517	0.81013	0.03483	0.01123	0.01404	0.01292	0.01011	0.01292	0.00899	0.01348	0.00674	0.00506	0.00506	0.00169	0.00674	0.00449	0.00225	0.00562
11	0.00634	0.00469	0.00663	0.00749	0.00794	0.00438	0.02903	0.00733	0.00975	0.01301	0.02731	0.79345	0.03263	0.01548	0.00644	0.00204	0.00311	0.01411	0.00463	0.00419
12	0.01105	0.08059	0.69383	0.01376	0.02079	0.01231	0.01735	0.04002	0.01118	0.04046	0.00937	0.01075	0.00667	0.00486	0.00471	0.00156	0.00717	0.00373	0.00236	0.00748
13	0.01142	0.00946	0.05904	0.00817	0.01187	0.00735	0.00689	0.08276	0.01234	0.09176	0.07029	0.11060	0.06004	0.00669	0.00467	0.00122	0.00394	0.00561	0.00393	0.43197
14	0.01034	0.00985	0.01688	0.59819	0.21950	0.01147	0.03496	0.01364	0.01050	0.01389	0.00915	0.01325	0.00708	0.00490	0.00507	0.00164	0.00661	0.00454	0.00232	0.00624
15	0.85801	0.00978	0.00743	0.00665	0.00978	0.01134	0.00548	0.01486	0.00861	0.02269	0.00704	0.00821	0.00548	0.00469	0.00313	0.00156	0.00391	0.00274	0.00313	0.00548
16	0.01214	0.01163	0.01984	0.13035	0.69439	0.01192	0.01533	0.01519	0.01134	0.01606	0.00944	0.01264	0.00785	0.00458	0.00501	0.00153	0.00610	0.00450	0.00247	0.00770
17	0.01950	0.01120	0.01305	0.01013	0.01399	0.01142	0.00831	0.36027	0.07650	0.34477	0.01681	0.01555	0.02921	0.00628	0.00505	0.00153	0.00478	0.00495	0.00547	0.04125
18	0.00696	0.00526	0.00671	0.00707	0.00817	0.00460	0.00491	0.00812	0.00996	0.01372	0.04001	0.64140	0.04459	0.01348	0.00594	0.00180	0.00306	0.01214	0.00440	0.15769
19	0.01240	0.07039	0.02062	0.07815	0.68747	0.01254	0.01493	0.01533	0.01134	0.01596	0.00930	0.01226	0.00782	0.00453	0.00488	0.00148	0.00601	0.00438	0.00246	0.00775
20	0.01249	0.58209	0.26074	0.01041	0.01569	0.01749	0.01171	0.01541	0.01040	0.01315	0.00765	0.00889	0.00646	0.00447	0.00372	0.00124	0.00604	0.00302	0.00215	0.00679
21	0.01570	0.01288	0.01382	0.01247	0.07034	0.04372	0.00931	0.35046	0.36779	0.02515	0.01563	0.01512	0.01159	0.00629	0.00508	0.00160	0.00502	0.00503	0.00482	0.00818
22	0.01214	0.54801	0.23526	0.01006	0.01502	0.01665	0.01111	0.01498	0.01068	0.01362	0.06383	0.01095	0.00943	0.00489	0.00387	0.00126	0.00575	0.00345	0.00240	0.00663
23	0.01280	0.01076	0.01144	0.01013	0.01298	0.01230	0.00792	0.09430	0.65668	0.02208	0.07507	0.01961	0.01713	0.00704	0.00520	0.00169	0.00403	0.00586	0.00517	0.00783
24	0.00648	0.00477	0.00605	0.00669	0.00745	0.00439	0.00475	0.00780	0.01098	0.01457	0.18232	0.46944	0.16320	0.03139	0.00672	0.00198	0.00291	0.05898	0.00483	0.00428
25	0.06106	0.01746	0.29276	0.04766	0.11657	0.04383	0.17565	0.08391	0.01237	0.05530	0.01075	0.01260	0.02191	0.00508	0.00525	0.00160	0.02163	0.00454	0.00286	0.00721
26	0.04971	0.03281	0.01414	0.01090	0.01467	0.05991	0.00892	0.47944	0.11313	0.14395	0.01379	0.01331	0.00974	0.00605	0.00493	0.00153	0.00533	0.00459	0.00497	0.00820
27	0.00754	0.00475	0.00636	0.00720	0.00780	0.00438	0.00492	0.00851	0.01008	0.07796	0.02721	0.75223	0.03170	0.01504	0.00634	0.00201	0.00305	0.01360	0.00482	0.00448
28	0.16307	0.03986	0.01428	0.01319	0.08930	0.36888	0.00951	0.20948	0.01535	0.01948	0.00892	0.01003	0.00701	0.00525	0.00445	0.00142	0.00692	0.00360	0.00329	0.00671
29	0.00647	0.00472	0.00605	0.00660	0.00731	0.00434	0.00459	0.00782	0.01121	0.01513	0.25880	0.48552	0.11552	0.03301	0.00671	0.00195	0.00278	0.01225	0.00492	0.00430
30	0.13062	0.01129	0.01367	0.33633	0.03673	0.06875	0.02628	0.14307	0.08857	0.06293	0.01182	0.01365	0.02398	0.00556	0.00480	0.00161	0.00585	0.00448	0.00344	0.00656
31	0.04359	0.10891	0.01592	0.07007	0.08060	0.12808	0.00985	0.29696	0.08435	0.09539	0.01180	0.01231	0.00875	0.00558	0.00472	0.00147	0.00587	0.00424	0.00401	0.00754
32	0.78817	0.01014	0.00808	0.00706	0.01027	0.01171	0.00582	0.07806	0.00987	0.02345	0.00747	0.00854	0.00574	0.00481	0.00329	0.00156	0.00405	0.00289	0.00329	0.00574
33	0.22467	0.29730	0.01696	0.06674	0.01446	0.04995	0.00843	0.18228	0.01327	0.07050	0.00918	0.01005	0.00712	0.00502	0.00392	0.00138	0.00526	0.00343	0.00333	0.00675
34	0.01227	0.01157	0.01943	0.02887	0.71868	0.01157	0.01463	0.03042	0.01196	0.01710	0.06563	0.01433	0.01088	0.00496	0.00508	0.00151	0.00574	0.00484	0.00278	0.00779
35	0.00647	0.00486	0.00599	0.00630	0.00728	0.00439	0.00450	0.00799	0.01181	0.01572	0.30412	0.33958	0.23637	0.01309	0.00615	0.00180	0.00264	0.01155	0.00500	0.00439
36	0.00723	0.00541	0.00807	0.00807	0.00896	0.00629	0.00625	0.00899	0.00811	0.01170	0.01359	0.02014	0.01276	0.05424	0.78610	0.00806	0.01336	0.00546	0.00272	0.00448
37	0.00666	0.00503	0.00615	0.00613	0.00731	0.00452	0.00450	0.00848	0.01275	0.01718	0.45286	0.17273	0.25332	0.01196	0.00605	0.00170	0.00253	0.01046	0.00517	0.00452
38	0.01186	0.01135	0.01934	0.20330	0.62360	0.01184	0.01519	0.01494	0.01120	0.01572	0.00940	0.01273	0.00773	0.00463	0.00502	0.00154	0.00617	0.00450	0.00245	0.00748
39	0.01352	0.82533	0.02650	0.00865	0.01298	0.02001	0.00865	0.01514	0.01027	0.01190	0.00703	0.00811	0.00649	0.00433	0.00324	0.00108	0.00541	0.00270	0.00216	0.00649
40	0.00616	0.00440	0.00587	0.00704	0.00733	0.00411	0.00469	0.00704	0.00968	0.01291	0.02787	0.81899	0.03344	0.01584	0.00645	0.00205	0.00293	0.01438	0.00469	0.00411
41	0.85801	0.00978	0.00743	0.00665	0.00978	0.01134	0.00548	0.01486	0.00861	0.02269	0.00704	0.00821	0.00548	0.00469	0.00313	0.00156	0.00391	0.00274	0.00313	0.00548
42	0.01049	0.00899	0.01049	0.00749	0.01198	0.00674	0.00599	0.01273	0.01049	0.01648	0.00899	0.01049	0.00749	0.00374	0.00374	0.00075	0.00374	0.00300	0.00300	0.85320
43	0.01194	0.01364	0.02984	0.02131	0.02643	0.01279	0.77238	0.01620	0.01194	0.01620	0.01023	0.01364	0.00767	0.00426	0.00597	0.00171	0.00853	0.00597	0.00256	0.00682
44	0.00598	0.00512	0.00512	0.00512	0.00683	0.00427	0.00384	0.00726	0.01153	0.01366	0.05123	0.04866	0.78869	0.01281	0.00598	0.00171	0.00256	0.01067	0.00470	0.00427
45	0.63481	0.01095	0.00949	0.00798	0.01135	0.01250	0.00658	0.21684	0.01264	0.02513	0.00840	0.00926	0.00631	0.00506	0.00364	0.00155	0.00435	0.00322	0.00364	0.00631
46	0.00878	0.00439	0.00659	0.00659	0.00659	0.00439	0.00439	0.00659	0.00659	0.00878	0.00878	0.01537	0.00878	0.01757	0.01976	0.85288	0.00439	0.00439	0.00220	0.00220
47	0.01383	0.01236	0.01891	0.02594	0.59024	0.01277	0.01389	0.16483	0.06208	0.01982	0.01072	0.01284	0.00859	0.00496	0.00503	0.00152	0.00580	0.00459	0.00317	0.00812
48	0.23754	0.01057	0.01037	0.00932	0.01225	0.01225	0.00733	0.02368	0.57591	0.02156	0.01698	0.01603	0.01279	0.00628	0.00461	0.00168	0.00398	0.00492	0.00461	0.00733
49	0.00716	0.00517	0.00676	0.00636	0.00755	0.00477	0.00477	0.00954	0.01431	0.02028	0.78808	0.03777	0.04771	0.01034	0.00596	0.00159	0.00239	0.00914	0.00557	0.00477
50	0.00735	0.00490	0.00552	0.00552	0.00552	0.00490	0.00306	0.00735	0.00735	0.00980	0.01593	0.03309	0.01838	0.82229	0.02574	0.00490	0.00490	0.00735	0.00306	0.00306
51	0.00616	0.00440	0.00587	0.00704	0.00733	0.00411	0.00469	0.00704	0.00968	0.01291	0.02787	0.81899	0.03344	0.01584	0.00645	0.00205	0.00293	0.01438	0.00469	0.00411
52	0.02169	0.00845	0.01132	0.00875	0.01248	0.00741	0.00721	0.03925	0.01440	0.72459	0.01955	0.01722	0.01247	0.00623	0.00498	0.00154	0.00419	0.00505	0.06489	0.00834
53	0.01014	0.02616	0.79609	0.01441	0.02189	0.01174	0.01868	0.01601	0.01068	0.01601	0.00907	0.01068	0.00641	0.00480	0.00480	0.00160	0.00747	0.00374	0.00214	0.00747
54	0.00722	0.00542	0.00813	0.00813	0.00903	0.00632	0.00632	0.00903	0.00813	0.01174	0.01354	0.01987	0.01264	0.03792	0.80225	0.00813	0.01354	0.00542	0.00271	0.00451
55	0.02269	0.00861	0.01174	0.00900	0.01291	0.00743	0.00743	0.02464	0.01447	0.79425	0.01995	0.01721	0.01252	0.00626	0.00509	0.00156	0.00430	0.00509	0.00626	0.00861
56	0.85801	0.00978	0.00743	0.00665	0.00978	0.01134	0.00548	0.01486	0.00861	0.02269	0.00704	0.00821	0.00548	0.00469	0.00313	0.00156	0.00391	0.00274	0.00313	0.00548
57	0.01049	0.00899	0.01049	0.00749	0.01198	0.00674	0.00599	0.01273	0.01049	0.01648	0.00899	0.01049	0.00749	0.00374	0.00374	0.00075	0.00374	0.00300	0.00300	0.85320
58	0.00611	0.00459	0.00567	0.00653	0.00720	0.00415	0.00447	0.00710	0.01017	0.01311	0.03409	0.61401	0.23442	0.01503	0.00633	0.00196	0.00283	0.01339	0.00469	0.00415
59	0.00807	0.00525	0.00611	0.00601	0.00709	0.00478	0.00413	0.00903	0.01038	0.08326	0.09865	0.16134	0.28086	0.27807	0.01245	0.00279	0.00353	0.00953	0.00438	0.00428
60	0.00828	0.00542	0.00712	0.00655	0.00794	0.00496	0.00496	0.01063	0.01433	0.07601	0.73277	0.03629	0.04518	0.01004	0.00590	0.00159	0.00252	0.00885	0.00562	0.00505
61	0.00722	0.00542	0.00813	0.00813	0.00903	0.00632	0.00632	0.00903	0.00813	0.01174	0.01354	0.01987	0.01264	0.03792	0.80225	0.00813	0.01354	0.00542	0.00271	0.00451
62	0.00665	0.00475	0.00642	0.00759	0.00810	0.00452	0.00554	0.00788	0.01016	0.01345	0.02760	0.63321	0.03239	0.01539	0.00658	0.00212	0.00335	0.19537	0.00468	0.00424
63	0.00661	0.00477	0.00570	0.00611	0.00703	0.00427	0.00431	0.00713	0.01001	0.01254	0.03522	0.29252	0.38217	0.01470	0.00872	0.16056	0.00307	0.02651	0.00423	0.00384
64	0.00810	0.00561	0.00631	0.00601	0.00653	0.00563	0.00375	0.06276	0.00947	0.01265	0.09264	0.03301	0.06869	0.63426	0.02110	0.00414	0.00456	0.00753	0.00355	0.00370
65	0.00724	0.00536	0.00783	0.00783	0.00864	0.00616	0.00596	0.00884	0.00804	0.01152	0.01381	0.02135	0.01329	0.12601	0.71504	0.00776	0.01257	0.00564	0.00275	0.00435
66	0.06111	0.00956	0.01586	0.01243	0.01520	0.00956	0.28449	0.01528	0.14127	0.05870	0.01502	0.06585	0.01375	0.24611	0.01145	0.00265	0.00586	0.00657	0.00351	0.00578
67	0.00955	0.00899	0.01517	0.81013	0.03483	0.01123	0.01404	0.01292	0.01011	0.01292	0.00899	0.01348	0.00674	0.00506	0.00506	0.00169	0.00674	0.00449	0.00225	0.00562
68	0.01049	0.00899	0.01049	0.00749	0.01198	0.00674	0.00599	0.01273	0.01049	0.01648	0.00899	0.01049	0.00749	0.00374	0.00374	0.00075	0.00374	0.00300	0.00300	0.85320
69	0.01285	0.01641	0.31931	0.01153	0.01594	0.01136	0.01196	0.27852	0.01431	0.01990	0.01041	0.01272	0.00806	0.01001	0.06510	0.16078	0.00667	0.00426	0.00321	0.00667
70	0.00652	0.00455	0.00579	0.00659	0.00695	0.00427	0.00434	0.00708	0.00928	0.01220	0.02691	0.56537	0.10224	0.14025	0.01035	0.06373	0.00331	0.01221	0.00426	0.00382
71	0.00655	0.00505	0.00567	0.00569	0.00685	0.00452	0.00405	0.00782	0.01122	0.01436	0.20257	0.09903	0.41422	0.16346	0.00971	0.00232	0.00303	0.02515	0.00458	0.00415
72	0.00723	0.00540	0.00803	0.00803	0.00890	0.00627	0.00620	0.00897	0.00810	0.01167	0.01363	0.02037	0.01286	0.06757	0.77290	0.00800	0.01322	0.00549	0.00272	0.00446
73	0.67290	0.01017	0.00879	0.00748	0.01080	0.01145	0.00616	0.10496	0.01099	0.10381	0.00898	0.00961	0.00657	0.00502	0.00356	0.00156	0.00415	0.00319	0.00368	0.00617
74	0.01495	0.18783	0.06568	0.01857	0.28844	0.26129	0.02716	0.03514	0.01245	0.03111	0.00873	0.01053	0.00723	0.00478	0.00451	0.00136	0.00695	0.00373	0.00258	0.00699

[dist]
# distance from previous block
# <min> <max>
1	2

[block]
# block no. 4 follows, 49 sequences, length 71
# corresponding to MSA columns:
# 855-925
name=unknown_E
#
# <colnr> <probs for GDERKNQSTAVLIFYWHMCP>
#	G	D	E	R	K	N	Q	S	T	A	V	L	I	F	Y	W	H	M	C	P
0	0.12051	0.26953	0.03241	0.02914	0.01396	0.04440	0.00870	0.16760	0.16769	0.05708	0.01149	0.01183	0.00887	0.00552	0.00460	0.00145	0.03049	0.00393	0.00367	0.00713
1	0.01422	0.01267	0.02747	0.01117	0.05837	0.22954	0.00809	0.04106	0.11203	0.14659	0.03310	0.24906	0.01751	0.00878	0.00535	0.00165	0.00538	0.00737	0.00428	0.00631
2	0.01096	0.00992	0.03295	0.01010	0.08813	0.00768	0.00738	0.03775	0.01102	0.01697	0.00914	0.01074	0.00755	0.00392	0.00394	0.00087	0.00413	0.00321	0.00299	0.72065
3	0.00674	0.00533	0.00622	0.00654	0.00797	0.00486	0.00521	0.00834	0.01130	0.01402	0.06122	0.04852	0.48194	0.04078	0.05427	0.00237	0.00388	0.22159	0.00454	0.00437
4	0.01843	0.01382	0.01500	0.01166	0.01542	0.01551	0.00961	0.69357	0.06140	0.03023	0.01226	0.01242	0.00884	0.00626	0.00570	0.00157	0.05038	0.00460	0.00490	0.00840
5	0.00787	0.00691	0.02924	0.00915	0.01042	0.00670	0.07446	0.01097	0.11025	0.01417	0.02296	0.52436	0.02553	0.03669	0.05765	0.00244	0.02986	0.01115	0.00425	0.00499
6	0.01191	0.01016	0.01086	0.00981	0.01246	0.01162	0.00761	0.02474	0.68717	0.02105	0.11504	0.02119	0.01941	0.00729	0.00525	0.00170	0.00380	0.00614	0.00520	0.00761
7	0.01729	0.00899	0.01104	0.00914	0.01235	0.00892	0.00732	0.02363	0.28369	0.43068	0.11172	0.02024	0.01774	0.00696	0.00521	0.00162	0.00397	0.00579	0.00579	0.00794
8	0.01216	0.01211	0.01645	0.01708	0.18622	0.05794	0.01186	0.04290	0.02573	0.01409	0.00784	0.01148	0.00719	0.00754	0.01268	0.00197	0.54161	0.00441	0.00247	0.00627
9	0.00630	0.00535	0.00546	0.00539	0.00712	0.00462	0.00405	0.00815	0.04161	0.01432	0.09058	0.04691	0.71787	0.01244	0.00594	0.00170	0.00261	0.01040	0.00476	0.00444
10	0.02269	0.00861	0.01174	0.00900	0.01291	0.00743	0.00743	0.02464	0.01447	0.79425	0.01995	0.01721	0.01252	0.00626	0.00509	0.00156	0.00430	0.00509	0.00626	0.00861
11	0.02269	0.00861	0.01174	0.00900	0.01291	0.00743	0.00743	0.02464	0.01447	0.79425	0.01995	0.01721	0.01252	0.00626	0.00509	0.00156	0.00430	0.00509	0.00626	0.00861
12	0.33044	0.00863	0.00941	0.00774	0.01107	0.00852	0.00632	0.01904	0.01191	0.41961	0.01807	0.03867	0.07720	0.00651	0.00447	0.00159	0.00397	0.00495	0.00492	0.00695
13	0.00943	0.00471	0.00471	0.00471	0.00589	0.00471	0.00353	0.01178	0.01060	0.01885	0.01650	0.01885	0.01296	0.00589	0.00353	0.00118	0.00236	0.00471	0.85036	0.00471
14	0.00787	0.00499	0.00748	0.00748	0.00801	0.00552	0.00552	0.00801	0.00748	0.01051	0.01156	0.01799	0.01103	0.02943	0.47560	0.36077	0.00972	0.00499	0.00249	0.00355
15	0.01142	0.00917	0.01003	0.00897	0.01144	0.01008	0.00697	0.06551	0.46956	0.04219	0.20454	0.02538	0.08688	0.00812	0.00540	0.00167	0.00360	0.00685	0.00523	0.00698
16	0.13412	0.00619	0.00714	0.00660	0.00834	0.00596	0.00500	0.01161	0.01236	0.11590	0.37825	0.10274	0.12105	0.05492	0.00658	0.00182	0.00306	0.00825	0.00497	0.00514
17	0.01106	0.01106	0.01549	0.01328	0.01328	0.01549	0.01106	0.01217	0.00774	0.01217	0.00664	0.01106	0.00664	0.00885	0.01659	0.00221	0.81303	0.00443	0.00221	0.00553
18	0.00722	0.00542	0.00813	0.00813	0.00903	0.00632	0.00632	0.00903	0.00813	0.01174	0.01354	0.01987	0.01264	0.03792	0.80225	0.00813	0.01354	0.00542	0.00271	0.00451
19	0.01324	0.00758	0.00936	0.00795	0.01038	0.00732	0.00626	0.09662	0.08063	0.24164	0.36248	0.04320	0.07457	0.00868	0.00556	0.00160	0.00343	0.00740	0.00561	0.00651
20	0.01252	0.01201	0.02053	0.03104	0.79074	0.01201	0.01552	0.01552	0.01151	0.01652	0.00951	0.01252	0.00801	0.00451	0.00501	0.00150	0.00601	0.00451	0.00250	0.00801
21	0.00955	0.00899	0.01517	0.81013	0.03483	0.01123	0.01404	0.01292	0.01011	0.01292	0.00899	0.01348	0.00674	0.00506	0.00506	0.00169	0.00674	0.00449	0.00225	0.00562
22	0.00616	0.00452	0.00578	0.00675	0.00727	0.00414	0.00457	0.00712	0.01005	0.01317	0.04724	0.69104	0.14308	0.01529	0.00637	0.00199	0.00287	0.01373	0.00471	0.00414
23	0.00629	0.00453	0.00615	0.00717	0.00754	0.00438	0.00489	0.00729	0.00949	0.01276	0.02611	0.72063	0.03088	0.01856	0.10440	0.00280	0.00424	0.01327	0.00445	0.00416
24	0.01014	0.02616	0.79609	0.01441	0.02189	0.01174	0.01868	0.01601	0.01068	0.01601	0.00907	0.01068	0.00641	0.00480	0.00480	0.00160	0.00747	0.00374	0.00214	0.00747
25	0.01258	0.01086	0.01143	0.01029	0.01315	0.01258	0.00800	0.02687	0.78161	0.02115	0.02058	0.01887	0.01544	0.00686	0.00515	0.00172	0.00400	0.00572	0.00515	0.00800
26	0.00610	0.00493	0.00542	0.00572	0.00701	0.00425	0.00413	0.00733	0.01119	0.01385	0.08869	0.25822	0.53852	0.01349	0.00611	0.00180	0.00265	0.01159	0.00475	0.00425
27	0.00735	0.00490	0.00552	0.00552	0.00552	0.00490	0.00306	0.00735	0.00735	0.00980	0.01593	0.03309	0.01838	0.82229	0.02574	0.00490	0.00490	0.00735	0.00306	0.00306
28	0.00709	0.00517	0.00666	0.00629	0.00751	0.00474	0.00472	0.00941	0.01415	0.01988	0.74424	0.03842	0.09180	0.01048	0.00596	0.00160	0.00240	0.00924	0.00551	0.00474
29	0.01106	0.01106	0.01549	0.01328	0.01328	0.01549	0.01106	0.01217	0.00774	0.01217	0.00664	0.01106	0.00664	0.00885	0.01659	0.00221	0.81303	0.00443	0.00221	0.00553
30	0.00955	0.00899	0.01517	0.81013	0.03483	0.01123	0.01404	0.01292	0.01011	0.01292	0.00899	0.01348	0.00674	0.00506	0.00506	0.00169	0.00674	0.00449	0.00225	0.00562
31	0.00735	0.00490	0.00552	0.00552	0.00552	0.00490	0.00306	0.00735	0.00735	0.00980	0.01593	0.03309	0.01838	0.82229	0.02574	0.00490	0.00490	0.00735	0.00306	0.00306
32	0.01922	0.01416	0.01518	0.01163	0.01568	0.01568	0.00961	0.77388	0.02378	0.03187	0.01214	0.01214	0.00860	0.00607	0.00506	0.00152	0.00556	0.00455	0.00506	0.00860
33	0.01106	0.01106	0.01549	0.01328	0.01328	0.01549	0.01106	0.01217	0.00774	0.01217	0.00664	0.01106	0.00664	0.00885	0.01659	0.00221	0.81303	0.00443	0.00221	0.00553
34	0.02188	0.01074	0.01243	0.00971	0.01353	0.07924	0.00794	0.12579	0.01572	0.62137	0.01781	0.01580	0.01145	0.00614	0.00503	0.00153	0.00490	0.00485	0.00577	0.00836
35	0.01258	0.01086	0.01143	0.01029	0.01315	0.01258	0.00800	0.02687	0.78161	0.02115	0.02058	0.01887	0.01544	0.00686	0.00515	0.00172	0.00400	0.00572	0.00515	0.00800
36	0.00815	0.00582	0.00815	0.00931	0.01048	0.00582	0.00815	0.01048	0.01164	0.01513	0.02677	0.05704	0.02910	0.01397	0.00698	0.00233	0.00466	0.75671	0.00466	0.00466
37	0.01049	0.00899	0.01049	0.00749	0.01198	0.00674	0.00599	0.01273	0.01049	0.01648	0.00899	0.01049	0.00749	0.00374	0.00374	0.00075	0.00374	0.00300	0.00300	0.85320
38	0.00617	0.00462	0.00574	0.00663	0.00729	0.00419	0.00458	0.00719	0.01019	0.01316	0.03365	0.60675	0.22113	0.01504	0.00635	0.00198	0.00289	0.03361	0.00469	0.00416
39	0.03686	0.00862	0.01405	0.68555	0.03102	0.01057	0.01304	0.01268	0.01025	0.01351	0.01111	0.01867	0.00945	0.00614	0.00523	0.00176	0.00639	0.09702	0.00257	0.00549
40	0.01889	0.02410	0.01433	0.01303	0.01563	0.80199	0.00977	0.02019	0.01433	0.01238	0.00782	0.00912	0.00651	0.00521	0.00456	0.00130	0.00912	0.00326	0.00261	0.00586
41	0.00616	0.00440	0.00587	0.00704	0.00733	0.00411	0.00469	0.00704	0.00968	0.01291	0.02787	0.81899	0.03344	0.01584	0.00645	0.00205	0.00293	0.01438	0.00469	0.00411
42	0.00735	0.00490	0.00552	0.00552	0.00552	0.00490	0.00306	0.00735	0.00735	0.00980	0.01593	0.03309	0.01838	0.82229	0.02574	0.00490	0.00490	0.00735	0.00306	0.00306
43	0.01252	0.01201	0.02053	0.03104	0.79074	0.01201	0.01552	0.01552	0.01151	0.01652	0.00951	0.01252	0.00801	0.00451	0.00501	0.00150	0.00601	0.00451	0.00250	0.00801
44	0.01889	0.02410	0.01433	0.01303	0.01563	0.80199	0.00977	0.02019	0.01433	0.01238	0.00782	0.00912	0.00651	0.00521	0.00456	0.00130	0.00912	0.00326	0.00261	0.00586
45	0.00943	0.00471	0.00471	0.00471	0.00589	0.00471	0.00353	0.01178	0.01060	0.01885	0.01650	0.01885	0.01296	0.00589	0.00353	0.00118	0.00236	0.00471	0.85036	0.00471
46	0.01663	0.01201	0.01308	0.01061	0.01410	0.01318	0.00862	0.43584	0.23220	0.09431	0.01770	0.01783	0.05250	0.00692	0.00520	0.00161	0.00483	0.02961	0.00516	0.00808
47	0.00722	0.00542	0.00813	0.00813	0.00903	0.00632	0.00632	0.00903	0.00813	0.01174	0.01354	0.01987	0.01264	0.03792	0.80225	0.00813	0.01354	0.00542	0.00271	0.00451
48	0.00722	0.00542	0.00813	0.00813	0.00903	0.00632	0.00632	0.00903	0.00813	0.01174	0.01354	0.01987	0.01264	0.03792	0.80225	0.00813	0.01354	0.00542	0.00271	0.00451
49	0.00878	0.00439	0.00659	0.00659	0.00659	0.00439	0.00439	0.00659	0.00659	0.00878	0.00878	0.01537	0.00878	0.01757	0.01976	0.85288	0.00439	0.00439	0.00220	0.00220
50	0.60331	0.00929	0.00856	0.00730	0.01056	0.01005	0.00599	0.01729	0.01024	0.23292	0.01122	0.03613	0.00828	0.00547	0.00377	0.00158	0.00399	0.00374	0.00403	0.00629
51	0.00735	0.00490	0.00552	0.00552	0.00552	0.00490	0.00306	0.00735	0.00735	0.00980	0.01593	0.03309	0.01838	0.82229	0.02574	0.00490	0.00490	0.00735	0.00306	0.00306
52	0.01598	0.01010	0.01154	0.00986	0.01307	0.01085	0.00781	0.02612	0.52350	0.28127	0.02037	0.01831	0.01445	0.00666	0.00513	0.00166	0.00410	0.00550	0.00552	0.00821
53	0.22671	0.00866	0.01028	0.00820	0.01167	0.00823	0.00667	0.02114	0.01258	0.55502	0.01653	0.01601	0.01116	0.05776	0.00592	0.00178	0.00424	0.00465	0.00529	0.00749
54	0.00722	0.00542	0.00813	0.00813	0.00903	0.00632	0.00632	0.00903	0.00813	0.01174	0.01354	0.01987	0.01264	0.03792	0.80225	0.00813	0.01354	0.00542	0.00271	0.00451
55	0.00708	0.00517	0.00666	0.00628	0.00751	0.00474	0.00471	0.00940	0.01414	0.01986	0.74122	0.03847	0.09483	0.01049	0.00596	0.00160	0.00240	0.00924	0.00551	0.00474
56	0.07419	0.01126	0.01306	0.01007	0.01399	0.01150	0.00832	0.37130	0.01841	0.39182	0.01551	0.01429	0.01025	0.00607	0.00495	0.00154	0.00486	0.00469	0.00550	0.00840
57	0.00722	0.00542	0.00813	0.00813	0.00903	0.00632	0.00632	0.00903	0.00813	0.01174	0.01354	0.01987	0.01264	0.03792	0.80225	0.00813	0.01354	0.00542	0.00271	0.00451
58	0.01083	0.01067	0.01485	0.01278	0.01278	0.01482	0.01055	0.01186	0.00772	0.01202	0.00723	0.01246	0.00738	0.06057	0.01718	0.00238	0.76165	0.00461	0.00227	0.00537
59	0.00725	0.00530	0.00683	0.00642	0.00767	0.00494	0.00482	0.00989	0.03216	0.02013	0.75144	0.03761	0.06578	0.01032	0.00595	0.00160	0.00243	0.00910	0.00553	0.00483
60	0.01833	0.02295	0.01376	0.01253	0.01505	0.75455	0.00940	0.01969	0.01411	0.01276	0.00833	0.00970	0.00690	0.00525	0.00450	0.00130	0.00872	0.00334	0.05304	0.00579
61	0.01106	0.01106	0.01549	0.01328	0.01328	0.01549	0.01106	0.01217	0.00774	0.01217	0.00664	0.01106	0.00664	0.00885	0.01659	0.00221	0.81303	0.00443	0.00221	0.00553
62	0.01049	0.00899	0.01049	0.00749	0.01198	0.00674	0.00599	0.01273	0.01049	0.01648	0.00899	0.01049	0.00749	0.00374	0.00374	0.00075	0.00374	0.00300	0.00300	0.85320
63	0.00727	0.00609	0.01016	0.00959	0.01075	0.00573	0.13947	0.00877	0.01004	0.01345	0.02422	0.62777	0.02810	0.03090	0.02256	0.00218	0.00421	0.02991	0.00425	0.00458
64	0.00731	0.00508	0.00640	0.00640	0.00671	0.00538	0.00417	0.00792	0.00762	0.01046	0.01512	0.02860	0.01644	0.55611	0.28925	0.00600	0.00784	0.00670	0.00294	0.00356
65	0.01258	0.01086	0.01143	0.01029	0.01315	0.01258	0.00800	0.02687	0.78161	0.02115	0.02058	0.01887	0.01544	0.00686	0.00515	0.00172	0.00400	0.00572	0.00515	0.00800
66	0.01565	0.01785	0.28883	0.01226	0.01753	0.01346	0.01250	0.43430	0.01804	0.05420	0.01117	0.01172	0.00791	0.00549	0.00489	0.00150	0.00608	0.00419	0.00396	0.05845
67	0.01049	0.00899	0.01049	0.00749	0.01198	0.00674	0.00599	0.01273	0.01049	0.01648	0.00899	0.01049	0.00749	0.00374	0.00374	0.00075	0.00374	0.00300	0.00300	0.85320
68	0.01260	0.00792	0.00830	0.00710	0.00917	0.00843	0.00556	0.26894	0.01485	0.02267	0.01499	0.01749	0.01183	0.05786	0.00546	0.00153	0.00360	0.00483	0.51094	0.00592
69	0.01106	0.00875	0.01059	0.00963	0.01196	0.05484	0.05260	0.04692	0.09712	0.05677	0.01917	0.04557	0.01858	0.06083	0.00691	0.00195	0.00482	0.30116	0.05255	0.12820
70	0.06589	0.00631	0.00743	0.00681	0.00871	0.00605	0.00524	0.01438	0.03231	0.20292	0.06826	0.12836	0.01848	0.05650	0.00599	0.00173	0.00336	0.04819	0.28418	0.02890

[dist]
# distance from previous block
# <min> <max>
0	2

[block]
# block no. 5 follows, 49 sequences, length 10
# corresponding to MSA columns:
# 939-948
name=unknown_F
#
# <colnr> <probs for GDERKNQSTAVLIFYWHMCP>
#	G	D	E	R	K	N	Q	S	T	A	V	L	I	F	Y	W	H	M	C	P
0	0.01015	0.00955	0.01553	0.01264	0.01548	0.00966	0.25700	0.01642	0.24553	0.01718	0.07796	0.17493	0.06409	0.00865	0.00586	0.00179	0.00510	0.04201	0.00420	0.00626
1	0.00787	0.00531	0.00699	0.00676	0.00795	0.00494	0.00512	0.01002	0.01343	0.05331	0.59426	0.09823	0.04213	0.04528	0.00689	0.00183	0.00282	0.07670	0.00534	0.00481
2	0.00789	0.00506	0.00754	0.00764	0.00822	0.00555	0.00573	0.00822	0.00782	0.01088	0.01278	0.02108	0.01247	0.02832	0.44310	0.32807	0.00938	0.06395	0.00267	0.00365
3	0.14842	0.00853	0.01040	0.00836	0.01183	0.00788	0.00676	0.02044	0.04472	0.49475	0.01763	0.08874	0.01298	0.00667	0.00478	0.00154	0.00405	0.00540	0.00526	0.09086
4	0.44475	0.00966	0.00984	0.00803	0.01156	0.01009	0.00662	0.08151	0.01227	0.34124	0.01278	0.01224	0.00863	0.00545	0.00409	0.00156	0.00421	0.00385	0.00458	0.00702
5	0.00616	0.00440	0.00587	0.00704	0.00733	0.00411	0.00469	0.00704	0.00968	0.01291	0.02787	0.81899	0.03344	0.01584	0.00645	0.00205	0.00293	0.01438	0.00469	0.00411
6	0.19709	0.03009	0.01033	0.00818	0.01146	0.00817	0.00678	0.01951	0.01274	0.46679	0.06330	0.02085	0.05076	0.00702	0.00486	0.00162	0.00408	0.06397	0.00525	0.00715
7	0.16895	0.00946	0.01075	0.00884	0.01212	0.00967	0.00714	0.11549	0.13699	0.34812	0.07587	0.04650	0.01470	0.00672	0.00486	0.00160	0.00415	0.00535	0.00526	0.00749
8	0.00735	0.00490	0.00552	0.00552	0.00552	0.00490	0.00306	0.00735	0.00735	0.00980	0.01593	0.03309	0.01838	0.82229	0.02574	0.00490	0.00490	0.00735	0.00306	0.00306
9	0.01313	0.00678	0.00852	0.00754	0.00985	0.00616	0.00583	0.01573	0.07165	0.31678	0.12702	0.18070	0.18911	0.01008	0.00566	0.00170	0.00339	0.00865	0.00545	0.00627

[dist]
# distance from previous block
# <min> <max>
0	1

[block]
# block no. 6 follows, 49 sequences, length 106
# corresponding to MSA columns:
# 950-1055
name=unknown_G
#
# <colnr> <probs for GDERKNQSTAVLIFYWHMCP>
#	G	D	E	R	K	N	Q	S	T	A	V	L	I	F	Y	W	H	M	C	P
0	0.00667	0.00480	0.00592	0.00628	0.00690	0.00448	0.00423	0.00778	0.01053	0.01414	0.22085	0.34179	0.12564	0.20388	0.01081	0.00256	0.00321	0.01094	0.00453	0.00405
1	0.01357	0.00943	0.00911	0.00776	0.01006	0.06407	0.00613	0.28385	0.01556	0.02304	0.01434	0.01578	0.01096	0.00591	0.00415	0.00131	0.00397	0.00455	0.49028	0.00618
2	0.01014	0.02616	0.79609	0.01441	0.02189	0.01174	0.01868	0.01601	0.01068	0.01601	0.00907	0.01068	0.00641	0.00480	0.00480	0.00160	0.00747	0.00374	0.00214	0.00747
3	0.00631	0.00452	0.00598	0.00697	0.00732	0.00432	0.00468	0.00721	0.00946	0.01264	0.02664	0.69133	0.04944	0.07194	0.06310	0.00266	0.00380	0.01319	0.00445	0.00407
4	0.85801	0.00978	0.00743	0.00665	0.00978	0.01134	0.00548	0.01486	0.00861	0.02269	0.00704	0.00821	0.00548	0.00469	0.00313	0.00156	0.00391	0.00274	0.00313	0.00548
5	0.01889	0.02410	0.01433	0.01303	0.01563	0.80199	0.00977	0.02019	0.01433	0.01238	0.00782	0.00912	0.00651	0.00521	0.00456	0.00130	0.00912	0.00326	0.00261	0.00586
6	0.00725	0.00491	0.00578	0.00587	0.00597	0.00497	0.00348	0.00748	0.00760	0.01022	0.01664	0.09281	0.01904	0.68984	0.09349	0.00497	0.00552	0.00773	0.00316	0.00327
7	0.01922	0.01416	0.01518	0.01163	0.01568	0.01568	0.00961	0.77388	0.02378	0.03187	0.01214	0.01214	0.00860	0.00607	0.00506	0.00152	0.00556	0.00455	0.00506	0.00860
8	0.00674	0.00540	0.00605	0.00584	0.00740	0.00484	0.00440	0.00904	0.04742	0.01660	0.33978	0.04303	0.46218	0.01157	0.00593	0.00166	0.00256	0.00985	0.00506	0.00464
9	0.01106	0.01106	0.01549	0.01328	0.01328	0.01549	0.01106	0.01217	0.00774	0.01217	0.00664	0.01106	0.00664	0.00885	0.01659	0.00221	0.81303	0.00443	0.00221	0.00553
10	0.00635	0.00514	0.00569	0.00589	0.00735	0.00448	0.00449	0.00782	0.01163	0.01439	0.11709	0.12145	0.56114	0.01299	0.00613	0.00180	0.00281	0.09425	0.00477	0.00435
11	0.01766	0.00891	0.01033	0.00883	0.01160	0.08291	0.00688	0.01925	0.01311	0.49856	0.02102	0.24269	0.01785	0.00886	0.00542	0.00168	0.00438	0.00753	0.00547	0.00707
12	0.00621	0.00442	0.00585	0.00697	0.00725	0.00414	0.00462	0.00706	0.00958	0.01277	0.02733	0.78347	0.03276	0.05229	0.00733	0.00218	0.00302	0.01406	0.00462	0.00406
13	0.00955	0.00899	0.01517	0.81013	0.03483	0.01123	0.01404	0.01292	0.01011	0.01292	0.00899	0.01348	0.00674	0.00506	0.00506	0.00169	0.00674	0.00449	0.00225	0.00562
14	0.01852	0.07983	0.01518	0.01272	0.01545	0.74760	0.00969	0.01984	0.01405	0.01234	0.00776	0.00905	0.00651	0.00515	0.00447	0.00129	0.00886	0.00322	0.00257	0.00591
15	0.00616	0.00440	0.00587	0.00704	0.00733	0.00411	0.00469	0.00704	0.00968	0.01291	0.02787	0.81899	0.03344	0.01584	0.00645	0.00205	0.00293	0.01438	0.00469	0.00411
16	0.00955	0.00899	0.01517	0.81013	0.03483	0.01123	0.01404	0.01292	0.01011	0.01292	0.00899	0.01348	0.00674	0.00506	0.00506	0.00169	0.00674	0.00449	0.00225	0.00562
17	0.01049	0.00899	0.01049	0.00749	0.01198	0.00674	0.00599	0.01273	0.01049	0.01648	0.00899	0.01049	0.00749	0.00374	0.00374	0.00075	0.00374	0.00300	0.00300	0.85320
18	0.01358	0.00889	0.01080	0.00787	0.01222	0.00692	0.00636	0.01576	0.01150	0.21387	0.01177	0.01219	0.00877	0.00438	0.00409	0.00096	0.00389	0.00353	0.00382	0.63884
19	0.85801	0.00978	0.00743	0.00665	0.00978	0.01134	0.00548	0.01486	0.00861	0.02269	0.00704	0.00821	0.00548	0.00469	0.00313	0.00156	0.00391	0.00274	0.00313	0.00548
20	0.01473	0.01193	0.01264	0.01073	0.01397	0.01358	0.00852	0.26842	0.53656	0.02462	0.01785	0.01669	0.01323	0.00660	0.00512	0.00165	0.00451	0.00534	0.00512	0.00820
21	0.01399	0.01467	0.01693	0.05764	0.40890	0.20943	0.01253	0.01882	0.16472	0.01624	0.01126	0.01297	0.00905	0.00517	0.00492	0.00150	0.00642	0.00443	0.00304	0.00736
22	0.00749	0.00679	0.06176	0.00701	0.00869	0.00547	0.00581	0.01044	0.03579	0.01987	0.69665	0.03558	0.05947	0.00991	0.00586	0.00160	0.00279	0.00870	0.00530	0.00504
23	0.00955	0.00899	0.01517	0.81013	0.03483	0.01123	0.01404	0.01292	0.01011	0.01292	0.00899	0.01348	0.00674	0.00506	0.00506	0.00169	0.00674	0.00449	0.00225	0.00562
24	0.01209	0.01144	0.01925	0.19323	0.61084	0.01196	0.01504	0.03651	0.01157	0.01620	0.00948	0.01271	0.00776	0.00466	0.00502	0.00154	0.00615	0.00450	0.00252	0.00753
25	0.00598	0.00512	0.00512	0.00512	0.00683	0.00427	0.00384	0.00726	0.01153	0.01366	0.05123	0.04866	0.78869	0.01281	0.00598	0.00171	0.00256	0.01067	0.00470	0.00427
26	0.01049	0.00899	0.01049	0.00749	0.01198	0.00674	0.00599	0.01273	0.01049	0.01648	0.00899	0.01049	0.00749	0.00374	0.00374	0.00075	0.00374	0.00300	0.00300	0.85320
27	0.00804	0.00731	0.05497	0.02614	0.08407	0.00631	0.00718	0.01068	0.01342	0.01899	0.58238	0.03404	0.03848	0.00957	0.00608	0.00165	0.02037	0.06018	0.00487	0.00527
28	0.01261	0.00892	0.01070	0.00775	0.01214	0.00686	0.00624	0.01481	0.01118	0.15181	0.01090	0.01166	0.00836	0.00418	0.00398	0.00089	0.00384	0.00336	0.00356	0.70624
29	0.01345	0.76868	0.02545	0.00877	0.01299	0.01949	0.00861	0.01596	0.06392	0.01254	0.00797	0.00886	0.00711	0.00450	0.00338	0.00113	0.00531	0.00291	0.00237	0.00659
30	0.19974	0.02668	0.01270	0.01109	0.07932	0.01122	0.00830	0.20893	0.05170	0.31946	0.01411	0.01351	0.00966	0.00572	0.00462	0.00155	0.00469	0.00438	0.00483	0.00781
31	0.01889	0.02410	0.01433	0.01303	0.01563	0.80199	0.00977	0.02019	0.01433	0.01238	0.00782	0.00912	0.00651	0.00521	0.00456	0.00130	0.00912	0.00326	0.00261	0.00586
32	0.01038	0.00888	0.01037	0.00748	0.01187	0.00668	0.00596	0.01259	0.01047	0.01639	0.00945	0.03025	0.00812	0.00404	0.00381	0.00078	0.00373	0.00327	0.00304	0.83245
33	0.00640	0.00450	0.00580	0.00673	0.00696	0.00427	0.00436	0.00710	0.00921	0.01227	0.02543	0.65849	0.03037	0.18054	0.01039	0.00264	0.00334	0.01294	0.00436	0.00389
34	0.01258	0.01086	0.01143	0.01029	0.01315	0.01258	0.00800	0.02687	0.78161	0.02115	0.02058	0.01887	0.01544	0.00686	0.00515	0.00172	0.00400	0.00572	0.00515	0.00800
35	0.01341	0.01263	0.01850	0.01979	0.28959	0.12164	0.18757	0.02995	0.01219	0.08734	0.03719	0.06524	0.01174	0.06251	0.00674	0.00180	0.00648	0.00569	0.00320	0.00681
36	0.00616	0.00440	0.00587	0.00704	0.00733	0.00411	0.00469	0.00704	0.00968	0.01291	0.02787	0.81899	0.03344	0.01584	0.00645	0.00205	0.00293	0.01438	0.00469	0.00411
37	0.00735	0.00490	0.00552	0.00552	0.00552	0.00490	0.00306	0.00735	0.00735	0.00980	0.01593	0.03309	0.01838	0.82229	0.02574	0.00490	0.00490	0.00735	0.00306	0.00306
38	0.01738	0.08290	0.01539	0.08280	0.01703	0.62740	0.01011	0.03492	0.01361	0.01279	0.00791	0.00956	0.00658	0.00528	0.00496	0.00136	0.03811	0.00339	0.00258	0.00593
39	0.00688	0.00479	0.00605	0.00657	0.00684	0.00477	0.00428	0.00753	0.00854	0.01148	0.02092	0.35349	0.02426	0.37435	0.10630	0.00402	0.00508	0.03639	0.00375	0.00371
40	0.00716	0.00517	0.00676	0.00636	0.00755	0.00477	0.00477	0.00954	0.01431	0.02028	0.78808	0.03777	0.04771	0.01034	0.00596	0.00159	0.00239	0.00914	0.00557	0.00477
41	0.01922	0.01416	0.01518	0.01163	0.01568	0.01568	0.00961	0.77388	0.02378	0.03187	0.01214	0.01214	0.00860	0.00607	0.00506	0.00152	0.00556	0.00455	0.00506	0.00860
42	0.00943	0.00471	0.00471	0.00471	0.00589	0.00471	0.00353	0.01178	0.01060	0.01885	0.01650	0.01885	0.01296	0.00589	0.00353	0.00118	0.00236	0.00471	0.85036	0.00471
43	0.01049	0.00899	0.01049	0.00749	0.01198	0.00674	0.00599	0.01273	0.01049	0.01648	0.00899	0.01049	0.00749	0.00374	0.00374	0.00075	0.00374	0.00300	0.00300	0.85320
44	0.01889	0.02410	0.01433	0.01303	0.01563	0.80199	0.00977	0.02019	0.01433	0.01238	0.00782	0.00912	0.00651	0.00521	0.00456	0.00130	0.00912	0.00326	0.00261	0.00586
45	0.00722	0.00542	0.00813	0.00813	0.00903	0.00632	0.00632	0.00903	0.00813	0.01174	0.01354	0.01987	0.01264	0.03792	0.80225	0.00813	0.01354	0.00542	0.00271	0.00451
