[name]
unknown

[dist]
# distance from previous block
# <min> <max>
0	428

[block]
# block no. 0 follows, 51 sequences, length 58
# corresponding to MSA columns:
# 508-565
name=unknown_A
#
# <colnr> <probs for GDERKNQSTAVLIFYWHMCP>
#	G	D	E	R	K	N	Q	S	T	A	V	L	I	F	Y	W	H	M	C	P
0	0.01469	0.24605	0.14889	0.01009	0.01427	0.03084	0.00986	0.17726	0.01385	0.15314	0.03519	0.01596	0.01096	0.00601	0.00454	0.00143	0.00534	0.07420	0.00372	0.02371
1	0.05578	0.29306	0.44677	0.01220	0.01806	0.01415	0.06705	0.01523	0.01022	0.01458	0.00813	0.00962	0.00629	0.00447	0.00415	0.00139	0.00648	0.00340	0.00216	0.00680
2	0.00973	0.13454	0.29914	0.01225	0.01666	0.01080	0.17290	0.01305	0.01015	0.01383	0.01410	0.08990	0.06508	0.10793	0.00743	0.00195	0.00614	0.00579	0.00268	0.00594
3	0.30371	0.07481	0.42109	0.04642	0.01727	0.01184	0.03102	0.01499	0.00966	0.01739	0.00802	0.00957	0.00596	0.00460	0.00404	0.00151	0.00592	0.00331	0.00242	0.00643
4	0.01182	0.43472	0.01956	0.00880	0.01312	0.01364	0.06084	0.01382	0.01018	0.01369	0.00783	0.00921	0.00679	0.00397	0.00354	0.00096	0.00480	0.00297	0.00246	0.35730
5	0.01250	0.07093	0.18366	0.01294	0.01789	0.01099	0.21796	0.08519	0.02741	0.08516	0.02279	0.01219	0.00833	0.00461	0.00470	0.00134	0.00596	0.00428	0.00310	0.20807
6	0.00895	0.01624	0.41033	0.01161	0.01632	0.00882	0.08196	0.01295	0.01110	0.01611	0.17665	0.11699	0.01813	0.00701	0.00514	0.00156	0.00552	0.00617	0.00318	0.06528
7	0.01618	0.01010	0.01195	0.00898	0.01297	0.00940	0.00734	0.23538	0.01499	0.25534	0.01276	0.01262	0.00904	0.00511	0.00463	0.00121	0.01966	0.00398	0.00442	0.34395
8	0.01489	0.09083	0.11175	0.01112	0.01469	0.22714	0.00975	0.20634	0.17052	0.01933	0.06582	0.01352	0.01133	0.00581	0.00467	0.00143	0.00603	0.00436	0.00372	0.00694
9	0.00637	0.00500	0.00575	0.00556	0.00698	0.00439	0.00417	0.00813	0.01252	0.01640	0.41140	0.04215	0.43108	0.01128	0.00580	0.00160	0.00241	0.00965	0.00497	0.00439
10	0.01519	0.35446	0.01802	0.01024	0.01323	0.40952	0.00845	0.01646	0.01168	0.01161	0.00800	0.01058	0.00737	0.07950	0.00578	0.00150	0.00700	0.00331	0.00240	0.00570
11	0.00715	0.00476	0.00536	0.00536	0.00536	0.00476	0.00298	0.00715	0.00715	0.00953	0.01548	0.03216	0.01787	0.82729	0.02501	0.00476	0.00476	0.00715	0.00298	0.00298
12	0.00677	0.00502	0.00631	0.00599	0.00723	0.00456	0.00449	0.00891	0.01347	0.01866	0.67347	0.03842	0.16759	0.01044	0.00580	0.00156	0.00235	0.00913	0.00527	0.00456
13	0.01098	0.00920	0.01061	0.00765	0.01198	0.00736	0.00615	0.08344	0.01139	0.01740	0.00902	0.01034	0.00738	0.00385	0.00376	0.00080	0.00380	0.00305	0.00310	0.77876
14	0.01648	0.00808	0.00954	0.00771	0.01054	0.00792	0.00624	0.17861	0.01455	0.34337	0.01652	0.01629	0.01152	0.00591	0.00437	0.00137	0.00373	0.00470	0.32561	0.00694
15	0.00615	0.00462	0.00570	0.00622	0.00705	0.00417	0.00436	0.00742	0.01085	0.01428	0.19899	0.45209	0.23327	0.01347	0.00605	0.00181	0.00264	0.01194	0.00475	0.00417
16	0.00916	0.00636	0.00885	0.06686	0.17794	0.00646	0.00690	0.01137	0.01027	0.01621	0.01649	0.16102	0.02635	0.00774	0.01822	0.00152	0.00364	0.00630	0.43313	0.00521
17	0.00713	0.00479	0.00547	0.00543	0.00554	0.00475	0.00313	0.00734	0.00776	0.01045	0.08631	0.03257	0.02046	0.75295	0.02326	0.00447	0.00454	0.00730	0.00320	0.00313
18	0.00691	0.00502	0.00651	0.00614	0.00732	0.00462	0.00460	0.00919	0.01381	0.01948	0.76730	0.03709	0.07326	0.01013	0.00580	0.00155	0.00232	0.00894	0.00538	0.00462
19	0.01108	0.01015	0.01516	0.06798	0.39014	0.00928	0.01075	0.01369	0.01065	0.01582	0.00898	0.01132	0.00748	0.00407	0.00431	0.00114	0.00487	0.00371	0.00264	0.39680
20	0.00950	0.00915	0.01606	0.74192	0.03309	0.01106	0.08447	0.01285	0.00999	0.01285	0.00885	0.01312	0.00663	0.00484	0.00500	0.00164	0.00671	0.00450	0.00221	0.00557
21	0.86201	0.00950	0.00722	0.00646	0.00950	0.01102	0.00532	0.01445	0.00836	0.02205	0.00684	0.00798	0.00532	0.00456	0.00304	0.00152	0.00380	0.00266	0.00304	0.00532
22	0.00671	0.00501	0.00623	0.00592	0.00719	0.00453	0.00444	0.00880	0.01333	0.01833	0.63427	0.03898	0.20700	0.01056	0.00580	0.00157	0.00236	0.00921	0.00523	0.00453
23	0.02079	0.00875	0.01144	0.00895	0.01263	0.00800	0.00734	0.04120	0.10732	0.68901	0.01929	0.01681	0.01242	0.00615	0.00495	0.00154	0.00417	0.00500	0.00593	0.00829
24	0.01387	0.01163	0.01853	0.02588	0.62850	0.01171	0.01366	0.11069	0.01293	0.08922	0.01048	0.01253	0.00825	0.00472	0.00488	0.00147	0.00563	0.00444	0.00307	0.00791
25	0.01522	0.12893	0.34627	0.01112	0.01646	0.01138	0.01216	0.08779	0.01272	0.28057	0.01237	0.01230	0.00845	0.00518	0.00456	0.00146	0.00573	0.00400	0.00370	0.01964
26	0.01300	0.01424	0.01697	0.28034	0.25287	0.24426	0.06590	0.01581	0.02420	0.01379	0.00882	0.01168	0.00705	0.00477	0.00482	0.00148	0.00709	0.00414	0.00243	0.00633
27	0.01197	0.01101	0.01107	0.00831	0.01241	0.10659	0.00660	0.08312	0.01183	0.01688	0.00887	0.01017	0.00726	0.00402	0.00385	0.00086	0.00445	0.00308	0.00305	0.67459
28	0.01127	0.41400	0.17708	0.00889	0.01309	0.01363	0.00929	0.01419	0.04604	0.05012	0.01765	0.01775	0.17635	0.00627	0.00420	0.00133	0.00495	0.00474	0.00294	0.00620
29	0.01429	0.01096	0.01811	0.02556	0.62816	0.01072	0.01339	0.01699	0.01181	0.18451	0.01142	0.01314	0.00873	0.00474	0.00488	0.00147	0.00548	0.00450	0.00322	0.00791
30	0.00919	0.18263	0.01046	0.00638	0.00865	0.00785	0.00530	0.01085	0.01192	0.08742	0.23357	0.03321	0.35595	0.00945	0.00515	0.00149	0.00320	0.00781	0.00440	0.00513
31	0.19332	0.00790	0.00842	0.00758	0.00982	0.00849	0.00592	0.01651	0.24742	0.07466	0.33635	0.02358	0.02566	0.00757	0.00490	0.00158	0.00324	0.00627	0.00482	0.00600
32	0.00612	0.00443	0.00579	0.00662	0.00713	0.00410	0.00452	0.00722	0.01020	0.01367	0.14356	0.65559	0.08406	0.01440	0.00617	0.00191	0.00275	0.01297	0.00469	0.00410
33	0.01248	0.01081	0.01307	0.01433	0.18124	0.01207	0.00936	0.03597	0.59526	0.03306	0.01755	0.01687	0.01329	0.00615	0.00497	0.00162	0.00434	0.00527	0.00447	0.00780
34	0.01081	0.01115	0.03220	0.07013	0.03373	0.00983	0.35906	0.01401	0.01079	0.01558	0.00926	0.01184	0.00729	0.00406	0.00494	0.00126	0.01843	0.00439	0.00263	0.36862
35	0.07188	0.01806	0.27352	0.01149	0.01606	0.19465	0.01143	0.07882	0.04099	0.21881	0.01177	0.01190	0.00820	0.00529	0.00461	0.00148	0.00634	0.00393	0.00361	0.00716
36	0.01124	0.07728	0.57758	0.01231	0.01830	0.01078	0.01489	0.01575	0.01072	0.11221	0.01165	0.08501	0.00936	0.00579	0.00474	0.00156	0.00634	0.00466	0.00280	0.00704
37	0.00865	0.00839	0.00747	0.00809	0.00886	0.17665	0.00562	0.00959	0.01038	0.01243	0.02290	0.64892	0.02688	0.01318	0.00588	0.00184	0.00414	0.01165	0.00413	0.00436
38	0.01846	0.00850	0.01192	0.00904	0.01285	0.00725	0.05686	0.02051	0.01313	0.57692	0.01929	0.01764	0.06547	0.00603	0.00486	0.00142	0.00425	0.00507	0.00527	0.13526
39	0.00983	0.01125	0.09065	0.57053	0.03093	0.01129	0.17847	0.01352	0.01026	0.01352	0.00900	0.01288	0.00672	0.00472	0.00508	0.00163	0.00699	0.00461	0.00224	0.00588
40	0.00637	0.00500	0.00576	0.00557	0.00698	0.00439	0.00418	0.00814	0.01253	0.01644	0.41559	0.04209	0.42687	0.01127	0.00580	0.00160	0.00241	0.00964	0.00498	0.00439
41	0.00610	0.00493	0.00506	0.00506	0.00636	0.00428	0.00357	0.00707	0.01033	0.01247	0.04241	0.04404	0.62774	0.18753	0.00993	0.00233	0.00298	0.00968	0.00422	0.00390
42	0.22096	0.07161	0.04878	0.05124	0.10652	0.20732	0.17484	0.02566	0.01127	0.02676	0.00837	0.01030	0.00660	0.00461	0.00439	0.00145	0.00663	0.00382	0.00265	0.00621
43	0.01127	0.21990	0.56350	0.01250	0.01882	0.01318	0.02697	0.01576	0.01048	0.05224	0.00886	0.01012	0.00655	0.00462	0.00433	0.00143	0.00664	0.00348	0.00228	0.00707
44	0.01118	0.00887	0.01000	0.00951	0.01177	0.00989	0.00758	0.02091	0.51726	0.05053	0.02190	0.07957	0.01924	0.00889	0.00551	0.00183	0.00399	0.18990	0.00490	0.00677
45	0.00991	0.00942	0.01663	0.31126	0.21270	0.01003	0.14535	0.01283	0.01073	0.01458	0.10699	0.01756	0.01297	0.08009	0.00699	0.00187	0.00599	0.00543	0.00277	0.00590
46	0.19516	0.13985	0.20313	0.01292	0.01767	0.05756	0.20522	0.08408	0.01153	0.01758	0.00858	0.01026	0.00655	0.00457	0.00438	0.00147	0.00640	0.00386	0.00267	0.00655
47	0.23395	0.17455	0.19789	0.04942	0.01727	0.01299	0.15921	0.01546	0.05183	0.01662	0.00905	0.01122	0.00715	0.00473	0.00423	0.00149	0.00590	0.01806	0.00262	0.00634
48	0.00746	0.00587	0.00757	0.00815	0.04442	0.00528	0.00546	0.00931	0.04615	0.01383	0.02200	0.57435	0.02513	0.01196	0.00558	0.00168	0.00321	0.01076	0.00413	0.18770
49	0.12695	0.16223	0.20006	0.04835	0.01586	0.05488	0.01075	0.18001	0.01313	0.07845	0.02117	0.01086	0.00766	0.00524	0.00481	0.00146	0.04435	0.00371	0.00321	0.00686
50	0.03823	0.12899	0.29346	0.01108	0.01577	0.01276	0.01151	0.05560	0.30177	0.06198	0.01340	0.01336	0.00993	0.00549	0.00456	0.00152	0.00536	0.00429	0.00356	0.00738
51	0.03159	0.36512	0.16220	0.01031	0.01479	0.09920	0.01024	0.13124	0.01288	0.10622	0.00947	0.01005	0.00726	0.00486	0.00403	0.00129	0.00587	0.00340	0.00304	0.00694
52	0.32385	0.22049	0.07654	0.06473	0.01408	0.02674	0.00851	0.13528	0.01178	0.06533	0.00866	0.00963	0.00663	0.00481	0.00376	0.00140	0.00499	0.00327	0.00313	0.00640
53	0.13822	0.22177	0.13254	0.00977	0.01381	0.01172	0.07864	0.01597	0.02968	0.16353	0.07580	0.01553	0.06194	0.00573	0.00437	0.00143	0.00497	0.00458	0.00351	0.00648
54	0.03241	0.52113	0.12910	0.00915	0.01332	0.03085	0.00929	0.03216	0.06446	0.01360	0.01205	0.01269	0.07864	0.00532	0.00400	0.00126	0.01787	0.00375	0.00262	0.00634
55	0.18539	0.29357	0.21743	0.00984	0.01425	0.08285	0.01025	0.01534	0.01033	0.04428	0.00904	0.01180	0.00762	0.00508	0.00392	0.00138	0.00568	0.04791	0.00263	0.02141
56	0.08247	0.44641	0.05081	0.00870	0.01226	0.01423	0.00832	0.05041	0.01111	0.08241	0.01272	0.01881	0.02582	0.00645	0.00419	0.00142	0.00494	0.14919	0.00317	0.00616
57	0.03148	0.59572	0.17380	0.00955	0.01425	0.01712	0.01019	0.04988	0.01074	0.02474	0.01958	0.00911	0.00705	0.00449	0.00359	0.00119	0.00556	0.00303	0.00235	0.00657

[dist]
# distance from previous block
# <min> <max>
9	32

[block]
# block no. 1 follows, 51 sequences, length 28
# corresponding to MSA columns:
# 601-628
name=unknown_B
#
# <colnr> <probs for GDERKNQSTAVLIFYWHMCP>
#	G	D	E	R	K	N	Q	S	T	A	V	L	I	F	Y	W	H	M	C	P
0	0.22650	0.08223	0.20475	0.02948	0.03325	0.06415	0.02557	0.09129	0.10037	0.04842	0.01008	0.01091	0.00756	0.00498	0.00418	0.00146	0.00547	0.00367	0.00317	0.04253
1	0.06219	0.05896	0.07835	0.03063	0.01506	0.31036	0.03942	0.06283	0.13649	0.10323	0.02845	0.01322	0.02843	0.00562	0.00461	0.00144	0.00639	0.00422	0.00352	0.00659
2	0.04042	0.01250	0.07815	0.31638	0.02187	0.13041	0.04108	0.03206	0.08631	0.10235	0.03063	0.05079	0.01012	0.00586	0.00508	0.00158	0.02014	0.00486	0.00322	0.00620
3	0.07504	0.05430	0.08986	0.01123	0.01469	0.35234	0.03152	0.07606	0.07148	0.11725	0.01199	0.01237	0.03590	0.00548	0.00452	0.00140	0.00663	0.00398	0.00340	0.02056
4	0.17891	0.02253	0.05933	0.04924	0.01464	0.00943	0.11446	0.03024	0.04526	0.04173	0.04739	0.02448	0.02968	0.00510	0.00458	0.00131	0.02539	0.00425	0.00318	0.28888
5	0.10599	0.25504	0.01802	0.01148	0.04490	0.14230	0.12170	0.01647	0.04766	0.09038	0.04777	0.01415	0.03214	0.00545	0.00437	0.00139	0.00575	0.02561	0.00315	0.00628
6	0.01282	0.76288	0.02485	0.07460	0.01435	0.01875	0.00884	0.01454	0.00997	0.01164	0.00699	0.00831	0.00633	0.00426	0.00330	0.00110	0.00536	0.00277	0.00211	0.00624
7	0.00986	0.02542	0.80183	0.01401	0.02127	0.01141	0.01816	0.01556	0.01038	0.01556	0.00882	0.01038	0.00623	0.00467	0.00467	0.00156	0.00726	0.00363	0.00208	0.00726
8	0.00711	0.00492	0.00615	0.00615	0.00643	0.00519	0.00397	0.00765	0.00738	0.01012	0.01476	0.02815	0.01612	0.58060	0.26932	0.00574	0.00739	0.00656	0.00287	0.00342
9	0.15750	0.10436	0.03438	0.01171	0.01494	0.37535	0.07808	0.09735	0.01306	0.03386	0.00830	0.00959	0.00661	0.00501	0.00461	0.00138	0.03143	0.00348	0.00287	0.00615
10	0.00704	0.00472	0.00539	0.00549	0.00551	0.00470	0.00312	0.00712	0.00734	0.00979	0.01650	0.10160	0.01915	0.75610	0.02337	0.00452	0.00460	0.00774	0.00312	0.00307
11	0.01390	0.40141	0.16043	0.01152	0.01608	0.13230	0.10210	0.01650	0.01118	0.08010	0.00874	0.00986	0.00693	0.00457	0.00408	0.00128	0.00641	0.00346	0.00255	0.00660
12	0.10038	0.07911	0.07717	0.02974	0.01553	0.32638	0.06553	0.04426	0.06479	0.13619	0.01055	0.01118	0.00786	0.00514	0.00446	0.00141	0.00670	0.00381	0.00329	0.00653
13	0.00702	0.00527	0.00790	0.00790	0.00878	0.00614	0.00614	0.00878	0.00790	0.01141	0.01316	0.01931	0.01229	0.03686	0.80782	0.00790	0.01316	0.00527	0.00263	0.00439
14	0.01184	0.51247	0.33218	0.01062	0.01603	0.01627	0.01226	0.01505	0.01014	0.01314	0.00762	0.00887	0.00627	0.00439	0.00375	0.00125	0.00605	0.00302	0.00209	0.00668
15	0.01389	0.09053	0.06615	0.01697	0.08506	0.24064	0.32678	0.01707	0.03084	0.03446	0.00928	0.01142	0.00727	0.00467	0.00520	0.00147	0.02474	0.00446	0.00258	0.00651
16	0.01015	0.09837	0.73148	0.01350	0.02048	0.01214	0.01727	0.01549	0.01034	0.01520	0.00864	0.01015	0.00623	0.00463	0.00453	0.00151	0.00708	0.00354	0.00208	0.00718
17	0.16062	0.03242	0.23102	0.01180	0.04622	0.01167	0.05940	0.14766	0.11360	0.06318	0.02745	0.01340	0.03261	0.00546	0.00457	0.00153	0.00539	0.00436	0.00353	0.02412
18	0.27177	0.11734	0.01260	0.00924	0.01226	0.26103	0.00747	0.06644	0.02668	0.09780	0.06631	0.01168	0.00983	0.00536	0.00404	0.00138	0.00561	0.00367	0.00341	0.00607
19	0.01515	0.01288	0.12859	0.01022	0.01413	0.03377	0.00922	0.20553	0.18971	0.19063	0.01685	0.03708	0.05014	0.00635	0.00489	0.00151	0.00485	0.00510	0.00455	0.05885
20	0.01377	0.01209	0.01360	0.17170	0.06213	0.12947	0.03968	0.13729	0.15809	0.08085	0.04313	0.01542	0.03851	0.00583	0.00488	0.00149	0.00558	0.00482	0.00378	0.05789
21	0.29056	0.00732	0.00764	0.00683	0.00903	0.00763	0.00536	0.01365	0.07621	0.08446	0.38893	0.02347	0.02654	0.00749	0.00470	0.00153	0.00312	0.00610	0.00459	0.02484
22	0.01066	0.00672	0.00822	0.00780	0.00946	0.00674	0.00579	0.03006	0.18289	0.15512	0.14985	0.32748	0.02629	0.04135	0.00636	0.00186	0.00335	0.00923	0.00501	0.00576
23	0.07265	0.20701	0.01722	0.06075	0.08330	0.09862	0.00994	0.13561	0.01191	0.03287	0.00820	0.01024	0.00687	0.00583	0.00723	0.00154	0.21733	0.00371	0.00279	0.00638
24	0.00602	0.00469	0.00549	0.00609	0.00708	0.00416	0.00437	0.00714	0.01037	0.01302	0.03772	0.41241	0.39155	0.01390	0.00608	0.00185	0.00278	0.05662	0.00456	0.00410
25	0.07985	0.06801	0.01353	0.00981	0.01354	0.01239	0.00816	0.35495	0.09840	0.26958	0.01434	0.01348	0.00989	0.00582	0.00467	0.00148	0.00474	0.00445	0.00496	0.00794
26	0.07480	0.10579	0.01405	0.01081	0.01382	0.34561	0.00856	0.10933	0.21564	0.03782	0.01149	0.01171	0.00891	0.00548	0.00441	0.00140	0.00630	0.00389	0.00353	0.00666
27	0.00662	0.00501	0.00611	0.00583	0.00714	0.00449	0.00437	0.00863	0.01312	0.01783	0.57719	0.03979	0.26439	0.01075	0.00580	0.00158	0.00237	0.00932	0.00516	0.00449

[dist]
# distance from previous block
# <min> <max>
1	5

[block]
# block no. 2 follows, 51 sequences, length 7
# corresponding to MSA columns:
# 634-640
name=unknown_C
#
# <colnr> <probs for GDERKNQSTAVLIFYWHMCP>
#	G	D	E	R	K	N	Q	S	T	A	V	L	I	F	Y	W	H	M	C	P
0	0.16200	0.29928	0.10775	0.00962	0.01353	0.11879	0.00903	0.04748	0.11035	0.06560	0.00983	0.01036	0.00769	0.00493	0.00390	0.00134	0.00547	0.00341	0.00305	0.00656
1	0.01128	0.18277	0.52797	0.01271	0.01847	0.08024	0.01499	0.01548	0.01040	0.01422	0.00816	0.00978	0.00627	0.00488	0.00515	0.00147	0.06337	0.00344	0.00212	0.00681
2	0.01331	0.01686	0.08553	0.08299	0.02181	0.26002	0.35817	0.01639	0.01178	0.01402	0.00877	0.01146	0.00686	0.00486	0.00595	0.00156	0.06646	0.00457	0.00242	0.00620
3	0.00606	0.00480	0.00546	0.00569	0.00690	0.00419	0.00412	0.00739	0.01121	0.01423	0.17691	0.25350	0.45655	0.01281	0.00593	0.00173	0.00256	0.01107	0.00471	0.00419
4	0.10156	0.03545	0.07348	0.03487	0.01519	0.00990	0.10579	0.09502	0.01209	0.14807	0.01067	0.01165	0.00787	0.00471	0.00466	0.00128	0.02799	0.00388	0.00348	0.29241
5	0.01314	0.83025	0.02575	0.00841	0.01261	0.01945	0.00841	0.01472	0.00999	0.01156	0.00683	0.00788	0.00631	0.00420	0.00315	0.00105	0.00526	0.00263	0.00210	0.00631
6	0.07312	0.16620	0.47687	0.01214	0.01789	0.07846	0.01406	0.07907	0.01151	0.01631	0.00847	0.00975	0.00636	0.00471	0.00428	0.00143	0.00663	0.00341	0.00242	0.00692

[dist]
# distance from previous block
# <min> <max>
0	1

[block]
# block no. 3 follows, 51 sequences, length 134
# corresponding to MSA columns:
# 642-775
name=unknown_D
#
# <colnr> <probs for GDERKNQSTAVLIFYWHMCP>
#	G	D	E	R	K	N	Q	S	T	A	V	L	I	F	Y	W	H	M	C	P
0	0.01315	0.27556	0.30181	0.01153	0.01623	0.23837	0.01207	0.01617	0.01141	0.01350	0.04241	0.01033	0.00805	0.00487	0.00418	0.00132	0.00687	0.00342	0.00236	0.00641
1	0.01314	0.83025	0.02575	0.00841	0.01261	0.01945	0.00841	0.01472	0.00999	0.01156	0.00683	0.00788	0.00631	0.00420	0.00315	0.00105	0.00526	0.00263	0.00210	0.00631
2	0.01868	0.01376	0.01475	0.01131	0.01524	0.01524	0.00934	0.78025	0.02311	0.03097	0.01180	0.01180	0.00836	0.00590	0.00492	0.00147	0.00541	0.00442	0.00492	0.00836
3	0.01110	0.32933	0.50878	0.01189	0.01800	0.01445	0.01448	0.01524	0.01023	0.01405	0.00807	0.00943	0.00626	0.00449	0.00410	0.00137	0.00650	0.00325	0.00209	0.00690
4	0.02079	0.00895	0.04596	0.00885	0.01268	0.00728	0.00758	0.02288	0.01390	0.72838	0.05579	0.01740	0.01353	0.00621	0.00497	0.00152	0.00423	0.00507	0.00587	0.00814
5	0.00986	0.02542	0.80183	0.01401	0.02127	0.01141	0.01816	0.01556	0.01038	0.01556	0.00882	0.01038	0.00623	0.00467	0.00467	0.00156	0.00726	0.00363	0.00208	0.00726
6	0.01314	0.83025	0.02575	0.00841	0.01261	0.01945	0.00841	0.01472	0.00999	0.01156	0.00683	0.00788	0.00631	0.00420	0.00315	0.00105	0.00526	0.00263	0.00210	0.00631
7	0.01059	0.20588	0.62782	0.01275	0.01933	0.01321	0.01597	0.01537	0.01029	0.01467	0.00837	0.00982	0.00624	0.00456	0.00433	0.00144	0.00681	0.00341	0.00208	0.00705
8	0.00669	0.00545	0.00639	0.00675	0.04020	0.00493	0.00471	0.00882	0.04399	0.01554	0.26586	0.10534	0.44474	0.01140	0.00577	0.00165	0.00267	0.00978	0.00474	0.00458
9	0.00581	0.00498	0.00498	0.00498	0.00664	0.00415	0.00373	0.00705	0.01120	0.01328	0.04978	0.04729	0.79464	0.01245	0.00581	0.00166	0.00249	0.01037	0.00456	0.00415
10	0.01215	0.01171	0.02013	0.02998	0.78145	0.01169	0.03012	0.01509	0.01120	0.01605	0.00926	0.01218	0.00778	0.00437	0.00488	0.00146	0.00589	0.00441	0.00243	0.00776
11	0.01052	0.00873	0.01116	0.03941	0.02835	0.00696	0.03864	0.01276	0.01037	0.04813	0.01020	0.05353	0.00880	0.00444	0.00400	0.00092	0.00397	0.00378	0.00307	0.69225
12	0.06219	0.01186	0.01221	0.01031	0.01349	0.02886	0.00821	0.28590	0.46465	0.02407	0.01619	0.01531	0.01199	0.00625	0.00485	0.00158	0.00451	0.00496	0.00481	0.00780
13	0.01314	0.83025	0.02575	0.00841	0.01261	0.01945	0.00841	0.01472	0.00999	0.01156	0.00683	0.00788	0.00631	0.00420	0.00315	0.00105	0.00526	0.00263	0.00210	0.00631
14	0.01836	0.02342	0.01393	0.01266	0.01519	0.80756	0.00950	0.01962	0.01393	0.01203	0.00760	0.00886	0.00633	0.00506	0.00443	0.00127	0.00886	0.00317	0.00253	0.00570
15	0.00599	0.00428	0.00570	0.00684	0.00713	0.00399	0.00456	0.00684	0.00941	0.01254	0.02709	0.82409	0.03250	0.01540	0.00627	0.00200	0.00285	0.01397	0.00456	0.00399
16	0.00620	0.00484	0.00534	0.00548	0.00679	0.00422	0.00401	0.00760	0.01127	0.01444	0.16308	0.18196	0.49850	0.01223	0.00576	0.00167	0.00252	0.01047	0.04939	0.00422
17	0.00599	0.00428	0.00570	0.00684	0.00713	0.00399	0.00456	0.00684	0.00941	0.01254	0.02709	0.82409	0.03250	0.01540	0.00627	0.00200	0.00285	0.01397	0.00456	0.00399
18	0.00733	0.00520	0.00675	0.00631	0.00755	0.00485	0.00475	0.00990	0.03075	0.03337	0.76365	0.03596	0.04509	0.00990	0.00576	0.00155	0.00239	0.00875	0.00541	0.00477
19	0.86201	0.00950	0.00722	0.00646	0.00950	0.01102	0.00532	0.01445	0.00836	0.02205	0.00684	0.00798	0.00532	0.00456	0.00304	0.00152	0.00380	0.00266	0.00304	0.00532
20	0.01048	0.01037	0.01488	0.12642	0.01579	0.01431	0.01108	0.01188	0.00786	0.01192	0.00689	0.01123	0.00657	0.00858	0.02844	0.00218	0.68926	0.00433	0.00216	0.00537
21	0.00696	0.00502	0.00657	0.00618	0.00734	0.00464	0.00464	0.00927	0.01391	0.01971	0.79405	0.03671	0.04637	0.01005	0.00580	0.00155	0.00232	0.00889	0.00541	0.00464
22	0.01142	0.08538	0.16783	0.01845	0.02377	0.01285	0.57593	0.01562	0.01124	0.01535	0.00947	0.01228	0.00714	0.00424	0.00537	0.00159	0.00784	0.00514	0.00238	0.00671
23	0.01501	0.46781	0.02054	0.01094	0.05462	0.25885	0.00901	0.01716	0.04844	0.04500	0.00834	0.00927	0.00705	0.00467	0.00380	0.00119	0.00628	0.00312	0.00255	0.00635
24	0.01259	0.75002	0.03768	0.00833	0.01234	0.01812	0.00827	0.01429	0.01031	0.01229	0.07008	0.01024	0.00952	0.00468	0.00339	0.00110	0.00505	0.00315	0.00237	0.00619
25	0.01775	0.00897	0.01068	0.00852	0.01170	0.00889	0.00693	0.20429	0.06450	0.39111	0.01685	0.01599	0.01152	0.00600	0.00461	0.00144	0.00404	0.00478	0.19397	0.00749
26	0.02017	0.00917	0.01168	0.00905	0.01266	0.00861	0.00744	0.17353	0.01586	0.58408	0.08008	0.01735	0.01415	0.00636	0.00501	0.00151	0.00428	0.00516	0.00580	0.00806
27	0.01784	0.01409	0.01420	0.01120	0.01479	0.08956	0.00913	0.65487	0.02118	0.02782	0.01150	0.01204	0.00844	0.00796	0.06048	0.00190	0.00627	0.00436	0.00453	0.00783
28	0.00753	0.00538	0.00747	0.00861	0.00957	0.00532	0.00724	0.00951	0.01093	0.01427	0.02623	0.21039	0.02913	0.01394	0.00668	0.00221	0.00419	0.61245	0.00453	0.00442
29	0.00986	0.02542	0.80183	0.01401	0.02127	0.01141	0.01816	0.01556	0.01038	0.01556	0.00882	0.01038	0.00623	0.00467	0.00467	0.00156	0.00726	0.00363	0.00208	0.00726
30	0.00696	0.00502	0.00657	0.00618	0.00734	0.00464	0.00464	0.00927	0.01391	0.01971	0.79405	0.03671	0.04637	0.01005	0.00580	0.00155	0.00232	0.00889	0.00541	0.00464
31	0.00768	0.00482	0.00715	0.00715	0.00762	0.00528	0.00521	0.00769	0.00723	0.01010	0.01127	0.01796	0.01091	0.06108	0.43708	0.37207	0.00900	0.00492	0.00243	0.00336
32	0.00680	0.00530	0.00621	0.00593	0.00736	0.00485	0.00447	0.00933	0.05358	0.01735	0.47568	0.03969	0.32389	0.01076	0.00576	0.00159	0.00246	0.00927	0.00507	0.00462
33	0.00728	0.00497	0.00626	0.00624	0.00645	0.00526	0.00403	0.00756	0.00732	0.01001	0.01446	0.04640	0.01592	0.54079	0.20516	0.07380	0.02534	0.00658	0.00285	0.00332
34	0.01836	0.02342	0.01393	0.01266	0.01519	0.80756	0.00950	0.01962	0.01393	0.01203	0.00760	0.00886	0.00633	0.00506	0.00443	0.00127	0.00886	0.00317	0.00253	0.00570
35	0.01045	0.03854	0.52272	0.04711	0.05515	0.01184	0.21378	0.01545	0.01070	0.01543	0.00908	0.01124	0.00662	0.00452	0.00495	0.00157	0.00740	0.00423	0.00220	0.00703
36	0.01082	0.08410	0.62922	0.01359	0.02014	0.01194	0.06212	0.01632	0.04459	0.04831	0.00967	0.01097	0.00694	0.00475	0.00465	0.00153	0.00690	0.00382	0.00240	0.00722
37	0.00986	0.02542	0.80183	0.01401	0.02127	0.01141	0.01816	0.01556	0.01038	0.01556	0.00882	0.01038	0.00623	0.00467	0.00467	0.00156	0.00726	0.00363	0.00208	0.00726
38	0.32492	0.01814	0.30530	0.01123	0.01582	0.15874	0.05496	0.01580	0.01043	0.01738	0.02194	0.00985	0.00670	0.00477	0.00411	0.00149	0.00626	0.00341	0.00260	0.00618
39	0.01948	0.01248	0.01395	0.01070	0.01460	0.01333	0.00884	0.60013	0.02095	0.21413	0.01361	0.01297	0.00926	0.00594	0.00492	0.00149	0.00512	0.00455	0.00519	0.00836
40	0.00607	0.00432	0.00573	0.00682	0.00710	0.00405	0.00455	0.00691	0.00934	0.01245	0.02656	0.77608	0.03179	0.05089	0.00710	0.00212	0.00296	0.02670	0.00449	0.00396
41	0.00702	0.00527	0.00790	0.00790	0.00878	0.00614	0.00614	0.00878	0.00790	0.01141	0.01316	0.01931	0.01229	0.03686	0.80782	0.00790	0.01316	0.00527	0.00263	0.00439
42	0.00905	0.00739	0.00829	0.00765	0.00958	0.00782	0.00586	0.01619	0.34554	0.01917	0.35711	0.03032	0.13832	0.00893	0.00546	0.00161	0.00302	0.00767	0.00511	0.00592
43	0.01075	0.01075	0.01505	0.01290	0.01290	0.01505	0.01075	0.01183	0.00753	0.01183	0.00645	0.01075	0.00645	0.00860	0.01613	0.00215	0.81830	0.00430	0.00215	0.00538
44	0.01075	0.01075	0.01505	0.01290	0.01290	0.01505	0.01075	0.01183	0.00753	0.01183	0.00645	0.01075	0.00645	0.00860	0.01613	0.00215	0.81830	0.00430	0.00215	0.00538
45	0.01306	0.81084	0.04447	0.00854	0.01282	0.01925	0.00864	0.01474	0.00999	0.01166	0.00688	0.00794	0.00630	0.00422	0.00319	0.00106	0.00530	0.00265	0.00210	0.00633
46	0.00715	0.00476	0.00536	0.00536	0.00536	0.00476	0.00298	0.00715	0.00715	0.00953	0.01548	0.03216	0.01787	0.82729	0.02501	0.00476	0.00476	0.00715	0.00298	0.00298
47	0.00619	0.00441	0.00579	0.00678	0.00721	0.00410	0.00466	0.00702	0.00953	0.01254	0.02814	0.68224	0.09581	0.01512	0.00683	0.03961	0.00297	0.05265	0.00445	0.00395
48	0.00599	0.00428	0.00570	0.00684	0.00713	0.00399	0.00456	0.00684	0.00941	0.01254	0.02709	0.82409	0.03250	0.01540	0.00627	0.00200	0.00285	0.01397	0.00456	0.00399
49	0.01019	0.00873	0.01019	0.00728	0.01165	0.00655	0.00582	0.01237	0.01019	0.01601	0.00873	0.01019	0.00728	0.00364	0.00364	0.00073	0.00364	0.00291	0.00291	0.85734
50	0.01705	0.01249	0.01342	0.01047	0.01384	0.01376	0.00844	0.67082	0.02085	0.02794	0.01232	0.01468	0.00970	0.12217	0.00776	0.00194	0.00532	0.00481	0.00464	0.00760
51	0.00850	0.00681	0.00833	0.00721	0.00860	0.00677	0.00518	0.00945	0.00832	0.01212	0.01286	0.07678	0.01382	0.37326	0.04603	0.00309	0.11977	0.00585	0.00294	0.26433
52	0.00957	0.00820	0.00945	0.00695	0.01094	0.00621	0.00553	0.01162	0.01033	0.01563	0.01455	0.01544	0.11873	0.00489	0.00395	0.00086	0.00348	0.00397	0.00315	0.73657
53	0.00602	0.00430	0.00575	0.00689	0.00719	0.00402	0.00463	0.00691	0.00945	0.01259	0.02706	0.80916	0.03242	0.01536	0.00628	0.00200	0.00288	0.02853	0.00456	0.00400
54	0.00916	0.00458	0.00458	0.00458	0.00573	0.00458	0.00344	0.01145	0.01031	0.01832	0.01603	0.01832	0.01260	0.00573	0.00344	0.00115	0.00229	0.00458	0.85457	0.00458
55	0.00593	0.00494	0.00519	0.00522	0.00674	0.00419	0.00388	0.00726	0.01135	0.01387	0.12283	0.09762	0.66928	0.01240	0.00584	0.00167	0.00250	0.01046	0.00465	0.00419
56	0.00986	0.02542	0.80183	0.01401	0.02127	0.01141	0.01816	0.01556	0.01038	0.01556	0.00882	0.01038	0.00623	0.00467	0.00467	0.00156	0.00726	0.00363	0.00208	0.00726
57	0.00862	0.00450	0.00660	0.00645	0.00668	0.00439	0.00435	0.00672	0.00660	0.00893	0.00855	0.01469	0.00847	0.01637	0.01839	0.81200	0.00423	0.00420	0.00217	0.04709
58	0.00685	0.00484	0.00645	0.00743	0.00797	0.00470	0.00554	0.00809	0.00977	0.01289	0.02506	0.43581	0.02891	0.12967	0.00911	0.00248	0.00372	0.28234	0.00432	0.00404
59	0.01850	0.01926	0.01428	0.01208	0.01521	0.46610	0.00943	0.34743	0.01788	0.02019	0.00941	0.01013	0.00720	0.00542	0.00464	0.00136	0.00737	0.00371	0.00356	0.00684
60	0.00896	0.00789	0.01070	0.00961	0.00975	0.01022	0.00744	0.00979	0.00746	0.01100	0.01051	0.01920	0.01116	0.28394	0.14564	0.00393	0.42047	0.00540	0.00250	0.00442
61	0.01314	0.83025	0.02575	0.00841	0.01261	0.01945	0.00841	0.01472	0.00999	0.01156	0.00683	0.00788	0.00631	0.00420	0.00315	0.00105	0.00526	0.00263	0.00210	0.00631
62	0.01379	0.00844	0.01040	0.00769	0.01173	0.00667	0.00621	0.01589	0.01159	0.26441	0.04948	0.01352	0.01069	0.00472	0.00415	0.00102	0.00375	0.00384	0.00403	0.54797
63	0.75701	0.01054	0.04259	0.00718	0.01048	0.01138	0.00621	0.07599	0.00964	0.02248	0.00733	0.00839	0.00561	0.00467	0.00326	0.00152	0.00408	0.00285	0.00315	0.00565
64	0.01894	0.01355	0.01446	0.01113	0.01502	0.03282	0.00917	0.70203	0.02217	0.09229	0.01231	0.01213	0.00862	0.00589	0.00491	0.00147	0.00539	0.00444	0.00495	0.00830
65	0.01271	0.59402	0.11358	0.04186	0.04952	0.05047	0.05056	0.01500	0.01033	0.01249	0.00743	0.00888	0.00643	0.00433	0.00366	0.00119	0.00587	0.00308	0.00215	0.00644
66	0.01211	0.04867	0.08256	0.04699	0.56662	0.02452	0.05449	0.04340	0.02444	0.01619	0.00978	0.03035	0.00822	0.00475	0.00485	0.00148	0.00601	0.00454	0.00257	0.00746
67	0.01325	0.00920	0.01089	0.00799	0.01216	0.00766	0.00647	0.10413	0.01245	0.15790	0.02272	0.01194	0.00886	0.00444	0.00405	0.00097	0.00392	0.00354	0.00375	0.59371
68	0.86201	0.00950	0.00722	0.00646	0.00950	0.01102	0.00532	0.01445	0.00836	0.02205	0.00684	0.00798	0.00532	0.00456	0.00304	0.00152	0.00380	0.00266	0.00304	0.00532
69	0.01836	0.02342	0.01393	0.01266	0.01519	0.80756	0.00950	0.01962	0.01393	0.01203	0.00760	0.00886	0.00633	0.00506	0.00443	0.00127	0.00886	0.00317	0.00253	0.00570
70	0.00736	0.00527	0.00726	0.00833	0.00926	0.00517	0.00689	0.00924	0.01089	0.01424	0.04533	0.25104	0.04644	0.01393	0.00661	0.00216	0.00400	0.53765	0.00456	0.00438
71	0.00916	0.00458	0.00458	0.00458	0.00573	0.00458	0.00344	0.01145	0.01031	0.01832	0.01603	0.01832	0.01260	0.00573	0.00344	0.00115	0.00229	0.00458	0.85457	0.00458
72	0.02205	0.00836	0.01140	0.00874	0.01254	0.00722	0.00722	0.02395	0.01407	0.80004	0.01939	0.01673	0.01216	0.00608	0.00494	0.00152	0.00418	0.00494	0.00608	0.00836
73	0.00581	0.00498	0.00498	0.00498	0.00664	0.00415	0.00373	0.00705	0.01120	0.01328	0.04978	0.04729	0.79464	0.01245	0.00581	0.00166	0.00249	0.01037	0.00456	0.00415
74	0.86201	0.00950	0.00722	0.00646	0.00950	0.01102	0.00532	0.01445	0.00836	0.02205	0.00684	0.00798	0.00532	0.00456	0.00304	0.00152	0.00380	0.00266	0.00304	0.00532
75	0.13013	0.00576	0.00548	0.00528	0.00683	0.00611	0.00405	0.01305	0.07246	0.01903	0.01505	0.01686	0.01176	0.00564	0.00351	0.00124	0.00263	0.00439	0.66582	0.00494
76	0.00783	0.00563	0.00779	0.00887	0.01003	0.00559	0.00774	0.01004	0.01131	0.01464	0.02706	0.05508	0.06181	0.01353	0.00674	0.00224	0.00444	0.73061	0.00453	0.00451
77	0.01187	0.51423	0.31101	0.01058	0.01580	0.01638	0.01205	0.01496	0.01007	0.01304	0.00755	0.00887	0.00628	0.00448	0.00403	0.00126	0.02576	0.00304	0.00209	0.00664
78	0.01019	0.00873	0.01019	0.00728	0.01165	0.00655	0.00582	0.01237	0.01019	0.01601	0.00873	0.01019	0.00728	0.00364	0.00364	0.00073	0.00364	0.00291	0.00291	0.85734
79	0.00609	0.00499	0.00537	0.00528	0.00681	0.00427	0.00396	0.00760	0.01187	0.01487	0.23376	0.04468	0.60967	0.01185	0.00581	0.00163	0.00245	0.01000	0.00477	0.00427
80	0.00586	0.00498	0.00505	0.00503	0.00667	0.00417	0.00377	0.00715	0.01132	0.01356	0.08235	0.04683	0.76191	0.01234	0.00581	0.00165	0.00248	0.01031	0.00460	0.00417
81	0.01201	0.01058	0.01167	0.01041	0.01280	0.01262	0.00820	0.02409	0.67732	0.01932	0.01808	0.01726	0.01379	0.00694	0.00658	0.00174	0.11917	0.00538	0.00460	0.00744
82	0.00623	0.00483	0.00568	0.00583	0.00699	0.00427	0.00423	0.00774	0.01168	0.01524	0.29236	0.22965	0.36292	0.01235	0.00592	0.00170	0.00252	0.01074	0.00485	0.00427
83	0.00832	0.00441	0.00661	0.00661	0.00674	0.00453	0.00453	0.00674	0.00661	0.00894	0.00919	0.01556	0.00907	0.01987	0.13084	0.73683	0.00553	0.00441	0.00220	0.00245
84	0.01314	0.83025	0.02575	0.00841	0.01261	0.01945	0.00841	0.01472	0.00999	0.01156	0.00683	0.00788	0.00631	0.00420	0.00315	0.00105	0.00526	0.00263	0.00210	0.00631
85	0.00599	0.00428	0.00570	0.00684	0.00713	0.00399	0.00456	0.00684	0.00941	0.01254	0.02709	0.82409	0.03250	0.01540	0.00627	0.00200	0.00285	0.01397	0.00456	0.00399
86	0.01314	0.83025	0.02575	0.00841	0.01261	0.01945	0.00841	0.01472	0.00999	0.01156	0.00683	0.00788	0.00631	0.00420	0.00315	0.00105	0.00526	0.00263	0.00210	0.00631
87	0.00581	0.00498	0.00498	0.00498	0.00664	0.00415	0.00373	0.00705	0.01120	0.01328	0.04978	0.04729	0.79464	0.01245	0.00581	0.00166	0.00249	0.01037	0.00456	0.00415
88	0.01129	0.01254	0.02588	0.08342	0.02453	0.01268	0.60864	0.01493	0.01088	0.01493	0.00935	0.01289	0.00724	0.00484	0.00719	0.00173	0.12280	0.00547	0.00241	0.00636
89	0.01292	0.71460	0.02621	0.01015	0.01446	0.01845	0.11746	0.01486	0.01021	0.01215	0.00727	0.00864	0.00647	0.00420	0.00353	0.00114	0.00568	0.00308	0.00216	0.00635
90	0.01753	0.01297	0.01405	0.01070	0.01469	0.01388	0.00881	0.65959	0.02113	0.04102	0.01148	0.01165	0.00826	0.00558	0.00474	0.00137	0.00514	0.00422	0.00465	0.12853
91	0.00604	0.00461	0.00558	0.00631	0.00714	0.00415	0.00447	0.00712	0.01017	0.01294	0.03513	0.49954	0.30447	0.01423	0.00614	0.00189	0.00282	0.05860	0.00456	0.00408
92	0.00986	0.02542	0.80183	0.01401	0.02127	0.01141	0.01816	0.01556	0.01038	0.01556	0.00882	0.01038	0.00623	0.00467	0.00467	0.00156	0.00726	0.00363	0.00208	0.00726
93	0.01019	0.00873	0.01019	0.00728	0.01165	0.00655	0.00582	0.01237	0.01019	0.01601	0.00873	0.01019	0.00728	0.00364	0.00364	0.00073	0.00364	0.00291	0.00291	0.85734
94	0.01001	0.00749	0.00860	0.00780	0.00983	0.00784	0.00600	0.01689	0.32688	0.07259	0.36183	0.02885	0.09791	0.00862	0.00542	0.00160	0.00310	0.00740	0.00521	0.00612
95	0.00778	0.00482	0.00557	0.00559	0.00618	0.00485	0.00378	0.00894	0.00899	0.01354	0.08529	0.02853	0.01889	0.39745	0.07861	0.00349	0.00445	0.04613	0.26329	0.00381
96	0.01166	0.01186	0.05998	0.02744	0.68590	0.01113	0.01461	0.01467	0.01116	0.01591	0.01071	0.01592	0.00953	0.00521	0.00503	0.00154	0.00580	0.07189	0.00260	0.00747
97	0.00603	0.00429	0.00569	0.00679	0.00707	0.00402	0.00451	0.00685	0.00933	0.01244	0.02669	0.79695	0.03200	0.04322	0.00691	0.00209	0.00292	0.01374	0.00451	0.00396
98	0.86201	0.00950	0.00722	0.00646	0.00950	0.01102	0.00532	0.01445	0.00836	0.02205	0.00684	0.00798	0.00532	0.00456	0.00304	0.00152	0.00380	0.00266	0.00304	0.00532
99	0.01722	0.01307	0.01486	0.08380	0.05787	0.01454	0.00996	0.63872	0.05475	0.02809	0.01175	0.01222	0.00846	0.00577	0.00492	0.00150	0.00547	0.00447	0.00455	0.00804
100	0.01216	0.01168	0.01995	0.03016	0.79664	0.01168	0.01508	0.01508	0.01119	0.01605	0.00924	0.01216	0.00778	0.00438	0.00487	0.00146	0.00584	0.00438	0.00243	0.00778
101	0.64671	0.00972	0.00897	0.00857	0.06467	0.01071	0.00638	0.05164	0.00984	0.08798	0.00841	0.00931	0.00632	0.00469	0.00345	0.00147	0.00404	0.00307	0.00334	0.05069
102	0.01859	0.01657	0.01451	0.01170	0.01523	0.24521	0.00939	0.55948	0.02044	0.02547	0.01058	0.01095	0.00777	0.00566	0.00478	0.00141	0.00641	0.00406	0.00422	0.00759
103	0.00979	0.00922	0.01539	0.63933	0.17012	0.01094	0.01357	0.01319	0.02699	0.01337	0.00995	0.01378	0.02378	0.00502	0.00493	0.00161	0.00628	0.00452	0.00234	0.00590
104	0.01209	0.01205	0.03916	0.02955	0.76005	0.01169	0.03273	0.01511	0.01118	0.01604	0.00925	0.01214	0.00774	0.00438	0.00488	0.00147	0.00593	0.00439	0.00243	0.00774
105	0.01196	0.01191	0.02156	0.04581	0.61356	0.01186	0.16758	0.01511	0.01119	0.01585	0.00933	0.01238	0.00767	0.00441	0.00522	0.00151	0.01852	0.00466	0.00243	0.00746
106	0.05309	0.01935	0.01703	0.01473	0.04697	0.52109	0.16716	0.01785	0.01263	0.01337	0.00802	0.00999	0.00658	0.00509	0.00553	0.00143	0.06784	0.00381	0.00251	0.00593
107	0.00928	0.00915	0.04580	0.03710	0.37219	0.00840	0.01008	0.01200	0.04304	0.01484	0.02433	0.12459	0.25250	0.00835	0.00533	0.00160	0.00443	0.00743	0.00344	0.00612
108	0.01151	0.04181	0.31132	0.01353	0.12683	0.00972	0.02978	0.01513	0.01077	0.08451	0.00974	0.01111	0.00735	0.00438	0.00435	0.00125	0.00552	0.00363	0.00277	0.29500
109	0.05011	0.01162	0.03953	0.15349	0.28582	0.01127	0.26152	0.01523	0.01106	0.05910	0.00981	0.01260	0.00754	0.00447	0.00504	0.00153	0.00650	0.00471	0.00265	0.04641
110	0.00744	0.00565	0.00769	0.00750	0.00874	0.00590	0.02308	0.04241	0.01019	0.01393	0.08138	0.10129	0.16821	0.02337	0.38343	0.00463	0.00792	0.05631	0.03637	0.00457
111	0.86201	0.00950	0.00722	0.00646	0.00950	0.01102	0.00532	0.01445	0.00836	0.02205	0.00684	0.00798	0.00532	0.00456	0.00304	0.00152	0.00380	0.00266	0.00304	0.00532
112	0.01075	0.01075	0.01505	0.01290	0.01290	0.01505	0.01075	0.01183	0.00753	0.01183	0.00645	0.01075	0.00645	0.00860	0.01613	0.00215	0.81830	0.00430	0.00215	0.00538
113	0.01291	0.01144	0.01635	0.08494	0.40634	0.01229	0.01213	0.13046	0.22494	0.01920	0.01252	0.01387	0.00974	0.00527	0.00491	0.00153	0.00530	0.00471	0.00348	0.00768
114	0.01360	0.75846	0.02470	0.00879	0.01284	0.08957	0.00851	0.01515	0.01034	0.01160	0.00690	0.00797	0.00631	0.00428	0.00327	0.00107	0.00558	0.00268	0.00214	0.00625
115	0.02205	0.00836	0.01140	0.00874	0.01254	0.00722	0.00722	0.02395	0.01407	0.80004	0.01939	0.01673	0.01216	0.00608	0.00494	0.00152	0.00418	0.00494	0.00608	0.00836
116	0.00696	0.00502	0.00657	0.00618	0.00734	0.00464	0.00464	0.00927	0.01391	0.01971	0.79405	0.03671	0.04637	0.01005	0.00580	0.00155	0.00232	0.00889	0.00541	0.00464
117	0.00599	0.00428	0.00570	0.00684	0.00713	0.00399	0.00456	0.00684	0.00941	0.01254	0.02709	0.82409	0.03250	0.01540	0.00627	0.00200	0.00285	0.01397	0.00456	0.00399
118	0.01314	0.83025	0.02575	0.00841	0.01261	0.01945	0.00841	0.01472	0.00999	0.01156	0.00683	0.00788	0.00631	0.00420	0.00315	0.00105	0.00526	0.00263	0.00210	0.00631
119	0.00596	0.00438	0.00560	0.00658	0.00706	0.00401	0.00445	0.00687	0.00966	0.01265	0.03028	0.71479	0.13973	0.01498	0.00621	0.00195	0.00280	0.01346	0.00456	0.00401
120	0.01943	0.01257	0.01401	0.01074	0.01464	0.01346	0.00887	0.61247	0.02110	0.20159	0.01348	0.01289	0.00920	0.00594	0.00492	0.00148	0.00514	0.00454	0.00517	0.00836
121	0.00854	0.00427	0.00640	0.00640	0.00640	0.00427	0.00427	0.00640	0.00640	0.00854	0.00854	0.01494	0.00854	0.01707	0.01921	0.85702	0.00427	0.00427	0.00213	0.00213
122	0.01836	0.02342	0.01393	0.01266	0.01519	0.80756	0.00950	0.01962	0.01393	0.01203	0.00760	0.00886	0.00633	0.00506	0.00443	0.00127	0.00886	0.00317	0.00253	0.00570
123	0.01201	0.01075	0.01428	0.27435	0.05264	0.03801	0.04259	0.13701	0.13155	0.01739	0.01089	0.01305	0.00842	0.00559	0.00605	0.00155	0.09799	0.00442	0.02171	0.09976
124	0.01469	0.01572	0.01532	0.01301	0.01477	0.33150	0.07490	0.01618	0.01097	0.07552	0.00841	0.01089	0.00709	0.00729	0.02876	0.00184	0.34062	0.00405	0.00266	0.00583
125	0.00677	0.00472	0.00601	0.00636	0.00664	0.00483	0.00415	0.00741	0.00800	0.01086	0.01852	0.27120	0.02113	0.40833	0.18868	0.00460	0.00600	0.00882	0.00339	0.00359
126	0.01044	0.03689	0.44961	0.01447	0.02058	0.01102	0.21255	0.01504	0.01065	0.01560	0.00905	0.01103	0.00673	0.00435	0.00475	0.00143	0.00686	0.00405	0.00232	0.15258
127	0.01077	0.01081	0.01536	0.01307	0.01318	0.01500	0.02746	0.01191	0.00761	0.01191	0.00653	0.01081	0.00647	0.00850	0.01590	0.00214	0.80067	0.00433	0.00216	0.00540
128	0.00590	0.00498	0.00511	0.00508	0.00669	0.00419	0.00381	0.00723	0.01142	0.01379	0.10955	0.04644	0.73456	0.01225	0.00581	0.00165	0.00248	0.01025	0.00463	0.00419
129	0.00608	0.00434	0.00581	0.00695	0.00727	0.00407	0.00472	0.00700	0.00950	0.01265	0.02703	0.78750	0.03230	0.01531	0.00630	0.00201	0.00293	0.04965	0.00456	0.00402
130	0.02205	0.00836	0.01140	0.00874	0.01254	0.00722	0.00722	0.02395	0.01407	0.80004	0.01939	0.01673	0.01216	0.00608	0.00494	0.00152	0.00418	0.00494	0.00608	0.00836
131	0.01868	0.01376	0.01475	0.01131	0.01524	0.01524	0.00934	0.78025	0.02311	0.03097	0.01180	0.01180	0.00836	0.00590	0.00492	0.00147	0.00541	0.00442	0.00492	0.00836
132	0.69396	0.00928	0.00806	0.00692	0.01011	0.01026	0.00570	0.01635	0.00950	0.17769	0.00935	0.00973	0.00669	0.00487	0.00342	0.00152	0.00388	0.00312	0.00365	0.00593
133	0.05558	0.01358	0.01442	0.01109	0.01499	0.01506	0.00916	0.74675	0.02246	0.03058	0.01158	0.01163	0.00822	0.00584	0.00483	0.00148	0.00534	0.00435	0.00483	0.00822

[dist]
# distance from previous block
# <min> <max>
0	3

[block]
# block no. 4 follows, 51 sequences, length 58
# corresponding to MSA columns:
# 779-836
name=unknown_E
#
# <colnr> <probs for GDERKNQSTAVLIFYWHMCP>
#	G	D	E	R	K	N	Q	S	T	A	V	L	I	F	Y	W	H	M	C	P
0	0.01349	0.01119	0.01183	0.01026	0.01326	0.01282	0.00809	0.17417	0.63764	0.02260	0.01839	0.01705	0.01370	0.00652	0.00498	0.00163	0.00419	0.00533	0.00498	0.00789
1	0.00684	0.00476	0.00615	0.00625	0.00715	0.00444	0.00452	0.00871	0.01226	0.01742	0.49902	0.27398	0.03945	0.01132	0.00575	0.00165	0.00248	0.01008	0.07334	0.00444
2	0.00581	0.00498	0.00498	0.00498	0.00664	0.00415	0.00373	0.00705	0.01120	0.01328	0.04978	0.04729	0.79464	0.01245	0.00581	0.00166	0.00249	0.01037	0.00456	0.00415
3	0.00599	0.00428	0.00570	0.00684	0.00713	0.00399	0.00456	0.00684	0.00941	0.01254	0.02709	0.82409	0.03250	0.01540	0.00627	0.00200	0.00285	0.01397	0.00456	0.00399
4	0.00854	0.00427	0.00640	0.00640	0.00640	0.00427	0.00427	0.00640	0.00640	0.00854	0.00854	0.01494	0.00854	0.01707	0.01921	0.85702	0.00427	0.00427	0.00213	0.00213
5	0.01314	0.83025	0.02575	0.00841	0.01261	0.01945	0.00841	0.01472	0.00999	0.01156	0.00683	0.00788	0.00631	0.00420	0.00315	0.00105	0.00526	0.00263	0.00210	0.00631
6	0.00669	0.00478	0.00651	0.00764	0.00824	0.00460	0.00578	0.00806	0.01010	0.01333	0.02670	0.54483	0.03097	0.01473	0.00646	0.00209	0.00346	0.28630	0.00455	0.00419
7	0.01177	0.49471	0.34931	0.01074	0.01622	0.01610	0.01247	0.01507	0.01015	0.01323	0.00766	0.00892	0.00627	0.00440	0.00379	0.00126	0.00609	0.00305	0.00209	0.00671
8	0.01147	0.08985	0.56778	0.01304	0.01905	0.12028	0.01535	0.01689	0.07325	0.01516	0.00939	0.01060	0.00695	0.00484	0.00454	0.00148	0.00704	0.00364	0.00237	0.00701
9	0.73133	0.00945	0.00830	0.00711	0.01030	0.01056	0.02437	0.01572	0.00919	0.12379	0.00856	0.00926	0.00627	0.00475	0.00336	0.00152	0.00396	0.00304	0.00343	0.00575
