[name]
unknown

[dist]
# distance from previous block
# <min> <max>
0	134

[block]
# block no. 0 follows, 47 sequences, length 27
# corresponding to MSA columns:
# 164-190
name=unknown_A
#
# <colnr> <probs for GDERKNQSTAVLIFYWHMCP>
#	G	D	E	R	K	N	Q	S	T	A	V	L	I	F	Y	W	H	M	C	P
0	0.04235	0.26542	0.08608	0.10651	0.07740	0.12161	0.01082	0.01790	0.14346	0.01559	0.03505	0.01407	0.01038	0.00567	0.00456	0.00148	0.00607	0.02569	0.00307	0.00682
1	0.01214	0.01025	0.01381	0.01430	0.15555	0.07680	0.09754	0.01562	0.09553	0.09088	0.11570	0.06768	0.04072	0.14245	0.00910	0.00224	0.00539	0.02400	0.00401	0.00628
2	0.01159	0.01173	0.05821	0.13478	0.07746	0.06623	0.03118	0.04081	0.02711	0.04187	0.02730	0.01856	0.12884	0.00719	0.00761	0.00165	0.17154	0.00541	0.00321	0.12773
3	0.01364	0.01291	0.05551	0.02064	0.37525	0.06584	0.01226	0.05636	0.16781	0.06792	0.01525	0.06652	0.03404	0.00639	0.00527	0.00163	0.00562	0.00564	0.00371	0.00777
4	0.00801	0.00550	0.00786	0.00793	0.00884	0.00596	0.00594	0.00961	0.00928	0.04989	0.06004	0.16790	0.01936	0.08343	0.51808	0.00630	0.01025	0.00760	0.00353	0.00469
5	0.01169	0.04247	0.17013	0.03395	0.25971	0.01119	0.03376	0.10898	0.01279	0.01783	0.06270	0.01800	0.04886	0.06666	0.07660	0.00243	0.00669	0.00537	0.00319	0.00699
6	0.01434	0.01456	0.01276	0.01122	0.01330	0.26099	0.00879	0.15368	0.05043	0.01680	0.01522	0.01755	0.09263	0.03935	0.11693	0.00270	0.14394	0.00520	0.00347	0.00614
7	0.01171	0.01018	0.01081	0.04207	0.03126	0.05412	0.00768	0.07905	0.36606	0.02061	0.19235	0.02581	0.10979	0.00827	0.00554	0.00169	0.00417	0.00694	0.00500	0.00688
8	0.00634	0.00453	0.00604	0.00725	0.00755	0.00423	0.00483	0.00725	0.00997	0.01329	0.02870	0.81358	0.03444	0.01632	0.00665	0.00211	0.00302	0.01480	0.00483	0.00423
9	0.01121	0.00898	0.00997	0.00920	0.01117	0.01009	0.00693	0.05165	0.41394	0.03120	0.02094	0.07707	0.04483	0.16906	0.04931	0.00279	0.02793	0.03262	0.00462	0.00650
10	0.00642	0.00501	0.00577	0.00614	0.00725	0.00443	0.00435	0.00768	0.01137	0.01445	0.12994	0.31848	0.39888	0.04660	0.00715	0.00200	0.00285	0.01201	0.00487	0.00435
11	0.04551	0.00925	0.01207	0.13833	0.05833	0.03190	0.00915	0.03559	0.07953	0.08031	0.08981	0.15191	0.05513	0.00903	0.00790	0.00186	0.16725	0.00715	0.00393	0.00606
12	0.01721	0.25524	0.01875	0.01303	0.05804	0.46686	0.01005	0.01876	0.01307	0.03519	0.00821	0.00962	0.00697	0.00527	0.00492	0.00134	0.04506	0.00337	0.00263	0.00642
13	0.00890	0.00578	0.00728	0.00675	0.00811	0.00545	0.00496	0.01117	0.03609	0.08671	0.47178	0.03575	0.09869	0.14379	0.04388	0.00250	0.00363	0.00860	0.00516	0.00502
14	0.01487	0.01748	0.08938	0.01472	0.03123	0.24254	0.15969	0.07383	0.21399	0.01773	0.01238	0.01351	0.00954	0.00588	0.00603	0.00164	0.06008	0.00481	0.00347	0.00718
15	0.00917	0.00798	0.01023	0.04013	0.19233	0.04134	0.00756	0.01092	0.01161	0.02954	0.10981	0.04798	0.30334	0.13505	0.00899	0.00220	0.00435	0.01814	0.00398	0.00538
16	0.01714	0.01555	0.15289	0.03199	0.15768	0.05639	0.01226	0.26347	0.04254	0.17866	0.01306	0.01346	0.00924	0.00572	0.00513	0.00158	0.00607	0.00461	0.00425	0.00830
17	0.01347	0.71770	0.02559	0.00933	0.01325	0.01969	0.00905	0.01509	0.01027	0.01227	0.00744	0.00905	0.00692	0.00609	0.03220	0.00147	0.07931	0.00304	0.00225	0.00652
18	0.01806	0.01649	0.22144	0.01187	0.01677	0.06334	0.01158	0.23220	0.05903	0.27464	0.01449	0.01400	0.00983	0.00595	0.00512	0.00160	0.00598	0.00462	0.00465	0.00833
19	0.85377	0.01007	0.00765	0.00685	0.01007	0.01168	0.00564	0.01531	0.00886	0.02336	0.00725	0.00846	0.00564	0.00483	0.00322	0.00161	0.00403	0.00282	0.00322	0.00564
20	0.01588	0.06764	0.01358	0.01176	0.02800	0.50326	0.00889	0.04096	0.04037	0.01409	0.01684	0.04116	0.12431	0.00731	0.00506	0.00149	0.00739	0.04278	0.00331	0.00592
21	0.00742	0.00555	0.00819	0.00819	0.00910	0.00640	0.00632	0.00919	0.00842	0.01205	0.01493	0.02167	0.03072	0.06945	0.74775	0.00809	0.01334	0.00578	0.00285	0.00458
22	0.01227	0.01017	0.01121	0.01067	0.04008	0.01139	0.00791	0.06108	0.55405	0.03554	0.02311	0.12096	0.06186	0.00845	0.00551	0.00179	0.00406	0.00719	0.00513	0.00756
23	0.00971	0.00485	0.00485	0.00485	0.00607	0.00485	0.00364	0.01213	0.01092	0.01942	0.01699	0.01942	0.01335	0.00607	0.00364	0.00121	0.00243	0.00485	0.84589	0.00485
24	0.03271	0.03154	0.19709	0.05322	0.15362	0.01175	0.01244	0.01611	0.13745	0.01623	0.02660	0.01557	0.02514	0.01148	0.13289	0.00280	0.10854	0.00492	0.00303	0.00687
25	0.05519	0.07528	0.01455	0.01099	0.01397	0.16733	0.05049	0.18788	0.06456	0.03188	0.01181	0.03528	0.01029	0.10852	0.00830	0.00194	0.05783	0.00483	0.00361	0.08546
26	0.01152	0.03897	0.01334	0.01011	0.01333	0.00863	0.12712	0.07110	0.05033	0.08261	0.03651	0.13863	0.11105	0.05313	0.00651	0.00170	0.00467	0.00713	0.00408	0.20952

[dist]
# distance from previous block
# <min> <max>
5	12

[block]
# block no. 1 follows, 47 sequences, length 18
# corresponding to MSA columns:
# 203-220
name=unknown_B
#
# <colnr> <probs for GDERKNQSTAVLIFYWHMCP>
#	G	D	E	R	K	N	Q	S	T	A	V	L	I	F	Y	W	H	M	C	P
0	0.01191	0.00990	0.01290	0.04950	0.04134	0.01053	0.07923	0.15783	0.22016	0.02158	0.20575	0.02535	0.08449	0.02703	0.00616	0.00177	0.00458	0.01837	0.00480	0.00682
1	0.01497	0.03202	0.21917	0.03609	0.17009	0.01335	0.05283	0.27449	0.03453	0.06401	0.03056	0.01332	0.00939	0.00558	0.00517	0.00160	0.00633	0.00467	0.00372	0.00811
2	0.00752	0.00535	0.00691	0.00700	0.00760	0.00560	0.00494	0.00858	0.00885	0.01205	0.05559	0.03278	0.06123	0.38780	0.29026	0.00561	0.00786	0.07709	0.00340	0.00398
3	0.01447	0.01227	0.01406	0.01235	0.05557	0.10099	0.07756	0.19486	0.12998	0.06531	0.03757	0.01922	0.02425	0.16646	0.01009	0.00232	0.04614	0.00568	0.00409	0.00677
4	0.00713	0.00523	0.00668	0.00649	0.00767	0.00478	0.00480	0.00930	0.01392	0.01933	0.62219	0.12260	0.12742	0.01153	0.00620	0.00170	0.00254	0.01016	0.00554	0.00478
5	0.01154	0.01170	0.04129	0.17382	0.08485	0.01133	0.35161	0.05192	0.01277	0.03653	0.10073	0.01875	0.05676	0.00594	0.00578	0.00171	0.00685	0.00622	0.00326	0.00664
6	0.01296	0.01024	0.04328	0.00897	0.01285	0.00891	0.00744	0.06301	0.18445	0.11427	0.10320	0.01696	0.01502	0.00587	0.00474	0.00128	0.00410	0.00484	0.00439	0.37320
7	0.00711	0.00525	0.00670	0.00670	0.00768	0.00518	0.00487	0.00854	0.01075	0.01452	0.22120	0.10185	0.19343	0.13269	0.22086	0.02928	0.00604	0.00880	0.00421	0.00434
8	0.05881	0.00672	0.00996	0.00896	0.01077	0.00626	0.11521	0.01037	0.01138	0.05718	0.10072	0.36235	0.19670	0.01213	0.00614	0.00188	0.00385	0.01095	0.00459	0.00507
9	0.00969	0.00780	0.01043	0.02380	0.03470	0.00715	0.06462	0.02887	0.08354	0.05329	0.02647	0.23664	0.19658	0.00994	0.00561	0.00163	0.00395	0.00878	0.00432	0.18220
10	0.01263	0.00999	0.01154	0.00838	0.01292	0.00827	0.00676	0.11983	0.01291	0.05397	0.01022	0.01135	0.00811	0.00431	0.00411	0.00092	0.00415	0.00341	0.00354	0.69268
11	0.01112	0.01205	0.09069	0.11804	0.43240	0.01081	0.05508	0.01437	0.01181	0.01665	0.09906	0.07787	0.01460	0.00631	0.00542	0.00164	0.00589	0.00598	0.00305	0.00714
12	0.00641	0.00524	0.00566	0.00565	0.00722	0.00449	0.00420	0.00793	0.01233	0.01539	0.19788	0.09348	0.59028	0.01286	0.00618	0.00176	0.00262	0.01090	0.00502	0.00449
13	0.00970	0.00784	0.01013	0.05424	0.09916	0.00807	0.00749	0.08371	0.11686	0.01889	0.23275	0.19201	0.11772	0.01025	0.00588	0.00176	0.00380	0.00899	0.00478	0.00596
14	0.01549	0.12877	0.08935	0.01537	0.07949	0.01320	0.21529	0.12958	0.01401	0.16296	0.01190	0.01308	0.00868	0.00522	0.00540	0.00154	0.02652	0.00474	0.00365	0.05574
15	0.09515	0.01190	0.01290	0.01021	0.01389	0.01269	0.00831	0.36417	0.11994	0.06288	0.05498	0.01442	0.01164	0.00617	0.00527	0.00149	0.03298	0.00468	0.00466	0.15167
16	0.01540	0.01390	0.01270	0.01100	0.01389	0.16715	0.00857	0.26477	0.24907	0.02259	0.06000	0.10669	0.01579	0.00772	0.00535	0.00165	0.00547	0.00621	0.00473	0.00736
17	0.19282	0.10465	0.08070	0.01014	0.01385	0.12011	0.03134	0.04896	0.01233	0.13459	0.06974	0.01327	0.01091	0.00575	0.00510	0.00148	0.04885	0.00415	0.00363	0.08765

[dist]
# distance from previous block
# <min> <max>
0	2

[block]
# block no. 2 follows, 47 sequences, length 23
# corresponding to MSA columns:
# 223-245
name=unknown_C
#
# <colnr> <probs for GDERKNQSTAVLIFYWHMCP>
#	G	D	E	R	K	N	Q	S	T	A	V	L	I	F	Y	W	H	M	C	P
0	0.04716	0.17940	0.30210	0.01071	0.01564	0.01151	0.03589	0.01474	0.01123	0.07294	0.01797	0.06036	0.13802	0.00686	0.00484	0.00153	0.00559	0.00550	0.00321	0.05480
1	0.01269	0.01205	0.01841	0.26854	0.43732	0.05089	0.01454	0.07454	0.01247	0.01680	0.00984	0.01316	0.00792	0.00571	0.02202	0.00174	0.00671	0.00460	0.00271	0.00735
2	0.00697	0.00570	0.00622	0.00616	0.00777	0.00519	0.00458	0.00958	0.07500	0.01597	0.19153	0.12109	0.50060	0.01249	0.00613	0.00177	0.00276	0.01064	0.00505	0.00480
3	0.01228	0.01258	0.05775	0.15545	0.62686	0.01223	0.01590	0.01558	0.01158	0.01639	0.00969	0.01296	0.00796	0.00475	0.00515	0.00158	0.00638	0.00460	0.00252	0.00783
4	0.01086	0.01328	0.14599	0.26449	0.02427	0.01171	0.16104	0.01743	0.19234	0.01658	0.01593	0.01773	0.07295	0.00610	0.00545	0.00173	0.00641	0.00562	0.00327	0.00682
5	0.01272	0.01220	0.02083	0.07501	0.74278	0.01233	0.01590	0.01583	0.01178	0.01681	0.00977	0.01294	0.00818	0.00467	0.00516	0.00156	0.00623	0.00464	0.00256	0.00811
6	0.01035	0.04354	0.11008	0.00976	0.01315	0.00965	0.07019	0.10247	0.14877	0.01823	0.04702	0.03042	0.34702	0.00912	0.00563	0.00169	0.00452	0.00768	0.00436	0.00634
7	0.33765	0.01167	0.02694	0.01378	0.14185	0.01243	0.07111	0.08855	0.17417	0.05591	0.01202	0.01281	0.00907	0.00544	0.00453	0.00164	0.00504	0.00435	0.00382	0.00722
8	0.01415	0.01468	0.04722	0.01875	0.11450	0.08405	0.32052	0.11911	0.07638	0.03442	0.01113	0.01341	0.00857	0.00555	0.00681	0.00172	0.09323	0.00523	0.00323	0.00735
9	0.03450	0.09557	0.01505	0.01190	0.07725	0.04971	0.00899	0.28024	0.08019	0.14693	0.02846	0.01588	0.05694	0.00627	0.00493	0.00148	0.00516	0.00491	0.00456	0.07106
10	0.04673	0.00755	0.01172	0.00954	0.01189	0.00706	0.13359	0.01367	0.01336	0.15022	0.39774	0.04428	0.03075	0.07515	0.00751	0.00194	0.00415	0.00775	0.01958	0.00582
11	0.01058	0.04788	0.10369	0.01352	0.05204	0.04159	0.19881	0.01532	0.11868	0.01693	0.11640	0.09554	0.10234	0.00810	0.00575	0.00173	0.00562	0.03525	0.00386	0.00638
12	0.00637	0.00461	0.00596	0.00702	0.00745	0.00427	0.00470	0.00728	0.01006	0.01326	0.03043	0.72040	0.10015	0.04232	0.00726	0.00218	0.00305	0.01423	0.00478	0.00421
13	0.00843	0.00740	0.04029	0.00888	0.01003	0.00794	0.00710	0.01120	0.07183	0.01321	0.04797	0.02187	0.01483	0.14364	0.47386	0.00616	0.09141	0.00589	0.00310	0.00497
14	0.00971	0.00485	0.00485	0.00485	0.00607	0.00485	0.00364	0.01213	0.01092	0.01942	0.01699	0.01942	0.01335	0.00607	0.00364	0.00121	0.00243	0.00485	0.84589	0.00485
15	0.00694	0.00506	0.00653	0.00667	0.00765	0.00465	0.00481	0.00881	0.01297	0.01788	0.47959	0.28883	0.10488	0.01268	0.00631	0.00180	0.00265	0.01128	0.00537	0.00465
16	0.00642	0.00522	0.00550	0.00552	0.00698	0.00450	0.00400	0.00767	0.01157	0.01420	0.10990	0.08451	0.60369	0.09728	0.00831	0.00211	0.00289	0.01068	0.00474	0.00430
17	0.01124	0.04630	0.60263	0.01562	0.04664	0.01283	0.07935	0.04945	0.01154	0.01690	0.00939	0.01132	0.00687	0.00517	0.00571	0.00167	0.05329	0.00411	0.00239	0.00757
18	0.01387	0.00689	0.00908	0.00812	0.01056	0.00618	0.00664	0.01595	0.01375	0.32854	0.19336	0.03649	0.14509	0.01017	0.00601	0.00181	0.00380	0.17161	0.00567	0.00640
19	0.00759	0.00558	0.00757	0.00756	0.00806	0.00625	0.00539	0.00866	0.00820	0.01149	0.01573	0.09181	0.01666	0.31676	0.41360	0.00635	0.04851	0.00703	0.00307	0.00413
20	0.01080	0.00926	0.01080	0.00771	0.01234	0.00694	0.00617	0.01311	0.01080	0.01697	0.00926	0.01080	0.00771	0.00386	0.00386	0.00077	0.00386	0.00309	0.00309	0.84882
21	0.01031	0.01016	0.01785	0.01424	0.01703	0.01039	0.31295	0.01497	0.13842	0.01604	0.01925	0.24644	0.05454	0.00914	0.00717	0.00191	0.08056	0.00868	0.00379	0.00617
22	0.01878	0.08662	0.07940	0.01238	0.01609	0.41596	0.01041	0.17329	0.01611	0.10769	0.01046	0.01105	0.00786	0.00556	0.00477	0.00142	0.00761	0.00384	0.00356	0.00713

[dist]
# distance from previous block
# <min> <max>
0	4

[block]
# block no. 3 follows, 47 sequences, length 10
# corresponding to MSA columns:
# 250-259
name=unknown_D
#
# <colnr> <probs for GDERKNQSTAVLIFYWHMCP>
#	G	D	E	R	K	N	Q	S	T	A	V	L	I	F	Y	W	H	M	C	P
0	0.07704	0.01411	0.01823	0.06203	0.36017	0.14073	0.05444	0.05347	0.01207	0.01666	0.00900	0.01184	0.00752	0.00558	0.00690	0.00166	0.13435	0.00437	0.00272	0.00712
1	0.01586	0.01509	0.01760	0.01402	0.01751	0.14506	0.16059	0.24899	0.20029	0.02183	0.01298	0.01387	0.00983	0.00617	0.00636	0.00168	0.07560	0.00503	0.00404	0.00760
2	0.00652	0.00500	0.00599	0.00649	0.00753	0.00447	0.00466	0.00789	0.01152	0.01487	0.15523	0.37253	0.31921	0.01417	0.00641	0.00192	0.00286	0.04333	0.00497	0.00442
3	0.01135	0.01081	0.01913	0.02422	0.46799	0.01093	0.12229	0.01430	0.01099	0.01565	0.01101	0.01507	0.00947	0.01377	0.21613	0.00340	0.00863	0.00511	0.00264	0.00711
4	0.00905	0.00452	0.00678	0.00678	0.00678	0.00452	0.00452	0.00678	0.00678	0.00905	0.00905	0.01583	0.00905	0.01809	0.02035	0.84848	0.00452	0.00452	0.00226	0.00226
5	0.00729	0.00795	0.11886	0.00800	0.00954	0.00555	0.00673	0.00901	0.01066	0.01459	0.14526	0.44975	0.06395	0.07707	0.00838	0.03330	0.00380	0.01125	0.00437	0.00469
6	0.01289	0.01237	0.02114	0.03196	0.78450	0.01237	0.01598	0.01598	0.01186	0.01701	0.00980	0.01289	0.00825	0.00464	0.00516	0.00155	0.00619	0.00464	0.00258	0.00825
7	0.01222	0.43195	0.40054	0.01181	0.01786	0.01644	0.01397	0.01603	0.01078	0.01433	0.00827	0.00965	0.00664	0.00470	0.00413	0.00138	0.00661	0.00331	0.00221	0.00718
8	0.26888	0.32902	0.14237	0.00948	0.01387	0.01541	0.00949	0.01739	0.12003	0.01769	0.00959	0.01041	0.00768	0.00503	0.00385	0.00145	0.00524	0.00341	0.00297	0.00675
9	0.01782	0.07716	0.01375	0.01027	0.01369	0.15888	0.00832	0.20820	0.07054	0.22546	0.04725	0.01846	0.09345	0.00695	0.00511	0.00154	0.00549	0.00537	0.00481	0.00749

[dist]
# distance from previous block
# <min> <max>
13	32

[block]
# block no. 4 follows, 47 sequences, length 34
# corresponding to MSA columns:
# 292-325
name=unknown_E
#
# <colnr> <probs for GDERKNQSTAVLIFYWHMCP>
#	G	D	E	R	K	N	Q	S	T	A	V	L	I	F	Y	W	H	M	C	P
0	0.00795	0.00621	0.00715	0.00725	0.00863	0.00608	0.00528	0.05012	0.10748	0.01654	0.12591	0.35170	0.25402	0.01301	0.00620	0.00188	0.00312	0.01137	0.00502	0.00511
1	0.01794	0.17348	0.01768	0.01385	0.07371	0.52787	0.01028	0.07902	0.01452	0.01458	0.00838	0.00971	0.00699	0.00521	0.00452	0.00133	0.00813	0.00345	0.00279	0.00655
2	0.05868	0.28095	0.28419	0.01115	0.01647	0.01443	0.01210	0.09468	0.01281	0.13145	0.03054	0.01187	0.00884	0.00528	0.00443	0.00146	0.00599	0.00388	0.00329	0.00748
3	0.01230	0.01077	0.01255	0.13610	0.03714	0.01227	0.00927	0.02400	0.57676	0.01996	0.01811	0.01773	0.01367	0.00647	0.00517	0.00168	0.00460	0.00544	0.00459	0.07143
4	0.01092	0.01083	0.01634	0.09850	0.01666	0.01434	0.07142	0.01261	0.00880	0.01313	0.02482	0.03807	0.00891	0.00959	0.04069	0.00237	0.58865	0.00515	0.00248	0.00571
5	0.00669	0.00505	0.00621	0.00662	0.00765	0.00457	0.00480	0.00823	0.01195	0.01576	0.24503	0.33712	0.25245	0.01373	0.00640	0.00190	0.00285	0.05342	0.00508	0.00450
6	0.01771	0.02189	0.01366	0.01245	0.01508	0.65633	0.00937	0.02026	0.08343	0.01368	0.01312	0.01384	0.07490	0.00620	0.00488	0.00142	0.00833	0.00425	0.00311	0.00609
7	0.01118	0.00731	0.00919	0.00818	0.00951	0.00786	0.00613	0.01374	0.08471	0.14384	0.17909	0.02805	0.06215	0.25078	0.03347	0.00294	0.12492	0.00709	0.00440	0.00545
8	0.01328	0.01154	0.01322	0.01208	0.04712	0.01311	0.04217	0.06555	0.66938	0.02194	0.01978	0.01855	0.01485	0.00680	0.00533	0.00175	0.00450	0.00578	0.00506	0.00822
9	0.00653	0.00467	0.00621	0.00713	0.00759	0.00435	0.00485	0.00771	0.01082	0.01464	0.16237	0.67608	0.03705	0.01531	0.00656	0.00203	0.00292	0.01385	0.00499	0.00435
10	0.01278	0.07892	0.30209	0.05399	0.01836	0.04326	0.01291	0.08600	0.29948	0.01927	0.01386	0.01419	0.01032	0.00585	0.00499	0.00164	0.00605	0.00463	0.00365	0.00776
11	0.00679	0.00487	0.00590	0.00642	0.00692	0.00457	0.00420	0.00761	0.00992	0.01308	0.09374	0.39589	0.13802	0.26302	0.01267	0.00293	0.00354	0.01155	0.00439	0.00398
12	0.01240	0.15546	0.06464	0.13675	0.05806	0.01381	0.01037	0.02145	0.40478	0.01801	0.01509	0.01542	0.01159	0.00594	0.00486	0.00159	0.00515	0.00485	0.00387	0.03592
13	0.01286	0.19078	0.38572	0.01644	0.15496	0.12264	0.01522	0.01681	0.01158	0.01517	0.00880	0.01055	0.00692	0.00485	0.00461	0.00148	0.00722	0.00370	0.00234	0.00735
14	0.01014	0.00605	0.00781	0.00714	0.00895	0.00536	0.00539	0.01214	0.01342	0.15489	0.40268	0.17838	0.09282	0.01072	0.00593	0.00168	0.00301	0.00940	0.00546	0.05863
15	0.01107	0.00863	0.01034	0.00940	0.01137	0.00983	0.00731	0.14026	0.22922	0.01814	0.01596	0.01987	0.01359	0.08334	0.38157	0.00511	0.00911	0.00567	0.00393	0.00626
16	0.01289	0.01237	0.02114	0.03196	0.78450	0.01237	0.01598	0.01598	0.01186	0.01701	0.00980	0.01289	0.00825	0.00464	0.00516	0.00155	0.00619	0.00464	0.00258	0.00825
17	0.03514	0.01157	0.01854	0.02577	0.57373	0.01146	0.01369	0.01843	0.05248	0.16908	0.01245	0.01408	0.00950	0.00513	0.00513	0.00157	0.00568	0.00478	0.00350	0.00831
18	0.01138	0.08040	0.38434	0.01438	0.01876	0.03216	0.06242	0.01509	0.01003	0.01465	0.00832	0.01110	0.00678	0.00640	0.00933	0.00184	0.29939	0.00416	0.00227	0.00681
19	0.01945	0.02482	0.01476	0.01342	0.01610	0.79608	0.01006	0.02079	0.01476	0.01275	0.00805	0.00939	0.00671	0.00537	0.00470	0.00134	0.00939	0.00335	0.00268	0.00604
20	0.85377	0.01007	0.00765	0.00685	0.01007	0.01168	0.00564	0.01531	0.00886	0.02336	0.00725	0.00846	0.00564	0.00483	0.00322	0.00161	0.00403	0.00282	0.00322	0.00564
21	0.01408	0.01175	0.01241	0.01083	0.01397	0.01348	0.00852	0.14985	0.65107	0.02361	0.01976	0.01829	0.01473	0.00693	0.00528	0.00173	0.00439	0.00569	0.00528	0.00834
22	0.00744	0.00557	0.00830	0.00830	0.00921	0.00647	0.00643	0.00926	0.00835	0.01204	0.01401	0.02079	0.01316	0.05824	0.77736	0.00829	0.01373	0.00563	0.00280	0.00461
23	0.01478	0.01096	0.01413	0.02830	0.21063	0.01128	0.00987	0.29724	0.01674	0.09787	0.02092	0.08041	0.14830	0.00783	0.00547	0.00164	0.00499	0.00661	0.00451	0.00751
24	0.00971	0.00485	0.00485	0.00485	0.00607	0.00485	0.00364	0.01213	0.01092	0.01942	0.01699	0.01942	0.01335	0.00607	0.00364	0.00121	0.00243	0.00485	0.84589	0.00485
25	0.01288	0.00982	0.01111	0.01088	0.07841	0.06694	0.00769	0.08525	0.16957	0.11215	0.32934	0.02582	0.04173	0.00816	0.00559	0.00163	0.00416	0.00694	0.00517	0.00678
26	0.00864	0.00565	0.00714	0.00668	0.00806	0.00528	0.00501	0.02961	0.01416	0.06085	0.57646	0.08245	0.06062	0.02595	0.00628	0.00170	0.00273	0.00901	0.07859	0.00513
27	0.05421	0.06931	0.03486	0.00865	0.01040	0.00899	0.00710	0.09795	0.01163	0.01644	0.10596	0.04598	0.01927	0.15551	0.19271	0.00388	0.04269	0.10546	0.00374	0.00527
28	0.05982	0.19102	0.12871	0.01057	0.01510	0.06690	0.07766	0.02881	0.01150	0.03587	0.01288	0.03370	0.06658	0.00549	0.00444	0.00130	0.00557	0.00439	0.00301	0.23670
29	0.01498	0.15428	0.05502	0.01001	0.01421	0.03242	0.00879	0.27476	0.03053	0.05781	0.01314	0.02827	0.03472	0.00594	0.00464	0.00133	0.00515	0.02944	0.00396	0.22059
30	0.01454	0.06842	0.01166	0.00933	0.01180	0.09362	0.00727	0.08332	0.10617	0.20284	0.01919	0.20075	0.02677	0.05158	0.06628	0.00236	0.00553	0.00731	0.00466	0.00660
31	0.28868	0.07276	0.07702	0.03316	0.03212	0.01127	0.13968	0.01727	0.01135	0.18214	0.01266	0.03987	0.01001	0.00595	0.00472	0.00166	0.00548	0.04368	0.00374	0.00678
32	0.01100	0.02980	0.05028	0.00972	0.01177	0.04425	0.06434	0.01335	0.04373	0.13548	0.02271	0.39789	0.02390	0.03708	0.00674	0.00203	0.00456	0.08110	0.00458	0.00568
33	0.01170	0.26451	0.30874	0.01379	0.01939	0.01443	0.17936	0.01601	0.03701	0.01525	0.01237	0.01385	0.06090	0.00532	0.00482	0.00152	0.00681	0.00459	0.00259	0.00703

[dist]
# distance from previous block
# <min> <max>
1	10

[block]
# block no. 5 follows, 47 sequences, length 35
# corresponding to MSA columns:
# 336-370
name=unknown_F
#
# <colnr> <probs for GDERKNQSTAVLIFYWHMCP>
#	G	D	E	R	K	N	Q	S	T	A	V	L	I	F	Y	W	H	M	C	P
0	0.01207	0.03339	0.02813	0.00827	0.01084	0.00825	0.00667	0.03062	0.21184	0.16431	0.21680	0.06071	0.16822	0.00922	0.00564	0.00169	0.00360	0.00780	0.00535	0.00659
1	0.01471	0.01532	0.17314	0.10312	0.23494	0.01296	0.03158	0.24533	0.01550	0.06936	0.01129	0.01324	0.00845	0.02131	0.00558	0.00167	0.00636	0.00462	0.00353	0.00797
2	0.01229	0.01163	0.01948	0.09433	0.64750	0.01186	0.01490	0.01576	0.03731	0.01710	0.05850	0.01482	0.01096	0.00514	0.00523	0.00158	0.00595	0.00498	0.00284	0.00783
3	0.01342	0.13259	0.24155	0.17186	0.02105	0.09765	0.01310	0.16245	0.01409	0.01831	0.05790	0.01307	0.00980	0.00559	0.00487	0.00154	0.00671	0.00431	0.00309	0.00704
4	0.00840	0.00665	0.00757	0.00758	0.00941	0.00646	0.00613	0.05813	0.08619	0.01676	0.07282	0.04692	0.39793	0.01241	0.00633	0.00194	0.00362	0.23463	0.00493	0.00519
5	0.01945	0.01226	0.01337	0.01074	0.01448	0.05599	0.00869	0.27808	0.19942	0.30491	0.01726	0.01589	0.01189	0.00647	0.00521	0.00162	0.00508	0.00510	0.00554	0.00855
6	0.00648	0.00482	0.00605	0.00673	0.00749	0.00438	0.00467	0.00774	0.01117	0.01475	0.16261	0.52699	0.18766	0.01471	0.00646	0.00196	0.00285	0.01311	0.00499	0.00438
7	0.00672	0.00477	0.00607	0.00682	0.00716	0.00460	0.00447	0.00748	0.00935	0.01243	0.02581	0.52029	0.06799	0.22342	0.06471	0.00327	0.00426	0.01213	0.00427	0.00399
8	0.00697	0.00531	0.00640	0.00613	0.00753	0.00474	0.00460	0.00905	0.01379	0.01863	0.54029	0.04262	0.29201	0.01149	0.00615	0.00168	0.00252	0.00994	0.00544	0.00474
9	0.00865	0.00724	0.01229	0.01148	0.01326	0.00698	0.16004	0.01106	0.01153	0.01521	0.02443	0.24454	0.02668	0.01287	0.00684	0.00220	0.00514	0.41009	0.00437	0.00510
10	0.01366	0.32829	0.34180	0.01199	0.01774	0.01617	0.01340	0.16739	0.01355	0.01816	0.00918	0.01029	0.00709	0.00502	0.00439	0.00143	0.00649	0.00361	0.00282	0.00754
11	0.01185	0.00894	0.08144	0.01101	0.10508	0.00708	0.00818	0.01461	0.01408	0.18889	0.44938	0.02851	0.03228	0.00847	0.00571	0.00162	0.00383	0.00741	0.00518	0.00644
12	0.01080	0.00926	0.01080	0.00771	0.01234	0.00694	0.00617	0.01311	0.01080	0.01697	0.00926	0.01080	0.00771	0.00386	0.00386	0.00077	0.00386	0.00309	0.00309	0.84882
13	0.01107	0.01212	0.02467	0.01895	0.06645	0.01143	0.54957	0.01468	0.01207	0.01607	0.01890	0.02118	0.16394	0.00630	0.00637	0.00176	0.02788	0.00699	0.00307	0.00653
14	0.00828	0.00554	0.00716	0.00663	0.00807	0.00505	0.00502	0.01063	0.01455	0.06826	0.68340	0.03836	0.09804	0.01056	0.00609	0.00164	0.00259	0.00927	0.00571	0.00512
15	0.01551	0.01231	0.01343	0.06953	0.01604	0.04869	0.00964	0.39117	0.15673	0.02500	0.01668	0.02304	0.01415	0.00792	0.00560	0.00177	0.00551	0.15490	0.00481	0.00757
16	0.00623	0.00528	0.00538	0.00536	0.00708	0.00443	0.00402	0.00762	0.01205	0.01450	0.09843	0.04941	0.73644	0.01303	0.00615	0.00175	0.00263	0.01089	0.00489	0.00443
17	0.01488	0.60732	0.07349	0.00991	0.01451	0.01917	0.00977	0.16708	0.01341	0.01667	0.00843	0.00936	0.00712	0.00485	0.00382	0.00124	0.00574	0.00324	0.00283	0.00719
18	0.00751	0.00530	0.00696	0.00696	0.00740	0.00574	0.00475	0.00839	0.00795	0.01104	0.01524	0.02762	0.01613	0.44789	0.39176	0.00662	0.00927	0.00663	0.00298	0.00386
19	0.01622	0.00728	0.00980	0.00805	0.01083	0.00643	0.00643	0.01843	0.01483	0.44551	0.36045	0.02718	0.02908	0.00832	0.00564	0.00162	0.00355	0.00710	0.00613	0.00710
20	0.01296	0.01183	0.01999	0.02971	0.70717	0.01179	0.01520	0.01597	0.01197	0.04368	0.01133	0.01605	0.00983	0.00534	0.00529	0.00160	0.00603	0.05333	0.00286	0.00804
21	0.02191	0.00854	0.01162	0.00902	0.01279	0.00740	0.00740	0.02396	0.01489	0.71828	0.08982	0.01965	0.01619	0.00683	0.00532	0.00161	0.00425	0.00562	0.00638	0.00850
22	0.00713	0.00531	0.00662	0.00629	0.00763	0.00481	0.00472	0.00935	0.01416	0.01951	0.63487	0.04116	0.19688	0.01116	0.00614	0.00166	0.00249	0.00973	0.00555	0.00481
23	0.85377	0.01007	0.00765	0.00685	0.01007	0.01168	0.00564	0.01531	0.00886	0.02336	0.00725	0.00846	0.00564	0.00483	0.00322	0.00161	0.00403	0.00282	0.00322	0.00564
24	0.02007	0.01084	0.05284	0.03322	0.16986	0.00945	0.01021	0.06923	0.01459	0.52866	0.01705	0.01600	0.01125	0.00597	0.00520	0.00160	0.00509	0.00500	0.00528	0.00861
25	0.01672	0.12474	0.01654	0.06185	0.01649	0.31638	0.01014	0.18347	0.08161	0.01789	0.01001	0.01132	0.00801	0.00600	0.00610	0.00153	0.09697	0.00401	0.00334	0.00688
26	0.01234	0.01206	0.02129	0.15254	0.58583	0.01233	0.09571	0.01564	0.01168	0.01639	0.00979	0.01317	0.00801	0.00470	0.00527	0.00160	0.00658	0.00480	0.00254	0.00773
27	0.00623	0.00528	0.00538	0.00535	0.00708	0.00443	0.00401	0.00762	0.01204	0.01448	0.09654	0.04944	0.73835	0.01304	0.00615	0.00175	0.00263	0.01090	0.00489	0.00443
28	0.00749	0.00538	0.00734	0.00734	0.00792	0.00595	0.00523	0.00864	0.00807	0.01133	0.01489	0.02565	0.01527	0.33554	0.50294	0.00710	0.01056	0.00634	0.00293	0.00408
29	0.00634	0.00457	0.00601	0.00716	0.00753	0.00424	0.00479	0.00726	0.01006	0.01333	0.02984	0.77734	0.06995	0.01617	0.00662	0.00210	0.00300	0.01462	0.00483	0.00424
30	0.01945	0.02482	0.01476	0.01342	0.01610	0.79608	0.01006	0.02079	0.01476	0.01275	0.00805	0.00939	0.00671	0.00537	0.00470	0.00134	0.00939	0.00335	0.00268	0.00604
31	0.00905	0.00452	0.00678	0.00678	0.00678	0.00452	0.00452	0.00678	0.00678	0.00905	0.00905	0.01583	0.00905	0.01809	0.02035	0.84848	0.00452	0.00452	0.00226	0.00226
32	0.01295	0.01119	0.01178	0.01060	0.01354	0.01295	0.00824	0.02767	0.77509	0.02178	0.02120	0.01943	0.01590	0.00707	0.00530	0.00177	0.00412	0.00589	0.00530	0.00824
33	0.00767	0.00540	0.00702	0.00657	0.00787	0.00496	0.00494	0.01008	0.01465	0.03720	0.74108	0.03882	0.07276	0.01064	0.00612	0.00164	0.00251	0.00938	0.00572	0.00498
34	0.01749	0.02150	0.01353	0.01234	0.01496	0.63746	0.00928	0.02024	0.09460	0.01382	0.01373	0.01436	0.08223	0.00630	0.00490	0.00143	0.00819	0.00436	0.00317	0.00611

[dist]
# distance from previous block
# <min> <max>
0	1

[block]
# block no. 6 follows, 47 sequences, length 60
# corresponding to MSA columns:
# 372-431
name=unknown_G
#
# <colnr> <probs for GDERKNQSTAVLIFYWHMCP>
#	G	D	E	R	K	N	Q	S	T	A	V	L	I	F	Y	W	H	M	C	P
0	0.01459	0.72381	0.02577	0.00946	0.01370	0.11452	0.00905	0.01622	0.01109	0.01231	0.00734	0.00848	0.00669	0.00457	0.00351	0.00114	0.00603	0.00285	0.00228	0.00660
1	0.85377	0.01007	0.00765	0.00685	0.01007	0.01168	0.00564	0.01531	0.00886	0.02336	0.00725	0.00846	0.00564	0.00483	0.00322	0.00161	0.00403	0.00282	0.00322	0.00564
2	0.01945	0.02482	0.01476	0.01342	0.01610	0.79608	0.01006	0.02079	0.01476	0.01275	0.00805	0.00939	0.00671	0.00537	0.00470	0.00134	0.00939	0.00335	0.00268	0.00604
3	0.01546	0.62800	0.02437	0.00954	0.01392	0.01921	0.00906	0.16584	0.01352	0.04647	0.00881	0.00954	0.00736	0.00489	0.00379	0.00122	0.00556	0.00326	0.00299	0.00720
4	0.01105	0.09146	0.01329	0.08243	0.01491	0.00887	0.02121	0.01345	0.01077	0.01614	0.00908	0.01090	0.00754	0.00405	0.00397	0.00091	0.00441	0.00326	0.00292	0.66937
5	0.00653	0.00529	0.00579	0.00567	0.00726	0.00455	0.00425	0.00820	0.01275	0.01616	0.27628	0.04668	0.55756	0.01241	0.00615	0.00172	0.00258	0.01051	0.00511	0.00455
6	0.01238	0.01446	0.08202	0.02334	0.27088	0.05127	0.37618	0.01608	0.01198	0.01633	0.01096	0.05446	0.00921	0.00526	0.00589	0.00169	0.02192	0.00577	0.00269	0.00725
7	0.01366	0.01429	0.01667	0.02039	0.32476	0.21534	0.04149	0.03118	0.01267	0.01562	0.01305	0.02176	0.01242	0.00723	0.00627	0.00173	0.05747	0.16415	0.00312	0.00674
8	0.00749	0.00537	0.00729	0.00729	0.00785	0.00592	0.00517	0.00861	0.00805	0.01129	0.01493	0.02591	0.01539	0.35038	0.48826	0.00704	0.01039	0.00638	0.00294	0.00405
9	0.00706	0.00507	0.00589	0.00621	0.00676	0.00483	0.00407	0.00773	0.00930	0.01201	0.02760	0.19435	0.19252	0.41040	0.03389	0.00364	0.00429	0.05663	0.00396	0.00378
10	0.00861	0.00630	0.00736	0.00644	0.00868	0.00530	0.00491	0.01049	0.01263	0.06565	0.27537	0.03610	0.31869	0.03609	0.00629	0.00162	0.00301	0.00843	0.00482	0.17319
11	0.01256	0.01259	0.02289	0.14125	0.02457	0.01294	0.42085	0.08439	0.15683	0.01846	0.01293	0.03316	0.00995	0.00546	0.00577	0.00175	0.00721	0.00593	0.00336	0.00716
12	0.00750	0.00563	0.00783	0.00788	0.00849	0.00636	0.00579	0.00878	0.00848	0.01191	0.01692	0.14077	0.03043	0.19669	0.46067	0.00629	0.05465	0.00740	0.00318	0.00433
13	0.01159	0.01039	0.01690	0.07061	0.25374	0.01059	0.13405	0.10509	0.04358	0.01785	0.01629	0.20671	0.01609	0.00832	0.00582	0.00179	0.00568	0.05445	0.00367	0.00679
14	0.01291	0.01638	0.25115	0.02175	0.30925	0.01166	0.14850	0.01697	0.01199	0.09482	0.01169	0.01511	0.00915	0.00532	0.00537	0.00166	0.00686	0.03871	0.00297	0.00777
15	0.01425	0.01759	0.35506	0.03159	0.06709	0.01098	0.03862	0.02022	0.13181	0.20822	0.01404	0.01426	0.00981	0.00558	0.00509	0.00162	0.00611	0.00463	0.00381	0.03964
16	0.66725	0.02651	0.00910	0.00779	0.01089	0.09192	0.00628	0.05811	0.01032	0.02201	0.00805	0.00995	0.00656	0.04201	0.00455	0.00173	0.00475	0.00320	0.00326	0.00577
17	0.01532	0.36909	0.08489	0.01064	0.01488	0.08118	0.00988	0.15200	0.15005	0.04811	0.01142	0.01174	0.00895	0.00543	0.00434	0.00139	0.00579	0.00391	0.00350	0.00746
18	0.01344	0.01160	0.01717	0.01278	0.01720	0.01096	0.21602	0.11876	0.14443	0.05968	0.01268	0.01376	0.00959	0.00501	0.00499	0.00136	0.00554	0.00474	0.00380	0.31649
19	0.01350	0.03183	0.07289	0.01104	0.01436	0.09435	0.00920	0.02532	0.58831	0.03412	0.01928	0.01813	0.03097	0.00679	0.00518	0.00170	0.00495	0.00550	0.00473	0.00786
20	0.00806	0.00606	0.00691	0.00678	0.00720	0.03106	0.01946	0.00894	0.03400	0.01128	0.01805	0.12039	0.03307	0.58822	0.07511	0.00459	0.00557	0.00810	0.00340	0.00374
21	0.01267	0.01147	0.01477	0.03037	0.12335	0.01324	0.04902	0.03904	0.47135	0.01943	0.01660	0.02880	0.01301	0.00697	0.00708	0.00181	0.12343	0.00561	0.00426	0.00771
22	0.00744	0.00558	0.00837	0.00837	0.00930	0.00651	0.00651	0.00930	0.00837	0.01209	0.01395	0.02046	0.01302	0.03906	0.79635	0.00837	0.01395	0.00558	0.00279	0.00465
23	0.00936	0.00700	0.00961	0.00913	0.01045	0.00820	0.00718	0.01308	0.12197	0.05363	0.01485	0.01951	0.01299	0.03049	0.58243	0.00661	0.06920	0.00553	0.00331	0.00547
24	0.01274	0.01412	0.06620	0.23738	0.33241	0.13689	0.01386	0.01577	0.01177	0.01528	0.00929	0.01228	0.00749	0.00485	0.00496	0.00150	0.00677	0.00423	0.00255	0.08968
25	0.01388	0.34183	0.22054	0.01218	0.01663	0.18135	0.02747	0.01661	0.01132	0.01357	0.00798	0.00971	0.00671	0.00529	0.00561	0.00144	0.09540	0.00344	0.00233	0.00671
26	0.01014	0.00901	0.01506	0.14554	0.18185	0.00897	0.13374	0.01274	0.01175	0.04452	0.11228	0.02616	0.17220	0.08434	0.00768	0.00200	0.00539	0.00706	0.00358	0.00599
27	0.00633	0.00528	0.00552	0.00546	0.00714	0.00447	0.00410	0.00782	0.01229	0.01508	0.16047	0.04846	0.67404	0.01281	0.00615	0.00174	0.00261	0.01076	0.00497	0.00447
28	0.32843	0.13760	0.01376	0.00971	0.01313	0.25098	0.00794	0.07045	0.01250	0.07318	0.00887	0.00974	0.00693	0.00512	0.00399	0.00142	0.00603	0.00329	0.00327	0.03365
29	0.68778	0.01145	0.00881	0.00775	0.01100	0.09072	0.00629	0.01685	0.01005	0.09734	0.00864	0.00946	0.00646	0.00505	0.00357	0.00158	0.00461	0.00311	0.00348	0.00600
30	0.08651	0.01861	0.01432	0.06979	0.05958	0.42587	0.01004	0.15164	0.05479	0.01820	0.03616	0.01191	0.00903	0.00570	0.00481	0.00147	0.00744	0.00405	0.00338	0.00668
31	0.01592	0.01828	0.01600	0.01368	0.01623	0.41496	0.09537	0.05695	0.09050	0.01505	0.01016	0.01223	0.00838	0.00859	0.06710	0.00211	0.12477	0.00434	0.00302	0.00636
32	0.01442	0.01184	0.01248	0.01084	0.01393	0.02613	0.00858	0.22064	0.50468	0.02396	0.01924	0.04984	0.01518	0.00748	0.00539	0.00174	0.00462	0.03575	0.00519	0.00807
33	0.01708	0.01246	0.01341	0.01058	0.01382	0.01368	0.00840	0.59807	0.02072	0.02776	0.01337	0.01731	0.01110	0.18670	0.00995	0.00234	0.00558	0.00533	0.00475	0.00759
34	0.00784	0.00585	0.00811	0.00809	0.00923	0.00643	0.00635	0.03398	0.00984	0.01367	0.04562	0.02797	0.09388	0.05393	0.55049	0.00645	0.01079	0.07928	0.01745	0.00474
35	0.00696	0.00531	0.00639	0.00612	0.00753	0.00474	0.00459	0.00903	0.01376	0.01856	0.53324	0.04272	0.29910	0.01151	0.00615	0.00168	0.00252	0.00995	0.00543	0.00474
36	0.00635	0.00462	0.00596	0.00702	0.00746	0.00426	0.00471	0.00728	0.01010	0.01330	0.03078	0.72085	0.10749	0.03429	0.00705	0.00215	0.00303	0.01427	0.00480	0.00422
37	0.01254	0.46756	0.30946	0.01245	0.04716	0.01688	0.03895	0.01598	0.01084	0.01416	0.00823	0.00970	0.00675	0.00464	0.00410	0.00135	0.00649	0.00337	0.00224	0.00713
38	0.23413	0.01360	0.01517	0.01771	0.27077	0.13323	0.01099	0.06691	0.02492	0.03281	0.00900	0.01115	0.00738	0.00565	0.00635	0.00165	0.12467	0.00399	0.00301	0.00690
39	0.00733	0.00495	0.00575	0.00599	0.00605	0.00489	0.00349	0.00751	0.00805	0.01073	0.01886	0.18952	0.02203	0.65732	0.02255	0.00446	0.00464	0.00902	0.00349	0.00337
40	0.01272	0.06877	0.15655	0.01694	0.20985	0.06298	0.06588	0.06853	0.01242	0.06522	0.01441	0.09158	0.04631	0.02434	0.04512	0.00203	0.02028	0.00580	0.00326	0.00701
41	0.01203	0.00952	0.01113	0.00806	0.01257	0.00755	0.00648	0.06337	0.01199	0.06059	0.02269	0.01175	0.00875	0.00427	0.00406	0.00088	0.00399	0.00341	0.00345	0.73345
42	0.13157	0.18987	0.01704	0.01308	0.08482	0.38720	0.00970	0.06578	0.01342	0.03153	0.00846	0.00973	0.00696	0.00511	0.00429	0.00137	0.00722	0.00340	0.00289	0.00656
43	0.01309	0.01111	0.01181	0.01062	0.01354	0.01278	0.00834	0.06567	0.69780	0.02206	0.02106	0.02102	0.01623	0.00739	0.00539	0.00179	0.00424	0.04272	0.00527	0.00810
44	0.04731	0.22867	0.03280	0.01361	0.12736	0.05652	0.01005	0.14907	0.24551	0.01993	0.01284	0.01321	0.01004	0.00566	0.00462	0.00149	0.00543	0.00438	0.00379	0.00771
45	0.00744	0.00558	0.00837	0.00837	0.00930	0.00651	0.00651	0.00930	0.00837	0.01209	0.01395	0.02046	0.01302	0.03906	0.79635	0.00837	0.01395	0.00558	0.00279	0.00465
46	0.01221	0.01243	0.06387	0.01469	0.13503	0.08490	0.11285	0.11523	0.04777	0.01698	0.01673	0.02241	0.08686	0.17158	0.02315	0.00246	0.02019	0.03090	0.00346	0.00629
47	0.00645	0.00480	0.00584	0.00658	0.00725	0.00438	0.00445	0.00743	0.01037	0.01343	0.05878	0.51851	0.22213	0.09391	0.00845	0.00230	0.00310	0.01295	0.00470	0.00419
48	0.06806	0.01127	0.01709	0.34821	0.30197	0.01259	0.01372	0.13257	0.01304	0.01837	0.00983	0.01295	0.00763	0.00514	0.00506	0.00163	0.00629	0.00452	0.00292	0.00715
49	0.00626	0.00509	0.00555	0.00591	0.00726	0.00439	0.00429	0.00749	0.01136	0.01389	0.04566	0.25768	0.56233	0.01406	0.00631	0.00187	0.00279	0.02862	0.00483	0.00436
50	0.20209	0.01101	0.01142	0.00966	0.01284	0.01216	0.00782	0.27533	0.17756	0.06746	0.06383	0.04479	0.02568	0.00729	0.00502	0.00169	0.00455	0.04764	0.00485	0.00731
51	0.24437	0.00918	0.01091	0.00862	0.01244	0.00873	0.00712	0.02270	0.01330	0.58458	0.01701	0.01526	0.01096	0.00602	0.00470	0.00161	0.00432	0.00459	0.00559	0.00800
52	0.01322	0.01215	0.01964	0.02635	0.56483	0.01225	0.06153	0.11774	0.01357	0.01888	0.01342	0.03166	0.05980	0.00564	0.00532	0.00159	0.00599	0.00537	0.00313	0.00792
53	0.01945	0.02482	0.01476	0.01342	0.01610	0.79608	0.01006	0.02079	0.01476	0.01275	0.00805	0.00939	0.00671	0.00537	0.00470	0.00134	0.00939	0.00335	0.00268	0.00604
54	0.29716	0.01399	0.04827	0.01045	0.01441	0.04059	0.00891	0.45747	0.01834	0.02825	0.01046	0.01098	0.00761	0.00569	0.00452	0.00158	0.00538	0.00398	0.00433	0.00764
55	0.00797	0.00779	0.01264	0.01011	0.01284	0.00693	0.22168	0.01023	0.01214	0.01518	0.07967	0.03921	0.52183	0.01054	0.00615	0.00175	0.00438	0.00952	0.00425	0.00517
56	0.72443	0.09299	0.05073	0.00748	0.01106	0.01261	0.00669	0.01540	0.00915	0.02188	0.00736	0.00858	0.00580	0.00480	0.00333	0.00156	0.00438	0.00287	0.00307	0.00585
57	0.01583	0.28647	0.03287	0.01093	0.01441	0.14505	0.02456	0.15310	0.08359	0.06806	0.01102	0.01261	0.00900	0.04760	0.00645	0.00163	0.06222	0.00413	0.00346	0.00703
58	0.66656	0.01108	0.00944	0.00800	0.01144	0.01269	0.00660	0.18408	0.01237	0.02549	0.00843	0.00937	0.00636	0.00515	0.00367	0.00160	0.00441	0.00324	0.00367	0.00636
59	0.01226	0.02664	0.01652	0.01578	0.18646	0.00988	0.13396	0.02835	0.07094	0.06369	0.02630	0.05809	0.02536	0.00555	0.00497	0.00136	0.00522	0.00520	0.00346	0.30001

[dist]
# distance from previous block
# <min> <max>
0	2

[block]
# block no. 7 follows, 47 sequences, length 56
# corresponding to MSA columns:
# 434-489
name=unknown_H
#
# <colnr> <probs for GDERKNQSTAVLIFYWHMCP>
#	G	D	E	R	K	N	Q	S	T	A	V	L	I	F	Y	W	H	M	C	P
0	0.01235	0.01124	0.01213	0.01073	0.01281	0.07882	0.00845	0.07023	0.30669	0.01759	0.01471	0.01691	0.01212	0.04238	0.15746	0.00312	0.15074	0.00520	0.00386	0.05246
1	0.01252	0.07360	0.24735	0.01778	0.02352	0.01342	0.41371	0.05792	0.04108	0.03247	0.01067	0.01296	0.00789	0.00480	0.00551	0.00167	0.00782	0.00514	0.00279	0.00738
2	0.00800	0.00579	0.00841	0.00816	0.00909	0.00649	0.00622	0.00917	0.00822	0.01184	0.01284	0.01952	0.01219	0.06559	0.58114	0.13111	0.03800	0.00534	0.00273	0.05015
3	0.01511	0.01225	0.01438	0.01307	0.11337	0.06543	0.03028	0.19315	0.06165	0.09093	0.01175	0.01263	0.00894	0.00518	0.00494	0.00129	0.02124	0.00416	0.00390	0.31634
4	0.05444	0.01455	0.23820	0.01201	0.01582	0.04292	0.11017	0.04180	0.03774	0.01672	0.07770	0.13260	0.01659	0.07864	0.00764	0.00203	0.02842	0.03276	0.00343	0.03583
5	0.15745	0.00942	0.02543	0.00993	0.05322	0.03829	0.00746	0.02917	0.13452	0.07226	0.01892	0.13503	0.04314	0.04291	0.00615	0.00188	0.00444	0.11606	0.00424	0.09008
6	0.00674	0.00530	0.00609	0.00589	0.00739	0.00465	0.00442	0.00861	0.01326	0.01736	0.40538	0.04469	0.42770	0.01196	0.00615	0.00170	0.00255	0.01023	0.00527	0.00465
7	0.01153	0.01083	0.01581	0.39518	0.07898	0.02790	0.07050	0.01895	0.27964	0.01680	0.01357	0.01569	0.01025	0.00576	0.00530	0.00173	0.00609	0.00516	0.00341	0.00692
8	0.01295	0.01119	0.01178	0.01060	0.01354	0.01295	0.00824	0.02767	0.77509	0.02178	0.02120	0.01943	0.01590	0.00707	0.00530	0.00177	0.00412	0.00589	0.00530	0.00824
9	0.00634	0.00453	0.00604	0.00725	0.00755	0.00423	0.00483	0.00725	0.00997	0.01329	0.02870	0.81358	0.03444	0.01632	0.00665	0.00211	0.00302	0.01480	0.00483	0.00423
10	0.01414	0.26433	0.16498	0.01548	0.17444	0.03157	0.01237	0.17284	0.04095	0.01896	0.03634	0.01211	0.00922	0.00528	0.00460	0.00144	0.00605	0.00411	0.00315	0.00763
11	0.01212	0.03923	0.10043	0.05316	0.09461	0.01089	0.02329	0.07743	0.17893	0.06302	0.01463	0.01945	0.01257	0.19116	0.05517	0.00281	0.03526	0.00554	0.00368	0.00662
12	0.01392	0.82012	0.02729	0.00891	0.01337	0.02061	0.00891	0.01559	0.01058	0.01225	0.00724	0.00835	0.00668	0.00446	0.00334	0.00111	0.00557	0.00278	0.00223	0.00668
13	0.01080	0.00926	0.01080	0.00771	0.01234	0.00694	0.00617	0.01311	0.01080	0.01697	0.00926	0.01080	0.00771	0.00386	0.00386	0.00077	0.00386	0.00309	0.00309	0.84882
14	0.01131	0.00869	0.00938	0.00800	0.01054	0.00883	0.00633	0.27017	0.04314	0.02205	0.17226	0.03404	0.35429	0.01012	0.00580	0.00167	0.00372	0.00835	0.00515	0.00616
15	0.00757	0.00505	0.00568	0.00568	0.00568	0.00505	0.00316	0.00757	0.00757	0.01010	0.01641	0.03408	0.01893	0.81698	0.02651	0.00505	0.00505	0.00757	0.00316	0.00316
16	0.00910	0.00773	0.00815	0.00762	0.00981	0.00799	0.00584	0.01610	0.32802	0.01802	0.12121	0.03616	0.38322	0.01037	0.00580	0.00175	0.00323	0.00870	0.00513	0.00605
17	0.01080	0.00926	0.01080	0.00771	0.01234	0.00694	0.00617	0.01311	0.01080	0.01697	0.00926	0.01080	0.00771	0.00386	0.00386	0.00077	0.00386	0.00309	0.00309	0.84882
18	0.01103	0.01047	0.06300	0.01916	0.33977	0.00925	0.06741	0.01395	0.01261	0.05935	0.19690	0.05547	0.07973	0.00760	0.00566	0.00166	0.00505	0.03128	0.00385	0.00680
19	0.00713	0.00531	0.00662	0.00629	0.00763	0.00481	0.00472	0.00935	0.01416	0.01951	0.63508	0.04116	0.19667	0.01116	0.00614	0.00166	0.00249	0.00973	0.00555	0.00481
20	0.08120	0.12622	0.55895	0.01493	0.08768	0.01318	0.01649	0.01623	0.01084	0.01656	0.00894	0.01061	0.00667	0.00485	0.00462	0.00157	0.00698	0.00370	0.00232	0.00744
21	0.01035	0.00826	0.00943	0.00853	0.01063	0.00887	0.00657	0.05629	0.33443	0.02188	0.42290	0.02937	0.03311	0.00892	0.00574	0.00169	0.00332	0.00769	0.00552	0.00651
22	0.01293	0.01166	0.01552	0.01915	0.32207	0.01272	0.01134	0.02299	0.46965	0.01988	0.01663	0.01681	0.01284	0.00609	0.00524	0.00168	0.00495	0.00539	0.00421	0.00825
23	0.85377	0.01007	0.00765	0.00685	0.01007	0.01168	0.00564	0.01531	0.00886	0.02336	0.00725	0.00846	0.00564	0.00483	0.00322	0.00161	0.00403	0.00282	0.00322	0.00564
24	0.01971	0.01703	0.01542	0.01232	0.01614	0.20239	0.00994	0.58891	0.02216	0.02803	0.01144	0.01176	0.00834	0.00604	0.00509	0.00151	0.00660	0.00437	0.00461	0.00818
25	0.01475	0.01208	0.01279	0.01096	0.01423	0.01379	0.00868	0.22225	0.57758	0.02469	0.01891	0.01761	0.01404	0.00685	0.00528	0.00171	0.00454	0.00557	0.00528	0.00840
