[name]
unknown

[dist]
# distance from previous block
# <min> <max>
0	40

[block]
# block no. 0 follows, 43 sequences, length 64
# corresponding to MSA columns:
# 40-103
name=unknown_A
#
# <colnr> <probs for GDERKNQSTAVLIFYWHMCP>
#	G	D	E	R	K	N	Q	S	T	A	V	L	I	F	Y	W	H	M	C	P
0	0.01214	0.24726	0.56713	0.01402	0.02124	0.01540	0.01738	0.01727	0.01157	0.01628	0.00931	0.01091	0.00704	0.00512	0.00478	0.00159	0.00755	0.00378	0.00235	0.00788
1	0.00812	0.00675	0.00753	0.00657	0.00914	0.00551	0.00504	0.01005	0.01293	0.01724	0.18657	0.03978	0.42249	0.01084	0.00589	0.00156	0.00311	0.00912	0.00484	0.22693
2	0.01246	0.01922	0.26513	0.02098	0.02739	0.01365	0.52255	0.01768	0.01264	0.01768	0.01081	0.01392	0.00797	0.00485	0.00614	0.00183	0.00898	0.00577	0.00266	0.00769
3	0.01202	0.01325	0.02831	0.02074	0.02546	0.01242	0.62657	0.01607	0.01266	0.01714	0.01442	0.14594	0.01310	0.00678	0.00662	0.00193	0.00832	0.00807	0.00319	0.00697
4	0.00675	0.00482	0.00643	0.00771	0.00803	0.00450	0.00514	0.00771	0.01060	0.01414	0.03053	0.80175	0.03663	0.01735	0.00707	0.00225	0.00321	0.01574	0.00514	0.00450
5	0.01111	0.02865	0.77667	0.01579	0.02397	0.01286	0.02046	0.01754	0.01169	0.01754	0.00994	0.01169	0.00702	0.00526	0.00526	0.00175	0.00818	0.00409	0.00234	0.00818
6	0.00738	0.00598	0.00697	0.00690	0.00830	0.00563	0.00514	0.00937	0.02992	0.01695	0.24674	0.16266	0.40067	0.01342	0.00719	0.00192	0.04323	0.01138	0.00528	0.00496
7	0.00688	0.00488	0.00639	0.00754	0.00783	0.00459	0.00496	0.00775	0.01034	0.01379	0.02919	0.72377	0.03495	0.09762	0.00922	0.00257	0.00343	0.01496	0.00496	0.00438
8	0.01032	0.00516	0.00516	0.00516	0.00645	0.00516	0.00387	0.01290	0.01161	0.02065	0.01807	0.02065	0.01420	0.00645	0.00387	0.00129	0.00258	0.00516	0.83611	0.00516
9	0.01371	0.01316	0.02248	0.03399	0.77081	0.01316	0.01700	0.01700	0.01261	0.01809	0.01042	0.01371	0.00877	0.00493	0.00548	0.00164	0.00658	0.00493	0.00274	0.00877
10	0.01297	0.01564	0.07059	0.02296	0.02869	0.01395	0.71349	0.01773	0.01300	0.01773	0.01114	0.01477	0.00833	0.00470	0.00647	0.00186	0.00928	0.00641	0.00278	0.00751
11	0.00747	0.00516	0.00637	0.00706	0.00728	0.00500	0.00450	0.00806	0.00952	0.01268	0.02436	0.40676	0.02869	0.38507	0.01696	0.00372	0.00432	0.04873	0.00431	0.00400
12	0.00791	0.00593	0.00890	0.00890	0.00989	0.00692	0.00692	0.00989	0.00890	0.01286	0.01483	0.02176	0.01385	0.04154	0.78341	0.00890	0.01483	0.00593	0.00297	0.00494
13	0.01111	0.02865	0.77667	0.01579	0.02397	0.01286	0.02046	0.01754	0.01169	0.01754	0.00994	0.01169	0.00702	0.00526	0.00526	0.00175	0.00818	0.00409	0.00234	0.00818
14	0.02179	0.01152	0.01364	0.01058	0.01462	0.01159	0.00870	0.32721	0.01966	0.39021	0.01791	0.01672	0.01197	0.00673	0.00538	0.00165	0.00507	0.00529	0.09078	0.00899
15	0.01326	0.01250	0.01828	0.09219	0.02062	0.01369	0.20632	0.02481	0.48776	0.02083	0.01827	0.01856	0.01370	0.00656	0.00586	0.00187	0.00600	0.00620	0.00457	0.00816
16	0.01481	0.80869	0.02902	0.00948	0.01421	0.02191	0.00948	0.01658	0.01125	0.01303	0.00770	0.00888	0.00711	0.00474	0.00355	0.00118	0.00592	0.00296	0.00237	0.00711
17	0.11992	0.00973	0.01122	0.00907	0.01247	0.00957	0.00736	0.12746	0.01516	0.26542	0.07607	0.02346	0.14892	0.00807	0.00603	0.00168	0.04460	0.00630	0.00528	0.09221
18	0.03393	0.01180	0.01702	0.13431	0.02021	0.06466	0.18429	0.13413	0.01501	0.07269	0.08622	0.12141	0.04533	0.00803	0.00598	0.00181	0.00629	0.00737	0.02267	0.00685
19	0.00820	0.00652	0.00849	0.12537	0.01301	0.00661	0.00686	0.01032	0.03045	0.03434	0.09864	0.25881	0.29804	0.01302	0.00693	0.00200	0.03138	0.03106	0.00478	0.00517
20	0.01046	0.00984	0.01661	0.79205	0.03814	0.01230	0.01538	0.01415	0.01107	0.01415	0.00984	0.01477	0.00738	0.00554	0.00554	0.00185	0.00738	0.00492	0.00246	0.00615
21	0.04045	0.01074	0.02957	0.01020	0.01403	0.01021	0.00846	0.16136	0.09339	0.41474	0.12716	0.02083	0.01844	0.00745	0.00565	0.00173	0.00470	0.00607	0.00619	0.00864
22	0.01275	0.15386	0.50009	0.01671	0.09809	0.07186	0.03813	0.01768	0.01205	0.01657	0.00955	0.01140	0.00726	0.00516	0.00502	0.00163	0.00782	0.00402	0.00244	0.00792
23	0.02472	0.00963	0.01298	0.00995	0.01424	0.00844	0.00822	0.05136	0.01619	0.74980	0.02156	0.01866	0.01357	0.00685	0.00557	0.00171	0.00476	0.00555	0.00681	0.00943
24	0.01111	0.02865	0.77667	0.01579	0.02397	0.01286	0.02046	0.01754	0.01169	0.01754	0.00994	0.01169	0.00702	0.00526	0.00526	0.00175	0.00818	0.00409	0.00234	0.00818
25	0.01360	0.01382	0.05457	0.03322	0.73904	0.01315	0.01714	0.01702	0.01257	0.01807	0.01040	0.01362	0.00870	0.00495	0.00547	0.00165	0.00665	0.00490	0.00272	0.00875
26	0.01867	0.00901	0.01185	0.07595	0.01495	0.00856	0.00814	0.02262	0.10863	0.46324	0.09866	0.02448	0.09430	0.00800	0.00577	0.00176	0.00450	0.00667	0.00608	0.00816
27	0.00675	0.00482	0.00643	0.00771	0.00803	0.00450	0.00514	0.00771	0.01060	0.01414	0.03053	0.80175	0.03663	0.01735	0.00707	0.00225	0.00321	0.01574	0.00514	0.00450
28	0.02942	0.00612	0.00817	0.00776	0.00909	0.00623	0.00586	0.01125	0.01223	0.07016	0.33143	0.03157	0.04578	0.10283	0.29209	0.00472	0.00754	0.00788	0.00464	0.00523
29	0.01279	0.03905	0.06502	0.01181	0.01447	0.01158	0.06445	0.03504	0.20889	0.09860	0.02068	0.19302	0.04865	0.00979	0.00804	0.00200	0.13648	0.00802	0.00455	0.00709
30	0.00805	0.00537	0.00604	0.00604	0.00604	0.00537	0.00336	0.00805	0.00805	0.01074	0.01745	0.03624	0.02013	0.80536	0.02819	0.00537	0.00537	0.00805	0.00336	0.00336
31	0.00990	0.00943	0.01782	0.01385	0.01685	0.00880	0.31523	0.01320	0.01408	0.01953	0.37810	0.10784	0.03243	0.00917	0.00659	0.00185	0.00547	0.00915	0.00463	0.00608
32	0.01679	0.26629	0.17823	0.01267	0.01759	0.19011	0.01226	0.18961	0.03404	0.01942	0.01002	0.01103	0.00787	0.00558	0.00475	0.00149	0.00731	0.00388	0.00329	0.00776
33	0.01814	0.38575	0.02241	0.01122	0.01579	0.01939	0.01004	0.40891	0.01914	0.02469	0.01068	0.01124	0.00834	0.00576	0.00461	0.00144	0.00601	0.00404	0.00406	0.00834
34	0.01281	0.01263	0.02071	0.01490	0.02004	0.02853	0.31893	0.04988	0.01292	0.01859	0.01054	0.01298	0.00832	0.00449	0.00521	0.00131	0.00653	0.00473	0.00317	0.43277
35	0.01402	0.64370	0.18716	0.01081	0.01628	0.02000	0.01180	0.01679	0.01135	0.01398	0.00817	0.00948	0.00709	0.00485	0.00391	0.00130	0.00640	0.00320	0.00236	0.00734
36	0.02485	0.00943	0.01285	0.00985	0.01414	0.00814	0.00814	0.02699	0.01585	0.77465	0.02185	0.01885	0.01371	0.00685	0.00557	0.00171	0.00471	0.00557	0.00685	0.00943
37	0.00687	0.00491	0.00657	0.00785	0.00823	0.00461	0.00536	0.00793	0.01073	0.01428	0.03046	0.75930	0.03636	0.01723	0.00710	0.00227	0.00332	0.05696	0.00514	0.00453
38	0.01661	0.01188	0.01354	0.01007	0.01474	0.01108	0.00821	0.28762	0.01737	0.11462	0.01255	0.01303	0.00931	0.00537	0.00481	0.00124	0.00491	0.00418	0.00454	0.43432
39	0.01367	0.01325	0.02300	0.03345	0.73301	0.01320	0.05439	0.01703	0.01263	0.01808	0.01046	0.01377	0.00875	0.00492	0.00554	0.00166	0.00672	0.00502	0.00274	0.00871
40	0.01032	0.00516	0.00516	0.00516	0.00645	0.00516	0.00387	0.01290	0.01161	0.02065	0.01807	0.02065	0.01420	0.00645	0.00387	0.00129	0.00258	0.00516	0.83611	0.00516
41	0.01307	0.01494	0.03268	0.02334	0.02894	0.01401	0.75070	0.01774	0.01307	0.01774	0.01120	0.01494	0.00840	0.00467	0.00654	0.00187	0.00934	0.00654	0.00280	0.00747
42	0.00935	0.00757	0.00986	0.00985	0.01145	0.00783	0.04590	0.01474	0.21093	0.01723	0.02834	0.37747	0.06285	0.01352	0.00675	0.00217	0.00419	0.14893	0.00514	0.00591
43	0.00675	0.00482	0.00643	0.00771	0.00803	0.00450	0.00514	0.00771	0.01060	0.01414	0.03053	0.80175	0.03663	0.01735	0.00707	0.00225	0.00321	0.01574	0.00514	0.00450
44	0.00675	0.00482	0.00643	0.00771	0.00803	0.00450	0.00514	0.00771	0.01060	0.01414	0.03053	0.80175	0.03663	0.01735	0.00707	0.00225	0.00321	0.01574	0.00514	0.00450
45	0.01433	0.68831	0.08889	0.01054	0.01533	0.02076	0.02615	0.01652	0.01119	0.01351	0.00793	0.00940	0.00714	0.00503	0.00450	0.00131	0.04640	0.00322	0.00238	0.00715
46	0.01046	0.00984	0.01661	0.79205	0.03814	0.01230	0.01538	0.01415	0.01107	0.01415	0.00984	0.01477	0.00738	0.00554	0.00554	0.00185	0.00738	0.00492	0.00246	0.00615
47	0.12817	0.01019	0.01263	0.00981	0.01400	0.00957	0.00810	0.09724	0.01604	0.60676	0.01922	0.01706	0.01231	0.00662	0.00530	0.00171	0.00479	0.00519	0.00629	0.00899
48	0.01622	0.62083	0.02582	0.01063	0.01491	0.20472	0.00977	0.01791	0.01232	0.01316	0.00791	0.00915	0.00711	0.00497	0.00390	0.00124	0.00690	0.00311	0.00249	0.00694
49	0.02105	0.01551	0.01662	0.01274	0.01717	0.01717	0.01053	0.75235	0.02604	0.03490	0.01330	0.01330	0.00942	0.00665	0.00554	0.00166	0.00609	0.00499	0.00554	0.00942
50	0.08031	0.01442	0.01537	0.01180	0.01621	0.01558	0.00973	0.60339	0.02306	0.05284	0.01277	0.01295	0.00916	0.00628	0.00524	0.00158	0.00572	0.00468	0.00519	0.09370
51	0.00795	0.00578	0.00814	0.00814	0.00887	0.00651	0.00597	0.00940	0.00868	0.01229	0.01553	0.02561	0.01552	0.24486	0.58238	0.00796	0.01232	0.00650	0.00307	0.00452
52	0.02288	0.01258	0.01480	0.01135	0.01571	0.01282	0.00938	0.40253	0.02113	0.39166	0.01742	0.01598	0.01149	0.00675	0.00555	0.00169	0.00543	0.00527	0.00617	0.00942
53	0.01307	0.01494	0.03268	0.02334	0.02894	0.01401	0.75070	0.01774	0.01307	0.01774	0.01120	0.01494	0.00840	0.00467	0.00654	0.00187	0.00934	0.00654	0.00280	0.00747
54	0.00681	0.00486	0.00650	0.00778	0.00813	0.00455	0.00525	0.00782	0.01066	0.01421	0.03049	0.78095	0.03650	0.01729	0.00709	0.00226	0.00327	0.03594	0.00514	0.00452
55	0.00710	0.00497	0.00632	0.00727	0.00750	0.00473	0.00467	0.00780	0.00992	0.01323	0.02704	0.59798	0.03224	0.22711	0.01269	0.00308	0.00379	0.01370	0.00467	0.00419
56	0.02485	0.00943	0.01285	0.00985	0.01414	0.00814	0.00814	0.02699	0.01585	0.77465	0.02185	0.01885	0.01371	0.00685	0.00557	0.00171	0.00471	0.00557	0.00685	0.00943
57	0.02113	0.01061	0.01300	0.01049	0.01442	0.01051	0.00850	0.07635	0.24929	0.49030	0.02149	0.01904	0.01442	0.00705	0.00559	0.00176	0.00470	0.00575	0.00639	0.00922
58	0.01634	0.01317	0.01396	0.01179	0.01538	0.01497	0.00939	0.28374	0.50233	0.02730	0.01929	0.01807	0.01427	0.00721	0.00560	0.00180	0.00499	0.00581	0.00560	0.00900
59	0.01189	0.01023	0.01073	0.00980	0.01258	0.01137	0.00758	0.02378	0.56174	0.02119	0.05210	0.02900	0.19623	0.00917	0.00588	0.00187	0.00396	0.00766	0.00553	0.00769
60	0.00675	0.00482	0.00643	0.00771	0.00803	0.00450	0.00514	0.00771	0.01060	0.01414	0.03053	0.80175	0.03663	0.01735	0.00707	0.00225	0.00321	0.01574	0.00514	0.00450
61	0.01378	0.01190	0.01252	0.01127	0.01440	0.01378	0.00877	0.02943	0.76081	0.02317	0.02254	0.02066	0.01691	0.00751	0.00564	0.00188	0.00438	0.00626	0.00564	0.00877
62	0.01371	0.01316	0.02248	0.03399	0.77081	0.01316	0.01700	0.01700	0.01261	0.01809	0.01042	0.01371	0.00877	0.00493	0.00548	0.00164	0.00658	0.00493	0.00274	0.00877
63	0.00675	0.00482	0.00643	0.00771	0.00803	0.00450	0.00514	0.00771	0.01060	0.01414	0.03053	0.80175	0.03663	0.01735	0.00707	0.00225	0.00321	0.01574	0.00514	0.00450

[dist]
# distance from previous block
# <min> <max>
0	4

[block]
# block no. 1 follows, 43 sequences, length 24
# corresponding to MSA columns:
# 108-131
name=unknown_B
#
# <colnr> <probs for GDERKNQSTAVLIFYWHMCP>
#	G	D	E	R	K	N	Q	S	T	A	V	L	I	F	Y	W	H	M	C	P
0	0.00665	0.00561	0.00575	0.00572	0.00754	0.00472	0.00429	0.00815	0.01287	0.01554	0.11286	0.05235	0.71145	0.01381	0.00654	0.00186	0.00279	0.01156	0.00522	0.00472
1	0.01307	0.01494	0.03268	0.02334	0.02894	0.01401	0.75070	0.01774	0.01307	0.01774	0.01120	0.01494	0.00840	0.00467	0.00654	0.00187	0.00934	0.00654	0.00280	0.00747
2	0.59045	0.00939	0.00823	0.00735	0.01031	0.01040	0.00593	0.01546	0.01134	0.06734	0.19649	0.01757	0.01788	0.00677	0.00432	0.00172	0.00390	0.00488	0.00428	0.00600
3	0.00673	0.00490	0.00634	0.00749	0.00797	0.00452	0.00504	0.00774	0.01082	0.01423	0.03325	0.72194	0.11468	0.01700	0.00701	0.00221	0.00317	0.01531	0.00514	0.00452
4	0.01614	0.01424	0.01525	0.20516	0.02150	0.10289	0.01120	0.26263	0.24813	0.02369	0.01475	0.01556	0.01097	0.00653	0.00551	0.00175	0.00633	0.00520	0.00450	0.00807
5	0.00722	0.00526	0.00691	0.00804	0.00876	0.00495	0.00590	0.00860	0.01132	0.01479	0.03313	0.54844	0.11783	0.01651	0.00714	0.00228	0.00360	0.17954	0.00513	0.00466
6	0.08228	0.01918	0.32481	0.01744	0.02349	0.01260	0.32704	0.01686	0.01246	0.01868	0.08089	0.01560	0.01173	0.00556	0.00576	0.00180	0.00782	0.00559	0.00298	0.00742
7	0.01300	0.01547	0.06164	0.02305	0.02875	0.01396	0.72228	0.01773	0.01302	0.01773	0.01116	0.01481	0.00835	0.00469	0.00649	0.00186	0.00929	0.00644	0.00278	0.00750
8	0.01046	0.00984	0.01661	0.79205	0.03814	0.01230	0.01538	0.01415	0.01107	0.01415	0.00984	0.01477	0.00738	0.00554	0.00554	0.00185	0.00738	0.00492	0.00246	0.00615
9	0.00704	0.00563	0.00630	0.00613	0.00779	0.00489	0.00460	0.00891	0.01380	0.01775	0.32981	0.04871	0.49312	0.01299	0.00654	0.00182	0.00273	0.01105	0.00551	0.00489
10	0.01435	0.68452	0.09891	0.01096	0.01608	0.02056	0.05860	0.01675	0.01141	0.01376	0.00814	0.00954	0.00718	0.00478	0.00391	0.00128	0.00636	0.00330	0.00239	0.00723
11	0.00655	0.00561	0.00561	0.00561	0.00748	0.00468	0.00421	0.00795	0.01262	0.01496	0.05610	0.05330	0.76857	0.01403	0.00655	0.00187	0.00281	0.01169	0.00514	0.00468
12	0.01046	0.00984	0.01661	0.79205	0.03814	0.01230	0.01538	0.01415	0.01107	0.01415	0.00984	0.01477	0.00738	0.00554	0.00554	0.00185	0.00738	0.00492	0.00246	0.00615
13	0.02034	0.09340	0.01744	0.01300	0.01688	0.29919	0.01049	0.41537	0.02086	0.02502	0.01103	0.01167	0.00836	0.00612	0.00515	0.00153	0.00751	0.00428	0.00426	0.00810
14	0.00791	0.00593	0.00890	0.00890	0.00989	0.00692	0.00692	0.00989	0.00890	0.01286	0.01483	0.02176	0.01385	0.04154	0.78341	0.00890	0.01483	0.00593	0.00297	0.00494
15	0.01353	0.00728	0.00922	0.00797	0.01045	0.00664	0.00624	0.01665	0.06360	0.26489	0.36561	0.03461	0.15042	0.01005	0.00616	0.00176	0.00344	0.00860	0.00616	0.00673
16	0.00675	0.00482	0.00643	0.00771	0.00803	0.00450	0.00514	0.00771	0.01060	0.01414	0.03053	0.80175	0.03663	0.01735	0.00707	0.00225	0.00321	0.01574	0.00514	0.00450
17	0.02010	0.02441	0.01548	0.01390	0.01689	0.66562	0.01052	0.07015	0.08204	0.01579	0.01010	0.01114	0.00814	0.00593	0.00509	0.00148	0.00924	0.00390	0.00327	0.00682
18	0.00791	0.00593	0.00890	0.00890	0.00989	0.00692	0.00692	0.00989	0.00890	0.01286	0.01483	0.02176	0.01385	0.04154	0.78341	0.00890	0.01483	0.00593	0.00297	0.00494
19	0.00687	0.00487	0.00639	0.00756	0.00785	0.00458	0.00497	0.00774	0.01037	0.01382	0.02931	0.73044	0.03509	0.09076	0.00904	0.00254	0.00341	0.01503	0.00497	0.00439
20	0.02314	0.00907	0.01218	0.00946	0.01352	0.00782	0.00777	0.02522	0.01555	0.70388	0.02504	0.02206	0.08403	0.00752	0.00566	0.00173	0.00453	0.00614	0.00670	0.00898
21	0.01458	0.01358	0.01289	0.01162	0.01472	0.10284	0.00899	0.02858	0.67455	0.02205	0.02092	0.01943	0.01577	0.00730	0.00556	0.00183	0.00503	0.00595	0.00531	0.00849
22	0.01030	0.00954	0.01566	0.66024	0.03358	0.01183	0.01419	0.01373	0.01133	0.01480	0.06802	0.01831	0.01165	0.00656	0.00641	0.00190	0.05227	0.03082	0.00283	0.00604
23	0.01147	0.00954	0.01106	0.00854	0.01262	0.00792	0.00667	0.05450	0.06071	0.01863	0.01367	0.11342	0.01274	0.02494	0.00522	0.00122	0.00415	0.00527	0.00380	0.61391

[dist]
# distance from previous block
# <min> <max>
0	1

[block]
# block no. 2 follows, 43 sequences, length 108
# corresponding to MSA columns:
# 133-138,361-388,396-469
name=unknown_C
#
# <colnr> <probs for GDERKNQSTAVLIFYWHMCP>
#	G	D	E	R	K	N	Q	S	T	A	V	L	I	F	Y	W	H	M	C	P
0	0.00675	0.00482	0.00643	0.00771	0.00803	0.00450	0.00514	0.00771	0.01060	0.01414	0.03053	0.80175	0.03663	0.01735	0.00707	0.00225	0.00321	0.01574	0.00514	0.00450
1	0.01307	0.01494	0.03268	0.02334	0.02894	0.01401	0.75070	0.01774	0.01307	0.01774	0.01120	0.01494	0.00840	0.00467	0.00654	0.00187	0.00934	0.00654	0.00280	0.00747
2	0.01468	0.01295	0.01587	0.01282	0.01528	0.03307	0.02378	0.21403	0.03749	0.02051	0.01000	0.01257	0.00836	0.00748	0.01098	0.00184	0.36344	0.00461	0.00356	0.17669
3	0.00805	0.00539	0.00616	0.00616	0.00619	0.00543	0.00350	0.00813	0.00809	0.01082	0.01735	0.03566	0.01988	0.77474	0.05847	0.00551	0.00575	0.00797	0.00334	0.00342
4	0.00784	0.00566	0.00740	0.00697	0.00827	0.00523	0.00523	0.01045	0.01568	0.02221	0.76789	0.04137	0.05226	0.01132	0.00653	0.00174	0.00261	0.01002	0.00610	0.00523
5	0.00809	0.00641	0.00719	0.00679	0.00861	0.00595	0.00515	0.04011	0.06020	0.01916	0.33720	0.04492	0.40543	0.01225	0.00644	0.00181	0.00296	0.01042	0.00557	0.00534
6	0.01307	0.01494	0.03268	0.02334	0.02894	0.01401	0.75070	0.01774	0.01307	0.01774	0.01120	0.01494	0.00840	0.00467	0.00654	0.00187	0.00934	0.00654	0.00280	0.00747
7	0.02473	0.00961	0.01297	0.00994	0.01423	0.00842	0.00821	0.04915	0.01616	0.75205	0.02159	0.01868	0.01358	0.00685	0.00557	0.00171	0.00475	0.00555	0.00681	0.00943
8	0.00675	0.00482	0.00643	0.00771	0.00803	0.00450	0.00514	0.00771	0.01060	0.01414	0.03053	0.80175	0.03663	0.01735	0.00707	0.00225	0.00321	0.01574	0.00514	0.00450
9	0.00738	0.00564	0.00676	0.00648	0.00799	0.00503	0.00486	0.00956	0.01459	0.01963	0.51451	0.04562	0.30725	0.01228	0.00654	0.00179	0.00268	0.01061	0.00576	0.00503
10	0.01791	0.01274	0.01395	0.01155	0.01529	0.01406	0.00926	0.27240	0.39993	0.14166	0.01932	0.01791	0.01390	0.00712	0.00559	0.00178	0.00501	0.00573	0.00579	0.00909
11	0.00675	0.00482	0.00643	0.00771	0.00803	0.00450	0.00514	0.00771	0.01060	0.01414	0.03053	0.80175	0.03663	0.01735	0.00707	0.00225	0.00321	0.01574	0.00514	0.00450
12	0.00675	0.00482	0.00643	0.00771	0.00803	0.00450	0.00514	0.00771	0.01060	0.01414	0.03053	0.80175	0.03663	0.01735	0.00707	0.00225	0.00321	0.01574	0.00514	0.00450
13	0.01879	0.00808	0.01091	0.00883	0.01205	0.00710	0.00710	0.02110	0.01579	0.50667	0.28755	0.02687	0.02744	0.00845	0.00591	0.00172	0.00396	0.00715	0.00658	0.00793
14	0.01371	0.01316	0.02248	0.03399	0.77081	0.01316	0.01700	0.01700	0.01261	0.01809	0.01042	0.01371	0.00877	0.00493	0.00548	0.00164	0.00658	0.00493	0.00274	0.00877
15	0.00669	0.00571	0.00577	0.00579	0.00763	0.00485	0.00433	0.00837	0.02736	0.01510	0.05463	0.07627	0.73060	0.01400	0.00654	0.00188	0.00285	0.01171	0.00515	0.00475
16	0.01378	0.01190	0.01252	0.01127	0.01440	0.01378	0.00877	0.02943	0.76081	0.02317	0.02254	0.02066	0.01691	0.00751	0.00564	0.00188	0.00438	0.00626	0.00564	0.00877
17	0.01371	0.01316	0.02248	0.03399	0.77081	0.01316	0.01700	0.01700	0.01261	0.01809	0.01042	0.01371	0.00877	0.00493	0.00548	0.00164	0.00658	0.00493	0.00274	0.00877
18	0.00750	0.00541	0.00743	0.00792	0.00847	0.00571	0.00558	0.00872	0.00939	0.01295	0.02128	0.32071	0.02367	0.17413	0.34835	0.00572	0.00866	0.01005	0.00386	0.00448
19	0.50827	0.00896	0.00748	0.00679	0.00950	0.01006	0.00546	0.05006	0.01099	0.02383	0.01167	0.01335	0.00908	0.00568	0.00369	0.00156	0.00376	0.00386	0.30009	0.00586
20	0.00962	0.00481	0.00722	0.00722	0.00722	0.00481	0.00481	0.00722	0.00722	0.00962	0.00962	0.01684	0.00962	0.01924	0.02165	0.83886	0.00481	0.00481	0.00241	0.00241
21	0.00759	0.00542	0.00602	0.00605	0.00662	0.00514	0.00375	0.00813	0.00975	0.01258	0.06644	0.07515	0.21739	0.52354	0.02050	0.00413	0.00446	0.00944	0.00404	0.00385
22	0.01481	0.80869	0.02902	0.00948	0.01421	0.02191	0.00948	0.01658	0.01125	0.01303	0.00770	0.00888	0.00711	0.00474	0.00355	0.00118	0.00592	0.00296	0.00237	0.00711
23	0.01435	0.03024	0.01304	0.01136	0.01415	0.05865	0.02897	0.19657	0.17830	0.05270	0.03885	0.08755	0.02054	0.01010	0.00626	0.00199	0.00541	0.21852	0.00516	0.00727
24	0.00822	0.00619	0.00889	0.00875	0.00955	0.00724	0.00666	0.00990	0.00882	0.01277	0.01483	0.02316	0.01434	0.14305	0.61975	0.00788	0.05761	0.00614	0.02144	0.00480
25	0.01270	0.01916	0.31453	0.02694	0.48160	0.01304	0.01834	0.01721	0.01226	0.01788	0.01023	0.01293	0.00809	0.00506	0.00540	0.00169	0.00720	0.00461	0.00259	0.00855
26	0.23722	0.17393	0.07080	0.09169	0.01894	0.09188	0.11518	0.06027	0.01218	0.01865	0.00896	0.01113	0.00716	0.00547	0.00543	0.00166	0.05561	0.00405	0.00296	0.00684
27	0.01119	0.04636	0.75969	0.01564	0.02375	0.01307	0.02021	0.01752	0.01168	0.01744	0.00989	0.01163	0.00702	0.00525	0.00522	0.00174	0.00813	0.00407	0.00234	0.00816
28	0.00782	0.00569	0.00798	0.00869	0.00940	0.00598	0.00659	0.00934	0.01029	0.01399	0.02369	0.32513	0.02633	0.05672	0.25964	0.02428	0.02370	0.16579	0.00424	0.00471
29	0.00744	0.00565	0.00685	0.00655	0.00803	0.00506	0.00491	0.00968	0.01474	0.01998	0.54925	0.04503	0.27229	0.01215	0.00654	0.00178	0.00267	0.01053	0.00580	0.00506
30	0.00805	0.00537	0.00604	0.00604	0.00604	0.00537	0.00336	0.00805	0.00805	0.01074	0.01745	0.03624	0.02013	0.80536	0.02819	0.00537	0.00537	0.00805	0.00336	0.00336
31	0.01255	0.01392	0.02947	0.17704	0.03078	0.01367	0.60368	0.01702	0.01267	0.01702	0.01093	0.01490	0.00820	0.00484	0.00634	0.00186	0.00895	0.00621	0.00273	0.00721
32	0.01945	0.02371	0.01663	0.01707	0.12923	0.62556	0.01157	0.04012	0.03826	0.01507	0.00938	0.01095	0.00773	0.00567	0.00510	0.00148	0.00921	0.00389	0.00299	0.00692
33	0.00663	0.00526	0.00597	0.00653	0.00772	0.00460	0.00462	0.00784	0.01174	0.01460	0.04492	0.38050	0.44859	0.01548	0.00677	0.00204	0.00298	0.01346	0.00514	0.00460
34	0.00775	0.08639	0.00879	0.00772	0.00857	0.00639	0.00548	0.00890	0.01102	0.01462	0.10015	0.60123	0.03421	0.06200	0.00791	0.00228	0.00356	0.01343	0.00485	0.00477
35	0.01205	0.02133	0.39949	0.01870	0.02534	0.01314	0.34035	0.03609	0.01262	0.01794	0.01141	0.04483	0.00887	0.00552	0.00590	0.00182	0.00844	0.00566	0.00274	0.00775
36	0.01509	0.77152	0.02839	0.00970	0.01435	0.05809	0.00953	0.01685	0.01146	0.01306	0.00774	0.00894	0.00711	0.00478	0.00362	0.00120	0.00612	0.00299	0.00239	0.00707
37	0.00784	0.00566	0.00740	0.00697	0.00827	0.00523	0.00523	0.01045	0.01568	0.02221	0.76789	0.04137	0.05226	0.01132	0.00653	0.00174	0.00261	0.01002	0.00610	0.00523
38	0.01368	0.01324	0.02296	0.03349	0.73556	0.01320	0.05186	0.01703	0.01263	0.01808	0.01045	0.01377	0.00876	0.00492	0.00553	0.00166	0.00671	0.00501	0.00274	0.00871
39	0.01287	0.02023	0.36624	0.02239	0.31800	0.01328	0.01746	0.05343	0.08734	0.01914	0.01154	0.01346	0.00881	0.00542	0.00540	0.00172	0.00707	0.00468	0.00298	0.00853
40	0.00805	0.00537	0.00604	0.00604	0.00604	0.00537	0.00336	0.00805	0.00805	0.01074	0.01745	0.03624	0.02013	0.80536	0.02819	0.00537	0.00537	0.00805	0.00336	0.00336
41	0.00675	0.00482	0.00643	0.00771	0.00803	0.00450	0.00514	0.00771	0.01060	0.01414	0.03053	0.80175	0.03663	0.01735	0.00707	0.00225	0.00321	0.01574	0.00514	0.00450
42	0.28959	0.01328	0.02301	0.01880	0.09771	0.01339	0.41119	0.01746	0.02950	0.02027	0.01023	0.01297	0.00784	0.00492	0.00537	0.00179	0.00726	0.00519	0.00307	0.00714
43	0.82196	0.01057	0.00812	0.00727	0.01064	0.01223	0.00598	0.01612	0.00959	0.02478	0.02817	0.00987	0.00724	0.00531	0.00351	0.00171	0.00424	0.00319	0.00350	0.00598
44	0.02105	0.01551	0.01662	0.01274	0.01717	0.01717	0.01053	0.75235	0.02604	0.03490	0.01330	0.01330	0.00942	0.00665	0.00554	0.00166	0.00609	0.00499	0.00554	0.00942
45	0.00836	0.00589	0.00764	0.00713	0.00855	0.00549	0.00537	0.01126	0.03274	0.03944	0.73376	0.04038	0.05057	0.01113	0.00649	0.00174	0.00270	0.00983	0.00610	0.00540
46	0.01129	0.06656	0.74033	0.01548	0.02350	0.01330	0.01993	0.01749	0.01167	0.01732	0.00983	0.01156	0.00702	0.00524	0.00518	0.00173	0.00808	0.00404	0.00234	0.00813
47	0.01212	0.01212	0.01696	0.01454	0.01454	0.01696	0.01212	0.01333	0.00848	0.01333	0.00727	0.01212	0.00727	0.00969	0.01818	0.00242	0.79523	0.00485	0.00242	0.00606
48	0.01032	0.00516	0.00516	0.00516	0.00645	0.00516	0.00387	0.01290	0.01161	0.02065	0.01807	0.02065	0.01420	0.00645	0.00387	0.00129	0.00258	0.00516	0.83611	0.00516
49	0.01110	0.00896	0.01040	0.01007	0.01227	0.00980	0.00809	0.02015	0.38363	0.02099	0.17631	0.03748	0.02861	0.01064	0.00643	0.00205	0.00424	0.22626	0.00557	0.00694
50	0.00671	0.00560	0.00575	0.00572	0.00745	0.00475	0.00423	0.00811	0.01256	0.01519	0.09955	0.05158	0.68080	0.05813	0.00776	0.00206	0.00294	0.01138	0.00510	0.00464
51	0.80553	0.01065	0.00836	0.00741	0.01087	0.01222	0.00610	0.01679	0.00973	0.06048	0.00838	0.00947	0.00636	0.00522	0.00353	0.00171	0.00430	0.00312	0.00359	0.00616
52	0.00784	0.00566	0.00740	0.00697	0.00827	0.00523	0.00523	0.01045	0.01568	0.02221	0.76789	0.04137	0.05226	0.01132	0.00653	0.00174	0.00261	0.01002	0.00610	0.00523
53	0.01314	0.01476	0.03165	0.02442	0.10412	0.01392	0.67635	0.01767	0.01303	0.01778	0.01112	0.01481	0.00844	0.00470	0.00643	0.00184	0.00906	0.00637	0.00280	0.00760
54	0.00655	0.00561	0.00561	0.00561	0.00748	0.00468	0.00421	0.00795	0.01262	0.01496	0.05610	0.05330	0.76857	0.01403	0.00655	0.00187	0.00281	0.01169	0.00514	0.00468
55	0.00675	0.00482	0.00643	0.00771	0.00803	0.00450	0.00514	0.00771	0.01060	0.01414	0.03053	0.80175	0.03663	0.01735	0.00707	0.00225	0.00321	0.01574	0.00514	0.00450
56	0.02061	0.01529	0.01637	0.01265	0.01701	0.01697	0.01042	0.70808	0.07104	0.03419	0.01386	0.01375	0.00988	0.00670	0.00555	0.00168	0.00599	0.00506	0.00555	0.00938
57	0.01307	0.01494	0.03268	0.02334	0.02894	0.01401	0.75070	0.01774	0.01307	0.01774	0.01120	0.01494	0.00840	0.00467	0.00654	0.00187	0.00934	0.00654	0.00280	0.00747
58	0.00675	0.00482	0.00643	0.00771	0.00803	0.00450	0.00514	0.00771	0.01060	0.01414	0.03053	0.80175	0.03663	0.01735	0.00707	0.00225	0.00321	0.01574	0.00514	0.00450
59	0.01047	0.00843	0.00968	0.00888	0.01099	0.00902	0.00680	0.01887	0.34634	0.02263	0.43713	0.03218	0.03657	0.00963	0.00613	0.00180	0.00340	0.00835	0.00589	0.00680
60	0.01183	0.00822	0.00940	0.00838	0.01041	0.00850	0.00645	0.21031	0.03337	0.02406	0.28591	0.14996	0.03009	0.00999	0.00581	0.00172	0.00368	0.00855	0.16706	0.00630
61	0.01119	0.04673	0.75933	0.01564	0.02374	0.01307	0.02021	0.01752	0.01168	0.01743	0.00989	0.01163	0.00702	0.00525	0.00522	0.00174	0.00813	0.00407	0.00234	0.00816
62	0.00892	0.00637	0.00892	0.01020	0.01147	0.00637	0.00892	0.01147	0.01275	0.01657	0.02932	0.06247	0.03187	0.01530	0.00765	0.00255	0.00510	0.73354	0.00510	0.00510
63	0.02069	0.02640	0.01569	0.01427	0.01712	0.78313	0.01070	0.02212	0.01569	0.01355	0.00856	0.00999	0.00713	0.00571	0.00499	0.00143	0.00999	0.00357	0.00285	0.00642
64	0.01695	0.01498	0.02372	0.01738	0.02237	0.01526	0.34895	0.38119	0.01942	0.02625	0.01218	0.01396	0.00890	0.00562	0.00593	0.00172	0.00748	0.00561	0.00418	0.04796
65	0.00875	0.00846	0.01419	0.01144	0.01430	0.00763	0.23227	0.01126	0.01287	0.01634	0.08831	0.07946	0.41548	0.01122	0.00662	0.00191	0.00491	0.04451	0.00449	0.00558
66	0.01395	0.00914	0.01080	0.00902	0.01169	0.00921	0.00715	0.23873	0.01868	0.12121	0.40093	0.03065	0.07659	0.00949	0.00611	0.00172	0.00395	0.00802	0.00597	0.00701
67	0.01126	0.05992	0.74669	0.01553	0.02358	0.01323	0.02002	0.01750	0.01168	0.01736	0.00985	0.01158	0.00702	0.00524	0.00519	0.00173	0.00809	0.00405	0.00234	0.00814
68	0.01155	0.00784	0.00947	0.00896	0.01102	0.00786	0.00695	0.06538	0.14662	0.10350	0.16318	0.21391	0.08522	0.01179	0.00641	0.00197	0.00391	0.10342	0.00557	0.02545
69	0.01838	0.52404	0.02326	0.00961	0.01419	0.01701	0.00900	0.02029	0.01289	0.28428	0.01274	0.01243	0.00946	0.00549	0.00427	0.00137	0.00549	0.00389	0.00397	0.00793
70	0.03207	0.00653	0.00797	0.00705	0.00913	0.00609	0.00548	0.01555	0.01413	0.20787	0.29888	0.02768	0.02811	0.00834	0.00528	0.00157	0.00316	0.00703	0.30183	0.00626
71	0.01774	0.02123	0.01666	0.01460	0.01668	0.49669	0.03450	0.03776	0.01359	0.01416	0.00836	0.01090	0.00728	0.00696	0.00923	0.00176	0.25861	0.00410	0.00278	0.00642
72	0.00677	0.00491	0.00639	0.00753	0.00800	0.00453	0.00507	0.00782	0.01092	0.01446	0.05575	0.72057	0.09305	0.01691	0.00701	0.00220	0.00316	0.01525	0.00517	0.00453
73	0.01782	0.01453	0.01476	0.01218	0.01595	0.05919	0.00976	0.39170	0.34984	0.02851	0.01711	0.01636	0.01259	0.00698	0.00555	0.00174	0.00556	0.00547	0.00543	0.00896
74	0.00879	0.00595	0.00664	0.00642	0.00667	0.00604	0.00376	0.05034	0.00908	0.01211	0.01721	0.03494	0.01953	0.75999	0.02690	0.00516	0.00541	0.00788	0.00348	0.00370
75	0.01644	0.01288	0.01419	0.01132	0.01516	0.01377	0.00913	0.38217	0.16833	0.02698	0.01515	0.05914	0.01212	0.00705	0.00592	0.00160	0.04044	0.00550	0.00494	0.17778
76	0.01338	0.01278	0.02158	0.11011	0.67346	0.01309	0.01658	0.01709	0.03531	0.01785	0.01073	0.01403	0.00888	0.00507	0.00549	0.00167	0.00659	0.00497	0.00280	0.00851
77	0.01606	0.01810	0.01707	0.01469	0.01646	0.32868	0.05331	0.05845	0.01280	0.01498	0.00905	0.01306	0.00818	0.00779	0.01110	0.00195	0.36152	0.02742	0.00288	0.00644
78	0.00986	0.00907	0.01519	0.63277	0.03253	0.01095	0.03172	0.01309	0.01104	0.01424	0.01358	0.15553	0.01264	0.00763	0.00584	0.00192	0.00669	0.00690	0.00295	0.00589
79	0.01272	0.01215	0.02069	0.26525	0.54731	0.01290	0.01650	0.01613	0.01214	0.01689	0.01024	0.01403	0.00835	0.00512	0.00550	0.00171	0.00682	0.00493	0.00266	0.00797
80	0.00655	0.00561	0.00561	0.00561	0.00748	0.00468	0.00421	0.00795	0.01262	0.01496	0.05610	0.05330	0.76857	0.01403	0.00655	0.00187	0.00281	0.01169	0.00514	0.00468
81	0.02259	0.00993	0.01279	0.01014	0.01419	0.00929	0.00827	0.02749	0.16750	0.62168	0.02199	0.01922	0.01436	0.00699	0.00558	0.00175	0.00465	0.00571	0.00661	0.00929
82	0.03582	0.01162	0.01219	0.01040	0.01356	0.01305	0.00825	0.24523	0.36942	0.02627	0.01847	0.01814	0.01382	0.00698	0.00520	0.00169	0.00454	0.00557	0.17160	0.00818
83	0.01605	0.01230	0.01307	0.01115	0.01409	0.04915	0.00880	0.45263	0.02016	0.02661	0.01915	0.25772	0.01877	0.01031	0.00609	0.00187	0.00535	0.04393	0.00527	0.00755
84	0.00797	0.00572	0.00780	0.00780	0.00841	0.00632	0.00555	0.00918	0.00857	0.01204	0.01584	0.02734	0.01627	0.33609	0.49218	0.00754	0.01118	0.00675	0.00312	0.00433
85	0.01025	0.00956	0.01603	0.74749	0.03643	0.01186	0.01480	0.01378	0.01105	0.01415	0.01102	0.05948	0.00904	0.00621	0.00562	0.00187	0.00715	0.00554	0.00261	0.00606
86	0.01481	0.80869	0.02902	0.00948	0.01421	0.02191	0.00948	0.01658	0.01125	0.01303	0.00770	0.00888	0.00711	0.00474	0.00355	0.00118	0.00592	0.00296	0.00237	0.00711
87	0.01456	0.01397	0.02403	0.02142	0.17502	0.01428	0.33096	0.15349	0.10317	0.02134	0.01306	0.03358	0.01029	0.00592	0.00651	0.00182	0.03873	0.00604	0.00367	0.00812
88	0.01229	0.01302	0.02681	0.02175	0.10069	0.01237	0.52523	0.01639	0.01296	0.01754	0.01481	0.02449	0.01322	0.00686	0.00666	0.00198	0.00819	0.15436	0.00326	0.00712
89	0.00675	0.00482	0.00643	0.00771	0.00803	0.00450	0.00514	0.00771	0.01060	0.01414	0.03053	0.80175	0.03663	0.01735	0.00707	0.00225	0.00321	0.01574	0.00514	0.00450
90	0.00790	0.00581	0.00837	0.00841	0.00922	0.00660	0.00630	0.00953	0.00882	0.01256	0.01574	0.04866	0.01556	0.16172	0.63933	0.00813	0.01297	0.00658	0.00310	0.00468
91	0.01405	0.64906	0.18203	0.01077	0.01621	0.02006	0.01172	0.01678	0.01134	0.01395	0.00816	0.00946	0.00709	0.00485	0.00390	0.00130	0.00639	0.00319	0.00236	0.00733
92	0.00884	0.00758	0.00782	0.00742	0.00967	0.00754	0.00566	0.01474	0.24722	0.01770	0.06188	0.04280	0.51654	0.01192	0.00626	0.00187	0.00330	0.00995	0.00532	0.00597
93	0.00805	0.00537	0.00604	0.00604	0.00604	0.00537	0.00336	0.00805	0.00805	0.01074	0.01745	0.03624	0.02013	0.80536	0.02819	0.00537	0.00537	0.00805	0.00336	0.00336
94	0.00668	0.00510	0.00614	0.00696	0.00784	0.00456	0.00481	0.00780	0.01132	0.01443	0.03964	0.53519	0.29731	0.01617	0.00688	0.00211	0.00307	0.01430	0.00514	0.00456
95	0.00675	0.00482	0.00643	0.00771	0.00803	0.00450	0.00514	0.00771	0.01060	0.01414	0.03053	0.80175	0.03663	0.01735	0.00707	0.00225	0.00321	0.01574	0.00514	0.00450
96	0.02221	0.01366	0.01547	0.01186	0.01625	0.01442	0.00980	0.53107	0.02293	0.26057	0.01591	0.01499	0.01073	0.00671	0.00555	0.00168	0.00567	0.00516	0.00594	0.00942
97	0.01032	0.00516	0.00516	0.00516	0.00645	0.00516	0.00387	0.01290	0.01161	0.02065	0.01807	0.02065	0.01420	0.00645	0.00387	0.00129	0.00258	0.00516	0.83611	0.00516
98	0.01803	0.01700	0.06858	0.01273	0.01678	0.13455	0.01070	0.36237	0.25228	0.02672	0.01521	0.01497	0.01123	0.00667	0.00547	0.00170	0.00631	0.00510	0.00493	0.00866
99	0.00675	0.00482	0.00643	0.00771	0.00803	0.00450	0.00514	0.00771	0.01060	0.01414	0.03053	0.80175	0.03663	0.01735	0.00707	0.00225	0.00321	0.01574	0.00514	0.00450
100	0.00675	0.00482	0.00643	0.00771	0.00803	0.00450	0.00514	0.00771	0.01060	0.01414	0.03053	0.80175	0.03663	0.01735	0.00707	0.00225	0.00321	0.01574	0.00514	0.00450
101	0.01488	0.01050	0.01143	0.00943	0.01248	0.02863	0.00754	0.31127	0.01913	0.10159	0.19444	0.02995	0.20636	0.00952	0.00600	0.00173	0.00445	0.00779	0.00564	0.00724
102	0.01417	0.01391	0.02063	0.09498	0.02237	0.05900	0.27393	0.08046	0.31683	0.02069	0.01567	0.01682	0.01175	0.00613	0.00590	0.00183	0.00691	0.00597	0.00413	0.00795
103	0.02485	0.00943	0.01285	0.00985	0.01414	0.00814	0.00814	0.02699	0.01585	0.77465	0.02185	0.01885	0.01371	0.00685	0.00557	0.00171	0.00471	0.00557	0.00685	0.00943
104	0.01162	0.01102	0.01870	0.52207	0.29908	0.01261	0.01596	0.01516	0.01162	0.01555	0.01005	0.01439	0.00788	0.00532	0.00552	0.00177	0.00710	0.00493	0.00256	0.00709
105	0.01409	0.65770	0.17374	0.01070	0.01610	0.02016	0.01160	0.01677	0.01134	0.01390	0.00813	0.00943	0.00709	0.00484	0.00388	0.00129	0.00636	0.00318	0.00236	0.00732
106	0.02075	0.02471	0.01584	0.01403	0.01713	0.66426	0.01067	0.13544	0.01730	0.01687	0.00930	0.01050	0.00749	0.00585	0.00508	0.00146	0.00938	0.00379	0.00327	0.00689
107	0.01635	0.01254	0.01314	0.02529	0.01441	0.06427	0.00882	0.41248	0.02075	0.04114	0.18471	0.02362	0.03841	0.00827	0.00579	0.00170	0.00526	0.04759	0.04785	0.00764

[dist]
# distance from previous block
# <min> <max>
2	7

[block]
# block no. 3 follows, 43 sequences, length 9
# corresponding to MSA columns:
# 477-485
name=unknown_D
#
# <colnr> <probs for GDERKNQSTAVLIFYWHMCP>
#	G	D	E	R	K	N	Q	S	T	A	V	L	I	F	Y	W	H	M	C	P
0	0.01901	0.02243	0.01687	0.01647	0.10137	0.57170	0.05078	0.04262	0.01529	0.04027	0.01050	0.04721	0.00902	0.00616	0.00526	0.00153	0.00897	0.00454	0.00316	0.00684
1	0.00811	0.00539	0.00669	0.00690	0.00737	0.00559	0.00460	0.00911	0.00916	0.01315	0.01900	0.15428	0.02044	0.38076	0.20897	0.00519	0.00699	0.00838	0.11574	0.00418
2	0.01027	0.00623	0.00842	0.00893	0.01036	0.00587	0.00716	0.01221	0.01268	0.12162	0.07451	0.28398	0.07324	0.01445	0.00705	0.00225	0.00418	0.32566	0.00542	0.00550
3	0.01481	0.80869	0.02902	0.00948	0.01421	0.02191	0.00948	0.01658	0.01125	0.01303	0.00770	0.00888	0.00711	0.00474	0.00355	0.00118	0.00592	0.00296	0.00237	0.00711
4	0.01223	0.08203	0.65805	0.01508	0.02270	0.01387	0.01883	0.08162	0.01291	0.01874	0.01008	0.01164	0.00723	0.00535	0.00517	0.00171	0.00784	0.00409	0.00262	0.00822
5	0.02102	0.01141	0.01367	0.01068	0.01478	0.01126	0.00871	0.26841	0.06343	0.38844	0.01862	0.05724	0.01326	0.00718	0.00554	0.00167	0.00503	0.00578	0.00600	0.06787
6	0.01307	0.01494	0.03268	0.02334	0.02894	0.01401	0.75070	0.01774	0.01307	0.01774	0.01120	0.01494	0.00840	0.00467	0.00654	0.00187	0.00934	0.00654	0.00280	0.00747
7	0.01337	0.01510	0.02877	0.02254	0.09218	0.06752	0.56757	0.01739	0.01295	0.01714	0.01236	0.01571	0.03565	0.00537	0.00696	0.00185	0.05109	0.00628	0.00286	0.00734
8	0.47881	0.01060	0.01038	0.00867	0.01239	0.01136	0.00711	0.05420	0.06963	0.26743	0.01367	0.01327	0.00948	0.00594	0.00438	0.00172	0.00451	0.00417	0.00480	0.00747

[dist]
# distance from previous block
# <min> <max>
0	3

[block]
# block no. 4 follows, 43 sequences, length 45
# corresponding to MSA columns:
# 489-533
name=unknown_E
#
# <colnr> <probs for GDERKNQSTAVLIFYWHMCP>
#	G	D	E	R	K	N	Q	S	T	A	V	L	I	F	Y	W	H	M	C	P
0	0.00675	0.00482	0.00643	0.00771	0.00803	0.00450	0.00514	0.00771	0.01060	0.01414	0.03053	0.80175	0.03663	0.01735	0.00707	0.00225	0.00321	0.01574	0.00514	0.00450
1	0.00732	0.00560	0.00612	0.00623	0.00740	0.00509	0.00440	0.00839	0.01116	0.01386	0.05795	0.04809	0.42502	0.28324	0.01401	0.00312	0.00389	0.08027	0.00455	0.00428
2	0.01647	0.01297	0.01397	0.01181	0.01534	0.01460	0.00953	0.33653	0.38346	0.02762	0.01917	0.02108	0.01498	0.00781	0.00577	0.00184	0.00517	0.06760	0.00555	0.00873
3	0.01261	0.11672	0.02080	0.01514	0.01657	0.01719	0.11803	0.01439	0.00950	0.01392	0.00789	0.01210	0.00741	0.00832	0.01459	0.00218	0.57891	0.00484	0.00247	0.00640
4	0.00729	0.00524	0.00691	0.00734	0.00815	0.00486	0.00518	0.00907	0.01313	0.01815	0.39739	0.42344	0.04440	0.01435	0.00680	0.00200	0.00291	0.01289	0.00562	0.00486
5	0.00675	0.00482	0.00643	0.00771	0.00803	0.00450	0.00514	0.00771	0.01060	0.01414	0.03053	0.80175	0.03663	0.01735	0.00707	0.00225	0.00321	0.01574	0.00514	0.00450
6	0.01159	0.01677	0.23225	0.42737	0.03172	0.05825	0.11272	0.01604	0.01178	0.01554	0.00997	0.01364	0.00740	0.00536	0.00556	0.00180	0.00802	0.00482	0.00249	0.00691
7	0.00675	0.00482	0.00643	0.00771	0.00803	0.00450	0.00514	0.00771	0.01060	0.01414	0.03053	0.80175	0.03663	0.01735	0.00707	0.00225	0.00321	0.01574	0.00514	0.00450
8	0.01971	0.01057	0.01270	0.01051	0.01426	0.01075	0.00843	0.02812	0.36137	0.42610	0.02217	0.01969	0.01519	0.00716	0.00560	0.00179	0.00456	0.00589	0.00629	0.00912
9	0.01239	0.01176	0.01965	0.34026	0.43923	0.01284	0.01597	0.01641	0.04619	0.01673	0.01074	0.01445	0.00858	0.00530	0.00551	0.00174	0.00680	0.00499	0.00276	0.00771
10	0.02069	0.02640	0.01569	0.01427	0.01712	0.78313	0.01070	0.02212	0.01569	0.01355	0.00856	0.00999	0.00713	0.00571	0.00499	0.00143	0.00999	0.00357	0.00285	0.00642
11	0.01032	0.00516	0.00516	0.00516	0.00645	0.00516	0.00387	0.01290	0.01161	0.02065	0.01807	0.02065	0.01420	0.00645	0.00387	0.00129	0.00258	0.00516	0.83611	0.00516
12	0.00675	0.00482	0.00643	0.00771	0.00803	0.00450	0.00514	0.00771	0.01060	0.01414	0.03053	0.80175	0.03663	0.01735	0.00707	0.00225	0.00321	0.01574	0.00514	0.00450
13	0.02105	0.01551	0.01662	0.01274	0.01717	0.01717	0.01053	0.75235	0.02604	0.03490	0.01330	0.01330	0.00942	0.00665	0.00554	0.00166	0.00609	0.00499	0.00554	0.00942
14	0.00803	0.00548	0.00662	0.00662	0.00682	0.00568	0.00407	0.00842	0.00822	0.01116	0.01692	0.03333	0.01887	0.65160	0.18022	0.00608	0.00727	0.00763	0.00328	0.00368
15	0.01481	0.80869	0.02902	0.00948	0.01421	0.02191	0.00948	0.01658	0.01125	0.01303	0.00770	0.00888	0.00711	0.00474	0.00355	0.00118	0.00592	0.00296	0.00237	0.00711
16	0.00805	0.00537	0.00604	0.00604	0.00604	0.00537	0.00336	0.00805	0.00805	0.01074	0.01745	0.03624	0.02013	0.80536	0.02819	0.00537	0.00537	0.00805	0.00336	0.00336
17	0.00758	0.00576	0.00641	0.00617	0.00796	0.00496	0.00466	0.00938	0.01367	0.04369	0.27217	0.04846	0.52358	0.01295	0.00651	0.00183	0.00281	0.01096	0.00549	0.00501
18	0.84448	0.01071	0.00814	0.00728	0.01071	0.01242	0.00600	0.01628	0.00943	0.02485	0.00771	0.00900	0.00600	0.00514	0.00343	0.00171	0.00428	0.00300	0.00343	0.00600
19	0.02026	0.01288	0.01452	0.01156	0.01561	0.01377	0.00941	0.36404	0.21067	0.23979	0.01806	0.01674	0.01253	0.00693	0.00557	0.00173	0.00527	0.00548	0.00593	0.00925
20	0.01901	0.01450	0.01547	0.01233	0.01640	0.01622	0.01003	0.54920	0.23252	0.03161	0.01589	0.01537	0.01152	0.00689	0.00557	0.00172	0.00561	0.00534	0.00557	0.00924
21	0.01855	0.01083	0.01267	0.01066	0.01429	0.01134	0.00850	0.02838	0.43946	0.34734	0.02224	0.01988	0.01553	0.00723	0.00561	0.00181	0.00453	0.00596	0.00616	0.00905
22	0.01481	0.80869	0.02902	0.00948	0.01421	0.02191	0.00948	0.01658	0.01125	0.01303	0.00770	0.00888	0.00711	0.00474	0.00355	0.00118	0.00592	0.00296	0.00237	0.00711
23	0.01122	0.05324	0.75310	0.01559	0.02366	0.01315	0.02012	0.01751	0.01168	0.01740	0.00987	0.01160	0.00702	0.00525	0.00521	0.00174	0.00811	0.00406	0.00234	0.00815
24	0.02105	0.01551	0.01662	0.01274	0.01717	0.01717	0.01053	0.75235	0.02604	0.03490	0.01330	0.01330	0.00942	0.00665	0.00554	0.00166	0.00609	0.00499	0.00554	0.00942
25	0.02116	0.01270	0.01456	0.01145	0.01561	0.01334	0.00937	0.36714	0.14899	0.29869	0.01796	0.01656	0.01225	0.00687	0.00557	0.00172	0.00530	0.00542	0.00603	0.00931
26	0.01481	0.80869	0.02902	0.00948	0.01421	0.02191	0.00948	0.01658	0.01125	0.01303	0.00770	0.00888	0.00711	0.00474	0.00355	0.00118	0.00592	0.00296	0.00237	0.00711
27	0.01457	0.75780	0.07780	0.00989	0.01485	0.02132	0.01019	0.01665	0.01128	0.01332	0.00785	0.00907	0.00710	0.00477	0.00367	0.00122	0.00607	0.00304	0.00237	0.00718
28	0.00811	0.00606	0.00783	0.00875	0.01013	0.00577	0.00735	0.01024	0.01257	0.01596	0.03693	0.10813	0.23921	0.01508	0.00730	0.00234	0.00433	0.48385	0.00511	0.00494
29	0.02070	0.01886	0.01490	0.01268	0.01618	0.37017	0.00990	0.17307	0.11531	0.17238	0.01403	0.01384	0.01020	0.00637	0.00531	0.00159	0.00740	0.00461	0.00457	0.00794
30	0.01703	0.01705	0.01413	0.01244	0.01567	0.26019	0.00964	0.13131	0.41671	0.02179	0.01674	0.01619	0.01270	0.00681	0.00542	0.00170	0.00642	0.00522	0.00473	0.00811
31	0.00775	0.00566	0.00729	0.00688	0.00822	0.00519	0.00516	0.01029	0.01548	0.02174	0.72145	0.04215	0.09899	0.01150	0.00653	0.00175	0.00263	0.01013	0.00603	0.00519
