[name]
unknown

[dist]
# distance from previous block
# <min> <max>
20	67

[block]
# block no. 0 follows, 51 sequences, length 6
# corresponding to MSA columns:
# 80-85
name=unknown_A
#
# <colnr> <probs for GDERKNQSTAVLIFYWHMCP>
#	G	D	E	R	K	N	Q	S	T	A	V	L	I	F	Y	W	H	M	C	P
0	0.19368	0.26332	0.07967	0.00900	0.01288	0.08083	0.00831	0.01819	0.05568	0.21897	0.01107	0.01108	0.00811	0.00502	0.00393	0.00137	0.00507	0.00353	0.00353	0.00674
1	0.00762	0.00604	0.00615	0.00611	0.00712	0.05795	0.00430	0.00899	0.01101	0.01472	0.24039	0.14321	0.19110	0.16791	0.00921	0.00219	0.00333	0.00871	0.09974	0.00419
2	0.00854	0.00427	0.00640	0.00640	0.00640	0.00427	0.00427	0.00640	0.00640	0.00854	0.00854	0.01494	0.00854	0.01707	0.01921	0.85702	0.00427	0.00427	0.00213	0.00213
3	0.01102	0.01761	0.36623	0.10362	0.15441	0.01160	0.17597	0.01537	0.01074	0.04363	0.00942	0.01182	0.00701	0.00473	0.00539	0.00159	0.03613	0.00436	0.00238	0.00700
4	0.01076	0.00968	0.01533	0.62828	0.11715	0.01154	0.01328	0.10742	0.01162	0.01522	0.00917	0.01284	0.00691	0.00497	0.00491	0.00160	0.00633	0.00438	0.00255	0.00608
5	0.01104	0.00923	0.04716	0.00814	0.01139	0.00791	0.00668	0.12906	0.04337	0.04690	0.06419	0.05042	0.01302	0.08897	0.07239	0.00204	0.00488	0.00484	0.00360	0.37474

[dist]
# distance from previous block
# <min> <max>
7	12

[block]
# block no. 1 follows, 51 sequences, length 19
# corresponding to MSA columns:
# 100-118
name=unknown_B
#
# <colnr> <probs for GDERKNQSTAVLIFYWHMCP>
#	G	D	E	R	K	N	Q	S	T	A	V	L	I	F	Y	W	H	M	C	P
0	0.44040	0.18755	0.13129	0.00931	0.01330	0.07392	0.05347	0.01514	0.00962	0.01772	0.00737	0.00869	0.00587	0.00452	0.00358	0.00141	0.00528	0.00302	0.00263	0.00593
1	0.19540	0.13391	0.05648	0.00979	0.01364	0.03038	0.00860	0.35537	0.06632	0.06933	0.01075	0.01099	0.00791	0.00534	0.00424	0.00144	0.00505	0.00382	0.00398	0.00726
2	0.01037	0.00791	0.00908	0.00797	0.01025	0.00798	0.00612	0.08130	0.22560	0.04711	0.21425	0.09359	0.04437	0.05994	0.00643	0.00171	0.00354	0.02433	0.00463	0.13352
3	0.00817	0.00859	0.11070	0.00902	0.05614	0.00632	0.02850	0.01095	0.02771	0.03830	0.38078	0.07320	0.16641	0.00911	0.00549	0.00155	0.00353	0.00796	0.00443	0.04314
4	0.00696	0.00524	0.00650	0.00727	0.00792	0.00526	0.00499	0.00975	0.12638	0.01365	0.02563	0.67628	0.02938	0.04139	0.00671	0.00204	0.00307	0.01248	0.00457	0.00453
5	0.00990	0.00880	0.01306	0.43993	0.02326	0.05049	0.07095	0.01270	0.01015	0.01418	0.01096	0.03602	0.00882	0.00556	0.00528	0.00154	0.05282	0.00473	0.21556	0.00530
6	0.00709	0.00474	0.00538	0.00544	0.00545	0.00472	0.00306	0.00713	0.00726	0.00968	0.01608	0.07307	0.01862	0.78535	0.02404	0.00462	0.00467	0.00750	0.00306	0.00303
7	0.01035	0.14541	0.68613	0.01317	0.01998	0.01261	0.01670	0.01544	0.01032	0.01497	0.00852	0.01000	0.00624	0.00460	0.00444	0.00148	0.00696	0.00348	0.00208	0.00712
8	0.00581	0.00498	0.00498	0.00498	0.00664	0.00415	0.00373	0.00705	0.01120	0.01328	0.04978	0.04729	0.79464	0.01245	0.00581	0.00166	0.00249	0.01037	0.00456	0.00415
9	0.00856	0.00762	0.01186	0.00972	0.01239	0.00658	0.15855	0.01057	0.01024	0.01444	0.01850	0.33398	0.05281	0.00903	0.00529	0.00150	0.00422	0.02928	0.00359	0.29128
10	0.00924	0.00684	0.00940	0.02723	0.01035	0.00717	0.05570	0.06494	0.05799	0.06005	0.01974	0.37129	0.02136	0.15693	0.02867	0.00252	0.06122	0.02042	0.00402	0.00493
11	0.02205	0.00836	0.01140	0.00874	0.01254	0.00722	0.00722	0.02395	0.01407	0.80004	0.01939	0.01673	0.01216	0.00608	0.00494	0.00152	0.00418	0.00494	0.00608	0.00836
12	0.01025	0.01003	0.01484	0.52610	0.07209	0.05291	0.01262	0.01288	0.00960	0.01270	0.00835	0.01241	0.00673	0.00575	0.00741	0.00171	0.19180	0.00430	0.02194	0.00557
13	0.00604	0.00502	0.00531	0.00534	0.00692	0.00429	0.00407	0.00745	0.01146	0.01396	0.11703	0.04682	0.67858	0.01229	0.00587	0.00169	0.00260	0.05642	0.00464	0.00422
14	0.00704	0.00504	0.00689	0.00787	0.00867	0.00488	0.00624	0.00874	0.01080	0.01433	0.10243	0.36458	0.03178	0.01396	0.00648	0.00208	0.00363	0.38561	0.00463	0.00432
15	0.01073	0.00905	0.01048	0.00753	0.01187	0.00710	0.00605	0.06093	0.01101	0.01696	0.00893	0.01029	0.00735	0.00378	0.00372	0.00078	0.00375	0.00301	0.00304	0.80365
16	0.01230	0.06285	0.04095	0.13242	0.01619	0.05747	0.00851	0.08518	0.12411	0.05180	0.01093	0.01203	0.00844	0.00474	0.00426	0.00119	0.00485	0.00377	0.00332	0.35469
17	0.09485	0.31000	0.18971	0.00970	0.01387	0.07303	0.00986	0.01582	0.03213	0.09176	0.07571	0.01279	0.02311	0.00538	0.00435	0.00136	0.02325	0.00389	0.00301	0.00642
18	0.31979	0.01140	0.10819	0.00976	0.05784	0.02369	0.00814	0.04811	0.11988	0.11320	0.04607	0.03595	0.06658	0.00617	0.00434	0.00156	0.00438	0.00473	0.00384	0.00640

[dist]
# distance from previous block
# <min> <max>
1	14

[block]
# block no. 2 follows, 51 sequences, length 18
# corresponding to MSA columns:
# 144-161
name=unknown_C
#
# <colnr> <probs for GDERKNQSTAVLIFYWHMCP>
#	G	D	E	R	K	N	Q	S	T	A	V	L	I	F	Y	W	H	M	C	P
0	0.01287	0.00960	0.01083	0.00917	0.01177	0.04408	0.02656	0.21797	0.12881	0.09122	0.16457	0.15572	0.02082	0.00819	0.00524	0.00155	0.00416	0.00698	0.00476	0.06510
1	0.01583	0.01338	0.01633	0.01971	0.37213	0.13636	0.01161	0.16391	0.05214	0.13305	0.01148	0.01254	0.00866	0.00514	0.00482	0.00145	0.00589	0.00434	0.00358	0.00765
2	0.18250	0.00671	0.00677	0.00624	0.00818	0.00683	0.00484	0.06902	0.03829	0.01880	0.22315	0.04855	0.25850	0.00892	0.00491	0.00154	0.00297	0.00730	0.09096	0.00500
3	0.01216	0.01168	0.01995	0.03016	0.79664	0.01168	0.01508	0.01508	0.01119	0.01605	0.00924	0.01216	0.00778	0.00438	0.00487	0.00146	0.00584	0.00438	0.00243	0.00778
4	0.01076	0.01024	0.01740	0.41366	0.42415	0.01131	0.01438	0.01385	0.01052	0.01435	0.00900	0.01262	0.00718	0.00464	0.00489	0.00155	0.00619	0.00437	0.00231	0.00665
5	0.00706	0.00511	0.00711	0.00711	0.00772	0.00571	0.00516	0.00827	0.00766	0.01082	0.01388	0.02329	0.01402	0.28217	0.56487	0.00693	0.01056	0.00585	0.00274	0.00395
6	0.00690	0.00502	0.00650	0.00613	0.00731	0.00462	0.00460	0.00917	0.01379	0.01942	0.76078	0.03718	0.07982	0.01015	0.00580	0.00155	0.00233	0.00895	0.00537	0.00462
7	0.00897	0.00711	0.00734	0.00681	0.00838	0.08638	0.00514	0.01090	0.01328	0.07446	0.49288	0.05355	0.18631	0.00985	0.00561	0.00155	0.00317	0.00843	0.00498	0.00491
8	0.00702	0.00527	0.00790	0.00790	0.00878	0.00614	0.00614	0.00878	0.00790	0.01141	0.01316	0.01931	0.01229	0.03686	0.80782	0.00790	0.01316	0.00527	0.00263	0.00439
9	0.04101	0.18686	0.54572	0.01212	0.01810	0.03047	0.01471	0.01505	0.01048	0.01507	0.04299	0.01191	0.00846	0.00501	0.00439	0.00146	0.00649	0.02060	0.00233	0.00679
10	0.00632	0.00453	0.00600	0.00661	0.00720	0.00421	0.00459	0.00768	0.01096	0.01502	0.29163	0.55250	0.03729	0.01355	0.00611	0.00184	0.00267	0.01222	0.00485	0.00421
11	0.01399	0.01355	0.01250	0.09265	0.01572	0.18683	0.00893	0.10726	0.45383	0.01903	0.01522	0.01500	0.01150	0.00605	0.00486	0.00155	0.00542	0.00478	0.00416	0.00715
12	0.00717	0.00508	0.00629	0.00602	0.00723	0.00475	0.00450	0.00961	0.03209	0.01871	0.59696	0.06355	0.11330	0.00994	0.00555	0.00153	0.00239	0.00869	0.09199	0.00464
13	0.01052	0.00951	0.01471	0.61839	0.07954	0.01145	0.01280	0.07557	0.09010	0.01507	0.01016	0.01347	0.00763	0.00514	0.00492	0.00162	0.00614	0.00449	0.00270	0.00608
14	0.01078	0.01172	0.05585	0.01932	0.17959	0.01067	0.41133	0.03966	0.01142	0.01569	0.01317	0.17170	0.01241	0.00648	0.00562	0.00167	0.00658	0.00697	0.00295	0.00643
15	0.09947	0.74678	0.02387	0.00821	0.01230	0.01859	0.00809	0.01469	0.00982	0.01263	0.00683	0.00789	0.00621	0.00424	0.00314	0.00110	0.00511	0.00263	0.00220	0.00621
16	0.36186	0.01082	0.01062	0.09071	0.01404	0.03027	0.00767	0.18421	0.18952	0.02239	0.01131	0.01191	0.00848	0.00540	0.00413	0.00154	0.00454	0.00393	0.02010	0.00655
17	0.01344	0.01030	0.03348	0.04592	0.04589	0.04113	0.00791	0.19593	0.04838	0.12283	0.02789	0.01668	0.06051	0.04483	0.08724	0.00215	0.00559	0.00482	0.00393	0.18115

[dist]
# distance from previous block
# <min> <max>
0	1

[block]
# block no. 3 follows, 51 sequences, length 33
# corresponding to MSA columns:
# 163-195
name=unknown_D
#
# <colnr> <probs for GDERKNQSTAVLIFYWHMCP>
#	G	D	E	R	K	N	Q	S	T	A	V	L	I	F	Y	W	H	M	C	P
0	0.17308	0.01040	0.03800	0.00939	0.01259	0.04726	0.07357	0.06795	0.15796	0.14790	0.05927	0.01953	0.12692	0.00671	0.00477	0.00155	0.00446	0.00549	0.00427	0.02892
1	0.01093	0.01164	0.18750	0.03069	0.01400	0.00779	0.03009	0.01435	0.04783	0.12559	0.01868	0.04783	0.11098	0.00710	0.00495	0.00146	0.00468	0.09699	0.00369	0.22323
2	0.01314	0.83025	0.02575	0.00841	0.01261	0.01945	0.00841	0.01472	0.00999	0.01156	0.00683	0.00788	0.00631	0.00420	0.00315	0.00105	0.00526	0.00263	0.00210	0.00631
3	0.01158	0.01148	0.09179	0.01080	0.06842	0.00936	0.02991	0.07341	0.16658	0.03127	0.01147	0.01229	0.00892	0.00462	0.00428	0.00115	0.00448	0.00384	0.00340	0.44094
4	0.01176	0.01179	0.01908	0.07478	0.01930	0.07881	0.34465	0.10367	0.01221	0.01620	0.04062	0.01504	0.00998	0.03463	0.11972	0.00258	0.04852	0.00528	0.02533	0.00604
5	0.01032	0.00885	0.01025	0.00746	0.01172	0.00692	0.00595	0.01327	0.06064	0.01631	0.00947	0.01072	0.00778	0.00384	0.00373	0.00079	0.00366	0.00308	0.00305	0.80221
6	0.01812	0.00892	0.01108	0.00903	0.01238	0.00874	0.00728	0.02396	0.26696	0.50833	0.05624	0.01820	0.01471	0.00646	0.00500	0.00157	0.00400	0.00533	0.00570	0.00800
7	0.01328	0.01107	0.01405	0.04619	0.22101	0.01201	0.00999	0.23363	0.24953	0.02166	0.07347	0.01711	0.04242	0.00625	0.00503	0.00155	0.00477	0.00531	0.00420	0.00748
8	0.00602	0.00499	0.00527	0.00520	0.00677	0.00424	0.00390	0.00746	0.01170	0.01446	0.18679	0.04535	0.65690	0.01200	0.00581	0.00164	0.00246	0.01010	0.00472	0.00424
9	0.01050	0.08543	0.58523	0.01563	0.07921	0.01219	0.11334	0.01548	0.01056	0.01531	0.00884	0.01068	0.00650	0.00454	0.00471	0.00152	0.00713	0.00388	0.00216	0.00715
10	0.00941	0.00887	0.01498	0.77921	0.06908	0.01095	0.01371	0.01267	0.00989	0.01272	0.00876	0.01306	0.00661	0.00489	0.00491	0.00163	0.00652	0.00437	0.00220	0.00557
11	0.00928	0.00873	0.01474	0.81548	0.03385	0.01092	0.01365	0.01256	0.00983	0.01256	0.00873	0.01310	0.00655	0.00491	0.00491	0.00164	0.00655	0.00437	0.00218	0.00546
12	0.00702	0.00527	0.00790	0.00790	0.00878	0.00614	0.00614	0.00878	0.00790	0.01141	0.01316	0.01931	0.01229	0.03686	0.80782	0.00790	0.01316	0.00527	0.00263	0.00439
13	0.01253	0.01071	0.01128	0.01006	0.01290	0.01237	0.00785	0.06179	0.75158	0.02105	0.01961	0.01803	0.01469	0.00663	0.00500	0.00166	0.00396	0.00550	0.00500	0.00781
14	0.01272	0.60019	0.02270	0.00966	0.01277	0.04458	0.00903	0.01416	0.00951	0.01164	0.00676	0.00863	0.00634	0.00532	0.00641	0.00133	0.20699	0.00306	0.00213	0.00606
15	0.00715	0.00476	0.00536	0.00536	0.00536	0.00476	0.00298	0.00715	0.00715	0.00953	0.01548	0.03216	0.01787	0.82729	0.02501	0.00476	0.00476	0.00715	0.00298	0.00298
16	0.00780	0.00673	0.01067	0.45147	0.02182	0.00780	0.00956	0.00998	0.00964	0.01255	0.01700	0.37817	0.01823	0.00963	0.00553	0.00180	0.00489	0.00869	0.00325	0.00480
17	0.01190	0.08873	0.31179	0.06809	0.20215	0.11973	0.01406	0.01629	0.06538	0.01498	0.00993	0.01261	0.00798	0.00507	0.00466	0.00149	0.00660	0.02912	0.00252	0.00692
18	0.00609	0.00435	0.00582	0.00696	0.00729	0.00408	0.00474	0.00702	0.00951	0.01266	0.02703	0.78404	0.03228	0.01530	0.00630	0.00201	0.00294	0.05303	0.00456	0.00402
19	0.00715	0.00539	0.00788	0.00781	0.00858	0.00630	0.00599	0.00872	0.00781	0.01124	0.01317	0.02026	0.01263	0.11149	0.70776	0.00742	0.03804	0.00541	0.00265	0.00428
20	0.01085	0.08932	0.27382	0.01252	0.01671	0.13762	0.14029	0.01405	0.01106	0.01402	0.01497	0.13744	0.07010	0.00707	0.00508	0.00158	0.00641	0.02823	0.00285	0.00601
21	0.38144	0.00951	0.00949	0.00909	0.06918	0.02920	0.00666	0.09428	0.04832	0.13710	0.01335	0.01376	0.04911	0.00557	0.00397	0.00148	0.00406	0.00408	0.10411	0.00625
22	0.00599	0.00428	0.00570	0.00684	0.00713	0.00399	0.00456	0.00684	0.00941	0.01254	0.02709	0.82409	0.03250	0.01540	0.00627	0.00200	0.00285	0.01397	0.00456	0.00399
23	0.01085	0.01034	0.01758	0.38755	0.44950	0.01133	0.01443	0.01393	0.01057	0.01446	0.00901	0.01259	0.00722	0.00462	0.00489	0.00154	0.00616	0.00437	0.00232	0.00673
24	0.01092	0.01049	0.01809	0.36231	0.44403	0.01138	0.04383	0.01404	0.01063	0.01456	0.00905	0.01260	0.00725	0.00460	0.00492	0.00154	0.00623	0.00443	0.00233	0.00676
25	0.01136	0.32700	0.26295	0.01169	0.01645	0.01368	0.11511	0.01490	0.03594	0.03794	0.01094	0.10076	0.00982	0.00572	0.00444	0.00143	0.00594	0.00480	0.00264	0.00650
26	0.01041	0.01066	0.02693	0.01134	0.01203	0.09171	0.03809	0.01164	0.00844	0.01173	0.00952	0.04255	0.00964	0.12098	0.11709	0.00311	0.45163	0.00507	0.00246	0.00499
27	0.01080	0.00915	0.01066	0.00774	0.01194	0.00743	0.00622	0.06606	0.01101	0.01693	0.00888	0.01032	0.00733	0.00395	0.00412	0.00082	0.02947	0.00306	0.00303	0.77108
28	0.01455	0.01164	0.01484	0.01247	0.04501	0.11475	0.15806	0.04694	0.19684	0.19165	0.09836	0.04417	0.01517	0.00637	0.00519	0.00156	0.00539	0.00570	0.00435	0.00697
29	0.00910	0.01283	0.27464	0.01236	0.08291	0.00792	0.06053	0.01207	0.01034	0.05576	0.01786	0.36116	0.01872	0.00956	0.00553	0.00176	0.00506	0.03258	0.00349	0.00584
30	0.00718	0.00516	0.00703	0.00794	0.00885	0.00501	0.00642	0.00901	0.01107	0.01464	0.11990	0.27491	0.05518	0.01364	0.00649	0.00208	0.00371	0.43276	0.00464	0.00437
31	0.01623	0.01127	0.01675	0.01261	0.01645	0.02777	0.22456	0.23610	0.03164	0.24118	0.06842	0.01626	0.02850	0.00588	0.00521	0.00154	0.00558	0.00539	0.02126	0.00738
32	0.06642	0.01680	0.01333	0.07172	0.01589	0.37872	0.02436	0.13120	0.19983	0.01754	0.01127	0.01191	0.00868	0.00551	0.00462	0.00144	0.00668	0.00403	0.00347	0.00656

[dist]
# distance from previous block
# <min> <max>
0	2

[block]
# block no. 4 follows, 51 sequences, length 62
# corresponding to MSA columns:
# 198-259
name=unknown_E
#
# <colnr> <probs for GDERKNQSTAVLIFYWHMCP>
#	G	D	E	R	K	N	Q	S	T	A	V	L	I	F	Y	W	H	M	C	P
0	0.00761	0.00629	0.00872	0.01068	0.16215	0.00587	0.00653	0.00964	0.01221	0.01649	0.34835	0.08726	0.25384	0.01010	0.00568	0.00162	0.00317	0.03422	0.00449	0.00507
1	0.03821	0.10931	0.03445	0.00984	0.04259	0.13216	0.00774	0.07262	0.02697	0.10865	0.06733	0.01626	0.01247	0.04590	0.23889	0.00340	0.00773	0.00469	0.01492	0.00587
2	0.00715	0.00476	0.00536	0.00536	0.00536	0.00476	0.00298	0.00715	0.00715	0.00953	0.01548	0.03216	0.01787	0.82729	0.02501	0.00476	0.00476	0.00715	0.00298	0.00298
3	0.01019	0.00873	0.01019	0.00728	0.01165	0.00655	0.00582	0.01237	0.01019	0.01601	0.00873	0.01019	0.00728	0.00364	0.00364	0.00073	0.00364	0.00291	0.00291	0.85734
4	0.04726	0.01441	0.01567	0.04833	0.29265	0.21270	0.01116	0.16018	0.01433	0.12082	0.01053	0.01174	0.00796	0.00509	0.00471	0.00143	0.00626	0.00409	0.00341	0.00726
5	0.01216	0.01168	0.01995	0.03016	0.79664	0.01168	0.01508	0.01508	0.01119	0.01605	0.00924	0.01216	0.00778	0.00438	0.00487	0.00146	0.00584	0.00438	0.00243	0.00778
6	0.00813	0.00584	0.00815	0.06114	0.06254	0.00563	0.00600	0.01053	0.01336	0.05015	0.63642	0.03218	0.03882	0.00905	0.00557	0.00153	0.00291	0.00801	0.02899	0.00505
7	0.00601	0.00439	0.00559	0.00653	0.00699	0.00404	0.00439	0.00688	0.00956	0.01252	0.02965	0.68883	0.13355	0.04747	0.00696	0.00206	0.00288	0.01322	0.00450	0.00397
8	0.00748	0.00539	0.00734	0.00810	0.00920	0.00525	0.00679	0.00961	0.01173	0.01557	0.19334	0.10837	0.06316	0.01290	0.00650	0.00206	0.00384	0.51415	0.00472	0.00449
9	0.86201	0.00950	0.00722	0.00646	0.00950	0.01102	0.00532	0.01445	0.00836	0.02205	0.00684	0.00798	0.00532	0.00456	0.00304	0.00152	0.00380	0.00266	0.00304	0.00532
10	0.01836	0.02342	0.01393	0.01266	0.01519	0.80756	0.00950	0.01962	0.01393	0.01203	0.00760	0.00886	0.00633	0.00506	0.00443	0.00127	0.00886	0.00317	0.00253	0.00570
11	0.00715	0.00476	0.00536	0.00536	0.00536	0.00476	0.00298	0.00715	0.00715	0.00953	0.01548	0.03216	0.01787	0.82729	0.02501	0.00476	0.00476	0.00715	0.00298	0.00298
12	0.01580	0.01326	0.01498	0.01514	0.18174	0.06832	0.01022	0.39331	0.19331	0.02412	0.01282	0.01316	0.00960	0.00569	0.00489	0.00150	0.00539	0.00458	0.00424	0.00792
13	0.01832	0.01051	0.01231	0.00955	0.01329	0.01052	0.00782	0.31277	0.07838	0.34500	0.01682	0.01562	0.04154	0.00610	0.00486	0.00145	0.00452	0.00483	0.00522	0.08057
14	0.01201	0.23796	0.42296	0.01216	0.01780	0.03604	0.04397	0.05395	0.06655	0.03902	0.00956	0.01061	0.00721	0.00478	0.00435	0.00142	0.00639	0.00365	0.00258	0.00706
15	0.00599	0.00428	0.00570	0.00684	0.00713	0.00399	0.00456	0.00684	0.00941	0.01254	0.02709	0.82409	0.03250	0.01540	0.00627	0.00200	0.00285	0.01397	0.00456	0.00399
16	0.00581	0.00498	0.00498	0.00498	0.00664	0.00415	0.00373	0.00705	0.01120	0.01328	0.04978	0.04729	0.79464	0.01245	0.00581	0.00166	0.00249	0.01037	0.00456	0.00415
17	0.41075	0.00970	0.00990	0.00808	0.01150	0.01025	0.00665	0.12049	0.04356	0.30551	0.01258	0.01208	0.00860	0.00538	0.00406	0.00152	0.00416	0.00384	0.00447	0.00693
18	0.04390	0.08592	0.71137	0.01328	0.02015	0.01201	0.01691	0.01545	0.01027	0.01552	0.00859	0.01009	0.00620	0.00463	0.00449	0.00152	0.00697	0.00352	0.00212	0.00711
19	0.00928	0.00873	0.01474	0.81548	0.03385	0.01092	0.01365	0.01256	0.00983	0.01256	0.00873	0.01310	0.00655	0.00491	0.00491	0.00164	0.00655	0.00437	0.00218	0.00546
20	0.19695	0.01215	0.01272	0.00994	0.01367	0.01328	0.00821	0.51792	0.01879	0.13165	0.01177	0.01165	0.00823	0.00564	0.00452	0.00149	0.00491	0.00412	0.00468	0.00772
21	0.05551	0.00846	0.01026	0.02920	0.01198	0.03903	0.00694	0.06841	0.01331	0.47211	0.02071	0.14496	0.05939	0.00797	0.00514	0.00161	0.00420	0.02854	0.00526	0.00701
22	0.02181	0.00875	0.01164	0.00893	0.01274	0.00779	0.00737	0.07784	0.01471	0.74524	0.01885	0.01638	0.01189	0.00607	0.00494	0.00152	0.00427	0.00491	0.00600	0.00836
23	0.00715	0.00476	0.00536	0.00536	0.00536	0.00476	0.00298	0.00715	0.00715	0.00953	0.01548	0.03216	0.01787	0.82729	0.02501	0.00476	0.00476	0.00715	0.00298	0.00298
24	0.00993	0.02493	0.77575	0.01387	0.02099	0.01144	0.01781	0.01591	0.03602	0.01573	0.00919	0.01064	0.00651	0.00473	0.00468	0.00156	0.00715	0.00369	0.00217	0.00728
25	0.02840	0.04865	0.06044	0.01030	0.03481	0.11637	0.02176	0.11518	0.14640	0.16629	0.06771	0.03074	0.01369	0.00639	0.00476	0.00149	0.00494	0.02993	0.08490	0.00684
26	0.00703	0.00473	0.00538	0.00547	0.00552	0.00469	0.00312	0.00712	0.00741	0.00984	0.01709	0.09350	0.03522	0.74771	0.02317	0.00449	0.00457	0.00774	0.00313	0.00308
27	0.00598	0.00430	0.00567	0.00677	0.00711	0.00400	0.00453	0.00685	0.00948	0.01257	0.02795	0.79464	0.06140	0.01528	0.00625	0.00198	0.00284	0.01383	0.00456	0.00400
28	0.01331	0.36358	0.01795	0.04152	0.01386	0.07212	0.00849	0.06378	0.32361	0.01637	0.01254	0.01259	0.00993	0.00538	0.00416	0.00136	0.00502	0.00402	0.00346	0.00694
29	0.00926	0.00858	0.01255	0.01104	0.01155	0.01123	0.03917	0.01065	0.00780	0.01172	0.00945	0.01498	0.00915	0.05826	0.30213	0.00433	0.45596	0.00485	0.00238	0.00495
30	0.00674	0.00507	0.00584	0.00565	0.00711	0.00443	0.00423	0.00843	0.01233	0.03785	0.35444	0.07045	0.43700	0.01139	0.00580	0.00162	0.00248	0.00974	0.00495	0.00446
31	0.01278	0.00687	0.00868	0.00748	0.00978	0.00642	0.00588	0.03706	0.07987	0.28655	0.32750	0.05332	0.10684	0.00875	0.00544	0.00158	0.00325	0.02028	0.00546	0.00621
32	0.05623	0.01436	0.04541	0.04141	0.01575	0.10239	0.02931	0.45131	0.12155	0.02464	0.01171	0.01215	0.00863	0.00582	0.00522	0.00152	0.03652	0.00435	0.00419	0.00753
33	0.01077	0.01062	0.01420	0.01165	0.02649	0.11815	0.19954	0.05958	0.01287	0.01696	0.24339	0.02319	0.10302	0.00741	0.00612	0.00156	0.06276	0.00654	0.05962	0.00555
34	0.01345	0.01181	0.09781	0.00940	0.01359	0.00983	0.00832	0.21548	0.08571	0.08592	0.02637	0.01257	0.00935	0.00533	0.00480	0.02535	0.00456	0.00395	0.00383	0.35258
35	0.01259	0.01080	0.05997	0.01485	0.20842	0.03458	0.04013	0.08886	0.11940	0.11439	0.05669	0.12437	0.04624	0.00727	0.00518	0.00158	0.00481	0.01763	0.00402	0.02822
36	0.00599	0.00428	0.00570	0.00684	0.00713	0.00399	0.00456	0.00684	0.00941	0.01254	0.02709	0.82409	0.03250	0.01540	0.00627	0.00200	0.00285	0.01397	0.00456	0.00399
37	0.00953	0.00899	0.01520	0.74660	0.10076	0.01098	0.01377	0.01278	0.00995	0.01286	0.00878	0.01302	0.00666	0.00487	0.00491	0.00162	0.00649	0.00437	0.00221	0.00566
38	0.01273	0.53673	0.19180	0.01078	0.01560	0.05758	0.06548	0.03490	0.01072	0.01324	0.00765	0.00895	0.00642	0.00439	0.00378	0.00122	0.00609	0.00314	0.00222	0.00656
39	0.01702	0.01283	0.01375	0.01091	0.01450	0.01429	0.00888	0.60946	0.16996	0.02836	0.01388	0.03985	0.01043	0.00636	0.00498	0.00153	0.00503	0.00496	0.00492	0.00810
40	0.01142	0.15111	0.20491	0.01064	0.03913	0.01092	0.04065	0.05593	0.05812	0.04748	0.06348	0.01378	0.03453	0.00513	0.00434	0.00125	0.00505	0.00415	0.00312	0.23486
41	0.01340	0.10701	0.08494	0.01023	0.01312	0.01171	0.02029	0.09620	0.05375	0.16492	0.07416	0.01596	0.04955	0.00729	0.01946	0.00169	0.20120	0.00487	0.00375	0.04649
42	0.00714	0.00477	0.00541	0.00546	0.00548	0.00477	0.00310	0.00720	0.00727	0.00968	0.01590	0.04818	0.01834	0.79651	0.02431	0.00466	0.00472	0.02103	0.00304	0.00303
43	0.00599	0.00428	0.00570	0.00684	0.00713	0.00399	0.00456	0.00684	0.00941	0.01254	0.02709	0.82409	0.03250	0.01540	0.00627	0.00200	0.00285	0.01397	0.00456	0.00399
44	0.01193	0.05808	0.24635	0.21111	0.02102	0.07844	0.01323	0.11637	0.01166	0.01566	0.00854	0.01106	0.00665	0.00566	0.00687	0.00163	0.16284	0.00396	0.00253	0.00642
45	0.00715	0.00476	0.00536	0.00536	0.00536	0.00476	0.00298	0.00715	0.00715	0.00953	0.01548	0.03216	0.01787	0.82729	0.02501	0.00476	0.00476	0.00715	0.00298	0.00298
46	0.00599	0.00428	0.00570	0.00684	0.00713	0.00399	0.00456	0.00684	0.00941	0.01254	0.02709	0.82409	0.03250	0.01540	0.00627	0.00200	0.00285	0.01397	0.00456	0.00399
47	0.01160	0.01326	0.02900	0.02071	0.02568	0.01243	0.77879	0.01574	0.01160	0.01574	0.00994	0.01326	0.00746	0.00414	0.00580	0.00166	0.00829	0.00580	0.00249	0.00663
48	0.19248	0.21309	0.04724	0.01040	0.01296	0.16989	0.00905	0.03644	0.01010	0.01465	0.00710	0.00912	0.00620	0.00576	0.00715	0.00153	0.23525	0.00330	0.00248	0.00581
49	0.01299	0.47948	0.14456	0.01072	0.04543	0.12747	0.01018	0.03123	0.01094	0.01294	0.00976	0.01085	0.04892	0.00497	0.00408	0.00124	0.02210	0.00342	0.00236	0.00634
50	0.01020	0.11029	0.71999	0.01342	0.02036	0.01226	0.01713	0.01547	0.01033	0.01514	0.00861	0.01011	0.00623	0.00462	0.00451	0.00150	0.00705	0.00353	0.00208	0.00716
51	0.00599	0.00428	0.00570	0.00684	0.00713	0.00399	0.00456	0.00684	0.00941	0.01254	0.02709	0.82409	0.03250	0.01540	0.00627	0.00200	0.00285	0.01397	0.00456	0.00399
52	0.01351	0.01229	0.03577	0.15779	0.04069	0.07173	0.03129	0.16934	0.35796	0.03557	0.01451	0.01482	0.01080	0.00587	0.00493	0.00158	0.00532	0.00485	0.00408	0.00728
53	0.01213	0.01270	0.01709	0.33800	0.32681	0.15602	0.03869	0.01493	0.01116	0.01393	0.00877	0.01197	0.00702	0.00471	0.00484	0.00150	0.00675	0.00420	0.00235	0.00645
54	0.02205	0.00836	0.01140	0.00874	0.01254	0.00722	0.00722	0.02395	0.01407	0.80004	0.01939	0.01673	0.01216	0.00608	0.00494	0.00152	0.00418	0.00494	0.00608	0.00836
55	0.01012	0.00486	0.00509	0.00489	0.00623	0.00478	0.00372	0.01238	0.01059	0.07661	0.01628	0.01820	0.01256	0.00575	0.00355	0.00117	0.00243	0.00461	0.79131	0.00486
56	0.01092	0.01203	0.02538	0.15805	0.02619	0.01175	0.60798	0.01475	0.01118	0.01503	0.01057	0.05296	0.00853	0.00483	0.00567	0.00167	0.00772	0.00595	0.00253	0.00630
57	0.00674	0.00515	0.00765	0.00774	0.00840	0.00502	0.06220	0.00779	0.00899	0.01211	0.02207	0.52635	0.02560	0.15998	0.10712	0.00318	0.00485	0.01110	0.00389	0.00406
58	0.00611	0.00443	0.00581	0.00686	0.00731	0.00412	0.00474	0.00710	0.00968	0.01275	0.02870	0.71140	0.08903	0.01505	0.00627	0.00199	0.00294	0.06711	0.00456	0.00404
59	0.01314	0.83025	0.02575	0.00841	0.01261	0.01945	0.00841	0.01472	0.00999	0.01156	0.00683	0.00788	0.00631	0.00420	0.00315	0.00105	0.00526	0.00263	0.00210	0.00631
60	0.00992	0.02496	0.77253	0.01426	0.02144	0.01145	0.04699	0.01557	0.01042	0.01557	0.00886	0.01048	0.00627	0.00465	0.00471	0.00156	0.00730	0.00371	0.00209	0.00724
61	0.00928	0.00873	0.01474	0.81548	0.03385	0.01092	0.01365	0.01256	0.00983	0.01256	0.00873	0.01310	0.00655	0.00491	0.00491	0.00164	0.00655	0.00437	0.00218	0.00546

[dist]
# distance from previous block
# <min> <max>
0	1

[block]
# block no. 5 follows, 51 sequences, length 35
# corresponding to MSA columns:
# 261-295
name=unknown_F
#
# <colnr> <probs for GDERKNQSTAVLIFYWHMCP>
#	G	D	E	R	K	N	Q	S	T	A	V	L	I	F	Y	W	H	M	C	P
0	0.01757	0.02213	0.01386	0.01256	0.01488	0.73458	0.00950	0.01883	0.01335	0.01200	0.00765	0.00924	0.00648	0.00607	0.02456	0.00149	0.06381	0.00329	0.00251	0.00564
1	0.01038	0.15467	0.67720	0.01311	0.01988	0.01270	0.01659	0.01543	0.01031	0.01492	0.00850	0.00998	0.00624	0.00459	0.00443	0.00148	0.00694	0.00347	0.00208	0.00711
2	0.01045	0.00804	0.01022	0.00953	0.01129	0.06920	0.07429	0.06207	0.01198	0.08968	0.05811	0.25156	0.03662	0.03270	0.02712	0.00210	0.00484	0.22063	0.00433	0.00522
3	0.01998	0.00776	0.01031	0.00807	0.01145	0.00680	0.00661	0.02194	0.01346	0.67450	0.01885	0.01698	0.01223	0.00603	0.00470	0.00146	0.00388	0.00488	0.14235	0.00776
4	0.00639	0.00500	0.00578	0.00559	0.00699	0.00440	0.00419	0.00818	0.01257	0.01653	0.42681	0.04193	0.41559	0.01123	0.00580	0.00160	0.00240	0.00962	0.00499	0.00440
5	0.01056	0.00896	0.01039	0.00746	0.01180	0.00693	0.00598	0.04617	0.01076	0.01667	0.00887	0.01026	0.00733	0.00374	0.00370	0.00076	0.00372	0.00298	0.00300	0.81997
6	0.00596	0.00470	0.00539	0.00592	0.00697	0.00413	0.00423	0.00707	0.01043	0.01301	0.03921	0.38231	0.44056	0.01375	0.00604	0.00182	0.00271	0.03713	0.00456	0.00409
7	0.00599	0.00428	0.00570	0.00684	0.00713	0.00399	0.00456	0.00684	0.00941	0.01254	0.02709	0.82409	0.03250	0.01540	0.00627	0.00200	0.00285	0.01397	0.00456	0.00399
8	0.00986	0.02542	0.80183	0.01401	0.02127	0.01141	0.01816	0.01556	0.01038	0.01556	0.00882	0.01038	0.00623	0.00467	0.00467	0.00156	0.00726	0.00363	0.00208	0.00726
9	0.01830	0.04996	0.01424	0.01240	0.01502	0.75627	0.00939	0.01959	0.01380	0.03654	0.00794	0.00907	0.00651	0.00507	0.00440	0.00127	0.00860	0.00320	0.00263	0.00580
10	0.01065	0.00676	0.00697	0.00636	0.00816	0.00717	0.00492	0.10786	0.14552	0.01996	0.01820	0.01924	0.05888	0.00631	0.00403	0.00131	0.00296	0.00507	0.55412	0.00557
11	0.00715	0.00476	0.00536	0.00536	0.00536	0.00476	0.00298	0.00715	0.00715	0.00953	0.01548	0.03216	0.01787	0.82729	0.02501	0.00476	0.00476	0.00715	0.00298	0.00298
12	0.00894	0.00832	0.01417	0.60275	0.02832	0.00982	0.06775	0.01192	0.01005	0.01295	0.01291	0.09532	0.03266	0.00666	0.00526	0.00172	0.00607	0.05645	0.00266	0.00530
13	0.00604	0.00432	0.00575	0.00681	0.00714	0.00402	0.00457	0.00697	0.00964	0.01291	0.06657	0.78355	0.03322	0.01512	0.00625	0.00197	0.00282	0.01371	0.00461	0.00402
14	0.00604	0.00432	0.00575	0.00681	0.00714	0.00403	0.00457	0.00697	0.00965	0.01293	0.06812	0.78196	0.03324	0.01511	0.00625	0.00197	0.00282	0.01370	0.00461	0.00403
15	0.01836	0.02342	0.01393	0.01266	0.01519	0.80756	0.00950	0.01962	0.01393	0.01203	0.00760	0.00886	0.00633	0.00506	0.00443	0.00127	0.00886	0.00317	0.00253	0.00570
16	0.01216	0.01168	0.01995	0.03016	0.79664	0.01168	0.01508	0.01508	0.01119	0.01605	0.00924	0.01216	0.00778	0.00438	0.00487	0.00146	0.00584	0.00438	0.00243	0.00778
17	0.00592	0.00496	0.00515	0.00516	0.00672	0.00419	0.00385	0.00725	0.01139	0.01385	0.11825	0.07558	0.69622	0.01233	0.00582	0.00166	0.00249	0.01037	0.00464	0.00419
18	0.00709	0.00498	0.00644	0.00644	0.00682	0.00535	0.00433	0.00784	0.00747	0.01033	0.01449	0.02667	0.01548	0.48970	0.35935	0.00610	0.00835	0.00634	0.00283	0.00358
19	0.00707	0.00505	0.00694	0.00808	0.00883	0.00492	0.00644	0.00871	0.01047	0.01375	0.02649	0.39442	0.03014	0.01438	0.00656	0.00214	0.00379	0.43298	0.00454	0.00429
20	0.01482	0.57057	0.02195	0.00978	0.01344	0.27311	0.00876	0.01629	0.01125	0.01171	0.00708	0.00820	0.00631	0.00448	0.00356	0.00112	0.00642	0.00280	0.00224	0.00611
21	0.01042	0.00991	0.01674	0.49501	0.32542	0.01131	0.01413	0.01351	0.01029	0.01388	0.00887	0.01268	0.00702	0.00480	0.00517	0.00158	0.02626	0.00437	0.00228	0.00635
22	0.01879	0.01359	0.01464	0.01122	0.01515	0.01498	0.00927	0.75584	0.02281	0.05580	0.01204	0.01196	0.00848	0.00591	0.00492	0.00148	0.00537	0.00444	0.00495	0.00836
23	0.01094	0.01043	0.01774	0.36365	0.47271	0.01135	0.01447	0.01401	0.01061	0.01457	0.00903	0.01256	0.00726	0.00461	0.00489	0.00154	0.00614	0.00437	0.00233	0.00680
24	0.01058	0.00757	0.00872	0.00662	0.01007	0.00605	0.00525	0.01278	0.01044	0.06101	0.01134	0.01280	0.00902	0.00435	0.00366	0.00089	0.00330	0.00349	0.23718	0.57491
25	0.00696	0.00502	0.00657	0.00618	0.00734	0.00464	0.00464	0.00927	0.01391	0.01971	0.79405	0.03671	0.04637	0.01005	0.00580	0.00155	0.00232	0.00889	0.00541	0.00464
26	0.00599	0.00428	0.00570	0.00684	0.00713	0.00399	0.00456	0.00684	0.00941	0.01254	0.02709	0.82409	0.03250	0.01540	0.00627	0.00200	0.00285	0.01397	0.00456	0.00399
27	0.00599	0.00428	0.00570	0.00684	0.00713	0.00399	0.00456	0.00684	0.00941	0.01254	0.02709	0.82409	0.03250	0.01540	0.00627	0.00200	0.00285	0.01397	0.00456	0.00399
28	0.00590	0.00460	0.00537	0.00597	0.00690	0.00406	0.00418	0.00694	0.01024	0.01288	0.03765	0.46256	0.38721	0.01402	0.00606	0.00184	0.00268	0.01230	0.00456	0.00406
29	0.00599	0.00428	0.00570	0.00684	0.00713	0.00399	0.00456	0.00684	0.00941	0.01254	0.02709	0.82409	0.03250	0.01540	0.00627	0.00200	0.00285	0.01397	0.00456	0.00399
30	0.00916	0.00458	0.00458	0.00458	0.00573	0.00458	0.00344	0.01145	0.01031	0.01832	0.01603	0.01832	0.01260	0.00573	0.00344	0.00115	0.00229	0.00458	0.85457	0.00458
31	0.00928	0.00873	0.01474	0.81548	0.03385	0.01092	0.01365	0.01256	0.00983	0.01256	0.00873	0.01310	0.00655	0.00491	0.00491	0.00164	0.00655	0.00437	0.00218	0.00546
32	0.00599	0.00428	0.00570	0.00684	0.00713	0.00399	0.00456	0.00684	0.00941	0.01254	0.02709	0.82409	0.03250	0.01540	0.00627	0.00200	0.00285	0.01397	0.00456	0.00399
33	0.00696	0.00502	0.00657	0.00618	0.00734	0.00464	0.00464	0.00927	0.01391	0.01971	0.79405	0.03671	0.04637	0.01005	0.00580	0.00155	0.00232	0.00889	0.00541	0.00464
34	0.02055	0.00815	0.01091	0.00851	0.01206	0.00720	0.00698	0.02293	0.04276	0.70715	0.04846	0.01761	0.01358	0.00624	0.00491	0.00151	0.00402	0.00510	0.04336	0.00803

[dist]
# distance from previous block
# <min> <max>
4	5

[block]
# block no. 6 follows, 51 sequences, length 86
# corresponding to MSA columns:
# 302-387
name=unknown_G
#
# <colnr> <probs for GDERKNQSTAVLIFYWHMCP>
#	G	D	E	R	K	N	Q	S	T	A	V	L	I	F	Y	W	H	M	C	P
0	0.01797	0.01341	0.01435	0.01116	0.01497	0.01491	0.00917	0.69705	0.10747	0.02982	0.01270	0.01252	0.00909	0.00598	0.00493	0.00150	0.00524	0.00455	0.00493	0.00829
1	0.01019	0.00873	0.01019	0.00728	0.01165	0.00655	0.00582	0.01237	0.01019	0.01601	0.00873	0.01019	0.00728	0.00364	0.00364	0.00073	0.00364	0.00291	0.00291	0.85734
2	0.00651	0.00501	0.00597	0.00589	0.00722	0.00447	0.00447	0.00833	0.01246	0.01649	0.41234	0.07419	0.34974	0.01146	0.00588	0.00165	0.00255	0.05599	0.00498	0.00440
3	0.01019	0.00873	0.01019	0.00728	0.01165	0.00655	0.00582	0.01237	0.01019	0.01601	0.00873	0.01019	0.00728	0.00364	0.00364	0.00073	0.00364	0.00291	0.00291	0.85734
4	0.01075	0.01075	0.01505	0.01290	0.01290	0.01505	0.01075	0.01183	0.00753	0.01183	0.00645	0.01075	0.00645	0.00860	0.01613	0.00215	0.81830	0.00430	0.00215	0.00538
5	0.01069	0.01077	0.06107	0.01019	0.01308	0.01046	0.02240	0.03800	0.00965	0.01489	0.00800	0.01052	0.00694	0.00566	0.00851	0.00136	0.31233	0.00358	0.00263	0.43924
6	0.01891	0.01279	0.01362	0.01065	0.01433	0.06017	0.00870	0.53934	0.02005	0.19771	0.01380	0.04411	0.01000	0.00626	0.00495	0.00149	0.00525	0.00483	0.00502	0.00803
7	0.02150	0.00924	0.01194	0.00916	0.01298	0.00852	0.00756	0.14610	0.01553	0.67583	0.01816	0.01593	0.01155	0.00605	0.00494	0.00151	0.00438	0.00486	0.00589	0.00836
8	0.00954	0.02353	0.72829	0.01323	0.01995	0.01076	0.01687	0.01488	0.01058	0.01565	0.04710	0.01330	0.04438	0.00528	0.00477	0.00156	0.00681	0.00419	0.00234	0.00700
9	0.01069	0.01136	0.05168	0.35938	0.23951	0.01159	0.20252	0.01414	0.01062	0.01441	0.00914	0.01273	0.00710	0.00463	0.00529	0.00160	0.02015	0.00469	0.00232	0.00645
10	0.00854	0.00427	0.00640	0.00640	0.00640	0.00427	0.00427	0.00640	0.00640	0.00854	0.00854	0.01494	0.00854	0.01707	0.01921	0.85702	0.00427	0.00427	0.00213	0.00213
11	0.02108	0.00867	0.01144	0.00891	0.01262	0.00784	0.00731	0.03869	0.08572	0.71324	0.01930	0.01678	0.01235	0.00613	0.00495	0.00153	0.00418	0.00499	0.00596	0.00831
12	0.01033	0.01614	0.41118	0.01102	0.01547	0.00899	0.01209	0.04106	0.06073	0.09069	0.01609	0.25359	0.01525	0.00817	0.00520	0.00169	0.00537	0.00698	0.00349	0.00647
13	0.00606	0.00433	0.00576	0.00680	0.00714	0.00404	0.00457	0.00702	0.00973	0.01306	0.08222	0.76748	0.03350	0.01501	0.00624	0.00196	0.00281	0.01361	0.00462	0.00404
14	0.02205	0.00836	0.01140	0.00874	0.01254	0.00722	0.00722	0.02395	0.01407	0.80004	0.01939	0.01673	0.01216	0.00608	0.00494	0.00152	0.00418	0.00494	0.00608	0.00836
15	0.00599	0.00428	0.00570	0.00684	0.00713	0.00399	0.00456	0.00684	0.00941	0.01254	0.02709	0.82409	0.03250	0.01540	0.00627	0.00200	0.00285	0.01397	0.00456	0.00399
16	0.03026	0.01204	0.01440	0.41967	0.02449	0.09590	0.01142	0.27221	0.03888	0.01914	0.00996	0.01228	0.00737	0.00531	0.00483	0.00154	0.00627	0.00426	0.00324	0.00653
17	0.00928	0.00873	0.01474	0.81548	0.03385	0.01092	0.01365	0.01256	0.00983	0.01256	0.00873	0.01310	0.00655	0.00491	0.00491	0.00164	0.00655	0.00437	0.00218	0.00546
18	0.00709	0.00500	0.00654	0.00654	0.00695	0.00540	0.00445	0.00790	0.00750	0.01040	0.01441	0.02619	0.01528	0.46031	0.38846	0.00622	0.00866	0.00627	0.00282	0.00363
19	0.01110	0.32997	0.50816	0.01189	0.01799	0.01445	0.01447	0.01524	0.01023	0.01405	0.00807	0.00943	0.00626	0.00449	0.00410	0.00137	0.00650	0.00325	0.00209	0.00690
20	0.06242	0.01070	0.01263	0.01103	0.01273	0.01343	0.00891	0.05026	0.39224	0.01751	0.01336	0.01436	0.01067	0.00730	0.00942	0.00185	0.33596	0.00483	0.00372	0.00668
21	0.00650	0.00467	0.00616	0.00649	0.00724	0.00433	0.00460	0.00812	0.01178	0.01632	0.43163	0.40877	0.03982	0.01257	0.00602	0.00176	0.00257	0.01129	0.00501	0.00433
22	0.01219	0.00751	0.00782	0.00672	0.00876	0.00798	0.00532	0.25641	0.01438	0.02235	0.01468	0.01624	0.01125	0.00578	0.00391	0.00125	0.00328	0.00453	0.58385	0.00578
23	0.01314	0.83025	0.02575	0.00841	0.01261	0.01945	0.00841	0.01472	0.00999	0.01156	0.00683	0.00788	0.00631	0.00420	0.00315	0.00105	0.00526	0.00263	0.00210	0.00631
24	0.00881	0.00711	0.00755	0.00703	0.00903	0.00726	0.00533	0.01469	0.29446	0.04065	0.08739	0.03415	0.38802	0.05843	0.00663	0.00183	0.00318	0.00815	0.00473	0.00557
25	0.01208	0.57031	0.27641	0.01022	0.01541	0.01685	0.01156	0.01499	0.01011	0.01285	0.00747	0.00869	0.00628	0.00435	0.00364	0.00121	0.00590	0.00295	0.00209	0.00662
26	0.00597	0.00434	0.00564	0.00667	0.00708	0.00401	0.00449	0.00686	0.00957	0.01261	0.02918	0.75232	0.10291	0.01512	0.00623	0.00196	0.00282	0.01364	0.00456	0.00401
27	0.00599	0.00428	0.00570	0.00684	0.00713	0.00399	0.00456	0.00684	0.00941	0.01254	0.02709	0.82409	0.03250	0.01540	0.00627	0.00200	0.00285	0.01397	0.00456	0.00399
28	0.00945	0.00790	0.01048	0.00825	0.01124	0.00694	0.06822	0.04342	0.05859	0.01838	0.32977	0.02180	0.02373	0.00656	0.00483	0.00122	0.00356	0.00580	0.00410	0.35576
29	0.00599	0.00428	0.00570	0.00684	0.00713	0.00399	0.00456	0.00684	0.00941	0.01254	0.02709	0.82409	0.03250	0.01540	0.00627	0.00200	0.00285	0.01397	0.00456	0.00399
30	0.00702	0.00527	0.00790	0.00790	0.00878	0.00614	0.00614	0.00878	0.00790	0.01141	0.01316	0.01931	0.01229	0.03686	0.80782	0.00790	0.01316	0.00527	0.00263	0.00439
31	0.00592	0.00498	0.00514	0.00510	0.00671	0.00420	0.00382	0.00728	0.01147	0.01392	0.12430	0.04623	0.71972	0.01221	0.00581	0.00165	0.00247	0.01022	0.00465	0.00420
32	0.01019	0.00873	0.01019	0.00728	0.01165	0.00655	0.00582	0.01237	0.01019	0.01601	0.00873	0.01019	0.00728	0.00364	0.00364	0.00073	0.00364	0.00291	0.00291	0.85734
33	0.00599	0.00428	0.00570	0.00684	0.00713	0.00399	0.00456	0.00684	0.00941	0.01254	0.02709	0.82409	0.03250	0.01540	0.00627	0.00200	0.00285	0.01397	0.00456	0.00399
34	0.00599	0.00428	0.00570	0.00684	0.00713	0.00399	0.00456	0.00684	0.00941	0.01254	0.02709	0.82409	0.03250	0.01540	0.00627	0.00200	0.00285	0.01397	0.00456	0.00399
35	0.01274	0.01444	0.01963	0.01555	0.01784	0.19075	0.27643	0.01492	0.01036	0.01323	0.00792	0.01120	0.00677	0.00627	0.00994	0.00178	0.35742	0.00457	0.00235	0.00588
36	0.01222	0.01056	0.01111	0.01000	0.01278	0.01222	0.00778	0.02611	0.78776	0.02056	0.02000	0.01833	0.01500	0.00667	0.00500	0.00167	0.00389	0.00556	0.00500	0.00778
37	0.01035	0.00493	0.00521	0.00496	0.00636	0.00482	0.00379	0.01261	0.01065	0.09054	0.01634	0.01817	0.01256	0.00576	0.00357	0.00118	0.00246	0.00461	0.77619	0.00493
38	0.01508	0.00883	0.03479	0.00885	0.01164	0.00831	0.00716	0.14102	0.10839	0.31635	0.06587	0.21586	0.01875	0.00861	0.00531	0.00165	0.00400	0.00735	0.00522	0.00696
39	0.01016	0.00982	0.01366	0.01186	0.01192	0.01349	0.00971	0.01118	0.00752	0.01159	0.00775	0.01332	0.00791	0.08619	0.07168	0.00279	0.68749	0.00463	0.00226	0.00509
40	0.00599	0.00428	0.00570	0.00684	0.00713	0.00399	0.00456	0.00684	0.00941	0.01254	0.02709	0.82409	0.03250	0.01540	0.00627	0.00200	0.00285	0.01397	0.00456	0.00399
41	0.00831	0.00435	0.00623	0.00623	0.00623	0.00435	0.00406	0.00652	0.00652	0.00870	0.00966	0.01772	0.01004	0.14793	0.02014	0.71937	0.00435	0.00473	0.00227	0.00227
42	0.00854	0.00427	0.00640	0.00640	0.00640	0.00427	0.00427	0.00640	0.00640	0.00854	0.00854	0.01494	0.00854	0.01707	0.01921	0.85702	0.00427	0.00427	0.00213	0.00213
43	0.01160	0.01326	0.02900	0.02071	0.02568	0.01243	0.77879	0.01574	0.01160	0.01574	0.00994	0.01326	0.00746	0.00414	0.00580	0.00166	0.00829	0.00580	0.00249	0.00663
44	0.01010	0.00958	0.01653	0.55568	0.21299	0.01099	0.06060	0.01331	0.01027	0.01376	0.00916	0.01305	0.00709	0.00476	0.00491	0.00158	0.00636	0.00446	0.02876	0.00605
45	0.86201	0.00950	0.00722	0.00646	0.00950	0.01102	0.00532	0.01445	0.00836	0.02205	0.00684	0.00798	0.00532	0.00456	0.00304	0.00152	0.00380	0.00266	0.00304	0.00532
46	0.00912	0.00887	0.01590	0.38536	0.02420	0.00987	0.19065	0.01189	0.01006	0.01328	0.01409	0.18070	0.03982	0.00738	0.00612	0.00175	0.05584	0.00688	0.00282	0.00538
47	0.01314	0.83025	0.02575	0.00841	0.01261	0.01945	0.00841	0.01472	0.00999	0.01156	0.00683	0.00788	0.00631	0.00420	0.00315	0.00105	0.00526	0.00263	0.00210	0.00631
48	0.01249	0.01257	0.02111	0.21373	0.02454	0.09129	0.38885	0.01687	0.08327	0.06925	0.01099	0.01349	0.00814	0.00479	0.00531	0.00160	0.00723	0.00510	0.00290	0.00647
49	0.02706	0.01191	0.01874	0.02476	0.55812	0.01224	0.05887	0.11979	0.08592	0.01858	0.01060	0.01269	0.00848	0.00479	0.00491	0.00149	0.00571	0.00455	0.00302	0.00775
50	0.00917	0.00766	0.01020	0.03340	0.01181	0.00664	0.05923	0.05618	0.01075	0.01546	0.01596	0.31922	0.01690	0.00831	0.00490	0.00135	0.00386	0.00744	0.00360	0.39797
51	0.00588	0.00470	0.00526	0.00571	0.00683	0.00409	0.00406	0.00697	0.01050	0.01299	0.04086	0.35278	0.49492	0.01361	0.00599	0.00179	0.00263	0.01179	0.00456	0.00409
52	0.01167	0.01573	0.23859	0.01167	0.01554	0.08508	0.03699	0.02049	0.39322	0.01739	0.01525	0.06265	0.01217	0.00645	0.00535	0.00163	0.03407	0.00525	0.00372	0.00709
53	0.05140	0.49682	0.27338	0.01031	0.01537	0.05301	0.01144	0.01520	0.01022	0.01335	0.00751	0.00873	0.00624	0.00441	0.00369	0.00124	0.00600	0.00298	0.00216	0.00654
54	0.00928	0.00873	0.01474	0.81548	0.03385	0.01092	0.01365	0.01256	0.00983	0.01256	0.00873	0.01310	0.00655	0.00491	0.00491	0.00164	0.00655	0.00437	0.00218	0.00546
55	0.00599	0.00428	0.00570	0.00684	0.00713	0.00399	0.00456	0.00684	0.00941	0.01254	0.02709	0.82409	0.03250	0.01540	0.00627	0.00200	0.00285	0.01397	0.00456	0.00399
56	0.01321	0.04899	0.20489	0.04553	0.06295	0.20055	0.01145	0.04306	0.28519	0.01670	0.01250	0.01298	0.00951	0.00548	0.00470	0.00150	0.00621	0.00426	0.00332	0.00703
57	0.01185	0.33213	0.41499	0.01192	0.01767	0.01482	0.04316	0.07345	0.01124	0.01521	0.00833	0.00964	0.00647	0.00456	0.00415	0.00136	0.00639	0.00339	0.00232	0.00696
58	0.00772	0.00556	0.00758	0.00857	0.00970	0.00550	0.00738	0.00980	0.01113	0.01438	0.02753	0.05382	0.09028	0.04657	0.00745	0.00232	0.00437	0.67146	0.00447	0.00443
59	0.28123	0.01189	0.01304	0.01111	0.06014	0.01301	0.03956	0.40900	0.01666	0.08348	0.01059	0.01105	0.00762	0.00533	0.00437	0.00150	0.00496	0.00397	0.00417	0.00731
60	0.01177	0.01100	0.01822	0.24278	0.54256	0.01168	0.01435	0.05990	0.01153	0.01599	0.00926	0.01240	0.00748	0.00461	0.00488	0.00151	0.00601	0.00438	0.00251	0.00719
