[name]
unknown

[dist]
# distance from previous block
# <min> <max>
9	75

[block]
# block no. 0 follows, 44 sequences, length 29
# corresponding to MSA columns:
# 103-131
name=unknown_A
#
# <colnr> <probs for GDERKNQSTAVLIFYWHMCP>
#	G	D	E	R	K	N	Q	S	T	A	V	L	I	F	Y	W	H	M	C	P
0	0.01638	0.34687	0.04142	0.03182	0.01693	0.21839	0.07159	0.05661	0.01314	0.05640	0.00920	0.01077	0.00760	0.00558	0.00567	0.00147	0.07642	0.00384	0.00290	0.00701
1	0.01260	0.05664	0.06895	0.06020	0.04696	0.07030	0.00963	0.10695	0.01292	0.01773	0.01279	0.01524	0.04615	0.01137	0.12996	0.00255	0.05253	0.00458	0.00328	0.25868
2	0.01283	0.32146	0.30074	0.09430	0.02047	0.05414	0.03204	0.01646	0.01126	0.01472	0.00870	0.01080	0.00704	0.00536	0.00558	0.00156	0.06920	0.00378	0.00237	0.00718
3	0.01497	0.11959	0.09338	0.03490	0.02062	0.01336	0.28169	0.05042	0.10847	0.14868	0.01458	0.05044	0.01120	0.00605	0.00561	0.00172	0.00679	0.00585	0.00390	0.00778
4	0.01184	0.05371	0.19810	0.04506	0.21651	0.01049	0.02791	0.01536	0.02792	0.08180	0.04405	0.21019	0.01703	0.00841	0.00571	0.00180	0.00574	0.00749	0.00369	0.00718
5	0.00666	0.00486	0.00628	0.00734	0.00786	0.00448	0.00497	0.00772	0.01085	0.01432	0.06238	0.69492	0.11430	0.01650	0.00688	0.00215	0.00310	0.01485	0.00510	0.00448
6	0.00818	0.00677	0.00874	0.04586	0.01088	0.04157	0.00684	0.01000	0.00982	0.01315	0.02098	0.10938	0.11289	0.03156	0.52982	0.00650	0.01128	0.00746	0.00340	0.00491
7	0.01460	0.17803	0.13462	0.04181	0.05594	0.23551	0.01126	0.08211	0.01369	0.01607	0.01375	0.09675	0.04792	0.00793	0.02563	0.00175	0.00722	0.00543	0.00320	0.00677
8	0.02378	0.01036	0.01332	0.01021	0.01446	0.00962	0.00844	0.15876	0.01742	0.64341	0.01998	0.01757	0.01273	0.00671	0.00548	0.00168	0.00489	0.00538	0.00651	0.00928
9	0.00816	0.00564	0.00689	0.00675	0.00821	0.00502	0.00499	0.01003	0.01358	0.06499	0.36399	0.18232	0.27365	0.01279	0.00647	0.00184	0.00287	0.01114	0.00558	0.00510
10	0.00897	0.00759	0.00820	0.04092	0.01063	0.06629	0.00646	0.01175	0.08037	0.01547	0.05403	0.34841	0.12307	0.04234	0.02713	0.00231	0.00443	0.09428	0.04220	0.00514
11	0.05434	0.31118	0.21031	0.01330	0.07528	0.10412	0.01241	0.05409	0.03948	0.04405	0.00997	0.01119	0.00791	0.00524	0.00447	0.00146	0.00665	0.00377	0.02332	0.00746
12	0.74025	0.06024	0.00969	0.00763	0.01109	0.04108	0.00635	0.01658	0.00981	0.04648	0.00805	0.00918	0.00625	0.00511	0.00350	0.00164	0.00454	0.00305	0.00339	0.00609
13	0.01618	0.56818	0.02498	0.01098	0.01518	0.21818	0.02928	0.03657	0.01262	0.01363	0.00803	0.00929	0.00709	0.00496	0.00399	0.00126	0.00695	0.00321	0.00255	0.00689
14	0.02820	0.00582	0.00717	0.00772	0.00857	0.00568	0.00540	0.06252	0.01196	0.01628	0.09703	0.56220	0.06974	0.06125	0.00791	0.00228	0.00348	0.02692	0.00503	0.00484
15	0.01246	0.08448	0.33279	0.01589	0.06927	0.01288	0.13891	0.03664	0.08534	0.04276	0.04053	0.01652	0.01132	0.00597	0.00544	0.00170	0.00695	0.03975	0.00324	0.03716
16	0.04990	0.01644	0.24479	0.03239	0.18411	0.01204	0.04772	0.07183	0.10089	0.09709	0.01488	0.05146	0.02608	0.00649	0.00545	0.00175	0.00627	0.01868	0.00375	0.00801
17	0.00888	0.00654	0.00776	0.00756	0.00905	0.00658	0.00571	0.01331	0.14302	0.01971	0.35711	0.10363	0.08840	0.04995	0.00717	0.00198	0.00325	0.06266	0.09218	0.00554
18	0.01177	0.01057	0.01816	0.21042	0.30858	0.01094	0.10020	0.01492	0.01214	0.04361	0.02810	0.06613	0.04626	0.00711	0.00582	0.00180	0.00628	0.06576	0.02441	0.00702
19	0.01152	0.03688	0.23979	0.26386	0.05949	0.01294	0.24903	0.01615	0.01177	0.01624	0.01026	0.01364	0.00765	0.00508	0.00560	0.00176	0.00794	0.00507	0.01817	0.00715
20	0.01092	0.01753	0.29137	0.01447	0.01936	0.06640	0.19593	0.01498	0.01258	0.01692	0.10071	0.05089	0.12963	0.00757	0.00617	0.00178	0.02585	0.00680	0.00338	0.00673
21	0.00728	0.00553	0.00681	0.00730	0.00855	0.00506	0.00563	0.00906	0.01260	0.01630	0.18262	0.22022	0.29499	0.01431	0.00681	0.00206	0.00334	0.18153	0.00523	0.00477
22	0.01317	0.12816	0.12385	0.26022	0.13273	0.04903	0.05511	0.09260	0.02754	0.01739	0.02618	0.01341	0.00874	0.00554	0.00546	0.00166	0.02441	0.00463	0.00292	0.00728
23	0.01365	0.09528	0.08628	0.07262	0.12424	0.01176	0.08877	0.11160	0.01392	0.10550	0.04363	0.17700	0.01601	0.00806	0.00567	0.00175	0.00580	0.00719	0.00404	0.00725
24	0.01122	0.17807	0.01332	0.00928	0.01111	0.05262	0.00730	0.06358	0.02798	0.04324	0.02083	0.43635	0.02318	0.01198	0.00671	0.00189	0.06115	0.01012	0.00427	0.00579
25	0.03091	0.03947	0.12304	0.10647	0.12635	0.18254	0.02554	0.10188	0.01439	0.03830	0.06573	0.04045	0.02567	0.00634	0.00527	0.00159	0.00683	0.00513	0.00344	0.05064
26	0.00838	0.00626	0.00745	0.00724	0.00809	0.00655	0.00503	0.02781	0.05324	0.01350	0.04285	0.06430	0.16523	0.35436	0.15303	0.02485	0.03533	0.00824	0.00384	0.00445
27	0.01302	0.10571	0.01534	0.03975	0.03858	0.07000	0.04502	0.15732	0.01380	0.01815	0.01561	0.23370	0.01602	0.02439	0.00749	0.00184	0.10265	0.00751	0.00387	0.07025
28	0.00807	0.00722	0.03731	0.17189	0.01470	0.00673	0.00759	0.01068	0.01348	0.01820	0.40312	0.07629	0.18294	0.01057	0.00621	0.00179	0.00383	0.00922	0.00488	0.00530

[dist]
# distance from previous block
# <min> <max>
2	3

[block]
# block no. 1 follows, 44 sequences, length 27
# corresponding to MSA columns:
# 137-163
name=unknown_B
#
# <colnr> <probs for GDERKNQSTAVLIFYWHMCP>
#	G	D	E	R	K	N	Q	S	T	A	V	L	I	F	Y	W	H	M	C	P
0	0.01286	0.01173	0.06343	0.02838	0.01375	0.06029	0.00823	0.09058	0.12733	0.04433	0.04338	0.05680	0.03363	0.00687	0.00500	0.00144	0.00476	0.02901	0.10002	0.25819
1	0.00717	0.00526	0.00671	0.00711	0.00804	0.00484	0.00511	0.00887	0.01272	0.01721	0.32747	0.34976	0.13767	0.03316	0.00721	0.00205	0.00301	0.04649	0.00539	0.00474
2	0.01292	0.01176	0.01586	0.39952	0.15442	0.09334	0.01307	0.03532	0.03934	0.05330	0.01182	0.03614	0.00942	0.00602	0.00564	0.00172	0.02742	0.00509	0.06114	0.00674
3	0.39768	0.07108	0.02915	0.02562	0.01620	0.01293	0.19359	0.01702	0.05290	0.04763	0.01021	0.01217	0.00791	0.00623	0.01881	0.02278	0.02668	0.00433	0.02055	0.00654
4	0.78861	0.03093	0.02783	0.00754	0.01108	0.01257	0.00643	0.03127	0.00971	0.02420	0.00776	0.00901	0.00603	0.00508	0.00346	0.00167	0.00439	0.00302	0.00336	0.00605
5	0.00921	0.00654	0.00919	0.02767	0.01018	0.00611	0.04055	0.00954	0.00912	0.01272	0.01504	0.09756	0.04126	0.14639	0.09270	0.28135	0.00572	0.00645	0.00313	0.16956
6	0.01377	0.01274	0.01245	0.01046	0.01414	0.09854	0.00817	0.04303	0.41020	0.02039	0.01625	0.01596	0.01252	0.00606	0.00497	0.00145	0.00489	0.00486	0.00447	0.28467
7	0.01144	0.00677	0.00869	0.00856	0.01038	0.00633	0.00668	0.05426	0.01312	0.16302	0.04424	0.31559	0.12083	0.01323	0.00658	0.00206	0.00398	0.17454	0.00538	0.02429
8	0.00677	0.00490	0.00642	0.00760	0.00809	0.00456	0.00523	0.00785	0.01072	0.01413	0.03183	0.70150	0.09007	0.01671	0.00696	0.00221	0.00325	0.06168	0.00506	0.00448
9	0.00815	0.00577	0.00758	0.00847	0.00931	0.00568	0.00669	0.00977	0.01111	0.01450	0.02746	0.16542	0.06409	0.20691	0.01228	0.00310	0.00470	0.41989	0.00461	0.00450
10	0.01009	0.00858	0.01054	0.00978	0.01099	0.02968	0.00764	0.04910	0.09042	0.01602	0.06217	0.11863	0.09481	0.03834	0.20874	0.00381	0.18352	0.00754	0.03395	0.00567
11	0.02432	0.00950	0.01279	0.00980	0.01403	0.00834	0.00810	0.05336	0.01597	0.75086	0.02120	0.01836	0.01334	0.00674	0.00548	0.00169	0.00469	0.00546	0.00670	0.00928
12	0.01075	0.00565	0.00571	0.00550	0.00694	0.00574	0.00418	0.05439	0.01223	0.02111	0.01752	0.01992	0.01371	0.00636	0.00390	0.00129	0.00273	0.00507	0.79196	0.00532
13	0.01165	0.01094	0.01419	0.36122	0.08120	0.09476	0.01170	0.05533	0.01177	0.01501	0.01200	0.01877	0.01061	0.09047	0.10616	0.00300	0.03168	0.03486	0.01871	0.00597
14	0.05068	0.02632	0.66296	0.01500	0.02226	0.05730	0.03369	0.01721	0.01163	0.01729	0.01018	0.03301	0.00769	0.00551	0.00515	0.00172	0.00787	0.00431	0.00247	0.00774
15	0.57404	0.01032	0.00967	0.00810	0.01176	0.01112	0.00668	0.04292	0.01170	0.25057	0.01194	0.01190	0.00829	0.00561	0.00407	0.00169	0.00440	0.00377	0.00445	0.00702
16	0.01221	0.01243	0.01905	0.07563	0.12080	0.04928	0.13864	0.01435	0.01015	0.01434	0.00935	0.01478	0.00865	0.07712	0.01359	0.00235	0.39302	0.00529	0.00259	0.00635
17	0.00810	0.00635	0.00937	0.04731	0.01132	0.00664	0.03290	0.00992	0.00976	0.01374	0.03720	0.21623	0.01956	0.07015	0.40097	0.00552	0.00952	0.00822	0.00355	0.07367
18	0.01459	0.23485	0.28497	0.01300	0.05314	0.05421	0.01314	0.08276	0.01326	0.08800	0.01141	0.01235	0.02307	0.00539	0.00470	0.00147	0.00654	0.00403	0.00318	0.07594
19	0.00676	0.00544	0.00605	0.00632	0.00780	0.00473	0.00471	0.00825	0.01237	0.01538	0.11857	0.18766	0.52069	0.01422	0.00661	0.00194	0.00296	0.05975	0.00515	0.00465
20	0.01219	0.00656	0.00872	0.00762	0.00969	0.00591	0.00591	0.01464	0.01548	0.22386	0.57120	0.03480	0.04131	0.00997	0.00618	0.00171	0.00312	0.00869	0.00620	0.00625
21	0.01289	0.04320	0.45922	0.10275	0.12197	0.01281	0.03556	0.05892	0.01268	0.07365	0.01085	0.01271	0.00782	0.00533	0.00526	0.00170	0.00736	0.00441	0.00288	0.00802
22	0.00819	0.00571	0.00830	0.00826	0.00919	0.00629	0.00625	0.00945	0.00882	0.01273	0.01479	0.07264	0.01430	0.03324	0.55809	0.13564	0.01147	0.00619	0.03526	0.03519
23	0.00675	0.00479	0.00629	0.00746	0.00775	0.00450	0.00492	0.00762	0.01023	0.01364	0.02900	0.74211	0.03473	0.08162	0.00865	0.00246	0.00334	0.01488	0.00492	0.00434
24	0.00718	0.00527	0.00673	0.00696	0.00797	0.00482	0.00499	0.00902	0.01327	0.01815	0.41870	0.31744	0.13209	0.01360	0.00662	0.00191	0.00281	0.01209	0.00555	0.00482
25	0.01220	0.03441	0.39889	0.04069	0.04950	0.07692	0.11557	0.01669	0.01233	0.05247	0.05222	0.08809	0.01255	0.00663	0.00556	0.00175	0.00733	0.00580	0.00309	0.00732
26	0.01202	0.20468	0.22153	0.03113	0.21668	0.01381	0.03048	0.01558	0.01218	0.01689	0.13099	0.01618	0.01454	0.00607	0.00553	0.00159	0.03470	0.00501	0.00302	0.00737

[dist]
# distance from previous block
# <min> <max>
0	2

[block]
# block no. 2 follows, 44 sequences, length 20
# corresponding to MSA columns:
# 166-173,175-186
name=unknown_C
#
# <colnr> <probs for GDERKNQSTAVLIFYWHMCP>
#	G	D	E	R	K	N	Q	S	T	A	V	L	I	F	Y	W	H	M	C	P
0	0.01795	0.00781	0.01032	0.00860	0.01163	0.00685	0.00684	0.01981	0.01423	0.49054	0.08401	0.09547	0.11159	0.05200	0.00707	0.00198	0.00417	0.03555	0.00609	0.00749
1	0.01668	0.47721	0.02315	0.04081	0.01600	0.23178	0.00999	0.09878	0.01387	0.01537	0.00850	0.00974	0.00726	0.00516	0.00418	0.00131	0.00701	0.00337	0.00281	0.00702
2	0.00968	0.00601	0.00792	0.00719	0.00882	0.00548	0.00548	0.01220	0.01545	0.11078	0.68335	0.03812	0.04698	0.01063	0.00632	0.00171	0.00282	0.00934	0.00609	0.00563
3	0.01996	0.02538	0.01634	0.01452	0.01748	0.74522	0.05030	0.02154	0.01531	0.01356	0.00857	0.01009	0.00709	0.00556	0.00500	0.00143	0.00980	0.00367	0.00281	0.00638
4	0.01211	0.01273	0.05720	0.27642	0.35874	0.01263	0.13696	0.01583	0.01196	0.01643	0.01067	0.01520	0.00865	0.00529	0.00563	0.00175	0.00721	0.02445	0.00266	0.00747
5	0.01397	0.01480	0.06888	0.01842	0.02309	0.06300	0.44957	0.05755	0.04900	0.06851	0.01392	0.03874	0.01138	0.00629	0.00640	0.00185	0.02146	0.06232	0.00350	0.00734
6	0.00817	0.00617	0.00745	0.00738	0.00840	0.03303	0.00538	0.00983	0.01198	0.01650	0.31359	0.11898	0.08337	0.09188	0.17908	0.04310	0.00588	0.00890	0.03623	0.00471
7	0.14952	0.45933	0.08180	0.01074	0.01521	0.12939	0.03810	0.03421	0.01185	0.01580	0.00813	0.00946	0.00692	0.00495	0.00397	0.00136	0.00645	0.00327	0.00265	0.00687
8	0.01478	0.01089	0.01223	0.01062	0.01333	0.01174	0.00838	0.41877	0.04688	0.02563	0.02038	0.28493	0.02030	0.01079	0.00613	0.00191	0.00490	0.06482	0.00529	0.00728
9	0.01059	0.01074	0.07403	0.01326	0.05100	0.00930	0.19017	0.07438	0.02867	0.01919	0.23678	0.08578	0.06123	0.08141	0.00819	0.00213	0.00547	0.02712	0.00433	0.00623
10	0.01219	0.01017	0.01128	0.01068	0.01325	0.01149	0.00853	0.02400	0.55499	0.02121	0.05273	0.03101	0.02152	0.00938	0.00606	0.00200	0.00442	0.18202	0.00544	0.00763
11	0.01661	0.00952	0.01185	0.00873	0.01332	0.00757	0.00709	0.01891	0.01304	0.32468	0.01446	0.01423	0.01026	0.00513	0.00462	0.00116	0.00428	0.00414	0.00465	0.50574
12	0.00664	0.00474	0.00633	0.00759	0.00791	0.00443	0.00506	0.00759	0.01044	0.01392	0.03005	0.80485	0.03606	0.01708	0.00696	0.00221	0.00316	0.01550	0.00506	0.00443
13	0.00870	0.00622	0.00869	0.00995	0.01117	0.00620	0.00864	0.01115	0.01247	0.01622	0.02891	0.08981	0.03155	0.01514	0.00751	0.00250	0.00495	0.71020	0.00502	0.00500
14	0.01055	0.00969	0.05471	0.01142	0.07036	0.06166	0.05661	0.01295	0.02457	0.06535	0.06229	0.18477	0.16284	0.04759	0.00723	0.00207	0.00489	0.10800	0.03668	0.00579
15	0.02235	0.00909	0.01206	0.00946	0.01335	0.00812	0.00774	0.02538	0.06507	0.66070	0.05668	0.01979	0.01551	0.00698	0.00546	0.00168	0.00443	0.00572	0.04156	0.00886
16	0.01016	0.00508	0.00508	0.00508	0.00635	0.00508	0.00381	0.01270	0.01143	0.02033	0.01778	0.02033	0.01397	0.00635	0.00381	0.00127	0.00254	0.00508	0.83867	0.00508
17	0.01712	0.42276	0.07701	0.01109	0.01580	0.06046	0.02471	0.19219	0.01530	0.10078	0.01065	0.01120	0.00825	0.00542	0.00443	0.00140	0.00619	0.00384	0.00358	0.00782
18	0.01565	0.01054	0.01112	0.00914	0.01206	0.01146	0.00735	0.38728	0.05711	0.02751	0.01565	0.01669	0.01175	0.00650	0.00473	0.00148	0.00437	0.00505	0.37720	0.00737
19	0.01314	0.01328	0.06034	0.04540	0.09852	0.04988	0.11680	0.09256	0.14710	0.01934	0.01584	0.01869	0.05547	0.00673	0.00638	0.00168	0.06170	0.03981	0.00377	0.13358

[dist]
# distance from previous block
# <min> <max>
1	4

[block]
# block no. 3 follows, 44 sequences, length 112
# corresponding to MSA columns:
# 199-213,215-246,248-312
name=unknown_D
#
# <colnr> <probs for GDERKNQSTAVLIFYWHMCP>
#	G	D	E	R	K	N	Q	S	T	A	V	L	I	F	Y	W	H	M	C	P
0	0.05986	0.01298	0.05672	0.01097	0.01550	0.01207	0.03755	0.25180	0.12238	0.08030	0.01335	0.01369	0.00989	0.00564	0.00493	0.00142	0.00517	0.00449	0.00446	0.27684
1	0.01040	0.05394	0.34436	0.01242	0.01644	0.02939	0.01324	0.01396	0.01021	0.01480	0.01174	0.04808	0.01057	0.06384	0.18140	0.00358	0.13276	0.00522	0.01720	0.00644
2	0.00938	0.05789	0.01051	0.10579	0.01317	0.00813	0.02417	0.04097	0.07030	0.01816	0.22686	0.21317	0.09037	0.01065	0.00593	0.00180	0.00393	0.00932	0.07388	0.00563
3	0.01128	0.00640	0.00822	0.00729	0.00932	0.00571	0.00563	0.01357	0.01501	0.19071	0.49250	0.03755	0.15408	0.01057	0.00622	0.00173	0.00307	0.00913	0.00602	0.00599
4	0.01025	0.13616	0.33765	0.01193	0.01638	0.01160	0.02936	0.01382	0.01053	0.01482	0.01335	0.11971	0.01273	0.05210	0.15517	0.00324	0.03587	0.00600	0.00285	0.00649
5	0.01249	0.01344	0.06510	0.14643	0.35748	0.01249	0.20263	0.01623	0.01214	0.01708	0.01028	0.01365	0.00818	0.00483	0.00553	0.00164	0.00715	0.00506	0.00270	0.08548
6	0.00726	0.00574	0.00660	0.00674	0.00818	0.00525	0.00498	0.00965	0.05473	0.01673	0.21475	0.20547	0.38191	0.01355	0.00654	0.00191	0.00297	0.03680	0.00531	0.00493
7	0.01010	0.00606	0.00791	0.00716	0.00886	0.00553	0.00547	0.01259	0.01524	0.12624	0.62426	0.03709	0.05874	0.01040	0.00620	0.00170	0.00286	0.00910	0.03881	0.00570
8	0.03745	0.01328	0.09158	0.47504	0.10201	0.06532	0.08593	0.01529	0.01154	0.01524	0.01026	0.03442	0.00816	0.00559	0.00545	0.00177	0.00743	0.00505	0.00259	0.00659
9	0.00663	0.00478	0.00629	0.00750	0.00788	0.00444	0.00502	0.00760	0.01052	0.01395	0.03111	0.77310	0.06711	0.01694	0.00694	0.00220	0.00315	0.01533	0.00506	0.00444
10	0.00664	0.00474	0.00633	0.00759	0.00791	0.00443	0.00506	0.00759	0.01044	0.01392	0.03005	0.80485	0.03606	0.01708	0.00696	0.00221	0.00316	0.01550	0.00506	0.00443
11	0.00663	0.00478	0.00629	0.00749	0.00788	0.00444	0.00501	0.00760	0.01054	0.01396	0.03133	0.76658	0.07350	0.01691	0.00693	0.00220	0.00314	0.01530	0.00506	0.00444
12	0.02727	0.27913	0.11901	0.13664	0.12898	0.01532	0.09167	0.05229	0.01213	0.01611	0.01078	0.06724	0.00953	0.00584	0.00494	0.00158	0.00658	0.00499	0.00280	0.00717
13	0.01158	0.01060	0.01393	0.01323	0.06317	0.04973	0.00988	0.01286	0.00919	0.03796	0.01064	0.01748	0.01050	0.14699	0.12824	0.00367	0.43646	0.00542	0.00280	0.00567
14	0.79963	0.01065	0.00860	0.02423	0.02598	0.01232	0.00638	0.02827	0.00964	0.02428	0.00778	0.00913	0.00604	0.00509	0.00349	0.00169	0.00435	0.00306	0.00338	0.00602
15	0.02446	0.00928	0.01265	0.00970	0.01392	0.00801	0.00801	0.02657	0.01560	0.77817	0.02151	0.01856	0.01350	0.00675	0.00548	0.00169	0.00464	0.00548	0.00675	0.00928
16	0.00844	0.00697	0.04796	0.00706	0.00905	0.00553	0.00579	0.01081	0.01429	0.06232	0.46351	0.04161	0.27341	0.01142	0.00631	0.00175	0.00304	0.00982	0.00555	0.00536
17	0.00661	0.00553	0.00576	0.00570	0.00747	0.00468	0.00428	0.00816	0.01283	0.01569	0.15176	0.05088	0.67506	0.01345	0.00644	0.00182	0.00274	0.01128	0.00519	0.00468
18	0.16880	0.04896	0.04069	0.01270	0.01585	0.59552	0.00999	0.02040	0.01406	0.01546	0.00830	0.00968	0.00682	0.00547	0.00460	0.00146	0.00863	0.00341	0.00288	0.00633
19	0.00908	0.00587	0.00763	0.02734	0.00922	0.00556	0.00567	0.01165	0.01456	0.06106	0.55280	0.03782	0.04171	0.01044	0.00609	0.00172	0.00299	0.06685	0.11658	0.00537
20	0.01635	0.01141	0.01397	0.01365	0.11483	0.01196	0.00949	0.37036	0.01858	0.11146	0.01830	0.22980	0.01698	0.00922	0.00586	0.00180	0.00513	0.00786	0.00513	0.00787
21	0.01480	0.75965	0.04101	0.00967	0.01430	0.05880	0.00958	0.01661	0.01130	0.01293	0.00766	0.00885	0.00700	0.00472	0.00360	0.00119	0.00606	0.00296	0.00235	0.00698
22	0.01311	0.01214	0.02134	0.16822	0.40595	0.01242	0.14473	0.04457	0.01273	0.04691	0.01196	0.05926	0.01010	0.00576	0.00568	0.00173	0.00682	0.00577	0.00306	0.00775
23	0.00820	0.00624	0.00961	0.00910	0.01024	0.00697	0.04809	0.01012	0.00903	0.01307	0.01481	0.02243	0.01397	0.11465	0.63009	0.00767	0.01280	0.00605	0.04199	0.00486
24	0.82283	0.01051	0.00815	0.00724	0.01064	0.01211	0.00597	0.01633	0.00946	0.04653	0.00800	0.00914	0.00613	0.00511	0.00344	0.00169	0.00423	0.00303	0.00347	0.00600
25	0.01062	0.00821	0.01037	0.09692	0.05634	0.02362	0.00875	0.01573	0.16497	0.01791	0.02180	0.04702	0.03238	0.01015	0.00636	0.02401	0.00475	0.27149	0.16258	0.00602
26	0.01504	0.01244	0.01316	0.01139	0.01474	0.01425	0.00899	0.17875	0.61236	0.02519	0.02032	0.01885	0.01512	0.00722	0.00553	0.00181	0.00466	0.00591	0.00553	0.00876
27	0.01200	0.00967	0.01138	0.00816	0.01297	0.00731	0.00654	0.01441	0.01153	0.05803	0.01032	0.01169	0.00836	0.00418	0.00411	0.00085	0.00407	0.00335	0.00342	0.79765
28	0.00737	0.00508	0.00608	0.00658	0.00677	0.00492	0.00403	0.00779	0.00908	0.01204	0.02361	0.34127	0.05259	0.46680	0.01876	0.00395	0.00436	0.01106	0.00406	0.00379
29	0.00879	0.00628	0.00879	0.01004	0.01130	0.00628	0.00879	0.01130	0.01255	0.01632	0.02887	0.06150	0.03138	0.01506	0.00753	0.00251	0.00502	0.73770	0.00502	0.00502
30	0.00818	0.00590	0.00731	0.02254	0.00802	0.00629	0.00490	0.01938	0.00901	0.01231	0.01924	0.21907	0.02198	0.47138	0.06087	0.00430	0.06365	0.00926	0.02239	0.00404
31	0.02404	0.00918	0.01252	0.00963	0.01377	0.00794	0.00794	0.02616	0.01560	0.75919	0.04034	0.01911	0.01445	0.00686	0.00551	0.00169	0.00459	0.00559	0.00673	0.00917
32	0.01067	0.00535	0.00554	0.00537	0.00685	0.00521	0.00407	0.01310	0.01174	0.06223	0.02088	0.02270	0.07241	0.00695	0.00411	0.00134	0.00267	0.00560	0.72792	0.00528
33	0.01196	0.01174	0.02099	0.25516	0.28368	0.01232	0.18234	0.01625	0.05431	0.01716	0.06962	0.01656	0.01189	0.00560	0.00574	0.00175	0.00691	0.00567	0.00304	0.00731
34	0.06080	0.02134	0.11156	0.09854	0.07700	0.42202	0.08066	0.01942	0.01370	0.03245	0.00935	0.01140	0.00736	0.00539	0.00511	0.00156	0.00862	0.00410	0.00281	0.00682
35	0.78274	0.07231	0.00960	0.00734	0.01081	0.01295	0.00617	0.01605	0.00942	0.02356	0.00759	0.00885	0.00599	0.00503	0.00338	0.00165	0.00434	0.00295	0.00329	0.00599
36	0.01035	0.00948	0.01256	0.01125	0.01153	0.03134	0.00887	0.01145	0.00852	0.01246	0.01103	0.01919	0.01136	0.19246	0.18799	0.00440	0.43222	0.00567	0.00272	0.00515
37	0.01127	0.00874	0.00979	0.00910	0.01150	0.00914	0.00689	0.01920	0.36110	0.06402	0.04389	0.22078	0.11709	0.01042	0.00591	0.00185	0.00379	0.00900	0.00527	0.07126
38	0.18010	0.08018	0.17105	0.01360	0.07444	0.17087	0.03582	0.07672	0.02787	0.06681	0.01039	0.01161	0.00789	0.00541	0.00468	0.00156	0.00673	0.00397	0.02203	0.02826
39	0.00846	0.00576	0.00737	0.00686	0.00836	0.00523	0.00518	0.01087	0.01510	0.06109	0.64981	0.04089	0.13194	0.01122	0.00638	0.00173	0.00270	0.00982	0.00593	0.00530
40	0.00772	0.00557	0.00729	0.00686	0.00814	0.00514	0.00514	0.01029	0.01543	0.02186	0.77152	0.04072	0.05144	0.01115	0.00643	0.00171	0.00257	0.00986	0.00600	0.00514
41	0.01136	0.01083	0.01853	0.53797	0.26949	0.01241	0.03221	0.01489	0.01142	0.01523	0.00990	0.01421	0.00772	0.00524	0.00546	0.00176	0.00706	0.00488	0.00252	0.00690
42	0.00836	0.01183	0.21857	0.08315	0.01517	0.00764	0.01029	0.01137	0.02476	0.01513	0.02353	0.43791	0.05683	0.01235	0.00631	0.00203	0.00496	0.04007	0.00407	0.00568
43	0.00700	0.00535	0.00653	0.00731	0.00839	0.00487	0.00548	0.00843	0.01162	0.01471	0.03927	0.37052	0.31165	0.01544	0.00688	0.00213	0.00339	0.16136	0.00505	0.00461
44	0.00693	0.00542	0.00627	0.00632	0.00772	0.00477	0.00464	0.00866	0.01318	0.01713	0.30522	0.16436	0.40318	0.01337	0.00652	0.00185	0.00276	0.01154	0.00540	0.00477
45	0.12024	0.21578	0.02054	0.01947	0.32783	0.02501	0.02845	0.03064	0.01235	0.11703	0.01074	0.01228	0.00848	0.00510	0.00466	0.00151	0.00583	0.00419	0.00328	0.02659
46	0.01259	0.31482	0.36277	0.01417	0.02021	0.01631	0.11337	0.01672	0.01136	0.01543	0.00900	0.01094	0.00713	0.00514	0.00540	0.00157	0.04924	0.00398	0.00238	0.00746
47	0.01376	0.00914	0.01081	0.00908	0.01171	0.00935	0.00719	0.21724	0.07600	0.11771	0.41520	0.02890	0.03262	0.00906	0.00598	0.00170	0.00389	0.00769	0.00591	0.00704
48	0.01977	0.05707	0.01667	0.01207	0.01649	0.01651	0.01005	0.66737	0.02390	0.03211	0.01257	0.01274	0.00907	0.00628	0.00526	0.00156	0.00586	0.00469	0.00514	0.06484
49	0.00748	0.00624	0.04712	0.00723	0.00781	0.00527	0.00503	0.00826	0.00931	0.01251	0.02289	0.39899	0.02683	0.39077	0.01670	0.00364	0.00443	0.01131	0.00408	0.00409
50	0.01250	0.40739	0.12104	0.01002	0.01386	0.09361	0.00966	0.01464	0.01154	0.01382	0.01577	0.17611	0.06416	0.00800	0.00478	0.00153	0.00578	0.00629	0.00312	0.00638
51	0.02268	0.01081	0.01344	0.01045	0.01460	0.01045	0.00858	0.18710	0.08362	0.54837	0.01972	0.01751	0.01284	0.00676	0.00548	0.00169	0.00491	0.00542	0.00636	0.00922
52	0.01016	0.00719	0.00867	0.00794	0.00985	0.00718	0.00608	0.01538	0.17899	0.07700	0.47627	0.03569	0.08921	0.02538	0.00659	0.00183	0.00321	0.02140	0.00582	0.00614
53	0.01458	0.81168	0.02857	0.00933	0.01399	0.02157	0.00933	0.01632	0.01108	0.01283	0.00758	0.00875	0.00700	0.00466	0.00350	0.00117	0.00583	0.00292	0.00233	0.00700
54	0.01947	0.02453	0.01554	0.06631	0.01817	0.71491	0.01088	0.02102	0.01496	0.01338	0.00848	0.01020	0.00704	0.00571	0.00529	0.00146	0.02994	0.00363	0.00277	0.00629
55	0.01224	0.13612	0.22016	0.05649	0.03672	0.03017	0.31302	0.01645	0.01194	0.01622	0.02972	0.01383	0.00903	0.00703	0.04716	0.00207	0.02665	0.00514	0.00264	0.00720
56	0.84691	0.01054	0.00801	0.00717	0.01054	0.01223	0.00590	0.01603	0.00928	0.02446	0.00759	0.00886	0.00590	0.00506	0.00337	0.00169	0.00422	0.00295	0.00337	0.00590
57	0.01235	0.01078	0.00827	0.00806	0.00960	0.21830	0.00597	0.01434	0.01226	0.01716	0.01669	0.12183	0.01500	0.00941	0.04599	0.00183	0.00525	0.00608	0.45551	0.00532
58	0.01356	0.01171	0.01233	0.01109	0.01418	0.01356	0.00863	0.02897	0.76455	0.02281	0.02219	0.02034	0.01664	0.00740	0.00555	0.00185	0.00431	0.00616	0.00555	0.00863
59	0.03803	0.00957	0.01205	0.00902	0.01348	0.00794	0.00736	0.03246	0.01385	0.43647	0.01620	0.01526	0.01103	0.00559	0.00484	0.00132	0.00440	0.00449	0.00520	0.35144
60	0.00654	0.00513	0.00593	0.00657	0.00764	0.00451	0.00461	0.00771	0.01142	0.01432	0.04245	0.43440	0.39850	0.01547	0.00670	0.00203	0.00297	0.01353	0.00506	0.00451
61	0.00793	0.00529	0.00595	0.00595	0.00595	0.00529	0.00330	0.00793	0.00793	0.01057	0.01718	0.03568	0.01982	0.80840	0.02775	0.00529	0.00529	0.00793	0.00330	0.00330
62	0.01084	0.01037	0.01460	0.01288	0.01307	0.01412	0.01056	0.01215	0.00856	0.01309	0.01001	0.06665	0.01024	0.01561	0.15368	0.00351	0.60606	0.00568	0.00266	0.00567
63	0.07040	0.00935	0.01239	0.00956	0.01373	0.00825	0.00790	0.02598	0.01525	0.73607	0.02073	0.01801	0.01307	0.00665	0.00536	0.00169	0.00462	0.00534	0.00656	0.00909
64	0.00702	0.00555	0.00633	0.00613	0.00772	0.00485	0.00460	0.00895	0.01380	0.01798	0.38192	0.04711	0.44346	0.01259	0.00644	0.00178	0.00268	0.01075	0.00549	0.00485
65	0.01316	0.02487	0.46899	0.01457	0.03979	0.22671	0.01575	0.01754	0.01272	0.01593	0.01405	0.01527	0.08496	0.00617	0.00524	0.00165	0.00797	0.00467	0.00273	0.00724
66	0.01786	0.02062	0.01734	0.05083	0.17040	0.46743	0.02760	0.07905	0.01493	0.01604	0.00919	0.01127	0.00757	0.00578	0.00599	0.00156	0.06248	0.00410	0.00295	0.00701
67	0.01920	0.02400	0.01589	0.07537	0.06077	0.68360	0.01124	0.02088	0.01493	0.01364	0.00863	0.01040	0.00713	0.00556	0.00498	0.00145	0.00945	0.00369	0.00277	0.00643
68	0.03278	0.01230	0.01762	0.31438	0.02456	0.07033	0.07823	0.01451	0.01026	0.01411	0.00857	0.01294	0.00726	0.00714	0.01081	0.00203	0.34871	0.00481	0.00249	0.00615
69	0.05919	0.00743	0.01014	0.02180	0.01148	0.00722	0.04595	0.02856	0.03899	0.17482	0.24991	0.16730	0.05766	0.01318	0.07879	0.00247	0.00488	0.00879	0.00526	0.00619
70	0.01216	0.29186	0.52723	0.01345	0.02036	0.01566	0.01650	0.01695	0.01136	0.01577	0.00904	0.01058	0.00694	0.00501	0.00461	0.00154	0.00731	0.00365	0.00231	0.00770
71	0.00713	0.00560	0.00647	0.00640	0.00798	0.00495	0.00490	0.00907	0.01362	0.01767	0.33640	0.04852	0.43010	0.01285	0.00652	0.00184	0.00286	0.06685	0.00543	0.00485
72	0.00830	0.00570	0.00748	0.00696	0.00835	0.00524	0.00524	0.01086	0.01544	0.04833	0.74527	0.03995	0.05011	0.01099	0.00640	0.00171	0.00264	0.00971	0.00603	0.00529
73	0.01330	0.01394	0.06525	0.03165	0.67494	0.01300	0.07381	0.01682	0.01240	0.01775	0.01029	0.01348	0.00851	0.00486	0.00547	0.00164	0.00677	0.00493	0.00268	0.00850
74	0.00734	0.00548	0.00691	0.00749	0.00852	0.00513	0.00555	0.00934	0.03211	0.01643	0.20045	0.36251	0.17706	0.01458	0.00679	0.00207	0.00326	0.11888	0.00528	0.00482
75	0.00664	0.00474	0.00633	0.00759	0.00791	0.00443	0.00506	0.00759	0.01044	0.01392	0.03005	0.80485	0.03606	0.01708	0.00696	0.00221	0.00316	0.01550	0.00506	0.00443
76	0.00719	0.00526	0.00677	0.00715	0.00810	0.00484	0.00516	0.00897	0.01294	0.01760	0.35826	0.35304	0.12416	0.01402	0.00669	0.00197	0.00294	0.04467	0.00547	0.00479
77	0.01169	0.14898	0.34831	0.22967	0.12566	0.01400	0.01656	0.01613	0.01139	0.01570	0.00946	0.01215	0.00725	0.00513	0.00501	0.00165	0.00727	0.00418	0.00239	0.00741
78	0.02300	0.01012	0.01257	0.00985	0.01381	0.04936	0.00804	0.04177	0.02862	0.66406	0.06428	0.01929	0.01532	0.00695	0.00551	0.00168	0.00482	0.00563	0.00645	0.00887
79	0.84691	0.01054	0.00801	0.00717	0.01054	0.01223	0.00590	0.01603	0.00928	0.02446	0.00759	0.00886	0.00590	0.00506	0.00337	0.00169	0.00422	0.00295	0.00337	0.00590
80	0.01443	0.00763	0.00977	0.00822	0.01079	0.00706	0.00650	0.07697	0.01617	0.28049	0.41548	0.03151	0.07320	0.00941	0.00603	0.00171	0.00357	0.00805	0.00616	0.00686
81	0.01766	0.02045	0.01934	0.01593	0.01944	0.47203	0.21328	0.02006	0.01453	0.05742	0.01144	0.01563	0.00960	0.00613	0.00556	0.00162	0.00900	0.06103	0.00319	0.00667
82	0.01672	0.00922	0.01140	0.00968	0.01272	0.00932	0.00769	0.06381	0.21123	0.32808	0.10776	0.06322	0.01968	0.01163	0.08955	0.00252	0.00538	0.00670	0.00577	0.00790
83	0.01438	0.11982	0.01592	0.01260	0.04590	0.11276	0.00981	0.06191	0.34299	0.01878	0.01525	0.01667	0.01231	0.00834	0.03437	0.00202	0.12068	0.02388	0.00409	0.00754
84	0.00979	0.00771	0.00854	0.00908	0.06180	0.03669	0.00634	0.01274	0.08548	0.07893	0.04069	0.10986	0.44920	0.01203	0.00625	0.00187	0.00375	0.04853	0.00500	0.00573
85	0.01556	0.00761	0.00998	0.00818	0.01114	0.00660	0.00651	0.01785	0.01498	0.36468	0.32455	0.02875	0.07069	0.00868	0.00579	0.00163	0.00365	0.00739	0.00605	0.07973
86	0.02037	0.02598	0.01545	0.01404	0.01685	0.78652	0.01053	0.02177	0.01545	0.01334	0.00843	0.00983	0.00702	0.00562	0.00492	0.00140	0.00983	0.00351	0.00281	0.00632
87	0.07205	0.03309	0.01667	0.35592	0.13264	0.19147	0.01305	0.09098	0.01354	0.01710	0.00963	0.01263	0.00751	0.00547	0.00513	0.00165	0.00737	0.00437	0.00292	0.00682
88	0.01400	0.01311	0.04213	0.12971	0.43169	0.01286	0.14828	0.05632	0.01318	0.06896	0.01121	0.01411	0.00870	0.00511	0.00559	0.00169	0.00696	0.00516	0.00308	0.00812
89	0.84691	0.01054	0.00801	0.00717	0.01054	0.01223	0.00590	0.01603	0.00928	0.02446	0.00759	0.00886	0.00590	0.00506	0.00337	0.00169	0.00422	0.00295	0.00337	0.00590
90	0.00782	0.00573	0.00821	0.00821	0.00899	0.00651	0.00612	0.00938	0.00860	0.01225	0.01511	0.02422	0.01485	0.19175	0.63760	0.00808	0.01277	0.00625	0.00300	0.00456
91	0.01374	0.01209	0.01241	0.01117	0.01425	0.03393	0.00868	0.02878	0.74481	0.02256	0.02183	0.02006	0.01639	0.00735	0.00553	0.00184	0.00446	0.00609	0.00548	0.00857
92	0.01130	0.00969	0.01130	0.00807	0.01292	0.00727	0.00646	0.01373	0.01130	0.01776	0.00969	0.01130	0.00807	0.00404	0.00404	0.00081	0.00404	0.00323	0.00323	0.84173
93	0.01207	0.01027	0.01509	0.27203	0.20074	0.01132	0.01204	0.01800	0.18472	0.05814	0.08700	0.02059	0.06097	0.00687	0.00561	0.00176	0.00555	0.00606	0.00393	0.00725
94	0.01279	0.01456	0.03171	0.04560	0.02876	0.01374	0.73294	0.01736	0.01281	0.01736	0.01099	0.01470	0.00824	0.00462	0.00641	0.00184	0.00913	0.00639	0.00275	0.00731
95	0.00963	0.00863	0.10971	0.00767	0.00999	0.00627	0.00691	0.01267	0.01383	0.05779	0.42793	0.03019	0.03344	0.00883	0.00550	0.00159	0.00339	0.00757	0.23274	0.00572
96	0.02446	0.00928	0.01265	0.00970	0.01392	0.00801	0.00801	0.02657	0.01560	0.77817	0.02151	0.01856	0.01350	0.00675	0.00548	0.00169	0.00464	0.00548	0.00675	0.00928
97	0.01047	0.01961	0.42449	0.01472	0.02056	0.01104	0.15836	0.01560	0.03156	0.01728	0.05675	0.02240	0.11659	0.00719	0.00581	0.00181	0.00699	0.04846	0.00320	0.00713
98	0.01143	0.00997	0.00832	0.00792	0.00900	0.16666	0.00540	0.04825	0.01136	0.01462	0.03824	0.07808	0.01763	0.38301	0.01563	0.00327	0.00554	0.00692	0.15410	0.00467
99	0.01342	0.01305	0.05898	0.13217	0.01873	0.05860	0.02902	0.03437	0.01055	0.08539	0.00953	0.01313	0.00799	0.00881	0.03260	0.00227	0.45716	0.00480	0.00292	0.00651
100	0.67668	0.01372	0.00954	0.00859	0.01184	0.17170	0.00686	0.01721	0.01055	0.02217	0.00776	0.00906	0.00613	0.00518	0.00369	0.00163	0.00537	0.00307	0.00326	0.00599
101	0.00812	0.00601	0.00810	0.00794	0.00844	0.00683	0.00567	0.00920	0.00838	0.01181	0.01519	0.02680	0.01581	0.36278	0.41495	0.00687	0.06310	0.00665	0.00305	0.00428
102	0.01111	0.00923	0.01084	0.01014	0.01177	0.09951	0.03603	0.01383	0.06105	0.07421	0.01699	0.14195	0.01616	0.02575	0.40604	0.00540	0.03352	0.00706	0.00370	0.00570
103	0.01384	0.65339	0.18041	0.01058	0.01593	0.01977	0.01151	0.01651	0.01116	0.01372	0.00802	0.00930	0.00698	0.00477	0.00384	0.00128	0.00628	0.00314	0.00233	0.00721
104	0.00669	0.00506	0.00620	0.00702	0.00787	0.00457	0.00491	0.00788	0.01129	0.01452	0.06302	0.52403	0.26014	0.01581	0.00680	0.00209	0.00309	0.03937	0.00509	0.00453
105	0.01300	0.00643	0.00862	0.00828	0.01005	0.00578	0.00613	0.01447	0.01256	0.28183	0.06870	0.44579	0.04177	0.02567	0.00675	0.00205	0.00371	0.02657	0.00567	0.00616
106	0.01226	0.11516	0.58734	0.01519	0.04395	0.01338	0.04631	0.01761	0.01176	0.05929	0.01025	0.01177	0.00741	0.00516	0.00504	0.00165	0.00754	0.00409	0.00260	0.02225
107	0.00703	0.00503	0.00632	0.00712	0.00769	0.00470	0.00484	0.00783	0.01033	0.01346	0.03126	0.49371	0.15713	0.11725	0.02545	0.04712	0.00374	0.04108	0.00465	0.00424
108	0.00715	0.00496	0.00618	0.00694	0.00713	0.00477	0.00436	0.00772	0.00944	0.01259	0.02493	0.49927	0.02961	0.33146	0.01522	0.00343	0.00401	0.01249	0.00436	0.00398
109	0.01130	0.00969	0.01130	0.00807	0.01292	0.00727	0.00646	0.01373	0.01130	0.01776	0.00969	0.01130	0.00807	0.00404	0.00404	0.00081	0.00404	0.00323	0.00323	0.84173
110	0.01329	0.01037	0.01536	0.22117	0.13727	0.01106	0.03998	0.10737	0.01380	0.09940	0.07659	0.04576	0.04337	0.00795	0.02908	0.00192	0.04744	0.00594	0.00388	0.06902
111	0.01212	0.08061	0.46274	0.01306	0.01957	0.01191	0.02964	0.01740	0.04847	0.05997	0.01131	0.02872	0.00862	0.00535	0.00493	0.00152	0.00665	0.00426	0.00296	0.17017

[dist]
# distance from previous block
# <min> <max>
0	2

[block]
# block no. 4 follows, 44 sequences, length 20
# corresponding to MSA columns:
# 315-334
name=unknown_E
#
# <colnr> <probs for GDERKNQSTAVLIFYWHMCP>
#	G	D	E	R	K	N	Q	S	T	A	V	L	I	F	Y	W	H	M	C	P
0	0.01555	0.13587	0.17440	0.01465	0.11125	0.10660	0.01224	0.11087	0.10253	0.09229	0.04395	0.01479	0.01134	0.02360	0.00558	0.00167	0.00643	0.00473	0.00379	0.00787
1	0.03989	0.01052	0.04436	0.00941	0.01287	0.00987	0.00780	0.03354	0.21655	0.06330	0.04548	0.01666	0.01312	0.00720	0.02816	0.00164	0.05463	0.00486	0.09593	0.28421
2	0.00782	0.00570	0.00806	0.00806	0.00879	0.00643	0.00593	0.00928	0.00855	0.01213	0.01525	0.02499	0.01518	0.23333	0.59648	0.00789	0.01227	0.00636	0.00302	0.00448
3	0.01023	0.01323	0.18776	0.01087	0.01400	0.05772	0.03812	0.06478	0.01321	0.01762	0.13016	0.19438	0.11495	0.01069	0.00663	0.00191	0.03610	0.06731	0.00425	0.00607
4	0.00734	0.00553	0.00682	0.00680	0.00814	0.00501	0.00513	0.00943	0.01391	0.01872	0.44794	0.11975	0.24599	0.01274	0.00657	0.00186	0.00286	0.06496	0.00558	0.00492
5	0.01127	0.01155	0.08877	0.00883	0.01400	0.00781	0.00784	0.01408	0.01133	0.01771	0.00970	0.01133	0.00796	0.00415	0.00415	0.00090	0.00444	0.00331	0.00314	0.75773
6	0.01701	0.01097	0.01257	0.01020	0.01358	0.01138	0.00808	0.26187	0.15103	0.19070	0.03383	0.03594	0.01424	0.09467	0.03854	0.00231	0.00536	0.00582	0.00524	0.07665
7	0.01395	0.01568	0.05939	0.04551	0.36638	0.12796	0.13711	0.01700	0.01223	0.01625	0.00960	0.01284	0.00799	0.00567	0.00739	0.00175	0.12819	0.00486	0.00265	0.00758
8	0.00784	0.00562	0.00765	0.00765	0.00823	0.00621	0.00542	0.00902	0.00843	0.01183	0.01562	0.02707	0.01608	0.34514	0.48591	0.00738	0.01091	0.00667	0.00307	0.00425
9	0.00718	0.00538	0.00746	0.08701	0.01103	0.00535	0.00623	0.00848	0.01059	0.01398	0.02816	0.63346	0.05158	0.04154	0.00751	0.00228	0.00375	0.05970	0.00473	0.00460
10	0.28779	0.01185	0.01042	0.00897	0.01199	0.08947	0.00715	0.17631	0.07364	0.05100	0.03759	0.01457	0.01104	0.00615	0.00441	0.00157	0.00478	0.00444	0.18004	0.00681
11	0.00779	0.00584	0.00876	0.00876	0.00974	0.00681	0.00681	0.00974	0.00876	0.01266	0.01460	0.02142	0.01363	0.04089	0.78680	0.00876	0.01460	0.00584	0.00292	0.00487
12	0.08497	0.01824	0.01496	0.03760	0.01663	0.32331	0.01004	0.27525	0.01810	0.10396	0.01138	0.01205	0.00842	0.00615	0.00553	0.00159	0.03581	0.00425	0.00416	0.00761
13	0.06551	0.12915	0.01555	0.09556	0.01683	0.05590	0.00964	0.08564	0.39456	0.02060	0.01572	0.01581	0.01205	0.00656	0.00555	0.00172	0.03651	0.00505	0.00433	0.00777
14	0.00731	0.00532	0.00748	0.00808	0.00870	0.00563	0.00584	0.00869	0.00955	0.01317	0.02207	0.37464	0.02457	0.08195	0.36517	0.00543	0.00859	0.02928	0.00396	0.00457
15	0.01137	0.01098	0.01868	0.51898	0.10743	0.01307	0.09451	0.03395	0.01134	0.01514	0.00967	0.01409	0.00755	0.00583	0.00708	0.00186	0.10437	0.00501	0.00256	0.00653
16	0.01608	0.60742	0.02516	0.01055	0.01474	0.22044	0.00964	0.01774	0.01221	0.01296	0.00780	0.00903	0.00700	0.00491	0.00387	0.00123	0.00687	0.00307	0.00246	0.00682
17	0.00878	0.00753	0.01040	0.00952	0.01029	0.00876	0.03784	0.01000	0.00944	0.01300	0.02165	0.10610	0.14683	0.19367	0.16933	0.00416	0.21642	0.00800	0.00344	0.00482
18	0.00852	0.00614	0.00716	0.00710	0.00889	0.00558	0.00557	0.01095	0.04667	0.06477	0.16818	0.07691	0.41568	0.01296	0.00654	0.00194	0.00331	0.13257	0.00534	0.00523
19	0.01183	0.09154	0.01725	0.04030	0.01638	0.01163	0.11821	0.01430	0.01085	0.01603	0.00935	0.01211	0.00797	0.00649	0.03254	0.00159	0.15712	0.00411	0.00287	0.41753

[dist]
# distance from previous block
# <min> <max>
0	8

[block]
# block no. 5 follows, 44 sequences, length 111
# corresponding to MSA columns:
# 351-430,443-473
name=unknown_F
#
# <colnr> <probs for GDERKNQSTAVLIFYWHMCP>
#	G	D	E	R	K	N	Q	S	T	A	V	L	I	F	Y	W	H	M	C	P
0	0.01212	0.01017	0.01174	0.00846	0.01326	0.00810	0.00680	0.07770	0.01254	0.01919	0.00998	0.01146	0.00818	0.00425	0.00416	0.00088	0.00421	0.00337	0.00342	0.77001
1	0.33325	0.05879	0.44674	0.01202	0.01811	0.01292	0.01414	0.01674	0.01063	0.01983	0.00883	0.01036	0.00652	0.00511	0.00440	0.00168	0.00647	0.00356	0.00272	0.00718
2	0.00814	0.00637	0.00945	0.00924	0.01013	0.00767	0.00726	0.01003	0.00873	0.01270	0.01396	0.02060	0.01307	0.03819	0.72055	0.00821	0.08214	0.00575	0.00287	0.00496
3	0.00859	0.00650	0.00822	0.00781	0.00796	0.00746	0.00532	0.00909	0.00813	0.01133	0.01507	0.02939	0.01669	0.55172	0.14576	0.00534	0.14145	0.00706	0.00309	0.00400
4	0.01312	0.01340	0.02516	0.01804	0.02328	0.01229	0.48790	0.08010	0.01354	0.01900	0.01084	0.01365	0.00830	0.00461	0.00570	0.00154	0.00752	0.00543	0.00312	0.23345
5	0.01253	0.18894	0.55908	0.01400	0.02104	0.01487	0.01707	0.08074	0.01264	0.01782	0.00961	0.01107	0.00713	0.00519	0.00486	0.00160	0.00742	0.00387	0.00258	0.00794
6	0.00666	0.00513	0.00609	0.00670	0.00771	0.00456	0.00470	0.00793	0.01168	0.01495	0.10681	0.43731	0.32972	0.01525	0.00671	0.00202	0.00295	0.01341	0.00515	0.00456
7	0.30529	0.08496	0.01363	0.01105	0.03003	0.28271	0.00862	0.07152	0.01288	0.03083	0.00915	0.01089	0.00750	0.00850	0.07109	0.00216	0.02593	0.00366	0.00322	0.00641
8	0.21519	0.01028	0.01040	0.00978	0.03462	0.05640	0.00734	0.11780	0.07359	0.11074	0.04828	0.19275	0.01784	0.00891	0.00528	0.00179	0.00456	0.02499	0.04277	0.00667
9	0.00691	0.00546	0.00631	0.00686	0.00820	0.00486	0.00521	0.00839	0.01194	0.01481	0.04411	0.24542	0.45255	0.01486	0.00677	0.00206	0.00327	0.14234	0.00505	0.00463
10	0.00664	0.00474	0.00633	0.00759	0.00791	0.00443	0.00506	0.00759	0.01044	0.01392	0.03005	0.80485	0.03606	0.01708	0.00696	0.00221	0.00316	0.01550	0.00506	0.00443
11	0.01002	0.00941	0.02720	0.06643	0.01530	0.04900	0.16150	0.04360	0.01115	0.01471	0.01742	0.21815	0.01825	0.16783	0.14126	0.00372	0.00758	0.00853	0.00356	0.00538
12	0.37840	0.01277	0.01239	0.01001	0.01388	0.01430	0.00824	0.36792	0.05032	0.06624	0.01152	0.01184	0.00834	0.00595	0.00456	0.00167	0.00509	0.00414	0.00462	0.00779
13	0.00754	0.00574	0.00714	0.00788	0.00922	0.00533	0.00637	0.00938	0.01223	0.01544	0.05275	0.17078	0.31593	0.01482	0.00701	0.00219	0.00383	0.33657	0.00506	0.00477
14	0.08702	0.11742	0.06281	0.01227	0.01554	0.44793	0.01013	0.05600	0.01387	0.01543	0.00932	0.01128	0.00783	0.00972	0.09882	0.00232	0.00914	0.00377	0.00291	0.00645
15	0.01394	0.01008	0.01182	0.01057	0.01321	0.01069	0.00882	0.33385	0.01861	0.03494	0.12350	0.04837	0.03738	0.01074	0.00643	0.00200	0.00504	0.28773	0.00537	0.00692
16	0.15903	0.12435	0.41818	0.01335	0.01957	0.01386	0.06605	0.05287	0.02347	0.04755	0.00999	0.01138	0.00735	0.00521	0.00476	0.00165	0.00689	0.00399	0.00289	0.00761
17	0.04327	0.11814	0.02090	0.09402	0.09924	0.23326	0.16514	0.05464	0.01390	0.09130	0.01066	0.01253	0.00818	0.00533	0.00518	0.00158	0.00771	0.00456	0.00322	0.00726
18	0.01096	0.00968	0.01343	0.01408	0.10668	0.04675	0.06099	0.03725	0.04593	0.01588	0.01793	0.03274	0.01808	0.09450	0.11033	0.00331	0.10253	0.24928	0.00375	0.00591
19	0.00678	0.00489	0.00642	0.00739	0.00791	0.00453	0.00503	0.00797	0.01122	0.01504	0.13261	0.66448	0.07329	0.01611	0.00686	0.00213	0.00306	0.01454	0.00519	0.00453
20	0.01211	0.01809	0.31444	0.16570	0.03780	0.01283	0.12739	0.03139	0.03835	0.04779	0.01066	0.01327	0.00796	0.00572	0.00677	0.00179	0.09267	0.00476	0.00281	0.04770
21	0.00918	0.00741	0.01027	0.04418	0.01128	0.00888	0.00757	0.01066	0.00967	0.03286	0.06669	0.09706	0.07102	0.12723	0.25803	0.00464	0.20748	0.00736	0.00346	0.00506
22	0.00793	0.00529	0.00595	0.00595	0.00595	0.00529	0.00330	0.00793	0.00793	0.01057	0.01718	0.03568	0.01982	0.80840	0.02775	0.00529	0.00529	0.00793	0.00330	0.00330
23	0.02315	0.00916	0.01236	0.00957	0.01357	0.00803	0.00787	0.04421	0.01585	0.70406	0.07576	0.02002	0.01614	0.00706	0.00555	0.00169	0.00452	0.00579	0.00666	0.00898
24	0.01157	0.01336	0.11527	0.02390	0.43332	0.01112	0.08519	0.01496	0.01249	0.01735	0.05523	0.02166	0.14719	0.00678	0.00571	0.00170	0.00608	0.00634	0.00324	0.00755
25	0.04604	0.01637	0.26602	0.01369	0.08267	0.01076	0.01276	0.07897	0.01424	0.32251	0.01468	0.01451	0.00992	0.00580	0.00520	0.00163	0.00597	0.00465	0.00446	0.06916
26	0.07436	0.10943	0.05212	0.32301	0.07527	0.16706	0.06482	0.04364	0.01251	0.01584	0.00930	0.01226	0.00731	0.00529	0.00502	0.00163	0.00745	0.00429	0.00270	0.00668
