[name]
unknown

[dist]
# distance from previous block
# <min> <max>
2	102

[block]
# block no. 0 follows, 47 sequences, length 26
# corresponding to MSA columns:
# 557-582
name=unknown_A
#
# <colnr> <probs for GDERKNQSTAVLIFYWHMCP>
#	G	D	E	R	K	N	Q	S	T	A	V	L	I	F	Y	W	H	M	C	P
0	0.00783	0.00669	0.00708	0.00775	0.00849	0.08156	0.00542	0.00907	0.01128	0.01451	0.14566	0.57705	0.05157	0.01424	0.00638	0.00196	0.00359	0.03058	0.00476	0.00453
1	0.04921	0.00968	0.01101	0.00798	0.01252	0.00782	0.00642	0.06794	0.01171	0.01841	0.00940	0.01082	0.00770	0.00407	0.00393	0.00087	0.00400	0.00319	0.00325	0.75008
2	0.10430	0.00898	0.01165	0.00903	0.01298	0.00805	0.00746	0.02440	0.01432	0.71357	0.01925	0.01682	0.01218	0.00629	0.00504	0.00161	0.00439	0.00500	0.00613	0.00855
3	0.01218	0.26750	0.45798	0.01317	0.01946	0.01477	0.06051	0.03356	0.02913	0.03304	0.00937	0.01075	0.00711	0.00488	0.00455	0.00149	0.00691	0.00376	0.00247	0.00741
4	0.01276	0.38239	0.10778	0.01452	0.01920	0.01669	0.27440	0.01579	0.01099	0.01427	0.00858	0.01089	0.00711	0.00490	0.00573	0.00150	0.07908	0.00423	0.00237	0.00682
5	0.00621	0.00506	0.00550	0.00586	0.00719	0.00435	0.00421	0.00741	0.01131	0.01384	0.04568	0.27469	0.56238	0.01411	0.00630	0.00186	0.00275	0.01211	0.00484	0.00435
6	0.00905	0.00452	0.00678	0.00678	0.00678	0.00452	0.00452	0.00678	0.00678	0.00905	0.00905	0.01583	0.00905	0.01809	0.02035	0.84848	0.00452	0.00452	0.00226	0.00226
7	0.01166	0.01112	0.01891	0.34357	0.48252	0.01205	0.01537	0.01490	0.01128	0.01552	0.00958	0.01329	0.00772	0.00487	0.00518	0.00162	0.00649	0.00464	0.00247	0.00726
8	0.81208	0.01001	0.00788	0.00697	0.01023	0.01148	0.00574	0.01581	0.00917	0.06176	0.00792	0.00892	0.00600	0.00492	0.00332	0.00161	0.00405	0.00294	0.00338	0.00580
9	0.00720	0.00524	0.00677	0.00654	0.00771	0.00482	0.00485	0.00943	0.01410	0.01973	0.66425	0.11509	0.09207	0.01135	0.00619	0.00169	0.00252	0.01004	0.00559	0.00482
10	0.01044	0.00892	0.00943	0.00881	0.01117	0.00976	0.00674	0.02014	0.49121	0.01884	0.03058	0.10525	0.22790	0.00965	0.00567	0.00180	0.00361	0.00816	0.00513	0.00680
11	0.02120	0.01233	0.01423	0.01091	0.01502	0.01280	0.00901	0.47496	0.02071	0.33032	0.01567	0.01456	0.01045	0.00633	0.00522	0.00158	0.00522	0.00490	0.00570	0.00886
12	0.00737	0.00532	0.00696	0.00655	0.00778	0.00491	0.00491	0.00983	0.01474	0.02088	0.78175	0.03890	0.04914	0.01065	0.00614	0.00164	0.00246	0.00942	0.00573	0.00491
13	0.01980	0.01459	0.01563	0.01198	0.01615	0.01615	0.00990	0.76713	0.02448	0.03282	0.01250	0.01250	0.00886	0.00625	0.00521	0.00156	0.00573	0.00469	0.00521	0.00886
14	0.01945	0.02482	0.01476	0.01342	0.01610	0.79608	0.01006	0.02079	0.01476	0.01275	0.00805	0.00939	0.00671	0.00537	0.00470	0.00134	0.00939	0.00335	0.00268	0.00604
15	0.02336	0.00886	0.01209	0.00927	0.01329	0.00765	0.00765	0.02538	0.01491	0.78810	0.02055	0.01773	0.01289	0.00645	0.00524	0.00161	0.00443	0.00524	0.00645	0.00886
16	0.85377	0.01007	0.00765	0.00685	0.01007	0.01168	0.00564	0.01531	0.00886	0.02336	0.00725	0.00846	0.00564	0.00483	0.00322	0.00161	0.00403	0.00282	0.00322	0.00564
17	0.01204	0.01144	0.01943	0.20215	0.58941	0.01195	0.01536	0.01519	0.01154	0.01614	0.01035	0.01485	0.00878	0.00514	0.00524	0.00162	0.00630	0.03288	0.00260	0.00757
18	0.01259	0.01207	0.02060	0.10726	0.71153	0.01230	0.01583	0.01572	0.01172	0.01665	0.00974	0.01299	0.00812	0.00470	0.00516	0.00157	0.00626	0.00464	0.00255	0.00801
19	0.00983	0.00926	0.01562	0.80447	0.03587	0.01157	0.01446	0.01331	0.01041	0.01331	0.00926	0.01388	0.00694	0.00521	0.00521	0.00174	0.00694	0.00463	0.00231	0.00579
20	0.85377	0.01007	0.00765	0.00685	0.01007	0.01168	0.00564	0.01531	0.00886	0.02336	0.00725	0.00846	0.00564	0.00483	0.00322	0.00161	0.00403	0.00282	0.00322	0.00564
21	0.00983	0.00926	0.01562	0.80447	0.03587	0.01157	0.01446	0.01331	0.01041	0.01331	0.00926	0.01388	0.00694	0.00521	0.00521	0.00174	0.00694	0.00463	0.00231	0.00579
22	0.75086	0.00992	0.00820	0.00715	0.01047	0.01118	0.00589	0.01656	0.00961	0.11814	0.00890	0.00961	0.00654	0.00503	0.00347	0.00161	0.00408	0.00312	0.00362	0.00604
23	0.01237	0.01185	0.02021	0.16223	0.65826	0.01224	0.01573	0.01553	0.01161	0.01639	0.00970	0.01306	0.00803	0.00474	0.00516	0.00158	0.00631	0.00464	0.00253	0.00783
24	0.85377	0.01007	0.00765	0.00685	0.01007	0.01168	0.00564	0.01531	0.00886	0.02336	0.00725	0.00846	0.00564	0.00483	0.00322	0.00161	0.00403	0.00282	0.00322	0.00564
25	0.01758	0.01192	0.01328	0.01076	0.01423	0.01286	0.00866	0.44092	0.14147	0.14428	0.01713	0.11369	0.01377	0.00766	0.00541	0.00167	0.00494	0.00622	0.00537	0.00819

[dist]
# distance from previous block
# <min> <max>
0	2

[block]
# block no. 1 follows, 47 sequences, length 44
# corresponding to MSA columns:
# 585-628
name=unknown_B
#
# <colnr> <probs for GDERKNQSTAVLIFYWHMCP>
#	G	D	E	R	K	N	Q	S	T	A	V	L	I	F	Y	W	H	M	C	P
0	0.01087	0.01011	0.01633	0.07988	0.50281	0.01009	0.01265	0.01357	0.01184	0.01616	0.03979	0.02415	0.16769	0.00720	0.00552	0.00166	0.00533	0.05412	0.00324	0.00698
1	0.00919	0.00755	0.00943	0.08092	0.04369	0.00795	0.00703	0.01495	0.22170	0.01934	0.37206	0.05036	0.11633	0.00935	0.00580	0.00170	0.00351	0.00813	0.00505	0.00597
2	0.05465	0.00902	0.01229	0.03359	0.06099	0.00811	0.00811	0.02230	0.01370	0.58834	0.01779	0.01650	0.01172	0.00753	0.04161	0.00186	0.00499	0.00492	0.00551	0.07647
3	0.01276	0.01225	0.02091	0.06367	0.75377	0.01234	0.01592	0.01587	0.01180	0.01686	0.00977	0.01293	0.00820	0.00466	0.00516	0.00155	0.00622	0.00464	0.00257	0.00815
4	0.01412	0.79198	0.02685	0.00907	0.01346	0.04804	0.00895	0.01578	0.01073	0.01227	0.00727	0.00839	0.00668	0.00449	0.00339	0.00112	0.00570	0.00280	0.00224	0.00666
5	0.00634	0.00453	0.00604	0.00725	0.00755	0.00423	0.00483	0.00725	0.00997	0.01329	0.02870	0.81358	0.03444	0.01632	0.00665	0.00211	0.00302	0.01480	0.00483	0.00423
6	0.01945	0.02482	0.01476	0.01342	0.01610	0.79608	0.01006	0.02079	0.01476	0.01275	0.00805	0.00939	0.00671	0.00537	0.00470	0.00134	0.00939	0.00335	0.00268	0.00604
7	0.01135	0.01080	0.01835	0.42231	0.40622	0.01197	0.01521	0.01463	0.01113	0.01514	0.00952	0.01339	0.00759	0.00493	0.00518	0.00164	0.00657	0.00463	0.00244	0.00700
8	0.85377	0.01007	0.00765	0.00685	0.01007	0.01168	0.00564	0.01531	0.00886	0.02336	0.00725	0.00846	0.00564	0.00483	0.00322	0.00161	0.00403	0.00282	0.00322	0.00564
9	0.01229	0.01405	0.03073	0.02195	0.02722	0.01317	0.76558	0.01668	0.01229	0.01668	0.01054	0.01405	0.00790	0.00439	0.00615	0.00176	0.00878	0.00615	0.00263	0.00702
10	0.01126	0.00916	0.01005	0.00907	0.01150	0.00997	0.00709	0.09552	0.38611	0.02141	0.20176	0.02912	0.12185	0.00896	0.00569	0.00175	0.00374	0.04382	0.00531	0.00687
11	0.00617	0.00521	0.00534	0.00544	0.00708	0.00438	0.00403	0.00746	0.01172	0.01400	0.05079	0.11239	0.72138	0.01344	0.00619	0.00179	0.00267	0.01130	0.00484	0.00438
12	0.85377	0.01007	0.00765	0.00685	0.01007	0.01168	0.00564	0.01531	0.00886	0.02336	0.00725	0.00846	0.00564	0.00483	0.00322	0.00161	0.00403	0.00282	0.00322	0.00564
13	0.00726	0.00518	0.00662	0.00682	0.00748	0.00512	0.00478	0.00853	0.01036	0.01412	0.20239	0.17440	0.07091	0.26612	0.13285	0.00386	0.00528	0.05954	0.00421	0.00417
14	0.85377	0.01007	0.00765	0.00685	0.01007	0.01168	0.00564	0.01531	0.00886	0.02336	0.00725	0.00846	0.00564	0.00483	0.00322	0.00161	0.00403	0.00282	0.00322	0.00564
15	0.01319	0.01296	0.05558	0.05883	0.62443	0.01251	0.01528	0.08795	0.01298	0.01832	0.01051	0.01409	0.00879	0.00510	0.00521	0.00158	0.00620	0.02552	0.00287	0.00809
16	0.01625	0.03581	0.01524	0.07336	0.24499	0.12362	0.01069	0.06882	0.01374	0.22088	0.01569	0.01640	0.06019	0.00601	0.00504	0.00153	0.00574	0.00499	0.05355	0.00746
17	0.09164	0.02080	0.01388	0.01222	0.01516	0.55032	0.00937	0.15771	0.01588	0.01766	0.00918	0.01031	0.00729	0.00551	0.00462	0.00140	0.00795	0.00362	0.03900	0.00647
18	0.00795	0.00624	0.00831	0.20191	0.01427	0.00651	0.00695	0.00986	0.01086	0.01428	0.07413	0.05634	0.24697	0.14336	0.00918	0.00232	0.00431	0.09072	0.08090	0.00465
19	0.00731	0.00592	0.00853	0.00782	0.00932	0.00539	0.07365	0.00934	0.01280	0.01726	0.37783	0.21428	0.20681	0.01193	0.00626	0.00178	0.00320	0.01069	0.00505	0.00483
20	0.00905	0.00452	0.00678	0.00678	0.00678	0.00452	0.00452	0.00678	0.00678	0.00905	0.00905	0.01583	0.00905	0.01809	0.02035	0.84848	0.00452	0.00452	0.00226	0.00226
21	0.01080	0.00926	0.01080	0.00771	0.01234	0.00694	0.00617	0.01311	0.01080	0.01697	0.00926	0.01080	0.00771	0.00386	0.00386	0.00077	0.00386	0.00309	0.00309	0.84882
22	0.85377	0.01007	0.00765	0.00685	0.01007	0.01168	0.00564	0.01531	0.00886	0.02336	0.00725	0.00846	0.00564	0.00483	0.00322	0.00161	0.00403	0.00282	0.00322	0.00564
23	0.00634	0.00453	0.00604	0.00725	0.00755	0.00423	0.00483	0.00725	0.00997	0.01329	0.02870	0.81358	0.03444	0.01632	0.00665	0.00211	0.00302	0.01480	0.00483	0.00423
24	0.01955	0.02182	0.01501	0.01300	0.01611	0.56713	0.01001	0.23989	0.01761	0.01864	0.00936	0.01030	0.00734	0.00563	0.00485	0.00141	0.00832	0.00375	0.00342	0.00686
25	0.02173	0.01110	0.01342	0.01033	0.01439	0.01102	0.00852	0.30746	0.03875	0.48057	0.01750	0.01578	0.01144	0.00639	0.00523	0.00160	0.00492	0.00505	0.00595	0.00884
26	0.01119	0.00924	0.01084	0.00776	0.01237	0.00696	0.00622	0.01350	0.01093	0.04114	0.00961	0.01102	0.00788	0.00394	0.00390	0.00080	0.00387	0.00315	0.00319	0.82249
27	0.00670	0.00525	0.00606	0.00595	0.00739	0.00461	0.00443	0.00849	0.01301	0.01699	0.36908	0.09017	0.41876	0.01226	0.00618	0.00173	0.00258	0.01053	0.00523	0.00461
28	0.00712	0.00533	0.00595	0.00600	0.00751	0.00462	0.00444	0.00853	0.01194	0.04643	0.12926	0.16198	0.51833	0.03241	0.00670	0.00189	0.00286	0.02916	0.00496	0.00459
29	0.01011	0.00953	0.01611	0.73596	0.10226	0.01164	0.01460	0.01354	0.01054	0.01363	0.00930	0.01380	0.00706	0.00516	0.00520	0.00172	0.00688	0.00463	0.00234	0.00600
30	0.85377	0.01007	0.00765	0.00685	0.01007	0.01168	0.00564	0.01531	0.00886	0.02336	0.00725	0.00846	0.00564	0.00483	0.00322	0.00161	0.00403	0.00282	0.00322	0.00564
31	0.01359	0.01453	0.01574	0.28139	0.18248	0.24745	0.01239	0.03762	0.04760	0.01475	0.01003	0.01308	0.00811	0.00801	0.06958	0.00212	0.00793	0.00438	0.00274	0.00648
32	0.01077	0.04472	0.69665	0.01429	0.02145	0.01238	0.01793	0.01754	0.08442	0.01690	0.01043	0.01174	0.00749	0.00514	0.00494	0.00165	0.00730	0.00402	0.00250	0.00772
33	0.00637	0.00464	0.00601	0.00702	0.00751	0.00428	0.00475	0.00739	0.01039	0.01372	0.06598	0.69942	0.11188	0.01573	0.00657	0.00206	0.00296	0.01416	0.00488	0.00428
34	0.00713	0.00550	0.00654	0.00633	0.00775	0.00503	0.00472	0.00962	0.04487	0.01818	0.46106	0.08632	0.29447	0.01168	0.00614	0.00171	0.00262	0.01011	0.00536	0.00484
35	0.01228	0.01338	0.02197	0.03232	0.06756	0.09520	0.35804	0.01541	0.02551	0.01492	0.01040	0.03853	0.00891	0.00869	0.06930	0.00234	0.19055	0.00559	0.00268	0.00642
36	0.01275	0.01328	0.02594	0.12327	0.02610	0.01350	0.52530	0.10066	0.01310	0.01775	0.01031	0.01365	0.00780	0.00506	0.00673	0.00177	0.06754	0.00566	0.00286	0.00697
37	0.01205	0.01593	0.14875	0.02162	0.08574	0.01294	0.59018	0.01660	0.01205	0.01668	0.01029	0.01348	0.00772	0.00450	0.00588	0.00172	0.00841	0.00567	0.00256	0.00722
38	0.01308	0.01298	0.08677	0.10539	0.39748	0.01181	0.09826	0.03609	0.05349	0.07531	0.01143	0.01414	0.00896	0.02490	0.00576	0.00168	0.00635	0.00489	0.00306	0.02819
39	0.00702	0.00548	0.00833	0.00865	0.00949	0.00514	0.07016	0.00835	0.01038	0.01379	0.02763	0.66533	0.04976	0.01506	0.00664	0.00210	0.00365	0.07389	0.00464	0.00452
40	0.01354	0.03109	0.02882	0.01029	0.04882	0.04110	0.00796	0.17290	0.07664	0.05341	0.07592	0.01501	0.01249	0.02397	0.00513	0.00131	0.00465	0.00446	0.00400	0.36848
41	0.01092	0.12265	0.58897	0.01313	0.02001	0.01244	0.01617	0.01592	0.01092	0.01603	0.00907	0.01064	0.00676	0.00474	0.00460	0.00146	0.00691	0.00361	0.00232	0.12271
42	0.01589	0.41482	0.02047	0.01055	0.01416	0.27400	0.00911	0.09649	0.01373	0.01521	0.06364	0.01133	0.00997	0.00539	0.00419	0.00127	0.00662	0.00365	0.00294	0.00657
43	0.01258	0.01298	0.05176	0.01545	0.20118	0.13750	0.01016	0.07871	0.02675	0.01696	0.03295	0.14210	0.02980	0.00740	0.00565	0.00153	0.03693	0.02300	0.00346	0.15315

[dist]
# distance from previous block
# <min> <max>
0	3

[block]
# block no. 2 follows, 47 sequences, length 122
# corresponding to MSA columns:
# 632-753
name=unknown_C
#
# <colnr> <probs for GDERKNQSTAVLIFYWHMCP>
#	G	D	E	R	K	N	Q	S	T	A	V	L	I	F	Y	W	H	M	C	P
0	0.01226	0.22566	0.45269	0.01519	0.10675	0.07161	0.01559	0.01652	0.01126	0.01521	0.00877	0.01043	0.00682	0.00482	0.00455	0.00148	0.00711	0.00363	0.00228	0.00738
1	0.00985	0.00893	0.01431	0.57039	0.05263	0.01088	0.01266	0.02894	0.03139	0.01416	0.03128	0.01695	0.02215	0.00976	0.09605	0.00252	0.03578	0.02288	0.00271	0.00579
2	0.01097	0.10316	0.60220	0.01595	0.10817	0.01274	0.01740	0.01614	0.01117	0.01627	0.03333	0.01182	0.00812	0.00504	0.00485	0.00158	0.00715	0.00401	0.00236	0.00757
3	0.01752	0.01478	0.10358	0.07378	0.18405	0.16410	0.01173	0.02020	0.01330	0.30734	0.01351	0.01405	0.00952	0.00627	0.02175	0.00170	0.00654	0.00454	0.00400	0.00773
4	0.16058	0.01731	0.01575	0.03653	0.27607	0.34750	0.01140	0.04675	0.01304	0.01680	0.00870	0.01064	0.00713	0.00506	0.00463	0.00148	0.00719	0.00378	0.00283	0.00682
5	0.00646	0.02222	0.00613	0.00619	0.00748	0.00476	0.00452	0.00768	0.01114	0.01377	0.04226	0.31060	0.47757	0.01453	0.01930	0.00199	0.00307	0.03117	0.00475	0.00440
6	0.00829	0.00733	0.00977	0.15590	0.05619	0.04065	0.02728	0.01015	0.01091	0.01379	0.02743	0.24875	0.20855	0.03775	0.04717	0.00232	0.00502	0.07385	0.00394	0.00496
7	0.01272	0.01196	0.01998	0.17296	0.58599	0.01247	0.03004	0.06016	0.01235	0.01726	0.00987	0.01307	0.00804	0.00484	0.00519	0.00159	0.00635	0.00467	0.00269	0.00781
8	0.00640	0.00497	0.00574	0.00631	0.00731	0.00442	0.00445	0.00750	0.01079	0.01355	0.03926	0.37979	0.38581	0.06283	0.00763	0.00213	0.00303	0.03907	0.00473	0.00426
9	0.00983	0.00926	0.01562	0.80447	0.03587	0.01157	0.01446	0.01331	0.01041	0.01331	0.00926	0.01388	0.00694	0.00521	0.00521	0.00174	0.00694	0.00463	0.00231	0.00579
10	0.01380	0.79198	0.05435	0.00912	0.01369	0.02030	0.00928	0.01563	0.01060	0.01240	0.00731	0.00845	0.00668	0.00447	0.00340	0.00113	0.00564	0.00282	0.00223	0.00672
11	0.01573	0.01641	0.20178	0.01357	0.01844	0.01342	0.11750	0.38617	0.01796	0.06697	0.01310	0.07123	0.01028	0.00643	0.00538	0.00165	0.00636	0.00546	0.00417	0.00798
12	0.00857	0.00594	0.00805	0.00890	0.01020	0.00580	0.00759	0.01074	0.01192	0.04270	0.04533	0.07795	0.10791	0.02845	0.02490	0.00246	0.00466	0.57829	0.00481	0.00485
13	0.37251	0.10232	0.01137	0.00810	0.01116	0.01197	0.00673	0.15779	0.03545	0.02326	0.19362	0.01680	0.01706	0.00651	0.00437	0.00156	0.00416	0.00484	0.00415	0.00627
14	0.17232	0.01824	0.01359	0.01370	0.10209	0.42748	0.00948	0.05079	0.08137	0.01675	0.00979	0.01161	0.00807	0.03708	0.00540	0.00161	0.00724	0.00385	0.00313	0.00642
15	0.00879	0.00678	0.00924	0.04195	0.14634	0.00700	0.00631	0.01015	0.03619	0.01202	0.01494	0.02799	0.01602	0.55426	0.07740	0.00442	0.00594	0.00673	0.00307	0.00446
16	0.01219	0.01232	0.01779	0.39612	0.34180	0.10148	0.01459	0.01526	0.01150	0.01477	0.00934	0.01296	0.00745	0.00499	0.00513	0.00161	0.00691	0.00449	0.00246	0.00683
17	0.00829	0.00699	0.01071	0.28912	0.01850	0.00759	0.04127	0.01048	0.01075	0.01401	0.08337	0.16808	0.10039	0.11190	0.00859	0.00229	0.00503	0.09404	0.00371	0.00490
18	0.04494	0.00787	0.01024	0.00945	0.01164	0.03489	0.05606	0.02898	0.02857	0.18063	0.04907	0.17942	0.10045	0.01116	0.00615	0.00195	0.00449	0.22321	0.00493	0.00589
19	0.01205	0.01130	0.01896	0.08655	0.63976	0.01148	0.01440	0.01482	0.01126	0.01595	0.01051	0.01538	0.00937	0.09744	0.00760	0.00196	0.00611	0.00497	0.00262	0.00748
20	0.00661	0.00480	0.00625	0.00694	0.00758	0.00443	0.00480	0.00797	0.01140	0.01543	0.23720	0.55296	0.08520	0.01456	0.00648	0.00196	0.00284	0.01309	0.00508	0.00443
21	0.04824	0.01813	0.01471	0.01249	0.01542	0.34663	0.00986	0.27932	0.07665	0.02078	0.01046	0.01145	0.00815	0.00622	0.00628	0.00157	0.09864	0.00413	0.00374	0.00714
22	0.01254	0.01029	0.01173	0.00854	0.01308	0.00872	0.00689	0.15911	0.01345	0.02004	0.00988	0.01113	0.00793	0.00432	0.00412	0.00092	0.00422	0.00340	0.00350	0.68618
23	0.00627	0.00492	0.00567	0.00624	0.00729	0.00433	0.00439	0.00741	0.01102	0.01383	0.05534	0.41206	0.41352	0.01462	0.00639	0.00193	0.00282	0.01277	0.00485	0.00433
24	0.01257	0.51198	0.32359	0.01122	0.01693	0.01730	0.01292	0.01594	0.01074	0.01390	0.00806	0.00938	0.00665	0.00465	0.00397	0.00132	0.00640	0.00320	0.00222	0.00708
25	0.00983	0.00926	0.01562	0.80447	0.03587	0.01157	0.01446	0.01331	0.01041	0.01331	0.00926	0.01388	0.00694	0.00521	0.00521	0.00174	0.00694	0.00463	0.00231	0.00579
26	0.85377	0.01007	0.00765	0.00685	0.01007	0.01168	0.00564	0.01531	0.00886	0.02336	0.00725	0.00846	0.00564	0.00483	0.00322	0.00161	0.00403	0.00282	0.00322	0.00564
27	0.00905	0.00452	0.00678	0.00678	0.00678	0.00452	0.00452	0.00678	0.00678	0.00905	0.00905	0.01583	0.00905	0.01809	0.02035	0.84848	0.00452	0.00452	0.00226	0.00226
28	0.01980	0.01459	0.01563	0.01198	0.01615	0.01615	0.00990	0.76713	0.02448	0.03282	0.01250	0.01250	0.00886	0.00625	0.00521	0.00156	0.00573	0.00469	0.00521	0.00886
29	0.85377	0.01007	0.00765	0.00685	0.01007	0.01168	0.00564	0.01531	0.00886	0.02336	0.00725	0.00846	0.00564	0.00483	0.00322	0.00161	0.00403	0.00282	0.00322	0.00564
30	0.01863	0.01340	0.01419	0.01134	0.01514	0.04470	0.00920	0.46056	0.20268	0.13144	0.01550	0.01475	0.01100	0.00644	0.00521	0.00161	0.00531	0.00500	0.00530	0.00860
31	0.01283	0.01231	0.02103	0.04705	0.76988	0.01236	0.01595	0.01593	0.01183	0.01694	0.00979	0.01291	0.00822	0.00465	0.00516	0.00155	0.00620	0.00464	0.00257	0.00820
32	0.00808	0.00577	0.00803	0.00923	0.01029	0.00572	0.00784	0.01025	0.01168	0.01523	0.02775	0.17486	0.03066	0.01468	0.00711	0.00235	0.00452	0.63644	0.00480	0.00471
33	0.04148	0.00872	0.01022	0.00773	0.01177	0.00685	0.00609	0.01329	0.01089	0.06495	0.01211	0.10281	0.01101	0.00548	0.00424	0.00101	0.00380	0.00455	0.00350	0.66950
34	0.85377	0.01007	0.00765	0.00685	0.01007	0.01168	0.00564	0.01531	0.00886	0.02336	0.00725	0.00846	0.00564	0.00483	0.00322	0.00161	0.00403	0.00282	0.00322	0.00564
35	0.01018	0.00961	0.01625	0.71626	0.12135	0.01166	0.01464	0.01361	0.01058	0.01373	0.00932	0.01377	0.00709	0.00514	0.00520	0.00171	0.00686	0.00463	0.00234	0.00607
36	0.01857	0.01344	0.01462	0.01139	0.01508	0.01482	0.00928	0.68032	0.02246	0.03011	0.01211	0.01288	0.00888	0.00760	0.00694	0.09827	0.00559	0.00467	0.00487	0.00810
37	0.00634	0.00535	0.00547	0.00552	0.00718	0.00458	0.00408	0.00789	0.02769	0.01410	0.04987	0.09630	0.70466	0.02950	0.00658	0.00185	0.00274	0.01105	0.00481	0.00444
38	0.85377	0.01007	0.00765	0.00685	0.01007	0.01168	0.00564	0.01531	0.00886	0.02336	0.00725	0.00846	0.00564	0.00483	0.00322	0.00161	0.00403	0.00282	0.00322	0.00564
39	0.01333	0.00958	0.01158	0.00850	0.01295	0.00781	0.01905	0.04901	0.04321	0.14186	0.01172	0.01239	0.00893	0.00452	0.00423	0.00100	0.00412	0.00367	0.00380	0.62873
40	0.01080	0.00926	0.01080	0.00771	0.01234	0.00694	0.00617	0.01311	0.01080	0.01697	0.00926	0.01080	0.00771	0.00386	0.00386	0.00077	0.00386	0.00309	0.00309	0.84882
41	0.01377	0.78438	0.06165	0.00918	0.01378	0.02022	0.00938	0.01563	0.01060	0.01244	0.00733	0.00847	0.00668	0.00448	0.00341	0.00114	0.00567	0.00283	0.00223	0.00673
42	0.03520	0.00996	0.01166	0.00896	0.01307	0.02514	0.00724	0.05803	0.10472	0.30826	0.01503	0.01444	0.01063	0.00539	0.00462	0.00128	0.00432	0.00431	0.00472	0.35304
43	0.00717	0.00622	0.03721	0.00635	0.00815	0.00498	0.00511	0.00909	0.01281	0.03332	0.29700	0.07179	0.44026	0.01199	0.00613	0.00174	0.00288	0.02792	0.00507	0.00480
44	0.66216	0.01118	0.02484	0.00784	0.01127	0.04749	0.00656	0.05392	0.01064	0.11052	0.00911	0.00981	0.00670	0.00511	0.00365	0.00160	0.00448	0.00323	0.00364	0.00623
45	0.10742	0.18151	0.55019	0.01276	0.01931	0.01373	0.01565	0.01618	0.01067	0.01644	0.00869	0.01018	0.00650	0.00484	0.00443	0.00154	0.00686	0.00352	0.00232	0.00726
46	0.01244	0.46484	0.33877	0.01184	0.01765	0.01684	0.04269	0.01600	0.01082	0.01416	0.00823	0.00965	0.00670	0.00465	0.00411	0.00136	0.00656	0.00335	0.00223	0.00711
47	0.01233	0.03747	0.39034	0.01412	0.04645	0.04204	0.06159	0.04944	0.11748	0.06101	0.01314	0.01649	0.01036	0.00700	0.02598	0.00188	0.02323	0.05896	0.00326	0.00745
48	0.00757	0.00505	0.00568	0.00568	0.00568	0.00505	0.00316	0.00757	0.00757	0.01010	0.01641	0.03408	0.01893	0.81698	0.02651	0.00505	0.00505	0.00757	0.00316	0.00316
49	0.03358	0.08544	0.25521	0.01062	0.02933	0.05684	0.01062	0.06076	0.04170	0.01828	0.23308	0.02328	0.10515	0.00761	0.00525	0.00159	0.00518	0.00621	0.00386	0.00640
50	0.53062	0.02969	0.01037	0.00860	0.01186	0.07295	0.00698	0.18762	0.01300	0.02389	0.00976	0.05621	0.00815	0.00586	0.00399	0.00160	0.00481	0.00398	0.00371	0.00635
51	0.00757	0.00505	0.00568	0.00568	0.00568	0.00505	0.00316	0.00757	0.00757	0.01010	0.01641	0.03408	0.01893	0.81698	0.02651	0.00505	0.00505	0.00757	0.00316	0.00316
52	0.01392	0.82012	0.02729	0.00891	0.01337	0.02061	0.00891	0.01559	0.01058	0.01225	0.00724	0.00835	0.00668	0.00446	0.00334	0.00111	0.00557	0.00278	0.00223	0.00668
53	0.01334	0.01124	0.01189	0.01061	0.01361	0.01295	0.00828	0.04887	0.73999	0.03575	0.02093	0.01920	0.01564	0.00703	0.00530	0.00176	0.00417	0.00584	0.00532	0.00827
54	0.01111	0.01056	0.01793	0.48172	0.34864	0.01191	0.01510	0.01442	0.01102	0.01485	0.00948	0.01347	0.00749	0.00497	0.00519	0.00166	0.00663	0.00463	0.00242	0.00681
55	0.00788	0.00521	0.00640	0.00610	0.00734	0.00488	0.00458	0.01029	0.01373	0.02029	0.57281	0.03465	0.06704	0.00964	0.00555	0.00154	0.00246	0.00838	0.20635	0.00488
56	0.00633	0.00459	0.00599	0.00711	0.00752	0.00424	0.00477	0.00727	0.01011	0.01335	0.03042	0.75896	0.08796	0.01609	0.00661	0.00209	0.00299	0.01453	0.00483	0.00424
57	0.01009	0.02447	0.70059	0.01390	0.02085	0.01127	0.01760	0.01573	0.01142	0.01699	0.09754	0.01418	0.01145	0.00560	0.00508	0.00165	0.00710	0.00448	0.00260	0.00738
58	0.01316	0.01496	0.01066	0.01034	0.01198	0.40638	0.00756	0.01449	0.01289	0.01384	0.10367	0.28827	0.02127	0.01093	0.03408	0.00189	0.00658	0.00804	0.00377	0.00524
59	0.01289	0.01237	0.02114	0.03196	0.78450	0.01237	0.01598	0.01598	0.01186	0.01701	0.00980	0.01289	0.00825	0.00464	0.00516	0.00155	0.00619	0.00464	0.00258	0.00825
60	0.01113	0.00772	0.00965	0.00806	0.01094	0.00696	0.05479	0.01462	0.11083	0.15823	0.03504	0.03336	0.40300	0.00952	0.00561	0.00162	0.00370	0.00806	0.00485	0.10230
61	0.00723	0.00532	0.00677	0.00641	0.00769	0.00485	0.00480	0.00956	0.01441	0.02011	0.69851	0.04018	0.13286	0.01094	0.00614	0.00165	0.00248	0.00960	0.00563	0.00485
62	0.00752	0.00512	0.00603	0.00592	0.00626	0.00501	0.00364	0.00819	0.00954	0.01306	0.22634	0.03540	0.02722	0.59581	0.02092	0.00411	0.00434	0.00808	0.00386	0.00364
63	0.01068	0.01167	0.00879	0.00833	0.01032	0.25780	0.00628	0.01233	0.02730	0.01357	0.03342	0.03312	0.43169	0.01352	0.09590	0.00238	0.00612	0.00783	0.00392	0.00502
64	0.00839	0.00599	0.00839	0.00959	0.01079	0.00599	0.00839	0.01079	0.01199	0.01558	0.02757	0.05874	0.02997	0.01439	0.00719	0.00240	0.00480	0.74945	0.00480	0.00480
65	0.01289	0.01237	0.02114	0.03196	0.78450	0.01237	0.01598	0.01598	0.01186	0.01701	0.00980	0.01289	0.00825	0.00464	0.00516	0.00155	0.00619	0.00464	0.00258	0.00825
66	0.75752	0.00998	0.00801	0.00695	0.01033	0.01114	0.00570	0.01506	0.00908	0.02263	0.00748	0.00873	0.00588	0.00472	0.00330	0.00152	0.00401	0.00285	0.00321	0.10192
67	0.01945	0.02482	0.01476	0.01342	0.01610	0.79608	0.01006	0.02079	0.01476	0.01275	0.00805	0.00939	0.00671	0.00537	0.00470	0.00134	0.00939	0.00335	0.00268	0.00604
68	0.00857	0.00668	0.00914	0.00950	0.01023	0.00747	0.00779	0.01028	0.01061	0.01433	0.05207	0.13648	0.02573	0.10514	0.01112	0.00262	0.15246	0.41089	0.00419	0.00471
69	0.85377	0.01007	0.00765	0.00685	0.01007	0.01168	0.00564	0.01531	0.00886	0.02336	0.00725	0.00846	0.00564	0.00483	0.00322	0.00161	0.00403	0.00282	0.00322	0.00564
70	0.00983	0.00926	0.01562	0.80447	0.03587	0.01157	0.01446	0.01331	0.01041	0.01331	0.00926	0.01388	0.00694	0.00521	0.00521	0.00174	0.00694	0.00463	0.00231	0.00579
71	0.01271	0.01200	0.01935	0.07693	0.61914	0.01241	0.01470	0.01761	0.12918	0.01752	0.01152	0.01396	0.00934	0.00505	0.00518	0.00159	0.00592	0.00483	0.00298	0.00809
72	0.01018	0.00961	0.01625	0.71626	0.12135	0.01166	0.01464	0.01361	0.01058	0.01373	0.00932	0.01377	0.00709	0.00514	0.00520	0.00171	0.00686	0.00463	0.00234	0.00607
73	0.01018	0.00961	0.01625	0.71626	0.12135	0.01166	0.01464	0.01361	0.01058	0.01373	0.00932	0.01377	0.00709	0.00514	0.00520	0.00171	0.00686	0.00463	0.00234	0.00607
74	0.00714	0.00527	0.00699	0.00706	0.00794	0.00537	0.00515	0.00870	0.01041	0.01431	0.20414	0.14062	0.11328	0.13231	0.30231	0.00468	0.00718	0.00867	0.00406	0.00442
75	0.01987	0.01447	0.01556	0.01193	0.01609	0.01598	0.00985	0.75214	0.02429	0.04809	0.01267	0.01261	0.00894	0.00626	0.00521	0.00156	0.00570	0.00470	0.00523	0.00886
76	0.01231	0.00638	0.00844	0.00732	0.00939	0.00574	0.00570	0.01463	0.01466	0.25377	0.52350	0.03178	0.03686	0.00921	0.00578	0.00161	0.00306	0.00799	0.03576	0.00611
77	0.00728	0.00515	0.00689	0.00794	0.00854	0.00500	0.00597	0.00864	0.01043	0.01376	0.02671	0.42740	0.03077	0.11763	0.00939	0.00260	0.00395	0.29304	0.00461	0.00431
78	0.01586	0.01099	0.01236	0.01003	0.01321	0.01175	0.00808	0.37882	0.12597	0.10909	0.22293	0.02118	0.02119	0.00758	0.00548	0.00162	0.00448	0.00620	0.00550	0.00770
79	0.00722	0.00532	0.00676	0.00640	0.00769	0.00485	0.00480	0.00954	0.01439	0.02005	0.69295	0.04027	0.13845	0.01096	0.00614	0.00165	0.00248	0.00961	0.00562	0.00485
80	0.01295	0.01119	0.01178	0.01060	0.01354	0.01295	0.00824	0.02767	0.77509	0.02178	0.02120	0.01943	0.01590	0.00707	0.00530	0.00177	0.00412	0.00589	0.00530	0.00824
81	0.85377	0.01007	0.00765	0.00685	0.01007	0.01168	0.00564	0.01531	0.00886	0.02336	0.00725	0.00846	0.00564	0.00483	0.00322	0.00161	0.00403	0.00282	0.00322	0.00564
82	0.01945	0.02482	0.01476	0.01342	0.01610	0.79608	0.01006	0.02079	0.01476	0.01275	0.00805	0.00939	0.00671	0.00537	0.00470	0.00134	0.00939	0.00335	0.00268	0.00604
83	0.64608	0.01061	0.01053	0.01187	0.15985	0.01189	0.00777	0.04479	0.01008	0.02245	0.00809	0.00964	0.00639	0.00487	0.00368	0.00159	0.00449	0.00328	0.01580	0.00626
84	0.01750	0.02132	0.03425	0.01505	0.08747	0.57417	0.05056	0.04351	0.01422	0.01450	0.00906	0.01076	0.00740	0.00538	0.00500	0.00141	0.02291	0.00379	0.05540	0.00635
85	0.85377	0.01007	0.00765	0.00685	0.01007	0.01168	0.00564	0.01531	0.00886	0.02336	0.00725	0.00846	0.00564	0.00483	0.00322	0.00161	0.00403	0.00282	0.00322	0.00564
86	0.00634	0.00456	0.00601	0.00717	0.00753	0.00424	0.00480	0.00726	0.01004	0.01332	0.02964	0.78376	0.06366	0.01619	0.00663	0.00210	0.00301	0.01466	0.00483	0.00424
87	0.05632	0.00851	0.01131	0.00885	0.01253	0.00751	0.00726	0.02318	0.01463	0.66847	0.10690	0.01975	0.01673	0.00686	0.00526	0.00161	0.00419	0.00561	0.00623	0.00828
88	0.85377	0.01007	0.00765	0.00685	0.01007	0.01168	0.00564	0.01531	0.00886	0.02336	0.00725	0.00846	0.00564	0.00483	0.00322	0.00161	0.00403	0.00282	0.00322	0.00564
89	0.00756	0.00511	0.00599	0.00599	0.00609	0.00522	0.00354	0.00777	0.00766	0.01032	0.01613	0.03252	0.01826	0.72816	0.11441	0.00543	0.00606	0.00735	0.00311	0.00333
90	0.31556	0.00990	0.01079	0.00872	0.01240	0.01010	0.00716	0.08220	0.06103	0.40895	0.01524	0.01414	0.01019	0.00590	0.00453	0.00162	0.00438	0.00438	0.00514	0.00769
91	0.01021	0.00799	0.00885	0.00813	0.00989	0.00864	0.00599	0.04396	0.32577	0.01893	0.22232	0.02845	0.04016	0.20150	0.01055	0.00249	0.00388	0.00726	0.02904	0.00599
92	0.24904	0.00899	0.01039	0.00838	0.01185	0.00877	0.00686	0.05092	0.01362	0.45374	0.10968	0.01756	0.01517	0.00651	0.00479	0.00161	0.00413	0.00506	0.00542	0.00750
93	0.01289	0.01237	0.02114	0.03196	0.78450	0.01237	0.01598	0.01598	0.01186	0.01701	0.00980	0.01289	0.00825	0.00464	0.00516	0.00155	0.00619	0.00464	0.00258	0.00825
94	0.02296	0.00952	0.01249	0.00958	0.01362	0.00862	0.00791	0.11007	0.01600	0.70186	0.01963	0.01713	0.01243	0.00642	0.00523	0.00161	0.00458	0.00517	0.00630	0.00886
95	0.00985	0.00825	0.01023	0.00989	0.09871	0.00699	0.00671	0.02659	0.02940	0.02959	0.11425	0.02489	0.21254	0.00733	0.00495	0.00127	0.00369	0.00619	0.00394	0.38472
96	0.01169	0.31073	0.51711	0.01272	0.01926	0.01514	0.01554	0.01617	0.01085	0.01498	0.00859	0.01005	0.00663	0.00477	0.00437	0.00146	0.00694	0.00347	0.00221	0.00733
97	0.19623	0.00758	0.00840	0.00779	0.00995	0.00781	0.00629	0.06156	0.04314	0.07858	0.30180	0.03226	0.06953	0.00943	0.00552	0.00177	0.00365	0.13801	0.00497	0.00570
98	0.01023	0.00966	0.01633	0.70477	0.13248	0.01167	0.01466	0.01365	0.01060	0.01378	0.00933	0.01376	0.00711	0.00513	0.00520	0.00171	0.00684	0.00463	0.00235	0.00610
99	0.01656	0.01122	0.01221	0.01041	0.01373	0.03944	0.00824	0.07297	0.48593	0.23919	0.02000	0.01816	0.01428	0.00678	0.00525	0.00169	0.00450	0.00554	0.00553	0.00838
100	0.02176	0.00851	0.01157	0.00899	0.01274	0.00738	0.00738	0.02382	0.01489	0.71117	0.09687	0.01985	0.01653	0.00687	0.00533	0.00161	0.00423	0.00566	0.00637	0.00847
101	0.00640	0.00467	0.00605	0.00712	0.00762	0.00432	0.00487	0.00741	0.01027	0.01347	0.03140	0.69692	0.11967	0.01588	0.00661	0.00209	0.00305	0.04307	0.00483	0.00427
102	0.01093	0.01103	0.01552	0.71414	0.03361	0.10115	0.01396	0.01416	0.01091	0.01324	0.00912	0.01337	0.00692	0.00522	0.00515	0.00169	0.00722	0.00448	0.00236	0.00581
103	0.01340	0.01406	0.02243	0.02698	0.49960	0.10191	0.19417	0.01659	0.01230	0.01642	0.01015	0.01373	0.00845	0.00487	0.00538	0.00159	0.00714	0.02055	0.00265	0.00763
104	0.02068	0.01204	0.01394	0.01073	0.01473	0.01246	0.00885	0.45396	0.02044	0.32111	0.04563	0.01553	0.01197	0.00650	0.00526	0.00158	0.00511	0.00508	0.00570	0.00870
105	0.01282	0.01230	0.02101	0.04926	0.76774	0.01236	0.01595	0.01592	0.01183	0.01693	0.00978	0.01291	0.00822	0.00465	0.00516	0.00155	0.00620	0.00464	0.00257	0.00819
106	0.01945	0.02482	0.01476	0.01342	0.01610	0.79608	0.01006	0.02079	0.01476	0.01275	0.00805	0.00939	0.00671	0.00537	0.00470	0.00134	0.00939	0.00335	0.00268	0.00604
107	0.01018	0.00961	0.01625	0.71626	0.12135	0.01166	0.01464	0.01361	0.01058	0.01373	0.00932	0.01377	0.00709	0.00514	0.00520	0.00171	0.00686	0.00463	0.00234	0.00607
108	0.02321	0.00911	0.01224	0.00938	0.01342	0.00802	0.00775	0.05711	0.01532	0.75579	0.02020	0.01750	0.01272	0.00644	0.00524	0.00161	0.00449	0.00521	0.00639	0.00886
109	0.67057	0.01016	0.00885	0.00755	0.01096	0.01133	0.00622	0.06386	0.01079	0.14469	0.00968	0.01018	0.00699	0.00518	0.00366	0.00161	0.00420	0.00332	0.00386	0.00635
110	0.01229	0.01405	0.03073	0.02195	0.02722	0.01317	0.76558	0.01668	0.01229	0.01668	0.01054	0.01405	0.00790	0.00439	0.00615	0.00176	0.00878	0.00615	0.00263	0.00702
111	0.01254	0.01202	0.02051	0.12017	0.69902	0.01228	0.01581	0.01568	0.01169	0.01659	0.00973	0.01300	0.00810	0.00470	0.00516	0.00157	0.00627	0.00464	0.00255	0.00797
112	0.00703	0.00486	0.00640	0.00736	0.00787	0.00458	0.00500	0.00839	0.03015	0.03492	0.06289	0.73578	0.03405	0.01555	0.00655	0.00207	0.00306	0.01407	0.00493	0.00449
113	0.00737	0.00558	0.00679	0.00734	0.00863	0.00522	0.00593	0.00907	0.01150	0.01447	0.05361	0.05200	0.33211	0.10546	0.00896	0.00243	0.00390	0.35055	0.00465	0.00445
114	0.01363	0.01318	0.01499	0.12038	0.12344	0.15794	0.01103	0.10616	0.01233	0.03207	0.00998	0.01363	0.00853	0.03818	0.08049	0.00246	0.20937	0.00459	0.02126	0.00637
115	0.00684	0.00521	0.00572	0.00564	0.00673	0.00470	0.00387	0.00794	0.01101	0.01404	0.17567	0.04286	0.40025	0.27244	0.01273	0.00280	0.00338	0.00960	0.00446	0.00409
116	0.02623	0.31408	0.35474	0.01215	0.01780	0.08368	0.01353	0.09245	0.01250	0.01638	0.00875	0.01001	0.00685	0.00493	0.00434	0.00142	0.00681	0.00349	0.00257	0.00727
117	0.00633	0.00460	0.00597	0.00707	0.00751	0.00424	0.00476	0.00727	0.01014	0.01336	0.03086	0.74526	0.10138	0.01604	0.00660	0.00208	0.00299	0.01446	0.00483	0.00424
118	0.01000	0.00755	0.09499	0.00640	0.00841	0.00589	0.00576	0.01279	0.01084	0.04058	0.01598	0.01849	0.01254	0.00856	0.06651	0.00184	0.00400	0.00481	0.65879	0.00528
119	0.01491	0.22970	0.28925	0.01259	0.01765	0.23261	0.01296	0.10317	0.01347	0.01622	0.00880	0.01004	0.00691	0.00509	0.00449	0.00142	0.00739	0.00353	0.00268	0.00711
120	0.33937	0.01887	0.01247	0.01113	0.01409	0.47384	0.02890	0.01858	0.01243	0.01693	0.00781	0.00916	0.00633	0.00514	0.00417	0.00146	0.00732	0.00322	0.00289	0.00591
121	0.01113	0.01127	0.01746	0.33774	0.02437	0.03961	0.09872	0.01360	0.00969	0.01333	0.00829	0.01265	0.00700	0.00685	0.01058	0.00197	0.36279	0.00473	0.00235	0.00590

[dist]
# distance from previous block
# <min> <max>
0	3

[block]
# block no. 3 follows, 47 sequences, length 52
# corresponding to MSA columns:
# 757-808
name=unknown_D
#
# <colnr> <probs for GDERKNQSTAVLIFYWHMCP>
#	G	D	E	R	K	N	Q	S	T	A	V	L	I	F	Y	W	H	M	C	P
0	0.05535	0.01113	0.01157	0.01041	0.01337	0.01289	0.00811	0.02705	0.73645	0.02186	0.02049	0.01888	0.01538	0.00695	0.00519	0.00176	0.00412	0.00573	0.00519	0.00811
1	0.00692	0.00531	0.00634	0.00608	0.00751	0.00472	0.00456	0.00896	0.01368	0.01837	0.51344	0.04303	0.31902	0.01158	0.00615	0.00168	0.00252	0.01000	0.00540	0.00472
2	0.00821	0.00643	0.00694	0.00697	0.00739	0.05745	0.00455	0.00882	0.00846	0.01104	0.01643	0.10224	0.01820	0.50649	0.20335	0.00531	0.00723	0.00751	0.00320	0.00380
3	0.01139	0.01139	0.01595	0.01367	0.01367	0.01595	0.01139	0.01253	0.00798	0.01253	0.00684	0.01139	0.00684	0.00911	0.01709	0.00228	0.80745	0.00456	0.00228	0.00570
4	0.01392	0.82012	0.02729	0.00891	0.01337	0.02061	0.00891	0.01559	0.01058	0.01225	0.00724	0.00835	0.00668	0.00446	0.00334	0.00111	0.00557	0.00278	0.00223	0.00668
5	0.00750	0.00506	0.00566	0.00566	0.00575	0.00502	0.00319	0.00757	0.00778	0.01029	0.01819	0.03487	0.05643	0.77751	0.02551	0.00489	0.00493	0.00774	0.00324	0.00322
6	0.01077	0.00880	0.01230	0.09174	0.01389	0.01079	0.02502	0.07288	0.01002	0.04729	0.01201	0.03697	0.01146	0.15712	0.19072	0.00398	0.27014	0.00564	0.00304	0.00541
7	0.01167	0.00776	0.00804	0.00733	0.00936	0.00846	0.00567	0.08771	0.25262	0.02142	0.01789	0.01877	0.01373	0.00640	0.00431	0.00142	0.00327	0.00516	0.50271	0.00629
8	0.07278	0.09411	0.01994	0.08783	0.01990	0.02848	0.26068	0.01958	0.01277	0.31150	0.01364	0.01438	0.00942	0.00531	0.00520	0.00161	0.00631	0.00503	0.00406	0.00746
9	0.00757	0.00505	0.00568	0.00568	0.00568	0.00505	0.00316	0.00757	0.00757	0.01010	0.01641	0.03408	0.01893	0.81698	0.02651	0.00505	0.00505	0.00757	0.00316	0.00316
10	0.85377	0.01007	0.00765	0.00685	0.01007	0.01168	0.00564	0.01531	0.00886	0.02336	0.00725	0.00846	0.00564	0.00483	0.00322	0.00161	0.00403	0.00282	0.00322	0.00564
11	0.01651	0.01152	0.01770	0.02120	0.38464	0.02608	0.05850	0.08891	0.01396	0.25116	0.01412	0.04885	0.01079	0.00584	0.00530	0.00160	0.00570	0.00533	0.00410	0.00820
12	0.01314	0.01128	0.01188	0.01064	0.01361	0.01304	0.00829	0.04825	0.75420	0.02209	0.02095	0.01924	0.01570	0.00704	0.00530	0.00176	0.00417	0.00585	0.00530	0.00826
13	0.01262	0.01217	0.02098	0.09447	0.70106	0.01233	0.03821	0.01579	0.01175	0.01670	0.00977	0.01300	0.00813	0.00468	0.00519	0.00157	0.00633	0.00468	0.00256	0.00801
14	0.00641	0.00517	0.00572	0.00597	0.00738	0.00449	0.00442	0.00781	0.01178	0.01463	0.11526	0.19474	0.53653	0.01360	0.00630	0.00184	0.00279	0.04581	0.00492	0.00443
15	0.00755	0.00513	0.00611	0.00611	0.00626	0.00528	0.00369	0.00785	0.00770	0.01042	0.01601	0.03190	0.01799	0.69231	0.14988	0.00558	0.00648	0.00725	0.00310	0.00339
16	0.00789	0.00520	0.00635	0.00607	0.00732	0.00487	0.00455	0.01029	0.01365	0.02018	0.55573	0.03460	0.07625	0.00963	0.00552	0.00154	0.00246	0.00836	0.21466	0.00487
17	0.01064	0.01612	0.33094	0.01283	0.05384	0.01015	0.07710	0.08851	0.01131	0.01595	0.01223	0.01934	0.01124	0.27331	0.03221	0.00293	0.00681	0.00544	0.00289	0.00621
18	0.01161	0.01147	0.02070	0.32637	0.36490	0.01220	0.14665	0.01508	0.01138	0.01553	0.00972	0.01347	0.00769	0.00481	0.00535	0.00166	0.00693	0.00490	0.00249	0.00709
19	0.01289	0.01237	0.02114	0.03196	0.78450	0.01237	0.01598	0.01598	0.01186	0.01701	0.00980	0.01289	0.00825	0.00464	0.00516	0.00155	0.00619	0.00464	0.00258	0.00825
20	0.01080	0.00926	0.01080	0.00771	0.01234	0.00694	0.00617	0.01311	0.01080	0.01697	0.00926	0.01080	0.00771	0.00386	0.00386	0.00077	0.00386	0.00309	0.00309	0.84882
21	0.01130	0.16411	0.56526	0.01310	0.01983	0.03155	0.01599	0.01612	0.01099	0.01571	0.00894	0.01048	0.00672	0.00477	0.00456	0.00147	0.00700	0.00358	0.00230	0.08623
22	0.85377	0.01007	0.00765	0.00685	0.01007	0.01168	0.00564	0.01531	0.00886	0.02336	0.00725	0.00846	0.00564	0.00483	0.00322	0.00161	0.00403	0.00282	0.00322	0.00564
23	0.00800	0.00634	0.00920	0.00889	0.00961	0.00770	0.00691	0.00961	0.00825	0.01199	0.01316	0.02030	0.01264	0.09766	0.62642	0.00726	0.12303	0.00560	0.00275	0.00467
24	0.85377	0.01007	0.00765	0.00685	0.01007	0.01168	0.00564	0.01531	0.00886	0.02336	0.00725	0.00846	0.00564	0.00483	0.00322	0.00161	0.00403	0.00282	0.00322	0.00564
25	0.00634	0.00453	0.00604	0.00725	0.00755	0.00423	0.00483	0.00725	0.00997	0.01329	0.02870	0.81358	0.03444	0.01632	0.00665	0.00211	0.00302	0.01480	0.00483	0.00423
26	0.00968	0.00781	0.01085	0.04995	0.16941	0.00775	0.00797	0.08191	0.01443	0.01997	0.40939	0.03094	0.12586	0.00898	0.00576	0.00162	0.00376	0.00788	0.02015	0.00594
27	0.01099	0.00523	0.00553	0.00527	0.00674	0.00512	0.00402	0.01337	0.01129	0.09138	0.01732	0.01926	0.01331	0.00610	0.00379	0.00125	0.00261	0.00489	0.76730	0.00523
28	0.01144	0.01152	0.01668	0.01408	0.01434	0.01581	0.04843	0.01274	0.00819	0.01274	0.00702	0.01152	0.00689	0.00888	0.01655	0.00225	0.76823	0.00464	0.00230	0.00576
29	0.00983	0.00926	0.01562	0.80447	0.03587	0.01157	0.01446	0.01331	0.01041	0.01331	0.00926	0.01388	0.00694	0.00521	0.00521	0.00174	0.00694	0.00463	0.00231	0.00579
30	0.05989	0.00847	0.01110	0.00869	0.01236	0.00752	0.00713	0.02336	0.01425	0.66523	0.03526	0.01789	0.01335	0.00642	0.00501	0.00157	0.00418	0.00518	0.08487	0.00826
31	0.00615	0.00528	0.00528	0.00528	0.00703	0.00440	0.00396	0.00747	0.01187	0.01407	0.05276	0.05012	0.78238	0.01319	0.00615	0.00176	0.00264	0.01099	0.00484	0.00440
32	0.01144	0.01278	0.06952	0.26725	0.20461	0.01225	0.29812	0.01528	0.01152	0.01565	0.01070	0.01423	0.02235	0.00490	0.00555	0.00169	0.00742	0.00528	0.00254	0.00691
33	0.01391	0.01240	0.04594	0.01100	0.01434	0.01342	0.00898	0.14278	0.62480	0.02328	0.01933	0.01798	0.01440	0.00685	0.00527	0.00173	0.00453	0.00561	0.00515	0.00832
34	0.00645	0.00529	0.00569	0.00559	0.00722	0.00452	0.00419	0.00805	0.01257	0.01573	0.23098	0.04738	0.60312	0.01257	0.00615	0.00173	0.00259	0.01061	0.00506	0.00452
35	0.00971	0.00485	0.00485	0.00485	0.00607	0.00485	0.00364	0.01213	0.01092	0.01942	0.01699	0.01942	0.01335	0.00607	0.00364	0.00121	0.00243	0.00485	0.84589	0.00485
36	0.01309	0.01884	0.25432	0.02302	0.36649	0.13167	0.08521	0.01693	0.01208	0.01617	0.00946	0.01189	0.00748	0.00482	0.00511	0.00157	0.00737	0.00434	0.00248	0.00763
37	0.00729	0.00529	0.00687	0.00654	0.00775	0.00487	0.00488	0.00965	0.01445	0.02035	0.72753	0.07265	0.07037	0.01097	0.00616	0.00166	0.00249	0.00970	0.00567	0.00487
38	0.00643	0.00498	0.00586	0.00629	0.00737	0.00441	0.00447	0.00776	0.01155	0.01483	0.15869	0.36100	0.35962	0.01407	0.00635	0.00189	0.00277	0.01230	0.00498	0.00441
39	0.85377	0.01007	0.00765	0.00685	0.01007	0.01168	0.00564	0.01531	0.00886	0.02336	0.00725	0.00846	0.00564	0.00483	0.00322	0.00161	0.00403	0.00282	0.00322	0.00564
40	0.00615	0.00528	0.00528	0.00528	0.00703	0.00440	0.00396	0.00747	0.01187	0.01407	0.05276	0.05012	0.78238	0.01319	0.00615	0.00176	0.00264	0.01099	0.00484	0.00440
41	0.01233	0.01185	0.02001	0.16175	0.52877	0.01235	0.06957	0.01667	0.08310	0.01680	0.01082	0.01376	0.00872	0.00495	0.00525	0.00161	0.00631	0.00486	0.00279	0.00774
42	0.01475	0.70118	0.02541	0.00958	0.01377	0.13658	0.00908	0.01637	0.01121	0.01233	0.00736	0.00851	0.00669	0.00459	0.00354	0.00115	0.00614	0.00287	0.00230	0.00659
43	0.00632	0.00462	0.00596	0.00703	0.00749	0.00425	0.00473	0.00728	0.01019	0.01338	0.03142	0.72721	0.11906	0.01596	0.00659	0.00207	0.00298	0.01437	0.00483	0.00425
44	0.00932	0.00827	0.01287	0.21300	0.08945	0.01017	0.01036	0.01157	0.00914	0.01294	0.01099	0.01633	0.00984	0.02146	0.37101	0.00487	0.16533	0.00505	0.00255	0.00548
45	0.02209	0.00849	0.01141	0.00885	0.01262	0.00739	0.00728	0.02414	0.01453	0.71614	0.02021	0.01788	0.01293	0.00641	0.00509	0.00157	0.00424	0.00520	0.08504	0.00849
46	0.01289	0.01237	0.02114	0.03196	0.78450	0.01237	0.01598	0.01598	0.01186	0.01701	0.00980	0.01289	0.00825	0.00464	0.00516	0.00155	0.00619	0.00464	0.00258	0.00825
