[name]
unknown

[dist]
# distance from previous block
# <min> <max>
9	16

[block]
# block no. 0 follows, 51 sequences, length 13
# corresponding to MSA columns:
# 16-28
name=unknown_A
#
# <colnr> <probs for GDERKNQSTAVLIFYWHMCP>
#	G	D	E	R	K	N	Q	S	T	A	V	L	I	F	Y	W	H	M	C	P
0	0.00955	0.00570	0.00747	0.00668	0.00839	0.00514	0.00516	0.01177	0.01369	0.14885	0.60405	0.03338	0.05785	0.00936	0.00562	0.00154	0.00273	0.02786	0.00540	0.02981
1	0.00967	0.00640	0.00804	0.00721	0.00930	0.00553	0.00539	0.03355	0.01140	0.11395	0.15687	0.34042	0.02492	0.00984	0.00527	0.00150	0.00321	0.00868	0.00447	0.23437
2	0.01324	0.00716	0.01024	0.00833	0.01095	0.00635	0.06000	0.01541	0.01310	0.31088	0.31892	0.02610	0.02569	0.04432	0.00621	0.00165	0.00374	0.03944	0.00511	0.07314
3	0.01248	0.01224	0.02172	0.01610	0.02009	0.04425	0.45233	0.03730	0.08287	0.06900	0.03992	0.01415	0.00978	0.00511	0.00621	0.00159	0.06976	0.00533	0.00314	0.07664
4	0.01308	0.12499	0.34299	0.01275	0.01763	0.22812	0.05946	0.05268	0.04364	0.01519	0.03877	0.01121	0.00832	0.00503	0.00455	0.00142	0.00709	0.00382	0.00261	0.00665
5	0.01506	0.00962	0.01086	0.00882	0.01206	0.03811	0.00702	0.15279	0.12291	0.24805	0.04636	0.08711	0.04878	0.00689	0.00487	0.00143	0.00417	0.00567	0.00478	0.16466
6	0.01216	0.01168	0.01995	0.03016	0.79664	0.01168	0.01508	0.01508	0.01119	0.01605	0.00924	0.01216	0.00778	0.00438	0.00487	0.00146	0.00584	0.00438	0.00243	0.00778
7	0.01032	0.00980	0.01662	0.53234	0.30887	0.01119	0.01416	0.01347	0.01032	0.01382	0.00892	0.01276	0.00700	0.00472	0.00490	0.00157	0.00629	0.00437	0.00227	0.00630
8	0.01783	0.01258	0.01370	0.01078	0.01449	0.01380	0.00882	0.55674	0.16561	0.11240	0.01416	0.01356	0.01002	0.00606	0.00493	0.00152	0.00499	0.00469	0.00506	0.00825
9	0.01093	0.01042	0.01772	0.36665	0.46980	0.01135	0.01447	0.01400	0.01061	0.01456	0.00903	0.01257	0.00726	0.00461	0.00489	0.00154	0.00614	0.00437	0.00233	0.00679
10	0.01597	0.01680	0.01374	0.01184	0.01481	0.35672	0.04229	0.15427	0.28613	0.01847	0.01277	0.01288	0.00977	0.00573	0.00477	0.00146	0.00650	0.00434	0.00381	0.00693
11	0.01279	0.74381	0.10911	0.00901	0.01354	0.01858	0.00946	0.01481	0.01003	0.01199	0.00705	0.00815	0.00630	0.00425	0.00332	0.00111	0.00547	0.00274	0.00210	0.00641
12	0.00651	0.00761	0.12387	0.00741	0.00910	0.00514	0.00636	0.00820	0.01003	0.01319	0.03047	0.49429	0.23347	0.01301	0.00591	0.00184	0.00341	0.01147	0.00419	0.00452

[dist]
# distance from previous block
# <min> <max>
0	1

[block]
# block no. 1 follows, 51 sequences, length 12
# corresponding to MSA columns:
# 30-41
name=unknown_B
#
# <colnr> <probs for GDERKNQSTAVLIFYWHMCP>
#	G	D	E	R	K	N	Q	S	T	A	V	L	I	F	Y	W	H	M	C	P
0	0.07936	0.00826	0.01017	0.00816	0.01135	0.00776	0.00663	0.08890	0.03690	0.47606	0.11827	0.02114	0.09106	0.00708	0.00499	0.00154	0.00386	0.00577	0.00549	0.00725
1	0.00879	0.00647	0.01037	0.00923	0.01075	0.00700	0.08699	0.01070	0.00887	0.07624	0.01457	0.01977	0.03996	0.06158	0.57644	0.00622	0.03267	0.00553	0.00297	0.00491
2	0.01222	0.01056	0.01111	0.01000	0.01278	0.01222	0.00778	0.02611	0.78776	0.02056	0.02000	0.01833	0.01500	0.00667	0.00500	0.00167	0.00389	0.00556	0.00500	0.00778
3	0.01678	0.01588	0.01172	0.01038	0.01278	0.43484	0.00782	0.01869	0.05298	0.19116	0.01229	0.01491	0.01001	0.12353	0.04308	0.00214	0.00715	0.00435	0.00353	0.00597
4	0.01062	0.01010	0.01716	0.44989	0.38895	0.01127	0.01432	0.01373	0.01046	0.01418	0.00897	0.01266	0.00713	0.00466	0.00489	0.00155	0.00622	0.00437	0.00230	0.00654
5	0.01314	0.83025	0.02575	0.00841	0.01261	0.01945	0.00841	0.01472	0.00999	0.01156	0.00683	0.00788	0.00631	0.00420	0.00315	0.00105	0.00526	0.00263	0.00210	0.00631
6	0.01216	0.01168	0.01995	0.03016	0.79664	0.01168	0.01508	0.01508	0.01119	0.01605	0.00924	0.01216	0.00778	0.00438	0.00487	0.00146	0.00584	0.00438	0.00243	0.00778
7	0.01705	0.01086	0.01973	0.01442	0.01877	0.00997	0.36650	0.05037	0.01328	0.40417	0.01469	0.01491	0.00982	0.00517	0.00534	0.00158	0.00614	0.00532	0.00436	0.00756
8	0.00599	0.00428	0.00570	0.00684	0.00713	0.00399	0.00456	0.00684	0.00941	0.01254	0.02709	0.82409	0.03250	0.01540	0.00627	0.00200	0.00285	0.01397	0.00456	0.00399
9	0.00743	0.00486	0.00659	0.00750	0.00821	0.00460	0.00555	0.00870	0.01016	0.06060	0.02636	0.58650	0.03024	0.01439	0.00632	0.00203	0.00334	0.19761	0.00464	0.00439
10	0.00986	0.02542	0.80183	0.01401	0.02127	0.01141	0.01816	0.01556	0.01038	0.01556	0.00882	0.01038	0.00623	0.00467	0.00467	0.00156	0.00726	0.00363	0.00208	0.00726
11	0.01625	0.01261	0.01951	0.01566	0.08217	0.01280	0.27081	0.34521	0.01688	0.13944	0.01209	0.01306	0.00857	0.00521	0.00522	0.00154	0.00624	0.00496	0.00406	0.00772

[dist]
# distance from previous block
# <min> <max>
0	17

[block]
# block no. 2 follows, 51 sequences, length 43
# corresponding to MSA columns:
# 59-101
name=unknown_C
#
# <colnr> <probs for GDERKNQSTAVLIFYWHMCP>
#	G	D	E	R	K	N	Q	S	T	A	V	L	I	F	Y	W	H	M	C	P
0	0.63678	0.04598	0.00949	0.00794	0.01092	0.19147	0.00639	0.01563	0.00969	0.01936	0.00701	0.00818	0.00559	0.00466	0.00336	0.00144	0.00500	0.00277	0.00289	0.00545
1	0.00677	0.00502	0.00631	0.00598	0.00723	0.00456	0.00449	0.00891	0.01346	0.01864	0.67080	0.03846	0.17028	0.01044	0.00580	0.00156	0.00235	0.00913	0.00527	0.00456
2	0.01056	0.03602	0.16965	0.41274	0.02609	0.07302	0.07208	0.01389	0.01009	0.01323	0.00841	0.01182	0.00652	0.00527	0.00628	0.00164	0.11036	0.00419	0.00221	0.00593
3	0.00928	0.00873	0.01474	0.81548	0.03385	0.01092	0.01365	0.01256	0.00983	0.01256	0.00873	0.01310	0.00655	0.00491	0.00491	0.00164	0.00655	0.00437	0.00218	0.00546
4	0.01165	0.00983	0.01044	0.00944	0.01201	0.01125	0.00732	0.02407	0.68903	0.02039	0.08288	0.01983	0.01745	0.00690	0.00499	0.00163	0.00369	0.00578	0.04403	0.00738
5	0.01868	0.01376	0.01475	0.01131	0.01524	0.01524	0.00934	0.78025	0.02311	0.03097	0.01180	0.01180	0.00836	0.00590	0.00492	0.00147	0.00541	0.00442	0.00492	0.00836
6	0.14870	0.02070	0.01294	0.01162	0.01432	0.63780	0.00884	0.06367	0.01361	0.01469	0.00773	0.00890	0.00629	0.00504	0.00424	0.00132	0.00788	0.00316	0.00275	0.00580
7	0.00599	0.00428	0.00570	0.00684	0.00713	0.00399	0.00456	0.00684	0.00941	0.01254	0.02709	0.82409	0.03250	0.01540	0.00627	0.00200	0.00285	0.01397	0.00456	0.00399
8	0.00824	0.00761	0.02744	0.01118	0.01308	0.00711	0.22442	0.01032	0.00992	0.01336	0.01881	0.26155	0.02029	0.12568	0.08360	0.00287	0.00599	0.14021	0.00352	0.00479
9	0.18879	0.00920	0.01095	0.00858	0.01225	0.00889	0.00708	0.10774	0.01396	0.55812	0.01603	0.01443	0.01037	0.00576	0.00456	0.00152	0.00424	0.00443	0.00535	0.00776
10	0.01019	0.00873	0.01019	0.00728	0.01165	0.00655	0.00582	0.01237	0.01019	0.01601	0.00873	0.01019	0.00728	0.00364	0.00364	0.00073	0.00364	0.00291	0.00291	0.85734
11	0.00581	0.00498	0.00498	0.00498	0.00664	0.00415	0.00373	0.00705	0.01120	0.01328	0.04978	0.04729	0.79464	0.01245	0.00581	0.00166	0.00249	0.01037	0.00456	0.00415
12	0.00779	0.00556	0.00777	0.00890	0.00997	0.00554	0.00769	0.00995	0.01118	0.01456	0.02609	0.10778	0.02857	0.01370	0.00675	0.00224	0.00441	0.71251	0.00453	0.00449
13	0.00885	0.00833	0.01518	0.01548	0.17349	0.00795	0.22412	0.01110	0.01053	0.01439	0.04303	0.40563	0.02087	0.00982	0.00584	0.00178	0.00497	0.00956	0.00357	0.00553
14	0.00599	0.00428	0.00570	0.00684	0.00713	0.00399	0.00456	0.00684	0.00941	0.01254	0.02709	0.82409	0.03250	0.01540	0.00627	0.00200	0.00285	0.01397	0.00456	0.00399
15	0.01012	0.09099	0.73860	0.01355	0.02056	0.01207	0.01736	0.01549	0.01034	0.01524	0.00866	0.01017	0.00623	0.00463	0.00455	0.00152	0.00710	0.00355	0.00208	0.00718
16	0.86201	0.00950	0.00722	0.00646	0.00950	0.01102	0.00532	0.01445	0.00836	0.02205	0.00684	0.00798	0.00532	0.00456	0.00304	0.00152	0.00380	0.00266	0.00304	0.00532
17	0.01075	0.01075	0.01505	0.01290	0.01290	0.01505	0.01075	0.01183	0.00753	0.01183	0.00645	0.01075	0.00645	0.00860	0.01613	0.00215	0.81830	0.00430	0.00215	0.00538
18	0.23737	0.01961	0.49043	0.01286	0.01870	0.01144	0.11263	0.01529	0.01000	0.01732	0.00844	0.01011	0.00614	0.00457	0.00438	0.00156	0.00647	0.00365	0.00239	0.00666
19	0.73004	0.00992	0.00825	0.00710	0.01028	0.01132	0.00585	0.09971	0.01026	0.05875	0.00797	0.00881	0.00597	0.00478	0.00334	0.00152	0.00400	0.00296	0.00339	0.00580
20	0.01027	0.12793	0.70298	0.01329	0.02017	0.01244	0.01692	0.01546	0.01033	0.01505	0.00857	0.01006	0.00624	0.00461	0.00448	0.00149	0.00701	0.00350	0.00208	0.00714
21	0.00581	0.00498	0.00498	0.00498	0.00664	0.00415	0.00373	0.00705	0.01120	0.01328	0.04978	0.04729	0.79464	0.01245	0.00581	0.00166	0.00249	0.01037	0.00456	0.00415
22	0.00714	0.00481	0.00558	0.00558	0.00565	0.00488	0.00325	0.00729	0.00721	0.00969	0.01528	0.03105	0.01738	0.75912	0.09252	0.00503	0.00549	0.00698	0.00295	0.00310
23	0.01458	0.01163	0.01233	0.01037	0.01355	0.01319	0.00827	0.30880	0.48375	0.02442	0.01684	0.01588	0.01246	0.00636	0.00493	0.00158	0.00442	0.00511	0.02360	0.00793
24	0.01270	0.00897	0.00967	0.00861	0.01114	0.00994	0.00672	0.03735	0.50520	0.10486	0.01884	0.01803	0.01399	0.00637	0.00462	0.00152	0.00357	0.00524	0.20556	0.00710
25	0.00993	0.02488	0.76745	0.01431	0.02147	0.01146	0.05200	0.01557	0.01043	0.01557	0.00887	0.01050	0.00628	0.00465	0.00472	0.00156	0.00731	0.00373	0.00209	0.00723
26	0.00715	0.00476	0.00536	0.00536	0.00536	0.00476	0.00298	0.00715	0.00715	0.00953	0.01548	0.03216	0.01787	0.82729	0.02501	0.00476	0.00476	0.00715	0.00298	0.00298
27	0.01137	0.01178	0.01496	0.01288	0.01309	0.07962	0.01065	0.01246	0.00805	0.01184	0.00654	0.01060	0.00644	0.00831	0.01517	0.00208	0.75235	0.00421	0.00218	0.00540
28	0.01088	0.00914	0.01056	0.00761	0.01194	0.00726	0.00611	0.07493	0.01124	0.01723	0.00898	0.01032	0.00737	0.00382	0.00374	0.00079	0.00378	0.00303	0.00307	0.78817
29	0.01098	0.20887	0.54014	0.01409	0.08603	0.02962	0.01548	0.01541	0.01043	0.01461	0.00837	0.00993	0.00638	0.00455	0.00433	0.00143	0.00671	0.00346	0.00212	0.00706
30	0.86201	0.00950	0.00722	0.00646	0.00950	0.01102	0.00532	0.01445	0.00836	0.02205	0.00684	0.00798	0.00532	0.00456	0.00304	0.00152	0.00380	0.00266	0.00304	0.00532
31	0.01079	0.23384	0.56219	0.01288	0.01924	0.01355	0.05312	0.01535	0.01033	0.01453	0.00836	0.00987	0.00631	0.00452	0.00433	0.00143	0.00679	0.00348	0.00210	0.00698
32	0.00798	0.00668	0.00926	0.00923	0.00975	0.00796	0.00736	0.00936	0.00916	0.01271	0.01975	0.27245	0.04945	0.01557	0.11141	0.00284	0.24798	0.18294	0.00359	0.00458
33	0.00599	0.00428	0.00570	0.00684	0.00713	0.00399	0.00456	0.00684	0.00941	0.01254	0.02709	0.82409	0.03250	0.01540	0.00627	0.00200	0.00285	0.01397	0.00456	0.00399
34	0.00952	0.00530	0.00713	0.00734	0.00850	0.00485	0.00538	0.01086	0.01098	0.17421	0.10585	0.51531	0.02947	0.01279	0.00599	0.00187	0.00320	0.07149	0.00496	0.00499
35	0.01868	0.01376	0.01475	0.01131	0.01524	0.01524	0.00934	0.78025	0.02311	0.03097	0.01180	0.01180	0.00836	0.00590	0.00492	0.00147	0.00541	0.00442	0.00492	0.00836
36	0.01701	0.01239	0.01341	0.01072	0.01430	0.01372	0.00871	0.49707	0.25069	0.08688	0.01483	0.01413	0.01063	0.00614	0.00494	0.00154	0.00486	0.00480	0.00503	0.00818
37	0.86201	0.00950	0.00722	0.00646	0.00950	0.01102	0.00532	0.01445	0.00836	0.02205	0.00684	0.00798	0.00532	0.00456	0.00304	0.00152	0.00380	0.00266	0.00304	0.00532
38	0.00712	0.00484	0.00575	0.00573	0.00590	0.00494	0.00347	0.00746	0.00757	0.01026	0.05211	0.03068	0.01848	0.68415	0.12746	0.00503	0.00576	0.00698	0.00305	0.00324
39	0.01298	0.79207	0.06257	0.00867	0.01302	0.01906	0.00887	0.01476	0.01000	0.01175	0.00693	0.00800	0.00630	0.00423	0.00323	0.00108	0.00535	0.00268	0.00210	0.00635
40	0.00928	0.00873	0.01474	0.81548	0.03385	0.01092	0.01365	0.01256	0.00983	0.01256	0.00873	0.01310	0.00655	0.00491	0.00491	0.00164	0.00655	0.00437	0.00218	0.00546
41	0.01173	0.01288	0.02686	0.02294	0.20757	0.01225	0.59861	0.01559	0.01150	0.01582	0.00978	0.01300	0.00753	0.00420	0.00558	0.00161	0.00771	0.00546	0.00247	0.00690
42	0.00582	0.00491	0.00504	0.00515	0.00668	0.00413	0.00381	0.00703	0.01104	0.01321	0.04771	0.11835	0.72493	0.01272	0.00585	0.00169	0.00252	0.01070	0.00456	0.00413

[dist]
# distance from previous block
# <min> <max>
0	21

[block]
# block no. 3 follows, 51 sequences, length 8
# corresponding to MSA columns:
# 123-130
name=unknown_D
#
# <colnr> <probs for GDERKNQSTAVLIFYWHMCP>
#	G	D	E	R	K	N	Q	S	T	A	V	L	I	F	Y	W	H	M	C	P
0	0.00714	0.00525	0.00706	0.00707	0.00753	0.00581	0.00502	0.00815	0.00801	0.01121	0.04475	0.11780	0.01760	0.31231	0.36538	0.00556	0.05036	0.00703	0.00306	0.00390
1	0.00606	0.00476	0.00548	0.00579	0.00692	0.00418	0.00416	0.00736	0.01107	0.01412	0.16798	0.29983	0.41881	0.01301	0.00596	0.00175	0.00258	0.01130	0.00471	0.00418
2	0.00836	0.00438	0.00658	0.00658	0.00668	0.00449	0.00449	0.00668	0.00658	0.00887	0.00907	0.01545	0.00897	0.01938	0.11104	0.75814	0.00530	0.00438	0.00219	0.00240
3	0.01393	0.01522	0.01976	0.01776	0.14309	0.22025	0.28192	0.05751	0.14835	0.01644	0.01107	0.01275	0.00858	0.00495	0.00511	0.00152	0.00713	0.00477	0.00305	0.00686
4	0.00696	0.00502	0.00657	0.00618	0.00734	0.00464	0.00464	0.00927	0.01391	0.01971	0.79405	0.03671	0.04637	0.01005	0.00580	0.00155	0.00232	0.00889	0.00541	0.00464
5	0.00702	0.00527	0.00790	0.00790	0.00878	0.00614	0.00614	0.00878	0.00790	0.01141	0.01316	0.01931	0.01229	0.03686	0.80782	0.00790	0.01316	0.00527	0.00263	0.00439
6	0.43876	0.37461	0.05882	0.00774	0.01153	0.01478	0.00739	0.01463	0.00919	0.01704	0.00695	0.00807	0.00581	0.00441	0.00318	0.00131	0.00464	0.00270	0.00257	0.00586
7	0.01103	0.31227	0.52522	0.01201	0.01818	0.01428	0.01468	0.01526	0.01024	0.01414	0.00811	0.00949	0.00625	0.00450	0.00413	0.00138	0.00655	0.00327	0.00208	0.00692

[dist]
# distance from previous block
# <min> <max>
0	1

[block]
# block no. 4 follows, 51 sequences, length 127
# corresponding to MSA columns:
# 132-258
name=unknown_E
#
# <colnr> <probs for GDERKNQSTAVLIFYWHMCP>
#	G	D	E	R	K	N	Q	S	T	A	V	L	I	F	Y	W	H	M	C	P
0	0.00942	0.00483	0.00485	0.00476	0.00598	0.00487	0.00359	0.03203	0.01065	0.01866	0.01592	0.01815	0.01248	0.00573	0.00347	0.00115	0.00237	0.00458	0.83183	0.00468
1	0.01057	0.13364	0.57801	0.01426	0.02076	0.01267	0.13264	0.01547	0.01051	0.01504	0.00872	0.01047	0.00642	0.00453	0.00463	0.00150	0.00714	0.00382	0.00214	0.00704
2	0.01836	0.02342	0.01393	0.01266	0.01519	0.80756	0.00950	0.01962	0.01393	0.01203	0.00760	0.00886	0.00633	0.00506	0.00443	0.00127	0.00886	0.00317	0.00253	0.00570
3	0.00668	0.00518	0.00611	0.00593	0.00728	0.00472	0.00442	0.00897	0.04277	0.01696	0.44597	0.08564	0.31920	0.01111	0.00580	0.00162	0.00247	0.00960	0.00503	0.00454
4	0.22428	0.00728	0.00829	0.00818	0.01023	0.00759	0.00690	0.05433	0.01142	0.11383	0.01920	0.06657	0.01890	0.00968	0.00534	0.00188	0.00417	0.37129	0.04525	0.00538
5	0.01231	0.00621	0.00833	0.00730	0.00936	0.00559	0.00576	0.01441	0.01360	0.29486	0.43615	0.06564	0.03248	0.00911	0.00558	0.00160	0.00314	0.05708	0.00555	0.00592
6	0.00750	0.00536	0.00744	0.00858	0.00953	0.00530	0.00720	0.00946	0.01090	0.01424	0.02625	0.22040	0.02919	0.01397	0.00668	0.00221	0.00417	0.60268	0.00453	0.00441
7	0.01862	0.01347	0.01430	0.01109	0.01492	0.03637	0.00911	0.66579	0.05895	0.08809	0.01265	0.01240	0.00891	0.00593	0.00491	0.00148	0.00534	0.00448	0.00494	0.00826
8	0.86201	0.00950	0.00722	0.00646	0.00950	0.01102	0.00532	0.01445	0.00836	0.02205	0.00684	0.00798	0.00532	0.00456	0.00304	0.00152	0.00380	0.00266	0.00304	0.00532
9	0.01075	0.01075	0.01505	0.01290	0.01290	0.01505	0.01075	0.01183	0.00753	0.01183	0.00645	0.01075	0.00645	0.00860	0.01613	0.00215	0.81830	0.00430	0.00215	0.00538
10	0.01560	0.01235	0.01423	0.04434	0.10379	0.01375	0.00968	0.43317	0.25492	0.02538	0.01390	0.01389	0.01025	0.00592	0.00494	0.00154	0.00504	0.00476	0.00455	0.00800
11	0.86201	0.00950	0.00722	0.00646	0.00950	0.01102	0.00532	0.01445	0.00836	0.02205	0.00684	0.00798	0.00532	0.00456	0.00304	0.00152	0.00380	0.00266	0.00304	0.00532
12	0.05330	0.00809	0.01078	0.00841	0.01193	0.00712	0.00690	0.02218	0.01383	0.69552	0.09261	0.01829	0.01515	0.00640	0.00495	0.00152	0.00399	0.00523	0.00590	0.00789
13	0.00669	0.00501	0.00620	0.00590	0.00718	0.00452	0.00442	0.00875	0.01327	0.01820	0.61942	0.03919	0.22193	0.01061	0.00580	0.00157	0.00236	0.00924	0.00521	0.00452
14	0.00774	0.00568	0.00756	0.00850	0.00953	0.00575	0.00695	0.01060	0.07752	0.01459	0.02581	0.27145	0.02834	0.01350	0.00649	0.00214	0.00399	0.48463	0.00458	0.00465
15	0.00986	0.02542	0.80183	0.01401	0.02127	0.01141	0.01816	0.01556	0.01038	0.01556	0.00882	0.01038	0.00623	0.00467	0.00467	0.00156	0.00726	0.00363	0.00208	0.00726
16	0.01870	0.00761	0.01030	0.00832	0.01150	0.00665	0.00677	0.02055	0.01351	0.62922	0.07207	0.07457	0.04696	0.00756	0.00521	0.00159	0.00392	0.04171	0.00581	0.00749
17	0.01075	0.01075	0.01505	0.01290	0.01290	0.01505	0.01075	0.01183	0.00753	0.01183	0.00645	0.01075	0.00645	0.00860	0.01613	0.00215	0.81830	0.00430	0.00215	0.00538
18	0.00715	0.00476	0.00536	0.00536	0.00536	0.00476	0.00298	0.00715	0.00715	0.00953	0.01548	0.03216	0.01787	0.82729	0.02501	0.00476	0.00476	0.00715	0.00298	0.00298
19	0.01673	0.01432	0.01355	0.01113	0.01451	0.13738	0.00890	0.43995	0.24697	0.02496	0.01356	0.01327	0.01000	0.00600	0.00487	0.00150	0.00550	0.00456	0.00457	0.00777
20	0.01098	0.00955	0.01116	0.00873	0.01253	0.00882	0.03261	0.01751	0.29453	0.01767	0.01289	0.01327	0.01011	0.00476	0.00421	0.00110	0.00389	0.00398	0.00366	0.51803
21	0.01359	0.71093	0.05682	0.00895	0.01325	0.01867	0.00891	0.09530	0.01138	0.01377	0.00744	0.00840	0.00652	0.00440	0.00340	0.00112	0.00535	0.00286	0.00240	0.00656
22	0.86201	0.00950	0.00722	0.00646	0.00950	0.01102	0.00532	0.01445	0.00836	0.02205	0.00684	0.00798	0.00532	0.00456	0.00304	0.00152	0.00380	0.00266	0.00304	0.00532
23	0.11318	0.01436	0.09654	0.01098	0.01511	0.01422	0.00974	0.57738	0.05607	0.02785	0.01131	0.01152	0.00810	0.00565	0.00468	0.00150	0.00535	0.00419	0.00441	0.00787
24	0.01511	0.01649	0.01649	0.01363	0.01593	0.32096	0.11602	0.14116	0.01311	0.01558	0.00825	0.01054	0.00686	0.00618	0.00835	0.00163	0.26069	0.00409	0.00280	0.00616
25	0.00598	0.00491	0.00527	0.00533	0.00678	0.00420	0.00394	0.00733	0.01139	0.01407	0.14823	0.12517	0.61552	0.01242	0.00585	0.00168	0.00250	0.01054	0.00468	0.00420
26	0.00708	0.00504	0.00676	0.00676	0.00724	0.00552	0.00472	0.00804	0.00756	0.01056	0.01421	0.02509	0.01480	0.39248	0.45563	0.00649	0.00938	0.00611	0.00279	0.00375
27	0.01326	0.01107	0.01170	0.01021	0.01318	0.01271	0.00803	0.14759	0.66458	0.02223	0.01868	0.01728	0.01393	0.00654	0.00499	0.00164	0.00413	0.00537	0.00499	0.00787
28	0.00963	0.00472	0.00483	0.00473	0.00598	0.00468	0.00357	0.01191	0.01044	0.04700	0.01615	0.01826	0.01258	0.00574	0.00349	0.00116	0.00236	0.00459	0.82344	0.00472
29	0.03846	0.01235	0.01376	0.01057	0.01445	0.01318	0.00873	0.57808	0.02056	0.21886	0.01354	0.01292	0.00922	0.00591	0.00488	0.00149	0.00507	0.00451	0.00516	0.00829
30	0.01222	0.01056	0.01111	0.01000	0.01278	0.01222	0.00778	0.02611	0.78776	0.02056	0.02000	0.01833	0.01500	0.00667	0.00500	0.00167	0.00389	0.00556	0.00500	0.00778
31	0.01314	0.83025	0.02575	0.00841	0.01261	0.01945	0.00841	0.01472	0.00999	0.01156	0.00683	0.00788	0.00631	0.00420	0.00315	0.00105	0.00526	0.00263	0.00210	0.00631
32	0.01216	0.01168	0.01995	0.03016	0.79664	0.01168	0.01508	0.01508	0.01119	0.01605	0.00924	0.01216	0.00778	0.00438	0.00487	0.00146	0.00584	0.00438	0.00243	0.00778
33	0.01027	0.00837	0.00919	0.00847	0.01045	0.00928	0.00642	0.03224	0.46135	0.01849	0.16339	0.02600	0.03687	0.13267	0.00829	0.00214	0.00376	0.04137	0.00474	0.00626
34	0.00647	0.00465	0.00614	0.00651	0.00724	0.00432	0.00460	0.00806	0.01167	0.01614	0.41209	0.42883	0.03946	0.01271	0.00603	0.00177	0.00258	0.01142	0.00499	0.00432
35	0.12589	0.00946	0.01132	0.00883	0.01247	0.00922	0.00728	0.17388	0.01504	0.52237	0.01619	0.01470	0.01056	0.00584	0.00465	0.00150	0.00432	0.00454	0.03409	0.00785
36	0.00653	0.00502	0.00597	0.00590	0.00722	0.00449	0.00447	0.00832	0.01237	0.01633	0.39842	0.06884	0.34927	0.02387	0.00618	0.00171	0.00260	0.06316	0.00494	0.00438
37	0.00847	0.00429	0.00635	0.00635	0.00635	0.00429	0.00421	0.00644	0.00644	0.00858	0.00886	0.01575	0.00898	0.05520	0.01948	0.81692	0.00429	0.00440	0.00217	0.00217
38	0.01395	0.70676	0.02401	0.00897	0.01301	0.08692	0.00856	0.06589	0.01119	0.01289	0.00723	0.00823	0.00644	0.00439	0.00338	0.00110	0.00558	0.00279	0.00233	0.00639
39	0.00678	0.00547	0.00609	0.00585	0.00742	0.00502	0.00441	0.00950	0.07895	0.01625	0.31891	0.04094	0.45447	0.01107	0.00573	0.00162	0.00255	0.00942	0.00491	0.00464
40	0.02774	0.00970	0.12987	0.00846	0.01169	0.00677	0.04436	0.01206	0.01221	0.05153	0.38948	0.02344	0.02622	0.00705	0.00499	0.00135	0.00380	0.00614	0.00411	0.21902
41	0.01211	0.01127	0.04915	0.01019	0.01319	0.01218	0.00828	0.02561	0.75037	0.02032	0.01946	0.01795	0.01458	0.00657	0.00498	0.00166	0.00405	0.00546	0.00486	0.00775
42	0.51494	0.00823	0.00731	0.00642	0.00911	0.00902	0.00521	0.03544	0.01000	0.12393	0.01093	0.01183	0.00813	0.00509	0.00344	0.00143	0.00352	0.00349	0.21692	0.00562
43	0.01171	0.01241	0.02320	0.01731	0.02150	0.02771	0.53332	0.01815	0.20616	0.01683	0.01319	0.01647	0.01033	0.00525	0.00562	0.00168	0.00701	0.04213	0.00321	0.00680
44	0.00928	0.00873	0.01474	0.81548	0.03385	0.01092	0.01365	0.01256	0.00983	0.01256	0.00873	0.01310	0.00655	0.00491	0.00491	0.00164	0.00655	0.00437	0.00218	0.00546
45	0.00750	0.00660	0.00994	0.00833	0.01040	0.00599	0.13879	0.02621	0.01242	0.01632	0.30242	0.06289	0.35272	0.01012	0.00580	0.00163	0.00351	0.00905	0.00451	0.00484
46	0.00928	0.00873	0.01474	0.81548	0.03385	0.01092	0.01365	0.01256	0.00983	0.01256	0.00873	0.01310	0.00655	0.00491	0.00491	0.00164	0.00655	0.00437	0.00218	0.00546
47	0.01075	0.01024	0.01740	0.41388	0.42393	0.01131	0.01438	0.01385	0.01052	0.01435	0.00899	0.01262	0.00718	0.00464	0.00489	0.00155	0.00619	0.00437	0.00231	0.00665
48	0.00662	0.00466	0.00608	0.00698	0.00738	0.00449	0.00491	0.00758	0.00932	0.01236	0.02447	0.50532	0.02862	0.18319	0.01026	0.00262	0.00358	0.16346	0.00423	0.00389
49	0.01216	0.01168	0.01995	0.03016	0.79664	0.01168	0.01508	0.01508	0.01119	0.01605	0.00924	0.01216	0.00778	0.00438	0.00487	0.00146	0.00584	0.00438	0.00243	0.00778
50	0.86201	0.00950	0.00722	0.00646	0.00950	0.01102	0.00532	0.01445	0.00836	0.02205	0.00684	0.00798	0.00532	0.00456	0.00304	0.00152	0.00380	0.00266	0.00304	0.00532
51	0.01075	0.01075	0.01505	0.01290	0.01290	0.01505	0.01075	0.01183	0.00753	0.01183	0.00645	0.01075	0.00645	0.00860	0.01613	0.00215	0.81830	0.00430	0.00215	0.00538
52	0.14997	0.01161	0.01308	0.01084	0.01410	0.04182	0.08881	0.14602	0.40626	0.04321	0.01502	0.01468	0.01117	0.00586	0.00473	0.00159	0.00478	0.00483	0.00435	0.00730
53	0.01642	0.05908	0.01477	0.01246	0.01456	0.56640	0.00972	0.04311	0.01262	0.01259	0.00744	0.00933	0.00642	0.00584	0.00699	0.00146	0.18909	0.00343	0.00251	0.00574
54	0.00715	0.00476	0.00536	0.00536	0.00536	0.00476	0.00298	0.00715	0.00715	0.00953	0.01548	0.03216	0.01787	0.82729	0.02501	0.00476	0.00476	0.00715	0.00298	0.00298
55	0.00686	0.00502	0.00643	0.00608	0.00728	0.00459	0.00456	0.00908	0.01368	0.01915	0.73006	0.03762	0.11070	0.01025	0.00580	0.00156	0.00233	0.00901	0.00534	0.00459
56	0.01836	0.02321	0.01394	0.01263	0.01519	0.79038	0.00949	0.03612	0.01413	0.01244	0.00769	0.00893	0.00637	0.00508	0.00444	0.00127	0.00879	0.00319	0.00258	0.00575
57	0.01742	0.01314	0.01404	0.01105	0.01476	0.01465	0.00904	0.63277	0.17264	0.02893	0.01340	0.01308	0.00966	0.00605	0.00493	0.00151	0.00511	0.00465	0.00493	0.00824
58	0.00738	0.00487	0.00592	0.00578	0.00692	0.00456	0.00432	0.00952	0.01248	0.01834	0.48212	0.08106	0.09412	0.00953	0.00525	0.00149	0.00239	0.02128	0.21811	0.00454
59	0.01286	0.01183	0.04174	0.04543	0.01800	0.01251	0.27064	0.17481	0.01289	0.04693	0.01043	0.01294	0.00807	0.00586	0.00771	0.00167	0.19882	0.00487	0.09547	0.00651
60	0.60864	0.01133	0.00880	0.05630	0.01184	0.13187	0.00648	0.01546	0.00965	0.05723	0.00803	0.00925	0.00616	0.00478	0.00347	0.00147	0.00470	0.00302	0.03601	0.00551
61	0.01804	0.01044	0.01216	0.00980	0.01331	0.01087	0.00794	0.21691	0.26476	0.35428	0.01766	0.01599	0.01211	0.00622	0.00495	0.00156	0.00440	0.00501	0.00544	0.00817
62	0.00928	0.00873	0.01474	0.81548	0.03385	0.01092	0.01365	0.01256	0.00983	0.01256	0.00873	0.01310	0.00655	0.00491	0.00491	0.00164	0.00655	0.00437	0.00218	0.00546
63	0.00928	0.00873	0.01474	0.81548	0.03385	0.01092	0.01365	0.01256	0.00983	0.01256	0.00873	0.01310	0.00655	0.00491	0.00491	0.00164	0.00655	0.00437	0.00218	0.00546
64	0.86201	0.00950	0.00722	0.00646	0.00950	0.01102	0.00532	0.01445	0.00836	0.02205	0.00684	0.00798	0.00532	0.00456	0.00304	0.00152	0.00380	0.00266	0.00304	0.00532
65	0.01025	0.00975	0.01605	0.01227	0.01574	0.02650	0.28072	0.04959	0.01209	0.01677	0.13428	0.05037	0.04522	0.00665	0.00530	0.00146	0.00530	0.07899	0.00351	0.21921
66	0.01142	0.01421	0.14129	0.01636	0.02110	0.01194	0.43255	0.01815	0.20588	0.01693	0.01223	0.01394	0.00915	0.00483	0.00532	0.00160	0.00680	0.00527	0.00307	0.04793
67	0.00802	0.00604	0.00747	0.00801	0.00906	0.00620	0.00604	0.04778	0.12902	0.01512	0.02515	0.45501	0.03860	0.02717	0.00645	0.00203	0.00356	0.18977	0.00461	0.00489
68	0.00594	0.00445	0.00552	0.00638	0.00700	0.00403	0.00435	0.00690	0.00986	0.01273	0.03277	0.62939	0.22352	0.01466	0.00616	0.00191	0.00276	0.01307	0.00456	0.00403
69	0.00823	0.00477	0.00542	0.00526	0.00641	0.00460	0.00394	0.01053	0.01183	0.01891	0.34543	0.02611	0.02689	0.00755	0.00443	0.00131	0.00230	0.00640	0.49505	0.00460
70	0.01838	0.01361	0.01458	0.01125	0.01512	0.01510	0.00927	0.74477	0.05908	0.03048	0.01218	0.01211	0.00867	0.00594	0.00492	0.00148	0.00534	0.00448	0.00492	0.00833
71	0.86201	0.00950	0.00722	0.00646	0.00950	0.01102	0.00532	0.01445	0.00836	0.02205	0.00684	0.00798	0.00532	0.00456	0.00304	0.00152	0.00380	0.00266	0.00304	0.00532
72	0.01901	0.01324	0.01443	0.01106	0.01498	0.01447	0.00914	0.70729	0.02223	0.10516	0.01253	0.01227	0.00872	0.00592	0.00492	0.00148	0.00529	0.00447	0.00503	0.00836
73	0.01314	0.83025	0.02575	0.00841	0.01261	0.01945	0.00841	0.01472	0.00999	0.01156	0.00683	0.00788	0.00631	0.00420	0.00315	0.00105	0.00526	0.00263	0.00210	0.00631
74	0.01314	0.83025	0.02575	0.00841	0.01261	0.01945	0.00841	0.01472	0.00999	0.01156	0.00683	0.00788	0.00631	0.00420	0.00315	0.00105	0.00526	0.00263	0.00210	0.00631
75	0.04403	0.01143	0.01382	0.45241	0.02473	0.10363	0.01125	0.19236	0.01344	0.03141	0.00979	0.01244	0.00729	0.00521	0.00472	0.00153	0.00620	0.00420	0.04396	0.00617
76	0.04190	0.01110	0.01228	0.01049	0.01352	0.01253	0.03629	0.20195	0.51357	0.02254	0.01759	0.03463	0.01361	0.00671	0.00502	0.00164	0.00440	0.02783	0.00480	0.00761
77	0.00596	0.00498	0.00519	0.00514	0.00673	0.00421	0.00386	0.00735	0.01157	0.01415	0.15068	0.04586	0.69320	0.01212	0.00581	0.00164	0.00247	0.01017	0.00468	0.00421
78	0.01126	0.01076	0.01832	0.27549	0.55835	0.01144	0.01463	0.01429	0.01076	0.01496	0.00908	0.01246	0.00740	0.00455	0.00488	0.00152	0.00606	0.00438	0.00235	0.00706
79	0.00592	0.00487	0.00522	0.00538	0.00677	0.00416	0.00394	0.00719	0.01111	0.01364	0.10239	0.17466	0.61223	0.01275	0.00588	0.00171	0.00254	0.01085	0.00463	0.00416
80	0.00854	0.00427	0.00640	0.00640	0.00640	0.00427	0.00427	0.00640	0.00640	0.00854	0.00854	0.01494	0.00854	0.01707	0.01921	0.85702	0.00427	0.00427	0.00213	0.00213
81	0.01314	0.83025	0.02575	0.00841	0.01261	0.01945	0.00841	0.01472	0.00999	0.01156	0.00683	0.00788	0.00631	0.00420	0.00315	0.00105	0.00526	0.00263	0.00210	0.00631
82	0.02070	0.00867	0.01141	0.00883	0.01259	0.00775	0.00725	0.04287	0.06898	0.68740	0.01872	0.01640	0.01203	0.00600	0.00488	0.00149	0.00417	0.00487	0.00582	0.04916
83	0.00928	0.00873	0.01474	0.81548	0.03385	0.01092	0.01365	0.01256	0.00983	0.01256	0.00873	0.01310	0.00655	0.00491	0.00491	0.00164	0.00655	0.00437	0.00218	0.00546
84	0.01216	0.01168	0.01995	0.03016	0.79664	0.01168	0.01508	0.01508	0.01119	0.01605	0.00924	0.01216	0.00778	0.00438	0.00487	0.00146	0.00584	0.00438	0.00243	0.00778
85	0.01149	0.01099	0.01873	0.21340	0.61866	0.01150	0.01475	0.01449	0.01087	0.01524	0.00912	0.01238	0.00750	0.00450	0.00488	0.00150	0.00600	0.00438	0.00237	0.00724
86	0.01061	0.01067	0.01339	0.01161	0.01247	0.10320	0.07582	0.02812	0.00926	0.01249	0.01177	0.16353	0.01259	0.09514	0.01274	0.00224	0.40006	0.00639	0.00282	0.00508
87	0.01419	0.00813	0.01001	0.00809	0.01090	0.00772	0.00647	0.16779	0.01545	0.25930	0.32900	0.02319	0.02473	0.00742	0.00516	0.00145	0.00363	0.00624	0.00528	0.08586
88	0.01101	0.00592	0.00738	0.00658	0.00848	0.00540	0.00511	0.01335	0.03268	0.21179	0.33690	0.04550	0.12984	0.00880	0.00523	0.00152	0.00289	0.02134	0.13472	0.00555
89	0.01308	0.01204	0.01501	0.01254	0.01376	0.07064	0.03582	0.15516	0.01129	0.04445	0.00864	0.03189	0.00770	0.00778	0.01221	0.00192	0.53252	0.00456	0.00291	0.00607
90	0.01193	0.01020	0.01079	0.00973	0.01241	0.01174	0.00756	0.02508	0.73874	0.02048	0.05603	0.01919	0.01642	0.00681	0.00501	0.00165	0.00379	0.00570	0.01916	0.00758
91	0.00648	0.00454	0.00584	0.00670	0.00700	0.00436	0.00451	0.00726	0.00904	0.01201	0.02407	0.54667	0.02840	0.21870	0.01102	0.00272	0.00350	0.08923	0.00416	0.00379
92	0.01105	0.31921	0.51853	0.01196	0.01811	0.01434	0.01460	0.01525	0.01023	0.01410	0.00809	0.00947	0.00625	0.00450	0.00412	0.00137	0.00653	0.00326	0.00208	0.00691
93	0.01894	0.01611	0.01386	0.01133	0.01475	0.28126	0.00903	0.38790	0.03714	0.14374	0.01176	0.01173	0.00843	0.00566	0.00476	0.00142	0.00635	0.00411	0.00429	0.00745
94	0.07045	0.01152	0.06387	0.04779	0.01407	0.04707	0.00797	0.12347	0.11350	0.05545	0.01096	0.01172	0.00838	0.00473	0.00418	0.00117	0.00458	0.00368	0.00351	0.39192
95	0.00706	0.00513	0.00719	0.00719	0.00782	0.00576	0.00526	0.00832	0.00769	0.01088	0.01381	0.02289	0.01384	0.25698	0.58982	0.00703	0.01082	0.00579	0.00273	0.00400
96	0.01150	0.01305	0.02842	0.02039	0.02526	0.01224	0.75750	0.01559	0.01159	0.01571	0.01039	0.01442	0.00803	0.00440	0.00583	0.00167	0.00818	0.02673	0.00254	0.00657
97	0.00705	0.00513	0.00665	0.00630	0.00747	0.00480	0.00471	0.00960	0.03252	0.01950	0.75084	0.06136	0.04517	0.01014	0.00579	0.00156	0.00237	0.00897	0.00537	0.00469
98	0.01222	0.01056	0.01111	0.01000	0.01278	0.01222	0.00778	0.02611	0.78776	0.02056	0.02000	0.01833	0.01500	0.00667	0.00500	0.00167	0.00389	0.00556	0.00500	0.00778
99	0.02107	0.00964	0.01216	0.00935	0.01316	0.00916	0.00772	0.19646	0.03270	0.60796	0.01767	0.01564	0.01136	0.00605	0.00494	0.00151	0.00445	0.00484	0.00579	0.00835
100	0.00851	0.00537	0.00707	0.00645	0.00788	0.00490	0.00490	0.01079	0.01393	0.10024	0.71409	0.03465	0.04284	0.00964	0.00571	0.00154	0.00251	0.00848	0.00548	0.00502
101	0.00958	0.00540	0.00548	0.00533	0.00670	0.00563	0.00403	0.01347	0.11759	0.01863	0.01658	0.01832	0.01293	0.00586	0.00365	0.00122	0.00251	0.00471	0.73734	0.00502
102	0.00697	0.00469	0.00541	0.00559	0.00563	0.00465	0.00322	0.00710	0.00749	0.00999	0.01725	0.15274	0.02009	0.70367	0.02216	0.00434	0.00447	0.00819	0.00322	0.00313
103	0.24284	0.01891	0.01221	0.01090	0.01368	0.52936	0.00837	0.08188	0.01321	0.01628	0.00775	0.00887	0.00623	0.00500	0.00410	0.00135	0.00723	0.00314	0.00287	0.00582
104	0.01314	0.83025	0.02575	0.00841	0.01261	0.01945	0.00841	0.01472	0.00999	0.01156	0.00683	0.00788	0.00631	0.00420	0.00315	0.00105	0.00526	0.00263	0.00210	0.00631
105	0.01111	0.00959	0.01004	0.00913	0.01171	0.01082	0.00707	0.02279	0.65254	0.01929	0.02519	0.02338	0.15076	0.00767	0.00514	0.00167	0.00365	0.00639	0.00492	0.00715
106	0.41491	0.00937	0.00974	0.00790	0.01136	0.00970	0.00652	0.08568	0.01219	0.36859	0.01285	0.01220	0.00863	0.00535	0.00405	0.00152	0.00411	0.00383	0.00456	0.00694
107	0.01048	0.17769	0.65500	0.01295	0.01963	0.01293	0.01631	0.01540	0.01030	0.01481	0.00844	0.00990	0.00624	0.00458	0.00438	0.00146	0.00688	0.00344	0.00208	0.00708
108	0.01138	0.01287	0.02798	0.02010	0.02487	0.01213	0.74163	0.01541	0.01142	0.01553	0.01010	0.01355	0.00769	0.00572	0.04438	0.00196	0.00852	0.00577	0.00249	0.00652
109	0.00673	0.00498	0.00627	0.00602	0.00722	0.00453	0.00449	0.00880	0.01327	0.01834	0.63904	0.07518	0.16555	0.01068	0.00582	0.00158	0.00237	0.00936	0.00523	0.00453
110	0.00585	0.00498	0.00503	0.00502	0.00666	0.00417	0.00377	0.00713	0.01130	0.01350	0.07583	0.04692	0.76846	0.01236	0.00581	0.00166	0.00248	0.01032	0.00459	0.00417
111	0.01843	0.01331	0.01436	0.01110	0.01496	0.01467	0.00914	0.69725	0.07075	0.06650	0.01267	0.01244	0.00895	0.00596	0.00492	0.00149	0.00525	0.00452	0.00498	0.00832
112	0.84165	0.00948	0.00732	0.00652	0.00958	0.01093	0.00537	0.01468	0.00850	0.04090	0.00715	0.00820	0.00549	0.00460	0.00309	0.00152	0.00381	0.00272	0.00311	0.00540
113	0.86201	0.00950	0.00722	0.00646	0.00950	0.01102	0.00532	0.01445	0.00836	0.02205	0.00684	0.00798	0.00532	0.00456	0.00304	0.00152	0.00380	0.00266	0.00304	0.00532
114	0.00581	0.00498	0.00498	0.00498	0.00664	0.00415	0.00373	0.00705	0.01120	0.01328	0.04978	0.04729	0.79464	0.01245	0.00581	0.00166	0.00249	0.01037	0.00456	0.00415
115	0.01314	0.83025	0.02575	0.00841	0.01261	0.01945	0.00841	0.01472	0.00999	0.01156	0.00683	0.00788	0.00631	0.00420	0.00315	0.00105	0.00526	0.00263	0.00210	0.00631
116	0.01836	0.02342	0.01393	0.01266	0.01519	0.80756	0.00950	0.01962	0.01393	0.01203	0.00760	0.00886	0.00633	0.00506	0.00443	0.00127	0.00886	0.00317	0.00253	0.00570
117	0.03268	0.16332	0.55234	0.01227	0.01836	0.01275	0.01486	0.06932	0.01133	0.01632	0.04640	0.01125	0.00830	0.00493	0.00444	0.00146	0.00646	0.00374	0.00247	0.00700
118	0.00595	0.00481	0.00530	0.00554	0.00682	0.00415	0.00402	0.00720	0.01101	0.01368	0.11128	0.23402	0.54316	0.01294	0.00592	0.00173	0.00256	0.01111	0.00464	0.00415
119	0.01216	0.01168	0.01995	0.03016	0.79664	0.01168	0.01508	0.01508	0.01119	0.01605	0.00924	0.01216	0.00778	0.00438	0.00487	0.00146	0.00584	0.00438	0.00243	0.00778
120	0.00725	0.00565	0.00638	0.00616	0.00765	0.00491	0.00456	0.00876	0.01299	0.01709	0.39715	0.04305	0.43604	0.01179	0.00615	0.00176	0.00273	0.00987	0.00523	0.00484
121	0.00846	0.00431	0.00647	0.00647	0.00651	0.00436	0.00436	0.00651	0.00647	0.00867	0.00875	0.01514	0.00871	0.01800	0.05631	0.81707	0.00469	0.00431	0.00216	0.00224
122	0.01314	0.83025	0.02575	0.00841	0.01261	0.01945	0.00841	0.01472	0.00999	0.01156	0.00683	0.00788	0.00631	0.00420	0.00315	0.00105	0.00526	0.00263	0.00210	0.00631
123	0.00604	0.00501	0.00526	0.00529	0.00683	0.00428	0.00399	0.00739	0.01131	0.01377	0.10930	0.04636	0.67277	0.03643	0.00642	0.00177	0.00264	0.04638	0.00458	0.00417
124	0.00928	0.00873	0.01474	0.81548	0.03385	0.01092	0.01365	0.01256	0.00983	0.01256	0.00873	0.01310	0.00655	0.00491	0.00491	0.00164	0.00655	0.00437	0.00218	0.00546
125	0.01216	0.01168	0.01995	0.03016	0.79664	0.01168	0.01508	0.01508	0.01119	0.01605	0.00924	0.01216	0.00778	0.00438	0.00487	0.00146	0.00584	0.00438	0.00243	0.00778
126	0.01298	0.01471	0.02295	0.04281	0.19518	0.17165	0.39927	0.01611	0.01175	0.01481	0.00913	0.01202	0.00723	0.00460	0.00575	0.00156	0.04358	0.00485	0.00246	0.00661

[dist]
# distance from previous block
# <min> <max>
0	1

[block]
# block no. 5 follows, 51 sequences, length 133
# corresponding to MSA columns:
# 260-392
name=unknown_F
#
# <colnr> <probs for GDERKNQSTAVLIFYWHMCP>
#	G	D	E	R	K	N	Q	S	T	A	V	L	I	F	Y	W	H	M	C	P
0	0.01286	0.06856	0.40200	0.01435	0.02016	0.01148	0.20700	0.03115	0.01156	0.15753	0.01095	0.01212	0.00765	0.00479	0.00491	0.00154	0.00681	0.00437	0.00296	0.00726
1	0.00648	0.00500	0.00591	0.00569	0.00705	0.00444	0.00426	0.00836	0.01279	0.01705	0.48716	0.04107	0.35491	0.01104	0.00580	0.00159	0.00239	0.00950	0.00506	0.00444
2	0.00618	0.00446	0.00586	0.00670	0.00720	0.00414	0.00460	0.00732	0.01027	0.01382	0.15682	0.64549	0.06635	0.01434	0.00618	0.00191	0.00278	0.02675	0.00470	0.00412
3	0.00909	0.00823	0.01155	0.01037	0.01067	0.01089	0.00833	0.01027	0.00761	0.01143	0.00973	0.01602	0.00969	0.10878	0.28543	0.00439	0.45539	0.00494	0.00241	0.00478
4	0.01096	0.01062	0.01618	0.30259	0.17108	0.02733	0.03073	0.04257	0.00986	0.01373	0.00811	0.01193	0.00684	0.00620	0.00908	0.00178	0.30771	0.00436	0.00234	0.00602
5	0.00607	0.00433	0.00579	0.00693	0.00725	0.00406	0.00470	0.00698	0.00949	0.01263	0.02704	0.79213	0.03233	0.01532	0.00629	0.00201	0.00292	0.04514	0.00456	0.00401
6	0.01014	0.00983	0.01732	0.56382	0.19937	0.01124	0.09136	0.01343	0.01030	0.01364	0.00897	0.01291	0.00691	0.00472	0.00499	0.00160	0.00657	0.00451	0.00227	0.00608
7	0.86201	0.00950	0.00722	0.00646	0.00950	0.01102	0.00532	0.01445	0.00836	0.02205	0.00684	0.00798	0.00532	0.00456	0.00304	0.00152	0.00380	0.00266	0.00304	0.00532
8	0.01075	0.01075	0.01505	0.01290	0.01290	0.01505	0.01075	0.01183	0.00753	0.01183	0.00645	0.01075	0.00645	0.00860	0.01613	0.00215	0.81830	0.00430	0.00215	0.00538
9	0.01430	0.01120	0.01200	0.01024	0.01335	0.01267	0.00812	0.20597	0.56315	0.06548	0.01801	0.01669	0.01326	0.00645	0.00498	0.00161	0.00427	0.00525	0.00504	0.00795
10	0.01314	0.83025	0.02575	0.00841	0.01261	0.01945	0.00841	0.01472	0.00999	0.01156	0.00683	0.00788	0.00631	0.00420	0.00315	0.00105	0.00526	0.00263	0.00210	0.00631
11	0.01222	0.01056	0.01111	0.01000	0.01278	0.01222	0.00778	0.02611	0.78776	0.02056	0.02000	0.01833	0.01500	0.00667	0.00500	0.00167	0.00389	0.00556	0.00500	0.00778
12	0.00608	0.00499	0.00535	0.00526	0.00680	0.00426	0.00395	0.00757	0.01184	0.01478	0.22400	0.04482	0.61949	0.01188	0.00581	0.00163	0.00245	0.01002	0.00476	0.00426
13	0.01222	0.01056	0.01111	0.01000	0.01278	0.01222	0.00778	0.02611	0.78776	0.02056	0.02000	0.01833	0.01500	0.00667	0.00500	0.00167	0.00389	0.00556	0.00500	0.00778
14	0.80133	0.00942	0.00752	0.00663	0.00972	0.01075	0.00546	0.01513	0.00878	0.07824	0.00775	0.00861	0.00582	0.00467	0.00318	0.00152	0.00383	0.00283	0.00326	0.00554
15	0.00657	0.00484	0.00626	0.00706	0.00789	0.00453	0.00534	0.00801	0.01066	0.01395	0.10523	0.41044	0.16018	0.01389	0.00629	0.00197	0.00319	0.21484	0.00463	0.00422
16	0.01890	0.01244	0.01443	0.01222	0.07520	0.01324	0.00933	0.55824	0.02024	0.19529	0.01323	0.01289	0.00913	0.00582	0.00492	0.00148	0.00518	0.00453	0.00497	0.00831
17	0.00599	0.00428	0.00570	0.00684	0.00713	0.00399	0.00456	0.00684	0.00941	0.01254	0.02709	0.82409	0.03250	0.01540	0.00627	0.00200	0.00285	0.01397	0.00456	0.00399
18	0.01868	0.01376	0.01475	0.01131	0.01524	0.01524	0.00934	0.78025	0.02311	0.03097	0.01180	0.01180	0.00836	0.00590	0.00492	0.00147	0.00541	0.00442	0.00492	0.00836
19	0.01019	0.00873	0.01019	0.00728	0.01165	0.00655	0.00582	0.01237	0.01019	0.01601	0.00873	0.01019	0.00728	0.00364	0.00364	0.00073	0.00364	0.00291	0.00291	0.85734
20	0.01138	0.42167	0.29235	0.00976	0.01455	0.01434	0.01102	0.01450	0.01017	0.01401	0.00896	0.01038	0.00726	0.00460	0.00372	0.00124	0.00549	0.00328	0.13495	0.00637
21	0.86201	0.00950	0.00722	0.00646	0.00950	0.01102	0.00532	0.01445	0.00836	0.02205	0.00684	0.00798	0.00532	0.00456	0.00304	0.00152	0.00380	0.00266	0.00304	0.00532
22	0.01675	0.29772	0.01857	0.01030	0.01433	0.01670	0.00902	0.51402	0.01854	0.02422	0.01007	0.01044	0.00764	0.00531	0.00430	0.00133	0.00535	0.00380	0.00394	0.00764
23	0.00707	0.00506	0.00684	0.00684	0.00735	0.00557	0.00482	0.00810	0.00758	0.01062	0.01413	0.02466	0.01461	0.36625	0.48160	0.00659	0.00966	0.00605	0.00278	0.00380
24	0.00662	0.00494	0.00615	0.00600	0.00717	0.00447	0.00444	0.00857	0.01290	0.01765	0.56217	0.11674	0.20192	0.01108	0.00585	0.00161	0.00241	0.00970	0.00515	0.00447
25	0.00599	0.00428	0.00570	0.00684	0.00713	0.00399	0.00456	0.00684	0.00941	0.01254	0.02709	0.82409	0.03250	0.01540	0.00627	0.00200	0.00285	0.01397	0.00456	0.00399
26	0.01669	0.01277	0.01363	0.01090	0.01448	0.01431	0.00886	0.54752	0.25908	0.02776	0.01433	0.01382	0.01041	0.00614	0.00494	0.00153	0.00494	0.00477	0.00494	0.00818
27	0.01836	0.02342	0.01393	0.01266	0.01519	0.80756	0.00950	0.01962	0.01393	0.01203	0.00760	0.00886	0.00633	0.00506	0.00443	0.00127	0.00886	0.00317	0.00253	0.00570
28	0.01991	0.01180	0.01353	0.01037	0.01426	0.01232	0.00857	0.50520	0.01982	0.31067	0.01456	0.01359	0.00974	0.00597	0.00493	0.00149	0.00496	0.00461	0.00534	0.00836
29	0.00792	0.00566	0.00792	0.00905	0.01018	0.00566	0.00792	0.01018	0.01131	0.01471	0.02602	0.05543	0.02828	0.01358	0.00679	0.00226	0.00453	0.76356	0.00453	0.00453
30	0.01314	0.83025	0.02575	0.00841	0.01261	0.01945	0.00841	0.01472	0.00999	0.01156	0.00683	0.00788	0.00631	0.00420	0.00315	0.00105	0.00526	0.00263	0.00210	0.00631
31	0.01838	0.02264	0.01399	0.01255	0.01520	0.74333	0.00948	0.08129	0.01467	0.01356	0.00794	0.00910	0.00649	0.00513	0.00447	0.00128	0.00858	0.00327	0.00273	0.00591
32	0.01235	0.01062	0.01118	0.01003	0.01283	0.01228	0.00781	0.04057	0.77310	0.02076	0.01984	0.01821	0.01487	0.00665	0.00500	0.00166	0.00392	0.00553	0.00500	0.00779
