[name]
unknown

[dist]
# distance from previous block
# <min> <max>
2	36

[block]
# block no. 0 follows, 45 sequences, length 47
# corresponding to MSA columns:
# 36-82
name=unknown_A
#
# <colnr> <probs for GDERKNQSTAVLIFYWHMCP>
#	G	D	E	R	K	N	Q	S	T	A	V	L	I	F	Y	W	H	M	C	P
0	0.01164	0.07614	0.21783	0.01255	0.01615	0.02709	0.04397	0.07126	0.08634	0.01656	0.01173	0.01478	0.00973	0.01510	0.20849	0.00355	0.14246	0.00483	0.00302	0.00679
1	0.01363	0.01210	0.17335	0.01084	0.04379	0.00855	0.00976	0.04446	0.06108	0.22462	0.21758	0.09770	0.04233	0.00855	0.00574	0.00173	0.00466	0.00730	0.00505	0.00718
2	0.01994	0.02078	0.04305	0.01291	0.01636	0.46815	0.01028	0.17279	0.05560	0.11219	0.01155	0.01198	0.00863	0.00593	0.00506	0.00150	0.00794	0.00413	0.00389	0.00735
3	0.00931	0.00861	0.03652	0.00825	0.01010	0.03842	0.00629	0.01458	0.23026	0.01613	0.03084	0.21596	0.22550	0.11402	0.00879	0.00231	0.00404	0.00970	0.00471	0.00567
4	0.01702	0.01822	0.01646	0.06139	0.19441	0.35521	0.01173	0.13794	0.04777	0.01816	0.01072	0.01324	0.00878	0.00577	0.00513	0.00152	0.00757	0.02527	0.00333	0.04035
5	0.01010	0.16978	0.24032	0.08654	0.01679	0.01119	0.02799	0.01362	0.01252	0.01708	0.25532	0.02335	0.07931	0.00752	0.00532	0.00161	0.00535	0.00627	0.00366	0.00636
6	0.00854	0.00687	0.01004	0.31788	0.01875	0.00766	0.00836	0.01035	0.00986	0.01312	0.01778	0.21322	0.03491	0.23619	0.01186	0.00281	0.00528	0.00829	0.03586	0.02237
7	0.01136	0.01078	0.01219	0.27089	0.03500	0.13370	0.00986	0.08470	0.01270	0.01564	0.01756	0.32542	0.01848	0.00999	0.00587	0.00186	0.00583	0.00869	0.00376	0.00573
8	0.01466	0.77252	0.02744	0.00943	0.01393	0.06221	0.00925	0.01636	0.01114	0.01266	0.00751	0.00867	0.00689	0.00464	0.00352	0.00116	0.00595	0.00290	0.00232	0.00685
9	0.01375	0.01069	0.01984	0.24679	0.02513	0.01075	0.28425	0.01703	0.01242	0.18605	0.01495	0.10755	0.01218	0.00668	0.00590	0.00181	0.00680	0.00670	0.00376	0.00695
10	0.01207	0.31382	0.50890	0.01308	0.01980	0.01566	0.01596	0.01666	0.01118	0.01541	0.00884	0.01034	0.00683	0.00492	0.00450	0.00150	0.00714	0.00357	0.00228	0.00755
11	0.00708	0.00565	0.00641	0.00673	0.00805	0.00522	0.00484	0.00949	0.07277	0.01541	0.10011	0.32406	0.38663	0.01405	0.00646	0.00194	0.00297	0.01221	0.00510	0.00483
12	0.02263	0.00881	0.01199	0.00930	0.01320	0.00764	0.00764	0.02475	0.01535	0.71473	0.08748	0.02019	0.01657	0.00702	0.00548	0.00166	0.00439	0.00578	0.00658	0.00878
13	0.05346	0.04539	0.01398	0.01205	0.05499	0.14408	0.00909	0.13818	0.23891	0.16491	0.03649	0.01695	0.03442	0.00667	0.00520	0.00163	0.00557	0.00522	0.00484	0.00795
14	0.01029	0.00975	0.01613	0.72261	0.03476	0.01236	0.01460	0.01364	0.01049	0.01364	0.00930	0.01406	0.00715	0.00576	0.00655	0.00184	0.08396	0.00476	0.00238	0.00595
15	0.00782	0.00559	0.00770	0.00894	0.00981	0.00546	0.00721	0.00969	0.01154	0.01514	0.02888	0.35438	0.03271	0.01561	0.00719	0.00236	0.00422	0.45610	0.00496	0.00471
16	0.01113	0.01148	0.02222	0.49341	0.03346	0.01257	0.30723	0.01508	0.01149	0.01508	0.01006	0.01438	0.00754	0.00504	0.00575	0.00180	0.00790	0.00539	0.00251	0.00647
17	0.03175	0.05916	0.05840	0.19335	0.17200	0.20250	0.03105	0.08230	0.08612	0.01732	0.01070	0.01283	0.00838	0.00548	0.00510	0.00160	0.00718	0.00444	0.00310	0.00723
18	0.01019	0.01413	0.31146	0.00945	0.01330	0.00812	0.01033	0.02960	0.01149	0.01851	0.01548	0.09262	0.01303	0.00683	0.00462	0.00152	0.00477	0.00558	0.41279	0.00618
19	0.01679	0.02014	0.01570	0.01393	0.01561	0.48573	0.01091	0.01809	0.01246	0.01305	0.00781	0.01049	0.00697	0.00705	0.00986	0.00176	0.32102	0.00394	0.00260	0.00608
20	0.00903	0.00724	0.00961	0.00836	0.01082	0.00689	0.00657	0.01113	0.00961	0.01444	0.01248	0.01717	0.01127	0.02599	0.48100	0.00555	0.01029	0.00474	0.00300	0.33482
21	0.01077	0.02777	0.78354	0.01530	0.02323	0.01247	0.01983	0.01700	0.01133	0.01700	0.00963	0.01133	0.00680	0.00510	0.00510	0.00170	0.00793	0.00397	0.00227	0.00793
22	0.01304	0.01343	0.02568	0.02889	0.48305	0.01308	0.30818	0.01676	0.01240	0.01740	0.01040	0.01376	0.00836	0.00468	0.00572	0.00168	0.00743	0.00539	0.00268	0.00801
23	0.00775	0.00541	0.00692	0.00692	0.00728	0.00578	0.00458	0.00849	0.00812	0.01119	0.01594	0.02976	0.01718	0.51633	0.31916	0.00651	0.00871	0.00702	0.00311	0.00384
24	0.01126	0.01044	0.01609	0.02277	0.47535	0.03209	0.01206	0.01400	0.01296	0.01799	0.20120	0.05420	0.08188	0.00750	0.00569	0.00165	0.00511	0.00689	0.00373	0.00711
25	0.01674	0.01322	0.01405	0.01161	0.01525	0.01494	0.00932	0.38039	0.41077	0.02793	0.01754	0.01659	0.01289	0.00688	0.00542	0.00172	0.00505	0.00547	0.00542	0.00880
26	0.00654	0.00467	0.00623	0.00747	0.00779	0.00436	0.00498	0.00747	0.01028	0.01370	0.02959	0.80785	0.03550	0.01682	0.00685	0.00218	0.00311	0.01526	0.00498	0.00436
27	0.00760	0.00549	0.00718	0.00675	0.00802	0.00506	0.00506	0.01013	0.01519	0.02153	0.77503	0.04010	0.05065	0.01097	0.00633	0.00169	0.00253	0.00971	0.00591	0.00506
28	0.01014	0.00954	0.01610	0.79845	0.03697	0.01193	0.01491	0.01371	0.01073	0.01371	0.00954	0.01431	0.00716	0.00537	0.00537	0.00179	0.00716	0.00477	0.00239	0.00596
29	0.00865	0.00618	0.00865	0.00989	0.01112	0.00618	0.00865	0.01112	0.01236	0.01606	0.02842	0.06055	0.03089	0.01483	0.00741	0.00247	0.00494	0.74174	0.00494	0.00494
30	0.01174	0.01174	0.01644	0.01409	0.01409	0.01644	0.01174	0.01292	0.00822	0.01292	0.00705	0.01174	0.00705	0.00940	0.01762	0.00235	0.80153	0.00470	0.00235	0.00587
31	0.00654	0.00467	0.00623	0.00747	0.00779	0.00436	0.00498	0.00747	0.01028	0.01370	0.02959	0.80785	0.03550	0.01682	0.00685	0.00218	0.00311	0.01526	0.00498	0.00436
32	0.02041	0.01504	0.01611	0.01235	0.01665	0.01665	0.01020	0.75997	0.02524	0.03383	0.01289	0.01289	0.00913	0.00644	0.00537	0.00161	0.00591	0.00483	0.00537	0.00913
33	0.00781	0.00520	0.00585	0.00585	0.00585	0.00520	0.00325	0.00781	0.00781	0.01041	0.01691	0.03513	0.01952	0.81135	0.02732	0.00520	0.00520	0.00781	0.00325	0.00325
34	0.01060	0.02658	0.74215	0.01484	0.02242	0.01207	0.01905	0.01663	0.01154	0.01724	0.05044	0.01287	0.00914	0.00541	0.00517	0.00170	0.00765	0.00427	0.00246	0.00778
35	0.00654	0.00467	0.00623	0.00747	0.00779	0.00436	0.00498	0.00747	0.01028	0.01370	0.02959	0.80785	0.03550	0.01682	0.00685	0.00218	0.00311	0.01526	0.00498	0.00436
36	0.01311	0.54317	0.28870	0.01129	0.01704	0.01821	0.01286	0.01639	0.01105	0.01414	0.00821	0.00955	0.00686	0.00477	0.00402	0.00134	0.00650	0.00325	0.00229	0.00725
37	0.00654	0.00467	0.00623	0.00747	0.00779	0.00436	0.00498	0.00747	0.01028	0.01370	0.02959	0.80785	0.03550	0.01682	0.00685	0.00218	0.00311	0.01526	0.00498	0.00436
38	0.01937	0.02445	0.01531	0.01385	0.01639	0.72674	0.01048	0.02074	0.01464	0.01312	0.00820	0.00985	0.00693	0.00585	0.00588	0.00146	0.07425	0.00356	0.00273	0.00619
39	0.01335	0.01153	0.01214	0.01092	0.01396	0.01335	0.00850	0.02852	0.76817	0.02245	0.02185	0.02003	0.01639	0.00728	0.00546	0.00182	0.00425	0.00607	0.00546	0.00850
40	0.01435	0.81458	0.02813	0.00918	0.01378	0.02124	0.00918	0.01607	0.01091	0.01263	0.00746	0.00861	0.00689	0.00459	0.00344	0.00115	0.00574	0.00287	0.00230	0.00689
41	0.01178	0.02138	0.48024	0.01358	0.01959	0.01281	0.01538	0.02153	0.30891	0.01914	0.01444	0.01475	0.01057	0.00596	0.00524	0.00175	0.00648	0.00479	0.00352	0.00815
42	0.00897	0.01408	0.31163	0.00957	0.01269	0.00806	0.00977	0.01142	0.00919	0.01300	0.01405	0.02577	0.01452	0.49435	0.01858	0.00383	0.00628	0.00630	0.00286	0.00509
43	0.01659	0.50436	0.02305	0.01101	0.01489	0.32343	0.00965	0.01818	0.01260	0.01283	0.00779	0.00903	0.00690	0.00496	0.00399	0.00124	0.00729	0.00310	0.00248	0.00663
44	0.00953	0.29968	0.03743	0.00836	0.01047	0.01080	0.00700	0.01094	0.01050	0.01338	0.02056	0.47347	0.02368	0.01263	0.02568	0.00196	0.00450	0.01018	0.00387	0.00540
45	0.01216	0.00951	0.01124	0.00808	0.01280	0.00721	0.00648	0.01452	0.01147	0.07818	0.01047	0.01170	0.00837	0.00419	0.00409	0.00086	0.00402	0.00336	0.00346	0.77785
46	0.01310	0.00639	0.00735	0.00658	0.00860	0.00619	0.00512	0.01632	0.06106	0.19008	0.09909	0.02176	0.01774	0.00691	0.00450	0.00143	0.00308	0.00566	0.51288	0.00615

[dist]
# distance from previous block
# <min> <max>
0	4

[block]
# block no. 1 follows, 45 sequences, length 17
# corresponding to MSA columns:
# 87-103
name=unknown_B
#
# <colnr> <probs for GDERKNQSTAVLIFYWHMCP>
#	G	D	E	R	K	N	Q	S	T	A	V	L	I	F	Y	W	H	M	C	P
0	0.17666	0.00934	0.06166	0.00924	0.01157	0.00943	0.00786	0.10741	0.01104	0.01781	0.01250	0.01692	0.01091	0.02655	0.48044	0.00588	0.01083	0.00495	0.00324	0.00576
1	0.00934	0.01913	0.47823	0.01268	0.01794	0.00967	0.04495	0.01367	0.01117	0.01591	0.01872	0.23171	0.07649	0.00895	0.00573	0.00184	0.00625	0.00773	0.00324	0.00666
2	0.01390	0.71584	0.12293	0.00995	0.01496	0.02014	0.01052	0.01619	0.01096	0.01318	0.00774	0.00895	0.00688	0.00466	0.00365	0.00122	0.00602	0.00301	0.00229	0.00702
3	0.01297	0.01243	0.02121	0.11064	0.70267	0.01267	0.01632	0.01619	0.01207	0.01715	0.01004	0.01339	0.00837	0.00484	0.00532	0.00161	0.00646	0.00478	0.00263	0.00824
4	0.51886	0.01084	0.01398	0.01105	0.01472	0.01151	0.20581	0.01524	0.01061	0.02136	0.04873	0.01520	0.07046	0.00584	0.00451	0.00171	0.00526	0.00482	0.00342	0.00605
5	0.01329	0.01275	0.02179	0.03295	0.77787	0.01275	0.01647	0.01647	0.01222	0.01754	0.01010	0.01329	0.00850	0.00478	0.00531	0.00159	0.00638	0.00478	0.00266	0.00850
6	0.00804	0.00694	0.00786	0.00816	0.00921	0.06799	0.02804	0.00949	0.01186	0.01520	0.14887	0.47095	0.12914	0.01412	0.00655	0.00199	0.00375	0.04221	0.00488	0.00475
7	0.01294	0.01240	0.02116	0.11809	0.69546	0.01266	0.01630	0.01617	0.01206	0.01711	0.01004	0.01340	0.00835	0.00485	0.00532	0.00162	0.00646	0.00478	0.00263	0.00822
8	0.01329	0.01275	0.02179	0.03295	0.77787	0.01275	0.01647	0.01647	0.01222	0.01754	0.01010	0.01329	0.00850	0.00478	0.00531	0.00159	0.00638	0.00478	0.00266	0.00850
9	0.00932	0.00466	0.00699	0.00699	0.00699	0.00466	0.00466	0.00699	0.00699	0.00932	0.00932	0.01632	0.00932	0.01865	0.02098	0.84382	0.00466	0.00466	0.00233	0.00233
10	0.01739	0.02053	0.01780	0.02136	0.31657	0.48361	0.01278	0.01948	0.01403	0.01487	0.00901	0.01110	0.00754	0.00524	0.00503	0.00147	0.00838	0.00398	0.00272	0.00712
11	0.34085	0.00987	0.01260	0.44524	0.02522	0.01172	0.01088	0.01452	0.01012	0.01800	0.00873	0.01194	0.00667	0.00514	0.00449	0.00169	0.00581	0.00395	0.00280	0.04976
12	0.00736	0.00511	0.00645	0.00721	0.00754	0.00497	0.00487	0.00817	0.00962	0.01277	0.02441	0.38841	0.02849	0.32960	0.01500	0.00342	0.00422	0.12406	0.00429	0.00401
13	0.01766	0.01485	0.01614	0.01302	0.01584	0.07874	0.01070	0.46628	0.01909	0.02561	0.01069	0.01227	0.00830	0.00730	0.00917	0.00182	0.25576	0.00468	0.00421	0.00787
14	0.01310	0.01256	0.02145	0.07803	0.73423	0.01271	0.01638	0.01631	0.01213	0.01731	0.01006	0.01335	0.00842	0.00482	0.00532	0.00161	0.00642	0.00478	0.00264	0.00835
15	0.01329	0.01275	0.02179	0.03295	0.77787	0.01275	0.01647	0.01647	0.01222	0.01754	0.01010	0.01329	0.00850	0.00478	0.00531	0.00159	0.00638	0.00478	0.00266	0.00850
16	0.01658	0.01085	0.01517	0.01238	0.01462	0.04174	0.06548	0.01845	0.01168	0.31609	0.01369	0.01539	0.01023	0.01093	0.08986	0.00264	0.31776	0.00516	0.00414	0.00716

[dist]
# distance from previous block
# <min> <max>
9	38

[block]
# block no. 2 follows, 45 sequences, length 53
# corresponding to MSA columns:
# 142-194
name=unknown_C
#
# <colnr> <probs for GDERKNQSTAVLIFYWHMCP>
#	G	D	E	R	K	N	Q	S	T	A	V	L	I	F	Y	W	H	M	C	P
0	0.01457	0.01158	0.01298	0.00958	0.01418	0.01068	0.00779	0.29064	0.01637	0.02356	0.01078	0.01178	0.00839	0.00489	0.00449	0.00110	0.00469	0.00379	0.00399	0.53416
1	0.06858	0.01040	0.01087	0.00907	0.01254	0.03723	0.00710	0.01932	0.30895	0.02006	0.09482	0.01860	0.03804	0.00640	0.00486	0.00140	0.00411	0.00522	0.00441	0.31801
2	0.01077	0.02777	0.78354	0.01530	0.02323	0.01247	0.01983	0.01700	0.01133	0.01700	0.00963	0.01133	0.00680	0.00510	0.00510	0.00170	0.00793	0.00397	0.00227	0.00793
3	0.07631	0.01120	0.04322	0.00994	0.01274	0.06041	0.00818	0.06033	0.30409	0.08404	0.01877	0.03990	0.01549	0.00833	0.00603	0.04029	0.00475	0.09345	0.09549	0.00703
4	0.01378	0.00720	0.00926	0.00852	0.01068	0.00665	0.00641	0.04957	0.04480	0.28474	0.02573	0.40571	0.05139	0.01180	0.00610	0.00189	0.00382	0.01037	0.00554	0.03606
5	0.01371	0.01448	0.02312	0.05650	0.30347	0.10072	0.25867	0.04292	0.01267	0.01682	0.01003	0.01331	0.00814	0.00598	0.02202	0.00186	0.08025	0.00516	0.00275	0.00744
6	0.01537	0.01279	0.02357	0.01736	0.02209	0.01229	0.44106	0.04264	0.13537	0.17909	0.01483	0.01605	0.01058	0.00546	0.00592	0.00175	0.00713	0.00598	0.00407	0.02661
7	0.01524	0.01255	0.02305	0.01739	0.03665	0.01225	0.41169	0.05115	0.09584	0.17902	0.04445	0.01669	0.01181	0.00582	0.00645	0.00178	0.04028	0.00608	0.00406	0.00774
8	0.00651	0.00516	0.00586	0.00629	0.00750	0.00451	0.00448	0.00779	0.01172	0.01470	0.09648	0.33157	0.44928	0.01460	0.00653	0.00194	0.00285	0.01267	0.00505	0.00451
9	0.01457	0.43470	0.02085	0.01031	0.01414	0.09794	0.00905	0.02125	0.29249	0.01633	0.01289	0.01296	0.01042	0.00569	0.00434	0.00142	0.00559	0.00412	0.00352	0.00742
10	0.01782	0.01047	0.01488	0.01579	0.22661	0.00940	0.01000	0.04826	0.01384	0.35640	0.01497	0.01496	0.01051	0.00548	0.00503	0.00143	0.00498	0.00467	0.00465	0.20984
11	0.54130	0.01038	0.01109	0.00897	0.01274	0.01093	0.06791	0.01823	0.01100	0.20241	0.01110	0.01158	0.00789	0.00529	0.00409	0.00163	0.00464	0.00379	0.00405	0.05098
12	0.01163	0.01171	0.00881	0.00837	0.00935	0.25502	0.00556	0.01214	0.01040	0.01149	0.01615	0.02790	0.05543	0.51262	0.01905	0.00381	0.00650	0.00661	0.00319	0.00427
13	0.00708	0.00591	0.00839	0.00815	0.00951	0.00533	0.07750	0.00851	0.01119	0.01428	0.03675	0.43614	0.30736	0.02905	0.00699	0.00206	0.00358	0.01280	0.00473	0.00468
14	0.01020	0.13872	0.07054	0.07400	0.01377	0.00986	0.00902	0.05134	0.01162	0.01515	0.01899	0.07157	0.01995	0.14945	0.02843	0.00270	0.00571	0.28972	0.00379	0.00546
15	0.01301	0.26814	0.02010	0.01252	0.01412	0.05881	0.01086	0.01437	0.00945	0.01284	0.00725	0.01064	0.00699	0.00766	0.01243	0.00192	0.50630	0.00405	0.00235	0.00621
16	0.00683	0.00488	0.00653	0.00759	0.00808	0.00458	0.00529	0.00806	0.01098	0.01474	0.11020	0.66374	0.03677	0.01602	0.00684	0.00215	0.00320	0.07394	0.00508	0.00448
17	0.01191	0.01487	0.13976	0.09463	0.24811	0.03089	0.26550	0.01579	0.01198	0.01651	0.01207	0.09027	0.01057	0.00598	0.00577	0.00175	0.00735	0.00616	0.00282	0.00730
18	0.01147	0.02283	0.50441	0.01802	0.02502	0.01288	0.29402	0.01707	0.01183	0.01707	0.01009	0.01250	0.00730	0.00489	0.00556	0.00174	0.00835	0.00485	0.00243	0.00768
19	0.00653	0.00470	0.00620	0.00740	0.00777	0.00437	0.00495	0.00748	0.01035	0.01373	0.03046	0.78118	0.06161	0.01670	0.00683	0.00217	0.00310	0.01512	0.00498	0.00437
20	0.01071	0.01004	0.01572	0.02273	0.49177	0.00970	0.01187	0.01322	0.01223	0.01641	0.02654	0.02753	0.29332	0.00805	0.00570	0.00168	0.00502	0.00721	0.00352	0.00703
21	0.01760	0.11748	0.22958	0.01236	0.01738	0.10773	0.04601	0.02114	0.03353	0.30655	0.01391	0.01381	0.00961	0.00580	0.00532	0.00160	0.02400	0.00449	0.00410	0.00799
22	0.00781	0.00520	0.00585	0.00585	0.00585	0.00520	0.00325	0.00781	0.00781	0.01041	0.01691	0.03513	0.01952	0.81135	0.02732	0.00520	0.00520	0.00781	0.00325	0.00325
23	0.00657	0.00470	0.00626	0.00745	0.00779	0.00438	0.00499	0.00755	0.01042	0.01394	0.05190	0.78487	0.03596	0.01664	0.00684	0.00217	0.00310	0.01509	0.00501	0.00438
24	0.00908	0.01230	0.23269	0.01108	0.01422	0.00782	0.01142	0.01257	0.01220	0.01667	0.08413	0.07941	0.02575	0.01179	0.00663	0.00217	0.00553	0.43450	0.00425	0.00579
25	0.00980	0.00898	0.01548	0.01293	0.01535	0.00878	0.24927	0.04426	0.08974	0.01658	0.02203	0.43681	0.02358	0.01142	0.00648	0.00200	0.00527	0.01099	0.00431	0.00592
26	0.01109	0.09951	0.71466	0.01474	0.02237	0.01327	0.01886	0.01692	0.01129	0.01660	0.00944	0.01108	0.00681	0.00505	0.00495	0.00165	0.00773	0.00387	0.00227	0.00784
27	0.01258	0.01633	0.20217	0.02734	0.52737	0.01292	0.04829	0.01644	0.01182	0.01715	0.00986	0.01279	0.00801	0.00509	0.00596	0.00167	0.04884	0.00465	0.00255	0.00818
28	0.02007	0.02514	0.01525	0.01377	0.01660	0.75747	0.01036	0.05232	0.01563	0.01400	0.00849	0.00981	0.00701	0.00557	0.00486	0.00139	0.00952	0.00351	0.00287	0.00634
29	0.00643	0.00510	0.00579	0.00635	0.00749	0.00446	0.00448	0.00760	0.01136	0.01415	0.04332	0.38884	0.44564	0.01503	0.00657	0.00198	0.00290	0.01308	0.00498	0.00446
30	0.01516	0.01255	0.01471	0.01210	0.01550	0.03148	0.07882	0.29607	0.30390	0.02483	0.01893	0.09870	0.03697	0.00784	0.00566	0.00177	0.00528	0.00668	0.00504	0.00802
31	0.01267	0.01448	0.03167	0.02262	0.02805	0.01357	0.75837	0.01719	0.01267	0.01719	0.01086	0.01448	0.00814	0.00452	0.00633	0.00181	0.00905	0.00633	0.00271	0.00724
32	0.01077	0.02777	0.78354	0.01530	0.02323	0.01247	0.01983	0.01700	0.01133	0.01700	0.00963	0.01133	0.00680	0.00510	0.00510	0.00170	0.00793	0.00397	0.00227	0.00793
33	0.84927	0.01038	0.00789	0.00706	0.01038	0.01204	0.00581	0.01578	0.00914	0.02408	0.00747	0.00872	0.00581	0.00498	0.00332	0.00166	0.00415	0.00291	0.00332	0.00581
34	0.00640	0.00520	0.00568	0.00607	0.00742	0.00448	0.00436	0.00763	0.01163	0.01425	0.04669	0.28624	0.54607	0.01459	0.00650	0.00193	0.00284	0.01255	0.00498	0.00448
35	0.00781	0.00520	0.00585	0.00585	0.00585	0.00520	0.00325	0.00781	0.00781	0.01041	0.01691	0.03513	0.01952	0.81135	0.02732	0.00520	0.00520	0.00781	0.00325	0.00325
36	0.01014	0.00954	0.01610	0.79845	0.03697	0.01193	0.01491	0.01371	0.01073	0.01371	0.00954	0.01431	0.00716	0.00537	0.00537	0.00179	0.00716	0.00477	0.00239	0.00596
37	0.01329	0.01275	0.02179	0.03295	0.77787	0.01275	0.01647	0.01647	0.01222	0.01754	0.01010	0.01329	0.00850	0.00478	0.00531	0.00159	0.00638	0.00478	0.00266	0.00850
38	0.05347	0.01263	0.01230	0.01088	0.01404	0.09259	0.00849	0.02692	0.56214	0.11624	0.01971	0.01823	0.01454	0.00692	0.00529	0.00175	0.00484	0.00557	0.00523	0.00822
39	0.84927	0.01038	0.00789	0.00706	0.01038	0.01204	0.00581	0.01578	0.00914	0.02408	0.00747	0.00872	0.00581	0.00498	0.00332	0.00166	0.00415	0.00291	0.00332	0.00581
40	0.02221	0.01384	0.01556	0.01207	0.01635	0.01447	0.00985	0.53634	0.02270	0.25258	0.01612	0.01562	0.01114	0.00706	0.00574	0.00178	0.00579	0.00527	0.00600	0.00953
41	0.01060	0.00623	0.00802	0.00767	0.00926	0.00576	0.00569	0.04320	0.01362	0.15440	0.28297	0.32087	0.08573	0.01236	0.00632	0.00187	0.00327	0.01091	0.00561	0.00566
42	0.01905	0.01371	0.01556	0.01219	0.01626	0.01497	0.03931	0.50867	0.17342	0.10675	0.01545	0.01494	0.01097	0.00656	0.00543	0.00167	0.00556	0.00520	0.00541	0.00893
43	0.01014	0.00954	0.01610	0.79845	0.03697	0.01193	0.01491	0.01371	0.01073	0.01371	0.00954	0.01431	0.00716	0.00537	0.00537	0.00179	0.00716	0.00477	0.00239	0.00596
44	0.01267	0.01448	0.03167	0.02262	0.02805	0.01357	0.75837	0.01719	0.01267	0.01719	0.01086	0.01448	0.00814	0.00452	0.00633	0.00181	0.00905	0.00633	0.00271	0.00724
45	0.06386	0.02408	0.01488	0.01337	0.01627	0.69751	0.01012	0.07007	0.01556	0.01509	0.00856	0.00984	0.00700	0.00556	0.00480	0.00141	0.00914	0.00352	0.00297	0.00639
46	0.01087	0.05085	0.76137	0.01512	0.02296	0.01272	0.01952	0.01697	0.01132	0.01687	0.00957	0.01125	0.00680	0.00508	0.00505	0.00168	0.00787	0.00393	0.00227	0.00790
47	0.00654	0.00467	0.00623	0.00747	0.00779	0.00436	0.00498	0.00747	0.01028	0.01370	0.02959	0.80785	0.03550	0.01682	0.00685	0.00218	0.00311	0.01526	0.00498	0.00436
48	0.01131	0.01073	0.01821	0.51426	0.31203	0.01223	0.01549	0.01474	0.01129	0.01513	0.00975	0.01393	0.00766	0.00515	0.00535	0.00172	0.00687	0.00478	0.00249	0.00691
49	0.01488	0.01411	0.01494	0.01285	0.01571	0.21602	0.11781	0.12576	0.06324	0.06309	0.01760	0.13120	0.01674	0.00896	0.00596	0.00183	0.00661	0.14182	0.00424	0.00662
50	0.01241	0.01098	0.01665	0.01374	0.01553	0.03505	0.15690	0.05356	0.01128	0.07796	0.01463	0.20087	0.01460	0.00969	0.01082	0.00208	0.32590	0.00754	0.00357	0.00624
51	0.00655	0.00516	0.00591	0.00633	0.00753	0.00452	0.00452	0.00787	0.01181	0.01493	0.11984	0.33120	0.42577	0.01452	0.00653	0.00194	0.00285	0.01262	0.00508	0.00452
52	0.01054	0.01095	0.02236	0.01690	0.02056	0.01025	0.47869	0.01396	0.01248	0.01701	0.12421	0.19944	0.02046	0.00825	0.00645	0.00188	0.00676	0.00886	0.00369	0.00627

[dist]
# distance from previous block
# <min> <max>
0	1

[block]
# block no. 3 follows, 45 sequences, length 53
# corresponding to MSA columns:
# 196-204,206-231,258-275
name=unknown_D
#
# <colnr> <probs for GDERKNQSTAVLIFYWHMCP>
#	G	D	E	R	K	N	Q	S	T	A	V	L	I	F	Y	W	H	M	C	P
0	0.01408	0.01590	0.02084	0.01655	0.01939	0.21714	0.28215	0.03679	0.01230	0.01517	0.01071	0.07529	0.00972	0.00712	0.00898	0.00187	0.22089	0.00581	0.00288	0.00643
1	0.32994	0.51060	0.02048	0.00838	0.01249	0.01776	0.00791	0.01596	0.01024	0.01696	0.00747	0.00865	0.00648	0.00474	0.00340	0.00134	0.00514	0.00288	0.00268	0.00648
2	0.01472	0.01671	0.07160	0.02260	0.38577	0.22123	0.02964	0.06063	0.01380	0.01719	0.03801	0.03185	0.04078	0.00592	0.00531	0.00158	0.00706	0.00506	0.00307	0.00749
3	0.01136	0.00901	0.01067	0.00840	0.01227	0.00749	0.00678	0.04387	0.04627	0.04504	0.07380	0.02111	0.03369	0.00642	0.00481	0.00120	0.00406	0.09378	0.00396	0.55600
4	0.00671	0.00496	0.00643	0.00741	0.00784	0.00474	0.00503	0.00766	0.01032	0.01364	0.03084	0.68787	0.10353	0.04397	0.00782	0.00226	0.02541	0.01434	0.00485	0.00438
5	0.01402	0.23316	0.10829	0.01103	0.01525	0.14888	0.01014	0.04640	0.03846	0.01576	0.00910	0.01066	0.00760	0.00527	0.00550	0.00131	0.08061	0.00355	0.00285	0.23217
6	0.00654	0.00467	0.00623	0.00747	0.00779	0.00436	0.00498	0.00747	0.01028	0.01370	0.02959	0.80785	0.03550	0.01682	0.00685	0.00218	0.00311	0.01526	0.00498	0.00436
7	0.01189	0.27685	0.48918	0.01330	0.01974	0.01524	0.03009	0.01642	0.01107	0.01539	0.00902	0.01078	0.00702	0.00591	0.02439	0.00172	0.02850	0.00373	0.00230	0.00745
8	0.18194	0.01074	0.07338	0.04004	0.07150	0.00986	0.11454	0.01537	0.08002	0.06854	0.01664	0.22290	0.01601	0.00951	0.02445	0.02138	0.00543	0.00749	0.00389	0.00636
9	0.30835	0.01052	0.01107	0.00919	0.01282	0.01115	0.00747	0.07791	0.17372	0.30127	0.01594	0.01492	0.01104	0.00619	0.00469	0.00169	0.00446	0.00463	0.00514	0.00784
10	0.64274	0.20931	0.01290	0.00758	0.01122	0.01432	0.00665	0.01585	0.00957	0.02125	0.00747	0.00869	0.00608	0.00489	0.00335	0.00153	0.00455	0.00290	0.00307	0.00608
11	0.00772	0.00553	0.00751	0.00751	0.00808	0.00610	0.00531	0.00887	0.00829	0.01163	0.01540	0.02677	0.01588	0.35212	0.48159	0.00724	0.01067	0.00658	0.00303	0.00417
12	0.01757	0.01363	0.01451	0.01178	0.01557	0.01532	0.00952	0.46615	0.32367	0.02926	0.01649	0.01576	0.01204	0.00678	0.00541	0.00170	0.00524	0.00533	0.00541	0.00887
13	0.02408	0.00914	0.01246	0.00955	0.01370	0.00789	0.00789	0.02616	0.01536	0.78158	0.02118	0.01827	0.01329	0.00664	0.00540	0.00166	0.00457	0.00540	0.00664	0.00914
14	0.01174	0.01174	0.01644	0.01409	0.01409	0.01644	0.01174	0.01292	0.00822	0.01292	0.00705	0.01174	0.00705	0.00940	0.01762	0.00235	0.80153	0.00470	0.00235	0.00587
15	0.01435	0.81458	0.02813	0.00918	0.01378	0.02124	0.00918	0.01607	0.01091	0.01263	0.00746	0.00861	0.00689	0.00459	0.00344	0.00115	0.00574	0.00287	0.00230	0.00689
16	0.01001	0.00500	0.00500	0.00500	0.00625	0.00500	0.00375	0.01251	0.01126	0.02001	0.01751	0.02001	0.01376	0.00625	0.00375	0.00125	0.00250	0.00500	0.84115	0.00500
17	0.02408	0.00914	0.01246	0.00955	0.01370	0.00789	0.00789	0.02616	0.01536	0.78158	0.02118	0.01827	0.01329	0.00664	0.00540	0.00166	0.00457	0.00540	0.00664	0.00914
18	0.01602	0.01286	0.01364	0.01146	0.01497	0.01460	0.00914	0.30500	0.48735	0.02675	0.01846	0.01733	0.01364	0.00697	0.00543	0.00174	0.00488	0.00560	0.00543	0.00874
19	0.00756	0.00549	0.00713	0.00672	0.00800	0.00505	0.00504	0.01006	0.01511	0.02134	0.75552	0.04041	0.07028	0.01104	0.00633	0.00169	0.00254	0.00975	0.00588	0.00505
20	0.00733	0.00500	0.00600	0.00647	0.00658	0.00489	0.00391	0.00768	0.00874	0.01165	0.02170	0.32721	0.02556	0.51103	0.01958	0.00406	0.00441	0.01062	0.00391	0.00367
21	0.01329	0.01275	0.02179	0.03295	0.77787	0.01275	0.01647	0.01647	0.01222	0.01754	0.01010	0.01329	0.00850	0.00478	0.00531	0.00159	0.00638	0.00478	0.00266	0.00850
22	0.27594	0.01401	0.01325	0.01064	0.01450	0.07559	0.00870	0.42023	0.01878	0.08245	0.01145	0.01173	0.00823	0.00594	0.00470	0.00161	0.00557	0.00417	0.00462	0.00788
23	0.00777	0.00535	0.00658	0.00658	0.00683	0.00560	0.00416	0.00827	0.00802	0.01095	0.01625	0.03145	0.01792	0.60925	0.22724	0.00610	0.00761	0.00727	0.00315	0.00366
24	0.00654	0.00467	0.00623	0.00747	0.00779	0.00436	0.00498	0.00747	0.01028	0.01370	0.02959	0.80785	0.03550	0.01682	0.00685	0.00218	0.00311	0.01526	0.00498	0.00436
25	0.02300	0.01087	0.01353	0.01038	0.01457	0.01047	0.00857	0.24225	0.01827	0.56139	0.01874	0.01669	0.01206	0.00658	0.00539	0.00165	0.00496	0.00523	0.00627	0.00913
26	0.01241	0.38890	0.43682	0.01249	0.01889	0.01649	0.01495	0.01657	0.01114	0.01499	0.00864	0.01008	0.00684	0.00487	0.00434	0.00145	0.00693	0.00346	0.00228	0.00745
27	0.00654	0.00467	0.00623	0.00747	0.00779	0.00436	0.00498	0.00747	0.01028	0.01370	0.02959	0.80785	0.03550	0.01682	0.00685	0.00218	0.00311	0.01526	0.00498	0.00436
28	0.03295	0.01053	0.01197	0.00875	0.01339	0.00897	0.00707	0.14639	0.01369	0.03825	0.01036	0.01155	0.00823	0.00450	0.00424	0.00098	0.00434	0.00352	0.00365	0.65668
29	0.01077	0.02777	0.78354	0.01530	0.02323	0.01247	0.01983	0.01700	0.01133	0.01700	0.00963	0.01133	0.00680	0.00510	0.00510	0.00170	0.00793	0.00397	0.00227	0.00793
30	0.01113	0.00954	0.01113	0.00795	0.01272	0.00716	0.00636	0.01352	0.01113	0.01749	0.00954	0.01113	0.00795	0.00398	0.00398	0.00080	0.00398	0.00318	0.00318	0.84417
31	0.00654	0.00467	0.00623	0.00747	0.00779	0.00436	0.00498	0.00747	0.01028	0.01370	0.02959	0.80785	0.03550	0.01682	0.00685	0.00218	0.00311	0.01526	0.00498	0.00436
32	0.00660	0.00471	0.00629	0.00754	0.00787	0.00441	0.00508	0.00757	0.01033	0.01377	0.02955	0.78790	0.03538	0.01676	0.00687	0.00219	0.00316	0.03465	0.00498	0.00438
33	0.01335	0.01153	0.01214	0.01092	0.01396	0.01335	0.00850	0.02852	0.76817	0.02245	0.02185	0.02003	0.01639	0.00728	0.00546	0.00182	0.00425	0.00607	0.00546	0.00850
34	0.01300	0.51717	0.31367	0.01150	0.01735	0.01792	0.01321	0.01642	0.01107	0.01428	0.00828	0.00964	0.00686	0.00478	0.00407	0.00136	0.00657	0.00328	0.00229	0.00728
35	0.01763	0.00769	0.01045	0.00899	0.01168	0.00697	0.00702	0.01928	0.01337	0.49131	0.02359	0.28961	0.02072	0.01024	0.00631	0.00186	0.03121	0.00877	0.00593	0.00738
36	0.00984	0.00898	0.01277	0.01156	0.01195	0.01192	0.00937	0.01128	0.00852	0.01280	0.01139	0.07086	0.01144	0.02158	0.30885	0.00471	0.44825	0.00583	0.00273	0.00536
37	0.00767	0.00575	0.00863	0.00863	0.00959	0.00671	0.00671	0.00959	0.00863	0.01246	0.01438	0.02109	0.01342	0.04026	0.79008	0.00863	0.01438	0.00575	0.00288	0.00479
38	0.01113	0.00954	0.01113	0.00795	0.01272	0.00716	0.00636	0.01352	0.01113	0.01749	0.00954	0.01113	0.00795	0.00398	0.00398	0.00080	0.00398	0.00318	0.00318	0.84417
39	0.02408	0.00914	0.01246	0.00955	0.01370	0.00789	0.00789	0.02616	0.01536	0.78158	0.02118	0.01827	0.01329	0.00664	0.00540	0.00166	0.00457	0.00540	0.00664	0.00914
40	0.01020	0.00948	0.01349	0.01203	0.01239	0.01276	0.00984	0.01166	0.00837	0.01275	0.00982	0.01528	0.00946	0.02106	0.30960	0.00472	0.50399	0.00510	0.00255	0.00546
41	0.00847	0.00598	0.00881	0.04362	0.01061	0.00584	0.08052	0.01041	0.01086	0.01616	0.02279	0.43029	0.02425	0.01155	0.00570	0.00182	0.00369	0.01048	0.28322	0.00493
42	0.01267	0.01448	0.03167	0.02262	0.02805	0.01357	0.75837	0.01719	0.01267	0.01719	0.01086	0.01448	0.00814	0.00452	0.00633	0.00181	0.00905	0.00633	0.00271	0.00724
43	0.00682	0.00546	0.00609	0.00594	0.00754	0.00473	0.00445	0.00862	0.01335	0.01716	0.32678	0.04729	0.50163	0.01260	0.00634	0.00177	0.00265	0.01072	0.00533	0.00473
44	0.02360	0.00903	0.01230	0.00947	0.01353	0.00781	0.00781	0.02568	0.01536	0.75905	0.04352	0.01892	0.01440	0.00677	0.00543	0.00166	0.00451	0.00553	0.00662	0.00901
45	0.01204	0.24701	0.08172	0.00894	0.01392	0.01173	0.00833	0.01456	0.01108	0.01602	0.00894	0.01041	0.00754	0.00425	0.00392	0.00098	0.00483	0.00316	0.00284	0.52777
46	0.00755	0.00541	0.00690	0.00775	0.00832	0.00524	0.00527	0.05952	0.01121	0.01496	0.02792	0.72188	0.03304	0.04797	0.00757	0.00226	0.00339	0.01424	0.00494	0.00465
47	0.00978	0.00553	0.00589	0.00572	0.00677	0.00565	0.00406	0.04355	0.01086	0.01780	0.01700	0.02357	0.01499	0.21115	0.05027	0.00264	0.00394	0.00574	0.55035	0.00473
48	0.01113	0.01112	0.01975	0.01564	0.01805	0.01215	0.30405	0.04666	0.01128	0.01575	0.01472	0.22153	0.01503	0.00929	0.00980	0.00206	0.24439	0.00812	0.00332	0.00616
49	0.15939	0.01113	0.01219	0.00976	0.01341	0.01172	0.00798	0.28472	0.06471	0.24924	0.05246	0.01604	0.01259	0.00652	0.00497	0.00163	0.00471	0.00500	0.06379	0.00805
50	0.01076	0.00915	0.01393	0.01793	0.30037	0.00911	0.03217	0.08683	0.01308	0.01802	0.09026	0.31628	0.03914	0.01025	0.00605	0.00184	0.00474	0.00939	0.00416	0.00656
51	0.09888	0.18403	0.14813	0.01167	0.01576	0.24833	0.01081	0.05661	0.09393	0.01695	0.01180	0.02819	0.02562	0.00603	0.00466	0.00152	0.00686	0.02011	0.00320	0.00690
52	0.19782	0.01256	0.05211	0.01159	0.04849	0.01286	0.02906	0.26383	0.11024	0.09406	0.01411	0.05091	0.01092	0.00660	0.00521	0.00169	0.02218	0.00511	0.04297	0.00771

[dist]
# distance from previous block
# <min> <max>
0	27

[block]
# block no. 4 follows, 45 sequences, length 194
# corresponding to MSA columns:
# 303-421,423-453,457-500
name=unknown_E
#
# <colnr> <probs for GDERKNQSTAVLIFYWHMCP>
#	G	D	E	R	K	N	Q	S	T	A	V	L	I	F	Y	W	H	M	C	P
0	0.03196	0.01101	0.01346	0.14941	0.09216	0.04162	0.00978	0.08682	0.17990	0.07511	0.03720	0.05006	0.02925	0.00649	0.00517	0.00156	0.00517	0.00545	0.00413	0.16428
1	0.08080	0.00923	0.02934	0.01001	0.01335	0.00832	0.08055	0.03578	0.04752	0.35600	0.04332	0.13221	0.11268	0.00871	0.00567	0.00177	0.00458	0.00752	0.00536	0.00728
2	0.01107	0.01629	0.27356	0.25057	0.23147	0.01185	0.03262	0.01528	0.01147	0.01615	0.04259	0.01485	0.00970	0.03298	0.00608	0.00182	0.00698	0.00485	0.00261	0.00721
3	0.08771	0.01242	0.03325	0.41952	0.15532	0.06674	0.01351	0.11662	0.01314	0.01806	0.00982	0.01306	0.00751	0.00539	0.00513	0.00169	0.00678	0.00451	0.00295	0.00687
4	0.01186	0.05784	0.47542	0.01740	0.03876	0.01319	0.23908	0.01711	0.01175	0.03370	0.01011	0.01235	0.00739	0.00503	0.00570	0.00172	0.02671	0.00469	0.00251	0.00767
5	0.01179	0.28309	0.06694	0.07355	0.01983	0.01425	0.26635	0.01473	0.01145	0.01474	0.01362	0.14376	0.02954	0.00687	0.00530	0.00164	0.00661	0.00650	0.00295	0.00653
6	0.01110	0.01063	0.01576	0.25780	0.02078	0.01432	0.01230	0.01281	0.00893	0.01295	0.00796	0.01282	0.00722	0.00870	0.01401	0.05314	0.50602	0.00472	0.00236	0.00569
7	0.00689	0.00509	0.00712	0.00779	0.00841	0.00474	0.02665	0.00820	0.01118	0.01513	0.15503	0.65530	0.03728	0.01548	0.00675	0.00209	0.00319	0.01407	0.00507	0.00456
8	0.00654	0.00467	0.00623	0.00747	0.00779	0.00436	0.00498	0.00747	0.01028	0.01370	0.02959	0.80785	0.03550	0.01682	0.00685	0.00218	0.00311	0.01526	0.00498	0.00436
9	0.01915	0.02298	0.01544	0.01371	0.01632	0.62632	0.01051	0.09305	0.01541	0.01515	0.00861	0.01023	0.00715	0.00606	0.00634	0.00151	0.09891	0.00373	0.00297	0.00647
10	0.02031	0.01214	0.01391	0.01079	0.01472	0.01266	0.00887	0.45009	0.02088	0.26675	0.06027	0.01651	0.01308	0.00676	0.00536	0.00161	0.00513	0.00530	0.04617	0.00869
11	0.00699	0.00526	0.00649	0.00684	0.00795	0.00477	0.00502	0.00868	0.01261	0.01670	0.28534	0.28907	0.24582	0.01383	0.00658	0.00193	0.00294	0.06321	0.00529	0.00468
12	0.01267	0.01448	0.03167	0.02262	0.02805	0.01357	0.75837	0.01719	0.01267	0.01719	0.01086	0.01448	0.00814	0.00452	0.00633	0.00181	0.00905	0.00633	0.00271	0.00724
13	0.00654	0.00467	0.00623	0.00747	0.00779	0.00436	0.00498	0.00747	0.01028	0.01370	0.02959	0.80785	0.03550	0.01682	0.00685	0.00218	0.00311	0.01526	0.00498	0.00436
14	0.00654	0.00467	0.00623	0.00747	0.00779	0.00436	0.00498	0.00747	0.01028	0.01370	0.02959	0.80785	0.03550	0.01682	0.00685	0.00218	0.00311	0.01526	0.00498	0.00436
15	0.00665	0.00478	0.00619	0.00722	0.00763	0.00445	0.00481	0.00760	0.01039	0.01379	0.05571	0.68462	0.07770	0.07112	0.00821	0.00235	0.00322	0.01433	0.00490	0.00432
16	0.00654	0.00467	0.00623	0.00747	0.00779	0.00436	0.00498	0.00747	0.01028	0.01370	0.02959	0.80785	0.03550	0.01682	0.00685	0.00218	0.00311	0.01526	0.00498	0.00436
17	0.00654	0.00467	0.00623	0.00747	0.00779	0.00436	0.00498	0.00747	0.01028	0.01370	0.02959	0.80785	0.03550	0.01682	0.00685	0.00218	0.00311	0.01526	0.00498	0.00436
18	0.00654	0.00467	0.00623	0.00747	0.00779	0.00436	0.00498	0.00747	0.01028	0.01370	0.02959	0.80785	0.03550	0.01682	0.00685	0.00218	0.00311	0.01526	0.00498	0.00436
19	0.01113	0.00954	0.01113	0.00795	0.01272	0.00716	0.00636	0.01352	0.01113	0.01749	0.00954	0.01113	0.00795	0.00398	0.00398	0.00080	0.00398	0.00318	0.00318	0.84417
20	0.01178	0.15958	0.57971	0.01559	0.07949	0.03174	0.01756	0.01690	0.01142	0.01621	0.00927	0.01099	0.00695	0.00500	0.00483	0.00159	0.00748	0.00383	0.00231	0.00776
21	0.01077	0.02777	0.78354	0.01530	0.02323	0.01247	0.01983	0.01700	0.01133	0.01700	0.00963	0.01133	0.00680	0.00510	0.00510	0.00170	0.00793	0.00397	0.00227	0.00793
22	0.01711	0.02071	0.01597	0.01410	0.01600	0.51435	0.02664	0.01849	0.01282	0.01315	0.00793	0.01047	0.00698	0.00680	0.00915	0.00172	0.27491	0.00393	0.00263	0.00613
23	0.01332	0.01467	0.01584	0.50673	0.02924	0.25432	0.01330	0.01607	0.01198	0.01349	0.00900	0.01271	0.00707	0.00566	0.00594	0.00170	0.05605	0.00436	0.00250	0.00604
24	0.01184	0.05841	0.25059	0.01397	0.04418	0.08750	0.14210	0.06042	0.03477	0.01701	0.02128	0.02200	0.19838	0.00726	0.00555	0.00168	0.00661	0.00624	0.00336	0.00686
25	0.00654	0.00467	0.00623	0.00747	0.00779	0.00436	0.00498	0.00747	0.01028	0.01370	0.02959	0.80785	0.03550	0.01682	0.00685	0.00218	0.00311	0.01526	0.00498	0.00436
26	0.00654	0.00467	0.00623	0.00747	0.00779	0.00436	0.00498	0.00747	0.01028	0.01370	0.02959	0.80785	0.03550	0.01682	0.00685	0.00218	0.00311	0.01526	0.00498	0.00436
27	0.01184	0.06257	0.09951	0.23202	0.08850	0.01327	0.36332	0.01594	0.01178	0.01588	0.01019	0.01382	0.00781	0.00563	0.02304	0.00189	0.00813	0.00533	0.00256	0.00699
28	0.01165	0.01119	0.01441	0.01258	0.01292	0.05296	0.01032	0.01303	0.00901	0.01380	0.00922	0.03088	0.00878	0.01029	0.04791	0.00243	0.61185	0.00495	0.10612	0.00570
29	0.00649	0.00536	0.00569	0.00578	0.00738	0.00457	0.00427	0.00792	0.01232	0.01511	0.12234	0.12852	0.62840	0.01367	0.00640	0.00184	0.00274	0.01158	0.00507	0.00457
30	0.00689	0.00579	0.00606	0.00612	0.00794	0.00510	0.00473	0.00899	0.04672	0.01502	0.05035	0.05109	0.66792	0.01343	0.00641	0.00188	0.00301	0.08281	0.00500	0.00475
31	0.01171	0.23537	0.58422	0.01369	0.02074	0.01478	0.01702	0.01676	0.01122	0.01585	0.00906	0.01061	0.00682	0.00497	0.00466	0.00155	0.00735	0.00368	0.00227	0.00766
32	0.00746	0.00555	0.00714	0.00808	0.00918	0.00524	0.00644	0.00920	0.01171	0.01498	0.03516	0.27877	0.21588	0.01511	0.00698	0.00222	0.00386	0.34738	0.00496	0.00467
33	0.00654	0.00467	0.00623	0.00747	0.00779	0.00436	0.00498	0.00747	0.01028	0.01370	0.02959	0.80785	0.03550	0.01682	0.00685	0.00218	0.00311	0.01526	0.00498	0.00436
34	0.01152	0.01147	0.01532	0.01333	0.01357	0.04597	0.01100	0.01280	0.00856	0.01286	0.00810	0.01295	0.00792	0.01348	0.12326	0.00317	0.66175	0.00479	0.00244	0.00574
35	0.01849	0.00913	0.01306	0.13642	0.07546	0.00881	0.00937	0.05303	0.01413	0.46363	0.01926	0.12457	0.01479	0.00768	0.00558	0.00174	0.00498	0.00657	0.00538	0.00793
36	0.00974	0.00773	0.00902	0.00830	0.01023	0.00815	0.00634	0.01697	0.29516	0.02187	0.49499	0.03263	0.03791	0.00960	0.00601	0.00174	0.00317	0.00835	0.00574	0.00634
37	0.01752	0.00790	0.01009	0.00821	0.01144	0.00689	0.00662	0.03593	0.01470	0.48033	0.10169	0.02947	0.22789	0.00898	0.00575	0.00170	0.00389	0.00744	0.00609	0.00747
38	0.01242	0.01179	0.04054	0.01808	0.07423	0.01078	0.41913	0.01607	0.02923	0.09340	0.01645	0.18917	0.01520	0.00769	0.00625	0.00187	0.00691	0.02020	0.00369	0.00690
39	0.01194	0.01191	0.01732	0.06659	0.12533	0.02858	0.03148	0.01362	0.00918	0.01369	0.00798	0.01268	0.00757	0.02621	0.01478	0.00224	0.58543	0.00480	0.00243	0.00624
40	0.01140	0.02475	0.62259	0.01636	0.02359	0.01265	0.14182	0.01713	0.01156	0.03348	0.01002	0.01202	0.00717	0.00515	0.00563	0.00173	0.02831	0.00441	0.00244	0.00779
41	0.05114	0.07725	0.07120	0.02970	0.15341	0.08414	0.09453	0.06236	0.04600	0.24183	0.01351	0.01411	0.00968	0.00568	0.00541	0.00162	0.02156	0.00479	0.00408	0.00800
42	0.01589	0.01385	0.06117	0.01204	0.01591	0.01431	0.04148	0.34043	0.33457	0.02630	0.01741	0.01730	0.02969	0.02735	0.00602	0.00181	0.00538	0.00559	0.00504	0.00846
43	0.02005	0.02558	0.01521	0.01383	0.01659	0.78980	0.01037	0.02143	0.01521	0.01314	0.00830	0.00968	0.00691	0.00553	0.00484	0.00138	0.00968	0.00346	0.00277	0.00622
44	0.01306	0.01252	0.02138	0.08775	0.72483	0.01269	0.01636	0.01628	0.01212	0.01726	0.01006	0.01336	0.00841	0.00482	0.00532	0.00161	0.00643	0.00478	0.00264	0.00832
45	0.00865	0.00618	0.00865	0.00989	0.01112	0.00618	0.00865	0.01112	0.01236	0.01606	0.02842	0.06055	0.03089	0.01483	0.00741	0.00247	0.00494	0.74174	0.00494	0.00494
46	0.07779	0.01392	0.01463	0.01165	0.01560	0.01558	0.00951	0.54265	0.19105	0.03058	0.01452	0.01420	0.01052	0.00653	0.00524	0.00166	0.00541	0.00497	0.00524	0.00875
47	0.02056	0.00925	0.01210	0.00912	0.01344	0.00769	0.00747	0.02272	0.01421	0.57369	0.01801	0.01633	0.01184	0.00592	0.00501	0.00143	0.00441	0.00479	0.00570	0.23633
48	0.01125	0.25722	0.41743	0.01192	0.01765	0.01372	0.01397	0.01547	0.01191	0.01653	0.14889	0.01578	0.01484	0.00602	0.00483	0.00153	0.00630	0.00469	0.00294	0.00710
49	0.02005	0.02558	0.01521	0.01383	0.01659	0.78980	0.01037	0.02143	0.01521	0.01314	0.00830	0.00968	0.00691	0.00553	0.00484	0.00138	0.00968	0.00346	0.00277	0.00622
50	0.00654	0.00467	0.00623	0.00747	0.00779	0.00436	0.00498	0.00747	0.01028	0.01370	0.02959	0.80785	0.03550	0.01682	0.00685	0.00218	0.00311	0.01526	0.00498	0.00436
51	0.02408	0.00914	0.01246	0.00955	0.01370	0.00789	0.00789	0.02616	0.01536	0.78158	0.02118	0.01827	0.01329	0.00664	0.00540	0.00166	0.00457	0.00540	0.00664	0.00914
52	0.01335	0.01160	0.01272	0.01226	0.06022	0.01332	0.00898	0.02779	0.72239	0.02216	0.02114	0.01962	0.01591	0.00713	0.00545	0.00181	0.00438	0.00599	0.00529	0.00850
53	0.00658	0.00479	0.00620	0.00723	0.00774	0.00442	0.00489	0.00764	0.01074	0.01420	0.07184	0.68900	0.11261	0.01617	0.00677	0.00212	0.00304	0.01456	0.00503	0.00442
54	0.00781	0.00520	0.00585	0.00585	0.00585	0.00520	0.00325	0.00781	0.00781	0.01041	0.01691	0.03513	0.01952	0.81135	0.02732	0.00520	0.00520	0.00781	0.00325	0.00325
55	0.01562	0.01102	0.01221	0.01063	0.01390	0.01220	0.00837	0.02802	0.60905	0.18291	0.02171	0.01966	0.01573	0.00715	0.00545	0.00179	0.00432	0.00593	0.00571	0.00863
56	0.01113	0.00954	0.01113	0.00795	0.01272	0.00716	0.00636	0.01352	0.01113	0.01749	0.00954	0.01113	0.00795	0.00398	0.00398	0.00080	0.00398	0.00318	0.00318	0.84417
57	0.01174	0.01174	0.01644	0.01409	0.01409	0.01644	0.01174	0.01292	0.00822	0.01292	0.00705	0.01174	0.00705	0.00940	0.01762	0.00235	0.80153	0.00470	0.00235	0.00587
58	0.00654	0.00467	0.00623	0.00747	0.00779	0.00436	0.00498	0.00747	0.01028	0.01370	0.02959	0.80785	0.03550	0.01682	0.00685	0.00218	0.00311	0.01526	0.00498	0.00436
59	0.00634	0.00544	0.00544	0.00544	0.00725	0.00453	0.00408	0.00770	0.01224	0.01450	0.05438	0.05166	0.77569	0.01359	0.00634	0.00181	0.00272	0.01133	0.00498	0.00453
60	0.01001	0.00500	0.00500	0.00500	0.00625	0.00500	0.00375	0.01251	0.01126	0.02001	0.01751	0.02001	0.01376	0.00625	0.00375	0.00125	0.00250	0.00500	0.84115	0.00500
61	0.01113	0.00954	0.01113	0.00795	0.01272	0.00716	0.00636	0.01352	0.01113	0.01749	0.00954	0.01113	0.00795	0.00398	0.00398	0.00080	0.00398	0.00318	0.00318	0.84417
62	0.01014	0.00954	0.01610	0.79845	0.03697	0.01193	0.01491	0.01371	0.01073	0.01371	0.00954	0.01431	0.00716	0.00537	0.00537	0.00179	0.00716	0.00477	0.00239	0.00596
63	0.01531	0.01746	0.02262	0.02359	0.30310	0.26668	0.23833	0.01831	0.01333	0.01600	0.00974	0.01247	0.00788	0.00495	0.00547	0.00159	0.00826	0.00482	0.00271	0.00738
64	0.00789	0.00675	0.01156	0.01069	0.01209	0.00633	0.16006	0.00962	0.01085	0.01452	0.02569	0.61410	0.02969	0.01421	0.00677	0.00212	0.00441	0.04316	0.00451	0.00498
65	0.03840	0.01145	0.01275	0.00943	0.01400	0.01055	0.00766	0.26967	0.01591	0.02329	0.01063	0.01166	0.00829	0.00485	0.00443	0.00110	0.00464	0.00374	0.00394	0.53359
66	0.01192	0.00952	0.01121	0.00805	0.01278	0.00720	0.00645	0.01428	0.01139	0.06377	0.01025	0.01156	0.00827	0.00414	0.00406	0.00085	0.00401	0.00331	0.00339	0.79359
