[name]
unknown

[dist]
# distance from previous block
# <min> <max>
24	71

[block]
# block no. 0 follows, 51 sequences, length 13
# corresponding to MSA columns:
# 77-89
name=unknown_A
#
# <colnr> <probs for GDERKNQSTAVLIFYWHMCP>
#	G	D	E	R	K	N	Q	S	T	A	V	L	I	F	Y	W	H	M	C	P
0	0.01370	0.01479	0.01696	0.01899	0.29548	0.26635	0.10378	0.04010	0.01211	0.01490	0.00944	0.01197	0.00782	0.00696	0.05895	0.00184	0.02769	0.00420	0.04946	0.02451
1	0.00996	0.00842	0.01485	0.01598	0.23307	0.00815	0.16596	0.01109	0.00920	0.01274	0.01078	0.05996	0.01035	0.09511	0.01172	0.27150	0.00548	0.00540	0.00254	0.03775
2	0.01110	0.00995	0.01457	0.01107	0.01453	0.00957	0.15400	0.01457	0.08642	0.04756	0.01071	0.03772	0.00893	0.00532	0.00637	0.00130	0.13827	0.00438	0.00309	0.41056
3	0.00933	0.00859	0.01437	0.56855	0.14082	0.01024	0.01262	0.01230	0.00971	0.01288	0.00954	0.01398	0.00767	0.01008	0.13671	0.00264	0.00753	0.00452	0.00229	0.00562
4	0.01399	0.01603	0.01792	0.14687	0.04704	0.31955	0.18677	0.04554	0.01203	0.01380	0.00837	0.01107	0.00677	0.00536	0.00659	0.00156	0.12801	0.00422	0.00250	0.00600
5	0.01643	0.01389	0.01463	0.20019	0.01960	0.12162	0.01037	0.49702	0.01875	0.02408	0.01051	0.01171	0.00766	0.00555	0.00485	0.00148	0.00614	0.00424	0.00395	0.00732
6	0.00984	0.00931	0.01575	0.66290	0.18205	0.01107	0.01393	0.01305	0.01009	0.01324	0.00883	0.01292	0.00679	0.00481	0.00490	0.00160	0.00641	0.00437	0.00223	0.00591
7	0.00975	0.00922	0.01559	0.68657	0.15906	0.01104	0.01388	0.01297	0.01005	0.01313	0.00882	0.01295	0.00675	0.00483	0.00491	0.00161	0.00643	0.00437	0.00222	0.00584
8	0.00942	0.01265	0.19943	0.62742	0.03090	0.01103	0.01471	0.01326	0.00996	0.01326	0.00875	0.01246	0.00647	0.00486	0.00486	0.00162	0.00672	0.00419	0.00216	0.00588
9	0.12278	0.02000	0.45165	0.01215	0.01763	0.06053	0.01360	0.14077	0.08234	0.01914	0.00998	0.01092	0.00725	0.00506	0.00451	0.00153	0.00631	0.00378	0.00295	0.00714
10	0.01107	0.04006	0.10823	0.01365	0.01723	0.08648	0.31320	0.04275	0.01081	0.01419	0.01093	0.01680	0.00983	0.19793	0.04339	0.00252	0.00718	0.00530	0.00266	0.04580
11	0.01031	0.01015	0.01669	0.01280	0.01621	0.03925	0.31031	0.04424	0.03705	0.01575	0.03367	0.18242	0.05308	0.00710	0.00532	0.00150	0.00550	0.00701	0.00336	0.18829
12	0.04709	0.01125	0.01286	0.00992	0.01368	0.04765	0.05588	0.24923	0.08861	0.10578	0.01209	0.01301	0.00915	0.03512	0.00523	0.00139	0.00484	0.00418	0.00403	0.26900

[dist]
# distance from previous block
# <min> <max>
10	26

[block]
# block no. 1 follows, 51 sequences, length 15
# corresponding to MSA columns:
# 117-131
name=unknown_B
#
# <colnr> <probs for GDERKNQSTAVLIFYWHMCP>
#	G	D	E	R	K	N	Q	S	T	A	V	L	I	F	Y	W	H	M	C	P
0	0.01304	0.01146	0.01377	0.21951	0.12214	0.10157	0.01004	0.11685	0.01263	0.06607	0.00975	0.01167	0.00750	0.00468	0.00447	0.00127	0.00555	0.00384	0.00308	0.26111
1	0.04552	0.01486	0.01454	0.07839	0.01665	0.32430	0.11047	0.01883	0.02688	0.21839	0.06017	0.01373	0.01064	0.00549	0.00482	0.00144	0.00663	0.00445	0.00367	0.02014
2	0.10556	0.01271	0.01801	0.03256	0.27580	0.10446	0.18367	0.04181	0.01152	0.01662	0.00894	0.01124	0.00719	0.00437	0.00463	0.00137	0.00616	0.00413	0.00268	0.14656
3	0.01288	0.01170	0.01346	0.01134	0.01366	0.14430	0.10966	0.12976	0.08382	0.06581	0.07508	0.18440	0.01652	0.00821	0.00654	0.00167	0.09429	0.00686	0.00393	0.00610
4	0.01337	0.01524	0.01536	0.29293	0.02238	0.33670	0.09460	0.01577	0.01175	0.01315	0.00840	0.01100	0.00666	0.00472	0.00464	0.00137	0.00730	0.00384	0.00246	0.11837
5	0.00936	0.00768	0.01137	0.11538	0.01420	0.00731	0.09086	0.01132	0.00932	0.03997	0.01157	0.01779	0.01069	0.19731	0.15534	0.00320	0.00654	0.00488	0.00284	0.27307
6	0.01549	0.01879	0.01292	0.09958	0.01604	0.58749	0.00928	0.01699	0.01245	0.01191	0.00873	0.01154	0.00755	0.03979	0.10852	0.00229	0.00901	0.00371	0.00252	0.00540
7	0.00687	0.00508	0.00674	0.00655	0.00758	0.00509	0.00490	0.00870	0.01109	0.01545	0.39310	0.03177	0.11470	0.08460	0.27149	0.00391	0.00610	0.00772	0.00421	0.00437
8	0.01270	0.72379	0.12841	0.00915	0.01376	0.01838	0.00970	0.01483	0.01004	0.01209	0.00709	0.00821	0.00630	0.00427	0.00335	0.00112	0.00552	0.00276	0.00210	0.00643
9	0.01412	0.01102	0.01825	0.02592	0.64119	0.01079	0.01352	0.01684	0.01176	0.17148	0.01125	0.01307	0.00865	0.00472	0.00488	0.00147	0.00551	0.00449	0.00316	0.00790
10	0.00928	0.00873	0.01474	0.81548	0.03385	0.01092	0.01365	0.01256	0.00983	0.01256	0.00873	0.01310	0.00655	0.00491	0.00491	0.00164	0.00655	0.00437	0.00218	0.00546
11	0.01209	0.01059	0.01479	0.01071	0.01512	0.00938	0.15974	0.15996	0.01294	0.01882	0.00956	0.01111	0.00752	0.00417	0.00431	0.00105	0.00490	0.00377	0.00321	0.52625
12	0.01011	0.00977	0.01672	0.44132	0.08428	0.01031	0.15000	0.01328	0.01032	0.01413	0.00899	0.01244	0.00696	0.00446	0.00480	0.00143	0.00619	0.00432	0.00241	0.18776
13	0.05726	0.01012	0.01402	0.09880	0.01660	0.01033	0.10168	0.14671	0.11682	0.32250	0.02971	0.01579	0.02501	0.00588	0.00499	0.00156	0.00502	0.00504	0.00470	0.00747
14	0.10290	0.00897	0.01499	0.46209	0.02561	0.01015	0.13853	0.01290	0.01004	0.03933	0.01150	0.11996	0.01018	0.00617	0.00504	0.00167	0.00597	0.00571	0.00277	0.00554

[dist]
# distance from previous block
# <min> <max>
18	54

[block]
# block no. 2 follows, 51 sequences, length 34
# corresponding to MSA columns:
# 191-224
name=unknown_C
#
# <colnr> <probs for GDERKNQSTAVLIFYWHMCP>
#	G	D	E	R	K	N	Q	S	T	A	V	L	I	F	Y	W	H	M	C	P
0	0.07838	0.19902	0.06250	0.04996	0.04216	0.07542	0.00864	0.06549	0.03511	0.01603	0.12135	0.01837	0.01477	0.00887	0.06774	0.00196	0.02910	0.07036	0.00325	0.03152
1	0.03752	0.03318	0.07870	0.00851	0.01086	0.02125	0.03344	0.04299	0.01117	0.19596	0.12301	0.06762	0.01792	0.22701	0.01095	0.00243	0.04586	0.00625	0.00403	0.02136
2	0.11177	0.35361	0.07883	0.16413	0.08589	0.01420	0.02835	0.01456	0.01029	0.04853	0.04223	0.01121	0.00838	0.00476	0.00400	0.00135	0.00543	0.00364	0.00258	0.00626
3	0.14714	0.04429	0.01078	0.09123	0.01261	0.05664	0.00777	0.01145	0.00853	0.01330	0.01000	0.01465	0.00913	0.04474	0.35222	0.00445	0.14919	0.00441	0.00255	0.00494
4	0.00973	0.06420	0.68137	0.01310	0.01955	0.01128	0.01644	0.01483	0.01010	0.01494	0.00916	0.01116	0.00685	0.00793	0.08662	0.00218	0.00776	0.00375	0.00213	0.00692
5	0.00658	0.00657	0.08717	0.00761	0.00869	0.00491	0.00609	0.00806	0.00976	0.01323	0.06364	0.62799	0.02974	0.04405	0.00681	0.00205	0.00344	0.05498	0.00429	0.00435
6	0.01602	0.01953	0.01427	0.01273	0.01449	0.56393	0.00988	0.01723	0.01196	0.01197	0.00724	0.00944	0.00637	0.00615	0.00803	0.00154	0.25770	0.00351	0.00241	0.00560
7	0.01737	0.01287	0.01375	0.01066	0.01436	0.01411	0.00877	0.70129	0.02189	0.02916	0.01568	0.01542	0.08866	0.00657	0.00501	0.00149	0.00511	0.00503	0.00488	0.00793
8	0.00759	0.08930	0.00853	0.00641	0.00788	0.00615	0.00502	0.00983	0.01351	0.01887	0.71365	0.03376	0.04228	0.00945	0.00553	0.00150	0.00262	0.00825	0.00507	0.00481
9	0.00739	0.00560	0.00711	0.00707	0.00766	0.02868	0.00504	0.00847	0.00779	0.01071	0.01388	0.02389	0.01423	0.33614	0.48740	0.00652	0.00985	0.00592	0.00276	0.00389
10	0.01650	0.01161	0.01166	0.00994	0.01291	0.13020	0.00791	0.15145	0.19687	0.25594	0.03159	0.06217	0.01412	0.00712	0.00509	0.00158	0.00495	0.05624	0.00489	0.00726
11	0.01062	0.01016	0.01439	0.01101	0.01420	0.03892	0.14989	0.01284	0.01000	0.01485	0.00963	0.05240	0.00857	0.00548	0.00677	0.00129	0.17283	0.00436	0.03217	0.41961
12	0.86201	0.00950	0.00722	0.00646	0.00950	0.01102	0.00532	0.01445	0.00836	0.02205	0.00684	0.00798	0.00532	0.00456	0.00304	0.00152	0.00380	0.00266	0.00304	0.00532
13	0.01781	0.01394	0.01377	0.01085	0.01440	0.09522	0.00884	0.63504	0.02104	0.02793	0.01174	0.01207	0.00852	0.00580	0.00474	0.00142	0.00549	0.00431	0.07931	0.00775
14	0.01178	0.01129	0.01926	0.13312	0.69664	0.01158	0.01489	0.01475	0.01101	0.01560	0.00918	0.01229	0.00762	0.00445	0.00487	0.00148	0.00593	0.00438	0.00240	0.00748
15	0.01187	0.01138	0.01942	0.11037	0.71874	0.01160	0.01494	0.01482	0.01105	0.01570	0.00919	0.01226	0.00766	0.00443	0.00487	0.00148	0.00591	0.00438	0.00241	0.00755
16	0.01160	0.01326	0.02900	0.02071	0.02568	0.01243	0.77879	0.01574	0.01160	0.01574	0.00994	0.01326	0.00746	0.00414	0.00580	0.00166	0.00829	0.00580	0.00249	0.00663
17	0.01842	0.02144	0.01409	0.01238	0.01520	0.64491	0.00946	0.17578	0.01581	0.01592	0.00846	0.00946	0.00675	0.00524	0.00453	0.00131	0.00815	0.00342	0.00302	0.00624
18	0.00609	0.00428	0.00573	0.00683	0.00710	0.00400	0.00455	0.00683	0.00929	0.01239	0.02637	0.79304	0.03158	0.01546	0.00677	0.03481	0.00291	0.01360	0.00447	0.00392
19	0.01836	0.02342	0.01393	0.01266	0.01519	0.80756	0.00950	0.01962	0.01393	0.01203	0.00760	0.00886	0.00633	0.00506	0.00443	0.00127	0.00886	0.00317	0.00253	0.00570
20	0.01075	0.01075	0.01505	0.01290	0.01290	0.01505	0.01075	0.01183	0.00753	0.01183	0.00645	0.01075	0.00645	0.00860	0.01613	0.00215	0.81830	0.00430	0.00215	0.00538
21	0.00599	0.00428	0.00570	0.00684	0.00713	0.00399	0.00456	0.00684	0.00941	0.01254	0.02709	0.82409	0.03250	0.01540	0.00627	0.00200	0.00285	0.01397	0.00456	0.00399
22	0.00599	0.00428	0.00570	0.00684	0.00713	0.00399	0.00456	0.00684	0.00941	0.01254	0.02709	0.82409	0.03250	0.01540	0.00627	0.00200	0.00285	0.01397	0.00456	0.00399
23	0.01836	0.02342	0.01393	0.01266	0.01519	0.80756	0.00950	0.01962	0.01393	0.01203	0.00760	0.00886	0.00633	0.00506	0.00443	0.00127	0.00886	0.00317	0.00253	0.00570
24	0.00713	0.00484	0.00573	0.00573	0.00586	0.00496	0.00344	0.00738	0.00726	0.00980	0.01515	0.03029	0.01706	0.71256	0.13864	0.00522	0.00598	0.00687	0.00293	0.00318
25	0.01022	0.01001	0.01354	0.01186	0.01212	0.03781	0.00976	0.01144	0.00780	0.01175	0.00787	0.01246	0.00765	0.01434	0.17953	0.00331	0.62662	0.00446	0.00226	0.00518
26	0.00791	0.00536	0.00746	0.03543	0.03190	0.00599	0.00583	0.00992	0.00881	0.01373	0.01378	0.01858	0.01205	0.02515	0.50717	0.00540	0.00935	0.00500	0.26661	0.00458
27	0.01284	0.00751	0.00943	0.00815	0.01057	0.00751	0.00643	0.01769	0.19641	0.25135	0.23140	0.02275	0.02208	0.01186	0.12628	0.00249	0.00493	0.00614	0.00500	0.03918
28	0.01051	0.04477	0.01111	0.03288	0.01250	0.00786	0.00639	0.01396	0.09357	0.01620	0.00986	0.01105	0.00804	0.00403	0.00380	0.00087	0.00383	0.00323	0.00308	0.70247
29	0.01018	0.03458	0.01507	0.66984	0.08011	0.01088	0.01296	0.01327	0.01012	0.04697	0.00917	0.01291	0.00690	0.00485	0.00480	0.00156	0.00624	0.00427	0.00240	0.04292
30	0.01171	0.36068	0.32793	0.04738	0.06995	0.03774	0.02717	0.01549	0.03466	0.01385	0.00835	0.00983	0.00668	0.00453	0.00408	0.00134	0.00625	0.00338	0.00223	0.00678
31	0.02304	0.04412	0.04567	0.19902	0.01625	0.00885	0.00849	0.10785	0.02495	0.10908	0.19408	0.13578	0.02048	0.00781	0.00517	0.00158	0.00443	0.00672	0.00414	0.03253
32	0.02742	0.49628	0.12202	0.00999	0.01435	0.03525	0.03038	0.11218	0.04555	0.02681	0.00916	0.01092	0.00771	0.00493	0.00389	0.00127	0.00558	0.02687	0.00275	0.00670
33	0.05565	0.08226	0.05088	0.12874	0.01834	0.17031	0.16726	0.06815	0.01148	0.01460	0.00973	0.01327	0.00816	0.05129	0.12642	0.00260	0.00797	0.00444	0.00265	0.00581

[dist]
# distance from previous block
# <min> <max>
11	28

[block]
# block no. 3 follows, 51 sequences, length 22
# corresponding to MSA columns:
# 253-274
name=unknown_D
#
# <colnr> <probs for GDERKNQSTAVLIFYWHMCP>
#	G	D	E	R	K	N	Q	S	T	A	V	L	I	F	Y	W	H	M	C	P
0	0.07197	0.00974	0.01255	0.07038	0.01433	0.05993	0.12257	0.15581	0.02982	0.03318	0.11770	0.09649	0.09874	0.00841	0.00612	0.05286	0.00494	0.02488	0.00390	0.00568
1	0.01242	0.01094	0.01687	0.27147	0.33894	0.01193	0.03375	0.12777	0.07726	0.03483	0.01060	0.01305	0.00817	0.00499	0.00493	0.00154	0.00587	0.00453	0.00302	0.00712
2	0.06268	0.01119	0.01821	0.14975	0.39840	0.01227	0.08502	0.05289	0.01089	0.01595	0.00879	0.01194	0.00724	0.00516	0.00654	0.00161	0.12773	0.00440	0.00252	0.00683
3	0.13798	0.00924	0.01387	0.01197	0.06030	0.00971	0.15313	0.01298	0.00989	0.05511	0.04604	0.01655	0.04273	0.02761	0.11252	0.00247	0.13413	0.02540	0.00305	0.11531
4	0.03024	0.01192	0.01563	0.33909	0.12861	0.08599	0.04177	0.17176	0.04696	0.01738	0.00969	0.01230	0.00744	0.00532	0.00553	0.00158	0.05496	0.00434	0.00296	0.00653
5	0.00703	0.00522	0.00768	0.00768	0.00849	0.00603	0.00588	0.00864	0.00783	0.01125	0.01336	0.02039	0.01276	0.10362	0.74170	0.00763	0.01245	0.00542	0.00266	0.00427
6	0.01838	0.02284	0.01398	0.01258	0.01520	0.76010	0.00949	0.06519	0.01448	0.01316	0.00785	0.00904	0.00645	0.00511	0.00446	0.00128	0.00866	0.00324	0.00267	0.00586
7	0.01216	0.01168	0.01995	0.03016	0.79664	0.01168	0.01508	0.01508	0.01119	0.01605	0.00924	0.01216	0.00778	0.00438	0.00487	0.00146	0.00584	0.00438	0.00243	0.00778
8	0.00986	0.02542	0.80183	0.01401	0.02127	0.01141	0.01816	0.01556	0.01038	0.01556	0.00882	0.01038	0.00623	0.00467	0.00467	0.00156	0.00726	0.00363	0.00208	0.00726
9	0.01160	0.01326	0.02900	0.02071	0.02568	0.01243	0.77879	0.01574	0.01160	0.01574	0.00994	0.01326	0.00746	0.00414	0.00580	0.00166	0.00829	0.00580	0.00249	0.00663
10	0.00712	0.00485	0.00580	0.00580	0.00596	0.00501	0.00353	0.00743	0.00728	0.00986	0.01508	0.02991	0.01689	0.68888	0.16209	0.00531	0.00624	0.00682	0.00292	0.00322
11	0.00602	0.00433	0.00572	0.00676	0.00712	0.00402	0.00454	0.00695	0.00965	0.01286	0.05933	0.76826	0.05605	0.01509	0.00624	0.00197	0.00282	0.01365	0.00460	0.00402
12	0.01160	0.01326	0.02900	0.02071	0.02568	0.01243	0.77879	0.01574	0.01160	0.01574	0.00994	0.01326	0.00746	0.00414	0.00580	0.00166	0.00829	0.00580	0.00249	0.00663
13	0.02205	0.00836	0.01140	0.00874	0.01254	0.00722	0.00722	0.02395	0.01407	0.80004	0.01939	0.01673	0.01216	0.00608	0.00494	0.00152	0.00418	0.00494	0.00608	0.00836
14	0.01836	0.02342	0.01393	0.01266	0.01519	0.80756	0.00950	0.01962	0.01393	0.01203	0.00760	0.00886	0.00633	0.00506	0.00443	0.00127	0.00886	0.00317	0.00253	0.00570
15	0.00819	0.00467	0.00496	0.00496	0.00555	0.00467	0.00321	0.00937	0.00878	0.01407	0.01577	0.02501	0.01514	0.40263	0.01386	0.00289	0.00349	0.00582	0.44317	0.00381
16	0.01160	0.01326	0.02900	0.02071	0.02568	0.01243	0.77879	0.01574	0.01160	0.01574	0.00994	0.01326	0.00746	0.00414	0.00580	0.00166	0.00829	0.00580	0.00249	0.00663
17	0.00715	0.00476	0.00536	0.00536	0.00536	0.00476	0.00298	0.00715	0.00715	0.00953	0.01548	0.03216	0.01787	0.82729	0.02501	0.00476	0.00476	0.00715	0.00298	0.00298
18	0.00687	0.00502	0.00645	0.00609	0.00729	0.00460	0.00457	0.00911	0.01371	0.01923	0.73890	0.03749	0.10181	0.01022	0.00580	0.00155	0.00233	0.00900	0.00535	0.00460
19	0.00649	0.00500	0.00592	0.00569	0.00705	0.00444	0.00427	0.00837	0.01280	0.01708	0.48958	0.04104	0.35248	0.01103	0.00580	0.00159	0.00239	0.00949	0.00506	0.00444
20	0.01093	0.01012	0.01662	0.47977	0.30770	0.01147	0.01388	0.06360	0.01119	0.01502	0.00912	0.01268	0.00711	0.00478	0.00490	0.00156	0.00622	0.00438	0.00245	0.00649
21	0.01785	0.01206	0.07116	0.01031	0.01414	0.01145	0.00890	0.37306	0.07835	0.27726	0.01559	0.06233	0.01140	0.00650	0.00499	0.00154	0.00488	0.00519	0.00507	0.00797

[dist]
# distance from previous block
# <min> <max>
2	5

[block]
# block no. 4 follows, 51 sequences, length 22
# corresponding to MSA columns:
# 280-301
name=unknown_E
#
# <colnr> <probs for GDERKNQSTAVLIFYWHMCP>
#	G	D	E	R	K	N	Q	S	T	A	V	L	I	F	Y	W	H	M	C	P
0	0.03049	0.00912	0.01216	0.01508	0.24753	0.08236	0.00917	0.01225	0.02845	0.01335	0.01148	0.01588	0.01027	0.02258	0.45168	0.00503	0.01010	0.00475	0.00263	0.00564
1	0.06054	0.06354	0.15247	0.12702	0.12409	0.00997	0.01083	0.01657	0.04445	0.21123	0.01344	0.08806	0.01078	0.00602	0.00473	0.00152	0.00518	0.00506	0.00359	0.04091
2	0.07105	0.01072	0.02663	0.04887	0.09460	0.03326	0.15050	0.06347	0.01162	0.11497	0.01314	0.03163	0.05799	0.00572	0.00586	0.00147	0.08408	0.00485	0.00333	0.16624
3	0.00794	0.00619	0.00778	0.00748	0.00838	0.00673	0.00552	0.01100	0.11163	0.01569	0.29461	0.17970	0.02879	0.12661	0.05270	0.00250	0.09238	0.00840	0.02122	0.00476
4	0.01153	0.08691	0.01323	0.06174	0.04324	0.17559	0.05966	0.05523	0.08759	0.01438	0.01539	0.23114	0.01557	0.03343	0.04165	0.00198	0.01743	0.02528	0.00344	0.00560
5	0.23084	0.09197	0.01109	0.00788	0.01104	0.01042	0.00655	0.16193	0.03034	0.18614	0.05417	0.01889	0.14599	0.00676	0.00446	0.00149	0.00404	0.00516	0.00437	0.00647
6	0.01773	0.01203	0.01318	0.01036	0.01395	0.01307	0.00848	0.53122	0.11791	0.13560	0.01416	0.01372	0.00999	0.00601	0.00484	0.00148	0.00485	0.00465	0.05871	0.00805
7	0.01019	0.00873	0.01019	0.00728	0.01165	0.00655	0.00582	0.01237	0.01019	0.01601	0.00873	0.01019	0.00728	0.00364	0.00364	0.00073	0.00364	0.00291	0.00291	0.85734
8	0.01314	0.83025	0.02575	0.00841	0.01261	0.01945	0.00841	0.01472	0.00999	0.01156	0.00683	0.00788	0.00631	0.00420	0.00315	0.00105	0.00526	0.00263	0.00210	0.00631
9	0.01527	0.01188	0.01547	0.01233	0.01575	0.10700	0.18653	0.03704	0.24724	0.22857	0.01621	0.05878	0.01224	0.00618	0.00517	0.00159	0.00557	0.00559	0.00438	0.00723
10	0.00599	0.00428	0.00570	0.00684	0.00713	0.00399	0.00456	0.00684	0.00941	0.01254	0.02709	0.82409	0.03250	0.01540	0.00627	0.00200	0.00285	0.01397	0.00456	0.00399
11	0.00645	0.00500	0.00586	0.00565	0.00703	0.00442	0.00424	0.00829	0.01271	0.01685	0.46401	0.04140	0.37818	0.01111	0.00580	0.00160	0.00239	0.00955	0.00503	0.00442
12	0.01224	0.57334	0.22330	0.01121	0.06430	0.01691	0.01132	0.01495	0.01016	0.01287	0.00749	0.00879	0.00638	0.00433	0.00365	0.00121	0.00580	0.00299	0.00212	0.00664
13	0.00854	0.00427	0.00640	0.00640	0.00640	0.00427	0.00427	0.00640	0.00640	0.00854	0.00854	0.01494	0.00854	0.01707	0.01921	0.85702	0.00427	0.00427	0.00213	0.00213
14	0.16294	0.19960	0.01548	0.00973	0.01327	0.11175	0.00825	0.27149	0.01496	0.11018	0.01001	0.01042	0.00750	0.00528	0.00446	0.00139	0.02901	0.00361	0.00371	0.00695
15	0.00985	0.00903	0.01570	0.01672	0.22893	0.00897	0.18431	0.05303	0.01081	0.01491	0.01491	0.21935	0.01513	0.05433	0.11829	0.00271	0.00658	0.00739	0.00317	0.00587
16	0.00614	0.00499	0.00544	0.00533	0.00684	0.00429	0.00400	0.00770	0.01199	0.01515	0.26673	0.04421	0.57653	0.01175	0.00580	0.00163	0.00244	0.00994	0.00481	0.00429
17	0.00938	0.02206	0.67077	0.01272	0.01897	0.01030	0.01593	0.01453	0.01096	0.01625	0.13823	0.01472	0.01284	0.00556	0.00485	0.00155	0.00645	0.00450	0.00262	0.00683
18	0.01169	0.01300	0.02751	0.02227	0.15274	0.01230	0.65293	0.01563	0.01153	0.01579	0.00983	0.01308	0.00751	0.00418	0.00565	0.00162	0.00788	0.00557	0.00248	0.00682
19	0.00597	0.00498	0.00520	0.00515	0.00674	0.00422	0.00386	0.00737	0.01159	0.01419	0.15580	0.04579	0.68806	0.01210	0.00581	0.00164	0.00246	0.01016	0.00468	0.00422
20	0.01355	0.01567	0.01251	0.01141	0.01281	0.40673	0.00879	0.01481	0.01135	0.01249	0.05951	0.10987	0.01231	0.00900	0.04352	0.00191	0.23039	0.00523	0.00286	0.00528
21	0.00622	0.00496	0.00548	0.00540	0.00679	0.00432	0.00398	0.00770	0.01173	0.01494	0.26569	0.06352	0.51358	0.05565	0.00685	0.00180	0.00257	0.00986	0.00473	0.00422

[dist]
# distance from previous block
# <min> <max>
0	1

[block]
# block no. 5 follows, 51 sequences, length 40
# corresponding to MSA columns:
# 303-342
name=unknown_F
#
# <colnr> <probs for GDERKNQSTAVLIFYWHMCP>
#	G	D	E	R	K	N	Q	S	T	A	V	L	I	F	Y	W	H	M	C	P
0	0.04545	0.01052	0.01825	0.01414	0.01704	0.01090	0.34080	0.12097	0.01193	0.01671	0.01373	0.19607	0.01342	0.03865	0.00766	0.00188	0.10546	0.00719	0.00330	0.00593
1	0.04949	0.01196	0.01259	0.01045	0.01375	0.01353	0.00838	0.36489	0.41226	0.02530	0.01578	0.01498	0.01162	0.00624	0.00488	0.00157	0.00457	0.00493	0.00488	0.00794
2	0.01478	0.01385	0.07662	0.01056	0.01414	0.11229	0.00894	0.23683	0.28118	0.05511	0.01402	0.01383	0.01041	0.00575	0.00470	0.00144	0.00516	0.00448	0.03123	0.08467
3	0.01003	0.06776	0.76101	0.01371	0.02081	0.01184	0.01764	0.01552	0.01035	0.01535	0.00871	0.01024	0.00623	0.00464	0.00459	0.00153	0.00716	0.00358	0.00208	0.00721
4	0.01000	0.06174	0.76681	0.01375	0.02088	0.01178	0.01772	0.01552	0.01036	0.01538	0.00873	0.01026	0.00623	0.00465	0.00460	0.00153	0.00717	0.00359	0.00208	0.00722
5	0.01079	0.00878	0.01008	0.00801	0.01141	0.00781	0.00626	0.12113	0.08081	0.01788	0.01359	0.16292	0.01282	0.00642	0.00443	0.00115	0.00376	0.00542	0.00369	0.50285
6	0.01152	0.01304	0.02820	0.05223	0.04574	0.01235	0.72912	0.01560	0.01152	0.01562	0.00988	0.01322	0.00743	0.00418	0.00574	0.00165	0.00815	0.00571	0.00247	0.00661
7	0.00916	0.00458	0.00458	0.00458	0.00573	0.00458	0.00344	0.01145	0.01031	0.01832	0.01603	0.01832	0.01260	0.00573	0.00344	0.00115	0.00229	0.00458	0.85457	0.00458
8	0.01019	0.00873	0.01019	0.00728	0.01165	0.00655	0.00582	0.01237	0.01019	0.01601	0.00873	0.01019	0.00728	0.00364	0.00364	0.00073	0.00364	0.00291	0.00291	0.85734
9	0.00581	0.00498	0.00498	0.00498	0.00664	0.00415	0.00373	0.00705	0.01120	0.01328	0.04978	0.04729	0.79464	0.01245	0.00581	0.00166	0.00249	0.01037	0.00456	0.00415
10	0.00916	0.00458	0.00458	0.00458	0.00573	0.00458	0.00344	0.01145	0.01031	0.01832	0.01603	0.01832	0.01260	0.00573	0.00344	0.00115	0.00229	0.00458	0.85457	0.00458
11	0.00599	0.00428	0.00570	0.00684	0.00713	0.00399	0.00456	0.00684	0.00941	0.01254	0.02709	0.82409	0.03250	0.01540	0.00627	0.00200	0.00285	0.01397	0.00456	0.00399
12	0.00702	0.00527	0.00790	0.00790	0.00878	0.00614	0.00614	0.00878	0.00790	0.01141	0.01316	0.01931	0.01229	0.03686	0.80782	0.00790	0.01316	0.00527	0.00263	0.00439
13	0.01021	0.00882	0.01039	0.00751	0.01170	0.00689	0.00602	0.01235	0.01008	0.01584	0.00864	0.01021	0.00725	0.00384	0.00414	0.00079	0.03658	0.00297	0.00288	0.82288
14	0.01019	0.00873	0.01019	0.00728	0.01165	0.00655	0.00582	0.01237	0.01019	0.01601	0.00873	0.01019	0.00728	0.00364	0.00364	0.00073	0.00364	0.00291	0.00291	0.85734
15	0.00783	0.00617	0.00846	0.00954	0.11904	0.00582	0.00611	0.02806	0.01340	0.01865	0.57157	0.03397	0.13352	0.00945	0.00565	0.00155	0.00291	0.00833	0.00487	0.00511
16	0.02205	0.00836	0.01140	0.00874	0.01254	0.00722	0.00722	0.02395	0.01407	0.80004	0.01939	0.01673	0.01216	0.00608	0.00494	0.00152	0.00418	0.00494	0.00608	0.00836
17	0.05996	0.00841	0.01122	0.00864	0.01241	0.00739	0.00714	0.02352	0.01381	0.76493	0.01882	0.01633	0.01186	0.00601	0.00486	0.00152	0.00416	0.00484	0.00595	0.00823
18	0.01195	0.01146	0.01956	0.08902	0.73947	0.01162	0.01497	0.01489	0.01109	0.01579	0.00921	0.01223	0.00769	0.00442	0.00487	0.00147	0.00589	0.00438	0.00241	0.00761
19	0.00702	0.00505	0.00684	0.00778	0.00862	0.00488	0.00618	0.00872	0.01085	0.01432	0.10045	0.33857	0.06492	0.01387	0.00646	0.00207	0.00361	0.38085	0.00462	0.00432
20	0.01222	0.01056	0.01111	0.01000	0.01278	0.01222	0.00778	0.02611	0.78776	0.02056	0.02000	0.01833	0.01500	0.00667	0.00500	0.00167	0.00389	0.00556	0.00500	0.00778
21	0.01019	0.00966	0.01639	0.56727	0.27494	0.01116	0.01410	0.01335	0.01026	0.01366	0.00890	0.01281	0.00694	0.00474	0.00490	0.00158	0.00633	0.00437	0.00226	0.00619
22	0.00916	0.00458	0.00458	0.00458	0.00573	0.00458	0.00344	0.01145	0.01031	0.01832	0.01603	0.01832	0.01260	0.00573	0.00344	0.00115	0.00229	0.00458	0.85457	0.00458
23	0.86201	0.00950	0.00722	0.00646	0.00950	0.01102	0.00532	0.01445	0.00836	0.02205	0.00684	0.00798	0.00532	0.00456	0.00304	0.00152	0.00380	0.00266	0.00304	0.00532
24	0.01075	0.01075	0.01505	0.01290	0.01290	0.01505	0.01075	0.01183	0.00753	0.01183	0.00645	0.01075	0.00645	0.00860	0.01613	0.00215	0.81830	0.00430	0.00215	0.00538
25	0.01268	0.00632	0.00823	0.00701	0.00927	0.00558	0.00552	0.01469	0.01360	0.32308	0.38871	0.03039	0.13687	0.00883	0.00546	0.00155	0.00307	0.00755	0.00555	0.00602
26	0.00703	0.00521	0.00762	0.00762	0.00840	0.00599	0.00580	0.00860	0.00782	0.01120	0.01342	0.02072	0.01290	0.12354	0.72197	0.00755	0.01224	0.00547	0.00267	0.00423
27	0.00916	0.00458	0.00458	0.00458	0.00573	0.00458	0.00344	0.01145	0.01031	0.01832	0.01603	0.01832	0.01260	0.00573	0.00344	0.00115	0.00229	0.00458	0.85457	0.00458
28	0.00834	0.00436	0.00634	0.00634	0.00637	0.00439	0.00420	0.00656	0.00653	0.00874	0.00944	0.01693	0.00966	0.10418	0.04720	0.73663	0.00463	0.00461	0.00224	0.00230
29	0.01222	0.00911	0.01068	0.00782	0.01204	0.00742	0.00629	0.06953	0.03414	0.10686	0.01050	0.01129	0.00814	0.00417	0.00392	0.00090	0.00384	0.00333	0.00348	0.67432
30	0.00916	0.00458	0.00458	0.00458	0.00573	0.00458	0.00344	0.01145	0.01031	0.01832	0.01603	0.01832	0.01260	0.00573	0.00344	0.00115	0.00229	0.00458	0.85457	0.00458
31	0.00680	0.00495	0.00584	0.00606	0.00731	0.00438	0.00447	0.00818	0.01122	0.04597	0.15577	0.26986	0.38786	0.01273	0.00596	0.00176	0.00274	0.04901	0.00475	0.00437
32	0.00599	0.00428	0.00570	0.00684	0.00713	0.00399	0.00456	0.00684	0.00941	0.01254	0.02709	0.82409	0.03250	0.01540	0.00627	0.00200	0.00285	0.01397	0.00456	0.00399
33	0.01075	0.01075	0.01505	0.01290	0.01290	0.01505	0.01075	0.01183	0.00753	0.01183	0.00645	0.01075	0.00645	0.00860	0.01613	0.00215	0.81830	0.00430	0.00215	0.00538
34	0.00702	0.00527	0.00790	0.00790	0.00878	0.00614	0.00614	0.00878	0.00790	0.01141	0.01316	0.01931	0.01229	0.03686	0.80782	0.00790	0.01316	0.00527	0.00263	0.00439
35	0.00599	0.00428	0.00570	0.00684	0.00713	0.00399	0.00456	0.00684	0.00941	0.01254	0.02709	0.82409	0.03250	0.01540	0.00627	0.00200	0.00285	0.01397	0.00456	0.00399
36	0.02013	0.01144	0.01331	0.01020	0.01408	0.01179	0.00843	0.45478	0.01922	0.36193	0.01506	0.01392	0.01000	0.00598	0.00493	0.00149	0.00488	0.00465	0.00542	0.00836
37	0.00599	0.00428	0.00570	0.00684	0.00713	0.00399	0.00456	0.00684	0.00941	0.01254	0.02709	0.82409	0.03250	0.01540	0.00627	0.00200	0.00285	0.01397	0.00456	0.00399
38	0.01868	0.01376	0.01475	0.01131	0.01524	0.01524	0.00934	0.78025	0.02311	0.03097	0.01180	0.01180	0.00836	0.00590	0.00492	0.00147	0.00541	0.00442	0.00492	0.00836
39	0.01314	0.83025	0.02575	0.00841	0.01261	0.01945	0.00841	0.01472	0.00999	0.01156	0.00683	0.00788	0.00631	0.00420	0.00315	0.00105	0.00526	0.00263	0.00210	0.00631

[dist]
# distance from previous block
# <min> <max>
0	1

[block]
# block no. 6 follows, 51 sequences, length 25
# corresponding to MSA columns:
# 344-368
name=unknown_G
#
# <colnr> <probs for GDERKNQSTAVLIFYWHMCP>
#	G	D	E	R	K	N	Q	S	T	A	V	L	I	F	Y	W	H	M	C	P
0	0.01216	0.01168	0.01995	0.03016	0.79664	0.01168	0.01508	0.01508	0.01119	0.01605	0.00924	0.01216	0.00778	0.00438	0.00487	0.00146	0.00584	0.00438	0.00243	0.00778
1	0.01595	0.01106	0.01272	0.01138	0.06306	0.01200	0.00855	0.22980	0.37535	0.17980	0.01697	0.01585	0.01217	0.00620	0.00496	0.00157	0.00448	0.00505	0.00503	0.00805
2	0.00854	0.00427	0.00640	0.00640	0.00640	0.00427	0.00427	0.00640	0.00640	0.00854	0.00854	0.01494	0.00854	0.01707	0.01921	0.85702	0.00427	0.00427	0.00213	0.00213
3	0.00928	0.00873	0.01474	0.81548	0.03385	0.01092	0.01365	0.01256	0.00983	0.01256	0.00873	0.01310	0.00655	0.00491	0.00491	0.00164	0.00655	0.00437	0.00218	0.00546
4	0.01216	0.01168	0.01995	0.03016	0.79664	0.01168	0.01508	0.01508	0.01119	0.01605	0.00924	0.01216	0.00778	0.00438	0.00487	0.00146	0.00584	0.00438	0.00243	0.00778
5	0.00916	0.00458	0.00458	0.00458	0.00573	0.00458	0.00344	0.01145	0.01031	0.01832	0.01603	0.01832	0.01260	0.00573	0.00344	0.00115	0.00229	0.00458	0.85457	0.00458
6	0.01019	0.00873	0.01019	0.00728	0.01165	0.00655	0.00582	0.01237	0.01019	0.01601	0.00873	0.01019	0.00728	0.00364	0.00364	0.00073	0.00364	0.00291	0.00291	0.85734
7	0.00581	0.00498	0.00498	0.00498	0.00664	0.00415	0.00373	0.00705	0.01120	0.01328	0.04978	0.04729	0.79464	0.01245	0.00581	0.00166	0.00249	0.01037	0.00456	0.00415
8	0.00916	0.00458	0.00458	0.00458	0.00573	0.00458	0.00344	0.01145	0.01031	0.01832	0.01603	0.01832	0.01260	0.00573	0.00344	0.00115	0.00229	0.00458	0.85457	0.00458
9	0.00702	0.00527	0.00790	0.00790	0.00878	0.00614	0.00614	0.00878	0.00790	0.01141	0.01316	0.01931	0.01229	0.03686	0.80782	0.00790	0.01316	0.00527	0.00263	0.00439
10	0.01146	0.41781	0.42346	0.01128	0.01705	0.01533	0.01340	0.01515	0.01019	0.01361	0.00785	0.00916	0.00626	0.00444	0.00393	0.00131	0.00628	0.00314	0.00209	0.00680
11	0.02100	0.00898	0.01170	0.00894	0.01279	0.00807	0.00738	0.10666	0.01484	0.67063	0.01794	0.01581	0.01147	0.00592	0.00486	0.00147	0.00429	0.00477	0.00577	0.05670
12	0.00612	0.00499	0.00541	0.00531	0.00683	0.00428	0.00398	0.00766	0.01194	0.01503	0.25251	0.04441	0.59082	0.01179	0.00580	0.00163	0.00244	0.00997	0.00479	0.00428
13	0.01024	0.00999	0.01406	0.01221	0.01233	0.01382	0.01011	0.01140	0.00758	0.01177	0.00738	0.01194	0.00726	0.01251	0.12571	0.00295	0.70686	0.00443	0.00222	0.00524
14	0.01172	0.00639	0.00837	0.03378	0.01017	0.00606	0.00594	0.01444	0.07969	0.25395	0.19377	0.29000	0.04486	0.01021	0.00560	0.00170	0.00334	0.00898	0.00517	0.00584
15	0.29769	0.01015	0.04954	0.00828	0.01217	0.00917	0.02898	0.04592	0.04407	0.16947	0.01079	0.01122	0.00789	0.00470	0.00391	0.00128	0.00419	0.00351	0.00368	0.27340
16	0.01314	0.83025	0.02575	0.00841	0.01261	0.01945	0.00841	0.01472	0.00999	0.01156	0.00683	0.00788	0.00631	0.00420	0.00315	0.00105	0.00526	0.00263	0.00210	0.00631
17	0.00599	0.00428	0.00570	0.00684	0.00713	0.00399	0.00456	0.00684	0.00941	0.01254	0.02709	0.82409	0.03250	0.01540	0.00627	0.00200	0.00285	0.01397	0.00456	0.00399
18	0.01135	0.01085	0.01848	0.25087	0.58226	0.01146	0.01468	0.01437	0.01081	0.01507	0.00910	0.01243	0.00744	0.00453	0.00488	0.00151	0.00604	0.00438	0.00236	0.00713
19	0.01837	0.01358	0.01458	0.01116	0.01511	0.01493	0.00921	0.75248	0.02264	0.03043	0.01169	0.01174	0.00832	0.00582	0.00487	0.00145	0.00534	0.00437	0.00484	0.03906
20	0.01593	0.00742	0.00899	0.00751	0.01022	0.00715	0.00601	0.01999	0.14322	0.39796	0.01833	0.01755	0.01279	0.00606	0.00443	0.00142	0.00348	0.00492	0.29967	0.00695
21	0.01134	0.00873	0.00989	0.00874	0.01102	0.00956	0.00682	0.08592	0.38516	0.05972	0.29867	0.02415	0.02542	0.00783	0.00552	0.00161	0.02147	0.00660	0.00513	0.00667
22	0.01195	0.00870	0.00933	0.00783	0.01047	0.00880	0.00624	0.32081	0.01610	0.06520	0.03172	0.06429	0.39953	0.00956	0.00542	0.00159	0.00378	0.00781	0.00479	0.00608
23	0.01079	0.01580	0.27901	0.08431	0.30373	0.05589	0.02899	0.01448	0.01114	0.01550	0.06775	0.03099	0.01140	0.00564	0.00499	0.00156	0.00621	0.04234	0.00266	0.00681
24	0.01116	0.01099	0.01996	0.01464	0.01861	0.01040	0.38975	0.01415	0.01059	0.04063	0.00968	0.01250	0.00772	0.00641	0.05191	0.00178	0.09630	0.00470	0.00270	0.26541

[dist]
# distance from previous block
# <min> <max>
0	1

[block]
# block no. 7 follows, 51 sequences, length 29
# corresponding to MSA columns:
# 370-398
name=unknown_H
#
# <colnr> <probs for GDERKNQSTAVLIFYWHMCP>
#	G	D	E	R	K	N	Q	S	T	A	V	L	I	F	Y	W	H	M	C	P
0	0.00996	0.01000	0.01832	0.02764	0.01672	0.01069	0.34800	0.01215	0.00936	0.01303	0.01132	0.05746	0.01105	0.21239	0.01312	0.00257	0.20218	0.00616	0.00263	0.00526
1	0.05869	0.01057	0.01560	0.25722	0.05600	0.02621	0.07062	0.06110	0.00994	0.01440	0.00842	0.01276	0.00724	0.00662	0.00954	0.00184	0.34104	0.02395	0.00249	0.00578
2	0.01668	0.15944	0.05969	0.01092	0.01481	0.01299	0.07077	0.24016	0.04317	0.24059	0.02656	0.01314	0.00967	0.00570	0.00534	0.00148	0.05272	0.00443	0.00424	0.00753
3	0.00745	0.00531	0.00700	0.00713	0.00765	0.00571	0.00514	0.02128	0.00839	0.01147	0.01661	0.10074	0.01797	0.33534	0.26961	0.03083	0.03103	0.10431	0.00319	0.00385
4	0.15091	0.01514	0.01626	0.04880	0.12658	0.26623	0.14818	0.05122	0.05570	0.04336	0.00944	0.01113	0.00736	0.00496	0.00487	0.00148	0.02498	0.00406	0.00293	0.00641
5	0.00871	0.00635	0.00731	0.00684	0.00846	0.02245	0.00525	0.01245	0.12259	0.05821	0.43680	0.03387	0.14951	0.00953	0.00552	0.00158	0.00289	0.04172	0.05474	0.00521
6	0.71684	0.05883	0.04196	0.00727	0.01054	0.05469	0.00630	0.01495	0.00894	0.03377	0.00718	0.00827	0.00559	0.00460	0.00322	0.00148	0.00431	0.00277	0.00297	0.00553
7	0.01195	0.37262	0.37142	0.01112	0.01655	0.01501	0.01274	0.08280	0.01131	0.01510	0.00878	0.03410	0.00725	0.00490	0.00408	0.00134	0.00609	0.00358	0.00241	0.00685
8	0.00976	0.01027	0.08895	0.12694	0.06181	0.03338	0.04628	0.03917	0.14976	0.01554	0.04973	0.02235	0.08350	0.01301	0.16173	0.00288	0.00680	0.06882	0.00344	0.00591
9	0.00617	0.00495	0.00551	0.00546	0.00688	0.00429	0.00406	0.00773	0.01194	0.01522	0.27877	0.08755	0.52044	0.01187	0.00583	0.00164	0.00246	0.01011	0.00483	0.00429
10	0.01335	0.01154	0.01162	0.03448	0.01362	0.07339	0.00804	0.11201	0.53818	0.04326	0.01842	0.01741	0.04116	0.00649	0.00493	0.00158	0.00448	0.00527	0.00466	0.03612
11	0.00702	0.00479	0.00579	0.00618	0.00640	0.00473	0.00399	0.00751	0.00819	0.01087	0.01931	0.19564	0.02229	0.54861	0.01866	0.00385	0.00434	0.11491	0.00352	0.00340
12	0.01113	0.01476	0.15676	0.06101	0.05637	0.01240	0.50452	0.01514	0.01089	0.01518	0.00932	0.01248	0.00712	0.00471	0.00652	0.00168	0.08590	0.00516	0.00237	0.00660
13	0.00599	0.00428	0.00570	0.00684	0.00713	0.00399	0.00456	0.00684	0.00941	0.01254	0.02709	0.82409	0.03250	0.01540	0.00627	0.00200	0.00285	0.01397	0.00456	0.00399
14	0.00792	0.00566	0.00792	0.00905	0.01018	0.00566	0.00792	0.01018	0.01131	0.01471	0.02602	0.05543	0.02828	0.01358	0.00679	0.00226	0.00453	0.76356	0.00453	0.00453
15	0.00983	0.00920	0.01439	0.60523	0.10466	0.03064	0.01267	0.01354	0.05626	0.01342	0.00985	0.01369	0.00764	0.00685	0.05175	0.00197	0.00667	0.00447	0.02152	0.00575
16	0.00928	0.00873	0.01474	0.81548	0.03385	0.01092	0.01365	0.01256	0.00983	0.01256	0.00873	0.01310	0.00655	0.00491	0.00491	0.00164	0.00655	0.00437	0.00218	0.00546
17	0.01053	0.06390	0.32456	0.21045	0.21003	0.01169	0.01500	0.02689	0.01056	0.01489	0.00929	0.02877	0.00737	0.00496	0.00489	0.00153	0.01922	0.00419	0.01451	0.00678
18	0.01200	0.01151	0.01966	0.07417	0.75390	0.01163	0.01500	0.01494	0.01111	0.01586	0.00922	0.01222	0.00772	0.00441	0.00487	0.00147	0.00588	0.00438	0.00242	0.00765
19	0.73585	0.00985	0.00801	0.00707	0.01014	0.01138	0.00578	0.06022	0.07977	0.02243	0.00832	0.00914	0.00638	0.00483	0.00333	0.00153	0.00390	0.00303	0.00333	0.00572
20	0.01654	0.01221	0.01303	0.01034	0.01373	0.01353	0.00839	0.57942	0.13140	0.02764	0.01347	0.01401	0.01001	0.03530	0.00552	0.00159	0.00490	0.00470	0.07648	0.00776
21	0.00703	0.00506	0.00688	0.00797	0.00877	0.00490	0.00636	0.00867	0.01052	0.01375	0.02739	0.37484	0.06009	0.01429	0.00653	0.00213	0.00375	0.42222	0.00454	0.00429
22	0.00883	0.00706	0.01072	0.03294	0.07516	0.00743	0.07524	0.01177	0.08161	0.04031	0.01712	0.07616	0.05818	0.12535	0.31225	0.00445	0.00803	0.03895	0.00329	0.00513
23	0.00683	0.00509	0.00584	0.00563	0.00713	0.00444	0.00423	0.00849	0.01227	0.04377	0.33065	0.06895	0.45621	0.01141	0.00579	0.00162	0.00250	0.00974	0.00494	0.00448
24	0.01135	0.01902	0.45707	0.01195	0.01693	0.07492	0.01343	0.03538	0.03781	0.07601	0.12343	0.01547	0.02599	0.00604	0.00554	0.00157	0.05356	0.00469	0.00312	0.00673
25	0.01042	0.01253	0.14774	0.17569	0.32952	0.02306	0.03118	0.01383	0.02373	0.01494	0.01309	0.04453	0.05350	0.00592	0.00503	0.00157	0.00585	0.04923	0.00270	0.03595
26	0.04105	0.00726	0.00990	0.00853	0.01025	0.00780	0.01820	0.01413	0.01072	0.24805	0.13924	0.02046	0.01691	0.08119	0.17908	0.00324	0.14120	0.00564	0.03142	0.00573
27	0.11536	0.11756	0.08215	0.01012	0.01359	0.18765	0.00884	0.12768	0.04037	0.15633	0.04778	0.02915	0.01024	0.00576	0.00471	0.00143	0.02666	0.00418	0.00372	0.00670
28	0.09245	0.12400	0.21818	0.01116	0.04740	0.11002	0.01053	0.06617	0.03707	0.11863	0.05345	0.01292	0.02281	0.00533	0.00438	0.00140	0.00565	0.00403	0.00331	0.05112

[dist]
# distance from previous block
# <min> <max>
2	12

[block]
# block no. 8 follows, 51 sequences, length 11
# corresponding to MSA columns:
# 411-421
name=unknown_I
#
# <colnr> <probs for GDERKNQSTAVLIFYWHMCP>
#	G	D	E	R	K	N	Q	S	T	A	V	L	I	F	Y	W	H	M	C	P
0	0.07818	0.00929	0.02676	0.02821	0.04762	0.01881	0.00743	0.13137	0.05248	0.09353	0.05564	0.04103	0.15941	0.03684	0.00676	0.00167	0.08626	0.02160	0.00401	0.09309
1	0.01176	0.13182	0.26868	0.01076	0.01515	0.09816	0.03459	0.04931	0.04954	0.03764	0.05134	0.04432	0.01087	0.04446	0.00544	0.00152	0.00579	0.00444	0.01922	0.10520
2	0.01244	0.06698	0.10153	0.20219	0.08098	0.03872	0.03517	0.13842	0.10838	0.05584	0.05979	0.03428	0.01183	0.00600	0.00492	0.00155	0.00560	0.02514	0.00349	0.00672
3	0.00792	0.00582	0.00682	0.00652	0.00754	0.00592	0.00461	0.08657	0.01031	0.01361	0.06010	0.07942	0.19448	0.31194	0.17302	0.00403	0.00576	0.00772	0.00368	0.00422
4	0.01040	0.00892	0.01028	0.00756	0.01176	0.00713	0.00602	0.01378	0.08968	0.01648	0.00989	0.01102	0.00807	0.00395	0.00378	0.00082	0.00366	0.00318	0.00313	0.77048
5	0.00869	0.00751	0.00958	0.03402	0.01050	0.04824	0.03284	0.04702	0.00961	0.01291	0.01703	0.30895	0.01880	0.11436	0.13825	0.00322	0.14388	0.02655	0.00342	0.00461
6	0.00679	0.00485	0.00609	0.00630	0.00689	0.00476	0.00434	0.00786	0.00955	0.01291	0.17158	0.18849	0.09255	0.29527	0.11972	0.00363	0.00483	0.04580	0.00392	0.00386
7	0.03700	0.26130	0.01733	0.01017	0.01387	0.07446	0.00870	0.39642	0.07687	0.02215	0.01058	0.01129	0.00825	0.02496	0.00479	0.00143	0.00544	0.00390	0.00380	0.00729
8	0.04105	0.08858	0.03852	0.00961	0.01372	0.00984	0.05467	0.11604	0.01372	0.39505	0.01409	0.01345	0.00960	0.00524	0.00453	0.00134	0.00468	0.00425	0.00457	0.15745
9	0.12940	0.05601	0.04501	0.01151	0.09260	0.06352	0.04359	0.09831	0.11087	0.04679	0.06755	0.04940	0.07627	0.00699	0.01713	0.00159	0.02289	0.00529	0.00370	0.05158
10	0.08577	0.12925	0.15504	0.01131	0.06153	0.05937	0.07106	0.01480	0.01118	0.12688	0.04371	0.08923	0.09201	0.00688	0.00478	0.00152	0.00522	0.02076	0.00346	0.00624

[dist]
# distance from previous block
# <min> <max>
1	3

[block]
# block no. 9 follows, 51 sequences, length 29
# corresponding to MSA columns:
# 425-436,445-461
name=unknown_J
#
# <colnr> <probs for GDERKNQSTAVLIFYWHMCP>
#	G	D	E	R	K	N	Q	S	T	A	V	L	I	F	Y	W	H	M	C	P
0	0.01264	0.01087	0.01508	0.04143	0.37259	0.02674	0.01090	0.19813	0.05208	0.01908	0.04565	0.04820	0.04980	0.06735	0.00652	0.00176	0.00521	0.00548	0.00350	0.00700
1	0.00893	0.00773	0.01008	0.20344	0.04958	0.00848	0.00800	0.05554	0.13139	0.01553	0.06348	0.10326	0.26101	0.00901	0.00587	0.00168	0.04001	0.00758	0.00392	0.00549
2	0.00749	0.00594	0.00728	0.00737	0.00778	0.03412	0.00518	0.00834	0.00826	0.01118	0.01711	0.25192	0.01916	0.28593	0.22522	0.00445	0.07788	0.00821	0.00325	0.00395
3	0.01671	0.01279	0.01364	0.01091	0.01449	0.01432	0.00886	0.55005	0.25651	0.02779	0.01430	0.01379	0.01039	0.00613	0.00494	0.00153	0.00494	0.00477	0.00494	0.00818
4	0.01216	0.01168	0.01995	0.03016	0.79664	0.01168	0.01508	0.01508	0.01119	0.01605	0.00924	0.01216	0.00778	0.00438	0.00487	0.00146	0.00584	0.00438	0.00243	0.00778
5	0.00650	0.00451	0.00553	0.00613	0.00632	0.00434	0.00383	0.00698	0.00844	0.01121	0.02248	0.44731	0.04628	0.38033	0.01469	0.00323	0.00370	0.01081	0.00385	0.00354
6	0.00603	0.00453	0.00559	0.00629	0.00702	0.00409	0.00435	0.00713	0.01030	0.01341	0.10520	0.54731	0.23265	0.01412	0.00611	0.00187	0.00271	0.01255	0.00464	0.00409
7	0.00626	0.00478	0.00584	0.00649	0.00744	0.00436	0.00479	0.00753	0.01046	0.01335	0.06306	0.38560	0.30654	0.01440	0.02562	0.00204	0.00319	0.11957	0.00454	0.00416
8	0.01956	0.00864	0.01107	0.00882	0.01231	0.00811	0.00718	0.02387	0.16791	0.61284	0.01937	0.01711	0.01275	0.00618	0.00489	0.00153	0.00405	0.00505	0.04066	0.00809
9	0.05547	0.23682	0.01912	0.05694	0.31989	0.18024	0.01132	0.01611	0.03487	0.01425	0.00843	0.01033	0.00712	0.00458	0.00422	0.00133	0.00619	0.00360	0.00246	0.00671
10	0.01132	0.00972	0.01384	0.39509	0.08489	0.01108	0.01113	0.06680	0.16576	0.04376	0.01151	0.01371	0.00872	0.00532	0.00520	0.00154	0.03510	0.00447	0.00316	0.09787
11	0.04123	0.05274	0.09347	0.04424	0.04268	0.07694	0.03878	0.23187	0.01533	0.18373	0.08801	0.03415	0.01293	0.00618	0.00489	0.00150	0.00537	0.01461	0.00422	0.00712
12	0.04320	0.40574	0.24907	0.01240	0.01759	0.01543	0.16444	0.01515	0.01036	0.01393	0.00802	0.00967	0.00648	0.00434	0.00411	0.00133	0.00638	0.00355	0.00221	0.00661
13	0.00697	0.00539	0.00647	0.00658	0.00797	0.00503	0.00518	0.00939	0.04984	0.01603	0.28562	0.06718	0.31945	0.01172	0.00600	0.00177	0.00296	0.17704	0.00485	0.00456
14	0.08759	0.00650	0.00755	0.00772	0.02444	0.03514	0.00543	0.01170	0.01037	0.17456	0.02248	0.45990	0.04642	0.06818	0.00690	0.00200	0.00361	0.00992	0.00451	0.00508
15	0.01584	0.13006	0.01683	0.07651	0.21757	0.05095	0.01057	0.15946	0.02505	0.19980	0.01165	0.01248	0.00858	0.00531	0.00507	0.00145	0.03746	0.00422	0.00371	0.00744
16	0.00581	0.00498	0.00498	0.00498	0.00664	0.00415	0.00373	0.00705	0.01120	0.01328	0.04978	0.04729	0.79464	0.01245	0.00581	0.00166	0.00249	0.01037	0.00456	0.00415
17	0.00673	0.00510	0.00594	0.00608	0.00748	0.00452	0.00469	0.00831	0.01164	0.03258	0.18919	0.12015	0.44397	0.01228	0.00598	0.00176	0.00283	0.12164	0.00476	0.00438
18	0.01184	0.25888	0.47064	0.01268	0.04636	0.04478	0.01429	0.03669	0.01089	0.03840	0.00861	0.00989	0.00655	0.00461	0.00424	0.00139	0.00654	0.00341	0.00231	0.00700
