[name]
unknown

[dist]
# distance from previous block
# <min> <max>
0	114

[block]
# block no. 0 follows, 52 sequences, length 53
# corresponding to MSA columns:
# 114-121,123-167
name=unknown_A
#
# <colnr> <probs for GDERKNQSTAVLIFYWHMCP>
#	G	D	E	R	K	N	Q	S	T	A	V	L	I	F	Y	W	H	M	C	P
0	0.00767	0.00548	0.00765	0.00877	0.00982	0.00546	0.00757	0.00980	0.01102	0.01435	0.02573	0.11084	0.02819	0.01352	0.00666	0.00221	0.00434	0.71204	0.00446	0.00442
1	0.01282	0.75740	0.03988	0.00996	0.06988	0.01847	0.00895	0.01455	0.00994	0.01180	0.00695	0.00813	0.00632	0.00417	0.00326	0.00108	0.00526	0.00274	0.00210	0.00634
2	0.00638	0.00529	0.00564	0.00554	0.00712	0.00474	0.00415	0.00867	0.06816	0.01462	0.16858	0.07507	0.58570	0.01159	0.00569	0.00163	0.00254	0.00979	0.00467	0.00442
3	0.00588	0.00432	0.00552	0.00648	0.00696	0.00396	0.00438	0.00678	0.00953	0.01247	0.02994	0.71382	0.14267	0.01476	0.00612	0.00192	0.00276	0.01326	0.00450	0.00396
4	0.01176	0.01127	0.01925	0.09474	0.73630	0.01145	0.01476	0.01467	0.01092	0.01555	0.00907	0.01207	0.00758	0.00436	0.00480	0.00145	0.00582	0.00432	0.00238	0.00749
5	0.02046	0.00961	0.06934	0.00987	0.04552	0.00760	0.00823	0.02265	0.01349	0.71299	0.01795	0.01585	0.01139	0.00583	0.00485	0.00150	0.00441	0.00476	0.00556	0.00814
6	0.00972	0.02507	0.80458	0.01381	0.02097	0.01125	0.01790	0.01535	0.01023	0.01535	0.00870	0.01023	0.00614	0.00460	0.00460	0.00153	0.00716	0.00358	0.00205	0.00716
7	0.00614	0.00550	0.00663	0.00604	0.00791	0.00469	0.06032	0.00758	0.01107	0.01327	0.04623	0.04419	0.73999	0.01168	0.00573	0.00164	0.00287	0.00990	0.00435	0.00427
8	0.02059	0.00795	0.01084	0.00849	0.01198	0.00689	0.00693	0.02239	0.01354	0.74529	0.01967	0.07545	0.01346	0.00667	0.00497	0.00153	0.00403	0.00552	0.00589	0.00793
9	0.00987	0.00935	0.01584	0.61785	0.22793	0.01096	0.01382	0.01301	0.01003	0.01326	0.00874	0.01268	0.00677	0.00471	0.00483	0.00157	0.00628	0.00431	0.00222	0.00597
10	0.01199	0.01151	0.01967	0.02974	0.79946	0.01151	0.01487	0.01487	0.01103	0.01583	0.00912	0.01199	0.00768	0.00432	0.00480	0.00144	0.00576	0.00432	0.00240	0.00768
11	0.00915	0.00861	0.01453	0.81804	0.03338	0.01077	0.01346	0.01238	0.00969	0.01238	0.00861	0.01292	0.00646	0.00484	0.00484	0.00161	0.00646	0.00431	0.00215	0.00538
12	0.01199	0.01151	0.01967	0.02974	0.79946	0.01151	0.01487	0.01487	0.01103	0.01583	0.00912	0.01199	0.00768	0.00432	0.00480	0.00144	0.00576	0.00432	0.00240	0.00768
13	0.00619	0.00448	0.00608	0.00685	0.00719	0.00423	0.02150	0.00698	0.00902	0.01203	0.02475	0.69807	0.02950	0.12811	0.00874	0.00234	0.00319	0.01266	0.00424	0.00385
14	0.00590	0.00422	0.00562	0.00675	0.00703	0.00394	0.00450	0.00675	0.00928	0.01237	0.02671	0.82653	0.03205	0.01518	0.00619	0.00197	0.00281	0.01378	0.00450	0.00394
15	0.00972	0.02507	0.80458	0.01381	0.02097	0.01125	0.01790	0.01535	0.01023	0.01535	0.00870	0.01023	0.00614	0.00460	0.00460	0.00153	0.00716	0.00358	0.00205	0.00716
16	0.01047	0.13711	0.56019	0.01418	0.02052	0.01255	0.14874	0.01526	0.01039	0.01482	0.00861	0.01038	0.00636	0.00445	0.00459	0.00148	0.00706	0.00381	0.00212	0.00692
17	0.01187	0.01164	0.02062	0.04507	0.69219	0.01159	0.10531	0.01490	0.01105	0.01572	0.00919	0.01214	0.00761	0.00430	0.00491	0.00147	0.00606	0.00448	0.00240	0.00749
18	0.01251	0.01386	0.02273	0.03587	0.26336	0.12949	0.37945	0.01564	0.01142	0.01484	0.00906	0.01198	0.00723	0.00452	0.00571	0.00154	0.04688	0.00481	0.00242	0.00667
19	0.00590	0.00422	0.00562	0.00675	0.00703	0.00394	0.00450	0.00675	0.00928	0.01237	0.02671	0.82653	0.03205	0.01518	0.00619	0.00197	0.00281	0.01378	0.00450	0.00394
20	0.00674	0.00491	0.00634	0.00607	0.00719	0.00451	0.00452	0.00888	0.01331	0.01866	0.70990	0.08296	0.08716	0.01035	0.00574	0.00156	0.00233	0.00914	0.00524	0.00451
21	0.12053	0.69601	0.02262	0.00822	0.01215	0.05011	0.00795	0.01467	0.00980	0.01272	0.00677	0.00783	0.00610	0.00422	0.00315	0.00110	0.00515	0.00262	0.00221	0.00607
22	0.12359	0.31642	0.30522	0.01103	0.01604	0.05643	0.05747	0.01541	0.03214	0.01471	0.00804	0.00934	0.00637	0.00447	0.00391	0.00134	0.00604	0.00325	0.00231	0.00646
23	0.06290	0.06226	0.01765	0.02187	0.46937	0.15415	0.03473	0.01666	0.08540	0.01562	0.00957	0.01153	0.00786	0.00465	0.00456	0.00141	0.00602	0.00405	0.00267	0.00705
24	0.01193	0.01144	0.01955	0.04857	0.78117	0.01150	0.01484	0.01481	0.01100	0.01575	0.00910	0.01202	0.00765	0.00433	0.00480	0.00144	0.00577	0.00432	0.00239	0.00762
25	0.01199	0.01151	0.01967	0.02974	0.79946	0.01151	0.01487	0.01487	0.01103	0.01583	0.00912	0.01199	0.00768	0.00432	0.00480	0.00144	0.00576	0.00432	0.00240	0.00768
26	0.00694	0.00511	0.00737	0.00737	0.00809	0.00583	0.00553	0.00838	0.00766	0.01094	0.01336	0.02116	0.01304	0.16921	0.67888	0.00727	0.01159	0.00550	0.00265	0.00409
27	0.00705	0.00470	0.00529	0.00529	0.00529	0.00470	0.00294	0.00705	0.00705	0.00940	0.01527	0.03171	0.01762	0.82969	0.02467	0.00470	0.00470	0.00705	0.00294	0.00294
28	0.01126	0.01090	0.01900	0.22280	0.56003	0.01138	0.06527	0.01430	0.01073	0.01496	0.00904	0.01229	0.00736	0.00443	0.00487	0.00150	0.00609	0.00441	0.00234	0.00704
29	0.00915	0.00861	0.01453	0.81804	0.03338	0.01077	0.01346	0.01238	0.00969	0.01238	0.00861	0.01292	0.00646	0.00484	0.00484	0.00161	0.00646	0.00431	0.00215	0.00538
30	0.86392	0.00937	0.00712	0.00637	0.00937	0.01087	0.00525	0.01425	0.00825	0.02174	0.00675	0.00787	0.00525	0.00450	0.00300	0.00150	0.00375	0.00262	0.00300	0.00525
31	0.01106	0.35876	0.48261	0.01153	0.01745	0.01453	0.01393	0.01500	0.01007	0.01372	0.00789	0.00922	0.00617	0.00441	0.00399	0.00133	0.00634	0.00317	0.00206	0.00677
32	0.00590	0.00422	0.00562	0.00675	0.00703	0.00394	0.00450	0.00675	0.00928	0.01237	0.02671	0.82653	0.03205	0.01518	0.00619	0.00197	0.00281	0.01378	0.00450	0.00394
33	0.00955	0.00941	0.00795	0.00800	0.00929	0.19631	0.00576	0.05696	0.01147	0.01345	0.02540	0.41993	0.17263	0.02344	0.00585	0.00174	0.00433	0.00989	0.00402	0.00461
34	0.02003	0.00981	0.07175	0.01053	0.06015	0.00781	0.02565	0.02229	0.01337	0.67927	0.01753	0.01568	0.01120	0.00575	0.00487	0.00150	0.00454	0.00476	0.00541	0.00809
35	0.01137	0.01132	0.02057	0.02533	0.53504	0.01125	0.19318	0.01433	0.01088	0.01537	0.01047	0.07148	0.00933	0.00519	0.00548	0.00155	0.03291	0.00533	0.00255	0.00706
36	0.01262	0.19411	0.42390	0.01222	0.01750	0.20406	0.01351	0.03188	0.02259	0.01406	0.00822	0.00950	0.00635	0.00465	0.00424	0.00136	0.00704	0.00331	0.00226	0.00662
37	0.01133	0.01548	0.25211	0.06143	0.06355	0.03977	0.08671	0.01997	0.36116	0.01731	0.01374	0.01424	0.01026	0.00545	0.00488	0.00158	0.00570	0.00471	0.00342	0.00720
38	0.00995	0.06259	0.57066	0.01388	0.07551	0.01082	0.04049	0.01462	0.01073	0.02883	0.09275	0.02652	0.01102	0.00530	0.00473	0.00151	0.00635	0.00439	0.00254	0.00682
39	0.00985	0.02427	0.75872	0.01474	0.06646	0.01127	0.01773	0.01532	0.01028	0.01538	0.00872	0.01033	0.00623	0.00459	0.00462	0.00153	0.00708	0.00362	0.00207	0.00719
40	0.00665	0.00507	0.00682	0.00672	0.00782	0.00524	0.00515	0.00843	0.01010	0.01388	0.23581	0.02954	0.18616	0.02403	0.42063	0.00478	0.00784	0.00723	0.00375	0.00434
41	0.00718	0.00524	0.00745	0.03191	0.08566	0.00505	0.00580	0.00833	0.00962	0.03570	0.04613	0.61934	0.02785	0.06097	0.00705	0.00204	0.00336	0.02267	0.00420	0.00444
42	0.01079	0.01624	0.27303	0.01725	0.02257	0.01133	0.47614	0.01512	0.01098	0.03264	0.01066	0.06066	0.00854	0.00495	0.00537	0.00162	0.00744	0.00550	0.00252	0.00662
43	0.01192	0.01137	0.01902	0.05086	0.73184	0.01152	0.01441	0.01544	0.05655	0.01599	0.00972	0.01238	0.00806	0.00446	0.00481	0.00146	0.00566	0.00439	0.00254	0.00761
44	0.01026	0.00779	0.01020	0.00869	0.01070	0.00819	0.04929	0.22022	0.01452	0.02009	0.33076	0.04250	0.02489	0.01502	0.20116	0.00304	0.00605	0.00664	0.00436	0.00561
45	0.76288	0.00881	0.00700	0.00638	0.00911	0.01009	0.00516	0.01350	0.00863	0.02106	0.05494	0.05729	0.00922	0.00544	0.00335	0.00153	0.00361	0.00364	0.00323	0.00513
46	0.00805	0.00699	0.01082	0.05668	0.01235	0.02596	0.10366	0.01075	0.05532	0.01256	0.01481	0.10804	0.02829	0.02515	0.49114	0.00537	0.01002	0.00623	0.00294	0.00485
47	0.01329	0.01456	0.01856	0.06942	0.42755	0.22900	0.10908	0.01586	0.01174	0.01445	0.00956	0.01202	0.02363	0.00467	0.00482	0.00143	0.00684	0.00429	0.00246	0.00676
48	0.01316	0.06321	0.10957	0.02073	0.41230	0.12411	0.03074	0.01670	0.06304	0.06782	0.01090	0.01251	0.02400	0.00485	0.00467	0.00143	0.00606	0.00423	0.00280	0.00718
49	0.01160	0.01192	0.06444	0.01388	0.01788	0.01092	0.33411	0.12422	0.12539	0.01789	0.01434	0.03941	0.05660	0.03667	0.00592	0.00163	0.00596	0.00561	0.00337	0.09822
50	0.06873	0.18276	0.40034	0.01263	0.01808	0.07098	0.10401	0.01596	0.03316	0.03797	0.00884	0.01022	0.00667	0.00457	0.00433	0.00143	0.00659	0.00363	0.00240	0.00671
51	0.18132	0.01220	0.01273	0.05479	0.01461	0.07519	0.04366	0.37568	0.06165	0.04174	0.01187	0.07191	0.00960	0.00611	0.00459	0.00151	0.00518	0.00476	0.00405	0.00686
52	0.08301	0.00943	0.05641	0.06157	0.06425	0.03965	0.00773	0.11631	0.01370	0.11469	0.30753	0.02305	0.06812	0.00737	0.00504	0.00151	0.00409	0.00617	0.00440	0.00599

[dist]
# distance from previous block
# <min> <max>
12	20

[block]
# block no. 1 follows, 52 sequences, length 73
# corresponding to MSA columns:
# 188-260
name=unknown_B
#
# <colnr> <probs for GDERKNQSTAVLIFYWHMCP>
#	G	D	E	R	K	N	Q	S	T	A	V	L	I	F	Y	W	H	M	C	P
0	0.03275	0.03278	0.03272	0.01533	0.23805	0.02539	0.01003	0.15344	0.07251	0.31610	0.01398	0.01380	0.00980	0.00540	0.00475	0.00147	0.00496	0.00451	0.00437	0.00786
1	0.01163	0.38377	0.07950	0.00849	0.01164	0.01281	0.00795	0.05296	0.01015	0.07451	0.01077	0.03511	0.00976	0.08393	0.18438	0.00297	0.00689	0.00420	0.00278	0.00579
2	0.40404	0.28859	0.11752	0.00844	0.01233	0.07350	0.00822	0.01486	0.00945	0.01670	0.00705	0.00821	0.00576	0.00443	0.00335	0.00133	0.00505	0.00277	0.00253	0.00585
3	0.00940	0.00946	0.01823	0.01383	0.01660	0.00916	0.41977	0.01179	0.00988	0.01328	0.01530	0.07519	0.07361	0.22721	0.01136	0.00250	0.04853	0.00689	0.00286	0.00514
4	0.01555	0.01589	0.01471	0.13343	0.16803	0.35461	0.01079	0.11416	0.01369	0.07013	0.00994	0.01250	0.00797	0.00531	0.00470	0.00142	0.00693	0.03077	0.00304	0.00645
5	0.00937	0.00950	0.01093	0.01326	0.22572	0.11889	0.03079	0.01116	0.01148	0.01388	0.04672	0.03063	0.43126	0.00878	0.00528	0.00153	0.00440	0.00745	0.00360	0.00537
6	0.00590	0.00422	0.00562	0.00675	0.00703	0.00394	0.00450	0.00675	0.00928	0.01237	0.02671	0.82653	0.03205	0.01518	0.00619	0.00197	0.00281	0.01378	0.00450	0.00394
7	0.01012	0.00884	0.01101	0.00786	0.01220	0.00676	0.04594	0.01237	0.01012	0.01578	0.00867	0.01021	0.00719	0.00361	0.00370	0.00077	0.00383	0.00302	0.00285	0.81515
8	0.00915	0.00861	0.01453	0.81804	0.03338	0.01077	0.01346	0.01238	0.00969	0.01238	0.00861	0.01292	0.00646	0.00484	0.00484	0.00161	0.00646	0.00431	0.00215	0.00538
9	0.01491	0.01130	0.01180	0.00959	0.01283	0.05682	0.00767	0.34276	0.15774	0.09251	0.03096	0.05741	0.06504	0.00667	0.00484	0.00144	0.00458	0.00534	0.00458	0.10122
10	0.00972	0.02507	0.80458	0.01381	0.02097	0.01125	0.01790	0.01535	0.01023	0.01535	0.00870	0.01023	0.00614	0.00460	0.00460	0.00153	0.00716	0.00358	0.00205	0.00716
11	0.00686	0.00495	0.00648	0.00610	0.00724	0.00457	0.00457	0.00914	0.01372	0.01943	0.79691	0.03620	0.04572	0.00991	0.00572	0.00152	0.00229	0.00876	0.00533	0.00457
12	0.00629	0.00532	0.00549	0.00537	0.00705	0.00472	0.00405	0.00853	0.06958	0.01413	0.10598	0.04368	0.67955	0.01166	0.00567	0.00163	0.00254	0.00976	0.00460	0.00440
13	0.00915	0.00861	0.01453	0.81804	0.03338	0.01077	0.01346	0.01238	0.00969	0.01238	0.00861	0.01292	0.00646	0.00484	0.00484	0.00161	0.00646	0.00431	0.00215	0.00538
14	0.01033	0.00981	0.01666	0.49187	0.35036	0.01108	0.01404	0.01341	0.01025	0.01381	0.00882	0.01254	0.00696	0.00463	0.00483	0.00154	0.00617	0.00431	0.00225	0.00633
15	0.00590	0.00422	0.00562	0.00675	0.00703	0.00394	0.00450	0.00675	0.00928	0.01237	0.02671	0.82653	0.03205	0.01518	0.00619	0.00197	0.00281	0.01378	0.00450	0.00394
16	0.00915	0.00861	0.01453	0.81804	0.03338	0.01077	0.01346	0.01238	0.00969	0.01238	0.00861	0.01292	0.00646	0.00484	0.00484	0.00161	0.00646	0.00431	0.00215	0.00538
17	0.00972	0.02507	0.80458	0.01381	0.02097	0.01125	0.01790	0.01535	0.01023	0.01535	0.00870	0.01023	0.00614	0.00460	0.00460	0.00153	0.00716	0.00358	0.00205	0.00716
18	0.00915	0.00861	0.01453	0.81804	0.03338	0.01077	0.01346	0.01238	0.00969	0.01238	0.00861	0.01292	0.00646	0.00484	0.00484	0.00161	0.00646	0.00431	0.00215	0.00538
19	0.81964	0.00912	0.00699	0.00628	0.00918	0.01054	0.00515	0.01409	0.00835	0.02155	0.00722	0.00840	0.00562	0.00456	0.00302	0.00148	0.00367	0.00272	0.04722	0.00521
20	0.00972	0.02507	0.80458	0.01381	0.02097	0.01125	0.01790	0.01535	0.01023	0.01535	0.00870	0.01023	0.00614	0.00460	0.00460	0.00153	0.00716	0.00358	0.00205	0.00716
21	0.01040	0.00860	0.01008	0.00722	0.01151	0.00648	0.00578	0.01254	0.01016	0.03928	0.00893	0.01024	0.00732	0.00366	0.00363	0.00074	0.00360	0.00293	0.00296	0.83392
22	0.00585	0.00491	0.00508	0.00504	0.00662	0.00414	0.00378	0.00719	0.01134	0.01379	0.13091	0.04550	0.71524	0.01201	0.00573	0.00162	0.00244	0.01007	0.00459	0.00414
23	0.00623	0.00460	0.00620	0.04882	0.00849	0.00449	0.00501	0.00748	0.02716	0.01250	0.02541	0.75197	0.03008	0.02869	0.00641	0.00199	0.00306	0.01298	0.00436	0.00408
24	0.00585	0.00443	0.00541	0.00619	0.00688	0.00398	0.00425	0.00681	0.00981	0.01259	0.03351	0.58972	0.26448	0.01430	0.00605	0.00187	0.00270	0.01270	0.00450	0.00398
25	0.00704	0.00474	0.00550	0.00550	0.00557	0.00481	0.00320	0.00718	0.00711	0.00955	0.01508	0.03065	0.01716	0.76324	0.09049	0.00496	0.00539	0.00689	0.00291	0.00305
26	0.86392	0.00937	0.00712	0.00637	0.00937	0.01087	0.00525	0.01425	0.00825	0.02174	0.00675	0.00787	0.00525	0.00450	0.00300	0.00150	0.00375	0.00262	0.00300	0.00525
27	0.00972	0.02507	0.80458	0.01381	0.02097	0.01125	0.01790	0.01535	0.01023	0.01535	0.00870	0.01023	0.00614	0.00460	0.00460	0.00153	0.00716	0.00358	0.00205	0.00716
28	0.01373	0.01124	0.01190	0.01020	0.01324	0.01284	0.00808	0.22511	0.58862	0.02297	0.01760	0.01638	0.01307	0.00638	0.00491	0.00159	0.00423	0.00519	0.00491	0.00782
29	0.00989	0.06690	0.76422	0.01353	0.02053	0.01166	0.01741	0.01530	0.01021	0.01514	0.00860	0.01010	0.00614	0.00458	0.00453	0.00151	0.00706	0.00353	0.00205	0.00711
30	0.01247	0.01012	0.04219	0.01221	0.10267	0.00885	0.10805	0.10583	0.02963	0.12306	0.03715	0.05807	0.05942	0.00576	0.00472	0.00131	0.00469	0.00513	0.00369	0.26498
31	0.01069	0.24612	0.48747	0.01267	0.01855	0.01329	0.08270	0.01491	0.01027	0.01424	0.00896	0.01165	0.00717	0.00480	0.00438	0.00143	0.00659	0.03518	0.00219	0.00673
32	0.02049	0.01026	0.01249	0.00958	0.01338	0.01011	0.00791	0.31114	0.01724	0.51053	0.01629	0.01466	0.01057	0.00593	0.00486	0.00148	0.00458	0.00468	0.00556	0.00824
33	0.00809	0.00483	0.00520	0.00512	0.00565	0.00487	0.00326	0.02664	0.00863	0.01327	0.01540	0.02592	0.01537	0.48873	0.01589	0.00323	0.00376	0.00600	0.33648	0.00368
34	0.01158	0.23252	0.05147	0.05210	0.01359	0.06522	0.02331	0.05882	0.00994	0.03098	0.00913	0.02726	0.00835	0.04584	0.12251	0.00257	0.22245	0.00418	0.00253	0.00566
35	0.00915	0.00861	0.01453	0.81804	0.03338	0.01077	0.01346	0.01238	0.00969	0.01238	0.00861	0.01292	0.00646	0.00484	0.00484	0.00161	0.00646	0.00431	0.00215	0.00538
36	0.00590	0.00422	0.00562	0.00675	0.00703	0.00394	0.00450	0.00675	0.00928	0.01237	0.02671	0.82653	0.03205	0.01518	0.00619	0.00197	0.00281	0.01378	0.00450	0.00394
37	0.00955	0.00916	0.01462	0.59820	0.02774	0.01188	0.01268	0.01219	0.00907	0.01219	0.00800	0.01229	0.00643	0.00584	0.00786	0.00175	0.22877	0.00429	0.00214	0.00536
38	0.01097	0.01229	0.02587	0.01871	0.02312	0.01173	0.67550	0.01489	0.02587	0.01527	0.01289	0.01566	0.06853	0.00495	0.00612	0.00165	0.04103	0.00600	0.00264	0.00632
39	0.00774	0.00439	0.00497	0.00544	0.00622	0.00428	0.00385	0.00941	0.00980	0.01571	0.02032	0.35259	0.02054	0.00959	0.00455	0.00148	0.00249	0.00835	0.50402	0.00428
40	0.00972	0.02507	0.80458	0.01381	0.02097	0.01125	0.01790	0.01535	0.01023	0.01535	0.00870	0.01023	0.00614	0.00460	0.00460	0.00153	0.00716	0.00358	0.00205	0.00716
41	0.00573	0.00491	0.00491	0.00491	0.00655	0.00409	0.00368	0.00695	0.01105	0.01309	0.04909	0.04664	0.79750	0.01227	0.00573	0.00164	0.00245	0.01023	0.00450	0.00409
42	0.01809	0.01341	0.01436	0.01108	0.01490	0.01487	0.00913	0.74406	0.06257	0.03001	0.01205	0.01197	0.00858	0.00586	0.00485	0.00146	0.00525	0.00442	0.00485	0.00821
43	0.01464	0.01131	0.02138	0.01568	0.01999	0.01067	0.46136	0.01911	0.09788	0.25522	0.01372	0.01466	0.00958	0.00494	0.00538	0.00159	0.00646	0.00544	0.00380	0.00718
44	0.01005	0.00861	0.01005	0.00718	0.01148	0.00646	0.00574	0.01220	0.01005	0.01579	0.00861	0.01005	0.00718	0.00359	0.00359	0.00072	0.00359	0.00287	0.00287	0.85932
45	0.00972	0.02507	0.80458	0.01381	0.02097	0.01125	0.01790	0.01535	0.01023	0.01535	0.00870	0.01023	0.00614	0.00460	0.00460	0.00153	0.00716	0.00358	0.00205	0.00716
46	0.01381	0.00695	0.00864	0.00725	0.00986	0.00629	0.00577	0.03223	0.06351	0.36964	0.17534	0.02854	0.23467	0.00850	0.00527	0.00155	0.00332	0.00712	0.00537	0.00637
47	0.01810	0.02310	0.01373	0.01248	0.01498	0.81024	0.00936	0.01935	0.01373	0.01186	0.00749	0.00874	0.00624	0.00499	0.00437	0.00125	0.00874	0.00312	0.00250	0.00562
48	0.00927	0.00874	0.01476	0.78413	0.06634	0.01080	0.01352	0.01249	0.00975	0.01253	0.00863	0.01288	0.00651	0.00482	0.00484	0.00161	0.00643	0.00431	0.00216	0.00548
49	0.86392	0.00937	0.00712	0.00637	0.00937	0.01087	0.00525	0.01425	0.00825	0.02174	0.00675	0.00787	0.00525	0.00450	0.00300	0.00150	0.00375	0.00262	0.00300	0.00525
50	0.00705	0.00470	0.00529	0.00529	0.00529	0.00470	0.00294	0.00705	0.00705	0.00940	0.01527	0.03171	0.01762	0.82969	0.02467	0.00470	0.00470	0.00705	0.00294	0.00294
51	0.00915	0.00861	0.01453	0.81804	0.03338	0.01077	0.01346	0.01238	0.00969	0.01238	0.00861	0.01292	0.00646	0.00484	0.00484	0.00161	0.00646	0.00431	0.00215	0.00538
52	0.01810	0.02310	0.01373	0.01248	0.01498	0.81024	0.00936	0.01935	0.01373	0.01186	0.00749	0.00874	0.00624	0.00499	0.00437	0.00125	0.00874	0.00312	0.00250	0.00562
53	0.01296	0.83261	0.02539	0.00829	0.01244	0.01917	0.00829	0.01451	0.00985	0.01140	0.00674	0.00777	0.00622	0.00415	0.00311	0.00104	0.00518	0.00259	0.00207	0.00622
54	0.00705	0.00470	0.00529	0.00529	0.00529	0.00470	0.00294	0.00705	0.00705	0.00940	0.01527	0.03171	0.01762	0.82969	0.02467	0.00470	0.00470	0.00705	0.00294	0.00294
55	0.01144	0.01307	0.02859	0.02042	0.02533	0.01225	0.78186	0.01552	0.01144	0.01552	0.00980	0.01307	0.00735	0.00408	0.00572	0.00163	0.00817	0.00572	0.00245	0.00654
56	0.00972	0.02507	0.80458	0.01381	0.02097	0.01125	0.01790	0.01535	0.01023	0.01535	0.00870	0.01023	0.00614	0.00460	0.00460	0.00153	0.00716	0.00358	0.00205	0.00716
57	0.02174	0.00825	0.01125	0.00862	0.01237	0.00712	0.00712	0.02362	0.01387	0.80282	0.01912	0.01649	0.01200	0.00600	0.00487	0.00150	0.00412	0.00487	0.00600	0.00825
58	0.00764	0.00546	0.00761	0.00873	0.00977	0.00543	0.00751	0.00974	0.01099	0.01431	0.02575	0.12423	0.02826	0.01355	0.00665	0.00221	0.00431	0.69897	0.00447	0.00441
59	0.00972	0.02507	0.80458	0.01381	0.02097	0.01125	0.01790	0.01535	0.01023	0.01535	0.00870	0.01023	0.00614	0.00460	0.00460	0.00153	0.00716	0.00358	0.00205	0.00716
60	0.01126	0.01433	0.10992	0.01973	0.02487	0.01215	0.70180	0.01550	0.01131	0.01550	0.00969	0.01277	0.00723	0.00414	0.00560	0.00162	0.00806	0.00549	0.00241	0.00660
61	0.00686	0.00495	0.00648	0.00610	0.00724	0.00457	0.00457	0.00914	0.01372	0.01943	0.79691	0.03620	0.04572	0.00991	0.00572	0.00152	0.00229	0.00876	0.00533	0.00457
62	0.01296	0.83261	0.02539	0.00829	0.01244	0.01917	0.00829	0.01451	0.00985	0.01140	0.00674	0.00777	0.00622	0.00415	0.00311	0.00104	0.00518	0.00259	0.00207	0.00622
63	0.01384	0.01541	0.26342	0.01503	0.02030	0.01049	0.32552	0.01777	0.01176	0.23934	0.01211	0.01317	0.00830	0.00479	0.00513	0.00157	0.00671	0.00482	0.00333	0.00722
64	0.01899	0.04077	0.17306	0.00967	0.01412	0.00839	0.00936	0.02161	0.01299	0.61476	0.01656	0.01491	0.01060	0.00565	0.00476	0.00149	0.00478	0.00453	0.00506	0.00795
65	0.00693	0.00518	0.00772	0.00772	0.00856	0.00602	0.00597	0.00861	0.00777	0.01120	0.01305	0.01941	0.01227	0.05934	0.78771	0.00770	0.01274	0.00525	0.00261	0.00429
66	0.00590	0.00422	0.00562	0.00675	0.00703	0.00394	0.00450	0.00675	0.00928	0.01237	0.02671	0.82653	0.03205	0.01518	0.00619	0.00197	0.00281	0.01378	0.00450	0.00394
67	0.01358	0.05862	0.02384	0.01734	0.02146	0.25917	0.50311	0.01665	0.01206	0.01418	0.00893	0.01146	0.00695	0.00437	0.00517	0.00148	0.00819	0.00475	0.00245	0.00624
68	0.00972	0.02507	0.80458	0.01381	0.02097	0.01125	0.01790	0.01535	0.01023	0.01535	0.00870	0.01023	0.00614	0.00460	0.00460	0.00153	0.00716	0.00358	0.00205	0.00716
69	0.00684	0.00527	0.00646	0.00706	0.00841	0.00489	0.00589	0.00860	0.01110	0.01385	0.03657	0.05093	0.38620	0.01287	0.00624	0.00195	0.00353	0.41458	0.00448	0.00429
70	0.00675	0.00486	0.00643	0.00655	0.00688	0.00470	0.03711	0.00729	0.00818	0.01092	0.01987	0.36676	0.02328	0.45000	0.01604	0.00341	0.00405	0.00983	0.00358	0.00351
71	0.01854	0.03933	0.01232	0.00946	0.01296	0.04449	0.00772	0.14527	0.19156	0.43945	0.01712	0.01543	0.01158	0.00599	0.00480	0.00150	0.00449	0.00477	0.00528	0.00793
72	0.01769	0.10428	0.01527	0.01153	0.01473	0.42223	0.00919	0.31196	0.01680	0.01898	0.00900	0.00975	0.00701	0.00522	0.00442	0.00131	0.00706	0.00354	0.00335	0.00669

[dist]
# distance from previous block
# <min> <max>
2	6

[block]
# block no. 2 follows, 52 sequences, length 27
# corresponding to MSA columns:
# 267-293
name=unknown_C
#
# <colnr> <probs for GDERKNQSTAVLIFYWHMCP>
#	G	D	E	R	K	N	Q	S	T	A	V	L	I	F	Y	W	H	M	C	P
0	0.01216	0.00910	0.01023	0.00923	0.01174	0.02552	0.00739	0.12255	0.29323	0.08530	0.01935	0.11024	0.01740	0.00847	0.00529	0.00168	0.00416	0.16345	0.00464	0.07887
1	0.23128	0.01228	0.01139	0.00937	0.01270	0.12505	0.00755	0.22382	0.08638	0.19877	0.01219	0.01193	0.00863	0.00543	0.00430	0.00145	0.00497	0.00394	0.00427	0.02429
2	0.06315	0.01172	0.01875	0.02785	0.72953	0.03454	0.01414	0.01496	0.01095	0.01607	0.00893	0.01165	0.00749	0.00435	0.00468	0.00144	0.00572	0.00418	0.00244	0.00747
3	0.06551	0.13504	0.44424	0.01129	0.01687	0.01156	0.01304	0.01713	0.05140	0.15733	0.01075	0.01127	0.00762	0.00487	0.00434	0.00144	0.00588	0.00370	0.00299	0.02374
4	0.01173	0.22712	0.19768	0.02061	0.42064	0.01344	0.01385	0.01489	0.01055	0.01458	0.00841	0.01050	0.00695	0.00434	0.00432	0.00136	0.00592	0.00371	0.00224	0.00718
5	0.01424	0.01523	0.01720	0.01995	0.34188	0.25914	0.07890	0.06538	0.11014	0.01604	0.01016	0.01182	0.00813	0.00488	0.00477	0.00142	0.00662	0.00422	0.00290	0.00697
6	0.01435	0.01242	0.01851	0.02201	0.44079	0.01289	0.07765	0.30212	0.01546	0.02130	0.01012	0.01195	0.00786	0.00486	0.00489	0.00146	0.00580	0.00445	0.00332	0.00779
7	0.01703	0.03530	0.01371	0.01147	0.01445	0.40230	0.00895	0.27742	0.11766	0.01926	0.01091	0.03001	0.00863	0.00570	0.00462	0.00138	0.00674	0.00408	0.00364	0.00674
8	0.01131	0.42130	0.42226	0.01110	0.01679	0.01514	0.01319	0.01494	0.01004	0.01341	0.00774	0.00903	0.00618	0.00438	0.00387	0.00129	0.00619	0.00310	0.00206	0.00670
9	0.00968	0.39077	0.03399	0.00744	0.00961	0.01168	0.00637	0.01077	0.00898	0.01125	0.01368	0.21224	0.01524	0.20613	0.00943	0.00219	0.02636	0.00645	0.00287	0.00487
10	0.01310	0.00688	0.00889	0.00772	0.00994	0.00674	0.00606	0.03342	0.07194	0.31521	0.02117	0.02285	0.12457	0.08698	0.23804	0.00361	0.00648	0.00595	0.00443	0.00602
11	0.01327	0.19975	0.39812	0.01097	0.01649	0.01176	0.01252	0.01691	0.01099	0.19874	0.01069	0.01114	0.00759	0.00477	0.00427	0.00137	0.00580	0.00362	0.00303	0.05820
12	0.00617	0.00576	0.05329	0.00652	0.00773	0.00449	0.00505	0.00756	0.01033	0.01347	0.10770	0.45070	0.27733	0.01310	0.00590	0.00179	0.00291	0.01154	0.00443	0.00424
13	0.01267	0.76200	0.09352	0.00877	0.01318	0.01848	0.00913	0.01458	0.00988	0.01175	0.00691	0.00799	0.00621	0.00419	0.00324	0.00108	0.00536	0.00268	0.00207	0.00630
14	0.01042	0.20005	0.63574	0.01262	0.01912	0.01297	0.01582	0.01517	0.01015	0.01449	0.00827	0.00970	0.00616	0.00450	0.00428	0.00143	0.00673	0.00337	0.00205	0.00696
15	0.01685	0.01279	0.01366	0.01083	0.01443	0.01429	0.00883	0.59636	0.21228	0.02801	0.01363	0.01323	0.00986	0.00600	0.00487	0.00150	0.00496	0.00464	0.00487	0.00810
16	0.00657	0.00494	0.00608	0.00579	0.00706	0.00445	0.00434	0.00858	0.01303	0.01781	0.60494	0.03888	0.23871	0.01051	0.00572	0.00155	0.00233	0.00914	0.00512	0.00445
17	0.01437	0.05589	0.01295	0.01036	0.01346	0.08079	0.00827	0.23397	0.47139	0.02193	0.01577	0.01496	0.01180	0.00610	0.00476	0.00153	0.00474	0.00482	0.00455	0.00758
18	0.00774	0.00466	0.00699	0.00699	0.00738	0.00505	0.00505	0.00738	0.00699	0.00971	0.01050	0.01670	0.01010	0.02574	0.38019	0.47053	0.00821	0.00466	0.00233	0.00312
19	0.01027	0.16135	0.67308	0.01288	0.01953	0.01259	0.01628	0.01521	0.01017	0.01468	0.00837	0.00982	0.00615	0.00453	0.00435	0.00145	0.00683	0.00341	0.00205	0.00700
20	0.01698	0.01293	0.01413	0.01112	0.01453	0.01465	0.00914	0.62493	0.11584	0.02768	0.01218	0.01234	0.00889	0.00614	0.00579	0.00153	0.07415	0.00449	0.00463	0.00792
21	0.00574	0.00484	0.00498	0.00509	0.00659	0.00408	0.00376	0.00693	0.01087	0.01302	0.04691	0.12259	0.72295	0.01256	0.00577	0.00167	0.00249	0.01057	0.00450	0.00408
22	0.01085	0.01223	0.04473	0.01995	0.13178	0.01122	0.56916	0.01447	0.01121	0.01526	0.01283	0.05720	0.05427	0.00518	0.00559	0.00162	0.00720	0.00615	0.00266	0.00644
23	0.01160	0.01658	0.38189	0.01210	0.05148	0.01041	0.01242	0.01863	0.23175	0.10859	0.06335	0.01582	0.03216	0.00584	0.00483	0.00156	0.00538	0.00480	0.00361	0.00721
24	0.00929	0.04468	0.04148	0.01049	0.05659	0.00758	0.00876	0.07827	0.01207	0.01587	0.02195	0.04457	0.02317	0.01144	0.00618	0.00204	0.00475	0.59150	0.00417	0.00516
25	0.02077	0.00892	0.01178	0.00911	0.01266	0.00836	0.00753	0.09894	0.01439	0.67988	0.01763	0.01567	0.01129	0.00612	0.00551	0.00153	0.05139	0.00479	0.00566	0.00808
26	0.05820	0.00950	0.08087	0.01211	0.06088	0.00807	0.21296	0.01193	0.01151	0.02740	0.27507	0.04935	0.07527	0.00978	0.07351	0.00210	0.00551	0.00680	0.00367	0.00551

[dist]
# distance from previous block
# <min> <max>
4	6

[block]
# block no. 3 follows, 52 sequences, length 43
# corresponding to MSA columns:
# 301-343
name=unknown_D
#
# <colnr> <probs for GDERKNQSTAVLIFYWHMCP>
#	G	D	E	R	K	N	Q	S	T	A	V	L	I	F	Y	W	H	M	C	P
0	0.26993	0.01901	0.01176	0.01066	0.01331	0.57224	0.00814	0.01783	0.01210	0.01480	0.00727	0.00848	0.00595	0.00485	0.00396	0.00132	0.00725	0.00297	0.00265	0.00551
1	0.01199	0.01151	0.01967	0.02974	0.79946	0.01151	0.01487	0.01487	0.01103	0.01583	0.00912	0.01199	0.00768	0.00432	0.00480	0.00144	0.00576	0.00432	0.00240	0.00768
2	0.01172	0.47651	0.28331	0.01144	0.01666	0.01580	0.09562	0.01490	0.01015	0.01315	0.00772	0.00916	0.00632	0.00429	0.00389	0.00127	0.00616	0.00326	0.00211	0.00657
3	0.00908	0.00850	0.01325	0.01140	0.01231	0.01071	0.09251	0.01076	0.00802	0.01190	0.00964	0.01457	0.00899	0.02022	0.36311	0.00455	0.37829	0.00482	0.00236	0.00501
4	0.01296	0.83261	0.02539	0.00829	0.01244	0.01917	0.00829	0.01451	0.00985	0.01140	0.00674	0.00777	0.00622	0.00415	0.00311	0.00104	0.00518	0.00259	0.00207	0.00622
5	0.00856	0.00603	0.00740	0.00788	0.00928	0.00623	0.00660	0.01244	0.12732	0.01601	0.02427	0.04106	0.07339	0.01069	0.00568	0.00187	0.00378	0.44472	0.18187	0.00493
6	0.01082	0.36984	0.01701	0.00904	0.01122	0.05260	0.00790	0.01231	0.00965	0.01240	0.09478	0.06891	0.01304	0.01043	0.10510	0.00222	0.17990	0.00472	0.00269	0.00543
7	0.00686	0.00495	0.00648	0.00610	0.00724	0.00457	0.00457	0.00914	0.01372	0.01943	0.79691	0.03620	0.04572	0.00991	0.00572	0.00152	0.00229	0.00876	0.00533	0.00457
8	0.00663	0.00557	0.00587	0.00587	0.00757	0.00510	0.00456	0.00929	0.09397	0.01401	0.04342	0.04447	0.63054	0.01179	0.00575	0.00170	0.00282	0.09203	0.00454	0.00451
9	0.00724	0.00572	0.00674	0.00716	0.00850	0.00559	0.00561	0.01041	0.11860	0.01434	0.03341	0.21279	0.30118	0.01243	0.00600	0.00188	0.00331	0.22989	0.00455	0.00466
10	0.01214	0.01124	0.01076	0.00981	0.01236	0.09813	0.00758	0.02327	0.62972	0.01866	0.01998	0.04694	0.04703	0.00709	0.00499	0.00162	0.00429	0.02266	0.00462	0.00710
11	0.00598	0.00425	0.00560	0.00665	0.00691	0.00399	0.00440	0.00677	0.00913	0.01217	0.02596	0.77420	0.03110	0.06881	0.00740	0.00215	0.00294	0.01333	0.00440	0.00387
12	0.00585	0.00442	0.00541	0.00620	0.00688	0.00398	0.00426	0.00681	0.00980	0.01259	0.03337	0.59433	0.25995	0.01432	0.00605	0.00187	0.00271	0.01272	0.00450	0.00398
13	0.01191	0.01157	0.01898	0.01782	0.18631	0.01198	0.27752	0.03740	0.32272	0.01782	0.01391	0.01546	0.01074	0.00532	0.00520	0.00160	0.00580	0.01721	0.00352	0.00724
14	0.00690	0.00473	0.00575	0.00587	0.00605	0.00485	0.00364	0.00729	0.00742	0.01004	0.01612	0.11601	0.01825	0.60552	0.15694	0.00493	0.00591	0.00746	0.00305	0.00328
15	0.00600	0.00431	0.00572	0.00681	0.00718	0.00403	0.00466	0.00694	0.00943	0.01251	0.02731	0.76088	0.05449	0.01500	0.00620	0.00197	0.00289	0.05519	0.00450	0.00397
16	0.00590	0.00422	0.00562	0.00675	0.00703	0.00394	0.00450	0.00675	0.00928	0.01237	0.02671	0.82653	0.03205	0.01518	0.00619	0.00197	0.00281	0.01378	0.00450	0.00394
17	0.01199	0.01151	0.01967	0.02974	0.79946	0.01151	0.01487	0.01487	0.01103	0.01583	0.00912	0.01199	0.00768	0.00432	0.00480	0.00144	0.00576	0.00432	0.00240	0.00768
18	0.00831	0.00704	0.00905	0.01135	0.12695	0.05875	0.00757	0.00998	0.01051	0.01363	0.02244	0.37150	0.02521	0.01224	0.00604	0.00194	0.00424	0.28443	0.00404	0.00480
19	0.00842	0.00421	0.00631	0.00631	0.00631	0.00421	0.00421	0.00631	0.00631	0.00842	0.00842	0.01473	0.00842	0.01684	0.01894	0.85901	0.00421	0.00421	0.00210	0.00210
20	0.01815	0.02178	0.01385	0.01230	0.01499	0.70018	0.00934	0.12508	0.01499	0.01445	0.00806	0.00914	0.00652	0.00511	0.00444	0.00128	0.00827	0.00329	0.00282	0.00598
21	0.01368	0.74980	0.02413	0.00845	0.01256	0.01835	0.00828	0.05248	0.01069	0.05348	0.00762	0.00842	0.00662	0.00432	0.00329	0.00108	0.00513	0.00280	0.00241	0.00642
22	0.01176	0.01356	0.02787	0.02004	0.02482	0.05118	0.74418	0.01571	0.01155	0.01534	0.00969	0.01286	0.00730	0.00413	0.00565	0.00162	0.00820	0.00559	0.00245	0.00649
23	0.00599	0.00465	0.00546	0.00583	0.00685	0.00412	0.00415	0.00726	0.01083	0.01392	0.17102	0.34664	0.36998	0.01299	0.00590	0.00175	0.00256	0.01135	0.00465	0.00412
24	0.01919	0.01523	0.01288	0.01066	0.01388	0.32018	0.00841	0.20774	0.01585	0.28945	0.01269	0.01264	0.00897	0.02391	0.00511	0.00146	0.00622	0.00412	0.00429	0.00711
25	0.04126	0.01523	0.05131	0.01064	0.01394	0.22240	0.00880	0.38382	0.04790	0.04827	0.01128	0.01181	0.00836	0.00552	0.00450	0.00138	0.00584	0.00403	0.09674	0.00698
26	0.17775	0.00606	0.00724	0.00686	0.00835	0.00655	0.00533	0.01069	0.00984	0.05355	0.22136	0.02161	0.01989	0.04352	0.33454	0.00415	0.00711	0.00564	0.04523	0.00473
27	0.01557	0.01170	0.01260	0.01036	0.01368	0.01307	0.00833	0.36816	0.39232	0.07644	0.01603	0.01506	0.01165	0.00619	0.00489	0.00155	0.00453	0.00493	0.00496	0.00797
28	0.01374	0.01021	0.01508	0.01824	0.35743	0.01020	0.03710	0.09845	0.09390	0.16724	0.03092	0.01768	0.09589	0.00599	0.00498	0.00150	0.00486	0.00532	0.00389	0.00736
29	0.01510	0.04591	0.10222	0.01255	0.01580	0.06388	0.14245	0.01749	0.01117	0.28687	0.01172	0.01279	0.00845	0.00604	0.00783	0.00166	0.22327	0.00450	0.00354	0.00679
30	0.00961	0.05007	0.64811	0.01315	0.01943	0.01086	0.05824	0.01465	0.01066	0.01566	0.09443	0.01313	0.01051	0.00514	0.00473	0.00152	0.00662	0.00423	0.00243	0.00681
31	0.01050	0.00998	0.01670	0.30089	0.47018	0.01066	0.01348	0.01337	0.01057	0.01442	0.01216	0.01510	0.07083	0.00514	0.00489	0.00152	0.00573	0.00479	0.00248	0.00659
32	0.00814	0.00598	0.00804	0.00896	0.01020	0.00612	0.00772	0.01137	0.08098	0.01497	0.02515	0.06950	0.02681	0.01282	0.00652	0.00217	0.00437	0.68093	0.00451	0.00474
33	0.01772	0.01123	0.01411	0.10015	0.09966	0.01184	0.00965	0.39154	0.01746	0.25693	0.01327	0.01326	0.00911	0.00561	0.00485	0.00148	0.00514	0.00450	0.00464	0.00787
34	0.01205	0.01041	0.01096	0.00986	0.01260	0.01205	0.00767	0.02575	0.79071	0.02027	0.01972	0.01808	0.01479	0.00657	0.00493	0.00164	0.00384	0.00548	0.00493	0.00767
35	0.01193	0.01168	0.02064	0.02873	0.71525	0.01159	0.09831	0.01494	0.01108	0.01580	0.00919	0.01211	0.00764	0.00429	0.00490	0.00146	0.00602	0.00447	0.00240	0.00755
36	0.15924	0.00942	0.00868	0.00794	0.00985	0.12214	0.00613	0.06399	0.09415	0.01835	0.30503	0.02280	0.02311	0.00844	0.00614	0.07837	0.00410	0.04282	0.00412	0.00518
37	0.01199	0.01151	0.01967	0.02974	0.79946	0.01151	0.01487	0.01487	0.01103	0.01583	0.00912	0.01199	0.00768	0.00432	0.00480	0.00144	0.00576	0.00432	0.00240	0.00768
38	0.00664	0.00520	0.00618	0.00667	0.00808	0.00474	0.00549	0.00831	0.01109	0.01371	0.03882	0.05016	0.46013	0.01276	0.00615	0.00190	0.00333	0.34190	0.00448	0.00425
39	0.01868	0.00893	0.01115	0.00901	0.01244	0.00868	0.00730	0.02429	0.25970	0.55519	0.01931	0.01700	0.01288	0.00618	0.00489	0.00155	0.00403	0.00506	0.00566	0.00806
40	0.00958	0.00905	0.01530	0.70036	0.14775	0.01088	0.01367	0.01275	0.00989	0.01290	0.00869	0.01278	0.00664	0.00477	0.00484	0.00159	0.00636	0.00431	0.00219	0.00573
41	0.01522	0.00680	0.00916	0.00751	0.01012	0.00600	0.00600	0.01727	0.01380	0.45941	0.36007	0.02513	0.02678	0.00771	0.00524	0.00151	0.00332	0.00658	0.00571	0.00664
42	0.00928	0.00800	0.00831	0.00769	0.00995	0.00856	0.00592	0.01751	0.44893	0.01712	0.03260	0.03060	0.35790	0.00907	0.00528	0.00164	0.00323	0.00756	0.00474	0.00610

[dist]
# distance from previous block
# <min> <max>
0	45

[block]
# block no. 4 follows, 52 sequences, length 124
# corresponding to MSA columns:
# 389-512
name=unknown_E
#
# <colnr> <probs for GDERKNQSTAVLIFYWHMCP>
#	G	D	E	R	K	N	Q	S	T	A	V	L	I	F	Y	W	H	M	C	P
0	0.00699	0.00493	0.00644	0.00644	0.00684	0.00533	0.00438	0.00779	0.00739	0.01025	0.01421	0.02586	0.01508	0.46323	0.38765	0.00613	0.00852	0.00619	0.00278	0.00358
1	0.01114	0.01450	0.24610	0.01098	0.01495	0.01148	0.01071	0.02184	0.51825	0.01851	0.01677	0.01768	0.01292	0.00635	0.00493	0.00164	0.00485	0.04500	0.00405	0.00735
2	0.01144	0.01307	0.02859	0.02042	0.02533	0.01225	0.78186	0.01552	0.01144	0.01552	0.00980	0.01307	0.00735	0.00408	0.00572	0.00163	0.00817	0.00572	0.00245	0.00654
3	0.01205	0.01041	0.01096	0.00986	0.01260	0.01205	0.00767	0.02575	0.79071	0.02027	0.01972	0.01808	0.01479	0.00657	0.00493	0.00164	0.00384	0.00548	0.00493	0.00767
4	0.01027	0.00975	0.01655	0.50923	0.33349	0.01106	0.01401	0.01336	0.01022	0.01373	0.00881	0.01256	0.00694	0.00464	0.00483	0.00155	0.00618	0.00431	0.00225	0.00628
5	0.00814	0.01572	0.44222	0.01050	0.01468	0.00803	0.01183	0.01182	0.01050	0.01511	0.13796	0.25635	0.02005	0.00857	0.00525	0.00166	0.00511	0.00742	0.00329	0.00580
6	0.00692	0.00519	0.00779	0.00779	0.00865	0.00606	0.00606	0.00865	0.00779	0.01125	0.01298	0.01904	0.01211	0.03634	0.81049	0.00779	0.01298	0.00519	0.00260	0.00433
7	0.00649	0.00467	0.00617	0.00647	0.00725	0.00434	0.00466	0.00817	0.01177	0.01630	0.44742	0.36738	0.03937	0.01224	0.00595	0.00173	0.00258	0.03778	0.00495	0.00430
8	0.01187	0.01139	0.01945	0.06282	0.76732	0.01148	0.01481	0.01477	0.01098	0.01569	0.00909	0.01203	0.00763	0.00434	0.00480	0.00145	0.00579	0.00432	0.00239	0.00758
9	0.01005	0.00861	0.01005	0.00718	0.01148	0.00646	0.00574	0.01220	0.01005	0.01579	0.00861	0.01005	0.00718	0.00359	0.00359	0.00072	0.00359	0.00287	0.00287	0.85932
10	0.00590	0.00422	0.00562	0.00675	0.00703	0.00394	0.00450	0.00675	0.00928	0.01237	0.02671	0.82653	0.03205	0.01518	0.00619	0.00197	0.00281	0.01378	0.00450	0.00394
11	0.00657	0.00450	0.00543	0.00590	0.00601	0.00438	0.00359	0.00692	0.00798	0.01064	0.02005	0.36411	0.02365	0.48906	0.01694	0.00356	0.00391	0.00986	0.00359	0.00335
12	0.00950	0.00897	0.01516	0.72210	0.12661	0.01086	0.01363	0.01268	0.00985	0.01280	0.00867	0.01281	0.00661	0.00478	0.00484	0.00159	0.00637	0.00431	0.00218	0.00566
13	0.01199	0.01151	0.01967	0.02974	0.79946	0.01151	0.01487	0.01487	0.01103	0.01583	0.00912	0.01199	0.00768	0.00432	0.00480	0.00144	0.00576	0.00432	0.00240	0.00768
14	0.00590	0.00422	0.00562	0.00675	0.00703	0.00394	0.00450	0.00675	0.00928	0.01237	0.02671	0.82653	0.03205	0.01518	0.00619	0.00197	0.00281	0.01378	0.00450	0.00394
15	0.01182	0.01134	0.01935	0.07816	0.75242	0.01147	0.01479	0.01472	0.01095	0.01562	0.00908	0.01205	0.00760	0.00435	0.00480	0.00145	0.00580	0.00432	0.00238	0.00754
16	0.01500	0.01792	0.01419	0.01258	0.01405	0.48098	0.00988	0.01617	0.01112	0.01178	0.00702	0.00951	0.00629	0.00644	0.00914	0.00161	0.34491	0.00358	0.00234	0.00549
17	0.01134	0.08195	0.01727	0.12455	0.27672	0.04181	0.01215	0.01334	0.00935	0.01313	0.00765	0.01106	0.00679	0.00612	0.00924	0.00170	0.34331	0.00409	0.00223	0.00619
18	0.01269	0.01086	0.01238	0.01241	0.10861	0.01229	0.00870	0.10052	0.61868	0.02076	0.01762	0.01669	0.01327	0.00622	0.00491	0.00160	0.00422	0.00523	0.00461	0.00773
19	0.00583	0.00451	0.00532	0.00598	0.00683	0.00400	0.00416	0.00683	0.01002	0.01267	0.03607	0.50037	0.35217	0.01397	0.00599	0.00183	0.00266	0.01229	0.00450	0.00400
20	0.01041	0.00883	0.01024	0.00735	0.01164	0.00683	0.00589	0.04539	0.01060	0.01643	0.00874	0.01012	0.00722	0.00368	0.00364	0.00075	0.00366	0.00294	0.00296	0.82268
21	0.01031	0.17355	0.66131	0.01280	0.01940	0.01271	0.01614	0.01519	0.01016	0.01462	0.00834	0.00978	0.00615	0.00452	0.00433	0.00144	0.00680	0.00340	0.00205	0.00699
22	0.01296	0.83261	0.02539	0.00829	0.01244	0.01917	0.00829	0.01451	0.00985	0.01140	0.00674	0.00777	0.00622	0.00415	0.00311	0.00104	0.00518	0.00259	0.00207	0.00622
23	0.00573	0.00491	0.00491	0.00491	0.00655	0.00409	0.00368	0.00695	0.01105	0.01309	0.04909	0.04664	0.79750	0.01227	0.00573	0.00164	0.00245	0.01023	0.00450	0.00409
24	0.00604	0.00428	0.00558	0.00657	0.00682	0.00403	0.00431	0.00678	0.00901	0.01201	0.02532	0.72980	0.03029	0.11431	0.00843	0.00230	0.00304	0.01296	0.00431	0.00381
25	0.01253	0.72575	0.12850	0.00902	0.01357	0.01813	0.00956	0.01462	0.00990	0.01192	0.00700	0.00810	0.00621	0.00421	0.00331	0.00110	0.00544	0.00272	0.00207	0.00634
26	0.01842	0.01357	0.01454	0.01115	0.01503	0.01503	0.00921	0.78330	0.02278	0.03054	0.01163	0.01163	0.00824	0.00582	0.00485	0.00145	0.00533	0.00436	0.00485	0.00824
27	0.00590	0.00422	0.00562	0.00675	0.00703	0.00394	0.00450	0.00675	0.00928	0.01237	0.02671	0.82653	0.03205	0.01518	0.00619	0.00197	0.00281	0.01378	0.00450	0.00394
28	0.01100	0.00971	0.01289	0.40119	0.02279	0.01159	0.01056	0.06066	0.37066	0.01701	0.01390	0.01523	0.01040	0.00570	0.00488	0.00162	0.00519	0.00485	0.00358	0.00659
29	0.01256	0.73432	0.12023	0.00896	0.01348	0.01821	0.00946	0.01461	0.00989	0.01188	0.00698	0.00807	0.00621	0.00420	0.00329	0.00110	0.00542	0.00271	0.00207	0.00633
30	0.00573	0.00491	0.00491	0.00491	0.00655	0.00409	0.00368	0.00695	0.01105	0.01309	0.04909	0.04664	0.79750	0.01227	0.00573	0.00164	0.00245	0.01023	0.00450	0.00409
31	0.00990	0.00646	0.00678	0.00635	0.00811	0.00679	0.00487	0.01542	0.24195	0.04603	0.04756	0.02211	0.10978	0.00688	0.00426	0.00137	0.00282	0.00565	0.44137	0.00553
32	0.01189	0.01141	0.01949	0.05774	0.77226	0.01149	0.01482	0.01478	0.01099	0.01571	0.00910	0.01203	0.00763	0.00434	0.00480	0.00145	0.00578	0.00432	0.00239	0.00759
33	0.01329	0.01131	0.01486	0.06703	0.05620	0.01418	0.01048	0.24110	0.01255	0.04562	0.00867	0.01135	0.00719	0.00714	0.01091	0.00183	0.45249	0.00431	0.00308	0.00641
34	0.00590	0.00424	0.00560	0.00668	0.00701	0.00394	0.00447	0.00675	0.00934	0.01240	0.02750	0.79884	0.05922	0.01508	0.00617	0.00196	0.00280	0.01365	0.00450	0.00394
35	0.00590	0.00422	0.00562	0.00675	0.00703	0.00394	0.00450	0.00675	0.00928	0.01237	0.02671	0.82653	0.03205	0.01518	0.00619	0.00197	0.00281	0.01378	0.00450	0.00394
36	0.01513	0.01904	0.08562	0.01891	0.30228	0.44782	0.01213	0.01736	0.01244	0.01362	0.00819	0.01006	0.00676	0.00471	0.00455	0.00134	0.00751	0.00360	0.00242	0.00651
37	0.00915	0.00861	0.01453	0.81804	0.03338	0.01077	0.01346	0.01238	0.00969	0.01238	0.00861	0.01292	0.00646	0.00484	0.00484	0.00161	0.00646	0.00431	0.00215	0.00538
38	0.01582	0.35502	0.01854	0.01077	0.01389	0.46720	0.00895	0.01719	0.01199	0.01167	0.00716	0.00839	0.00624	0.00473	0.00412	0.00118	0.02606	0.00293	0.00231	0.00586
39	0.00692	0.00519	0.00779	0.00779	0.00865	0.00606	0.00606	0.00865	0.00779	0.01125	0.01298	0.01904	0.01211	0.03634	0.81049	0.00779	0.01298	0.00519	0.00260	0.00433
40	0.00573	0.00491	0.00491	0.00491	0.00655	0.00409	0.00368	0.00695	0.01105	0.01309	0.04909	0.04664	0.79750	0.01227	0.00573	0.00164	0.00245	0.01023	0.00450	0.00409
