[name]
unknown

[dist]
# distance from previous block
# <min> <max>
10	256

[block]
# block no. 0 follows, 51 sequences, length 13
# corresponding to MSA columns:
# 293-305
name=unknown_A
#
# <colnr> <probs for GDERKNQSTAVLIFYWHMCP>
#	G	D	E	R	K	N	Q	S	T	A	V	L	I	F	Y	W	H	M	C	P
0	0.36291	0.07742	0.01114	0.00842	0.01154	0.10714	0.00690	0.20172	0.02755	0.02106	0.01381	0.01417	0.10614	0.00596	0.00406	0.00146	0.00475	0.00418	0.00359	0.00609
1	0.20372	0.07726	0.01230	0.00968	0.01253	0.28470	0.02961	0.07064	0.02832	0.02781	0.02675	0.09175	0.02562	0.00613	0.00429	0.00139	0.00574	0.00456	0.00322	0.07398
2	0.18985	0.07796	0.01238	0.00982	0.01274	0.28654	0.00778	0.12082	0.13129	0.01802	0.01341	0.01370	0.07445	0.00588	0.00431	0.00142	0.00578	0.00416	0.00347	0.00621
3	0.01210	0.01051	0.01286	0.07121	0.01517	0.03276	0.06262	0.14835	0.07059	0.01857	0.01016	0.01148	0.00797	0.00444	0.00424	0.00108	0.00468	0.00370	0.00332	0.49421
4	0.01037	0.00990	0.01136	0.00974	0.01124	0.16128	0.13997	0.01151	0.00972	0.03430	0.01457	0.12393	0.01550	0.39841	0.01473	0.00310	0.00591	0.00694	0.00310	0.00442
5	0.00689	0.00514	0.00762	0.00776	0.00857	0.00587	0.00594	0.00853	0.00809	0.01155	0.01492	0.12095	0.01484	0.03415	0.70658	0.00715	0.01186	0.00636	0.00288	0.00434
6	0.07801	0.53835	0.10824	0.11094	0.01613	0.01665	0.00995	0.04813	0.01046	0.01379	0.00751	0.00900	0.00634	0.00445	0.00361	0.00124	0.00554	0.00304	0.00231	0.00632
7	0.01234	0.11751	0.18445	0.00979	0.01439	0.07408	0.00957	0.07370	0.01177	0.05887	0.01007	0.01250	0.00822	0.00484	0.00419	0.00117	0.00526	0.04003	0.00300	0.34428
8	0.04357	0.00781	0.00828	0.00719	0.00883	0.03786	0.00508	0.11019	0.05320	0.07914	0.04683	0.02384	0.01530	0.43545	0.01526	0.00314	0.00466	0.00588	0.00367	0.08482
9	0.01573	0.11857	0.02987	0.11378	0.03978	0.50128	0.01005	0.03718	0.01274	0.01290	0.00786	0.00957	0.00650	0.00492	0.00451	0.00129	0.02061	0.00333	0.00250	0.04704
10	0.04372	0.24341	0.04064	0.42019	0.02354	0.01304	0.01104	0.01436	0.04418	0.04342	0.00903	0.01155	0.00705	0.00474	0.00427	0.00141	0.00573	0.00378	0.00250	0.05241
11	0.08320	0.05103	0.01014	0.00891	0.01050	0.25701	0.00674	0.01262	0.00991	0.01233	0.01164	0.06004	0.01136	0.12129	0.30752	0.00424	0.00902	0.00497	0.00276	0.00477
12	0.03674	0.04991	0.01269	0.17434	0.07667	0.07376	0.00911	0.15659	0.08575	0.01770	0.04945	0.12908	0.04700	0.00741	0.00503	0.00158	0.00506	0.02875	0.00369	0.02969

[dist]
# distance from previous block
# <min> <max>
5	31

[block]
# block no. 1 follows, 51 sequences, length 106
# corresponding to MSA columns:
# 338-443
name=unknown_B
#
# <colnr> <probs for GDERKNQSTAVLIFYWHMCP>
#	G	D	E	R	K	N	Q	S	T	A	V	L	I	F	Y	W	H	M	C	P
0	0.27549	0.03663	0.02468	0.20542	0.01717	0.09643	0.05792	0.02576	0.01064	0.01688	0.09175	0.03460	0.04135	0.00579	0.00438	0.00150	0.00520	0.00461	0.00306	0.04072
1	0.01167	0.54187	0.01939	0.00814	0.01128	0.01484	0.00739	0.01395	0.06375	0.03751	0.01211	0.14561	0.01213	0.03654	0.04317	0.00172	0.00509	0.00507	0.00289	0.00588
2	0.01141	0.15469	0.06771	0.08292	0.01336	0.08431	0.00817	0.03984	0.01133	0.09513	0.03427	0.12397	0.08579	0.06513	0.00644	0.00181	0.00501	0.09953	0.00362	0.00555
3	0.08497	0.16625	0.01517	0.16219	0.03244	0.02351	0.10158	0.01209	0.00923	0.01300	0.01027	0.01542	0.00933	0.11095	0.21004	0.00346	0.00775	0.00460	0.00250	0.00524
4	0.01423	0.01179	0.01125	0.00941	0.01230	0.10780	0.00744	0.33550	0.12567	0.04862	0.02232	0.02210	0.20586	0.03617	0.00579	0.00164	0.00482	0.00603	0.00452	0.00671
5	0.01371	0.39345	0.08158	0.00886	0.01284	0.06546	0.00837	0.01571	0.01106	0.14653	0.02645	0.05380	0.02594	0.00541	0.00399	0.00122	0.00503	0.00404	0.00315	0.11339
6	0.00984	0.03750	0.57519	0.01213	0.01835	0.01020	0.01471	0.01453	0.01047	0.01567	0.03425	0.01262	0.00845	0.00492	0.00454	0.00140	0.00625	0.02894	0.00243	0.17763
7	0.01332	0.45008	0.14093	0.01127	0.01559	0.16953	0.08702	0.01570	0.01095	0.01270	0.00809	0.02924	0.00706	0.00471	0.00397	0.00125	0.00650	0.00348	0.00228	0.00631
8	0.01365	0.06106	0.01235	0.01050	0.01240	0.38534	0.00807	0.06554	0.01193	0.01303	0.01089	0.07764	0.01041	0.05560	0.17481	0.00296	0.06084	0.00480	0.00285	0.00534
9	0.00712	0.00490	0.00609	0.00631	0.00661	0.00502	0.00418	0.00773	0.00794	0.01068	0.01732	0.10083	0.01943	0.53836	0.14592	0.00474	0.00591	0.09421	0.00324	0.00347
10	0.00916	0.00458	0.00458	0.00458	0.00573	0.00458	0.00344	0.01145	0.01031	0.01832	0.01603	0.01832	0.01260	0.00573	0.00344	0.00115	0.00229	0.00458	0.85457	0.00458
11	0.01019	0.00873	0.01019	0.00728	0.01165	0.00655	0.00582	0.01237	0.01019	0.01601	0.00873	0.01019	0.00728	0.00364	0.00364	0.00073	0.00364	0.00291	0.00291	0.85734
12	0.00995	0.02474	0.75834	0.01438	0.02152	0.01147	0.06096	0.01557	0.01044	0.01557	0.00888	0.01054	0.00629	0.00464	0.00473	0.00156	0.00732	0.00375	0.00210	0.00723
13	0.00998	0.00959	0.01347	0.01177	0.01193	0.01314	0.00969	0.01114	0.00758	0.01168	0.00793	0.01295	0.00785	0.03982	0.15666	0.00325	0.64963	0.00456	0.00226	0.00512
14	0.00854	0.00427	0.00640	0.00640	0.00640	0.00427	0.00427	0.00640	0.00640	0.00854	0.00854	0.01494	0.00854	0.01707	0.01921	0.85702	0.00427	0.00427	0.00213	0.00213
15	0.00907	0.00714	0.00778	0.00704	0.00910	0.00717	0.00544	0.09539	0.17244	0.03221	0.21210	0.03451	0.36176	0.00988	0.00553	0.00161	0.00308	0.00830	0.00492	0.00554
16	0.01865	0.01033	0.01225	0.00960	0.01318	0.01044	0.00785	0.30068	0.08951	0.37734	0.07019	0.01634	0.01332	0.00630	0.00497	0.00151	0.00447	0.00505	0.00545	0.02259
17	0.00711	0.00491	0.00610	0.00610	0.00636	0.00517	0.00390	0.00762	0.00737	0.01008	0.01481	0.02840	0.01623	0.59610	0.25398	0.00568	0.00722	0.00660	0.00288	0.00339
18	0.00928	0.00873	0.01474	0.81548	0.03385	0.01092	0.01365	0.01256	0.00983	0.01256	0.00873	0.01310	0.00655	0.00491	0.00491	0.00164	0.00655	0.00437	0.00218	0.00546
19	0.15727	0.01322	0.02250	0.01655	0.02092	0.05398	0.49875	0.12376	0.01280	0.01877	0.00956	0.01193	0.00716	0.00451	0.00514	0.00159	0.00715	0.00494	0.00293	0.00660
20	0.01369	0.01157	0.03153	0.01030	0.01344	0.01272	0.00833	0.22693	0.53390	0.02319	0.04756	0.01710	0.01422	0.00654	0.00500	0.00161	0.00432	0.00533	0.00492	0.00780
21	0.00916	0.00458	0.00458	0.00458	0.00573	0.00458	0.00344	0.01145	0.01031	0.01832	0.01603	0.01832	0.01260	0.00573	0.00344	0.00115	0.00229	0.00458	0.85457	0.00458
22	0.00657	0.00489	0.00679	0.00724	0.00799	0.00510	0.00537	0.00799	0.00910	0.01242	0.04925	0.31745	0.09258	0.02492	0.38160	0.00472	0.00770	0.04042	0.00369	0.00424
23	0.00928	0.00873	0.01474	0.81548	0.03385	0.01092	0.01365	0.01256	0.00983	0.01256	0.00873	0.01310	0.00655	0.00491	0.00491	0.00164	0.00655	0.00437	0.00218	0.00546
24	0.00692	0.00484	0.00554	0.00546	0.00592	0.00465	0.00340	0.00754	0.00901	0.01200	0.16931	0.03514	0.13179	0.55707	0.01865	0.00371	0.00398	0.00793	0.00366	0.00346
25	0.00714	0.00623	0.00765	0.00715	0.00830	0.00674	0.00562	0.00856	0.01039	0.01359	0.13434	0.03484	0.43579	0.01429	0.10533	0.00250	0.17481	0.00828	0.00393	0.00450
26	0.05868	0.01040	0.01768	0.37070	0.35797	0.01137	0.07491	0.01400	0.01047	0.01484	0.00894	0.01242	0.00708	0.00460	0.00486	0.00156	0.00623	0.00439	0.00236	0.00654
27	0.01868	0.01376	0.01475	0.01131	0.01524	0.01524	0.00934	0.78025	0.02311	0.03097	0.01180	0.01180	0.00836	0.00590	0.00492	0.00147	0.00541	0.00442	0.00492	0.00836
28	0.01019	0.00873	0.01019	0.00728	0.01165	0.00655	0.00582	0.01237	0.01019	0.01601	0.00873	0.01019	0.00728	0.00364	0.00364	0.00073	0.00364	0.00291	0.00291	0.85734
29	0.01089	0.01038	0.01765	0.37616	0.46056	0.01134	0.01445	0.01397	0.01059	0.01451	0.00902	0.01258	0.00724	0.00461	0.00489	0.00154	0.00615	0.00437	0.00232	0.00676
30	0.01023	0.00971	0.01646	0.55549	0.28638	0.01117	0.01412	0.01339	0.01028	0.01371	0.00890	0.01279	0.00696	0.00474	0.00490	0.00158	0.00631	0.00437	0.00227	0.00623
31	0.01742	0.07518	0.01467	0.01169	0.01476	0.43848	0.00919	0.23823	0.10104	0.01836	0.01011	0.01067	0.00786	0.00542	0.00454	0.00135	0.00708	0.00375	0.00346	0.00673
32	0.00843	0.00434	0.00651	0.00651	0.00657	0.00440	0.00440	0.00657	0.00651	0.00874	0.00886	0.01524	0.00880	0.01844	0.07389	0.79815	0.00488	0.00434	0.00217	0.00229
33	0.01068	0.00616	0.00849	0.00791	0.00942	0.00636	0.00616	0.01221	0.00998	0.20398	0.02014	0.12955	0.08906	0.05339	0.32636	0.00433	0.05327	0.03331	0.00396	0.00529
34	0.04589	0.13180	0.47587	0.01212	0.01783	0.09896	0.01396	0.01695	0.01112	0.11758	0.00972	0.01061	0.00699	0.00483	0.00441	0.00145	0.00663	0.00358	0.00269	0.00703
35	0.06932	0.00843	0.01117	0.00862	0.01237	0.00744	0.00712	0.02341	0.01374	0.75626	0.01868	0.01623	0.01178	0.00600	0.00483	0.00152	0.00416	0.00481	0.00591	0.00819
36	0.01198	0.01220	0.02294	0.02703	0.54140	0.01192	0.26792	0.01530	0.01133	0.01595	0.00947	0.01252	0.00768	0.00430	0.00517	0.00152	0.00665	0.00485	0.00245	0.00740
37	0.01216	0.01168	0.01995	0.03016	0.79664	0.01168	0.01508	0.01508	0.01119	0.01605	0.00924	0.01216	0.00778	0.00438	0.00487	0.00146	0.00584	0.00438	0.00243	0.00778
38	0.00581	0.00498	0.00498	0.00498	0.00664	0.00415	0.00373	0.00705	0.01120	0.01328	0.04978	0.04729	0.79464	0.01245	0.00581	0.00166	0.00249	0.01037	0.00456	0.00415
39	0.00916	0.00458	0.00458	0.00458	0.00573	0.00458	0.00344	0.01145	0.01031	0.01832	0.01603	0.01832	0.01260	0.00573	0.00344	0.00115	0.00229	0.00458	0.85457	0.00458
40	0.01119	0.01153	0.02186	0.02206	0.31918	0.01117	0.35634	0.01502	0.05162	0.01580	0.01389	0.04689	0.06896	0.00543	0.00542	0.00159	0.00647	0.00590	0.00283	0.00684
41	0.02205	0.00836	0.01140	0.00874	0.01254	0.00722	0.00722	0.02395	0.01407	0.80004	0.01939	0.01673	0.01216	0.00608	0.00494	0.00152	0.00418	0.00494	0.00608	0.00836
42	0.00952	0.00696	0.00876	0.00834	0.00965	0.06341	0.00651	0.01127	0.00921	0.09812	0.04057	0.01877	0.01296	0.02991	0.62427	0.00643	0.02211	0.00519	0.00309	0.00494
43	0.06194	0.01589	0.01935	0.01780	0.15595	0.27524	0.26477	0.02767	0.08413	0.01557	0.00982	0.01176	0.00773	0.00477	0.00494	0.00148	0.00735	0.00446	0.00279	0.00658
44	0.36154	0.00923	0.00996	0.00801	0.01152	0.00936	0.00661	0.07642	0.01243	0.42810	0.01375	0.01282	0.00911	0.00545	0.00417	0.00152	0.00412	0.00398	0.00477	0.00713
45	0.01254	0.57550	0.23040	0.01011	0.01504	0.05824	0.01104	0.01519	0.01029	0.01264	0.00740	0.00859	0.00629	0.00437	0.00362	0.00120	0.00597	0.00292	0.00212	0.00653
46	0.00599	0.00428	0.00570	0.00684	0.00713	0.00399	0.00456	0.00684	0.00941	0.01254	0.02709	0.82409	0.03250	0.01540	0.00627	0.00200	0.00285	0.01397	0.00456	0.00399
47	0.00632	0.00477	0.00583	0.00604	0.00707	0.00429	0.00435	0.00786	0.01170	0.01558	0.33623	0.28852	0.25868	0.01243	0.00595	0.00172	0.00254	0.01092	0.00490	0.00429
48	0.01772	0.01899	0.01431	0.01224	0.01498	0.46785	0.00957	0.27068	0.01634	0.01828	0.00888	0.01002	0.00701	0.00569	0.00573	0.00142	0.08678	0.00369	0.00328	0.00655
49	0.00672	0.00501	0.00624	0.00594	0.00720	0.00454	0.00445	0.00882	0.01335	0.01839	0.64122	0.03888	0.20002	0.01054	0.00580	0.00157	0.00235	0.00919	0.00524	0.00454
50	0.01289	0.76837	0.08542	0.00884	0.01328	0.01883	0.00916	0.01478	0.01002	0.01187	0.00698	0.00807	0.00630	0.00424	0.00327	0.00109	0.00541	0.00270	0.00210	0.00638
51	0.04159	0.01784	0.01301	0.01150	0.01431	0.43678	0.00884	0.12824	0.24455	0.01752	0.01184	0.01206	0.00916	0.00564	0.00463	0.00142	0.00675	0.00404	0.00361	0.00668
52	0.00664	0.00523	0.00610	0.00582	0.00737	0.00452	0.00434	0.00835	0.01205	0.01602	0.34484	0.11169	0.35943	0.01105	0.00567	0.00157	0.00255	0.00951	0.00477	0.07248
53	0.01050	0.18336	0.64953	0.01291	0.01957	0.01299	0.01624	0.01540	0.01030	0.01478	0.00843	0.00989	0.00624	0.00458	0.00437	0.00146	0.00687	0.00343	0.00208	0.00708
54	0.01216	0.01168	0.01995	0.03016	0.79664	0.01168	0.01508	0.01508	0.01119	0.01605	0.00924	0.01216	0.00778	0.00438	0.00487	0.00146	0.00584	0.00438	0.00243	0.00778
55	0.01037	0.01023	0.01431	0.01242	0.01244	0.01417	0.01026	0.01143	0.00768	0.01188	0.00810	0.07572	0.00853	0.00914	0.01534	0.00214	0.75316	0.00507	0.00234	0.00527
56	0.01925	0.04165	0.01430	0.01071	0.01452	0.06982	0.00883	0.52421	0.01990	0.20723	0.01309	0.01260	0.00902	0.00582	0.00483	0.00146	0.00536	0.00439	0.00492	0.00810
57	0.00715	0.00476	0.00536	0.00536	0.00536	0.00476	0.00298	0.00715	0.00715	0.00953	0.01548	0.03216	0.01787	0.82729	0.02501	0.00476	0.00476	0.00715	0.00298	0.00298
58	0.00612	0.00495	0.00543	0.00539	0.00685	0.00427	0.00401	0.00762	0.01182	0.01492	0.24337	0.08497	0.55915	0.01197	0.00583	0.00165	0.00246	0.01017	0.00478	0.00427
59	0.00714	0.00538	0.00671	0.00713	0.00800	0.00535	0.00505	0.01026	0.12296	0.01558	0.22680	0.50168	0.03361	0.01274	0.00596	0.00183	0.00286	0.01143	0.00485	0.00471
60	0.01164	0.01122	0.01927	0.16481	0.61992	0.01159	0.04633	0.01486	0.02415	0.01552	0.00937	0.01247	0.00768	0.00450	0.00491	0.00150	0.00603	0.00446	0.00244	0.00734
61	0.01090	0.01275	0.06652	0.01322	0.01571	0.16268	0.22621	0.01317	0.01080	0.01354	0.01460	0.24718	0.01514	0.00858	0.00698	0.00176	0.11166	0.04000	0.00311	0.00548
62	0.00609	0.00435	0.00582	0.00696	0.00729	0.00408	0.00474	0.00702	0.00951	0.01266	0.02703	0.78407	0.03228	0.01530	0.00630	0.00201	0.00294	0.05300	0.00456	0.00402
63	0.00841	0.27824	0.01228	0.00654	0.00892	0.00950	0.00563	0.00984	0.01032	0.01244	0.03028	0.03021	0.42071	0.01324	0.12071	0.00236	0.00495	0.00707	0.00347	0.00490
64	0.00753	0.00657	0.01079	0.14593	0.01448	0.00656	0.12095	0.00954	0.01057	0.01399	0.11190	0.36979	0.10570	0.01097	0.00588	0.00181	0.00424	0.03412	0.00395	0.00474
65	0.01215	0.28339	0.02633	0.07982	0.02167	0.01472	0.43800	0.03962	0.01129	0.01459	0.00888	0.01142	0.00703	0.00428	0.00482	0.00145	0.00705	0.00459	0.00241	0.00648
66	0.01493	0.08917	0.01310	0.01050	0.01291	0.47290	0.00812	0.06922	0.01421	0.01531	0.21365	0.01627	0.01695	0.00635	0.00471	0.00133	0.00659	0.00470	0.00341	0.00566
67	0.01354	0.01340	0.02186	0.01632	0.02022	0.06802	0.42262	0.21531	0.01434	0.01900	0.01097	0.05801	0.00895	0.00564	0.00628	0.00164	0.06831	0.00560	0.00322	0.00677
68	0.00969	0.00896	0.01490	0.49634	0.22652	0.01021	0.01272	0.01273	0.01077	0.01449	0.12224	0.01627	0.01262	0.00552	0.00503	0.00158	0.00576	0.00502	0.00271	0.00594
69	0.01112	0.01244	0.02400	0.01780	0.02181	0.06613	0.59406	0.01450	0.01139	0.01494	0.01269	0.15055	0.01163	0.00612	0.00578	0.00169	0.00740	0.00700	0.00284	0.00612
70	0.03601	0.02228	0.01386	0.01251	0.01495	0.73421	0.00947	0.03357	0.01365	0.01259	0.00760	0.00900	0.00635	0.00525	0.00502	0.00132	0.05083	0.00324	0.00257	0.00572
71	0.00928	0.00873	0.01474	0.81548	0.03385	0.01092	0.01365	0.01256	0.00983	0.01256	0.00873	0.01310	0.00655	0.00491	0.00491	0.00164	0.00655	0.00437	0.00218	0.00546
72	0.00708	0.00503	0.00670	0.00670	0.00717	0.00549	0.00465	0.00801	0.00754	0.01052	0.01426	0.02536	0.01491	0.40903	0.43923	0.00642	0.00921	0.00615	0.00280	0.00372
73	0.00735	0.00492	0.00685	0.00685	0.00729	0.00537	0.00483	0.00783	0.00738	0.01029	0.01297	0.02232	0.01324	0.27014	0.42112	0.17050	0.00893	0.00564	0.00264	0.00353
74	0.00646	0.00531	0.00573	0.00559	0.00718	0.00474	0.00420	0.00870	0.05817	0.01519	0.22027	0.05743	0.56042	0.01160	0.00577	0.00164	0.00254	0.00981	0.00479	0.00448
75	0.01868	0.01376	0.01475	0.01131	0.01524	0.01524	0.00934	0.78025	0.02311	0.03097	0.01180	0.01180	0.00836	0.00590	0.00492	0.00147	0.00541	0.00442	0.00492	0.00836
76	0.02177	0.00852	0.01147	0.00882	0.01260	0.00749	0.00728	0.03915	0.03108	0.76768	0.01925	0.01666	0.01215	0.00609	0.00494	0.00152	0.00420	0.00494	0.00604	0.00835
77	0.00952	0.00899	0.01514	0.74228	0.09166	0.01104	0.01371	0.01274	0.00989	0.01281	0.00874	0.01299	0.00664	0.00493	0.00510	0.00163	0.01997	0.00437	0.00220	0.00564
78	0.01131	0.01265	0.02731	0.01978	0.02445	0.01189	0.71722	0.01530	0.01158	0.01566	0.01123	0.01662	0.00912	0.00490	0.00588	0.00171	0.00798	0.06633	0.00265	0.00646
79	0.01149	0.00887	0.00982	0.00877	0.01120	0.00971	0.00682	0.04326	0.48399	0.07433	0.20835	0.02398	0.06276	0.00772	0.00523	0.00162	0.00350	0.00654	0.00515	0.00689
80	0.38630	0.01153	0.01112	0.00903	0.01249	0.01295	0.00742	0.37330	0.06570	0.05103	0.01041	0.01071	0.00758	0.00537	0.00410	0.00151	0.00457	0.00374	0.00414	0.00700
81	0.00988	0.00845	0.00983	0.00713	0.01128	0.00638	0.00568	0.01202	0.01034	0.01596	0.03036	0.01278	0.04924	0.00426	0.00381	0.00080	0.00355	0.00345	0.00306	0.79176
82	0.20393	0.01603	0.01387	0.01174	0.01465	0.36007	0.11917	0.08926	0.01278	0.01665	0.01010	0.09049	0.00906	0.00592	0.00455	0.00147	0.00673	0.00463	0.00307	0.00583
83	0.01808	0.02053	0.01395	0.01221	0.01507	0.58484	0.00936	0.19083	0.05953	0.01676	0.00924	0.01005	0.00727	0.00534	0.00457	0.00134	0.00781	0.00358	0.00321	0.00641
84	0.00854	0.00427	0.00640	0.00640	0.00640	0.00427	0.00427	0.00640	0.00640	0.00854	0.00854	0.01494	0.00854	0.01707	0.01921	0.85702	0.00427	0.00427	0.00213	0.00213
85	0.03067	0.00593	0.00797	0.00698	0.00877	0.00543	0.02979	0.01182	0.01354	0.14470	0.57321	0.03277	0.09049	0.00925	0.00559	0.00155	0.00286	0.00810	0.00531	0.00528
86	0.01836	0.02342	0.01393	0.01266	0.01519	0.80756	0.00950	0.01962	0.01393	0.01203	0.00760	0.00886	0.00633	0.00506	0.00443	0.00127	0.00886	0.00317	0.00253	0.00570
87	0.03418	0.51385	0.06365	0.00878	0.01300	0.01504	0.00851	0.01761	0.01123	0.25589	0.01083	0.01076	0.00809	0.00482	0.00379	0.00123	0.00500	0.00340	0.00335	0.00697
88	0.01314	0.83025	0.02575	0.00841	0.01261	0.01945	0.00841	0.01472	0.00999	0.01156	0.00683	0.00788	0.00631	0.00420	0.00315	0.00105	0.00526	0.00263	0.00210	0.00631
89	0.09367	0.01772	0.01535	0.01781	0.27338	0.42712	0.01095	0.05982	0.01302	0.01533	0.00831	0.01004	0.00683	0.00484	0.00447	0.00137	0.00721	0.00359	0.00268	0.00650
90	0.01523	0.01205	0.01281	0.01061	0.01393	0.01363	0.00851	0.37745	0.43152	0.02541	0.01618	0.01529	0.01191	0.00631	0.00496	0.00158	0.00460	0.00503	0.00496	0.00805
91	0.01171	0.01145	0.02163	0.01548	0.02018	0.01014	0.47314	0.01506	0.01126	0.05997	0.01006	0.01241	0.00766	0.00408	0.00502	0.00133	0.00648	0.00477	0.00283	0.29533
92	0.00637	0.00444	0.00559	0.00636	0.00655	0.00425	0.00404	0.00694	0.00866	0.01155	0.02327	0.56374	0.02769	0.28231	0.01243	0.00291	0.00348	0.01173	0.00404	0.00366
93	0.00647	0.00488	0.00599	0.00604	0.00709	0.00451	0.00438	0.00803	0.01142	0.01528	0.33265	0.17642	0.25457	0.06652	0.07118	0.00237	0.00349	0.00981	0.00464	0.00426
94	0.01567	0.00955	0.01502	0.01171	0.01513	0.00919	0.18495	0.10079	0.04058	0.33083	0.06619	0.02106	0.01468	0.00794	0.03644	0.00189	0.01655	0.09005	0.00469	0.00708
95	0.00705	0.00593	0.00630	0.00607	0.00789	0.00546	0.00456	0.01019	0.12321	0.01472	0.07661	0.11630	0.52758	0.01129	0.00561	0.00164	0.00278	0.00954	0.00457	0.05269
96	0.04025	0.19718	0.60798	0.01255	0.01901	0.01312	0.01562	0.01534	0.01022	0.01493	0.00832	0.00976	0.00621	0.00457	0.00429	0.00145	0.00671	0.00338	0.00211	0.00699
97	0.01295	0.78496	0.06942	0.00872	0.01310	0.01899	0.00896	0.01476	0.01001	0.01179	0.00694	0.00802	0.00630	0.00423	0.00324	0.00108	0.00537	0.00268	0.00210	0.00636
98	0.09350	0.01079	0.01233	0.00977	0.01335	0.01120	0.00811	0.37737	0.01759	0.30726	0.01524	0.01673	0.01106	0.00646	0.00491	0.00156	0.00475	0.06509	0.00514	0.00779
99	0.00676	0.00479	0.00531	0.00537	0.00581	0.00457	0.00328	0.00715	0.00839	0.01082	0.04103	0.08046	0.20599	0.56829	0.01893	0.00379	0.00406	0.00834	0.00350	0.00335
100	0.01874	0.01472	0.01344	0.01098	0.01438	0.22042	0.00881	0.36271	0.04475	0.19351	0.01314	0.01385	0.00958	0.00601	0.00486	0.00146	0.00596	0.03064	0.00454	0.00751
101	0.00709	0.00502	0.00667	0.00686	0.00734	0.00536	0.00486	0.00808	0.00802	0.01101	0.01639	0.08468	0.01764	0.36978	0.33981	0.00560	0.00802	0.08091	0.00310	0.00377
102	0.05571	0.39963	0.37129	0.01156	0.04358	0.01515	0.01284	0.01509	0.01012	0.01405	0.00780	0.00915	0.00627	0.00444	0.00388	0.00132	0.00610	0.00314	0.00215	0.00673
103	0.01027	0.03244	0.61610	0.01273	0.01877	0.01029	0.03111	0.01500	0.01056	0.06952	0.01234	0.10352	0.02368	0.00610	0.00489	0.00160	0.00646	0.00504	0.00269	0.00689
104	0.01256	0.11428	0.08683	0.01243	0.05883	0.04341	0.11068	0.08696	0.14899	0.07114	0.01418	0.11954	0.01241	0.00673	0.00536	0.00156	0.03575	0.01502	0.00362	0.03974
105	0.01167	0.20627	0.07072	0.01270	0.01660	0.01270	0.25556	0.10219	0.05537	0.01696	0.10013	0.04136	0.04967	0.00610	0.00499	0.00150	0.00576	0.02007	0.00331	0.00640

[dist]
# distance from previous block
# <min> <max>
1	3

[block]
# block no. 2 follows, 51 sequences, length 7
# corresponding to MSA columns:
# 447-453
name=unknown_C
#
# <colnr> <probs for GDERKNQSTAVLIFYWHMCP>
#	G	D	E	R	K	N	Q	S	T	A	V	L	I	F	Y	W	H	M	C	P
0	0.01353	0.09507	0.14491	0.03647	0.01485	0.20360	0.00986	0.06807	0.11389	0.07156	0.03748	0.01347	0.01014	0.00948	0.10847	0.00224	0.00713	0.00421	0.00326	0.03230
1	0.05363	0.12254	0.24670	0.01263	0.01735	0.08754	0.12566	0.06180	0.13921	0.06952	0.01124	0.01204	0.00835	0.00506	0.00463	0.00149	0.00627	0.00418	0.00314	0.00703
2	0.01442	0.41266	0.07923	0.00944	0.01323	0.18066	0.00878	0.01626	0.01149	0.11415	0.01295	0.01326	0.08386	0.00547	0.00403	0.00126	0.00576	0.00387	0.00294	0.00631
3	0.00784	0.01240	0.27270	0.01010	0.01354	0.00736	0.08432	0.01081	0.01064	0.01446	0.07058	0.24367	0.20231	0.00971	0.00555	0.00171	0.00473	0.00858	0.00358	0.00541
4	0.00897	0.01274	0.24335	0.00960	0.01194	0.04713	0.00920	0.01099	0.00876	0.01212	0.01341	0.07422	0.03545	0.33160	0.01473	0.00294	0.13928	0.00599	0.00270	0.00487
5	0.01296	0.21200	0.02079	0.01352	0.01699	0.21887	0.26460	0.01534	0.01119	0.01305	0.00912	0.01183	0.00769	0.00985	0.13860	0.00245	0.00852	0.00426	0.00243	0.00594
6	0.01441	0.01332	0.01283	0.01289	0.11418	0.20329	0.00886	0.29306	0.01573	0.01959	0.01449	0.22578	0.01417	0.00801	0.00515	0.00156	0.00562	0.00664	0.00392	0.00649

[dist]
# distance from previous block
# <min> <max>
17	55

[block]
# block no. 3 follows, 51 sequences, length 59
# corresponding to MSA columns:
# 511-569
name=unknown_D
#
# <colnr> <probs for GDERKNQSTAVLIFYWHMCP>
#	G	D	E	R	K	N	Q	S	T	A	V	L	I	F	Y	W	H	M	C	P
0	0.00789	0.00763	0.05893	0.24177	0.01623	0.02188	0.00847	0.00995	0.00918	0.01222	0.01619	0.16899	0.04186	0.11220	0.20555	0.00363	0.00714	0.04260	0.00302	0.00466
1	0.01326	0.01438	0.04974	0.01097	0.01363	0.31051	0.08982	0.01601	0.05778	0.07646	0.14991	0.05545	0.07824	0.00811	0.03240	0.00170	0.00631	0.00586	0.00368	0.00577
2	0.00982	0.00929	0.01572	0.66824	0.17687	0.01106	0.01392	0.01303	0.01008	0.01321	0.00883	0.01293	0.00678	0.00481	0.00490	0.00160	0.00642	0.00437	0.00223	0.00590
3	0.01501	0.49615	0.02073	0.01004	0.01357	0.30772	0.00878	0.01705	0.04808	0.01216	0.00773	0.00873	0.00672	0.00464	0.00371	0.00116	0.00651	0.00296	0.00240	0.00615
4	0.00986	0.00971	0.01306	0.53152	0.02579	0.10643	0.01141	0.01254	0.00988	0.01223	0.00962	0.01402	0.00785	0.01231	0.19037	0.00304	0.00836	0.00443	0.00233	0.00524
5	0.00634	0.00459	0.00599	0.00650	0.00718	0.00424	0.00455	0.00776	0.01119	0.01527	0.31548	0.48808	0.07809	0.01324	0.00607	0.00181	0.00263	0.01188	0.00488	0.00424
6	0.00690	0.00498	0.00652	0.00622	0.00733	0.00460	0.00463	0.00913	0.01365	0.01929	0.74915	0.08280	0.04556	0.01036	0.00582	0.00157	0.00235	0.00918	0.00536	0.00460
7	0.00673	0.00495	0.00709	0.00742	0.00807	0.00543	0.00547	0.00811	0.00829	0.01161	0.01735	0.25329	0.01851	0.08313	0.52364	0.00598	0.00962	0.00791	0.00321	0.00418
8	0.53921	0.00940	0.00904	0.00750	0.01084	0.01007	0.00618	0.06548	0.01112	0.27266	0.01119	0.01103	0.00771	0.00513	0.00377	0.00152	0.00402	0.00350	0.00414	0.00649
9	0.00711	0.00492	0.00612	0.00612	0.00639	0.00518	0.00393	0.00764	0.00737	0.01009	0.01479	0.02829	0.01619	0.58946	0.26055	0.00571	0.00729	0.00658	0.00287	0.00340
10	0.01857	0.01717	0.01446	0.01178	0.01522	0.29440	0.00940	0.51226	0.01987	0.02430	0.01032	0.01076	0.00764	0.00561	0.00475	0.00140	0.00662	0.00398	0.00408	0.00742
11	0.06087	0.00924	0.01443	0.16873	0.34156	0.00956	0.01161	0.01380	0.01089	0.06451	0.01352	0.03920	0.01249	0.00673	0.00515	0.00165	0.00531	0.16324	0.00316	0.04436
12	0.03907	0.01303	0.12612	0.07494	0.30582	0.03431	0.01265	0.04901	0.04749	0.03986	0.01029	0.04833	0.00874	0.00586	0.00662	0.00161	0.13637	0.00463	0.00280	0.03245
13	0.03922	0.01153	0.01706	0.23240	0.40633	0.05686	0.01333	0.05848	0.01123	0.01555	0.00882	0.01193	0.00720	0.00506	0.00588	0.00156	0.08404	0.00425	0.00251	0.00678
14	0.01273	0.43310	0.29756	0.01093	0.01603	0.10010	0.01199	0.04176	0.01099	0.01369	0.00778	0.00900	0.00635	0.00452	0.00388	0.00127	0.00635	0.00310	0.00223	0.00665
15	0.01035	0.00983	0.01668	0.52275	0.31818	0.01120	0.01418	0.01350	0.01033	0.01386	0.00892	0.01275	0.00701	0.00471	0.00490	0.00157	0.00629	0.00437	0.00228	0.00633
16	0.00854	0.00427	0.00640	0.00640	0.00640	0.00427	0.00427	0.00640	0.00640	0.00854	0.00854	0.01494	0.00854	0.01707	0.01921	0.85702	0.00427	0.00427	0.00213	0.00213
17	0.00900	0.00821	0.01505	0.01275	0.01516	0.00789	0.27893	0.01195	0.02420	0.01517	0.06160	0.13345	0.02221	0.01017	0.00629	0.00197	0.00552	0.35135	0.00387	0.00526
18	0.00713	0.00483	0.00572	0.00572	0.00584	0.00496	0.00342	0.00738	0.00725	0.00979	0.01516	0.03035	0.01708	0.71634	0.13489	0.00520	0.00594	0.00688	0.00293	0.00318
19	0.00763	0.00581	0.00805	0.00858	0.00957	0.00623	0.00716	0.00951	0.01017	0.01352	0.02403	0.09173	0.09376	0.01819	0.17862	0.00339	0.06785	0.42778	0.00395	0.00449
20	0.01019	0.00873	0.01019	0.00728	0.01165	0.00655	0.00582	0.01237	0.01019	0.01601	0.00873	0.01019	0.00728	0.00364	0.00364	0.00073	0.00364	0.00291	0.00291	0.85734
21	0.01462	0.00734	0.00941	0.00795	0.01054	0.00689	0.00632	0.01832	0.12241	0.37855	0.28306	0.04015	0.04040	0.00797	0.00532	0.00158	0.00346	0.02333	0.00561	0.00677
22	0.03576	0.00784	0.00933	0.00870	0.01035	0.03402	0.00679	0.09516	0.15200	0.01548	0.01395	0.01795	0.01209	0.04465	0.50643	0.00559	0.01002	0.00513	0.00333	0.00547
23	0.25779	0.27857	0.27249	0.00960	0.01447	0.01358	0.01053	0.01477	0.00966	0.01618	0.00760	0.00887	0.00606	0.00442	0.00365	0.00133	0.00539	0.00298	0.00242	0.05965
24	0.00830	0.07609	0.22541	0.00889	0.03832	0.02123	0.00842	0.01056	0.00990	0.01292	0.02394	0.02855	0.26514	0.21578	0.01012	0.00237	0.00485	0.02098	0.00318	0.00503
25	0.01051	0.18636	0.64664	0.01289	0.01954	0.01302	0.01621	0.01539	0.01030	0.01476	0.00842	0.00988	0.00624	0.00458	0.00437	0.00146	0.00686	0.00343	0.00208	0.00707
26	0.01029	0.00997	0.01462	0.01214	0.01454	0.08861	0.23996	0.08279	0.01189	0.01534	0.01800	0.37068	0.01924	0.00970	0.00577	0.00175	0.00542	0.03820	0.00372	0.02739
27	0.01473	0.01751	0.01198	0.01104	0.01288	0.53792	0.00827	0.01595	0.01180	0.01165	0.00939	0.01327	0.00862	0.09375	0.15916	0.00291	0.04741	0.00402	0.00258	0.00516
28	0.00599	0.00428	0.00570	0.00684	0.00713	0.00399	0.00456	0.00684	0.00941	0.01254	0.02709	0.82409	0.03250	0.01540	0.00627	0.00200	0.00285	0.01397	0.00456	0.00399
29	0.00715	0.00476	0.00536	0.00536	0.00536	0.00476	0.00298	0.00715	0.00715	0.00953	0.01548	0.03216	0.01787	0.82729	0.02501	0.00476	0.00476	0.00715	0.00298	0.00298
30	0.00584	0.00498	0.00502	0.00501	0.00666	0.00416	0.00376	0.00711	0.01127	0.01344	0.06862	0.04703	0.77570	0.01239	0.00581	0.00166	0.00248	0.01033	0.00458	0.00416
31	0.00916	0.00458	0.00458	0.00458	0.00573	0.00458	0.00344	0.01145	0.01031	0.01832	0.01603	0.01832	0.01260	0.00573	0.00344	0.00115	0.00229	0.00458	0.85457	0.00458
32	0.00986	0.02542	0.80183	0.01401	0.02127	0.01141	0.01816	0.01556	0.01038	0.01556	0.00882	0.01038	0.00623	0.00467	0.00467	0.00156	0.00726	0.00363	0.00208	0.00726
33	0.01882	0.01354	0.01461	0.01120	0.01513	0.01491	0.00925	0.74890	0.02273	0.06285	0.01211	0.01200	0.00852	0.00591	0.00492	0.00148	0.00536	0.00445	0.00496	0.00836
34	0.01079	0.02257	0.01759	0.35325	0.25848	0.01192	0.08601	0.01458	0.06772	0.01442	0.00958	0.01291	0.00762	0.00516	0.00607	0.00163	0.08621	0.00456	0.00249	0.00645
35	0.01177	0.07350	0.01356	0.01009	0.01278	0.03203	0.13076	0.08902	0.10453	0.10210	0.20447	0.09843	0.05118	0.03614	0.00599	0.00168	0.00452	0.00697	0.00438	0.00611
36	0.00599	0.00428	0.00570	0.00684	0.00713	0.00399	0.00456	0.00684	0.00941	0.01254	0.02709	0.82409	0.03250	0.01540	0.00627	0.00200	0.00285	0.01397	0.00456	0.00399
37	0.00740	0.00572	0.00823	0.00802	0.00869	0.00681	0.00614	0.00884	0.00776	0.01118	0.01284	0.02029	0.01251	0.14509	0.62176	0.00690	0.08946	0.00544	0.00263	0.00428
38	0.05550	0.01560	0.01397	0.03553	0.01537	0.21088	0.00923	0.48534	0.06983	0.02465	0.01098	0.01137	0.00810	0.00565	0.00472	0.00144	0.00613	0.00411	0.00417	0.00744
39	0.01435	0.00885	0.01143	0.00865	0.01251	0.00760	0.04592	0.03815	0.07338	0.27961	0.04042	0.01556	0.04209	0.00534	0.00448	0.00120	0.00404	0.00448	0.00432	0.37761
40	0.01265	0.61830	0.15709	0.04555	0.01516	0.05484	0.01036	0.01499	0.01023	0.01231	0.00729	0.00859	0.00630	0.00436	0.00355	0.00117	0.00583	0.00290	0.00212	0.00640
41	0.01836	0.02342	0.01393	0.01266	0.01519	0.80756	0.00950	0.01962	0.01393	0.01203	0.00760	0.00886	0.00633	0.00506	0.00443	0.00127	0.00886	0.00317	0.00253	0.00570
42	0.00713	0.00511	0.00617	0.00624	0.00758	0.00457	0.00475	0.00877	0.01186	0.05029	0.26049	0.16209	0.33881	0.01203	0.00595	0.00174	0.00280	0.09425	0.00487	0.00450
43	0.01729	0.02160	0.01413	0.01397	0.08711	0.70207	0.00978	0.01870	0.01357	0.01245	0.00942	0.01069	0.03776	0.00529	0.00453	0.00130	0.00833	0.00356	0.00260	0.00583
44	0.00926	0.00698	0.00773	0.00732	0.00925	0.00708	0.00554	0.01478	0.27088	0.07400	0.08345	0.16326	0.30030	0.01037	0.00555	0.00170	0.00313	0.00886	0.00488	0.00568
45	0.00972	0.00876	0.01385	0.01872	0.37359	0.00928	0.01066	0.01172	0.01018	0.01430	0.01582	0.25083	0.01695	0.00915	0.00706	0.00180	0.11888	0.08951	0.00323	0.00600
46	0.01143	0.00712	0.00904	0.00847	0.01012	0.04694	0.04218	0.04688	0.01151	0.20848	0.02268	0.50765	0.02386	0.01160	0.00577	0.00180	0.00386	0.01037	0.00475	0.00548
47	0.01198	0.54603	0.29981	0.01039	0.01567	0.01661	0.01185	0.01501	0.01012	0.01297	0.00753	0.00876	0.00628	0.00437	0.00369	0.00123	0.00596	0.00298	0.00209	0.00664
48	0.01414	0.62167	0.05819	0.00939	0.01356	0.08712	0.00906	0.11105	0.01199	0.01421	0.00761	0.00857	0.00656	0.00451	0.00355	0.00115	0.00568	0.00294	0.00249	0.00655
49	0.01117	0.01118	0.02034	0.24374	0.37414	0.01180	0.18807	0.01438	0.01073	0.01482	0.00913	0.01260	0.00731	0.00467	0.00562	0.00159	0.04488	0.00469	0.00236	0.00677
50	0.00928	0.00873	0.01474	0.81548	0.03385	0.01092	0.01365	0.01256	0.00983	0.01256	0.00873	0.01310	0.00655	0.00491	0.00491	0.00164	0.00655	0.00437	0.00218	0.00546
51	0.05160	0.01148	0.04447	0.01400	0.07468	0.01009	0.26365	0.06587	0.04619	0.01740	0.00979	0.01173	0.00766	0.00423	0.00460	0.00125	0.00560	0.00421	0.00294	0.34857
52	0.00685	0.00502	0.00637	0.00637	0.00705	0.00524	0.00446	0.00782	0.00822	0.01102	0.02084	0.02949	0.15916	0.34034	0.35446	0.00552	0.00792	0.00694	0.00312	0.00379
53	0.01205	0.45370	0.05553	0.01025	0.01305	0.01693	0.00954	0.01452	0.06425	0.01246	0.00782	0.00985	0.00705	0.00632	0.01928	0.00158	0.27389	0.00347	0.00233	0.00612
54	0.00702	0.00527	0.00790	0.00790	0.00878	0.00614	0.00614	0.00878	0.00790	0.01141	0.01316	0.01931	0.01229	0.03686	0.80782	0.00790	0.01316	0.00527	0.00263	0.00439
55	0.86201	0.00950	0.00722	0.00646	0.00950	0.01102	0.00532	0.01445	0.00836	0.02205	0.00684	0.00798	0.00532	0.00456	0.00304	0.00152	0.00380	0.00266	0.00304	0.00532
56	0.00628	0.00455	0.00591	0.00657	0.00718	0.00421	0.00456	0.00754	0.01065	0.01436	0.21835	0.54288	0.08945	0.02914	0.00649	0.00192	0.00277	0.02832	0.00474	0.00415
57	0.01160	0.43436	0.37251	0.01146	0.01706	0.01554	0.04711	0.01514	0.01023	0.01354	0.00786	0.00924	0.00632	0.00441	0.00395	0.00130	0.00629	0.00322	0.00211	0.00675
58	0.00734	0.00690	0.01089	0.00894	0.01123	0.00617	0.18731	0.00935	0.01143	0.01448	0.12191	0.07896	0.47066	0.02450	0.00616	0.00172	0.00390	0.00926	0.00414	0.00476

[dist]
# distance from previous block
# <min> <max>
0	1

[block]
# block no. 4 follows, 51 sequences, length 352
# corresponding to MSA columns:
# 571-922
name=unknown_E
#
# <colnr> <probs for GDERKNQSTAVLIFYWHMCP>
#	G	D	E	R	K	N	Q	S	T	A	V	L	I	F	Y	W	H	M	C	P
0	0.02566	0.00968	0.01187	0.23414	0.08103	0.04563	0.00939	0.01759	0.31813	0.01654	0.04676	0.02090	0.11417	0.00689	0.00507	0.00163	0.00478	0.01998	0.00382	0.00636
1	0.01322	0.76791	0.05430	0.00879	0.01304	0.05065	0.00882	0.01494	0.01016	0.01173	0.00694	0.00802	0.00630	0.00426	0.00326	0.00108	0.00547	0.00269	0.00212	0.00632
2	0.00770	0.00680	0.05932	0.00726	0.00896	0.00544	0.00594	0.00945	0.01039	0.02999	0.13483	0.17509	0.11421	0.13493	0.05041	0.00247	0.00422	0.12456	0.00401	0.10400
3	0.01042	0.02279	0.65943	0.01310	0.01936	0.05289	0.01608	0.01531	0.01062	0.04444	0.01078	0.08309	0.00880	0.00570	0.00481	0.00158	0.00684	0.00458	0.00247	0.00693
4	0.01083	0.01031	0.01754	0.39371	0.44352	0.01133	0.01442	0.01391	0.01056	0.01444	0.00901	0.01260	0.00721	0.00463	0.00489	0.00154	0.00617	0.00437	0.00232	0.00671
5	0.00584	0.00486	0.00510	0.00529	0.00672	0.00412	0.00387	0.00702	0.01090	0.01315	0.04603	0.17585	0.66851	0.01293	0.00588	0.00172	0.00255	0.01097	0.00456	0.00412
6	0.01017	0.00963	0.05261	0.00764	0.01216	0.00681	0.00648	0.01254	0.01020	0.01599	0.00874	0.01020	0.00722	0.00369	0.00369	0.00077	0.00383	0.00295	0.00287	0.81179
7	0.00952	0.00920	0.01620	0.73416	0.03301	0.01107	0.09194	0.01288	0.01001	0.01288	0.00886	0.01312	0.00664	0.00483	0.00500	0.00164	0.00673	0.00451	0.00221	0.00558
8	0.86201	0.00950	0.00722	0.00646	0.00950	0.01102	0.00532	0.01445	0.00836	0.02205	0.00684	0.00798	0.00532	0.00456	0.00304	0.00152	0.00380	0.00266	0.00304	0.00532
9	0.01019	0.00873	0.01019	0.00728	0.01165	0.00655	0.00582	0.01237	0.01019	0.01601	0.00873	0.01019	0.00728	0.00364	0.00364	0.00073	0.00364	0.00291	0.00291	0.85734
10	0.00728	0.00554	0.00827	0.00877	0.04689	0.00630	0.00631	0.00895	0.00800	0.01148	0.01317	0.02004	0.01253	0.10163	0.70296	0.00732	0.01210	0.00538	0.00265	0.00443
11	0.00715	0.00476	0.00536	0.00536	0.00536	0.00476	0.00298	0.00715	0.00715	0.00953	0.01548	0.03216	0.01787	0.82729	0.02501	0.00476	0.00476	0.00715	0.00298	0.00298
12	0.00649	0.00499	0.00593	0.00572	0.00706	0.00443	0.00428	0.00835	0.01276	0.01704	0.48705	0.05686	0.33907	0.01109	0.00581	0.00160	0.00240	0.00957	0.00506	0.00443
13	0.01151	0.01109	0.01749	0.18747	0.53073	0.04094	0.01367	0.01493	0.05314	0.01526	0.01053	0.05214	0.00908	0.00517	0.00493	0.00153	0.00585	0.00486	0.00263	0.00705
14	0.01154	0.01313	0.02866	0.02052	0.02543	0.01232	0.76635	0.01565	0.01159	0.01572	0.01020	0.01394	0.00779	0.00429	0.00582	0.00167	0.00822	0.01803	0.00252	0.00659
15	0.01035	0.00883	0.01028	0.00736	0.01172	0.00672	0.00589	0.02726	0.01044	0.01630	0.00879	0.01022	0.00730	0.00368	0.00366	0.00074	0.00367	0.00294	0.00295	0.84087
16	0.01365	0.01581	0.01233	0.16422	0.01679	0.43922	0.00915	0.01555	0.01296	0.01398	0.19809	0.01646	0.01606	0.00634	0.00518	0.00143	0.02942	0.00481	0.00315	0.00539
17	0.01284	0.75740	0.09600	0.00892	0.01340	0.01872	0.00929	0.01479	0.01002	0.01192	0.00701	0.00811	0.00630	0.00425	0.00329	0.00110	0.00544	0.00272	0.00210	0.00639
18	0.01222	0.01056	0.01111	0.01000	0.01278	0.01222	0.00778	0.02611	0.78776	0.02056	0.02000	0.01833	0.01500	0.00667	0.00500	0.00167	0.00389	0.00556	0.00500	0.00778
19	0.01177	0.01016	0.01068	0.00965	0.01234	0.01165	0.00749	0.02476	0.73278	0.02004	0.02211	0.02039	0.07020	0.00708	0.00506	0.00167	0.00379	0.00590	0.00497	0.00752
20	0.00709	0.00499	0.00651	0.00651	0.00691	0.00539	0.00441	0.00788	0.00749	0.01038	0.01443	0.02633	0.01534	0.46906	0.37979	0.00618	0.00857	0.00629	0.00282	0.00362
21	0.01314	0.83025	0.02575	0.00841	0.01261	0.01945	0.00841	0.01472	0.00999	0.01156	0.00683	0.00788	0.00631	0.00420	0.00315	0.00105	0.00526	0.00263	0.00210	0.00631
22	0.01062	0.00887	0.00973	0.00884	0.01112	0.00991	0.00682	0.02098	0.55180	0.02030	0.25602	0.02394	0.02457	0.00770	0.00524	0.00163	0.00341	0.00657	0.00513	0.00682
23	0.43856	0.01459	0.01075	0.00931	0.01237	0.25474	0.00739	0.16695	0.01296	0.02075	0.00805	0.00900	0.00623	0.00498	0.00383	0.00143	0.00566	0.00316	0.00326	0.00603
24	0.01216	0.01168	0.01995	0.03016	0.79664	0.01168	0.01508	0.01508	0.01119	0.01605	0.00924	0.01216	0.00778	0.00438	0.00487	0.00146	0.00584	0.00438	0.00243	0.00778
25	0.01581	0.01548	0.01271	0.17403	0.01743	0.39552	0.00922	0.03121	0.02828	0.14412	0.01097	0.01379	0.00880	0.09372	0.00685	0.00177	0.00701	0.00421	0.00320	0.00589
26	0.01089	0.00975	0.01523	0.46847	0.13878	0.01119	0.04392	0.10727	0.04973	0.01604	0.03964	0.03027	0.00963	0.02213	0.00542	0.00166	0.00598	0.00491	0.00289	0.00620
27	0.00606	0.00466	0.00556	0.00603	0.00697	0.00415	0.00426	0.00729	0.01077	0.01390	0.15088	0.40974	0.32514	0.01347	0.00602	0.00180	0.00263	0.01184	0.00469	0.00415
28	0.00937	0.00758	0.00818	0.03754	0.01047	0.00788	0.00594	0.01593	0.33113	0.05459	0.03450	0.03260	0.40593	0.00947	0.00540	0.00165	0.00330	0.00790	0.00473	0.00590
29	0.01584	0.05880	0.01525	0.11276	0.12099	0.53398	0.01055	0.01763	0.01272	0.01276	0.00796	0.00982	0.00659	0.00486	0.00445	0.00131	0.00779	0.00344	0.00247	0.04002
30	0.01282	0.76779	0.04622	0.00847	0.01255	0.01848	0.00848	0.01433	0.00982	0.01152	0.00697	0.00830	0.00641	0.00484	0.00398	0.04278	0.00526	0.00274	0.00210	0.00613
31	0.00713	0.00523	0.00670	0.00630	0.00753	0.00491	0.00473	0.00985	0.04278	0.01959	0.74821	0.03626	0.06218	0.00997	0.00577	0.00155	0.00238	0.00880	0.00538	0.00474
32	0.01373	0.01092	0.01179	0.01020	0.01315	0.01236	0.00813	0.21754	0.51195	0.04035	0.01802	0.01862	0.01387	0.00766	0.02722	0.00182	0.00457	0.04551	0.00491	0.00767
33	0.00600	0.00438	0.00566	0.00667	0.00713	0.00404	0.00453	0.00693	0.00965	0.01267	0.02972	0.71879	0.12141	0.01502	0.00623	0.00196	0.00284	0.02779	0.00456	0.00402
34	0.03148	0.01409	0.05465	0.03071	0.01708	0.01456	0.09964	0.62334	0.02059	0.02787	0.01128	0.01186	0.00806	0.00559	0.00498	0.00150	0.00583	0.00452	0.00440	0.00798
35	0.00916	0.00458	0.00458	0.00458	0.00573	0.00458	0.00344	0.01145	0.01031	0.01832	0.01603	0.01832	0.01260	0.00573	0.00344	0.00115	0.00229	0.00458	0.85457	0.00458
36	0.00599	0.00428	0.00570	0.00684	0.00713	0.00399	0.00456	0.00684	0.00941	0.01254	0.02709	0.82409	0.03250	0.01540	0.00627	0.00200	0.00285	0.01397	0.00456	0.00399
37	0.02205	0.00836	0.01140	0.00874	0.01254	0.00722	0.00722	0.02395	0.01407	0.80004	0.01939	0.01673	0.01216	0.00608	0.00494	0.00152	0.00418	0.00494	0.00608	0.00836
38	0.68592	0.01041	0.04677	0.02161	0.01102	0.02232	0.00643	0.02736	0.00943	0.10875	0.00847	0.00924	0.00622	0.00477	0.00342	0.00152	0.00416	0.00303	0.00334	0.00581
39	0.86201	0.00950	0.00722	0.00646	0.00950	0.01102	0.00532	0.01445	0.00836	0.02205	0.00684	0.00798	0.00532	0.00456	0.00304	0.00152	0.00380	0.00266	0.00304	0.00532
40	0.00706	0.00511	0.00711	0.00711	0.00771	0.00571	0.00516	0.00827	0.00766	0.01082	0.01389	0.02331	0.01402	0.28280	0.56425	0.00692	0.01055	0.00585	0.00274	0.00395
41	0.01019	0.00873	0.01019	0.00728	0.01165	0.00655	0.00582	0.01237	0.01019	0.01601	0.00873	0.01019	0.00728	0.00364	0.00364	0.00073	0.00364	0.00291	0.00291	0.85734
42	0.01270	0.01045	0.01113	0.00994	0.01277	0.01198	0.00775	0.02601	0.75005	0.05855	0.01997	0.01826	0.01486	0.00664	0.00500	0.00166	0.00390	0.00553	0.00505	0.00781
43	0.01019	0.00873	0.01019	0.00728	0.01165	0.00655	0.00582	0.01237	0.01019	0.01601	0.00873	0.01019	0.00728	0.00364	0.00364	0.00073	0.00364	0.00291	0.00291	0.85734
44	0.01346	0.01120	0.01337	0.14268	0.07932	0.01277	0.00973	0.22382	0.39604	0.02167	0.01513	0.01525	0.01129	0.00600	0.00495	0.00159	0.00488	0.00497	0.00432	0.00756
45	0.00702	0.00527	0.00790	0.00790	0.00878	0.00614	0.00614	0.00878	0.00790	0.01141	0.01316	0.01931	0.01229	0.03686	0.80782	0.00790	0.01316	0.00527	0.00263	0.00439
46	0.01268	0.01187	0.08409	0.13890	0.01731	0.02341	0.03343	0.19706	0.24973	0.04099	0.02573	0.05328	0.01185	0.00826	0.05468	0.00200	0.01847	0.00529	0.00398	0.00698
47	0.00854	0.00427	0.00640	0.00640	0.00640	0.00427	0.00427	0.00640	0.00640	0.00854	0.00854	0.01494	0.00854	0.01707	0.01921	0.85702	0.00427	0.00427	0.00213	0.00213
48	0.00705	0.00516	0.00739	0.00739	0.00809	0.00587	0.00551	0.00845	0.00775	0.01103	0.01363	0.02189	0.01341	0.19556	0.65065	0.00727	0.01148	0.00564	0.00270	0.00410
49	0.01058	0.01006	0.01708	0.46267	0.37654	0.01126	0.01429	0.01369	0.01044	0.01413	0.00896	0.01268	0.00710	0.00467	0.00489	0.00156	0.00623	0.00437	0.00230	0.00650
50	0.00986	0.02542	0.80183	0.01401	0.02127	0.01141	0.01816	0.01556	0.01038	0.01556	0.00882	0.01038	0.00623	0.00467	0.00467	0.00156	0.00726	0.00363	0.00208	0.00726
51	0.00851	0.04172	0.20188	0.00963	0.01272	0.00779	0.07722	0.01160	0.01211	0.02911	0.38002	0.06528	0.08321	0.00833	0.00572	0.00159	0.02674	0.00727	0.00404	0.00552
