[name]
unknown

[dist]
# distance from previous block
# <min> <max>
0	31

[block]
# block no. 0 follows, 46 sequences, length 37
# corresponding to MSA columns:
# 40-76
name=unknown_A
#
# <colnr> <probs for GDERKNQSTAVLIFYWHMCP>
#	G	D	E	R	K	N	Q	S	T	A	V	L	I	F	Y	W	H	M	C	P
0	0.06073	0.02794	0.01401	0.01099	0.01475	0.01329	0.00916	0.46266	0.03947	0.16783	0.01597	0.01946	0.01241	0.00733	0.00541	0.00170	0.00532	0.09799	0.00531	0.00825
1	0.12169	0.01265	0.02652	0.01044	0.01430	0.01338	0.00863	0.41122	0.12499	0.05142	0.02827	0.01558	0.05019	0.00649	0.00499	0.00156	0.00498	0.00496	0.00483	0.08292
2	0.01371	0.01276	0.02096	0.03064	0.71297	0.01290	0.01567	0.08293	0.01318	0.01870	0.01019	0.01305	0.00843	0.00486	0.00524	0.00157	0.00624	0.00471	0.00286	0.00843
3	0.01060	0.02735	0.78682	0.01507	0.02288	0.01228	0.01953	0.01674	0.01116	0.01674	0.00949	0.01116	0.00670	0.00502	0.00502	0.00167	0.00781	0.00391	0.00223	0.00781
4	0.01379	0.00927	0.01138	0.00954	0.01237	0.00933	0.04314	0.21438	0.07027	0.14455	0.11754	0.10765	0.16701	0.00960	0.00587	0.00176	0.00431	0.03608	0.00531	0.00687
5	0.01308	0.01256	0.02146	0.03245	0.78123	0.01256	0.01622	0.01622	0.01204	0.01727	0.00994	0.01308	0.00837	0.00471	0.00523	0.00157	0.00628	0.00471	0.00262	0.00837
6	0.01997	0.01235	0.08143	0.01035	0.01443	0.07243	0.00902	0.06706	0.09649	0.48815	0.02011	0.01828	0.05181	0.00673	0.00530	0.00164	0.00515	0.00538	0.00557	0.00836
7	0.01166	0.00600	0.00795	0.00781	0.00939	0.00537	0.00571	0.01300	0.01191	0.24611	0.04994	0.49372	0.08378	0.01315	0.00626	0.00195	0.00345	0.01166	0.00543	0.00574
8	0.00638	0.00485	0.00588	0.00670	0.00749	0.00435	0.00461	0.00744	0.01076	0.01375	0.03717	0.56063	0.27991	0.01552	0.00658	0.00203	0.00294	0.01375	0.00491	0.00435
9	0.01308	0.01256	0.02146	0.03245	0.78123	0.01256	0.01622	0.01622	0.01204	0.01727	0.00994	0.01308	0.00837	0.00471	0.00523	0.00157	0.00628	0.00471	0.00262	0.00837
10	0.01178	0.28977	0.53467	0.01307	0.01979	0.01515	0.01605	0.01644	0.01102	0.01531	0.00878	0.01027	0.00673	0.00486	0.00448	0.00149	0.00710	0.00355	0.00224	0.00747
11	0.01438	0.00702	0.00872	0.00736	0.01013	0.00604	0.00585	0.01618	0.01381	0.36708	0.12673	0.03447	0.34061	0.00995	0.00582	0.00170	0.00349	0.00830	0.00577	0.00660
12	0.01086	0.01081	0.01578	0.73119	0.03462	0.08147	0.01428	0.01419	0.01096	0.01346	0.00929	0.01369	0.00703	0.00530	0.00524	0.00173	0.00727	0.00458	0.00238	0.00590
13	0.01204	0.08617	0.65960	0.01410	0.02133	0.01254	0.01768	0.01748	0.01148	0.08497	0.01034	0.01157	0.00727	0.00512	0.00492	0.00163	0.00735	0.00395	0.00262	0.00784
14	0.01911	0.05156	0.01277	0.00977	0.01337	0.01013	0.00794	0.04391	0.24348	0.45834	0.02054	0.05577	0.01462	0.00710	0.00530	0.00168	0.00443	0.00584	0.00586	0.00847
15	0.00664	0.00532	0.00578	0.00573	0.00720	0.00463	0.00418	0.00809	0.01221	0.01536	0.20307	0.07271	0.53156	0.08442	0.00811	0.00207	0.00287	0.01064	0.00495	0.00446
16	0.01308	0.01256	0.02146	0.03245	0.78123	0.01256	0.01622	0.01622	0.01204	0.01727	0.00994	0.01308	0.00837	0.00471	0.00523	0.00157	0.00628	0.00471	0.00262	0.00837
17	0.03860	0.01596	0.03806	0.01095	0.01321	0.36230	0.00845	0.08478	0.01404	0.03476	0.04705	0.25891	0.01801	0.00935	0.00551	0.00168	0.00648	0.02213	0.00389	0.00587
18	0.19972	0.05393	0.21451	0.01877	0.29731	0.01223	0.01351	0.01720	0.01140	0.09948	0.01028	0.01189	0.00778	0.00502	0.00466	0.00160	0.00597	0.00407	0.00306	0.00763
19	0.01285	0.11368	0.11493	0.04395	0.57848	0.01354	0.01571	0.01618	0.01174	0.01653	0.00956	0.01230	0.00795	0.00474	0.00498	0.00153	0.00641	0.00438	0.00252	0.00806
20	0.00946	0.00816	0.01018	0.00937	0.00975	0.04108	0.00706	0.01041	0.00840	0.01189	0.01255	0.02233	0.01311	0.30980	0.21018	0.00479	0.26753	0.00595	0.02341	0.00458
21	0.06109	0.01521	0.05205	0.05108	0.03987	0.15946	0.10489	0.20401	0.01617	0.18558	0.01252	0.01315	0.00890	0.00563	0.00513	0.00156	0.00661	0.00459	0.00418	0.04832
22	0.01245	0.36300	0.27041	0.01288	0.08443	0.01496	0.01257	0.01572	0.01133	0.04613	0.04755	0.06506	0.01111	0.00589	0.00452	0.00146	0.00604	0.00458	0.00281	0.00710
23	0.02372	0.00900	0.01227	0.00941	0.01350	0.00777	0.00777	0.02576	0.01513	0.78489	0.02086	0.01799	0.01309	0.00654	0.00532	0.00164	0.00450	0.00532	0.00654	0.00900
24	0.00631	0.00536	0.00544	0.00542	0.00718	0.00449	0.00406	0.00770	0.01219	0.01462	0.08860	0.05033	0.74383	0.01326	0.00625	0.00178	0.00267	0.01108	0.00495	0.00449
25	0.01253	0.01349	0.09728	0.02208	0.38940	0.01214	0.03925	0.05099	0.01184	0.01736	0.00955	0.01229	0.00792	0.00526	0.00659	0.00153	0.11148	0.00436	0.00277	0.17188
26	0.01080	0.00991	0.01615	0.02369	0.51678	0.00975	0.01228	0.01322	0.01155	0.01605	0.01868	0.21791	0.08387	0.00848	0.00571	0.00173	0.00515	0.00789	0.00340	0.00699
27	0.00985	0.00493	0.00493	0.00493	0.00616	0.00493	0.00370	0.01232	0.01109	0.01971	0.01725	0.01971	0.01355	0.00616	0.00370	0.00123	0.00246	0.00493	0.84356	0.00493
28	0.01396	0.01915	0.18159	0.02122	0.20843	0.19808	0.24703	0.01771	0.01269	0.01603	0.00966	0.01221	0.00755	0.00487	0.00539	0.00161	0.00819	0.00471	0.00258	0.00734
29	0.01247	0.08533	0.15678	0.28653	0.17475	0.01216	0.04454	0.01606	0.01174	0.09436	0.04732	0.01449	0.00993	0.00542	0.00515	0.00164	0.00651	0.00475	0.00298	0.00713
30	0.00805	0.00534	0.00667	0.00687	0.00807	0.00479	0.00494	0.00955	0.01219	0.07782	0.21950	0.37233	0.21700	0.01356	0.00638	0.00190	0.00295	0.01196	0.00527	0.00489
31	0.00644	0.00460	0.00613	0.00736	0.00767	0.00429	0.00491	0.00736	0.01012	0.01350	0.02914	0.81076	0.03497	0.01656	0.00675	0.00215	0.00307	0.01503	0.00491	0.00429
32	0.04635	0.01167	0.01940	0.07836	0.57650	0.01186	0.05012	0.01571	0.03630	0.01714	0.01264	0.05310	0.03610	0.00569	0.00532	0.00164	0.00602	0.00547	0.00291	0.00771
33	0.03008	0.09724	0.18922	0.01191	0.01617	0.03858	0.07777	0.14726	0.03050	0.08535	0.01674	0.09342	0.06214	0.00899	0.04300	0.00201	0.00637	0.03234	0.00385	0.00706
34	0.01233	0.33778	0.35328	0.01395	0.02003	0.01589	0.14612	0.01641	0.01123	0.01507	0.00885	0.01065	0.00696	0.00473	0.00459	0.00148	0.00715	0.00389	0.00232	0.00729
35	0.01250	0.06088	0.01445	0.01319	0.16037	0.05626	0.00877	0.02793	0.01167	0.03152	0.00954	0.01131	0.00791	0.00438	0.00447	0.00105	0.01896	0.00353	0.00304	0.53827
36	0.01356	0.15567	0.06160	0.10912	0.38083	0.06670	0.03806	0.05242	0.04244	0.01663	0.00990	0.01233	0.00808	0.00497	0.00491	0.00152	0.00653	0.00435	0.00275	0.00763

[dist]
# distance from previous block
# <min> <max>
0	1

[block]
# block no. 1 follows, 46 sequences, length 14
# corresponding to MSA columns:
# 78-91
name=unknown_B
#
# <colnr> <probs for GDERKNQSTAVLIFYWHMCP>
#	G	D	E	R	K	N	Q	S	T	A	V	L	I	F	Y	W	H	M	C	P
0	0.01915	0.02349	0.01473	0.01326	0.01592	0.69820	0.01003	0.06036	0.01514	0.01425	0.00868	0.01011	0.00716	0.00565	0.00519	0.00140	0.03644	0.00357	0.03102	0.00623
1	0.18008	0.00797	0.00954	0.00869	0.01074	0.02964	0.00693	0.01432	0.01007	0.16728	0.01371	0.01716	0.01130	0.02419	0.43151	0.00536	0.03710	0.00494	0.00363	0.00584
2	0.00833	0.00599	0.00836	0.00946	0.01065	0.00602	0.00817	0.01066	0.01188	0.01549	0.02791	0.07977	0.05079	0.01615	0.05508	0.00278	0.00532	0.65762	0.00475	0.00483
3	0.29781	0.00966	0.01074	0.00874	0.01243	0.00971	0.00715	0.02261	0.09434	0.44991	0.01644	0.01505	0.01097	0.00607	0.00464	0.00165	0.00433	0.00457	0.00533	0.00784
4	0.00776	0.00616	0.00881	0.00889	0.00949	0.00722	0.00675	0.00922	0.00899	0.01275	0.01816	0.28527	0.01963	0.02748	0.41638	0.00547	0.12474	0.00867	0.00346	0.00473
5	0.00664	0.00490	0.00622	0.00689	0.00764	0.00448	0.00479	0.00798	0.01151	0.01534	0.20069	0.51854	0.15542	0.01477	0.00655	0.00198	0.00288	0.01320	0.00511	0.00448
6	0.00651	0.00466	0.00608	0.00718	0.00753	0.00435	0.00477	0.00739	0.01005	0.01333	0.02939	0.73200	0.06488	0.06497	0.00795	0.00231	0.00318	0.01442	0.00480	0.00423
7	0.00676	0.00483	0.00650	0.00773	0.00817	0.00457	0.00546	0.00791	0.01044	0.01385	0.02896	0.69521	0.03427	0.01626	0.00683	0.00219	0.00334	0.12743	0.00490	0.00438
8	0.85155	0.01022	0.00777	0.00695	0.01022	0.01186	0.00573	0.01554	0.00900	0.02372	0.00736	0.00859	0.00573	0.00491	0.00327	0.00164	0.00409	0.00286	0.00327	0.00573
9	0.02372	0.00900	0.01227	0.00941	0.01350	0.00777	0.00777	0.02576	0.01513	0.78489	0.02086	0.01799	0.01309	0.00654	0.00532	0.00164	0.00450	0.00532	0.00654	0.00900
10	0.02121	0.00991	0.01234	0.00959	0.01345	0.00938	0.00788	0.18982	0.01696	0.53586	0.02119	0.01917	0.06590	0.00697	0.00532	0.00162	0.00460	0.00559	0.03472	0.00854
11	0.00749	0.00557	0.00820	0.00827	0.00913	0.00638	0.00631	0.00921	0.00856	0.01224	0.01526	0.07263	0.01495	0.08018	0.70080	0.00790	0.01295	0.00638	0.00299	0.00461
12	0.01242	0.01487	0.08212	0.02054	0.02581	0.01327	0.62902	0.01812	0.09392	0.01748	0.01177	0.01463	0.00880	0.00479	0.00606	0.00178	0.00833	0.00605	0.00293	0.00731
13	0.01520	0.27133	0.17049	0.01348	0.07011	0.25815	0.01193	0.05868	0.02840	0.01511	0.00902	0.01054	0.00742	0.00628	0.03138	0.00163	0.00760	0.00362	0.00267	0.00698

[dist]
# distance from previous block
# <min> <max>
0	1

[block]
# block no. 2 follows, 46 sequences, length 16
# corresponding to MSA columns:
# 112-127
name=unknown_C
#
# <colnr> <probs for GDERKNQSTAVLIFYWHMCP>
#	G	D	E	R	K	N	Q	S	T	A	V	L	I	F	Y	W	H	M	C	P
0	0.01415	0.01016	0.01136	0.00964	0.01242	0.01080	0.00760	0.32081	0.12304	0.07159	0.13129	0.14682	0.08877	0.00935	0.00575	0.00174	0.00432	0.00784	0.00536	0.00718
1	0.01550	0.62743	0.02472	0.01005	0.01423	0.15749	0.00931	0.06292	0.01236	0.01382	0.00783	0.00893	0.00692	0.00480	0.00375	0.00120	0.00635	0.00305	0.00253	0.00680
2	0.01308	0.01256	0.02146	0.03245	0.78123	0.01256	0.01622	0.01622	0.01204	0.01727	0.00994	0.01308	0.00837	0.00471	0.00523	0.00157	0.00628	0.00471	0.00262	0.00837
3	0.01457	0.01125	0.05634	0.03948	0.22173	0.01034	0.06149	0.08681	0.06411	0.18802	0.05803	0.05315	0.07894	0.00722	0.00557	0.00169	0.00532	0.02390	0.00440	0.00762
4	0.01060	0.02735	0.78682	0.01507	0.02288	0.01228	0.01953	0.01674	0.01116	0.01674	0.00949	0.01116	0.00670	0.00502	0.00502	0.00167	0.00781	0.00391	0.00223	0.00781
5	0.02372	0.00900	0.01227	0.00941	0.01350	0.00777	0.00777	0.02576	0.01513	0.78489	0.02086	0.01799	0.01309	0.00654	0.00532	0.00164	0.00450	0.00532	0.00654	0.00900
6	0.04636	0.00987	0.05941	0.00944	0.01342	0.00804	0.00817	0.02337	0.03585	0.61586	0.09608	0.01950	0.01626	0.00685	0.00533	0.00165	0.00448	0.00560	0.00607	0.00840
7	0.01431	0.01217	0.01828	0.05467	0.50439	0.03170	0.01357	0.05548	0.10772	0.09188	0.01374	0.01538	0.03159	0.00556	0.00528	0.00161	0.00583	0.00508	0.00353	0.00820
8	0.01112	0.00992	0.00991	0.00929	0.01075	0.14459	0.00710	0.07947	0.01124	0.01476	0.01331	0.01902	0.01214	0.09711	0.42738	0.00554	0.02963	0.00528	0.07717	0.00526
9	0.00644	0.00460	0.00613	0.00736	0.00767	0.00429	0.00491	0.00736	0.01012	0.01350	0.02914	0.81076	0.03497	0.01656	0.00675	0.00215	0.00307	0.01503	0.00491	0.00429
10	0.01076	0.01019	0.01726	0.60834	0.22348	0.01195	0.01507	0.01419	0.01094	0.01445	0.00953	0.01384	0.00738	0.00514	0.00527	0.00171	0.00685	0.00470	0.00242	0.00650
11	0.01169	0.01135	0.01892	0.25740	0.36335	0.03416	0.09209	0.01481	0.01148	0.01570	0.01130	0.06883	0.00987	0.00584	0.00567	0.00169	0.02442	0.00555	0.02890	0.00698
12	0.02061	0.00940	0.01168	0.00915	0.01277	0.00892	0.00750	0.16456	0.01629	0.50766	0.01866	0.01728	0.01238	0.00644	0.00503	0.00156	0.00440	0.00514	0.15229	0.00829
13	0.00723	0.00545	0.00635	0.00652	0.00790	0.00490	0.00482	0.00911	0.03211	0.03414	0.18707	0.23501	0.38314	0.01339	0.00637	0.00187	0.00291	0.04182	0.00514	0.00475
14	0.01445	0.09583	0.33311	0.01373	0.04795	0.06691	0.04601	0.09600	0.07502	0.11314	0.03921	0.01370	0.01015	0.00567	0.00505	0.00160	0.00662	0.00453	0.00353	0.00780
15	0.00908	0.00584	0.00704	0.00691	0.00791	0.00617	0.00502	0.02624	0.03708	0.03468	0.03287	0.11012	0.04898	0.17843	0.18069	0.00379	0.02891	0.00712	0.25835	0.00478

[dist]
# distance from previous block
# <min> <max>
2	4

[block]
# block no. 3 follows, 46 sequences, length 45
# corresponding to MSA columns:
# 132-176
name=unknown_D
#
# <colnr> <probs for GDERKNQSTAVLIFYWHMCP>
#	G	D	E	R	K	N	Q	S	T	A	V	L	I	F	Y	W	H	M	C	P
0	0.01192	0.13552	0.14679	0.00930	0.01381	0.01008	0.00898	0.01508	0.03022	0.06909	0.01122	0.01288	0.00897	0.00798	0.07816	0.00183	0.00575	0.00381	0.06494	0.35366
1	0.01483	0.00996	0.01366	0.01280	0.14187	0.00835	0.03028	0.01729	0.01232	0.22604	0.01264	0.01333	0.00936	0.00478	0.00458	0.00118	0.00461	0.00408	0.00396	0.45407
2	0.01093	0.00918	0.01001	0.00949	0.01173	0.01017	0.00716	0.02110	0.50987	0.01927	0.02512	0.23164	0.06448	0.00996	0.00576	0.00187	0.00380	0.00862	0.00518	0.02469
3	0.01067	0.00649	0.00814	0.00754	0.00923	0.01849	0.00568	0.02601	0.02871	0.15597	0.43453	0.18875	0.05666	0.01103	0.00612	0.00175	0.00318	0.00968	0.00568	0.00571
4	0.02351	0.00934	0.01248	0.00957	0.01366	0.00827	0.00790	0.06875	0.01570	0.74110	0.02038	0.01768	0.01285	0.00653	0.00531	0.00163	0.00458	0.00528	0.00647	0.00900
5	0.00644	0.00460	0.00613	0.00736	0.00767	0.00429	0.00491	0.00736	0.01012	0.01350	0.02914	0.81076	0.03497	0.01656	0.00675	0.00215	0.00307	0.01503	0.00491	0.00429
6	0.01149	0.01268	0.02710	0.01984	0.02437	0.01189	0.63837	0.01537	0.01209	0.01637	0.01371	0.14435	0.01242	0.00643	0.00632	0.00184	0.00796	0.00767	0.00304	0.00667
7	0.85155	0.01022	0.00777	0.00695	0.01022	0.01186	0.00573	0.01554	0.00900	0.02372	0.00736	0.00859	0.00573	0.00491	0.00327	0.00164	0.00409	0.00286	0.00327	0.00573
8	0.00644	0.00460	0.00613	0.00736	0.00767	0.00429	0.00491	0.00736	0.01012	0.01350	0.02914	0.81076	0.03497	0.01656	0.00675	0.00215	0.00307	0.01503	0.00491	0.00429
9	0.02112	0.01027	0.01275	0.00997	0.01378	0.00992	0.00815	0.23342	0.01760	0.50015	0.04707	0.06176	0.01452	0.00721	0.00542	0.00165	0.00472	0.00586	0.00607	0.00858
10	0.09520	0.02041	0.01429	0.06086	0.01683	0.51237	0.00991	0.12192	0.05363	0.03279	0.00972	0.01084	0.00762	0.00562	0.00477	0.00147	0.00800	0.00379	0.00331	0.00664
11	0.00985	0.00493	0.00493	0.00493	0.00616	0.00493	0.00370	0.01232	0.01109	0.01971	0.01725	0.01971	0.01355	0.00616	0.00370	0.00123	0.00246	0.00493	0.84356	0.00493
12	0.01834	0.00781	0.01050	0.00846	0.01163	0.00684	0.00682	0.02049	0.01498	0.53339	0.24655	0.02544	0.04891	0.00803	0.00562	0.00165	0.00384	0.00676	0.00628	0.00766
13	0.01231	0.22284	0.03230	0.01070	0.08337	0.01164	0.00831	0.04095	0.01150	0.01653	0.00903	0.01057	0.00762	0.00426	0.00397	0.00099	0.00474	0.00327	0.00291	0.50219
14	0.01461	0.23956	0.01655	0.02245	0.01369	0.04201	0.02124	0.15920	0.06830	0.09507	0.01737	0.05749	0.09627	0.00684	0.00477	0.00143	0.00501	0.00537	0.00405	0.10870
15	0.03331	0.13866	0.13311	0.03510	0.04319	0.14037	0.01088	0.03720	0.12748	0.15437	0.02589	0.01424	0.02210	0.00612	0.00562	0.00159	0.05508	0.00452	0.00378	0.00740
16	0.01104	0.12527	0.69273	0.01432	0.02173	0.01335	0.01823	0.01663	0.01111	0.01621	0.00922	0.01083	0.00671	0.00496	0.00482	0.00161	0.00755	0.00377	0.00224	0.00769
17	0.00685	0.00501	0.00649	0.00757	0.00804	0.00484	0.00512	0.00863	0.05679	0.01402	0.02867	0.76228	0.03381	0.01599	0.00666	0.00213	0.00314	0.01447	0.00494	0.00454
18	0.01109	0.00951	0.01102	0.00800	0.01260	0.00740	0.00639	0.01417	0.05529	0.01751	0.01010	0.01147	0.00831	0.00410	0.00400	0.00084	0.00393	0.00330	0.00326	0.79769
19	0.01237	0.28667	0.38056	0.01578	0.12490	0.02955	0.04921	0.01646	0.01127	0.01533	0.00887	0.01065	0.00702	0.00480	0.00456	0.00148	0.00697	0.00376	0.00232	0.00749
20	0.00679	0.00538	0.00610	0.00592	0.00747	0.00469	0.00444	0.00863	0.01333	0.01731	0.37086	0.04589	0.45989	0.01226	0.00624	0.00173	0.00260	0.01046	0.00531	0.00469
21	0.00802	0.00530	0.00690	0.00702	0.00798	0.00568	0.00525	0.00983	0.00955	0.01450	0.01900	0.10302	0.06050	0.07297	0.39777	0.00520	0.00851	0.00685	0.24152	0.00463
22	0.09165	0.26038	0.47149	0.01248	0.01878	0.03086	0.01491	0.01645	0.01091	0.01605	0.00862	0.01009	0.00663	0.00487	0.00437	0.00150	0.00685	0.00348	0.00235	0.00727
23	0.01219	0.01427	0.08194	0.11300	0.19668	0.01292	0.45633	0.01637	0.01207	0.01660	0.01029	0.01375	0.00789	0.00465	0.00582	0.00172	0.00803	0.00555	0.00259	0.00731
24	0.00644	0.00460	0.00613	0.00736	0.00767	0.00429	0.00491	0.00736	0.01012	0.01350	0.02914	0.81076	0.03497	0.01656	0.00675	0.00215	0.00307	0.01503	0.00491	0.00429
25	0.01004	0.00573	0.00740	0.00743	0.00885	0.00514	0.00543	0.01146	0.01202	0.16898	0.11608	0.42737	0.14981	0.01336	0.00634	0.00194	0.00327	0.02866	0.00534	0.00535
26	0.04559	0.30213	0.15359	0.01266	0.06116	0.04242	0.06766	0.03401	0.06799	0.10701	0.04944	0.01328	0.01055	0.00545	0.00460	0.00147	0.00599	0.00431	0.00334	0.00735
27	0.00644	0.00460	0.00613	0.00736	0.00767	0.00429	0.00491	0.00736	0.01012	0.01350	0.02914	0.81076	0.03497	0.01656	0.00675	0.00215	0.00307	0.01503	0.00491	0.00429
28	0.01236	0.00900	0.01305	0.01086	0.01359	0.00897	0.12999	0.04763	0.18700	0.13617	0.17645	0.16110	0.05219	0.00920	0.00595	0.00179	0.00448	0.00837	0.00510	0.00674
29	0.04500	0.00943	0.01083	0.00779	0.01244	0.00724	0.00624	0.01340	0.01088	0.01749	0.00931	0.01087	0.00775	0.00396	0.00389	0.00082	0.00392	0.00312	0.00314	0.81248
30	0.01125	0.13743	0.63327	0.01529	0.06804	0.01351	0.01786	0.01658	0.01116	0.01617	0.00921	0.01090	0.00681	0.00493	0.00481	0.00159	0.00742	0.00380	0.00226	0.00770
31	0.01299	0.01284	0.02305	0.03079	0.65815	0.01269	0.13804	0.01634	0.01211	0.01722	0.01007	0.01328	0.00832	0.00467	0.00540	0.00160	0.00671	0.00496	0.00263	0.00817
32	0.01239	0.00832	0.01152	0.00983	0.01196	0.00889	0.06037	0.14670	0.01259	0.11383	0.01482	0.01979	0.01264	0.10830	0.35479	0.00502	0.02303	0.00566	0.05348	0.00606
33	0.05364	0.00848	0.05735	0.00909	0.01170	0.00702	0.03201	0.03409	0.01244	0.26966	0.05054	0.35954	0.02271	0.01069	0.00584	0.00183	0.00415	0.00941	0.00511	0.03469
34	0.01252	0.45504	0.25126	0.01129	0.03054	0.03290	0.01198	0.01549	0.01080	0.01390	0.02487	0.01166	0.00844	0.04604	0.02049	0.00169	0.02818	0.00368	0.00240	0.00682
35	0.00790	0.00609	0.00938	0.00881	0.00998	0.00634	0.07386	0.00952	0.00941	0.01320	0.01943	0.17569	0.06436	0.10330	0.37832	0.03045	0.00899	0.00798	0.05235	0.00463
36	0.00929	0.00736	0.01028	0.00957	0.00987	0.00917	0.00738	0.00988	0.00819	0.01194	0.01223	0.05954	0.01259	0.12295	0.20302	0.16125	0.28261	0.02285	0.02561	0.00443
37	0.09077	0.04750	0.36206	0.01262	0.04323	0.01130	0.01329	0.04584	0.04328	0.23227	0.01316	0.01352	0.00913	0.00669	0.03099	0.00186	0.00641	0.00437	0.00380	0.00790
38	0.01298	0.01246	0.02128	0.05746	0.75701	0.01253	0.01617	0.01614	0.01199	0.01715	0.00993	0.01312	0.00833	0.00473	0.00524	0.00158	0.00631	0.00471	0.00261	0.00829
39	0.00647	0.00470	0.00610	0.00716	0.00763	0.00434	0.00483	0.00749	0.01049	0.01388	0.06163	0.71289	0.10081	0.01605	0.00668	0.00210	0.00301	0.01447	0.00494	0.00434
40	0.00978	0.00808	0.03444	0.00822	0.00942	0.06054	0.00613	0.05421	0.01018	0.04442	0.01656	0.12472	0.01718	0.30126	0.26604	0.00511	0.00817	0.00729	0.00349	0.00476
41	0.25047	0.01498	0.01213	0.01147	0.06021	0.26406	0.00841	0.06527	0.06320	0.10732	0.06736	0.01436	0.02744	0.00610	0.00465	0.00156	0.00600	0.00441	0.00391	0.00669
42	0.00944	0.00559	0.00739	0.00734	0.00862	0.00509	0.00535	0.01114	0.01278	0.13281	0.31466	0.37604	0.05759	0.01277	0.00632	0.00188	0.00305	0.01137	0.00550	0.00527
43	0.07735	0.00929	0.01137	0.00906	0.01264	0.00888	0.00739	0.10479	0.05951	0.48988	0.06197	0.01924	0.03971	0.00688	0.00516	0.00162	0.00430	0.00553	0.05731	0.00811
44	0.01650	0.01128	0.01411	0.03795	0.01543	0.01210	0.05499	0.27260	0.13854	0.17752	0.01852	0.07311	0.04445	0.00782	0.00628	0.00177	0.05171	0.03242	0.00507	0.00783

[dist]
# distance from previous block
# <min> <max>
3	9

[block]
# block no. 4 follows, 46 sequences, length 15
# corresponding to MSA columns:
# 186-200
name=unknown_E
#
# <colnr> <probs for GDERKNQSTAVLIFYWHMCP>
#	G	D	E	R	K	N	Q	S	T	A	V	L	I	F	Y	W	H	M	C	P
0	0.01682	0.00914	0.01248	0.01073	0.03721	0.00915	0.04008	0.07271	0.06448	0.36366	0.06994	0.12129	0.01739	0.00825	0.00665	0.00176	0.07922	0.00680	0.04475	0.00748
1	0.06563	0.05991	0.16756	0.04888	0.06711	0.01093	0.01056	0.06020	0.10787	0.05507	0.01293	0.07159	0.01078	0.00596	0.00476	0.00145	0.00522	0.00487	0.00354	0.22519
2	0.01395	0.08831	0.11622	0.01794	0.23007	0.03352	0.09204	0.08768	0.03936	0.08730	0.02852	0.03379	0.01073	0.04607	0.00622	0.00173	0.00617	0.00508	0.00343	0.05187
3	0.01143	0.00590	0.00677	0.00631	0.00793	0.00567	0.00475	0.03852	0.01232	0.13175	0.09804	0.10271	0.04669	0.04596	0.00574	0.00164	0.00307	0.00682	0.45247	0.00551
4	0.00694	0.00499	0.00581	0.00624	0.00673	0.00469	0.00398	0.00755	0.00948	0.01226	0.02891	0.31324	0.18600	0.36152	0.01538	0.00336	0.00388	0.01103	0.00417	0.00386
5	0.04960	0.03463	0.14908	0.19708	0.10573	0.13950	0.01297	0.05693	0.07774	0.08361	0.01127	0.01304	0.00843	0.00562	0.00543	0.00164	0.03288	0.00440	0.00323	0.00719
6	0.00814	0.00578	0.00713	0.00763	0.04473	0.00519	0.00518	0.00966	0.01212	0.06711	0.18641	0.20362	0.33327	0.07045	0.00773	0.00206	0.00319	0.01070	0.00497	0.00493
7	0.00724	0.00494	0.00590	0.00633	0.00644	0.00483	0.00381	0.00757	0.00855	0.01140	0.02109	0.31057	0.02482	0.53060	0.01974	0.00407	0.00439	0.01030	0.00381	0.00359
8	0.01179	0.01552	0.23586	0.05968	0.39465	0.01142	0.01508	0.01617	0.04135	0.01746	0.01124	0.01375	0.00884	0.00512	0.00497	0.00157	0.00615	0.00456	0.11718	0.00763
9	0.01376	0.01393	0.04837	0.21154	0.32058	0.11093	0.03773	0.05844	0.04030	0.04395	0.01043	0.01317	0.00820	0.00539	0.00574	0.00164	0.04096	0.00463	0.00293	0.00737
10	0.01036	0.04158	0.38152	0.27390	0.08999	0.01172	0.01610	0.01484	0.01101	0.01535	0.01189	0.05308	0.03442	0.00592	0.00521	0.00171	0.00696	0.00500	0.00253	0.00691
11	0.01242	0.00708	0.00855	0.00763	0.00996	0.00653	0.00589	0.04071	0.07205	0.23492	0.14337	0.14461	0.26329	0.01080	0.00595	0.00177	0.00345	0.00920	0.00556	0.00626
12	0.05721	0.01391	0.11722	0.04024	0.21476	0.01237	0.14842	0.06870	0.09938	0.09074	0.01293	0.04161	0.01015	0.00591	0.00591	0.00172	0.04222	0.00535	0.00353	0.00771
13	0.01510	0.11199	0.03995	0.06968	0.11111	0.25507	0.01039	0.12893	0.01444	0.01735	0.01291	0.05217	0.03413	0.00650	0.00493	0.00151	0.00663	0.03044	0.07010	0.00667
14	0.05404	0.10394	0.15522	0.01167	0.04173	0.09755	0.02566	0.03918	0.07171	0.09659	0.02499	0.03114	0.02308	0.00578	0.00512	0.00144	0.03344	0.00443	0.00348	0.16979

[dist]
# distance from previous block
# <min> <max>
1	7

[block]
# block no. 5 follows, 46 sequences, length 21
# corresponding to MSA columns:
# 208-228
name=unknown_F
#
# <colnr> <probs for GDERKNQSTAVLIFYWHMCP>
#	G	D	E	R	K	N	Q	S	T	A	V	L	I	F	Y	W	H	M	C	P
0	0.01201	0.04565	0.01607	0.46506	0.05243	0.14519	0.01292	0.01464	0.01100	0.01338	0.00950	0.04235	0.00806	0.00626	0.00693	0.00176	0.12354	0.00478	0.00251	0.00596
1	0.01083	0.01021	0.01526	0.08900	0.25948	0.04250	0.06214	0.01364	0.04175	0.01508	0.04637	0.03867	0.06905	0.10085	0.09258	0.00283	0.07421	0.00615	0.00313	0.00626
2	0.05410	0.01010	0.01304	0.08121	0.09300	0.05947	0.05266	0.04106	0.07911	0.13624	0.04717	0.10320	0.02515	0.06136	0.06911	0.00245	0.02438	0.00643	0.00405	0.03672
3	0.01348	0.01120	0.01589	0.01734	0.24044	0.01152	0.06956	0.26070	0.01633	0.02224	0.09264	0.12970	0.05951	0.00799	0.00570	0.00169	0.00531	0.00714	0.00427	0.00735
4	0.03868	0.00715	0.00910	0.00789	0.01053	0.00630	0.00616	0.01691	0.01326	0.39669	0.07176	0.18738	0.18547	0.01026	0.00580	0.00177	0.00369	0.00873	0.00572	0.00674
5	0.00827	0.00714	0.01230	0.01071	0.01222	0.00688	0.18657	0.00993	0.01000	0.01349	0.02054	0.37360	0.02296	0.19040	0.08671	0.00332	0.00599	0.01041	0.00380	0.00478
6	0.01148	0.03484	0.37679	0.02066	0.28576	0.01200	0.04716	0.01628	0.03150	0.01690	0.01180	0.01693	0.00993	0.00589	0.00535	0.00171	0.00689	0.07773	0.00273	0.00768
7	0.00873	0.00707	0.00879	0.00856	0.00962	0.05284	0.00666	0.01058	0.00932	0.01332	0.01556	0.02081	0.04814	0.03053	0.56774	0.00651	0.06151	0.00563	0.10318	0.00488
8	0.00660	0.00473	0.00638	0.00753	0.00791	0.00451	0.00516	0.00764	0.01011	0.01352	0.02817	0.73101	0.03344	0.01791	0.05533	0.00255	0.00383	0.04458	0.00478	0.00434
9	0.46879	0.00999	0.00955	0.00824	0.01137	0.01091	0.00663	0.13936	0.01270	0.13894	0.01338	0.12496	0.01154	0.00705	0.00441	0.00170	0.00429	0.00528	0.00433	0.00655
10	0.01190	0.01286	0.06206	0.44586	0.22376	0.08697	0.01464	0.01580	0.04684	0.01501	0.00999	0.01349	0.00777	0.00523	0.00521	0.00167	0.00700	0.00459	0.00259	0.00677
11	0.00651	0.00525	0.00573	0.00583	0.00728	0.00454	0.00425	0.00792	0.01208	0.01508	0.15887	0.14893	0.54300	0.04217	0.00705	0.00193	0.00279	0.01130	0.00499	0.00447
12	0.00812	0.00485	0.00664	0.00676	0.00708	0.00470	0.00454	0.00776	0.00933	0.01272	0.18295	0.16044	0.02400	0.12976	0.01599	0.39548	0.00394	0.00792	0.00365	0.00336
13	0.00944	0.00634	0.00769	0.00761	0.00904	0.00614	0.00575	0.04410	0.04951	0.07913	0.10009	0.17319	0.17827	0.14330	0.02724	0.00262	0.00412	0.13646	0.00484	0.00512
14	0.01441	0.01216	0.04705	0.06454	0.14911	0.01178	0.18316	0.12441	0.10440	0.12345	0.01535	0.09925	0.01262	0.00673	0.00566	0.00173	0.00609	0.00636	0.00408	0.00766
15	0.01448	0.08150	0.01616	0.03786	0.01584	0.32394	0.10050	0.04844	0.01251	0.01397	0.01073	0.01580	0.00980	0.09669	0.10776	0.00281	0.05920	0.02328	0.00287	0.00587
16	0.01255	0.32112	0.12059	0.12446	0.06314	0.01452	0.04161	0.03903	0.01158	0.02999	0.03273	0.01195	0.00872	0.00542	0.01594	0.00144	0.00605	0.00389	0.00273	0.13253
17	0.01050	0.17963	0.15328	0.00892	0.01183	0.01018	0.00838	0.04253	0.01076	0.04546	0.01792	0.13306	0.06330	0.23696	0.01132	0.00264	0.00528	0.03901	0.00346	0.00556
18	0.01069	0.11048	0.19860	0.01004	0.01358	0.00960	0.02254	0.06297	0.01201	0.06102	0.03653	0.30784	0.05464	0.00983	0.00553	0.00173	0.00491	0.00846	0.00394	0.05507
19	0.01184	0.07960	0.20198	0.00937	0.01320	0.00891	0.00939	0.04242	0.01339	0.15149	0.20429	0.04328	0.17228	0.00858	0.00552	0.00165	0.00459	0.00711	0.00454	0.00656
20	0.05617	0.03964	0.15589	0.01173	0.03725	0.04172	0.05422	0.11013	0.08694	0.09703	0.03315	0.01798	0.04774	0.09526	0.00781	0.00198	0.02806	0.00527	0.00386	0.06817

[dist]
# distance from previous block
# <min> <max>
0	1

[block]
# block no. 6 follows, 46 sequences, length 17
# corresponding to MSA columns:
# 230-246
name=unknown_G
#
# <colnr> <probs for GDERKNQSTAVLIFYWHMCP>
#	G	D	E	R	K	N	Q	S	T	A	V	L	I	F	Y	W	H	M	C	P
0	0.08139	0.08246	0.20381	0.01640	0.20540	0.01226	0.01263	0.01903	0.14528	0.10855	0.01369	0.05350	0.01087	0.00603	0.00498	0.00164	0.00568	0.00502	0.00361	0.00776
1	0.01187	0.31988	0.24948	0.01093	0.01517	0.05351	0.01146	0.01461	0.01032	0.01346	0.00972	0.01397	0.00891	0.12105	0.05588	0.00240	0.06440	0.00416	0.00245	0.00636
2	0.01425	0.01681	0.22545	0.01440	0.09576	0.05515	0.04319	0.14884	0.09393	0.06800	0.01203	0.01295	0.00893	0.00534	0.00498	0.00148	0.00613	0.00437	0.00362	0.16440
3	0.07616	0.12394	0.16508	0.01274	0.01732	0.12187	0.12361	0.06064	0.04996	0.10415	0.04530	0.01445	0.03165	0.00573	0.00495	0.00155	0.00653	0.00470	0.00351	0.02617
4	0.00720	0.00791	0.11066	0.00832	0.00984	0.00564	0.00690	0.00928	0.03187	0.01444	0.04875	0.60473	0.08560	0.01437	0.00643	0.00203	0.00369	0.01285	0.00459	0.00491
5	0.00769	0.00570	0.00791	0.00773	0.00855	0.00626	0.00576	0.00936	0.00990	0.01408	0.19906	0.02750	0.02296	0.17248	0.43813	0.00603	0.03581	0.00694	0.00360	0.00454
6	0.03978	0.01260	0.06775	0.03632	0.40923	0.02817	0.01312	0.07959	0.03791	0.03491	0.01299	0.11960	0.01199	0.00694	0.00625	0.00172	0.06431	0.00600	0.00330	0.00749
7	0.01384	0.07285	0.11790	0.06492	0.07501	0.04527	0.01108	0.13846	0.22635	0.05368	0.01706	0.01994	0.04364	0.00704	0.00533	0.00171	0.00562	0.06855	0.00418	0.00759
8	0.03685	0.00889	0.00983	0.00851	0.01104	0.00945	0.00670	0.14043	0.21290	0.10103	0.17821	0.02225	0.02087	0.00744	0.00508	0.00158	0.00372	0.00613	0.20213	0.00694
9	0.00705	0.00507	0.00681	0.00795	0.00859	0.00483	0.00591	0.00846	0.01089	0.01438	0.04873	0.55091	0.05940	0.01575	0.00688	0.00220	0.00355	0.22322	0.00492	0.00448
10	0.01091	0.11094	0.62778	0.01382	0.02059	0.03271	0.01709	0.01607	0.01114	0.01594	0.01066	0.06942	0.00878	0.00583	0.00497	0.00164	0.00728	0.00459	0.00244	0.00740
11	0.01383	0.01074	0.07845	0.19474	0.07270	0.00986	0.04908	0.03289	0.05445	0.21727	0.06830	0.02004	0.06398	0.03276	0.03409	0.00206	0.02777	0.00583	0.00415	0.00702
12	0.12097	0.01146	0.19539	0.00917	0.01209	0.00794	0.00872	0.01240	0.06647	0.01675	0.06094	0.33433	0.10135	0.01091	0.00569	0.00188	0.00436	0.00937	0.00412	0.00569
13	0.00685	0.00524	0.00626	0.00682	0.00781	0.00484	0.00486	0.00856	0.03786	0.01466	0.09642	0.40401	0.27780	0.04674	0.00733	0.00211	0.00311	0.04925	0.00493	0.00453
14	0.04775	0.09754	0.06374	0.07758	0.08863	0.07024	0.11351	0.07816	0.05875	0.08647	0.02477	0.07013	0.01121	0.00653	0.00606	0.00167	0.06469	0.00544	0.02008	0.00704
15	0.01466	0.28791	0.01715	0.00997	0.01313	0.20911	0.00831	0.07740	0.07510	0.03719	0.09437	0.03446	0.05631	0.03677	0.00551	0.00156	0.00591	0.00507	0.00361	0.00648
16	0.09784	0.13185	0.01737	0.01466	0.15206	0.08088	0.04089	0.18897	0.04708	0.09607	0.01148	0.01266	0.00884	0.02061	0.00513	0.00154	0.00583	0.00429	0.00380	0.05815

[dist]
# distance from previous block
# <min> <max>
0	1

[block]
# block no. 7 follows, 46 sequences, length 53
# corresponding to MSA columns:
# 248-271,273-301
name=unknown_H
#
# <colnr> <probs for GDERKNQSTAVLIFYWHMCP>
#	G	D	E	R	K	N	Q	S	T	A	V	L	I	F	Y	W	H	M	C	P
0	0.01366	0.31741	0.03472	0.00979	0.01285	0.01407	0.00868	0.03737	0.01129	0.12633	0.01387	0.11944	0.03423	0.00758	0.00691	0.00158	0.15238	0.00550	0.00348	0.06887
1	0.03539	0.18119	0.01421	0.00927	0.01200	0.09351	0.02717	0.10569	0.03050	0.01845	0.21241	0.14692	0.02306	0.00844	0.00520	0.00154	0.00475	0.00702	0.00419	0.05909
2	0.02403	0.03141	0.01230	0.01033	0.01236	0.06293	0.08129	0.03049	0.06331	0.09436	0.07636	0.10126	0.01731	0.06880	0.24931	0.00404	0.04365	0.00676	0.00386	0.00584
3	0.01148	0.01181	0.02193	0.03128	0.15938	0.01258	0.32137	0.01446	0.01094	0.01547	0.02463	0.06462	0.01068	0.00931	0.07166	0.00242	0.19044	0.00613	0.00278	0.00662
4	0.04570	0.01049	0.01198	0.08118	0.01417	0.05882	0.00861	0.17903	0.04665	0.01911	0.07921	0.18046	0.01781	0.04519	0.00880	0.00201	0.15750	0.00728	0.01988	0.00613
5	0.01281	0.30961	0.12935	0.00996	0.01393	0.06733	0.00969	0.05515	0.01271	0.04880	0.10424	0.04002	0.04119	0.00706	0.00480	0.00148	0.00549	0.07091	0.00349	0.05196
6	0.01211	0.00812	0.01191	0.06830	0.19852	0.00775	0.00879	0.01449	0.01332	0.17572	0.23215	0.05533	0.15415	0.00871	0.00576	0.00168	0.00419	0.00763	0.00476	0.00658
7	0.00826	0.00620	0.00792	0.00782	0.00858	0.02936	0.00577	0.00970	0.00871	0.01247	0.01466	0.02345	0.01434	0.22280	0.49338	0.00666	0.03266	0.00600	0.07682	0.00444
8	0.01226	0.01206	0.02001	0.13253	0.51526	0.03473	0.07752	0.01531	0.01179	0.01623	0.01233	0.03726	0.04407	0.00565	0.00576	0.00166	0.02994	0.00538	0.00275	0.00750
9	0.01068	0.08049	0.01648	0.66522	0.03228	0.01247	0.01351	0.04534	0.01107	0.01412	0.00966	0.01439	0.00761	0.03889	0.00602	0.00184	0.00679	0.00466	0.00250	0.00597
10	0.00868	0.00587	0.00863	0.00843	0.00954	0.00662	0.00652	0.01049	0.00892	0.06566	0.01474	0.02125	0.01350	0.07488	0.70159	0.00786	0.01305	0.00574	0.00311	0.00494
11	0.00665	0.00472	0.00604	0.00702	0.00732	0.00444	0.00458	0.00743	0.00977	0.01296	0.02785	0.65061	0.05837	0.15363	0.01020	0.00265	0.00341	0.01363	0.00461	0.00411
12	0.01293	0.01241	0.02118	0.07003	0.74484	0.01252	0.01615	0.01609	0.01197	0.01709	0.00992	0.01313	0.00831	0.00474	0.00524	0.00158	0.00632	0.00471	0.00260	0.00825
13	0.00724	0.00472	0.00628	0.00696	0.00733	0.00446	0.00467	0.00739	0.00953	0.01261	0.05725	0.46807	0.09134	0.05797	0.01132	0.22002	0.00351	0.01139	0.00418	0.00377
14	0.00653	0.00464	0.00611	0.00725	0.00754	0.00435	0.00479	0.00738	0.00995	0.01327	0.02827	0.75703	0.03388	0.07178	0.00814	0.00235	0.00321	0.01452	0.00479	0.00422
15	0.00994	0.00924	0.01172	0.01074	0.01139	0.06462	0.00855	0.01140	0.00874	0.01237	0.01113	0.01732	0.01074	0.07327	0.39442	0.00543	0.31595	0.00523	0.00265	0.00513
16	0.01275	0.01228	0.02153	0.15425	0.44053	0.01259	0.15600	0.06738	0.01271	0.01759	0.01077	0.03774	0.00894	0.00523	0.00548	0.00166	0.00677	0.00531	0.00284	0.00765
17	0.02554	0.01678	0.25430	0.07228	0.14241	0.03904	0.22895	0.01564	0.01174	0.01638	0.01234	0.06623	0.01078	0.00623	0.00565	0.00177	0.00733	0.05677	0.00281	0.00705
18	0.08465	0.01533	0.07913	0.07252	0.33405	0.11463	0.19047	0.01684	0.01211	0.01690	0.00960	0.01243	0.00765	0.00482	0.00523	0.00162	0.00730	0.00468	0.00265	0.00736
19	0.01202	0.30314	0.05699	0.24295	0.05393	0.03849	0.03213	0.03171	0.01136	0.01434	0.01140	0.04161	0.01045	0.00635	0.00499	0.00158	0.01845	0.07887	0.02289	0.00634
20	0.00795	0.00596	0.00824	0.00911	0.06133	0.00641	0.00587	0.00903	0.00866	0.01204	0.01686	0.14463	0.01827	0.32920	0.30199	0.00557	0.03351	0.00776	0.00326	0.00436
21	0.01323	0.22394	0.18542	0.01094	0.04137	0.01253	0.01047	0.06157	0.06136	0.11643	0.13626	0.04230	0.04888	0.00692	0.00498	0.00154	0.00521	0.00556	0.00396	0.00712
22	0.03252	0.10161	0.08043	0.13082	0.08039	0.07156	0.02223	0.11255	0.04396	0.13046	0.01494	0.09739	0.03283	0.00698	0.00535	0.00165	0.01763	0.00572	0.00386	0.00713
23	0.00828	0.00482	0.00558	0.00606	0.00691	0.00467	0.00429	0.01010	0.01095	0.01724	0.07487	0.34905	0.02494	0.01079	0.00514	0.00164	0.00272	0.00944	0.43785	0.00467
24	0.01050	0.00643	0.00802	0.00744	0.00913	0.00609	0.00558	0.01350	0.07994	0.14513	0.34346	0.11844	0.10021	0.08983	0.00813	0.00210	0.00338	0.03160	0.00544	0.00565
25	0.01314	0.01382	0.13511	0.32554	0.14333	0.03299	0.01400	0.11805	0.04634	0.06153	0.01120	0.01371	0.00832	0.00554	0.00539	0.00168	0.01943	0.00465	0.01899	0.00726
26	0.04933	0.01185	0.01449	0.04268	0.14931	0.10167	0.01050	0.01485	0.01128	0.07987	0.08323	0.01812	0.07994	0.00796	0.00972	0.00186	0.29810	0.00551	0.00336	0.00636
27	0.02372	0.00900	0.01227	0.00941	0.01350	0.00777	0.00777	0.02576	0.01513	0.78489	0.02086	0.01799	0.01309	0.00654	0.00532	0.00164	0.00450	0.00532	0.00654	0.00900
28	0.03818	0.01003	0.14134	0.00792	0.01097	0.00727	0.00753	0.03862	0.01255	0.15791	0.08369	0.01958	0.02641	0.00652	0.00451	0.00145	0.00391	0.00525	0.41005	0.00631
29	0.01602	0.02041	0.27703	0.01454	0.07339	0.24981	0.02948	0.01934	0.01317	0.16579	0.02395	0.03776	0.00970	0.00594	0.00533	0.00159	0.02139	0.00459	0.00340	0.00737
30	0.00922	0.00607	0.00834	0.00917	0.01052	0.00590	0.00777	0.01141	0.01223	0.06887	0.05071	0.13671	0.06363	0.01409	0.00703	0.00230	0.00448	0.56145	0.00502	0.00508
31	0.01195	0.01077	0.01227	0.01083	0.01271	0.03690	0.00862	0.05239	0.34384	0.01895	0.11548	0.02179	0.07787	0.00862	0.00889	0.00190	0.22856	0.00633	0.00445	0.00686
32	0.01239	0.21620	0.23919	0.03831	0.10277	0.01369	0.01246	0.08038	0.06146	0.02900	0.07832	0.01578	0.03997	0.00705	0.02981	0.00175	0.00618	0.00479	0.00324	0.00725
33	0.01269	0.01056	0.01317	0.17930	0.09931	0.04340	0.00990	0.21516	0.04589	0.02009	0.08304	0.07632	0.04794	0.07970	0.00750	0.00203	0.00550	0.03787	0.00408	0.00657
34	0.00884	0.00733	0.01003	0.00931	0.00967	0.00912	0.00708	0.00991	0.00812	0.01178	0.01270	0.02223	0.01314	0.27178	0.31375	0.00553	0.25634	0.00597	0.00279	0.00458
35	0.04595	0.01040	0.04613	0.03389	0.01409	0.00818	0.03094	0.01456	0.06357	0.01760	0.01067	0.03083	0.00890	0.00459	0.00422	0.00102	0.00435	0.00378	0.00326	0.64306
36	0.01542	0.05984	0.08128	0.08740	0.18500	0.32858	0.01232	0.05968	0.04647	0.01575	0.01023	0.03018	0.00853	0.00661	0.02899	0.00172	0.00781	0.00434	0.00291	0.00694
37	0.01511	0.68071	0.02555	0.00977	0.01405	0.12070	0.00924	0.04828	0.01189	0.01339	0.00768	0.00880	0.00688	0.00472	0.00365	0.00118	0.00616	0.00298	0.00245	0.00679
38	0.00847	0.00645	0.00717	0.00663	0.00849	0.03000	0.00501	0.01038	0.01336	0.05894	0.34705	0.07326	0.32495	0.01118	0.00601	0.00166	0.00302	0.00955	0.00518	0.06326
39	0.00750	0.00559	0.00790	0.00794	0.00888	0.00619	0.00607	0.00920	0.00916	0.01278	0.05149	0.02722	0.08055	0.11229	0.58156	0.00703	0.01137	0.03946	0.00326	0.00457
40	0.24884	0.00953	0.01038	0.00796	0.01211	0.00856	0.00647	0.01688	0.01140	0.20081	0.01154	0.01196	0.00849	0.00481	0.00407	0.00122	0.00410	0.00357	0.00398	0.41331
41	0.00703	0.00510	0.00712	0.00772	0.00827	0.00536	0.00550	0.00829	0.00921	0.01269	0.02162	0.40416	0.02425	0.09404	0.34785	0.00514	0.00803	0.01037	0.00387	0.00439
42	0.01060	0.02735	0.78682	0.01507	0.02288	0.01228	0.01953	0.01674	0.01116	0.01674	0.00949	0.01116	0.00670	0.00502	0.00502	0.00167	0.00781	0.00391	0.00223	0.00781
43	0.00918	0.00459	0.00689	0.00689	0.00689	0.00459	0.00459	0.00689	0.00689	0.00918	0.00918	0.01607	0.00918	0.01837	0.02066	0.84619	0.00459	0.00459	0.00230	0.00230
44	0.00639	0.00536	0.00555	0.00550	0.00723	0.00452	0.00413	0.00786	0.01238	0.01507	0.13586	0.04958	0.69629	0.01310	0.00625	0.00177	0.00266	0.01098	0.00501	0.00452
45	0.00985	0.00493	0.00493	0.00493	0.00616	0.00493	0.00370	0.01232	0.01109	0.01971	0.01725	0.01971	0.01355	0.00616	0.00370	0.00123	0.00246	0.00493	0.84356	0.00493
46	0.01294	0.01236	0.02106	0.03175	0.75767	0.01236	0.01599	0.01606	0.01204	0.01723	0.01050	0.01451	0.00905	0.00501	0.00530	0.00160	0.00624	0.02737	0.00269	0.00827
47	0.00905	0.00707	0.00796	0.00781	0.00964	0.00714	0.00594	0.01434	0.22434	0.04134	0.11161	0.17707	0.27882	0.01183	0.00614	0.00188	0.00337	0.06373	0.00518	0.00575
48	0.00776	0.00597	0.00890	0.00878	0.00967	0.00711	0.00687	0.00961	0.00848	0.01230	0.01379	0.02029	0.01289	0.03807	0.75293	0.00817	0.05524	0.00561	0.00281	0.00478
49	0.01156	0.00681	0.00733	0.00666	0.00860	0.00680	0.00514	0.11211	0.03650	0.08133	0.02413	0.07877	0.14613	0.00821	0.00474	0.00149	0.00320	0.00674	0.43799	0.00577
50	0.01060	0.02735	0.78682	0.01507	0.02288	0.01228	0.01953	0.01674	0.01116	0.01674	0.00949	0.01116	0.00670	0.00502	0.00502	0.00167	0.00781	0.00391	0.00223	0.00781
51	0.06895	0.01868	0.03916	0.09382	0.01779	0.42356	0.04716	0.06974	0.01386	0.03801	0.02670	0.01283	0.00882	0.04431	0.02128	0.00183	0.03994	0.00424	0.00307	0.00626
52	0.00943	0.04428	0.11284	0.07067	0.01424	0.01069	0.00981	0.01219	0.04475	0.01404	0.02049	0.08937	0.16737	0.01374	0.11685	0.00284	0.23057	0.00688	0.00326	0.00567

[dist]
# distance from previous block
# <min> <max>
1	7

[block]
# block no. 8 follows, 46 sequences, length 89
# corresponding to MSA columns:
# 309-362,366-400
name=unknown_I
#
# <colnr> <probs for GDERKNQSTAVLIFYWHMCP>
#	G	D	E	R	K	N	Q	S	T	A	V	L	I	F	Y	W	H	M	C	P
0	0.05180	0.19146	0.17242	0.01077	0.04787	0.06244	0.00980	0.06151	0.04082	0.02804	0.04050	0.01868	0.05866	0.14353	0.00840	0.00210	0.00574	0.00510	0.03404	0.00632
1	0.01439	0.01042	0.02866	0.02947	0.10179	0.01006	0.09914	0.14077	0.05937	0.16656	0.07007	0.13571	0.01761	0.01773	0.00598	0.00177	0.00519	0.04014	0.00466	0.04052
2	0.00873	0.00505	0.00655	0.00686	0.00763	0.00480	0.00491	0.00908	0.00986	0.04794	0.02360	0.25154	0.11542	0.01457	0.01063	0.27050	0.00361	0.06399	0.13069	0.00403
3	0.01315	0.01182	0.04518	0.02378	0.01728	0.05225	0.22725	0.09742	0.05450	0.09387	0.01677	0.19118	0.01554	0.00803	0.00579	0.00173	0.00598	0.02962	0.00407	0.08479
4	0.01396	0.05165	0.15175	0.05097	0.13051	0.05619	0.16982	0.11469	0.06828	0.06354	0.01265	0.05672	0.01015	0.00590	0.00539	0.00165	0.00676	0.00540	0.00345	0.02058
5	0.01156	0.01634	0.28191	0.01248	0.03568	0.06770	0.03517	0.12324	0.01320	0.01807	0.04391	0.20518	0.01599	0.00975	0.03712	0.00203	0.03176	0.00709	0.02518	0.00664
6	0.00773	0.00514	0.00670	0.00755	0.00827	0.00481	0.00525	0.00916	0.03024	0.06120	0.02972	0.67479	0.07347	0.01547	0.00662	0.00210	0.00322	0.03885	0.00502	0.00472
7	0.02406	0.03269	0.01745	0.11683	0.27310	0.04199	0.06840	0.04342	0.15416	0.03981	0.02847	0.01543	0.02579	0.00569	0.00546	0.00160	0.02373	0.00506	0.00345	0.07342
8	0.01387	0.01348	0.05794	0.07003	0.06710	0.07875	0.12444	0.10918	0.01263	0.07331	0.01106	0.04119	0.00925	0.00895	0.05641	0.00226	0.23488	0.00523	0.00323	0.00682
9	0.01374	0.04417	0.01559	0.01328	0.09989	0.13485	0.07699	0.05687	0.05939	0.03329	0.01046	0.01195	0.00839	0.00470	0.00458	0.00119	0.00572	0.00393	0.00326	0.39774
10	0.00650	0.00513	0.00564	0.00595	0.00712	0.00451	0.00416	0.00759	0.01106	0.01370	0.05638	0.24576	0.47699	0.11448	0.00897	0.00230	0.00308	0.01170	0.00471	0.00427
11	0.11800	0.10502	0.24790	0.01421	0.01938	0.01368	0.19256	0.12805	0.01317	0.01953	0.02255	0.04578	0.00912	0.00568	0.00530	0.00166	0.02318	0.00492	0.00310	0.00722
12	0.01107	0.03999	0.04738	0.01132	0.03016	0.01047	0.07422	0.07036	0.07061	0.04729	0.09454	0.08421	0.07112	0.07174	0.07904	0.00270	0.14607	0.02774	0.00390	0.00606
