[name]
unknown

[dist]
# distance from previous block
# <min> <max>
0	415

[block]
# block no. 0 follows, 49 sequences, length 10
# corresponding to MSA columns:
# 488-497
name=unknown_A
#
# <colnr> <probs for GDERKNQSTAVLIFYWHMCP>
#	G	D	E	R	K	N	Q	S	T	A	V	L	I	F	Y	W	H	M	C	P
0	0.03611	0.00866	0.01120	0.02842	0.07513	0.00896	0.02431	0.15872	0.07124	0.10281	0.06341	0.13729	0.02024	0.04766	0.00669	0.00197	0.00460	0.18168	0.00461	0.00630
1	0.01094	0.01062	0.00897	0.00849	0.01035	0.19173	0.00638	0.11466	0.01350	0.01593	0.05441	0.22140	0.26763	0.01081	0.00567	0.00169	0.00465	0.03268	0.00429	0.00522
2	0.01163	0.01069	0.02934	0.02673	0.01369	0.08445	0.07339	0.09502	0.06708	0.03290	0.06018	0.10514	0.03800	0.00789	0.00550	0.00154	0.02145	0.10801	0.00390	0.20346
3	0.01566	0.03516	0.01536	0.01644	0.22150	0.25206	0.01055	0.15973	0.06718	0.04770	0.01275	0.01384	0.04536	0.00579	0.00512	0.00147	0.02620	0.00449	0.03656	0.00709
4	0.54640	0.01495	0.15593	0.00965	0.01361	0.11902	0.04475	0.01587	0.00993	0.01974	0.00767	0.00905	0.00589	0.00476	0.00377	0.00154	0.00550	0.00315	0.00285	0.00596
5	0.00878	0.00439	0.00659	0.00659	0.00659	0.00439	0.00439	0.00659	0.00659	0.00878	0.00878	0.01537	0.00878	0.01757	0.01976	0.85288	0.00439	0.00439	0.00220	0.00220
6	0.00735	0.00490	0.00552	0.00552	0.00552	0.00490	0.00306	0.00735	0.00735	0.00980	0.01593	0.03309	0.01838	0.82229	0.02574	0.00490	0.00490	0.00735	0.00306	0.00306
7	0.01835	0.01332	0.01424	0.01102	0.01481	0.01470	0.00907	0.70600	0.02260	0.03071	0.01253	0.01274	0.00899	0.00605	0.00492	0.00149	0.00528	0.00457	0.08035	0.00825
8	0.01014	0.02616	0.79609	0.01441	0.02189	0.01174	0.01868	0.01601	0.01068	0.01601	0.00907	0.01068	0.00641	0.00480	0.00480	0.00160	0.00747	0.00374	0.00214	0.00747
9	0.00628	0.00499	0.00564	0.00578	0.00709	0.00435	0.00422	0.00773	0.01179	0.01501	0.21366	0.19818	0.47171	0.01285	0.00607	0.00175	0.00259	0.01106	0.00489	0.00435

[dist]
# distance from previous block
# <min> <max>
0	1

[block]
# block no. 1 follows, 49 sequences, length 112
# corresponding to MSA columns:
# 499-610
name=unknown_B
#
# <colnr> <probs for GDERKNQSTAVLIFYWHMCP>
#	G	D	E	R	K	N	Q	S	T	A	V	L	I	F	Y	W	H	M	C	P
0	0.01779	0.22420	0.07020	0.01107	0.01477	0.35347	0.00956	0.03553	0.01328	0.18929	0.01053	0.01086	0.00790	0.00521	0.00437	0.00133	0.00690	0.00359	0.00334	0.00681
1	0.01125	0.29050	0.51129	0.01227	0.01849	0.01436	0.01489	0.01579	0.02453	0.01482	0.02382	0.01050	0.00740	0.00479	0.00432	0.00143	0.00663	0.00354	0.00227	0.00710
2	0.00624	0.00446	0.00596	0.00713	0.00746	0.00418	0.00483	0.00718	0.00976	0.01300	0.02783	0.78797	0.03327	0.01577	0.00648	0.00206	0.00300	0.04459	0.00469	0.00413
3	0.00878	0.00439	0.00659	0.00659	0.00659	0.00439	0.00439	0.00659	0.00659	0.00878	0.00878	0.01537	0.00878	0.01757	0.01976	0.85288	0.00439	0.00439	0.00220	0.00220
4	0.01049	0.00899	0.01049	0.00749	0.01198	0.00674	0.00599	0.01273	0.01049	0.01648	0.00899	0.01049	0.00749	0.00374	0.00374	0.00075	0.00374	0.00300	0.00300	0.85320
5	0.85801	0.00978	0.00743	0.00665	0.00978	0.01134	0.00548	0.01486	0.00861	0.02269	0.00704	0.00821	0.00548	0.00469	0.00313	0.00156	0.00391	0.00274	0.00313	0.00548
6	0.01194	0.01364	0.02984	0.02131	0.02643	0.01279	0.77238	0.01620	0.01194	0.01620	0.01023	0.01364	0.00767	0.00426	0.00597	0.00171	0.00853	0.00597	0.00256	0.00682
7	0.01558	0.00910	0.01004	0.00817	0.01095	0.00949	0.00660	0.31318	0.01645	0.15867	0.01539	0.01593	0.01117	0.00603	0.00440	0.00138	0.00395	0.00471	0.37190	0.00691
8	0.00739	0.00495	0.00565	0.00571	0.00577	0.00495	0.00332	0.00751	0.00757	0.01007	0.01648	0.03430	0.01893	0.78143	0.02479	0.00477	0.00489	0.04523	0.00314	0.00314
9	0.01922	0.01416	0.01518	0.01163	0.01568	0.01568	0.00961	0.77388	0.02378	0.03187	0.01214	0.01214	0.00860	0.00607	0.00506	0.00152	0.00556	0.00455	0.00506	0.00860
10	0.00625	0.00447	0.00594	0.00698	0.00735	0.00416	0.00470	0.00726	0.01008	0.01354	0.09319	0.75186	0.03467	0.01537	0.00641	0.00201	0.00289	0.01393	0.00477	0.00416
11	0.01238	0.01192	0.02049	0.06256	0.74526	0.01200	0.03003	0.01543	0.01147	0.01637	0.00950	0.01258	0.00795	0.00452	0.00503	0.00151	0.00609	0.00453	0.00249	0.00789
12	0.00700	0.00513	0.00656	0.00628	0.00748	0.00469	0.00468	0.00921	0.01383	0.01930	0.68160	0.07671	0.11700	0.01084	0.00599	0.00162	0.00243	0.00954	0.00544	0.00469
13	0.01282	0.01240	0.01957	0.04429	0.60460	0.04042	0.05376	0.03604	0.09357	0.01716	0.01072	0.01314	0.00871	0.00482	0.00506	0.00153	0.00604	0.00467	0.00285	0.00783
14	0.01308	0.03211	0.24441	0.05580	0.27676	0.12172	0.07279	0.07668	0.02855	0.01685	0.00958	0.01167	0.00743	0.00487	0.00494	0.00153	0.00700	0.00422	0.00265	0.00738
15	0.00690	0.00515	0.00643	0.00630	0.00755	0.00468	0.00475	0.00895	0.01329	0.01813	0.54180	0.08784	0.20537	0.01140	0.00605	0.00168	0.00258	0.05125	0.00528	0.00462
16	0.00617	0.00460	0.00574	0.00657	0.00723	0.00418	0.00450	0.00721	0.01033	0.01345	0.07109	0.60486	0.20590	0.01488	0.00632	0.00195	0.00282	0.01327	0.00474	0.00418
17	0.01095	0.01073	0.01504	0.01294	0.01294	0.01493	0.01073	0.01189	0.00769	0.01200	0.00675	0.01128	0.00675	0.00929	0.01675	0.04522	0.77215	0.00442	0.00221	0.00536
18	0.01121	0.02067	0.49556	0.01970	0.26045	0.01182	0.04940	0.01621	0.02497	0.02916	0.00965	0.01163	0.00722	0.00475	0.00493	0.00158	0.00695	0.00413	0.00239	0.00764
19	0.01014	0.02616	0.79609	0.01441	0.02189	0.01174	0.01868	0.01601	0.01068	0.01601	0.00907	0.01068	0.00641	0.00480	0.00480	0.00160	0.00747	0.00374	0.00214	0.00747
20	0.01197	0.03059	0.01921	0.22133	0.51899	0.03414	0.03846	0.01533	0.03243	0.01553	0.00960	0.01277	0.00781	0.00471	0.00500	0.00154	0.00629	0.00451	0.00251	0.00729
21	0.01922	0.01416	0.01518	0.01163	0.01568	0.01568	0.00961	0.77388	0.02378	0.03187	0.01214	0.01214	0.00860	0.00607	0.00506	0.00152	0.00556	0.00455	0.00506	0.00860
22	0.01209	0.08219	0.09290	0.07736	0.52832	0.01253	0.06934	0.01534	0.01124	0.01582	0.00926	0.01206	0.00761	0.00452	0.00488	0.00148	0.00626	0.00435	0.00244	0.03001
23	0.00731	0.00507	0.00637	0.00637	0.00667	0.00537	0.00413	0.00790	0.00761	0.01044	0.01515	0.02875	0.01650	0.56481	0.28064	0.00596	0.00774	0.00672	0.00295	0.00354
24	0.01194	0.01364	0.02984	0.02131	0.02643	0.01279	0.77238	0.01620	0.01194	0.01620	0.01023	0.01364	0.00767	0.00426	0.00597	0.00171	0.00853	0.00597	0.00256	0.00682
25	0.01385	0.62691	0.05160	0.01005	0.02977	0.07566	0.00940	0.01560	0.01053	0.03683	0.00759	0.00890	0.00672	0.00485	0.00462	0.00124	0.07403	0.00304	0.00233	0.00650
26	0.00598	0.00512	0.00512	0.00512	0.00683	0.00427	0.00384	0.00726	0.01153	0.01366	0.05123	0.04866	0.78869	0.01281	0.00598	0.00171	0.00256	0.01067	0.00470	0.00427
27	0.01213	0.01244	0.02357	0.02650	0.47127	0.01222	0.29731	0.01552	0.01154	0.01622	0.01009	0.02962	0.00838	0.00475	0.00567	0.00161	0.02591	0.00525	0.00256	0.00743
28	0.00632	0.00513	0.00554	0.00544	0.00695	0.00442	0.00404	0.00782	0.01204	0.01513	0.23096	0.04535	0.57516	0.04515	0.00678	0.00181	0.00261	0.01016	0.00484	0.00434
29	0.00671	0.00501	0.00604	0.00602	0.00708	0.00455	0.00430	0.00829	0.01205	0.01615	0.38436	0.15485	0.24306	0.10886	0.00840	0.00209	0.00281	0.01011	0.00490	0.00433
30	0.01151	0.21914	0.44692	0.01426	0.02041	0.03232	0.15655	0.01593	0.01090	0.01496	0.00876	0.01057	0.00666	0.00460	0.00463	0.00149	0.00720	0.00389	0.00223	0.00707
31	0.01428	0.01171	0.01239	0.01064	0.01380	0.01337	0.00842	0.21851	0.58720	0.02390	0.01842	0.01714	0.01368	0.00666	0.00512	0.00166	0.00440	0.00542	0.00512	0.00816
32	0.01197	0.04126	0.66167	0.01357	0.02044	0.01157	0.01685	0.04407	0.01157	0.10541	0.01038	0.01142	0.00718	0.00501	0.00481	0.00158	0.00700	0.00390	0.00271	0.00762
33	0.01509	0.01205	0.01261	0.01070	0.01394	0.03169	0.00849	0.24620	0.50973	0.05557	0.01778	0.01659	0.01310	0.00657	0.00510	0.00164	0.00459	0.00529	0.00511	0.00815
34	0.00817	0.00680	0.00987	0.00933	0.00998	0.00854	0.00740	0.00976	0.00801	0.01179	0.01190	0.01805	0.01131	0.05164	0.58776	0.00658	0.21054	0.00522	0.00260	0.00473
35	0.85801	0.00978	0.00743	0.00665	0.00978	0.01134	0.00548	0.01486	0.00861	0.02269	0.00704	0.00821	0.00548	0.00469	0.00313	0.00156	0.00391	0.00274	0.00313	0.00548
36	0.01009	0.00901	0.01341	0.39886	0.11102	0.01039	0.01124	0.01553	0.17346	0.01636	0.14337	0.01962	0.01615	0.00647	0.00527	0.00167	0.00530	0.02308	0.00350	0.00623
37	0.00934	0.00542	0.00605	0.00576	0.00715	0.00538	0.00436	0.01255	0.06755	0.04272	0.26033	0.02477	0.02409	0.00738	0.00446	0.00136	0.00254	0.00620	0.49749	0.00509
38	0.00616	0.00440	0.00587	0.00704	0.00733	0.00411	0.00469	0.00704	0.00968	0.01291	0.02787	0.81899	0.03344	0.01584	0.00645	0.00205	0.00293	0.01438	0.00469	0.00411
39	0.00720	0.00536	0.00602	0.00591	0.00748	0.00471	0.00440	0.00902	0.03055	0.05260	0.20045	0.13009	0.49368	0.01217	0.00596	0.00171	0.00268	0.01038	0.00496	0.00465
40	0.00616	0.00440	0.00587	0.00704	0.00733	0.00411	0.00469	0.00704	0.00968	0.01291	0.02787	0.81899	0.03344	0.01584	0.00645	0.00205	0.00293	0.01438	0.00469	0.00411
41	0.01352	0.82533	0.02650	0.00865	0.01298	0.02001	0.00865	0.01514	0.01027	0.01190	0.00703	0.00811	0.00649	0.00433	0.00324	0.00108	0.00541	0.00270	0.00216	0.00649
42	0.83162	0.01023	0.00765	0.00685	0.00996	0.03620	0.00561	0.01503	0.00879	0.02236	0.00707	0.00824	0.00551	0.00471	0.00317	0.00156	0.00408	0.00275	0.00311	0.00549
43	0.00617	0.00513	0.00539	0.00532	0.00695	0.00435	0.00399	0.00763	0.01198	0.01473	0.16997	0.04691	0.66928	0.01241	0.00597	0.00169	0.00253	0.01043	0.00484	0.00435
44	0.00598	0.00510	0.00515	0.00519	0.00685	0.00426	0.00387	0.00725	0.01146	0.01363	0.05039	0.07620	0.76170	0.01292	0.00599	0.00172	0.00257	0.01080	0.00470	0.00426
45	0.01194	0.01364	0.02984	0.02131	0.02643	0.01279	0.77238	0.01620	0.01194	0.01620	0.01023	0.01364	0.00767	0.00426	0.00597	0.00171	0.00853	0.00597	0.00256	0.00682
46	0.00943	0.00471	0.00471	0.00471	0.00589	0.00471	0.00353	0.01178	0.01060	0.01885	0.01650	0.01885	0.01296	0.00589	0.00353	0.00118	0.00236	0.00471	0.85036	0.00471
47	0.01282	0.01098	0.01157	0.01034	0.01324	0.01269	0.00806	0.05357	0.75452	0.02154	0.02028	0.01863	0.01519	0.00683	0.00514	0.00171	0.00406	0.00568	0.00514	0.00803
48	0.01365	0.01675	0.33927	0.01171	0.01665	0.01108	0.01233	0.09352	0.19404	0.16065	0.01501	0.05034	0.01121	0.00690	0.02253	0.00178	0.00582	0.00504	0.00401	0.00770
49	0.00982	0.00926	0.01565	0.74020	0.10268	0.01130	0.01418	0.01315	0.01024	0.01324	0.00903	0.01339	0.00685	0.00501	0.00505	0.00167	0.00667	0.00449	0.00227	0.00583
50	0.01352	0.82533	0.02650	0.00865	0.01298	0.02001	0.00865	0.01514	0.01027	0.01190	0.00703	0.00811	0.00649	0.00433	0.00324	0.00108	0.00541	0.00270	0.00216	0.00649
51	0.01014	0.02616	0.79609	0.01441	0.02189	0.01174	0.01868	0.01601	0.01068	0.01601	0.00907	0.01068	0.00641	0.00480	0.00480	0.00160	0.00747	0.00374	0.00214	0.00747
52	0.00735	0.00490	0.00552	0.00552	0.00552	0.00490	0.00306	0.00735	0.00735	0.00980	0.01593	0.03309	0.01838	0.82229	0.02574	0.00490	0.00490	0.00735	0.00306	0.00306
53	0.09505	0.01190	0.01333	0.01030	0.01422	0.01252	0.00851	0.45395	0.01929	0.28785	0.01432	0.01350	0.00964	0.00601	0.00490	0.00154	0.00499	0.00457	0.00529	0.00832
54	0.00722	0.00542	0.00813	0.00813	0.00903	0.00632	0.00632	0.00903	0.00813	0.01174	0.01354	0.01987	0.01264	0.03792	0.80225	0.00813	0.01354	0.00542	0.00271	0.00451
55	0.01194	0.01364	0.02984	0.02131	0.02643	0.01279	0.77238	0.01620	0.01194	0.01620	0.01023	0.01364	0.00767	0.00426	0.00597	0.00171	0.00853	0.00597	0.00256	0.00682
56	0.01014	0.02616	0.79609	0.01441	0.02189	0.01174	0.01868	0.01601	0.01068	0.01601	0.00907	0.01068	0.00641	0.00480	0.00480	0.00160	0.00747	0.00374	0.00214	0.00747
57	0.00804	0.00592	0.00861	0.00945	0.01064	0.00585	0.03383	0.01026	0.01141	0.01490	0.02634	0.14733	0.02889	0.01386	0.00689	0.00227	0.00458	0.64166	0.00459	0.00466
58	0.00598	0.00512	0.00512	0.00512	0.00683	0.00427	0.00384	0.00726	0.01153	0.01366	0.05123	0.04866	0.78869	0.01281	0.00598	0.00171	0.00256	0.01067	0.00470	0.00427
59	0.01980	0.01323	0.01460	0.01119	0.01522	0.01430	0.00925	0.64818	0.02221	0.15978	0.01345	0.01299	0.00926	0.00610	0.00506	0.00153	0.00535	0.00464	0.00526	0.00860
60	0.00750	0.00521	0.00644	0.00637	0.00663	0.00517	0.02478	0.00787	0.00798	0.01061	0.01728	0.06780	0.01972	0.69078	0.02264	0.00446	0.00490	0.07724	0.00327	0.00336
61	0.00613	0.00453	0.00574	0.00670	0.00725	0.00414	0.00454	0.00708	0.01001	0.01304	0.03201	0.68262	0.16714	0.01530	0.00637	0.00199	0.00287	0.01372	0.00469	0.00414
62	0.01072	0.00913	0.01061	0.00760	0.01208	0.00698	0.00609	0.03300	0.01084	0.01689	0.00907	0.01053	0.00752	0.00381	0.00378	0.00077	0.00379	0.00304	0.00305	0.83071
63	0.00621	0.00449	0.00589	0.00699	0.00740	0.00417	0.00475	0.00716	0.00986	0.01302	0.02927	0.74767	0.07971	0.01560	0.00644	0.00204	0.00297	0.03752	0.00469	0.00413
64	0.01057	0.00726	0.00600	0.00583	0.00715	0.10896	0.00433	0.01269	0.01095	0.01762	0.01534	0.01819	0.01235	0.04089	0.00462	0.00135	0.00335	0.00464	0.70310	0.00479
65	0.01571	0.00881	0.00995	0.00813	0.01093	0.00898	0.00655	0.26722	0.01594	0.21320	0.01758	0.03610	0.04346	0.00655	0.00459	0.00143	0.00392	0.00522	0.30881	0.00692
66	0.01106	0.01106	0.01549	0.01328	0.01328	0.01549	0.01106	0.01217	0.00774	0.01217	0.00664	0.01106	0.00664	0.00885	0.01659	0.00221	0.81303	0.00443	0.00221	0.00553
67	0.01046	0.00901	0.01087	0.02725	0.04027	0.00699	0.00650	0.01274	0.01050	0.01633	0.00934	0.02501	0.00795	0.00402	0.00387	0.00082	0.00388	0.00329	0.00299	0.78791
68	0.01823	0.03645	0.05412	0.01326	0.04013	0.62562	0.01022	0.06175	0.02976	0.05187	0.00900	0.01004	0.00714	0.00528	0.00463	0.00135	0.00834	0.00352	0.00293	0.00635
69	0.01049	0.00899	0.01049	0.00749	0.01198	0.00674	0.00599	0.01273	0.01049	0.01648	0.00899	0.01049	0.00749	0.00374	0.00374	0.00075	0.00374	0.00300	0.00300	0.85320
70	0.01158	0.01535	0.19717	0.09251	0.35693	0.01208	0.20911	0.01558	0.01131	0.01601	0.00955	0.01247	0.00745	0.00456	0.00521	0.00159	0.00704	0.00470	0.00241	0.00738
71	0.01237	0.01229	0.01891	0.19621	0.56989	0.07224	0.01476	0.01532	0.01143	0.01543	0.00927	0.01246	0.00762	0.00468	0.00498	0.00153	0.00640	0.00441	0.00246	0.00733
72	0.00716	0.00517	0.00676	0.00636	0.00755	0.00477	0.00477	0.00954	0.01431	0.02028	0.78808	0.03777	0.04771	0.01034	0.00596	0.00159	0.00239	0.00914	0.00557	0.00477
73	0.00616	0.00440	0.00587	0.00704	0.00733	0.00411	0.00469	0.00704	0.00968	0.01291	0.02787	0.81899	0.03344	0.01584	0.00645	0.00205	0.00293	0.01438	0.00469	0.00411
74	0.00598	0.00512	0.00512	0.00512	0.00683	0.00427	0.00384	0.00726	0.01153	0.01366	0.05123	0.04866	0.78869	0.01281	0.00598	0.00171	0.00256	0.01067	0.00470	0.00427
75	0.00716	0.00517	0.00676	0.00636	0.00755	0.00477	0.00477	0.00954	0.01431	0.02028	0.78808	0.03777	0.04771	0.01034	0.00596	0.00159	0.00239	0.00914	0.00557	0.00477
76	0.85801	0.00978	0.00743	0.00665	0.00978	0.01134	0.00548	0.01486	0.00861	0.02269	0.00704	0.00821	0.00548	0.00469	0.00313	0.00156	0.00391	0.00274	0.00313	0.00548
77	0.85801	0.00978	0.00743	0.00665	0.00978	0.01134	0.00548	0.01486	0.00861	0.02269	0.00704	0.00821	0.00548	0.00469	0.00313	0.00156	0.00391	0.00274	0.00313	0.00548
78	0.85801	0.00978	0.00743	0.00665	0.00978	0.01134	0.00548	0.01486	0.00861	0.02269	0.00704	0.00821	0.00548	0.00469	0.00313	0.00156	0.00391	0.00274	0.00313	0.00548
79	0.01352	0.82533	0.02650	0.00865	0.01298	0.02001	0.00865	0.01514	0.01027	0.01190	0.00703	0.00811	0.00649	0.00433	0.00324	0.00108	0.00541	0.00270	0.00216	0.00649
80	0.85801	0.00978	0.00743	0.00665	0.00978	0.01134	0.00548	0.01486	0.00861	0.02269	0.00704	0.00821	0.00548	0.00469	0.00313	0.00156	0.00391	0.00274	0.00313	0.00548
81	0.85801	0.00978	0.00743	0.00665	0.00978	0.01134	0.00548	0.01486	0.00861	0.02269	0.00704	0.00821	0.00548	0.00469	0.00313	0.00156	0.00391	0.00274	0.00313	0.00548
82	0.00716	0.00517	0.00676	0.00636	0.00755	0.00477	0.00477	0.00954	0.01431	0.02028	0.78808	0.03777	0.04771	0.01034	0.00596	0.00159	0.00239	0.00914	0.00557	0.00477
83	0.02252	0.00888	0.01190	0.00913	0.01304	0.00784	0.00754	0.06125	0.01493	0.75700	0.01957	0.01696	0.01233	0.00625	0.00508	0.00156	0.00436	0.00506	0.00620	0.00861
84	0.00955	0.00899	0.01517	0.81013	0.03483	0.01123	0.01404	0.01292	0.01011	0.01292	0.00899	0.01348	0.00674	0.00506	0.00506	0.00169	0.00674	0.00449	0.00225	0.00562
85	0.01014	0.02616	0.79609	0.01441	0.02189	0.01174	0.01868	0.01601	0.01068	0.01601	0.00907	0.01068	0.00641	0.00480	0.00480	0.00160	0.00747	0.00374	0.00214	0.00747
86	0.00762	0.00527	0.00691	0.00644	0.00772	0.00485	0.00485	0.01000	0.01432	0.04349	0.76504	0.03716	0.04666	0.01022	0.00594	0.00159	0.00244	0.00902	0.00559	0.00489
87	0.01066	0.00612	0.00793	0.00698	0.00885	0.00558	0.00540	0.03192	0.01443	0.18314	0.56435	0.03342	0.08193	0.00951	0.00576	0.00159	0.00288	0.00826	0.00565	0.00565
88	0.01252	0.01201	0.02053	0.03104	0.79074	0.01201	0.01552	0.01552	0.01151	0.01652	0.00951	0.01252	0.00801	0.00451	0.00501	0.00150	0.00601	0.00451	0.00250	0.00801
89	0.01106	0.01106	0.01549	0.01328	0.01328	0.01549	0.01106	0.01217	0.00774	0.01217	0.00664	0.01106	0.00664	0.00885	0.01659	0.00221	0.81303	0.00443	0.00221	0.00553
90	0.01049	0.00899	0.01049	0.00749	0.01198	0.00674	0.00599	0.01273	0.01049	0.01648	0.00899	0.01049	0.00749	0.00374	0.00374	0.00075	0.00374	0.00300	0.00300	0.85320
91	0.04566	0.00756	0.00952	0.00963	0.05084	0.02417	0.02435	0.11394	0.01246	0.12623	0.02199	0.48620	0.02351	0.01163	0.00581	0.00184	0.00394	0.01032	0.00469	0.00571
92	0.00716	0.00517	0.00676	0.00636	0.00755	0.00477	0.00477	0.00954	0.01431	0.02028	0.78808	0.03777	0.04771	0.01034	0.00596	0.00159	0.00239	0.00914	0.00557	0.00477
93	0.01076	0.01773	0.37204	0.04304	0.19831	0.01124	0.10376	0.01584	0.06348	0.01629	0.01157	0.06599	0.00955	0.00559	0.00509	0.00162	0.00654	0.00507	0.02932	0.00719
94	0.01032	0.02509	0.73976	0.01477	0.04571	0.01179	0.01815	0.01644	0.04208	0.01624	0.00956	0.01107	0.00682	0.00488	0.00482	0.00160	0.00729	0.00384	0.00227	0.00751
95	0.00705	0.00516	0.00661	0.00625	0.00749	0.00473	0.00469	0.00934	0.01407	0.01969	0.72241	0.03874	0.11375	0.01056	0.00597	0.00160	0.00240	0.00928	0.00549	0.00473
96	0.01052	0.01016	0.01424	0.01238	0.01253	0.01401	0.01025	0.01175	0.00787	0.01229	0.00780	0.01242	0.00759	0.01256	0.11870	0.00296	0.68727	0.00456	0.02477	0.00538
97	0.01194	0.01364	0.02984	0.02131	0.02643	0.01279	0.77238	0.01620	0.01194	0.01620	0.01023	0.01364	0.00767	0.00426	0.00597	0.00171	0.00853	0.00597	0.00256	0.00682
98	0.00708	0.00517	0.00665	0.00628	0.00751	0.00474	0.00471	0.00940	0.01414	0.01985	0.74087	0.03847	0.09519	0.01050	0.00596	0.00160	0.00240	0.00924	0.00551	0.00474
99	0.01014	0.02616	0.79609	0.01441	0.02189	0.01174	0.01868	0.01601	0.01068	0.01601	0.00907	0.01068	0.00641	0.00480	0.00480	0.00160	0.00747	0.00374	0.00214	0.00747
100	0.00598	0.00512	0.00512	0.00512	0.00683	0.00427	0.00384	0.00726	0.01153	0.01366	0.05123	0.04866	0.78869	0.01281	0.00598	0.00171	0.00256	0.01067	0.00470	0.00427
101	0.01352	0.82533	0.02650	0.00865	0.01298	0.02001	0.00865	0.01514	0.01027	0.01190	0.00703	0.00811	0.00649	0.00433	0.00324	0.00108	0.00541	0.00270	0.00216	0.00649
102	0.14834	0.34666	0.34061	0.01080	0.01620	0.03236	0.01230	0.01557	0.01026	0.01534	0.00789	0.00921	0.00629	0.00460	0.00390	0.00138	0.00610	0.00315	0.00232	0.00672
103	0.00955	0.00899	0.01517	0.81013	0.03483	0.01123	0.01404	0.01292	0.01011	0.01292	0.00899	0.01348	0.00674	0.00506	0.00506	0.00169	0.00674	0.00449	0.00225	0.00562
104	0.00716	0.00517	0.00676	0.00636	0.00755	0.00477	0.00477	0.00954	0.01431	0.02028	0.78808	0.03777	0.04771	0.01034	0.00596	0.00159	0.00239	0.00914	0.00557	0.00477
105	0.00706	0.00516	0.00662	0.00626	0.00749	0.00473	0.00469	0.00935	0.01408	0.01972	0.72574	0.03869	0.11040	0.01055	0.00597	0.00160	0.00240	0.00927	0.00549	0.00473
106	0.01068	0.13714	0.66231	0.01385	0.02080	0.01293	0.04333	0.01590	0.01066	0.01545	0.00883	0.01042	0.00646	0.00472	0.00463	0.00153	0.00722	0.00367	0.00215	0.00731
107	0.00622	0.00445	0.00592	0.00700	0.00735	0.00415	0.00470	0.00720	0.00997	0.01337	0.07546	0.77008	0.03434	0.01550	0.00642	0.00202	0.00290	0.01405	0.00475	0.00415
108	0.01922	0.01416	0.01518	0.01163	0.01568	0.01568	0.00961	0.77388	0.02378	0.03187	0.01214	0.01214	0.00860	0.00607	0.00506	0.00152	0.00556	0.00455	0.00506	0.00860
109	0.01243	0.01193	0.02038	0.05283	0.76960	0.01199	0.01548	0.01545	0.01147	0.01642	0.00950	0.01254	0.00797	0.00452	0.00501	0.00151	0.00603	0.00451	0.00250	0.00794
110	0.01204	0.01395	0.08936	0.02455	0.34363	0.01237	0.37845	0.01613	0.02818	0.01642	0.01006	0.01304	0.00787	0.00446	0.00545	0.00161	0.00729	0.00517	0.00256	0.00739
111	0.00750	0.00565	0.00787	0.00775	0.00833	0.00652	0.00572	0.00874	0.00794	0.01128	0.01415	0.04798	0.01443	0.24756	0.51119	0.00664	0.06759	0.00615	0.00283	0.00418

[dist]
# distance from previous block
# <min> <max>
0	8

[block]
# block no. 2 follows, 49 sequences, length 127
# corresponding to MSA columns:
# 619-745
name=unknown_C
#
# <colnr> <probs for GDERKNQSTAVLIFYWHMCP>
#	G	D	E	R	K	N	Q	S	T	A	V	L	I	F	Y	W	H	M	C	P
0	0.00780	0.00558	0.00700	0.00804	0.00847	0.00509	0.00533	0.00824	0.01058	0.01425	0.02855	0.77712	0.03378	0.04215	0.00767	0.00241	0.00354	0.01440	0.00511	0.00489
1	0.01049	0.00899	0.01049	0.00749	0.01198	0.00674	0.00599	0.01273	0.01049	0.01648	0.00899	0.01049	0.00749	0.00374	0.00374	0.00075	0.00374	0.00300	0.00300	0.85320
2	0.01404	0.01177	0.08189	0.00926	0.01176	0.10203	0.00757	0.15353	0.04017	0.15054	0.01433	0.02070	0.01275	0.31594	0.01308	0.00282	0.02243	0.00552	0.00390	0.00599
3	0.00815	0.00582	0.00815	0.00931	0.01048	0.00582	0.00815	0.01048	0.01164	0.01513	0.02677	0.05704	0.02910	0.01397	0.00698	0.00233	0.00466	0.75671	0.00466	0.00466
4	0.02269	0.00861	0.01174	0.00900	0.01291	0.00743	0.00743	0.02464	0.01447	0.79425	0.01995	0.01721	0.01252	0.00626	0.00509	0.00156	0.00430	0.00509	0.00626	0.00861
5	0.00990	0.00549	0.00594	0.02998	0.02674	0.00566	0.00447	0.03541	0.03404	0.01908	0.01609	0.01833	0.01259	0.00587	0.00371	0.00123	0.00273	0.00473	0.75299	0.00504
6	0.85801	0.00978	0.00743	0.00665	0.00978	0.01134	0.00548	0.01486	0.00861	0.02269	0.00704	0.00821	0.00548	0.00469	0.00313	0.00156	0.00391	0.00274	0.00313	0.00548
7	0.00735	0.00490	0.00552	0.00552	0.00552	0.00490	0.00306	0.00735	0.00735	0.00980	0.01593	0.03309	0.01838	0.82229	0.02574	0.00490	0.00490	0.00735	0.00306	0.00306
8	0.01335	0.30872	0.22069	0.01400	0.08309	0.08925	0.09893	0.02796	0.03729	0.04888	0.00930	0.01069	0.00733	0.00474	0.00440	0.00139	0.00660	0.00378	0.00259	0.00702
9	0.01892	0.04579	0.01533	0.01193	0.01557	0.24199	0.00962	0.53020	0.02058	0.02555	0.01072	0.01113	0.00792	0.00576	0.00485	0.00144	0.00658	0.00411	0.00425	0.00774
10	0.01070	0.01325	0.18610	0.03252	0.13349	0.00876	0.01045	0.01389	0.01068	0.01629	0.00909	0.01091	0.00731	0.00413	0.00420	0.00108	0.00499	0.00343	0.00271	0.51602
11	0.01252	0.01201	0.02053	0.03104	0.79074	0.01201	0.01552	0.01552	0.01151	0.01652	0.00951	0.01252	0.00801	0.00451	0.00501	0.00150	0.00601	0.00451	0.00250	0.00801
12	0.00657	0.00471	0.00627	0.00701	0.00761	0.00441	0.00495	0.00795	0.01107	0.01505	0.23331	0.55519	0.03700	0.01422	0.00636	0.00195	0.00290	0.06421	0.00493	0.00432
13	0.01247	0.01257	0.01713	0.16719	0.41197	0.11205	0.01319	0.01608	0.07463	0.01546	0.02578	0.01389	0.02431	0.00543	0.00572	0.00158	0.05609	0.00465	0.00277	0.00701
14	0.00616	0.00440	0.00587	0.00704	0.00733	0.00411	0.00469	0.00704	0.00968	0.01291	0.02787	0.81899	0.03344	0.01584	0.00645	0.00205	0.00293	0.01438	0.00469	0.00411
15	0.01180	0.01012	0.01072	0.00970	0.01238	0.01153	0.00752	0.02447	0.68183	0.02061	0.07286	0.02202	0.06723	0.00747	0.00525	0.00171	0.00380	0.00626	0.00514	0.00755
16	0.00609	0.00513	0.00528	0.00524	0.00690	0.00432	0.00393	0.00747	0.01179	0.01428	0.11990	0.04765	0.71963	0.01258	0.00598	0.00170	0.00254	0.01053	0.00478	0.00432
17	0.82949	0.00993	0.00770	0.00682	0.00998	0.01149	0.00562	0.04067	0.00912	0.02300	0.00721	0.00835	0.00558	0.00474	0.00319	0.00156	0.00397	0.00280	0.00319	0.00558
18	0.01352	0.82533	0.02650	0.00865	0.01298	0.02001	0.00865	0.01514	0.01027	0.01190	0.00703	0.00811	0.00649	0.00433	0.00324	0.00108	0.00541	0.00270	0.00216	0.00649
19	0.85801	0.00978	0.00743	0.00665	0.00978	0.01134	0.00548	0.01486	0.00861	0.02269	0.00704	0.00821	0.00548	0.00469	0.00313	0.00156	0.00391	0.00274	0.00313	0.00548
20	0.00735	0.00490	0.00552	0.00552	0.00552	0.00490	0.00306	0.00735	0.00735	0.00980	0.01593	0.03309	0.01838	0.82229	0.02574	0.00490	0.00490	0.00735	0.00306	0.00306
21	0.01200	0.25369	0.45609	0.01302	0.05713	0.01376	0.01446	0.01637	0.02694	0.06296	0.02393	0.01111	0.00784	0.00489	0.00441	0.00145	0.00644	0.00370	0.00254	0.00725
22	0.00725	0.00530	0.00753	0.00753	0.00822	0.00599	0.00557	0.00864	0.00795	0.01129	0.01409	0.02290	0.01396	0.21818	0.62380	0.00739	0.01156	0.00586	0.00279	0.00418
23	0.00815	0.00582	0.00815	0.00931	0.01048	0.00582	0.00815	0.01048	0.01164	0.01513	0.02677	0.05704	0.02910	0.01397	0.00698	0.00233	0.00466	0.75671	0.00466	0.00466
24	0.01226	0.01186	0.02051	0.05771	0.71196	0.01188	0.05249	0.01531	0.01149	0.01632	0.01029	0.01327	0.02227	0.00467	0.00507	0.00152	0.00609	0.00469	0.00254	0.00780
25	0.01435	0.04191	0.09115	0.03677	0.16789	0.26071	0.20188	0.04366	0.06338	0.01570	0.00985	0.01186	0.00774	0.00491	0.00505	0.00151	0.00760	0.00443	0.00276	0.00691
26	0.01156	0.01191	0.01540	0.03685	0.01408	0.07000	0.01106	0.01275	0.00827	0.01221	0.00679	0.01100	0.00663	0.00849	0.01542	0.00213	0.73331	0.00435	0.00224	0.00556
27	0.01178	0.01439	0.20119	0.06741	0.34018	0.01109	0.06673	0.04557	0.02987	0.04745	0.08603	0.01542	0.01198	0.02236	0.00556	0.00164	0.00607	0.00499	0.00302	0.00729
28	0.26469	0.04280	0.08040	0.04021	0.03010	0.38991	0.05307	0.01754	0.01187	0.01603	0.00788	0.00943	0.00630	0.00492	0.00423	0.00144	0.00715	0.00335	0.00269	0.00599
29	0.01206	0.02119	0.55631	0.01497	0.07383	0.01098	0.06460	0.01696	0.01147	0.12418	0.03841	0.01286	0.00892	0.00515	0.00497	0.00160	0.00682	0.00431	0.00288	0.00753
30	0.00735	0.00490	0.00552	0.00552	0.00552	0.00490	0.00306	0.00735	0.00735	0.00980	0.01593	0.03309	0.01838	0.82229	0.02574	0.00490	0.00490	0.00735	0.00306	0.00306
31	0.01352	0.82533	0.02650	0.00865	0.01298	0.02001	0.00865	0.01514	0.01027	0.01190	0.00703	0.00811	0.00649	0.00433	0.00324	0.00108	0.00541	0.00270	0.00216	0.00649
32	0.00716	0.00517	0.00676	0.00636	0.00755	0.00477	0.00477	0.00954	0.01431	0.02028	0.78808	0.03777	0.04771	0.01034	0.00596	0.00159	0.00239	0.00914	0.00557	0.00477
33	0.00598	0.00512	0.00512	0.00512	0.00683	0.00427	0.00384	0.00726	0.01153	0.01366	0.05123	0.04866	0.78869	0.01281	0.00598	0.00171	0.00256	0.01067	0.00470	0.00427
34	0.00598	0.00512	0.00512	0.00512	0.00683	0.00427	0.00384	0.00726	0.01153	0.01366	0.05123	0.04866	0.78869	0.01281	0.00598	0.00171	0.00256	0.01067	0.00470	0.00427
35	0.01258	0.01086	0.01143	0.01029	0.01315	0.01258	0.00800	0.02687	0.78161	0.02115	0.02058	0.01887	0.01544	0.00686	0.00515	0.00172	0.00400	0.00572	0.00515	0.00800
36	0.01352	0.82533	0.02650	0.00865	0.01298	0.02001	0.00865	0.01514	0.01027	0.01190	0.00703	0.00811	0.00649	0.00433	0.00324	0.00108	0.00541	0.00270	0.00216	0.00649
37	0.01922	0.01416	0.01518	0.01163	0.01568	0.01568	0.00961	0.77388	0.02378	0.03187	0.01214	0.01214	0.00860	0.00607	0.00506	0.00152	0.00556	0.00455	0.00506	0.00860
38	0.01922	0.01416	0.01518	0.01163	0.01568	0.01568	0.00961	0.77388	0.02378	0.03187	0.01214	0.01214	0.00860	0.00607	0.00506	0.00152	0.00556	0.00455	0.00506	0.00860
39	0.01352	0.82533	0.02650	0.00865	0.01298	0.02001	0.00865	0.01514	0.01027	0.01190	0.00703	0.00811	0.00649	0.00433	0.00324	0.00108	0.00541	0.00270	0.00216	0.00649
40	0.01049	0.00899	0.01049	0.00749	0.01198	0.00674	0.00599	0.01273	0.01049	0.01648	0.00899	0.01049	0.00749	0.00374	0.00374	0.00075	0.00374	0.00300	0.00300	0.85320
41	0.00635	0.00514	0.00565	0.00552	0.00706	0.00443	0.00414	0.00799	0.01242	0.01578	0.28675	0.04518	0.55185	0.01202	0.00597	0.00167	0.00251	0.01018	0.00497	0.00443
42	0.85801	0.00978	0.00743	0.00665	0.00978	0.01134	0.00548	0.01486	0.00861	0.02269	0.00704	0.00821	0.00548	0.00469	0.00313	0.00156	0.00391	0.00274	0.00313	0.00548
43	0.01049	0.00899	0.01049	0.00749	0.01198	0.00674	0.00599	0.01273	0.01049	0.01648	0.00899	0.01049	0.00749	0.00374	0.00374	0.00075	0.00374	0.00300	0.00300	0.85320
44	0.02269	0.00861	0.01174	0.00900	0.01291	0.00743	0.00743	0.02464	0.01447	0.79425	0.01995	0.01721	0.01252	0.00626	0.00509	0.00156	0.00430	0.00509	0.00626	0.00861
45	0.00891	0.01203	0.23573	0.00977	0.01317	0.00760	0.05620	0.01277	0.03912	0.04151	0.44088	0.02762	0.05749	0.00822	0.00558	0.00161	0.00435	0.00721	0.00437	0.00588
46	0.01813	0.01400	0.01418	0.01118	0.01486	0.06855	0.00911	0.62487	0.06903	0.02900	0.01266	0.01280	0.00917	0.00605	0.00493	0.00149	0.00550	0.00455	0.06183	0.00811
47	0.00616	0.00440	0.00587	0.00704	0.00733	0.00411	0.00469	0.00704	0.00968	0.01291	0.02787	0.81899	0.03344	0.01584	0.00645	0.00205	0.00293	0.01438	0.00469	0.00411
48	0.00735	0.00490	0.00552	0.00552	0.00552	0.00490	0.00306	0.00735	0.00735	0.00980	0.01593	0.03309	0.01838	0.82229	0.02574	0.00490	0.00490	0.00735	0.00306	0.00306
49	0.01206	0.01396	0.04713	0.15739	0.04865	0.09631	0.46576	0.01566	0.01160	0.01499	0.00994	0.03046	0.00788	0.00497	0.00604	0.00168	0.04113	0.00543	0.00253	0.00645
50	0.01014	0.02616	0.79609	0.01441	0.02189	0.01174	0.01868	0.01601	0.01068	0.01601	0.00907	0.01068	0.00641	0.00480	0.00480	0.00160	0.00747	0.00374	0.00214	0.00747
51	0.01841	0.07027	0.01574	0.01123	0.01532	0.01556	0.00937	0.68518	0.02221	0.02975	0.01164	0.01178	0.00840	0.00584	0.00487	0.00145	0.00547	0.00435	0.00476	0.04839
52	0.00722	0.00542	0.00813	0.00813	0.00903	0.00632	0.00632	0.00903	0.00813	0.01174	0.01354	0.01987	0.01264	0.03792	0.80225	0.00813	0.01354	0.00542	0.00271	0.00451
53	0.00729	0.00515	0.00678	0.00678	0.00721	0.00559	0.00464	0.00816	0.00773	0.01074	0.01478	0.02670	0.01561	0.44299	0.40124	0.00646	0.00908	0.00642	0.00289	0.00377
54	0.11856	0.06239	0.44256	0.01530	0.12820	0.05338	0.03269	0.04122	0.01126	0.01716	0.02733	0.01117	0.00761	0.00491	0.00459	0.00154	0.00663	0.00385	0.00253	0.00712
55	0.00616	0.00440	0.00587	0.00704	0.00733	0.00411	0.00469	0.00704	0.00968	0.01291	0.02787	0.81899	0.03344	0.01584	0.00645	0.00205	0.00293	0.01438	0.00469	0.00411
56	0.00870	0.00572	0.00789	0.00858	0.00982	0.00555	0.00718	0.01082	0.01194	0.06635	0.13209	0.15192	0.03117	0.01321	0.00665	0.00214	0.00409	0.50642	0.00489	0.00486
57	0.01240	0.01190	0.02033	0.06004	0.76260	0.01199	0.01546	0.01542	0.01146	0.01639	0.00949	0.01255	0.00796	0.00453	0.00501	0.00151	0.00603	0.00451	0.00249	0.00792
58	0.01325	0.01436	0.01533	0.20336	0.05671	0.24391	0.05734	0.01689	0.10547	0.01418	0.00993	0.01251	0.00804	0.00605	0.00729	0.00166	0.17209	0.00436	0.03116	0.00612
59	0.02234	0.00916	0.01208	0.00926	0.01319	0.00825	0.00765	0.09935	0.01540	0.71823	0.01917	0.01671	0.01213	0.00624	0.00508	0.00156	0.00443	0.00503	0.00614	0.00861
60	0.00616	0.00440	0.00587	0.00704	0.00733	0.00411	0.00469	0.00704	0.00968	0.01291	0.02787	0.81899	0.03344	0.01584	0.00645	0.00205	0.00293	0.01438	0.00469	0.00411
61	0.01107	0.01054	0.01791	0.41061	0.42247	0.01163	0.01480	0.01425	0.01083	0.01477	0.00926	0.01299	0.00739	0.00477	0.00503	0.00159	0.00636	0.00450	0.00238	0.00684
62	0.01111	0.22404	0.16014	0.00904	0.01394	0.01105	0.00900	0.01387	0.01058	0.01532	0.03194	0.01073	0.00824	0.00429	0.00388	0.00102	0.00483	0.00324	0.00270	0.45105
63	0.49405	0.20539	0.01329	0.00837	0.01168	0.16821	0.00707	0.01597	0.01012	0.01812	0.00719	0.00837	0.00592	0.00471	0.00344	0.00140	0.00529	0.00283	0.00280	0.00579
64	0.85801	0.00978	0.00743	0.00665	0.00978	0.01134	0.00548	0.01486	0.00861	0.02269	0.00704	0.00821	0.00548	0.00469	0.00313	0.00156	0.00391	0.00274	0.00313	0.00548
65	0.00615	0.00513	0.00536	0.00530	0.00693	0.00434	0.00398	0.00759	0.01193	0.01462	0.15765	0.04709	0.68167	0.01245	0.00597	0.00169	0.00254	0.01045	0.00482	0.00434
66	0.00666	0.00515	0.00607	0.00584	0.00725	0.00456	0.00438	0.00857	0.01313	0.01747	0.47591	0.04239	0.36163	0.01138	0.00597	0.00164	0.00246	0.00979	0.00520	0.00456
67	0.03478	0.00486	0.00479	0.00477	0.00601	0.00491	0.00359	0.01187	0.01054	0.01897	0.01621	0.01853	0.01274	0.00586	0.00352	0.00119	0.00240	0.00465	0.82505	0.00474
68	0.01922	0.01416	0.01518	0.01163	0.01568	0.01568	0.00961	0.77388	0.02378	0.03187	0.01214	0.01214	0.00860	0.00607	0.00506	0.00152	0.00556	0.00455	0.00506	0.00860
69	0.01194	0.01364	0.02984	0.02131	0.02643	0.01279	0.77238	0.01620	0.01194	0.01620	0.01023	0.01364	0.00767	0.00426	0.00597	0.00171	0.00853	0.00597	0.00256	0.00682
70	0.78894	0.00968	0.00779	0.00684	0.01004	0.01102	0.00564	0.01567	0.00909	0.08648	0.00811	0.00896	0.00606	0.00482	0.00329	0.00156	0.00394	0.00293	0.00339	0.00574
71	0.76702	0.01025	0.00827	0.00719	0.01042	0.01181	0.00592	0.09720	0.01025	0.02368	0.00759	0.00864	0.00582	0.00484	0.00334	0.00156	0.00409	0.00293	0.00334	0.00582
72	0.04980	0.01392	0.01450	0.01135	0.01522	0.03452	0.00931	0.65469	0.09646	0.03001	0.01266	0.01257	0.00909	0.00607	0.00498	0.00153	0.00544	0.00457	0.00493	0.00836
73	0.00728	0.00499	0.00590	0.00590	0.00610	0.00510	0.00359	0.00761	0.00763	0.01024	0.01688	0.03165	0.04619	0.67241	0.14354	0.00528	0.00613	0.00718	0.00307	0.00333
74	0.00873	0.00441	0.00655	0.00655	0.00655	0.00441	0.00434	0.00662	0.00662	0.00882	0.00905	0.01603	0.00914	0.04753	0.01999	0.82131	0.00441	0.00450	0.00223	0.00223
75	0.00664	0.00498	0.00621	0.00698	0.00768	0.00474	0.00482	0.00857	0.06221	0.01405	0.08130	0.61670	0.12728	0.01449	0.00627	0.00196	0.00292	0.01298	0.00478	0.00443
76	0.01377	0.69944	0.07724	0.00943	0.01382	0.08979	0.00943	0.01565	0.01067	0.01222	0.00724	0.00837	0.00649	0.00444	0.00347	0.00114	0.00588	0.00282	0.00220	0.00650
77	0.01090	0.00626	0.00822	0.00759	0.00932	0.00585	0.02810	0.03122	0.01110	0.15954	0.02070	0.25418	0.03217	0.07850	0.04885	0.00226	0.00419	0.05851	0.16156	0.06099
78	0.13210	0.22560	0.06719	0.01374	0.15324	0.06715	0.02803	0.07985	0.06290	0.10950	0.01057	0.01139	0.00812	0.00504	0.00429	0.00142	0.00555	0.00384	0.00331	0.00717
79	0.00933	0.00860	0.01302	0.01141	0.01218	0.01103	0.06013	0.01098	0.00821	0.01224	0.01010	0.01534	0.00951	0.02211	0.38249	0.00494	0.38578	0.00499	0.00247	0.00514
80	0.00709	0.00521	0.00633	0.00605	0.00744	0.00465	0.00453	0.00908	0.01330	0.03484	0.51649	0.06410	0.27995	0.01119	0.00596	0.00164	0.00250	0.00969	0.00528	0.00468
81	0.01182	0.01138	0.01962	0.20762	0.59323	0.01186	0.04079	0.01495	0.01121	0.01569	0.00942	0.01277	0.00771	0.00462	0.00505	0.00155	0.00626	0.00455	0.00245	0.00743
82	0.01282	0.12019	0.21182	0.02191	0.41208	0.05782	0.01475	0.06085	0.01204	0.01648	0.00915	0.01129	0.00737	0.00469	0.00471	0.00146	0.00644	0.00402	0.00253	0.00760
83	0.01204	0.01059	0.01225	0.01068	0.01358	0.01194	0.06079	0.02461	0.66607	0.02040	0.04451	0.02058	0.05502	0.00709	0.00527	0.00171	0.00419	0.00609	0.00496	0.00764
84	0.00720	0.00518	0.00703	0.00809	0.00892	0.00501	0.00642	0.00888	0.01091	0.01431	0.05142	0.36870	0.06787	0.01457	0.00669	0.00216	0.00378	0.39373	0.00470	0.00442
85	0.01518	0.32228	0.04853	0.01221	0.08229	0.06390	0.03381	0.17283	0.07439	0.08197	0.01139	0.04001	0.00925	0.00554	0.00441	0.00138	0.00561	0.00426	0.00349	0.00727
86	0.41117	0.01054	0.00989	0.00872	0.01115	0.08522	0.00705	0.03914	0.01008	0.10252	0.00976	0.01178	0.00783	0.01125	0.14447	0.00276	0.10384	0.00377	0.00330	0.00579
87	0.00943	0.00471	0.00471	0.00471	0.00589	0.00471	0.00353	0.01178	0.01060	0.01885	0.01650	0.01885	0.01296	0.00589	0.00353	0.00118	0.00236	0.00471	0.85036	0.00471
88	0.08435	0.01111	0.01638	0.32072	0.26541	0.03858	0.03573	0.08502	0.01217	0.06838	0.01000	0.01271	0.00760	0.00501	0.00489	0.00158	0.00614	0.00440	0.00295	0.00687
89	0.01085	0.01325	0.17560	0.04850	0.31017	0.01031	0.06041	0.06475	0.01202	0.01683	0.03892	0.09930	0.08283	0.00681	0.00526	0.00161	0.00563	0.00616	0.02392	0.00686
90	0.01118	0.01139	0.01733	0.01431	0.01496	0.01514	0.10875	0.01269	0.00828	0.01269	0.00710	0.01139	0.00677	0.00826	0.01523	0.00215	0.70980	0.00462	0.00226	0.00570
91	0.00735	0.00490	0.00552	0.00552	0.00552	0.00490	0.00306	0.00735	0.00735	0.00980	0.01593	0.03309	0.01838	0.82229	0.02574	0.00490	0.00490	0.00735	0.00306	0.00306
92	0.01383	0.00936	0.01180	0.01004	0.07879	0.00775	0.00730	0.04016	0.02764	0.19860	0.01193	0.01245	0.00890	0.00453	0.00424	0.00105	0.00413	0.00372	0.00382	0.53995
93	0.01218	0.01241	0.01574	0.18542	0.28284	0.14557	0.03765	0.01607	0.09164	0.01592	0.10512	0.01663	0.02928	0.00585	0.00512	0.00155	0.00606	0.00515	0.00316	0.00663
94	0.00854	0.00575	0.00738	0.00678	0.00826	0.00543	0.00515	0.01163	0.06173	0.07246	0.68892	0.03522	0.04335	0.00985	0.00585	0.00160	0.00261	0.00866	0.00559	0.00523
95	0.18953	0.01103	0.01188	0.00960	0.01319	0.01182	0.00783	0.25850	0.16489	0.24793	0.01499	0.01411	0.01042	0.00600	0.00469	0.00158	0.00456	0.00456	0.00503	0.00785
96	0.00723	0.00540	0.00805	0.00805	0.00892	0.00628	0.00622	0.00898	0.00810	0.01168	0.01362	0.02027	0.01282	0.06165	0.77876	0.00803	0.01328	0.00548	0.00272	0.00447
97	0.19304	0.00885	0.01086	0.00852	0.01227	0.00823	0.00703	0.02265	0.01328	0.63690	0.01732	0.01538	0.01108	0.00594	0.00469	0.00156	0.00422	0.00461	0.00562	0.00797
98	0.00780	0.00623	0.00796	0.00769	0.00875	0.00661	0.00588	0.01054	0.07148	0.01682	0.35788	0.17077	0.11693	0.01222	0.03402	0.00202	0.10151	0.04522	0.00474	0.00493
99	0.01618	0.01038	0.01178	0.00998	0.01324	0.01118	0.00793	0.07649	0.49091	0.26340	0.01982	0.01790	0.01406	0.00662	0.00512	0.00165	0.00420	0.00544	0.00549	0.00823
100	0.01850	0.01331	0.01374	0.01101	0.01459	0.08506	0.00897	0.49538	0.04597	0.14954	0.01456	0.04510	0.01118	0.00679	0.00516	0.00157	0.00549	0.04110	0.00500	0.00797
101	0.00715	0.00533	0.00666	0.00630	0.00762	0.00493	0.00473	0.00973	0.03683	0.01934	0.65833	0.03879	0.15416	0.01059	0.00594	0.00161	0.00246	0.00926	0.00543	0.00480
102	0.01049	0.00899	0.01049	0.00749	0.01198	0.00674	0.00599	0.01273	0.01049	0.01648	0.00899	0.01049	0.00749	0.00374	0.00374	0.00075	0.00374	0.00300	0.00300	0.85320
103	0.01877	0.01394	0.01492	0.01154	0.01551	0.01547	0.00950	0.72357	0.07482	0.03115	0.01271	0.01259	0.00906	0.00612	0.00506	0.00153	0.00546	0.00463	0.00506	0.00856
104	0.00722	0.00542	0.00813	0.00813	0.00903	0.00632	0.00632	0.00903	0.00813	0.01174	0.01354	0.01987	0.01264	0.03792	0.80225	0.00813	0.01354	0.00542	0.00271	0.00451
105	0.01049	0.00899	0.01049	0.00749	0.01198	0.00674	0.00599	0.01273	0.01049	0.01648	0.00899	0.01049	0.00749	0.00374	0.00374	0.00075	0.00374	0.00300	0.00300	0.85320
106	0.01027	0.00606	0.00619	0.00589	0.00745	0.00641	0.00449	0.03698	0.14540	0.01964	0.01708	0.01866	0.01326	0.00607	0.00386	0.00128	0.00274	0.00488	0.67799	0.00540
107	0.85801	0.00978	0.00743	0.00665	0.00978	0.01134	0.00548	0.01486	0.00861	0.02269	0.00704	0.00821	0.00548	0.00469	0.00313	0.00156	0.00391	0.00274	0.00313	0.00548
108	0.01227	0.01234	0.02068	0.01603	0.01833	0.01452	0.28840	0.09626	0.01101	0.01577	0.00854	0.01212	0.00723	0.00688	0.01147	0.00195	0.43221	0.00500	0.00265	0.00633
109	0.00598	0.00512	0.00512	0.00512	0.00683	0.00427	0.00384	0.00726	0.01153	0.01366	0.05123	0.04866	0.78869	0.01281	0.00598	0.00171	0.00256	0.01067	0.00470	0.00427
110	0.85801	0.00978	0.00743	0.00665	0.00978	0.01134	0.00548	0.01486	0.00861	0.02269	0.00704	0.00821	0.00548	0.00469	0.00313	0.00156	0.00391	0.00274	0.00313	0.00548
111	0.00734	0.00494	0.00569	0.00569	0.00575	0.00500	0.00328	0.00747	0.00741	0.00994	0.01577	0.03220	0.01800	0.76946	0.07804	0.00512	0.00548	0.00722	0.00304	0.00316
112	0.00710	0.00511	0.00637	0.00609	0.00708	0.00476	0.00435	0.00891	0.01266	0.01759	0.56968	0.03772	0.10300	0.17613	0.01000	0.00228	0.00291	0.00891	0.00498	0.00438
113	0.00641	0.00524	0.00572	0.00590	0.00749	0.00456	0.00462	0.00792	0.01169	0.01425	0.08529	0.04953	0.62075	0.01288	0.00615	0.00181	0.00291	0.13778	0.00473	0.00436
114	0.65122	0.00949	0.00850	0.00723	0.01055	0.01038	0.00596	0.01729	0.01006	0.21369	0.01024	0.01044	0.00722	0.00508	0.00361	0.00156	0.00401	0.00332	0.00390	0.00625
115	0.01659	0.01163	0.01237	0.00978	0.01305	0.01274	0.00798	0.56927	0.02024	0.02837	0.01331	0.01394	0.00977	0.00602	0.00465	0.00143	0.00470	0.00460	0.23201	0.00756
116	0.00635	0.00459	0.00603	0.00714	0.00751	0.00436	0.00479	0.00763	0.03254	0.01315	0.02765	0.79530	0.03291	0.01558	0.00642	0.00204	0.00297	0.01412	0.00471	0.00422
117	0.01646	0.34504	0.04398	0.01132	0.01477	0.46377	0.00961	0.01804	0.01259	0.01230	0.00754	0.00876	0.00650	0.00484	0.00404	0.00122	0.00758	0.00305	0.00241	0.00616
