[name]
unknown

[dist]
# distance from previous block
# <min> <max>
0	515

[block]
# block no. 0 follows, 53 sequences, length 31
# corresponding to MSA columns:
# 531-561
name=unknown_A
#
# <colnr> <probs for GDERKNQSTAVLIFYWHMCP>
#	G	D	E	R	K	N	Q	S	T	A	V	L	I	F	Y	W	H	M	C	P
0	0.03277	0.03938	0.03067	0.00762	0.00912	0.01860	0.02077	0.03671	0.08494	0.03069	0.16431	0.37514	0.06847	0.01110	0.00554	0.00172	0.00338	0.04979	0.00439	0.00490
1	0.00900	0.00822	0.05095	0.00719	0.01049	0.00612	0.02513	0.01100	0.01016	0.03017	0.09288	0.01939	0.10553	0.10050	0.00652	0.00143	0.00371	0.00488	0.00328	0.49345
2	0.02344	0.01036	0.01880	0.10666	0.05011	0.03073	0.34818	0.01277	0.00974	0.01346	0.01042	0.05686	0.00928	0.04517	0.11082	0.00258	0.12703	0.00551	0.00249	0.00557
3	0.00587	0.00466	0.00528	0.00553	0.00670	0.00407	0.00399	0.00714	0.01083	0.01370	0.16103	0.26033	0.46893	0.01253	0.00577	0.00169	0.00249	0.01082	0.00457	0.00407
4	0.01440	0.01115	0.01232	0.00921	0.01323	0.01096	0.00752	0.43271	0.01674	0.02348	0.01011	0.01076	0.00765	0.00473	0.00421	0.00110	0.00447	0.00363	0.00389	0.39771
5	0.00915	0.00712	0.00908	0.00903	0.10028	0.00614	0.00609	0.01148	0.03271	0.06429	0.21988	0.02530	0.19294	0.00733	0.00479	0.00127	0.00325	0.00627	0.00400	0.27961
6	0.00748	0.00532	0.00660	0.00653	0.00760	0.00526	0.00474	0.03322	0.04633	0.03914	0.18842	0.20665	0.15910	0.10710	0.13248	0.02217	0.00455	0.00874	0.00417	0.00438
7	0.00995	0.00779	0.00944	0.00902	0.05173	0.00815	0.02161	0.03721	0.26537	0.06918	0.21494	0.02761	0.19921	0.00841	0.00566	0.00158	0.03546	0.00708	0.00464	0.00596
8	0.01715	0.01288	0.01377	0.01079	0.01443	0.01434	0.00884	0.66229	0.14812	0.02847	0.01278	0.01251	0.00918	0.00586	0.00479	0.00146	0.00502	0.00448	0.00479	0.00804
9	0.00675	0.00503	0.00629	0.00606	0.00724	0.00469	0.00451	0.00919	0.04340	0.01783	0.60952	0.10080	0.14004	0.01037	0.00565	0.00156	0.00238	0.00910	0.00507	0.00452
10	0.38631	0.01075	0.01027	0.00845	0.01168	0.01205	0.00691	0.32629	0.08462	0.03754	0.01222	0.01239	0.05058	0.00559	0.00404	0.00148	0.00427	0.00398	0.00399	0.00657
11	0.01382	0.00728	0.00823	0.00692	0.00922	0.00733	0.00551	0.18436	0.01360	0.20676	0.01579	0.04137	0.01185	0.00598	0.00409	0.00130	0.00335	0.00479	0.44233	0.00612
12	0.00949	0.00502	0.00508	0.00487	0.00615	0.00511	0.00370	0.05992	0.01081	0.01859	0.01533	0.01742	0.01199	0.00558	0.00343	0.00113	0.00242	0.00445	0.80483	0.00469
13	0.00650	0.00448	0.00531	0.00570	0.00587	0.00434	0.00347	0.00684	0.00789	0.01045	0.02048	0.31056	0.05704	0.51028	0.01713	0.00356	0.00389	0.00941	0.00350	0.00329
14	0.01139	0.00645	0.00804	0.00692	0.00903	0.00598	0.00543	0.06376	0.03497	0.22834	0.40326	0.03004	0.14933	0.00875	0.00534	0.00151	0.00300	0.00747	0.00527	0.00572
15	0.00613	0.00457	0.00578	0.00662	0.00737	0.00422	0.00485	0.00731	0.00991	0.01276	0.03138	0.50000	0.21275	0.01397	0.00609	0.00191	0.00299	0.15296	0.00443	0.00401
16	0.01940	0.01142	0.01313	0.01006	0.01384	0.01190	0.00831	0.50067	0.01918	0.32038	0.01424	0.01327	0.00951	0.00580	0.00479	0.00145	0.00481	0.00449	0.00521	0.00813
17	0.00657	0.00478	0.00569	0.00556	0.00677	0.00432	0.00413	0.00841	0.01212	0.01670	0.44961	0.09012	0.26729	0.01042	0.00546	0.00153	0.00234	0.00901	0.08483	0.00432
18	0.00577	0.00451	0.00523	0.00576	0.00671	0.00398	0.00405	0.00683	0.01014	0.01278	0.06304	0.42448	0.40291	0.01341	0.00587	0.00177	0.00259	0.01173	0.00447	0.00398
19	0.00683	0.00510	0.00756	0.00756	0.00837	0.00591	0.00582	0.00846	0.00765	0.01101	0.01291	0.01939	0.01222	0.07504	0.77426	0.00753	0.01240	0.00521	0.00258	0.00420
20	0.00671	0.00486	0.00633	0.00601	0.00712	0.00448	0.00449	0.00890	0.01334	0.01882	0.75984	0.05953	0.06163	0.00998	0.00565	0.00152	0.00227	0.00882	0.00522	0.00448
21	0.33356	0.00983	0.01038	0.00829	0.01174	0.01030	0.00684	0.20581	0.01377	0.32596	0.01254	0.01195	0.00846	0.00532	0.00412	0.00147	0.00422	0.00386	0.00454	0.00704
22	0.01817	0.01339	0.01434	0.01100	0.01482	0.01482	0.00908	0.78627	0.02247	0.03012	0.01148	0.01148	0.00813	0.00574	0.00478	0.00143	0.00526	0.00430	0.00478	0.00813
23	0.00582	0.00416	0.00555	0.00666	0.00693	0.00388	0.00444	0.00666	0.00915	0.01220	0.02634	0.82891	0.03161	0.01497	0.00610	0.00194	0.00277	0.01359	0.00444	0.00388
24	0.00683	0.00512	0.00768	0.00768	0.00853	0.00597	0.00597	0.00853	0.00768	0.01110	0.01280	0.01878	0.01195	0.03585	0.81308	0.00768	0.01280	0.00512	0.00256	0.00427
25	0.00642	0.00487	0.00591	0.00565	0.00693	0.00436	0.00424	0.00834	0.01271	0.01721	0.56494	0.03892	0.28106	0.01050	0.00564	0.00154	0.00231	0.00909	0.00500	0.00436
26	0.00830	0.00415	0.00623	0.00623	0.00623	0.00415	0.00415	0.00623	0.00623	0.00830	0.00830	0.01453	0.00830	0.01660	0.01868	0.86094	0.00415	0.00415	0.00208	0.00208
27	0.03613	0.01794	0.01441	0.05901	0.01620	0.43492	0.04574	0.28353	0.01617	0.01848	0.00896	0.01003	0.00688	0.00514	0.00453	0.00135	0.00719	0.00368	0.00325	0.00646
28	0.01546	0.01328	0.01250	0.01048	0.01357	0.14315	0.00831	0.31998	0.31529	0.04899	0.03912	0.01437	0.01158	0.00602	0.00476	0.00148	0.00511	0.00468	0.00449	0.00738
29	0.01158	0.01419	0.16678	0.02590	0.63321	0.03435	0.01507	0.01488	0.01081	0.01541	0.00887	0.01141	0.00725	0.00433	0.00468	0.00143	0.00602	0.00409	0.00230	0.00742
30	0.01035	0.01297	0.14820	0.01310	0.01452	0.01392	0.04978	0.01230	0.00798	0.01230	0.00683	0.01052	0.00629	0.00751	0.01332	0.00197	0.64630	0.00415	0.00210	0.00560

[dist]
# distance from previous block
# <min> <max>
1	4

[block]
# block no. 1 follows, 53 sequences, length 138
# corresponding to MSA columns:
# 566-703
name=unknown_B
#
# <colnr> <probs for GDERKNQSTAVLIFYWHMCP>
#	G	D	E	R	K	N	Q	S	T	A	V	L	I	F	Y	W	H	M	C	P
0	0.00903	0.00850	0.01434	0.82054	0.03292	0.01062	0.01327	0.01221	0.00956	0.01221	0.00850	0.01274	0.00637	0.00478	0.00478	0.00159	0.00637	0.00425	0.00212	0.00531
1	0.01288	0.81823	0.02481	0.00826	0.01232	0.03521	0.00820	0.01441	0.00979	0.01125	0.00666	0.00769	0.00613	0.00411	0.00309	0.00103	0.00518	0.00257	0.00205	0.00612
2	0.01046	0.01046	0.01464	0.01255	0.01255	0.01464	0.01046	0.01150	0.00732	0.01150	0.00627	0.01046	0.00627	0.00837	0.01569	0.00209	0.82328	0.00418	0.00209	0.00523
3	0.00991	0.00850	0.00991	0.00708	0.01133	0.00637	0.00566	0.01203	0.00991	0.01557	0.00850	0.00991	0.00708	0.00354	0.00354	0.00071	0.00354	0.00283	0.00283	0.86124
4	0.01699	0.01140	0.01264	0.01012	0.01359	0.01238	0.00822	0.40758	0.24730	0.18475	0.01532	0.01432	0.01078	0.00599	0.00481	0.00150	0.00458	0.00473	0.00504	0.00796
5	0.01189	0.01027	0.01081	0.00973	0.01243	0.01189	0.00757	0.02540	0.79357	0.01999	0.01945	0.01783	0.01459	0.00648	0.00486	0.00162	0.00378	0.00540	0.00486	0.00757
6	0.00598	0.00485	0.00530	0.00519	0.00666	0.00417	0.00389	0.00750	0.01167	0.01475	0.26979	0.04296	0.57775	0.01142	0.00565	0.00158	0.00237	0.00966	0.00468	0.00417
7	0.01139	0.01082	0.01838	0.02766	0.74335	0.01080	0.01391	0.01408	0.01075	0.01536	0.01027	0.07230	0.00935	0.00505	0.00483	0.00146	0.00546	0.00495	0.00252	0.00730
8	0.00964	0.00912	0.01544	0.64754	0.20113	0.01078	0.01358	0.01275	0.00985	0.01296	0.00860	0.01254	0.00663	0.00466	0.00477	0.00155	0.00622	0.00425	0.00218	0.00580
9	0.00903	0.00850	0.01434	0.82054	0.03292	0.01062	0.01327	0.01221	0.00956	0.01221	0.00850	0.01274	0.00637	0.00478	0.00478	0.00159	0.00637	0.00425	0.00212	0.00531
10	0.00695	0.00463	0.00521	0.00521	0.00521	0.00463	0.00290	0.00695	0.00695	0.00927	0.01506	0.03128	0.01738	0.83203	0.02433	0.00463	0.00463	0.00695	0.00290	0.00290
11	0.01086	0.00566	0.00708	0.00652	0.00778	0.00528	0.00454	0.01195	0.02482	0.23496	0.05761	0.17749	0.04627	0.36208	0.01349	0.00293	0.00392	0.00775	0.00424	0.00476
12	0.01817	0.01339	0.01434	0.01100	0.01482	0.01482	0.00908	0.78627	0.02247	0.03012	0.01148	0.01148	0.00813	0.00574	0.00478	0.00143	0.00526	0.00430	0.00478	0.00813
13	0.00676	0.00489	0.00639	0.00601	0.00714	0.00451	0.00451	0.00902	0.01353	0.01917	0.79969	0.03570	0.04510	0.00977	0.00564	0.00150	0.00225	0.00864	0.00526	0.00451
14	0.01273	0.00928	0.01000	0.00829	0.01044	0.01004	0.00626	0.39179	0.06063	0.02054	0.01532	0.02123	0.05377	0.31619	0.01214	0.00265	0.00472	0.00567	0.02249	0.00584
15	0.00679	0.00485	0.00596	0.00598	0.00714	0.00447	0.00457	0.00872	0.01201	0.01666	0.41760	0.09680	0.19502	0.01060	0.00555	0.00160	0.00257	0.09625	0.09252	0.00435
16	0.00676	0.00489	0.00639	0.00601	0.00714	0.00451	0.00451	0.00902	0.01353	0.01917	0.79969	0.03570	0.04510	0.00977	0.00564	0.00150	0.00225	0.00864	0.00526	0.00451
17	0.00770	0.00550	0.00770	0.00880	0.00990	0.00550	0.00770	0.00990	0.01100	0.01430	0.02531	0.05391	0.02751	0.01320	0.00660	0.00220	0.00440	0.77004	0.00440	0.00440
18	0.03023	0.00505	0.00621	0.00677	0.00753	0.00493	0.00476	0.03942	0.03640	0.01405	0.09121	0.56804	0.08315	0.04322	0.00653	0.00195	0.00299	0.03887	0.00444	0.00426
19	0.00686	0.00501	0.00578	0.00563	0.00705	0.00441	0.00424	0.00843	0.01168	0.05012	0.28848	0.06253	0.43414	0.04280	0.00638	0.00172	0.00262	0.04307	0.00471	0.00434
20	0.02011	0.00978	0.01205	0.00929	0.01299	0.00953	0.00766	0.25023	0.04588	0.54517	0.01668	0.01490	0.01084	0.00588	0.00480	0.00147	0.00441	0.00468	0.00554	0.00811
21	0.01014	0.00863	0.01003	0.00719	0.01142	0.00660	0.00576	0.03322	0.01025	0.01597	0.00858	0.00995	0.00711	0.00360	0.00357	0.00073	0.00359	0.00287	0.00289	0.83791
22	0.00665	0.00460	0.00564	0.00589	0.00641	0.00435	0.00388	0.00754	0.00953	0.02422	0.19557	0.29960	0.08436	0.30564	0.01246	0.00278	0.00332	0.00974	0.00409	0.00374
23	0.00695	0.00463	0.00521	0.00521	0.00521	0.00463	0.00290	0.00695	0.00695	0.00927	0.01506	0.03128	0.01738	0.83203	0.02433	0.00463	0.00463	0.00695	0.00290	0.00290
24	0.00656	0.00480	0.00615	0.00597	0.00705	0.00440	0.00442	0.00856	0.01280	0.01782	0.64444	0.12339	0.11468	0.01056	0.00569	0.00156	0.00233	0.00932	0.00509	0.00440
25	0.00703	0.00501	0.00728	0.00744	0.00827	0.00552	0.00569	0.00847	0.00823	0.02747	0.01659	0.14257	0.04305	0.02953	0.58089	0.03913	0.01005	0.04055	0.00304	0.00420
26	0.03911	0.00737	0.00903	0.00990	0.10890	0.00780	0.00630	0.05584	0.17674	0.01518	0.06566	0.08372	0.07669	0.24377	0.07075	0.00290	0.00474	0.00668	0.00371	0.00521
27	0.00710	0.00486	0.00567	0.00584	0.00607	0.00484	0.00356	0.03846	0.00818	0.01091	0.01798	0.24690	0.02086	0.57684	0.01859	0.00377	0.00415	0.00864	0.00339	0.00338
28	0.01640	0.01238	0.01327	0.01056	0.01401	0.01378	0.00859	0.60297	0.17382	0.02736	0.01368	0.04774	0.01041	0.00628	0.00485	0.00149	0.00486	0.00492	0.00478	0.00784
29	0.01705	0.01254	0.01340	0.01041	0.01399	0.01382	0.00855	0.69744	0.04266	0.02856	0.01346	0.01341	0.04242	0.00602	0.00476	0.00143	0.00496	0.00459	0.04276	0.00777
30	0.02850	0.04765	0.08003	0.07982	0.12536	0.00956	0.08094	0.03668	0.05440	0.04967	0.00970	0.01132	0.00759	0.00424	0.00422	0.00117	0.00494	0.00372	0.00287	0.35761
31	0.02952	0.18667	0.42892	0.01191	0.01730	0.09206	0.04155	0.01641	0.04240	0.07718	0.00933	0.01031	0.00691	0.00465	0.00426	0.00139	0.00642	0.00352	0.00253	0.00677
32	0.00636	0.00468	0.00640	0.00752	0.04112	0.00440	0.00497	0.00766	0.01036	0.01414	0.21872	0.57797	0.03386	0.01318	0.00594	0.00182	0.00281	0.02935	0.00455	0.00421
33	0.00674	0.00475	0.00596	0.00660	0.00701	0.00463	0.00443	0.04031	0.00927	0.01235	0.02282	0.55065	0.02681	0.21932	0.01064	0.00261	0.00344	0.05377	0.00406	0.00385
34	0.01259	0.04333	0.24174	0.02664	0.09740	0.04453	0.19186	0.17942	0.04663	0.01815	0.00974	0.01145	0.00731	0.00491	0.00533	0.00151	0.04323	0.00433	0.00288	0.00702
35	0.01054	0.01055	0.03042	0.48545	0.15007	0.06348	0.02518	0.03959	0.03292	0.01358	0.00888	0.01236	0.00697	0.00575	0.02414	0.00171	0.06597	0.00423	0.00236	0.00587
36	0.00907	0.01162	0.24919	0.00916	0.01224	0.01984	0.00924	0.01196	0.01030	0.08286	0.15389	0.02103	0.08121	0.02815	0.24702	0.00342	0.02535	0.00562	0.00331	0.00549
37	0.02696	0.01080	0.01236	0.00974	0.01335	0.03250	0.05072	0.19824	0.24878	0.06828	0.01312	0.01314	0.00983	0.00516	0.00443	0.00128	0.00444	0.00423	0.00405	0.26858
38	0.00680	0.00481	0.00571	0.00600	0.00654	0.00465	0.00414	0.00757	0.00878	0.01142	0.05103	0.09733	0.14677	0.44832	0.01580	0.00336	0.00401	0.15979	0.00364	0.00351
39	0.01111	0.00722	0.00837	0.00726	0.00903	0.06669	0.00536	0.01108	0.00883	0.12055	0.01038	0.02973	0.00908	0.02550	0.04198	0.40415	0.00464	0.00411	0.00290	0.21205
40	0.01073	0.03304	0.31446	0.01779	0.20456	0.02596	0.17247	0.02862	0.04950	0.01555	0.03128	0.01255	0.00849	0.00623	0.04628	0.00182	0.00690	0.00444	0.00250	0.00684
41	0.00703	0.00478	0.00581	0.00609	0.00718	0.00424	0.00436	0.00824	0.01061	0.07199	0.12547	0.40405	0.29712	0.01269	0.00579	0.00174	0.00269	0.01114	0.00464	0.00432
42	0.00670	0.00482	0.00653	0.00759	0.00830	0.00465	0.00593	0.00818	0.01009	0.01322	0.02677	0.43353	0.06147	0.01403	0.00632	0.00205	0.00352	0.36777	0.00442	0.00413
43	0.86579	0.00924	0.00702	0.00629	0.00924	0.01072	0.00518	0.01405	0.00813	0.02144	0.00666	0.00776	0.00518	0.00444	0.00296	0.00148	0.00370	0.00259	0.00296	0.00518
44	0.00654	0.00446	0.00533	0.00573	0.00583	0.00436	0.00345	0.00684	0.00774	0.01032	0.01912	0.31856	0.02250	0.53775	0.01776	0.00366	0.00396	0.00934	0.00345	0.00325
45	0.00903	0.00850	0.01434	0.82054	0.03292	0.01062	0.01327	0.01221	0.00956	0.01221	0.00850	0.01274	0.00637	0.00478	0.00478	0.00159	0.00637	0.00425	0.00212	0.00531
46	0.00894	0.00723	0.03359	0.09421	0.07978	0.01936	0.01894	0.02547	0.07350	0.02732	0.01642	0.20736	0.06234	0.01144	0.00955	0.25720	0.02265	0.01702	0.00320	0.00448
47	0.01056	0.13037	0.40503	0.01476	0.08277	0.01244	0.13361	0.01453	0.01003	0.01436	0.00830	0.01036	0.00644	0.00468	0.00550	0.00147	0.08144	0.00381	0.00216	0.04737
48	0.86579	0.00924	0.00702	0.00629	0.00924	0.01072	0.00518	0.01405	0.00813	0.02144	0.00666	0.00776	0.00518	0.00444	0.00296	0.00148	0.00370	0.00259	0.00296	0.00518
49	0.00705	0.00449	0.00595	0.00672	0.00728	0.00415	0.00458	0.00794	0.00946	0.07267	0.02583	0.73038	0.04294	0.03781	0.00652	0.00198	0.00292	0.01267	0.00451	0.00418
50	0.00708	0.00442	0.00577	0.00603	0.00627	0.00433	0.00395	0.00681	0.00771	0.01022	0.03506	0.20495	0.06580	0.26620	0.04284	0.28703	0.00414	0.02523	0.00314	0.00303
51	0.01170	0.01003	0.01596	0.01258	0.01578	0.01010	0.26429	0.10624	0.18444	0.06398	0.07367	0.07752	0.01569	0.00694	0.00537	0.00163	0.00525	0.07915	0.00399	0.03569
52	0.02144	0.00813	0.01109	0.00850	0.01220	0.00702	0.00702	0.02329	0.01368	0.80552	0.01886	0.01627	0.01183	0.00592	0.00481	0.00148	0.00407	0.00481	0.00592	0.00813
53	0.00861	0.00608	0.00690	0.00645	0.00812	0.00591	0.00484	0.01232	0.15633	0.08298	0.21614	0.07405	0.28757	0.07063	0.00677	0.00180	0.00295	0.00822	0.02825	0.00507
54	0.02743	0.00557	0.00672	0.00646	0.00762	0.00544	0.00462	0.01086	0.08559	0.07826	0.30271	0.17342	0.06909	0.18364	0.00947	0.00226	0.00318	0.00850	0.00453	0.00463
55	0.00596	0.00479	0.00539	0.00544	0.00676	0.00422	0.00403	0.00738	0.01109	0.01405	0.20214	0.13081	0.51424	0.01315	0.04709	0.00194	0.00296	0.00992	0.00452	0.00413
56	0.00991	0.00850	0.00991	0.00708	0.01133	0.00637	0.00566	0.01203	0.00991	0.01557	0.00850	0.00991	0.00708	0.00354	0.00354	0.00071	0.00354	0.00283	0.00283	0.86124
57	0.00636	0.00467	0.00668	0.00720	0.00778	0.00499	0.00525	0.00765	0.00837	0.01161	0.01915	0.39825	0.02116	0.02607	0.43509	0.00499	0.00810	0.00909	0.00344	0.00409
58	0.07210	0.00571	0.00686	0.00704	0.00821	0.00564	0.00507	0.05675	0.03688	0.08226	0.07182	0.54106	0.05795	0.01214	0.00559	0.00179	0.00309	0.01074	0.00454	0.00477
59	0.00582	0.00416	0.00555	0.00666	0.00693	0.00388	0.00444	0.00666	0.00915	0.01220	0.02634	0.82891	0.03161	0.01497	0.00610	0.00194	0.00277	0.01359	0.00444	0.00388
60	0.01189	0.01027	0.01081	0.00973	0.01243	0.01189	0.00757	0.02540	0.79357	0.01999	0.01945	0.01783	0.01459	0.00648	0.00486	0.00162	0.00378	0.00540	0.00486	0.00757
61	0.01146	0.00622	0.00834	0.00797	0.00988	0.00583	0.00664	0.01383	0.03370	0.24206	0.18614	0.03795	0.06430	0.01016	0.00579	0.00180	0.00374	0.33359	0.00503	0.00556
62	0.00641	0.00478	0.00601	0.00653	0.00728	0.00455	0.00457	0.00842	0.05986	0.01441	0.21070	0.51592	0.10678	0.01294	0.00587	0.00179	0.00268	0.01157	0.00466	0.00428
63	0.00582	0.00416	0.00555	0.00666	0.00693	0.00388	0.00444	0.00666	0.00915	0.01220	0.02634	0.82891	0.03161	0.01497	0.00610	0.00194	0.00277	0.01359	0.00444	0.00388
64	0.00695	0.00465	0.00529	0.00529	0.00532	0.00468	0.00300	0.00700	0.00697	0.00933	0.01499	0.03087	0.01720	0.80621	0.04990	0.00473	0.00490	0.00689	0.00289	0.00294
65	0.00641	0.00435	0.00576	0.00671	0.00716	0.00403	0.00457	0.00731	0.00940	0.04039	0.02672	0.76164	0.05386	0.01453	0.00605	0.00192	0.00284	0.02780	0.00449	0.00405
66	0.86579	0.00924	0.00702	0.00629	0.00924	0.01072	0.00518	0.01405	0.00813	0.02144	0.00666	0.00776	0.00518	0.00444	0.00296	0.00148	0.00370	0.00259	0.00296	0.00518
67	0.00991	0.00850	0.00991	0.00708	0.01133	0.00637	0.00566	0.01203	0.00991	0.01557	0.00850	0.00991	0.00708	0.00354	0.00354	0.00071	0.00354	0.00283	0.00283	0.86124
68	0.00575	0.00446	0.00523	0.00584	0.00672	0.00395	0.00408	0.00675	0.00993	0.01252	0.03622	0.47849	0.37565	0.01369	0.00590	0.00179	0.00262	0.01202	0.00444	0.00395
69	0.01260	0.00871	0.00941	0.00784	0.00988	0.00941	0.00597	0.37288	0.01486	0.02080	0.01343	0.01896	0.01187	0.25721	0.03253	0.00251	0.00467	0.00516	0.17564	0.00570
70	0.04568	0.00526	0.00672	0.00634	0.00766	0.00497	0.00488	0.00992	0.01311	0.05259	0.67364	0.03498	0.04060	0.00962	0.00555	0.00155	0.00256	0.06456	0.00512	0.00469
71	0.01306	0.01700	0.11006	0.01548	0.01951	0.27645	0.35704	0.01683	0.06255	0.01430	0.01108	0.01290	0.04120	0.00489	0.00503	0.00148	0.00761	0.00473	0.00263	0.00619
72	0.00653	0.00467	0.00607	0.00692	0.00764	0.00443	0.00520	0.00790	0.01007	0.01338	0.06649	0.43411	0.11518	0.03117	0.00646	0.00198	0.00319	0.22718	0.03736	0.00408
73	0.01267	0.01182	0.02051	0.01532	0.01927	0.01199	0.42092	0.16543	0.14940	0.04043	0.01221	0.01401	0.00917	0.00719	0.06508	0.00202	0.00702	0.00528	0.00341	0.00685
74	0.01774	0.02108	0.01358	0.01205	0.01472	0.67559	0.00917	0.13000	0.03632	0.01459	0.00831	0.00929	0.00667	0.00509	0.00439	0.00127	0.00800	0.00332	0.00286	0.00597
75	0.36737	0.06482	0.38729	0.01011	0.01512	0.01159	0.01146	0.05417	0.00989	0.01831	0.00781	0.00905	0.00580	0.00453	0.00381	0.00147	0.00545	0.00312	0.00255	0.00628
76	0.01290	0.00935	0.01030	0.00854	0.01119	0.00983	0.00681	0.39193	0.04804	0.05642	0.13065	0.09345	0.17336	0.00841	0.00519	0.00153	0.00395	0.00693	0.00480	0.00642
77	0.00790	0.00489	0.00678	0.00650	0.00731	0.00458	0.03175	0.00773	0.00860	0.04488	0.05699	0.11206	0.19804	0.07527	0.01284	0.38155	0.00369	0.02198	0.00331	0.00336
78	0.04367	0.00995	0.01619	0.43287	0.31878	0.01117	0.02632	0.05777	0.01077	0.01492	0.00880	0.01214	0.00689	0.00461	0.00471	0.00151	0.00597	0.00421	0.00240	0.00633
79	0.01046	0.00804	0.00962	0.00836	0.01059	0.00818	0.03961	0.26566	0.01495	0.01967	0.13137	0.10515	0.23294	0.00974	0.00552	0.00164	0.00386	0.10447	0.00457	0.00559
80	0.00685	0.00503	0.00723	0.00723	0.00792	0.00573	0.00541	0.00824	0.00755	0.01076	0.01322	0.02108	0.01295	0.18227	0.66803	0.00712	0.01130	0.00546	0.00262	0.00402
81	0.01079	0.00775	0.00866	0.00769	0.00923	0.00819	0.00568	0.28116	0.01315	0.01749	0.01724	0.10505	0.04995	0.35434	0.01331	0.00290	0.00456	0.07396	0.00391	0.00501
82	0.01148	0.42479	0.33230	0.07054	0.01716	0.03071	0.01230	0.01472	0.00999	0.02570	0.00776	0.00916	0.00621	0.00436	0.00383	0.00127	0.00603	0.00311	0.00211	0.00646
83	0.00872	0.00702	0.00827	0.00714	0.00962	0.00614	0.00546	0.04402	0.06531	0.01548	0.06978	0.20681	0.07390	0.03732	0.00548	0.00143	0.00338	0.05169	0.00380	0.36924
84	0.01128	0.35869	0.07058	0.00907	0.01212	0.04441	0.00861	0.01421	0.06853	0.04728	0.01484	0.02525	0.01451	0.00761	0.00467	0.00154	0.00499	0.27277	0.00326	0.00576
85	0.00712	0.00503	0.00704	0.00699	0.00765	0.00561	0.00511	0.00834	0.00758	0.02449	0.01355	0.02230	0.01350	0.26257	0.57380	0.00670	0.01032	0.00564	0.00272	0.00394
86	0.00830	0.00415	0.00623	0.00623	0.00623	0.00415	0.00415	0.00623	0.00623	0.00830	0.00830	0.01453	0.00830	0.01660	0.01868	0.86094	0.00415	0.00415	0.00208	0.00208
87	0.00799	0.00678	0.01028	0.24504	0.12760	0.00722	0.00861	0.01004	0.01011	0.01336	0.08813	0.15422	0.10662	0.08451	0.00716	0.00197	0.00450	0.09758	0.00340	0.00486
88	0.37114	0.03708	0.04506	0.00925	0.01242	0.23047	0.00768	0.17773	0.01283	0.01981	0.00916	0.00998	0.02907	0.00506	0.00386	0.00139	0.00552	0.00334	0.00318	0.00597
89	0.01794	0.01160	0.01272	0.01001	0.01339	0.05105	0.00819	0.45584	0.01809	0.23694	0.01337	0.01322	0.00934	0.00730	0.04534	0.00175	0.02418	0.00442	0.03771	0.00760
90	0.00738	0.00474	0.00556	0.00550	0.00609	0.00458	0.00362	0.00837	0.00937	0.03071	0.19684	0.08238	0.05416	0.41917	0.01467	0.00305	0.00355	0.01900	0.11759	0.00372
91	0.06436	0.01180	0.01677	0.18029	0.16304	0.07833	0.15163	0.12889	0.03855	0.01701	0.00955	0.01200	0.00743	0.00501	0.00544	0.00152	0.06015	0.00436	0.03750	0.00639
92	0.01744	0.09867	0.01484	0.01161	0.01455	0.54928	0.00910	0.19860	0.01527	0.01598	0.00828	0.00920	0.00662	0.00504	0.00430	0.00126	0.00749	0.00332	0.00297	0.00620
93	0.00573	0.00460	0.00511	0.00550	0.00663	0.00399	0.00393	0.00682	0.01032	0.01276	0.05249	0.32107	0.51815	0.01308	0.00581	0.00173	0.00254	0.01130	0.00445	0.00399
94	0.00627	0.00488	0.00616	0.00705	0.04231	0.00444	0.00477	0.00761	0.01061	0.01385	0.16397	0.37148	0.28389	0.01261	0.00583	0.00175	0.00276	0.04106	0.00448	0.00422
95	0.00830	0.00415	0.00623	0.00623	0.00623	0.00415	0.00415	0.00623	0.00623	0.00830	0.00830	0.01453	0.00830	0.01660	0.01868	0.86094	0.00415	0.00415	0.00208	0.00208
96	0.00596	0.00455	0.00548	0.00590	0.00681	0.00407	0.00418	0.00723	0.01068	0.01392	0.19797	0.39136	0.29888	0.01288	0.00585	0.00174	0.00254	0.01134	0.00461	0.00407
97	0.00903	0.00850	0.01434	0.82054	0.03292	0.01062	0.01327	0.01221	0.00956	0.01221	0.00850	0.01274	0.00637	0.00478	0.00478	0.00159	0.00637	0.00425	0.00212	0.00531
98	0.01785	0.02278	0.01354	0.01231	0.01478	0.81284	0.00924	0.01909	0.01354	0.01170	0.00739	0.00862	0.00616	0.00493	0.00431	0.00123	0.00862	0.00308	0.00246	0.00554
99	0.01006	0.00991	0.01386	0.01204	0.01206	0.01371	0.00994	0.01108	0.00748	0.01156	0.00800	0.08101	0.00846	0.00894	0.01486	0.00208	0.75254	0.00499	0.00229	0.00511
100	0.00636	0.00472	0.00592	0.00594	0.00697	0.00429	0.00433	0.00811	0.01209	0.01650	0.49365	0.21157	0.17924	0.01134	0.00574	0.00162	0.00240	0.00999	0.00493	0.00429
101	0.00720	0.00519	0.00700	0.00738	0.00851	0.00499	0.00609	0.00940	0.01218	0.01654	0.38870	0.04516	0.05796	0.01156	0.00612	0.00186	0.00334	0.39155	0.00481	0.00444
102	0.02144	0.00813	0.01109	0.00850	0.01220	0.00702	0.00702	0.02329	0.01368	0.80552	0.01886	0.01627	0.01183	0.00592	0.00481	0.00148	0.00407	0.00481	0.00592	0.00813
103	0.00991	0.00850	0.00991	0.00708	0.01133	0.00637	0.00566	0.01203	0.00991	0.01557	0.00850	0.00991	0.00708	0.00354	0.00354	0.00071	0.00354	0.00283	0.00283	0.86124
104	0.00583	0.00422	0.00551	0.00652	0.00690	0.00390	0.00438	0.00671	0.00934	0.01236	0.04045	0.76131	0.08555	0.01469	0.00606	0.00191	0.00274	0.01326	0.00445	0.00390
105	0.01797	0.01329	0.01423	0.01096	0.01475	0.01473	0.00904	0.76195	0.04712	0.02980	0.01173	0.01168	0.00833	0.00576	0.00478	0.00144	0.00521	0.00434	0.00478	0.00811
106	0.00959	0.02472	0.80726	0.01362	0.02069	0.01110	0.01766	0.01514	0.01009	0.01514	0.00858	0.01009	0.00605	0.00454	0.00454	0.00151	0.00706	0.00353	0.00202	0.00706
107	0.00959	0.02472	0.80726	0.01362	0.02069	0.01110	0.01766	0.01514	0.01009	0.01514	0.00858	0.01009	0.00605	0.00454	0.00454	0.00151	0.00706	0.00353	0.00202	0.00706
108	0.00695	0.00463	0.00521	0.00521	0.00521	0.00463	0.00290	0.00695	0.00695	0.00927	0.01506	0.03128	0.01738	0.83203	0.02433	0.00463	0.00463	0.00695	0.00290	0.00290
109	0.00916	0.00741	0.00846	0.00775	0.00962	0.00797	0.00594	0.01669	0.37891	0.01955	0.43422	0.02733	0.03081	0.00823	0.00527	0.00156	0.00297	0.00713	0.00508	0.00594
110	0.00695	0.00464	0.00527	0.00527	0.00528	0.00466	0.00296	0.00698	0.00697	0.00931	0.01501	0.03101	0.01726	0.81484	0.04135	0.00470	0.00481	0.00691	0.00289	0.00293
111	0.00903	0.00850	0.01434	0.82054	0.03292	0.01062	0.01327	0.01221	0.00956	0.01221	0.00850	0.01274	0.00637	0.00478	0.00478	0.00159	0.00637	0.00425	0.00212	0.00531
112	0.02144	0.00813	0.01109	0.00850	0.01220	0.00702	0.00702	0.02329	0.01368	0.80552	0.01886	0.01627	0.01183	0.00592	0.00481	0.00148	0.00407	0.00481	0.00592	0.00813
113	0.00882	0.00447	0.00447	0.00447	0.00559	0.00444	0.00335	0.01102	0.01005	0.01768	0.01650	0.01860	0.03395	0.00575	0.00340	0.00113	0.00223	0.00461	0.83503	0.00444
114	0.00770	0.00550	0.00770	0.00880	0.00990	0.00550	0.00770	0.00990	0.01100	0.01430	0.02531	0.05391	0.02751	0.01320	0.00660	0.00220	0.00440	0.77004	0.00440	0.00440
115	0.00692	0.00494	0.00680	0.00788	0.00864	0.00482	0.00631	0.00856	0.01030	0.01354	0.04018	0.36892	0.02951	0.01386	0.00638	0.00208	0.00370	0.44802	0.00443	0.00419
116	0.00991	0.00850	0.00991	0.00708	0.01133	0.00637	0.00566	0.01203	0.00991	0.01557	0.00850	0.00991	0.00708	0.00354	0.00354	0.00071	0.00354	0.00283	0.00283	0.86124
117	0.00582	0.00419	0.00552	0.00658	0.00691	0.00389	0.00440	0.00666	0.00922	0.01223	0.02724	0.79717	0.06277	0.01486	0.00608	0.00193	0.00276	0.01345	0.00444	0.00389
118	0.00573	0.00452	0.00517	0.00569	0.00668	0.00396	0.00401	0.00676	0.01008	0.01258	0.03808	0.41272	0.44022	0.01345	0.00586	0.00177	0.00259	0.01173	0.00444	0.00396
119	0.00586	0.00419	0.00559	0.00670	0.00699	0.00392	0.00450	0.00672	0.00919	0.01224	0.02632	0.81320	0.03153	0.01494	0.00611	0.00195	0.00281	0.02892	0.00444	0.00389
120	0.01128	0.01289	0.02820	0.02015	0.02498	0.01209	0.78485	0.01531	0.01128	0.01531	0.00967	0.01289	0.00725	0.00403	0.00564	0.00161	0.00806	0.00564	0.00242	0.00645
121	0.01619	0.01228	0.01310	0.01046	0.01390	0.01372	0.00851	0.55683	0.23198	0.02701	0.01377	0.01339	0.01001	0.00594	0.00476	0.00148	0.00477	0.00461	0.02944	0.00787
122	0.00700	0.00466	0.00535	0.00535	0.00543	0.00471	0.00310	0.00716	0.00708	0.00962	0.01493	0.03013	0.01690	0.75958	0.07312	0.00473	0.00508	0.00677	0.02628	0.00302
123	0.01375	0.01121	0.01409	0.21034	0.03662	0.01252	0.04297	0.34896	0.17157	0.02189	0.01203	0.01303	0.00887	0.00542	0.00476	0.00148	0.00527	0.00448	0.00388	0.05687
124	0.00991	0.00850	0.00991	0.00708	0.01133	0.00637	0.00566	0.01203	0.00991	0.01557	0.00850	0.00991	0.00708	0.00354	0.00354	0.00071	0.00354	0.00283	0.00283	0.86124
125	0.00968	0.00770	0.00873	0.00833	0.00983	0.04015	0.00648	0.13087	0.08378	0.02889	0.10902	0.26402	0.08862	0.01072	0.00630	0.00177	0.05680	0.11864	0.00441	0.00525
126	0.01048	0.00771	0.00869	0.00782	0.01001	0.00812	0.00605	0.01776	0.37507	0.09904	0.24629	0.02695	0.13966	0.00820	0.00520	0.00157	0.00317	0.00696	0.00502	0.00623
127	0.02096	0.00891	0.01157	0.00887	0.01259	0.00817	0.00733	0.13549	0.01497	0.69149	0.01777	0.01556	0.01129	0.00589	0.00480	0.00147	0.00424	0.00473	0.00575	0.00813
128	0.00680	0.00503	0.00644	0.00650	0.00771	0.00467	0.00515	0.00886	0.01244	0.01685	0.47420	0.04206	0.17348	0.01104	0.00588	0.00170	0.00282	0.19906	0.00490	0.00440
129	0.00660	0.00448	0.00532	0.00567	0.00575	0.00440	0.00338	0.00686	0.00764	0.01019	0.01861	0.28253	0.02186	0.57465	0.01859	0.00379	0.00405	0.00904	0.00338	0.00321
130	0.00567	0.00476	0.00492	0.00505	0.00651	0.00402	0.00373	0.00684	0.01069	0.01283	0.04584	0.13748	0.71045	0.01244	0.00570	0.00165	0.00246	0.01050	0.00444	0.00402
131	0.01151	0.00987	0.01048	0.00945	0.01204	0.01134	0.00734	0.02419	0.73584	0.01993	0.07720	0.01916	0.01685	0.00673	0.00492	0.00161	0.00367	0.00564	0.00489	0.00734
132	0.00991	0.00850	0.00991	0.00708	0.01133	0.00637	0.00566	0.01203	0.00991	0.01557	0.00850	0.00991	0.00708	0.00354	0.00354	0.00071	0.00354	0.00283	0.00283	0.86124
133	0.00596	0.00426	0.00571	0.00681	0.00715	0.00400	0.00468	0.00690	0.00929	0.01236	0.02627	0.77135	0.03131	0.01484	0.00614	0.00196	0.00289	0.06976	0.00443	0.00392
134	0.00667	0.00452	0.00530	0.00557	0.00564	0.00445	0.00328	0.00688	0.00750	0.01000	0.01788	0.23049	0.02093	0.62796	0.01978	0.00396	0.00417	0.00861	0.00328	0.00314
135	0.00695	0.00463	0.00521	0.00521	0.00521	0.00463	0.00290	0.00695	0.00695	0.00927	0.01506	0.03128	0.01738	0.83203	0.02433	0.00463	0.00463	0.00695	0.00290	0.00290
136	0.80329	0.00916	0.00733	0.00645	0.00946	0.01045	0.00531	0.01473	0.00854	0.07948	0.00756	0.00839	0.00567	0.00455	0.00309	0.00148	0.00372	0.00275	0.00318	0.00540
137	0.00697	0.00517	0.00656	0.00650	0.00755	0.00499	0.00476	0.00985	0.08017	0.01750	0.53879	0.23226	0.03908	0.01079	0.00569	0.00162	0.00252	0.00960	0.00502	0.00462

[dist]
# distance from previous block
# <min> <max>
0	42

[block]
# block no. 2 follows, 53 sequences, length 73
# corresponding to MSA columns:
# 746-818
name=unknown_C
#
# <colnr> <probs for GDERKNQSTAVLIFYWHMCP>
#	G	D	E	R	K	N	Q	S	T	A	V	L	I	F	Y	W	H	M	C	P
0	0.02144	0.00813	0.01109	0.00850	0.01220	0.00702	0.00702	0.02329	0.01368	0.80552	0.01886	0.01627	0.01183	0.00592	0.00481	0.00148	0.00407	0.00481	0.00592	0.00813
1	0.01046	0.01046	0.01464	0.01255	0.01255	0.01464	0.01046	0.01150	0.00732	0.01150	0.00627	0.01046	0.00627	0.00837	0.01569	0.00209	0.82328	0.00418	0.00209	0.00523
2	0.00599	0.00434	0.00554	0.00630	0.00679	0.00402	0.00425	0.00696	0.00965	0.01283	0.11243	0.60608	0.11017	0.07196	0.00729	0.00205	0.00281	0.01222	0.00442	0.00390
3	0.01046	0.01046	0.01464	0.01255	0.01255	0.01464	0.01046	0.01150	0.00732	0.01150	0.00627	0.01046	0.00627	0.00837	0.01569	0.00209	0.82328	0.00418	0.00209	0.00523
4	0.01046	0.01046	0.01464	0.01255	0.01255	0.01464	0.01046	0.01150	0.00732	0.01150	0.00627	0.01046	0.00627	0.00837	0.01569	0.00209	0.82328	0.00418	0.00209	0.00523
5	0.00583	0.00490	0.00509	0.00518	0.00675	0.00416	0.00398	0.00712	0.01090	0.01303	0.04642	0.04668	0.73355	0.01220	0.00573	0.00166	0.00259	0.07570	0.00444	0.00407
6	0.06448	0.00797	0.01101	0.04669	0.19649	0.00761	0.00794	0.03086	0.01196	0.25518	0.08277	0.02372	0.21877	0.00730	0.00496	0.00151	0.00398	0.00618	0.00428	0.00635
7	0.00959	0.02472	0.80726	0.01362	0.02069	0.01110	0.01766	0.01514	0.01009	0.01514	0.00858	0.01009	0.00605	0.00454	0.00454	0.00151	0.00706	0.00353	0.00202	0.00706
8	0.00903	0.00850	0.01434	0.82054	0.03292	0.01062	0.01327	0.01221	0.00956	0.01221	0.00850	0.01274	0.00637	0.00478	0.00478	0.00159	0.00637	0.00425	0.00212	0.00531
9	0.00581	0.00419	0.00551	0.00656	0.00691	0.00389	0.00440	0.00667	0.00924	0.01224	0.02747	0.78888	0.07091	0.01483	0.00608	0.00192	0.00276	0.01341	0.00444	0.00389
10	0.01402	0.01170	0.01696	0.21684	0.05461	0.01277	0.15895	0.35473	0.05738	0.03790	0.01085	0.01252	0.00792	0.00515	0.00495	0.00152	0.00599	0.00461	0.00359	0.00704
11	0.04430	0.06229	0.01028	0.00927	0.02990	0.12867	0.00704	0.10703	0.07928	0.01585	0.03337	0.29059	0.01981	0.00985	0.00529	0.00169	0.00455	0.13163	0.00397	0.00535
12	0.86579	0.00924	0.00702	0.00629	0.00924	0.01072	0.00518	0.01405	0.00813	0.02144	0.00666	0.00776	0.00518	0.00444	0.00296	0.00148	0.00370	0.00259	0.00296	0.00518
13	0.00794	0.00620	0.00893	0.18131	0.01423	0.00663	0.00808	0.01087	0.04669	0.01534	0.21621	0.03892	0.02684	0.01024	0.00589	0.00187	0.00425	0.38063	0.00415	0.00477
14	0.01047	0.19816	0.38126	0.01126	0.04860	0.01152	0.01212	0.01408	0.00999	0.01442	0.00815	0.00958	0.00642	0.00415	0.00395	0.00118	0.00560	0.00315	0.00226	0.24368
15	0.00668	0.00491	0.00678	0.00833	0.07534	0.00469	0.00510	0.00753	0.00921	0.01242	0.07760	0.54335	0.04092	0.11974	0.00895	0.04612	0.00329	0.01103	0.00400	0.00403
16	0.01314	0.01125	0.01617	0.22697	0.25985	0.01235	0.04219	0.26468	0.07105	0.01973	0.01045	0.01243	0.00794	0.00502	0.00481	0.00149	0.00568	0.00441	0.00327	0.00712
17	0.01145	0.01291	0.18038	0.01022	0.01382	0.01101	0.00946	0.02198	0.54173	0.05366	0.03723	0.01766	0.04448	0.00635	0.00484	0.00159	0.00440	0.00524	0.00430	0.00727
18	0.01689	0.00734	0.00977	0.00788	0.01081	0.00658	0.00636	0.01944	0.05351	0.54737	0.23535	0.02174	0.02119	0.00701	0.00504	0.00149	0.00355	0.00590	0.00568	0.00710
19	0.00593	0.00430	0.00552	0.00635	0.00681	0.00398	0.00428	0.00686	0.00952	0.01262	0.08275	0.65282	0.10955	0.05608	0.00695	0.00201	0.00280	0.01254	0.00442	0.00389
20	0.00675	0.00539	0.00612	0.00629	0.00755	0.00515	0.00459	0.00964	0.11604	0.01437	0.12719	0.27233	0.34149	0.02774	0.00606	0.00177	0.00278	0.02967	0.00456	0.00451
21	0.00602	0.00487	0.00536	0.00527	0.00673	0.00420	0.00397	0.00756	0.01167	0.01478	0.26897	0.04313	0.56240	0.01144	0.00566	0.00159	0.00241	0.02511	0.00468	0.00418
22	0.27540	0.01213	0.01212	0.00957	0.01313	0.01358	0.00790	0.55192	0.01812	0.02749	0.01001	0.01035	0.00723	0.00534	0.00423	0.00145	0.00479	0.00378	0.00423	0.00723
23	0.00704	0.00477	0.00552	0.00584	0.00639	0.00470	0.00386	0.00851	0.04882	0.01260	0.03553	0.28921	0.08070	0.30982	0.01221	0.00275	0.00341	0.02068	0.13380	0.00383
24	0.00841	0.00577	0.00640	0.00596	0.00646	0.00596	0.00370	0.10808	0.00896	0.01197	0.01459	0.02871	0.01618	0.72480	0.02179	0.00422	0.00471	0.00661	0.00314	0.00358
25	0.01128	0.01289	0.02820	0.02015	0.02498	0.01209	0.78485	0.01531	0.01128	0.01531	0.00967	0.01289	0.00725	0.00403	0.00564	0.00161	0.00806	0.00564	0.00242	0.00645
26	0.00678	0.00458	0.00536	0.00560	0.00569	0.00454	0.00334	0.00701	0.00748	0.00996	0.01740	0.17097	0.02023	0.65953	0.02050	0.00408	0.00430	0.03631	0.00322	0.00312
27	0.00968	0.00703	0.00768	0.00703	0.00859	0.00734	0.00507	0.08011	0.21022	0.05713	0.02301	0.06866	0.16529	0.29275	0.01175	0.00264	0.00388	0.00710	0.01991	0.00512
28	0.00683	0.00510	0.00759	0.00759	0.00841	0.00592	0.00586	0.00848	0.00765	0.01103	0.01289	0.01924	0.01215	0.06527	0.78394	0.00757	0.01250	0.00519	0.00257	0.00422
29	0.01189	0.01027	0.01081	0.00973	0.01243	0.01189	0.00757	0.02540	0.79357	0.01999	0.01945	0.01783	0.01459	0.00648	0.00486	0.00162	0.00378	0.00540	0.00486	0.00757
30	0.05572	0.01012	0.01070	0.00952	0.01220	0.01166	0.00746	0.08932	0.63121	0.02031	0.01764	0.01684	0.01336	0.00839	0.06198	0.00203	0.00454	0.00514	0.00460	0.00726
31	0.00578	0.00455	0.00523	0.00569	0.00670	0.00399	0.00403	0.00689	0.01028	0.01294	0.07883	0.38464	0.42707	0.01322	0.00584	0.00175	0.00256	0.01153	0.00448	0.00399
32	0.00695	0.00463	0.00521	0.00521	0.00521	0.00463	0.00290	0.00695	0.00695	0.00927	0.01506	0.03128	0.01738	0.83203	0.02433	0.00463	0.00463	0.00695	0.00290	0.00290
33	0.86579	0.00924	0.00702	0.00629	0.00924	0.01072	0.00518	0.01405	0.00813	0.02144	0.00666	0.00776	0.00518	0.00444	0.00296	0.00148	0.00370	0.00259	0.00296	0.00518
34	0.00636	0.00474	0.00510	0.00508	0.00584	0.00436	0.00329	0.00700	0.00897	0.01129	0.06212	0.03800	0.36643	0.43387	0.01526	0.00316	0.00355	0.00841	0.00368	0.00347
35	0.00683	0.00512	0.00768	0.00768	0.00853	0.00597	0.00597	0.00853	0.00768	0.01110	0.01280	0.01878	0.01195	0.03585	0.81308	0.00768	0.01280	0.00512	0.00256	0.00427
36	0.01817	0.01339	0.01434	0.01100	0.01482	0.01482	0.00908	0.78627	0.02247	0.03012	0.01148	0.01148	0.00813	0.00574	0.00478	0.00143	0.00526	0.00430	0.00478	0.00813
37	0.02115	0.00861	0.01139	0.00873	0.01244	0.00773	0.00721	0.09222	0.01447	0.73547	0.01819	0.01584	0.01150	0.00590	0.00480	0.00147	0.00417	0.00476	0.00581	0.00813
38	0.00735	0.00566	0.00779	0.00751	0.00797	0.00667	0.00555	0.00841	0.00739	0.01055	0.01268	0.02178	0.01298	0.29345	0.44937	0.00595	0.11677	0.00560	0.00261	0.00394
39	0.00582	0.00416	0.00555	0.00666	0.00693	0.00388	0.00444	0.00666	0.00915	0.01220	0.02634	0.82891	0.03161	0.01497	0.00610	0.00194	0.00277	0.01359	0.00444	0.00388
40	0.00695	0.00463	0.00521	0.00521	0.00521	0.00463	0.00290	0.00695	0.00695	0.00927	0.01506	0.03128	0.01738	0.83203	0.02433	0.00463	0.00463	0.00695	0.00290	0.00290
41	0.01515	0.00704	0.00929	0.00771	0.01034	0.00642	0.00617	0.01795	0.06869	0.44855	0.28465	0.03960	0.02409	0.00761	0.00516	0.00152	0.00341	0.02438	0.00555	0.00669
42	0.00937	0.00884	0.01495	0.72407	0.12671	0.01071	0.01344	0.01251	0.00972	0.01263	0.00856	0.01263	0.00652	0.00472	0.00477	0.00157	0.00629	0.00425	0.00215	0.00559
43	0.01311	0.01088	0.01150	0.00997	0.01290	0.01246	0.00786	0.17387	0.64311	0.02197	0.01790	0.01659	0.01333	0.00634	0.00485	0.00158	0.00407	0.00519	0.00485	0.00768
44	0.84515	0.00922	0.00712	0.00634	0.00932	0.01063	0.00522	0.01428	0.00827	0.04061	0.00695	0.00797	0.00534	0.00447	0.00300	0.00148	0.00371	0.00264	0.00303	0.00525
45	0.01046	0.01046	0.01464	0.01255	0.01255	0.01464	0.01046	0.01150	0.00732	0.01150	0.00627	0.01046	0.00627	0.00837	0.01569	0.00209	0.82328	0.00418	0.00209	0.00523
46	0.00689	0.00467	0.00543	0.00541	0.00567	0.00461	0.00329	0.00737	0.00817	0.01113	0.13006	0.05539	0.04540	0.62603	0.04022	0.00401	0.00432	0.00739	0.02128	0.00326
47	0.00743	0.00509	0.00631	0.00591	0.00733	0.00456	0.00449	0.00939	0.01281	0.06771	0.54243	0.03743	0.23849	0.01019	0.00560	0.00154	0.00245	0.02114	0.00508	0.00462
48	0.02144	0.00813	0.01109	0.00850	0.01220	0.00702	0.00702	0.02329	0.01368	0.80552	0.01886	0.01627	0.01183	0.00592	0.00481	0.00148	0.00407	0.00481	0.00592	0.00813
49	0.00992	0.00854	0.01001	0.00719	0.01135	0.00654	0.00576	0.01202	0.00986	0.01549	0.00845	0.00992	0.00706	0.00364	0.00379	0.00074	0.02051	0.00286	0.00282	0.84353
50	0.00668	0.00462	0.00524	0.00534	0.00560	0.00448	0.00320	0.00699	0.00788	0.01036	0.04916	0.11178	0.11350	0.62302	0.01961	0.00389	0.00410	0.00804	0.00332	0.00319
51	0.00611	0.00452	0.00572	0.00614	0.00693	0.00412	0.00433	0.00749	0.01092	0.01468	0.29200	0.43357	0.16040	0.01275	0.00587	0.00174	0.00254	0.01135	0.00472	0.00412
52	0.01034	0.00568	0.00754	0.00662	0.00837	0.00512	0.00512	0.01250	0.01357	0.21087	0.60933	0.03096	0.03699	0.00883	0.00543	0.00150	0.00270	0.00771	0.00542	0.00539
53	0.01046	0.01046	0.01464	0.01255	0.01255	0.01464	0.01046	0.01150	0.00732	0.01150	0.00627	0.01046	0.00627	0.00837	0.01569	0.00209	0.82328	0.00418	0.00209	0.00523
54	0.02144	0.00813	0.01109	0.00850	0.01220	0.00702	0.00702	0.02329	0.01368	0.80552	0.01886	0.01627	0.01183	0.00592	0.00481	0.00148	0.00407	0.00481	0.00592	0.00813
55	0.00689	0.00462	0.00526	0.00531	0.00535	0.00459	0.00302	0.00699	0.00723	0.00967	0.03569	0.07285	0.01882	0.76855	0.02290	0.00441	0.00448	0.00734	0.00304	0.00299
56	0.00891	0.00445	0.00445	0.00445	0.00557	0.00445	0.00334	0.01114	0.01002	0.01782	0.01559	0.01782	0.01225	0.00557	0.00334	0.00111	0.00223	0.00445	0.85856	0.00445
57	0.01785	0.02278	0.01354	0.01231	0.01478	0.81284	0.00924	0.01909	0.01354	0.01170	0.00739	0.00862	0.00616	0.00493	0.00431	0.00123	0.00862	0.00308	0.00246	0.00554
58	0.01029	0.01022	0.01430	0.01233	0.01234	0.01424	0.01023	0.01132	0.00739	0.01153	0.00702	0.04070	0.00721	0.00861	0.01533	0.00209	0.79296	0.00453	0.00218	0.00518
59	0.00770	0.00550	0.00770	0.00880	0.00990	0.00550	0.00770	0.00990	0.01100	0.01430	0.02531	0.05391	0.02751	0.01320	0.00660	0.00220	0.00440	0.77004	0.00440	0.00440
60	0.86579	0.00924	0.00702	0.00629	0.00924	0.01072	0.00518	0.01405	0.00813	0.02144	0.00666	0.00776	0.00518	0.00444	0.00296	0.00148	0.00370	0.00259	0.00296	0.00518
61	0.00637	0.00439	0.00538	0.00596	0.00610	0.00425	0.00369	0.00680	0.00808	0.01078	0.02087	0.44167	0.02470	0.41164	0.01495	0.00325	0.00368	0.01037	0.00369	0.00340
62	0.00991	0.00850	0.00991	0.00708	0.01133	0.00637	0.00566	0.01203	0.00991	0.01557	0.00850	0.00991	0.00708	0.00354	0.00354	0.00071	0.00354	0.00283	0.00283	0.86124
63	0.01278	0.83490	0.02505	0.00818	0.01227	0.01891	0.00818	0.01431	0.00971	0.01125	0.00664	0.00767	0.00613	0.00409	0.00307	0.00102	0.00511	0.00256	0.00204	0.00613
64	0.00634	0.00468	0.00586	0.00603	0.00693	0.00426	0.00428	0.00781	0.01116	0.01516	0.35742	0.31154	0.15312	0.05956	0.00685	0.00184	0.00262	0.01037	0.00467	0.01952
65	0.01088	0.01197	0.02513	0.01813	0.02265	0.01110	0.66246	0.01462	0.01122	0.01541	0.03368	0.01500	0.00919	0.00453	0.00550	0.00155	0.00735	0.03690	0.00262	0.08011
66	0.01105	0.39720	0.44764	0.01112	0.01682	0.01469	0.01330	0.01476	0.00992	0.01335	0.00769	0.00898	0.00609	0.00433	0.00386	0.00129	0.00617	0.00308	0.00203	0.00664
67	0.00688	0.00456	0.00606	0.00657	0.00726	0.00422	0.00459	0.00816	0.01060	0.05469	0.24035	0.56747	0.03434	0.01307	0.00591	0.00180	0.00270	0.01177	0.00474	0.00427
68	0.00904	0.00651	0.01046	0.00896	0.01030	0.00640	0.13793	0.06358	0.02818	0.01225	0.01490	0.12532	0.07975	0.01284	0.01233	0.44378	0.00455	0.00622	0.00291	0.00379
69	0.01455	0.01315	0.02098	0.01552	0.01971	0.06425	0.40799	0.23910	0.05484	0.08378	0.01129	0.01273	0.00818	0.00486	0.00520	0.00153	0.00674	0.00501	0.00351	0.00707
70	0.01125	0.01279	0.02765	0.01983	0.02447	0.01219	0.75303	0.01515	0.01112	0.01515	0.00953	0.01279	0.00721	0.00421	0.00605	0.00163	0.04156	0.00558	0.00240	0.00640
