[name]
unknown

[dist]
# distance from previous block
# <min> <max>
0	584

[block]
# block no. 0 follows, 48 sequences, length 13
# corresponding to MSA columns:
# 615-627
name=unknown_A
#
# <colnr> <probs for GDERKNQSTAVLIFYWHMCP>
#	G	D	E	R	K	N	Q	S	T	A	V	L	I	F	Y	W	H	M	C	P
0	0.08760	0.33800	0.30729	0.01231	0.04755	0.01524	0.04282	0.04462	0.01111	0.01582	0.00888	0.01112	0.00728	0.00494	0.00422	0.00143	0.00626	0.02404	0.00248	0.00697
1	0.01085	0.01026	0.01721	0.48353	0.31442	0.01150	0.01445	0.01408	0.01081	0.01463	0.00932	0.01318	0.00735	0.00486	0.00505	0.00160	0.00643	0.00450	0.00241	0.04355
2	0.00956	0.00478	0.00478	0.00478	0.00598	0.00478	0.00359	0.01196	0.01076	0.01913	0.01674	0.01913	0.01315	0.00598	0.00359	0.00120	0.00239	0.00478	0.84816	0.00478
3	0.01064	0.00912	0.01064	0.00760	0.01216	0.00684	0.00608	0.01292	0.01064	0.01672	0.00912	0.01064	0.00760	0.00380	0.00380	0.00076	0.00380	0.00304	0.00304	0.85104
4	0.85592	0.00992	0.00754	0.00675	0.00992	0.01151	0.00556	0.01508	0.00873	0.02302	0.00714	0.00834	0.00556	0.00476	0.00318	0.00159	0.00397	0.00278	0.00318	0.00556
5	0.01172	0.00730	0.01179	0.01011	0.01228	0.00670	0.13845	0.01352	0.01143	0.21679	0.02306	0.38372	0.05181	0.03575	0.03813	0.00221	0.00480	0.00993	0.00467	0.00583
6	0.00733	0.00550	0.00825	0.00825	0.00916	0.00641	0.00641	0.00916	0.00825	0.01191	0.01374	0.02016	0.01283	0.03848	0.79934	0.00825	0.01374	0.00550	0.00275	0.00458
7	0.00956	0.00478	0.00478	0.00478	0.00598	0.00478	0.00359	0.01196	0.01076	0.01913	0.01674	0.01913	0.01315	0.00598	0.00359	0.00120	0.00239	0.00478	0.84816	0.00478
8	0.85592	0.00992	0.00754	0.00675	0.00992	0.01151	0.00556	0.01508	0.00873	0.02302	0.00714	0.00834	0.00556	0.00476	0.00318	0.00159	0.00397	0.00278	0.00318	0.00556
9	0.00986	0.00929	0.01570	0.76350	0.07785	0.01144	0.01433	0.01326	0.01034	0.01332	0.00915	0.01362	0.00691	0.00510	0.00513	0.00170	0.00680	0.00456	0.00229	0.00584
10	0.01454	0.01250	0.04872	0.01115	0.01456	0.03130	0.03927	0.33204	0.23353	0.02423	0.04189	0.02178	0.06460	0.00759	0.00545	0.00170	0.00511	0.07766	0.00481	0.00757
11	0.00881	0.00762	0.03313	0.04008	0.01155	0.00656	0.03749	0.04491	0.01142	0.01609	0.11965	0.27080	0.03893	0.04469	0.03108	0.00192	0.00425	0.03701	0.00404	0.22997
12	0.00733	0.00608	0.00838	0.00849	0.00931	0.03005	0.06268	0.00853	0.00998	0.01314	0.02545	0.59468	0.06277	0.05167	0.05304	0.00250	0.02484	0.01232	0.00428	0.00445

[dist]
# distance from previous block
# <min> <max>
2	6

[block]
# block no. 1 follows, 48 sequences, length 16
# corresponding to MSA columns:
# 634-649
name=unknown_B
#
# <colnr> <probs for GDERKNQSTAVLIFYWHMCP>
#	G	D	E	R	K	N	Q	S	T	A	V	L	I	F	Y	W	H	M	C	P
0	0.05739	0.01194	0.01263	0.01061	0.01385	0.01343	0.00845	0.34545	0.35916	0.02562	0.01704	0.07347	0.01349	0.00717	0.00518	0.00167	0.00466	0.00578	0.00505	0.00797
1	0.06946	0.00501	0.00665	0.00685	0.00724	0.00515	0.00468	0.00771	0.00774	0.01124	0.01414	0.19188	0.01539	0.08949	0.09490	0.44428	0.00508	0.00692	0.00298	0.00321
2	0.04736	0.01355	0.01439	0.01115	0.01505	0.01492	0.00918	0.68917	0.02269	0.03068	0.01502	0.01487	0.06495	0.00661	0.00513	0.00156	0.00537	0.00501	0.00504	0.00830
3	0.01433	0.19543	0.33088	0.01220	0.01755	0.08499	0.01307	0.18979	0.01425	0.04762	0.01021	0.02910	0.00790	0.00541	0.00462	0.00147	0.00661	0.00401	0.00311	0.00745
4	0.00956	0.00478	0.00478	0.00478	0.00598	0.00478	0.00359	0.01196	0.01076	0.01913	0.01674	0.01913	0.01315	0.00598	0.00359	0.00120	0.00239	0.00478	0.84816	0.00478
5	0.85592	0.00992	0.00754	0.00675	0.00992	0.01151	0.00556	0.01508	0.00873	0.02302	0.00714	0.00834	0.00556	0.00476	0.00318	0.00159	0.00397	0.00278	0.00318	0.00556
6	0.01697	0.00761	0.01013	0.00812	0.01119	0.00661	0.00650	0.01906	0.01415	0.48287	0.24867	0.02368	0.02321	0.03015	0.00592	0.00163	0.00376	0.00631	0.00581	0.06765
7	0.00956	0.00478	0.00478	0.00478	0.00598	0.00478	0.00359	0.01196	0.01076	0.01913	0.01674	0.01913	0.01315	0.00598	0.00359	0.00120	0.00239	0.00478	0.84816	0.00478
8	0.01084	0.11567	0.06883	0.00847	0.01217	0.00868	0.00741	0.03384	0.01110	0.05124	0.01422	0.16899	0.01402	0.00711	0.00463	0.00128	0.00427	0.04936	0.00351	0.40434
9	0.00969	0.00912	0.01539	0.80734	0.03534	0.01140	0.01425	0.01311	0.01026	0.01311	0.00912	0.01368	0.00684	0.00513	0.00513	0.00171	0.00684	0.00456	0.00228	0.00570
10	0.85592	0.00992	0.00754	0.00675	0.00992	0.01151	0.00556	0.01508	0.00873	0.02302	0.00714	0.00834	0.00556	0.00476	0.00318	0.00159	0.00397	0.00278	0.00318	0.00556
11	0.01085	0.00771	0.00931	0.00837	0.00983	0.00847	0.00624	0.19592	0.05417	0.01656	0.01377	0.02095	0.01293	0.22223	0.26517	0.11543	0.00781	0.00566	0.00349	0.00511
12	0.01008	0.00952	0.01610	0.70603	0.13358	0.01150	0.01445	0.01345	0.01045	0.01359	0.00919	0.01355	0.00701	0.00506	0.00512	0.00169	0.00674	0.00456	0.00231	0.00602
13	0.00758	0.00575	0.00797	0.11104	0.01128	0.00570	0.00607	0.01013	0.01397	0.01960	0.68365	0.03511	0.04299	0.00979	0.00593	0.00163	0.00300	0.00866	0.00521	0.00495
14	0.01786	0.15064	0.01619	0.01224	0.01513	0.64867	0.00953	0.01923	0.01379	0.01252	0.00928	0.01044	0.03275	0.00540	0.00446	0.00130	0.00843	0.00347	0.00264	0.00600
15	0.01417	0.04712	0.32279	0.01365	0.06297	0.01039	0.08678	0.01801	0.01202	0.24192	0.03238	0.01444	0.01007	0.00777	0.06264	0.00206	0.00682	0.00466	0.00360	0.02575

[dist]
# distance from previous block
# <min> <max>
0	3

[block]
# block no. 2 follows, 48 sequences, length 39
# corresponding to MSA columns:
# 653-667,670-693
name=unknown_C
#
# <colnr> <probs for GDERKNQSTAVLIFYWHMCP>
#	G	D	E	R	K	N	Q	S	T	A	V	L	I	F	Y	W	H	M	C	P
0	0.01597	0.10171	0.12578	0.03825	0.01913	0.05428	0.15890	0.35962	0.01736	0.04353	0.01086	0.01200	0.00795	0.00537	0.00506	0.00154	0.00666	0.00453	0.00374	0.00776
1	0.00869	0.00700	0.00876	0.00837	0.00920	0.04004	0.00627	0.04267	0.00897	0.01238	0.01348	0.02197	0.01335	0.22634	0.47850	0.00638	0.07443	0.00577	0.00290	0.00454
2	0.01317	0.00699	0.02856	0.00770	0.01003	0.00588	0.00613	0.01507	0.01322	0.32002	0.22761	0.18685	0.11712	0.01014	0.00577	0.00171	0.00345	0.00877	0.00555	0.00624
3	0.00956	0.00478	0.00478	0.00478	0.00598	0.00478	0.00359	0.01196	0.01076	0.01913	0.01674	0.01913	0.01315	0.00598	0.00359	0.00120	0.00239	0.00478	0.84816	0.00478
4	0.01553	0.01301	0.07481	0.01083	0.01440	0.03852	0.00933	0.34544	0.17534	0.08013	0.10742	0.01955	0.01611	0.00718	0.00534	0.00164	0.00507	0.04767	0.00496	0.00773
5	0.01060	0.00941	0.01286	0.04563	0.10633	0.00783	0.05220	0.01303	0.01077	0.01628	0.01072	0.07261	0.00965	0.00492	0.00435	0.00105	0.00443	0.00435	0.00305	0.59995
6	0.00956	0.00478	0.00478	0.00478	0.00598	0.00478	0.00359	0.01196	0.01076	0.01913	0.01674	0.01913	0.01315	0.00598	0.00359	0.00120	0.00239	0.00478	0.84816	0.00478
7	0.01087	0.07621	0.27485	0.27614	0.07772	0.05449	0.06176	0.01479	0.01075	0.01441	0.00942	0.01255	0.00732	0.00756	0.06814	0.00212	0.00773	0.00427	0.00233	0.00656
8	0.01403	0.51622	0.09136	0.01339	0.13410	0.10739	0.01090	0.03481	0.01147	0.01372	0.00792	0.00937	0.00687	0.00461	0.00391	0.00125	0.00620	0.00323	0.00237	0.00689
9	0.01265	0.28065	0.43784	0.01256	0.01842	0.12625	0.01442	0.01657	0.01123	0.01439	0.00836	0.00978	0.00654	0.00478	0.00433	0.00141	0.00715	0.00339	0.00224	0.00703
10	0.00644	0.00467	0.00616	0.00716	0.00765	0.00428	0.00482	0.00740	0.00986	0.01326	0.02745	0.78119	0.03279	0.01554	0.00643	0.00203	0.00301	0.01408	0.00469	0.04110
11	0.01423	0.09511	0.01602	0.01179	0.01521	0.07490	0.09933	0.17561	0.33339	0.02138	0.07627	0.01675	0.01427	0.00637	0.00513	0.00159	0.00535	0.00536	0.00441	0.00752
12	0.01321	0.01105	0.06194	0.01009	0.01310	0.01082	0.00841	0.22476	0.24259	0.06094	0.01981	0.17780	0.03423	0.00880	0.00550	0.00174	0.00452	0.04740	0.00485	0.03844
13	0.00815	0.00670	0.00982	0.00934	0.01007	0.00837	0.00743	0.00983	0.00816	0.01200	0.01227	0.01828	0.01155	0.03228	0.63488	0.00699	0.18116	0.00529	0.00264	0.00480
14	0.01663	0.41347	0.02102	0.01039	0.01456	0.06034	0.00928	0.35775	0.01685	0.02128	0.00953	0.01014	0.00756	0.00524	0.00420	0.00131	0.00576	0.00362	0.00355	0.00752
15	0.00865	0.00457	0.00664	0.00664	0.00669	0.00462	0.00440	0.00691	0.00686	0.00920	0.01004	0.01799	0.01029	0.11476	0.06283	0.70419	0.00502	0.00487	0.00236	0.00246
16	0.00637	0.00452	0.00592	0.00699	0.00725	0.00425	0.00459	0.00718	0.00958	0.01278	0.02705	0.73679	0.03238	0.09773	0.00854	0.00238	0.00318	0.01386	0.00459	0.00406
17	0.00736	0.00539	0.00772	0.00772	0.00845	0.00613	0.00576	0.00882	0.00809	0.01152	0.01423	0.02283	0.01399	0.19400	0.64541	0.00759	0.01200	0.00589	0.00282	0.00429
18	0.00632	0.00451	0.00603	0.00722	0.00755	0.00423	0.00488	0.00726	0.00989	0.01317	0.02824	0.79108	0.03379	0.01601	0.00657	0.00209	0.00304	0.03917	0.00476	0.00419
19	0.63659	0.00942	0.00834	0.00716	0.01041	0.01034	0.00589	0.01706	0.01011	0.18743	0.01041	0.01081	0.00745	0.00516	0.00362	0.00157	0.00398	0.00339	0.04466	0.00620
20	0.00746	0.00497	0.00560	0.00560	0.00560	0.00497	0.00311	0.00746	0.00746	0.00995	0.01617	0.03358	0.01865	0.81967	0.02612	0.00497	0.00497	0.00746	0.00311	0.00311
21	0.01074	0.00835	0.00931	0.00987	0.01145	0.10082	0.00841	0.01295	0.01237	0.07677	0.02432	0.04885	0.02545	0.01249	0.00664	0.00218	0.00524	0.60400	0.00461	0.00519
22	0.01567	0.00889	0.01037	0.00876	0.01174	0.00904	0.00697	0.05815	0.27779	0.30140	0.05554	0.02144	0.07665	0.00722	0.00510	0.00160	0.00386	0.00594	0.10634	0.00753
23	0.00752	0.00553	0.00678	0.00722	0.00862	0.00510	0.00585	0.00929	0.01179	0.03446	0.08949	0.08913	0.34683	0.03809	0.00710	0.00209	0.00359	0.31212	0.00480	0.00459
24	0.00645	0.00462	0.00613	0.00701	0.00749	0.00430	0.00478	0.00765	0.01076	0.01459	0.17892	0.66144	0.03682	0.01496	0.00645	0.00199	0.00287	0.01353	0.00494	0.00430
25	0.01064	0.00912	0.01064	0.00760	0.01216	0.00684	0.00608	0.01292	0.01064	0.01672	0.00912	0.01064	0.00760	0.00380	0.00380	0.00076	0.00380	0.00304	0.00304	0.85104
26	0.00631	0.00449	0.00594	0.00707	0.00735	0.00421	0.00468	0.00716	0.00971	0.01295	0.02770	0.77853	0.03320	0.05488	0.00749	0.00222	0.00307	0.01424	0.00468	0.00412
27	0.00717	0.00534	0.00686	0.00767	0.00877	0.00503	0.00614	0.00891	0.01144	0.01471	0.07444	0.24181	0.21790	0.01415	0.00665	0.00210	0.00365	0.34794	0.00479	0.00450
28	0.00707	0.00541	0.00666	0.00730	0.00860	0.00500	0.00591	0.00881	0.01160	0.01462	0.06099	0.14595	0.34719	0.01380	0.00656	0.00204	0.00355	0.32966	0.00477	0.00450
29	0.01123	0.01123	0.01572	0.01347	0.01347	0.01572	0.01123	0.01235	0.00786	0.01235	0.00674	0.01123	0.00674	0.00898	0.01684	0.00225	0.81028	0.00449	0.00225	0.00561
30	0.00973	0.00539	0.00643	0.00629	0.00719	0.00548	0.00452	0.06992	0.01029	0.01591	0.01504	0.11262	0.01381	0.01132	0.00979	0.29688	0.00344	0.00583	0.38598	0.00413
31	0.00746	0.00498	0.00563	0.00562	0.00565	0.00497	0.00315	0.00752	0.00764	0.01022	0.03576	0.03370	0.01941	0.79905	0.02560	0.00489	0.00491	0.00751	0.00317	0.00315
32	0.00775	0.00483	0.00546	0.00570	0.00606	0.00477	0.00356	0.00852	0.00876	0.01287	0.01872	0.18579	0.02032	0.45599	0.01658	0.00345	0.00393	0.00821	0.21499	0.00374
33	0.00606	0.00520	0.00520	0.00520	0.00693	0.00433	0.00390	0.00736	0.01170	0.01386	0.05198	0.04938	0.78558	0.01299	0.00606	0.00173	0.00260	0.01083	0.00476	0.00433
34	0.01372	0.82276	0.02689	0.00878	0.01317	0.02030	0.00878	0.01536	0.01043	0.01207	0.00713	0.00823	0.00658	0.00439	0.00329	0.00110	0.00549	0.00274	0.00219	0.00658
35	0.00710	0.00504	0.00674	0.00757	0.00815	0.00496	0.00557	0.00840	0.01012	0.01353	0.06584	0.39430	0.02959	0.13779	0.07270	0.00306	0.00456	0.20636	0.00439	0.00422
36	0.01591	0.31909	0.01838	0.01061	0.01399	0.24201	0.00895	0.02003	0.16481	0.09011	0.01136	0.01172	0.00900	0.00554	0.00478	0.00138	0.03828	0.00382	0.00333	0.00688
37	0.01971	0.00851	0.01132	0.04090	0.01332	0.00776	0.00748	0.02273	0.07509	0.60620	0.06559	0.02063	0.06287	0.00700	0.00527	0.00162	0.00422	0.00578	0.00596	0.00807
38	0.01232	0.01225	0.02146	0.04274	0.53480	0.01283	0.13514	0.01529	0.01115	0.01597	0.00932	0.01268	0.00784	0.00521	0.00701	0.00167	0.12753	0.00480	0.00250	0.00751

[dist]
# distance from previous block
# <min> <max>
0	9

[block]
# block no. 3 follows, 48 sequences, length 99
# corresponding to MSA columns:
# 703-801
name=unknown_D
#
# <colnr> <probs for GDERKNQSTAVLIFYWHMCP>
#	G	D	E	R	K	N	Q	S	T	A	V	L	I	F	Y	W	H	M	C	P
0	0.01172	0.42266	0.08780	0.01038	0.01409	0.01461	0.09956	0.04298	0.01081	0.01369	0.01195	0.13192	0.01207	0.08734	0.00659	0.00177	0.00563	0.00553	0.00283	0.00609
1	0.00976	0.00897	0.01431	0.68312	0.03139	0.01090	0.01294	0.04228	0.02389	0.01407	0.01371	0.01727	0.08453	0.00598	0.00522	0.00171	0.00632	0.00521	0.00269	0.00572
2	0.04870	0.01198	0.01969	0.08112	0.67457	0.01225	0.01498	0.04495	0.01195	0.01739	0.00961	0.01256	0.00796	0.00468	0.00500	0.00154	0.00604	0.00450	0.00265	0.00788
3	0.00746	0.00497	0.00560	0.00560	0.00560	0.00497	0.00311	0.00746	0.00746	0.00995	0.01617	0.03358	0.01865	0.81967	0.02612	0.00497	0.00497	0.00746	0.00311	0.00311
4	0.01767	0.01346	0.01436	0.01143	0.01521	0.01505	0.00931	0.56789	0.22979	0.02937	0.01465	0.01418	0.01062	0.00638	0.00516	0.00159	0.00521	0.00494	0.00516	0.00856
5	0.01111	0.01057	0.01795	0.44220	0.38941	0.01177	0.01495	0.01435	0.01093	0.01483	0.00937	0.01322	0.00745	0.00487	0.00511	0.00162	0.00649	0.00457	0.00240	0.00684
6	0.28041	0.01363	0.13640	0.02056	0.40607	0.01184	0.01284	0.01580	0.01067	0.03427	0.00900	0.01112	0.00715	0.00472	0.00444	0.00156	0.00562	0.00389	0.00276	0.00724
7	0.01075	0.01625	0.25174	0.01713	0.02244	0.01137	0.42882	0.01520	0.01195	0.01665	0.08942	0.01737	0.05490	0.00559	0.00571	0.00169	0.00738	0.00597	0.00289	0.00676
8	0.00636	0.00462	0.00603	0.00706	0.00754	0.00428	0.00484	0.00742	0.01026	0.01358	0.06317	0.69216	0.09201	0.01552	0.00651	0.00205	0.00300	0.04457	0.00480	0.00423
9	0.00617	0.00515	0.00529	0.00534	0.00689	0.00437	0.00391	0.00740	0.01142	0.01373	0.06195	0.08506	0.69353	0.05817	0.00721	0.00193	0.00275	0.01079	0.00469	0.00426
10	0.00625	0.00447	0.00595	0.00714	0.00744	0.00417	0.00476	0.00714	0.00982	0.01310	0.02828	0.81633	0.03394	0.01608	0.00655	0.00208	0.00298	0.01459	0.00476	0.00417
11	0.01140	0.01023	0.01247	0.01112	0.01274	0.01277	0.00890	0.01941	0.39844	0.01690	0.01500	0.01663	0.01221	0.01254	0.13252	0.00292	0.27793	0.00531	0.00383	0.00672
12	0.01811	0.00796	0.01049	0.00872	0.01168	0.00725	0.00693	0.05551	0.03089	0.52003	0.03708	0.14454	0.01772	0.05749	0.00675	0.00191	0.00422	0.03957	0.00574	0.00741
13	0.01658	0.01155	0.01227	0.00974	0.01299	0.01264	0.00794	0.54725	0.02019	0.02845	0.01362	0.01432	0.01003	0.00611	0.00468	0.00144	0.00469	0.00467	0.25329	0.00757
14	0.02302	0.00873	0.01191	0.00913	0.01310	0.00754	0.00754	0.02501	0.01469	0.79122	0.02024	0.01746	0.01270	0.00635	0.00516	0.00159	0.00437	0.00516	0.00635	0.00873
15	0.00787	0.00489	0.00547	0.00557	0.00603	0.00482	0.00352	0.00878	0.00909	0.01346	0.06124	0.11030	0.03576	0.45325	0.01642	0.00339	0.00387	0.00763	0.23484	0.00380
16	0.00822	0.00556	0.00662	0.00630	0.00777	0.00502	0.00464	0.01013	0.02844	0.08077	0.32596	0.09708	0.29559	0.08555	0.00784	0.00200	0.00295	0.00963	0.00509	0.00485
17	0.01029	0.02654	0.79309	0.01462	0.02221	0.01192	0.01896	0.01625	0.01083	0.01625	0.00921	0.01083	0.00650	0.00487	0.00487	0.00162	0.00758	0.00379	0.00217	0.00758
18	0.00717	0.00539	0.00665	0.00631	0.00767	0.00495	0.00474	0.00969	0.03473	0.01924	0.61597	0.04004	0.19658	0.01090	0.00603	0.00164	0.00250	0.00950	0.00546	0.00483
19	0.06096	0.00783	0.00916	0.00799	0.01034	0.00773	0.00608	0.06539	0.11544	0.26177	0.03521	0.12260	0.10863	0.14689	0.00892	0.00226	0.00408	0.00738	0.00499	0.00636
20	0.00627	0.00469	0.00583	0.00663	0.00733	0.00425	0.00456	0.00736	0.01059	0.01377	0.08332	0.57915	0.21767	0.01496	0.00640	0.00197	0.00285	0.01333	0.00482	0.00425
21	0.01997	0.01362	0.01493	0.01145	0.01554	0.01480	0.00946	0.67140	0.02287	0.13327	0.01337	0.01300	0.00925	0.00618	0.00514	0.00155	0.00548	0.00469	0.00529	0.00873
22	0.04162	0.00880	0.01180	0.00910	0.01303	0.00772	0.00751	0.02482	0.02822	0.76012	0.01996	0.01729	0.01259	0.00633	0.00512	0.00159	0.00435	0.00512	0.00626	0.00865
23	0.00678	0.00519	0.00580	0.00585	0.00691	0.00474	0.00405	0.00818	0.02690	0.01411	0.16600	0.13002	0.36417	0.21563	0.01114	0.00257	0.00324	0.01004	0.00451	0.00417
24	0.00745	0.00522	0.00672	0.00732	0.00812	0.00496	0.00521	0.04152	0.01143	0.03257	0.13599	0.57107	0.07292	0.01437	0.00639	0.00198	0.00312	0.05410	0.00494	0.00460
25	0.01701	0.01058	0.01206	0.01004	0.01342	0.01128	0.00803	0.13744	0.39263	0.27364	0.01926	0.01757	0.01358	0.00661	0.00514	0.00164	0.00435	0.00538	0.03201	0.00831
26	0.00840	0.00667	0.00738	0.00704	0.00887	0.00660	0.00532	0.01321	0.20269	0.03470	0.20670	0.10491	0.34586	0.01105	0.00587	0.00173	0.00299	0.00943	0.00511	0.00547
27	0.00629	0.00448	0.00594	0.00710	0.00739	0.00419	0.00472	0.00715	0.00976	0.01301	0.02793	0.79382	0.03350	0.03918	0.00711	0.00217	0.00303	0.01438	0.00472	0.00414
28	0.00755	0.00523	0.00629	0.00663	0.00700	0.00517	0.00428	0.04005	0.00940	0.01255	0.03709	0.32926	0.02510	0.42958	0.01659	0.00355	0.00418	0.04270	0.00394	0.00385
29	0.01068	0.00829	0.00990	0.00973	0.01174	0.00898	0.00807	0.09706	0.24256	0.01898	0.04760	0.03888	0.04510	0.01207	0.04093	0.00230	0.00489	0.37125	0.00486	0.00616
30	0.01149	0.24294	0.56178	0.01295	0.01956	0.01432	0.01592	0.03805	0.01111	0.01558	0.00873	0.01017	0.00659	0.00478	0.00445	0.00148	0.00696	0.00353	0.00226	0.00734
31	0.01064	0.00912	0.01064	0.00760	0.01216	0.00684	0.00608	0.01292	0.01064	0.01672	0.00912	0.01064	0.00760	0.00380	0.00380	0.00076	0.00380	0.00304	0.00304	0.85104
32	0.00793	0.00620	0.00836	0.05024	0.04781	0.00619	0.00725	0.01049	0.04420	0.01529	0.09517	0.14036	0.17851	0.01369	0.04112	0.00230	0.00443	0.31102	0.00452	0.00494
33	0.09416	0.00506	0.00662	0.00661	0.00695	0.00520	0.00445	0.00764	0.00714	0.01067	0.01054	0.06139	0.01094	0.09618	0.01820	0.63341	0.00438	0.00515	0.00255	0.00276
34	0.01275	0.02214	0.49456	0.01486	0.02110	0.04646	0.11079	0.16658	0.01374	0.01925	0.00987	0.01145	0.00711	0.00516	0.00529	0.00162	0.02259	0.00423	0.00283	0.00762
35	0.00678	0.00471	0.00590	0.00665	0.00687	0.00453	0.00427	0.00739	0.00901	0.01200	0.02370	0.49522	0.02804	0.31747	0.01391	0.00318	0.00379	0.03866	0.00414	0.00379
36	0.01080	0.01201	0.09326	0.58957	0.10660	0.04616	0.01452	0.04042	0.01113	0.01443	0.00924	0.01306	0.00699	0.00509	0.00508	0.00166	0.00690	0.00443	0.00241	0.00624
37	0.00616	0.00483	0.00558	0.00618	0.00719	0.00425	0.00434	0.00725	0.01075	0.01347	0.03997	0.43808	0.40464	0.01456	0.00631	0.00191	0.00279	0.01273	0.00476	0.00425
38	0.01107	0.01135	0.01130	0.01041	0.01161	0.20730	0.02365	0.01254	0.00977	0.01206	0.01126	0.01702	0.01067	0.09635	0.38019	0.00506	0.14574	0.00497	0.00267	0.00501
39	0.02088	0.01216	0.01403	0.01076	0.01481	0.01263	0.00889	0.47813	0.02042	0.33000	0.01543	0.01434	0.01029	0.00623	0.00514	0.00156	0.00514	0.00483	0.00561	0.00873
40	0.00956	0.00478	0.00478	0.00478	0.00598	0.00478	0.00359	0.01196	0.01076	0.01913	0.01674	0.01913	0.01315	0.00598	0.00359	0.00120	0.00239	0.00478	0.84816	0.00478
41	0.43095	0.12474	0.15179	0.00884	0.01315	0.04658	0.00867	0.01526	0.00987	0.01894	0.00783	0.00914	0.00621	0.00462	0.00365	0.00140	0.00503	0.00302	0.00282	0.12749
42	0.00772	0.00535	0.00700	0.00653	0.00782	0.00492	0.00492	0.01012	0.01453	0.04273	0.76297	0.03773	0.04739	0.01037	0.00603	0.00161	0.00248	0.00916	0.00567	0.00495
43	0.01168	0.01195	0.01713	0.49297	0.02886	0.11482	0.12757	0.05336	0.01175	0.01452	0.01011	0.04813	0.00823	0.00563	0.00549	0.00168	0.02240	0.00506	0.00263	0.00601
44	0.01338	0.01222	0.01879	0.09405	0.55446	0.02879	0.01411	0.13257	0.01356	0.01877	0.02462	0.03159	0.00941	0.00525	0.00513	0.00155	0.00602	0.00487	0.00303	0.00781
45	0.00648	0.00465	0.00583	0.00664	0.00704	0.00435	0.00436	0.00727	0.00964	0.01270	0.04142	0.57740	0.10605	0.16881	0.01022	0.00259	0.00331	0.01276	0.00446	0.00399
46	0.01712	0.01286	0.01382	0.01118	0.01482	0.01436	0.00904	0.45800	0.30778	0.06145	0.01589	0.01511	0.01151	0.00647	0.00517	0.00162	0.00499	0.00509	0.00522	0.00850
47	0.01372	0.82276	0.02689	0.00878	0.01317	0.02030	0.00878	0.01536	0.01043	0.01207	0.00713	0.00823	0.00658	0.00439	0.00329	0.00110	0.00549	0.00274	0.00219	0.00658
48	0.00877	0.00451	0.00658	0.00658	0.00658	0.00451	0.00432	0.00676	0.00676	0.00902	0.00963	0.01739	0.00988	0.09760	0.02066	0.76658	0.00451	0.00476	0.00232	0.00232
49	0.00733	0.00550	0.00825	0.00825	0.00916	0.00641	0.00641	0.00916	0.00825	0.01191	0.01374	0.02016	0.01283	0.03848	0.79934	0.00825	0.01374	0.00550	0.00275	0.00458
50	0.01276	0.01102	0.01160	0.01044	0.01334	0.01276	0.00812	0.02727	0.77840	0.02146	0.02088	0.01914	0.01566	0.00696	0.00522	0.00174	0.00406	0.00580	0.00522	0.00812
51	0.00650	0.00463	0.00633	0.00730	0.00769	0.00453	0.00501	0.00744	0.00949	0.01279	0.02546	0.66924	0.02993	0.01961	0.13011	0.02784	0.00469	0.01288	0.00438	0.00418
52	0.00743	0.00496	0.00561	0.00564	0.00565	0.00495	0.00316	0.00745	0.00753	0.01004	0.01652	0.05645	0.01910	0.79619	0.02554	0.00489	0.00492	0.00767	0.00316	0.00314
53	0.00866	0.00738	0.01051	0.00975	0.01026	0.00941	0.00771	0.01007	0.00804	0.01186	0.01162	0.01848	0.01135	0.10623	0.45807	0.00589	0.28197	0.00535	0.00261	0.00478
54	0.01917	0.02445	0.01454	0.01322	0.01586	0.79907	0.00991	0.02049	0.01454	0.01256	0.00793	0.00925	0.00661	0.00529	0.00463	0.00132	0.00925	0.00330	0.00264	0.00595
55	0.01064	0.00912	0.01064	0.00760	0.01216	0.00684	0.00608	0.01292	0.01064	0.01672	0.00912	0.01064	0.00760	0.00380	0.00380	0.00076	0.00380	0.00304	0.00304	0.85104
56	0.01600	0.01375	0.01365	0.01145	0.01480	0.10715	0.02600	0.27497	0.40081	0.04115	0.01623	0.01553	0.01202	0.00642	0.00514	0.00162	0.00532	0.00510	0.00485	0.00805
57	0.01039	0.00886	0.01038	0.00757	0.01190	0.00669	0.00601	0.01260	0.01059	0.01652	0.01019	0.05565	0.00907	0.00449	0.00395	0.00083	0.00375	0.00369	0.00314	0.80373
58	0.01739	0.02162	0.01534	0.13695	0.01936	0.64321	0.04294	0.01917	0.01377	0.01281	0.00822	0.01014	0.00670	0.00522	0.00477	0.00140	0.00885	0.00362	0.00259	0.00595
59	0.00734	0.00547	0.00810	0.00810	0.00896	0.00633	0.00623	0.00907	0.00820	0.01180	0.01388	0.02091	0.01315	0.08213	0.75614	0.00806	0.01325	0.00561	0.00277	0.00450
60	0.04640	0.04379	0.74233	0.01416	0.02148	0.01209	0.01816	0.01618	0.01073	0.01644	0.00907	0.01067	0.00646	0.00486	0.00477	0.00161	0.00738	0.00372	0.00221	0.00747
61	0.01462	0.01146	0.04017	0.01624	0.22957	0.01160	0.01055	0.04435	0.36646	0.15851	0.01712	0.01727	0.01277	0.00622	0.00519	0.00165	0.00486	0.01864	0.00456	0.00817
62	0.01218	0.01050	0.01362	0.25748	0.08697	0.01213	0.01065	0.06126	0.40040	0.03288	0.01602	0.03819	0.01237	0.00639	0.00521	0.00171	0.00515	0.00548	0.00409	0.00731
63	0.00658	0.00474	0.00638	0.00710	0.00766	0.00453	0.00494	0.00790	0.01069	0.01461	0.19195	0.56850	0.03503	0.01705	0.08418	0.00259	0.00391	0.01254	0.00476	0.00436
64	0.00897	0.00792	0.01093	0.01003	0.01079	0.01005	0.00806	0.01119	0.05147	0.01280	0.01532	0.01966	0.08758	0.02312	0.38261	0.00498	0.31080	0.00567	0.00290	0.00514
65	0.00956	0.00478	0.00478	0.00478	0.00598	0.00478	0.00359	0.01196	0.01076	0.01913	0.01674	0.01913	0.01315	0.00598	0.00359	0.00120	0.00239	0.00478	0.84816	0.00478
66	0.01276	0.01102	0.01160	0.01044	0.01334	0.01276	0.00812	0.02727	0.77840	0.02146	0.02088	0.01914	0.01566	0.00696	0.00522	0.00174	0.00406	0.00580	0.00522	0.00812
67	0.01211	0.01384	0.03028	0.02163	0.02682	0.01298	0.76903	0.01644	0.01211	0.01644	0.01038	0.01384	0.00779	0.00433	0.00606	0.00173	0.00865	0.00606	0.00260	0.00692
68	0.01029	0.02654	0.79309	0.01462	0.02221	0.01192	0.01896	0.01625	0.01083	0.01625	0.00921	0.01083	0.00650	0.00487	0.00487	0.00162	0.00758	0.00379	0.00217	0.00758
69	0.02095	0.00879	0.01245	0.13314	0.01655	0.00814	0.00858	0.02316	0.01400	0.67034	0.01851	0.01688	0.01179	0.00616	0.00516	0.00161	0.00475	0.00507	0.00572	0.00826
70	0.00726	0.00524	0.00686	0.00646	0.00767	0.00484	0.00484	0.00968	0.01452	0.02058	0.78496	0.03833	0.04841	0.01049	0.00605	0.00161	0.00242	0.00928	0.00565	0.00484
71	0.00734	0.00547	0.00811	0.00811	0.00898	0.00634	0.00624	0.00907	0.00821	0.01181	0.01387	0.02085	0.01313	0.07876	0.75948	0.00808	0.01329	0.00560	0.00277	0.00451
72	0.01064	0.00912	0.01064	0.00760	0.01216	0.00684	0.00608	0.01292	0.01064	0.01672	0.00912	0.01064	0.00760	0.00380	0.00380	0.00076	0.00380	0.00304	0.00304	0.85104
73	0.00633	0.00457	0.00617	0.02553	0.00808	0.00433	0.00498	0.00728	0.00983	0.01310	0.02784	0.79788	0.03331	0.01582	0.00652	0.00208	0.00307	0.01436	0.00471	0.00420
74	0.01211	0.01384	0.03028	0.02163	0.02682	0.01298	0.76903	0.01644	0.01211	0.01644	0.01038	0.01384	0.00779	0.00433	0.00606	0.00173	0.00865	0.00606	0.00260	0.00692
75	0.01276	0.01102	0.01160	0.01044	0.01334	0.01276	0.00812	0.02727	0.77840	0.02146	0.02088	0.01914	0.01566	0.00696	0.00522	0.00174	0.00406	0.00580	0.00522	0.00812
76	0.00707	0.00551	0.00660	0.00712	0.00859	0.00504	0.00587	0.00887	0.01181	0.01468	0.05743	0.05292	0.43235	0.01346	0.00652	0.00201	0.00354	0.34131	0.00477	0.00452
77	0.00688	0.00523	0.00632	0.00605	0.00743	0.00468	0.00454	0.00894	0.01361	0.01842	0.54913	0.04188	0.28559	0.01130	0.00606	0.00165	0.00248	0.00978	0.00536	0.00468
78	0.00656	0.00459	0.00586	0.00676	0.00698	0.00437	0.00435	0.00722	0.00923	0.01231	0.02523	0.61950	0.03009	0.21814	0.01147	0.00281	0.00348	0.01280	0.00435	0.00390
79	0.00710	0.00521	0.00665	0.00636	0.00758	0.00476	0.00474	0.00934	0.01404	0.01959	0.67979	0.07258	0.12113	0.01098	0.00607	0.00165	0.00246	0.00966	0.00552	0.00476
80	0.00745	0.00503	0.00586	0.00586	0.00595	0.00512	0.00343	0.00763	0.00754	0.01014	0.01593	0.03226	0.01808	0.74307	0.10194	0.00530	0.00583	0.00727	0.00307	0.00325
81	0.00733	0.00550	0.00825	0.00825	0.00916	0.00641	0.00641	0.00916	0.00825	0.01191	0.01374	0.02016	0.01283	0.03848	0.79934	0.00825	0.01374	0.00550	0.00275	0.00458
82	0.00829	0.00577	0.00675	0.00672	0.00728	0.00582	0.00436	0.08341	0.01021	0.01370	0.06231	0.26281	0.02384	0.45630	0.01713	0.00359	0.00431	0.00938	0.00394	0.00408
83	0.00793	0.00565	0.00684	0.00720	0.00789	0.00560	0.00491	0.08328	0.01079	0.01432	0.02462	0.48467	0.05949	0.21697	0.01132	0.00275	0.00378	0.03322	0.00438	0.00438
84	0.00956	0.00478	0.00478	0.00478	0.00598	0.00478	0.00359	0.01196	0.01076	0.01913	0.01674	0.01913	0.01315	0.00598	0.00359	0.00120	0.00239	0.00478	0.84816	0.00478
85	0.00667	0.00483	0.00625	0.00671	0.00744	0.00447	0.00469	0.00816	0.01170	0.01597	0.32516	0.44189	0.08391	0.03891	0.00694	0.00197	0.00280	0.01206	0.00506	0.00441
86	0.01022	0.00747	0.00868	0.00791	0.00973	0.00775	0.00595	0.07269	0.20613	0.05668	0.32628	0.09432	0.06353	0.09014	0.00777	0.00202	0.00348	0.00817	0.00517	0.00590
87	0.01325	0.01325	0.01029	0.00971	0.01140	0.30164	0.00712	0.01601	0.11140	0.04996	0.01576	0.07337	0.01554	0.24199	0.01129	0.00259	0.00627	0.08022	0.00363	0.00531
88	0.00827	0.00591	0.00827	0.00945	0.01063	0.00591	0.00827	0.01063	0.01181	0.01536	0.02717	0.05788	0.02953	0.01417	0.00709	0.00236	0.00472	0.75313	0.00472	0.00472
89	0.00760	0.00520	0.00653	0.00712	0.00759	0.00516	0.00512	0.00861	0.00939	0.01251	0.02178	0.16300	0.02455	0.40058	0.01603	0.00354	0.00451	0.26040	0.02690	0.00386
90	0.00621	0.00479	0.00567	0.00633	0.00724	0.00426	0.00441	0.00731	0.01073	0.01364	0.06167	0.47945	0.34064	0.01465	0.00634	0.00193	0.00281	0.01289	0.00479	0.00426
91	0.00644	0.00529	0.00551	0.00558	0.00703	0.00465	0.00402	0.00798	0.03512	0.01361	0.04501	0.11618	0.61099	0.09974	0.00824	0.00211	0.00293	0.01065	0.00460	0.00430
92	0.00969	0.00912	0.01539	0.80734	0.03534	0.01140	0.01425	0.01311	0.01026	0.01311	0.00912	0.01368	0.00684	0.00513	0.00513	0.00171	0.00684	0.00456	0.00228	0.00570
93	0.01064	0.00912	0.01064	0.00760	0.01216	0.00684	0.00608	0.01292	0.01064	0.01672	0.00912	0.01064	0.00760	0.00380	0.00380	0.00076	0.00380	0.00304	0.00304	0.85104
94	0.16740	0.00622	0.00677	0.00671	0.00835	0.00606	0.00500	0.01074	0.01094	0.08931	0.10173	0.26539	0.21092	0.05020	0.00657	0.00196	0.00330	0.03287	0.00462	0.00493
95	0.00676	0.00497	0.00636	0.00672	0.00764	0.00457	0.00487	0.00843	0.01215	0.01644	0.34663	0.34389	0.14365	0.01322	0.00631	0.00186	0.00279	0.05312	0.00513	0.00450
96	0.01839	0.01876	0.01395	0.01188	0.01495	0.42567	0.00925	0.30547	0.01784	0.02071	0.01043	0.01135	0.00803	0.00568	0.00472	0.00139	0.00723	0.00395	0.08344	0.00690
97	0.02973	0.01156	0.09700	0.08614	0.16666	0.01038	0.01063	0.13327	0.07634	0.09435	0.19491	0.02013	0.03302	0.00682	0.00530	0.00160	0.00495	0.00584	0.00425	0.00710
98	0.01038	0.00862	0.01317	0.08763	0.29181	0.00882	0.01015	0.01303	0.03814	0.05891	0.07453	0.17795	0.10662	0.00897	0.00615	0.00175	0.03987	0.03343	0.00380	0.00627

[dist]
# distance from previous block
# <min> <max>
7	11

[block]
# block no. 4 follows, 48 sequences, length 23
# corresponding to MSA columns:
# 813-835
name=unknown_E
#
# <colnr> <probs for GDERKNQSTAVLIFYWHMCP>
#	G	D	E	R	K	N	Q	S	T	A	V	L	I	F	Y	W	H	M	C	P
0	0.01662	0.00968	0.01177	0.00876	0.01303	0.00834	0.00714	0.12022	0.01403	0.31793	0.01385	0.01350	0.00972	0.00510	0.00451	0.00119	0.00427	0.00407	0.00460	0.41166
1	0.00654	0.00524	0.00585	0.00576	0.00730	0.00455	0.00435	0.00825	0.01265	0.01617	0.29789	0.04593	0.51352	0.01219	0.00609	0.00171	0.00261	0.03383	0.00506	0.00452
2	0.00733	0.00550	0.00825	0.00825	0.00916	0.00641	0.00641	0.00916	0.00825	0.01191	0.01374	0.02016	0.01283	0.03848	0.79934	0.00825	0.01374	0.00550	0.00275	0.00458
3	0.01439	0.00926	0.01135	0.00958	0.01217	0.01004	0.00773	0.29277	0.01521	0.14330	0.01435	0.01680	0.01131	0.02034	0.35285	0.00447	0.00888	0.00510	0.03334	0.00678
4	0.02302	0.00873	0.01191	0.00913	0.01310	0.00754	0.00754	0.02501	0.01469	0.79122	0.02024	0.01746	0.01270	0.00635	0.00516	0.00159	0.00437	0.00516	0.00635	0.00873
5	0.00625	0.00447	0.00595	0.00714	0.00744	0.00417	0.00476	0.00714	0.00982	0.01310	0.02828	0.81633	0.03394	0.01608	0.00655	0.00208	0.00298	0.01459	0.00476	0.00417
6	0.00733	0.00550	0.00825	0.00825	0.00916	0.00641	0.00641	0.00916	0.00825	0.01191	0.01374	0.02016	0.01283	0.03848	0.79934	0.00825	0.01374	0.00550	0.00275	0.00458
7	0.00999	0.00573	0.00666	0.00615	0.00732	0.00529	0.00413	0.01068	0.00987	0.15553	0.02597	0.03459	0.21143	0.46522	0.01717	0.00353	0.00426	0.00789	0.00413	0.00446
8	0.00686	0.00479	0.00587	0.00648	0.00675	0.00461	0.00416	0.00745	0.00897	0.01186	0.02409	0.40132	0.06410	0.36771	0.01512	0.00334	0.00391	0.04483	0.00404	0.00374
9	0.01064	0.00912	0.01064	0.00760	0.01216	0.00684	0.00608	0.01292	0.01064	0.01672	0.00912	0.01064	0.00760	0.00380	0.00380	0.00076	0.00380	0.00304	0.00304	0.85104
10	0.00630	0.00479	0.00582	0.00661	0.00744	0.00432	0.00466	0.00740	0.01056	0.01348	0.03620	0.51781	0.28668	0.01494	0.00641	0.00198	0.00294	0.05265	0.00476	0.00425
11	0.00624	0.00450	0.00592	0.00705	0.00742	0.00418	0.00472	0.00716	0.00992	0.01314	0.02945	0.77834	0.07116	0.01592	0.00653	0.00207	0.00296	0.01440	0.00476	0.00418
12	0.10286	0.01021	0.01139	0.00962	0.01293	0.01091	0.00769	0.06570	0.38956	0.27600	0.03548	0.01753	0.01398	0.00657	0.00500	0.00166	0.00420	0.00529	0.00539	0.00802
13	0.00763	0.00542	0.00653	0.00688	0.00747	0.00532	0.00457	0.06346	0.01039	0.01382	0.05056	0.44660	0.06508	0.26730	0.01255	0.00292	0.00376	0.01125	0.00430	0.00420
14	0.00626	0.00495	0.00564	0.00601	0.00719	0.00433	0.00430	0.00753	0.01134	0.01430	0.12049	0.31687	0.44504	0.01381	0.00623	0.00184	0.00271	0.01198	0.00486	0.00433
15	0.01091	0.01075	0.01510	0.01304	0.01312	0.01495	0.01083	0.01209	0.00789	0.01231	0.00731	0.01196	0.00724	0.01141	0.08117	0.00274	0.74480	0.00457	0.00229	0.00553
16	0.11753	0.00926	0.01157	0.00905	0.01289	0.00867	0.00745	0.06097	0.05212	0.62783	0.01838	0.01625	0.01183	0.00619	0.00493	0.00159	0.00437	0.00489	0.00587	0.00834
17	0.00721	0.00559	0.00664	0.00687	0.00805	0.00536	0.00496	0.01014	0.09931	0.01613	0.22452	0.34114	0.21917	0.01287	0.00615	0.00184	0.00287	0.01132	0.00504	0.00483
18	0.17962	0.00795	0.00935	0.00768	0.01063	0.00759	0.00612	0.01904	0.01234	0.43658	0.05459	0.01858	0.01375	0.08987	0.00680	0.00189	0.00403	0.00510	0.10158	0.00690
19	0.35028	0.00717	0.00648	0.00593	0.00815	0.00771	0.00470	0.01428	0.01027	0.08416	0.01318	0.01466	0.01007	0.00552	0.00355	0.00139	0.00319	0.00401	0.43990	0.00542
20	0.85592	0.00992	0.00754	0.00675	0.00992	0.01151	0.00556	0.01508	0.00873	0.02302	0.00714	0.00834	0.00556	0.00476	0.00318	0.00159	0.00397	0.00278	0.00318	0.00556
21	0.00645	0.00456	0.00593	0.00691	0.00720	0.00430	0.00454	0.00726	0.00965	0.01290	0.04952	0.68677	0.03230	0.12476	0.00918	0.00246	0.00323	0.01346	0.00457	0.00404
22	0.00617	0.00514	0.00538	0.00545	0.00703	0.00436	0.00404	0.00751	0.01175	0.01429	0.10325	0.11163	0.67027	0.01307	0.00610	0.00175	0.00262	0.01103	0.00483	0.00436

[dist]
# distance from previous block
# <min> <max>
0	6

[block]
# block no. 5 follows, 48 sequences, length 61
# corresponding to MSA columns:
# 842-902
name=unknown_F
#
# <colnr> <probs for GDERKNQSTAVLIFYWHMCP>
#	G	D	E	R	K	N	Q	S	T	A	V	L	I	F	Y	W	H	M	C	P
0	0.00749	0.02583	0.00865	0.00820	0.00919	0.00673	0.00640	0.00928	0.00828	0.01187	0.01363	0.02015	0.01280	0.05433	0.76300	0.00800	0.01335	0.00547	0.00274	0.00460
1	0.00752	0.00530	0.00763	0.00763	0.00829	0.00596	0.00564	0.00861	0.00795	0.01126	0.01364	0.02196	0.01341	0.16954	0.58470	0.09714	0.01126	0.00572	0.00275	0.00408
2	0.01799	0.01188	0.01322	0.01045	0.01389	0.01273	0.00840	0.50093	0.05295	0.15628	0.01508	0.04838	0.01177	0.09301	0.00743	0.00194	0.00518	0.00547	0.00511	0.00792
3	0.00746	0.00497	0.00560	0.00560	0.00560	0.00497	0.00311	0.00746	0.00746	0.00995	0.01617	0.03358	0.01865	0.81967	0.02612	0.00497	0.00497	0.00746	0.00311	0.00311
4	0.01064	0.00912	0.01064	0.00760	0.01216	0.00684	0.00608	0.01292	0.01064	0.01672	0.00912	0.01064	0.00760	0.00380	0.00380	0.00076	0.00380	0.00304	0.00304	0.85104
5	0.00733	0.00550	0.00825	0.00825	0.00916	0.00641	0.00641	0.00916	0.00825	0.01191	0.01374	0.02016	0.01283	0.03848	0.79934	0.00825	0.01374	0.00550	0.00275	0.00458
6	0.00636	0.00466	0.00601	0.00704	0.00759	0.00430	0.00488	0.00741	0.01020	0.01335	0.03132	0.66495	0.13254	0.01554	0.00652	0.00206	0.00304	0.06323	0.00476	0.00423
7	0.01973	0.01402	0.01518	0.01164	0.01573	0.01538	0.00961	0.72350	0.02353	0.08024	0.01282	0.01264	0.00898	0.00617	0.00513	0.00154	0.00557	0.00465	0.00521	0.00873
8	0.00636	0.00522	0.00561	0.00554	0.00716	0.00447	0.00418	0.00792	0.01230	0.01531	0.20654	0.04720	0.61553	0.01249	0.00608	0.00172	0.00260	0.02438	0.00495	0.00445
9	0.10299	0.00700	0.00843	0.00746	0.00994	0.00643	0.00591	0.01526	0.01258	0.30976	0.10465	0.12428	0.20079	0.00979	0.00553	0.00173	0.00357	0.05241	0.00528	0.00618
10	0.00628	0.00527	0.00551	0.00562	0.00730	0.00449	0.00434	0.00769	0.01171	0.01401	0.04950	0.05023	0.70988	0.01311	0.00617	0.00180	0.00281	0.08516	0.00476	0.00437
11	0.01975	0.01398	0.01516	0.01162	0.01572	0.01533	0.00960	0.71875	0.02347	0.08507	0.01287	0.01268	0.00900	0.00617	0.00513	0.00154	0.00556	0.00466	0.00522	0.00873
12	0.00816	0.00549	0.00723	0.00785	0.00900	0.00538	0.00651	0.01046	0.01216	0.01709	0.19989	0.08468	0.03130	0.01202	0.00622	0.00198	0.00371	0.41732	0.14881	0.00473
13	0.00962	0.00583	0.00727	0.00657	0.00839	0.00516	0.00504	0.01166	0.01378	0.15019	0.45383	0.03780	0.24415	0.01047	0.00590	0.00164	0.00280	0.00900	0.00553	0.00537
14	0.01950	0.01106	0.01299	0.01020	0.01393	0.01135	0.00834	0.32942	0.09963	0.35025	0.06533	0.01685	0.01364	0.00660	0.00521	0.00159	0.00473	0.00527	0.00569	0.00842
15	0.01842	0.02318	0.01411	0.01296	0.01550	0.74477	0.00980	0.01981	0.01435	0.01275	0.00925	0.01258	0.00818	0.00590	0.00480	0.00139	0.00894	0.05464	0.00279	0.00586
16	0.02302	0.00873	0.01191	0.00913	0.01310	0.00754	0.00754	0.02501	0.01469	0.79122	0.02024	0.01746	0.01270	0.00635	0.00516	0.00159	0.00437	0.00516	0.00635	0.00873
17	0.04095	0.00624	0.00677	0.00678	0.00844	0.00603	0.00501	0.01142	0.13392	0.04319	0.03747	0.25668	0.39347	0.01233	0.00592	0.00182	0.00306	0.01056	0.00483	0.00510
18	0.01097	0.01080	0.01502	0.01293	0.01293	0.01498	0.01067	0.01201	0.00783	0.01218	0.00738	0.01276	0.00755	0.06448	0.01747	0.00243	0.75515	0.00469	0.00230	0.00544
19	0.00740	0.00523	0.00688	0.00688	0.00732	0.00567	0.00471	0.00829	0.00784	0.01090	0.01499	0.02707	0.01583	0.44102	0.40091	0.00656	0.00923	0.00651	0.00293	0.00382
20	0.02010	0.01341	0.01480	0.01135	0.01543	0.01448	0.00938	0.64338	0.02251	0.16179	0.01367	0.01320	0.00940	0.00619	0.00514	0.00155	0.00543	0.00471	0.00534	0.00873
21	0.00659	0.00492	0.00607	0.00678	0.00760	0.00452	0.00487	0.00781	0.01069	0.01381	0.07719	0.41945	0.23375	0.06732	0.00774	0.00219	0.00320	0.10654	0.00470	0.00425
22	0.01270	0.01219	0.02083	0.03149	0.78767	0.01219	0.01575	0.01575	0.01168	0.01676	0.00965	0.01270	0.00813	0.00457	0.00508	0.00152	0.00610	0.00457	0.00254	0.00813
23	0.00722	0.11219	0.00865	0.00721	0.00816	0.00630	0.00522	0.00824	0.01005	0.01302	0.02737	0.64950	0.08964	0.01429	0.00608	0.00193	0.00328	0.01273	0.00443	0.00450
24	0.01371	0.65294	0.12669	0.00991	0.01458	0.08267	0.01021	0.01590	0.01081	0.01266	0.00747	0.00866	0.00658	0.00453	0.00361	0.00119	0.00607	0.00293	0.00223	0.00666
25	0.01207	0.01372	0.02978	0.02127	0.02645	0.01282	0.74988	0.01635	0.01207	0.01644	0.01035	0.01376	0.00778	0.00431	0.00600	0.00171	0.00853	0.00598	0.00261	0.02811
26	0.01441	0.11897	0.01472	0.01121	0.03712	0.04152	0.00881	0.16840	0.48256	0.02188	0.01664	0.01586	0.01259	0.00634	0.00493	0.00160	0.00479	0.00505	0.00464	0.00796
27	0.00851	0.00666	0.00931	0.00909	0.01039	0.00673	0.06514	0.01185	0.11161	0.01505	0.07206	0.20514	0.02607	0.16896	0.01027	0.00263	0.00447	0.24676	0.00438	0.00492
28	0.01234	0.01177	0.02002	0.08324	0.70989	0.01192	0.01539	0.01539	0.01159	0.01647	0.01022	0.01433	0.00878	0.00494	0.00515	0.00157	0.00610	0.03045	0.00260	0.00785
29	0.01939	0.01191	0.01410	0.01096	0.01469	0.06495	0.05634	0.30134	0.01783	0.33618	0.06490	0.01605	0.01270	0.00663	0.00560	0.02270	0.00533	0.00514	0.00526	0.00801
30	0.00625	0.00447	0.00595	0.00714	0.00744	0.00417	0.00476	0.00714	0.00982	0.01310	0.02828	0.81633	0.03394	0.01608	0.00655	0.00208	0.00298	0.01459	0.00476	0.00417
31	0.00673	0.00491	0.00621	0.00660	0.00741	0.00453	0.00465	0.00818	0.01157	0.01561	0.29244	0.36725	0.13502	0.07395	0.00780	0.00210	0.00294	0.03280	0.00494	0.00436
32	0.00925	0.01292	0.22998	0.11373	0.08977	0.00942	0.01145	0.01234	0.01056	0.01491	0.02000	0.08258	0.17046	0.00853	0.01978	0.00183	0.09415	0.00644	0.07595	0.00595
33	0.07014	0.01343	0.01366	0.01111	0.01471	0.04643	0.00898	0.45589	0.26279	0.02749	0.01454	0.01411	0.01065	0.00629	0.00502	0.00160	0.00518	0.00483	0.00494	0.00822
34	0.01951	0.01437	0.01540	0.01181	0.01591	0.01591	0.00975	0.77056	0.02412	0.03234	0.01232	0.01232	0.00873	0.00616	0.00513	0.00154	0.00565	0.00462	0.00513	0.00873
35	0.00670	0.00497	0.00603	0.00631	0.00729	0.00451	0.00449	0.00819	0.01171	0.01565	0.27223	0.29223	0.23443	0.06044	0.00735	0.00200	0.00284	0.02362	0.02462	0.00438
36	0.01052	0.00773	0.00914	0.00882	0.01038	0.00845	0.00671	0.05287	0.31180	0.01658	0.01893	0.12642	0.01771	0.01208	0.00971	0.23570	0.00417	0.10974	0.01707	0.00550
37	0.01236	0.10237	0.39910	0.01562	0.02175	0.01359	0.22687	0.11546	0.01290	0.01799	0.00973	0.01161	0.00716	0.00484	0.00508	0.00159	0.00741	0.00443	0.00268	0.00745
38	0.00757	0.00554	0.00699	0.00734	0.00844	0.00530	0.00564	0.03622	0.01215	0.01614	0.21691	0.22190	0.15123	0.06837	0.00778	0.00217	0.00348	0.20736	0.00487	0.00460
39	0.01134	0.01081	0.01838	0.38122	0.44854	0.01183	0.01507	0.01456	0.01104	0.01512	0.00941	0.01314	0.00755	0.00482	0.00510	0.00161	0.00643	0.00457	0.00242	0.00703
40	0.01917	0.02445	0.01454	0.01322	0.01586	0.79907	0.00991	0.02049	0.01454	0.01256	0.00793	0.00925	0.00661	0.00529	0.00463	0.00132	0.00925	0.00330	0.00264	0.00595
41	0.01069	0.00617	0.00763	0.00690	0.00858	0.00567	0.00511	0.03922	0.01280	0.17624	0.27672	0.10253	0.15902	0.14857	0.00931	0.00224	0.00345	0.00868	0.00511	0.00534
42	0.00862	0.00686	0.00794	0.00738	0.00914	0.00698	0.00562	0.01426	0.22812	0.01981	0.45968	0.03463	0.15106	0.00988	0.00582	0.00167	0.00291	0.00854	0.00539	0.00568
43	0.00610	0.00520	0.00524	0.00523	0.00695	0.00435	0.00392	0.00743	0.01177	0.01405	0.07238	0.04907	0.76507	0.01293	0.00606	0.00173	0.00259	0.01079	0.00479	0.00435
44	0.00608	0.00515	0.00525	0.00532	0.00696	0.00432	0.00395	0.00735	0.01157	0.01381	0.05045	0.09889	0.73706	0.01319	0.00610	0.00176	0.00262	0.01107	0.00476	0.00432
45	0.01175	0.00744	0.00882	0.00798	0.00994	0.00746	0.00609	0.15846	0.04980	0.11813	0.17460	0.25103	0.06509	0.01025	0.00563	0.00170	0.00353	0.00886	0.08742	0.00601
