[name]
unknown

[dist]
# distance from previous block
# <min> <max>
0	43

[block]
# block no. 0 follows, 39 sequences, length 22
# corresponding to MSA columns:
# 391-412
name=unknown_A
#
# <colnr> <probs for GDERKNQSTAVLIFYWHMCP>
#	G	D	E	R	K	N	Q	S	T	A	V	L	I	F	Y	W	H	M	C	P
0	0.14982	0.16927	0.08354	0.01104	0.01537	0.05713	0.01010	0.07525	0.07650	0.10239	0.03087	0.02012	0.01347	0.00732	0.00524	0.00174	0.00590	0.08763	0.00433	0.07296
1	0.01903	0.01282	0.01495	0.12338	0.01936	0.04795	0.01031	0.24103	0.06045	0.20970	0.01797	0.05857	0.03083	0.00749	0.00584	0.00176	0.00594	0.00606	0.00535	0.10122
2	0.06109	0.07081	0.23522	0.01553	0.03642	0.05763	0.11704	0.06442	0.07236	0.02003	0.01151	0.01345	0.00891	0.00599	0.00654	0.00175	0.06887	0.00477	0.00333	0.12433
3	0.01323	0.00784	0.01005	0.07182	0.01318	0.00773	0.00737	0.07577	0.01459	0.16382	0.10205	0.21463	0.08835	0.07379	0.00841	0.00231	0.00450	0.04477	0.06928	0.00651
4	0.30607	0.01171	0.01242	0.03299	0.05647	0.01245	0.00857	0.19366	0.01565	0.05241	0.04782	0.10200	0.01408	0.00761	0.00517	0.00177	0.00507	0.00593	0.00460	0.10357
5	0.01135	0.01149	0.06948	0.09793	0.07644	0.03120	0.16392	0.01439	0.01307	0.04362	0.10492	0.24081	0.02372	0.04630	0.00777	0.00221	0.00624	0.00964	0.01891	0.00659
6	0.08629	0.07212	0.01498	0.09985	0.01765	0.01170	0.00924	0.11868	0.01554	0.20707	0.04806	0.01594	0.01219	0.00617	0.00518	0.00152	0.00534	0.00485	0.00477	0.24283
7	0.34694	0.00886	0.00988	0.09846	0.01410	0.01033	0.00772	0.01372	0.00993	0.01895	0.01234	0.01808	0.01111	0.08679	0.30397	0.00516	0.00944	0.00512	0.00334	0.00575
8	0.01213	0.01112	0.01650	0.19069	0.02159	0.03379	0.09308	0.04847	0.05125	0.01707	0.01283	0.01745	0.01078	0.01688	0.21140	0.00397	0.13383	0.00566	0.03279	0.05872
9	0.08795	0.10365	0.33474	0.01533	0.07684	0.01483	0.01516	0.02216	0.20564	0.04659	0.01418	0.01487	0.01059	0.00621	0.00538	0.00183	0.00677	0.00487	0.00374	0.00867
10	0.00898	0.00733	0.01060	0.00988	0.01099	0.00770	0.04824	0.01111	0.01371	0.01927	0.36838	0.27865	0.04071	0.01351	0.00898	0.00215	0.11717	0.01165	0.00541	0.00560
11	0.01081	0.01027	0.01847	0.01508	0.01744	0.01137	0.22550	0.01365	0.01076	0.01537	0.01339	0.01941	0.01193	0.02715	0.42125	0.00615	0.13636	0.00634	0.00302	0.00628
12	0.01257	0.19136	0.20312	0.01103	0.01503	0.05525	0.01099	0.01556	0.01249	0.05329	0.01821	0.24520	0.01823	0.00961	0.00561	0.00181	0.00583	0.00800	0.09993	0.00688
13	0.01692	0.01593	0.10454	0.19997	0.06625	0.01514	0.01367	0.35670	0.01961	0.02672	0.01230	0.01419	0.00905	0.00623	0.00571	0.00173	0.00690	0.00499	0.00428	0.09917
14	0.01432	0.00890	0.01077	0.01002	0.01226	0.00900	0.00752	0.14146	0.09756	0.15905	0.02670	0.42388	0.02711	0.01326	0.00679	0.00214	0.00441	0.01164	0.00596	0.00721
15	0.01281	0.01219	0.02070	0.42690	0.37895	0.01357	0.01724	0.01655	0.01260	0.01710	0.01080	0.01523	0.00859	0.00561	0.00589	0.00187	0.00748	0.00526	0.00277	0.00789
16	0.01400	0.02203	0.39499	0.06914	0.20914	0.01386	0.01841	0.05828	0.07061	0.05490	0.01257	0.01443	0.00928	0.00590	0.00576	0.00185	0.00764	0.00496	0.00330	0.00894
17	0.01782	0.00823	0.01080	0.00917	0.01234	0.00724	0.00744	0.02011	0.01595	0.40919	0.17300	0.03606	0.15337	0.01052	0.00656	0.00196	0.00428	0.08150	0.00665	0.00783
18	0.00728	0.00526	0.00690	0.00805	0.00857	0.00487	0.00544	0.00848	0.01186	0.01581	0.08996	0.69156	0.07840	0.01784	0.00747	0.00234	0.00336	0.01611	0.00557	0.00487
19	0.01582	0.01384	0.02443	0.08613	0.31403	0.01401	0.21701	0.05052	0.03998	0.10639	0.01316	0.01590	0.01001	0.00591	0.00686	0.00190	0.04583	0.00588	0.00366	0.00872
20	0.02032	0.06561	0.01831	0.01383	0.01788	0.18664	0.10178	0.14244	0.06082	0.22329	0.01692	0.07688	0.01324	0.00749	0.00593	0.00179	0.00713	0.00621	0.00503	0.00844
21	0.29003	0.02249	0.27619	0.01379	0.03831	0.19401	0.01358	0.05391	0.01346	0.02123	0.00965	0.01123	0.00733	0.00575	0.00492	0.00177	0.00765	0.00392	0.00319	0.00759

[dist]
# distance from previous block
# <min> <max>
0	2

[block]
# block no. 1 follows, 39 sequences, length 19
# corresponding to MSA columns:
# 415-433
name=unknown_B
#
# <colnr> <probs for GDERKNQSTAVLIFYWHMCP>
#	G	D	E	R	K	N	Q	S	T	A	V	L	I	F	Y	W	H	M	C	P
0	0.08772	0.01652	0.01966	0.18097	0.06742	0.17522	0.13299	0.14754	0.01645	0.08183	0.01201	0.01420	0.00891	0.00605	0.00577	0.00181	0.00801	0.00513	0.00385	0.00792
1	0.04755	0.00978	0.01323	0.32349	0.03950	0.05451	0.01112	0.01447	0.03883	0.01586	0.01298	0.01808	0.01084	0.01731	0.20641	0.07252	0.00917	0.00543	0.07295	0.00599
2	0.01599	0.14005	0.18115	0.01692	0.04741	0.01601	0.16908	0.08036	0.01407	0.11331	0.01200	0.01403	0.00907	0.00652	0.00801	0.00191	0.13708	0.00519	0.00355	0.00832
3	0.01290	0.08154	0.16113	0.01884	0.11665	0.05008	0.16919	0.01634	0.01233	0.01689	0.01390	0.14297	0.01340	0.00836	0.00841	0.00202	0.13726	0.00714	0.00320	0.00743
4	0.00805	0.00601	0.00800	0.00802	0.00920	0.00603	0.00598	0.01010	0.01277	0.01758	0.27736	0.13542	0.13840	0.05045	0.27395	0.00475	0.00756	0.01016	0.00497	0.00522
5	0.01426	0.28272	0.08071	0.00965	0.01326	0.09857	0.00892	0.01799	0.06830	0.01832	0.01397	0.01563	0.01127	0.00615	0.00442	0.00145	0.00553	0.00450	0.31743	0.00695
6	0.19685	0.01654	0.01386	0.07704	0.07964	0.26729	0.01007	0.06339	0.03189	0.02090	0.10724	0.01670	0.01463	0.00681	0.00525	0.00171	0.00690	0.00508	0.05125	0.00696
7	0.00821	0.00610	0.00783	0.00863	0.00988	0.00572	0.00682	0.01024	0.01346	0.01751	0.14017	0.24010	0.20241	0.01597	0.00758	0.00236	0.00401	0.28219	0.00562	0.00520
8	0.00726	0.00536	0.00682	0.00795	0.00863	0.00492	0.00548	0.00844	0.01179	0.01536	0.03730	0.63125	0.16312	0.01782	0.00748	0.00234	0.00344	0.04488	0.00549	0.00486
9	0.01557	0.31265	0.08321	0.01059	0.01494	0.01608	0.00994	0.13872	0.07141	0.06427	0.08129	0.01897	0.05709	0.00715	0.00510	0.00160	0.00556	0.00546	0.07254	0.00788
10	0.01153	0.08176	0.27410	0.01355	0.01815	0.01164	0.08672	0.07588	0.01346	0.01854	0.01927	0.30948	0.01997	0.01057	0.00637	0.00203	0.00644	0.00938	0.00399	0.00717
11	0.00721	0.00515	0.00686	0.00823	0.00858	0.00480	0.00549	0.00823	0.01132	0.01510	0.03259	0.78831	0.03911	0.01853	0.00755	0.00240	0.00343	0.01681	0.00549	0.00480
12	0.01609	0.01752	0.27183	0.11410	0.06434	0.01189	0.01465	0.04507	0.07798	0.21439	0.07859	0.01864	0.01465	0.00689	0.00592	0.00187	0.00662	0.00572	0.00457	0.00867
13	0.01820	0.01568	0.02148	0.02439	0.34031	0.08481	0.08514	0.18450	0.05230	0.09435	0.01352	0.01518	0.01024	0.00606	0.00595	0.00178	0.00723	0.00545	0.00420	0.00922
14	0.06617	0.01145	0.01319	0.01083	0.01448	0.01188	0.00870	0.21534	0.14087	0.24433	0.14425	0.05361	0.02148	0.00854	0.00606	0.00187	0.00490	0.00699	0.00630	0.00876
15	0.01191	0.00656	0.00672	0.00634	0.00792	0.00672	0.00475	0.08053	0.01355	0.02266	0.01877	0.02258	0.01516	0.06647	0.00627	0.00175	0.00333	0.00573	0.68650	0.00579
16	0.01539	0.01397	0.02036	0.08629	0.30161	0.04793	0.07554	0.14102	0.01531	0.02143	0.01198	0.01512	0.00963	0.00648	0.00753	0.00186	0.10783	0.00537	0.08710	0.00825
17	0.01973	0.01625	0.01727	0.01387	0.01802	0.11374	0.07044	0.34145	0.19312	0.07853	0.01650	0.01644	0.01204	0.00702	0.00589	0.00180	0.00666	0.00564	0.03643	0.00913
18	0.01654	0.01272	0.01683	0.01662	0.14086	0.01347	0.06553	0.16606	0.25174	0.09803	0.05152	0.06124	0.01668	0.00778	0.00609	0.00189	0.00566	0.00681	0.03501	0.00891

[dist]
# distance from previous block
# <min> <max>
0	7

[block]
# block no. 2 follows, 39 sequences, length 29
# corresponding to MSA columns:
# 441-469
name=unknown_C
#
# <colnr> <probs for GDERKNQSTAVLIFYWHMCP>
#	G	D	E	R	K	N	Q	S	T	A	V	L	I	F	Y	W	H	M	C	P
0	0.28655	0.01253	0.01315	0.04474	0.06344	0.03850	0.00931	0.14919	0.08621	0.06972	0.01366	0.01622	0.01080	0.00884	0.05128	0.00224	0.00617	0.03241	0.00444	0.08060
1	0.04594	0.01152	0.01168	0.03644	0.01362	0.10520	0.00826	0.17108	0.01649	0.04886	0.12648	0.30517	0.02699	0.01194	0.00693	0.00202	0.02934	0.01010	0.00523	0.00669
2	0.09381	0.19322	0.01383	0.00860	0.01159	0.01156	0.00719	0.01574	0.09307	0.06639	0.09597	0.09208	0.22577	0.01052	0.00582	0.00185	0.00437	0.03712	0.00488	0.00661
3	0.29545	0.02987	0.05907	0.01349	0.10034	0.02732	0.01016	0.06619	0.14290	0.17743	0.01502	0.01504	0.01085	0.00640	0.00509	0.00183	0.00549	0.00484	0.00478	0.00843
4	0.07155	0.01443	0.01930	0.02482	0.40012	0.05616	0.01415	0.06674	0.18889	0.02170	0.01392	0.01573	0.01110	0.00638	0.00645	0.00185	0.04849	0.00538	0.00389	0.00891
5	0.03409	0.01462	0.01791	0.05127	0.19540	0.10817	0.06915	0.19010	0.01670	0.02179	0.01828	0.03688	0.09994	0.05982	0.00816	0.00210	0.03721	0.00652	0.00407	0.00780
6	0.01295	0.01110	0.01155	0.01187	0.07715	0.07949	0.00792	0.10990	0.13907	0.01947	0.02462	0.10848	0.11937	0.19698	0.01191	0.00282	0.00549	0.00839	0.03483	0.00662
7	0.01227	0.00924	0.01028	0.00916	0.01193	0.00932	0.00709	0.07062	0.22861	0.07238	0.15119	0.08059	0.23201	0.01095	0.00643	0.00191	0.00396	0.00925	0.00585	0.05698
8	0.11072	0.32892	0.05964	0.01125	0.01544	0.16129	0.01009	0.08786	0.01471	0.03914	0.06602	0.04648	0.01283	0.00670	0.00483	0.00157	0.00668	0.00478	0.00364	0.00741
9	0.01557	0.34241	0.13090	0.01839	0.21845	0.05176	0.01376	0.01867	0.01298	0.05748	0.01038	0.01214	0.00853	0.00532	0.00485	0.00150	0.00686	0.00412	0.00299	0.06294
10	0.01384	0.34404	0.37458	0.01355	0.02000	0.05829	0.01557	0.01808	0.01234	0.01621	0.00987	0.01181	0.00798	0.00777	0.05124	0.00207	0.00828	0.00396	0.00258	0.00795
11	0.01054	0.11286	0.22743	0.01256	0.01635	0.01107	0.05563	0.01382	0.01212	0.01653	0.02091	0.29828	0.02246	0.01174	0.00702	0.00213	0.03539	0.10254	0.00400	0.00661
12	0.00793	0.00575	0.00738	0.00787	0.00883	0.00536	0.00569	0.00973	0.01351	0.01827	0.29161	0.32888	0.11257	0.06862	0.00889	0.00243	0.00352	0.08235	0.00572	0.00508
13	0.01414	0.01862	0.16529	0.19676	0.21178	0.11126	0.16131	0.01843	0.01343	0.01755	0.01080	0.01423	0.00836	0.00553	0.00598	0.00185	0.00861	0.00525	0.00280	0.00801
14	0.00845	0.00567	0.00650	0.00665	0.00668	0.00563	0.00379	0.00856	0.00890	0.01186	0.02016	0.12064	0.02343	0.70760	0.02763	0.00537	0.00548	0.00950	0.00379	0.00372
15	0.01027	0.00514	0.00770	0.00770	0.00770	0.00514	0.00514	0.00770	0.00770	0.01027	0.01027	0.01798	0.01027	0.02054	0.02311	0.82794	0.00514	0.00514	0.00257	0.00257
16	0.00756	0.00543	0.00684	0.00764	0.00819	0.00507	0.00509	0.00867	0.01170	0.01559	0.11918	0.50676	0.10130	0.14883	0.01126	0.00287	0.00371	0.01430	0.00529	0.00471
17	0.17734	0.04162	0.14493	0.01099	0.02526	0.10834	0.00994	0.06094	0.01403	0.02075	0.11315	0.11349	0.09905	0.00915	0.00567	0.00185	0.00574	0.00730	0.02374	0.00672
18	0.01552	0.74769	0.02944	0.00984	0.01467	0.02231	0.00976	0.01747	0.01204	0.01441	0.00889	0.01025	0.00805	0.00517	0.00382	0.00127	0.00611	0.00330	0.05252	0.00746
19	0.00774	0.00602	0.00703	0.00678	0.00845	0.00531	0.00508	0.00994	0.01525	0.02017	0.43553	0.05000	0.37464	0.01341	0.00698	0.00192	0.00288	0.01151	0.00604	0.00531
20	0.23598	0.00776	0.00860	0.00848	0.01051	0.00782	0.00631	0.01445	0.01215	0.14938	0.04932	0.41515	0.02647	0.01278	0.00619	0.00213	0.00400	0.01098	0.00535	0.00619
21	0.01236	0.01049	0.01512	0.40030	0.02766	0.01060	0.01188	0.01564	0.01225	0.05124	0.01110	0.01441	0.00858	0.00530	0.00523	0.00148	0.00619	0.00451	0.00323	0.37242
22	0.00757	0.00567	0.00813	0.00889	0.00955	0.00529	0.03661	0.00889	0.01180	0.01583	0.07958	0.70581	0.03894	0.01752	0.00749	0.00235	0.00367	0.01598	0.00545	0.00499
23	0.01008	0.00699	0.00947	0.01042	0.01188	0.00697	0.00878	0.01330	0.05068	0.04536	0.07450	0.14476	0.03442	0.01558	0.00783	0.00256	0.00500	0.53005	0.00561	0.00575
24	0.00851	0.00569	0.00648	0.00657	0.00659	0.00567	0.00371	0.00858	0.00878	0.01171	0.01956	0.08857	0.02267	0.74070	0.02860	0.00551	0.00558	0.00915	0.00371	0.00366
25	0.01479	0.50750	0.16281	0.01138	0.01651	0.04815	0.01179	0.01751	0.01240	0.04315	0.01194	0.09562	0.01128	0.00676	0.00469	0.00153	0.00658	0.00501	0.00305	0.00756
26	0.04432	0.09183	0.14990	0.01457	0.10704	0.01251	0.01197	0.03534	0.12341	0.20546	0.06494	0.01818	0.01452	0.00764	0.00668	0.05178	0.00587	0.00553	0.00468	0.02381
27	0.01545	0.35005	0.07117	0.02259	0.34786	0.06606	0.01451	0.01834	0.01300	0.01666	0.00973	0.01205	0.00838	0.00525	0.00493	0.00154	0.00706	0.00422	0.00274	0.00841
28	0.06186	0.05650	0.01765	0.23215	0.04083	0.06067	0.03189	0.27507	0.02900	0.03838	0.01275	0.04016	0.01001	0.00662	0.00562	0.00176	0.00684	0.00532	0.00420	0.06271

[dist]
# distance from previous block
# <min> <max>
0	1

[block]
# block no. 3 follows, 39 sequences, length 37
# corresponding to MSA columns:
# 471-507
name=unknown_D
#
# <colnr> <probs for GDERKNQSTAVLIFYWHMCP>
#	G	D	E	R	K	N	Q	S	T	A	V	L	I	F	Y	W	H	M	C	P
0	0.01851	0.04195	0.03955	0.04828	0.21063	0.10216	0.01227	0.11882	0.03411	0.18871	0.07053	0.01745	0.01398	0.00665	0.00576	0.00171	0.00648	0.00551	0.00468	0.05229
1	0.01115	0.00873	0.00928	0.00849	0.01113	0.00878	0.00656	0.04949	0.23692	0.05946	0.08239	0.04174	0.41898	0.01194	0.00659	0.00197	0.00376	0.00995	0.00582	0.00685
2	0.01346	0.01440	0.02912	0.19458	0.16336	0.01439	0.44543	0.01795	0.01339	0.01816	0.01149	0.01567	0.00880	0.00524	0.00654	0.00195	0.00898	0.00629	0.00290	0.00791
3	0.09960	0.13829	0.12936	0.04831	0.01956	0.13132	0.09634	0.09165	0.07799	0.02084	0.07994	0.01593	0.01324	0.00649	0.00545	0.00174	0.00722	0.00520	0.00379	0.00774
4	0.01374	0.00914	0.01206	0.01384	0.14984	0.00918	0.00870	0.12696	0.01509	0.08987	0.02147	0.25683	0.02066	0.01027	0.00596	0.00187	0.00456	0.00898	0.21385	0.00714
5	0.02619	0.01014	0.01371	0.01057	0.01510	0.00887	0.00871	0.02890	0.03788	0.73822	0.02335	0.02018	0.01474	0.00734	0.00595	0.00183	0.00502	0.00597	0.00728	0.01004
6	0.00790	0.00568	0.00749	0.00786	0.00880	0.00527	0.00563	0.00993	0.01435	0.01988	0.42757	0.36401	0.04816	0.01495	0.00725	0.00211	0.00312	0.02876	0.00605	0.00524
7	0.03556	0.01877	0.22381	0.05358	0.06982	0.09676	0.01379	0.09587	0.04882	0.23343	0.01536	0.01567	0.01069	0.00645	0.00567	0.00180	0.00702	0.00508	0.03320	0.00885
8	0.02628	0.01046	0.01397	0.01071	0.01530	0.00928	0.00885	0.07223	0.01759	0.71502	0.02277	0.01976	0.01436	0.00731	0.00595	0.00183	0.00512	0.00591	0.00723	0.01006
9	0.00840	0.00597	0.00758	0.00842	0.00904	0.00580	0.00581	0.04551	0.01207	0.01610	0.04869	0.56034	0.03503	0.13463	0.01091	0.00288	0.00407	0.06855	0.00525	0.00496
10	0.01638	0.02427	0.53114	0.01490	0.02236	0.01218	0.01780	0.02184	0.01385	0.24691	0.01453	0.01484	0.00969	0.00614	0.00572	0.00186	0.00760	0.00486	0.00398	0.00915
11	0.01711	0.01925	0.25085	0.01721	0.02343	0.01389	0.22310	0.13360	0.05501	0.16485	0.01473	0.01574	0.01026	0.00612	0.00614	0.00189	0.00782	0.00570	0.00429	0.00901
12	0.29005	0.01010	0.01137	0.00923	0.01320	0.00984	0.00756	0.02309	0.01449	0.44174	0.05889	0.01981	0.05150	0.00736	0.00530	0.00184	0.00466	0.00563	0.00598	0.00837
13	0.00764	0.00558	0.00714	0.00788	0.00871	0.00517	0.00557	0.00919	0.01283	0.01713	0.19385	0.45447	0.13314	0.04691	0.00828	0.00238	0.00346	0.06006	0.00564	0.00499
14	0.01286	0.01035	0.01040	0.00918	0.01186	0.09643	0.00703	0.03372	0.07262	0.09413	0.25083	0.09105	0.14485	0.01039	0.00627	0.00176	0.00447	0.00875	0.00548	0.11756
15	0.01868	0.01207	0.01529	0.01259	0.01528	0.01385	0.01028	0.15489	0.09046	0.24904	0.01629	0.01788	0.01228	0.04111	0.05154	0.00263	0.24656	0.00579	0.00509	0.00837
16	0.00746	0.00550	0.00704	0.00818	0.00894	0.00509	0.00582	0.00878	0.01199	0.01558	0.03721	0.56979	0.16338	0.01763	0.00753	0.00237	0.00361	0.10371	0.00548	0.00492
17	0.01463	0.44219	0.17092	0.08427	0.06227	0.01888	0.01334	0.06316	0.01339	0.01721	0.04302	0.01282	0.01003	0.00571	0.00475	0.00154	0.00684	0.00419	0.00295	0.00789
18	0.01269	0.00970	0.01192	0.01098	0.04589	0.03860	0.04422	0.08219	0.08548	0.08684	0.31381	0.05452	0.15775	0.01059	0.00660	0.00189	0.00442	0.00917	0.00580	0.00696
19	0.10119	0.01430	0.04219	0.04007	0.01870	0.01502	0.09576	0.22060	0.28265	0.06951	0.01725	0.01749	0.01273	0.01834	0.00619	0.00196	0.00608	0.00585	0.00519	0.00892
20	0.01729	0.06120	0.01507	0.01337	0.06309	0.25905	0.00976	0.04464	0.08466	0.11829	0.16770	0.05971	0.02131	0.00836	0.00631	0.00176	0.02958	0.00660	0.00479	0.00746
21	0.00783	0.00621	0.00776	0.00790	0.00945	0.00614	0.00617	0.00970	0.01189	0.01524	0.03929	0.04435	0.38345	0.02694	0.31364	0.00509	0.00841	0.08082	0.00455	0.00515
22	0.01286	0.01314	0.02144	0.01707	0.01905	0.01582	0.19909	0.01520	0.01069	0.01589	0.01032	0.05293	0.00974	0.00891	0.01441	0.00229	0.48133	0.00610	0.00291	0.07080
23	0.01777	0.24001	0.16777	0.01479	0.06982	0.14068	0.01322	0.13069	0.05707	0.07725	0.01203	0.01289	0.00921	0.00601	0.00517	0.00163	0.00740	0.00440	0.00372	0.00849
24	0.01766	0.01106	0.01455	0.01206	0.01465	0.01222	0.03464	0.14247	0.02677	0.23742	0.01832	0.12296	0.01538	0.00948	0.00944	0.00206	0.20171	0.00714	0.08210	0.00792
25	0.01611	0.01329	0.01932	0.08730	0.28194	0.01322	0.05096	0.16184	0.03418	0.06966	0.01269	0.01473	0.00977	0.00568	0.00562	0.00161	0.00639	0.00506	0.00398	0.18662
26	0.01407	0.01112	0.07002	0.01107	0.01432	0.02946	0.10598	0.08716	0.01523	0.10356	0.11835	0.04382	0.01923	0.00869	0.02729	0.00192	0.00542	0.00666	0.29958	0.00706
27	0.01027	0.00514	0.00770	0.00770	0.00770	0.00514	0.00514	0.00770	0.00770	0.01027	0.01027	0.01798	0.01027	0.02054	0.02311	0.82794	0.00514	0.00514	0.00257	0.00257
28	0.19043	0.01331	0.01480	0.01137	0.01604	0.08833	0.09258	0.02904	0.03826	0.05415	0.01116	0.01269	0.00877	0.00516	0.00478	0.00137	0.00579	0.00413	0.00373	0.39412
29	0.03380	0.01963	0.23209	0.01700	0.04035	0.09056	0.18518	0.02290	0.10787	0.16882	0.01504	0.01588	0.01067	0.00616	0.00599	0.00187	0.00783	0.00554	0.00413	0.00868
30	0.00760	0.00567	0.00691	0.00761	0.00856	0.00520	0.00540	0.00895	0.01231	0.01593	0.09781	0.38142	0.23750	0.09395	0.00965	0.00261	0.00367	0.07901	0.00538	0.00486
31	0.01235	0.01172	0.01987	0.52568	0.28378	0.01345	0.01701	0.01614	0.01238	0.01654	0.01072	0.01538	0.00839	0.00569	0.00589	0.00190	0.00759	0.00526	0.00273	0.00752
32	0.04733	0.03852	0.17526	0.01315	0.01823	0.10317	0.01237	0.15236	0.14244	0.21275	0.01651	0.01601	0.01158	0.00677	0.00568	0.00181	0.00672	0.00521	0.00506	0.00909
33	0.01371	0.06461	0.17374	0.01210	0.02756	0.01126	0.04749	0.05491	0.10892	0.11789	0.08279	0.02883	0.15686	0.03690	0.00702	0.00204	0.00570	0.03514	0.00484	0.00769
34	0.00774	0.00580	0.00664	0.00688	0.00792	0.00530	0.00473	0.00894	0.01214	0.01559	0.13021	0.18143	0.30604	0.23396	0.01363	0.00313	0.00390	0.03628	0.00508	0.00465
35	0.04668	0.01009	0.01130	0.00956	0.01239	0.01054	0.00757	0.23504	0.07002	0.06537	0.30304	0.02955	0.07017	0.00946	0.00614	0.00180	0.00425	0.00786	0.08174	0.00744
36	0.01829	0.04110	0.03807	0.05597	0.25298	0.29533	0.03307	0.08386	0.06394	0.04428	0.01182	0.01369	0.00935	0.00601	0.00565	0.00170	0.00825	0.00481	0.00355	0.00829

[dist]
# distance from previous block
# <min> <max>
0	1

[block]
# block no. 4 follows, 39 sequences, length 140
# corresponding to MSA columns:
# 509-540,543-650
name=unknown_E
#
# <colnr> <probs for GDERKNQSTAVLIFYWHMCP>
#	G	D	E	R	K	N	Q	S	T	A	V	L	I	F	Y	W	H	M	C	P
0	0.03730	0.00875	0.06054	0.01061	0.01237	0.00852	0.04784	0.01164	0.00991	0.01460	0.01553	0.04454	0.01486	0.11422	0.52861	0.00752	0.03723	0.00663	0.00322	0.00554
1	0.01789	0.01206	0.01355	0.01158	0.01524	0.01311	0.00917	0.08651	0.47637	0.20337	0.05765	0.02201	0.01837	0.00797	0.00604	0.00194	0.00482	0.00659	0.00635	0.00941
2	0.01798	0.01397	0.01441	0.01165	0.01572	0.06481	0.00933	0.28308	0.19265	0.08096	0.04546	0.01827	0.02990	0.00718	0.00565	0.00166	0.00556	0.00566	0.03329	0.14281
3	0.01007	0.00845	0.01291	0.11210	0.17798	0.00861	0.02297	0.03913	0.01253	0.01689	0.02433	0.44715	0.04209	0.02751	0.00730	0.00223	0.00505	0.01195	0.00450	0.00627
4	0.00714	0.00569	0.00641	0.00687	0.00825	0.00496	0.00491	0.00855	0.01289	0.01609	0.08890	0.31724	0.45912	0.01608	0.00719	0.00213	0.00314	0.01393	0.00555	0.00496
5	0.29302	0.20999	0.07695	0.01151	0.01484	0.01719	0.01060	0.01692	0.01062	0.03862	0.00868	0.01110	0.00742	0.00692	0.00869	0.00192	0.24099	0.00396	0.00306	0.00700
6	0.01311	0.03493	0.26323	0.04569	0.15945	0.01387	0.12323	0.02078	0.17772	0.01984	0.01673	0.01817	0.05342	0.00654	0.00601	0.00190	0.00728	0.00592	0.00362	0.00857
7	0.01444	0.00738	0.01010	0.00996	0.01208	0.00682	0.00803	0.01650	0.01401	0.26164	0.02907	0.27024	0.02918	0.01403	0.00725	0.00233	0.00470	0.26941	0.00608	0.00677
8	0.01077	0.00997	0.01665	0.70069	0.03750	0.01230	0.01533	0.01442	0.01177	0.01511	0.01273	0.09332	0.01102	0.00718	0.00608	0.00201	0.00744	0.00642	0.00292	0.00639
9	0.05503	0.28734	0.26588	0.01320	0.01931	0.01832	0.01411	0.22100	0.01654	0.02269	0.01070	0.01181	0.00820	0.00584	0.00499	0.00164	0.00709	0.00417	0.00353	0.00861
10	0.01885	0.12173	0.25611	0.04926	0.02001	0.08892	0.01376	0.02305	0.03932	0.28928	0.01527	0.01519	0.01051	0.00631	0.00550	0.00175	0.00708	0.00485	0.00445	0.00880
11	0.01375	0.01345	0.02142	0.30050	0.46497	0.04935	0.01721	0.01732	0.01303	0.01759	0.01081	0.01485	0.00875	0.00554	0.00585	0.00182	0.00750	0.00520	0.00283	0.00825
12	0.02002	0.28145	0.02145	0.01355	0.01726	0.52259	0.01099	0.02167	0.01519	0.01429	0.00884	0.01028	0.00761	0.00575	0.00482	0.00144	0.00923	0.00360	0.00288	0.00710
13	0.01693	0.01509	0.01741	0.03707	0.01874	0.09395	0.09415	0.25965	0.01818	0.02467	0.01178	0.01329	0.00907	0.00560	0.00535	0.00141	0.00654	0.00461	0.00418	0.34233
14	0.01839	0.02221	0.05139	0.01459	0.01723	0.45815	0.01171	0.06794	0.01506	0.01607	0.01008	0.01287	0.00864	0.01138	0.09714	0.00268	0.14993	0.00448	0.00314	0.00691
15	0.01027	0.00514	0.00770	0.00770	0.00770	0.00514	0.00514	0.00770	0.00770	0.01027	0.01027	0.01798	0.01027	0.02054	0.02311	0.82794	0.00514	0.00514	0.00257	0.00257
16	0.01284	0.01285	0.01728	0.01496	0.01516	0.04262	0.01238	0.01421	0.00936	0.01419	0.00855	0.01381	0.00840	0.01333	0.08772	0.00319	0.68489	0.00524	0.00266	0.00637
17	0.01244	0.01181	0.02004	0.50601	0.30273	0.01347	0.01706	0.01622	0.01243	0.01665	0.01074	0.01535	0.00843	0.00568	0.00589	0.00189	0.00757	0.00526	0.00274	0.00760
18	0.00801	0.00644	0.00776	0.00824	0.04383	0.00574	0.00583	0.01016	0.01472	0.01915	0.31732	0.05066	0.41445	0.01350	0.00700	0.00197	0.00325	0.05076	0.00575	0.00545
19	0.01027	0.00514	0.00770	0.00770	0.00770	0.00514	0.00514	0.00770	0.00770	0.01027	0.01027	0.01798	0.01027	0.02054	0.02311	0.82794	0.00514	0.00514	0.00257	0.00257
20	0.14330	0.01281	0.01327	0.01105	0.01478	0.01424	0.00890	0.26923	0.24843	0.08099	0.01764	0.01731	0.01294	0.00713	0.00540	0.00181	0.00509	0.00549	0.10143	0.00875
21	0.00900	0.00597	0.00763	0.00781	0.00895	0.00559	0.00556	0.01059	0.01285	0.06720	0.20104	0.31490	0.14146	0.09563	0.07503	0.00312	0.00463	0.01229	0.00546	0.00529
22	0.00760	0.00540	0.00717	0.00839	0.00886	0.00512	0.00582	0.00881	0.01159	0.01544	0.05611	0.63182	0.03794	0.06929	0.00909	0.00264	0.00379	0.09490	0.00539	0.00482
23	0.00807	0.00603	0.00748	0.00712	0.00865	0.00545	0.00534	0.01057	0.01602	0.02201	0.59955	0.04698	0.20947	0.01273	0.00698	0.00189	0.00284	0.01109	0.00629	0.00545
24	0.01226	0.01260	0.02404	0.47291	0.03617	0.01399	0.27933	0.01648	0.01250	0.01648	0.01094	0.01573	0.00828	0.00574	0.00682	0.00200	0.03799	0.00588	0.00276	0.00708
25	0.00787	0.00597	0.00660	0.00675	0.00844	0.00513	0.00494	0.00938	0.01336	0.04451	0.09951	0.21355	0.52255	0.01526	0.00707	0.00207	0.00315	0.01305	0.00563	0.00518
26	0.00835	0.00608	0.00808	0.00918	0.01026	0.00582	0.00729	0.01034	0.01299	0.01695	0.07895	0.31717	0.12065	0.01669	0.00774	0.00247	0.00429	0.34598	0.00553	0.00518
27	0.01674	0.64224	0.02820	0.01115	0.01570	0.14563	0.01043	0.01856	0.01269	0.01402	0.00836	0.00980	0.00760	0.00541	0.00459	0.00135	0.03414	0.00334	0.00262	0.00743
28	0.01291	0.03775	0.19135	0.34355	0.12719	0.06254	0.01655	0.04710	0.01303	0.01728	0.01101	0.01483	0.00856	0.00860	0.06136	0.00241	0.00863	0.00498	0.00284	0.00755
29	0.01337	0.32219	0.48311	0.01429	0.02163	0.01742	0.01738	0.01834	0.01231	0.01689	0.00970	0.01134	0.00753	0.00541	0.00492	0.00164	0.00782	0.00391	0.00251	0.00830
30	0.00720	0.00538	0.00671	0.00776	0.00852	0.00489	0.00534	0.00838	0.01188	0.01536	0.03904	0.59931	0.20816	0.01764	0.00743	0.00231	0.00337	0.03094	0.00549	0.00486
31	0.00965	0.00584	0.00704	0.00756	0.00857	0.00564	0.00534	0.03504	0.01260	0.04294	0.05187	0.45898	0.03001	0.01372	0.00629	0.00201	0.00334	0.01213	0.27601	0.00541
32	0.01314	0.01338	0.02530	0.30449	0.25425	0.01401	0.25366	0.01730	0.01303	0.01765	0.01118	0.01549	0.00869	0.00541	0.00625	0.00191	0.00831	0.00583	0.00284	0.00788
33	0.65686	0.01230	0.01129	0.01132	0.08691	0.01394	0.00815	0.10140	0.01248	0.02706	0.00922	0.01065	0.00713	0.00566	0.00414	0.00182	0.00505	0.00366	0.00385	0.00713
34	0.01970	0.01023	0.01185	0.00956	0.01300	0.01025	0.00774	0.22314	0.01834	0.28484	0.01927	0.01916	0.01353	0.00710	0.00527	0.00165	0.00461	0.00561	0.30674	0.00839
35	0.01701	0.01294	0.01418	0.01165	0.01519	0.01419	0.00934	0.38242	0.19436	0.03081	0.20675	0.02378	0.02374	0.00860	0.00621	0.00185	0.00512	0.00703	0.00609	0.00874
36	0.01020	0.00841	0.00986	0.00939	0.01148	0.00921	0.00725	0.01716	0.26166	0.01839	0.05371	0.03226	0.20910	0.02328	0.28597	0.00475	0.00827	0.00819	0.00485	0.00661
37	0.00699	0.00599	0.00599	0.00599	0.00799	0.00499	0.00449	0.00849	0.01348	0.01598	0.05991	0.05691	0.75288	0.01498	0.00699	0.00200	0.00300	0.01248	0.00549	0.00499
38	0.02209	0.02819	0.01676	0.01524	0.01828	0.76843	0.01143	0.02361	0.01676	0.01447	0.00914	0.01066	0.00762	0.00609	0.00533	0.00152	0.01066	0.00381	0.00305	0.00686
39	0.01276	0.01019	0.01513	0.01972	0.28450	0.01028	0.01173	0.03908	0.08728	0.06004	0.05649	0.17482	0.02356	0.01088	0.00674	0.00212	0.00545	0.15693	0.00476	0.00756
40	0.00860	0.00573	0.00645	0.00645	0.00645	0.00573	0.00358	0.00860	0.00860	0.01147	0.01863	0.03870	0.02150	0.79217	0.03010	0.00573	0.00573	0.00860	0.00358	0.00358
41	0.00721	0.00515	0.00686	0.00823	0.00858	0.00480	0.00549	0.00823	0.01132	0.01510	0.03259	0.78831	0.03911	0.01853	0.00755	0.00240	0.00343	0.01681	0.00549	0.00480
42	0.02467	0.01335	0.01554	0.01198	0.01658	0.03317	0.00986	0.33324	0.02161	0.42827	0.01902	0.01732	0.01248	0.00719	0.00592	0.00180	0.00582	0.00562	0.00660	0.00998
43	0.00726	0.00587	0.00645	0.00658	0.00822	0.00507	0.00483	0.00891	0.01371	0.01718	0.17519	0.16577	0.52423	0.01502	0.00707	0.00203	0.00303	0.01283	0.00567	0.00507
44	0.00837	0.00604	0.00790	0.00744	0.00883	0.00558	0.00558	0.01116	0.01674	0.02371	0.75216	0.04417	0.05580	0.01209	0.00697	0.00186	0.00279	0.01069	0.00651	0.00558
45	0.01186	0.03059	0.76153	0.01686	0.02560	0.01373	0.02185	0.01873	0.01249	0.01873	0.01061	0.01249	0.00749	0.00562	0.00562	0.00187	0.00874	0.00437	0.00250	0.00874
46	0.01369	0.00729	0.00966	0.00947	0.01135	0.00680	0.00718	0.04891	0.01398	0.22692	0.02894	0.44272	0.03017	0.01454	0.00710	0.00225	0.00429	0.10211	0.00602	0.00662
47	0.83394	0.01144	0.00869	0.00778	0.01144	0.01327	0.00640	0.01738	0.01006	0.02653	0.00823	0.00961	0.00640	0.00549	0.00366	0.00183	0.00457	0.00320	0.00366	0.00640
48	0.00860	0.00573	0.00645	0.00645	0.00645	0.00573	0.00358	0.00860	0.00860	0.01147	0.01863	0.03870	0.02150	0.79217	0.03010	0.00573	0.00573	0.00860	0.00358	0.00358
49	0.01117	0.01051	0.01774	0.77795	0.04073	0.01314	0.01642	0.01511	0.01182	0.01511	0.01051	0.01577	0.00788	0.00591	0.00591	0.00197	0.00788	0.00526	0.00263	0.00657
50	0.02231	0.02168	0.01731	0.01432	0.01831	0.34861	0.01132	0.42208	0.02294	0.02723	0.01197	0.01264	0.00898	0.00666	0.00566	0.00166	0.00834	0.00466	0.00465	0.00865
51	0.06897	0.01127	0.01318	0.00982	0.01476	0.00972	0.02844	0.06158	0.07640	0.05627	0.01240	0.01353	0.00977	0.00509	0.00472	0.00117	0.00474	0.00408	0.00404	0.59006
52	0.01451	0.54325	0.27204	0.01234	0.01862	0.02021	0.01399	0.01804	0.01217	0.01550	0.00901	0.01048	0.00756	0.00524	0.00440	0.00147	0.00712	0.00356	0.00252	0.00797
53	0.01725	0.02027	0.01342	0.01273	0.01490	0.49988	0.00940	0.01874	0.01487	0.01518	0.01588	0.21145	0.01627	0.00944	0.00613	0.00176	0.02531	0.00731	0.06359	0.00622
54	0.27606	0.01509	0.01347	0.01142	0.01516	0.10450	0.00912	0.26217	0.15058	0.02785	0.01438	0.05032	0.01144	0.00718	0.00523	0.00183	0.00591	0.00527	0.00486	0.00815
55	0.00781	0.00602	0.00712	0.00685	0.00849	0.00534	0.00514	0.01007	0.01541	0.02055	0.46898	0.04939	0.34095	0.01327	0.00698	0.00192	0.00287	0.01143	0.00609	0.00534
56	0.01117	0.01051	0.01774	0.77795	0.04073	0.01314	0.01642	0.01511	0.01182	0.01511	0.01051	0.01577	0.00788	0.00591	0.00591	0.00197	0.00788	0.00526	0.00263	0.00657
57	0.01839	0.01865	0.26114	0.01326	0.01898	0.01330	0.01352	0.26519	0.01894	0.19371	0.04272	0.01885	0.06162	0.00736	0.00593	0.00184	0.00655	0.00581	0.00510	0.00914
58	0.01255	0.02576	0.52176	0.01952	0.02735	0.01414	0.25677	0.01880	0.01297	0.01880	0.01106	0.01363	0.00798	0.00541	0.00607	0.00191	0.00915	0.00523	0.00266	0.00849
59	0.02422	0.01377	0.01602	0.01228	0.01695	0.01419	0.01014	0.43176	0.02313	0.34767	0.01812	0.01675	0.01203	0.00719	0.00593	0.00180	0.00587	0.00559	0.00652	0.01006
60	0.00860	0.00573	0.00645	0.00645	0.00645	0.00573	0.00358	0.00860	0.00860	0.01147	0.01863	0.03870	0.02150	0.79217	0.03010	0.00573	0.00573	0.00860	0.00358	0.00358
61	0.01136	0.24251	0.01661	0.01034	0.01266	0.01282	0.03217	0.01474	0.09740	0.01629	0.04501	0.34430	0.02454	0.01202	0.00703	0.00201	0.05690	0.03044	0.00442	0.00643
62	0.01102	0.00551	0.00551	0.00551	0.00689	0.00551	0.00413	0.01378	0.01240	0.02205	0.01929	0.02205	0.01516	0.00689	0.00413	0.00138	0.00276	0.00551	0.82500	0.00551
63	0.01027	0.00514	0.00770	0.00770	0.00770	0.00514	0.00514	0.00770	0.00770	0.01027	0.01027	0.01798	0.01027	0.02054	0.02311	0.82794	0.00514	0.00514	0.00257	0.00257
64	0.01151	0.01105	0.01859	0.65329	0.03732	0.01381	0.04989	0.01519	0.01160	0.01519	0.01026	0.01544	0.00792	0.00639	0.00754	0.00204	0.09838	0.00533	0.00264	0.00662
65	0.00763	0.00548	0.00724	0.00794	0.00867	0.00509	0.00552	0.00931	0.01331	0.01826	0.29644	0.51546	0.04523	0.01617	0.00734	0.00220	0.00320	0.01457	0.00586	0.00509
66	0.00721	0.00515	0.00686	0.00823	0.00858	0.00480	0.00549	0.00823	0.01132	0.01510	0.03259	0.78831	0.03911	0.01853	0.00755	0.00240	0.00343	0.01681	0.00549	0.00480
67	0.00740	0.00597	0.00658	0.00650	0.00826	0.00516	0.00485	0.00926	0.01435	0.01820	0.26103	0.08094	0.52223	0.01427	0.00701	0.00197	0.00295	0.01212	0.00579	0.00516
68	0.01331	0.04436	0.36120	0.02500	0.29364	0.01431	0.12682	0.01852	0.01305	0.01884	0.01093	0.01371	0.00840	0.00538	0.00586	0.00183	0.00823	0.00506	0.00273	0.00882
69	0.00720	0.00600	0.00628	0.00621	0.00812	0.00508	0.00466	0.00889	0.01397	0.01714	0.16417	0.05499	0.64789	0.01454	0.00699	0.00198	0.00296	0.01221	0.00564	0.00508
70	0.00860	0.00573	0.00645	0.00645	0.00645	0.00573	0.00358	0.00860	0.00860	0.01147	0.01863	0.03870	0.02150	0.79217	0.03010	0.00573	0.00573	0.00860	0.00358	0.00358
71	0.02582	0.01014	0.01366	0.01052	0.01500	0.00889	0.00867	0.05038	0.01726	0.71318	0.04641	0.02071	0.01581	0.00747	0.00598	0.00183	0.00501	0.00608	0.00725	0.00992
72	0.02049	0.01628	0.04198	0.04826	0.21200	0.18703	0.03790	0.02371	0.04026	0.28954	0.01557	0.01600	0.01106	0.00633	0.00581	0.00176	0.00725	0.00526	0.00465	0.00887
73	0.01216	0.01217	0.01266	0.01185	0.01312	0.16913	0.00929	0.01400	0.01094	0.01398	0.01290	0.01864	0.01195	0.02987	0.46633	0.00652	0.16003	0.00559	0.00303	0.00584
74	0.01659	0.26718	0.04232	0.01918	0.19717	0.22278	0.06544	0.01918	0.01393	0.01612	0.01106	0.01545	0.00990	0.00616	0.00529	0.00162	0.00795	0.05196	0.00300	0.00773
75	0.01269	0.02451	0.46387	0.01985	0.02727	0.01433	0.28986	0.01867	0.01293	0.01867	0.01103	0.01381	0.00806	0.00553	0.00657	0.00194	0.03397	0.00538	0.00269	0.00838
76	0.00720	0.00551	0.00663	0.00751	0.00848	0.00494	0.00526	0.00846	0.01218	0.01550	0.04246	0.49945	0.29774	0.01717	0.00737	0.00227	0.00334	0.03817	0.00549	0.00489
77	0.05400	0.01591	0.01506	0.01240	0.01615	0.17184	0.00993	0.23873	0.07068	0.21475	0.04524	0.01792	0.03874	0.00756	0.00643	0.00180	0.04312	0.00562	0.00544	0.00867
78	0.01739	0.01249	0.01371	0.01116	0.01480	0.01334	0.00901	0.42013	0.05416	0.07455	0.02618	0.05056	0.17857	0.01201	0.06183	0.00242	0.00613	0.00748	0.00570	0.00837
79	0.12902	0.01067	0.01262	0.00967	0.01407	0.00948	0.04143	0.05915	0.03322	0.05093	0.09541	0.03555	0.01504	0.00616	0.00497	0.00133	0.00463	0.00505	0.00425	0.45734
80	0.01464	0.01405	0.02400	0.03630	0.75528	0.01405	0.01815	0.01815	0.01347	0.01932	0.01112	0.01464	0.00937	0.00527	0.00585	0.00176	0.00703	0.00527	0.00293	0.00937
81	0.01117	0.01051	0.01774	0.77795	0.04073	0.01314	0.01642	0.01511	0.01182	0.01511	0.01051	0.01577	0.00788	0.00591	0.00591	0.00197	0.00788	0.00526	0.00263	0.00657
82	0.00752	0.00551	0.00710	0.00798	0.00877	0.00508	0.00563	0.00902	0.01268	0.01688	0.16318	0.52574	0.12751	0.01683	0.00742	0.00228	0.00339	0.05682	0.00567	0.00500
83	0.01311	0.01249	0.02125	0.36231	0.44118	0.01365	0.01739	0.01681	0.01274	0.01747	0.01085	0.01513	0.00872	0.00555	0.00588	0.00185	0.00740	0.00526	0.00280	0.00814
84	0.00721	0.00515	0.00686	0.00823	0.00858	0.00480	0.00549	0.00823	0.01132	0.01510	0.03259	0.78831	0.03911	0.01853	0.00755	0.00240	0.00343	0.01681	0.00549	0.00480
85	0.00723	0.00569	0.00653	0.00698	0.00830	0.00499	0.00499	0.00871	0.01307	0.01656	0.13080	0.32361	0.40969	0.01594	0.00719	0.00213	0.00313	0.01386	0.00561	0.00499
86	0.00962	0.00538	0.00601	0.00651	0.00751	0.00525	0.00463	0.01175	0.01201	0.01950	0.02417	0.30301	0.02394	0.01116	0.00539	0.00175	0.00300	0.00966	0.52451	0.00525
87	0.00699	0.00599	0.00599	0.00599	0.00799	0.00499	0.00449	0.00849	0.01348	0.01598	0.05991	0.05691	0.75288	0.01498	0.00699	0.00200	0.00300	0.01248	0.00549	0.00499
88	0.01226	0.01051	0.01226	0.00876	0.01401	0.00788	0.00701	0.01489	0.01226	0.01927	0.01051	0.01226	0.00876	0.00438	0.00438	0.00088	0.00438	0.00350	0.00350	0.82832
89	0.00721	0.00515	0.00686	0.00823	0.00858	0.00480	0.00549	0.00823	0.01132	0.01510	0.03259	0.78831	0.03911	0.01853	0.00755	0.00240	0.00343	0.01681	0.00549	0.00480
90	0.01346	0.01285	0.02187	0.28841	0.51238	0.01374	0.01756	0.01712	0.01291	0.01789	0.01092	0.01502	0.00886	0.00549	0.00587	0.00183	0.00732	0.00526	0.00283	0.00842
91	0.01963	0.01515	0.01614	0.01303	0.01725	0.01701	0.01055	0.47737	0.29063	0.03268	0.01782	0.01708	0.01299	0.00744	0.00595	0.00186	0.00584	0.00582	0.00595	0.00980
92	0.02248	0.01656	0.01775	0.01361	0.01834	0.01834	0.01124	0.73556	0.02780	0.03727	0.01420	0.01420	0.01006	0.00710	0.00592	0.00177	0.00651	0.00532	0.00592	0.01006
93	0.01418	0.01532	0.03130	0.02868	0.26993	0.01466	0.49766	0.01868	0.01380	0.01907	0.01169	0.01552	0.00910	0.00508	0.00661	0.00192	0.00900	0.00641	0.00297	0.00844
94	0.02248	0.01656	0.01775	0.01361	0.01834	0.01834	0.01124	0.73556	0.02780	0.03727	0.01420	0.01420	0.01006	0.00710	0.00592	0.00177	0.00651	0.00532	0.00592	0.01006
95	0.01336	0.01275	0.02171	0.30824	0.49327	0.01372	0.01752	0.01703	0.01286	0.01778	0.01090	0.01505	0.00882	0.00551	0.00588	0.00184	0.00734	0.00526	0.00282	0.00834
96	0.01901	0.01484	0.01579	0.01290	0.01702	0.01672	0.01040	0.42092	0.34810	0.03167	0.01861	0.01771	0.01363	0.00751	0.00596	0.00188	0.00569	0.00593	0.00596	0.00975
97	0.01763	0.01874	0.26130	0.01311	0.01924	0.01287	0.01340	0.21911	0.01753	0.16211	0.01396	0.01434	0.00980	0.00609	0.00551	0.00163	0.00653	0.00475	0.00455	0.17780
98	0.01197	0.01063	0.01513	0.01321	0.01471	0.01282	0.07195	0.01657	0.14602	0.03618	0.05192	0.15210	0.01846	0.01486	0.10046	0.00315	0.29092	0.00804	0.00413	0.00675
99	0.09235	0.00691	0.00785	0.00726	0.00936	0.00643	0.00557	0.01242	0.01501	0.08479	0.38630	0.04284	0.27731	0.01197	0.00656	0.00190	0.00323	0.01012	0.00596	0.00585
100	0.02505	0.01245	0.01520	0.01165	0.01629	0.01223	0.00963	0.28796	0.02092	0.49460	0.01998	0.01795	0.01296	0.00724	0.00594	0.00181	0.00557	0.00572	0.00680	0.01006
101	0.24482	0.01410	0.15157	0.06800	0.05192	0.01160	0.01124	0.07853	0.01349	0.10819	0.01631	0.14300	0.01476	0.00852	0.00560	0.00197	0.00578	0.03884	0.00434	0.00743
102	0.00993	0.00867	0.01252	0.01643	0.25483	0.00816	0.00933	0.01249	0.01446	0.01943	0.25381	0.03910	0.29608	0.01090	0.00661	0.00188	0.00426	0.00956	0.00495	0.00661
103	0.01464	0.01405	0.02400	0.03630	0.75528	0.01405	0.01815	0.01815	0.01347	0.01932	0.01112	0.01464	0.00937	0.00527	0.00585	0.00176	0.00703	0.00527	0.00293	0.00937
104	0.00783	0.00543	0.00676	0.00748	0.00775	0.00522	0.00474	0.00856	0.01057	0.01418	0.07078	0.44518	0.03313	0.32559	0.01648	0.00369	0.00431	0.01318	0.00479	0.00437
105	0.03607	0.21090	0.05596	0.52484	0.03268	0.01578	0.01479	0.01601	0.01185	0.01531	0.00987	0.01384	0.00775	0.00567	0.00530	0.00178	0.00743	0.00462	0.00263	0.00693
106	0.00775	0.00602	0.00705	0.00679	0.00846	0.00532	0.00509	0.00997	0.01528	0.02026	0.44283	0.04987	0.36728	0.01338	0.00698	0.00192	0.00288	0.01149	0.00605	0.00532
107	0.01027	0.00514	0.00770	0.00770	0.00770	0.00514	0.00514	0.00770	0.00770	0.01027	0.01027	0.01798	0.01027	0.02054	0.02311	0.82794	0.00514	0.00514	0.00257	0.00257
108	0.01027	0.00514	0.00770	0.00770	0.00770	0.00514	0.00514	0.00770	0.00770	0.01027	0.01027	0.01798	0.01027	0.02054	0.02311	0.82794	0.00514	0.00514	0.00257	0.00257
109	0.00848	0.00621	0.00885	0.00885	0.00967	0.00703	0.00657	0.01014	0.00931	0.01324	0.01644	0.02657	0.01623	0.20553	0.60953	0.00869	0.01366	0.00682	0.00326	0.00491
110	0.00721	0.00515	0.00686	0.00823	0.00858	0.00480	0.00549	0.00823	0.01132	0.01510	0.03259	0.78831	0.03911	0.01853	0.00755	0.00240	0.00343	0.01681	0.00549	0.00480
111	0.00738	0.00553	0.00689	0.00790	0.00878	0.00505	0.00562	0.00870	0.01212	0.01559	0.03974	0.52256	0.22859	0.01737	0.00746	0.00233	0.00351	0.08447	0.00549	0.00492
112	0.01571	0.01320	0.01295	0.01148	0.01463	0.07388	0.00900	0.13263	0.44048	0.02513	0.02091	0.02153	0.01613	0.00785	0.00573	0.00186	0.00516	0.03085	0.13234	0.00853
113	0.01196	0.00962	0.03921	0.05451	0.05070	0.00896	0.18842	0.01551	0.01281	0.02065	0.01631	0.01952	0.01269	0.00624	0.00507	0.00160	0.00524	0.00582	0.50868	0.00647
114	0.00733	0.00520	0.00683	0.00808	0.00839	0.00488	0.00533	0.00827	0.01109	0.01478	0.03139	0.72376	0.03760	0.08514	0.00949	0.00269	0.00363	0.01610	0.00533	0.00470
115	0.18087	0.34183	0.02360	0.15154	0.04896	0.03651	0.09122	0.01739	0.01191	0.01748	0.00918	0.01167	0.00763	0.00544	0.00497	0.00164	0.02397	0.00411	0.00286	0.00723
116	0.01716	0.11544	0.01890	0.03373	0.03314	0.09780	0.07869	0.15561	0.06412	0.08521	0.02932	0.02819	0.01138	0.00633	0.00570	0.00156	0.02325	0.00510	0.00427	0.18510
117	0.01333	0.09911	0.29823	0.02047	0.08813	0.01561	0.26227	0.01817	0.01266	0.01789	0.01058	0.01360	0.00820	0.00582	0.00738	0.00192	0.09045	0.00530	0.00272	0.00818
118	0.00852	0.00620	0.00777	0.00855	0.00942	0.00599	0.00597	0.06868	0.01299	0.01721	0.04696	0.64285	0.08903	0.01716	0.00737	0.00232	0.00368	0.02849	0.00554	0.00528
119	0.08417	0.21492	0.13006	0.01024	0.01525	0.01310	0.00996	0.01699	0.02706	0.05900	0.10844	0.01617	0.01476	0.00608	0.00481	0.00141	0.00539	0.00466	0.00376	0.25376
120	0.04510	0.10207	0.04660	0.02296	0.34367	0.05253	0.03647	0.08265	0.01531	0.17617	0.01345	0.01478	0.01008	0.00589	0.00558	0.00172	0.00674	0.00506	0.00408	0.00909
121	0.01577	0.01377	0.01434	0.04159	0.01596	0.11710	0.01033	0.24538	0.03366	0.02266	0.03552	0.07773	0.01754	0.04814	0.03321	0.00250	0.11096	0.13194	0.00466	0.00725
122	0.01327	0.00694	0.00863	0.00790	0.00921	0.00662	0.00543	0.01412	0.01113	0.20424	0.02069	0.03555	0.02047	0.51370	0.04219	0.00461	0.00580	0.05939	0.00467	0.00543
123	0.01384	0.41358	0.39586	0.01348	0.02038	0.01857	0.01598	0.01822	0.01225	0.01632	0.00942	0.01098	0.00754	0.00534	0.00471	0.00157	0.00753	0.00377	0.00251	0.00816
124	0.05834	0.01766	0.01452	0.01288	0.01607	0.26336	0.01009	0.14445	0.23981	0.02261	0.04173	0.02057	0.02989	0.00800	0.00618	0.00186	0.02614	0.05311	0.00478	0.00795
125	0.01491	0.00745	0.00926	0.00797	0.01070	0.00655	0.00627	0.01714	0.01545	0.29110	0.21562	0.03674	0.23373	0.01064	0.00632	0.00184	0.00367	0.00894	0.08868	0.00705
126	0.00845	0.00594	0.00742	0.00711	0.00805	0.00563	0.00492	0.01032	0.01405	0.01967	0.51012	0.04237	0.04448	0.26949	0.01461	0.00314	0.00376	0.01000	0.00554	0.00492
127	0.06703	0.02930	0.71101	0.01625	0.02465	0.01370	0.02081	0.01864	0.01232	0.01925	0.01045	0.01229	0.00742	0.00561	0.00549	0.00187	0.00846	0.00429	0.00258	0.00858
128	0.01308	0.01066	0.01350	0.01068	0.01409	0.01054	0.00866	0.03501	0.01187	0.06389	0.01149	0.01443	0.00974	0.01138	0.11041	0.00251	0.18682	0.00447	0.00355	0.45323
129	0.00860	0.00573	0.00645	0.00645	0.00645	0.00573	0.00358	0.00860	0.00860	0.01147	0.01863	0.03870	0.02150	0.79217	0.03010	0.00573	0.00573	0.00860	0.00358	0.00358
