[name]
unknown

[dist]
# distance from previous block
# <min> <max>
0	535

[block]
# block no. 0 follows, 48 sequences, length 9
# corresponding to MSA columns:
# 535-543
name=unknown_A
#
# <colnr> <probs for GDERKNQSTAVLIFYWHMCP>
#	G	D	E	R	K	N	Q	S	T	A	V	L	I	F	Y	W	H	M	C	P
0	0.01161	0.00626	0.00792	0.00720	0.00924	0.00558	0.00564	0.01338	0.01289	0.24244	0.20267	0.07864	0.23073	0.05548	0.00704	0.00193	0.00345	0.08686	0.00533	0.00570
1	0.24761	0.24004	0.22676	0.01127	0.01623	0.01454	0.08421	0.07566	0.01132	0.01828	0.00842	0.00983	0.00656	0.00476	0.00410	0.00147	0.00595	0.00350	0.00273	0.00677
2	0.01275	0.01122	0.01262	0.01150	0.05606	0.06586	0.05103	0.14658	0.30921	0.02133	0.15648	0.02267	0.08511	0.00758	0.00543	0.00164	0.00464	0.00643	0.00477	0.00709
3	0.07527	0.00571	0.00690	0.00654	0.00801	0.00539	0.00492	0.01038	0.01332	0.05714	0.53593	0.11130	0.11883	0.01063	0.00583	0.00167	0.00271	0.00924	0.00531	0.00497
4	0.01388	0.01494	0.19324	0.04693	0.28002	0.01194	0.01344	0.16884	0.04280	0.08453	0.06866	0.01476	0.01147	0.00565	0.00513	0.00158	0.00588	0.00485	0.00361	0.00784
5	0.09337	0.12111	0.51290	0.04405	0.01978	0.09414	0.01530	0.01634	0.01094	0.01589	0.00862	0.01022	0.00644	0.00486	0.00450	0.00153	0.00712	0.00355	0.00232	0.00702
6	0.01383	0.00745	0.00940	0.00803	0.01053	0.00709	0.00632	0.01802	0.13905	0.29988	0.35593	0.02804	0.05745	0.00851	0.00559	0.00163	0.00340	0.00728	0.00580	0.00677
7	0.00809	0.00540	0.00655	0.00632	0.00772	0.00483	0.00464	0.00974	0.01253	0.08135	0.33551	0.14330	0.27383	0.06800	0.00744	0.00195	0.00289	0.01000	0.00513	0.00480
8	0.01329	0.07555	0.01949	0.10631	0.30291	0.01182	0.13554	0.05774	0.01258	0.09934	0.02934	0.01805	0.01128	0.00591	0.00533	0.00163	0.00612	0.07721	0.00332	0.00724

[dist]
# distance from previous block
# <min> <max>
6	19

[block]
# block no. 1 follows, 48 sequences, length 45
# corresponding to MSA columns:
# 563-607
name=unknown_B
#
# <colnr> <probs for GDERKNQSTAVLIFYWHMCP>
#	G	D	E	R	K	N	Q	S	T	A	V	L	I	F	Y	W	H	M	C	P
0	0.01486	0.01830	0.30683	0.01187	0.01688	0.12633	0.01217	0.07523	0.08610	0.16749	0.01403	0.01416	0.03692	0.00573	0.00491	0.00152	0.00626	0.00443	0.00372	0.07229
1	0.01344	0.01168	0.05937	0.01016	0.01329	0.03966	0.00842	0.10063	0.43938	0.08305	0.13143	0.02075	0.03144	0.00726	0.00530	0.00167	0.00439	0.00601	0.00508	0.00758
2	0.04498	0.01370	0.01134	0.00995	0.01274	0.26663	0.02019	0.04348	0.13841	0.11024	0.02115	0.05929	0.15836	0.00758	0.00509	0.00153	0.00557	0.00598	0.00415	0.05963
3	0.12000	0.01111	0.01139	0.00952	0.01297	0.06425	0.00757	0.05105	0.31123	0.20890	0.01622	0.01530	0.01171	0.00596	0.00472	0.00151	0.00450	0.00468	0.00477	0.12263
4	0.07047	0.01774	0.08753	0.01142	0.01466	0.35168	0.00949	0.02113	0.22730	0.06513	0.03569	0.01488	0.03869	0.00617	0.00485	0.00153	0.00656	0.00457	0.00375	0.00677
5	0.15690	0.01711	0.35989	0.01292	0.08145	0.01071	0.01280	0.01739	0.06038	0.12450	0.05885	0.01369	0.01053	0.00547	0.00470	0.00158	0.00572	0.00431	0.00339	0.03771
6	0.01254	0.01203	0.02054	0.07254	0.74786	0.01215	0.01567	0.01561	0.01161	0.01657	0.00962	0.01275	0.00806	0.00460	0.00508	0.00153	0.00614	0.00457	0.00253	0.00800
7	0.01102	0.01065	0.01145	0.01301	0.16926	0.12429	0.00815	0.01507	0.14200	0.01658	0.14932	0.02590	0.16787	0.05902	0.00665	0.00176	0.00472	0.00670	0.00402	0.05257
8	0.01099	0.12851	0.01340	0.00918	0.06088	0.00902	0.00699	0.01321	0.01086	0.01614	0.04185	0.01232	0.02429	0.00439	0.00394	0.00091	0.00411	0.00350	0.00303	0.62246
9	0.01867	0.01197	0.01322	0.01030	0.01396	0.01280	0.00846	0.52734	0.02049	0.16462	0.01437	0.01423	0.01008	0.00617	0.00491	0.00150	0.00494	0.00474	0.12910	0.00815
10	0.01448	0.01338	0.01247	0.01101	0.01401	0.12855	0.00857	0.11148	0.57980	0.02140	0.01800	0.01691	0.01354	0.00662	0.00512	0.00166	0.00500	0.00530	0.00483	0.00787
11	0.01000	0.00844	0.00995	0.00753	0.01147	0.00645	0.00589	0.01207	0.01052	0.01619	0.01193	0.12891	0.01147	0.00560	0.00420	0.00095	0.00368	0.00473	0.00329	0.72673
12	0.01064	0.02443	0.67973	0.01710	0.13457	0.01196	0.01849	0.01618	0.01096	0.01632	0.00927	0.01111	0.00674	0.00483	0.00490	0.00161	0.00736	0.00391	0.00222	0.00766
13	0.73366	0.00975	0.00818	0.00710	0.01039	0.01093	0.00585	0.01654	0.00961	0.13579	0.00907	0.00968	0.00661	0.00500	0.00347	0.00159	0.00403	0.00313	0.00364	0.00602
14	0.00926	0.00677	0.00831	0.00862	0.01037	0.00681	0.00720	0.01347	0.14489	0.05410	0.03148	0.04721	0.20115	0.01227	0.00643	0.00207	0.00410	0.41518	0.00490	0.00542
15	0.02045	0.00814	0.01092	0.00858	0.01200	0.00710	0.00691	0.02224	0.01390	0.66536	0.04776	0.02073	0.03861	0.08427	0.00722	0.00192	0.00430	0.00570	0.00597	0.00792
16	0.00678	0.00489	0.00644	0.00691	0.00768	0.00455	0.00495	0.00842	0.01201	0.01647	0.35693	0.42139	0.06004	0.01348	0.00635	0.00188	0.00281	0.04839	0.00515	0.00449
17	0.02302	0.00873	0.01191	0.00913	0.01310	0.00754	0.00754	0.02501	0.01469	0.79122	0.02024	0.01746	0.01270	0.00635	0.00516	0.00159	0.00437	0.00516	0.00635	0.00873
18	0.00766	0.00539	0.00774	0.00774	0.00870	0.00617	0.00600	0.00957	0.00862	0.01297	0.01418	0.02001	0.01288	0.03371	0.68253	0.00721	0.01208	0.00539	0.12685	0.00461
19	0.56470	0.01012	0.00901	0.00771	0.01078	0.01141	0.00629	0.16481	0.01265	0.02452	0.12235	0.01353	0.01248	0.00588	0.00399	0.00158	0.00408	0.00410	0.00393	0.00608
20	0.01780	0.01353	0.01444	0.01146	0.01526	0.01512	0.00934	0.58276	0.21470	0.02959	0.01448	0.01404	0.01048	0.00636	0.00516	0.00159	0.00525	0.00492	0.00516	0.00857
21	0.00622	0.00457	0.00584	0.00686	0.00737	0.00419	0.00464	0.00718	0.01010	0.01321	0.03176	0.70375	0.14427	0.01562	0.00648	0.00203	0.00292	0.01404	0.00476	0.00419
22	0.00709	0.00524	0.00661	0.00627	0.00756	0.00477	0.00470	0.00934	0.01411	0.01959	0.67737	0.03995	0.15662	0.01086	0.00605	0.00163	0.00245	0.00951	0.00552	0.00477
23	0.00675	0.00522	0.00615	0.00592	0.00735	0.00463	0.00444	0.00870	0.01332	0.01773	0.47403	0.04302	0.36112	0.01155	0.00606	0.00166	0.00250	0.00994	0.00527	0.00463
24	0.00827	0.00591	0.00827	0.00945	0.01063	0.00591	0.00827	0.01063	0.01181	0.01536	0.02717	0.05788	0.02953	0.01417	0.00709	0.00236	0.00472	0.75313	0.00472	0.00472
25	0.02302	0.00873	0.01191	0.00913	0.01310	0.00754	0.00754	0.02501	0.01469	0.79122	0.02024	0.01746	0.01270	0.00635	0.00516	0.00159	0.00437	0.00516	0.00635	0.00873
26	0.00743	0.00544	0.00722	0.00818	0.00924	0.00523	0.00668	0.00929	0.01140	0.01475	0.05367	0.23775	0.14213	0.01435	0.00678	0.00218	0.00393	0.44505	0.00477	0.00454
27	0.00624	0.00451	0.00591	0.00702	0.00741	0.00418	0.00471	0.00716	0.00994	0.01315	0.02977	0.76801	0.08129	0.01588	0.00652	0.00206	0.00295	0.01435	0.00476	0.00418
28	0.01194	0.00989	0.01134	0.00822	0.01271	0.00817	0.00662	0.12413	0.01262	0.01901	0.00959	0.01089	0.00777	0.00415	0.00400	0.00087	0.00407	0.00327	0.00335	0.72740
29	0.00606	0.00520	0.00520	0.00520	0.00693	0.00433	0.00390	0.00736	0.01170	0.01386	0.05198	0.04938	0.78558	0.01299	0.00606	0.00173	0.00260	0.01083	0.00476	0.00433
30	0.00702	0.00512	0.00586	0.00574	0.00658	0.00476	0.00384	0.00809	0.01073	0.01419	0.25454	0.03936	0.23968	0.35603	0.01461	0.00308	0.00356	0.00893	0.00432	0.00396
31	0.00725	0.00492	0.00582	0.00602	0.00613	0.00493	0.00359	0.00752	0.00790	0.01060	0.01802	0.16264	0.02082	0.63708	0.07158	0.00470	0.00520	0.00852	0.00336	0.00338
32	0.85592	0.00992	0.00754	0.00675	0.00992	0.01151	0.00556	0.01508	0.00873	0.02302	0.00714	0.00834	0.00556	0.00476	0.00318	0.00159	0.00397	0.00278	0.00318	0.00556
33	0.01968	0.01410	0.01523	0.01167	0.01577	0.01550	0.00964	0.73401	0.02366	0.06954	0.01271	0.01257	0.00892	0.00617	0.00513	0.00154	0.00558	0.00465	0.00519	0.00873
34	0.00776	0.00660	0.00886	0.01131	0.16982	0.00612	0.00679	0.00940	0.01127	0.01442	0.05668	0.14244	0.39789	0.06249	0.00726	0.00198	0.00368	0.06593	0.00422	0.00507
35	0.00969	0.00912	0.01539	0.80734	0.03534	0.01140	0.01425	0.01311	0.01026	0.01311	0.00912	0.01368	0.00684	0.00513	0.00513	0.00171	0.00684	0.00456	0.00228	0.00570
36	0.01951	0.01437	0.01540	0.01181	0.01591	0.01591	0.00975	0.77056	0.02412	0.03234	0.01232	0.01232	0.00873	0.00616	0.00513	0.00154	0.00565	0.00462	0.00513	0.00873
37	0.00715	0.00524	0.00670	0.00634	0.00760	0.00479	0.00475	0.00946	0.01425	0.01994	0.71505	0.03938	0.11872	0.01073	0.00605	0.00163	0.00244	0.00943	0.00556	0.00479
38	0.09332	0.01204	0.01940	0.02856	0.69102	0.01223	0.01460	0.03766	0.01176	0.01781	0.00949	0.01227	0.00790	0.00464	0.00490	0.00153	0.00588	0.00440	0.00268	0.00790
39	0.00813	0.00695	0.00948	0.00934	0.00952	0.00841	0.00701	0.00905	0.00896	0.01263	0.01969	0.47463	0.02310	0.06413	0.01152	0.00232	0.29628	0.01047	0.00374	0.00463
40	0.01138	0.01168	0.01824	0.01489	0.01579	0.01524	0.14271	0.01306	0.00860	0.01306	0.00737	0.01168	0.00692	0.00817	0.01497	0.00216	0.67120	0.00476	0.00231	0.00584
41	0.01215	0.01163	0.01983	0.17334	0.65012	0.01205	0.01547	0.01527	0.01142	0.01610	0.00955	0.01288	0.00789	0.00467	0.00509	0.00156	0.00623	0.00457	0.00249	0.00768
42	0.01023	0.05728	0.42062	0.01183	0.01651	0.03329	0.02767	0.01396	0.01079	0.05691	0.01546	0.25675	0.01524	0.00843	0.00556	0.00174	0.02091	0.00715	0.00321	0.00646
43	0.01228	0.01272	0.02455	0.07111	0.42093	0.01248	0.33668	0.01589	0.01179	0.01642	0.00993	0.01324	0.00791	0.00450	0.00550	0.00162	0.00723	0.00520	0.00255	0.00748
44	0.01343	0.01454	0.13276	0.04802	0.49252	0.01279	0.01487	0.14569	0.04129	0.01942	0.01043	0.01262	0.00822	0.00499	0.00507	0.00155	0.00619	0.00451	0.00302	0.00808

[dist]
# distance from previous block
# <min> <max>
0	4

[block]
# block no. 2 follows, 48 sequences, length 74
# corresponding to MSA columns:
# 612-685
name=unknown_C
#
# <colnr> <probs for GDERKNQSTAVLIFYWHMCP>
#	G	D	E	R	K	N	Q	S	T	A	V	L	I	F	Y	W	H	M	C	P
0	0.01247	0.01365	0.17191	0.01530	0.18168	0.01086	0.03645	0.19910	0.01525	0.03788	0.18004	0.02034	0.06883	0.00689	0.00536	0.00159	0.00531	0.00592	0.00400	0.00718
1	0.01593	0.01259	0.01338	0.01108	0.01455	0.01424	0.00889	0.37612	0.42439	0.02657	0.01686	0.01594	0.01241	0.00659	0.00518	0.00165	0.00480	0.00525	0.00518	0.00841
2	0.80045	0.01022	0.00806	0.00708	0.01032	0.01180	0.00584	0.06519	0.00975	0.02364	0.00749	0.00860	0.00577	0.00486	0.00331	0.00158	0.00408	0.00290	0.00331	0.00577
3	0.01047	0.02546	0.73486	0.01590	0.07993	0.01194	0.01872	0.01621	0.01090	0.01629	0.00924	0.01097	0.00662	0.00485	0.00489	0.00162	0.00747	0.00385	0.00219	0.00762
4	0.01271	0.01206	0.01981	0.02917	0.70218	0.01225	0.01491	0.01702	0.09633	0.01728	0.01089	0.01341	0.00896	0.00484	0.00510	0.00155	0.00587	0.00471	0.00284	0.00813
5	0.01498	0.00825	0.01032	0.00841	0.01171	0.00725	0.00662	0.01827	0.09703	0.32797	0.04647	0.15158	0.01648	0.00749	0.00505	0.00146	0.00387	0.00638	0.00500	0.24542
6	0.01291	0.63453	0.20802	0.01016	0.01531	0.01832	0.01119	0.01557	0.01052	0.01306	0.00762	0.00885	0.00656	0.00450	0.00367	0.00122	0.00598	0.00299	0.00219	0.00682
7	0.01304	0.01006	0.01132	0.05443	0.01399	0.01088	0.00789	0.02328	0.51338	0.10494	0.02089	0.01970	0.06499	0.00683	0.00510	0.00161	0.00412	0.00568	0.00490	0.10296
8	0.00827	0.00591	0.00827	0.00945	0.01063	0.00591	0.00827	0.01063	0.01181	0.01536	0.02717	0.05788	0.02953	0.01417	0.00709	0.00236	0.00472	0.75313	0.00472	0.00472
9	0.01604	0.01322	0.01341	0.01119	0.01459	0.05833	0.00893	0.34801	0.40959	0.02566	0.01646	0.01564	0.01216	0.00652	0.00515	0.00163	0.00504	0.00515	0.00504	0.00826
10	0.01388	0.01206	0.01785	0.19874	0.38608	0.01304	0.01355	0.22086	0.03816	0.02033	0.01060	0.01301	0.00823	0.00520	0.00511	0.00158	0.00608	0.00462	0.00327	0.00775
11	0.01245	0.01201	0.02050	0.07410	0.69494	0.01232	0.03158	0.01546	0.01144	0.01636	0.00951	0.01271	0.00799	0.00479	0.00562	0.00157	0.04167	0.00460	0.00251	0.00785
12	0.01295	0.64497	0.19798	0.01008	0.01519	0.01843	0.01105	0.01556	0.01052	0.01300	0.00760	0.00881	0.00657	0.00450	0.00365	0.00122	0.00596	0.00298	0.00219	0.00681
13	0.02302	0.00873	0.01191	0.00913	0.01310	0.00754	0.00754	0.02501	0.01469	0.79122	0.02024	0.01746	0.01270	0.00635	0.00516	0.00159	0.00437	0.00516	0.00635	0.00873
14	0.00962	0.00609	0.00826	0.00886	0.01038	0.00585	0.00758	0.01177	0.01205	0.10270	0.02917	0.08008	0.11126	0.01323	0.00674	0.00220	0.00439	0.55976	0.00491	0.00511
15	0.00755	0.00544	0.00760	0.00813	0.00893	0.00577	0.00636	0.00918	0.00951	0.01292	0.02029	0.12482	0.02174	0.14515	0.32554	0.00507	0.00816	0.25980	0.00370	0.00436
16	0.00746	0.00497	0.00560	0.00560	0.00560	0.00497	0.00311	0.00746	0.00746	0.00995	0.01617	0.03358	0.01865	0.81967	0.02612	0.00497	0.00497	0.00746	0.00311	0.00311
17	0.01064	0.00912	0.01064	0.00760	0.01216	0.00684	0.00608	0.01292	0.01064	0.01672	0.00912	0.01064	0.00760	0.00380	0.00380	0.00076	0.00380	0.00304	0.00304	0.85104
18	0.00614	0.00489	0.00552	0.00602	0.00715	0.00426	0.00427	0.00727	0.01090	0.01354	0.04193	0.37470	0.46676	0.01430	0.00627	0.00188	0.00276	0.01242	0.00476	0.00426
19	0.00671	0.00538	0.00621	0.00647	0.00795	0.00492	0.00511	0.00827	0.01124	0.01388	0.04157	0.04759	0.51927	0.03284	0.09626	0.00267	0.00437	0.17037	0.00449	0.00442
20	0.02302	0.00873	0.01191	0.00913	0.01310	0.00754	0.00754	0.02501	0.01469	0.79122	0.02024	0.01746	0.01270	0.00635	0.00516	0.00159	0.00437	0.00516	0.00635	0.00873
21	0.01951	0.01437	0.01540	0.01181	0.01591	0.01591	0.00975	0.77056	0.02412	0.03234	0.01232	0.01232	0.00873	0.00616	0.00513	0.00154	0.00565	0.00462	0.00513	0.00873
22	0.02967	0.00596	0.00715	0.00653	0.00840	0.00557	0.00505	0.01430	0.01219	0.21456	0.12572	0.11108	0.04859	0.00822	0.00481	0.00150	0.00305	0.02298	0.35895	0.00572
23	0.02289	0.00894	0.01204	0.00923	0.01320	0.00785	0.00762	0.05224	0.01503	0.76350	0.01995	0.01728	0.01256	0.00634	0.00516	0.00159	0.00441	0.00514	0.00631	0.00873
24	0.00625	0.00447	0.00595	0.00714	0.00744	0.00417	0.00476	0.00714	0.00982	0.01310	0.02828	0.81633	0.03394	0.01608	0.00655	0.00208	0.00298	0.01459	0.00476	0.00417
25	0.00744	0.00501	0.00574	0.00569	0.00583	0.00496	0.00330	0.00771	0.00826	0.01115	0.10296	0.03411	0.02201	0.72832	0.02385	0.00460	0.00469	0.00767	0.00340	0.00330
26	0.85592	0.00992	0.00754	0.00675	0.00992	0.01151	0.00556	0.01508	0.00873	0.02302	0.00714	0.00834	0.00556	0.00476	0.00318	0.00159	0.00397	0.00278	0.00318	0.00556
27	0.00625	0.00447	0.00595	0.00714	0.00744	0.00417	0.00476	0.00714	0.00982	0.01310	0.02828	0.81633	0.03394	0.01608	0.00655	0.00208	0.00298	0.01459	0.00476	0.00417
28	0.00734	0.00547	0.00810	0.00810	0.00896	0.00633	0.00623	0.00907	0.00820	0.01180	0.01388	0.02091	0.01316	0.08240	0.75587	0.00806	0.01325	0.00561	0.00277	0.00450
29	0.00755	0.00565	0.00723	0.00789	0.00906	0.00548	0.00630	0.01006	0.05193	0.01559	0.12865	0.22072	0.15967	0.01355	0.00656	0.00207	0.00365	0.32878	0.00488	0.00473
30	0.00873	0.00604	0.00678	0.00635	0.00696	0.00615	0.00402	0.09191	0.01006	0.01349	0.08569	0.03214	0.04364	0.63276	0.02139	0.00420	0.00475	0.00741	0.00361	0.00392
31	0.00733	0.00492	0.00564	0.00577	0.00580	0.00489	0.00329	0.00743	0.00772	0.01030	0.01750	0.12000	0.02034	0.73095	0.02396	0.00466	0.00475	0.00825	0.00329	0.00323
32	0.01267	0.01226	0.02124	0.03106	0.75437	0.01223	0.04871	0.01578	0.01170	0.01675	0.00968	0.01275	0.00811	0.00456	0.00512	0.00153	0.00621	0.00464	0.00254	0.00807
33	0.00665	0.00519	0.00584	0.00569	0.00704	0.00459	0.00415	0.00821	0.01223	0.01583	0.31127	0.04363	0.43416	0.10316	0.00832	0.00206	0.00280	0.00989	0.00490	0.00438
34	0.00783	0.00526	0.00590	0.00579	0.00591	0.00531	0.00331	0.03076	0.00797	0.01063	0.01605	0.03293	0.01835	0.79484	0.02548	0.00487	0.00500	0.00737	0.00317	0.00328
35	0.01753	0.01423	0.01937	0.01442	0.01882	0.01513	0.21220	0.56949	0.02092	0.02810	0.01180	0.01272	0.00848	0.00567	0.00538	0.00159	0.00645	0.00500	0.00446	0.00824
36	0.01270	0.01219	0.02083	0.03149	0.78767	0.01219	0.01575	0.01575	0.01168	0.01676	0.00965	0.01270	0.00813	0.00457	0.00508	0.00152	0.00610	0.00457	0.00254	0.00813
37	0.02950	0.24964	0.23531	0.01054	0.01474	0.14177	0.01080	0.01505	0.01219	0.01565	0.19913	0.01653	0.01683	0.00618	0.00463	0.00142	0.00591	0.00474	0.00313	0.00631
38	0.01268	0.01370	0.01497	0.01307	0.01370	0.18418	0.01062	0.01389	0.00933	0.01236	0.00746	0.01139	0.00711	0.01014	0.06610	0.00244	0.58456	0.00430	0.00236	0.00562
39	0.00606	0.00520	0.00520	0.00520	0.00693	0.00433	0.00390	0.00736	0.01170	0.01386	0.05198	0.04938	0.78558	0.01299	0.00606	0.00173	0.00260	0.01083	0.00476	0.00433
40	0.01917	0.02445	0.01454	0.01322	0.01586	0.79907	0.00991	0.02049	0.01454	0.01256	0.00793	0.00925	0.00661	0.00529	0.00463	0.00132	0.00925	0.00330	0.00264	0.00595
41	0.00676	0.00485	0.00658	0.00724	0.00767	0.00496	0.00500	0.00779	0.00899	0.01227	0.02210	0.45980	0.02532	0.14500	0.24597	0.00436	0.00649	0.01079	0.00391	0.00413
42	0.00636	0.00455	0.00605	0.00707	0.00747	0.00424	0.00477	0.00742	0.01034	0.01392	0.11182	0.73043	0.03554	0.01546	0.00649	0.00203	0.00292	0.01400	0.00486	0.00424
43	0.00625	0.00447	0.00595	0.00714	0.00744	0.00417	0.00476	0.00714	0.00982	0.01310	0.02828	0.81633	0.03394	0.01608	0.00655	0.00208	0.00298	0.01459	0.00476	0.00417
44	0.01410	0.01127	0.01205	0.01052	0.01362	0.01282	0.00827	0.11105	0.65031	0.06596	0.01988	0.01828	0.01471	0.00684	0.00521	0.00171	0.00426	0.00563	0.00527	0.00822
45	0.73089	0.00962	0.00801	0.00701	0.01020	0.01082	0.00575	0.01601	0.00962	0.10966	0.03703	0.01046	0.00793	0.00515	0.00350	0.00159	0.00396	0.00328	0.00362	0.00589
46	0.00733	0.00550	0.00825	0.00825	0.00916	0.00641	0.00641	0.00916	0.00825	0.01191	0.01374	0.02016	0.01283	0.03848	0.79934	0.00825	0.01374	0.00550	0.00275	0.00458
47	0.00879	0.00601	0.00668	0.00628	0.00674	0.00618	0.00384	0.09171	0.00930	0.01242	0.01574	0.03123	0.01756	0.72986	0.02380	0.00460	0.00505	0.00715	0.00333	0.00373
48	0.00769	0.00495	0.00551	0.00551	0.00564	0.00495	0.00316	0.00796	0.00783	0.01096	0.01623	0.03198	0.01805	0.72984	0.02363	0.00456	0.00469	0.00717	0.09641	0.00329
49	0.00735	0.00503	0.00615	0.00609	0.00680	0.00480	0.00413	0.00874	0.01125	0.01583	0.36788	0.12153	0.05013	0.29078	0.01288	0.00280	0.00337	0.00897	0.06135	0.00415
50	0.00625	0.00447	0.00595	0.00714	0.00744	0.00417	0.00476	0.00714	0.00982	0.01310	0.02828	0.81633	0.03394	0.01608	0.00655	0.00208	0.00298	0.01459	0.00476	0.00417
51	0.80838	0.01086	0.05170	0.00719	0.01061	0.01153	0.00631	0.01515	0.00885	0.02264	0.00726	0.00848	0.00561	0.00477	0.00327	0.00159	0.00417	0.00284	0.00312	0.00567
52	0.00786	0.00590	0.00736	0.00688	0.00829	0.00572	0.00519	0.01162	0.10070	0.02053	0.68302	0.03640	0.06049	0.01015	0.00596	0.00163	0.00261	0.00892	0.00558	0.00520
53	0.00730	0.00590	0.00666	0.00693	0.00850	0.00558	0.00541	0.01024	0.09614	0.01493	0.04029	0.14185	0.44529	0.01296	0.00625	0.00191	0.00327	0.17095	0.00481	0.00481
54	0.02262	0.00937	0.01230	0.00943	0.01342	0.00849	0.00779	0.10917	0.01575	0.70555	0.01935	0.01688	0.01225	0.00633	0.00516	0.00158	0.00451	0.00510	0.00621	0.00873
55	0.00625	0.00447	0.00595	0.00714	0.00744	0.00417	0.00476	0.00714	0.00982	0.01310	0.02828	0.81633	0.03394	0.01608	0.00655	0.00208	0.00298	0.01459	0.00476	0.00417
56	0.02009	0.01004	0.01222	0.00950	0.01326	0.00970	0.00780	0.24690	0.01719	0.47756	0.02137	0.01944	0.09684	0.00703	0.00525	0.00159	0.00456	0.00562	0.00581	0.00824
57	0.01216	0.01158	0.01568	0.01328	0.01375	0.01574	0.01106	0.09794	0.00969	0.01461	0.00737	0.01135	0.00696	0.00866	0.01552	0.00217	0.71945	0.00450	0.00257	0.00596
58	0.00708	0.00528	0.00668	0.00743	0.00812	0.00519	0.00514	0.00965	0.09521	0.01487	0.11289	0.64048	0.03355	0.01444	0.00635	0.00199	0.00303	0.01302	0.00491	0.00468
59	0.00785	0.00565	0.00715	0.00781	0.00859	0.00558	0.00555	0.09166	0.01153	0.01537	0.02644	0.67726	0.03086	0.01485	0.00643	0.00204	0.00339	0.06247	0.00480	0.00471
60	0.01865	0.01342	0.01517	0.09946	0.01787	0.01486	0.01010	0.63749	0.02197	0.08054	0.01249	0.01281	0.00878	0.00606	0.00513	0.00156	0.00569	0.00465	0.00490	0.00839
61	0.01160	0.01085	0.01108	0.00823	0.01258	0.09628	0.00651	0.01377	0.01108	0.01625	0.00899	0.01048	0.00749	0.00397	0.00389	0.00082	0.00442	0.00307	0.00300	0.75564
62	0.00684	0.00502	0.00642	0.00650	0.00752	0.00460	0.00471	0.00871	0.01289	0.01772	0.49006	0.25704	0.12825	0.01234	0.00619	0.00176	0.00260	0.01094	0.00530	0.00460
63	0.00717	0.00535	0.00623	0.00609	0.00763	0.00471	0.00465	0.00897	0.01283	0.04021	0.32695	0.06135	0.42094	0.01198	0.00610	0.00173	0.00272	0.05456	0.00515	0.00468
64	0.07718	0.01891	0.10285	0.01452	0.10125	0.31695	0.01124	0.21890	0.02780	0.01960	0.00954	0.01079	0.00740	0.00552	0.00519	0.00150	0.03655	0.00390	0.00331	0.00711
65	0.01622	0.01213	0.01391	0.01220	0.06540	0.01330	0.00922	0.55026	0.01993	0.02687	0.01407	0.10199	0.01193	0.01080	0.09495	0.00236	0.00630	0.00582	0.00465	0.00772
66	0.00639	0.00452	0.00591	0.00697	0.00723	0.00426	0.00458	0.00718	0.00956	0.01274	0.02691	0.72796	0.03221	0.10680	0.00876	0.00241	0.00320	0.01378	0.00458	0.00405
67	0.00735	0.00544	0.00707	0.00783	0.00899	0.00516	0.00638	0.00924	0.01173	0.01519	0.11065	0.18229	0.19540	0.01386	0.00667	0.00210	0.00373	0.39152	0.00483	0.00456
68	0.10704	0.00979	0.01082	0.00797	0.01232	0.00837	0.00643	0.09681	0.01191	0.01916	0.00925	0.01057	0.00749	0.00417	0.00388	0.00094	0.00402	0.00318	0.00329	0.66260
69	0.02012	0.00960	0.01264	0.09965	0.01593	0.00938	0.00859	0.10224	0.09176	0.54644	0.01822	0.01666	0.01192	0.00625	0.00516	0.00161	0.00475	0.00510	0.00565	0.00833
70	0.01809	0.00978	0.01174	0.00930	0.01252	0.00974	0.00745	0.27337	0.01704	0.34895	0.11364	0.02018	0.01654	0.09863	0.00763	0.00196	0.00462	0.00576	0.00548	0.00760
71	0.00849	0.00561	0.00667	0.00620	0.00795	0.00491	0.00472	0.01033	0.01320	0.10445	0.35782	0.05313	0.37498	0.01123	0.00596	0.00167	0.00273	0.00959	0.00532	0.00504
72	0.01162	0.00970	0.01117	0.00806	0.01257	0.00784	0.00649	0.09657	0.01213	0.01844	0.00947	0.01083	0.00772	0.00406	0.00395	0.00085	0.00400	0.00321	0.00327	0.75805
73	0.01318	0.01539	0.10410	0.02491	0.52089	0.14480	0.01439	0.01611	0.01182	0.01561	0.00966	0.01285	0.00819	0.03273	0.03216	0.00184	0.00701	0.00440	0.00254	0.00742

[dist]
# distance from previous block
# <min> <max>
0	5

[block]
# block no. 3 follows, 48 sequences, length 12
# corresponding to MSA columns:
# 691-702
name=unknown_D
#
# <colnr> <probs for GDERKNQSTAVLIFYWHMCP>
#	G	D	E	R	K	N	Q	S	T	A	V	L	I	F	Y	W	H	M	C	P
0	0.00796	0.00623	0.00690	0.00636	0.00818	0.00579	0.00487	0.09246	0.01404	0.01822	0.30020	0.04148	0.44573	0.01138	0.00596	0.00167	0.00287	0.00961	0.00511	0.00499
1	0.01100	0.00958	0.01182	0.01041	0.09789	0.00780	0.00727	0.01411	0.05794	0.01702	0.00990	0.01139	0.00815	0.00408	0.00403	0.00090	0.00407	0.00338	0.00312	0.70613
2	0.00741	0.00517	0.00657	0.00657	0.00690	0.00550	0.00432	0.00809	0.00775	0.01067	0.01528	0.02866	0.01652	0.53337	0.30950	0.00617	0.00819	0.00674	0.00298	0.00365
3	0.01127	0.01136	0.01647	0.01390	0.01417	0.01557	0.05071	0.01256	0.00808	0.01256	0.00693	0.01136	0.00679	0.00874	0.01628	0.00222	0.76852	0.00457	0.00226	0.00568
4	0.00651	0.00507	0.00599	0.00661	0.00775	0.00455	0.00496	0.00786	0.01107	0.01386	0.03945	0.31683	0.39360	0.01427	0.00641	0.00196	0.00310	0.14106	0.00476	0.00434
5	0.04841	0.00973	0.01211	0.01185	0.07608	0.01106	0.00853	0.24212	0.01390	0.01955	0.01661	0.30716	0.01739	0.01018	0.00793	0.00188	0.16700	0.00817	0.00412	0.00624
6	0.00746	0.00497	0.00560	0.00560	0.00560	0.00497	0.00311	0.00746	0.00746	0.00995	0.01617	0.03358	0.01865	0.81967	0.02612	0.00497	0.00497	0.00746	0.00311	0.00311
7	0.01186	0.01041	0.01056	0.00953	0.01203	0.05905	0.00736	0.04882	0.49864	0.02073	0.18800	0.02401	0.06116	0.00791	0.00541	0.00168	0.00401	0.00662	0.00513	0.00710
8	0.01237	0.01267	0.02417	0.10141	0.36602	0.01257	0.33720	0.03942	0.01212	0.01676	0.01000	0.01327	0.00788	0.00457	0.00550	0.00163	0.00724	0.00521	0.00262	0.00740
9	0.76289	0.09971	0.00968	0.00697	0.01028	0.01248	0.00591	0.01511	0.00892	0.02181	0.00714	0.00832	0.00567	0.00472	0.00319	0.00153	0.00414	0.00277	0.00307	0.00567
10	0.01099	0.01946	0.45649	0.01292	0.05147	0.01058	0.01406	0.04717	0.04299	0.01730	0.00981	0.01126	0.00738	0.00467	0.00458	0.00136	0.00614	0.00371	0.00270	0.26496
11	0.52930	0.01151	0.01133	0.00931	0.01281	0.07650	0.09028	0.01651	0.05907	0.04191	0.00901	0.01020	0.00694	0.00484	0.00386	0.00151	0.00492	0.00347	0.00327	0.09345

[dist]
# distance from previous block
# <min> <max>
0	11

[block]
# block no. 4 follows, 48 sequences, length 131
# corresponding to MSA columns:
# 714-844
name=unknown_E
#
# <colnr> <probs for GDERKNQSTAVLIFYWHMCP>
#	G	D	E	R	K	N	Q	S	T	A	V	L	I	F	Y	W	H	M	C	P
0	0.01159	0.45505	0.08007	0.01116	0.08839	0.01493	0.00941	0.01366	0.00993	0.01270	0.00951	0.01291	0.00878	0.05615	0.18280	0.00299	0.00753	0.00387	0.00240	0.00618
1	0.00617	0.00480	0.00561	0.00627	0.00721	0.00424	0.00437	0.00724	0.01067	0.01344	0.03897	0.47025	0.37311	0.01469	0.00633	0.00193	0.00281	0.01289	0.00476	0.00424
2	0.00625	0.00521	0.00545	0.00539	0.00704	0.00441	0.00404	0.00772	0.01213	0.01489	0.16453	0.04768	0.67239	0.01261	0.00606	0.00171	0.00257	0.01059	0.00490	0.00441
3	0.01719	0.31771	0.01918	0.01144	0.01487	0.43535	0.00948	0.09204	0.01396	0.01432	0.00807	0.00918	0.00681	0.00504	0.00418	0.00126	0.00751	0.00323	0.00272	0.00645
4	0.00726	0.00537	0.00781	0.00790	0.00868	0.00610	0.00596	0.00884	0.00829	0.01181	0.01510	0.08288	0.01503	0.11324	0.66249	0.00745	0.01205	0.00639	0.00294	0.00441
5	0.01229	0.01285	0.04826	0.23972	0.49510	0.07266	0.01501	0.01542	0.01149	0.01543	0.00936	0.01263	0.00760	0.00479	0.00505	0.00156	0.00660	0.00444	0.00246	0.00728
6	0.00746	0.00497	0.00560	0.00560	0.00560	0.00497	0.00311	0.00746	0.00746	0.00995	0.01617	0.03358	0.01865	0.81967	0.02612	0.00497	0.00497	0.00746	0.00311	0.00311
7	0.01670	0.07556	0.01496	0.01110	0.01480	0.01515	0.00911	0.45279	0.28642	0.02698	0.01491	0.01439	0.01098	0.00630	0.00502	0.00158	0.00508	0.00489	0.00494	0.00835
8	0.01338	0.01133	0.01195	0.01057	0.01358	0.01305	0.00827	0.09486	0.70981	0.02245	0.02011	0.01852	0.01503	0.00689	0.00521	0.00172	0.00420	0.00569	0.00521	0.00818
9	0.01068	0.01033	0.01485	0.01398	0.07246	0.01387	0.01076	0.01207	0.00822	0.01261	0.00815	0.01285	0.00787	0.01364	0.14849	0.00321	0.61332	0.00467	0.00235	0.00563
10	0.01372	0.82276	0.02689	0.00878	0.01317	0.02030	0.00878	0.01536	0.01043	0.01207	0.00713	0.00823	0.00658	0.00439	0.00329	0.00110	0.00549	0.00274	0.00219	0.00658
11	0.00645	0.00521	0.00573	0.00560	0.00717	0.00449	0.00420	0.00811	0.01260	0.01601	0.28663	0.04584	0.54959	0.01219	0.00606	0.00169	0.00254	0.01033	0.00505	0.00449
12	0.00827	0.00543	0.00700	0.00661	0.00799	0.00494	0.00495	0.01040	0.01381	0.07865	0.58293	0.11393	0.11360	0.01095	0.00603	0.00167	0.00264	0.00963	0.00553	0.00503
13	0.01033	0.00552	0.00560	0.00532	0.00674	0.00564	0.00406	0.07047	0.01179	0.02015	0.01640	0.01860	0.01281	0.00599	0.00371	0.00122	0.00264	0.00477	0.78313	0.00509
14	0.00668	0.00465	0.00583	0.00660	0.00679	0.00445	0.00418	0.00726	0.00899	0.01198	0.02398	0.53862	0.02851	0.30118	0.01349	0.00311	0.00369	0.01206	0.00418	0.00379
15	0.07522	0.00561	0.00604	0.00585	0.00751	0.00512	0.00445	0.00888	0.01247	0.01704	0.31115	0.04225	0.44371	0.01145	0.00585	0.00169	0.00269	0.02344	0.00495	0.00462
16	0.07191	0.00553	0.00582	0.00573	0.00737	0.00500	0.00430	0.00850	0.01204	0.01614	0.22314	0.08636	0.50652	0.01193	0.00587	0.00171	0.00268	0.01005	0.00485	0.00454
17	0.01972	0.01206	0.01361	0.01052	0.01436	0.01273	0.00866	0.50470	0.02047	0.24237	0.01486	0.01428	0.01017	0.00620	0.00502	0.00153	0.00504	0.00478	0.07050	0.00842
18	0.01442	0.01011	0.01140	0.00984	0.01251	0.01085	0.00767	0.32487	0.15590	0.09502	0.01965	0.26787	0.01832	0.00945	0.00560	0.00175	0.00440	0.00803	0.00515	0.00718
19	0.14703	0.00721	0.00805	0.00714	0.00946	0.00709	0.00560	0.01468	0.08785	0.16394	0.29690	0.02991	0.17748	0.00894	0.00534	0.00164	0.00323	0.00743	0.00517	0.00590
20	0.00615	0.00520	0.00531	0.00529	0.00698	0.00437	0.00396	0.00753	0.01189	0.01433	0.10314	0.04861	0.73413	0.01282	0.00606	0.00172	0.00259	0.01072	0.00483	0.00437
21	0.65515	0.01099	0.00943	0.00796	0.01136	0.01257	0.00656	0.19643	0.01243	0.02526	0.00839	0.00929	0.00632	0.00510	0.00365	0.00158	0.00437	0.00322	0.00365	0.00632
22	0.00724	0.00524	0.00682	0.00643	0.00765	0.00483	0.00482	0.00963	0.01446	0.02043	0.76914	0.03857	0.06432	0.01054	0.00605	0.00162	0.00242	0.00931	0.00563	0.00483
23	0.00891	0.00446	0.00668	0.00668	0.00668	0.00446	0.00446	0.00668	0.00668	0.00891	0.00891	0.01560	0.00891	0.01783	0.02005	0.85071	0.00446	0.00446	0.00223	0.00223
24	0.00733	0.00550	0.00825	0.00825	0.00916	0.00641	0.00641	0.00916	0.00825	0.01191	0.01374	0.02016	0.01283	0.03848	0.79934	0.00825	0.01374	0.00550	0.00275	0.00458
25	0.00624	0.00452	0.00590	0.00699	0.00740	0.00418	0.00470	0.00716	0.00997	0.01316	0.03011	0.75717	0.09191	0.01584	0.00651	0.00206	0.00295	0.01430	0.00476	0.00418
26	0.00652	0.00480	0.00607	0.00670	0.00735	0.00452	0.00461	0.00763	0.01028	0.01361	0.10743	0.47302	0.15790	0.08988	0.07227	0.00274	0.00391	0.01203	0.00454	0.00420
27	0.01255	0.01262	0.02326	0.02895	0.59155	0.01239	0.20992	0.01592	0.01179	0.01668	0.00984	0.01299	0.00804	0.00451	0.00533	0.00158	0.00675	0.00495	0.00255	0.00782
28	0.01270	0.01219	0.02083	0.03149	0.78767	0.01219	0.01575	0.01575	0.01168	0.01676	0.00965	0.01270	0.00813	0.00457	0.00508	0.00152	0.00610	0.00457	0.00254	0.00813
29	0.01123	0.01123	0.01572	0.01347	0.01347	0.01572	0.01123	0.01235	0.00786	0.01235	0.00674	0.01123	0.00674	0.00898	0.01684	0.00225	0.81028	0.00449	0.00225	0.00561
30	0.00891	0.00446	0.00668	0.00668	0.00668	0.00446	0.00446	0.00668	0.00668	0.00891	0.00891	0.01560	0.00891	0.01783	0.02005	0.85071	0.00446	0.00446	0.00223	0.00223
31	0.00607	0.00518	0.00522	0.00525	0.00694	0.00433	0.00392	0.00736	0.01165	0.01384	0.05140	0.06817	0.76717	0.01307	0.00608	0.00174	0.00261	0.01092	0.00476	0.00433
32	0.02302	0.00873	0.01191	0.00913	0.01310	0.00754	0.00754	0.02501	0.01469	0.79122	0.02024	0.01746	0.01270	0.00635	0.00516	0.00159	0.00437	0.00516	0.00635	0.00873
33	0.01853	0.02325	0.01516	0.01501	0.09143	0.72203	0.01049	0.02002	0.01426	0.01297	0.00810	0.00959	0.00676	0.00522	0.00467	0.00134	0.00894	0.00343	0.00263	0.00616
34	0.01917	0.02445	0.01454	0.01322	0.01586	0.79907	0.00991	0.02049	0.01454	0.01256	0.00793	0.00925	0.00661	0.00529	0.00463	0.00132	0.00925	0.00330	0.00264	0.00595
35	0.00672	0.00480	0.00646	0.00750	0.00804	0.00455	0.00541	0.00803	0.01065	0.01424	0.10216	0.60205	0.03455	0.01518	0.00660	0.00209	0.00324	0.14855	0.00484	0.00434
36	0.00713	0.00483	0.00570	0.00603	0.00611	0.00475	0.00357	0.00737	0.00812	0.01082	0.01953	0.25091	0.02290	0.59656	0.02068	0.00417	0.00442	0.00944	0.00357	0.00340
37	0.85592	0.00992	0.00754	0.00675	0.00992	0.01151	0.00556	0.01508	0.00873	0.02302	0.00714	0.00834	0.00556	0.00476	0.00318	0.00159	0.00397	0.00278	0.00318	0.00556
38	0.00637	0.00459	0.00590	0.00685	0.00727	0.00427	0.00457	0.00728	0.00996	0.01320	0.05796	0.66772	0.09076	0.07761	0.00800	0.00226	0.00308	0.01355	0.00467	0.00412
39	0.02242	0.00970	0.01251	0.00959	0.01358	0.00898	0.00792	0.15269	0.01630	0.66125	0.01889	0.01658	0.01202	0.00632	0.00516	0.00158	0.00459	0.00507	0.00614	0.00873
40	0.00746	0.00497	0.00560	0.00560	0.00560	0.00497	0.00311	0.00746	0.00746	0.00995	0.01617	0.03358	0.01865	0.81967	0.02612	0.00497	0.00497	0.00746	0.00311	0.00311
41	0.02202	0.00896	0.01188	0.00926	0.01312	0.00805	0.00760	0.02523	0.08946	0.71586	0.02031	0.01763	0.01299	0.00641	0.00517	0.00160	0.00434	0.00522	0.00624	0.00867
42	0.00693	0.00529	0.00640	0.00630	0.00769	0.00476	0.00484	0.00894	0.01324	0.01765	0.44697	0.04422	0.31187	0.01175	0.00616	0.00173	0.00271	0.08267	0.00524	0.00465
43	0.01867	0.02351	0.01503	0.01463	0.07539	0.73838	0.01036	0.02012	0.01432	0.01288	0.00806	0.00952	0.00673	0.00523	0.00466	0.00134	0.00901	0.00340	0.00264	0.00612
44	0.69452	0.00969	0.00839	0.00721	0.01054	0.01074	0.00594	0.01701	0.00989	0.17188	0.00968	0.01010	0.00694	0.00507	0.00356	0.00159	0.00405	0.00324	0.00379	0.00617
45	0.00717	0.00524	0.00673	0.00636	0.00761	0.00480	0.00477	0.00950	0.01431	0.02006	0.72842	0.03918	0.10527	0.01068	0.00605	0.00162	0.00243	0.00940	0.00558	0.00480
46	0.01029	0.02654	0.79309	0.01462	0.02221	0.01192	0.01896	0.01625	0.01083	0.01625	0.00921	0.01083	0.00650	0.00487	0.00487	0.00162	0.00758	0.00379	0.00217	0.00758
47	0.00714	0.00520	0.00700	0.00798	0.00882	0.00506	0.00623	0.00874	0.01070	0.01400	0.02903	0.37092	0.10411	0.01673	0.06787	0.00264	0.00448	0.31432	0.00459	0.00444
48	0.00624	0.00452	0.00590	0.00699	0.00740	0.00418	0.00470	0.00716	0.00997	0.01316	0.03011	0.75717	0.09191	0.01584	0.00651	0.00206	0.00295	0.01430	0.00476	0.00418
49	0.01146	0.01169	0.01489	0.01294	0.01323	0.07523	0.01065	0.01266	0.00841	0.01232	0.00751	0.01195	0.00732	0.01158	0.09251	0.00276	0.67051	0.00450	0.00233	0.00554
50	0.00625	0.00447	0.00595	0.00714	0.00744	0.00417	0.00476	0.00714	0.00982	0.01310	0.02828	0.81633	0.03394	0.01608	0.00655	0.00208	0.00298	0.01459	0.00476	0.00417
51	0.01917	0.02445	0.01454	0.01322	0.01586	0.79907	0.00991	0.02049	0.01454	0.01256	0.00793	0.00925	0.00661	0.00529	0.00463	0.00132	0.00925	0.00330	0.00264	0.00595
52	0.01917	0.02445	0.01454	0.01322	0.01586	0.79907	0.00991	0.02049	0.01454	0.01256	0.00793	0.00925	0.00661	0.00529	0.00463	0.00132	0.00925	0.00330	0.00264	0.00595
53	0.00667	0.00514	0.00556	0.00550	0.00663	0.00460	0.00379	0.00773	0.01080	0.01363	0.14724	0.04292	0.44307	0.26049	0.01222	0.00271	0.00330	0.00957	0.00438	0.00403
54	0.01099	0.00608	0.00799	0.00704	0.00893	0.00546	0.00544	0.01325	0.01443	0.20524	0.56608	0.03385	0.07536	0.00962	0.00584	0.00161	0.00290	0.00837	0.00577	0.00575
55	0.01263	0.01091	0.01147	0.01034	0.01322	0.01259	0.00804	0.02687	0.76315	0.02131	0.02150	0.01974	0.03097	0.00708	0.00524	0.00174	0.00403	0.00590	0.00521	0.00805
56	0.85592	0.00992	0.00754	0.00675	0.00992	0.01151	0.00556	0.01508	0.00873	0.02302	0.00714	0.00834	0.00556	0.00476	0.00318	0.00159	0.00397	0.00278	0.00318	0.00556
57	0.00873	0.00491	0.00546	0.00539	0.00655	0.00478	0.00402	0.01107	0.01188	0.01934	0.25322	0.05537	0.02478	0.00775	0.00446	0.00136	0.00242	0.00654	0.55719	0.00478
58	0.00606	0.00520	0.00520	0.00520	0.00693	0.00433	0.00390	0.00736	0.01170	0.01386	0.05198	0.04938	0.78558	0.01299	0.00606	0.00173	0.00260	0.01083	0.00476	0.00433
59	0.00625	0.00447	0.00595	0.00714	0.00744	0.00417	0.00476	0.00714	0.00982	0.01310	0.02828	0.81633	0.03394	0.01608	0.00655	0.00208	0.00298	0.01459	0.00476	0.00417
60	0.00625	0.00447	0.00595	0.00714	0.00744	0.00417	0.00476	0.00714	0.00982	0.01310	0.02828	0.81633	0.03394	0.01608	0.00655	0.00208	0.00298	0.01459	0.00476	0.00417
61	0.07522	0.01084	0.01128	0.00909	0.01215	0.01186	0.00739	0.46240	0.01855	0.02724	0.01344	0.01433	0.00999	0.00600	0.00448	0.00143	0.00443	0.00454	0.28818	0.00718
62	0.85592	0.00992	0.00754	0.00675	0.00992	0.01151	0.00556	0.01508	0.00873	0.02302	0.00714	0.00834	0.00556	0.00476	0.00318	0.00159	0.00397	0.00278	0.00318	0.00556
63	0.00625	0.00447	0.00595	0.00714	0.00744	0.00417	0.00476	0.00714	0.00982	0.01310	0.02828	0.81633	0.03394	0.01608	0.00655	0.00208	0.00298	0.01459	0.00476	0.00417
64	0.00746	0.00497	0.00560	0.00560	0.00560	0.00497	0.00311	0.00746	0.00746	0.00995	0.01617	0.03358	0.01865	0.81967	0.02612	0.00497	0.00497	0.00746	0.00311	0.00311
65	0.00734	0.00509	0.00608	0.00592	0.00646	0.00490	0.00382	0.00834	0.01039	0.01428	0.32194	0.03596	0.05478	0.47343	0.01753	0.00354	0.00389	0.00829	0.00417	0.00383
66	0.00733	0.00550	0.00825	0.00825	0.00916	0.00641	0.00641	0.00916	0.00825	0.01191	0.01374	0.02016	0.01283	0.03848	0.79934	0.00825	0.01374	0.00550	0.00275	0.00458
67	0.01372	0.82276	0.02689	0.00878	0.01317	0.02030	0.00878	0.01536	0.01043	0.01207	0.00713	0.00823	0.00658	0.00439	0.00329	0.00110	0.00549	0.00274	0.00219	0.00658
68	0.00611	0.00520	0.00526	0.00525	0.00696	0.00435	0.00393	0.00745	0.01180	0.01412	0.07988	0.04896	0.75753	0.01290	0.00606	0.00173	0.00259	0.01077	0.00480	0.00435
69	0.00746	0.00497	0.00560	0.00560	0.00560	0.00497	0.00311	0.00746	0.00746	0.00995	0.01617	0.03358	0.01865	0.81967	0.02612	0.00497	0.00497	0.00746	0.00311	0.00311
70	0.00891	0.00446	0.00668	0.00668	0.00668	0.00446	0.00446	0.00668	0.00668	0.00891	0.00891	0.01560	0.00891	0.01783	0.02005	0.85071	0.00446	0.00446	0.00223	0.00223
71	0.00714	0.00524	0.00670	0.00633	0.00759	0.00479	0.00475	0.00946	0.01425	0.01992	0.71320	0.03941	0.12059	0.01074	0.00605	0.00163	0.00244	0.00943	0.00556	0.00479
72	0.00734	0.00492	0.00563	0.00575	0.00578	0.00490	0.00327	0.00743	0.00769	0.01026	0.01735	0.11021	0.02015	0.74100	0.02420	0.00469	0.00478	0.00816	0.00327	0.00321
73	0.85592	0.00992	0.00754	0.00675	0.00992	0.01151	0.00556	0.01508	0.00873	0.02302	0.00714	0.00834	0.00556	0.00476	0.00318	0.00159	0.00397	0.00278	0.00318	0.00556
74	0.01342	0.01135	0.01197	0.01058	0.01359	0.01307	0.00828	0.10004	0.70455	0.02253	0.02005	0.01848	0.01498	0.00688	0.00521	0.00172	0.00422	0.00569	0.00521	0.00818
75	0.01850	0.08552	0.01538	0.01277	0.01556	0.70908	0.00976	0.02035	0.04330	0.01286	0.00836	0.00955	0.00695	0.00528	0.00455	0.00132	0.00877	0.00336	0.00271	0.00608
76	0.00726	0.00524	0.00686	0.00646	0.00767	0.00484	0.00484	0.00968	0.01452	0.02058	0.78496	0.03833	0.04841	0.01049	0.00605	0.00161	0.00242	0.00928	0.00565	0.00484
77	0.00805	0.00584	0.00797	0.00903	0.01027	0.00575	0.00784	0.01031	0.01180	0.01521	0.02960	0.05705	0.10355	0.01406	0.00699	0.00230	0.00452	0.68045	0.00473	0.00469
78	0.00724	0.00524	0.00682	0.00643	0.00765	0.00483	0.00482	0.00963	0.01446	0.02043	0.76927	0.03856	0.06419	0.01054	0.00605	0.00162	0.00242	0.00931	0.00563	0.00483
79	0.01342	0.01135	0.01197	0.01058	0.01359	0.01307	0.00828	0.10004	0.70455	0.02253	0.02005	0.01848	0.01498	0.00688	0.00521	0.00172	0.00422	0.00569	0.00521	0.00818
80	0.00714	0.00524	0.00670	0.00633	0.00759	0.00479	0.00475	0.00946	0.01425	0.01992	0.71320	0.03941	0.12059	0.01074	0.00605	0.00163	0.00244	0.00943	0.00556	0.00479
81	0.02302	0.00873	0.01191	0.00913	0.01310	0.00754	0.00754	0.02501	0.01469	0.79122	0.02024	0.01746	0.01270	0.00635	0.00516	0.00159	0.00437	0.00516	0.00635	0.00873
82	0.01254	0.01202	0.02053	0.07361	0.74683	0.01215	0.01567	0.01560	0.01161	0.01656	0.00962	0.01275	0.00806	0.00460	0.00508	0.00153	0.00614	0.00457	0.00253	0.00800
83	0.01949	0.01476	0.01537	0.01186	0.01591	0.04572	0.00976	0.74201	0.02376	0.03158	0.01215	0.01220	0.00865	0.00613	0.00511	0.00153	0.00578	0.00457	0.00504	0.00862
84	0.00746	0.00497	0.00560	0.00560	0.00560	0.00497	0.00311	0.00746	0.00746	0.00995	0.01617	0.03358	0.01865	0.81967	0.02612	0.00497	0.00497	0.00746	0.00311	0.00311
85	0.01069	0.11826	0.70483	0.01395	0.02117	0.01288	0.01779	0.01615	0.01079	0.01577	0.00897	0.01053	0.00651	0.00482	0.00469	0.00156	0.00734	0.00367	0.00217	0.00747
86	0.02202	0.00896	0.01188	0.00926	0.01312	0.00805	0.00760	0.02523	0.08946	0.71586	0.02031	0.01763	0.01299	0.00641	0.00517	0.00160	0.00434	0.00522	0.00624	0.00867
87	0.01064	0.00912	0.01064	0.00760	0.01216	0.00684	0.00608	0.01292	0.01064	0.01672	0.00912	0.01064	0.00760	0.00380	0.00380	0.00076	0.00380	0.00304	0.00304	0.85104
88	0.00606	0.00520	0.00520	0.00520	0.00693	0.00433	0.00390	0.00736	0.01170	0.01386	0.05198	0.04938	0.78558	0.01299	0.00606	0.00173	0.00260	0.01083	0.00476	0.00433
89	0.01227	0.01158	0.01960	0.02934	0.71159	0.01158	0.01501	0.01525	0.01170	0.01663	0.01137	0.01712	0.01022	0.00551	0.00528	0.00161	0.00596	0.07786	0.00275	0.00779
90	0.00622	0.00459	0.00582	0.00681	0.00735	0.00420	0.00461	0.00718	0.01014	0.01323	0.03234	0.68498	0.16267	0.01555	0.00647	0.00202	0.00291	0.01394	0.00476	0.00420
91	0.00717	0.00524	0.00673	0.00636	0.00761	0.00480	0.00477	0.00950	0.01431	0.02006	0.72842	0.03918	0.10527	0.01068	0.00605	0.00162	0.00243	0.00940	0.00558	0.00480
92	0.00746	0.00497	0.00560	0.00560	0.00560	0.00497	0.00311	0.00746	0.00746	0.00995	0.01617	0.03358	0.01865	0.81967	0.02612	0.00497	0.00497	0.00746	0.00311	0.00311
93	0.01064	0.00912	0.01064	0.00760	0.01216	0.00684	0.00608	0.01292	0.01064	0.01672	0.00912	0.01064	0.00760	0.00380	0.00380	0.00076	0.00380	0.00304	0.00304	0.85104
94	0.01211	0.01384	0.03028	0.02163	0.02682	0.01298	0.76903	0.01644	0.01211	0.01644	0.01038	0.01384	0.00779	0.00433	0.00606	0.00173	0.00865	0.00606	0.00260	0.00692
95	0.01372	0.82276	0.02689	0.00878	0.01317	0.02030	0.00878	0.01536	0.01043	0.01207	0.00713	0.00823	0.00658	0.00439	0.00329	0.00110	0.00549	0.00274	0.00219	0.00658
96	0.00664	0.00455	0.00596	0.00684	0.00718	0.00427	0.00454	0.00713	0.00941	0.01243	0.02676	0.61024	0.08207	0.07805	0.00958	0.10026	0.00328	0.01261	0.00434	0.00387
