[name]
unknown

[dist]
# distance from previous block
# <min> <max>
0	608

[block]
# block no. 0 follows, 47 sequences, length 14
# corresponding to MSA columns:
# 608-621
name=unknown_A
#
# <colnr> <probs for GDERKNQSTAVLIFYWHMCP>
#	G	D	E	R	K	N	Q	S	T	A	V	L	I	F	Y	W	H	M	C	P
0	0.00824	0.00593	0.00839	0.00939	0.01054	0.00608	0.00808	0.01054	0.01139	0.01501	0.02534	0.05246	0.02719	0.01843	0.13666	0.00338	0.00630	0.62741	0.00447	0.00477
1	0.01063	0.09062	0.06104	0.00888	0.01154	0.01008	0.00754	0.05507	0.25673	0.02063	0.37344	0.02651	0.02953	0.00830	0.00547	0.00162	0.00380	0.00703	0.00499	0.00653
2	0.03719	0.01563	0.08083	0.01279	0.01687	0.18826	0.11168	0.10952	0.09786	0.25500	0.01426	0.01415	0.00998	0.00581	0.00517	0.00158	0.00652	0.00477	0.00438	0.00774
3	0.01341	0.00882	0.01089	0.00881	0.01164	0.00867	0.00713	0.07785	0.01299	0.20180	0.07795	0.02318	0.17781	0.00804	0.00713	0.00156	0.13562	0.00613	0.00451	0.19605
4	0.01214	0.01161	0.01979	0.22017	0.60210	0.01218	0.01561	0.01533	0.01151	0.01611	0.00966	0.01313	0.00793	0.00478	0.00517	0.00159	0.00637	0.00464	0.00251	0.00765
5	0.00744	0.00558	0.00837	0.00837	0.00930	0.00651	0.00651	0.00930	0.00837	0.01209	0.01395	0.02046	0.01302	0.03906	0.79635	0.00837	0.01395	0.00558	0.00279	0.00465
6	0.01404	0.02070	0.49067	0.01512	0.08432	0.01139	0.03824	0.05852	0.01268	0.18669	0.01204	0.01280	0.00828	0.00530	0.00508	0.00163	0.00678	0.00433	0.00334	0.00804
7	0.00905	0.00828	0.01346	0.62981	0.02963	0.00998	0.01228	0.01200	0.01048	0.01337	0.01553	0.12479	0.07579	0.00738	0.00548	0.00179	0.00605	0.00654	0.00287	0.00546
8	0.00663	0.00480	0.00627	0.00695	0.00759	0.00443	0.00481	0.00800	0.01144	0.01551	0.24649	0.55339	0.07528	0.01453	0.00648	0.00196	0.00284	0.01307	0.00509	0.00443
9	0.01671	0.01702	0.01799	0.04411	0.19430	0.27455	0.09362	0.22090	0.01622	0.01977	0.01018	0.01193	0.00794	0.00534	0.00509	0.00150	0.00735	0.00439	0.02370	0.00738
10	0.09418	0.01439	0.01660	0.01310	0.01694	0.10350	0.14429	0.30474	0.17594	0.04400	0.01318	0.01363	0.00971	0.00586	0.00515	0.00162	0.00617	0.00489	0.00433	0.00778
11	0.21093	0.01310	0.01376	0.01148	0.01476	0.11900	0.10416	0.11530	0.23270	0.03958	0.01415	0.06467	0.01145	0.00645	0.00491	0.00166	0.00555	0.00526	0.00411	0.00702
12	0.09620	0.11826	0.17042	0.01121	0.01554	0.04199	0.07349	0.10279	0.10497	0.06943	0.03101	0.01792	0.11206	0.00654	0.00493	0.00159	0.00558	0.00526	0.00377	0.00703
13	0.09879	0.22362	0.06557	0.01160	0.08793	0.01271	0.03749	0.01726	0.13223	0.08540	0.12480	0.01811	0.05108	0.00643	0.00472	0.00152	0.00481	0.00521	0.00386	0.00688

[dist]
# distance from previous block
# <min> <max>
3	35

[block]
# block no. 1 follows, 47 sequences, length 7
# corresponding to MSA columns:
# 657-663
name=unknown_B
#
# <colnr> <probs for GDERKNQSTAVLIFYWHMCP>
#	G	D	E	R	K	N	Q	S	T	A	V	L	I	F	Y	W	H	M	C	P
0	0.06414	0.25697	0.21474	0.01108	0.01540	0.10539	0.04810	0.01523	0.01129	0.01510	0.03635	0.01488	0.07913	0.00599	0.00505	0.00147	0.04386	0.00443	0.04497	0.00642
1	0.01066	0.15454	0.60089	0.01309	0.01976	0.01285	0.01630	0.01560	0.01100	0.01560	0.01258	0.01379	0.07057	0.00555	0.00479	0.00157	0.00693	0.00426	0.00242	0.00726
2	0.01045	0.02694	0.79000	0.01484	0.02254	0.01209	0.01924	0.01649	0.01099	0.01649	0.00935	0.01099	0.00660	0.00495	0.00495	0.00165	0.00770	0.00385	0.00220	0.00770
3	0.00713	0.00888	0.14042	0.00745	0.00991	0.00578	0.00688	0.00939	0.01190	0.01552	0.16502	0.16452	0.40434	0.01185	0.00602	0.00178	0.00354	0.01011	0.00453	0.00502
4	0.01117	0.25895	0.48938	0.01229	0.01841	0.01391	0.01481	0.01558	0.01123	0.01566	0.08321	0.01291	0.01072	0.00535	0.00459	0.00149	0.00656	0.00407	0.00255	0.00713
5	0.00692	0.05727	0.00743	0.00707	0.00790	0.00538	0.00501	0.00809	0.01072	0.01412	0.10997	0.59743	0.11443	0.01461	0.00633	0.00196	0.00308	0.01305	0.00476	0.00448
6	0.09985	0.10036	0.12571	0.04255	0.01507	0.08286	0.00998	0.18456	0.01401	0.04770	0.01389	0.14277	0.01300	0.00777	0.00553	0.00168	0.03746	0.04484	0.00376	0.00667

[dist]
# distance from previous block
# <min> <max>
16	66

[block]
# block no. 2 follows, 47 sequences, length 223
# corresponding to MSA columns:
# 738-960
name=unknown_C
#
# <colnr> <probs for GDERKNQSTAVLIFYWHMCP>
#	G	D	E	R	K	N	Q	S	T	A	V	L	I	F	Y	W	H	M	C	P
0	0.04279	0.00991	0.01554	0.08778	0.06634	0.01022	0.15740	0.07327	0.04373	0.13852	0.01667	0.13080	0.03340	0.04584	0.00741	0.00195	0.05986	0.03361	0.00398	0.02097
1	0.01478	0.01130	0.03957	0.07086	0.11701	0.07829	0.08474	0.01775	0.03764	0.23430	0.07044	0.01933	0.07764	0.00756	0.03208	0.00179	0.00580	0.00564	0.00420	0.06927
2	0.11563	0.17763	0.21177	0.16045	0.13774	0.01401	0.02689	0.06912	0.01166	0.01715	0.00896	0.01114	0.00700	0.00492	0.00453	0.00153	0.00633	0.00387	0.00263	0.00704
3	0.01933	0.01712	0.01531	0.01345	0.05953	0.30225	0.02290	0.27597	0.01757	0.14853	0.01173	0.01221	0.00858	0.00597	0.00562	0.00153	0.04635	0.00430	0.00414	0.00760
4	0.07373	0.01026	0.01334	0.31051	0.02190	0.04759	0.02347	0.12550	0.02726	0.11782	0.01476	0.02233	0.01251	0.00729	0.00545	0.00180	0.00591	0.14817	0.00389	0.00651
5	0.00773	0.00575	0.00744	0.00743	0.00819	0.00565	0.03719	0.00925	0.04538	0.01274	0.02410	0.20983	0.09731	0.38318	0.01572	0.00344	0.00445	0.10711	0.00398	0.00413
6	0.01071	0.00744	0.00982	0.04421	0.04443	0.00761	0.00826	0.04084	0.10817	0.09171	0.02594	0.11841	0.07800	0.01171	0.00640	0.00207	0.00453	0.36904	0.00484	0.00587
7	0.01342	0.01555	0.02404	0.07665	0.04977	0.18668	0.45308	0.01676	0.01249	0.01529	0.01152	0.01440	0.04070	0.00525	0.00618	0.00168	0.04178	0.00550	0.00270	0.00659
8	0.01013	0.00812	0.01087	0.16973	0.01664	0.00902	0.00965	0.04725	0.17349	0.01717	0.02190	0.03943	0.02146	0.01064	0.00631	0.00210	0.00512	0.41064	0.00442	0.00590
9	0.01579	0.00742	0.00931	0.00761	0.01072	0.00631	0.00611	0.01758	0.01358	0.43612	0.06029	0.03021	0.29950	0.00898	0.00555	0.00163	0.00367	0.00743	0.00566	0.04653
10	0.04667	0.00549	0.00639	0.00642	0.00783	0.00505	0.00486	0.00902	0.01267	0.01726	0.33744	0.13148	0.30869	0.01223	0.00615	0.00179	0.00284	0.06792	0.00512	0.00467
11	0.37510	0.00767	0.00746	0.00695	0.00911	0.00828	0.00545	0.01363	0.04342	0.05645	0.17080	0.06190	0.01886	0.00823	0.00560	0.06202	0.00356	0.03184	0.09834	0.00532
12	0.01340	0.01129	0.01190	0.01050	0.01353	0.01291	0.00823	0.10947	0.65523	0.02266	0.02171	0.02010	0.05113	0.00726	0.00533	0.00174	0.00423	0.00599	0.00527	0.00813
13	0.09816	0.00541	0.00659	0.00721	0.00810	0.00526	0.00505	0.00921	0.01065	0.04849	0.11849	0.59799	0.03223	0.01396	0.00616	0.00198	0.00312	0.01245	0.00484	0.00466
14	0.01243	0.00664	0.00867	0.00794	0.00989	0.00614	0.00612	0.04929	0.01365	0.24337	0.24702	0.22639	0.05070	0.02565	0.00641	0.00187	0.00355	0.06269	0.00555	0.00603
15	0.00754	0.00601	0.00686	0.00722	0.00847	0.00592	0.00516	0.01112	0.15270	0.01506	0.03463	0.41216	0.26549	0.02819	0.00660	0.00199	0.00314	0.01182	0.00489	0.00501
16	0.00621	0.00528	0.00535	0.00533	0.00707	0.00442	0.00400	0.00757	0.01199	0.01435	0.08326	0.04965	0.75170	0.01308	0.00615	0.00175	0.00263	0.01092	0.00487	0.00442
17	0.00722	0.00490	0.00642	0.00714	0.00778	0.00456	0.00495	0.00841	0.01087	0.04180	0.14079	0.57964	0.06281	0.05377	0.00748	0.00216	0.00313	0.03675	0.00494	0.00447
18	0.00771	0.00477	0.00547	0.00600	0.00688	0.00452	0.00423	0.00932	0.01069	0.01602	0.03942	0.37638	0.12433	0.01163	0.00535	0.00169	0.00272	0.01015	0.34820	0.00452
19	0.00744	0.00558	0.00837	0.00837	0.00930	0.00651	0.00651	0.00930	0.00837	0.01209	0.01395	0.02046	0.01302	0.03906	0.79635	0.00837	0.01395	0.00558	0.00279	0.00465
20	0.00690	0.00477	0.00588	0.00654	0.00670	0.00460	0.00407	0.00740	0.00888	0.01184	0.02311	0.45872	0.02738	0.38081	0.01569	0.00345	0.00394	0.01151	0.00407	0.00374
21	0.01298	0.00923	0.01027	0.00897	0.01158	0.00977	0.00702	0.14159	0.27737	0.10644	0.11244	0.04636	0.13425	0.04519	0.00651	0.00186	0.00400	0.02575	0.02143	0.00697
22	0.00642	0.00458	0.00613	0.00734	0.00767	0.00429	0.00496	0.00738	0.01004	0.01338	0.02866	0.78626	0.03428	0.01625	0.00667	0.00213	0.00309	0.04139	0.00483	0.00425
23	0.01980	0.01459	0.01563	0.01198	0.01615	0.01615	0.00990	0.76713	0.02448	0.03282	0.01250	0.01250	0.00886	0.00625	0.00521	0.00156	0.00573	0.00469	0.00521	0.00886
24	0.00615	0.00528	0.00528	0.00528	0.00703	0.00440	0.00396	0.00747	0.01187	0.01407	0.05276	0.05012	0.78238	0.01319	0.00615	0.00176	0.00264	0.01099	0.00484	0.00440
25	0.48027	0.01054	0.00963	0.00826	0.01146	0.01189	0.00670	0.15796	0.10961	0.05647	0.01166	0.02725	0.00894	0.00576	0.00404	0.00160	0.00424	0.00403	0.06305	0.00663
26	0.00634	0.00453	0.00604	0.00725	0.00755	0.00423	0.00483	0.00725	0.00997	0.01329	0.02870	0.81358	0.03444	0.01632	0.00665	0.00211	0.00302	0.01480	0.00483	0.00423
27	0.01277	0.01103	0.01160	0.01046	0.01337	0.01272	0.00813	0.02713	0.75462	0.02158	0.02204	0.02025	0.03646	0.00723	0.00532	0.00177	0.00408	0.00602	0.00529	0.00814
28	0.00757	0.00505	0.00568	0.00568	0.00568	0.00505	0.00316	0.00757	0.00757	0.01010	0.01641	0.03408	0.01893	0.81698	0.02651	0.00505	0.00505	0.00757	0.00316	0.00316
29	0.00744	0.00558	0.00837	0.00837	0.00930	0.00651	0.00651	0.00930	0.00837	0.01209	0.01395	0.02046	0.01302	0.03906	0.79635	0.00837	0.01395	0.00558	0.00279	0.00465
30	0.01229	0.01405	0.03073	0.02195	0.02722	0.01317	0.76558	0.01668	0.01229	0.01668	0.01054	0.01405	0.00790	0.00439	0.00615	0.00176	0.00878	0.00615	0.00263	0.00702
31	0.01176	0.01108	0.01727	0.32053	0.07858	0.01248	0.14238	0.03330	0.28024	0.01750	0.01378	0.01577	0.01039	0.00570	0.00540	0.00173	0.00619	0.00534	0.00349	0.00709
32	0.01346	0.26793	0.01853	0.04149	0.10840	0.09187	0.03356	0.01478	0.01054	0.06699	0.00954	0.02876	0.00844	0.00828	0.02294	0.12882	0.11269	0.00422	0.00270	0.00606
33	0.00628	0.00479	0.00577	0.00656	0.00737	0.00429	0.00453	0.00733	0.01064	0.01357	0.03717	0.54488	0.29769	0.01521	0.00647	0.00199	0.00289	0.01346	0.00483	0.00429
34	0.01025	0.01075	0.00851	0.00865	0.01004	0.23557	0.00622	0.01163	0.02575	0.01347	0.02818	0.38523	0.20151	0.01222	0.00594	0.00180	0.00481	0.01040	0.00422	0.00487
35	0.01142	0.01156	0.02170	0.35478	0.24087	0.01227	0.24090	0.01506	0.01138	0.01535	0.00979	0.01366	0.00759	0.00480	0.00548	0.00169	0.00729	0.00509	0.00248	0.00684
36	0.13842	0.04959	0.22753	0.02966	0.12808	0.01288	0.14547	0.01575	0.01067	0.04461	0.00960	0.02634	0.00770	0.00565	0.00671	0.00173	0.12541	0.00453	0.00270	0.00696
37	0.00737	0.00522	0.00694	0.00759	0.00815	0.00530	0.00554	0.00856	0.00949	0.01274	0.02230	0.27384	0.02510	0.23571	0.16375	0.00417	0.00608	0.18400	0.00398	0.00415
38	0.01209	0.01146	0.01744	0.06919	0.40610	0.02991	0.05000	0.01495	0.01149	0.01665	0.00956	0.01217	0.00792	0.00440	0.00473	0.00129	0.00561	0.00413	0.00275	0.30816
39	0.00732	0.00498	0.00593	0.00618	0.00630	0.00498	0.00372	0.00762	0.00811	0.01087	0.01872	0.18990	0.02166	0.60390	0.07407	0.00468	0.00524	0.00889	0.00347	0.00347
40	0.01080	0.00926	0.01080	0.00771	0.01234	0.00694	0.00617	0.01311	0.01080	0.01697	0.00926	0.01080	0.00771	0.00386	0.00386	0.00077	0.00386	0.00309	0.00309	0.84882
41	0.00679	0.00478	0.00620	0.00717	0.00750	0.00457	0.00486	0.00766	0.00970	0.01289	0.02617	0.58522	0.03094	0.17398	0.01062	0.00272	0.00360	0.08606	0.00450	0.00407
42	0.01588	0.01027	0.01160	0.00968	0.01256	0.01095	0.00755	0.22476	0.23646	0.18684	0.01785	0.02095	0.01424	0.16971	0.00957	0.00235	0.00483	0.02142	0.00508	0.00745
43	0.00671	0.00530	0.00604	0.00586	0.00737	0.00463	0.00439	0.00855	0.01318	0.01717	0.38462	0.04501	0.44858	0.01203	0.00615	0.00170	0.00256	0.01027	0.00524	0.00463
44	0.00737	0.00532	0.00696	0.00655	0.00778	0.00491	0.00491	0.00983	0.01474	0.02088	0.78175	0.03890	0.04914	0.01065	0.00614	0.00164	0.00246	0.00942	0.00573	0.00491
45	0.01157	0.00822	0.00937	0.00863	0.01079	0.00855	0.00656	0.10728	0.22899	0.09531	0.07480	0.24980	0.13720	0.01068	0.00585	0.00182	0.00371	0.00920	0.00523	0.00645
46	0.00744	0.00558	0.00837	0.00837	0.00930	0.00651	0.00651	0.00930	0.00837	0.01209	0.01395	0.02046	0.01302	0.03906	0.79635	0.00837	0.01395	0.00558	0.00279	0.00465
47	0.01139	0.01139	0.01595	0.01367	0.01367	0.01595	0.01139	0.01253	0.00798	0.01253	0.00684	0.01139	0.00684	0.00911	0.01709	0.00228	0.80745	0.00456	0.00228	0.00570
48	0.00634	0.00453	0.00604	0.00725	0.00755	0.00423	0.00483	0.00725	0.00997	0.01329	0.02870	0.81358	0.03444	0.01632	0.00665	0.00211	0.00302	0.01480	0.00483	0.00423
49	0.00728	0.00523	0.00630	0.00610	0.00722	0.00482	0.00439	0.00911	0.01278	0.01770	0.46586	0.05799	0.18211	0.13209	0.00907	0.00216	0.00289	0.00931	0.05305	0.00453
50	0.00672	0.00503	0.00611	0.00636	0.00742	0.00451	0.00456	0.00812	0.01198	0.01578	0.27496	0.28144	0.28568	0.01355	0.00690	0.03726	0.00278	0.01140	0.00501	0.00442
51	0.01289	0.01237	0.02114	0.03196	0.78450	0.01237	0.01598	0.01598	0.01186	0.01701	0.00980	0.01289	0.00825	0.00464	0.00516	0.00155	0.00619	0.00464	0.00258	0.00825
52	0.00697	0.00480	0.00586	0.00645	0.00660	0.00465	0.00398	0.00742	0.00875	0.01166	0.02244	0.41635	0.02654	0.42433	0.01677	0.00361	0.00405	0.01112	0.00398	0.00368
53	0.00742	0.00516	0.00664	0.00707	0.00803	0.00479	0.00520	0.00906	0.01196	0.03484	0.26071	0.34507	0.11561	0.03365	0.00690	0.00201	0.00310	0.10302	0.02514	0.00463
54	0.00681	0.00493	0.00654	0.00766	0.00827	0.00465	0.00560	0.00809	0.01057	0.01388	0.03012	0.58415	0.08563	0.01565	0.00674	0.00216	0.00341	0.18595	0.00483	0.00437
55	0.02179	0.01139	0.01365	0.01047	0.01456	0.01141	0.00865	0.35313	0.01914	0.45438	0.01699	0.01542	0.01111	0.00636	0.00522	0.00159	0.00501	0.00499	0.00590	0.00886
56	0.03882	0.00942	0.01195	0.00944	0.01323	0.00887	0.00771	0.06023	0.12929	0.60371	0.01990	0.01758	0.01301	0.00649	0.00517	0.00162	0.00439	0.00525	0.02531	0.00861
57	0.00882	0.00576	0.00709	0.00716	0.00843	0.00541	0.00522	0.02921	0.03738	0.08607	0.15367	0.33961	0.16350	0.05846	0.00735	0.00206	0.00327	0.04266	0.02386	0.00502
58	0.00984	0.00589	0.00743	0.00677	0.00856	0.00524	0.00517	0.01189	0.01390	0.15311	0.44830	0.07414	0.20805	0.01075	0.00601	0.00168	0.00287	0.00930	0.00561	0.00545
59	0.00983	0.00926	0.01562	0.80447	0.03587	0.01157	0.01446	0.01331	0.01041	0.01331	0.00926	0.01388	0.00694	0.00521	0.00521	0.00174	0.00694	0.00463	0.00231	0.00579
60	0.05587	0.01062	0.03179	0.11581	0.06809	0.05690	0.00922	0.09986	0.05201	0.21447	0.03264	0.02210	0.07348	0.05940	0.00689	0.00191	0.01908	0.05856	0.00441	0.00689
61	0.00762	0.00556	0.00620	0.00598	0.00749	0.00497	0.00438	0.00932	0.02902	0.05145	0.19435	0.04334	0.45124	0.13293	0.00916	0.00223	0.00312	0.02217	0.00485	0.00462
62	0.00721	0.00532	0.00771	0.00802	0.00877	0.00590	0.00601	0.00877	0.00879	0.01236	0.01784	0.20981	0.01870	0.06570	0.56034	0.00662	0.01079	0.02352	0.00333	0.00449
63	0.01087	0.01036	0.01768	0.53865	0.28027	0.01186	0.02789	0.01424	0.01092	0.01457	0.00945	0.01356	0.00739	0.00501	0.00521	0.00167	0.00673	0.00466	0.00241	0.00661
64	0.00838	0.00521	0.00636	0.00682	0.00787	0.00501	0.00521	0.01022	0.01125	0.03543	0.08394	0.22424	0.08602	0.04947	0.00668	0.00197	0.00330	0.17802	0.25992	0.00468
65	0.01020	0.00683	0.00983	0.27276	0.01722	0.00742	0.00804	0.01259	0.01149	0.08737	0.16657	0.02286	0.04770	0.03828	0.04370	0.03872	0.00486	0.00607	0.18216	0.00535
66	0.01047	0.00811	0.00943	0.00887	0.01087	0.00874	0.00691	0.01826	0.36009	0.03855	0.27147	0.05050	0.02868	0.00984	0.00648	0.03724	0.00366	0.10020	0.00527	0.00638
67	0.63646	0.01037	0.01061	0.08720	0.13835	0.01178	0.00816	0.01523	0.00950	0.02137	0.00786	0.00970	0.00619	0.00484	0.00373	0.00161	0.00466	0.00329	0.00303	0.00608
68	0.01205	0.01152	0.01962	0.24411	0.57891	0.01215	0.01556	0.01525	0.01146	0.01600	0.00965	0.01316	0.00789	0.00480	0.00517	0.00160	0.00639	0.00464	0.00251	0.00757
69	0.01541	0.01228	0.01627	0.01332	0.06016	0.01246	0.12251	0.27015	0.16084	0.07480	0.01359	0.01408	0.01005	0.00557	0.00509	0.00147	0.00545	0.00485	0.00435	0.17732
70	0.00983	0.00915	0.01536	0.78542	0.03516	0.01141	0.01420	0.01328	0.01043	0.01345	0.00944	0.01402	0.00709	0.00523	0.00517	0.00172	0.00683	0.00463	0.02241	0.00576
71	0.00697	0.00531	0.00641	0.00613	0.00754	0.00474	0.00460	0.00906	0.01380	0.01865	0.54255	0.04258	0.28974	0.01148	0.00615	0.00168	0.00252	0.00993	0.00544	0.00474
72	0.01100	0.01121	0.02157	0.02081	0.22859	0.01096	0.34525	0.01406	0.01142	0.01577	0.01447	0.20310	0.01424	0.00751	0.00651	0.00181	0.04424	0.00771	0.00312	0.00663
73	0.00638	0.00461	0.00605	0.00712	0.00754	0.00427	0.00479	0.00738	0.01029	0.01369	0.06527	0.73980	0.07175	0.01590	0.00660	0.00208	0.00298	0.01436	0.00488	0.00427
74	0.01402	0.66558	0.05711	0.00932	0.01390	0.01892	0.00923	0.07472	0.01171	0.01439	0.00789	0.00897	0.00692	0.00457	0.00359	0.00115	0.00555	0.00300	0.00252	0.06695
75	0.00839	0.00468	0.00648	0.00657	0.00678	0.00459	0.00437	0.00730	0.00805	0.01087	0.06792	0.10032	0.04450	0.11636	0.01782	0.54747	0.00417	0.00652	0.02394	0.00290
76	0.01123	0.01014	0.01551	0.60718	0.03061	0.01257	0.01341	0.09891	0.04022	0.01575	0.00983	0.01369	0.00748	0.00578	0.00639	0.00177	0.08589	0.00467	0.00275	0.00621
77	0.01079	0.00901	0.01034	0.01010	0.04759	0.00987	0.00734	0.02027	0.45432	0.02071	0.25384	0.06610	0.04044	0.00863	0.00563	0.00173	0.00363	0.00745	0.00527	0.00695
78	0.05154	0.01170	0.01366	0.01051	0.01457	0.01195	0.00868	0.38734	0.01937	0.39162	0.01614	0.01484	0.01066	0.00629	0.00515	0.00159	0.00505	0.00488	0.00573	0.00874
79	0.00716	0.00496	0.00639	0.00661	0.00740	0.00461	0.00465	0.00843	0.01173	0.01611	0.34354	0.28782	0.10218	0.05123	0.00862	0.08607	0.00298	0.01062	0.02458	0.00430
80	0.01028	0.00999	0.01773	0.67210	0.06999	0.01180	0.10674	0.01385	0.01071	0.01389	0.00944	0.01386	0.00712	0.00508	0.00532	0.00173	0.00713	0.00481	0.00237	0.00605
81	0.01267	0.01215	0.02075	0.08638	0.73177	0.01232	0.01588	0.01579	0.01176	0.01675	0.00976	0.01296	0.00816	0.00468	0.00516	0.00156	0.00624	0.00464	0.00256	0.00808
82	0.00748	0.00558	0.00716	0.00781	0.00908	0.00526	0.00641	0.00947	0.01219	0.01579	0.14742	0.12060	0.22743	0.01369	0.00672	0.00209	0.00373	0.38247	0.00495	0.00466
83	0.03793	0.00777	0.01042	0.00869	0.01174	0.00686	0.00688	0.02047	0.01349	0.57068	0.02235	0.22291	0.01829	0.00896	0.00555	0.00174	0.00406	0.00765	0.00596	0.00759
84	0.01080	0.00926	0.01080	0.00771	0.01234	0.00694	0.00617	0.01311	0.01080	0.01697	0.00926	0.01080	0.00771	0.00386	0.00386	0.00077	0.00386	0.00309	0.00309	0.84882
85	0.01467	0.01080	0.01183	0.01038	0.01350	0.01208	0.00815	0.02729	0.64996	0.14792	0.02109	0.01915	0.01540	0.00696	0.00529	0.00174	0.00417	0.00578	0.00549	0.00834
86	0.72854	0.01075	0.00885	0.00762	0.01098	0.01235	0.00628	0.12820	0.01121	0.02478	0.00804	0.00907	0.00612	0.00505	0.00352	0.00160	0.00428	0.00310	0.00352	0.00612
87	0.00679	0.00501	0.00608	0.00636	0.00722	0.00459	0.00441	0.00811	0.01144	0.01522	0.25335	0.29493	0.20713	0.13417	0.00937	0.00233	0.00307	0.01127	0.00485	0.00431
88	0.02084	0.00853	0.01127	0.00884	0.01227	0.00762	0.00707	0.05374	0.01421	0.63967	0.01959	0.01996	0.01363	0.12815	0.00843	0.00213	0.00458	0.00556	0.00590	0.00801
89	0.14520	0.01364	0.01426	0.01108	0.01510	0.01508	0.00915	0.61938	0.02169	0.06690	0.01209	0.01214	0.00856	0.00605	0.00491	0.00157	0.00541	0.00443	0.00497	0.00837
90	0.54791	0.00963	0.00929	0.00774	0.01126	0.01020	0.00638	0.01902	0.01109	0.30504	0.01215	0.01187	0.00831	0.00543	0.00396	0.00161	0.00418	0.00371	0.00441	0.00683
91	0.00629	0.00525	0.00549	0.00550	0.00714	0.00444	0.00410	0.00772	0.01210	0.01477	0.12997	0.08161	0.67165	0.01305	0.00617	0.00176	0.00263	0.01099	0.00493	0.00444
92	0.01392	0.82012	0.02729	0.00891	0.01337	0.02061	0.00891	0.01559	0.01058	0.01225	0.00724	0.00835	0.00668	0.00446	0.00334	0.00111	0.00557	0.00278	0.00223	0.00668
93	0.00615	0.00528	0.00528	0.00528	0.00703	0.00440	0.00396	0.00747	0.01187	0.01407	0.05276	0.05012	0.78238	0.01319	0.00615	0.00176	0.00264	0.01099	0.00484	0.00440
94	0.68608	0.01098	0.00926	0.00788	0.01129	0.01258	0.00650	0.16647	0.01200	0.02527	0.00831	0.00927	0.00629	0.00512	0.00362	0.00160	0.00437	0.00320	0.00362	0.00629
95	0.00757	0.00505	0.00568	0.00568	0.00568	0.00505	0.00316	0.00757	0.00757	0.01010	0.01641	0.03408	0.01893	0.81698	0.02651	0.00505	0.00505	0.00757	0.00316	0.00316
96	0.01980	0.01459	0.01563	0.01198	0.01615	0.01615	0.00990	0.76713	0.02448	0.03282	0.01250	0.01250	0.00886	0.00625	0.00521	0.00156	0.00573	0.00469	0.00521	0.00886
97	0.01838	0.02320	0.01716	0.01470	0.01777	0.67851	0.12351	0.02018	0.01439	0.01334	0.00842	0.01009	0.00689	0.00522	0.00491	0.00140	0.00930	0.00377	0.00268	0.00619
98	0.00898	0.00457	0.00685	0.00685	0.00689	0.00461	0.00461	0.00689	0.00685	0.00918	0.00926	0.01603	0.00922	0.01899	0.05359	0.81251	0.00493	0.00457	0.00228	0.00236
99	0.81290	0.01015	0.00796	0.00703	0.01030	0.01169	0.00579	0.03379	0.00939	0.04261	0.00771	0.00879	0.00590	0.00491	0.00332	0.00161	0.00408	0.00293	0.00335	0.00580
100	0.00634	0.00453	0.00604	0.00725	0.00755	0.00423	0.00483	0.00725	0.00997	0.01329	0.02870	0.81358	0.03444	0.01632	0.00665	0.00211	0.00302	0.01480	0.00483	0.00423
101	0.07755	0.01888	0.43913	0.01215	0.01814	0.01039	0.01387	0.01975	0.01231	0.30776	0.01341	0.01334	0.00890	0.00550	0.00493	0.00163	0.00620	0.00430	0.00387	0.00798
102	0.00648	0.00459	0.00600	0.00708	0.00735	0.00432	0.00465	0.00729	0.00971	0.01295	0.02738	0.72991	0.03278	0.10226	0.00878	0.00243	0.00324	0.01403	0.00465	0.00411
103	0.00737	0.00532	0.00696	0.00655	0.00778	0.00491	0.00491	0.00983	0.01474	0.02088	0.78175	0.03890	0.04914	0.01065	0.00614	0.00164	0.00246	0.00942	0.00573	0.00491
104	0.01235	0.09848	0.04989	0.01392	0.14252	0.01105	0.07919	0.06939	0.04800	0.01779	0.01005	0.01172	0.00813	0.00447	0.00444	0.00117	0.00519	0.00387	0.00309	0.40528
105	0.00637	0.00528	0.00557	0.00550	0.00716	0.00449	0.00412	0.00789	0.01237	0.01526	0.18035	0.04815	0.65405	0.01274	0.00615	0.00174	0.00261	0.01072	0.00499	0.00449
106	0.02033	0.01373	0.01510	0.01157	0.01572	0.01487	0.00956	0.65575	0.02305	0.14624	0.01371	0.01329	0.00946	0.00628	0.00521	0.00157	0.00554	0.00477	0.00540	0.00886
107	0.00634	0.00453	0.00604	0.00725	0.00755	0.00423	0.00483	0.00725	0.00997	0.01329	0.02870	0.81358	0.03444	0.01632	0.00665	0.00211	0.00302	0.01480	0.00483	0.00423
108	0.00744	0.00558	0.00837	0.00837	0.00930	0.00651	0.00651	0.00930	0.00837	0.01209	0.01395	0.02046	0.01302	0.03906	0.79635	0.00837	0.01395	0.00558	0.00279	0.00465
109	0.01295	0.01119	0.01178	0.01060	0.01354	0.01295	0.00824	0.02767	0.77509	0.02178	0.02120	0.01943	0.01590	0.00707	0.00530	0.00177	0.00412	0.00589	0.00530	0.00824
110	0.00839	0.00599	0.00839	0.00959	0.01079	0.00599	0.00839	0.01079	0.01199	0.01558	0.02757	0.05874	0.02997	0.01439	0.00719	0.00240	0.00480	0.74945	0.00480	0.00480
111	0.01295	0.01119	0.01178	0.01060	0.01354	0.01295	0.00824	0.02767	0.77509	0.02178	0.02120	0.01943	0.01590	0.00707	0.00530	0.00177	0.00412	0.00589	0.00530	0.00824
112	0.01289	0.01237	0.02114	0.03196	0.78450	0.01237	0.01598	0.01598	0.01186	0.01701	0.00980	0.01289	0.00825	0.00464	0.00516	0.00155	0.00619	0.00464	0.00258	0.00825
113	0.01980	0.01459	0.01563	0.01198	0.01615	0.01615	0.00990	0.76713	0.02448	0.03282	0.01250	0.01250	0.00886	0.00625	0.00521	0.00156	0.00573	0.00469	0.00521	0.00886
114	0.01700	0.01320	0.01406	0.01142	0.01508	0.01484	0.00922	0.46525	0.33091	0.02831	0.01605	0.01533	0.01173	0.00658	0.00525	0.00165	0.00507	0.00518	0.00525	0.00861
115	0.01211	0.01031	0.01105	0.00999	0.01268	0.01175	0.00774	0.02499	0.66091	0.02165	0.13540	0.02235	0.02089	0.00760	0.00543	0.00175	0.00387	0.00642	0.00536	0.00774
116	0.00615	0.00528	0.00528	0.00528	0.00703	0.00440	0.00396	0.00747	0.01187	0.01407	0.05276	0.05012	0.78238	0.01319	0.00615	0.00176	0.00264	0.01099	0.00484	0.00440
117	0.00719	0.00532	0.00671	0.00636	0.00767	0.00484	0.00477	0.00947	0.01431	0.01986	0.67228	0.04058	0.15924	0.01103	0.00614	0.00166	0.00248	0.00965	0.00560	0.00484
118	0.00757	0.00505	0.00568	0.00568	0.00568	0.00505	0.00316	0.00757	0.00757	0.01010	0.01641	0.03408	0.01893	0.81698	0.02651	0.00505	0.00505	0.00757	0.00316	0.00316
119	0.00615	0.00528	0.00528	0.00528	0.00703	0.00440	0.00396	0.00747	0.01187	0.01407	0.05276	0.05012	0.78238	0.01319	0.00615	0.00176	0.00264	0.01099	0.00484	0.00440
120	0.00836	0.00604	0.00748	0.00796	0.00884	0.00602	0.00559	0.12136	0.01215	0.01623	0.02627	0.69329	0.03060	0.01480	0.00643	0.00203	0.00343	0.01329	0.00489	0.00492
121	0.00650	0.00497	0.00563	0.00605	0.00695	0.00447	0.00411	0.00741	0.01035	0.01301	0.03712	0.31566	0.36862	0.17277	0.01034	0.00253	0.00325	0.01166	0.00450	0.00409
122	0.00757	0.00505	0.00568	0.00568	0.00568	0.00505	0.00316	0.00757	0.00757	0.01010	0.01641	0.03408	0.01893	0.81698	0.02651	0.00505	0.00505	0.00757	0.00316	0.00316
123	0.02336	0.00886	0.01209	0.00927	0.01329	0.00765	0.00765	0.02538	0.01491	0.78810	0.02055	0.01773	0.01289	0.00645	0.00524	0.00161	0.00443	0.00524	0.00645	0.00886
124	0.00627	0.00527	0.00536	0.00535	0.00701	0.00445	0.00396	0.00758	0.01181	0.01419	0.08245	0.04897	0.71904	0.04672	0.00701	0.00189	0.00273	0.01078	0.00480	0.00437
125	0.01042	0.00577	0.00774	0.00796	0.00932	0.00530	0.00599	0.01189	0.01163	0.18301	0.05577	0.45666	0.06086	0.01351	0.00639	0.00202	0.00358	0.13161	0.00521	0.00536
126	0.00665	0.00466	0.00595	0.00686	0.00709	0.00443	0.00442	0.00733	0.00938	0.01250	0.02565	0.62017	0.03059	0.21498	0.01157	0.00284	0.00352	0.01301	0.00442	0.00396
127	0.51003	0.01054	0.01233	0.13310	0.21381	0.01184	0.00963	0.01518	0.00987	0.02022	0.00821	0.01042	0.00651	0.00484	0.00402	0.00161	0.00502	0.00356	0.00292	0.00633
128	0.00634	0.00453	0.00604	0.00725	0.00755	0.00423	0.00483	0.00725	0.00997	0.01329	0.02870	0.81358	0.03444	0.01632	0.00665	0.00211	0.00302	0.01480	0.00483	0.00423
129	0.01045	0.02694	0.79000	0.01484	0.02254	0.01209	0.01924	0.01649	0.01099	0.01649	0.00935	0.01099	0.00660	0.00495	0.00495	0.00165	0.00770	0.00385	0.00220	0.00770
130	0.01237	0.01184	0.02019	0.16407	0.65647	0.01224	0.01572	0.01552	0.01161	0.01638	0.00970	0.01306	0.00803	0.00474	0.00516	0.00158	0.00632	0.00464	0.00253	0.00783
131	0.01289	0.01237	0.02114	0.03196	0.78450	0.01237	0.01598	0.01598	0.01186	0.01701	0.00980	0.01289	0.00825	0.00464	0.00516	0.00155	0.00619	0.00464	0.00258	0.00825
132	0.01979	0.01486	0.01561	0.01202	0.01615	0.03707	0.00990	0.74711	0.02422	0.03228	0.01238	0.01242	0.00880	0.00623	0.00520	0.00156	0.00583	0.00465	0.00514	0.00878
133	0.00932	0.00482	0.00686	0.00680	0.00700	0.00485	0.00461	0.02758	0.00763	0.01053	0.01018	0.03501	0.00996	0.01686	0.01841	0.74451	0.00437	0.00480	0.06323	0.00267
134	0.01585	0.01160	0.01284	0.01037	0.01334	0.01281	0.00824	0.52353	0.01918	0.02583	0.01338	0.01737	0.01120	0.14884	0.12853	0.00318	0.00686	0.00531	0.00449	0.00725
135	0.00634	0.00453	0.00604	0.00725	0.00755	0.00423	0.00483	0.00725	0.00997	0.01329	0.02870	0.81358	0.03444	0.01632	0.00665	0.00211	0.00302	0.01480	0.00483	0.00423
136	0.14331	0.00648	0.00749	0.00701	0.00886	0.00627	0.00540	0.01221	0.01263	0.12326	0.32633	0.12182	0.12403	0.02985	0.00616	0.00182	0.00323	0.04335	0.00511	0.00538
137	0.01394	0.00793	0.00959	0.00834	0.01040	0.00786	0.00626	0.16617	0.01396	0.21698	0.07513	0.15420	0.02046	0.22627	0.01131	0.00264	0.00450	0.03300	0.00494	0.00614
138	0.00615	0.00528	0.00528	0.00528	0.00703	0.00440	0.00396	0.00747	0.01187	0.01407	0.05276	0.05012	0.78238	0.01319	0.00615	0.00176	0.00264	0.01099	0.00484	0.00440
139	0.00737	0.00532	0.00696	0.00655	0.00778	0.00491	0.00491	0.00983	0.01474	0.02088	0.78175	0.03890	0.04914	0.01065	0.00614	0.00164	0.00246	0.00942	0.00573	0.00491
140	0.43070	0.00811	0.00760	0.00687	0.00926	0.00877	0.00545	0.04665	0.01208	0.02227	0.31833	0.02314	0.06757	0.00769	0.00464	0.00163	0.00340	0.00600	0.00440	0.00542
141	0.00710	0.00507	0.00691	0.00812	0.00875	0.00488	0.00615	0.00856	0.01072	0.01414	0.02828	0.53352	0.03278	0.01560	0.00685	0.00222	0.00368	0.28738	0.00482	0.00444
142	0.00615	0.00528	0.00528	0.00528	0.00703	0.00440	0.00396	0.00747	0.01187	0.01407	0.05276	0.05012	0.78238	0.01319	0.00615	0.00176	0.00264	0.01099	0.00484	0.00440
143	0.27867	0.01156	0.01202	0.00957	0.01329	0.01245	0.00788	0.34136	0.01715	0.19326	0.04481	0.01349	0.01042	0.00604	0.00464	0.00159	0.00478	0.00443	0.00488	0.00770
144	0.20058	0.00900	0.00935	0.00860	0.01102	0.00981	0.00667	0.10209	0.21400	0.06039	0.03987	0.20521	0.06707	0.00926	0.00526	0.00179	0.00392	0.02495	0.00474	0.00641
145	0.85377	0.01007	0.00765	0.00685	0.01007	0.01168	0.00564	0.01531	0.00886	0.02336	0.00725	0.00846	0.00564	0.00483	0.00322	0.00161	0.00403	0.00282	0.00322	0.00564
146	0.00634	0.00453	0.00604	0.00725	0.00755	0.00423	0.00483	0.00725	0.00997	0.01329	0.02870	0.81358	0.03444	0.01632	0.00665	0.00211	0.00302	0.01480	0.00483	0.00423
147	0.00758	0.00506	0.00587	0.00587	0.00614	0.00498	0.00356	0.00815	0.00905	0.01250	0.14502	0.07392	0.02451	0.60325	0.02101	0.00415	0.00439	0.00812	0.04328	0.00358
148	0.00797	0.00569	0.00791	0.00911	0.01012	0.00563	0.00765	0.01006	0.01157	0.01511	0.02781	0.21513	0.03090	0.01479	0.00708	0.00234	0.00443	0.59725	0.00480	0.00468
149	0.00757	0.00505	0.00568	0.00568	0.00568	0.00505	0.00316	0.00757	0.00757	0.01010	0.01641	0.03408	0.01893	0.81698	0.02651	0.00505	0.00505	0.00757	0.00316	0.00316
150	0.01295	0.01119	0.01178	0.01060	0.01354	0.01295	0.00824	0.02767	0.77509	0.02178	0.02120	0.01943	0.01590	0.00707	0.00530	0.00177	0.00412	0.00589	0.00530	0.00824
151	0.00745	0.00556	0.00825	0.00825	0.00914	0.00645	0.00637	0.00923	0.00834	0.01200	0.01405	0.02104	0.01327	0.07237	0.76338	0.00823	0.01357	0.00566	0.00281	0.00459
152	0.01259	0.01416	0.11552	0.02986	0.69096	0.01234	0.01638	0.01604	0.01175	0.01695	0.00974	0.01266	0.00805	0.00468	0.00513	0.00156	0.00637	0.00454	0.00253	0.00818
153	0.01988	0.01445	0.01555	0.01192	0.01608	0.01595	0.00985	0.74966	0.02426	0.05061	0.01269	0.01263	0.00895	0.00626	0.00521	0.00156	0.00570	0.00470	0.00524	0.00886
154	0.01440	0.01098	0.01191	0.01047	0.01357	0.01238	0.00821	0.04532	0.66357	0.11612	0.02091	0.01905	0.01536	0.00697	0.00529	0.00174	0.00420	0.00578	0.00544	0.00833
155	0.01210	0.09778	0.16111	0.01917	0.04259	0.01388	0.49817	0.01628	0.01164	0.01597	0.00977	0.01276	0.00750	0.00477	0.00625	0.00170	0.05374	0.00528	0.00250	0.00706
156	0.00757	0.00505	0.00568	0.00568	0.00568	0.00505	0.00316	0.00757	0.00757	0.01010	0.01641	0.03408	0.01893	0.81698	0.02651	0.00505	0.00505	0.00757	0.00316	0.00316
157	0.01666	0.33408	0.01997	0.01245	0.04708	0.42538	0.00992	0.01819	0.01270	0.01272	0.00775	0.00922	0.00677	0.00515	0.00475	0.00130	0.04383	0.00324	0.00248	0.00637
158	0.01767	0.00883	0.01108	0.00938	0.01249	0.00858	0.00749	0.05351	0.18126	0.43566	0.02191	0.13932	0.01742	0.00843	0.00555	0.00176	0.00422	0.04177	0.00582	0.00784
159	0.00661	0.00489	0.00662	0.02616	0.00844	0.00482	0.00530	0.00758	0.00991	0.01327	0.02746	0.76595	0.03280	0.01580	0.00699	0.00211	0.03209	0.01420	0.00468	0.00432
160	0.85377	0.01007	0.00765	0.00685	0.01007	0.01168	0.00564	0.01531	0.00886	0.02336	0.00725	0.00846	0.00564	0.00483	0.00322	0.00161	0.00403	0.00282	0.00322	0.00564
161	0.00757	0.00505	0.00568	0.00568	0.00568	0.00505	0.00316	0.00757	0.00757	0.01010	0.01641	0.03408	0.01893	0.81698	0.02651	0.00505	0.00505	0.00757	0.00316	0.00316
162	0.01044	0.00786	0.00837	0.00742	0.00935	0.00800	0.00551	0.20460	0.04983	0.01838	0.03006	0.06095	0.31038	0.21266	0.01093	0.00253	0.00412	0.00825	0.02493	0.00542
163	0.00739	0.00497	0.00573	0.00592	0.00596	0.00493	0.00341	0.00752	0.00793	0.01058	0.01825	0.15113	0.02126	0.69675	0.02352	0.00461	0.00474	0.00866	0.00341	0.00332
164	0.00626	0.00485	0.00572	0.00642	0.00733	0.00430	0.00446	0.00735	0.01077	0.01362	0.03885	0.49140	0.35008	0.01500	0.00644	0.00196	0.00286	0.01320	0.00483	0.00430
165	0.00633	0.00459	0.00599	0.00711	0.00752	0.00424	0.00477	0.00727	0.01011	0.01335	0.03042	0.75914	0.08778	0.01609	0.00661	0.00209	0.00299	0.01453	0.00483	0.00424
166	0.00720	0.00504	0.00575	0.00587	0.00626	0.00484	0.00361	0.00768	0.00901	0.01184	0.07699	0.13251	0.13759	0.54151	0.01959	0.00396	0.00426	0.00910	0.00379	0.00360
167	0.02336	0.00886	0.01209	0.00927	0.01329	0.00765	0.00765	0.02538	0.01491	0.78810	0.02055	0.01773	0.01289	0.00645	0.00524	0.00161	0.00443	0.00524	0.00645	0.00886
168	0.01980	0.01459	0.01563	0.01198	0.01615	0.01615	0.00990	0.76713	0.02448	0.03282	0.01250	0.01250	0.00886	0.00625	0.00521	0.00156	0.00573	0.00469	0.00521	0.00886
169	0.00651	0.00466	0.00601	0.00696	0.00734	0.00435	0.00462	0.00741	0.01001	0.01331	0.06076	0.66086	0.06856	0.10187	0.00873	0.00239	0.00320	0.01362	0.00469	0.00415
170	0.01856	0.01354	0.01447	0.01127	0.01511	0.01497	0.00925	0.66371	0.05853	0.03108	0.01332	0.01346	0.00960	0.00627	0.00507	0.00154	0.00535	0.00476	0.08168	0.00846
171	0.07822	0.01427	0.01507	0.01162	0.01572	0.01584	0.00960	0.71447	0.02339	0.03216	0.01214	0.01222	0.00863	0.00615	0.00507	0.00157	0.00561	0.00456	0.00507	0.00863
172	0.85377	0.01007	0.00765	0.00685	0.01007	0.01168	0.00564	0.01531	0.00886	0.02336	0.00725	0.00846	0.00564	0.00483	0.00322	0.00161	0.00403	0.00282	0.00322	0.00564
173	0.00890	0.00558	0.00668	0.00660	0.00820	0.00487	0.00487	0.01028	0.01195	0.13060	0.09878	0.28631	0.37097	0.01296	0.00617	0.00184	0.00301	0.01121	0.00515	0.00506
174	0.00983	0.00926	0.01562	0.80447	0.03587	0.01157	0.01446	0.01331	0.01041	0.01331	0.00926	0.01388	0.00694	0.00521	0.00521	0.00174	0.00694	0.00463	0.00231	0.00579
175	0.00905	0.00452	0.00678	0.00678	0.00678	0.00452	0.00452	0.00678	0.00678	0.00905	0.00905	0.01583	0.00905	0.01809	0.02035	0.84848	0.00452	0.00452	0.00226	0.00226
176	0.01691	0.01315	0.01400	0.01140	0.01505	0.01480	0.00920	0.45473	0.34160	0.02816	0.01618	0.01543	0.01183	0.00660	0.00525	0.00165	0.00505	0.00520	0.00525	0.00860
177	0.00736	0.00491	0.00573	0.00604	0.00618	0.00483	0.00361	0.00771	0.00834	0.01135	0.01958	0.23264	0.02263	0.57421	0.02036	0.00412	0.00441	0.00929	0.04319	0.00351
178	0.02336	0.00886	0.01209	0.00927	0.01329	0.00765	0.00765	0.02538	0.01491	0.78810	0.02055	0.01773	0.01289	0.00645	0.00524	0.00161	0.00443	0.00524	0.00645	0.00886
179	0.01229	0.01405	0.03073	0.02195	0.02722	0.01317	0.76558	0.01668	0.01229	0.01668	0.01054	0.01405	0.00790	0.00439	0.00615	0.00176	0.00878	0.00615	0.00263	0.00702
180	0.00715	0.00498	0.00595	0.00639	0.00671	0.00482	0.00409	0.00769	0.00895	0.01176	0.02379	0.27088	0.08546	0.45623	0.01757	0.00372	0.00423	0.06204	0.00391	0.00369
181	0.00637	0.00514	0.00567	0.00585	0.00725	0.00444	0.00427	0.00778	0.01192	0.01492	0.15567	0.19761	0.52803	0.01342	0.00625	0.00181	0.00269	0.01150	0.00497	0.00444
182	0.00839	0.00599	0.00839	0.00959	0.01079	0.00599	0.00839	0.01079	0.01199	0.01558	0.02757	0.05874	0.02997	0.01439	0.00719	0.00240	0.00480	0.74945	0.00480	0.00480
183	0.01229	0.01405	0.03073	0.02195	0.02722	0.01317	0.76558	0.01668	0.01229	0.01668	0.01054	0.01405	0.00790	0.00439	0.00615	0.00176	0.00878	0.00615	0.00263	0.00702
184	0.01289	0.01237	0.02114	0.03196	0.78450	0.01237	0.01598	0.01598	0.01186	0.01701	0.00980	0.01289	0.00825	0.00464	0.00516	0.00155	0.00619	0.00464	0.00258	0.00825
185	0.01928	0.01421	0.01532	0.01183	0.01586	0.01575	0.00976	0.73542	0.02381	0.03195	0.01256	0.01284	0.00903	0.00762	0.03832	0.00185	0.00607	0.00473	0.00511	0.00868
186	0.01289	0.01237	0.02114	0.03196	0.78450	0.01237	0.01598	0.01598	0.01186	0.01701	0.00980	0.01289	0.00825	0.00464	0.00516	0.00155	0.00619	0.00464	0.00258	0.00825
187	0.00634	0.00453	0.00604	0.00725	0.00755	0.00423	0.00483	0.00725	0.00997	0.01329	0.02870	0.81358	0.03444	0.01632	0.00665	0.00211	0.00302	0.01480	0.00483	0.00423
188	0.85377	0.01007	0.00765	0.00685	0.01007	0.01168	0.00564	0.01531	0.00886	0.02336	0.00725	0.00846	0.00564	0.00483	0.00322	0.00161	0.00403	0.00282	0.00322	0.00564
189	0.00634	0.00453	0.00604	0.00725	0.00755	0.00423	0.00483	0.00725	0.00997	0.01329	0.02870	0.81358	0.03444	0.01632	0.00665	0.00211	0.00302	0.01480	0.00483	0.00423
190	0.01150	0.04524	0.01643	0.01347	0.01366	0.01615	0.01129	0.01266	0.00808	0.01252	0.00685	0.01127	0.00683	0.00892	0.01651	0.00223	0.77390	0.00448	0.00228	0.00574
191	0.01945	0.02482	0.01476	0.01342	0.01610	0.79608	0.01006	0.02079	0.01476	0.01275	0.00805	0.00939	0.00671	0.00537	0.00470	0.00134	0.00939	0.00335	0.00268	0.00604
192	0.01080	0.00926	0.01080	0.00771	0.01234	0.00694	0.00617	0.01311	0.01080	0.01697	0.00926	0.01080	0.00771	0.00386	0.00386	0.00077	0.00386	0.00309	0.00309	0.84882
193	0.00618	0.00528	0.00531	0.00530	0.00705	0.00441	0.00398	0.00752	0.01193	0.01420	0.06677	0.04990	0.76828	0.01314	0.00615	0.00176	0.00263	0.01096	0.00485	0.00441
194	0.01392	0.82012	0.02729	0.00891	0.01337	0.02061	0.00891	0.01559	0.01058	0.01225	0.00724	0.00835	0.00668	0.00446	0.00334	0.00111	0.00557	0.00278	0.00223	0.00668
195	0.00839	0.00599	0.00839	0.00959	0.01079	0.00599	0.00839	0.01079	0.01199	0.01558	0.02757	0.05874	0.02997	0.01439	0.00719	0.00240	0.00480	0.74945	0.00480	0.00480
196	0.00615	0.00528	0.00528	0.00528	0.00703	0.00440	0.00396	0.00747	0.01187	0.01407	0.05276	0.05012	0.78238	0.01319	0.00615	0.00176	0.00264	0.01099	0.00484	0.00440
197	0.00747	0.00545	0.00773	0.00773	0.00844	0.00616	0.00571	0.00889	0.00818	0.01162	0.01453	0.02369	0.01442	0.22343	0.61389	0.00758	0.01184	0.00605	0.00288	0.00430
198	0.00928	0.00825	0.01175	0.01070	0.01115	0.01081	0.00861	0.01071	0.00815	0.01220	0.01077	0.01690	0.01044	0.06176	0.39952	0.00539	0.38077	0.00520	0.00257	0.00506
199	0.00839	0.00599	0.00839	0.00959	0.01079	0.00599	0.00839	0.01079	0.01199	0.01558	0.02757	0.05874	0.02997	0.01439	0.00719	0.00240	0.00480	0.74945	0.00480	0.00480
200	0.01229	0.01405	0.03073	0.02195	0.02722	0.01317	0.76558	0.01668	0.01229	0.01668	0.01054	0.01405	0.00790	0.00439	0.00615	0.00176	0.00878	0.00615	0.00263	0.00702
201	0.01080	0.00926	0.01080	0.00771	0.01234	0.00694	0.00617	0.01311	0.01080	0.01697	0.00926	0.01080	0.00771	0.00386	0.00386	0.00077	0.00386	0.00309	0.00309	0.84882
202	0.00880	0.00468	0.00702	0.00702	0.00716	0.00482	0.00482	0.00716	0.00702	0.00950	0.00978	0.01652	0.00964	0.02124	0.13688	0.72233	0.00594	0.00468	0.00234	0.00262
203	0.00839	0.00599	0.00839	0.00959	0.01079	0.00599	0.00839	0.01079	0.01199	0.01558	0.02757	0.05874	0.02997	0.01439	0.00719	0.00240	0.00480	0.74945	0.00480	0.00480
204	0.00621	0.00516	0.00542	0.00560	0.00713	0.00438	0.00411	0.00748	0.01164	0.01408	0.06247	0.16456	0.65666	0.01361	0.00623	0.00181	0.00269	0.01153	0.00485	0.00438
205	0.01390	0.00675	0.00880	0.00800	0.01011	0.00612	0.00603	0.01589	0.04426	0.34132	0.05246	0.32573	0.07768	0.04896	0.00688	0.00198	0.00371	0.00959	0.00549	0.00634
206	0.01994	0.01308	0.01458	0.01119	0.01532	0.01390	0.00922	0.56175	0.04008	0.18659	0.01421	0.01366	0.00980	0.00620	0.00515	0.00154	0.00534	0.00475	0.00537	0.04832
207	0.00669	0.00490	0.00628	0.00678	0.00758	0.00449	0.00476	0.00820	0.01189	0.01609	0.30024	0.45137	0.12359	0.01394	0.00641	0.00190	0.00278	0.01245	0.00516	0.00449
208	0.00654	0.00467	0.00619	0.00710	0.00756	0.00436	0.00482	0.00769	0.01073	0.01451	0.15488	0.66921	0.03662	0.03010	0.00693	0.00209	0.00296	0.01377	0.00495	0.00432
209	0.01080	0.00926	0.01080	0.00771	0.01234	0.00694	0.00617	0.01311	0.01080	0.01697	0.00926	0.01080	0.00771	0.00386	0.00386	0.00077	0.00386	0.00309	0.00309	0.84882
210	0.00708	0.00484	0.00582	0.00631	0.00643	0.00472	0.00383	0.00744	0.00853	0.01137	0.02131	0.34507	0.02512	0.49755	0.01858	0.00388	0.00424	0.01046	0.00383	0.00358
211	0.01135	0.00755	0.00909	0.00828	0.01034	0.00769	0.00633	0.01729	0.24614	0.13544	0.34298	0.12488	0.03175	0.00962	0.00581	0.00173	0.00333	0.00837	0.00560	0.00644
212	0.00670	0.00520	0.00576	0.00589	0.00731	0.00462	0.00438	0.00821	0.01169	0.01499	0.12407	0.13121	0.49570	0.02696	0.03947	0.00210	0.00323	0.03583	0.06218	0.00447
213	0.42059	0.00877	0.00811	0.00729	0.00984	0.00964	0.00571	0.04048	0.10470	0.04879	0.12889	0.02066	0.08510	0.07402	0.00624	0.00193	0.00384	0.00545	0.00417	0.00576
214	0.00763	0.00593	0.00595	0.00591	0.00655	0.03794	0.00371	0.00809	0.00917	0.01143	0.02690	0.05177	0.24171	0.53381	0.01929	0.00388	0.00449	0.00853	0.00366	0.00366
215	0.01045	0.02694	0.79000	0.01484	0.02254	0.01209	0.01924	0.01649	0.01099	0.01649	0.00935	0.01099	0.00660	0.00495	0.00495	0.00165	0.00770	0.00385	0.00220	0.00770
216	0.64638	0.01063	0.00929	0.00786	0.01130	0.01195	0.00648	0.12920	0.01181	0.10044	0.00935	0.00998	0.00684	0.00521	0.00372	0.00160	0.00432	0.00334	0.00384	0.00644
217	0.09466	0.01228	0.05107	0.14430	0.11600	0.06997	0.05572	0.06630	0.06714	0.10809	0.04802	0.01431	0.01056	0.00548	0.00490	0.00151	0.00571	0.00461	0.00362	0.11576
